%YAML:1.0
---
videoName: "headShake33.mp4"
gestureLabel: 201
fps: 29
pixelSizeInCmTemp: 3.2364864864864862e-01
faceCenterPointX: 244
faceCenterPointY: 84
headPositionsX: [ 244, 243, 244, 246, 245, 244, 246, 246, 246, 245, 244,
    243, 243, 245, 243, 244, 243, 242, 244, 247, 247, 249, 248, 251, 253,
    255, 259, 257, 262, 262, 262, 261, 263, 259, 259, 255, 254, 249, 244,
    239, 235, 235, 231, 231, 227, 229, 225, 229, 230, 234, 235, 238, 242,
    245, 249, 254, 254, 260, 259, 262, 260, 259, 257, 258, 256, 252, 249,
    243, 242, 237, 236, 235, 232, 231, 233, 233, 233, 235, 237, 235, 236,
    237, 241, 244, 246, 243, 243, 249, 247, 249, 249, 244, 246, 246, 247,
    245, 242, 244, 244, 245 ]
headPositionsY: [ 84, 84, 81, 82, 81, 82, 81, 81, 84, 80, 84, 81, 85, 83,
    85, 81, 84, 83, 85, 80, 85, 85, 85, 81, 81, 81, 80, 79, 83, 81, 79,
    83, 82, 84, 79, 83, 83, 81, 82, 82, 83, 83, 82, 81, 81, 84, 80, 84,
    84, 85, 82, 84, 84, 85, 81, 84, 80, 81, 81, 78, 82, 83, 80, 80, 83,
    85, 82, 83, 82, 82, 81, 82, 80, 80, 82, 82, 81, 85, 84, 83, 84, 85,
    85, 84, 83, 83, 82, 81, 84, 85, 82, 84, 84, 84, 85, 86, 81, 81, 81,
    85 ]
