%YAML:1.0
---
videoName: "headShake3.mp4"
gestureLabel: 201
fps: 30
pixelSizeInCmTemp: 3.3263888888888887e-01
faceCenterPointX: 240
faceCenterPointY: 101
headPositionsX: [ 241, 244, 239, 241, 244, 240, 240, 239, 243, 240, 243,
    239, 243, 240, 240, 241, 244, 244, 241, 240, 239, 241, 240, 239, 243,
    241, 243, 240, 240, 238, 237, 238, 239, 241, 246, 250, 254, 254, 256,
    259, 253, 253, 249, 241, 239, 233, 232, 230, 230, 233, 231, 239, 244,
    250, 249, 249, 248, 246, 241, 237, 235, 227, 224, 225, 224, 226, 233,
    232, 241, 245, 247, 248, 246, 245, 245, 240, 238, 238, 235, 235, 233,
    230, 234, 232, 236, 235, 234, 239, 237, 239, 239, 242, 241, 239, 239,
    240, 242, 239, 242, 239 ]
headPositionsY: [ 101, 100, 97, 101, 98, 100, 97, 96, 97, 99, 101, 96,
    97, 96, 100, 99, 101, 98, 99, 97, 101, 97, 98, 101, 101, 99, 98, 98,
    100, 97, 97, 97, 100, 101, 97, 99, 98, 94, 99, 99, 99, 99, 98, 99,
    98, 98, 98, 100, 100, 101, 97, 98, 99, 100, 97, 101, 100, 97, 97,
    101, 100, 99, 98, 98, 99, 97, 98, 98, 101, 99, 100, 99, 99, 98, 99,
    100, 101, 98, 98, 99, 98, 99, 101, 98, 99, 102, 98, 102, 101, 98,
    103, 98, 101, 102, 101, 100, 103, 100, 101, 99 ]
