%YAML:1.0
---
videoName: "headShake11.mp4"
gestureLabel: 201
fps: 29
pixelSizeInCmTemp: 3.2364864864864862e-01
faceCenterPointX: 244
faceCenterPointY: 76
headPositionsX: [ 245, 241, 240, 240, 244, 241, 244, 244, 243, 243, 244,
    243, 244, 242, 239, 241, 244, 243, 241, 243, 244, 241, 240, 243, 242,
    242, 242, 244, 249, 251, 256, 258, 259, 263, 259, 263, 259, 258, 255,
    248, 242, 240, 232, 230, 226, 224, 228, 230, 236, 242, 244, 251, 255,
    260, 258, 259, 255, 255, 248, 246, 238, 236, 232, 232, 232, 233, 233,
    240, 243, 246, 252, 257, 256, 259, 258, 257, 253, 249, 244, 238, 240,
    237, 234, 237, 234, 239, 239, 244, 242, 244, 248, 247, 246, 245, 248,
    244, 246, 244, 243, 243 ]
headPositionsY: [ 74, 74, 70, 71, 73, 70, 75, 73, 75, 75, 74, 73, 71, 74,
    72, 75, 73, 75, 71, 74, 73, 73, 71, 74, 73, 71, 74, 73, 74, 71, 73,
    74, 69, 71, 73, 71, 73, 71, 73, 75, 72, 72, 73, 75, 74, 76, 72, 74,
    77, 76, 75, 74, 73, 71, 73, 74, 72, 75, 73, 78, 77, 75, 75, 74, 76,
    77, 74, 73, 73, 75, 75, 75, 72, 74, 73, 71, 74, 74, 75, 76, 74, 72,
    74, 73, 72, 73, 76, 73, 73, 75, 76, 73, 72, 74, 74, 77, 73, 74, 76,
    73 ]
