%YAML:1.0
---
videoName: "headShake8.mp4"
gestureLabel: 201
fps: 29
pixelSizeInCmTemp: 3.2364864864864862e-01
faceCenterPointX: 243
faceCenterPointY: 72
headPositionsX: [ 242, 244, 244, 246, 244, 245, 245, 245, 244, 242, 245,
    242, 242, 243, 242, 242, 245, 245, 243, 243, 246, 246, 244, 242, 241,
    245, 241, 245, 244, 244, 244, 245, 245, 244, 244, 248, 252, 258, 263,
    266, 264, 266, 262, 261, 256, 252, 248, 238, 235, 235, 232, 231, 234,
    239, 244, 249, 253, 260, 258, 259, 260, 253, 249, 244, 244, 236, 233,
    233, 234, 236, 236, 235, 240, 242, 243, 244, 248, 245, 251, 248, 252,
    249, 252, 252, 248, 249, 248, 245, 245, 247, 246, 244, 246, 245, 241,
    244, 244, 244, 241, 241 ]
headPositionsY: [ 74, 69, 74, 70, 71, 74, 71, 74, 71, 74, 72, 71, 70, 72,
    71, 73, 71, 71, 69, 71, 71, 74, 73, 72, 72, 72, 69, 70, 74, 70, 71,
    70, 69, 70, 70, 70, 71, 68, 71, 70, 71, 69, 69, 71, 69, 71, 74, 73,
    73, 73, 73, 73, 72, 71, 72, 69, 69, 68, 69, 70, 70, 70, 70, 70, 73,
    72, 71, 69, 70, 72, 74, 72, 74, 72, 74, 73, 75, 72, 69, 70, 70, 72,
    70, 72, 72, 73, 69, 73, 69, 70, 71, 70, 71, 72, 73, 69, 73, 74, 72,
    72 ]
