%YAML:1.0
---
videoName: "headShake19.mp4"
gestureLabel: 201
fps: 29
pixelSizeInCmTemp: 3.1933333333333330e-01
faceCenterPointX: 243
faceCenterPointY: 78
headPositionsX: [ 243, 242, 242, 245, 245, 241, 242, 244, 241, 241, 245,
    246, 243, 243, 242, 243, 243, 245, 241, 241, 243, 240, 243, 242, 244,
    243, 242, 244, 242, 245, 241, 241, 244, 240, 240, 241, 240, 238, 236,
    235, 234, 235, 239, 245, 246, 253, 254, 255, 255, 255, 247, 246, 236,
    232, 233, 232, 233, 235, 238, 243, 247, 249, 250, 247, 248, 244, 240,
    238, 236, 238, 234, 239, 239, 241, 240, 244, 246, 248, 247, 243, 246,
    245, 244, 240, 240, 241, 238, 240, 238, 240, 242, 241, 240, 243, 243,
    244, 246, 245, 242, 245 ]
headPositionsY: [ 76, 78, 75, 75, 78, 75, 75, 77, 75, 77, 79, 78, 75, 78,
    79, 74, 78, 75, 76, 79, 74, 75, 78, 77, 79, 79, 78, 74, 79, 77, 78,
    79, 76, 79, 75, 74, 76, 75, 76, 79, 79, 74, 78, 77, 79, 78, 76, 77,
    78, 77, 76, 77, 75, 74, 74, 78, 75, 76, 75, 75, 75, 77, 75, 78, 76,
    77, 79, 76, 78, 77, 76, 77, 78, 79, 79, 76, 77, 77, 75, 76, 77, 79,
    74, 78, 76, 76, 79, 79, 78, 78, 80, 79, 77, 77, 79, 77, 79, 79, 78,
    79 ]
