%YAML:1.0
---
videoName: "headShake40.mp4"
gestureLabel: 201
fps: 29
pixelSizeInCmTemp: 3.2808219178082193e-01
faceCenterPointX: 261
faceCenterPointY: 86
headPositionsX: [ 263, 261, 260, 261, 260, 259, 261, 262, 261, 260, 259,
    263, 263, 258, 263, 262, 258, 263, 262, 259, 260, 262, 259, 262, 259,
    260, 261, 260, 259, 259, 256, 256, 256, 251, 255, 252, 254, 261, 267,
    269, 271, 277, 278, 278, 276, 276, 272, 264, 261, 252, 249, 249, 245,
    248, 249, 251, 256, 259, 266, 267, 270, 271, 267, 267, 266, 262, 260,
    257, 256, 256, 259, 256, 257, 262, 261, 264, 264, 266, 264, 264, 265,
    263, 261, 261, 259, 261, 256, 259, 259, 260, 258, 260, 258, 257, 259,
    259, 260, 261, 260, 263 ]
headPositionsY: [ 88, 82, 81, 84, 85, 82, 82, 85, 83, 85, 85, 82, 83, 84,
    85, 82, 84, 82, 84, 83, 82, 83, 82, 83, 82, 84, 84, 85, 83, 84, 82,
    85, 85, 82, 82, 85, 84, 86, 86, 83, 83, 81, 80, 82, 81, 79, 84, 83,
    82, 84, 81, 81, 83, 81, 82, 85, 85, 86, 84, 83, 85, 85, 83, 82, 86,
    81, 81, 83, 81, 83, 84, 82, 82, 83, 82, 84, 83, 83, 81, 85, 81, 85,
    84, 85, 85, 86, 86, 84, 86, 82, 87, 85, 86, 84, 85, 86, 86, 85, 85,
    87 ]
