%YAML:1.0
---
videoName: "headShake16.mp4"
gestureLabel: 201
fps: 29
pixelSizeInCmTemp: 3.2364864864864862e-01
faceCenterPointX: 242
faceCenterPointY: 77
headPositionsX: [ 240, 242, 244, 246, 243, 242, 242, 244, 242, 244, 243,
    241, 241, 246, 244, 243, 243, 246, 244, 246, 245, 241, 243, 245, 242,
    245, 244, 245, 241, 244, 243, 245, 243, 244, 239, 241, 243, 245, 245,
    246, 253, 255, 254, 253, 255, 251, 248, 243, 243, 238, 236, 234, 237,
    239, 238, 242, 242, 248, 251, 249, 251, 247, 249, 244, 239, 241, 234,
    234, 235, 235, 236, 235, 237, 242, 241, 242, 243, 247, 244, 243, 245,
    243, 238, 240, 238, 237, 237, 241, 242, 240, 242, 240, 242, 244, 241,
    241, 244, 241, 241, 245 ]
headPositionsY: [ 76, 77, 76, 77, 74, 78, 75, 78, 73, 76, 78, 76, 78, 75,
    78, 76, 74, 78, 75, 76, 74, 75, 74, 77, 75, 76, 75, 75, 77, 75, 77,
    74, 77, 77, 73, 78, 77, 75, 78, 76, 74, 76, 76, 77, 76, 77, 74, 78,
    75, 78, 76, 78, 75, 75, 76, 75, 78, 75, 77, 79, 77, 76, 76, 75, 78,
    75, 77, 74, 74, 75, 75, 75, 74, 78, 75, 76, 75, 75, 75, 75, 78, 75,
    75, 79, 79, 74, 75, 78, 79, 77, 75, 78, 76, 76, 79, 75, 78, 77, 74,
    78 ]
