%YAML:1.0
---
videoName: "headShake31.mp4"
gestureLabel: 201
fps: 29
pixelSizeInCmTemp: 3.2808219178082193e-01
faceCenterPointX: 236
faceCenterPointY: 68
headPositionsX: [ 235, 237, 238, 239, 236, 236, 239, 236, 237, 239, 239,
    238, 237, 239, 237, 236, 239, 238, 236, 237, 234, 239, 235, 239, 238,
    235, 237, 238, 236, 236, 235, 237, 236, 239, 235, 237, 234, 239, 239,
    245, 249, 250, 254, 252, 250, 252, 245, 241, 231, 223, 222, 223, 221,
    225, 226, 233, 237, 246, 248, 248, 245, 244, 241, 239, 234, 232, 227,
    230, 231, 231, 232, 236, 238, 239, 240, 243, 244, 244, 239, 237, 239,
    234, 237, 235, 234, 235, 233, 234, 234, 233, 232, 234, 236, 234, 236,
    234, 237, 237, 238, 233 ]
headPositionsY: [ 68, 64, 67, 69, 69, 68, 68, 70, 67, 69, 67, 65, 66, 65,
    69, 68, 67, 68, 69, 67, 68, 69, 65, 66, 65, 65, 66, 68, 65, 66, 67,
    66, 66, 69, 70, 68, 68, 67, 68, 66, 68, 64, 64, 64, 68, 68, 67, 66,
    68, 65, 69, 68, 65, 70, 70, 69, 69, 71, 69, 70, 71, 67, 69, 68, 68,
    71, 67, 71, 70, 69, 68, 69, 68, 67, 69, 68, 69, 69, 68, 71, 71, 70,
    70, 69, 68, 68, 69, 68, 70, 71, 70, 67, 68, 70, 70, 68, 68, 68, 69,
    69 ]
