%YAML:1.0
---
videoName: "headShake47.mp4"
gestureLabel: 201
fps: 29
pixelSizeInCmTemp: 3.2364864864864862e-01
faceCenterPointX: 258
faceCenterPointY: 86
headPositionsX: [ 257, 259, 260, 262, 258, 259, 260, 260, 258, 259, 261,
    259, 257, 262, 260, 258, 262, 259, 260, 263, 259, 259, 258, 262, 259,
    259, 260, 262, 260, 263, 261, 263, 261, 257, 255, 257, 254, 254, 251,
    250, 247, 248, 250, 255, 263, 266, 269, 266, 264, 266, 260, 257, 251,
    254, 256, 259, 264, 262, 265, 262, 260, 257, 254, 251, 250, 252, 257,
    259, 264, 261, 261, 261, 257, 253, 253, 256, 255, 261, 264, 264, 261,
    263, 257, 258, 254, 255, 255, 254, 258, 255, 258, 255, 256, 259, 258,
    259, 256, 260, 256, 256 ]
headPositionsY: [ 87, 86, 84, 85, 84, 83, 85, 85, 85, 87, 87, 84, 83, 85,
    86, 83, 83, 86, 84, 86, 85, 83, 84, 84, 84, 85, 84, 86, 84, 83, 85,
    86, 87, 85, 87, 88, 86, 84, 86, 86, 86, 88, 89, 86, 89, 90, 86, 90,
    90, 87, 89, 89, 90, 86, 91, 87, 89, 89, 90, 88, 86, 86, 85, 88, 85,
    87, 87, 87, 85, 88, 88, 89, 89, 85, 88, 89, 88, 84, 86, 86, 88, 89,
    89, 85, 89, 85, 84, 88, 88, 84, 88, 85, 87, 89, 85, 85, 86, 85, 84,
    86 ]
