%YAML:1.0
---
videoName: "headShake18.mp4"
gestureLabel: 201
fps: 30
pixelSizeInCmTemp: 3.2808219178082193e-01
faceCenterPointX: 240
faceCenterPointY: 77
headPositionsX: [ 238, 243, 240, 240, 244, 243, 243, 240, 241, 240, 240,
    238, 242, 240, 243, 242, 242, 243, 241, 239, 242, 239, 241, 239, 241,
    239, 241, 238, 238, 240, 242, 237, 237, 237, 239, 240, 243, 245, 248,
    250, 253, 254, 248, 251, 249, 241, 239, 235, 232, 231, 230, 233, 236,
    241, 241, 248, 249, 250, 250, 246, 246, 238, 239, 235, 234, 235, 236,
    237, 240, 240, 241, 244, 245, 245, 244, 240, 240, 236, 235, 237, 235,
    235, 236, 240, 238, 240, 240, 243, 240, 242, 241, 241, 242, 239, 238,
    238, 242, 242, 240, 243 ]
headPositionsY: [ 79, 76, 78, 74, 75, 74, 77, 76, 75, 78, 74, 74, 74, 74,
    74, 77, 76, 75, 76, 74, 77, 79, 76, 75, 77, 75, 76, 77, 74, 77, 77,
    74, 78, 76, 76, 74, 75, 75, 75, 74, 76, 76, 73, 75, 78, 78, 78, 77,
    75, 75, 75, 77, 75, 76, 78, 79, 75, 78, 74, 76, 75, 78, 76, 79, 79,
    77, 77, 78, 76, 79, 79, 76, 77, 77, 80, 77, 75, 79, 77, 74, 76, 77,
    76, 76, 77, 79, 76, 76, 79, 76, 79, 76, 78, 77, 78, 76, 77, 79, 76,
    78 ]
