%YAML:1.0
---
videoName: "headShake12.mp4"
gestureLabel: 201
fps: 29
pixelSizeInCmTemp: 3.2808219178082193e-01
faceCenterPointX: 241
faceCenterPointY: 76
headPositionsX: [ 242, 241, 240, 243, 241, 241, 242, 241, 240, 241, 242,
    242, 242, 242, 243, 241, 242, 240, 243, 240, 243, 244, 240, 241, 243,
    244, 240, 242, 240, 241, 244, 242, 243, 241, 239, 244, 242, 243, 242,
    239, 241, 242, 243, 240, 244, 242, 243, 240, 240, 240, 242, 241, 242,
    241, 243, 240, 241, 241, 241, 247, 247, 250, 253, 258, 257, 261, 259,
    250, 246, 242, 236, 234, 229, 232, 238, 239, 248, 250, 252, 252, 250,
    249, 249, 246, 239, 238, 235, 239, 234, 238, 237, 239, 237, 240, 241,
    238, 239, 241, 239, 238 ]
headPositionsY: [ 76, 70, 73, 71, 75, 74, 73, 72, 75, 75, 75, 73, 73, 71,
    74, 72, 75, 74, 75, 72, 73, 73, 77, 74, 71, 77, 72, 74, 73, 74, 76,
    71, 74, 74, 75, 73, 72, 74, 74, 72, 73, 74, 73, 76, 72, 72, 76, 76,
    74, 73, 76, 72, 73, 72, 76, 76, 75, 76, 72, 73, 74, 72, 71, 73, 72,
    75, 74, 74, 78, 76, 76, 78, 76, 75, 75, 74, 78, 73, 76, 73, 75, 77,
    76, 78, 76, 75, 74, 78, 77, 75, 74, 76, 78, 77, 75, 78, 74, 76, 75,
    75 ]
