%YAML:1.0
---
videoName: "headShake30.mp4"
gestureLabel: 201
fps: 29
pixelSizeInCmTemp: 3.2808219178082193e-01
faceCenterPointX: 240
faceCenterPointY: 68
headPositionsX: [ 241, 231, 235, 231, 231, 232, 231, 231, 232, 234, 235,
    237, 235, 239, 241, 239, 243, 243, 243, 242, 244, 242, 244, 242, 242,
    243, 244, 244, 242, 241, 238, 239, 242, 242, 241, 237, 238, 241, 241,
    247, 249, 253, 255, 260, 258, 261, 258, 255, 248, 246, 237, 230, 225,
    225, 225, 225, 228, 233, 238, 246, 251, 253, 253, 250, 245, 244, 236,
    234, 228, 225, 226, 228, 233, 237, 240, 243, 247, 249, 250, 249, 250,
    242, 244, 239, 237, 233, 239, 238, 235, 237, 239, 238, 242, 241, 240,
    241, 241, 241, 240, 237 ]
headPositionsY: [ 67, 54, 57, 56, 60, 57, 58, 57, 61, 64, 65, 62, 65, 64,
    63, 66, 64, 64, 64, 63, 64, 64, 66, 65, 66, 65, 66, 67, 68, 66, 67,
    64, 65, 64, 64, 66, 67, 67, 68, 64, 65, 64, 63, 64, 67, 64, 68, 64,
    68, 65, 69, 67, 65, 70, 70, 70, 68, 69, 69, 68, 65, 68, 65, 69, 69,
    70, 69, 67, 67, 67, 67, 68, 66, 69, 69, 65, 68, 64, 69, 67, 68, 67,
    67, 66, 69, 69, 69, 69, 66, 67, 69, 70, 66, 69, 70, 69, 67, 68, 68,
    69 ]
