%YAML:1.0
---
videoName: "headShake43.mp4"
gestureLabel: 201
fps: 29
pixelSizeInCmTemp: 3.2808219178082193e-01
faceCenterPointX: 257
faceCenterPointY: 84
headPositionsX: [ 259, 262, 258, 262, 260, 261, 260, 262, 259, 258, 260,
    258, 260, 262, 261, 262, 258, 262, 258, 258, 259, 259, 263, 262, 259,
    263, 263, 267, 268, 272, 273, 276, 277, 280, 279, 283, 282, 277, 277,
    274, 270, 267, 260, 255, 254, 248, 243, 243, 242, 243, 246, 254, 256,
    263, 269, 268, 271, 275, 272, 272, 270, 265, 264, 257, 252, 247, 246,
    242, 240, 245, 250, 249, 253, 258, 263, 265, 267, 268, 268, 267, 268,
    269, 268, 265, 261, 261, 262, 260, 260, 256, 259, 255, 258, 256, 257,
    255, 255, 254, 259, 255 ]
headPositionsY: [ 83, 83, 84, 84, 87, 86, 85, 85, 86, 83, 84, 87, 87, 85,
    87, 84, 85, 83, 85, 83, 86, 85, 88, 87, 87, 85, 84, 85, 86, 82, 86,
    83, 83, 83, 81, 82, 85, 84, 83, 84, 83, 85, 86, 83, 87, 82, 81, 81,
    85, 83, 84, 82, 86, 86, 84, 81, 82, 82, 84, 80, 81, 85, 84, 84, 83,
    84, 84, 82, 82, 84, 85, 85, 84, 83, 87, 83, 82, 84, 83, 84, 82, 86,
    82, 83, 83, 84, 85, 83, 82, 86, 84, 81, 81, 84, 82, 86, 83, 84, 84,
    82 ]
