%YAML:1.0
---
videoName: "headShake49.mp4"
gestureLabel: 201
fps: 30
pixelSizeInCmTemp: 2.8855421686746985e-01
faceCenterPointX: 259
faceCenterPointY: 84
headPositionsX: [ 261, 262, 262, 259, 262, 262, 263, 259, 262, 261, 260,
    263, 262, 261, 261, 262, 261, 262, 259, 260, 259, 263, 258, 259, 259,
    261, 259, 262, 263, 260, 263, 263, 261, 265, 267, 271, 277, 278, 285,
    283, 281, 277, 271, 264, 261, 251, 248, 246, 252, 257, 263, 268, 270,
    276, 272, 266, 261, 254, 250, 247, 248, 250, 255, 260, 265, 268, 272,
    267, 263, 261, 256, 252, 256, 257, 258, 260, 266, 266, 271, 266, 266,
    261, 260, 258, 260, 259, 259, 258, 258, 258, 261, 260, 259, 261, 261,
    260, 259, 260, 260, 259 ]
headPositionsY: [ 82, 79, 80, 81, 83, 82, 82, 81, 80, 78, 83, 79, 82, 81,
    82, 81, 79, 81, 81, 81, 81, 80, 82, 81, 79, 79, 82, 82, 82, 78, 83,
    82, 79, 80, 84, 83, 79, 82, 81, 79, 80, 80, 81, 83, 86, 85, 83, 86,
    84, 84, 86, 85, 82, 83, 86, 82, 84, 84, 84, 85, 82, 85, 83, 82, 85,
    86, 83, 85, 87, 82, 86, 83, 84, 86, 86, 82, 82, 85, 84, 85, 85, 87,
    86, 83, 86, 86, 85, 84, 83, 83, 83, 82, 83, 84, 82, 82, 83, 83, 85,
    86 ]
