%YAML:1.0
---
videoName: "headShake49.mp4"
gestureLabel: 201
fps: 30
pixelSizeInCmTemp: 2.8855421686746985e-01
faceCenterPointX: 259
faceCenterPointY: 84
headPositionsX: [ 260, 260, 262, 261, 263, 261, 261, 258, 262, 258, 263,
    261, 263, 263, 261, 260, 260, 263, 262, 262, 262, 263, 258, 260, 260,
    258, 263, 258, 260, 262, 260, 259, 265, 263, 269, 271, 276, 279, 281,
    282, 283, 280, 273, 265, 257, 252, 249, 246, 249, 256, 260, 269, 273,
    272, 270, 267, 264, 255, 252, 247, 246, 251, 254, 259, 264, 272, 269,
    266, 266, 260, 257, 253, 255, 255, 257, 260, 264, 268, 271, 267, 268,
    264, 262, 258, 257, 259, 259, 260, 258, 262, 260, 258, 258, 261, 257,
    259, 256, 259, 257, 260 ]
headPositionsY: [ 85, 81, 81, 80, 83, 80, 79, 80, 78, 81, 79, 82, 80, 80,
    80, 79, 80, 79, 83, 81, 81, 80, 82, 81, 79, 78, 78, 81, 81, 82, 83,
    83, 83, 79, 84, 79, 81, 79, 80, 79, 82, 81, 81, 83, 83, 85, 82, 86,
    82, 84, 82, 85, 83, 83, 85, 85, 85, 83, 84, 86, 83, 85, 83, 82, 85,
    85, 86, 83, 83, 82, 83, 83, 83, 85, 83, 86, 86, 84, 86, 84, 87, 85,
    85, 83, 85, 84, 84, 85, 84, 85, 84, 83, 84, 87, 86, 84, 85, 84, 85,
    86 ]
