%YAML:1.0
---
videoName: "headShake25.mp4"
gestureLabel: 201
fps: 30
pixelSizeInCmTemp: 3.2364864864864862e-01
faceCenterPointX: 241
faceCenterPointY: 79
headPositionsX: [ 239, 254, 252, 254, 250, 252, 247, 250, 247, 241, 242,
    239, 236, 233, 234, 232, 231, 231, 227, 228, 233, 233, 233, 234, 237,
    242, 242, 245, 250, 251, 246, 250, 250, 247, 248, 246, 242, 238, 239,
    236, 234, 230, 229, 229, 230, 230, 230, 232, 235, 235, 238, 239, 242,
    245, 245, 247, 249, 249, 252, 250, 250, 248, 247, 246, 245, 241, 240,
    240, 237, 239, 235, 235, 236, 234, 233, 234, 237, 234, 236, 238, 238,
    241, 241, 243, 243, 242, 243, 241, 241, 244, 240, 243, 243, 240, 243,
    239, 240, 238, 239, 239 ]
headPositionsY: [ 77, 75, 79, 76, 78, 76, 77, 77, 80, 75, 79, 78, 76, 80,
    79, 78, 79, 80, 77, 80, 80, 79, 76, 77, 76, 79, 79, 76, 78, 80, 80,
    76, 78, 78, 77, 77, 80, 78, 77, 81, 77, 78, 80, 77, 76, 78, 79, 79,
    79, 79, 80, 77, 80, 78, 81, 77, 79, 76, 75, 79, 79, 76, 81, 81, 79,
    76, 81, 79, 77, 77, 77, 77, 78, 80, 80, 79, 77, 80, 79, 76, 78, 78,
    81, 78, 81, 79, 79, 80, 78, 81, 80, 79, 78, 76, 81, 81, 78, 78, 77,
    77 ]
