%YAML:1.0
---
videoName: "headShake47.mp4"
gestureLabel: 201
fps: 29
pixelSizeInCmTemp: 3.2364864864864862e-01
faceCenterPointX: 258
faceCenterPointY: 86
headPositionsX: [ 259, 261, 260, 262, 262, 261, 262, 259, 261, 259, 261,
    258, 261, 260, 259, 261, 259, 261, 260, 262, 260, 263, 261, 259, 262,
    261, 258, 259, 261, 259, 258, 261, 261, 261, 255, 257, 253, 253, 250,
    249, 250, 250, 253, 254, 263, 265, 268, 266, 265, 263, 258, 256, 251,
    253, 253, 260, 264, 264, 265, 263, 261, 259, 252, 251, 250, 253, 258,
    262, 264, 263, 263, 259, 256, 253, 251, 252, 257, 259, 260, 263, 262,
    261, 261, 258, 255, 253, 255, 254, 256, 259, 255, 259, 256, 256, 257,
    257, 255, 259, 256, 256 ]
headPositionsY: [ 86, 85, 85, 86, 84, 84, 83, 85, 84, 83, 85, 85, 86, 85,
    84, 86, 84, 87, 86, 87, 82, 87, 86, 82, 86, 83, 84, 87, 84, 86, 86,
    84, 83, 87, 85, 88, 87, 85, 84, 86, 87, 87, 87, 89, 89, 86, 86, 87,
    91, 87, 87, 87, 87, 88, 90, 89, 88, 86, 88, 89, 90, 86, 89, 85, 87,
    88, 85, 86, 87, 85, 88, 85, 87, 88, 88, 89, 86, 84, 86, 89, 88, 87,
    86, 88, 88, 85, 87, 86, 87, 88, 84, 86, 84, 89, 85, 87, 85, 86, 86,
    88 ]
