%YAML:1.0
---
videoName: "headShake44.mp4"
gestureLabel: 201
fps: 30
pixelSizeInCmTemp: 3.2808219178082193e-01
faceCenterPointX: 260
faceCenterPointY: 84
headPositionsX: [ 258, 261, 261, 260, 263, 260, 258, 262, 259, 262, 261,
    261, 259, 261, 259, 262, 259, 259, 262, 262, 259, 262, 259, 262, 261,
    262, 262, 261, 262, 261, 258, 260, 262, 260, 258, 258, 259, 260, 264,
    263, 268, 271, 274, 272, 277, 275, 270, 267, 260, 256, 253, 252, 249,
    253, 256, 261, 264, 270, 273, 272, 269, 261, 256, 256, 256, 258, 259,
    264, 271, 270, 269, 272, 265, 263, 256, 253, 254, 252, 253, 257, 256,
    261, 257, 262, 263, 263, 263, 261, 260, 262, 259, 262, 260, 264, 261,
    260, 260, 260, 263, 259 ]
headPositionsY: [ 84, 85, 81, 80, 85, 85, 81, 82, 83, 82, 85, 83, 82, 81,
    82, 81, 83, 83, 84, 81, 84, 80, 85, 81, 83, 82, 81, 81, 85, 84, 82,
    82, 82, 84, 83, 80, 83, 84, 82, 82, 81, 83, 80, 80, 80, 81, 82, 83,
    86, 82, 82, 86, 84, 86, 84, 84, 85, 85, 83, 84, 86, 82, 85, 86, 82,
    85, 82, 83, 82, 83, 84, 82, 85, 86, 81, 81, 83, 82, 85, 83, 86, 85,
    86, 84, 82, 85, 82, 87, 86, 86, 83, 82, 85, 87, 82, 84, 86, 87, 84,
    83 ]
