%YAML:1.0
---
videoName: "headShake41.mp4"
gestureLabel: 201
fps: 29
pixelSizeInCmTemp: 3.2364864864864862e-01
faceCenterPointX: 264
faceCenterPointY: 85
headPositionsX: [ 262, 263, 259, 264, 263, 263, 263, 260, 261, 260, 260,
    261, 263, 261, 260, 262, 262, 261, 262, 259, 260, 261, 264, 264, 264,
    267, 270, 272, 276, 279, 277, 281, 279, 282, 281, 281, 279, 280, 279,
    276, 272, 271, 265, 264, 255, 255, 249, 250, 244, 246, 244, 246, 244,
    248, 247, 252, 250, 251, 259, 258, 266, 268, 268, 274, 276, 279, 280,
    278, 279, 275, 278, 278, 272, 272, 272, 267, 268, 266, 263, 263, 266,
    261, 265, 265, 262, 265, 262, 264, 261, 262, 263, 263, 261, 261, 260,
    261, 263, 263, 261, 266 ]
headPositionsY: [ 83, 81, 84, 82, 82, 83, 81, 85, 85, 84, 82, 82, 81, 83,
    82, 83, 82, 85, 82, 82, 85, 84, 83, 84, 82, 84, 84, 81, 80, 79, 80,
    81, 83, 82, 80, 80, 83, 84, 84, 83, 83, 81, 84, 87, 82, 84, 84, 83,
    81, 80, 84, 85, 82, 82, 84, 87, 82, 84, 86, 83, 84, 86, 84, 82, 83,
    85, 83, 82, 86, 83, 83, 85, 86, 85, 83, 87, 84, 87, 84, 84, 86, 83,
    85, 83, 86, 85, 86, 85, 86, 86, 84, 86, 86, 84, 86, 84, 84, 84, 84,
    84 ]
