%YAML:1.0
---
videoName: "headShake17.mp4"
gestureLabel: 201
fps: 29
pixelSizeInCmTemp: 3.3263888888888887e-01
faceCenterPointX: 242
faceCenterPointY: 76
headPositionsX: [ 240, 238, 238, 238, 237, 241, 240, 243, 243, 245, 253,
    253, 260, 260, 259, 256, 253, 249, 243, 238, 238, 235, 227, 227, 226,
    227, 227, 231, 237, 238, 242, 246, 253, 249, 252, 251, 255, 251, 246,
    247, 240, 238, 238, 234, 232, 231, 229, 233, 236, 235, 236, 242, 242,
    244, 243, 247, 246, 243, 245, 241, 240, 244, 240, 242, 237, 238, 239,
    241, 238, 238, 237, 240, 240, 238, 241, 241, 239, 239, 242, 239, 239,
    243, 239, 240, 243, 242, 240, 240, 243, 243, 239, 244, 243, 239, 240,
    241, 242, 242, 242, 242 ]
headPositionsY: [ 78, 78, 77, 78, 76, 76, 74, 77, 75, 75, 73, 73, 77, 74,
    74, 74, 76, 78, 77, 79, 75, 76, 79, 78, 78, 77, 76, 76, 78, 79, 77,
    77, 76, 76, 75, 75, 75, 78, 78, 76, 78, 77, 79, 79, 74, 77, 74, 77,
    78, 77, 77, 76, 75, 77, 78, 75, 78, 79, 75, 77, 74, 75, 76, 77, 75,
    77, 78, 75, 74, 76, 74, 78, 75, 76, 74, 77, 78, 76, 76, 74, 75, 77,
    77, 76, 75, 77, 78, 75, 74, 75, 78, 77, 74, 75, 75, 77, 78, 74, 78,
    78 ]
