%YAML:1.0
---
videoName: "headShake9.mp4"
gestureLabel: 201
fps: 30
pixelSizeInCmTemp: 3.2808219178082193e-01
faceCenterPointX: 243
faceCenterPointY: 73
headPositionsX: [ 243, 243, 244, 240, 245, 241, 244, 242, 242, 245, 242,
    242, 240, 243, 241, 243, 242, 244, 245, 243, 240, 242, 243, 245, 245,
    243, 244, 241, 245, 241, 240, 244, 242, 243, 241, 243, 242, 245, 245,
    244, 247, 249, 251, 258, 261, 263, 266, 264, 263, 259, 255, 249, 245,
    236, 233, 230, 227, 231, 231, 237, 242, 248, 254, 258, 262, 261, 263,
    258, 254, 248, 246, 239, 235, 232, 229, 230, 226, 233, 239, 242, 247,
    247, 250, 250, 251, 250, 250, 247, 249, 245, 245, 244, 247, 244, 243,
    243, 244, 242, 242, 245 ]
headPositionsY: [ 75, 73, 70, 73, 74, 70, 71, 71, 73, 70, 72, 74, 74, 72,
    74, 75, 74, 72, 74, 73, 72, 71, 73, 73, 70, 73, 71, 73, 74, 72, 70,
    71, 72, 70, 70, 74, 72, 70, 72, 73, 71, 71, 73, 69, 68, 70, 69, 70,
    71, 73, 72, 71, 73, 73, 70, 70, 71, 73, 74, 74, 71, 73, 73, 71, 70,
    71, 70, 70, 71, 70, 72, 70, 72, 70, 71, 71, 70, 74, 74, 73, 74, 71,
    72, 71, 72, 72, 73, 71, 72, 75, 71, 72, 74, 72, 73, 72, 75, 73, 76,
    72 ]
