%YAML:1.0
---
videoName: "headShake47.mp4"
gestureLabel: 201
fps: 29
pixelSizeInCmTemp: 3.2364864864864862e-01
faceCenterPointX: 258
faceCenterPointY: 86
headPositionsX: [ 257, 260, 261, 258, 258, 261, 262, 259, 262, 262, 261,
    261, 259, 261, 258, 258, 259, 259, 261, 263, 257, 260, 261, 262, 262,
    261, 262, 263, 262, 261, 259, 259, 261, 259, 255, 257, 254, 254, 249,
    251, 251, 251, 253, 256, 263, 263, 268, 269, 267, 262, 261, 258, 251,
    254, 252, 256, 260, 265, 268, 262, 261, 255, 253, 252, 254, 256, 258,
    262, 265, 265, 264, 260, 254, 252, 254, 252, 258, 258, 264, 262, 265,
    263, 259, 256, 256, 256, 252, 257, 256, 255, 255, 256, 258, 259, 258,
    255, 256, 258, 259, 260 ]
headPositionsY: [ 84, 86, 86, 85, 87, 87, 83, 86, 85, 84, 87, 85, 83, 86,
    83, 86, 86, 86, 87, 86, 82, 84, 84, 84, 84, 85, 84, 84, 85, 86, 87,
    83, 85, 84, 87, 85, 87, 85, 83, 84, 85, 85, 89, 85, 89, 86, 90, 88,
    88, 90, 90, 91, 87, 88, 91, 89, 88, 86, 88, 86, 89, 86, 87, 88, 85,
    84, 88, 86, 89, 85, 87, 88, 86, 89, 86, 87, 85, 87, 88, 88, 89, 89,
    87, 87, 86, 85, 85, 88, 87, 84, 84, 85, 84, 86, 84, 87, 84, 87, 87,
    87 ]
