%YAML:1.0
---
videoName: "headShake19.mp4"
gestureLabel: 201
fps: 29
pixelSizeInCmTemp: 3.1933333333333330e-01
faceCenterPointX: 243
faceCenterPointY: 78
headPositionsX: [ 245, 242, 243, 246, 244, 243, 240, 243, 242, 244, 246,
    243, 244, 244, 242, 242, 244, 245, 241, 245, 241, 242, 240, 244, 243,
    241, 242, 240, 244, 245, 242, 240, 243, 240, 244, 239, 239, 238, 233,
    231, 234, 233, 238, 245, 247, 254, 257, 259, 258, 252, 248, 247, 239,
    236, 230, 230, 235, 231, 240, 240, 246, 249, 249, 246, 244, 245, 239,
    241, 237, 234, 238, 236, 238, 240, 241, 242, 245, 245, 243, 246, 244,
    244, 243, 242, 241, 242, 240, 241, 242, 239, 240, 242, 244, 244, 241,
    241, 244, 244, 245, 242 ]
headPositionsY: [ 77, 75, 74, 78, 75, 77, 78, 78, 76, 76, 76, 79, 74, 75,
    76, 75, 79, 75, 76, 78, 74, 79, 76, 76, 79, 76, 75, 76, 75, 78, 75,
    75, 77, 78, 79, 74, 78, 75, 76, 75, 78, 77, 75, 78, 78, 77, 76, 73,
    74, 75, 77, 78, 77, 77, 78, 76, 77, 75, 79, 79, 77, 78, 78, 74, 80,
    76, 78, 78, 75, 78, 79, 76, 78, 77, 78, 78, 80, 79, 75, 80, 76, 78,
    74, 78, 80, 76, 76, 77, 76, 76, 78, 78, 77, 76, 80, 78, 77, 78, 79,
    77 ]
