%YAML:1.0
---
videoName: "headShake39.mp4"
gestureLabel: 201
fps: 29
pixelSizeInCmTemp: 3.1933333333333330e-01
faceCenterPointX: 263
faceCenterPointY: 83
headPositionsX: [ 263, 260, 260, 259, 260, 263, 263, 261, 262, 261, 261,
    263, 261, 259, 263, 262, 262, 259, 262, 257, 260, 257, 257, 252, 250,
    251, 249, 243, 243, 243, 245, 243, 247, 251, 256, 260, 265, 270, 277,
    283, 279, 279, 277, 273, 264, 259, 254, 250, 245, 245, 248, 249, 255,
    257, 261, 270, 275, 278, 281, 278, 276, 271, 267, 266, 261, 252, 249,
    250, 247, 248, 250, 250, 252, 256, 258, 257, 260, 265, 266, 263, 267,
    267, 265, 266, 265, 266, 264, 265, 265, 263, 262, 266, 264, 261, 264,
    262, 260, 261, 264, 264 ]
headPositionsY: [ 84, 85, 85, 81, 84, 84, 81, 84, 85, 80, 80, 81, 84, 82,
    85, 82, 85, 84, 81, 84, 82, 82, 83, 82, 82, 82, 83, 80, 84, 83, 83,
    82, 82, 83, 81, 84, 82, 81, 79, 81, 82, 82, 80, 81, 83, 84, 84, 82,
    84, 80, 80, 81, 83, 83, 82, 84, 80, 79, 82, 82, 79, 83, 81, 82, 82,
    81, 82, 77, 77, 79, 81, 81, 81, 79, 85, 81, 84, 80, 81, 84, 81, 84,
    84, 81, 82, 83, 81, 81, 84, 85, 83, 85, 83, 82, 83, 82, 83, 81, 81,
    82 ]
