%YAML:1.0
---
videoName: "headShake30.mp4"
gestureLabel: 201
fps: 29
pixelSizeInCmTemp: 3.2808219178082193e-01
faceCenterPointX: 240
faceCenterPointY: 68
headPositionsX: [ 241, 233, 233, 231, 231, 233, 231, 233, 234, 235, 234,
    238, 238, 240, 239, 240, 239, 240, 245, 242, 245, 241, 243, 243, 245,
    242, 242, 244, 242, 243, 240, 241, 238, 241, 241, 241, 241, 241, 242,
    249, 248, 252, 255, 260, 260, 261, 256, 255, 252, 243, 239, 231, 228,
    223, 225, 224, 230, 235, 242, 247, 252, 253, 251, 252, 244, 242, 239,
    234, 226, 227, 229, 226, 230, 238, 242, 244, 247, 249, 253, 248, 247,
    243, 244, 240, 237, 234, 239, 235, 238, 240, 237, 241, 242, 243, 241,
    240, 240, 239, 239, 239 ]
headPositionsY: [ 66, 53, 57, 55, 59, 59, 60, 59, 62, 63, 64, 62, 66, 64,
    65, 63, 65, 67, 64, 67, 67, 65, 66, 63, 67, 63, 67, 64, 65, 67, 66,
    63, 65, 64, 67, 66, 68, 68, 64, 65, 67, 64, 67, 66, 63, 64, 65, 64,
    64, 65, 70, 68, 69, 68, 69, 67, 71, 67, 68, 70, 69, 65, 68, 69, 70,
    67, 68, 70, 69, 69, 68, 67, 70, 68, 66, 69, 68, 66, 65, 67, 64, 65,
    65, 70, 68, 66, 68, 66, 69, 66, 69, 69, 69, 68, 68, 66, 70, 68, 71,
    66 ]
