%YAML:1.0
---
videoName: "headShake28.mp4"
gestureLabel: 201
fps: 29
pixelSizeInCmTemp: 3.2808219178082193e-01
faceCenterPointX: 242
faceCenterPointY: 80
headPositionsX: [ 242, 242, 244, 243, 241, 243, 239, 243, 241, 242, 240,
    242, 242, 242, 243, 241, 243, 239, 240, 240, 241, 240, 241, 242, 241,
    240, 242, 241, 242, 242, 244, 240, 244, 244, 241, 240, 242, 244, 245,
    243, 241, 245, 245, 243, 243, 245, 244, 244, 242, 245, 240, 235, 233,
    227, 233, 235, 241, 242, 247, 254, 253, 254, 251, 250, 248, 243, 235,
    232, 232, 235, 237, 243, 246, 253, 253, 257, 252, 249, 247, 248, 241,
    242, 238, 237, 234, 235, 238, 239, 241, 243, 243, 241, 241, 243, 241,
    244, 241, 241, 243, 241 ]
headPositionsY: [ 81, 75, 77, 76, 78, 79, 78, 76, 75, 78, 79, 78, 77, 78,
    79, 78, 78, 79, 77, 77, 80, 79, 80, 80, 78, 77, 81, 80, 81, 79, 78,
    79, 80, 79, 80, 80, 78, 76, 76, 76, 79, 75, 76, 79, 77, 76, 77, 78,
    77, 79, 77, 77, 77, 79, 76, 79, 80, 76, 77, 78, 74, 78, 75, 77, 77,
    82, 78, 81, 79, 79, 79, 79, 79, 81, 75, 78, 75, 81, 79, 79, 76, 81,
    80, 81, 77, 79, 77, 81, 81, 77, 78, 79, 80, 81, 79, 80, 80, 82, 79,
    81 ]
