%YAML:1.0
---
videoName: "headShake38.mp4"
gestureLabel: 201
fps: 29
pixelSizeInCmTemp: 3.2808219178082193e-01
faceCenterPointX: 259
faceCenterPointY: 84
headPositionsX: [ 259, 262, 263, 261, 264, 264, 262, 261, 263, 260, 266,
    265, 263, 265, 264, 262, 261, 264, 264, 265, 263, 263, 264, 263, 265,
    264, 263, 261, 261, 261, 263, 262, 262, 262, 263, 264, 264, 265, 264,
    264, 264, 262, 261, 257, 254, 251, 246, 245, 247, 252, 259, 268, 273,
    277, 277, 272, 269, 260, 254, 250, 248, 249, 256, 258, 267, 271, 272,
    271, 264, 260, 255, 248, 246, 246, 250, 254, 258, 265, 266, 268, 267,
    267, 266, 264, 267, 264, 263, 259, 260, 260, 260, 262, 259, 260, 260,
    258, 260, 258, 261, 261 ]
headPositionsY: [ 82, 81, 81, 80, 83, 81, 82, 82, 84, 81, 84, 81, 83, 84,
    83, 81, 84, 82, 81, 83, 85, 82, 82, 84, 84, 85, 81, 84, 85, 82, 84,
    81, 83, 85, 83, 86, 85, 82, 84, 85, 84, 85, 85, 82, 84, 82, 84, 80,
    82, 86, 82, 85, 84, 84, 85, 81, 84, 85, 84, 85, 83, 83, 85, 85, 83,
    83, 82, 84, 85, 84, 83, 82, 82, 85, 83, 84, 85, 83, 83, 81, 86, 85,
    84, 83, 87, 86, 87, 84, 83, 83, 83, 86, 83, 84, 86, 85, 82, 83, 83,
    84 ]
