%YAML:1.0
---
videoName: "headShake8.mp4"
gestureLabel: 201
fps: 29
pixelSizeInCmTemp: 3.2364864864864862e-01
faceCenterPointX: 243
faceCenterPointY: 72
headPositionsX: [ 241, 241, 246, 246, 246, 242, 246, 242, 241, 244, 242,
    244, 241, 246, 244, 243, 241, 243, 242, 244, 245, 242, 242, 242, 242,
    243, 243, 245, 242, 241, 240, 242, 242, 245, 247, 247, 254, 255, 260,
    262, 263, 263, 262, 263, 255, 251, 244, 239, 233, 233, 233, 231, 233,
    236, 246, 250, 256, 260, 261, 259, 257, 256, 252, 245, 241, 237, 234,
    235, 234, 235, 233, 238, 240, 240, 243, 243, 248, 249, 250, 250, 248,
    251, 250, 248, 247, 251, 249, 249, 247, 247, 244, 244, 245, 242, 244,
    242, 245, 242, 242, 243 ]
headPositionsY: [ 72, 72, 72, 74, 71, 73, 74, 70, 72, 74, 72, 74, 71, 72,
    70, 71, 72, 72, 73, 71, 72, 74, 73, 74, 71, 72, 73, 71, 71, 71, 72,
    70, 69, 71, 70, 70, 70, 69, 72, 69, 71, 72, 72, 71, 69, 72, 73, 73,
    72, 70, 69, 69, 69, 70, 70, 71, 68, 72, 69, 69, 69, 71, 70, 70, 74,
    71, 71, 69, 73, 72, 71, 74, 72, 73, 72, 73, 71, 72, 69, 70, 70, 73,
    72, 73, 72, 70, 71, 71, 69, 70, 73, 73, 71, 71, 73, 71, 70, 71, 71,
    73 ]
