%YAML:1.0
---
videoName: "headShake45.mp4"
gestureLabel: 201
fps: 30
pixelSizeInCmTemp: 3.3263888888888887e-01
faceCenterPointX: 262
faceCenterPointY: 84
headPositionsX: [ 260, 260, 264, 264, 261, 262, 261, 263, 265, 261, 264,
    261, 264, 265, 263, 263, 262, 263, 260, 263, 260, 262, 260, 261, 261,
    262, 263, 264, 264, 263, 264, 262, 260, 261, 263, 260, 259, 258, 259,
    255, 255, 256, 259, 265, 268, 276, 279, 280, 280, 278, 273, 266, 259,
    254, 252, 252, 259, 262, 266, 271, 273, 276, 274, 269, 264, 261, 256,
    257, 257, 262, 263, 271, 269, 270, 270, 269, 267, 262, 255, 255, 255,
    259, 262, 261, 265, 266, 262, 259, 260, 259, 261, 262, 261, 259, 260,
    263, 264, 263, 263, 263 ]
headPositionsY: [ 84, 81, 84, 81, 82, 83, 79, 79, 83, 81, 79, 81, 81, 82,
    80, 83, 83, 82, 80, 81, 80, 83, 82, 80, 82, 80, 84, 83, 84, 80, 81,
    82, 80, 83, 83, 81, 82, 83, 81, 81, 83, 84, 83, 82, 81, 80, 80, 80,
    78, 78, 83, 84, 81, 84, 85, 84, 84, 85, 84, 82, 83, 80, 80, 83, 81,
    82, 83, 85, 85, 83, 83, 83, 82, 81, 81, 83, 83, 83, 82, 82, 81, 84,
    85, 83, 85, 83, 82, 85, 83, 82, 83, 83, 83, 85, 84, 83, 85, 84, 81,
    81 ]
