%YAML:1.0
---
videoName: "headShake20.mp4"
gestureLabel: 201
fps: 29
pixelSizeInCmTemp: 3.3263888888888887e-01
faceCenterPointX: 242
faceCenterPointY: 78
headPositionsX: [ 240, 245, 243, 246, 245, 244, 246, 241, 243, 242, 243,
    245, 243, 243, 240, 243, 242, 243, 241, 242, 245, 241, 245, 244, 242,
    243, 241, 243, 241, 245, 244, 242, 241, 241, 241, 244, 245, 242, 246,
    245, 246, 252, 256, 256, 262, 257, 259, 255, 249, 245, 238, 234, 232,
    230, 231, 232, 240, 245, 250, 249, 253, 254, 251, 247, 244, 238, 233,
    233, 232, 233, 234, 236, 241, 241, 247, 244, 245, 243, 243, 239, 242,
    238, 240, 238, 243, 242, 243, 245, 244, 244, 242, 246, 241, 245, 245,
    244, 244, 241, 243, 243 ]
headPositionsY: [ 76, 76, 75, 77, 77, 77, 74, 74, 77, 77, 78, 75, 74, 77,
    76, 78, 75, 79, 78, 75, 75, 74, 78, 76, 74, 78, 75, 78, 76, 75, 75,
    77, 78, 75, 74, 78, 76, 75, 78, 74, 76, 77, 74, 76, 76, 77, 74, 78,
    76, 77, 74, 79, 76, 75, 75, 74, 75, 76, 75, 76, 74, 76, 76, 76, 78,
    78, 79, 76, 77, 77, 75, 76, 79, 75, 75, 77, 76, 75, 76, 77, 76, 77,
    75, 75, 75, 75, 78, 76, 79, 80, 79, 80, 74, 76, 78, 75, 78, 79, 77,
    76 ]
