%YAML:1.0
---
videoName: "headShake31.mp4"
gestureLabel: 201
fps: 29
pixelSizeInCmTemp: 3.2808219178082193e-01
faceCenterPointX: 236
faceCenterPointY: 68
headPositionsX: [ 235, 237, 235, 237, 235, 238, 237, 238, 239, 239, 236,
    237, 237, 236, 237, 237, 238, 235, 238, 235, 236, 239, 237, 238, 238,
    238, 237, 239, 239, 238, 236, 235, 239, 236, 237, 234, 237, 237, 241,
    247, 248, 249, 252, 250, 251, 249, 247, 238, 230, 227, 224, 221, 223,
    223, 227, 232, 241, 244, 244, 246, 245, 241, 239, 237, 234, 230, 227,
    226, 230, 232, 234, 237, 237, 238, 240, 242, 242, 241, 241, 241, 237,
    235, 234, 236, 236, 236, 234, 236, 233, 233, 233, 236, 235, 237, 237,
    235, 236, 237, 234, 234 ]
headPositionsY: [ 69, 67, 65, 67, 65, 67, 66, 69, 69, 67, 65, 66, 69, 69,
    69, 69, 67, 68, 67, 64, 68, 66, 66, 68, 66, 65, 69, 69, 65, 67, 66,
    65, 69, 68, 66, 65, 65, 68, 66, 67, 67, 64, 66, 67, 65, 69, 68, 70,
    66, 69, 68, 69, 69, 70, 69, 68, 69, 69, 71, 68, 68, 67, 69, 67, 68,
    70, 71, 67, 66, 70, 71, 69, 67, 67, 71, 69, 68, 71, 71, 68, 67, 69,
    69, 67, 68, 70, 67, 69, 69, 67, 67, 68, 68, 69, 67, 69, 67, 67, 70,
    70 ]
