%YAML:1.0
---
videoName: "headShake8.mp4"
gestureLabel: 201
fps: 29
pixelSizeInCmTemp: 3.2364864864864862e-01
faceCenterPointX: 243
faceCenterPointY: 72
headPositionsX: [ 241, 245, 245, 243, 244, 246, 245, 246, 241, 243, 242,
    243, 241, 243, 242, 241, 242, 245, 244, 243, 246, 243, 244, 245, 244,
    242, 245, 242, 245, 245, 240, 245, 241, 245, 247, 251, 253, 255, 263,
    262, 263, 265, 262, 262, 258, 251, 244, 242, 236, 235, 232, 229, 233,
    240, 244, 247, 254, 257, 258, 259, 260, 252, 249, 247, 241, 240, 236,
    234, 235, 234, 233, 239, 240, 241, 242, 244, 248, 247, 250, 252, 251,
    251, 251, 248, 248, 251, 250, 249, 246, 247, 246, 244, 242, 245, 244,
    245, 245, 245, 241, 243 ]
headPositionsY: [ 70, 72, 74, 74, 71, 74, 70, 72, 69, 70, 71, 73, 74, 70,
    73, 71, 73, 73, 73, 73, 73, 73, 71, 74, 73, 74, 73, 70, 74, 74, 72,
    73, 69, 72, 71, 71, 68, 68, 69, 69, 70, 72, 69, 69, 72, 73, 74, 73,
    69, 70, 72, 70, 73, 70, 73, 69, 68, 70, 70, 71, 71, 71, 71, 69, 74,
    71, 73, 71, 73, 71, 74, 70, 72, 71, 73, 70, 72, 70, 69, 72, 74, 69,
    69, 72, 73, 71, 69, 74, 70, 70, 70, 72, 73, 71, 70, 73, 70, 72, 74,
    71 ]
