%YAML:1.0
---
videoName: "headShake17.mp4"
gestureLabel: 201
fps: 29
pixelSizeInCmTemp: 3.3263888888888887e-01
faceCenterPointX: 242
faceCenterPointY: 76
headPositionsX: [ 240, 239, 239, 236, 239, 241, 238, 240, 244, 247, 252,
    255, 261, 258, 256, 257, 253, 248, 246, 240, 237, 232, 227, 229, 226,
    227, 230, 234, 233, 238, 242, 248, 253, 253, 252, 254, 251, 250, 250,
    246, 240, 238, 235, 233, 231, 230, 229, 234, 232, 234, 238, 238, 241,
    244, 244, 246, 244, 243, 244, 243, 243, 242, 243, 238, 239, 241, 242,
    238, 242, 241, 237, 240, 242, 239, 241, 242, 242, 238, 240, 239, 242,
    241, 242, 243, 242, 239, 242, 243, 240, 240, 240, 241, 239, 243, 239,
    242, 244, 241, 241, 243 ]
headPositionsY: [ 74, 78, 75, 79, 77, 74, 75, 75, 77, 73, 77, 74, 73, 74,
    74, 77, 77, 77, 75, 75, 76, 78, 76, 77, 76, 75, 77, 76, 78, 79, 75,
    76, 77, 74, 73, 76, 77, 75, 78, 78, 77, 77, 78, 79, 74, 77, 74, 76,
    79, 77, 74, 78, 77, 76, 78, 78, 77, 75, 76, 75, 74, 75, 78, 75, 74,
    78, 76, 77, 78, 76, 74, 76, 74, 76, 75, 74, 75, 76, 76, 77, 76, 74,
    76, 77, 75, 73, 78, 75, 74, 77, 75, 79, 75, 74, 76, 74, 77, 77, 77,
    78 ]
