%YAML:1.0
---
videoName: "headShake34.mp4"
gestureLabel: 201
fps: 29
pixelSizeInCmTemp: 3.2364864864864862e-01
faceCenterPointX: 263
faceCenterPointY: 83
headPositionsX: [ 262, 262, 263, 264, 264, 266, 262, 264, 261, 263, 265,
    263, 266, 264, 265, 265, 266, 263, 262, 265, 265, 265, 263, 262, 264,
    266, 266, 265, 265, 264, 265, 264, 265, 262, 266, 265, 265, 265, 269,
    271, 269, 271, 273, 274, 274, 280, 278, 277, 275, 274, 272, 267, 263,
    261, 255, 253, 253, 254, 251, 253, 256, 262, 264, 269, 269, 270, 270,
    270, 267, 263, 260, 256, 255, 254, 257, 256, 260, 259, 263, 267, 263,
    266, 264, 264, 267, 268, 266, 266, 263, 265, 263, 262, 262, 263, 266,
    261, 262, 265, 265, 263 ]
headPositionsY: [ 83, 82, 82, 82, 84, 84, 84, 84, 81, 82, 83, 84, 83, 82,
    82, 83, 80, 82, 81, 84, 81, 85, 85, 85, 82, 84, 81, 84, 84, 84, 82,
    83, 86, 84, 86, 85, 81, 85, 83, 85, 81, 82, 83, 81, 84, 80, 80, 81,
    83, 83, 84, 86, 83, 83, 81, 81, 82, 81, 83, 83, 82, 84, 85, 84, 84,
    83, 81, 84, 85, 83, 85, 81, 83, 85, 82, 81, 81, 84, 85, 85, 83, 83,
    82, 84, 84, 86, 85, 82, 84, 84, 83, 82, 85, 82, 83, 84, 82, 85, 85,
    84 ]
