%YAML:1.0
---
videoName: "headShake47.mp4"
gestureLabel: 201
fps: 29
pixelSizeInCmTemp: 3.2364864864864862e-01
faceCenterPointX: 258
faceCenterPointY: 86
headPositionsX: [ 259, 260, 261, 261, 260, 261, 261, 262, 261, 259, 260,
    259, 261, 260, 258, 258, 260, 261, 261, 262, 257, 259, 260, 261, 261,
    259, 261, 261, 259, 259, 259, 261, 259, 258, 257, 256, 254, 250, 251,
    250, 248, 249, 251, 256, 261, 267, 266, 269, 264, 265, 261, 255, 251,
    250, 255, 259, 262, 264, 264, 265, 262, 255, 255, 253, 253, 254, 255,
    259, 266, 264, 264, 260, 256, 256, 252, 255, 258, 261, 262, 265, 265,
    260, 260, 257, 253, 252, 252, 257, 257, 259, 256, 259, 258, 257, 258,
    258, 257, 260, 257, 257 ]
headPositionsY: [ 86, 83, 86, 85, 85, 86, 87, 86, 83, 84, 83, 86, 84, 87,
    83, 84, 84, 84, 87, 86, 84, 85, 86, 84, 83, 86, 85, 86, 84, 85, 86,
    86, 85, 88, 84, 87, 86, 87, 82, 85, 84, 85, 85, 89, 89, 86, 90, 87,
    91, 91, 88, 90, 90, 90, 90, 87, 87, 86, 87, 86, 89, 87, 85, 89, 87,
    85, 88, 87, 85, 89, 90, 88, 88, 87, 85, 89, 85, 84, 86, 87, 87, 89,
    86, 87, 86, 87, 84, 84, 85, 87, 87, 86, 88, 86, 85, 87, 88, 87, 85,
    88 ]
