%YAML:1.0
---
videoName: "headShake7.mp4"
gestureLabel: 201
fps: 29
pixelSizeInCmTemp: 3.3263888888888887e-01
faceCenterPointX: 244
faceCenterPointY: 72
headPositionsX: [ 242, 241, 241, 241, 243, 243, 244, 241, 242, 246, 247,
    250, 250, 254, 256, 258, 261, 261, 260, 257, 249, 247, 242, 237, 232,
    232, 233, 242, 247, 250, 256, 256, 260, 255, 254, 251, 242, 240, 231,
    228, 225, 228, 229, 237, 238, 245, 250, 253, 254, 257, 255, 249, 244,
    241, 238, 231, 231, 231, 232, 234, 237, 246, 248, 250, 256, 255, 259,
    257, 253, 249, 245, 246, 240, 236, 234, 232, 233, 233, 234, 236, 239,
    238, 245, 247, 244, 245, 249, 249, 249, 245, 249, 247, 245, 245, 246,
    242, 243, 243, 245, 244 ]
headPositionsY: [ 73, 70, 69, 71, 69, 73, 70, 72, 69, 70, 73, 71, 72, 71,
    71, 66, 67, 67, 70, 69, 69, 69, 70, 69, 71, 70, 72, 72, 71, 72, 66,
    69, 71, 71, 69, 68, 71, 73, 70, 68, 73, 71, 68, 72, 73, 73, 69, 67,
    70, 72, 72, 70, 73, 74, 73, 73, 71, 71, 72, 69, 69, 72, 70, 70, 70,
    70, 68, 70, 69, 73, 70, 73, 69, 68, 72, 70, 73, 71, 72, 73, 73, 70,
    69, 74, 72, 71, 73, 70, 70, 69, 71, 72, 74, 70, 71, 74, 73, 71, 72,
    74 ]
