%YAML:1.0
---
videoName: "headShake30.mp4"
gestureLabel: 201
fps: 29
pixelSizeInCmTemp: 3.2808219178082193e-01
faceCenterPointX: 240
faceCenterPointY: 68
headPositionsX: [ 241, 231, 234, 234, 233, 235, 234, 232, 233, 233, 235,
    234, 235, 236, 237, 240, 239, 243, 242, 242, 243, 241, 242, 244, 246,
    242, 240, 244, 241, 239, 241, 241, 238, 241, 239, 238, 237, 240, 242,
    249, 250, 255, 256, 258, 261, 258, 256, 255, 248, 244, 237, 229, 228,
    226, 221, 224, 231, 235, 239, 248, 249, 250, 254, 251, 247, 242, 239,
    231, 230, 228, 227, 228, 234, 235, 244, 246, 248, 249, 253, 251, 246,
    243, 242, 237, 238, 237, 236, 236, 239, 239, 241, 242, 238, 243, 242,
    238, 242, 239, 242, 238 ]
headPositionsY: [ 70, 56, 56, 58, 59, 61, 59, 58, 59, 65, 62, 63, 65, 66,
    64, 66, 63, 66, 67, 66, 67, 67, 64, 63, 67, 65, 65, 66, 65, 64, 67,
    67, 66, 68, 64, 64, 64, 68, 66, 67, 64, 67, 67, 63, 66, 66, 64, 68,
    66, 69, 68, 64, 67, 68, 68, 67, 70, 69, 67, 70, 66, 68, 66, 66, 69,
    71, 69, 68, 68, 69, 70, 71, 66, 70, 70, 65, 68, 64, 67, 64, 67, 69,
    67, 68, 69, 65, 70, 67, 69, 67, 66, 68, 68, 68, 70, 65, 67, 68, 71,
    69 ]
