%YAML:1.0
---
videoName: "headShake41.mp4"
gestureLabel: 201
fps: 29
pixelSizeInCmTemp: 3.2364864864864862e-01
faceCenterPointX: 264
faceCenterPointY: 85
headPositionsX: [ 265, 260, 260, 260, 263, 261, 259, 263, 261, 263, 261,
    260, 259, 262, 263, 261, 263, 263, 259, 262, 260, 265, 262, 266, 268,
    267, 272, 272, 276, 278, 277, 279, 283, 280, 279, 284, 282, 280, 277,
    277, 274, 272, 268, 261, 256, 253, 253, 251, 247, 247, 242, 245, 246,
    248, 246, 251, 252, 252, 257, 259, 265, 267, 271, 272, 277, 279, 278,
    279, 275, 277, 279, 276, 272, 270, 269, 268, 268, 269, 263, 263, 263,
    261, 263, 261, 263, 265, 260, 265, 263, 262, 260, 264, 260, 263, 263,
    262, 265, 263, 261, 266 ]
headPositionsY: [ 85, 84, 82, 83, 85, 82, 84, 83, 86, 80, 85, 85, 82, 84,
    81, 84, 82, 82, 85, 83, 84, 86, 85, 85, 84, 85, 84, 80, 82, 82, 79,
    81, 82, 78, 80, 82, 81, 81, 85, 84, 86, 83, 83, 83, 81, 84, 82, 85,
    80, 84, 80, 86, 84, 86, 84, 84, 82, 82, 85, 84, 84, 84, 84, 85, 81,
    85, 83, 84, 84, 82, 85, 84, 83, 83, 85, 83, 86, 86, 84, 85, 86, 84,
    86, 86, 82, 83, 82, 86, 82, 86, 84, 84, 85, 82, 82, 82, 84, 84, 86,
    86 ]
