%YAML:1.0
---
videoName: "headShake29.mp4"
gestureLabel: 201
fps: 29
pixelSizeInCmTemp: 3.3263888888888887e-01
faceCenterPointX: 243
faceCenterPointY: 76
headPositionsX: [ 245, 241, 242, 241, 244, 242, 242, 240, 242, 241, 243,
    245, 243, 243, 242, 243, 244, 240, 242, 243, 242, 244, 240, 241, 241,
    237, 237, 235, 238, 240, 243, 248, 250, 251, 255, 255, 256, 250, 246,
    243, 240, 233, 229, 227, 230, 229, 235, 237, 243, 249, 247, 251, 251,
    253, 250, 244, 243, 239, 233, 233, 229, 231, 229, 232, 239, 240, 248,
    250, 252, 255, 252, 253, 251, 248, 243, 238, 238, 234, 236, 235, 232,
    233, 234, 239, 237, 236, 237, 240, 239, 243, 244, 242, 245, 241, 241,
    243, 245, 241, 241, 245 ]
headPositionsY: [ 78, 77, 76, 76, 74, 75, 74, 77, 76, 73, 76, 74, 75, 77,
    73, 76, 77, 76, 78, 77, 78, 79, 76, 77, 75, 78, 74, 77, 77, 76, 77,
    75, 74, 77, 73, 74, 77, 75, 77, 75, 75, 76, 77, 78, 75, 77, 75, 78,
    78, 77, 74, 76, 76, 76, 77, 76, 75, 76, 79, 79, 76, 77, 77, 74, 80,
    75, 76, 74, 76, 78, 74, 76, 78, 76, 75, 77, 73, 76, 77, 75, 76, 78,
    73, 76, 75, 75, 77, 79, 79, 76, 76, 77, 76, 76, 77, 77, 76, 74, 77,
    75 ]
