%YAML:1.0
---
videoName: "headShake3.mp4"
gestureLabel: 201
fps: 30
pixelSizeInCmTemp: 3.3263888888888887e-01
faceCenterPointX: 240
faceCenterPointY: 101
headPositionsX: [ 239, 244, 239, 239, 244, 243, 244, 243, 241, 242, 243,
    243, 240, 239, 240, 239, 241, 243, 243, 242, 240, 241, 241, 241, 242,
    239, 242, 239, 240, 242, 240, 237, 238, 243, 247, 249, 253, 256, 256,
    257, 253, 253, 248, 242, 237, 232, 231, 229, 229, 229, 233, 236, 242,
    247, 251, 253, 249, 245, 241, 236, 232, 230, 224, 223, 226, 225, 233,
    232, 241, 241, 246, 245, 243, 243, 243, 242, 239, 239, 234, 235, 232,
    230, 234, 232, 232, 236, 236, 235, 238, 239, 240, 238, 239, 243, 241,
    239, 243, 241, 242, 242 ]
headPositionsY: [ 103, 99, 97, 99, 97, 99, 99, 97, 100, 97, 98, 96, 98,
    96, 99, 99, 97, 97, 100, 99, 100, 98, 101, 101, 100, 101, 97, 100,
    99, 99, 100, 100, 98, 99, 97, 98, 99, 94, 97, 98, 99, 100, 97, 96,
    97, 97, 98, 98, 98, 101, 97, 98, 99, 96, 98, 97, 98, 97, 98, 100,
    100, 98, 97, 96, 96, 96, 98, 98, 98, 97, 100, 98, 98, 100, 102, 101,
    101, 101, 99, 102, 100, 98, 102, 99, 100, 100, 98, 102, 102, 99, 99,
    101, 100, 101, 101, 102, 103, 102, 102, 101 ]
