%YAML:1.0
---
videoName: "headShake25.mp4"
gestureLabel: 201
fps: 30
pixelSizeInCmTemp: 3.2364864864864862e-01
faceCenterPointX: 241
faceCenterPointY: 79
headPositionsX: [ 242, 252, 254, 251, 251, 249, 247, 247, 248, 242, 241,
    237, 236, 235, 234, 231, 231, 227, 229, 230, 233, 232, 235, 234, 240,
    242, 243, 245, 248, 249, 247, 248, 249, 247, 249, 246, 243, 239, 238,
    234, 234, 230, 233, 228, 231, 228, 229, 230, 235, 235, 239, 241, 241,
    244, 245, 246, 252, 251, 253, 250, 250, 247, 250, 245, 246, 244, 242,
    236, 237, 237, 234, 237, 232, 233, 233, 236, 236, 234, 235, 239, 236,
    237, 241, 242, 239, 241, 244, 245, 242, 241, 242, 243, 242, 239, 242,
    239, 243, 239, 243, 238 ]
headPositionsY: [ 77, 76, 78, 78, 75, 76, 75, 80, 80, 79, 79, 78, 80, 79,
    75, 77, 76, 77, 76, 76, 76, 77, 77, 76, 77, 77, 78, 80, 81, 80, 77,
    78, 80, 81, 81, 77, 78, 80, 79, 81, 78, 79, 78, 78, 78, 76, 80, 78,
    80, 79, 77, 78, 80, 79, 81, 79, 80, 78, 78, 76, 77, 80, 81, 77, 80,
    80, 79, 80, 79, 81, 76, 79, 80, 77, 80, 79, 80, 78, 77, 78, 77, 80,
    79, 77, 77, 80, 80, 79, 80, 80, 79, 79, 81, 77, 80, 78, 80, 81, 77,
    79 ]
