%YAML:1.0
---
videoName: "headShake48.mp4"
gestureLabel: 201
fps: 29
pixelSizeInCmTemp: 3.1103896103896100e-01
faceCenterPointX: 258
faceCenterPointY: 85
headPositionsX: [ 259, 258, 259, 262, 258, 261, 258, 259, 257, 257, 258,
    258, 258, 260, 259, 260, 261, 257, 259, 260, 260, 258, 261, 259, 262,
    260, 256, 260, 256, 259, 259, 257, 258, 259, 258, 263, 264, 268, 273,
    273, 274, 275, 272, 268, 263, 253, 252, 246, 244, 248, 254, 256, 266,
    269, 267, 269, 264, 260, 253, 249, 251, 251, 250, 256, 263, 264, 268,
    267, 265, 264, 256, 254, 251, 249, 247, 250, 257, 261, 264, 267, 265,
    264, 266, 264, 260, 259, 257, 260, 261, 261, 261, 260, 256, 258, 259,
    259, 257, 261, 259, 260 ]
headPositionsY: [ 87, 77, 78, 78, 76, 78, 80, 80, 80, 79, 81, 81, 81, 79,
    80, 78, 78, 80, 82, 83, 81, 80, 80, 81, 79, 82, 83, 81, 83, 80, 80,
    81, 80, 80, 81, 81, 82, 82, 82, 82, 80, 81, 82, 85, 86, 84, 82, 84,
    84, 85, 83, 83, 87, 86, 86, 85, 86, 88, 88, 84, 87, 87, 86, 87, 87,
    89, 86, 86, 88, 87, 87, 87, 85, 85, 87, 86, 88, 88, 85, 87, 83, 87,
    84, 88, 86, 87, 88, 86, 89, 88, 84, 85, 88, 84, 88, 87, 84, 84, 84,
    86 ]
