%YAML:1.0
---
videoName: "headShake13.mp4"
gestureLabel: 201
fps: 29
pixelSizeInCmTemp: 3.2364864864864862e-01
faceCenterPointX: 241
faceCenterPointY: 77
headPositionsX: [ 240, 240, 244, 241, 240, 242, 243, 240, 242, 242, 239,
    241, 244, 240, 242, 243, 244, 240, 243, 240, 239, 240, 242, 239, 241,
    241, 242, 240, 240, 241, 238, 241, 238, 241, 242, 249, 250, 254, 257,
    260, 261, 263, 260, 256, 250, 242, 236, 236, 230, 230, 229, 232, 235,
    241, 244, 250, 248, 250, 250, 246, 244, 242, 237, 232, 232, 229, 234,
    232, 236, 242, 246, 249, 253, 253, 251, 252, 246, 245, 240, 239, 235,
    235, 231, 232, 233, 233, 238, 239, 241, 245, 242, 246, 244, 246, 242,
    246, 244, 242, 239, 241 ]
headPositionsY: [ 76, 78, 74, 76, 75, 74, 77, 75, 77, 74, 74, 76, 76, 79,
    76, 78, 75, 76, 75, 76, 74, 78, 76, 78, 74, 73, 75, 74, 77, 73, 74,
    75, 74, 79, 78, 77, 75, 74, 75, 75, 75, 73, 75, 75, 76, 74, 76, 78,
    76, 75, 77, 76, 77, 76, 75, 74, 74, 75, 76, 75, 76, 75, 75, 75, 75,
    75, 76, 77, 76, 78, 77, 74, 74, 74, 77, 77, 78, 77, 74, 79, 76, 76,
    74, 75, 75, 77, 74, 74, 78, 79, 78, 77, 77, 75, 77, 78, 79, 77, 78,
    74 ]
