%YAML:1.0
---
videoName: "headShake1.mp4"
gestureLabel: 201
fps: 29
pixelSizeInCmTemp: 3.3263888888888887e-01
faceCenterPointX: 279
faceCenterPointY: 98
headPositionsX: [ 279, 278, 279, 281, 278, 282, 278, 278, 279, 279, 278,
    281, 279, 278, 278, 282, 278, 279, 277, 277, 277, 280, 280, 279, 281,
    278, 277, 279, 282, 281, 286, 289, 291, 294, 294, 291, 292, 288, 285,
    281, 279, 275, 273, 268, 271, 272, 271, 275, 280, 285, 287, 292, 294,
    292, 289, 286, 281, 277, 274, 268, 266, 264, 266, 267, 274, 277, 283,
    284, 290, 294, 290, 293, 288, 288, 283, 280, 276, 274, 271, 272, 270,
    271, 273, 272, 275, 274, 275, 277, 275, 276, 279, 278, 282, 278, 282,
    278, 282, 282, 277, 280 ]
headPositionsY: [ 99, 97, 97, 99, 97, 98, 99, 99, 98, 98, 98, 98, 97, 97,
    97, 95, 96, 98, 96, 96, 95, 96, 96, 97, 99, 98, 99, 98, 97, 97, 95,
    96, 96, 96, 94, 96, 96, 95, 97, 97, 96, 98, 95, 95, 98, 97, 93, 96,
    95, 93, 97, 96, 96, 94, 96, 95, 99, 95, 98, 95, 97, 96, 95, 94, 95,
    96, 95, 93, 98, 94, 94, 95, 94, 97, 99, 98, 96, 96, 96, 95, 97, 95,
    96, 97, 99, 98, 95, 96, 99, 97, 97, 98, 100, 100, 100, 99, 98, 99,
    95, 98 ]
