%YAML:1.0
---
videoName: "headShake42.mp4"
gestureLabel: 201
fps: 29
pixelSizeInCmTemp: 3.2808219178082193e-01
faceCenterPointX: 257
faceCenterPointY: 85
headPositionsX: [ 258, 272, 277, 275, 278, 275, 280, 274, 277, 273, 270,
    267, 268, 265, 257, 257, 254, 248, 249, 243, 242, 243, 242, 245, 245,
    243, 249, 249, 256, 258, 264, 266, 270, 276, 276, 278, 279, 279, 277,
    274, 275, 269, 265, 263, 261, 256, 256, 249, 248, 251, 246, 243, 245,
    246, 244, 249, 251, 250, 252, 258, 259, 260, 262, 266, 267, 267, 265,
    270, 266, 266, 268, 270, 266, 267, 265, 261, 263, 261, 260, 259, 261,
    258, 259, 256, 258, 256, 256, 256, 258, 256, 257, 256, 255, 259, 256,
    255, 259, 258, 255, 259 ]
headPositionsY: [ 86, 84, 83, 81, 83, 82, 80, 82, 83, 84, 84, 85, 82, 86,
    85, 81, 83, 85, 85, 82, 84, 85, 85, 84, 86, 82, 82, 84, 85, 86, 87,
    82, 81, 83, 83, 83, 82, 85, 83, 84, 85, 85, 87, 86, 89, 87, 88, 87,
    86, 88, 83, 86, 87, 88, 87, 85, 83, 88, 83, 88, 84, 84, 85, 87, 86,
    85, 87, 84, 86, 83, 86, 84, 84, 86, 86, 88, 85, 86, 86, 87, 88, 86,
    83, 84, 86, 87, 85, 86, 85, 86, 84, 86, 83, 85, 83, 86, 87, 86, 85,
    84 ]
