%YAML:1.0
---
videoName: "headShake45.mp4"
gestureLabel: 201
fps: 30
pixelSizeInCmTemp: 3.3263888888888887e-01
faceCenterPointX: 262
faceCenterPointY: 84
headPositionsX: [ 261, 263, 261, 261, 261, 263, 263, 262, 264, 263, 263,
    262, 264, 265, 264, 263, 265, 261, 261, 262, 264, 260, 264, 261, 260,
    260, 259, 260, 262, 264, 260, 264, 263, 262, 262, 260, 262, 261, 260,
    259, 253, 258, 258, 265, 269, 273, 277, 281, 280, 279, 272, 268, 260,
    256, 256, 255, 257, 260, 268, 272, 274, 275, 270, 269, 264, 260, 255,
    256, 257, 259, 265, 267, 272, 270, 270, 269, 264, 260, 259, 255, 257,
    256, 260, 260, 262, 265, 261, 261, 262, 261, 260, 260, 259, 259, 264,
    265, 263, 262, 263, 263 ]
headPositionsY: [ 83, 80, 80, 81, 81, 80, 83, 80, 81, 82, 82, 84, 84, 84,
    84, 84, 84, 84, 83, 83, 81, 80, 85, 81, 80, 81, 84, 81, 84, 81, 83,
    84, 84, 81, 81, 83, 83, 82, 83, 80, 84, 82, 83, 82, 81, 80, 78, 82,
    80, 79, 85, 84, 84, 84, 81, 82, 83, 83, 80, 79, 82, 83, 82, 84, 81,
    84, 83, 85, 81, 84, 82, 80, 82, 79, 81, 81, 83, 84, 80, 83, 81, 82,
    85, 84, 86, 82, 83, 83, 83, 84, 81, 85, 84, 81, 82, 85, 82, 84, 81,
    85 ]
