%YAML:1.0
---
videoName: "headShake48.mp4"
gestureLabel: 201
fps: 29
pixelSizeInCmTemp: 3.1103896103896100e-01
faceCenterPointX: 258
faceCenterPointY: 85
headPositionsX: [ 259, 262, 258, 261, 258, 260, 259, 258, 261, 260, 260,
    260, 261, 262, 260, 258, 257, 259, 259, 261, 259, 260, 258, 260, 262,
    261, 260, 260, 256, 261, 258, 258, 259, 257, 262, 265, 265, 268, 273,
    274, 277, 276, 271, 269, 262, 253, 248, 246, 245, 246, 251, 258, 265,
    269, 267, 270, 262, 260, 253, 252, 249, 249, 253, 256, 260, 263, 268,
    266, 265, 261, 257, 251, 252, 250, 248, 250, 254, 260, 265, 267, 264,
    264, 263, 263, 260, 260, 261, 259, 260, 259, 260, 259, 257, 259, 261,
    261, 258, 261, 258, 259 ]
headPositionsY: [ 86, 78, 80, 77, 78, 79, 79, 80, 79, 80, 82, 81, 82, 79,
    83, 78, 78, 81, 82, 81, 80, 79, 82, 80, 80, 80, 81, 83, 83, 82, 80,
    81, 81, 79, 82, 80, 84, 80, 84, 80, 80, 84, 85, 86, 83, 83, 83, 85,
    81, 82, 86, 86, 86, 88, 83, 84, 87, 87, 85, 84, 87, 88, 83, 89, 88,
    89, 83, 84, 87, 88, 85, 85, 87, 84, 88, 87, 87, 88, 85, 85, 85, 85,
    84, 88, 88, 86, 86, 87, 85, 85, 84, 86, 84, 87, 85, 87, 84, 84, 88,
    83 ]
