%YAML:1.0
---
videoName: "headShake36.mp4"
gestureLabel: 201
fps: 29
pixelSizeInCmTemp: 3.2364864864864862e-01
faceCenterPointX: 263
faceCenterPointY: 80
headPositionsX: [ 264, 266, 260, 263, 263, 265, 266, 267, 269, 273, 275,
    278, 278, 282, 279, 284, 282, 278, 282, 275, 278, 270, 268, 267, 262,
    258, 257, 255, 250, 250, 245, 247, 248, 244, 245, 246, 246, 246, 247,
    254, 256, 262, 265, 270, 271, 274, 275, 278, 281, 277, 278, 280, 280,
    278, 277, 271, 269, 265, 263, 256, 254, 253, 250, 250, 251, 247, 249,
    253, 249, 251, 253, 258, 257, 262, 264, 265, 268, 264, 267, 266, 267,
    269, 264, 265, 264, 264, 267, 266, 266, 264, 265, 264, 265, 262, 261,
    264, 262, 263, 262, 264 ]
headPositionsY: [ 81, 78, 81, 80, 81, 78, 77, 81, 82, 80, 80, 77, 77, 76,
    75, 76, 76, 75, 76, 80, 80, 79, 82, 83, 79, 83, 83, 81, 82, 78, 81,
    83, 82, 82, 80, 81, 79, 81, 79, 80, 81, 83, 83, 80, 81, 79, 82, 77,
    79, 78, 79, 79, 80, 79, 76, 80, 82, 79, 83, 82, 77, 80, 80, 81, 76,
    80, 80, 82, 81, 81, 79, 81, 82, 82, 80, 80, 82, 78, 79, 80, 80, 83,
    79, 77, 79, 81, 81, 83, 82, 83, 79, 83, 83, 81, 82, 81, 78, 82, 79,
    79 ]
