%YAML:1.0
---
videoName: "headShake26.mp4"
gestureLabel: 201
fps: 30
pixelSizeInCmTemp: 3.2808219178082193e-01
faceCenterPointX: 243
faceCenterPointY: 78
headPositionsX: [ 245, 240, 239, 238, 241, 241, 244, 246, 247, 247, 250,
    249, 250, 250, 253, 252, 250, 250, 248, 247, 243, 238, 233, 232, 231,
    227, 226, 229, 228, 230, 231, 234, 238, 240, 244, 245, 251, 251, 253,
    251, 253, 251, 250, 250, 246, 239, 239, 235, 235, 229, 229, 231, 230,
    232, 230, 236, 239, 237, 244, 249, 247, 248, 251, 251, 252, 252, 253,
    251, 251, 246, 247, 243, 240, 238, 236, 239, 238, 235, 236, 234, 236,
    240, 240, 237, 238, 243, 242, 244, 242, 242, 246, 242, 242, 245, 247,
    241, 242, 246, 242, 243 ]
headPositionsY: [ 76, 78, 78, 77, 74, 76, 79, 78, 76, 77, 79, 78, 75, 76,
    75, 79, 78, 76, 76, 77, 80, 79, 76, 77, 79, 74, 74, 78, 78, 77, 78,
    77, 76, 79, 79, 77, 75, 77, 75, 75, 76, 77, 76, 76, 77, 77, 80, 78,
    75, 79, 76, 73, 77, 79, 75, 76, 79, 76, 80, 80, 78, 76, 79, 76, 78,
    75, 78, 79, 78, 79, 77, 77, 77, 81, 80, 79, 80, 79, 78, 78, 77, 81,
    79, 81, 76, 77, 79, 79, 80, 80, 78, 80, 80, 78, 77, 80, 76, 77, 81,
    79 ]
