%YAML:1.0
---
videoName: "headShake22.mp4"
gestureLabel: 201
fps: 29
pixelSizeInCmTemp: 3.2364864864864862e-01
faceCenterPointX: 241
faceCenterPointY: 79
headPositionsX: [ 240, 240, 243, 240, 243, 240, 245, 242, 241, 241, 240,
    243, 243, 244, 244, 242, 241, 241, 244, 241, 243, 245, 240, 241, 243,
    240, 240, 242, 242, 241, 243, 244, 241, 242, 241, 244, 240, 243, 244,
    241, 244, 240, 240, 243, 241, 243, 243, 240, 240, 243, 239, 244, 243,
    243, 242, 242, 244, 243, 240, 241, 244, 240, 241, 242, 240, 242, 243,
    244, 246, 250, 251, 253, 254, 254, 254, 252, 245, 244, 241, 235, 239,
    240, 241, 244, 245, 246, 245, 245, 244, 244, 239, 243, 240, 239, 242,
    241, 241, 239, 240, 239 ]
headPositionsY: [ 81, 74, 78, 74, 77, 76, 75, 78, 77, 77, 78, 77, 77, 75,
    76, 78, 74, 77, 75, 79, 74, 78, 77, 78, 76, 75, 75, 76, 78, 76, 75,
    76, 78, 77, 78, 78, 77, 74, 76, 78, 76, 77, 78, 79, 75, 74, 79, 74,
    78, 77, 76, 76, 79, 79, 74, 76, 74, 79, 77, 74, 79, 79, 77, 75, 77,
    75, 77, 79, 75, 75, 76, 74, 77, 73, 74, 77, 79, 79, 77, 79, 77, 77,
    78, 79, 76, 77, 78, 76, 79, 76, 76, 80, 81, 79, 77, 76, 81, 76, 79,
    77 ]
