%YAML:1.0
---
videoName: "headShake18.mp4"
gestureLabel: 201
fps: 30
pixelSizeInCmTemp: 3.2808219178082193e-01
faceCenterPointX: 240
faceCenterPointY: 77
headPositionsX: [ 241, 242, 243, 240, 240, 242, 240, 240, 239, 244, 239,
    242, 243, 239, 243, 241, 243, 240, 242, 239, 241, 241, 238, 241, 239,
    240, 240, 240, 238, 240, 241, 237, 237, 237, 241, 240, 242, 246, 251,
    252, 254, 250, 249, 251, 245, 243, 238, 234, 233, 229, 231, 231, 237,
    239, 241, 247, 250, 249, 248, 248, 245, 240, 238, 236, 232, 232, 235,
    235, 239, 240, 241, 244, 246, 246, 242, 241, 238, 237, 239, 237, 236,
    238, 235, 240, 238, 239, 244, 243, 241, 244, 241, 242, 241, 239, 241,
    240, 238, 240, 239, 243 ]
headPositionsY: [ 78, 74, 77, 78, 74, 76, 75, 77, 75, 77, 75, 74, 73, 76,
    77, 74, 75, 78, 75, 78, 77, 76, 77, 74, 74, 77, 75, 75, 75, 78, 75,
    77, 76, 75, 75, 77, 74, 77, 77, 74, 76, 76, 75, 74, 75, 75, 77, 78,
    78, 75, 75, 74, 76, 76, 76, 75, 76, 76, 74, 76, 76, 74, 79, 77, 78,
    78, 77, 77, 77, 78, 78, 76, 77, 75, 80, 77, 77, 76, 79, 75, 78, 78,
    77, 77, 79, 78, 78, 78, 77, 77, 77, 77, 79, 76, 76, 75, 78, 79, 79,
    75 ]
