%YAML:1.0
---
videoName: "headShake18.mp4"
gestureLabel: 201
fps: 30
pixelSizeInCmTemp: 3.2808219178082193e-01
faceCenterPointX: 240
faceCenterPointY: 77
headPositionsX: [ 241, 239, 244, 242, 240, 240, 240, 242, 242, 240, 240,
    239, 244, 241, 241, 238, 239, 240, 242, 241, 243, 242, 242, 242, 239,
    238, 239, 239, 240, 242, 240, 238, 238, 240, 240, 243, 241, 245, 249,
    252, 252, 253, 250, 252, 245, 242, 238, 233, 231, 231, 228, 232, 235,
    241, 242, 244, 248, 249, 247, 247, 242, 239, 236, 235, 233, 233, 236,
    234, 236, 241, 243, 243, 244, 247, 243, 243, 238, 235, 237, 235, 235,
    238, 235, 239, 240, 240, 241, 241, 243, 244, 243, 240, 241, 240, 239,
    242, 242, 241, 239, 243 ]
headPositionsY: [ 78, 76, 76, 74, 76, 73, 73, 76, 76, 75, 73, 74, 74, 76,
    78, 77, 77, 77, 78, 75, 74, 79, 78, 78, 78, 77, 77, 76, 77, 76, 76,
    75, 76, 75, 76, 75, 76, 75, 77, 78, 76, 74, 76, 74, 77, 79, 77, 75,
    76, 77, 73, 77, 77, 78, 74, 79, 75, 76, 74, 76, 74, 74, 75, 75, 77,
    79, 77, 76, 75, 79, 78, 76, 80, 75, 80, 78, 77, 78, 77, 78, 76, 77,
    77, 78, 78, 79, 77, 77, 78, 79, 76, 79, 80, 78, 79, 79, 79, 79, 75,
    75 ]
