%YAML:1.0
---
videoName: "headShake5.mp4"
gestureLabel: 201
fps: 30
pixelSizeInCmTemp: 3.3263888888888887e-01
faceCenterPointX: 275
faceCenterPointY: 73
headPositionsX: [ 277, 275, 277, 277, 279, 276, 277, 280, 276, 278, 278,
    277, 276, 275, 280, 279, 276, 277, 279, 276, 280, 276, 278, 276, 276,
    275, 279, 275, 276, 279, 279, 278, 279, 279, 281, 284, 288, 294, 297,
    294, 295, 292, 291, 283, 279, 273, 267, 263, 264, 264, 270, 273, 281,
    288, 291, 291, 289, 285, 282, 273, 268, 262, 261, 265, 266, 270, 273,
    282, 281, 284, 284, 281, 281, 279, 274, 272, 266, 267, 269, 267, 270,
    271, 273, 280, 282, 282, 281, 280, 280, 279, 282, 279, 278, 274, 275,
    276, 275, 277, 274, 274 ]
headPositionsY: [ 72, 73, 73, 71, 74, 71, 75, 73, 72, 72, 75, 72, 74, 72,
    76, 75, 74, 74, 72, 73, 71, 73, 74, 75, 74, 74, 74, 73, 72, 72, 73,
    72, 71, 72, 72, 74, 73, 71, 73, 71, 71, 71, 74, 72, 76, 74, 75, 76,
    75, 75, 75, 72, 74, 76, 74, 73, 73, 73, 77, 74, 75, 76, 76, 75, 72,
    75, 73, 75, 72, 75, 72, 75, 72, 74, 75, 75, 76, 74, 73, 71, 75, 71,
    70, 72, 74, 75, 72, 73, 74, 70, 74, 72, 74, 73, 72, 73, 74, 73, 71,
    71 ]
