%YAML:1.0
---
videoName: "headShake3.mp4"
gestureLabel: 201
fps: 30
pixelSizeInCmTemp: 3.3263888888888887e-01
faceCenterPointX: 240
faceCenterPointY: 101
headPositionsX: [ 241, 241, 243, 239, 241, 243, 240, 242, 240, 239, 241,
    239, 243, 240, 242, 240, 242, 241, 240, 242, 239, 243, 243, 239, 239,
    239, 242, 240, 242, 239, 240, 238, 241, 241, 244, 249, 255, 253, 257,
    257, 253, 252, 247, 240, 240, 232, 231, 229, 230, 230, 235, 240, 241,
    249, 248, 252, 250, 248, 244, 236, 234, 231, 224, 225, 222, 227, 231,
    233, 237, 245, 243, 246, 245, 247, 242, 243, 239, 237, 233, 233, 234,
    233, 236, 234, 236, 238, 238, 238, 239, 237, 242, 239, 241, 241, 240,
    242, 241, 239, 242, 240 ]
headPositionsY: [ 100, 97, 98, 98, 97, 96, 99, 99, 99, 97, 98, 99, 99,
    98, 100, 101, 98, 100, 100, 98, 99, 101, 99, 97, 98, 97, 99, 101, 96,
    97, 97, 98, 99, 97, 96, 97, 96, 98, 98, 99, 100, 97, 98, 100, 98, 99,
    101, 98, 96, 97, 97, 101, 99, 97, 99, 101, 96, 99, 100, 101, 101,
    100, 98, 100, 96, 99, 96, 98, 98, 100, 101, 101, 99, 101, 102, 101,
    100, 101, 100, 99, 98, 101, 101, 101, 101, 101, 100, 102, 98, 98, 99,
    100, 99, 100, 99, 102, 99, 100, 99, 98 ]
