%YAML:1.0
---
videoName: "headShake40.mp4"
gestureLabel: 201
fps: 29
pixelSizeInCmTemp: 3.2808219178082193e-01
faceCenterPointX: 261
faceCenterPointY: 86
headPositionsX: [ 263, 262, 263, 260, 260, 262, 261, 263, 259, 259, 263,
    263, 262, 262, 264, 263, 259, 263, 261, 261, 263, 260, 260, 258, 261,
    259, 261, 261, 258, 256, 258, 254, 255, 252, 251, 254, 254, 261, 266,
    270, 275, 278, 279, 279, 279, 273, 273, 267, 258, 252, 248, 249, 244,
    247, 249, 251, 257, 260, 264, 266, 272, 272, 267, 266, 267, 264, 262,
    259, 257, 256, 255, 256, 259, 259, 260, 264, 265, 265, 264, 264, 266,
    263, 260, 259, 259, 258, 256, 259, 257, 258, 260, 259, 260, 260, 258,
    259, 263, 262, 262, 261 ]
headPositionsY: [ 86, 84, 83, 83, 82, 84, 82, 81, 86, 81, 84, 84, 84, 81,
    86, 84, 84, 85, 86, 80, 82, 84, 86, 83, 83, 81, 86, 86, 81, 82, 84,
    85, 84, 84, 84, 83, 81, 82, 85, 81, 82, 83, 81, 81, 79, 81, 82, 83,
    84, 81, 85, 83, 80, 83, 84, 84, 83, 84, 85, 82, 83, 84, 83, 82, 85,
    81, 84, 82, 85, 82, 85, 80, 83, 82, 84, 81, 82, 85, 84, 81, 81, 82,
    83, 82, 81, 82, 85, 83, 86, 84, 86, 85, 84, 87, 84, 84, 85, 88, 85,
    87 ]
