%YAML:1.0
---
videoName: "headShake12.mp4"
gestureLabel: 201
fps: 29
pixelSizeInCmTemp: 3.2808219178082193e-01
faceCenterPointX: 241
faceCenterPointY: 76
headPositionsX: [ 241, 241, 238, 239, 240, 241, 242, 243, 241, 240, 241,
    242, 243, 241, 241, 244, 241, 241, 243, 241, 240, 240, 240, 243, 244,
    240, 241, 241, 241, 241, 243, 240, 242, 240, 243, 242, 242, 243, 243,
    243, 242, 241, 243, 240, 240, 240, 244, 241, 241, 241, 242, 241, 239,
    242, 242, 242, 239, 242, 242, 248, 247, 251, 256, 258, 260, 259, 256,
    251, 247, 241, 239, 232, 233, 233, 239, 240, 245, 247, 251, 256, 250,
    251, 246, 246, 242, 242, 235, 239, 238, 238, 237, 236, 240, 237, 242,
    242, 238, 239, 240, 239 ]
headPositionsY: [ 77, 73, 75, 72, 73, 73, 72, 74, 74, 72, 75, 75, 76, 75,
    72, 71, 76, 75, 74, 72, 74, 71, 75, 75, 74, 77, 73, 73, 72, 72, 73,
    74, 75, 72, 76, 74, 72, 75, 76, 76, 76, 72, 74, 72, 76, 75, 74, 74,
    76, 73, 75, 76, 72, 73, 73, 72, 76, 73, 75, 75, 75, 76, 74, 74, 74,
    74, 74, 73, 74, 76, 74, 76, 75, 76, 78, 75, 75, 76, 77, 74, 74, 75,
    76, 75, 78, 76, 73, 76, 76, 76, 76, 74, 75, 75, 78, 77, 75, 77, 75,
    78 ]
