%YAML:1.0
---
videoName: "headShake35.mp4"
gestureLabel: 201
fps: 29
pixelSizeInCmTemp: 3.2364864864864862e-01
faceCenterPointX: 267
faceCenterPointY: 82
headPositionsX: [ 268, 267, 266, 267, 268, 268, 269, 267, 268, 266, 269,
    270, 270, 269, 267, 268, 269, 267, 267, 269, 269, 268, 268, 270, 269,
    267, 268, 268, 268, 269, 268, 265, 268, 269, 266, 266, 268, 266, 270,
    267, 270, 266, 269, 266, 268, 268, 270, 266, 269, 270, 269, 265, 269,
    267, 267, 270, 265, 267, 266, 266, 269, 269, 266, 271, 272, 275, 279,
    281, 281, 278, 278, 269, 268, 261, 261, 259, 258, 264, 263, 268, 275,
    274, 273, 274, 268, 267, 266, 262, 261, 263, 264, 263, 267, 268, 266,
    267, 267, 270, 265, 268 ]
headPositionsY: [ 83, 79, 78, 77, 80, 81, 80, 80, 79, 82, 80, 79, 79, 82,
    81, 79, 79, 82, 82, 78, 81, 77, 78, 82, 79, 80, 77, 82, 78, 81, 80,
    80, 83, 81, 82, 80, 80, 82, 81, 79, 80, 78, 81, 83, 81, 82, 82, 80,
    78, 80, 80, 81, 80, 79, 78, 79, 80, 81, 78, 81, 83, 83, 78, 82, 78,
    80, 79, 78, 78, 83, 81, 83, 81, 83, 79, 80, 83, 81, 84, 83, 83, 83,
    82, 83, 81, 83, 79, 81, 82, 81, 80, 81, 80, 83, 83, 82, 80, 83, 80,
    82 ]
