%YAML:1.0
---
videoName: "headShake17.mp4"
gestureLabel: 201
fps: 29
pixelSizeInCmTemp: 3.3263888888888887e-01
faceCenterPointX: 242
faceCenterPointY: 76
headPositionsX: [ 243, 241, 240, 236, 236, 238, 240, 240, 244, 246, 249,
    252, 257, 259, 258, 255, 256, 247, 244, 241, 236, 232, 227, 225, 226,
    227, 227, 231, 233, 238, 245, 247, 250, 253, 255, 253, 253, 254, 246,
    248, 243, 240, 238, 235, 231, 230, 232, 235, 234, 238, 238, 241, 243,
    241, 244, 247, 244, 244, 247, 241, 241, 243, 242, 238, 241, 239, 242,
    238, 239, 241, 241, 242, 240, 239, 241, 243, 242, 241, 239, 243, 243,
    243, 242, 243, 239, 239, 242, 240, 240, 239, 243, 240, 240, 239, 239,
    240, 243, 239, 240, 243 ]
headPositionsY: [ 78, 76, 77, 75, 76, 75, 78, 76, 77, 73, 73, 73, 77, 74,
    75, 75, 76, 77, 75, 75, 76, 79, 76, 77, 76, 77, 77, 79, 76, 77, 76,
    76, 77, 77, 73, 72, 77, 78, 76, 78, 76, 77, 78, 78, 74, 75, 75, 78,
    79, 77, 75, 79, 79, 76, 75, 77, 74, 79, 76, 77, 78, 75, 77, 76, 75,
    78, 78, 78, 77, 77, 78, 77, 78, 78, 77, 77, 74, 74, 78, 75, 76, 76,
    75, 74, 77, 75, 75, 76, 76, 77, 78, 75, 77, 77, 77, 75, 75, 77, 75,
    77 ]
