%YAML:1.0
---
videoName: "headShake4.mp4"
gestureLabel: 201
fps: 30
pixelSizeInCmTemp: 3.2364864864864862e-01
faceCenterPointX: 237
faceCenterPointY: 101
headPositionsX: [ 239, 244, 245, 250, 249, 255, 256, 255, 255, 251, 242,
    237, 232, 229, 227, 226, 227, 228, 238, 240, 248, 249, 253, 251, 248,
    248, 241, 236, 229, 222, 224, 223, 227, 229, 232, 243, 246, 249, 252,
    255, 254, 253, 246, 245, 235, 233, 229, 226, 223, 224, 228, 229, 234,
    237, 241, 244, 249, 246, 251, 249, 246, 242, 243, 236, 235, 234, 232,
    232, 230, 232, 235, 236, 236, 239, 238, 240, 241, 240, 239, 240, 240,
    239, 238, 241, 237, 236, 239, 239, 235, 239, 236, 238, 236, 236, 235,
    236, 238, 235, 236, 236 ]
headPositionsY: [ 103, 98, 100, 96, 97, 99, 96, 100, 97, 101, 100, 98,
    97, 97, 100, 99, 95, 101, 99, 97, 96, 98, 97, 96, 98, 100, 99, 101,
    97, 97, 99, 101, 97, 99, 101, 98, 97, 101, 96, 97, 97, 100, 99, 100,
    101, 100, 98, 102, 102, 99, 97, 99, 100, 100, 102, 98, 99, 100, 100,
    101, 102, 102, 103, 103, 100, 99, 98, 99, 100, 99, 102, 101, 101,
    100, 98, 100, 99, 101, 103, 103, 99, 101, 101, 99, 98, 100, 98, 99,
    98, 102, 100, 100, 99, 99, 101, 101, 99, 98, 98, 102 ]
