%YAML:1.0
---
videoName: "headShake5.mp4"
gestureLabel: 201
fps: 30
pixelSizeInCmTemp: 3.3263888888888887e-01
faceCenterPointX: 275
faceCenterPointY: 73
headPositionsX: [ 273, 279, 280, 279, 279, 279, 281, 280, 280, 276, 280,
    280, 276, 275, 279, 280, 280, 276, 276, 276, 279, 280, 280, 276, 280,
    275, 277, 275, 280, 275, 278, 278, 279, 279, 283, 285, 289, 292, 294,
    296, 294, 294, 290, 284, 279, 273, 267, 262, 264, 262, 270, 275, 280,
    286, 291, 288, 287, 284, 278, 273, 266, 263, 261, 263, 268, 269, 273,
    279, 284, 286, 283, 283, 280, 276, 275, 271, 268, 268, 267, 267, 268,
    274, 275, 280, 280, 280, 284, 282, 282, 281, 281, 279, 275, 275, 275,
    276, 275, 277, 274, 277 ]
headPositionsY: [ 71, 73, 73, 72, 72, 71, 74, 74, 71, 71, 71, 71, 73, 71,
    73, 73, 73, 75, 75, 74, 75, 72, 74, 72, 74, 73, 76, 72, 74, 73, 75,
    74, 75, 74, 75, 71, 72, 72, 73, 73, 74, 72, 74, 73, 75, 72, 75, 76,
    75, 71, 75, 75, 76, 73, 74, 72, 72, 76, 74, 76, 77, 72, 73, 76, 73,
    76, 75, 75, 72, 73, 73, 73, 72, 76, 76, 73, 73, 72, 70, 72, 73, 74,
    74, 73, 71, 71, 73, 72, 72, 74, 73, 74, 74, 74, 73, 71, 72, 71, 75,
    72 ]
