%YAML:1.0
---
videoName: "headShake11.mp4"
gestureLabel: 201
fps: 29
pixelSizeInCmTemp: 3.2364864864864862e-01
faceCenterPointX: 244
faceCenterPointY: 76
headPositionsX: [ 242, 241, 240, 240, 242, 241, 243, 241, 241, 243, 241,
    241, 242, 241, 243, 243, 242, 244, 242, 241, 240, 241, 244, 243, 240,
    244, 245, 245, 246, 251, 256, 256, 260, 260, 260, 260, 263, 256, 252,
    248, 246, 236, 232, 231, 225, 227, 227, 233, 233, 238, 247, 252, 254,
    258, 260, 258, 254, 252, 249, 243, 241, 234, 230, 232, 231, 233, 237,
    238, 244, 249, 250, 255, 260, 260, 258, 257, 251, 249, 244, 241, 238,
    234, 233, 233, 235, 238, 240, 244, 246, 247, 249, 246, 246, 248, 246,
    245, 246, 246, 244, 246 ]
headPositionsY: [ 77, 74, 70, 70, 70, 73, 72, 71, 74, 75, 73, 70, 72, 74,
    73, 72, 71, 74, 71, 73, 72, 72, 74, 71, 71, 75, 71, 73, 73, 72, 72,
    70, 72, 73, 70, 70, 71, 74, 72, 75, 75, 72, 76, 73, 72, 72, 75, 76,
    77, 77, 75, 74, 71, 74, 72, 71, 72, 74, 77, 76, 74, 74, 76, 74, 76,
    73, 76, 73, 73, 75, 72, 75, 75, 72, 75, 73, 73, 75, 76, 74, 77, 76,
    72, 74, 73, 72, 74, 77, 73, 74, 77, 74, 75, 76, 77, 77, 77, 76, 77,
    76 ]
