%YAML:1.0
---
videoName: "headShake19.mp4"
gestureLabel: 201
fps: 29
pixelSizeInCmTemp: 3.1933333333333330e-01
faceCenterPointX: 243
faceCenterPointY: 78
headPositionsX: [ 244, 244, 243, 243, 245, 241, 243, 245, 244, 241, 242,
    242, 244, 242, 242, 245, 243, 241, 241, 241, 241, 243, 240, 243, 240,
    241, 241, 240, 241, 241, 243, 244, 244, 243, 242, 239, 237, 235, 236,
    231, 231, 235, 236, 245, 248, 254, 257, 258, 259, 256, 247, 247, 238,
    232, 234, 231, 232, 233, 238, 242, 244, 245, 250, 248, 247, 246, 243,
    237, 235, 236, 238, 236, 237, 239, 243, 244, 242, 247, 244, 247, 246,
    246, 244, 243, 240, 243, 241, 242, 242, 241, 241, 240, 240, 241, 244,
    244, 246, 245, 245, 242 ]
headPositionsY: [ 78, 76, 76, 79, 77, 78, 77, 76, 79, 76, 77, 77, 78, 76,
    78, 76, 75, 76, 76, 79, 78, 78, 76, 78, 79, 76, 75, 74, 75, 78, 77,
    76, 75, 77, 78, 78, 75, 78, 78, 77, 79, 76, 75, 79, 77, 75, 77, 73,
    78, 78, 77, 75, 76, 74, 78, 75, 77, 74, 76, 77, 79, 78, 76, 76, 80,
    80, 79, 79, 75, 79, 79, 80, 76, 75, 75, 79, 78, 77, 76, 80, 76, 78,
    78, 77, 76, 79, 75, 77, 76, 79, 80, 77, 77, 78, 78, 80, 80, 77, 76,
    80 ]
