%YAML:1.0
---
videoName: "headShake36.mp4"
gestureLabel: 201
fps: 29
pixelSizeInCmTemp: 3.2364864864864862e-01
faceCenterPointX: 263
faceCenterPointY: 80
headPositionsX: [ 265, 266, 260, 263, 264, 262, 267, 266, 272, 273, 276,
    275, 277, 281, 278, 284, 284, 282, 282, 278, 275, 272, 271, 268, 261,
    257, 258, 254, 253, 251, 247, 245, 244, 244, 249, 244, 249, 248, 248,
    255, 258, 258, 264, 268, 273, 275, 274, 277, 280, 277, 279, 282, 277,
    277, 275, 275, 269, 265, 263, 259, 253, 252, 251, 248, 249, 251, 247,
    253, 251, 252, 256, 255, 257, 261, 264, 263, 265, 266, 267, 269, 268,
    267, 267, 267, 268, 263, 265, 265, 267, 267, 262, 261, 262, 261, 261,
    265, 265, 262, 261, 262 ]
headPositionsY: [ 78, 79, 79, 81, 79, 78, 80, 77, 81, 77, 77, 80, 79, 77,
    74, 78, 74, 75, 79, 79, 78, 81, 82, 84, 80, 81, 83, 78, 79, 78, 80,
    81, 80, 83, 79, 81, 81, 82, 80, 82, 83, 84, 83, 80, 79, 80, 80, 81,
    77, 76, 79, 76, 80, 78, 77, 79, 80, 83, 80, 78, 81, 78, 77, 79, 77,
    79, 77, 82, 77, 80, 82, 80, 80, 82, 84, 83, 82, 81, 78, 82, 82, 80,
    78, 79, 83, 82, 80, 79, 78, 82, 81, 82, 81, 82, 80, 78, 82, 79, 81,
    79 ]
