%YAML:1.0
---
videoName: "headShake44.mp4"
gestureLabel: 201
fps: 30
pixelSizeInCmTemp: 3.2808219178082193e-01
faceCenterPointX: 260
faceCenterPointY: 84
headPositionsX: [ 262, 262, 258, 263, 259, 262, 260, 261, 261, 262, 262,
    262, 259, 260, 263, 263, 261, 259, 262, 260, 259, 259, 259, 263, 260,
    258, 263, 261, 263, 261, 258, 263, 262, 259, 259, 259, 261, 260, 260,
    261, 265, 270, 274, 274, 273, 275, 272, 268, 263, 257, 252, 250, 251,
    251, 255, 263, 267, 272, 270, 269, 268, 262, 260, 252, 255, 255, 257,
    265, 270, 269, 269, 269, 265, 262, 255, 255, 252, 251, 253, 256, 256,
    257, 258, 261, 261, 263, 263, 263, 264, 261, 263, 259, 261, 263, 262,
    261, 258, 259, 260, 261 ]
headPositionsY: [ 84, 85, 84, 82, 82, 83, 82, 85, 81, 83, 83, 82, 82, 80,
    83, 82, 81, 82, 81, 81, 84, 82, 84, 81, 81, 80, 83, 82, 84, 82, 81,
    85, 81, 85, 84, 83, 84, 84, 84, 85, 84, 84, 80, 80, 83, 83, 80, 86,
    85, 86, 85, 86, 84, 86, 83, 83, 86, 85, 85, 86, 86, 82, 86, 83, 83,
    83, 84, 85, 82, 85, 81, 82, 83, 85, 84, 81, 85, 83, 83, 84, 85, 83,
    83, 86, 81, 82, 82, 85, 85, 82, 86, 85, 83, 84, 84, 87, 83, 85, 85,
    86 ]
