%YAML:1.0
---
videoName: "headShake24.mp4"
gestureLabel: 201
fps: 29
pixelSizeInCmTemp: 3.2808219178082193e-01
faceCenterPointX: 240
faceCenterPointY: 78
headPositionsX: [ 239, 252, 253, 251, 251, 254, 254, 255, 254, 253, 248,
    248, 245, 242, 240, 236, 237, 234, 231, 231, 233, 228, 233, 230, 230,
    233, 237, 239, 242, 241, 244, 246, 249, 249, 250, 250, 248, 248, 245,
    245, 246, 244, 240, 238, 236, 236, 236, 232, 233, 235, 235, 232, 238,
    236, 239, 238, 244, 245, 245, 246, 248, 247, 247, 246, 249, 246, 248,
    245, 247, 245, 246, 242, 242, 241, 242, 238, 241, 237, 239, 237, 240,
    239, 238, 241, 240, 241, 237, 241, 238, 238, 242, 241, 241, 241, 243,
    241, 240, 240, 240, 242 ]
headPositionsY: [ 80, 76, 78, 73, 76, 74, 74, 77, 79, 77, 76, 76, 80, 79,
    79, 78, 79, 76, 76, 77, 78, 75, 78, 77, 79, 80, 79, 76, 79, 75, 76,
    79, 79, 77, 76, 79, 77, 76, 79, 76, 77, 80, 80, 77, 76, 76, 78, 78,
    78, 79, 79, 78, 75, 79, 78, 78, 79, 75, 79, 77, 80, 79, 78, 76, 76,
    75, 80, 77, 79, 77, 78, 79, 76, 77, 77, 74, 76, 75, 75, 80, 75, 78,
    76, 77, 77, 77, 77, 76, 80, 80, 77, 80, 79, 79, 76, 79, 76, 77, 77,
    75 ]
