%YAML:1.0
---
videoName: "headShake20.mp4"
gestureLabel: 201
fps: 29
pixelSizeInCmTemp: 3.3263888888888887e-01
faceCenterPointX: 242
faceCenterPointY: 78
headPositionsX: [ 243, 245, 246, 244, 243, 245, 246, 241, 242, 244, 244,
    242, 246, 244, 244, 242, 241, 244, 242, 243, 243, 244, 245, 241, 245,
    244, 242, 242, 242, 241, 244, 245, 245, 241, 243, 245, 243, 242, 246,
    243, 249, 253, 254, 256, 259, 259, 256, 255, 249, 245, 235, 236, 233,
    232, 229, 234, 236, 246, 249, 253, 250, 252, 250, 246, 241, 240, 236,
    234, 229, 234, 235, 239, 243, 244, 248, 246, 247, 243, 245, 241, 240,
    240, 241, 239, 242, 239, 245, 241, 241, 246, 242, 243, 245, 245, 243,
    245, 243, 241, 242, 241 ]
headPositionsY: [ 78, 75, 78, 74, 74, 77, 78, 76, 76, 77, 77, 76, 77, 77,
    74, 78, 75, 77, 75, 78, 77, 75, 75, 76, 74, 78, 78, 76, 76, 78, 76,
    76, 74, 77, 78, 75, 75, 78, 76, 78, 78, 76, 76, 74, 74, 77, 74, 79,
    79, 77, 77, 77, 79, 76, 73, 77, 75, 74, 78, 75, 77, 76, 73, 75, 77,
    77, 79, 76, 77, 79, 77, 77, 75, 76, 79, 78, 79, 79, 78, 77, 75, 75,
    77, 76, 76, 77, 77, 75, 76, 79, 76, 79, 77, 77, 78, 77, 79, 75, 79,
    76 ]
