%YAML:1.0
---
videoName: "headShake5.mp4"
gestureLabel: 201
fps: 30
pixelSizeInCmTemp: 3.3263888888888887e-01
faceCenterPointX: 275
faceCenterPointY: 73
headPositionsX: [ 277, 278, 278, 275, 276, 278, 279, 278, 276, 276, 277,
    280, 279, 278, 276, 279, 276, 278, 278, 279, 276, 280, 278, 275, 276,
    279, 279, 275, 280, 275, 276, 277, 280, 281, 280, 285, 288, 294, 297,
    296, 294, 292, 288, 285, 279, 274, 265, 262, 265, 264, 267, 273, 283,
    287, 290, 291, 287, 286, 280, 276, 266, 263, 262, 263, 265, 269, 275,
    281, 281, 285, 285, 281, 279, 280, 275, 270, 266, 265, 268, 267, 271,
    272, 272, 279, 282, 283, 283, 281, 280, 281, 281, 281, 275, 274, 273,
    273, 276, 275, 277, 274 ]
headPositionsY: [ 73, 72, 73, 73, 71, 75, 74, 73, 72, 74, 72, 71, 74, 72,
    73, 73, 74, 71, 72, 75, 72, 74, 72, 75, 75, 71, 72, 71, 76, 75, 74,
    72, 71, 75, 71, 75, 71, 72, 73, 74, 73, 70, 74, 74, 73, 74, 71, 74,
    73, 71, 74, 74, 76, 75, 75, 75, 72, 74, 77, 73, 75, 75, 74, 76, 72,
    75, 74, 75, 75, 72, 75, 72, 76, 75, 72, 75, 75, 73, 74, 73, 73, 70,
    70, 74, 71, 72, 71, 74, 72, 74, 70, 74, 71, 73, 73, 72, 72, 72, 71,
    71 ]
