%YAML:1.0
---
videoName: "headShake21.mp4"
gestureLabel: 201
fps: 29
pixelSizeInCmTemp: 3.1933333333333330e-01
faceCenterPointX: 241
faceCenterPointY: 78
headPositionsX: [ 243, 245, 243, 244, 241, 240, 240, 244, 240, 244, 243,
    243, 243, 240, 239, 241, 242, 240, 243, 241, 243, 243, 245, 242, 245,
    244, 245, 241, 241, 241, 243, 244, 241, 241, 242, 242, 244, 244, 244,
    240, 240, 240, 240, 244, 240, 241, 241, 240, 243, 241, 240, 239, 241,
    243, 240, 240, 239, 243, 242, 244, 242, 239, 241, 242, 240, 240, 240,
    240, 244, 248, 251, 250, 252, 251, 244, 240, 238, 231, 234, 235, 236,
    239, 239, 240, 240, 243, 244, 241, 241, 241, 237, 237, 240, 240, 240,
    241, 242, 242, 244, 242 ]
headPositionsY: [ 78, 84, 81, 81, 79, 73, 76, 71, 70, 74, 73, 72, 71, 71,
    71, 73, 72, 73, 70, 73, 72, 72, 74, 74, 72, 74, 76, 73, 75, 75, 73,
    76, 76, 77, 75, 76, 76, 77, 75, 78, 77, 78, 78, 77, 76, 77, 79, 76,
    77, 78, 78, 80, 77, 79, 81, 77, 78, 78, 79, 78, 76, 77, 77, 76, 79,
    78, 76, 79, 80, 75, 76, 78, 76, 77, 78, 80, 80, 79, 76, 75, 76, 76,
    77, 78, 78, 79, 79, 79, 76, 80, 79, 80, 77, 76, 77, 79, 80, 76, 78,
    78 ]
