%YAML:1.0
---
videoName: "headShake19.mp4"
gestureLabel: 201
fps: 29
pixelSizeInCmTemp: 3.1933333333333330e-01
faceCenterPointX: 243
faceCenterPointY: 78
headPositionsX: [ 243, 245, 245, 242, 244, 242, 244, 245, 242, 244, 245,
    242, 242, 242, 242, 242, 242, 245, 244, 241, 240, 242, 243, 244, 242,
    242, 244, 244, 244, 245, 243, 242, 242, 242, 244, 242, 239, 238, 235,
    231, 231, 235, 237, 243, 248, 254, 254, 259, 256, 254, 250, 247, 236,
    236, 231, 229, 231, 235, 239, 239, 244, 245, 250, 246, 244, 244, 243,
    239, 237, 237, 234, 237, 236, 241, 240, 245, 245, 244, 246, 244, 244,
    242, 242, 244, 239, 240, 240, 240, 240, 242, 242, 243, 243, 242, 241,
    241, 245, 244, 245, 244 ]
headPositionsY: [ 80, 74, 75, 77, 76, 77, 75, 74, 77, 78, 76, 76, 78, 78,
    78, 74, 76, 75, 78, 79, 77, 79, 74, 79, 79, 78, 77, 78, 75, 77, 77,
    75, 77, 78, 75, 75, 79, 76, 79, 75, 78, 75, 76, 76, 77, 76, 74, 77,
    78, 77, 78, 76, 74, 76, 74, 77, 74, 75, 77, 75, 79, 79, 77, 74, 79,
    77, 77, 78, 75, 77, 79, 76, 75, 77, 76, 76, 80, 76, 79, 80, 78, 80,
    78, 79, 77, 76, 76, 78, 77, 79, 79, 79, 76, 76, 77, 80, 79, 77, 80,
    79 ]
