%YAML:1.0
---
videoName: "headShake14.mp4"
gestureLabel: 201
fps: 29
pixelSizeInCmTemp: 3.2364864864864862e-01
faceCenterPointX: 244
faceCenterPointY: 76
headPositionsX: [ 246, 248, 243, 247, 245, 244, 246, 246, 247, 245, 246,
    244, 246, 247, 245, 244, 242, 247, 243, 246, 246, 245, 244, 246, 247,
    247, 250, 251, 253, 258, 263, 261, 261, 260, 258, 251, 245, 242, 237,
    228, 227, 223, 227, 229, 230, 237, 243, 248, 250, 254, 257, 259, 251,
    249, 248, 244, 239, 236, 232, 233, 235, 235, 237, 240, 241, 245, 243,
    249, 250, 247, 251, 249, 249, 250, 245, 242, 246, 244, 241, 241, 241,
    239, 242, 241, 240, 240, 243, 244, 246, 247, 244, 244, 246, 244, 246,
    244, 243, 242, 243, 243 ]
headPositionsY: [ 77, 74, 73, 77, 76, 76, 76, 74, 75, 74, 75, 74, 78, 73,
    76, 75, 77, 74, 75, 74, 76, 76, 73, 76, 78, 77, 74, 76, 72, 73, 75,
    72, 73, 72, 73, 73, 76, 73, 78, 76, 77, 74, 75, 75, 77, 73, 74, 76,
    71, 72, 74, 73, 74, 72, 76, 74, 75, 75, 74, 73, 76, 77, 74, 75, 74,
    73, 76, 78, 78, 76, 75, 74, 75, 78, 77, 74, 75, 76, 76, 76, 73, 73,
    76, 75, 75, 75, 74, 78, 78, 76, 76, 78, 78, 78, 74, 76, 78, 78, 79,
    78 ]
