%YAML:1.0
---
videoName: "headShake35.mp4"
gestureLabel: 201
fps: 29
pixelSizeInCmTemp: 3.2364864864864862e-01
faceCenterPointX: 267
faceCenterPointY: 82
headPositionsX: [ 268, 269, 266, 267, 267, 269, 269, 267, 266, 267, 270,
    269, 266, 268, 269, 268, 267, 267, 267, 269, 268, 269, 266, 268, 270,
    268, 270, 267, 266, 270, 266, 269, 270, 268, 267, 267, 268, 266, 270,
    266, 266, 268, 269, 267, 266, 269, 267, 266, 269, 266, 267, 267, 267,
    267, 265, 269, 267, 268, 265, 269, 269, 269, 269, 273, 275, 275, 276,
    280, 281, 278, 278, 271, 267, 260, 259, 257, 260, 263, 263, 271, 273,
    278, 275, 271, 270, 265, 265, 263, 263, 259, 264, 266, 267, 269, 266,
    265, 265, 266, 267, 269 ]
headPositionsY: [ 82, 78, 81, 77, 81, 78, 78, 79, 79, 80, 81, 78, 80, 79,
    81, 80, 81, 81, 82, 78, 79, 78, 79, 81, 82, 81, 77, 81, 81, 81, 79,
    77, 79, 81, 80, 79, 79, 82, 78, 80, 80, 81, 81, 82, 79, 80, 80, 79,
    80, 81, 82, 81, 79, 81, 79, 79, 80, 79, 78, 79, 82, 83, 80, 80, 81,
    82, 81, 79, 81, 81, 82, 82, 80, 83, 82, 78, 82, 82, 80, 84, 81, 82,
    83, 81, 81, 80, 81, 80, 80, 83, 83, 79, 83, 79, 81, 82, 80, 81, 79,
    82 ]
