%YAML:1.0
---
videoName: "headShake41.mp4"
gestureLabel: 201
fps: 29
pixelSizeInCmTemp: 3.2364864864864862e-01
faceCenterPointX: 264
faceCenterPointY: 85
headPositionsX: [ 264, 259, 263, 260, 259, 263, 261, 259, 263, 261, 260,
    261, 259, 261, 260, 263, 262, 260, 263, 258, 262, 261, 262, 265, 265,
    269, 273, 272, 272, 277, 277, 277, 282, 283, 279, 282, 281, 282, 280,
    278, 274, 272, 264, 264, 256, 255, 250, 249, 245, 248, 246, 245, 245,
    247, 249, 249, 251, 252, 258, 260, 262, 268, 271, 271, 273, 275, 278,
    276, 279, 275, 278, 275, 272, 270, 273, 269, 267, 267, 265, 265, 263,
    261, 266, 261, 261, 263, 262, 263, 262, 264, 263, 264, 262, 261, 261,
    264, 263, 263, 265, 262 ]
headPositionsY: [ 87, 81, 85, 86, 84, 83, 81, 83, 85, 83, 86, 84, 83, 82,
    82, 85, 85, 82, 82, 83, 85, 85, 86, 86, 85, 83, 80, 80, 81, 79, 83,
    79, 83, 79, 79, 79, 79, 83, 84, 83, 84, 82, 83, 85, 84, 84, 82, 86,
    84, 84, 81, 82, 83, 86, 86, 83, 84, 83, 86, 86, 85, 83, 83, 82, 81,
    84, 86, 83, 86, 83, 83, 83, 86, 86, 86, 85, 85, 84, 84, 83, 83, 84,
    83, 86, 82, 83, 82, 84, 86, 85, 84, 86, 87, 84, 86, 83, 86, 83, 82,
    85 ]
