%YAML:1.0
---
videoName: "headShake43.mp4"
gestureLabel: 201
fps: 29
pixelSizeInCmTemp: 3.2808219178082193e-01
faceCenterPointX: 257
faceCenterPointY: 84
headPositionsX: [ 258, 260, 261, 259, 261, 260, 259, 259, 258, 261, 263,
    262, 260, 261, 259, 259, 259, 258, 259, 260, 258, 261, 261, 261, 261,
    264, 260, 267, 268, 270, 273, 275, 278, 276, 277, 285, 280, 278, 276,
    277, 268, 266, 261, 258, 251, 248, 246, 244, 243, 241, 246, 250, 255,
    263, 268, 270, 271, 276, 274, 274, 273, 264, 260, 258, 252, 248, 246,
    241, 240, 247, 247, 252, 254, 260, 264, 267, 270, 269, 271, 269, 268,
    265, 264, 266, 263, 259, 258, 258, 258, 259, 256, 255, 258, 259, 258,
    254, 257, 256, 258, 256 ]
headPositionsY: [ 82, 85, 86, 83, 85, 85, 85, 86, 84, 84, 85, 86, 86, 84,
    85, 87, 87, 85, 84, 83, 86, 84, 85, 84, 84, 83, 86, 84, 87, 85, 84,
    82, 83, 82, 85, 80, 82, 80, 84, 83, 87, 87, 87, 87, 86, 82, 85, 82,
    82, 82, 83, 85, 82, 85, 86, 82, 81, 80, 83, 84, 84, 82, 83, 83, 83,
    84, 81, 81, 83, 85, 85, 83, 84, 87, 84, 85, 82, 81, 83, 84, 85, 86,
    82, 85, 83, 87, 86, 82, 83, 82, 84, 83, 81, 85, 83, 84, 85, 81, 85,
    81 ]
