%YAML:1.0
---
videoName: "headShake23.mp4"
gestureLabel: 201
fps: 29
pixelSizeInCmTemp: 3.2808219178082193e-01
faceCenterPointX: 240
faceCenterPointY: 77
headPositionsX: [ 238, 243, 242, 242, 240, 243, 243, 243, 241, 240, 241,
    241, 242, 244, 242, 242, 242, 239, 241, 240, 240, 241, 242, 244, 251,
    252, 254, 252, 256, 253, 252, 254, 254, 248, 249, 245, 242, 237, 233,
    230, 230, 233, 227, 227, 228, 232, 230, 235, 237, 236, 242, 247, 248,
    252, 252, 253, 251, 254, 251, 249, 251, 247, 249, 244, 244, 242, 238,
    236, 234, 238, 236, 233, 234, 232, 234, 233, 235, 237, 237, 235, 241,
    241, 241, 243, 243, 245, 245, 246, 247, 242, 246, 244, 246, 245, 243,
    244, 241, 245, 243, 241 ]
headPositionsY: [ 77, 74, 78, 77, 75, 76, 75, 75, 76, 78, 78, 77, 77, 78,
    79, 78, 76, 77, 74, 79, 75, 77, 76, 76, 79, 76, 75, 75, 75, 77, 78,
    76, 77, 76, 79, 76, 77, 77, 78, 75, 76, 77, 76, 77, 79, 78, 77, 77,
    77, 80, 79, 77, 77, 75, 77, 77, 75, 74, 76, 78, 76, 80, 77, 80, 78,
    79, 77, 77, 78, 76, 77, 79, 76, 79, 77, 78, 78, 77, 80, 78, 75, 80,
    77, 77, 75, 78, 77, 77, 78, 76, 80, 77, 78, 76, 76, 78, 79, 76, 78,
    78 ]
