%YAML:1.0
---
videoName: "headShake32.mp4"
gestureLabel: 201
fps: 29
pixelSizeInCmTemp: 3.2808219178082193e-01
faceCenterPointX: 237
faceCenterPointY: 77
headPositionsX: [ 238, 238, 239, 238, 239, 239, 238, 239, 236, 238, 236,
    240, 240, 239, 239, 240, 241, 242, 239, 239, 243, 243, 239, 239, 241,
    241, 242, 240, 240, 242, 237, 238, 238, 239, 238, 241, 240, 240, 238,
    242, 242, 247, 246, 248, 251, 249, 249, 252, 252, 251, 252, 250, 245,
    242, 243, 238, 239, 232, 233, 229, 231, 228, 228, 226, 225, 229, 228,
    228, 231, 231, 236, 238, 242, 240, 248, 247, 247, 249, 249, 248, 248,
    245, 248, 245, 244, 242, 239, 240, 241, 239, 237, 240, 239, 239, 239,
    235, 236, 236, 237, 240 ]
headPositionsY: [ 78, 72, 72, 72, 75, 74, 72, 71, 74, 73, 74, 75, 73, 73,
    74, 72, 73, 76, 74, 75, 75, 75, 74, 73, 73, 77, 74, 72, 74, 74, 72,
    73, 74, 76, 74, 74, 73, 72, 73, 77, 75, 76, 75, 74, 73, 72, 74, 73,
    75, 74, 72, 75, 74, 76, 78, 77, 75, 74, 73, 75, 75, 73, 74, 76, 74,
    75, 76, 77, 74, 75, 78, 77, 78, 74, 75, 77, 74, 76, 77, 74, 75, 78,
    77, 78, 77, 75, 76, 79, 76, 76, 75, 76, 77, 77, 80, 76, 76, 78, 75,
    79 ]
