%YAML:1.0
---
videoName: "headShake11.mp4"
gestureLabel: 201
fps: 29
pixelSizeInCmTemp: 3.2364864864864862e-01
faceCenterPointX: 244
faceCenterPointY: 76
headPositionsX: [ 244, 240, 241, 239, 240, 241, 241, 243, 240, 240, 242,
    242, 242, 240, 239, 240, 244, 244, 240, 243, 243, 242, 241, 241, 242,
    242, 243, 244, 245, 249, 256, 255, 259, 261, 261, 260, 263, 257, 255,
    249, 242, 237, 236, 228, 226, 227, 231, 232, 236, 242, 245, 252, 254,
    259, 260, 260, 258, 252, 248, 246, 239, 233, 232, 233, 230, 231, 233,
    239, 243, 248, 251, 257, 260, 257, 259, 254, 251, 250, 244, 242, 237,
    235, 236, 236, 237, 236, 238, 242, 242, 246, 247, 248, 246, 249, 248,
    248, 246, 247, 247, 246 ]
headPositionsY: [ 74, 74, 71, 71, 71, 74, 75, 72, 73, 71, 71, 71, 72, 73,
    71, 73, 73, 73, 72, 73, 73, 71, 74, 74, 71, 74, 72, 75, 70, 75, 72,
    73, 73, 74, 69, 70, 71, 71, 74, 77, 74, 74, 72, 76, 75, 76, 73, 74,
    76, 74, 74, 76, 72, 71, 75, 72, 71, 72, 75, 75, 77, 75, 76, 74, 78,
    73, 77, 74, 75, 75, 76, 72, 73, 70, 72, 73, 74, 73, 78, 73, 77, 73,
    73, 75, 75, 74, 74, 75, 73, 76, 75, 77, 74, 72, 77, 74, 77, 74, 73,
    77 ]
