%YAML:1.0
---
videoName: "headShake27.mp4"
gestureLabel: 201
fps: 29
pixelSizeInCmTemp: 3.3263888888888887e-01
faceCenterPointX: 244
faceCenterPointY: 78
headPositionsX: [ 242, 246, 247, 249, 248, 252, 256, 254, 256, 255, 255,
    256, 254, 255, 254, 250, 248, 248, 246, 244, 241, 237, 238, 234, 236,
    234, 233, 230, 232, 235, 233, 232, 235, 236, 239, 238, 242, 242, 245,
    248, 246, 250, 248, 247, 252, 249, 249, 249, 249, 247, 247, 242, 240,
    243, 235, 239, 234, 232, 235, 231, 231, 233, 236, 236, 235, 235, 237,
    239, 243, 238, 241, 243, 247, 247, 249, 246, 249, 248, 250, 247, 245,
    247, 246, 244, 246, 247, 247, 247, 243, 245, 244, 246, 243, 246, 245,
    246, 246, 244, 246, 243 ]
headPositionsY: [ 76, 77, 79, 76, 77, 74, 78, 74, 74, 75, 76, 74, 76, 74,
    80, 77, 80, 77, 80, 76, 79, 77, 76, 80, 77, 79, 79, 78, 79, 77, 80,
    80, 81, 79, 79, 79, 77, 79, 79, 78, 80, 80, 82, 77, 79, 77, 81, 77,
    79, 79, 81, 77, 80, 82, 77, 81, 80, 79, 81, 78, 77, 77, 77, 77, 80,
    80, 78, 81, 79, 78, 77, 79, 80, 79, 81, 80, 80, 81, 81, 78, 80, 78,
    78, 79, 80, 79, 81, 78, 79, 81, 78, 79, 78, 82, 81, 78, 78, 77, 80,
    78 ]
