%YAML:1.0
---
videoName: "headShake31.mp4"
gestureLabel: 201
fps: 29
pixelSizeInCmTemp: 3.2808219178082193e-01
faceCenterPointX: 236
faceCenterPointY: 68
headPositionsX: [ 234, 235, 236, 236, 236, 237, 236, 239, 235, 237, 235,
    237, 237, 235, 239, 235, 239, 235, 235, 238, 237, 237, 239, 239, 237,
    236, 235, 239, 235, 239, 237, 238, 235, 236, 233, 233, 233, 239, 243,
    244, 249, 250, 252, 251, 250, 248, 244, 237, 230, 227, 222, 224, 220,
    222, 229, 234, 240, 246, 246, 245, 244, 242, 242, 239, 234, 232, 230,
    227, 228, 231, 230, 237, 240, 241, 240, 240, 244, 244, 242, 240, 239,
    234, 237, 236, 236, 235, 236, 233, 232, 235, 233, 236, 235, 235, 234,
    238, 235, 237, 238, 233 ]
headPositionsY: [ 68, 66, 69, 65, 66, 67, 67, 69, 68, 68, 67, 64, 65, 69,
    66, 68, 66, 68, 68, 66, 68, 68, 68, 69, 67, 69, 65, 67, 68, 68, 67,
    68, 67, 69, 66, 67, 66, 65, 66, 67, 68, 64, 68, 64, 68, 65, 66, 69,
    68, 68, 66, 67, 66, 72, 70, 70, 68, 70, 71, 71, 70, 70, 67, 71, 68,
    71, 67, 70, 66, 68, 71, 67, 71, 69, 69, 69, 66, 67, 71, 68, 68, 66,
    69, 69, 67, 68, 66, 70, 70, 70, 66, 70, 68, 69, 70, 70, 67, 71, 70,
    71 ]
