%YAML:1.0
---
videoName: "headShake20.mp4"
gestureLabel: 201
fps: 29
pixelSizeInCmTemp: 3.3263888888888887e-01
faceCenterPointX: 242
faceCenterPointY: 78
headPositionsX: [ 240, 242, 244, 246, 242, 243, 246, 243, 245, 244, 244,
    245, 243, 245, 244, 241, 242, 244, 243, 244, 242, 242, 242, 241, 243,
    243, 241, 245, 245, 244, 244, 242, 243, 241, 242, 242, 241, 243, 245,
    246, 246, 251, 257, 259, 260, 260, 255, 255, 248, 243, 235, 234, 230,
    229, 229, 234, 239, 246, 250, 253, 252, 254, 251, 247, 245, 239, 233,
    234, 232, 231, 235, 238, 239, 243, 246, 245, 248, 246, 243, 240, 238,
    242, 241, 238, 242, 243, 245, 245, 242, 242, 241, 244, 244, 243, 244,
    241, 240, 243, 240, 242 ]
headPositionsY: [ 80, 76, 74, 78, 74, 78, 78, 76, 76, 79, 78, 75, 75, 79,
    75, 78, 77, 76, 77, 74, 75, 77, 75, 75, 75, 75, 74, 75, 74, 78, 77,
    75, 76, 78, 77, 77, 75, 74, 78, 77, 78, 76, 74, 73, 76, 75, 74, 77,
    79, 77, 76, 77, 79, 73, 74, 77, 74, 78, 77, 76, 73, 74, 74, 74, 78,
    78, 77, 76, 77, 76, 78, 75, 78, 78, 77, 76, 79, 78, 79, 78, 79, 75,
    75, 75, 76, 79, 75, 76, 79, 80, 77, 80, 76, 80, 78, 76, 79, 76, 75,
    76 ]
