%YAML:1.0
---
videoName: "headShake40.mp4"
gestureLabel: 201
fps: 29
pixelSizeInCmTemp: 3.2808219178082193e-01
faceCenterPointX: 261
faceCenterPointY: 86
headPositionsX: [ 259, 263, 259, 263, 259, 260, 258, 262, 260, 262, 259,
    262, 260, 260, 263, 259, 259, 263, 261, 261, 262, 261, 263, 262, 262,
    257, 260, 261, 259, 257, 255, 255, 252, 254, 255, 255, 254, 260, 267,
    272, 275, 278, 280, 278, 276, 273, 273, 264, 260, 253, 251, 250, 246,
    247, 251, 250, 255, 261, 263, 267, 269, 273, 268, 267, 266, 265, 261,
    257, 258, 257, 258, 257, 261, 263, 262, 265, 267, 269, 267, 266, 267,
    263, 261, 261, 257, 258, 257, 256, 258, 258, 261, 256, 260, 261, 261,
    261, 260, 262, 261, 263 ]
headPositionsY: [ 85, 85, 81, 82, 81, 83, 81, 83, 84, 85, 86, 84, 82, 81,
    84, 83, 85, 83, 85, 82, 84, 84, 86, 82, 83, 83, 82, 83, 83, 86, 83,
    82, 84, 85, 82, 84, 83, 82, 85, 81, 79, 82, 81, 78, 81, 79, 82, 81,
    82, 81, 84, 85, 83, 83, 80, 85, 85, 85, 83, 80, 85, 81, 81, 82, 84,
    83, 82, 82, 82, 81, 84, 80, 82, 82, 84, 82, 82, 83, 82, 85, 82, 84,
    82, 83, 84, 85, 85, 84, 83, 84, 84, 84, 86, 86, 86, 86, 84, 87, 85,
    85 ]
