%YAML:1.0
---
videoName: "headShake18.mp4"
gestureLabel: 201
fps: 30
pixelSizeInCmTemp: 3.2808219178082193e-01
faceCenterPointX: 240
faceCenterPointY: 77
headPositionsX: [ 240, 243, 240, 243, 242, 241, 239, 241, 240, 240, 239,
    240, 243, 241, 239, 241, 239, 241, 239, 240, 240, 239, 241, 243, 238,
    241, 240, 240, 238, 238, 241, 241, 239, 237, 238, 242, 241, 246, 249,
    249, 254, 250, 250, 250, 246, 245, 238, 234, 234, 231, 230, 230, 234,
    239, 242, 246, 247, 250, 249, 245, 244, 240, 239, 233, 233, 235, 233,
    238, 236, 242, 243, 241, 243, 244, 245, 243, 240, 236, 238, 238, 236,
    235, 239, 239, 237, 242, 240, 244, 242, 243, 241, 241, 241, 238, 238,
    238, 239, 238, 238, 239 ]
headPositionsY: [ 75, 75, 75, 76, 76, 77, 76, 75, 75, 75, 75, 74, 73, 77,
    78, 74, 78, 75, 77, 75, 73, 77, 77, 76, 76, 77, 75, 75, 75, 78, 79,
    73, 77, 77, 76, 76, 78, 75, 75, 74, 76, 75, 76, 76, 79, 79, 75, 79,
    79, 74, 76, 76, 78, 78, 74, 79, 76, 74, 77, 75, 75, 75, 77, 76, 78,
    77, 76, 74, 77, 79, 77, 75, 77, 76, 79, 77, 76, 78, 76, 74, 77, 77,
    75, 78, 79, 75, 75, 77, 78, 76, 77, 76, 79, 75, 78, 78, 77, 75, 76,
    76 ]
