%YAML:1.0
---
videoName: "headShake32.mp4"
gestureLabel: 201
fps: 29
pixelSizeInCmTemp: 3.2808219178082193e-01
faceCenterPointX: 237
faceCenterPointY: 77
headPositionsX: [ 239, 238, 238, 236, 235, 238, 239, 237, 237, 240, 236,
    241, 241, 241, 239, 242, 240, 243, 241, 239, 239, 239, 239, 242, 242,
    239, 241, 239, 241, 238, 240, 241, 240, 241, 241, 241, 239, 240, 238,
    241, 244, 247, 248, 250, 249, 252, 249, 251, 252, 252, 250, 249, 247,
    243, 242, 237, 238, 235, 235, 232, 232, 226, 225, 229, 224, 227, 226,
    231, 232, 232, 233, 238, 240, 240, 245, 249, 246, 251, 249, 247, 249,
    249, 245, 244, 243, 241, 241, 241, 237, 240, 240, 238, 236, 238, 239,
    238, 239, 239, 240, 237 ]
headPositionsY: [ 76, 73, 73, 72, 76, 75, 73, 75, 73, 72, 75, 76, 71, 71,
    74, 71, 72, 74, 74, 73, 73, 72, 76, 72, 75, 73, 75, 75, 77, 76, 74,
    74, 75, 75, 76, 73, 73, 74, 74, 75, 73, 74, 75, 74, 74, 73, 74, 71,
    73, 75, 75, 72, 75, 75, 76, 75, 75, 75, 76, 78, 77, 75, 73, 77, 78,
    76, 77, 74, 77, 77, 74, 75, 75, 74, 76, 74, 76, 75, 75, 73, 74, 78,
    77, 79, 79, 79, 74, 78, 76, 76, 79, 79, 79, 79, 76, 78, 78, 76, 78,
    77 ]
