%YAML:1.0
---
videoName: "headShake20.mp4"
gestureLabel: 201
fps: 29
pixelSizeInCmTemp: 3.3263888888888887e-01
faceCenterPointX: 242
faceCenterPointY: 78
headPositionsX: [ 240, 242, 242, 242, 246, 242, 246, 244, 244, 244, 242,
    245, 245, 243, 241, 242, 241, 242, 244, 243, 245, 241, 245, 242, 244,
    244, 244, 241, 241, 244, 244, 242, 244, 241, 243, 244, 244, 240, 244,
    243, 246, 250, 256, 258, 258, 257, 259, 254, 251, 243, 237, 232, 229,
    228, 230, 235, 236, 246, 248, 251, 253, 250, 249, 245, 243, 238, 237,
    233, 233, 230, 235, 236, 242, 244, 246, 246, 244, 243, 245, 240, 239,
    239, 238, 241, 239, 242, 245, 244, 241, 245, 244, 243, 244, 242, 242,
    243, 243, 244, 242, 239 ]
headPositionsY: [ 78, 75, 76, 74, 76, 76, 74, 78, 74, 76, 76, 74, 75, 78,
    77, 74, 76, 76, 77, 75, 77, 76, 74, 77, 74, 74, 75, 77, 75, 79, 75,
    78, 75, 78, 78, 78, 79, 75, 76, 77, 77, 78, 75, 75, 76, 78, 76, 76,
    80, 76, 75, 79, 75, 73, 76, 78, 78, 75, 74, 73, 76, 75, 74, 75, 77,
    78, 78, 78, 77, 75, 76, 78, 75, 76, 78, 78, 79, 78, 79, 78, 79, 77,
    77, 76, 75, 78, 75, 78, 78, 77, 79, 76, 74, 77, 77, 78, 78, 75, 79,
    75 ]
