%YAML:1.0
---
videoName: "headShake8.mp4"
gestureLabel: 201
fps: 29
pixelSizeInCmTemp: 3.2364864864864862e-01
faceCenterPointX: 243
faceCenterPointY: 72
headPositionsX: [ 244, 243, 245, 244, 244, 242, 246, 242, 242, 245, 243,
    243, 243, 246, 246, 244, 241, 244, 242, 246, 245, 242, 242, 242, 244,
    244, 242, 241, 245, 245, 241, 244, 242, 246, 245, 249, 251, 258, 262,
    262, 265, 265, 263, 261, 256, 249, 247, 242, 234, 232, 231, 231, 231,
    238, 244, 247, 256, 260, 258, 261, 258, 255, 251, 248, 242, 237, 235,
    236, 236, 234, 236, 235, 237, 241, 244, 243, 247, 248, 249, 251, 248,
    252, 250, 249, 249, 249, 248, 248, 246, 247, 243, 242, 246, 241, 241,
    242, 244, 244, 244, 241 ]
headPositionsY: [ 70, 71, 71, 72, 70, 74, 71, 74, 70, 74, 71, 74, 74, 74,
    72, 72, 71, 73, 71, 74, 70, 74, 73, 71, 73, 71, 72, 71, 72, 73, 69,
    72, 69, 70, 72, 69, 72, 71, 69, 71, 68, 72, 70, 73, 73, 72, 74, 69,
    69, 71, 72, 72, 70, 69, 71, 73, 72, 68, 70, 71, 69, 71, 71, 71, 71,
    73, 73, 69, 71, 70, 71, 72, 73, 71, 70, 73, 75, 69, 69, 72, 70, 71,
    72, 70, 73, 73, 71, 74, 71, 70, 69, 69, 72, 73, 72, 69, 73, 72, 73,
    70 ]
