%YAML:1.0
---
videoName: "headShake10.mp4"
gestureLabel: 201
fps: 29
pixelSizeInCmTemp: 3.3732394366197183e-01
faceCenterPointX: 240
faceCenterPointY: 74
headPositionsX: [ 242, 247, 247, 247, 243, 246, 247, 245, 244, 247, 246,
    248, 246, 247, 248, 247, 246, 244, 247, 244, 244, 244, 244, 247, 245,
    247, 244, 245, 245, 248, 248, 248, 248, 244, 247, 245, 244, 245, 247,
    247, 244, 244, 245, 246, 247, 245, 244, 246, 245, 246, 246, 251, 250,
    255, 257, 259, 263, 259, 262, 257, 255, 250, 248, 243, 237, 233, 230,
    233, 230, 234, 238, 240, 245, 250, 253, 255, 256, 258, 257, 256, 249,
    250, 247, 243, 244, 239, 242, 241, 238, 239, 239, 239, 239, 243, 240,
    241, 239, 239, 239, 244 ]
headPositionsY: [ 72, 75, 72, 73, 72, 75, 73, 74, 72, 75, 71, 73, 72, 75,
    71, 72, 73, 75, 75, 72, 75, 72, 73, 73, 73, 73, 71, 75, 75, 71, 75,
    73, 75, 74, 74, 76, 73, 72, 74, 73, 73, 73, 72, 71, 73, 73, 71, 76,
    70, 72, 73, 71, 72, 72, 73, 69, 72, 71, 69, 71, 75, 73, 75, 73, 71,
    76, 76, 75, 71, 72, 73, 72, 76, 71, 74, 74, 71, 73, 71, 75, 73, 77,
    74, 76, 75, 75, 75, 78, 75, 78, 74, 75, 73, 74, 74, 75, 75, 75, 76,
    75 ]
