%YAML:1.0
---
videoName: "headShake12.mp4"
gestureLabel: 201
fps: 29
pixelSizeInCmTemp: 3.2808219178082193e-01
faceCenterPointX: 241
faceCenterPointY: 76
headPositionsX: [ 239, 242, 240, 242, 243, 240, 244, 242, 243, 243, 243,
    242, 242, 241, 241, 244, 243, 239, 243, 241, 239, 244, 241, 241, 244,
    242, 240, 239, 244, 239, 244, 241, 242, 241, 243, 242, 244, 240, 242,
    242, 243, 241, 240, 241, 243, 241, 243, 240, 240, 244, 243, 242, 241,
    244, 241, 239, 242, 244, 243, 244, 248, 254, 252, 256, 258, 257, 257,
    254, 246, 241, 236, 235, 233, 230, 236, 241, 244, 251, 251, 255, 252,
    252, 250, 247, 241, 242, 234, 235, 238, 235, 236, 236, 238, 239, 241,
    239, 240, 240, 241, 242 ]
headPositionsY: [ 75, 74, 73, 74, 73, 74, 73, 71, 76, 74, 75, 74, 75, 73,
    74, 75, 75, 71, 73, 75, 72, 72, 74, 74, 71, 73, 73, 76, 75, 72, 73,
    73, 77, 76, 74, 74, 76, 74, 72, 73, 72, 72, 73, 73, 72, 75, 75, 73,
    75, 73, 76, 75, 76, 73, 75, 72, 75, 76, 75, 74, 74, 73, 74, 71, 71,
    75, 74, 75, 74, 74, 74, 74, 78, 74, 75, 75, 77, 77, 76, 73, 77, 73,
    77, 78, 77, 74, 77, 76, 77, 74, 74, 77, 74, 75, 75, 77, 76, 74, 76,
    75 ]
