%YAML:1.0
---
videoName: "headShake24.mp4"
gestureLabel: 201
fps: 29
pixelSizeInCmTemp: 3.2808219178082193e-01
faceCenterPointX: 240
faceCenterPointY: 78
headPositionsX: [ 241, 249, 250, 251, 253, 253, 255, 252, 253, 249, 247,
    245, 242, 244, 242, 238, 234, 232, 234, 229, 231, 230, 232, 230, 230,
    237, 235, 237, 243, 244, 245, 245, 251, 252, 248, 251, 251, 248, 247,
    244, 244, 241, 239, 237, 237, 238, 234, 233, 235, 232, 233, 233, 234,
    237, 240, 241, 242, 245, 246, 244, 244, 246, 249, 248, 249, 248, 250,
    246, 247, 244, 243, 246, 242, 241, 243, 238, 237, 241, 240, 240, 238,
    241, 239, 240, 236, 239, 239, 238, 242, 239, 238, 241, 242, 240, 239,
    241, 240, 241, 239, 241 ]
headPositionsY: [ 76, 78, 75, 76, 73, 77, 73, 76, 79, 79, 77, 77, 78, 80,
    77, 77, 79, 75, 79, 77, 76, 78, 79, 80, 78, 76, 75, 77, 76, 77, 76,
    75, 76, 78, 79, 77, 76, 76, 77, 80, 79, 80, 76, 79, 76, 75, 76, 75,
    76, 77, 79, 80, 79, 76, 78, 79, 80, 79, 80, 77, 77, 80, 76, 75, 75,
    77, 79, 78, 75, 76, 78, 77, 75, 79, 79, 76, 80, 76, 78, 79, 78, 78,
    78, 80, 78, 78, 79, 79, 80, 76, 77, 80, 79, 79, 78, 76, 79, 76, 79,
    79 ]
