%YAML:1.0
---
videoName: "headShake16.mp4"
gestureLabel: 201
fps: 29
pixelSizeInCmTemp: 3.2364864864864862e-01
faceCenterPointX: 242
faceCenterPointY: 77
headPositionsX: [ 243, 245, 243, 243, 243, 243, 244, 242, 243, 244, 246,
    244, 243, 245, 243, 244, 244, 245, 243, 246, 244, 242, 241, 242, 243,
    245, 241, 242, 244, 242, 244, 242, 243, 242, 242, 239, 240, 244, 247,
    247, 252, 255, 255, 253, 254, 249, 250, 244, 242, 236, 236, 233, 237,
    236, 239, 244, 246, 245, 247, 248, 248, 249, 248, 244, 240, 237, 237,
    236, 232, 233, 234, 235, 235, 239, 240, 244, 244, 245, 243, 242, 245,
    241, 240, 242, 241, 239, 239, 238, 240, 242, 241, 241, 242, 243, 240,
    244, 242, 242, 244, 245 ]
headPositionsY: [ 77, 76, 77, 78, 76, 77, 77, 77, 75, 74, 78, 78, 78, 77,
    76, 75, 74, 76, 78, 75, 77, 76, 75, 75, 77, 75, 77, 75, 77, 74, 75,
    77, 76, 76, 77, 77, 77, 79, 77, 77, 77, 75, 73, 73, 74, 77, 74, 75,
    76, 76, 77, 75, 77, 76, 75, 79, 78, 78, 75, 76, 75, 78, 79, 76, 76,
    79, 74, 78, 76, 79, 79, 78, 74, 79, 76, 75, 76, 79, 79, 76, 79, 75,
    77, 77, 77, 78, 79, 77, 79, 79, 76, 74, 75, 77, 77, 75, 77, 79, 74,
    76 ]
