%YAML:1.0
---
videoName: "headShake45.mp4"
gestureLabel: 201
fps: 30
pixelSizeInCmTemp: 3.3263888888888887e-01
faceCenterPointX: 262
faceCenterPointY: 84
headPositionsX: [ 262, 262, 263, 264, 262, 265, 263, 264, 264, 265, 264,
    264, 263, 265, 263, 264, 263, 262, 262, 262, 260, 263, 263, 261, 264,
    262, 263, 261, 263, 263, 262, 264, 261, 260, 262, 263, 260, 261, 258,
    255, 256, 256, 257, 264, 269, 276, 280, 281, 280, 276, 272, 266, 262,
    254, 255, 255, 257, 262, 267, 272, 275, 275, 274, 267, 264, 258, 255,
    257, 256, 258, 264, 270, 271, 271, 273, 269, 263, 258, 258, 258, 257,
    256, 259, 263, 262, 263, 265, 261, 259, 258, 259, 262, 262, 261, 263,
    261, 264, 264, 262, 263 ]
headPositionsY: [ 84, 81, 84, 83, 83, 82, 81, 82, 80, 85, 80, 84, 81, 82,
    84, 83, 81, 82, 83, 83, 80, 79, 84, 83, 80, 82, 80, 84, 81, 82, 82,
    85, 81, 80, 80, 83, 82, 80, 84, 84, 84, 83, 83, 84, 80, 81, 78, 79,
    78, 81, 84, 83, 82, 80, 81, 85, 84, 84, 81, 80, 80, 84, 79, 81, 81,
    81, 84, 82, 85, 80, 82, 80, 82, 79, 82, 84, 84, 85, 83, 81, 83, 82,
    85, 80, 86, 82, 84, 83, 86, 82, 82, 85, 84, 84, 85, 85, 86, 83, 84,
    81 ]
