%YAML:1.0
---
videoName: "headShake1.mp4"
gestureLabel: 201
fps: 29
pixelSizeInCmTemp: 3.3263888888888887e-01
faceCenterPointX: 279
faceCenterPointY: 98
headPositionsX: [ 281, 279, 279, 278, 278, 278, 281, 280, 279, 279, 280,
    281, 277, 279, 279, 279, 277, 279, 277, 281, 278, 277, 281, 280, 278,
    280, 277, 278, 280, 284, 286, 288, 288, 292, 293, 294, 291, 288, 288,
    283, 279, 273, 272, 269, 269, 268, 272, 274, 280, 286, 286, 292, 294,
    290, 292, 287, 285, 281, 273, 268, 270, 267, 269, 270, 273, 279, 284,
    286, 291, 293, 294, 293, 288, 289, 286, 281, 279, 276, 274, 273, 270,
    271, 271, 271, 273, 276, 273, 277, 278, 280, 277, 279, 280, 278, 279,
    282, 279, 281, 277, 281 ]
headPositionsY: [ 98, 98, 96, 99, 98, 97, 98, 99, 98, 98, 99, 95, 95, 97,
    98, 97, 99, 96, 96, 97, 97, 97, 98, 99, 97, 98, 97, 99, 96, 95, 97,
    98, 97, 96, 94, 95, 97, 95, 98, 99, 100, 98, 95, 96, 94, 97, 97, 99,
    95, 93, 96, 93, 97, 98, 97, 97, 99, 95, 97, 95, 95, 95, 97, 96, 96,
    96, 96, 94, 95, 96, 93, 97, 97, 98, 97, 97, 99, 99, 97, 95, 98, 96,
    97, 96, 97, 96, 95, 99, 98, 95, 100, 95, 100, 98, 97, 100, 97, 97,
    95, 97 ]
