%YAML:1.0
---
videoName: "headShake17.mp4"
gestureLabel: 201
fps: 29
pixelSizeInCmTemp: 3.3263888888888887e-01
faceCenterPointX: 242
faceCenterPointY: 76
headPositionsX: [ 240, 239, 237, 240, 239, 237, 239, 241, 245, 246, 249,
    252, 261, 259, 256, 255, 253, 250, 243, 242, 235, 234, 230, 225, 226,
    229, 228, 232, 235, 240, 245, 245, 249, 252, 252, 254, 252, 252, 248,
    246, 244, 241, 236, 232, 234, 231, 230, 234, 232, 238, 237, 239, 243,
    241, 246, 243, 247, 245, 244, 243, 240, 242, 243, 242, 239, 241, 241,
    239, 239, 239, 241, 243, 240, 239, 240, 240, 243, 239, 241, 242, 242,
    242, 241, 239, 242, 241, 239, 240, 240, 240, 243, 243, 242, 240, 243,
    243, 240, 242, 243, 241 ]
headPositionsY: [ 77, 77, 77, 75, 75, 75, 77, 75, 78, 74, 74, 76, 77, 73,
    75, 77, 76, 77, 76, 75, 77, 77, 78, 77, 74, 76, 78, 76, 79, 78, 74,
    75, 74, 76, 75, 73, 73, 78, 74, 79, 75, 79, 78, 75, 74, 75, 76, 75,
    75, 77, 77, 76, 77, 76, 75, 76, 75, 77, 76, 77, 76, 75, 78, 75, 76,
    78, 74, 77, 78, 75, 77, 77, 77, 78, 76, 76, 77, 75, 79, 78, 76, 75,
    75, 74, 76, 76, 76, 76, 78, 77, 74, 77, 77, 76, 77, 75, 74, 74, 74,
    76 ]
