%YAML:1.0
---
videoName: "headShake42.mp4"
gestureLabel: 201
fps: 29
pixelSizeInCmTemp: 3.2808219178082193e-01
faceCenterPointX: 257
faceCenterPointY: 85
headPositionsX: [ 256, 273, 275, 275, 277, 277, 279, 278, 275, 273, 274,
    267, 268, 262, 261, 254, 252, 251, 247, 247, 244, 241, 241, 241, 242,
    244, 247, 253, 255, 257, 262, 268, 272, 274, 279, 280, 279, 276, 277,
    275, 274, 272, 266, 267, 263, 259, 257, 250, 251, 251, 244, 245, 244,
    248, 247, 248, 247, 251, 256, 255, 257, 259, 266, 267, 265, 266, 267,
    269, 266, 268, 266, 267, 269, 264, 263, 265, 259, 262, 260, 259, 261,
    258, 257, 256, 255, 254, 255, 258, 258, 256, 256, 257, 256, 258, 257,
    256, 257, 256, 258, 259 ]
headPositionsY: [ 85, 84, 81, 80, 82, 81, 81, 83, 81, 82, 80, 84, 82, 84,
    83, 83, 85, 85, 82, 84, 85, 84, 86, 87, 85, 85, 82, 83, 87, 83, 84,
    84, 82, 84, 81, 81, 85, 81, 85, 82, 82, 85, 84, 84, 86, 84, 85, 87,
    87, 86, 83, 83, 84, 88, 85, 85, 83, 85, 87, 85, 86, 83, 87, 85, 84,
    86, 84, 85, 87, 86, 87, 86, 86, 84, 87, 86, 87, 86, 84, 84, 86, 88,
    86, 85, 86, 85, 84, 83, 83, 86, 87, 84, 86, 87, 83, 84, 86, 86, 82,
    86 ]
