%YAML:1.0
---
videoName: "headShake13.mp4"
gestureLabel: 201
fps: 29
pixelSizeInCmTemp: 3.2364864864864862e-01
faceCenterPointX: 241
faceCenterPointY: 77
headPositionsX: [ 240, 241, 241, 239, 241, 243, 241, 242, 240, 241, 240,
    241, 243, 240, 240, 239, 240, 241, 239, 242, 240, 244, 242, 240, 243,
    239, 242, 243, 239, 238, 238, 238, 241, 240, 243, 247, 250, 257, 261,
    261, 262, 263, 261, 254, 250, 241, 238, 234, 228, 231, 232, 232, 235,
    240, 243, 248, 248, 249, 248, 248, 244, 241, 236, 234, 230, 233, 231,
    233, 238, 242, 244, 249, 249, 251, 248, 249, 250, 245, 240, 240, 235,
    231, 235, 232, 232, 233, 239, 238, 241, 241, 242, 244, 243, 244, 243,
    242, 244, 242, 241, 243 ]
headPositionsY: [ 76, 77, 78, 74, 75, 78, 77, 76, 76, 76, 78, 76, 75, 77,
    78, 74, 76, 77, 77, 76, 78, 76, 76, 78, 77, 77, 76, 75, 74, 76, 77,
    77, 74, 79, 75, 75, 77, 76, 73, 73, 74, 75, 74, 74, 77, 76, 74, 78,
    78, 76, 75, 74, 76, 78, 77, 77, 76, 74, 74, 77, 74, 78, 77, 77, 79,
    78, 75, 77, 79, 78, 74, 76, 78, 76, 74, 75, 78, 78, 74, 77, 78, 76,
    74, 76, 77, 78, 75, 76, 78, 75, 77, 75, 76, 76, 78, 74, 76, 78, 76,
    75 ]
