%YAML:1.0
---
videoName: "headShake37.mp4"
gestureLabel: 201
fps: 30
pixelSizeInCmTemp: 3.1933333333333330e-01
faceCenterPointX: 263
faceCenterPointY: 83
headPositionsX: [ 261, 260, 260, 263, 260, 260, 261, 263, 264, 261, 262,
    261, 264, 261, 265, 260, 264, 264, 264, 263, 262, 263, 260, 265, 261,
    260, 261, 262, 261, 264, 260, 263, 260, 264, 260, 264, 264, 264, 262,
    260, 261, 261, 259, 259, 258, 260, 262, 262, 267, 270, 276, 277, 281,
    280, 283, 278, 273, 264, 258, 253, 251, 253, 254, 256, 262, 270, 271,
    271, 275, 273, 270, 264, 260, 259, 253, 251, 256, 253, 258, 255, 261,
    261, 265, 263, 268, 267, 265, 267, 267, 265, 262, 266, 262, 262, 262,
    262, 262, 264, 266, 263 ]
headPositionsY: [ 82, 80, 82, 85, 84, 81, 84, 83, 83, 82, 84, 85, 84, 85,
    85, 82, 83, 80, 81, 85, 83, 82, 81, 85, 86, 84, 85, 83, 84, 83, 81,
    85, 85, 81, 81, 84, 81, 83, 83, 83, 83, 83, 81, 85, 85, 84, 81, 82,
    85, 81, 83, 81, 80, 80, 83, 81, 81, 82, 81, 84, 80, 81, 83, 81, 83,
    83, 80, 79, 80, 81, 82, 84, 82, 81, 82, 84, 81, 81, 84, 81, 85, 81,
    84, 84, 84, 82, 84, 83, 84, 85, 84, 83, 82, 83, 84, 81, 85, 84, 81,
    81 ]
