%YAML:1.0
---
videoName: "headShake5.mp4"
gestureLabel: 201
fps: 30
pixelSizeInCmTemp: 3.3263888888888887e-01
faceCenterPointX: 275
faceCenterPointY: 73
headPositionsX: [ 276, 275, 278, 275, 276, 276, 280, 277, 279, 280, 280,
    278, 278, 277, 279, 277, 277, 279, 276, 277, 280, 277, 279, 276, 278,
    276, 278, 277, 276, 277, 276, 276, 277, 282, 283, 287, 288, 293, 293,
    295, 293, 291, 291, 284, 279, 272, 267, 263, 261, 262, 269, 276, 280,
    289, 292, 289, 290, 283, 280, 276, 268, 265, 263, 265, 269, 270, 274,
    282, 283, 285, 285, 282, 282, 278, 272, 270, 269, 269, 269, 269, 267,
    270, 273, 276, 278, 283, 283, 283, 283, 280, 279, 278, 275, 275, 275,
    276, 277, 275, 273, 274 ]
headPositionsY: [ 72, 74, 72, 72, 72, 74, 73, 71, 75, 75, 74, 72, 74, 74,
    76, 75, 74, 71, 74, 74, 75, 74, 76, 74, 76, 74, 75, 75, 76, 72, 71,
    74, 74, 72, 73, 74, 74, 71, 74, 73, 74, 70, 73, 74, 73, 73, 71, 73,
    75, 71, 71, 72, 73, 73, 71, 75, 73, 74, 76, 76, 78, 73, 76, 74, 76,
    72, 73, 76, 71, 76, 75, 72, 73, 75, 73, 75, 76, 72, 70, 71, 72, 73,
    74, 72, 75, 72, 70, 74, 72, 71, 72, 71, 72, 73, 73, 72, 74, 75, 73,
    75 ]
