%YAML:1.0
---
videoName: "headShake47.mp4"
gestureLabel: 201
fps: 29
pixelSizeInCmTemp: 3.2364864864864862e-01
faceCenterPointX: 258
faceCenterPointY: 86
headPositionsX: [ 257, 262, 261, 262, 261, 260, 259, 260, 262, 259, 260,
    259, 261, 263, 261, 262, 258, 262, 258, 262, 258, 261, 261, 262, 261,
    261, 261, 261, 259, 261, 258, 260, 261, 257, 258, 257, 253, 250, 249,
    250, 247, 248, 252, 255, 261, 266, 268, 266, 264, 263, 258, 256, 253,
    252, 256, 258, 263, 266, 268, 266, 262, 259, 255, 253, 253, 252, 259,
    263, 263, 264, 261, 260, 255, 254, 252, 253, 258, 257, 262, 264, 265,
    261, 259, 254, 257, 255, 256, 258, 254, 256, 258, 259, 255, 259, 260,
    258, 259, 257, 256, 257 ]
headPositionsY: [ 88, 87, 83, 87, 84, 86, 87, 84, 86, 87, 83, 85, 84, 84,
    84, 85, 85, 86, 84, 84, 83, 86, 85, 84, 83, 84, 85, 83, 86, 87, 85,
    83, 87, 88, 86, 85, 86, 86, 85, 85, 87, 85, 85, 88, 88, 89, 87, 86,
    89, 87, 90, 89, 91, 86, 88, 89, 88, 86, 87, 88, 90, 89, 86, 85, 84,
    87, 89, 89, 86, 86, 90, 89, 89, 88, 87, 85, 86, 84, 89, 85, 88, 85,
    85, 86, 86, 88, 86, 88, 88, 88, 85, 88, 88, 85, 87, 87, 86, 85, 83,
    84 ]
