%YAML:1.0
---
videoName: "headShake21.mp4"
gestureLabel: 201
fps: 29
pixelSizeInCmTemp: 3.1933333333333330e-01
faceCenterPointX: 241
faceCenterPointY: 78
headPositionsX: [ 239, 245, 245, 241, 242, 240, 244, 241, 242, 241, 241,
    240, 240, 242, 243, 242, 243, 239, 243, 242, 242, 245, 241, 243, 242,
    245, 244, 241, 243, 242, 241, 242, 242, 243, 242, 245, 242, 244, 241,
    244, 242, 240, 242, 241, 240, 242, 243, 242, 243, 239, 240, 243, 243,
    240, 242, 242, 243, 242, 241, 242, 241, 238, 240, 242, 241, 240, 240,
    243, 247, 249, 249, 254, 251, 249, 247, 244, 235, 232, 234, 234, 234,
    236, 241, 240, 241, 241, 243, 242, 239, 240, 241, 236, 240, 237, 239,
    241, 239, 241, 241, 243 ]
headPositionsY: [ 80, 84, 82, 77, 77, 77, 76, 71, 73, 74, 72, 71, 73, 68,
    71, 72, 69, 73, 69, 69, 71, 71, 70, 72, 73, 77, 76, 75, 76, 75, 77,
    78, 78, 76, 78, 78, 74, 78, 76, 77, 79, 75, 76, 78, 76, 77, 76, 79,
    77, 80, 79, 77, 78, 76, 79, 78, 77, 78, 76, 79, 75, 76, 79, 78, 76,
    81, 77, 76, 76, 77, 79, 78, 76, 79, 77, 79, 78, 77, 76, 75, 78, 77,
    75, 79, 78, 76, 78, 79, 76, 76, 77, 77, 77, 80, 76, 78, 79, 78, 81,
    78 ]
