%YAML:1.0
---
videoName: "headShake37.mp4"
gestureLabel: 201
fps: 30
pixelSizeInCmTemp: 3.1933333333333330e-01
faceCenterPointX: 263
faceCenterPointY: 83
headPositionsX: [ 265, 261, 260, 261, 263, 261, 263, 264, 263, 262, 262,
    260, 264, 261, 265, 264, 263, 264, 262, 260, 261, 262, 260, 262, 261,
    259, 263, 264, 264, 261, 260, 261, 263, 261, 261, 264, 264, 262, 263,
    262, 264, 261, 261, 261, 258, 261, 259, 262, 266, 268, 274, 279, 278,
    283, 283, 276, 270, 268, 256, 253, 252, 254, 253, 256, 260, 266, 270,
    272, 271, 272, 268, 265, 261, 259, 252, 253, 253, 254, 254, 258, 260,
    263, 262, 266, 267, 268, 267, 268, 267, 266, 266, 262, 266, 262, 261,
    265, 265, 263, 264, 264 ]
headPositionsY: [ 84, 84, 83, 82, 81, 82, 83, 85, 84, 83, 82, 84, 81, 84,
    81, 84, 83, 81, 81, 84, 81, 84, 84, 82, 85, 81, 83, 82, 84, 81, 84,
    82, 85, 85, 81, 84, 81, 84, 81, 82, 83, 85, 82, 84, 85, 82, 84, 84,
    82, 80, 81, 80, 82, 81, 81, 80, 82, 82, 82, 82, 83, 83, 82, 81, 84,
    85, 80, 80, 82, 82, 80, 84, 81, 83, 85, 83, 84, 80, 81, 81, 85, 81,
    81, 85, 81, 84, 85, 84, 81, 86, 82, 82, 81, 84, 83, 83, 82, 85, 81,
    81 ]
