%YAML:1.0
---
videoName: "headShake42.mp4"
gestureLabel: 201
fps: 29
pixelSizeInCmTemp: 3.2808219178082193e-01
faceCenterPointX: 257
faceCenterPointY: 85
headPositionsX: [ 256, 275, 275, 276, 278, 278, 278, 276, 276, 271, 272,
    271, 267, 265, 259, 256, 253, 249, 245, 247, 244, 241, 241, 244, 245,
    242, 248, 251, 253, 261, 265, 265, 270, 277, 277, 280, 275, 278, 276,
    277, 274, 268, 269, 264, 260, 256, 256, 249, 250, 251, 247, 246, 244,
    245, 246, 245, 247, 250, 256, 255, 260, 262, 262, 264, 266, 268, 266,
    267, 266, 269, 270, 266, 266, 263, 264, 264, 259, 262, 260, 260, 261,
    255, 259, 258, 257, 258, 257, 258, 258, 258, 259, 256, 254, 255, 256,
    257, 256, 256, 258, 257 ]
headPositionsY: [ 87, 82, 80, 81, 82, 81, 81, 80, 82, 82, 82, 85, 84, 84,
    86, 83, 83, 84, 86, 82, 85, 85, 85, 86, 83, 83, 85, 83, 85, 87, 83,
    85, 84, 80, 84, 83, 84, 83, 82, 84, 84, 84, 86, 86, 87, 86, 87, 86,
    84, 88, 83, 83, 85, 88, 87, 83, 84, 84, 86, 85, 86, 83, 87, 84, 83,
    84, 86, 85, 83, 83, 84, 84, 86, 85, 86, 84, 84, 83, 84, 86, 85, 88,
    87, 83, 85, 84, 85, 87, 83, 85, 86, 85, 85, 87, 86, 84, 85, 87, 86,
    87 ]
