%YAML:1.0
---
videoName: "headShake6.mp4"
gestureLabel: 201
fps: 29
pixelSizeInCmTemp: 3.2808219178082193e-01
faceCenterPointX: 244
faceCenterPointY: 68
headPositionsX: [ 246, 245, 245, 244, 245, 244, 247, 244, 246, 243, 247,
    247, 246, 247, 246, 243, 247, 247, 242, 246, 244, 247, 246, 243, 243,
    244, 245, 249, 249, 254, 256, 260, 260, 260, 262, 259, 256, 250, 246,
    242, 234, 230, 228, 232, 231, 240, 241, 248, 254, 258, 259, 257, 258,
    256, 248, 242, 237, 233, 230, 231, 234, 234, 237, 244, 245, 247, 252,
    254, 248, 247, 246, 245, 243, 238, 238, 240, 239, 240, 241, 238, 243,
    242, 244, 242, 245, 246, 245, 244, 246, 245, 243, 243, 245, 244, 245,
    246, 244, 246, 246, 243 ]
headPositionsY: [ 70, 69, 64, 67, 65, 66, 66, 64, 65, 68, 64, 69, 67, 67,
    69, 63, 66, 67, 65, 65, 69, 65, 67, 64, 70, 65, 65, 66, 66, 65, 67,
    66, 63, 65, 69, 65, 68, 69, 70, 68, 71, 66, 68, 69, 68, 67, 69, 71,
    66, 66, 65, 69, 66, 69, 70, 71, 69, 67, 66, 69, 70, 69, 66, 67, 69,
    69, 68, 68, 65, 68, 68, 67, 67, 66, 66, 66, 68, 67, 67, 66, 67, 66,
    67, 67, 70, 69, 68, 68, 68, 68, 70, 71, 66, 70, 66, 69, 70, 71, 67,
    69 ]
