%YAML:1.0
---
videoName: "headShake48.mp4"
gestureLabel: 201
fps: 29
pixelSizeInCmTemp: 3.1103896103896100e-01
faceCenterPointX: 258
faceCenterPointY: 85
headPositionsX: [ 258, 260, 260, 262, 259, 261, 261, 259, 258, 260, 261,
    262, 262, 260, 262, 262, 257, 261, 259, 259, 259, 261, 260, 258, 261,
    261, 259, 257, 258, 258, 258, 259, 257, 259, 258, 263, 264, 270, 270,
    274, 274, 272, 269, 269, 262, 256, 249, 246, 244, 246, 254, 256, 262,
    269, 267, 269, 262, 261, 257, 252, 252, 249, 252, 258, 259, 263, 266,
    267, 264, 262, 255, 252, 250, 250, 251, 252, 256, 260, 264, 263, 266,
    266, 262, 263, 262, 258, 261, 258, 259, 260, 259, 260, 259, 259, 260,
    260, 258, 260, 262, 261 ]
headPositionsY: [ 85, 81, 77, 81, 76, 80, 79, 77, 80, 79, 78, 79, 78, 79,
    80, 80, 79, 80, 83, 82, 81, 79, 83, 82, 82, 82, 82, 81, 81, 81, 83,
    82, 79, 81, 80, 82, 84, 83, 81, 83, 84, 81, 84, 83, 84, 83, 85, 85,
    83, 85, 83, 86, 85, 87, 84, 88, 85, 87, 87, 87, 87, 88, 86, 86, 87,
    89, 83, 85, 88, 88, 87, 86, 84, 87, 86, 84, 88, 86, 84, 88, 84, 86,
    87, 88, 87, 87, 85, 87, 88, 87, 87, 85, 85, 87, 88, 87, 83, 84, 87,
    85 ]
