%YAML:1.0
---
videoName: "headShake16.mp4"
gestureLabel: 201
fps: 29
pixelSizeInCmTemp: 3.2364864864864862e-01
faceCenterPointX: 242
faceCenterPointY: 77
headPositionsX: [ 240, 243, 242, 245, 243, 245, 243, 245, 245, 242, 242,
    244, 244, 242, 246, 243, 242, 243, 242, 242, 244, 244, 242, 241, 243,
    244, 244, 244, 244, 245, 243, 242, 241, 240, 239, 240, 242, 245, 248,
    250, 250, 251, 255, 252, 253, 249, 248, 244, 240, 240, 238, 236, 237,
    238, 238, 244, 246, 249, 251, 250, 251, 248, 248, 245, 243, 238, 236,
    236, 236, 233, 237, 238, 236, 241, 243, 244, 243, 246, 246, 243, 243,
    241, 239, 242, 240, 240, 238, 239, 239, 239, 238, 240, 243, 244, 244,
    240, 243, 240, 242, 245 ]
headPositionsY: [ 79, 77, 76, 78, 74, 75, 77, 74, 77, 74, 75, 78, 75, 78,
    78, 74, 74, 76, 78, 74, 78, 78, 74, 76, 73, 78, 75, 74, 74, 75, 75,
    76, 74, 74, 73, 78, 78, 77, 74, 77, 76, 73, 75, 76, 77, 75, 74, 78,
    79, 77, 76, 75, 78, 79, 79, 77, 78, 77, 77, 79, 78, 75, 75, 79, 75,
    78, 76, 78, 74, 79, 77, 75, 75, 79, 79, 79, 77, 76, 79, 78, 78, 75,
    78, 76, 79, 78, 79, 77, 78, 76, 74, 74, 74, 76, 76, 76, 75, 76, 77,
    75 ]
