%YAML:1.0
---
videoName: "headShake44.mp4"
gestureLabel: 201
fps: 30
pixelSizeInCmTemp: 3.2808219178082193e-01
faceCenterPointX: 260
faceCenterPointY: 84
headPositionsX: [ 260, 260, 261, 263, 261, 259, 260, 260, 260, 263, 263,
    259, 259, 261, 263, 261, 261, 259, 259, 260, 260, 260, 262, 259, 260,
    259, 260, 261, 260, 262, 258, 261, 259, 263, 262, 258, 258, 260, 263,
    262, 267, 267, 273, 276, 273, 276, 272, 269, 262, 255, 255, 251, 252,
    254, 255, 263, 265, 269, 271, 268, 268, 260, 257, 252, 254, 258, 257,
    265, 271, 273, 271, 271, 264, 260, 258, 255, 251, 253, 255, 254, 257,
    261, 259, 264, 263, 260, 262, 263, 260, 260, 260, 260, 263, 261, 260,
    260, 260, 263, 261, 262 ]
headPositionsY: [ 83, 83, 80, 82, 81, 83, 80, 82, 80, 81, 85, 83, 85, 82,
    81, 83, 84, 84, 82, 83, 81, 82, 83, 84, 84, 83, 81, 84, 81, 80, 81,
    81, 85, 82, 85, 82, 81, 83, 84, 81, 84, 82, 81, 81, 80, 84, 83, 87,
    84, 86, 84, 85, 82, 86, 86, 84, 85, 81, 85, 83, 86, 86, 86, 82, 83,
    82, 85, 86, 84, 84, 82, 85, 81, 84, 85, 83, 83, 84, 86, 83, 84, 86,
    82, 82, 83, 85, 84, 86, 87, 85, 83, 85, 84, 86, 83, 86, 85, 88, 87,
    83 ]
