%YAML:1.0
---
videoName: "headShake17.mp4"
gestureLabel: 201
fps: 29
pixelSizeInCmTemp: 3.3263888888888887e-01
faceCenterPointX: 242
faceCenterPointY: 76
headPositionsX: [ 243, 237, 237, 239, 238, 241, 239, 240, 244, 248, 252,
    253, 259, 260, 257, 257, 252, 247, 243, 242, 234, 235, 229, 228, 228,
    226, 231, 234, 233, 240, 244, 246, 253, 249, 251, 254, 251, 250, 246,
    245, 244, 238, 239, 235, 232, 232, 232, 234, 235, 235, 238, 240, 241,
    244, 246, 243, 244, 246, 243, 241, 242, 244, 243, 241, 238, 237, 240,
    237, 240, 241, 237, 242, 241, 241, 240, 241, 243, 238, 241, 241, 243,
    239, 239, 242, 240, 243, 240, 240, 242, 242, 239, 244, 239, 239, 241,
    243, 243, 240, 243, 241 ]
headPositionsY: [ 78, 77, 75, 78, 76, 75, 77, 78, 75, 73, 73, 74, 77, 75,
    73, 77, 76, 75, 75, 76, 76, 78, 75, 77, 74, 79, 77, 76, 78, 78, 77,
    76, 77, 73, 76, 76, 76, 78, 76, 80, 76, 75, 80, 75, 74, 77, 76, 78,
    78, 77, 75, 78, 77, 77, 75, 77, 77, 75, 75, 78, 78, 78, 75, 74, 77,
    78, 74, 75, 75, 79, 77, 78, 74, 77, 75, 77, 77, 73, 79, 75, 77, 77,
    79, 77, 78, 74, 77, 78, 76, 77, 75, 75, 78, 76, 74, 74, 74, 78, 74,
    74 ]
