%YAML:1.0
---
videoName: "headShake26.mp4"
gestureLabel: 201
fps: 30
pixelSizeInCmTemp: 3.2808219178082193e-01
faceCenterPointX: 243
faceCenterPointY: 78
headPositionsX: [ 242, 239, 242, 238, 241, 242, 243, 246, 245, 247, 252,
    251, 252, 249, 251, 252, 250, 248, 249, 244, 242, 238, 233, 234, 231,
    231, 226, 231, 231, 233, 232, 236, 239, 242, 244, 247, 251, 251, 250,
    254, 252, 252, 251, 246, 244, 242, 237, 235, 231, 230, 228, 229, 227,
    231, 229, 234, 236, 239, 240, 247, 249, 249, 254, 253, 252, 252, 251,
    250, 250, 247, 247, 243, 242, 238, 237, 236, 235, 239, 236, 234, 238,
    237, 237, 239, 239, 243, 240, 242, 241, 241, 244, 245, 246, 244, 243,
    243, 245, 243, 243, 244 ]
headPositionsY: [ 79, 77, 77, 79, 77, 77, 76, 79, 80, 79, 76, 77, 76, 78,
    78, 77, 76, 77, 79, 77, 81, 78, 78, 77, 76, 74, 74, 75, 74, 78, 78,
    76, 78, 75, 78, 74, 79, 79, 77, 79, 79, 76, 76, 76, 78, 80, 76, 76,
    75, 79, 78, 77, 76, 79, 76, 77, 80, 76, 76, 80, 80, 79, 76, 76, 74,
    76, 76, 78, 79, 76, 79, 81, 78, 81, 78, 77, 80, 79, 77, 80, 79, 79,
    77, 81, 77, 80, 79, 79, 78, 78, 77, 79, 77, 78, 77, 79, 76, 78, 77,
    80 ]
