%YAML:1.0
---
videoName: "headShake35.mp4"
gestureLabel: 201
fps: 29
pixelSizeInCmTemp: 3.2364864864864862e-01
faceCenterPointX: 267
faceCenterPointY: 82
headPositionsX: [ 266, 267, 267, 265, 268, 265, 269, 265, 269, 268, 269,
    269, 266, 270, 268, 268, 267, 267, 268, 267, 270, 269, 268, 266, 267,
    269, 268, 270, 267, 269, 267, 269, 270, 269, 266, 266, 268, 266, 269,
    270, 269, 266, 266, 269, 266, 267, 266, 269, 265, 270, 267, 268, 269,
    267, 269, 266, 268, 266, 268, 268, 270, 268, 269, 271, 272, 276, 277,
    280, 279, 280, 278, 269, 264, 264, 260, 256, 261, 261, 267, 271, 271,
    276, 272, 275, 271, 267, 264, 261, 261, 262, 262, 266, 267, 265, 265,
    266, 265, 267, 266, 270 ]
headPositionsY: [ 81, 81, 78, 79, 78, 80, 78, 81, 80, 82, 81, 82, 81, 82,
    81, 80, 82, 81, 82, 79, 79, 77, 78, 79, 79, 80, 80, 79, 80, 81, 80,
    79, 82, 80, 81, 81, 80, 80, 81, 82, 81, 79, 82, 80, 79, 81, 82, 78,
    82, 83, 81, 80, 83, 81, 79, 80, 81, 82, 79, 81, 82, 79, 80, 80, 81,
    78, 81, 79, 78, 81, 82, 82, 82, 80, 81, 82, 81, 80, 84, 80, 83, 82,
    83, 80, 81, 83, 83, 83, 82, 82, 80, 80, 79, 83, 80, 79, 79, 82, 81,
    82 ]
