%YAML:1.0
---
videoName: "headShake43.mp4"
gestureLabel: 201
fps: 29
pixelSizeInCmTemp: 3.2808219178082193e-01
faceCenterPointX: 257
faceCenterPointY: 84
headPositionsX: [ 258, 263, 259, 260, 260, 258, 261, 259, 260, 258, 261,
    262, 257, 262, 259, 258, 262, 260, 262, 259, 259, 262, 262, 260, 262,
    264, 262, 264, 269, 269, 270, 275, 276, 278, 281, 282, 282, 275, 277,
    274, 271, 264, 262, 254, 253, 250, 242, 242, 241, 245, 249, 253, 257,
    261, 266, 271, 272, 272, 275, 274, 271, 264, 262, 256, 253, 248, 246,
    242, 241, 246, 249, 252, 255, 261, 265, 268, 267, 269, 267, 268, 270,
    267, 265, 263, 263, 263, 258, 261, 259, 258, 258, 259, 255, 255, 257,
    258, 256, 254, 255, 254 ]
headPositionsY: [ 86, 87, 86, 87, 87, 85, 86, 84, 84, 83, 84, 87, 84, 85,
    83, 85, 85, 83, 85, 83, 85, 85, 87, 86, 83, 87, 86, 85, 87, 83, 83,
    83, 83, 82, 83, 81, 82, 83, 83, 80, 86, 86, 84, 83, 83, 82, 83, 84,
    81, 83, 86, 83, 85, 86, 84, 85, 82, 83, 83, 80, 85, 82, 82, 83, 81,
    82, 82, 84, 83, 83, 83, 83, 85, 87, 85, 83, 82, 81, 82, 84, 81, 86,
    82, 82, 86, 85, 82, 83, 85, 85, 85, 82, 81, 82, 84, 83, 86, 83, 82,
    82 ]
