%YAML:1.0
---
videoName: "headShake6.mp4"
gestureLabel: 201
fps: 29
pixelSizeInCmTemp: 3.2808219178082193e-01
faceCenterPointX: 244
faceCenterPointY: 68
headPositionsX: [ 244, 244, 246, 246, 246, 245, 243, 246, 247, 243, 247,
    245, 244, 247, 243, 247, 244, 248, 244, 243, 248, 244, 243, 246, 246,
    244, 243, 246, 248, 252, 255, 257, 261, 263, 262, 258, 258, 251, 245,
    241, 234, 230, 230, 231, 233, 237, 245, 248, 253, 259, 258, 256, 254,
    255, 246, 243, 240, 232, 230, 230, 230, 236, 238, 242, 246, 246, 251,
    251, 251, 249, 246, 241, 241, 242, 237, 241, 237, 241, 237, 240, 239,
    244, 243, 244, 244, 246, 244, 246, 246, 243, 241, 246, 245, 245, 243,
    246, 242, 242, 242, 243 ]
headPositionsY: [ 66, 66, 65, 65, 67, 65, 66, 67, 66, 67, 67, 68, 64, 67,
    69, 65, 67, 65, 65, 66, 69, 65, 66, 68, 70, 65, 68, 65, 67, 65, 68,
    67, 67, 67, 67, 66, 66, 70, 69, 67, 68, 68, 68, 68, 68, 70, 66, 70,
    66, 66, 68, 67, 66, 67, 67, 71, 69, 69, 69, 68, 68, 65, 66, 66, 67,
    68, 67, 66, 66, 65, 69, 68, 66, 66, 65, 69, 67, 68, 67, 69, 66, 70,
    69, 66, 66, 69, 71, 69, 68, 67, 69, 67, 66, 68, 69, 67, 68, 67, 67,
    67 ]
