%YAML:1.0
---
videoName: "headShake35.mp4"
gestureLabel: 201
fps: 29
pixelSizeInCmTemp: 3.2364864864864862e-01
faceCenterPointX: 267
faceCenterPointY: 82
headPositionsX: [ 267, 269, 266, 264, 266, 268, 269, 269, 269, 268, 270,
    266, 266, 269, 269, 267, 268, 270, 269, 266, 268, 266, 267, 269, 268,
    265, 269, 270, 270, 269, 270, 265, 267, 270, 269, 270, 268, 266, 268,
    268, 267, 269, 265, 270, 265, 266, 269, 266, 265, 269, 267, 266, 270,
    269, 269, 267, 267, 269, 265, 268, 267, 267, 266, 271, 271, 274, 280,
    282, 279, 281, 277, 269, 268, 260, 259, 260, 258, 260, 264, 270, 275,
    277, 275, 271, 270, 269, 264, 261, 263, 263, 265, 265, 263, 265, 269,
    269, 269, 267, 265, 268 ]
headPositionsY: [ 84, 81, 78, 80, 79, 78, 81, 80, 81, 81, 80, 78, 80, 81,
    77, 78, 78, 80, 80, 82, 82, 79, 79, 80, 80, 80, 80, 78, 79, 79, 82,
    81, 82, 80, 78, 78, 82, 82, 78, 82, 80, 81, 80, 83, 78, 82, 83, 80,
    79, 81, 82, 80, 81, 79, 82, 82, 81, 82, 81, 79, 82, 83, 82, 79, 79,
    81, 80, 79, 80, 81, 79, 83, 82, 81, 83, 80, 83, 82, 80, 84, 81, 82,
    81, 84, 81, 81, 79, 83, 82, 79, 82, 81, 82, 83, 82, 83, 82, 83, 80,
    83 ]
