%YAML:1.0
---
videoName: "headShake40.mp4"
gestureLabel: 201
fps: 29
pixelSizeInCmTemp: 3.2808219178082193e-01
faceCenterPointX: 261
faceCenterPointY: 86
headPositionsX: [ 261, 263, 263, 260, 260, 262, 260, 259, 260, 260, 263,
    263, 261, 262, 264, 263, 259, 261, 261, 259, 261, 261, 260, 262, 260,
    259, 261, 260, 260, 257, 258, 255, 255, 251, 253, 253, 256, 263, 265,
    269, 273, 280, 278, 281, 278, 274, 271, 264, 259, 255, 250, 246, 244,
    246, 249, 254, 254, 259, 264, 268, 270, 274, 268, 270, 265, 262, 260,
    256, 255, 256, 259, 256, 259, 262, 264, 265, 264, 267, 264, 264, 263,
    264, 261, 262, 258, 261, 257, 257, 257, 258, 260, 260, 257, 259, 258,
    259, 262, 263, 259, 261 ]
headPositionsY: [ 88, 83, 83, 82, 82, 82, 83, 83, 84, 81, 82, 86, 84, 85,
    82, 84, 82, 85, 85, 84, 86, 84, 83, 84, 86, 85, 86, 83, 85, 83, 81,
    84, 86, 84, 82, 85, 81, 86, 83, 82, 81, 80, 80, 82, 78, 83, 82, 85,
    81, 84, 85, 85, 83, 83, 82, 82, 84, 84, 83, 83, 83, 85, 83, 82, 84,
    83, 83, 83, 84, 82, 83, 82, 85, 83, 83, 81, 83, 85, 85, 85, 81, 81,
    85, 86, 81, 82, 83, 85, 86, 85, 86, 86, 86, 83, 83, 84, 84, 85, 85,
    83 ]
