%YAML:1.0
---
videoName: "headShake40.mp4"
gestureLabel: 201
fps: 29
pixelSizeInCmTemp: 3.2808219178082193e-01
faceCenterPointX: 261
faceCenterPointY: 86
headPositionsX: [ 261, 263, 261, 259, 263, 262, 262, 262, 261, 261, 260,
    263, 261, 260, 264, 263, 261, 263, 261, 258, 263, 262, 263, 258, 263,
    257, 262, 259, 259, 260, 257, 254, 252, 253, 254, 253, 258, 259, 264,
    271, 273, 278, 281, 277, 279, 272, 271, 267, 258, 253, 252, 249, 248,
    245, 250, 253, 258, 261, 263, 266, 268, 271, 270, 269, 268, 261, 263,
    257, 256, 257, 257, 258, 257, 260, 263, 267, 267, 268, 266, 265, 263,
    266, 261, 260, 258, 259, 255, 257, 259, 257, 259, 257, 258, 259, 260,
    258, 262, 262, 259, 261 ]
headPositionsY: [ 87, 83, 82, 81, 85, 82, 81, 85, 86, 84, 85, 84, 84, 83,
    83, 84, 84, 81, 85, 84, 85, 84, 85, 83, 85, 82, 85, 83, 85, 86, 83,
    85, 86, 84, 81, 81, 82, 83, 85, 84, 79, 82, 79, 81, 82, 83, 84, 83,
    84, 81, 83, 84, 81, 82, 80, 84, 83, 84, 83, 82, 83, 85, 81, 84, 83,
    84, 83, 83, 81, 84, 84, 82, 86, 83, 81, 84, 83, 81, 83, 84, 81, 81,
    82, 83, 82, 83, 83, 83, 86, 83, 85, 85, 85, 87, 83, 83, 88, 85, 87,
    84 ]
