%YAML:1.0
---
videoName: "headShake32.mp4"
gestureLabel: 201
fps: 29
pixelSizeInCmTemp: 3.2808219178082193e-01
faceCenterPointX: 237
faceCenterPointY: 77
headPositionsX: [ 239, 234, 236, 234, 239, 239, 239, 240, 238, 239, 240,
    241, 237, 242, 239, 238, 241, 240, 239, 242, 239, 242, 243, 238, 242,
    239, 238, 241, 239, 242, 241, 240, 236, 238, 240, 241, 238, 241, 240,
    240, 245, 245, 245, 248, 249, 248, 248, 250, 252, 251, 248, 247, 245,
    243, 244, 238, 235, 233, 232, 233, 229, 226, 227, 227, 225, 226, 225,
    231, 229, 233, 237, 238, 239, 240, 247, 250, 248, 251, 249, 249, 250,
    248, 244, 245, 241, 241, 239, 238, 237, 239, 237, 236, 235, 240, 238,
    235, 236, 237, 237, 239 ]
headPositionsY: [ 79, 71, 75, 73, 76, 75, 72, 75, 75, 76, 75, 76, 71, 72,
    73, 75, 74, 76, 71, 74, 73, 71, 73, 75, 74, 74, 74, 73, 74, 74, 74,
    76, 74, 75, 74, 74, 76, 76, 76, 75, 72, 76, 72, 73, 72, 72, 74, 73,
    73, 72, 74, 75, 73, 74, 75, 77, 74, 78, 73, 76, 74, 77, 74, 74, 75,
    75, 76, 75, 77, 76, 77, 74, 76, 75, 73, 74, 73, 73, 73, 73, 77, 76,
    75, 77, 79, 77, 78, 75, 79, 76, 76, 80, 76, 75, 78, 79, 76, 79, 78,
    80 ]
