%YAML:1.0
---
videoName: "headShake1.mp4"
gestureLabel: 201
fps: 29
pixelSizeInCmTemp: 3.3263888888888887e-01
faceCenterPointX: 279
faceCenterPointY: 98
headPositionsX: [ 278, 278, 280, 279, 280, 278, 281, 277, 278, 281, 280,
    277, 281, 281, 280, 281, 280, 281, 281, 280, 279, 281, 280, 277, 279,
    277, 278, 280, 283, 283, 284, 286, 288, 294, 291, 294, 293, 288, 288,
    284, 281, 276, 270, 269, 270, 269, 271, 278, 281, 287, 290, 292, 293,
    291, 290, 285, 283, 277, 275, 270, 269, 267, 269, 271, 274, 278, 285,
    287, 288, 292, 291, 289, 290, 287, 286, 281, 276, 275, 273, 272, 267,
    274, 272, 274, 272, 276, 276, 276, 276, 278, 281, 279, 278, 279, 281,
    281, 280, 279, 281, 280 ]
headPositionsY: [ 99, 98, 98, 97, 96, 99, 98, 98, 96, 99, 98, 98, 98, 96,
    97, 95, 95, 97, 98, 96, 99, 97, 96, 96, 96, 98, 95, 95, 94, 95, 96,
    96, 94, 98, 94, 97, 95, 94, 95, 99, 100, 98, 97, 98, 96, 96, 93, 97,
    99, 96, 95, 96, 96, 95, 93, 96, 96, 99, 97, 98, 98, 97, 93, 95, 97,
    96, 97, 96, 94, 97, 93, 94, 95, 98, 96, 100, 96, 96, 94, 95, 94, 98,
    96, 96, 99, 100, 98, 97, 99, 96, 99, 96, 96, 99, 100, 97, 97, 97, 96,
    97 ]
