%YAML:1.0
---
videoName: "headShake45.mp4"
gestureLabel: 201
fps: 30
pixelSizeInCmTemp: 3.3263888888888887e-01
faceCenterPointX: 262
faceCenterPointY: 84
headPositionsX: [ 260, 262, 261, 263, 264, 264, 261, 263, 264, 261, 263,
    261, 263, 264, 263, 264, 262, 261, 262, 262, 262, 262, 264, 261, 263,
    260, 263, 261, 263, 261, 264, 260, 263, 263, 261, 259, 263, 259, 261,
    255, 256, 257, 260, 265, 271, 277, 277, 282, 280, 277, 270, 266, 261,
    255, 256, 252, 258, 260, 267, 269, 273, 275, 272, 267, 264, 260, 254,
    256, 256, 260, 266, 267, 272, 269, 273, 268, 265, 259, 255, 254, 259,
    258, 260, 263, 262, 263, 264, 259, 261, 257, 260, 259, 263, 261, 263,
    264, 261, 261, 262, 263 ]
headPositionsY: [ 83, 80, 80, 83, 80, 80, 81, 79, 84, 81, 81, 80, 81, 80,
    84, 83, 84, 84, 81, 82, 84, 82, 82, 83, 84, 83, 83, 84, 81, 83, 81,
    83, 80, 81, 83, 84, 84, 82, 84, 83, 83, 82, 80, 84, 82, 79, 79, 79,
    81, 82, 84, 81, 81, 83, 84, 86, 82, 85, 84, 83, 79, 82, 79, 80, 83,
    84, 85, 84, 85, 81, 83, 80, 81, 80, 81, 84, 85, 84, 81, 81, 84, 84,
    84, 84, 83, 81, 81, 81, 84, 84, 81, 85, 82, 84, 85, 81, 84, 81, 83,
    81 ]
