%YAML:1.0
---
videoName: "headShake9.mp4"
gestureLabel: 201
fps: 30
pixelSizeInCmTemp: 3.2808219178082193e-01
faceCenterPointX: 243
faceCenterPointY: 73
headPositionsX: [ 245, 245, 241, 241, 245, 244, 245, 245, 244, 244, 243,
    244, 243, 245, 245, 242, 243, 241, 243, 241, 242, 243, 244, 241, 244,
    244, 244, 245, 244, 243, 240, 245, 244, 243, 243, 242, 242, 243, 242,
    246, 247, 249, 255, 255, 260, 262, 266, 263, 263, 259, 255, 246, 243,
    239, 235, 229, 230, 227, 233, 238, 240, 249, 252, 256, 259, 262, 264,
    257, 256, 250, 242, 236, 233, 228, 229, 226, 229, 235, 238, 241, 245,
    249, 248, 252, 249, 248, 248, 248, 250, 245, 247, 244, 244, 245, 245,
    241, 243, 246, 243, 243 ]
headPositionsY: [ 75, 72, 74, 72, 74, 74, 70, 70, 73, 72, 72, 72, 70, 72,
    74, 72, 70, 74, 70, 74, 71, 74, 70, 72, 74, 75, 70, 73, 75, 74, 73,
    70, 74, 73, 74, 73, 72, 74, 72, 73, 73, 72, 72, 68, 69, 71, 68, 72,
    71, 70, 75, 72, 75, 71, 71, 73, 70, 71, 74, 72, 73, 70, 69, 71, 69,
    70, 71, 71, 70, 74, 71, 73, 73, 74, 74, 72, 72, 71, 71, 74, 73, 72,
    70, 73, 74, 75, 72, 73, 75, 75, 73, 72, 76, 75, 72, 72, 74, 74, 73,
    72 ]
