%YAML:1.0
---
videoName: "headShake41.mp4"
gestureLabel: 201
fps: 29
pixelSizeInCmTemp: 3.2364864864864862e-01
faceCenterPointX: 264
faceCenterPointY: 85
headPositionsX: [ 265, 262, 259, 264, 261, 260, 261, 259, 262, 263, 261,
    263, 262, 259, 262, 261, 263, 259, 262, 262, 263, 264, 263, 265, 268,
    269, 270, 275, 272, 275, 278, 280, 281, 282, 280, 284, 282, 282, 277,
    275, 274, 268, 268, 260, 255, 254, 253, 247, 248, 245, 243, 246, 244,
    245, 250, 251, 253, 253, 258, 260, 263, 268, 268, 274, 273, 276, 278,
    276, 276, 279, 276, 276, 276, 274, 270, 268, 266, 265, 265, 266, 262,
    265, 265, 261, 261, 264, 262, 263, 260, 262, 261, 265, 260, 262, 261,
    262, 262, 263, 261, 262 ]
headPositionsY: [ 83, 83, 85, 82, 84, 83, 80, 82, 83, 83, 84, 83, 82, 84,
    85, 82, 86, 83, 85, 82, 85, 86, 83, 83, 84, 81, 82, 84, 82, 83, 83,
    82, 81, 81, 79, 81, 79, 82, 82, 80, 85, 81, 86, 87, 85, 86, 85, 85,
    80, 84, 82, 82, 83, 84, 86, 84, 84, 85, 84, 84, 85, 84, 85, 86, 81,
    84, 83, 86, 83, 83, 84, 86, 85, 84, 83, 87, 84, 86, 83, 85, 84, 84,
    82, 83, 85, 86, 86, 86, 86, 82, 82, 86, 85, 84, 86, 84, 83, 82, 84,
    84 ]
