%YAML:1.0
---
videoName: "headShake9.mp4"
gestureLabel: 201
fps: 30
pixelSizeInCmTemp: 3.2808219178082193e-01
faceCenterPointX: 243
faceCenterPointY: 73
headPositionsX: [ 245, 243, 245, 240, 244, 240, 246, 243, 241, 243, 241,
    241, 243, 245, 244, 242, 244, 241, 244, 244, 243, 245, 245, 245, 245,
    243, 241, 241, 245, 244, 244, 243, 245, 245, 243, 243, 244, 242, 243,
    246, 248, 252, 251, 259, 260, 263, 263, 263, 261, 255, 255, 248, 242,
    239, 235, 232, 226, 231, 230, 236, 242, 245, 251, 256, 260, 261, 264,
    258, 257, 249, 242, 237, 236, 229, 232, 227, 229, 234, 238, 241, 243,
    249, 252, 249, 252, 252, 249, 246, 247, 248, 248, 245, 243, 244, 243,
    243, 246, 246, 245, 243 ]
headPositionsY: [ 72, 71, 70, 72, 70, 71, 74, 74, 73, 70, 71, 70, 71, 72,
    73, 71, 71, 70, 72, 75, 70, 72, 74, 72, 72, 74, 71, 72, 72, 72, 72,
    72, 72, 71, 74, 74, 73, 72, 71, 74, 73, 73, 70, 72, 70, 69, 70, 72,
    73, 73, 71, 73, 73, 72, 74, 74, 72, 74, 74, 75, 75, 73, 72, 69, 69,
    71, 72, 69, 71, 73, 72, 72, 75, 70, 73, 73, 70, 72, 72, 73, 75, 71,
    71, 72, 75, 75, 71, 71, 74, 72, 73, 73, 74, 75, 71, 71, 72, 74, 74,
    73 ]
