%YAML:1.0
---
videoName: "headShake43.mp4"
gestureLabel: 201
fps: 29
pixelSizeInCmTemp: 3.2808219178082193e-01
faceCenterPointX: 257
faceCenterPointY: 84
headPositionsX: [ 259, 260, 262, 258, 260, 258, 262, 258, 262, 258, 263,
    261, 259, 262, 262, 258, 261, 260, 259, 262, 261, 259, 263, 262, 261,
    260, 260, 267, 269, 268, 272, 275, 279, 276, 277, 283, 282, 275, 278,
    275, 272, 265, 262, 256, 252, 250, 246, 244, 245, 243, 246, 250, 258,
    263, 267, 269, 273, 275, 275, 271, 272, 266, 263, 257, 249, 245, 245,
    243, 244, 248, 249, 252, 254, 258, 266, 265, 270, 271, 269, 270, 267,
    268, 266, 263, 265, 261, 261, 259, 258, 259, 255, 255, 257, 259, 258,
    255, 257, 258, 255, 257 ]
headPositionsY: [ 84, 85, 87, 83, 87, 84, 85, 85, 83, 85, 88, 83, 86, 83,
    84, 86, 87, 86, 83, 84, 85, 85, 84, 86, 84, 85, 84, 86, 87, 84, 82,
    85, 84, 81, 81, 82, 85, 83, 85, 83, 86, 85, 86, 83, 86, 82, 81, 82,
    82, 86, 83, 86, 85, 83, 84, 84, 82, 82, 84, 80, 82, 85, 82, 82, 81,
    81, 82, 84, 83, 85, 85, 83, 82, 86, 84, 83, 81, 85, 83, 85, 81, 83,
    82, 82, 83, 86, 85, 83, 84, 84, 82, 84, 82, 86, 82, 83, 85, 85, 84,
    84 ]
