%YAML:1.0
---
videoName: "headShake10.mp4"
gestureLabel: 201
fps: 29
pixelSizeInCmTemp: 3.3732394366197183e-01
faceCenterPointX: 240
faceCenterPointY: 74
headPositionsX: [ 238, 247, 246, 247, 244, 244, 244, 247, 244, 248, 248,
    248, 248, 248, 244, 248, 244, 246, 244, 244, 244, 245, 248, 247, 246,
    248, 248, 244, 246, 246, 248, 245, 245, 248, 246, 245, 244, 247, 246,
    246, 246, 244, 244, 244, 247, 247, 247, 243, 243, 247, 247, 249, 249,
    255, 255, 259, 261, 259, 260, 260, 258, 250, 249, 243, 239, 236, 231,
    229, 231, 236, 238, 243, 247, 247, 255, 258, 258, 257, 255, 254, 252,
    247, 245, 243, 245, 243, 238, 242, 242, 239, 242, 239, 241, 240, 239,
    243, 243, 241, 243, 244 ]
headPositionsY: [ 76, 73, 71, 75, 73, 75, 70, 71, 75, 72, 75, 74, 75, 75,
    74, 74, 74, 75, 74, 74, 71, 71, 71, 73, 74, 70, 71, 71, 73, 72, 73,
    74, 73, 74, 72, 73, 73, 73, 72, 71, 75, 72, 73, 74, 72, 71, 70, 73,
    70, 73, 75, 72, 71, 74, 74, 70, 71, 71, 72, 71, 72, 71, 75, 72, 74,
    75, 74, 73, 72, 72, 73, 75, 76, 73, 75, 74, 73, 71, 75, 76, 73, 73,
    74, 74, 73, 77, 77, 74, 75, 76, 73, 74, 76, 75, 77, 74, 75, 78, 73,
    77 ]
