%YAML:1.0
---
videoName: "headShake8.mp4"
gestureLabel: 201
fps: 29
pixelSizeInCmTemp: 3.2364864864864862e-01
faceCenterPointX: 243
faceCenterPointY: 72
headPositionsX: [ 244, 241, 242, 246, 244, 244, 243, 246, 243, 245, 242,
    245, 241, 242, 244, 242, 241, 244, 245, 244, 245, 245, 243, 243, 241,
    244, 243, 242, 244, 241, 242, 244, 243, 246, 247, 251, 253, 257, 260,
    262, 265, 264, 263, 259, 258, 250, 247, 239, 236, 232, 231, 231, 232,
    238, 244, 247, 256, 260, 259, 260, 259, 256, 252, 247, 243, 240, 235,
    234, 235, 233, 233, 239, 239, 240, 244, 247, 249, 246, 247, 250, 248,
    252, 248, 249, 250, 248, 247, 247, 245, 243, 244, 246, 244, 242, 242,
    243, 243, 243, 245, 244 ]
headPositionsY: [ 74, 73, 71, 71, 73, 71, 72, 74, 73, 73, 71, 71, 70, 72,
    72, 70, 72, 70, 72, 72, 70, 71, 72, 74, 70, 72, 69, 72, 71, 71, 70,
    70, 71, 73, 70, 69, 71, 69, 72, 71, 69, 70, 68, 71, 70, 70, 71, 72,
    72, 70, 71, 70, 73, 71, 73, 72, 70, 71, 71, 71, 71, 68, 70, 70, 71,
    74, 71, 73, 72, 70, 74, 70, 73, 74, 73, 73, 74, 72, 70, 74, 71, 70,
    72, 69, 72, 70, 71, 74, 70, 71, 69, 72, 73, 72, 71, 69, 72, 70, 70,
    74 ]
