%YAML:1.0
---
videoName: "headShake7.mp4"
gestureLabel: 201
fps: 29
pixelSizeInCmTemp: 3.3263888888888887e-01
faceCenterPointX: 244
faceCenterPointY: 72
headPositionsX: [ 246, 241, 245, 242, 243, 243, 241, 241, 243, 245, 244,
    246, 251, 253, 254, 258, 258, 260, 258, 255, 251, 248, 242, 237, 233,
    233, 236, 240, 247, 254, 255, 256, 261, 256, 256, 248, 242, 238, 232,
    228, 226, 227, 232, 236, 238, 245, 251, 255, 255, 256, 254, 251, 246,
    244, 239, 231, 231, 227, 228, 235, 239, 245, 246, 251, 256, 254, 259,
    256, 254, 252, 247, 246, 239, 237, 235, 236, 234, 236, 234, 238, 239,
    241, 242, 244, 244, 247, 247, 247, 248, 247, 249, 245, 244, 245, 242,
    246, 243, 245, 245, 242 ]
headPositionsY: [ 72, 70, 71, 71, 71, 73, 69, 69, 73, 70, 72, 71, 71, 67,
    69, 68, 66, 66, 70, 69, 68, 73, 71, 72, 73, 70, 70, 70, 73, 71, 69,
    68, 68, 72, 69, 70, 69, 71, 70, 68, 72, 71, 69, 72, 69, 73, 70, 71,
    67, 70, 71, 71, 72, 74, 71, 71, 70, 71, 70, 72, 71, 69, 72, 70, 71,
    68, 70, 71, 71, 71, 71, 69, 70, 72, 69, 73, 72, 71, 71, 72, 69, 73,
    73, 73, 73, 70, 69, 72, 69, 73, 71, 70, 70, 74, 73, 72, 70, 73, 74,
    70 ]
