%YAML:1.0
---
videoName: "headShake5.mp4"
gestureLabel: 201
fps: 30
pixelSizeInCmTemp: 3.3263888888888887e-01
faceCenterPointX: 275
faceCenterPointY: 73
headPositionsX: [ 276, 277, 280, 279, 277, 279, 279, 280, 277, 276, 278,
    278, 276, 276, 280, 277, 280, 276, 275, 278, 276, 277, 279, 277, 277,
    275, 277, 275, 276, 278, 279, 275, 281, 279, 282, 286, 291, 294, 295,
    296, 296, 291, 292, 286, 277, 271, 267, 266, 264, 264, 269, 274, 282,
    286, 291, 292, 288, 284, 282, 276, 269, 262, 262, 266, 266, 269, 274,
    279, 285, 286, 287, 283, 279, 280, 274, 273, 266, 268, 267, 269, 268,
    274, 273, 276, 282, 282, 281, 283, 282, 283, 279, 277, 277, 274, 273,
    274, 277, 277, 273, 274 ]
headPositionsY: [ 73, 73, 73, 74, 71, 73, 76, 71, 74, 74, 74, 73, 73, 74,
    76, 75, 76, 75, 71, 72, 73, 72, 73, 73, 76, 73, 72, 71, 72, 74, 71,
    74, 74, 75, 74, 74, 72, 74, 74, 74, 74, 70, 73, 75, 73, 73, 75, 74,
    73, 72, 72, 72, 74, 74, 72, 74, 75, 72, 76, 73, 74, 73, 74, 76, 74,
    75, 76, 75, 74, 73, 75, 73, 75, 77, 75, 73, 76, 71, 72, 73, 73, 73,
    71, 73, 73, 74, 70, 74, 70, 70, 74, 75, 74, 71, 74, 75, 71, 75, 75,
    74 ]
