%YAML:1.0
---
videoName: "headShake41.mp4"
gestureLabel: 201
fps: 29
pixelSizeInCmTemp: 3.2364864864864862e-01
faceCenterPointX: 264
faceCenterPointY: 85
headPositionsX: [ 263, 260, 262, 263, 263, 262, 259, 259, 261, 259, 262,
    262, 261, 263, 263, 261, 259, 260, 260, 262, 260, 264, 265, 266, 266,
    271, 272, 273, 274, 276, 280, 280, 280, 280, 278, 281, 282, 281, 278,
    276, 272, 271, 265, 260, 256, 252, 252, 248, 245, 245, 242, 248, 244,
    244, 248, 250, 250, 253, 256, 258, 263, 269, 269, 272, 275, 279, 279,
    280, 278, 278, 279, 274, 275, 270, 269, 266, 266, 268, 267, 266, 266,
    263, 266, 261, 265, 261, 261, 263, 259, 261, 261, 264, 260, 263, 262,
    260, 262, 262, 262, 266 ]
headPositionsY: [ 87, 80, 84, 86, 82, 83, 81, 85, 84, 82, 82, 82, 85, 83,
    85, 85, 83, 86, 86, 85, 86, 85, 83, 86, 85, 82, 82, 82, 80, 82, 83,
    80, 79, 78, 79, 80, 81, 81, 82, 83, 84, 84, 83, 84, 84, 84, 82, 86,
    82, 80, 81, 82, 82, 82, 85, 83, 83, 82, 85, 84, 87, 82, 82, 84, 83,
    86, 86, 84, 84, 82, 85, 82, 84, 84, 87, 87, 84, 87, 86, 86, 83, 81,
    84, 82, 86, 82, 85, 84, 83, 82, 86, 83, 84, 82, 82, 84, 82, 83, 82,
    85 ]
