%YAML:1.0
---
videoName: "headShake47.mp4"
gestureLabel: 201
fps: 29
pixelSizeInCmTemp: 3.2364864864864862e-01
faceCenterPointX: 258
faceCenterPointY: 86
headPositionsX: [ 257, 261, 262, 262, 258, 259, 259, 258, 261, 261, 262,
    258, 257, 261, 259, 262, 262, 260, 259, 263, 261, 261, 257, 261, 259,
    260, 259, 263, 260, 260, 260, 262, 257, 261, 255, 257, 251, 251, 251,
    248, 251, 251, 253, 257, 260, 264, 265, 270, 265, 263, 257, 258, 252,
    252, 256, 256, 263, 263, 268, 265, 263, 256, 253, 254, 253, 253, 256,
    263, 264, 261, 264, 260, 257, 254, 255, 253, 255, 258, 263, 263, 264,
    260, 257, 255, 255, 255, 254, 258, 254, 258, 259, 256, 255, 258, 259,
    256, 256, 258, 258, 260 ]
headPositionsY: [ 86, 86, 87, 84, 84, 85, 84, 85, 87, 83, 86, 86, 83, 85,
    85, 87, 85, 88, 84, 84, 86, 83, 84, 85, 83, 83, 86, 87, 86, 87, 83,
    84, 87, 86, 87, 87, 85, 85, 86, 83, 85, 88, 86, 88, 86, 89, 88, 88,
    87, 88, 88, 89, 87, 89, 89, 91, 88, 90, 87, 90, 89, 89, 88, 89, 86,
    86, 87, 85, 89, 88, 87, 89, 86, 88, 87, 88, 84, 85, 89, 86, 85, 85,
    85, 84, 87, 86, 85, 85, 85, 87, 88, 88, 86, 89, 85, 87, 86, 85, 83,
    88 ]
