%YAML:1.0
---
videoName: "headShake40.mp4"
gestureLabel: 201
fps: 29
pixelSizeInCmTemp: 3.2808219178082193e-01
faceCenterPointX: 261
faceCenterPointY: 86
headPositionsX: [ 260, 260, 259, 262, 263, 263, 262, 261, 260, 262, 261,
    260, 261, 261, 264, 262, 258, 263, 260, 261, 261, 261, 263, 258, 259,
    257, 263, 260, 258, 259, 257, 253, 253, 252, 251, 253, 255, 260, 263,
    269, 273, 276, 278, 280, 276, 272, 269, 263, 258, 253, 249, 249, 246,
    248, 252, 253, 256, 260, 264, 267, 268, 271, 271, 268, 269, 265, 262,
    259, 259, 257, 256, 256, 259, 263, 261, 265, 264, 266, 266, 267, 264,
    263, 264, 261, 257, 258, 255, 259, 255, 257, 260, 256, 258, 261, 260,
    258, 262, 261, 261, 261 ]
headPositionsY: [ 85, 86, 84, 85, 81, 83, 82, 81, 82, 85, 86, 82, 86, 84,
    83, 83, 86, 81, 82, 82, 82, 84, 83, 85, 85, 84, 86, 85, 82, 82, 82,
    82, 84, 84, 84, 83, 83, 86, 85, 83, 79, 79, 80, 78, 79, 83, 81, 85,
    81, 85, 84, 81, 83, 82, 84, 83, 83, 85, 83, 81, 85, 82, 82, 83, 82,
    82, 85, 82, 83, 82, 82, 81, 85, 83, 84, 85, 81, 81, 85, 83, 85, 85,
    84, 84, 83, 82, 83, 84, 85, 83, 84, 84, 86, 83, 85, 84, 87, 85, 86,
    84 ]
