%YAML:1.0
---
videoName: "headShake36.mp4"
gestureLabel: 201
fps: 29
pixelSizeInCmTemp: 3.2364864864864862e-01
faceCenterPointX: 263
faceCenterPointY: 80
headPositionsX: [ 263, 265, 264, 262, 265, 266, 264, 265, 270, 272, 275,
    279, 277, 280, 278, 283, 285, 280, 278, 278, 275, 274, 267, 266, 262,
    257, 255, 253, 250, 248, 247, 246, 246, 244, 248, 244, 247, 247, 251,
    253, 257, 262, 263, 267, 271, 275, 274, 279, 280, 280, 281, 280, 279,
    278, 273, 271, 271, 268, 261, 257, 257, 256, 252, 251, 251, 247, 250,
    250, 250, 254, 257, 258, 258, 263, 264, 267, 264, 267, 265, 269, 265,
    267, 266, 267, 267, 267, 267, 265, 265, 264, 262, 264, 262, 260, 261,
    262, 262, 264, 265, 265 ]
headPositionsY: [ 79, 80, 79, 82, 79, 80, 81, 80, 79, 80, 78, 78, 76, 75,
    78, 78, 77, 76, 80, 77, 81, 82, 82, 83, 83, 83, 82, 79, 81, 79, 83,
    79, 83, 83, 82, 78, 82, 79, 79, 80, 79, 80, 83, 83, 77, 77, 81, 77,
    76, 80, 78, 78, 80, 79, 79, 81, 80, 79, 80, 81, 78, 80, 80, 81, 77,
    82, 78, 82, 79, 77, 82, 82, 78, 79, 82, 79, 79, 78, 82, 81, 80, 82,
    78, 78, 79, 82, 80, 80, 82, 83, 80, 81, 82, 79, 82, 82, 79, 78, 80,
    82 ]
