%YAML:1.0
---
videoName: "headShake48.mp4"
gestureLabel: 201
fps: 29
pixelSizeInCmTemp: 3.1103896103896100e-01
faceCenterPointX: 258
faceCenterPointY: 85
headPositionsX: [ 258, 260, 260, 258, 257, 260, 258, 260, 258, 257, 261,
    258, 262, 258, 261, 262, 260, 257, 262, 260, 258, 259, 257, 259, 260,
    260, 256, 259, 259, 261, 259, 260, 258, 257, 259, 265, 268, 271, 274,
    273, 277, 272, 269, 265, 263, 254, 249, 247, 244, 246, 252, 258, 266,
    269, 266, 268, 262, 258, 255, 251, 252, 248, 251, 256, 261, 266, 268,
    267, 267, 262, 256, 253, 249, 246, 249, 250, 258, 263, 265, 266, 265,
    266, 265, 264, 262, 259, 258, 259, 257, 260, 261, 260, 256, 258, 259,
    257, 257, 260, 262, 260 ]
headPositionsY: [ 84, 77, 78, 79, 78, 79, 79, 77, 80, 80, 80, 80, 82, 79,
    81, 79, 80, 81, 83, 83, 83, 80, 80, 83, 79, 79, 83, 82, 80, 83, 80,
    82, 83, 79, 83, 80, 83, 81, 81, 84, 81, 81, 85, 86, 82, 82, 81, 84,
    81, 82, 85, 85, 86, 88, 86, 87, 84, 86, 85, 85, 84, 86, 84, 85, 87,
    86, 84, 84, 88, 88, 88, 89, 86, 87, 86, 84, 87, 88, 88, 84, 83, 86,
    85, 85, 86, 84, 85, 85, 88, 88, 87, 85, 88, 84, 87, 85, 87, 85, 85,
    83 ]
