%YAML:1.0
---
videoName: "headShake39.mp4"
gestureLabel: 201
fps: 29
pixelSizeInCmTemp: 3.1933333333333330e-01
faceCenterPointX: 263
faceCenterPointY: 83
headPositionsX: [ 264, 264, 259, 261, 260, 259, 263, 261, 259, 260, 260,
    263, 263, 260, 260, 262, 259, 259, 263, 258, 260, 259, 255, 253, 254,
    250, 248, 245, 244, 242, 244, 242, 249, 249, 257, 262, 269, 269, 275,
    281, 281, 281, 276, 270, 262, 259, 252, 246, 248, 246, 248, 250, 254,
    254, 261, 270, 273, 274, 281, 279, 278, 273, 271, 262, 260, 252, 252,
    248, 251, 250, 249, 250, 252, 256, 259, 256, 262, 261, 265, 266, 266,
    266, 268, 265, 265, 268, 267, 264, 265, 265, 264, 264, 263, 262, 264,
    262, 261, 264, 265, 263 ]
headPositionsY: [ 85, 81, 81, 84, 81, 83, 84, 84, 84, 84, 80, 83, 84, 83,
    84, 82, 84, 83, 82, 85, 85, 83, 85, 84, 81, 81, 83, 84, 83, 83, 85,
    81, 82, 84, 83, 81, 84, 81, 82, 79, 81, 81, 83, 84, 82, 84, 82, 80,
    82, 80, 82, 82, 84, 85, 80, 85, 82, 80, 80, 80, 82, 80, 84, 84, 80,
    81, 82, 81, 80, 78, 81, 80, 79, 83, 81, 82, 85, 83, 82, 84, 83, 82,
    84, 80, 83, 83, 82, 85, 84, 83, 83, 85, 82, 82, 83, 85, 83, 85, 84,
    85 ]
