%YAML:1.0
---
videoName: "headShake25.mp4"
gestureLabel: 201
fps: 30
pixelSizeInCmTemp: 3.2364864864864862e-01
faceCenterPointX: 241
faceCenterPointY: 79
headPositionsX: [ 240, 253, 256, 255, 252, 250, 251, 247, 245, 243, 241,
    239, 237, 234, 230, 233, 230, 228, 231, 232, 230, 233, 233, 237, 237,
    239, 242, 245, 247, 248, 250, 250, 251, 246, 248, 243, 243, 240, 240,
    233, 232, 234, 232, 230, 230, 230, 229, 231, 234, 237, 237, 239, 244,
    248, 247, 246, 248, 251, 249, 250, 249, 249, 249, 244, 247, 245, 243,
    240, 237, 237, 233, 237, 236, 237, 237, 236, 234, 234, 234, 235, 239,
    241, 242, 239, 240, 241, 243, 245, 241, 242, 243, 244, 244, 243, 241,
    239, 242, 239, 240, 240 ]
headPositionsY: [ 79, 76, 76, 75, 78, 75, 76, 77, 79, 78, 78, 75, 76, 77,
    78, 77, 76, 76, 76, 80, 76, 79, 79, 76, 79, 76, 77, 77, 79, 78, 77,
    79, 78, 78, 78, 77, 80, 77, 77, 81, 78, 77, 76, 78, 78, 79, 77, 77,
    76, 79, 78, 76, 77, 81, 81, 80, 79, 75, 75, 80, 80, 77, 81, 78, 81,
    77, 80, 77, 76, 79, 77, 77, 77, 77, 79, 76, 78, 79, 80, 78, 78, 80,
    81, 78, 81, 77, 79, 80, 78, 77, 77, 81, 80, 79, 80, 78, 78, 78, 78,
    78 ]
