%YAML:1.0
---
videoName: "headShake3.mp4"
gestureLabel: 201
fps: 30
pixelSizeInCmTemp: 3.3263888888888887e-01
faceCenterPointX: 240
faceCenterPointY: 101
headPositionsX: [ 241, 241, 243, 240, 244, 241, 240, 242, 241, 243, 242,
    243, 240, 240, 243, 241, 240, 242, 242, 243, 239, 239, 242, 239, 243,
    240, 240, 239, 239, 239, 239, 239, 240, 244, 244, 247, 251, 253, 255,
    257, 256, 250, 246, 242, 239, 233, 232, 227, 226, 231, 232, 240, 241,
    248, 250, 249, 247, 248, 242, 238, 231, 227, 225, 225, 222, 226, 229,
    236, 241, 241, 247, 247, 245, 244, 246, 242, 242, 235, 235, 234, 235,
    234, 235, 233, 233, 234, 237, 239, 241, 239, 238, 238, 241, 239, 242,
    241, 240, 242, 239, 238 ]
headPositionsY: [ 100, 101, 99, 99, 97, 99, 98, 98, 99, 99, 100, 100,
    100, 100, 99, 101, 97, 101, 97, 100, 100, 97, 100, 100, 100, 99, 100,
    98, 99, 100, 98, 101, 98, 101, 98, 97, 97, 95, 96, 100, 98, 100, 99,
    97, 99, 99, 99, 98, 98, 101, 100, 101, 98, 97, 98, 98, 96, 100, 100,
    97, 98, 99, 98, 96, 99, 96, 97, 98, 101, 100, 99, 100, 100, 98, 99,
    99, 100, 101, 98, 98, 102, 98, 102, 98, 99, 99, 101, 102, 101, 98,
    99, 101, 100, 100, 103, 99, 99, 101, 99, 102 ]
