%YAML:1.0
---
videoName: "headShake43.mp4"
gestureLabel: 201
fps: 29
pixelSizeInCmTemp: 3.2808219178082193e-01
faceCenterPointX: 257
faceCenterPointY: 84
headPositionsX: [ 255, 259, 262, 262, 258, 258, 258, 258, 258, 262, 261,
    262, 259, 260, 262, 259, 261, 259, 262, 258, 262, 260, 259, 258, 263,
    261, 260, 264, 268, 269, 271, 276, 279, 277, 277, 282, 279, 275, 278,
    275, 268, 264, 261, 256, 253, 248, 246, 242, 243, 241, 246, 250, 257,
    264, 265, 270, 270, 272, 273, 274, 271, 265, 262, 254, 253, 246, 244,
    243, 242, 245, 250, 253, 255, 260, 265, 266, 268, 270, 267, 266, 270,
    269, 268, 265, 265, 260, 261, 258, 260, 256, 257, 257, 257, 256, 257,
    254, 258, 258, 259, 257 ]
headPositionsY: [ 83, 86, 87, 86, 86, 84, 83, 83, 87, 87, 88, 84, 83, 85,
    86, 85, 84, 83, 87, 84, 83, 86, 84, 87, 87, 86, 82, 87, 85, 81, 84,
    82, 80, 83, 81, 83, 83, 82, 81, 83, 87, 86, 83, 87, 85, 84, 82, 83,
    81, 86, 84, 84, 83, 87, 83, 83, 81, 80, 82, 82, 82, 86, 82, 83, 85,
    85, 81, 82, 81, 81, 84, 85, 85, 84, 84, 86, 84, 82, 86, 82, 82, 82,
    84, 84, 82, 84, 82, 83, 85, 85, 83, 84, 81, 85, 82, 82, 86, 85, 82,
    84 ]
