%YAML:1.0
---
videoName: "headShake21.mp4"
gestureLabel: 201
fps: 29
pixelSizeInCmTemp: 3.1933333333333330e-01
faceCenterPointX: 241
faceCenterPointY: 78
headPositionsX: [ 239, 243, 243, 243, 245, 243, 244, 244, 239, 243, 243,
    242, 241, 244, 243, 240, 241, 243, 244, 244, 243, 243, 244, 243, 245,
    241, 243, 245, 241, 242, 242, 245, 244, 245, 244, 243, 243, 243, 244,
    240, 243, 243, 239, 241, 240, 240, 243, 242, 242, 241, 242, 241, 239,
    242, 241, 243, 243, 243, 244, 240, 241, 241, 243, 239, 241, 240, 241,
    243, 244, 247, 252, 253, 250, 250, 244, 244, 237, 234, 233, 235, 234,
    238, 240, 244, 241, 242, 243, 242, 238, 237, 239, 237, 239, 240, 241,
    241, 241, 241, 241, 242 ]
headPositionsY: [ 78, 84, 82, 79, 76, 75, 76, 75, 74, 74, 73, 70, 72, 70,
    70, 70, 71, 69, 72, 73, 72, 70, 70, 75, 72, 75, 76, 76, 77, 74, 75,
    77, 78, 78, 75, 77, 74, 75, 76, 75, 79, 78, 78, 78, 77, 79, 79, 80,
    79, 77, 79, 77, 75, 76, 81, 77, 80, 75, 80, 77, 76, 79, 78, 77, 80,
    78, 78, 79, 77, 77, 75, 76, 75, 79, 77, 80, 80, 76, 79, 79, 79, 77,
    76, 78, 79, 77, 78, 77, 78, 80, 81, 78, 80, 77, 79, 78, 81, 77, 81,
    79 ]
