%YAML:1.0
---
videoName: "headShake23.mp4"
gestureLabel: 201
fps: 29
pixelSizeInCmTemp: 3.2808219178082193e-01
faceCenterPointX: 240
faceCenterPointY: 77
headPositionsX: [ 241, 242, 243, 240, 244, 244, 241, 241, 243, 241, 242,
    239, 240, 242, 243, 240, 243, 239, 241, 240, 239, 243, 242, 244, 251,
    248, 250, 255, 253, 255, 255, 256, 255, 249, 248, 245, 240, 237, 237,
    232, 232, 233, 230, 229, 229, 229, 229, 232, 238, 236, 240, 244, 247,
    251, 250, 252, 251, 252, 250, 252, 250, 248, 248, 244, 242, 241, 239,
    237, 236, 236, 235, 236, 234, 234, 235, 234, 237, 235, 235, 235, 239,
    239, 242, 243, 241, 243, 245, 246, 244, 246, 247, 246, 247, 244, 244,
    246, 243, 244, 243, 242 ]
headPositionsY: [ 79, 77, 76, 75, 79, 75, 76, 75, 75, 77, 75, 79, 75, 78,
    78, 78, 77, 79, 75, 75, 78, 77, 75, 76, 78, 74, 76, 78, 77, 74, 75,
    76, 77, 75, 80, 80, 75, 78, 78, 75, 78, 78, 75, 74, 78, 78, 76, 77,
    78, 76, 80, 77, 78, 78, 74, 75, 74, 76, 77, 77, 79, 80, 77, 81, 77,
    79, 78, 79, 80, 78, 78, 76, 79, 76, 77, 79, 79, 79, 79, 77, 75, 76,
    76, 77, 77, 76, 77, 76, 76, 75, 76, 78, 78, 75, 75, 80, 79, 75, 75,
    75 ]
