%YAML:1.0
---
videoName: "headShake36.mp4"
gestureLabel: 201
fps: 29
pixelSizeInCmTemp: 3.2364864864864862e-01
faceCenterPointX: 263
faceCenterPointY: 80
headPositionsX: [ 262, 264, 262, 264, 262, 263, 265, 268, 272, 271, 274,
    276, 278, 279, 280, 285, 283, 278, 280, 277, 275, 270, 270, 265, 263,
    259, 258, 252, 253, 247, 248, 245, 246, 243, 245, 247, 245, 250, 251,
    253, 257, 261, 266, 269, 271, 274, 278, 279, 279, 277, 278, 280, 278,
    279, 275, 274, 269, 265, 264, 256, 254, 255, 249, 250, 250, 248, 248,
    249, 249, 254, 254, 255, 261, 262, 264, 265, 264, 266, 267, 270, 267,
    268, 268, 265, 267, 266, 265, 263, 265, 265, 266, 263, 266, 260, 262,
    263, 265, 264, 262, 263 ]
headPositionsY: [ 82, 78, 78, 78, 81, 79, 80, 78, 80, 80, 77, 79, 80, 75,
    75, 76, 76, 79, 79, 78, 81, 81, 83, 84, 81, 83, 80, 79, 80, 82, 82,
    83, 80, 80, 79, 81, 79, 80, 80, 79, 80, 81, 84, 81, 79, 78, 80, 81,
    78, 76, 80, 78, 77, 81, 76, 79, 79, 81, 80, 80, 80, 79, 80, 81, 79,
    78, 80, 78, 78, 77, 83, 79, 82, 79, 80, 80, 80, 82, 79, 79, 80, 79,
    79, 81, 83, 79, 79, 82, 79, 82, 82, 80, 79, 78, 81, 82, 78, 81, 80,
    78 ]
