%YAML:1.0
---
videoName: "headShake13.mp4"
gestureLabel: 201
fps: 29
pixelSizeInCmTemp: 3.2364864864864862e-01
faceCenterPointX: 241
faceCenterPointY: 77
headPositionsX: [ 242, 242, 241, 239, 240, 243, 241, 242, 241, 240, 241,
    244, 244, 241, 239, 242, 242, 244, 241, 239, 239, 244, 243, 240, 242,
    243, 243, 240, 241, 239, 241, 241, 239, 239, 243, 247, 251, 255, 261,
    263, 261, 263, 259, 255, 251, 241, 238, 234, 228, 231, 232, 233, 238,
    240, 242, 248, 249, 249, 250, 249, 246, 240, 236, 235, 230, 232, 234,
    236, 236, 239, 246, 249, 251, 251, 248, 249, 247, 246, 241, 236, 236,
    235, 233, 233, 234, 233, 239, 237, 243, 244, 244, 243, 247, 245, 245,
    244, 242, 243, 241, 243 ]
headPositionsY: [ 76, 75, 75, 76, 75, 75, 76, 76, 77, 77, 75, 75, 76, 75,
    77, 77, 78, 77, 78, 77, 76, 77, 74, 75, 76, 73, 76, 76, 74, 77, 74,
    78, 78, 78, 77, 76, 74, 76, 72, 73, 76, 75, 73, 78, 77, 75, 78, 78,
    77, 79, 78, 78, 74, 79, 76, 75, 77, 75, 75, 74, 77, 79, 77, 78, 76,
    75, 76, 76, 77, 75, 75, 77, 74, 77, 74, 75, 79, 74, 78, 75, 76, 77,
    75, 75, 78, 74, 74, 75, 76, 75, 77, 73, 75, 76, 76, 74, 78, 77, 74,
    77 ]
