%YAML:1.0
---
videoName: "headShake11.mp4"
gestureLabel: 201
fps: 29
pixelSizeInCmTemp: 3.2364864864864862e-01
faceCenterPointX: 244
faceCenterPointY: 76
headPositionsX: [ 245, 241, 242, 240, 244, 242, 245, 244, 240, 243, 240,
    242, 244, 244, 242, 241, 242, 242, 242, 240, 243, 244, 242, 242, 241,
    242, 244, 244, 247, 252, 256, 258, 258, 262, 262, 261, 260, 257, 253,
    250, 245, 237, 235, 229, 225, 225, 231, 229, 236, 238, 247, 249, 253,
    258, 258, 256, 257, 252, 251, 242, 239, 233, 234, 232, 231, 231, 233,
    237, 245, 250, 254, 253, 258, 259, 257, 257, 254, 247, 245, 241, 240,
    235, 234, 233, 237, 238, 240, 242, 245, 247, 245, 246, 248, 246, 249,
    248, 246, 244, 247, 243 ]
headPositionsY: [ 75, 71, 71, 74, 70, 70, 74, 72, 75, 72, 73, 70, 71, 71,
    71, 71, 73, 75, 75, 71, 73, 74, 73, 71, 73, 75, 75, 71, 73, 72, 74,
    73, 73, 73, 71, 74, 73, 73, 73, 77, 72, 72, 76, 73, 72, 72, 75, 75,
    73, 77, 76, 74, 73, 74, 76, 71, 73, 72, 73, 74, 78, 74, 74, 74, 78,
    75, 74, 75, 73, 76, 76, 75, 74, 70, 73, 71, 73, 74, 75, 74, 73, 74,
    76, 72, 76, 74, 74, 75, 77, 76, 75, 76, 75, 72, 75, 75, 73, 74, 73,
    74 ]
