%YAML:1.0
---
videoName: "headShake2.mp4"
gestureLabel: 201
fps: 29
pixelSizeInCmTemp: 3.4214285714285714e-01
faceCenterPointX: 276
faceCenterPointY: 98
headPositionsX: [ 275, 279, 279, 276, 279, 276, 275, 279, 279, 278, 276,
    276, 278, 277, 277, 275, 279, 276, 277, 276, 276, 276, 277, 279, 276,
    275, 279, 275, 278, 278, 276, 279, 276, 278, 279, 278, 274, 278, 276,
    275, 276, 279, 281, 284, 288, 287, 295, 292, 295, 296, 290, 289, 285,
    277, 275, 267, 264, 262, 266, 265, 273, 278, 284, 288, 292, 291, 292,
    287, 284, 278, 273, 272, 268, 270, 267, 270, 274, 280, 283, 288, 287,
    287, 286, 284, 283, 282, 280, 275, 275, 276, 277, 276, 274, 273, 273,
    277, 273, 274, 274, 276 ]
headPositionsY: [ 97, 97, 99, 96, 100, 99, 98, 99, 98, 98, 100, 97, 98,
    96, 96, 97, 98, 98, 101, 100, 99, 99, 97, 97, 98, 96, 98, 96, 99, 99,
    98, 99, 100, 98, 99, 102, 98, 98, 100, 98, 100, 98, 98, 98, 98, 98,
    95, 96, 97, 95, 97, 95, 97, 97, 96, 96, 99, 100, 95, 96, 97, 100, 98,
    99, 99, 95, 95, 98, 99, 97, 97, 100, 98, 100, 98, 98, 100, 101, 100,
    96, 98, 97, 100, 97, 101, 98, 97, 100, 100, 99, 98, 101, 98, 100, 96,
    99, 98, 98, 98, 98 ]
