%YAML:1.0
---
videoName: "headShake0.mp4"
gestureLabel: 201
fps: 29
pixelSizeInCmTemp: 3.2808219178082193e-01
faceCenterPointX: 279
faceCenterPointY: 94
headPositionsX: [ 280, 277, 277, 281, 279, 278, 282, 279, 277, 280, 280,
    281, 279, 277, 276, 281, 280, 277, 280, 280, 278, 277, 280, 279, 279,
    278, 278, 280, 281, 277, 278, 278, 279, 279, 278, 280, 278, 280, 278,
    281, 281, 282, 287, 286, 292, 295, 299, 302, 299, 299, 296, 293, 287,
    284, 275, 276, 272, 273, 276, 278, 282, 288, 287, 290, 289, 286, 286,
    280, 280, 277, 272, 274, 272, 277, 280, 284, 285, 285, 282, 284, 282,
    277, 279, 276, 276, 274, 279, 277, 278, 276, 281, 277, 277, 281, 277,
    281, 278, 279, 279, 279 ]
headPositionsY: [ 96, 94, 94, 93, 93, 95, 91, 91, 95, 92, 91, 93, 93, 95,
    95, 95, 95, 92, 91, 93, 95, 95, 95, 92, 95, 92, 94, 93, 91, 93, 91,
    94, 92, 91, 95, 91, 93, 93, 92, 92, 92, 94, 89, 93, 91, 88, 93, 92,
    92, 92, 90, 91, 91, 93, 93, 95, 93, 92, 92, 92, 91, 94, 93, 91, 93,
    93, 91, 92, 91, 94, 95, 95, 91, 94, 93, 92, 93, 91, 91, 92, 96, 92,
    93, 94, 92, 91, 96, 93, 96, 94, 94, 94, 93, 93, 97, 95, 93, 97, 93,
    93 ]
