%YAML:1.0
---
videoName: "headShake14.mp4"
gestureLabel: 201
fps: 29
pixelSizeInCmTemp: 3.2364864864864862e-01
faceCenterPointX: 244
faceCenterPointY: 76
headPositionsX: [ 244, 247, 245, 247, 246, 245, 246, 243, 244, 246, 245,
    243, 243, 246, 243, 244, 245, 243, 245, 246, 247, 245, 243, 245, 245,
    247, 249, 253, 257, 259, 262, 259, 260, 257, 254, 251, 246, 242, 237,
    229, 226, 225, 228, 226, 233, 237, 241, 247, 253, 254, 256, 259, 254,
    251, 249, 240, 240, 234, 231, 233, 236, 233, 234, 237, 243, 242, 243,
    245, 247, 249, 250, 247, 250, 250, 245, 244, 245, 241, 240, 238, 238,
    238, 242, 238, 239, 242, 244, 242, 242, 246, 247, 245, 245, 245, 245,
    246, 245, 246, 244, 244 ]
headPositionsY: [ 77, 73, 73, 75, 78, 77, 74, 77, 74, 73, 74, 77, 76, 74,
    77, 75, 75, 77, 74, 73, 75, 74, 76, 78, 74, 75, 73, 76, 71, 74, 75,
    72, 72, 76, 76, 73, 76, 73, 75, 75, 76, 74, 74, 73, 76, 76, 74, 75,
    75, 72, 74, 72, 71, 72, 74, 76, 73, 78, 73, 73, 74, 76, 77, 77, 76,
    77, 76, 75, 75, 77, 75, 76, 76, 78, 76, 75, 75, 77, 75, 75, 76, 73,
    74, 76, 75, 78, 77, 75, 78, 77, 76, 76, 74, 75, 78, 74, 77, 78, 77,
    74 ]
