%YAML:1.0
---
videoName: "headShake4.mp4"
gestureLabel: 201
fps: 30
pixelSizeInCmTemp: 3.2364864864864862e-01
faceCenterPointX: 237
faceCenterPointY: 101
headPositionsX: [ 237, 242, 245, 248, 252, 253, 252, 255, 255, 251, 242,
    238, 230, 227, 226, 226, 227, 232, 234, 241, 248, 249, 252, 251, 251,
    247, 238, 235, 229, 226, 221, 224, 224, 231, 234, 239, 244, 249, 253,
    255, 256, 254, 249, 244, 236, 233, 230, 223, 222, 224, 225, 231, 232,
    238, 242, 248, 249, 249, 247, 250, 249, 244, 242, 239, 233, 230, 232,
    233, 230, 229, 232, 236, 235, 237, 238, 240, 241, 242, 240, 241, 242,
    242, 241, 238, 237, 238, 239, 238, 238, 239, 235, 236, 235, 236, 238,
    237, 236, 235, 238, 235 ]
headPositionsY: [ 103, 101, 100, 99, 99, 96, 98, 100, 100, 99, 98, 99,
    101, 97, 97, 100, 98, 101, 101, 100, 97, 99, 97, 100, 100, 100, 100,
    99, 99, 98, 98, 101, 96, 100, 101, 100, 98, 98, 99, 100, 99, 99, 97,
    103, 99, 99, 100, 100, 102, 97, 101, 98, 102, 101, 99, 100, 101, 100,
    97, 101, 102, 102, 100, 99, 98, 100, 101, 102, 101, 100, 102, 99, 97,
    98, 99, 99, 100, 102, 101, 99, 99, 103, 100, 98, 98, 101, 98, 102,
    98, 100, 97, 100, 101, 102, 101, 99, 99, 100, 98, 99 ]
