%YAML:1.0
---
videoName: "headShake15.mp4"
gestureLabel: 201
fps: 29
pixelSizeInCmTemp: 3.3263888888888887e-01
faceCenterPointX: 243
faceCenterPointY: 76
headPositionsX: [ 243, 242, 243, 242, 242, 242, 245, 246, 242, 245, 241,
    243, 242, 243, 243, 243, 245, 242, 243, 243, 244, 241, 242, 242, 243,
    241, 244, 243, 245, 241, 241, 241, 240, 244, 241, 241, 243, 244, 240,
    241, 244, 240, 244, 243, 244, 241, 246, 243, 245, 241, 242, 241, 244,
    241, 241, 240, 244, 243, 240, 241, 240, 244, 245, 246, 248, 254, 254,
    256, 259, 259, 255, 251, 249, 248, 245, 240, 237, 236, 238, 241, 238,
    244, 246, 246, 249, 247, 247, 243, 244, 242, 240, 242, 240, 243, 243,
    243, 242, 243, 241, 244 ]
headPositionsY: [ 77, 77, 74, 75, 78, 74, 74, 77, 74, 78, 73, 75, 73, 78,
    75, 74, 76, 75, 76, 72, 78, 75, 74, 73, 76, 73, 75, 77, 73, 77, 75,
    74, 74, 72, 75, 76, 78, 76, 76, 76, 75, 74, 76, 75, 77, 78, 77, 73,
    78, 73, 74, 76, 74, 75, 78, 74, 76, 76, 75, 75, 77, 75, 77, 74, 76,
    72, 72, 73, 73, 75, 76, 75, 77, 75, 79, 74, 78, 77, 78, 76, 74, 78,
    79, 76, 76, 74, 80, 74, 76, 79, 75, 75, 77, 78, 76, 76, 75, 76, 75,
    77 ]
