%YAML:1.0
---
videoName: "headShake0.mp4"
gestureLabel: 201
fps: 29
pixelSizeInCmTemp: 3.2808219178082193e-01
faceCenterPointX: 279
faceCenterPointY: 94
headPositionsX: [ 281, 280, 280, 277, 277, 278, 280, 277, 281, 281, 281,
    281, 280, 277, 277, 277, 277, 281, 278, 281, 281, 278, 281, 279, 280,
    278, 279, 279, 277, 279, 280, 281, 281, 279, 279, 280, 279, 277, 277,
    280, 279, 282, 287, 286, 291, 293, 299, 300, 300, 300, 299, 291, 290,
    284, 276, 273, 273, 271, 276, 277, 281, 285, 287, 289, 291, 287, 288,
    282, 280, 273, 271, 271, 275, 276, 279, 280, 282, 286, 284, 282, 282,
    279, 278, 277, 276, 278, 276, 275, 276, 279, 280, 279, 277, 279, 277,
    280, 281, 278, 281, 281 ]
headPositionsY: [ 95, 91, 94, 91, 95, 93, 91, 94, 91, 95, 95, 93, 95, 94,
    92, 94, 92, 94, 91, 93, 92, 94, 93, 94, 95, 91, 95, 93, 92, 93, 91,
    91, 93, 94, 91, 93, 94, 94, 93, 94, 93, 95, 92, 89, 92, 92, 92, 92,
    92, 93, 93, 91, 95, 91, 93, 94, 93, 91, 93, 92, 91, 94, 93, 92, 93,
    92, 94, 91, 92, 91, 93, 93, 92, 93, 92, 92, 93, 92, 92, 94, 95, 96,
    94, 94, 95, 94, 96, 95, 96, 94, 94, 97, 95, 96, 94, 96, 97, 94, 94,
    94 ]
