%YAML:1.0
---
videoName: "headShake43.mp4"
gestureLabel: 201
fps: 29
pixelSizeInCmTemp: 3.2808219178082193e-01
faceCenterPointX: 257
faceCenterPointY: 84
headPositionsX: [ 258, 261, 258, 259, 258, 261, 262, 258, 260, 258, 259,
    261, 261, 258, 260, 258, 258, 262, 259, 259, 259, 261, 261, 259, 260,
    260, 263, 265, 266, 272, 274, 275, 276, 277, 278, 281, 281, 276, 275,
    276, 270, 265, 263, 258, 251, 250, 244, 245, 241, 245, 249, 254, 257,
    263, 268, 269, 273, 275, 276, 273, 272, 266, 261, 257, 252, 248, 243,
    243, 244, 245, 247, 249, 257, 260, 265, 268, 266, 271, 271, 270, 266,
    267, 264, 263, 261, 263, 261, 257, 257, 258, 258, 259, 259, 255, 259,
    257, 259, 254, 257, 255 ]
headPositionsY: [ 82, 83, 85, 83, 87, 87, 85, 85, 85, 83, 85, 84, 85, 83,
    85, 84, 84, 84, 84, 87, 84, 86, 87, 83, 86, 85, 85, 86, 83, 82, 83,
    81, 81, 83, 81, 82, 81, 80, 85, 80, 83, 86, 84, 86, 86, 82, 82, 84,
    82, 84, 82, 86, 86, 83, 85, 81, 81, 81, 82, 83, 83, 86, 83, 83, 84,
    85, 83, 84, 85, 85, 83, 85, 86, 84, 85, 83, 82, 83, 82, 82, 85, 86,
    84, 83, 82, 84, 84, 82, 84, 84, 81, 84, 82, 86, 82, 86, 83, 81, 85,
    81 ]
