%YAML:1.0
---
videoName: "headShake35.mp4"
gestureLabel: 201
fps: 29
pixelSizeInCmTemp: 3.2364864864864862e-01
faceCenterPointX: 267
faceCenterPointY: 82
headPositionsX: [ 268, 267, 265, 268, 268, 267, 269, 266, 267, 267, 270,
    270, 269, 271, 270, 266, 267, 268, 271, 266, 269, 269, 268, 269, 268,
    267, 266, 266, 270, 269, 270, 265, 266, 269, 267, 269, 266, 267, 266,
    270, 266, 266, 265, 266, 269, 268, 268, 265, 269, 269, 266, 266, 267,
    265, 266, 270, 269, 265, 269, 268, 269, 266, 270, 270, 274, 278, 279,
    281, 279, 281, 275, 272, 268, 261, 262, 260, 260, 261, 264, 269, 274,
    278, 273, 271, 272, 265, 263, 263, 263, 263, 264, 266, 264, 267, 267,
    266, 269, 270, 269, 269 ]
headPositionsY: [ 83, 77, 79, 77, 79, 80, 80, 81, 78, 82, 81, 79, 79, 78,
    79, 80, 78, 80, 80, 82, 80, 81, 81, 78, 80, 79, 77, 82, 80, 80, 79,
    81, 80, 81, 80, 79, 79, 82, 80, 80, 81, 78, 81, 82, 81, 78, 83, 78,
    81, 82, 80, 81, 83, 80, 80, 79, 78, 81, 81, 79, 81, 80, 78, 82, 81,
    78, 82, 81, 80, 79, 83, 81, 80, 83, 79, 80, 80, 82, 83, 83, 83, 81,
    82, 82, 84, 81, 79, 82, 81, 83, 80, 80, 80, 81, 83, 82, 79, 83, 80,
    82 ]
