%YAML:1.0
---
videoName: "headShake8.mp4"
gestureLabel: 201
fps: 29
pixelSizeInCmTemp: 3.2364864864864862e-01
faceCenterPointX: 243
faceCenterPointY: 72
headPositionsX: [ 241, 243, 243, 243, 242, 242, 246, 245, 241, 242, 245,
    244, 244, 242, 246, 241, 243, 241, 245, 245, 242, 243, 241, 246, 242,
    243, 243, 242, 242, 244, 241, 245, 243, 244, 248, 249, 253, 256, 261,
    266, 263, 267, 265, 260, 256, 252, 245, 242, 233, 233, 232, 230, 230,
    236, 244, 248, 255, 258, 261, 259, 256, 252, 250, 244, 242, 236, 233,
    234, 236, 232, 234, 235, 241, 239, 243, 245, 246, 246, 247, 248, 252,
    252, 248, 251, 250, 251, 250, 246, 246, 246, 246, 244, 245, 241, 242,
    245, 244, 241, 242, 245 ]
headPositionsY: [ 70, 69, 70, 72, 73, 72, 74, 71, 69, 74, 73, 73, 74, 73,
    70, 72, 71, 69, 69, 71, 70, 71, 72, 73, 69, 72, 70, 73, 70, 74, 70,
    73, 69, 72, 73, 71, 68, 69, 68, 69, 67, 72, 69, 71, 71, 69, 74, 73,
    70, 70, 72, 72, 70, 71, 74, 71, 70, 69, 69, 69, 71, 72, 69, 70, 73,
    70, 72, 72, 72, 70, 73, 70, 72, 73, 70, 73, 73, 70, 71, 74, 73, 72,
    70, 73, 69, 72, 73, 71, 69, 71, 73, 70, 69, 72, 72, 71, 70, 74, 74,
    71 ]
