%YAML:1.0
---
videoName: "headShake40.mp4"
gestureLabel: 201
fps: 29
pixelSizeInCmTemp: 3.2808219178082193e-01
faceCenterPointX: 261
faceCenterPointY: 86
headPositionsX: [ 262, 263, 261, 263, 259, 263, 258, 259, 259, 262, 261,
    261, 260, 259, 264, 261, 261, 259, 260, 261, 259, 262, 262, 260, 261,
    261, 260, 257, 261, 260, 255, 255, 255, 251, 254, 253, 254, 259, 263,
    272, 275, 277, 280, 281, 276, 276, 271, 264, 260, 253, 249, 248, 246,
    249, 248, 253, 255, 262, 266, 267, 272, 273, 268, 266, 266, 261, 260,
    259, 255, 255, 255, 259, 257, 259, 261, 264, 265, 265, 266, 265, 266,
    262, 263, 262, 260, 257, 256, 255, 258, 259, 259, 257, 257, 258, 260,
    260, 259, 261, 262, 263 ]
headPositionsY: [ 88, 83, 81, 82, 85, 85, 81, 81, 86, 85, 86, 83, 84, 81,
    86, 83, 85, 85, 82, 80, 84, 83, 84, 82, 84, 82, 84, 86, 82, 84, 82,
    81, 86, 81, 82, 83, 81, 84, 83, 83, 80, 79, 81, 80, 79, 83, 82, 82,
    84, 81, 84, 83, 81, 84, 84, 83, 82, 86, 81, 80, 81, 85, 81, 83, 85,
    85, 81, 82, 85, 84, 83, 84, 84, 83, 81, 81, 85, 81, 84, 81, 84, 83,
    84, 82, 84, 86, 82, 82, 85, 84, 84, 84, 83, 83, 85, 86, 85, 85, 86,
    83 ]
