%YAML:1.0
---
videoName: "headShake12.mp4"
gestureLabel: 201
fps: 29
pixelSizeInCmTemp: 3.2808219178082193e-01
faceCenterPointX: 241
faceCenterPointY: 76
headPositionsX: [ 241, 241, 241, 241, 244, 241, 241, 242, 243, 243, 241,
    241, 243, 243, 241, 241, 240, 241, 242, 240, 242, 242, 244, 241, 242,
    242, 241, 241, 240, 243, 244, 240, 242, 243, 240, 243, 240, 241, 244,
    239, 243, 243, 243, 239, 242, 239, 240, 239, 242, 244, 240, 242, 242,
    241, 242, 240, 240, 243, 245, 247, 249, 253, 253, 258, 259, 257, 259,
    254, 247, 244, 238, 235, 230, 233, 235, 243, 245, 249, 253, 255, 250,
    249, 246, 245, 242, 241, 236, 236, 234, 237, 236, 239, 237, 237, 241,
    238, 241, 238, 241, 238 ]
headPositionsY: [ 76, 70, 74, 70, 75, 74, 73, 73, 75, 72, 71, 73, 76, 75,
    72, 74, 72, 72, 74, 73, 71, 71, 76, 72, 74, 75, 72, 75, 72, 73, 76,
    74, 77, 75, 76, 72, 72, 76, 76, 75, 76, 76, 74, 72, 75, 76, 75, 73,
    75, 76, 76, 74, 72, 72, 74, 72, 72, 74, 76, 73, 72, 72, 75, 75, 74,
    75, 71, 73, 78, 74, 75, 77, 75, 78, 77, 78, 74, 75, 76, 74, 77, 73,
    77, 79, 78, 77, 75, 78, 77, 76, 78, 76, 76, 74, 76, 78, 78, 73, 75,
    75 ]
