%YAML:1.0
---
videoName: "headShake48.mp4"
gestureLabel: 201
fps: 29
pixelSizeInCmTemp: 3.1103896103896100e-01
faceCenterPointX: 258
faceCenterPointY: 85
headPositionsX: [ 260, 262, 259, 260, 256, 257, 257, 258, 260, 260, 261,
    260, 258, 261, 261, 261, 260, 260, 262, 259, 261, 261, 261, 258, 259,
    261, 258, 256, 257, 261, 260, 258, 257, 257, 260, 262, 264, 269, 274,
    273, 274, 272, 269, 266, 261, 256, 249, 246, 246, 249, 254, 259, 264,
    269, 269, 270, 266, 259, 253, 249, 252, 248, 254, 258, 262, 267, 266,
    267, 267, 264, 258, 253, 249, 248, 249, 250, 254, 261, 265, 266, 265,
    267, 265, 260, 262, 259, 259, 262, 259, 257, 260, 258, 260, 259, 261,
    258, 261, 260, 261, 260 ]
headPositionsY: [ 87, 78, 81, 80, 78, 80, 79, 77, 80, 78, 82, 78, 78, 81,
    81, 78, 78, 81, 83, 83, 81, 83, 81, 83, 80, 83, 83, 83, 80, 84, 83,
    80, 80, 83, 81, 82, 81, 81, 82, 81, 81, 85, 83, 87, 84, 84, 82, 85,
    82, 82, 85, 83, 87, 87, 83, 87, 86, 88, 84, 88, 84, 84, 87, 86, 87,
    86, 87, 88, 88, 85, 87, 89, 85, 85, 84, 85, 88, 88, 85, 84, 84, 84,
    87, 86, 89, 88, 84, 84, 85, 85, 87, 84, 87, 83, 86, 86, 86, 84, 85,
    84 ]
