%YAML:1.0
---
videoName: "headShake22.mp4"
gestureLabel: 201
fps: 29
pixelSizeInCmTemp: 3.2364864864864862e-01
faceCenterPointX: 241
faceCenterPointY: 79
headPositionsX: [ 240, 239, 241, 241, 240, 240, 245, 243, 245, 245, 242,
    242, 245, 243, 242, 243, 243, 244, 242, 241, 244, 244, 242, 242, 244,
    243, 240, 244, 242, 243, 243, 244, 242, 244, 241, 243, 244, 244, 244,
    243, 242, 242, 242, 242, 241, 244, 243, 242, 244, 240, 240, 241, 243,
    243, 241, 240, 241, 243, 244, 241, 240, 240, 240, 243, 243, 242, 241,
    240, 244, 249, 252, 252, 254, 253, 252, 249, 245, 241, 239, 236, 237,
    239, 239, 242, 247, 248, 246, 244, 246, 242, 242, 239, 239, 238, 239,
    242, 241, 239, 239, 240 ]
headPositionsY: [ 78, 78, 77, 74, 76, 76, 75, 77, 77, 76, 75, 78, 74, 75,
    78, 74, 78, 75, 75, 76, 74, 77, 76, 76, 78, 78, 77, 75, 76, 78, 77,
    78, 77, 76, 74, 76, 76, 76, 74, 78, 79, 76, 76, 79, 74, 77, 77, 78,
    78, 78, 78, 76, 78, 79, 74, 78, 78, 75, 77, 74, 75, 75, 76, 75, 78,
    77, 78, 78, 75, 78, 78, 75, 74, 73, 76, 77, 75, 76, 75, 77, 78, 76,
    77, 75, 76, 79, 79, 79, 79, 78, 79, 80, 80, 77, 79, 80, 81, 80, 77,
    78 ]
