%YAML:1.0
---
videoName: "headShake4.mp4"
gestureLabel: 201
fps: 30
pixelSizeInCmTemp: 3.2364864864864862e-01
faceCenterPointX: 237
faceCenterPointY: 101
headPositionsX: [ 238, 244, 246, 248, 252, 252, 256, 255, 254, 250, 242,
    238, 229, 229, 227, 224, 225, 232, 235, 244, 247, 249, 253, 253, 248,
    246, 238, 233, 230, 224, 224, 222, 224, 227, 235, 239, 248, 249, 256,
    258, 255, 251, 246, 242, 235, 229, 231, 225, 222, 227, 228, 229, 231,
    238, 242, 248, 249, 246, 248, 246, 248, 246, 242, 235, 234, 234, 228,
    229, 231, 230, 232, 236, 236, 235, 240, 240, 242, 240, 243, 243, 243,
    238, 238, 237, 240, 239, 236, 239, 234, 238, 238, 239, 236, 234, 236,
    237, 237, 237, 236, 237 ]
headPositionsY: [ 99, 99, 100, 99, 97, 98, 96, 98, 100, 99, 100, 99, 100,
    98, 97, 99, 97, 97, 101, 97, 97, 100, 97, 99, 100, 99, 98, 99, 100,
    97, 100, 100, 100, 97, 99, 101, 100, 100, 100, 101, 98, 100, 99, 103,
    98, 97, 102, 102, 100, 97, 97, 98, 102, 103, 103, 98, 101, 101, 97,
    98, 98, 101, 103, 102, 99, 102, 100, 100, 99, 97, 102, 100, 98, 101,
    98, 99, 100, 100, 100, 99, 100, 101, 100, 100, 99, 99, 99, 99, 100,
    100, 100, 99, 100, 98, 98, 102, 99, 100, 102, 99 ]
