%YAML:1.0
---
videoName: "headShake39.mp4"
gestureLabel: 201
fps: 29
pixelSizeInCmTemp: 3.1933333333333330e-01
faceCenterPointX: 263
faceCenterPointY: 83
headPositionsX: [ 261, 262, 261, 260, 263, 261, 263, 263, 259, 263, 263,
    261, 259, 262, 263, 263, 258, 262, 259, 258, 259, 259, 257, 252, 254,
    247, 248, 244, 243, 245, 241, 246, 247, 253, 258, 262, 268, 273, 275,
    280, 283, 279, 273, 269, 265, 259, 252, 248, 246, 248, 248, 249, 255,
    256, 261, 268, 273, 274, 281, 281, 278, 272, 267, 265, 259, 252, 250,
    251, 247, 248, 249, 253, 251, 256, 259, 259, 259, 262, 266, 264, 263,
    265, 264, 268, 265, 269, 266, 264, 265, 263, 263, 266, 262, 263, 264,
    266, 260, 263, 264, 264 ]
headPositionsY: [ 83, 84, 85, 83, 81, 84, 84, 83, 81, 82, 82, 82, 82, 84,
    81, 84, 84, 81, 83, 83, 84, 82, 82, 84, 84, 83, 84, 84, 80, 80, 84,
    80, 81, 81, 84, 83, 83, 79, 80, 78, 79, 82, 82, 81, 84, 83, 83, 84,
    81, 82, 82, 84, 83, 83, 84, 81, 84, 79, 78, 80, 79, 83, 84, 83, 84,
    82, 79, 80, 81, 81, 78, 78, 81, 83, 82, 84, 85, 80, 82, 81, 82, 85,
    80, 81, 81, 83, 81, 84, 83, 81, 83, 83, 85, 82, 81, 83, 82, 83, 85,
    83 ]
