%YAML:1.0
---
videoName: "headShake31.mp4"
gestureLabel: 201
fps: 29
pixelSizeInCmTemp: 3.2808219178082193e-01
faceCenterPointX: 236
faceCenterPointY: 68
headPositionsX: [ 234, 236, 235, 235, 235, 236, 237, 239, 239, 239, 236,
    234, 239, 235, 239, 235, 238, 239, 238, 238, 237, 238, 235, 236, 235,
    238, 236, 236, 235, 239, 239, 236, 237, 236, 237, 233, 235, 236, 241,
    246, 246, 253, 254, 254, 250, 250, 243, 240, 233, 223, 221, 220, 220,
    223, 227, 235, 238, 242, 247, 249, 245, 242, 243, 238, 232, 233, 227,
    227, 228, 229, 230, 234, 241, 241, 240, 242, 242, 243, 240, 237, 238,
    236, 236, 235, 232, 235, 232, 234, 233, 237, 234, 236, 236, 236, 234,
    237, 235, 234, 234, 233 ]
headPositionsY: [ 66, 68, 66, 66, 66, 65, 67, 66, 69, 70, 67, 66, 66, 67,
    65, 66, 69, 67, 69, 66, 66, 68, 66, 69, 64, 65, 67, 65, 66, 68, 69,
    66, 69, 66, 66, 69, 65, 67, 65, 68, 65, 68, 64, 65, 66, 65, 69, 69,
    70, 66, 68, 66, 69, 72, 68, 68, 68, 68, 68, 70, 69, 67, 71, 67, 69,
    71, 69, 67, 69, 68, 67, 70, 68, 68, 71, 67, 68, 71, 68, 67, 67, 68,
    68, 68, 70, 71, 70, 72, 67, 67, 70, 67, 71, 67, 70, 70, 68, 69, 70,
    69 ]
