%YAML:1.0
---
videoName: "headShake16.mp4"
gestureLabel: 201
fps: 29
pixelSizeInCmTemp: 3.2364864864864862e-01
faceCenterPointX: 242
faceCenterPointY: 77
headPositionsX: [ 244, 241, 245, 245, 244, 242, 244, 243, 243, 242, 243,
    245, 244, 244, 244, 241, 245, 245, 244, 243, 242, 245, 241, 243, 240,
    243, 243, 243, 242, 243, 244, 245, 240, 243, 243, 239, 244, 242, 248,
    249, 252, 255, 256, 256, 255, 252, 246, 245, 242, 236, 238, 235, 236,
    235, 238, 243, 245, 247, 251, 247, 248, 250, 249, 245, 242, 241, 236,
    233, 235, 235, 233, 235, 236, 240, 241, 241, 245, 246, 246, 241, 242,
    239, 240, 240, 237, 238, 238, 237, 240, 242, 241, 241, 243, 243, 244,
    242, 241, 241, 244, 243 ]
headPositionsY: [ 76, 73, 75, 78, 76, 75, 77, 74, 77, 78, 74, 76, 75, 76,
    77, 75, 74, 78, 78, 75, 78, 76, 77, 76, 76, 76, 74, 74, 74, 77, 77,
    78, 73, 76, 74, 76, 76, 79, 75, 75, 74, 75, 76, 76, 76, 74, 75, 78,
    75, 77, 78, 75, 78, 76, 79, 78, 78, 74, 74, 75, 75, 79, 79, 77, 79,
    78, 75, 78, 77, 77, 77, 75, 77, 76, 78, 78, 76, 78, 76, 77, 80, 79,
    77, 75, 76, 78, 76, 74, 78, 76, 76, 78, 77, 79, 75, 76, 76, 79, 74,
    75 ]
