%YAML:1.0
---
videoName: "headShake23.mp4"
gestureLabel: 201
fps: 29
pixelSizeInCmTemp: 3.2808219178082193e-01
faceCenterPointX: 240
faceCenterPointY: 77
headPositionsX: [ 238, 244, 243, 243, 243, 241, 241, 241, 239, 242, 241,
    241, 241, 244, 239, 242, 241, 240, 239, 237, 241, 243, 244, 245, 250,
    249, 250, 254, 252, 256, 254, 256, 251, 252, 247, 243, 242, 239, 234,
    229, 232, 233, 227, 229, 231, 229, 229, 234, 238, 240, 243, 247, 248,
    252, 251, 250, 250, 252, 253, 251, 252, 249, 247, 243, 242, 243, 238,
    237, 238, 234, 233, 233, 236, 235, 236, 236, 235, 236, 239, 235, 237,
    238, 238, 243, 245, 245, 242, 246, 243, 243, 247, 245, 244, 246, 242,
    246, 242, 242, 240, 239 ]
headPositionsY: [ 77, 76, 77, 77, 79, 79, 79, 78, 79, 76, 78, 79, 76, 76,
    77, 75, 77, 76, 75, 76, 77, 74, 76, 79, 75, 78, 77, 79, 74, 75, 76,
    75, 74, 74, 76, 80, 75, 76, 75, 77, 76, 76, 75, 77, 76, 79, 76, 76,
    78, 79, 79, 79, 77, 76, 75, 76, 75, 77, 74, 78, 78, 79, 79, 78, 78,
    80, 78, 79, 77, 78, 80, 77, 78, 78, 78, 78, 79, 80, 79, 75, 78, 78,
    78, 76, 78, 75, 76, 79, 75, 77, 79, 77, 76, 76, 76, 78, 79, 79, 77,
    77 ]
