%YAML:1.0
---
videoName: "headShake8.mp4"
gestureLabel: 201
fps: 29
pixelSizeInCmTemp: 3.2364864864864862e-01
faceCenterPointX: 243
faceCenterPointY: 72
headPositionsX: [ 241, 243, 245, 246, 243, 242, 245, 246, 243, 245, 244,
    245, 244, 244, 244, 245, 241, 241, 242, 244, 245, 243, 242, 246, 245,
    244, 242, 243, 243, 241, 241, 246, 242, 242, 248, 251, 251, 255, 261,
    262, 265, 266, 265, 260, 255, 251, 248, 242, 234, 234, 230, 232, 231,
    237, 244, 247, 255, 259, 258, 258, 258, 255, 250, 247, 244, 236, 235,
    233, 233, 232, 234, 239, 239, 239, 245, 243, 246, 248, 251, 250, 251,
    250, 249, 248, 251, 249, 249, 248, 246, 245, 245, 246, 244, 244, 244,
    243, 245, 245, 245, 244 ]
headPositionsY: [ 72, 72, 73, 72, 74, 72, 70, 72, 73, 74, 72, 73, 71, 72,
    71, 69, 70, 69, 71, 74, 74, 73, 71, 72, 70, 72, 71, 73, 71, 71, 70,
    71, 70, 73, 74, 73, 72, 71, 72, 72, 67, 69, 69, 69, 70, 71, 73, 72,
    70, 72, 72, 71, 71, 70, 70, 72, 68, 71, 71, 68, 68, 68, 70, 70, 71,
    74, 74, 69, 74, 70, 73, 72, 73, 71, 74, 70, 73, 72, 71, 70, 73, 72,
    73, 70, 71, 73, 71, 74, 72, 72, 72, 69, 71, 69, 74, 72, 74, 74, 74,
    71 ]
