%YAML:1.0
---
videoName: "headShake41.mp4"
gestureLabel: 201
fps: 29
pixelSizeInCmTemp: 3.2364864864864862e-01
faceCenterPointX: 264
faceCenterPointY: 85
headPositionsX: [ 262, 263, 262, 263, 259, 260, 263, 260, 264, 259, 264,
    259, 261, 261, 263, 259, 263, 263, 260, 262, 263, 265, 262, 263, 268,
    269, 273, 272, 272, 278, 278, 280, 283, 284, 280, 284, 281, 278, 278,
    277, 272, 269, 264, 264, 254, 256, 252, 251, 246, 244, 242, 244, 244,
    245, 248, 251, 251, 255, 257, 260, 266, 265, 269, 271, 277, 279, 277,
    280, 277, 276, 280, 277, 273, 270, 269, 267, 266, 265, 265, 267, 262,
    261, 264, 262, 263, 265, 261, 265, 260, 264, 260, 265, 261, 262, 264,
    264, 262, 263, 263, 265 ]
headPositionsY: [ 83, 84, 85, 84, 85, 84, 80, 83, 85, 81, 83, 83, 83, 85,
    83, 85, 82, 82, 84, 85, 82, 82, 83, 82, 84, 83, 80, 83, 80, 83, 80,
    83, 83, 81, 79, 81, 80, 83, 84, 84, 85, 82, 86, 85, 85, 82, 84, 82,
    83, 83, 83, 84, 81, 86, 82, 85, 85, 83, 85, 85, 84, 84, 82, 85, 84,
    84, 82, 82, 83, 83, 86, 85, 84, 84, 84, 86, 84, 84, 85, 82, 84, 84,
    83, 86, 85, 83, 84, 85, 86, 84, 83, 87, 87, 86, 86, 85, 82, 84, 83,
    83 ]
