%YAML:1.0
---
videoName: "headShake26.mp4"
gestureLabel: 201
fps: 30
pixelSizeInCmTemp: 3.2808219178082193e-01
faceCenterPointX: 243
faceCenterPointY: 78
headPositionsX: [ 242, 242, 239, 241, 239, 241, 244, 247, 245, 249, 252,
    248, 253, 249, 251, 251, 251, 247, 247, 247, 241, 235, 234, 231, 228,
    228, 229, 228, 231, 232, 232, 233, 239, 241, 248, 246, 247, 252, 251,
    255, 254, 251, 248, 246, 244, 239, 238, 236, 232, 230, 229, 227, 231,
    230, 232, 233, 236, 237, 243, 247, 247, 252, 252, 252, 254, 254, 253,
    249, 249, 246, 246, 241, 241, 240, 239, 237, 238, 236, 234, 235, 239,
    239, 237, 237, 242, 241, 240, 241, 243, 245, 245, 242, 246, 245, 246,
    245, 246, 246, 245, 245 ]
headPositionsY: [ 77, 78, 76, 75, 74, 75, 79, 79, 77, 75, 76, 79, 79, 78,
    75, 77, 78, 77, 78, 78, 80, 79, 76, 78, 76, 78, 74, 75, 76, 77, 74,
    76, 76, 77, 77, 77, 77, 76, 77, 75, 78, 76, 78, 77, 78, 78, 78, 76,
    79, 77, 78, 77, 77, 75, 74, 76, 79, 79, 78, 78, 79, 76, 75, 79, 77,
    74, 76, 80, 80, 78, 81, 78, 79, 78, 78, 77, 78, 78, 78, 79, 79, 77,
    80, 80, 80, 77, 78, 76, 81, 81, 80, 80, 81, 80, 78, 77, 80, 77, 78,
    81 ]
