%YAML:1.0
---
videoName: "headShake36.mp4"
gestureLabel: 201
fps: 29
pixelSizeInCmTemp: 3.2364864864864862e-01
faceCenterPointX: 263
faceCenterPointY: 80
headPositionsX: [ 263, 264, 260, 263, 263, 263, 266, 266, 271, 274, 276,
    275, 277, 279, 281, 281, 286, 278, 278, 277, 274, 274, 268, 267, 264,
    257, 258, 254, 250, 247, 249, 246, 245, 246, 245, 246, 249, 249, 251,
    253, 258, 260, 263, 266, 273, 272, 277, 279, 278, 278, 281, 281, 277,
    279, 273, 271, 268, 265, 262, 260, 254, 255, 250, 248, 249, 251, 251,
    253, 252, 255, 253, 259, 260, 261, 264, 265, 268, 266, 266, 269, 268,
    267, 265, 267, 268, 266, 264, 266, 265, 267, 266, 265, 265, 264, 261,
    264, 263, 265, 262, 265 ]
headPositionsY: [ 82, 80, 80, 79, 79, 81, 80, 81, 81, 76, 76, 78, 77, 77,
    78, 78, 75, 76, 76, 78, 78, 82, 82, 82, 81, 80, 81, 79, 80, 81, 83,
    81, 82, 81, 83, 79, 83, 79, 80, 80, 80, 83, 81, 80, 79, 78, 78, 77,
    76, 78, 76, 80, 76, 81, 78, 78, 79, 81, 79, 81, 81, 82, 77, 80, 80,
    79, 77, 81, 79, 79, 81, 82, 80, 83, 83, 83, 81, 79, 82, 83, 80, 83,
    79, 80, 80, 79, 80, 83, 80, 83, 82, 81, 81, 81, 79, 81, 78, 80, 82,
    81 ]
