%YAML:1.0
---
videoName: "headShake7.mp4"
gestureLabel: 201
fps: 29
pixelSizeInCmTemp: 3.3263888888888887e-01
faceCenterPointX: 244
faceCenterPointY: 72
headPositionsX: [ 245, 243, 241, 243, 243, 245, 244, 242, 244, 243, 246,
    249, 249, 252, 258, 259, 258, 259, 257, 256, 250, 249, 242, 237, 231,
    235, 234, 239, 246, 250, 255, 257, 262, 259, 257, 249, 243, 240, 233,
    229, 225, 228, 231, 233, 241, 245, 251, 253, 253, 257, 255, 249, 243,
    244, 235, 232, 229, 228, 230, 235, 241, 242, 249, 252, 254, 257, 258,
    257, 253, 249, 247, 242, 238, 238, 237, 233, 236, 234, 233, 238, 241,
    238, 243, 246, 245, 248, 245, 248, 247, 247, 246, 246, 247, 243, 244,
    242, 243, 244, 246, 241 ]
headPositionsY: [ 71, 70, 70, 71, 69, 73, 69, 70, 72, 73, 72, 70, 69, 70,
    69, 68, 70, 68, 69, 67, 71, 69, 69, 69, 69, 73, 72, 71, 69, 72, 70,
    67, 69, 71, 73, 68, 70, 71, 73, 68, 73, 70, 68, 70, 69, 69, 72, 71,
    70, 72, 71, 73, 70, 74, 69, 70, 73, 71, 69, 71, 73, 70, 70, 68, 70,
    69, 68, 68, 69, 71, 71, 71, 70, 69, 73, 71, 69, 71, 72, 69, 72, 70,
    72, 73, 71, 69, 71, 72, 73, 70, 74, 70, 73, 71, 72, 71, 70, 72, 70,
    74 ]
