%YAML:1.0
---
videoName: "headShake40.mp4"
gestureLabel: 201
fps: 29
pixelSizeInCmTemp: 3.2808219178082193e-01
faceCenterPointX: 261
faceCenterPointY: 86
headPositionsX: [ 263, 261, 259, 261, 261, 260, 262, 262, 262, 258, 260,
    262, 261, 259, 260, 263, 262, 263, 260, 257, 259, 262, 263, 259, 261,
    261, 260, 259, 260, 260, 258, 254, 252, 251, 254, 256, 257, 261, 263,
    272, 271, 278, 278, 278, 280, 273, 273, 265, 258, 252, 248, 248, 246,
    249, 251, 253, 257, 260, 263, 269, 271, 273, 271, 266, 265, 264, 263,
    258, 255, 258, 259, 259, 257, 263, 264, 265, 268, 266, 268, 265, 264,
    266, 264, 263, 260, 261, 259, 255, 259, 259, 261, 260, 260, 260, 261,
    262, 260, 262, 263, 263 ]
headPositionsY: [ 86, 86, 83, 82, 85, 83, 84, 81, 85, 84, 82, 86, 83, 82,
    82, 82, 83, 82, 84, 80, 86, 84, 83, 84, 83, 84, 84, 83, 81, 82, 84,
    85, 83, 84, 82, 81, 84, 85, 83, 82, 79, 80, 79, 81, 82, 80, 83, 81,
    83, 82, 81, 81, 79, 81, 83, 83, 83, 82, 83, 80, 82, 82, 84, 81, 84,
    81, 81, 84, 82, 84, 84, 84, 84, 82, 82, 84, 84, 84, 83, 85, 83, 83,
    83, 86, 83, 83, 86, 85, 83, 84, 83, 84, 83, 83, 86, 84, 88, 84, 85,
    87 ]
