%YAML:1.0
---
videoName: "headShake8.mp4"
gestureLabel: 201
fps: 29
pixelSizeInCmTemp: 3.2364864864864862e-01
faceCenterPointX: 243
faceCenterPointY: 72
headPositionsX: [ 242, 242, 243, 245, 244, 246, 246, 246, 241, 245, 243,
    245, 245, 244, 243, 242, 241, 245, 243, 242, 243, 243, 242, 243, 245,
    244, 241, 245, 244, 244, 241, 242, 244, 245, 247, 250, 250, 254, 259,
    265, 264, 267, 264, 261, 255, 253, 247, 242, 235, 231, 230, 233, 233,
    237, 245, 248, 254, 259, 258, 259, 260, 252, 250, 247, 241, 238, 236,
    233, 233, 233, 235, 238, 240, 239, 243, 244, 248, 248, 250, 250, 250,
    252, 249, 252, 249, 249, 248, 248, 248, 246, 243, 244, 243, 245, 245,
    245, 241, 244, 244, 243 ]
headPositionsY: [ 70, 73, 70, 71, 73, 70, 71, 74, 71, 72, 72, 71, 73, 70,
    71, 73, 71, 72, 73, 73, 72, 70, 72, 70, 72, 70, 73, 69, 72, 72, 73,
    74, 73, 73, 71, 69, 70, 71, 71, 72, 71, 71, 72, 73, 72, 69, 70, 70,
    73, 72, 69, 71, 69, 71, 71, 70, 68, 68, 68, 72, 70, 71, 70, 69, 74,
    71, 72, 72, 72, 72, 72, 71, 72, 74, 74, 72, 72, 70, 71, 70, 71, 72,
    71, 72, 69, 71, 70, 70, 73, 70, 73, 73, 73, 71, 74, 72, 74, 71, 70,
    72 ]
