%YAML:1.0
---
videoName: "headShake17.mp4"
gestureLabel: 201
fps: 29
pixelSizeInCmTemp: 3.3263888888888887e-01
faceCenterPointX: 242
faceCenterPointY: 76
headPositionsX: [ 243, 237, 240, 238, 237, 239, 241, 244, 243, 245, 252,
    253, 260, 260, 260, 255, 252, 248, 246, 241, 235, 231, 228, 229, 228,
    228, 227, 230, 233, 241, 242, 248, 249, 252, 253, 255, 252, 252, 247,
    245, 240, 238, 237, 233, 230, 231, 229, 231, 236, 238, 236, 239, 241,
    242, 246, 244, 247, 243, 245, 242, 240, 243, 241, 241, 239, 239, 241,
    239, 242, 242, 239, 239, 241, 242, 241, 242, 239, 240, 239, 241, 241,
    241, 242, 242, 243, 243, 241, 239, 240, 243, 240, 241, 240, 239, 239,
    239, 244, 239, 241, 242 ]
headPositionsY: [ 77, 77, 73, 75, 76, 76, 78, 75, 78, 76, 77, 75, 77, 77,
    74, 74, 74, 74, 75, 77, 77, 78, 79, 75, 74, 75, 74, 77, 76, 79, 77,
    77, 74, 76, 76, 73, 75, 75, 75, 80, 78, 79, 79, 76, 76, 74, 75, 76,
    76, 77, 77, 75, 77, 76, 78, 78, 78, 79, 75, 76, 74, 79, 75, 74, 76,
    76, 74, 76, 76, 78, 77, 76, 74, 78, 78, 76, 75, 77, 75, 74, 79, 74,
    76, 77, 75, 75, 75, 78, 77, 75, 74, 78, 78, 77, 78, 77, 76, 77, 78,
    78 ]
