%YAML:1.0
---
videoName: "headShake28.mp4"
gestureLabel: 201
fps: 29
pixelSizeInCmTemp: 3.2808219178082193e-01
faceCenterPointX: 242
faceCenterPointY: 80
headPositionsX: [ 240, 240, 240, 240, 240, 241, 239, 240, 240, 241, 240,
    241, 243, 240, 241, 241, 241, 243, 240, 243, 241, 239, 240, 242, 242,
    240, 241, 241, 241, 242, 244, 241, 243, 240, 243, 240, 243, 240, 241,
    242, 244, 245, 245, 243, 242, 246, 246, 243, 243, 243, 240, 234, 232,
    230, 231, 231, 240, 243, 251, 251, 253, 257, 252, 249, 244, 243, 237,
    235, 232, 233, 238, 245, 247, 251, 251, 254, 255, 249, 249, 245, 242,
    240, 237, 237, 238, 239, 238, 237, 240, 243, 242, 243, 240, 245, 242,
    243, 244, 240, 240, 244 ]
headPositionsY: [ 78, 76, 76, 77, 76, 75, 79, 78, 76, 77, 81, 80, 76, 77,
    78, 76, 80, 76, 78, 77, 78, 78, 81, 80, 77, 78, 78, 77, 77, 79, 80,
    76, 79, 79, 77, 78, 79, 80, 77, 80, 76, 78, 79, 78, 76, 77, 79, 77,
    75, 76, 76, 75, 79, 76, 79, 75, 76, 77, 79, 75, 74, 74, 77, 79, 80,
    80, 76, 81, 76, 79, 77, 81, 78, 81, 76, 78, 76, 79, 78, 81, 76, 81,
    77, 81, 80, 79, 79, 77, 80, 77, 78, 81, 79, 79, 79, 78, 78, 82, 79,
    78 ]
