%YAML:1.0
---
videoName: "headShake26.mp4"
gestureLabel: 201
fps: 30
pixelSizeInCmTemp: 3.2808219178082193e-01
faceCenterPointX: 243
faceCenterPointY: 78
headPositionsX: [ 241, 240, 240, 241, 242, 244, 246, 244, 246, 247, 251,
    252, 250, 252, 252, 251, 249, 249, 245, 244, 240, 235, 233, 231, 228,
    230, 230, 229, 231, 231, 233, 237, 237, 240, 245, 245, 250, 251, 252,
    251, 256, 252, 249, 246, 243, 242, 237, 233, 234, 228, 227, 227, 230,
    229, 230, 235, 239, 240, 243, 247, 248, 249, 253, 253, 252, 250, 252,
    249, 248, 246, 245, 243, 240, 241, 237, 236, 238, 239, 236, 236, 237,
    238, 240, 241, 242, 239, 242, 241, 242, 242, 247, 244, 244, 242, 244,
    243, 245, 242, 243, 245 ]
headPositionsY: [ 76, 75, 79, 76, 76, 78, 78, 76, 77, 79, 76, 78, 75, 78,
    77, 79, 79, 77, 76, 78, 79, 79, 78, 79, 78, 78, 75, 76, 76, 76, 78,
    77, 78, 75, 79, 74, 75, 75, 75, 79, 76, 79, 78, 76, 76, 80, 78, 75,
    77, 80, 77, 77, 75, 78, 75, 79, 77, 76, 78, 77, 78, 75, 76, 76, 77,
    75, 76, 77, 79, 77, 78, 77, 79, 77, 81, 79, 80, 78, 77, 78, 79, 81,
    81, 77, 80, 78, 78, 78, 81, 79, 77, 79, 78, 77, 80, 81, 78, 78, 80,
    81 ]
