%YAML:1.0
---
videoName: "headShake25.mp4"
gestureLabel: 201
fps: 30
pixelSizeInCmTemp: 3.2364864864864862e-01
faceCenterPointX: 241
faceCenterPointY: 79
headPositionsX: [ 242, 253, 252, 252, 253, 251, 247, 246, 247, 244, 241,
    238, 234, 235, 230, 232, 230, 230, 227, 232, 233, 230, 235, 237, 238,
    242, 244, 245, 248, 248, 246, 249, 249, 247, 245, 244, 245, 241, 238,
    234, 233, 233, 232, 232, 231, 229, 231, 234, 231, 237, 241, 240, 243,
    246, 247, 250, 250, 252, 252, 250, 251, 249, 249, 246, 246, 244, 239,
    239, 239, 238, 233, 236, 236, 234, 235, 235, 237, 233, 236, 237, 237,
    237, 241, 239, 241, 240, 243, 241, 244, 244, 244, 241, 241, 240, 240,
    241, 242, 238, 240, 240 ]
headPositionsY: [ 79, 77, 75, 78, 77, 78, 76, 78, 76, 78, 76, 77, 78, 77,
    77, 77, 76, 80, 80, 77, 79, 80, 77, 76, 79, 77, 77, 79, 80, 77, 78,
    80, 81, 78, 78, 77, 80, 78, 78, 81, 76, 77, 78, 76, 79, 79, 76, 78,
    78, 80, 80, 79, 81, 78, 79, 77, 79, 78, 76, 80, 81, 78, 81, 79, 77,
    76, 79, 77, 79, 79, 80, 76, 78, 79, 77, 79, 79, 78, 76, 76, 80, 79,
    79, 79, 79, 77, 79, 80, 77, 77, 79, 80, 77, 76, 80, 81, 78, 81, 79,
    81 ]
