%YAML:1.0
---
videoName: "headShake30.mp4"
gestureLabel: 201
fps: 29
pixelSizeInCmTemp: 3.2808219178082193e-01
faceCenterPointX: 240
faceCenterPointY: 68
headPositionsX: [ 238, 235, 232, 234, 233, 234, 234, 231, 236, 233, 236,
    236, 239, 238, 240, 240, 241, 243, 244, 242, 244, 244, 244, 242, 245,
    241, 240, 243, 243, 240, 241, 238, 241, 239, 240, 239, 241, 240, 241,
    249, 249, 255, 259, 260, 260, 262, 256, 256, 251, 246, 236, 232, 226,
    225, 221, 227, 230, 234, 240, 245, 248, 252, 252, 252, 244, 243, 237,
    234, 226, 229, 227, 230, 234, 237, 243, 243, 247, 252, 253, 251, 247,
    243, 241, 238, 237, 233, 237, 239, 235, 237, 239, 239, 242, 239, 239,
    238, 241, 238, 242, 239 ]
headPositionsY: [ 69, 53, 54, 57, 56, 59, 61, 57, 59, 65, 62, 66, 63, 65,
    66, 67, 65, 64, 67, 66, 67, 64, 66, 66, 68, 67, 64, 68, 64, 65, 66,
    66, 66, 68, 66, 66, 65, 64, 64, 68, 63, 64, 64, 64, 65, 65, 64, 64,
    65, 69, 69, 66, 69, 67, 69, 66, 70, 70, 68, 68, 67, 65, 64, 69, 67,
    71, 66, 66, 70, 69, 71, 71, 70, 70, 69, 68, 67, 66, 69, 64, 67, 66,
    69, 70, 65, 68, 67, 69, 65, 66, 70, 67, 68, 66, 66, 65, 68, 69, 70,
    70 ]
