%YAML:1.0
---
videoName: "headShake39.mp4"
gestureLabel: 201
fps: 29
pixelSizeInCmTemp: 3.1933333333333330e-01
faceCenterPointX: 263
faceCenterPointY: 83
headPositionsX: [ 263, 262, 259, 262, 263, 261, 261, 263, 261, 260, 260,
    259, 263, 261, 260, 261, 259, 261, 261, 259, 257, 259, 256, 253, 251,
    248, 249, 246, 242, 241, 245, 246, 248, 252, 258, 262, 267, 272, 275,
    280, 280, 282, 275, 269, 265, 259, 254, 250, 249, 246, 248, 249, 252,
    254, 259, 267, 272, 278, 278, 278, 275, 272, 270, 266, 258, 254, 251,
    250, 251, 249, 251, 251, 254, 253, 259, 258, 259, 261, 266, 266, 266,
    266, 265, 267, 266, 266, 264, 264, 262, 263, 262, 262, 261, 265, 262,
    262, 262, 262, 264, 262 ]
headPositionsY: [ 84, 84, 85, 84, 81, 84, 84, 81, 84, 81, 83, 84, 85, 81,
    84, 83, 85, 84, 81, 83, 85, 83, 85, 82, 81, 82, 82, 83, 82, 81, 85,
    80, 81, 80, 81, 82, 82, 83, 80, 81, 81, 82, 83, 85, 81, 85, 82, 81,
    81, 84, 82, 82, 81, 82, 80, 84, 84, 83, 82, 81, 82, 81, 82, 85, 80,
    83, 81, 81, 80, 81, 79, 81, 80, 83, 85, 83, 84, 81, 81, 80, 83, 84,
    83, 81, 84, 82, 80, 83, 83, 82, 84, 81, 85, 83, 84, 82, 85, 82, 82,
    82 ]
