%YAML:1.0
---
videoName: "headShake16.mp4"
gestureLabel: 201
fps: 29
pixelSizeInCmTemp: 3.2364864864864862e-01
faceCenterPointX: 242
faceCenterPointY: 77
headPositionsX: [ 243, 242, 242, 244, 241, 245, 242, 245, 244, 241, 242,
    244, 243, 242, 243, 242, 242, 246, 245, 244, 243, 244, 245, 243, 240,
    244, 243, 241, 242, 245, 242, 244, 243, 244, 241, 241, 244, 242, 248,
    247, 253, 255, 254, 252, 253, 252, 250, 243, 243, 240, 236, 235, 234,
    235, 239, 241, 243, 246, 247, 248, 250, 246, 249, 244, 242, 239, 236,
    236, 234, 234, 235, 235, 235, 240, 242, 244, 242, 245, 245, 241, 242,
    243, 242, 241, 237, 238, 237, 238, 242, 239, 240, 243, 244, 242, 243,
    244, 241, 240, 244, 241 ]
headPositionsY: [ 78, 75, 78, 75, 75, 78, 73, 78, 76, 74, 77, 76, 77, 77,
    77, 78, 77, 74, 76, 78, 76, 78, 75, 74, 76, 76, 76, 76, 77, 76, 74,
    74, 73, 78, 73, 75, 76, 77, 74, 74, 76, 75, 75, 76, 75, 77, 78, 77,
    76, 74, 77, 76, 75, 75, 79, 79, 79, 76, 77, 76, 77, 79, 78, 75, 78,
    78, 75, 76, 76, 79, 76, 79, 74, 79, 76, 77, 77, 79, 79, 78, 80, 76,
    76, 77, 75, 76, 79, 78, 78, 79, 76, 74, 76, 77, 75, 78, 78, 78, 76,
    76 ]
