%YAML:1.0
---
videoName: "headShake0.mp4"
gestureLabel: 201
fps: 29
pixelSizeInCmTemp: 3.2808219178082193e-01
faceCenterPointX: 279
faceCenterPointY: 94
headPositionsX: [ 280, 281, 278, 281, 277, 279, 279, 277, 278, 281, 277,
    277, 281, 280, 277, 279, 281, 277, 281, 279, 277, 281, 279, 278, 277,
    280, 280, 280, 280, 280, 280, 278, 280, 278, 277, 276, 280, 277, 277,
    281, 279, 280, 283, 286, 294, 296, 300, 300, 299, 299, 298, 292, 286,
    282, 276, 276, 271, 273, 276, 278, 282, 284, 287, 289, 288, 290, 286,
    282, 280, 277, 272, 272, 271, 276, 277, 284, 285, 286, 282, 283, 280,
    280, 277, 278, 277, 275, 278, 275, 279, 277, 277, 279, 277, 281, 280,
    279, 280, 277, 277, 279 ]
headPositionsY: [ 95, 91, 95, 90, 95, 92, 95, 92, 92, 93, 92, 91, 94, 92,
    95, 91, 94, 93, 94, 93, 93, 95, 94, 93, 95, 91, 94, 91, 95, 91, 93,
    94, 91, 91, 94, 95, 93, 91, 94, 95, 93, 91, 90, 93, 90, 92, 91, 92,
    92, 91, 90, 90, 93, 94, 94, 91, 94, 93, 93, 91, 94, 90, 91, 92, 93,
    90, 93, 94, 92, 93, 91, 93, 93, 94, 93, 91, 95, 95, 94, 93, 94, 92,
    92, 94, 94, 94, 96, 93, 92, 96, 92, 95, 96, 94, 97, 95, 94, 95, 95,
    97 ]
