%YAML:1.0
---
videoName: "headShake43.mp4"
gestureLabel: 201
fps: 29
pixelSizeInCmTemp: 3.2808219178082193e-01
faceCenterPointX: 257
faceCenterPointY: 84
headPositionsX: [ 258, 259, 258, 262, 260, 258, 259, 258, 258, 261, 262,
    262, 259, 259, 258, 258, 258, 262, 258, 260, 261, 260, 263, 260, 259,
    263, 261, 265, 270, 270, 274, 272, 278, 276, 280, 281, 282, 279, 278,
    273, 269, 265, 260, 256, 254, 247, 244, 245, 241, 244, 247, 254, 256,
    264, 268, 271, 271, 272, 276, 273, 269, 265, 262, 254, 249, 247, 247,
    242, 241, 249, 249, 250, 253, 262, 264, 266, 270, 267, 268, 266, 270,
    267, 264, 265, 263, 263, 262, 260, 257, 256, 259, 258, 259, 258, 257,
    256, 259, 255, 258, 255 ]
headPositionsY: [ 85, 87, 86, 84, 84, 84, 84, 83, 84, 87, 86, 87, 87, 87,
    85, 86, 86, 87, 85, 85, 87, 85, 85, 87, 86, 85, 84, 87, 85, 83, 86,
    83, 80, 84, 82, 84, 82, 81, 84, 82, 83, 85, 87, 87, 87, 83, 83, 84,
    84, 85, 85, 82, 86, 84, 84, 82, 83, 84, 80, 80, 82, 82, 83, 82, 85,
    83, 83, 83, 84, 81, 82, 87, 83, 85, 86, 84, 81, 84, 85, 85, 85, 83,
    85, 82, 84, 86, 85, 86, 82, 85, 82, 82, 84, 83, 82, 82, 83, 83, 84,
    82 ]
