%YAML:1.0
---
videoName: "headShake18.mp4"
gestureLabel: 201
fps: 30
pixelSizeInCmTemp: 3.2808219178082193e-01
faceCenterPointX: 240
faceCenterPointY: 77
headPositionsX: [ 242, 240, 240, 242, 240, 239, 243, 242, 239, 241, 241,
    238, 244, 241, 240, 241, 239, 239, 241, 240, 242, 241, 240, 240, 239,
    239, 240, 242, 239, 239, 240, 239, 241, 237, 241, 241, 243, 248, 248,
    251, 253, 254, 252, 251, 247, 245, 238, 237, 232, 230, 230, 230, 237,
    240, 244, 247, 249, 247, 250, 245, 243, 238, 236, 233, 233, 234, 234,
    234, 236, 239, 245, 242, 245, 246, 246, 240, 240, 238, 239, 237, 235,
    239, 239, 237, 238, 242, 240, 243, 243, 243, 244, 243, 244, 241, 238,
    242, 240, 241, 240, 239 ]
headPositionsY: [ 78, 74, 76, 76, 75, 73, 77, 77, 75, 79, 73, 78, 74, 76,
    77, 77, 77, 78, 77, 76, 75, 77, 75, 77, 76, 78, 73, 77, 76, 77, 75,
    74, 75, 75, 76, 74, 75, 75, 75, 76, 78, 76, 77, 78, 75, 75, 78, 78,
    77, 77, 73, 75, 76, 77, 78, 77, 76, 74, 74, 79, 76, 77, 79, 78, 79,
    78, 77, 78, 78, 78, 75, 77, 76, 76, 78, 78, 76, 78, 76, 76, 75, 77,
    76, 79, 76, 78, 78, 78, 78, 76, 79, 75, 79, 75, 78, 77, 79, 77, 76,
    79 ]
