%YAML:1.0
---
videoName: "headShake25.mp4"
gestureLabel: 201
fps: 30
pixelSizeInCmTemp: 3.2364864864864862e-01
faceCenterPointX: 241
faceCenterPointY: 79
headPositionsX: [ 241, 253, 254, 251, 252, 253, 249, 247, 245, 242, 240,
    237, 237, 233, 232, 233, 231, 231, 229, 228, 233, 230, 233, 235, 239,
    242, 242, 248, 248, 251, 247, 248, 249, 250, 249, 245, 243, 239, 239,
    236, 235, 233, 230, 232, 229, 232, 232, 232, 231, 237, 238, 241, 245,
    248, 247, 248, 248, 251, 250, 249, 251, 249, 247, 246, 245, 244, 239,
    237, 239, 237, 236, 236, 236, 237, 236, 234, 238, 235, 235, 237, 236,
    239, 239, 242, 240, 243, 243, 245, 243, 243, 240, 244, 240, 241, 242,
    239, 241, 241, 242, 242 ]
headPositionsY: [ 78, 76, 79, 79, 75, 79, 75, 77, 78, 78, 78, 79, 80, 76,
    77, 80, 78, 80, 79, 76, 77, 77, 79, 79, 80, 77, 77, 79, 79, 78, 79,
    79, 79, 77, 78, 80, 77, 79, 78, 80, 76, 79, 80, 76, 78, 78, 79, 78,
    77, 77, 79, 78, 79, 77, 78, 78, 81, 75, 77, 76, 79, 80, 81, 77, 77,
    79, 77, 76, 80, 77, 78, 79, 76, 79, 80, 80, 76, 78, 77, 76, 79, 77,
    77, 79, 79, 80, 77, 80, 78, 81, 81, 80, 77, 80, 79, 80, 81, 79, 77,
    81 ]
