%YAML:1.0
---
videoName: "headShake41.mp4"
gestureLabel: 201
fps: 29
pixelSizeInCmTemp: 3.2364864864864862e-01
faceCenterPointX: 264
faceCenterPointY: 85
headPositionsX: [ 262, 259, 261, 260, 262, 259, 259, 259, 260, 261, 260,
    260, 260, 261, 262, 259, 259, 260, 259, 262, 261, 264, 263, 265, 266,
    269, 271, 272, 272, 277, 276, 279, 280, 281, 281, 284, 279, 280, 278,
    276, 276, 268, 266, 264, 256, 253, 252, 251, 248, 244, 243, 245, 244,
    245, 248, 250, 252, 253, 255, 262, 265, 266, 267, 271, 273, 278, 280,
    277, 275, 275, 276, 274, 274, 273, 270, 267, 269, 269, 266, 266, 264,
    264, 264, 261, 262, 264, 264, 265, 261, 262, 263, 264, 261, 264, 261,
    261, 263, 263, 262, 262 ]
headPositionsY: [ 84, 84, 82, 83, 85, 85, 81, 81, 83, 82, 83, 81, 85, 84,
    84, 85, 86, 83, 83, 81, 84, 83, 83, 84, 82, 82, 84, 81, 79, 81, 81,
    79, 82, 79, 81, 82, 80, 84, 83, 81, 86, 82, 82, 83, 83, 85, 86, 82,
    82, 81, 84, 83, 81, 84, 84, 86, 81, 83, 86, 84, 83, 82, 84, 82, 81,
    85, 83, 86, 85, 83, 82, 82, 85, 84, 86, 86, 86, 85, 83, 86, 83, 84,
    84, 85, 84, 86, 85, 87, 84, 86, 83, 84, 84, 86, 82, 82, 85, 85, 85,
    84 ]
