%YAML:1.0
---
videoName: "headShake41.mp4"
gestureLabel: 201
fps: 29
pixelSizeInCmTemp: 3.2364864864864862e-01
faceCenterPointX: 264
faceCenterPointY: 85
headPositionsX: [ 262, 262, 261, 262, 260, 262, 260, 261, 261, 260, 261,
    260, 259, 260, 259, 261, 259, 262, 260, 261, 260, 265, 263, 267, 267,
    270, 271, 271, 276, 279, 276, 279, 280, 281, 281, 283, 282, 280, 278,
    275, 275, 272, 265, 260, 257, 254, 250, 251, 248, 244, 243, 244, 246,
    246, 249, 249, 251, 251, 256, 260, 266, 268, 271, 271, 276, 279, 278,
    277, 279, 276, 280, 276, 272, 270, 270, 269, 270, 268, 265, 263, 262,
    261, 262, 261, 263, 265, 261, 261, 263, 262, 261, 264, 260, 264, 261,
    264, 262, 262, 261, 265 ]
headPositionsY: [ 86, 83, 82, 85, 81, 83, 84, 85, 86, 81, 84, 82, 81, 83,
    84, 84, 82, 82, 84, 81, 85, 82, 85, 86, 85, 83, 82, 82, 79, 83, 81,
    79, 79, 78, 80, 80, 82, 84, 83, 82, 85, 85, 83, 83, 81, 86, 85, 86,
    84, 82, 80, 83, 84, 86, 85, 85, 85, 85, 83, 83, 84, 86, 84, 83, 82,
    86, 84, 83, 86, 86, 84, 84, 84, 83, 87, 86, 83, 85, 84, 85, 83, 81,
    83, 83, 84, 85, 84, 87, 84, 83, 84, 85, 85, 83, 82, 83, 83, 86, 84,
    86 ]
