%YAML:1.0
---
videoName: "headShake21.mp4"
gestureLabel: 201
fps: 29
pixelSizeInCmTemp: 3.1933333333333330e-01
faceCenterPointX: 241
faceCenterPointY: 78
headPositionsX: [ 239, 243, 244, 242, 242, 242, 244, 244, 243, 241, 239,
    241, 244, 241, 243, 239, 240, 239, 244, 240, 244, 242, 242, 242, 243,
    245, 245, 243, 243, 245, 243, 244, 241, 245, 242, 245, 240, 243, 242,
    241, 241, 241, 241, 244, 241, 244, 242, 242, 240, 243, 240, 239, 240,
    243, 242, 242, 240, 240, 241, 241, 242, 241, 241, 242, 240, 239, 238,
    244, 247, 247, 250, 254, 251, 250, 243, 243, 235, 233, 231, 235, 234,
    235, 241, 243, 240, 241, 241, 244, 240, 238, 241, 240, 238, 238, 237,
    240, 243, 242, 242, 241 ]
headPositionsY: [ 80, 84, 82, 80, 79, 74, 76, 72, 72, 71, 71, 72, 71, 68,
    68, 70, 73, 73, 73, 73, 73, 72, 74, 74, 71, 73, 76, 76, 73, 77, 73,
    75, 79, 77, 76, 77, 76, 77, 78, 77, 76, 78, 79, 79, 77, 78, 76, 76,
    76, 77, 80, 78, 75, 75, 79, 76, 80, 75, 80, 76, 79, 77, 76, 78, 79,
    78, 80, 77, 80, 78, 76, 78, 78, 79, 77, 81, 81, 78, 76, 77, 77, 79,
    77, 78, 80, 80, 78, 79, 79, 78, 78, 80, 79, 78, 79, 78, 77, 76, 77,
    79 ]
