%YAML:1.0
---
videoName: "headShake49.mp4"
gestureLabel: 201
fps: 30
pixelSizeInCmTemp: 2.8855421686746985e-01
faceCenterPointX: 259
faceCenterPointY: 84
headPositionsX: [ 257, 262, 258, 259, 263, 260, 263, 260, 262, 260, 260,
    263, 260, 262, 259, 260, 261, 263, 261, 261, 263, 261, 261, 259, 263,
    261, 262, 258, 262, 262, 262, 259, 264, 264, 268, 275, 278, 279, 283,
    286, 283, 278, 272, 268, 258, 252, 248, 247, 250, 254, 261, 270, 273,
    276, 274, 268, 263, 258, 252, 250, 247, 251, 257, 260, 264, 269, 271,
    268, 266, 258, 254, 255, 255, 254, 259, 260, 264, 266, 271, 266, 265,
    264, 259, 260, 257, 257, 260, 260, 260, 261, 257, 258, 259, 258, 260,
    256, 259, 257, 260, 258 ]
headPositionsY: [ 85, 82, 79, 80, 79, 81, 80, 80, 80, 79, 82, 82, 81, 82,
    81, 82, 79, 79, 82, 79, 79, 80, 81, 82, 78, 82, 81, 82, 83, 82, 81,
    83, 80, 82, 81, 79, 81, 78, 77, 82, 79, 82, 84, 84, 82, 85, 83, 86,
    84, 85, 84, 82, 85, 83, 83, 86, 82, 85, 84, 84, 83, 85, 87, 86, 85,
    82, 82, 85, 84, 86, 84, 85, 85, 86, 82, 82, 85, 85, 86, 83, 86, 84,
    87, 84, 86, 83, 84, 83, 85, 83, 86, 85, 83, 85, 86, 82, 85, 82, 87,
    87 ]
