%YAML:1.0
---
videoName: "headShake16.mp4"
gestureLabel: 201
fps: 29
pixelSizeInCmTemp: 3.2364864864864862e-01
faceCenterPointX: 242
faceCenterPointY: 77
headPositionsX: [ 242, 245, 245, 243, 242, 245, 244, 243, 242, 243, 243,
    243, 242, 242, 243, 245, 244, 242, 241, 246, 242, 244, 242, 241, 243,
    244, 242, 243, 242, 242, 240, 241, 242, 242, 243, 243, 240, 242, 248,
    248, 250, 251, 255, 256, 252, 252, 247, 246, 239, 239, 238, 233, 236,
    238, 241, 241, 245, 248, 249, 250, 250, 248, 245, 242, 242, 241, 235,
    237, 234, 236, 234, 235, 238, 239, 242, 242, 244, 245, 244, 241, 245,
    241, 240, 242, 237, 237, 240, 239, 238, 241, 238, 240, 240, 244, 243,
    241, 240, 241, 243, 243 ]
headPositionsY: [ 79, 77, 78, 77, 77, 78, 77, 78, 74, 78, 77, 76, 76, 75,
    74, 77, 76, 77, 78, 75, 78, 74, 76, 76, 75, 74, 76, 78, 75, 74, 77,
    77, 73, 76, 76, 74, 78, 79, 75, 77, 78, 76, 74, 75, 76, 77, 77, 78,
    75, 77, 79, 79, 77, 76, 78, 75, 75, 74, 78, 79, 74, 76, 77, 77, 79,
    78, 77, 75, 77, 78, 75, 78, 77, 76, 75, 78, 77, 79, 78, 76, 76, 79,
    77, 76, 76, 78, 77, 76, 79, 75, 76, 74, 77, 77, 78, 78, 76, 76, 75,
    75 ]
