%YAML:1.0
---
videoName: "headShake29.mp4"
gestureLabel: 201
fps: 29
pixelSizeInCmTemp: 3.3263888888888887e-01
faceCenterPointX: 243
faceCenterPointY: 76
headPositionsX: [ 242, 243, 244, 244, 245, 241, 244, 240, 245, 242, 240,
    245, 242, 241, 243, 241, 245, 243, 242, 240, 243, 241, 244, 243, 242,
    240, 238, 235, 238, 238, 243, 248, 252, 253, 252, 254, 257, 250, 249,
    244, 236, 233, 231, 229, 230, 230, 231, 236, 240, 249, 248, 254, 253,
    249, 248, 247, 242, 235, 231, 231, 230, 231, 231, 234, 236, 241, 245,
    249, 252, 253, 249, 249, 247, 246, 243, 241, 238, 238, 235, 233, 233,
    236, 237, 235, 239, 240, 238, 242, 242, 243, 244, 243, 242, 245, 243,
    242, 243, 241, 240, 241 ]
headPositionsY: [ 76, 76, 75, 76, 75, 73, 74, 76, 77, 77, 74, 77, 76, 77,
    75, 75, 77, 77, 78, 74, 77, 77, 74, 78, 76, 78, 77, 77, 77, 76, 78,
    74, 76, 77, 73, 75, 73, 76, 77, 76, 77, 74, 74, 78, 75, 74, 77, 78,
    76, 77, 74, 74, 74, 78, 78, 79, 76, 78, 75, 76, 76, 74, 76, 77, 79,
    78, 78, 74, 75, 75, 73, 73, 78, 74, 75, 78, 74, 78, 77, 74, 74, 75,
    75, 75, 77, 75, 76, 76, 76, 78, 73, 80, 79, 78, 76, 77, 79, 78, 78,
    79 ]
