%YAML:1.0
---
videoName: "headShake1.mp4"
gestureLabel: 201
fps: 29
pixelSizeInCmTemp: 3.3263888888888887e-01
faceCenterPointX: 279
faceCenterPointY: 98
headPositionsX: [ 280, 277, 279, 280, 280, 279, 280, 277, 281, 277, 280,
    281, 279, 278, 277, 278, 277, 278, 281, 278, 280, 280, 281, 278, 280,
    279, 281, 279, 280, 281, 286, 286, 290, 292, 294, 294, 292, 288, 285,
    284, 281, 274, 272, 269, 270, 268, 271, 274, 279, 286, 290, 292, 293,
    289, 289, 285, 285, 280, 275, 269, 270, 264, 266, 268, 273, 277, 284,
    286, 291, 290, 291, 289, 290, 289, 282, 279, 277, 277, 273, 269, 271,
    273, 270, 271, 273, 274, 276, 278, 277, 280, 279, 279, 279, 278, 280,
    282, 280, 281, 279, 279 ]
headPositionsY: [ 98, 96, 97, 97, 97, 95, 96, 96, 95, 99, 96, 95, 98,
    100, 98, 95, 97, 98, 98, 99, 98, 97, 95, 97, 100, 96, 96, 98, 97, 97,
    97, 95, 94, 98, 98, 94, 94, 97, 95, 98, 98, 95, 94, 98, 97, 99, 93,
    95, 96, 97, 98, 96, 96, 95, 94, 98, 96, 96, 99, 94, 98, 96, 97, 97,
    97, 96, 95, 96, 98, 94, 96, 95, 96, 98, 97, 99, 95, 99, 98, 98, 98,
    94, 97, 95, 96, 98, 98, 100, 99, 95, 97, 96, 96, 97, 96, 96, 97, 101,
    98, 96 ]
