%YAML:1.0
---
videoName: "headShake38.mp4"
gestureLabel: 201
fps: 29
pixelSizeInCmTemp: 3.2808219178082193e-01
faceCenterPointX: 259
faceCenterPointY: 84
headPositionsX: [ 257, 261, 263, 263, 265, 262, 264, 262, 265, 263, 263,
    263, 262, 263, 265, 265, 264, 265, 264, 263, 262, 261, 262, 261, 261,
    264, 263, 265, 264, 264, 263, 262, 264, 262, 261, 262, 262, 264, 265,
    262, 260, 260, 260, 258, 253, 250, 248, 249, 249, 252, 258, 268, 272,
    277, 278, 275, 270, 264, 256, 248, 246, 248, 253, 258, 268, 273, 273,
    270, 268, 260, 253, 249, 249, 250, 249, 252, 259, 266, 267, 268, 271,
    267, 269, 264, 267, 265, 263, 259, 263, 258, 262, 258, 258, 259, 259,
    261, 260, 259, 259, 261 ]
headPositionsY: [ 85, 83, 85, 81, 81, 84, 85, 81, 85, 83, 85, 85, 83, 84,
    82, 84, 84, 86, 82, 83, 86, 84, 86, 81, 84, 85, 83, 83, 85, 85, 84,
    83, 83, 83, 82, 85, 82, 85, 84, 83, 85, 86, 85, 85, 85, 82, 82, 82,
    81, 83, 86, 83, 81, 80, 82, 82, 86, 84, 82, 85, 83, 81, 84, 84, 84,
    85, 82, 83, 83, 84, 84, 82, 86, 81, 83, 83, 83, 84, 84, 81, 86, 86,
    82, 83, 83, 87, 85, 85, 83, 85, 86, 84, 83, 85, 86, 85, 83, 83, 86,
    82 ]
