%YAML:1.0
---
videoName: "headShake21.mp4"
gestureLabel: 201
fps: 29
pixelSizeInCmTemp: 3.1933333333333330e-01
faceCenterPointX: 241
faceCenterPointY: 78
headPositionsX: [ 241, 244, 242, 245, 241, 242, 242, 244, 239, 244, 239,
    242, 244, 241, 239, 241, 240, 242, 242, 240, 245, 244, 241, 243, 242,
    241, 245, 245, 241, 242, 241, 242, 244, 244, 245, 245, 242, 241, 245,
    243, 244, 243, 239, 244, 240, 240, 243, 244, 241, 239, 242, 242, 242,
    243, 243, 239, 239, 243, 244, 244, 240, 239, 243, 240, 240, 241, 239,
    242, 246, 247, 251, 254, 253, 247, 247, 242, 236, 231, 233, 231, 235,
    237, 241, 244, 243, 241, 243, 243, 238, 239, 240, 240, 241, 239, 241,
    243, 242, 241, 240, 241 ]
headPositionsY: [ 78, 83, 81, 79, 76, 77, 75, 71, 74, 70, 73, 69, 71, 70,
    70, 71, 70, 71, 71, 71, 74, 72, 74, 75, 75, 73, 73, 73, 73, 77, 76,
    75, 77, 77, 77, 76, 75, 79, 78, 76, 75, 75, 79, 78, 78, 78, 77, 79,
    79, 79, 77, 79, 75, 78, 78, 77, 78, 78, 78, 76, 76, 76, 78, 79, 79,
    77, 76, 77, 80, 75, 75, 76, 75, 80, 80, 80, 77, 76, 78, 77, 77, 78,
    79, 79, 76, 80, 76, 81, 78, 79, 80, 79, 79, 77, 78, 78, 77, 80, 81,
    77 ]
