%YAML:1.0
---
videoName: "headShake43.mp4"
gestureLabel: 201
fps: 29
pixelSizeInCmTemp: 3.2808219178082193e-01
faceCenterPointX: 257
faceCenterPointY: 84
headPositionsX: [ 255, 259, 261, 259, 262, 262, 260, 260, 259, 259, 263,
    262, 257, 260, 262, 260, 259, 262, 259, 262, 262, 258, 262, 260, 259,
    262, 263, 264, 266, 269, 270, 275, 276, 277, 278, 284, 283, 275, 279,
    273, 270, 265, 262, 257, 254, 246, 244, 243, 242, 244, 250, 254, 257,
    264, 266, 271, 270, 274, 273, 271, 270, 267, 261, 255, 250, 246, 247,
    242, 244, 246, 246, 249, 253, 260, 266, 266, 269, 270, 270, 268, 266,
    266, 267, 266, 262, 263, 258, 261, 256, 258, 256, 257, 256, 256, 257,
    256, 258, 258, 257, 254 ]
headPositionsY: [ 84, 87, 83, 86, 87, 83, 87, 86, 87, 85, 86, 86, 85, 83,
    85, 85, 87, 83, 84, 85, 87, 86, 84, 86, 86, 86, 83, 84, 85, 84, 83,
    83, 83, 83, 84, 83, 83, 80, 81, 83, 84, 87, 83, 87, 84, 84, 83, 82,
    81, 85, 85, 86, 85, 86, 86, 83, 82, 83, 84, 80, 82, 85, 83, 84, 81,
    83, 82, 83, 85, 82, 86, 85, 85, 87, 84, 83, 81, 81, 83, 82, 84, 86,
    83, 83, 86, 86, 86, 85, 86, 84, 84, 83, 81, 84, 82, 83, 82, 82, 82,
    82 ]
