%YAML:1.0
---
videoName: "headShake44.mp4"
gestureLabel: 201
fps: 30
pixelSizeInCmTemp: 3.2808219178082193e-01
faceCenterPointX: 260
faceCenterPointY: 84
headPositionsX: [ 262, 262, 262, 260, 261, 259, 259, 261, 261, 259, 261,
    259, 260, 261, 262, 261, 262, 259, 261, 262, 262, 259, 260, 259, 259,
    260, 260, 261, 260, 258, 259, 259, 262, 261, 259, 262, 260, 260, 262,
    262, 264, 267, 270, 276, 275, 274, 270, 268, 261, 257, 255, 252, 248,
    254, 258, 262, 264, 270, 271, 270, 267, 263, 257, 254, 253, 256, 261,
    263, 270, 272, 271, 270, 264, 263, 258, 256, 252, 251, 254, 254, 256,
    258, 258, 264, 263, 263, 264, 262, 260, 261, 260, 261, 260, 260, 261,
    263, 262, 259, 260, 260 ]
headPositionsY: [ 84, 85, 84, 81, 81, 83, 84, 84, 82, 81, 81, 83, 85, 83,
    81, 82, 84, 84, 81, 82, 84, 82, 85, 80, 82, 81, 82, 83, 84, 81, 84,
    85, 83, 85, 82, 81, 81, 84, 81, 84, 83, 82, 82, 81, 82, 80, 81, 83,
    83, 86, 86, 83, 84, 86, 85, 85, 85, 82, 83, 87, 85, 85, 85, 86, 83,
    81, 84, 86, 84, 81, 83, 84, 81, 84, 83, 81, 82, 86, 86, 83, 82, 86,
    82, 82, 84, 82, 83, 87, 85, 83, 83, 82, 86, 87, 85, 86, 84, 86, 83,
    86 ]
