%YAML:1.0
---
videoName: "headShake39.mp4"
gestureLabel: 201
fps: 29
pixelSizeInCmTemp: 3.1933333333333330e-01
faceCenterPointX: 263
faceCenterPointY: 83
headPositionsX: [ 263, 264, 261, 258, 260, 263, 264, 261, 259, 260, 260,
    259, 263, 259, 259, 262, 261, 260, 261, 260, 261, 260, 257, 256, 251,
    247, 246, 245, 242, 242, 245, 242, 245, 250, 257, 261, 269, 271, 276,
    279, 280, 280, 273, 269, 263, 258, 254, 246, 248, 247, 248, 247, 252,
    255, 263, 267, 273, 274, 279, 280, 278, 271, 270, 264, 260, 256, 251,
    248, 250, 249, 251, 249, 252, 255, 258, 257, 260, 263, 266, 263, 267,
    264, 265, 267, 266, 266, 264, 267, 262, 264, 265, 266, 261, 263, 263,
    263, 263, 261, 264, 263 ]
headPositionsY: [ 81, 85, 84, 85, 83, 80, 81, 81, 83, 84, 81, 85, 81, 83,
    83, 85, 83, 82, 83, 85, 83, 84, 85, 85, 85, 84, 84, 82, 82, 83, 85,
    81, 83, 81, 82, 82, 84, 81, 79, 79, 82, 78, 82, 84, 83, 82, 82, 82,
    81, 84, 84, 85, 82, 84, 80, 84, 80, 82, 78, 78, 79, 82, 85, 85, 82,
    81, 82, 81, 78, 82, 80, 82, 78, 81, 82, 81, 81, 83, 83, 84, 83, 81,
    82, 81, 82, 82, 81, 83, 84, 81, 82, 81, 82, 81, 81, 85, 85, 83, 82,
    83 ]
