%YAML:1.0
---
videoName: "headShake8.mp4"
gestureLabel: 201
fps: 29
pixelSizeInCmTemp: 3.2364864864864862e-01
faceCenterPointX: 243
faceCenterPointY: 72
headPositionsX: [ 243, 245, 245, 244, 244, 242, 244, 242, 241, 242, 245,
    242, 245, 243, 242, 244, 244, 241, 243, 242, 242, 246, 245, 246, 244,
    244, 244, 242, 241, 242, 244, 244, 244, 246, 248, 251, 253, 257, 259,
    265, 266, 266, 266, 262, 255, 252, 247, 239, 236, 231, 233, 229, 231,
    238, 242, 251, 256, 259, 258, 259, 257, 254, 251, 248, 244, 237, 233,
    234, 235, 234, 233, 235, 240, 239, 241, 245, 249, 245, 247, 252, 249,
    252, 248, 249, 247, 248, 247, 247, 247, 244, 244, 243, 244, 244, 244,
    242, 244, 243, 242, 241 ]
headPositionsY: [ 71, 70, 72, 72, 72, 71, 74, 70, 73, 72, 69, 73, 71, 71,
    72, 72, 69, 73, 69, 71, 70, 74, 73, 72, 72, 71, 70, 72, 73, 74, 70,
    73, 72, 71, 71, 73, 70, 68, 71, 71, 68, 70, 70, 71, 73, 69, 70, 70,
    73, 70, 70, 69, 72, 70, 71, 71, 72, 71, 71, 69, 72, 69, 72, 70, 70,
    71, 73, 73, 72, 70, 72, 74, 74, 72, 74, 71, 71, 70, 72, 72, 74, 72,
    72, 70, 69, 74, 73, 74, 72, 72, 73, 73, 72, 69, 71, 73, 71, 74, 72,
    73 ]
