%YAML:1.0
---
videoName: "headShake20.mp4"
gestureLabel: 201
fps: 29
pixelSizeInCmTemp: 3.3263888888888887e-01
faceCenterPointX: 242
faceCenterPointY: 78
headPositionsX: [ 244, 243, 244, 246, 243, 245, 244, 244, 245, 245, 244,
    243, 246, 245, 243, 242, 245, 244, 244, 241, 241, 243, 243, 241, 241,
    241, 243, 245, 244, 242, 244, 244, 241, 241, 244, 241, 244, 242, 243,
    247, 245, 250, 256, 258, 261, 259, 258, 254, 250, 241, 239, 236, 230,
    232, 228, 235, 236, 246, 249, 251, 253, 251, 251, 245, 244, 238, 234,
    232, 230, 230, 235, 240, 243, 244, 245, 248, 248, 243, 243, 241, 240,
    238, 239, 240, 242, 242, 244, 242, 243, 242, 243, 243, 241, 245, 244,
    245, 240, 243, 242, 243 ]
headPositionsY: [ 77, 76, 76, 76, 75, 75, 77, 78, 76, 75, 78, 77, 76, 79,
    77, 76, 77, 79, 76, 78, 77, 77, 76, 78, 77, 76, 76, 77, 75, 75, 77,
    76, 78, 78, 75, 77, 77, 75, 75, 74, 78, 76, 76, 73, 74, 76, 77, 77,
    79, 75, 76, 79, 78, 76, 77, 74, 78, 78, 78, 76, 74, 76, 77, 78, 76,
    74, 75, 77, 76, 77, 77, 78, 77, 76, 76, 78, 76, 77, 78, 76, 78, 77,
    77, 75, 76, 75, 75, 78, 79, 76, 75, 78, 75, 79, 76, 79, 77, 77, 78,
    77 ]
