%YAML:1.0
---
videoName: "headShake19.mp4"
gestureLabel: 201
fps: 29
pixelSizeInCmTemp: 3.1933333333333330e-01
faceCenterPointX: 243
faceCenterPointY: 78
headPositionsX: [ 245, 242, 243, 242, 245, 244, 240, 244, 244, 240, 243,
    242, 243, 243, 243, 242, 245, 245, 245, 242, 243, 241, 242, 242, 241,
    245, 241, 242, 241, 243, 240, 243, 242, 242, 243, 239, 240, 236, 235,
    235, 234, 233, 238, 242, 249, 252, 255, 258, 255, 253, 247, 246, 240,
    236, 231, 232, 235, 235, 237, 242, 247, 246, 246, 247, 244, 245, 242,
    237, 235, 235, 234, 238, 237, 240, 240, 245, 243, 245, 246, 244, 246,
    243, 244, 244, 242, 241, 242, 242, 241, 242, 243, 240, 243, 242, 244,
    242, 245, 244, 243, 243 ]
headPositionsY: [ 79, 75, 74, 76, 78, 77, 76, 78, 78, 78, 76, 75, 74, 76,
    78, 74, 77, 74, 77, 75, 78, 77, 74, 76, 79, 79, 79, 76, 79, 76, 79,
    76, 75, 76, 79, 78, 76, 77, 78, 78, 78, 75, 78, 76, 77, 76, 78, 76,
    77, 76, 78, 79, 76, 75, 78, 78, 75, 74, 78, 75, 76, 78, 75, 78, 78,
    79, 79, 78, 75, 79, 78, 77, 78, 77, 79, 78, 77, 80, 77, 77, 80, 80,
    74, 79, 76, 78, 78, 81, 77, 78, 80, 79, 76, 79, 76, 79, 79, 78, 79,
    79 ]
