%YAML:1.0
---
videoName: "headShake21.mp4"
gestureLabel: 201
fps: 29
pixelSizeInCmTemp: 3.1933333333333330e-01
faceCenterPointX: 241
faceCenterPointY: 78
headPositionsX: [ 239, 245, 243, 241, 241, 243, 242, 240, 243, 240, 242,
    239, 242, 242, 243, 243, 241, 239, 242, 243, 242, 245, 241, 242, 244,
    241, 244, 242, 245, 243, 241, 245, 245, 241, 244, 244, 240, 244, 241,
    243, 244, 244, 239, 242, 242, 243, 239, 242, 243, 241, 240, 243, 241,
    240, 244, 241, 242, 244, 241, 240, 242, 239, 239, 242, 240, 241, 240,
    244, 244, 248, 251, 250, 250, 251, 246, 243, 239, 234, 232, 235, 235,
    235, 241, 240, 244, 240, 240, 243, 240, 238, 237, 239, 241, 236, 239,
    243, 241, 241, 244, 241 ]
headPositionsY: [ 80, 83, 80, 79, 76, 73, 74, 75, 74, 71, 69, 73, 71, 69,
    70, 69, 70, 71, 69, 71, 71, 70, 70, 72, 72, 74, 73, 73, 73, 76, 75,
    76, 78, 76, 75, 78, 75, 76, 76, 77, 79, 77, 78, 79, 80, 80, 78, 79,
    75, 77, 78, 78, 77, 79, 80, 76, 76, 78, 76, 80, 75, 76, 78, 79, 77,
    79, 78, 77, 80, 75, 76, 78, 79, 80, 77, 80, 79, 78, 76, 79, 76, 79,
    78, 78, 80, 78, 80, 77, 76, 76, 77, 78, 77, 78, 79, 79, 77, 78, 81,
    78 ]
