%YAML:1.0
---
videoName: "headShake30.mp4"
gestureLabel: 201
fps: 29
pixelSizeInCmTemp: 3.2808219178082193e-01
faceCenterPointX: 240
faceCenterPointY: 68
headPositionsX: [ 240, 233, 234, 234, 230, 234, 234, 232, 232, 237, 236,
    235, 237, 238, 238, 238, 243, 243, 242, 243, 244, 243, 241, 245, 242,
    244, 240, 242, 241, 243, 241, 240, 240, 238, 241, 239, 241, 240, 244,
    247, 249, 256, 257, 260, 259, 262, 256, 255, 252, 243, 237, 230, 229,
    226, 221, 224, 231, 234, 240, 248, 251, 253, 251, 250, 248, 244, 237,
    233, 228, 225, 228, 226, 231, 238, 244, 243, 249, 248, 252, 249, 249,
    244, 244, 236, 235, 235, 237, 239, 239, 237, 237, 241, 240, 242, 242,
    239, 240, 240, 238, 238 ]
headPositionsY: [ 66, 54, 58, 56, 56, 57, 62, 58, 63, 62, 65, 63, 66, 64,
    67, 65, 65, 64, 67, 65, 67, 67, 64, 63, 64, 67, 64, 66, 66, 65, 63,
    63, 64, 68, 64, 68, 66, 67, 67, 66, 66, 64, 66, 64, 66, 67, 66, 66,
    68, 69, 69, 68, 69, 67, 70, 69, 67, 67, 69, 71, 66, 67, 67, 68, 69,
    68, 69, 69, 66, 67, 69, 67, 69, 70, 70, 67, 67, 64, 66, 66, 64, 69,
    65, 69, 65, 68, 69, 68, 69, 69, 67, 70, 69, 66, 69, 65, 69, 66, 70,
    67 ]
