%YAML:1.0
---
videoName: "headShake2.mp4"
gestureLabel: 201
fps: 29
pixelSizeInCmTemp: 3.4214285714285714e-01
faceCenterPointX: 276
faceCenterPointY: 98
headPositionsX: [ 275, 276, 279, 276, 277, 279, 277, 276, 277, 277, 276,
    279, 278, 278, 278, 276, 276, 278, 278, 275, 275, 276, 278, 275, 279,
    276, 278, 279, 276, 278, 277, 276, 276, 279, 277, 276, 275, 276, 276,
    276, 276, 280, 282, 282, 285, 290, 292, 293, 294, 292, 290, 287, 281,
    277, 273, 267, 266, 263, 267, 267, 275, 280, 285, 287, 290, 292, 291,
    288, 285, 278, 273, 273, 270, 266, 266, 273, 274, 277, 281, 286, 288,
    287, 286, 285, 282, 283, 277, 278, 275, 278, 275, 275, 275, 277, 274,
    276, 277, 273, 273, 276 ]
headPositionsY: [ 97, 99, 99, 96, 96, 95, 96, 96, 97, 99, 99, 98, 101,
    99, 98, 99, 97, 98, 100, 100, 99, 99, 101, 96, 99, 99, 100, 97, 101,
    98, 97, 98, 96, 99, 97, 99, 100, 97, 98, 97, 98, 98, 100, 95, 99, 97,
    96, 99, 98, 96, 98, 99, 99, 98, 96, 98, 96, 99, 95, 97, 98, 96, 97,
    98, 95, 98, 99, 95, 97, 98, 99, 96, 96, 96, 97, 97, 97, 99, 98, 97,
    99, 99, 97, 100, 101, 100, 100, 96, 100, 97, 97, 100, 98, 100, 100,
    101, 98, 102, 98, 98 ]
