%YAML:1.0
---
videoName: "headShake16.mp4"
gestureLabel: 201
fps: 29
pixelSizeInCmTemp: 3.2364864864864862e-01
faceCenterPointX: 242
faceCenterPointY: 77
headPositionsX: [ 242, 242, 244, 242, 244, 242, 246, 241, 245, 241, 243,
    242, 242, 244, 244, 242, 244, 246, 242, 243, 241, 244, 242, 244, 244,
    241, 240, 243, 243, 242, 241, 244, 243, 243, 240, 239, 244, 244, 244,
    248, 251, 252, 256, 252, 254, 249, 246, 242, 239, 238, 238, 232, 237,
    236, 240, 241, 245, 246, 248, 250, 248, 250, 246, 245, 239, 241, 234,
    234, 232, 233, 237, 235, 239, 239, 243, 242, 242, 246, 243, 241, 244,
    242, 238, 238, 240, 238, 240, 240, 241, 239, 241, 243, 241, 241, 244,
    244, 241, 240, 242, 245 ]
headPositionsY: [ 78, 75, 74, 77, 76, 76, 76, 78, 73, 76, 76, 78, 74, 77,
    74, 77, 74, 75, 74, 74, 77, 77, 74, 76, 75, 76, 75, 78, 77, 75, 73,
    74, 75, 74, 74, 74, 75, 75, 78, 77, 77, 73, 76, 77, 76, 76, 75, 75,
    75, 77, 75, 76, 74, 76, 76, 75, 76, 76, 77, 79, 74, 76, 79, 75, 78,
    79, 75, 78, 74, 76, 78, 77, 78, 78, 75, 79, 76, 75, 79, 75, 79, 78,
    75, 78, 78, 74, 76, 78, 75, 76, 74, 78, 77, 77, 79, 74, 77, 77, 76,
    75 ]
