%YAML:1.0
---
videoName: "headShake48.mp4"
gestureLabel: 201
fps: 29
pixelSizeInCmTemp: 3.1103896103896100e-01
faceCenterPointX: 258
faceCenterPointY: 85
headPositionsX: [ 256, 258, 262, 260, 260, 261, 261, 261, 261, 258, 260,
    258, 260, 260, 262, 258, 261, 258, 261, 257, 262, 259, 259, 260, 260,
    259, 258, 260, 257, 260, 261, 260, 259, 257, 260, 263, 266, 269, 273,
    273, 273, 274, 272, 266, 261, 252, 250, 246, 246, 250, 252, 259, 263,
    269, 268, 266, 265, 261, 254, 253, 252, 248, 253, 256, 263, 266, 265,
    267, 267, 264, 258, 253, 252, 249, 247, 252, 255, 262, 265, 265, 265,
    263, 266, 261, 260, 261, 257, 261, 260, 261, 258, 258, 260, 259, 258,
    260, 260, 261, 258, 257 ]
headPositionsY: [ 83, 77, 81, 79, 76, 79, 77, 78, 81, 77, 80, 81, 78, 81,
    79, 78, 82, 82, 80, 82, 83, 81, 80, 80, 81, 80, 79, 81, 83, 84, 84,
    80, 81, 81, 81, 80, 81, 81, 81, 82, 80, 83, 82, 87, 82, 84, 84, 82,
    85, 85, 82, 83, 87, 86, 84, 85, 84, 87, 84, 87, 88, 84, 87, 86, 88,
    85, 86, 87, 88, 85, 86, 89, 85, 87, 88, 84, 84, 88, 88, 84, 85, 84,
    86, 84, 85, 86, 84, 86, 88, 88, 86, 87, 84, 86, 84, 84, 87, 87, 85,
    84 ]
