%YAML:1.0
---
videoName: "headShake49.mp4"
gestureLabel: 201
fps: 30
pixelSizeInCmTemp: 2.8855421686746985e-01
faceCenterPointX: 259
faceCenterPointY: 84
headPositionsX: [ 260, 263, 262, 261, 262, 259, 262, 261, 262, 259, 259,
    262, 260, 263, 260, 262, 263, 262, 263, 260, 263, 263, 258, 263, 260,
    261, 261, 260, 259, 263, 260, 260, 262, 264, 270, 275, 274, 278, 285,
    284, 280, 279, 272, 268, 260, 250, 250, 246, 251, 257, 260, 267, 274,
    276, 274, 265, 260, 258, 253, 248, 247, 252, 255, 260, 263, 270, 269,
    267, 262, 259, 258, 255, 253, 256, 259, 263, 264, 269, 272, 267, 269,
    265, 261, 258, 257, 256, 258, 260, 257, 260, 258, 258, 258, 259, 258,
    260, 258, 258, 258, 260 ]
headPositionsY: [ 84, 79, 79, 82, 83, 80, 80, 83, 82, 82, 81, 82, 79, 80,
    78, 81, 79, 83, 79, 80, 82, 81, 78, 81, 81, 81, 82, 80, 83, 80, 80,
    81, 79, 79, 80, 82, 80, 81, 81, 81, 79, 80, 84, 85, 85, 81, 82, 82,
    85, 86, 86, 82, 82, 82, 84, 82, 84, 83, 86, 86, 85, 84, 83, 85, 84,
    86, 83, 83, 84, 83, 83, 84, 87, 82, 86, 85, 82, 85, 82, 85, 87, 85,
    86, 83, 84, 83, 86, 82, 85, 83, 86, 84, 85, 87, 82, 84, 87, 84, 83,
    87 ]
