%YAML:1.0
---
videoName: "headShake33.mp4"
gestureLabel: 201
fps: 29
pixelSizeInCmTemp: 3.2364864864864862e-01
faceCenterPointX: 244
faceCenterPointY: 84
headPositionsX: [ 246, 245, 246, 247, 247, 244, 245, 244, 243, 244, 245,
    244, 247, 244, 246, 247, 245, 244, 243, 243, 247, 247, 250, 249, 252,
    253, 258, 258, 262, 260, 260, 263, 265, 262, 260, 257, 254, 251, 247,
    239, 237, 237, 234, 230, 226, 226, 224, 229, 227, 234, 234, 239, 242,
    243, 252, 253, 254, 257, 256, 261, 260, 259, 258, 255, 255, 249, 249,
    247, 243, 238, 234, 235, 230, 232, 230, 235, 232, 232, 233, 237, 237,
    237, 242, 243, 242, 244, 244, 246, 246, 247, 249, 246, 248, 244, 243,
    243, 245, 244, 242, 244 ]
headPositionsY: [ 85, 84, 81, 85, 80, 84, 85, 84, 83, 80, 83, 81, 82, 82,
    83, 81, 81, 84, 82, 81, 82, 82, 81, 84, 84, 80, 79, 83, 80, 80, 80,
    80, 83, 82, 81, 81, 85, 81, 84, 83, 84, 81, 83, 84, 82, 80, 79, 80,
    81, 85, 84, 81, 82, 83, 84, 84, 80, 79, 81, 82, 83, 80, 84, 83, 83,
    84, 84, 82, 81, 85, 81, 82, 82, 82, 80, 80, 84, 83, 81, 83, 82, 82,
    84, 82, 83, 82, 81, 85, 81, 85, 85, 84, 85, 83, 82, 83, 81, 83, 83,
    85 ]
