%YAML:1.0
---
videoName: "headShake30.mp4"
gestureLabel: 201
fps: 29
pixelSizeInCmTemp: 3.2808219178082193e-01
faceCenterPointX: 240
faceCenterPointY: 68
headPositionsX: [ 241, 233, 233, 231, 230, 231, 232, 232, 234, 233, 237,
    238, 235, 240, 239, 240, 241, 240, 245, 243, 242, 241, 242, 242, 245,
    243, 244, 243, 240, 239, 240, 239, 238, 240, 239, 240, 241, 242, 242,
    248, 252, 256, 257, 257, 260, 262, 256, 256, 249, 244, 237, 232, 228,
    222, 224, 223, 227, 233, 238, 248, 252, 251, 250, 250, 248, 241, 235,
    232, 228, 227, 230, 227, 234, 237, 244, 246, 246, 251, 249, 247, 246,
    244, 242, 239, 238, 234, 235, 235, 239, 240, 240, 242, 242, 242, 239,
    240, 238, 240, 239, 237 ]
headPositionsY: [ 69, 57, 55, 56, 60, 58, 59, 57, 61, 65, 62, 64, 66, 66,
    63, 66, 64, 67, 67, 65, 64, 66, 66, 66, 67, 64, 66, 65, 65, 64, 66,
    67, 65, 66, 66, 66, 64, 65, 66, 64, 67, 65, 67, 64, 66, 66, 67, 67,
    68, 65, 67, 67, 68, 67, 67, 68, 70, 69, 66, 69, 68, 68, 66, 70, 69,
    67, 68, 66, 70, 66, 69, 70, 69, 68, 67, 65, 66, 64, 67, 65, 66, 67,
    65, 68, 69, 69, 70, 68, 65, 67, 66, 69, 69, 68, 70, 67, 66, 67, 70,
    69 ]
