%YAML:1.0
---
videoName: "headShake4.mp4"
gestureLabel: 201
fps: 30
pixelSizeInCmTemp: 3.2364864864864862e-01
faceCenterPointX: 237
faceCenterPointY: 101
headPositionsX: [ 237, 241, 246, 247, 253, 254, 254, 253, 251, 247, 242,
    236, 230, 225, 226, 225, 227, 230, 234, 242, 250, 251, 251, 252, 252,
    247, 240, 234, 228, 222, 222, 225, 226, 231, 235, 240, 244, 249, 255,
    258, 255, 253, 249, 245, 237, 233, 228, 223, 223, 227, 227, 228, 234,
    237, 240, 245, 248, 246, 250, 249, 248, 242, 242, 235, 236, 230, 230,
    230, 229, 232, 232, 233, 236, 239, 237, 238, 242, 240, 239, 239, 241,
    239, 241, 241, 237, 239, 238, 237, 238, 236, 237, 235, 236, 236, 239,
    239, 236, 238, 235, 238 ]
headPositionsY: [ 103, 97, 96, 99, 97, 96, 96, 96, 99, 97, 99, 102, 99,
    99, 99, 98, 97, 98, 100, 100, 95, 101, 98, 99, 98, 98, 102, 101, 100,
    97, 100, 98, 96, 99, 102, 100, 101, 101, 99, 97, 97, 100, 100, 100,
    98, 99, 101, 103, 101, 101, 101, 100, 98, 101, 101, 100, 99, 101, 99,
    97, 102, 101, 101, 99, 101, 101, 101, 100, 99, 97, 100, 97, 97, 100,
    102, 102, 102, 99, 99, 102, 99, 101, 102, 98, 99, 99, 102, 98, 100,
    103, 97, 101, 97, 98, 100, 102, 101, 101, 100, 101 ]
