%YAML:1.0
---
videoName: "headShake33.mp4"
gestureLabel: 201
fps: 29
pixelSizeInCmTemp: 3.2364864864864862e-01
faceCenterPointX: 244
faceCenterPointY: 84
headPositionsX: [ 242, 244, 247, 243, 246, 247, 248, 246, 247, 245, 246,
    246, 246, 247, 247, 244, 247, 243, 247, 244, 245, 247, 246, 251, 250,
    256, 255, 257, 262, 263, 261, 263, 262, 262, 259, 257, 254, 249, 247,
    242, 238, 236, 232, 232, 227, 229, 226, 228, 230, 231, 231, 238, 243,
    243, 252, 254, 256, 258, 257, 258, 261, 257, 257, 256, 254, 253, 247,
    244, 239, 237, 238, 233, 234, 229, 232, 232, 232, 235, 235, 237, 237,
    238, 239, 241, 245, 244, 247, 247, 249, 248, 249, 245, 245, 245, 243,
    245, 245, 244, 245, 242 ]
headPositionsY: [ 83, 82, 81, 84, 81, 84, 83, 84, 85, 80, 85, 81, 83, 81,
    83, 85, 84, 85, 83, 83, 85, 82, 81, 85, 83, 81, 83, 82, 82, 80, 82,
    79, 82, 82, 82, 84, 85, 83, 84, 82, 82, 83, 82, 82, 82, 82, 83, 82,
    81, 85, 81, 85, 81, 82, 81, 80, 82, 81, 83, 82, 81, 80, 84, 82, 84,
    85, 81, 85, 85, 83, 82, 85, 83, 80, 82, 84, 84, 84, 82, 82, 82, 83,
    83, 85, 83, 83, 83, 84, 83, 85, 83, 83, 84, 81, 85, 82, 82, 84, 83,
    83 ]
