%YAML:1.0
---
videoName: "headShake33.mp4"
gestureLabel: 201
fps: 29
pixelSizeInCmTemp: 3.2364864864864862e-01
faceCenterPointX: 244
faceCenterPointY: 84
headPositionsX: [ 243, 243, 244, 247, 244, 246, 244, 246, 245, 244, 246,
    245, 246, 245, 247, 244, 243, 246, 243, 243, 243, 246, 246, 251, 253,
    252, 258, 261, 260, 261, 264, 263, 263, 258, 258, 255, 254, 251, 245,
    239, 235, 235, 230, 230, 227, 226, 224, 228, 227, 234, 235, 236, 242,
    244, 248, 250, 258, 259, 258, 261, 262, 261, 258, 256, 253, 251, 245,
    245, 243, 238, 238, 233, 234, 230, 233, 233, 231, 234, 234, 238, 236,
    240, 241, 244, 245, 245, 246, 248, 245, 247, 245, 244, 244, 247, 246,
    243, 242, 246, 246, 243 ]
headPositionsY: [ 86, 84, 84, 82, 82, 84, 82, 80, 85, 84, 85, 84, 85, 84,
    82, 82, 80, 82, 82, 80, 85, 82, 83, 84, 83, 82, 79, 82, 83, 82, 82,
    81, 79, 81, 83, 80, 83, 85, 81, 85, 81, 81, 84, 82, 82, 83, 81, 80,
    85, 83, 85, 83, 82, 85, 84, 80, 80, 80, 79, 80, 80, 84, 81, 82, 81,
    82, 81, 84, 84, 81, 83, 84, 80, 84, 81, 83, 84, 85, 82, 81, 83, 84,
    84, 82, 83, 84, 82, 83, 82, 82, 83, 83, 83, 85, 85, 85, 81, 82, 83,
    83 ]
