%YAML:1.0
---
videoName: "headShake1.mp4"
gestureLabel: 201
fps: 29
pixelSizeInCmTemp: 3.3263888888888887e-01
faceCenterPointX: 279
faceCenterPointY: 98
headPositionsX: [ 281, 280, 278, 278, 276, 278, 277, 281, 277, 280, 277,
    277, 278, 280, 278, 280, 281, 279, 278, 279, 280, 280, 280, 280, 278,
    281, 280, 280, 281, 283, 286, 290, 288, 290, 294, 291, 291, 287, 284,
    281, 280, 276, 274, 268, 271, 271, 271, 274, 280, 286, 287, 292, 293,
    293, 292, 287, 285, 280, 275, 268, 270, 267, 268, 268, 271, 277, 284,
    284, 288, 294, 292, 292, 291, 290, 282, 283, 278, 276, 270, 270, 270,
    271, 270, 273, 271, 274, 274, 276, 278, 280, 279, 280, 278, 280, 280,
    280, 279, 278, 281, 277 ]
headPositionsY: [ 96, 95, 98, 99, 99, 95, 99, 99, 96, 96, 99, 95, 97, 99,
    97, 97, 96, 95, 97, 98, 98, 98, 99, 98, 96, 99, 99, 95, 97, 98, 96,
    94, 95, 97, 97, 94, 94, 97, 98, 96, 98, 95, 96, 98, 95, 95, 93, 95,
    96, 95, 98, 94, 95, 94, 96, 97, 99, 98, 97, 98, 97, 96, 96, 93, 95,
    98, 98, 96, 96, 95, 97, 96, 94, 95, 98, 96, 96, 96, 98, 95, 97, 95,
    97, 97, 99, 96, 98, 99, 99, 99, 97, 96, 100, 99, 97, 98, 97, 98, 98,
    98 ]
