%YAML:1.0
---
videoName: "headShake11.mp4"
gestureLabel: 201
fps: 29
pixelSizeInCmTemp: 3.2364864864864862e-01
faceCenterPointX: 244
faceCenterPointY: 76
headPositionsX: [ 243, 240, 243, 242, 244, 242, 245, 240, 244, 243, 242,
    241, 243, 241, 241, 242, 241, 244, 241, 243, 243, 241, 243, 242, 244,
    241, 245, 243, 247, 251, 252, 259, 261, 263, 263, 264, 261, 256, 252,
    250, 242, 238, 235, 231, 227, 226, 229, 232, 233, 239, 245, 251, 256,
    259, 259, 258, 254, 253, 251, 243, 239, 233, 233, 231, 232, 234, 233,
    240, 242, 246, 252, 253, 257, 256, 258, 254, 251, 250, 246, 239, 239,
    234, 233, 237, 236, 238, 240, 242, 242, 247, 248, 246, 246, 247, 246,
    244, 247, 247, 245, 243 ]
headPositionsY: [ 78, 73, 74, 73, 70, 72, 73, 71, 73, 71, 72, 73, 73, 70,
    71, 75, 72, 74, 75, 72, 72, 71, 72, 72, 73, 74, 72, 74, 70, 74, 71,
    70, 71, 74, 73, 74, 74, 71, 74, 74, 75, 72, 74, 75, 72, 73, 76, 73,
    73, 76, 73, 75, 73, 75, 72, 74, 71, 73, 77, 75, 74, 78, 78, 74, 77,
    74, 76, 76, 74, 76, 72, 74, 73, 74, 76, 73, 72, 76, 76, 75, 76, 76,
    73, 72, 72, 75, 75, 76, 74, 73, 73, 77, 72, 76, 77, 75, 73, 78, 73,
    77 ]
