%YAML:1.0
---
videoName: "headShake7.mp4"
gestureLabel: 201
fps: 29
pixelSizeInCmTemp: 3.3263888888888887e-01
faceCenterPointX: 244
faceCenterPointY: 72
headPositionsX: [ 246, 243, 242, 243, 243, 241, 244, 245, 240, 245, 244,
    247, 253, 252, 257, 257, 260, 260, 260, 254, 252, 249, 240, 236, 232,
    235, 233, 238, 246, 252, 258, 257, 259, 257, 255, 252, 246, 240, 233,
    227, 226, 228, 231, 233, 241, 246, 249, 254, 257, 257, 253, 250, 244,
    241, 236, 231, 229, 228, 231, 232, 240, 244, 246, 253, 256, 256, 260,
    256, 252, 249, 247, 244, 238, 237, 234, 232, 235, 235, 235, 240, 238,
    242, 243, 245, 247, 247, 249, 248, 245, 245, 247, 246, 244, 244, 244,
    245, 242, 241, 242, 245 ]
headPositionsY: [ 73, 70, 69, 70, 72, 72, 73, 73, 70, 70, 71, 71, 72, 71,
    68, 68, 67, 66, 67, 71, 72, 72, 69, 69, 71, 72, 70, 72, 69, 69, 70,
    68, 70, 71, 69, 72, 71, 71, 70, 72, 70, 69, 72, 71, 69, 72, 72, 71,
    67, 68, 69, 73, 71, 73, 72, 69, 70, 70, 72, 69, 69, 72, 69, 68, 70,
    71, 68, 70, 71, 72, 69, 72, 70, 71, 70, 71, 73, 71, 71, 72, 69, 71,
    71, 72, 71, 70, 72, 70, 71, 72, 74, 70, 70, 74, 72, 73, 71, 73, 71,
    73 ]
