%YAML:1.0
---
videoName: "headShake0.mp4"
gestureLabel: 201
fps: 29
pixelSizeInCmTemp: 3.2808219178082193e-01
faceCenterPointX: 279
faceCenterPointY: 94
headPositionsX: [ 281, 280, 280, 280, 279, 281, 279, 281, 280, 279, 281,
    280, 277, 278, 277, 279, 277, 277, 278, 279, 277, 281, 277, 277, 277,
    280, 281, 277, 280, 281, 279, 279, 277, 277, 277, 280, 280, 276, 281,
    279, 278, 279, 284, 285, 293, 297, 300, 300, 301, 302, 299, 293, 287,
    284, 277, 273, 273, 272, 272, 276, 281, 286, 287, 289, 288, 286, 287,
    284, 278, 273, 273, 274, 274, 277, 279, 284, 283, 283, 286, 281, 282,
    278, 276, 278, 274, 275, 279, 279, 278, 276, 277, 281, 280, 280, 280,
    277, 278, 280, 278, 277 ]
headPositionsY: [ 96, 94, 91, 94, 94, 94, 95, 91, 94, 91, 94, 94, 92, 95,
    95, 93, 92, 93, 94, 91, 93, 91, 91, 95, 92, 92, 91, 93, 93, 92, 90,
    91, 92, 95, 92, 93, 94, 91, 95, 93, 93, 91, 93, 89, 89, 91, 92, 91,
    93, 90, 89, 90, 93, 95, 91, 94, 93, 91, 90, 91, 94, 90, 93, 94, 90,
    91, 93, 94, 95, 91, 91, 95, 93, 91, 95, 94, 94, 91, 95, 92, 95, 93,
    91, 93, 95, 91, 95, 94, 93, 96, 93, 96, 93, 92, 97, 94, 94, 93, 94,
    97 ]
