%YAML:1.0
---
videoName: "headShake8.mp4"
gestureLabel: 201
fps: 29
pixelSizeInCmTemp: 3.2364864864864862e-01
faceCenterPointX: 243
faceCenterPointY: 72
headPositionsX: [ 242, 241, 245, 246, 245, 245, 242, 246, 241, 243, 241,
    244, 244, 246, 242, 241, 241, 245, 242, 243, 246, 242, 243, 243, 244,
    245, 242, 242, 242, 244, 241, 245, 244, 244, 247, 251, 251, 257, 261,
    265, 266, 263, 262, 262, 255, 250, 247, 242, 235, 235, 232, 232, 232,
    240, 245, 247, 252, 261, 260, 260, 256, 253, 251, 248, 242, 239, 233,
    234, 236, 233, 234, 238, 238, 239, 243, 245, 249, 249, 251, 250, 248,
    251, 249, 248, 247, 247, 246, 247, 246, 247, 247, 244, 245, 242, 241,
    241, 241, 241, 244, 241 ]
headPositionsY: [ 72, 69, 71, 72, 72, 70, 71, 73, 71, 73, 69, 74, 74, 70,
    74, 71, 71, 72, 73, 72, 73, 72, 69, 73, 70, 70, 73, 72, 71, 71, 73,
    74, 72, 73, 73, 73, 70, 68, 69, 70, 70, 69, 69, 73, 70, 72, 71, 73,
    72, 69, 70, 69, 72, 72, 70, 69, 71, 70, 69, 68, 72, 70, 71, 69, 70,
    73, 73, 70, 73, 72, 71, 72, 73, 73, 70, 70, 72, 71, 69, 74, 73, 72,
    69, 73, 70, 74, 71, 71, 69, 72, 72, 72, 73, 70, 70, 69, 71, 73, 71,
    73 ]
