%YAML:1.0
---
videoName: "headShake39.mp4"
gestureLabel: 201
fps: 29
pixelSizeInCmTemp: 3.1933333333333330e-01
faceCenterPointX: 263
faceCenterPointY: 83
headPositionsX: [ 264, 261, 261, 262, 263, 263, 264, 261, 262, 262, 262,
    260, 262, 263, 262, 261, 262, 258, 260, 260, 261, 260, 257, 254, 250,
    248, 248, 247, 243, 244, 245, 242, 246, 251, 257, 259, 266, 271, 277,
    279, 279, 281, 276, 270, 262, 257, 252, 246, 249, 247, 248, 248, 254,
    254, 259, 267, 271, 274, 280, 282, 279, 273, 270, 265, 261, 256, 252,
    248, 249, 246, 253, 250, 251, 255, 256, 257, 263, 262, 265, 265, 263,
    266, 268, 268, 266, 267, 266, 264, 262, 264, 264, 263, 265, 264, 263,
    262, 264, 264, 265, 264 ]
headPositionsY: [ 82, 82, 82, 85, 84, 83, 83, 84, 83, 81, 82, 82, 84, 84,
    81, 83, 84, 85, 82, 82, 81, 84, 83, 85, 83, 85, 80, 80, 80, 82, 81,
    81, 84, 81, 85, 84, 84, 82, 82, 77, 82, 79, 83, 85, 84, 82, 82, 80,
    83, 80, 84, 85, 82, 83, 80, 83, 80, 82, 81, 79, 79, 82, 83, 81, 81,
    83, 81, 81, 77, 79, 81, 79, 78, 79, 85, 83, 85, 82, 81, 80, 84, 84,
    82, 82, 84, 82, 81, 81, 83, 83, 85, 81, 82, 85, 84, 85, 81, 85, 85,
    84 ]
