%YAML:1.0
---
videoName: "headShake34.mp4"
gestureLabel: 201
fps: 29
pixelSizeInCmTemp: 3.2364864864864862e-01
faceCenterPointX: 263
faceCenterPointY: 83
headPositionsX: [ 263, 264, 263, 267, 262, 265, 265, 265, 262, 264, 263,
    264, 266, 266, 264, 265, 262, 263, 262, 263, 266, 263, 266, 264, 266,
    263, 263, 266, 264, 264, 263, 266, 264, 262, 264, 264, 267, 268, 267,
    268, 270, 272, 272, 276, 275, 276, 276, 275, 275, 273, 273, 271, 261,
    259, 254, 255, 254, 253, 252, 254, 258, 262, 263, 266, 269, 272, 271,
    266, 267, 261, 258, 257, 256, 254, 254, 257, 256, 259, 263, 265, 264,
    265, 267, 264, 264, 268, 267, 266, 267, 265, 266, 263, 265, 261, 262,
    263, 264, 262, 264, 261 ]
headPositionsY: [ 82, 84, 85, 84, 83, 82, 83, 81, 83, 85, 82, 83, 83, 83,
    82, 84, 82, 84, 83, 84, 83, 82, 84, 81, 82, 82, 84, 83, 86, 82, 81,
    85, 85, 81, 82, 85, 81, 83, 85, 84, 82, 83, 84, 81, 82, 83, 84, 82,
    81, 80, 81, 85, 81, 85, 83, 79, 82, 81, 81, 82, 83, 81, 82, 82, 82,
    81, 85, 83, 86, 81, 81, 83, 85, 85, 83, 84, 85, 84, 81, 84, 84, 85,
    83, 84, 82, 85, 82, 85, 82, 82, 84, 85, 82, 84, 82, 85, 84, 83, 84,
    82 ]
