%YAML:1.0
---
videoName: "headShake17.mp4"
gestureLabel: 201
fps: 29
pixelSizeInCmTemp: 3.3263888888888887e-01
faceCenterPointX: 242
faceCenterPointY: 76
headPositionsX: [ 243, 237, 240, 239, 237, 237, 241, 243, 247, 245, 250,
    252, 257, 260, 260, 257, 253, 251, 246, 242, 237, 232, 228, 225, 228,
    227, 228, 234, 237, 239, 243, 247, 253, 252, 253, 252, 251, 253, 250,
    245, 244, 241, 237, 233, 231, 233, 233, 233, 235, 237, 236, 242, 243,
    241, 242, 243, 245, 247, 244, 245, 241, 240, 241, 240, 239, 238, 240,
    241, 238, 242, 239, 240, 239, 239, 242, 243, 243, 240, 240, 239, 240,
    239, 243, 239, 241, 241, 242, 241, 241, 240, 242, 244, 239, 240, 241,
    242, 244, 241, 240, 242 ]
headPositionsY: [ 75, 74, 76, 79, 76, 75, 74, 74, 75, 74, 73, 73, 76, 73,
    75, 74, 73, 75, 77, 78, 77, 77, 76, 77, 76, 77, 78, 75, 76, 76, 76,
    76, 77, 75, 74, 75, 74, 78, 77, 78, 75, 79, 78, 78, 75, 74, 78, 77,
    77, 77, 75, 76, 78, 79, 76, 79, 78, 75, 78, 78, 74, 79, 78, 78, 76,
    76, 74, 78, 77, 75, 74, 75, 78, 78, 76, 75, 75, 75, 79, 76, 78, 75,
    77, 78, 78, 74, 77, 78, 77, 75, 74, 79, 74, 77, 76, 74, 75, 75, 75,
    78 ]
