%YAML:1.0
---
videoName: "headShake42.mp4"
gestureLabel: 201
fps: 29
pixelSizeInCmTemp: 3.2808219178082193e-01
faceCenterPointX: 257
faceCenterPointY: 85
headPositionsX: [ 259, 274, 276, 276, 275, 275, 276, 274, 275, 273, 272,
    268, 268, 262, 261, 257, 253, 252, 249, 245, 246, 243, 245, 242, 242,
    243, 245, 253, 256, 258, 265, 265, 273, 277, 279, 282, 275, 280, 280,
    277, 271, 270, 268, 266, 260, 256, 257, 251, 249, 250, 246, 246, 245,
    245, 248, 245, 251, 251, 255, 257, 259, 263, 263, 264, 268, 270, 269,
    267, 267, 267, 270, 268, 265, 264, 264, 263, 259, 260, 260, 260, 257,
    259, 255, 258, 257, 254, 257, 254, 257, 258, 255, 257, 255, 258, 255,
    259, 256, 257, 257, 259 ]
headPositionsY: [ 85, 85, 83, 81, 82, 79, 82, 82, 83, 83, 84, 86, 82, 86,
    84, 82, 86, 85, 83, 81, 86, 83, 84, 83, 85, 82, 85, 83, 86, 86, 83,
    84, 83, 80, 82, 85, 82, 82, 84, 85, 84, 84, 84, 84, 89, 88, 87, 86,
    88, 84, 83, 83, 83, 87, 85, 83, 87, 84, 84, 85, 88, 87, 87, 83, 84,
    86, 85, 86, 84, 85, 88, 86, 88, 88, 84, 85, 83, 86, 86, 83, 88, 84,
    83, 83, 87, 83, 86, 83, 83, 84, 85, 86, 87, 83, 84, 86, 86, 85, 86,
    87 ]
