%YAML:1.0
---
videoName: "headShake28.mp4"
gestureLabel: 201
fps: 29
pixelSizeInCmTemp: 3.2808219178082193e-01
faceCenterPointX: 242
faceCenterPointY: 80
headPositionsX: [ 244, 240, 241, 242, 243, 239, 240, 242, 239, 239, 242,
    240, 239, 241, 243, 242, 242, 239, 240, 240, 240, 240, 240, 240, 239,
    240, 240, 241, 243, 240, 240, 244, 241, 243, 243, 244, 242, 242, 243,
    243, 245, 246, 246, 243, 246, 244, 242, 245, 246, 244, 240, 237, 233,
    228, 233, 232, 240, 241, 249, 251, 255, 254, 254, 249, 245, 240, 234,
    233, 231, 233, 239, 243, 247, 252, 251, 255, 254, 253, 251, 247, 244,
    239, 236, 238, 235, 239, 237, 237, 242, 240, 245, 244, 242, 245, 244,
    240, 243, 241, 240, 240 ]
headPositionsY: [ 79, 76, 75, 74, 76, 79, 75, 77, 77, 76, 79, 79, 79, 77,
    77, 76, 79, 80, 79, 80, 77, 78, 79, 80, 80, 81, 81, 79, 81, 77, 77,
    76, 79, 75, 76, 78, 80, 79, 76, 77, 80, 78, 78, 79, 77, 77, 76, 76,
    79, 77, 79, 79, 79, 77, 77, 77, 79, 79, 76, 78, 76, 78, 79, 78, 79,
    82, 77, 78, 76, 78, 80, 79, 78, 78, 77, 78, 77, 78, 77, 79, 80, 78,
    78, 78, 79, 76, 78, 81, 80, 80, 81, 81, 80, 78, 80, 80, 80, 82, 78,
    78 ]
