%YAML:1.0
---
videoName: "headShake31.mp4"
gestureLabel: 201
fps: 29
pixelSizeInCmTemp: 3.2808219178082193e-01
faceCenterPointX: 236
faceCenterPointY: 68
headPositionsX: [ 238, 236, 236, 235, 237, 238, 236, 239, 235, 237, 239,
    235, 236, 236, 237, 238, 239, 237, 238, 234, 238, 237, 238, 239, 234,
    236, 239, 239, 239, 238, 237, 238, 237, 236, 236, 233, 235, 237, 240,
    245, 246, 252, 251, 251, 251, 250, 244, 240, 233, 223, 220, 221, 222,
    223, 229, 231, 238, 242, 245, 249, 248, 241, 243, 237, 233, 233, 229,
    226, 229, 229, 233, 234, 241, 241, 244, 241, 245, 243, 242, 239, 237,
    237, 234, 235, 233, 233, 235, 236, 234, 237, 234, 236, 237, 237, 236,
    235, 236, 237, 238, 234 ]
headPositionsY: [ 66, 67, 67, 68, 69, 69, 68, 67, 66, 68, 69, 67, 67, 65,
    69, 67, 66, 66, 68, 66, 65, 69, 68, 69, 65, 65, 67, 68, 68, 66, 66,
    68, 69, 68, 68, 65, 69, 67, 66, 65, 67, 66, 66, 67, 66, 66, 66, 69,
    68, 67, 69, 67, 69, 71, 68, 72, 70, 71, 68, 69, 70, 70, 68, 69, 68,
    71, 71, 71, 69, 70, 68, 70, 71, 67, 67, 70, 69, 68, 71, 68, 70, 70,
    69, 70, 66, 71, 69, 70, 69, 68, 68, 71, 67, 66, 66, 70, 67, 68, 70,
    68 ]
