%YAML:1.0
---
videoName: "headShake17.mp4"
gestureLabel: 201
fps: 29
pixelSizeInCmTemp: 3.3263888888888887e-01
faceCenterPointX: 242
faceCenterPointY: 76
headPositionsX: [ 240, 240, 239, 238, 235, 237, 241, 240, 244, 248, 250,
    252, 260, 259, 258, 256, 255, 247, 243, 238, 236, 233, 228, 227, 228,
    225, 231, 231, 237, 240, 245, 249, 249, 249, 253, 251, 255, 253, 249,
    246, 241, 239, 239, 236, 232, 231, 230, 233, 234, 238, 235, 239, 242,
    244, 244, 243, 245, 247, 245, 242, 240, 241, 243, 241, 237, 241, 241,
    241, 239, 239, 241, 243, 241, 238, 240, 242, 241, 241, 240, 242, 240,
    242, 243, 241, 241, 242, 239, 242, 242, 240, 239, 243, 241, 240, 242,
    243, 242, 240, 239, 242 ]
headPositionsY: [ 77, 75, 73, 76, 74, 78, 74, 77, 76, 73, 77, 76, 74, 74,
    75, 78, 73, 76, 78, 79, 76, 79, 75, 78, 77, 77, 78, 78, 75, 77, 75,
    76, 75, 76, 74, 72, 74, 77, 76, 80, 79, 75, 76, 75, 76, 74, 74, 76,
    76, 76, 77, 75, 77, 78, 75, 79, 76, 77, 75, 77, 78, 75, 75, 75, 74,
    74, 74, 75, 76, 79, 75, 78, 77, 76, 76, 75, 74, 76, 76, 74, 79, 76,
    75, 77, 77, 73, 77, 76, 76, 78, 75, 75, 76, 78, 78, 76, 74, 77, 77,
    77 ]
