%YAML:1.0
---
videoName: "headShake9.mp4"
gestureLabel: 201
fps: 30
pixelSizeInCmTemp: 3.2808219178082193e-01
faceCenterPointX: 243
faceCenterPointY: 73
headPositionsX: [ 243, 242, 242, 243, 245, 241, 243, 242, 244, 241, 243,
    245, 242, 242, 241, 243, 241, 245, 243, 245, 241, 245, 244, 245, 242,
    241, 241, 242, 241, 241, 242, 242, 241, 242, 241, 242, 243, 243, 242,
    244, 246, 248, 255, 256, 264, 264, 263, 263, 262, 258, 252, 250, 244,
    240, 235, 233, 226, 230, 233, 234, 243, 249, 255, 256, 262, 261, 260,
    259, 253, 249, 244, 239, 234, 231, 229, 229, 230, 232, 237, 240, 245,
    248, 248, 251, 253, 250, 248, 246, 249, 245, 247, 245, 244, 245, 242,
    242, 243, 243, 245, 241 ]
headPositionsY: [ 71, 73, 71, 74, 73, 70, 72, 74, 73, 73, 72, 73, 72, 71,
    70, 73, 70, 72, 72, 74, 72, 73, 74, 73, 72, 75, 73, 72, 75, 74, 73,
    71, 72, 73, 71, 70, 74, 71, 74, 73, 70, 74, 69, 70, 72, 68, 67, 73,
    73, 72, 72, 73, 74, 73, 73, 71, 70, 71, 73, 74, 72, 71, 73, 69, 68,
    68, 71, 70, 71, 70, 71, 71, 74, 73, 74, 72, 74, 70, 71, 73, 74, 72,
    70, 74, 73, 72, 70, 75, 74, 74, 75, 71, 74, 72, 72, 75, 71, 72, 73,
    71 ]
