%YAML:1.0
---
videoName: "headShake5.mp4"
gestureLabel: 201
fps: 30
pixelSizeInCmTemp: 3.3263888888888887e-01
faceCenterPointX: 275
faceCenterPointY: 73
headPositionsX: [ 274, 276, 276, 275, 280, 279, 280, 277, 280, 279, 278,
    277, 280, 275, 278, 278, 278, 279, 279, 280, 278, 276, 276, 276, 279,
    276, 276, 277, 276, 279, 277, 277, 277, 281, 282, 285, 287, 295, 295,
    298, 295, 292, 290, 285, 280, 271, 265, 262, 264, 264, 268, 276, 279,
    289, 288, 291, 287, 286, 282, 275, 270, 261, 263, 264, 265, 270, 276,
    280, 282, 286, 283, 285, 281, 279, 274, 272, 270, 266, 266, 267, 267,
    272, 272, 276, 279, 284, 280, 280, 281, 279, 279, 277, 276, 278, 274,
    273, 273, 275, 274, 273 ]
headPositionsY: [ 73, 73, 74, 75, 75, 71, 72, 72, 74, 74, 72, 71, 76, 71,
    73, 72, 74, 71, 71, 73, 71, 71, 72, 72, 75, 73, 72, 72, 73, 74, 74,
    75, 72, 72, 72, 72, 71, 73, 75, 74, 71, 71, 73, 71, 76, 73, 75, 76,
    73, 74, 72, 72, 75, 76, 71, 75, 76, 72, 74, 74, 77, 75, 75, 73, 72,
    75, 76, 73, 75, 72, 75, 72, 76, 75, 75, 74, 73, 71, 72, 74, 72, 74,
    72, 71, 72, 75, 71, 73, 71, 73, 73, 74, 71, 73, 74, 72, 74, 74, 73,
    75 ]
