%YAML:1.0
---
videoName: "headShake22.mp4"
gestureLabel: 201
fps: 29
pixelSizeInCmTemp: 3.2364864864864862e-01
faceCenterPointX: 241
faceCenterPointY: 79
headPositionsX: [ 240, 243, 242, 242, 240, 241, 243, 244, 243, 241, 242,
    243, 241, 240, 241, 240, 241, 242, 243, 243, 244, 243, 241, 242, 242,
    243, 241, 242, 241, 244, 244, 243, 245, 242, 242, 245, 240, 242, 240,
    243, 245, 240, 244, 241, 242, 242, 241, 241, 241, 240, 242, 243, 242,
    241, 241, 241, 242, 243, 243, 244, 242, 242, 243, 243, 239, 241, 241,
    241, 245, 251, 252, 254, 255, 257, 253, 249, 247, 240, 240, 236, 238,
    236, 242, 240, 247, 248, 248, 247, 246, 241, 241, 239, 240, 238, 240,
    240, 239, 241, 239, 239 ]
headPositionsY: [ 77, 78, 78, 77, 75, 74, 76, 78, 76, 77, 74, 77, 75, 74,
    75, 74, 78, 78, 76, 79, 74, 74, 78, 75, 77, 78, 77, 77, 76, 77, 75,
    76, 78, 74, 75, 75, 74, 75, 76, 78, 79, 77, 75, 77, 75, 77, 78, 75,
    77, 74, 76, 74, 79, 76, 77, 77, 78, 77, 77, 75, 76, 79, 78, 75, 76,
    75, 77, 77, 77, 77, 74, 74, 73, 76, 76, 74, 76, 79, 77, 75, 77, 78,
    79, 79, 78, 80, 79, 76, 80, 79, 76, 79, 81, 77, 77, 78, 79, 76, 78,
    76 ]
