%YAML:1.0
---
videoName: "headShake38.mp4"
gestureLabel: 201
fps: 29
pixelSizeInCmTemp: 3.2808219178082193e-01
faceCenterPointX: 259
faceCenterPointY: 84
headPositionsX: [ 258, 262, 261, 263, 264, 262, 263, 264, 262, 263, 264,
    264, 262, 261, 265, 263, 262, 266, 265, 261, 263, 263, 264, 262, 265,
    264, 261, 262, 262, 264, 262, 260, 262, 261, 260, 264, 263, 262, 261,
    262, 261, 261, 257, 257, 255, 252, 249, 245, 250, 252, 260, 267, 273,
    277, 278, 272, 271, 262, 254, 251, 246, 251, 252, 260, 268, 271, 271,
    267, 267, 257, 255, 251, 248, 247, 251, 252, 260, 266, 267, 266, 270,
    269, 267, 265, 264, 263, 262, 262, 263, 262, 258, 260, 260, 259, 261,
    261, 260, 260, 258, 260 ]
headPositionsY: [ 86, 82, 83, 83, 81, 85, 84, 83, 85, 84, 82, 83, 84, 84,
    84, 85, 83, 86, 85, 85, 85, 85, 85, 84, 82, 83, 85, 81, 85, 82, 85,
    82, 83, 85, 82, 84, 83, 84, 81, 85, 83, 84, 85, 84, 82, 83, 85, 81,
    81, 84, 82, 85, 84, 82, 84, 80, 84, 85, 83, 83, 83, 83, 83, 86, 82,
    82, 85, 83, 84, 86, 85, 83, 82, 85, 82, 86, 84, 85, 84, 85, 82, 86,
    82, 84, 84, 86, 85, 85, 85, 82, 82, 82, 83, 86, 86, 82, 86, 83, 85,
    83 ]
