%YAML:1.0
---
videoName: "headShake13.mp4"
gestureLabel: 201
fps: 29
pixelSizeInCmTemp: 3.2364864864864862e-01
faceCenterPointX: 241
faceCenterPointY: 77
headPositionsX: [ 240, 241, 240, 240, 240, 243, 244, 243, 239, 243, 241,
    240, 242, 241, 242, 242, 244, 241, 239, 239, 242, 241, 240, 239, 239,
    241, 240, 240, 241, 238, 237, 237, 237, 240, 243, 248, 253, 254, 260,
    261, 263, 264, 260, 253, 251, 241, 236, 233, 228, 227, 230, 230, 234,
    241, 244, 247, 249, 251, 248, 246, 246, 241, 236, 235, 234, 232, 233,
    232, 236, 239, 244, 249, 253, 250, 249, 250, 246, 243, 241, 239, 235,
    232, 233, 235, 232, 235, 236, 240, 243, 242, 242, 243, 247, 245, 243,
    245, 245, 240, 243, 239 ]
headPositionsY: [ 76, 78, 76, 77, 74, 75, 75, 76, 76, 78, 78, 75, 75, 78,
    76, 76, 78, 77, 77, 76, 75, 78, 75, 75, 78, 74, 79, 75, 78, 73, 76,
    77, 78, 79, 77, 77, 77, 74, 75, 75, 75, 74, 76, 75, 75, 75, 76, 76,
    78, 76, 79, 76, 75, 77, 78, 76, 73, 76, 76, 76, 74, 76, 77, 76, 77,
    79, 75, 74, 79, 77, 78, 77, 78, 76, 76, 77, 75, 74, 76, 79, 75, 77,
    76, 77, 78, 77, 77, 77, 78, 75, 74, 74, 78, 76, 78, 77, 76, 78, 75,
    78 ]
