%YAML:1.0
---
videoName: "headShake1.mp4"
gestureLabel: 201
fps: 29
pixelSizeInCmTemp: 3.3263888888888887e-01
faceCenterPointX: 279
faceCenterPointY: 98
headPositionsX: [ 280, 277, 277, 278, 276, 279, 277, 279, 280, 280, 281,
    277, 279, 281, 277, 280, 278, 278, 278, 279, 280, 278, 279, 279, 278,
    277, 277, 280, 279, 281, 283, 290, 292, 294, 294, 292, 290, 290, 284,
    283, 279, 275, 271, 272, 268, 269, 272, 278, 280, 287, 288, 291, 291,
    293, 288, 285, 285, 279, 276, 269, 269, 268, 269, 268, 271, 276, 282,
    285, 291, 292, 291, 290, 291, 286, 283, 282, 279, 277, 273, 271, 269,
    274, 270, 274, 275, 277, 276, 278, 277, 279, 277, 282, 280, 279, 282,
    282, 281, 281, 281, 280 ]
headPositionsY: [ 98, 99, 99, 96, 97, 97, 98, 95, 98, 98, 96, 97, 95, 99,
    96, 98, 99, 98, 97, 97, 98, 99, 98, 96, 100, 96, 95, 98, 98, 96, 97,
    95, 97, 94, 98, 97, 97, 96, 97, 98, 96, 98, 97, 95, 97, 97, 94, 97,
    98, 95, 98, 94, 94, 98, 96, 94, 99, 96, 99, 96, 98, 95, 96, 97, 98,
    95, 98, 94, 98, 95, 93, 94, 96, 95, 96, 99, 95, 95, 95, 96, 98, 96,
    94, 96, 96, 98, 99, 96, 97, 97, 100, 96, 96, 99, 96, 97, 99, 99, 96,
    96 ]
