%YAML:1.0
---
videoName: "headShake30.mp4"
gestureLabel: 201
fps: 29
pixelSizeInCmTemp: 3.2808219178082193e-01
faceCenterPointX: 240
faceCenterPointY: 68
headPositionsX: [ 239, 235, 234, 232, 234, 233, 235, 230, 236, 235, 236,
    238, 239, 236, 241, 238, 241, 240, 242, 242, 243, 244, 241, 241, 244,
    242, 243, 244, 240, 242, 241, 239, 241, 240, 240, 238, 237, 242, 244,
    247, 251, 253, 258, 260, 257, 258, 260, 256, 248, 244, 237, 229, 226,
    226, 223, 226, 228, 234, 242, 245, 248, 251, 250, 251, 244, 242, 236,
    231, 230, 227, 227, 228, 230, 239, 244, 244, 247, 250, 253, 248, 246,
    243, 244, 240, 238, 233, 239, 236, 236, 238, 238, 238, 239, 241, 241,
    238, 242, 240, 239, 238 ]
headPositionsY: [ 68, 54, 56, 55, 58, 58, 59, 61, 60, 61, 64, 64, 62, 63,
    63, 67, 64, 67, 68, 67, 63, 65, 67, 65, 65, 65, 64, 65, 68, 66, 67,
    66, 65, 64, 68, 66, 66, 67, 68, 65, 66, 67, 67, 65, 64, 65, 66, 66,
    64, 66, 67, 64, 65, 69, 69, 69, 68, 68, 66, 67, 65, 65, 67, 68, 70,
    70, 69, 69, 68, 67, 68, 67, 67, 66, 67, 65, 65, 68, 67, 64, 64, 65,
    66, 68, 69, 68, 70, 68, 67, 67, 70, 66, 70, 68, 68, 65, 69, 67, 70,
    67 ]
