%YAML:1.0
---
videoName: "headShake0.mp4"
gestureLabel: 201
fps: 29
pixelSizeInCmTemp: 3.2808219178082193e-01
faceCenterPointX: 279
faceCenterPointY: 94
headPositionsX: [ 281, 277, 277, 278, 281, 279, 280, 277, 279, 277, 280,
    277, 281, 280, 278, 280, 281, 281, 280, 280, 280, 277, 277, 280, 279,
    278, 277, 279, 279, 281, 279, 279, 278, 280, 279, 279, 279, 279, 278,
    280, 279, 281, 285, 288, 291, 297, 299, 298, 299, 301, 296, 294, 288,
    281, 276, 275, 274, 274, 275, 275, 280, 286, 288, 289, 290, 286, 287,
    284, 276, 275, 275, 271, 275, 274, 278, 284, 286, 284, 282, 284, 281,
    277, 279, 275, 273, 277, 277, 279, 276, 277, 277, 279, 277, 281, 280,
    278, 277, 279, 281, 278 ]
headPositionsY: [ 96, 91, 94, 92, 91, 91, 93, 93, 91, 92, 93, 91, 93, 95,
    94, 91, 93, 94, 92, 95, 92, 92, 92, 95, 91, 95, 93, 94, 91, 91, 92,
    95, 93, 92, 92, 94, 95, 92, 94, 92, 95, 92, 90, 91, 90, 88, 93, 91,
    93, 89, 93, 91, 91, 93, 93, 93, 94, 91, 90, 92, 94, 91, 92, 90, 90,
    93, 94, 91, 91, 94, 94, 95, 94, 92, 93, 94, 91, 91, 91, 94, 93, 93,
    95, 93, 95, 92, 94, 95, 93, 95, 93, 95, 95, 95, 95, 92, 97, 94, 95,
    95 ]
