%YAML:1.0
---
videoName: "headShake37.mp4"
gestureLabel: 201
fps: 30
pixelSizeInCmTemp: 3.1933333333333330e-01
faceCenterPointX: 263
faceCenterPointY: 83
headPositionsX: [ 263, 259, 259, 263, 261, 260, 259, 264, 263, 264, 263,
    262, 260, 263, 262, 263, 262, 261, 261, 261, 262, 261, 260, 264, 264,
    262, 264, 261, 262, 264, 262, 260, 262, 261, 260, 264, 264, 261, 261,
    261, 262, 262, 259, 261, 262, 259, 259, 263, 266, 271, 272, 279, 281,
    282, 282, 279, 270, 267, 260, 255, 255, 252, 255, 257, 262, 269, 268,
    272, 271, 271, 268, 267, 263, 256, 254, 252, 252, 251, 255, 256, 259,
    261, 264, 265, 264, 268, 264, 268, 267, 266, 264, 265, 262, 266, 264,
    265, 264, 262, 264, 261 ]
headPositionsY: [ 82, 82, 81, 82, 83, 82, 82, 85, 85, 83, 84, 83, 85, 85,
    82, 85, 84, 82, 83, 82, 82, 83, 82, 85, 85, 83, 84, 83, 81, 84, 82,
    83, 83, 81, 81, 81, 82, 83, 85, 81, 82, 83, 81, 82, 83, 82, 83, 85,
    81, 81, 83, 81, 80, 81, 82, 84, 80, 82, 81, 82, 82, 81, 82, 80, 82,
    85, 79, 82, 80, 84, 81, 81, 84, 81, 85, 80, 81, 83, 81, 85, 85, 80,
    82, 83, 82, 84, 85, 82, 84, 83, 85, 84, 83, 81, 83, 81, 83, 81, 85,
    83 ]
