%YAML:1.0
---
videoName: "headShake42.mp4"
gestureLabel: 201
fps: 29
pixelSizeInCmTemp: 3.2808219178082193e-01
faceCenterPointX: 257
faceCenterPointY: 85
headPositionsX: [ 255, 273, 275, 275, 278, 275, 277, 277, 277, 275, 272,
    267, 265, 262, 258, 257, 251, 252, 249, 244, 245, 241, 242, 245, 244,
    246, 246, 252, 254, 257, 263, 268, 273, 276, 276, 281, 276, 276, 278,
    277, 275, 268, 266, 263, 261, 260, 254, 251, 249, 248, 247, 247, 243,
    248, 246, 246, 247, 251, 253, 254, 259, 261, 263, 267, 267, 270, 266,
    268, 270, 267, 266, 266, 268, 264, 265, 262, 262, 261, 260, 257, 258,
    255, 258, 258, 256, 258, 257, 258, 258, 256, 256, 257, 257, 259, 258,
    255, 258, 258, 258, 257 ]
headPositionsY: [ 83, 83, 83, 79, 84, 83, 84, 81, 80, 81, 82, 83, 84, 82,
    85, 82, 85, 86, 86, 85, 85, 85, 87, 86, 82, 83, 86, 86, 83, 84, 83,
    84, 83, 81, 85, 81, 83, 83, 83, 84, 84, 88, 88, 88, 86, 87, 85, 87,
    84, 88, 87, 85, 86, 84, 86, 86, 85, 85, 86, 87, 84, 83, 86, 86, 87,
    87, 84, 85, 85, 84, 86, 88, 87, 86, 84, 85, 87, 83, 86, 83, 87, 88,
    83, 85, 86, 87, 84, 86, 83, 88, 86, 87, 84, 85, 87, 85, 83, 84, 86,
    86 ]
