%YAML:1.0
---
videoName: "headShake30.mp4"
gestureLabel: 201
fps: 29
pixelSizeInCmTemp: 3.2808219178082193e-01
faceCenterPointX: 240
faceCenterPointY: 68
headPositionsX: [ 240, 232, 234, 235, 233, 231, 234, 234, 234, 235, 234,
    237, 239, 238, 240, 242, 240, 241, 245, 244, 242, 242, 244, 241, 246,
    243, 243, 245, 240, 242, 238, 238, 240, 241, 241, 238, 237, 242, 243,
    249, 251, 254, 259, 256, 259, 262, 256, 254, 252, 245, 239, 231, 229,
    225, 221, 224, 230, 232, 240, 245, 250, 253, 253, 252, 245, 243, 235,
    232, 229, 226, 227, 226, 233, 239, 244, 245, 249, 252, 253, 248, 249,
    243, 241, 240, 239, 233, 238, 238, 237, 238, 241, 240, 238, 242, 242,
    242, 240, 242, 238, 238 ]
headPositionsY: [ 70, 56, 57, 55, 57, 57, 60, 60, 63, 63, 64, 66, 66, 67,
    63, 64, 64, 67, 64, 63, 65, 64, 65, 65, 68, 67, 65, 65, 64, 66, 65,
    64, 64, 65, 65, 67, 68, 65, 68, 67, 65, 63, 65, 64, 64, 64, 66, 67,
    64, 69, 70, 64, 69, 69, 67, 70, 68, 71, 70, 70, 66, 65, 68, 69, 70,
    68, 70, 68, 69, 67, 68, 67, 70, 67, 67, 68, 65, 68, 68, 64, 64, 67,
    66, 69, 66, 67, 68, 68, 66, 69, 69, 68, 66, 67, 69, 65, 68, 70, 70,
    68 ]
