%YAML:1.0
---
videoName: "headShake6.mp4"
gestureLabel: 201
fps: 29
pixelSizeInCmTemp: 3.2808219178082193e-01
faceCenterPointX: 244
faceCenterPointY: 68
headPositionsX: [ 243, 245, 243, 246, 246, 246, 246, 243, 244, 246, 245,
    246, 247, 245, 246, 243, 244, 244, 244, 243, 247, 243, 243, 244, 244,
    244, 247, 246, 247, 255, 258, 257, 259, 262, 262, 258, 258, 250, 246,
    241, 238, 231, 231, 231, 234, 239, 242, 251, 253, 258, 256, 258, 254,
    256, 250, 245, 239, 236, 230, 230, 230, 234, 238, 240, 247, 246, 253,
    252, 249, 247, 245, 242, 241, 240, 237, 241, 237, 241, 239, 242, 240,
    243, 241, 243, 244, 245, 243, 244, 242, 244, 241, 244, 245, 244, 245,
    243, 246, 244, 245, 242 ]
headPositionsY: [ 67, 67, 66, 66, 64, 66, 68, 67, 66, 64, 67, 66, 67, 65,
    65, 65, 66, 68, 67, 67, 68, 68, 66, 68, 66, 66, 66, 69, 68, 67, 65,
    66, 63, 63, 67, 63, 65, 70, 66, 70, 69, 69, 66, 66, 69, 67, 66, 69,
    68, 67, 69, 66, 67, 66, 70, 71, 66, 67, 69, 65, 69, 68, 68, 66, 66,
    69, 66, 68, 67, 65, 67, 70, 68, 66, 69, 67, 66, 69, 69, 70, 68, 68,
    70, 66, 69, 70, 68, 66, 70, 70, 67, 71, 67, 70, 66, 69, 69, 68, 66,
    70 ]
