%YAML:1.0
---
videoName: "headShake9.mp4"
gestureLabel: 201
fps: 30
pixelSizeInCmTemp: 3.2808219178082193e-01
faceCenterPointX: 243
faceCenterPointY: 73
headPositionsX: [ 245, 246, 242, 244, 242, 241, 244, 245, 244, 243, 242,
    241, 240, 243, 245, 241, 241, 242, 243, 244, 240, 245, 243, 242, 241,
    244, 244, 245, 241, 245, 240, 241, 242, 242, 244, 242, 241, 241, 245,
    244, 248, 252, 254, 259, 261, 263, 266, 267, 259, 259, 251, 248, 244,
    238, 233, 231, 227, 231, 234, 238, 242, 247, 255, 256, 263, 263, 264,
    258, 253, 248, 244, 236, 233, 228, 229, 228, 229, 233, 238, 239, 243,
    247, 251, 250, 252, 249, 252, 248, 249, 248, 246, 247, 244, 244, 244,
    245, 244, 244, 241, 242 ]
headPositionsY: [ 71, 72, 73, 70, 70, 74, 73, 72, 72, 74, 71, 71, 74, 74,
    71, 75, 70, 74, 71, 71, 71, 71, 74, 70, 74, 72, 72, 74, 72, 74, 71,
    70, 71, 72, 73, 72, 74, 72, 72, 72, 70, 71, 73, 68, 72, 70, 71, 72,
    73, 72, 71, 71, 72, 73, 73, 70, 72, 71, 71, 72, 73, 70, 70, 69, 67,
    71, 71, 69, 73, 71, 70, 73, 72, 73, 74, 71, 74, 73, 71, 74, 72, 72,
    73, 70, 74, 75, 72, 71, 73, 71, 71, 75, 74, 74, 73, 71, 71, 74, 72,
    73 ]
