%YAML:1.0
---
videoName: "headShake4.mp4"
gestureLabel: 201
fps: 30
pixelSizeInCmTemp: 3.2364864864864862e-01
faceCenterPointX: 237
faceCenterPointY: 101
headPositionsX: [ 237, 244, 244, 250, 249, 255, 252, 255, 252, 249, 246,
    235, 231, 227, 226, 224, 225, 228, 236, 241, 250, 251, 254, 252, 248,
    248, 238, 236, 231, 226, 221, 222, 227, 231, 235, 242, 245, 252, 253,
    257, 254, 254, 245, 244, 236, 232, 230, 226, 226, 227, 225, 232, 231,
    237, 242, 246, 247, 246, 251, 246, 247, 244, 241, 238, 232, 232, 231,
    232, 228, 232, 233, 234, 234, 236, 241, 238, 240, 241, 239, 240, 242,
    238, 239, 240, 237, 237, 239, 235, 237, 240, 238, 237, 235, 235, 237,
    235, 238, 238, 236, 236 ]
headPositionsY: [ 102, 99, 96, 99, 99, 98, 99, 98, 100, 98, 99, 98, 100,
    99, 97, 97, 96, 98, 99, 99, 95, 98, 98, 98, 101, 102, 101, 100, 97,
    97, 98, 98, 99, 97, 102, 98, 99, 100, 99, 97, 97, 100, 101, 103, 99,
    101, 101, 99, 101, 98, 98, 98, 100, 103, 103, 98, 97, 101, 97, 100,
    101, 100, 102, 99, 102, 99, 102, 99, 100, 98, 102, 99, 99, 98, 102,
    99, 101, 100, 100, 100, 99, 103, 100, 102, 100, 101, 98, 101, 101,
    102, 99, 100, 99, 100, 100, 101, 101, 98, 101, 100 ]
