%YAML:1.0
---
videoName: "headShake28.mp4"
gestureLabel: 201
fps: 29
pixelSizeInCmTemp: 3.2808219178082193e-01
faceCenterPointX: 242
faceCenterPointY: 80
headPositionsX: [ 243, 241, 244, 241, 243, 241, 239, 243, 239, 243, 242,
    240, 239, 241, 243, 241, 242, 240, 242, 240, 240, 239, 243, 241, 242,
    243, 244, 240, 243, 242, 242, 244, 241, 241, 241, 241, 242, 241, 244,
    243, 243, 246, 242, 242, 244, 242, 244, 245, 242, 241, 237, 235, 231,
    228, 231, 231, 237, 245, 250, 250, 253, 255, 252, 249, 245, 241, 238,
    235, 234, 235, 237, 244, 250, 253, 250, 253, 251, 251, 248, 244, 243,
    238, 237, 237, 235, 239, 238, 241, 240, 243, 242, 244, 242, 244, 241,
    244, 242, 240, 242, 244 ]
headPositionsY: [ 81, 78, 75, 74, 76, 75, 75, 78, 79, 79, 77, 77, 76, 81,
    81, 80, 77, 80, 77, 76, 79, 76, 81, 79, 76, 81, 77, 81, 81, 81, 78,
    77, 81, 76, 80, 77, 79, 77, 78, 76, 78, 79, 79, 75, 76, 77, 77, 77,
    79, 78, 75, 76, 76, 77, 75, 77, 79, 78, 80, 78, 75, 75, 77, 78, 78,
    82, 80, 78, 78, 79, 78, 80, 80, 81, 75, 75, 79, 79, 80, 81, 80, 80,
    80, 80, 80, 77, 81, 81, 79, 81, 79, 78, 81, 81, 78, 78, 79, 78, 82,
    81 ]
