%YAML:1.0
---
videoName: "headShake18.mp4"
gestureLabel: 201
fps: 30
pixelSizeInCmTemp: 3.2808219178082193e-01
faceCenterPointX: 240
faceCenterPointY: 77
headPositionsX: [ 242, 239, 244, 244, 242, 240, 240, 241, 241, 241, 241,
    239, 244, 241, 239, 241, 239, 243, 241, 242, 242, 242, 239, 240, 241,
    242, 242, 238, 239, 238, 241, 240, 238, 237, 240, 243, 242, 245, 251,
    250, 250, 252, 250, 250, 246, 244, 240, 235, 231, 229, 230, 229, 237,
    237, 244, 245, 248, 251, 246, 246, 244, 241, 240, 234, 235, 233, 233,
    235, 237, 238, 242, 245, 247, 243, 243, 240, 242, 236, 237, 236, 237,
    239, 235, 237, 237, 242, 244, 242, 243, 241, 240, 241, 240, 239, 241,
    242, 240, 240, 240, 242 ]
headPositionsY: [ 77, 73, 74, 77, 77, 73, 74, 75, 73, 79, 74, 76, 75, 77,
    74, 74, 76, 77, 76, 77, 73, 78, 75, 74, 78, 76, 76, 74, 74, 77, 76,
    74, 78, 78, 76, 77, 76, 76, 77, 77, 78, 73, 75, 76, 79, 76, 75, 78,
    77, 78, 76, 78, 79, 77, 77, 77, 77, 78, 78, 77, 77, 78, 77, 75, 75,
    78, 77, 77, 76, 77, 75, 76, 76, 77, 80, 77, 78, 78, 75, 77, 76, 76,
    75, 77, 76, 78, 75, 78, 78, 77, 78, 75, 76, 76, 77, 76, 77, 79, 77,
    78 ]
