%YAML:1.0
---
videoName: "headShake2.mp4"
gestureLabel: 201
fps: 29
pixelSizeInCmTemp: 3.4214285714285714e-01
faceCenterPointX: 276
faceCenterPointY: 98
headPositionsX: [ 277, 276, 279, 279, 277, 277, 279, 278, 276, 277, 279,
    279, 275, 276, 275, 275, 276, 276, 276, 275, 275, 276, 279, 277, 279,
    276, 276, 277, 276, 278, 275, 279, 275, 279, 278, 277, 276, 279, 277,
    277, 276, 280, 281, 285, 285, 287, 293, 293, 294, 292, 291, 286, 285,
    278, 273, 270, 266, 262, 265, 265, 271, 280, 282, 290, 288, 291, 292,
    284, 284, 279, 277, 273, 269, 268, 268, 270, 277, 280, 283, 284, 286,
    287, 288, 285, 285, 279, 278, 276, 277, 275, 275, 276, 274, 273, 276,
    274, 274, 276, 275, 274 ]
headPositionsY: [ 99, 97, 100, 99, 98, 96, 99, 96, 100, 99, 97, 96, 98,
    97, 98, 99, 99, 97, 98, 96, 101, 100, 97, 99, 99, 100, 97, 99, 101,
    96, 98, 97, 99, 100, 100, 102, 96, 97, 97, 98, 99, 97, 97, 97, 95,
    98, 96, 98, 95, 96, 98, 99, 97, 96, 98, 95, 96, 96, 96, 97, 96, 97,
    99, 97, 97, 95, 95, 97, 96, 96, 97, 98, 98, 96, 96, 97, 96, 101, 96,
    96, 100, 98, 96, 99, 101, 99, 98, 98, 100, 97, 100, 100, 98, 102, 97,
    97, 97, 100, 101, 100 ]
