%YAML:1.0
---
videoName: "headShake7.mp4"
gestureLabel: 201
fps: 29
pixelSizeInCmTemp: 3.3263888888888887e-01
faceCenterPointX: 244
faceCenterPointY: 72
headPositionsX: [ 245, 245, 244, 244, 243, 241, 241, 245, 242, 242, 244,
    246, 252, 256, 258, 257, 261, 258, 259, 256, 251, 248, 242, 233, 234,
    234, 233, 242, 246, 252, 258, 258, 260, 256, 254, 248, 244, 239, 233,
    231, 227, 229, 232, 237, 242, 246, 252, 254, 256, 254, 255, 247, 245,
    240, 236, 231, 232, 229, 231, 235, 237, 243, 248, 252, 254, 254, 257,
    254, 251, 251, 249, 246, 239, 237, 234, 233, 235, 232, 235, 239, 241,
    239, 245, 243, 245, 245, 245, 246, 245, 248, 249, 245, 246, 243, 242,
    245, 244, 244, 242, 245 ]
headPositionsY: [ 72, 69, 70, 72, 72, 70, 70, 71, 72, 73, 71, 73, 68, 71,
    69, 70, 66, 69, 68, 69, 69, 69, 71, 69, 69, 73, 71, 70, 69, 69, 69,
    67, 69, 69, 69, 69, 73, 70, 72, 70, 70, 72, 71, 69, 73, 70, 69, 67,
    71, 71, 68, 70, 69, 72, 72, 71, 69, 67, 70, 70, 71, 70, 73, 68, 68,
    67, 68, 71, 69, 72, 71, 72, 70, 71, 70, 73, 69, 69, 70, 69, 70, 69,
    73, 70, 74, 73, 70, 70, 72, 73, 74, 69, 74, 72, 74, 72, 70, 71, 73,
    74 ]
