%YAML:1.0
---
videoName: "headShake10.mp4"
gestureLabel: 201
fps: 29
pixelSizeInCmTemp: 3.3732394366197183e-01
faceCenterPointX: 240
faceCenterPointY: 74
headPositionsX: [ 241, 244, 246, 246, 243, 247, 247, 243, 247, 245, 245,
    245, 248, 246, 244, 248, 246, 248, 247, 244, 244, 248, 247, 244, 248,
    244, 246, 244, 248, 248, 247, 246, 244, 247, 244, 246, 245, 246, 245,
    244, 244, 246, 247, 243, 244, 243, 247, 244, 244, 246, 248, 249, 251,
    251, 254, 259, 260, 262, 260, 259, 254, 250, 246, 243, 238, 236, 231,
    233, 231, 233, 235, 239, 247, 249, 252, 257, 256, 255, 257, 255, 253,
    249, 247, 246, 243, 239, 239, 243, 239, 239, 242, 241, 242, 242, 241,
    239, 242, 243, 242, 241 ]
headPositionsY: [ 76, 71, 72, 72, 71, 75, 73, 71, 75, 73, 71, 74, 72, 73,
    71, 71, 75, 72, 71, 73, 72, 71, 73, 75, 71, 72, 74, 75, 71, 72, 72,
    75, 76, 73, 74, 73, 74, 74, 73, 71, 71, 74, 72, 75, 74, 71, 74, 72,
    74, 72, 71, 74, 74, 72, 70, 72, 69, 71, 71, 71, 75, 74, 77, 76, 73,
    76, 73, 75, 74, 72, 74, 73, 72, 74, 71, 74, 71, 74, 74, 72, 73, 73,
    76, 77, 74, 77, 74, 74, 74, 74, 75, 75, 72, 74, 73, 77, 74, 75, 74,
    77 ]
