%YAML:1.0
---
videoName: "headShake3.mp4"
gestureLabel: 201
fps: 30
pixelSizeInCmTemp: 3.3263888888888887e-01
faceCenterPointX: 240
faceCenterPointY: 101
headPositionsX: [ 239, 244, 243, 240, 244, 240, 240, 243, 241, 239, 239,
    239, 240, 240, 241, 241, 243, 244, 239, 241, 240, 239, 243, 242, 242,
    241, 241, 242, 240, 241, 238, 239, 240, 241, 248, 250, 251, 254, 254,
    256, 255, 249, 246, 243, 239, 234, 230, 228, 230, 233, 232, 240, 245,
    247, 251, 249, 250, 244, 243, 237, 235, 227, 224, 225, 224, 227, 229,
    232, 239, 243, 247, 248, 245, 245, 242, 243, 240, 239, 236, 236, 234,
    233, 234, 232, 232, 238, 236, 237, 239, 236, 240, 242, 240, 243, 242,
    242, 242, 240, 243, 242 ]
headPositionsY: [ 100, 98, 100, 99, 97, 99, 98, 99, 99, 100, 100, 99,
    101, 98, 97, 100, 97, 100, 99, 101, 101, 100, 98, 100, 97, 99, 97,
    98, 98, 98, 97, 98, 97, 100, 97, 100, 95, 94, 97, 96, 98, 100, 97,
    98, 97, 99, 98, 97, 99, 99, 99, 98, 98, 96, 98, 97, 99, 100, 100,
    100, 98, 96, 99, 98, 96, 98, 97, 97, 101, 101, 101, 100, 96, 101, 98,
    101, 99, 101, 97, 102, 99, 97, 100, 99, 98, 102, 98, 102, 99, 102,
    103, 99, 98, 101, 99, 102, 101, 103, 99, 102 ]
