%YAML:1.0
---
videoName: "headShake34.mp4"
gestureLabel: 201
fps: 29
pixelSizeInCmTemp: 3.2364864864864862e-01
faceCenterPointX: 263
faceCenterPointY: 83
headPositionsX: [ 264, 264, 265, 267, 262, 266, 266, 266, 264, 263, 264,
    262, 263, 264, 264, 263, 264, 262, 262, 265, 265, 266, 267, 263, 266,
    265, 263, 265, 264, 264, 264, 262, 266, 266, 264, 266, 266, 265, 267,
    267, 272, 274, 275, 274, 276, 277, 279, 278, 277, 275, 270, 271, 262,
    260, 254, 253, 250, 251, 253, 256, 256, 262, 265, 265, 270, 271, 272,
    267, 263, 262, 258, 256, 254, 252, 257, 257, 259, 259, 263, 265, 264,
    263, 265, 263, 263, 264, 263, 263, 264, 265, 266, 265, 262, 262, 263,
    262, 265, 262, 262, 265 ]
headPositionsY: [ 84, 81, 82, 81, 82, 83, 82, 81, 82, 82, 84, 81, 83, 83,
    81, 81, 84, 82, 84, 84, 84, 81, 85, 82, 84, 81, 83, 83, 83, 82, 81,
    81, 85, 85, 83, 82, 82, 85, 81, 83, 80, 83, 82, 79, 83, 80, 83, 82,
    82, 81, 81, 84, 82, 81, 79, 82, 82, 84, 82, 84, 84, 85, 85, 83, 84,
    84, 85, 84, 84, 83, 84, 83, 84, 85, 81, 83, 83, 84, 83, 83, 82, 83,
    84, 84, 82, 85, 82, 83, 85, 84, 81, 85, 85, 82, 82, 85, 84, 84, 85,
    84 ]
