%YAML:1.0
---
videoName: "headShake23.mp4"
gestureLabel: 201
fps: 29
pixelSizeInCmTemp: 3.2808219178082193e-01
faceCenterPointX: 240
faceCenterPointY: 77
headPositionsX: [ 240, 240, 243, 244, 243, 242, 242, 242, 240, 243, 244,
    239, 240, 243, 239, 239, 241, 238, 239, 240, 239, 241, 244, 245, 250,
    250, 252, 256, 253, 256, 252, 253, 253, 252, 247, 244, 239, 236, 234,
    232, 232, 229, 229, 229, 230, 229, 233, 235, 234, 237, 244, 247, 248,
    251, 249, 250, 252, 251, 251, 249, 249, 248, 245, 246, 243, 242, 241,
    239, 234, 237, 234, 235, 235, 235, 233, 232, 237, 237, 237, 237, 239,
    239, 240, 242, 243, 245, 243, 244, 245, 246, 245, 244, 247, 244, 244,
    244, 245, 245, 241, 241 ]
headPositionsY: [ 78, 76, 76, 77, 75, 79, 79, 77, 78, 77, 78, 79, 75, 76,
    77, 77, 74, 78, 77, 79, 76, 77, 75, 76, 77, 75, 77, 78, 74, 78, 75,
    75, 78, 77, 79, 77, 77, 78, 75, 77, 75, 78, 78, 75, 78, 75, 77, 78,
    77, 76, 78, 78, 79, 75, 75, 77, 74, 76, 78, 74, 76, 76, 79, 77, 80,
    77, 79, 79, 77, 79, 80, 78, 76, 80, 76, 79, 76, 79, 78, 76, 76, 77,
    77, 78, 77, 78, 78, 76, 75, 77, 77, 80, 78, 77, 78, 79, 77, 77, 77,
    77 ]
