%YAML:1.0
---
videoName: "headShake49.mp4"
gestureLabel: 201
fps: 30
pixelSizeInCmTemp: 2.8855421686746985e-01
faceCenterPointX: 259
faceCenterPointY: 84
headPositionsX: [ 261, 262, 259, 259, 263, 263, 259, 262, 259, 258, 262,
    260, 261, 261, 259, 262, 263, 263, 259, 261, 263, 263, 258, 262, 262,
    262, 259, 259, 260, 261, 263, 263, 263, 267, 269, 275, 274, 279, 281,
    283, 283, 279, 269, 264, 261, 254, 249, 250, 248, 258, 259, 268, 273,
    272, 274, 266, 262, 257, 250, 249, 246, 250, 257, 262, 263, 271, 272,
    267, 263, 262, 255, 254, 256, 253, 258, 264, 264, 269, 271, 270, 265,
    264, 262, 260, 256, 257, 258, 259, 258, 261, 260, 261, 259, 261, 261,
    256, 258, 259, 260, 259 ]
headPositionsY: [ 84, 79, 83, 78, 82, 80, 81, 83, 79, 81, 79, 82, 79, 80,
    78, 80, 81, 79, 79, 82, 82, 83, 82, 80, 78, 81, 81, 81, 83, 82, 81,
    80, 81, 83, 82, 80, 79, 78, 78, 79, 80, 81, 80, 85, 83, 83, 83, 84,
    83, 84, 83, 85, 86, 84, 83, 82, 83, 86, 85, 82, 82, 86, 86, 84, 83,
    83, 86, 84, 83, 82, 86, 85, 84, 83, 86, 84, 86, 83, 83, 84, 85, 87,
    83, 85, 85, 85, 85, 83, 84, 87, 87, 82, 85, 84, 86, 84, 87, 86, 85,
    86 ]
