%YAML:1.0
---
videoName: "headShake19.mp4"
gestureLabel: 201
fps: 29
pixelSizeInCmTemp: 3.1933333333333330e-01
faceCenterPointX: 243
faceCenterPointY: 78
headPositionsX: [ 244, 243, 244, 244, 245, 243, 242, 242, 245, 243, 242,
    246, 242, 245, 243, 243, 243, 241, 244, 243, 240, 243, 244, 245, 244,
    244, 240, 240, 245, 244, 243, 240, 241, 244, 242, 242, 239, 235, 235,
    231, 232, 232, 236, 241, 249, 253, 258, 257, 255, 254, 247, 246, 238,
    232, 234, 231, 234, 232, 240, 241, 245, 247, 246, 248, 246, 244, 240,
    238, 235, 237, 234, 236, 235, 237, 240, 242, 243, 245, 245, 247, 244,
    242, 243, 240, 242, 243, 241, 240, 238, 242, 239, 242, 240, 241, 241,
    240, 246, 244, 244, 243 ]
headPositionsY: [ 76, 76, 77, 76, 74, 75, 77, 74, 78, 76, 76, 76, 74, 75,
    77, 74, 77, 74, 75, 75, 76, 75, 77, 78, 77, 78, 79, 77, 79, 78, 79,
    76, 75, 78, 76, 74, 76, 74, 75, 77, 77, 75, 78, 78, 79, 76, 77, 74,
    77, 74, 75, 76, 77, 74, 74, 74, 76, 76, 77, 78, 76, 76, 77, 78, 79,
    76, 77, 75, 77, 80, 75, 80, 79, 77, 76, 76, 77, 78, 75, 78, 80, 76,
    74, 76, 76, 78, 76, 77, 76, 77, 80, 76, 78, 80, 79, 79, 78, 80, 79,
    78 ]
