%YAML:1.0
---
videoName: "headShake31.mp4"
gestureLabel: 201
fps: 29
pixelSizeInCmTemp: 3.2808219178082193e-01
faceCenterPointX: 236
faceCenterPointY: 68
headPositionsX: [ 234, 239, 239, 236, 235, 239, 236, 238, 237, 238, 236,
    236, 238, 239, 236, 238, 237, 238, 238, 237, 237, 239, 236, 238, 237,
    239, 237, 239, 237, 237, 239, 238, 239, 237, 237, 233, 233, 238, 241,
    247, 249, 250, 251, 250, 252, 251, 247, 238, 232, 225, 221, 222, 223,
    226, 230, 232, 240, 246, 248, 249, 248, 242, 240, 236, 233, 229, 226,
    227, 230, 229, 233, 238, 241, 241, 244, 242, 243, 243, 243, 240, 239,
    236, 233, 233, 234, 237, 235, 237, 233, 235, 233, 235, 237, 235, 237,
    235, 237, 235, 238, 237 ]
headPositionsY: [ 69, 68, 66, 65, 65, 66, 67, 68, 65, 69, 68, 65, 66, 69,
    65, 66, 68, 67, 67, 66, 65, 68, 65, 68, 64, 66, 65, 68, 68, 65, 69,
    67, 66, 67, 66, 69, 65, 67, 65, 64, 64, 66, 68, 67, 66, 65, 70, 68,
    67, 69, 69, 67, 67, 72, 68, 71, 69, 69, 70, 67, 69, 71, 69, 69, 71,
    69, 69, 71, 66, 69, 70, 69, 70, 68, 68, 70, 68, 70, 69, 70, 70, 67,
    67, 69, 67, 71, 70, 70, 71, 70, 68, 70, 67, 67, 68, 69, 67, 67, 71,
    67 ]
