%YAML:1.0
---
videoName: "headShake20.mp4"
gestureLabel: 201
fps: 29
pixelSizeInCmTemp: 3.3263888888888887e-01
faceCenterPointX: 242
faceCenterPointY: 78
headPositionsX: [ 243, 246, 246, 243, 246, 241, 243, 242, 242, 245, 240,
    243, 245, 241, 243, 245, 244, 243, 245, 243, 243, 243, 242, 241, 244,
    241, 242, 244, 241, 245, 245, 244, 242, 244, 245, 244, 243, 244, 243,
    245, 246, 252, 256, 260, 261, 261, 257, 253, 248, 245, 235, 236, 233,
    232, 229, 231, 239, 246, 248, 251, 253, 253, 248, 246, 245, 238, 233,
    231, 229, 233, 233, 238, 239, 244, 245, 248, 245, 243, 242, 239, 241,
    239, 238, 239, 242, 241, 243, 241, 242, 246, 245, 245, 244, 242, 242,
    243, 244, 244, 239, 240 ]
headPositionsY: [ 79, 77, 75, 75, 76, 75, 74, 75, 74, 78, 77, 77, 77, 79,
    76, 74, 75, 76, 78, 76, 75, 76, 77, 74, 77, 75, 78, 77, 76, 76, 78,
    76, 74, 76, 75, 78, 75, 76, 77, 75, 78, 76, 76, 73, 76, 74, 74, 76,
    79, 74, 78, 78, 77, 75, 75, 75, 78, 74, 76, 76, 76, 73, 77, 76, 79,
    77, 79, 79, 75, 75, 76, 77, 75, 77, 78, 78, 76, 75, 76, 76, 79, 76,
    76, 78, 75, 77, 76, 77, 78, 76, 78, 77, 74, 79, 75, 79, 75, 79, 78,
    75 ]
