%YAML:1.0
---
videoName: "headShake10.mp4"
gestureLabel: 201
fps: 29
pixelSizeInCmTemp: 3.3732394366197183e-01
faceCenterPointX: 240
faceCenterPointY: 74
headPositionsX: [ 239, 248, 247, 247, 245, 248, 248, 244, 248, 245, 244,
    248, 246, 248, 245, 245, 245, 244, 244, 244, 248, 245, 245, 245, 247,
    248, 244, 248, 245, 248, 247, 246, 246, 248, 246, 245, 243, 246, 246,
    245, 247, 246, 245, 243, 247, 245, 244, 243, 245, 246, 244, 251, 249,
    251, 257, 258, 263, 259, 261, 259, 257, 254, 250, 243, 238, 234, 230,
    231, 231, 232, 238, 239, 246, 247, 256, 257, 257, 255, 254, 253, 251,
    250, 245, 244, 241, 241, 240, 242, 238, 239, 239, 240, 243, 242, 239,
    243, 240, 240, 243, 244 ]
headPositionsY: [ 72, 72, 74, 74, 74, 73, 73, 71, 74, 74, 72, 74, 73, 75,
    71, 72, 75, 75, 75, 75, 75, 73, 75, 71, 71, 74, 73, 71, 72, 71, 73,
    75, 73, 72, 75, 74, 71, 72, 73, 72, 71, 75, 74, 72, 73, 73, 74, 76,
    73, 75, 72, 72, 70, 71, 73, 71, 69, 72, 69, 71, 74, 71, 77, 74, 72,
    72, 76, 73, 73, 75, 73, 74, 72, 74, 73, 71, 75, 74, 71, 72, 75, 77,
    76, 76, 77, 74, 77, 76, 74, 74, 73, 77, 74, 74, 73, 74, 75, 76, 77,
    78 ]
