%YAML:1.0
---
videoName: "headShake30.mp4"
gestureLabel: 201
fps: 29
pixelSizeInCmTemp: 3.2808219178082193e-01
faceCenterPointX: 240
faceCenterPointY: 68
headPositionsX: [ 240, 235, 235, 233, 233, 235, 233, 233, 234, 233, 234,
    234, 236, 237, 241, 240, 239, 243, 241, 242, 244, 243, 244, 242, 244,
    244, 243, 244, 241, 240, 241, 241, 241, 239, 240, 238, 239, 238, 245,
    246, 248, 254, 255, 257, 257, 259, 259, 257, 249, 244, 239, 230, 229,
    226, 225, 223, 227, 234, 239, 245, 248, 252, 253, 253, 246, 240, 237,
    231, 229, 229, 226, 226, 234, 236, 242, 246, 247, 249, 250, 251, 246,
    242, 240, 240, 236, 236, 239, 235, 236, 239, 237, 238, 242, 241, 239,
    239, 238, 238, 242, 241 ]
headPositionsY: [ 70, 55, 54, 57, 60, 61, 60, 58, 59, 65, 65, 64, 64, 66,
    66, 66, 65, 65, 68, 63, 66, 66, 65, 64, 68, 66, 65, 67, 67, 66, 64,
    66, 68, 66, 65, 65, 65, 67, 64, 66, 67, 66, 64, 65, 64, 65, 65, 65,
    68, 65, 67, 66, 65, 66, 70, 69, 67, 71, 66, 67, 66, 67, 65, 67, 71,
    71, 66, 68, 68, 66, 69, 70, 69, 69, 70, 66, 67, 68, 66, 64, 67, 67,
    68, 67, 66, 66, 66, 68, 68, 66, 68, 66, 70, 66, 68, 68, 67, 66, 70,
    66 ]
