%YAML:1.0
---
videoName: "headShake3.mp4"
gestureLabel: 201
fps: 30
pixelSizeInCmTemp: 3.3263888888888887e-01
faceCenterPointX: 240
faceCenterPointY: 101
headPositionsX: [ 239, 244, 242, 240, 242, 243, 242, 242, 242, 240, 242,
    242, 241, 243, 244, 243, 240, 240, 239, 243, 241, 243, 240, 242, 240,
    239, 239, 242, 241, 242, 240, 240, 241, 240, 245, 247, 253, 257, 255,
    259, 255, 252, 248, 243, 237, 235, 229, 229, 228, 233, 234, 237, 243,
    246, 252, 251, 251, 245, 241, 237, 234, 229, 225, 223, 222, 229, 233,
    235, 239, 243, 244, 244, 246, 247, 242, 244, 238, 235, 235, 234, 232,
    230, 232, 232, 232, 236, 236, 235, 241, 239, 238, 241, 238, 243, 240,
    242, 239, 243, 241, 240 ]
headPositionsY: [ 100, 97, 99, 98, 99, 99, 100, 97, 100, 96, 98, 97, 97,
    98, 99, 101, 98, 100, 100, 100, 101, 100, 98, 98, 100, 97, 100, 99,
    97, 100, 100, 99, 100, 101, 96, 99, 96, 95, 96, 96, 96, 98, 99, 96,
    100, 97, 100, 99, 99, 98, 99, 99, 98, 97, 98, 101, 96, 100, 101, 98,
    101, 98, 98, 99, 99, 99, 96, 101, 97, 100, 97, 101, 100, 100, 99, 97,
    99, 99, 98, 100, 102, 100, 102, 102, 99, 100, 98, 99, 100, 100, 100,
    100, 99, 101, 102, 100, 101, 101, 102, 99 ]
