%YAML:1.0
---
videoName: "headShake40.mp4"
gestureLabel: 201
fps: 29
pixelSizeInCmTemp: 3.2808219178082193e-01
faceCenterPointX: 261
faceCenterPointY: 86
headPositionsX: [ 259, 259, 260, 263, 261, 261, 261, 263, 260, 258, 260,
    260, 261, 260, 264, 263, 258, 260, 259, 257, 260, 259, 263, 258, 259,
    258, 263, 260, 260, 256, 256, 255, 256, 253, 253, 255, 256, 260, 264,
    272, 273, 276, 280, 278, 278, 275, 273, 264, 261, 256, 249, 249, 247,
    249, 250, 251, 258, 260, 267, 267, 271, 270, 268, 267, 269, 261, 262,
    257, 259, 258, 256, 259, 259, 260, 261, 267, 264, 267, 264, 264, 267,
    266, 262, 262, 258, 261, 255, 258, 259, 258, 260, 259, 258, 258, 258,
    259, 259, 264, 263, 259 ]
headPositionsY: [ 84, 83, 81, 83, 84, 81, 81, 84, 82, 83, 84, 84, 86, 83,
    82, 86, 85, 83, 85, 81, 83, 84, 85, 83, 82, 83, 82, 85, 83, 84, 85,
    81, 82, 81, 85, 85, 81, 84, 82, 80, 82, 80, 79, 81, 82, 80, 81, 81,
    83, 85, 84, 85, 82, 82, 81, 85, 86, 85, 82, 84, 82, 81, 82, 83, 85,
    84, 83, 81, 85, 82, 84, 80, 83, 81, 80, 85, 85, 81, 85, 83, 81, 83,
    85, 84, 82, 86, 86, 83, 86, 83, 83, 86, 86, 83, 85, 85, 86, 87, 84,
    85 ]
