%YAML:1.0
---
videoName: "headShake24.mp4"
gestureLabel: 201
fps: 29
pixelSizeInCmTemp: 3.2808219178082193e-01
faceCenterPointX: 240
faceCenterPointY: 78
headPositionsX: [ 241, 249, 250, 254, 254, 252, 253, 252, 251, 251, 247,
    248, 242, 245, 240, 238, 234, 231, 231, 233, 230, 231, 230, 234, 233,
    233, 236, 239, 240, 243, 245, 247, 250, 250, 248, 252, 252, 249, 245,
    246, 246, 243, 241, 240, 239, 234, 236, 235, 233, 231, 236, 233, 235,
    237, 239, 240, 244, 244, 247, 244, 244, 247, 246, 249, 248, 249, 246,
    249, 247, 248, 246, 244, 244, 243, 239, 239, 238, 241, 239, 241, 237,
    238, 238, 240, 239, 241, 238, 238, 240, 237, 242, 240, 240, 238, 242,
    237, 238, 240, 242, 241 ]
headPositionsY: [ 78, 74, 75, 76, 75, 75, 77, 77, 75, 77, 75, 75, 77, 76,
    78, 76, 76, 79, 76, 75, 75, 79, 79, 79, 77, 80, 75, 79, 80, 77, 74,
    75, 78, 80, 76, 78, 78, 80, 77, 80, 78, 77, 79, 80, 76, 76, 79, 78,
    78, 78, 80, 79, 79, 77, 77, 80, 79, 75, 81, 79, 78, 76, 78, 75, 77,
    74, 78, 79, 79, 79, 75, 76, 78, 75, 80, 78, 80, 79, 76, 80, 79, 75,
    75, 80, 77, 77, 78, 77, 77, 76, 77, 78, 80, 76, 77, 79, 80, 76, 77,
    76 ]
