%YAML:1.0
---
videoName: "headShake15.mp4"
gestureLabel: 201
fps: 29
pixelSizeInCmTemp: 3.3263888888888887e-01
faceCenterPointX: 243
faceCenterPointY: 76
headPositionsX: [ 242, 243, 243, 245, 242, 242, 243, 246, 244, 242, 241,
    243, 241, 245, 244, 242, 242, 244, 244, 243, 243, 243, 241, 243, 242,
    241, 244, 244, 241, 242, 241, 241, 243, 242, 243, 241, 243, 244, 244,
    243, 243, 242, 242, 241, 241, 240, 246, 241, 243, 242, 245, 243, 242,
    241, 240, 241, 243, 243, 240, 242, 241, 245, 243, 246, 250, 252, 252,
    260, 257, 259, 254, 253, 251, 248, 243, 238, 236, 236, 238, 240, 239,
    242, 243, 245, 245, 244, 248, 244, 245, 244, 244, 241, 244, 240, 241,
    240, 244, 245, 244, 244 ]
headPositionsY: [ 77, 74, 78, 77, 76, 75, 73, 76, 73, 75, 75, 78, 75, 75,
    72, 74, 75, 74, 73, 75, 77, 76, 75, 75, 76, 74, 76, 75, 76, 74, 74,
    75, 75, 76, 73, 76, 78, 73, 76, 73, 74, 74, 74, 74, 73, 74, 77, 77,
    75, 76, 77, 78, 78, 77, 74, 75, 73, 77, 75, 74, 77, 75, 78, 76, 77,
    73, 72, 75, 75, 77, 74, 75, 78, 74, 78, 78, 76, 73, 76, 77, 76, 78,
    77, 76, 77, 77, 78, 76, 76, 76, 78, 79, 78, 75, 78, 78, 78, 78, 75,
    75 ]
