%YAML:1.0
---
videoName: "headShake12.mp4"
gestureLabel: 201
fps: 29
pixelSizeInCmTemp: 3.2808219178082193e-01
faceCenterPointX: 241
faceCenterPointY: 76
headPositionsX: [ 241, 239, 240, 240, 243, 240, 241, 240, 243, 239, 242,
    244, 241, 242, 243, 242, 244, 241, 241, 240, 243, 243, 244, 241, 241,
    243, 241, 243, 241, 242, 241, 243, 240, 244, 241, 242, 241, 242, 240,
    240, 241, 242, 243, 243, 244, 239, 240, 243, 242, 243, 243, 243, 243,
    241, 239, 241, 240, 241, 243, 246, 248, 252, 254, 256, 258, 258, 255,
    253, 249, 240, 235, 234, 230, 230, 237, 242, 247, 251, 251, 254, 252,
    252, 247, 247, 241, 240, 238, 238, 237, 237, 237, 236, 239, 241, 239,
    238, 240, 238, 239, 241 ]
headPositionsY: [ 75, 71, 71, 72, 72, 71, 76, 74, 76, 74, 72, 75, 74, 71,
    73, 71, 72, 74, 74, 76, 72, 75, 74, 73, 73, 77, 76, 72, 74, 74, 74,
    74, 75, 74, 72, 76, 76, 75, 74, 73, 73, 72, 76, 72, 76, 72, 76, 72,
    74, 75, 76, 76, 76, 73, 76, 75, 76, 73, 75, 73, 72, 73, 71, 74, 72,
    73, 75, 76, 77, 78, 76, 74, 74, 75, 75, 78, 76, 77, 77, 75, 74, 74,
    78, 76, 76, 77, 76, 77, 77, 77, 77, 73, 78, 74, 77, 75, 78, 77, 77,
    74 ]
