%YAML:1.0
---
videoName: "headShake15.mp4"
gestureLabel: 201
fps: 29
pixelSizeInCmTemp: 3.3263888888888887e-01
faceCenterPointX: 243
faceCenterPointY: 76
headPositionsX: [ 242, 242, 241, 242, 243, 246, 246, 242, 241, 244, 241,
    243, 245, 242, 245, 243, 244, 244, 241, 243, 245, 241, 242, 242, 241,
    241, 244, 244, 243, 240, 244, 242, 242, 244, 243, 245, 243, 241, 241,
    245, 243, 241, 242, 243, 241, 242, 246, 241, 244, 245, 242, 242, 244,
    242, 243, 243, 240, 244, 244, 242, 240, 242, 243, 248, 248, 254, 255,
    259, 258, 257, 255, 253, 250, 245, 245, 237, 238, 237, 239, 237, 241,
    244, 246, 246, 248, 248, 246, 244, 247, 244, 242, 240, 243, 241, 240,
    243, 241, 243, 244, 243 ]
headPositionsY: [ 74, 76, 75, 74, 74, 73, 73, 76, 74, 75, 77, 74, 77, 78,
    73, 73, 74, 73, 76, 76, 75, 74, 74, 76, 75, 74, 72, 77, 77, 76, 75,
    73, 74, 75, 74, 74, 77, 76, 76, 74, 75, 77, 77, 74, 75, 76, 75, 75,
    77, 75, 75, 75, 77, 73, 76, 77, 74, 76, 76, 74, 74, 77, 79, 78, 77,
    76, 74, 73, 74, 74, 74, 73, 78, 76, 78, 78, 77, 75, 75, 75, 77, 75,
    76, 78, 76, 76, 79, 77, 76, 79, 74, 75, 74, 76, 77, 77, 74, 75, 74,
    76 ]
