%YAML:1.0
---
videoName: "headShake33.mp4"
gestureLabel: 201
fps: 29
pixelSizeInCmTemp: 3.2364864864864862e-01
faceCenterPointX: 244
faceCenterPointY: 84
headPositionsX: [ 243, 246, 245, 245, 247, 246, 244, 243, 247, 245, 246,
    243, 243, 244, 246, 244, 243, 246, 247, 244, 247, 249, 246, 250, 250,
    253, 256, 258, 258, 263, 262, 264, 261, 260, 258, 258, 255, 247, 243,
    242, 236, 235, 230, 231, 227, 229, 227, 225, 230, 233, 231, 236, 243,
    243, 248, 250, 258, 258, 258, 260, 260, 257, 260, 255, 256, 249, 248,
    243, 240, 237, 238, 236, 233, 232, 230, 233, 234, 231, 235, 235, 237,
    239, 240, 240, 244, 244, 243, 246, 247, 249, 249, 244, 246, 247, 245,
    247, 243, 243, 243, 244 ]
headPositionsY: [ 86, 84, 83, 85, 81, 83, 83, 80, 84, 83, 81, 82, 84, 83,
    83, 82, 84, 85, 83, 80, 85, 81, 85, 82, 83, 83, 80, 80, 79, 82, 79,
    83, 82, 84, 79, 81, 84, 82, 84, 84, 80, 83, 82, 80, 84, 81, 82, 83,
    81, 81, 81, 85, 81, 82, 85, 81, 83, 82, 79, 79, 80, 81, 83, 84, 84,
    86, 81, 83, 85, 81, 83, 84, 82, 83, 84, 84, 84, 83, 83, 85, 82, 81,
    85, 81, 85, 82, 84, 81, 82, 86, 83, 86, 81, 83, 82, 86, 80, 84, 83,
    81 ]
