%YAML:1.0
---
videoName: "headShake28.mp4"
gestureLabel: 201
fps: 29
pixelSizeInCmTemp: 3.2808219178082193e-01
faceCenterPointX: 242
faceCenterPointY: 80
headPositionsX: [ 241, 243, 241, 239, 241, 241, 242, 243, 240, 243, 240,
    241, 242, 243, 241, 244, 241, 240, 243, 240, 242, 240, 241, 243, 241,
    244, 241, 240, 240, 242, 244, 241, 240, 241, 242, 241, 243, 241, 245,
    245, 242, 244, 245, 245, 243, 243, 245, 246, 244, 242, 239, 236, 232,
    231, 233, 231, 237, 242, 247, 251, 255, 257, 253, 249, 246, 239, 235,
    232, 234, 234, 240, 245, 247, 253, 251, 255, 253, 253, 248, 248, 243,
    239, 237, 237, 237, 237, 237, 237, 242, 242, 245, 241, 242, 241, 242,
    243, 244, 243, 241, 244 ]
headPositionsY: [ 80, 77, 79, 78, 79, 75, 79, 77, 79, 78, 77, 79, 80, 80,
    80, 80, 77, 76, 80, 79, 77, 78, 78, 77, 79, 80, 80, 81, 77, 79, 79,
    77, 77, 78, 78, 79, 79, 78, 79, 78, 78, 78, 77, 76, 78, 77, 79, 79,
    78, 78, 78, 76, 76, 76, 78, 79, 76, 79, 78, 76, 75, 77, 77, 79, 78,
    78, 80, 79, 76, 81, 78, 80, 78, 77, 76, 76, 77, 77, 77, 78, 78, 81,
    79, 78, 77, 78, 79, 79, 78, 78, 79, 80, 79, 78, 81, 79, 80, 82, 81,
    81 ]
