%YAML:1.0
---
videoName: "headShake18.mp4"
gestureLabel: 201
fps: 30
pixelSizeInCmTemp: 3.2808219178082193e-01
faceCenterPointX: 240
faceCenterPointY: 77
headPositionsX: [ 240, 239, 240, 241, 243, 241, 239, 241, 241, 243, 242,
    238, 241, 239, 243, 239, 242, 243, 243, 240, 243, 242, 241, 241, 242,
    240, 241, 240, 241, 242, 238, 240, 238, 241, 238, 243, 242, 245, 248,
    252, 252, 254, 251, 249, 247, 244, 237, 234, 234, 230, 228, 231, 238,
    241, 244, 246, 248, 250, 247, 248, 246, 242, 236, 233, 232, 234, 234,
    235, 238, 240, 245, 241, 246, 247, 244, 244, 238, 238, 237, 234, 237,
    238, 238, 239, 239, 240, 244, 244, 242, 242, 244, 243, 242, 238, 240,
    241, 240, 242, 238, 241 ]
headPositionsY: [ 75, 76, 75, 74, 74, 75, 77, 75, 74, 75, 76, 77, 76, 76,
    74, 74, 76, 77, 78, 76, 73, 75, 76, 76, 77, 74, 75, 75, 77, 76, 78,
    73, 75, 78, 76, 78, 77, 75, 76, 75, 77, 75, 75, 75, 75, 76, 78, 77,
    77, 78, 73, 78, 77, 79, 75, 76, 76, 78, 76, 78, 78, 78, 77, 76, 76,
    77, 75, 76, 76, 77, 76, 75, 78, 78, 79, 77, 78, 76, 76, 78, 78, 78,
    76, 77, 77, 76, 79, 76, 79, 77, 77, 79, 78, 75, 76, 76, 75, 79, 79,
    76 ]
