%YAML:1.0
---
videoName: "headShake30.mp4"
gestureLabel: 201
fps: 29
pixelSizeInCmTemp: 3.2808219178082193e-01
faceCenterPointX: 240
faceCenterPointY: 68
headPositionsX: [ 241, 233, 235, 234, 233, 231, 234, 231, 233, 234, 233,
    236, 239, 238, 238, 241, 240, 241, 245, 242, 243, 244, 241, 244, 244,
    243, 240, 244, 242, 243, 241, 242, 239, 238, 239, 239, 238, 239, 245,
    248, 250, 252, 256, 258, 259, 259, 260, 257, 250, 244, 239, 231, 227,
    222, 225, 226, 231, 232, 242, 247, 250, 253, 251, 251, 244, 241, 239,
    234, 230, 225, 230, 229, 230, 236, 242, 244, 248, 252, 251, 249, 246,
    246, 244, 236, 238, 235, 238, 237, 235, 237, 238, 242, 241, 242, 238,
    239, 239, 238, 241, 241 ]
headPositionsY: [ 69, 57, 55, 55, 58, 59, 58, 61, 62, 61, 62, 66, 62, 66,
    67, 67, 65, 64, 65, 66, 63, 65, 63, 65, 67, 63, 66, 64, 68, 65, 64,
    65, 64, 68, 66, 67, 68, 65, 67, 66, 63, 66, 65, 64, 64, 67, 66, 66,
    64, 65, 67, 65, 67, 69, 67, 70, 71, 71, 69, 68, 66, 65, 66, 66, 68,
    67, 69, 69, 69, 66, 67, 67, 69, 70, 70, 68, 67, 64, 68, 65, 66, 67,
    68, 67, 66, 69, 68, 67, 66, 67, 66, 67, 69, 67, 69, 67, 67, 69, 69,
    68 ]
