%YAML:1.0
---
videoName: "headShake11.mp4"
gestureLabel: 201
fps: 29
pixelSizeInCmTemp: 3.2364864864864862e-01
faceCenterPointX: 244
faceCenterPointY: 76
headPositionsX: [ 243, 240, 243, 241, 241, 243, 245, 242, 240, 241, 242,
    241, 241, 240, 242, 240, 243, 241, 243, 240, 243, 241, 242, 243, 241,
    240, 241, 244, 247, 251, 253, 259, 259, 263, 263, 262, 259, 260, 252,
    247, 244, 240, 233, 230, 229, 224, 229, 231, 233, 238, 244, 248, 253,
    260, 260, 259, 254, 255, 251, 243, 241, 234, 234, 231, 231, 230, 237,
    238, 243, 250, 253, 256, 260, 257, 259, 253, 252, 249, 243, 241, 238,
    233, 236, 234, 237, 236, 240, 242, 242, 247, 245, 246, 249, 247, 248,
    247, 243, 247, 246, 242 ]
headPositionsY: [ 78, 70, 70, 70, 71, 72, 71, 70, 75, 75, 75, 71, 72, 72,
    71, 75, 73, 71, 72, 75, 74, 74, 74, 72, 72, 74, 75, 73, 70, 72, 73,
    72, 69, 72, 72, 71, 75, 73, 73, 77, 75, 73, 76, 76, 76, 75, 75, 75,
    73, 77, 77, 73, 75, 75, 72, 71, 73, 74, 77, 78, 76, 75, 76, 73, 77,
    75, 77, 77, 77, 74, 76, 75, 72, 70, 75, 73, 72, 73, 77, 75, 74, 76,
    74, 72, 74, 76, 76, 73, 77, 74, 73, 75, 75, 75, 76, 73, 76, 77, 76,
    75 ]
