%YAML:1.0
---
videoName: "headShake44.mp4"
gestureLabel: 201
fps: 30
pixelSizeInCmTemp: 3.2808219178082193e-01
faceCenterPointX: 260
faceCenterPointY: 84
headPositionsX: [ 262, 264, 259, 261, 262, 261, 261, 263, 258, 259, 262,
    263, 260, 259, 259, 262, 260, 260, 262, 260, 259, 263, 259, 260, 263,
    259, 261, 260, 259, 258, 258, 263, 259, 262, 259, 259, 261, 259, 261,
    264, 267, 268, 273, 275, 276, 274, 270, 269, 264, 257, 252, 249, 248,
    253, 256, 262, 266, 269, 269, 271, 269, 260, 259, 254, 253, 256, 259,
    264, 267, 270, 270, 270, 265, 262, 259, 253, 252, 252, 253, 253, 256,
    259, 258, 260, 262, 263, 261, 261, 260, 262, 259, 261, 263, 263, 259,
    260, 260, 259, 261, 263 ]
headPositionsY: [ 84, 85, 83, 81, 81, 82, 83, 82, 82, 85, 82, 83, 85, 80,
    85, 82, 81, 83, 85, 84, 81, 80, 84, 81, 81, 80, 84, 85, 85, 83, 81,
    82, 84, 82, 84, 80, 85, 83, 84, 82, 82, 84, 81, 80, 80, 80, 82, 87,
    86, 83, 82, 83, 82, 85, 84, 84, 83, 82, 85, 86, 86, 86, 85, 86, 82,
    81, 84, 86, 83, 81, 85, 82, 85, 86, 83, 82, 84, 82, 86, 86, 82, 85,
    86, 85, 85, 86, 84, 85, 83, 85, 85, 84, 86, 85, 85, 86, 83, 87, 87,
    87 ]
