%YAML:1.0
---
videoName: "headShake33.mp4"
gestureLabel: 201
fps: 29
pixelSizeInCmTemp: 3.2364864864864862e-01
faceCenterPointX: 244
faceCenterPointY: 84
headPositionsX: [ 246, 244, 247, 244, 244, 244, 246, 245, 247, 244, 243,
    242, 245, 244, 247, 245, 244, 243, 243, 247, 247, 246, 246, 249, 250,
    252, 256, 259, 261, 262, 263, 264, 262, 262, 261, 256, 252, 250, 244,
    239, 236, 233, 230, 228, 229, 229, 227, 227, 226, 230, 232, 238, 241,
    245, 250, 254, 258, 260, 257, 262, 259, 259, 256, 258, 255, 253, 246,
    243, 240, 236, 234, 235, 231, 233, 232, 234, 230, 235, 234, 237, 237,
    237, 241, 243, 245, 244, 244, 245, 245, 249, 247, 245, 247, 247, 243,
    243, 242, 246, 246, 245 ]
headPositionsY: [ 82, 82, 83, 83, 84, 85, 83, 82, 83, 83, 81, 80, 81, 81,
    84, 83, 84, 82, 85, 80, 85, 81, 84, 84, 80, 82, 82, 79, 81, 81, 80,
    83, 79, 80, 83, 82, 83, 83, 82, 84, 84, 85, 83, 83, 81, 84, 83, 82,
    85, 82, 81, 82, 82, 85, 84, 80, 83, 79, 83, 82, 83, 83, 81, 80, 81,
    85, 83, 83, 85, 85, 82, 83, 83, 84, 80, 83, 84, 84, 83, 83, 85, 81,
    85, 83, 85, 85, 81, 81, 83, 82, 84, 82, 81, 82, 85, 83, 83, 84, 84,
    81 ]
