%YAML:1.0
---
videoName: "headShake25.mp4"
gestureLabel: 201
fps: 30
pixelSizeInCmTemp: 3.2364864864864862e-01
faceCenterPointX: 241
faceCenterPointY: 79
headPositionsX: [ 239, 252, 256, 254, 253, 250, 248, 247, 247, 241, 241,
    237, 238, 235, 231, 233, 232, 227, 227, 228, 229, 230, 233, 237, 240,
    242, 243, 245, 249, 247, 249, 250, 249, 246, 246, 244, 245, 242, 240,
    237, 235, 232, 230, 232, 230, 232, 231, 233, 235, 236, 238, 243, 243,
    246, 246, 248, 248, 248, 253, 251, 253, 251, 246, 248, 246, 242, 240,
    238, 239, 236, 233, 237, 236, 236, 236, 237, 235, 236, 234, 235, 237,
    239, 241, 240, 239, 243, 242, 242, 243, 241, 240, 244, 241, 241, 239,
    241, 242, 241, 243, 239 ]
headPositionsY: [ 79, 79, 79, 76, 77, 76, 77, 77, 78, 75, 77, 78, 78, 76,
    79, 76, 77, 80, 77, 76, 77, 78, 78, 76, 77, 78, 77, 79, 81, 76, 80,
    78, 78, 78, 78, 79, 80, 76, 77, 77, 80, 78, 78, 79, 80, 78, 76, 80,
    76, 77, 79, 79, 79, 78, 80, 80, 80, 75, 79, 77, 79, 80, 78, 81, 77,
    78, 79, 76, 80, 77, 80, 76, 77, 76, 76, 77, 79, 79, 78, 77, 81, 79,
    79, 78, 80, 81, 77, 79, 77, 79, 77, 81, 80, 77, 78, 77, 79, 81, 78,
    77 ]
