%YAML:1.0
---
videoName: "headShake27.mp4"
gestureLabel: 201
fps: 29
pixelSizeInCmTemp: 3.3263888888888887e-01
faceCenterPointX: 244
faceCenterPointY: 78
headPositionsX: [ 246, 245, 246, 250, 252, 254, 252, 253, 255, 255, 256,
    257, 254, 256, 253, 249, 248, 247, 242, 242, 240, 240, 236, 235, 234,
    234, 231, 233, 229, 231, 233, 233, 236, 237, 238, 240, 241, 243, 244,
    245, 246, 249, 251, 247, 251, 249, 248, 250, 246, 248, 245, 242, 242,
    239, 236, 235, 233, 232, 236, 233, 233, 235, 232, 233, 234, 238, 237,
    240, 240, 241, 243, 246, 243, 246, 247, 247, 248, 246, 246, 246, 247,
    245, 245, 246, 245, 248, 246, 245, 244, 246, 247, 244, 242, 244, 247,
    243, 244, 246, 247, 243 ]
headPositionsY: [ 76, 77, 77, 77, 77, 75, 77, 76, 75, 75, 75, 76, 78, 75,
    79, 79, 81, 79, 80, 77, 81, 78, 78, 81, 77, 81, 77, 80, 76, 79, 79,
    80, 80, 76, 80, 81, 77, 79, 79, 81, 80, 78, 78, 80, 78, 79, 82, 79,
    81, 78, 80, 80, 81, 79, 77, 79, 78, 76, 78, 79, 76, 80, 80, 78, 79,
    80, 79, 78, 79, 77, 78, 78, 78, 79, 78, 82, 81, 82, 81, 78, 79, 78,
    78, 81, 78, 80, 78, 79, 77, 78, 81, 79, 81, 82, 81, 81, 79, 81, 81,
    80 ]
