%YAML:1.0
---
videoName: "headShake41.mp4"
gestureLabel: 201
fps: 29
pixelSizeInCmTemp: 3.2364864864864862e-01
faceCenterPointX: 264
faceCenterPointY: 85
headPositionsX: [ 266, 262, 259, 260, 259, 261, 263, 260, 260, 263, 262,
    262, 259, 262, 262, 262, 261, 261, 263, 258, 263, 263, 263, 267, 264,
    270, 270, 272, 273, 277, 276, 279, 283, 282, 279, 284, 281, 279, 279,
    279, 274, 272, 264, 263, 258, 254, 253, 249, 248, 244, 245, 247, 244,
    244, 250, 251, 249, 253, 256, 261, 263, 266, 271, 275, 273, 276, 276,
    277, 278, 277, 277, 277, 273, 274, 272, 270, 269, 265, 267, 266, 265,
    263, 266, 261, 262, 263, 264, 264, 261, 264, 264, 264, 264, 264, 261,
    263, 264, 265, 261, 266 ]
headPositionsY: [ 87, 81, 83, 84, 85, 82, 84, 83, 82, 81, 83, 83, 81, 82,
    85, 84, 85, 83, 86, 83, 83, 83, 85, 86, 81, 84, 83, 84, 83, 83, 81,
    83, 79, 80, 81, 80, 79, 81, 82, 84, 83, 84, 84, 84, 85, 86, 84, 85,
    84, 83, 81, 86, 83, 85, 86, 85, 83, 82, 86, 86, 85, 82, 86, 83, 85,
    86, 83, 83, 83, 86, 82, 85, 82, 86, 87, 83, 86, 83, 83, 85, 86, 81,
    84, 84, 84, 84, 84, 85, 83, 83, 82, 84, 83, 82, 82, 82, 85, 85, 85,
    84 ]
