%YAML:1.0
---
videoName: "headShake1.mp4"
gestureLabel: 201
fps: 29
pixelSizeInCmTemp: 3.3263888888888887e-01
faceCenterPointX: 279
faceCenterPointY: 98
headPositionsX: [ 279, 278, 280, 277, 277, 278, 281, 279, 281, 281, 280,
    280, 280, 280, 276, 279, 277, 279, 280, 281, 281, 277, 280, 278, 278,
    280, 277, 282, 281, 283, 283, 288, 292, 293, 291, 291, 289, 289, 286,
    284, 278, 273, 271, 272, 267, 268, 270, 277, 280, 286, 290, 292, 291,
    291, 291, 285, 282, 277, 276, 269, 270, 267, 267, 270, 275, 276, 283,
    288, 291, 293, 290, 289, 290, 286, 283, 280, 278, 276, 271, 269, 268,
    272, 273, 272, 275, 275, 274, 276, 277, 280, 279, 280, 280, 281, 282,
    281, 282, 279, 279, 281 ]
headPositionsY: [ 98, 95, 95, 96, 98, 98, 95, 99, 99, 97, 96, 97, 96, 99,
    98, 95, 98, 97, 98, 95, 96, 97, 96, 99, 96, 98, 95, 95, 96, 98, 96,
    95, 94, 98, 97, 95, 93, 96, 96, 99, 96, 96, 94, 96, 95, 95, 97, 98,
    99, 94, 98, 96, 94, 96, 93, 98, 98, 98, 95, 94, 98, 94, 97, 96, 99,
    96, 99, 97, 94, 95, 94, 96, 94, 95, 98, 98, 99, 96, 96, 97, 95, 96,
    95, 98, 100, 99, 96, 99, 99, 98, 97, 99, 100, 99, 96, 100, 100, 100,
    99, 100 ]
