%YAML:1.0
---
videoName: "headShake30.mp4"
gestureLabel: 201
fps: 29
pixelSizeInCmTemp: 3.2808219178082193e-01
faceCenterPointX: 240
faceCenterPointY: 68
headPositionsX: [ 238, 233, 231, 233, 234, 235, 231, 230, 235, 237, 235,
    238, 239, 240, 238, 240, 241, 240, 243, 245, 243, 243, 244, 241, 245,
    241, 243, 242, 243, 240, 242, 241, 239, 238, 240, 237, 241, 240, 243,
    248, 251, 254, 257, 258, 258, 262, 258, 254, 252, 243, 239, 230, 226,
    224, 221, 225, 231, 232, 239, 244, 251, 254, 252, 251, 244, 242, 237,
    230, 227, 227, 228, 226, 231, 239, 241, 246, 248, 250, 250, 249, 248,
    242, 240, 236, 236, 235, 237, 239, 235, 238, 240, 241, 241, 242, 238,
    240, 242, 238, 239, 241 ]
headPositionsY: [ 69, 56, 57, 55, 57, 60, 62, 58, 63, 65, 63, 65, 62, 64,
    64, 67, 67, 66, 66, 65, 64, 66, 66, 66, 64, 67, 63, 64, 66, 64, 66,
    67, 66, 66, 66, 65, 68, 65, 67, 68, 65, 64, 66, 64, 66, 63, 64, 67,
    65, 66, 69, 66, 67, 70, 69, 67, 70, 70, 69, 69, 67, 65, 68, 70, 68,
    69, 68, 68, 67, 66, 71, 69, 68, 67, 66, 65, 66, 64, 69, 66, 66, 65,
    69, 67, 65, 69, 68, 70, 65, 68, 68, 66, 68, 68, 67, 65, 68, 67, 70,
    70 ]
