%YAML:1.0
---
videoName: "headShake29.mp4"
gestureLabel: 201
fps: 29
pixelSizeInCmTemp: 3.3263888888888887e-01
faceCenterPointX: 243
faceCenterPointY: 76
headPositionsX: [ 243, 240, 241, 242, 241, 242, 241, 244, 241, 244, 243,
    241, 242, 243, 243, 240, 242, 240, 245, 240, 245, 243, 240, 242, 240,
    239, 238, 239, 238, 238, 242, 247, 249, 251, 256, 254, 253, 251, 249,
    244, 237, 231, 229, 229, 226, 228, 235, 236, 242, 247, 249, 250, 251,
    250, 251, 247, 243, 236, 232, 229, 229, 231, 231, 233, 239, 239, 246,
    249, 251, 254, 250, 253, 251, 244, 243, 238, 236, 234, 234, 234, 236,
    233, 235, 238, 239, 236, 238, 243, 242, 243, 242, 242, 243, 245, 241,
    243, 241, 245, 240, 243 ]
headPositionsY: [ 76, 76, 77, 78, 74, 76, 77, 76, 76, 76, 77, 76, 74, 76,
    74, 77, 78, 78, 75, 78, 75, 79, 76, 78, 77, 77, 78, 78, 76, 77, 76,
    78, 78, 73, 75, 73, 75, 76, 75, 75, 76, 76, 73, 79, 76, 77, 77, 78,
    78, 76, 75, 77, 75, 75, 77, 79, 74, 74, 75, 77, 74, 75, 78, 74, 78,
    76, 77, 78, 77, 75, 74, 75, 75, 77, 77, 76, 75, 75, 75, 74, 76, 74,
    73, 74, 77, 76, 78, 75, 75, 76, 74, 78, 75, 74, 75, 79, 76, 75, 76,
    75 ]
