%YAML:1.0
---
videoName: "headShake11.mp4"
gestureLabel: 201
fps: 29
pixelSizeInCmTemp: 3.2364864864864862e-01
faceCenterPointX: 244
faceCenterPointY: 76
headPositionsX: [ 244, 243, 240, 241, 241, 243, 242, 244, 240, 241, 242,
    244, 241, 244, 240, 243, 244, 240, 241, 243, 241, 244, 241, 241, 244,
    241, 243, 244, 249, 249, 255, 259, 259, 260, 260, 264, 260, 257, 251,
    247, 244, 238, 234, 228, 229, 226, 227, 232, 233, 242, 248, 252, 256,
    259, 261, 256, 255, 255, 250, 243, 239, 235, 230, 233, 229, 231, 235,
    239, 241, 250, 250, 256, 256, 260, 259, 257, 255, 246, 243, 240, 238,
    234, 233, 233, 233, 239, 240, 243, 246, 248, 248, 246, 249, 248, 248,
    248, 244, 248, 245, 243 ]
headPositionsY: [ 78, 71, 72, 74, 71, 74, 75, 72, 71, 73, 74, 73, 74, 73,
    73, 75, 72, 74, 71, 73, 73, 73, 75, 71, 71, 72, 72, 71, 73, 73, 74,
    71, 73, 72, 71, 73, 71, 72, 74, 73, 75, 75, 73, 75, 76, 76, 74, 76,
    76, 77, 77, 72, 74, 71, 72, 72, 71, 73, 76, 76, 77, 78, 77, 76, 74,
    77, 75, 74, 75, 76, 75, 72, 72, 72, 74, 71, 75, 77, 78, 73, 74, 75,
    74, 74, 72, 72, 73, 73, 76, 77, 74, 73, 75, 76, 74, 76, 73, 75, 74,
    73 ]
