%YAML:1.0
---
videoName: "headShake5.mp4"
gestureLabel: 201
fps: 30
pixelSizeInCmTemp: 3.3263888888888887e-01
faceCenterPointX: 275
faceCenterPointY: 73
headPositionsX: [ 273, 276, 277, 275, 279, 275, 278, 280, 276, 278, 278,
    279, 280, 276, 279, 278, 280, 279, 275, 277, 278, 278, 278, 279, 278,
    275, 278, 276, 278, 279, 278, 276, 278, 282, 280, 284, 288, 294, 294,
    296, 297, 291, 291, 287, 276, 271, 264, 263, 263, 264, 270, 275, 283,
    286, 288, 292, 288, 285, 282, 272, 269, 263, 261, 263, 268, 268, 275,
    278, 284, 286, 283, 281, 281, 280, 273, 270, 267, 266, 267, 268, 268,
    270, 273, 277, 280, 281, 284, 283, 279, 283, 281, 278, 278, 274, 273,
    274, 273, 274, 276, 276 ]
headPositionsY: [ 75, 72, 71, 72, 74, 71, 74, 72, 75, 73, 71, 75, 75, 74,
    76, 73, 75, 71, 73, 72, 74, 73, 75, 72, 75, 73, 73, 75, 74, 73, 72,
    74, 72, 74, 75, 75, 71, 70, 71, 72, 70, 72, 70, 74, 72, 72, 73, 73,
    72, 74, 75, 76, 77, 76, 75, 71, 75, 72, 73, 75, 78, 75, 74, 75, 75,
    73, 75, 72, 71, 76, 76, 72, 75, 77, 76, 75, 75, 72, 73, 73, 75, 72,
    73, 71, 75, 73, 72, 70, 70, 71, 71, 75, 73, 73, 74, 74, 71, 74, 73,
    73 ]
