%YAML:1.0
---
videoName: "headShake7.mp4"
gestureLabel: 201
fps: 29
pixelSizeInCmTemp: 3.3263888888888887e-01
faceCenterPointX: 244
faceCenterPointY: 72
headPositionsX: [ 246, 245, 241, 245, 244, 241, 242, 244, 240, 242, 246,
    246, 250, 252, 258, 256, 262, 258, 259, 253, 252, 247, 242, 235, 233,
    233, 236, 240, 246, 251, 255, 256, 259, 258, 253, 251, 245, 239, 234,
    229, 228, 229, 228, 236, 239, 248, 248, 253, 257, 257, 253, 249, 247,
    243, 237, 231, 231, 227, 232, 235, 240, 242, 249, 253, 255, 254, 258,
    253, 252, 249, 246, 244, 239, 237, 237, 235, 236, 236, 233, 236, 239,
    241, 242, 246, 244, 248, 247, 245, 247, 248, 248, 243, 247, 247, 245,
    246, 243, 241, 243, 241 ]
headPositionsY: [ 73, 70, 73, 73, 72, 73, 70, 69, 69, 74, 72, 72, 69, 68,
    71, 70, 68, 70, 71, 69, 70, 72, 68, 70, 73, 71, 73, 72, 72, 70, 67,
    69, 67, 71, 69, 69, 73, 69, 71, 69, 73, 70, 72, 73, 70, 70, 71, 69,
    69, 68, 71, 73, 71, 72, 73, 71, 70, 69, 70, 70, 73, 72, 70, 70, 70,
    69, 67, 71, 68, 72, 69, 71, 69, 70, 73, 71, 71, 72, 69, 70, 72, 71,
    73, 72, 74, 69, 72, 69, 73, 72, 70, 73, 71, 70, 74, 73, 71, 71, 71,
    70 ]
