%YAML:1.0
---
videoName: "headShake24.mp4"
gestureLabel: 201
fps: 29
pixelSizeInCmTemp: 3.2808219178082193e-01
faceCenterPointX: 240
faceCenterPointY: 78
headPositionsX: [ 241, 250, 252, 250, 252, 254, 254, 252, 255, 251, 248,
    245, 243, 242, 238, 235, 237, 232, 234, 231, 232, 230, 230, 233, 233,
    233, 238, 240, 241, 242, 245, 246, 248, 249, 248, 250, 249, 248, 246,
    248, 243, 244, 242, 241, 238, 236, 235, 235, 236, 235, 234, 233, 238,
    235, 237, 239, 244, 242, 244, 244, 246, 247, 245, 249, 247, 249, 248,
    246, 245, 247, 246, 245, 240, 242, 241, 238, 237, 239, 240, 237, 240,
    238, 241, 241, 238, 239, 239, 240, 241, 241, 238, 242, 240, 241, 241,
    237, 242, 240, 242, 242 ]
headPositionsY: [ 77, 78, 74, 74, 73, 74, 76, 74, 77, 76, 78, 77, 79, 80,
    77, 76, 78, 75, 78, 75, 78, 79, 78, 79, 79, 78, 76, 77, 77, 76, 77,
    79, 77, 78, 78, 80, 80, 80, 80, 80, 77, 79, 79, 78, 77, 75, 76, 77,
    78, 76, 80, 80, 78, 79, 77, 80, 79, 75, 80, 77, 78, 78, 78, 79, 75,
    78, 76, 78, 77, 78, 75, 80, 77, 79, 77, 75, 79, 77, 79, 80, 77, 76,
    79, 76, 76, 78, 78, 78, 78, 80, 76, 77, 76, 76, 76, 78, 80, 78, 79,
    76 ]
