%YAML:1.0
---
videoName: "headShake43.mp4"
gestureLabel: 201
fps: 29
pixelSizeInCmTemp: 3.2808219178082193e-01
faceCenterPointX: 257
faceCenterPointY: 84
headPositionsX: [ 255, 262, 262, 261, 260, 260, 258, 260, 262, 259, 263,
    261, 259, 262, 260, 259, 260, 262, 261, 259, 262, 260, 260, 261, 263,
    262, 262, 263, 267, 272, 273, 274, 277, 280, 278, 285, 280, 277, 276,
    277, 271, 266, 260, 257, 251, 250, 244, 246, 241, 241, 250, 251, 257,
    261, 265, 272, 273, 272, 273, 272, 273, 266, 261, 257, 249, 248, 244,
    242, 241, 245, 247, 250, 256, 259, 262, 268, 269, 269, 269, 268, 270,
    267, 264, 265, 262, 260, 258, 258, 260, 259, 258, 258, 255, 258, 255,
    258, 257, 254, 256, 257 ]
headPositionsY: [ 85, 84, 83, 84, 85, 84, 85, 87, 87, 83, 87, 84, 87, 87,
    85, 87, 84, 85, 84, 86, 85, 86, 88, 87, 87, 84, 82, 86, 86, 82, 84,
    83, 82, 81, 84, 84, 82, 81, 85, 83, 85, 85, 86, 86, 83, 85, 83, 85,
    82, 82, 86, 85, 82, 83, 82, 85, 84, 84, 81, 84, 85, 82, 82, 83, 81,
    81, 82, 83, 85, 82, 85, 87, 82, 85, 85, 83, 81, 84, 85, 82, 85, 84,
    85, 85, 82, 84, 84, 82, 83, 84, 84, 85, 83, 82, 83, 83, 83, 85, 84,
    85 ]
