%YAML:1.0
---
videoName: "headShake23.mp4"
gestureLabel: 201
fps: 29
pixelSizeInCmTemp: 3.2808219178082193e-01
faceCenterPointX: 240
faceCenterPointY: 77
headPositionsX: [ 238, 243, 243, 243, 242, 245, 239, 241, 241, 243, 244,
    242, 241, 243, 241, 241, 243, 240, 240, 237, 242, 243, 246, 248, 248,
    248, 253, 254, 256, 257, 255, 254, 252, 248, 250, 245, 242, 240, 235,
    229, 233, 230, 229, 227, 231, 232, 231, 233, 238, 238, 242, 244, 246,
    252, 251, 252, 252, 254, 250, 250, 248, 249, 246, 242, 240, 243, 237,
    239, 238, 238, 234, 232, 232, 233, 233, 236, 233, 236, 239, 236, 239,
    242, 238, 240, 243, 245, 243, 244, 245, 245, 247, 247, 247, 242, 244,
    243, 244, 241, 243, 243 ]
headPositionsY: [ 79, 75, 76, 78, 75, 79, 77, 75, 76, 74, 79, 77, 76, 80,
    79, 78, 74, 76, 76, 77, 77, 75, 79, 79, 77, 76, 77, 75, 78, 78, 75,
    74, 78, 77, 80, 79, 75, 78, 75, 74, 77, 75, 78, 75, 78, 77, 78, 77,
    76, 78, 78, 75, 77, 77, 78, 79, 74, 75, 77, 74, 78, 76, 78, 79, 77,
    81, 78, 77, 77, 79, 76, 77, 77, 77, 77, 77, 80, 80, 78, 78, 76, 78,
    76, 75, 78, 76, 77, 80, 76, 78, 76, 77, 76, 75, 76, 79, 79, 77, 79,
    76 ]
