%YAML:1.0
---
videoName: "headShake38.mp4"
gestureLabel: 201
fps: 29
pixelSizeInCmTemp: 3.2808219178082193e-01
faceCenterPointX: 259
faceCenterPointY: 84
headPositionsX: [ 257, 264, 265, 263, 265, 261, 265, 263, 265, 263, 264,
    262, 265, 262, 261, 264, 263, 262, 264, 263, 265, 264, 262, 262, 265,
    262, 261, 261, 261, 260, 262, 263, 263, 265, 263, 262, 261, 264, 263,
    260, 263, 259, 260, 257, 256, 252, 250, 248, 249, 250, 257, 266, 271,
    277, 279, 276, 270, 262, 254, 248, 247, 247, 253, 261, 266, 269, 270,
    271, 268, 260, 251, 250, 245, 250, 250, 252, 258, 263, 264, 268, 268,
    271, 268, 264, 266, 264, 262, 259, 261, 260, 260, 261, 258, 258, 262,
    260, 262, 260, 258, 259 ]
headPositionsY: [ 86, 82, 84, 83, 81, 82, 84, 83, 86, 80, 85, 85, 82, 84,
    84, 84, 85, 86, 83, 85, 84, 84, 82, 83, 82, 84, 82, 81, 84, 84, 85,
    81, 84, 84, 81, 86, 83, 86, 84, 83, 81, 82, 85, 85, 82, 83, 84, 80,
    83, 82, 84, 86, 82, 83, 83, 80, 83, 85, 84, 85, 84, 82, 83, 85, 83,
    85, 86, 82, 82, 86, 85, 84, 86, 82, 81, 84, 83, 84, 83, 84, 86, 87,
    82, 87, 86, 86, 86, 82, 84, 83, 83, 84, 85, 82, 84, 82, 83, 83, 84,
    84 ]
