%YAML:1.0
---
videoName: "headShake6.mp4"
gestureLabel: 201
fps: 29
pixelSizeInCmTemp: 3.2808219178082193e-01
faceCenterPointX: 244
faceCenterPointY: 68
headPositionsX: [ 243, 244, 244, 244, 243, 247, 245, 243, 248, 245, 243,
    246, 245, 246, 247, 244, 245, 244, 244, 243, 245, 247, 243, 246, 246,
    243, 247, 247, 248, 253, 258, 256, 262, 263, 264, 260, 259, 252, 248,
    242, 234, 231, 230, 229, 234, 241, 242, 247, 255, 258, 258, 260, 255,
    253, 247, 244, 237, 235, 232, 231, 232, 234, 237, 241, 248, 249, 249,
    250, 250, 249, 244, 242, 242, 241, 237, 238, 240, 240, 241, 240, 240,
    240, 242, 245, 242, 245, 245, 242, 244, 244, 243, 246, 246, 242, 242,
    244, 246, 244, 244, 242 ]
headPositionsY: [ 69, 65, 67, 65, 67, 64, 66, 68, 67, 64, 64, 65, 67, 68,
    69, 66, 68, 65, 66, 68, 66, 67, 69, 67, 66, 68, 69, 68, 67, 69, 67,
    67, 65, 64, 67, 64, 67, 69, 66, 67, 68, 66, 70, 66, 70, 70, 69, 70,
    67, 68, 67, 66, 65, 67, 66, 68, 70, 67, 70, 65, 69, 69, 67, 67, 68,
    69, 66, 68, 69, 65, 68, 68, 66, 70, 65, 67, 66, 69, 67, 70, 68, 66,
    66, 70, 66, 68, 69, 67, 69, 68, 69, 67, 66, 71, 66, 70, 69, 70, 70,
    69 ]
