%YAML:1.0
---
videoName: "headShake46.mp4"
gestureLabel: 201
fps: 30
pixelSizeInCmTemp: 3.2364864864864862e-01
faceCenterPointX: 262
faceCenterPointY: 85
headPositionsX: [ 260, 258, 260, 259, 262, 261, 262, 262, 259, 259, 259,
    263, 258, 259, 262, 262, 260, 259, 262, 261, 259, 259, 260, 261, 261,
    260, 260, 259, 258, 263, 265, 266, 274, 277, 278, 276, 275, 272, 265,
    257, 254, 252, 251, 254, 255, 262, 269, 269, 269, 266, 264, 259, 256,
    253, 253, 261, 264, 266, 269, 265, 267, 262, 261, 256, 256, 262, 262,
    265, 269, 267, 266, 266, 262, 258, 258, 259, 259, 265, 265, 265, 266,
    263, 262, 261, 261, 261, 259, 262, 259, 261, 260, 259, 260, 260, 261,
    260, 263, 262, 260, 262 ]
headPositionsY: [ 83, 84, 85, 83, 86, 84, 84, 83, 87, 84, 84, 86, 85, 84,
    83, 84, 86, 87, 83, 86, 86, 86, 84, 81, 86, 84, 86, 82, 84, 84, 85,
    82, 82, 82, 83, 83, 81, 82, 85, 86, 84, 84, 87, 83, 85, 84, 87, 86,
    86, 83, 86, 83, 87, 86, 86, 84, 85, 87, 83, 85, 84, 85, 88, 85, 83,
    84, 85, 83, 85, 84, 86, 84, 86, 84, 83, 87, 82, 82, 83, 86, 84, 86,
    83, 85, 84, 86, 82, 83, 85, 84, 86, 82, 83, 86, 84, 84, 85, 86, 86,
    86 ]
