%YAML:1.0
---
videoName: "headShake43.mp4"
gestureLabel: 201
fps: 29
pixelSizeInCmTemp: 3.2808219178082193e-01
faceCenterPointX: 257
faceCenterPointY: 84
headPositionsX: [ 256, 261, 258, 261, 258, 258, 260, 261, 258, 258, 261,
    258, 259, 261, 261, 258, 258, 258, 259, 260, 259, 258, 262, 259, 259,
    261, 263, 267, 268, 269, 271, 272, 279, 280, 277, 285, 283, 277, 276,
    275, 270, 266, 264, 257, 251, 246, 246, 246, 242, 243, 246, 253, 256,
    262, 266, 270, 272, 275, 275, 272, 271, 264, 261, 257, 250, 244, 247,
    241, 243, 247, 249, 252, 253, 261, 265, 267, 269, 270, 270, 269, 269,
    266, 265, 263, 265, 260, 260, 258, 256, 256, 255, 255, 256, 256, 258,
    254, 259, 254, 257, 256 ]
headPositionsY: [ 82, 85, 87, 83, 85, 87, 86, 86, 85, 85, 88, 84, 84, 87,
    83, 86, 87, 86, 83, 84, 85, 87, 84, 84, 83, 83, 85, 84, 83, 83, 82,
    85, 82, 81, 85, 84, 85, 83, 85, 83, 83, 83, 86, 86, 84, 84, 85, 82,
    85, 83, 83, 86, 85, 87, 82, 85, 83, 81, 83, 84, 81, 86, 83, 86, 82,
    81, 80, 81, 81, 85, 83, 87, 85, 83, 87, 82, 81, 82, 82, 83, 85, 85,
    84, 85, 82, 84, 84, 85, 86, 83, 84, 84, 84, 82, 84, 86, 82, 83, 84,
    81 ]
