%YAML:1.0
---
videoName: "headShake15.mp4"
gestureLabel: 201
fps: 29
pixelSizeInCmTemp: 3.3263888888888887e-01
faceCenterPointX: 243
faceCenterPointY: 76
headPositionsX: [ 244, 245, 245, 241, 244, 244, 242, 244, 241, 242, 241,
    242, 244, 243, 242, 245, 243, 242, 242, 243, 241, 244, 243, 244, 240,
    242, 242, 244, 245, 242, 244, 241, 242, 243, 243, 242, 243, 242, 242,
    243, 242, 240, 242, 245, 243, 240, 244, 240, 244, 245, 243, 242, 244,
    241, 241, 241, 243, 244, 242, 240, 240, 245, 247, 245, 249, 253, 252,
    257, 258, 256, 258, 254, 250, 245, 244, 238, 240, 235, 239, 237, 238,
    241, 245, 244, 247, 248, 245, 244, 247, 245, 241, 242, 244, 240, 241,
    242, 241, 241, 242, 242 ]
headPositionsY: [ 77, 77, 77, 73, 74, 77, 77, 78, 76, 74, 75, 75, 76, 75,
    73, 74, 74, 75, 75, 74, 77, 75, 76, 76, 72, 74, 76, 76, 75, 74, 76,
    75, 75, 72, 76, 75, 78, 74, 73, 74, 74, 73, 77, 74, 73, 77, 78, 73,
    78, 76, 75, 77, 77, 76, 77, 73, 75, 78, 78, 75, 74, 75, 79, 74, 74,
    72, 71, 75, 73, 75, 77, 75, 78, 77, 78, 78, 75, 74, 78, 75, 76, 79,
    79, 78, 76, 74, 80, 74, 77, 76, 76, 77, 76, 76, 75, 77, 78, 75, 75,
    78 ]
