%YAML:1.0
---
videoName: "headShake19.mp4"
gestureLabel: 201
fps: 29
pixelSizeInCmTemp: 3.1933333333333330e-01
faceCenterPointX: 243
faceCenterPointY: 78
headPositionsX: [ 241, 245, 244, 246, 244, 243, 240, 243, 243, 244, 244,
    246, 244, 241, 245, 241, 244, 242, 242, 243, 243, 244, 243, 242, 244,
    245, 243, 241, 244, 241, 243, 241, 241, 244, 242, 238, 238, 235, 233,
    232, 235, 232, 237, 244, 246, 254, 254, 259, 256, 253, 248, 244, 238,
    236, 232, 231, 232, 235, 239, 241, 247, 248, 250, 248, 247, 242, 242,
    238, 235, 234, 237, 235, 235, 241, 241, 243, 246, 246, 247, 246, 245,
    246, 241, 240, 241, 239, 238, 239, 242, 241, 242, 244, 241, 240, 243,
    244, 245, 243, 245, 245 ]
headPositionsY: [ 77, 78, 78, 77, 75, 76, 74, 76, 78, 74, 76, 78, 78, 79,
    79, 77, 75, 77, 76, 76, 74, 76, 74, 77, 76, 75, 76, 74, 77, 75, 79,
    76, 77, 78, 77, 78, 76, 75, 75, 79, 76, 75, 78, 75, 77, 77, 74, 76,
    75, 75, 76, 75, 77, 74, 78, 78, 76, 75, 79, 76, 75, 78, 75, 74, 77,
    76, 76, 77, 79, 78, 79, 79, 78, 77, 77, 77, 78, 78, 79, 80, 80, 79,
    77, 76, 79, 78, 79, 80, 79, 79, 80, 79, 76, 77, 76, 79, 76, 77, 78,
    78 ]
