%YAML:1.0
---
videoName: "headShake0.mp4"
gestureLabel: 201
fps: 29
pixelSizeInCmTemp: 3.2808219178082193e-01
faceCenterPointX: 279
faceCenterPointY: 94
headPositionsX: [ 280, 280, 280, 281, 280, 279, 280, 280, 279, 280, 281,
    279, 277, 277, 277, 278, 281, 279, 281, 278, 279, 277, 281, 277, 278,
    281, 279, 280, 277, 278, 278, 281, 280, 278, 279, 278, 281, 278, 277,
    280, 278, 283, 286, 285, 292, 297, 299, 300, 301, 298, 297, 291, 288,
    283, 277, 274, 274, 272, 273, 279, 281, 287, 291, 291, 291, 290, 287,
    280, 278, 276, 273, 274, 275, 276, 280, 281, 286, 283, 286, 283, 282,
    279, 276, 275, 277, 274, 277, 277, 276, 277, 278, 277, 280, 279, 281,
    278, 281, 281, 281, 278 ]
headPositionsY: [ 92, 91, 91, 91, 94, 91, 94, 95, 95, 93, 94, 92, 93, 92,
    93, 91, 93, 95, 92, 91, 96, 94, 93, 94, 91, 94, 95, 91, 92, 92, 90,
    95, 95, 95, 95, 95, 93, 91, 93, 92, 94, 94, 92, 93, 93, 89, 91, 89,
    91, 90, 90, 90, 93, 91, 91, 92, 92, 94, 91, 94, 93, 91, 92, 93, 90,
    94, 91, 95, 93, 92, 93, 94, 90, 95, 95, 91, 94, 93, 94, 93, 96, 94,
    92, 92, 93, 93, 95, 93, 92, 93, 95, 97, 96, 92, 95, 96, 95, 93, 92,
    95 ]
