%YAML:1.0
---
videoName: "headShake3.mp4"
gestureLabel: 201
fps: 30
pixelSizeInCmTemp: 3.3263888888888887e-01
faceCenterPointX: 240
faceCenterPointY: 101
headPositionsX: [ 239, 243, 240, 239, 243, 240, 243, 239, 241, 243, 239,
    242, 242, 239, 244, 241, 242, 243, 241, 241, 241, 242, 241, 240, 240,
    239, 239, 241, 241, 241, 236, 238, 240, 243, 245, 248, 254, 256, 256,
    257, 254, 251, 246, 241, 238, 232, 229, 230, 228, 231, 231, 236, 244,
    248, 251, 252, 250, 248, 245, 236, 234, 227, 226, 224, 224, 228, 229,
    232, 241, 243, 244, 246, 243, 245, 246, 242, 241, 235, 233, 234, 235,
    232, 236, 232, 235, 237, 235, 237, 239, 239, 242, 241, 239, 241, 239,
    239, 239, 241, 241, 240 ]
headPositionsY: [ 101, 100, 100, 99, 100, 97, 99, 98, 101, 99, 100, 97,
    99, 99, 99, 98, 97, 98, 97, 101, 97, 97, 102, 97, 98, 97, 100, 97,
    98, 99, 100, 97, 100, 99, 100, 97, 99, 95, 98, 99, 99, 98, 99, 100,
    101, 99, 101, 98, 96, 99, 97, 99, 99, 98, 98, 97, 97, 96, 99, 100,
    101, 96, 96, 97, 99, 98, 96, 98, 98, 101, 99, 99, 96, 98, 98, 98, 99,
    101, 101, 98, 98, 101, 98, 98, 99, 101, 100, 98, 101, 102, 101, 99,
    98, 98, 100, 101, 103, 102, 102, 98 ]
