%YAML:1.0
---
videoName: "headShake28.mp4"
gestureLabel: 201
fps: 29
pixelSizeInCmTemp: 3.2808219178082193e-01
faceCenterPointX: 242
faceCenterPointY: 80
headPositionsX: [ 242, 243, 242, 242, 242, 241, 243, 243, 241, 243, 242,
    238, 242, 244, 244, 242, 241, 240, 240, 244, 242, 243, 243, 240, 240,
    240, 242, 242, 244, 241, 243, 242, 242, 242, 241, 244, 243, 243, 242,
    241, 242, 246, 243, 245, 246, 244, 244, 247, 245, 242, 241, 234, 232,
    227, 232, 235, 240, 244, 249, 253, 257, 255, 252, 250, 247, 242, 236,
    232, 234, 237, 238, 243, 249, 251, 254, 255, 254, 252, 248, 247, 240,
    240, 237, 239, 234, 235, 238, 241, 239, 241, 243, 241, 242, 245, 244,
    243, 240, 241, 244, 243 ]
headPositionsY: [ 79, 78, 76, 78, 77, 79, 75, 75, 78, 79, 81, 77, 80, 78,
    81, 77, 79, 80, 77, 76, 80, 76, 78, 77, 79, 78, 77, 77, 78, 80, 78,
    78, 77, 78, 80, 78, 77, 79, 76, 76, 80, 75, 78, 77, 75, 78, 76, 79,
    75, 78, 77, 77, 77, 75, 75, 77, 76, 75, 80, 76, 74, 74, 79, 80, 78,
    82, 79, 78, 80, 78, 79, 80, 80, 77, 77, 79, 77, 80, 80, 79, 79, 80,
    81, 80, 79, 79, 79, 78, 80, 81, 78, 81, 81, 79, 79, 80, 79, 80, 80,
    80 ]
