%YAML:1.0
---
videoName: "headShake1.mp4"
gestureLabel: 201
fps: 29
pixelSizeInCmTemp: 3.3263888888888887e-01
faceCenterPointX: 279
faceCenterPointY: 98
headPositionsX: [ 277, 280, 278, 280, 277, 279, 278, 278, 280, 280, 281,
    281, 278, 277, 276, 279, 278, 281, 278, 279, 281, 281, 281, 278, 280,
    281, 279, 281, 283, 283, 287, 288, 290, 294, 291, 293, 292, 286, 288,
    284, 280, 276, 274, 268, 271, 272, 270, 275, 280, 284, 286, 293, 291,
    290, 290, 286, 285, 280, 273, 270, 269, 264, 269, 271, 272, 278, 284,
    287, 290, 293, 293, 292, 289, 290, 285, 283, 277, 276, 271, 271, 267,
    274, 269, 272, 271, 273, 277, 275, 276, 279, 280, 280, 281, 282, 279,
    279, 280, 279, 280, 278 ]
headPositionsY: [ 99, 95, 95, 97, 95, 98, 97, 99, 99, 99, 95, 98, 97, 96,
    98, 96, 95, 95, 97, 95, 97, 97, 98, 99, 100, 98, 95, 95, 96, 97, 98,
    97, 96, 96, 95, 93, 95, 93, 95, 96, 100, 95, 97, 99, 94, 99, 93, 98,
    97, 96, 98, 94, 96, 97, 93, 95, 97, 99, 95, 98, 95, 96, 93, 96, 99,
    95, 96, 95, 97, 95, 97, 96, 98, 96, 99, 96, 95, 99, 95, 95, 97, 98,
    98, 98, 98, 100, 99, 100, 97, 96, 98, 95, 98, 97, 98, 96, 98, 101,
    96, 96 ]
