%YAML:1.0
---
videoName: "headShake29.mp4"
gestureLabel: 201
fps: 29
pixelSizeInCmTemp: 3.3263888888888887e-01
faceCenterPointX: 243
faceCenterPointY: 76
headPositionsX: [ 241, 240, 244, 245, 243, 241, 244, 243, 242, 242, 243,
    243, 243, 243, 242, 240, 244, 242, 243, 241, 243, 244, 244, 243, 241,
    241, 238, 237, 238, 241, 245, 248, 249, 252, 256, 257, 254, 251, 248,
    241, 240, 235, 231, 230, 230, 232, 234, 239, 244, 249, 251, 254, 254,
    253, 247, 245, 241, 237, 234, 231, 230, 229, 231, 235, 238, 242, 248,
    252, 253, 251, 252, 249, 249, 247, 243, 238, 237, 235, 232, 233, 232,
    233, 236, 237, 239, 238, 238, 241, 240, 241, 242, 242, 241, 243, 241,
    246, 244, 243, 243, 243 ]
headPositionsY: [ 76, 74, 73, 75, 77, 74, 76, 76, 74, 75, 75, 78, 75, 77,
    75, 74, 77, 74, 75, 78, 78, 78, 77, 74, 78, 78, 77, 78, 74, 76, 77,
    74, 75, 75, 72, 77, 75, 77, 73, 77, 79, 76, 76, 77, 77, 76, 76, 76,
    79, 77, 78, 77, 76, 75, 75, 79, 75, 76, 76, 77, 75, 75, 75, 78, 78,
    75, 75, 75, 73, 78, 75, 76, 78, 77, 77, 75, 76, 76, 76, 74, 74, 74,
    76, 75, 78, 74, 78, 75, 79, 76, 74, 76, 79, 74, 75, 76, 79, 76, 74,
    79 ]
