%YAML:1.0
---
videoName: "headShake18.mp4"
gestureLabel: 201
fps: 30
pixelSizeInCmTemp: 3.2808219178082193e-01
faceCenterPointX: 240
faceCenterPointY: 77
headPositionsX: [ 240, 243, 243, 244, 241, 243, 240, 241, 243, 241, 242,
    242, 240, 242, 242, 239, 239, 239, 242, 241, 243, 241, 240, 239, 238,
    242, 238, 242, 239, 240, 240, 238, 238, 241, 239, 242, 245, 244, 251,
    249, 254, 254, 248, 248, 246, 241, 238, 234, 232, 229, 231, 233, 238,
    238, 243, 244, 247, 251, 246, 246, 246, 238, 240, 235, 232, 235, 234,
    234, 237, 241, 245, 241, 247, 246, 245, 244, 239, 236, 239, 234, 234,
    238, 237, 239, 238, 241, 243, 241, 243, 245, 244, 240, 244, 238, 242,
    241, 238, 240, 241, 242 ]
headPositionsY: [ 79, 73, 76, 75, 77, 77, 77, 75, 76, 75, 77, 77, 75, 78,
    77, 74, 76, 75, 77, 75, 75, 77, 75, 75, 75, 78, 74, 74, 75, 78, 78,
    76, 75, 75, 77, 76, 77, 74, 74, 75, 74, 76, 77, 78, 79, 75, 76, 77,
    75, 74, 74, 76, 78, 78, 78, 76, 75, 74, 75, 76, 74, 77, 77, 78, 79,
    78, 76, 78, 77, 76, 79, 77, 77, 79, 78, 78, 76, 79, 78, 74, 77, 78,
    75, 77, 75, 78, 75, 80, 77, 80, 79, 75, 79, 75, 78, 76, 79, 77, 79,
    76 ]
