%YAML:1.0
---
videoName: "headShake36.mp4"
gestureLabel: 201
fps: 29
pixelSizeInCmTemp: 3.2364864864864862e-01
faceCenterPointX: 263
faceCenterPointY: 80
headPositionsX: [ 264, 266, 262, 261, 265, 262, 265, 266, 272, 271, 272,
    275, 276, 282, 278, 284, 286, 279, 282, 278, 275, 270, 271, 268, 260,
    259, 255, 255, 253, 249, 245, 248, 245, 244, 247, 244, 249, 248, 251,
    254, 259, 260, 266, 270, 272, 273, 277, 278, 278, 279, 280, 279, 278,
    279, 273, 273, 272, 268, 260, 259, 253, 252, 251, 252, 250, 249, 248,
    249, 253, 253, 256, 258, 261, 262, 262, 266, 267, 267, 266, 266, 265,
    265, 266, 267, 266, 267, 265, 266, 267, 266, 262, 261, 263, 261, 262,
    261, 264, 265, 262, 261 ]
headPositionsY: [ 82, 79, 81, 80, 81, 80, 81, 81, 78, 79, 79, 80, 77, 79,
    75, 75, 78, 75, 78, 78, 78, 80, 79, 82, 79, 82, 81, 79, 78, 82, 82,
    80, 80, 80, 80, 79, 81, 78, 83, 79, 80, 82, 84, 82, 77, 76, 80, 80,
    77, 77, 79, 76, 78, 78, 77, 78, 81, 80, 79, 82, 80, 78, 81, 79, 79,
    79, 81, 80, 80, 79, 83, 82, 78, 82, 81, 79, 80, 79, 78, 83, 79, 80,
    78, 78, 83, 79, 82, 79, 81, 79, 82, 82, 81, 79, 79, 81, 79, 78, 78,
    80 ]
