%YAML:1.0
---
videoName: "headShake5.mp4"
gestureLabel: 201
fps: 30
pixelSizeInCmTemp: 3.3263888888888887e-01
faceCenterPointX: 275
faceCenterPointY: 73
headPositionsX: [ 273, 278, 280, 278, 276, 277, 281, 278, 278, 277, 276,
    280, 278, 279, 280, 280, 276, 279, 279, 276, 277, 280, 276, 275, 279,
    275, 278, 275, 279, 277, 279, 276, 277, 280, 280, 286, 287, 293, 295,
    295, 293, 293, 288, 286, 276, 270, 264, 262, 265, 263, 268, 276, 281,
    285, 291, 288, 290, 283, 282, 275, 267, 265, 261, 265, 269, 270, 274,
    282, 285, 282, 286, 281, 279, 278, 275, 271, 266, 268, 267, 266, 270,
    272, 274, 278, 281, 281, 283, 282, 282, 279, 281, 278, 277, 278, 275,
    276, 276, 274, 273, 274 ]
headPositionsY: [ 72, 71, 72, 74, 75, 74, 75, 75, 71, 75, 74, 72, 73, 71,
    74, 72, 73, 74, 71, 73, 75, 71, 73, 75, 74, 71, 74, 72, 74, 75, 73,
    71, 72, 72, 71, 72, 70, 72, 73, 70, 74, 74, 72, 72, 76, 72, 73, 72,
    71, 74, 72, 76, 73, 72, 75, 74, 75, 76, 76, 75, 75, 75, 74, 76, 74,
    74, 76, 76, 71, 73, 76, 74, 73, 76, 75, 73, 73, 71, 71, 71, 74, 74,
    73, 74, 75, 75, 71, 71, 74, 70, 74, 73, 74, 75, 70, 73, 75, 75, 75,
    74 ]
