%YAML:1.0
---
videoName: "headShake16.mp4"
gestureLabel: 201
fps: 29
pixelSizeInCmTemp: 3.2364864864864862e-01
faceCenterPointX: 242
faceCenterPointY: 77
headPositionsX: [ 243, 244, 246, 244, 245, 242, 244, 245, 245, 245, 246,
    242, 241, 243, 244, 242, 245, 245, 242, 243, 244, 241, 242, 242, 243,
    243, 241, 242, 241, 244, 240, 244, 242, 240, 242, 239, 242, 242, 247,
    246, 251, 252, 256, 256, 255, 249, 250, 242, 240, 239, 235, 234, 236,
    239, 239, 241, 246, 249, 250, 247, 250, 248, 245, 243, 240, 241, 237,
    233, 235, 234, 235, 235, 239, 241, 242, 244, 245, 246, 243, 245, 242,
    239, 241, 238, 241, 237, 239, 238, 238, 242, 242, 242, 241, 244, 244,
    243, 241, 241, 243, 242 ]
headPositionsY: [ 77, 76, 78, 76, 76, 77, 77, 78, 73, 77, 76, 76, 77, 77,
    75, 76, 76, 77, 75, 75, 75, 76, 75, 76, 75, 75, 73, 78, 74, 78, 75,
    74, 77, 76, 77, 76, 76, 79, 75, 78, 75, 77, 73, 77, 73, 73, 75, 75,
    78, 75, 77, 76, 75, 76, 76, 79, 75, 74, 75, 78, 76, 75, 78, 75, 79,
    75, 74, 78, 78, 78, 76, 78, 74, 76, 76, 75, 76, 77, 79, 75, 79, 77,
    76, 77, 79, 76, 76, 76, 77, 79, 74, 78, 75, 77, 79, 76, 76, 77, 76,
    76 ]
