%YAML:1.0
---
videoName: "headShake48.mp4"
gestureLabel: 201
fps: 29
pixelSizeInCmTemp: 3.1103896103896100e-01
faceCenterPointX: 258
faceCenterPointY: 85
headPositionsX: [ 260, 259, 259, 260, 258, 258, 258, 261, 260, 258, 260,
    260, 258, 258, 261, 262, 257, 257, 259, 257, 261, 257, 259, 258, 261,
    260, 258, 260, 256, 260, 262, 261, 258, 258, 260, 264, 265, 270, 272,
    276, 277, 274, 270, 268, 262, 253, 252, 247, 245, 247, 251, 257, 265,
    267, 269, 269, 266, 261, 253, 251, 250, 248, 251, 256, 260, 263, 269,
    264, 265, 263, 256, 252, 251, 250, 247, 251, 256, 262, 263, 267, 268,
    265, 263, 264, 262, 258, 260, 259, 260, 259, 261, 258, 259, 256, 259,
    258, 258, 261, 260, 257 ]
headPositionsY: [ 85, 79, 77, 80, 79, 77, 77, 77, 78, 81, 78, 79, 80, 79,
    83, 81, 81, 82, 79, 83, 83, 80, 80, 79, 83, 81, 82, 81, 80, 82, 84,
    83, 82, 79, 81, 84, 84, 81, 84, 82, 81, 85, 84, 83, 82, 81, 81, 81,
    82, 85, 84, 84, 84, 87, 83, 84, 87, 88, 84, 86, 87, 86, 84, 88, 86,
    88, 83, 86, 87, 84, 87, 88, 84, 88, 84, 84, 86, 86, 85, 86, 84, 86,
    85, 84, 85, 87, 85, 87, 87, 87, 88, 84, 87, 85, 84, 87, 85, 84, 86,
    83 ]
