%YAML:1.0
---
videoName: "headShake46.mp4"
gestureLabel: 201
fps: 30
pixelSizeInCmTemp: 3.2364864864864862e-01
faceCenterPointX: 262
faceCenterPointY: 85
headPositionsX: [ 261, 261, 261, 262, 262, 258, 259, 258, 262, 260, 262,
    261, 261, 261, 260, 260, 258, 262, 260, 258, 261, 261, 260, 258, 260,
    260, 258, 258, 260, 260, 263, 266, 273, 273, 278, 276, 275, 274, 266,
    257, 253, 253, 251, 250, 253, 260, 269, 270, 267, 266, 262, 257, 254,
    252, 255, 260, 264, 267, 268, 269, 264, 260, 259, 259, 259, 260, 265,
    265, 269, 270, 268, 266, 263, 258, 257, 259, 262, 261, 264, 265, 264,
    265, 263, 260, 261, 263, 261, 260, 262, 263, 259, 261, 258, 263, 258,
    260, 262, 260, 261, 259 ]
headPositionsY: [ 83, 85, 82, 83, 82, 82, 84, 85, 87, 86, 82, 84, 84, 83,
    83, 82, 86, 87, 86, 85, 86, 86, 86, 85, 86, 84, 86, 82, 82, 85, 85,
    82, 82, 81, 84, 81, 85, 85, 84, 85, 87, 84, 83, 85, 85, 85, 83, 82,
    83, 86, 84, 86, 84, 87, 85, 87, 83, 87, 84, 83, 85, 83, 85, 85, 83,
    87, 83, 84, 86, 84, 86, 83, 87, 82, 83, 86, 83, 82, 84, 83, 83, 85,
    83, 87, 82, 87, 83, 84, 86, 85, 84, 84, 84, 85, 85, 83, 85, 86, 86,
    86 ]
