%YAML:1.0
---
videoName: "headShake34.mp4"
gestureLabel: 201
fps: 29
pixelSizeInCmTemp: 3.2364864864864862e-01
faceCenterPointX: 263
faceCenterPointY: 83
headPositionsX: [ 261, 262, 262, 265, 261, 262, 263, 266, 262, 263, 263,
    262, 265, 266, 266, 265, 266, 265, 266, 264, 265, 264, 267, 265, 266,
    263, 265, 264, 263, 264, 265, 265, 266, 264, 262, 264, 267, 265, 269,
    268, 270, 274, 273, 276, 275, 278, 277, 279, 276, 276, 271, 269, 261,
    259, 255, 252, 252, 255, 251, 253, 257, 262, 266, 267, 270, 269, 270,
    270, 266, 263, 259, 253, 253, 253, 256, 258, 260, 259, 265, 263, 265,
    266, 265, 263, 266, 264, 264, 267, 263, 265, 265, 265, 262, 263, 262,
    261, 265, 265, 262, 262 ]
headPositionsY: [ 84, 82, 83, 81, 82, 84, 83, 84, 80, 85, 81, 85, 81, 85,
    81, 81, 84, 83, 83, 81, 85, 82, 85, 81, 81, 84, 82, 81, 85, 85, 82,
    82, 83, 85, 86, 82, 81, 83, 82, 82, 80, 80, 81, 79, 80, 79, 82, 80,
    82, 81, 81, 86, 82, 84, 80, 81, 79, 81, 80, 81, 86, 84, 83, 81, 85,
    81, 82, 83, 83, 85, 85, 84, 84, 82, 83, 83, 83, 84, 82, 85, 84, 84,
    85, 82, 83, 86, 83, 84, 85, 85, 81, 82, 82, 85, 84, 84, 85, 84, 85,
    86 ]
