%YAML:1.0
---
videoName: "headShake27.mp4"
gestureLabel: 201
fps: 29
pixelSizeInCmTemp: 3.3263888888888887e-01
faceCenterPointX: 244
faceCenterPointY: 78
headPositionsX: [ 243, 248, 245, 251, 248, 250, 256, 252, 257, 254, 257,
    254, 254, 255, 251, 248, 249, 246, 245, 243, 239, 239, 237, 234, 235,
    232, 233, 234, 232, 231, 235, 233, 232, 236, 238, 242, 239, 242, 243,
    245, 247, 248, 249, 249, 252, 250, 252, 249, 248, 249, 246, 243, 240,
    243, 236, 235, 235, 234, 236, 232, 234, 234, 233, 234, 237, 236, 238,
    237, 240, 241, 243, 243, 247, 247, 248, 246, 246, 249, 247, 247, 245,
    248, 244, 246, 247, 245, 244, 245, 246, 243, 244, 242, 246, 245, 246,
    245, 243, 242, 244, 244 ]
headPositionsY: [ 77, 76, 76, 75, 76, 75, 77, 75, 77, 74, 74, 78, 77, 76,
    79, 78, 78, 76, 80, 76, 80, 76, 77, 77, 76, 80, 79, 77, 80, 79, 80,
    79, 79, 78, 77, 80, 81, 79, 82, 80, 79, 80, 79, 79, 82, 79, 80, 79,
    79, 78, 79, 80, 79, 82, 77, 82, 77, 80, 79, 78, 78, 77, 78, 79, 77,
    81, 81, 81, 82, 81, 81, 78, 77, 80, 79, 79, 79, 82, 78, 81, 77, 79,
    81, 82, 80, 80, 80, 79, 78, 82, 78, 79, 79, 78, 82, 79, 77, 77, 80,
    82 ]
