%YAML:1.0
---
videoName: "headShake0.mp4"
gestureLabel: 201
fps: 29
pixelSizeInCmTemp: 3.2808219178082193e-01
faceCenterPointX: 279
faceCenterPointY: 94
headPositionsX: [ 277, 277, 281, 277, 279, 279, 279, 278, 277, 280, 277,
    279, 277, 277, 277, 280, 280, 279, 279, 281, 278, 278, 281, 279, 277,
    277, 279, 279, 281, 278, 277, 278, 277, 277, 278, 279, 278, 276, 280,
    278, 281, 281, 286, 288, 292, 294, 300, 302, 299, 302, 299, 295, 290,
    282, 278, 273, 270, 274, 275, 276, 282, 285, 287, 290, 288, 286, 285,
    284, 278, 276, 275, 271, 275, 277, 279, 280, 285, 282, 284, 284, 282,
    281, 278, 275, 274, 278, 275, 279, 278, 277, 279, 281, 278, 280, 278,
    278, 277, 279, 280, 280 ]
headPositionsY: [ 93, 92, 95, 92, 93, 93, 95, 92, 95, 94, 93, 90, 93, 91,
    92, 94, 92, 95, 92, 91, 94, 93, 93, 93, 95, 95, 91, 92, 91, 92, 91,
    92, 95, 91, 94, 93, 91, 92, 94, 94, 95, 95, 89, 89, 92, 89, 93, 92,
    91, 89, 90, 90, 95, 93, 93, 91, 91, 94, 92, 90, 91, 90, 92, 91, 92,
    90, 93, 93, 92, 91, 91, 94, 92, 91, 92, 93, 95, 91, 92, 93, 96, 94,
    95, 94, 95, 93, 94, 91, 93, 92, 93, 96, 94, 94, 97, 93, 97, 93, 94,
    95 ]
