%YAML:1.0
---
videoName: "headShake31.mp4"
gestureLabel: 201
fps: 29
pixelSizeInCmTemp: 3.2808219178082193e-01
faceCenterPointX: 236
faceCenterPointY: 68
headPositionsX: [ 235, 237, 236, 235, 238, 236, 239, 237, 239, 235, 238,
    236, 238, 236, 238, 238, 237, 236, 237, 238, 237, 237, 238, 236, 234,
    237, 238, 235, 238, 236, 239, 235, 238, 239, 237, 233, 235, 235, 242,
    245, 247, 252, 253, 250, 251, 249, 246, 238, 230, 224, 223, 220, 224,
    225, 226, 235, 241, 242, 247, 249, 246, 243, 241, 236, 235, 231, 226,
    227, 228, 231, 232, 235, 237, 238, 243, 244, 245, 245, 242, 237, 240,
    237, 233, 235, 233, 234, 235, 236, 232, 237, 232, 236, 236, 237, 234,
    238, 237, 237, 236, 237 ]
headPositionsY: [ 67, 68, 67, 66, 66, 65, 67, 67, 68, 70, 67, 68, 65, 69,
    67, 65, 65, 67, 69, 67, 65, 68, 69, 66, 68, 66, 66, 69, 67, 66, 68,
    65, 67, 70, 66, 66, 66, 69, 68, 66, 66, 66, 65, 66, 68, 69, 69, 70,
    66, 68, 67, 66, 69, 71, 68, 69, 72, 72, 68, 68, 67, 69, 70, 71, 70,
    69, 67, 70, 66, 70, 70, 70, 71, 70, 68, 66, 68, 71, 67, 68, 71, 67,
    68, 68, 68, 70, 66, 71, 70, 70, 67, 67, 67, 67, 69, 70, 71, 70, 72,
    70 ]
