%YAML:1.0
---
videoName: "headShake32.mp4"
gestureLabel: 201
fps: 29
pixelSizeInCmTemp: 3.2808219178082193e-01
faceCenterPointX: 237
faceCenterPointY: 77
headPositionsX: [ 238, 234, 237, 234, 239, 238, 236, 236, 237, 240, 236,
    242, 240, 240, 242, 239, 241, 240, 240, 239, 239, 242, 242, 242, 241,
    242, 238, 241, 239, 240, 241, 239, 236, 237, 238, 239, 236, 240, 242,
    241, 242, 244, 248, 250, 249, 249, 250, 249, 249, 251, 252, 247, 248,
    241, 240, 240, 238, 235, 232, 229, 228, 226, 226, 229, 224, 229, 225,
    232, 229, 234, 234, 237, 243, 241, 244, 250, 249, 252, 249, 250, 249,
    247, 244, 243, 245, 242, 239, 238, 239, 237, 239, 237, 238, 238, 237,
    236, 236, 239, 239, 237 ]
headPositionsY: [ 79, 72, 74, 71, 73, 73, 73, 74, 73, 76, 72, 73, 75, 71,
    75, 72, 74, 72, 71, 74, 72, 75, 73, 76, 76, 76, 74, 72, 75, 72, 75,
    76, 72, 75, 74, 77, 73, 72, 72, 77, 76, 75, 73, 75, 74, 74, 75, 73,
    73, 71, 71, 72, 73, 77, 75, 74, 77, 78, 73, 75, 75, 74, 75, 76, 76,
    77, 75, 75, 77, 78, 74, 75, 77, 75, 74, 78, 73, 74, 76, 73, 78, 76,
    75, 78, 79, 79, 74, 76, 77, 78, 76, 79, 78, 75, 78, 76, 77, 75, 75,
    80 ]
