%YAML:1.0
---
videoName: "headShake20.mp4"
gestureLabel: 201
fps: 29
pixelSizeInCmTemp: 3.3263888888888887e-01
faceCenterPointX: 242
faceCenterPointY: 78
headPositionsX: [ 243, 243, 243, 242, 246, 242, 246, 244, 243, 243, 240,
    241, 242, 244, 240, 245, 245, 245, 244, 243, 243, 243, 245, 245, 243,
    245, 245, 245, 242, 244, 242, 241, 245, 244, 245, 243, 244, 242, 243,
    245, 246, 249, 257, 260, 260, 261, 255, 253, 249, 244, 236, 233, 233,
    230, 231, 235, 237, 244, 246, 253, 252, 250, 252, 247, 242, 239, 235,
    231, 232, 232, 235, 236, 239, 242, 245, 246, 244, 244, 242, 239, 242,
    239, 240, 239, 240, 240, 244, 241, 242, 244, 245, 244, 245, 244, 244,
    243, 240, 240, 239, 242 ]
headPositionsY: [ 78, 77, 78, 78, 76, 78, 77, 76, 75, 75, 76, 76, 77, 79,
    75, 77, 74, 77, 77, 77, 76, 74, 77, 78, 74, 75, 76, 76, 78, 79, 77,
    74, 78, 76, 78, 78, 77, 75, 76, 74, 78, 76, 75, 76, 73, 76, 74, 79,
    76, 76, 76, 75, 79, 76, 73, 74, 75, 74, 77, 75, 74, 73, 74, 76, 78,
    74, 79, 79, 77, 77, 76, 77, 77, 75, 77, 76, 77, 78, 77, 75, 76, 78,
    79, 77, 77, 77, 78, 77, 77, 79, 79, 79, 77, 77, 79, 79, 79, 77, 78,
    78 ]
