%YAML:1.0
---
videoName: "headShake32.mp4"
gestureLabel: 201
fps: 29
pixelSizeInCmTemp: 3.2808219178082193e-01
faceCenterPointX: 237
faceCenterPointY: 77
headPositionsX: [ 237, 235, 236, 235, 238, 236, 238, 238, 237, 240, 237,
    242, 238, 241, 240, 238, 238, 242, 241, 239, 242, 243, 239, 239, 242,
    240, 239, 239, 239, 242, 241, 239, 238, 238, 239, 239, 237, 238, 242,
    242, 243, 247, 246, 246, 247, 249, 251, 251, 252, 249, 250, 246, 248,
    241, 241, 237, 237, 233, 235, 230, 229, 228, 228, 227, 223, 226, 225,
    230, 231, 230, 235, 238, 240, 243, 247, 247, 250, 248, 247, 247, 249,
    249, 247, 243, 245, 241, 238, 238, 237, 237, 237, 239, 235, 239, 240,
    236, 239, 237, 237, 238 ]
headPositionsY: [ 79, 73, 76, 73, 73, 73, 74, 74, 75, 74, 71, 75, 74, 71,
    72, 73, 74, 72, 73, 74, 73, 71, 73, 73, 76, 77, 74, 76, 76, 74, 72,
    75, 76, 73, 75, 75, 73, 72, 72, 73, 72, 72, 76, 71, 74, 72, 75, 72,
    73, 74, 73, 72, 73, 74, 74, 77, 76, 77, 77, 77, 74, 73, 76, 74, 76,
    73, 77, 76, 74, 75, 75, 75, 76, 75, 73, 74, 74, 74, 75, 75, 76, 78,
    74, 77, 76, 77, 76, 77, 76, 75, 76, 80, 76, 76, 80, 79, 80, 75, 75,
    80 ]
