%YAML:1.0
---
videoName: "headShake28.mp4"
gestureLabel: 201
fps: 29
pixelSizeInCmTemp: 3.2808219178082193e-01
faceCenterPointX: 242
faceCenterPointY: 80
headPositionsX: [ 244, 243, 241, 239, 241, 241, 239, 243, 242, 242, 243,
    241, 240, 244, 240, 244, 244, 243, 242, 244, 242, 243, 241, 240, 239,
    241, 243, 242, 242, 240, 242, 243, 244, 240, 242, 240, 245, 240, 245,
    245, 243, 242, 243, 244, 243, 242, 245, 243, 245, 245, 241, 235, 232,
    229, 233, 232, 240, 242, 251, 252, 253, 257, 253, 248, 247, 243, 236,
    233, 234, 236, 240, 243, 248, 253, 251, 255, 255, 249, 248, 244, 243,
    241, 237, 235, 236, 236, 239, 238, 239, 239, 241, 241, 243, 245, 242,
    240, 241, 243, 242, 243 ]
headPositionsY: [ 79, 76, 75, 74, 78, 76, 79, 79, 76, 78, 81, 80, 76, 80,
    77, 79, 77, 77, 80, 77, 78, 80, 79, 77, 79, 79, 78, 77, 78, 78, 78,
    79, 78, 76, 77, 77, 78, 79, 75, 78, 79, 78, 79, 78, 78, 80, 80, 78,
    76, 77, 76, 78, 75, 79, 76, 75, 78, 78, 79, 79, 74, 78, 76, 78, 80,
    82, 76, 81, 77, 81, 76, 77, 80, 79, 74, 76, 76, 81, 77, 79, 78, 79,
    77, 79, 78, 79, 78, 78, 77, 77, 79, 82, 81, 80, 80, 78, 78, 82, 78,
    78 ]
