%YAML:1.0
---
videoName: "headShake21.mp4"
gestureLabel: 201
fps: 29
pixelSizeInCmTemp: 3.1933333333333330e-01
faceCenterPointX: 241
faceCenterPointY: 78
headPositionsX: [ 239, 247, 245, 241, 241, 243, 240, 240, 239, 244, 241,
    243, 244, 242, 240, 243, 240, 239, 245, 244, 245, 241, 241, 243, 243,
    243, 246, 245, 244, 242, 241, 242, 244, 242, 241, 245, 241, 241, 245,
    242, 242, 242, 239, 244, 242, 240, 241, 242, 243, 241, 243, 240, 242,
    242, 240, 243, 241, 242, 242, 240, 242, 240, 239, 240, 242, 240, 239,
    244, 245, 249, 253, 254, 253, 247, 245, 241, 236, 234, 233, 234, 237,
    235, 241, 244, 240, 242, 241, 240, 238, 240, 238, 237, 238, 237, 239,
    239, 243, 239, 240, 240 ]
headPositionsY: [ 80, 84, 80, 78, 78, 74, 73, 75, 74, 71, 72, 70, 70, 72,
    70, 73, 73, 71, 69, 69, 72, 72, 72, 72, 75, 74, 75, 74, 74, 75, 76,
    74, 76, 77, 78, 77, 77, 75, 77, 77, 75, 75, 75, 77, 77, 78, 79, 79,
    76, 78, 76, 76, 78, 76, 79, 76, 78, 78, 79, 76, 79, 75, 75, 80, 80,
    78, 78, 77, 76, 79, 78, 79, 77, 79, 80, 79, 77, 77, 76, 79, 78, 78,
    79, 80, 79, 77, 79, 80, 79, 80, 77, 78, 79, 80, 77, 79, 77, 77, 81,
    76 ]
