%YAML:1.0
---
videoName: "headShake23.mp4"
gestureLabel: 201
fps: 29
pixelSizeInCmTemp: 3.2808219178082193e-01
faceCenterPointX: 240
faceCenterPointY: 77
headPositionsX: [ 239, 242, 241, 242, 244, 243, 241, 243, 239, 244, 244,
    240, 240, 244, 241, 240, 241, 238, 238, 239, 239, 241, 243, 245, 248,
    250, 250, 256, 255, 255, 253, 256, 251, 252, 250, 243, 239, 239, 234,
    232, 231, 232, 227, 229, 227, 230, 232, 233, 234, 240, 243, 244, 247,
    250, 249, 251, 250, 252, 253, 253, 249, 251, 249, 244, 243, 241, 239,
    235, 238, 234, 233, 235, 234, 234, 233, 234, 236, 235, 239, 237, 237,
    242, 240, 240, 241, 244, 245, 246, 247, 244, 247, 247, 244, 245, 243,
    245, 244, 243, 242, 240 ]
headPositionsY: [ 78, 77, 77, 77, 76, 76, 75, 77, 77, 76, 79, 76, 75, 78,
    78, 77, 78, 77, 76, 77, 79, 77, 75, 79, 78, 75, 78, 79, 74, 78, 74,
    78, 75, 76, 79, 80, 77, 79, 75, 77, 77, 79, 78, 74, 75, 79, 79, 80,
    80, 80, 77, 75, 78, 79, 75, 78, 76, 74, 78, 77, 75, 77, 79, 78, 77,
    79, 80, 78, 76, 76, 78, 76, 80, 79, 77, 77, 78, 80, 76, 79, 77, 78,
    76, 79, 77, 75, 78, 80, 75, 78, 78, 79, 80, 76, 75, 80, 75, 78, 78,
    79 ]
