%YAML:1.0
---
videoName: "headShake1.mp4"
gestureLabel: 201
fps: 29
pixelSizeInCmTemp: 3.3263888888888887e-01
faceCenterPointX: 279
faceCenterPointY: 98
headPositionsX: [ 278, 281, 278, 278, 278, 280, 281, 277, 277, 279, 277,
    281, 277, 280, 280, 281, 280, 281, 280, 277, 281, 278, 281, 280, 279,
    278, 278, 282, 281, 282, 285, 288, 290, 290, 291, 293, 289, 287, 287,
    284, 278, 276, 271, 269, 271, 271, 273, 278, 280, 284, 289, 290, 292,
    291, 290, 288, 284, 280, 274, 272, 269, 266, 267, 269, 271, 275, 283,
    285, 288, 290, 293, 290, 291, 289, 284, 279, 276, 275, 270, 271, 271,
    270, 272, 273, 274, 275, 273, 277, 276, 279, 281, 280, 278, 279, 280,
    278, 279, 282, 279, 277 ]
headPositionsY: [ 96, 95, 95, 95, 99, 99, 99, 96, 98, 98, 97, 95, 97, 97,
    98, 98, 97, 98, 96, 99, 98, 99, 99, 99, 96, 99, 95, 95, 94, 98, 97,
    95, 97, 98, 96, 96, 93, 96, 95, 98, 99, 98, 98, 96, 96, 98, 97, 97,
    95, 94, 95, 94, 98, 96, 97, 98, 95, 98, 99, 95, 97, 97, 94, 95, 96,
    98, 97, 93, 95, 96, 94, 93, 94, 99, 99, 99, 95, 96, 94, 99, 97, 96,
    94, 95, 100, 98, 95, 99, 95, 98, 97, 95, 98, 97, 97, 97, 96, 98, 98,
    98 ]
