%YAML:1.0
---
videoName: "headShake46.mp4"
gestureLabel: 201
fps: 30
pixelSizeInCmTemp: 3.2364864864864862e-01
faceCenterPointX: 262
faceCenterPointY: 85
headPositionsX: [ 262, 259, 262, 260, 260, 259, 262, 259, 263, 258, 262,
    260, 262, 260, 259, 261, 258, 259, 260, 260, 262, 261, 260, 262, 260,
    260, 262, 257, 257, 263, 262, 265, 270, 275, 277, 276, 276, 270, 266,
    258, 252, 251, 249, 252, 254, 261, 265, 270, 267, 268, 264, 258, 253,
    252, 257, 259, 262, 269, 266, 267, 267, 262, 257, 255, 257, 260, 262,
    267, 270, 268, 267, 264, 261, 261, 257, 259, 259, 264, 263, 266, 264,
    262, 265, 262, 262, 260, 258, 262, 262, 262, 262, 260, 259, 259, 261,
    263, 260, 259, 259, 258 ]
headPositionsY: [ 84, 86, 86, 82, 85, 85, 82, 85, 85, 85, 85, 84, 86, 85,
    87, 83, 83, 87, 86, 83, 84, 86, 86, 82, 83, 86, 86, 84, 84, 86, 84,
    82, 81, 82, 84, 80, 85, 83, 85, 82, 87, 84, 83, 85, 82, 83, 84, 85,
    83, 87, 87, 82, 86, 85, 85, 83, 84, 84, 82, 85, 86, 83, 88, 84, 85,
    87, 83, 86, 84, 86, 87, 83, 83, 85, 85, 84, 84, 82, 84, 85, 83, 87,
    85, 85, 84, 87, 83, 86, 87, 83, 83, 82, 86, 84, 86, 83, 83, 85, 82,
    87 ]
