%YAML:1.0
---
videoName: "headShake31.mp4"
gestureLabel: 201
fps: 29
pixelSizeInCmTemp: 3.2808219178082193e-01
faceCenterPointX: 236
faceCenterPointY: 68
headPositionsX: [ 238, 235, 236, 235, 235, 236, 238, 236, 237, 237, 236,
    234, 237, 235, 235, 235, 239, 236, 237, 236, 235, 239, 239, 239, 236,
    238, 237, 237, 235, 237, 238, 239, 235, 239, 233, 237, 236, 239, 239,
    243, 247, 250, 254, 250, 251, 249, 244, 239, 233, 227, 220, 220, 220,
    223, 228, 231, 238, 246, 248, 247, 244, 243, 239, 238, 234, 232, 229,
    226, 228, 233, 230, 237, 241, 240, 240, 240, 245, 244, 239, 237, 236,
    237, 236, 233, 235, 236, 232, 237, 233, 234, 236, 236, 233, 233, 236,
    234, 234, 235, 237, 233 ]
headPositionsY: [ 66, 65, 69, 67, 66, 67, 69, 70, 65, 70, 69, 65, 69, 68,
    67, 66, 67, 68, 68, 65, 68, 70, 69, 70, 64, 65, 69, 65, 67, 65, 68,
    68, 69, 69, 67, 65, 67, 67, 68, 68, 68, 67, 64, 67, 67, 67, 67, 67,
    69, 68, 69, 69, 69, 69, 68, 70, 68, 71, 72, 68, 71, 68, 70, 67, 71,
    69, 68, 69, 69, 69, 68, 71, 70, 68, 71, 69, 68, 68, 70, 69, 69, 70,
    70, 69, 69, 71, 66, 72, 67, 67, 70, 71, 71, 68, 67, 67, 67, 68, 70,
    69 ]
