%YAML:1.0
---
videoName: "headShake35.mp4"
gestureLabel: 201
fps: 29
pixelSizeInCmTemp: 3.2364864864864862e-01
faceCenterPointX: 267
faceCenterPointY: 82
headPositionsX: [ 268, 268, 266, 266, 266, 265, 268, 267, 269, 268, 270,
    266, 267, 270, 269, 269, 270, 271, 269, 268, 270, 268, 269, 268, 269,
    265, 267, 266, 267, 270, 270, 267, 270, 268, 267, 270, 267, 267, 270,
    266, 269, 267, 266, 266, 267, 268, 269, 268, 269, 270, 265, 268, 270,
    265, 265, 266, 269, 265, 268, 268, 268, 268, 266, 269, 272, 276, 279,
    278, 281, 281, 278, 272, 268, 263, 259, 258, 262, 263, 263, 271, 272,
    275, 272, 275, 268, 265, 263, 261, 264, 261, 261, 263, 266, 269, 269,
    267, 266, 270, 266, 268 ]
headPositionsY: [ 80, 78, 81, 78, 81, 80, 82, 81, 82, 82, 80, 79, 78, 78,
    77, 82, 82, 80, 79, 79, 81, 81, 79, 79, 78, 78, 77, 80, 80, 83, 81,
    79, 79, 78, 80, 78, 79, 80, 79, 80, 83, 78, 80, 83, 82, 82, 82, 78,
    79, 82, 79, 82, 80, 79, 79, 80, 82, 79, 78, 82, 82, 82, 82, 82, 80,
    82, 78, 79, 80, 81, 83, 82, 82, 79, 79, 79, 83, 83, 81, 83, 82, 81,
    82, 80, 83, 80, 80, 80, 81, 79, 82, 80, 81, 81, 83, 80, 80, 81, 81,
    84 ]
