%YAML:1.0
---
videoName: "headShake20.mp4"
gestureLabel: 201
fps: 29
pixelSizeInCmTemp: 3.3263888888888887e-01
faceCenterPointX: 242
faceCenterPointY: 78
headPositionsX: [ 243, 244, 243, 246, 242, 244, 242, 241, 246, 243, 242,
    244, 246, 245, 241, 242, 243, 242, 245, 244, 244, 245, 244, 245, 244,
    242, 241, 245, 242, 241, 242, 245, 241, 241, 243, 243, 242, 242, 246,
    244, 248, 252, 257, 256, 258, 258, 258, 254, 250, 244, 236, 233, 229,
    229, 229, 233, 238, 242, 249, 250, 254, 251, 251, 248, 243, 237, 234,
    231, 230, 230, 236, 237, 239, 244, 248, 244, 248, 245, 244, 241, 242,
    238, 240, 241, 242, 241, 243, 243, 244, 244, 245, 242, 245, 243, 243,
    243, 241, 241, 241, 241 ]
headPositionsY: [ 78, 78, 76, 74, 78, 76, 78, 74, 75, 75, 78, 75, 78, 79,
    76, 78, 78, 78, 75, 77, 76, 77, 77, 77, 74, 75, 78, 74, 75, 76, 76,
    76, 74, 77, 77, 76, 76, 74, 76, 77, 74, 78, 73, 77, 75, 78, 73, 78,
    76, 76, 75, 75, 77, 77, 75, 78, 76, 78, 78, 76, 77, 77, 76, 74, 79,
    76, 75, 78, 77, 78, 76, 78, 79, 76, 77, 77, 78, 77, 78, 78, 79, 76,
    76, 77, 78, 75, 77, 79, 75, 78, 76, 78, 74, 76, 77, 77, 79, 76, 75,
    76 ]
