%YAML:1.0
---
videoName: "headShake31.mp4"
gestureLabel: 201
fps: 29
pixelSizeInCmTemp: 3.2808219178082193e-01
faceCenterPointX: 236
faceCenterPointY: 68
headPositionsX: [ 238, 238, 239, 239, 239, 239, 239, 239, 235, 236, 235,
    237, 236, 236, 239, 237, 239, 236, 235, 234, 238, 239, 237, 238, 234,
    239, 238, 236, 236, 235, 238, 236, 239, 239, 237, 237, 235, 237, 243,
    243, 247, 249, 251, 253, 253, 250, 247, 240, 232, 223, 223, 223, 222,
    226, 229, 232, 240, 242, 246, 245, 244, 245, 243, 238, 232, 232, 230,
    227, 229, 231, 230, 235, 241, 241, 242, 242, 244, 244, 240, 240, 238,
    236, 235, 233, 233, 237, 236, 233, 235, 233, 233, 235, 236, 234, 234,
    235, 234, 235, 236, 237 ]
headPositionsY: [ 68, 65, 66, 69, 69, 66, 68, 67, 67, 66, 69, 65, 69, 68,
    65, 69, 65, 66, 69, 65, 67, 68, 66, 68, 68, 68, 67, 67, 67, 69, 69,
    66, 66, 70, 66, 65, 66, 69, 68, 64, 67, 67, 66, 65, 66, 69, 68, 69,
    70, 66, 68, 67, 68, 68, 70, 70, 68, 69, 71, 67, 68, 69, 69, 70, 71,
    71, 68, 70, 70, 71, 69, 67, 67, 69, 69, 70, 68, 71, 67, 69, 71, 66,
    69, 69, 66, 67, 66, 68, 68, 70, 66, 68, 70, 67, 67, 68, 67, 69, 71,
    69 ]
