%YAML:1.0
---
videoName: "headShake14.mp4"
gestureLabel: 201
fps: 29
pixelSizeInCmTemp: 3.2364864864864862e-01
faceCenterPointX: 244
faceCenterPointY: 76
headPositionsX: [ 244, 244, 246, 248, 245, 245, 248, 243, 244, 246, 246,
    246, 243, 247, 247, 247, 245, 243, 244, 247, 247, 245, 242, 247, 244,
    249, 250, 253, 255, 258, 259, 260, 261, 261, 256, 251, 248, 240, 238,
    228, 228, 223, 227, 227, 232, 238, 244, 246, 254, 254, 258, 258, 251,
    250, 249, 242, 239, 237, 233, 231, 232, 233, 235, 240, 239, 244, 244,
    247, 247, 250, 248, 248, 248, 250, 248, 246, 242, 240, 243, 242, 240,
    241, 241, 238, 239, 241, 244, 246, 244, 243, 244, 245, 244, 243, 244,
    243, 245, 245, 243, 242 ]
headPositionsY: [ 78, 73, 75, 74, 74, 77, 78, 76, 76, 75, 75, 76, 77, 77,
    74, 77, 76, 76, 75, 75, 73, 75, 77, 76, 75, 74, 76, 76, 72, 72, 75,
    74, 73, 72, 75, 77, 77, 76, 77, 73, 75, 76, 74, 72, 76, 73, 73, 73,
    72, 70, 71, 74, 72, 74, 73, 76, 76, 75, 74, 74, 76, 73, 74, 76, 75,
    73, 74, 77, 77, 76, 74, 78, 76, 75, 75, 77, 77, 77, 77, 74, 74, 74,
    74, 75, 76, 75, 77, 75, 76, 77, 75, 78, 75, 77, 74, 74, 77, 76, 75,
    77 ]
