%YAML:1.0
---
videoName: "headShake45.mp4"
gestureLabel: 201
fps: 30
pixelSizeInCmTemp: 3.3263888888888887e-01
faceCenterPointX: 262
faceCenterPointY: 84
headPositionsX: [ 260, 261, 263, 260, 260, 263, 262, 263, 262, 263, 264,
    261, 260, 265, 262, 264, 265, 265, 262, 260, 263, 263, 261, 260, 263,
    263, 260, 264, 262, 262, 264, 260, 263, 262, 260, 260, 263, 258, 260,
    255, 254, 259, 261, 263, 271, 277, 280, 280, 278, 278, 270, 266, 260,
    254, 253, 252, 257, 263, 266, 273, 273, 274, 270, 270, 263, 261, 254,
    255, 257, 258, 267, 267, 272, 270, 273, 267, 264, 258, 255, 255, 259,
    257, 260, 263, 266, 265, 265, 261, 260, 257, 261, 261, 263, 260, 263,
    261, 264, 261, 262, 261 ]
headPositionsY: [ 84, 83, 83, 80, 81, 82, 79, 83, 82, 82, 80, 81, 83, 80,
    82, 80, 82, 81, 84, 83, 82, 80, 82, 83, 80, 84, 83, 80, 81, 81, 84,
    82, 84, 80, 82, 84, 82, 83, 82, 81, 80, 84, 84, 83, 82, 80, 81, 79,
    79, 80, 82, 82, 82, 83, 84, 84, 83, 84, 80, 79, 79, 83, 82, 81, 85,
    81, 85, 83, 81, 84, 84, 81, 80, 80, 84, 81, 82, 84, 80, 80, 84, 84,
    82, 81, 85, 84, 84, 81, 83, 84, 83, 81, 81, 81, 81, 83, 84, 81, 85,
    84 ]
