%YAML:1.0
---
videoName: "headShake36.mp4"
gestureLabel: 201
fps: 29
pixelSizeInCmTemp: 3.2364864864864862e-01
faceCenterPointX: 263
faceCenterPointY: 80
headPositionsX: [ 262, 266, 260, 265, 261, 263, 263, 269, 269, 273, 274,
    279, 279, 281, 281, 285, 286, 280, 282, 277, 278, 270, 267, 266, 261,
    259, 254, 252, 251, 248, 245, 248, 247, 247, 247, 244, 245, 246, 249,
    254, 256, 258, 264, 266, 271, 273, 275, 275, 281, 278, 278, 282, 277,
    275, 273, 275, 271, 266, 260, 257, 257, 255, 252, 252, 248, 248, 251,
    252, 253, 251, 255, 255, 257, 261, 264, 266, 268, 266, 268, 267, 266,
    267, 268, 266, 265, 266, 265, 265, 266, 264, 262, 263, 263, 261, 262,
    264, 265, 261, 264, 262 ]
headPositionsY: [ 82, 81, 77, 80, 78, 78, 79, 77, 79, 77, 77, 78, 79, 76,
    77, 79, 76, 76, 76, 79, 79, 79, 79, 82, 79, 79, 81, 80, 79, 81, 82,
    80, 83, 83, 83, 82, 80, 82, 83, 80, 81, 81, 83, 81, 79, 77, 81, 81,
    79, 76, 79, 78, 79, 80, 79, 78, 82, 81, 79, 79, 78, 79, 81, 79, 78,
    81, 78, 79, 79, 79, 80, 81, 79, 82, 81, 80, 82, 78, 78, 79, 78, 81,
    82, 77, 83, 80, 79, 83, 80, 83, 81, 79, 83, 82, 79, 79, 80, 80, 80,
    82 ]
