%YAML:1.0
---
videoName: "headShake21.mp4"
gestureLabel: 201
fps: 29
pixelSizeInCmTemp: 3.1933333333333330e-01
faceCenterPointX: 241
faceCenterPointY: 78
headPositionsX: [ 240, 244, 246, 244, 243, 243, 241, 241, 239, 244, 243,
    243, 244, 244, 239, 242, 240, 243, 243, 240, 241, 242, 245, 240, 241,
    242, 246, 243, 244, 245, 244, 242, 244, 242, 244, 243, 241, 241, 242,
    244, 244, 243, 243, 240, 240, 241, 241, 241, 243, 240, 243, 241, 242,
    241, 242, 243, 239, 241, 242, 244, 239, 238, 243, 239, 241, 242, 239,
    243, 246, 247, 251, 252, 253, 250, 243, 240, 239, 233, 235, 235, 234,
    236, 237, 242, 243, 244, 243, 242, 239, 239, 241, 236, 239, 238, 241,
    242, 239, 242, 242, 241 ]
headPositionsY: [ 76, 83, 80, 80, 78, 77, 76, 73, 71, 74, 70, 70, 73, 69,
    71, 69, 72, 72, 71, 69, 72, 73, 73, 71, 71, 74, 74, 74, 76, 78, 73,
    78, 76, 77, 78, 75, 78, 79, 75, 76, 77, 75, 79, 76, 77, 79, 79, 79,
    79, 78, 80, 77, 78, 75, 78, 79, 78, 75, 79, 78, 78, 79, 75, 77, 80,
    81, 80, 77, 79, 75, 75, 75, 76, 77, 78, 77, 79, 80, 78, 76, 79, 78,
    79, 80, 80, 76, 77, 77, 76, 77, 81, 76, 78, 76, 78, 79, 79, 76, 79,
    76 ]
