%YAML:1.0
---
videoName: "headShake41.mp4"
gestureLabel: 201
fps: 29
pixelSizeInCmTemp: 3.2364864864864862e-01
faceCenterPointX: 264
faceCenterPointY: 85
headPositionsX: [ 263, 261, 262, 261, 263, 261, 262, 263, 261, 260, 264,
    262, 260, 262, 262, 259, 259, 260, 262, 258, 261, 265, 263, 267, 268,
    269, 273, 274, 274, 275, 280, 277, 281, 284, 278, 281, 283, 280, 277,
    279, 274, 268, 268, 263, 254, 254, 251, 249, 247, 245, 244, 247, 247,
    245, 247, 251, 251, 252, 257, 258, 265, 265, 268, 274, 274, 278, 280,
    278, 278, 277, 279, 276, 275, 274, 273, 267, 267, 267, 267, 266, 266,
    263, 265, 264, 263, 262, 261, 262, 261, 263, 263, 263, 260, 261, 264,
    260, 264, 264, 262, 265 ]
headPositionsY: [ 83, 80, 83, 85, 85, 82, 83, 82, 84, 80, 83, 81, 85, 84,
    81, 86, 86, 83, 84, 84, 86, 84, 82, 83, 85, 85, 80, 83, 83, 79, 81,
    80, 81, 79, 83, 79, 83, 80, 82, 81, 86, 83, 85, 86, 81, 85, 82, 85,
    82, 84, 80, 86, 84, 83, 83, 87, 84, 83, 84, 86, 87, 82, 86, 82, 81,
    83, 86, 85, 86, 84, 82, 82, 84, 86, 86, 86, 86, 86, 84, 83, 82, 82,
    83, 85, 83, 84, 86, 87, 85, 84, 86, 83, 86, 82, 86, 84, 85, 83, 86,
    85 ]
