%YAML:1.0
---
videoName: "headShake6.mp4"
gestureLabel: 201
fps: 29
pixelSizeInCmTemp: 3.2808219178082193e-01
faceCenterPointX: 244
faceCenterPointY: 68
headPositionsX: [ 246, 245, 246, 248, 246, 247, 245, 244, 248, 246, 247,
    243, 246, 248, 244, 244, 246, 244, 245, 243, 248, 246, 243, 242, 244,
    245, 243, 247, 250, 253, 256, 259, 262, 261, 263, 261, 259, 253, 249,
    243, 235, 233, 230, 230, 233, 237, 242, 250, 256, 259, 256, 258, 255,
    253, 250, 243, 236, 233, 231, 232, 234, 236, 235, 244, 244, 246, 252,
    253, 251, 248, 247, 241, 244, 239, 240, 240, 237, 237, 239, 242, 239,
    244, 241, 242, 242, 243, 245, 244, 243, 244, 245, 244, 244, 244, 242,
    244, 246, 245, 246, 242 ]
headPositionsY: [ 69, 65, 64, 65, 64, 66, 66, 65, 67, 66, 66, 68, 67, 64,
    65, 66, 68, 68, 68, 66, 65, 67, 68, 68, 69, 66, 67, 67, 69, 69, 65,
    64, 63, 64, 66, 64, 65, 66, 67, 66, 69, 68, 66, 69, 69, 66, 66, 67,
    68, 69, 66, 67, 68, 68, 70, 69, 67, 66, 70, 68, 67, 67, 67, 69, 67,
    68, 69, 67, 69, 66, 68, 69, 68, 66, 67, 67, 65, 68, 67, 69, 67, 66,
    70, 66, 69, 67, 70, 66, 68, 67, 67, 70, 67, 70, 67, 67, 69, 69, 68,
    67 ]
