%YAML:1.0
---
videoName: "headShake48.mp4"
gestureLabel: 201
fps: 29
pixelSizeInCmTemp: 3.1103896103896100e-01
faceCenterPointX: 258
faceCenterPointY: 85
headPositionsX: [ 257, 259, 260, 262, 256, 257, 257, 261, 259, 261, 257,
    260, 259, 260, 261, 262, 257, 260, 259, 260, 262, 260, 257, 261, 259,
    257, 260, 260, 256, 258, 258, 257, 257, 257, 258, 265, 264, 271, 270,
    273, 273, 272, 271, 265, 260, 256, 248, 248, 246, 246, 255, 256, 262,
    265, 268, 266, 265, 258, 254, 249, 251, 248, 251, 258, 259, 265, 266,
    264, 264, 262, 257, 252, 252, 248, 251, 254, 255, 260, 263, 264, 267,
    264, 262, 260, 264, 259, 260, 260, 258, 261, 259, 259, 256, 259, 259,
    259, 260, 259, 258, 259 ]
headPositionsY: [ 83, 81, 81, 78, 78, 81, 81, 79, 81, 78, 78, 78, 79, 78,
    80, 78, 78, 82, 83, 80, 80, 81, 81, 83, 80, 81, 79, 81, 82, 81, 80,
    83, 80, 81, 83, 81, 82, 80, 82, 84, 83, 82, 84, 84, 86, 85, 81, 83,
    85, 83, 83, 85, 87, 88, 86, 87, 84, 84, 86, 86, 84, 84, 83, 85, 86,
    86, 84, 88, 87, 85, 86, 86, 87, 87, 87, 87, 84, 87, 86, 88, 85, 86,
    88, 88, 85, 85, 85, 85, 88, 88, 86, 87, 86, 83, 86, 87, 85, 85, 86,
    83 ]
