%YAML:1.0
---
videoName: "headShake15.mp4"
gestureLabel: 201
fps: 29
pixelSizeInCmTemp: 3.3263888888888887e-01
faceCenterPointX: 243
faceCenterPointY: 76
headPositionsX: [ 244, 242, 241, 242, 246, 246, 243, 244, 243, 245, 243,
    243, 245, 244, 244, 245, 244, 243, 242, 245, 241, 243, 245, 241, 240,
    244, 241, 242, 242, 241, 241, 243, 244, 245, 244, 243, 241, 242, 242,
    243, 245, 244, 244, 245, 242, 244, 243, 242, 243, 245, 244, 243, 240,
    240, 241, 241, 240, 243, 242, 241, 244, 245, 245, 246, 252, 253, 256,
    260, 258, 257, 254, 251, 248, 245, 245, 238, 237, 234, 238, 238, 239,
    241, 243, 244, 246, 248, 244, 247, 247, 244, 241, 241, 243, 241, 242,
    241, 241, 241, 240, 245 ]
headPositionsY: [ 75, 76, 75, 73, 76, 74, 77, 76, 74, 78, 76, 78, 75, 77,
    73, 73, 75, 73, 73, 74, 78, 72, 78, 73, 76, 74, 72, 73, 74, 77, 73,
    73, 75, 75, 75, 74, 78, 74, 76, 75, 73, 77, 76, 77, 77, 74, 76, 75,
    75, 77, 78, 75, 75, 76, 78, 73, 75, 78, 74, 78, 74, 76, 79, 77, 76,
    73, 71, 73, 74, 77, 74, 74, 75, 75, 77, 75, 79, 75, 77, 75, 76, 75,
    77, 79, 75, 76, 77, 76, 77, 79, 77, 78, 78, 79, 75, 76, 77, 76, 77,
    77 ]
