%YAML:1.0
---
videoName: "headShake46.mp4"
gestureLabel: 201
fps: 30
pixelSizeInCmTemp: 3.2364864864864862e-01
faceCenterPointX: 262
faceCenterPointY: 85
headPositionsX: [ 260, 259, 260, 259, 260, 261, 259, 260, 260, 258, 262,
    262, 258, 258, 260, 258, 261, 260, 259, 258, 261, 260, 259, 262, 259,
    257, 258, 261, 257, 259, 263, 266, 273, 275, 279, 278, 274, 270, 268,
    259, 255, 252, 248, 250, 257, 260, 266, 271, 270, 267, 264, 259, 254,
    253, 255, 257, 262, 268, 270, 268, 268, 260, 258, 255, 255, 261, 261,
    269, 271, 268, 269, 263, 262, 260, 258, 259, 263, 263, 264, 263, 263,
    262, 261, 262, 258, 262, 261, 258, 261, 262, 261, 262, 262, 263, 262,
    262, 263, 261, 259, 261 ]
headPositionsY: [ 83, 85, 86, 82, 86, 84, 85, 85, 86, 83, 85, 85, 86, 85,
    85, 82, 83, 84, 84, 84, 86, 83, 83, 84, 86, 84, 82, 85, 83, 86, 85,
    83, 82, 80, 80, 82, 82, 84, 85, 83, 84, 84, 83, 85, 86, 84, 83, 85,
    83, 83, 83, 84, 87, 83, 86, 87, 83, 84, 82, 87, 88, 87, 88, 85, 86,
    85, 82, 84, 85, 84, 84, 83, 85, 84, 84, 85, 86, 84, 83, 86, 86, 87,
    84, 85, 86, 85, 84, 85, 85, 86, 85, 82, 87, 83, 83, 84, 86, 85, 83,
    83 ]
