%YAML:1.0
---
videoName: "headShake32.mp4"
gestureLabel: 201
fps: 29
pixelSizeInCmTemp: 3.2808219178082193e-01
faceCenterPointX: 237
faceCenterPointY: 77
headPositionsX: [ 236, 238, 236, 237, 238, 236, 239, 238, 238, 238, 236,
    239, 237, 242, 242, 242, 241, 243, 242, 241, 241, 242, 243, 238, 241,
    240, 241, 240, 239, 242, 241, 240, 240, 241, 241, 238, 240, 240, 240,
    242, 244, 247, 245, 246, 251, 248, 251, 251, 249, 250, 249, 248, 248,
    245, 243, 240, 237, 232, 235, 232, 230, 227, 226, 227, 225, 225, 227,
    231, 230, 233, 237, 238, 239, 243, 246, 248, 248, 250, 248, 250, 249,
    246, 244, 244, 245, 241, 239, 239, 239, 239, 239, 239, 237, 237, 239,
    236, 238, 235, 238, 238 ]
headPositionsY: [ 75, 73, 76, 72, 74, 74, 73, 75, 71, 75, 73, 74, 73, 75,
    72, 75, 75, 74, 74, 71, 76, 71, 72, 74, 76, 77, 74, 74, 74, 75, 75,
    76, 75, 73, 75, 73, 73, 75, 72, 75, 74, 72, 74, 73, 72, 75, 71, 74,
    74, 73, 74, 72, 75, 75, 78, 78, 77, 76, 74, 77, 76, 74, 75, 74, 74,
    73, 78, 77, 74, 78, 78, 75, 77, 73, 73, 74, 75, 73, 75, 73, 77, 74,
    78, 75, 79, 77, 78, 78, 76, 76, 79, 80, 79, 78, 80, 79, 77, 78, 79,
    80 ]
