%YAML:1.0
---
videoName: "headShake5.mp4"
gestureLabel: 201
fps: 30
pixelSizeInCmTemp: 3.3263888888888887e-01
faceCenterPointX: 275
faceCenterPointY: 73
headPositionsX: [ 276, 276, 277, 276, 277, 277, 281, 278, 278, 279, 277,
    277, 276, 275, 278, 280, 280, 276, 276, 278, 279, 278, 276, 277, 280,
    277, 279, 277, 280, 278, 278, 276, 281, 278, 282, 287, 289, 295, 295,
    296, 295, 291, 289, 285, 278, 270, 266, 266, 265, 263, 268, 275, 280,
    288, 291, 292, 290, 286, 279, 273, 266, 264, 262, 262, 267, 272, 274,
    281, 283, 282, 287, 285, 282, 277, 275, 270, 266, 268, 268, 267, 269,
    274, 272, 278, 278, 282, 280, 284, 283, 283, 278, 278, 276, 274, 275,
    277, 277, 277, 274, 277 ]
headPositionsY: [ 72, 72, 73, 71, 72, 75, 75, 74, 71, 74, 73, 75, 76, 73,
    73, 72, 76, 72, 75, 71, 73, 72, 76, 72, 73, 75, 75, 72, 72, 74, 72,
    72, 73, 73, 73, 75, 74, 74, 74, 70, 70, 70, 70, 73, 72, 76, 75, 73,
    73, 74, 75, 76, 73, 73, 75, 73, 72, 72, 76, 77, 75, 73, 73, 76, 73,
    76, 75, 72, 75, 73, 75, 73, 75, 73, 75, 75, 75, 74, 70, 71, 76, 72,
    70, 71, 71, 75, 74, 72, 70, 71, 73, 71, 72, 72, 74, 74, 72, 71, 75,
    71 ]
