%YAML:1.0
---
videoName: "headShake32.mp4"
gestureLabel: 201
fps: 29
pixelSizeInCmTemp: 3.2808219178082193e-01
faceCenterPointX: 237
faceCenterPointY: 77
headPositionsX: [ 239, 234, 235, 235, 238, 237, 238, 238, 236, 241, 236,
    239, 240, 240, 240, 239, 239, 240, 238, 241, 242, 239, 239, 239, 241,
    242, 240, 242, 239, 238, 241, 240, 236, 240, 238, 240, 236, 238, 241,
    244, 243, 243, 246, 249, 249, 251, 251, 253, 252, 250, 249, 247, 247,
    245, 242, 238, 239, 232, 233, 231, 232, 228, 226, 227, 227, 227, 228,
    231, 233, 230, 237, 239, 243, 241, 245, 247, 246, 252, 247, 250, 248,
    248, 247, 245, 242, 245, 241, 238, 237, 241, 239, 239, 235, 239, 238,
    237, 236, 238, 237, 237 ]
headPositionsY: [ 77, 74, 75, 74, 76, 71, 73, 71, 72, 74, 72, 76, 73, 72,
    71, 71, 74, 73, 73, 73, 73, 73, 76, 74, 73, 75, 76, 75, 75, 74, 75,
    73, 74, 73, 75, 76, 75, 74, 72, 77, 72, 72, 74, 75, 71, 72, 75, 73,
    71, 71, 71, 75, 77, 78, 76, 74, 78, 78, 77, 77, 78, 75, 76, 78, 74,
    73, 75, 78, 77, 74, 76, 74, 77, 76, 74, 78, 73, 76, 73, 76, 74, 77,
    75, 76, 76, 76, 76, 76, 79, 79, 77, 76, 77, 79, 78, 79, 80, 79, 76,
    79 ]
