%YAML:1.0
---
videoName: "headShake47.mp4"
gestureLabel: 201
fps: 29
pixelSizeInCmTemp: 3.2364864864864862e-01
faceCenterPointX: 258
faceCenterPointY: 86
headPositionsX: [ 256, 261, 258, 259, 261, 262, 261, 259, 258, 262, 261,
    258, 258, 259, 260, 262, 259, 259, 258, 259, 257, 263, 261, 261, 261,
    259, 258, 263, 262, 260, 259, 260, 260, 258, 255, 254, 253, 252, 251,
    250, 248, 251, 253, 255, 261, 263, 267, 267, 265, 263, 258, 258, 251,
    253, 255, 260, 260, 262, 266, 264, 260, 258, 255, 251, 250, 253, 256,
    260, 264, 262, 263, 258, 256, 254, 254, 253, 254, 259, 264, 265, 265,
    263, 259, 256, 253, 256, 254, 256, 257, 257, 259, 259, 259, 257, 258,
    258, 257, 258, 259, 260 ]
headPositionsY: [ 85, 87, 83, 83, 84, 85, 85, 84, 84, 83, 86, 84, 83, 86,
    83, 85, 83, 85, 86, 86, 83, 85, 83, 82, 83, 85, 84, 85, 85, 85, 87,
    83, 87, 88, 83, 85, 83, 85, 83, 85, 87, 87, 86, 88, 86, 90, 87, 88,
    90, 88, 90, 89, 89, 90, 91, 90, 89, 90, 91, 88, 88, 87, 88, 87, 84,
    86, 89, 86, 88, 86, 89, 86, 88, 88, 85, 88, 88, 86, 88, 89, 88, 85,
    89, 85, 88, 85, 85, 84, 84, 88, 87, 88, 87, 85, 88, 87, 84, 86, 84,
    85 ]
