%YAML:1.0
---
videoName: "headShake11.mp4"
gestureLabel: 201
fps: 29
pixelSizeInCmTemp: 3.2364864864864862e-01
faceCenterPointX: 244
faceCenterPointY: 76
headPositionsX: [ 245, 240, 240, 240, 242, 244, 241, 244, 244, 244, 240,
    240, 243, 244, 241, 244, 241, 241, 244, 244, 242, 240, 243, 240, 244,
    240, 241, 243, 245, 251, 255, 256, 257, 259, 260, 261, 263, 256, 255,
    249, 246, 240, 236, 228, 227, 225, 231, 231, 232, 238, 247, 252, 253,
    257, 261, 256, 258, 251, 247, 243, 238, 235, 234, 230, 232, 231, 235,
    240, 242, 248, 253, 256, 257, 257, 256, 257, 254, 246, 245, 241, 238,
    235, 233, 233, 233, 239, 239, 240, 245, 246, 246, 247, 249, 249, 245,
    246, 247, 245, 247, 244 ]
headPositionsY: [ 78, 71, 72, 74, 71, 72, 74, 74, 71, 75, 74, 71, 71, 71,
    74, 71, 75, 71, 73, 75, 71, 73, 74, 74, 75, 73, 73, 71, 70, 73, 74,
    71, 70, 71, 71, 72, 75, 71, 75, 73, 75, 75, 74, 72, 74, 75, 73, 75,
    75, 77, 76, 74, 71, 74, 74, 74, 71, 75, 76, 77, 77, 78, 78, 76, 75,
    74, 74, 76, 76, 77, 74, 74, 71, 70, 76, 75, 75, 75, 78, 72, 74, 76,
    73, 72, 75, 74, 75, 74, 77, 76, 75, 77, 75, 73, 75, 74, 75, 78, 77,
    74 ]
