%YAML:1.0
---
videoName: "headShake49.mp4"
gestureLabel: 201
fps: 30
pixelSizeInCmTemp: 2.8855421686746985e-01
faceCenterPointX: 259
faceCenterPointY: 84
headPositionsX: [ 257, 262, 258, 258, 260, 260, 263, 258, 261, 260, 260,
    261, 259, 262, 258, 260, 261, 260, 260, 261, 261, 260, 262, 260, 261,
    259, 260, 258, 260, 263, 259, 259, 265, 264, 267, 273, 274, 281, 281,
    282, 284, 280, 269, 268, 258, 253, 250, 250, 251, 255, 263, 267, 274,
    273, 273, 266, 263, 254, 249, 248, 246, 250, 255, 259, 264, 269, 270,
    268, 263, 261, 256, 251, 256, 255, 259, 262, 265, 266, 271, 270, 266,
    265, 263, 260, 259, 259, 258, 261, 257, 261, 259, 262, 256, 261, 261,
    258, 260, 261, 260, 261 ]
headPositionsY: [ 85, 83, 82, 80, 81, 79, 81, 82, 80, 80, 80, 78, 82, 81,
    78, 82, 81, 83, 81, 80, 82, 83, 81, 79, 82, 82, 80, 80, 83, 80, 82,
    82, 80, 79, 84, 83, 81, 80, 78, 79, 78, 79, 80, 82, 83, 81, 84, 85,
    82, 83, 85, 83, 85, 85, 85, 86, 85, 86, 87, 84, 84, 83, 86, 82, 83,
    84, 82, 84, 86, 82, 87, 83, 84, 84, 84, 83, 83, 84, 83, 84, 87, 87,
    87, 84, 82, 84, 86, 84, 84, 87, 84, 86, 84, 84, 85, 82, 87, 85, 87,
    84 ]
