%YAML:1.0
---
videoName: "headShake4.mp4"
gestureLabel: 201
fps: 30
pixelSizeInCmTemp: 3.2364864864864862e-01
faceCenterPointX: 237
faceCenterPointY: 101
headPositionsX: [ 239, 242, 244, 249, 249, 252, 255, 255, 255, 248, 244,
    239, 233, 226, 224, 223, 227, 229, 238, 240, 247, 251, 255, 249, 250,
    248, 240, 234, 229, 226, 222, 225, 227, 230, 234, 240, 245, 250, 254,
    255, 254, 253, 246, 244, 238, 233, 231, 225, 224, 223, 227, 229, 234,
    239, 242, 244, 245, 250, 248, 246, 247, 245, 241, 235, 233, 234, 229,
    231, 230, 230, 232, 236, 235, 236, 241, 241, 239, 240, 239, 242, 243,
    240, 240, 237, 239, 235, 237, 235, 235, 240, 236, 238, 235, 235, 239,
    237, 237, 235, 235, 236 ]
headPositionsY: [ 101, 100, 98, 100, 99, 96, 96, 100, 96, 100, 100, 99,
    100, 100, 96, 98, 99, 99, 100, 98, 98, 100, 97, 99, 100, 98, 100, 99,
    99, 100, 97, 97, 99, 99, 100, 99, 99, 98, 98, 101, 99, 97, 100, 101,
    99, 99, 100, 100, 101, 99, 98, 101, 98, 100, 99, 100, 101, 102, 97,
    100, 99, 99, 100, 100, 99, 98, 101, 99, 100, 99, 101, 97, 101, 98,
    99, 100, 101, 98, 103, 102, 102, 102, 99, 102, 102, 103, 98, 101,
    101, 103, 101, 101, 97, 101, 98, 100, 101, 98, 98, 100 ]
