%YAML:1.0
---
videoName: "headShake6.mp4"
gestureLabel: 201
fps: 29
pixelSizeInCmTemp: 3.2808219178082193e-01
faceCenterPointX: 244
faceCenterPointY: 68
headPositionsX: [ 244, 244, 246, 245, 245, 246, 243, 246, 246, 246, 245,
    243, 245, 246, 245, 243, 245, 246, 242, 246, 247, 245, 247, 242, 247,
    247, 246, 245, 249, 252, 257, 256, 260, 262, 265, 258, 260, 252, 245,
    242, 238, 231, 229, 231, 234, 241, 241, 251, 255, 258, 259, 256, 258,
    255, 249, 244, 236, 235, 232, 231, 233, 236, 235, 241, 244, 247, 250,
    250, 250, 247, 244, 242, 240, 241, 240, 239, 239, 239, 237, 241, 241,
    244, 244, 245, 246, 246, 243, 242, 245, 242, 244, 244, 243, 246, 242,
    246, 242, 245, 246, 245 ]
headPositionsY: [ 67, 66, 65, 65, 66, 67, 67, 68, 67, 67, 67, 66, 65, 64,
    67, 66, 67, 67, 68, 65, 65, 68, 70, 66, 69, 66, 67, 69, 67, 68, 65,
    65, 66, 66, 68, 63, 65, 69, 66, 66, 69, 66, 67, 68, 66, 66, 66, 70,
    66, 67, 68, 69, 65, 69, 68, 70, 67, 66, 70, 69, 70, 65, 66, 69, 68,
    66, 69, 67, 66, 67, 70, 67, 70, 66, 66, 66, 65, 66, 68, 68, 68, 68,
    66, 69, 66, 68, 69, 68, 69, 67, 70, 70, 66, 67, 69, 70, 67, 71, 70,
    68 ]
