%YAML:1.0
---
videoName: "headShake4.mp4"
gestureLabel: 201
fps: 30
pixelSizeInCmTemp: 3.2364864864864862e-01
faceCenterPointX: 237
faceCenterPointY: 101
headPositionsX: [ 238, 240, 244, 248, 251, 255, 253, 256, 252, 251, 246,
    238, 233, 228, 224, 226, 225, 230, 238, 244, 250, 250, 252, 250, 248,
    246, 238, 235, 230, 225, 223, 224, 225, 231, 232, 240, 245, 251, 253,
    256, 257, 251, 248, 242, 236, 233, 228, 225, 222, 227, 228, 232, 235,
    240, 240, 247, 249, 246, 249, 250, 247, 246, 239, 239, 234, 234, 231,
    233, 228, 229, 235, 236, 237, 238, 240, 241, 242, 244, 241, 241, 243,
    239, 242, 237, 239, 237, 238, 238, 238, 239, 238, 237, 235, 238, 236,
    239, 238, 239, 237, 236 ]
headPositionsY: [ 99, 100, 100, 99, 100, 96, 96, 100, 99, 100, 99, 101,
    97, 101, 98, 96, 96, 98, 102, 99, 99, 97, 98, 96, 98, 102, 101, 101,
    100, 100, 97, 97, 98, 99, 98, 98, 100, 101, 97, 101, 99, 96, 100, 99,
    100, 99, 98, 101, 98, 99, 101, 98, 102, 99, 99, 100, 98, 98, 99, 97,
    100, 99, 102, 101, 101, 98, 102, 102, 100, 99, 102, 100, 97, 99, 99,
    99, 102, 100, 100, 100, 98, 99, 99, 102, 102, 99, 102, 100, 101, 102,
    98, 98, 100, 99, 99, 99, 102, 98, 99, 101 ]
