%YAML:1.0
---
videoName: "headShake4.mp4"
gestureLabel: 201
fps: 30
pixelSizeInCmTemp: 3.2364864864864862e-01
faceCenterPointX: 237
faceCenterPointY: 101
headPositionsX: [ 238, 244, 246, 248, 252, 253, 255, 252, 251, 249, 244,
    239, 232, 229, 226, 223, 227, 230, 238, 242, 247, 252, 252, 252, 251,
    245, 241, 232, 232, 223, 224, 226, 223, 231, 233, 243, 248, 249, 256,
    258, 257, 252, 248, 244, 235, 231, 228, 223, 226, 223, 229, 231, 235,
    236, 242, 244, 246, 250, 251, 246, 248, 245, 242, 235, 232, 232, 232,
    229, 230, 231, 231, 236, 233, 235, 240, 242, 239, 240, 240, 243, 239,
    242, 240, 237, 240, 236, 238, 239, 235, 238, 234, 238, 235, 236, 239,
    237, 238, 236, 235, 236 ]
headPositionsY: [ 102, 101, 100, 99, 98, 97, 97, 99, 96, 101, 100, 102,
    97, 101, 100, 100, 96, 97, 99, 101, 96, 98, 99, 100, 98, 102, 101,
    101, 99, 97, 99, 100, 98, 98, 100, 99, 100, 101, 97, 99, 101, 98, 97,
    99, 101, 101, 101, 100, 101, 98, 97, 102, 101, 103, 100, 98, 98, 101,
    99, 100, 98, 99, 103, 99, 100, 98, 100, 100, 100, 101, 100, 97, 98,
    102, 100, 100, 103, 102, 102, 102, 100, 99, 102, 100, 98, 103, 102,
    102, 100, 100, 98, 100, 97, 101, 98, 101, 102, 100, 102, 102 ]
