%YAML:1.0
---
videoName: "headShake35.mp4"
gestureLabel: 201
fps: 29
pixelSizeInCmTemp: 3.2364864864864862e-01
faceCenterPointX: 267
faceCenterPointY: 82
headPositionsX: [ 269, 266, 266, 267, 267, 267, 270, 268, 267, 266, 268,
    266, 270, 269, 266, 268, 267, 269, 269, 268, 267, 269, 267, 269, 267,
    268, 268, 268, 268, 270, 266, 266, 268, 267, 269, 270, 266, 266, 268,
    269, 269, 267, 265, 268, 265, 268, 269, 269, 266, 266, 266, 265, 270,
    266, 265, 270, 266, 266, 267, 266, 269, 267, 268, 270, 273, 276, 280,
    281, 279, 278, 276, 271, 266, 260, 262, 257, 260, 262, 264, 269, 271,
    276, 274, 272, 272, 268, 262, 262, 264, 261, 263, 262, 263, 266, 269,
    267, 268, 268, 267, 266 ]
headPositionsY: [ 82, 79, 82, 80, 80, 79, 81, 81, 80, 78, 78, 80, 80, 82,
    78, 79, 80, 81, 79, 78, 78, 79, 78, 82, 78, 80, 77, 81, 79, 79, 82,
    80, 80, 78, 82, 78, 82, 81, 82, 78, 79, 80, 78, 80, 79, 78, 82, 82,
    79, 81, 80, 78, 80, 79, 79, 82, 79, 80, 81, 78, 81, 79, 78, 83, 80,
    81, 78, 81, 78, 83, 81, 83, 80, 80, 81, 80, 82, 80, 84, 84, 84, 81,
    83, 80, 84, 80, 81, 82, 82, 82, 80, 80, 81, 83, 83, 79, 82, 82, 79,
    80 ]
