%YAML:1.0
---
videoName: "headShake21.mp4"
gestureLabel: 201
fps: 29
pixelSizeInCmTemp: 3.1933333333333330e-01
faceCenterPointX: 241
faceCenterPointY: 78
headPositionsX: [ 239, 245, 242, 245, 241, 242, 242, 244, 242, 243, 239,
    242, 241, 240, 243, 240, 243, 241, 245, 242, 244, 242, 244, 243, 245,
    243, 242, 242, 242, 244, 244, 243, 244, 245, 242, 244, 240, 243, 241,
    241, 240, 244, 243, 241, 239, 241, 239, 240, 241, 239, 242, 239, 240,
    241, 242, 243, 243, 240, 243, 244, 239, 238, 239, 241, 238, 240, 238,
    243, 247, 249, 250, 252, 251, 250, 246, 240, 237, 234, 233, 233, 237,
    236, 239, 240, 242, 244, 243, 244, 240, 239, 237, 236, 237, 236, 239,
    242, 242, 243, 241, 240 ]
headPositionsY: [ 80, 82, 81, 78, 76, 73, 73, 73, 74, 70, 72, 72, 69, 68,
    70, 69, 69, 72, 70, 69, 70, 70, 72, 74, 75, 75, 74, 72, 74, 78, 77,
    76, 75, 77, 74, 77, 77, 79, 79, 77, 76, 77, 77, 79, 77, 78, 78, 77,
    79, 76, 76, 76, 75, 79, 79, 79, 76, 75, 76, 78, 76, 76, 79, 79, 78,
    81, 80, 75, 77, 78, 75, 76, 79, 77, 78, 80, 79, 77, 78, 79, 77, 76,
    76, 80, 79, 79, 76, 77, 79, 78, 79, 76, 80, 77, 76, 79, 80, 77, 80,
    77 ]
