%YAML:1.0
---
videoName: "headShake45.mp4"
gestureLabel: 201
fps: 30
pixelSizeInCmTemp: 3.3263888888888887e-01
faceCenterPointX: 262
faceCenterPointY: 84
headPositionsX: [ 262, 261, 264, 263, 264, 262, 262, 263, 263, 262, 260,
    262, 260, 264, 262, 262, 262, 264, 264, 263, 263, 263, 260, 263, 263,
    262, 260, 263, 260, 260, 262, 264, 264, 261, 263, 261, 261, 258, 259,
    257, 253, 258, 258, 263, 270, 277, 277, 282, 278, 279, 272, 265, 260,
    255, 256, 255, 256, 262, 270, 273, 275, 275, 270, 266, 264, 260, 258,
    256, 256, 260, 263, 270, 272, 271, 269, 268, 263, 259, 257, 257, 258,
    256, 261, 261, 263, 263, 262, 261, 262, 259, 258, 263, 263, 263, 261,
    262, 262, 263, 262, 262 ]
headPositionsY: [ 82, 82, 80, 83, 80, 79, 83, 80, 80, 85, 83, 83, 82, 80,
    80, 83, 83, 85, 82, 80, 81, 79, 81, 82, 81, 82, 81, 82, 80, 83, 80,
    82, 82, 84, 80, 80, 85, 83, 84, 82, 80, 81, 82, 80, 82, 83, 80, 82,
    79, 80, 85, 85, 84, 80, 84, 84, 81, 83, 82, 79, 81, 83, 80, 81, 81,
    83, 86, 85, 81, 82, 84, 82, 81, 82, 80, 84, 85, 82, 84, 81, 81, 80,
    83, 83, 85, 81, 83, 81, 83, 85, 81, 81, 81, 81, 81, 82, 82, 85, 81,
    85 ]
