%YAML:1.0
---
videoName: "headShake11.mp4"
gestureLabel: 201
fps: 29
pixelSizeInCmTemp: 3.2364864864864862e-01
faceCenterPointX: 244
faceCenterPointY: 76
headPositionsX: [ 243, 240, 241, 239, 243, 244, 245, 242, 244, 241, 244,
    240, 244, 242, 240, 240, 240, 243, 244, 243, 240, 244, 243, 243, 242,
    241, 245, 245, 246, 249, 254, 259, 261, 259, 262, 261, 260, 260, 252,
    247, 246, 238, 234, 232, 228, 228, 231, 233, 235, 240, 246, 248, 254,
    256, 259, 258, 254, 254, 248, 242, 240, 236, 232, 232, 232, 231, 236,
    241, 242, 248, 250, 254, 259, 256, 257, 256, 254, 249, 247, 238, 239,
    233, 236, 236, 235, 236, 240, 244, 243, 247, 249, 249, 248, 245, 245,
    248, 247, 244, 243, 242 ]
headPositionsY: [ 78, 72, 72, 71, 71, 73, 73, 74, 75, 75, 75, 71, 72, 71,
    72, 72, 75, 72, 72, 75, 73, 71, 73, 75, 75, 75, 75, 72, 74, 73, 74,
    74, 72, 71, 71, 71, 75, 72, 72, 76, 75, 74, 75, 73, 72, 74, 76, 74,
    74, 73, 77, 74, 72, 72, 76, 72, 72, 73, 73, 75, 78, 77, 76, 76, 74,
    77, 74, 74, 77, 74, 75, 72, 71, 73, 76, 71, 73, 75, 74, 74, 76, 74,
    75, 72, 75, 73, 77, 75, 73, 76, 77, 73, 74, 74, 74, 74, 74, 76, 73,
    75 ]
