%YAML:1.0
---
videoName: "headShake38.mp4"
gestureLabel: 201
fps: 29
pixelSizeInCmTemp: 3.2808219178082193e-01
faceCenterPointX: 259
faceCenterPointY: 84
headPositionsX: [ 260, 262, 263, 265, 263, 264, 263, 263, 262, 261, 266,
    261, 264, 265, 263, 265, 265, 262, 263, 263, 266, 261, 264, 260, 265,
    264, 265, 263, 264, 262, 265, 262, 265, 263, 261, 261, 261, 263, 261,
    264, 261, 261, 258, 257, 254, 251, 246, 247, 247, 251, 261, 267, 271,
    275, 280, 275, 270, 260, 255, 251, 248, 249, 256, 258, 265, 271, 272,
    271, 266, 260, 252, 251, 249, 247, 250, 253, 259, 265, 264, 266, 271,
    268, 268, 267, 263, 265, 260, 259, 259, 258, 262, 262, 260, 260, 263,
    260, 260, 259, 258, 261 ]
headPositionsY: [ 86, 82, 82, 81, 85, 83, 83, 84, 83, 84, 85, 85, 83, 84,
    81, 84, 81, 86, 81, 83, 84, 83, 83, 82, 81, 86, 81, 85, 82, 85, 83,
    85, 84, 85, 85, 86, 85, 86, 83, 84, 84, 84, 84, 84, 83, 82, 83, 83,
    81, 86, 86, 84, 82, 84, 83, 81, 84, 85, 86, 85, 83, 81, 84, 82, 82,
    85, 82, 82, 85, 83, 86, 82, 86, 85, 84, 84, 81, 85, 85, 83, 83, 84,
    84, 83, 85, 83, 83, 86, 85, 84, 82, 85, 84, 84, 87, 83, 84, 83, 84,
    86 ]
