%YAML:1.0
---
videoName: "headShake27.mp4"
gestureLabel: 201
fps: 29
pixelSizeInCmTemp: 3.3263888888888887e-01
faceCenterPointX: 244
faceCenterPointY: 78
headPositionsX: [ 246, 248, 248, 249, 251, 254, 254, 252, 256, 258, 255,
    256, 256, 256, 253, 248, 247, 245, 245, 242, 242, 240, 235, 234, 236,
    235, 230, 234, 229, 232, 232, 235, 232, 237, 238, 241, 239, 241, 244,
    249, 247, 247, 251, 247, 248, 248, 249, 248, 246, 247, 245, 244, 244,
    240, 239, 235, 236, 233, 235, 234, 232, 231, 235, 236, 233, 235, 234,
    239, 241, 242, 240, 246, 246, 245, 250, 249, 248, 249, 250, 248, 246,
    246, 247, 246, 244, 244, 246, 245, 245, 247, 244, 244, 244, 244, 245,
    242, 245, 246, 243, 245 ]
headPositionsY: [ 80, 79, 75, 77, 77, 76, 78, 77, 75, 78, 78, 75, 75, 76,
    78, 76, 77, 76, 77, 80, 78, 78, 76, 80, 78, 78, 76, 76, 80, 78, 80,
    79, 81, 76, 81, 80, 79, 80, 82, 77, 80, 80, 80, 78, 82, 79, 79, 79,
    78, 77, 78, 79, 79, 80, 76, 80, 77, 76, 78, 79, 78, 76, 81, 78, 78,
    81, 79, 81, 78, 80, 78, 82, 77, 81, 81, 82, 79, 78, 79, 79, 79, 81,
    78, 78, 81, 78, 81, 82, 80, 80, 80, 80, 81, 80, 79, 79, 78, 77, 77,
    78 ]
