%YAML:1.0
---
videoName: "headShake25.mp4"
gestureLabel: 201
fps: 30
pixelSizeInCmTemp: 3.2364864864864862e-01
faceCenterPointX: 241
faceCenterPointY: 79
headPositionsX: [ 241, 252, 254, 253, 252, 252, 248, 247, 246, 245, 240,
    235, 238, 235, 234, 230, 232, 231, 230, 229, 232, 231, 234, 234, 238,
    240, 246, 245, 250, 249, 248, 249, 249, 247, 248, 244, 243, 241, 240,
    233, 232, 233, 229, 231, 230, 229, 231, 231, 234, 239, 237, 241, 241,
    247, 247, 247, 250, 248, 249, 251, 250, 250, 250, 244, 243, 241, 242,
    240, 238, 235, 232, 234, 235, 234, 237, 236, 234, 233, 235, 236, 239,
    239, 240, 240, 243, 244, 244, 245, 245, 240, 242, 244, 240, 243, 243,
    240, 240, 241, 240, 239 ]
headPositionsY: [ 78, 78, 77, 79, 78, 79, 78, 80, 78, 75, 78, 75, 76, 79,
    77, 77, 78, 79, 79, 77, 79, 78, 80, 79, 80, 78, 81, 76, 77, 77, 78,
    78, 77, 81, 77, 81, 78, 78, 81, 77, 77, 79, 78, 79, 76, 79, 79, 79,
    78, 77, 79, 76, 78, 80, 77, 78, 78, 78, 75, 78, 79, 78, 80, 81, 77,
    78, 78, 78, 76, 81, 78, 80, 77, 76, 79, 77, 76, 80, 77, 78, 77, 80,
    78, 77, 81, 79, 77, 77, 80, 79, 79, 81, 77, 78, 77, 80, 80, 81, 80,
    78 ]
