%YAML:1.0
---
videoName: "headShake30.mp4"
gestureLabel: 201
fps: 29
pixelSizeInCmTemp: 3.2808219178082193e-01
faceCenterPointX: 240
faceCenterPointY: 68
headPositionsX: [ 242, 232, 231, 233, 231, 232, 234, 231, 233, 236, 235,
    237, 236, 239, 239, 240, 243, 243, 243, 245, 246, 241, 243, 244, 246,
    240, 240, 243, 241, 242, 238, 240, 242, 242, 240, 241, 239, 240, 241,
    248, 252, 253, 258, 260, 258, 259, 259, 256, 250, 243, 239, 232, 226,
    222, 224, 223, 231, 236, 240, 248, 252, 254, 253, 253, 247, 240, 239,
    233, 226, 225, 227, 230, 233, 237, 242, 245, 250, 249, 253, 251, 246,
    242, 244, 238, 239, 234, 237, 237, 238, 239, 240, 240, 242, 239, 239,
    241, 242, 240, 239, 240 ]
headPositionsY: [ 69, 53, 56, 57, 57, 58, 62, 60, 63, 62, 62, 66, 66, 64,
    66, 65, 63, 65, 66, 64, 66, 63, 64, 66, 65, 64, 65, 65, 66, 66, 63,
    67, 68, 64, 65, 67, 67, 68, 66, 68, 64, 66, 63, 63, 64, 63, 67, 67,
    65, 67, 66, 68, 69, 69, 66, 69, 68, 67, 70, 71, 68, 64, 66, 66, 68,
    71, 69, 70, 66, 68, 70, 70, 67, 66, 70, 68, 64, 65, 69, 65, 68, 66,
    68, 70, 65, 69, 69, 70, 67, 69, 70, 69, 67, 70, 69, 66, 67, 70, 71,
    70 ]
