%YAML:1.0
---
videoName: "headShake44.mp4"
gestureLabel: 201
fps: 30
pixelSizeInCmTemp: 3.2808219178082193e-01
faceCenterPointX: 260
faceCenterPointY: 84
headPositionsX: [ 259, 261, 260, 263, 262, 263, 260, 259, 261, 259, 264,
    259, 263, 261, 263, 261, 263, 263, 260, 261, 263, 259, 262, 262, 259,
    260, 263, 263, 261, 260, 260, 262, 262, 261, 260, 259, 259, 260, 264,
    261, 267, 268, 270, 276, 273, 276, 270, 268, 264, 258, 255, 253, 249,
    251, 256, 263, 264, 271, 273, 269, 265, 260, 259, 256, 255, 255, 261,
    266, 268, 269, 272, 269, 267, 262, 257, 252, 253, 252, 255, 257, 256,
    258, 259, 262, 260, 260, 262, 262, 264, 262, 262, 258, 262, 264, 259,
    262, 262, 261, 262, 261 ]
headPositionsY: [ 82, 84, 81, 83, 81, 83, 82, 81, 81, 83, 84, 82, 81, 80,
    84, 80, 82, 83, 81, 82, 85, 82, 84, 81, 81, 80, 85, 82, 83, 83, 81,
    83, 83, 84, 83, 84, 85, 82, 81, 81, 81, 82, 82, 82, 84, 81, 81, 85,
    85, 83, 84, 84, 86, 86, 83, 83, 84, 84, 82, 83, 84, 85, 83, 86, 86,
    84, 85, 83, 83, 83, 81, 81, 85, 82, 81, 83, 86, 86, 85, 85, 83, 85,
    85, 86, 83, 86, 85, 84, 84, 84, 86, 85, 85, 85, 84, 85, 84, 88, 85,
    83 ]
