%YAML:1.0
---
videoName: "headShake44.mp4"
gestureLabel: 201
fps: 30
pixelSizeInCmTemp: 3.2808219178082193e-01
faceCenterPointX: 260
faceCenterPointY: 84
headPositionsX: [ 262, 263, 262, 263, 263, 262, 262, 260, 262, 261, 260,
    262, 263, 261, 262, 262, 259, 261, 262, 261, 263, 260, 261, 259, 260,
    260, 263, 260, 261, 260, 259, 263, 261, 263, 261, 258, 258, 262, 262,
    265, 267, 270, 270, 272, 277, 276, 270, 265, 262, 254, 253, 251, 248,
    251, 254, 260, 266, 269, 272, 271, 266, 264, 258, 254, 256, 254, 261,
    262, 271, 271, 271, 268, 265, 260, 259, 256, 254, 253, 251, 253, 255,
    257, 258, 264, 262, 262, 260, 263, 263, 260, 259, 262, 259, 261, 260,
    262, 261, 260, 262, 259 ]
headPositionsY: [ 85, 83, 81, 81, 81, 81, 84, 81, 84, 81, 81, 83, 82, 83,
    81, 83, 82, 82, 83, 80, 84, 84, 84, 81, 83, 81, 83, 81, 85, 84, 83,
    82, 81, 82, 82, 84, 85, 85, 83, 81, 81, 84, 81, 82, 82, 84, 82, 87,
    86, 83, 83, 82, 83, 84, 85, 87, 83, 82, 82, 85, 83, 84, 83, 83, 86,
    85, 83, 85, 84, 82, 82, 82, 85, 82, 85, 84, 86, 85, 83, 85, 85, 86,
    86, 82, 81, 83, 86, 85, 84, 83, 82, 84, 83, 86, 82, 87, 85, 86, 87,
    87 ]
