%YAML:1.0
---
videoName: "headShake25.mp4"
gestureLabel: 201
fps: 30
pixelSizeInCmTemp: 3.2364864864864862e-01
faceCenterPointX: 241
faceCenterPointY: 79
headPositionsX: [ 239, 255, 253, 254, 254, 253, 249, 247, 248, 241, 240,
    235, 235, 232, 234, 233, 229, 228, 229, 228, 229, 230, 235, 235, 237,
    242, 245, 246, 250, 247, 250, 248, 250, 249, 247, 243, 245, 242, 238,
    233, 233, 232, 232, 229, 230, 228, 229, 233, 232, 239, 239, 241, 243,
    245, 249, 248, 252, 249, 249, 250, 252, 247, 250, 246, 243, 244, 240,
    237, 236, 239, 232, 234, 234, 233, 236, 236, 234, 235, 238, 238, 239,
    238, 242, 239, 243, 243, 241, 241, 243, 242, 243, 241, 242, 239, 239,
    239, 240, 240, 242, 242 ]
headPositionsY: [ 81, 76, 75, 78, 75, 78, 79, 80, 76, 78, 77, 78, 80, 76,
    75, 78, 79, 76, 76, 76, 76, 79, 80, 78, 76, 78, 77, 78, 80, 80, 78,
    78, 80, 80, 80, 80, 78, 78, 81, 80, 76, 79, 80, 80, 78, 76, 78, 79,
    78, 79, 81, 78, 80, 80, 81, 80, 81, 79, 79, 79, 79, 79, 77, 80, 79,
    78, 77, 77, 78, 80, 78, 80, 80, 77, 80, 79, 77, 76, 80, 78, 81, 77,
    78, 76, 79, 80, 80, 79, 78, 79, 79, 81, 81, 79, 77, 77, 81, 80, 77,
    81 ]
