%YAML:1.0
---
videoName: "headShake15.mp4"
gestureLabel: 201
fps: 29
pixelSizeInCmTemp: 3.3263888888888887e-01
faceCenterPointX: 243
faceCenterPointY: 76
headPositionsX: [ 244, 244, 241, 241, 245, 246, 246, 243, 244, 245, 241,
    245, 243, 246, 244, 243, 241, 243, 244, 242, 243, 241, 245, 241, 241,
    241, 242, 245, 245, 243, 242, 243, 241, 244, 245, 244, 243, 241, 241,
    242, 242, 243, 243, 242, 243, 240, 244, 241, 242, 244, 244, 241, 241,
    241, 244, 243, 243, 245, 242, 244, 242, 242, 246, 248, 248, 255, 252,
    260, 258, 258, 258, 254, 248, 245, 244, 240, 236, 237, 238, 240, 241,
    243, 245, 244, 245, 246, 244, 246, 243, 243, 243, 240, 240, 244, 242,
    240, 244, 242, 240, 243 ]
headPositionsY: [ 78, 77, 77, 73, 76, 75, 73, 74, 76, 76, 73, 77, 75, 77,
    74, 73, 72, 75, 75, 75, 74, 72, 75, 74, 74, 76, 76, 76, 76, 76, 77,
    74, 77, 75, 73, 74, 75, 74, 77, 74, 74, 74, 76, 78, 73, 77, 74, 74,
    77, 75, 75, 76, 77, 73, 76, 74, 77, 78, 78, 76, 76, 73, 77, 75, 77,
    74, 71, 72, 72, 76, 75, 74, 75, 77, 78, 75, 78, 73, 74, 76, 75, 75,
    77, 77, 77, 78, 79, 77, 76, 79, 74, 78, 77, 76, 75, 76, 75, 77, 75,
    79 ]
