%YAML:1.0
---
videoName: "headShake17.mp4"
gestureLabel: 201
fps: 29
pixelSizeInCmTemp: 3.3263888888888887e-01
faceCenterPointX: 242
faceCenterPointY: 76
headPositionsX: [ 243, 239, 237, 239, 238, 241, 240, 241, 247, 245, 251,
    256, 258, 259, 258, 258, 256, 250, 245, 239, 236, 235, 231, 226, 226,
    229, 229, 231, 235, 242, 243, 245, 252, 251, 252, 251, 251, 253, 250,
    247, 240, 238, 235, 235, 230, 234, 232, 231, 233, 235, 238, 241, 242,
    243, 243, 247, 247, 243, 246, 244, 242, 240, 243, 242, 240, 237, 241,
    237, 242, 242, 238, 239, 240, 239, 238, 241, 239, 241, 242, 240, 243,
    243, 241, 242, 240, 239, 243, 241, 243, 241, 242, 242, 240, 243, 240,
    239, 240, 239, 242, 243 ]
headPositionsY: [ 74, 75, 74, 79, 77, 74, 77, 77, 76, 74, 76, 74, 73, 73,
    77, 76, 74, 74, 78, 75, 77, 77, 77, 78, 76, 77, 78, 77, 78, 75, 74,
    74, 74, 76, 73, 76, 74, 78, 76, 76, 75, 76, 79, 75, 77, 75, 77, 76,
    76, 75, 74, 75, 76, 75, 76, 76, 77, 75, 75, 79, 77, 77, 78, 75, 75,
    74, 75, 74, 77, 79, 76, 75, 75, 74, 76, 76, 78, 76, 79, 74, 78, 77,
    79, 74, 75, 77, 78, 77, 76, 77, 78, 78, 74, 75, 76, 76, 75, 74, 78,
    76 ]
