%YAML:1.0
---
videoName: "headShake21.mp4"
gestureLabel: 201
fps: 29
pixelSizeInCmTemp: 3.1933333333333330e-01
faceCenterPointX: 241
faceCenterPointY: 78
headPositionsX: [ 239, 243, 243, 241, 241, 242, 241, 244, 242, 242, 241,
    239, 243, 240, 239, 242, 243, 242, 242, 241, 245, 245, 245, 241, 241,
    244, 244, 241, 242, 242, 245, 242, 245, 243, 244, 244, 243, 244, 242,
    240, 243, 241, 243, 243, 239, 242, 240, 241, 242, 240, 240, 239, 243,
    242, 243, 242, 242, 243, 242, 242, 240, 238, 242, 240, 240, 239, 237,
    240, 246, 247, 250, 253, 252, 249, 246, 244, 238, 235, 231, 231, 238,
    237, 237, 241, 242, 240, 244, 244, 237, 239, 238, 237, 240, 239, 240,
    239, 243, 239, 242, 239 ]
headPositionsY: [ 80, 82, 82, 80, 78, 75, 73, 75, 70, 74, 69, 70, 73, 68,
    71, 69, 72, 72, 69, 70, 74, 72, 73, 71, 73, 73, 74, 73, 76, 75, 74,
    77, 78, 74, 76, 76, 76, 77, 75, 77, 76, 79, 76, 78, 79, 79, 77, 78,
    77, 78, 77, 80, 79, 76, 78, 80, 79, 77, 79, 80, 75, 78, 76, 76, 80,
    78, 79, 79, 77, 76, 75, 75, 79, 77, 77, 80, 77, 79, 75, 79, 76, 80,
    78, 77, 80, 79, 77, 80, 78, 80, 80, 80, 81, 77, 80, 76, 78, 80, 81,
    76 ]
