%YAML:1.0
---
videoName: "headShake0.mp4"
gestureLabel: 201
fps: 29
pixelSizeInCmTemp: 3.2808219178082193e-01
faceCenterPointX: 279
faceCenterPointY: 94
headPositionsX: [ 279, 277, 280, 279, 278, 280, 280, 280, 277, 278, 281,
    279, 280, 277, 277, 281, 277, 279, 280, 278, 278, 280, 279, 279, 277,
    278, 280, 279, 278, 280, 277, 280, 280, 278, 278, 280, 281, 276, 277,
    278, 281, 283, 285, 285, 290, 297, 299, 299, 301, 299, 298, 293, 287,
    282, 276, 275, 270, 274, 272, 276, 282, 287, 287, 289, 292, 286, 286,
    281, 276, 275, 271, 270, 275, 277, 277, 284, 282, 285, 283, 284, 279,
    278, 279, 274, 275, 276, 275, 276, 277, 278, 280, 280, 277, 280, 278,
    280, 281, 281, 281, 279 ]
headPositionsY: [ 92, 91, 91, 93, 91, 93, 94, 93, 91, 94, 94, 90, 92, 95,
    94, 95, 94, 94, 95, 94, 94, 92, 92, 92, 95, 91, 93, 94, 91, 93, 90,
    94, 91, 94, 93, 92, 91, 91, 91, 93, 92, 93, 91, 93, 91, 92, 91, 89,
    90, 92, 93, 93, 92, 93, 94, 91, 93, 92, 90, 92, 92, 91, 90, 94, 91,
    90, 92, 91, 92, 91, 93, 95, 93, 93, 91, 94, 94, 92, 95, 95, 92, 94,
    91, 94, 95, 92, 96, 95, 96, 94, 93, 93, 93, 96, 97, 93, 93, 95, 96,
    97 ]
