%YAML:1.0
---
videoName: "headShake26.mp4"
gestureLabel: 201
fps: 30
pixelSizeInCmTemp: 3.2808219178082193e-01
faceCenterPointX: 243
faceCenterPointY: 78
headPositionsX: [ 245, 239, 242, 241, 240, 241, 246, 245, 248, 246, 250,
    249, 253, 253, 253, 251, 249, 247, 249, 246, 241, 239, 234, 234, 229,
    231, 230, 229, 229, 229, 230, 235, 239, 241, 247, 246, 251, 251, 250,
    253, 256, 252, 250, 248, 245, 242, 241, 235, 233, 231, 231, 231, 228,
    228, 232, 235, 239, 238, 243, 249, 246, 249, 253, 254, 251, 254, 251,
    250, 247, 248, 245, 243, 239, 240, 239, 235, 234, 239, 234, 236, 236,
    239, 237, 239, 241, 240, 239, 244, 245, 241, 243, 243, 246, 246, 247,
    243, 244, 243, 245, 242 ]
headPositionsY: [ 78, 79, 76, 76, 77, 78, 80, 76, 77, 77, 79, 76, 79, 75,
    76, 76, 79, 76, 80, 77, 80, 76, 79, 79, 78, 74, 77, 75, 76, 78, 74,
    76, 78, 75, 77, 74, 75, 76, 74, 75, 78, 76, 78, 77, 80, 76, 79, 76,
    77, 79, 76, 73, 75, 75, 77, 78, 78, 77, 78, 79, 77, 75, 78, 76, 76,
    76, 80, 77, 79, 80, 80, 80, 77, 77, 77, 79, 78, 76, 77, 80, 78, 80,
    78, 80, 79, 78, 78, 76, 81, 78, 79, 78, 81, 77, 77, 79, 77, 80, 78,
    81 ]
