%YAML:1.0
---
videoName: "headShake28.mp4"
gestureLabel: 201
fps: 29
pixelSizeInCmTemp: 3.2808219178082193e-01
faceCenterPointX: 242
faceCenterPointY: 80
headPositionsX: [ 241, 242, 242, 243, 243, 243, 241, 240, 242, 239, 240,
    242, 242, 243, 243, 243, 244, 241, 243, 244, 244, 241, 240, 240, 239,
    241, 240, 241, 243, 242, 241, 242, 240, 244, 244, 240, 241, 243, 245,
    241, 245, 244, 246, 244, 244, 244, 244, 245, 245, 244, 239, 236, 234,
    227, 233, 232, 238, 244, 247, 251, 255, 255, 254, 248, 245, 242, 234,
    232, 233, 233, 240, 243, 250, 251, 251, 254, 251, 252, 249, 245, 242,
    238, 240, 238, 238, 235, 237, 240, 242, 239, 241, 244, 243, 245, 240,
    244, 243, 244, 244, 242 ]
headPositionsY: [ 82, 74, 78, 74, 75, 78, 75, 76, 78, 80, 79, 76, 78, 80,
    77, 76, 77, 80, 77, 77, 78, 80, 78, 78, 80, 80, 80, 77, 77, 81, 78,
    80, 79, 76, 78, 81, 76, 78, 78, 79, 80, 75, 78, 78, 75, 80, 77, 78,
    77, 78, 75, 75, 76, 79, 77, 78, 78, 79, 78, 76, 78, 76, 78, 78, 77,
    81, 76, 81, 76, 81, 79, 77, 76, 81, 77, 76, 78, 80, 76, 78, 80, 79,
    80, 82, 78, 80, 80, 77, 80, 80, 81, 78, 80, 81, 78, 78, 80, 80, 82,
    82 ]
