%YAML:1.0
---
videoName: "headShake24.mp4"
gestureLabel: 201
fps: 29
pixelSizeInCmTemp: 3.2808219178082193e-01
faceCenterPointX: 240
faceCenterPointY: 78
headPositionsX: [ 242, 249, 249, 251, 254, 255, 256, 253, 251, 252, 248,
    248, 246, 241, 241, 235, 236, 232, 230, 229, 232, 230, 229, 231, 230,
    234, 235, 237, 239, 243, 244, 245, 248, 251, 251, 251, 251, 250, 246,
    248, 244, 245, 243, 238, 236, 235, 237, 236, 234, 234, 233, 236, 235,
    236, 239, 240, 243, 245, 243, 247, 247, 246, 246, 248, 250, 246, 247,
    248, 245, 244, 242, 246, 244, 240, 243, 239, 238, 237, 238, 240, 236,
    237, 239, 242, 238, 238, 237, 239, 238, 241, 240, 239, 239, 240, 241,
    241, 241, 238, 239, 240 ]
headPositionsY: [ 79, 74, 76, 76, 73, 77, 74, 75, 79, 79, 77, 78, 76, 80,
    79, 75, 78, 75, 79, 76, 79, 77, 76, 80, 76, 78, 76, 77, 80, 78, 75,
    75, 76, 78, 76, 78, 79, 78, 77, 77, 78, 76, 76, 79, 77, 78, 79, 76,
    75, 75, 79, 80, 78, 77, 77, 77, 76, 76, 81, 79, 80, 76, 80, 78, 78,
    75, 77, 75, 75, 77, 77, 79, 77, 76, 80, 74, 76, 75, 79, 79, 75, 78,
    77, 79, 79, 79, 78, 77, 77, 78, 80, 78, 77, 77, 78, 77, 76, 80, 77,
    78 ]
