%YAML:1.0
---
videoName: "headShake31.mp4"
gestureLabel: 201
fps: 29
pixelSizeInCmTemp: 3.2808219178082193e-01
faceCenterPointX: 236
faceCenterPointY: 68
headPositionsX: [ 238, 238, 235, 239, 236, 236, 235, 237, 239, 236, 235,
    237, 235, 236, 237, 239, 236, 236, 236, 238, 238, 239, 239, 237, 236,
    235, 238, 235, 236, 237, 236, 236, 237, 235, 234, 234, 234, 235, 241,
    244, 248, 251, 250, 253, 252, 252, 246, 239, 234, 227, 223, 220, 222,
    226, 229, 233, 240, 246, 246, 248, 247, 241, 243, 237, 234, 233, 229,
    227, 228, 230, 233, 235, 238, 238, 242, 243, 242, 243, 243, 239, 236,
    234, 237, 236, 236, 236, 236, 237, 235, 234, 235, 236, 233, 235, 235,
    238, 236, 234, 238, 233 ]
headPositionsY: [ 67, 66, 67, 67, 69, 67, 68, 66, 69, 67, 66, 66, 66, 66,
    69, 66, 68, 68, 69, 66, 69, 67, 68, 66, 67, 65, 67, 67, 68, 65, 68,
    66, 69, 69, 69, 69, 67, 67, 66, 67, 68, 67, 66, 65, 65, 69, 69, 67,
    69, 66, 68, 70, 69, 70, 69, 72, 71, 69, 71, 70, 67, 68, 70, 70, 69,
    69, 68, 71, 69, 72, 70, 69, 71, 69, 71, 70, 69, 69, 68, 71, 69, 70,
    69, 71, 66, 70, 70, 69, 70, 71, 69, 70, 70, 70, 67, 68, 71, 67, 69,
    71 ]
