%YAML:1.0
---
videoName: "headShake3.mp4"
gestureLabel: 201
fps: 30
pixelSizeInCmTemp: 3.3263888888888887e-01
faceCenterPointX: 240
faceCenterPointY: 101
headPositionsX: [ 239, 240, 240, 241, 244, 240, 242, 239, 242, 240, 239,
    242, 241, 239, 240, 240, 244, 243, 243, 242, 241, 243, 242, 240, 240,
    242, 239, 241, 242, 240, 240, 241, 241, 243, 247, 249, 254, 254, 254,
    259, 254, 253, 246, 243, 240, 232, 229, 227, 228, 229, 232, 239, 245,
    248, 249, 249, 249, 246, 242, 237, 233, 227, 228, 226, 225, 225, 229,
    233, 240, 242, 244, 245, 243, 243, 245, 241, 238, 238, 236, 234, 233,
    233, 234, 234, 236, 234, 238, 238, 237, 240, 238, 238, 238, 241, 239,
    241, 242, 240, 241, 238 ]
headPositionsY: [ 101, 101, 99, 98, 97, 97, 101, 98, 99, 97, 100, 97,
    101, 97, 99, 98, 101, 100, 99, 101, 97, 99, 99, 97, 100, 100, 99, 98,
    96, 98, 99, 97, 101, 100, 97, 100, 95, 98, 96, 97, 99, 97, 98, 100,
    100, 101, 98, 96, 98, 99, 98, 100, 98, 100, 97, 98, 100, 97, 99, 97,
    100, 98, 96, 98, 96, 98, 97, 100, 97, 99, 98, 101, 98, 100, 98, 97,
    97, 101, 101, 98, 101, 99, 98, 100, 98, 101, 98, 100, 99, 102, 99,
    100, 101, 99, 102, 102, 102, 103, 103, 99 ]
