%YAML:1.0
---
videoName: "headShake18.mp4"
gestureLabel: 201
fps: 30
pixelSizeInCmTemp: 3.2808219178082193e-01
faceCenterPointX: 240
faceCenterPointY: 77
headPositionsX: [ 239, 239, 242, 240, 243, 239, 243, 243, 242, 240, 241,
    242, 240, 242, 243, 241, 241, 241, 239, 240, 241, 240, 241, 241, 239,
    242, 238, 242, 242, 240, 238, 238, 237, 241, 239, 242, 245, 244, 251,
    253, 254, 250, 252, 250, 247, 243, 237, 237, 232, 228, 232, 229, 238,
    241, 240, 245, 247, 250, 246, 247, 244, 240, 237, 237, 233, 235, 234,
    237, 239, 241, 242, 242, 246, 247, 246, 243, 240, 238, 236, 234, 236,
    235, 237, 239, 239, 239, 240, 241, 240, 241, 240, 241, 241, 241, 238,
    240, 241, 239, 241, 239 ]
headPositionsY: [ 79, 75, 74, 78, 76, 77, 76, 73, 75, 76, 74, 77, 77, 78,
    78, 75, 75, 75, 76, 75, 77, 78, 76, 74, 74, 76, 75, 74, 75, 78, 79,
    73, 77, 78, 75, 75, 78, 75, 78, 74, 77, 75, 75, 76, 79, 79, 78, 75,
    75, 75, 75, 78, 76, 75, 75, 75, 74, 78, 74, 76, 78, 76, 78, 77, 75,
    76, 75, 75, 75, 79, 75, 79, 77, 75, 77, 77, 76, 78, 75, 78, 79, 77,
    79, 75, 76, 75, 79, 78, 79, 78, 76, 79, 78, 75, 78, 78, 76, 76, 75,
    77 ]
