%YAML:1.0
---
videoName: "headShake4.mp4"
gestureLabel: 201
fps: 30
pixelSizeInCmTemp: 3.2364864864864862e-01
faceCenterPointX: 237
faceCenterPointY: 101
headPositionsX: [ 239, 240, 243, 246, 250, 255, 252, 252, 253, 247, 243,
    237, 231, 229, 223, 224, 224, 232, 237, 242, 249, 253, 251, 253, 252,
    244, 238, 234, 231, 225, 224, 222, 225, 229, 234, 240, 246, 249, 256,
    256, 255, 254, 247, 244, 236, 230, 230, 223, 225, 227, 225, 229, 234,
    240, 244, 247, 245, 250, 251, 250, 248, 243, 240, 236, 232, 234, 228,
    232, 231, 231, 233, 235, 237, 237, 240, 238, 240, 241, 240, 243, 241,
    240, 241, 238, 239, 238, 239, 237, 237, 238, 234, 237, 237, 236, 235,
    236, 238, 239, 238, 237 ]
headPositionsY: [ 99, 101, 98, 99, 101, 96, 99, 100, 98, 99, 102, 100,
    97, 100, 100, 99, 99, 101, 99, 97, 99, 98, 96, 99, 100, 98, 98, 101,
    97, 97, 99, 100, 99, 97, 99, 99, 99, 100, 97, 100, 101, 97, 98, 103,
    99, 100, 101, 103, 101, 100, 101, 99, 99, 103, 99, 100, 100, 101,
    100, 99, 99, 101, 103, 102, 98, 98, 99, 98, 100, 99, 102, 100, 98,
    101, 101, 102, 99, 101, 101, 99, 101, 102, 100, 98, 99, 102, 101, 99,
    101, 102, 99, 99, 101, 99, 101, 100, 101, 98, 102, 99 ]
