%YAML:1.0
---
videoName: "headShake7.mp4"
gestureLabel: 201
fps: 29
pixelSizeInCmTemp: 3.3263888888888887e-01
faceCenterPointX: 244
faceCenterPointY: 72
headPositionsX: [ 245, 245, 245, 244, 245, 244, 241, 244, 244, 243, 243,
    246, 252, 254, 257, 258, 262, 260, 259, 253, 253, 245, 241, 233, 235,
    234, 235, 242, 245, 254, 257, 259, 262, 259, 256, 249, 245, 239, 232,
    230, 228, 226, 232, 234, 238, 248, 251, 251, 257, 253, 254, 251, 245,
    242, 236, 231, 231, 231, 230, 236, 239, 242, 247, 251, 255, 256, 260,
    254, 252, 250, 245, 243, 241, 237, 237, 235, 235, 232, 234, 240, 238,
    239, 245, 244, 247, 247, 247, 247, 245, 249, 248, 247, 245, 245, 243,
    246, 245, 241, 245, 244 ]
headPositionsY: [ 73, 73, 69, 73, 70, 69, 72, 73, 72, 71, 71, 73, 68, 71,
    70, 66, 69, 70, 69, 67, 70, 69, 71, 69, 69, 71, 73, 73, 70, 71, 67,
    68, 69, 72, 70, 71, 72, 71, 71, 70, 69, 72, 69, 69, 69, 71, 71, 71,
    70, 72, 72, 70, 69, 74, 71, 71, 69, 67, 70, 73, 71, 69, 72, 68, 68,
    70, 67, 68, 70, 70, 72, 69, 73, 68, 73, 71, 70, 72, 69, 70, 69, 71,
    71, 72, 72, 71, 73, 72, 71, 70, 74, 70, 72, 70, 71, 74, 73, 71, 71,
    71 ]
