%YAML:1.0
---
videoName: "headShake41.mp4"
gestureLabel: 201
fps: 29
pixelSizeInCmTemp: 3.2364864864864862e-01
faceCenterPointX: 264
faceCenterPointY: 85
headPositionsX: [ 266, 260, 263, 261, 259, 261, 259, 263, 263, 262, 263,
    263, 263, 261, 261, 260, 259, 261, 262, 258, 260, 261, 264, 266, 265,
    267, 273, 272, 276, 277, 278, 279, 281, 283, 278, 282, 283, 281, 279,
    279, 274, 272, 268, 260, 256, 252, 252, 247, 244, 247, 244, 246, 244,
    248, 246, 250, 251, 254, 255, 262, 266, 267, 268, 271, 276, 275, 276,
    280, 276, 278, 278, 278, 274, 273, 269, 269, 269, 268, 266, 267, 266,
    261, 265, 263, 265, 262, 261, 265, 262, 264, 260, 262, 262, 264, 260,
    261, 262, 263, 264, 266 ]
headPositionsY: [ 85, 83, 85, 85, 81, 82, 83, 85, 84, 84, 85, 85, 83, 85,
    82, 82, 83, 83, 83, 81, 83, 85, 85, 83, 84, 83, 82, 81, 83, 81, 83,
    82, 82, 82, 82, 82, 82, 81, 85, 82, 82, 84, 83, 87, 85, 86, 84, 84,
    82, 83, 82, 83, 81, 86, 86, 84, 81, 83, 85, 85, 87, 83, 85, 85, 82,
    84, 85, 86, 85, 83, 84, 85, 86, 85, 86, 84, 87, 83, 84, 85, 86, 81,
    84, 82, 86, 83, 84, 87, 82, 85, 84, 86, 83, 86, 85, 83, 86, 83, 84,
    86 ]
