%YAML:1.0
---
videoName: "headShake41.mp4"
gestureLabel: 201
fps: 29
pixelSizeInCmTemp: 3.2364864864864862e-01
faceCenterPointX: 264
faceCenterPointY: 85
headPositionsX: [ 266, 259, 260, 263, 263, 259, 260, 262, 261, 263, 262,
    259, 263, 259, 263, 262, 259, 261, 261, 261, 263, 264, 263, 266, 266,
    269, 272, 272, 275, 278, 279, 279, 280, 281, 281, 280, 282, 280, 276,
    279, 273, 272, 268, 262, 257, 253, 252, 251, 244, 245, 246, 246, 243,
    244, 246, 250, 250, 254, 256, 259, 266, 269, 271, 273, 277, 278, 277,
    280, 276, 279, 280, 274, 273, 272, 271, 270, 270, 267, 265, 266, 265,
    263, 263, 262, 262, 265, 264, 265, 261, 262, 262, 261, 263, 263, 260,
    260, 265, 265, 264, 263 ]
headPositionsY: [ 85, 81, 83, 82, 81, 84, 84, 85, 85, 83, 82, 85, 83, 82,
    84, 82, 84, 85, 86, 84, 84, 85, 86, 84, 81, 85, 81, 80, 82, 83, 79,
    79, 81, 82, 80, 82, 83, 83, 85, 80, 86, 84, 82, 85, 82, 84, 86, 86,
    82, 82, 80, 85, 81, 86, 85, 83, 82, 85, 87, 86, 85, 82, 86, 86, 81,
    83, 82, 82, 82, 86, 84, 84, 82, 87, 86, 84, 83, 84, 85, 84, 86, 81,
    83, 85, 82, 86, 84, 86, 85, 86, 83, 85, 84, 82, 86, 86, 84, 86, 82,
    83 ]
