%YAML:1.0
---
videoName: "headShake0.mp4"
gestureLabel: 201
fps: 29
pixelSizeInCmTemp: 3.2808219178082193e-01
faceCenterPointX: 279
faceCenterPointY: 94
headPositionsX: [ 281, 281, 277, 281, 280, 278, 280, 281, 277, 279, 281,
    280, 281, 277, 279, 281, 280, 278, 277, 278, 280, 280, 280, 278, 280,
    281, 278, 281, 279, 281, 277, 281, 277, 278, 279, 279, 281, 278, 277,
    281, 279, 280, 286, 289, 294, 293, 300, 302, 299, 299, 297, 295, 286,
    284, 277, 273, 272, 271, 274, 276, 282, 287, 289, 289, 288, 286, 284,
    281, 277, 273, 274, 274, 272, 278, 281, 282, 282, 282, 285, 284, 279,
    279, 279, 274, 276, 277, 277, 279, 276, 278, 280, 280, 279, 278, 280,
    280, 281, 279, 281, 277 ]
headPositionsY: [ 96, 94, 95, 91, 93, 94, 92, 93, 91, 93, 93, 92, 93, 93,
    91, 91, 91, 94, 93, 94, 93, 93, 94, 92, 94, 91, 93, 91, 91, 92, 92,
    91, 91, 91, 94, 95, 93, 91, 91, 93, 91, 93, 91, 89, 93, 91, 91, 90,
    90, 89, 93, 91, 94, 92, 93, 93, 91, 91, 91, 93, 90, 91, 90, 94, 93,
    90, 95, 91, 93, 91, 94, 91, 92, 92, 93, 93, 93, 94, 95, 91, 94, 94,
    95, 94, 95, 95, 95, 93, 96, 96, 95, 95, 94, 95, 93, 93, 93, 95, 93,
    94 ]
