%YAML:1.0
---
videoName: "headShake20.mp4"
gestureLabel: 201
fps: 29
pixelSizeInCmTemp: 3.3263888888888887e-01
faceCenterPointX: 242
faceCenterPointY: 78
headPositionsX: [ 240, 244, 245, 245, 245, 245, 242, 244, 244, 244, 240,
    241, 245, 245, 243, 245, 241, 243, 245, 242, 242, 243, 241, 244, 243,
    242, 241, 245, 244, 242, 241, 245, 245, 242, 242, 242, 241, 243, 245,
    243, 245, 253, 256, 259, 262, 258, 257, 255, 249, 245, 236, 236, 230,
    232, 230, 232, 239, 243, 249, 252, 251, 252, 252, 248, 244, 237, 235,
    232, 233, 231, 235, 237, 240, 245, 246, 248, 244, 244, 245, 239, 240,
    238, 239, 240, 239, 242, 244, 242, 241, 242, 242, 244, 242, 242, 243,
    241, 244, 244, 242, 240 ]
headPositionsY: [ 76, 74, 78, 78, 74, 74, 76, 76, 77, 76, 76, 77, 78, 78,
    77, 78, 75, 76, 76, 76, 77, 77, 74, 74, 75, 74, 78, 75, 75, 77, 75,
    78, 75, 75, 76, 76, 75, 78, 79, 77, 76, 78, 73, 74, 73, 77, 76, 78,
    80, 77, 76, 77, 78, 77, 77, 74, 75, 78, 78, 73, 74, 73, 76, 77, 75,
    74, 78, 75, 79, 77, 79, 79, 76, 75, 79, 75, 79, 79, 76, 77, 76, 79,
    77, 78, 79, 77, 79, 77, 76, 76, 77, 79, 77, 77, 77, 79, 75, 77, 79,
    76 ]
