%YAML:1.0
---
videoName: "headShake12.mp4"
gestureLabel: 201
fps: 29
pixelSizeInCmTemp: 3.2808219178082193e-01
faceCenterPointX: 241
faceCenterPointY: 76
headPositionsX: [ 239, 241, 238, 243, 243, 243, 242, 243, 241, 239, 242,
    240, 244, 243, 242, 240, 244, 242, 243, 243, 242, 243, 241, 242, 241,
    241, 243, 240, 240, 242, 242, 241, 243, 240, 242, 240, 240, 239, 243,
    241, 243, 243, 241, 239, 240, 243, 243, 240, 244, 240, 244, 242, 239,
    244, 239, 239, 240, 242, 244, 245, 247, 251, 255, 259, 256, 259, 256,
    251, 247, 243, 238, 232, 233, 233, 238, 240, 246, 250, 253, 254, 252,
    249, 246, 243, 241, 238, 238, 236, 236, 239, 238, 237, 241, 239, 241,
    241, 239, 241, 238, 241 ]
headPositionsY: [ 78, 72, 73, 71, 73, 73, 75, 73, 72, 74, 74, 76, 75, 75,
    73, 74, 74, 71, 75, 75, 75, 74, 76, 73, 71, 74, 74, 74, 74, 72, 73,
    73, 75, 73, 73, 76, 74, 73, 72, 74, 73, 76, 75, 74, 74, 72, 76, 75,
    74, 77, 73, 73, 76, 74, 75, 75, 74, 75, 76, 75, 73, 76, 73, 75, 73,
    74, 72, 74, 77, 76, 77, 77, 77, 75, 74, 74, 75, 76, 75, 75, 77, 74,
    78, 79, 75, 77, 73, 74, 75, 73, 74, 75, 74, 76, 76, 76, 78, 76, 75,
    76 ]
