%YAML:1.0
---
videoName: "headShake11.mp4"
gestureLabel: 201
fps: 29
pixelSizeInCmTemp: 3.2364864864864862e-01
faceCenterPointX: 244
faceCenterPointY: 76
headPositionsX: [ 242, 242, 243, 242, 244, 243, 245, 242, 244, 241, 243,
    241, 244, 244, 242, 241, 242, 240, 244, 242, 243, 241, 243, 241, 240,
    242, 243, 246, 249, 252, 253, 258, 261, 261, 260, 261, 263, 257, 254,
    251, 246, 238, 233, 232, 225, 226, 229, 233, 232, 241, 244, 252, 254,
    260, 260, 257, 258, 251, 249, 244, 241, 234, 233, 231, 230, 230, 236,
    240, 242, 249, 253, 253, 258, 257, 259, 254, 251, 249, 244, 240, 240,
    237, 235, 235, 237, 237, 242, 240, 246, 245, 248, 246, 248, 249, 248,
    247, 244, 247, 247, 244 ]
headPositionsY: [ 77, 73, 71, 71, 71, 73, 73, 71, 73, 75, 72, 71, 75, 70,
    74, 73, 71, 71, 72, 74, 72, 74, 73, 74, 71, 73, 73, 72, 71, 74, 72,
    73, 71, 74, 71, 72, 74, 71, 75, 77, 76, 72, 75, 74, 72, 73, 74, 75,
    76, 76, 77, 76, 74, 73, 76, 74, 72, 76, 74, 76, 74, 77, 76, 74, 76,
    74, 77, 74, 76, 74, 76, 74, 72, 74, 72, 74, 73, 75, 78, 74, 74, 73,
    76, 76, 75, 76, 73, 74, 75, 76, 75, 73, 74, 75, 76, 73, 75, 76, 76,
    77 ]
