%YAML:1.0
---
videoName: "headShake9.mp4"
gestureLabel: 201
fps: 30
pixelSizeInCmTemp: 3.2808219178082193e-01
faceCenterPointX: 243
faceCenterPointY: 73
headPositionsX: [ 243, 246, 242, 241, 243, 242, 246, 245, 245, 244, 241,
    242, 240, 244, 242, 241, 243, 245, 245, 242, 243, 245, 244, 244, 244,
    244, 242, 245, 244, 242, 243, 245, 242, 242, 241, 245, 240, 245, 242,
    242, 245, 251, 251, 257, 260, 263, 266, 267, 259, 258, 251, 246, 245,
    240, 232, 232, 226, 229, 233, 236, 243, 245, 255, 255, 261, 260, 262,
    260, 256, 249, 244, 239, 233, 228, 232, 229, 228, 232, 239, 241, 245,
    249, 250, 253, 251, 249, 250, 250, 249, 245, 245, 243, 246, 243, 243,
    244, 246, 245, 245, 245 ]
headPositionsY: [ 71, 71, 71, 70, 73, 70, 70, 72, 72, 70, 71, 71, 74, 74,
    71, 73, 71, 70, 72, 74, 72, 71, 73, 74, 72, 73, 74, 73, 72, 74, 74,
    72, 74, 71, 74, 71, 71, 73, 70, 75, 74, 71, 72, 70, 72, 71, 67, 70,
    72, 73, 71, 74, 75, 73, 70, 71, 73, 71, 74, 71, 74, 73, 71, 71, 69,
    69, 72, 70, 70, 73, 73, 72, 71, 70, 73, 69, 74, 70, 75, 75, 71, 73,
    72, 72, 72, 73, 73, 74, 72, 72, 75, 73, 74, 72, 71, 71, 71, 75, 74,
    73 ]
