%YAML:1.0
---
videoName: "headShake8.mp4"
gestureLabel: 201
fps: 29
pixelSizeInCmTemp: 3.2364864864864862e-01
faceCenterPointX: 243
faceCenterPointY: 72
headPositionsX: [ 245, 245, 245, 244, 244, 245, 242, 242, 241, 242, 245,
    244, 242, 245, 245, 243, 244, 243, 243, 243, 246, 244, 244, 243, 244,
    242, 245, 242, 245, 242, 242, 243, 243, 245, 247, 248, 254, 258, 263,
    264, 263, 265, 263, 263, 255, 251, 244, 239, 237, 232, 229, 233, 231,
    239, 242, 247, 255, 257, 258, 257, 259, 256, 250, 244, 243, 238, 236,
    236, 237, 234, 234, 235, 237, 240, 243, 244, 247, 246, 249, 249, 249,
    252, 248, 251, 249, 248, 250, 248, 246, 243, 243, 242, 242, 241, 245,
    245, 241, 241, 241, 244 ]
headPositionsY: [ 73, 69, 71, 72, 72, 73, 73, 73, 70, 71, 72, 74, 74, 72,
    71, 70, 71, 69, 73, 73, 73, 74, 73, 70, 71, 72, 72, 73, 72, 70, 72,
    70, 71, 70, 74, 71, 71, 68, 69, 68, 69, 71, 69, 72, 73, 72, 73, 71,
    70, 71, 73, 69, 70, 72, 70, 72, 70, 69, 70, 71, 68, 72, 71, 72, 70,
    71, 73, 70, 74, 73, 72, 71, 71, 73, 70, 73, 71, 72, 70, 71, 70, 73,
    73, 71, 70, 72, 70, 72, 71, 70, 71, 72, 69, 71, 70, 69, 72, 72, 72,
    73 ]
