%YAML:1.0
---
videoName: "headShake47.mp4"
gestureLabel: 201
fps: 29
pixelSizeInCmTemp: 3.2364864864864862e-01
faceCenterPointX: 258
faceCenterPointY: 86
headPositionsX: [ 257, 258, 262, 261, 259, 258, 259, 262, 261, 259, 259,
    261, 260, 263, 262, 259, 259, 260, 261, 261, 258, 262, 257, 263, 261,
    259, 262, 262, 261, 261, 261, 262, 260, 261, 255, 256, 253, 251, 248,
    250, 249, 252, 252, 253, 260, 265, 267, 270, 265, 266, 260, 258, 252,
    253, 256, 257, 262, 265, 266, 262, 262, 259, 252, 254, 254, 254, 259,
    263, 262, 263, 263, 262, 256, 253, 252, 255, 256, 261, 261, 266, 264,
    264, 258, 254, 254, 254, 252, 254, 257, 257, 259, 257, 256, 259, 259,
    258, 255, 258, 259, 260 ]
headPositionsY: [ 87, 87, 86, 83, 87, 87, 83, 84, 83, 87, 85, 86, 86, 85,
    86, 85, 84, 85, 87, 87, 84, 85, 85, 85, 87, 85, 83, 86, 84, 86, 85,
    87, 83, 84, 85, 84, 83, 83, 85, 83, 85, 85, 86, 86, 86, 88, 90, 90,
    89, 89, 91, 91, 91, 90, 91, 91, 91, 88, 87, 88, 88, 89, 88, 88, 87,
    85, 89, 88, 86, 85, 87, 88, 85, 89, 88, 88, 87, 88, 87, 86, 89, 87,
    89, 84, 88, 84, 86, 88, 88, 86, 86, 85, 88, 85, 85, 88, 88, 85, 87,
    86 ]
