%YAML:1.0
---
videoName: "headShake25.mp4"
gestureLabel: 201
fps: 30
pixelSizeInCmTemp: 3.2364864864864862e-01
faceCenterPointX: 241
faceCenterPointY: 79
headPositionsX: [ 242, 256, 252, 253, 254, 253, 251, 246, 244, 245, 238,
    237, 237, 236, 232, 229, 231, 229, 227, 228, 233, 232, 233, 236, 238,
    243, 246, 246, 250, 250, 250, 249, 248, 250, 248, 247, 242, 238, 238,
    236, 233, 233, 230, 228, 232, 229, 231, 234, 231, 235, 239, 241, 244,
    244, 245, 247, 248, 252, 252, 251, 249, 249, 246, 245, 247, 241, 243,
    236, 236, 236, 236, 234, 233, 237, 233, 233, 237, 235, 238, 235, 238,
    239, 241, 243, 241, 241, 241, 244, 245, 243, 243, 242, 240, 243, 243,
    241, 242, 241, 242, 242 ]
headPositionsY: [ 81, 75, 79, 79, 78, 79, 79, 78, 80, 79, 76, 78, 79, 77,
    75, 78, 80, 76, 78, 79, 76, 78, 77, 80, 77, 76, 80, 79, 77, 76, 79,
    78, 77, 81, 80, 78, 78, 80, 80, 77, 80, 76, 79, 80, 78, 76, 80, 79,
    78, 77, 81, 78, 79, 77, 81, 77, 78, 76, 75, 78, 78, 78, 81, 78, 79,
    77, 81, 76, 79, 80, 76, 80, 80, 77, 78, 76, 77, 79, 79, 79, 78, 76,
    80, 79, 78, 81, 79, 77, 81, 77, 79, 78, 78, 78, 79, 78, 78, 80, 79,
    81 ]
