%YAML:1.0
---
videoName: "headShake3.mp4"
gestureLabel: 201
fps: 30
pixelSizeInCmTemp: 3.3263888888888887e-01
faceCenterPointX: 240
faceCenterPointY: 101
headPositionsX: [ 241, 244, 242, 240, 244, 239, 243, 239, 241, 239, 240,
    239, 241, 241, 244, 241, 244, 242, 241, 240, 241, 242, 239, 239, 243,
    242, 239, 242, 240, 239, 238, 241, 239, 241, 246, 249, 254, 256, 255,
    257, 255, 253, 249, 244, 239, 235, 228, 228, 230, 229, 233, 239, 241,
    248, 248, 250, 251, 244, 241, 238, 235, 230, 226, 223, 224, 229, 231,
    236, 241, 245, 244, 245, 246, 244, 244, 241, 241, 239, 237, 234, 233,
    233, 233, 232, 236, 236, 234, 237, 241, 236, 242, 239, 238, 243, 242,
    242, 241, 242, 239, 239 ]
headPositionsY: [ 103, 97, 100, 101, 100, 98, 99, 98, 101, 100, 101, 97,
    101, 98, 100, 101, 100, 99, 98, 99, 101, 101, 100, 97, 99, 99, 99,
    97, 97, 101, 97, 101, 97, 97, 100, 98, 95, 98, 97, 98, 100, 96, 98,
    99, 97, 97, 99, 100, 99, 99, 100, 101, 99, 96, 96, 98, 100, 98, 101,
    101, 98, 100, 96, 99, 96, 98, 99, 99, 100, 98, 98, 100, 97, 101, 99,
    100, 97, 98, 99, 101, 99, 98, 99, 102, 99, 102, 98, 98, 99, 99, 99,
    101, 98, 98, 99, 103, 99, 102, 100, 102 ]
