%YAML:1.0
---
videoName: "headShake16.mp4"
gestureLabel: 201
fps: 29
pixelSizeInCmTemp: 3.2364864864864862e-01
faceCenterPointX: 242
faceCenterPointY: 77
headPositionsX: [ 244, 245, 244, 244, 243, 245, 242, 245, 242, 243, 245,
    243, 245, 243, 245, 241, 244, 244, 245, 243, 243, 241, 243, 242, 243,
    241, 243, 243, 240, 242, 242, 245, 244, 241, 242, 243, 243, 246, 248,
    250, 252, 253, 253, 252, 253, 250, 250, 242, 240, 236, 234, 232, 236,
    238, 240, 241, 244, 246, 249, 248, 247, 247, 245, 243, 243, 241, 237,
    234, 235, 234, 237, 236, 236, 239, 243, 241, 243, 247, 244, 243, 242,
    239, 240, 241, 239, 237, 237, 241, 238, 238, 241, 239, 244, 243, 243,
    241, 240, 240, 242, 243 ]
headPositionsY: [ 76, 76, 74, 74, 76, 77, 75, 77, 76, 78, 76, 75, 75, 74,
    76, 77, 75, 76, 76, 74, 75, 77, 76, 78, 75, 78, 73, 77, 73, 75, 75,
    78, 74, 74, 77, 78, 75, 78, 75, 75, 74, 75, 76, 75, 77, 74, 74, 78,
    75, 77, 79, 79, 77, 78, 79, 78, 78, 76, 75, 77, 74, 78, 79, 78, 76,
    78, 74, 77, 78, 79, 75, 75, 77, 77, 76, 79, 77, 76, 77, 75, 80, 77,
    77, 77, 77, 78, 75, 77, 79, 78, 76, 76, 78, 78, 76, 78, 75, 77, 77,
    78 ]
