%YAML:1.0
---
videoName: "headShake40.mp4"
gestureLabel: 201
fps: 29
pixelSizeInCmTemp: 3.2808219178082193e-01
faceCenterPointX: 261
faceCenterPointY: 86
headPositionsX: [ 260, 263, 260, 262, 263, 259, 259, 260, 259, 261, 263,
    260, 264, 261, 262, 263, 260, 263, 262, 261, 262, 263, 260, 259, 259,
    260, 261, 261, 258, 259, 255, 257, 253, 255, 255, 254, 255, 259, 263,
    268, 274, 279, 281, 278, 276, 272, 270, 267, 261, 254, 248, 249, 246,
    245, 249, 250, 254, 261, 264, 266, 270, 273, 267, 270, 268, 265, 262,
    257, 259, 258, 258, 258, 258, 259, 262, 266, 265, 265, 265, 268, 264,
    263, 264, 263, 258, 258, 259, 255, 257, 256, 259, 257, 261, 260, 262,
    259, 263, 263, 259, 262 ]
headPositionsY: [ 88, 86, 84, 84, 85, 82, 85, 85, 86, 84, 82, 85, 84, 84,
    85, 82, 84, 85, 85, 83, 82, 83, 86, 85, 86, 81, 85, 86, 84, 86, 82,
    81, 85, 81, 84, 85, 82, 85, 86, 84, 82, 81, 79, 80, 79, 79, 85, 85,
    80, 81, 82, 84, 81, 83, 80, 84, 86, 85, 81, 83, 83, 85, 82, 81, 82,
    83, 85, 81, 81, 85, 82, 82, 83, 82, 80, 84, 85, 81, 85, 85, 82, 83,
    85, 82, 82, 86, 84, 83, 86, 83, 87, 87, 83, 83, 85, 86, 84, 85, 88,
    87 ]
