%YAML:1.0
---
videoName: "headShake17.mp4"
gestureLabel: 201
fps: 29
pixelSizeInCmTemp: 3.3263888888888887e-01
faceCenterPointX: 242
faceCenterPointY: 76
headPositionsX: [ 242, 237, 236, 236, 236, 237, 237, 241, 244, 246, 249,
    255, 260, 258, 258, 256, 255, 251, 243, 242, 235, 233, 230, 225, 227,
    227, 231, 231, 233, 242, 244, 246, 250, 249, 254, 255, 254, 251, 250,
    246, 240, 242, 235, 236, 234, 230, 229, 231, 236, 234, 239, 242, 243,
    241, 242, 247, 243, 244, 247, 244, 244, 243, 241, 240, 240, 239, 238,
    241, 242, 239, 240, 242, 242, 241, 242, 241, 240, 242, 241, 240, 239,
    240, 240, 241, 243, 239, 239, 240, 239, 242, 239, 244, 242, 241, 242,
    242, 244, 241, 240, 239 ]
headPositionsY: [ 76, 76, 77, 77, 78, 75, 76, 75, 74, 75, 75, 72, 73, 74,
    74, 74, 75, 75, 79, 78, 79, 75, 76, 77, 77, 77, 76, 76, 76, 76, 78,
    76, 74, 73, 73, 72, 74, 78, 78, 77, 79, 79, 76, 79, 74, 74, 76, 78,
    78, 76, 76, 79, 77, 77, 77, 79, 77, 77, 78, 76, 75, 78, 76, 78, 75,
    76, 77, 77, 76, 79, 76, 74, 74, 77, 77, 77, 75, 75, 75, 75, 79, 77,
    77, 74, 77, 74, 79, 75, 75, 77, 78, 77, 76, 78, 76, 76, 76, 75, 78,
    78 ]
