%YAML:1.0
---
videoName: "headShake37.mp4"
gestureLabel: 201
fps: 30
pixelSizeInCmTemp: 3.1933333333333330e-01
faceCenterPointX: 263
faceCenterPointY: 83
headPositionsX: [ 263, 259, 259, 261, 262, 260, 260, 261, 262, 260, 265,
    260, 260, 261, 265, 264, 263, 260, 264, 260, 264, 264, 259, 262, 261,
    263, 263, 262, 261, 263, 261, 260, 262, 263, 263, 265, 262, 260, 263,
    262, 264, 262, 261, 261, 262, 259, 261, 265, 269, 268, 276, 277, 282,
    279, 281, 275, 270, 267, 259, 256, 252, 255, 254, 260, 263, 270, 271,
    271, 272, 270, 267, 267, 260, 255, 252, 252, 256, 255, 258, 256, 257,
    260, 261, 266, 268, 265, 264, 266, 267, 265, 263, 266, 262, 264, 261,
    261, 261, 261, 263, 262 ]
headPositionsY: [ 82, 83, 82, 82, 81, 81, 85, 85, 82, 85, 85, 85, 84, 83,
    83, 81, 82, 82, 85, 82, 82, 83, 84, 84, 83, 83, 82, 83, 83, 82, 81,
    82, 84, 83, 85, 83, 84, 85, 84, 83, 83, 84, 83, 85, 81, 81, 84, 81,
    83, 81, 83, 78, 82, 79, 79, 82, 81, 81, 84, 82, 80, 79, 81, 84, 84,
    84, 82, 81, 81, 81, 84, 83, 84, 82, 85, 80, 82, 83, 81, 85, 82, 83,
    82, 82, 82, 83, 82, 82, 84, 86, 83, 85, 83, 84, 84, 82, 82, 85, 82,
    82 ]
