%YAML:1.0
---
videoName: "headShake4.mp4"
gestureLabel: 201
fps: 30
pixelSizeInCmTemp: 3.2364864864864862e-01
faceCenterPointX: 237
faceCenterPointY: 101
headPositionsX: [ 237, 244, 244, 246, 250, 256, 252, 256, 255, 247, 242,
    235, 230, 229, 226, 226, 224, 232, 237, 240, 248, 249, 252, 250, 250,
    244, 241, 235, 232, 224, 223, 226, 223, 227, 234, 242, 245, 250, 252,
    256, 255, 254, 245, 244, 235, 231, 227, 226, 222, 224, 226, 230, 235,
    240, 240, 244, 245, 246, 248, 248, 245, 243, 242, 235, 234, 233, 231,
    231, 228, 232, 235, 234, 236, 235, 241, 241, 242, 244, 239, 242, 242,
    242, 242, 241, 240, 235, 238, 238, 234, 239, 238, 235, 235, 234, 237,
    239, 237, 239, 236, 238 ]
headPositionsY: [ 103, 98, 100, 96, 98, 97, 97, 99, 100, 101, 100, 98,
    99, 99, 100, 99, 97, 100, 100, 97, 96, 100, 99, 97, 99, 99, 101, 99,
    99, 96, 96, 101, 100, 96, 98, 101, 101, 99, 99, 101, 97, 99, 100,
    101, 100, 99, 100, 101, 102, 100, 97, 100, 98, 101, 99, 98, 99, 98,
    100, 98, 98, 101, 103, 101, 98, 98, 100, 98, 100, 97, 102, 99, 101,
    98, 99, 102, 101, 99, 102, 102, 101, 103, 101, 99, 98, 103, 101, 101,
    100, 102, 97, 98, 100, 100, 99, 100, 102, 101, 100, 99 ]
