%YAML:1.0
---
videoName: "headShake46.mp4"
gestureLabel: 201
fps: 30
pixelSizeInCmTemp: 3.2364864864864862e-01
faceCenterPointX: 262
faceCenterPointY: 85
headPositionsX: [ 262, 262, 259, 259, 260, 261, 261, 261, 263, 262, 258,
    259, 262, 259, 261, 261, 261, 260, 259, 260, 260, 262, 259, 259, 259,
    259, 260, 258, 260, 259, 264, 266, 272, 275, 280, 279, 277, 270, 267,
    257, 254, 249, 252, 252, 255, 262, 267, 271, 267, 269, 265, 259, 255,
    253, 255, 260, 263, 269, 266, 266, 267, 261, 258, 255, 257, 262, 264,
    265, 267, 269, 266, 264, 262, 260, 260, 261, 261, 261, 264, 264, 262,
    262, 262, 264, 258, 259, 259, 262, 262, 262, 262, 261, 259, 261, 260,
    262, 259, 262, 259, 259 ]
headPositionsY: [ 84, 86, 84, 83, 82, 84, 83, 82, 87, 83, 85, 86, 84, 85,
    84, 83, 85, 85, 83, 82, 84, 83, 83, 83, 85, 86, 86, 82, 82, 85, 85,
    81, 80, 84, 84, 83, 84, 83, 85, 85, 83, 82, 84, 87, 84, 83, 84, 82,
    83, 86, 83, 86, 84, 87, 87, 87, 85, 84, 85, 86, 85, 83, 85, 86, 85,
    84, 84, 84, 86, 85, 86, 87, 85, 82, 86, 85, 86, 84, 85, 83, 85, 84,
    85, 86, 84, 87, 86, 87, 87, 86, 87, 84, 85, 84, 85, 83, 84, 86, 83,
    86 ]
