%YAML:1.0
---
videoName: "headShake2.mp4"
gestureLabel: 201
fps: 29
pixelSizeInCmTemp: 3.4214285714285714e-01
faceCenterPointX: 276
faceCenterPointY: 98
headPositionsX: [ 277, 279, 277, 279, 276, 277, 279, 279, 277, 279, 278,
    275, 278, 275, 276, 277, 279, 277, 276, 277, 277, 276, 279, 279, 280,
    275, 275, 277, 280, 278, 279, 279, 277, 277, 278, 278, 275, 276, 278,
    279, 279, 277, 281, 285, 289, 289, 293, 294, 293, 293, 292, 286, 283,
    276, 273, 268, 267, 263, 266, 266, 272, 279, 283, 290, 292, 288, 291,
    284, 284, 279, 277, 273, 268, 268, 270, 271, 274, 281, 282, 284, 287,
    284, 285, 285, 283, 283, 279, 276, 276, 274, 277, 277, 277, 276, 272,
    276, 274, 275, 277, 278 ]
headPositionsY: [ 100, 100, 98, 96, 100, 95, 96, 97, 98, 97, 98, 99, 101,
    100, 100, 98, 96, 99, 101, 100, 100, 97, 101, 99, 99, 99, 97, 98,
    100, 98, 96, 98, 97, 97, 101, 102, 98, 100, 99, 100, 100, 96, 100,
    98, 96, 96, 99, 97, 95, 97, 94, 95, 99, 98, 96, 95, 97, 96, 97, 98,
    97, 100, 98, 96, 97, 94, 97, 99, 96, 99, 100, 96, 99, 96, 98, 100,
    97, 101, 99, 97, 98, 95, 99, 99, 100, 99, 98, 97, 99, 98, 101, 100,
    100, 99, 98, 100, 97, 100, 100, 102 ]
