%YAML:1.0
---
videoName: "headShake14.mp4"
gestureLabel: 201
fps: 29
pixelSizeInCmTemp: 3.2364864864864862e-01
faceCenterPointX: 244
faceCenterPointY: 76
headPositionsX: [ 244, 246, 243, 245, 243, 247, 246, 243, 247, 246, 243,
    246, 246, 247, 244, 245, 244, 243, 246, 243, 244, 244, 246, 243, 248,
    249, 252, 252, 253, 260, 262, 259, 262, 260, 257, 251, 246, 239, 238,
    228, 226, 225, 225, 228, 230, 237, 245, 249, 254, 257, 254, 259, 255,
    248, 249, 243, 238, 238, 233, 234, 232, 233, 234, 236, 239, 242, 242,
    247, 250, 249, 251, 248, 247, 249, 248, 245, 245, 243, 242, 239, 240,
    240, 240, 239, 243, 240, 241, 245, 244, 244, 244, 247, 244, 245, 245,
    246, 244, 245, 243, 243 ]
headPositionsY: [ 76, 74, 74, 76, 76, 78, 74, 77, 75, 74, 76, 77, 78, 73,
    73, 73, 75, 75, 75, 75, 74, 75, 76, 75, 76, 77, 74, 76, 72, 74, 72,
    73, 71, 73, 76, 77, 77, 73, 74, 76, 77, 73, 78, 73, 77, 76, 75, 72,
    74, 71, 73, 72, 75, 73, 74, 73, 73, 78, 77, 76, 73, 76, 75, 76, 78,
    74, 77, 74, 78, 76, 75, 78, 75, 75, 75, 76, 75, 76, 77, 73, 76, 75,
    77, 76, 76, 77, 74, 75, 75, 78, 77, 77, 76, 78, 78, 74, 78, 78, 78,
    78 ]
