%YAML:1.0
---
videoName: "headShake5.mp4"
gestureLabel: 201
fps: 30
pixelSizeInCmTemp: 3.3263888888888887e-01
faceCenterPointX: 275
faceCenterPointY: 73
headPositionsX: [ 273, 279, 280, 275, 276, 279, 277, 277, 280, 278, 280,
    276, 279, 276, 279, 278, 278, 275, 276, 278, 280, 276, 277, 278, 277,
    278, 280, 275, 279, 279, 276, 278, 277, 281, 283, 283, 290, 293, 294,
    296, 297, 292, 292, 283, 278, 271, 265, 263, 265, 263, 268, 273, 279,
    286, 291, 290, 286, 283, 282, 274, 266, 263, 262, 265, 266, 272, 274,
    280, 281, 282, 287, 285, 282, 280, 273, 269, 270, 268, 269, 268, 268,
    271, 274, 277, 282, 282, 284, 282, 282, 280, 282, 277, 276, 276, 275,
    273, 276, 276, 273, 273 ]
headPositionsY: [ 74, 72, 74, 72, 72, 73, 72, 75, 75, 74, 72, 71, 76, 72,
    75, 71, 74, 71, 71, 72, 71, 72, 75, 74, 73, 74, 76, 73, 75, 75, 74,
    72, 72, 71, 75, 72, 70, 73, 72, 74, 73, 71, 74, 75, 72, 74, 75, 73,
    72, 73, 74, 74, 77, 73, 71, 75, 73, 72, 77, 74, 77, 74, 76, 74, 74,
    74, 74, 76, 71, 74, 75, 73, 74, 77, 76, 72, 72, 70, 71, 72, 75, 73,
    72, 73, 73, 72, 71, 72, 71, 73, 70, 74, 73, 72, 74, 75, 72, 72, 73,
    71 ]
