%YAML:1.0
---
videoName: "headShake7.mp4"
gestureLabel: 201
fps: 29
pixelSizeInCmTemp: 3.3263888888888887e-01
faceCenterPointX: 244
faceCenterPointY: 72
headPositionsX: [ 242, 245, 242, 244, 243, 243, 242, 244, 244, 245, 244,
    250, 253, 255, 255, 257, 261, 260, 259, 254, 249, 245, 240, 233, 233,
    234, 235, 240, 244, 250, 258, 260, 261, 259, 254, 249, 244, 238, 232,
    228, 227, 229, 232, 236, 242, 245, 252, 251, 257, 257, 254, 250, 244,
    240, 239, 233, 231, 228, 232, 234, 237, 244, 247, 254, 254, 254, 257,
    256, 252, 253, 245, 244, 239, 234, 235, 233, 236, 232, 237, 236, 241,
    242, 243, 243, 244, 244, 246, 249, 249, 249, 248, 243, 246, 247, 246,
    242, 244, 244, 243, 245 ]
headPositionsY: [ 71, 69, 73, 70, 70, 70, 72, 70, 73, 71, 71, 72, 68, 71,
    70, 66, 68, 68, 68, 67, 71, 72, 69, 69, 70, 73, 71, 69, 69, 70, 69,
    70, 71, 69, 72, 69, 71, 69, 70, 69, 69, 72, 72, 70, 69, 70, 72, 69,
    67, 71, 70, 70, 73, 71, 69, 72, 71, 69, 68, 70, 72, 70, 70, 71, 72,
    70, 70, 67, 72, 69, 69, 72, 73, 71, 73, 71, 73, 68, 69, 73, 73, 69,
    69, 71, 71, 71, 69, 72, 72, 69, 72, 69, 72, 70, 70, 70, 71, 70, 74,
    71 ]
