%YAML:1.0
---
videoName: "headShake32.mp4"
gestureLabel: 201
fps: 29
pixelSizeInCmTemp: 3.2808219178082193e-01
faceCenterPointX: 237
faceCenterPointY: 77
headPositionsX: [ 239, 236, 239, 236, 236, 237, 237, 238, 237, 241, 237,
    238, 240, 239, 239, 240, 240, 242, 241, 241, 243, 243, 243, 242, 240,
    242, 238, 243, 238, 240, 239, 239, 237, 237, 239, 240, 240, 242, 241,
    244, 245, 246, 244, 250, 249, 250, 252, 249, 252, 249, 249, 247, 247,
    245, 241, 241, 239, 234, 234, 230, 231, 229, 225, 228, 223, 229, 226,
    229, 231, 232, 237, 235, 243, 243, 246, 249, 246, 248, 250, 249, 246,
    247, 246, 244, 244, 244, 241, 239, 240, 240, 237, 240, 239, 238, 240,
    236, 240, 235, 237, 236 ]
headPositionsY: [ 76, 72, 76, 71, 72, 74, 70, 71, 73, 74, 72, 76, 74, 71,
    71, 73, 76, 75, 74, 71, 76, 73, 74, 73, 74, 74, 75, 75, 76, 75, 75,
    74, 73, 76, 73, 73, 74, 73, 75, 75, 76, 76, 72, 71, 72, 74, 72, 75,
    74, 71, 73, 75, 76, 78, 76, 78, 75, 75, 77, 76, 75, 75, 74, 75, 77,
    77, 77, 75, 77, 74, 75, 75, 74, 77, 73, 77, 77, 74, 76, 77, 75, 78,
    78, 75, 78, 77, 78, 77, 79, 78, 76, 80, 79, 75, 80, 78, 79, 78, 77,
    78 ]
