%YAML:1.0
---
videoName: "headShake42.mp4"
gestureLabel: 201
fps: 29
pixelSizeInCmTemp: 3.2808219178082193e-01
faceCenterPointX: 257
faceCenterPointY: 85
headPositionsX: [ 256, 271, 275, 274, 279, 275, 276, 274, 276, 274, 272,
    267, 266, 262, 260, 255, 254, 249, 246, 245, 242, 245, 245, 242, 241,
    244, 247, 253, 252, 260, 261, 266, 273, 277, 279, 281, 279, 279, 276,
    277, 271, 271, 269, 266, 262, 258, 255, 253, 249, 250, 247, 245, 247,
    245, 244, 247, 249, 252, 256, 257, 257, 261, 264, 266, 269, 270, 266,
    269, 267, 268, 269, 269, 265, 267, 265, 262, 261, 261, 261, 259, 257,
    259, 258, 259, 256, 258, 256, 255, 256, 259, 255, 258, 257, 256, 259,
    256, 256, 258, 257, 257 ]
headPositionsY: [ 83, 83, 83, 83, 82, 82, 82, 80, 81, 83, 83, 85, 85, 84,
    84, 81, 86, 86, 84, 84, 84, 83, 87, 83, 85, 82, 83, 85, 85, 85, 85,
    84, 84, 82, 85, 82, 83, 84, 83, 85, 83, 88, 84, 84, 89, 84, 88, 85,
    86, 87, 84, 85, 85, 87, 83, 87, 86, 86, 85, 86, 85, 83, 86, 86, 85,
    88, 87, 86, 85, 84, 88, 88, 87, 84, 84, 84, 83, 83, 88, 85, 86, 85,
    83, 86, 85, 83, 83, 83, 84, 86, 87, 85, 84, 84, 87, 87, 86, 86, 86,
    83 ]
