%YAML:1.0
---
videoName: "headShake30.mp4"
gestureLabel: 201
fps: 29
pixelSizeInCmTemp: 3.2808219178082193e-01
faceCenterPointX: 240
faceCenterPointY: 68
headPositionsX: [ 241, 231, 231, 235, 231, 234, 231, 233, 236, 234, 233,
    238, 237, 236, 239, 238, 241, 240, 245, 242, 242, 244, 245, 244, 245,
    242, 242, 243, 243, 239, 241, 239, 239, 242, 241, 237, 238, 242, 242,
    249, 250, 252, 256, 256, 261, 258, 258, 257, 250, 245, 236, 229, 228,
    223, 225, 225, 231, 236, 240, 247, 251, 253, 252, 252, 247, 244, 238,
    233, 227, 227, 229, 227, 234, 235, 243, 246, 250, 250, 251, 248, 250,
    243, 243, 239, 236, 236, 235, 236, 235, 239, 239, 239, 241, 241, 239,
    238, 238, 242, 239, 238 ]
headPositionsY: [ 66, 53, 57, 57, 56, 61, 59, 60, 60, 62, 65, 65, 64, 64,
    66, 65, 66, 63, 68, 63, 64, 64, 67, 65, 64, 65, 67, 67, 68, 63, 63,
    67, 67, 67, 64, 67, 65, 68, 66, 67, 66, 63, 66, 66, 64, 63, 66, 67,
    68, 68, 67, 66, 69, 68, 67, 67, 69, 70, 66, 68, 69, 64, 68, 67, 71,
    68, 67, 69, 69, 66, 68, 68, 68, 70, 67, 69, 64, 68, 66, 66, 64, 66,
    67, 70, 65, 65, 66, 70, 66, 65, 67, 66, 68, 69, 66, 68, 68, 70, 68,
    67 ]
