%YAML:1.0
---
videoName: "headShake14.mp4"
gestureLabel: 201
fps: 29
pixelSizeInCmTemp: 3.2364864864864862e-01
faceCenterPointX: 244
faceCenterPointY: 76
headPositionsX: [ 244, 245, 244, 245, 247, 243, 245, 245, 243, 243, 247,
    245, 247, 243, 247, 244, 245, 245, 247, 243, 247, 244, 245, 246, 244,
    247, 248, 252, 254, 260, 260, 260, 261, 259, 258, 253, 248, 241, 238,
    228, 224, 224, 227, 229, 233, 237, 241, 246, 253, 257, 258, 256, 254,
    250, 248, 244, 236, 235, 231, 235, 236, 234, 235, 240, 240, 245, 246,
    246, 248, 250, 249, 248, 250, 250, 246, 246, 245, 242, 241, 240, 238,
    239, 239, 238, 239, 242, 241, 243, 245, 243, 244, 244, 246, 245, 243,
    247, 243, 246, 245, 245 ]
headPositionsY: [ 78, 75, 75, 76, 78, 75, 78, 73, 76, 76, 78, 75, 77, 77,
    73, 76, 77, 74, 73, 76, 73, 77, 75, 76, 76, 74, 77, 74, 73, 76, 71,
    72, 70, 74, 72, 73, 78, 73, 76, 73, 74, 73, 75, 73, 75, 75, 76, 75,
    71, 73, 70, 74, 73, 76, 75, 76, 73, 78, 77, 74, 77, 76, 77, 76, 75,
    77, 76, 76, 77, 75, 74, 74, 74, 76, 78, 74, 77, 75, 77, 75, 77, 74,
    77, 74, 74, 77, 78, 78, 76, 75, 77, 77, 74, 74, 77, 77, 78, 75, 75,
    78 ]
