%YAML:1.0
---
videoName: "headShake19.mp4"
gestureLabel: 201
fps: 29
pixelSizeInCmTemp: 3.1933333333333330e-01
faceCenterPointX: 243
faceCenterPointY: 78
headPositionsX: [ 245, 245, 241, 245, 244, 244, 241, 244, 241, 241, 242,
    244, 243, 243, 245, 243, 245, 243, 241, 241, 244, 243, 242, 245, 242,
    244, 243, 244, 241, 241, 243, 243, 241, 243, 244, 241, 241, 239, 235,
    231, 231, 233, 237, 244, 250, 254, 257, 257, 256, 252, 249, 245, 237,
    235, 233, 232, 233, 233, 239, 243, 243, 248, 250, 246, 248, 245, 241,
    237, 239, 236, 237, 239, 239, 240, 241, 241, 242, 247, 246, 246, 243,
    246, 244, 242, 239, 242, 240, 241, 238, 240, 241, 242, 244, 244, 245,
    240, 245, 245, 242, 241 ]
headPositionsY: [ 79, 75, 77, 75, 77, 76, 77, 74, 78, 75, 75, 79, 78, 76,
    77, 75, 76, 75, 76, 79, 77, 75, 75, 79, 79, 76, 79, 76, 77, 77, 78,
    77, 75, 78, 76, 76, 76, 74, 76, 77, 78, 75, 78, 79, 76, 79, 74, 73,
    76, 78, 78, 76, 78, 75, 74, 77, 73, 77, 79, 79, 78, 77, 78, 78, 80,
    79, 78, 79, 77, 77, 78, 76, 77, 76, 76, 77, 76, 79, 79, 77, 77, 79,
    76, 80, 80, 77, 79, 77, 78, 79, 76, 76, 79, 76, 80, 76, 80, 78, 78,
    77 ]
