%YAML:1.0
---
videoName: "headShake38.mp4"
gestureLabel: 201
fps: 29
pixelSizeInCmTemp: 3.2808219178082193e-01
faceCenterPointX: 259
faceCenterPointY: 84
headPositionsX: [ 258, 261, 265, 264, 263, 262, 265, 264, 263, 263, 263,
    263, 266, 263, 264, 264, 263, 265, 264, 263, 265, 265, 262, 262, 262,
    263, 262, 264, 264, 260, 261, 260, 262, 264, 260, 262, 262, 264, 264,
    260, 261, 261, 257, 257, 252, 249, 250, 247, 247, 252, 258, 264, 275,
    279, 279, 274, 268, 262, 255, 250, 248, 247, 253, 259, 267, 273, 270,
    269, 265, 257, 255, 251, 245, 247, 251, 253, 261, 263, 266, 270, 269,
    269, 269, 266, 267, 263, 261, 260, 260, 258, 258, 262, 262, 259, 260,
    260, 262, 259, 259, 262 ]
headPositionsY: [ 82, 85, 83, 83, 85, 83, 84, 85, 86, 80, 85, 83, 82, 82,
    82, 83, 84, 86, 85, 83, 86, 82, 82, 82, 84, 83, 84, 82, 83, 84, 84,
    85, 83, 84, 83, 82, 83, 82, 82, 83, 82, 84, 83, 85, 82, 80, 84, 81,
    81, 82, 84, 84, 85, 84, 82, 81, 86, 82, 82, 86, 82, 80, 85, 85, 83,
    83, 86, 82, 86, 83, 86, 81, 84, 83, 84, 85, 81, 82, 84, 82, 85, 85,
    86, 85, 87, 86, 85, 85, 83, 82, 82, 83, 86, 86, 86, 83, 82, 83, 84,
    84 ]
