%YAML:1.0
---
videoName: "headShake1.mp4"
gestureLabel: 201
fps: 29
pixelSizeInCmTemp: 3.3263888888888887e-01
faceCenterPointX: 279
faceCenterPointY: 98
headPositionsX: [ 280, 277, 277, 278, 277, 279, 279, 279, 279, 277, 278,
    278, 278, 281, 276, 282, 280, 278, 278, 278, 277, 280, 279, 281, 277,
    277, 278, 279, 283, 284, 287, 288, 289, 291, 295, 291, 290, 289, 288,
    283, 278, 276, 272, 270, 268, 271, 272, 275, 278, 285, 287, 291, 292,
    292, 292, 286, 281, 281, 273, 272, 268, 266, 268, 267, 274, 279, 281,
    287, 291, 294, 293, 293, 290, 287, 283, 282, 276, 276, 270, 273, 270,
    270, 273, 274, 275, 277, 277, 279, 279, 279, 280, 281, 282, 281, 280,
    279, 282, 280, 278, 278 ]
headPositionsY: [ 98, 98, 96, 96, 95, 95, 95, 97, 98, 99, 99, 96, 98, 96,
    98, 98, 98, 97, 95, 98, 98, 96, 97, 98, 96, 95, 95, 97, 98, 94, 95,
    95, 94, 95, 96, 95, 96, 95, 96, 95, 100, 97, 94, 96, 98, 98, 94, 99,
    97, 94, 98, 94, 95, 98, 97, 98, 98, 98, 97, 98, 99, 94, 97, 96, 97,
    94, 98, 96, 96, 93, 94, 93, 98, 97, 99, 100, 98, 98, 97, 97, 97, 98,
    98, 97, 96, 97, 98, 99, 98, 98, 99, 97, 97, 98, 98, 99, 100, 98, 95,
    100 ]
