%YAML:1.0
---
videoName: "headShake5.mp4"
gestureLabel: 201
fps: 30
pixelSizeInCmTemp: 3.3263888888888887e-01
faceCenterPointX: 275
faceCenterPointY: 73
headPositionsX: [ 274, 275, 279, 277, 280, 278, 278, 278, 280, 278, 276,
    280, 278, 278, 279, 277, 277, 277, 277, 278, 278, 276, 279, 279, 280,
    275, 278, 279, 276, 276, 280, 278, 280, 281, 284, 286, 289, 291, 294,
    298, 293, 292, 292, 286, 279, 272, 267, 263, 263, 265, 266, 273, 283,
    288, 292, 288, 287, 285, 280, 275, 269, 261, 260, 266, 269, 272, 274,
    281, 281, 282, 287, 284, 279, 276, 273, 271, 270, 268, 268, 269, 268,
    272, 273, 278, 278, 281, 281, 284, 282, 283, 279, 278, 279, 278, 276,
    276, 277, 276, 277, 275 ]
headPositionsY: [ 71, 74, 72, 73, 74, 71, 74, 71, 71, 74, 71, 73, 75, 75,
    73, 72, 76, 75, 72, 72, 72, 72, 72, 74, 76, 75, 74, 73, 73, 73, 71,
    74, 74, 71, 75, 71, 70, 72, 73, 70, 72, 72, 73, 75, 72, 75, 75, 76,
    75, 73, 72, 75, 77, 76, 72, 71, 72, 75, 76, 75, 74, 72, 75, 75, 72,
    75, 75, 74, 71, 73, 75, 72, 75, 76, 73, 71, 74, 70, 72, 73, 74, 74,
    71, 74, 74, 75, 72, 72, 70, 70, 71, 74, 72, 75, 72, 73, 72, 71, 72,
    75 ]
