%YAML:1.0
---
videoName: "headShake16.mp4"
gestureLabel: 201
fps: 29
pixelSizeInCmTemp: 3.2364864864864862e-01
faceCenterPointX: 242
faceCenterPointY: 77
headPositionsX: [ 240, 242, 245, 244, 244, 242, 246, 244, 245, 243, 243,
    242, 245, 242, 245, 245, 242, 245, 245, 244, 245, 243, 241, 242, 244,
    245, 240, 243, 244, 243, 240, 241, 241, 243, 242, 242, 240, 243, 246,
    249, 252, 252, 253, 253, 255, 249, 248, 245, 241, 237, 236, 233, 236,
    239, 238, 243, 244, 248, 251, 251, 249, 249, 249, 241, 242, 237, 235,
    237, 235, 237, 236, 236, 237, 241, 243, 244, 245, 246, 244, 241, 243,
    239, 239, 239, 241, 240, 240, 239, 238, 241, 238, 239, 242, 241, 243,
    240, 244, 242, 241, 241 ]
headPositionsY: [ 79, 77, 78, 75, 75, 78, 77, 78, 75, 78, 78, 74, 76, 77,
    75, 76, 75, 77, 76, 74, 75, 77, 74, 76, 76, 78, 73, 77, 76, 76, 75,
    76, 75, 77, 74, 76, 75, 77, 74, 77, 78, 77, 75, 73, 73, 77, 78, 74,
    79, 76, 77, 78, 76, 78, 78, 78, 79, 74, 75, 76, 78, 79, 76, 76, 77,
    77, 75, 76, 78, 76, 79, 77, 77, 75, 79, 77, 74, 78, 76, 77, 78, 76,
    75, 78, 76, 75, 75, 75, 79, 75, 73, 76, 78, 78, 78, 78, 76, 79, 78,
    76 ]
