%YAML:1.0
---
videoName: "headShake3.mp4"
gestureLabel: 201
fps: 30
pixelSizeInCmTemp: 3.3263888888888887e-01
faceCenterPointX: 240
faceCenterPointY: 101
headPositionsX: [ 238, 240, 242, 242, 241, 239, 241, 240, 243, 241, 240,
    242, 239, 242, 244, 242, 243, 241, 241, 240, 243, 241, 240, 242, 242,
    242, 241, 240, 238, 239, 238, 237, 239, 241, 248, 247, 251, 254, 255,
    257, 257, 252, 246, 244, 237, 235, 229, 228, 228, 232, 231, 239, 245,
    250, 252, 249, 249, 247, 241, 237, 235, 228, 227, 224, 225, 228, 233,
    235, 241, 242, 246, 248, 245, 246, 242, 243, 242, 239, 234, 235, 233,
    232, 235, 235, 232, 237, 238, 238, 238, 237, 242, 242, 238, 243, 241,
    240, 239, 243, 243, 242 ]
headPositionsY: [ 100, 101, 97, 100, 101, 98, 101, 97, 101, 100, 97, 100,
    100, 98, 99, 98, 98, 100, 97, 101, 101, 97, 99, 98, 98, 101, 98, 97,
    97, 98, 96, 98, 99, 100, 100, 100, 98, 97, 97, 100, 96, 100, 101, 98,
    97, 98, 101, 98, 99, 97, 98, 99, 100, 97, 99, 100, 96, 97, 101, 101,
    101, 98, 99, 100, 95, 98, 97, 98, 98, 100, 101, 98, 97, 97, 99, 98,
    100, 99, 97, 98, 101, 100, 102, 99, 100, 98, 98, 99, 98, 101, 101,
    101, 99, 101, 99, 103, 100, 103, 103, 100 ]
