%YAML:1.0
---
videoName: "headShake14.mp4"
gestureLabel: 201
fps: 29
pixelSizeInCmTemp: 3.2364864864864862e-01
faceCenterPointX: 244
faceCenterPointY: 76
headPositionsX: [ 246, 247, 246, 245, 245, 244, 244, 247, 247, 245, 247,
    247, 246, 247, 245, 246, 246, 244, 247, 244, 247, 245, 246, 243, 245,
    248, 252, 252, 257, 257, 259, 260, 263, 259, 254, 252, 248, 242, 238,
    230, 225, 226, 229, 228, 233, 238, 241, 246, 253, 255, 258, 255, 254,
    251, 247, 241, 236, 238, 235, 233, 235, 232, 237, 237, 241, 244, 244,
    248, 246, 248, 247, 250, 247, 248, 248, 244, 246, 241, 239, 241, 238,
    237, 241, 238, 243, 242, 244, 245, 242, 246, 246, 247, 242, 246, 244,
    247, 244, 244, 243, 243 ]
headPositionsY: [ 78, 75, 75, 75, 78, 77, 77, 75, 76, 77, 78, 77, 74, 75,
    76, 77, 73, 77, 75, 77, 75, 74, 73, 76, 78, 73, 75, 73, 72, 73, 75,
    73, 72, 73, 73, 76, 77, 75, 77, 77, 76, 74, 78, 72, 77, 75, 75, 73,
    74, 73, 74, 71, 72, 73, 74, 77, 73, 76, 76, 73, 76, 77, 74, 77, 74,
    75, 76, 77, 77, 76, 77, 75, 78, 76, 75, 77, 76, 74, 74, 76, 74, 77,
    74, 77, 77, 74, 77, 77, 75, 79, 75, 74, 77, 78, 74, 75, 74, 74, 76,
    77 ]
