%YAML:1.0
---
videoName: "headShake49.mp4"
gestureLabel: 201
fps: 30
pixelSizeInCmTemp: 2.8855421686746985e-01
faceCenterPointX: 259
faceCenterPointY: 84
headPositionsX: [ 257, 263, 258, 262, 263, 262, 262, 262, 260, 261, 263,
    263, 260, 260, 260, 262, 262, 260, 261, 261, 261, 263, 258, 263, 260,
    262, 259, 258, 261, 259, 263, 263, 262, 265, 267, 271, 276, 278, 282,
    282, 281, 280, 271, 266, 257, 252, 249, 250, 250, 254, 263, 268, 270,
    273, 274, 265, 262, 256, 249, 247, 246, 252, 257, 260, 267, 271, 271,
    269, 262, 258, 255, 251, 255, 256, 259, 264, 264, 267, 269, 268, 265,
    263, 263, 259, 260, 255, 260, 258, 259, 260, 261, 262, 256, 260, 258,
    259, 257, 261, 259, 258 ]
headPositionsY: [ 82, 80, 80, 78, 80, 80, 79, 81, 79, 81, 81, 81, 81, 82,
    81, 78, 82, 82, 80, 79, 80, 80, 82, 79, 82, 78, 79, 80, 81, 81, 81,
    81, 79, 83, 83, 82, 81, 81, 77, 80, 80, 80, 84, 82, 83, 81, 82, 82,
    83, 85, 84, 86, 86, 81, 84, 83, 83, 85, 85, 84, 84, 82, 87, 82, 85,
    82, 83, 85, 86, 85, 85, 85, 87, 86, 82, 82, 82, 84, 85, 84, 86, 87,
    87, 83, 85, 82, 85, 84, 82, 83, 83, 83, 83, 85, 86, 83, 85, 82, 87,
    86 ]
