%YAML:1.0
---
videoName: "headShake23.mp4"
gestureLabel: 201
fps: 29
pixelSizeInCmTemp: 3.2808219178082193e-01
faceCenterPointX: 240
faceCenterPointY: 77
headPositionsX: [ 242, 243, 243, 240, 240, 244, 241, 242, 242, 240, 242,
    239, 241, 244, 239, 240, 239, 241, 241, 238, 240, 242, 245, 248, 251,
    249, 251, 252, 252, 254, 253, 255, 253, 251, 246, 245, 239, 239, 234,
    230, 232, 233, 230, 230, 230, 232, 231, 235, 234, 238, 241, 243, 246,
    252, 251, 250, 253, 253, 252, 251, 251, 249, 248, 244, 240, 242, 240,
    235, 235, 235, 233, 232, 234, 234, 234, 236, 233, 238, 238, 238, 239,
    241, 242, 242, 244, 242, 242, 245, 246, 246, 246, 244, 244, 243, 241,
    243, 244, 242, 241, 239 ]
headPositionsY: [ 76, 77, 75, 77, 76, 77, 77, 76, 76, 74, 77, 78, 76, 76,
    75, 75, 75, 76, 74, 77, 76, 78, 76, 76, 77, 76, 75, 79, 75, 74, 78,
    78, 74, 77, 79, 76, 77, 75, 79, 78, 76, 75, 74, 75, 77, 77, 78, 78,
    77, 80, 77, 79, 77, 79, 74, 79, 75, 75, 76, 76, 78, 78, 80, 77, 80,
    79, 78, 76, 79, 80, 79, 80, 78, 77, 76, 75, 79, 76, 78, 79, 75, 76,
    77, 77, 77, 78, 76, 78, 77, 79, 78, 77, 78, 76, 77, 80, 79, 76, 75,
    76 ]
