%YAML:1.0
---
videoName: "headShake17.mp4"
gestureLabel: 201
fps: 29
pixelSizeInCmTemp: 3.3263888888888887e-01
faceCenterPointX: 242
faceCenterPointY: 76
headPositionsX: [ 242, 240, 236, 237, 236, 238, 239, 241, 244, 246, 250,
    255, 261, 258, 260, 258, 255, 247, 243, 242, 234, 231, 230, 227, 227,
    229, 230, 230, 235, 239, 244, 245, 251, 249, 254, 253, 252, 253, 248,
    249, 244, 240, 235, 234, 230, 232, 231, 231, 232, 238, 239, 239, 240,
    245, 246, 244, 247, 245, 246, 242, 244, 244, 239, 242, 238, 238, 238,
    241, 239, 238, 239, 240, 239, 240, 241, 240, 239, 240, 239, 240, 240,
    240, 239, 242, 239, 243, 241, 243, 243, 240, 242, 243, 240, 239, 240,
    239, 244, 242, 240, 243 ]
headPositionsY: [ 75, 77, 77, 75, 76, 78, 77, 77, 76, 74, 77, 74, 75, 75,
    73, 76, 75, 76, 79, 79, 79, 75, 79, 78, 75, 77, 77, 78, 78, 78, 74,
    75, 74, 75, 76, 74, 74, 75, 76, 76, 75, 75, 77, 78, 74, 78, 77, 76,
    77, 76, 74, 76, 78, 75, 75, 77, 77, 79, 75, 79, 77, 76, 75, 75, 74,
    76, 74, 75, 77, 76, 78, 76, 76, 77, 77, 74, 77, 77, 75, 76, 76, 76,
    76, 77, 76, 75, 77, 77, 77, 74, 77, 77, 75, 74, 78, 76, 77, 74, 74,
    74 ]
