%YAML:1.0
---
videoName: "headShake16.mp4"
gestureLabel: 201
fps: 29
pixelSizeInCmTemp: 3.2364864864864862e-01
faceCenterPointX: 242
faceCenterPointY: 77
headPositionsX: [ 241, 242, 246, 244, 245, 245, 242, 245, 241, 245, 245,
    242, 242, 243, 246, 242, 242, 246, 244, 246, 243, 242, 241, 245, 243,
    245, 240, 244, 243, 245, 240, 243, 242, 241, 242, 243, 243, 242, 245,
    249, 252, 251, 254, 253, 254, 248, 248, 245, 240, 239, 234, 235, 234,
    239, 238, 241, 245, 246, 247, 248, 248, 247, 245, 243, 243, 239, 235,
    236, 236, 237, 234, 236, 237, 242, 240, 245, 244, 246, 245, 241, 244,
    241, 239, 238, 241, 236, 238, 237, 239, 239, 238, 242, 244, 243, 243,
    244, 241, 240, 240, 241 ]
headPositionsY: [ 75, 75, 77, 74, 75, 78, 74, 75, 75, 78, 78, 74, 78, 74,
    74, 78, 76, 78, 78, 74, 75, 77, 73, 76, 77, 77, 73, 76, 73, 76, 74,
    75, 73, 75, 76, 77, 77, 78, 74, 74, 77, 75, 72, 73, 73, 75, 74, 75,
    77, 77, 76, 76, 78, 76, 78, 77, 79, 78, 77, 79, 77, 75, 76, 76, 75,
    77, 77, 78, 77, 77, 78, 79, 75, 75, 76, 78, 77, 78, 76, 78, 77, 75,
    78, 76, 77, 77, 75, 76, 78, 76, 77, 75, 74, 75, 78, 75, 74, 77, 78,
    78 ]
