%YAML:1.0
---
videoName: "headShake16.mp4"
gestureLabel: 201
fps: 29
pixelSizeInCmTemp: 3.2364864864864862e-01
faceCenterPointX: 242
faceCenterPointY: 77
headPositionsX: [ 240, 243, 244, 246, 243, 246, 243, 245, 241, 242, 245,
    242, 243, 244, 243, 241, 242, 246, 242, 246, 244, 242, 245, 244, 243,
    243, 242, 245, 242, 241, 241, 241, 243, 240, 243, 240, 242, 246, 246,
    247, 251, 255, 253, 255, 253, 248, 246, 245, 241, 239, 236, 232, 234,
    236, 239, 241, 242, 248, 251, 247, 251, 247, 245, 242, 240, 238, 238,
    235, 233, 233, 237, 235, 236, 238, 241, 244, 244, 247, 243, 241, 245,
    240, 238, 241, 237, 240, 236, 238, 241, 240, 238, 243, 240, 243, 243,
    243, 244, 243, 244, 241 ]
headPositionsY: [ 77, 75, 74, 78, 73, 75, 75, 76, 77, 78, 76, 74, 77, 76,
    76, 76, 74, 78, 78, 76, 78, 77, 73, 76, 73, 78, 75, 77, 73, 78, 75,
    75, 76, 74, 76, 78, 77, 78, 77, 78, 77, 75, 76, 75, 77, 73, 75, 75,
    76, 75, 78, 76, 78, 79, 78, 78, 77, 78, 75, 78, 78, 77, 77, 76, 79,
    78, 75, 77, 78, 76, 77, 75, 75, 75, 78, 77, 78, 78, 76, 74, 76, 75,
    76, 78, 77, 74, 76, 74, 77, 79, 76, 74, 77, 78, 79, 76, 75, 78, 78,
    76 ]
