%YAML:1.0
---
videoName: "headShake29.mp4"
gestureLabel: 201
fps: 29
pixelSizeInCmTemp: 3.3263888888888887e-01
faceCenterPointX: 243
faceCenterPointY: 76
headPositionsX: [ 243, 241, 241, 243, 241, 240, 244, 240, 244, 243, 240,
    243, 244, 245, 241, 242, 244, 244, 242, 240, 241, 241, 243, 243, 240,
    239, 241, 236, 236, 240, 243, 244, 253, 253, 256, 257, 257, 251, 249,
    244, 236, 235, 229, 229, 226, 232, 232, 239, 244, 248, 248, 250, 253,
    250, 250, 244, 243, 238, 235, 232, 229, 230, 230, 234, 237, 243, 248,
    249, 253, 255, 251, 252, 251, 247, 242, 240, 237, 235, 235, 231, 235,
    235, 233, 239, 239, 238, 240, 243, 239, 242, 243, 245, 245, 242, 241,
    242, 244, 244, 242, 241 ]
headPositionsY: [ 74, 76, 77, 75, 77, 76, 73, 77, 77, 76, 78, 74, 75, 77,
    77, 77, 76, 76, 77, 75, 76, 76, 74, 74, 76, 76, 74, 74, 77, 77, 76,
    75, 76, 73, 74, 75, 74, 74, 75, 76, 76, 76, 77, 77, 77, 75, 76, 77,
    76, 77, 74, 74, 73, 76, 76, 77, 78, 75, 77, 76, 76, 75, 78, 74, 76,
    78, 79, 75, 74, 78, 73, 73, 74, 74, 76, 76, 74, 78, 76, 75, 73, 75,
    76, 78, 78, 77, 77, 78, 75, 74, 77, 76, 79, 75, 76, 77, 77, 75, 76,
    78 ]
