%YAML:1.0
---
videoName: "headShake41.mp4"
gestureLabel: 201
fps: 29
pixelSizeInCmTemp: 3.2364864864864862e-01
faceCenterPointX: 264
faceCenterPointY: 85
headPositionsX: [ 266, 260, 260, 260, 263, 262, 261, 263, 262, 262, 261,
    261, 263, 260, 261, 259, 263, 261, 262, 261, 262, 263, 264, 263, 265,
    270, 270, 275, 274, 278, 279, 278, 283, 280, 281, 281, 282, 278, 276,
    278, 274, 268, 264, 262, 258, 255, 249, 250, 245, 245, 243, 244, 246,
    245, 250, 251, 251, 252, 258, 261, 263, 266, 269, 272, 277, 275, 277,
    277, 279, 275, 280, 276, 273, 271, 270, 268, 267, 265, 263, 263, 265,
    263, 263, 262, 261, 263, 262, 262, 262, 262, 263, 262, 263, 261, 260,
    261, 264, 263, 261, 262 ]
headPositionsY: [ 85, 83, 83, 84, 83, 84, 84, 83, 86, 83, 85, 82, 84, 86,
    81, 86, 82, 84, 86, 84, 83, 83, 86, 82, 82, 84, 82, 80, 83, 81, 80,
    81, 81, 81, 79, 83, 81, 81, 84, 81, 86, 84, 84, 84, 85, 83, 84, 86,
    83, 82, 82, 85, 80, 82, 83, 86, 84, 82, 84, 85, 85, 83, 84, 85, 85,
    82, 84, 84, 85, 82, 82, 84, 86, 83, 87, 84, 86, 84, 86, 83, 83, 83,
    83, 86, 84, 83, 82, 87, 83, 84, 86, 87, 86, 82, 84, 82, 84, 84, 84,
    87 ]
