%YAML:1.0
---
videoName: "headShake9.mp4"
gestureLabel: 201
fps: 30
pixelSizeInCmTemp: 3.2808219178082193e-01
faceCenterPointX: 243
faceCenterPointY: 73
headPositionsX: [ 243, 246, 245, 240, 244, 243, 246, 245, 241, 244, 244,
    243, 243, 241, 242, 242, 245, 243, 243, 241, 240, 242, 242, 243, 241,
    245, 241, 241, 244, 244, 243, 244, 242, 241, 245, 241, 240, 243, 245,
    243, 249, 249, 251, 256, 261, 264, 262, 264, 260, 258, 251, 250, 242,
    240, 231, 233, 228, 228, 233, 238, 242, 249, 252, 258, 262, 263, 262,
    258, 254, 248, 243, 237, 236, 229, 232, 228, 226, 232, 238, 238, 246,
    249, 252, 252, 252, 248, 248, 250, 249, 245, 248, 243, 245, 245, 244,
    242, 242, 243, 243, 244 ]
headPositionsY: [ 72, 70, 71, 73, 70, 72, 74, 70, 71, 71, 72, 74, 74, 73,
    71, 71, 74, 74, 71, 73, 74, 73, 74, 71, 72, 74, 74, 72, 72, 73, 72,
    74, 73, 73, 70, 70, 72, 70, 70, 75, 71, 72, 71, 70, 68, 71, 67, 73,
    70, 71, 72, 75, 75, 75, 74, 73, 71, 74, 71, 72, 75, 72, 69, 70, 70,
    69, 69, 71, 74, 74, 74, 73, 73, 73, 71, 72, 74, 72, 73, 71, 71, 71,
    73, 71, 72, 72, 70, 74, 72, 71, 75, 72, 72, 73, 73, 75, 74, 72, 75,
    72 ]
