%YAML:1.0
---
videoName: "headShake29.mp4"
gestureLabel: 201
fps: 29
pixelSizeInCmTemp: 3.3263888888888887e-01
faceCenterPointX: 243
faceCenterPointY: 76
headPositionsX: [ 242, 241, 242, 244, 242, 242, 242, 240, 243, 242, 240,
    241, 242, 245, 240, 242, 241, 243, 241, 243, 242, 244, 242, 243, 242,
    239, 240, 238, 240, 239, 244, 244, 251, 253, 255, 253, 256, 250, 247,
    242, 237, 233, 232, 226, 228, 232, 231, 238, 241, 247, 247, 250, 253,
    249, 248, 244, 242, 238, 232, 229, 228, 230, 232, 234, 238, 239, 248,
    251, 250, 251, 250, 251, 251, 247, 243, 242, 235, 236, 233, 235, 236,
    232, 236, 237, 236, 238, 241, 243, 241, 243, 243, 242, 242, 244, 244,
    245, 242, 243, 240, 243 ]
headPositionsY: [ 77, 78, 77, 74, 75, 76, 75, 76, 77, 74, 78, 74, 75, 76,
    74, 77, 77, 75, 75, 74, 75, 79, 77, 74, 77, 78, 75, 74, 78, 75, 78,
    76, 77, 76, 76, 74, 76, 74, 76, 74, 77, 75, 77, 79, 76, 75, 76, 78,
    76, 79, 75, 77, 76, 77, 78, 77, 78, 78, 78, 77, 75, 76, 76, 76, 76,
    75, 76, 78, 73, 78, 75, 75, 78, 78, 75, 75, 74, 74, 77, 73, 73, 74,
    76, 75, 78, 75, 78, 77, 76, 75, 73, 77, 79, 77, 75, 78, 76, 77, 78,
    76 ]
