%YAML:1.0
---
videoName: "headShake36.mp4"
gestureLabel: 201
fps: 29
pixelSizeInCmTemp: 3.2364864864864862e-01
faceCenterPointX: 263
faceCenterPointY: 80
headPositionsX: [ 261, 265, 262, 262, 262, 266, 266, 269, 272, 270, 273,
    277, 277, 283, 281, 283, 282, 282, 282, 274, 276, 274, 268, 266, 262,
    261, 256, 253, 253, 249, 249, 248, 244, 246, 249, 247, 248, 247, 251,
    254, 258, 260, 265, 268, 273, 275, 276, 276, 279, 277, 279, 280, 281,
    275, 277, 272, 272, 264, 264, 258, 254, 254, 253, 250, 249, 248, 251,
    249, 252, 252, 256, 257, 258, 264, 262, 264, 265, 267, 265, 269, 269,
    269, 268, 266, 265, 263, 265, 263, 265, 265, 266, 261, 265, 260, 262,
    264, 265, 265, 264, 263 ]
headPositionsY: [ 80, 78, 77, 82, 78, 82, 79, 78, 78, 76, 79, 76, 78, 79,
    74, 78, 74, 79, 76, 77, 81, 80, 83, 83, 80, 82, 80, 78, 79, 82, 81,
    80, 80, 82, 80, 78, 82, 80, 83, 82, 80, 84, 84, 79, 78, 78, 82, 81,
    78, 80, 79, 78, 77, 77, 79, 78, 79, 80, 83, 80, 80, 82, 81, 78, 79,
    78, 80, 81, 77, 77, 79, 78, 81, 83, 80, 81, 82, 82, 82, 80, 78, 80,
    80, 77, 79, 79, 79, 83, 82, 79, 80, 80, 81, 81, 80, 80, 81, 80, 79,
    78 ]
