%YAML:1.0
---
videoName: "headShake28.mp4"
gestureLabel: 201
fps: 29
pixelSizeInCmTemp: 3.2808219178082193e-01
faceCenterPointX: 242
faceCenterPointY: 80
headPositionsX: [ 243, 242, 241, 240, 239, 243, 241, 239, 240, 241, 239,
    242, 240, 244, 243, 241, 244, 240, 243, 242, 244, 240, 241, 242, 240,
    242, 241, 244, 240, 240, 243, 242, 244, 242, 242, 243, 242, 240, 241,
    243, 242, 243, 242, 242, 244, 245, 243, 244, 246, 245, 241, 236, 234,
    227, 229, 232, 240, 245, 248, 251, 253, 257, 255, 250, 248, 242, 238,
    232, 234, 236, 236, 245, 249, 251, 251, 257, 255, 252, 249, 248, 241,
    241, 236, 236, 236, 236, 236, 237, 240, 241, 243, 245, 242, 242, 243,
    241, 242, 240, 241, 243 ]
headPositionsY: [ 79, 78, 79, 77, 77, 76, 79, 76, 76, 80, 81, 76, 80, 80,
    78, 80, 79, 79, 78, 77, 80, 78, 81, 80, 78, 78, 79, 78, 77, 77, 79,
    79, 81, 78, 79, 80, 79, 79, 76, 79, 79, 76, 76, 76, 77, 78, 77, 77,
    76, 79, 79, 78, 79, 79, 77, 76, 76, 75, 80, 78, 76, 78, 75, 77, 79,
    78, 77, 78, 77, 81, 77, 78, 79, 80, 75, 76, 77, 79, 76, 78, 78, 79,
    79, 80, 77, 78, 80, 77, 80, 77, 79, 78, 80, 82, 80, 81, 81, 81, 78,
    79 ]
