%YAML:1.0
---
videoName: "headShake32.mp4"
gestureLabel: 201
fps: 29
pixelSizeInCmTemp: 3.2808219178082193e-01
faceCenterPointX: 237
faceCenterPointY: 77
headPositionsX: [ 239, 236, 235, 238, 238, 240, 236, 237, 239, 237, 239,
    240, 237, 239, 242, 238, 240, 243, 239, 238, 242, 243, 241, 239, 239,
    242, 242, 243, 242, 240, 237, 242, 239, 241, 240, 241, 237, 242, 242,
    242, 244, 244, 246, 250, 247, 248, 250, 253, 252, 248, 251, 247, 246,
    242, 240, 241, 236, 232, 232, 231, 232, 230, 227, 229, 224, 228, 229,
    228, 233, 233, 236, 238, 241, 244, 244, 248, 250, 251, 250, 250, 249,
    245, 248, 247, 243, 245, 239, 238, 241, 238, 238, 237, 235, 240, 240,
    236, 240, 239, 236, 237 ]
headPositionsY: [ 76, 73, 73, 72, 76, 72, 73, 71, 74, 76, 72, 73, 71, 72,
    74, 75, 73, 73, 71, 73, 72, 75, 75, 76, 72, 76, 75, 72, 76, 76, 72,
    74, 75, 74, 76, 75, 74, 72, 73, 76, 75, 76, 76, 74, 73, 75, 74, 75,
    71, 73, 73, 75, 77, 74, 78, 77, 74, 74, 75, 76, 77, 74, 75, 75, 78,
    77, 75, 77, 74, 77, 78, 75, 78, 76, 74, 78, 73, 76, 76, 75, 77, 74,
    74, 78, 77, 78, 77, 76, 75, 78, 79, 76, 77, 76, 76, 76, 77, 75, 78,
    77 ]
