%YAML:1.0
---
videoName: "headShake15.mp4"
gestureLabel: 201
fps: 29
pixelSizeInCmTemp: 3.3263888888888887e-01
faceCenterPointX: 243
faceCenterPointY: 76
headPositionsX: [ 244, 244, 244, 241, 246, 243, 242, 243, 245, 244, 244,
    244, 244, 245, 245, 241, 241, 244, 243, 241, 244, 243, 245, 241, 244,
    242, 242, 245, 242, 244, 245, 245, 244, 242, 243, 241, 242, 243, 244,
    242, 241, 244, 244, 245, 243, 244, 245, 241, 245, 245, 244, 242, 240,
    244, 241, 241, 242, 244, 243, 242, 243, 242, 246, 249, 252, 251, 253,
    259, 256, 257, 255, 254, 252, 246, 243, 237, 237, 236, 238, 238, 239,
    241, 242, 245, 249, 247, 244, 245, 243, 241, 241, 244, 242, 241, 240,
    244, 241, 241, 243, 242 ]
headPositionsY: [ 75, 76, 74, 74, 75, 77, 76, 78, 75, 74, 74, 75, 74, 75,
    75, 77, 73, 75, 77, 74, 76, 73, 78, 73, 76, 74, 76, 77, 74, 76, 73,
    75, 75, 74, 76, 73, 77, 74, 75, 76, 75, 75, 75, 77, 73, 77, 74, 73,
    74, 74, 76, 77, 75, 73, 76, 76, 77, 77, 74, 76, 75, 77, 78, 75, 74,
    76, 74, 75, 76, 75, 76, 77, 78, 77, 78, 75, 79, 77, 77, 77, 76, 78,
    76, 76, 78, 74, 79, 76, 79, 79, 78, 78, 77, 75, 79, 77, 75, 75, 74,
    79 ]
