%YAML:1.0
---
videoName: "headShake28.mp4"
gestureLabel: 201
fps: 29
pixelSizeInCmTemp: 3.2808219178082193e-01
faceCenterPointX: 242
faceCenterPointY: 80
headPositionsX: [ 240, 242, 242, 239, 241, 240, 243, 239, 241, 240, 239,
    238, 240, 241, 241, 240, 241, 241, 239, 241, 241, 241, 243, 240, 240,
    243, 240, 242, 240, 240, 243, 243, 244, 241, 240, 244, 241, 243, 243,
    244, 245, 246, 245, 246, 246, 243, 243, 244, 243, 244, 241, 233, 232,
    229, 231, 234, 239, 242, 249, 251, 253, 258, 254, 249, 248, 242, 235,
    232, 230, 236, 239, 244, 249, 250, 253, 255, 255, 253, 250, 248, 241,
    242, 236, 235, 238, 238, 239, 240, 239, 243, 245, 245, 243, 244, 240,
    242, 240, 242, 243, 244 ]
headPositionsY: [ 80, 78, 76, 78, 77, 76, 78, 75, 79, 79, 81, 80, 76, 77,
    78, 79, 81, 79, 79, 79, 81, 78, 80, 79, 76, 78, 81, 80, 81, 77, 81,
    80, 79, 78, 79, 77, 80, 80, 78, 78, 76, 76, 79, 76, 79, 76, 77, 77,
    76, 78, 77, 75, 79, 75, 79, 79, 79, 75, 77, 76, 77, 78, 77, 78, 78,
    80, 76, 81, 77, 81, 78, 81, 80, 77, 75, 77, 76, 81, 80, 80, 78, 80,
    77, 78, 79, 80, 78, 78, 80, 79, 78, 78, 80, 78, 79, 80, 81, 79, 78,
    78 ]
