%YAML:1.0
---
videoName: "headShake38.mp4"
gestureLabel: 201
fps: 29
pixelSizeInCmTemp: 3.2808219178082193e-01
faceCenterPointX: 259
faceCenterPointY: 84
headPositionsX: [ 260, 265, 261, 263, 263, 261, 264, 262, 266, 261, 263,
    265, 262, 263, 261, 264, 261, 262, 263, 261, 263, 261, 262, 261, 265,
    261, 261, 261, 261, 263, 261, 260, 261, 261, 264, 262, 264, 262, 261,
    262, 260, 262, 257, 258, 253, 251, 250, 248, 246, 254, 258, 265, 272,
    275, 279, 272, 270, 261, 256, 251, 249, 248, 256, 261, 265, 269, 274,
    271, 267, 261, 251, 248, 249, 247, 251, 256, 259, 264, 267, 267, 270,
    270, 268, 264, 263, 264, 263, 259, 259, 261, 259, 260, 259, 258, 261,
    259, 259, 261, 261, 258 ]
headPositionsY: [ 86, 84, 82, 82, 83, 84, 84, 85, 85, 80, 85, 85, 81, 81,
    84, 84, 81, 85, 81, 86, 85, 83, 86, 82, 84, 85, 83, 85, 86, 81, 85,
    81, 85, 86, 84, 86, 84, 84, 83, 85, 82, 86, 86, 85, 83, 79, 83, 82,
    82, 82, 86, 83, 81, 80, 81, 83, 85, 86, 86, 85, 84, 82, 82, 86, 82,
    83, 84, 84, 84, 82, 86, 82, 85, 85, 85, 83, 81, 83, 86, 85, 82, 85,
    84, 83, 84, 84, 86, 86, 83, 86, 82, 85, 83, 85, 85, 85, 83, 83, 86,
    85 ]
