%YAML:1.0
---
videoName: "headShake19.mp4"
gestureLabel: 201
fps: 29
pixelSizeInCmTemp: 3.1933333333333330e-01
faceCenterPointX: 243
faceCenterPointY: 78
headPositionsX: [ 244, 241, 243, 244, 244, 241, 243, 242, 243, 243, 243,
    245, 241, 245, 242, 244, 245, 243, 243, 243, 244, 241, 241, 244, 243,
    244, 241, 243, 242, 244, 243, 240, 244, 244, 240, 239, 237, 237, 233,
    234, 231, 232, 238, 241, 249, 253, 254, 258, 258, 255, 250, 247, 237,
    232, 234, 233, 232, 232, 237, 242, 245, 245, 246, 249, 247, 242, 241,
    241, 239, 237, 236, 235, 236, 240, 239, 245, 243, 244, 243, 243, 244,
    246, 241, 243, 239, 243, 242, 240, 239, 242, 241, 241, 243, 240, 242,
    243, 242, 242, 243, 245 ]
headPositionsY: [ 78, 75, 75, 78, 75, 77, 78, 78, 78, 77, 76, 79, 75, 77,
    75, 77, 77, 75, 77, 75, 77, 77, 76, 78, 78, 75, 76, 75, 78, 78, 77,
    75, 78, 78, 79, 75, 75, 75, 77, 76, 79, 76, 77, 77, 76, 77, 78, 74,
    76, 77, 75, 76, 74, 75, 77, 78, 74, 76, 79, 77, 78, 77, 76, 77, 76,
    80, 76, 76, 77, 77, 77, 76, 77, 76, 77, 75, 76, 79, 78, 77, 80, 79,
    75, 80, 77, 77, 79, 77, 77, 77, 77, 78, 77, 80, 76, 76, 78, 79, 76,
    80 ]
