%YAML:1.0
---
videoName: "headShake48.mp4"
gestureLabel: 201
fps: 29
pixelSizeInCmTemp: 3.1103896103896100e-01
faceCenterPointX: 258
faceCenterPointY: 85
headPositionsX: [ 258, 262, 259, 260, 258, 261, 257, 260, 259, 258, 259,
    260, 260, 258, 262, 261, 260, 258, 260, 260, 260, 261, 257, 258, 260,
    259, 259, 256, 256, 258, 261, 258, 259, 261, 261, 263, 264, 267, 273,
    274, 274, 273, 272, 265, 261, 254, 249, 245, 245, 247, 253, 256, 264,
    265, 269, 266, 265, 262, 255, 253, 253, 249, 253, 256, 263, 266, 267,
    267, 267, 260, 256, 252, 250, 247, 248, 253, 254, 260, 265, 264, 264,
    264, 262, 263, 264, 258, 260, 262, 259, 257, 258, 256, 258, 256, 257,
    261, 259, 257, 260, 260 ]
headPositionsY: [ 85, 77, 78, 79, 77, 80, 77, 79, 81, 80, 81, 79, 78, 78,
    83, 82, 81, 79, 80, 83, 80, 82, 81, 80, 79, 79, 81, 81, 83, 80, 83,
    79, 83, 83, 83, 80, 82, 83, 82, 84, 82, 85, 82, 84, 83, 84, 83, 82,
    84, 83, 85, 86, 85, 88, 86, 84, 86, 84, 84, 87, 88, 85, 85, 85, 86,
    85, 87, 86, 87, 86, 88, 86, 84, 88, 85, 84, 85, 85, 85, 86, 85, 84,
    85, 86, 87, 88, 88, 86, 87, 84, 84, 84, 87, 87, 88, 84, 85, 86, 87,
    83 ]
