%YAML:1.0
---
videoName: "headShake17.mp4"
gestureLabel: 201
fps: 29
pixelSizeInCmTemp: 3.3263888888888887e-01
faceCenterPointX: 242
faceCenterPointY: 76
headPositionsX: [ 244, 237, 240, 239, 237, 239, 240, 244, 244, 249, 253,
    254, 261, 257, 258, 256, 256, 250, 243, 239, 234, 231, 229, 228, 224,
    227, 231, 231, 236, 241, 242, 245, 252, 252, 254, 254, 254, 250, 247,
    245, 240, 239, 236, 235, 234, 234, 233, 233, 234, 235, 238, 240, 243,
    241, 246, 245, 246, 244, 247, 243, 243, 244, 241, 242, 241, 241, 239,
    240, 241, 241, 240, 239, 242, 238, 238, 241, 239, 240, 242, 241, 240,
    239, 240, 243, 240, 241, 242, 240, 240, 243, 239, 242, 243, 243, 240,
    241, 244, 241, 242, 239 ]
headPositionsY: [ 74, 75, 74, 75, 77, 78, 74, 75, 76, 73, 74, 75, 76, 75,
    75, 75, 77, 78, 78, 75, 78, 78, 79, 77, 78, 75, 78, 76, 78, 75, 76,
    74, 76, 77, 72, 76, 73, 78, 74, 76, 77, 77, 78, 78, 74, 78, 75, 75,
    75, 77, 77, 79, 78, 79, 79, 77, 75, 78, 76, 79, 78, 79, 75, 78, 73,
    76, 76, 75, 74, 77, 75, 75, 76, 76, 74, 76, 77, 73, 76, 76, 75, 78,
    75, 77, 74, 74, 78, 75, 76, 76, 75, 75, 78, 75, 78, 77, 76, 74, 74,
    76 ]
