%YAML:1.0
---
videoName: "headShake44.mp4"
gestureLabel: 201
fps: 30
pixelSizeInCmTemp: 3.2808219178082193e-01
faceCenterPointX: 260
faceCenterPointY: 84
headPositionsX: [ 262, 263, 262, 259, 262, 259, 261, 259, 262, 261, 261,
    261, 261, 263, 261, 262, 260, 262, 261, 260, 259, 261, 263, 261, 262,
    258, 261, 259, 259, 261, 262, 263, 259, 259, 258, 260, 259, 259, 262,
    264, 267, 270, 271, 273, 276, 276, 273, 265, 264, 256, 251, 249, 248,
    254, 256, 261, 268, 271, 270, 270, 267, 263, 259, 255, 253, 257, 257,
    262, 269, 269, 271, 271, 267, 261, 255, 256, 251, 254, 254, 253, 258,
    261, 258, 264, 263, 262, 261, 260, 262, 261, 261, 259, 263, 261, 258,
    261, 259, 260, 260, 259 ]
headPositionsY: [ 84, 83, 81, 83, 82, 84, 82, 83, 83, 81, 84, 83, 84, 80,
    81, 84, 81, 84, 84, 81, 84, 83, 85, 81, 83, 81, 82, 84, 81, 84, 85,
    83, 81, 83, 83, 82, 82, 84, 83, 82, 82, 85, 81, 83, 81, 81, 82, 83,
    82, 84, 86, 86, 86, 86, 85, 83, 84, 82, 83, 85, 86, 84, 82, 83, 84,
    84, 85, 84, 82, 85, 85, 83, 81, 84, 81, 85, 86, 83, 82, 86, 82, 84,
    82, 85, 83, 86, 85, 86, 85, 82, 85, 86, 83, 87, 82, 86, 82, 86, 86,
    84 ]
