%YAML:1.0
---
videoName: "headShake27.mp4"
gestureLabel: 201
fps: 29
pixelSizeInCmTemp: 3.3263888888888887e-01
faceCenterPointX: 244
faceCenterPointY: 78
headPositionsX: [ 246, 247, 244, 251, 248, 250, 254, 253, 253, 256, 255,
    254, 252, 252, 253, 252, 246, 245, 244, 243, 239, 240, 238, 234, 236,
    232, 230, 230, 229, 231, 232, 232, 234, 234, 240, 240, 240, 244, 245,
    249, 247, 249, 249, 247, 252, 250, 248, 249, 248, 245, 246, 241, 242,
    241, 235, 239, 234, 234, 235, 233, 232, 231, 232, 235, 234, 235, 238,
    239, 243, 242, 241, 243, 245, 244, 247, 249, 246, 249, 250, 245, 249,
    247, 248, 247, 246, 246, 246, 245, 245, 243, 244, 243, 243, 246, 247,
    246, 242, 245, 245, 245 ]
headPositionsY: [ 80, 78, 76, 79, 76, 75, 76, 78, 74, 77, 74, 74, 75, 76,
    79, 79, 77, 80, 80, 76, 79, 79, 78, 81, 80, 81, 78, 80, 79, 80, 77,
    78, 79, 79, 79, 77, 81, 80, 81, 78, 81, 77, 81, 81, 79, 80, 82, 77,
    80, 80, 79, 79, 79, 80, 77, 80, 81, 79, 78, 78, 80, 80, 77, 78, 77,
    81, 78, 79, 80, 78, 78, 81, 77, 80, 81, 81, 80, 82, 78, 80, 79, 82,
    77, 82, 82, 79, 79, 80, 78, 82, 79, 79, 79, 78, 78, 80, 78, 78, 81,
    78 ]
