%YAML:1.0
---
videoName: "headShake9.mp4"
gestureLabel: 201
fps: 30
pixelSizeInCmTemp: 3.2808219178082193e-01
faceCenterPointX: 243
faceCenterPointY: 73
headPositionsX: [ 242, 246, 245, 244, 242, 241, 245, 241, 243, 241, 243,
    244, 244, 242, 241, 241, 245, 244, 242, 243, 242, 242, 243, 245, 241,
    242, 241, 243, 245, 241, 242, 243, 242, 243, 245, 245, 242, 241, 245,
    242, 245, 250, 253, 259, 263, 261, 265, 265, 261, 255, 255, 247, 243,
    237, 233, 232, 230, 229, 232, 236, 241, 247, 252, 256, 259, 261, 261,
    256, 257, 251, 242, 236, 236, 232, 228, 228, 230, 232, 237, 239, 247,
    248, 252, 253, 252, 252, 251, 249, 247, 244, 245, 243, 245, 243, 246,
    244, 244, 244, 244, 244 ]
headPositionsY: [ 71, 70, 70, 73, 70, 70, 71, 74, 73, 73, 72, 71, 73, 74,
    72, 72, 70, 73, 70, 73, 73, 74, 73, 71, 74, 72, 70, 70, 74, 74, 71,
    73, 71, 70, 72, 73, 72, 73, 74, 75, 70, 72, 69, 70, 70, 71, 71, 71,
    73, 69, 73, 72, 75, 73, 74, 72, 70, 70, 75, 74, 72, 72, 73, 72, 68,
    70, 70, 73, 70, 72, 73, 73, 72, 72, 72, 70, 72, 71, 75, 72, 74, 72,
    72, 73, 73, 74, 72, 75, 71, 72, 75, 71, 72, 73, 75, 74, 72, 75, 73,
    73 ]
