%YAML:1.0
---
videoName: "headShake8.mp4"
gestureLabel: 201
fps: 29
pixelSizeInCmTemp: 3.2364864864864862e-01
faceCenterPointX: 243
faceCenterPointY: 72
headPositionsX: [ 244, 245, 244, 243, 246, 244, 242, 244, 245, 244, 242,
    243, 243, 245, 245, 244, 241, 242, 243, 244, 244, 243, 242, 246, 241,
    243, 244, 243, 242, 241, 240, 243, 243, 242, 244, 249, 254, 255, 263,
    263, 267, 267, 262, 260, 257, 249, 244, 238, 235, 234, 229, 233, 230,
    236, 242, 249, 253, 261, 260, 259, 258, 256, 249, 246, 241, 238, 234,
    234, 236, 233, 234, 235, 237, 238, 245, 244, 246, 248, 247, 250, 250,
    248, 249, 251, 249, 247, 246, 246, 246, 246, 244, 243, 242, 243, 242,
    243, 242, 242, 241, 241 ]
headPositionsY: [ 70, 70, 71, 72, 72, 70, 72, 72, 69, 72, 73, 74, 71, 71,
    73, 72, 71, 73, 71, 74, 73, 73, 72, 72, 73, 72, 71, 71, 72, 72, 70,
    74, 72, 73, 70, 72, 69, 68, 72, 70, 67, 72, 68, 73, 72, 72, 73, 72,
    71, 71, 71, 69, 73, 73, 71, 71, 71, 69, 69, 68, 71, 72, 70, 70, 71,
    70, 71, 71, 74, 74, 72, 74, 73, 71, 73, 72, 72, 70, 73, 72, 71, 70,
    72, 71, 73, 71, 73, 74, 70, 69, 70, 72, 70, 69, 71, 73, 71, 74, 72,
    72 ]
