%YAML:1.0
---
videoName: "headShake44.mp4"
gestureLabel: 201
fps: 30
pixelSizeInCmTemp: 3.2808219178082193e-01
faceCenterPointX: 260
faceCenterPointY: 84
headPositionsX: [ 259, 262, 262, 260, 260, 260, 262, 259, 262, 262, 261,
    262, 262, 263, 260, 261, 261, 260, 263, 262, 259, 260, 261, 261, 263,
    261, 259, 262, 259, 262, 262, 263, 262, 263, 262, 258, 258, 259, 264,
    264, 265, 270, 274, 273, 273, 273, 270, 265, 260, 255, 252, 252, 249,
    251, 258, 261, 266, 270, 270, 271, 266, 261, 259, 256, 252, 256, 259,
    266, 268, 269, 272, 268, 266, 264, 257, 253, 254, 250, 253, 257, 259,
    260, 257, 261, 260, 262, 261, 263, 262, 261, 259, 260, 259, 261, 262,
    263, 260, 262, 263, 263 ]
headPositionsY: [ 85, 81, 81, 83, 83, 81, 81, 82, 83, 84, 81, 82, 82, 83,
    84, 80, 84, 84, 81, 81, 83, 81, 83, 81, 84, 82, 85, 83, 84, 82, 84,
    85, 85, 83, 83, 81, 82, 83, 82, 82, 85, 84, 84, 79, 84, 83, 82, 83,
    82, 84, 82, 82, 83, 86, 84, 87, 86, 81, 83, 85, 87, 82, 85, 82, 83,
    83, 86, 82, 84, 81, 83, 81, 81, 84, 81, 84, 83, 85, 82, 82, 83, 84,
    85, 86, 83, 82, 85, 86, 83, 86, 82, 86, 85, 84, 83, 85, 86, 85, 85,
    84 ]
