%YAML:1.0
---
videoName: "headShake8.mp4"
gestureLabel: 201
fps: 29
pixelSizeInCmTemp: 3.2364864864864862e-01
faceCenterPointX: 243
faceCenterPointY: 72
headPositionsX: [ 243, 243, 243, 246, 246, 246, 246, 242, 241, 242, 245,
    244, 244, 244, 242, 243, 243, 242, 242, 244, 243, 243, 242, 244, 243,
    245, 241, 242, 244, 244, 243, 246, 244, 242, 247, 248, 254, 255, 262,
    265, 264, 265, 263, 259, 257, 251, 248, 239, 233, 234, 231, 231, 232,
    239, 243, 251, 256, 259, 257, 257, 260, 253, 249, 245, 241, 236, 235,
    233, 233, 235, 235, 235, 240, 239, 241, 243, 246, 246, 247, 251, 249,
    249, 251, 248, 248, 251, 248, 245, 246, 246, 246, 246, 244, 241, 243,
    241, 243, 244, 241, 244 ]
headPositionsY: [ 74, 70, 71, 74, 71, 72, 73, 71, 71, 70, 72, 74, 72, 70,
    70, 73, 72, 70, 73, 70, 74, 71, 70, 72, 69, 72, 71, 70, 72, 70, 72,
    71, 71, 71, 72, 69, 68, 70, 69, 69, 68, 68, 68, 72, 72, 72, 74, 73,
    69, 73, 70, 70, 70, 71, 73, 70, 68, 71, 67, 70, 70, 72, 73, 69, 71,
    70, 73, 69, 72, 71, 74, 71, 70, 73, 74, 72, 75, 69, 70, 72, 70, 72,
    73, 72, 71, 71, 72, 73, 71, 71, 73, 72, 73, 71, 71, 70, 72, 72, 72,
    73 ]
