%YAML:1.0
---
videoName: "headShake14.mp4"
gestureLabel: 201
fps: 29
pixelSizeInCmTemp: 3.2364864864864862e-01
faceCenterPointX: 244
faceCenterPointY: 76
headPositionsX: [ 246, 248, 244, 244, 247, 244, 248, 246, 246, 245, 244,
    244, 247, 243, 244, 243, 245, 245, 243, 247, 245, 243, 243, 243, 244,
    249, 248, 250, 254, 260, 262, 261, 263, 258, 255, 253, 247, 241, 238,
    232, 228, 223, 225, 227, 231, 236, 244, 247, 253, 254, 258, 258, 255,
    251, 249, 242, 239, 237, 233, 231, 232, 235, 235, 237, 243, 245, 242,
    248, 250, 251, 249, 249, 248, 250, 247, 244, 244, 244, 240, 241, 238,
    240, 242, 240, 239, 242, 242, 242, 242, 245, 247, 244, 244, 247, 245,
    244, 242, 243, 245, 241 ]
headPositionsY: [ 78, 73, 73, 76, 76, 78, 77, 75, 74, 73, 78, 74, 74, 74,
    75, 76, 74, 77, 76, 77, 76, 77, 75, 76, 76, 73, 74, 74, 72, 76, 74,
    73, 73, 74, 73, 75, 75, 75, 75, 77, 74, 73, 78, 74, 75, 74, 74, 76,
    75, 71, 73, 71, 75, 72, 77, 75, 73, 76, 73, 73, 74, 74, 74, 77, 76,
    74, 78, 74, 78, 75, 78, 78, 78, 78, 78, 78, 77, 77, 76, 73, 77, 77,
    75, 74, 75, 76, 76, 76, 75, 78, 75, 74, 77, 74, 77, 78, 74, 75, 79,
    78 ]
