%YAML:1.0
---
videoName: "headShake11.mp4"
gestureLabel: 201
fps: 29
pixelSizeInCmTemp: 3.2364864864864862e-01
faceCenterPointX: 244
faceCenterPointY: 76
headPositionsX: [ 244, 241, 240, 239, 242, 242, 241, 240, 240, 243, 244,
    242, 241, 242, 243, 242, 242, 240, 244, 240, 243, 242, 244, 242, 244,
    242, 242, 245, 249, 251, 253, 258, 261, 260, 261, 260, 262, 257, 251,
    248, 243, 240, 235, 228, 225, 225, 229, 230, 236, 238, 246, 252, 256,
    256, 257, 256, 256, 255, 250, 243, 239, 234, 233, 232, 231, 230, 236,
    240, 242, 248, 252, 255, 256, 256, 258, 256, 255, 249, 245, 238, 238,
    234, 233, 236, 233, 235, 239, 242, 242, 244, 249, 250, 248, 247, 246,
    246, 243, 245, 246, 245 ]
headPositionsY: [ 74, 70, 73, 74, 70, 72, 73, 74, 71, 72, 73, 70, 72, 70,
    74, 72, 74, 74, 71, 72, 73, 72, 73, 75, 71, 73, 74, 71, 72, 72, 70,
    73, 73, 73, 73, 72, 74, 75, 71, 75, 73, 75, 73, 74, 75, 75, 72, 72,
    75, 73, 74, 72, 75, 71, 74, 71, 74, 72, 75, 76, 76, 76, 78, 74, 77,
    77, 78, 77, 73, 74, 75, 74, 71, 72, 76, 71, 74, 74, 78, 72, 76, 73,
    72, 75, 75, 76, 74, 77, 73, 73, 73, 74, 75, 72, 77, 73, 76, 78, 76,
    77 ]
