%YAML:1.0
---
videoName: "headShake45.mp4"
gestureLabel: 201
fps: 30
pixelSizeInCmTemp: 3.3263888888888887e-01
faceCenterPointX: 262
faceCenterPointY: 84
headPositionsX: [ 260, 260, 260, 263, 261, 265, 264, 260, 263, 265, 262,
    262, 261, 261, 260, 261, 264, 261, 262, 263, 262, 263, 261, 264, 264,
    263, 260, 262, 260, 262, 260, 263, 262, 261, 260, 261, 261, 261, 261,
    259, 256, 255, 258, 263, 270, 273, 278, 283, 281, 278, 272, 268, 262,
    253, 252, 255, 260, 264, 266, 270, 276, 272, 274, 268, 262, 257, 256,
    257, 255, 261, 264, 268, 271, 272, 273, 269, 265, 258, 256, 255, 257,
    255, 258, 261, 262, 263, 264, 263, 262, 258, 259, 263, 261, 260, 264,
    261, 263, 264, 264, 264 ]
headPositionsY: [ 82, 79, 80, 83, 83, 80, 81, 79, 80, 83, 82, 83, 82, 80,
    83, 84, 84, 84, 81, 81, 82, 82, 82, 82, 84, 83, 84, 82, 80, 83, 83,
    81, 81, 83, 82, 81, 81, 81, 82, 82, 84, 81, 82, 80, 80, 82, 82, 79,
    81, 79, 84, 83, 85, 84, 85, 86, 82, 81, 83, 83, 81, 80, 83, 80, 85,
    84, 82, 84, 84, 82, 84, 84, 84, 81, 81, 84, 84, 82, 80, 81, 81, 84,
    85, 82, 85, 84, 83, 85, 85, 82, 84, 83, 82, 82, 83, 82, 86, 84, 84,
    81 ]
