%YAML:1.0
---
videoName: "headShake13.mp4"
gestureLabel: 201
fps: 29
pixelSizeInCmTemp: 3.2364864864864862e-01
faceCenterPointX: 241
faceCenterPointY: 77
headPositionsX: [ 239, 241, 244, 243, 240, 240, 241, 243, 242, 240, 240,
    241, 241, 239, 239, 240, 241, 240, 240, 243, 242, 243, 243, 239, 241,
    243, 244, 239, 240, 242, 238, 237, 237, 242, 242, 247, 252, 255, 260,
    259, 262, 263, 258, 255, 250, 242, 239, 232, 230, 229, 228, 230, 238,
    240, 245, 246, 250, 251, 247, 250, 246, 242, 236, 233, 230, 233, 234,
    234, 237, 240, 246, 251, 251, 252, 248, 251, 248, 242, 243, 236, 234,
    233, 231, 236, 234, 234, 236, 240, 243, 241, 242, 242, 245, 245, 245,
    246, 242, 243, 241, 242 ]
headPositionsY: [ 76, 75, 78, 78, 76, 74, 75, 78, 78, 74, 74, 79, 78, 79,
    76, 75, 74, 76, 76, 75, 75, 75, 74, 77, 76, 73, 77, 75, 77, 74, 76,
    76, 74, 79, 78, 76, 74, 74, 72, 75, 75, 73, 73, 75, 76, 74, 76, 77,
    76, 77, 78, 76, 76, 79, 79, 76, 73, 76, 76, 75, 77, 76, 77, 74, 76,
    79, 76, 75, 77, 74, 77, 78, 75, 75, 77, 74, 78, 76, 78, 76, 78, 74,
    74, 76, 75, 76, 74, 76, 77, 77, 77, 76, 75, 76, 76, 75, 75, 76, 78,
    74 ]
