%YAML:1.0
---
videoName: "headShake43.mp4"
gestureLabel: 201
fps: 29
pixelSizeInCmTemp: 3.2808219178082193e-01
faceCenterPointX: 257
faceCenterPointY: 84
headPositionsX: [ 255, 259, 258, 261, 261, 262, 258, 260, 260, 259, 261,
    258, 261, 259, 258, 258, 262, 260, 258, 260, 261, 258, 261, 262, 259,
    262, 262, 267, 270, 272, 274, 275, 279, 278, 279, 285, 280, 279, 278,
    275, 269, 267, 260, 256, 252, 246, 242, 243, 242, 241, 248, 253, 254,
    264, 266, 270, 270, 273, 273, 272, 272, 268, 261, 258, 249, 244, 243,
    241, 241, 249, 249, 251, 256, 258, 264, 268, 268, 269, 268, 269, 268,
    269, 265, 264, 264, 263, 262, 259, 259, 260, 257, 257, 255, 258, 258,
    256, 259, 257, 256, 255 ]
headPositionsY: [ 82, 85, 87, 87, 86, 86, 86, 87, 84, 86, 84, 85, 85, 87,
    85, 87, 83, 85, 87, 84, 86, 88, 88, 83, 86, 84, 83, 85, 87, 85, 84,
    84, 83, 81, 83, 81, 85, 83, 85, 84, 86, 87, 84, 85, 86, 86, 84, 81,
    81, 82, 83, 83, 86, 85, 82, 83, 82, 83, 83, 80, 83, 82, 86, 86, 85,
    85, 80, 84, 84, 82, 86, 83, 83, 85, 85, 85, 85, 82, 82, 84, 85, 83,
    84, 85, 84, 84, 84, 82, 85, 85, 84, 84, 85, 82, 82, 86, 86, 85, 81,
    85 ]
