%YAML:1.0
---
videoName: "headShake33.mp4"
gestureLabel: 201
fps: 29
pixelSizeInCmTemp: 3.2364864864864862e-01
faceCenterPointX: 244
faceCenterPointY: 84
headPositionsX: [ 246, 243, 247, 245, 246, 245, 247, 243, 247, 247, 245,
    242, 247, 245, 243, 246, 245, 246, 245, 243, 247, 246, 248, 248, 251,
    252, 258, 259, 259, 261, 261, 261, 263, 259, 260, 257, 253, 250, 246,
    241, 238, 234, 230, 231, 229, 227, 228, 228, 230, 231, 233, 236, 243,
    244, 251, 254, 256, 260, 258, 260, 262, 258, 258, 256, 253, 253, 245,
    243, 239, 240, 235, 236, 233, 229, 233, 235, 231, 231, 234, 235, 237,
    238, 238, 241, 244, 247, 244, 248, 245, 249, 247, 244, 244, 243, 243,
    247, 246, 246, 243, 242 ]
headPositionsY: [ 82, 81, 81, 82, 84, 81, 85, 81, 84, 80, 84, 84, 82, 81,
    84, 84, 83, 85, 83, 83, 83, 82, 85, 84, 82, 84, 79, 81, 81, 82, 81,
    82, 80, 81, 80, 83, 85, 81, 81, 81, 83, 81, 85, 80, 83, 82, 83, 80,
    85, 81, 82, 81, 81, 81, 83, 83, 79, 83, 79, 80, 81, 83, 82, 83, 85,
    86, 82, 82, 81, 83, 81, 84, 81, 81, 82, 82, 81, 85, 80, 81, 83, 82,
    81, 85, 81, 81, 85, 82, 84, 82, 83, 83, 82, 82, 81, 83, 80, 82, 81,
    83 ]
