%YAML:1.0
---
videoName: "headShake6.mp4"
gestureLabel: 201
fps: 29
pixelSizeInCmTemp: 3.2808219178082193e-01
faceCenterPointX: 244
faceCenterPointY: 68
headPositionsX: [ 246, 247, 247, 248, 247, 244, 244, 245, 247, 244, 245,
    247, 247, 245, 245, 243, 244, 245, 246, 246, 245, 246, 244, 242, 246,
    247, 244, 247, 250, 253, 258, 257, 259, 263, 264, 260, 256, 252, 247,
    241, 234, 234, 229, 231, 234, 241, 245, 248, 252, 257, 258, 258, 258,
    254, 246, 243, 239, 233, 233, 232, 234, 233, 236, 241, 248, 250, 251,
    253, 251, 250, 247, 245, 244, 242, 237, 241, 237, 238, 241, 238, 243,
    241, 245, 245, 244, 247, 247, 244, 246, 242, 244, 243, 244, 244, 244,
    246, 243, 245, 243, 246 ]
headPositionsY: [ 70, 68, 68, 65, 68, 68, 64, 64, 67, 68, 68, 65, 64, 64,
    66, 65, 65, 66, 67, 65, 65, 64, 68, 64, 70, 68, 65, 69, 66, 69, 68,
    65, 66, 66, 68, 65, 68, 66, 70, 70, 67, 67, 68, 69, 68, 69, 68, 71,
    69, 65, 65, 66, 68, 68, 67, 69, 70, 65, 68, 66, 66, 65, 70, 67, 69,
    67, 68, 66, 65, 69, 68, 66, 66, 68, 67, 68, 66, 66, 67, 68, 67, 70,
    69, 70, 66, 69, 69, 68, 69, 67, 68, 70, 70, 71, 69, 69, 70, 69, 70,
    70 ]
