%YAML:1.0
---
videoName: "headShake15.mp4"
gestureLabel: 201
fps: 29
pixelSizeInCmTemp: 3.3263888888888887e-01
faceCenterPointX: 243
faceCenterPointY: 76
headPositionsX: [ 242, 242, 244, 241, 245, 242, 242, 242, 241, 245, 241,
    244, 241, 244, 242, 242, 243, 245, 242, 245, 241, 242, 244, 242, 242,
    245, 240, 245, 245, 243, 241, 242, 241, 244, 245, 244, 244, 241, 241,
    245, 241, 244, 245, 244, 242, 240, 244, 241, 243, 242, 241, 245, 244,
    242, 244, 242, 241, 243, 241, 240, 241, 243, 247, 246, 248, 254, 255,
    259, 258, 258, 255, 253, 248, 246, 242, 237, 239, 234, 237, 241, 241,
    243, 244, 246, 246, 246, 247, 246, 247, 244, 240, 240, 243, 243, 240,
    243, 245, 244, 242, 244 ]
headPositionsY: [ 78, 74, 74, 77, 76, 73, 73, 76, 75, 78, 75, 76, 74, 77,
    72, 73, 74, 73, 75, 72, 75, 72, 78, 74, 75, 74, 73, 73, 76, 77, 75,
    76, 75, 74, 74, 76, 75, 75, 75, 72, 75, 77, 75, 75, 74, 74, 77, 74,
    76, 77, 75, 77, 76, 75, 78, 76, 75, 76, 75, 77, 76, 74, 78, 76, 75,
    75, 73, 72, 72, 76, 73, 75, 78, 74, 76, 75, 78, 74, 77, 75, 78, 77,
    76, 79, 79, 74, 80, 77, 75, 78, 75, 78, 78, 76, 75, 74, 77, 75, 78,
    75 ]
