%YAML:1.0
---
videoName: "headShake4.mp4"
gestureLabel: 201
fps: 30
pixelSizeInCmTemp: 3.2364864864864862e-01
faceCenterPointX: 237
faceCenterPointY: 101
headPositionsX: [ 237, 240, 245, 248, 252, 256, 255, 253, 251, 251, 243,
    238, 232, 227, 224, 226, 227, 229, 237, 240, 249, 249, 252, 250, 251,
    246, 240, 235, 228, 224, 225, 226, 223, 230, 233, 241, 244, 249, 252,
    254, 257, 253, 248, 242, 238, 231, 227, 227, 226, 224, 227, 229, 233,
    240, 244, 247, 246, 250, 251, 248, 249, 242, 239, 239, 235, 233, 231,
    232, 227, 229, 231, 236, 234, 239, 238, 239, 243, 241, 242, 241, 239,
    239, 241, 241, 238, 235, 239, 238, 237, 237, 235, 236, 238, 234, 239,
    237, 239, 238, 238, 239 ]
headPositionsY: [ 99, 101, 99, 96, 101, 100, 99, 100, 99, 100, 99, 98,
    100, 98, 99, 100, 97, 97, 98, 101, 97, 101, 97, 97, 101, 99, 102, 99,
    99, 97, 97, 98, 97, 99, 100, 98, 98, 98, 97, 97, 101, 97, 100, 103,
    102, 98, 101, 101, 101, 99, 97, 102, 99, 102, 102, 100, 99, 99, 101,
    98, 99, 98, 100, 101, 98, 99, 101, 102, 100, 99, 99, 100, 100, 98,
    98, 99, 103, 100, 103, 101, 99, 100, 101, 102, 101, 99, 100, 98, 102,
    101, 100, 101, 101, 102, 99, 99, 99, 101, 101, 102 ]
