%YAML:1.0
---
videoName: "headShake27.mp4"
gestureLabel: 201
fps: 29
pixelSizeInCmTemp: 3.3263888888888887e-01
faceCenterPointX: 244
faceCenterPointY: 78
headPositionsX: [ 245, 246, 244, 251, 251, 250, 256, 252, 253, 255, 257,
    258, 254, 252, 254, 252, 248, 244, 246, 243, 242, 240, 237, 238, 235,
    232, 231, 234, 233, 235, 233, 235, 236, 233, 240, 239, 239, 243, 243,
    248, 248, 247, 250, 249, 252, 251, 250, 251, 250, 245, 248, 241, 242,
    239, 239, 237, 235, 232, 234, 235, 231, 234, 235, 235, 233, 238, 236,
    238, 242, 238, 242, 246, 245, 244, 248, 245, 246, 249, 246, 248, 248,
    247, 245, 245, 248, 245, 245, 247, 244, 244, 244, 243, 246, 243, 244,
    243, 245, 244, 243, 246 ]
headPositionsY: [ 80, 77, 77, 79, 79, 78, 76, 74, 75, 76, 78, 75, 75, 75,
    78, 78, 80, 79, 80, 79, 81, 77, 77, 80, 80, 79, 80, 78, 77, 76, 79,
    80, 80, 76, 79, 79, 78, 81, 80, 79, 82, 81, 81, 81, 78, 81, 80, 78,
    80, 81, 82, 79, 79, 80, 77, 80, 77, 78, 79, 79, 79, 76, 81, 78, 79,
    79, 78, 79, 82, 80, 78, 82, 80, 77, 77, 82, 77, 78, 78, 82, 77, 79,
    80, 79, 78, 77, 78, 81, 81, 81, 79, 81, 80, 79, 79, 78, 79, 81, 78,
    81 ]
