%YAML:1.0
---
videoName: "headShake35.mp4"
gestureLabel: 201
fps: 29
pixelSizeInCmTemp: 3.2364864864864862e-01
faceCenterPointX: 267
faceCenterPointY: 82
headPositionsX: [ 266, 267, 265, 268, 265, 268, 266, 267, 267, 266, 270,
    267, 267, 270, 269, 269, 266, 267, 267, 266, 270, 266, 266, 266, 268,
    266, 269, 269, 267, 267, 270, 268, 268, 268, 269, 268, 268, 266, 267,
    270, 268, 267, 269, 270, 269, 266, 269, 266, 268, 268, 265, 267, 266,
    265, 268, 270, 268, 265, 269, 268, 269, 269, 269, 270, 273, 275, 276,
    280, 281, 280, 277, 270, 268, 263, 258, 259, 259, 262, 266, 272, 274,
    275, 276, 274, 272, 267, 266, 260, 261, 261, 265, 263, 266, 267, 266,
    267, 269, 270, 265, 266 ]
headPositionsY: [ 82, 79, 82, 81, 78, 82, 80, 81, 82, 79, 80, 80, 80, 78,
    81, 81, 78, 81, 82, 80, 80, 80, 82, 78, 79, 79, 81, 78, 81, 82, 81,
    77, 83, 78, 78, 82, 81, 81, 79, 81, 81, 78, 79, 79, 79, 80, 82, 82,
    82, 81, 79, 82, 83, 78, 78, 82, 80, 80, 79, 78, 83, 83, 78, 81, 80,
    80, 78, 81, 80, 81, 82, 80, 82, 82, 82, 82, 80, 80, 81, 82, 82, 80,
    79, 83, 83, 82, 80, 80, 82, 80, 83, 82, 80, 81, 79, 82, 83, 80, 81,
    83 ]
