%YAML:1.0
---
videoName: "headShake19.mp4"
gestureLabel: 201
fps: 29
pixelSizeInCmTemp: 3.1933333333333330e-01
faceCenterPointX: 243
faceCenterPointY: 78
headPositionsX: [ 241, 241, 245, 246, 242, 244, 244, 245, 243, 240, 242,
    243, 245, 245, 242, 242, 245, 243, 244, 242, 241, 244, 244, 244, 241,
    243, 242, 241, 241, 242, 241, 242, 243, 244, 240, 240, 241, 235, 234,
    234, 233, 234, 237, 241, 248, 251, 257, 258, 257, 256, 247, 246, 238,
    235, 233, 229, 231, 234, 239, 243, 245, 246, 248, 247, 248, 243, 242,
    241, 237, 236, 236, 237, 235, 238, 239, 243, 244, 248, 246, 246, 244,
    243, 243, 244, 242, 242, 240, 242, 241, 238, 243, 240, 242, 243, 241,
    244, 243, 241, 244, 242 ]
headPositionsY: [ 76, 78, 75, 79, 75, 74, 74, 74, 79, 74, 78, 78, 75, 78,
    76, 74, 77, 76, 75, 75, 78, 75, 78, 77, 78, 79, 78, 75, 77, 75, 75,
    78, 76, 79, 75, 74, 76, 74, 78, 77, 76, 74, 78, 76, 76, 79, 77, 73,
    74, 75, 77, 76, 75, 76, 77, 75, 73, 76, 77, 76, 78, 75, 75, 74, 79,
    80, 78, 75, 75, 76, 77, 78, 76, 78, 76, 75, 78, 77, 77, 80, 80, 77,
    77, 77, 77, 76, 76, 77, 77, 76, 76, 77, 79, 80, 76, 79, 78, 78, 77,
    76 ]
