%YAML:1.0
---
videoName: "headShake40.mp4"
gestureLabel: 201
fps: 29
pixelSizeInCmTemp: 3.2808219178082193e-01
faceCenterPointX: 261
faceCenterPointY: 86
headPositionsX: [ 263, 263, 259, 262, 263, 260, 260, 262, 260, 260, 259,
    262, 264, 259, 263, 259, 261, 263, 263, 260, 262, 262, 261, 260, 260,
    258, 259, 257, 261, 259, 256, 255, 255, 255, 254, 252, 258, 261, 265,
    268, 275, 277, 282, 280, 278, 272, 272, 263, 259, 252, 250, 246, 245,
    248, 251, 254, 258, 260, 264, 269, 268, 270, 269, 268, 267, 264, 259,
    260, 258, 257, 259, 257, 259, 261, 260, 263, 265, 266, 265, 267, 263,
    266, 261, 262, 261, 258, 256, 258, 255, 259, 257, 260, 257, 260, 260,
    262, 262, 261, 262, 262 ]
headPositionsY: [ 87, 82, 84, 84, 83, 81, 85, 85, 83, 81, 83, 82, 84, 82,
    85, 86, 82, 84, 86, 83, 84, 83, 86, 83, 82, 84, 83, 84, 84, 84, 83,
    83, 86, 83, 85, 84, 83, 84, 84, 81, 80, 82, 79, 81, 78, 83, 81, 83,
    80, 85, 84, 85, 80, 83, 80, 82, 83, 86, 82, 84, 85, 82, 82, 83, 82,
    83, 84, 82, 81, 85, 84, 84, 82, 84, 81, 83, 84, 85, 81, 85, 82, 84,
    81, 83, 83, 83, 84, 82, 86, 83, 83, 84, 85, 85, 84, 87, 84, 85, 85,
    85 ]
