%YAML:1.0
---
videoName: "headShake17.mp4"
gestureLabel: 201
fps: 29
pixelSizeInCmTemp: 3.3263888888888887e-01
faceCenterPointX: 242
faceCenterPointY: 76
headPositionsX: [ 241, 241, 238, 239, 235, 238, 239, 240, 244, 249, 253,
    254, 258, 257, 256, 258, 254, 247, 243, 239, 234, 232, 227, 229, 225,
    228, 227, 232, 237, 239, 244, 246, 251, 251, 253, 252, 254, 253, 249,
    245, 242, 242, 235, 236, 230, 231, 229, 232, 234, 238, 235, 239, 241,
    242, 244, 244, 246, 243, 244, 244, 243, 244, 242, 241, 239, 240, 240,
    239, 241, 240, 240, 242, 241, 242, 239, 240, 242, 240, 241, 241, 241,
    241, 239, 242, 239, 243, 239, 240, 242, 240, 242, 244, 242, 239, 241,
    242, 244, 240, 242, 240 ]
headPositionsY: [ 77, 78, 73, 77, 76, 78, 76, 75, 76, 76, 76, 74, 77, 73,
    77, 77, 73, 75, 75, 77, 77, 76, 77, 77, 78, 76, 76, 77, 79, 76, 75,
    77, 77, 74, 72, 76, 77, 78, 76, 76, 75, 77, 79, 77, 75, 78, 74, 78,
    77, 76, 76, 75, 76, 75, 79, 78, 78, 76, 78, 75, 74, 79, 75, 76, 74,
    75, 77, 77, 74, 79, 77, 74, 77, 77, 74, 74, 74, 73, 75, 77, 79, 76,
    76, 74, 75, 76, 78, 74, 77, 78, 76, 78, 77, 76, 74, 76, 76, 75, 78,
    76 ]
