%YAML:1.0
---
videoName: "headShake10.mp4"
gestureLabel: 201
fps: 29
pixelSizeInCmTemp: 3.3732394366197183e-01
faceCenterPointX: 240
faceCenterPointY: 74
headPositionsX: [ 240, 245, 246, 247, 245, 245, 247, 243, 248, 246, 248,
    247, 245, 247, 248, 245, 248, 244, 248, 244, 247, 247, 244, 247, 245,
    248, 244, 246, 247, 248, 248, 247, 246, 247, 244, 246, 245, 247, 248,
    245, 244, 246, 243, 244, 247, 247, 246, 243, 245, 245, 248, 251, 252,
    251, 257, 256, 262, 262, 259, 258, 254, 251, 247, 245, 239, 235, 231,
    231, 234, 235, 237, 241, 244, 250, 256, 257, 255, 255, 256, 256, 251,
    248, 245, 243, 242, 240, 238, 242, 242, 238, 239, 241, 241, 240, 238,
    240, 241, 242, 242, 242 ]
headPositionsY: [ 76, 73, 74, 73, 74, 71, 72, 74, 72, 73, 73, 72, 75, 74,
    75, 71, 72, 74, 75, 73, 74, 71, 75, 75, 73, 71, 75, 73, 75, 74, 73,
    74, 73, 74, 74, 76, 74, 74, 75, 75, 73, 75, 74, 75, 73, 73, 73, 72,
    73, 72, 75, 73, 71, 70, 74, 72, 71, 69, 71, 71, 75, 72, 75, 76, 75,
    76, 74, 72, 73, 74, 74, 73, 73, 74, 71, 72, 72, 71, 74, 75, 72, 74,
    73, 77, 76, 77, 73, 76, 73, 75, 75, 76, 73, 76, 74, 76, 77, 78, 74,
    78 ]
