%YAML:1.0
---
videoName: "headShake45.mp4"
gestureLabel: 201
fps: 30
pixelSizeInCmTemp: 3.3263888888888887e-01
faceCenterPointX: 262
faceCenterPointY: 84
headPositionsX: [ 262, 260, 263, 263, 264, 261, 265, 262, 263, 263, 260,
    265, 263, 261, 264, 264, 261, 264, 262, 260, 263, 264, 260, 262, 264,
    261, 263, 263, 262, 264, 261, 264, 260, 263, 264, 263, 259, 260, 258,
    257, 254, 255, 257, 264, 272, 276, 278, 284, 280, 277, 273, 267, 262,
    254, 255, 256, 259, 260, 269, 271, 275, 273, 272, 266, 262, 258, 257,
    255, 254, 259, 263, 267, 273, 271, 272, 267, 266, 260, 256, 255, 258,
    256, 258, 262, 266, 263, 263, 262, 262, 259, 260, 262, 262, 260, 262,
    265, 263, 262, 261, 263 ]
headPositionsY: [ 86, 81, 80, 81, 84, 83, 79, 80, 82, 81, 83, 83, 80, 84,
    83, 82, 82, 82, 80, 81, 84, 81, 84, 81, 80, 84, 82, 83, 82, 81, 80,
    83, 84, 80, 80, 84, 84, 81, 84, 80, 83, 84, 84, 84, 83, 82, 79, 80,
    80, 78, 84, 84, 83, 80, 83, 82, 81, 84, 81, 81, 80, 82, 79, 81, 81,
    82, 86, 82, 83, 82, 84, 83, 84, 83, 82, 80, 81, 86, 80, 81, 83, 80,
    81, 81, 84, 84, 81, 81, 84, 84, 82, 81, 83, 82, 81, 83, 85, 83, 81,
    81 ]
