%YAML:1.0
---
videoName: "headShake43.mp4"
gestureLabel: 201
fps: 29
pixelSizeInCmTemp: 3.2808219178082193e-01
faceCenterPointX: 257
faceCenterPointY: 84
headPositionsX: [ 256, 262, 260, 260, 262, 260, 258, 260, 260, 260, 259,
    258, 260, 259, 262, 259, 261, 261, 262, 261, 261, 260, 260, 258, 263,
    260, 263, 266, 266, 268, 272, 273, 280, 279, 281, 284, 282, 278, 276,
    276, 272, 267, 260, 257, 253, 250, 244, 242, 242, 244, 249, 252, 255,
    262, 268, 268, 273, 276, 272, 272, 271, 265, 262, 256, 252, 246, 243,
    244, 242, 249, 250, 250, 257, 259, 262, 265, 267, 268, 267, 267, 268,
    268, 267, 263, 263, 262, 261, 259, 259, 259, 255, 256, 258, 259, 259,
    258, 256, 258, 257, 254 ]
headPositionsY: [ 82, 85, 86, 84, 84, 86, 84, 86, 83, 84, 85, 86, 84, 84,
    85, 87, 85, 84, 84, 84, 86, 86, 85, 84, 85, 84, 82, 86, 87, 81, 82,
    82, 80, 81, 83, 80, 81, 83, 85, 84, 85, 86, 83, 83, 84, 84, 84, 82,
    81, 82, 85, 85, 82, 86, 84, 81, 82, 82, 80, 82, 82, 83, 84, 84, 83,
    85, 82, 83, 81, 81, 82, 84, 86, 83, 87, 86, 85, 81, 83, 83, 83, 82,
    83, 82, 85, 85, 86, 84, 83, 84, 81, 84, 85, 82, 83, 86, 84, 84, 85,
    82 ]
