%YAML:1.0
---
videoName: "headShake24.mp4"
gestureLabel: 201
fps: 29
pixelSizeInCmTemp: 3.2808219178082193e-01
faceCenterPointX: 240
faceCenterPointY: 78
headPositionsX: [ 240, 249, 249, 254, 252, 252, 253, 252, 253, 250, 251,
    247, 243, 242, 240, 238, 234, 231, 233, 233, 231, 228, 232, 232, 232,
    236, 238, 238, 239, 245, 246, 245, 247, 249, 250, 252, 251, 249, 245,
    245, 243, 243, 242, 239, 236, 235, 236, 232, 235, 231, 233, 235, 236,
    237, 237, 241, 240, 241, 244, 245, 246, 248, 245, 246, 249, 245, 248,
    249, 245, 244, 246, 244, 242, 240, 243, 241, 238, 237, 238, 241, 237,
    238, 241, 241, 236, 240, 240, 241, 239, 238, 242, 239, 238, 238, 239,
    238, 239, 238, 239, 241 ]
headPositionsY: [ 79, 75, 75, 73, 74, 75, 76, 77, 79, 78, 76, 75, 76, 80,
    76, 76, 76, 77, 78, 75, 76, 78, 77, 76, 78, 78, 77, 78, 76, 75, 78,
    75, 78, 80, 78, 77, 77, 80, 78, 79, 77, 80, 76, 79, 79, 75, 78, 75,
    76, 79, 77, 78, 75, 77, 78, 77, 78, 79, 80, 77, 78, 80, 77, 79, 76,
    77, 76, 79, 77, 80, 75, 80, 75, 79, 79, 74, 77, 78, 76, 79, 77, 78,
    78, 79, 76, 77, 77, 77, 79, 80, 77, 76, 76, 80, 80, 79, 78, 78, 78,
    78 ]
