%YAML:1.0
---
videoName: "headShake31.mp4"
gestureLabel: 201
fps: 29
pixelSizeInCmTemp: 3.2808219178082193e-01
faceCenterPointX: 236
faceCenterPointY: 68
headPositionsX: [ 235, 237, 237, 237, 236, 235, 237, 235, 236, 238, 239,
    235, 235, 239, 236, 235, 237, 238, 239, 238, 238, 237, 237, 236, 238,
    235, 236, 236, 239, 239, 236, 236, 236, 235, 235, 233, 234, 237, 243,
    246, 246, 253, 254, 250, 251, 250, 243, 238, 234, 226, 220, 220, 221,
    226, 230, 232, 237, 245, 244, 248, 244, 243, 241, 239, 233, 232, 228,
    229, 231, 233, 234, 238, 237, 238, 244, 243, 241, 242, 243, 239, 239,
    237, 237, 235, 233, 235, 236, 234, 236, 235, 233, 237, 237, 235, 234,
    235, 233, 236, 234, 237 ]
headPositionsY: [ 69, 65, 69, 68, 65, 65, 68, 67, 67, 66, 65, 67, 67, 66,
    66, 69, 65, 70, 66, 64, 68, 70, 65, 67, 66, 65, 69, 66, 68, 66, 65,
    67, 66, 67, 66, 65, 67, 65, 69, 65, 66, 68, 66, 65, 68, 68, 68, 70,
    67, 66, 65, 66, 68, 70, 69, 72, 69, 70, 70, 68, 68, 68, 71, 70, 71,
    71, 71, 68, 70, 72, 70, 67, 67, 69, 68, 66, 68, 70, 70, 68, 67, 66,
    71, 68, 66, 70, 70, 70, 68, 70, 69, 71, 71, 66, 70, 69, 67, 69, 71,
    71 ]
