%YAML:1.0
---
videoName: "headShake28.mp4"
gestureLabel: 201
fps: 29
pixelSizeInCmTemp: 3.2808219178082193e-01
faceCenterPointX: 242
faceCenterPointY: 80
headPositionsX: [ 241, 240, 242, 241, 241, 239, 243, 241, 240, 241, 240,
    238, 240, 242, 242, 240, 240, 239, 241, 240, 241, 242, 240, 242, 240,
    242, 242, 244, 242, 244, 243, 244, 242, 243, 242, 244, 244, 242, 243,
    245, 244, 242, 246, 243, 244, 242, 242, 247, 245, 243, 237, 233, 231,
    229, 231, 232, 237, 243, 250, 253, 256, 256, 255, 251, 245, 241, 238,
    234, 231, 233, 237, 245, 249, 251, 252, 254, 253, 249, 247, 248, 244,
    238, 240, 236, 236, 236, 239, 240, 241, 242, 243, 243, 243, 243, 240,
    240, 240, 244, 243, 241 ]
headPositionsY: [ 78, 75, 79, 75, 75, 79, 76, 75, 75, 79, 77, 78, 78, 80,
    77, 79, 78, 76, 81, 80, 81, 80, 80, 78, 76, 78, 79, 81, 79, 80, 77,
    80, 78, 76, 79, 81, 77, 80, 79, 78, 80, 75, 77, 76, 75, 78, 78, 76,
    76, 75, 75, 78, 77, 77, 77, 75, 76, 77, 77, 76, 76, 78, 75, 77, 79,
    82, 80, 80, 79, 81, 80, 78, 76, 77, 78, 78, 79, 81, 76, 78, 78, 81,
    77, 79, 79, 77, 77, 78, 77, 80, 78, 81, 81, 82, 77, 78, 78, 81, 80,
    79 ]
