%YAML:1.0
---
videoName: "headShake16.mp4"
gestureLabel: 201
fps: 29
pixelSizeInCmTemp: 3.2364864864864862e-01
faceCenterPointX: 242
faceCenterPointY: 77
headPositionsX: [ 242, 242, 243, 244, 245, 244, 246, 244, 241, 244, 246,
    242, 242, 245, 245, 244, 241, 245, 241, 243, 244, 244, 244, 245, 243,
    242, 242, 245, 243, 243, 242, 241, 240, 244, 239, 239, 243, 245, 247,
    250, 250, 252, 257, 252, 256, 252, 246, 243, 239, 236, 236, 236, 234,
    238, 238, 240, 246, 248, 250, 248, 249, 248, 247, 244, 241, 240, 238,
    233, 236, 237, 237, 239, 239, 238, 240, 245, 242, 244, 244, 242, 244,
    241, 238, 239, 237, 237, 236, 241, 241, 240, 242, 243, 242, 242, 242,
    244, 242, 242, 240, 243 ]
headPositionsY: [ 75, 74, 77, 78, 73, 76, 74, 78, 73, 74, 78, 75, 75, 77,
    76, 77, 73, 75, 78, 75, 78, 76, 76, 76, 77, 77, 76, 76, 75, 75, 73,
    74, 76, 77, 77, 75, 74, 77, 74, 75, 76, 77, 76, 74, 77, 74, 74, 75,
    75, 76, 75, 78, 74, 79, 75, 78, 76, 77, 76, 77, 78, 77, 77, 76, 77,
    76, 75, 74, 78, 77, 77, 75, 77, 78, 78, 78, 78, 78, 78, 75, 77, 75,
    78, 75, 77, 77, 78, 75, 77, 75, 76, 76, 75, 78, 79, 77, 74, 78, 78,
    75 ]
