%YAML:1.0
---
videoName: "headShake47.mp4"
gestureLabel: 201
fps: 29
pixelSizeInCmTemp: 3.2364864864864862e-01
faceCenterPointX: 258
faceCenterPointY: 86
headPositionsX: [ 257, 260, 261, 261, 260, 260, 262, 259, 259, 261, 260,
    258, 258, 260, 259, 260, 261, 258, 258, 259, 257, 263, 261, 261, 258,
    259, 258, 260, 262, 263, 258, 260, 258, 261, 258, 254, 251, 254, 250,
    247, 248, 250, 251, 253, 263, 263, 265, 268, 263, 262, 259, 255, 251,
    254, 252, 257, 262, 265, 268, 262, 261, 258, 253, 253, 252, 253, 259,
    260, 264, 263, 262, 261, 254, 255, 252, 255, 256, 258, 260, 264, 263,
    264, 258, 258, 257, 255, 256, 257, 255, 255, 258, 256, 255, 258, 258,
    255, 255, 258, 259, 259 ]
headPositionsY: [ 87, 84, 84, 84, 84, 85, 84, 85, 86, 84, 87, 87, 85, 86,
    85, 84, 86, 86, 86, 88, 85, 83, 85, 82, 84, 83, 85, 84, 84, 87, 83,
    84, 85, 86, 84, 85, 85, 86, 85, 85, 88, 86, 87, 89, 88, 89, 89, 86,
    87, 91, 87, 91, 88, 90, 89, 91, 89, 88, 89, 89, 86, 89, 88, 88, 85,
    84, 88, 85, 85, 89, 90, 85, 89, 88, 87, 87, 85, 85, 87, 86, 87, 86,
    85, 86, 86, 86, 87, 87, 88, 88, 85, 88, 86, 89, 84, 84, 86, 87, 87,
    87 ]
