%YAML:1.0
---
videoName: "headShake35.mp4"
gestureLabel: 201
fps: 29
pixelSizeInCmTemp: 3.2364864864864862e-01
faceCenterPointX: 267
faceCenterPointY: 82
headPositionsX: [ 266, 266, 269, 265, 266, 267, 267, 265, 268, 267, 268,
    269, 267, 267, 268, 270, 266, 270, 271, 267, 269, 265, 269, 269, 271,
    267, 267, 269, 266, 270, 269, 269, 270, 266, 266, 267, 266, 270, 267,
    270, 267, 265, 266, 269, 268, 267, 267, 268, 267, 267, 266, 268, 268,
    265, 266, 270, 265, 266, 269, 265, 267, 269, 266, 271, 275, 274, 278,
    278, 278, 279, 278, 273, 268, 264, 262, 258, 262, 262, 266, 270, 274,
    277, 274, 275, 272, 269, 264, 260, 263, 261, 262, 264, 265, 265, 265,
    268, 265, 268, 266, 269 ]
headPositionsY: [ 83, 77, 81, 79, 81, 80, 78, 79, 79, 81, 78, 82, 82, 81,
    80, 79, 80, 81, 81, 82, 82, 79, 79, 81, 81, 81, 81, 78, 80, 79, 81,
    81, 82, 80, 81, 79, 79, 80, 78, 81, 83, 79, 78, 81, 78, 78, 82, 81,
    78, 81, 81, 79, 83, 81, 78, 80, 82, 78, 79, 78, 83, 83, 82, 80, 78,
    80, 80, 81, 80, 80, 83, 83, 80, 81, 82, 79, 83, 81, 84, 83, 83, 82,
    79, 83, 81, 80, 79, 81, 81, 81, 79, 81, 83, 80, 79, 81, 81, 84, 80,
    81 ]
