%YAML:1.0
---
videoName: "headShake39.mp4"
gestureLabel: 201
fps: 29
pixelSizeInCmTemp: 3.1933333333333330e-01
faceCenterPointX: 263
faceCenterPointY: 83
headPositionsX: [ 264, 260, 259, 261, 262, 261, 262, 263, 260, 262, 261,
    261, 260, 263, 262, 263, 258, 260, 262, 261, 259, 258, 256, 253, 250,
    248, 250, 245, 244, 243, 244, 243, 247, 250, 255, 261, 267, 273, 276,
    282, 283, 280, 273, 272, 266, 259, 255, 250, 247, 245, 247, 251, 254,
    257, 259, 267, 272, 278, 277, 281, 275, 275, 269, 266, 257, 256, 253,
    250, 250, 247, 249, 251, 252, 253, 257, 259, 259, 262, 266, 264, 264,
    267, 264, 265, 268, 266, 264, 266, 262, 265, 264, 264, 264, 261, 262,
    263, 260, 265, 264, 261 ]
headPositionsY: [ 81, 84, 84, 84, 85, 83, 81, 81, 84, 83, 84, 81, 84, 81,
    85, 83, 82, 81, 83, 81, 81, 82, 85, 84, 83, 81, 83, 83, 81, 81, 83,
    80, 82, 82, 85, 83, 83, 82, 80, 77, 80, 82, 79, 84, 85, 86, 83, 82,
    85, 84, 83, 85, 83, 83, 81, 81, 82, 83, 79, 79, 79, 80, 84, 81, 82,
    80, 82, 81, 81, 81, 77, 80, 79, 80, 82, 82, 85, 83, 81, 84, 84, 84,
    80, 84, 81, 85, 84, 82, 80, 83, 81, 81, 83, 83, 81, 84, 82, 83, 83,
    83 ]
