%YAML:1.0
---
videoName: "headShake29.mp4"
gestureLabel: 201
fps: 29
pixelSizeInCmTemp: 3.3263888888888887e-01
faceCenterPointX: 243
faceCenterPointY: 76
headPositionsX: [ 243, 242, 243, 244, 243, 240, 243, 243, 243, 244, 244,
    243, 243, 245, 242, 240, 243, 240, 241, 244, 241, 241, 242, 241, 242,
    239, 240, 238, 237, 237, 244, 247, 250, 253, 252, 257, 257, 252, 250,
    240, 240, 234, 233, 228, 228, 228, 231, 240, 241, 248, 251, 250, 253,
    252, 247, 247, 239, 236, 232, 232, 229, 227, 232, 232, 238, 239, 248,
    249, 251, 255, 249, 251, 250, 248, 244, 240, 237, 234, 234, 234, 232,
    236, 236, 238, 239, 238, 241, 241, 240, 242, 243, 245, 244, 244, 243,
    242, 241, 244, 243, 243 ]
headPositionsY: [ 74, 76, 77, 76, 77, 75, 75, 78, 75, 76, 76, 77, 76, 76,
    77, 78, 77, 78, 79, 78, 76, 75, 76, 74, 76, 77, 75, 74, 75, 75, 78,
    77, 76, 77, 72, 77, 76, 73, 75, 76, 78, 76, 75, 75, 77, 76, 77, 76,
    78, 75, 76, 75, 73, 74, 75, 76, 76, 75, 75, 76, 76, 75, 74, 78, 76,
    76, 79, 78, 77, 77, 76, 74, 76, 78, 78, 75, 73, 77, 78, 76, 75, 78,
    75, 77, 79, 78, 77, 75, 76, 76, 73, 77, 76, 77, 76, 79, 78, 78, 74,
    79 ]
