%YAML:1.0
---
videoName: "headShake18.mp4"
gestureLabel: 201
fps: 30
pixelSizeInCmTemp: 3.2808219178082193e-01
faceCenterPointX: 240
faceCenterPointY: 77
headPositionsX: [ 238, 241, 242, 243, 244, 241, 240, 242, 242, 240, 241,
    242, 240, 243, 241, 240, 239, 241, 241, 239, 240, 239, 238, 243, 239,
    242, 240, 239, 238, 239, 240, 237, 241, 238, 241, 241, 244, 248, 251,
    252, 253, 253, 249, 248, 248, 245, 239, 236, 232, 228, 230, 233, 237,
    241, 243, 245, 250, 249, 247, 244, 246, 238, 237, 234, 232, 232, 233,
    234, 236, 239, 242, 243, 245, 246, 246, 240, 240, 236, 239, 235, 236,
    237, 239, 236, 241, 242, 240, 243, 242, 242, 242, 239, 244, 239, 239,
    242, 239, 240, 238, 241 ]
headPositionsY: [ 78, 75, 74, 75, 75, 75, 73, 74, 77, 78, 77, 75, 73, 75,
    77, 77, 75, 76, 77, 77, 77, 79, 78, 74, 77, 76, 76, 74, 76, 76, 79,
    76, 76, 74, 79, 77, 75, 74, 76, 76, 76, 74, 74, 76, 77, 76, 77, 78,
    79, 75, 75, 78, 78, 77, 76, 77, 78, 75, 75, 78, 75, 76, 78, 76, 76,
    77, 76, 76, 76, 77, 79, 78, 79, 78, 77, 78, 79, 76, 76, 78, 75, 79,
    75, 79, 77, 79, 75, 76, 76, 78, 80, 75, 76, 76, 76, 76, 76, 79, 75,
    75 ]
