%YAML:1.0
---
videoName: "headShake43.mp4"
gestureLabel: 201
fps: 29
pixelSizeInCmTemp: 3.2808219178082193e-01
faceCenterPointX: 257
faceCenterPointY: 84
headPositionsX: [ 255, 259, 259, 259, 258, 261, 261, 259, 262, 259, 260,
    261, 260, 261, 262, 260, 261, 259, 259, 262, 259, 258, 260, 260, 262,
    263, 261, 267, 267, 272, 273, 273, 280, 277, 279, 283, 279, 279, 275,
    273, 268, 266, 263, 255, 253, 247, 245, 244, 245, 244, 247, 252, 256,
    260, 265, 268, 270, 275, 274, 273, 269, 265, 263, 256, 250, 244, 246,
    244, 243, 246, 247, 249, 255, 259, 263, 266, 267, 270, 268, 267, 268,
    268, 267, 262, 263, 259, 260, 258, 260, 259, 257, 255, 258, 259, 255,
    258, 259, 256, 255, 254 ]
headPositionsY: [ 85, 84, 83, 83, 84, 86, 87, 87, 86, 83, 87, 83, 85, 83,
    83, 85, 87, 83, 86, 86, 86, 88, 85, 84, 86, 87, 82, 83, 83, 85, 84,
    85, 81, 82, 84, 82, 81, 81, 82, 83, 85, 87, 83, 85, 84, 84, 81, 85,
    82, 82, 83, 83, 86, 84, 86, 83, 84, 84, 80, 84, 82, 82, 85, 82, 81,
    81, 81, 84, 82, 84, 83, 85, 85, 83, 83, 84, 83, 82, 82, 82, 84, 84,
    83, 83, 83, 84, 83, 83, 82, 86, 83, 83, 82, 82, 86, 84, 83, 85, 81,
    84 ]
