%YAML:1.0
---
videoName: "headShake39.mp4"
gestureLabel: 201
fps: 29
pixelSizeInCmTemp: 3.1933333333333330e-01
faceCenterPointX: 263
faceCenterPointY: 83
headPositionsX: [ 265, 261, 262, 260, 260, 262, 261, 263, 262, 262, 259,
    260, 261, 261, 263, 260, 260, 261, 262, 259, 258, 259, 258, 253, 250,
    250, 247, 243, 241, 241, 245, 243, 246, 252, 255, 263, 267, 271, 274,
    279, 282, 282, 277, 270, 262, 257, 251, 250, 249, 247, 245, 247, 254,
    256, 259, 268, 273, 277, 277, 278, 279, 271, 271, 262, 260, 256, 253,
    251, 248, 250, 250, 250, 252, 254, 255, 256, 261, 265, 264, 265, 267,
    266, 267, 266, 268, 265, 265, 267, 262, 266, 263, 265, 262, 265, 261,
    266, 263, 264, 261, 261 ]
headPositionsY: [ 85, 84, 85, 82, 82, 81, 81, 82, 83, 82, 80, 83, 81, 83,
    84, 82, 82, 81, 85, 84, 83, 81, 85, 81, 84, 85, 84, 80, 80, 81, 82,
    84, 80, 81, 84, 84, 80, 82, 82, 81, 81, 81, 82, 81, 85, 83, 82, 84,
    81, 80, 80, 85, 82, 85, 84, 81, 80, 80, 79, 78, 81, 80, 85, 84, 81,
    83, 82, 78, 78, 80, 80, 81, 82, 80, 85, 80, 85, 84, 85, 83, 82, 81,
    80, 83, 85, 82, 84, 83, 84, 85, 84, 85, 81, 84, 84, 85, 84, 85, 83,
    83 ]
