%YAML:1.0
---
videoName: "headShake30.mp4"
gestureLabel: 201
fps: 29
pixelSizeInCmTemp: 3.2808219178082193e-01
faceCenterPointX: 240
faceCenterPointY: 68
headPositionsX: [ 241, 233, 234, 235, 230, 231, 231, 231, 236, 236, 234,
    237, 237, 240, 240, 239, 239, 241, 242, 245, 246, 241, 245, 245, 246,
    243, 243, 241, 241, 240, 241, 240, 239, 241, 237, 239, 237, 239, 245,
    249, 248, 252, 258, 256, 257, 261, 257, 257, 251, 246, 236, 229, 226,
    226, 224, 224, 229, 233, 238, 246, 248, 251, 250, 252, 245, 244, 239,
    230, 229, 229, 227, 229, 232, 239, 240, 247, 246, 250, 249, 248, 250,
    244, 243, 238, 237, 233, 237, 236, 236, 240, 238, 239, 240, 240, 242,
    242, 239, 241, 241, 238 ]
headPositionsY: [ 69, 56, 54, 58, 56, 61, 60, 57, 60, 61, 64, 66, 63, 67,
    63, 65, 66, 67, 67, 63, 67, 66, 64, 64, 65, 64, 66, 66, 68, 66, 67,
    64, 66, 64, 68, 67, 64, 67, 64, 65, 66, 65, 63, 64, 67, 66, 67, 64,
    65, 67, 66, 66, 67, 68, 69, 70, 67, 71, 68, 70, 68, 68, 64, 70, 69,
    68, 70, 67, 69, 68, 71, 68, 67, 68, 68, 69, 67, 68, 66, 65, 65, 66,
    69, 67, 68, 65, 67, 67, 69, 69, 68, 66, 70, 67, 67, 65, 70, 66, 68,
    66 ]
