%YAML:1.0
---
videoName: "headShake9.mp4"
gestureLabel: 201
fps: 30
pixelSizeInCmTemp: 3.2808219178082193e-01
faceCenterPointX: 243
faceCenterPointY: 73
headPositionsX: [ 242, 244, 243, 241, 241, 241, 246, 241, 242, 244, 245,
    243, 241, 245, 243, 244, 243, 241, 241, 241, 241, 243, 243, 241, 242,
    243, 241, 243, 242, 242, 244, 243, 241, 243, 245, 244, 240, 242, 242,
    245, 249, 248, 251, 259, 260, 262, 264, 267, 262, 256, 253, 250, 243,
    236, 234, 230, 227, 230, 234, 237, 239, 246, 252, 257, 260, 263, 264,
    259, 254, 248, 242, 236, 236, 228, 232, 230, 226, 234, 239, 239, 243,
    246, 250, 252, 249, 250, 250, 247, 247, 245, 245, 243, 243, 244, 242,
    242, 244, 242, 245, 242 ]
headPositionsY: [ 73, 71, 70, 74, 71, 71, 71, 70, 72, 70, 70, 74, 70, 72,
    74, 74, 71, 74, 70, 75, 73, 73, 72, 71, 71, 73, 71, 74, 73, 74, 71,
    72, 75, 73, 74, 70, 74, 72, 71, 75, 70, 70, 73, 72, 68, 71, 70, 73,
    72, 72, 75, 71, 73, 75, 70, 70, 74, 70, 75, 73, 71, 71, 73, 70, 70,
    70, 68, 72, 73, 72, 73, 73, 74, 71, 74, 72, 73, 72, 74, 73, 73, 71,
    70, 72, 71, 74, 71, 73, 71, 73, 72, 72, 73, 75, 72, 72, 75, 71, 72,
    74 ]
