%YAML:1.0
---
videoName: "headShake14.mp4"
gestureLabel: 201
fps: 29
pixelSizeInCmTemp: 3.2364864864864862e-01
faceCenterPointX: 244
faceCenterPointY: 76
headPositionsX: [ 244, 244, 245, 245, 247, 247, 247, 247, 244, 244, 245,
    245, 243, 247, 247, 247, 245, 246, 244, 244, 246, 245, 242, 244, 247,
    248, 250, 253, 256, 259, 260, 261, 263, 258, 254, 249, 248, 242, 234,
    232, 226, 226, 228, 226, 232, 238, 244, 249, 250, 255, 257, 257, 252,
    252, 247, 242, 238, 237, 231, 235, 232, 235, 234, 239, 242, 245, 242,
    248, 246, 247, 248, 249, 247, 247, 248, 243, 246, 240, 242, 242, 241,
    240, 240, 239, 243, 244, 245, 242, 242, 246, 245, 244, 242, 246, 243,
    245, 245, 246, 242, 244 ]
headPositionsY: [ 77, 73, 76, 75, 78, 75, 78, 76, 77, 77, 75, 76, 76, 75,
    77, 74, 77, 76, 77, 74, 74, 75, 74, 78, 77, 77, 76, 72, 74, 75, 71,
    75, 70, 73, 74, 76, 76, 73, 74, 74, 77, 75, 77, 76, 76, 77, 73, 76,
    75, 73, 73, 71, 71, 76, 76, 74, 75, 78, 75, 76, 76, 77, 77, 74, 75,
    73, 77, 77, 77, 78, 74, 75, 77, 75, 78, 76, 75, 77, 77, 75, 76, 75,
    76, 74, 77, 76, 75, 77, 78, 77, 77, 76, 77, 76, 78, 74, 78, 76, 78,
    78 ]
