%YAML:1.0
---
videoName: "headShake1.mp4"
gestureLabel: 201
fps: 29
pixelSizeInCmTemp: 3.3263888888888887e-01
faceCenterPointX: 279
faceCenterPointY: 98
headPositionsX: [ 280, 281, 278, 279, 280, 281, 279, 280, 281, 279, 280,
    278, 278, 279, 278, 282, 281, 279, 277, 278, 277, 277, 278, 278, 278,
    280, 277, 278, 279, 281, 284, 290, 291, 290, 293, 292, 291, 287, 285,
    281, 278, 272, 271, 271, 267, 271, 271, 277, 280, 284, 289, 292, 293,
    293, 290, 288, 284, 278, 273, 271, 266, 268, 269, 271, 271, 278, 285,
    288, 289, 292, 291, 292, 289, 288, 286, 283, 277, 277, 274, 270, 269,
    270, 271, 270, 274, 274, 275, 277, 276, 277, 278, 280, 282, 281, 281,
    279, 282, 282, 279, 279 ]
headPositionsY: [ 99, 99, 96, 95, 95, 97, 96, 98, 95, 96, 96, 95, 98, 99,
    97, 96, 96, 97, 99, 97, 95, 97, 98, 96, 98, 96, 95, 95, 96, 98, 95,
    98, 98, 98, 97, 94, 97, 94, 98, 95, 96, 99, 97, 97, 95, 98, 95, 98,
    96, 96, 96, 96, 98, 98, 93, 97, 99, 99, 96, 95, 98, 94, 94, 93, 95,
    98, 95, 97, 98, 94, 94, 97, 94, 95, 96, 97, 96, 96, 96, 95, 94, 95,
    95, 97, 100, 96, 95, 96, 97, 96, 97, 96, 98, 100, 96, 100, 100, 101,
    99, 97 ]
