%YAML:1.0
---
videoName: "headShake11.mp4"
gestureLabel: 201
fps: 29
pixelSizeInCmTemp: 3.2364864864864862e-01
faceCenterPointX: 244
faceCenterPointY: 76
headPositionsX: [ 245, 239, 239, 239, 243, 241, 244, 241, 240, 240, 244,
    243, 240, 242, 242, 242, 244, 242, 244, 240, 242, 241, 240, 242, 243,
    244, 245, 246, 245, 250, 253, 256, 261, 259, 262, 261, 261, 257, 254,
    247, 242, 239, 232, 230, 229, 228, 231, 232, 235, 242, 245, 250, 255,
    260, 259, 259, 258, 251, 251, 246, 241, 235, 230, 233, 229, 233, 234,
    241, 241, 250, 254, 257, 256, 257, 258, 254, 254, 250, 244, 239, 239,
    234, 237, 236, 234, 238, 240, 243, 245, 246, 247, 250, 249, 248, 249,
    246, 245, 245, 245, 245 ]
headPositionsY: [ 76, 72, 70, 73, 74, 71, 71, 71, 72, 73, 72, 74, 71, 71,
    70, 71, 72, 74, 71, 74, 75, 74, 75, 71, 72, 73, 74, 73, 73, 75, 70,
    70, 71, 70, 71, 74, 71, 73, 75, 74, 76, 74, 72, 73, 73, 72, 72, 73,
    73, 74, 77, 74, 71, 71, 76, 71, 72, 72, 73, 78, 75, 75, 77, 76, 76,
    76, 78, 75, 74, 76, 76, 71, 71, 72, 73, 75, 76, 73, 78, 73, 77, 76,
    76, 74, 76, 76, 74, 77, 73, 77, 76, 77, 73, 74, 74, 77, 76, 76, 73,
    76 ]
