%YAML:1.0
---
videoName: "headShake3.mp4"
gestureLabel: 201
fps: 30
pixelSizeInCmTemp: 3.3263888888888887e-01
faceCenterPointX: 240
faceCenterPointY: 101
headPositionsX: [ 239, 241, 243, 243, 241, 243, 243, 240, 239, 241, 241,
    242, 243, 241, 241, 239, 240, 242, 239, 243, 243, 241, 239, 239, 242,
    239, 243, 240, 242, 242, 240, 241, 242, 243, 245, 251, 255, 257, 257,
    259, 257, 249, 250, 240, 239, 231, 232, 229, 229, 231, 233, 239, 245,
    248, 248, 249, 247, 246, 242, 240, 231, 227, 227, 225, 222, 228, 230,
    234, 239, 241, 243, 244, 246, 243, 246, 243, 240, 236, 237, 235, 234,
    230, 233, 234, 232, 237, 235, 237, 238, 237, 242, 239, 239, 240, 240,
    241, 241, 243, 239, 238 ]
headPositionsY: [ 101, 98, 97, 101, 100, 96, 100, 96, 97, 96, 97, 98,
    100, 98, 100, 99, 99, 98, 100, 99, 97, 97, 101, 101, 97, 97, 99, 98,
    100, 98, 100, 98, 97, 101, 98, 98, 98, 95, 98, 96, 98, 97, 101, 100,
    101, 98, 100, 99, 96, 101, 99, 97, 101, 100, 100, 99, 100, 99, 98,
    97, 99, 96, 96, 100, 99, 98, 96, 100, 101, 98, 97, 98, 99, 101, 99,
    99, 101, 98, 99, 102, 102, 101, 100, 99, 98, 100, 100, 100, 99, 99,
    103, 98, 99, 101, 99, 103, 102, 99, 103, 98 ]
