%YAML:1.0
---
videoName: "headShake36.mp4"
gestureLabel: 201
fps: 29
pixelSizeInCmTemp: 3.2364864864864862e-01
faceCenterPointX: 263
faceCenterPointY: 80
headPositionsX: [ 261, 266, 264, 264, 263, 263, 263, 268, 272, 271, 274,
    279, 280, 282, 281, 284, 283, 282, 278, 275, 274, 274, 268, 268, 264,
    258, 256, 252, 252, 249, 248, 249, 246, 244, 249, 246, 245, 250, 250,
    252, 258, 259, 267, 269, 273, 271, 277, 278, 277, 278, 282, 282, 278,
    278, 273, 272, 269, 268, 260, 260, 256, 252, 252, 248, 248, 247, 249,
    250, 249, 253, 256, 259, 260, 263, 263, 265, 264, 268, 269, 267, 268,
    269, 264, 267, 267, 263, 267, 263, 265, 266, 264, 261, 262, 264, 261,
    264, 262, 262, 261, 264 ]
headPositionsY: [ 78, 78, 79, 82, 80, 78, 80, 78, 79, 80, 78, 77, 76, 76,
    75, 79, 77, 75, 76, 79, 79, 78, 80, 84, 80, 80, 82, 77, 80, 78, 83,
    81, 81, 81, 80, 80, 79, 82, 79, 79, 80, 84, 80, 80, 77, 78, 79, 77,
    78, 80, 78, 80, 78, 77, 78, 78, 81, 79, 81, 82, 78, 79, 80, 80, 77,
    80, 77, 79, 81, 78, 83, 80, 80, 80, 83, 79, 82, 82, 79, 80, 81, 81,
    80, 77, 79, 83, 80, 81, 79, 81, 80, 80, 80, 79, 81, 80, 81, 79, 81,
    78 ]
