%YAML:1.0
---
videoName: "headShake11.mp4"
gestureLabel: 201
fps: 29
pixelSizeInCmTemp: 3.2364864864864862e-01
faceCenterPointX: 244
faceCenterPointY: 76
headPositionsX: [ 243, 242, 242, 240, 240, 242, 242, 242, 241, 242, 241,
    240, 240, 240, 242, 240, 242, 240, 240, 241, 242, 243, 243, 241, 242,
    242, 245, 246, 247, 248, 253, 259, 258, 263, 261, 260, 262, 256, 251,
    247, 243, 239, 235, 229, 229, 224, 231, 232, 234, 240, 248, 250, 256,
    257, 261, 257, 256, 253, 248, 243, 238, 234, 233, 232, 231, 232, 234,
    239, 244, 249, 250, 255, 260, 259, 257, 255, 252, 246, 244, 238, 238,
    235, 235, 237, 237, 235, 242, 244, 242, 244, 249, 250, 247, 249, 249,
    245, 245, 244, 247, 242 ]
headPositionsY: [ 78, 73, 72, 70, 71, 71, 73, 74, 71, 72, 72, 72, 72, 70,
    74, 72, 72, 74, 74, 72, 72, 75, 71, 71, 73, 71, 73, 71, 73, 74, 71,
    71, 71, 70, 70, 72, 72, 75, 75, 76, 76, 74, 75, 72, 74, 76, 75, 74,
    75, 77, 75, 73, 72, 75, 76, 70, 71, 72, 75, 75, 77, 76, 74, 73, 77,
    76, 76, 74, 75, 73, 72, 75, 74, 73, 73, 74, 75, 76, 78, 74, 77, 74,
    76, 74, 72, 76, 77, 76, 73, 74, 75, 74, 75, 76, 75, 77, 76, 77, 74,
    75 ]
