%YAML:1.0
---
videoName: "headShake6.mp4"
gestureLabel: 201
fps: 29
pixelSizeInCmTemp: 3.2808219178082193e-01
faceCenterPointX: 244
faceCenterPointY: 68
headPositionsX: [ 245, 247, 243, 245, 246, 245, 247, 247, 245, 246, 244,
    247, 244, 244, 244, 247, 243, 248, 244, 247, 248, 243, 243, 244, 247,
    245, 243, 249, 247, 253, 254, 256, 263, 260, 262, 262, 259, 254, 246,
    242, 235, 230, 228, 231, 235, 239, 244, 250, 254, 258, 259, 256, 257,
    254, 246, 244, 239, 232, 229, 230, 232, 235, 237, 240, 244, 250, 251,
    253, 251, 249, 244, 241, 243, 238, 240, 237, 240, 237, 241, 240, 239,
    244, 242, 245, 245, 243, 245, 242, 245, 246, 244, 243, 242, 242, 244,
    245, 244, 242, 243, 242 ]
headPositionsY: [ 66, 66, 68, 66, 65, 65, 68, 66, 67, 66, 67, 68, 66, 67,
    69, 66, 66, 69, 65, 68, 67, 67, 69, 66, 70, 69, 65, 66, 66, 67, 66,
    63, 65, 63, 68, 64, 65, 68, 66, 70, 68, 67, 66, 67, 66, 68, 66, 69,
    67, 69, 67, 66, 68, 70, 66, 71, 69, 67, 66, 67, 69, 68, 70, 70, 67,
    66, 67, 70, 67, 69, 66, 66, 68, 70, 66, 66, 66, 65, 70, 70, 67, 69,
    70, 66, 69, 69, 69, 68, 69, 69, 67, 71, 70, 68, 68, 70, 70, 69, 70,
    69 ]
