%YAML:1.0
---
videoName: "headShake40.mp4"
gestureLabel: 201
fps: 29
pixelSizeInCmTemp: 3.2808219178082193e-01
faceCenterPointX: 261
faceCenterPointY: 86
headPositionsX: [ 263, 259, 261, 259, 262, 261, 259, 260, 262, 258, 260,
    262, 261, 259, 260, 263, 261, 263, 259, 257, 262, 259, 260, 262, 260,
    257, 263, 261, 257, 256, 256, 254, 253, 251, 254, 253, 256, 261, 267,
    269, 275, 280, 278, 280, 278, 273, 269, 263, 257, 256, 251, 249, 246,
    248, 250, 254, 256, 260, 263, 270, 269, 274, 269, 268, 265, 263, 259,
    257, 255, 257, 256, 256, 260, 260, 263, 266, 265, 268, 268, 266, 264,
    264, 262, 261, 260, 257, 256, 257, 257, 257, 260, 257, 260, 259, 261,
    261, 260, 264, 263, 259 ]
headPositionsY: [ 88, 86, 84, 85, 83, 84, 84, 81, 84, 85, 86, 82, 86, 82,
    85, 82, 84, 81, 84, 82, 85, 83, 85, 85, 83, 81, 83, 82, 84, 84, 85,
    81, 82, 85, 82, 85, 81, 83, 83, 84, 79, 81, 79, 81, 81, 83, 82, 85,
    80, 85, 83, 82, 81, 83, 80, 85, 85, 83, 84, 82, 82, 81, 83, 85, 82,
    85, 82, 81, 82, 82, 81, 80, 84, 83, 83, 83, 82, 84, 81, 84, 85, 82,
    84, 82, 85, 84, 84, 85, 83, 85, 84, 85, 86, 84, 85, 86, 87, 88, 87,
    84 ]
