%YAML:1.0
---
videoName: "headShake12.mp4"
gestureLabel: 201
fps: 29
pixelSizeInCmTemp: 3.2808219178082193e-01
faceCenterPointX: 241
faceCenterPointY: 76
headPositionsX: [ 242, 238, 239, 239, 242, 243, 243, 240, 243, 239, 243,
    242, 244, 243, 242, 244, 242, 243, 244, 243, 242, 243, 242, 242, 242,
    241, 242, 243, 240, 243, 243, 241, 243, 240, 242, 243, 243, 239, 244,
    240, 240, 243, 241, 242, 241, 243, 244, 241, 243, 242, 244, 242, 241,
    244, 240, 242, 241, 244, 242, 245, 250, 250, 256, 257, 260, 258, 255,
    252, 250, 240, 239, 234, 233, 233, 238, 241, 248, 248, 254, 253, 251,
    252, 250, 247, 239, 240, 236, 237, 237, 237, 239, 236, 237, 237, 241,
    240, 240, 239, 239, 239 ]
headPositionsY: [ 75, 73, 73, 71, 73, 71, 72, 73, 74, 71, 74, 73, 75, 75,
    75, 75, 73, 74, 73, 74, 74, 71, 75, 72, 74, 74, 74, 76, 73, 71, 73,
    72, 73, 76, 76, 76, 73, 72, 73, 74, 75, 73, 76, 74, 75, 76, 73, 73,
    75, 77, 76, 74, 76, 73, 76, 76, 74, 73, 72, 73, 71, 76, 75, 74, 72,
    75, 71, 74, 78, 77, 74, 78, 77, 77, 77, 75, 75, 75, 75, 77, 74, 73,
    77, 75, 76, 74, 77, 78, 77, 75, 75, 74, 77, 78, 79, 75, 74, 75, 75,
    76 ]
