%YAML:1.0
---
videoName: "headShake29.mp4"
gestureLabel: 201
fps: 29
pixelSizeInCmTemp: 3.3263888888888887e-01
faceCenterPointX: 243
faceCenterPointY: 76
headPositionsX: [ 241, 243, 243, 241, 241, 243, 242, 243, 241, 244, 241,
    244, 242, 245, 242, 242, 241, 240, 244, 240, 243, 240, 241, 241, 240,
    241, 239, 238, 238, 238, 242, 245, 252, 254, 256, 255, 255, 254, 249,
    240, 239, 234, 231, 226, 226, 231, 234, 237, 241, 249, 251, 251, 254,
    253, 249, 248, 243, 237, 234, 229, 227, 227, 229, 233, 240, 241, 248,
    250, 250, 253, 249, 250, 250, 246, 244, 242, 235, 236, 236, 231, 233,
    236, 234, 235, 238, 238, 240, 240, 242, 243, 241, 242, 243, 245, 243,
    244, 243, 244, 243, 243 ]
headPositionsY: [ 78, 75, 75, 77, 74, 75, 73, 74, 76, 73, 78, 76, 75, 75,
    76, 76, 76, 77, 79, 74, 75, 78, 74, 76, 78, 75, 75, 74, 76, 77, 76,
    77, 76, 77, 76, 77, 76, 73, 74, 77, 76, 74, 73, 77, 74, 75, 74, 76,
    76, 78, 78, 78, 75, 78, 74, 75, 76, 74, 77, 76, 75, 77, 77, 76, 80,
    75, 78, 76, 74, 74, 77, 77, 75, 76, 75, 76, 76, 78, 74, 75, 77, 78,
    76, 76, 79, 75, 75, 75, 79, 78, 76, 80, 76, 78, 76, 77, 78, 76, 74,
    79 ]
