%YAML:1.0
---
videoName: "headShake30.mp4"
gestureLabel: 201
fps: 29
pixelSizeInCmTemp: 3.2808219178082193e-01
faceCenterPointX: 240
faceCenterPointY: 68
headPositionsX: [ 242, 234, 233, 233, 230, 235, 234, 231, 234, 236, 233,
    236, 239, 236, 238, 239, 239, 239, 243, 244, 242, 245, 243, 241, 242,
    243, 244, 244, 240, 240, 238, 240, 239, 242, 238, 241, 238, 241, 244,
    245, 248, 255, 256, 259, 260, 258, 256, 256, 251, 245, 240, 228, 226,
    223, 221, 223, 231, 235, 239, 248, 251, 254, 251, 253, 244, 243, 238,
    230, 227, 226, 227, 229, 234, 236, 244, 247, 250, 249, 249, 248, 249,
    243, 243, 238, 237, 235, 236, 239, 235, 241, 238, 242, 242, 241, 240,
    239, 242, 241, 240, 241 ]
headPositionsY: [ 69, 56, 58, 58, 57, 58, 59, 61, 61, 62, 66, 65, 65, 67,
    63, 64, 65, 63, 66, 66, 64, 65, 63, 66, 66, 67, 65, 66, 66, 66, 66,
    65, 66, 65, 65, 66, 65, 67, 67, 67, 66, 65, 67, 66, 66, 67, 65, 68,
    67, 65, 70, 68, 68, 68, 67, 66, 68, 67, 70, 68, 66, 65, 66, 66, 68,
    71, 67, 67, 66, 70, 67, 70, 70, 69, 70, 65, 64, 67, 69, 67, 64, 65,
    68, 69, 65, 69, 69, 67, 65, 69, 67, 66, 68, 70, 70, 65, 70, 68, 67,
    68 ]
