%YAML:1.0
---
videoName: "headShake39.mp4"
gestureLabel: 201
fps: 29
pixelSizeInCmTemp: 3.1933333333333330e-01
faceCenterPointX: 263
faceCenterPointY: 83
headPositionsX: [ 263, 260, 261, 261, 260, 262, 262, 262, 260, 261, 260,
    262, 262, 263, 260, 259, 260, 260, 261, 259, 258, 259, 258, 254, 253,
    251, 250, 244, 242, 243, 243, 246, 245, 250, 257, 262, 269, 270, 275,
    280, 280, 282, 276, 273, 265, 260, 254, 247, 246, 245, 245, 248, 255,
    258, 262, 267, 275, 274, 277, 281, 277, 274, 269, 266, 260, 254, 250,
    247, 248, 246, 251, 250, 252, 254, 255, 259, 261, 264, 266, 264, 265,
    265, 264, 267, 268, 269, 267, 265, 264, 266, 263, 264, 261, 261, 265,
    266, 262, 264, 263, 260 ]
headPositionsY: [ 81, 84, 84, 82, 82, 84, 85, 83, 82, 83, 83, 82, 84, 83,
    85, 82, 83, 82, 83, 85, 84, 85, 81, 82, 81, 81, 81, 83, 84, 82, 84,
    83, 81, 82, 85, 82, 83, 82, 78, 81, 81, 81, 79, 84, 81, 82, 85, 84,
    84, 80, 81, 82, 84, 83, 80, 84, 80, 79, 78, 82, 82, 80, 82, 81, 82,
    82, 79, 80, 78, 80, 78, 81, 78, 82, 81, 81, 81, 80, 85, 84, 80, 85,
    80, 83, 81, 83, 81, 81, 84, 84, 84, 82, 84, 81, 85, 85, 81, 81, 83,
    84 ]
