%YAML:1.0
---
videoName: "headShake25.mp4"
gestureLabel: 201
fps: 30
pixelSizeInCmTemp: 3.2364864864864862e-01
faceCenterPointX: 241
faceCenterPointY: 79
headPositionsX: [ 243, 254, 252, 251, 251, 250, 247, 247, 245, 242, 241,
    235, 234, 236, 232, 231, 230, 231, 230, 231, 230, 230, 231, 234, 240,
    239, 242, 246, 246, 248, 249, 250, 248, 248, 249, 244, 243, 238, 237,
    237, 234, 230, 231, 229, 229, 232, 232, 230, 232, 236, 237, 240, 243,
    244, 245, 247, 249, 249, 249, 253, 252, 251, 247, 244, 243, 242, 242,
    237, 236, 237, 233, 235, 233, 236, 235, 234, 238, 233, 234, 239, 237,
    237, 240, 243, 240, 243, 242, 245, 244, 242, 242, 243, 243, 240, 240,
    241, 241, 241, 240, 240 ]
headPositionsY: [ 81, 75, 78, 77, 77, 76, 75, 79, 76, 79, 75, 76, 76, 80,
    79, 80, 78, 80, 76, 76, 80, 79, 77, 76, 80, 78, 81, 80, 80, 77, 79,
    80, 81, 81, 78, 79, 78, 79, 78, 80, 78, 76, 77, 76, 77, 79, 78, 79,
    79, 77, 81, 77, 80, 80, 80, 78, 79, 78, 76, 79, 80, 78, 79, 78, 79,
    78, 81, 77, 78, 78, 79, 78, 78, 77, 77, 78, 76, 78, 79, 80, 77, 76,
    79, 79, 78, 79, 78, 81, 81, 77, 77, 80, 77, 80, 78, 80, 78, 78, 77,
    80 ]
