%YAML:1.0
---
videoName: "headShake22.mp4"
gestureLabel: 201
fps: 29
pixelSizeInCmTemp: 3.2364864864864862e-01
faceCenterPointX: 241
faceCenterPointY: 79
headPositionsX: [ 241, 240, 243, 244, 244, 240, 241, 240, 245, 245, 242,
    244, 241, 240, 240, 241, 244, 242, 240, 242, 241, 241, 243, 240, 244,
    240, 241, 240, 243, 241, 243, 244, 244, 241, 243, 245, 241, 243, 243,
    241, 241, 241, 241, 243, 240, 242, 244, 240, 242, 241, 239, 241, 242,
    243, 243, 240, 243, 242, 242, 241, 240, 242, 243, 244, 240, 238, 240,
    243, 245, 247, 251, 255, 255, 257, 255, 250, 244, 241, 240, 237, 239,
    237, 239, 241, 246, 246, 247, 244, 246, 243, 241, 239, 242, 240, 238,
    241, 239, 241, 238, 240 ]
headPositionsY: [ 78, 75, 75, 75, 76, 76, 78, 78, 75, 78, 78, 78, 78, 78,
    74, 75, 78, 75, 78, 76, 76, 77, 75, 77, 79, 76, 78, 77, 75, 77, 77,
    76, 74, 77, 76, 74, 74, 74, 75, 75, 80, 73, 75, 76, 75, 75, 76, 74,
    76, 77, 75, 74, 77, 77, 74, 74, 76, 75, 77, 74, 79, 77, 75, 78, 76,
    77, 76, 75, 76, 78, 78, 77, 77, 73, 78, 77, 76, 77, 79, 79, 77, 78,
    75, 78, 75, 78, 79, 76, 76, 76, 80, 80, 80, 76, 80, 80, 78, 76, 76,
    76 ]
