%YAML:1.0
---
videoName: "headShake15.mp4"
gestureLabel: 201
fps: 29
pixelSizeInCmTemp: 3.3263888888888887e-01
faceCenterPointX: 243
faceCenterPointY: 76
headPositionsX: [ 244, 245, 241, 242, 246, 246, 242, 242, 241, 245, 243,
    243, 241, 246, 243, 245, 245, 245, 244, 243, 244, 244, 241, 245, 242,
    242, 244, 243, 241, 244, 245, 244, 240, 241, 241, 242, 244, 243, 243,
    245, 245, 243, 241, 244, 243, 241, 242, 242, 241, 241, 244, 245, 244,
    241, 243, 241, 240, 244, 244, 242, 241, 245, 243, 249, 250, 253, 252,
    259, 256, 259, 254, 253, 251, 245, 241, 240, 237, 238, 236, 240, 240,
    243, 243, 244, 246, 244, 247, 243, 245, 245, 243, 242, 240, 241, 240,
    240, 241, 241, 242, 246 ]
headPositionsY: [ 74, 76, 74, 75, 75, 74, 77, 75, 72, 75, 76, 77, 76, 75,
    76, 76, 75, 77, 73, 74, 76, 72, 75, 73, 72, 74, 74, 77, 74, 73, 77,
    74, 75, 75, 73, 75, 74, 75, 77, 74, 74, 73, 74, 74, 74, 75, 77, 76,
    74, 74, 77, 75, 77, 75, 76, 77, 73, 76, 77, 77, 74, 73, 76, 75, 75,
    73, 71, 74, 75, 74, 75, 75, 74, 75, 77, 77, 79, 76, 74, 78, 75, 76,
    76, 78, 75, 74, 77, 78, 78, 76, 74, 78, 74, 76, 79, 75, 78, 76, 75,
    78 ]
