%YAML:1.0
---
videoName: "headShake26.mp4"
gestureLabel: 201
fps: 30
pixelSizeInCmTemp: 3.2808219178082193e-01
faceCenterPointX: 243
faceCenterPointY: 78
headPositionsX: [ 241, 241, 239, 238, 242, 243, 246, 244, 245, 248, 252,
    249, 251, 251, 252, 254, 253, 246, 246, 243, 242, 238, 236, 235, 229,
    231, 230, 230, 232, 229, 234, 237, 237, 239, 246, 246, 250, 251, 251,
    253, 256, 250, 251, 248, 244, 241, 241, 233, 232, 229, 227, 227, 227,
    231, 230, 232, 239, 237, 244, 245, 248, 252, 250, 253, 251, 254, 252,
    251, 251, 246, 245, 244, 242, 242, 238, 235, 236, 235, 237, 235, 236,
    237, 238, 237, 238, 239, 243, 240, 243, 242, 247, 246, 243, 246, 245,
    244, 244, 245, 243, 245 ]
headPositionsY: [ 80, 76, 78, 79, 74, 79, 78, 79, 76, 75, 76, 78, 76, 78,
    78, 76, 77, 79, 76, 77, 79, 76, 79, 77, 78, 75, 74, 78, 75, 75, 74,
    78, 77, 75, 79, 74, 78, 77, 75, 75, 78, 78, 79, 79, 79, 78, 76, 79,
    77, 79, 76, 73, 79, 78, 77, 77, 78, 80, 79, 80, 79, 79, 79, 77, 76,
    77, 77, 77, 80, 76, 78, 81, 79, 80, 81, 79, 78, 78, 79, 80, 79, 77,
    81, 79, 76, 79, 81, 77, 78, 77, 81, 78, 81, 79, 78, 78, 77, 76, 81,
    80 ]
