%YAML:1.0
---
videoName: "headShake22.mp4"
gestureLabel: 201
fps: 29
pixelSizeInCmTemp: 3.2364864864864862e-01
faceCenterPointX: 241
faceCenterPointY: 79
headPositionsX: [ 242, 239, 240, 241, 244, 239, 245, 240, 242, 242, 242,
    242, 243, 244, 240, 243, 242, 243, 243, 241, 243, 242, 241, 242, 242,
    244, 240, 242, 241, 242, 243, 240, 244, 243, 243, 243, 242, 242, 243,
    244, 245, 243, 240, 243, 242, 240, 244, 241, 243, 242, 243, 244, 240,
    244, 243, 244, 240, 242, 243, 242, 243, 244, 243, 241, 241, 238, 241,
    244, 243, 249, 253, 255, 258, 254, 255, 251, 245, 243, 240, 237, 238,
    236, 240, 243, 245, 247, 244, 244, 243, 241, 241, 240, 240, 239, 242,
    239, 239, 241, 240, 242 ]
headPositionsY: [ 78, 77, 76, 76, 75, 75, 79, 78, 74, 77, 75, 76, 76, 78,
    78, 77, 77, 75, 78, 77, 75, 78, 75, 76, 76, 74, 76, 76, 76, 78, 77,
    76, 75, 78, 77, 78, 75, 76, 78, 76, 76, 73, 77, 79, 75, 78, 76, 75,
    78, 78, 74, 78, 75, 77, 77, 74, 77, 75, 76, 78, 77, 75, 74, 74, 78,
    77, 78, 79, 74, 77, 74, 76, 75, 75, 78, 76, 77, 77, 77, 78, 76, 77,
    78, 78, 77, 80, 77, 79, 77, 78, 79, 78, 80, 76, 78, 78, 77, 80, 79,
    78 ]
