%YAML:1.0
---
videoName: "headShake30.mp4"
gestureLabel: 201
fps: 29
pixelSizeInCmTemp: 3.2808219178082193e-01
faceCenterPointX: 240
faceCenterPointY: 68
headPositionsX: [ 239, 232, 232, 231, 231, 231, 234, 233, 234, 235, 235,
    238, 235, 239, 237, 238, 243, 243, 242, 241, 246, 244, 243, 242, 244,
    244, 240, 244, 241, 242, 242, 242, 239, 242, 240, 237, 239, 238, 241,
    246, 248, 252, 255, 257, 258, 259, 259, 253, 250, 246, 238, 229, 227,
    222, 223, 227, 227, 233, 242, 244, 251, 251, 250, 251, 244, 241, 236,
    230, 228, 227, 227, 228, 231, 239, 242, 245, 246, 249, 253, 248, 249,
    242, 242, 236, 239, 236, 238, 237, 235, 239, 241, 240, 239, 242, 238,
    241, 240, 239, 241, 240 ]
headPositionsY: [ 67, 54, 55, 56, 57, 57, 59, 59, 60, 63, 65, 62, 66, 65,
    63, 64, 66, 65, 66, 63, 67, 66, 65, 65, 67, 63, 65, 68, 65, 64, 64,
    66, 65, 65, 67, 68, 67, 68, 67, 66, 63, 63, 67, 64, 67, 64, 68, 65,
    65, 66, 68, 68, 67, 70, 68, 67, 68, 69, 66, 70, 67, 65, 65, 68, 71,
    68, 70, 68, 68, 69, 67, 71, 68, 70, 66, 69, 68, 65, 65, 68, 66, 69,
    65, 68, 66, 67, 70, 70, 68, 68, 69, 67, 69, 69, 68, 65, 68, 66, 68,
    70 ]
