%YAML:1.0
---
videoName: "headShake43.mp4"
gestureLabel: 201
fps: 29
pixelSizeInCmTemp: 3.2808219178082193e-01
faceCenterPointX: 257
faceCenterPointY: 84
headPositionsX: [ 257, 260, 262, 260, 258, 258, 259, 260, 262, 260, 263,
    260, 259, 259, 259, 262, 259, 262, 262, 262, 258, 262, 261, 258, 260,
    264, 264, 265, 266, 271, 274, 275, 279, 276, 277, 281, 280, 279, 276,
    275, 270, 267, 264, 254, 254, 249, 242, 246, 243, 245, 246, 254, 255,
    261, 266, 269, 274, 274, 274, 275, 273, 264, 263, 255, 249, 247, 246,
    243, 240, 248, 246, 250, 257, 260, 266, 267, 266, 270, 268, 269, 269,
    268, 267, 265, 264, 259, 258, 261, 259, 257, 258, 259, 258, 259, 257,
    255, 255, 254, 258, 257 ]
headPositionsY: [ 82, 87, 86, 86, 83, 87, 83, 86, 83, 85, 86, 87, 85, 83,
    87, 85, 85, 86, 87, 83, 87, 88, 88, 84, 86, 86, 83, 87, 87, 83, 86,
    84, 80, 82, 81, 80, 85, 82, 85, 83, 86, 86, 83, 86, 85, 86, 83, 85,
    85, 82, 83, 85, 83, 83, 86, 84, 85, 81, 84, 82, 85, 86, 84, 82, 84,
    81, 81, 81, 81, 81, 84, 83, 86, 87, 83, 84, 81, 82, 85, 83, 81, 83,
    82, 85, 82, 85, 84, 86, 83, 84, 85, 84, 83, 82, 84, 84, 84, 84, 84,
    84 ]
