%YAML:1.0
---
videoName: "headShake14.mp4"
gestureLabel: 201
fps: 29
pixelSizeInCmTemp: 3.2364864864864862e-01
faceCenterPointX: 244
faceCenterPointY: 76
headPositionsX: [ 243, 246, 245, 247, 247, 243, 247, 247, 244, 243, 247,
    246, 245, 245, 244, 243, 246, 247, 243, 244, 246, 245, 245, 247, 246,
    248, 250, 253, 257, 260, 261, 261, 260, 258, 258, 251, 245, 242, 237,
    232, 225, 226, 229, 227, 232, 236, 243, 248, 252, 255, 255, 255, 254,
    252, 247, 243, 238, 238, 233, 234, 235, 232, 235, 240, 241, 241, 245,
    248, 248, 248, 248, 249, 248, 248, 248, 243, 242, 244, 243, 238, 238,
    238, 238, 238, 242, 242, 245, 246, 242, 247, 247, 247, 245, 245, 244,
    243, 243, 243, 245, 244 ]
headPositionsY: [ 77, 76, 75, 77, 78, 74, 78, 73, 76, 75, 74, 74, 77, 75,
    77, 77, 76, 73, 77, 74, 77, 75, 75, 77, 75, 73, 74, 72, 74, 74, 71,
    73, 74, 74, 73, 76, 78, 77, 77, 76, 74, 75, 74, 76, 75, 77, 74, 73,
    75, 71, 70, 72, 73, 72, 76, 75, 75, 76, 74, 76, 74, 77, 75, 76, 78,
    76, 78, 77, 74, 75, 75, 75, 74, 75, 77, 75, 76, 75, 77, 73, 74, 77,
    75, 75, 74, 76, 77, 75, 78, 77, 78, 77, 77, 77, 74, 75, 77, 77, 75,
    77 ]
