%YAML:1.0
---
videoName: "headShake22.mp4"
gestureLabel: 201
fps: 29
pixelSizeInCmTemp: 3.2364864864864862e-01
faceCenterPointX: 241
faceCenterPointY: 79
headPositionsX: [ 241, 243, 243, 242, 240, 243, 243, 242, 245, 245, 240,
    242, 242, 243, 243, 240, 242, 241, 241, 244, 240, 245, 243, 242, 245,
    240, 241, 243, 244, 241, 242, 241, 243, 241, 243, 243, 241, 245, 243,
    242, 241, 242, 240, 243, 241, 240, 244, 243, 241, 242, 241, 243, 243,
    242, 242, 241, 243, 242, 244, 240, 243, 242, 240, 241, 239, 240, 240,
    243, 244, 249, 252, 253, 257, 257, 254, 249, 248, 243, 242, 238, 235,
    236, 238, 241, 244, 244, 245, 244, 244, 242, 243, 243, 243, 238, 238,
    241, 243, 239, 241, 242 ]
headPositionsY: [ 81, 78, 75, 76, 75, 77, 77, 75, 76, 75, 75, 78, 74, 74,
    74, 75, 76, 75, 75, 75, 76, 76, 78, 75, 76, 77, 74, 79, 74, 78, 77,
    75, 76, 78, 75, 77, 75, 75, 74, 75, 76, 76, 75, 75, 75, 75, 79, 78,
    76, 74, 78, 78, 77, 78, 78, 76, 75, 79, 75, 77, 79, 75, 75, 78, 77,
    73, 78, 76, 75, 74, 74, 73, 74, 76, 78, 77, 75, 75, 78, 79, 77, 76,
    78, 78, 77, 80, 77, 77, 80, 77, 76, 80, 78, 79, 80, 79, 80, 80, 80,
    79 ]
