%YAML:1.0
---
videoName: "headShake5.mp4"
gestureLabel: 201
fps: 30
pixelSizeInCmTemp: 3.3263888888888887e-01
faceCenterPointX: 275
faceCenterPointY: 73
headPositionsX: [ 276, 277, 276, 277, 278, 275, 280, 277, 280, 277, 276,
    277, 279, 277, 280, 277, 277, 279, 279, 280, 278, 277, 277, 279, 276,
    275, 278, 277, 277, 277, 279, 276, 278, 281, 281, 286, 288, 294, 295,
    296, 296, 292, 289, 286, 276, 274, 266, 263, 262, 265, 270, 276, 283,
    287, 290, 292, 287, 285, 282, 276, 267, 262, 264, 265, 269, 272, 276,
    278, 283, 282, 286, 281, 281, 278, 273, 271, 269, 267, 267, 265, 269,
    273, 274, 276, 282, 281, 283, 280, 282, 279, 278, 278, 278, 275, 273,
    277, 277, 275, 274, 274 ]
headPositionsY: [ 75, 71, 75, 73, 75, 72, 73, 72, 72, 75, 73, 74, 76, 74,
    75, 71, 76, 71, 72, 73, 75, 71, 74, 72, 74, 74, 76, 71, 74, 72, 72,
    72, 73, 71, 71, 71, 72, 74, 74, 73, 74, 72, 73, 75, 72, 72, 74, 74,
    74, 73, 75, 74, 73, 76, 74, 73, 76, 75, 76, 75, 75, 74, 76, 74, 76,
    72, 72, 75, 73, 73, 76, 75, 73, 76, 74, 71, 75, 74, 73, 73, 74, 70,
    72, 73, 74, 73, 73, 72, 73, 72, 72, 75, 73, 73, 74, 73, 71, 72, 72,
    73 ]
