%YAML:1.0
---
videoName: "headShake41.mp4"
gestureLabel: 201
fps: 29
pixelSizeInCmTemp: 3.2364864864864862e-01
faceCenterPointX: 264
faceCenterPointY: 85
headPositionsX: [ 263, 262, 261, 264, 261, 259, 261, 260, 261, 259, 261,
    259, 262, 259, 259, 259, 261, 259, 260, 260, 264, 262, 263, 264, 266,
    268, 270, 273, 276, 277, 280, 280, 281, 284, 280, 280, 281, 281, 279,
    277, 273, 272, 267, 261, 256, 255, 250, 247, 246, 248, 243, 246, 247,
    248, 247, 249, 249, 252, 255, 259, 264, 269, 267, 273, 273, 275, 280,
    276, 279, 279, 277, 275, 275, 271, 273, 269, 266, 265, 263, 265, 262,
    263, 262, 262, 263, 265, 261, 262, 263, 264, 264, 262, 261, 265, 263,
    263, 261, 264, 264, 264 ]
headPositionsY: [ 84, 83, 83, 84, 85, 84, 84, 85, 85, 80, 86, 81, 83, 82,
    83, 85, 83, 86, 86, 83, 83, 85, 85, 86, 84, 81, 80, 81, 81, 79, 82,
    80, 83, 81, 80, 79, 82, 84, 84, 82, 83, 82, 86, 84, 84, 82, 83, 85,
    82, 83, 84, 85, 82, 82, 86, 85, 83, 83, 87, 86, 83, 85, 86, 83, 83,
    85, 86, 82, 83, 83, 83, 83, 86, 87, 86, 84, 86, 84, 82, 82, 83, 85,
    86, 84, 84, 83, 84, 87, 85, 85, 84, 83, 83, 85, 83, 84, 84, 82, 84,
    83 ]
