%YAML:1.0
---
videoName: "headShake14.mp4"
gestureLabel: 201
fps: 29
pixelSizeInCmTemp: 3.2364864864864862e-01
faceCenterPointX: 244
faceCenterPointY: 76
headPositionsX: [ 244, 244, 244, 248, 243, 247, 247, 243, 246, 244, 244,
    243, 245, 245, 245, 243, 245, 245, 245, 244, 243, 244, 242, 244, 248,
    245, 248, 249, 254, 260, 262, 262, 263, 259, 258, 250, 245, 242, 235,
    231, 227, 225, 228, 229, 231, 239, 243, 248, 251, 258, 258, 259, 253,
    248, 247, 241, 236, 235, 235, 234, 233, 235, 233, 240, 241, 241, 245,
    246, 246, 250, 249, 248, 249, 248, 249, 244, 243, 244, 239, 240, 238,
    240, 238, 240, 240, 241, 241, 244, 244, 244, 246, 247, 245, 246, 245,
    246, 241, 245, 244, 243 ]
headPositionsY: [ 78, 76, 74, 74, 76, 75, 77, 73, 76, 77, 76, 75, 75, 73,
    76, 76, 74, 73, 76, 73, 76, 76, 73, 76, 78, 77, 74, 72, 72, 75, 71,
    72, 73, 75, 73, 76, 78, 77, 78, 76, 76, 73, 78, 73, 74, 73, 75, 73,
    71, 70, 72, 75, 73, 73, 74, 77, 73, 77, 73, 74, 76, 77, 77, 74, 74,
    77, 78, 77, 77, 76, 77, 76, 77, 78, 77, 76, 76, 74, 74, 74, 74, 74,
    75, 74, 78, 74, 74, 78, 77, 79, 75, 74, 76, 77, 75, 74, 78, 78, 78,
    75 ]
