%YAML:1.0
---
videoName: "headShake36.mp4"
gestureLabel: 201
fps: 29
pixelSizeInCmTemp: 3.2364864864864862e-01
faceCenterPointX: 263
faceCenterPointY: 80
headPositionsX: [ 261, 265, 262, 262, 261, 264, 265, 268, 270, 274, 274,
    276, 278, 280, 277, 283, 282, 282, 280, 275, 278, 272, 270, 265, 264,
    261, 256, 254, 249, 248, 249, 245, 246, 247, 249, 246, 247, 247, 247,
    254, 259, 260, 267, 266, 269, 273, 277, 279, 277, 277, 281, 283, 277,
    279, 273, 272, 269, 265, 262, 260, 256, 256, 251, 251, 249, 251, 251,
    252, 252, 253, 254, 258, 257, 262, 263, 266, 266, 264, 269, 270, 269,
    269, 265, 263, 265, 266, 264, 264, 267, 265, 262, 262, 264, 260, 261,
    265, 261, 265, 265, 261 ]
headPositionsY: [ 78, 80, 79, 78, 79, 80, 77, 80, 81, 80, 79, 77, 80, 78,
    78, 76, 77, 76, 79, 80, 77, 81, 81, 84, 79, 79, 83, 80, 80, 78, 82,
    80, 83, 80, 81, 80, 81, 80, 83, 82, 79, 83, 81, 81, 78, 80, 78, 78,
    76, 76, 76, 79, 78, 79, 77, 77, 82, 81, 80, 79, 81, 79, 79, 78, 77,
    82, 80, 80, 79, 79, 83, 82, 80, 80, 82, 82, 82, 80, 82, 79, 81, 83,
    79, 80, 82, 82, 83, 80, 82, 80, 79, 83, 82, 79, 82, 81, 79, 80, 80,
    82 ]
