%YAML:1.0
---
videoName: "headShake24.mp4"
gestureLabel: 201
fps: 29
pixelSizeInCmTemp: 3.2808219178082193e-01
faceCenterPointX: 240
faceCenterPointY: 78
headPositionsX: [ 238, 249, 253, 250, 251, 252, 255, 254, 253, 253, 247,
    248, 245, 244, 242, 234, 236, 235, 231, 229, 233, 230, 229, 234, 232,
    236, 238, 239, 242, 242, 247, 246, 247, 250, 249, 252, 251, 249, 246,
    247, 242, 243, 242, 238, 240, 236, 235, 235, 234, 235, 233, 233, 237,
    237, 236, 241, 240, 245, 247, 244, 246, 248, 246, 248, 250, 246, 246,
    248, 247, 247, 243, 242, 243, 239, 242, 242, 237, 238, 238, 240, 237,
    240, 239, 238, 238, 237, 240, 239, 241, 238, 241, 241, 239, 241, 241,
    241, 240, 242, 242, 242 ]
headPositionsY: [ 79, 76, 75, 76, 76, 74, 74, 77, 75, 79, 75, 78, 76, 80,
    78, 77, 76, 77, 77, 78, 76, 75, 78, 78, 79, 80, 79, 76, 76, 78, 74,
    79, 79, 80, 77, 78, 77, 77, 76, 78, 78, 78, 79, 76, 80, 79, 77, 76,
    77, 78, 77, 80, 77, 80, 78, 77, 76, 79, 81, 78, 79, 80, 76, 77, 78,
    75, 78, 77, 79, 80, 77, 78, 79, 78, 77, 76, 76, 75, 75, 79, 75, 79,
    79, 77, 77, 75, 79, 77, 79, 80, 80, 76, 78, 79, 78, 78, 76, 76, 78,
    76 ]
