%YAML:1.0
---
videoName: "headShake26.mp4"
gestureLabel: 201
fps: 30
pixelSizeInCmTemp: 3.2808219178082193e-01
faceCenterPointX: 243
faceCenterPointY: 78
headPositionsX: [ 242, 239, 241, 241, 239, 243, 242, 244, 245, 247, 252,
    251, 251, 252, 252, 250, 253, 248, 245, 245, 239, 236, 236, 231, 232,
    229, 228, 229, 229, 233, 232, 235, 240, 241, 248, 246, 247, 252, 250,
    253, 256, 252, 251, 249, 244, 243, 237, 237, 235, 230, 227, 228, 229,
    228, 232, 235, 235, 239, 243, 246, 250, 252, 253, 253, 254, 254, 249,
    251, 247, 247, 247, 241, 239, 238, 237, 237, 236, 236, 235, 235, 239,
    239, 238, 238, 238, 240, 241, 244, 243, 243, 247, 244, 246, 244, 247,
    244, 243, 245, 242, 244 ]
headPositionsY: [ 76, 76, 79, 76, 78, 75, 77, 78, 79, 76, 79, 80, 78, 77,
    77, 77, 76, 78, 78, 77, 81, 77, 77, 79, 77, 74, 77, 76, 76, 78, 76,
    76, 75, 77, 80, 74, 75, 76, 77, 76, 77, 76, 75, 79, 79, 80, 80, 75,
    78, 78, 77, 73, 75, 75, 74, 75, 80, 79, 80, 76, 76, 77, 79, 76, 78,
    76, 76, 76, 80, 76, 80, 80, 80, 77, 77, 79, 78, 77, 76, 80, 78, 79,
    81, 78, 76, 77, 80, 78, 77, 79, 80, 80, 81, 77, 79, 80, 80, 77, 80,
    78 ]
