%YAML:1.0
---
videoName: "headShake12.mp4"
gestureLabel: 201
fps: 29
pixelSizeInCmTemp: 3.2808219178082193e-01
faceCenterPointX: 241
faceCenterPointY: 76
headPositionsX: [ 243, 240, 238, 243, 242, 244, 242, 241, 241, 241, 245,
    244, 240, 244, 241, 244, 244, 243, 243, 243, 240, 240, 244, 244, 240,
    242, 240, 242, 244, 239, 242, 242, 243, 243, 240, 242, 241, 242, 240,
    239, 242, 240, 239, 241, 242, 240, 244, 243, 243, 244, 242, 244, 240,
    244, 243, 239, 243, 243, 241, 245, 246, 254, 252, 256, 258, 257, 255,
    254, 250, 242, 238, 232, 231, 230, 238, 240, 248, 249, 251, 253, 253,
    250, 250, 244, 242, 241, 236, 236, 238, 238, 237, 236, 241, 241, 241,
    238, 240, 241, 239, 238 ]
headPositionsY: [ 74, 74, 71, 71, 73, 71, 75, 75, 76, 72, 75, 74, 74, 74,
    73, 72, 75, 72, 75, 72, 75, 75, 75, 74, 72, 76, 73, 73, 74, 74, 75,
    71, 74, 74, 75, 73, 75, 72, 72, 72, 72, 75, 74, 74, 74, 76, 74, 72,
    74, 77, 76, 75, 74, 76, 75, 73, 76, 74, 74, 71, 75, 74, 73, 71, 71,
    74, 74, 74, 76, 76, 75, 76, 78, 76, 74, 74, 74, 73, 73, 76, 74, 75,
    78, 78, 76, 77, 75, 75, 74, 73, 77, 73, 78, 77, 77, 78, 78, 75, 79,
    75 ]
