%YAML:1.0
---
videoName: "headShake12.mp4"
gestureLabel: 201
fps: 29
pixelSizeInCmTemp: 3.2808219178082193e-01
faceCenterPointX: 241
faceCenterPointY: 76
headPositionsX: [ 242, 242, 238, 243, 244, 241, 240, 241, 242, 240, 242,
    241, 241, 243, 240, 241, 240, 239, 241, 241, 240, 244, 242, 240, 244,
    242, 243, 242, 240, 240, 241, 243, 244, 244, 242, 242, 241, 241, 242,
    241, 242, 239, 240, 241, 242, 240, 243, 243, 241, 242, 243, 242, 243,
    241, 243, 239, 239, 242, 244, 246, 247, 254, 254, 256, 257, 257, 258,
    254, 249, 240, 239, 233, 229, 231, 235, 242, 248, 247, 252, 252, 250,
    251, 246, 243, 239, 238, 236, 239, 234, 236, 237, 237, 238, 241, 242,
    238, 239, 240, 239, 241 ]
headPositionsY: [ 77, 74, 73, 74, 76, 74, 72, 73, 72, 71, 75, 76, 73, 73,
    72, 75, 75, 71, 73, 72, 74, 74, 77, 75, 72, 74, 76, 76, 72, 74, 75,
    73, 77, 75, 74, 73, 76, 73, 74, 73, 75, 75, 75, 74, 75, 76, 75, 73,
    72, 77, 74, 73, 76, 73, 75, 76, 75, 75, 72, 71, 72, 75, 74, 72, 74,
    71, 72, 72, 77, 75, 77, 75, 74, 74, 77, 74, 74, 74, 77, 75, 77, 74,
    78, 78, 75, 78, 73, 76, 77, 74, 76, 73, 78, 76, 78, 76, 78, 74, 75,
    76 ]
