%YAML:1.0
---
videoName: "headShake27.mp4"
gestureLabel: 201
fps: 29
pixelSizeInCmTemp: 3.3263888888888887e-01
faceCenterPointX: 244
faceCenterPointY: 78
headPositionsX: [ 246, 244, 244, 248, 252, 253, 255, 252, 256, 257, 257,
    256, 252, 255, 255, 250, 246, 246, 242, 241, 242, 236, 239, 234, 236,
    233, 233, 234, 229, 232, 234, 234, 233, 233, 237, 240, 241, 244, 244,
    247, 249, 247, 250, 248, 251, 252, 248, 250, 247, 246, 248, 243, 244,
    242, 236, 235, 234, 235, 232, 231, 231, 235, 232, 232, 233, 234, 234,
    237, 243, 238, 241, 245, 243, 244, 250, 249, 247, 247, 249, 248, 246,
    249, 245, 246, 244, 248, 246, 247, 247, 243, 243, 244, 243, 245, 243,
    242, 244, 245, 244, 243 ]
headPositionsY: [ 77, 78, 75, 79, 79, 74, 75, 74, 77, 74, 78, 76, 74, 78,
    77, 76, 81, 78, 78, 78, 80, 76, 79, 78, 77, 80, 79, 77, 77, 77, 79,
    80, 80, 80, 79, 81, 77, 78, 81, 77, 81, 79, 79, 77, 82, 78, 79, 79,
    78, 80, 78, 77, 79, 81, 80, 80, 78, 77, 78, 77, 76, 78, 81, 79, 78,
    81, 79, 80, 81, 80, 81, 80, 78, 81, 77, 78, 78, 82, 78, 80, 77, 81,
    79, 81, 79, 80, 81, 81, 79, 78, 80, 77, 78, 80, 79, 79, 79, 80, 79,
    79 ]
