%YAML:1.0
---
videoName: "headShake6.mp4"
gestureLabel: 201
fps: 29
pixelSizeInCmTemp: 3.2808219178082193e-01
faceCenterPointX: 244
faceCenterPointY: 68
headPositionsX: [ 245, 247, 247, 245, 243, 246, 244, 243, 246, 245, 247,
    245, 246, 245, 244, 247, 243, 247, 245, 246, 245, 244, 243, 244, 245,
    245, 247, 249, 247, 253, 258, 256, 262, 260, 263, 262, 257, 253, 248,
    243, 234, 231, 230, 231, 233, 239, 242, 247, 254, 255, 256, 259, 257,
    256, 250, 243, 236, 236, 229, 230, 233, 234, 238, 242, 246, 248, 251,
    250, 251, 249, 247, 245, 240, 242, 236, 241, 240, 238, 240, 239, 243,
    243, 245, 242, 245, 246, 245, 243, 244, 246, 245, 246, 243, 243, 243,
    242, 243, 244, 243, 245 ]
headPositionsY: [ 66, 67, 65, 67, 66, 66, 68, 68, 65, 64, 67, 68, 64, 64,
    67, 64, 67, 66, 65, 68, 66, 68, 69, 68, 66, 65, 65, 69, 67, 67, 65,
    64, 65, 65, 69, 65, 65, 69, 69, 70, 69, 69, 70, 65, 69, 69, 67, 69,
    69, 69, 67, 69, 68, 66, 70, 71, 66, 65, 68, 68, 70, 67, 70, 69, 66,
    69, 66, 70, 68, 66, 68, 70, 68, 70, 65, 66, 68, 66, 69, 67, 70, 66,
    67, 66, 68, 67, 71, 69, 68, 67, 69, 70, 66, 69, 66, 69, 68, 70, 67,
    66 ]
