%YAML:1.0
---
videoName: "headShake47.mp4"
gestureLabel: 201
fps: 29
pixelSizeInCmTemp: 3.2364864864864862e-01
faceCenterPointX: 258
faceCenterPointY: 86
headPositionsX: [ 257, 260, 260, 258, 259, 259, 261, 261, 259, 259, 262,
    259, 258, 261, 260, 261, 260, 261, 259, 263, 260, 263, 257, 261, 258,
    258, 260, 262, 260, 261, 261, 261, 260, 257, 256, 254, 251, 253, 251,
    248, 251, 251, 252, 253, 263, 263, 268, 269, 263, 262, 259, 257, 254,
    251, 254, 257, 262, 262, 268, 265, 260, 256, 253, 251, 251, 252, 258,
    263, 264, 262, 265, 258, 255, 254, 255, 253, 255, 257, 260, 264, 262,
    263, 261, 254, 253, 256, 256, 257, 256, 257, 255, 259, 258, 259, 260,
    257, 255, 257, 256, 259 ]
headPositionsY: [ 86, 87, 86, 85, 85, 86, 86, 82, 85, 86, 85, 84, 85, 83,
    82, 83, 82, 86, 83, 87, 83, 87, 87, 85, 86, 84, 86, 83, 87, 86, 83,
    87, 84, 84, 87, 86, 84, 86, 84, 83, 86, 85, 85, 88, 90, 90, 87, 89,
    88, 87, 87, 89, 90, 89, 89, 90, 88, 88, 90, 87, 89, 86, 86, 85, 85,
    86, 85, 85, 86, 87, 87, 88, 87, 89, 84, 85, 84, 88, 85, 86, 87, 87,
    87, 87, 88, 87, 86, 88, 84, 84, 87, 88, 88, 89, 84, 85, 86, 87, 84,
    86 ]
