%YAML:1.0
---
videoName: "headShake9.mp4"
gestureLabel: 201
fps: 30
pixelSizeInCmTemp: 3.2808219178082193e-01
faceCenterPointX: 243
faceCenterPointY: 73
headPositionsX: [ 241, 246, 242, 244, 242, 240, 245, 241, 243, 244, 243,
    241, 240, 241, 242, 243, 242, 244, 241, 242, 241, 244, 241, 241, 242,
    243, 242, 242, 245, 242, 243, 244, 242, 241, 241, 242, 241, 241, 245,
    245, 248, 252, 255, 257, 260, 261, 262, 265, 260, 257, 254, 246, 245,
    240, 231, 230, 229, 230, 234, 234, 239, 247, 253, 256, 259, 261, 262,
    259, 255, 252, 246, 238, 236, 230, 232, 226, 227, 232, 236, 238, 243,
    250, 249, 249, 249, 251, 251, 248, 248, 247, 248, 246, 245, 243, 245,
    243, 242, 243, 241, 245 ]
headPositionsY: [ 71, 70, 71, 72, 73, 74, 72, 70, 74, 71, 70, 73, 71, 74,
    71, 72, 73, 72, 72, 74, 70, 71, 74, 71, 71, 73, 70, 73, 74, 72, 74,
    74, 71, 74, 71, 72, 74, 71, 74, 71, 73, 70, 69, 70, 72, 69, 67, 69,
    72, 71, 73, 75, 73, 75, 73, 74, 74, 72, 72, 71, 75, 72, 71, 70, 68,
    68, 70, 73, 74, 74, 70, 73, 75, 74, 73, 73, 72, 70, 73, 75, 73, 75,
    72, 74, 72, 75, 70, 73, 72, 74, 71, 73, 74, 73, 71, 72, 71, 74, 76,
    74 ]
