%YAML:1.0
---
videoName: "headShake18.mp4"
gestureLabel: 201
fps: 30
pixelSizeInCmTemp: 3.2808219178082193e-01
faceCenterPointX: 240
faceCenterPointY: 77
headPositionsX: [ 241, 239, 242, 240, 244, 242, 243, 241, 243, 240, 240,
    240, 244, 243, 242, 240, 242, 243, 243, 240, 242, 242, 242, 239, 239,
    241, 239, 241, 242, 240, 241, 238, 239, 237, 237, 241, 242, 246, 249,
    250, 253, 254, 248, 252, 245, 245, 236, 234, 231, 230, 229, 229, 237,
    238, 244, 247, 248, 248, 250, 248, 245, 239, 238, 233, 234, 235, 236,
    236, 239, 240, 245, 241, 243, 247, 243, 240, 241, 237, 238, 234, 235,
    235, 238, 236, 238, 239, 242, 241, 243, 242, 240, 243, 243, 241, 240,
    241, 241, 242, 242, 240 ]
headPositionsY: [ 76, 75, 77, 77, 74, 73, 73, 75, 75, 75, 76, 75, 77, 75,
    76, 75, 77, 77, 77, 76, 73, 76, 77, 77, 78, 77, 75, 77, 78, 77, 78,
    73, 75, 75, 76, 76, 74, 78, 76, 76, 74, 73, 76, 78, 75, 79, 78, 76,
    75, 77, 75, 74, 77, 77, 74, 76, 78, 78, 76, 76, 75, 76, 79, 78, 75,
    76, 76, 76, 76, 76, 78, 79, 79, 79, 76, 77, 77, 77, 78, 74, 75, 78,
    78, 75, 76, 75, 78, 77, 76, 78, 80, 79, 76, 77, 79, 75, 78, 76, 79,
    78 ]
