%YAML:1.0
---
videoName: "headShake24.mp4"
gestureLabel: 201
fps: 29
pixelSizeInCmTemp: 3.2808219178082193e-01
faceCenterPointX: 240
faceCenterPointY: 78
headPositionsX: [ 239, 253, 251, 253, 252, 253, 254, 255, 252, 249, 248,
    247, 242, 241, 239, 236, 233, 231, 230, 231, 232, 229, 229, 231, 233,
    235, 234, 240, 243, 244, 243, 245, 248, 250, 252, 251, 251, 250, 246,
    246, 243, 242, 239, 240, 237, 234, 237, 236, 232, 235, 237, 234, 234,
    238, 239, 242, 242, 242, 243, 246, 246, 245, 248, 248, 246, 249, 248,
    247, 247, 244, 246, 245, 243, 240, 243, 241, 237, 240, 237, 241, 236,
    241, 238, 241, 239, 240, 238, 239, 241, 240, 242, 241, 239, 242, 239,
    237, 238, 239, 242, 242 ]
headPositionsY: [ 79, 74, 78, 77, 77, 75, 73, 76, 75, 78, 78, 76, 79, 77,
    78, 75, 79, 75, 78, 76, 79, 79, 77, 78, 79, 78, 76, 77, 77, 79, 78,
    76, 76, 76, 80, 80, 77, 78, 78, 79, 77, 77, 78, 77, 78, 76, 79, 79,
    78, 78, 79, 77, 78, 78, 78, 78, 76, 77, 80, 77, 80, 79, 76, 75, 76,
    74, 77, 75, 77, 76, 77, 79, 76, 76, 77, 75, 76, 75, 75, 76, 78, 76,
    77, 78, 79, 79, 78, 80, 76, 77, 78, 76, 77, 80, 79, 79, 80, 76, 78,
    76 ]
