%YAML:1.0
---
videoName: "headShake23.mp4"
gestureLabel: 201
fps: 29
pixelSizeInCmTemp: 3.2808219178082193e-01
faceCenterPointX: 240
faceCenterPointY: 77
headPositionsX: [ 239, 244, 241, 240, 240, 242, 241, 242, 242, 241, 240,
    241, 240, 241, 240, 239, 242, 238, 238, 237, 239, 240, 243, 248, 247,
    250, 250, 255, 252, 254, 253, 256, 251, 252, 250, 245, 243, 237, 237,
    233, 233, 229, 228, 229, 228, 228, 230, 232, 237, 240, 242, 245, 246,
    249, 253, 252, 253, 251, 250, 253, 248, 249, 248, 245, 240, 242, 239,
    239, 237, 234, 233, 236, 234, 236, 235, 233, 233, 237, 237, 239, 238,
    241, 242, 243, 245, 241, 242, 243, 243, 244, 244, 243, 243, 245, 241,
    243, 241, 244, 240, 242 ]
headPositionsY: [ 77, 76, 79, 77, 78, 76, 76, 79, 76, 76, 75, 79, 76, 79,
    78, 77, 78, 79, 78, 78, 79, 74, 76, 75, 79, 74, 75, 79, 75, 77, 78,
    74, 78, 78, 76, 79, 78, 75, 79, 78, 76, 78, 74, 77, 75, 75, 76, 78,
    80, 76, 78, 76, 75, 77, 76, 76, 76, 74, 77, 77, 77, 78, 81, 77, 80,
    77, 79, 79, 79, 76, 79, 76, 78, 76, 77, 75, 76, 80, 79, 78, 78, 80,
    76, 76, 78, 78, 75, 77, 78, 75, 78, 77, 80, 75, 76, 76, 78, 76, 75,
    75 ]
