%YAML:1.0
---
videoName: "headShake3.mp4"
gestureLabel: 201
fps: 30
pixelSizeInCmTemp: 3.3263888888888887e-01
faceCenterPointX: 240
faceCenterPointY: 101
headPositionsX: [ 238, 240, 239, 240, 244, 241, 244, 240, 240, 240, 239,
    243, 239, 239, 240, 242, 240, 240, 239, 243, 241, 243, 243, 243, 242,
    239, 242, 241, 240, 239, 237, 237, 240, 241, 246, 250, 255, 255, 258,
    256, 256, 251, 248, 241, 237, 233, 229, 230, 230, 233, 233, 237, 243,
    246, 250, 250, 250, 244, 242, 237, 234, 229, 224, 225, 223, 229, 231,
    232, 237, 243, 243, 245, 243, 244, 246, 241, 242, 238, 234, 233, 233,
    233, 232, 235, 234, 235, 236, 237, 240, 237, 240, 241, 240, 240, 238,
    243, 241, 240, 241, 241 ]
headPositionsY: [ 103, 101, 100, 100, 100, 96, 101, 97, 100, 98, 98, 100,
    98, 98, 97, 100, 100, 101, 97, 98, 97, 99, 101, 98, 99, 99, 98, 98,
    97, 101, 97, 99, 98, 99, 97, 96, 95, 97, 97, 98, 100, 100, 99, 99,
    99, 100, 99, 98, 100, 97, 96, 98, 100, 100, 99, 100, 99, 100, 98, 97,
    99, 96, 100, 96, 99, 98, 99, 99, 97, 97, 100, 98, 98, 101, 102, 100,
    100, 98, 98, 100, 101, 101, 100, 99, 98, 98, 99, 100, 101, 100, 100,
    98, 102, 101, 103, 103, 103, 102, 103, 100 ]
