%YAML:1.0
---
videoName: "headShake1.mp4"
gestureLabel: 201
fps: 29
pixelSizeInCmTemp: 3.3263888888888887e-01
faceCenterPointX: 279
faceCenterPointY: 98
headPositionsX: [ 277, 277, 277, 278, 279, 279, 280, 281, 277, 277, 277,
    279, 280, 279, 277, 278, 280, 280, 280, 277, 280, 280, 278, 278, 281,
    281, 279, 282, 280, 282, 284, 289, 288, 290, 292, 291, 291, 290, 287,
    284, 278, 275, 271, 270, 267, 268, 272, 275, 282, 285, 287, 292, 293,
    289, 288, 288, 283, 279, 276, 268, 266, 264, 266, 271, 271, 277, 281,
    286, 292, 294, 292, 292, 289, 286, 285, 280, 276, 275, 270, 270, 270,
    271, 271, 274, 275, 276, 273, 277, 279, 280, 281, 279, 280, 278, 278,
    280, 281, 280, 278, 279 ]
headPositionsY: [ 96, 98, 97, 96, 97, 98, 96, 98, 99, 99, 97, 96, 98, 99,
    97, 98, 98, 98, 99, 99, 95, 98, 96, 95, 97, 96, 99, 95, 96, 96, 99,
    98, 95, 94, 97, 97, 94, 94, 96, 95, 99, 98, 97, 96, 97, 99, 95, 97,
    98, 96, 94, 93, 95, 96, 93, 94, 95, 96, 99, 96, 97, 98, 95, 95, 96,
    98, 95, 97, 96, 95, 96, 95, 97, 95, 95, 96, 97, 98, 94, 99, 95, 95,
    98, 99, 99, 100, 98, 100, 97, 98, 99, 96, 97, 97, 99, 100, 99, 97,
    98, 99 ]
