%YAML:1.0
---
videoName: "headShake38.mp4"
gestureLabel: 201
fps: 29
pixelSizeInCmTemp: 3.2808219178082193e-01
faceCenterPointX: 259
faceCenterPointY: 84
headPositionsX: [ 257, 262, 263, 263, 263, 261, 262, 262, 264, 264, 265,
    261, 264, 264, 261, 262, 262, 266, 262, 263, 262, 261, 263, 261, 264,
    262, 264, 262, 262, 263, 265, 263, 262, 265, 263, 262, 261, 263, 261,
    260, 261, 261, 257, 257, 255, 249, 250, 245, 246, 252, 258, 266, 271,
    275, 276, 272, 268, 262, 255, 249, 250, 249, 256, 262, 265, 272, 272,
    271, 266, 261, 255, 250, 247, 246, 250, 256, 259, 263, 265, 266, 269,
    268, 268, 265, 267, 264, 264, 263, 260, 260, 260, 259, 260, 258, 261,
    259, 259, 262, 260, 258 ]
headPositionsY: [ 84, 81, 85, 84, 82, 81, 82, 81, 85, 81, 85, 81, 84, 81,
    81, 81, 82, 82, 85, 84, 85, 84, 83, 81, 84, 83, 82, 85, 82, 85, 83,
    83, 82, 83, 85, 82, 83, 86, 82, 83, 81, 82, 84, 83, 81, 83, 83, 82,
    84, 83, 83, 83, 83, 83, 85, 84, 86, 83, 83, 82, 86, 84, 82, 85, 85,
    85, 86, 83, 86, 85, 82, 80, 85, 82, 82, 85, 85, 86, 85, 85, 85, 87,
    86, 87, 83, 84, 86, 86, 83, 84, 82, 82, 85, 82, 83, 83, 82, 85, 86,
    83 ]
