%YAML:1.0
---
videoName: "headShake16.mp4"
gestureLabel: 201
fps: 29
pixelSizeInCmTemp: 3.2364864864864862e-01
faceCenterPointX: 242
faceCenterPointY: 77
headPositionsX: [ 241, 243, 245, 242, 243, 245, 243, 244, 242, 245, 245,
    243, 243, 244, 245, 245, 241, 244, 241, 245, 242, 242, 245, 244, 242,
    241, 242, 241, 244, 245, 244, 243, 241, 243, 241, 242, 242, 243, 247,
    246, 252, 254, 255, 253, 253, 249, 250, 242, 242, 238, 237, 236, 234,
    239, 238, 243, 246, 249, 250, 248, 250, 247, 247, 241, 242, 238, 234,
    235, 232, 237, 237, 236, 235, 241, 240, 242, 245, 245, 246, 241, 243,
    241, 241, 242, 240, 240, 239, 237, 241, 241, 241, 243, 243, 244, 241,
    242, 241, 240, 240, 242 ]
headPositionsY: [ 77, 75, 78, 74, 76, 74, 75, 77, 76, 76, 76, 74, 75, 76,
    76, 76, 74, 75, 74, 74, 75, 75, 76, 76, 74, 75, 73, 76, 75, 75, 73,
    76, 74, 78, 73, 74, 75, 79, 76, 74, 78, 74, 75, 75, 76, 73, 77, 75,
    75, 75, 78, 75, 74, 75, 77, 76, 78, 76, 78, 76, 77, 76, 79, 75, 79,
    79, 74, 76, 78, 78, 77, 77, 75, 79, 79, 76, 74, 78, 75, 77, 80, 75,
    78, 75, 78, 78, 77, 74, 79, 78, 74, 74, 78, 78, 76, 74, 78, 78, 78,
    76 ]
