%YAML:1.0
---
videoName: "headShake28.mp4"
gestureLabel: 201
fps: 29
pixelSizeInCmTemp: 3.2808219178082193e-01
faceCenterPointX: 242
faceCenterPointY: 80
headPositionsX: [ 240, 241, 244, 242, 243, 243, 241, 242, 240, 243, 243,
    240, 239, 241, 241, 241, 243, 240, 240, 240, 241, 239, 239, 240, 241,
    244, 243, 240, 244, 243, 242, 240, 241, 242, 244, 244, 243, 242, 244,
    245, 241, 242, 244, 244, 242, 242, 246, 245, 246, 245, 239, 235, 234,
    227, 231, 232, 239, 243, 251, 253, 255, 256, 252, 250, 244, 240, 238,
    232, 230, 233, 238, 242, 250, 251, 250, 256, 255, 253, 249, 247, 240,
    239, 236, 238, 236, 235, 238, 239, 241, 242, 241, 241, 241, 244, 240,
    240, 244, 244, 240, 240 ]
headPositionsY: [ 80, 75, 75, 78, 79, 78, 79, 77, 78, 77, 77, 77, 78, 80,
    81, 77, 78, 76, 77, 78, 81, 79, 78, 78, 79, 77, 79, 81, 79, 77, 78,
    78, 77, 78, 78, 77, 76, 77, 75, 78, 80, 76, 77, 75, 78, 78, 80, 78,
    78, 75, 76, 78, 78, 76, 78, 75, 76, 76, 78, 79, 76, 76, 76, 77, 76,
    78, 77, 80, 80, 81, 77, 79, 79, 78, 77, 78, 76, 80, 77, 78, 76, 78,
    81, 78, 76, 78, 78, 78, 78, 80, 80, 78, 81, 78, 79, 82, 78, 78, 79,
    82 ]
