%YAML:1.0
---
videoName: "headShake2.mp4"
gestureLabel: 201
fps: 29
pixelSizeInCmTemp: 3.4214285714285714e-01
faceCenterPointX: 276
faceCenterPointY: 98
headPositionsX: [ 274, 278, 279, 277, 277, 277, 276, 277, 279, 275, 278,
    278, 275, 276, 279, 276, 275, 276, 279, 277, 275, 277, 277, 276, 278,
    277, 278, 275, 276, 277, 276, 276, 278, 276, 276, 275, 276, 276, 279,
    278, 276, 277, 281, 283, 285, 287, 294, 292, 293, 295, 291, 287, 281,
    279, 275, 268, 266, 265, 265, 265, 274, 276, 281, 290, 291, 288, 292,
    284, 281, 281, 275, 272, 267, 270, 266, 272, 275, 280, 285, 288, 289,
    285, 286, 282, 281, 279, 278, 277, 279, 274, 276, 277, 276, 275, 272,
    275, 277, 274, 274, 278 ]
headPositionsY: [ 99, 99, 98, 97, 96, 96, 97, 99, 99, 98, 99, 98, 98, 96,
    96, 97, 98, 100, 100, 97, 97, 100, 98, 97, 101, 100, 101, 97, 102,
    99, 96, 98, 97, 99, 101, 98, 96, 100, 100, 98, 97, 97, 98, 97, 95,
    96, 96, 96, 97, 97, 98, 96, 97, 100, 100, 95, 100, 96, 97, 95, 96,
    96, 98, 98, 98, 95, 96, 98, 95, 99, 98, 98, 99, 98, 96, 97, 97, 99,
    99, 98, 98, 97, 100, 100, 100, 98, 98, 97, 101, 98, 100, 97, 99, 101,
    100, 99, 100, 101, 100, 101 ]
