%YAML:1.0
---
videoName: "headShake22.mp4"
gestureLabel: 201
fps: 29
pixelSizeInCmTemp: 3.2364864864864862e-01
faceCenterPointX: 241
faceCenterPointY: 79
headPositionsX: [ 242, 242, 241, 241, 243, 239, 245, 242, 241, 242, 244,
    243, 243, 244, 244, 240, 240, 241, 242, 241, 244, 244, 241, 242, 243,
    240, 243, 240, 243, 244, 241, 243, 242, 244, 242, 242, 241, 241, 242,
    242, 244, 241, 244, 240, 242, 242, 241, 243, 240, 240, 241, 242, 240,
    244, 241, 241, 244, 244, 244, 241, 244, 240, 243, 243, 239, 241, 241,
    242, 243, 248, 249, 252, 254, 254, 255, 251, 247, 243, 238, 236, 238,
    237, 241, 241, 245, 248, 248, 247, 245, 245, 239, 242, 242, 242, 238,
    241, 240, 238, 238, 243 ]
headPositionsY: [ 78, 77, 74, 77, 78, 76, 77, 77, 76, 76, 74, 78, 77, 77,
    78, 77, 76, 77, 77, 76, 76, 77, 78, 75, 76, 76, 78, 79, 78, 76, 77,
    76, 78, 76, 78, 76, 78, 76, 77, 75, 80, 76, 74, 77, 75, 75, 79, 77,
    75, 76, 74, 74, 79, 77, 77, 76, 75, 77, 77, 75, 75, 76, 75, 77, 75,
    74, 74, 78, 77, 77, 77, 73, 76, 73, 77, 74, 78, 76, 75, 79, 78, 77,
    78, 77, 78, 78, 77, 79, 77, 79, 77, 77, 81, 78, 79, 78, 77, 76, 80,
    80 ]
