%YAML:1.0
---
videoName: "headShake25.mp4"
gestureLabel: 201
fps: 30
pixelSizeInCmTemp: 3.2364864864864862e-01
faceCenterPointX: 241
faceCenterPointY: 79
headPositionsX: [ 240, 255, 254, 253, 253, 250, 250, 249, 244, 243, 238,
    237, 237, 233, 233, 233, 229, 228, 230, 228, 230, 232, 233, 237, 241,
    242, 246, 246, 248, 247, 247, 249, 247, 249, 246, 245, 243, 240, 238,
    233, 235, 232, 232, 228, 230, 231, 231, 232, 231, 237, 241, 239, 242,
    245, 245, 250, 251, 248, 252, 250, 252, 250, 248, 246, 247, 241, 242,
    240, 236, 239, 236, 237, 233, 235, 236, 237, 236, 237, 234, 236, 240,
    237, 242, 240, 239, 244, 240, 242, 244, 240, 244, 240, 242, 241, 239,
    241, 241, 240, 242, 238 ]
headPositionsY: [ 79, 78, 78, 76, 77, 78, 78, 77, 77, 79, 76, 77, 77, 76,
    75, 77, 79, 80, 78, 80, 76, 78, 78, 80, 77, 77, 77, 79, 81, 77, 76,
    76, 78, 78, 80, 80, 79, 78, 78, 79, 78, 77, 78, 76, 79, 76, 77, 78,
    77, 81, 78, 80, 77, 78, 78, 77, 80, 79, 76, 78, 80, 78, 81, 80, 80,
    79, 80, 78, 77, 80, 80, 77, 77, 78, 79, 76, 76, 80, 80, 80, 77, 80,
    77, 80, 80, 78, 76, 79, 80, 79, 78, 81, 77, 77, 78, 78, 77, 79, 78,
    80 ]
