%YAML:1.0
---
videoName: "headShake45.mp4"
gestureLabel: 201
fps: 30
pixelSizeInCmTemp: 3.3263888888888887e-01
faceCenterPointX: 262
faceCenterPointY: 84
headPositionsX: [ 262, 263, 264, 263, 262, 262, 265, 264, 265, 263, 260,
    264, 260, 265, 264, 264, 264, 262, 263, 261, 264, 263, 263, 262, 260,
    261, 259, 263, 261, 261, 261, 260, 260, 261, 262, 260, 262, 262, 259,
    259, 257, 256, 259, 267, 271, 277, 278, 284, 279, 279, 271, 268, 262,
    256, 255, 256, 258, 263, 269, 271, 272, 275, 271, 266, 266, 258, 255,
    256, 254, 259, 264, 268, 273, 269, 272, 269, 266, 261, 258, 258, 255,
    257, 262, 261, 264, 266, 263, 260, 261, 260, 259, 262, 263, 263, 261,
    262, 264, 262, 261, 261 ]
headPositionsY: [ 83, 81, 84, 82, 82, 81, 81, 82, 81, 84, 80, 81, 81, 82,
    81, 82, 81, 83, 81, 84, 81, 80, 84, 81, 82, 81, 83, 83, 81, 82, 80,
    81, 84, 83, 81, 80, 82, 83, 81, 80, 80, 81, 83, 80, 81, 83, 81, 78,
    82, 80, 83, 84, 82, 82, 83, 84, 85, 85, 81, 81, 80, 82, 80, 84, 81,
    81, 83, 82, 83, 82, 82, 84, 83, 80, 84, 83, 84, 86, 84, 80, 81, 82,
    85, 84, 83, 84, 82, 81, 85, 81, 83, 82, 84, 84, 81, 81, 82, 85, 81,
    85 ]
