%YAML:1.0
---
videoName: "headShake9.mp4"
gestureLabel: 201
fps: 30
pixelSizeInCmTemp: 3.2808219178082193e-01
faceCenterPointX: 243
faceCenterPointY: 73
headPositionsX: [ 243, 244, 243, 240, 243, 242, 243, 241, 243, 244, 241,
    245, 244, 244, 245, 245, 243, 242, 244, 241, 241, 241, 245, 244, 241,
    243, 242, 242, 242, 241, 240, 243, 241, 244, 243, 243, 244, 244, 244,
    243, 246, 250, 252, 258, 262, 260, 262, 266, 261, 256, 253, 247, 244,
    238, 235, 230, 226, 230, 232, 237, 240, 247, 254, 256, 259, 262, 261,
    257, 254, 252, 245, 238, 235, 229, 231, 230, 228, 235, 238, 240, 245,
    249, 250, 253, 250, 250, 252, 246, 250, 247, 245, 247, 243, 243, 245,
    245, 245, 245, 245, 242 ]
headPositionsY: [ 72, 72, 73, 71, 72, 71, 72, 70, 70, 73, 74, 71, 71, 72,
    74, 73, 72, 73, 73, 75, 71, 74, 72, 70, 73, 75, 72, 71, 71, 75, 74,
    74, 72, 74, 73, 74, 71, 73, 72, 71, 74, 70, 69, 69, 68, 69, 68, 72,
    70, 72, 74, 74, 71, 73, 74, 74, 73, 74, 74, 72, 74, 70, 69, 73, 67,
    70, 70, 69, 70, 70, 72, 74, 75, 73, 73, 70, 71, 70, 75, 71, 72, 75,
    72, 71, 72, 71, 72, 75, 74, 75, 72, 73, 76, 71, 75, 73, 73, 72, 73,
    71 ]
