%YAML:1.0
---
videoName: "headShake28.mp4"
gestureLabel: 201
fps: 29
pixelSizeInCmTemp: 3.2808219178082193e-01
faceCenterPointX: 242
faceCenterPointY: 80
headPositionsX: [ 240, 239, 244, 243, 239, 240, 241, 242, 241, 243, 243,
    238, 243, 240, 240, 241, 242, 243, 242, 240, 243, 241, 241, 241, 240,
    242, 240, 244, 240, 242, 242, 242, 242, 244, 244, 244, 245, 244, 244,
    244, 242, 242, 243, 245, 246, 243, 245, 243, 246, 242, 237, 235, 232,
    231, 229, 233, 239, 245, 247, 252, 257, 254, 251, 248, 248, 240, 237,
    235, 232, 236, 240, 244, 250, 253, 250, 255, 253, 253, 250, 244, 244,
    238, 236, 238, 237, 236, 238, 241, 240, 242, 244, 244, 242, 244, 242,
    243, 243, 242, 242, 244 ]
headPositionsY: [ 79, 78, 75, 77, 77, 76, 76, 79, 75, 78, 81, 77, 77, 81,
    78, 79, 81, 78, 81, 80, 80, 76, 80, 80, 78, 79, 78, 80, 77, 80, 78,
    76, 81, 76, 78, 77, 80, 76, 75, 76, 76, 76, 77, 76, 79, 80, 78, 76,
    76, 76, 78, 76, 76, 76, 79, 77, 77, 78, 80, 78, 78, 76, 77, 76, 80,
    81, 80, 80, 79, 79, 76, 78, 78, 81, 74, 79, 79, 77, 79, 79, 79, 79,
    77, 82, 80, 80, 80, 77, 79, 78, 78, 82, 80, 82, 81, 82, 78, 78, 78,
    80 ]
