%YAML:1.0
---
videoName: "headShake6.mp4"
gestureLabel: 201
fps: 29
pixelSizeInCmTemp: 3.2808219178082193e-01
faceCenterPointX: 244
faceCenterPointY: 68
headPositionsX: [ 244, 246, 243, 246, 244, 247, 244, 245, 248, 243, 247,
    246, 244, 247, 244, 246, 243, 247, 245, 246, 245, 247, 247, 246, 244,
    245, 246, 245, 247, 255, 254, 259, 261, 263, 262, 262, 259, 254, 248,
    241, 235, 234, 228, 232, 234, 241, 241, 249, 253, 257, 260, 260, 254,
    254, 250, 245, 237, 236, 233, 230, 234, 236, 239, 243, 246, 248, 251,
    250, 249, 251, 245, 241, 244, 241, 238, 241, 238, 239, 238, 242, 239,
    241, 241, 245, 246, 246, 244, 246, 246, 244, 241, 244, 243, 243, 246,
    243, 245, 245, 243, 246 ]
headPositionsY: [ 69, 66, 64, 65, 65, 67, 64, 68, 68, 66, 67, 69, 65, 64,
    68, 67, 67, 68, 67, 66, 66, 66, 66, 68, 68, 67, 68, 67, 68, 68, 65,
    63, 67, 66, 67, 64, 66, 70, 66, 69, 70, 65, 67, 69, 70, 70, 67, 71,
    66, 67, 67, 69, 69, 68, 70, 67, 67, 66, 70, 66, 68, 66, 66, 69, 67,
    69, 69, 68, 65, 68, 66, 70, 68, 68, 69, 68, 67, 65, 66, 67, 70, 66,
    70, 66, 68, 67, 67, 68, 70, 68, 69, 68, 68, 71, 70, 69, 69, 70, 66,
    70 ]
