%YAML:1.0
---
videoName: "headShake1.mp4"
gestureLabel: 201
fps: 29
pixelSizeInCmTemp: 3.3263888888888887e-01
faceCenterPointX: 279
faceCenterPointY: 98
headPositionsX: [ 279, 278, 279, 278, 279, 282, 277, 280, 281, 280, 280,
    280, 279, 277, 280, 281, 280, 277, 277, 277, 278, 281, 280, 278, 280,
    278, 278, 281, 283, 281, 285, 289, 290, 293, 293, 292, 293, 289, 286,
    282, 279, 275, 274, 270, 268, 270, 272, 275, 279, 284, 286, 291, 292,
    291, 288, 285, 284, 278, 275, 268, 269, 268, 266, 267, 273, 278, 285,
    286, 290, 293, 292, 293, 292, 287, 282, 283, 279, 274, 271, 270, 267,
    274, 272, 273, 271, 273, 273, 279, 279, 277, 280, 280, 280, 280, 280,
    279, 279, 279, 280, 278 ]
headPositionsY: [ 100, 99, 98, 96, 97, 98, 95, 98, 97, 99, 99, 99, 95,
    96, 96, 97, 99, 97, 98, 97, 97, 100, 95, 98, 100, 97, 99, 99, 95, 96,
    99, 97, 96, 96, 95, 95, 95, 96, 96, 98, 96, 99, 97, 96, 94, 99, 95,
    97, 98, 96, 96, 95, 96, 98, 95, 94, 99, 99, 98, 97, 96, 98, 95, 95,
    99, 96, 97, 97, 96, 97, 96, 93, 97, 96, 95, 100, 96, 99, 95, 95, 97,
    98, 95, 97, 100, 100, 99, 96, 96, 95, 99, 99, 99, 97, 100, 99, 100,
    98, 95, 96 ]
