%YAML:1.0
---
videoName: "headShake25.mp4"
gestureLabel: 201
fps: 30
pixelSizeInCmTemp: 3.2364864864864862e-01
faceCenterPointX: 241
faceCenterPointY: 79
headPositionsX: [ 243, 256, 254, 251, 250, 252, 248, 250, 248, 244, 242,
    236, 234, 234, 233, 230, 230, 228, 230, 231, 229, 230, 233, 237, 239,
    240, 246, 247, 250, 249, 250, 247, 250, 248, 246, 243, 242, 242, 236,
    234, 231, 231, 233, 229, 231, 230, 231, 234, 231, 239, 240, 243, 245,
    246, 246, 247, 252, 251, 249, 251, 250, 249, 247, 248, 247, 245, 240,
    239, 239, 239, 232, 233, 234, 235, 236, 234, 238, 237, 235, 239, 237,
    239, 241, 239, 239, 242, 244, 241, 243, 241, 240, 240, 244, 240, 242,
    242, 242, 242, 240, 240 ]
headPositionsY: [ 81, 76, 76, 75, 76, 76, 79, 77, 79, 78, 79, 78, 80, 76,
    78, 77, 78, 77, 80, 78, 80, 77, 79, 80, 76, 79, 77, 79, 79, 79, 79,
    77, 80, 79, 81, 79, 79, 79, 80, 80, 77, 80, 80, 80, 79, 80, 79, 78,
    80, 81, 81, 76, 80, 78, 78, 78, 82, 76, 78, 78, 81, 76, 81, 79, 77,
    80, 81, 78, 79, 77, 80, 76, 76, 79, 80, 77, 79, 76, 80, 77, 79, 80,
    80, 76, 78, 81, 79, 80, 81, 80, 79, 77, 77, 80, 80, 79, 77, 77, 77,
    80 ]
