%YAML:1.0
---
videoName: "headShake8.mp4"
gestureLabel: 201
fps: 29
pixelSizeInCmTemp: 3.2364864864864862e-01
faceCenterPointX: 243
faceCenterPointY: 72
headPositionsX: [ 244, 244, 244, 245, 244, 243, 244, 246, 244, 246, 241,
    244, 241, 242, 244, 243, 242, 241, 245, 242, 242, 246, 243, 246, 241,
    246, 241, 242, 242, 243, 243, 246, 242, 246, 248, 251, 252, 254, 261,
    265, 263, 263, 262, 263, 257, 251, 246, 238, 233, 232, 230, 231, 230,
    239, 242, 247, 252, 257, 258, 257, 256, 255, 250, 246, 241, 238, 236,
    235, 237, 236, 235, 237, 238, 241, 245, 243, 246, 248, 249, 249, 250,
    250, 250, 249, 248, 250, 249, 248, 246, 243, 243, 243, 244, 241, 244,
    242, 242, 241, 244, 244 ]
headPositionsY: [ 74, 73, 73, 70, 72, 74, 74, 70, 73, 74, 70, 71, 70, 74,
    71, 69, 72, 73, 73, 71, 74, 71, 72, 74, 72, 72, 69, 71, 71, 74, 73,
    71, 73, 73, 73, 69, 69, 71, 71, 69, 67, 70, 72, 72, 72, 70, 74, 69,
    69, 71, 73, 71, 70, 73, 71, 72, 71, 70, 67, 72, 71, 70, 70, 69, 74,
    70, 71, 70, 74, 71, 70, 74, 73, 74, 73, 73, 75, 69, 72, 70, 74, 70,
    71, 72, 70, 72, 72, 74, 69, 72, 71, 70, 71, 71, 73, 71, 73, 71, 70,
    72 ]
