%YAML:1.0
---
videoName: "headShake46.mp4"
gestureLabel: 201
fps: 30
pixelSizeInCmTemp: 3.2364864864864862e-01
faceCenterPointX: 262
faceCenterPointY: 85
headPositionsX: [ 262, 262, 263, 259, 259, 261, 260, 261, 261, 261, 260,
    263, 259, 262, 263, 258, 261, 261, 262, 261, 263, 260, 262, 262, 261,
    259, 259, 257, 261, 262, 262, 266, 273, 276, 279, 277, 278, 271, 266,
    258, 255, 252, 251, 254, 255, 264, 268, 269, 270, 268, 265, 257, 252,
    253, 253, 261, 264, 265, 268, 266, 268, 261, 257, 255, 258, 258, 265,
    267, 271, 267, 268, 266, 265, 259, 257, 261, 263, 265, 266, 264, 266,
    263, 262, 263, 258, 259, 260, 259, 262, 261, 262, 258, 261, 260, 259,
    264, 262, 261, 263, 259 ]
headPositionsY: [ 86, 84, 82, 86, 82, 86, 83, 82, 83, 83, 83, 84, 85, 86,
    83, 82, 83, 83, 83, 82, 84, 85, 85, 83, 85, 84, 86, 83, 84, 84, 83,
    81, 83, 80, 80, 80, 81, 82, 87, 83, 83, 83, 87, 83, 86, 87, 84, 82,
    85, 85, 85, 82, 86, 86, 83, 87, 85, 84, 82, 83, 86, 85, 84, 87, 83,
    86, 84, 85, 87, 84, 86, 85, 87, 84, 86, 84, 85, 85, 84, 85, 87, 85,
    85, 83, 86, 87, 83, 87, 83, 83, 86, 83, 84, 83, 85, 86, 84, 86, 85,
    86 ]
