%YAML:1.0
---
videoName: "headShake8.mp4"
gestureLabel: 201
fps: 29
pixelSizeInCmTemp: 3.2364864864864862e-01
faceCenterPointX: 243
faceCenterPointY: 72
headPositionsX: [ 242, 241, 246, 245, 242, 246, 243, 245, 243, 244, 242,
    243, 242, 244, 242, 243, 244, 242, 245, 245, 243, 245, 244, 242, 245,
    246, 243, 241, 242, 244, 242, 246, 245, 243, 244, 247, 252, 257, 263,
    265, 266, 265, 265, 263, 255, 250, 244, 239, 235, 233, 231, 232, 233,
    237, 243, 249, 253, 258, 257, 258, 256, 252, 249, 248, 244, 239, 237,
    233, 233, 232, 235, 236, 241, 238, 243, 244, 248, 247, 248, 248, 250,
    248, 248, 249, 247, 250, 248, 247, 248, 245, 245, 245, 242, 244, 245,
    242, 245, 244, 242, 241 ]
headPositionsY: [ 72, 72, 72, 71, 70, 73, 71, 72, 71, 72, 73, 71, 70, 72,
    70, 69, 70, 69, 72, 72, 70, 73, 72, 73, 72, 73, 70, 71, 72, 70, 69,
    73, 71, 73, 71, 72, 68, 68, 71, 68, 71, 69, 71, 73, 73, 72, 74, 71,
    73, 72, 70, 73, 73, 71, 72, 69, 72, 70, 70, 69, 68, 72, 71, 72, 70,
    72, 71, 71, 74, 70, 71, 70, 74, 71, 71, 71, 72, 71, 71, 70, 71, 71,
    70, 71, 72, 74, 73, 72, 73, 69, 72, 73, 70, 71, 72, 72, 74, 70, 72,
    72 ]
