%YAML:1.0
---
videoName: "headShake16.mp4"
gestureLabel: 201
fps: 29
pixelSizeInCmTemp: 3.2364864864864862e-01
faceCenterPointX: 242
faceCenterPointY: 77
headPositionsX: [ 241, 242, 245, 245, 243, 244, 245, 241, 245, 245, 244,
    244, 241, 242, 246, 243, 241, 243, 243, 242, 241, 241, 245, 243, 244,
    241, 242, 242, 243, 244, 243, 241, 243, 241, 239, 243, 242, 244, 248,
    248, 251, 252, 257, 255, 254, 248, 250, 244, 241, 240, 237, 232, 235,
    239, 241, 243, 245, 246, 247, 249, 249, 247, 247, 242, 240, 239, 237,
    237, 234, 233, 234, 238, 238, 242, 243, 241, 242, 245, 244, 244, 241,
    239, 240, 238, 240, 237, 238, 237, 241, 238, 241, 242, 241, 241, 243,
    243, 243, 244, 241, 242 ]
headPositionsY: [ 78, 73, 74, 76, 75, 78, 75, 75, 74, 78, 77, 74, 76, 77,
    78, 74, 74, 76, 74, 76, 75, 75, 77, 77, 75, 77, 76, 75, 73, 78, 75,
    77, 74, 77, 75, 78, 76, 76, 77, 76, 78, 75, 76, 77, 73, 73, 76, 78,
    77, 77, 75, 76, 75, 77, 77, 78, 75, 75, 76, 77, 74, 77, 77, 75, 75,
    77, 77, 75, 76, 75, 76, 79, 76, 78, 75, 75, 77, 78, 77, 75, 78, 79,
    79, 77, 77, 74, 77, 77, 77, 77, 76, 78, 75, 75, 79, 78, 78, 76, 77,
    78 ]
