%YAML:1.0
---
videoName: "headShake38.mp4"
gestureLabel: 201
fps: 29
pixelSizeInCmTemp: 3.2808219178082193e-01
faceCenterPointX: 259
faceCenterPointY: 84
headPositionsX: [ 257, 265, 264, 261, 264, 264, 265, 262, 262, 260, 265,
    263, 263, 265, 264, 265, 261, 263, 261, 261, 262, 262, 261, 262, 261,
    265, 263, 264, 261, 263, 262, 260, 265, 262, 261, 261, 264, 262, 262,
    262, 261, 263, 260, 254, 254, 251, 247, 249, 249, 254, 259, 268, 273,
    277, 280, 272, 271, 261, 254, 252, 246, 249, 254, 262, 269, 272, 271,
    270, 267, 261, 251, 250, 247, 250, 248, 254, 258, 263, 268, 267, 270,
    268, 265, 266, 267, 263, 261, 260, 263, 262, 259, 262, 259, 262, 263,
    261, 261, 260, 258, 258 ]
headPositionsY: [ 84, 81, 82, 82, 83, 83, 82, 85, 82, 83, 81, 83, 84, 85,
    82, 85, 85, 82, 83, 83, 86, 82, 85, 84, 84, 83, 83, 81, 84, 85, 85,
    82, 83, 85, 83, 84, 82, 82, 83, 85, 85, 83, 83, 84, 85, 82, 81, 83,
    81, 84, 83, 86, 82, 80, 81, 80, 82, 86, 83, 84, 82, 83, 84, 86, 82,
    84, 83, 81, 85, 83, 82, 81, 86, 83, 82, 84, 83, 86, 82, 84, 85, 84,
    82, 83, 84, 85, 83, 84, 84, 82, 86, 85, 82, 86, 87, 84, 85, 83, 86,
    86 ]
