%YAML:1.0
---
videoName: "headShake8.mp4"
gestureLabel: 201
fps: 29
pixelSizeInCmTemp: 3.2364864864864862e-01
faceCenterPointX: 243
faceCenterPointY: 72
headPositionsX: [ 245, 243, 246, 244, 242, 244, 245, 242, 241, 246, 242,
    245, 242, 245, 243, 242, 241, 241, 245, 243, 245, 242, 242, 245, 245,
    243, 242, 244, 244, 245, 244, 246, 241, 246, 246, 247, 251, 254, 263,
    264, 266, 267, 264, 259, 256, 249, 245, 238, 234, 231, 232, 233, 234,
    239, 244, 247, 252, 257, 259, 259, 256, 255, 250, 245, 243, 237, 234,
    232, 234, 236, 233, 236, 237, 238, 242, 244, 247, 245, 249, 250, 249,
    251, 249, 248, 248, 249, 247, 245, 244, 244, 243, 245, 242, 244, 243,
    242, 245, 242, 243, 241 ]
headPositionsY: [ 70, 73, 71, 73, 70, 74, 72, 70, 71, 71, 73, 74, 71, 72,
    72, 69, 72, 70, 71, 72, 74, 70, 73, 74, 69, 72, 71, 69, 74, 72, 70,
    74, 71, 71, 71, 73, 69, 69, 70, 69, 69, 71, 72, 73, 73, 69, 70, 70,
    70, 71, 70, 69, 70, 69, 70, 70, 72, 72, 69, 72, 72, 72, 71, 72, 72,
    73, 70, 70, 71, 74, 71, 71, 71, 70, 74, 73, 74, 71, 69, 72, 73, 73,
    71, 70, 69, 72, 71, 73, 71, 69, 72, 73, 71, 70, 74, 70, 74, 74, 74,
    72 ]
