%YAML:1.0
---
videoName: "headShake37.mp4"
gestureLabel: 201
fps: 30
pixelSizeInCmTemp: 3.1933333333333330e-01
faceCenterPointX: 263
faceCenterPointY: 83
headPositionsX: [ 261, 258, 261, 262, 262, 263, 260, 263, 261, 262, 262,
    262, 260, 262, 263, 264, 263, 264, 262, 264, 261, 264, 263, 263, 263,
    259, 263, 260, 260, 260, 263, 262, 260, 261, 261, 261, 262, 264, 262,
    261, 261, 261, 262, 261, 262, 260, 261, 266, 268, 270, 276, 276, 278,
    282, 280, 275, 273, 266, 257, 254, 253, 253, 256, 259, 263, 267, 272,
    274, 274, 274, 267, 266, 263, 257, 255, 253, 255, 254, 258, 255, 258,
    263, 264, 263, 266, 266, 268, 264, 264, 266, 262, 266, 264, 265, 264,
    262, 264, 262, 263, 265 ]
headPositionsY: [ 85, 82, 81, 86, 84, 84, 83, 85, 85, 82, 85, 82, 85, 85,
    82, 85, 82, 80, 82, 85, 84, 81, 85, 81, 86, 81, 82, 83, 83, 84, 82,
    82, 84, 84, 83, 82, 84, 82, 82, 81, 82, 82, 81, 83, 84, 85, 85, 83,
    85, 84, 82, 79, 81, 78, 80, 81, 81, 83, 82, 84, 79, 82, 83, 82, 80,
    85, 80, 81, 83, 80, 84, 85, 84, 84, 83, 83, 82, 82, 82, 81, 82, 84,
    84, 81, 84, 83, 83, 82, 82, 83, 84, 84, 83, 83, 82, 82, 85, 84, 84,
    83 ]
