%YAML:1.0
---
videoName: "headShake49.mp4"
gestureLabel: 201
fps: 30
pixelSizeInCmTemp: 2.8855421686746985e-01
faceCenterPointX: 259
faceCenterPointY: 84
headPositionsX: [ 257, 263, 258, 262, 260, 260, 260, 262, 260, 258, 263,
    263, 259, 260, 258, 258, 261, 261, 261, 261, 262, 259, 260, 261, 262,
    258, 260, 258, 259, 260, 262, 260, 263, 263, 268, 273, 274, 278, 282,
    283, 281, 279, 270, 265, 257, 254, 246, 248, 249, 257, 263, 267, 272,
    274, 274, 267, 264, 257, 250, 249, 247, 251, 255, 260, 266, 270, 268,
    267, 266, 261, 254, 254, 256, 254, 257, 262, 267, 270, 269, 266, 265,
    264, 261, 258, 259, 257, 256, 257, 258, 262, 257, 260, 258, 261, 258,
    259, 259, 258, 261, 257 ]
headPositionsY: [ 85, 79, 82, 80, 83, 80, 79, 82, 82, 79, 82, 80, 82, 79,
    80, 78, 83, 79, 82, 79, 78, 81, 81, 79, 78, 80, 82, 80, 82, 80, 83,
    79, 79, 81, 83, 80, 78, 80, 77, 79, 82, 81, 82, 85, 84, 81, 84, 86,
    83, 84, 85, 83, 83, 81, 83, 86, 82, 85, 85, 83, 85, 85, 85, 83, 86,
    82, 84, 82, 84, 85, 83, 82, 86, 85, 83, 82, 85, 83, 82, 84, 85, 86,
    85, 83, 83, 83, 86, 83, 85, 87, 84, 85, 85, 83, 82, 84, 85, 86, 83,
    83 ]
