%YAML:1.0
---
videoName: "headShake7.mp4"
gestureLabel: 201
fps: 29
pixelSizeInCmTemp: 3.3263888888888887e-01
faceCenterPointX: 244
faceCenterPointY: 72
headPositionsX: [ 246, 245, 245, 243, 241, 242, 243, 242, 244, 244, 246,
    249, 252, 255, 255, 255, 262, 262, 260, 257, 250, 245, 242, 236, 235,
    231, 235, 240, 247, 251, 255, 256, 261, 256, 257, 250, 246, 236, 232,
    228, 225, 230, 228, 237, 238, 244, 249, 252, 253, 254, 254, 247, 246,
    244, 238, 232, 233, 230, 229, 234, 240, 244, 247, 254, 253, 257, 258,
    255, 253, 249, 246, 245, 240, 235, 236, 235, 235, 232, 237, 236, 237,
    241, 242, 247, 243, 245, 246, 246, 245, 246, 245, 243, 246, 247, 246,
    245, 241, 243, 244, 241 ]
headPositionsY: [ 71, 69, 73, 71, 71, 71, 73, 73, 70, 71, 71, 73, 71, 68,
    68, 66, 66, 66, 70, 70, 68, 71, 71, 69, 73, 70, 72, 71, 70, 70, 68,
    66, 69, 71, 73, 69, 73, 71, 71, 72, 71, 70, 68, 72, 70, 71, 70, 70,
    67, 70, 70, 73, 71, 73, 69, 69, 71, 67, 68, 71, 72, 70, 71, 72, 71,
    71, 69, 69, 72, 69, 70, 70, 73, 71, 71, 71, 72, 72, 72, 71, 73, 73,
    70, 74, 73, 70, 69, 69, 70, 69, 72, 71, 70, 72, 74, 70, 71, 73, 70,
    74 ]
