%YAML:1.0
---
videoName: "headShake29.mp4"
gestureLabel: 201
fps: 29
pixelSizeInCmTemp: 3.3263888888888887e-01
faceCenterPointX: 243
faceCenterPointY: 76
headPositionsX: [ 241, 243, 244, 241, 244, 240, 240, 243, 243, 242, 243,
    242, 245, 243, 242, 243, 242, 242, 245, 240, 241, 244, 241, 243, 242,
    239, 239, 237, 239, 237, 245, 246, 252, 252, 255, 257, 254, 254, 247,
    243, 238, 235, 229, 227, 230, 228, 235, 237, 241, 247, 247, 253, 250,
    249, 249, 244, 243, 236, 231, 232, 231, 228, 231, 234, 240, 240, 248,
    248, 252, 251, 250, 250, 251, 246, 244, 238, 236, 237, 235, 231, 236,
    232, 236, 236, 237, 236, 237, 241, 240, 241, 245, 241, 245, 244, 245,
    242, 241, 243, 244, 243 ]
headPositionsY: [ 75, 77, 77, 74, 77, 74, 77, 78, 76, 76, 75, 77, 78, 78,
    75, 75, 74, 76, 79, 75, 78, 76, 76, 77, 76, 76, 74, 77, 76, 79, 76,
    75, 77, 76, 72, 77, 76, 75, 77, 78, 77, 76, 74, 75, 77, 74, 76, 75,
    77, 79, 78, 74, 75, 78, 76, 76, 77, 74, 78, 78, 76, 78, 78, 76, 76,
    76, 78, 76, 73, 78, 76, 76, 75, 77, 75, 74, 73, 75, 77, 77, 75, 77,
    75, 78, 76, 76, 77, 75, 76, 75, 76, 76, 75, 74, 79, 78, 77, 77, 75,
    79 ]
