%YAML:1.0
---
videoName: "headShake22.mp4"
gestureLabel: 201
fps: 29
pixelSizeInCmTemp: 3.2364864864864862e-01
faceCenterPointX: 241
faceCenterPointY: 79
headPositionsX: [ 241, 242, 240, 241, 243, 241, 245, 240, 244, 242, 241,
    243, 241, 241, 241, 240, 243, 242, 240, 241, 241, 245, 242, 244, 245,
    240, 241, 240, 240, 240, 244, 240, 245, 244, 244, 243, 240, 245, 242,
    243, 242, 242, 244, 240, 242, 244, 245, 240, 243, 244, 243, 244, 243,
    243, 241, 243, 243, 243, 242, 242, 242, 240, 241, 241, 242, 242, 239,
    244, 243, 248, 252, 255, 258, 256, 251, 249, 246, 243, 240, 239, 237,
    240, 241, 241, 247, 247, 248, 243, 242, 241, 240, 240, 240, 238, 239,
    239, 239, 242, 240, 240 ]
headPositionsY: [ 77, 78, 77, 77, 78, 75, 75, 78, 78, 75, 77, 78, 77, 78,
    78, 75, 77, 77, 74, 77, 77, 74, 78, 75, 75, 76, 76, 76, 75, 74, 76,
    77, 74, 77, 76, 76, 76, 75, 75, 77, 77, 75, 74, 79, 78, 77, 76, 78,
    78, 75, 77, 78, 76, 77, 78, 76, 76, 75, 76, 78, 76, 77, 75, 77, 76,
    76, 78, 76, 75, 76, 76, 75, 76, 76, 75, 74, 76, 78, 77, 78, 77, 78,
    76, 79, 76, 80, 76, 75, 78, 76, 78, 78, 80, 77, 81, 77, 79, 78, 80,
    78 ]
