%YAML:1.0
---
videoName: "headShake6.mp4"
gestureLabel: 201
fps: 29
pixelSizeInCmTemp: 3.2808219178082193e-01
faceCenterPointX: 244
faceCenterPointY: 68
headPositionsX: [ 244, 243, 243, 244, 247, 244, 245, 243, 246, 243, 243,
    247, 244, 247, 243, 245, 243, 245, 246, 245, 247, 243, 245, 244, 247,
    246, 244, 248, 248, 253, 255, 258, 260, 260, 262, 258, 256, 250, 245,
    244, 237, 230, 230, 230, 235, 239, 241, 251, 254, 256, 258, 257, 257,
    255, 246, 241, 236, 232, 230, 232, 234, 235, 238, 241, 244, 249, 252,
    252, 252, 250, 245, 243, 241, 242, 239, 237, 238, 238, 237, 239, 240,
    241, 244, 244, 243, 243, 244, 244, 243, 243, 241, 242, 244, 242, 245,
    245, 242, 244, 244, 246 ]
headPositionsY: [ 68, 65, 68, 69, 67, 66, 66, 68, 69, 64, 68, 67, 67, 66,
    67, 64, 65, 67, 65, 66, 69, 67, 66, 65, 70, 68, 69, 66, 66, 69, 65,
    63, 64, 67, 69, 67, 66, 68, 66, 68, 71, 67, 70, 68, 70, 69, 67, 68,
    67, 68, 67, 68, 69, 68, 66, 68, 66, 65, 69, 68, 70, 67, 69, 66, 68,
    68, 68, 70, 69, 66, 70, 69, 69, 69, 68, 66, 69, 69, 69, 69, 67, 66,
    67, 66, 66, 68, 71, 68, 70, 71, 70, 68, 70, 71, 67, 69, 68, 70, 66,
    67 ]
