%YAML:1.0
---
videoName: "headShake41.mp4"
gestureLabel: 201
fps: 29
pixelSizeInCmTemp: 3.2364864864864862e-01
faceCenterPointX: 264
faceCenterPointY: 85
headPositionsX: [ 266, 261, 259, 264, 259, 262, 260, 263, 262, 263, 263,
    262, 261, 263, 262, 261, 263, 259, 259, 260, 260, 261, 262, 265, 265,
    271, 272, 272, 274, 277, 278, 278, 282, 284, 279, 283, 279, 280, 277,
    278, 273, 270, 266, 263, 254, 256, 250, 250, 248, 248, 244, 247, 244,
    245, 247, 248, 253, 254, 258, 260, 262, 265, 270, 273, 275, 275, 276,
    279, 277, 279, 279, 275, 274, 272, 271, 266, 266, 267, 267, 265, 266,
    264, 262, 262, 262, 265, 260, 261, 262, 260, 261, 262, 261, 262, 261,
    264, 264, 262, 261, 266 ]
headPositionsY: [ 83, 80, 83, 85, 81, 84, 82, 83, 83, 80, 84, 84, 84, 85,
    81, 82, 83, 83, 83, 82, 85, 86, 86, 84, 82, 81, 80, 81, 79, 82, 80,
    79, 82, 80, 82, 81, 79, 83, 85, 83, 85, 85, 85, 83, 82, 85, 84, 82,
    84, 82, 84, 82, 81, 86, 85, 87, 85, 82, 85, 86, 83, 83, 85, 83, 82,
    84, 85, 82, 84, 86, 85, 84, 84, 87, 85, 84, 84, 83, 86, 85, 86, 84,
    82, 86, 86, 82, 84, 86, 83, 82, 85, 84, 85, 85, 85, 86, 85, 82, 84,
    83 ]
