%YAML:1.0
---
videoName: "headShake17.mp4"
gestureLabel: 201
fps: 29
pixelSizeInCmTemp: 3.3263888888888887e-01
faceCenterPointX: 242
faceCenterPointY: 76
headPositionsX: [ 241, 241, 238, 238, 237, 239, 238, 243, 246, 249, 249,
    252, 257, 257, 258, 259, 256, 249, 246, 242, 236, 234, 229, 228, 227,
    225, 228, 232, 233, 238, 243, 247, 253, 250, 255, 251, 254, 253, 247,
    248, 240, 239, 235, 232, 233, 234, 233, 233, 234, 238, 239, 239, 243,
    244, 245, 245, 244, 243, 243, 243, 243, 244, 242, 241, 237, 239, 238,
    238, 239, 241, 240, 240, 239, 238, 239, 240, 242, 241, 242, 239, 243,
    240, 241, 239, 242, 240, 241, 241, 243, 240, 240, 240, 242, 240, 242,
    242, 243, 243, 243, 240 ]
headPositionsY: [ 75, 74, 74, 76, 74, 75, 77, 78, 75, 76, 75, 75, 76, 77,
    73, 77, 73, 76, 75, 79, 79, 79, 78, 76, 78, 78, 74, 79, 78, 79, 74,
    74, 75, 73, 76, 73, 75, 78, 77, 78, 77, 75, 76, 75, 76, 75, 75, 74,
    79, 78, 75, 78, 78, 76, 77, 75, 77, 77, 75, 75, 75, 78, 77, 78, 75,
    77, 75, 77, 77, 79, 76, 75, 76, 75, 75, 78, 78, 76, 77, 76, 77, 76,
    76, 75, 78, 75, 75, 77, 74, 78, 77, 79, 75, 74, 76, 76, 75, 74, 74,
    74 ]
