%YAML:1.0
---
videoName: "headShake28.mp4"
gestureLabel: 201
fps: 29
pixelSizeInCmTemp: 3.2808219178082193e-01
faceCenterPointX: 242
faceCenterPointY: 80
headPositionsX: [ 242, 242, 240, 240, 241, 242, 242, 239, 241, 243, 239,
    239, 239, 243, 243, 240, 241, 241, 239, 243, 240, 243, 243, 243, 243,
    243, 241, 240, 244, 243, 244, 241, 240, 244, 241, 244, 242, 241, 245,
    245, 245, 245, 242, 243, 242, 245, 246, 243, 245, 245, 240, 237, 232,
    230, 231, 232, 239, 241, 247, 250, 253, 255, 251, 248, 248, 243, 235,
    235, 234, 237, 238, 242, 248, 253, 252, 256, 252, 252, 250, 244, 242,
    238, 240, 235, 237, 237, 237, 239, 242, 240, 243, 244, 243, 241, 243,
    242, 244, 243, 242, 244 ]
headPositionsY: [ 78, 74, 78, 74, 77, 75, 75, 75, 75, 78, 81, 79, 80, 80,
    79, 79, 78, 80, 80, 77, 79, 78, 81, 80, 76, 77, 77, 80, 81, 81, 77,
    77, 78, 75, 80, 80, 79, 77, 76, 77, 79, 76, 78, 77, 75, 76, 78, 75,
    78, 76, 75, 78, 79, 76, 76, 77, 76, 77, 76, 79, 77, 76, 78, 76, 80,
    80, 76, 78, 76, 78, 77, 77, 78, 81, 74, 78, 78, 77, 79, 77, 77, 77,
    80, 82, 77, 76, 78, 78, 79, 78, 77, 79, 77, 81, 78, 81, 78, 79, 82,
    80 ]
