%YAML:1.0
---
videoName: "headShake21.mp4"
gestureLabel: 201
fps: 29
pixelSizeInCmTemp: 3.1933333333333330e-01
faceCenterPointX: 241
faceCenterPointY: 78
headPositionsX: [ 240, 247, 243, 244, 245, 240, 242, 243, 240, 243, 240,
    243, 240, 240, 242, 240, 243, 242, 244, 242, 243, 242, 244, 240, 241,
    244, 246, 244, 243, 242, 244, 243, 244, 242, 242, 243, 244, 241, 242,
    244, 240, 243, 240, 243, 243, 243, 242, 244, 241, 240, 243, 243, 240,
    243, 244, 240, 242, 242, 241, 240, 240, 241, 243, 239, 240, 241, 238,
    243, 248, 250, 252, 250, 253, 248, 245, 241, 237, 235, 231, 232, 236,
    236, 238, 240, 240, 240, 242, 243, 240, 237, 237, 236, 240, 239, 240,
    240, 242, 239, 241, 243 ]
headPositionsY: [ 80, 83, 83, 78, 78, 75, 73, 74, 70, 70, 72, 70, 69, 71,
    68, 73, 73, 70, 69, 69, 72, 74, 73, 75, 74, 76, 73, 74, 74, 77, 74,
    77, 77, 75, 76, 77, 74, 75, 79, 74, 78, 77, 75, 79, 77, 77, 76, 77,
    77, 76, 77, 80, 77, 75, 81, 79, 76, 75, 76, 77, 78, 75, 75, 79, 80,
    80, 79, 78, 76, 77, 76, 79, 78, 77, 76, 80, 81, 76, 77, 77, 80, 77,
    76, 77, 76, 79, 77, 78, 76, 77, 77, 76, 81, 78, 80, 80, 77, 80, 81,
    79 ]
