%YAML:1.0
---
videoName: "headShake17.mp4"
gestureLabel: 201
fps: 29
pixelSizeInCmTemp: 3.3263888888888887e-01
faceCenterPointX: 242
faceCenterPointY: 76
headPositionsX: [ 242, 238, 238, 239, 238, 239, 237, 242, 243, 248, 251,
    253, 261, 258, 258, 259, 255, 251, 245, 242, 238, 233, 228, 227, 224,
    228, 231, 234, 237, 242, 242, 246, 249, 253, 251, 253, 254, 251, 248,
    249, 240, 242, 235, 233, 232, 233, 231, 235, 236, 236, 238, 238, 244,
    242, 243, 246, 245, 243, 245, 242, 241, 240, 243, 241, 238, 239, 242,
    237, 242, 242, 237, 240, 241, 238, 241, 240, 241, 238, 241, 243, 242,
    241, 239, 239, 239, 241, 243, 241, 241, 242, 240, 241, 243, 241, 239,
    243, 244, 242, 240, 239 ]
headPositionsY: [ 77, 75, 73, 79, 76, 75, 75, 77, 78, 77, 75, 72, 74, 77,
    77, 77, 75, 75, 79, 76, 76, 79, 79, 78, 78, 77, 74, 76, 78, 77, 78,
    74, 74, 75, 72, 75, 73, 76, 77, 78, 77, 75, 77, 76, 75, 76, 77, 74,
    79, 75, 78, 79, 75, 77, 75, 76, 75, 79, 77, 75, 74, 78, 77, 76, 75,
    74, 76, 75, 78, 75, 77, 78, 75, 75, 76, 74, 77, 75, 78, 77, 77, 74,
    77, 75, 76, 76, 79, 78, 76, 74, 77, 79, 75, 76, 75, 78, 78, 76, 75,
    78 ]
