%YAML:1.0
---
videoName: "headShake45.mp4"
gestureLabel: 201
fps: 30
pixelSizeInCmTemp: 3.3263888888888887e-01
faceCenterPointX: 262
faceCenterPointY: 84
headPositionsX: [ 264, 262, 264, 262, 264, 261, 261, 262, 262, 265, 264,
    261, 261, 261, 263, 262, 265, 262, 260, 263, 262, 263, 260, 264, 261,
    261, 261, 264, 263, 262, 261, 263, 264, 260, 262, 259, 260, 258, 261,
    259, 255, 255, 261, 267, 272, 277, 279, 280, 280, 275, 272, 267, 261,
    256, 253, 255, 260, 263, 269, 273, 275, 272, 271, 268, 264, 257, 256,
    253, 257, 261, 266, 268, 272, 272, 269, 267, 267, 259, 259, 256, 257,
    256, 258, 263, 266, 262, 261, 263, 258, 260, 259, 260, 260, 261, 264,
    262, 265, 264, 260, 261 ]
headPositionsY: [ 86, 79, 80, 82, 81, 82, 80, 79, 82, 85, 81, 81, 81, 80,
    80, 82, 82, 81, 81, 82, 80, 81, 85, 82, 84, 83, 83, 82, 84, 81, 84,
    84, 81, 83, 84, 84, 82, 80, 84, 84, 81, 80, 82, 81, 84, 79, 78, 78,
    79, 80, 83, 85, 83, 82, 83, 86, 85, 82, 81, 80, 82, 81, 81, 84, 84,
    84, 84, 81, 85, 83, 85, 82, 81, 80, 83, 84, 82, 85, 80, 81, 81, 81,
    82, 84, 85, 83, 81, 82, 83, 85, 85, 81, 84, 83, 82, 84, 85, 82, 85,
    82 ]
