%YAML:1.0
---
videoName: "headShake32.mp4"
gestureLabel: 201
fps: 29
pixelSizeInCmTemp: 3.2808219178082193e-01
faceCenterPointX: 237
faceCenterPointY: 77
headPositionsX: [ 239, 235, 239, 238, 238, 237, 235, 238, 239, 239, 237,
    242, 239, 239, 239, 240, 238, 240, 240, 239, 242, 239, 241, 241, 239,
    242, 241, 240, 238, 240, 238, 240, 239, 237, 238, 240, 237, 241, 238,
    240, 245, 244, 247, 249, 250, 249, 252, 251, 249, 252, 252, 247, 244,
    245, 240, 240, 238, 236, 232, 229, 229, 227, 225, 227, 226, 229, 227,
    231, 231, 231, 235, 239, 242, 242, 245, 246, 250, 252, 248, 248, 248,
    249, 244, 245, 242, 244, 241, 242, 237, 237, 239, 236, 239, 239, 237,
    239, 239, 235, 240, 239 ]
headPositionsY: [ 75, 71, 73, 72, 76, 74, 73, 73, 73, 74, 73, 72, 72, 71,
    74, 71, 72, 73, 73, 74, 74, 73, 74, 75, 75, 74, 74, 74, 77, 75, 76,
    74, 76, 76, 73, 75, 76, 75, 72, 77, 72, 76, 75, 72, 74, 75, 72, 71,
    72, 75, 71, 75, 74, 76, 78, 75, 74, 77, 74, 75, 74, 75, 74, 76, 76,
    75, 77, 78, 75, 74, 75, 75, 78, 73, 75, 78, 77, 76, 73, 77, 75, 74,
    74, 78, 79, 75, 78, 79, 77, 75, 77, 79, 77, 76, 77, 77, 76, 76, 78,
    78 ]
