%YAML:1.0
---
videoName: "headShake41.mp4"
gestureLabel: 201
fps: 29
pixelSizeInCmTemp: 3.2364864864864862e-01
faceCenterPointX: 264
faceCenterPointY: 85
headPositionsX: [ 263, 263, 263, 261, 260, 263, 259, 260, 264, 260, 261,
    261, 259, 259, 262, 261, 261, 263, 262, 262, 260, 262, 263, 263, 267,
    269, 272, 272, 274, 279, 276, 277, 279, 284, 279, 283, 281, 281, 276,
    278, 276, 270, 267, 263, 258, 254, 253, 247, 248, 244, 242, 244, 243,
    248, 248, 252, 253, 252, 255, 258, 266, 267, 267, 272, 277, 278, 276,
    280, 277, 278, 277, 274, 272, 271, 270, 269, 267, 266, 266, 263, 265,
    265, 265, 265, 265, 262, 264, 263, 261, 264, 263, 265, 264, 261, 260,
    263, 264, 265, 264, 263 ]
headPositionsY: [ 86, 84, 84, 86, 82, 84, 80, 84, 86, 82, 86, 84, 84, 84,
    83, 86, 83, 82, 83, 82, 82, 82, 85, 83, 85, 82, 82, 82, 79, 81, 82,
    83, 83, 79, 83, 80, 81, 81, 82, 82, 86, 85, 82, 85, 84, 82, 82, 85,
    82, 82, 80, 85, 81, 82, 84, 83, 82, 86, 85, 84, 87, 86, 85, 86, 84,
    82, 83, 86, 86, 83, 82, 85, 85, 84, 85, 87, 84, 84, 85, 82, 86, 82,
    84, 82, 85, 83, 82, 86, 85, 83, 86, 87, 85, 82, 83, 83, 83, 82, 83,
    84 ]
