%YAML:1.0
---
videoName: "headShake26.mp4"
gestureLabel: 201
fps: 30
pixelSizeInCmTemp: 3.2808219178082193e-01
faceCenterPointX: 243
faceCenterPointY: 78
headPositionsX: [ 244, 239, 238, 242, 238, 245, 242, 245, 247, 250, 249,
    252, 249, 253, 249, 251, 251, 246, 248, 244, 241, 235, 234, 232, 232,
    227, 229, 229, 229, 229, 234, 237, 241, 239, 247, 248, 247, 253, 254,
    252, 254, 251, 249, 246, 245, 241, 237, 233, 234, 231, 229, 230, 229,
    231, 231, 234, 236, 239, 242, 246, 250, 252, 254, 253, 254, 254, 253,
    252, 250, 248, 243, 243, 243, 241, 237, 235, 237, 237, 236, 238, 236,
    238, 239, 239, 242, 241, 241, 240, 243, 245, 245, 244, 246, 246, 246,
    243, 243, 242, 241, 244 ]
headPositionsY: [ 80, 77, 79, 77, 78, 77, 78, 79, 80, 78, 77, 80, 75, 78,
    77, 76, 80, 77, 76, 79, 77, 79, 76, 77, 76, 75, 78, 76, 77, 79, 76,
    78, 77, 78, 79, 78, 77, 75, 75, 78, 78, 76, 79, 79, 78, 76, 77, 79,
    79, 79, 75, 74, 76, 79, 76, 75, 80, 79, 79, 80, 78, 77, 76, 79, 74,
    76, 77, 79, 79, 79, 77, 79, 78, 78, 81, 81, 80, 77, 77, 79, 80, 79,
    78, 79, 78, 79, 78, 79, 80, 79, 79, 79, 77, 79, 77, 80, 79, 78, 78,
    80 ]
