%YAML:1.0
---
videoName: "headShake48.mp4"
gestureLabel: 201
fps: 29
pixelSizeInCmTemp: 3.1103896103896100e-01
faceCenterPointX: 258
faceCenterPointY: 85
headPositionsX: [ 257, 258, 262, 261, 256, 258, 260, 260, 260, 258, 260,
    260, 262, 258, 259, 260, 257, 260, 258, 260, 261, 257, 261, 260, 259,
    261, 256, 257, 260, 258, 261, 257, 257, 261, 262, 264, 266, 269, 273,
    274, 273, 273, 273, 266, 261, 256, 252, 248, 247, 246, 251, 257, 266,
    266, 266, 267, 263, 262, 253, 251, 253, 252, 254, 259, 261, 267, 267,
    267, 265, 264, 257, 252, 250, 250, 250, 251, 256, 260, 263, 266, 268,
    265, 265, 260, 262, 259, 260, 262, 257, 258, 259, 260, 260, 258, 260,
    260, 258, 259, 262, 257 ]
headPositionsY: [ 85, 79, 80, 78, 80, 81, 80, 79, 80, 81, 82, 81, 79, 80,
    81, 82, 81, 81, 83, 80, 81, 79, 79, 82, 82, 79, 79, 82, 83, 84, 80,
    80, 82, 79, 83, 82, 84, 82, 84, 84, 80, 84, 83, 87, 84, 85, 81, 84,
    83, 82, 85, 87, 88, 87, 86, 84, 83, 85, 87, 87, 84, 84, 87, 87, 85,
    87, 85, 87, 89, 88, 86, 87, 87, 85, 88, 88, 88, 88, 84, 88, 83, 84,
    86, 86, 89, 87, 87, 85, 85, 87, 85, 83, 85, 85, 84, 83, 83, 84, 88,
    85 ]
