%YAML:1.0
---
videoName: "headShake15.mp4"
gestureLabel: 201
fps: 29
pixelSizeInCmTemp: 3.3263888888888887e-01
faceCenterPointX: 243
faceCenterPointY: 76
headPositionsX: [ 244, 244, 244, 242, 242, 242, 244, 242, 242, 242, 244,
    245, 242, 246, 245, 241, 242, 245, 241, 244, 242, 241, 243, 242, 241,
    241, 242, 243, 241, 242, 242, 241, 243, 243, 241, 243, 243, 242, 244,
    245, 242, 240, 241, 244, 243, 244, 245, 241, 244, 241, 241, 245, 240,
    240, 240, 241, 244, 244, 242, 242, 240, 242, 247, 246, 249, 254, 252,
    258, 260, 258, 256, 252, 248, 249, 241, 239, 240, 234, 235, 239, 239,
    243, 244, 247, 245, 247, 247, 243, 246, 242, 243, 240, 242, 243, 240,
    240, 241, 244, 243, 243 ]
headPositionsY: [ 77, 75, 78, 76, 75, 73, 77, 74, 75, 75, 73, 75, 77, 77,
    72, 76, 75, 75, 76, 72, 75, 73, 77, 74, 74, 77, 72, 74, 74, 76, 74,
    75, 74, 76, 74, 74, 77, 73, 75, 72, 75, 76, 74, 77, 76, 77, 75, 77,
    77, 74, 75, 78, 76, 76, 75, 77, 75, 76, 78, 78, 75, 76, 77, 77, 76,
    72, 73, 74, 75, 77, 76, 76, 74, 75, 79, 75, 76, 73, 76, 77, 78, 78,
    75, 76, 79, 76, 77, 76, 79, 76, 75, 79, 74, 77, 77, 76, 76, 76, 74,
    76 ]
