%YAML:1.0
---
videoName: "headShake33.mp4"
gestureLabel: 201
fps: 29
pixelSizeInCmTemp: 3.2364864864864862e-01
faceCenterPointX: 244
faceCenterPointY: 84
headPositionsX: [ 242, 243, 246, 246, 243, 243, 248, 243, 247, 243, 245,
    243, 245, 246, 246, 247, 245, 243, 243, 243, 246, 249, 246, 252, 249,
    255, 259, 259, 260, 261, 262, 261, 261, 261, 258, 256, 253, 249, 244,
    243, 237, 234, 233, 228, 230, 225, 224, 225, 229, 230, 235, 236, 241,
    246, 252, 250, 256, 258, 258, 259, 258, 259, 256, 258, 254, 250, 246,
    245, 243, 239, 238, 236, 232, 230, 230, 232, 231, 234, 234, 236, 238,
    239, 238, 240, 243, 243, 245, 249, 249, 249, 245, 247, 248, 243, 247,
    243, 246, 244, 244, 245 ]
headPositionsY: [ 84, 83, 81, 85, 83, 81, 83, 83, 83, 82, 83, 84, 82, 83,
    83, 85, 81, 81, 85, 84, 84, 84, 82, 83, 81, 84, 82, 82, 79, 79, 81,
    80, 81, 80, 79, 84, 84, 81, 81, 85, 80, 82, 81, 83, 80, 80, 79, 83,
    83, 84, 83, 82, 82, 85, 84, 80, 81, 82, 80, 82, 82, 80, 80, 80, 81,
    86, 84, 82, 84, 82, 82, 86, 83, 83, 83, 84, 83, 83, 83, 85, 82, 84,
    82, 85, 82, 81, 81, 84, 83, 86, 85, 83, 81, 85, 85, 83, 81, 84, 82,
    81 ]
