%YAML:1.0
---
videoName: "headShake33.mp4"
gestureLabel: 201
fps: 29
pixelSizeInCmTemp: 3.2364864864864862e-01
faceCenterPointX: 244
faceCenterPointY: 84
headPositionsX: [ 245, 246, 244, 246, 247, 246, 248, 247, 243, 245, 245,
    244, 246, 244, 247, 246, 246, 244, 247, 247, 244, 250, 250, 250, 251,
    254, 259, 261, 262, 260, 263, 263, 265, 261, 261, 255, 252, 250, 247,
    241, 239, 237, 234, 230, 229, 229, 225, 226, 226, 232, 234, 235, 241,
    245, 248, 251, 258, 258, 260, 258, 260, 258, 257, 254, 254, 249, 249,
    243, 242, 238, 238, 236, 232, 230, 233, 235, 232, 233, 235, 238, 238,
    237, 240, 241, 245, 246, 245, 246, 246, 248, 249, 244, 244, 245, 243,
    243, 242, 246, 245, 246 ]
headPositionsY: [ 84, 81, 82, 85, 84, 85, 81, 83, 82, 82, 85, 81, 85, 82,
    81, 83, 83, 82, 82, 82, 84, 85, 84, 83, 84, 84, 79, 83, 81, 80, 83,
    82, 81, 83, 83, 82, 82, 85, 84, 84, 82, 83, 84, 83, 81, 84, 79, 83,
    81, 84, 83, 82, 82, 83, 82, 84, 80, 83, 80, 80, 81, 84, 83, 80, 82,
    86, 82, 84, 85, 84, 85, 84, 82, 80, 83, 81, 82, 83, 84, 83, 82, 82,
    81, 84, 81, 81, 82, 85, 81, 85, 82, 83, 82, 81, 84, 82, 81, 85, 82,
    84 ]
