%YAML:1.0
---
videoName: "headShake19.mp4"
gestureLabel: 201
fps: 29
pixelSizeInCmTemp: 3.1933333333333330e-01
faceCenterPointX: 243
faceCenterPointY: 78
headPositionsX: [ 245, 245, 243, 244, 242, 245, 243, 243, 241, 243, 242,
    244, 243, 245, 244, 241, 242, 243, 243, 245, 243, 244, 244, 244, 242,
    243, 240, 244, 242, 244, 241, 241, 242, 243, 244, 241, 238, 239, 236,
    231, 235, 234, 239, 242, 250, 254, 255, 255, 257, 256, 248, 245, 240,
    234, 234, 230, 231, 234, 239, 241, 245, 249, 247, 249, 244, 243, 242,
    240, 237, 234, 236, 236, 236, 238, 242, 242, 246, 244, 245, 246, 245,
    244, 243, 244, 242, 240, 241, 242, 240, 241, 241, 243, 242, 243, 244,
    240, 246, 241, 244, 241 ]
headPositionsY: [ 78, 77, 78, 75, 74, 74, 74, 75, 75, 76, 78, 75, 74, 75,
    78, 78, 79, 75, 77, 77, 78, 77, 75, 78, 77, 79, 78, 77, 77, 79, 78,
    75, 74, 75, 79, 77, 77, 78, 76, 79, 78, 75, 75, 78, 79, 75, 78, 73,
    75, 77, 78, 76, 75, 78, 78, 78, 73, 74, 75, 76, 76, 76, 79, 78, 79,
    78, 78, 79, 75, 76, 76, 77, 79, 75, 76, 79, 76, 79, 78, 80, 77, 77,
    75, 80, 76, 77, 79, 77, 77, 79, 79, 79, 79, 80, 79, 80, 76, 80, 76,
    76 ]
