%YAML:1.0
---
videoName: "headShake49.mp4"
gestureLabel: 201
fps: 30
pixelSizeInCmTemp: 2.8855421686746985e-01
faceCenterPointX: 259
faceCenterPointY: 84
headPositionsX: [ 259, 259, 259, 260, 263, 261, 260, 262, 260, 258, 260,
    261, 263, 259, 260, 259, 260, 259, 260, 259, 260, 259, 258, 259, 261,
    262, 263, 259, 259, 261, 260, 261, 262, 264, 266, 274, 275, 281, 284,
    284, 284, 280, 273, 265, 261, 253, 250, 250, 250, 254, 262, 268, 272,
    276, 270, 265, 261, 254, 251, 250, 249, 249, 257, 261, 264, 269, 269,
    265, 265, 260, 257, 255, 252, 257, 257, 260, 265, 267, 268, 268, 267,
    264, 263, 259, 256, 256, 256, 259, 259, 258, 259, 262, 259, 259, 260,
    256, 259, 259, 258, 258 ]
headPositionsY: [ 83, 82, 83, 80, 81, 79, 80, 79, 80, 80, 82, 80, 81, 81,
    80, 80, 80, 80, 81, 83, 78, 79, 81, 81, 81, 78, 80, 80, 81, 81, 82,
    83, 83, 79, 84, 81, 79, 82, 77, 80, 78, 81, 81, 86, 85, 81, 82, 85,
    84, 85, 84, 86, 86, 85, 84, 85, 83, 82, 87, 86, 85, 84, 83, 82, 85,
    84, 84, 84, 84, 82, 84, 84, 84, 82, 83, 86, 82, 84, 83, 84, 87, 84,
    86, 85, 84, 82, 87, 84, 86, 87, 83, 85, 82, 83, 82, 85, 86, 83, 85,
    87 ]
