%YAML:1.0
---
videoName: "headShake45.mp4"
gestureLabel: 201
fps: 30
pixelSizeInCmTemp: 3.3263888888888887e-01
faceCenterPointX: 262
faceCenterPointY: 84
headPositionsX: [ 261, 262, 260, 263, 261, 264, 263, 262, 262, 265, 262,
    265, 263, 265, 263, 262, 261, 263, 261, 262, 260, 261, 264, 263, 261,
    264, 260, 261, 263, 263, 260, 264, 260, 261, 264, 261, 261, 260, 261,
    255, 256, 259, 257, 267, 270, 276, 280, 281, 282, 275, 270, 269, 263,
    255, 252, 256, 259, 263, 268, 269, 274, 273, 273, 269, 262, 257, 255,
    253, 258, 260, 265, 268, 272, 273, 273, 270, 267, 262, 257, 256, 256,
    256, 261, 261, 264, 263, 262, 260, 261, 259, 259, 261, 263, 263, 263,
    262, 262, 261, 262, 263 ]
headPositionsY: [ 83, 80, 84, 79, 83, 83, 83, 82, 81, 85, 81, 80, 84, 84,
    84, 80, 84, 81, 84, 81, 82, 83, 83, 84, 84, 82, 80, 80, 84, 83, 83,
    83, 81, 81, 81, 81, 85, 82, 83, 82, 81, 81, 82, 84, 83, 81, 79, 82,
    80, 80, 84, 81, 84, 84, 85, 85, 85, 81, 83, 79, 81, 84, 79, 84, 81,
    83, 84, 84, 82, 81, 81, 83, 83, 81, 84, 84, 81, 86, 80, 81, 82, 81,
    83, 83, 86, 82, 82, 84, 83, 84, 84, 81, 82, 84, 82, 85, 82, 85, 84,
    81 ]
