%YAML:1.0
---
videoName: "headShake37.mp4"
gestureLabel: 201
fps: 30
pixelSizeInCmTemp: 3.1933333333333330e-01
faceCenterPointX: 263
faceCenterPointY: 83
headPositionsX: [ 265, 258, 263, 263, 263, 261, 260, 265, 264, 260, 265,
    261, 263, 263, 261, 264, 262, 262, 262, 264, 261, 263, 262, 261, 261,
    261, 263, 263, 264, 262, 264, 264, 261, 263, 260, 262, 260, 262, 261,
    264, 262, 260, 259, 260, 260, 262, 261, 266, 265, 270, 274, 278, 280,
    280, 281, 276, 270, 266, 257, 255, 255, 252, 257, 258, 263, 267, 269,
    272, 275, 272, 270, 266, 261, 257, 253, 252, 256, 255, 254, 255, 257,
    260, 262, 266, 266, 266, 268, 266, 266, 266, 262, 265, 266, 264, 260,
    261, 263, 261, 265, 264 ]
headPositionsY: [ 83, 80, 85, 82, 81, 81, 84, 82, 82, 85, 85, 85, 84, 85,
    85, 83, 83, 80, 82, 85, 84, 81, 83, 84, 86, 85, 82, 81, 85, 84, 84,
    85, 81, 85, 81, 85, 85, 85, 83, 81, 82, 85, 85, 84, 82, 82, 81, 84,
    84, 81, 81, 80, 81, 79, 79, 80, 83, 85, 81, 84, 79, 83, 80, 83, 83,
    84, 82, 80, 79, 80, 80, 84, 82, 81, 82, 80, 81, 82, 85, 83, 83, 83,
    83, 83, 81, 84, 83, 80, 80, 83, 84, 85, 85, 82, 83, 82, 82, 85, 83,
    84 ]
