%YAML:1.0
---
videoName: "headShake41.mp4"
gestureLabel: 201
fps: 29
pixelSizeInCmTemp: 3.2364864864864862e-01
faceCenterPointX: 264
faceCenterPointY: 85
headPositionsX: [ 264, 259, 259, 260, 261, 259, 263, 260, 264, 263, 262,
    262, 263, 260, 259, 261, 263, 262, 259, 261, 262, 262, 264, 266, 266,
    269, 269, 274, 272, 276, 280, 281, 280, 281, 278, 284, 282, 279, 277,
    275, 272, 271, 267, 261, 254, 253, 251, 251, 248, 246, 246, 246, 246,
    244, 248, 248, 253, 254, 255, 260, 264, 268, 267, 272, 273, 279, 276,
    278, 277, 276, 278, 275, 272, 272, 270, 267, 269, 266, 263, 265, 264,
    262, 262, 265, 264, 261, 260, 263, 260, 261, 262, 263, 264, 262, 261,
    261, 263, 264, 261, 265 ]
headPositionsY: [ 86, 83, 81, 85, 82, 84, 80, 81, 84, 80, 86, 81, 83, 83,
    85, 82, 82, 82, 86, 83, 83, 85, 82, 82, 81, 81, 84, 82, 82, 79, 83,
    80, 82, 80, 79, 80, 81, 81, 81, 80, 85, 84, 83, 83, 81, 85, 85, 85,
    84, 84, 81, 84, 82, 82, 84, 85, 85, 84, 84, 84, 84, 84, 84, 86, 85,
    84, 86, 84, 82, 82, 86, 85, 83, 86, 86, 87, 84, 87, 83, 84, 84, 85,
    82, 85, 83, 86, 85, 87, 82, 83, 84, 83, 86, 85, 86, 86, 85, 86, 86,
    87 ]
