%YAML:1.0
---
videoName: "headShake32.mp4"
gestureLabel: 201
fps: 29
pixelSizeInCmTemp: 3.2808219178082193e-01
faceCenterPointX: 237
faceCenterPointY: 77
headPositionsX: [ 237, 235, 238, 236, 235, 239, 237, 240, 236, 238, 236,
    242, 239, 240, 241, 241, 240, 239, 242, 242, 239, 242, 241, 241, 240,
    239, 239, 242, 238, 241, 237, 239, 239, 237, 239, 240, 238, 240, 240,
    240, 244, 244, 246, 248, 250, 251, 252, 252, 250, 252, 249, 250, 247,
    245, 242, 237, 239, 234, 232, 231, 230, 228, 226, 225, 227, 226, 229,
    228, 231, 230, 234, 237, 239, 240, 245, 249, 250, 252, 251, 250, 246,
    248, 247, 244, 244, 244, 241, 240, 238, 240, 237, 239, 239, 236, 240,
    235, 240, 235, 238, 239 ]
headPositionsY: [ 79, 71, 74, 72, 74, 74, 73, 74, 72, 76, 74, 74, 75, 75,
    73, 72, 73, 75, 74, 71, 72, 73, 76, 76, 74, 76, 76, 76, 76, 72, 74,
    72, 73, 73, 76, 74, 76, 73, 74, 73, 76, 74, 76, 73, 74, 71, 73, 75,
    72, 73, 71, 74, 75, 74, 76, 75, 75, 76, 73, 77, 76, 74, 75, 77, 78,
    74, 76, 77, 76, 76, 76, 76, 74, 75, 73, 76, 76, 76, 75, 73, 74, 76,
    75, 76, 77, 75, 74, 76, 79, 76, 77, 79, 77, 75, 80, 77, 80, 75, 79,
    77 ]
