%YAML:1.0
---
videoName: "headShake26.mp4"
gestureLabel: 201
fps: 30
pixelSizeInCmTemp: 3.2808219178082193e-01
faceCenterPointX: 243
faceCenterPointY: 78
headPositionsX: [ 245, 238, 238, 238, 241, 242, 243, 246, 248, 248, 249,
    250, 252, 251, 249, 252, 251, 247, 246, 244, 241, 239, 236, 234, 230,
    231, 226, 230, 228, 229, 230, 234, 237, 243, 247, 245, 249, 253, 251,
    253, 256, 250, 251, 248, 243, 239, 237, 236, 231, 229, 230, 228, 229,
    229, 230, 236, 237, 237, 240, 247, 249, 252, 254, 251, 253, 252, 252,
    249, 248, 248, 244, 245, 242, 241, 240, 235, 235, 236, 237, 238, 237,
    236, 237, 239, 241, 240, 241, 243, 242, 241, 243, 245, 244, 243, 243,
    245, 246, 246, 244, 245 ]
headPositionsY: [ 76, 77, 77, 75, 75, 78, 79, 79, 77, 79, 79, 79, 75, 79,
    79, 79, 77, 76, 80, 77, 80, 78, 76, 76, 77, 78, 75, 76, 75, 77, 74,
    76, 75, 79, 80, 78, 77, 79, 78, 79, 79, 77, 79, 77, 76, 76, 79, 77,
    75, 79, 75, 77, 79, 76, 78, 79, 78, 77, 76, 76, 79, 77, 79, 75, 74,
    77, 79, 77, 78, 80, 77, 77, 76, 79, 81, 78, 76, 78, 80, 76, 78, 80,
    79, 78, 78, 79, 80, 78, 78, 79, 81, 79, 81, 81, 76, 81, 77, 78, 78,
    78 ]
