%YAML:1.0
---
videoName: "headShake22.mp4"
gestureLabel: 201
fps: 29
pixelSizeInCmTemp: 3.2364864864864862e-01
faceCenterPointX: 241
faceCenterPointY: 79
headPositionsX: [ 243, 243, 242, 241, 242, 240, 244, 240, 241, 242, 243,
    242, 242, 242, 244, 244, 244, 245, 241, 245, 240, 243, 240, 243, 243,
    243, 242, 243, 241, 240, 243, 243, 241, 242, 242, 243, 241, 242, 243,
    242, 244, 243, 240, 244, 243, 243, 245, 242, 243, 240, 242, 242, 243,
    241, 243, 243, 244, 242, 241, 242, 242, 242, 239, 244, 243, 242, 243,
    240, 243, 250, 253, 255, 256, 256, 251, 249, 245, 243, 242, 236, 236,
    236, 239, 244, 244, 246, 244, 245, 246, 242, 239, 239, 243, 238, 241,
    241, 242, 239, 242, 243 ]
headPositionsY: [ 77, 75, 76, 78, 76, 75, 77, 78, 74, 75, 77, 77, 78, 74,
    74, 74, 74, 75, 74, 78, 78, 74, 75, 78, 76, 78, 77, 78, 75, 77, 75,
    77, 75, 78, 74, 77, 77, 74, 76, 76, 76, 75, 74, 76, 75, 74, 75, 74,
    74, 76, 78, 74, 79, 76, 75, 77, 76, 78, 78, 74, 78, 79, 75, 77, 78,
    75, 74, 78, 78, 77, 77, 75, 75, 76, 75, 74, 79, 76, 75, 76, 76, 79,
    76, 77, 77, 76, 76, 77, 77, 77, 79, 79, 81, 77, 81, 77, 81, 79, 77,
    80 ]
