%YAML:1.0
---
videoName: "headShake7.mp4"
gestureLabel: 201
fps: 29
pixelSizeInCmTemp: 3.3263888888888887e-01
faceCenterPointX: 244
faceCenterPointY: 72
headPositionsX: [ 242, 244, 245, 241, 244, 245, 244, 243, 244, 245, 247,
    250, 253, 254, 257, 255, 258, 261, 257, 257, 251, 245, 240, 235, 234,
    235, 235, 240, 248, 254, 259, 260, 260, 258, 254, 249, 243, 239, 231,
    230, 227, 228, 232, 235, 240, 246, 248, 253, 254, 257, 251, 247, 247,
    244, 238, 232, 232, 227, 230, 234, 240, 243, 246, 253, 254, 255, 259,
    256, 251, 253, 245, 243, 238, 237, 234, 234, 236, 234, 235, 239, 239,
    238, 243, 246, 247, 245, 247, 245, 247, 249, 247, 243, 244, 247, 242,
    243, 241, 244, 242, 245 ]
headPositionsY: [ 72, 72, 70, 71, 71, 71, 72, 72, 71, 74, 73, 70, 70, 69,
    70, 67, 68, 70, 70, 67, 69, 72, 69, 70, 73, 71, 73, 71, 69, 70, 67,
    68, 68, 72, 70, 70, 73, 69, 70, 70, 73, 70, 72, 69, 71, 69, 71, 70,
    67, 68, 70, 69, 70, 72, 72, 73, 71, 67, 68, 71, 73, 71, 71, 68, 71,
    70, 69, 71, 68, 71, 72, 70, 73, 68, 70, 71, 72, 70, 69, 72, 71, 70,
    73, 71, 73, 73, 72, 71, 70, 69, 71, 73, 72, 71, 70, 74, 71, 70, 72,
    73 ]
