%YAML:1.0
---
videoName: "headShake26.mp4"
gestureLabel: 201
fps: 30
pixelSizeInCmTemp: 3.2808219178082193e-01
faceCenterPointX: 243
faceCenterPointY: 78
headPositionsX: [ 241, 238, 241, 238, 239, 244, 243, 247, 247, 249, 252,
    251, 250, 253, 251, 253, 251, 250, 247, 245, 239, 237, 237, 235, 231,
    230, 228, 229, 232, 230, 232, 233, 240, 241, 244, 244, 247, 249, 250,
    255, 256, 250, 249, 248, 243, 239, 240, 234, 235, 231, 228, 230, 229,
    228, 230, 232, 238, 239, 244, 247, 247, 249, 250, 255, 251, 254, 250,
    249, 247, 247, 244, 241, 241, 239, 238, 238, 235, 236, 238, 236, 238,
    240, 238, 241, 241, 239, 239, 244, 245, 241, 243, 245, 244, 245, 247,
    243, 246, 242, 244, 241 ]
headPositionsY: [ 76, 76, 77, 76, 78, 76, 79, 78, 79, 76, 77, 76, 75, 79,
    76, 77, 80, 78, 76, 76, 81, 78, 76, 76, 78, 75, 76, 75, 76, 75, 77,
    77, 78, 78, 80, 74, 79, 77, 75, 77, 77, 77, 78, 78, 80, 79, 76, 79,
    76, 78, 74, 73, 77, 78, 76, 78, 77, 79, 79, 79, 78, 77, 79, 79, 75,
    77, 78, 77, 79, 80, 79, 79, 78, 80, 80, 79, 78, 76, 77, 77, 79, 79,
    78, 78, 76, 79, 80, 78, 78, 79, 77, 80, 78, 80, 77, 80, 80, 77, 81,
    78 ]
