%YAML:1.0
---
videoName: "headShake20.mp4"
gestureLabel: 201
fps: 29
pixelSizeInCmTemp: 3.3263888888888887e-01
faceCenterPointX: 242
faceCenterPointY: 78
headPositionsX: [ 241, 242, 242, 244, 242, 243, 243, 244, 246, 242, 241,
    242, 243, 244, 240, 245, 244, 245, 245, 245, 241, 242, 241, 242, 242,
    243, 244, 245, 242, 245, 245, 245, 242, 244, 244, 243, 244, 243, 242,
    244, 245, 249, 253, 260, 262, 259, 258, 252, 247, 241, 235, 236, 230,
    231, 230, 233, 238, 246, 246, 253, 253, 251, 249, 247, 245, 240, 234,
    231, 230, 230, 234, 239, 241, 245, 247, 246, 247, 245, 243, 242, 238,
    238, 242, 240, 241, 239, 243, 244, 241, 244, 244, 243, 244, 242, 241,
    244, 244, 243, 239, 242 ]
headPositionsY: [ 78, 77, 76, 78, 74, 78, 78, 74, 78, 79, 78, 76, 76, 75,
    74, 78, 76, 79, 78, 78, 78, 74, 78, 76, 76, 78, 74, 76, 78, 78, 77,
    78, 75, 74, 74, 75, 76, 77, 78, 78, 77, 74, 75, 74, 75, 75, 76, 75,
    79, 76, 76, 76, 76, 73, 75, 77, 77, 78, 75, 74, 76, 76, 73, 74, 76,
    77, 78, 79, 78, 79, 77, 79, 76, 75, 79, 75, 76, 76, 78, 76, 78, 77,
    76, 77, 79, 79, 77, 76, 75, 80, 79, 80, 77, 78, 78, 75, 77, 77, 75,
    76 ]
