%YAML:1.0
---
videoName: "headShake28.mp4"
gestureLabel: 201
fps: 29
pixelSizeInCmTemp: 3.2808219178082193e-01
faceCenterPointX: 242
faceCenterPointY: 80
headPositionsX: [ 242, 242, 240, 242, 242, 243, 243, 242, 242, 239, 241,
    239, 239, 242, 243, 243, 241, 239, 241, 243, 241, 242, 242, 243, 241,
    242, 241, 243, 241, 242, 243, 241, 240, 242, 240, 242, 244, 240, 243,
    243, 244, 243, 244, 246, 242, 242, 244, 245, 245, 244, 237, 235, 231,
    228, 230, 231, 241, 243, 247, 252, 257, 255, 254, 250, 248, 239, 238,
    233, 233, 233, 237, 241, 249, 251, 253, 254, 252, 249, 251, 246, 241,
    239, 240, 237, 238, 239, 236, 240, 241, 243, 243, 241, 241, 243, 241,
    240, 243, 240, 240, 241 ]
headPositionsY: [ 79, 77, 76, 77, 75, 77, 77, 76, 77, 79, 79, 80, 78, 80,
    77, 79, 78, 79, 77, 76, 77, 80, 78, 79, 77, 80, 78, 77, 78, 79, 77,
    78, 78, 79, 78, 78, 80, 78, 76, 78, 78, 77, 79, 77, 75, 77, 77, 78,
    79, 75, 76, 78, 75, 77, 77, 79, 76, 79, 77, 79, 76, 78, 77, 78, 77,
    81, 77, 79, 79, 79, 79, 79, 78, 79, 74, 78, 79, 79, 76, 79, 78, 80,
    80, 82, 78, 80, 80, 81, 77, 79, 80, 81, 77, 78, 78, 82, 80, 78, 81,
    82 ]
