%YAML:1.0
---
videoName: "headShake47.mp4"
gestureLabel: 201
fps: 29
pixelSizeInCmTemp: 3.2364864864864862e-01
faceCenterPointX: 258
faceCenterPointY: 86
headPositionsX: [ 258, 261, 262, 262, 260, 261, 262, 260, 259, 262, 258,
    259, 257, 261, 261, 260, 260, 259, 261, 262, 260, 262, 261, 261, 260,
    261, 259, 263, 262, 262, 262, 260, 258, 257, 256, 255, 252, 253, 252,
    251, 249, 252, 254, 257, 260, 263, 269, 266, 263, 263, 257, 257, 252,
    252, 253, 259, 262, 265, 266, 265, 261, 259, 254, 251, 253, 255, 257,
    261, 263, 262, 263, 258, 256, 253, 253, 255, 255, 260, 264, 262, 261,
    261, 259, 257, 254, 254, 252, 257, 258, 255, 255, 256, 258, 257, 256,
    257, 259, 256, 259, 256 ]
headPositionsY: [ 84, 85, 87, 87, 83, 87, 86, 83, 87, 85, 87, 87, 84, 83,
    82, 85, 83, 86, 83, 86, 82, 85, 84, 82, 86, 85, 87, 84, 86, 85, 83,
    84, 85, 86, 87, 88, 84, 85, 86, 84, 86, 84, 87, 88, 88, 89, 88, 89,
    88, 88, 91, 87, 88, 88, 89, 89, 90, 86, 90, 90, 87, 86, 85, 85, 88,
    87, 89, 88, 87, 89, 89, 88, 88, 86, 84, 85, 85, 85, 88, 89, 89, 86,
    85, 88, 87, 84, 86, 86, 88, 87, 86, 88, 84, 87, 86, 86, 88, 88, 83,
    84 ]
