%YAML:1.0
---
videoName: "headShake48.mp4"
gestureLabel: 201
fps: 29
pixelSizeInCmTemp: 3.1103896103896100e-01
faceCenterPointX: 258
faceCenterPointY: 85
headPositionsX: [ 256, 261, 258, 260, 259, 259, 257, 260, 261, 261, 258,
    262, 259, 258, 262, 262, 260, 260, 258, 259, 262, 259, 261, 261, 261,
    261, 260, 258, 256, 261, 261, 259, 257, 260, 258, 265, 268, 270, 274,
    276, 277, 272, 270, 265, 263, 255, 250, 247, 244, 248, 251, 257, 265,
    266, 269, 270, 265, 260, 254, 252, 251, 249, 254, 255, 262, 267, 265,
    267, 265, 263, 258, 252, 251, 247, 250, 254, 257, 260, 263, 264, 268,
    267, 263, 260, 262, 261, 258, 259, 261, 257, 258, 256, 259, 260, 257,
    260, 259, 258, 262, 257 ]
headPositionsY: [ 85, 78, 79, 79, 77, 80, 79, 79, 80, 80, 80, 80, 80, 82,
    83, 81, 79, 81, 82, 81, 83, 82, 80, 79, 82, 81, 80, 79, 82, 82, 80,
    82, 79, 81, 82, 84, 81, 82, 80, 84, 84, 82, 83, 87, 86, 82, 84, 81,
    85, 84, 86, 87, 86, 87, 87, 85, 85, 85, 86, 85, 85, 86, 86, 86, 88,
    86, 83, 88, 89, 85, 89, 85, 84, 87, 84, 87, 88, 84, 87, 88, 84, 84,
    87, 87, 87, 86, 88, 87, 89, 84, 87, 83, 85, 86, 86, 83, 84, 85, 86,
    87 ]
