%YAML:1.0
---
videoName: "headShake31.mp4"
gestureLabel: 201
fps: 29
pixelSizeInCmTemp: 3.2808219178082193e-01
faceCenterPointX: 236
faceCenterPointY: 68
headPositionsX: [ 237, 239, 236, 238, 235, 236, 236, 239, 237, 235, 238,
    235, 238, 237, 237, 236, 236, 238, 239, 235, 235, 237, 238, 237, 238,
    238, 235, 237, 235, 237, 238, 237, 236, 239, 235, 236, 233, 237, 239,
    245, 248, 252, 252, 254, 251, 249, 246, 241, 232, 226, 224, 221, 221,
    223, 230, 232, 239, 244, 246, 248, 245, 243, 242, 237, 235, 233, 229,
    227, 230, 230, 231, 236, 237, 241, 244, 240, 245, 241, 239, 241, 239,
    236, 235, 237, 235, 233, 235, 235, 233, 237, 235, 237, 235, 235, 237,
    238, 236, 237, 237, 235 ]
headPositionsY: [ 69, 65, 66, 67, 67, 68, 67, 66, 69, 67, 65, 64, 66, 65,
    68, 66, 65, 67, 70, 66, 69, 70, 66, 67, 64, 65, 67, 67, 69, 69, 66,
    65, 65, 66, 68, 65, 69, 66, 67, 66, 67, 64, 65, 65, 65, 69, 66, 68,
    66, 68, 66, 67, 68, 70, 68, 72, 68, 71, 72, 69, 69, 67, 70, 70, 71,
    68, 70, 67, 69, 70, 69, 69, 67, 66, 67, 70, 69, 71, 70, 69, 71, 68,
    71, 71, 67, 67, 70, 69, 67, 68, 68, 67, 69, 66, 66, 71, 71, 71, 68,
    68 ]
