%YAML:1.0
---
videoName: "headShake8.mp4"
gestureLabel: 201
fps: 29
pixelSizeInCmTemp: 3.2364864864864862e-01
faceCenterPointX: 243
faceCenterPointY: 72
headPositionsX: [ 245, 245, 245, 246, 244, 243, 244, 243, 243, 245, 242,
    244, 242, 246, 242, 241, 242, 244, 244, 243, 245, 243, 245, 243, 243,
    245, 242, 241, 244, 243, 242, 244, 243, 242, 247, 250, 252, 255, 259,
    266, 265, 267, 263, 260, 254, 251, 244, 240, 237, 234, 232, 233, 230,
    240, 246, 247, 254, 260, 261, 260, 259, 254, 251, 248, 244, 240, 233,
    232, 235, 235, 237, 238, 241, 238, 241, 246, 249, 247, 250, 251, 249,
    249, 249, 249, 249, 248, 246, 245, 248, 247, 244, 245, 242, 241, 244,
    242, 243, 243, 241, 245 ]
headPositionsY: [ 70, 71, 71, 73, 72, 70, 71, 70, 73, 73, 73, 70, 74, 73,
    70, 69, 70, 71, 69, 72, 72, 70, 69, 72, 69, 73, 69, 73, 70, 74, 71,
    71, 73, 70, 72, 70, 72, 69, 71, 69, 70, 71, 72, 71, 72, 73, 71, 73,
    69, 73, 72, 73, 73, 73, 74, 70, 72, 69, 71, 71, 71, 69, 72, 73, 74,
    70, 74, 69, 73, 71, 70, 72, 72, 72, 70, 72, 74, 73, 69, 73, 72, 69,
    71, 69, 71, 71, 70, 74, 70, 71, 69, 69, 69, 70, 70, 71, 73, 71, 72,
    74 ]
