%YAML:1.0
---
videoName: "headShake34.mp4"
gestureLabel: 201
fps: 29
pixelSizeInCmTemp: 3.2364864864864862e-01
faceCenterPointX: 263
faceCenterPointY: 83
headPositionsX: [ 264, 262, 262, 263, 264, 264, 263, 264, 265, 263, 265,
    262, 263, 264, 264, 262, 262, 263, 263, 262, 264, 264, 264, 262, 264,
    263, 264, 264, 264, 261, 261, 262, 263, 263, 264, 264, 264, 266, 269,
    267, 273, 273, 272, 275, 275, 277, 279, 276, 276, 275, 273, 268, 262,
    260, 254, 253, 250, 251, 255, 253, 259, 260, 267, 269, 269, 268, 268,
    269, 266, 260, 258, 255, 255, 255, 257, 256, 260, 262, 263, 265, 266,
    265, 268, 267, 265, 264, 264, 266, 265, 265, 263, 266, 262, 265, 266,
    262, 265, 262, 263, 265 ]
headPositionsY: [ 83, 80, 85, 84, 82, 85, 80, 85, 83, 82, 82, 81, 81, 82,
    81, 80, 80, 84, 84, 84, 82, 83, 85, 84, 85, 82, 84, 81, 82, 83, 82,
    83, 86, 85, 84, 84, 84, 81, 81, 82, 82, 84, 82, 79, 83, 79, 80, 81,
    81, 81, 84, 82, 82, 82, 81, 82, 80, 83, 84, 82, 82, 84, 85, 81, 82,
    81, 81, 84, 86, 83, 81, 81, 81, 84, 82, 83, 82, 83, 82, 83, 85, 86,
    85, 85, 86, 85, 81, 85, 83, 83, 81, 82, 83, 81, 84, 82, 82, 82, 86,
    84 ]
