%YAML:1.0
---
videoName: "headShake23.mp4"
gestureLabel: 201
fps: 29
pixelSizeInCmTemp: 3.2808219178082193e-01
faceCenterPointX: 240
faceCenterPointY: 77
headPositionsX: [ 240, 244, 244, 244, 240, 241, 240, 244, 243, 242, 242,
    240, 241, 243, 242, 243, 243, 240, 237, 237, 238, 241, 246, 245, 250,
    250, 250, 252, 256, 254, 254, 255, 253, 252, 246, 247, 240, 240, 235,
    230, 232, 229, 231, 228, 228, 231, 231, 233, 237, 238, 241, 245, 249,
    248, 251, 250, 254, 255, 253, 251, 249, 247, 248, 243, 244, 243, 239,
    237, 234, 235, 236, 232, 234, 236, 234, 236, 236, 236, 238, 235, 239,
    241, 238, 241, 245, 242, 241, 245, 243, 244, 247, 246, 245, 242, 241,
    243, 241, 245, 240, 241 ]
headPositionsY: [ 77, 77, 78, 77, 79, 75, 75, 77, 79, 76, 77, 78, 74, 77,
    75, 76, 78, 76, 75, 79, 76, 74, 79, 77, 75, 74, 77, 75, 74, 76, 77,
    74, 74, 74, 77, 76, 77, 76, 77, 76, 75, 77, 77, 78, 78, 76, 77, 76,
    78, 78, 80, 78, 75, 75, 78, 76, 74, 78, 75, 77, 75, 78, 81, 81, 78,
    80, 77, 76, 77, 76, 78, 80, 79, 79, 78, 78, 80, 80, 79, 79, 78, 80,
    76, 79, 76, 75, 77, 77, 77, 75, 77, 79, 76, 78, 78, 76, 77, 75, 78,
    76 ]
