%YAML:1.0
---
videoName: "headShake13.mp4"
gestureLabel: 201
fps: 29
pixelSizeInCmTemp: 3.2364864864864862e-01
faceCenterPointX: 241
faceCenterPointY: 77
headPositionsX: [ 240, 239, 242, 242, 240, 242, 243, 242, 242, 241, 239,
    240, 241, 240, 242, 240, 242, 240, 242, 241, 241, 243, 241, 241, 241,
    243, 240, 239, 239, 238, 240, 241, 240, 243, 241, 250, 250, 257, 261,
    261, 265, 263, 259, 253, 250, 245, 239, 234, 229, 229, 229, 230, 234,
    237, 242, 248, 250, 250, 247, 247, 245, 241, 239, 234, 233, 233, 231,
    232, 239, 243, 243, 248, 251, 253, 252, 251, 250, 245, 239, 239, 234,
    234, 233, 232, 234, 233, 236, 238, 240, 243, 244, 243, 246, 245, 241,
    244, 244, 240, 242, 243 ]
headPositionsY: [ 78, 78, 76, 76, 75, 77, 76, 75, 78, 77, 76, 78, 77, 77,
    78, 78, 76, 76, 74, 76, 78, 76, 78, 74, 77, 73, 75, 76, 76, 73, 77,
    75, 74, 76, 75, 75, 77, 74, 72, 73, 77, 74, 75, 78, 78, 78, 77, 75,
    75, 75, 79, 75, 76, 77, 78, 76, 73, 76, 77, 74, 75, 77, 78, 74, 77,
    77, 75, 75, 75, 77, 76, 75, 75, 76, 74, 74, 78, 77, 77, 77, 76, 76,
    74, 77, 76, 75, 74, 74, 76, 77, 74, 74, 77, 76, 76, 77, 76, 74, 76,
    74 ]
