%YAML:1.0
---
videoName: "headShake36.mp4"
gestureLabel: 201
fps: 29
pixelSizeInCmTemp: 3.2364864864864862e-01
faceCenterPointX: 263
faceCenterPointY: 80
headPositionsX: [ 261, 263, 261, 265, 265, 266, 264, 266, 268, 272, 276,
    277, 276, 281, 277, 282, 284, 282, 279, 278, 274, 270, 269, 267, 261,
    260, 258, 252, 251, 250, 246, 248, 247, 245, 247, 245, 247, 249, 248,
    252, 258, 258, 265, 267, 272, 272, 275, 276, 279, 278, 280, 280, 281,
    277, 275, 274, 269, 266, 261, 260, 254, 256, 250, 248, 251, 248, 248,
    250, 252, 255, 254, 255, 258, 260, 264, 267, 266, 264, 265, 268, 268,
    269, 264, 263, 268, 263, 264, 265, 267, 267, 262, 265, 262, 260, 262,
    264, 262, 263, 261, 265 ]
headPositionsY: [ 78, 80, 81, 80, 78, 79, 79, 81, 80, 79, 79, 77, 79, 75,
    78, 78, 76, 77, 79, 78, 81, 82, 79, 83, 80, 81, 83, 81, 79, 79, 80,
    79, 83, 83, 81, 79, 83, 81, 80, 79, 79, 84, 81, 79, 80, 77, 82, 78,
    80, 77, 80, 80, 77, 81, 78, 77, 80, 80, 82, 82, 80, 79, 81, 77, 76,
    80, 81, 81, 79, 79, 80, 81, 82, 82, 82, 82, 81, 81, 78, 81, 80, 79,
    79, 80, 82, 81, 79, 81, 80, 83, 83, 82, 81, 81, 79, 79, 81, 80, 79,
    81 ]
