%YAML:1.0
---
videoName: "headShake18.mp4"
gestureLabel: 201
fps: 30
pixelSizeInCmTemp: 3.2808219178082193e-01
faceCenterPointX: 240
faceCenterPointY: 77
headPositionsX: [ 240, 241, 242, 241, 241, 239, 243, 243, 239, 242, 240,
    240, 240, 239, 242, 240, 241, 241, 242, 242, 240, 242, 238, 240, 238,
    239, 239, 238, 242, 242, 239, 238, 238, 238, 239, 241, 241, 245, 247,
    249, 251, 252, 251, 252, 249, 245, 236, 233, 230, 231, 229, 229, 236,
    240, 244, 246, 247, 250, 249, 245, 242, 242, 237, 234, 234, 232, 233,
    236, 239, 239, 242, 244, 246, 244, 244, 242, 241, 239, 236, 237, 234,
    238, 238, 237, 240, 241, 241, 243, 243, 244, 242, 240, 243, 239, 238,
    238, 238, 238, 242, 239 ]
headPositionsY: [ 78, 75, 78, 77, 77, 76, 77, 75, 76, 75, 75, 74, 77, 77,
    76, 76, 76, 76, 75, 78, 73, 76, 77, 77, 77, 78, 75, 76, 78, 76, 75,
    76, 75, 75, 76, 75, 75, 74, 78, 77, 74, 77, 73, 77, 75, 76, 74, 78,
    77, 76, 74, 77, 78, 79, 78, 79, 75, 76, 75, 79, 78, 78, 75, 79, 76,
    78, 78, 78, 77, 78, 75, 79, 78, 75, 80, 78, 76, 78, 79, 75, 75, 78,
    77, 77, 78, 77, 77, 78, 78, 77, 80, 77, 78, 79, 75, 79, 79, 76, 75,
    78 ]
