%YAML:1.0
---
videoName: "headShake12.mp4"
gestureLabel: 201
fps: 29
pixelSizeInCmTemp: 3.2808219178082193e-01
faceCenterPointX: 241
faceCenterPointY: 76
headPositionsX: [ 240, 238, 238, 239, 240, 243, 241, 243, 241, 239, 241,
    241, 242, 241, 240, 240, 243, 239, 243, 242, 243, 240, 240, 240, 241,
    244, 240, 242, 242, 243, 240, 242, 241, 243, 239, 244, 241, 241, 242,
    243, 240, 243, 241, 242, 240, 240, 243, 242, 241, 243, 240, 242, 240,
    241, 242, 243, 243, 240, 242, 246, 248, 250, 255, 259, 258, 260, 257,
    251, 250, 240, 235, 233, 229, 232, 236, 243, 245, 251, 254, 255, 251,
    251, 249, 247, 241, 242, 234, 235, 237, 235, 238, 239, 237, 241, 239,
    239, 241, 238, 242, 240 ]
headPositionsY: [ 78, 71, 74, 71, 76, 71, 74, 72, 74, 71, 72, 72, 76, 71,
    75, 74, 76, 74, 74, 76, 74, 75, 76, 74, 73, 73, 74, 75, 75, 72, 73,
    74, 77, 76, 72, 74, 73, 74, 75, 73, 73, 75, 72, 75, 73, 74, 73, 72,
    72, 73, 76, 75, 75, 72, 72, 73, 73, 76, 72, 73, 71, 73, 72, 75, 75,
    71, 75, 74, 75, 76, 76, 77, 77, 75, 76, 75, 76, 74, 75, 75, 73, 74,
    78, 78, 74, 74, 77, 74, 78, 73, 74, 74, 78, 76, 76, 78, 74, 73, 75,
    77 ]
