%YAML:1.0
---
videoName: "headShake43.mp4"
gestureLabel: 201
fps: 29
pixelSizeInCmTemp: 3.2808219178082193e-01
faceCenterPointX: 257
faceCenterPointY: 84
headPositionsX: [ 255, 262, 258, 258, 259, 261, 261, 261, 258, 261, 262,
    260, 261, 258, 262, 261, 258, 260, 262, 260, 260, 261, 262, 259, 262,
    261, 263, 264, 268, 268, 272, 273, 279, 277, 280, 285, 282, 276, 277,
    275, 268, 265, 263, 257, 251, 249, 242, 245, 242, 245, 250, 253, 256,
    263, 268, 269, 270, 276, 273, 275, 273, 267, 262, 254, 252, 245, 245,
    242, 240, 249, 248, 251, 257, 260, 263, 264, 267, 268, 271, 266, 268,
    265, 266, 262, 264, 262, 262, 259, 257, 256, 255, 255, 258, 259, 255,
    258, 257, 258, 257, 256 ]
headPositionsY: [ 85, 85, 85, 85, 84, 84, 87, 86, 83, 87, 84, 87, 83, 84,
    85, 84, 83, 85, 87, 83, 86, 87, 88, 85, 87, 87, 84, 85, 87, 85, 83,
    85, 80, 81, 85, 80, 84, 83, 81, 84, 86, 83, 83, 83, 87, 82, 84, 85,
    81, 84, 86, 85, 85, 86, 84, 84, 83, 83, 82, 82, 83, 82, 83, 85, 81,
    81, 84, 83, 82, 85, 84, 86, 85, 85, 83, 85, 82, 83, 82, 82, 83, 82,
    82, 84, 86, 84, 84, 83, 84, 83, 83, 85, 84, 84, 86, 86, 83, 83, 84,
    82 ]
