%YAML:1.0
---
videoName: "headShake13.mp4"
gestureLabel: 201
fps: 29
pixelSizeInCmTemp: 3.2364864864864862e-01
faceCenterPointX: 241
faceCenterPointY: 77
headPositionsX: [ 242, 242, 243, 242, 242, 243, 241, 240, 243, 241, 243,
    241, 242, 240, 243, 241, 243, 240, 242, 241, 239, 244, 240, 242, 239,
    239, 240, 240, 241, 239, 239, 237, 241, 243, 242, 246, 251, 258, 260,
    260, 261, 264, 258, 253, 252, 244, 238, 235, 231, 229, 228, 232, 236,
    240, 243, 250, 251, 251, 247, 248, 242, 242, 239, 233, 230, 232, 231,
    235, 237, 243, 246, 251, 251, 253, 249, 250, 247, 242, 243, 238, 237,
    233, 231, 233, 232, 235, 236, 240, 241, 241, 243, 242, 244, 245, 241,
    244, 243, 240, 242, 242 ]
headPositionsY: [ 78, 75, 75, 78, 78, 77, 77, 75, 74, 75, 76, 78, 76, 77,
    78, 77, 76, 78, 74, 77, 75, 78, 74, 74, 74, 73, 77, 75, 78, 77, 76,
    77, 78, 77, 78, 74, 73, 76, 74, 75, 74, 73, 74, 77, 79, 77, 76, 76,
    79, 77, 76, 77, 76, 79, 77, 77, 73, 74, 75, 76, 74, 75, 77, 76, 75,
    79, 74, 77, 78, 77, 76, 76, 76, 75, 77, 76, 77, 74, 74, 78, 77, 76,
    75, 77, 76, 75, 75, 75, 76, 77, 77, 75, 77, 74, 76, 77, 79, 78, 76,
    78 ]
