%YAML:1.0
---
videoName: "headShake7.mp4"
gestureLabel: 201
fps: 29
pixelSizeInCmTemp: 3.3263888888888887e-01
faceCenterPointX: 244
faceCenterPointY: 72
headPositionsX: [ 244, 244, 244, 243, 242, 241, 241, 241, 242, 242, 244,
    247, 252, 256, 257, 255, 261, 261, 260, 254, 249, 247, 241, 235, 231,
    232, 233, 241, 245, 253, 256, 258, 260, 256, 254, 251, 242, 237, 231,
    227, 225, 229, 230, 237, 241, 246, 249, 253, 255, 256, 252, 248, 244,
    242, 239, 231, 232, 228, 228, 232, 241, 246, 248, 254, 255, 254, 256,
    256, 251, 249, 247, 244, 241, 238, 233, 236, 236, 234, 237, 237, 240,
    242, 243, 243, 246, 244, 249, 246, 248, 245, 247, 246, 246, 246, 242,
    246, 242, 243, 244, 242 ]
headPositionsY: [ 72, 73, 69, 70, 73, 70, 71, 73, 69, 70, 71, 73, 72, 71,
    71, 67, 70, 68, 69, 70, 71, 73, 71, 71, 72, 73, 73, 69, 69, 70, 70,
    68, 69, 70, 69, 72, 69, 71, 69, 68, 69, 72, 71, 73, 73, 70, 69, 69,
    71, 70, 71, 73, 70, 74, 71, 69, 71, 67, 70, 69, 71, 72, 71, 70, 71,
    68, 71, 69, 69, 73, 71, 70, 71, 70, 69, 73, 70, 68, 70, 69, 73, 71,
    72, 71, 73, 70, 71, 71, 69, 70, 74, 73, 71, 71, 71, 72, 70, 72, 74,
    73 ]
