%YAML:1.0
---
videoName: "headShake34.mp4"
gestureLabel: 201
fps: 29
pixelSizeInCmTemp: 3.2364864864864862e-01
faceCenterPointX: 263
faceCenterPointY: 83
headPositionsX: [ 262, 266, 262, 265, 261, 266, 266, 265, 262, 266, 263,
    262, 263, 262, 265, 266, 264, 265, 263, 262, 264, 262, 266, 262, 266,
    263, 265, 263, 262, 262, 264, 266, 263, 264, 264, 264, 267, 269, 267,
    270, 270, 271, 273, 278, 275, 276, 277, 276, 279, 277, 271, 271, 262,
    260, 254, 253, 251, 255, 252, 255, 258, 262, 264, 266, 269, 268, 272,
    266, 264, 259, 260, 253, 254, 256, 256, 259, 257, 260, 264, 263, 264,
    264, 265, 265, 266, 267, 266, 263, 263, 263, 263, 265, 264, 265, 265,
    265, 263, 266, 265, 265 ]
headPositionsY: [ 85, 83, 84, 85, 82, 82, 80, 85, 84, 84, 82, 84, 84, 81,
    84, 83, 83, 84, 81, 84, 81, 82, 84, 83, 81, 83, 84, 84, 85, 83, 83,
    82, 82, 81, 85, 82, 83, 84, 84, 84, 82, 82, 80, 80, 83, 81, 80, 83,
    79, 82, 83, 82, 81, 85, 83, 81, 83, 83, 83, 81, 86, 82, 84, 84, 82,
    81, 82, 83, 84, 85, 84, 82, 83, 85, 85, 82, 81, 81, 82, 84, 83, 82,
    83, 85, 85, 86, 83, 82, 81, 82, 85, 84, 85, 84, 83, 83, 84, 84, 86,
    85 ]
