%YAML:1.0
---
videoName: "headShake30.mp4"
gestureLabel: 201
fps: 29
pixelSizeInCmTemp: 3.2808219178082193e-01
faceCenterPointX: 240
faceCenterPointY: 68
headPositionsX: [ 242, 234, 235, 233, 230, 233, 234, 233, 233, 233, 235,
    234, 237, 239, 241, 240, 242, 241, 244, 245, 244, 245, 245, 242, 242,
    243, 244, 241, 241, 241, 242, 239, 242, 241, 240, 239, 237, 239, 245,
    247, 251, 254, 259, 259, 260, 259, 257, 253, 250, 242, 236, 231, 225,
    226, 222, 227, 227, 232, 240, 244, 251, 253, 250, 252, 248, 241, 237,
    231, 229, 226, 228, 226, 231, 239, 240, 243, 250, 248, 252, 251, 249,
    242, 243, 237, 237, 237, 237, 235, 239, 238, 237, 239, 242, 240, 241,
    241, 238, 241, 238, 240 ]
headPositionsY: [ 70, 54, 55, 55, 59, 61, 59, 58, 62, 65, 66, 65, 63, 65,
    66, 64, 63, 65, 68, 66, 63, 64, 64, 65, 66, 65, 63, 66, 67, 64, 65,
    63, 64, 68, 64, 68, 66, 64, 65, 65, 64, 64, 64, 63, 65, 65, 64, 65,
    66, 66, 69, 64, 65, 68, 69, 68, 69, 68, 70, 70, 67, 68, 64, 70, 67,
    70, 66, 66, 69, 67, 71, 70, 70, 70, 67, 66, 68, 67, 68, 67, 64, 65,
    67, 69, 68, 67, 67, 68, 65, 65, 70, 66, 69, 70, 70, 67, 67, 68, 71,
    69 ]
