%YAML:1.0
---
videoName: "headShake49.mp4"
gestureLabel: 201
fps: 30
pixelSizeInCmTemp: 2.8855421686746985e-01
faceCenterPointX: 259
faceCenterPointY: 84
headPositionsX: [ 261, 263, 261, 259, 263, 259, 259, 262, 259, 261, 260,
    259, 260, 259, 260, 259, 260, 262, 263, 262, 261, 261, 258, 261, 260,
    258, 262, 262, 263, 262, 260, 260, 262, 265, 266, 271, 274, 281, 283,
    286, 280, 279, 270, 267, 257, 250, 249, 246, 248, 254, 263, 269, 273,
    276, 274, 267, 262, 258, 252, 251, 247, 250, 256, 261, 265, 271, 271,
    267, 265, 260, 256, 252, 256, 254, 259, 263, 268, 269, 271, 270, 266,
    264, 262, 261, 259, 257, 257, 260, 257, 258, 259, 258, 256, 260, 259,
    259, 257, 258, 261, 259 ]
headPositionsY: [ 82, 80, 80, 82, 79, 80, 78, 81, 79, 81, 83, 80, 83, 82,
    82, 81, 81, 83, 82, 82, 79, 79, 78, 80, 82, 81, 79, 81, 80, 82, 80,
    81, 79, 81, 84, 80, 82, 81, 80, 81, 81, 83, 81, 86, 84, 85, 82, 85,
    85, 85, 86, 86, 82, 85, 83, 83, 82, 86, 87, 82, 81, 84, 85, 82, 83,
    85, 82, 83, 84, 85, 87, 84, 83, 86, 84, 86, 82, 82, 82, 87, 85, 87,
    84, 82, 86, 86, 87, 81, 83, 87, 86, 84, 84, 85, 82, 86, 87, 82, 87,
    83 ]
