%YAML:1.0
---
videoName: "headShake34.mp4"
gestureLabel: 201
fps: 29
pixelSizeInCmTemp: 3.2364864864864862e-01
faceCenterPointX: 263
faceCenterPointY: 83
headPositionsX: [ 264, 263, 265, 267, 263, 264, 265, 263, 262, 266, 265,
    264, 262, 262, 266, 262, 262, 266, 266, 266, 263, 262, 267, 264, 266,
    265, 264, 266, 266, 262, 265, 262, 264, 265, 265, 266, 266, 268, 270,
    267, 272, 273, 274, 275, 278, 280, 278, 277, 279, 273, 271, 271, 263,
    260, 257, 254, 253, 251, 254, 256, 260, 262, 264, 266, 268, 272, 269,
    268, 264, 263, 256, 253, 253, 256, 255, 259, 259, 261, 265, 263, 266,
    266, 264, 267, 265, 264, 266, 263, 264, 264, 267, 265, 262, 262, 263,
    263, 261, 262, 262, 261 ]
headPositionsY: [ 83, 82, 82, 82, 81, 86, 80, 84, 81, 85, 83, 83, 81, 83,
    81, 80, 84, 85, 82, 83, 85, 83, 82, 81, 82, 81, 85, 85, 84, 84, 81,
    85, 86, 82, 84, 82, 84, 81, 84, 83, 82, 83, 80, 81, 82, 80, 81, 83,
    79, 82, 81, 86, 85, 85, 79, 83, 83, 80, 83, 81, 85, 81, 82, 81, 85,
    81, 83, 83, 85, 81, 85, 80, 85, 82, 85, 84, 83, 81, 85, 81, 82, 83,
    85, 85, 82, 84, 82, 84, 83, 83, 85, 81, 82, 82, 82, 81, 84, 83, 84,
    85 ]
