%YAML:1.0
---
videoName: "headShake10.mp4"
gestureLabel: 201
fps: 29
pixelSizeInCmTemp: 3.3732394366197183e-01
faceCenterPointX: 240
faceCenterPointY: 74
headPositionsX: [ 239, 248, 248, 246, 243, 245, 245, 244, 246, 244, 244,
    246, 248, 244, 245, 246, 244, 245, 247, 245, 244, 248, 248, 248, 247,
    244, 246, 244, 247, 248, 244, 247, 248, 244, 244, 247, 247, 247, 247,
    244, 247, 246, 246, 247, 248, 246, 246, 247, 242, 243, 248, 251, 250,
    254, 255, 257, 261, 259, 262, 260, 257, 250, 249, 242, 239, 235, 230,
    230, 230, 232, 235, 242, 244, 248, 253, 255, 255, 256, 257, 252, 252,
    251, 247, 245, 241, 241, 242, 240, 239, 242, 239, 239, 242, 242, 242,
    243, 242, 243, 242, 241 ]
headPositionsY: [ 75, 72, 72, 72, 70, 74, 74, 74, 74, 72, 73, 73, 74, 75,
    74, 74, 73, 74, 71, 74, 71, 72, 74, 75, 71, 71, 72, 72, 71, 75, 72,
    73, 73, 73, 71, 76, 73, 70, 76, 73, 74, 73, 73, 72, 71, 74, 72, 74,
    71, 72, 75, 71, 71, 71, 72, 71, 73, 71, 70, 72, 71, 74, 73, 73, 74,
    73, 74, 75, 74, 76, 73, 75, 73, 74, 74, 71, 74, 71, 71, 73, 76, 77,
    76, 76, 75, 73, 75, 78, 76, 76, 75, 76, 74, 73, 75, 77, 74, 76, 73,
    74 ]
