%YAML:1.0
---
videoName: "headShake27.mp4"
gestureLabel: 201
fps: 29
pixelSizeInCmTemp: 3.3263888888888887e-01
faceCenterPointX: 244
faceCenterPointY: 78
headPositionsX: [ 244, 247, 248, 251, 248, 250, 256, 255, 254, 257, 258,
    256, 252, 254, 255, 251, 246, 245, 244, 244, 242, 240, 239, 234, 235,
    234, 230, 233, 229, 231, 232, 236, 236, 235, 240, 241, 239, 244, 246,
    246, 247, 247, 250, 248, 248, 249, 250, 250, 249, 247, 248, 243, 241,
    239, 235, 237, 235, 234, 232, 231, 233, 234, 233, 236, 237, 237, 236,
    240, 240, 241, 240, 242, 245, 245, 247, 246, 250, 250, 247, 249, 246,
    246, 245, 247, 246, 248, 245, 246, 244, 245, 246, 246, 244, 243, 247,
    245, 243, 243, 247, 242 ]
headPositionsY: [ 79, 77, 78, 79, 75, 74, 77, 74, 74, 75, 78, 75, 76, 76,
    79, 78, 80, 78, 80, 80, 78, 79, 77, 81, 76, 77, 79, 77, 80, 80, 78,
    78, 80, 78, 80, 79, 79, 80, 82, 77, 80, 78, 79, 79, 78, 77, 82, 77,
    77, 80, 79, 78, 78, 79, 79, 79, 81, 77, 81, 76, 79, 79, 78, 78, 78,
    79, 78, 79, 78, 81, 81, 80, 76, 79, 81, 81, 79, 81, 78, 81, 76, 78,
    79, 79, 80, 80, 79, 80, 77, 80, 80, 81, 77, 79, 78, 81, 80, 79, 77,
    82 ]
