%YAML:1.0
---
videoName: "headShake36.mp4"
gestureLabel: 201
fps: 29
pixelSizeInCmTemp: 3.2364864864864862e-01
faceCenterPointX: 263
faceCenterPointY: 80
headPositionsX: [ 261, 265, 261, 265, 263, 263, 265, 268, 269, 272, 276,
    278, 277, 282, 278, 285, 285, 278, 280, 276, 276, 273, 268, 266, 260,
    260, 255, 255, 250, 251, 246, 245, 247, 247, 245, 244, 245, 247, 251,
    255, 259, 262, 264, 270, 273, 274, 275, 275, 281, 279, 278, 282, 280,
    275, 274, 273, 270, 266, 262, 258, 256, 252, 251, 248, 248, 248, 250,
    250, 250, 252, 253, 258, 259, 263, 261, 267, 264, 264, 266, 269, 267,
    268, 264, 265, 265, 264, 265, 265, 263, 266, 264, 263, 263, 260, 264,
    264, 261, 263, 265, 263 ]
headPositionsY: [ 81, 80, 79, 79, 81, 78, 79, 77, 80, 79, 79, 80, 80, 77,
    77, 77, 78, 77, 78, 79, 79, 81, 81, 83, 80, 83, 83, 81, 82, 82, 80,
    79, 83, 82, 83, 81, 79, 82, 80, 79, 81, 83, 81, 81, 79, 78, 79, 81,
    76, 78, 80, 79, 80, 79, 80, 79, 81, 79, 81, 79, 81, 79, 77, 80, 78,
    82, 77, 82, 79, 80, 79, 82, 81, 80, 83, 82, 81, 79, 78, 82, 81, 80,
    78, 79, 82, 82, 83, 82, 80, 81, 79, 80, 82, 78, 81, 82, 79, 78, 78,
    78 ]
