%YAML:1.0
---
videoName: "headShake0.mp4"
gestureLabel: 201
fps: 29
pixelSizeInCmTemp: 3.2808219178082193e-01
faceCenterPointX: 279
faceCenterPointY: 94
headPositionsX: [ 278, 279, 278, 277, 281, 280, 279, 280, 278, 280, 278,
    281, 277, 278, 276, 280, 280, 278, 278, 280, 280, 280, 278, 278, 281,
    281, 278, 280, 280, 277, 276, 281, 278, 278, 277, 277, 279, 278, 277,
    281, 279, 280, 286, 286, 291, 297, 301, 300, 299, 301, 296, 292, 288,
    282, 276, 277, 274, 274, 273, 279, 282, 286, 289, 292, 291, 286, 286,
    282, 278, 275, 272, 272, 273, 274, 280, 281, 285, 285, 282, 282, 278,
    278, 277, 278, 273, 278, 277, 276, 279, 276, 280, 278, 280, 277, 281,
    278, 278, 279, 281, 281 ]
headPositionsY: [ 96, 92, 95, 92, 92, 95, 94, 95, 93, 93, 93, 92, 94, 92,
    91, 92, 92, 91, 92, 92, 92, 94, 95, 91, 93, 91, 94, 93, 93, 94, 94,
    91, 91, 94, 94, 94, 95, 93, 92, 92, 91, 91, 92, 89, 93, 91, 93, 89,
    90, 90, 92, 92, 92, 95, 91, 94, 94, 91, 91, 92, 90, 93, 91, 93, 90,
    94, 92, 93, 94, 92, 95, 93, 91, 95, 93, 93, 93, 93, 93, 93, 93, 93,
    94, 91, 93, 94, 95, 91, 93, 93, 93, 95, 92, 94, 94, 94, 94, 93, 93,
    93 ]
