%YAML:1.0
---
videoName: "headShake43.mp4"
gestureLabel: 201
fps: 29
pixelSizeInCmTemp: 3.2808219178082193e-01
faceCenterPointX: 257
faceCenterPointY: 84
headPositionsX: [ 257, 261, 259, 258, 258, 260, 259, 262, 258, 258, 261,
    261, 260, 261, 259, 259, 258, 259, 258, 259, 260, 260, 260, 261, 263,
    263, 264, 266, 266, 268, 272, 272, 280, 280, 278, 284, 279, 276, 275,
    277, 272, 266, 260, 257, 250, 246, 243, 242, 241, 243, 250, 254, 258,
    260, 268, 269, 274, 276, 272, 272, 273, 264, 263, 257, 250, 245, 245,
    241, 240, 248, 247, 252, 257, 261, 262, 267, 268, 269, 270, 270, 268,
    267, 266, 262, 261, 263, 260, 259, 256, 257, 255, 255, 257, 256, 257,
    254, 255, 258, 258, 255 ]
headPositionsY: [ 82, 85, 83, 87, 83, 83, 86, 84, 86, 87, 87, 87, 87, 85,
    84, 83, 83, 86, 84, 84, 85, 85, 88, 85, 86, 86, 85, 87, 86, 83, 86,
    85, 84, 82, 84, 84, 82, 81, 85, 84, 86, 87, 87, 84, 85, 86, 81, 81,
    85, 83, 84, 83, 84, 86, 85, 84, 81, 82, 84, 80, 85, 82, 83, 84, 84,
    83, 80, 81, 84, 84, 86, 86, 84, 84, 83, 82, 83, 83, 84, 82, 82, 85,
    83, 83, 85, 86, 85, 82, 83, 85, 85, 82, 84, 85, 82, 83, 86, 81, 84,
    82 ]
