%YAML:1.0
---
videoName: "headShake30.mp4"
gestureLabel: 201
fps: 29
pixelSizeInCmTemp: 3.2808219178082193e-01
faceCenterPointX: 240
faceCenterPointY: 68
headPositionsX: [ 238, 235, 233, 235, 230, 235, 232, 234, 236, 237, 233,
    236, 235, 238, 240, 239, 242, 243, 245, 243, 242, 244, 241, 244, 242,
    241, 241, 242, 242, 241, 240, 239, 240, 240, 238, 241, 238, 242, 244,
    246, 250, 252, 256, 256, 259, 261, 256, 255, 248, 246, 240, 229, 229,
    225, 225, 226, 230, 236, 238, 246, 251, 251, 251, 251, 247, 244, 237,
    233, 227, 228, 228, 229, 230, 236, 240, 244, 248, 252, 249, 249, 247,
    242, 243, 239, 237, 237, 236, 238, 237, 237, 238, 239, 241, 243, 238,
    238, 238, 241, 240, 238 ]
headPositionsY: [ 66, 54, 57, 56, 56, 61, 62, 61, 63, 63, 63, 62, 66, 65,
    63, 63, 67, 64, 66, 63, 65, 64, 65, 65, 66, 67, 65, 66, 64, 63, 67,
    63, 68, 65, 66, 67, 68, 68, 65, 64, 65, 63, 67, 64, 65, 63, 68, 67,
    68, 66, 70, 65, 66, 68, 70, 69, 69, 69, 67, 69, 66, 68, 68, 67, 67,
    69, 68, 69, 67, 66, 68, 67, 70, 69, 70, 65, 65, 64, 65, 68, 65, 66,
    66, 68, 67, 68, 69, 67, 66, 65, 68, 66, 66, 69, 66, 67, 69, 70, 71,
    70 ]
