%YAML:1.0
---
videoName: "headShake27.mp4"
gestureLabel: 201
fps: 29
pixelSizeInCmTemp: 3.3263888888888887e-01
faceCenterPointX: 244
faceCenterPointY: 78
headPositionsX: [ 245, 246, 244, 251, 248, 254, 252, 252, 254, 257, 257,
    256, 256, 253, 252, 248, 250, 245, 246, 241, 242, 240, 235, 234, 235,
    236, 234, 234, 230, 233, 231, 234, 233, 233, 236, 238, 242, 241, 245,
    245, 250, 249, 249, 248, 251, 252, 250, 247, 249, 248, 248, 244, 243,
    240, 239, 235, 236, 232, 232, 234, 232, 233, 234, 232, 234, 234, 237,
    236, 241, 238, 240, 243, 243, 245, 249, 249, 250, 249, 246, 245, 249,
    246, 246, 246, 244, 245, 245, 247, 247, 247, 247, 244, 243, 245, 247,
    244, 243, 244, 247, 242 ]
headPositionsY: [ 77, 80, 79, 79, 76, 77, 75, 74, 75, 77, 75, 77, 76, 77,
    78, 80, 78, 79, 80, 76, 81, 76, 79, 81, 78, 79, 78, 76, 76, 78, 79,
    78, 79, 77, 80, 78, 77, 77, 79, 80, 82, 77, 82, 79, 78, 77, 82, 77,
    81, 81, 82, 79, 81, 80, 80, 79, 79, 80, 77, 80, 76, 76, 78, 81, 79,
    78, 78, 77, 80, 78, 80, 78, 77, 78, 77, 80, 81, 80, 78, 78, 80, 82,
    80, 79, 78, 79, 79, 82, 77, 82, 79, 80, 77, 79, 82, 81, 81, 79, 78,
    79 ]
