%YAML:1.0
---
videoName: "headShake25.mp4"
gestureLabel: 201
fps: 30
pixelSizeInCmTemp: 3.2364864864864862e-01
faceCenterPointX: 241
faceCenterPointY: 79
headPositionsX: [ 240, 253, 253, 251, 254, 250, 247, 246, 244, 244, 242,
    235, 234, 232, 230, 229, 232, 231, 231, 231, 230, 233, 232, 234, 237,
    241, 245, 246, 246, 248, 246, 248, 248, 250, 248, 245, 241, 238, 238,
    234, 232, 232, 230, 231, 231, 228, 233, 234, 233, 237, 241, 241, 245,
    248, 249, 248, 251, 252, 249, 252, 252, 248, 249, 245, 245, 243, 241,
    240, 238, 238, 236, 237, 235, 236, 233, 235, 234, 237, 237, 235, 237,
    239, 242, 242, 243, 243, 242, 244, 242, 240, 243, 241, 242, 240, 240,
    240, 240, 239, 243, 242 ]
headPositionsY: [ 80, 76, 79, 78, 75, 79, 78, 79, 76, 78, 75, 79, 80, 78,
    78, 76, 80, 78, 76, 78, 80, 77, 76, 76, 76, 78, 78, 80, 78, 76, 77,
    79, 79, 81, 81, 78, 77, 77, 78, 78, 77, 77, 77, 77, 80, 78, 78, 80,
    78, 81, 81, 76, 77, 81, 79, 80, 78, 79, 76, 80, 80, 78, 78, 79, 78,
    80, 77, 79, 78, 78, 78, 80, 77, 80, 78, 80, 79, 77, 76, 78, 80, 76,
    80, 76, 77, 81, 78, 79, 78, 77, 77, 78, 78, 79, 79, 80, 80, 79, 79,
    79 ]
