%YAML:1.0
---
videoName: "headShake11.mp4"
gestureLabel: 201
fps: 29
pixelSizeInCmTemp: 3.2364864864864862e-01
faceCenterPointX: 244
faceCenterPointY: 76
headPositionsX: [ 242, 241, 243, 240, 241, 241, 243, 242, 241, 240, 242,
    240, 241, 240, 240, 240, 243, 243, 244, 243, 243, 241, 244, 241, 244,
    241, 244, 244, 248, 248, 253, 257, 257, 260, 261, 261, 260, 259, 253,
    247, 242, 238, 234, 232, 226, 225, 227, 232, 234, 242, 246, 250, 252,
    259, 257, 256, 257, 253, 250, 244, 239, 233, 234, 231, 232, 232, 233,
    240, 242, 249, 254, 257, 258, 257, 259, 256, 252, 249, 246, 238, 239,
    237, 233, 237, 236, 235, 239, 243, 246, 248, 249, 249, 247, 247, 249,
    248, 244, 245, 245, 243 ]
headPositionsY: [ 77, 71, 72, 70, 74, 74, 72, 70, 71, 71, 74, 70, 72, 71,
    74, 75, 71, 74, 73, 73, 72, 73, 73, 75, 74, 75, 72, 71, 72, 75, 72,
    73, 73, 72, 69, 73, 72, 71, 72, 77, 72, 75, 75, 73, 76, 73, 72, 76,
    73, 76, 74, 74, 75, 75, 74, 70, 75, 76, 76, 76, 76, 75, 76, 75, 74,
    74, 78, 76, 74, 76, 76, 75, 71, 71, 72, 72, 75, 74, 74, 76, 73, 74,
    72, 72, 73, 75, 75, 74, 76, 76, 76, 74, 72, 72, 75, 76, 73, 76, 74,
    76 ]
