%YAML:1.0
---
videoName: "headShake38.mp4"
gestureLabel: 201
fps: 29
pixelSizeInCmTemp: 3.2808219178082193e-01
faceCenterPointX: 259
faceCenterPointY: 84
headPositionsX: [ 258, 264, 263, 262, 264, 261, 263, 263, 263, 261, 264,
    261, 266, 263, 261, 263, 264, 265, 263, 265, 262, 264, 261, 261, 262,
    264, 264, 262, 262, 261, 262, 260, 262, 262, 261, 263, 264, 264, 264,
    264, 264, 263, 259, 255, 252, 251, 248, 245, 248, 253, 258, 267, 275,
    277, 279, 276, 269, 264, 252, 248, 247, 250, 255, 260, 269, 273, 273,
    267, 268, 260, 251, 249, 246, 249, 252, 253, 259, 265, 264, 268, 269,
    268, 269, 268, 267, 262, 261, 263, 260, 260, 261, 258, 260, 259, 260,
    259, 258, 260, 261, 260 ]
headPositionsY: [ 82, 84, 82, 83, 85, 81, 82, 83, 84, 83, 83, 82, 83, 85,
    84, 81, 82, 85, 84, 83, 86, 84, 85, 84, 83, 84, 81, 82, 85, 81, 82,
    85, 83, 82, 85, 83, 82, 83, 81, 81, 84, 86, 84, 81, 82, 81, 85, 83,
    84, 83, 82, 83, 85, 82, 83, 81, 86, 83, 86, 82, 82, 81, 83, 86, 82,
    84, 84, 82, 85, 83, 83, 82, 86, 83, 83, 82, 85, 84, 83, 84, 84, 87,
    84, 83, 85, 84, 84, 85, 85, 84, 85, 83, 84, 86, 83, 84, 83, 86, 85,
    86 ]
