%YAML:1.0
---
videoName: "headShake24.mp4"
gestureLabel: 201
fps: 29
pixelSizeInCmTemp: 3.2808219178082193e-01
faceCenterPointX: 240
faceCenterPointY: 78
headPositionsX: [ 240, 251, 253, 254, 255, 256, 255, 256, 254, 252, 248,
    246, 242, 241, 240, 238, 237, 235, 231, 229, 231, 229, 231, 234, 231,
    235, 237, 238, 239, 241, 243, 245, 247, 251, 252, 252, 249, 247, 247,
    244, 242, 243, 243, 240, 238, 238, 233, 232, 236, 232, 236, 233, 237,
    236, 239, 238, 241, 241, 246, 247, 247, 245, 245, 246, 250, 247, 249,
    247, 245, 248, 246, 245, 244, 242, 242, 240, 240, 241, 241, 237, 237,
    238, 240, 240, 237, 240, 241, 241, 241, 241, 241, 242, 240, 241, 243,
    241, 240, 240, 241, 240 ]
headPositionsY: [ 77, 74, 76, 74, 75, 73, 76, 75, 75, 77, 76, 75, 79, 76,
    80, 75, 76, 79, 76, 76, 76, 75, 80, 79, 76, 77, 77, 79, 77, 79, 74,
    76, 75, 77, 77, 78, 80, 76, 78, 79, 79, 77, 78, 77, 80, 76, 77, 79,
    79, 79, 78, 80, 79, 78, 77, 78, 80, 75, 77, 75, 80, 78, 79, 75, 77,
    77, 79, 75, 78, 79, 75, 76, 77, 76, 78, 76, 76, 76, 75, 76, 75, 77,
    78, 80, 79, 75, 79, 78, 78, 78, 77, 78, 76, 76, 78, 75, 80, 78, 78,
    78 ]
