%YAML:1.0
---
videoName: "headShake10.mp4"
gestureLabel: 201
fps: 29
pixelSizeInCmTemp: 3.3732394366197183e-01
faceCenterPointX: 240
faceCenterPointY: 74
headPositionsX: [ 238, 248, 246, 244, 243, 247, 245, 245, 246, 248, 246,
    248, 248, 245, 244, 247, 244, 246, 248, 248, 248, 244, 245, 246, 247,
    245, 245, 247, 245, 248, 244, 246, 244, 245, 245, 246, 247, 244, 248,
    246, 247, 246, 245, 243, 244, 246, 245, 244, 244, 245, 245, 249, 250,
    254, 256, 256, 262, 260, 258, 257, 258, 251, 246, 242, 239, 237, 234,
    229, 232, 234, 237, 239, 248, 247, 256, 254, 254, 257, 258, 252, 251,
    248, 244, 244, 241, 239, 240, 243, 240, 238, 240, 241, 240, 239, 241,
    240, 243, 240, 243, 242 ]
headPositionsY: [ 72, 72, 72, 75, 72, 75, 74, 71, 72, 74, 73, 75, 72, 75,
    71, 74, 75, 75, 74, 71, 71, 73, 73, 75, 71, 73, 74, 74, 72, 74, 74,
    73, 72, 74, 72, 72, 75, 71, 76, 73, 71, 73, 74, 75, 71, 75, 71, 72,
    73, 73, 73, 75, 72, 74, 70, 68, 70, 69, 69, 73, 71, 75, 75, 72, 74,
    74, 74, 75, 73, 73, 75, 72, 75, 75, 75, 73, 71, 75, 73, 72, 76, 75,
    74, 74, 77, 74, 76, 74, 74, 78, 76, 76, 74, 73, 73, 75, 75, 77, 76,
    76 ]
