%YAML:1.0
---
videoName: "headShake19.mp4"
gestureLabel: 201
fps: 29
pixelSizeInCmTemp: 3.1933333333333330e-01
faceCenterPointX: 243
faceCenterPointY: 78
headPositionsX: [ 242, 242, 241, 246, 241, 245, 240, 242, 243, 244, 246,
    242, 244, 243, 243, 243, 241, 243, 243, 242, 244, 241, 241, 241, 240,
    242, 241, 241, 242, 245, 242, 240, 241, 244, 241, 242, 240, 237, 236,
    232, 234, 235, 238, 245, 249, 253, 258, 255, 256, 253, 247, 247, 237,
    234, 233, 229, 232, 233, 238, 241, 243, 246, 250, 245, 248, 243, 239,
    240, 237, 234, 234, 238, 237, 241, 242, 241, 245, 247, 244, 245, 243,
    246, 240, 244, 243, 243, 240, 238, 240, 240, 240, 240, 244, 243, 242,
    244, 245, 243, 241, 245 ]
headPositionsY: [ 77, 77, 76, 77, 77, 78, 76, 75, 76, 74, 76, 78, 78, 75,
    79, 76, 78, 74, 75, 76, 74, 76, 77, 78, 79, 75, 77, 77, 75, 76, 76,
    79, 78, 78, 77, 78, 76, 76, 78, 77, 77, 76, 78, 75, 75, 76, 76, 77,
    77, 75, 76, 79, 78, 75, 78, 76, 77, 74, 76, 79, 76, 79, 77, 77, 78,
    77, 77, 77, 75, 80, 77, 78, 75, 75, 77, 76, 77, 80, 77, 79, 78, 78,
    74, 78, 80, 77, 79, 77, 76, 78, 77, 80, 79, 79, 78, 79, 77, 80, 77,
    79 ]
