%YAML:1.0
---
videoName: "headShake47.mp4"
gestureLabel: 201
fps: 29
pixelSizeInCmTemp: 3.2364864864864862e-01
faceCenterPointX: 258
faceCenterPointY: 86
headPositionsX: [ 257, 261, 259, 258, 260, 260, 262, 261, 261, 262, 259,
    262, 261, 262, 258, 261, 261, 258, 260, 263, 258, 263, 260, 263, 259,
    257, 262, 261, 262, 263, 258, 261, 258, 259, 256, 256, 254, 253, 252,
    248, 248, 251, 251, 254, 259, 267, 269, 268, 266, 262, 261, 258, 254,
    254, 252, 256, 263, 264, 268, 264, 262, 256, 256, 254, 254, 255, 257,
    260, 264, 261, 263, 261, 257, 254, 251, 254, 258, 257, 261, 266, 262,
    261, 258, 258, 256, 256, 252, 254, 256, 256, 258, 258, 255, 255, 260,
    258, 258, 257, 258, 260 ]
headPositionsY: [ 84, 84, 86, 87, 84, 87, 85, 84, 84, 85, 86, 83, 82, 85,
    84, 84, 84, 87, 86, 86, 86, 87, 86, 85, 85, 85, 87, 85, 83, 84, 83,
    86, 86, 85, 83, 87, 86, 83, 82, 86, 84, 88, 88, 86, 90, 90, 88, 86,
    89, 88, 89, 90, 88, 87, 91, 90, 90, 90, 89, 89, 87, 90, 86, 87, 87,
    87, 89, 89, 87, 88, 87, 89, 85, 87, 87, 85, 84, 88, 88, 86, 88, 85,
    85, 86, 85, 88, 84, 84, 87, 87, 86, 85, 88, 85, 87, 87, 86, 86, 83,
    87 ]
