%YAML:1.0
---
videoName: "headShake43.mp4"
gestureLabel: 201
fps: 29
pixelSizeInCmTemp: 3.2808219178082193e-01
faceCenterPointX: 257
faceCenterPointY: 84
headPositionsX: [ 259, 261, 260, 259, 258, 258, 260, 262, 259, 259, 259,
    259, 258, 259, 262, 261, 258, 261, 258, 260, 261, 262, 263, 261, 262,
    260, 263, 264, 267, 270, 274, 272, 279, 280, 280, 283, 281, 277, 279,
    273, 268, 267, 262, 258, 253, 250, 246, 244, 242, 244, 246, 251, 257,
    264, 268, 269, 272, 276, 273, 273, 272, 265, 261, 256, 252, 244, 246,
    242, 242, 247, 249, 250, 255, 262, 264, 264, 269, 267, 269, 266, 266,
    267, 267, 262, 265, 263, 259, 259, 259, 257, 257, 258, 258, 256, 259,
    256, 259, 254, 259, 254 ]
headPositionsY: [ 83, 86, 86, 85, 83, 84, 84, 85, 85, 83, 87, 84, 83, 87,
    84, 86, 86, 86, 84, 87, 84, 85, 88, 86, 85, 85, 85, 85, 86, 82, 85,
    81, 82, 84, 84, 81, 83, 83, 83, 84, 87, 84, 83, 87, 87, 82, 84, 82,
    84, 83, 82, 86, 84, 87, 86, 85, 81, 83, 84, 81, 83, 82, 86, 84, 83,
    81, 83, 83, 85, 84, 84, 85, 82, 87, 85, 82, 81, 82, 86, 84, 84, 86,
    82, 84, 82, 84, 85, 86, 85, 86, 85, 85, 85, 85, 83, 83, 86, 85, 83,
    84 ]
