%YAML:1.0
---
videoName: "headShake42.mp4"
gestureLabel: 201
fps: 29
pixelSizeInCmTemp: 3.2808219178082193e-01
faceCenterPointX: 257
faceCenterPointY: 85
headPositionsX: [ 258, 275, 275, 277, 276, 276, 277, 274, 277, 274, 272,
    268, 268, 261, 260, 255, 250, 248, 246, 246, 243, 245, 241, 241, 243,
    243, 248, 251, 256, 258, 265, 268, 273, 274, 276, 279, 279, 276, 277,
    274, 273, 269, 266, 263, 262, 257, 253, 249, 248, 250, 246, 243, 247,
    245, 244, 249, 247, 250, 255, 256, 259, 262, 265, 266, 266, 269, 267,
    271, 270, 270, 267, 266, 266, 264, 262, 263, 262, 262, 259, 258, 260,
    255, 259, 256, 255, 257, 256, 258, 257, 259, 256, 255, 258, 255, 256,
    256, 259, 256, 258, 256 ]
headPositionsY: [ 86, 85, 82, 83, 81, 83, 83, 82, 84, 83, 80, 82, 82, 82,
    84, 81, 82, 86, 86, 85, 83, 86, 86, 85, 84, 85, 86, 85, 85, 85, 84,
    85, 81, 80, 82, 84, 84, 85, 83, 81, 85, 88, 87, 87, 87, 84, 86, 88,
    85, 85, 87, 87, 83, 88, 85, 83, 84, 85, 87, 88, 86, 85, 84, 87, 85,
    86, 86, 86, 86, 85, 88, 84, 85, 88, 84, 88, 85, 86, 87, 83, 88, 84,
    86, 83, 86, 84, 87, 86, 87, 87, 85, 85, 86, 84, 84, 87, 83, 84, 85,
    87 ]
