%YAML:1.0
---
videoName: "headShake8.mp4"
gestureLabel: 201
fps: 29
pixelSizeInCmTemp: 3.2364864864864862e-01
faceCenterPointX: 243
faceCenterPointY: 72
headPositionsX: [ 243, 242, 243, 246, 246, 246, 242, 244, 243, 243, 243,
    244, 245, 244, 244, 241, 242, 242, 242, 243, 246, 242, 244, 246, 241,
    244, 243, 242, 245, 242, 241, 243, 244, 246, 248, 249, 253, 254, 260,
    264, 267, 267, 266, 261, 255, 249, 247, 241, 234, 231, 229, 230, 234,
    238, 242, 247, 252, 261, 259, 258, 258, 254, 250, 245, 241, 239, 237,
    234, 236, 234, 234, 236, 238, 240, 242, 244, 245, 249, 248, 248, 248,
    251, 249, 248, 247, 251, 248, 245, 244, 244, 244, 246, 244, 245, 243,
    242, 241, 245, 241, 241 ]
headPositionsY: [ 71, 71, 73, 73, 70, 73, 72, 71, 73, 70, 70, 70, 74, 74,
    70, 73, 70, 73, 73, 74, 74, 72, 73, 72, 73, 73, 72, 73, 74, 72, 73,
    74, 71, 71, 71, 71, 69, 69, 71, 69, 71, 70, 70, 71, 69, 69, 71, 72,
    73, 71, 69, 72, 72, 73, 70, 72, 68, 70, 70, 70, 69, 70, 71, 70, 71,
    72, 70, 71, 73, 70, 71, 71, 70, 70, 74, 72, 73, 72, 70, 73, 70, 73,
    72, 70, 71, 74, 73, 73, 73, 70, 69, 70, 73, 72, 70, 73, 70, 74, 73,
    72 ]
