%YAML:1.0
---
videoName: "headShake5.mp4"
gestureLabel: 201
fps: 30
pixelSizeInCmTemp: 3.3263888888888887e-01
faceCenterPointX: 275
faceCenterPointY: 73
headPositionsX: [ 273, 278, 279, 277, 280, 279, 281, 279, 277, 276, 279,
    279, 277, 276, 276, 280, 277, 277, 276, 276, 277, 280, 279, 277, 278,
    275, 276, 279, 278, 279, 280, 275, 278, 279, 284, 287, 287, 295, 297,
    298, 293, 291, 291, 283, 278, 273, 265, 265, 265, 263, 269, 274, 282,
    287, 290, 291, 290, 282, 278, 275, 268, 262, 263, 263, 267, 270, 276,
    282, 284, 282, 287, 282, 279, 280, 274, 273, 267, 265, 269, 267, 269,
    272, 276, 279, 282, 281, 280, 280, 282, 283, 280, 281, 275, 278, 276,
    275, 277, 275, 273, 276 ]
headPositionsY: [ 75, 73, 71, 74, 74, 71, 73, 74, 72, 74, 72, 73, 76, 75,
    76, 73, 73, 72, 74, 73, 74, 71, 76, 75, 72, 73, 74, 73, 75, 75, 75,
    75, 72, 71, 71, 71, 70, 74, 71, 72, 73, 71, 73, 72, 73, 72, 71, 75,
    75, 74, 73, 76, 76, 73, 72, 73, 75, 72, 77, 77, 74, 73, 72, 72, 76,
    74, 76, 72, 74, 74, 72, 75, 72, 75, 75, 72, 72, 71, 72, 70, 75, 72,
    71, 70, 74, 75, 73, 73, 70, 73, 70, 74, 72, 75, 72, 71, 74, 72, 74,
    73 ]
