%YAML:1.0
---
videoName: "headShake4.mp4"
gestureLabel: 201
fps: 30
pixelSizeInCmTemp: 3.2364864864864862e-01
faceCenterPointX: 237
faceCenterPointY: 101
headPositionsX: [ 238, 240, 243, 250, 250, 253, 256, 255, 252, 250, 244,
    238, 231, 226, 225, 222, 228, 230, 235, 243, 249, 253, 255, 251, 251,
    246, 241, 235, 231, 225, 223, 225, 226, 231, 236, 241, 246, 249, 252,
    254, 253, 251, 245, 242, 239, 232, 227, 227, 222, 223, 228, 230, 231,
    238, 243, 245, 248, 250, 247, 246, 247, 245, 239, 239, 236, 234, 228,
    230, 230, 229, 232, 232, 237, 239, 241, 241, 241, 242, 239, 239, 240,
    239, 241, 239, 239, 239, 235, 236, 234, 240, 236, 239, 238, 235, 238,
    238, 239, 237, 236, 236 ]
headPositionsY: [ 100, 98, 96, 97, 101, 98, 97, 100, 98, 101, 101, 102,
    100, 98, 97, 96, 97, 98, 100, 100, 95, 101, 96, 100, 97, 102, 98,
    101, 100, 96, 97, 101, 97, 100, 99, 102, 98, 100, 97, 101, 100, 100,
    98, 101, 99, 99, 100, 99, 101, 99, 100, 100, 100, 100, 100, 102, 97,
    99, 100, 101, 101, 99, 101, 103, 98, 101, 102, 98, 97, 101, 100, 99,
    100, 98, 101, 101, 102, 102, 101, 102, 100, 102, 102, 101, 100, 101,
    101, 100, 100, 103, 101, 98, 97, 98, 101, 103, 101, 100, 100, 102 ]
