%YAML:1.0
---
videoName: "headShake20.mp4"
gestureLabel: 201
fps: 29
pixelSizeInCmTemp: 3.3263888888888887e-01
faceCenterPointX: 242
faceCenterPointY: 78
headPositionsX: [ 244, 242, 242, 245, 243, 244, 244, 245, 244, 241, 244,
    245, 242, 244, 241, 245, 244, 243, 243, 242, 244, 242, 243, 242, 243,
    244, 244, 243, 241, 242, 243, 243, 242, 244, 243, 245, 245, 243, 245,
    246, 246, 251, 254, 257, 262, 258, 256, 255, 250, 243, 236, 232, 233,
    230, 231, 234, 237, 246, 248, 249, 253, 254, 248, 244, 241, 240, 236,
    232, 233, 232, 233, 238, 240, 245, 246, 244, 246, 247, 242, 243, 240,
    240, 240, 239, 242, 243, 244, 241, 245, 244, 241, 244, 245, 241, 244,
    245, 244, 244, 242, 242 ]
headPositionsY: [ 76, 75, 77, 78, 76, 78, 74, 75, 78, 77, 77, 77, 75, 75,
    76, 74, 75, 77, 75, 75, 76, 78, 77, 77, 78, 74, 76, 78, 78, 78, 78,
    74, 76, 76, 77, 78, 77, 78, 76, 77, 78, 74, 77, 76, 73, 75, 76, 75,
    79, 77, 75, 78, 78, 74, 74, 74, 74, 75, 76, 75, 77, 74, 75, 74, 78,
    74, 76, 76, 77, 76, 78, 79, 77, 76, 78, 77, 78, 79, 79, 76, 77, 78,
    76, 76, 78, 78, 79, 76, 75, 79, 77, 78, 75, 77, 79, 75, 77, 77, 77,
    75 ]
