%YAML:1.0
---
videoName: "headShake15.mp4"
gestureLabel: 201
fps: 29
pixelSizeInCmTemp: 3.3263888888888887e-01
faceCenterPointX: 243
faceCenterPointY: 76
headPositionsX: [ 244, 246, 244, 243, 246, 242, 243, 243, 245, 242, 242,
    244, 245, 245, 242, 243, 242, 241, 242, 242, 244, 244, 241, 243, 241,
    244, 241, 241, 245, 241, 241, 243, 242, 242, 242, 241, 244, 244, 244,
    243, 243, 241, 242, 245, 244, 244, 244, 243, 243, 243, 241, 242, 242,
    243, 243, 244, 242, 241, 241, 240, 241, 243, 247, 246, 252, 251, 253,
    257, 260, 258, 256, 253, 251, 249, 241, 237, 239, 238, 239, 237, 239,
    245, 243, 246, 246, 246, 246, 243, 247, 242, 243, 241, 244, 242, 242,
    242, 245, 243, 242, 243 ]
headPositionsY: [ 74, 74, 76, 76, 75, 73, 77, 76, 76, 74, 73, 76, 74, 74,
    75, 73, 75, 75, 75, 74, 78, 76, 78, 77, 74, 77, 75, 73, 75, 75, 75,
    76, 73, 75, 76, 75, 74, 76, 73, 76, 77, 74, 77, 75, 76, 78, 76, 76,
    78, 77, 78, 75, 78, 74, 77, 76, 77, 77, 78, 74, 78, 77, 75, 77, 73,
    75, 74, 72, 75, 73, 76, 73, 74, 76, 79, 78, 76, 75, 77, 75, 74, 75,
    75, 77, 79, 76, 77, 78, 76, 78, 76, 75, 75, 77, 75, 75, 78, 75, 77,
    76 ]
