%YAML:1.0
---
videoName: "headShake35.mp4"
gestureLabel: 201
fps: 29
pixelSizeInCmTemp: 3.2364864864864862e-01
faceCenterPointX: 267
faceCenterPointY: 82
headPositionsX: [ 265, 269, 269, 268, 267, 267, 269, 265, 266, 267, 268,
    268, 269, 269, 268, 267, 269, 268, 267, 267, 269, 267, 267, 269, 271,
    269, 269, 266, 270, 267, 266, 269, 268, 268, 269, 266, 269, 269, 270,
    267, 269, 265, 267, 267, 268, 268, 269, 269, 267, 267, 267, 268, 268,
    268, 265, 266, 265, 265, 269, 265, 270, 267, 269, 270, 274, 274, 278,
    278, 280, 280, 275, 271, 267, 260, 262, 256, 260, 264, 266, 272, 274,
    277, 274, 271, 271, 266, 264, 263, 264, 260, 264, 262, 266, 268, 266,
    268, 266, 268, 265, 268 ]
headPositionsY: [ 80, 78, 79, 77, 82, 79, 80, 78, 81, 82, 79, 78, 81, 80,
    81, 80, 82, 78, 80, 80, 80, 80, 79, 79, 80, 82, 80, 78, 78, 82, 78,
    78, 83, 80, 80, 79, 78, 81, 78, 80, 81, 81, 78, 81, 80, 80, 80, 79,
    81, 82, 80, 80, 79, 80, 81, 82, 81, 81, 78, 82, 82, 80, 81, 80, 80,
    80, 78, 78, 80, 80, 81, 80, 81, 81, 79, 78, 81, 81, 84, 82, 84, 80,
    82, 81, 84, 81, 81, 83, 80, 81, 82, 83, 80, 81, 81, 83, 79, 83, 83,
    84 ]
