%YAML:1.0
---
videoName: "headShake45.mp4"
gestureLabel: 201
fps: 30
pixelSizeInCmTemp: 3.3263888888888887e-01
faceCenterPointX: 262
faceCenterPointY: 84
headPositionsX: [ 261, 260, 262, 261, 261, 265, 264, 264, 263, 265, 262,
    265, 264, 263, 261, 261, 261, 264, 260, 264, 261, 263, 264, 260, 260,
    264, 261, 264, 260, 260, 264, 260, 263, 263, 260, 259, 259, 262, 259,
    258, 257, 255, 258, 264, 270, 276, 281, 281, 278, 276, 274, 265, 259,
    255, 256, 254, 259, 260, 266, 271, 273, 273, 273, 269, 265, 257, 258,
    253, 254, 259, 264, 269, 271, 272, 271, 269, 267, 259, 258, 256, 259,
    259, 262, 264, 265, 263, 262, 260, 260, 257, 261, 261, 259, 263, 264,
    261, 264, 260, 262, 264 ]
headPositionsY: [ 82, 82, 80, 83, 81, 83, 82, 82, 81, 82, 82, 84, 84, 82,
    82, 80, 83, 84, 83, 82, 82, 80, 85, 84, 83, 82, 80, 82, 80, 83, 81,
    84, 84, 84, 80, 84, 81, 83, 83, 80, 83, 80, 83, 80, 82, 79, 80, 81,
    78, 81, 85, 84, 83, 84, 82, 85, 82, 81, 81, 83, 80, 80, 80, 80, 85,
    84, 86, 83, 82, 83, 83, 83, 83, 80, 81, 81, 82, 83, 83, 84, 83, 82,
    81, 83, 85, 84, 84, 84, 86, 81, 81, 82, 84, 85, 83, 83, 82, 81, 82,
    83 ]
