%YAML:1.0
---
videoName: "headShake7.mp4"
gestureLabel: 201
fps: 29
pixelSizeInCmTemp: 3.3263888888888887e-01
faceCenterPointX: 244
faceCenterPointY: 72
headPositionsX: [ 243, 244, 241, 244, 243, 242, 242, 243, 242, 245, 246,
    246, 252, 252, 254, 257, 258, 258, 257, 255, 251, 247, 238, 237, 232,
    231, 235, 241, 245, 253, 256, 259, 258, 259, 254, 252, 243, 236, 231,
    231, 228, 230, 230, 237, 239, 248, 250, 251, 256, 257, 252, 250, 244,
    241, 239, 234, 231, 228, 230, 233, 239, 242, 249, 253, 253, 254, 257,
    256, 254, 251, 247, 242, 238, 235, 235, 236, 235, 235, 236, 240, 240,
    241, 242, 244, 245, 244, 248, 246, 248, 245, 248, 245, 248, 243, 243,
    243, 242, 241, 243, 244 ]
headPositionsY: [ 73, 73, 69, 72, 71, 69, 69, 69, 73, 74, 70, 72, 68, 70,
    70, 70, 67, 66, 68, 69, 69, 72, 71, 72, 71, 70, 69, 72, 72, 69, 69,
    69, 71, 70, 71, 72, 73, 69, 71, 72, 69, 72, 72, 72, 73, 70, 71, 71,
    67, 70, 71, 71, 71, 70, 73, 71, 72, 70, 71, 73, 72, 70, 69, 70, 69,
    67, 70, 70, 68, 72, 72, 70, 69, 71, 73, 72, 72, 72, 68, 71, 73, 72,
    73, 74, 74, 71, 71, 71, 73, 73, 74, 71, 72, 73, 70, 72, 72, 73, 74,
    71 ]
