%YAML:1.0
---
videoName: "headShake9.mp4"
gestureLabel: 201
fps: 30
pixelSizeInCmTemp: 3.2808219178082193e-01
faceCenterPointX: 243
faceCenterPointY: 73
headPositionsX: [ 242, 243, 245, 243, 241, 244, 245, 245, 245, 241, 242,
    243, 241, 244, 242, 242, 242, 241, 241, 241, 244, 241, 244, 243, 245,
    243, 240, 241, 245, 244, 241, 244, 242, 245, 245, 242, 241, 244, 241,
    244, 249, 251, 251, 255, 263, 264, 265, 265, 259, 259, 253, 247, 244,
    238, 233, 232, 227, 231, 231, 235, 239, 249, 252, 256, 263, 260, 262,
    258, 257, 252, 243, 237, 233, 231, 231, 229, 226, 231, 239, 239, 245,
    246, 252, 251, 251, 252, 251, 246, 246, 247, 247, 247, 247, 243, 243,
    244, 243, 244, 242, 241 ]
headPositionsY: [ 71, 70, 70, 74, 70, 71, 71, 73, 74, 71, 73, 73, 73, 70,
    74, 74, 70, 73, 70, 73, 70, 73, 71, 72, 71, 75, 74, 72, 74, 71, 74,
    70, 74, 71, 73, 72, 71, 70, 71, 75, 70, 71, 70, 72, 68, 72, 69, 69,
    73, 73, 75, 71, 71, 75, 74, 73, 72, 70, 71, 72, 71, 74, 73, 73, 70,
    69, 68, 69, 71, 71, 70, 74, 74, 71, 75, 70, 73, 70, 73, 72, 71, 73,
    73, 74, 73, 75, 71, 71, 72, 71, 74, 75, 73, 73, 73, 72, 71, 74, 72,
    72 ]
