%YAML:1.0
---
videoName: "headShake10.mp4"
gestureLabel: 201
fps: 29
pixelSizeInCmTemp: 3.3732394366197183e-01
faceCenterPointX: 240
faceCenterPointY: 74
headPositionsX: [ 242, 248, 247, 247, 243, 247, 247, 246, 248, 248, 245,
    248, 248, 245, 247, 248, 244, 244, 245, 248, 245, 248, 247, 245, 244,
    245, 248, 245, 247, 246, 247, 248, 246, 244, 245, 247, 247, 243, 245,
    247, 243, 245, 246, 243, 247, 245, 246, 244, 244, 243, 246, 247, 250,
    252, 255, 257, 263, 261, 259, 261, 255, 253, 246, 243, 237, 235, 230,
    229, 234, 234, 238, 241, 244, 251, 256, 254, 254, 257, 258, 253, 253,
    251, 247, 244, 244, 243, 242, 241, 239, 238, 238, 239, 242, 241, 238,
    241, 239, 240, 243, 241 ]
headPositionsY: [ 76, 71, 72, 75, 71, 74, 73, 74, 74, 75, 72, 73, 72, 73,
    72, 72, 73, 73, 73, 74, 71, 71, 71, 71, 73, 73, 72, 71, 72, 71, 75,
    74, 72, 71, 75, 73, 71, 72, 74, 74, 73, 75, 71, 74, 71, 74, 73, 75,
    71, 72, 73, 74, 74, 70, 73, 68, 73, 69, 69, 72, 72, 74, 76, 72, 71,
    74, 75, 73, 71, 72, 74, 75, 74, 75, 73, 73, 73, 71, 75, 76, 75, 77,
    76, 77, 75, 73, 77, 74, 73, 77, 73, 73, 72, 73, 76, 75, 74, 77, 76,
    75 ]
