%YAML:1.0
---
videoName: "headShake29.mp4"
gestureLabel: 201
fps: 29
pixelSizeInCmTemp: 3.3263888888888887e-01
faceCenterPointX: 243
faceCenterPointY: 76
headPositionsX: [ 241, 242, 243, 243, 243, 243, 242, 242, 243, 244, 244,
    242, 242, 242, 242, 241, 245, 240, 243, 240, 242, 243, 243, 241, 242,
    239, 241, 235, 239, 240, 245, 246, 252, 253, 254, 257, 254, 252, 249,
    240, 240, 235, 232, 227, 229, 228, 232, 240, 242, 249, 251, 251, 252,
    251, 249, 245, 242, 239, 234, 231, 228, 227, 231, 233, 236, 243, 247,
    251, 251, 253, 253, 249, 247, 247, 245, 239, 236, 237, 236, 232, 235,
    233, 235, 239, 238, 238, 237, 240, 241, 242, 244, 245, 242, 244, 244,
    244, 244, 244, 241, 245 ]
headPositionsY: [ 77, 75, 75, 76, 76, 73, 76, 76, 77, 77, 77, 78, 76, 78,
    76, 74, 78, 78, 78, 74, 77, 75, 76, 77, 77, 77, 76, 77, 78, 76, 77,
    77, 76, 74, 73, 73, 73, 77, 75, 77, 79, 74, 77, 78, 74, 78, 74, 77,
    77, 77, 77, 75, 73, 75, 75, 78, 78, 75, 76, 75, 77, 76, 78, 76, 78,
    77, 77, 78, 75, 76, 74, 76, 76, 76, 78, 74, 77, 76, 78, 73, 76, 75,
    74, 75, 77, 78, 76, 78, 77, 74, 77, 77, 78, 75, 77, 75, 77, 77, 76,
    77 ]
