%YAML:1.0
---
videoName: "headShake45.mp4"
gestureLabel: 201
fps: 30
pixelSizeInCmTemp: 3.3263888888888887e-01
faceCenterPointX: 262
faceCenterPointY: 84
headPositionsX: [ 263, 260, 263, 261, 263, 265, 265, 264, 264, 261, 263,
    262, 260, 264, 264, 260, 262, 263, 264, 262, 260, 264, 263, 263, 262,
    264, 260, 260, 261, 262, 260, 262, 264, 261, 262, 261, 263, 261, 259,
    257, 254, 256, 258, 264, 272, 277, 279, 283, 282, 277, 273, 267, 263,
    256, 252, 255, 259, 262, 267, 269, 274, 276, 272, 267, 262, 257, 255,
    255, 257, 259, 263, 267, 271, 271, 272, 269, 267, 259, 258, 254, 255,
    258, 260, 263, 263, 263, 265, 259, 260, 260, 258, 260, 262, 260, 262,
    263, 261, 262, 260, 261 ]
headPositionsY: [ 84, 82, 80, 83, 81, 79, 82, 81, 82, 81, 82, 81, 80, 80,
    81, 82, 81, 84, 82, 83, 81, 83, 84, 84, 81, 81, 83, 81, 82, 81, 83,
    85, 82, 81, 82, 81, 81, 80, 83, 81, 81, 84, 80, 83, 80, 81, 82, 78,
    80, 80, 81, 83, 85, 81, 81, 85, 82, 82, 80, 82, 80, 82, 79, 80, 81,
    85, 85, 83, 82, 84, 84, 81, 84, 81, 84, 84, 84, 86, 83, 82, 85, 82,
    85, 82, 84, 82, 82, 84, 83, 84, 81, 81, 83, 83, 85, 83, 85, 84, 81,
    85 ]
