%YAML:1.0
---
videoName: "headShake7.mp4"
gestureLabel: 201
fps: 29
pixelSizeInCmTemp: 3.3263888888888887e-01
faceCenterPointX: 244
faceCenterPointY: 72
headPositionsX: [ 245, 243, 245, 245, 244, 242, 242, 243, 244, 246, 247,
    249, 251, 256, 256, 255, 260, 262, 256, 253, 252, 249, 238, 233, 231,
    233, 236, 242, 248, 254, 256, 259, 260, 259, 257, 248, 243, 240, 234,
    231, 227, 227, 231, 237, 242, 247, 248, 253, 257, 253, 251, 250, 245,
    243, 237, 233, 229, 230, 228, 235, 241, 244, 247, 250, 255, 254, 260,
    253, 254, 253, 246, 245, 240, 238, 235, 234, 236, 235, 233, 237, 239,
    240, 243, 246, 245, 244, 247, 249, 245, 246, 249, 244, 245, 247, 246,
    245, 241, 245, 242, 245 ]
headPositionsY: [ 73, 73, 73, 72, 72, 69, 71, 70, 71, 74, 71, 71, 72, 68,
    71, 67, 70, 68, 71, 71, 69, 72, 71, 69, 73, 69, 69, 72, 69, 68, 70,
    70, 67, 72, 71, 72, 73, 69, 72, 69, 72, 73, 68, 70, 70, 69, 70, 70,
    67, 71, 72, 71, 73, 73, 71, 71, 71, 67, 69, 72, 69, 72, 69, 70, 68,
    70, 69, 68, 69, 72, 72, 69, 69, 70, 71, 69, 73, 68, 69, 70, 71, 69,
    71, 73, 74, 73, 72, 73, 70, 72, 74, 71, 72, 70, 72, 70, 70, 72, 70,
    71 ]
