%YAML:1.0
---
videoName: "headShake30.mp4"
gestureLabel: 201
fps: 29
pixelSizeInCmTemp: 3.2808219178082193e-01
faceCenterPointX: 240
faceCenterPointY: 68
headPositionsX: [ 240, 233, 231, 233, 234, 234, 232, 231, 232, 233, 236,
    238, 235, 236, 240, 238, 243, 241, 245, 243, 244, 245, 244, 242, 246,
    240, 240, 243, 244, 239, 240, 242, 239, 238, 238, 240, 237, 241, 241,
    245, 248, 256, 258, 256, 259, 258, 260, 254, 251, 242, 240, 230, 226,
    222, 225, 226, 231, 236, 238, 246, 248, 252, 252, 253, 244, 240, 236,
    230, 227, 226, 229, 230, 231, 236, 242, 245, 250, 252, 249, 248, 249,
    246, 244, 237, 239, 233, 237, 239, 236, 239, 238, 241, 242, 242, 241,
    239, 239, 238, 241, 241 ]
headPositionsY: [ 70, 57, 54, 56, 56, 61, 58, 60, 59, 64, 66, 63, 64, 63,
    64, 65, 63, 64, 64, 67, 67, 66, 66, 63, 64, 64, 63, 68, 64, 63, 67,
    66, 65, 66, 64, 68, 66, 65, 68, 65, 67, 63, 64, 63, 63, 67, 64, 64,
    66, 65, 67, 68, 68, 66, 69, 67, 69, 68, 67, 67, 66, 65, 67, 68, 71,
    68, 69, 69, 69, 66, 68, 70, 70, 67, 67, 69, 66, 68, 65, 66, 65, 68,
    68, 68, 68, 66, 67, 68, 66, 67, 70, 69, 69, 66, 70, 69, 66, 70, 70,
    70 ]
