%YAML:1.0
---
videoName: "headShake5.mp4"
gestureLabel: 201
fps: 30
pixelSizeInCmTemp: 3.3263888888888887e-01
faceCenterPointX: 275
faceCenterPointY: 73
headPositionsX: [ 273, 276, 279, 277, 276, 276, 281, 279, 279, 277, 278,
    280, 276, 279, 280, 276, 279, 275, 278, 277, 277, 277, 279, 278, 279,
    279, 276, 276, 280, 276, 279, 276, 280, 282, 284, 283, 290, 292, 294,
    298, 294, 294, 291, 285, 279, 271, 267, 263, 265, 262, 267, 275, 279,
    287, 290, 292, 290, 282, 282, 274, 267, 265, 263, 266, 266, 271, 277,
    279, 283, 284, 285, 284, 281, 280, 275, 271, 266, 268, 267, 266, 271,
    272, 275, 279, 279, 283, 280, 283, 280, 281, 282, 277, 279, 277, 273,
    276, 277, 273, 273, 277 ]
headPositionsY: [ 71, 75, 74, 74, 73, 75, 72, 73, 73, 75, 75, 72, 74, 74,
    75, 74, 74, 71, 72, 75, 71, 74, 75, 71, 73, 71, 76, 74, 75, 73, 73,
    73, 74, 75, 71, 74, 74, 73, 71, 74, 72, 73, 73, 73, 74, 75, 74, 72,
    75, 71, 71, 73, 74, 76, 72, 71, 74, 74, 74, 75, 74, 73, 73, 75, 75,
    72, 72, 72, 73, 72, 73, 73, 73, 74, 75, 72, 75, 70, 72, 72, 76, 70,
    74, 74, 74, 73, 72, 70, 70, 72, 71, 75, 72, 71, 73, 73, 73, 74, 75,
    75 ]
