%YAML:1.0
---
videoName: "headShake21.mp4"
gestureLabel: 201
fps: 29
pixelSizeInCmTemp: 3.1933333333333330e-01
faceCenterPointX: 241
faceCenterPointY: 78
headPositionsX: [ 240, 243, 246, 244, 241, 242, 241, 241, 239, 244, 243,
    239, 241, 240, 242, 242, 244, 243, 244, 242, 241, 244, 244, 240, 243,
    245, 245, 243, 243, 242, 244, 245, 241, 245, 245, 245, 240, 243, 244,
    240, 244, 243, 243, 243, 242, 242, 241, 240, 241, 241, 244, 241, 242,
    241, 243, 242, 242, 242, 242, 243, 242, 240, 243, 239, 238, 242, 238,
    243, 248, 247, 253, 253, 251, 251, 245, 240, 237, 232, 234, 231, 237,
    238, 240, 244, 242, 243, 241, 244, 238, 239, 238, 236, 240, 238, 239,
    239, 241, 239, 242, 240 ]
headPositionsY: [ 76, 83, 79, 78, 79, 76, 73, 73, 71, 74, 71, 70, 71, 71,
    72, 69, 73, 73, 69, 71, 71, 74, 71, 71, 75, 73, 75, 76, 75, 77, 74,
    76, 77, 77, 74, 77, 77, 79, 75, 78, 77, 78, 79, 76, 80, 79, 76, 79,
    75, 79, 79, 78, 76, 76, 77, 76, 77, 78, 76, 80, 75, 79, 76, 77, 80,
    79, 78, 79, 80, 77, 77, 78, 77, 76, 76, 80, 79, 76, 79, 75, 76, 78,
    76, 79, 76, 80, 77, 79, 76, 76, 78, 78, 77, 79, 78, 76, 79, 76, 79,
    77 ]
