%YAML:1.0
---
videoName: "headShake40.mp4"
gestureLabel: 201
fps: 29
pixelSizeInCmTemp: 3.2808219178082193e-01
faceCenterPointX: 261
faceCenterPointY: 86
headPositionsX: [ 263, 261, 263, 260, 261, 263, 258, 260, 263, 260, 260,
    260, 261, 262, 263, 260, 262, 259, 259, 257, 259, 259, 260, 261, 261,
    260, 260, 257, 259, 258, 259, 254, 254, 255, 253, 255, 255, 263, 267,
    270, 273, 277, 278, 278, 279, 272, 270, 267, 257, 256, 250, 250, 247,
    245, 252, 254, 254, 259, 265, 266, 270, 272, 271, 267, 268, 265, 261,
    258, 257, 259, 258, 255, 259, 262, 261, 266, 266, 268, 268, 266, 263,
    266, 262, 263, 258, 261, 258, 259, 256, 258, 259, 258, 258, 259, 262,
    260, 262, 262, 259, 263 ]
headPositionsY: [ 86, 82, 84, 81, 81, 81, 82, 83, 82, 84, 82, 83, 86, 81,
    84, 82, 86, 83, 85, 80, 84, 82, 84, 85, 83, 83, 84, 82, 83, 84, 84,
    84, 83, 83, 84, 81, 82, 86, 82, 80, 79, 80, 80, 79, 81, 80, 82, 81,
    81, 85, 83, 85, 82, 82, 83, 82, 85, 82, 83, 83, 85, 85, 83, 85, 85,
    81, 83, 83, 85, 82, 85, 83, 83, 85, 80, 81, 85, 83, 83, 84, 85, 84,
    83, 85, 83, 86, 85, 85, 82, 85, 87, 87, 83, 87, 84, 83, 88, 87, 85,
    87 ]
