%YAML:1.0
---
videoName: "headShake13.mp4"
gestureLabel: 201
fps: 29
pixelSizeInCmTemp: 3.2364864864864862e-01
faceCenterPointX: 241
faceCenterPointY: 77
headPositionsX: [ 240, 240, 244, 239, 239, 241, 242, 242, 243, 240, 242,
    241, 241, 243, 241, 239, 240, 242, 242, 243, 243, 244, 243, 241, 243,
    241, 242, 243, 240, 239, 240, 239, 241, 240, 244, 250, 253, 258, 260,
    263, 261, 260, 259, 256, 248, 242, 239, 234, 228, 231, 230, 232, 234,
    241, 243, 250, 248, 252, 249, 250, 246, 241, 238, 234, 231, 232, 231,
    236, 240, 242, 244, 247, 251, 254, 252, 250, 249, 242, 241, 240, 235,
    232, 233, 232, 234, 236, 236, 241, 243, 243, 244, 245, 244, 244, 241,
    243, 243, 242, 239, 239 ]
headPositionsY: [ 76, 77, 77, 77, 77, 75, 78, 76, 77, 78, 76, 75, 77, 76,
    77, 76, 77, 75, 77, 78, 78, 77, 76, 75, 76, 76, 77, 78, 76, 75, 76,
    75, 77, 76, 74, 76, 76, 75, 73, 72, 76, 75, 77, 75, 77, 74, 74, 77,
    79, 77, 78, 76, 77, 79, 77, 78, 76, 75, 75, 75, 77, 78, 74, 77, 75,
    75, 76, 75, 75, 78, 77, 77, 78, 76, 74, 77, 76, 77, 74, 75, 78, 76,
    77, 76, 77, 76, 78, 74, 75, 76, 75, 75, 78, 74, 78, 78, 76, 74, 74,
    76 ]
