%YAML:1.0
---
videoName: "headShake25.mp4"
gestureLabel: 201
fps: 30
pixelSizeInCmTemp: 3.2364864864864862e-01
faceCenterPointX: 241
faceCenterPointY: 79
headPositionsX: [ 240, 256, 255, 252, 253, 249, 250, 249, 246, 243, 242,
    238, 236, 233, 232, 230, 232, 230, 227, 228, 231, 231, 232, 235, 241,
    242, 246, 246, 246, 248, 246, 251, 247, 246, 245, 247, 245, 238, 240,
    236, 233, 231, 232, 228, 229, 232, 230, 232, 235, 237, 241, 239, 242,
    246, 249, 248, 252, 250, 250, 250, 253, 251, 247, 244, 243, 243, 242,
    239, 236, 235, 234, 234, 232, 236, 234, 235, 236, 235, 237, 238, 238,
    237, 239, 239, 239, 240, 243, 243, 245, 243, 240, 240, 241, 243, 242,
    243, 243, 242, 242, 239 ]
headPositionsY: [ 77, 77, 77, 77, 77, 79, 75, 78, 79, 75, 75, 78, 76, 78,
    78, 76, 77, 80, 78, 80, 79, 76, 76, 78, 80, 79, 81, 77, 78, 78, 80,
    79, 80, 77, 78, 77, 77, 76, 77, 81, 76, 76, 77, 78, 80, 78, 78, 76,
    77, 78, 81, 78, 80, 77, 79, 79, 79, 77, 77, 79, 77, 80, 80, 77, 79,
    80, 80, 76, 78, 81, 80, 77, 78, 80, 76, 76, 77, 76, 77, 80, 80, 78,
    77, 80, 80, 78, 77, 80, 78, 77, 81, 80, 79, 80, 81, 77, 80, 81, 81,
    79 ]
