%YAML:1.0
---
videoName: "headShake8.mp4"
gestureLabel: 201
fps: 29
pixelSizeInCmTemp: 3.2364864864864862e-01
faceCenterPointX: 243
faceCenterPointY: 72
headPositionsX: [ 242, 242, 245, 246, 246, 244, 246, 245, 245, 242, 242,
    245, 243, 245, 242, 241, 243, 244, 242, 246, 242, 242, 243, 243, 241,
    243, 241, 244, 242, 245, 241, 246, 244, 246, 246, 251, 252, 254, 260,
    265, 265, 265, 263, 261, 256, 252, 248, 239, 234, 231, 229, 229, 232,
    237, 244, 250, 252, 257, 259, 260, 259, 256, 250, 245, 244, 237, 237,
    232, 237, 234, 235, 239, 237, 241, 243, 245, 247, 246, 250, 250, 250,
    252, 248, 250, 249, 247, 249, 247, 244, 246, 244, 242, 244, 242, 243,
    242, 244, 245, 243, 241 ]
headPositionsY: [ 70, 72, 71, 71, 72, 70, 71, 73, 71, 73, 70, 73, 74, 72,
    71, 72, 69, 70, 69, 72, 72, 70, 70, 72, 72, 74, 70, 73, 74, 70, 69,
    73, 70, 73, 73, 72, 70, 69, 71, 69, 68, 68, 69, 72, 72, 69, 74, 73,
    72, 70, 69, 71, 71, 71, 72, 72, 71, 71, 67, 71, 68, 71, 71, 70, 72,
    74, 70, 71, 72, 74, 74, 72, 70, 70, 72, 72, 71, 71, 71, 70, 74, 71,
    71, 70, 70, 71, 70, 74, 72, 73, 70, 72, 72, 69, 72, 71, 73, 71, 70,
    70 ]
