%YAML:1.0
---
videoName: "headShake14.mp4"
gestureLabel: 201
fps: 29
pixelSizeInCmTemp: 3.2364864864864862e-01
faceCenterPointX: 244
faceCenterPointY: 76
headPositionsX: [ 242, 247, 247, 248, 246, 246, 247, 246, 244, 243, 245,
    243, 247, 245, 246, 245, 244, 243, 243, 246, 246, 245, 246, 245, 246,
    249, 250, 252, 255, 261, 259, 260, 260, 259, 254, 249, 247, 242, 236,
    231, 224, 225, 228, 230, 231, 236, 244, 250, 250, 256, 258, 256, 254,
    252, 247, 243, 240, 236, 234, 231, 232, 233, 236, 237, 242, 245, 245,
    247, 249, 250, 250, 250, 247, 247, 248, 242, 243, 242, 240, 241, 241,
    238, 241, 238, 242, 242, 241, 244, 242, 244, 244, 247, 242, 246, 242,
    245, 243, 245, 244, 243 ]
headPositionsY: [ 74, 77, 76, 77, 76, 74, 78, 77, 73, 73, 74, 78, 74, 73,
    73, 77, 76, 77, 73, 76, 73, 77, 77, 78, 74, 74, 75, 73, 71, 75, 72,
    74, 70, 74, 75, 77, 76, 77, 78, 76, 73, 73, 76, 73, 75, 73, 75, 76,
    71, 74, 73, 74, 75, 74, 77, 75, 73, 75, 73, 74, 73, 75, 76, 76, 74,
    73, 78, 75, 75, 77, 74, 77, 77, 75, 78, 78, 76, 75, 75, 75, 73, 73,
    77, 77, 74, 74, 76, 78, 76, 75, 75, 76, 76, 77, 77, 75, 78, 77, 78,
    74 ]
