%YAML:1.0
---
videoName: "headShake17.mp4"
gestureLabel: 201
fps: 29
pixelSizeInCmTemp: 3.3263888888888887e-01
faceCenterPointX: 242
faceCenterPointY: 76
headPositionsX: [ 241, 240, 239, 237, 237, 238, 238, 243, 247, 249, 250,
    254, 258, 256, 257, 257, 253, 249, 247, 241, 238, 231, 228, 227, 227,
    226, 229, 230, 233, 240, 245, 245, 252, 251, 255, 252, 254, 253, 250,
    245, 241, 240, 235, 232, 233, 234, 230, 234, 234, 235, 235, 238, 240,
    241, 246, 246, 246, 247, 245, 241, 240, 241, 240, 240, 241, 240, 239,
    239, 242, 240, 238, 239, 240, 239, 240, 239, 240, 242, 241, 239, 242,
    239, 240, 243, 239, 240, 243, 243, 240, 240, 239, 243, 242, 242, 243,
    241, 240, 242, 242, 240 ]
headPositionsY: [ 78, 78, 75, 75, 77, 78, 77, 75, 75, 74, 75, 75, 76, 76,
    77, 76, 73, 76, 77, 75, 78, 79, 79, 79, 75, 79, 75, 75, 78, 79, 77,
    76, 74, 76, 74, 74, 76, 76, 76, 80, 76, 78, 79, 77, 78, 75, 75, 75,
    77, 79, 76, 79, 76, 76, 77, 77, 75, 75, 79, 76, 76, 76, 75, 77, 77,
    76, 76, 75, 75, 78, 76, 74, 78, 74, 75, 77, 74, 75, 78, 77, 78, 77,
    77, 75, 75, 75, 76, 77, 75, 74, 75, 76, 77, 77, 78, 77, 78, 76, 75,
    76 ]
