%YAML:1.0
---
videoName: "headShake42.mp4"
gestureLabel: 201
fps: 29
pixelSizeInCmTemp: 3.2808219178082193e-01
faceCenterPointX: 257
faceCenterPointY: 85
headPositionsX: [ 256, 274, 275, 274, 277, 275, 278, 276, 273, 273, 273,
    270, 266, 263, 261, 256, 253, 249, 247, 247, 242, 244, 245, 243, 243,
    245, 246, 250, 252, 257, 264, 268, 271, 274, 280, 281, 275, 280, 278,
    277, 272, 272, 268, 266, 264, 258, 254, 253, 251, 250, 248, 246, 245,
    247, 246, 245, 249, 251, 255, 254, 257, 259, 264, 263, 265, 270, 267,
    271, 270, 269, 267, 270, 267, 264, 265, 265, 261, 261, 261, 257, 258,
    255, 258, 259, 258, 258, 255, 256, 257, 258, 259, 254, 254, 255, 259,
    259, 256, 259, 259, 256 ]
headPositionsY: [ 87, 82, 80, 83, 82, 80, 80, 82, 81, 83, 80, 85, 82, 82,
    83, 85, 83, 82, 86, 83, 86, 85, 85, 87, 86, 85, 82, 87, 87, 85, 85,
    86, 84, 83, 81, 81, 85, 85, 82, 83, 84, 85, 85, 87, 88, 86, 88, 84,
    85, 85, 83, 85, 83, 86, 86, 83, 85, 88, 86, 88, 87, 84, 84, 83, 85,
    87, 83, 83, 85, 84, 85, 87, 88, 86, 85, 87, 84, 87, 87, 85, 85, 86,
    87, 85, 87, 87, 85, 87, 85, 84, 85, 85, 87, 84, 86, 87, 85, 86, 86,
    83 ]
