%YAML:1.0
---
videoName: "headShake4.mp4"
gestureLabel: 201
fps: 30
pixelSizeInCmTemp: 3.2364864864864862e-01
faceCenterPointX: 237
faceCenterPointY: 101
headPositionsX: [ 237, 240, 244, 247, 253, 254, 256, 252, 252, 247, 245,
    239, 231, 225, 224, 225, 225, 229, 238, 241, 248, 253, 254, 250, 250,
    245, 242, 234, 232, 223, 224, 226, 227, 228, 232, 243, 247, 251, 252,
    257, 254, 252, 248, 243, 235, 231, 228, 223, 226, 226, 229, 229, 233,
    239, 241, 244, 249, 246, 250, 247, 249, 246, 242, 237, 236, 233, 232,
    233, 231, 229, 233, 232, 234, 239, 237, 241, 242, 242, 239, 243, 239,
    241, 239, 237, 237, 236, 239, 235, 238, 237, 234, 235, 238, 238, 239,
    238, 239, 237, 237, 237 ]
headPositionsY: [ 100, 97, 100, 96, 99, 99, 97, 99, 96, 97, 100, 98, 101,
    98, 99, 96, 95, 99, 99, 99, 95, 98, 96, 98, 99, 101, 99, 101, 99, 96,
    99, 97, 96, 98, 99, 100, 100, 98, 96, 101, 98, 98, 100, 99, 98, 98,
    99, 100, 99, 100, 98, 98, 100, 103, 99, 100, 99, 100, 97, 100, 102,
    101, 100, 99, 100, 101, 101, 99, 99, 97, 100, 100, 100, 98, 102, 98,
    100, 98, 100, 99, 101, 101, 100, 102, 102, 99, 100, 99, 102, 102,
    101, 100, 99, 98, 101, 103, 100, 101, 98, 101 ]
