%YAML:1.0
---
videoName: "headShake26.mp4"
gestureLabel: 201
fps: 30
pixelSizeInCmTemp: 3.2808219178082193e-01
faceCenterPointX: 243
faceCenterPointY: 78
headPositionsX: [ 242, 240, 239, 238, 240, 244, 245, 245, 248, 250, 248,
    248, 251, 250, 249, 251, 251, 250, 249, 243, 240, 239, 233, 231, 229,
    228, 227, 232, 230, 233, 231, 233, 239, 239, 244, 246, 249, 252, 251,
    254, 256, 249, 252, 249, 244, 239, 237, 237, 232, 228, 228, 229, 229,
    231, 233, 236, 238, 238, 244, 246, 246, 249, 250, 252, 252, 250, 252,
    251, 249, 249, 245, 242, 242, 242, 240, 237, 236, 237, 236, 238, 235,
    240, 239, 240, 240, 240, 240, 243, 242, 244, 243, 245, 246, 246, 244,
    241, 245, 243, 245, 243 ]
headPositionsY: [ 80, 76, 76, 77, 76, 78, 76, 76, 79, 76, 78, 77, 77, 76,
    77, 77, 76, 80, 77, 78, 80, 78, 75, 77, 76, 74, 74, 76, 77, 78, 75,
    75, 76, 75, 78, 76, 78, 78, 77, 77, 76, 78, 75, 78, 80, 78, 77, 76,
    75, 78, 77, 76, 79, 77, 74, 79, 80, 80, 77, 77, 78, 76, 78, 77, 78,
    75, 78, 77, 77, 78, 79, 80, 76, 78, 80, 77, 77, 79, 79, 76, 80, 80,
    79, 77, 79, 79, 78, 78, 78, 78, 81, 81, 78, 77, 78, 81, 77, 80, 77,
    80 ]
