%YAML:1.0
---
videoName: "headShake16.mp4"
gestureLabel: 201
fps: 29
pixelSizeInCmTemp: 3.2364864864864862e-01
faceCenterPointX: 242
faceCenterPointY: 77
headPositionsX: [ 244, 245, 244, 242, 241, 245, 244, 243, 245, 241, 246,
    241, 245, 242, 244, 244, 241, 246, 244, 245, 244, 241, 241, 241, 241,
    242, 241, 245, 243, 243, 244, 245, 244, 241, 239, 241, 242, 243, 246,
    248, 250, 255, 256, 252, 252, 250, 247, 242, 242, 237, 235, 233, 237,
    236, 241, 241, 242, 245, 251, 247, 251, 247, 249, 243, 243, 238, 238,
    236, 234, 233, 236, 236, 235, 238, 241, 244, 245, 244, 243, 242, 242,
    240, 240, 241, 241, 237, 236, 238, 239, 241, 241, 239, 240, 243, 240,
    244, 244, 242, 240, 244 ]
headPositionsY: [ 79, 73, 75, 77, 74, 78, 75, 78, 73, 78, 78, 78, 75, 76,
    78, 77, 75, 74, 78, 75, 78, 76, 74, 78, 74, 77, 76, 78, 75, 77, 76,
    76, 76, 74, 73, 78, 76, 78, 76, 77, 77, 77, 74, 77, 73, 77, 74, 77,
    76, 76, 77, 75, 75, 78, 79, 79, 78, 74, 77, 77, 76, 75, 75, 76, 76,
    78, 75, 75, 77, 78, 78, 76, 77, 79, 78, 78, 77, 75, 76, 78, 78, 75,
    76, 76, 75, 75, 78, 76, 78, 79, 75, 75, 74, 76, 78, 77, 74, 77, 77,
    76 ]
