%YAML:1.0
---
videoName: "headShake41.mp4"
gestureLabel: 201
fps: 29
pixelSizeInCmTemp: 3.2364864864864862e-01
faceCenterPointX: 264
faceCenterPointY: 85
headPositionsX: [ 262, 261, 263, 261, 259, 261, 263, 261, 263, 260, 263,
    263, 261, 262, 261, 261, 262, 259, 261, 261, 261, 264, 265, 263, 264,
    268, 272, 275, 272, 277, 277, 281, 281, 283, 280, 282, 283, 280, 280,
    279, 276, 270, 264, 262, 256, 255, 250, 248, 244, 248, 245, 248, 247,
    244, 247, 251, 252, 253, 255, 259, 265, 265, 267, 275, 274, 278, 277,
    279, 275, 275, 278, 274, 272, 270, 271, 269, 268, 265, 266, 263, 264,
    263, 262, 262, 264, 265, 262, 262, 261, 264, 264, 262, 264, 265, 262,
    263, 263, 265, 265, 264 ]
headPositionsY: [ 83, 80, 84, 86, 84, 81, 83, 81, 85, 82, 83, 82, 81, 83,
    82, 86, 84, 86, 85, 82, 83, 85, 85, 82, 82, 81, 83, 81, 81, 80, 80,
    82, 82, 82, 81, 80, 82, 80, 85, 84, 83, 82, 84, 83, 81, 86, 83, 86,
    80, 83, 84, 85, 80, 83, 83, 87, 85, 86, 84, 86, 84, 84, 82, 85, 82,
    85, 86, 82, 84, 83, 85, 82, 85, 87, 83, 87, 84, 83, 85, 86, 86, 85,
    84, 85, 82, 83, 86, 85, 84, 82, 84, 83, 84, 85, 86, 83, 85, 84, 83,
    85 ]
