%YAML:1.0
---
videoName: "headShake10.mp4"
gestureLabel: 201
fps: 29
pixelSizeInCmTemp: 3.3732394366197183e-01
faceCenterPointX: 240
faceCenterPointY: 74
headPositionsX: [ 239, 245, 248, 244, 247, 244, 245, 243, 245, 244, 247,
    247, 244, 245, 247, 248, 248, 246, 246, 246, 248, 245, 246, 248, 245,
    248, 245, 247, 245, 245, 245, 247, 247, 248, 247, 247, 246, 244, 244,
    248, 246, 246, 245, 247, 248, 245, 245, 243, 245, 245, 245, 249, 250,
    252, 256, 255, 263, 262, 259, 259, 255, 253, 248, 242, 239, 237, 231,
    229, 234, 233, 236, 240, 245, 248, 256, 256, 258, 255, 254, 254, 249,
    251, 245, 246, 244, 240, 240, 241, 242, 242, 242, 242, 239, 241, 240,
    239, 240, 240, 243, 244 ]
headPositionsY: [ 73, 74, 71, 72, 70, 73, 71, 74, 72, 71, 73, 75, 74, 75,
    75, 73, 74, 75, 75, 74, 73, 72, 72, 71, 73, 71, 72, 74, 74, 71, 74,
    73, 72, 71, 72, 73, 71, 74, 76, 71, 75, 75, 72, 74, 73, 74, 71, 75,
    71, 75, 72, 75, 72, 73, 74, 68, 71, 73, 70, 72, 72, 74, 74, 75, 72,
    73, 72, 74, 72, 76, 74, 75, 76, 71, 72, 72, 75, 74, 73, 75, 72, 77,
    74, 75, 77, 76, 74, 76, 75, 75, 75, 74, 73, 76, 77, 75, 75, 74, 76,
    76 ]
