%YAML:1.0
---
videoName: "headShake24.mp4"
gestureLabel: 201
fps: 29
pixelSizeInCmTemp: 3.2808219178082193e-01
faceCenterPointX: 240
faceCenterPointY: 78
headPositionsX: [ 238, 250, 252, 252, 251, 252, 256, 255, 254, 253, 251,
    245, 246, 245, 242, 237, 235, 232, 230, 229, 233, 230, 231, 233, 230,
    236, 235, 238, 242, 241, 246, 245, 247, 251, 249, 248, 251, 248, 245,
    246, 244, 243, 240, 240, 238, 238, 234, 233, 236, 235, 234, 234, 234,
    238, 237, 240, 240, 241, 247, 247, 245, 247, 249, 246, 247, 247, 249,
    246, 247, 247, 243, 244, 243, 241, 242, 242, 238, 239, 238, 237, 240,
    239, 238, 240, 236, 237, 239, 237, 241, 237, 238, 241, 239, 242, 242,
    240, 240, 238, 240, 239 ]
headPositionsY: [ 80, 75, 75, 75, 75, 75, 74, 76, 75, 75, 79, 77, 80, 80,
    79, 75, 76, 78, 78, 75, 75, 77, 77, 78, 77, 76, 78, 77, 76, 76, 77,
    77, 77, 80, 76, 77, 77, 76, 79, 79, 80, 79, 78, 77, 80, 79, 76, 75,
    76, 78, 78, 79, 77, 78, 75, 76, 79, 77, 78, 79, 77, 78, 77, 78, 77,
    77, 77, 75, 76, 77, 79, 79, 79, 79, 78, 78, 80, 76, 77, 80, 75, 76,
    78, 77, 76, 79, 78, 77, 76, 80, 77, 76, 80, 79, 78, 77, 80, 80, 80,
    75 ]
