%YAML:1.0
---
videoName: "headShake34.mp4"
gestureLabel: 201
fps: 29
pixelSizeInCmTemp: 3.2364864864864862e-01
faceCenterPointX: 263
faceCenterPointY: 83
headPositionsX: [ 261, 266, 264, 265, 261, 265, 263, 265, 265, 264, 264,
    262, 266, 266, 266, 262, 263, 264, 263, 266, 265, 264, 265, 264, 264,
    265, 263, 264, 262, 262, 265, 264, 265, 266, 265, 267, 266, 266, 266,
    270, 273, 274, 276, 278, 278, 280, 279, 276, 276, 277, 273, 267, 263,
    260, 255, 253, 254, 252, 253, 253, 256, 259, 267, 269, 270, 268, 270,
    266, 267, 263, 259, 255, 253, 253, 256, 255, 258, 258, 261, 267, 262,
    264, 266, 267, 267, 266, 266, 267, 267, 266, 265, 265, 262, 262, 264,
    263, 264, 265, 265, 263 ]
headPositionsY: [ 85, 84, 85, 82, 80, 86, 82, 84, 84, 85, 84, 82, 84, 83,
    84, 81, 84, 83, 84, 82, 85, 83, 82, 84, 83, 81, 83, 81, 83, 84, 81,
    82, 83, 84, 84, 84, 83, 85, 82, 81, 83, 82, 81, 79, 84, 83, 81, 82,
    82, 84, 83, 84, 82, 85, 79, 80, 81, 80, 82, 80, 85, 84, 82, 81, 84,
    83, 82, 83, 82, 85, 83, 81, 82, 82, 81, 85, 83, 85, 81, 83, 81, 86,
    83, 81, 83, 84, 84, 84, 83, 83, 82, 82, 86, 82, 82, 83, 82, 83, 85,
    85 ]
