%YAML:1.0
---
videoName: "headShake5.mp4"
gestureLabel: 201
fps: 30
pixelSizeInCmTemp: 3.3263888888888887e-01
faceCenterPointX: 275
faceCenterPointY: 73
headPositionsX: [ 274, 277, 278, 277, 278, 278, 281, 279, 279, 280, 277,
    276, 277, 275, 277, 276, 276, 279, 279, 276, 278, 279, 279, 278, 280,
    276, 276, 278, 280, 279, 278, 279, 281, 282, 280, 287, 291, 292, 297,
    297, 294, 294, 288, 286, 279, 274, 265, 265, 262, 265, 266, 276, 281,
    285, 290, 292, 289, 284, 279, 274, 269, 262, 262, 264, 268, 270, 277,
    280, 284, 283, 283, 285, 279, 279, 271, 270, 268, 266, 265, 266, 268,
    273, 272, 280, 279, 283, 281, 280, 281, 281, 282, 277, 279, 278, 274,
    276, 276, 273, 275, 277 ]
headPositionsY: [ 71, 71, 73, 72, 73, 74, 76, 71, 72, 71, 72, 71, 74, 75,
    72, 75, 72, 75, 75, 73, 74, 71, 73, 73, 75, 71, 74, 75, 73, 75, 74,
    72, 73, 75, 73, 74, 70, 74, 73, 70, 70, 74, 71, 72, 76, 76, 71, 76,
    75, 73, 72, 76, 77, 73, 74, 71, 74, 73, 74, 73, 74, 74, 74, 74, 72,
    72, 76, 75, 73, 73, 72, 74, 74, 75, 73, 71, 76, 71, 70, 73, 76, 74,
    70, 71, 73, 72, 72, 74, 72, 74, 73, 74, 73, 71, 74, 75, 75, 73, 72,
    75 ]
