%YAML:1.0
---
videoName: "headShake15.mp4"
gestureLabel: 201
fps: 29
pixelSizeInCmTemp: 3.3263888888888887e-01
faceCenterPointX: 243
faceCenterPointY: 76
headPositionsX: [ 242, 244, 244, 242, 245, 243, 245, 246, 244, 243, 245,
    244, 241, 243, 241, 241, 243, 244, 245, 245, 243, 243, 242, 245, 240,
    244, 240, 245, 242, 241, 245, 242, 241, 244, 243, 244, 245, 241, 243,
    242, 244, 244, 242, 245, 244, 241, 246, 243, 245, 242, 245, 242, 243,
    242, 241, 242, 240, 244, 242, 240, 240, 243, 245, 246, 249, 251, 253,
    256, 258, 257, 256, 254, 251, 248, 243, 238, 239, 236, 236, 237, 239,
    245, 242, 248, 246, 246, 245, 246, 246, 242, 243, 243, 242, 243, 241,
    240, 242, 245, 240, 244 ]
headPositionsY: [ 74, 74, 76, 73, 76, 74, 76, 78, 76, 77, 73, 77, 77, 78,
    72, 76, 72, 76, 73, 74, 78, 76, 77, 73, 76, 75, 73, 75, 75, 77, 76,
    74, 73, 73, 73, 73, 77, 77, 77, 75, 76, 76, 76, 75, 76, 75, 76, 73,
    74, 75, 74, 76, 78, 76, 76, 74, 77, 76, 78, 75, 75, 73, 79, 75, 77,
    74, 73, 74, 76, 77, 74, 76, 74, 75, 78, 77, 76, 73, 77, 76, 78, 75,
    75, 77, 78, 74, 78, 76, 77, 77, 76, 79, 75, 76, 77, 74, 77, 75, 74,
    77 ]
