%YAML:1.0
---
videoName: "headShake7.mp4"
gestureLabel: 201
fps: 29
pixelSizeInCmTemp: 3.3263888888888887e-01
faceCenterPointX: 244
faceCenterPointY: 72
headPositionsX: [ 244, 245, 243, 243, 241, 244, 243, 243, 241, 243, 245,
    250, 252, 254, 258, 257, 261, 260, 259, 255, 253, 246, 242, 237, 234,
    235, 233, 240, 245, 251, 255, 257, 260, 258, 256, 249, 244, 238, 234,
    229, 227, 228, 230, 233, 239, 247, 252, 251, 254, 255, 251, 247, 247,
    240, 238, 235, 233, 229, 232, 235, 238, 245, 245, 251, 254, 258, 257,
    256, 251, 249, 245, 246, 240, 238, 237, 235, 236, 236, 233, 236, 239,
    242, 245, 243, 247, 246, 249, 247, 249, 246, 245, 243, 248, 246, 244,
    242, 244, 242, 244, 245 ]
headPositionsY: [ 71, 69, 73, 69, 70, 71, 72, 69, 71, 73, 73, 69, 72, 67,
    69, 69, 66, 66, 67, 70, 69, 73, 71, 68, 71, 71, 73, 71, 73, 70, 69,
    70, 70, 70, 73, 71, 73, 72, 70, 68, 69, 71, 69, 69, 69, 73, 72, 71,
    69, 69, 68, 73, 72, 72, 70, 70, 71, 68, 72, 73, 73, 71, 69, 70, 70,
    71, 69, 68, 72, 71, 69, 71, 69, 71, 70, 69, 71, 69, 71, 72, 71, 71,
    73, 74, 73, 71, 73, 70, 73, 69, 72, 72, 72, 72, 71, 71, 70, 74, 71,
    71 ]
