%YAML:1.0
---
videoName: "headShake39.mp4"
gestureLabel: 201
fps: 29
pixelSizeInCmTemp: 3.1933333333333330e-01
faceCenterPointX: 263
faceCenterPointY: 83
headPositionsX: [ 261, 262, 259, 260, 260, 262, 262, 260, 259, 259, 259,
    262, 263, 261, 259, 259, 261, 258, 263, 258, 260, 260, 256, 254, 250,
    247, 248, 246, 243, 243, 245, 243, 246, 249, 255, 263, 265, 272, 276,
    281, 280, 280, 277, 271, 266, 257, 253, 246, 248, 247, 248, 250, 252,
    254, 262, 269, 275, 278, 279, 279, 277, 272, 268, 266, 257, 256, 253,
    248, 250, 249, 252, 253, 252, 255, 259, 257, 260, 261, 266, 267, 264,
    265, 267, 264, 266, 268, 264, 265, 263, 264, 266, 264, 264, 262, 265,
    263, 264, 261, 262, 261 ]
headPositionsY: [ 85, 85, 82, 82, 81, 81, 81, 84, 82, 83, 82, 85, 84, 81,
    82, 81, 85, 83, 84, 82, 84, 82, 84, 82, 81, 84, 82, 81, 80, 82, 85,
    80, 82, 80, 81, 83, 81, 83, 80, 79, 78, 79, 81, 81, 81, 82, 84, 80,
    81, 83, 82, 83, 83, 81, 81, 81, 80, 82, 79, 78, 81, 80, 83, 82, 83,
    81, 79, 81, 81, 79, 77, 79, 79, 83, 82, 80, 82, 82, 82, 81, 82, 82,
    83, 84, 85, 81, 84, 85, 81, 85, 85, 83, 84, 82, 82, 82, 82, 84, 84,
    81 ]
