%YAML:1.0
---
videoName: "headShake46.mp4"
gestureLabel: 201
fps: 30
pixelSizeInCmTemp: 3.2364864864864862e-01
faceCenterPointX: 262
faceCenterPointY: 85
headPositionsX: [ 264, 258, 260, 258, 261, 261, 258, 262, 260, 260, 258,
    260, 261, 262, 261, 260, 259, 260, 261, 261, 260, 260, 263, 258, 260,
    258, 260, 259, 258, 260, 265, 269, 272, 275, 276, 276, 278, 273, 264,
    257, 256, 253, 252, 250, 255, 263, 266, 269, 267, 269, 263, 257, 254,
    255, 255, 261, 263, 267, 268, 269, 268, 261, 261, 256, 255, 260, 263,
    267, 269, 269, 267, 267, 262, 260, 258, 258, 260, 263, 262, 264, 265,
    262, 265, 262, 258, 260, 260, 261, 261, 259, 263, 262, 261, 263, 261,
    263, 261, 259, 263, 260 ]
headPositionsY: [ 84, 84, 84, 82, 83, 83, 82, 85, 87, 82, 84, 82, 82, 84,
    86, 84, 82, 84, 84, 86, 84, 82, 84, 84, 84, 86, 86, 86, 83, 83, 83,
    83, 83, 82, 81, 80, 83, 85, 85, 85, 86, 82, 87, 84, 82, 86, 86, 84,
    86, 85, 87, 83, 86, 85, 86, 85, 87, 85, 85, 84, 87, 85, 84, 87, 86,
    85, 85, 83, 86, 87, 85, 85, 83, 86, 83, 84, 84, 82, 84, 83, 85, 87,
    84, 84, 83, 87, 86, 86, 85, 84, 84, 82, 84, 84, 85, 85, 87, 87, 86,
    86 ]
