%YAML:1.0
---
videoName: "headShake15.mp4"
gestureLabel: 201
fps: 29
pixelSizeInCmTemp: 3.3263888888888887e-01
faceCenterPointX: 243
faceCenterPointY: 76
headPositionsX: [ 242, 244, 241, 243, 243, 245, 242, 243, 245, 245, 245,
    246, 241, 245, 245, 245, 242, 242, 242, 243, 244, 242, 245, 244, 240,
    245, 244, 245, 243, 244, 244, 244, 244, 244, 242, 241, 241, 241, 241,
    244, 243, 240, 242, 244, 243, 240, 242, 242, 243, 241, 245, 243, 242,
    243, 244, 240, 243, 242, 244, 241, 243, 243, 244, 246, 249, 253, 252,
    256, 257, 257, 255, 252, 250, 246, 242, 239, 239, 234, 239, 241, 241,
    245, 245, 244, 248, 244, 248, 246, 247, 244, 241, 243, 244, 242, 241,
    244, 243, 241, 243, 244 ]
headPositionsY: [ 75, 75, 74, 75, 78, 75, 75, 75, 72, 76, 73, 75, 73, 76,
    72, 77, 74, 76, 77, 72, 77, 74, 77, 75, 74, 75, 75, 75, 76, 77, 77,
    74, 76, 74, 77, 76, 76, 75, 77, 76, 74, 73, 73, 78, 75, 78, 78, 76,
    76, 76, 78, 75, 75, 77, 74, 75, 73, 78, 74, 76, 77, 74, 79, 77, 76,
    73, 74, 72, 74, 76, 77, 74, 78, 74, 79, 77, 79, 75, 76, 78, 74, 75,
    77, 75, 78, 75, 77, 76, 79, 77, 77, 79, 76, 77, 79, 76, 76, 79, 76,
    75 ]
