%YAML:1.0
---
videoName: "headShake6.mp4"
gestureLabel: 201
fps: 29
pixelSizeInCmTemp: 3.2808219178082193e-01
faceCenterPointX: 244
faceCenterPointY: 68
headPositionsX: [ 243, 243, 243, 247, 244, 247, 243, 245, 244, 245, 243,
    246, 244, 244, 245, 246, 245, 245, 244, 245, 244, 243, 246, 246, 243,
    243, 244, 246, 250, 252, 254, 258, 261, 261, 264, 258, 257, 253, 249,
    243, 237, 233, 232, 230, 232, 238, 245, 248, 253, 259, 260, 256, 256,
    254, 246, 243, 236, 232, 229, 233, 230, 232, 236, 240, 244, 248, 249,
    251, 248, 251, 247, 241, 243, 241, 237, 238, 239, 241, 238, 238, 240,
    244, 243, 242, 242, 246, 245, 244, 246, 245, 241, 242, 246, 242, 244,
    243, 246, 242, 246, 242 ]
headPositionsY: [ 66, 68, 67, 65, 64, 67, 66, 65, 65, 64, 67, 67, 65, 67,
    66, 64, 64, 65, 64, 67, 66, 68, 69, 64, 70, 66, 66, 69, 69, 67, 68,
    66, 67, 67, 66, 64, 66, 70, 68, 68, 69, 65, 70, 67, 69, 70, 70, 68,
    66, 66, 66, 68, 66, 68, 67, 71, 66, 69, 67, 67, 70, 68, 66, 67, 69,
    66, 66, 69, 66, 65, 66, 66, 66, 69, 67, 69, 67, 66, 67, 67, 66, 69,
    69, 69, 67, 69, 70, 68, 70, 67, 66, 70, 67, 70, 69, 67, 67, 67, 68,
    68 ]
