%YAML:1.0
---
videoName: "headShake16.mp4"
gestureLabel: 201
fps: 29
pixelSizeInCmTemp: 3.2364864864864862e-01
faceCenterPointX: 242
faceCenterPointY: 77
headPositionsX: [ 243, 244, 243, 245, 241, 245, 243, 242, 241, 243, 242,
    244, 244, 246, 244, 244, 241, 246, 241, 246, 242, 242, 242, 244, 240,
    242, 243, 242, 241, 245, 242, 241, 240, 241, 242, 240, 242, 242, 248,
    249, 250, 253, 257, 254, 252, 249, 248, 243, 242, 236, 238, 234, 237,
    237, 237, 243, 244, 246, 249, 251, 248, 248, 249, 245, 241, 238, 237,
    233, 235, 236, 236, 239, 236, 238, 242, 243, 242, 245, 242, 241, 241,
    242, 242, 240, 238, 239, 238, 238, 239, 239, 239, 241, 243, 243, 241,
    244, 240, 243, 244, 243 ]
headPositionsY: [ 79, 74, 75, 74, 76, 78, 77, 76, 75, 77, 74, 78, 75, 74,
    74, 77, 74, 74, 76, 77, 75, 74, 75, 78, 76, 76, 77, 76, 77, 78, 76,
    74, 77, 75, 75, 78, 74, 79, 74, 74, 74, 77, 74, 76, 73, 75, 75, 77,
    77, 76, 76, 79, 76, 77, 79, 77, 75, 76, 76, 76, 77, 79, 75, 76, 78,
    77, 74, 77, 77, 79, 76, 78, 74, 75, 77, 78, 77, 75, 76, 77, 79, 77,
    76, 79, 77, 77, 75, 77, 79, 77, 75, 74, 78, 77, 75, 75, 76, 78, 75,
    77 ]
