%YAML:1.0
---
videoName: "headShake45.mp4"
gestureLabel: 201
fps: 30
pixelSizeInCmTemp: 3.3263888888888887e-01
faceCenterPointX: 262
faceCenterPointY: 84
headPositionsX: [ 262, 264, 264, 263, 263, 262, 263, 264, 261, 264, 262,
    265, 263, 261, 261, 263, 262, 263, 264, 263, 263, 262, 262, 264, 262,
    264, 261, 263, 263, 260, 263, 264, 264, 260, 261, 262, 259, 258, 257,
    256, 256, 255, 261, 266, 268, 275, 277, 283, 282, 279, 273, 267, 260,
    256, 254, 256, 256, 260, 267, 272, 274, 275, 274, 269, 266, 259, 257,
    257, 255, 260, 264, 268, 272, 273, 273, 269, 267, 259, 258, 257, 258,
    259, 258, 260, 264, 264, 265, 260, 261, 260, 259, 261, 262, 260, 262,
    263, 263, 264, 264, 260 ]
headPositionsY: [ 82, 79, 83, 82, 84, 80, 83, 82, 81, 83, 79, 83, 81, 84,
    82, 80, 84, 81, 82, 84, 83, 79, 84, 83, 81, 80, 80, 80, 80, 83, 80,
    83, 82, 81, 84, 84, 85, 82, 84, 81, 83, 84, 80, 80, 80, 82, 81, 81,
    81, 80, 83, 85, 84, 84, 84, 84, 83, 81, 81, 81, 80, 81, 82, 82, 81,
    83, 83, 85, 81, 82, 84, 81, 80, 79, 83, 83, 82, 85, 82, 84, 81, 83,
    83, 81, 82, 83, 80, 85, 82, 84, 84, 82, 85, 83, 82, 85, 84, 82, 83,
    84 ]
