%YAML:1.0
---
videoName: "headShake16.mp4"
gestureLabel: 201
fps: 29
pixelSizeInCmTemp: 3.2364864864864862e-01
faceCenterPointX: 242
faceCenterPointY: 77
headPositionsX: [ 243, 241, 242, 242, 245, 243, 243, 243, 244, 243, 244,
    243, 241, 242, 245, 244, 245, 246, 245, 244, 243, 244, 242, 241, 241,
    242, 242, 244, 240, 241, 241, 243, 240, 243, 243, 239, 241, 244, 244,
    248, 253, 251, 255, 254, 252, 249, 250, 243, 242, 238, 234, 236, 233,
    237, 241, 240, 242, 249, 250, 248, 249, 250, 246, 242, 241, 237, 236,
    234, 232, 233, 235, 238, 236, 241, 240, 244, 241, 246, 245, 244, 242,
    242, 240, 238, 240, 239, 240, 240, 239, 241, 241, 242, 240, 243, 244,
    241, 243, 244, 242, 242 ]
headPositionsY: [ 79, 75, 77, 76, 75, 76, 77, 77, 76, 75, 74, 75, 74, 76,
    77, 77, 76, 74, 77, 78, 78, 74, 76, 74, 75, 74, 74, 77, 75, 77, 74,
    76, 76, 78, 74, 74, 75, 75, 77, 76, 74, 77, 73, 75, 75, 76, 76, 74,
    78, 77, 78, 75, 75, 76, 79, 78, 77, 76, 77, 78, 74, 79, 78, 77, 77,
    78, 78, 78, 78, 76, 75, 75, 77, 75, 75, 77, 76, 79, 77, 78, 80, 77,
    78, 75, 76, 76, 78, 74, 79, 75, 74, 78, 74, 75, 75, 74, 78, 75, 77,
    77 ]
