%YAML:1.0
---
videoName: "headShake17.mp4"
gestureLabel: 201
fps: 29
pixelSizeInCmTemp: 3.3263888888888887e-01
faceCenterPointX: 242
faceCenterPointY: 76
headPositionsX: [ 240, 240, 236, 237, 239, 239, 239, 243, 247, 247, 253,
    255, 261, 256, 258, 257, 253, 248, 245, 239, 234, 233, 231, 229, 227,
    228, 227, 234, 236, 238, 244, 245, 249, 249, 254, 252, 254, 254, 250,
    248, 244, 240, 239, 235, 233, 234, 233, 233, 234, 237, 236, 238, 240,
    242, 243, 247, 246, 246, 244, 245, 243, 241, 242, 242, 239, 240, 239,
    240, 238, 240, 239, 239, 240, 239, 240, 242, 241, 238, 241, 239, 241,
    242, 240, 240, 241, 239, 239, 243, 241, 242, 239, 241, 243, 239, 241,
    243, 242, 239, 239, 241 ]
headPositionsY: [ 77, 74, 75, 78, 76, 77, 75, 76, 75, 75, 76, 73, 73, 75,
    74, 78, 74, 75, 78, 76, 79, 79, 76, 77, 74, 75, 74, 77, 78, 79, 76,
    77, 78, 76, 74, 75, 75, 78, 75, 79, 75, 77, 80, 79, 77, 74, 74, 75,
    77, 76, 76, 76, 78, 77, 79, 76, 78, 79, 77, 75, 75, 75, 78, 74, 74,
    77, 76, 78, 76, 76, 78, 75, 78, 75, 77, 77, 74, 73, 76, 75, 76, 78,
    76, 76, 78, 73, 76, 77, 77, 77, 74, 75, 78, 75, 76, 75, 76, 76, 78,
    74 ]
