%YAML:1.0
---
videoName: "headShake1.mp4"
gestureLabel: 201
fps: 29
pixelSizeInCmTemp: 3.3263888888888887e-01
faceCenterPointX: 279
faceCenterPointY: 98
headPositionsX: [ 281, 280, 281, 281, 276, 279, 279, 281, 279, 278, 279,
    278, 281, 279, 278, 280, 278, 279, 278, 277, 279, 279, 278, 281, 279,
    278, 280, 279, 283, 285, 287, 288, 288, 294, 295, 291, 293, 290, 285,
    283, 278, 276, 274, 269, 269, 270, 273, 275, 280, 284, 289, 289, 292,
    293, 288, 285, 281, 281, 276, 271, 266, 264, 267, 270, 272, 279, 282,
    288, 289, 291, 291, 292, 289, 289, 284, 281, 277, 276, 273, 273, 267,
    274, 271, 272, 273, 276, 273, 277, 275, 276, 277, 280, 280, 282, 279,
    281, 282, 281, 278, 277 ]
headPositionsY: [ 100, 98, 98, 99, 98, 98, 95, 97, 95, 97, 97, 96, 99,
    97, 97, 95, 95, 96, 98, 99, 97, 99, 97, 99, 98, 97, 96, 98, 95, 96,
    98, 97, 98, 96, 96, 95, 93, 93, 96, 97, 100, 99, 95, 96, 98, 96, 97,
    95, 95, 97, 98, 97, 95, 98, 93, 94, 99, 97, 96, 98, 96, 98, 97, 93,
    95, 94, 96, 95, 94, 97, 95, 95, 97, 95, 98, 98, 99, 96, 98, 96, 97,
    96, 94, 96, 96, 98, 95, 97, 97, 95, 96, 99, 100, 99, 97, 100, 97, 97,
    97, 100 ]
