%YAML:1.0
---
videoName: "headShake4.mp4"
gestureLabel: 201
fps: 30
pixelSizeInCmTemp: 3.2364864864864862e-01
faceCenterPointX: 237
faceCenterPointY: 101
headPositionsX: [ 235, 243, 245, 249, 252, 252, 253, 254, 253, 247, 246,
    239, 231, 227, 225, 222, 228, 230, 238, 240, 249, 253, 254, 251, 252,
    244, 241, 236, 231, 223, 225, 222, 226, 229, 232, 239, 245, 252, 253,
    255, 253, 254, 248, 243, 236, 230, 231, 223, 222, 227, 228, 232, 232,
    238, 240, 245, 245, 249, 251, 248, 247, 246, 242, 237, 233, 231, 230,
    231, 230, 233, 234, 233, 235, 237, 238, 239, 240, 240, 242, 242, 242,
    238, 242, 239, 240, 239, 238, 235, 235, 239, 237, 239, 238, 238, 238,
    237, 235, 235, 238, 237 ]
headPositionsY: [ 101, 99, 98, 97, 100, 97, 100, 100, 97, 101, 99, 98,
    101, 97, 100, 97, 97, 97, 98, 97, 98, 98, 97, 100, 98, 99, 101, 100,
    99, 97, 99, 101, 96, 99, 99, 99, 100, 97, 99, 97, 99, 97, 99, 102,
    100, 97, 98, 100, 102, 101, 99, 102, 100, 101, 101, 102, 99, 102, 98,
    99, 101, 101, 100, 102, 102, 100, 98, 99, 98, 101, 101, 98, 100, 98,
    102, 99, 103, 98, 103, 103, 102, 103, 103, 100, 102, 100, 100, 100,
    101, 102, 98, 98, 100, 98, 98, 101, 102, 98, 101, 99 ]
