%YAML:1.0
---
videoName: "headShake1.mp4"
gestureLabel: 201
fps: 29
pixelSizeInCmTemp: 3.3263888888888887e-01
faceCenterPointX: 279
faceCenterPointY: 98
headPositionsX: [ 279, 277, 277, 278, 277, 280, 278, 281, 278, 280, 281,
    278, 278, 277, 279, 280, 281, 281, 281, 277, 281, 277, 279, 280, 279,
    281, 277, 280, 283, 281, 285, 290, 291, 292, 294, 291, 290, 286, 287,
    280, 277, 276, 271, 270, 268, 269, 272, 275, 281, 285, 288, 293, 292,
    291, 290, 286, 285, 277, 276, 270, 267, 268, 267, 268, 273, 278, 281,
    284, 292, 292, 292, 291, 288, 289, 284, 283, 276, 274, 270, 271, 271,
    273, 273, 272, 274, 274, 273, 278, 276, 279, 281, 280, 278, 278, 280,
    281, 279, 282, 280, 278 ]
headPositionsY: [ 100, 99, 95, 98, 95, 96, 99, 95, 99, 95, 95, 96, 95,
    97, 94, 98, 97, 96, 95, 98, 95, 96, 95, 99, 98, 97, 99, 96, 98, 95,
    95, 95, 96, 96, 98, 95, 94, 97, 94, 96, 97, 98, 98, 95, 94, 95, 96,
    98, 98, 95, 98, 93, 97, 96, 96, 95, 99, 97, 95, 96, 97, 97, 94, 94,
    95, 95, 99, 94, 98, 96, 97, 93, 97, 96, 99, 98, 96, 95, 98, 98, 96,
    95, 96, 96, 100, 96, 95, 96, 96, 96, 98, 97, 99, 98, 100, 99, 97, 99,
    95, 97 ]
