%YAML:1.0
---
videoName: "headShake32.mp4"
gestureLabel: 201
fps: 29
pixelSizeInCmTemp: 3.2808219178082193e-01
faceCenterPointX: 237
faceCenterPointY: 77
headPositionsX: [ 239, 237, 235, 238, 239, 239, 239, 239, 237, 239, 237,
    242, 237, 241, 239, 240, 242, 241, 241, 240, 243, 240, 242, 240, 238,
    239, 240, 243, 240, 239, 240, 239, 238, 240, 237, 237, 237, 240, 238,
    242, 242, 245, 247, 248, 250, 251, 248, 253, 250, 248, 251, 249, 245,
    244, 242, 240, 236, 232, 233, 230, 232, 229, 228, 227, 227, 228, 225,
    229, 229, 234, 233, 237, 239, 244, 244, 248, 249, 248, 249, 248, 248,
    246, 244, 245, 241, 245, 238, 240, 240, 237, 238, 239, 239, 238, 239,
    239, 238, 239, 237, 237 ]
headPositionsY: [ 75, 71, 76, 74, 76, 74, 72, 75, 73, 75, 71, 75, 72, 73,
    71, 73, 74, 72, 75, 72, 76, 72, 73, 75, 74, 75, 74, 73, 73, 72, 74,
    73, 73, 74, 75, 77, 72, 73, 73, 75, 72, 75, 75, 73, 73, 74, 75, 74,
    75, 74, 72, 74, 73, 75, 74, 77, 77, 76, 73, 77, 77, 77, 77, 74, 75,
    75, 76, 76, 78, 74, 75, 74, 74, 75, 73, 78, 75, 74, 77, 73, 74, 74,
    76, 75, 75, 76, 75, 76, 77, 77, 76, 80, 77, 78, 78, 77, 77, 76, 75,
    77 ]
