%YAML:1.0
---
videoName: "headShake29.mp4"
gestureLabel: 201
fps: 29
pixelSizeInCmTemp: 3.3263888888888887e-01
faceCenterPointX: 243
faceCenterPointY: 76
headPositionsX: [ 244, 240, 244, 241, 241, 242, 241, 243, 242, 242, 240,
    244, 242, 241, 244, 244, 241, 242, 245, 240, 245, 244, 243, 241, 239,
    241, 240, 237, 239, 241, 244, 245, 249, 251, 252, 253, 255, 253, 246,
    243, 240, 233, 232, 229, 226, 231, 233, 239, 240, 249, 249, 254, 253,
    249, 249, 247, 239, 238, 235, 231, 228, 231, 233, 236, 236, 240, 246,
    251, 249, 252, 253, 252, 250, 245, 244, 242, 237, 234, 235, 235, 233,
    232, 233, 236, 237, 239, 240, 240, 242, 241, 241, 244, 241, 242, 244,
    246, 241, 242, 242, 241 ]
headPositionsY: [ 76, 77, 76, 78, 76, 74, 76, 76, 75, 77, 78, 76, 78, 74,
    75, 76, 77, 78, 79, 77, 76, 76, 78, 78, 76, 77, 74, 75, 75, 78, 74,
    75, 78, 76, 75, 76, 77, 73, 76, 78, 79, 74, 73, 75, 76, 77, 77, 78,
    78, 79, 78, 77, 76, 78, 77, 78, 74, 75, 77, 76, 76, 78, 76, 78, 77,
    76, 75, 74, 74, 77, 74, 74, 77, 74, 77, 78, 73, 77, 77, 74, 74, 77,
    76, 74, 76, 74, 78, 78, 75, 74, 76, 77, 76, 75, 78, 78, 79, 76, 78,
    77 ]
