%YAML:1.0
---
videoName: "headShake29.mp4"
gestureLabel: 201
fps: 29
pixelSizeInCmTemp: 3.3263888888888887e-01
faceCenterPointX: 243
faceCenterPointY: 76
headPositionsX: [ 241, 243, 241, 244, 241, 244, 244, 241, 242, 244, 240,
    245, 242, 242, 240, 242, 242, 240, 243, 244, 243, 241, 240, 239, 242,
    241, 237, 238, 240, 241, 242, 244, 249, 252, 255, 257, 255, 251, 249,
    244, 240, 234, 231, 226, 227, 229, 232, 238, 242, 249, 249, 252, 254,
    250, 247, 246, 239, 238, 232, 232, 230, 231, 233, 236, 239, 239, 245,
    250, 252, 255, 251, 250, 247, 246, 245, 242, 238, 237, 235, 234, 236,
    236, 234, 235, 238, 236, 239, 240, 240, 244, 244, 243, 243, 242, 243,
    242, 245, 243, 243, 242 ]
headPositionsY: [ 75, 74, 77, 78, 75, 74, 76, 75, 77, 74, 74, 78, 76, 74,
    76, 76, 78, 77, 76, 78, 74, 76, 78, 78, 75, 75, 75, 76, 77, 77, 78,
    75, 77, 75, 73, 74, 73, 77, 74, 76, 79, 76, 75, 76, 77, 77, 76, 74,
    79, 75, 75, 75, 75, 78, 74, 79, 76, 74, 76, 75, 76, 74, 75, 75, 77,
    76, 76, 76, 77, 77, 74, 73, 77, 75, 75, 74, 76, 77, 78, 75, 74, 74,
    74, 77, 75, 75, 78, 76, 76, 74, 75, 80, 78, 74, 78, 77, 79, 78, 76,
    78 ]
