%YAML:1.0
---
videoName: "headShake37.mp4"
gestureLabel: 201
fps: 30
pixelSizeInCmTemp: 3.1933333333333330e-01
faceCenterPointX: 263
faceCenterPointY: 83
headPositionsX: [ 265, 262, 262, 264, 261, 260, 262, 262, 260, 264, 261,
    262, 264, 261, 265, 262, 261, 264, 262, 264, 261, 264, 261, 261, 263,
    261, 260, 262, 264, 264, 262, 261, 261, 261, 263, 262, 263, 263, 262,
    264, 261, 260, 263, 260, 260, 262, 262, 266, 265, 269, 275, 275, 280,
    283, 283, 279, 273, 265, 259, 257, 252, 255, 256, 257, 261, 270, 268,
    270, 272, 271, 267, 267, 263, 257, 255, 252, 252, 254, 255, 256, 261,
    260, 263, 266, 266, 268, 265, 264, 267, 264, 266, 265, 266, 265, 262,
    263, 262, 261, 264, 262 ]
headPositionsY: [ 84, 81, 85, 86, 85, 85, 82, 82, 82, 81, 83, 84, 81, 82,
    83, 84, 81, 82, 85, 83, 85, 81, 84, 82, 82, 81, 82, 82, 85, 84, 83,
    86, 84, 85, 85, 85, 83, 84, 83, 85, 83, 81, 83, 84, 82, 83, 84, 84,
    83, 84, 82, 82, 78, 80, 83, 82, 81, 84, 83, 82, 83, 80, 83, 83, 81,
    85, 80, 82, 79, 81, 83, 81, 83, 81, 81, 82, 85, 83, 84, 84, 81, 80,
    83, 83, 82, 84, 85, 84, 81, 82, 86, 81, 83, 84, 84, 82, 82, 82, 83,
    83 ]
