%YAML:1.0
---
videoName: "headShake44.mp4"
gestureLabel: 201
fps: 30
pixelSizeInCmTemp: 3.2808219178082193e-01
faceCenterPointX: 260
faceCenterPointY: 84
headPositionsX: [ 258, 264, 259, 261, 259, 260, 258, 262, 260, 260, 263,
    262, 259, 262, 262, 260, 263, 261, 259, 260, 262, 259, 262, 261, 260,
    261, 259, 262, 262, 258, 261, 262, 258, 262, 258, 259, 261, 262, 264,
    263, 265, 269, 270, 272, 274, 276, 270, 269, 262, 258, 252, 250, 251,
    254, 256, 261, 266, 269, 269, 271, 267, 260, 260, 256, 254, 257, 260,
    262, 270, 270, 270, 269, 268, 261, 257, 256, 251, 250, 254, 257, 257,
    261, 261, 263, 263, 260, 264, 260, 262, 261, 262, 258, 260, 263, 260,
    261, 259, 262, 262, 261 ]
headPositionsY: [ 86, 83, 83, 84, 84, 81, 81, 85, 82, 85, 85, 83, 84, 80,
    85, 82, 85, 80, 85, 84, 82, 83, 83, 83, 84, 84, 85, 83, 81, 82, 83,
    83, 84, 82, 82, 83, 81, 81, 85, 85, 83, 81, 81, 81, 82, 80, 84, 84,
    83, 82, 83, 83, 83, 83, 83, 83, 86, 83, 86, 87, 85, 85, 83, 86, 83,
    83, 85, 83, 82, 81, 84, 82, 82, 83, 83, 81, 86, 86, 83, 82, 86, 86,
    85, 82, 85, 86, 85, 83, 87, 85, 83, 85, 86, 87, 86, 85, 85, 87, 85,
    87 ]
