%YAML:1.0
---
videoName: "headShake2.mp4"
gestureLabel: 201
fps: 29
pixelSizeInCmTemp: 3.4214285714285714e-01
faceCenterPointX: 276
faceCenterPointY: 98
headPositionsX: [ 277, 280, 277, 279, 276, 278, 276, 277, 279, 277, 278,
    276, 278, 277, 275, 275, 279, 275, 278, 277, 278, 275, 278, 278, 279,
    276, 275, 276, 278, 277, 279, 280, 278, 277, 277, 276, 276, 276, 279,
    278, 278, 276, 281, 282, 286, 287, 291, 293, 292, 294, 290, 289, 284,
    280, 271, 266, 266, 266, 267, 269, 272, 276, 281, 288, 292, 290, 291,
    287, 281, 280, 274, 272, 269, 268, 266, 271, 276, 278, 283, 284, 285,
    284, 284, 283, 284, 279, 277, 278, 277, 275, 273, 273, 278, 277, 274,
    276, 274, 277, 273, 278 ]
headPositionsY: [ 97, 100, 100, 99, 100, 99, 97, 97, 97, 98, 96, 99, 101,
    98, 98, 97, 97, 98, 101, 97, 99, 101, 98, 100, 98, 100, 97, 100, 99,
    99, 97, 100, 100, 97, 99, 101, 99, 98, 101, 97, 97, 99, 98, 95, 97,
    98, 97, 96, 97, 97, 94, 98, 99, 96, 100, 95, 97, 100, 99, 96, 97, 98,
    97, 98, 98, 96, 95, 98, 98, 97, 99, 99, 99, 97, 100, 99, 99, 99, 96,
    98, 100, 96, 98, 97, 99, 99, 101, 99, 97, 101, 100, 98, 100, 99, 99,
    97, 100, 98, 100, 99 ]
