%YAML:1.0
---
videoName: "headShake3.mp4"
gestureLabel: 201
fps: 30
pixelSizeInCmTemp: 3.3263888888888887e-01
faceCenterPointX: 240
faceCenterPointY: 101
headPositionsX: [ 242, 244, 240, 243, 240, 242, 243, 242, 239, 242, 241,
    240, 240, 243, 243, 243, 242, 242, 241, 243, 239, 241, 240, 240, 243,
    239, 240, 241, 239, 238, 236, 238, 239, 241, 245, 250, 253, 255, 254,
    256, 254, 253, 246, 242, 236, 234, 229, 227, 229, 230, 234, 238, 242,
    246, 252, 251, 251, 248, 242, 238, 232, 231, 224, 223, 225, 227, 233,
    232, 238, 243, 247, 248, 245, 245, 244, 244, 241, 239, 233, 233, 233,
    232, 235, 235, 232, 238, 236, 239, 238, 240, 242, 241, 237, 243, 240,
    242, 241, 239, 239, 242 ]
headPositionsY: [ 103, 100, 100, 98, 99, 99, 97, 100, 99, 98, 98, 100,
    99, 98, 97, 101, 98, 100, 101, 98, 97, 99, 101, 98, 98, 98, 97, 101,
    98, 97, 100, 97, 100, 97, 100, 100, 98, 95, 97, 97, 96, 100, 98, 98,
    98, 98, 101, 99, 98, 97, 98, 98, 97, 97, 100, 98, 98, 99, 101, 97,
    99, 97, 97, 100, 98, 98, 98, 98, 101, 98, 99, 101, 96, 101, 101, 97,
    97, 99, 98, 100, 99, 97, 100, 99, 98, 99, 101, 101, 102, 99, 101,
    101, 98, 102, 100, 102, 99, 103, 103, 99 ]
