%YAML:1.0
---
videoName: "headShake20.mp4"
gestureLabel: 201
fps: 29
pixelSizeInCmTemp: 3.3263888888888887e-01
faceCenterPointX: 242
faceCenterPointY: 78
headPositionsX: [ 243, 243, 243, 243, 243, 244, 245, 241, 242, 243, 242,
    243, 245, 244, 240, 242, 242, 246, 241, 243, 244, 245, 241, 241, 241,
    242, 241, 244, 243, 242, 245, 245, 242, 244, 244, 245, 242, 241, 246,
    245, 249, 253, 255, 258, 260, 261, 258, 252, 250, 241, 239, 235, 230,
    231, 230, 231, 238, 242, 247, 249, 252, 250, 248, 247, 244, 238, 234,
    234, 230, 234, 236, 236, 240, 242, 245, 246, 247, 244, 243, 243, 238,
    240, 239, 239, 239, 239, 246, 245, 243, 245, 241, 243, 242, 244, 245,
    243, 240, 241, 243, 240 ]
headPositionsY: [ 80, 75, 74, 75, 76, 78, 77, 77, 74, 75, 78, 77, 77, 78,
    76, 78, 78, 76, 78, 76, 77, 77, 74, 75, 78, 77, 76, 76, 78, 77, 76,
    74, 75, 74, 78, 76, 77, 75, 79, 78, 76, 76, 73, 73, 75, 76, 74, 76,
    80, 74, 74, 75, 78, 77, 74, 76, 77, 74, 74, 73, 73, 74, 75, 78, 78,
    76, 76, 78, 76, 78, 79, 79, 76, 78, 78, 79, 77, 75, 75, 78, 79, 78,
    75, 78, 76, 75, 76, 75, 78, 80, 76, 77, 76, 76, 76, 76, 77, 77, 76,
    74 ]
