%YAML:1.0
---
videoName: "headShake32.mp4"
gestureLabel: 201
fps: 29
pixelSizeInCmTemp: 3.2808219178082193e-01
faceCenterPointX: 237
faceCenterPointY: 77
headPositionsX: [ 238, 235, 235, 238, 237, 237, 238, 236, 236, 241, 240,
    240, 239, 238, 239, 240, 242, 239, 239, 238, 243, 242, 242, 239, 239,
    243, 242, 242, 242, 239, 238, 240, 237, 240, 240, 239, 237, 241, 240,
    241, 244, 243, 247, 249, 250, 248, 252, 250, 251, 248, 252, 247, 244,
    243, 243, 240, 235, 233, 235, 229, 228, 228, 227, 227, 224, 228, 225,
    230, 233, 233, 233, 237, 243, 241, 247, 250, 247, 249, 249, 250, 249,
    246, 248, 246, 245, 242, 242, 238, 240, 237, 239, 237, 237, 236, 239,
    239, 238, 239, 239, 239 ]
headPositionsY: [ 76, 73, 72, 71, 72, 73, 72, 75, 74, 72, 71, 75, 71, 72,
    75, 75, 76, 76, 72, 74, 74, 75, 73, 74, 72, 73, 74, 73, 75, 75, 74,
    73, 72, 75, 75, 74, 76, 74, 74, 74, 73, 72, 76, 71, 74, 73, 74, 74,
    74, 73, 73, 72, 75, 78, 78, 78, 76, 78, 73, 76, 76, 74, 74, 77, 76,
    76, 75, 75, 76, 77, 77, 76, 76, 73, 74, 75, 73, 77, 75, 77, 75, 74,
    74, 75, 79, 78, 77, 78, 76, 77, 75, 77, 77, 75, 78, 76, 77, 75, 79,
    79 ]
