%YAML:1.0
---
videoName: "headShake28.mp4"
gestureLabel: 201
fps: 29
pixelSizeInCmTemp: 3.2808219178082193e-01
faceCenterPointX: 242
faceCenterPointY: 80
headPositionsX: [ 243, 243, 242, 242, 241, 241, 241, 243, 241, 240, 242,
    242, 241, 244, 241, 243, 244, 243, 242, 244, 243, 239, 242, 243, 239,
    243, 243, 242, 244, 242, 240, 241, 240, 243, 241, 240, 241, 243, 245,
    243, 241, 244, 245, 246, 244, 245, 245, 243, 244, 243, 240, 233, 230,
    227, 232, 235, 238, 243, 247, 252, 254, 257, 251, 250, 246, 239, 236,
    234, 232, 236, 237, 243, 248, 252, 252, 257, 254, 253, 249, 244, 241,
    242, 239, 238, 237, 237, 239, 240, 238, 239, 243, 245, 241, 241, 241,
    242, 244, 240, 240, 241 ]
headPositionsY: [ 78, 74, 76, 77, 75, 77, 78, 76, 79, 76, 80, 78, 76, 78,
    80, 80, 80, 80, 78, 80, 81, 80, 79, 77, 79, 78, 81, 79, 77, 79, 77,
    79, 80, 78, 79, 80, 80, 76, 77, 78, 76, 76, 80, 75, 77, 78, 76, 77,
    78, 77, 78, 78, 78, 78, 77, 78, 80, 77, 77, 79, 75, 75, 78, 76, 77,
    78, 80, 80, 78, 79, 78, 80, 79, 80, 74, 78, 76, 81, 79, 78, 78, 80,
    80, 79, 78, 80, 78, 78, 77, 81, 78, 79, 77, 80, 80, 79, 80, 79, 79,
    80 ]
