%YAML:1.0
---
videoName: "headShake26.mp4"
gestureLabel: 201
fps: 30
pixelSizeInCmTemp: 3.2808219178082193e-01
faceCenterPointX: 243
faceCenterPointY: 78
headPositionsX: [ 244, 238, 239, 240, 241, 244, 246, 247, 249, 248, 251,
    249, 249, 253, 249, 250, 250, 246, 245, 247, 239, 238, 237, 234, 228,
    228, 227, 232, 231, 230, 234, 236, 241, 240, 245, 246, 249, 249, 252,
    251, 253, 251, 249, 248, 247, 242, 237, 234, 232, 230, 228, 231, 227,
    228, 230, 232, 236, 237, 241, 246, 250, 251, 250, 255, 253, 253, 252,
    248, 247, 249, 244, 243, 243, 240, 238, 238, 236, 239, 236, 236, 239,
    238, 239, 239, 238, 241, 241, 242, 241, 243, 243, 243, 245, 246, 245,
    243, 244, 245, 241, 243 ]
headPositionsY: [ 78, 76, 78, 76, 75, 76, 79, 75, 77, 77, 77, 79, 76, 77,
    76, 78, 76, 80, 76, 80, 81, 79, 78, 79, 76, 76, 74, 78, 77, 76, 76,
    75, 76, 75, 76, 78, 77, 76, 75, 77, 76, 79, 79, 76, 80, 80, 80, 77,
    79, 76, 76, 75, 76, 77, 74, 79, 78, 76, 77, 79, 78, 76, 78, 76, 76,
    75, 76, 78, 80, 78, 81, 78, 76, 79, 79, 78, 80, 76, 77, 78, 79, 81,
    77, 79, 78, 80, 79, 78, 81, 81, 80, 79, 79, 79, 77, 80, 80, 79, 77,
    78 ]
