%YAML:1.0
---
videoName: "headShake8.mp4"
gestureLabel: 201
fps: 29
pixelSizeInCmTemp: 3.2364864864864862e-01
faceCenterPointX: 243
faceCenterPointY: 72
headPositionsX: [ 244, 245, 244, 243, 242, 243, 242, 246, 245, 246, 243,
    243, 244, 245, 244, 241, 242, 245, 242, 244, 242, 244, 242, 245, 244,
    244, 245, 241, 241, 241, 243, 242, 242, 246, 248, 249, 252, 257, 261,
    262, 264, 264, 264, 262, 258, 251, 247, 238, 235, 235, 231, 229, 234,
    239, 243, 247, 256, 261, 257, 260, 256, 256, 251, 246, 243, 236, 237,
    236, 234, 233, 236, 236, 237, 241, 242, 243, 249, 245, 250, 248, 252,
    251, 251, 251, 247, 248, 247, 249, 244, 246, 246, 244, 242, 245, 245,
    243, 244, 244, 241, 243 ]
headPositionsY: [ 74, 70, 71, 71, 73, 74, 72, 71, 72, 71, 72, 70, 74, 71,
    72, 72, 72, 69, 71, 71, 73, 71, 70, 71, 73, 70, 72, 73, 70, 71, 73,
    70, 73, 74, 71, 73, 69, 72, 72, 71, 71, 68, 71, 70, 71, 73, 73, 72,
    70, 72, 69, 72, 69, 69, 71, 71, 71, 69, 67, 71, 72, 71, 69, 73, 73,
    71, 74, 72, 71, 74, 72, 73, 70, 73, 74, 70, 75, 72, 71, 72, 71, 71,
    71, 73, 73, 73, 69, 74, 70, 69, 73, 70, 71, 72, 74, 71, 70, 70, 74,
    74 ]
