%YAML:1.0
---
videoName: "headShake0.mp4"
gestureLabel: 201
fps: 29
pixelSizeInCmTemp: 3.2808219178082193e-01
faceCenterPointX: 279
faceCenterPointY: 94
headPositionsX: [ 279, 281, 278, 281, 281, 281, 280, 281, 280, 280, 279,
    279, 279, 279, 277, 280, 278, 278, 279, 280, 277, 278, 281, 277, 279,
    277, 278, 280, 281, 280, 280, 278, 281, 279, 278, 278, 277, 280, 280,
    280, 280, 280, 285, 286, 292, 294, 300, 302, 299, 300, 295, 292, 289,
    284, 278, 277, 272, 275, 273, 279, 284, 288, 288, 292, 292, 289, 287,
    281, 278, 273, 271, 274, 275, 275, 281, 281, 285, 284, 284, 285, 278,
    278, 279, 277, 273, 277, 275, 275, 276, 280, 279, 279, 281, 278, 277,
    278, 277, 280, 280, 281 ]
headPositionsY: [ 92, 95, 91, 94, 93, 95, 92, 94, 94, 93, 91, 92, 93, 92,
    91, 93, 95, 91, 91, 95, 94, 93, 92, 93, 93, 93, 91, 94, 93, 90, 93,
    92, 95, 91, 94, 92, 92, 94, 94, 96, 95, 91, 89, 89, 91, 89, 92, 93,
    93, 90, 93, 93, 91, 91, 90, 94, 92, 93, 90, 92, 92, 91, 94, 93, 93,
    93, 92, 93, 95, 94, 91, 91, 93, 94, 94, 92, 95, 94, 95, 95, 92, 96,
    94, 92, 92, 92, 94, 94, 96, 92, 95, 97, 92, 95, 97, 95, 97, 97, 95,
    97 ]
