%YAML:1.0
---
videoName: "headShake24.mp4"
gestureLabel: 201
fps: 29
pixelSizeInCmTemp: 3.2808219178082193e-01
faceCenterPointX: 240
faceCenterPointY: 78
headPositionsX: [ 238, 249, 250, 253, 253, 254, 252, 253, 251, 250, 248,
    249, 244, 242, 241, 234, 237, 231, 234, 231, 231, 230, 229, 232, 232,
    233, 237, 240, 241, 241, 244, 249, 248, 252, 248, 250, 248, 246, 249,
    244, 243, 244, 243, 238, 237, 235, 235, 236, 233, 233, 236, 236, 234,
    238, 238, 240, 240, 244, 247, 243, 245, 248, 247, 248, 248, 247, 250,
    245, 248, 248, 245, 246, 240, 243, 242, 239, 241, 238, 240, 238, 237,
    239, 241, 238, 236, 239, 237, 239, 242, 239, 239, 238, 240, 242, 241,
    239, 241, 241, 241, 241 ]
headPositionsY: [ 76, 75, 75, 77, 76, 77, 74, 74, 78, 76, 77, 77, 77, 79,
    77, 75, 77, 75, 80, 76, 75, 76, 76, 79, 78, 79, 75, 77, 80, 79, 74,
    76, 77, 79, 78, 78, 79, 77, 80, 76, 77, 79, 77, 78, 78, 77, 79, 78,
    79, 78, 80, 79, 76, 80, 79, 80, 78, 79, 77, 77, 80, 77, 76, 77, 79,
    75, 80, 76, 77, 77, 78, 79, 79, 76, 79, 78, 79, 77, 77, 76, 76, 77,
    76, 80, 77, 75, 76, 79, 79, 80, 78, 79, 80, 77, 79, 79, 77, 80, 78,
    76 ]
