%YAML:1.0
---
videoName: "headShake33.mp4"
gestureLabel: 201
fps: 29
pixelSizeInCmTemp: 3.2364864864864862e-01
faceCenterPointX: 244
faceCenterPointY: 84
headPositionsX: [ 244, 245, 244, 247, 245, 247, 247, 244, 247, 247, 246,
    244, 245, 244, 245, 247, 246, 246, 245, 243, 243, 250, 249, 252, 249,
    254, 256, 261, 258, 264, 264, 263, 261, 258, 257, 254, 251, 249, 246,
    242, 235, 235, 234, 231, 226, 229, 224, 225, 226, 233, 231, 238, 241,
    245, 251, 251, 254, 261, 260, 259, 259, 261, 257, 257, 253, 250, 245,
    244, 241, 236, 236, 233, 234, 233, 234, 232, 231, 232, 233, 238, 237,
    237, 238, 241, 243, 243, 246, 247, 249, 248, 248, 244, 244, 246, 245,
    243, 243, 245, 242, 243 ]
headPositionsY: [ 84, 84, 82, 84, 81, 82, 81, 83, 83, 84, 82, 83, 82, 80,
    85, 81, 84, 81, 83, 83, 82, 81, 82, 83, 82, 82, 80, 81, 80, 79, 81,
    83, 80, 80, 80, 82, 85, 81, 80, 85, 80, 84, 85, 81, 84, 80, 80, 80,
    84, 83, 82, 83, 81, 81, 85, 84, 80, 80, 80, 82, 81, 84, 80, 82, 82,
    84, 81, 84, 84, 81, 82, 82, 81, 83, 80, 80, 81, 82, 80, 84, 84, 82,
    83, 84, 81, 82, 83, 81, 83, 82, 84, 84, 81, 81, 85, 85, 84, 84, 85,
    81 ]
