%YAML:1.0
---
videoName: "headShake19.mp4"
gestureLabel: 201
fps: 29
pixelSizeInCmTemp: 3.1933333333333330e-01
faceCenterPointX: 243
faceCenterPointY: 78
headPositionsX: [ 244, 242, 244, 243, 242, 244, 240, 244, 242, 242, 244,
    243, 244, 241, 241, 242, 243, 242, 244, 245, 241, 242, 242, 242, 241,
    243, 243, 244, 241, 244, 240, 243, 242, 242, 243, 242, 239, 235, 236,
    235, 235, 235, 240, 244, 247, 255, 254, 256, 255, 256, 248, 245, 237,
    235, 233, 230, 235, 232, 238, 241, 247, 248, 248, 246, 244, 246, 241,
    239, 238, 238, 237, 239, 237, 239, 243, 242, 245, 245, 246, 246, 243,
    242, 243, 243, 243, 239, 238, 238, 241, 238, 241, 241, 242, 244, 245,
    242, 243, 241, 241, 241 ]
headPositionsY: [ 76, 74, 76, 77, 77, 75, 75, 75, 79, 75, 75, 75, 75, 75,
    76, 75, 79, 78, 74, 77, 75, 76, 77, 75, 79, 75, 77, 74, 75, 76, 75,
    79, 75, 78, 75, 77, 75, 74, 79, 76, 78, 75, 77, 77, 77, 79, 76, 73,
    76, 74, 77, 77, 74, 77, 76, 76, 73, 74, 77, 77, 77, 79, 79, 77, 80,
    79, 79, 78, 79, 79, 78, 77, 75, 79, 78, 79, 77, 79, 77, 78, 80, 78,
    78, 78, 77, 80, 77, 81, 76, 80, 78, 76, 76, 76, 80, 79, 78, 78, 78,
    76 ]
