%YAML:1.0
---
videoName: "headShake17.mp4"
gestureLabel: 201
fps: 29
pixelSizeInCmTemp: 3.3263888888888887e-01
faceCenterPointX: 242
faceCenterPointY: 76
headPositionsX: [ 241, 237, 239, 236, 237, 240, 239, 244, 244, 245, 251,
    252, 258, 257, 257, 257, 252, 248, 245, 239, 238, 232, 231, 226, 227,
    226, 229, 233, 233, 238, 243, 245, 251, 250, 255, 255, 253, 251, 246,
    249, 240, 242, 235, 233, 231, 233, 230, 234, 235, 234, 236, 242, 244,
    245, 243, 245, 246, 246, 243, 241, 240, 242, 239, 241, 239, 237, 240,
    238, 241, 240, 240, 240, 238, 242, 239, 240, 241, 241, 240, 241, 239,
    240, 243, 242, 241, 243, 239, 240, 243, 240, 243, 241, 242, 242, 242,
    241, 242, 239, 239, 241 ]
headPositionsY: [ 76, 78, 75, 79, 78, 76, 75, 77, 74, 75, 76, 75, 77, 74,
    75, 76, 75, 78, 78, 76, 77, 78, 75, 76, 74, 77, 78, 75, 76, 79, 76,
    77, 76, 73, 74, 72, 74, 74, 74, 76, 78, 79, 77, 77, 77, 74, 76, 78,
    78, 75, 75, 79, 78, 77, 76, 77, 76, 76, 76, 78, 78, 79, 79, 75, 73,
    74, 76, 78, 77, 76, 77, 77, 77, 75, 78, 78, 75, 76, 79, 75, 78, 77,
    76, 74, 74, 73, 77, 74, 75, 77, 75, 77, 74, 78, 77, 78, 76, 77, 77,
    75 ]
