%YAML:1.0
---
videoName: "headShake23.mp4"
gestureLabel: 201
fps: 29
pixelSizeInCmTemp: 3.2808219178082193e-01
faceCenterPointX: 240
faceCenterPointY: 77
headPositionsX: [ 241, 240, 242, 242, 241, 241, 242, 244, 240, 242, 241,
    242, 241, 240, 240, 242, 241, 242, 237, 237, 238, 240, 242, 248, 248,
    249, 252, 252, 254, 257, 253, 254, 255, 249, 250, 247, 242, 238, 236,
    233, 230, 231, 227, 229, 228, 229, 230, 231, 237, 236, 242, 247, 249,
    250, 252, 254, 253, 251, 252, 253, 251, 248, 249, 244, 240, 243, 238,
    236, 235, 238, 234, 233, 232, 236, 235, 234, 236, 236, 238, 235, 241,
    238, 239, 243, 244, 243, 242, 243, 244, 245, 244, 243, 245, 246, 244,
    242, 243, 243, 243, 242 ]
headPositionsY: [ 77, 78, 75, 78, 78, 75, 79, 76, 78, 78, 76, 78, 78, 76,
    79, 75, 74, 79, 75, 77, 75, 76, 79, 75, 76, 77, 74, 79, 77, 75, 78,
    78, 74, 78, 77, 80, 76, 78, 75, 75, 77, 79, 76, 76, 75, 79, 78, 79,
    79, 76, 79, 78, 76, 75, 77, 76, 77, 75, 77, 78, 78, 76, 78, 77, 76,
    78, 79, 76, 79, 80, 79, 79, 77, 77, 77, 79, 80, 79, 80, 77, 77, 80,
    75, 75, 79, 79, 79, 79, 76, 79, 80, 80, 79, 79, 76, 77, 78, 78, 75,
    75 ]
