%YAML:1.0
---
videoName: "headShake49.mp4"
gestureLabel: 201
fps: 30
pixelSizeInCmTemp: 2.8855421686746985e-01
faceCenterPointX: 259
faceCenterPointY: 84
headPositionsX: [ 257, 261, 258, 261, 263, 259, 260, 258, 260, 262, 260,
    263, 262, 259, 262, 262, 261, 263, 261, 261, 262, 259, 259, 261, 260,
    261, 263, 260, 263, 260, 259, 259, 262, 265, 270, 272, 278, 279, 283,
    286, 283, 279, 270, 266, 257, 251, 248, 246, 250, 258, 259, 267, 272,
    272, 272, 266, 260, 255, 253, 250, 247, 249, 256, 260, 266, 272, 269,
    267, 263, 258, 258, 254, 256, 256, 256, 261, 268, 268, 271, 269, 267,
    262, 260, 257, 260, 255, 257, 258, 260, 262, 260, 262, 260, 258, 259,
    260, 258, 258, 261, 260 ]
headPositionsY: [ 86, 83, 83, 78, 80, 80, 80, 81, 81, 80, 82, 78, 79, 80,
    78, 82, 82, 80, 80, 81, 80, 80, 78, 80, 78, 79, 80, 80, 80, 82, 83,
    80, 83, 83, 84, 80, 78, 81, 79, 81, 80, 83, 83, 86, 84, 84, 85, 85,
    84, 83, 83, 83, 83, 81, 82, 82, 86, 85, 87, 82, 84, 82, 85, 85, 87,
    84, 82, 82, 86, 84, 86, 86, 84, 85, 82, 86, 84, 84, 84, 86, 87, 83,
    83, 85, 85, 82, 83, 82, 83, 83, 83, 85, 86, 86, 86, 84, 86, 86, 84,
    85 ]
