%YAML:1.0
---
videoName: "headShake37.mp4"
gestureLabel: 201
fps: 30
pixelSizeInCmTemp: 3.1933333333333330e-01
faceCenterPointX: 263
faceCenterPointY: 83
headPositionsX: [ 265, 260, 261, 260, 259, 262, 260, 265, 264, 261, 263,
    263, 264, 263, 261, 262, 265, 264, 263, 261, 262, 265, 261, 262, 262,
    263, 261, 260, 260, 260, 264, 261, 260, 262, 264, 261, 260, 262, 261,
    263, 260, 264, 261, 259, 262, 259, 261, 262, 265, 272, 274, 275, 282,
    281, 281, 277, 272, 267, 258, 256, 251, 251, 256, 257, 262, 270, 271,
    270, 271, 270, 270, 266, 261, 258, 252, 251, 254, 253, 258, 258, 259,
    263, 262, 267, 266, 265, 268, 267, 264, 264, 266, 266, 263, 262, 264,
    264, 261, 263, 266, 265 ]
headPositionsY: [ 84, 82, 83, 84, 85, 81, 85, 86, 83, 81, 85, 84, 85, 82,
    81, 81, 84, 82, 85, 82, 85, 81, 82, 82, 86, 81, 82, 85, 84, 84, 83,
    84, 85, 82, 84, 84, 83, 81, 81, 82, 84, 85, 82, 85, 81, 84, 82, 85,
    84, 81, 81, 80, 81, 81, 80, 84, 80, 85, 80, 83, 79, 80, 83, 80, 84,
    82, 79, 78, 83, 82, 80, 84, 83, 83, 81, 83, 82, 80, 84, 85, 84, 84,
    83, 85, 85, 81, 82, 81, 84, 85, 85, 83, 85, 82, 80, 81, 81, 83, 85,
    82 ]
