%YAML:1.0
---
videoName: "headShake9.mp4"
gestureLabel: 201
fps: 30
pixelSizeInCmTemp: 3.2808219178082193e-01
faceCenterPointX: 243
faceCenterPointY: 73
headPositionsX: [ 245, 245, 241, 243, 243, 241, 244, 242, 244, 242, 245,
    242, 241, 242, 243, 245, 244, 244, 241, 245, 243, 244, 244, 244, 244,
    244, 243, 241, 244, 242, 243, 241, 242, 245, 243, 242, 244, 244, 243,
    244, 249, 251, 251, 259, 264, 263, 264, 267, 259, 257, 253, 250, 243,
    239, 233, 229, 229, 228, 234, 234, 240, 248, 253, 256, 263, 260, 260,
    259, 253, 249, 242, 238, 235, 228, 228, 229, 229, 235, 238, 238, 245,
    249, 252, 253, 250, 251, 251, 249, 248, 245, 247, 244, 244, 246, 243,
    243, 243, 245, 241, 245 ]
headPositionsY: [ 73, 73, 70, 73, 73, 74, 71, 71, 72, 70, 74, 74, 72, 73,
    73, 73, 71, 74, 74, 74, 74, 70, 72, 73, 70, 73, 72, 74, 73, 74, 70,
    72, 72, 73, 73, 73, 71, 70, 72, 71, 74, 70, 71, 68, 70, 71, 70, 69,
    69, 69, 75, 73, 72, 71, 73, 71, 74, 71, 74, 75, 71, 71, 72, 70, 67,
    68, 72, 72, 73, 73, 72, 74, 74, 74, 72, 73, 73, 74, 75, 71, 72, 73,
    70, 74, 73, 74, 70, 71, 74, 72, 71, 72, 76, 74, 74, 74, 71, 71, 76,
    74 ]
