%YAML:1.0
---
videoName: "headShake45.mp4"
gestureLabel: 201
fps: 30
pixelSizeInCmTemp: 3.3263888888888887e-01
faceCenterPointX: 262
faceCenterPointY: 84
headPositionsX: [ 262, 263, 263, 261, 263, 265, 262, 262, 261, 262, 261,
    262, 264, 261, 260, 264, 263, 264, 260, 264, 262, 263, 261, 261, 262,
    263, 261, 261, 260, 263, 263, 260, 262, 260, 261, 259, 260, 258, 260,
    258, 257, 257, 257, 266, 271, 274, 280, 281, 282, 278, 270, 266, 263,
    256, 252, 254, 260, 264, 268, 270, 276, 275, 271, 267, 266, 259, 254,
    256, 255, 260, 263, 269, 271, 273, 269, 267, 265, 258, 259, 256, 255,
    256, 261, 264, 263, 262, 261, 262, 261, 260, 260, 260, 262, 259, 264,
    262, 263, 263, 260, 262 ]
headPositionsY: [ 84, 79, 80, 79, 82, 81, 82, 82, 83, 85, 79, 84, 83, 82,
    82, 84, 80, 81, 83, 84, 81, 82, 81, 81, 82, 83, 81, 82, 80, 83, 81,
    81, 82, 82, 80, 80, 81, 80, 84, 81, 81, 83, 81, 81, 81, 79, 82, 82,
    81, 80, 84, 84, 81, 80, 82, 86, 84, 84, 83, 83, 79, 82, 81, 81, 82,
    83, 83, 84, 81, 80, 83, 81, 84, 81, 81, 83, 84, 83, 82, 84, 85, 82,
    82, 84, 85, 84, 80, 85, 83, 81, 83, 85, 84, 85, 81, 83, 84, 81, 82,
    84 ]
