%YAML:1.0
---
videoName: "headShake11.mp4"
gestureLabel: 201
fps: 29
pixelSizeInCmTemp: 3.2364864864864862e-01
faceCenterPointX: 244
faceCenterPointY: 76
headPositionsX: [ 245, 243, 242, 239, 241, 242, 245, 240, 240, 243, 241,
    242, 242, 241, 243, 243, 240, 241, 240, 243, 243, 240, 243, 244, 240,
    242, 242, 246, 247, 250, 252, 255, 260, 260, 259, 260, 263, 259, 252,
    251, 243, 239, 236, 232, 227, 227, 227, 233, 236, 242, 247, 250, 254,
    260, 258, 257, 257, 251, 250, 246, 238, 236, 234, 231, 229, 231, 233,
    240, 244, 247, 251, 254, 256, 257, 256, 254, 252, 248, 245, 239, 237,
    233, 236, 236, 234, 236, 239, 241, 242, 245, 247, 249, 247, 245, 247,
    248, 245, 245, 247, 246 ]
headPositionsY: [ 78, 70, 72, 73, 73, 71, 72, 72, 75, 74, 73, 73, 71, 71,
    73, 71, 75, 74, 72, 74, 73, 71, 74, 73, 73, 75, 72, 74, 74, 71, 70,
    73, 72, 73, 72, 72, 72, 72, 73, 76, 72, 72, 74, 76, 75, 72, 75, 75,
    76, 74, 74, 74, 72, 72, 72, 72, 71, 76, 76, 78, 76, 75, 75, 74, 77,
    77, 78, 76, 74, 74, 75, 74, 74, 71, 74, 73, 72, 77, 77, 75, 74, 72,
    72, 72, 76, 72, 75, 74, 74, 74, 77, 76, 74, 75, 73, 73, 77, 77, 75,
    75 ]
