%YAML:1.0
---
videoName: "headShake27.mp4"
gestureLabel: 201
fps: 29
pixelSizeInCmTemp: 3.3263888888888887e-01
faceCenterPointX: 244
faceCenterPointY: 78
headPositionsX: [ 243, 248, 245, 250, 251, 250, 252, 253, 257, 254, 258,
    256, 252, 254, 255, 252, 249, 247, 245, 243, 243, 236, 236, 237, 232,
    232, 230, 234, 233, 233, 235, 233, 232, 234, 237, 241, 240, 241, 246,
    249, 246, 249, 249, 249, 248, 252, 250, 249, 248, 249, 247, 241, 241,
    242, 238, 239, 236, 232, 236, 231, 233, 232, 233, 236, 235, 234, 237,
    237, 242, 240, 244, 244, 244, 246, 250, 247, 248, 247, 246, 245, 249,
    248, 247, 247, 246, 248, 246, 244, 247, 243, 245, 243, 245, 246, 243,
    246, 244, 244, 247, 244 ]
headPositionsY: [ 80, 79, 79, 79, 77, 77, 79, 78, 74, 74, 76, 78, 77, 76,
    77, 76, 80, 80, 76, 78, 80, 79, 76, 77, 77, 81, 77, 79, 76, 78, 78,
    80, 79, 78, 78, 78, 77, 78, 80, 78, 82, 81, 79, 78, 81, 79, 81, 77,
    77, 79, 80, 77, 77, 81, 77, 82, 79, 78, 77, 77, 79, 77, 79, 79, 79,
    80, 77, 77, 81, 77, 80, 82, 76, 79, 77, 78, 80, 79, 80, 82, 78, 80,
    77, 82, 81, 77, 80, 82, 80, 81, 82, 80, 78, 78, 79, 80, 78, 79, 77,
    79 ]
