%YAML:1.0
---
videoName: "headShake39.mp4"
gestureLabel: 201
fps: 29
pixelSizeInCmTemp: 3.1933333333333330e-01
faceCenterPointX: 263
faceCenterPointY: 83
headPositionsX: [ 265, 261, 261, 262, 260, 262, 262, 262, 262, 261, 263,
    259, 262, 260, 259, 259, 259, 259, 260, 257, 259, 259, 255, 256, 254,
    251, 250, 245, 242, 241, 244, 243, 246, 253, 256, 263, 267, 271, 278,
    282, 280, 279, 275, 270, 264, 257, 255, 247, 247, 249, 248, 248, 253,
    254, 260, 270, 274, 275, 281, 278, 278, 274, 269, 266, 258, 252, 249,
    247, 247, 248, 252, 252, 254, 254, 259, 258, 260, 262, 262, 267, 267,
    264, 267, 268, 268, 269, 266, 267, 262, 264, 262, 265, 264, 263, 264,
    263, 261, 261, 262, 263 ]
headPositionsY: [ 84, 83, 84, 84, 82, 82, 85, 84, 82, 83, 81, 85, 83, 82,
    85, 84, 82, 84, 83, 82, 85, 83, 85, 84, 84, 82, 83, 81, 82, 80, 83,
    84, 82, 81, 81, 84, 83, 80, 82, 79, 78, 82, 81, 85, 85, 85, 82, 80,
    81, 83, 82, 85, 85, 85, 80, 83, 82, 83, 82, 78, 81, 84, 84, 83, 81,
    80, 80, 81, 80, 82, 79, 82, 80, 82, 82, 81, 83, 80, 83, 81, 81, 84,
    82, 82, 85, 82, 83, 81, 80, 81, 83, 82, 85, 82, 83, 85, 82, 85, 81,
    84 ]
