%YAML:1.0
---
videoName: "headShake43.mp4"
gestureLabel: 201
fps: 29
pixelSizeInCmTemp: 3.2808219178082193e-01
faceCenterPointX: 257
faceCenterPointY: 84
headPositionsX: [ 259, 259, 260, 258, 261, 259, 259, 262, 262, 258, 261,
    259, 259, 258, 261, 260, 262, 260, 260, 261, 258, 261, 262, 260, 259,
    260, 263, 264, 266, 270, 271, 274, 278, 276, 280, 285, 279, 277, 279,
    274, 268, 264, 262, 257, 250, 248, 246, 244, 244, 242, 249, 250, 256,
    264, 265, 269, 274, 276, 275, 272, 271, 265, 262, 255, 252, 246, 244,
    243, 241, 246, 246, 252, 256, 260, 266, 265, 267, 271, 268, 269, 267,
    267, 267, 266, 262, 262, 260, 260, 256, 260, 259, 257, 258, 257, 256,
    255, 258, 258, 256, 257 ]
headPositionsY: [ 83, 85, 87, 83, 85, 86, 87, 86, 84, 83, 87, 85, 87, 84,
    86, 85, 86, 87, 86, 84, 85, 84, 87, 83, 85, 87, 84, 85, 86, 84, 85,
    85, 83, 80, 82, 81, 82, 83, 84, 83, 85, 87, 83, 83, 84, 83, 82, 81,
    83, 83, 85, 85, 85, 85, 84, 83, 81, 80, 82, 83, 83, 83, 84, 84, 81,
    83, 84, 84, 81, 81, 84, 83, 86, 84, 83, 85, 81, 82, 83, 85, 82, 86,
    84, 86, 86, 86, 85, 86, 83, 84, 81, 82, 81, 84, 86, 85, 84, 85, 85,
    83 ]
