%YAML:1.0
---
videoName: "headShake31.mp4"
gestureLabel: 201
fps: 29
pixelSizeInCmTemp: 3.2808219178082193e-01
faceCenterPointX: 236
faceCenterPointY: 68
headPositionsX: [ 238, 237, 238, 235, 237, 239, 236, 236, 239, 237, 239,
    234, 238, 236, 235, 235, 237, 236, 236, 235, 238, 236, 237, 235, 234,
    235, 235, 239, 235, 236, 235, 235, 235, 235, 233, 235, 233, 238, 242,
    245, 249, 252, 250, 250, 252, 252, 247, 238, 232, 226, 222, 221, 221,
    225, 229, 235, 238, 245, 248, 246, 246, 241, 243, 239, 232, 231, 230,
    227, 227, 233, 233, 237, 237, 238, 244, 240, 245, 245, 242, 240, 237,
    237, 234, 235, 235, 237, 235, 234, 234, 235, 236, 236, 236, 235, 233,
    238, 237, 234, 235, 234 ]
headPositionsY: [ 70, 64, 66, 68, 69, 66, 66, 66, 68, 67, 67, 67, 69, 66,
    67, 65, 68, 66, 66, 67, 68, 69, 68, 70, 65, 69, 68, 69, 65, 69, 68,
    66, 67, 68, 68, 67, 67, 67, 66, 68, 68, 67, 65, 65, 65, 69, 70, 66,
    66, 65, 67, 67, 69, 70, 69, 68, 71, 69, 68, 70, 70, 67, 67, 70, 71,
    68, 67, 70, 69, 71, 67, 69, 71, 66, 71, 66, 66, 68, 71, 71, 70, 66,
    71, 71, 67, 71, 67, 72, 68, 70, 66, 67, 71, 70, 68, 71, 71, 68, 72,
    68 ]
