%YAML:1.0
---
videoName: "headShake3.mp4"
gestureLabel: 201
fps: 30
pixelSizeInCmTemp: 3.3263888888888887e-01
faceCenterPointX: 240
faceCenterPointY: 101
headPositionsX: [ 238, 242, 239, 242, 242, 242, 243, 243, 243, 240, 241,
    242, 242, 240, 244, 242, 242, 243, 241, 242, 243, 242, 240, 242, 241,
    242, 241, 243, 241, 239, 238, 240, 240, 244, 245, 248, 252, 253, 256,
    259, 253, 249, 246, 243, 238, 231, 231, 230, 228, 230, 235, 240, 245,
    249, 250, 249, 248, 247, 243, 236, 231, 230, 226, 225, 226, 227, 229,
    235, 238, 244, 246, 244, 247, 244, 244, 241, 239, 238, 236, 232, 235,
    230, 234, 235, 235, 234, 238, 237, 238, 237, 240, 241, 237, 243, 241,
    241, 239, 240, 242, 241 ]
headPositionsY: [ 102, 98, 100, 99, 100, 99, 98, 99, 101, 97, 97, 96, 97,
    99, 98, 99, 101, 100, 99, 101, 97, 99, 102, 100, 97, 100, 98, 98, 97,
    97, 97, 100, 99, 100, 98, 100, 97, 96, 98, 97, 97, 98, 97, 97, 99,
    97, 101, 97, 99, 100, 96, 99, 100, 97, 97, 101, 99, 96, 98, 97, 101,
    99, 96, 98, 97, 98, 97, 98, 101, 100, 100, 98, 100, 99, 102, 98, 97,
    102, 98, 99, 101, 100, 98, 98, 99, 102, 101, 99, 100, 99, 102, 101,
    102, 101, 102, 99, 101, 103, 103, 100 ]
