%YAML:1.0
---
videoName: "headShake36.mp4"
gestureLabel: 201
fps: 29
pixelSizeInCmTemp: 3.2364864864864862e-01
faceCenterPointX: 263
faceCenterPointY: 80
headPositionsX: [ 263, 264, 261, 261, 263, 266, 267, 269, 268, 272, 272,
    275, 279, 281, 278, 283, 282, 281, 279, 278, 278, 270, 271, 269, 263,
    258, 257, 255, 249, 248, 248, 247, 247, 246, 247, 243, 247, 249, 251,
    255, 259, 262, 264, 266, 270, 271, 274, 275, 279, 280, 280, 281, 278,
    278, 277, 271, 269, 268, 262, 258, 256, 254, 252, 250, 252, 249, 247,
    251, 249, 252, 254, 257, 261, 263, 265, 263, 264, 268, 268, 269, 265,
    267, 268, 266, 265, 266, 263, 265, 267, 267, 263, 262, 262, 261, 265,
    263, 263, 264, 263, 261 ]
headPositionsY: [ 81, 79, 81, 80, 81, 82, 81, 78, 82, 80, 80, 77, 78, 76,
    74, 78, 74, 78, 76, 80, 77, 78, 83, 81, 83, 80, 80, 79, 80, 82, 80,
    82, 83, 81, 82, 79, 81, 80, 81, 83, 80, 84, 84, 81, 80, 78, 79, 80,
    80, 76, 78, 77, 78, 77, 76, 79, 83, 82, 82, 78, 79, 80, 79, 78, 76,
    79, 77, 82, 80, 79, 83, 81, 80, 80, 83, 81, 83, 81, 80, 83, 82, 82,
    81, 79, 79, 79, 82, 82, 81, 79, 80, 83, 82, 82, 82, 79, 79, 78, 79,
    80 ]
