%YAML:1.0
---
videoName: "headShake34.mp4"
gestureLabel: 201
fps: 29
pixelSizeInCmTemp: 3.2364864864864862e-01
faceCenterPointX: 263
faceCenterPointY: 83
headPositionsX: [ 262, 265, 264, 264, 263, 263, 266, 266, 265, 263, 266,
    263, 264, 266, 265, 264, 266, 263, 263, 262, 265, 266, 266, 262, 266,
    262, 264, 263, 265, 263, 261, 265, 264, 265, 265, 265, 264, 267, 267,
    268, 272, 273, 273, 277, 275, 277, 280, 279, 276, 277, 272, 271, 265,
    261, 253, 252, 253, 254, 252, 253, 259, 262, 267, 268, 272, 272, 270,
    266, 265, 260, 258, 256, 257, 253, 253, 255, 257, 259, 263, 266, 264,
    267, 266, 266, 267, 267, 263, 267, 263, 265, 264, 262, 266, 263, 265,
    263, 263, 262, 264, 261 ]
headPositionsY: [ 82, 84, 84, 84, 84, 82, 81, 84, 82, 84, 81, 81, 82, 83,
    83, 82, 81, 82, 84, 82, 82, 84, 83, 85, 85, 81, 84, 84, 84, 81, 85,
    84, 84, 85, 85, 83, 82, 83, 83, 85, 80, 84, 83, 82, 84, 82, 83, 82,
    79, 80, 81, 84, 82, 81, 82, 82, 82, 83, 80, 83, 82, 82, 83, 80, 83,
    84, 84, 82, 86, 82, 81, 82, 82, 83, 83, 81, 84, 81, 85, 81, 84, 84,
    83, 81, 86, 84, 83, 81, 85, 84, 85, 82, 83, 82, 82, 81, 84, 84, 84,
    84 ]
