%YAML:1.0
---
videoName: "headShake19.mp4"
gestureLabel: 201
fps: 29
pixelSizeInCmTemp: 3.1933333333333330e-01
faceCenterPointX: 243
faceCenterPointY: 78
headPositionsX: [ 243, 241, 243, 243, 241, 241, 241, 245, 243, 241, 243,
    245, 243, 241, 242, 241, 244, 243, 243, 245, 243, 240, 244, 242, 241,
    241, 242, 240, 243, 241, 243, 243, 240, 243, 240, 240, 238, 235, 237,
    233, 234, 235, 238, 243, 247, 254, 256, 256, 256, 255, 248, 244, 240,
    234, 230, 233, 231, 231, 240, 242, 243, 247, 250, 245, 247, 242, 240,
    237, 235, 235, 238, 238, 236, 240, 239, 244, 245, 244, 243, 246, 245,
    242, 243, 244, 239, 241, 239, 242, 238, 239, 243, 244, 242, 243, 244,
    243, 246, 242, 243, 243 ]
headPositionsY: [ 80, 76, 75, 78, 76, 76, 75, 74, 75, 74, 75, 76, 76, 78,
    78, 77, 77, 77, 77, 77, 76, 76, 78, 77, 78, 79, 75, 76, 75, 78, 79,
    76, 75, 78, 76, 75, 75, 78, 77, 78, 75, 74, 75, 76, 77, 76, 74, 77,
    77, 77, 77, 77, 74, 77, 77, 75, 73, 74, 78, 76, 77, 75, 78, 78, 76,
    79, 79, 78, 79, 77, 75, 80, 75, 75, 78, 75, 77, 80, 78, 76, 76, 79,
    77, 80, 76, 80, 79, 81, 80, 78, 77, 80, 80, 80, 79, 80, 76, 77, 79,
    78 ]
