%YAML:1.0
---
videoName: "headShake10.mp4"
gestureLabel: 201
fps: 29
pixelSizeInCmTemp: 3.3732394366197183e-01
faceCenterPointX: 240
faceCenterPointY: 74
headPositionsX: [ 240, 246, 248, 247, 244, 248, 247, 243, 247, 245, 246,
    244, 247, 246, 247, 248, 244, 245, 245, 245, 244, 248, 244, 245, 245,
    248, 247, 247, 244, 244, 245, 246, 245, 245, 245, 246, 244, 244, 246,
    245, 245, 246, 244, 246, 245, 243, 247, 246, 245, 246, 244, 250, 249,
    252, 255, 257, 259, 262, 261, 257, 257, 253, 250, 243, 240, 235, 233,
    230, 233, 234, 235, 241, 247, 249, 254, 257, 255, 256, 254, 252, 250,
    250, 246, 244, 242, 241, 242, 239, 239, 241, 238, 242, 239, 240, 242,
    243, 240, 241, 242, 242 ]
headPositionsY: [ 75, 72, 71, 75, 74, 71, 70, 72, 75, 73, 75, 74, 75, 72,
    73, 74, 73, 73, 74, 71, 71, 75, 73, 74, 74, 74, 72, 72, 74, 74, 75,
    75, 73, 71, 73, 72, 72, 71, 76, 72, 74, 72, 74, 75, 73, 73, 73, 76,
    70, 73, 75, 75, 73, 70, 70, 71, 70, 73, 72, 72, 72, 73, 75, 75, 71,
    73, 73, 74, 73, 75, 72, 74, 72, 75, 73, 73, 75, 75, 74, 72, 72, 76,
    73, 73, 77, 76, 75, 78, 77, 78, 75, 76, 73, 75, 73, 75, 73, 75, 74,
    75 ]
