%YAML:1.0
---
videoName: "headShake0.mp4"
gestureLabel: 201
fps: 29
pixelSizeInCmTemp: 3.2808219178082193e-01
faceCenterPointX: 279
faceCenterPointY: 94
headPositionsX: [ 277, 278, 279, 281, 280, 280, 279, 278, 277, 279, 281,
    277, 281, 276, 279, 279, 280, 280, 278, 278, 277, 280, 279, 278, 277,
    278, 278, 277, 281, 279, 279, 278, 279, 277, 276, 278, 278, 276, 279,
    279, 280, 283, 287, 286, 291, 297, 301, 300, 301, 299, 296, 293, 290,
    281, 277, 274, 271, 275, 275, 278, 280, 287, 290, 288, 288, 290, 285,
    281, 280, 274, 273, 273, 273, 276, 277, 280, 283, 284, 284, 283, 280,
    278, 279, 276, 273, 274, 275, 278, 279, 276, 281, 278, 279, 279, 280,
    281, 281, 279, 280, 277 ]
headPositionsY: [ 94, 91, 93, 91, 94, 95, 94, 93, 91, 94, 95, 90, 95, 95,
    91, 92, 95, 95, 94, 92, 93, 92, 93, 92, 95, 92, 93, 95, 95, 90, 90,
    93, 95, 93, 91, 92, 92, 93, 92, 96, 95, 95, 92, 93, 89, 89, 90, 89,
    94, 92, 93, 90, 94, 95, 93, 93, 92, 95, 93, 92, 92, 90, 91, 93, 90,
    93, 95, 91, 93, 95, 95, 93, 93, 93, 92, 93, 94, 91, 95, 92, 95, 92,
    91, 91, 96, 92, 96, 92, 95, 96, 92, 95, 95, 96, 95, 95, 97, 95, 93,
    97 ]
