%YAML:1.0
---
videoName: "headShake46.mp4"
gestureLabel: 201
fps: 30
pixelSizeInCmTemp: 3.2364864864864862e-01
faceCenterPointX: 262
faceCenterPointY: 85
headPositionsX: [ 260, 258, 263, 258, 259, 261, 261, 259, 261, 262, 260,
    261, 260, 260, 260, 258, 262, 260, 258, 260, 259, 261, 261, 260, 262,
    258, 261, 261, 258, 260, 264, 268, 272, 275, 278, 276, 277, 274, 266,
    260, 254, 250, 250, 252, 255, 261, 267, 269, 269, 265, 264, 256, 252,
    253, 256, 259, 261, 269, 268, 265, 266, 261, 258, 256, 257, 260, 261,
    266, 269, 271, 266, 267, 265, 261, 260, 262, 262, 264, 264, 264, 262,
    264, 262, 264, 262, 262, 262, 260, 261, 259, 261, 262, 259, 263, 258,
    263, 259, 260, 263, 259 ]
headPositionsY: [ 84, 83, 83, 84, 83, 84, 82, 84, 85, 83, 84, 85, 83, 86,
    85, 83, 86, 87, 84, 83, 86, 83, 83, 85, 86, 84, 86, 82, 83, 84, 86,
    84, 83, 82, 80, 81, 81, 82, 85, 86, 87, 82, 84, 83, 83, 87, 85, 83,
    85, 83, 84, 82, 84, 85, 87, 84, 85, 86, 86, 83, 84, 86, 88, 87, 86,
    87, 84, 85, 85, 83, 87, 85, 84, 83, 83, 84, 84, 84, 84, 87, 87, 83,
    86, 83, 83, 83, 84, 87, 84, 83, 85, 83, 83, 85, 87, 86, 87, 84, 86,
    85 ]
