%YAML:1.0
---
videoName: "headShake19.mp4"
gestureLabel: 201
fps: 29
pixelSizeInCmTemp: 3.1933333333333330e-01
faceCenterPointX: 243
faceCenterPointY: 78
headPositionsX: [ 242, 243, 244, 246, 244, 242, 243, 242, 243, 244, 244,
    244, 244, 242, 242, 245, 244, 242, 241, 244, 240, 244, 240, 241, 244,
    244, 242, 242, 245, 242, 240, 244, 243, 242, 240, 238, 241, 237, 236,
    231, 231, 236, 239, 244, 249, 254, 257, 255, 258, 255, 251, 245, 238,
    232, 231, 232, 232, 234, 236, 242, 243, 245, 249, 246, 246, 246, 241,
    238, 238, 235, 234, 238, 237, 240, 241, 242, 246, 247, 243, 247, 246,
    244, 240, 242, 242, 243, 240, 241, 240, 242, 241, 244, 241, 241, 244,
    241, 243, 241, 245, 244 ]
headPositionsY: [ 80, 76, 77, 76, 75, 74, 77, 75, 78, 74, 79, 76, 77, 75,
    77, 77, 75, 74, 75, 77, 78, 78, 74, 76, 78, 78, 75, 74, 75, 79, 78,
    75, 74, 75, 76, 78, 79, 75, 79, 76, 79, 78, 75, 75, 76, 75, 75, 74,
    78, 78, 76, 77, 74, 75, 75, 75, 77, 78, 77, 76, 76, 76, 75, 77, 77,
    78, 77, 75, 76, 79, 79, 79, 76, 77, 78, 77, 77, 78, 79, 76, 78, 77,
    75, 80, 77, 77, 78, 79, 76, 80, 77, 78, 79, 78, 80, 80, 80, 79, 79,
    78 ]
