%YAML:1.0
---
videoName: "headShake41.mp4"
gestureLabel: 201
fps: 29
pixelSizeInCmTemp: 3.2364864864864862e-01
faceCenterPointX: 264
faceCenterPointY: 85
headPositionsX: [ 262, 260, 260, 264, 263, 263, 263, 262, 262, 260, 260,
    263, 262, 260, 263, 261, 259, 262, 262, 259, 261, 261, 264, 264, 264,
    270, 270, 275, 272, 279, 277, 279, 283, 283, 278, 284, 281, 282, 277,
    278, 272, 270, 268, 260, 256, 256, 250, 250, 246, 247, 246, 244, 246,
    248, 246, 248, 252, 255, 259, 262, 264, 269, 268, 272, 273, 276, 277,
    279, 276, 276, 277, 275, 274, 274, 273, 268, 270, 268, 267, 267, 265,
    261, 262, 265, 263, 264, 262, 263, 262, 260, 260, 265, 264, 262, 263,
    262, 262, 262, 263, 262 ]
headPositionsY: [ 87, 83, 82, 86, 83, 81, 84, 81, 83, 82, 83, 81, 82, 82,
    85, 84, 83, 82, 83, 84, 85, 84, 83, 86, 83, 82, 82, 83, 83, 79, 82,
    81, 81, 78, 81, 81, 81, 81, 85, 84, 83, 82, 85, 85, 81, 86, 85, 82,
    82, 82, 83, 83, 82, 86, 82, 84, 85, 83, 85, 85, 86, 83, 82, 86, 85,
    85, 82, 85, 84, 84, 82, 83, 82, 83, 83, 84, 86, 84, 83, 86, 85, 81,
    86, 82, 84, 85, 85, 85, 83, 86, 86, 83, 86, 84, 84, 85, 84, 86, 85,
    87 ]
