%YAML:1.0
---
videoName: "headShake33.mp4"
gestureLabel: 201
fps: 29
pixelSizeInCmTemp: 3.2364864864864862e-01
faceCenterPointX: 244
faceCenterPointY: 84
headPositionsX: [ 246, 245, 244, 244, 246, 243, 248, 244, 246, 243, 246,
    245, 245, 244, 247, 243, 245, 242, 243, 247, 246, 249, 246, 252, 252,
    254, 256, 257, 262, 260, 260, 261, 265, 262, 261, 258, 253, 249, 245,
    243, 239, 234, 230, 232, 230, 225, 224, 227, 229, 230, 235, 236, 241,
    247, 251, 254, 256, 257, 260, 262, 262, 258, 259, 254, 256, 252, 246,
    246, 239, 240, 235, 234, 232, 231, 230, 232, 230, 235, 237, 238, 236,
    238, 242, 243, 243, 245, 244, 249, 248, 248, 246, 245, 247, 245, 243,
    243, 243, 243, 243, 244 ]
headPositionsY: [ 82, 85, 81, 81, 83, 85, 85, 80, 84, 81, 83, 83, 82, 82,
    82, 81, 84, 85, 85, 82, 83, 84, 84, 85, 80, 83, 82, 79, 80, 79, 80,
    79, 83, 80, 83, 82, 83, 81, 83, 81, 81, 81, 81, 83, 81, 80, 82, 83,
    85, 85, 83, 84, 83, 83, 84, 84, 79, 81, 79, 80, 81, 83, 84, 80, 81,
    85, 81, 84, 82, 81, 84, 82, 80, 83, 81, 80, 82, 81, 83, 84, 85, 83,
    84, 83, 84, 81, 85, 84, 85, 82, 81, 84, 84, 82, 81, 84, 82, 81, 83,
    81 ]
