%YAML:1.0
---
videoName: "headShake3.mp4"
gestureLabel: 201
fps: 30
pixelSizeInCmTemp: 3.3263888888888887e-01
faceCenterPointX: 240
faceCenterPointY: 101
headPositionsX: [ 242, 241, 241, 242, 243, 242, 240, 242, 241, 240, 241,
    240, 242, 239, 244, 240, 244, 244, 239, 241, 239, 240, 242, 241, 241,
    239, 239, 239, 238, 239, 240, 238, 241, 242, 244, 251, 251, 256, 255,
    257, 253, 250, 246, 242, 236, 234, 230, 228, 228, 233, 233, 239, 244,
    246, 250, 253, 248, 247, 243, 238, 235, 229, 228, 223, 223, 228, 232,
    234, 240, 241, 247, 247, 247, 247, 243, 244, 242, 235, 233, 236, 233,
    233, 232, 235, 236, 238, 238, 237, 237, 240, 242, 238, 237, 243, 239,
    239, 242, 241, 241, 238 ]
headPositionsY: [ 101, 101, 100, 100, 98, 98, 101, 100, 99, 96, 99, 100,
    101, 97, 99, 99, 100, 99, 101, 99, 99, 99, 102, 97, 99, 101, 98, 101,
    97, 98, 98, 99, 99, 101, 98, 99, 99, 95, 99, 99, 97, 98, 98, 98, 101,
    100, 101, 97, 99, 100, 97, 97, 97, 99, 97, 98, 97, 96, 100, 101, 99,
    98, 96, 97, 96, 98, 98, 97, 97, 100, 98, 97, 96, 97, 98, 97, 101,
    100, 101, 99, 98, 100, 99, 100, 98, 102, 100, 101, 100, 102, 100,
    102, 98, 101, 99, 102, 101, 101, 100, 99 ]
