%YAML:1.0
---
videoName: "headShake45.mp4"
gestureLabel: 201
fps: 30
pixelSizeInCmTemp: 3.3263888888888887e-01
faceCenterPointX: 262
faceCenterPointY: 84
headPositionsX: [ 261, 261, 263, 263, 264, 265, 261, 264, 262, 265, 261,
    263, 263, 261, 261, 262, 262, 263, 261, 261, 263, 264, 263, 261, 263,
    261, 260, 263, 261, 263, 262, 264, 264, 259, 261, 261, 263, 262, 261,
    258, 257, 259, 260, 265, 272, 274, 277, 282, 280, 276, 270, 265, 262,
    254, 253, 254, 260, 261, 270, 273, 272, 275, 271, 270, 266, 261, 256,
    257, 254, 258, 267, 267, 271, 273, 272, 269, 263, 260, 256, 255, 256,
    256, 258, 263, 265, 265, 264, 260, 260, 259, 259, 260, 259, 259, 264,
    261, 264, 261, 262, 263 ]
headPositionsY: [ 85, 81, 80, 82, 81, 81, 79, 80, 84, 85, 80, 84, 84, 83,
    81, 82, 81, 81, 81, 83, 84, 80, 85, 81, 84, 84, 83, 84, 83, 80, 83,
    82, 82, 81, 80, 84, 82, 83, 83, 82, 81, 81, 83, 83, 84, 82, 81, 81,
    81, 81, 83, 83, 85, 84, 82, 83, 81, 81, 81, 83, 81, 80, 80, 80, 82,
    82, 86, 84, 85, 81, 83, 83, 81, 80, 82, 81, 81, 85, 82, 82, 82, 83,
    81, 83, 83, 83, 82, 83, 82, 85, 84, 81, 82, 84, 83, 81, 85, 84, 81,
    83 ]
