%YAML:1.0
---
videoName: "headShake46.mp4"
gestureLabel: 201
fps: 30
pixelSizeInCmTemp: 3.2364864864864862e-01
faceCenterPointX: 262
faceCenterPointY: 85
headPositionsX: [ 263, 260, 261, 258, 259, 261, 261, 261, 263, 260, 260,
    260, 259, 258, 261, 262, 261, 262, 262, 262, 259, 261, 262, 262, 260,
    258, 260, 259, 257, 262, 264, 267, 270, 275, 276, 277, 275, 274, 264,
    258, 255, 251, 251, 253, 253, 264, 265, 271, 270, 268, 261, 255, 254,
    254, 256, 261, 263, 268, 270, 267, 266, 264, 261, 257, 257, 260, 262,
    266, 268, 268, 268, 266, 261, 259, 259, 260, 260, 265, 262, 267, 266,
    262, 262, 263, 260, 262, 260, 261, 261, 260, 261, 258, 258, 259, 260,
    261, 261, 259, 262, 259 ]
headPositionsY: [ 84, 82, 83, 82, 85, 86, 84, 83, 83, 86, 84, 83, 83, 84,
    84, 86, 83, 84, 84, 83, 82, 83, 84, 85, 84, 86, 86, 85, 86, 85, 84,
    85, 81, 80, 82, 83, 83, 82, 86, 82, 87, 82, 85, 86, 86, 86, 83, 85,
    86, 85, 87, 84, 87, 84, 85, 83, 84, 86, 82, 85, 84, 85, 88, 83, 84,
    85, 86, 87, 84, 83, 83, 83, 83, 84, 84, 84, 83, 82, 82, 84, 86, 86,
    84, 84, 84, 86, 83, 83, 86, 82, 83, 84, 84, 84, 86, 87, 86, 86, 85,
    84 ]
