%YAML:1.0
---
videoName: "headShake44.mp4"
gestureLabel: 201
fps: 30
pixelSizeInCmTemp: 3.2808219178082193e-01
faceCenterPointX: 260
faceCenterPointY: 84
headPositionsX: [ 258, 263, 258, 260, 260, 260, 260, 260, 259, 262, 263,
    263, 263, 259, 261, 262, 260, 260, 260, 261, 261, 260, 261, 259, 263,
    258, 263, 262, 263, 262, 262, 263, 259, 259, 262, 262, 258, 262, 263,
    265, 268, 270, 274, 275, 277, 273, 270, 269, 261, 255, 252, 253, 250,
    252, 256, 264, 266, 270, 273, 272, 266, 260, 258, 254, 252, 257, 261,
    262, 270, 269, 271, 272, 264, 264, 255, 253, 250, 253, 254, 255, 259,
    257, 259, 262, 262, 264, 264, 263, 264, 264, 262, 258, 263, 261, 260,
    259, 262, 263, 262, 259 ]
headPositionsY: [ 82, 84, 82, 84, 82, 83, 80, 84, 82, 83, 82, 82, 81, 80,
    84, 83, 81, 82, 83, 82, 81, 80, 83, 80, 81, 84, 82, 81, 85, 82, 81,
    83, 84, 84, 81, 83, 81, 84, 85, 83, 82, 81, 84, 83, 82, 80, 84, 85,
    86, 83, 83, 83, 85, 87, 85, 85, 85, 81, 86, 87, 87, 82, 86, 83, 85,
    85, 86, 84, 85, 82, 81, 81, 83, 86, 85, 85, 82, 83, 82, 83, 83, 86,
    86, 82, 83, 86, 86, 84, 84, 85, 83, 84, 85, 84, 86, 84, 85, 86, 83,
    87 ]
