%YAML:1.0
---
videoName: "headShake48.mp4"
gestureLabel: 201
fps: 29
pixelSizeInCmTemp: 3.1103896103896100e-01
faceCenterPointX: 258
faceCenterPointY: 85
headPositionsX: [ 256, 260, 262, 259, 257, 261, 261, 260, 257, 258, 257,
    259, 262, 258, 262, 262, 259, 259, 262, 261, 259, 257, 261, 257, 259,
    257, 256, 259, 260, 259, 258, 261, 258, 261, 258, 265, 264, 268, 273,
    276, 274, 272, 271, 267, 261, 252, 249, 247, 247, 247, 252, 259, 265,
    269, 267, 269, 263, 260, 257, 253, 252, 248, 251, 257, 263, 265, 265,
    267, 263, 260, 259, 251, 251, 248, 247, 253, 257, 262, 263, 263, 268,
    264, 262, 261, 264, 262, 259, 258, 258, 258, 261, 258, 259, 259, 258,
    259, 261, 258, 259, 257 ]
headPositionsY: [ 83, 77, 80, 79, 79, 80, 80, 77, 79, 81, 80, 79, 79, 80,
    82, 80, 79, 78, 80, 83, 80, 83, 81, 80, 81, 83, 80, 82, 79, 84, 81,
    83, 79, 83, 84, 80, 84, 80, 80, 81, 82, 81, 82, 84, 84, 83, 81, 81,
    81, 84, 84, 87, 88, 88, 83, 84, 84, 87, 88, 87, 85, 86, 83, 89, 86,
    87, 87, 86, 87, 85, 88, 86, 85, 84, 88, 86, 85, 88, 85, 87, 87, 84,
    85, 87, 86, 87, 87, 88, 87, 87, 85, 87, 85, 87, 88, 87, 85, 84, 86,
    83 ]
