%YAML:1.0
---
videoName: "headShake49.mp4"
gestureLabel: 201
fps: 30
pixelSizeInCmTemp: 2.8855421686746985e-01
faceCenterPointX: 259
faceCenterPointY: 84
headPositionsX: [ 258, 259, 261, 260, 259, 262, 261, 259, 260, 261, 263,
    262, 259, 261, 261, 262, 263, 261, 260, 261, 262, 263, 261, 259, 261,
    262, 262, 259, 259, 259, 262, 260, 264, 263, 268, 271, 276, 278, 283,
    285, 283, 276, 273, 265, 257, 254, 246, 250, 251, 256, 261, 268, 273,
    272, 273, 268, 261, 258, 251, 251, 248, 250, 258, 258, 263, 269, 272,
    269, 263, 259, 254, 253, 253, 253, 257, 263, 267, 267, 272, 268, 266,
    261, 259, 257, 257, 257, 258, 259, 259, 262, 258, 258, 256, 262, 259,
    259, 256, 261, 259, 259 ]
headPositionsY: [ 84, 81, 80, 82, 83, 82, 78, 79, 79, 81, 79, 80, 82, 82,
    80, 80, 80, 80, 79, 81, 81, 81, 78, 81, 81, 78, 81, 83, 80, 79, 83,
    81, 81, 82, 81, 80, 82, 82, 78, 79, 78, 83, 82, 86, 84, 81, 84, 86,
    84, 84, 85, 82, 82, 83, 86, 86, 84, 86, 87, 84, 81, 82, 87, 83, 87,
    83, 83, 86, 84, 86, 83, 85, 84, 85, 84, 84, 85, 85, 85, 87, 86, 87,
    84, 84, 86, 85, 86, 82, 85, 86, 83, 82, 86, 86, 84, 84, 87, 85, 85,
    83 ]
