%YAML:1.0
---
videoName: "headShake14.mp4"
gestureLabel: 201
fps: 29
pixelSizeInCmTemp: 3.2364864864864862e-01
faceCenterPointX: 244
faceCenterPointY: 76
headPositionsX: [ 242, 247, 247, 247, 244, 247, 246, 244, 244, 244, 245,
    246, 245, 245, 245, 244, 242, 243, 246, 246, 247, 244, 243, 247, 248,
    247, 250, 249, 257, 261, 260, 260, 262, 257, 258, 252, 245, 241, 235,
    228, 228, 225, 229, 230, 233, 236, 241, 248, 254, 258, 255, 259, 251,
    251, 250, 240, 240, 235, 234, 232, 234, 232, 235, 238, 241, 245, 245,
    246, 248, 250, 247, 249, 247, 249, 248, 242, 246, 241, 243, 241, 238,
    239, 242, 242, 240, 243, 244, 244, 243, 244, 243, 247, 246, 247, 243,
    245, 242, 243, 246, 244 ]
headPositionsY: [ 74, 76, 77, 74, 76, 74, 75, 77, 73, 75, 78, 78, 78, 77,
    76, 74, 74, 77, 74, 75, 77, 76, 73, 74, 78, 77, 76, 72, 73, 75, 72,
    74, 74, 72, 75, 73, 74, 75, 77, 74, 76, 72, 77, 76, 76, 73, 74, 76,
    73, 73, 74, 72, 71, 74, 76, 75, 74, 78, 76, 76, 77, 75, 77, 75, 77,
    75, 78, 76, 76, 74, 74, 77, 74, 76, 76, 74, 78, 75, 75, 77, 73, 73,
    78, 75, 78, 74, 78, 74, 75, 78, 77, 75, 77, 74, 74, 78, 74, 74, 76,
    76 ]
