%YAML:1.0
---
videoName: "headShake47.mp4"
gestureLabel: 201
fps: 29
pixelSizeInCmTemp: 3.2364864864864862e-01
faceCenterPointX: 258
faceCenterPointY: 86
headPositionsX: [ 256, 258, 258, 262, 262, 260, 262, 261, 258, 263, 258,
    260, 258, 260, 259, 261, 260, 260, 262, 259, 260, 259, 260, 263, 259,
    261, 260, 261, 261, 260, 261, 263, 260, 259, 254, 255, 253, 250, 251,
    251, 251, 250, 250, 256, 262, 263, 265, 266, 264, 266, 261, 258, 254,
    254, 254, 256, 262, 266, 264, 264, 261, 255, 256, 250, 254, 256, 255,
    259, 263, 261, 265, 261, 257, 252, 255, 253, 257, 260, 261, 265, 264,
    263, 260, 258, 256, 252, 253, 255, 256, 258, 258, 256, 257, 259, 260,
    259, 258, 256, 258, 260 ]
headPositionsY: [ 86, 85, 83, 84, 84, 86, 84, 85, 84, 86, 85, 85, 86, 83,
    82, 83, 82, 88, 85, 84, 83, 85, 87, 84, 86, 83, 87, 86, 86, 86, 87,
    87, 86, 84, 87, 85, 83, 86, 85, 86, 86, 88, 88, 88, 89, 90, 89, 87,
    90, 87, 91, 88, 87, 87, 89, 87, 87, 88, 87, 87, 87, 90, 87, 88, 87,
    87, 88, 89, 88, 86, 87, 86, 89, 85, 86, 88, 84, 85, 85, 89, 87, 87,
    89, 86, 88, 84, 84, 87, 84, 88, 85, 86, 84, 86, 86, 87, 88, 86, 85,
    86 ]
