%YAML:1.0
---
videoName: "headShake15.mp4"
gestureLabel: 201
fps: 29
pixelSizeInCmTemp: 3.3263888888888887e-01
faceCenterPointX: 243
faceCenterPointY: 76
headPositionsX: [ 245, 242, 241, 241, 245, 242, 245, 242, 244, 244, 243,
    246, 241, 244, 241, 243, 244, 245, 242, 245, 242, 242, 244, 242, 243,
    244, 241, 243, 245, 243, 241, 243, 241, 241, 245, 244, 244, 241, 244,
    245, 245, 241, 245, 243, 241, 244, 243, 241, 245, 244, 244, 241, 244,
    240, 240, 240, 244, 241, 240, 240, 243, 244, 245, 248, 252, 253, 253,
    258, 259, 257, 257, 251, 251, 249, 242, 240, 238, 237, 236, 241, 242,
    241, 246, 247, 249, 245, 245, 243, 244, 244, 240, 240, 241, 242, 241,
    241, 242, 241, 241, 243 ]
headPositionsY: [ 74, 73, 77, 73, 77, 75, 77, 74, 72, 74, 73, 77, 75, 75,
    73, 76, 72, 74, 77, 76, 76, 72, 77, 75, 76, 73, 72, 77, 75, 77, 73,
    75, 75, 73, 73, 77, 77, 73, 77, 74, 74, 73, 76, 75, 74, 76, 76, 73,
    76, 75, 76, 75, 76, 76, 77, 77, 74, 74, 77, 78, 78, 77, 75, 76, 76,
    75, 74, 75, 72, 73, 75, 77, 78, 78, 77, 78, 79, 73, 75, 79, 78, 79,
    78, 79, 78, 74, 76, 78, 78, 79, 76, 77, 76, 79, 75, 78, 74, 77, 78,
    76 ]
