%YAML:1.0
---
videoName: "headShake16.mp4"
gestureLabel: 201
fps: 29
pixelSizeInCmTemp: 3.2364864864864862e-01
faceCenterPointX: 242
faceCenterPointY: 77
headPositionsX: [ 240, 242, 245, 243, 245, 246, 242, 242, 244, 241, 246,
    243, 241, 242, 246, 243, 242, 244, 242, 246, 241, 242, 243, 242, 243,
    244, 242, 242, 241, 242, 240, 245, 241, 243, 243, 241, 244, 244, 247,
    248, 250, 254, 257, 255, 252, 249, 250, 245, 240, 239, 236, 235, 235,
    236, 237, 244, 244, 248, 251, 250, 247, 248, 247, 241, 239, 237, 236,
    236, 235, 235, 234, 239, 236, 239, 242, 243, 241, 246, 243, 243, 241,
    239, 240, 238, 240, 238, 240, 239, 241, 240, 240, 241, 241, 243, 241,
    242, 240, 240, 242, 245 ]
headPositionsY: [ 79, 75, 77, 74, 77, 75, 75, 74, 75, 77, 78, 76, 76, 75,
    75, 76, 76, 78, 77, 78, 76, 75, 76, 78, 73, 77, 77, 77, 74, 77, 74,
    75, 75, 74, 76, 75, 76, 75, 77, 76, 75, 75, 72, 76, 74, 74, 76, 77,
    79, 74, 77, 77, 78, 77, 75, 75, 79, 74, 76, 79, 74, 75, 79, 76, 76,
    78, 75, 77, 77, 75, 77, 77, 78, 78, 79, 77, 75, 77, 78, 74, 76, 75,
    78, 79, 77, 77, 79, 77, 79, 77, 77, 76, 75, 79, 76, 75, 77, 77, 78,
    79 ]
