%YAML:1.0
---
videoName: "headShake46.mp4"
gestureLabel: 201
fps: 30
pixelSizeInCmTemp: 3.2364864864864862e-01
faceCenterPointX: 262
faceCenterPointY: 85
headPositionsX: [ 260, 261, 259, 261, 259, 262, 258, 261, 259, 261, 258,
    260, 258, 258, 262, 258, 261, 263, 258, 259, 260, 262, 262, 262, 263,
    259, 260, 257, 260, 261, 266, 269, 274, 276, 280, 278, 274, 274, 265,
    261, 254, 250, 248, 250, 255, 262, 265, 271, 271, 267, 265, 255, 252,
    252, 254, 260, 263, 268, 266, 265, 265, 261, 259, 258, 259, 262, 265,
    269, 271, 270, 266, 264, 265, 258, 257, 261, 259, 265, 265, 264, 264,
    263, 264, 263, 262, 263, 259, 260, 258, 263, 263, 258, 261, 263, 258,
    263, 259, 260, 263, 260 ]
headPositionsY: [ 83, 83, 84, 86, 83, 86, 86, 82, 86, 85, 82, 82, 84, 85,
    83, 86, 85, 87, 84, 84, 83, 82, 85, 84, 84, 85, 83, 83, 86, 84, 86,
    83, 80, 80, 81, 82, 82, 85, 85, 83, 86, 84, 86, 87, 82, 85, 87, 84,
    85, 86, 87, 83, 84, 83, 87, 86, 85, 86, 84, 83, 86, 86, 84, 85, 87,
    83, 86, 84, 86, 87, 85, 84, 86, 86, 86, 87, 82, 84, 84, 84, 85, 85,
    86, 84, 84, 85, 85, 84, 85, 85, 84, 82, 86, 85, 86, 84, 84, 83, 82,
    85 ]
