%YAML:1.0
---
videoName: "headShake40.mp4"
gestureLabel: 201
fps: 29
pixelSizeInCmTemp: 3.2808219178082193e-01
faceCenterPointX: 261
faceCenterPointY: 86
headPositionsX: [ 262, 262, 261, 261, 261, 261, 258, 260, 259, 260, 263,
    263, 260, 259, 260, 260, 260, 262, 261, 261, 259, 259, 262, 261, 262,
    259, 259, 261, 257, 256, 259, 254, 254, 255, 254, 253, 258, 261, 266,
    272, 273, 278, 281, 277, 276, 272, 273, 266, 261, 255, 252, 248, 247,
    247, 251, 250, 255, 261, 265, 269, 269, 271, 270, 269, 269, 261, 262,
    260, 255, 256, 258, 257, 257, 259, 261, 265, 267, 269, 264, 264, 267,
    262, 261, 259, 259, 260, 256, 259, 259, 257, 260, 258, 258, 260, 259,
    260, 261, 262, 263, 259 ]
headPositionsY: [ 85, 83, 83, 85, 81, 85, 81, 82, 86, 82, 84, 83, 85, 85,
    86, 84, 83, 84, 84, 80, 86, 83, 85, 86, 85, 83, 86, 83, 85, 84, 81,
    84, 83, 81, 83, 83, 85, 83, 86, 82, 81, 79, 79, 80, 81, 80, 82, 83,
    82, 84, 81, 82, 83, 85, 83, 81, 82, 82, 85, 84, 82, 85, 82, 84, 82,
    85, 84, 81, 83, 83, 82, 81, 82, 84, 83, 84, 84, 84, 81, 84, 83, 82,
    85, 85, 85, 85, 86, 83, 85, 85, 87, 86, 87, 83, 85, 84, 87, 85, 85,
    86 ]
