%YAML:1.0
---
videoName: "headShake40.mp4"
gestureLabel: 201
fps: 29
pixelSizeInCmTemp: 3.2808219178082193e-01
faceCenterPointX: 261
faceCenterPointY: 86
headPositionsX: [ 260, 261, 261, 263, 260, 263, 258, 262, 263, 258, 259,
    261, 263, 258, 262, 260, 258, 263, 261, 261, 259, 263, 259, 260, 259,
    260, 259, 258, 259, 256, 258, 253, 252, 255, 251, 252, 257, 261, 264,
    271, 272, 279, 281, 277, 279, 275, 273, 266, 257, 254, 249, 249, 247,
    247, 251, 253, 258, 263, 264, 266, 271, 270, 269, 267, 268, 261, 260,
    259, 255, 255, 259, 256, 257, 259, 261, 265, 268, 269, 267, 266, 264,
    263, 260, 260, 257, 258, 256, 257, 259, 256, 258, 257, 260, 257, 261,
    260, 259, 261, 262, 261 ]
headPositionsY: [ 88, 83, 85, 83, 81, 85, 84, 82, 85, 83, 83, 86, 82, 84,
    83, 86, 82, 83, 85, 83, 83, 84, 86, 83, 83, 85, 86, 84, 85, 82, 82,
    83, 86, 84, 81, 84, 83, 83, 82, 80, 81, 79, 82, 81, 82, 81, 83, 85,
    80, 85, 84, 83, 83, 81, 83, 82, 83, 85, 83, 80, 81, 82, 85, 84, 82,
    84, 82, 81, 85, 85, 85, 80, 83, 81, 80, 81, 84, 85, 81, 81, 84, 85,
    83, 84, 82, 85, 86, 84, 84, 86, 85, 84, 87, 83, 84, 84, 86, 86, 84,
    84 ]
