%YAML:1.0
---
videoName: "headShake29.mp4"
gestureLabel: 201
fps: 29
pixelSizeInCmTemp: 3.3263888888888887e-01
faceCenterPointX: 243
faceCenterPointY: 76
headPositionsX: [ 242, 243, 244, 244, 242, 243, 242, 244, 241, 241, 242,
    241, 242, 241, 241, 241, 243, 240, 245, 244, 243, 240, 244, 240, 238,
    239, 240, 235, 237, 241, 244, 248, 249, 252, 252, 255, 257, 254, 246,
    241, 239, 235, 233, 229, 230, 228, 231, 240, 242, 247, 249, 252, 253,
    251, 247, 247, 241, 237, 234, 229, 228, 230, 232, 234, 240, 242, 246,
    249, 252, 255, 252, 250, 247, 244, 241, 239, 235, 238, 236, 231, 233,
    235, 234, 238, 238, 237, 238, 242, 239, 242, 242, 241, 242, 243, 245,
    244, 245, 245, 244, 242 ]
headPositionsY: [ 77, 76, 74, 76, 74, 73, 74, 75, 75, 77, 77, 75, 75, 78,
    74, 77, 77, 78, 76, 78, 76, 79, 77, 74, 74, 74, 75, 76, 77, 78, 78,
    78, 75, 77, 72, 76, 73, 73, 75, 76, 75, 78, 75, 78, 76, 75, 76, 76,
    79, 77, 77, 74, 74, 74, 76, 77, 77, 77, 75, 78, 74, 78, 75, 78, 76,
    75, 75, 74, 73, 78, 75, 77, 75, 77, 78, 75, 75, 75, 76, 75, 77, 75,
    77, 76, 75, 76, 74, 76, 76, 75, 77, 76, 75, 78, 76, 76, 76, 74, 74,
    75 ]
