%YAML:1.0
---
videoName: "headShake5.mp4"
gestureLabel: 201
fps: 30
pixelSizeInCmTemp: 3.3263888888888887e-01
faceCenterPointX: 275
faceCenterPointY: 73
headPositionsX: [ 277, 275, 278, 278, 276, 278, 281, 280, 276, 279, 279,
    276, 277, 279, 277, 276, 278, 276, 275, 279, 280, 278, 279, 279, 278,
    279, 277, 275, 280, 279, 279, 279, 281, 280, 284, 283, 291, 293, 297,
    298, 294, 292, 291, 287, 277, 270, 265, 264, 261, 264, 267, 273, 281,
    285, 290, 290, 286, 282, 282, 272, 269, 264, 263, 266, 269, 268, 273,
    281, 284, 283, 283, 282, 282, 276, 273, 272, 268, 266, 265, 266, 271,
    274, 275, 277, 282, 282, 284, 281, 279, 279, 280, 281, 278, 274, 275,
    273, 273, 276, 276, 277 ]
headPositionsY: [ 73, 72, 74, 74, 74, 71, 74, 71, 74, 72, 72, 72, 75, 72,
    76, 71, 76, 71, 74, 74, 73, 75, 75, 75, 73, 71, 72, 73, 72, 74, 74,
    73, 75, 71, 72, 74, 70, 71, 75, 71, 74, 74, 71, 72, 75, 73, 73, 72,
    73, 73, 73, 72, 77, 75, 72, 75, 72, 75, 74, 76, 75, 76, 75, 75, 73,
    72, 74, 76, 71, 76, 73, 76, 73, 77, 76, 73, 74, 73, 73, 72, 73, 72,
    70, 71, 73, 73, 74, 73, 74, 72, 70, 71, 70, 71, 74, 72, 71, 74, 75,
    72 ]
