%YAML:1.0
---
videoName: "headShake27.mp4"
gestureLabel: 201
fps: 29
pixelSizeInCmTemp: 3.3263888888888887e-01
faceCenterPointX: 244
faceCenterPointY: 78
headPositionsX: [ 244, 246, 248, 249, 252, 254, 253, 253, 257, 256, 255,
    255, 254, 252, 252, 248, 250, 247, 242, 244, 239, 236, 238, 235, 235,
    235, 230, 234, 231, 232, 231, 235, 234, 234, 238, 240, 241, 244, 246,
    246, 249, 247, 248, 249, 250, 249, 250, 249, 248, 247, 247, 241, 244,
    241, 237, 238, 234, 233, 233, 231, 231, 231, 233, 234, 237, 234, 237,
    238, 239, 241, 243, 243, 245, 248, 247, 247, 247, 250, 247, 245, 248,
    248, 245, 248, 247, 244, 244, 247, 243, 247, 245, 245, 246, 245, 243,
    246, 244, 246, 245, 243 ]
headPositionsY: [ 76, 77, 79, 75, 76, 76, 78, 78, 76, 76, 75, 76, 74, 78,
    77, 78, 77, 78, 79, 79, 77, 79, 80, 79, 79, 77, 80, 78, 76, 76, 77,
    77, 77, 79, 78, 78, 81, 78, 81, 81, 79, 79, 80, 78, 78, 81, 78, 81,
    80, 80, 79, 79, 80, 82, 80, 80, 79, 78, 81, 78, 76, 78, 78, 81, 77,
    78, 79, 79, 80, 79, 80, 81, 77, 78, 80, 80, 78, 82, 78, 79, 77, 78,
    77, 81, 82, 78, 81, 78, 81, 79, 82, 77, 77, 79, 79, 79, 81, 79, 79,
    79 ]
