%YAML:1.0
---
videoName: "headShake18.mp4"
gestureLabel: 201
fps: 30
pixelSizeInCmTemp: 3.2808219178082193e-01
faceCenterPointX: 240
faceCenterPointY: 77
headPositionsX: [ 239, 240, 240, 240, 242, 240, 243, 241, 240, 240, 241,
    239, 244, 241, 242, 238, 243, 239, 243, 238, 241, 242, 242, 240, 242,
    239, 240, 238, 238, 238, 242, 240, 241, 239, 241, 243, 242, 248, 247,
    249, 254, 253, 250, 248, 249, 244, 240, 234, 233, 229, 232, 229, 235,
    238, 243, 244, 249, 248, 246, 247, 244, 241, 239, 236, 232, 235, 235,
    238, 237, 239, 244, 243, 245, 244, 242, 241, 240, 239, 237, 234, 236,
    238, 238, 239, 238, 240, 240, 244, 241, 244, 240, 242, 244, 241, 241,
    242, 242, 238, 242, 239 ]
headPositionsY: [ 78, 77, 78, 75, 78, 77, 73, 73, 77, 77, 76, 77, 73, 74,
    75, 78, 77, 78, 76, 76, 76, 79, 78, 74, 77, 75, 76, 76, 77, 78, 79,
    75, 76, 77, 76, 77, 78, 74, 74, 77, 78, 75, 73, 74, 78, 76, 76, 78,
    77, 77, 76, 76, 75, 75, 77, 76, 77, 76, 75, 77, 74, 78, 75, 77, 75,
    77, 75, 76, 75, 77, 79, 75, 79, 79, 79, 79, 79, 76, 75, 78, 77, 76,
    77, 79, 76, 75, 79, 80, 77, 79, 76, 79, 77, 79, 78, 77, 77, 79, 78,
    78 ]
