%YAML:1.0
---
videoName: "headShake42.mp4"
gestureLabel: 201
fps: 29
pixelSizeInCmTemp: 3.2808219178082193e-01
faceCenterPointX: 257
faceCenterPointY: 85
headPositionsX: [ 258, 275, 277, 276, 275, 278, 276, 275, 274, 273, 272,
    267, 268, 262, 258, 256, 254, 250, 248, 243, 246, 241, 242, 241, 245,
    245, 247, 251, 252, 260, 261, 267, 271, 277, 279, 282, 276, 279, 279,
    278, 271, 271, 266, 263, 262, 256, 256, 252, 252, 248, 245, 244, 247,
    247, 246, 245, 251, 253, 255, 255, 258, 263, 262, 265, 268, 270, 265,
    268, 269, 267, 270, 268, 268, 266, 265, 262, 260, 260, 260, 258, 261,
    258, 258, 259, 255, 258, 257, 254, 257, 257, 257, 258, 256, 256, 257,
    258, 256, 258, 256, 258 ]
headPositionsY: [ 85, 83, 84, 82, 82, 83, 83, 82, 82, 82, 83, 83, 82, 82,
    86, 83, 84, 85, 85, 81, 83, 85, 85, 84, 86, 83, 86, 85, 87, 85, 85,
    84, 83, 82, 83, 85, 83, 84, 85, 81, 82, 87, 85, 84, 88, 85, 88, 84,
    88, 84, 83, 87, 85, 88, 87, 84, 86, 86, 84, 87, 88, 86, 87, 84, 85,
    88, 83, 85, 86, 85, 85, 87, 85, 88, 86, 85, 83, 87, 85, 86, 88, 87,
    84, 87, 86, 85, 86, 85, 87, 84, 88, 88, 87, 83, 85, 87, 85, 85, 84,
    84 ]
