%YAML:1.0
---
videoName: "headShake42.mp4"
gestureLabel: 201
fps: 29
pixelSizeInCmTemp: 3.2808219178082193e-01
faceCenterPointX: 257
faceCenterPointY: 85
headPositionsX: [ 258, 272, 276, 278, 279, 276, 279, 275, 276, 271, 270,
    270, 266, 265, 260, 255, 253, 250, 248, 245, 244, 241, 244, 243, 243,
    244, 247, 249, 255, 259, 264, 267, 273, 277, 280, 282, 276, 278, 280,
    278, 275, 268, 267, 265, 263, 257, 255, 250, 249, 247, 245, 243, 245,
    244, 245, 248, 249, 251, 256, 255, 258, 259, 264, 263, 266, 270, 265,
    271, 266, 266, 270, 270, 268, 263, 266, 265, 263, 263, 258, 260, 261,
    255, 258, 256, 257, 257, 254, 254, 258, 255, 259, 255, 255, 258, 259,
    258, 259, 255, 257, 258 ]
headPositionsY: [ 84, 84, 80, 82, 81, 81, 83, 81, 84, 82, 82, 86, 85, 82,
    85, 81, 82, 82, 86, 81, 83, 86, 87, 87, 86, 85, 84, 85, 87, 87, 86,
    85, 83, 81, 82, 81, 83, 81, 82, 83, 85, 88, 84, 84, 85, 88, 88, 86,
    86, 88, 86, 87, 83, 84, 87, 83, 84, 87, 83, 84, 88, 84, 86, 86, 87,
    86, 85, 83, 86, 87, 86, 85, 85, 87, 83, 86, 83, 87, 86, 86, 84, 84,
    84, 83, 83, 85, 87, 87, 86, 85, 85, 85, 86, 84, 83, 84, 86, 85, 84,
    84 ]
