%YAML:1.0
---
videoName: "headShake17.mp4"
gestureLabel: 201
fps: 29
pixelSizeInCmTemp: 3.3263888888888887e-01
faceCenterPointX: 242
faceCenterPointY: 76
headPositionsX: [ 243, 237, 240, 236, 239, 241, 239, 240, 247, 246, 253,
    253, 257, 257, 259, 255, 253, 248, 246, 238, 235, 232, 228, 227, 224,
    225, 231, 234, 237, 240, 244, 248, 249, 249, 252, 255, 255, 251, 247,
    247, 243, 239, 236, 233, 231, 230, 233, 232, 235, 236, 235, 238, 242,
    244, 245, 244, 247, 247, 246, 245, 240, 240, 240, 241, 240, 237, 238,
    237, 241, 239, 241, 243, 242, 239, 238, 240, 241, 241, 240, 241, 239,
    239, 240, 243, 239, 241, 240, 239, 241, 241, 243, 242, 243, 239, 241,
    241, 240, 243, 241, 239 ]
headPositionsY: [ 74, 78, 73, 76, 76, 75, 76, 76, 78, 77, 75, 72, 76, 76,
    75, 74, 77, 75, 76, 77, 77, 77, 79, 78, 78, 78, 75, 75, 76, 78, 77,
    77, 77, 74, 75, 74, 77, 78, 75, 78, 78, 76, 76, 78, 77, 78, 74, 77,
    78, 75, 75, 78, 77, 77, 75, 76, 78, 77, 77, 76, 76, 78, 76, 78, 75,
    75, 74, 78, 74, 78, 74, 75, 74, 77, 78, 75, 74, 74, 77, 75, 77, 77,
    75, 76, 76, 75, 78, 75, 76, 78, 78, 77, 78, 74, 74, 74, 75, 78, 74,
    78 ]
