%YAML:1.0
---
videoName: "headShake49.mp4"
gestureLabel: 201
fps: 30
pixelSizeInCmTemp: 2.8855421686746985e-01
faceCenterPointX: 259
faceCenterPointY: 84
headPositionsX: [ 257, 262, 259, 259, 260, 263, 262, 261, 263, 261, 261,
    260, 261, 263, 260, 259, 259, 259, 262, 263, 259, 259, 260, 261, 260,
    259, 260, 260, 259, 259, 259, 261, 262, 265, 266, 273, 278, 281, 285,
    284, 284, 278, 270, 265, 258, 254, 246, 250, 248, 256, 260, 269, 274,
    276, 271, 269, 260, 258, 250, 251, 248, 249, 257, 262, 264, 270, 271,
    268, 264, 258, 256, 251, 256, 257, 255, 263, 267, 266, 271, 270, 269,
    261, 262, 261, 259, 257, 258, 258, 257, 258, 258, 262, 256, 259, 258,
    257, 257, 261, 258, 258 ]
headPositionsY: [ 85, 82, 83, 81, 80, 81, 78, 83, 82, 78, 83, 81, 81, 82,
    78, 82, 82, 83, 80, 80, 78, 83, 82, 81, 81, 78, 80, 81, 79, 81, 83,
    82, 79, 79, 80, 83, 82, 79, 79, 80, 79, 79, 80, 85, 84, 81, 84, 85,
    83, 84, 83, 82, 84, 81, 83, 82, 85, 83, 83, 85, 84, 83, 85, 82, 85,
    84, 82, 84, 85, 85, 85, 83, 87, 86, 82, 83, 83, 86, 84, 84, 83, 85,
    87, 82, 82, 82, 87, 83, 83, 85, 84, 85, 86, 85, 83, 85, 87, 83, 87,
    83 ]
