%YAML:1.0
---
videoName: "headShake49.mp4"
gestureLabel: 201
fps: 30
pixelSizeInCmTemp: 2.8855421686746985e-01
faceCenterPointX: 259
faceCenterPointY: 84
headPositionsX: [ 258, 260, 261, 259, 261, 259, 259, 258, 262, 260, 261,
    260, 262, 259, 258, 259, 261, 261, 260, 261, 262, 259, 259, 262, 263,
    262, 259, 261, 260, 259, 263, 262, 263, 263, 268, 271, 277, 281, 282,
    284, 283, 278, 271, 264, 260, 254, 249, 249, 250, 256, 263, 270, 274,
    274, 270, 265, 262, 254, 249, 251, 249, 249, 254, 261, 267, 271, 270,
    269, 266, 259, 255, 252, 253, 257, 258, 261, 268, 267, 269, 267, 267,
    262, 262, 257, 257, 259, 259, 259, 258, 262, 257, 260, 259, 258, 257,
    257, 259, 260, 260, 258 ]
headPositionsY: [ 82, 80, 79, 81, 82, 83, 78, 82, 79, 82, 80, 79, 83, 78,
    79, 78, 81, 81, 80, 83, 82, 83, 82, 81, 79, 82, 78, 82, 79, 81, 83,
    80, 79, 80, 83, 80, 81, 78, 78, 79, 80, 82, 81, 85, 83, 81, 83, 82,
    85, 86, 82, 86, 84, 85, 84, 86, 82, 85, 84, 84, 85, 85, 86, 86, 87,
    82, 85, 84, 85, 83, 85, 83, 83, 84, 83, 82, 83, 82, 83, 86, 84, 86,
    86, 83, 82, 85, 83, 82, 85, 87, 83, 84, 84, 87, 84, 83, 84, 84, 87,
    84 ]
