%YAML:1.0
---
videoName: "headShake45.mp4"
gestureLabel: 201
fps: 30
pixelSizeInCmTemp: 3.3263888888888887e-01
faceCenterPointX: 262
faceCenterPointY: 84
headPositionsX: [ 263, 262, 261, 261, 260, 264, 262, 261, 261, 261, 264,
    264, 260, 264, 260, 261, 261, 264, 262, 263, 262, 263, 264, 264, 264,
    260, 260, 260, 263, 264, 263, 262, 262, 259, 262, 261, 260, 260, 257,
    257, 253, 256, 257, 263, 268, 273, 281, 280, 282, 276, 271, 268, 259,
    253, 256, 256, 257, 263, 268, 270, 275, 273, 272, 267, 262, 257, 254,
    253, 254, 262, 267, 268, 269, 272, 273, 268, 264, 260, 257, 254, 256,
    256, 259, 260, 264, 264, 265, 259, 262, 261, 258, 260, 262, 260, 264,
    263, 261, 260, 260, 263 ]
headPositionsY: [ 86, 83, 82, 79, 84, 83, 79, 80, 84, 84, 81, 83, 81, 81,
    83, 81, 83, 83, 82, 83, 81, 82, 81, 84, 83, 84, 83, 83, 81, 83, 82,
    84, 80, 82, 84, 82, 82, 80, 81, 82, 84, 82, 81, 84, 84, 81, 81, 78,
    80, 81, 85, 85, 82, 81, 81, 85, 81, 81, 82, 81, 81, 84, 81, 82, 81,
    83, 82, 82, 84, 82, 85, 84, 80, 81, 80, 83, 85, 86, 81, 80, 83, 83,
    84, 82, 86, 81, 81, 81, 86, 83, 82, 83, 82, 82, 82, 85, 82, 81, 83,
    84 ]
