%YAML:1.0
---
videoName: "headShake14.mp4"
gestureLabel: 201
fps: 29
pixelSizeInCmTemp: 3.2364864864864862e-01
faceCenterPointX: 244
faceCenterPointY: 76
headPositionsX: [ 243, 245, 245, 246, 243, 244, 247, 243, 245, 247, 243,
    245, 247, 246, 246, 246, 245, 244, 243, 245, 247, 247, 245, 243, 247,
    246, 250, 251, 254, 258, 259, 262, 261, 258, 254, 253, 247, 243, 238,
    231, 227, 224, 228, 227, 230, 239, 244, 250, 253, 255, 258, 257, 255,
    248, 248, 241, 236, 235, 235, 231, 236, 236, 234, 240, 241, 243, 246,
    248, 250, 251, 251, 250, 248, 246, 248, 243, 242, 241, 240, 241, 241,
    241, 238, 238, 239, 242, 241, 246, 245, 246, 247, 243, 242, 247, 246,
    244, 243, 246, 242, 243 ]
headPositionsY: [ 77, 76, 75, 77, 78, 77, 78, 77, 77, 76, 78, 77, 77, 73,
    75, 73, 76, 74, 77, 75, 74, 77, 77, 77, 76, 75, 74, 73, 72, 75, 72,
    71, 70, 74, 74, 76, 75, 77, 78, 76, 77, 76, 74, 75, 74, 73, 75, 75,
    71, 71, 72, 73, 73, 74, 74, 77, 73, 76, 75, 76, 76, 75, 74, 74, 78,
    77, 76, 76, 78, 76, 76, 75, 76, 76, 77, 76, 74, 76, 76, 77, 74, 73,
    76, 77, 74, 77, 77, 74, 77, 76, 74, 75, 74, 77, 78, 76, 74, 74, 79,
    75 ]
