%YAML:1.0
---
videoName: "headShake12.mp4"
gestureLabel: 201
fps: 29
pixelSizeInCmTemp: 3.2808219178082193e-01
faceCenterPointX: 241
faceCenterPointY: 76
headPositionsX: [ 240, 239, 242, 240, 244, 241, 242, 244, 241, 240, 241,
    241, 244, 243, 240, 244, 241, 240, 243, 240, 240, 240, 241, 243, 244,
    240, 240, 240, 243, 241, 242, 243, 240, 242, 243, 244, 243, 239, 243,
    241, 240, 240, 239, 239, 241, 239, 243, 241, 244, 244, 240, 240, 243,
    241, 242, 240, 240, 240, 241, 244, 247, 252, 256, 258, 257, 259, 259,
    254, 247, 243, 237, 231, 230, 232, 237, 242, 246, 248, 251, 252, 251,
    248, 250, 245, 241, 241, 236, 238, 235, 236, 240, 238, 239, 238, 241,
    242, 239, 239, 238, 240 ]
headPositionsY: [ 75, 74, 71, 74, 76, 72, 76, 72, 73, 71, 75, 73, 72, 75,
    73, 75, 74, 71, 76, 76, 71, 72, 77, 73, 74, 74, 72, 76, 72, 72, 73,
    71, 75, 74, 75, 74, 75, 72, 73, 75, 75, 76, 75, 75, 74, 75, 76, 76,
    76, 76, 72, 75, 75, 72, 72, 72, 74, 75, 76, 74, 74, 74, 71, 75, 72,
    73, 72, 75, 77, 74, 77, 75, 75, 78, 75, 75, 77, 74, 75, 76, 74, 77,
    78, 79, 76, 75, 76, 74, 76, 74, 74, 74, 76, 78, 78, 78, 76, 77, 79,
    77 ]
