%YAML:1.0
---
videoName: "headShake9.mp4"
gestureLabel: 201
fps: 30
pixelSizeInCmTemp: 3.2808219178082193e-01
faceCenterPointX: 243
faceCenterPointY: 73
headPositionsX: [ 244, 242, 242, 240, 245, 240, 244, 244, 242, 245, 244,
    242, 242, 243, 242, 243, 244, 244, 241, 245, 243, 245, 245, 245, 244,
    242, 243, 244, 245, 242, 243, 243, 241, 244, 245, 241, 240, 244, 245,
    246, 246, 251, 254, 255, 261, 261, 262, 265, 263, 256, 252, 249, 241,
    238, 234, 229, 230, 227, 234, 235, 243, 248, 252, 256, 262, 261, 263,
    258, 255, 248, 246, 240, 233, 230, 230, 230, 229, 233, 235, 241, 243,
    250, 248, 252, 249, 248, 248, 246, 249, 246, 245, 245, 245, 246, 243,
    244, 246, 242, 241, 242 ]
headPositionsY: [ 72, 72, 74, 72, 72, 72, 70, 70, 74, 71, 74, 70, 71, 72,
    71, 73, 73, 73, 72, 74, 70, 72, 74, 73, 71, 73, 73, 70, 72, 71, 72,
    74, 75, 73, 73, 73, 72, 70, 72, 74, 71, 70, 73, 70, 71, 70, 69, 69,
    69, 69, 75, 72, 72, 71, 71, 74, 72, 71, 71, 71, 74, 74, 70, 73, 68,
    70, 68, 69, 73, 74, 70, 73, 74, 70, 74, 70, 70, 74, 74, 75, 75, 73,
    73, 73, 74, 73, 72, 72, 74, 75, 71, 73, 76, 72, 74, 74, 73, 72, 74,
    72 ]
