%YAML:1.0
---
videoName: "headShake19.mp4"
gestureLabel: 201
fps: 29
pixelSizeInCmTemp: 3.1933333333333330e-01
faceCenterPointX: 243
faceCenterPointY: 78
headPositionsX: [ 244, 241, 241, 243, 245, 241, 243, 241, 241, 242, 244,
    243, 241, 245, 245, 245, 244, 241, 245, 245, 240, 244, 241, 245, 240,
    242, 243, 244, 241, 244, 241, 244, 244, 241, 243, 240, 239, 237, 237,
    234, 234, 233, 239, 243, 250, 251, 255, 256, 259, 256, 251, 243, 240,
    235, 230, 233, 233, 231, 239, 241, 245, 248, 246, 249, 246, 245, 242,
    237, 237, 236, 235, 238, 237, 237, 239, 242, 245, 247, 244, 245, 242,
    244, 241, 243, 241, 241, 241, 242, 239, 239, 240, 244, 243, 240, 245,
    240, 246, 245, 241, 245 ]
headPositionsY: [ 78, 75, 77, 75, 76, 75, 76, 77, 76, 76, 78, 78, 76, 77,
    78, 78, 79, 78, 74, 75, 74, 76, 78, 75, 77, 78, 78, 76, 76, 79, 75,
    76, 76, 78, 76, 74, 79, 75, 79, 77, 77, 76, 78, 77, 76, 76, 77, 76,
    77, 74, 77, 78, 77, 74, 76, 77, 73, 74, 77, 77, 78, 76, 79, 76, 77,
    79, 78, 77, 77, 77, 76, 78, 75, 77, 75, 75, 76, 80, 79, 79, 78, 77,
    78, 79, 77, 76, 78, 79, 76, 80, 77, 78, 79, 77, 77, 77, 78, 77, 77,
    80 ]
