%YAML:1.0
---
videoName: "headShake13.mp4"
gestureLabel: 201
fps: 29
pixelSizeInCmTemp: 3.2364864864864862e-01
faceCenterPointX: 241
faceCenterPointY: 77
headPositionsX: [ 243, 240, 241, 239, 243, 243, 241, 239, 241, 240, 240,
    241, 244, 242, 243, 241, 241, 240, 242, 241, 241, 241, 239, 240, 240,
    240, 240, 241, 242, 242, 237, 238, 238, 240, 244, 250, 249, 257, 257,
    261, 265, 261, 257, 255, 248, 241, 240, 235, 230, 228, 231, 234, 235,
    240, 245, 249, 248, 251, 250, 246, 246, 242, 235, 235, 230, 231, 231,
    234, 237, 242, 245, 248, 250, 251, 251, 253, 250, 242, 239, 240, 238,
    232, 234, 232, 234, 235, 238, 241, 242, 245, 243, 246, 244, 245, 242,
    245, 242, 242, 240, 241 ]
headPositionsY: [ 79, 76, 75, 75, 74, 74, 76, 75, 76, 75, 77, 78, 77, 78,
    74, 77, 74, 79, 78, 75, 75, 77, 77, 77, 78, 77, 76, 75, 75, 75, 75,
    75, 78, 75, 78, 78, 74, 74, 72, 76, 76, 72, 76, 78, 76, 76, 76, 75,
    75, 78, 75, 74, 78, 75, 75, 75, 76, 75, 77, 78, 78, 77, 75, 76, 79,
    77, 77, 77, 79, 74, 74, 78, 78, 77, 75, 77, 76, 77, 74, 76, 74, 78,
    77, 77, 76, 74, 74, 74, 77, 77, 76, 76, 77, 74, 77, 77, 76, 74, 75,
    77 ]
