%YAML:1.0
---
videoName: "headShake27.mp4"
gestureLabel: 201
fps: 29
pixelSizeInCmTemp: 3.3263888888888887e-01
faceCenterPointX: 244
faceCenterPointY: 78
headPositionsX: [ 245, 246, 246, 248, 252, 254, 253, 252, 254, 257, 255,
    255, 255, 256, 251, 252, 246, 245, 243, 242, 242, 237, 239, 235, 232,
    234, 232, 231, 233, 232, 233, 233, 234, 233, 238, 242, 240, 241, 243,
    247, 247, 250, 250, 251, 252, 248, 248, 248, 248, 246, 247, 241, 243,
    239, 237, 236, 235, 235, 233, 234, 234, 235, 235, 232, 233, 238, 234,
    237, 239, 241, 240, 242, 246, 248, 247, 248, 246, 250, 250, 246, 248,
    247, 247, 246, 248, 247, 245, 244, 246, 247, 245, 243, 244, 244, 245,
    242, 243, 244, 244, 244 ]
headPositionsY: [ 80, 77, 79, 76, 75, 75, 76, 74, 77, 77, 75, 76, 76, 78,
    79, 77, 79, 79, 80, 76, 79, 76, 77, 77, 80, 80, 79, 80, 76, 79, 79,
    81, 81, 80, 81, 79, 80, 78, 82, 77, 80, 78, 80, 79, 78, 77, 79, 81,
    78, 78, 82, 80, 80, 81, 76, 81, 81, 77, 79, 80, 80, 77, 80, 80, 77,
    80, 81, 79, 81, 77, 79, 79, 76, 80, 79, 79, 77, 81, 81, 78, 79, 80,
    80, 80, 81, 79, 82, 80, 77, 79, 80, 78, 78, 79, 80, 77, 79, 78, 78,
    80 ]
