%YAML:1.0
---
videoName: "headShake2.mp4"
gestureLabel: 201
fps: 29
pixelSizeInCmTemp: 3.4214285714285714e-01
faceCenterPointX: 276
faceCenterPointY: 98
headPositionsX: [ 278, 276, 277, 275, 278, 276, 275, 278, 275, 276, 275,
    278, 277, 279, 276, 277, 277, 275, 276, 277, 276, 275, 278, 276, 278,
    277, 279, 276, 278, 277, 277, 276, 276, 279, 276, 276, 277, 275, 280,
    275, 275, 279, 280, 282, 286, 288, 293, 294, 296, 292, 289, 290, 283,
    276, 274, 267, 265, 266, 263, 266, 275, 279, 285, 286, 289, 288, 290,
    286, 283, 279, 277, 270, 267, 268, 268, 269, 276, 280, 281, 287, 287,
    288, 284, 282, 282, 281, 278, 279, 277, 274, 274, 273, 276, 277, 275,
    274, 274, 274, 274, 275 ]
headPositionsY: [ 96, 96, 97, 99, 99, 99, 99, 99, 98, 96, 96, 99, 97, 98,
    99, 100, 96, 101, 98, 98, 101, 101, 101, 100, 100, 96, 99, 96, 100,
    99, 98, 101, 98, 97, 100, 101, 100, 100, 101, 97, 99, 96, 99, 95, 95,
    98, 98, 97, 95, 98, 96, 95, 99, 99, 96, 96, 96, 97, 99, 98, 99, 97,
    95, 97, 97, 94, 97, 97, 99, 97, 96, 99, 98, 100, 97, 99, 96, 98, 99,
    98, 99, 95, 96, 101, 101, 101, 100, 97, 99, 100, 100, 97, 97, 101,
    97, 100, 100, 102, 98, 100 ]
