%YAML:1.0
---
videoName: "headShake15.mp4"
gestureLabel: 201
fps: 29
pixelSizeInCmTemp: 3.3263888888888887e-01
faceCenterPointX: 243
faceCenterPointY: 76
headPositionsX: [ 241, 242, 244, 244, 242, 244, 242, 243, 244, 246, 244,
    244, 242, 246, 245, 242, 242, 245, 244, 242, 245, 243, 243, 244, 243,
    243, 244, 245, 243, 244, 245, 242, 243, 245, 245, 243, 242, 242, 242,
    244, 241, 242, 245, 241, 243, 243, 246, 243, 244, 245, 241, 241, 243,
    241, 240, 241, 241, 241, 241, 240, 243, 241, 243, 246, 248, 252, 255,
    259, 259, 259, 258, 255, 248, 248, 241, 238, 236, 236, 235, 237, 238,
    243, 244, 244, 246, 245, 245, 244, 243, 242, 241, 243, 241, 241, 240,
    240, 241, 241, 243, 245 ]
headPositionsY: [ 74, 76, 75, 73, 77, 74, 74, 75, 72, 78, 75, 78, 73, 76,
    73, 74, 73, 75, 76, 74, 74, 72, 78, 75, 74, 76, 74, 77, 76, 74, 74,
    75, 74, 76, 76, 75, 76, 74, 76, 74, 73, 76, 75, 78, 74, 77, 76, 74,
    77, 74, 76, 77, 78, 75, 78, 73, 73, 74, 75, 75, 75, 76, 77, 78, 73,
    73, 74, 72, 72, 77, 73, 75, 75, 74, 79, 76, 77, 73, 75, 75, 74, 76,
    78, 75, 79, 74, 77, 74, 79, 75, 78, 75, 75, 79, 78, 74, 74, 78, 74,
    78 ]
