%YAML:1.0
---
videoName: "headShake6.mp4"
gestureLabel: 201
fps: 29
pixelSizeInCmTemp: 3.2808219178082193e-01
faceCenterPointX: 244
faceCenterPointY: 68
headPositionsX: [ 245, 246, 244, 247, 246, 246, 247, 245, 245, 245, 246,
    245, 244, 244, 243, 243, 245, 244, 244, 243, 246, 245, 243, 246, 246,
    243, 246, 246, 248, 255, 254, 258, 260, 262, 261, 262, 256, 252, 245,
    240, 238, 233, 229, 231, 232, 241, 243, 248, 253, 259, 260, 258, 255,
    255, 247, 241, 236, 235, 229, 230, 231, 234, 237, 242, 247, 246, 251,
    252, 252, 251, 248, 245, 242, 242, 236, 241, 240, 238, 241, 239, 241,
    241, 244, 245, 242, 247, 246, 245, 246, 242, 244, 244, 246, 244, 244,
    245, 246, 244, 243, 244 ]
headPositionsY: [ 70, 69, 64, 65, 67, 64, 65, 67, 66, 65, 65, 68, 64, 66,
    65, 65, 64, 68, 66, 66, 69, 64, 69, 64, 69, 66, 66, 68, 69, 68, 64,
    66, 65, 66, 66, 63, 64, 69, 68, 66, 70, 66, 67, 66, 70, 68, 68, 68,
    66, 69, 66, 67, 67, 69, 68, 68, 70, 67, 69, 66, 70, 67, 68, 66, 68,
    69, 67, 68, 69, 69, 70, 68, 69, 69, 68, 67, 66, 68, 69, 70, 69, 67,
    69, 69, 69, 69, 68, 70, 70, 71, 67, 69, 66, 69, 69, 68, 69, 70, 68,
    70 ]
