%YAML:1.0
---
videoName: "headShake27.mp4"
gestureLabel: 201
fps: 29
pixelSizeInCmTemp: 3.3263888888888887e-01
faceCenterPointX: 244
faceCenterPointY: 78
headPositionsX: [ 244, 245, 246, 250, 250, 251, 254, 255, 257, 257, 254,
    257, 252, 254, 254, 249, 250, 246, 242, 241, 239, 240, 236, 234, 235,
    232, 232, 230, 230, 232, 235, 233, 232, 236, 237, 238, 241, 240, 246,
    248, 247, 250, 249, 251, 250, 250, 250, 251, 248, 248, 245, 245, 242,
    243, 238, 238, 236, 231, 234, 235, 234, 234, 233, 232, 233, 234, 237,
    236, 243, 241, 240, 244, 246, 245, 246, 245, 247, 248, 248, 247, 245,
    245, 247, 247, 244, 245, 247, 248, 247, 245, 246, 246, 244, 243, 247,
    245, 245, 243, 246, 245 ]
headPositionsY: [ 77, 80, 77, 76, 76, 77, 79, 78, 75, 76, 78, 78, 76, 76,
    81, 78, 80, 80, 80, 80, 78, 79, 78, 80, 80, 79, 79, 80, 77, 80, 81,
    79, 77, 80, 77, 79, 81, 78, 81, 78, 78, 80, 82, 81, 80, 81, 79, 80,
    80, 79, 80, 81, 77, 79, 77, 79, 79, 80, 80, 77, 79, 80, 81, 79, 81,
    80, 78, 80, 78, 81, 79, 80, 79, 78, 79, 81, 80, 78, 78, 82, 77, 81,
    77, 82, 78, 80, 78, 78, 80, 81, 78, 77, 79, 81, 80, 81, 81, 80, 80,
    80 ]
