%YAML:1.0
---
videoName: "headShake3.mp4"
gestureLabel: 201
fps: 30
pixelSizeInCmTemp: 3.3263888888888887e-01
faceCenterPointX: 240
faceCenterPointY: 101
headPositionsX: [ 242, 243, 241, 243, 240, 240, 243, 239, 240, 239, 243,
    243, 242, 241, 243, 240, 243, 242, 242, 241, 241, 240, 239, 243, 243,
    242, 239, 243, 239, 241, 240, 241, 239, 244, 246, 247, 255, 253, 258,
    256, 254, 251, 249, 244, 240, 234, 231, 231, 230, 231, 232, 239, 243,
    246, 248, 253, 249, 244, 243, 239, 232, 231, 228, 227, 225, 229, 230,
    232, 237, 241, 246, 247, 245, 246, 242, 241, 240, 236, 237, 236, 232,
    231, 232, 233, 232, 238, 234, 238, 241, 239, 239, 241, 240, 242, 242,
    239, 241, 243, 242, 239 ]
headPositionsY: [ 102, 97, 101, 97, 100, 99, 98, 98, 98, 97, 99, 100, 97,
    97, 97, 101, 100, 100, 97, 98, 101, 97, 98, 97, 98, 101, 97, 100, 96,
    100, 98, 99, 98, 100, 98, 100, 96, 94, 99, 99, 98, 99, 100, 97, 100,
    97, 100, 97, 97, 101, 100, 98, 98, 98, 96, 99, 98, 99, 97, 101, 97,
    96, 96, 100, 96, 97, 97, 101, 97, 101, 99, 97, 99, 98, 100, 100, 101,
    99, 97, 100, 101, 100, 102, 102, 100, 101, 102, 98, 100, 102, 100,
    99, 102, 99, 100, 99, 101, 99, 100, 99 ]
