%YAML:1.0
---
videoName: "headShake25.mp4"
gestureLabel: 201
fps: 30
pixelSizeInCmTemp: 3.2364864864864862e-01
faceCenterPointX: 241
faceCenterPointY: 79
headPositionsX: [ 243, 254, 252, 253, 253, 250, 249, 249, 248, 245, 240,
    238, 238, 236, 231, 232, 230, 227, 229, 229, 233, 232, 234, 237, 239,
    239, 243, 244, 249, 247, 247, 247, 250, 246, 245, 245, 241, 241, 240,
    234, 235, 234, 231, 229, 230, 232, 230, 232, 232, 239, 241, 243, 243,
    246, 247, 250, 252, 252, 251, 250, 251, 251, 246, 246, 246, 242, 240,
    239, 239, 237, 235, 237, 234, 235, 236, 233, 235, 236, 235, 239, 237,
    239, 240, 240, 243, 241, 244, 245, 243, 242, 240, 244, 244, 242, 242,
    243, 240, 239, 243, 242 ]
headPositionsY: [ 77, 79, 78, 75, 75, 77, 78, 77, 80, 79, 76, 77, 79, 79,
    77, 77, 76, 77, 77, 79, 80, 76, 78, 76, 79, 79, 77, 78, 81, 79, 77,
    76, 79, 77, 77, 79, 80, 79, 78, 81, 78, 79, 78, 76, 79, 76, 79, 79,
    77, 81, 80, 77, 80, 80, 79, 80, 81, 76, 75, 77, 81, 78, 79, 81, 79,
    76, 81, 76, 80, 80, 76, 80, 80, 77, 80, 77, 77, 76, 76, 77, 79, 80,
    81, 77, 80, 78, 77, 79, 78, 77, 77, 78, 77, 80, 79, 79, 77, 77, 79,
    78 ]
