%YAML:1.0
---
videoName: "headShake14.mp4"
gestureLabel: 201
fps: 29
pixelSizeInCmTemp: 3.2364864864864862e-01
faceCenterPointX: 244
faceCenterPointY: 76
headPositionsX: [ 242, 246, 244, 244, 247, 247, 248, 243, 247, 246, 245,
    245, 245, 243, 244, 245, 245, 246, 247, 247, 244, 243, 245, 245, 248,
    246, 251, 253, 254, 257, 262, 260, 263, 258, 258, 252, 249, 241, 235,
    231, 226, 222, 226, 229, 230, 236, 242, 248, 253, 255, 257, 259, 253,
    250, 247, 242, 238, 234, 234, 233, 233, 236, 233, 238, 240, 243, 244,
    249, 248, 248, 248, 248, 248, 248, 249, 242, 245, 243, 243, 238, 241,
    238, 238, 240, 239, 241, 244, 244, 242, 246, 244, 243, 242, 245, 245,
    246, 243, 242, 242, 243 ]
headPositionsY: [ 75, 76, 76, 76, 78, 78, 78, 73, 77, 77, 74, 75, 78, 74,
    77, 74, 73, 74, 74, 76, 75, 74, 74, 77, 77, 76, 77, 74, 73, 76, 73,
    71, 74, 73, 76, 73, 76, 76, 75, 74, 74, 73, 75, 74, 76, 77, 73, 75,
    72, 72, 71, 71, 75, 76, 75, 76, 77, 75, 73, 76, 74, 74, 76, 77, 76,
    75, 77, 74, 78, 76, 78, 74, 76, 78, 75, 76, 77, 73, 75, 73, 77, 74,
    78, 75, 76, 77, 74, 78, 76, 75, 75, 74, 78, 78, 74, 75, 74, 76, 78,
    77 ]
