%YAML:1.0
---
videoName: "headShake20.mp4"
gestureLabel: 201
fps: 29
pixelSizeInCmTemp: 3.3263888888888887e-01
faceCenterPointX: 242
faceCenterPointY: 78
headPositionsX: [ 243, 245, 242, 242, 245, 242, 243, 241, 245, 244, 244,
    245, 245, 242, 242, 243, 244, 242, 244, 244, 242, 245, 243, 241, 244,
    244, 244, 243, 244, 245, 244, 241, 243, 241, 242, 244, 244, 244, 242,
    243, 247, 249, 256, 257, 258, 257, 258, 254, 248, 244, 237, 235, 229,
    230, 228, 231, 238, 245, 247, 250, 254, 253, 252, 245, 241, 240, 237,
    233, 229, 234, 234, 240, 243, 244, 246, 246, 247, 247, 244, 242, 238,
    238, 238, 238, 242, 239, 244, 245, 244, 242, 243, 243, 243, 243, 243,
    245, 244, 243, 240, 239 ]
headPositionsY: [ 80, 74, 74, 78, 77, 78, 76, 76, 74, 79, 76, 75, 77, 76,
    78, 76, 78, 75, 74, 77, 75, 78, 74, 75, 76, 75, 74, 78, 74, 79, 76,
    77, 75, 74, 78, 76, 76, 78, 79, 75, 78, 76, 75, 77, 74, 77, 77, 75,
    78, 74, 75, 75, 75, 75, 75, 77, 76, 74, 74, 77, 75, 75, 77, 74, 78,
    76, 76, 77, 76, 76, 78, 78, 78, 75, 77, 76, 75, 76, 78, 78, 77, 76,
    78, 76, 75, 79, 78, 78, 76, 78, 76, 80, 77, 78, 77, 79, 75, 77, 76,
    77 ]
