%YAML:1.0
---
videoName: "headShake0.mp4"
gestureLabel: 201
fps: 29
pixelSizeInCmTemp: 3.2808219178082193e-01
faceCenterPointX: 279
faceCenterPointY: 94
headPositionsX: [ 278, 279, 277, 281, 281, 281, 278, 280, 279, 277, 278,
    279, 281, 276, 280, 279, 278, 278, 281, 277, 279, 281, 279, 280, 280,
    281, 281, 277, 277, 281, 277, 281, 281, 279, 276, 278, 279, 280, 277,
    278, 277, 282, 287, 289, 294, 296, 298, 300, 303, 302, 297, 292, 290,
    281, 277, 275, 272, 274, 276, 279, 284, 284, 290, 290, 291, 287, 287,
    281, 276, 275, 271, 273, 273, 276, 281, 282, 284, 286, 282, 282, 282,
    277, 277, 277, 277, 274, 276, 277, 276, 279, 281, 278, 277, 277, 278,
    281, 279, 281, 279, 279 ]
headPositionsY: [ 95, 91, 91, 92, 94, 94, 94, 92, 94, 92, 92, 93, 91, 91,
    91, 95, 93, 95, 93, 95, 92, 93, 91, 92, 91, 93, 92, 94, 92, 91, 94,
    94, 94, 92, 95, 95, 92, 95, 92, 95, 95, 94, 92, 92, 91, 92, 93, 89,
    93, 89, 93, 89, 94, 93, 93, 92, 94, 94, 94, 93, 90, 93, 92, 93, 93,
    94, 91, 95, 93, 94, 92, 93, 90, 93, 95, 92, 92, 94, 92, 93, 93, 95,
    94, 93, 96, 92, 93, 95, 93, 95, 96, 96, 92, 95, 96, 93, 95, 97, 92,
    93 ]
