%YAML:1.0
---
videoName: "headShake44.mp4"
gestureLabel: 201
fps: 30
pixelSizeInCmTemp: 3.2808219178082193e-01
faceCenterPointX: 260
faceCenterPointY: 84
headPositionsX: [ 262, 264, 258, 260, 259, 261, 258, 262, 261, 260, 262,
    261, 259, 263, 261, 260, 259, 259, 259, 259, 262, 259, 262, 260, 259,
    258, 259, 259, 263, 260, 261, 261, 260, 262, 258, 262, 258, 262, 260,
    264, 265, 269, 272, 273, 275, 273, 272, 267, 261, 255, 254, 249, 249,
    254, 254, 263, 265, 268, 273, 268, 267, 264, 260, 253, 254, 256, 261,
    263, 268, 269, 272, 271, 264, 261, 256, 253, 252, 254, 252, 257, 259,
    259, 261, 262, 262, 261, 261, 262, 262, 263, 260, 259, 261, 261, 259,
    260, 261, 263, 262, 259 ]
headPositionsY: [ 82, 81, 80, 82, 85, 81, 82, 81, 82, 81, 81, 83, 84, 81,
    84, 80, 83, 82, 82, 80, 83, 81, 81, 80, 84, 83, 81, 81, 82, 80, 85,
    83, 83, 82, 83, 83, 84, 82, 83, 83, 82, 83, 84, 79, 81, 80, 80, 87,
    84, 85, 83, 86, 83, 83, 82, 87, 85, 85, 83, 87, 85, 83, 86, 83, 85,
    83, 82, 82, 81, 84, 85, 83, 85, 82, 82, 84, 82, 85, 86, 83, 86, 83,
    86, 86, 84, 85, 84, 83, 87, 84, 85, 85, 84, 84, 85, 86, 83, 87, 85,
    83 ]
