%YAML:1.0
---
videoName: "headShake37.mp4"
gestureLabel: 201
fps: 30
pixelSizeInCmTemp: 3.1933333333333330e-01
faceCenterPointX: 263
faceCenterPointY: 83
headPositionsX: [ 264, 262, 263, 264, 260, 262, 259, 264, 260, 263, 261,
    264, 264, 261, 261, 264, 264, 264, 260, 262, 261, 265, 263, 263, 260,
    261, 264, 263, 263, 264, 262, 264, 262, 260, 263, 264, 261, 263, 262,
    264, 262, 261, 259, 261, 261, 262, 262, 264, 266, 272, 276, 278, 280,
    279, 282, 276, 273, 268, 258, 253, 251, 252, 254, 257, 264, 269, 271,
    272, 271, 270, 266, 266, 263, 255, 255, 252, 252, 255, 257, 259, 261,
    262, 264, 263, 267, 268, 266, 267, 266, 264, 264, 266, 266, 265, 264,
    261, 262, 262, 264, 264 ]
headPositionsY: [ 83, 81, 81, 86, 82, 81, 82, 83, 81, 83, 84, 85, 84, 85,
    82, 84, 84, 80, 84, 81, 85, 83, 81, 83, 85, 84, 81, 82, 82, 82, 82,
    82, 83, 85, 83, 81, 85, 81, 85, 84, 83, 84, 83, 84, 84, 81, 83, 82,
    84, 80, 83, 82, 82, 82, 82, 83, 80, 83, 82, 80, 82, 80, 82, 82, 84,
    82, 80, 79, 81, 82, 83, 85, 81, 81, 81, 83, 81, 80, 83, 85, 84, 84,
    85, 82, 81, 82, 85, 80, 81, 82, 82, 84, 85, 83, 80, 84, 83, 84, 82,
    82 ]
