%YAML:1.0
---
videoName: "headShake5.mp4"
gestureLabel: 201
fps: 30
pixelSizeInCmTemp: 3.3263888888888887e-01
faceCenterPointX: 275
faceCenterPointY: 73
headPositionsX: [ 275, 276, 276, 278, 277, 277, 279, 279, 276, 280, 280,
    279, 276, 279, 280, 277, 279, 277, 277, 277, 277, 277, 279, 276, 279,
    278, 277, 278, 277, 276, 276, 278, 278, 280, 281, 283, 287, 294, 297,
    295, 296, 294, 289, 283, 278, 271, 266, 262, 263, 263, 270, 272, 279,
    286, 288, 289, 286, 285, 280, 272, 266, 262, 263, 266, 268, 268, 277,
    281, 282, 286, 286, 284, 282, 279, 271, 273, 269, 265, 269, 265, 268,
    273, 274, 280, 282, 281, 283, 283, 279, 282, 282, 278, 276, 278, 277,
    274, 276, 273, 273, 273 ]
headPositionsY: [ 74, 75, 75, 71, 72, 75, 72, 72, 74, 72, 72, 74, 76, 71,
    72, 72, 73, 73, 74, 74, 71, 74, 73, 72, 74, 75, 72, 72, 72, 72, 75,
    71, 75, 75, 74, 73, 74, 74, 71, 72, 71, 71, 70, 74, 76, 75, 72, 73,
    73, 75, 74, 72, 76, 75, 75, 73, 73, 73, 75, 74, 74, 72, 72, 72, 75,
    76, 74, 74, 74, 76, 75, 74, 76, 75, 73, 75, 76, 71, 71, 73, 72, 70,
    72, 70, 71, 72, 74, 74, 74, 70, 73, 72, 72, 73, 70, 74, 74, 72, 74,
    74 ]
