%YAML:1.0
---
videoName: "headShake9.mp4"
gestureLabel: 201
fps: 30
pixelSizeInCmTemp: 3.2808219178082193e-01
faceCenterPointX: 243
faceCenterPointY: 73
headPositionsX: [ 241, 244, 244, 243, 245, 241, 246, 244, 243, 244, 243,
    245, 240, 244, 242, 242, 242, 242, 243, 242, 244, 245, 241, 244, 241,
    244, 241, 243, 245, 241, 241, 243, 245, 243, 243, 242, 244, 244, 241,
    244, 249, 250, 253, 257, 264, 264, 262, 265, 261, 257, 251, 249, 244,
    236, 234, 233, 227, 228, 233, 234, 240, 247, 251, 257, 263, 260, 263,
    256, 256, 252, 244, 238, 235, 229, 231, 230, 227, 235, 239, 241, 246,
    249, 251, 250, 250, 250, 250, 248, 248, 247, 248, 245, 244, 243, 242,
    242, 244, 242, 242, 245 ]
headPositionsY: [ 71, 73, 70, 70, 74, 70, 70, 73, 71, 70, 70, 70, 74, 74,
    73, 74, 74, 71, 72, 72, 71, 71, 74, 72, 74, 75, 72, 71, 73, 75, 73,
    71, 72, 70, 70, 70, 70, 73, 70, 71, 71, 74, 71, 70, 69, 72, 71, 69,
    73, 72, 72, 73, 74, 72, 72, 73, 72, 71, 72, 73, 74, 70, 73, 71, 71,
    68, 69, 71, 72, 70, 72, 73, 74, 70, 73, 71, 74, 74, 73, 71, 75, 72,
    73, 72, 74, 72, 71, 71, 74, 71, 75, 75, 72, 71, 71, 73, 75, 73, 73,
    74 ]
