%YAML:1.0
---
videoName: "headShake45.mp4"
gestureLabel: 201
fps: 30
pixelSizeInCmTemp: 3.3263888888888887e-01
faceCenterPointX: 262
faceCenterPointY: 84
headPositionsX: [ 263, 260, 262, 262, 261, 264, 265, 263, 262, 262, 264,
    261, 260, 264, 262, 260, 264, 265, 262, 264, 262, 260, 260, 264, 264,
    263, 261, 260, 263, 261, 261, 260, 260, 261, 260, 263, 260, 261, 258,
    257, 257, 259, 257, 263, 272, 273, 279, 280, 282, 275, 274, 266, 262,
    256, 256, 254, 257, 264, 270, 271, 276, 276, 273, 267, 263, 260, 256,
    254, 258, 261, 265, 268, 273, 272, 272, 270, 265, 262, 255, 256, 256,
    256, 261, 264, 266, 266, 264, 262, 259, 257, 259, 259, 261, 263, 261,
    261, 264, 260, 262, 261 ]
headPositionsY: [ 84, 79, 83, 83, 80, 83, 81, 79, 82, 82, 80, 82, 80, 80,
    83, 82, 82, 85, 84, 81, 80, 81, 85, 82, 81, 80, 83, 84, 83, 81, 82,
    84, 83, 81, 82, 81, 81, 82, 83, 81, 82, 80, 81, 83, 84, 83, 82, 80,
    78, 81, 83, 85, 81, 82, 83, 85, 85, 81, 84, 83, 81, 80, 80, 84, 82,
    84, 86, 83, 81, 82, 84, 84, 82, 83, 81, 84, 83, 85, 84, 83, 81, 83,
    83, 83, 84, 85, 80, 83, 84, 82, 81, 82, 81, 81, 81, 83, 82, 82, 85,
    85 ]
