%YAML:1.0
---
videoName: "headShake9.mp4"
gestureLabel: 201
fps: 30
pixelSizeInCmTemp: 3.2808219178082193e-01
faceCenterPointX: 243
faceCenterPointY: 73
headPositionsX: [ 241, 245, 241, 244, 244, 241, 244, 241, 245, 245, 242,
    245, 241, 244, 241, 244, 241, 243, 245, 241, 244, 243, 245, 242, 245,
    241, 241, 241, 243, 245, 243, 244, 245, 244, 242, 242, 244, 245, 245,
    245, 249, 252, 253, 258, 261, 261, 264, 263, 259, 258, 251, 246, 242,
    236, 233, 231, 229, 228, 230, 234, 242, 248, 255, 255, 261, 260, 263,
    259, 256, 249, 242, 238, 236, 228, 231, 229, 229, 235, 237, 238, 245,
    248, 249, 250, 250, 249, 250, 246, 248, 247, 247, 247, 246, 242, 244,
    245, 244, 242, 241, 241 ]
headPositionsY: [ 75, 73, 73, 72, 71, 73, 70, 74, 72, 70, 70, 70, 72, 72,
    70, 75, 72, 72, 70, 72, 71, 73, 72, 74, 73, 72, 74, 74, 74, 75, 71,
    71, 73, 71, 72, 71, 72, 71, 73, 72, 70, 71, 70, 72, 71, 72, 70, 73,
    71, 70, 73, 74, 74, 74, 74, 70, 70, 73, 75, 74, 72, 74, 70, 69, 67,
    68, 69, 73, 72, 72, 72, 72, 75, 72, 72, 73, 70, 71, 74, 72, 73, 72,
    74, 73, 73, 71, 74, 71, 72, 75, 71, 73, 75, 71, 74, 71, 73, 72, 72,
    75 ]
