%YAML:1.0
---
videoName: "headShake29.mp4"
gestureLabel: 201
fps: 29
pixelSizeInCmTemp: 3.3263888888888887e-01
faceCenterPointX: 243
faceCenterPointY: 76
headPositionsX: [ 242, 241, 241, 242, 245, 242, 240, 243, 242, 240, 244,
    242, 245, 245, 240, 241, 241, 240, 242, 240, 241, 244, 241, 242, 239,
    239, 239, 239, 238, 240, 245, 247, 253, 252, 253, 254, 257, 254, 249,
    240, 236, 232, 231, 230, 226, 232, 234, 236, 243, 247, 248, 252, 250,
    253, 249, 245, 243, 237, 233, 233, 230, 229, 233, 234, 240, 241, 248,
    249, 251, 253, 253, 249, 250, 246, 242, 240, 238, 238, 235, 235, 235,
    233, 236, 237, 238, 238, 241, 240, 243, 241, 244, 244, 241, 243, 242,
    246, 242, 241, 240, 245 ]
headPositionsY: [ 77, 74, 74, 77, 75, 77, 73, 77, 75, 74, 74, 74, 74, 77,
    76, 78, 76, 75, 78, 77, 74, 79, 74, 76, 74, 78, 78, 76, 78, 77, 76,
    75, 78, 75, 74, 74, 75, 77, 74, 77, 79, 75, 74, 77, 77, 76, 76, 77,
    75, 75, 77, 75, 74, 75, 76, 77, 77, 76, 77, 79, 76, 77, 75, 76, 77,
    77, 76, 78, 74, 77, 77, 75, 74, 75, 76, 77, 74, 74, 75, 75, 74, 77,
    77, 74, 78, 76, 74, 75, 78, 76, 77, 76, 79, 74, 77, 75, 75, 74, 78,
    79 ]
