%YAML:1.0
---
videoName: "headShake13.mp4"
gestureLabel: 201
fps: 29
pixelSizeInCmTemp: 3.2364864864864862e-01
faceCenterPointX: 241
faceCenterPointY: 77
headPositionsX: [ 242, 242, 241, 241, 242, 243, 243, 241, 242, 243, 242,
    240, 240, 242, 240, 243, 242, 243, 241, 239, 243, 244, 242, 239, 243,
    241, 242, 242, 243, 240, 239, 239, 239, 240, 244, 247, 249, 256, 257,
    263, 262, 260, 261, 257, 250, 243, 240, 236, 231, 227, 231, 231, 235,
    239, 244, 250, 248, 251, 247, 247, 244, 241, 236, 235, 233, 231, 230,
    234, 237, 243, 243, 249, 252, 254, 251, 249, 247, 245, 240, 238, 235,
    234, 231, 233, 235, 237, 235, 239, 243, 244, 243, 243, 247, 244, 241,
    244, 244, 243, 239, 242 ]
headPositionsY: [ 77, 76, 74, 78, 77, 75, 76, 76, 74, 75, 77, 77, 74, 79,
    78, 74, 75, 78, 75, 75, 76, 76, 78, 77, 78, 73, 76, 78, 77, 77, 77,
    76, 75, 75, 76, 77, 74, 77, 76, 74, 75, 76, 75, 77, 76, 76, 76, 76,
    75, 79, 76, 76, 74, 78, 76, 78, 73, 78, 74, 78, 77, 75, 77, 74, 77,
    75, 76, 75, 78, 78, 76, 78, 75, 77, 78, 74, 75, 78, 75, 79, 76, 77,
    78, 75, 77, 76, 78, 75, 78, 79, 77, 75, 76, 75, 77, 74, 76, 74, 74,
    76 ]
