%YAML:1.0
---
videoName: "headShake29.mp4"
gestureLabel: 201
fps: 29
pixelSizeInCmTemp: 3.3263888888888887e-01
faceCenterPointX: 243
faceCenterPointY: 76
headPositionsX: [ 244, 240, 240, 245, 244, 240, 242, 241, 244, 243, 240,
    245, 241, 243, 243, 242, 245, 241, 241, 244, 243, 240, 244, 240, 241,
    238, 237, 236, 240, 241, 244, 246, 251, 255, 252, 254, 254, 252, 247,
    240, 238, 234, 229, 230, 228, 230, 231, 238, 241, 249, 247, 253, 250,
    251, 251, 245, 239, 235, 232, 233, 229, 229, 232, 234, 237, 243, 247,
    252, 250, 251, 253, 252, 248, 246, 244, 241, 235, 238, 234, 234, 232,
    235, 235, 236, 238, 239, 237, 241, 239, 243, 243, 245, 241, 244, 243,
    242, 245, 241, 244, 243 ]
headPositionsY: [ 74, 76, 74, 78, 77, 77, 73, 77, 77, 75, 74, 74, 76, 76,
    75, 74, 75, 75, 76, 76, 76, 76, 78, 74, 76, 76, 78, 78, 77, 79, 75,
    75, 74, 76, 75, 77, 76, 73, 76, 76, 75, 78, 76, 77, 75, 74, 74, 78,
    79, 76, 78, 74, 76, 76, 76, 75, 75, 77, 75, 75, 74, 74, 74, 76, 78,
    79, 75, 77, 74, 78, 74, 76, 78, 77, 75, 78, 75, 75, 75, 76, 75, 76,
    76, 78, 75, 74, 78, 79, 77, 75, 77, 77, 77, 77, 77, 77, 78, 74, 75,
    79 ]
