%YAML:1.0
---
videoName: "headShake37.mp4"
gestureLabel: 201
fps: 30
pixelSizeInCmTemp: 3.1933333333333330e-01
faceCenterPointX: 263
faceCenterPointY: 83
headPositionsX: [ 264, 261, 260, 263, 259, 264, 262, 265, 262, 262, 262,
    263, 260, 263, 262, 263, 262, 262, 262, 263, 261, 264, 260, 261, 263,
    259, 262, 261, 263, 264, 260, 263, 260, 263, 262, 263, 260, 264, 261,
    263, 264, 260, 259, 260, 258, 263, 259, 266, 267, 268, 275, 275, 281,
    282, 283, 276, 273, 265, 257, 256, 255, 253, 256, 259, 260, 270, 272,
    274, 274, 273, 270, 267, 261, 258, 256, 251, 252, 254, 257, 257, 261,
    259, 263, 263, 264, 267, 264, 268, 266, 264, 265, 263, 263, 263, 263,
    264, 264, 261, 263, 262 ]
headPositionsY: [ 81, 81, 83, 84, 81, 84, 85, 85, 81, 82, 83, 83, 84, 84,
    81, 84, 81, 82, 83, 81, 83, 82, 85, 81, 84, 85, 81, 82, 82, 84, 84,
    83, 85, 82, 82, 81, 84, 83, 82, 81, 84, 83, 81, 82, 82, 83, 83, 84,
    84, 82, 82, 81, 80, 80, 81, 84, 83, 84, 80, 82, 83, 83, 82, 83, 80,
    83, 82, 80, 81, 82, 83, 81, 83, 81, 83, 80, 85, 83, 81, 81, 83, 80,
    84, 82, 84, 83, 82, 84, 84, 82, 82, 82, 82, 85, 83, 83, 84, 85, 84,
    83 ]
