%YAML:1.0
---
videoName: "headShake24.mp4"
gestureLabel: 201
fps: 29
pixelSizeInCmTemp: 3.2808219178082193e-01
faceCenterPointX: 240
faceCenterPointY: 78
headPositionsX: [ 239, 251, 253, 252, 253, 253, 254, 255, 255, 253, 250,
    249, 244, 242, 241, 234, 236, 231, 233, 232, 229, 231, 233, 234, 234,
    236, 237, 238, 240, 243, 245, 246, 249, 248, 251, 251, 251, 250, 245,
    245, 243, 242, 242, 237, 240, 238, 235, 233, 232, 233, 233, 234, 237,
    235, 236, 238, 241, 242, 245, 243, 244, 246, 247, 247, 246, 248, 249,
    249, 244, 244, 245, 246, 242, 241, 239, 241, 238, 238, 238, 237, 239,
    238, 238, 238, 240, 239, 237, 239, 242, 240, 238, 242, 239, 242, 239,
    241, 238, 238, 238, 242 ]
headPositionsY: [ 80, 75, 75, 75, 75, 74, 73, 73, 76, 75, 77, 77, 77, 79,
    77, 75, 76, 79, 76, 75, 76, 75, 76, 76, 76, 77, 76, 78, 80, 79, 74,
    79, 77, 78, 79, 77, 78, 79, 78, 78, 80, 77, 77, 79, 76, 78, 78, 76,
    75, 76, 79, 76, 79, 77, 77, 80, 77, 76, 81, 75, 76, 78, 79, 77, 77,
    78, 76, 79, 75, 79, 79, 76, 78, 77, 80, 75, 78, 77, 79, 78, 75, 78,
    77, 80, 77, 77, 76, 76, 78, 76, 78, 77, 76, 80, 76, 78, 76, 77, 79,
    79 ]
