%YAML:1.0
---
videoName: "headShake29.mp4"
gestureLabel: 201
fps: 29
pixelSizeInCmTemp: 3.3263888888888887e-01
faceCenterPointX: 243
faceCenterPointY: 76
headPositionsX: [ 241, 240, 242, 243, 241, 240, 240, 241, 241, 244, 243,
    243, 241, 244, 243, 244, 241, 241, 243, 242, 245, 244, 242, 242, 240,
    238, 238, 238, 239, 239, 244, 244, 252, 253, 252, 253, 253, 254, 247,
    242, 240, 234, 230, 228, 226, 230, 231, 238, 242, 248, 250, 253, 253,
    250, 247, 244, 240, 235, 235, 229, 228, 229, 230, 236, 236, 240, 244,
    249, 249, 254, 249, 252, 247, 245, 243, 241, 236, 236, 236, 232, 232,
    234, 235, 238, 239, 237, 240, 241, 241, 243, 243, 243, 243, 244, 243,
    245, 244, 242, 243, 244 ]
headPositionsY: [ 78, 76, 76, 75, 77, 75, 77, 74, 75, 74, 77, 77, 77, 78,
    74, 74, 75, 75, 78, 76, 77, 78, 77, 77, 74, 78, 75, 74, 74, 76, 75,
    77, 78, 77, 75, 75, 76, 77, 76, 78, 79, 78, 74, 78, 77, 75, 77, 76,
    78, 78, 76, 77, 76, 78, 77, 78, 77, 75, 78, 75, 74, 77, 74, 76, 77,
    77, 77, 76, 74, 75, 73, 76, 75, 74, 77, 75, 77, 77, 76, 73, 74, 74,
    73, 74, 75, 74, 78, 76, 75, 76, 75, 80, 75, 74, 78, 75, 78, 78, 77,
    79 ]
