%YAML:1.0
---
videoName: "headShake8.mp4"
gestureLabel: 201
fps: 29
pixelSizeInCmTemp: 3.2364864864864862e-01
faceCenterPointX: 243
faceCenterPointY: 72
headPositionsX: [ 243, 243, 242, 242, 242, 244, 245, 244, 245, 244, 244,
    246, 244, 245, 242, 241, 244, 245, 242, 246, 243, 246, 244, 246, 245,
    244, 241, 243, 244, 241, 240, 246, 243, 245, 246, 251, 253, 255, 260,
    265, 265, 267, 263, 259, 254, 252, 247, 241, 237, 235, 233, 233, 233,
    236, 242, 247, 256, 260, 259, 258, 259, 253, 252, 244, 242, 238, 233,
    234, 233, 234, 237, 238, 237, 238, 242, 243, 247, 249, 247, 250, 251,
    251, 249, 248, 249, 248, 246, 245, 245, 247, 243, 242, 244, 245, 242,
    242, 244, 245, 241, 245 ]
headPositionsY: [ 72, 73, 71, 70, 72, 72, 73, 71, 73, 73, 70, 74, 74, 72,
    70, 73, 70, 72, 71, 73, 71, 72, 69, 74, 70, 71, 70, 70, 74, 73, 69,
    71, 71, 71, 70, 73, 69, 68, 70, 70, 70, 69, 71, 71, 72, 71, 74, 71,
    71, 70, 71, 71, 73, 73, 73, 70, 70, 71, 71, 68, 68, 69, 70, 70, 74,
    71, 71, 72, 73, 72, 70, 74, 73, 73, 70, 74, 73, 70, 73, 72, 73, 72,
    69, 71, 72, 74, 73, 74, 69, 73, 72, 73, 70, 72, 72, 70, 72, 74, 71,
    72 ]
