%YAML:1.0
---
videoName: "headShake24.mp4"
gestureLabel: 201
fps: 29
pixelSizeInCmTemp: 3.2808219178082193e-01
faceCenterPointX: 240
faceCenterPointY: 78
headPositionsX: [ 239, 250, 249, 251, 253, 255, 256, 256, 255, 253, 250,
    249, 244, 241, 242, 234, 237, 231, 231, 233, 229, 229, 229, 230, 232,
    234, 235, 240, 243, 244, 246, 246, 248, 248, 251, 251, 251, 249, 246,
    244, 242, 245, 239, 238, 236, 235, 236, 236, 234, 235, 236, 234, 237,
    236, 237, 242, 240, 241, 244, 245, 244, 246, 247, 248, 249, 245, 250,
    247, 248, 247, 244, 242, 242, 243, 241, 242, 238, 240, 241, 237, 237,
    239, 241, 238, 240, 240, 237, 237, 238, 241, 239, 240, 238, 241, 243,
    241, 241, 240, 239, 241 ]
headPositionsY: [ 78, 77, 76, 75, 76, 75, 73, 75, 75, 77, 79, 77, 76, 76,
    79, 75, 75, 76, 76, 78, 78, 77, 78, 78, 78, 78, 77, 78, 80, 77, 77,
    78, 75, 80, 79, 79, 78, 77, 77, 77, 78, 77, 76, 79, 78, 79, 77, 78,
    79, 79, 79, 77, 78, 77, 79, 78, 77, 75, 78, 79, 76, 78, 79, 75, 75,
    78, 76, 79, 76, 80, 79, 80, 78, 78, 78, 78, 78, 77, 78, 76, 79, 78,
    78, 80, 78, 75, 77, 79, 77, 79, 77, 78, 77, 77, 76, 76, 78, 79, 80,
    75 ]
