%YAML:1.0
---
videoName: "headShake37.mp4"
gestureLabel: 201
fps: 30
pixelSizeInCmTemp: 3.1933333333333330e-01
faceCenterPointX: 263
faceCenterPointY: 83
headPositionsX: [ 261, 261, 259, 262, 262, 261, 261, 261, 263, 262, 264,
    262, 262, 262, 265, 264, 262, 261, 263, 263, 262, 265, 259, 264, 264,
    260, 261, 262, 261, 261, 261, 262, 259, 264, 261, 262, 264, 260, 262,
    264, 264, 262, 262, 259, 259, 260, 259, 263, 267, 271, 276, 275, 279,
    279, 282, 277, 270, 268, 257, 256, 251, 251, 257, 256, 260, 268, 272,
    273, 273, 274, 266, 265, 263, 259, 253, 253, 253, 254, 256, 259, 257,
    261, 261, 266, 264, 268, 265, 264, 264, 268, 266, 262, 265, 265, 263,
    262, 262, 264, 262, 261 ]
headPositionsY: [ 83, 80, 85, 86, 82, 84, 85, 84, 81, 81, 81, 81, 82, 83,
    82, 83, 82, 82, 82, 82, 83, 84, 83, 82, 86, 83, 81, 85, 83, 81, 84,
    85, 84, 83, 84, 85, 84, 83, 84, 85, 81, 85, 81, 81, 81, 81, 82, 84,
    84, 80, 80, 79, 78, 78, 79, 81, 82, 85, 83, 83, 83, 79, 84, 80, 84,
    84, 79, 79, 82, 82, 80, 81, 84, 81, 81, 83, 84, 83, 85, 83, 83, 80,
    85, 83, 82, 81, 85, 80, 84, 82, 84, 82, 81, 82, 84, 85, 82, 81, 84,
    84 ]
