%YAML:1.0
---
videoName: "headShake19.mp4"
gestureLabel: 201
fps: 29
pixelSizeInCmTemp: 3.1933333333333330e-01
faceCenterPointX: 243
faceCenterPointY: 78
headPositionsX: [ 243, 245, 243, 246, 244, 242, 243, 245, 243, 243, 245,
    246, 241, 243, 244, 245, 242, 245, 241, 244, 243, 241, 242, 243, 243,
    244, 240, 242, 244, 245, 240, 243, 243, 241, 243, 238, 237, 238, 234,
    232, 235, 233, 238, 242, 246, 252, 257, 257, 259, 253, 250, 246, 239,
    234, 233, 232, 235, 235, 237, 243, 244, 248, 247, 248, 246, 246, 242,
    240, 236, 236, 235, 236, 236, 238, 241, 242, 243, 246, 246, 246, 245,
    245, 240, 240, 241, 243, 240, 240, 241, 238, 241, 244, 244, 244, 242,
    244, 246, 244, 243, 242 ]
headPositionsY: [ 78, 76, 74, 78, 77, 76, 76, 78, 79, 76, 75, 79, 75, 75,
    76, 74, 76, 75, 74, 77, 74, 76, 76, 79, 77, 79, 77, 74, 78, 78, 79,
    79, 78, 79, 77, 77, 78, 76, 76, 77, 75, 78, 75, 79, 75, 76, 77, 75,
    78, 77, 76, 79, 76, 75, 75, 75, 75, 78, 79, 76, 75, 75, 75, 76, 77,
    80, 78, 75, 77, 77, 78, 76, 78, 76, 75, 76, 79, 79, 78, 78, 76, 79,
    74, 78, 80, 79, 78, 79, 77, 80, 78, 77, 76, 77, 77, 77, 77, 77, 78,
    76 ]
