%YAML:1.0
---
videoName: "headShake45.mp4"
gestureLabel: 201
fps: 30
pixelSizeInCmTemp: 3.3263888888888887e-01
faceCenterPointX: 262
faceCenterPointY: 84
headPositionsX: [ 261, 262, 264, 260, 260, 263, 261, 262, 261, 262, 261,
    263, 263, 265, 264, 264, 265, 262, 263, 260, 261, 261, 263, 261, 264,
    261, 259, 263, 261, 263, 263, 263, 260, 261, 263, 260, 260, 261, 259,
    257, 253, 256, 259, 265, 269, 276, 280, 284, 278, 277, 270, 267, 261,
    253, 252, 256, 259, 260, 269, 272, 275, 273, 273, 270, 266, 259, 255,
    257, 254, 262, 263, 269, 270, 269, 271, 269, 263, 258, 255, 255, 259,
    258, 261, 260, 263, 262, 265, 261, 258, 259, 262, 263, 261, 261, 263,
    263, 265, 262, 263, 261 ]
headPositionsY: [ 86, 81, 82, 83, 81, 83, 82, 80, 80, 83, 80, 81, 83, 84,
    82, 80, 80, 85, 82, 83, 81, 79, 85, 81, 80, 82, 84, 84, 84, 84, 82,
    81, 81, 81, 84, 80, 85, 83, 81, 82, 82, 83, 82, 82, 80, 82, 82, 82,
    81, 78, 83, 85, 82, 83, 82, 83, 81, 81, 81, 82, 83, 82, 81, 82, 83,
    85, 83, 82, 82, 81, 84, 81, 81, 79, 81, 80, 81, 84, 83, 81, 85, 81,
    81, 83, 86, 81, 84, 85, 86, 81, 84, 85, 84, 84, 83, 84, 84, 83, 83,
    82 ]
