%YAML:1.0
---
videoName: "headShake9.mp4"
gestureLabel: 201
fps: 30
pixelSizeInCmTemp: 3.2808219178082193e-01
faceCenterPointX: 243
faceCenterPointY: 73
headPositionsX: [ 244, 243, 242, 241, 245, 240, 245, 245, 243, 241, 242,
    243, 240, 241, 245, 242, 244, 244, 243, 241, 242, 244, 241, 244, 242,
    243, 243, 243, 245, 244, 241, 244, 242, 244, 245, 242, 242, 243, 241,
    243, 245, 249, 253, 259, 263, 260, 265, 265, 261, 257, 253, 246, 243,
    240, 232, 230, 229, 230, 230, 238, 239, 248, 253, 259, 260, 263, 260,
    260, 254, 250, 243, 236, 232, 228, 231, 228, 227, 233, 235, 238, 244,
    247, 251, 250, 251, 249, 252, 249, 248, 246, 244, 244, 243, 246, 246,
    242, 244, 242, 241, 241 ]
headPositionsY: [ 74, 72, 71, 72, 71, 72, 71, 72, 73, 73, 70, 71, 72, 70,
    70, 71, 72, 71, 71, 73, 74, 70, 70, 73, 72, 71, 72, 74, 75, 74, 70,
    72, 73, 71, 72, 70, 70, 70, 71, 75, 74, 71, 70, 70, 71, 68, 68, 71,
    73, 71, 75, 73, 75, 73, 72, 74, 70, 70, 73, 72, 74, 71, 70, 70, 67,
    70, 69, 71, 72, 73, 73, 71, 71, 74, 75, 72, 72, 70, 72, 71, 74, 74,
    71, 74, 74, 71, 71, 73, 72, 72, 71, 75, 72, 71, 75, 75, 74, 71, 72,
    71 ]
