%YAML:1.0
---
videoName: "headShake6.mp4"
gestureLabel: 201
fps: 29
pixelSizeInCmTemp: 3.2808219178082193e-01
faceCenterPointX: 244
faceCenterPointY: 68
headPositionsX: [ 244, 245, 244, 245, 245, 245, 246, 247, 248, 245, 243,
    244, 244, 246, 246, 246, 244, 248, 243, 244, 246, 247, 245, 243, 243,
    245, 243, 247, 248, 251, 256, 260, 262, 261, 264, 259, 258, 250, 245,
    244, 236, 233, 232, 231, 232, 239, 241, 248, 255, 257, 257, 257, 254,
    252, 246, 242, 236, 234, 231, 230, 230, 235, 235, 240, 246, 246, 249,
    251, 249, 249, 247, 242, 241, 241, 239, 239, 237, 240, 240, 242, 240,
    240, 242, 241, 246, 243, 243, 244, 244, 245, 242, 243, 243, 242, 243,
    246, 245, 242, 246, 246 ]
headPositionsY: [ 69, 65, 65, 66, 64, 66, 66, 67, 69, 66, 67, 66, 66, 68,
    68, 64, 65, 66, 66, 67, 68, 68, 68, 65, 68, 65, 67, 67, 67, 65, 64,
    64, 65, 66, 69, 63, 65, 67, 68, 70, 71, 68, 69, 67, 67, 68, 70, 68,
    68, 67, 67, 65, 66, 69, 67, 70, 67, 65, 69, 65, 66, 66, 67, 69, 69,
    69, 66, 68, 65, 66, 66, 70, 67, 70, 65, 67, 68, 67, 68, 69, 67, 70,
    70, 70, 67, 69, 69, 67, 66, 70, 66, 71, 70, 70, 70, 69, 68, 67, 68,
    66 ]
