%YAML:1.0
---
videoName: "headShake28.mp4"
gestureLabel: 201
fps: 29
pixelSizeInCmTemp: 3.2808219178082193e-01
faceCenterPointX: 242
faceCenterPointY: 80
headPositionsX: [ 243, 240, 244, 240, 239, 240, 242, 241, 242, 239, 239,
    239, 240, 243, 243, 243, 240, 241, 239, 243, 243, 241, 243, 242, 242,
    244, 243, 240, 240, 243, 241, 242, 242, 243, 241, 244, 245, 240, 244,
    245, 245, 246, 245, 242, 243, 244, 244, 246, 244, 243, 238, 233, 234,
    230, 233, 233, 237, 242, 251, 253, 255, 257, 254, 248, 248, 243, 235,
    233, 234, 234, 236, 242, 246, 250, 250, 255, 252, 252, 251, 248, 242,
    238, 240, 238, 234, 239, 238, 241, 241, 240, 244, 243, 240, 243, 241,
    243, 244, 241, 240, 243 ]
headPositionsY: [ 78, 74, 75, 75, 79, 75, 76, 78, 76, 79, 80, 79, 80, 81,
    77, 79, 81, 80, 79, 76, 77, 77, 80, 80, 77, 79, 78, 79, 79, 78, 80,
    78, 80, 75, 77, 77, 79, 79, 75, 78, 79, 75, 76, 78, 77, 80, 79, 77,
    77, 76, 78, 77, 77, 77, 75, 76, 76, 79, 76, 79, 77, 77, 75, 80, 80,
    79, 79, 77, 76, 81, 80, 80, 77, 81, 78, 78, 76, 80, 76, 79, 79, 78,
    77, 80, 79, 76, 77, 81, 81, 77, 80, 79, 78, 82, 78, 78, 77, 80, 80,
    81 ]
