%YAML:1.0
---
videoName: "headShake0.mp4"
gestureLabel: 201
fps: 29
pixelSizeInCmTemp: 3.2808219178082193e-01
faceCenterPointX: 279
faceCenterPointY: 94
headPositionsX: [ 279, 281, 280, 279, 279, 279, 278, 280, 278, 278, 280,
    278, 277, 278, 276, 281, 279, 281, 279, 280, 278, 278, 280, 280, 278,
    280, 281, 281, 278, 279, 278, 279, 277, 278, 278, 276, 278, 276, 280,
    281, 278, 281, 287, 285, 293, 294, 299, 300, 303, 302, 296, 292, 287,
    282, 278, 277, 273, 273, 274, 275, 283, 288, 291, 288, 290, 290, 285,
    282, 279, 276, 273, 273, 273, 278, 281, 282, 284, 283, 284, 284, 280,
    280, 275, 274, 273, 275, 279, 278, 277, 279, 281, 280, 278, 277, 278,
    279, 281, 279, 279, 279 ]
headPositionsY: [ 93, 94, 94, 94, 95, 91, 92, 91, 91, 93, 94, 91, 93, 91,
    95, 94, 91, 94, 91, 95, 94, 92, 93, 92, 91, 94, 94, 94, 94, 93, 94,
    94, 91, 95, 95, 93, 94, 92, 92, 95, 94, 92, 90, 91, 90, 88, 93, 89,
    93, 91, 91, 92, 91, 93, 94, 94, 92, 95, 94, 92, 91, 91, 92, 93, 93,
    93, 91, 91, 94, 93, 92, 92, 93, 95, 92, 93, 95, 91, 95, 94, 92, 93,
    91, 94, 95, 91, 96, 95, 96, 95, 95, 93, 96, 95, 96, 93, 94, 94, 92,
    95 ]
