%YAML:1.0
---
videoName: "headShake1.mp4"
gestureLabel: 201
fps: 29
pixelSizeInCmTemp: 3.3263888888888887e-01
faceCenterPointX: 279
faceCenterPointY: 98
headPositionsX: [ 281, 278, 280, 279, 279, 280, 277, 281, 277, 278, 278,
    277, 278, 278, 279, 279, 278, 280, 279, 280, 281, 281, 280, 278, 281,
    279, 279, 280, 282, 284, 287, 287, 291, 291, 294, 294, 290, 287, 288,
    280, 277, 273, 272, 270, 270, 268, 269, 276, 278, 287, 290, 290, 292,
    291, 292, 288, 284, 281, 275, 269, 268, 268, 267, 269, 274, 275, 285,
    284, 289, 291, 293, 289, 291, 286, 283, 279, 275, 275, 272, 269, 268,
    273, 269, 272, 272, 273, 276, 276, 275, 276, 280, 281, 282, 280, 281,
    281, 281, 280, 278, 280 ]
headPositionsY: [ 96, 96, 99, 96, 96, 96, 95, 95, 97, 96, 99, 99, 95,
    100, 97, 95, 99, 97, 96, 98, 96, 96, 97, 96, 100, 97, 99, 99, 96, 98,
    97, 94, 94, 94, 98, 96, 95, 94, 96, 99, 98, 97, 96, 95, 97, 96, 93,
    96, 96, 96, 94, 95, 94, 96, 97, 94, 98, 96, 99, 96, 95, 94, 95, 95,
    95, 94, 98, 96, 97, 97, 93, 94, 96, 96, 96, 98, 95, 99, 98, 96, 95,
    98, 96, 96, 100, 96, 95, 100, 96, 96, 99, 99, 100, 96, 97, 97, 98,
    99, 97, 96 ]
