%YAML:1.0
---
videoName: "headShake25.mp4"
gestureLabel: 201
fps: 30
pixelSizeInCmTemp: 3.2364864864864862e-01
faceCenterPointX: 241
faceCenterPointY: 79
headPositionsX: [ 241, 255, 254, 253, 252, 251, 247, 250, 244, 242, 240,
    236, 235, 236, 232, 233, 230, 230, 230, 230, 232, 232, 235, 238, 240,
    240, 246, 248, 250, 251, 249, 250, 247, 250, 248, 244, 245, 238, 238,
    235, 233, 232, 231, 231, 231, 228, 231, 231, 233, 239, 238, 239, 245,
    246, 245, 248, 252, 252, 252, 250, 252, 251, 248, 247, 243, 244, 241,
    236, 239, 237, 234, 234, 235, 234, 236, 236, 235, 237, 235, 237, 238,
    237, 240, 243, 243, 241, 244, 245, 241, 240, 243, 241, 240, 241, 239,
    241, 240, 240, 243, 240 ]
headPositionsY: [ 77, 79, 79, 78, 78, 75, 75, 77, 76, 79, 79, 79, 76, 76,
    79, 78, 77, 76, 79, 78, 76, 80, 77, 79, 76, 78, 81, 76, 78, 76, 80,
    77, 79, 78, 78, 78, 78, 78, 79, 80, 77, 79, 76, 77, 77, 77, 80, 78,
    79, 77, 81, 76, 78, 77, 77, 79, 82, 75, 79, 77, 77, 78, 81, 77, 77,
    77, 78, 78, 76, 78, 78, 80, 78, 77, 77, 79, 80, 77, 80, 76, 81, 76,
    77, 77, 80, 81, 80, 81, 81, 78, 79, 81, 81, 78, 79, 78, 78, 77, 78,
    81 ]
