%YAML:1.0
---
videoName: "headShake47.mp4"
gestureLabel: 201
fps: 29
pixelSizeInCmTemp: 3.2364864864864862e-01
faceCenterPointX: 258
faceCenterPointY: 86
headPositionsX: [ 259, 261, 262, 259, 260, 258, 260, 261, 259, 261, 259,
    259, 259, 259, 262, 261, 260, 259, 262, 262, 259, 259, 258, 261, 261,
    259, 261, 259, 262, 261, 262, 261, 260, 261, 255, 255, 252, 253, 249,
    249, 249, 252, 253, 253, 261, 264, 265, 266, 263, 265, 257, 256, 251,
    252, 256, 258, 264, 263, 268, 265, 260, 256, 252, 251, 253, 253, 256,
    259, 262, 264, 262, 260, 256, 253, 255, 253, 255, 258, 262, 266, 264,
    260, 259, 258, 253, 256, 256, 254, 255, 259, 259, 258, 255, 257, 258,
    258, 259, 259, 257, 256 ]
headPositionsY: [ 86, 85, 83, 87, 87, 84, 84, 86, 84, 83, 87, 87, 85, 85,
    84, 87, 85, 85, 85, 88, 82, 84, 87, 85, 86, 83, 84, 84, 85, 85, 86,
    83, 86, 86, 84, 85, 86, 87, 85, 83, 85, 84, 89, 86, 86, 86, 89, 90,
    87, 88, 90, 90, 91, 87, 89, 91, 91, 86, 88, 86, 86, 86, 85, 85, 85,
    86, 87, 89, 86, 88, 88, 86, 85, 88, 86, 86, 88, 84, 87, 87, 89, 88,
    88, 86, 87, 86, 85, 85, 86, 88, 85, 86, 88, 85, 86, 86, 86, 85, 85,
    84 ]
