%YAML:1.0
---
videoName: "headShake24.mp4"
gestureLabel: 201
fps: 29
pixelSizeInCmTemp: 3.2808219178082193e-01
faceCenterPointX: 240
faceCenterPointY: 78
headPositionsX: [ 242, 251, 249, 252, 252, 254, 255, 254, 253, 249, 249,
    247, 242, 244, 241, 238, 237, 233, 231, 231, 230, 227, 233, 232, 234,
    236, 235, 240, 241, 244, 244, 245, 247, 251, 249, 249, 249, 247, 245,
    248, 244, 245, 243, 239, 238, 234, 235, 233, 234, 234, 237, 232, 235,
    237, 237, 241, 240, 242, 245, 245, 245, 245, 245, 247, 246, 248, 250,
    249, 247, 245, 244, 242, 242, 240, 243, 241, 238, 240, 238, 237, 238,
    241, 238, 242, 239, 240, 240, 238, 241, 237, 241, 241, 242, 242, 243,
    238, 241, 241, 240, 238 ]
headPositionsY: [ 79, 74, 75, 73, 77, 77, 77, 75, 75, 78, 79, 75, 78, 79,
    79, 77, 76, 78, 76, 79, 75, 76, 79, 79, 78, 79, 75, 79, 80, 77, 74,
    79, 77, 76, 77, 77, 76, 76, 79, 78, 79, 80, 76, 80, 77, 79, 77, 79,
    76, 76, 77, 76, 77, 79, 79, 79, 80, 78, 81, 76, 78, 79, 78, 76, 79,
    78, 77, 79, 75, 80, 75, 80, 79, 79, 78, 75, 77, 76, 75, 76, 79, 77,
    79, 76, 77, 77, 79, 79, 79, 77, 80, 80, 77, 77, 77, 79, 80, 79, 79,
    78 ]
