%YAML:1.0
---
videoName: "headShake36.mp4"
gestureLabel: 201
fps: 29
pixelSizeInCmTemp: 3.2364864864864862e-01
faceCenterPointX: 263
faceCenterPointY: 80
headPositionsX: [ 265, 266, 261, 262, 262, 263, 266, 266, 272, 272, 272,
    277, 277, 282, 281, 281, 282, 282, 282, 277, 278, 272, 267, 269, 262,
    261, 254, 253, 249, 251, 245, 245, 244, 245, 247, 243, 245, 250, 247,
    253, 255, 261, 267, 267, 271, 272, 274, 278, 281, 281, 279, 279, 278,
    275, 274, 271, 271, 267, 264, 258, 253, 253, 251, 250, 250, 247, 248,
    250, 252, 251, 255, 256, 258, 264, 261, 265, 264, 267, 266, 267, 267,
    265, 265, 265, 265, 264, 264, 263, 264, 266, 262, 265, 263, 263, 261,
    263, 262, 265, 265, 264 ]
headPositionsY: [ 82, 80, 79, 82, 81, 78, 80, 79, 81, 77, 78, 78, 78, 77,
    74, 79, 77, 75, 80, 78, 78, 82, 81, 82, 82, 80, 79, 77, 80, 81, 80,
    83, 81, 83, 83, 79, 79, 78, 82, 79, 83, 82, 82, 83, 78, 79, 80, 80,
    77, 80, 78, 76, 78, 81, 76, 77, 80, 80, 80, 82, 78, 79, 80, 78, 80,
    79, 80, 81, 78, 80, 81, 79, 81, 83, 83, 80, 81, 79, 79, 81, 81, 80,
    80, 77, 79, 79, 79, 81, 80, 80, 81, 82, 83, 78, 83, 79, 82, 79, 78,
    80 ]
