%YAML:1.0
---
videoName: "headShake9.mp4"
gestureLabel: 201
fps: 30
pixelSizeInCmTemp: 3.2808219178082193e-01
faceCenterPointX: 243
faceCenterPointY: 73
headPositionsX: [ 245, 242, 241, 241, 244, 244, 243, 243, 241, 244, 242,
    245, 242, 242, 245, 241, 241, 242, 242, 241, 244, 243, 241, 242, 241,
    242, 240, 245, 243, 245, 242, 245, 241, 241, 241, 245, 240, 241, 243,
    242, 247, 252, 252, 255, 263, 261, 263, 267, 262, 258, 255, 248, 245,
    239, 232, 231, 229, 229, 232, 238, 242, 245, 252, 258, 261, 262, 261,
    259, 254, 252, 245, 239, 234, 230, 228, 229, 228, 234, 237, 241, 247,
    250, 252, 250, 252, 252, 250, 247, 249, 248, 245, 245, 246, 243, 246,
    243, 244, 242, 243, 245 ]
headPositionsY: [ 72, 72, 70, 71, 72, 70, 71, 74, 73, 72, 72, 72, 74, 72,
    70, 74, 70, 71, 70, 74, 71, 73, 74, 71, 71, 74, 70, 70, 74, 75, 70,
    71, 72, 74, 70, 73, 74, 73, 74, 74, 73, 74, 73, 70, 70, 69, 69, 69,
    69, 72, 74, 74, 72, 73, 73, 74, 73, 71, 73, 71, 72, 72, 73, 70, 71,
    71, 69, 73, 70, 74, 71, 73, 73, 71, 75, 69, 72, 71, 72, 72, 72, 72,
    70, 72, 72, 71, 70, 72, 75, 72, 72, 75, 73, 74, 71, 74, 73, 71, 73,
    74 ]
