%YAML:1.0
---
videoName: "headShake37.mp4"
gestureLabel: 201
fps: 30
pixelSizeInCmTemp: 3.1933333333333330e-01
faceCenterPointX: 263
faceCenterPointY: 83
headPositionsX: [ 261, 260, 260, 260, 261, 260, 262, 261, 262, 264, 264,
    261, 261, 264, 265, 262, 262, 262, 261, 263, 260, 264, 259, 263, 263,
    261, 260, 260, 262, 261, 261, 263, 259, 261, 261, 262, 264, 261, 261,
    262, 260, 262, 260, 263, 262, 259, 259, 266, 268, 269, 272, 279, 282,
    282, 279, 275, 272, 268, 259, 254, 254, 252, 253, 257, 262, 269, 270,
    272, 274, 274, 268, 265, 261, 255, 256, 251, 252, 253, 257, 255, 260,
    263, 263, 265, 267, 264, 265, 264, 267, 268, 264, 262, 265, 265, 262,
    265, 261, 263, 262, 261 ]
headPositionsY: [ 85, 84, 84, 82, 85, 81, 82, 84, 82, 84, 82, 83, 84, 85,
    81, 81, 82, 83, 81, 82, 81, 85, 82, 83, 84, 84, 82, 83, 85, 81, 83,
    83, 83, 83, 82, 84, 84, 85, 85, 85, 84, 81, 83, 85, 84, 82, 81, 83,
    85, 80, 80, 78, 78, 82, 83, 80, 80, 84, 84, 84, 80, 83, 83, 83, 80,
    82, 83, 78, 81, 83, 81, 85, 82, 84, 82, 84, 84, 82, 85, 83, 84, 84,
    85, 83, 85, 85, 83, 84, 82, 84, 85, 82, 81, 83, 81, 84, 82, 81, 85,
    83 ]
