%YAML:1.0
---
videoName: "headShake9.mp4"
gestureLabel: 201
fps: 30
pixelSizeInCmTemp: 3.2808219178082193e-01
faceCenterPointX: 243
faceCenterPointY: 73
headPositionsX: [ 245, 244, 243, 243, 245, 244, 245, 242, 245, 245, 244,
    242, 243, 245, 243, 243, 243, 241, 244, 243, 243, 243, 241, 243, 244,
    242, 244, 245, 245, 241, 243, 244, 243, 245, 242, 245, 243, 242, 245,
    242, 249, 251, 254, 257, 262, 260, 262, 267, 262, 259, 253, 249, 242,
    237, 233, 230, 230, 227, 231, 235, 241, 247, 253, 258, 261, 260, 262,
    260, 254, 252, 242, 237, 234, 232, 229, 227, 229, 232, 239, 242, 246,
    247, 249, 252, 253, 248, 251, 247, 250, 245, 246, 246, 247, 243, 244,
    243, 244, 243, 244, 245 ]
headPositionsY: [ 71, 74, 72, 73, 72, 73, 70, 72, 74, 73, 70, 70, 70, 70,
    70, 72, 74, 74, 74, 73, 72, 70, 72, 74, 74, 72, 70, 70, 73, 72, 73,
    74, 72, 71, 71, 72, 73, 74, 74, 74, 74, 74, 70, 69, 71, 70, 71, 71,
    73, 69, 73, 74, 71, 75, 72, 70, 71, 73, 72, 71, 75, 70, 70, 69, 68,
    72, 70, 73, 71, 73, 73, 72, 72, 71, 75, 70, 74, 73, 75, 74, 75, 75,
    72, 72, 71, 75, 70, 73, 75, 74, 71, 71, 74, 74, 74, 72, 74, 73, 75,
    75 ]
