%YAML:1.0
---
videoName: "headShake24.mp4"
gestureLabel: 201
fps: 29
pixelSizeInCmTemp: 3.2808219178082193e-01
faceCenterPointX: 240
faceCenterPointY: 78
headPositionsX: [ 239, 250, 250, 250, 251, 252, 254, 253, 254, 249, 249,
    245, 245, 242, 240, 234, 237, 232, 234, 233, 229, 230, 230, 231, 232,
    233, 238, 237, 239, 241, 244, 246, 247, 249, 249, 248, 249, 250, 245,
    245, 246, 242, 243, 237, 238, 237, 233, 233, 234, 231, 236, 236, 238,
    236, 240, 240, 241, 243, 246, 247, 246, 244, 249, 247, 248, 245, 246,
    246, 246, 245, 245, 242, 243, 242, 239, 240, 237, 241, 241, 240, 237,
    240, 240, 242, 236, 239, 238, 241, 242, 237, 241, 238, 239, 238, 240,
    237, 240, 239, 240, 242 ]
headPositionsY: [ 76, 77, 76, 73, 74, 73, 77, 77, 79, 76, 75, 76, 80, 77,
    78, 75, 76, 78, 79, 75, 76, 79, 80, 76, 78, 78, 78, 75, 80, 76, 76,
    77, 79, 76, 76, 77, 80, 77, 76, 79, 76, 77, 77, 77, 77, 78, 77, 79,
    79, 78, 80, 79, 78, 76, 77, 76, 77, 77, 80, 76, 76, 80, 76, 75, 78,
    77, 76, 77, 77, 77, 77, 77, 76, 75, 79, 74, 77, 78, 78, 76, 76, 75,
    78, 77, 77, 76, 79, 76, 80, 78, 79, 80, 77, 76, 78, 75, 77, 77, 77,
    78 ]
