%YAML:1.0
---
videoName: "headShake36.mp4"
gestureLabel: 201
fps: 29
pixelSizeInCmTemp: 3.2364864864864862e-01
faceCenterPointX: 263
faceCenterPointY: 80
headPositionsX: [ 264, 263, 262, 264, 264, 262, 267, 267, 272, 274, 276,
    278, 277, 281, 281, 281, 283, 280, 279, 278, 274, 274, 271, 268, 261,
    260, 254, 255, 250, 248, 245, 247, 246, 243, 249, 246, 249, 247, 250,
    251, 259, 260, 266, 268, 272, 273, 276, 278, 278, 281, 281, 283, 280,
    277, 274, 271, 269, 266, 262, 260, 255, 253, 253, 250, 251, 249, 247,
    250, 253, 252, 256, 257, 259, 260, 262, 263, 264, 267, 267, 267, 267,
    267, 264, 267, 268, 267, 265, 265, 264, 267, 266, 263, 262, 262, 263,
    265, 261, 263, 262, 262 ]
headPositionsY: [ 79, 78, 77, 78, 80, 82, 78, 80, 79, 76, 77, 79, 77, 79,
    76, 75, 76, 78, 77, 78, 77, 81, 80, 84, 81, 81, 83, 79, 78, 81, 83,
    82, 80, 81, 82, 82, 83, 81, 79, 82, 81, 80, 82, 80, 80, 80, 81, 77,
    78, 76, 79, 78, 80, 81, 78, 80, 83, 81, 83, 82, 79, 82, 81, 77, 79,
    78, 78, 82, 80, 81, 79, 80, 81, 83, 81, 80, 83, 80, 80, 79, 78, 83,
    79, 79, 82, 81, 81, 82, 80, 79, 80, 83, 83, 80, 80, 78, 78, 80, 78,
    82 ]
