%YAML:1.0
---
videoName: "headShake29.mp4"
gestureLabel: 201
fps: 29
pixelSizeInCmTemp: 3.3263888888888887e-01
faceCenterPointX: 243
faceCenterPointY: 76
headPositionsX: [ 245, 244, 240, 243, 243, 242, 241, 241, 244, 240, 244,
    242, 241, 241, 241, 244, 241, 240, 242, 243, 243, 240, 244, 241, 239,
    239, 241, 235, 236, 238, 245, 248, 253, 254, 256, 256, 257, 253, 249,
    242, 239, 232, 231, 227, 226, 230, 231, 240, 242, 246, 250, 254, 251,
    253, 248, 247, 242, 239, 231, 232, 229, 227, 229, 235, 240, 240, 244,
    250, 249, 254, 249, 250, 249, 244, 244, 239, 239, 236, 235, 233, 235,
    233, 234, 239, 238, 237, 241, 243, 243, 243, 244, 241, 242, 242, 245,
    242, 244, 244, 241, 244 ]
headPositionsY: [ 78, 75, 73, 78, 75, 77, 73, 76, 78, 77, 74, 78, 77, 76,
    73, 75, 77, 77, 76, 77, 77, 75, 74, 76, 76, 77, 78, 74, 78, 79, 78,
    74, 75, 75, 76, 75, 76, 76, 73, 77, 77, 77, 75, 77, 74, 75, 74, 74,
    75, 79, 75, 74, 76, 74, 78, 76, 76, 78, 76, 79, 78, 75, 74, 74, 78,
    77, 75, 77, 76, 78, 73, 77, 76, 76, 75, 74, 74, 77, 74, 77, 76, 76,
    77, 75, 76, 77, 74, 76, 76, 75, 73, 78, 77, 78, 75, 78, 77, 75, 76,
    77 ]
