%YAML:1.0
---
videoName: "headShake41.mp4"
gestureLabel: 201
fps: 29
pixelSizeInCmTemp: 3.2364864864864862e-01
faceCenterPointX: 264
faceCenterPointY: 85
headPositionsX: [ 264, 259, 260, 263, 262, 262, 262, 261, 262, 262, 261,
    261, 263, 262, 260, 262, 259, 261, 261, 259, 263, 261, 262, 267, 268,
    271, 269, 274, 272, 278, 279, 277, 279, 281, 280, 284, 279, 278, 279,
    277, 274, 268, 265, 260, 257, 253, 249, 249, 246, 248, 245, 246, 246,
    248, 250, 251, 251, 255, 258, 262, 266, 268, 268, 272, 274, 277, 278,
    280, 277, 277, 279, 278, 274, 271, 273, 270, 268, 266, 267, 267, 265,
    265, 265, 263, 262, 265, 264, 262, 259, 262, 261, 262, 263, 264, 260,
    261, 262, 263, 261, 265 ]
headPositionsY: [ 87, 81, 82, 86, 85, 83, 80, 84, 86, 81, 82, 81, 83, 84,
    83, 83, 83, 86, 82, 82, 83, 86, 82, 84, 83, 81, 80, 84, 81, 80, 83,
    82, 81, 78, 79, 79, 81, 82, 81, 80, 84, 81, 82, 84, 83, 82, 86, 86,
    84, 80, 82, 82, 82, 86, 85, 86, 84, 86, 85, 86, 84, 82, 85, 82, 81,
    84, 82, 84, 82, 84, 85, 86, 83, 85, 83, 83, 87, 85, 86, 82, 86, 82,
    86, 85, 83, 83, 85, 87, 82, 85, 84, 87, 87, 86, 84, 85, 84, 82, 84,
    85 ]
