%YAML:1.0
---
videoName: "headShake9.mp4"
gestureLabel: 201
fps: 30
pixelSizeInCmTemp: 3.2808219178082193e-01
faceCenterPointX: 243
faceCenterPointY: 73
headPositionsX: [ 244, 242, 243, 243, 244, 241, 246, 243, 244, 243, 242,
    241, 243, 244, 244, 242, 244, 243, 241, 245, 244, 241, 244, 244, 241,
    243, 244, 241, 241, 244, 244, 244, 242, 242, 244, 245, 243, 242, 244,
    243, 245, 250, 251, 258, 260, 264, 265, 266, 260, 257, 254, 250, 244,
    240, 231, 232, 226, 227, 233, 235, 241, 245, 252, 258, 259, 259, 262,
    256, 254, 250, 244, 240, 235, 228, 228, 226, 226, 233, 237, 240, 245,
    246, 248, 252, 251, 248, 249, 247, 248, 246, 244, 244, 244, 244, 246,
    243, 246, 243, 242, 245 ]
headPositionsY: [ 72, 72, 73, 70, 70, 72, 71, 74, 72, 73, 72, 70, 74, 70,
    72, 71, 71, 71, 71, 72, 71, 72, 71, 71, 74, 73, 74, 70, 75, 71, 70,
    72, 75, 70, 73, 72, 70, 70, 74, 72, 73, 74, 69, 70, 71, 70, 71, 72,
    72, 72, 73, 74, 72, 71, 73, 71, 72, 74, 73, 72, 74, 70, 70, 72, 68,
    69, 71, 73, 74, 70, 70, 73, 73, 72, 74, 70, 70, 70, 75, 71, 71, 72,
    72, 71, 75, 75, 73, 75, 71, 72, 71, 75, 74, 75, 71, 71, 73, 74, 72,
    74 ]
