%YAML:1.0
---
videoName: "headShake4.mp4"
gestureLabel: 201
fps: 30
pixelSizeInCmTemp: 3.2364864864864862e-01
faceCenterPointX: 237
faceCenterPointY: 101
headPositionsX: [ 236, 240, 245, 249, 253, 254, 255, 252, 253, 248, 245,
    239, 231, 226, 223, 222, 227, 229, 238, 243, 248, 249, 252, 252, 250,
    244, 242, 235, 232, 222, 225, 225, 223, 227, 236, 241, 248, 250, 253,
    255, 254, 250, 245, 244, 238, 229, 231, 226, 223, 224, 226, 230, 235,
    240, 244, 246, 247, 248, 249, 247, 245, 246, 241, 237, 236, 231, 229,
    231, 229, 231, 232, 236, 236, 236, 238, 238, 242, 243, 241, 241, 241,
    241, 238, 239, 236, 235, 237, 236, 238, 237, 236, 235, 237, 238, 235,
    238, 235, 235, 235, 235 ]
headPositionsY: [ 103, 100, 100, 96, 98, 96, 100, 96, 98, 98, 101, 99,
    99, 97, 100, 96, 95, 100, 101, 98, 96, 101, 100, 96, 97, 100, 101,
    99, 98, 96, 100, 98, 97, 99, 99, 102, 98, 98, 99, 101, 100, 99, 97,
    100, 99, 100, 101, 101, 102, 99, 98, 100, 100, 102, 99, 101, 97, 102,
    97, 98, 102, 98, 100, 100, 98, 101, 98, 100, 100, 100, 100, 98, 100,
    102, 102, 99, 102, 100, 100, 103, 102, 101, 99, 100, 98, 102, 98,
    102, 100, 100, 97, 100, 100, 101, 102, 103, 98, 102, 100, 100 ]
