%YAML:1.0
---
videoName: "headShake26.mp4"
gestureLabel: 201
fps: 30
pixelSizeInCmTemp: 3.2808219178082193e-01
faceCenterPointX: 243
faceCenterPointY: 78
headPositionsX: [ 242, 241, 239, 239, 239, 242, 243, 246, 248, 246, 248,
    249, 251, 249, 251, 250, 253, 248, 246, 243, 243, 235, 233, 232, 231,
    228, 226, 232, 228, 231, 233, 235, 238, 239, 248, 246, 249, 250, 251,
    255, 254, 252, 251, 247, 246, 240, 239, 235, 232, 230, 229, 230, 230,
    231, 233, 234, 235, 237, 240, 245, 246, 252, 252, 253, 252, 253, 253,
    250, 250, 248, 244, 242, 242, 241, 238, 237, 238, 236, 237, 238, 239,
    239, 239, 238, 241, 242, 242, 242, 244, 241, 243, 243, 243, 242, 244,
    244, 246, 244, 244, 243 ]
headPositionsY: [ 79, 75, 75, 79, 74, 78, 76, 79, 79, 77, 80, 76, 78, 79,
    78, 78, 80, 79, 80, 78, 79, 79, 79, 75, 77, 77, 76, 76, 76, 77, 74,
    77, 76, 79, 80, 76, 79, 79, 76, 75, 77, 79, 77, 76, 77, 80, 79, 76,
    77, 79, 75, 77, 75, 78, 74, 75, 78, 76, 78, 77, 80, 76, 79, 79, 77,
    76, 77, 76, 77, 79, 79, 80, 78, 80, 78, 78, 79, 76, 77, 76, 77, 78,
    77, 80, 78, 78, 81, 76, 77, 79, 78, 79, 80, 78, 80, 80, 77, 80, 77,
    78 ]
