%YAML:1.0
---
videoName: "headShake4.mp4"
gestureLabel: 201
fps: 30
pixelSizeInCmTemp: 3.2364864864864862e-01
faceCenterPointX: 237
faceCenterPointY: 101
headPositionsX: [ 238, 241, 245, 249, 252, 256, 256, 253, 255, 250, 243,
    237, 231, 226, 226, 222, 227, 231, 237, 241, 250, 252, 255, 251, 252,
    245, 241, 234, 231, 224, 224, 226, 227, 230, 235, 239, 245, 249, 252,
    254, 257, 254, 249, 244, 238, 233, 229, 223, 224, 224, 228, 230, 235,
    237, 240, 247, 245, 247, 247, 246, 247, 245, 239, 236, 234, 230, 230,
    229, 229, 231, 235, 233, 234, 235, 237, 242, 241, 243, 239, 243, 239,
    241, 238, 240, 236, 235, 236, 237, 237, 240, 235, 236, 237, 234, 237,
    236, 236, 236, 236, 237 ]
headPositionsY: [ 99, 97, 98, 98, 98, 100, 99, 99, 96, 97, 102, 98, 100,
    98, 97, 98, 95, 98, 100, 98, 98, 100, 99, 96, 98, 98, 102, 100, 101,
    96, 97, 100, 96, 97, 100, 99, 98, 98, 96, 101, 97, 97, 99, 100, 100,
    99, 102, 99, 102, 101, 97, 98, 100, 101, 103, 102, 97, 102, 97, 98,
    101, 102, 100, 102, 98, 99, 98, 100, 98, 100, 100, 97, 99, 100, 99,
    100, 103, 100, 100, 103, 98, 102, 99, 101, 100, 100, 101, 102, 99,
    100, 98, 100, 98, 98, 100, 99, 101, 102, 100, 100 ]
