%YAML:1.0
---
videoName: "headShake48.mp4"
gestureLabel: 201
fps: 29
pixelSizeInCmTemp: 3.1103896103896100e-01
faceCenterPointX: 258
faceCenterPointY: 85
headPositionsX: [ 257, 258, 261, 261, 258, 261, 259, 257, 261, 260, 258,
    260, 261, 260, 261, 262, 260, 259, 259, 259, 258, 257, 261, 257, 260,
    257, 257, 260, 257, 260, 260, 259, 257, 260, 260, 264, 268, 270, 270,
    272, 277, 274, 272, 269, 260, 252, 252, 249, 248, 250, 252, 258, 264,
    269, 266, 270, 265, 262, 253, 251, 250, 248, 252, 259, 262, 263, 269,
    266, 264, 260, 259, 254, 252, 249, 248, 251, 257, 262, 262, 267, 264,
    264, 262, 261, 260, 262, 258, 261, 259, 261, 258, 260, 258, 259, 257,
    257, 257, 258, 260, 260 ]
headPositionsY: [ 87, 77, 77, 79, 77, 77, 80, 81, 79, 78, 81, 82, 80, 78,
    82, 81, 78, 79, 83, 79, 81, 80, 80, 81, 80, 82, 83, 81, 82, 81, 81,
    80, 79, 83, 80, 83, 82, 83, 83, 84, 83, 85, 83, 87, 85, 82, 82, 81,
    85, 83, 86, 87, 88, 87, 87, 85, 86, 87, 86, 87, 84, 87, 86, 87, 87,
    88, 86, 87, 87, 86, 86, 86, 85, 87, 86, 88, 84, 84, 84, 84, 84, 84,
    87, 87, 89, 85, 87, 84, 86, 85, 85, 87, 88, 83, 87, 84, 84, 88, 88,
    87 ]
