%YAML:1.0
---
videoName: "headShake25.mp4"
gestureLabel: 201
fps: 30
pixelSizeInCmTemp: 3.2364864864864862e-01
faceCenterPointX: 241
faceCenterPointY: 79
headPositionsX: [ 239, 254, 255, 253, 252, 250, 250, 249, 244, 241, 240,
    238, 238, 234, 230, 233, 231, 229, 230, 232, 230, 232, 231, 235, 239,
    239, 244, 244, 249, 248, 249, 250, 250, 249, 245, 244, 244, 240, 238,
    236, 231, 232, 232, 228, 230, 228, 230, 233, 235, 238, 238, 239, 241,
    248, 249, 247, 252, 248, 251, 253, 250, 250, 248, 246, 246, 245, 241,
    240, 235, 237, 233, 234, 232, 234, 235, 236, 236, 233, 236, 238, 239,
    241, 239, 242, 239, 240, 244, 244, 245, 240, 244, 242, 243, 241, 242,
    240, 241, 238, 240, 238 ]
headPositionsY: [ 79, 78, 79, 78, 76, 77, 79, 79, 76, 79, 75, 78, 76, 76,
    78, 77, 79, 76, 76, 76, 79, 76, 76, 79, 80, 77, 80, 78, 81, 78, 78,
    78, 77, 78, 77, 78, 78, 80, 79, 80, 78, 79, 77, 77, 77, 78, 76, 80,
    79, 81, 78, 77, 77, 79, 78, 77, 79, 78, 76, 78, 81, 79, 79, 78, 77,
    77, 78, 78, 79, 81, 80, 80, 78, 77, 77, 76, 80, 79, 78, 77, 80, 79,
    79, 78, 79, 80, 76, 81, 77, 79, 81, 77, 80, 76, 81, 78, 79, 80, 79,
    80 ]
