%YAML:1.0
---
videoName: "headShake34.mp4"
gestureLabel: 201
fps: 29
pixelSizeInCmTemp: 3.2364864864864862e-01
faceCenterPointX: 263
faceCenterPointY: 83
headPositionsX: [ 264, 265, 262, 264, 263, 262, 262, 262, 263, 263, 264,
    266, 265, 264, 264, 262, 266, 262, 266, 263, 264, 262, 264, 262, 263,
    264, 263, 262, 264, 261, 264, 263, 263, 265, 263, 267, 267, 265, 267,
    267, 270, 275, 273, 278, 278, 279, 279, 276, 275, 275, 272, 267, 261,
    259, 257, 252, 253, 251, 251, 254, 259, 259, 264, 269, 269, 270, 269,
    267, 264, 262, 260, 256, 256, 256, 255, 256, 259, 260, 264, 267, 264,
    267, 265, 267, 267, 265, 264, 267, 266, 266, 264, 266, 263, 261, 262,
    263, 263, 266, 262, 262 ]
headPositionsY: [ 83, 82, 82, 83, 82, 86, 82, 85, 81, 84, 82, 83, 81, 83,
    82, 83, 83, 84, 83, 83, 82, 82, 84, 81, 83, 82, 82, 84, 86, 81, 81,
    81, 86, 84, 83, 85, 83, 82, 85, 81, 82, 84, 83, 82, 83, 82, 80, 81,
    81, 82, 84, 86, 84, 84, 79, 82, 82, 84, 81, 84, 86, 85, 85, 84, 85,
    82, 81, 82, 86, 82, 81, 81, 81, 81, 84, 84, 81, 82, 83, 85, 85, 85,
    84, 83, 83, 82, 83, 81, 84, 85, 84, 85, 86, 81, 86, 82, 83, 85, 82,
    84 ]
