%YAML:1.0
---
videoName: "headShake38.mp4"
gestureLabel: 201
fps: 29
pixelSizeInCmTemp: 3.2808219178082193e-01
faceCenterPointX: 259
faceCenterPointY: 84
headPositionsX: [ 259, 263, 261, 262, 264, 262, 262, 262, 263, 261, 266,
    261, 262, 264, 264, 261, 263, 262, 263, 263, 262, 263, 261, 261, 262,
    263, 264, 262, 265, 261, 263, 263, 265, 263, 262, 261, 260, 263, 264,
    260, 264, 263, 261, 256, 253, 248, 250, 246, 248, 254, 257, 268, 275,
    278, 277, 275, 271, 264, 256, 250, 250, 250, 255, 259, 267, 271, 274,
    270, 268, 258, 255, 249, 247, 246, 252, 255, 257, 265, 264, 268, 270,
    268, 267, 266, 263, 264, 263, 259, 260, 258, 261, 258, 261, 258, 262,
    258, 259, 261, 258, 262 ]
headPositionsY: [ 84, 84, 85, 80, 81, 81, 83, 83, 84, 84, 82, 82, 84, 84,
    84, 84, 82, 82, 83, 85, 83, 82, 85, 82, 81, 85, 83, 83, 84, 84, 84,
    83, 85, 82, 85, 82, 85, 82, 82, 82, 83, 86, 83, 82, 81, 80, 83, 82,
    82, 84, 84, 82, 83, 82, 81, 82, 85, 83, 82, 86, 85, 84, 85, 82, 85,
    83, 82, 84, 86, 83, 86, 80, 84, 81, 85, 84, 85, 82, 86, 83, 82, 85,
    83, 86, 87, 83, 86, 82, 86, 84, 83, 85, 86, 84, 83, 83, 86, 85, 82,
    85 ]
