%YAML:1.0
---
videoName: "headShake27.mp4"
gestureLabel: 201
fps: 29
pixelSizeInCmTemp: 3.3263888888888887e-01
faceCenterPointX: 244
faceCenterPointY: 78
headPositionsX: [ 244, 246, 248, 248, 249, 250, 254, 256, 254, 255, 258,
    255, 253, 254, 255, 249, 248, 244, 243, 243, 239, 239, 235, 238, 235,
    236, 231, 234, 232, 235, 234, 236, 235, 234, 239, 242, 240, 243, 243,
    249, 247, 250, 247, 251, 252, 248, 252, 249, 249, 247, 245, 241, 241,
    239, 236, 236, 236, 235, 234, 233, 232, 233, 233, 234, 236, 237, 234,
    237, 240, 241, 242, 244, 247, 248, 248, 247, 249, 249, 249, 245, 246,
    247, 248, 244, 244, 248, 245, 244, 246, 243, 246, 245, 243, 242, 243,
    244, 243, 242, 244, 242 ]
headPositionsY: [ 76, 79, 78, 79, 76, 76, 78, 74, 74, 77, 77, 75, 74, 74,
    81, 77, 81, 80, 79, 77, 78, 80, 77, 81, 80, 80, 80, 80, 77, 79, 81,
    77, 79, 76, 81, 79, 78, 78, 82, 79, 80, 77, 80, 79, 81, 79, 79, 80,
    81, 80, 80, 81, 81, 81, 79, 81, 79, 80, 81, 79, 77, 80, 79, 80, 77,
    80, 79, 77, 79, 79, 80, 79, 80, 77, 80, 82, 77, 80, 78, 79, 78, 82,
    80, 80, 78, 79, 80, 78, 81, 79, 82, 80, 79, 82, 82, 78, 80, 79, 77,
    78 ]
