%YAML:1.0
---
videoName: "headShake39.mp4"
gestureLabel: 201
fps: 29
pixelSizeInCmTemp: 3.1933333333333330e-01
faceCenterPointX: 263
faceCenterPointY: 83
headPositionsX: [ 261, 263, 259, 261, 263, 259, 260, 263, 262, 262, 263,
    263, 260, 261, 263, 260, 258, 258, 263, 261, 257, 257, 255, 254, 254,
    249, 250, 244, 244, 243, 241, 243, 247, 249, 257, 261, 265, 269, 277,
    282, 282, 280, 273, 269, 265, 259, 252, 248, 249, 248, 248, 249, 255,
    256, 263, 270, 271, 277, 279, 279, 278, 274, 268, 262, 257, 252, 251,
    251, 251, 248, 252, 252, 254, 252, 257, 259, 259, 265, 264, 267, 265,
    268, 264, 266, 265, 265, 265, 266, 264, 263, 262, 265, 262, 262, 265,
    262, 264, 261, 265, 261 ]
headPositionsY: [ 85, 81, 81, 84, 85, 80, 83, 83, 85, 82, 82, 81, 81, 83,
    83, 85, 82, 85, 82, 85, 81, 83, 82, 82, 83, 83, 83, 80, 80, 84, 84,
    84, 82, 82, 81, 82, 83, 83, 78, 81, 79, 81, 83, 81, 82, 84, 84, 81,
    83, 83, 81, 83, 81, 83, 81, 82, 82, 82, 78, 78, 83, 84, 84, 82, 81,
    83, 79, 77, 77, 82, 80, 81, 78, 83, 83, 80, 83, 81, 81, 83, 82, 84,
    83, 80, 85, 82, 83, 83, 82, 81, 81, 81, 85, 85, 83, 84, 83, 81, 84,
    82 ]
