%YAML:1.0
---
videoName: "headShake19.mp4"
gestureLabel: 201
fps: 29
pixelSizeInCmTemp: 3.1933333333333330e-01
faceCenterPointX: 243
faceCenterPointY: 78
headPositionsX: [ 245, 244, 245, 246, 242, 245, 242, 241, 243, 244, 243,
    244, 245, 241, 245, 241, 243, 243, 245, 245, 244, 244, 242, 242, 244,
    242, 240, 243, 242, 243, 244, 243, 244, 242, 242, 239, 238, 237, 233,
    232, 231, 232, 240, 244, 250, 251, 256, 259, 255, 253, 250, 247, 239,
    236, 232, 231, 232, 233, 236, 242, 245, 249, 250, 246, 247, 245, 240,
    237, 238, 237, 234, 236, 235, 239, 243, 242, 244, 247, 246, 246, 244,
    244, 242, 243, 241, 241, 238, 238, 241, 242, 239, 242, 241, 244, 244,
    243, 243, 244, 243, 245 ]
headPositionsY: [ 76, 75, 75, 77, 74, 78, 74, 74, 75, 74, 78, 76, 78, 75,
    77, 78, 76, 77, 77, 76, 76, 77, 78, 75, 78, 79, 76, 78, 78, 76, 77,
    79, 74, 76, 75, 76, 76, 78, 77, 76, 75, 77, 78, 77, 75, 79, 74, 76,
    77, 76, 76, 76, 75, 74, 78, 75, 76, 78, 76, 76, 78, 76, 79, 76, 78,
    79, 76, 77, 78, 77, 78, 78, 79, 76, 75, 76, 80, 77, 79, 80, 78, 77,
    74, 76, 80, 79, 75, 78, 76, 76, 78, 79, 77, 78, 78, 78, 79, 77, 80,
    76 ]
