%YAML:1.0
---
videoName: "headShake44.mp4"
gestureLabel: 201
fps: 30
pixelSizeInCmTemp: 3.2808219178082193e-01
faceCenterPointX: 260
faceCenterPointY: 84
headPositionsX: [ 259, 262, 260, 261, 260, 260, 259, 260, 260, 260, 261,
    261, 262, 259, 263, 261, 261, 263, 259, 262, 261, 261, 262, 259, 261,
    261, 259, 261, 263, 262, 262, 262, 261, 260, 259, 259, 258, 260, 264,
    264, 265, 271, 273, 276, 273, 276, 272, 266, 262, 254, 252, 253, 252,
    250, 258, 264, 267, 268, 271, 270, 266, 260, 260, 255, 252, 256, 260,
    263, 268, 269, 270, 270, 266, 261, 257, 256, 250, 250, 254, 253, 255,
    259, 257, 263, 260, 261, 262, 264, 261, 263, 261, 262, 262, 264, 262,
    263, 259, 263, 262, 262 ]
headPositionsY: [ 86, 81, 82, 83, 81, 85, 82, 83, 80, 85, 82, 82, 82, 84,
    81, 84, 85, 80, 81, 80, 84, 84, 81, 81, 85, 82, 83, 81, 82, 84, 81,
    84, 85, 82, 81, 84, 81, 83, 85, 84, 85, 82, 82, 79, 83, 82, 80, 83,
    83, 86, 84, 86, 86, 84, 82, 87, 85, 83, 86, 86, 87, 86, 86, 86, 85,
    82, 85, 86, 83, 81, 85, 81, 82, 86, 85, 83, 85, 82, 85, 86, 86, 85,
    86, 82, 84, 83, 84, 84, 85, 83, 86, 82, 87, 84, 83, 83, 86, 88, 84,
    87 ]
