%YAML:1.0
---
videoName: "headShake47.mp4"
gestureLabel: 201
fps: 29
pixelSizeInCmTemp: 3.2364864864864862e-01
faceCenterPointX: 258
faceCenterPointY: 86
headPositionsX: [ 260, 258, 258, 259, 262, 259, 258, 260, 261, 261, 262,
    259, 259, 262, 258, 258, 258, 261, 261, 262, 260, 260, 260, 263, 262,
    260, 260, 259, 262, 262, 259, 259, 258, 258, 255, 257, 253, 252, 250,
    251, 249, 248, 253, 257, 260, 264, 265, 270, 267, 262, 259, 255, 255,
    254, 252, 260, 263, 263, 268, 266, 263, 255, 255, 252, 251, 252, 256,
    263, 265, 265, 265, 262, 256, 255, 255, 255, 255, 258, 262, 265, 261,
    260, 260, 255, 256, 256, 252, 258, 256, 258, 257, 259, 255, 259, 256,
    257, 257, 256, 259, 256 ]
headPositionsY: [ 86, 86, 84, 87, 83, 84, 87, 82, 83, 83, 83, 85, 84, 85,
    84, 85, 84, 86, 85, 86, 85, 86, 85, 84, 85, 83, 84, 86, 85, 87, 84,
    83, 87, 86, 83, 87, 85, 85, 84, 84, 87, 85, 88, 85, 88, 88, 88, 89,
    88, 87, 90, 90, 89, 87, 90, 90, 91, 90, 91, 87, 87, 90, 87, 87, 84,
    87, 85, 87, 85, 86, 90, 87, 85, 88, 84, 85, 88, 85, 87, 86, 87, 86,
    85, 85, 88, 84, 85, 87, 86, 84, 88, 88, 85, 88, 88, 85, 88, 88, 85,
    84 ]
