%YAML:1.0
---
videoName: "headShake37.mp4"
gestureLabel: 201
fps: 30
pixelSizeInCmTemp: 3.1933333333333330e-01
faceCenterPointX: 263
faceCenterPointY: 83
headPositionsX: [ 263, 259, 260, 262, 262, 260, 262, 264, 263, 264, 264,
    263, 260, 263, 262, 260, 265, 262, 260, 260, 260, 264, 263, 261, 260,
    260, 261, 261, 261, 260, 260, 262, 262, 260, 262, 263, 262, 263, 262,
    263, 264, 263, 259, 261, 258, 262, 259, 265, 267, 272, 273, 279, 282,
    280, 282, 276, 270, 268, 257, 255, 253, 251, 254, 260, 262, 268, 272,
    271, 272, 271, 266, 267, 261, 258, 253, 254, 253, 252, 256, 256, 260,
    260, 262, 263, 265, 267, 264, 266, 265, 268, 262, 263, 262, 263, 264,
    262, 262, 263, 262, 262 ]
headPositionsY: [ 83, 82, 84, 86, 85, 85, 84, 84, 82, 81, 84, 84, 85, 82,
    83, 85, 84, 82, 81, 81, 85, 83, 82, 81, 84, 81, 85, 85, 82, 80, 82,
    84, 81, 82, 84, 82, 83, 84, 85, 81, 81, 81, 84, 83, 85, 81, 81, 85,
    83, 84, 82, 81, 78, 78, 80, 84, 83, 83, 83, 80, 82, 80, 81, 80, 83,
    83, 80, 82, 82, 81, 80, 81, 85, 83, 85, 82, 81, 82, 85, 81, 85, 81,
    82, 84, 85, 84, 82, 84, 83, 86, 83, 83, 81, 81, 82, 84, 81, 81, 84,
    81 ]
