%YAML:1.0
---
videoName: "headShake5.mp4"
gestureLabel: 201
fps: 30
pixelSizeInCmTemp: 3.3263888888888887e-01
faceCenterPointX: 275
faceCenterPointY: 73
headPositionsX: [ 276, 278, 279, 277, 280, 279, 277, 278, 280, 278, 277,
    280, 278, 277, 279, 278, 280, 277, 279, 277, 279, 279, 280, 276, 279,
    278, 276, 275, 279, 278, 278, 279, 278, 281, 282, 287, 290, 294, 295,
    296, 293, 292, 292, 286, 280, 271, 268, 264, 262, 263, 270, 275, 279,
    289, 290, 291, 290, 285, 281, 276, 270, 261, 261, 266, 265, 268, 277,
    278, 285, 284, 285, 282, 283, 278, 273, 273, 270, 268, 268, 267, 270,
    274, 273, 280, 281, 280, 282, 282, 281, 283, 279, 280, 275, 275, 274,
    277, 274, 274, 274, 273 ]
headPositionsY: [ 72, 71, 72, 75, 71, 71, 76, 71, 75, 74, 71, 74, 76, 75,
    75, 73, 76, 75, 74, 72, 72, 75, 76, 71, 75, 71, 76, 71, 76, 73, 75,
    74, 74, 73, 73, 75, 71, 70, 74, 72, 74, 72, 70, 73, 72, 73, 72, 76,
    71, 72, 71, 72, 76, 74, 71, 71, 76, 75, 74, 74, 78, 76, 73, 73, 74,
    74, 74, 74, 71, 72, 72, 75, 75, 77, 76, 72, 73, 70, 73, 73, 75, 74,
    74, 71, 71, 73, 74, 72, 70, 74, 70, 74, 74, 73, 73, 73, 72, 74, 75,
    74 ]
