%YAML:1.0
---
videoName: "headShake17.mp4"
gestureLabel: 201
fps: 29
pixelSizeInCmTemp: 3.3263888888888887e-01
faceCenterPointX: 242
faceCenterPointY: 76
headPositionsX: [ 242, 240, 239, 238, 236, 237, 240, 244, 243, 249, 251,
    253, 260, 257, 258, 258, 254, 251, 243, 239, 238, 233, 229, 228, 224,
    229, 231, 230, 235, 242, 244, 249, 251, 250, 254, 254, 252, 250, 247,
    248, 242, 238, 239, 234, 232, 232, 229, 235, 234, 237, 239, 242, 242,
    242, 244, 243, 246, 247, 244, 244, 240, 241, 243, 242, 240, 237, 242,
    239, 238, 238, 241, 240, 241, 242, 240, 242, 241, 241, 240, 239, 243,
    242, 242, 242, 239, 240, 240, 239, 240, 239, 242, 244, 241, 241, 241,
    242, 243, 243, 239, 241 ]
headPositionsY: [ 78, 75, 74, 79, 77, 74, 76, 77, 77, 74, 76, 76, 75, 77,
    77, 77, 75, 78, 78, 78, 76, 79, 78, 78, 78, 75, 78, 79, 77, 75, 77,
    75, 77, 74, 74, 74, 73, 77, 75, 80, 79, 75, 80, 76, 76, 74, 75, 74,
    79, 76, 74, 79, 78, 75, 79, 75, 78, 78, 76, 75, 74, 75, 79, 74, 73,
    74, 74, 78, 74, 75, 75, 75, 78, 74, 74, 74, 78, 73, 77, 75, 78, 75,
    78, 77, 74, 76, 78, 77, 74, 78, 74, 75, 76, 75, 77, 74, 77, 77, 74,
    75 ]
