%YAML:1.0
---
videoName: "headShake16.mp4"
gestureLabel: 201
fps: 29
pixelSizeInCmTemp: 3.2364864864864862e-01
faceCenterPointX: 242
faceCenterPointY: 77
headPositionsX: [ 240, 243, 242, 244, 241, 245, 246, 244, 241, 242, 243,
    242, 241, 246, 245, 241, 241, 243, 241, 246, 243, 242, 245, 243, 240,
    244, 240, 241, 241, 244, 240, 245, 241, 243, 242, 243, 244, 246, 247,
    249, 249, 253, 254, 252, 256, 251, 249, 243, 240, 236, 234, 234, 237,
    235, 241, 241, 242, 245, 251, 251, 250, 248, 249, 243, 241, 237, 235,
    235, 235, 237, 237, 235, 235, 241, 243, 244, 241, 244, 245, 245, 242,
    242, 240, 238, 238, 237, 240, 238, 238, 238, 241, 240, 244, 242, 243,
    242, 240, 241, 243, 241 ]
headPositionsY: [ 75, 76, 78, 75, 73, 74, 76, 77, 76, 75, 74, 78, 76, 74,
    74, 77, 74, 77, 74, 74, 75, 74, 76, 78, 73, 74, 77, 75, 76, 76, 74,
    77, 76, 78, 73, 76, 76, 78, 78, 77, 74, 77, 72, 77, 76, 73, 76, 76,
    75, 77, 79, 79, 77, 78, 78, 76, 78, 77, 78, 78, 77, 79, 75, 77, 78,
    78, 76, 78, 74, 75, 77, 75, 78, 76, 78, 79, 77, 76, 75, 77, 80, 79,
    75, 79, 77, 76, 78, 74, 77, 78, 77, 74, 76, 78, 77, 76, 74, 79, 75,
    79 ]
