%YAML:1.0
---
videoName: "headShake27.mp4"
gestureLabel: 201
fps: 29
pixelSizeInCmTemp: 3.3263888888888887e-01
faceCenterPointX: 244
faceCenterPointY: 78
headPositionsX: [ 244, 245, 248, 247, 250, 253, 252, 256, 257, 258, 257,
    254, 256, 252, 254, 251, 249, 248, 245, 240, 240, 238, 235, 237, 235,
    235, 230, 234, 233, 234, 231, 233, 236, 234, 237, 240, 239, 241, 245,
    245, 250, 249, 249, 249, 249, 248, 251, 248, 246, 247, 248, 241, 243,
    240, 238, 236, 235, 232, 232, 232, 231, 235, 235, 235, 236, 236, 235,
    237, 241, 242, 240, 242, 246, 245, 246, 248, 249, 250, 250, 249, 245,
    247, 246, 246, 247, 244, 245, 248, 247, 244, 247, 244, 242, 246, 247,
    243, 243, 245, 243, 243 ]
headPositionsY: [ 80, 80, 77, 77, 79, 77, 79, 74, 74, 76, 78, 74, 76, 76,
    77, 79, 80, 80, 80, 76, 81, 77, 79, 81, 77, 79, 80, 78, 80, 76, 80,
    79, 81, 77, 78, 81, 80, 78, 82, 79, 79, 81, 79, 80, 82, 77, 78, 79,
    80, 79, 80, 78, 81, 78, 77, 80, 80, 79, 80, 77, 77, 76, 79, 80, 80,
    81, 80, 80, 78, 77, 80, 82, 76, 79, 80, 80, 77, 82, 80, 78, 80, 78,
    80, 78, 78, 81, 78, 82, 80, 82, 81, 79, 81, 81, 79, 79, 81, 80, 79,
    81 ]
