%YAML:1.0
---
videoName: "headShake45.mp4"
gestureLabel: 201
fps: 30
pixelSizeInCmTemp: 3.3263888888888887e-01
faceCenterPointX: 262
faceCenterPointY: 84
headPositionsX: [ 260, 263, 262, 264, 264, 263, 263, 261, 265, 263, 264,
    261, 262, 264, 262, 263, 261, 262, 260, 262, 260, 262, 264, 260, 264,
    263, 260, 261, 262, 264, 261, 261, 264, 263, 262, 262, 259, 260, 261,
    255, 253, 258, 257, 266, 269, 275, 279, 282, 282, 275, 270, 267, 259,
    254, 252, 253, 259, 264, 267, 270, 275, 276, 274, 267, 266, 258, 254,
    254, 257, 262, 264, 267, 272, 270, 272, 269, 264, 258, 259, 256, 256,
    259, 262, 264, 265, 263, 261, 260, 259, 261, 262, 262, 259, 263, 261,
    263, 262, 260, 264, 261 ]
headPositionsY: [ 83, 83, 82, 82, 83, 80, 82, 80, 82, 85, 79, 81, 81, 82,
    84, 81, 83, 81, 83, 83, 83, 82, 81, 84, 84, 84, 81, 83, 83, 80, 81,
    85, 81, 83, 80, 84, 85, 82, 83, 84, 80, 81, 81, 82, 80, 83, 81, 80,
    81, 81, 81, 82, 81, 82, 81, 86, 82, 84, 82, 81, 83, 80, 83, 81, 82,
    83, 82, 84, 83, 81, 84, 84, 83, 83, 84, 82, 81, 84, 81, 84, 85, 82,
    83, 83, 82, 82, 83, 83, 85, 82, 84, 84, 83, 85, 84, 84, 85, 83, 82,
    81 ]
