%YAML:1.0
---
videoName: "headShake3.mp4"
gestureLabel: 201
fps: 30
pixelSizeInCmTemp: 3.3263888888888887e-01
faceCenterPointX: 240
faceCenterPointY: 101
headPositionsX: [ 242, 244, 243, 240, 242, 243, 240, 240, 241, 240, 243,
    243, 239, 239, 244, 239, 244, 243, 241, 243, 239, 241, 241, 241, 239,
    241, 239, 240, 238, 240, 237, 240, 239, 244, 246, 248, 251, 255, 257,
    255, 254, 251, 248, 241, 236, 231, 231, 230, 229, 229, 233, 237, 242,
    247, 251, 252, 251, 247, 245, 236, 232, 229, 226, 224, 224, 229, 233,
    236, 237, 245, 244, 248, 246, 245, 245, 242, 242, 237, 236, 234, 232,
    230, 233, 232, 235, 237, 237, 236, 239, 237, 239, 239, 240, 242, 239,
    242, 241, 243, 243, 238 ]
headPositionsY: [ 102, 100, 97, 97, 98, 99, 101, 97, 101, 97, 99, 100,
    99, 97, 98, 97, 100, 97, 101, 98, 97, 99, 101, 100, 98, 99, 100, 97,
    100, 98, 97, 101, 101, 99, 98, 98, 95, 97, 98, 99, 96, 100, 101, 100,
    101, 98, 99, 96, 98, 100, 99, 98, 99, 96, 98, 100, 96, 97, 101, 97,
    101, 98, 100, 98, 95, 98, 96, 98, 99, 100, 101, 98, 98, 98, 102, 99,
    101, 100, 97, 100, 98, 100, 99, 100, 102, 101, 99, 101, 101, 100,
    101, 102, 98, 102, 101, 101, 101, 101, 102, 100 ]
