%YAML:1.0
---
videoName: "headShake3.mp4"
gestureLabel: 201
fps: 30
pixelSizeInCmTemp: 3.3263888888888887e-01
faceCenterPointX: 240
faceCenterPointY: 101
headPositionsX: [ 240, 242, 243, 241, 242, 243, 243, 242, 242, 239, 242,
    241, 241, 239, 243, 243, 244, 244, 243, 239, 242, 242, 239, 241, 240,
    243, 241, 242, 238, 239, 240, 240, 241, 244, 244, 248, 255, 254, 255,
    259, 257, 250, 249, 240, 238, 232, 231, 230, 229, 233, 235, 237, 242,
    246, 252, 253, 248, 248, 243, 238, 234, 228, 228, 224, 224, 226, 231,
    233, 238, 245, 244, 248, 245, 243, 242, 241, 238, 235, 236, 234, 234,
    230, 235, 232, 234, 234, 238, 239, 241, 236, 239, 238, 237, 240, 242,
    242, 243, 243, 243, 241 ]
headPositionsY: [ 102, 99, 100, 97, 100, 98, 98, 100, 100, 99, 98, 100,
    101, 100, 97, 98, 101, 100, 101, 99, 98, 99, 99, 100, 98, 99, 97,
    100, 99, 98, 98, 100, 99, 101, 99, 100, 95, 97, 97, 98, 97, 96, 101,
    99, 100, 100, 101, 97, 99, 98, 100, 100, 97, 96, 100, 100, 97, 97,
    101, 99, 99, 100, 99, 96, 99, 100, 96, 97, 98, 97, 99, 97, 98, 97,
    98, 98, 97, 100, 99, 98, 101, 99, 98, 99, 99, 100, 99, 100, 99, 100,
    99, 100, 101, 98, 101, 99, 102, 100, 103, 101 ]
