%YAML:1.0
---
videoName: "headShake8.mp4"
gestureLabel: 201
fps: 29
pixelSizeInCmTemp: 3.2364864864864862e-01
faceCenterPointX: 243
faceCenterPointY: 72
headPositionsX: [ 243, 244, 242, 245, 245, 246, 246, 244, 244, 246, 245,
    243, 244, 242, 244, 244, 242, 245, 244, 242, 244, 246, 245, 245, 242,
    242, 242, 244, 245, 241, 244, 242, 242, 244, 244, 247, 252, 256, 263,
    262, 266, 267, 266, 263, 256, 250, 246, 241, 234, 235, 231, 231, 233,
    236, 245, 247, 256, 259, 257, 257, 256, 254, 250, 247, 242, 240, 236,
    235, 237, 235, 236, 239, 238, 240, 242, 246, 248, 248, 248, 250, 252,
    249, 251, 252, 249, 248, 248, 248, 247, 245, 243, 244, 245, 242, 244,
    245, 241, 245, 243, 242 ]
headPositionsY: [ 73, 71, 72, 73, 71, 72, 73, 72, 73, 71, 70, 71, 74, 71,
    72, 72, 71, 71, 69, 73, 73, 71, 69, 71, 71, 72, 73, 70, 70, 73, 71,
    72, 71, 74, 73, 72, 71, 68, 69, 71, 70, 70, 69, 71, 71, 73, 73, 69,
    73, 71, 70, 73, 69, 72, 73, 72, 70, 70, 68, 72, 69, 71, 71, 69, 74,
    74, 74, 69, 70, 73, 71, 74, 73, 74, 70, 72, 75, 69, 73, 74, 71, 69,
    69, 72, 70, 72, 69, 71, 69, 73, 71, 70, 70, 72, 72, 72, 71, 73, 70,
    70 ]
