%YAML:1.0
---
videoName: "headShake35.mp4"
gestureLabel: 201
fps: 29
pixelSizeInCmTemp: 3.2364864864864862e-01
faceCenterPointX: 267
faceCenterPointY: 82
headPositionsX: [ 267, 265, 265, 267, 265, 265, 268, 266, 267, 267, 267,
    270, 270, 271, 270, 267, 269, 269, 270, 270, 267, 269, 267, 268, 269,
    269, 270, 270, 266, 271, 266, 266, 270, 268, 267, 266, 267, 267, 269,
    267, 266, 269, 268, 267, 265, 267, 269, 269, 267, 270, 268, 269, 268,
    269, 265, 270, 269, 266, 269, 267, 267, 266, 267, 269, 275, 276, 279,
    281, 282, 281, 278, 271, 264, 262, 260, 257, 262, 264, 263, 271, 273,
    275, 275, 271, 272, 265, 262, 261, 263, 260, 265, 263, 264, 269, 269,
    266, 265, 269, 265, 269 ]
headPositionsY: [ 84, 80, 80, 77, 79, 82, 81, 77, 82, 78, 79, 80, 82, 78,
    81, 80, 79, 80, 83, 80, 81, 80, 81, 80, 78, 79, 79, 81, 80, 81, 81,
    80, 81, 79, 80, 82, 78, 80, 79, 78, 81, 79, 80, 83, 80, 82, 80, 78,
    81, 81, 80, 80, 80, 80, 82, 79, 79, 79, 82, 81, 79, 80, 81, 81, 80,
    78, 82, 82, 80, 81, 81, 80, 80, 80, 82, 82, 82, 81, 84, 82, 80, 83,
    81, 81, 81, 83, 81, 80, 83, 80, 82, 83, 79, 80, 81, 82, 83, 84, 80,
    81 ]
