%YAML:1.0
---
videoName: "headShake6.mp4"
gestureLabel: 201
fps: 29
pixelSizeInCmTemp: 3.2808219178082193e-01
faceCenterPointX: 244
faceCenterPointY: 68
headPositionsX: [ 243, 245, 245, 248, 245, 247, 245, 244, 246, 243, 245,
    245, 244, 245, 246, 243, 245, 244, 246, 243, 245, 244, 243, 244, 246,
    245, 246, 248, 249, 251, 256, 259, 261, 264, 264, 259, 258, 251, 245,
    244, 237, 234, 231, 233, 235, 237, 241, 247, 255, 259, 260, 256, 254,
    254, 249, 241, 237, 236, 231, 230, 233, 236, 239, 242, 245, 246, 253,
    250, 251, 251, 248, 243, 241, 239, 236, 241, 237, 240, 237, 238, 241,
    244, 243, 244, 246, 245, 243, 244, 245, 242, 241, 246, 242, 245, 243,
    244, 246, 242, 243, 243 ]
headPositionsY: [ 69, 69, 68, 67, 66, 68, 67, 65, 66, 68, 66, 68, 67, 64,
    66, 65, 68, 65, 65, 64, 67, 65, 70, 68, 70, 68, 66, 69, 69, 68, 65,
    64, 63, 64, 68, 66, 67, 67, 67, 67, 71, 69, 66, 68, 69, 66, 68, 69,
    69, 68, 65, 66, 65, 66, 69, 69, 67, 69, 70, 67, 66, 68, 70, 69, 68,
    66, 68, 68, 69, 68, 67, 66, 66, 68, 69, 68, 69, 69, 67, 69, 69, 68,
    68, 69, 69, 66, 68, 69, 70, 71, 67, 70, 66, 71, 69, 68, 70, 68, 69,
    69 ]
