%YAML:1.0
---
videoName: "headShake28.mp4"
gestureLabel: 201
fps: 29
pixelSizeInCmTemp: 3.2808219178082193e-01
faceCenterPointX: 242
faceCenterPointY: 80
headPositionsX: [ 244, 243, 243, 240, 241, 241, 241, 243, 241, 242, 240,
    242, 241, 242, 241, 243, 240, 241, 240, 242, 240, 239, 243, 240, 241,
    241, 241, 244, 243, 242, 240, 243, 241, 244, 240, 244, 243, 241, 244,
    242, 245, 244, 245, 245, 243, 246, 244, 246, 244, 243, 238, 234, 232,
    228, 231, 234, 240, 243, 247, 250, 253, 255, 252, 249, 244, 240, 237,
    232, 230, 237, 240, 241, 250, 252, 253, 256, 254, 251, 250, 248, 240,
    241, 237, 238, 236, 236, 237, 237, 238, 241, 245, 242, 241, 243, 243,
    241, 243, 243, 242, 244 ]
headPositionsY: [ 80, 77, 78, 77, 75, 78, 79, 76, 79, 77, 80, 80, 76, 81,
    80, 80, 81, 78, 79, 76, 79, 76, 79, 80, 79, 78, 80, 80, 77, 78, 78,
    80, 78, 77, 77, 79, 79, 78, 78, 79, 76, 78, 77, 79, 79, 76, 79, 79,
    79, 75, 75, 75, 79, 75, 77, 75, 77, 76, 78, 76, 74, 74, 77, 77, 79,
    81, 78, 77, 79, 81, 79, 78, 77, 77, 78, 77, 77, 77, 80, 79, 79, 81,
    79, 82, 80, 77, 80, 77, 80, 78, 81, 81, 79, 80, 78, 81, 79, 78, 81,
    79 ]
