%YAML:1.0
---
videoName: "headShake15.mp4"
gestureLabel: 201
fps: 29
pixelSizeInCmTemp: 3.3263888888888887e-01
faceCenterPointX: 243
faceCenterPointY: 76
headPositionsX: [ 245, 242, 243, 242, 243, 246, 244, 246, 241, 243, 244,
    245, 242, 245, 242, 242, 244, 245, 244, 245, 242, 243, 241, 243, 241,
    244, 240, 241, 241, 244, 242, 242, 244, 245, 241, 241, 244, 244, 244,
    243, 244, 243, 244, 243, 243, 243, 246, 244, 241, 243, 243, 241, 241,
    241, 240, 244, 243, 242, 242, 243, 241, 241, 243, 249, 251, 252, 254,
    257, 260, 258, 256, 251, 250, 247, 244, 241, 239, 236, 238, 239, 240,
    245, 243, 248, 246, 246, 247, 244, 246, 241, 243, 240, 243, 243, 243,
    240, 241, 243, 242, 246 ]
headPositionsY: [ 77, 74, 75, 75, 76, 77, 76, 76, 74, 77, 76, 76, 76, 75,
    74, 75, 75, 73, 75, 76, 75, 76, 74, 76, 75, 73, 75, 77, 77, 75, 74,
    75, 74, 75, 75, 73, 75, 76, 75, 76, 75, 74, 74, 74, 76, 75, 75, 76,
    74, 77, 74, 77, 77, 77, 77, 76, 74, 75, 76, 74, 75, 73, 79, 78, 77,
    72, 74, 72, 75, 73, 77, 74, 78, 75, 76, 74, 75, 77, 78, 77, 76, 75,
    79, 76, 79, 77, 78, 78, 77, 78, 78, 79, 76, 78, 78, 78, 76, 79, 78,
    78 ]
