%YAML:1.0
---
videoName: "headShake1.mp4"
gestureLabel: 201
fps: 29
pixelSizeInCmTemp: 3.3263888888888887e-01
faceCenterPointX: 279
faceCenterPointY: 98
headPositionsX: [ 278, 279, 281, 280, 279, 281, 277, 278, 279, 278, 281,
    281, 280, 280, 280, 282, 281, 278, 279, 278, 277, 279, 281, 279, 277,
    277, 279, 279, 283, 282, 284, 289, 288, 291, 293, 295, 293, 288, 288,
    281, 279, 276, 272, 270, 270, 269, 272, 277, 282, 286, 288, 293, 291,
    293, 288, 289, 282, 279, 276, 268, 266, 267, 266, 270, 274, 279, 281,
    286, 290, 291, 291, 293, 288, 289, 286, 281, 279, 274, 273, 272, 271,
    274, 272, 270, 274, 274, 276, 275, 279, 277, 277, 282, 280, 279, 278,
    282, 278, 281, 278, 281 ]
headPositionsY: [ 100, 99, 95, 97, 97, 97, 99, 98, 97, 98, 98, 99, 96,
    98, 98, 96, 99, 98, 99, 97, 99, 98, 98, 99, 96, 95, 96, 98, 95, 97,
    99, 94, 97, 96, 98, 96, 95, 94, 94, 96, 97, 95, 95, 95, 94, 99, 95,
    95, 95, 95, 97, 93, 97, 95, 93, 97, 96, 95, 98, 94, 98, 97, 95, 95,
    95, 94, 96, 96, 95, 95, 96, 93, 94, 99, 99, 100, 98, 97, 94, 95, 98,
    97, 98, 95, 98, 96, 99, 100, 96, 99, 100, 95, 100, 98, 97, 99, 100,
    98, 98, 99 ]
