%YAML:1.0
---
videoName: "headShake20.mp4"
gestureLabel: 201
fps: 29
pixelSizeInCmTemp: 3.3263888888888887e-01
faceCenterPointX: 242
faceCenterPointY: 78
headPositionsX: [ 243, 242, 246, 244, 242, 242, 245, 242, 245, 245, 243,
    245, 244, 244, 243, 245, 243, 245, 244, 243, 244, 243, 242, 241, 243,
    245, 241, 242, 243, 241, 243, 243, 243, 242, 244, 245, 242, 240, 242,
    247, 245, 253, 257, 256, 261, 258, 257, 253, 249, 241, 239, 233, 233,
    230, 228, 233, 236, 244, 249, 252, 252, 251, 251, 245, 243, 237, 235,
    232, 230, 232, 236, 237, 240, 243, 245, 248, 247, 244, 241, 239, 241,
    239, 241, 239, 242, 241, 244, 244, 245, 245, 245, 246, 243, 241, 244,
    243, 240, 240, 243, 240 ]
headPositionsY: [ 80, 76, 75, 78, 75, 77, 75, 76, 77, 75, 76, 78, 77, 76,
    74, 74, 77, 76, 74, 74, 74, 75, 76, 77, 75, 77, 75, 78, 76, 75, 75,
    76, 78, 76, 78, 78, 77, 76, 77, 74, 78, 77, 74, 76, 76, 77, 76, 75,
    78, 76, 76, 78, 77, 75, 76, 75, 75, 78, 77, 74, 77, 73, 76, 74, 76,
    77, 78, 76, 79, 77, 75, 78, 75, 77, 75, 79, 78, 76, 75, 76, 79, 75,
    77, 75, 77, 75, 79, 75, 76, 76, 76, 76, 75, 80, 79, 77, 79, 78, 77,
    78 ]
