%YAML:1.0
---
videoName: "headShake24.mp4"
gestureLabel: 201
fps: 29
pixelSizeInCmTemp: 3.2808219178082193e-01
faceCenterPointX: 240
faceCenterPointY: 78
headPositionsX: [ 239, 253, 251, 253, 254, 254, 254, 255, 255, 252, 248,
    248, 243, 244, 240, 238, 233, 233, 231, 232, 233, 230, 232, 233, 233,
    235, 238, 239, 239, 241, 244, 248, 249, 252, 251, 252, 252, 250, 245,
    246, 242, 243, 242, 239, 237, 238, 237, 236, 234, 235, 234, 236, 236,
    235, 236, 239, 243, 245, 247, 245, 247, 247, 248, 246, 247, 248, 250,
    245, 245, 248, 246, 243, 241, 239, 241, 239, 237, 241, 240, 241, 237,
    237, 239, 238, 239, 238, 239, 240, 242, 237, 238, 241, 238, 239, 240,
    239, 239, 241, 242, 241 ]
headPositionsY: [ 76, 77, 77, 77, 74, 74, 73, 73, 78, 79, 79, 78, 80, 77,
    79, 78, 78, 78, 79, 75, 77, 75, 80, 76, 75, 78, 75, 75, 77, 77, 78,
    77, 75, 80, 80, 81, 78, 79, 79, 76, 80, 76, 80, 76, 80, 75, 77, 75,
    78, 77, 80, 78, 79, 79, 76, 78, 77, 76, 81, 77, 79, 78, 79, 75, 78,
    78, 76, 78, 77, 80, 75, 80, 76, 79, 80, 78, 76, 78, 79, 80, 76, 78,
    79, 76, 77, 76, 79, 76, 80, 77, 79, 79, 80, 80, 76, 76, 78, 80, 80,
    75 ]
