%YAML:1.0
---
videoName: "headShake0.mp4"
gestureLabel: 201
fps: 29
pixelSizeInCmTemp: 3.2808219178082193e-01
faceCenterPointX: 279
faceCenterPointY: 94
headPositionsX: [ 278, 278, 281, 278, 281, 280, 280, 279, 277, 280, 279,
    280, 280, 276, 276, 279, 279, 279, 281, 278, 279, 281, 278, 279, 278,
    281, 280, 278, 280, 277, 277, 280, 278, 276, 280, 278, 280, 277, 279,
    277, 277, 282, 284, 285, 292, 294, 299, 298, 299, 299, 297, 291, 286,
    285, 276, 277, 271, 273, 274, 276, 283, 286, 287, 290, 288, 287, 288,
    283, 280, 277, 272, 270, 275, 278, 278, 282, 283, 286, 282, 281, 280,
    281, 279, 274, 277, 275, 275, 279, 277, 278, 281, 278, 279, 281, 277,
    279, 277, 281, 279, 280 ]
headPositionsY: [ 96, 91, 91, 91, 93, 95, 94, 94, 93, 92, 95, 90, 93, 94,
    91, 92, 93, 91, 93, 91, 95, 91, 95, 91, 94, 91, 93, 92, 92, 90, 93,
    93, 94, 94, 91, 93, 92, 93, 91, 94, 95, 91, 92, 90, 93, 91, 89, 93,
    94, 91, 92, 92, 95, 91, 93, 94, 94, 94, 91, 92, 91, 94, 93, 92, 93,
    90, 93, 95, 94, 94, 94, 92, 94, 95, 94, 91, 92, 92, 94, 91, 95, 95,
    93, 91, 94, 94, 95, 94, 93, 94, 94, 94, 95, 94, 93, 93, 93, 95, 96,
    96 ]
