%YAML:1.0
---
videoName: "headShake31.mp4"
gestureLabel: 201
fps: 29
pixelSizeInCmTemp: 3.2808219178082193e-01
faceCenterPointX: 236
faceCenterPointY: 68
headPositionsX: [ 236, 238, 239, 238, 238, 236, 235, 238, 238, 236, 237,
    238, 237, 236, 238, 236, 238, 237, 236, 234, 234, 236, 238, 238, 236,
    238, 237, 237, 236, 236, 236, 235, 238, 238, 234, 233, 235, 238, 240,
    245, 246, 253, 253, 254, 253, 250, 244, 239, 234, 223, 222, 224, 221,
    225, 226, 233, 239, 244, 246, 246, 246, 244, 240, 239, 235, 231, 230,
    226, 231, 231, 231, 237, 237, 242, 241, 240, 245, 245, 239, 238, 236,
    234, 234, 235, 236, 234, 233, 237, 236, 234, 235, 235, 235, 233, 235,
    235, 237, 236, 238, 234 ]
headPositionsY: [ 66, 68, 66, 69, 65, 67, 69, 67, 69, 68, 65, 66, 68, 65,
    69, 66, 66, 66, 67, 67, 67, 68, 67, 70, 66, 66, 68, 66, 69, 69, 65,
    68, 69, 70, 69, 69, 65, 66, 69, 66, 68, 67, 66, 64, 65, 66, 68, 68,
    69, 69, 69, 69, 69, 72, 72, 72, 71, 71, 71, 68, 71, 68, 67, 70, 69,
    67, 67, 69, 69, 68, 67, 67, 69, 68, 68, 66, 70, 68, 67, 71, 67, 70,
    71, 71, 66, 71, 70, 69, 68, 69, 70, 70, 69, 69, 66, 71, 71, 69, 72,
    70 ]
