%YAML:1.0
---
videoName: "headShake15.mp4"
gestureLabel: 201
fps: 29
pixelSizeInCmTemp: 3.3263888888888887e-01
faceCenterPointX: 243
faceCenterPointY: 76
headPositionsX: [ 245, 245, 245, 241, 245, 243, 246, 244, 242, 242, 243,
    246, 242, 243, 242, 245, 242, 241, 242, 242, 241, 242, 245, 244, 241,
    245, 241, 242, 244, 244, 241, 244, 241, 241, 245, 243, 244, 242, 240,
    242, 244, 243, 244, 241, 244, 243, 245, 241, 243, 244, 241, 244, 242,
    244, 242, 242, 240, 242, 244, 244, 241, 245, 244, 249, 249, 252, 256,
    257, 260, 256, 254, 254, 251, 247, 241, 238, 237, 236, 236, 238, 241,
    244, 246, 245, 248, 247, 246, 246, 244, 244, 240, 242, 244, 241, 244,
    244, 243, 242, 243, 243 ]
headPositionsY: [ 77, 77, 76, 73, 78, 77, 76, 76, 72, 74, 76, 77, 74, 75,
    72, 77, 73, 75, 73, 73, 77, 74, 74, 74, 72, 76, 75, 74, 74, 74, 74,
    73, 75, 73, 74, 75, 74, 74, 76, 72, 73, 74, 76, 77, 77, 77, 77, 75,
    76, 77, 75, 76, 78, 73, 77, 77, 75, 74, 77, 74, 76, 77, 79, 75, 75,
    74, 71, 74, 74, 76, 75, 74, 74, 76, 77, 78, 79, 77, 75, 77, 78, 75,
    76, 76, 76, 74, 79, 78, 78, 75, 76, 79, 76, 76, 75, 75, 78, 76, 78,
    75 ]
