%YAML:1.0
---
videoName: "headShake26.mp4"
gestureLabel: 201
fps: 30
pixelSizeInCmTemp: 3.2808219178082193e-01
faceCenterPointX: 243
faceCenterPointY: 78
headPositionsX: [ 241, 241, 241, 239, 238, 242, 242, 243, 249, 250, 248,
    251, 249, 250, 249, 254, 250, 247, 247, 245, 239, 238, 237, 235, 228,
    230, 228, 232, 232, 233, 231, 233, 239, 243, 246, 247, 247, 249, 251,
    252, 253, 253, 248, 248, 245, 242, 238, 234, 231, 229, 231, 231, 230,
    229, 233, 236, 236, 241, 243, 248, 248, 248, 253, 252, 252, 251, 252,
    250, 249, 247, 247, 244, 240, 240, 236, 238, 236, 235, 238, 235, 239,
    238, 237, 241, 238, 239, 242, 241, 243, 244, 246, 244, 243, 242, 246,
    243, 246, 242, 244, 242 ]
headPositionsY: [ 76, 79, 77, 76, 77, 79, 78, 79, 77, 77, 78, 79, 75, 79,
    75, 80, 80, 77, 77, 80, 80, 78, 75, 75, 76, 77, 76, 74, 74, 76, 74,
    77, 76, 78, 78, 77, 79, 77, 77, 79, 77, 80, 79, 78, 80, 76, 80, 78,
    78, 78, 75, 76, 77, 76, 76, 75, 80, 79, 76, 79, 80, 77, 75, 77, 74,
    77, 76, 80, 80, 80, 79, 77, 80, 79, 81, 77, 76, 79, 76, 79, 80, 77,
    77, 80, 76, 80, 80, 78, 77, 81, 77, 81, 80, 80, 76, 77, 78, 77, 80,
    80 ]
