%YAML:1.0
---
videoName: "headShake17.mp4"
gestureLabel: 201
fps: 29
pixelSizeInCmTemp: 3.3263888888888887e-01
faceCenterPointX: 242
faceCenterPointY: 76
headPositionsX: [ 241, 238, 239, 236, 238, 239, 240, 242, 246, 248, 250,
    254, 258, 258, 260, 255, 252, 249, 247, 242, 236, 234, 228, 227, 224,
    227, 231, 230, 237, 238, 245, 247, 253, 252, 253, 254, 253, 251, 246,
    248, 241, 241, 239, 235, 230, 234, 229, 231, 232, 235, 235, 242, 241,
    241, 245, 245, 244, 245, 244, 242, 241, 241, 239, 242, 237, 241, 242,
    238, 242, 241, 238, 243, 238, 240, 242, 240, 242, 240, 240, 241, 243,
    242, 239, 241, 239, 242, 239, 240, 242, 240, 242, 240, 239, 242, 243,
    242, 243, 240, 242, 243 ]
headPositionsY: [ 78, 75, 75, 79, 76, 74, 75, 78, 75, 74, 76, 73, 75, 77,
    74, 75, 77, 74, 79, 77, 75, 78, 78, 78, 77, 75, 75, 78, 77, 76, 78,
    74, 75, 77, 76, 76, 76, 77, 74, 78, 78, 76, 76, 78, 76, 78, 76, 75,
    78, 78, 78, 76, 79, 75, 77, 78, 77, 77, 78, 75, 75, 76, 75, 76, 76,
    78, 78, 77, 76, 78, 77, 77, 74, 77, 74, 76, 77, 76, 77, 74, 76, 77,
    79, 76, 74, 75, 79, 75, 77, 76, 78, 76, 77, 76, 77, 78, 75, 77, 77,
    77 ]
