%YAML:1.0
---
videoName: "headShake36.mp4"
gestureLabel: 201
fps: 29
pixelSizeInCmTemp: 3.2364864864864862e-01
faceCenterPointX: 263
faceCenterPointY: 80
headPositionsX: [ 261, 265, 261, 261, 262, 263, 265, 266, 269, 270, 273,
    279, 277, 283, 278, 285, 286, 281, 282, 275, 274, 270, 267, 265, 261,
    261, 256, 255, 250, 251, 248, 245, 244, 243, 249, 243, 248, 247, 248,
    253, 255, 262, 264, 267, 270, 272, 276, 279, 279, 279, 279, 279, 279,
    278, 274, 273, 271, 268, 261, 257, 254, 253, 251, 248, 248, 249, 250,
    253, 253, 251, 257, 257, 261, 260, 263, 264, 266, 268, 267, 268, 266,
    268, 266, 266, 268, 265, 267, 264, 263, 266, 264, 261, 264, 261, 261,
    264, 261, 263, 262, 265 ]
headPositionsY: [ 81, 78, 79, 78, 80, 78, 81, 81, 80, 80, 80, 78, 79, 77,
    75, 77, 76, 79, 80, 77, 78, 82, 79, 81, 80, 82, 83, 80, 79, 81, 81,
    81, 82, 81, 80, 82, 82, 82, 82, 81, 81, 82, 82, 79, 77, 80, 82, 80,
    80, 79, 79, 76, 79, 79, 76, 81, 81, 81, 81, 80, 78, 82, 81, 81, 78,
    81, 81, 80, 77, 80, 81, 80, 81, 83, 82, 80, 82, 78, 82, 82, 79, 81,
    81, 78, 83, 82, 79, 81, 79, 81, 82, 83, 79, 78, 81, 79, 79, 82, 82,
    79 ]
