%YAML:1.0
---
videoName: "headShake44.mp4"
gestureLabel: 201
fps: 30
pixelSizeInCmTemp: 3.2808219178082193e-01
faceCenterPointX: 260
faceCenterPointY: 84
headPositionsX: [ 258, 263, 258, 263, 262, 259, 261, 262, 258, 262, 262,
    261, 261, 259, 259, 259, 263, 262, 259, 259, 260, 263, 259, 262, 263,
    260, 260, 263, 262, 261, 259, 260, 261, 261, 261, 261, 258, 258, 262,
    265, 266, 267, 274, 273, 273, 272, 273, 267, 260, 258, 253, 253, 248,
    254, 258, 264, 267, 271, 270, 272, 266, 262, 259, 253, 255, 256, 259,
    262, 269, 272, 271, 269, 266, 264, 258, 255, 251, 252, 251, 255, 256,
    261, 261, 261, 263, 260, 261, 262, 263, 262, 263, 261, 263, 260, 260,
    259, 260, 261, 263, 260 ]
headPositionsY: [ 84, 85, 82, 84, 83, 83, 80, 83, 81, 85, 84, 83, 83, 82,
    85, 80, 84, 82, 83, 81, 81, 83, 83, 80, 84, 80, 82, 82, 84, 82, 81,
    83, 83, 85, 85, 80, 85, 84, 82, 81, 85, 81, 83, 80, 81, 82, 80, 85,
    86, 84, 83, 86, 86, 86, 83, 86, 83, 83, 84, 85, 85, 85, 86, 83, 85,
    84, 84, 82, 84, 81, 83, 83, 81, 84, 84, 84, 85, 83, 84, 82, 86, 85,
    82, 85, 85, 85, 86, 87, 83, 84, 85, 83, 86, 86, 82, 86, 82, 86, 86,
    84 ]
