%YAML:1.0
---
videoName: "headShake3.mp4"
gestureLabel: 201
fps: 30
pixelSizeInCmTemp: 3.3263888888888887e-01
faceCenterPointX: 240
faceCenterPointY: 101
headPositionsX: [ 242, 243, 240, 241, 241, 239, 244, 239, 240, 241, 239,
    243, 241, 242, 244, 243, 242, 244, 243, 241, 243, 241, 242, 239, 242,
    239, 242, 241, 238, 238, 239, 239, 238, 243, 244, 250, 253, 255, 256,
    259, 256, 252, 249, 240, 238, 234, 231, 230, 227, 232, 231, 238, 243,
    248, 251, 253, 250, 245, 244, 238, 233, 228, 224, 227, 222, 227, 231,
    234, 240, 243, 244, 246, 246, 244, 243, 240, 240, 238, 233, 236, 232,
    233, 235, 233, 233, 234, 236, 237, 241, 236, 241, 239, 241, 242, 238,
    241, 242, 242, 240, 242 ]
headPositionsY: [ 102, 100, 101, 97, 99, 96, 100, 99, 97, 96, 100, 100,
    97, 97, 100, 97, 101, 97, 99, 101, 97, 101, 101, 101, 97, 99, 97, 97,
    97, 98, 96, 99, 97, 98, 99, 98, 98, 96, 99, 97, 98, 97, 97, 98, 97,
    97, 101, 98, 100, 97, 99, 97, 97, 98, 97, 97, 98, 99, 98, 100, 98,
    99, 99, 96, 96, 100, 99, 99, 97, 98, 97, 97, 98, 100, 102, 98, 100,
    99, 101, 99, 100, 98, 98, 98, 100, 100, 101, 98, 100, 101, 102, 101,
    101, 100, 103, 99, 102, 103, 103, 98 ]
