%YAML:1.0
---
videoName: "headShake36.mp4"
gestureLabel: 201
fps: 29
pixelSizeInCmTemp: 3.2364864864864862e-01
faceCenterPointX: 263
faceCenterPointY: 80
headPositionsX: [ 264, 266, 262, 264, 263, 265, 265, 267, 270, 272, 275,
    278, 280, 279, 280, 284, 285, 282, 279, 276, 276, 273, 268, 265, 262,
    258, 258, 253, 252, 249, 245, 245, 244, 243, 249, 246, 249, 246, 248,
    255, 256, 261, 265, 267, 270, 272, 278, 275, 277, 277, 280, 279, 280,
    278, 274, 274, 268, 267, 261, 256, 257, 255, 250, 252, 252, 250, 251,
    250, 253, 254, 255, 258, 261, 263, 264, 263, 268, 265, 266, 269, 266,
    266, 266, 266, 264, 267, 267, 266, 267, 263, 266, 265, 266, 260, 264,
    263, 265, 263, 265, 264 ]
headPositionsY: [ 80, 82, 79, 82, 78, 80, 81, 78, 80, 77, 76, 80, 77, 78,
    78, 75, 74, 77, 77, 78, 81, 82, 82, 81, 83, 81, 83, 81, 80, 78, 79,
    79, 80, 80, 83, 79, 83, 79, 83, 81, 79, 80, 83, 81, 79, 76, 82, 78,
    77, 80, 77, 79, 78, 81, 79, 78, 82, 80, 81, 79, 77, 80, 81, 79, 77,
    79, 81, 79, 79, 79, 81, 80, 81, 80, 83, 81, 80, 78, 78, 81, 78, 80,
    82, 77, 80, 83, 79, 83, 80, 83, 80, 82, 83, 81, 80, 82, 78, 80, 81,
    82 ]
