%YAML:1.0
---
videoName: "headShake28.mp4"
gestureLabel: 201
fps: 29
pixelSizeInCmTemp: 3.2808219178082193e-01
faceCenterPointX: 242
faceCenterPointY: 80
headPositionsX: [ 243, 240, 243, 243, 239, 239, 243, 241, 241, 240, 243,
    242, 241, 244, 241, 244, 244, 239, 240, 244, 244, 241, 240, 243, 242,
    244, 242, 242, 244, 241, 240, 243, 242, 244, 243, 244, 244, 240, 242,
    243, 241, 245, 245, 246, 243, 245, 243, 246, 243, 244, 238, 233, 232,
    231, 231, 235, 239, 242, 248, 251, 254, 258, 254, 250, 246, 240, 234,
    234, 234, 236, 236, 242, 248, 251, 253, 255, 252, 249, 250, 248, 242,
    242, 240, 239, 234, 235, 238, 240, 240, 239, 244, 244, 243, 245, 244,
    241, 241, 240, 244, 241 ]
headPositionsY: [ 80, 78, 79, 77, 79, 78, 79, 78, 75, 80, 80, 80, 78, 77,
    81, 77, 78, 80, 81, 78, 77, 79, 78, 81, 79, 77, 77, 80, 79, 81, 77,
    78, 77, 79, 76, 79, 80, 78, 78, 80, 78, 75, 80, 79, 79, 78, 76, 76,
    76, 77, 75, 79, 76, 75, 75, 77, 80, 79, 77, 75, 76, 78, 76, 77, 77,
    79, 77, 77, 78, 81, 80, 78, 76, 81, 76, 77, 75, 79, 76, 80, 77, 79,
    77, 80, 79, 76, 79, 77, 80, 81, 80, 79, 77, 81, 79, 81, 78, 82, 78,
    81 ]
