%YAML:1.0
---
videoName: "headShake38.mp4"
gestureLabel: 201
fps: 29
pixelSizeInCmTemp: 3.2808219178082193e-01
faceCenterPointX: 259
faceCenterPointY: 84
headPositionsX: [ 258, 263, 264, 265, 265, 264, 264, 263, 264, 264, 262,
    263, 266, 261, 264, 262, 263, 265, 263, 264, 262, 261, 263, 264, 262,
    262, 263, 263, 263, 264, 263, 260, 262, 263, 260, 262, 260, 261, 263,
    260, 264, 263, 260, 257, 253, 249, 249, 248, 248, 253, 261, 264, 272,
    278, 277, 274, 267, 262, 252, 252, 247, 249, 252, 262, 265, 271, 272,
    268, 264, 260, 255, 248, 245, 246, 251, 253, 257, 266, 268, 270, 268,
    270, 267, 267, 263, 263, 263, 263, 260, 261, 261, 260, 259, 258, 261,
    260, 262, 261, 259, 260 ]
headPositionsY: [ 84, 85, 82, 81, 84, 84, 85, 85, 85, 82, 81, 83, 83, 83,
    84, 82, 84, 83, 84, 82, 85, 85, 83, 84, 85, 83, 81, 84, 83, 84, 85,
    83, 85, 86, 81, 82, 82, 84, 84, 82, 83, 83, 85, 84, 81, 79, 82, 81,
    81, 84, 85, 84, 81, 81, 85, 81, 86, 85, 86, 85, 84, 80, 85, 83, 84,
    81, 84, 85, 84, 83, 85, 81, 85, 81, 85, 84, 84, 86, 83, 81, 83, 84,
    85, 85, 86, 86, 84, 86, 86, 83, 82, 86, 86, 83, 86, 84, 82, 84, 84,
    83 ]
