%YAML:1.0
---
videoName: "headShake14.mp4"
gestureLabel: 201
fps: 29
pixelSizeInCmTemp: 3.2364864864864862e-01
faceCenterPointX: 244
faceCenterPointY: 76
headPositionsX: [ 245, 244, 245, 246, 244, 245, 247, 245, 246, 244, 247,
    246, 246, 246, 244, 244, 244, 243, 243, 246, 243, 243, 246, 245, 246,
    246, 248, 253, 253, 258, 262, 263, 261, 260, 257, 252, 247, 240, 238,
    230, 225, 224, 227, 230, 229, 239, 245, 249, 253, 254, 256, 255, 252,
    248, 250, 242, 238, 238, 231, 232, 236, 236, 236, 237, 240, 243, 245,
    245, 248, 249, 250, 251, 251, 248, 249, 246, 243, 241, 241, 242, 239,
    238, 238, 242, 240, 241, 243, 245, 243, 245, 246, 245, 245, 246, 243,
    245, 242, 242, 244, 245 ]
headPositionsY: [ 77, 75, 76, 75, 74, 76, 76, 76, 76, 74, 77, 75, 75, 73,
    74, 77, 73, 74, 76, 74, 75, 74, 74, 78, 75, 75, 75, 76, 71, 73, 72,
    73, 74, 72, 72, 75, 74, 77, 75, 75, 73, 72, 76, 73, 74, 73, 76, 72,
    71, 73, 74, 71, 75, 75, 77, 73, 77, 76, 75, 76, 74, 73, 73, 74, 78,
    77, 76, 74, 78, 75, 78, 74, 74, 75, 78, 77, 76, 77, 74, 73, 75, 73,
    74, 77, 78, 78, 77, 78, 77, 77, 75, 78, 74, 77, 75, 74, 78, 74, 79,
    78 ]
