%YAML:1.0
---
videoName: "headShake11.mp4"
gestureLabel: 201
fps: 29
pixelSizeInCmTemp: 3.2364864864864862e-01
faceCenterPointX: 244
faceCenterPointY: 76
headPositionsX: [ 244, 241, 239, 241, 240, 240, 244, 242, 242, 241, 244,
    242, 244, 243, 243, 240, 241, 242, 242, 242, 240, 240, 242, 241, 244,
    242, 241, 243, 246, 250, 252, 258, 261, 260, 263, 260, 261, 256, 252,
    251, 243, 240, 232, 228, 227, 226, 230, 232, 233, 238, 246, 248, 253,
    257, 259, 258, 257, 255, 248, 246, 237, 236, 233, 230, 230, 233, 234,
    241, 243, 250, 251, 256, 258, 258, 258, 254, 254, 247, 246, 239, 239,
    235, 233, 237, 236, 235, 240, 244, 244, 247, 246, 247, 246, 249, 249,
    245, 247, 244, 247, 242 ]
headPositionsY: [ 77, 74, 73, 72, 73, 72, 71, 70, 73, 75, 74, 73, 72, 71,
    71, 75, 73, 74, 73, 73, 73, 73, 74, 71, 73, 71, 73, 73, 72, 71, 71,
    74, 72, 72, 72, 73, 75, 75, 73, 74, 74, 72, 74, 76, 75, 74, 73, 72,
    77, 75, 74, 74, 72, 71, 76, 72, 71, 72, 73, 75, 78, 76, 75, 73, 77,
    76, 78, 73, 73, 75, 75, 71, 72, 73, 74, 71, 74, 74, 77, 72, 76, 75,
    76, 75, 73, 75, 75, 75, 74, 73, 76, 74, 74, 76, 75, 76, 73, 78, 74,
    77 ]
