%YAML:1.0
---
videoName: "headShake4.mp4"
gestureLabel: 201
fps: 30
pixelSizeInCmTemp: 3.2364864864864862e-01
faceCenterPointX: 237
faceCenterPointY: 101
headPositionsX: [ 236, 244, 244, 248, 252, 255, 256, 254, 252, 247, 246,
    236, 230, 228, 227, 222, 228, 230, 238, 241, 246, 253, 254, 252, 252,
    246, 238, 233, 230, 222, 223, 222, 224, 229, 236, 242, 248, 251, 256,
    255, 257, 251, 249, 243, 239, 233, 229, 225, 222, 227, 227, 231, 234,
    237, 243, 247, 248, 248, 249, 247, 246, 242, 243, 235, 232, 232, 231,
    231, 231, 231, 231, 235, 235, 238, 239, 238, 241, 244, 241, 240, 240,
    241, 241, 239, 240, 238, 235, 237, 235, 240, 238, 238, 235, 235, 237,
    237, 235, 235, 237, 235 ]
headPositionsY: [ 102, 100, 99, 100, 97, 98, 99, 100, 97, 101, 100, 101,
    97, 100, 99, 99, 98, 101, 102, 98, 98, 100, 96, 100, 98, 101, 98, 98,
    98, 99, 97, 98, 97, 99, 102, 99, 100, 101, 99, 99, 100, 97, 97, 101,
    99, 97, 98, 103, 100, 99, 100, 99, 98, 103, 99, 98, 99, 102, 100,
    101, 99, 99, 102, 101, 102, 101, 101, 101, 100, 97, 102, 98, 98, 101,
    98, 99, 102, 100, 100, 103, 101, 102, 101, 102, 101, 103, 98, 100,
    100, 99, 100, 98, 100, 100, 99, 101, 99, 100, 100, 99 ]
