%YAML:1.0
---
videoName: "headShake10.mp4"
gestureLabel: 201
fps: 29
pixelSizeInCmTemp: 3.3732394366197183e-01
faceCenterPointX: 240
faceCenterPointY: 74
headPositionsX: [ 239, 247, 248, 245, 245, 245, 248, 245, 247, 247, 245,
    245, 248, 245, 247, 248, 246, 247, 248, 245, 248, 247, 248, 247, 244,
    246, 247, 246, 248, 247, 244, 244, 247, 247, 244, 245, 247, 244, 246,
    245, 243, 248, 245, 243, 244, 245, 247, 246, 243, 244, 246, 251, 248,
    252, 254, 258, 259, 262, 261, 258, 254, 254, 248, 243, 237, 237, 233,
    232, 231, 236, 238, 242, 246, 249, 252, 255, 254, 257, 256, 253, 249,
    248, 246, 244, 243, 243, 241, 240, 238, 239, 239, 238, 239, 240, 242,
    242, 242, 242, 239, 240 ]
headPositionsY: [ 76, 75, 71, 74, 70, 73, 74, 74, 75, 75, 72, 76, 72, 75,
    71, 71, 71, 75, 74, 71, 72, 71, 75, 75, 75, 71, 72, 73, 73, 72, 73,
    73, 76, 75, 72, 74, 71, 74, 76, 74, 71, 71, 75, 71, 71, 71, 74, 73,
    73, 74, 72, 75, 71, 72, 74, 72, 71, 69, 70, 73, 73, 72, 73, 72, 72,
    72, 72, 74, 75, 75, 73, 72, 72, 74, 71, 71, 74, 72, 73, 74, 76, 73,
    77, 77, 73, 77, 74, 74, 75, 75, 76, 74, 75, 74, 76, 73, 76, 76, 76,
    76 ]
