%YAML:1.0
---
videoName: "headShake44.mp4"
gestureLabel: 201
fps: 30
pixelSizeInCmTemp: 3.2808219178082193e-01
faceCenterPointX: 260
faceCenterPointY: 84
headPositionsX: [ 258, 262, 262, 262, 262, 259, 258, 262, 258, 262, 264,
    262, 262, 259, 261, 262, 262, 263, 261, 263, 261, 263, 263, 262, 262,
    261, 261, 262, 263, 260, 262, 262, 258, 261, 259, 262, 259, 261, 260,
    263, 266, 268, 272, 273, 274, 272, 272, 267, 264, 256, 251, 249, 250,
    253, 257, 260, 268, 271, 271, 269, 269, 260, 258, 252, 253, 256, 261,
    264, 271, 271, 271, 272, 268, 264, 257, 255, 253, 250, 251, 254, 256,
    261, 261, 263, 259, 260, 260, 260, 263, 264, 263, 258, 260, 261, 258,
    259, 261, 261, 260, 260 ]
headPositionsY: [ 82, 83, 84, 84, 84, 82, 83, 82, 81, 85, 81, 82, 85, 80,
    82, 84, 82, 82, 81, 83, 83, 81, 82, 84, 84, 80, 82, 84, 81, 80, 81,
    82, 83, 84, 81, 81, 81, 84, 83, 85, 85, 83, 81, 83, 84, 83, 80, 87,
    82, 84, 82, 86, 83, 84, 83, 87, 85, 85, 82, 85, 84, 82, 85, 82, 84,
    82, 82, 83, 81, 81, 83, 82, 82, 84, 83, 82, 84, 86, 83, 82, 82, 86,
    84, 84, 85, 84, 83, 84, 85, 84, 84, 85, 87, 85, 83, 87, 86, 86, 84,
    85 ]
