%YAML:1.0
---
videoName: "headShake37.mp4"
gestureLabel: 201
fps: 30
pixelSizeInCmTemp: 3.1933333333333330e-01
faceCenterPointX: 263
faceCenterPointY: 83
headPositionsX: [ 261, 261, 260, 263, 263, 263, 260, 261, 263, 260, 261,
    263, 263, 264, 265, 260, 262, 263, 261, 263, 262, 263, 262, 264, 264,
    261, 263, 261, 263, 262, 264, 261, 263, 261, 262, 264, 264, 261, 264,
    264, 261, 262, 263, 262, 258, 260, 263, 263, 265, 272, 274, 275, 279,
    280, 281, 275, 272, 268, 258, 254, 255, 255, 254, 258, 261, 269, 269,
    273, 271, 270, 270, 266, 262, 257, 253, 251, 256, 251, 255, 257, 260,
    263, 263, 266, 267, 267, 264, 265, 267, 264, 266, 262, 265, 266, 264,
    263, 264, 262, 266, 261 ]
headPositionsY: [ 84, 80, 82, 86, 81, 83, 85, 82, 85, 83, 81, 85, 82, 85,
    83, 84, 83, 84, 81, 83, 84, 81, 82, 81, 84, 84, 84, 83, 84, 84, 82,
    86, 82, 81, 83, 84, 85, 83, 82, 84, 83, 81, 82, 85, 84, 83, 85, 81,
    85, 82, 81, 80, 79, 81, 83, 82, 82, 85, 83, 84, 80, 81, 84, 80, 83,
    83, 82, 81, 80, 84, 80, 84, 82, 82, 83, 84, 82, 83, 85, 81, 82, 84,
    81, 84, 81, 84, 85, 84, 81, 84, 82, 81, 84, 85, 82, 85, 82, 84, 83,
    81 ]
