%YAML:1.0
---
videoName: "headShake9.mp4"
gestureLabel: 201
fps: 30
pixelSizeInCmTemp: 3.2808219178082193e-01
faceCenterPointX: 243
faceCenterPointY: 73
headPositionsX: [ 245, 243, 244, 241, 243, 241, 245, 242, 245, 244, 242,
    241, 242, 241, 245, 245, 243, 245, 241, 241, 240, 244, 245, 241, 244,
    243, 240, 241, 242, 244, 243, 242, 244, 241, 243, 244, 243, 242, 244,
    245, 246, 250, 251, 256, 260, 264, 262, 263, 263, 256, 254, 250, 244,
    239, 231, 231, 226, 227, 230, 237, 241, 248, 254, 259, 262, 260, 264,
    256, 254, 250, 242, 237, 232, 231, 230, 229, 228, 234, 235, 238, 246,
    248, 250, 249, 251, 250, 251, 247, 250, 248, 246, 247, 243, 244, 243,
    242, 242, 244, 243, 241 ]
headPositionsY: [ 72, 71, 74, 74, 72, 74, 72, 71, 71, 73, 71, 71, 73, 74,
    73, 75, 71, 70, 73, 75, 71, 71, 71, 70, 71, 73, 70, 74, 71, 74, 72,
    72, 73, 71, 74, 70, 70, 74, 74, 71, 74, 74, 69, 69, 68, 72, 69, 72,
    73, 72, 75, 75, 72, 71, 74, 72, 72, 72, 75, 71, 72, 71, 73, 69, 67,
    68, 69, 72, 72, 72, 74, 74, 74, 74, 73, 73, 74, 73, 74, 72, 72, 71,
    73, 72, 75, 71, 71, 73, 75, 73, 75, 72, 74, 71, 73, 71, 73, 75, 72,
    72 ]
