%YAML:1.0
---
videoName: "headShake24.mp4"
gestureLabel: 201
fps: 29
pixelSizeInCmTemp: 3.2808219178082193e-01
faceCenterPointX: 240
faceCenterPointY: 78
headPositionsX: [ 238, 253, 249, 250, 255, 252, 255, 256, 253, 252, 249,
    247, 245, 243, 240, 235, 237, 234, 230, 229, 230, 228, 233, 234, 234,
    236, 234, 241, 242, 245, 246, 247, 248, 248, 250, 251, 251, 249, 249,
    248, 242, 242, 239, 238, 239, 236, 233, 234, 235, 235, 235, 234, 237,
    236, 239, 239, 242, 244, 246, 246, 248, 244, 246, 249, 248, 245, 249,
    249, 247, 244, 246, 244, 241, 241, 239, 241, 240, 241, 237, 241, 238,
    239, 238, 242, 239, 241, 238, 238, 242, 241, 239, 239, 240, 238, 240,
    239, 238, 242, 242, 238 ]
headPositionsY: [ 79, 76, 77, 75, 74, 75, 75, 76, 77, 76, 75, 77, 80, 77,
    80, 75, 78, 76, 79, 78, 79, 76, 79, 76, 79, 77, 78, 79, 78, 78, 74,
    75, 75, 80, 76, 79, 80, 76, 80, 76, 77, 77, 78, 78, 80, 78, 77, 76,
    77, 77, 79, 76, 75, 80, 76, 77, 77, 75, 79, 78, 77, 77, 79, 77, 79,
    76, 80, 75, 77, 79, 78, 76, 75, 77, 80, 74, 80, 76, 78, 76, 77, 76,
    76, 76, 80, 76, 76, 78, 78, 80, 76, 79, 76, 76, 77, 78, 79, 80, 77,
    79 ]
