%YAML:1.0
---
videoName: "headShake11.mp4"
gestureLabel: 201
fps: 29
pixelSizeInCmTemp: 3.2364864864864862e-01
faceCenterPointX: 244
faceCenterPointY: 76
headPositionsX: [ 246, 243, 240, 241, 242, 244, 245, 241, 241, 242, 242,
    244, 241, 242, 240, 241, 241, 240, 241, 241, 242, 240, 241, 240, 241,
    243, 245, 246, 245, 248, 253, 256, 258, 260, 260, 262, 260, 257, 255,
    249, 243, 236, 232, 229, 229, 228, 228, 229, 234, 238, 248, 251, 252,
    259, 257, 259, 256, 255, 250, 245, 237, 233, 232, 229, 230, 232, 233,
    240, 244, 248, 251, 255, 258, 256, 257, 253, 251, 248, 244, 241, 236,
    233, 236, 237, 234, 238, 239, 241, 245, 246, 248, 247, 247, 248, 246,
    247, 247, 244, 244, 242 ]
headPositionsY: [ 77, 74, 70, 71, 74, 72, 72, 73, 71, 71, 72, 70, 71, 74,
    74, 71, 73, 71, 72, 75, 72, 75, 75, 74, 72, 74, 73, 75, 74, 73, 71,
    71, 72, 70, 71, 72, 73, 72, 71, 77, 74, 73, 76, 76, 73, 74, 76, 76,
    76, 77, 75, 74, 75, 73, 72, 71, 71, 75, 77, 78, 74, 77, 75, 77, 76,
    77, 77, 75, 75, 73, 73, 74, 72, 71, 73, 73, 73, 74, 74, 73, 74, 72,
    73, 75, 73, 74, 77, 77, 76, 75, 73, 74, 76, 72, 73, 76, 73, 77, 74,
    74 ]
