%YAML:1.0
---
videoName: "headShake20.mp4"
gestureLabel: 201
fps: 29
pixelSizeInCmTemp: 3.3263888888888887e-01
faceCenterPointX: 242
faceCenterPointY: 78
headPositionsX: [ 243, 246, 246, 242, 243, 242, 243, 244, 245, 245, 240,
    243, 246, 245, 241, 241, 241, 243, 241, 244, 243, 243, 245, 241, 242,
    242, 241, 244, 244, 243, 243, 242, 241, 243, 243, 242, 244, 240, 246,
    247, 246, 253, 255, 257, 258, 260, 255, 251, 250, 245, 238, 232, 231,
    230, 228, 234, 237, 242, 250, 251, 251, 251, 251, 244, 244, 237, 236,
    235, 229, 234, 235, 239, 242, 244, 246, 246, 248, 246, 243, 239, 238,
    239, 240, 240, 240, 243, 245, 241, 241, 242, 243, 246, 243, 244, 242,
    245, 242, 240, 242, 241 ]
headPositionsY: [ 77, 77, 76, 77, 75, 76, 75, 74, 75, 78, 77, 74, 75, 76,
    78, 76, 76, 77, 77, 77, 75, 78, 74, 74, 77, 76, 78, 78, 76, 79, 75,
    75, 74, 77, 77, 75, 79, 78, 76, 74, 78, 78, 75, 75, 76, 76, 76, 77,
    76, 76, 75, 78, 75, 73, 75, 75, 77, 74, 76, 77, 74, 76, 74, 74, 76,
    74, 77, 76, 75, 77, 75, 76, 78, 77, 76, 76, 75, 77, 75, 74, 76, 78,
    75, 79, 77, 78, 77, 75, 76, 76, 75, 80, 76, 76, 78, 79, 78, 76, 78,
    75 ]
