%YAML:1.0
---
videoName: "headShake6.mp4"
gestureLabel: 201
fps: 29
pixelSizeInCmTemp: 3.2808219178082193e-01
faceCenterPointX: 244
faceCenterPointY: 68
headPositionsX: [ 242, 243, 246, 245, 247, 244, 243, 246, 245, 242, 243,
    244, 246, 246, 244, 246, 246, 247, 246, 247, 245, 244, 246, 243, 246,
    246, 247, 245, 251, 253, 254, 260, 261, 262, 261, 259, 260, 252, 247,
    244, 234, 234, 232, 229, 232, 238, 242, 251, 255, 258, 256, 257, 258,
    256, 249, 243, 237, 233, 229, 233, 233, 233, 238, 242, 247, 250, 251,
    250, 251, 250, 246, 242, 242, 238, 240, 237, 240, 239, 240, 241, 242,
    244, 242, 241, 243, 245, 246, 244, 245, 246, 241, 246, 245, 242, 243,
    243, 244, 244, 242, 246 ]
headPositionsY: [ 67, 67, 66, 69, 67, 68, 66, 66, 66, 67, 65, 68, 65, 68,
    69, 66, 67, 66, 68, 64, 67, 68, 70, 65, 69, 69, 67, 65, 69, 69, 66,
    63, 65, 65, 69, 66, 66, 69, 68, 67, 67, 67, 69, 65, 66, 70, 70, 70,
    66, 66, 68, 69, 69, 67, 66, 68, 69, 69, 68, 65, 67, 66, 67, 68, 68,
    69, 70, 70, 65, 69, 69, 69, 67, 66, 65, 66, 66, 69, 67, 68, 69, 68,
    66, 66, 69, 67, 69, 70, 70, 67, 67, 70, 69, 71, 68, 66, 69, 71, 70,
    67 ]
