%YAML:1.0
---
videoName: "headShake6.mp4"
gestureLabel: 201
fps: 29
pixelSizeInCmTemp: 3.2808219178082193e-01
faceCenterPointX: 244
faceCenterPointY: 68
headPositionsX: [ 242, 245, 244, 245, 247, 247, 243, 246, 246, 244, 247,
    247, 243, 244, 246, 244, 243, 245, 245, 245, 244, 243, 244, 244, 244,
    244, 247, 246, 248, 253, 254, 256, 263, 261, 261, 260, 260, 252, 245,
    241, 237, 231, 229, 231, 233, 240, 244, 250, 256, 255, 259, 257, 254,
    256, 248, 244, 238, 233, 231, 233, 231, 234, 237, 242, 244, 247, 249,
    252, 252, 251, 244, 243, 242, 240, 239, 239, 236, 237, 241, 239, 242,
    244, 241, 242, 245, 243, 243, 246, 242, 243, 243, 243, 243, 243, 246,
    245, 246, 244, 242, 242 ]
headPositionsY: [ 68, 67, 67, 68, 64, 68, 64, 64, 68, 64, 65, 68, 66, 66,
    69, 67, 68, 68, 67, 66, 68, 64, 66, 64, 69, 67, 65, 67, 67, 66, 68,
    64, 63, 63, 68, 66, 64, 68, 69, 67, 71, 66, 70, 65, 67, 68, 67, 68,
    66, 69, 67, 68, 66, 70, 70, 69, 68, 67, 67, 68, 68, 66, 68, 68, 67,
    67, 68, 67, 67, 68, 68, 66, 69, 67, 68, 67, 65, 67, 68, 67, 66, 69,
    70, 68, 67, 70, 70, 66, 67, 68, 69, 70, 66, 71, 68, 67, 66, 68, 67,
    67 ]
