%YAML:1.0
---
videoName: "headShake28.mp4"
gestureLabel: 201
fps: 29
pixelSizeInCmTemp: 3.2808219178082193e-01
faceCenterPointX: 242
faceCenterPointY: 80
headPositionsX: [ 242, 239, 240, 242, 240, 243, 243, 242, 239, 242, 241,
    241, 239, 241, 244, 242, 241, 243, 242, 241, 240, 243, 241, 242, 239,
    241, 243, 241, 243, 241, 240, 243, 243, 242, 243, 244, 245, 243, 241,
    244, 241, 246, 245, 242, 244, 244, 242, 243, 244, 242, 239, 234, 234,
    231, 231, 235, 238, 244, 248, 254, 256, 254, 252, 251, 248, 242, 235,
    234, 230, 233, 240, 245, 249, 251, 250, 257, 254, 253, 247, 246, 240,
    238, 236, 239, 237, 236, 237, 238, 239, 242, 242, 243, 244, 243, 240,
    243, 240, 241, 244, 242 ]
headPositionsY: [ 81, 78, 78, 74, 76, 75, 78, 77, 79, 78, 78, 80, 76, 79,
    81, 80, 77, 76, 80, 77, 77, 77, 79, 79, 79, 80, 77, 80, 79, 81, 81,
    80, 80, 78, 77, 80, 80, 79, 75, 79, 76, 76, 78, 77, 78, 80, 77, 77,
    75, 79, 77, 77, 78, 78, 77, 79, 78, 75, 79, 77, 75, 78, 76, 76, 76,
    81, 76, 77, 80, 78, 80, 81, 79, 81, 74, 78, 78, 77, 78, 80, 78, 81,
    78, 82, 76, 78, 81, 79, 79, 80, 77, 82, 78, 81, 80, 80, 81, 81, 80,
    82 ]
