%YAML:1.0
---
videoName: "headShake38.mp4"
gestureLabel: 201
fps: 29
pixelSizeInCmTemp: 3.2808219178082193e-01
faceCenterPointX: 259
faceCenterPointY: 84
headPositionsX: [ 258, 263, 265, 261, 261, 265, 264, 262, 264, 260, 264,
    262, 262, 262, 263, 261, 263, 263, 265, 265, 266, 265, 264, 262, 263,
    261, 264, 263, 264, 264, 261, 260, 261, 262, 260, 262, 264, 262, 262,
    263, 261, 262, 259, 255, 256, 251, 248, 249, 248, 250, 261, 265, 272,
    279, 278, 274, 267, 262, 252, 251, 250, 248, 254, 261, 266, 269, 274,
    269, 268, 259, 254, 249, 247, 247, 248, 255, 260, 262, 266, 268, 269,
    267, 269, 264, 264, 264, 260, 262, 260, 258, 260, 260, 258, 259, 261,
    260, 261, 259, 260, 262 ]
headPositionsY: [ 82, 82, 82, 83, 82, 82, 84, 81, 85, 81, 83, 83, 84, 83,
    84, 83, 82, 83, 82, 84, 82, 85, 83, 83, 85, 84, 84, 82, 85, 82, 86,
    84, 81, 84, 83, 83, 84, 86, 82, 85, 82, 84, 84, 82, 85, 79, 83, 80,
    82, 83, 82, 82, 84, 83, 85, 82, 83, 82, 86, 82, 84, 84, 82, 82, 85,
    81, 83, 84, 86, 83, 83, 82, 85, 83, 82, 86, 84, 82, 82, 82, 82, 85,
    83, 84, 83, 87, 83, 86, 84, 86, 85, 83, 82, 84, 83, 86, 84, 83, 84,
    82 ]
