%YAML:1.0
---
videoName: "headShake18.mp4"
gestureLabel: 201
fps: 30
pixelSizeInCmTemp: 3.2808219178082193e-01
faceCenterPointX: 240
faceCenterPointY: 77
headPositionsX: [ 239, 240, 241, 244, 242, 242, 239, 239, 241, 242, 240,
    239, 240, 243, 239, 240, 239, 239, 240, 242, 242, 240, 241, 241, 238,
    241, 241, 238, 239, 238, 239, 238, 241, 240, 241, 243, 245, 248, 251,
    249, 250, 253, 252, 251, 249, 245, 240, 237, 232, 230, 228, 229, 235,
    239, 240, 246, 247, 250, 247, 246, 245, 239, 238, 237, 234, 236, 233,
    237, 238, 240, 242, 244, 247, 245, 242, 244, 238, 239, 239, 236, 235,
    235, 237, 237, 239, 241, 242, 245, 240, 243, 240, 243, 244, 241, 238,
    238, 240, 242, 242, 240 ]
headPositionsY: [ 76, 76, 75, 74, 75, 77, 77, 77, 73, 77, 77, 77, 73, 77,
    77, 78, 74, 75, 77, 76, 77, 78, 75, 78, 74, 74, 73, 78, 76, 77, 75,
    74, 78, 75, 77, 77, 77, 78, 75, 74, 75, 77, 73, 75, 76, 78, 76, 75,
    78, 77, 74, 76, 78, 79, 74, 77, 75, 76, 76, 78, 74, 74, 79, 75, 78,
    75, 75, 78, 75, 77, 76, 75, 77, 75, 76, 76, 77, 77, 76, 77, 79, 79,
    75, 75, 77, 78, 75, 77, 77, 80, 80, 75, 76, 76, 75, 76, 78, 75, 77,
    77 ]
