%YAML:1.0
---
videoName: "headShake28.mp4"
gestureLabel: 201
fps: 29
pixelSizeInCmTemp: 3.2808219178082193e-01
faceCenterPointX: 242
faceCenterPointY: 80
headPositionsX: [ 241, 241, 240, 242, 242, 239, 240, 240, 238, 243, 239,
    242, 243, 244, 242, 242, 242, 243, 242, 243, 242, 242, 241, 241, 242,
    244, 240, 244, 241, 240, 243, 243, 244, 240, 241, 244, 245, 243, 245,
    245, 242, 242, 242, 242, 242, 243, 244, 247, 245, 242, 241, 235, 230,
    227, 231, 234, 238, 245, 251, 250, 256, 257, 251, 249, 245, 239, 235,
    231, 232, 233, 236, 245, 248, 249, 250, 257, 255, 250, 249, 244, 242,
    242, 238, 236, 235, 239, 238, 238, 241, 239, 243, 241, 241, 241, 244,
    240, 240, 244, 241, 240 ]
headPositionsY: [ 78, 76, 79, 78, 78, 77, 76, 79, 75, 80, 78, 77, 76, 80,
    80, 76, 80, 79, 80, 78, 79, 80, 78, 79, 80, 79, 77, 81, 81, 77, 79,
    76, 77, 77, 80, 80, 77, 79, 76, 80, 79, 76, 78, 79, 78, 77, 76, 78,
    75, 79, 76, 79, 79, 79, 77, 78, 79, 76, 78, 79, 76, 75, 76, 76, 80,
    78, 78, 80, 78, 79, 78, 78, 78, 79, 75, 78, 76, 78, 78, 81, 79, 81,
    81, 80, 76, 76, 79, 80, 77, 77, 81, 82, 79, 78, 77, 78, 80, 82, 79,
    78 ]
