%YAML:1.0
---
videoName: "headShake13.mp4"
gestureLabel: 201
fps: 29
pixelSizeInCmTemp: 3.2364864864864862e-01
faceCenterPointX: 241
faceCenterPointY: 77
headPositionsX: [ 243, 242, 242, 240, 239, 243, 241, 240, 241, 240, 240,
    244, 244, 240, 242, 240, 243, 244, 242, 240, 243, 242, 240, 239, 241,
    241, 244, 239, 241, 240, 239, 240, 238, 239, 244, 246, 250, 257, 260,
    263, 263, 261, 259, 253, 252, 245, 238, 236, 229, 228, 231, 231, 236,
    238, 245, 246, 249, 250, 249, 248, 242, 240, 235, 236, 232, 232, 233,
    236, 238, 243, 245, 248, 253, 252, 248, 252, 246, 244, 239, 239, 234,
    233, 234, 235, 233, 234, 235, 238, 243, 244, 245, 246, 244, 243, 245,
    245, 245, 243, 239, 240 ]
headPositionsY: [ 76, 76, 76, 75, 77, 74, 77, 77, 77, 74, 76, 75, 78, 79,
    75, 77, 78, 76, 74, 78, 76, 74, 75, 75, 76, 75, 77, 74, 77, 77, 78,
    78, 78, 77, 75, 75, 77, 76, 73, 75, 77, 76, 76, 75, 77, 75, 74, 74,
    76, 76, 75, 75, 74, 78, 77, 78, 74, 74, 74, 77, 76, 76, 76, 78, 75,
    75, 77, 77, 78, 74, 76, 74, 77, 74, 74, 75, 79, 76, 75, 78, 77, 78,
    78, 78, 77, 76, 77, 76, 75, 76, 76, 76, 74, 74, 76, 76, 77, 78, 78,
    74 ]
