%YAML:1.0
---
videoName: "headShake20.mp4"
gestureLabel: 201
fps: 29
pixelSizeInCmTemp: 3.3263888888888887e-01
faceCenterPointX: 242
faceCenterPointY: 78
headPositionsX: [ 242, 242, 245, 243, 246, 244, 244, 245, 244, 244, 241,
    243, 243, 245, 241, 245, 241, 244, 242, 244, 244, 242, 244, 245, 242,
    243, 242, 243, 245, 245, 241, 244, 243, 242, 243, 242, 242, 244, 246,
    243, 245, 253, 255, 256, 261, 259, 259, 253, 249, 241, 235, 234, 229,
    228, 229, 233, 236, 242, 246, 251, 252, 253, 248, 246, 244, 239, 237,
    232, 229, 234, 234, 237, 241, 244, 244, 248, 248, 243, 241, 243, 239,
    238, 239, 239, 243, 243, 242, 243, 242, 246, 241, 244, 242, 245, 245,
    241, 241, 241, 243, 243 ]
headPositionsY: [ 76, 76, 78, 75, 74, 78, 78, 77, 77, 75, 74, 78, 77, 77,
    74, 75, 76, 77, 78, 76, 75, 76, 75, 74, 77, 75, 74, 78, 77, 75, 76,
    77, 78, 76, 76, 77, 77, 75, 79, 77, 78, 75, 75, 76, 73, 78, 77, 76,
    80, 76, 74, 78, 76, 73, 75, 74, 74, 76, 76, 74, 75, 73, 77, 77, 75,
    75, 78, 76, 76, 77, 76, 75, 78, 77, 77, 79, 76, 78, 78, 76, 79, 77,
    77, 77, 75, 79, 79, 78, 79, 80, 76, 79, 78, 78, 75, 78, 78, 75, 79,
    75 ]
