%YAML:1.0
---
videoName: "headShake24.mp4"
gestureLabel: 201
fps: 29
pixelSizeInCmTemp: 3.2808219178082193e-01
faceCenterPointX: 240
faceCenterPointY: 78
headPositionsX: [ 240, 250, 253, 251, 252, 255, 255, 254, 251, 251, 250,
    245, 242, 244, 240, 235, 236, 233, 230, 233, 230, 231, 231, 232, 234,
    237, 234, 241, 242, 241, 246, 247, 248, 250, 249, 249, 249, 250, 249,
    245, 242, 242, 240, 240, 237, 237, 237, 236, 236, 233, 236, 233, 234,
    237, 237, 238, 242, 245, 247, 244, 244, 244, 245, 249, 249, 246, 249,
    249, 244, 247, 245, 243, 242, 242, 241, 240, 239, 240, 240, 239, 240,
    240, 238, 238, 236, 241, 240, 240, 238, 237, 240, 242, 239, 238, 243,
    239, 238, 239, 242, 238 ]
headPositionsY: [ 79, 78, 78, 76, 75, 74, 77, 74, 78, 79, 79, 79, 78, 78,
    80, 78, 78, 78, 79, 76, 79, 79, 80, 77, 77, 77, 75, 76, 77, 75, 75,
    79, 76, 78, 78, 78, 79, 78, 77, 76, 79, 78, 80, 76, 80, 79, 79, 76,
    79, 76, 78, 76, 77, 79, 78, 78, 78, 77, 80, 77, 77, 80, 80, 79, 77,
    77, 79, 78, 77, 76, 77, 80, 76, 75, 76, 77, 78, 79, 77, 78, 75, 78,
    78, 79, 79, 79, 80, 80, 77, 80, 78, 76, 77, 79, 77, 75, 79, 79, 79,
    79 ]
