%YAML:1.0
---
videoName: "headShake46.mp4"
gestureLabel: 201
fps: 30
pixelSizeInCmTemp: 3.2364864864864862e-01
faceCenterPointX: 262
faceCenterPointY: 85
headPositionsX: [ 261, 260, 263, 258, 261, 260, 261, 260, 263, 260, 261,
    259, 258, 258, 260, 260, 261, 259, 261, 260, 260, 262, 261, 258, 262,
    258, 261, 260, 260, 260, 264, 266, 271, 275, 279, 278, 278, 271, 266,
    260, 252, 249, 250, 252, 253, 263, 268, 267, 270, 265, 261, 257, 253,
    253, 257, 257, 262, 266, 269, 267, 266, 260, 260, 255, 257, 261, 264,
    266, 268, 270, 269, 265, 265, 258, 260, 260, 260, 265, 265, 264, 263,
    265, 264, 262, 259, 259, 258, 260, 259, 260, 263, 260, 260, 259, 260,
    261, 262, 262, 259, 261 ]
headPositionsY: [ 86, 83, 83, 84, 82, 82, 85, 84, 84, 82, 84, 86, 82, 82,
    83, 86, 83, 84, 85, 83, 82, 86, 85, 82, 87, 85, 86, 83, 86, 85, 83,
    83, 82, 80, 81, 82, 81, 84, 87, 84, 87, 86, 86, 84, 84, 87, 87, 86,
    84, 86, 83, 84, 84, 85, 84, 83, 87, 84, 82, 83, 88, 85, 87, 84, 84,
    84, 86, 85, 86, 87, 87, 86, 84, 83, 83, 85, 86, 85, 85, 87, 84, 85,
    85, 87, 86, 86, 82, 84, 85, 85, 86, 85, 84, 86, 86, 83, 83, 83, 85,
    87 ]
