%YAML:1.0
---
videoName: "headShake15.mp4"
gestureLabel: 201
fps: 29
pixelSizeInCmTemp: 3.3263888888888887e-01
faceCenterPointX: 243
faceCenterPointY: 76
headPositionsX: [ 242, 242, 243, 243, 246, 244, 246, 245, 245, 242, 242,
    246, 241, 243, 244, 242, 241, 242, 244, 241, 245, 243, 241, 242, 241,
    242, 242, 242, 241, 240, 242, 245, 243, 245, 243, 243, 245, 242, 244,
    242, 241, 240, 243, 243, 240, 241, 245, 244, 241, 241, 242, 243, 241,
    243, 243, 243, 244, 242, 243, 243, 243, 242, 246, 247, 250, 254, 254,
    260, 259, 257, 256, 252, 251, 246, 241, 237, 239, 238, 237, 241, 238,
    245, 244, 244, 246, 245, 245, 245, 244, 245, 241, 243, 240, 241, 241,
    242, 243, 243, 242, 243 ]
headPositionsY: [ 77, 74, 78, 75, 76, 75, 75, 76, 72, 76, 76, 75, 75, 78,
    74, 74, 75, 76, 76, 76, 75, 73, 78, 75, 74, 77, 73, 74, 74, 76, 76,
    75, 73, 73, 75, 77, 77, 75, 74, 73, 74, 75, 76, 76, 74, 74, 77, 77,
    77, 76, 76, 77, 75, 73, 76, 75, 75, 77, 74, 77, 76, 73, 76, 75, 74,
    74, 74, 75, 74, 77, 76, 74, 77, 77, 77, 76, 79, 74, 74, 77, 75, 75,
    79, 79, 78, 75, 80, 74, 79, 75, 76, 78, 74, 78, 76, 74, 77, 78, 76,
    77 ]
