%YAML:1.0
---
videoName: "headShake46.mp4"
gestureLabel: 201
fps: 30
pixelSizeInCmTemp: 3.2364864864864862e-01
faceCenterPointX: 262
faceCenterPointY: 85
headPositionsX: [ 264, 260, 262, 261, 258, 258, 261, 259, 261, 259, 260,
    260, 262, 262, 259, 258, 258, 260, 258, 260, 260, 260, 261, 260, 262,
    258, 260, 261, 258, 263, 263, 268, 270, 274, 278, 275, 275, 271, 265,
    260, 253, 251, 249, 253, 255, 262, 265, 271, 268, 267, 263, 258, 252,
    256, 254, 261, 263, 268, 267, 265, 267, 264, 260, 255, 258, 260, 261,
    266, 270, 267, 269, 267, 263, 260, 258, 258, 261, 264, 266, 265, 265,
    266, 265, 260, 261, 259, 260, 260, 262, 261, 259, 258, 259, 260, 259,
    261, 263, 260, 262, 261 ]
headPositionsY: [ 83, 85, 84, 84, 83, 82, 83, 82, 86, 83, 83, 85, 83, 82,
    85, 85, 84, 87, 85, 85, 84, 84, 85, 85, 84, 86, 82, 83, 85, 83, 85,
    85, 83, 83, 81, 80, 82, 85, 86, 85, 87, 82, 85, 83, 86, 84, 84, 85,
    85, 84, 87, 84, 84, 83, 83, 83, 83, 87, 82, 84, 88, 85, 85, 86, 85,
    87, 86, 86, 83, 87, 87, 87, 87, 84, 87, 83, 85, 86, 85, 85, 84, 85,
    83, 87, 83, 85, 86, 86, 83, 82, 85, 83, 83, 84, 86, 86, 84, 87, 83,
    84 ]
