%YAML:1.0
---
videoName: "headShake38.mp4"
gestureLabel: 201
fps: 29
pixelSizeInCmTemp: 3.2808219178082193e-01
faceCenterPointX: 259
faceCenterPointY: 84
headPositionsX: [ 258, 261, 262, 263, 263, 263, 265, 265, 266, 263, 266,
    263, 263, 262, 264, 261, 263, 263, 262, 261, 265, 262, 262, 261, 262,
    262, 264, 264, 264, 262, 263, 264, 265, 265, 260, 261, 262, 264, 263,
    260, 261, 263, 260, 255, 255, 249, 250, 248, 246, 253, 260, 266, 272,
    276, 276, 273, 271, 263, 255, 248, 249, 247, 253, 258, 266, 272, 272,
    267, 267, 261, 251, 247, 245, 250, 250, 255, 260, 262, 268, 266, 268,
    269, 269, 265, 265, 263, 264, 259, 260, 258, 260, 260, 259, 260, 263,
    260, 259, 259, 261, 260 ]
headPositionsY: [ 84, 85, 81, 81, 85, 81, 83, 84, 86, 83, 81, 83, 82, 85,
    85, 84, 82, 86, 85, 82, 82, 84, 82, 83, 85, 82, 83, 82, 84, 83, 82,
    84, 83, 86, 82, 84, 84, 83, 82, 83, 85, 84, 86, 84, 82, 83, 85, 84,
    84, 82, 83, 84, 84, 80, 81, 82, 84, 83, 82, 82, 82, 84, 83, 82, 85,
    81, 83, 85, 84, 86, 82, 83, 84, 85, 81, 83, 82, 83, 85, 85, 83, 87,
    85, 84, 86, 86, 83, 86, 84, 85, 85, 84, 86, 82, 83, 86, 83, 83, 86,
    82 ]
