%YAML:1.0
---
videoName: "headShake49.mp4"
gestureLabel: 201
fps: 30
pixelSizeInCmTemp: 2.8855421686746985e-01
faceCenterPointX: 259
faceCenterPointY: 84
headPositionsX: [ 261, 263, 258, 259, 259, 259, 260, 258, 260, 259, 262,
    262, 259, 263, 260, 259, 261, 261, 261, 259, 263, 262, 258, 259, 260,
    258, 262, 258, 261, 263, 260, 263, 261, 266, 266, 273, 277, 280, 285,
    284, 282, 280, 269, 268, 260, 252, 248, 246, 252, 254, 261, 266, 273,
    276, 274, 265, 261, 257, 250, 247, 248, 253, 255, 260, 265, 270, 271,
    265, 262, 259, 255, 251, 252, 257, 256, 263, 266, 270, 269, 268, 267,
    261, 262, 258, 260, 256, 259, 257, 258, 262, 260, 259, 257, 260, 259,
    260, 256, 261, 257, 259 ]
headPositionsY: [ 86, 79, 83, 82, 81, 83, 79, 80, 81, 82, 81, 82, 82, 80,
    81, 79, 83, 79, 81, 81, 78, 79, 79, 81, 78, 79, 82, 81, 81, 80, 84,
    81, 82, 81, 82, 82, 82, 82, 78, 82, 78, 80, 82, 82, 85, 83, 85, 83,
    84, 85, 83, 86, 83, 82, 82, 82, 82, 83, 85, 85, 81, 82, 87, 84, 83,
    82, 83, 83, 84, 83, 83, 85, 86, 84, 83, 83, 85, 85, 86, 86, 87, 83,
    84, 82, 83, 82, 83, 85, 83, 86, 83, 84, 84, 84, 84, 85, 86, 85, 84,
    87 ]
