%YAML:1.0
---
videoName: "headShake36.mp4"
gestureLabel: 201
fps: 29
pixelSizeInCmTemp: 3.2364864864864862e-01
faceCenterPointX: 263
faceCenterPointY: 80
headPositionsX: [ 263, 266, 261, 264, 262, 266, 264, 267, 272, 270, 273,
    279, 277, 282, 280, 285, 283, 281, 278, 278, 274, 270, 267, 266, 264,
    259, 257, 255, 253, 248, 248, 245, 247, 244, 246, 247, 248, 250, 251,
    255, 259, 259, 267, 266, 269, 275, 277, 275, 278, 281, 278, 279, 279,
    275, 275, 271, 272, 265, 263, 258, 257, 256, 251, 248, 252, 249, 250,
    252, 252, 251, 253, 256, 260, 262, 261, 265, 268, 268, 269, 267, 266,
    269, 266, 267, 265, 264, 267, 266, 267, 266, 266, 262, 266, 263, 265,
    263, 261, 261, 263, 264 ]
headPositionsY: [ 81, 79, 77, 79, 81, 78, 81, 80, 81, 76, 76, 80, 76, 79,
    77, 77, 75, 78, 77, 79, 79, 82, 83, 82, 83, 81, 79, 79, 81, 78, 80,
    80, 80, 79, 80, 79, 82, 78, 82, 81, 81, 83, 80, 81, 78, 77, 80, 81,
    78, 79, 78, 76, 78, 81, 78, 79, 79, 81, 80, 79, 79, 81, 77, 81, 78,
    78, 80, 82, 79, 81, 83, 78, 80, 79, 82, 81, 83, 81, 78, 79, 79, 80,
    78, 80, 79, 82, 80, 79, 79, 83, 83, 79, 79, 81, 82, 79, 79, 81, 80,
    80 ]
