%YAML:1.0
---
videoName: "headShake9.mp4"
gestureLabel: 201
fps: 30
pixelSizeInCmTemp: 3.2808219178082193e-01
faceCenterPointX: 243
faceCenterPointY: 73
headPositionsX: [ 241, 244, 242, 240, 242, 240, 244, 245, 244, 241, 241,
    244, 244, 245, 241, 244, 243, 241, 242, 244, 242, 243, 245, 245, 242,
    245, 240, 244, 244, 241, 240, 244, 243, 242, 245, 245, 242, 241, 242,
    244, 245, 252, 253, 259, 260, 263, 264, 265, 261, 258, 252, 248, 242,
    240, 234, 230, 228, 230, 234, 236, 242, 246, 251, 256, 261, 261, 262,
    256, 253, 251, 244, 239, 232, 231, 229, 229, 226, 235, 239, 239, 246,
    249, 249, 250, 250, 251, 252, 250, 249, 247, 244, 245, 247, 246, 243,
    243, 243, 246, 241, 244 ]
headPositionsY: [ 73, 71, 73, 70, 73, 74, 71, 71, 73, 70, 70, 74, 74, 72,
    73, 71, 71, 73, 74, 72, 73, 71, 71, 72, 70, 72, 74, 71, 72, 71, 73,
    71, 74, 71, 74, 72, 74, 71, 71, 71, 72, 73, 69, 70, 68, 68, 68, 72,
    70, 69, 74, 75, 75, 71, 72, 72, 72, 72, 72, 74, 73, 74, 70, 72, 68,
    68, 71, 70, 74, 71, 73, 73, 74, 73, 75, 71, 71, 72, 71, 72, 73, 75,
    74, 71, 71, 71, 73, 75, 75, 75, 74, 71, 73, 72, 73, 72, 75, 75, 74,
    72 ]
