%YAML:1.0
---
videoName: "headShake29.mp4"
gestureLabel: 201
fps: 29
pixelSizeInCmTemp: 3.3263888888888887e-01
faceCenterPointX: 243
faceCenterPointY: 76
headPositionsX: [ 244, 244, 243, 241, 244, 244, 243, 240, 241, 243, 240,
    245, 245, 242, 242, 243, 242, 243, 241, 240, 244, 241, 242, 239, 242,
    237, 238, 239, 240, 239, 244, 247, 250, 253, 255, 257, 257, 252, 248,
    242, 239, 233, 231, 228, 227, 230, 235, 238, 240, 245, 248, 251, 253,
    252, 250, 244, 241, 236, 231, 230, 228, 227, 232, 236, 238, 240, 245,
    249, 250, 253, 253, 251, 251, 247, 243, 240, 235, 237, 234, 233, 236,
    235, 233, 235, 237, 236, 237, 239, 239, 243, 243, 245, 241, 243, 245,
    242, 245, 244, 242, 245 ]
headPositionsY: [ 77, 78, 74, 75, 78, 73, 76, 77, 77, 74, 78, 78, 76, 78,
    77, 77, 75, 77, 78, 74, 74, 79, 74, 78, 74, 77, 78, 76, 77, 79, 75,
    77, 77, 74, 74, 73, 75, 74, 76, 75, 78, 77, 75, 75, 77, 75, 73, 77,
    77, 79, 77, 76, 75, 76, 76, 79, 76, 75, 76, 77, 77, 78, 78, 78, 78,
    75, 75, 78, 74, 76, 74, 73, 75, 76, 75, 75, 74, 77, 75, 76, 74, 76,
    76, 77, 75, 77, 77, 78, 77, 78, 75, 80, 79, 75, 78, 79, 77, 74, 76,
    76 ]
