%YAML:1.0
---
videoName: "headShake39.mp4"
gestureLabel: 201
fps: 29
pixelSizeInCmTemp: 3.1933333333333330e-01
faceCenterPointX: 263
faceCenterPointY: 83
headPositionsX: [ 264, 264, 262, 262, 260, 260, 260, 262, 262, 263, 262,
    260, 260, 259, 262, 263, 262, 262, 259, 259, 260, 259, 255, 252, 253,
    251, 249, 247, 242, 242, 241, 246, 249, 251, 257, 259, 265, 272, 278,
    279, 282, 282, 276, 273, 264, 258, 255, 246, 245, 245, 247, 248, 252,
    256, 260, 268, 274, 275, 277, 280, 275, 275, 269, 262, 259, 254, 250,
    250, 250, 250, 253, 250, 252, 254, 259, 257, 260, 264, 264, 264, 264,
    264, 268, 268, 269, 267, 268, 267, 263, 265, 264, 262, 261, 265, 265,
    265, 263, 261, 264, 263 ]
headPositionsY: [ 85, 81, 81, 83, 82, 84, 85, 84, 85, 83, 82, 82, 81, 82,
    84, 84, 85, 84, 84, 82, 81, 81, 82, 84, 85, 83, 82, 83, 84, 83, 84,
    82, 84, 80, 83, 83, 83, 81, 79, 77, 78, 80, 81, 85, 85, 84, 85, 83,
    84, 84, 83, 85, 84, 82, 84, 81, 84, 81, 79, 78, 81, 82, 83, 83, 83,
    82, 81, 77, 78, 78, 81, 80, 81, 79, 84, 84, 81, 81, 83, 83, 83, 84,
    81, 83, 81, 81, 84, 81, 81, 83, 83, 83, 81, 82, 85, 83, 83, 84, 84,
    81 ]
