%YAML:1.0
---
videoName: "headShake25.mp4"
gestureLabel: 201
fps: 30
pixelSizeInCmTemp: 3.2364864864864862e-01
faceCenterPointX: 241
faceCenterPointY: 79
headPositionsX: [ 243, 253, 254, 255, 251, 249, 251, 250, 247, 242, 238,
    236, 237, 235, 230, 232, 228, 231, 227, 230, 230, 234, 234, 238, 240,
    243, 244, 244, 247, 251, 248, 250, 251, 249, 249, 247, 241, 240, 239,
    237, 235, 230, 230, 230, 229, 230, 229, 233, 235, 235, 239, 239, 245,
    244, 248, 249, 251, 250, 249, 253, 250, 247, 249, 247, 246, 243, 241,
    238, 238, 237, 236, 233, 235, 234, 235, 235, 236, 235, 237, 238, 237,
    240, 239, 239, 239, 244, 244, 242, 244, 242, 243, 241, 240, 240, 240,
    241, 241, 239, 241, 241 ]
headPositionsY: [ 78, 77, 76, 79, 74, 78, 76, 79, 80, 77, 79, 78, 76, 79,
    75, 77, 78, 80, 76, 80, 77, 80, 79, 76, 78, 79, 77, 78, 78, 78, 77,
    76, 78, 78, 79, 78, 77, 78, 80, 78, 77, 76, 77, 79, 76, 80, 77, 76,
    79, 78, 81, 80, 80, 80, 77, 80, 82, 78, 77, 79, 77, 79, 77, 77, 81,
    80, 77, 78, 80, 80, 76, 76, 76, 80, 76, 78, 76, 80, 80, 79, 79, 78,
    81, 80, 77, 78, 77, 81, 81, 79, 78, 80, 79, 76, 77, 78, 79, 78, 77,
    80 ]
