%YAML:1.0
---
videoName: "headShake9.mp4"
gestureLabel: 201
fps: 30
pixelSizeInCmTemp: 3.2808219178082193e-01
faceCenterPointX: 243
faceCenterPointY: 73
headPositionsX: [ 241, 243, 243, 243, 242, 242, 245, 245, 244, 244, 245,
    244, 243, 245, 241, 242, 243, 242, 243, 241, 243, 243, 242, 241, 244,
    244, 242, 243, 244, 244, 243, 242, 242, 245, 245, 244, 240, 242, 244,
    242, 248, 252, 255, 257, 261, 260, 266, 265, 260, 255, 254, 249, 242,
    237, 233, 231, 229, 228, 230, 237, 241, 246, 252, 259, 260, 260, 262,
    258, 255, 250, 244, 237, 235, 232, 231, 230, 228, 235, 237, 240, 245,
    248, 250, 252, 251, 251, 250, 249, 248, 245, 246, 246, 244, 242, 244,
    242, 243, 242, 244, 241 ]
headPositionsY: [ 71, 73, 74, 71, 70, 74, 72, 71, 70, 73, 71, 71, 72, 71,
    72, 75, 71, 71, 72, 72, 71, 73, 71, 71, 74, 74, 71, 72, 73, 75, 74,
    70, 75, 70, 73, 70, 72, 72, 72, 72, 70, 70, 73, 72, 72, 71, 71, 71,
    73, 73, 72, 72, 73, 74, 72, 70, 71, 74, 71, 71, 71, 70, 70, 70, 69,
    71, 71, 70, 72, 71, 72, 71, 75, 70, 74, 69, 72, 71, 71, 71, 75, 71,
    71, 74, 75, 72, 74, 74, 74, 74, 72, 74, 76, 72, 74, 74, 75, 72, 74,
    72 ]
