%YAML:1.0
---
videoName: "headShake5.mp4"
gestureLabel: 201
fps: 30
pixelSizeInCmTemp: 3.3263888888888887e-01
faceCenterPointX: 275
faceCenterPointY: 73
headPositionsX: [ 276, 278, 277, 278, 277, 276, 281, 278, 279, 277, 276,
    279, 280, 275, 278, 276, 280, 278, 279, 278, 277, 280, 280, 277, 278,
    276, 280, 279, 278, 279, 278, 277, 278, 280, 280, 283, 291, 294, 297,
    298, 294, 292, 291, 286, 279, 272, 268, 265, 264, 264, 270, 273, 283,
    289, 289, 288, 287, 283, 279, 272, 268, 264, 261, 262, 265, 270, 273,
    280, 284, 282, 287, 283, 279, 279, 272, 270, 268, 267, 266, 268, 268,
    274, 273, 277, 280, 282, 282, 282, 283, 282, 280, 281, 277, 277, 276,
    274, 274, 274, 277, 273 ]
headPositionsY: [ 72, 75, 75, 75, 73, 73, 72, 71, 71, 75, 71, 74, 74, 74,
    75, 75, 76, 71, 73, 72, 73, 75, 72, 71, 74, 75, 75, 72, 74, 72, 74,
    71, 71, 74, 71, 73, 73, 71, 74, 74, 73, 74, 73, 72, 76, 73, 75, 72,
    72, 72, 75, 73, 73, 75, 72, 74, 73, 74, 74, 77, 78, 76, 74, 76, 73,
    75, 73, 73, 72, 76, 76, 72, 75, 75, 73, 73, 73, 73, 71, 72, 73, 73,
    71, 71, 74, 72, 70, 74, 73, 70, 74, 75, 73, 74, 71, 75, 74, 72, 73,
    75 ]
