%YAML:1.0
---
videoName: "headShake45.mp4"
gestureLabel: 201
fps: 30
pixelSizeInCmTemp: 3.3263888888888887e-01
faceCenterPointX: 262
faceCenterPointY: 84
headPositionsX: [ 261, 260, 262, 261, 260, 263, 264, 263, 261, 262, 263,
    262, 264, 263, 262, 260, 265, 263, 263, 260, 260, 262, 263, 261, 262,
    263, 263, 261, 263, 260, 264, 260, 264, 262, 260, 261, 262, 262, 257,
    256, 257, 259, 257, 265, 269, 274, 280, 283, 281, 277, 273, 265, 262,
    256, 254, 252, 258, 263, 267, 270, 273, 276, 273, 270, 264, 257, 257,
    253, 254, 259, 265, 270, 273, 270, 271, 266, 263, 260, 256, 254, 255,
    258, 258, 263, 266, 264, 264, 259, 260, 257, 259, 259, 263, 262, 260,
    263, 261, 264, 262, 264 ]
headPositionsY: [ 86, 82, 81, 80, 83, 83, 79, 83, 83, 84, 80, 80, 80, 84,
    81, 84, 80, 85, 80, 84, 81, 81, 85, 82, 81, 81, 80, 80, 81, 81, 80,
    85, 83, 84, 81, 81, 84, 83, 84, 81, 82, 81, 83, 84, 83, 82, 79, 78,
    82, 78, 82, 82, 81, 82, 83, 85, 81, 82, 82, 82, 80, 80, 81, 82, 81,
    82, 86, 82, 83, 82, 84, 83, 83, 83, 83, 81, 85, 84, 82, 84, 83, 84,
    84, 81, 85, 84, 81, 85, 82, 83, 84, 84, 85, 83, 84, 85, 82, 82, 81,
    83 ]
