%YAML:1.0
---
videoName: "headShake21.mp4"
gestureLabel: 201
fps: 29
pixelSizeInCmTemp: 3.1933333333333330e-01
faceCenterPointX: 241
faceCenterPointY: 78
headPositionsX: [ 239, 246, 243, 245, 241, 242, 244, 244, 239, 243, 242,
    239, 241, 240, 239, 241, 243, 240, 243, 244, 242, 241, 245, 241, 243,
    242, 244, 245, 242, 243, 241, 244, 242, 244, 244, 242, 241, 245, 245,
    241, 244, 243, 243, 243, 239, 241, 243, 242, 239, 239, 240, 240, 241,
    243, 242, 242, 239, 243, 244, 240, 242, 238, 241, 238, 241, 239, 240,
    241, 248, 250, 251, 252, 249, 250, 244, 242, 239, 231, 232, 233, 234,
    237, 238, 241, 240, 242, 243, 242, 241, 240, 237, 238, 237, 236, 241,
    242, 242, 239, 243, 243 ]
headPositionsY: [ 76, 85, 80, 80, 76, 76, 73, 73, 74, 70, 70, 70, 73, 71,
    68, 70, 71, 69, 71, 71, 70, 70, 70, 75, 74, 77, 74, 73, 74, 74, 76,
    74, 78, 76, 76, 74, 74, 76, 77, 74, 75, 77, 77, 77, 80, 79, 77, 79,
    79, 79, 80, 80, 79, 75, 78, 80, 77, 77, 78, 76, 77, 77, 78, 80, 78,
    79, 78, 77, 78, 75, 79, 76, 78, 77, 80, 78, 79, 80, 77, 75, 76, 78,
    79, 81, 78, 80, 77, 81, 78, 79, 77, 77, 79, 79, 80, 79, 80, 76, 81,
    78 ]
