%YAML:1.0
---
videoName: "headShake20.mp4"
gestureLabel: 201
fps: 29
pixelSizeInCmTemp: 3.3263888888888887e-01
faceCenterPointX: 242
faceCenterPointY: 78
headPositionsX: [ 241, 245, 246, 244, 246, 243, 243, 241, 243, 243, 240,
    245, 244, 242, 241, 245, 243, 242, 244, 243, 241, 241, 242, 244, 242,
    244, 243, 244, 245, 242, 241, 244, 244, 241, 244, 244, 243, 240, 242,
    243, 249, 249, 256, 258, 259, 257, 256, 254, 249, 242, 239, 236, 232,
    232, 231, 233, 239, 246, 247, 250, 252, 252, 249, 246, 243, 236, 233,
    235, 233, 230, 235, 240, 240, 244, 248, 245, 246, 243, 244, 239, 239,
    242, 242, 240, 241, 239, 243, 245, 243, 243, 242, 246, 245, 244, 245,
    241, 242, 244, 241, 241 ]
headPositionsY: [ 80, 77, 77, 77, 77, 78, 77, 77, 78, 79, 74, 76, 74, 75,
    75, 75, 78, 77, 78, 77, 77, 77, 76, 77, 77, 75, 76, 76, 74, 76, 79,
    78, 78, 75, 78, 76, 79, 77, 78, 78, 77, 76, 74, 74, 73, 78, 76, 79,
    79, 76, 75, 77, 79, 76, 74, 77, 74, 75, 77, 75, 75, 77, 75, 74, 75,
    74, 76, 78, 77, 79, 75, 75, 79, 77, 77, 76, 77, 76, 78, 77, 79, 75,
    78, 78, 75, 75, 77, 75, 76, 76, 77, 79, 77, 78, 78, 75, 76, 79, 75,
    78 ]
