%YAML:1.0
---
videoName: "headShake45.mp4"
gestureLabel: 201
fps: 30
pixelSizeInCmTemp: 3.3263888888888887e-01
faceCenterPointX: 262
faceCenterPointY: 84
headPositionsX: [ 260, 261, 264, 260, 260, 263, 264, 262, 265, 262, 264,
    263, 260, 262, 264, 264, 262, 264, 261, 262, 262, 264, 261, 263, 262,
    262, 262, 263, 264, 261, 262, 260, 261, 259, 261, 261, 262, 260, 261,
    255, 254, 258, 261, 266, 269, 275, 279, 282, 280, 276, 272, 265, 262,
    256, 256, 253, 256, 263, 267, 272, 273, 275, 274, 268, 262, 257, 254,
    253, 258, 259, 264, 267, 270, 270, 269, 270, 267, 259, 256, 258, 256,
    257, 260, 263, 262, 264, 262, 259, 261, 259, 261, 263, 263, 260, 264,
    261, 264, 264, 261, 260 ]
headPositionsY: [ 82, 83, 83, 82, 84, 79, 81, 82, 82, 85, 79, 82, 81, 82,
    84, 80, 82, 83, 81, 83, 81, 81, 82, 83, 82, 81, 83, 81, 81, 82, 84,
    82, 83, 81, 81, 81, 83, 81, 80, 82, 81, 81, 82, 81, 83, 80, 80, 78,
    82, 82, 83, 82, 82, 80, 85, 86, 82, 81, 82, 80, 83, 83, 82, 83, 84,
    83, 86, 83, 81, 83, 82, 82, 82, 82, 80, 82, 81, 84, 82, 80, 84, 83,
    84, 81, 82, 85, 82, 82, 82, 84, 82, 84, 85, 81, 85, 84, 83, 85, 83,
    84 ]
