%YAML:1.0
---
videoName: "headShake44.mp4"
gestureLabel: 201
fps: 30
pixelSizeInCmTemp: 3.2808219178082193e-01
faceCenterPointX: 260
faceCenterPointY: 84
headPositionsX: [ 260, 263, 260, 261, 259, 260, 259, 263, 261, 262, 262,
    260, 259, 261, 260, 259, 260, 259, 262, 261, 259, 262, 263, 260, 261,
    262, 263, 261, 262, 258, 258, 262, 261, 262, 261, 262, 262, 258, 264,
    263, 265, 267, 270, 274, 273, 275, 273, 268, 261, 254, 254, 249, 251,
    251, 258, 263, 264, 268, 273, 269, 265, 262, 260, 253, 255, 258, 259,
    264, 269, 273, 270, 270, 268, 264, 258, 253, 254, 250, 253, 253, 257,
    257, 261, 261, 261, 260, 264, 261, 263, 261, 259, 261, 262, 262, 260,
    260, 262, 259, 261, 263 ]
headPositionsY: [ 82, 84, 83, 84, 83, 84, 83, 83, 82, 85, 81, 84, 81, 84,
    85, 81, 81, 82, 85, 82, 82, 84, 82, 82, 81, 81, 83, 81, 84, 82, 83,
    81, 84, 85, 84, 81, 84, 81, 84, 81, 83, 84, 81, 80, 84, 82, 80, 85,
    86, 84, 84, 82, 84, 87, 84, 85, 83, 83, 85, 84, 86, 84, 84, 83, 84,
    84, 86, 84, 84, 82, 85, 81, 84, 83, 82, 84, 85, 86, 83, 82, 86, 82,
    86, 82, 83, 84, 84, 87, 83, 86, 85, 86, 83, 83, 82, 85, 84, 87, 85,
    87 ]
