%YAML:1.0
---
videoName: "headShake43.mp4"
gestureLabel: 201
fps: 29
pixelSizeInCmTemp: 3.2808219178082193e-01
faceCenterPointX: 257
faceCenterPointY: 84
headPositionsX: [ 258, 261, 259, 258, 258, 259, 260, 261, 260, 259, 259,
    258, 260, 262, 260, 262, 259, 260, 261, 260, 262, 260, 259, 258, 263,
    260, 264, 263, 270, 270, 273, 276, 277, 277, 278, 281, 283, 275, 276,
    273, 269, 267, 262, 256, 252, 249, 244, 245, 244, 245, 247, 254, 256,
    263, 265, 269, 273, 274, 273, 273, 272, 268, 263, 258, 251, 245, 243,
    244, 243, 247, 247, 249, 257, 262, 266, 268, 270, 271, 268, 266, 270,
    265, 267, 265, 263, 260, 259, 259, 260, 258, 257, 259, 259, 255, 255,
    258, 257, 258, 257, 258 ]
headPositionsY: [ 84, 86, 85, 83, 87, 85, 86, 83, 84, 83, 84, 84, 84, 86,
    83, 83, 84, 83, 83, 87, 87, 86, 86, 87, 86, 87, 84, 86, 86, 82, 82,
    82, 81, 80, 83, 83, 82, 81, 85, 84, 85, 85, 86, 83, 86, 82, 84, 82,
    84, 86, 84, 85, 82, 83, 85, 82, 84, 84, 80, 81, 83, 83, 85, 82, 83,
    83, 81, 83, 81, 85, 84, 83, 84, 87, 83, 83, 84, 81, 85, 81, 82, 86,
    85, 82, 85, 87, 85, 84, 85, 82, 82, 81, 83, 86, 82, 86, 84, 81, 85,
    85 ]
