%YAML:1.0
---
videoName: "headShake31.mp4"
gestureLabel: 201
fps: 29
pixelSizeInCmTemp: 3.2808219178082193e-01
faceCenterPointX: 236
faceCenterPointY: 68
headPositionsX: [ 234, 237, 236, 237, 235, 239, 236, 239, 238, 237, 239,
    238, 235, 235, 239, 238, 238, 239, 237, 236, 237, 237, 239, 235, 236,
    237, 235, 236, 237, 235, 239, 235, 238, 236, 234, 236, 234, 236, 240,
    246, 247, 249, 252, 251, 251, 250, 247, 239, 233, 223, 222, 220, 222,
    224, 230, 231, 239, 245, 246, 248, 247, 244, 240, 237, 233, 230, 227,
    228, 227, 232, 230, 238, 239, 242, 244, 241, 241, 243, 239, 240, 240,
    238, 236, 233, 236, 237, 236, 237, 233, 235, 232, 238, 235, 236, 236,
    236, 236, 235, 236, 236 ]
headPositionsY: [ 67, 65, 67, 67, 69, 67, 69, 66, 68, 69, 66, 67, 65, 68,
    65, 69, 67, 68, 67, 66, 69, 67, 67, 68, 67, 67, 69, 69, 66, 67, 69,
    69, 68, 66, 69, 69, 66, 69, 67, 64, 68, 66, 67, 64, 69, 67, 70, 66,
    68, 69, 68, 66, 69, 68, 71, 72, 69, 68, 69, 71, 69, 67, 70, 68, 70,
    68, 69, 68, 67, 69, 68, 70, 70, 68, 68, 67, 70, 69, 68, 69, 71, 67,
    69, 68, 68, 71, 66, 71, 69, 69, 67, 67, 67, 69, 70, 71, 70, 71, 70,
    67 ]
