%YAML:1.0
---
videoName: "headShake42.mp4"
gestureLabel: 201
fps: 29
pixelSizeInCmTemp: 3.2808219178082193e-01
faceCenterPointX: 257
faceCenterPointY: 85
headPositionsX: [ 258, 272, 276, 276, 277, 277, 277, 276, 276, 273, 272,
    268, 267, 265, 259, 253, 251, 251, 246, 247, 244, 242, 241, 245, 243,
    242, 247, 253, 253, 260, 261, 266, 270, 276, 277, 281, 277, 276, 280,
    276, 275, 268, 265, 265, 264, 258, 255, 251, 251, 251, 245, 245, 245,
    247, 247, 249, 249, 251, 256, 258, 259, 262, 265, 266, 268, 267, 268,
    267, 268, 267, 267, 267, 265, 266, 265, 264, 263, 259, 260, 261, 259,
    257, 259, 259, 256, 258, 255, 255, 254, 257, 257, 258, 258, 256, 259,
    259, 259, 258, 258, 256 ]
headPositionsY: [ 85, 81, 84, 82, 84, 81, 82, 83, 83, 83, 80, 85, 86, 85,
    82, 85, 85, 83, 84, 84, 86, 84, 87, 83, 83, 83, 82, 86, 87, 87, 84,
    86, 82, 81, 84, 85, 85, 84, 85, 85, 82, 87, 87, 86, 86, 86, 86, 86,
    86, 84, 87, 84, 83, 86, 85, 87, 84, 87, 84, 84, 87, 83, 88, 86, 87,
    84, 87, 85, 85, 84, 88, 87, 85, 88, 86, 85, 86, 84, 85, 85, 84, 84,
    87, 84, 83, 86, 87, 83, 86, 87, 84, 84, 87, 86, 86, 83, 86, 84, 85,
    86 ]
