%YAML:1.0
---
videoName: "headShake12.mp4"
gestureLabel: 201
fps: 29
pixelSizeInCmTemp: 3.2808219178082193e-01
faceCenterPointX: 241
faceCenterPointY: 76
headPositionsX: [ 240, 238, 241, 241, 243, 243, 242, 244, 243, 239, 245,
    240, 244, 240, 243, 244, 242, 243, 242, 244, 239, 241, 244, 240, 240,
    244, 240, 242, 243, 240, 244, 244, 244, 242, 241, 242, 241, 240, 244,
    240, 239, 241, 239, 243, 242, 241, 243, 243, 240, 244, 242, 240, 242,
    242, 241, 242, 239, 241, 245, 244, 246, 251, 253, 255, 258, 260, 257,
    254, 246, 241, 235, 234, 230, 233, 235, 239, 245, 248, 254, 256, 253,
    250, 248, 247, 241, 238, 238, 238, 235, 239, 236, 236, 238, 239, 238,
    238, 239, 238, 239, 242 ]
headPositionsY: [ 77, 71, 73, 74, 76, 75, 75, 72, 74, 73, 71, 75, 72, 71,
    74, 74, 74, 71, 76, 74, 75, 71, 76, 76, 73, 75, 75, 73, 76, 74, 72,
    75, 76, 73, 75, 73, 74, 73, 72, 72, 72, 72, 73, 76, 76, 72, 72, 75,
    72, 73, 73, 74, 75, 76, 75, 72, 75, 74, 76, 72, 75, 72, 74, 72, 75,
    72, 74, 74, 78, 77, 74, 77, 75, 74, 75, 75, 76, 77, 73, 74, 74, 74,
    77, 75, 76, 77, 77, 75, 78, 74, 75, 74, 74, 78, 79, 76, 76, 76, 75,
    76 ]
