%YAML:1.0
---
videoName: "headShake26.mp4"
gestureLabel: 201
fps: 30
pixelSizeInCmTemp: 3.2808219178082193e-01
faceCenterPointX: 243
faceCenterPointY: 78
headPositionsX: [ 241, 238, 238, 242, 238, 245, 243, 244, 249, 249, 251,
    251, 251, 249, 249, 253, 253, 248, 245, 244, 239, 235, 237, 235, 231,
    228, 230, 228, 228, 233, 234, 233, 240, 239, 247, 244, 250, 249, 254,
    251, 254, 252, 251, 250, 243, 240, 237, 237, 233, 228, 227, 231, 231,
    228, 229, 235, 235, 239, 241, 247, 248, 252, 250, 252, 253, 251, 253,
    248, 250, 245, 245, 244, 241, 240, 239, 237, 235, 238, 235, 234, 235,
    240, 240, 240, 238, 239, 241, 240, 243, 242, 244, 245, 244, 244, 247,
    244, 245, 243, 244, 243 ]
headPositionsY: [ 79, 76, 77, 76, 76, 76, 79, 76, 76, 77, 77, 78, 78, 78,
    75, 77, 79, 76, 76, 76, 79, 80, 78, 76, 79, 77, 78, 77, 75, 76, 77,
    78, 75, 79, 76, 76, 78, 77, 76, 75, 76, 80, 76, 76, 78, 76, 77, 78,
    75, 77, 74, 76, 79, 79, 77, 78, 79, 76, 80, 78, 80, 79, 76, 78, 77,
    75, 80, 77, 77, 79, 77, 81, 79, 77, 80, 80, 78, 78, 78, 80, 77, 81,
    80, 77, 77, 79, 80, 79, 77, 79, 81, 78, 78, 77, 76, 81, 79, 79, 77,
    78 ]
