%YAML:1.0
---
videoName: "headShake33.mp4"
gestureLabel: 201
fps: 29
pixelSizeInCmTemp: 3.2364864864864862e-01
faceCenterPointX: 244
faceCenterPointY: 84
headPositionsX: [ 245, 243, 243, 243, 247, 245, 244, 247, 245, 244, 247,
    243, 247, 244, 244, 247, 245, 242, 243, 244, 244, 247, 246, 251, 253,
    252, 259, 258, 262, 261, 260, 261, 262, 262, 258, 257, 253, 250, 244,
    241, 238, 234, 231, 232, 228, 225, 226, 227, 230, 232, 231, 236, 241,
    247, 250, 252, 256, 258, 256, 260, 260, 257, 259, 257, 254, 249, 246,
    246, 243, 239, 237, 234, 233, 232, 231, 233, 234, 234, 234, 237, 239,
    236, 241, 240, 243, 245, 243, 247, 249, 248, 246, 247, 247, 246, 245,
    245, 246, 244, 243, 243 ]
headPositionsY: [ 82, 81, 80, 83, 82, 83, 81, 81, 81, 83, 81, 81, 83, 83,
    82, 85, 80, 82, 84, 83, 83, 82, 81, 84, 81, 81, 81, 83, 82, 79, 81,
    79, 83, 84, 82, 84, 83, 82, 83, 82, 83, 83, 83, 84, 84, 83, 79, 82,
    82, 85, 84, 85, 82, 84, 81, 83, 79, 81, 80, 82, 82, 84, 83, 81, 84,
    82, 83, 83, 84, 83, 81, 82, 83, 81, 84, 80, 83, 85, 84, 81, 84, 82,
    85, 84, 83, 85, 85, 85, 81, 84, 81, 82, 83, 81, 83, 84, 81, 85, 84,
    84 ]
