%YAML:1.0
---
videoName: "headShake43.mp4"
gestureLabel: 201
fps: 29
pixelSizeInCmTemp: 3.2808219178082193e-01
faceCenterPointX: 257
faceCenterPointY: 84
headPositionsX: [ 257, 260, 262, 258, 260, 260, 262, 260, 262, 258, 261,
    262, 258, 260, 261, 261, 261, 260, 258, 259, 259, 261, 263, 260, 263,
    264, 262, 267, 267, 268, 273, 276, 279, 276, 281, 284, 283, 277, 276,
    274, 272, 267, 260, 254, 251, 247, 246, 244, 243, 245, 246, 251, 257,
    263, 266, 269, 271, 276, 276, 275, 272, 264, 262, 254, 253, 247, 243,
    243, 241, 249, 248, 249, 255, 259, 266, 265, 268, 269, 267, 267, 268,
    269, 266, 264, 265, 260, 260, 258, 256, 257, 256, 259, 257, 257, 255,
    254, 258, 255, 258, 258 ]
headPositionsY: [ 83, 87, 86, 84, 83, 84, 84, 85, 85, 85, 88, 83, 83, 85,
    85, 85, 87, 86, 86, 86, 84, 84, 85, 87, 85, 86, 82, 86, 83, 83, 85,
    85, 81, 83, 84, 84, 83, 80, 82, 82, 87, 83, 84, 86, 87, 83, 82, 82,
    84, 84, 83, 84, 84, 83, 86, 84, 85, 80, 82, 84, 85, 82, 82, 82, 81,
    84, 81, 80, 81, 81, 86, 83, 84, 86, 84, 84, 85, 81, 83, 85, 82, 82,
    82, 86, 84, 87, 85, 82, 82, 84, 84, 82, 85, 85, 85, 85, 85, 84, 83,
    85 ]
