%YAML:1.0
---
videoName: "headShake48.mp4"
gestureLabel: 201
fps: 29
pixelSizeInCmTemp: 3.1103896103896100e-01
faceCenterPointX: 258
faceCenterPointY: 85
headPositionsX: [ 260, 260, 258, 261, 258, 261, 257, 257, 261, 259, 258,
    258, 258, 258, 261, 262, 257, 260, 260, 257, 259, 261, 259, 260, 260,
    261, 260, 256, 260, 257, 262, 261, 260, 257, 261, 264, 268, 269, 274,
    276, 274, 276, 273, 267, 263, 255, 251, 245, 244, 249, 253, 260, 264,
    269, 266, 266, 263, 258, 254, 252, 250, 251, 252, 259, 259, 265, 269,
    267, 267, 262, 257, 250, 249, 248, 247, 254, 256, 259, 265, 265, 268,
    266, 263, 262, 263, 260, 258, 262, 257, 259, 259, 259, 256, 257, 259,
    259, 257, 258, 259, 257 ]
headPositionsY: [ 86, 78, 81, 81, 78, 80, 78, 78, 80, 81, 82, 79, 82, 78,
    80, 78, 82, 81, 82, 79, 79, 83, 80, 83, 79, 80, 83, 82, 82, 84, 81,
    81, 82, 79, 81, 84, 80, 81, 83, 82, 84, 84, 83, 85, 85, 85, 83, 84,
    83, 82, 86, 85, 87, 85, 87, 85, 83, 86, 85, 86, 88, 86, 86, 88, 87,
    85, 87, 84, 86, 86, 88, 87, 84, 86, 86, 86, 84, 87, 84, 85, 87, 88,
    84, 85, 85, 86, 87, 88, 85, 84, 88, 87, 88, 84, 85, 84, 85, 84, 84,
    83 ]
