%YAML:1.0
---
videoName: "headShake19.mp4"
gestureLabel: 201
fps: 29
pixelSizeInCmTemp: 3.1933333333333330e-01
faceCenterPointX: 243
faceCenterPointY: 78
headPositionsX: [ 245, 244, 243, 243, 245, 242, 243, 244, 242, 244, 246,
    245, 244, 241, 241, 241, 243, 243, 241, 242, 243, 244, 242, 241, 243,
    244, 240, 241, 242, 241, 244, 240, 241, 240, 242, 240, 241, 238, 234,
    232, 232, 235, 239, 245, 248, 253, 256, 258, 256, 252, 248, 243, 239,
    232, 231, 232, 233, 234, 239, 239, 247, 247, 247, 249, 245, 244, 242,
    238, 236, 235, 237, 237, 236, 239, 243, 241, 244, 245, 247, 246, 243,
    242, 243, 243, 241, 240, 242, 240, 242, 239, 241, 241, 244, 243, 244,
    244, 244, 244, 244, 241 ]
headPositionsY: [ 79, 77, 75, 77, 76, 76, 76, 78, 79, 78, 76, 79, 76, 79,
    77, 77, 75, 78, 77, 79, 76, 79, 75, 76, 79, 78, 76, 78, 75, 75, 79,
    79, 78, 79, 79, 76, 75, 75, 75, 77, 76, 77, 76, 79, 76, 76, 75, 76,
    76, 76, 77, 78, 75, 76, 75, 76, 73, 76, 77, 75, 77, 76, 77, 74, 77,
    80, 75, 76, 78, 76, 79, 77, 78, 77, 75, 79, 80, 80, 76, 80, 78, 78,
    76, 76, 76, 79, 79, 79, 79, 80, 79, 79, 76, 77, 80, 80, 80, 79, 79,
    80 ]
