%YAML:1.0
---
videoName: "headShake10.mp4"
gestureLabel: 201
fps: 29
pixelSizeInCmTemp: 3.3732394366197183e-01
faceCenterPointX: 240
faceCenterPointY: 74
headPositionsX: [ 240, 246, 245, 246, 245, 247, 245, 245, 244, 244, 244,
    245, 247, 246, 244, 245, 246, 246, 247, 248, 246, 244, 247, 246, 247,
    245, 248, 247, 244, 247, 244, 248, 248, 248, 244, 245, 245, 244, 246,
    246, 246, 245, 243, 244, 248, 246, 245, 244, 245, 246, 247, 248, 248,
    254, 256, 257, 259, 260, 260, 259, 255, 252, 246, 243, 240, 237, 232,
    229, 234, 235, 238, 243, 244, 250, 252, 254, 255, 256, 255, 253, 252,
    249, 248, 244, 243, 243, 242, 241, 238, 239, 241, 241, 242, 239, 238,
    240, 243, 239, 240, 240 ]
headPositionsY: [ 75, 74, 72, 73, 70, 74, 70, 70, 73, 73, 71, 73, 75, 74,
    73, 72, 73, 71, 75, 75, 71, 71, 74, 74, 74, 74, 71, 72, 75, 71, 73,
    72, 72, 73, 73, 76, 72, 74, 74, 73, 71, 74, 73, 75, 71, 71, 72, 72,
    71, 73, 74, 72, 70, 73, 72, 72, 70, 73, 71, 72, 73, 73, 77, 73, 72,
    73, 73, 76, 72, 75, 75, 76, 75, 72, 72, 72, 72, 75, 74, 74, 72, 77,
    76, 76, 73, 77, 75, 75, 77, 75, 75, 76, 74, 76, 75, 74, 77, 75, 74,
    77 ]
