%YAML:1.0
---
videoName: "headShake33.mp4"
gestureLabel: 201
fps: 29
pixelSizeInCmTemp: 3.2364864864864862e-01
faceCenterPointX: 244
faceCenterPointY: 84
headPositionsX: [ 243, 245, 243, 245, 243, 247, 246, 246, 244, 245, 247,
    242, 247, 244, 246, 243, 246, 243, 246, 245, 244, 247, 246, 252, 252,
    255, 255, 261, 260, 261, 262, 260, 265, 258, 258, 256, 255, 250, 244,
    241, 239, 235, 234, 230, 227, 229, 225, 226, 230, 233, 234, 236, 243,
    247, 248, 250, 258, 261, 258, 261, 262, 261, 260, 255, 256, 251, 249,
    245, 243, 238, 237, 236, 230, 233, 234, 235, 233, 231, 236, 238, 240,
    238, 241, 240, 246, 246, 245, 245, 247, 245, 246, 247, 248, 245, 243,
    245, 242, 245, 245, 244 ]
headPositionsY: [ 84, 84, 84, 83, 84, 81, 81, 82, 85, 83, 85, 80, 85, 84,
    82, 82, 81, 83, 81, 83, 81, 82, 81, 82, 81, 80, 79, 79, 82, 82, 80,
    83, 83, 84, 80, 82, 86, 85, 80, 85, 83, 85, 83, 80, 82, 80, 81, 82,
    82, 84, 82, 83, 81, 83, 85, 83, 80, 83, 82, 78, 82, 82, 80, 82, 85,
    86, 82, 83, 83, 85, 84, 83, 82, 82, 81, 84, 83, 83, 84, 84, 86, 84,
    83, 85, 83, 81, 84, 83, 84, 86, 81, 83, 83, 82, 85, 83, 82, 83, 82,
    84 ]
