%YAML:1.0
---
videoName: "headShake15.mp4"
gestureLabel: 201
fps: 29
pixelSizeInCmTemp: 3.3263888888888887e-01
faceCenterPointX: 243
faceCenterPointY: 76
headPositionsX: [ 242, 245, 242, 244, 242, 242, 242, 245, 244, 242, 245,
    244, 245, 244, 244, 241, 242, 243, 242, 244, 243, 241, 244, 241, 243,
    241, 241, 241, 241, 243, 241, 243, 241, 241, 244, 243, 242, 242, 243,
    242, 241, 243, 244, 242, 240, 240, 245, 243, 245, 244, 244, 242, 242,
    242, 240, 242, 243, 242, 244, 244, 243, 244, 244, 249, 248, 251, 255,
    260, 259, 257, 257, 254, 250, 249, 245, 237, 240, 237, 235, 239, 241,
    241, 246, 246, 249, 245, 247, 244, 245, 245, 243, 240, 243, 240, 243,
    241, 245, 245, 244, 245 ]
headPositionsY: [ 78, 76, 77, 75, 76, 75, 74, 76, 74, 75, 75, 77, 74, 78,
    76, 75, 76, 73, 76, 74, 77, 72, 75, 76, 75, 73, 74, 73, 77, 76, 77,
    75, 74, 75, 75, 76, 75, 77, 76, 74, 77, 74, 76, 76, 75, 75, 74, 73,
    76, 73, 76, 74, 76, 77, 75, 75, 76, 77, 75, 75, 76, 75, 79, 77, 77,
    72, 74, 76, 76, 75, 73, 75, 74, 74, 77, 76, 77, 74, 76, 76, 76, 79,
    77, 79, 78, 78, 79, 77, 76, 77, 77, 75, 78, 77, 77, 77, 76, 77, 78,
    78 ]
