%YAML:1.0
---
videoName: "headShake39.mp4"
gestureLabel: 201
fps: 29
pixelSizeInCmTemp: 3.1933333333333330e-01
faceCenterPointX: 263
faceCenterPointY: 83
headPositionsX: [ 263, 262, 261, 258, 260, 260, 260, 260, 261, 259, 263,
    263, 260, 259, 259, 262, 258, 261, 261, 260, 257, 261, 256, 254, 254,
    248, 246, 243, 241, 244, 243, 245, 245, 251, 254, 261, 268, 269, 278,
    282, 280, 279, 277, 272, 262, 258, 251, 249, 248, 245, 248, 247, 252,
    255, 259, 269, 275, 275, 279, 282, 276, 274, 267, 263, 259, 252, 249,
    248, 251, 247, 252, 250, 252, 255, 256, 260, 262, 264, 264, 263, 264,
    266, 267, 264, 268, 268, 264, 267, 265, 267, 264, 266, 265, 263, 264,
    262, 262, 262, 263, 263 ]
headPositionsY: [ 84, 84, 83, 84, 84, 81, 82, 81, 81, 84, 81, 83, 82, 81,
    85, 81, 84, 85, 84, 82, 85, 85, 81, 84, 83, 83, 84, 84, 84, 84, 84,
    80, 82, 84, 84, 85, 83, 82, 82, 81, 80, 82, 80, 84, 81, 82, 82, 81,
    82, 82, 81, 83, 81, 81, 81, 81, 80, 83, 82, 82, 83, 83, 81, 82, 83,
    81, 79, 80, 79, 80, 80, 78, 81, 81, 84, 80, 81, 81, 84, 84, 83, 85,
    80, 82, 85, 82, 84, 82, 81, 81, 84, 85, 82, 82, 84, 81, 85, 81, 84,
    82 ]
