%YAML:1.0
---
videoName: "headShake21.mp4"
gestureLabel: 201
fps: 29
pixelSizeInCmTemp: 3.1933333333333330e-01
faceCenterPointX: 241
faceCenterPointY: 78
headPositionsX: [ 242, 246, 243, 243, 242, 243, 240, 240, 241, 241, 242,
    242, 241, 240, 239, 242, 244, 239, 245, 242, 241, 243, 242, 240, 245,
    242, 246, 241, 243, 242, 241, 244, 242, 244, 244, 244, 241, 245, 241,
    241, 240, 243, 241, 240, 239, 241, 241, 244, 242, 239, 242, 242, 243,
    242, 242, 242, 241, 242, 243, 244, 241, 239, 243, 241, 242, 242, 240,
    244, 247, 248, 250, 254, 253, 251, 243, 241, 235, 235, 231, 232, 238,
    238, 237, 240, 241, 242, 244, 242, 239, 237, 240, 238, 237, 236, 239,
    243, 243, 242, 244, 243 ]
headPositionsY: [ 77, 82, 83, 81, 77, 73, 74, 72, 71, 72, 72, 73, 71, 71,
    69, 70, 69, 73, 71, 71, 71, 70, 72, 74, 75, 74, 73, 73, 73, 75, 77,
    76, 79, 77, 76, 77, 74, 75, 77, 74, 75, 79, 78, 75, 80, 76, 77, 80,
    79, 78, 76, 76, 75, 79, 78, 76, 76, 75, 80, 79, 75, 76, 78, 77, 77,
    77, 78, 77, 77, 75, 78, 76, 78, 77, 80, 78, 81, 76, 79, 79, 80, 79,
    79, 77, 80, 76, 78, 77, 80, 80, 77, 76, 79, 78, 80, 80, 77, 77, 78,
    80 ]
