%YAML:1.0
---
videoName: "headShake43.mp4"
gestureLabel: 201
fps: 29
pixelSizeInCmTemp: 3.2808219178082193e-01
faceCenterPointX: 257
faceCenterPointY: 84
headPositionsX: [ 255, 263, 261, 259, 259, 260, 258, 259, 262, 261, 262,
    261, 258, 260, 260, 262, 260, 261, 260, 259, 260, 259, 261, 258, 262,
    264, 260, 267, 268, 270, 270, 276, 277, 277, 278, 281, 282, 276, 278,
    275, 269, 267, 263, 256, 252, 250, 246, 243, 244, 242, 248, 252, 256,
    263, 268, 270, 271, 275, 272, 273, 270, 265, 260, 256, 252, 248, 243,
    244, 240, 247, 250, 253, 256, 261, 265, 267, 269, 269, 267, 266, 268,
    265, 268, 264, 265, 259, 260, 258, 256, 259, 256, 257, 257, 257, 256,
    258, 257, 256, 255, 254 ]
headPositionsY: [ 86, 83, 86, 83, 87, 87, 86, 85, 86, 84, 86, 86, 83, 84,
    83, 83, 87, 85, 86, 84, 83, 86, 87, 87, 83, 85, 82, 86, 86, 83, 82,
    85, 84, 84, 84, 81, 84, 83, 84, 83, 83, 84, 87, 84, 85, 83, 84, 85,
    81, 86, 82, 84, 82, 87, 85, 82, 82, 80, 83, 81, 82, 84, 85, 85, 85,
    84, 82, 83, 84, 83, 85, 87, 83, 86, 83, 85, 83, 85, 84, 81, 85, 84,
    86, 83, 83, 85, 86, 86, 85, 83, 83, 85, 82, 84, 83, 85, 82, 81, 85,
    85 ]
