%YAML:1.0
---
videoName: "headShake47.mp4"
gestureLabel: 201
fps: 29
pixelSizeInCmTemp: 3.2364864864864862e-01
faceCenterPointX: 258
faceCenterPointY: 86
headPositionsX: [ 257, 258, 258, 258, 260, 259, 258, 262, 262, 262, 261,
    261, 261, 261, 259, 261, 262, 258, 260, 259, 260, 260, 260, 259, 259,
    258, 259, 259, 262, 259, 260, 262, 258, 257, 256, 254, 255, 251, 252,
    251, 249, 251, 251, 257, 262, 266, 266, 270, 267, 262, 260, 255, 255,
    254, 253, 259, 263, 263, 266, 264, 261, 255, 253, 254, 251, 252, 255,
    262, 265, 265, 265, 260, 258, 256, 253, 256, 257, 260, 260, 262, 262,
    261, 261, 256, 255, 256, 255, 254, 257, 255, 258, 256, 256, 257, 258,
    259, 259, 258, 258, 260 ]
headPositionsY: [ 86, 86, 85, 86, 85, 83, 84, 82, 85, 83, 87, 87, 84, 84,
    86, 84, 83, 85, 86, 87, 82, 85, 86, 82, 85, 85, 84, 84, 84, 83, 87,
    86, 84, 85, 85, 85, 83, 83, 85, 83, 87, 86, 87, 87, 90, 90, 90, 88,
    88, 88, 90, 91, 89, 87, 88, 90, 88, 90, 87, 87, 89, 88, 87, 89, 88,
    86, 88, 89, 88, 88, 87, 86, 87, 87, 88, 85, 85, 86, 87, 88, 85, 88,
    85, 85, 86, 87, 87, 85, 88, 87, 84, 88, 88, 89, 86, 87, 86, 86, 87,
    87 ]
