%YAML:1.0
---
videoName: "headShake35.mp4"
gestureLabel: 201
fps: 29
pixelSizeInCmTemp: 3.2364864864864862e-01
faceCenterPointX: 267
faceCenterPointY: 82
headPositionsX: [ 267, 266, 269, 264, 267, 266, 270, 266, 267, 269, 269,
    269, 266, 268, 267, 266, 266, 268, 269, 267, 267, 265, 269, 266, 268,
    266, 268, 267, 266, 270, 268, 268, 266, 270, 269, 269, 269, 269, 269,
    266, 267, 268, 268, 266, 265, 267, 269, 269, 267, 266, 266, 269, 266,
    267, 265, 266, 268, 265, 265, 269, 270, 269, 270, 270, 275, 278, 279,
    281, 281, 280, 278, 271, 265, 264, 258, 258, 262, 260, 264, 271, 272,
    278, 276, 272, 272, 269, 264, 264, 263, 263, 263, 263, 264, 267, 265,
    269, 269, 267, 268, 270 ]
headPositionsY: [ 84, 77, 80, 80, 81, 78, 81, 78, 78, 81, 80, 79, 82, 79,
    80, 82, 78, 80, 82, 79, 80, 79, 80, 78, 81, 78, 78, 82, 79, 81, 80,
    81, 81, 80, 81, 81, 79, 79, 78, 82, 79, 79, 80, 83, 81, 80, 82, 78,
    82, 81, 82, 80, 81, 79, 81, 82, 82, 82, 81, 82, 83, 83, 78, 82, 80,
    78, 81, 78, 79, 79, 81, 81, 82, 83, 80, 81, 81, 80, 81, 83, 84, 83,
    79, 80, 82, 83, 79, 80, 80, 82, 81, 80, 82, 80, 81, 80, 83, 83, 81,
    82 ]
