%YAML:1.0
---
videoName: "headShake14.mp4"
gestureLabel: 201
fps: 29
pixelSizeInCmTemp: 3.2364864864864862e-01
faceCenterPointX: 244
faceCenterPointY: 76
headPositionsX: [ 243, 248, 247, 245, 246, 244, 246, 243, 244, 244, 247,
    245, 246, 243, 245, 247, 242, 243, 245, 243, 244, 247, 244, 245, 245,
    248, 250, 252, 256, 260, 260, 260, 261, 257, 257, 253, 245, 243, 235,
    230, 224, 222, 229, 227, 230, 239, 243, 248, 254, 258, 258, 258, 254,
    252, 250, 243, 238, 234, 232, 233, 235, 236, 236, 238, 240, 242, 244,
    246, 250, 248, 248, 248, 249, 246, 245, 242, 246, 241, 241, 242, 238,
    238, 239, 242, 243, 240, 241, 242, 242, 246, 244, 245, 243, 246, 245,
    246, 241, 244, 242, 242 ]
headPositionsY: [ 77, 74, 77, 73, 75, 76, 78, 75, 77, 74, 76, 76, 76, 74,
    76, 77, 73, 73, 77, 74, 74, 74, 74, 75, 78, 75, 74, 76, 75, 72, 74,
    75, 73, 72, 72, 74, 75, 75, 76, 75, 74, 74, 76, 75, 73, 74, 77, 76,
    74, 74, 70, 73, 75, 75, 77, 77, 76, 78, 73, 75, 77, 73, 76, 77, 75,
    74, 76, 74, 74, 75, 74, 74, 78, 77, 74, 75, 77, 74, 76, 75, 74, 77,
    75, 77, 77, 75, 78, 75, 78, 79, 76, 75, 74, 76, 78, 77, 76, 78, 77,
    74 ]
