%YAML:1.0
---
videoName: "headShake46.mp4"
gestureLabel: 201
fps: 30
pixelSizeInCmTemp: 3.2364864864864862e-01
faceCenterPointX: 262
faceCenterPointY: 85
headPositionsX: [ 260, 260, 261, 259, 258, 259, 261, 262, 261, 260, 259,
    260, 259, 258, 261, 262, 259, 260, 261, 261, 263, 261, 261, 258, 260,
    260, 260, 258, 257, 260, 263, 266, 271, 273, 279, 279, 275, 273, 265,
    259, 252, 252, 252, 250, 257, 263, 267, 271, 267, 269, 262, 258, 252,
    252, 256, 261, 263, 267, 266, 268, 265, 262, 260, 256, 256, 258, 262,
    269, 269, 271, 266, 267, 261, 258, 257, 258, 260, 262, 263, 263, 265,
    265, 265, 263, 262, 261, 260, 259, 262, 259, 261, 259, 258, 262, 261,
    262, 261, 262, 261, 262 ]
headPositionsY: [ 86, 85, 86, 82, 82, 83, 82, 82, 87, 85, 84, 83, 84, 82,
    86, 86, 82, 84, 82, 86, 83, 84, 86, 82, 85, 86, 86, 83, 85, 85, 85,
    82, 84, 84, 82, 81, 81, 81, 83, 85, 84, 85, 87, 86, 86, 85, 84, 86,
    82, 85, 85, 85, 86, 83, 86, 87, 85, 84, 85, 85, 88, 87, 88, 87, 86,
    87, 84, 86, 84, 86, 85, 85, 86, 84, 84, 87, 86, 84, 84, 85, 85, 86,
    86, 83, 82, 84, 82, 87, 87, 84, 85, 82, 84, 86, 87, 87, 84, 86, 86,
    84 ]
