%YAML:1.0
---
videoName: "headShake9.mp4"
gestureLabel: 201
fps: 30
pixelSizeInCmTemp: 3.2808219178082193e-01
faceCenterPointX: 243
faceCenterPointY: 73
headPositionsX: [ 243, 245, 243, 240, 243, 241, 246, 244, 241, 242, 243,
    241, 240, 243, 243, 244, 244, 243, 242, 244, 241, 244, 242, 245, 242,
    244, 242, 241, 242, 241, 244, 245, 245, 245, 241, 244, 240, 244, 244,
    244, 245, 252, 251, 258, 264, 261, 262, 264, 262, 255, 253, 249, 245,
    236, 232, 232, 227, 229, 234, 237, 242, 245, 254, 255, 262, 262, 263,
    260, 254, 248, 246, 237, 236, 232, 228, 226, 226, 233, 237, 239, 247,
    248, 248, 252, 249, 252, 250, 247, 248, 246, 248, 247, 243, 244, 243,
    243, 242, 245, 242, 243 ]
headPositionsY: [ 72, 73, 73, 72, 72, 74, 73, 73, 74, 72, 73, 70, 74, 71,
    71, 74, 72, 72, 71, 72, 73, 74, 70, 70, 72, 75, 70, 70, 75, 71, 70,
    73, 75, 70, 73, 73, 70, 72, 71, 73, 73, 71, 69, 69, 68, 68, 71, 73,
    71, 69, 71, 71, 74, 71, 72, 74, 74, 72, 73, 75, 71, 71, 72, 72, 67,
    69, 72, 71, 72, 72, 70, 74, 75, 70, 75, 71, 74, 73, 75, 75, 71, 71,
    71, 71, 74, 75, 72, 74, 72, 73, 71, 72, 76, 74, 74, 71, 75, 71, 73,
    72 ]
