%YAML:1.0
---
videoName: "headShake43.mp4"
gestureLabel: 201
fps: 29
pixelSizeInCmTemp: 3.2808219178082193e-01
faceCenterPointX: 257
faceCenterPointY: 84
headPositionsX: [ 257, 262, 261, 258, 259, 260, 261, 258, 261, 261, 259,
    261, 260, 262, 258, 261, 261, 258, 258, 262, 258, 259, 261, 260, 259,
    263, 260, 264, 266, 269, 273, 272, 278, 278, 281, 281, 279, 277, 279,
    274, 268, 264, 262, 258, 252, 248, 245, 243, 242, 242, 250, 250, 258,
    261, 266, 268, 272, 272, 273, 272, 272, 268, 262, 258, 250, 248, 244,
    241, 241, 246, 248, 251, 254, 260, 265, 268, 267, 267, 268, 267, 266,
    267, 264, 262, 263, 261, 259, 260, 256, 260, 255, 258, 257, 259, 257,
    256, 258, 258, 255, 255 ]
headPositionsY: [ 82, 85, 84, 84, 86, 85, 84, 84, 86, 85, 84, 83, 84, 83,
    87, 85, 84, 84, 85, 83, 86, 88, 88, 83, 87, 83, 85, 87, 84, 81, 83,
    81, 82, 82, 84, 81, 83, 82, 84, 82, 87, 84, 83, 86, 83, 86, 82, 81,
    81, 86, 83, 85, 82, 84, 86, 82, 82, 80, 82, 80, 84, 82, 85, 84, 81,
    83, 81, 83, 82, 85, 82, 83, 84, 86, 87, 82, 85, 84, 82, 82, 84, 82,
    85, 85, 85, 85, 82, 83, 82, 86, 84, 82, 83, 83, 82, 82, 82, 84, 84,
    85 ]
