%YAML:1.0
---
videoName: "headShake14.mp4"
gestureLabel: 201
fps: 29
pixelSizeInCmTemp: 3.2364864864864862e-01
faceCenterPointX: 244
faceCenterPointY: 76
headPositionsX: [ 245, 248, 246, 244, 244, 244, 244, 246, 246, 244, 243,
    246, 247, 246, 244, 247, 242, 246, 246, 245, 246, 247, 244, 243, 247,
    249, 249, 252, 253, 258, 262, 263, 260, 260, 254, 253, 246, 240, 237,
    228, 225, 226, 225, 226, 232, 237, 244, 247, 254, 256, 258, 255, 252,
    249, 247, 244, 236, 237, 235, 231, 234, 233, 234, 239, 240, 241, 242,
    245, 249, 248, 248, 250, 248, 247, 247, 245, 242, 243, 241, 241, 239,
    240, 240, 238, 242, 244, 244, 244, 244, 245, 243, 246, 246, 247, 244,
    243, 242, 243, 243, 241 ]
headPositionsY: [ 74, 77, 76, 73, 77, 78, 78, 76, 75, 73, 78, 77, 78, 74,
    77, 74, 73, 77, 77, 76, 76, 75, 77, 74, 76, 75, 75, 72, 72, 73, 75,
    75, 71, 76, 76, 74, 75, 77, 75, 77, 73, 72, 74, 75, 73, 76, 74, 76,
    75, 71, 70, 75, 72, 75, 76, 75, 75, 76, 74, 77, 74, 73, 74, 73, 77,
    75, 77, 76, 74, 78, 76, 77, 76, 77, 77, 76, 77, 76, 73, 74, 75, 73,
    74, 77, 74, 74, 76, 77, 76, 75, 78, 74, 74, 76, 77, 78, 76, 77, 78,
    77 ]
