%YAML:1.0
---
videoName: "headShake33.mp4"
gestureLabel: 201
fps: 29
pixelSizeInCmTemp: 3.2364864864864862e-01
faceCenterPointX: 244
faceCenterPointY: 84
headPositionsX: [ 242, 243, 245, 243, 245, 247, 245, 244, 243, 245, 247,
    244, 244, 245, 244, 246, 244, 245, 247, 246, 243, 246, 246, 252, 250,
    255, 255, 260, 261, 262, 260, 261, 264, 258, 260, 257, 252, 248, 243,
    239, 237, 237, 232, 231, 226, 229, 228, 226, 226, 230, 233, 235, 242,
    247, 250, 254, 258, 261, 260, 262, 261, 259, 257, 254, 255, 250, 248,
    246, 240, 240, 236, 235, 230, 232, 231, 232, 233, 232, 233, 238, 236,
    236, 240, 241, 243, 246, 244, 246, 247, 249, 248, 245, 245, 243, 245,
    243, 246, 244, 245, 246 ]
headPositionsY: [ 82, 82, 80, 81, 82, 85, 81, 84, 84, 83, 81, 82, 83, 83,
    85, 81, 80, 84, 85, 83, 81, 81, 84, 85, 80, 81, 80, 80, 80, 81, 81,
    81, 83, 82, 81, 84, 85, 85, 82, 82, 81, 85, 81, 80, 84, 80, 80, 82,
    82, 82, 82, 84, 81, 84, 83, 83, 80, 81, 83, 82, 80, 81, 83, 83, 85,
    84, 82, 85, 85, 83, 84, 84, 83, 84, 83, 83, 84, 81, 80, 85, 85, 82,
    85, 85, 82, 82, 81, 84, 82, 85, 84, 82, 82, 81, 82, 83, 83, 82, 84,
    81 ]
