%YAML:1.0
---
videoName: "headShake16.mp4"
gestureLabel: 201
fps: 29
pixelSizeInCmTemp: 3.2364864864864862e-01
faceCenterPointX: 242
faceCenterPointY: 77
headPositionsX: [ 244, 243, 243, 245, 241, 243, 246, 242, 245, 242, 242,
    245, 241, 245, 244, 241, 244, 246, 242, 246, 245, 244, 244, 243, 244,
    242, 243, 241, 244, 241, 243, 242, 240, 241, 239, 239, 242, 243, 247,
    250, 250, 254, 256, 253, 254, 251, 250, 244, 243, 236, 237, 235, 235,
    235, 241, 242, 245, 249, 249, 248, 250, 249, 248, 244, 241, 238, 236,
    235, 233, 237, 236, 237, 236, 239, 241, 241, 242, 245, 243, 245, 242,
    240, 241, 238, 238, 240, 236, 239, 241, 238, 241, 241, 242, 240, 241,
    241, 243, 244, 244, 245 ]
headPositionsY: [ 78, 75, 76, 74, 77, 77, 74, 78, 76, 78, 74, 75, 77, 78,
    78, 76, 76, 78, 74, 76, 77, 76, 76, 75, 73, 76, 75, 78, 76, 74, 73,
    75, 77, 75, 73, 77, 77, 79, 75, 77, 78, 76, 74, 74, 74, 75, 78, 74,
    75, 74, 76, 76, 74, 76, 75, 76, 78, 78, 74, 79, 75, 77, 78, 76, 79,
    76, 77, 77, 75, 78, 75, 75, 78, 78, 79, 77, 76, 75, 76, 75, 78, 76,
    79, 77, 75, 76, 79, 77, 78, 79, 73, 75, 75, 77, 79, 78, 74, 75, 78,
    77 ]
