%YAML:1.0
---
videoName: "headShake19.mp4"
gestureLabel: 201
fps: 29
pixelSizeInCmTemp: 3.1933333333333330e-01
faceCenterPointX: 243
faceCenterPointY: 78
headPositionsX: [ 245, 245, 243, 246, 243, 241, 241, 244, 244, 244, 244,
    246, 244, 243, 243, 241, 243, 242, 245, 242, 242, 244, 244, 242, 240,
    242, 240, 243, 241, 243, 241, 240, 244, 241, 241, 238, 240, 235, 233,
    234, 234, 236, 237, 244, 249, 254, 257, 255, 257, 252, 248, 246, 236,
    232, 234, 233, 235, 232, 236, 240, 245, 246, 248, 249, 245, 246, 240,
    237, 238, 235, 238, 239, 239, 238, 242, 244, 243, 246, 247, 247, 242,
    245, 243, 243, 242, 243, 239, 239, 242, 239, 241, 244, 241, 243, 245,
    243, 244, 245, 242, 242 ]
headPositionsY: [ 78, 74, 74, 79, 77, 77, 78, 75, 76, 76, 79, 77, 76, 77,
    78, 77, 77, 74, 75, 77, 74, 75, 77, 76, 79, 78, 75, 75, 75, 77, 79,
    76, 76, 76, 77, 77, 78, 76, 78, 75, 77, 74, 77, 79, 79, 76, 77, 75,
    76, 74, 76, 75, 78, 74, 76, 76, 76, 76, 75, 76, 77, 75, 77, 74, 80,
    79, 76, 79, 77, 76, 77, 76, 75, 79, 78, 75, 79, 78, 78, 80, 79, 80,
    78, 76, 80, 80, 76, 77, 77, 78, 78, 79, 78, 78, 78, 80, 78, 78, 78,
    76 ]
