%YAML:1.0
---
videoName: "headShake40.mp4"
gestureLabel: 201
fps: 29
pixelSizeInCmTemp: 3.2808219178082193e-01
faceCenterPointX: 261
faceCenterPointY: 86
headPositionsX: [ 259, 263, 259, 260, 262, 259, 260, 263, 261, 262, 259,
    259, 260, 258, 261, 263, 262, 261, 261, 261, 262, 260, 259, 258, 261,
    261, 259, 261, 260, 260, 258, 257, 252, 252, 255, 254, 258, 262, 263,
    272, 273, 279, 281, 280, 277, 272, 271, 266, 259, 253, 251, 247, 247,
    248, 248, 252, 254, 260, 265, 267, 272, 274, 271, 268, 268, 263, 260,
    259, 256, 258, 257, 255, 259, 260, 264, 264, 266, 265, 264, 266, 267,
    262, 260, 263, 261, 260, 258, 258, 256, 256, 258, 260, 259, 261, 258,
    259, 261, 261, 259, 259 ]
headPositionsY: [ 86, 86, 82, 83, 83, 82, 85, 85, 83, 82, 84, 86, 86, 84,
    84, 84, 82, 81, 85, 80, 84, 81, 85, 83, 83, 81, 84, 83, 84, 82, 85,
    85, 83, 81, 82, 85, 83, 85, 86, 80, 80, 82, 79, 82, 82, 81, 84, 83,
    84, 84, 81, 82, 79, 82, 81, 81, 83, 84, 83, 81, 81, 82, 82, 84, 86,
    85, 81, 85, 85, 82, 85, 81, 82, 81, 83, 83, 82, 85, 83, 82, 82, 82,
    83, 84, 81, 86, 85, 85, 84, 85, 85, 86, 85, 87, 84, 83, 86, 87, 87,
    84 ]
