%YAML:1.0
---
videoName: "headShake17.mp4"
gestureLabel: 201
fps: 29
pixelSizeInCmTemp: 3.3263888888888887e-01
faceCenterPointX: 242
faceCenterPointY: 76
headPositionsX: [ 242, 240, 236, 239, 235, 241, 238, 241, 247, 245, 249,
    256, 261, 256, 256, 255, 256, 247, 247, 239, 235, 232, 227, 228, 225,
    229, 230, 231, 233, 241, 243, 247, 252, 252, 253, 252, 254, 250, 249,
    246, 244, 238, 238, 233, 231, 233, 231, 232, 234, 235, 235, 240, 241,
    241, 246, 243, 245, 244, 244, 245, 244, 244, 240, 238, 240, 240, 241,
    240, 240, 239, 238, 239, 240, 241, 240, 239, 242, 238, 243, 242, 241,
    242, 242, 240, 243, 241, 239, 239, 239, 241, 243, 241, 240, 242, 242,
    241, 241, 242, 239, 243 ]
headPositionsY: [ 78, 76, 76, 76, 76, 76, 77, 76, 78, 73, 73, 73, 76, 74,
    75, 76, 75, 74, 75, 78, 79, 78, 79, 75, 74, 75, 78, 75, 79, 77, 74,
    78, 78, 73, 76, 76, 76, 77, 77, 76, 75, 75, 79, 75, 77, 74, 77, 74,
    79, 78, 75, 76, 77, 77, 79, 77, 77, 78, 75, 77, 78, 79, 78, 76, 74,
    78, 74, 76, 77, 77, 78, 74, 74, 76, 76, 78, 75, 75, 75, 75, 76, 76,
    77, 75, 74, 77, 79, 78, 78, 76, 74, 79, 74, 77, 76, 76, 76, 75, 74,
    74 ]
