%YAML:1.0
---
videoName: "headShake42.mp4"
gestureLabel: 201
fps: 29
pixelSizeInCmTemp: 3.2808219178082193e-01
faceCenterPointX: 257
faceCenterPointY: 85
headPositionsX: [ 259, 275, 275, 275, 278, 274, 279, 276, 276, 275, 271,
    268, 269, 261, 259, 254, 253, 249, 248, 246, 243, 244, 245, 243, 244,
    244, 249, 252, 256, 261, 263, 269, 273, 278, 279, 281, 279, 277, 280,
    275, 272, 270, 267, 266, 261, 257, 253, 251, 250, 251, 247, 244, 245,
    246, 244, 248, 250, 250, 254, 256, 260, 263, 262, 265, 269, 268, 265,
    267, 270, 266, 269, 269, 268, 265, 265, 264, 260, 261, 259, 258, 257,
    257, 257, 255, 259, 257, 258, 258, 257, 259, 258, 258, 256, 255, 256,
    259, 256, 255, 259, 258 ]
headPositionsY: [ 84, 82, 81, 83, 80, 81, 81, 84, 83, 84, 83, 85, 83, 86,
    82, 85, 83, 86, 83, 85, 82, 84, 83, 84, 82, 81, 83, 83, 87, 83, 83,
    85, 84, 81, 82, 84, 85, 82, 84, 83, 84, 84, 85, 88, 88, 84, 84, 85,
    86, 87, 83, 87, 87, 86, 85, 85, 84, 87, 83, 87, 85, 87, 87, 85, 87,
    84, 87, 83, 86, 86, 88, 86, 85, 87, 83, 84, 86, 85, 87, 83, 84, 88,
    84, 85, 83, 84, 83, 85, 87, 85, 85, 88, 86, 84, 86, 86, 86, 85, 85,
    84 ]
