%YAML:1.0
---
videoName: "headShake6.mp4"
gestureLabel: 201
fps: 29
pixelSizeInCmTemp: 3.2808219178082193e-01
faceCenterPointX: 244
faceCenterPointY: 68
headPositionsX: [ 246, 245, 247, 244, 245, 243, 243, 246, 244, 242, 246,
    247, 246, 248, 244, 246, 247, 247, 243, 246, 245, 243, 247, 242, 246,
    243, 247, 246, 249, 251, 254, 259, 260, 262, 262, 262, 260, 250, 246,
    240, 234, 230, 230, 230, 232, 238, 242, 247, 255, 256, 257, 256, 255,
    256, 249, 243, 236, 232, 232, 233, 233, 232, 236, 240, 244, 249, 253,
    250, 249, 248, 247, 245, 244, 238, 236, 241, 237, 240, 240, 242, 240,
    242, 242, 244, 245, 244, 245, 245, 243, 242, 244, 244, 246, 246, 246,
    242, 243, 242, 243, 242 ]
headPositionsY: [ 70, 67, 66, 65, 67, 64, 65, 66, 68, 66, 68, 68, 63, 65,
    65, 63, 64, 66, 65, 67, 67, 65, 66, 64, 68, 66, 68, 66, 67, 68, 65,
    64, 65, 66, 67, 66, 67, 66, 70, 70, 68, 66, 67, 68, 70, 69, 70, 67,
    65, 67, 66, 67, 67, 70, 70, 71, 67, 66, 70, 68, 66, 68, 68, 69, 68,
    66, 66, 66, 66, 68, 69, 68, 69, 66, 67, 68, 65, 68, 67, 70, 69, 67,
    69, 70, 70, 68, 71, 69, 68, 67, 67, 67, 69, 67, 67, 66, 68, 70, 66,
    68 ]
