%YAML:1.0
---
videoName: "headShake45.mp4"
gestureLabel: 201
fps: 30
pixelSizeInCmTemp: 3.3263888888888887e-01
faceCenterPointX: 262
faceCenterPointY: 84
headPositionsX: [ 260, 261, 264, 264, 261, 262, 261, 262, 265, 265, 262,
    263, 263, 264, 263, 261, 262, 264, 261, 263, 260, 260, 262, 263, 262,
    261, 261, 261, 262, 263, 262, 262, 262, 262, 260, 259, 259, 260, 257,
    257, 255, 258, 259, 264, 271, 273, 278, 281, 280, 279, 273, 267, 259,
    256, 256, 252, 260, 260, 270, 272, 272, 275, 272, 268, 263, 257, 255,
    255, 254, 262, 265, 270, 271, 271, 269, 270, 263, 260, 258, 258, 259,
    257, 261, 261, 262, 262, 261, 260, 262, 261, 259, 259, 260, 260, 262,
    262, 265, 264, 264, 260 ]
headPositionsY: [ 85, 81, 83, 80, 80, 81, 79, 81, 82, 84, 80, 80, 81, 80,
    83, 80, 84, 84, 82, 81, 82, 80, 85, 81, 80, 84, 84, 81, 84, 80, 84,
    85, 84, 83, 84, 83, 82, 80, 82, 82, 81, 84, 80, 82, 80, 82, 79, 81,
    79, 81, 81, 82, 81, 84, 83, 86, 84, 83, 84, 79, 83, 81, 81, 81, 84,
    84, 86, 85, 85, 82, 84, 80, 80, 82, 83, 83, 81, 83, 84, 80, 82, 80,
    85, 81, 83, 85, 81, 82, 84, 82, 83, 83, 84, 84, 82, 81, 86, 84, 83,
    81 ]
