%YAML:1.0
---
videoName: "headShake10.mp4"
gestureLabel: 201
fps: 29
pixelSizeInCmTemp: 3.3732394366197183e-01
faceCenterPointX: 240
faceCenterPointY: 74
headPositionsX: [ 242, 246, 245, 243, 244, 247, 245, 246, 248, 247, 245,
    245, 247, 244, 245, 248, 244, 248, 247, 246, 246, 248, 247, 245, 244,
    247, 245, 248, 245, 248, 248, 246, 246, 247, 246, 246, 246, 247, 244,
    245, 246, 245, 244, 247, 248, 243, 243, 245, 242, 243, 248, 249, 248,
    253, 255, 259, 261, 260, 262, 260, 254, 251, 246, 243, 239, 235, 230,
    231, 231, 235, 236, 241, 245, 247, 253, 257, 258, 258, 258, 253, 250,
    249, 248, 245, 241, 239, 238, 239, 238, 241, 240, 241, 240, 240, 240,
    243, 239, 243, 240, 244 ]
headPositionsY: [ 74, 71, 74, 75, 71, 74, 70, 72, 71, 72, 73, 74, 71, 73,
    74, 72, 75, 72, 75, 72, 71, 71, 71, 73, 72, 73, 72, 75, 74, 73, 75,
    71, 75, 71, 73, 75, 73, 72, 76, 75, 73, 71, 71, 75, 72, 72, 73, 76,
    72, 72, 71, 71, 73, 74, 71, 68, 69, 71, 73, 70, 71, 74, 76, 74, 71,
    76, 72, 76, 71, 72, 73, 74, 76, 73, 71, 74, 75, 74, 72, 75, 75, 75,
    75, 75, 73, 77, 76, 75, 75, 78, 77, 75, 72, 77, 76, 74, 75, 77, 73,
    75 ]
