%YAML:1.0
---
videoName: "headShake22.mp4"
gestureLabel: 201
fps: 29
pixelSizeInCmTemp: 3.2364864864864862e-01
faceCenterPointX: 241
faceCenterPointY: 79
headPositionsX: [ 243, 240, 242, 243, 240, 239, 243, 240, 241, 242, 240,
    241, 243, 243, 242, 240, 244, 242, 242, 244, 244, 245, 242, 242, 242,
    243, 240, 240, 244, 242, 242, 240, 242, 242, 240, 243, 240, 242, 242,
    244, 243, 242, 244, 241, 243, 244, 242, 243, 241, 244, 242, 240, 240,
    242, 240, 240, 244, 245, 242, 243, 241, 243, 241, 243, 241, 241, 243,
    240, 246, 247, 249, 252, 254, 257, 251, 251, 245, 244, 241, 235, 236,
    240, 242, 242, 245, 244, 248, 244, 242, 241, 242, 243, 243, 241, 242,
    238, 242, 242, 241, 241 ]
headPositionsY: [ 79, 75, 75, 74, 76, 76, 76, 74, 75, 74, 74, 77, 75, 74,
    74, 77, 77, 75, 76, 79, 76, 77, 74, 76, 76, 77, 77, 79, 76, 75, 75,
    78, 74, 75, 75, 75, 75, 78, 75, 75, 80, 75, 76, 79, 76, 74, 79, 75,
    77, 77, 76, 77, 76, 78, 75, 74, 75, 78, 75, 77, 78, 76, 76, 74, 79,
    76, 76, 78, 76, 78, 76, 76, 76, 75, 78, 78, 75, 78, 78, 76, 75, 77,
    76, 77, 78, 78, 80, 77, 76, 77, 80, 76, 77, 76, 77, 76, 78, 76, 76,
    79 ]
