%YAML:1.0
---
videoName: "headShake9.mp4"
gestureLabel: 201
fps: 30
pixelSizeInCmTemp: 3.2808219178082193e-01
faceCenterPointX: 243
faceCenterPointY: 73
headPositionsX: [ 243, 244, 241, 243, 245, 241, 243, 245, 243, 245, 243,
    244, 242, 243, 245, 245, 241, 242, 243, 242, 241, 243, 244, 242, 242,
    243, 244, 241, 243, 242, 244, 244, 241, 244, 245, 242, 241, 244, 242,
    244, 245, 248, 254, 255, 260, 260, 262, 266, 259, 258, 253, 248, 245,
    240, 235, 230, 228, 229, 232, 235, 239, 247, 251, 259, 260, 263, 263,
    256, 254, 248, 244, 238, 235, 228, 230, 226, 230, 231, 235, 241, 246,
    249, 249, 251, 251, 249, 251, 246, 249, 248, 244, 245, 247, 245, 246,
    242, 242, 245, 242, 245 ]
headPositionsY: [ 74, 72, 74, 71, 73, 71, 70, 73, 72, 74, 70, 71, 71, 71,
    74, 72, 71, 73, 71, 71, 71, 70, 73, 71, 73, 71, 73, 71, 72, 73, 74,
    73, 72, 72, 71, 71, 71, 71, 74, 74, 72, 72, 72, 72, 68, 70, 68, 73,
    71, 71, 73, 71, 75, 73, 71, 73, 74, 70, 71, 71, 75, 70, 73, 73, 67,
    71, 69, 72, 71, 74, 71, 73, 71, 70, 72, 73, 70, 72, 71, 74, 74, 75,
    70, 73, 71, 72, 70, 71, 74, 74, 73, 74, 74, 73, 72, 71, 72, 74, 76,
    73 ]
