%YAML:1.0
---
videoName: "headShake18.mp4"
gestureLabel: 201
fps: 30
pixelSizeInCmTemp: 3.2808219178082193e-01
faceCenterPointX: 240
faceCenterPointY: 77
headPositionsX: [ 239, 242, 242, 243, 244, 242, 239, 240, 242, 244, 240,
    241, 241, 240, 239, 241, 241, 242, 242, 239, 240, 241, 238, 243, 242,
    239, 241, 239, 240, 239, 239, 239, 237, 238, 237, 243, 241, 247, 251,
    252, 253, 253, 248, 249, 248, 244, 237, 235, 233, 231, 231, 230, 235,
    241, 244, 244, 248, 251, 249, 247, 246, 242, 237, 236, 233, 233, 235,
    234, 236, 239, 241, 243, 243, 244, 246, 240, 239, 235, 236, 234, 234,
    235, 239, 239, 241, 242, 242, 245, 240, 242, 241, 243, 241, 238, 241,
    239, 238, 241, 239, 241 ]
headPositionsY: [ 79, 74, 77, 75, 75, 77, 73, 75, 76, 76, 74, 75, 77, 77,
    77, 74, 76, 78, 78, 75, 73, 77, 75, 75, 75, 74, 73, 77, 77, 74, 78,
    73, 76, 78, 78, 76, 76, 78, 78, 77, 77, 77, 73, 74, 78, 75, 75, 77,
    76, 75, 75, 75, 78, 78, 75, 79, 78, 77, 75, 76, 77, 78, 76, 75, 77,
    79, 76, 77, 76, 75, 76, 77, 79, 79, 77, 79, 77, 77, 79, 76, 78, 78,
    77, 78, 78, 75, 76, 77, 78, 78, 79, 77, 77, 75, 75, 76, 75, 78, 75,
    77 ]
