%YAML:1.0
---
videoName: "headShake31.mp4"
gestureLabel: 201
fps: 29
pixelSizeInCmTemp: 3.2808219178082193e-01
faceCenterPointX: 236
faceCenterPointY: 68
headPositionsX: [ 234, 238, 236, 237, 236, 237, 239, 235, 236, 235, 237,
    237, 235, 238, 238, 237, 239, 235, 237, 238, 235, 235, 235, 236, 238,
    239, 237, 235, 235, 238, 237, 238, 236, 237, 236, 237, 233, 239, 239,
    244, 249, 250, 250, 253, 254, 252, 243, 238, 234, 223, 220, 223, 224,
    225, 227, 235, 240, 245, 245, 247, 245, 244, 240, 235, 232, 233, 228,
    226, 228, 231, 230, 237, 241, 242, 243, 243, 245, 241, 240, 240, 237,
    237, 237, 235, 235, 235, 233, 236, 233, 233, 232, 234, 235, 235, 237,
    238, 235, 237, 234, 236 ]
headPositionsY: [ 66, 67, 65, 69, 68, 69, 66, 67, 65, 66, 68, 66, 68, 68,
    66, 67, 66, 69, 67, 65, 66, 67, 66, 68, 68, 67, 66, 67, 66, 67, 67,
    69, 69, 67, 67, 67, 68, 65, 69, 68, 67, 65, 66, 66, 65, 68, 70, 67,
    68, 67, 66, 67, 69, 71, 72, 70, 69, 68, 72, 70, 68, 67, 69, 71, 69,
    70, 70, 70, 67, 70, 71, 70, 71, 67, 71, 67, 70, 67, 70, 68, 71, 68,
    70, 70, 68, 71, 69, 70, 70, 69, 67, 71, 67, 70, 68, 67, 70, 67, 69,
    70 ]
