%YAML:1.0
---
videoName: "headShake30.mp4"
gestureLabel: 201
fps: 29
pixelSizeInCmTemp: 3.2808219178082193e-01
faceCenterPointX: 240
faceCenterPointY: 68
headPositionsX: [ 238, 233, 235, 234, 234, 233, 233, 230, 235, 234, 237,
    236, 235, 236, 237, 242, 243, 242, 241, 243, 242, 244, 241, 242, 242,
    241, 244, 241, 241, 241, 238, 241, 240, 238, 240, 238, 240, 240, 244,
    247, 251, 253, 258, 258, 261, 259, 257, 255, 250, 244, 236, 231, 225,
    222, 222, 226, 230, 232, 239, 244, 249, 254, 251, 253, 244, 244, 236,
    231, 226, 226, 230, 229, 231, 239, 242, 243, 247, 251, 249, 249, 246,
    244, 242, 238, 238, 233, 237, 235, 235, 237, 238, 238, 242, 239, 242,
    239, 241, 238, 241, 238 ]
headPositionsY: [ 66, 56, 54, 58, 59, 58, 60, 61, 60, 61, 62, 63, 63, 65,
    63, 65, 66, 65, 67, 67, 66, 66, 67, 67, 66, 67, 64, 64, 66, 64, 64,
    65, 67, 68, 65, 66, 65, 64, 68, 64, 65, 66, 67, 65, 66, 67, 65, 65,
    65, 67, 67, 65, 67, 68, 69, 70, 68, 68, 67, 68, 65, 64, 68, 67, 70,
    67, 68, 70, 67, 69, 68, 70, 70, 68, 69, 66, 65, 64, 66, 66, 65, 65,
    69, 66, 65, 66, 70, 67, 65, 67, 67, 70, 70, 66, 66, 67, 67, 66, 68,
    70 ]
