%YAML:1.0
---
videoName: "headShake1.mp4"
gestureLabel: 201
fps: 29
pixelSizeInCmTemp: 3.3263888888888887e-01
faceCenterPointX: 279
faceCenterPointY: 98
headPositionsX: [ 281, 281, 279, 278, 276, 279, 280, 278, 280, 281, 277,
    277, 281, 277, 279, 282, 278, 281, 278, 281, 281, 279, 280, 280, 277,
    278, 281, 281, 279, 282, 284, 290, 290, 294, 295, 294, 289, 289, 288,
    284, 278, 272, 274, 270, 269, 269, 273, 277, 280, 285, 289, 291, 291,
    292, 292, 288, 283, 280, 272, 269, 268, 266, 270, 271, 274, 279, 285,
    284, 291, 293, 290, 290, 289, 287, 284, 281, 278, 273, 273, 269, 267,
    272, 270, 273, 274, 274, 276, 277, 279, 279, 277, 278, 282, 280, 280,
    282, 279, 278, 277, 277 ]
headPositionsY: [ 99, 99, 96, 95, 95, 99, 99, 96, 99, 97, 99, 95, 97, 97,
    95, 96, 97, 96, 98, 96, 99, 97, 99, 99, 96, 98, 97, 99, 94, 98, 96,
    96, 96, 97, 98, 95, 96, 97, 97, 99, 97, 96, 94, 99, 96, 99, 95, 97,
    95, 97, 96, 97, 94, 97, 95, 98, 95, 95, 98, 96, 95, 95, 94, 97, 95,
    95, 95, 93, 98, 97, 96, 95, 95, 98, 98, 100, 97, 99, 97, 99, 98, 98,
    95, 99, 100, 100, 97, 99, 97, 97, 98, 96, 100, 97, 99, 99, 97, 100,
    95, 97 ]
