%YAML:1.0
---
videoName: "headShake43.mp4"
gestureLabel: 201
fps: 29
pixelSizeInCmTemp: 3.2808219178082193e-01
faceCenterPointX: 257
faceCenterPointY: 84
headPositionsX: [ 258, 262, 262, 262, 261, 262, 262, 262, 261, 262, 261,
    259, 257, 258, 261, 259, 258, 261, 261, 259, 258, 259, 259, 261, 259,
    260, 262, 266, 268, 268, 270, 276, 280, 276, 281, 285, 282, 275, 279,
    276, 270, 266, 260, 254, 254, 246, 242, 245, 244, 242, 250, 252, 258,
    264, 268, 270, 271, 272, 273, 272, 273, 264, 260, 258, 250, 247, 246,
    243, 241, 249, 246, 253, 254, 259, 263, 267, 270, 271, 270, 270, 269,
    267, 267, 264, 262, 262, 259, 260, 259, 257, 256, 259, 255, 258, 258,
    258, 256, 254, 257, 257 ]
headPositionsY: [ 82, 87, 83, 84, 84, 83, 85, 86, 86, 86, 87, 85, 85, 87,
    83, 83, 87, 85, 84, 87, 84, 84, 84, 85, 83, 84, 84, 87, 86, 84, 83,
    82, 84, 82, 81, 82, 81, 83, 84, 80, 83, 87, 87, 87, 83, 86, 85, 84,
    84, 83, 86, 86, 84, 83, 85, 85, 83, 83, 81, 81, 85, 83, 83, 85, 81,
    85, 80, 83, 82, 83, 86, 83, 86, 85, 83, 85, 82, 85, 85, 81, 82, 86,
    83, 82, 86, 84, 86, 85, 86, 86, 82, 81, 83, 86, 84, 83, 82, 81, 82,
    85 ]
