%YAML:1.0
---
videoName: "headShake41.mp4"
gestureLabel: 201
fps: 29
pixelSizeInCmTemp: 3.2364864864864862e-01
faceCenterPointX: 264
faceCenterPointY: 85
headPositionsX: [ 266, 263, 259, 263, 262, 263, 260, 261, 264, 259, 261,
    259, 262, 262, 260, 262, 262, 260, 263, 258, 261, 262, 266, 264, 268,
    270, 269, 272, 272, 275, 278, 279, 280, 284, 279, 280, 280, 278, 278,
    275, 276, 270, 268, 260, 256, 253, 253, 249, 244, 248, 245, 246, 243,
    247, 246, 252, 249, 251, 255, 260, 265, 267, 271, 273, 275, 275, 278,
    277, 277, 278, 278, 275, 276, 272, 270, 266, 267, 268, 265, 264, 265,
    265, 265, 262, 262, 262, 261, 263, 259, 260, 263, 263, 260, 265, 261,
    264, 262, 262, 264, 263 ]
headPositionsY: [ 83, 80, 82, 84, 83, 82, 81, 85, 82, 82, 85, 81, 85, 82,
    83, 84, 83, 82, 83, 82, 85, 82, 83, 84, 83, 83, 84, 82, 83, 83, 81,
    81, 82, 79, 79, 82, 82, 80, 85, 84, 83, 84, 85, 84, 85, 83, 83, 83,
    81, 83, 84, 82, 84, 86, 86, 83, 85, 84, 87, 85, 87, 84, 82, 86, 83,
    86, 82, 86, 86, 86, 83, 86, 84, 84, 84, 85, 83, 86, 84, 85, 83, 85,
    86, 83, 83, 85, 82, 87, 83, 84, 85, 86, 87, 86, 86, 83, 84, 86, 86,
    86 ]
