%YAML:1.0
---
videoName: "headShake15.mp4"
gestureLabel: 201
fps: 29
pixelSizeInCmTemp: 3.3263888888888887e-01
faceCenterPointX: 243
faceCenterPointY: 76
headPositionsX: [ 242, 245, 245, 244, 245, 243, 244, 245, 244, 245, 245,
    244, 242, 244, 242, 244, 242, 243, 241, 243, 245, 243, 242, 241, 242,
    242, 243, 241, 244, 243, 243, 242, 242, 243, 241, 243, 242, 242, 243,
    243, 244, 244, 244, 244, 244, 243, 242, 242, 245, 241, 242, 245, 241,
    244, 242, 240, 241, 244, 244, 243, 241, 245, 243, 247, 249, 255, 254,
    259, 260, 257, 255, 253, 249, 245, 243, 237, 237, 238, 239, 239, 241,
    243, 245, 245, 245, 248, 244, 246, 244, 242, 240, 241, 243, 244, 241,
    241, 242, 244, 244, 244 ]
headPositionsY: [ 78, 75, 75, 76, 78, 73, 74, 74, 76, 78, 73, 74, 75, 77,
    73, 74, 72, 74, 74, 75, 74, 73, 77, 75, 72, 73, 75, 73, 74, 73, 77,
    73, 73, 74, 75, 75, 78, 75, 74, 75, 74, 73, 75, 74, 73, 78, 75, 74,
    77, 73, 74, 74, 78, 75, 78, 73, 73, 78, 76, 74, 78, 73, 78, 74, 77,
    76, 72, 73, 75, 77, 76, 74, 75, 78, 75, 77, 79, 73, 75, 79, 74, 75,
    76, 75, 77, 75, 77, 77, 78, 78, 76, 78, 78, 78, 78, 75, 75, 78, 76,
    75 ]
