%YAML:1.0
---
videoName: "headShake16.mp4"
gestureLabel: 201
fps: 29
pixelSizeInCmTemp: 3.2364864864864862e-01
faceCenterPointX: 242
faceCenterPointY: 77
headPositionsX: [ 242, 243, 246, 244, 241, 245, 246, 243, 243, 242, 244,
    244, 244, 244, 244, 244, 243, 242, 242, 246, 243, 242, 241, 242, 240,
    241, 241, 245, 241, 241, 244, 241, 240, 244, 240, 242, 244, 246, 248,
    248, 252, 255, 257, 255, 252, 249, 246, 245, 243, 237, 238, 233, 237,
    239, 239, 242, 244, 245, 249, 247, 247, 250, 248, 244, 239, 239, 235,
    234, 232, 235, 236, 237, 236, 240, 244, 243, 244, 244, 245, 245, 245,
    241, 241, 242, 238, 240, 239, 241, 239, 242, 239, 239, 244, 241, 240,
    241, 242, 244, 240, 244 ]
headPositionsY: [ 77, 75, 74, 74, 76, 78, 74, 78, 73, 78, 78, 76, 74, 74,
    76, 74, 75, 75, 74, 76, 75, 78, 74, 74, 75, 74, 77, 74, 77, 75, 77,
    76, 74, 77, 76, 77, 76, 79, 75, 78, 78, 75, 74, 73, 76, 76, 75, 76,
    75, 74, 76, 77, 75, 77, 79, 77, 76, 78, 76, 77, 74, 79, 79, 78, 77,
    77, 78, 75, 75, 77, 75, 76, 75, 78, 75, 75, 74, 79, 78, 76, 77, 75,
    76, 78, 78, 78, 78, 78, 77, 76, 77, 74, 75, 77, 79, 76, 78, 76, 74,
    77 ]
