%YAML:1.0
---
videoName: "headShake40.mp4"
gestureLabel: 201
fps: 29
pixelSizeInCmTemp: 3.2808219178082193e-01
faceCenterPointX: 261
faceCenterPointY: 86
headPositionsX: [ 263, 261, 263, 263, 261, 261, 260, 259, 259, 262, 260,
    263, 263, 259, 260, 261, 259, 261, 262, 258, 263, 261, 259, 259, 261,
    257, 259, 258, 257, 258, 257, 256, 256, 254, 252, 254, 255, 262, 264,
    269, 271, 279, 280, 277, 279, 276, 273, 266, 259, 256, 249, 248, 248,
    247, 249, 250, 255, 261, 265, 269, 272, 274, 268, 267, 268, 263, 259,
    259, 256, 259, 255, 257, 257, 260, 261, 266, 268, 267, 266, 265, 266,
    264, 261, 262, 260, 258, 259, 255, 257, 260, 257, 258, 258, 259, 262,
    258, 263, 260, 261, 259 ]
headPositionsY: [ 85, 83, 83, 82, 85, 84, 81, 83, 85, 82, 86, 83, 86, 83,
    82, 84, 84, 83, 86, 82, 82, 83, 82, 86, 86, 82, 82, 85, 82, 86, 81,
    82, 83, 85, 84, 82, 83, 83, 85, 83, 81, 83, 81, 82, 79, 83, 81, 85,
    80, 83, 83, 83, 81, 84, 83, 84, 84, 86, 82, 84, 82, 82, 85, 81, 83,
    82, 82, 85, 85, 81, 82, 83, 84, 85, 82, 82, 83, 83, 85, 84, 83, 83,
    81, 85, 81, 84, 86, 86, 83, 83, 84, 87, 84, 83, 84, 86, 84, 86, 87,
    86 ]
