%YAML:1.0
---
videoName: "headShake38.mp4"
gestureLabel: 201
fps: 29
pixelSizeInCmTemp: 3.2808219178082193e-01
faceCenterPointX: 259
faceCenterPointY: 84
headPositionsX: [ 257, 261, 262, 261, 263, 263, 265, 263, 264, 263, 264,
    263, 263, 262, 265, 265, 265, 266, 262, 265, 263, 262, 265, 264, 261,
    261, 261, 263, 265, 260, 263, 260, 261, 261, 263, 264, 262, 264, 264,
    261, 263, 263, 258, 256, 253, 250, 247, 245, 249, 254, 261, 266, 271,
    279, 278, 276, 270, 262, 256, 248, 250, 250, 253, 261, 265, 271, 272,
    267, 266, 258, 252, 251, 247, 247, 250, 253, 261, 263, 265, 267, 267,
    271, 266, 267, 267, 262, 263, 261, 262, 260, 260, 259, 258, 258, 259,
    261, 260, 259, 261, 258 ]
headPositionsY: [ 83, 82, 81, 81, 84, 85, 84, 81, 83, 82, 81, 81, 85, 84,
    81, 82, 81, 86, 84, 82, 83, 84, 84, 85, 84, 84, 83, 85, 83, 85, 86,
    85, 81, 83, 83, 82, 85, 84, 84, 84, 82, 85, 85, 81, 82, 79, 81, 83,
    84, 85, 84, 85, 81, 82, 81, 80, 83, 82, 83, 83, 86, 80, 83, 84, 86,
    81, 82, 85, 83, 82, 84, 81, 84, 83, 81, 82, 81, 85, 83, 84, 84, 87,
    83, 83, 86, 85, 87, 85, 83, 85, 82, 83, 82, 85, 83, 83, 83, 87, 85,
    82 ]
