%YAML:1.0
---
videoName: "headShake38.mp4"
gestureLabel: 201
fps: 29
pixelSizeInCmTemp: 3.2808219178082193e-01
faceCenterPointX: 259
faceCenterPointY: 84
headPositionsX: [ 258, 262, 262, 263, 262, 262, 263, 263, 263, 263, 265,
    263, 266, 263, 263, 263, 261, 265, 264, 264, 265, 264, 265, 264, 265,
    264, 264, 264, 264, 260, 263, 260, 262, 261, 260, 261, 262, 262, 262,
    264, 261, 263, 261, 255, 253, 250, 247, 245, 248, 254, 261, 267, 272,
    276, 279, 272, 267, 261, 253, 252, 249, 250, 252, 260, 267, 270, 273,
    269, 268, 257, 252, 249, 248, 249, 252, 256, 259, 262, 266, 270, 267,
    267, 265, 268, 263, 264, 260, 259, 262, 261, 259, 259, 261, 259, 261,
    261, 260, 261, 262, 261 ]
headPositionsY: [ 84, 81, 83, 81, 85, 85, 84, 82, 82, 82, 84, 81, 83, 84,
    83, 85, 85, 85, 81, 83, 82, 82, 84, 82, 83, 86, 84, 82, 83, 82, 86,
    83, 83, 82, 84, 86, 84, 82, 82, 85, 85, 86, 82, 84, 82, 81, 84, 81,
    83, 85, 82, 83, 82, 84, 85, 84, 83, 82, 84, 83, 86, 82, 82, 82, 84,
    82, 86, 83, 84, 85, 85, 84, 85, 82, 82, 83, 84, 82, 86, 83, 83, 86,
    82, 86, 87, 85, 85, 86, 83, 82, 82, 85, 86, 83, 87, 83, 85, 87, 83,
    83 ]
