%YAML:1.0
---
videoName: "headShake27.mp4"
gestureLabel: 201
fps: 29
pixelSizeInCmTemp: 3.3263888888888887e-01
faceCenterPointX: 244
faceCenterPointY: 78
headPositionsX: [ 245, 244, 248, 248, 248, 253, 254, 252, 254, 256, 257,
    255, 254, 252, 253, 252, 249, 244, 243, 244, 240, 236, 235, 234, 232,
    235, 234, 234, 232, 231, 232, 236, 232, 237, 237, 240, 242, 242, 245,
    248, 246, 246, 250, 248, 248, 249, 248, 247, 248, 246, 247, 241, 242,
    240, 238, 239, 234, 231, 235, 234, 231, 232, 236, 232, 236, 236, 235,
    238, 243, 240, 243, 246, 244, 246, 247, 248, 246, 249, 247, 247, 247,
    247, 248, 244, 248, 245, 244, 247, 246, 244, 247, 244, 243, 244, 243,
    243, 243, 244, 244, 246 ]
headPositionsY: [ 76, 80, 79, 77, 75, 77, 79, 77, 78, 74, 74, 75, 74, 75,
    81, 80, 79, 80, 76, 79, 78, 77, 76, 79, 78, 78, 80, 76, 77, 80, 78,
    80, 81, 76, 81, 81, 77, 78, 80, 81, 82, 78, 78, 80, 80, 77, 82, 80,
    81, 80, 81, 80, 79, 81, 79, 82, 78, 77, 79, 77, 78, 78, 80, 81, 80,
    78, 79, 77, 81, 80, 80, 82, 77, 78, 81, 78, 78, 79, 80, 82, 78, 79,
    77, 80, 81, 78, 81, 78, 80, 79, 81, 77, 77, 78, 80, 79, 78, 77, 77,
    79 ]
