%YAML:1.0
---
videoName: "headShake32.mp4"
gestureLabel: 201
fps: 29
pixelSizeInCmTemp: 3.2808219178082193e-01
faceCenterPointX: 237
faceCenterPointY: 77
headPositionsX: [ 236, 237, 237, 236, 238, 238, 239, 236, 236, 240, 237,
    239, 240, 241, 240, 239, 240, 242, 242, 239, 240, 243, 243, 239, 238,
    241, 238, 243, 240, 238, 239, 241, 240, 240, 240, 239, 238, 240, 239,
    240, 245, 244, 245, 247, 249, 252, 249, 251, 253, 248, 252, 250, 248,
    244, 242, 240, 239, 236, 234, 229, 230, 227, 227, 226, 225, 225, 229,
    230, 231, 230, 233, 235, 243, 244, 247, 246, 250, 248, 249, 247, 248,
    247, 244, 243, 243, 242, 239, 239, 241, 237, 237, 240, 236, 238, 236,
    235, 239, 238, 236, 236 ]
headPositionsY: [ 79, 71, 76, 74, 75, 73, 70, 73, 73, 76, 73, 75, 71, 72,
    73, 71, 76, 75, 72, 72, 74, 71, 75, 72, 75, 76, 74, 75, 77, 72, 75,
    73, 75, 76, 73, 76, 76, 74, 72, 73, 73, 74, 75, 74, 71, 72, 71, 74,
    75, 73, 73, 73, 75, 75, 76, 76, 75, 77, 76, 78, 74, 76, 73, 76, 76,
    74, 78, 74, 75, 77, 77, 75, 78, 73, 75, 78, 76, 74, 77, 77, 74, 74,
    78, 75, 78, 77, 74, 75, 78, 76, 79, 79, 76, 78, 76, 80, 80, 75, 78,
    78 ]
