%YAML:1.0
---
videoName: "headShake32.mp4"
gestureLabel: 201
fps: 29
pixelSizeInCmTemp: 3.2808219178082193e-01
faceCenterPointX: 237
faceCenterPointY: 77
headPositionsX: [ 238, 237, 236, 236, 237, 240, 238, 236, 238, 239, 236,
    240, 241, 241, 239, 239, 242, 243, 240, 239, 240, 243, 243, 238, 239,
    240, 241, 241, 238, 241, 237, 239, 237, 239, 240, 241, 238, 241, 241,
    243, 241, 246, 245, 248, 249, 248, 251, 252, 252, 251, 251, 249, 245,
    243, 240, 237, 235, 233, 233, 229, 230, 228, 228, 226, 225, 226, 228,
    230, 233, 232, 237, 238, 242, 240, 247, 250, 250, 251, 247, 250, 248,
    249, 247, 247, 241, 244, 241, 240, 238, 238, 237, 239, 235, 240, 237,
    239, 239, 235, 237, 236 ]
headPositionsY: [ 77, 70, 76, 72, 72, 74, 71, 75, 73, 73, 71, 75, 73, 73,
    74, 72, 74, 72, 75, 73, 72, 73, 72, 73, 73, 77, 75, 75, 73, 74, 76,
    74, 74, 76, 76, 74, 72, 74, 74, 74, 74, 74, 73, 71, 71, 73, 71, 74,
    74, 72, 71, 75, 76, 75, 76, 77, 77, 76, 76, 75, 78, 74, 74, 77, 78,
    76, 75, 77, 77, 75, 76, 74, 76, 76, 75, 78, 73, 73, 77, 75, 76, 77,
    77, 77, 75, 76, 74, 75, 75, 75, 79, 76, 78, 77, 77, 76, 79, 75, 78,
    76 ]
