%YAML:1.0
---
videoName: "headShake9.mp4"
gestureLabel: 201
fps: 30
pixelSizeInCmTemp: 3.2808219178082193e-01
faceCenterPointX: 243
faceCenterPointY: 73
headPositionsX: [ 241, 245, 244, 241, 243, 244, 245, 242, 244, 244, 245,
    241, 243, 244, 245, 243, 241, 245, 245, 241, 243, 241, 242, 243, 243,
    241, 241, 245, 241, 244, 244, 245, 244, 243, 241, 243, 244, 243, 242,
    245, 246, 249, 254, 257, 260, 264, 263, 264, 260, 259, 252, 249, 244,
    238, 232, 233, 226, 228, 232, 237, 242, 249, 251, 256, 261, 263, 260,
    258, 256, 248, 244, 239, 236, 228, 228, 229, 227, 233, 237, 240, 246,
    250, 248, 253, 249, 248, 251, 247, 249, 245, 246, 243, 245, 243, 244,
    244, 246, 245, 241, 242 ]
headPositionsY: [ 75, 71, 73, 74, 71, 71, 70, 70, 72, 72, 72, 74, 71, 71,
    72, 74, 71, 71, 74, 73, 74, 70, 72, 71, 72, 73, 70, 71, 72, 74, 72,
    74, 73, 71, 72, 70, 70, 70, 73, 73, 74, 73, 71, 72, 70, 72, 70, 70,
    73, 71, 74, 73, 71, 74, 73, 71, 74, 74, 72, 71, 71, 70, 69, 72, 67,
    71, 68, 73, 70, 73, 71, 70, 74, 70, 75, 70, 74, 73, 74, 74, 75, 74,
    72, 72, 71, 75, 70, 73, 75, 71, 73, 72, 73, 75, 72, 72, 73, 75, 75,
    75 ]
