%YAML:1.0
---
videoName: "headShake42.mp4"
gestureLabel: 201
fps: 29
pixelSizeInCmTemp: 3.2808219178082193e-01
faceCenterPointX: 257
faceCenterPointY: 85
headPositionsX: [ 258, 271, 277, 275, 278, 278, 276, 275, 275, 274, 270,
    270, 269, 261, 257, 254, 253, 249, 248, 246, 242, 242, 241, 244, 241,
    244, 245, 250, 253, 258, 264, 267, 270, 277, 280, 278, 279, 276, 276,
    277, 271, 272, 268, 267, 261, 257, 255, 253, 251, 248, 245, 243, 246,
    247, 245, 246, 250, 253, 256, 258, 261, 259, 264, 264, 269, 268, 266,
    268, 269, 266, 269, 266, 266, 267, 266, 265, 260, 263, 262, 257, 257,
    259, 257, 255, 257, 254, 257, 255, 258, 257, 256, 256, 257, 256, 259,
    259, 255, 259, 256, 259 ]
headPositionsY: [ 84, 84, 84, 79, 80, 83, 82, 83, 80, 81, 83, 86, 85, 82,
    82, 82, 83, 83, 84, 84, 86, 82, 85, 84, 85, 83, 85, 86, 83, 85, 85,
    83, 83, 82, 84, 81, 84, 81, 85, 84, 82, 87, 84, 84, 87, 88, 85, 84,
    88, 87, 86, 84, 86, 88, 86, 86, 87, 84, 87, 86, 85, 83, 86, 86, 87,
    88, 83, 84, 85, 86, 84, 87, 85, 87, 87, 86, 84, 86, 88, 86, 87, 86,
    83, 86, 87, 86, 83, 84, 86, 87, 87, 87, 87, 83, 86, 87, 84, 86, 83,
    84 ]
