%YAML:1.0
---
videoName: "headShake32.mp4"
gestureLabel: 201
fps: 29
pixelSizeInCmTemp: 3.2808219178082193e-01
faceCenterPointX: 237
faceCenterPointY: 77
headPositionsX: [ 237, 238, 236, 234, 239, 240, 236, 238, 237, 240, 237,
    239, 237, 241, 241, 238, 239, 242, 238, 239, 242, 243, 241, 238, 239,
    239, 241, 239, 241, 242, 238, 239, 236, 237, 240, 237, 239, 238, 239,
    243, 244, 244, 245, 247, 249, 249, 248, 250, 250, 250, 248, 249, 247,
    242, 244, 240, 236, 236, 234, 232, 228, 230, 228, 229, 227, 227, 225,
    229, 233, 231, 237, 239, 240, 243, 246, 250, 247, 252, 249, 249, 250,
    245, 248, 244, 242, 241, 239, 241, 239, 239, 236, 237, 238, 236, 239,
    237, 238, 235, 237, 238 ]
headPositionsY: [ 78, 70, 75, 73, 76, 72, 71, 75, 72, 74, 73, 72, 73, 73,
    74, 74, 76, 76, 75, 71, 73, 75, 72, 73, 75, 74, 72, 75, 75, 76, 72,
    72, 75, 73, 76, 76, 75, 76, 74, 77, 76, 75, 73, 74, 75, 75, 71, 72,
    71, 74, 71, 73, 73, 76, 77, 78, 76, 78, 74, 78, 75, 73, 75, 75, 78,
    74, 76, 78, 75, 75, 74, 75, 74, 76, 76, 78, 73, 75, 73, 74, 77, 75,
    75, 79, 76, 77, 74, 75, 76, 75, 77, 77, 78, 76, 76, 78, 77, 75, 78,
    76 ]
