%YAML:1.0
---
videoName: "headShake9.mp4"
gestureLabel: 201
fps: 30
pixelSizeInCmTemp: 3.2808219178082193e-01
faceCenterPointX: 243
faceCenterPointY: 73
headPositionsX: [ 243, 243, 244, 243, 241, 243, 243, 242, 243, 244, 243,
    242, 242, 245, 242, 243, 245, 244, 244, 242, 244, 242, 245, 242, 242,
    243, 243, 244, 243, 244, 240, 244, 243, 241, 243, 245, 242, 244, 241,
    244, 247, 251, 254, 255, 261, 260, 262, 267, 261, 259, 252, 250, 244,
    239, 233, 230, 228, 227, 230, 237, 243, 245, 255, 258, 261, 259, 262,
    260, 255, 252, 245, 240, 232, 230, 231, 228, 230, 235, 237, 239, 244,
    248, 251, 249, 252, 249, 249, 246, 248, 247, 244, 246, 245, 243, 245,
    241, 244, 246, 244, 241 ]
headPositionsY: [ 71, 74, 71, 71, 74, 73, 71, 72, 70, 74, 72, 73, 70, 70,
    73, 75, 72, 73, 71, 73, 72, 70, 70, 70, 72, 73, 72, 74, 74, 71, 71,
    74, 71, 71, 74, 73, 73, 71, 70, 74, 73, 74, 73, 69, 70, 71, 67, 73,
    73, 69, 74, 72, 74, 73, 72, 70, 71, 73, 73, 71, 73, 70, 72, 70, 68,
    72, 70, 70, 74, 71, 72, 72, 71, 72, 73, 69, 71, 72, 73, 73, 71, 71,
    71, 70, 71, 71, 74, 75, 74, 73, 73, 71, 74, 73, 72, 73, 75, 72, 75,
    71 ]
