%YAML:1.0
---
videoName: "headShake26.mp4"
gestureLabel: 201
fps: 30
pixelSizeInCmTemp: 3.2808219178082193e-01
faceCenterPointX: 243
faceCenterPointY: 78
headPositionsX: [ 244, 238, 240, 239, 242, 245, 246, 246, 246, 250, 251,
    248, 251, 250, 250, 252, 252, 247, 247, 243, 241, 235, 233, 231, 230,
    230, 227, 231, 231, 232, 234, 234, 238, 242, 245, 246, 247, 251, 253,
    252, 253, 250, 248, 250, 245, 241, 241, 234, 231, 230, 229, 227, 228,
    231, 229, 233, 237, 240, 241, 246, 248, 250, 251, 252, 252, 251, 251,
    252, 249, 246, 243, 244, 241, 240, 237, 236, 235, 236, 238, 238, 235,
    237, 236, 239, 241, 239, 240, 240, 244, 245, 245, 245, 243, 246, 246,
    242, 245, 242, 243, 245 ]
headPositionsY: [ 79, 75, 77, 78, 76, 75, 78, 75, 77, 75, 80, 80, 79, 77,
    77, 77, 78, 78, 77, 77, 81, 76, 79, 75, 77, 74, 76, 75, 78, 79, 77,
    75, 76, 78, 76, 74, 78, 76, 76, 77, 78, 77, 77, 80, 79, 79, 80, 76,
    79, 76, 74, 76, 77, 79, 78, 79, 77, 79, 80, 76, 76, 78, 79, 79, 77,
    78, 78, 79, 79, 79, 81, 77, 78, 77, 79, 78, 76, 76, 77, 77, 77, 77,
    79, 80, 76, 78, 79, 76, 80, 81, 81, 79, 77, 80, 77, 79, 78, 76, 81,
    77 ]
