%YAML:1.0
---
videoName: "headShake16.mp4"
gestureLabel: 201
fps: 29
pixelSizeInCmTemp: 3.2364864864864862e-01
faceCenterPointX: 242
faceCenterPointY: 77
headPositionsX: [ 242, 242, 244, 243, 245, 242, 246, 242, 243, 243, 243,
    245, 244, 245, 245, 244, 242, 243, 245, 245, 241, 244, 243, 242, 242,
    242, 241, 241, 241, 245, 244, 242, 242, 244, 241, 243, 240, 242, 244,
    250, 251, 255, 257, 255, 252, 250, 248, 244, 242, 239, 234, 236, 235,
    239, 239, 240, 243, 249, 248, 248, 248, 247, 249, 243, 242, 240, 237,
    233, 232, 236, 233, 238, 239, 238, 241, 243, 243, 246, 245, 241, 244,
    240, 238, 239, 238, 240, 238, 240, 240, 239, 242, 242, 240, 241, 244,
    244, 240, 243, 242, 241 ]
headPositionsY: [ 75, 74, 77, 78, 74, 78, 76, 74, 76, 76, 78, 75, 74, 75,
    74, 74, 73, 76, 76, 76, 75, 76, 77, 74, 76, 76, 74, 74, 73, 78, 75,
    78, 77, 77, 77, 74, 75, 79, 77, 76, 74, 74, 74, 75, 73, 73, 76, 78,
    78, 77, 78, 75, 77, 79, 79, 75, 78, 77, 78, 79, 75, 75, 77, 76, 79,
    77, 74, 78, 76, 75, 75, 78, 75, 79, 77, 77, 74, 79, 79, 78, 80, 75,
    77, 78, 77, 77, 77, 74, 76, 79, 74, 74, 74, 78, 76, 78, 76, 75, 76,
    75 ]
