%YAML:1.0
---
videoName: "headShake36.mp4"
gestureLabel: 201
fps: 29
pixelSizeInCmTemp: 3.2364864864864862e-01
faceCenterPointX: 263
faceCenterPointY: 80
headPositionsX: [ 263, 266, 263, 264, 263, 265, 264, 269, 268, 271, 276,
    275, 279, 283, 279, 285, 284, 282, 278, 278, 278, 272, 267, 269, 263,
    261, 255, 251, 251, 247, 249, 246, 245, 247, 245, 245, 248, 249, 247,
    252, 259, 261, 267, 269, 272, 272, 274, 278, 278, 281, 278, 280, 278,
    276, 275, 275, 272, 265, 264, 259, 255, 255, 249, 252, 252, 249, 250,
    253, 253, 253, 254, 259, 261, 263, 265, 264, 264, 264, 268, 267, 269,
    269, 266, 267, 266, 263, 264, 266, 263, 265, 262, 261, 263, 262, 265,
    263, 264, 264, 264, 261 ]
headPositionsY: [ 79, 81, 80, 81, 80, 78, 77, 79, 81, 79, 76, 77, 79, 77,
    74, 75, 75, 79, 80, 77, 79, 78, 82, 81, 83, 83, 81, 77, 80, 78, 79,
    82, 80, 80, 79, 80, 83, 81, 79, 79, 80, 81, 84, 79, 81, 79, 78, 79,
    76, 78, 76, 79, 78, 78, 79, 81, 82, 80, 83, 82, 81, 80, 81, 80, 77,
    78, 80, 78, 77, 81, 79, 78, 78, 82, 82, 82, 83, 79, 82, 83, 78, 80,
    82, 80, 83, 80, 81, 79, 80, 83, 82, 83, 82, 79, 83, 79, 80, 78, 78,
    81 ]
