%YAML:1.0
---
videoName: "headShake3.mp4"
gestureLabel: 201
fps: 30
pixelSizeInCmTemp: 3.3263888888888887e-01
faceCenterPointX: 240
faceCenterPointY: 101
headPositionsX: [ 238, 244, 239, 239, 240, 239, 242, 242, 239, 239, 241,
    240, 242, 243, 243, 243, 243, 242, 243, 242, 239, 242, 243, 243, 241,
    240, 239, 241, 240, 241, 239, 238, 242, 241, 247, 249, 252, 257, 254,
    256, 256, 249, 246, 244, 237, 234, 229, 230, 228, 231, 235, 240, 243,
    246, 251, 252, 250, 246, 244, 237, 235, 229, 227, 226, 224, 229, 233,
    232, 241, 241, 244, 244, 244, 247, 246, 241, 240, 235, 237, 234, 232,
    232, 234, 235, 236, 235, 237, 236, 239, 239, 240, 241, 239, 241, 238,
    242, 242, 243, 241, 241 ]
headPositionsY: [ 101, 99, 99, 99, 99, 99, 97, 99, 100, 96, 99, 99, 97,
    97, 99, 101, 101, 99, 101, 101, 100, 100, 99, 99, 98, 99, 100, 98,
    100, 98, 99, 100, 99, 100, 97, 97, 99, 97, 100, 99, 96, 100, 99, 98,
    97, 101, 98, 96, 97, 101, 97, 99, 99, 97, 96, 100, 96, 99, 97, 99,
    99, 100, 96, 97, 98, 100, 97, 97, 99, 97, 100, 97, 98, 101, 99, 101,
    101, 99, 98, 102, 99, 101, 101, 98, 99, 100, 102, 102, 100, 101, 99,
    99, 100, 98, 100, 100, 100, 99, 99, 98 ]
