%YAML:1.0
---
videoName: "headShake7.mp4"
gestureLabel: 201
fps: 29
pixelSizeInCmTemp: 3.3263888888888887e-01
faceCenterPointX: 244
faceCenterPointY: 72
headPositionsX: [ 242, 245, 244, 245, 241, 244, 241, 242, 241, 245, 246,
    246, 253, 256, 255, 256, 262, 258, 258, 255, 249, 249, 241, 233, 233,
    234, 237, 241, 244, 251, 256, 260, 258, 257, 257, 248, 246, 237, 232,
    228, 225, 227, 228, 235, 239, 248, 251, 255, 257, 253, 253, 247, 246,
    244, 236, 233, 229, 229, 231, 236, 238, 243, 246, 253, 257, 254, 256,
    257, 253, 249, 247, 242, 237, 234, 237, 235, 234, 234, 237, 236, 240,
    240, 242, 244, 247, 248, 245, 247, 247, 247, 246, 244, 247, 246, 243,
    242, 242, 245, 243, 242 ]
headPositionsY: [ 71, 73, 73, 70, 73, 73, 71, 69, 71, 71, 71, 71, 68, 71,
    69, 66, 70, 69, 67, 67, 70, 69, 69, 69, 73, 69, 69, 73, 72, 69, 66,
    66, 71, 69, 69, 72, 72, 69, 69, 70, 73, 72, 68, 73, 73, 73, 71, 68,
    71, 68, 71, 70, 71, 73, 72, 70, 72, 70, 68, 71, 71, 73, 72, 69, 68,
    70, 68, 69, 70, 69, 71, 73, 69, 71, 71, 72, 72, 69, 69, 72, 73, 69,
    73, 72, 74, 69, 72, 72, 71, 69, 74, 73, 72, 73, 71, 70, 73, 70, 70,
    72 ]
