%YAML:1.0
---
videoName: "headShake13.mp4"
gestureLabel: 201
fps: 29
pixelSizeInCmTemp: 3.2364864864864862e-01
faceCenterPointX: 241
faceCenterPointY: 77
headPositionsX: [ 239, 242, 241, 241, 239, 241, 242, 239, 241, 241, 240,
    240, 242, 243, 243, 239, 242, 241, 242, 240, 239, 243, 239, 241, 240,
    239, 242, 242, 241, 238, 239, 241, 237, 240, 244, 248, 253, 256, 259,
    259, 263, 262, 257, 256, 252, 241, 236, 233, 232, 231, 228, 234, 235,
    240, 243, 250, 251, 248, 248, 250, 244, 243, 235, 232, 233, 232, 230,
    235, 236, 241, 245, 251, 249, 252, 250, 252, 248, 243, 240, 239, 236,
    232, 232, 234, 233, 234, 239, 238, 242, 242, 243, 242, 245, 246, 242,
    242, 242, 242, 241, 240 ]
headPositionsY: [ 79, 78, 78, 77, 75, 74, 79, 77, 76, 75, 74, 76, 76, 77,
    77, 75, 74, 75, 78, 78, 77, 75, 75, 77, 77, 76, 77, 77, 77, 76, 75,
    74, 78, 78, 77, 78, 76, 73, 76, 75, 75, 73, 73, 75, 78, 77, 78, 78,
    78, 79, 78, 75, 78, 76, 77, 75, 75, 77, 76, 77, 75, 75, 78, 77, 79,
    79, 75, 76, 78, 77, 78, 76, 77, 78, 75, 77, 76, 76, 75, 79, 78, 78,
    78, 78, 78, 74, 76, 78, 79, 79, 78, 75, 77, 78, 78, 75, 77, 78, 78,
    74 ]
