%YAML:1.0
---
videoName: "headShake7.mp4"
gestureLabel: 201
fps: 29
pixelSizeInCmTemp: 3.3263888888888887e-01
faceCenterPointX: 244
faceCenterPointY: 72
headPositionsX: [ 242, 244, 243, 244, 242, 244, 240, 244, 242, 245, 247,
    247, 252, 253, 258, 257, 262, 260, 257, 257, 251, 245, 242, 234, 232,
    232, 237, 242, 247, 254, 258, 258, 260, 256, 254, 250, 245, 236, 233,
    228, 226, 229, 232, 234, 238, 245, 249, 251, 255, 255, 251, 247, 244,
    240, 238, 232, 232, 231, 228, 234, 241, 245, 249, 253, 257, 258, 256,
    257, 252, 253, 245, 242, 240, 238, 236, 236, 233, 235, 233, 236, 240,
    241, 241, 243, 244, 247, 245, 248, 246, 246, 247, 243, 247, 243, 245,
    244, 242, 245, 244, 245 ]
headPositionsY: [ 72, 69, 71, 73, 73, 70, 71, 70, 73, 70, 72, 70, 68, 68,
    71, 69, 69, 68, 69, 70, 70, 69, 71, 70, 73, 72, 71, 72, 71, 68, 67,
    69, 68, 72, 73, 69, 71, 69, 73, 69, 73, 70, 70, 72, 70, 71, 72, 69,
    67, 72, 71, 71, 71, 74, 72, 70, 73, 69, 70, 69, 69, 70, 70, 70, 68,
    68, 68, 69, 68, 69, 71, 72, 72, 68, 72, 73, 70, 71, 70, 71, 69, 70,
    70, 71, 71, 69, 71, 69, 71, 70, 73, 70, 71, 73, 74, 74, 73, 72, 73,
    73 ]
