%YAML:1.0
---
videoName: "headShake12.mp4"
gestureLabel: 201
fps: 29
pixelSizeInCmTemp: 3.2808219178082193e-01
faceCenterPointX: 241
faceCenterPointY: 76
headPositionsX: [ 243, 241, 239, 239, 240, 244, 243, 242, 244, 242, 242,
    241, 244, 243, 239, 243, 244, 243, 240, 240, 242, 240, 243, 240, 240,
    242, 241, 243, 244, 241, 241, 240, 241, 244, 241, 243, 243, 243, 242,
    242, 241, 239, 241, 243, 244, 242, 242, 242, 243, 243, 242, 243, 241,
    244, 243, 240, 242, 241, 242, 244, 249, 251, 254, 256, 260, 257, 255,
    252, 247, 244, 236, 231, 231, 233, 236, 243, 247, 247, 253, 254, 252,
    249, 246, 244, 242, 241, 236, 239, 238, 239, 238, 236, 240, 241, 239,
    238, 238, 241, 240, 240 ]
headPositionsY: [ 74, 72, 75, 74, 76, 75, 73, 75, 73, 73, 74, 76, 75, 73,
    74, 72, 73, 73, 75, 73, 75, 75, 73, 73, 71, 76, 76, 74, 75, 72, 73,
    74, 77, 72, 73, 75, 76, 76, 75, 76, 75, 73, 74, 75, 74, 74, 74, 74,
    72, 77, 76, 76, 72, 76, 72, 74, 75, 73, 72, 74, 72, 76, 72, 73, 74,
    73, 71, 74, 75, 75, 74, 77, 78, 76, 78, 78, 74, 74, 77, 76, 73, 74,
    77, 77, 76, 74, 75, 74, 78, 74, 77, 74, 77, 74, 79, 75, 78, 73, 79,
    74 ]
