%YAML:1.0
---
videoName: "headShake3.mp4"
gestureLabel: 201
fps: 30
pixelSizeInCmTemp: 3.3263888888888887e-01
faceCenterPointX: 240
faceCenterPointY: 101
headPositionsX: [ 240, 240, 241, 240, 242, 243, 242, 241, 240, 239, 239,
    241, 243, 241, 240, 243, 244, 244, 239, 242, 243, 243, 242, 240, 243,
    242, 240, 241, 242, 242, 239, 237, 242, 243, 245, 247, 255, 256, 255,
    257, 253, 253, 250, 242, 238, 232, 231, 228, 226, 231, 235, 237, 243,
    248, 249, 253, 251, 247, 243, 236, 232, 227, 225, 223, 223, 229, 232,
    233, 241, 241, 243, 246, 245, 243, 242, 241, 238, 238, 234, 235, 235,
    232, 232, 235, 236, 234, 237, 235, 239, 240, 239, 239, 240, 241, 241,
    243, 243, 241, 239, 240 ]
headPositionsY: [ 100, 100, 98, 99, 98, 100, 100, 97, 99, 97, 99, 99, 99,
    100, 98, 97, 99, 97, 100, 99, 97, 97, 100, 97, 99, 99, 101, 98, 100,
    99, 98, 98, 97, 100, 100, 98, 96, 98, 100, 98, 96, 99, 98, 97, 101,
    99, 98, 96, 100, 100, 97, 97, 98, 99, 96, 101, 99, 99, 99, 99, 100,
    100, 96, 96, 96, 98, 100, 97, 99, 98, 99, 98, 97, 100, 98, 99, 101,
    99, 99, 100, 100, 98, 101, 99, 101, 100, 98, 100, 98, 99, 100, 102,
    98, 102, 99, 103, 102, 103, 100, 98 ]
