%YAML:1.0
---
videoName: "headShake47.mp4"
gestureLabel: 201
fps: 29
pixelSizeInCmTemp: 3.2364864864864862e-01
faceCenterPointX: 258
faceCenterPointY: 86
headPositionsX: [ 259, 258, 261, 260, 260, 259, 261, 258, 258, 259, 260,
    260, 257, 261, 260, 260, 262, 260, 259, 260, 258, 259, 257, 260, 258,
    257, 260, 259, 260, 261, 262, 260, 257, 257, 257, 255, 253, 252, 251,
    251, 248, 250, 250, 255, 260, 263, 266, 266, 266, 263, 257, 254, 251,
    250, 254, 259, 261, 266, 264, 266, 264, 255, 256, 252, 252, 255, 257,
    259, 262, 265, 263, 260, 255, 255, 254, 254, 257, 257, 262, 262, 265,
    261, 257, 257, 253, 254, 256, 255, 256, 256, 255, 258, 258, 259, 259,
    258, 257, 260, 255, 257 ]
headPositionsY: [ 87, 85, 83, 85, 87, 85, 84, 82, 86, 85, 84, 84, 85, 85,
    86, 83, 86, 85, 83, 84, 82, 87, 85, 83, 86, 86, 85, 86, 87, 83, 83,
    86, 84, 87, 83, 86, 85, 87, 85, 83, 84, 86, 86, 87, 90, 88, 90, 90,
    88, 91, 87, 88, 91, 89, 89, 89, 89, 87, 90, 90, 87, 89, 89, 86, 86,
    88, 85, 87, 89, 88, 90, 88, 85, 87, 84, 87, 85, 86, 85, 85, 85, 89,
    88, 85, 85, 87, 85, 85, 85, 85, 84, 88, 84, 89, 88, 87, 87, 85, 83,
    84 ]
