%YAML:1.0
---
videoName: "headShake36.mp4"
gestureLabel: 201
fps: 29
pixelSizeInCmTemp: 3.2364864864864862e-01
faceCenterPointX: 263
faceCenterPointY: 80
headPositionsX: [ 262, 264, 264, 261, 261, 262, 266, 265, 270, 272, 272,
    275, 279, 280, 279, 285, 285, 280, 279, 278, 278, 270, 268, 267, 260,
    259, 257, 255, 251, 251, 249, 247, 246, 244, 248, 243, 246, 249, 250,
    253, 255, 261, 263, 267, 271, 272, 276, 277, 281, 281, 281, 281, 280,
    277, 274, 275, 271, 268, 263, 256, 256, 256, 253, 248, 249, 248, 251,
    249, 253, 253, 257, 258, 258, 264, 262, 265, 266, 268, 265, 267, 268,
    268, 268, 264, 266, 263, 263, 263, 264, 265, 263, 265, 264, 264, 264,
    264, 265, 265, 263, 262 ]
headPositionsY: [ 82, 79, 77, 78, 80, 82, 77, 77, 81, 79, 78, 79, 76, 77,
    76, 78, 74, 75, 76, 81, 78, 79, 79, 82, 82, 79, 80, 79, 79, 80, 79,
    81, 80, 83, 80, 80, 83, 80, 81, 82, 81, 82, 83, 79, 80, 80, 78, 80,
    77, 79, 80, 77, 80, 78, 76, 77, 82, 81, 80, 81, 80, 81, 77, 77, 80,
    82, 78, 82, 79, 78, 81, 82, 82, 81, 83, 79, 79, 82, 82, 83, 78, 81,
    81, 77, 79, 81, 82, 79, 78, 83, 83, 81, 81, 81, 82, 78, 80, 80, 82,
    81 ]
