%YAML:1.0
---
videoName: "headShake6.mp4"
gestureLabel: 201
fps: 29
pixelSizeInCmTemp: 3.2808219178082193e-01
faceCenterPointX: 244
faceCenterPointY: 68
headPositionsX: [ 244, 245, 246, 247, 245, 245, 243, 247, 244, 245, 243,
    246, 243, 248, 243, 246, 243, 248, 244, 243, 246, 243, 245, 242, 246,
    244, 244, 245, 250, 255, 256, 259, 260, 264, 263, 258, 258, 254, 245,
    240, 234, 233, 230, 232, 231, 238, 241, 248, 256, 259, 259, 257, 256,
    254, 248, 242, 238, 235, 233, 229, 232, 236, 237, 242, 247, 250, 250,
    251, 248, 251, 246, 245, 244, 240, 236, 237, 240, 238, 238, 238, 242,
    244, 245, 241, 243, 247, 243, 243, 246, 246, 243, 243, 246, 245, 244,
    245, 243, 244, 243, 244 ]
headPositionsY: [ 70, 69, 65, 65, 66, 67, 64, 67, 68, 66, 65, 68, 66, 64,
    65, 65, 66, 67, 64, 67, 66, 64, 67, 66, 70, 68, 69, 66, 66, 67, 66,
    64, 65, 64, 66, 67, 68, 67, 67, 67, 67, 68, 67, 67, 68, 66, 70, 70,
    68, 66, 69, 66, 68, 67, 66, 68, 70, 68, 67, 65, 70, 65, 70, 70, 70,
    67, 67, 70, 66, 68, 66, 67, 70, 69, 69, 69, 66, 69, 68, 66, 70, 69,
    67, 69, 69, 66, 67, 70, 70, 71, 70, 70, 66, 68, 68, 70, 70, 70, 68,
    70 ]
