%YAML:1.0
---
videoName: "headShake44.mp4"
gestureLabel: 201
fps: 30
pixelSizeInCmTemp: 3.2808219178082193e-01
faceCenterPointX: 260
faceCenterPointY: 84
headPositionsX: [ 261, 261, 260, 263, 262, 262, 261, 260, 261, 259, 262,
    260, 263, 263, 259, 259, 260, 262, 262, 259, 261, 263, 259, 261, 260,
    261, 259, 259, 260, 261, 259, 262, 259, 263, 261, 262, 260, 258, 264,
    265, 268, 271, 273, 273, 275, 276, 273, 267, 263, 256, 253, 252, 252,
    254, 256, 261, 265, 268, 273, 270, 266, 264, 260, 253, 254, 256, 258,
    264, 268, 269, 273, 271, 266, 263, 259, 252, 252, 254, 253, 257, 258,
    261, 258, 261, 259, 261, 261, 261, 264, 261, 261, 262, 263, 260, 258,
    259, 262, 259, 262, 260 ]
headPositionsY: [ 85, 85, 83, 80, 84, 82, 80, 85, 80, 81, 81, 84, 84, 84,
    83, 80, 83, 84, 85, 84, 83, 81, 81, 81, 83, 84, 81, 85, 81, 80, 84,
    83, 83, 84, 85, 83, 81, 85, 85, 83, 81, 82, 81, 81, 82, 82, 83, 84,
    85, 85, 82, 84, 85, 86, 85, 85, 84, 81, 83, 85, 87, 85, 85, 82, 84,
    83, 84, 83, 81, 82, 85, 84, 83, 84, 84, 85, 84, 82, 82, 84, 85, 86,
    86, 86, 83, 86, 82, 83, 87, 86, 82, 85, 84, 84, 82, 85, 83, 87, 83,
    85 ]
