%YAML:1.0
---
videoName: "headShake5.mp4"
gestureLabel: 201
fps: 30
pixelSizeInCmTemp: 3.3263888888888887e-01
faceCenterPointX: 275
faceCenterPointY: 73
headPositionsX: [ 277, 279, 278, 275, 278, 277, 281, 276, 277, 277, 278,
    279, 279, 277, 278, 278, 279, 277, 275, 277, 278, 276, 279, 276, 277,
    278, 279, 277, 278, 276, 279, 275, 278, 280, 283, 284, 289, 292, 297,
    295, 294, 294, 290, 283, 279, 271, 266, 266, 262, 266, 270, 272, 279,
    286, 289, 290, 287, 284, 279, 272, 268, 265, 264, 263, 266, 269, 277,
    280, 283, 286, 283, 282, 283, 278, 275, 272, 266, 269, 265, 268, 270,
    270, 276, 280, 278, 282, 282, 282, 279, 282, 282, 280, 278, 276, 274,
    277, 275, 276, 273, 273 ]
headPositionsY: [ 73, 71, 75, 74, 75, 72, 75, 71, 72, 71, 71, 73, 74, 75,
    73, 71, 76, 73, 72, 74, 75, 74, 72, 75, 75, 75, 72, 72, 76, 73, 75,
    72, 71, 71, 73, 75, 72, 71, 73, 74, 72, 70, 72, 74, 72, 75, 71, 75,
    74, 71, 74, 76, 74, 73, 75, 72, 72, 72, 75, 75, 76, 76, 74, 73, 76,
    73, 76, 75, 74, 72, 72, 73, 73, 75, 72, 72, 75, 74, 71, 74, 76, 73,
    73, 72, 75, 71, 73, 72, 74, 74, 70, 71, 74, 72, 74, 72, 75, 72, 73,
    71 ]
