%YAML:1.0
---
videoName: "headShake10.mp4"
gestureLabel: 201
fps: 29
pixelSizeInCmTemp: 3.3732394366197183e-01
faceCenterPointX: 240
faceCenterPointY: 74
headPositionsX: [ 240, 247, 248, 245, 247, 246, 247, 246, 244, 244, 245,
    245, 245, 245, 246, 245, 244, 245, 244, 247, 245, 248, 247, 245, 246,
    245, 248, 244, 244, 248, 246, 245, 245, 247, 247, 248, 243, 247, 244,
    244, 243, 248, 243, 243, 247, 243, 247, 243, 242, 247, 244, 250, 250,
    254, 256, 259, 259, 260, 260, 260, 256, 252, 246, 244, 236, 233, 232,
    229, 232, 233, 239, 241, 244, 249, 253, 256, 256, 259, 256, 253, 250,
    250, 247, 244, 245, 242, 241, 239, 241, 238, 239, 240, 242, 243, 240,
    241, 240, 241, 243, 240 ]
headPositionsY: [ 72, 74, 72, 74, 70, 71, 70, 73, 72, 75, 71, 74, 74, 72,
    74, 73, 74, 72, 73, 71, 75, 74, 74, 71, 71, 70, 73, 72, 71, 74, 73,
    73, 74, 72, 73, 74, 74, 71, 74, 75, 71, 74, 74, 71, 73, 74, 74, 72,
    72, 72, 75, 73, 74, 73, 74, 70, 69, 69, 71, 73, 75, 73, 73, 72, 71,
    75, 73, 73, 74, 75, 72, 73, 76, 74, 73, 71, 72, 72, 71, 74, 72, 75,
    77, 77, 74, 75, 76, 74, 73, 78, 77, 73, 73, 76, 76, 75, 73, 76, 77,
    78 ]
