%YAML:1.0
---
videoName: "headShake33.mp4"
gestureLabel: 201
fps: 29
pixelSizeInCmTemp: 3.2364864864864862e-01
faceCenterPointX: 244
faceCenterPointY: 84
headPositionsX: [ 243, 245, 247, 245, 246, 246, 246, 246, 246, 243, 246,
    246, 247, 246, 246, 244, 243, 244, 244, 245, 243, 246, 248, 250, 251,
    252, 259, 261, 261, 261, 262, 260, 263, 260, 257, 254, 251, 250, 246,
    242, 236, 234, 232, 229, 226, 226, 224, 225, 226, 232, 232, 236, 242,
    247, 251, 253, 254, 259, 257, 262, 262, 261, 257, 256, 252, 250, 248,
    246, 242, 240, 238, 234, 232, 231, 231, 234, 234, 232, 234, 235, 237,
    237, 240, 242, 246, 245, 245, 248, 249, 247, 249, 244, 244, 246, 247,
    243, 245, 244, 242, 245 ]
headPositionsY: [ 83, 85, 83, 83, 82, 83, 82, 80, 82, 80, 85, 83, 81, 84,
    83, 81, 82, 81, 85, 84, 82, 83, 83, 85, 80, 84, 79, 82, 80, 79, 80,
    80, 79, 82, 82, 84, 83, 84, 81, 83, 84, 83, 83, 83, 81, 80, 80, 81,
    85, 83, 85, 85, 83, 83, 82, 83, 82, 82, 81, 79, 82, 82, 82, 81, 81,
    86, 83, 84, 83, 83, 82, 82, 81, 81, 84, 80, 81, 84, 80, 83, 82, 82,
    82, 81, 82, 81, 85, 85, 82, 86, 83, 85, 83, 83, 85, 83, 82, 85, 84,
    84 ]
