%YAML:1.0
---
videoName: "headShake6.mp4"
gestureLabel: 201
fps: 29
pixelSizeInCmTemp: 3.2808219178082193e-01
faceCenterPointX: 244
faceCenterPointY: 68
headPositionsX: [ 244, 246, 243, 248, 247, 247, 245, 246, 244, 243, 247,
    245, 244, 247, 245, 244, 247, 246, 245, 245, 244, 243, 246, 246, 245,
    244, 244, 247, 249, 255, 254, 259, 261, 260, 264, 261, 257, 251, 247,
    241, 235, 232, 229, 232, 235, 237, 242, 247, 252, 258, 259, 258, 256,
    254, 250, 242, 239, 233, 230, 229, 234, 233, 236, 244, 245, 249, 250,
    251, 251, 250, 247, 242, 242, 238, 236, 239, 237, 239, 241, 240, 239,
    242, 242, 242, 245, 243, 246, 244, 244, 244, 245, 246, 243, 242, 244,
    245, 243, 243, 244, 244 ]
headPositionsY: [ 67, 65, 68, 65, 66, 66, 66, 65, 66, 64, 67, 68, 65, 64,
    65, 64, 65, 67, 65, 66, 69, 68, 69, 64, 69, 67, 67, 66, 65, 66, 65,
    65, 66, 63, 69, 65, 68, 69, 66, 67, 71, 67, 66, 65, 68, 70, 70, 69,
    68, 65, 68, 65, 66, 68, 69, 69, 67, 68, 67, 68, 67, 66, 69, 68, 69,
    70, 66, 66, 65, 67, 66, 69, 68, 68, 66, 68, 69, 65, 68, 70, 69, 68,
    67, 68, 67, 68, 69, 67, 66, 71, 66, 71, 67, 68, 68, 66, 70, 70, 69,
    69 ]
