%YAML:1.0
---
videoName: "headShake6.mp4"
gestureLabel: 201
fps: 29
pixelSizeInCmTemp: 3.2808219178082193e-01
faceCenterPointX: 244
faceCenterPointY: 68
headPositionsX: [ 242, 247, 245, 247, 245, 244, 247, 243, 244, 242, 243,
    247, 243, 247, 246, 244, 243, 247, 246, 243, 248, 247, 243, 243, 246,
    247, 246, 249, 248, 255, 258, 257, 263, 263, 261, 261, 260, 250, 245,
    240, 236, 230, 232, 232, 232, 240, 244, 249, 253, 256, 258, 256, 258,
    252, 249, 243, 238, 233, 232, 229, 231, 233, 237, 243, 245, 248, 251,
    253, 249, 249, 244, 242, 244, 239, 237, 241, 238, 238, 241, 239, 240,
    243, 244, 244, 242, 247, 245, 245, 244, 243, 242, 242, 242, 246, 243,
    243, 245, 246, 244, 245 ]
headPositionsY: [ 70, 67, 66, 66, 67, 66, 68, 66, 68, 64, 65, 67, 64, 67,
    68, 63, 65, 69, 66, 67, 69, 66, 70, 68, 70, 66, 67, 69, 69, 67, 64,
    65, 65, 65, 65, 67, 65, 70, 68, 67, 71, 66, 67, 68, 70, 70, 67, 67,
    66, 65, 68, 68, 66, 67, 66, 69, 70, 65, 69, 68, 66, 67, 67, 67, 68,
    69, 67, 67, 66, 67, 67, 70, 69, 67, 66, 67, 65, 69, 68, 70, 66, 70,
    66, 70, 70, 69, 68, 67, 67, 67, 67, 71, 66, 71, 67, 69, 70, 67, 67,
    67 ]
