%YAML:1.0
---
videoName: "headShake4.mp4"
gestureLabel: 201
fps: 30
pixelSizeInCmTemp: 3.2364864864864862e-01
faceCenterPointX: 237
faceCenterPointY: 101
headPositionsX: [ 235, 244, 243, 249, 249, 254, 254, 253, 251, 250, 245,
    238, 233, 226, 223, 225, 228, 230, 235, 241, 247, 249, 254, 251, 251,
    244, 240, 233, 229, 223, 222, 225, 226, 230, 232, 243, 248, 249, 255,
    258, 256, 252, 249, 244, 235, 231, 230, 224, 226, 226, 227, 229, 235,
    240, 243, 245, 249, 246, 249, 250, 247, 242, 242, 236, 232, 231, 230,
    231, 228, 232, 231, 235, 235, 239, 237, 241, 241, 241, 240, 243, 242,
    238, 240, 237, 237, 238, 239, 239, 235, 240, 235, 237, 238, 235, 237,
    239, 239, 238, 236, 239 ]
headPositionsY: [ 100, 100, 97, 97, 97, 96, 98, 100, 97, 99, 102, 101,
    97, 100, 99, 96, 98, 101, 98, 97, 99, 99, 98, 100, 98, 98, 98, 98,
    100, 96, 96, 97, 99, 96, 102, 98, 99, 98, 96, 98, 98, 99, 100, 103,
    101, 101, 98, 101, 102, 98, 100, 102, 98, 99, 100, 102, 97, 102, 97,
    97, 101, 99, 100, 99, 98, 102, 99, 98, 97, 100, 101, 98, 100, 100,
    102, 99, 101, 100, 101, 100, 98, 101, 102, 102, 101, 103, 101, 101,
    99, 103, 98, 99, 97, 101, 98, 102, 99, 98, 101, 100 ]
