%YAML:1.0
---
videoName: "headShake26.mp4"
gestureLabel: 201
fps: 30
pixelSizeInCmTemp: 3.2808219178082193e-01
faceCenterPointX: 243
faceCenterPointY: 78
headPositionsX: [ 244, 239, 242, 239, 242, 245, 244, 247, 249, 247, 252,
    251, 250, 252, 249, 254, 252, 250, 245, 246, 239, 238, 237, 233, 228,
    228, 226, 228, 232, 233, 231, 236, 240, 243, 246, 245, 247, 251, 251,
    255, 256, 251, 248, 246, 246, 241, 241, 237, 234, 228, 230, 229, 227,
    228, 233, 232, 239, 238, 243, 248, 248, 252, 252, 254, 253, 253, 253,
    249, 247, 245, 246, 243, 242, 239, 236, 239, 235, 236, 237, 238, 237,
    240, 238, 240, 242, 243, 240, 242, 242, 245, 246, 244, 242, 245, 244,
    245, 244, 243, 242, 243 ]
headPositionsY: [ 80, 77, 76, 78, 78, 77, 80, 75, 78, 78, 77, 80, 79, 75,
    79, 79, 76, 77, 77, 77, 80, 80, 79, 75, 75, 77, 77, 76, 74, 76, 77,
    75, 78, 79, 76, 78, 77, 78, 77, 78, 76, 78, 76, 78, 78, 78, 79, 78,
    76, 78, 74, 75, 76, 78, 75, 78, 77, 80, 78, 77, 77, 79, 76, 79, 78,
    77, 79, 80, 80, 79, 81, 77, 77, 80, 78, 77, 80, 76, 77, 80, 77, 77,
    78, 78, 76, 79, 78, 80, 81, 80, 77, 80, 81, 81, 76, 81, 78, 77, 80,
    80 ]
