%YAML:1.0
---
videoName: "headShake2.mp4"
gestureLabel: 201
fps: 29
pixelSizeInCmTemp: 3.4214285714285714e-01
faceCenterPointX: 276
faceCenterPointY: 98
headPositionsX: [ 275, 279, 276, 276, 277, 276, 279, 278, 276, 278, 276,
    275, 277, 278, 275, 279, 279, 278, 278, 278, 275, 276, 280, 278, 280,
    278, 275, 279, 280, 279, 277, 279, 277, 276, 280, 275, 278, 276, 279,
    278, 276, 279, 279, 285, 287, 289, 295, 292, 296, 293, 293, 287, 283,
    279, 273, 266, 266, 263, 267, 269, 272, 279, 283, 289, 289, 292, 290,
    286, 284, 281, 277, 273, 267, 268, 266, 272, 274, 279, 284, 286, 288,
    285, 284, 282, 284, 280, 279, 279, 277, 277, 276, 274, 274, 276, 273,
    275, 274, 277, 277, 275 ]
headPositionsY: [ 100, 98, 97, 98, 100, 95, 100, 98, 99, 99, 98, 97, 98,
    96, 98, 97, 98, 99, 101, 97, 101, 101, 99, 98, 100, 100, 99, 99, 101,
    100, 100, 100, 99, 99, 100, 100, 96, 97, 99, 99, 100, 98, 100, 97,
    98, 96, 99, 96, 98, 96, 95, 97, 100, 96, 97, 97, 98, 99, 96, 98, 99,
    100, 96, 95, 95, 98, 97, 99, 96, 100, 97, 99, 99, 100, 100, 98, 99,
    101, 99, 100, 99, 96, 97, 101, 100, 98, 98, 98, 100, 97, 99, 99, 101,
    101, 98, 101, 96, 100, 97, 101 ]
