%YAML:1.0
---
videoName: "headShake29.mp4"
gestureLabel: 201
fps: 29
pixelSizeInCmTemp: 3.3263888888888887e-01
faceCenterPointX: 243
faceCenterPointY: 76
headPositionsX: [ 241, 241, 242, 243, 242, 242, 242, 241, 244, 240, 240,
    242, 245, 245, 241, 240, 244, 240, 244, 240, 244, 240, 242, 239, 241,
    239, 239, 239, 239, 238, 243, 245, 251, 254, 252, 255, 255, 254, 246,
    241, 239, 233, 230, 226, 229, 232, 231, 238, 243, 247, 248, 251, 254,
    249, 247, 248, 239, 239, 232, 233, 227, 227, 233, 234, 237, 242, 246,
    250, 250, 254, 249, 249, 250, 244, 243, 239, 236, 238, 234, 233, 236,
    233, 234, 235, 238, 239, 238, 239, 241, 244, 245, 244, 241, 241, 241,
    244, 244, 241, 242, 241 ]
headPositionsY: [ 76, 77, 77, 76, 76, 75, 77, 74, 75, 76, 77, 75, 77, 77,
    75, 77, 77, 75, 76, 77, 74, 79, 75, 78, 77, 77, 77, 77, 76, 75, 74,
    76, 75, 73, 75, 75, 76, 73, 76, 78, 76, 75, 75, 77, 76, 77, 77, 77,
    79, 78, 78, 74, 73, 78, 74, 75, 76, 77, 78, 78, 78, 74, 74, 76, 79,
    75, 78, 77, 75, 74, 75, 75, 78, 78, 76, 75, 77, 77, 75, 73, 74, 78,
    76, 76, 76, 74, 74, 79, 77, 74, 74, 80, 78, 76, 77, 75, 75, 75, 76,
    76 ]
