%YAML:1.0
---
videoName: "headShake45.mp4"
gestureLabel: 201
fps: 30
pixelSizeInCmTemp: 3.3263888888888887e-01
faceCenterPointX: 262
faceCenterPointY: 84
headPositionsX: [ 263, 260, 261, 263, 260, 263, 262, 261, 264, 262, 262,
    264, 261, 264, 262, 262, 262, 263, 260, 260, 263, 264, 263, 261, 263,
    262, 261, 260, 260, 264, 262, 261, 262, 262, 260, 260, 260, 261, 260,
    258, 253, 257, 259, 266, 268, 275, 280, 280, 281, 275, 274, 269, 262,
    257, 252, 252, 256, 264, 268, 270, 273, 274, 272, 266, 266, 260, 256,
    256, 256, 261, 267, 270, 272, 270, 273, 270, 266, 259, 257, 254, 256,
    259, 262, 264, 263, 264, 265, 259, 258, 259, 259, 263, 260, 262, 263,
    263, 264, 264, 263, 264 ]
headPositionsY: [ 85, 82, 83, 82, 82, 79, 82, 79, 80, 84, 80, 83, 83, 81,
    83, 80, 84, 81, 84, 83, 80, 82, 82, 82, 83, 81, 84, 82, 82, 80, 80,
    84, 84, 80, 83, 84, 81, 82, 82, 80, 83, 84, 83, 81, 81, 83, 82, 81,
    81, 81, 82, 84, 82, 80, 85, 84, 82, 85, 82, 79, 82, 80, 80, 82, 85,
    83, 82, 82, 83, 82, 81, 80, 84, 80, 83, 83, 85, 82, 84, 83, 81, 80,
    85, 81, 84, 84, 84, 84, 86, 85, 84, 85, 83, 84, 83, 85, 84, 84, 85,
    83 ]
