%YAML:1.0
---
videoName: "headShake40.mp4"
gestureLabel: 201
fps: 29
pixelSizeInCmTemp: 3.2808219178082193e-01
faceCenterPointX: 261
faceCenterPointY: 86
headPositionsX: [ 260, 260, 261, 260, 263, 259, 260, 260, 263, 259, 262,
    259, 260, 260, 260, 260, 261, 263, 263, 257, 259, 259, 260, 260, 263,
    259, 263, 258, 258, 257, 255, 257, 254, 253, 251, 255, 254, 259, 263,
    270, 272, 277, 280, 279, 280, 275, 270, 265, 258, 253, 251, 246, 248,
    246, 252, 253, 257, 260, 267, 267, 269, 272, 271, 269, 269, 264, 261,
    256, 258, 257, 259, 259, 258, 259, 263, 266, 267, 269, 268, 268, 263,
    264, 261, 262, 261, 257, 258, 256, 256, 258, 260, 258, 257, 258, 259,
    259, 262, 262, 263, 260 ]
headPositionsY: [ 88, 85, 84, 82, 81, 85, 83, 85, 86, 84, 82, 82, 86, 81,
    82, 86, 83, 84, 85, 81, 82, 81, 86, 82, 85, 83, 84, 86, 83, 84, 81,
    82, 84, 83, 82, 83, 85, 86, 83, 81, 79, 82, 82, 80, 78, 81, 83, 83,
    81, 85, 81, 84, 80, 81, 83, 82, 86, 82, 82, 83, 83, 83, 81, 84, 82,
    84, 81, 81, 83, 81, 81, 83, 86, 81, 82, 81, 82, 85, 85, 84, 82, 84,
    82, 85, 82, 82, 83, 82, 83, 85, 87, 87, 83, 87, 85, 86, 84, 87, 86,
    84 ]
