%YAML:1.0
---
videoName: "headShake17.mp4"
gestureLabel: 201
fps: 29
pixelSizeInCmTemp: 3.3263888888888887e-01
faceCenterPointX: 242
faceCenterPointY: 76
headPositionsX: [ 241, 239, 240, 238, 238, 238, 238, 242, 245, 246, 249,
    253, 257, 260, 259, 258, 253, 248, 247, 238, 237, 231, 227, 227, 228,
    225, 229, 231, 234, 241, 242, 247, 253, 250, 255, 255, 253, 251, 250,
    245, 240, 242, 235, 232, 232, 233, 229, 231, 233, 238, 237, 241, 241,
    243, 244, 247, 243, 244, 243, 244, 243, 243, 243, 241, 241, 237, 240,
    240, 242, 240, 239, 242, 239, 242, 240, 243, 239, 241, 241, 240, 243,
    241, 241, 241, 240, 241, 242, 242, 242, 243, 240, 243, 239, 243, 242,
    239, 244, 239, 242, 240 ]
headPositionsY: [ 78, 78, 77, 75, 74, 76, 76, 77, 77, 76, 75, 75, 77, 73,
    74, 75, 74, 76, 79, 78, 75, 79, 78, 76, 77, 78, 74, 78, 79, 76, 78,
    74, 77, 74, 73, 73, 74, 77, 77, 79, 76, 77, 76, 79, 75, 77, 77, 77,
    77, 76, 75, 76, 79, 78, 77, 77, 74, 75, 76, 75, 76, 75, 78, 74, 73,
    75, 76, 74, 74, 79, 76, 77, 75, 76, 76, 76, 78, 77, 76, 77, 75, 78,
    77, 77, 75, 76, 79, 76, 74, 74, 77, 75, 78, 77, 74, 74, 75, 75, 76,
    74 ]
