%YAML:1.0
---
videoName: "headShake17.mp4"
gestureLabel: 201
fps: 29
pixelSizeInCmTemp: 3.3263888888888887e-01
faceCenterPointX: 242
faceCenterPointY: 76
headPositionsX: [ 243, 241, 236, 236, 236, 237, 238, 242, 246, 248, 252,
    252, 261, 258, 258, 259, 255, 249, 245, 239, 237, 233, 228, 227, 227,
    227, 227, 234, 233, 238, 246, 249, 250, 249, 255, 252, 251, 253, 246,
    246, 244, 242, 235, 232, 231, 233, 231, 233, 234, 236, 236, 238, 243,
    245, 244, 243, 246, 245, 247, 241, 241, 243, 240, 238, 238, 237, 239,
    239, 241, 241, 240, 239, 238, 241, 240, 240, 241, 238, 239, 243, 242,
    243, 240, 241, 239, 241, 243, 241, 243, 240, 242, 243, 240, 239, 239,
    242, 243, 241, 241, 241 ]
headPositionsY: [ 77, 77, 73, 77, 76, 76, 75, 77, 77, 74, 77, 76, 77, 76,
    73, 77, 73, 77, 78, 75, 76, 79, 75, 77, 75, 75, 75, 77, 76, 78, 78,
    74, 77, 77, 76, 74, 75, 75, 74, 77, 77, 77, 80, 78, 75, 77, 74, 74,
    79, 79, 75, 75, 79, 77, 79, 77, 76, 76, 75, 76, 78, 78, 77, 77, 76,
    78, 75, 74, 75, 78, 74, 75, 74, 77, 76, 74, 77, 74, 76, 74, 76, 78,
    78, 76, 76, 74, 76, 74, 75, 77, 75, 79, 78, 78, 74, 78, 76, 78, 76,
    78 ]
