%YAML:1.0
---
videoName: "headShake29.mp4"
gestureLabel: 201
fps: 29
pixelSizeInCmTemp: 3.3263888888888887e-01
faceCenterPointX: 243
faceCenterPointY: 76
headPositionsX: [ 241, 240, 240, 242, 242, 243, 241, 244, 244, 242, 243,
    241, 243, 241, 244, 242, 245, 243, 241, 244, 245, 242, 242, 242, 238,
    241, 237, 239, 237, 241, 241, 247, 250, 253, 256, 256, 255, 254, 248,
    243, 237, 231, 233, 227, 229, 230, 235, 236, 244, 249, 251, 250, 254,
    249, 251, 245, 242, 235, 233, 229, 229, 228, 230, 234, 239, 243, 247,
    250, 253, 252, 252, 252, 248, 248, 243, 240, 239, 235, 236, 232, 235,
    236, 237, 237, 238, 236, 240, 242, 239, 244, 244, 243, 242, 241, 244,
    245, 241, 241, 240, 243 ]
headPositionsY: [ 76, 74, 74, 78, 76, 76, 73, 75, 77, 76, 76, 77, 76, 78,
    76, 77, 77, 78, 76, 76, 75, 78, 75, 74, 77, 77, 78, 76, 77, 75, 75,
    78, 77, 73, 72, 73, 75, 73, 73, 78, 77, 75, 73, 78, 77, 78, 77, 74,
    76, 79, 78, 75, 74, 75, 76, 76, 76, 76, 78, 78, 75, 76, 75, 75, 79,
    77, 75, 78, 76, 74, 74, 76, 76, 77, 77, 77, 73, 77, 78, 73, 73, 78,
    76, 74, 79, 78, 75, 75, 78, 78, 73, 76, 78, 76, 76, 78, 77, 78, 74,
    76 ]
