%YAML:1.0
---
videoName: "headShake3.mp4"
gestureLabel: 201
fps: 30
pixelSizeInCmTemp: 3.3263888888888887e-01
faceCenterPointX: 240
faceCenterPointY: 101
headPositionsX: [ 241, 241, 243, 243, 244, 241, 241, 239, 239, 241, 242,
    242, 243, 241, 240, 239, 243, 244, 242, 241, 240, 242, 241, 240, 240,
    242, 240, 243, 239, 238, 240, 238, 241, 241, 244, 248, 255, 255, 254,
    258, 256, 251, 246, 242, 239, 235, 232, 229, 229, 229, 234, 238, 241,
    249, 249, 253, 250, 247, 243, 237, 234, 227, 227, 226, 226, 228, 233,
    233, 237, 244, 245, 244, 243, 244, 243, 244, 242, 238, 236, 233, 235,
    233, 234, 236, 236, 234, 234, 239, 237, 237, 242, 240, 241, 241, 238,
    240, 239, 241, 240, 242 ]
headPositionsY: [ 102, 99, 100, 101, 98, 98, 100, 97, 101, 96, 99, 98,
    100, 99, 100, 101, 101, 97, 100, 101, 97, 97, 98, 100, 99, 97, 97,
    98, 97, 100, 99, 97, 100, 101, 98, 98, 99, 94, 98, 97, 99, 99, 97,
    96, 101, 99, 101, 97, 97, 98, 99, 98, 99, 98, 98, 101, 98, 98, 98,
    101, 98, 97, 99, 98, 98, 99, 97, 97, 99, 99, 97, 98, 100, 98, 102,
    101, 101, 98, 100, 98, 102, 97, 99, 101, 100, 101, 98, 100, 101, 102,
    100, 98, 100, 98, 103, 102, 101, 103, 103, 100 ]
