%YAML:1.0
---
videoName: "headShake17.mp4"
gestureLabel: 201
fps: 29
pixelSizeInCmTemp: 3.3263888888888887e-01
faceCenterPointX: 242
faceCenterPointY: 76
headPositionsX: [ 244, 237, 240, 240, 237, 237, 237, 243, 245, 247, 253,
    255, 257, 256, 258, 257, 255, 248, 245, 241, 237, 231, 229, 225, 225,
    226, 230, 232, 236, 241, 243, 245, 251, 249, 252, 252, 255, 253, 248,
    245, 243, 240, 238, 232, 231, 230, 230, 232, 236, 238, 239, 240, 242,
    243, 242, 245, 246, 247, 244, 245, 242, 240, 242, 240, 240, 238, 240,
    241, 240, 241, 237, 239, 238, 242, 240, 241, 243, 238, 239, 243, 243,
    239, 241, 242, 241, 240, 243, 242, 240, 241, 241, 240, 243, 241, 239,
    243, 243, 240, 241, 243 ]
headPositionsY: [ 76, 74, 74, 76, 75, 74, 75, 75, 74, 75, 76, 74, 76, 76,
    73, 76, 74, 76, 78, 77, 79, 79, 78, 75, 76, 79, 75, 76, 75, 79, 75,
    75, 75, 75, 72, 75, 74, 75, 76, 80, 75, 79, 80, 77, 76, 78, 78, 75,
    79, 76, 78, 76, 79, 77, 76, 77, 74, 75, 78, 75, 75, 76, 79, 74, 73,
    74, 76, 75, 78, 76, 74, 75, 77, 74, 74, 77, 75, 77, 78, 74, 76, 78,
    77, 77, 76, 73, 77, 74, 78, 78, 78, 75, 75, 78, 75, 75, 76, 78, 78,
    76 ]
