%YAML:1.0
---
videoName: "headShake27.mp4"
gestureLabel: 201
fps: 29
pixelSizeInCmTemp: 3.3263888888888887e-01
faceCenterPointX: 244
faceCenterPointY: 78
headPositionsX: [ 242, 247, 244, 251, 252, 252, 253, 255, 255, 254, 258,
    256, 254, 255, 252, 248, 247, 248, 244, 243, 242, 240, 237, 236, 233,
    235, 233, 230, 232, 231, 231, 235, 232, 233, 240, 238, 241, 244, 244,
    245, 248, 249, 247, 251, 248, 248, 249, 251, 250, 248, 244, 244, 241,
    241, 236, 238, 235, 232, 235, 231, 230, 231, 233, 233, 237, 238, 238,
    239, 240, 238, 243, 245, 245, 246, 246, 246, 250, 249, 249, 245, 248,
    246, 248, 244, 248, 246, 243, 248, 247, 247, 245, 246, 245, 243, 247,
    245, 243, 242, 244, 246 ]
headPositionsY: [ 76, 78, 79, 77, 76, 75, 77, 75, 77, 76, 77, 78, 76, 76,
    78, 77, 77, 78, 79, 78, 80, 80, 76, 78, 80, 78, 77, 78, 78, 80, 81,
    79, 79, 79, 79, 79, 77, 80, 78, 77, 79, 79, 79, 78, 80, 81, 81, 81,
    77, 79, 82, 78, 79, 81, 77, 82, 81, 79, 80, 80, 80, 76, 78, 81, 79,
    80, 80, 80, 78, 79, 79, 81, 80, 78, 80, 82, 78, 82, 80, 80, 78, 80,
    77, 82, 80, 77, 81, 79, 81, 82, 78, 78, 80, 82, 78, 80, 77, 77, 78,
    81 ]
