%YAML:1.0
---
videoName: "headShake19.mp4"
gestureLabel: 201
fps: 29
pixelSizeInCmTemp: 3.1933333333333330e-01
faceCenterPointX: 243
faceCenterPointY: 78
headPositionsX: [ 244, 244, 241, 245, 244, 243, 240, 244, 241, 244, 245,
    243, 243, 241, 243, 241, 243, 241, 244, 244, 244, 241, 241, 245, 242,
    242, 241, 241, 243, 241, 240, 243, 240, 242, 244, 242, 240, 237, 234,
    231, 232, 236, 240, 242, 249, 251, 258, 256, 259, 253, 247, 243, 239,
    233, 234, 229, 234, 233, 240, 239, 243, 249, 246, 249, 248, 243, 240,
    240, 238, 236, 234, 235, 239, 237, 241, 241, 243, 246, 245, 247, 242,
    243, 243, 243, 240, 243, 241, 240, 242, 239, 243, 242, 242, 240, 244,
    244, 245, 244, 241, 243 ]
headPositionsY: [ 76, 74, 74, 78, 78, 77, 74, 77, 78, 76, 77, 76, 75, 78,
    78, 78, 77, 74, 77, 79, 74, 76, 75, 76, 75, 78, 75, 74, 79, 76, 79,
    77, 77, 75, 75, 77, 77, 74, 77, 76, 77, 75, 76, 77, 75, 77, 76, 76,
    76, 77, 77, 79, 78, 75, 75, 74, 75, 76, 79, 76, 76, 77, 77, 78, 77,
    79, 75, 77, 76, 79, 77, 80, 75, 79, 79, 76, 78, 80, 75, 77, 76, 78,
    77, 79, 79, 80, 75, 81, 79, 78, 77, 80, 77, 77, 79, 76, 78, 78, 80,
    77 ]
