%YAML:1.0
---
videoName: "headShake33.mp4"
gestureLabel: 201
fps: 29
pixelSizeInCmTemp: 3.2364864864864862e-01
faceCenterPointX: 244
faceCenterPointY: 84
headPositionsX: [ 243, 244, 243, 247, 243, 247, 247, 246, 244, 246, 243,
    243, 246, 243, 247, 247, 246, 242, 245, 247, 243, 250, 247, 248, 251,
    255, 258, 258, 259, 263, 260, 264, 262, 261, 257, 258, 251, 247, 244,
    240, 238, 234, 230, 231, 228, 225, 226, 226, 229, 230, 233, 237, 242,
    244, 251, 252, 254, 260, 258, 259, 260, 261, 256, 257, 256, 252, 247,
    244, 241, 236, 236, 234, 234, 230, 234, 231, 233, 232, 233, 235, 239,
    238, 241, 242, 244, 247, 246, 247, 248, 248, 249, 247, 248, 246, 245,
    246, 245, 246, 246, 246 ]
headPositionsY: [ 83, 85, 84, 83, 82, 81, 85, 84, 81, 83, 85, 80, 85, 82,
    82, 85, 83, 83, 81, 82, 83, 81, 84, 81, 80, 83, 82, 79, 83, 81, 81,
    81, 81, 82, 80, 84, 82, 84, 82, 81, 81, 82, 82, 81, 81, 83, 81, 80,
    85, 82, 84, 85, 81, 84, 84, 84, 81, 80, 80, 82, 80, 83, 81, 80, 81,
    83, 82, 81, 81, 82, 81, 83, 84, 81, 81, 80, 84, 84, 83, 85, 83, 82,
    85, 84, 84, 85, 83, 85, 82, 85, 85, 83, 81, 84, 82, 85, 83, 85, 83,
    81 ]
