%YAML:1.0
---
videoName: "headShake38.mp4"
gestureLabel: 201
fps: 29
pixelSizeInCmTemp: 3.2808219178082193e-01
faceCenterPointX: 259
faceCenterPointY: 84
headPositionsX: [ 260, 265, 263, 265, 261, 262, 263, 261, 262, 261, 266,
    262, 262, 265, 264, 264, 264, 263, 262, 262, 262, 265, 264, 264, 265,
    264, 261, 265, 264, 260, 265, 263, 265, 264, 262, 265, 261, 264, 265,
    264, 261, 262, 260, 255, 256, 248, 250, 246, 247, 251, 258, 266, 273,
    277, 278, 276, 269, 262, 256, 250, 250, 248, 253, 258, 267, 271, 273,
    271, 266, 257, 255, 247, 248, 249, 250, 253, 261, 265, 267, 267, 267,
    268, 269, 267, 263, 266, 264, 263, 260, 261, 261, 260, 259, 262, 263,
    260, 261, 262, 259, 262 ]
headPositionsY: [ 82, 81, 81, 83, 81, 82, 82, 82, 82, 84, 84, 84, 81, 81,
    85, 81, 82, 82, 81, 84, 84, 85, 86, 84, 85, 86, 83, 85, 84, 82, 84,
    84, 82, 86, 84, 84, 82, 85, 81, 83, 83, 85, 84, 83, 82, 80, 83, 84,
    85, 83, 84, 85, 81, 83, 84, 84, 86, 83, 83, 84, 83, 83, 83, 85, 84,
    84, 82, 83, 83, 86, 86, 81, 86, 82, 81, 85, 81, 85, 82, 81, 82, 83,
    86, 84, 85, 84, 87, 86, 82, 82, 83, 82, 85, 82, 87, 85, 85, 87, 83,
    83 ]
