%YAML:1.0
---
videoName: "headShake4.mp4"
gestureLabel: 201
fps: 30
pixelSizeInCmTemp: 3.2364864864864862e-01
faceCenterPointX: 237
faceCenterPointY: 101
headPositionsX: [ 235, 240, 246, 250, 250, 252, 255, 254, 253, 250, 245,
    239, 232, 226, 224, 223, 227, 232, 237, 244, 250, 249, 254, 251, 251,
    246, 238, 236, 228, 226, 223, 224, 224, 228, 235, 243, 248, 249, 255,
    257, 254, 251, 247, 242, 238, 233, 229, 227, 223, 227, 229, 231, 232,
    239, 241, 248, 245, 246, 249, 247, 247, 245, 239, 235, 236, 233, 228,
    233, 227, 230, 234, 233, 233, 235, 238, 240, 241, 243, 242, 243, 240,
    240, 238, 240, 239, 239, 235, 239, 238, 238, 235, 239, 237, 235, 235,
    235, 238, 235, 239, 235 ]
headPositionsY: [ 101, 99, 99, 97, 100, 96, 96, 97, 97, 99, 99, 99, 97,
    99, 100, 96, 98, 100, 101, 97, 96, 97, 97, 99, 98, 98, 102, 102, 101,
    97, 100, 97, 98, 98, 99, 100, 98, 100, 99, 101, 101, 96, 101, 100,
    101, 100, 102, 99, 98, 101, 99, 99, 98, 102, 100, 98, 97, 102, 98,
    100, 102, 99, 100, 103, 101, 101, 100, 99, 97, 97, 102, 100, 101,
    100, 99, 100, 103, 100, 101, 101, 100, 103, 100, 99, 101, 102, 98,
    101, 100, 99, 99, 102, 101, 98, 102, 102, 100, 98, 102, 99 ]
