%YAML:1.0
---
videoName: "headShake24.mp4"
gestureLabel: 201
fps: 29
pixelSizeInCmTemp: 3.2808219178082193e-01
faceCenterPointX: 240
faceCenterPointY: 78
headPositionsX: [ 241, 250, 251, 252, 251, 256, 254, 254, 251, 251, 248,
    249, 244, 244, 238, 237, 236, 231, 234, 233, 229, 228, 231, 230, 234,
    233, 237, 240, 239, 241, 246, 249, 251, 249, 249, 252, 251, 247, 247,
    248, 242, 241, 240, 240, 238, 234, 236, 234, 232, 231, 234, 236, 237,
    236, 238, 240, 242, 241, 246, 245, 244, 248, 246, 247, 246, 246, 250,
    247, 245, 244, 244, 244, 242, 239, 242, 241, 238, 241, 239, 238, 238,
    239, 238, 240, 238, 238, 241, 237, 242, 241, 241, 241, 240, 241, 240,
    239, 242, 242, 239, 240 ]
headPositionsY: [ 77, 76, 76, 73, 74, 75, 74, 73, 75, 78, 76, 75, 76, 80,
    77, 75, 76, 76, 79, 77, 79, 77, 80, 78, 77, 79, 75, 75, 78, 77, 78,
    78, 77, 80, 80, 78, 76, 80, 76, 79, 78, 79, 80, 76, 77, 77, 75, 78,
    78, 77, 79, 79, 77, 77, 79, 78, 79, 76, 78, 76, 80, 80, 79, 77, 75,
    75, 79, 79, 77, 80, 79, 79, 77, 75, 76, 75, 80, 76, 78, 80, 77, 75,
    78, 76, 78, 75, 76, 77, 80, 77, 79, 77, 78, 77, 76, 77, 79, 76, 77,
    76 ]
