%YAML:1.0
---
videoName: "headShake17.mp4"
gestureLabel: 201
fps: 29
pixelSizeInCmTemp: 3.3263888888888887e-01
faceCenterPointX: 242
faceCenterPointY: 76
headPositionsX: [ 240, 239, 239, 239, 237, 241, 241, 240, 243, 247, 249,
    256, 260, 258, 259, 256, 254, 250, 245, 238, 238, 231, 227, 229, 228,
    229, 231, 233, 233, 239, 244, 249, 251, 251, 255, 255, 255, 254, 248,
    248, 241, 239, 237, 234, 234, 232, 233, 231, 233, 238, 239, 242, 243,
    241, 243, 247, 243, 246, 243, 243, 241, 244, 239, 242, 237, 240, 240,
    240, 242, 242, 237, 240, 238, 241, 241, 243, 243, 238, 241, 242, 243,
    239, 243, 243, 242, 239, 241, 243, 242, 241, 241, 240, 240, 243, 241,
    242, 242, 239, 240, 241 ]
headPositionsY: [ 76, 76, 73, 79, 76, 78, 77, 74, 76, 77, 75, 73, 74, 73,
    75, 74, 73, 78, 78, 77, 77, 78, 75, 75, 78, 79, 74, 78, 78, 77, 77,
    78, 78, 74, 74, 74, 74, 75, 78, 76, 75, 79, 77, 75, 76, 76, 77, 74,
    76, 76, 75, 77, 77, 77, 79, 77, 77, 75, 75, 78, 75, 77, 75, 75, 76,
    78, 77, 76, 78, 76, 78, 74, 77, 74, 75, 77, 76, 75, 78, 74, 79, 78,
    77, 78, 77, 77, 75, 78, 76, 75, 75, 77, 77, 76, 75, 75, 77, 78, 74,
    77 ]
