%YAML:1.0
---
videoName: "headShake7.mp4"
gestureLabel: 201
fps: 29
pixelSizeInCmTemp: 3.3263888888888887e-01
faceCenterPointX: 244
faceCenterPointY: 72
headPositionsX: [ 242, 245, 244, 245, 244, 244, 241, 241, 240, 246, 247,
    247, 250, 255, 255, 258, 261, 261, 257, 255, 249, 249, 238, 233, 231,
    231, 236, 242, 246, 250, 255, 258, 260, 256, 255, 248, 245, 236, 234,
    229, 228, 229, 232, 237, 239, 246, 251, 252, 256, 256, 255, 248, 243,
    244, 235, 231, 232, 231, 232, 235, 241, 245, 248, 253, 256, 257, 259,
    254, 252, 252, 249, 243, 239, 237, 235, 233, 235, 236, 234, 236, 241,
    240, 241, 243, 247, 245, 249, 248, 245, 248, 249, 245, 248, 245, 245,
    244, 241, 244, 245, 243 ]
headPositionsY: [ 74, 70, 69, 70, 73, 71, 73, 72, 70, 72, 73, 73, 70, 69,
    70, 69, 67, 69, 71, 71, 69, 69, 70, 69, 71, 70, 72, 72, 69, 72, 67,
    68, 67, 72, 70, 71, 71, 72, 72, 69, 71, 69, 71, 69, 69, 73, 70, 71,
    68, 70, 70, 73, 70, 72, 72, 73, 70, 70, 68, 72, 71, 69, 70, 69, 70,
    68, 69, 70, 72, 71, 68, 70, 71, 71, 69, 71, 69, 68, 70, 71, 71, 70,
    72, 70, 74, 70, 69, 71, 70, 73, 70, 72, 73, 70, 70, 71, 72, 70, 72,
    70 ]
