%YAML:1.0
---
videoName: "headShake36.mp4"
gestureLabel: 201
fps: 29
pixelSizeInCmTemp: 3.2364864864864862e-01
faceCenterPointX: 263
faceCenterPointY: 80
headPositionsX: [ 262, 264, 261, 263, 264, 265, 264, 265, 271, 273, 275,
    277, 278, 281, 279, 281, 286, 280, 278, 275, 275, 272, 267, 269, 264,
    260, 258, 255, 253, 249, 246, 246, 248, 243, 245, 245, 248, 248, 250,
    254, 256, 261, 263, 266, 269, 275, 275, 275, 278, 278, 280, 282, 279,
    277, 277, 273, 271, 267, 261, 260, 254, 254, 253, 250, 248, 250, 249,
    250, 249, 253, 253, 257, 257, 263, 262, 267, 266, 266, 268, 267, 266,
    268, 265, 265, 267, 265, 266, 265, 263, 265, 265, 265, 262, 264, 264,
    261, 263, 264, 264, 264 ]
headPositionsY: [ 80, 78, 79, 78, 78, 81, 80, 77, 81, 77, 77, 79, 76, 77,
    78, 79, 75, 79, 76, 81, 79, 81, 80, 82, 80, 79, 82, 79, 80, 82, 83,
    81, 83, 82, 79, 82, 81, 80, 79, 80, 79, 80, 83, 82, 81, 78, 81, 81,
    77, 80, 80, 76, 78, 78, 80, 81, 81, 83, 81, 80, 77, 79, 80, 81, 79,
    79, 79, 81, 80, 80, 82, 78, 79, 82, 80, 81, 80, 80, 82, 82, 81, 81,
    82, 78, 79, 80, 79, 79, 82, 81, 83, 82, 81, 82, 83, 81, 82, 82, 81,
    80 ]
