%YAML:1.0
---
videoName: "headShake14.mp4"
gestureLabel: 201
fps: 29
pixelSizeInCmTemp: 3.2364864864864862e-01
faceCenterPointX: 244
faceCenterPointY: 76
headPositionsX: [ 244, 246, 243, 247, 243, 246, 246, 243, 246, 247, 244,
    245, 247, 243, 246, 246, 244, 245, 243, 244, 243, 246, 245, 243, 245,
    248, 248, 252, 254, 261, 263, 261, 262, 260, 255, 253, 246, 240, 238,
    232, 227, 224, 226, 229, 229, 237, 245, 250, 250, 257, 258, 257, 255,
    251, 246, 241, 240, 237, 232, 234, 232, 232, 236, 236, 240, 241, 243,
    246, 247, 247, 251, 247, 247, 250, 248, 245, 242, 241, 240, 241, 241,
    237, 240, 240, 239, 240, 245, 244, 245, 247, 245, 245, 244, 247, 242,
    247, 245, 246, 244, 242 ]
headPositionsY: [ 74, 76, 77, 77, 76, 75, 78, 77, 77, 75, 78, 77, 78, 76,
    76, 76, 75, 73, 74, 77, 76, 76, 77, 78, 77, 75, 77, 74, 71, 74, 74,
    71, 71, 74, 74, 76, 78, 76, 77, 74, 73, 74, 74, 73, 73, 73, 75, 73,
    72, 70, 74, 73, 72, 74, 75, 75, 76, 78, 77, 73, 75, 76, 74, 74, 75,
    73, 78, 75, 75, 76, 76, 74, 78, 78, 77, 78, 76, 74, 76, 75, 77, 77,
    77, 77, 76, 78, 75, 77, 77, 75, 76, 75, 77, 78, 77, 78, 76, 75, 79,
    78 ]
