%YAML:1.0
---
videoName: "headShake7.mp4"
gestureLabel: 201
fps: 29
pixelSizeInCmTemp: 3.3263888888888887e-01
faceCenterPointX: 244
faceCenterPointY: 72
headPositionsX: [ 245, 243, 245, 245, 244, 242, 243, 243, 240, 246, 245,
    247, 253, 253, 258, 256, 261, 260, 260, 253, 250, 246, 239, 236, 232,
    233, 236, 241, 246, 251, 256, 257, 259, 257, 255, 249, 244, 237, 233,
    228, 227, 229, 229, 236, 238, 247, 251, 255, 255, 255, 253, 250, 243,
    240, 236, 232, 229, 231, 230, 233, 241, 245, 247, 251, 253, 258, 260,
    254, 251, 250, 246, 243, 239, 236, 233, 233, 234, 236, 236, 237, 240,
    239, 242, 243, 243, 246, 247, 245, 247, 245, 249, 246, 245, 246, 246,
    242, 242, 242, 246, 244 ]
headPositionsY: [ 74, 70, 73, 71, 69, 71, 69, 69, 72, 71, 69, 69, 70, 68,
    71, 68, 67, 70, 71, 69, 69, 69, 72, 69, 70, 72, 70, 71, 73, 71, 69,
    67, 71, 72, 70, 69, 69, 71, 70, 69, 71, 70, 69, 69, 70, 71, 69, 67,
    71, 68, 72, 69, 69, 72, 69, 73, 71, 68, 69, 70, 69, 70, 70, 71, 72,
    68, 67, 70, 71, 70, 68, 71, 70, 70, 71, 72, 71, 69, 69, 72, 72, 69,
    69, 72, 70, 73, 69, 73, 71, 70, 70, 72, 74, 72, 70, 71, 73, 73, 71,
    73 ]
