%YAML:1.0
---
videoName: "headShake11.mp4"
gestureLabel: 201
fps: 29
pixelSizeInCmTemp: 3.2364864864864862e-01
faceCenterPointX: 244
faceCenterPointY: 76
headPositionsX: [ 245, 240, 239, 240, 240, 244, 242, 244, 242, 243, 242,
    244, 242, 241, 242, 244, 244, 244, 242, 244, 241, 244, 242, 244, 242,
    244, 242, 242, 249, 251, 253, 258, 257, 260, 263, 261, 262, 257, 254,
    250, 244, 236, 234, 230, 225, 227, 228, 232, 233, 240, 247, 251, 255,
    257, 257, 259, 256, 254, 250, 242, 237, 233, 230, 229, 229, 234, 236,
    241, 245, 250, 253, 257, 259, 260, 257, 257, 255, 248, 243, 242, 239,
    233, 235, 237, 235, 236, 241, 241, 243, 244, 246, 249, 249, 245, 245,
    244, 245, 244, 245, 244 ]
headPositionsY: [ 76, 74, 73, 71, 72, 73, 74, 73, 73, 74, 75, 73, 75, 73,
    72, 74, 72, 72, 73, 71, 71, 74, 74, 73, 73, 71, 71, 72, 74, 73, 72,
    73, 73, 70, 69, 72, 74, 71, 71, 73, 74, 76, 73, 75, 74, 74, 76, 75,
    73, 77, 77, 74, 71, 71, 73, 72, 71, 74, 76, 78, 76, 75, 74, 73, 74,
    74, 78, 77, 73, 75, 75, 75, 73, 74, 72, 72, 73, 74, 75, 73, 76, 74,
    74, 74, 74, 75, 75, 74, 76, 73, 77, 76, 76, 75, 76, 77, 74, 75, 75,
    76 ]
