%YAML:1.0
---
videoName: "headShake26.mp4"
gestureLabel: 201
fps: 30
pixelSizeInCmTemp: 3.2808219178082193e-01
faceCenterPointX: 243
faceCenterPointY: 78
headPositionsX: [ 241, 238, 240, 242, 238, 242, 246, 246, 246, 246, 251,
    249, 250, 250, 251, 253, 249, 249, 246, 247, 241, 235, 233, 232, 228,
    229, 228, 230, 228, 230, 231, 236, 238, 243, 244, 248, 251, 253, 252,
    251, 256, 250, 252, 246, 244, 242, 240, 235, 232, 229, 228, 227, 231,
    228, 231, 233, 238, 241, 242, 247, 247, 248, 254, 253, 250, 251, 249,
    250, 249, 249, 243, 242, 241, 240, 240, 236, 235, 239, 236, 237, 237,
    238, 239, 239, 239, 243, 239, 244, 242, 242, 244, 245, 245, 246, 247,
    242, 242, 242, 244, 241 ]
headPositionsY: [ 78, 77, 76, 77, 74, 75, 77, 79, 76, 78, 78, 80, 75, 76,
    76, 79, 80, 79, 79, 80, 79, 78, 77, 79, 79, 74, 74, 74, 78, 77, 76,
    75, 76, 79, 76, 74, 75, 79, 78, 77, 77, 78, 77, 78, 77, 79, 80, 78,
    75, 77, 74, 73, 79, 78, 78, 75, 78, 78, 76, 76, 80, 78, 75, 76, 74,
    74, 78, 77, 80, 79, 81, 81, 80, 80, 79, 77, 78, 80, 79, 79, 78, 78,
    77, 80, 77, 76, 80, 79, 77, 78, 77, 77, 77, 79, 80, 81, 80, 79, 80,
    81 ]
