%YAML:1.0
---
videoName: "headShake25.mp4"
gestureLabel: 201
fps: 30
pixelSizeInCmTemp: 3.2364864864864862e-01
faceCenterPointX: 241
faceCenterPointY: 79
headPositionsX: [ 241, 256, 253, 254, 254, 251, 248, 249, 244, 241, 238,
    238, 237, 233, 232, 232, 228, 230, 229, 230, 229, 233, 231, 234, 239,
    242, 244, 245, 249, 247, 246, 247, 248, 250, 245, 247, 241, 241, 236,
    235, 233, 232, 231, 230, 231, 229, 229, 231, 235, 236, 237, 241, 244,
    245, 245, 249, 252, 249, 250, 250, 251, 249, 248, 245, 243, 243, 241,
    237, 238, 238, 232, 234, 236, 234, 236, 235, 234, 237, 238, 235, 238,
    239, 239, 242, 243, 242, 242, 242, 241, 244, 243, 240, 241, 243, 243,
    241, 240, 238, 241, 241 ]
headPositionsY: [ 81, 79, 78, 77, 74, 75, 78, 77, 79, 78, 79, 75, 77, 78,
    77, 76, 78, 76, 78, 76, 80, 80, 77, 79, 79, 76, 80, 77, 79, 76, 80,
    77, 81, 80, 79, 80, 77, 80, 81, 80, 76, 78, 80, 78, 80, 76, 77, 79,
    76, 78, 81, 78, 80, 77, 80, 77, 79, 75, 79, 76, 78, 80, 79, 78, 81,
    80, 77, 77, 76, 80, 79, 76, 77, 79, 78, 78, 79, 78, 80, 79, 77, 78,
    81, 77, 81, 81, 79, 79, 81, 77, 81, 78, 79, 79, 80, 79, 81, 78, 81,
    80 ]
