%YAML:1.0
---
videoName: "headShake31.mp4"
gestureLabel: 201
fps: 29
pixelSizeInCmTemp: 3.2808219178082193e-01
faceCenterPointX: 236
faceCenterPointY: 68
headPositionsX: [ 238, 237, 235, 238, 235, 235, 237, 238, 236, 236, 238,
    238, 236, 239, 236, 239, 235, 238, 237, 236, 236, 236, 235, 235, 235,
    238, 235, 235, 235, 235, 235, 239, 235, 239, 235, 234, 237, 239, 240,
    245, 249, 250, 250, 250, 254, 248, 244, 241, 232, 227, 222, 221, 220,
    225, 227, 233, 238, 245, 244, 247, 244, 243, 242, 239, 235, 232, 230,
    226, 229, 230, 233, 234, 238, 238, 242, 243, 244, 241, 239, 240, 240,
    236, 236, 237, 236, 235, 233, 236, 234, 233, 236, 234, 235, 236, 235,
    237, 235, 238, 237, 234 ]
headPositionsY: [ 68, 67, 66, 68, 65, 69, 69, 67, 69, 70, 66, 64, 67, 69,
    68, 68, 68, 69, 67, 65, 69, 68, 68, 70, 68, 65, 68, 66, 67, 68, 68,
    65, 68, 66, 68, 68, 65, 66, 66, 66, 65, 64, 67, 68, 69, 66, 68, 67,
    67, 65, 67, 68, 67, 72, 69, 72, 70, 70, 70, 71, 67, 68, 69, 71, 69,
    69, 68, 69, 66, 68, 69, 68, 69, 66, 70, 69, 70, 71, 71, 68, 70, 70,
    67, 68, 66, 70, 70, 72, 71, 70, 66, 68, 69, 67, 70, 70, 69, 69, 72,
    69 ]
