%YAML:1.0
---
videoName: "headShake43.mp4"
gestureLabel: 201
fps: 29
pixelSizeInCmTemp: 3.2808219178082193e-01
faceCenterPointX: 257
faceCenterPointY: 84
headPositionsX: [ 255, 262, 259, 260, 261, 262, 258, 259, 259, 258, 259,
    258, 257, 262, 260, 260, 260, 262, 261, 259, 259, 261, 262, 260, 262,
    260, 264, 265, 269, 272, 272, 276, 277, 280, 278, 282, 283, 278, 275,
    275, 270, 267, 262, 258, 252, 246, 246, 245, 245, 241, 247, 254, 255,
    261, 268, 272, 270, 272, 274, 275, 273, 266, 261, 257, 249, 244, 246,
    243, 241, 247, 246, 253, 256, 259, 266, 266, 269, 269, 267, 267, 266,
    265, 268, 266, 261, 260, 262, 259, 257, 258, 256, 258, 255, 258, 259,
    257, 255, 254, 256, 256 ]
headPositionsY: [ 85, 84, 85, 85, 84, 85, 83, 86, 84, 85, 84, 85, 86, 87,
    85, 83, 85, 83, 83, 85, 83, 86, 88, 84, 86, 87, 82, 86, 87, 81, 85,
    84, 82, 82, 85, 80, 83, 80, 83, 81, 84, 83, 85, 86, 85, 84, 83, 82,
    81, 83, 86, 86, 83, 83, 83, 83, 83, 80, 83, 80, 83, 84, 85, 85, 85,
    83, 80, 82, 84, 84, 85, 87, 83, 83, 83, 83, 85, 84, 84, 82, 84, 82,
    82, 85, 85, 83, 83, 83, 85, 84, 81, 82, 81, 83, 83, 85, 84, 82, 82,
    85 ]
