%YAML:1.0
---
videoName: "headShake49.mp4"
gestureLabel: 201
fps: 30
pixelSizeInCmTemp: 2.8855421686746985e-01
faceCenterPointX: 259
faceCenterPointY: 84
headPositionsX: [ 259, 260, 259, 258, 262, 263, 263, 261, 263, 258, 262,
    263, 260, 259, 261, 262, 263, 263, 260, 260, 260, 259, 260, 259, 261,
    262, 259, 261, 260, 261, 259, 261, 265, 267, 269, 273, 277, 282, 281,
    283, 280, 279, 272, 266, 257, 250, 249, 250, 249, 257, 263, 269, 271,
    276, 273, 265, 261, 256, 250, 248, 247, 250, 254, 259, 266, 271, 268,
    266, 265, 262, 255, 252, 252, 255, 256, 264, 264, 266, 272, 266, 269,
    264, 261, 259, 259, 257, 258, 260, 257, 259, 261, 258, 258, 262, 260,
    256, 257, 259, 257, 260 ]
headPositionsY: [ 84, 80, 79, 82, 83, 79, 82, 83, 79, 80, 82, 79, 79, 80,
    80, 80, 80, 83, 79, 80, 81, 81, 80, 80, 82, 82, 82, 79, 83, 82, 83,
    80, 83, 80, 82, 82, 79, 79, 79, 81, 79, 80, 81, 83, 85, 81, 82, 82,
    81, 85, 83, 83, 85, 83, 86, 85, 82, 82, 87, 86, 82, 82, 85, 85, 86,
    83, 85, 83, 84, 84, 84, 84, 83, 85, 82, 85, 82, 84, 85, 86, 84, 84,
    86, 83, 84, 86, 83, 83, 83, 83, 87, 85, 85, 86, 84, 83, 83, 82, 83,
    86 ]
