%YAML:1.0
---
videoName: "headShake16.mp4"
gestureLabel: 201
fps: 29
pixelSizeInCmTemp: 3.2364864864864862e-01
faceCenterPointX: 242
faceCenterPointY: 77
headPositionsX: [ 241, 243, 245, 243, 243, 242, 243, 245, 245, 242, 243,
    244, 241, 242, 243, 241, 243, 245, 241, 246, 244, 243, 241, 243, 242,
    242, 243, 243, 244, 244, 242, 245, 243, 240, 240, 243, 244, 243, 246,
    248, 249, 255, 254, 256, 254, 252, 249, 245, 241, 236, 238, 234, 237,
    236, 241, 244, 246, 246, 249, 247, 247, 249, 248, 241, 243, 239, 236,
    237, 236, 237, 237, 235, 237, 242, 243, 243, 242, 244, 242, 242, 244,
    242, 240, 242, 238, 240, 240, 239, 238, 242, 240, 240, 244, 244, 242,
    243, 240, 241, 244, 243 ]
headPositionsY: [ 76, 76, 78, 75, 77, 77, 77, 78, 74, 76, 75, 77, 76, 75,
    78, 76, 76, 75, 78, 74, 78, 75, 75, 77, 74, 78, 76, 75, 75, 77, 73,
    74, 77, 74, 77, 74, 74, 77, 76, 74, 77, 77, 74, 76, 75, 74, 78, 75,
    76, 75, 78, 77, 78, 77, 77, 78, 76, 77, 75, 75, 76, 78, 77, 79, 78,
    77, 74, 74, 76, 78, 77, 75, 78, 79, 78, 75, 75, 76, 78, 74, 76, 75,
    79, 76, 77, 74, 78, 77, 77, 78, 75, 76, 75, 77, 79, 77, 77, 79, 74,
    75 ]
