%YAML:1.0
---
videoName: "headShake20.mp4"
gestureLabel: 201
fps: 29
pixelSizeInCmTemp: 3.3263888888888887e-01
faceCenterPointX: 242
faceCenterPointY: 78
headPositionsX: [ 242, 245, 246, 244, 245, 245, 245, 243, 246, 241, 243,
    241, 245, 244, 243, 245, 242, 244, 244, 242, 245, 241, 241, 241, 242,
    243, 243, 243, 242, 243, 241, 245, 244, 245, 243, 241, 241, 243, 245,
    247, 245, 251, 254, 256, 259, 258, 259, 255, 247, 244, 235, 232, 232,
    228, 232, 231, 236, 243, 248, 252, 250, 254, 248, 246, 245, 237, 237,
    232, 233, 234, 234, 238, 240, 241, 248, 248, 244, 245, 244, 240, 241,
    242, 238, 238, 240, 241, 243, 243, 245, 246, 245, 246, 244, 243, 243,
    241, 242, 241, 241, 241 ]
headPositionsY: [ 76, 74, 74, 76, 78, 77, 78, 76, 78, 79, 77, 78, 78, 79,
    76, 74, 74, 78, 78, 74, 74, 76, 76, 76, 75, 77, 76, 78, 76, 75, 75,
    76, 74, 75, 75, 78, 78, 74, 78, 75, 76, 75, 74, 75, 72, 75, 76, 77,
    76, 74, 76, 75, 79, 74, 74, 78, 75, 74, 77, 77, 74, 73, 77, 74, 77,
    77, 79, 76, 77, 76, 76, 76, 78, 78, 79, 76, 77, 78, 77, 78, 78, 78,
    77, 78, 78, 78, 79, 79, 78, 79, 77, 79, 75, 80, 79, 76, 76, 77, 76,
    74 ]
