%YAML:1.0
---
videoName: "headShake36.mp4"
gestureLabel: 201
fps: 29
pixelSizeInCmTemp: 3.2364864864864862e-01
faceCenterPointX: 263
faceCenterPointY: 80
headPositionsX: [ 261, 265, 261, 261, 262, 265, 264, 268, 268, 272, 272,
    279, 278, 283, 279, 281, 285, 282, 278, 276, 274, 271, 270, 266, 260,
    259, 256, 255, 251, 251, 247, 248, 244, 244, 249, 243, 249, 246, 249,
    253, 255, 261, 266, 267, 271, 273, 275, 278, 278, 281, 282, 279, 277,
    278, 276, 272, 270, 265, 264, 259, 255, 252, 252, 250, 252, 249, 251,
    253, 251, 251, 256, 255, 260, 261, 265, 265, 266, 266, 267, 269, 269,
    265, 266, 264, 267, 264, 266, 265, 266, 266, 265, 263, 262, 262, 262,
    261, 263, 265, 261, 262 ]
headPositionsY: [ 81, 81, 79, 80, 82, 81, 81, 77, 81, 77, 77, 78, 78, 78,
    76, 78, 77, 79, 80, 79, 79, 80, 79, 81, 79, 83, 80, 77, 81, 81, 80,
    82, 82, 79, 82, 80, 80, 80, 81, 79, 81, 83, 80, 82, 81, 77, 82, 80,
    80, 77, 80, 76, 77, 79, 76, 78, 83, 79, 83, 80, 81, 79, 81, 81, 76,
    78, 80, 82, 79, 80, 79, 80, 82, 79, 80, 81, 83, 80, 80, 82, 81, 80,
    80, 81, 80, 83, 83, 80, 80, 82, 79, 80, 80, 79, 81, 79, 81, 80, 78,
    78 ]
