%YAML:1.0
---
videoName: "headShake36.mp4"
gestureLabel: 201
fps: 29
pixelSizeInCmTemp: 3.2364864864864862e-01
faceCenterPointX: 263
faceCenterPointY: 80
headPositionsX: [ 262, 262, 263, 261, 265, 266, 264, 267, 268, 273, 272,
    276, 280, 282, 281, 283, 286, 278, 282, 275, 274, 274, 267, 269, 260,
    261, 254, 254, 250, 251, 248, 246, 248, 246, 245, 245, 247, 247, 251,
    255, 257, 262, 267, 268, 271, 271, 274, 278, 278, 278, 280, 282, 277,
    277, 274, 271, 269, 266, 263, 257, 257, 252, 250, 252, 252, 250, 248,
    251, 253, 251, 257, 259, 259, 261, 261, 265, 267, 268, 267, 268, 268,
    268, 268, 264, 267, 265, 263, 265, 267, 266, 265, 265, 265, 262, 264,
    261, 262, 261, 265, 261 ]
headPositionsY: [ 78, 79, 80, 82, 79, 81, 77, 77, 81, 80, 79, 77, 78, 75,
    76, 76, 76, 76, 79, 80, 79, 78, 82, 80, 81, 79, 80, 78, 78, 79, 81,
    79, 84, 82, 82, 82, 81, 78, 80, 83, 83, 84, 83, 83, 80, 80, 81, 79,
    77, 77, 76, 78, 80, 79, 77, 79, 83, 81, 83, 79, 77, 79, 80, 80, 77,
    79, 77, 79, 81, 81, 79, 82, 82, 83, 84, 83, 83, 78, 81, 81, 82, 82,
    78, 80, 80, 80, 82, 80, 80, 79, 83, 82, 81, 81, 79, 82, 82, 79, 80,
    79 ]
