%YAML:1.0
---
videoName: "headShake44.mp4"
gestureLabel: 201
fps: 30
pixelSizeInCmTemp: 3.2808219178082193e-01
faceCenterPointX: 260
faceCenterPointY: 84
headPositionsX: [ 261, 263, 262, 263, 261, 263, 261, 262, 258, 261, 261,
    260, 261, 262, 261, 261, 263, 262, 261, 263, 263, 262, 263, 259, 262,
    259, 260, 260, 262, 262, 259, 261, 259, 260, 259, 261, 261, 261, 263,
    263, 267, 269, 274, 274, 275, 273, 274, 268, 261, 257, 254, 250, 251,
    250, 257, 260, 267, 270, 271, 272, 266, 262, 259, 256, 254, 257, 258,
    265, 270, 272, 273, 269, 265, 262, 259, 252, 250, 250, 253, 257, 257,
    260, 258, 262, 262, 260, 261, 262, 260, 262, 261, 259, 263, 263, 262,
    263, 260, 263, 259, 262 ]
headPositionsY: [ 83, 81, 81, 82, 85, 83, 83, 81, 82, 82, 83, 84, 83, 84,
    83, 84, 84, 84, 82, 81, 85, 83, 85, 81, 83, 82, 82, 83, 81, 83, 82,
    81, 82, 82, 85, 80, 82, 84, 85, 85, 83, 85, 80, 81, 83, 82, 80, 83,
    85, 82, 82, 83, 83, 83, 84, 86, 85, 84, 83, 86, 85, 83, 83, 85, 85,
    85, 83, 84, 83, 83, 83, 85, 81, 82, 83, 81, 86, 85, 82, 86, 86, 82,
    85, 84, 81, 85, 83, 83, 86, 83, 85, 84, 85, 85, 85, 84, 82, 86, 84,
    87 ]
