%YAML:1.0
---
videoName: "headShake40.mp4"
gestureLabel: 201
fps: 29
pixelSizeInCmTemp: 3.2808219178082193e-01
faceCenterPointX: 261
faceCenterPointY: 86
headPositionsX: [ 259, 260, 263, 261, 260, 263, 259, 260, 263, 261, 263,
    259, 263, 258, 264, 263, 258, 263, 259, 258, 262, 259, 263, 259, 263,
    261, 261, 257, 261, 259, 257, 256, 252, 252, 255, 254, 255, 261, 263,
    269, 271, 276, 278, 278, 276, 276, 270, 265, 259, 256, 250, 248, 247,
    246, 248, 252, 254, 261, 266, 270, 270, 274, 270, 270, 269, 262, 260,
    259, 259, 256, 257, 255, 258, 260, 260, 265, 266, 269, 265, 265, 265,
    262, 264, 260, 257, 257, 257, 257, 255, 257, 259, 258, 259, 261, 258,
    261, 263, 263, 260, 263 ]
headPositionsY: [ 86, 85, 82, 81, 81, 82, 83, 84, 84, 83, 86, 84, 85, 82,
    83, 84, 82, 82, 85, 84, 85, 85, 84, 83, 83, 83, 82, 84, 84, 84, 82,
    83, 83, 84, 84, 82, 82, 84, 82, 81, 81, 82, 80, 78, 79, 82, 82, 82,
    84, 84, 85, 82, 82, 83, 81, 85, 83, 82, 83, 82, 84, 82, 85, 82, 84,
    85, 84, 84, 84, 85, 84, 83, 82, 82, 83, 82, 85, 85, 82, 83, 83, 83,
    84, 83, 82, 86, 86, 82, 84, 84, 86, 87, 86, 85, 85, 86, 87, 88, 84,
    86 ]
