%YAML:1.0
---
videoName: "headShake5.mp4"
gestureLabel: 201
fps: 30
pixelSizeInCmTemp: 3.3263888888888887e-01
faceCenterPointX: 275
faceCenterPointY: 73
headPositionsX: [ 274, 278, 279, 277, 279, 279, 278, 276, 279, 278, 278,
    276, 277, 278, 276, 280, 279, 276, 277, 277, 280, 276, 279, 277, 279,
    279, 276, 276, 278, 278, 279, 275, 278, 281, 283, 287, 288, 292, 297,
    297, 297, 292, 289, 284, 280, 270, 266, 262, 261, 264, 268, 273, 279,
    285, 288, 289, 288, 285, 280, 272, 270, 265, 262, 264, 267, 268, 276,
    282, 282, 286, 287, 282, 280, 276, 271, 271, 267, 269, 266, 269, 271,
    272, 273, 279, 278, 281, 281, 281, 282, 281, 282, 279, 277, 275, 277,
    274, 276, 274, 273, 277 ]
headPositionsY: [ 72, 72, 74, 73, 73, 72, 76, 75, 73, 71, 72, 71, 72, 73,
    75, 74, 73, 73, 74, 73, 74, 71, 73, 72, 75, 74, 76, 73, 75, 74, 73,
    72, 75, 75, 72, 74, 72, 74, 73, 71, 74, 72, 70, 75, 73, 76, 72, 74,
    74, 74, 74, 74, 73, 72, 73, 71, 76, 74, 73, 77, 74, 75, 75, 73, 76,
    74, 76, 74, 73, 75, 73, 73, 73, 74, 73, 74, 76, 72, 73, 74, 72, 74,
    71, 71, 71, 75, 71, 71, 72, 72, 72, 71, 73, 74, 73, 74, 72, 75, 71,
    73 ]
