%YAML:1.0
---
videoName: "headShake9.mp4"
gestureLabel: 201
fps: 30
pixelSizeInCmTemp: 3.2808219178082193e-01
faceCenterPointX: 243
faceCenterPointY: 73
headPositionsX: [ 245, 246, 243, 240, 244, 241, 244, 243, 243, 244, 244,
    244, 240, 241, 242, 243, 243, 245, 242, 241, 242, 244, 245, 245, 245,
    245, 241, 245, 243, 244, 241, 241, 243, 245, 241, 245, 243, 244, 243,
    245, 247, 251, 252, 258, 260, 261, 265, 265, 262, 256, 251, 248, 243,
    240, 231, 231, 227, 229, 232, 234, 243, 249, 251, 258, 262, 263, 262,
    257, 255, 250, 244, 236, 235, 228, 228, 228, 227, 235, 237, 242, 243,
    249, 250, 250, 251, 248, 251, 250, 247, 245, 245, 244, 246, 245, 245,
    243, 246, 246, 244, 242 ]
headPositionsY: [ 71, 72, 74, 71, 72, 74, 74, 70, 71, 71, 70, 74, 73, 74,
    74, 74, 71, 71, 72, 71, 70, 74, 72, 71, 70, 75, 73, 73, 71, 74, 70,
    73, 74, 74, 70, 73, 72, 73, 74, 75, 73, 71, 70, 70, 72, 72, 70, 73,
    71, 72, 73, 74, 71, 71, 73, 71, 71, 70, 71, 73, 71, 72, 72, 69, 69,
    69, 69, 72, 74, 73, 72, 72, 73, 74, 75, 72, 73, 73, 71, 74, 73, 71,
    74, 70, 72, 71, 74, 71, 71, 74, 72, 73, 72, 71, 74, 72, 72, 73, 75,
    72 ]
