%YAML:1.0
---
videoName: "headShake4.mp4"
gestureLabel: 201
fps: 30
pixelSizeInCmTemp: 3.2364864864864862e-01
faceCenterPointX: 237
faceCenterPointY: 101
headPositionsX: [ 239, 240, 244, 250, 250, 253, 255, 255, 255, 247, 242,
    238, 232, 227, 224, 223, 227, 232, 236, 240, 249, 252, 254, 252, 249,
    244, 241, 236, 229, 226, 223, 222, 227, 229, 235, 240, 245, 251, 253,
    255, 254, 250, 245, 245, 238, 232, 227, 227, 225, 227, 228, 230, 234,
    237, 242, 244, 249, 246, 249, 249, 246, 246, 241, 236, 236, 231, 228,
    232, 229, 229, 231, 233, 236, 238, 239, 241, 241, 241, 239, 240, 241,
    240, 241, 238, 237, 236, 235, 239, 235, 238, 238, 235, 238, 236, 236,
    235, 238, 237, 237, 239 ]
headPositionsY: [ 102, 99, 100, 98, 99, 99, 100, 96, 100, 97, 98, 98,
    101, 97, 100, 96, 99, 98, 102, 97, 96, 99, 98, 100, 97, 100, 99, 100,
    98, 98, 96, 99, 98, 100, 100, 98, 99, 99, 97, 98, 98, 97, 97, 101,
    100, 97, 100, 103, 102, 101, 99, 98, 101, 102, 99, 98, 100, 100, 101,
    99, 98, 99, 102, 99, 102, 102, 100, 99, 97, 97, 100, 100, 100, 102,
    98, 98, 103, 100, 103, 100, 98, 100, 101, 100, 101, 101, 101, 102,
    100, 101, 97, 102, 101, 102, 98, 100, 100, 98, 98, 101 ]
