%YAML:1.0
---
videoName: "headShake43.mp4"
gestureLabel: 201
fps: 29
pixelSizeInCmTemp: 3.2808219178082193e-01
faceCenterPointX: 257
faceCenterPointY: 84
headPositionsX: [ 258, 263, 262, 262, 262, 261, 262, 261, 259, 261, 259,
    261, 260, 258, 259, 262, 259, 260, 261, 259, 262, 258, 260, 258, 260,
    261, 260, 267, 267, 272, 270, 273, 280, 277, 277, 281, 281, 276, 277,
    277, 268, 265, 262, 256, 252, 250, 244, 246, 241, 245, 246, 253, 258,
    260, 269, 268, 271, 274, 273, 275, 271, 267, 260, 256, 251, 246, 245,
    242, 240, 245, 248, 250, 255, 259, 266, 268, 267, 267, 271, 269, 269,
    268, 268, 262, 264, 261, 262, 259, 259, 259, 255, 256, 255, 258, 258,
    258, 255, 254, 258, 258 ]
headPositionsY: [ 85, 84, 85, 86, 87, 84, 83, 85, 83, 84, 86, 83, 86, 86,
    87, 83, 86, 84, 85, 85, 83, 84, 84, 85, 84, 86, 84, 85, 84, 84, 86,
    83, 82, 81, 84, 84, 84, 83, 82, 80, 86, 87, 86, 85, 84, 86, 84, 81,
    84, 85, 83, 85, 83, 84, 85, 82, 81, 83, 84, 81, 81, 82, 82, 83, 84,
    85, 83, 84, 83, 85, 83, 85, 85, 84, 86, 82, 81, 83, 85, 85, 84, 82,
    84, 83, 85, 84, 83, 85, 83, 85, 84, 84, 83, 84, 86, 86, 82, 82, 82,
    82 ]
