%YAML:1.0
---
videoName: "headShake8.mp4"
gestureLabel: 201
fps: 29
pixelSizeInCmTemp: 3.2364864864864862e-01
faceCenterPointX: 243
faceCenterPointY: 72
headPositionsX: [ 241, 245, 242, 242, 245, 242, 246, 243, 243, 246, 245,
    244, 242, 244, 244, 243, 243, 242, 241, 242, 245, 242, 245, 244, 244,
    243, 245, 241, 242, 243, 243, 246, 245, 243, 248, 250, 250, 257, 260,
    262, 267, 265, 262, 259, 255, 251, 246, 240, 233, 233, 232, 232, 230,
    238, 242, 248, 256, 261, 258, 259, 258, 254, 250, 248, 241, 240, 236,
    236, 236, 234, 234, 237, 241, 242, 243, 247, 249, 247, 249, 248, 249,
    250, 249, 250, 250, 247, 250, 248, 244, 247, 245, 242, 243, 244, 245,
    244, 243, 243, 245, 242 ]
headPositionsY: [ 70, 73, 72, 72, 73, 73, 74, 74, 69, 70, 69, 74, 74, 71,
    70, 70, 71, 71, 71, 74, 71, 71, 69, 72, 69, 72, 73, 69, 71, 70, 72,
    73, 72, 73, 71, 73, 70, 71, 69, 70, 71, 68, 71, 72, 70, 71, 74, 69,
    70, 72, 69, 70, 72, 69, 71, 70, 70, 71, 67, 69, 72, 70, 69, 73, 73,
    74, 74, 70, 74, 74, 73, 74, 71, 70, 70, 73, 74, 72, 69, 72, 71, 72,
    71, 69, 73, 74, 73, 71, 71, 69, 72, 71, 70, 69, 70, 70, 71, 71, 74,
    73 ]
