%YAML:1.0
---
videoName: "headShake5.mp4"
gestureLabel: 201
fps: 30
pixelSizeInCmTemp: 3.3263888888888887e-01
faceCenterPointX: 275
faceCenterPointY: 73
headPositionsX: [ 275, 275, 280, 275, 278, 275, 281, 279, 278, 278, 278,
    278, 279, 277, 280, 277, 277, 275, 279, 279, 280, 277, 280, 279, 278,
    275, 276, 277, 280, 276, 280, 278, 281, 282, 282, 283, 291, 291, 293,
    297, 293, 292, 288, 287, 278, 273, 268, 262, 263, 263, 268, 275, 282,
    287, 289, 292, 288, 285, 280, 276, 268, 264, 262, 265, 269, 268, 273,
    280, 285, 286, 283, 285, 283, 277, 272, 269, 267, 266, 269, 265, 271,
    270, 274, 278, 282, 281, 280, 281, 279, 279, 281, 280, 279, 275, 274,
    275, 277, 273, 275, 277 ]
headPositionsY: [ 74, 72, 71, 72, 72, 74, 75, 73, 73, 73, 74, 74, 76, 72,
    74, 75, 73, 72, 74, 71, 74, 72, 72, 71, 73, 75, 76, 73, 73, 74, 73,
    74, 75, 73, 74, 71, 72, 71, 72, 74, 73, 72, 70, 72, 75, 73, 75, 76,
    75, 72, 75, 75, 74, 76, 71, 73, 75, 76, 77, 77, 77, 74, 76, 74, 73,
    72, 73, 74, 74, 76, 76, 73, 74, 75, 76, 72, 74, 70, 72, 70, 72, 70,
    73, 74, 74, 73, 71, 72, 73, 72, 73, 74, 74, 75, 70, 73, 73, 74, 72,
    72 ]
