%YAML:1.0
---
videoName: "headShake5.mp4"
gestureLabel: 201
fps: 30
pixelSizeInCmTemp: 3.3263888888888887e-01
faceCenterPointX: 275
faceCenterPointY: 73
headPositionsX: [ 275, 279, 278, 275, 277, 276, 278, 279, 280, 278, 277,
    277, 277, 279, 279, 279, 277, 276, 279, 279, 279, 280, 276, 279, 278,
    275, 280, 276, 276, 278, 279, 275, 281, 278, 282, 287, 288, 294, 297,
    295, 293, 295, 291, 286, 279, 271, 265, 265, 261, 262, 266, 273, 281,
    287, 288, 290, 286, 283, 278, 274, 270, 262, 262, 266, 265, 271, 274,
    281, 283, 286, 287, 285, 279, 279, 273, 272, 266, 265, 269, 267, 271,
    272, 274, 280, 280, 283, 284, 282, 280, 283, 278, 280, 276, 278, 276,
    275, 273, 273, 273, 275 ]
headPositionsY: [ 72, 71, 71, 73, 71, 71, 75, 75, 75, 72, 73, 75, 74, 75,
    73, 75, 72, 74, 74, 74, 74, 75, 76, 75, 74, 75, 75, 71, 73, 75, 71,
    71, 71, 71, 73, 72, 71, 70, 75, 73, 73, 73, 70, 75, 73, 75, 74, 73,
    71, 74, 71, 76, 74, 73, 74, 74, 76, 75, 73, 76, 78, 76, 74, 72, 76,
    75, 72, 72, 71, 72, 73, 73, 74, 74, 74, 74, 72, 71, 71, 72, 76, 72,
    72, 71, 75, 71, 72, 71, 70, 70, 70, 73, 72, 74, 72, 71, 73, 75, 74,
    72 ]
