%YAML:1.0
---
videoName: "headShake39.mp4"
gestureLabel: 201
fps: 29
pixelSizeInCmTemp: 3.1933333333333330e-01
faceCenterPointX: 263
faceCenterPointY: 83
headPositionsX: [ 265, 263, 261, 260, 263, 259, 261, 261, 261, 259, 263,
    259, 262, 262, 261, 262, 260, 262, 260, 259, 259, 258, 257, 252, 251,
    251, 248, 245, 242, 243, 242, 243, 245, 250, 257, 259, 266, 272, 274,
    279, 279, 282, 276, 270, 266, 257, 255, 249, 249, 246, 247, 249, 253,
    255, 260, 269, 275, 276, 279, 278, 277, 273, 267, 264, 257, 254, 252,
    250, 251, 246, 251, 250, 252, 256, 256, 256, 263, 264, 264, 266, 266,
    265, 264, 267, 269, 269, 268, 264, 265, 266, 266, 263, 262, 263, 265,
    265, 264, 262, 265, 263 ]
headPositionsY: [ 82, 82, 84, 82, 81, 84, 81, 85, 84, 81, 80, 83, 83, 82,
    83, 81, 85, 84, 83, 81, 83, 81, 84, 84, 82, 81, 83, 80, 84, 80, 85,
    81, 82, 84, 85, 84, 83, 83, 80, 78, 80, 79, 83, 85, 83, 86, 83, 81,
    82, 80, 82, 84, 81, 84, 82, 81, 80, 79, 80, 80, 79, 84, 81, 83, 84,
    80, 78, 78, 77, 79, 78, 81, 79, 79, 82, 81, 81, 84, 83, 80, 80, 85,
    82, 84, 84, 81, 83, 85, 83, 82, 81, 85, 85, 82, 82, 83, 84, 82, 83,
    83 ]
