%YAML:1.0
---
videoName: "headShake21.mp4"
gestureLabel: 201
fps: 29
pixelSizeInCmTemp: 3.1933333333333330e-01
faceCenterPointX: 241
faceCenterPointY: 78
headPositionsX: [ 243, 246, 246, 244, 245, 243, 240, 241, 243, 241, 242,
    243, 240, 244, 240, 243, 242, 242, 245, 244, 243, 245, 241, 242, 243,
    244, 245, 242, 245, 243, 244, 244, 245, 241, 243, 242, 243, 243, 242,
    241, 242, 243, 240, 243, 242, 240, 243, 241, 239, 242, 241, 240, 242,
    239, 241, 242, 239, 243, 242, 243, 239, 240, 243, 240, 238, 239, 241,
    242, 244, 248, 251, 252, 250, 248, 243, 243, 235, 234, 231, 232, 236,
    238, 238, 241, 240, 242, 242, 241, 241, 238, 239, 239, 237, 237, 240,
    240, 241, 241, 240, 241 ]
headPositionsY: [ 76, 82, 82, 80, 77, 74, 75, 75, 72, 71, 69, 69, 71, 72,
    70, 70, 72, 70, 72, 72, 71, 72, 74, 75, 74, 77, 75, 73, 74, 78, 75,
    75, 77, 74, 78, 74, 74, 78, 77, 77, 79, 77, 79, 76, 76, 78, 77, 76,
    79, 79, 79, 76, 78, 79, 80, 76, 80, 78, 79, 79, 77, 75, 78, 79, 76,
    79, 77, 75, 78, 76, 77, 76, 77, 78, 77, 81, 78, 76, 77, 79, 78, 79,
    76, 80, 79, 77, 76, 78, 79, 76, 79, 76, 81, 78, 76, 77, 79, 76, 81,
    80 ]
