%YAML:1.0
---
videoName: "headShake27.mp4"
gestureLabel: 201
fps: 29
pixelSizeInCmTemp: 3.3263888888888887e-01
faceCenterPointX: 244
faceCenterPointY: 78
headPositionsX: [ 245, 246, 247, 250, 248, 250, 255, 255, 256, 256, 258,
    255, 254, 253, 251, 251, 247, 244, 243, 243, 242, 236, 238, 234, 232,
    232, 233, 231, 232, 235, 231, 236, 236, 234, 239, 242, 240, 240, 244,
    249, 248, 247, 247, 251, 249, 250, 250, 247, 250, 248, 247, 241, 242,
    242, 238, 237, 237, 232, 234, 231, 230, 235, 236, 234, 237, 234, 234,
    236, 241, 240, 243, 242, 245, 244, 247, 245, 250, 250, 249, 248, 246,
    247, 244, 245, 244, 248, 244, 245, 246, 244, 247, 242, 243, 244, 245,
    242, 242, 246, 247, 242 ]
headPositionsY: [ 76, 77, 75, 77, 79, 76, 76, 78, 78, 77, 74, 77, 75, 77,
    80, 78, 78, 77, 78, 79, 81, 80, 76, 80, 79, 78, 76, 78, 78, 77, 80,
    81, 78, 76, 81, 80, 79, 77, 78, 79, 80, 77, 82, 79, 82, 80, 81, 78,
    81, 80, 82, 80, 77, 79, 79, 78, 80, 77, 81, 79, 76, 77, 78, 80, 78,
    79, 80, 77, 79, 81, 80, 81, 79, 78, 77, 79, 81, 79, 81, 79, 80, 79,
    78, 82, 79, 79, 78, 78, 79, 81, 79, 79, 79, 79, 80, 77, 78, 77, 78,
    82 ]
