%YAML:1.0
---
videoName: "headShake30.mp4"
gestureLabel: 201
fps: 29
pixelSizeInCmTemp: 3.2808219178082193e-01
faceCenterPointX: 240
faceCenterPointY: 68
headPositionsX: [ 241, 233, 234, 234, 232, 233, 235, 233, 232, 233, 237,
    237, 239, 236, 240, 241, 240, 239, 241, 243, 242, 242, 241, 243, 246,
    243, 244, 241, 241, 242, 241, 238, 238, 239, 239, 238, 241, 241, 243,
    246, 249, 255, 257, 259, 259, 260, 259, 255, 249, 243, 238, 229, 229,
    222, 221, 224, 228, 234, 238, 248, 249, 252, 252, 250, 248, 240, 239,
    233, 230, 227, 226, 230, 234, 236, 244, 244, 250, 248, 252, 247, 248,
    246, 242, 236, 237, 237, 238, 239, 239, 241, 239, 240, 242, 241, 239,
    239, 240, 242, 242, 239 ]
headPositionsY: [ 68, 53, 55, 59, 57, 60, 61, 60, 60, 64, 65, 64, 64, 64,
    67, 67, 66, 65, 67, 63, 66, 67, 63, 66, 65, 65, 66, 64, 67, 67, 63,
    63, 68, 68, 68, 64, 67, 67, 67, 65, 66, 64, 64, 64, 67, 64, 67, 67,
    66, 65, 70, 64, 69, 68, 66, 70, 67, 70, 68, 70, 69, 64, 65, 69, 71,
    71, 69, 69, 69, 69, 71, 71, 66, 68, 66, 65, 67, 66, 69, 65, 64, 65,
    66, 66, 65, 65, 67, 70, 66, 69, 69, 67, 70, 69, 67, 65, 69, 66, 69,
    66 ]
