%YAML:1.0
---
videoName: "headShake32.mp4"
gestureLabel: 201
fps: 29
pixelSizeInCmTemp: 3.2808219178082193e-01
faceCenterPointX: 237
faceCenterPointY: 77
headPositionsX: [ 235, 238, 239, 235, 238, 237, 236, 236, 237, 238, 236,
    241, 240, 239, 239, 242, 239, 242, 241, 242, 240, 241, 243, 241, 239,
    239, 241, 239, 240, 238, 237, 238, 237, 237, 238, 239, 240, 239, 241,
    242, 243, 244, 247, 246, 248, 250, 251, 253, 250, 252, 248, 250, 244,
    241, 242, 238, 235, 235, 235, 230, 230, 227, 228, 225, 223, 228, 228,
    232, 230, 232, 236, 238, 241, 244, 248, 247, 250, 248, 247, 249, 246,
    245, 245, 244, 243, 243, 238, 240, 237, 239, 239, 239, 236, 236, 240,
    235, 237, 236, 238, 237 ]
headPositionsY: [ 77, 73, 74, 72, 72, 74, 72, 73, 71, 76, 72, 76, 75, 73,
    74, 75, 73, 72, 72, 74, 73, 71, 74, 76, 75, 76, 75, 74, 73, 75, 72,
    75, 75, 75, 73, 77, 75, 76, 74, 76, 72, 75, 76, 73, 71, 75, 72, 74,
    71, 75, 71, 76, 75, 76, 78, 76, 74, 75, 76, 77, 74, 76, 75, 78, 77,
    75, 74, 78, 77, 74, 74, 74, 76, 76, 77, 77, 74, 77, 73, 75, 77, 78,
    78, 79, 77, 75, 75, 75, 79, 76, 78, 76, 75, 79, 77, 80, 76, 75, 78,
    78 ]
