%YAML:1.0
---
videoName: "headShake4.mp4"
gestureLabel: 201
fps: 30
pixelSizeInCmTemp: 3.2364864864864862e-01
faceCenterPointX: 237
faceCenterPointY: 101
headPositionsX: [ 239, 241, 244, 246, 252, 254, 252, 253, 255, 251, 246,
    236, 229, 226, 223, 225, 224, 232, 238, 243, 248, 251, 253, 252, 251,
    245, 239, 232, 229, 224, 222, 225, 224, 227, 234, 241, 247, 250, 253,
    257, 256, 250, 248, 245, 237, 229, 227, 223, 226, 224, 227, 230, 231,
    237, 241, 247, 249, 249, 249, 250, 246, 243, 242, 238, 234, 234, 229,
    233, 229, 230, 231, 232, 234, 238, 237, 238, 239, 241, 239, 243, 239,
    241, 242, 239, 237, 239, 236, 237, 235, 237, 237, 238, 235, 235, 235,
    236, 239, 238, 238, 235 ]
headPositionsY: [ 102, 99, 98, 96, 100, 99, 99, 98, 98, 97, 102, 102,
    100, 100, 96, 97, 96, 101, 102, 101, 99, 101, 96, 98, 101, 98, 100,
    102, 101, 100, 100, 100, 99, 96, 98, 99, 97, 100, 99, 101, 100, 99,
    101, 100, 102, 100, 98, 99, 101, 98, 101, 98, 100, 99, 103, 102, 101,
    101, 100, 97, 101, 98, 101, 100, 101, 99, 101, 101, 99, 97, 100, 101,
    99, 99, 101, 102, 99, 98, 101, 100, 102, 102, 100, 99, 101, 102, 98,
    102, 101, 99, 101, 101, 100, 101, 101, 102, 99, 99, 101, 102 ]
