%YAML:1.0
---
videoName: "headShake5.mp4"
gestureLabel: 201
fps: 30
pixelSizeInCmTemp: 3.3263888888888887e-01
faceCenterPointX: 275
faceCenterPointY: 73
headPositionsX: [ 276, 279, 279, 278, 276, 276, 278, 279, 277, 278, 280,
    276, 277, 279, 277, 280, 279, 278, 279, 276, 278, 278, 279, 277, 278,
    275, 277, 279, 278, 278, 279, 279, 280, 280, 280, 286, 291, 292, 293,
    296, 296, 295, 290, 285, 278, 274, 264, 265, 264, 265, 270, 272, 282,
    285, 289, 288, 287, 283, 280, 276, 267, 264, 261, 262, 265, 272, 276,
    282, 283, 285, 287, 282, 283, 278, 275, 273, 267, 269, 268, 268, 267,
    271, 275, 280, 278, 281, 283, 280, 280, 281, 280, 280, 275, 277, 273,
    274, 276, 273, 275, 277 ]
headPositionsY: [ 71, 75, 75, 72, 74, 74, 75, 73, 74, 73, 75, 75, 75, 74,
    75, 75, 73, 71, 71, 74, 75, 72, 74, 75, 76, 75, 72, 74, 74, 74, 73,
    75, 74, 75, 71, 75, 72, 71, 71, 74, 73, 74, 70, 73, 74, 72, 72, 76,
    75, 72, 74, 73, 77, 72, 72, 73, 72, 73, 75, 74, 74, 72, 72, 76, 75,
    72, 76, 75, 75, 75, 74, 75, 73, 77, 74, 73, 75, 72, 74, 70, 75, 74,
    70, 74, 72, 72, 73, 71, 71, 73, 70, 71, 74, 74, 71, 74, 71, 72, 73,
    75 ]
