%YAML:1.0
---
videoName: "headShake31.mp4"
gestureLabel: 201
fps: 29
pixelSizeInCmTemp: 3.2808219178082193e-01
faceCenterPointX: 236
faceCenterPointY: 68
headPositionsX: [ 238, 237, 238, 237, 238, 238, 236, 235, 236, 235, 237,
    237, 238, 235, 236, 239, 236, 235, 235, 237, 238, 238, 238, 237, 237,
    239, 237, 236, 237, 239, 236, 239, 239, 239, 234, 237, 233, 236, 243,
    246, 250, 249, 251, 253, 254, 250, 244, 240, 231, 227, 222, 220, 223,
    224, 226, 235, 240, 246, 244, 248, 248, 245, 239, 236, 234, 233, 226,
    227, 227, 233, 230, 234, 241, 239, 240, 244, 244, 245, 242, 239, 236,
    234, 237, 234, 233, 234, 235, 233, 236, 236, 236, 234, 234, 234, 236,
    236, 234, 234, 237, 233 ]
headPositionsY: [ 67, 68, 65, 67, 69, 69, 66, 70, 67, 70, 69, 67, 69, 66,
    66, 67, 67, 70, 68, 66, 68, 66, 66, 68, 65, 69, 67, 66, 69, 65, 65,
    68, 69, 68, 69, 67, 69, 66, 65, 68, 68, 65, 68, 65, 66, 65, 70, 70,
    66, 69, 65, 68, 69, 72, 70, 72, 71, 72, 71, 69, 70, 68, 68, 70, 67,
    67, 69, 70, 70, 69, 69, 67, 71, 66, 71, 66, 67, 70, 67, 67, 71, 68,
    71, 68, 70, 68, 69, 69, 70, 71, 70, 70, 70, 66, 70, 67, 68, 68, 68,
    71 ]
