%YAML:1.0
---
videoName: "headShake15.mp4"
gestureLabel: 201
fps: 29
pixelSizeInCmTemp: 3.3263888888888887e-01
faceCenterPointX: 243
faceCenterPointY: 76
headPositionsX: [ 241, 243, 241, 241, 243, 245, 246, 244, 242, 246, 244,
    243, 244, 242, 244, 242, 242, 242, 243, 244, 242, 244, 242, 244, 240,
    245, 241, 241, 244, 242, 243, 241, 240, 241, 243, 242, 243, 244, 240,
    244, 241, 243, 241, 242, 244, 240, 243, 240, 242, 241, 242, 242, 244,
    240, 244, 243, 241, 244, 241, 243, 243, 241, 243, 247, 250, 253, 252,
    258, 257, 258, 258, 254, 249, 246, 242, 240, 237, 236, 235, 239, 240,
    245, 244, 247, 246, 247, 248, 244, 243, 241, 240, 244, 240, 241, 243,
    244, 241, 242, 240, 246 ]
headPositionsY: [ 78, 76, 78, 74, 77, 76, 73, 74, 72, 75, 75, 78, 75, 77,
    75, 75, 76, 74, 76, 74, 76, 73, 76, 76, 72, 75, 75, 77, 75, 77, 77,
    73, 74, 72, 74, 74, 75, 77, 73, 76, 76, 76, 76, 77, 75, 76, 75, 77,
    74, 75, 78, 76, 76, 73, 78, 75, 73, 74, 77, 78, 75, 74, 77, 77, 75,
    72, 75, 72, 76, 75, 74, 77, 78, 75, 79, 77, 75, 77, 74, 78, 74, 75,
    75, 78, 76, 78, 79, 76, 79, 79, 77, 78, 75, 75, 78, 77, 78, 75, 76,
    79 ]
