%YAML:1.0
---
videoName: "headShake48.mp4"
gestureLabel: 201
fps: 29
pixelSizeInCmTemp: 3.1103896103896100e-01
faceCenterPointX: 258
faceCenterPointY: 85
headPositionsX: [ 259, 259, 258, 260, 260, 260, 257, 260, 261, 261, 260,
    260, 262, 261, 262, 258, 257, 261, 259, 258, 262, 258, 257, 261, 258,
    259, 257, 257, 260, 259, 259, 257, 259, 260, 259, 264, 265, 267, 271,
    274, 274, 276, 269, 268, 262, 252, 251, 245, 246, 248, 254, 259, 265,
    269, 267, 269, 263, 261, 254, 251, 249, 252, 253, 259, 262, 263, 265,
    264, 264, 262, 255, 254, 248, 249, 249, 254, 256, 261, 263, 267, 268,
    266, 264, 260, 264, 261, 258, 261, 260, 257, 258, 260, 259, 259, 261,
    260, 259, 257, 261, 259 ]
headPositionsY: [ 85, 77, 80, 80, 79, 79, 78, 81, 79, 78, 79, 81, 78, 79,
    79, 81, 79, 81, 79, 81, 80, 80, 81, 81, 81, 80, 81, 82, 82, 83, 81,
    82, 79, 81, 82, 82, 82, 81, 81, 84, 84, 83, 83, 84, 85, 81, 81, 85,
    83, 86, 86, 85, 87, 86, 85, 87, 87, 88, 87, 86, 85, 87, 87, 88, 88,
    88, 84, 84, 89, 88, 88, 87, 86, 88, 87, 87, 84, 84, 84, 86, 83, 86,
    87, 86, 86, 88, 88, 87, 89, 85, 84, 84, 85, 87, 86, 86, 83, 86, 86,
    87 ]
