%YAML:1.0
---
videoName: "headShake32.mp4"
gestureLabel: 201
fps: 29
pixelSizeInCmTemp: 3.2808219178082193e-01
faceCenterPointX: 237
faceCenterPointY: 77
headPositionsX: [ 235, 236, 237, 238, 238, 237, 237, 239, 240, 237, 239,
    239, 241, 241, 238, 242, 240, 239, 239, 240, 242, 242, 239, 238, 239,
    242, 239, 240, 242, 240, 241, 241, 240, 240, 238, 239, 239, 238, 242,
    241, 242, 246, 248, 247, 249, 249, 252, 253, 252, 250, 250, 246, 248,
    245, 240, 241, 237, 235, 232, 230, 232, 229, 226, 227, 226, 226, 228,
    228, 230, 233, 237, 236, 241, 243, 244, 246, 247, 250, 250, 251, 250,
    247, 247, 244, 245, 244, 238, 241, 237, 241, 237, 240, 238, 239, 240,
    238, 236, 238, 237, 236 ]
headPositionsY: [ 78, 72, 74, 75, 73, 71, 74, 74, 75, 74, 73, 76, 72, 75,
    71, 73, 72, 74, 73, 73, 76, 71, 74, 74, 76, 75, 76, 74, 75, 73, 73,
    74, 75, 76, 77, 73, 73, 74, 76, 77, 72, 75, 76, 75, 73, 72, 71, 73,
    74, 73, 71, 73, 77, 74, 75, 76, 77, 74, 73, 74, 75, 75, 77, 75, 74,
    74, 74, 75, 76, 76, 75, 75, 75, 73, 77, 74, 77, 77, 77, 75, 75, 78,
    75, 76, 77, 76, 75, 76, 75, 79, 78, 76, 77, 77, 76, 80, 79, 76, 75,
    76 ]
