%YAML:1.0
---
videoName: "headShake30.mp4"
gestureLabel: 201
fps: 29
pixelSizeInCmTemp: 3.2808219178082193e-01
faceCenterPointX: 240
faceCenterPointY: 68
headPositionsX: [ 238, 235, 234, 232, 234, 235, 235, 234, 234, 236, 233,
    235, 239, 237, 239, 238, 242, 243, 243, 242, 243, 245, 241, 245, 245,
    244, 244, 244, 241, 242, 238, 239, 239, 238, 237, 238, 241, 242, 244,
    249, 250, 255, 259, 257, 259, 259, 257, 255, 251, 243, 239, 230, 227,
    223, 224, 225, 228, 234, 239, 245, 249, 252, 252, 251, 246, 240, 236,
    234, 226, 226, 230, 226, 230, 238, 244, 244, 246, 252, 253, 248, 249,
    246, 244, 238, 238, 237, 238, 238, 238, 241, 238, 239, 239, 240, 239,
    238, 239, 238, 238, 239 ]
headPositionsY: [ 70, 57, 56, 56, 60, 58, 60, 57, 60, 62, 62, 66, 62, 66,
    63, 63, 63, 64, 64, 64, 64, 66, 64, 66, 68, 67, 65, 65, 68, 65, 65,
    67, 64, 68, 64, 64, 67, 65, 67, 65, 66, 67, 64, 63, 65, 64, 67, 68,
    64, 65, 69, 65, 69, 66, 67, 68, 69, 70, 67, 69, 66, 67, 65, 70, 67,
    70, 66, 69, 68, 70, 71, 71, 70, 66, 69, 69, 68, 66, 69, 65, 65, 68,
    67, 66, 65, 66, 66, 67, 66, 67, 70, 68, 67, 67, 67, 66, 68, 69, 70,
    68 ]
