%YAML:1.0
---
videoName: "headShake23.mp4"
gestureLabel: 201
fps: 29
pixelSizeInCmTemp: 3.2808219178082193e-01
faceCenterPointX: 240
faceCenterPointY: 77
headPositionsX: [ 241, 241, 244, 241, 240, 241, 243, 240, 241, 241, 240,
    241, 239, 242, 243, 241, 241, 242, 241, 241, 238, 243, 244, 246, 250,
    249, 253, 256, 253, 256, 254, 255, 251, 250, 247, 244, 239, 236, 236,
    232, 234, 231, 231, 231, 228, 229, 231, 232, 237, 236, 241, 247, 245,
    250, 249, 253, 251, 254, 253, 250, 252, 247, 248, 246, 244, 242, 239,
    235, 238, 236, 234, 236, 233, 235, 234, 234, 236, 235, 237, 237, 240,
    242, 238, 243, 241, 243, 242, 244, 246, 242, 243, 246, 246, 244, 244,
    243, 242, 244, 241, 242 ]
headPositionsY: [ 79, 75, 78, 74, 75, 77, 76, 76, 79, 77, 76, 76, 77, 80,
    77, 77, 77, 77, 77, 75, 75, 77, 75, 78, 78, 74, 75, 76, 78, 75, 75,
    77, 76, 74, 78, 77, 75, 76, 79, 75, 77, 76, 75, 75, 77, 76, 77, 78,
    80, 77, 79, 77, 78, 77, 75, 78, 78, 74, 76, 74, 79, 77, 81, 78, 77,
    81, 80, 80, 79, 77, 78, 76, 80, 77, 78, 76, 77, 80, 76, 79, 76, 77,
    77, 77, 79, 78, 79, 78, 75, 79, 77, 80, 80, 78, 75, 78, 75, 79, 79,
    79 ]
