%YAML:1.0
---
videoName: "headShake16.mp4"
gestureLabel: 201
fps: 29
pixelSizeInCmTemp: 3.2364864864864862e-01
faceCenterPointX: 242
faceCenterPointY: 77
headPositionsX: [ 242, 242, 243, 242, 244, 245, 244, 241, 243, 245, 243,
    244, 243, 246, 243, 242, 242, 243, 244, 243, 243, 245, 243, 241, 241,
    244, 241, 245, 243, 244, 240, 244, 242, 241, 243, 243, 241, 242, 246,
    246, 250, 253, 255, 253, 256, 248, 246, 245, 241, 239, 238, 234, 234,
    235, 240, 241, 245, 248, 247, 248, 251, 249, 245, 245, 243, 240, 235,
    234, 234, 236, 237, 235, 237, 242, 241, 243, 244, 245, 245, 245, 244,
    241, 238, 241, 240, 238, 238, 238, 239, 241, 239, 239, 243, 242, 240,
    244, 244, 243, 241, 241 ]
headPositionsY: [ 77, 77, 76, 77, 75, 74, 75, 74, 77, 77, 76, 75, 75, 75,
    74, 78, 77, 76, 75, 75, 74, 78, 74, 78, 74, 77, 74, 75, 76, 75, 73,
    77, 75, 77, 73, 74, 78, 76, 77, 75, 76, 75, 72, 76, 73, 74, 74, 75,
    79, 78, 78, 77, 76, 77, 77, 78, 78, 77, 76, 76, 78, 78, 75, 75, 75,
    76, 78, 74, 75, 75, 77, 75, 75, 78, 75, 79, 78, 75, 75, 74, 79, 79,
    79, 77, 79, 75, 76, 77, 76, 75, 77, 78, 74, 76, 77, 74, 78, 77, 77,
    78 ]
