%YAML:1.0
---
videoName: "headShake44.mp4"
gestureLabel: 201
fps: 30
pixelSizeInCmTemp: 3.2808219178082193e-01
faceCenterPointX: 260
faceCenterPointY: 84
headPositionsX: [ 260, 264, 259, 263, 259, 260, 260, 259, 260, 260, 264,
    261, 260, 260, 261, 260, 259, 263, 259, 259, 259, 260, 259, 261, 262,
    259, 261, 259, 262, 258, 262, 260, 259, 261, 259, 259, 259, 259, 264,
    264, 268, 268, 271, 275, 273, 272, 274, 268, 260, 258, 253, 252, 250,
    250, 255, 262, 266, 268, 272, 271, 269, 263, 257, 256, 256, 257, 260,
    265, 269, 272, 270, 271, 267, 264, 259, 253, 252, 252, 252, 253, 257,
    260, 257, 263, 261, 260, 264, 260, 260, 263, 259, 260, 262, 260, 260,
    262, 258, 263, 262, 262 ]
headPositionsY: [ 86, 81, 84, 84, 81, 81, 84, 83, 80, 85, 84, 83, 84, 80,
    82, 80, 81, 84, 85, 81, 85, 82, 83, 80, 85, 83, 83, 83, 82, 80, 85,
    82, 83, 81, 82, 81, 85, 84, 84, 81, 83, 83, 83, 83, 81, 82, 84, 86,
    86, 85, 83, 84, 86, 84, 84, 85, 85, 84, 84, 86, 85, 84, 85, 85, 85,
    85, 83, 86, 82, 82, 83, 84, 84, 82, 85, 83, 86, 84, 85, 83, 84, 84,
    85, 85, 85, 86, 86, 86, 85, 84, 82, 85, 84, 86, 83, 85, 85, 86, 87,
    85 ]
