%YAML:1.0
---
videoName: "headShake6.mp4"
gestureLabel: 201
fps: 29
pixelSizeInCmTemp: 3.2808219178082193e-01
faceCenterPointX: 244
faceCenterPointY: 68
headPositionsX: [ 242, 246, 246, 244, 246, 244, 244, 245, 245, 243, 245,
    247, 244, 246, 247, 246, 246, 245, 243, 247, 246, 245, 243, 246, 243,
    243, 246, 246, 247, 254, 257, 256, 262, 263, 263, 258, 260, 254, 246,
    241, 238, 233, 230, 230, 232, 238, 244, 251, 253, 259, 256, 256, 258,
    256, 248, 242, 239, 235, 233, 231, 231, 233, 238, 240, 247, 246, 251,
    251, 251, 251, 244, 243, 240, 238, 239, 237, 236, 241, 237, 239, 240,
    241, 244, 243, 245, 244, 247, 244, 243, 244, 243, 246, 244, 244, 246,
    246, 246, 243, 246, 246 ]
headPositionsY: [ 69, 68, 65, 65, 66, 66, 65, 65, 68, 65, 66, 68, 66, 67,
    65, 63, 65, 69, 68, 67, 65, 66, 69, 68, 69, 69, 68, 68, 68, 67, 67,
    65, 64, 66, 65, 64, 65, 69, 68, 66, 67, 69, 70, 67, 69, 66, 69, 67,
    68, 67, 67, 67, 66, 70, 69, 69, 68, 68, 70, 65, 67, 65, 70, 67, 66,
    70, 69, 69, 66, 66, 70, 68, 69, 67, 66, 70, 69, 67, 69, 70, 67, 67,
    69, 66, 68, 69, 69, 69, 67, 69, 70, 68, 68, 68, 66, 66, 67, 70, 67,
    67 ]
