%YAML:1.0
---
videoName: "headShake40.mp4"
gestureLabel: 201
fps: 29
pixelSizeInCmTemp: 3.2808219178082193e-01
faceCenterPointX: 261
faceCenterPointY: 86
headPositionsX: [ 259, 261, 262, 261, 260, 263, 260, 262, 263, 261, 262,
    259, 261, 258, 263, 263, 260, 260, 260, 261, 262, 259, 260, 262, 259,
    257, 261, 259, 260, 259, 255, 254, 255, 254, 253, 256, 255, 263, 263,
    270, 273, 280, 282, 277, 278, 275, 273, 266, 260, 253, 251, 249, 247,
    247, 251, 254, 255, 261, 265, 269, 272, 272, 269, 270, 265, 261, 259,
    260, 256, 259, 258, 258, 260, 263, 264, 264, 264, 266, 266, 265, 266,
    262, 261, 263, 257, 261, 255, 257, 259, 256, 260, 257, 257, 261, 261,
    260, 261, 262, 260, 261 ]
headPositionsY: [ 84, 85, 82, 85, 83, 84, 83, 84, 85, 81, 82, 83, 85, 82,
    86, 83, 85, 81, 85, 80, 85, 85, 82, 86, 84, 85, 85, 86, 85, 84, 85,
    83, 86, 82, 81, 84, 84, 82, 84, 83, 81, 82, 78, 80, 79, 79, 81, 82,
    83, 82, 85, 81, 81, 83, 81, 82, 86, 82, 82, 80, 85, 83, 85, 83, 85,
    82, 85, 83, 82, 83, 82, 80, 85, 85, 80, 82, 83, 84, 83, 82, 85, 83,
    85, 82, 82, 82, 83, 85, 85, 84, 86, 84, 83, 84, 83, 87, 85, 86, 87,
    84 ]
