%YAML:1.0
---
videoName: "headShake22.mp4"
gestureLabel: 201
fps: 29
pixelSizeInCmTemp: 3.2364864864864862e-01
faceCenterPointX: 241
faceCenterPointY: 79
headPositionsX: [ 241, 239, 240, 243, 240, 240, 242, 241, 243, 241, 242,
    245, 241, 240, 242, 240, 243, 244, 241, 244, 242, 242, 240, 242, 244,
    243, 244, 243, 240, 240, 244, 243, 243, 243, 244, 243, 241, 245, 244,
    245, 241, 243, 241, 244, 244, 240, 241, 239, 240, 242, 240, 242, 244,
    244, 241, 241, 244, 241, 244, 243, 242, 242, 240, 243, 241, 242, 241,
    244, 244, 248, 249, 252, 256, 256, 255, 250, 245, 241, 242, 237, 236,
    239, 242, 240, 246, 246, 245, 244, 244, 242, 239, 241, 239, 242, 240,
    239, 243, 238, 239, 240 ]
headPositionsY: [ 80, 75, 74, 77, 78, 75, 77, 76, 74, 78, 74, 76, 74, 75,
    77, 75, 75, 79, 74, 75, 74, 74, 76, 77, 76, 78, 74, 78, 74, 74, 79,
    78, 76, 77, 74, 75, 78, 78, 74, 78, 78, 75, 75, 76, 76, 76, 79, 76,
    77, 75, 78, 74, 76, 76, 78, 78, 75, 78, 79, 75, 77, 76, 77, 74, 75,
    74, 77, 76, 74, 77, 75, 75, 73, 73, 75, 76, 77, 79, 77, 79, 75, 77,
    75, 79, 76, 77, 79, 75, 77, 79, 79, 79, 78, 79, 79, 78, 79, 78, 79,
    78 ]
