%YAML:1.0
---
videoName: "headShake1.mp4"
gestureLabel: 201
fps: 29
pixelSizeInCmTemp: 3.3263888888888887e-01
faceCenterPointX: 279
faceCenterPointY: 98
headPositionsX: [ 277, 279, 277, 280, 279, 282, 279, 277, 277, 281, 279,
    279, 280, 280, 277, 282, 278, 279, 281, 280, 277, 279, 278, 281, 277,
    278, 277, 282, 283, 282, 287, 287, 291, 294, 291, 294, 292, 286, 288,
    281, 277, 274, 273, 272, 267, 272, 269, 275, 280, 285, 288, 292, 291,
    289, 291, 285, 283, 280, 272, 268, 266, 267, 267, 271, 275, 276, 284,
    288, 288, 292, 291, 291, 290, 288, 283, 282, 275, 277, 272, 272, 268,
    274, 270, 272, 274, 275, 275, 277, 278, 276, 278, 279, 281, 280, 282,
    278, 282, 278, 279, 277 ]
headPositionsY: [ 96, 96, 97, 96, 98, 97, 96, 98, 96, 96, 95, 97, 97,
    100, 95, 98, 99, 96, 96, 96, 95, 97, 96, 99, 99, 98, 95, 98, 95, 97,
    99, 95, 98, 98, 96, 97, 97, 97, 97, 95, 99, 96, 97, 99, 95, 95, 96,
    98, 99, 93, 98, 93, 94, 97, 97, 96, 96, 97, 97, 96, 97, 94, 93, 93,
    97, 97, 95, 93, 95, 93, 94, 93, 97, 96, 99, 97, 96, 96, 98, 99, 98,
    96, 97, 99, 99, 96, 96, 97, 98, 95, 96, 98, 96, 99, 96, 100, 100, 98,
    98, 98 ]
