%YAML:1.0
---
videoName: "headShake49.mp4"
gestureLabel: 201
fps: 30
pixelSizeInCmTemp: 2.8855421686746985e-01
faceCenterPointX: 259
faceCenterPointY: 84
headPositionsX: [ 261, 262, 258, 259, 260, 262, 263, 262, 261, 262, 260,
    263, 263, 262, 261, 258, 260, 263, 263, 261, 261, 261, 260, 259, 259,
    260, 262, 260, 262, 259, 260, 262, 261, 267, 267, 271, 277, 281, 285,
    283, 280, 277, 269, 267, 257, 254, 247, 249, 251, 256, 260, 266, 270,
    275, 270, 266, 262, 257, 250, 248, 248, 251, 255, 261, 263, 270, 268,
    268, 266, 258, 258, 254, 256, 255, 259, 264, 265, 268, 270, 268, 269,
    265, 262, 260, 259, 257, 260, 260, 258, 259, 260, 262, 260, 260, 257,
    259, 259, 257, 259, 261 ]
headPositionsY: [ 86, 79, 80, 80, 79, 81, 82, 83, 80, 81, 79, 78, 79, 80,
    81, 80, 83, 80, 80, 83, 80, 79, 79, 83, 78, 82, 78, 83, 79, 80, 81,
    80, 80, 82, 80, 79, 80, 80, 80, 78, 80, 83, 82, 86, 84, 83, 84, 86,
    83, 83, 85, 85, 84, 83, 84, 84, 83, 85, 85, 86, 85, 85, 87, 84, 84,
    85, 83, 86, 84, 82, 84, 83, 86, 85, 85, 84, 86, 85, 84, 83, 86, 86,
    86, 83, 86, 84, 83, 84, 83, 85, 83, 85, 83, 87, 83, 84, 84, 85, 85,
    84 ]
