%YAML:1.0
---
videoName: "headShake28.mp4"
gestureLabel: 201
fps: 29
pixelSizeInCmTemp: 3.2808219178082193e-01
faceCenterPointX: 242
faceCenterPointY: 80
headPositionsX: [ 241, 239, 241, 239, 242, 243, 240, 241, 240, 243, 242,
    241, 240, 240, 242, 244, 240, 239, 241, 241, 242, 240, 240, 241, 240,
    240, 241, 243, 240, 240, 240, 244, 241, 242, 242, 241, 243, 242, 242,
    243, 243, 245, 243, 243, 245, 244, 242, 244, 244, 241, 239, 233, 234,
    231, 229, 232, 238, 241, 248, 252, 254, 258, 255, 251, 246, 241, 235,
    231, 230, 235, 236, 241, 246, 252, 252, 257, 253, 252, 249, 246, 240,
    242, 236, 238, 235, 235, 236, 240, 241, 242, 245, 244, 243, 241, 243,
    242, 241, 243, 244, 242 ]
headPositionsY: [ 78, 75, 77, 75, 75, 75, 76, 76, 79, 80, 78, 78, 80, 77,
    79, 78, 79, 77, 80, 78, 77, 80, 81, 81, 77, 79, 81, 77, 77, 81, 81,
    78, 81, 76, 80, 80, 76, 79, 76, 77, 77, 75, 78, 77, 76, 76, 76, 78,
    75, 76, 75, 75, 75, 79, 79, 77, 79, 75, 76, 75, 75, 75, 78, 80, 76,
    80, 78, 79, 77, 81, 77, 79, 79, 81, 74, 77, 77, 81, 79, 78, 79, 79,
    81, 80, 78, 80, 80, 78, 81, 78, 79, 82, 78, 78, 78, 81, 81, 81, 80,
    80 ]
