%YAML:1.0
---
videoName: "headShake10.mp4"
gestureLabel: 201
fps: 29
pixelSizeInCmTemp: 3.3732394366197183e-01
faceCenterPointX: 240
faceCenterPointY: 74
headPositionsX: [ 238, 248, 247, 247, 245, 247, 246, 244, 247, 246, 245,
    247, 245, 244, 247, 247, 248, 246, 248, 248, 246, 248, 244, 247, 245,
    244, 248, 247, 244, 244, 244, 248, 247, 246, 245, 248, 245, 245, 245,
    248, 244, 247, 243, 247, 244, 243, 247, 247, 246, 247, 247, 250, 252,
    252, 255, 255, 260, 262, 262, 258, 258, 251, 249, 241, 238, 234, 230,
    233, 233, 234, 238, 241, 244, 248, 256, 256, 257, 256, 255, 254, 253,
    250, 247, 245, 243, 242, 240, 243, 238, 239, 238, 241, 242, 240, 241,
    240, 242, 239, 243, 244 ]
headPositionsY: [ 73, 75, 75, 74, 73, 71, 72, 73, 72, 72, 72, 72, 74, 72,
    72, 73, 75, 74, 74, 71, 73, 72, 74, 71, 74, 73, 71, 74, 74, 71, 75,
    72, 73, 72, 72, 76, 73, 70, 72, 75, 74, 71, 72, 75, 74, 72, 73, 76,
    71, 72, 75, 72, 72, 73, 70, 71, 71, 69, 70, 71, 75, 75, 74, 72, 75,
    74, 76, 76, 71, 74, 73, 74, 74, 75, 74, 72, 72, 73, 75, 75, 74, 74,
    73, 73, 76, 75, 73, 78, 77, 76, 75, 73, 76, 76, 76, 77, 76, 75, 75,
    75 ]
