%YAML:1.0
---
videoName: "headShake16.mp4"
gestureLabel: 201
fps: 29
pixelSizeInCmTemp: 3.2364864864864862e-01
faceCenterPointX: 242
faceCenterPointY: 77
headPositionsX: [ 240, 242, 242, 245, 242, 242, 242, 244, 244, 245, 245,
    242, 245, 242, 243, 242, 242, 246, 243, 246, 244, 245, 245, 243, 243,
    243, 241, 245, 243, 241, 244, 245, 240, 241, 239, 243, 242, 246, 245,
    249, 253, 254, 255, 254, 256, 252, 246, 242, 243, 236, 238, 235, 236,
    235, 239, 244, 242, 249, 248, 247, 249, 248, 249, 242, 240, 241, 238,
    234, 235, 234, 234, 236, 239, 240, 240, 243, 244, 247, 243, 241, 242,
    240, 239, 238, 241, 238, 237, 239, 239, 239, 242, 239, 243, 241, 242,
    240, 243, 241, 243, 243 ]
headPositionsY: [ 77, 75, 77, 74, 77, 77, 77, 74, 75, 78, 74, 75, 74, 76,
    74, 76, 75, 77, 75, 78, 77, 78, 76, 75, 73, 75, 75, 76, 76, 75, 73,
    77, 76, 76, 75, 76, 75, 79, 78, 78, 77, 76, 74, 73, 77, 74, 76, 75,
    76, 76, 77, 75, 75, 76, 79, 75, 75, 75, 74, 76, 78, 79, 77, 78, 79,
    79, 77, 78, 78, 79, 79, 77, 76, 79, 75, 78, 77, 75, 75, 77, 79, 76,
    78, 75, 79, 76, 78, 78, 79, 79, 74, 78, 76, 76, 79, 76, 76, 77, 74,
    76 ]
