%YAML:1.0
---
videoName: "headShake23.mp4"
gestureLabel: 201
fps: 29
pixelSizeInCmTemp: 3.2808219178082193e-01
faceCenterPointX: 240
faceCenterPointY: 77
headPositionsX: [ 238, 242, 240, 241, 241, 245, 242, 240, 241, 241, 243,
    240, 239, 242, 243, 240, 239, 240, 240, 237, 242, 240, 246, 244, 250,
    249, 254, 253, 255, 255, 253, 254, 251, 248, 247, 247, 242, 240, 237,
    229, 234, 231, 230, 227, 230, 230, 229, 233, 236, 236, 240, 247, 246,
    249, 250, 254, 254, 254, 250, 249, 250, 248, 245, 243, 240, 243, 237,
    239, 237, 238, 233, 233, 236, 233, 233, 234, 233, 236, 239, 238, 237,
    239, 238, 242, 245, 245, 244, 244, 245, 246, 244, 246, 244, 242, 243,
    244, 245, 242, 239, 240 ]
headPositionsY: [ 79, 74, 75, 76, 76, 79, 77, 79, 78, 77, 78, 75, 77, 80,
    77, 76, 74, 77, 77, 75, 78, 76, 78, 77, 78, 76, 76, 78, 75, 74, 76,
    74, 75, 76, 76, 79, 76, 79, 79, 74, 75, 79, 76, 77, 76, 75, 76, 78,
    80, 77, 78, 76, 78, 75, 78, 76, 75, 74, 77, 78, 76, 78, 81, 79, 80,
    78, 78, 76, 76, 79, 78, 80, 80, 80, 77, 76, 78, 76, 78, 79, 78, 79,
    79, 78, 79, 78, 76, 78, 77, 79, 79, 80, 76, 77, 79, 78, 79, 77, 78,
    78 ]
