%YAML:1.0
---
videoName: "headShake48.mp4"
gestureLabel: 201
fps: 29
pixelSizeInCmTemp: 3.1103896103896100e-01
faceCenterPointX: 258
faceCenterPointY: 85
headPositionsX: [ 257, 260, 258, 258, 256, 261, 257, 259, 261, 261, 261,
    261, 262, 260, 258, 261, 260, 261, 260, 259, 262, 260, 259, 259, 261,
    261, 256, 258, 256, 261, 260, 261, 256, 258, 262, 264, 266, 267, 271,
    275, 275, 275, 269, 269, 260, 256, 250, 249, 244, 247, 251, 256, 263,
    267, 270, 266, 265, 261, 253, 252, 250, 251, 254, 258, 262, 263, 268,
    264, 263, 263, 255, 254, 251, 247, 251, 250, 255, 263, 263, 264, 266,
    266, 262, 260, 260, 261, 260, 258, 260, 257, 259, 258, 260, 258, 259,
    258, 260, 259, 259, 260 ]
headPositionsY: [ 85, 77, 81, 77, 76, 81, 80, 81, 80, 79, 82, 81, 82, 80,
    80, 82, 81, 80, 80, 81, 83, 79, 81, 79, 83, 80, 79, 79, 81, 84, 81,
    79, 82, 80, 82, 80, 83, 82, 83, 82, 84, 83, 86, 87, 86, 83, 84, 81,
    81, 83, 86, 87, 88, 86, 83, 86, 87, 85, 85, 87, 84, 88, 87, 86, 84,
    86, 86, 88, 87, 87, 86, 89, 86, 86, 87, 85, 88, 87, 84, 85, 84, 85,
    84, 88, 86, 87, 88, 88, 89, 85, 85, 83, 86, 83, 88, 85, 84, 84, 85,
    84 ]
