%YAML:1.0
---
videoName: "headShake48.mp4"
gestureLabel: 201
fps: 29
pixelSizeInCmTemp: 3.1103896103896100e-01
faceCenterPointX: 258
faceCenterPointY: 85
headPositionsX: [ 256, 261, 258, 260, 258, 260, 258, 261, 259, 260, 257,
    260, 260, 260, 259, 262, 259, 257, 258, 258, 258, 257, 257, 257, 258,
    257, 260, 257, 257, 257, 260, 261, 258, 257, 261, 264, 268, 270, 270,
    275, 276, 273, 269, 265, 264, 254, 250, 246, 248, 248, 251, 260, 264,
    268, 270, 270, 264, 261, 257, 253, 251, 252, 251, 256, 259, 265, 267,
    265, 267, 260, 259, 254, 251, 249, 249, 250, 258, 259, 261, 264, 268,
    264, 266, 262, 260, 260, 259, 261, 260, 261, 258, 256, 256, 256, 260,
    260, 257, 257, 258, 259 ]
headPositionsY: [ 87, 80, 81, 81, 77, 77, 77, 81, 78, 79, 78, 82, 79, 79,
    81, 79, 79, 81, 79, 83, 79, 80, 80, 82, 83, 82, 82, 83, 79, 84, 81,
    81, 79, 80, 84, 84, 83, 82, 82, 80, 84, 82, 84, 85, 83, 81, 82, 82,
    82, 82, 86, 83, 85, 87, 85, 85, 83, 88, 84, 85, 88, 86, 87, 88, 86,
    89, 85, 84, 89, 87, 89, 86, 85, 86, 84, 84, 87, 85, 86, 87, 83, 85,
    84, 84, 86, 87, 88, 86, 85, 88, 84, 86, 87, 86, 85, 86, 86, 88, 85,
    86 ]
