%YAML:1.0
---
videoName: "headShake16.mp4"
gestureLabel: 201
fps: 29
pixelSizeInCmTemp: 3.2364864864864862e-01
faceCenterPointX: 242
faceCenterPointY: 77
headPositionsX: [ 243, 245, 245, 246, 242, 245, 243, 243, 242, 241, 243,
    244, 241, 246, 244, 244, 245, 246, 244, 243, 243, 245, 243, 242, 244,
    243, 244, 241, 242, 241, 240, 242, 240, 240, 241, 240, 240, 243, 246,
    249, 252, 254, 257, 256, 252, 252, 249, 244, 239, 237, 238, 232, 237,
    237, 241, 241, 246, 246, 248, 249, 251, 250, 249, 244, 239, 239, 234,
    233, 233, 236, 237, 236, 239, 242, 244, 241, 245, 246, 245, 242, 243,
    241, 241, 242, 238, 240, 237, 240, 240, 242, 239, 241, 244, 243, 242,
    241, 243, 243, 241, 241 ]
headPositionsY: [ 75, 73, 78, 76, 77, 75, 73, 74, 73, 74, 75, 74, 76, 77,
    75, 76, 76, 76, 78, 78, 76, 76, 75, 78, 77, 76, 74, 74, 77, 78, 73,
    74, 73, 78, 74, 78, 78, 79, 76, 78, 78, 75, 72, 75, 74, 73, 77, 77,
    77, 76, 77, 75, 77, 77, 77, 76, 79, 77, 75, 75, 75, 79, 78, 76, 77,
    78, 75, 76, 75, 79, 78, 76, 75, 76, 75, 75, 77, 77, 76, 77, 76, 79,
    79, 76, 76, 78, 77, 78, 77, 75, 73, 75, 75, 78, 77, 76, 75, 78, 77,
    75 ]
