%YAML:1.0
---
videoName: "headShake45.mp4"
gestureLabel: 201
fps: 30
pixelSizeInCmTemp: 3.3263888888888887e-01
faceCenterPointX: 262
faceCenterPointY: 84
headPositionsX: [ 260, 263, 263, 260, 260, 263, 264, 262, 262, 261, 262,
    261, 262, 263, 261, 262, 262, 262, 263, 263, 264, 264, 262, 261, 263,
    260, 261, 263, 261, 260, 262, 264, 264, 261, 260, 259, 259, 260, 261,
    259, 257, 259, 257, 265, 268, 277, 279, 283, 279, 277, 271, 266, 262,
    254, 255, 255, 256, 263, 269, 270, 274, 272, 270, 269, 264, 260, 256,
    256, 254, 259, 263, 267, 272, 270, 269, 270, 267, 260, 258, 256, 258,
    255, 261, 260, 266, 266, 262, 262, 258, 259, 262, 263, 261, 261, 264,
    265, 264, 263, 263, 262 ]
headPositionsY: [ 86, 81, 83, 82, 80, 83, 82, 81, 80, 82, 82, 82, 80, 82,
    82, 80, 80, 83, 84, 83, 82, 83, 82, 80, 81, 84, 82, 82, 84, 83, 83,
    82, 83, 81, 84, 82, 84, 81, 82, 83, 83, 80, 80, 84, 81, 82, 81, 81,
    82, 82, 81, 81, 82, 83, 85, 86, 83, 83, 82, 83, 83, 82, 80, 81, 85,
    81, 83, 82, 83, 84, 83, 80, 81, 83, 82, 84, 85, 85, 83, 84, 82, 80,
    81, 81, 83, 81, 82, 85, 86, 85, 84, 82, 85, 84, 83, 84, 82, 83, 84,
    82 ]
