%YAML:1.0
---
videoName: "headShake0.mp4"
gestureLabel: 201
fps: 29
pixelSizeInCmTemp: 3.2808219178082193e-01
faceCenterPointX: 279
faceCenterPointY: 94
headPositionsX: [ 281, 280, 278, 280, 281, 278, 279, 277, 281, 278, 281,
    277, 280, 278, 280, 281, 281, 279, 279, 278, 280, 278, 281, 279, 280,
    279, 277, 279, 280, 277, 279, 281, 280, 280, 278, 278, 279, 279, 277,
    279, 277, 281, 283, 289, 290, 297, 300, 300, 302, 299, 296, 295, 287,
    285, 278, 275, 273, 271, 273, 279, 283, 285, 291, 290, 292, 288, 286,
    280, 280, 273, 275, 271, 271, 278, 277, 282, 284, 283, 284, 285, 278,
    280, 277, 277, 276, 274, 279, 279, 277, 279, 280, 281, 280, 278, 278,
    277, 277, 277, 281, 278 ]
headPositionsY: [ 95, 93, 95, 94, 94, 91, 91, 91, 95, 93, 92, 94, 92, 94,
    95, 91, 92, 92, 93, 92, 92, 94, 91, 91, 95, 95, 95, 91, 92, 94, 90,
    93, 93, 91, 92, 92, 93, 92, 91, 92, 91, 93, 92, 91, 89, 90, 90, 93,
    94, 89, 89, 91, 92, 94, 91, 92, 93, 93, 94, 93, 90, 92, 93, 93, 90,
    91, 95, 91, 92, 94, 91, 93, 93, 95, 94, 92, 91, 92, 91, 95, 95, 92,
    91, 93, 94, 93, 95, 91, 94, 93, 96, 95, 92, 93, 96, 94, 97, 96, 94,
    96 ]
