%YAML:1.0
---
videoName: "headShake12.mp4"
gestureLabel: 201
fps: 29
pixelSizeInCmTemp: 3.2808219178082193e-01
faceCenterPointX: 241
faceCenterPointY: 76
headPositionsX: [ 242, 242, 238, 240, 242, 241, 244, 243, 242, 241, 243,
    243, 240, 242, 241, 243, 244, 240, 241, 242, 239, 240, 243, 242, 241,
    240, 240, 240, 242, 239, 244, 241, 241, 242, 242, 240, 243, 243, 240,
    240, 239, 239, 240, 239, 240, 241, 242, 242, 244, 241, 243, 244, 239,
    240, 239, 242, 241, 243, 245, 245, 246, 253, 254, 259, 256, 260, 258,
    253, 247, 242, 238, 232, 231, 231, 239, 241, 248, 249, 254, 255, 250,
    252, 250, 243, 240, 240, 238, 237, 234, 235, 237, 240, 237, 241, 242,
    242, 237, 241, 242, 242 ]
headPositionsY: [ 75, 73, 71, 72, 76, 73, 73, 74, 74, 74, 75, 75, 73, 73,
    75, 72, 76, 75, 76, 74, 75, 71, 76, 74, 73, 73, 76, 76, 74, 75, 75,
    72, 77, 73, 76, 73, 74, 74, 75, 75, 72, 76, 74, 76, 74, 76, 73, 72,
    73, 74, 75, 73, 75, 72, 76, 74, 74, 76, 75, 72, 72, 75, 75, 72, 74,
    74, 73, 72, 75, 74, 77, 78, 76, 78, 76, 75, 76, 74, 76, 75, 74, 75,
    78, 78, 78, 75, 76, 75, 74, 77, 77, 75, 75, 74, 78, 78, 74, 73, 78,
    77 ]
