%YAML:1.0
---
videoName: "headShake48.mp4"
gestureLabel: 201
fps: 29
pixelSizeInCmTemp: 3.1103896103896100e-01
faceCenterPointX: 258
faceCenterPointY: 85
headPositionsX: [ 259, 258, 260, 258, 260, 257, 260, 260, 261, 257, 258,
    262, 261, 258, 262, 259, 258, 260, 260, 257, 261, 261, 261, 260, 259,
    261, 259, 256, 260, 258, 258, 260, 260, 260, 260, 264, 267, 268, 274,
    276, 273, 274, 273, 269, 263, 254, 248, 248, 247, 247, 253, 259, 266,
    268, 266, 267, 262, 262, 257, 253, 250, 250, 252, 255, 259, 265, 268,
    267, 267, 261, 255, 253, 252, 246, 251, 250, 254, 260, 262, 266, 264,
    266, 265, 263, 263, 262, 258, 260, 258, 260, 257, 260, 257, 257, 260,
    257, 259, 261, 260, 257 ]
headPositionsY: [ 87, 78, 80, 80, 80, 80, 78, 81, 80, 77, 79, 79, 79, 81,
    81, 81, 80, 81, 81, 82, 81, 81, 80, 79, 80, 82, 79, 80, 82, 82, 83,
    81, 80, 82, 83, 80, 80, 81, 81, 82, 83, 85, 84, 86, 86, 82, 83, 82,
    84, 85, 85, 86, 85, 85, 84, 88, 87, 85, 84, 88, 84, 84, 83, 86, 85,
    89, 87, 87, 88, 84, 86, 85, 88, 86, 88, 84, 88, 84, 87, 88, 87, 87,
    87, 85, 87, 87, 87, 85, 89, 86, 85, 85, 84, 84, 88, 87, 83, 85, 87,
    83 ]
