%YAML:1.0
---
videoName: "headShake20.mp4"
gestureLabel: 201
fps: 29
pixelSizeInCmTemp: 3.3263888888888887e-01
faceCenterPointX: 242
faceCenterPointY: 78
headPositionsX: [ 244, 243, 242, 246, 244, 242, 242, 242, 243, 245, 240,
    243, 246, 245, 242, 243, 242, 244, 241, 243, 243, 244, 243, 242, 241,
    242, 244, 241, 243, 242, 245, 241, 242, 243, 242, 242, 243, 241, 245,
    243, 246, 252, 255, 259, 260, 261, 259, 255, 248, 242, 236, 233, 232,
    232, 228, 234, 236, 246, 248, 249, 250, 251, 251, 246, 243, 240, 235,
    231, 231, 233, 237, 240, 240, 241, 247, 247, 248, 245, 243, 239, 240,
    240, 238, 241, 242, 239, 245, 245, 241, 243, 242, 244, 241, 242, 243,
    241, 240, 244, 240, 241 ]
headPositionsY: [ 80, 74, 76, 77, 77, 76, 77, 74, 77, 79, 77, 77, 76, 76,
    78, 78, 78, 76, 74, 75, 74, 74, 76, 75, 78, 77, 75, 77, 74, 76, 79,
    74, 78, 77, 77, 76, 75, 76, 78, 75, 75, 74, 73, 76, 72, 76, 75, 76,
    76, 77, 75, 78, 78, 74, 75, 78, 74, 78, 74, 77, 77, 75, 76, 75, 79,
    76, 79, 76, 77, 79, 77, 76, 77, 79, 76, 79, 78, 75, 78, 75, 79, 75,
    76, 78, 77, 77, 77, 79, 77, 76, 79, 76, 78, 77, 76, 76, 79, 78, 78,
    77 ]
