%YAML:1.0
---
videoName: "headShake0.mp4"
gestureLabel: 201
fps: 29
pixelSizeInCmTemp: 3.2808219178082193e-01
faceCenterPointX: 279
faceCenterPointY: 94
headPositionsX: [ 277, 278, 279, 279, 280, 278, 278, 279, 280, 281, 277,
    278, 279, 277, 278, 277, 281, 278, 277, 280, 279, 278, 277, 279, 281,
    278, 279, 277, 279, 281, 278, 279, 281, 278, 279, 278, 278, 278, 279,
    281, 277, 282, 283, 286, 294, 297, 301, 298, 299, 302, 296, 293, 286,
    282, 276, 277, 274, 271, 273, 277, 280, 287, 289, 288, 289, 289, 285,
    283, 279, 276, 275, 270, 271, 278, 277, 283, 285, 285, 283, 284, 280,
    278, 279, 275, 273, 274, 279, 275, 279, 278, 277, 281, 279, 277, 277,
    280, 280, 280, 279, 279 ]
headPositionsY: [ 96, 91, 93, 92, 92, 93, 91, 91, 91, 94, 95, 92, 93, 91,
    92, 94, 92, 93, 94, 91, 95, 93, 95, 94, 92, 95, 95, 95, 91, 93, 90,
    95, 92, 92, 92, 95, 95, 94, 93, 94, 91, 94, 91, 92, 93, 92, 90, 93,
    91, 91, 91, 92, 93, 91, 91, 94, 94, 94, 91, 94, 90, 93, 91, 91, 92,
    92, 93, 93, 95, 92, 91, 91, 92, 92, 92, 91, 92, 92, 94, 95, 94, 92,
    95, 92, 96, 95, 94, 92, 92, 96, 94, 96, 96, 93, 97, 96, 94, 97, 94,
    94 ]
