%YAML:1.0
---
videoName: "headShake46.mp4"
gestureLabel: 201
fps: 30
pixelSizeInCmTemp: 3.2364864864864862e-01
faceCenterPointX: 262
faceCenterPointY: 85
headPositionsX: [ 263, 258, 263, 260, 258, 261, 261, 262, 262, 261, 258,
    263, 260, 259, 263, 260, 262, 263, 258, 259, 260, 260, 263, 259, 263,
    261, 260, 259, 258, 259, 264, 267, 274, 274, 277, 276, 277, 271, 264,
    261, 253, 252, 251, 251, 257, 264, 268, 268, 267, 268, 265, 259, 255,
    252, 255, 260, 263, 265, 266, 266, 268, 261, 261, 256, 257, 261, 265,
    269, 271, 269, 267, 267, 264, 258, 257, 259, 259, 263, 262, 264, 264,
    264, 261, 262, 262, 262, 262, 259, 262, 262, 263, 261, 259, 263, 259,
    260, 259, 259, 262, 258 ]
headPositionsY: [ 83, 86, 84, 86, 82, 82, 83, 82, 84, 83, 82, 82, 83, 83,
    84, 84, 84, 87, 86, 83, 83, 84, 84, 83, 86, 83, 86, 83, 82, 83, 85,
    81, 82, 80, 83, 84, 81, 82, 87, 83, 84, 86, 83, 87, 83, 86, 83, 84,
    86, 83, 85, 82, 87, 84, 87, 87, 83, 87, 82, 85, 88, 85, 86, 83, 86,
    85, 83, 85, 84, 85, 86, 86, 85, 85, 83, 83, 82, 84, 86, 85, 86, 87,
    86, 87, 84, 87, 84, 87, 87, 86, 87, 86, 84, 84, 86, 85, 84, 86, 86,
    86 ]
