%YAML:1.0
---
videoName: "headShake2.mp4"
gestureLabel: 201
fps: 29
pixelSizeInCmTemp: 3.4214285714285714e-01
faceCenterPointX: 276
faceCenterPointY: 98
headPositionsX: [ 277, 276, 279, 276, 277, 275, 276, 276, 275, 277, 279,
    279, 276, 278, 275, 275, 279, 275, 278, 276, 279, 278, 276, 279, 280,
    278, 279, 278, 278, 277, 278, 277, 277, 275, 276, 276, 277, 278, 279,
    278, 278, 280, 281, 285, 286, 289, 292, 295, 295, 295, 293, 286, 285,
    276, 271, 267, 265, 265, 265, 266, 272, 278, 284, 287, 288, 288, 291,
    284, 282, 282, 276, 271, 268, 266, 268, 271, 277, 278, 281, 287, 285,
    285, 285, 282, 285, 280, 279, 277, 277, 277, 274, 273, 274, 274, 276,
    276, 274, 275, 273, 277 ]
headPositionsY: [ 100, 98, 97, 98, 99, 97, 98, 97, 97, 98, 99, 98, 98,
    98, 98, 100, 97, 101, 101, 97, 101, 101, 101, 98, 101, 97, 99, 99,
    102, 99, 100, 99, 97, 97, 98, 98, 98, 97, 101, 99, 96, 100, 96, 99,
    96, 99, 99, 99, 96, 99, 96, 99, 96, 100, 96, 99, 100, 97, 96, 99, 98,
    100, 99, 95, 95, 98, 95, 98, 96, 99, 100, 100, 96, 98, 96, 99, 98,
    101, 98, 100, 99, 98, 100, 99, 99, 100, 101, 96, 99, 98, 98, 99, 101,
    100, 99, 100, 96, 101, 101, 99 ]
