%YAML:1.0
---
videoName: "headShake34.mp4"
gestureLabel: 201
fps: 29
pixelSizeInCmTemp: 3.2364864864864862e-01
faceCenterPointX: 263
faceCenterPointY: 83
headPositionsX: [ 262, 263, 264, 264, 263, 263, 265, 265, 261, 264, 262,
    262, 264, 262, 262, 266, 266, 264, 264, 262, 263, 262, 263, 264, 266,
    266, 266, 265, 265, 264, 264, 263, 265, 263, 265, 264, 263, 267, 268,
    267, 272, 275, 276, 276, 277, 280, 280, 278, 278, 274, 274, 267, 264,
    261, 256, 254, 253, 252, 251, 256, 259, 262, 265, 265, 271, 271, 268,
    268, 267, 263, 258, 257, 254, 254, 257, 259, 258, 262, 262, 263, 266,
    265, 267, 263, 267, 264, 265, 265, 265, 265, 267, 262, 264, 263, 266,
    265, 264, 265, 264, 261 ]
headPositionsY: [ 85, 84, 85, 83, 82, 86, 84, 85, 83, 83, 82, 82, 83, 83,
    82, 80, 83, 82, 83, 82, 83, 81, 84, 85, 81, 84, 84, 82, 84, 81, 83,
    85, 86, 82, 82, 83, 83, 85, 83, 83, 84, 82, 83, 80, 82, 82, 81, 79,
    83, 80, 82, 85, 83, 82, 82, 83, 81, 80, 83, 82, 83, 81, 84, 83, 81,
    84, 84, 85, 83, 82, 82, 83, 82, 85, 82, 85, 83, 81, 83, 81, 85, 83,
    82, 85, 82, 86, 82, 83, 85, 84, 83, 85, 82, 85, 83, 84, 83, 81, 86,
    82 ]
