%YAML:1.0
---
videoName: "headShake4.mp4"
gestureLabel: 201
fps: 30
pixelSizeInCmTemp: 3.2364864864864862e-01
faceCenterPointX: 237
faceCenterPointY: 101
headPositionsX: [ 238, 243, 243, 248, 249, 254, 256, 254, 253, 247, 243,
    237, 232, 227, 227, 224, 227, 229, 237, 242, 247, 252, 254, 249, 251,
    248, 238, 234, 230, 225, 224, 226, 223, 231, 234, 239, 246, 250, 256,
    256, 256, 251, 249, 242, 236, 232, 230, 226, 222, 227, 229, 228, 231,
    240, 240, 247, 249, 250, 251, 246, 247, 243, 240, 235, 232, 231, 228,
    229, 228, 233, 234, 234, 237, 237, 238, 242, 240, 242, 240, 241, 240,
    238, 241, 240, 236, 236, 236, 235, 236, 239, 234, 239, 235, 237, 235,
    236, 235, 237, 235, 235 ]
headPositionsY: [ 100, 101, 97, 100, 101, 99, 100, 100, 99, 101, 99, 101,
    97, 97, 100, 100, 96, 100, 100, 100, 95, 97, 96, 99, 97, 101, 98, 98,
    100, 99, 97, 100, 100, 97, 101, 102, 98, 97, 97, 97, 98, 97, 101,
    101, 99, 99, 100, 99, 100, 98, 98, 101, 102, 100, 101, 98, 97, 99,
    101, 98, 100, 98, 102, 103, 102, 100, 102, 98, 101, 101, 101, 97, 97,
    100, 101, 99, 102, 99, 100, 99, 98, 101, 102, 100, 98, 101, 99, 102,
    102, 101, 97, 98, 100, 98, 99, 99, 102, 100, 100, 101 ]
