%YAML:1.0
---
videoName: "headShake24.mp4"
gestureLabel: 201
fps: 29
pixelSizeInCmTemp: 3.2808219178082193e-01
faceCenterPointX: 240
faceCenterPointY: 78
headPositionsX: [ 241, 252, 252, 253, 251, 252, 252, 252, 255, 250, 248,
    249, 246, 242, 239, 234, 237, 234, 231, 230, 232, 228, 232, 232, 230,
    235, 234, 239, 243, 244, 246, 249, 250, 250, 249, 248, 249, 250, 248,
    247, 242, 243, 240, 238, 240, 236, 235, 234, 232, 232, 237, 232, 236,
    238, 237, 238, 241, 243, 246, 243, 245, 244, 247, 248, 248, 247, 249,
    245, 248, 248, 245, 243, 244, 241, 243, 241, 237, 241, 240, 241, 238,
    237, 240, 241, 238, 239, 241, 237, 239, 238, 238, 242, 239, 240, 239,
    239, 241, 241, 241, 238 ]
headPositionsY: [ 80, 78, 77, 74, 73, 77, 73, 73, 76, 75, 77, 77, 79, 79,
    80, 77, 76, 79, 80, 79, 75, 76, 79, 79, 78, 78, 76, 76, 76, 79, 77,
    76, 78, 76, 80, 78, 76, 77, 76, 78, 76, 79, 78, 76, 79, 79, 78, 75,
    78, 78, 77, 76, 79, 79, 76, 77, 79, 79, 80, 75, 76, 77, 77, 76, 76,
    75, 76, 75, 78, 79, 78, 76, 77, 76, 76, 78, 78, 78, 78, 80, 77, 79,
    78, 79, 80, 75, 79, 80, 77, 77, 78, 78, 80, 78, 77, 78, 79, 77, 78,
    77 ]
