%YAML:1.0
---
videoName: "headShake5.mp4"
gestureLabel: 201
fps: 30
pixelSizeInCmTemp: 3.3263888888888887e-01
faceCenterPointX: 275
faceCenterPointY: 73
headPositionsX: [ 276, 279, 277, 279, 279, 279, 278, 276, 277, 279, 279,
    278, 276, 277, 280, 276, 276, 278, 275, 280, 280, 276, 278, 275, 276,
    277, 278, 278, 278, 276, 280, 278, 279, 281, 282, 287, 290, 292, 295,
    298, 294, 293, 291, 285, 278, 274, 266, 263, 262, 266, 266, 273, 280,
    285, 292, 289, 288, 285, 281, 275, 269, 262, 262, 264, 267, 269, 273,
    281, 281, 285, 286, 281, 279, 278, 271, 269, 268, 268, 265, 266, 271,
    272, 274, 279, 278, 282, 282, 282, 279, 283, 280, 280, 277, 274, 273,
    277, 277, 273, 277, 275 ]
headPositionsY: [ 71, 73, 71, 75, 73, 71, 73, 73, 71, 73, 72, 71, 73, 73,
    72, 71, 73, 71, 75, 75, 75, 71, 74, 74, 75, 72, 72, 71, 73, 76, 74,
    75, 72, 73, 71, 71, 73, 74, 72, 72, 70, 74, 74, 75, 74, 72, 71, 76,
    73, 75, 72, 76, 76, 76, 72, 71, 73, 72, 74, 76, 74, 76, 76, 74, 73,
    76, 75, 74, 74, 74, 75, 75, 75, 76, 75, 71, 76, 71, 74, 74, 73, 70,
    72, 73, 71, 74, 72, 71, 74, 70, 72, 73, 72, 72, 73, 72, 74, 74, 71,
    72 ]
