%YAML:1.0
---
videoName: "headShake15.mp4"
gestureLabel: 201
fps: 29
pixelSizeInCmTemp: 3.3263888888888887e-01
faceCenterPointX: 243
faceCenterPointY: 76
headPositionsX: [ 241, 246, 243, 243, 243, 245, 245, 242, 244, 243, 244,
    242, 242, 244, 245, 243, 241, 245, 242, 241, 243, 243, 243, 242, 240,
    245, 242, 241, 242, 244, 243, 245, 243, 242, 243, 245, 243, 243, 243,
    241, 244, 243, 245, 242, 241, 240, 242, 241, 245, 242, 245, 241, 243,
    244, 242, 240, 243, 242, 240, 241, 242, 245, 247, 247, 252, 255, 256,
    259, 259, 259, 255, 253, 251, 246, 243, 241, 238, 235, 237, 237, 240,
    242, 246, 245, 249, 244, 245, 247, 243, 244, 240, 241, 240, 240, 242,
    240, 243, 244, 242, 244 ]
headPositionsY: [ 75, 73, 77, 74, 76, 74, 76, 76, 76, 77, 76, 76, 75, 77,
    74, 74, 74, 76, 77, 76, 77, 76, 75, 77, 72, 75, 73, 76, 74, 73, 74,
    76, 73, 75, 77, 74, 76, 73, 74, 75, 76, 77, 73, 76, 75, 75, 78, 76,
    74, 77, 74, 76, 74, 77, 77, 77, 73, 76, 76, 76, 77, 76, 79, 78, 74,
    76, 71, 74, 73, 77, 73, 75, 74, 77, 77, 74, 76, 77, 74, 75, 78, 79,
    78, 77, 76, 75, 76, 75, 79, 79, 77, 75, 76, 77, 77, 74, 75, 77, 78,
    78 ]
