%YAML:1.0
---
videoName: "headShake48.mp4"
gestureLabel: 201
fps: 29
pixelSizeInCmTemp: 3.1103896103896100e-01
faceCenterPointX: 258
faceCenterPointY: 85
headPositionsX: [ 256, 261, 259, 259, 256, 260, 257, 258, 260, 258, 258,
    262, 262, 259, 260, 260, 257, 261, 261, 261, 262, 261, 258, 258, 262,
    259, 260, 259, 260, 257, 259, 259, 260, 260, 261, 263, 265, 267, 270,
    275, 273, 273, 272, 266, 263, 256, 249, 248, 247, 246, 255, 260, 264,
    266, 267, 269, 264, 262, 256, 251, 252, 248, 253, 258, 259, 266, 268,
    268, 264, 262, 258, 252, 250, 248, 251, 254, 254, 260, 264, 265, 267,
    267, 264, 262, 263, 260, 261, 259, 257, 257, 260, 257, 259, 257, 259,
    260, 258, 261, 261, 258 ]
headPositionsY: [ 85, 79, 78, 79, 78, 77, 79, 80, 79, 78, 82, 81, 78, 80,
    81, 82, 79, 82, 81, 79, 80, 82, 80, 83, 79, 80, 80, 82, 82, 84, 82,
    82, 82, 81, 80, 84, 83, 80, 81, 81, 81, 85, 84, 83, 82, 84, 81, 85,
    81, 86, 82, 83, 88, 86, 87, 85, 87, 88, 86, 84, 88, 84, 86, 88, 86,
    85, 87, 86, 86, 87, 87, 87, 84, 86, 86, 84, 87, 84, 87, 85, 83, 85,
    88, 86, 85, 85, 88, 85, 87, 85, 86, 86, 88, 86, 86, 86, 83, 87, 84,
    84 ]
