%YAML:1.0
---
videoName: "headShake11.mp4"
gestureLabel: 201
fps: 29
pixelSizeInCmTemp: 3.2364864864864862e-01
faceCenterPointX: 244
faceCenterPointY: 76
headPositionsX: [ 244, 241, 242, 241, 240, 240, 244, 241, 243, 241, 240,
    241, 244, 244, 239, 244, 244, 242, 240, 243, 240, 244, 244, 240, 244,
    244, 243, 244, 249, 252, 255, 255, 258, 259, 262, 262, 260, 256, 255,
    247, 245, 237, 232, 231, 225, 224, 230, 229, 235, 242, 247, 250, 256,
    260, 257, 256, 255, 251, 247, 246, 241, 234, 234, 233, 230, 231, 235,
    237, 245, 246, 250, 257, 256, 256, 257, 256, 252, 247, 245, 240, 238,
    237, 237, 233, 234, 238, 240, 244, 243, 246, 247, 250, 246, 249, 248,
    247, 244, 244, 244, 243 ]
headPositionsY: [ 76, 72, 74, 72, 73, 74, 72, 74, 75, 72, 73, 70, 74, 73,
    72, 75, 74, 72, 73, 75, 72, 73, 72, 74, 74, 75, 75, 74, 71, 72, 72,
    73, 70, 70, 71, 70, 75, 75, 73, 77, 75, 72, 73, 74, 72, 75, 74, 74,
    73, 74, 74, 74, 71, 75, 76, 71, 73, 73, 73, 78, 75, 78, 77, 73, 78,
    73, 75, 77, 77, 77, 72, 71, 73, 72, 75, 72, 72, 76, 76, 74, 75, 72,
    75, 76, 76, 73, 73, 74, 77, 76, 77, 75, 75, 72, 75, 76, 73, 74, 75,
    77 ]
