%YAML:1.0
---
videoName: "headShake9.mp4"
gestureLabel: 201
fps: 30
pixelSizeInCmTemp: 3.2808219178082193e-01
faceCenterPointX: 243
faceCenterPointY: 73
headPositionsX: [ 241, 245, 242, 242, 242, 243, 243, 242, 245, 241, 241,
    242, 244, 241, 245, 243, 245, 244, 242, 242, 242, 243, 244, 244, 242,
    245, 243, 243, 241, 241, 240, 245, 241, 241, 242, 243, 241, 243, 241,
    242, 245, 251, 254, 255, 262, 264, 264, 265, 262, 257, 255, 247, 241,
    240, 234, 231, 230, 227, 234, 234, 241, 247, 252, 255, 263, 259, 263,
    257, 254, 251, 244, 240, 232, 232, 231, 229, 230, 234, 235, 238, 246,
    249, 251, 249, 249, 250, 251, 248, 246, 245, 245, 245, 243, 242, 245,
    242, 242, 242, 242, 244 ]
headPositionsY: [ 73, 74, 72, 73, 74, 72, 74, 73, 71, 72, 73, 72, 70, 72,
    72, 74, 70, 74, 73, 75, 70, 72, 71, 70, 70, 71, 72, 73, 73, 75, 72,
    74, 72, 72, 72, 74, 70, 71, 70, 72, 70, 73, 71, 72, 69, 72, 69, 73,
    69, 70, 71, 71, 71, 73, 71, 71, 74, 72, 71, 75, 74, 74, 69, 69, 67,
    72, 71, 70, 74, 71, 72, 71, 75, 74, 75, 72, 72, 74, 73, 72, 73, 74,
    73, 73, 71, 75, 70, 73, 73, 72, 73, 72, 74, 71, 74, 72, 72, 73, 75,
    73 ]
