%YAML:1.0
---
videoName: "headShake0.mp4"
gestureLabel: 201
fps: 29
pixelSizeInCmTemp: 3.2808219178082193e-01
faceCenterPointX: 279
faceCenterPointY: 94
headPositionsX: [ 278, 278, 280, 278, 277, 280, 279, 279, 277, 279, 278,
    280, 281, 276, 276, 277, 278, 277, 279, 279, 281, 277, 277, 278, 279,
    277, 279, 280, 278, 281, 279, 281, 278, 280, 280, 278, 281, 278, 278,
    280, 277, 282, 284, 286, 290, 295, 299, 298, 299, 300, 298, 294, 289,
    284, 276, 275, 273, 272, 273, 275, 282, 286, 288, 292, 291, 289, 286,
    281, 279, 275, 274, 271, 274, 274, 279, 281, 284, 282, 285, 282, 280,
    279, 277, 278, 277, 276, 278, 277, 278, 280, 279, 278, 281, 281, 278,
    279, 278, 278, 279, 277 ]
headPositionsY: [ 94, 92, 91, 90, 92, 94, 94, 92, 91, 94, 93, 92, 94, 94,
    92, 93, 91, 92, 94, 94, 96, 94, 94, 94, 95, 92, 95, 92, 92, 91, 94,
    92, 95, 93, 93, 92, 95, 91, 91, 96, 93, 93, 90, 90, 89, 91, 92, 89,
    91, 89, 90, 93, 91, 93, 93, 93, 95, 93, 92, 92, 92, 91, 93, 93, 92,
    92, 91, 95, 94, 95, 94, 93, 94, 93, 91, 93, 93, 94, 93, 91, 93, 95,
    91, 94, 93, 94, 94, 95, 93, 96, 92, 96, 95, 92, 97, 94, 95, 93, 95,
    96 ]
