%YAML:1.0
---
videoName: "headShake21.mp4"
gestureLabel: 201
fps: 29
pixelSizeInCmTemp: 3.1933333333333330e-01
faceCenterPointX: 241
faceCenterPointY: 78
headPositionsX: [ 241, 247, 245, 242, 245, 240, 243, 241, 242, 243, 239,
    240, 240, 244, 239, 243, 240, 240, 241, 243, 245, 244, 242, 243, 243,
    244, 245, 243, 242, 245, 241, 244, 242, 242, 245, 242, 240, 244, 243,
    241, 241, 240, 241, 242, 239, 241, 241, 240, 241, 239, 241, 241, 243,
    239, 240, 242, 241, 241, 240, 243, 240, 241, 239, 239, 242, 239, 239,
    242, 247, 249, 250, 250, 252, 247, 246, 244, 238, 231, 233, 233, 238,
    239, 240, 243, 242, 244, 243, 242, 237, 239, 238, 240, 239, 239, 240,
    240, 242, 239, 241, 239 ]
headPositionsY: [ 76, 81, 82, 81, 75, 75, 74, 74, 72, 73, 73, 69, 72, 69,
    71, 69, 69, 70, 70, 73, 72, 72, 71, 75, 72, 73, 74, 76, 75, 74, 76,
    76, 78, 75, 74, 74, 75, 77, 77, 78, 75, 77, 75, 77, 78, 80, 78, 79,
    78, 78, 76, 79, 77, 79, 81, 80, 77, 77, 80, 76, 78, 75, 76, 80, 77,
    78, 76, 76, 80, 77, 75, 77, 78, 80, 79, 80, 81, 77, 75, 77, 79, 80,
    78, 80, 77, 78, 78, 80, 77, 79, 79, 80, 81, 80, 80, 80, 77, 78, 77,
    78 ]
