%YAML:1.0
---
videoName: "headShake14.mp4"
gestureLabel: 201
fps: 29
pixelSizeInCmTemp: 3.2364864864864862e-01
faceCenterPointX: 244
faceCenterPointY: 76
headPositionsX: [ 244, 245, 243, 244, 244, 247, 244, 245, 244, 243, 246,
    246, 243, 247, 245, 245, 245, 244, 246, 246, 246, 247, 245, 246, 244,
    249, 252, 253, 253, 258, 259, 261, 261, 260, 257, 249, 248, 242, 236,
    230, 225, 222, 225, 228, 232, 237, 242, 247, 252, 256, 258, 259, 255,
    249, 246, 244, 237, 237, 235, 232, 236, 233, 237, 237, 241, 242, 243,
    245, 249, 249, 247, 249, 249, 248, 245, 244, 243, 244, 241, 240, 241,
    241, 239, 241, 240, 240, 243, 243, 246, 245, 244, 247, 246, 245, 245,
    245, 241, 243, 242, 243 ]
headPositionsY: [ 77, 76, 76, 76, 77, 76, 78, 73, 77, 75, 78, 76, 75, 74,
    75, 75, 77, 73, 74, 77, 76, 77, 75, 75, 74, 73, 75, 75, 74, 72, 72,
    71, 72, 72, 76, 74, 78, 76, 78, 75, 76, 74, 77, 72, 73, 76, 75, 76,
    71, 70, 72, 74, 74, 76, 75, 75, 74, 76, 73, 75, 75, 74, 77, 74, 76,
    77, 74, 75, 75, 77, 78, 77, 77, 75, 78, 76, 78, 74, 77, 74, 73, 75,
    74, 74, 77, 76, 76, 75, 78, 79, 76, 76, 76, 75, 75, 77, 77, 78, 75,
    77 ]
