%YAML:1.0
---
videoName: "headShake5.mp4"
gestureLabel: 201
fps: 30
pixelSizeInCmTemp: 3.3263888888888887e-01
faceCenterPointX: 275
faceCenterPointY: 73
headPositionsX: [ 276, 276, 278, 277, 276, 278, 279, 280, 276, 277, 276,
    280, 277, 276, 279, 279, 276, 275, 276, 280, 277, 279, 276, 277, 280,
    276, 276, 278, 278, 276, 279, 277, 278, 280, 283, 283, 289, 292, 295,
    294, 297, 292, 289, 284, 278, 270, 266, 264, 264, 262, 267, 275, 282,
    289, 291, 292, 289, 286, 282, 273, 266, 262, 262, 265, 267, 272, 275,
    278, 283, 286, 285, 282, 281, 277, 271, 271, 268, 267, 268, 266, 271,
    271, 276, 279, 281, 282, 284, 281, 283, 280, 279, 280, 275, 278, 276,
    277, 273, 273, 275, 273 ]
headPositionsY: [ 74, 74, 75, 71, 75, 74, 75, 72, 72, 74, 71, 71, 75, 73,
    75, 72, 74, 74, 72, 75, 74, 72, 74, 72, 73, 71, 76, 72, 73, 75, 75,
    73, 74, 73, 73, 71, 72, 74, 75, 72, 74, 70, 71, 75, 74, 75, 73, 72,
    71, 71, 75, 72, 75, 73, 75, 75, 72, 73, 74, 76, 76, 76, 74, 76, 74,
    76, 74, 76, 73, 74, 76, 75, 75, 74, 74, 74, 72, 73, 72, 70, 73, 71,
    70, 71, 72, 74, 74, 73, 71, 72, 70, 73, 72, 72, 73, 73, 74, 71, 71,
    72 ]
