%YAML:1.0
---
videoName: "headShake37.mp4"
gestureLabel: 201
fps: 30
pixelSizeInCmTemp: 3.1933333333333330e-01
faceCenterPointX: 263
faceCenterPointY: 83
headPositionsX: [ 261, 259, 263, 261, 261, 262, 261, 265, 263, 262, 265,
    261, 260, 263, 263, 260, 262, 262, 260, 261, 264, 263, 263, 264, 261,
    259, 260, 262, 261, 260, 263, 262, 262, 262, 264, 261, 261, 262, 263,
    264, 260, 261, 263, 259, 259, 260, 263, 266, 265, 269, 273, 277, 280,
    280, 282, 279, 270, 268, 257, 256, 255, 252, 254, 258, 264, 270, 269,
    271, 274, 274, 267, 267, 261, 256, 252, 251, 254, 251, 257, 255, 258,
    259, 263, 263, 265, 267, 268, 264, 265, 266, 262, 263, 262, 265, 263,
    265, 263, 262, 262, 265 ]
headPositionsY: [ 83, 80, 85, 82, 85, 81, 82, 84, 81, 81, 82, 84, 81, 81,
    84, 82, 84, 83, 81, 82, 82, 81, 83, 81, 86, 83, 82, 83, 83, 81, 85,
    83, 83, 81, 83, 84, 85, 82, 85, 85, 81, 84, 85, 81, 85, 83, 83, 85,
    81, 82, 80, 80, 82, 80, 81, 82, 83, 82, 84, 80, 83, 82, 83, 84, 84,
    84, 82, 79, 82, 80, 80, 83, 81, 85, 82, 83, 85, 79, 82, 84, 81, 82,
    81, 82, 84, 82, 82, 83, 80, 83, 85, 82, 81, 84, 81, 81, 85, 81, 81,
    84 ]
