%YAML:1.0
---
videoName: "headShake9.mp4"
gestureLabel: 201
fps: 30
pixelSizeInCmTemp: 3.2808219178082193e-01
faceCenterPointX: 243
faceCenterPointY: 73
headPositionsX: [ 243, 245, 242, 244, 244, 241, 244, 243, 244, 242, 241,
    243, 240, 242, 242, 244, 241, 244, 243, 244, 244, 243, 242, 244, 241,
    245, 240, 243, 243, 243, 243, 244, 245, 243, 243, 241, 242, 241, 241,
    242, 246, 249, 255, 258, 260, 262, 265, 263, 262, 258, 254, 247, 244,
    237, 234, 232, 226, 228, 233, 235, 241, 248, 254, 256, 263, 261, 262,
    256, 257, 251, 242, 236, 233, 231, 232, 229, 230, 232, 237, 239, 244,
    249, 251, 253, 252, 252, 249, 248, 250, 248, 244, 247, 243, 245, 244,
    242, 245, 244, 241, 243 ]
headPositionsY: [ 71, 71, 70, 74, 74, 74, 73, 71, 71, 70, 71, 74, 72, 74,
    74, 73, 72, 70, 74, 74, 73, 71, 74, 74, 71, 73, 71, 72, 71, 72, 72,
    71, 72, 73, 72, 72, 71, 71, 71, 74, 74, 73, 71, 71, 68, 71, 68, 71,
    70, 69, 71, 74, 72, 75, 72, 70, 74, 70, 72, 73, 74, 71, 73, 72, 70,
    72, 71, 72, 70, 73, 74, 73, 75, 71, 71, 72, 73, 70, 71, 73, 75, 75,
    74, 70, 74, 73, 71, 72, 72, 74, 74, 71, 76, 73, 75, 72, 72, 73, 75,
    75 ]
