%YAML:1.0
---
videoName: "headShake1.mp4"
gestureLabel: 201
fps: 29
pixelSizeInCmTemp: 3.3263888888888887e-01
faceCenterPointX: 279
faceCenterPointY: 98
headPositionsX: [ 279, 280, 278, 277, 280, 282, 278, 280, 279, 281, 278,
    280, 281, 278, 276, 280, 281, 280, 279, 278, 277, 279, 278, 278, 278,
    281, 278, 278, 281, 282, 283, 287, 291, 292, 291, 291, 293, 288, 288,
    280, 277, 274, 271, 272, 271, 272, 273, 274, 280, 286, 286, 291, 292,
    293, 290, 289, 282, 277, 272, 271, 267, 266, 268, 270, 275, 279, 285,
    285, 292, 292, 292, 293, 289, 286, 286, 279, 275, 274, 273, 271, 270,
    274, 269, 271, 275, 274, 275, 279, 276, 276, 278, 281, 282, 280, 279,
    280, 281, 280, 281, 278 ]
headPositionsY: [ 100, 98, 99, 97, 98, 95, 99, 98, 96, 99, 97, 95, 97,
    96, 94, 98, 99, 95, 97, 97, 95, 96, 96, 98, 96, 99, 96, 95, 98, 95,
    96, 96, 98, 94, 94, 94, 95, 97, 97, 97, 96, 98, 98, 95, 97, 96, 96,
    97, 98, 94, 94, 93, 94, 96, 95, 97, 96, 96, 97, 95, 98, 98, 93, 96,
    96, 94, 98, 97, 96, 94, 93, 96, 96, 99, 99, 97, 95, 95, 95, 95, 98,
    96, 96, 97, 96, 99, 97, 96, 96, 96, 99, 99, 99, 97, 96, 100, 97, 99,
    96, 100 ]
