%YAML:1.0
---
videoName: "headShake20.mp4"
gestureLabel: 201
fps: 29
pixelSizeInCmTemp: 3.3263888888888887e-01
faceCenterPointX: 242
faceCenterPointY: 78
headPositionsX: [ 242, 244, 244, 244, 246, 242, 243, 242, 246, 243, 242,
    245, 242, 244, 241, 243, 241, 246, 244, 244, 244, 245, 244, 243, 243,
    242, 241, 244, 243, 244, 245, 242, 243, 242, 244, 244, 242, 242, 244,
    247, 248, 250, 253, 259, 258, 258, 257, 251, 251, 245, 237, 236, 229,
    229, 232, 235, 236, 242, 247, 252, 253, 250, 251, 245, 245, 238, 237,
    235, 229, 234, 236, 238, 240, 243, 245, 245, 248, 244, 243, 243, 240,
    241, 242, 240, 243, 243, 245, 243, 241, 246, 244, 245, 241, 244, 244,
    243, 242, 244, 239, 240 ]
headPositionsY: [ 79, 76, 77, 75, 78, 77, 77, 78, 78, 75, 77, 77, 74, 78,
    75, 77, 78, 78, 75, 74, 77, 77, 78, 77, 76, 78, 76, 75, 77, 76, 77,
    76, 75, 77, 77, 76, 75, 75, 78, 75, 76, 77, 77, 74, 74, 76, 75, 76,
    76, 77, 74, 79, 76, 74, 75, 78, 75, 75, 76, 76, 77, 74, 74, 76, 77,
    74, 77, 75, 76, 77, 75, 76, 77, 77, 75, 77, 78, 79, 76, 77, 75, 75,
    77, 75, 76, 77, 79, 78, 75, 77, 75, 80, 76, 76, 77, 75, 76, 79, 78,
    76 ]
