%YAML:1.0
---
videoName: "headShake41.mp4"
gestureLabel: 201
fps: 29
pixelSizeInCmTemp: 3.2364864864864862e-01
faceCenterPointX: 264
faceCenterPointY: 85
headPositionsX: [ 263, 259, 261, 261, 263, 262, 259, 261, 264, 263, 261,
    261, 263, 259, 261, 262, 261, 261, 260, 262, 260, 265, 265, 265, 266,
    270, 270, 271, 273, 278, 278, 280, 280, 283, 281, 283, 282, 280, 279,
    279, 276, 270, 268, 260, 257, 256, 253, 248, 245, 248, 245, 245, 246,
    248, 247, 251, 252, 255, 255, 262, 266, 268, 269, 275, 273, 275, 277,
    276, 275, 279, 279, 278, 275, 273, 270, 267, 267, 265, 266, 266, 264,
    265, 266, 265, 262, 262, 261, 261, 259, 264, 260, 265, 262, 262, 260,
    263, 265, 262, 261, 266 ]
headPositionsY: [ 83, 83, 81, 84, 85, 82, 83, 82, 83, 84, 85, 83, 85, 82,
    84, 83, 82, 83, 83, 81, 85, 82, 82, 83, 82, 82, 84, 82, 82, 79, 79,
    80, 81, 80, 79, 81, 82, 83, 84, 83, 85, 85, 82, 84, 83, 86, 84, 82,
    81, 84, 83, 86, 80, 84, 86, 85, 85, 85, 86, 84, 84, 82, 85, 86, 84,
    82, 86, 82, 82, 84, 84, 83, 85, 86, 87, 87, 85, 87, 85, 84, 83, 85,
    85, 85, 82, 84, 85, 85, 82, 83, 86, 84, 85, 82, 83, 82, 85, 85, 82,
    83 ]
