%YAML:1.0
---
videoName: "headShake29.mp4"
gestureLabel: 201
fps: 29
pixelSizeInCmTemp: 3.3263888888888887e-01
faceCenterPointX: 243
faceCenterPointY: 76
headPositionsX: [ 245, 243, 241, 244, 241, 244, 241, 244, 244, 242, 244,
    241, 241, 243, 242, 242, 243, 244, 245, 244, 245, 240, 244, 242, 239,
    237, 240, 235, 239, 237, 241, 247, 250, 252, 253, 257, 256, 250, 249,
    242, 238, 233, 233, 229, 226, 228, 232, 236, 241, 249, 248, 253, 251,
    250, 249, 248, 239, 238, 235, 231, 228, 230, 230, 236, 237, 239, 244,
    250, 250, 251, 252, 252, 251, 246, 243, 241, 237, 234, 234, 234, 232,
    233, 233, 238, 238, 237, 237, 240, 241, 242, 241, 241, 242, 242, 245,
    245, 242, 245, 240, 241 ]
headPositionsY: [ 78, 78, 76, 74, 74, 73, 77, 78, 78, 75, 76, 74, 77, 75,
    77, 75, 75, 77, 77, 74, 77, 79, 77, 75, 76, 77, 74, 76, 77, 76, 77,
    78, 78, 77, 76, 76, 75, 74, 76, 75, 76, 76, 76, 78, 76, 74, 74, 78,
    77, 77, 74, 75, 75, 77, 78, 77, 78, 77, 78, 78, 77, 77, 77, 78, 79,
    77, 79, 74, 75, 76, 76, 76, 76, 77, 74, 74, 77, 78, 76, 77, 77, 75,
    75, 76, 78, 75, 74, 76, 78, 76, 77, 79, 75, 76, 75, 76, 75, 77, 74,
    79 ]
