%YAML:1.0
---
videoName: "headShake24.mp4"
gestureLabel: 201
fps: 29
pixelSizeInCmTemp: 3.2808219178082193e-01
faceCenterPointX: 240
faceCenterPointY: 78
headPositionsX: [ 241, 253, 253, 252, 253, 255, 253, 252, 252, 249, 250,
    246, 243, 241, 239, 237, 237, 233, 230, 232, 233, 230, 229, 232, 231,
    235, 237, 237, 241, 241, 246, 247, 248, 252, 251, 252, 248, 249, 247,
    247, 246, 244, 240, 238, 238, 237, 233, 234, 233, 235, 237, 233, 237,
    237, 237, 238, 244, 241, 243, 244, 247, 247, 247, 248, 249, 248, 250,
    246, 247, 247, 244, 246, 241, 243, 240, 242, 240, 240, 240, 241, 240,
    241, 240, 239, 236, 240, 241, 241, 238, 241, 242, 242, 240, 238, 241,
    238, 238, 241, 242, 240 ]
headPositionsY: [ 77, 74, 77, 74, 73, 76, 77, 75, 76, 78, 75, 76, 77, 78,
    77, 75, 77, 77, 77, 79, 77, 76, 79, 78, 78, 80, 77, 76, 79, 79, 76,
    76, 78, 77, 79, 78, 78, 78, 76, 77, 76, 77, 78, 79, 78, 76, 76, 78,
    77, 78, 77, 78, 78, 79, 76, 76, 77, 77, 80, 75, 80, 76, 79, 77, 75,
    74, 79, 78, 75, 80, 78, 78, 78, 76, 80, 74, 80, 79, 77, 77, 78, 78,
    77, 79, 77, 76, 78, 79, 77, 78, 78, 79, 79, 78, 79, 75, 79, 77, 80,
    78 ]
