%YAML:1.0
---
videoName: "headShake8.mp4"
gestureLabel: 201
fps: 29
pixelSizeInCmTemp: 3.2364864864864862e-01
faceCenterPointX: 243
faceCenterPointY: 72
headPositionsX: [ 241, 245, 246, 243, 245, 245, 244, 242, 243, 242, 243,
    246, 242, 245, 242, 244, 244, 244, 243, 245, 246, 244, 245, 243, 242,
    244, 243, 244, 244, 244, 244, 246, 242, 244, 245, 247, 250, 256, 259,
    265, 265, 267, 264, 262, 256, 250, 248, 242, 235, 235, 232, 230, 233,
    238, 246, 247, 253, 261, 261, 261, 256, 253, 250, 245, 241, 238, 233,
    233, 234, 236, 235, 236, 238, 240, 241, 246, 246, 247, 247, 250, 248,
    249, 252, 248, 250, 249, 250, 245, 247, 245, 243, 246, 244, 243, 245,
    245, 244, 241, 244, 242 ]
headPositionsY: [ 73, 69, 72, 71, 73, 73, 70, 72, 71, 74, 69, 72, 73, 71,
    72, 71, 73, 70, 70, 71, 70, 72, 71, 70, 72, 71, 73, 69, 70, 72, 73,
    72, 72, 73, 71, 72, 71, 69, 71, 71, 68, 68, 69, 73, 72, 72, 73, 70,
    72, 72, 71, 73, 73, 73, 71, 70, 70, 71, 69, 68, 69, 69, 72, 71, 71,
    74, 72, 71, 74, 74, 72, 74, 72, 71, 73, 72, 75, 71, 71, 72, 71, 71,
    73, 73, 72, 73, 71, 70, 70, 72, 71, 70, 70, 73, 74, 70, 71, 74, 74,
    70 ]
