%YAML:1.0
---
videoName: "headShake23.mp4"
gestureLabel: 201
fps: 29
pixelSizeInCmTemp: 3.2808219178082193e-01
faceCenterPointX: 240
faceCenterPointY: 77
headPositionsX: [ 241, 242, 242, 244, 242, 244, 240, 241, 242, 242, 244,
    243, 241, 240, 240, 242, 239, 238, 239, 239, 242, 241, 242, 246, 249,
    251, 251, 252, 252, 253, 255, 253, 255, 252, 249, 243, 241, 239, 237,
    231, 230, 232, 228, 228, 227, 230, 233, 232, 237, 237, 241, 244, 245,
    251, 253, 251, 251, 251, 254, 250, 250, 250, 248, 243, 240, 243, 238,
    236, 237, 236, 234, 236, 234, 235, 234, 236, 234, 238, 237, 238, 239,
    242, 238, 239, 242, 245, 243, 246, 246, 242, 246, 246, 247, 244, 243,
    245, 245, 245, 239, 240 ]
headPositionsY: [ 75, 78, 75, 74, 75, 79, 79, 78, 79, 76, 75, 77, 77, 78,
    76, 79, 78, 75, 78, 76, 77, 77, 78, 77, 75, 76, 78, 79, 74, 76, 75,
    77, 77, 77, 79, 78, 78, 78, 75, 74, 74, 79, 75, 76, 79, 78, 78, 77,
    80, 77, 76, 77, 78, 78, 76, 76, 77, 75, 78, 74, 77, 78, 79, 78, 76,
    81, 80, 78, 79, 78, 76, 76, 78, 77, 76, 78, 76, 76, 76, 79, 77, 80,
    76, 75, 77, 76, 77, 76, 75, 78, 80, 79, 79, 79, 79, 78, 77, 79, 75,
    79 ]
