%YAML:1.0
---
videoName: "headShake45.mp4"
gestureLabel: 201
fps: 30
pixelSizeInCmTemp: 3.3263888888888887e-01
faceCenterPointX: 262
faceCenterPointY: 84
headPositionsX: [ 263, 263, 264, 262, 264, 262, 264, 264, 261, 264, 262,
    263, 263, 262, 260, 262, 265, 263, 260, 261, 260, 260, 261, 262, 261,
    263, 262, 262, 262, 262, 260, 260, 261, 259, 260, 261, 263, 261, 258,
    255, 256, 258, 258, 263, 271, 274, 277, 282, 278, 278, 273, 267, 259,
    256, 254, 254, 257, 263, 269, 270, 274, 272, 274, 269, 264, 261, 256,
    255, 257, 261, 265, 270, 271, 272, 270, 269, 263, 259, 259, 258, 259,
    255, 259, 262, 263, 265, 264, 263, 259, 257, 260, 259, 263, 262, 262,
    261, 265, 260, 264, 264 ]
headPositionsY: [ 83, 83, 83, 82, 82, 83, 80, 79, 83, 85, 82, 81, 84, 80,
    80, 84, 84, 83, 80, 83, 81, 82, 82, 84, 84, 84, 80, 84, 83, 80, 81,
    82, 82, 83, 84, 84, 83, 82, 81, 83, 82, 83, 83, 84, 84, 81, 82, 79,
    81, 80, 81, 82, 84, 82, 82, 82, 85, 82, 84, 81, 82, 83, 81, 80, 83,
    83, 86, 84, 85, 83, 84, 82, 83, 82, 83, 80, 84, 85, 80, 82, 82, 80,
    84, 80, 84, 81, 81, 82, 83, 85, 81, 82, 82, 84, 83, 82, 86, 84, 81,
    81 ]
