%YAML:1.0
---
videoName: "headShake33.mp4"
gestureLabel: 201
fps: 29
pixelSizeInCmTemp: 3.2364864864864862e-01
faceCenterPointX: 244
faceCenterPointY: 84
headPositionsX: [ 243, 244, 246, 247, 245, 244, 245, 247, 246, 245, 245,
    243, 246, 244, 247, 245, 247, 243, 244, 247, 247, 248, 250, 249, 250,
    255, 255, 258, 261, 260, 262, 262, 262, 259, 259, 254, 253, 251, 246,
    242, 236, 233, 232, 232, 229, 225, 225, 229, 230, 233, 234, 239, 242,
    245, 249, 253, 256, 259, 260, 259, 258, 260, 260, 258, 253, 249, 248,
    247, 239, 238, 234, 233, 230, 229, 230, 233, 230, 231, 237, 237, 240,
    239, 239, 244, 244, 244, 243, 249, 247, 248, 247, 245, 244, 243, 243,
    246, 244, 246, 244, 243 ]
headPositionsY: [ 84, 85, 82, 85, 81, 81, 85, 82, 82, 84, 83, 82, 84, 84,
    81, 82, 80, 85, 83, 80, 83, 85, 82, 85, 81, 80, 82, 83, 80, 78, 83,
    80, 80, 83, 79, 82, 86, 83, 80, 82, 81, 82, 85, 80, 80, 80, 79, 83,
    81, 84, 84, 82, 83, 83, 84, 82, 80, 82, 83, 81, 83, 82, 83, 82, 82,
    86, 83, 83, 82, 85, 82, 82, 80, 81, 83, 81, 83, 81, 81, 85, 85, 82,
    82, 83, 83, 82, 84, 85, 83, 84, 84, 86, 84, 84, 85, 83, 84, 84, 82,
    85 ]
