%YAML:1.0
---
videoName: "headShake11.mp4"
gestureLabel: 201
fps: 29
pixelSizeInCmTemp: 3.2364864864864862e-01
faceCenterPointX: 244
faceCenterPointY: 76
headPositionsX: [ 244, 241, 240, 240, 241, 241, 245, 243, 244, 244, 241,
    243, 244, 243, 241, 243, 240, 241, 244, 242, 240, 244, 242, 242, 242,
    243, 243, 246, 247, 252, 253, 256, 257, 261, 259, 263, 259, 256, 254,
    251, 246, 240, 234, 229, 229, 224, 228, 229, 235, 240, 247, 248, 255,
    260, 257, 257, 257, 252, 250, 242, 241, 236, 233, 233, 228, 230, 237,
    241, 242, 250, 251, 253, 258, 258, 255, 254, 251, 248, 243, 238, 239,
    237, 236, 233, 233, 235, 241, 241, 243, 244, 246, 249, 250, 245, 248,
    246, 246, 244, 245, 246 ]
headPositionsY: [ 76, 73, 71, 70, 74, 74, 71, 71, 75, 73, 75, 72, 73, 70,
    74, 73, 74, 72, 71, 75, 75, 75, 74, 75, 75, 72, 72, 74, 70, 74, 73,
    71, 72, 71, 72, 73, 73, 75, 75, 74, 74, 73, 72, 72, 72, 75, 75, 74,
    74, 74, 74, 72, 74, 74, 72, 74, 74, 74, 74, 74, 76, 74, 78, 74, 78,
    75, 77, 77, 77, 74, 72, 74, 73, 70, 74, 75, 73, 76, 75, 72, 76, 73,
    75, 75, 76, 75, 74, 73, 74, 77, 77, 74, 75, 75, 77, 74, 73, 77, 75,
    74 ]
