%YAML:1.0
---
videoName: "headShake6.mp4"
gestureLabel: 201
fps: 29
pixelSizeInCmTemp: 3.2808219178082193e-01
faceCenterPointX: 244
faceCenterPointY: 68
headPositionsX: [ 244, 246, 244, 244, 245, 246, 244, 246, 247, 246, 244,
    247, 243, 245, 247, 243, 245, 246, 245, 247, 248, 243, 243, 244, 245,
    247, 247, 249, 248, 253, 255, 259, 261, 261, 262, 260, 256, 253, 248,
    241, 235, 231, 228, 232, 233, 239, 243, 251, 254, 258, 258, 259, 255,
    254, 247, 244, 239, 236, 229, 229, 231, 236, 237, 240, 245, 249, 253,
    250, 250, 251, 245, 242, 240, 240, 239, 237, 238, 241, 239, 242, 241,
    240, 244, 242, 243, 245, 246, 245, 243, 243, 241, 246, 245, 246, 245,
    244, 244, 245, 243, 246 ]
headPositionsY: [ 67, 67, 67, 67, 67, 68, 67, 66, 65, 65, 64, 66, 65, 65,
    68, 63, 67, 68, 64, 68, 68, 67, 66, 66, 67, 66, 66, 66, 69, 66, 65,
    63, 63, 66, 68, 65, 66, 68, 66, 69, 67, 67, 70, 66, 66, 67, 70, 67,
    65, 66, 68, 65, 65, 69, 67, 71, 68, 65, 66, 67, 67, 67, 68, 66, 67,
    66, 66, 66, 66, 67, 68, 69, 67, 70, 66, 68, 68, 68, 70, 66, 66, 70,
    68, 67, 66, 69, 71, 67, 68, 71, 69, 68, 69, 68, 70, 70, 68, 71, 69,
    68 ]
