%YAML:1.0
---
videoName: "headShake11.mp4"
gestureLabel: 201
fps: 29
pixelSizeInCmTemp: 3.2364864864864862e-01
faceCenterPointX: 244
faceCenterPointY: 76
headPositionsX: [ 245, 243, 241, 243, 242, 244, 243, 240, 242, 243, 243,
    240, 243, 242, 242, 243, 243, 242, 243, 244, 244, 242, 240, 244, 243,
    244, 242, 246, 246, 248, 255, 257, 261, 262, 263, 260, 263, 257, 252,
    247, 245, 237, 233, 229, 225, 224, 227, 232, 236, 239, 248, 250, 255,
    258, 261, 257, 258, 254, 248, 246, 240, 236, 232, 230, 228, 230, 236,
    241, 244, 248, 251, 257, 260, 259, 256, 255, 255, 248, 243, 238, 240,
    233, 237, 235, 235, 239, 238, 244, 242, 247, 245, 247, 246, 249, 249,
    244, 245, 245, 246, 246 ]
headPositionsY: [ 76, 72, 70, 72, 70, 74, 74, 74, 75, 72, 71, 71, 75, 72,
    70, 73, 73, 75, 74, 71, 72, 75, 72, 71, 74, 73, 72, 74, 70, 74, 71,
    70, 70, 72, 73, 72, 72, 73, 71, 77, 76, 76, 73, 73, 76, 75, 73, 73,
    76, 77, 74, 76, 73, 73, 72, 74, 71, 76, 77, 78, 75, 74, 78, 75, 77,
    75, 78, 75, 74, 75, 74, 71, 75, 72, 75, 74, 72, 74, 75, 73, 75, 74,
    73, 75, 73, 75, 76, 73, 74, 74, 74, 74, 73, 72, 77, 76, 74, 75, 73,
    76 ]
