%YAML:1.0
---
videoName: "headShake12.mp4"
gestureLabel: 201
fps: 29
pixelSizeInCmTemp: 3.2808219178082193e-01
faceCenterPointX: 241
faceCenterPointY: 76
headPositionsX: [ 243, 242, 240, 242, 240, 240, 243, 243, 240, 240, 245,
    240, 243, 241, 242, 242, 240, 239, 242, 242, 239, 241, 244, 243, 243,
    242, 243, 242, 240, 241, 243, 244, 241, 242, 239, 242, 244, 242, 240,
    240, 243, 243, 243, 240, 243, 243, 242, 239, 243, 244, 240, 243, 240,
    244, 239, 243, 243, 241, 245, 244, 250, 251, 256, 258, 259, 259, 256,
    251, 249, 242, 238, 233, 229, 233, 239, 243, 244, 248, 252, 255, 251,
    250, 250, 244, 240, 241, 237, 239, 235, 236, 237, 238, 238, 240, 239,
    242, 238, 238, 240, 238 ]
headPositionsY: [ 77, 72, 75, 73, 74, 74, 75, 74, 73, 74, 75, 76, 73, 73,
    73, 72, 74, 72, 74, 74, 73, 75, 75, 76, 72, 73, 75, 72, 75, 75, 76,
    72, 75, 74, 75, 74, 76, 74, 75, 74, 72, 76, 73, 72, 73, 74, 75, 76,
    73, 73, 75, 76, 73, 75, 72, 72, 75, 74, 72, 75, 72, 73, 73, 71, 72,
    73, 75, 75, 75, 74, 77, 75, 78, 74, 75, 77, 74, 77, 73, 75, 77, 76,
    75, 75, 75, 77, 77, 78, 74, 76, 74, 75, 77, 76, 77, 78, 78, 75, 75,
    74 ]
