%YAML:1.0
---
videoName: "headShake49.mp4"
gestureLabel: 201
fps: 30
pixelSizeInCmTemp: 2.8855421686746985e-01
faceCenterPointX: 259
faceCenterPointY: 84
headPositionsX: [ 258, 259, 261, 262, 260, 263, 261, 259, 261, 261, 260,
    262, 260, 260, 258, 258, 262, 263, 260, 260, 260, 262, 260, 262, 261,
    262, 260, 261, 263, 260, 261, 259, 264, 264, 269, 274, 277, 279, 281,
    284, 282, 280, 269, 265, 257, 250, 249, 247, 249, 258, 261, 268, 271,
    276, 270, 267, 264, 254, 252, 247, 247, 249, 258, 261, 265, 272, 270,
    266, 266, 259, 255, 253, 253, 257, 257, 260, 268, 266, 271, 269, 265,
    263, 260, 257, 260, 259, 257, 260, 260, 261, 260, 258, 257, 262, 260,
    258, 257, 258, 257, 259 ]
headPositionsY: [ 85, 83, 83, 78, 81, 82, 81, 81, 78, 81, 80, 79, 81, 80,
    80, 79, 79, 79, 82, 79, 81, 80, 80, 79, 78, 80, 78, 81, 79, 82, 80,
    80, 81, 83, 84, 79, 81, 82, 81, 80, 78, 79, 82, 82, 85, 85, 85, 86,
    81, 83, 84, 85, 86, 81, 83, 83, 85, 86, 83, 85, 81, 84, 84, 82, 87,
    85, 83, 85, 87, 85, 86, 84, 87, 84, 82, 83, 86, 85, 86, 85, 87, 86,
    83, 82, 86, 83, 85, 81, 85, 86, 84, 82, 86, 87, 83, 85, 86, 83, 83,
    85 ]
