%YAML:1.0
---
videoName: "headShake19.mp4"
gestureLabel: 201
fps: 29
pixelSizeInCmTemp: 3.1933333333333330e-01
faceCenterPointX: 243
faceCenterPointY: 78
headPositionsX: [ 244, 243, 243, 244, 243, 245, 241, 244, 244, 241, 245,
    243, 241, 245, 241, 243, 243, 243, 243, 242, 243, 242, 244, 245, 240,
    242, 240, 241, 243, 244, 243, 241, 242, 241, 244, 241, 241, 239, 233,
    233, 232, 236, 240, 245, 248, 255, 255, 258, 257, 253, 248, 246, 237,
    235, 231, 229, 234, 234, 237, 240, 246, 246, 250, 246, 246, 242, 242,
    240, 238, 237, 236, 237, 238, 240, 241, 242, 244, 246, 247, 243, 243,
    246, 242, 244, 240, 240, 242, 241, 241, 239, 239, 243, 242, 241, 242,
    243, 242, 243, 243, 243 ]
headPositionsY: [ 77, 75, 77, 76, 75, 77, 74, 74, 75, 78, 75, 76, 77, 77,
    75, 78, 77, 75, 74, 78, 76, 77, 75, 76, 77, 78, 77, 78, 78, 76, 77,
    76, 75, 77, 77, 77, 77, 74, 75, 75, 79, 74, 77, 76, 75, 78, 76, 75,
    74, 74, 76, 77, 78, 76, 75, 77, 73, 76, 77, 75, 77, 76, 78, 78, 76,
    76, 76, 77, 79, 80, 77, 76, 79, 79, 75, 75, 79, 76, 77, 76, 79, 76,
    74, 76, 76, 80, 78, 77, 77, 78, 80, 78, 76, 77, 79, 76, 78, 76, 79,
    78 ]
