%YAML:1.0
---
videoName: "headShake22.mp4"
gestureLabel: 201
fps: 29
pixelSizeInCmTemp: 3.2364864864864862e-01
faceCenterPointX: 241
faceCenterPointY: 79
headPositionsX: [ 242, 240, 242, 244, 241, 239, 245, 241, 242, 245, 240,
    242, 245, 240, 240, 241, 240, 245, 242, 245, 244, 241, 240, 242, 245,
    240, 242, 241, 242, 243, 242, 244, 244, 240, 244, 245, 241, 243, 243,
    242, 244, 239, 242, 244, 242, 240, 245, 241, 240, 244, 242, 241, 242,
    243, 241, 241, 243, 244, 243, 241, 244, 241, 239, 241, 239, 239, 241,
    242, 245, 247, 251, 254, 255, 257, 253, 248, 244, 243, 238, 239, 238,
    238, 240, 242, 244, 248, 246, 246, 244, 244, 242, 242, 240, 241, 240,
    238, 239, 238, 240, 241 ]
headPositionsY: [ 80, 77, 78, 76, 76, 76, 79, 75, 76, 76, 76, 77, 77, 77,
    75, 75, 75, 77, 77, 75, 76, 78, 75, 77, 77, 75, 76, 75, 76, 76, 78,
    74, 76, 74, 76, 78, 78, 75, 74, 75, 78, 74, 74, 79, 76, 77, 78, 78,
    76, 78, 78, 75, 76, 79, 74, 74, 78, 76, 76, 75, 77, 79, 75, 77, 78,
    73, 74, 76, 78, 76, 74, 77, 77, 76, 76, 76, 77, 76, 78, 76, 79, 77,
    79, 76, 77, 76, 78, 75, 77, 79, 79, 76, 78, 78, 77, 77, 78, 80, 78,
    76 ]
