%YAML:1.0
---
videoName: "headShake49.mp4"
gestureLabel: 201
fps: 30
pixelSizeInCmTemp: 2.8855421686746985e-01
faceCenterPointX: 259
faceCenterPointY: 84
headPositionsX: [ 260, 261, 260, 261, 263, 261, 263, 260, 261, 258, 261,
    262, 261, 263, 259, 261, 259, 260, 262, 259, 262, 261, 260, 263, 260,
    260, 260, 261, 263, 259, 259, 260, 265, 263, 268, 274, 275, 280, 282,
    284, 282, 279, 272, 264, 257, 253, 246, 250, 252, 257, 261, 267, 274,
    273, 270, 266, 263, 257, 252, 247, 249, 251, 258, 261, 266, 272, 269,
    265, 263, 258, 258, 254, 253, 253, 257, 264, 264, 266, 272, 266, 268,
    263, 262, 257, 258, 257, 259, 261, 258, 258, 260, 262, 259, 260, 260,
    260, 257, 261, 261, 257 ]
headPositionsY: [ 85, 80, 82, 78, 83, 80, 81, 79, 80, 81, 81, 78, 83, 79,
    81, 79, 82, 83, 81, 79, 81, 79, 80, 79, 78, 78, 79, 83, 80, 81, 84,
    79, 79, 80, 84, 82, 80, 82, 80, 79, 79, 82, 80, 83, 83, 81, 84, 82,
    81, 85, 82, 85, 86, 85, 84, 86, 84, 85, 85, 84, 85, 84, 86, 83, 86,
    85, 83, 86, 87, 86, 85, 84, 84, 83, 86, 85, 86, 86, 85, 86, 84, 84,
    84, 86, 82, 83, 83, 84, 83, 85, 83, 85, 83, 85, 85, 82, 87, 82, 83,
    85 ]
