%YAML:1.0
---
videoName: "headShake17.mp4"
gestureLabel: 201
fps: 29
pixelSizeInCmTemp: 3.3263888888888887e-01
faceCenterPointX: 242
faceCenterPointY: 76
headPositionsX: [ 241, 240, 236, 237, 235, 239, 237, 244, 245, 245, 253,
    254, 260, 260, 260, 255, 252, 250, 245, 238, 236, 232, 228, 228, 226,
    226, 228, 233, 233, 242, 243, 245, 249, 249, 254, 252, 251, 251, 249,
    249, 241, 242, 236, 232, 231, 230, 231, 232, 234, 234, 237, 238, 243,
    245, 245, 243, 247, 245, 243, 244, 242, 243, 240, 240, 240, 237, 239,
    240, 241, 242, 238, 241, 241, 241, 239, 240, 242, 240, 239, 240, 239,
    242, 243, 241, 243, 241, 242, 241, 239, 243, 240, 243, 242, 243, 240,
    242, 243, 239, 242, 240 ]
headPositionsY: [ 78, 78, 73, 79, 77, 76, 77, 76, 74, 74, 73, 73, 75, 76,
    75, 74, 74, 75, 75, 78, 79, 75, 78, 77, 75, 76, 76, 78, 79, 79, 75,
    74, 78, 73, 72, 74, 77, 77, 78, 80, 75, 78, 76, 78, 78, 78, 76, 76,
    76, 76, 75, 75, 76, 76, 79, 79, 75, 77, 75, 77, 77, 75, 79, 78, 76,
    78, 74, 75, 78, 75, 74, 76, 75, 78, 74, 74, 77, 76, 75, 75, 76, 78,
    78, 76, 76, 76, 79, 75, 76, 76, 77, 75, 77, 76, 77, 77, 74, 78, 75,
    74 ]
