%YAML:1.0
---
videoName: "headShake17.mp4"
gestureLabel: 201
fps: 29
pixelSizeInCmTemp: 3.3263888888888887e-01
faceCenterPointX: 242
faceCenterPointY: 76
headPositionsX: [ 243, 237, 238, 239, 236, 241, 238, 242, 244, 245, 251,
    256, 258, 257, 260, 255, 252, 247, 247, 238, 237, 234, 230, 226, 225,
    226, 231, 230, 234, 240, 244, 246, 252, 253, 253, 251, 255, 252, 250,
    248, 243, 238, 239, 232, 233, 233, 233, 233, 235, 238, 237, 240, 242,
    244, 245, 244, 246, 243, 245, 241, 242, 243, 243, 241, 241, 239, 242,
    239, 240, 240, 239, 239, 239, 238, 242, 240, 241, 238, 240, 241, 240,
    242, 241, 243, 239, 240, 239, 240, 241, 242, 242, 243, 243, 243, 239,
    243, 242, 242, 243, 240 ]
headPositionsY: [ 75, 74, 74, 78, 76, 78, 74, 76, 75, 74, 75, 75, 73, 74,
    77, 76, 75, 74, 78, 75, 79, 75, 75, 77, 74, 77, 75, 77, 77, 75, 75,
    78, 77, 76, 72, 75, 74, 76, 75, 76, 78, 77, 79, 75, 78, 74, 75, 74,
    79, 78, 77, 79, 75, 79, 76, 78, 77, 78, 75, 76, 78, 78, 76, 74, 74,
    78, 77, 76, 77, 77, 78, 78, 75, 78, 74, 76, 77, 73, 75, 78, 78, 76,
    79, 77, 78, 76, 78, 76, 77, 75, 78, 77, 74, 74, 78, 78, 76, 74, 76,
    75 ]
