%YAML:1.0
---
videoName: "headShake15.mp4"
gestureLabel: 201
fps: 29
pixelSizeInCmTemp: 3.3263888888888887e-01
faceCenterPointX: 243
faceCenterPointY: 76
headPositionsX: [ 244, 246, 245, 242, 244, 242, 242, 244, 241, 245, 241,
    244, 241, 246, 241, 242, 241, 245, 243, 245, 241, 243, 241, 241, 242,
    242, 244, 244, 241, 242, 241, 245, 242, 243, 244, 244, 243, 243, 242,
    242, 244, 241, 243, 245, 242, 242, 246, 244, 241, 244, 245, 242, 244,
    240, 243, 242, 240, 244, 241, 243, 244, 241, 243, 247, 252, 252, 254,
    257, 257, 256, 255, 254, 249, 247, 243, 241, 239, 238, 239, 238, 240,
    243, 243, 245, 248, 245, 248, 246, 244, 245, 244, 243, 243, 241, 240,
    240, 241, 243, 242, 246 ]
headPositionsY: [ 77, 73, 74, 77, 78, 74, 76, 75, 74, 75, 73, 75, 76, 76,
    72, 73, 74, 73, 76, 74, 77, 73, 76, 75, 73, 74, 72, 76, 74, 75, 76,
    77, 74, 73, 74, 74, 78, 76, 76, 73, 73, 76, 73, 78, 73, 78, 77, 73,
    75, 74, 77, 77, 76, 73, 75, 74, 73, 75, 78, 76, 77, 73, 78, 74, 73,
    75, 74, 74, 75, 74, 73, 75, 76, 74, 77, 78, 75, 77, 76, 78, 78, 75,
    79, 79, 75, 78, 80, 77, 75, 78, 77, 76, 77, 76, 77, 74, 76, 79, 76,
    75 ]
