%YAML:1.0
---
videoName: "headShake47.mp4"
gestureLabel: 201
fps: 29
pixelSizeInCmTemp: 3.2364864864864862e-01
faceCenterPointX: 258
faceCenterPointY: 86
headPositionsX: [ 259, 259, 260, 259, 258, 261, 259, 258, 258, 263, 262,
    259, 260, 262, 261, 262, 259, 260, 259, 259, 259, 263, 259, 262, 262,
    260, 260, 261, 260, 263, 261, 261, 260, 261, 257, 258, 254, 252, 250,
    250, 247, 248, 251, 253, 262, 264, 266, 270, 263, 262, 259, 258, 251,
    254, 256, 257, 264, 265, 265, 263, 261, 259, 256, 253, 253, 256, 256,
    261, 263, 262, 265, 260, 256, 255, 251, 255, 254, 259, 261, 265, 264,
    264, 258, 254, 255, 254, 256, 256, 254, 257, 256, 256, 258, 255, 256,
    256, 256, 257, 259, 256 ]
headPositionsY: [ 87, 84, 87, 85, 83, 86, 83, 83, 85, 83, 87, 85, 83, 87,
    86, 83, 85, 87, 84, 87, 83, 86, 83, 82, 85, 83, 85, 86, 85, 84, 84,
    86, 84, 87, 86, 88, 85, 84, 84, 87, 87, 88, 88, 88, 86, 90, 90, 89,
    90, 90, 91, 88, 89, 86, 91, 89, 87, 90, 89, 90, 88, 89, 87, 85, 86,
    87, 85, 85, 89, 88, 86, 86, 86, 87, 86, 85, 85, 86, 88, 85, 85, 87,
    86, 87, 89, 86, 86, 84, 88, 84, 85, 86, 85, 85, 87, 84, 86, 86, 83,
    88 ]
