%YAML:1.0
---
videoName: "headShake9.mp4"
gestureLabel: 201
fps: 30
pixelSizeInCmTemp: 3.2808219178082193e-01
faceCenterPointX: 243
faceCenterPointY: 73
headPositionsX: [ 245, 245, 244, 241, 241, 242, 242, 242, 244, 242, 242,
    245, 240, 244, 243, 243, 241, 241, 245, 243, 241, 245, 243, 243, 245,
    242, 244, 242, 244, 241, 243, 244, 244, 242, 242, 241, 241, 241, 244,
    246, 246, 249, 252, 255, 263, 262, 263, 264, 261, 255, 252, 250, 245,
    239, 234, 231, 230, 231, 232, 234, 242, 248, 251, 258, 259, 260, 264,
    260, 257, 250, 244, 238, 232, 230, 230, 230, 226, 233, 238, 238, 247,
    247, 250, 249, 252, 251, 252, 246, 249, 248, 245, 245, 245, 246, 245,
    243, 242, 246, 244, 242 ]
headPositionsY: [ 71, 73, 73, 71, 73, 72, 70, 72, 73, 72, 70, 74, 70, 70,
    71, 72, 73, 71, 71, 73, 73, 71, 71, 72, 70, 74, 70, 73, 72, 75, 74,
    74, 73, 71, 73, 72, 71, 71, 70, 75, 73, 74, 70, 71, 68, 72, 70, 73,
    71, 72, 73, 72, 73, 71, 74, 70, 70, 73, 75, 73, 71, 74, 69, 72, 68,
    69, 69, 73, 71, 71, 72, 72, 71, 72, 72, 70, 71, 70, 72, 73, 74, 73,
    72, 71, 75, 74, 74, 71, 75, 75, 72, 74, 72, 71, 73, 75, 74, 74, 74,
    71 ]
