%YAML:1.0
---
videoName: "headShake14.mp4"
gestureLabel: 201
fps: 29
pixelSizeInCmTemp: 3.2364864864864862e-01
faceCenterPointX: 244
faceCenterPointY: 76
headPositionsX: [ 244, 245, 244, 244, 244, 243, 246, 244, 243, 245, 247,
    245, 246, 245, 243, 243, 244, 246, 246, 246, 247, 243, 242, 247, 247,
    248, 250, 253, 256, 260, 263, 263, 259, 257, 258, 250, 245, 242, 234,
    231, 225, 222, 225, 227, 230, 235, 245, 247, 252, 254, 258, 255, 253,
    252, 247, 243, 238, 236, 232, 233, 235, 233, 234, 240, 240, 245, 245,
    245, 246, 248, 248, 248, 250, 247, 246, 246, 243, 242, 240, 239, 239,
    237, 242, 241, 240, 240, 243, 242, 244, 244, 245, 247, 244, 247, 245,
    244, 242, 245, 243, 244 ]
headPositionsY: [ 76, 77, 76, 73, 77, 77, 74, 75, 77, 77, 77, 77, 78, 73,
    76, 73, 74, 76, 73, 74, 77, 74, 75, 77, 74, 76, 74, 74, 71, 74, 71,
    74, 72, 74, 76, 77, 76, 77, 77, 74, 73, 74, 76, 75, 75, 75, 76, 74,
    73, 70, 73, 73, 74, 76, 75, 73, 77, 76, 77, 76, 77, 74, 73, 75, 75,
    73, 75, 78, 77, 74, 78, 75, 76, 76, 75, 77, 75, 76, 73, 73, 73, 73,
    75, 77, 78, 78, 77, 75, 77, 76, 77, 77, 77, 75, 78, 76, 76, 76, 77,
    75 ]
