%YAML:1.0
---
videoName: "headShake7.mp4"
gestureLabel: 201
fps: 29
pixelSizeInCmTemp: 3.3263888888888887e-01
faceCenterPointX: 244
faceCenterPointY: 72
headPositionsX: [ 244, 243, 241, 245, 241, 242, 243, 242, 244, 245, 246,
    248, 252, 252, 256, 258, 258, 261, 260, 256, 250, 246, 239, 237, 231,
    232, 236, 238, 244, 254, 257, 258, 260, 257, 255, 248, 245, 239, 235,
    229, 229, 228, 231, 235, 240, 246, 248, 251, 255, 254, 253, 251, 243,
    242, 235, 232, 232, 230, 230, 234, 237, 244, 248, 252, 257, 258, 257,
    255, 255, 250, 247, 243, 237, 236, 237, 235, 233, 236, 233, 239, 237,
    240, 242, 246, 246, 246, 248, 246, 248, 246, 248, 244, 245, 244, 246,
    242, 241, 243, 243, 245 ]
headPositionsY: [ 71, 73, 71, 71, 69, 69, 69, 72, 69, 74, 73, 71, 71, 68,
    71, 70, 67, 69, 68, 69, 70, 72, 68, 68, 71, 73, 69, 69, 71, 70, 68,
    70, 67, 70, 71, 69, 72, 71, 71, 70, 72, 71, 68, 69, 69, 72, 68, 68,
    71, 71, 70, 70, 70, 71, 73, 69, 72, 69, 69, 69, 70, 70, 72, 68, 70,
    67, 68, 67, 68, 71, 70, 72, 71, 71, 71, 71, 71, 69, 72, 71, 72, 73,
    73, 74, 70, 71, 69, 70, 70, 71, 71, 71, 74, 74, 73, 74, 70, 72, 74,
    74 ]
