%YAML:1.0
---
videoName: "headShake26.mp4"
gestureLabel: 201
fps: 30
pixelSizeInCmTemp: 3.2808219178082193e-01
faceCenterPointX: 243
faceCenterPointY: 78
headPositionsX: [ 245, 238, 239, 238, 241, 245, 246, 243, 248, 247, 251,
    249, 253, 249, 252, 251, 251, 248, 246, 244, 240, 236, 237, 235, 230,
    229, 230, 228, 230, 230, 234, 235, 240, 243, 244, 245, 250, 250, 250,
    253, 253, 249, 251, 248, 243, 240, 238, 236, 234, 232, 231, 227, 227,
    230, 232, 233, 238, 237, 244, 245, 246, 252, 250, 254, 251, 254, 249,
    249, 248, 248, 243, 244, 239, 242, 238, 239, 237, 236, 235, 236, 236,
    238, 238, 240, 240, 239, 242, 242, 244, 241, 247, 243, 242, 244, 247,
    244, 242, 243, 241, 242 ]
headPositionsY: [ 80, 77, 77, 77, 78, 76, 78, 76, 80, 77, 80, 79, 75, 78,
    76, 76, 77, 78, 78, 77, 77, 76, 75, 78, 76, 77, 74, 78, 77, 76, 74,
    75, 77, 77, 79, 76, 78, 78, 78, 78, 77, 80, 77, 79, 80, 76, 77, 79,
    76, 78, 77, 76, 78, 77, 77, 79, 81, 77, 77, 76, 80, 77, 76, 78, 77,
    78, 78, 79, 80, 76, 80, 78, 80, 81, 77, 81, 76, 78, 77, 76, 80, 80,
    78, 81, 77, 76, 79, 77, 77, 79, 78, 81, 78, 79, 79, 78, 76, 79, 80,
    79 ]
