%YAML:1.0
---
videoName: "headShake5.mp4"
gestureLabel: 201
fps: 30
pixelSizeInCmTemp: 3.3263888888888887e-01
faceCenterPointX: 275
faceCenterPointY: 73
headPositionsX: [ 276, 275, 276, 279, 280, 279, 278, 278, 280, 276, 280,
    278, 277, 277, 278, 278, 280, 278, 275, 277, 277, 279, 278, 275, 279,
    275, 276, 276, 279, 275, 278, 277, 278, 280, 284, 286, 289, 295, 297,
    295, 297, 292, 290, 285, 278, 273, 264, 264, 261, 262, 270, 275, 282,
    285, 291, 292, 290, 283, 278, 276, 268, 262, 264, 263, 268, 272, 277,
    281, 281, 285, 286, 285, 282, 280, 273, 270, 266, 266, 265, 265, 269,
    271, 276, 279, 282, 280, 284, 283, 281, 280, 281, 281, 277, 274, 277,
    274, 276, 275, 274, 276 ]
headPositionsY: [ 74, 72, 71, 72, 75, 74, 72, 75, 74, 72, 72, 71, 74, 71,
    75, 72, 73, 74, 72, 71, 72, 72, 75, 75, 76, 74, 74, 71, 72, 76, 75,
    71, 71, 74, 75, 72, 70, 70, 73, 72, 71, 71, 71, 72, 72, 76, 74, 75,
    75, 71, 72, 73, 76, 75, 71, 73, 73, 76, 73, 76, 75, 75, 72, 76, 75,
    74, 76, 74, 74, 72, 75, 75, 74, 73, 72, 75, 73, 73, 73, 72, 73, 73,
    72, 71, 73, 75, 72, 70, 71, 71, 72, 75, 73, 75, 70, 74, 71, 73, 75,
    73 ]
