%YAML:1.0
---
videoName: "headShake1.mp4"
gestureLabel: 201
fps: 29
pixelSizeInCmTemp: 3.3263888888888887e-01
faceCenterPointX: 279
faceCenterPointY: 98
headPositionsX: [ 281, 281, 280, 279, 276, 278, 277, 280, 279, 280, 277,
    278, 277, 280, 278, 278, 279, 277, 277, 281, 280, 277, 279, 281, 281,
    278, 280, 281, 279, 281, 286, 286, 292, 290, 293, 292, 289, 290, 285,
    283, 280, 273, 270, 268, 268, 269, 270, 278, 282, 286, 286, 293, 293,
    289, 291, 285, 284, 278, 275, 270, 267, 267, 270, 267, 273, 277, 283,
    287, 292, 291, 290, 290, 291, 288, 284, 280, 275, 276, 274, 269, 269,
    270, 270, 271, 273, 273, 273, 276, 275, 277, 277, 278, 278, 282, 278,
    278, 280, 278, 280, 277 ]
headPositionsY: [ 98, 97, 96, 98, 95, 95, 98, 97, 97, 98, 98, 99, 98,
    100, 94, 99, 95, 97, 97, 98, 95, 98, 98, 96, 96, 97, 96, 95, 97, 97,
    97, 96, 95, 94, 96, 94, 95, 96, 94, 97, 96, 96, 97, 99, 95, 97, 97,
    98, 99, 94, 95, 93, 94, 95, 97, 97, 95, 95, 95, 94, 96, 97, 97, 95,
    95, 96, 97, 95, 98, 93, 96, 93, 94, 97, 98, 99, 97, 99, 97, 98, 98,
    97, 96, 99, 98, 97, 99, 99, 98, 97, 99, 96, 99, 97, 100, 100, 99, 98,
    98, 96 ]
