%YAML:1.0
---
videoName: "headShake24.mp4"
gestureLabel: 201
fps: 29
pixelSizeInCmTemp: 3.2808219178082193e-01
faceCenterPointX: 240
faceCenterPointY: 78
headPositionsX: [ 240, 249, 251, 251, 253, 252, 256, 254, 255, 250, 247,
    248, 243, 244, 240, 235, 237, 232, 233, 229, 229, 227, 233, 230, 231,
    237, 234, 239, 243, 242, 245, 245, 250, 250, 252, 252, 251, 246, 248,
    247, 246, 242, 240, 238, 238, 236, 233, 232, 233, 232, 237, 234, 237,
    236, 240, 242, 243, 243, 245, 244, 245, 245, 248, 249, 248, 246, 248,
    246, 244, 244, 243, 244, 243, 243, 240, 238, 237, 241, 240, 241, 237,
    239, 238, 238, 237, 237, 241, 238, 240, 241, 238, 242, 241, 240, 239,
    239, 238, 240, 241, 241 ]
headPositionsY: [ 76, 77, 75, 76, 74, 74, 77, 73, 79, 78, 76, 77, 80, 78,
    78, 78, 76, 75, 77, 79, 78, 78, 77, 78, 76, 78, 75, 75, 78, 77, 76,
    75, 77, 79, 80, 79, 80, 76, 77, 76, 76, 78, 77, 78, 76, 75, 76, 76,
    79, 77, 78, 80, 78, 80, 76, 78, 78, 78, 78, 77, 79, 78, 79, 78, 76,
    77, 79, 76, 79, 79, 77, 77, 76, 79, 79, 76, 78, 76, 79, 79, 76, 79,
    76, 77, 77, 75, 76, 77, 78, 79, 79, 80, 77, 78, 79, 79, 78, 78, 78,
    78 ]
