%YAML:1.0
---
videoName: "headShake6.mp4"
gestureLabel: 201
fps: 29
pixelSizeInCmTemp: 3.2808219178082193e-01
faceCenterPointX: 244
faceCenterPointY: 68
headPositionsX: [ 242, 243, 247, 247, 244, 246, 245, 245, 246, 245, 243,
    243, 246, 246, 244, 245, 244, 244, 246, 246, 248, 244, 245, 242, 247,
    246, 243, 245, 251, 254, 255, 257, 262, 261, 264, 261, 257, 252, 245,
    244, 238, 233, 232, 229, 231, 239, 243, 250, 255, 258, 260, 257, 257,
    254, 250, 241, 236, 236, 230, 233, 233, 234, 235, 240, 248, 247, 249,
    251, 252, 249, 244, 244, 241, 241, 239, 238, 240, 237, 239, 241, 241,
    242, 245, 242, 246, 244, 247, 246, 242, 246, 241, 243, 246, 245, 244,
    244, 243, 243, 244, 246 ]
headPositionsY: [ 67, 65, 64, 66, 68, 66, 66, 64, 65, 67, 64, 65, 63, 68,
    65, 63, 67, 67, 68, 64, 65, 67, 66, 64, 70, 68, 66, 68, 67, 65, 65,
    67, 66, 66, 67, 67, 66, 68, 67, 68, 67, 66, 67, 65, 67, 69, 68, 70,
    68, 68, 69, 69, 69, 67, 69, 68, 68, 69, 68, 66, 66, 69, 68, 69, 67,
    66, 66, 68, 66, 68, 69, 67, 69, 69, 67, 70, 68, 65, 68, 69, 68, 69,
    68, 70, 69, 69, 70, 70, 68, 70, 68, 71, 70, 67, 67, 66, 70, 67, 66,
    67 ]
