%YAML:1.0
---
videoName: "headShake39.mp4"
gestureLabel: 201
fps: 29
pixelSizeInCmTemp: 3.1933333333333330e-01
faceCenterPointX: 263
faceCenterPointY: 83
headPositionsX: [ 265, 261, 259, 261, 260, 262, 264, 262, 263, 259, 262,
    262, 261, 259, 261, 259, 258, 258, 261, 260, 258, 258, 255, 253, 250,
    251, 249, 245, 241, 244, 241, 244, 249, 252, 258, 260, 268, 273, 276,
    283, 283, 280, 274, 270, 265, 257, 255, 250, 245, 247, 246, 249, 253,
    255, 259, 269, 272, 275, 279, 280, 278, 272, 270, 266, 259, 253, 249,
    247, 251, 248, 249, 249, 255, 252, 257, 257, 261, 261, 265, 265, 265,
    266, 267, 264, 268, 265, 268, 268, 266, 267, 262, 265, 262, 261, 261,
    265, 260, 264, 265, 264 ]
headPositionsY: [ 83, 81, 84, 82, 82, 82, 83, 82, 84, 80, 81, 84, 83, 83,
    81, 81, 85, 85, 83, 81, 82, 83, 82, 81, 81, 85, 84, 80, 80, 81, 83,
    84, 82, 81, 84, 83, 83, 80, 78, 77, 80, 79, 83, 83, 82, 83, 83, 84,
    85, 82, 82, 82, 85, 81, 81, 85, 83, 81, 79, 79, 80, 80, 85, 81, 83,
    82, 78, 79, 80, 81, 80, 81, 80, 80, 81, 83, 82, 81, 83, 80, 83, 83,
    84, 83, 84, 83, 84, 81, 82, 82, 82, 81, 82, 81, 83, 84, 83, 82, 85,
    83 ]
