%YAML:1.0
---
videoName: "headShake12.mp4"
gestureLabel: 201
fps: 29
pixelSizeInCmTemp: 3.2808219178082193e-01
faceCenterPointX: 241
faceCenterPointY: 76
headPositionsX: [ 239, 241, 239, 240, 241, 243, 240, 241, 240, 243, 245,
    242, 243, 242, 243, 243, 244, 242, 243, 241, 243, 243, 244, 242, 242,
    242, 242, 240, 243, 241, 241, 244, 244, 242, 243, 243, 241, 239, 240,
    243, 240, 240, 242, 242, 243, 243, 240, 243, 242, 240, 242, 244, 242,
    240, 242, 239, 242, 242, 243, 245, 249, 252, 253, 255, 260, 257, 258,
    254, 250, 240, 236, 231, 231, 234, 237, 242, 247, 247, 252, 255, 252,
    249, 246, 244, 242, 242, 234, 236, 236, 236, 237, 237, 241, 241, 239,
    238, 241, 239, 239, 241 ]
headPositionsY: [ 75, 70, 73, 70, 75, 74, 75, 75, 72, 75, 74, 75, 75, 73,
    75, 71, 74, 73, 72, 74, 74, 73, 76, 74, 73, 73, 75, 74, 76, 75, 76,
    74, 76, 73, 73, 75, 76, 74, 74, 72, 74, 75, 73, 76, 74, 72, 76, 72,
    73, 75, 76, 74, 72, 76, 75, 74, 72, 73, 73, 73, 74, 74, 73, 73, 75,
    71, 73, 75, 75, 75, 77, 74, 78, 77, 77, 76, 74, 74, 74, 74, 73, 76,
    78, 75, 77, 77, 76, 75, 76, 77, 78, 76, 76, 74, 77, 78, 75, 75, 78,
    76 ]
