%YAML:1.0
---
videoName: "headShake18.mp4"
gestureLabel: 201
fps: 30
pixelSizeInCmTemp: 3.2808219178082193e-01
faceCenterPointX: 240
faceCenterPointY: 77
headPositionsX: [ 242, 240, 242, 240, 240, 243, 241, 239, 242, 244, 242,
    238, 242, 242, 241, 241, 240, 240, 242, 242, 240, 243, 241, 240, 240,
    242, 241, 241, 242, 238, 240, 237, 237, 241, 240, 240, 242, 245, 247,
    253, 250, 254, 248, 252, 246, 242, 240, 237, 231, 230, 231, 229, 237,
    241, 243, 245, 249, 249, 247, 246, 246, 240, 240, 235, 231, 236, 235,
    237, 238, 242, 241, 245, 247, 247, 243, 244, 240, 236, 235, 237, 236,
    237, 238, 239, 240, 240, 240, 245, 243, 244, 244, 242, 241, 240, 242,
    239, 239, 238, 241, 241 ]
headPositionsY: [ 77, 75, 78, 77, 78, 77, 75, 77, 74, 78, 73, 78, 77, 78,
    78, 74, 75, 76, 77, 78, 77, 78, 77, 78, 77, 76, 74, 76, 75, 78, 75,
    74, 79, 77, 78, 74, 76, 75, 76, 75, 75, 73, 76, 76, 75, 75, 76, 79,
    75, 76, 75, 77, 79, 77, 74, 78, 77, 78, 76, 77, 77, 75, 78, 78, 77,
    78, 76, 74, 75, 78, 78, 77, 79, 76, 77, 75, 78, 75, 79, 74, 77, 75,
    78, 78, 76, 76, 79, 78, 76, 80, 76, 77, 77, 77, 77, 77, 75, 76, 75,
    76 ]
