%YAML:1.0
---
videoName: "headShake7.mp4"
gestureLabel: 201
fps: 29
pixelSizeInCmTemp: 3.3263888888888887e-01
faceCenterPointX: 244
faceCenterPointY: 72
headPositionsX: [ 242, 241, 244, 242, 245, 245, 242, 243, 240, 245, 247,
    249, 252, 255, 257, 258, 260, 260, 256, 255, 250, 247, 238, 235, 231,
    232, 236, 241, 246, 251, 255, 259, 259, 256, 257, 249, 244, 238, 235,
    228, 229, 230, 231, 235, 241, 247, 250, 255, 254, 255, 255, 247, 245,
    244, 237, 234, 232, 227, 231, 233, 238, 244, 247, 252, 255, 256, 257,
    254, 251, 250, 248, 245, 238, 236, 236, 234, 233, 234, 236, 240, 237,
    242, 244, 246, 243, 246, 245, 247, 245, 245, 246, 245, 245, 247, 244,
    246, 245, 243, 243, 241 ]
headPositionsY: [ 71, 69, 73, 70, 69, 71, 69, 72, 69, 73, 70, 69, 69, 67,
    70, 66, 67, 66, 69, 68, 69, 71, 70, 71, 73, 73, 72, 73, 73, 71, 67,
    68, 68, 68, 72, 68, 73, 69, 69, 68, 70, 69, 69, 71, 70, 70, 71, 68,
    71, 69, 72, 69, 70, 71, 69, 72, 73, 71, 71, 72, 70, 70, 69, 68, 71,
    70, 71, 70, 69, 72, 70, 72, 70, 68, 72, 72, 73, 69, 69, 72, 69, 73,
    71, 71, 71, 73, 69, 70, 71, 71, 71, 69, 72, 72, 74, 71, 73, 73, 71,
    70 ]
