%YAML:1.0
---
videoName: "headShake3.mp4"
gestureLabel: 201
fps: 30
pixelSizeInCmTemp: 3.3263888888888887e-01
faceCenterPointX: 240
faceCenterPointY: 101
headPositionsX: [ 239, 240, 243, 241, 240, 243, 242, 242, 243, 242, 240,
    239, 240, 239, 243, 241, 240, 241, 243, 243, 239, 242, 240, 239, 239,
    239, 240, 243, 240, 239, 238, 238, 241, 242, 247, 249, 254, 255, 257,
    258, 257, 250, 250, 244, 237, 231, 231, 227, 229, 229, 235, 237, 242,
    250, 252, 249, 247, 246, 244, 236, 235, 227, 224, 224, 225, 227, 229,
    236, 239, 242, 246, 246, 244, 243, 242, 243, 239, 236, 236, 232, 233,
    233, 236, 233, 234, 236, 237, 237, 238, 238, 238, 239, 239, 242, 242,
    239, 240, 242, 243, 239 ]
headPositionsY: [ 101, 97, 97, 100, 99, 98, 100, 97, 100, 96, 98, 99, 97,
    96, 101, 98, 97, 101, 100, 101, 98, 98, 100, 100, 99, 100, 100, 98,
    96, 101, 96, 97, 99, 100, 99, 98, 99, 98, 100, 99, 96, 100, 97, 97,
    99, 97, 98, 100, 99, 99, 97, 98, 97, 99, 97, 97, 100, 96, 99, 97, 97,
    100, 100, 97, 97, 98, 99, 98, 99, 100, 101, 98, 99, 101, 98, 100, 98,
    99, 98, 102, 98, 97, 101, 101, 99, 101, 99, 99, 98, 102, 103, 100,
    101, 98, 99, 102, 100, 102, 99, 99 ]
