%YAML:1.0
---
videoName: "headShake0.mp4"
gestureLabel: 201
fps: 29
pixelSizeInCmTemp: 3.2808219178082193e-01
faceCenterPointX: 279
faceCenterPointY: 94
headPositionsX: [ 279, 277, 279, 280, 281, 280, 282, 278, 279, 278, 278,
    277, 279, 280, 276, 280, 279, 277, 278, 277, 277, 279, 281, 279, 277,
    281, 281, 277, 279, 281, 278, 281, 280, 278, 278, 279, 277, 280, 278,
    281, 279, 279, 283, 286, 293, 297, 299, 301, 301, 301, 295, 293, 288,
    281, 279, 274, 273, 275, 272, 275, 280, 287, 291, 290, 289, 287, 286,
    284, 276, 276, 271, 273, 274, 278, 277, 281, 284, 284, 286, 283, 279,
    279, 278, 278, 277, 275, 277, 276, 277, 276, 278, 279, 280, 280, 277,
    277, 278, 278, 279, 281 ]
headPositionsY: [ 93, 93, 93, 94, 95, 94, 95, 95, 93, 94, 94, 92, 95, 95,
    95, 94, 95, 91, 91, 92, 93, 93, 93, 94, 93, 91, 94, 91, 93, 93, 93,
    94, 91, 94, 93, 95, 95, 95, 91, 95, 93, 95, 89, 92, 92, 92, 90, 92,
    91, 89, 91, 92, 92, 95, 91, 92, 94, 93, 93, 91, 94, 90, 91, 91, 92,
    91, 94, 94, 95, 92, 93, 94, 94, 94, 92, 95, 91, 93, 92, 95, 96, 95,
    93, 93, 95, 91, 96, 94, 94, 94, 96, 97, 94, 94, 97, 96, 94, 93, 92,
    95 ]
