%YAML:1.0
---
videoName: "headShake30.mp4"
gestureLabel: 201
fps: 29
pixelSizeInCmTemp: 3.2808219178082193e-01
faceCenterPointX: 240
faceCenterPointY: 68
headPositionsX: [ 239, 231, 233, 232, 232, 233, 235, 233, 232, 236, 236,
    236, 239, 238, 241, 242, 239, 243, 243, 244, 243, 242, 244, 245, 243,
    240, 241, 241, 242, 242, 241, 238, 238, 238, 241, 238, 237, 241, 245,
    246, 251, 254, 255, 259, 261, 262, 260, 253, 251, 243, 240, 228, 228,
    223, 224, 224, 230, 235, 242, 246, 248, 250, 251, 253, 248, 242, 238,
    232, 226, 228, 228, 226, 231, 239, 241, 245, 249, 248, 250, 250, 246,
    244, 243, 238, 238, 237, 235, 238, 235, 237, 239, 241, 238, 243, 238,
    241, 238, 239, 241, 240 ]
headPositionsY: [ 69, 53, 54, 57, 60, 59, 59, 60, 62, 61, 64, 62, 62, 67,
    63, 66, 65, 65, 67, 65, 67, 66, 66, 65, 68, 63, 67, 68, 68, 63, 65,
    65, 66, 65, 68, 64, 68, 65, 65, 68, 67, 65, 63, 66, 63, 63, 66, 64,
    67, 69, 67, 67, 66, 70, 66, 69, 67, 70, 68, 69, 65, 68, 68, 69, 71,
    70, 67, 69, 69, 69, 70, 71, 69, 67, 70, 66, 68, 67, 69, 67, 66, 66,
    67, 66, 67, 68, 68, 67, 68, 65, 66, 70, 68, 70, 70, 66, 69, 67, 69,
    67 ]
