%YAML:1.0
---
videoName: "headShake24.mp4"
gestureLabel: 201
fps: 29
pixelSizeInCmTemp: 3.2808219178082193e-01
faceCenterPointX: 240
faceCenterPointY: 78
headPositionsX: [ 241, 249, 251, 252, 251, 255, 255, 254, 252, 250, 250,
    246, 242, 245, 240, 237, 234, 233, 233, 231, 229, 227, 230, 232, 231,
    234, 234, 240, 241, 243, 244, 249, 251, 250, 252, 249, 248, 250, 248,
    247, 244, 241, 242, 241, 238, 237, 234, 232, 234, 233, 233, 232, 237,
    238, 236, 239, 241, 241, 243, 246, 245, 246, 245, 249, 247, 246, 250,
    245, 246, 245, 243, 242, 244, 241, 239, 241, 237, 238, 239, 239, 240,
    238, 239, 241, 237, 240, 240, 240, 240, 239, 240, 239, 240, 238, 240,
    237, 242, 239, 242, 242 ]
headPositionsY: [ 80, 75, 76, 73, 75, 75, 74, 74, 79, 79, 75, 75, 76, 80,
    80, 76, 77, 77, 77, 77, 75, 75, 78, 80, 77, 79, 76, 78, 78, 77, 76,
    78, 79, 77, 76, 79, 76, 79, 76, 78, 79, 77, 76, 80, 76, 79, 75, 79,
    79, 76, 80, 78, 75, 77, 77, 79, 78, 77, 78, 78, 79, 78, 78, 78, 76,
    78, 77, 77, 79, 80, 79, 78, 75, 78, 78, 75, 80, 77, 75, 77, 79, 75,
    79, 80, 80, 77, 76, 79, 76, 76, 77, 78, 79, 80, 79, 78, 76, 76, 79,
    77 ]
