%YAML:1.0
---
videoName: "headShake16.mp4"
gestureLabel: 201
fps: 29
pixelSizeInCmTemp: 3.2364864864864862e-01
faceCenterPointX: 242
faceCenterPointY: 77
headPositionsX: [ 243, 244, 243, 245, 241, 246, 244, 244, 244, 244, 243,
    244, 243, 246, 245, 242, 241, 246, 241, 244, 242, 241, 244, 242, 243,
    242, 240, 241, 243, 245, 242, 245, 241, 240, 242, 242, 243, 242, 248,
    250, 250, 255, 255, 253, 255, 249, 247, 246, 240, 239, 235, 236, 234,
    235, 238, 241, 245, 247, 247, 251, 250, 246, 245, 244, 240, 241, 235,
    234, 233, 234, 233, 239, 238, 242, 242, 245, 242, 244, 242, 243, 245,
    240, 241, 239, 241, 240, 238, 237, 240, 242, 239, 242, 242, 240, 243,
    240, 241, 242, 244, 241 ]
headPositionsY: [ 75, 74, 77, 75, 76, 75, 75, 76, 73, 78, 77, 75, 78, 75,
    75, 76, 73, 76, 76, 75, 78, 74, 76, 77, 77, 76, 77, 77, 73, 78, 74,
    76, 77, 78, 76, 77, 77, 75, 76, 77, 78, 75, 74, 76, 75, 73, 77, 77,
    79, 74, 79, 79, 78, 76, 79, 79, 75, 78, 74, 78, 75, 75, 78, 76, 77,
    76, 75, 75, 76, 78, 77, 76, 74, 78, 79, 78, 77, 75, 79, 74, 79, 75,
    77, 79, 76, 75, 78, 77, 75, 75, 74, 77, 78, 78, 79, 77, 74, 75, 74,
    79 ]
