%YAML:1.0
---
videoName: "headShake4.mp4"
gestureLabel: 201
fps: 30
pixelSizeInCmTemp: 3.2364864864864862e-01
faceCenterPointX: 237
faceCenterPointY: 101
headPositionsX: [ 238, 241, 246, 247, 250, 253, 254, 255, 253, 247, 242,
    238, 231, 229, 227, 222, 224, 230, 238, 244, 247, 250, 252, 251, 248,
    247, 240, 235, 230, 224, 224, 222, 223, 228, 232, 240, 248, 248, 256,
    256, 255, 253, 248, 246, 239, 229, 229, 223, 222, 224, 225, 231, 231,
    236, 243, 248, 247, 247, 249, 249, 247, 242, 243, 239, 232, 230, 232,
    229, 231, 233, 232, 236, 235, 236, 237, 242, 239, 242, 243, 239, 243,
    238, 239, 241, 239, 237, 238, 237, 236, 236, 236, 235, 236, 238, 239,
    237, 238, 237, 239, 236 ]
headPositionsY: [ 103, 101, 100, 97, 101, 96, 96, 99, 98, 97, 98, 99, 98,
    97, 99, 96, 95, 101, 99, 101, 96, 98, 97, 100, 98, 102, 101, 99, 99,
    97, 96, 98, 100, 100, 101, 102, 98, 101, 96, 97, 99, 99, 100, 100,
    101, 97, 99, 100, 100, 97, 98, 100, 101, 102, 100, 101, 101, 101, 99,
    98, 98, 100, 102, 99, 100, 98, 100, 98, 97, 100, 99, 98, 98, 99, 98,
    99, 101, 100, 102, 100, 100, 100, 103, 101, 101, 99, 101, 102, 98,
    103, 97, 100, 98, 100, 98, 101, 98, 102, 101, 99 ]
