%YAML:1.0
---
videoName: "headShake39.mp4"
gestureLabel: 201
fps: 29
pixelSizeInCmTemp: 3.1933333333333330e-01
faceCenterPointX: 263
faceCenterPointY: 83
headPositionsX: [ 264, 260, 261, 262, 259, 260, 262, 260, 260, 263, 262,
    263, 259, 263, 261, 262, 262, 261, 259, 257, 258, 259, 255, 253, 253,
    251, 250, 244, 241, 242, 241, 245, 248, 252, 255, 259, 265, 270, 278,
    280, 283, 281, 277, 270, 262, 261, 255, 249, 248, 245, 246, 250, 254,
    258, 259, 269, 274, 274, 279, 281, 279, 275, 267, 263, 257, 253, 250,
    250, 247, 250, 253, 252, 252, 253, 256, 259, 263, 261, 263, 265, 267,
    267, 267, 264, 265, 268, 266, 266, 266, 263, 266, 263, 265, 265, 264,
    262, 260, 261, 262, 261 ]
headPositionsY: [ 83, 82, 83, 81, 85, 83, 85, 85, 82, 80, 82, 82, 84, 85,
    84, 85, 81, 82, 84, 83, 83, 85, 83, 83, 83, 83, 81, 83, 81, 83, 83,
    80, 80, 80, 82, 84, 83, 81, 81, 80, 79, 80, 80, 82, 85, 83, 82, 81,
    82, 84, 84, 85, 84, 84, 82, 82, 84, 81, 82, 81, 83, 80, 83, 82, 82,
    84, 79, 78, 78, 81, 81, 82, 82, 81, 84, 81, 84, 81, 82, 81, 82, 83,
    81, 80, 83, 83, 83, 83, 82, 84, 82, 84, 85, 81, 85, 82, 83, 84, 84,
    82 ]
