%YAML:1.0
---
videoName: "headShake10.mp4"
gestureLabel: 201
fps: 29
pixelSizeInCmTemp: 3.3732394366197183e-01
faceCenterPointX: 240
faceCenterPointY: 74
headPositionsX: [ 238, 248, 244, 247, 243, 245, 245, 244, 246, 245, 244,
    246, 247, 244, 247, 244, 245, 245, 248, 248, 246, 247, 245, 246, 248,
    245, 247, 248, 244, 244, 245, 247, 248, 245, 244, 247, 244, 246, 248,
    245, 247, 244, 245, 244, 246, 244, 246, 245, 246, 245, 248, 249, 248,
    252, 254, 257, 261, 262, 260, 258, 257, 251, 249, 245, 237, 235, 233,
    229, 230, 232, 238, 241, 244, 250, 254, 254, 255, 255, 254, 253, 249,
    247, 246, 245, 241, 241, 239, 241, 238, 240, 241, 238, 242, 242, 239,
    242, 241, 239, 242, 240 ]
headPositionsY: [ 72, 74, 72, 75, 74, 71, 72, 71, 73, 72, 72, 72, 72, 72,
    71, 73, 75, 75, 71, 72, 74, 71, 72, 71, 74, 74, 73, 74, 74, 72, 74,
    73, 75, 71, 72, 75, 75, 72, 73, 73, 71, 71, 75, 73, 74, 73, 72, 72,
    74, 73, 71, 73, 70, 72, 72, 70, 70, 70, 69, 74, 72, 71, 77, 75, 71,
    76, 74, 74, 75, 74, 74, 73, 74, 71, 75, 75, 74, 72, 75, 74, 74, 77,
    75, 73, 75, 76, 75, 78, 73, 76, 73, 75, 75, 75, 74, 75, 73, 75, 74,
    78 ]
