%YAML:1.0
---
videoName: "headShake3.mp4"
gestureLabel: 201
fps: 30
pixelSizeInCmTemp: 3.3263888888888887e-01
faceCenterPointX: 240
faceCenterPointY: 101
headPositionsX: [ 240, 244, 242, 243, 243, 243, 240, 239, 242, 239, 239,
    242, 239, 242, 244, 241, 241, 244, 243, 241, 239, 239, 241, 241, 242,
    242, 242, 241, 240, 238, 240, 241, 242, 240, 248, 248, 253, 255, 254,
    256, 255, 250, 250, 243, 239, 231, 230, 229, 229, 232, 231, 239, 241,
    247, 252, 251, 247, 248, 244, 238, 233, 230, 227, 225, 226, 229, 233,
    232, 240, 241, 247, 245, 246, 246, 246, 240, 242, 235, 237, 234, 234,
    233, 233, 232, 232, 238, 236, 237, 238, 240, 240, 240, 239, 243, 240,
    240, 240, 239, 242, 238 ]
headPositionsY: [ 101, 98, 97, 98, 100, 99, 101, 100, 98, 97, 98, 97,
    100, 99, 101, 101, 101, 97, 97, 100, 97, 98, 100, 99, 100, 101, 101,
    99, 98, 101, 100, 101, 101, 98, 98, 99, 97, 97, 98, 100, 100, 97,
    101, 100, 101, 101, 101, 98, 96, 101, 99, 101, 99, 96, 99, 97, 100,
    96, 99, 98, 100, 98, 98, 99, 96, 100, 96, 97, 100, 101, 100, 101, 96,
    98, 98, 99, 97, 98, 99, 101, 99, 97, 100, 100, 102, 98, 101, 101,
    101, 99, 102, 102, 102, 102, 99, 101, 101, 101, 99, 99 ]
