%YAML:1.0
---
videoName: "headShake31.mp4"
gestureLabel: 201
fps: 29
pixelSizeInCmTemp: 3.2808219178082193e-01
faceCenterPointX: 236
faceCenterPointY: 68
headPositionsX: [ 234, 238, 236, 236, 239, 236, 239, 239, 239, 236, 239,
    235, 238, 236, 237, 238, 235, 237, 238, 238, 235, 236, 237, 238, 236,
    238, 236, 239, 235, 239, 239, 236, 239, 238, 233, 234, 234, 239, 243,
    247, 248, 253, 252, 250, 251, 251, 243, 241, 230, 224, 220, 220, 220,
    224, 227, 234, 241, 242, 245, 249, 244, 243, 241, 238, 233, 233, 226,
    228, 227, 233, 234, 234, 239, 241, 244, 244, 243, 243, 242, 240, 238,
    235, 236, 237, 236, 237, 233, 237, 234, 237, 236, 236, 237, 235, 237,
    238, 235, 235, 238, 234 ]
headPositionsY: [ 67, 67, 67, 65, 69, 66, 67, 69, 66, 66, 67, 67, 66, 67,
    69, 65, 68, 68, 69, 68, 68, 66, 69, 68, 67, 66, 68, 66, 67, 69, 68,
    66, 68, 66, 67, 66, 69, 65, 66, 65, 67, 67, 68, 68, 68, 68, 67, 68,
    69, 67, 66, 66, 66, 72, 70, 68, 71, 70, 71, 67, 69, 70, 69, 71, 67,
    69, 68, 68, 67, 71, 69, 69, 67, 69, 71, 66, 66, 69, 67, 70, 67, 70,
    68, 68, 67, 68, 67, 71, 70, 70, 67, 67, 68, 68, 70, 71, 68, 71, 70,
    71 ]
