%YAML:1.0
---
videoName: "headShake4.mp4"
gestureLabel: 201
fps: 30
pixelSizeInCmTemp: 3.2364864864864862e-01
faceCenterPointX: 237
faceCenterPointY: 101
headPositionsX: [ 237, 243, 245, 247, 253, 253, 255, 253, 251, 249, 242,
    239, 231, 227, 227, 225, 228, 229, 237, 240, 248, 249, 253, 249, 249,
    246, 242, 233, 231, 222, 223, 226, 225, 229, 232, 241, 248, 252, 254,
    255, 257, 254, 245, 243, 238, 229, 230, 223, 223, 224, 229, 231, 235,
    239, 241, 247, 246, 246, 247, 249, 248, 243, 242, 236, 232, 233, 231,
    230, 227, 230, 234, 236, 234, 235, 240, 239, 243, 244, 240, 243, 239,
    238, 238, 238, 240, 237, 237, 236, 236, 238, 237, 236, 236, 236, 236,
    237, 235, 238, 237, 237 ]
headPositionsY: [ 100, 100, 96, 100, 97, 99, 98, 97, 97, 101, 101, 101,
    100, 99, 99, 96, 96, 97, 99, 98, 99, 100, 98, 99, 99, 99, 102, 98,
    98, 100, 96, 101, 97, 98, 102, 102, 99, 101, 97, 97, 100, 99, 98,
    103, 102, 99, 101, 103, 100, 100, 98, 102, 102, 103, 103, 100, 99,
    102, 100, 99, 102, 101, 101, 102, 102, 99, 99, 99, 97, 99, 99, 97,
    100, 102, 101, 100, 102, 101, 102, 103, 99, 99, 102, 98, 99, 100,
    101, 102, 102, 99, 97, 100, 99, 99, 99, 99, 98, 100, 101, 100 ]
