%YAML:1.0
---
videoName: "headShake34.mp4"
gestureLabel: 201
fps: 29
pixelSizeInCmTemp: 3.2364864864864862e-01
faceCenterPointX: 263
faceCenterPointY: 83
headPositionsX: [ 263, 265, 263, 263, 265, 264, 263, 263, 262, 264, 262,
    264, 266, 263, 263, 265, 263, 266, 262, 263, 264, 266, 265, 263, 264,
    262, 264, 263, 265, 262, 264, 264, 266, 266, 265, 265, 266, 268, 269,
    270, 270, 275, 275, 275, 276, 280, 278, 277, 279, 275, 271, 268, 262,
    261, 256, 254, 253, 255, 254, 257, 257, 261, 263, 268, 271, 268, 270,
    270, 267, 263, 256, 255, 254, 254, 256, 259, 256, 259, 262, 265, 265,
    265, 266, 265, 266, 268, 265, 266, 263, 264, 264, 265, 263, 262, 265,
    261, 264, 265, 262, 261 ]
headPositionsY: [ 83, 83, 84, 81, 82, 82, 83, 81, 84, 86, 84, 81, 81, 81,
    85, 82, 81, 84, 83, 82, 82, 85, 85, 84, 82, 84, 83, 82, 86, 82, 85,
    84, 83, 82, 86, 81, 83, 84, 85, 82, 84, 80, 81, 80, 80, 79, 83, 81,
    82, 81, 80, 83, 81, 82, 80, 79, 79, 83, 83, 81, 85, 81, 81, 81, 81,
    80, 85, 84, 83, 85, 85, 81, 84, 84, 85, 84, 83, 85, 84, 82, 82, 86,
    82, 82, 84, 84, 85, 83, 82, 82, 84, 81, 82, 83, 84, 84, 82, 81, 83,
    85 ]
