%YAML:1.0
---
videoName: "headShake30.mp4"
gestureLabel: 201
fps: 29
pixelSizeInCmTemp: 3.2808219178082193e-01
faceCenterPointX: 240
faceCenterPointY: 68
headPositionsX: [ 239, 233, 231, 233, 233, 231, 235, 231, 236, 233, 235,
    234, 235, 237, 240, 238, 241, 240, 241, 244, 242, 242, 244, 242, 243,
    242, 240, 241, 242, 242, 240, 240, 239, 240, 240, 241, 237, 242, 243,
    249, 252, 253, 259, 256, 257, 260, 260, 255, 249, 242, 240, 230, 225,
    222, 221, 225, 230, 235, 241, 247, 251, 250, 252, 252, 247, 243, 236,
    231, 230, 225, 227, 226, 233, 235, 240, 243, 247, 252, 251, 251, 248,
    243, 242, 236, 238, 234, 239, 238, 236, 240, 238, 239, 242, 243, 242,
    241, 239, 242, 241, 239 ]
headPositionsY: [ 67, 54, 57, 57, 57, 57, 59, 61, 62, 61, 62, 65, 66, 63,
    64, 66, 64, 66, 68, 64, 63, 65, 63, 64, 67, 67, 65, 65, 64, 63, 63,
    64, 68, 67, 67, 67, 67, 65, 67, 64, 64, 65, 65, 64, 64, 64, 65, 65,
    66, 65, 66, 67, 66, 69, 66, 67, 68, 67, 70, 68, 66, 66, 64, 67, 68,
    71, 67, 66, 67, 68, 68, 70, 67, 67, 68, 66, 64, 68, 67, 66, 67, 66,
    66, 66, 66, 69, 70, 67, 68, 66, 66, 66, 70, 69, 67, 66, 70, 66, 68,
    70 ]
