%YAML:1.0
---
videoName: "headShake35.mp4"
gestureLabel: 201
fps: 29
pixelSizeInCmTemp: 3.2364864864864862e-01
faceCenterPointX: 267
faceCenterPointY: 82
headPositionsX: [ 265, 266, 265, 268, 267, 268, 268, 265, 267, 268, 267,
    269, 267, 270, 270, 268, 269, 267, 268, 267, 269, 265, 270, 266, 267,
    268, 269, 268, 268, 267, 267, 266, 267, 270, 268, 269, 269, 270, 267,
    267, 267, 266, 266, 268, 267, 268, 267, 267, 265, 266, 266, 266, 266,
    269, 265, 270, 268, 266, 266, 265, 269, 266, 270, 271, 272, 275, 277,
    278, 279, 279, 276, 270, 268, 262, 259, 256, 262, 261, 265, 272, 272,
    275, 272, 275, 272, 266, 266, 262, 263, 260, 262, 263, 264, 265, 266,
    265, 265, 266, 265, 268 ]
headPositionsY: [ 81, 77, 82, 79, 82, 80, 80, 81, 82, 81, 82, 79, 78, 81,
    78, 80, 79, 81, 79, 80, 79, 80, 78, 80, 78, 80, 81, 79, 80, 81, 81,
    77, 81, 81, 80, 79, 82, 80, 82, 82, 80, 81, 80, 82, 79, 82, 81, 80,
    80, 80, 80, 78, 79, 80, 81, 81, 79, 81, 79, 78, 82, 83, 80, 79, 80,
    80, 79, 82, 78, 79, 79, 83, 80, 80, 81, 80, 83, 80, 81, 81, 80, 80,
    82, 81, 82, 82, 79, 79, 80, 82, 79, 79, 82, 81, 79, 80, 82, 81, 79,
    84 ]
