%YAML:1.0
---
videoName: "headShake40.mp4"
gestureLabel: 201
fps: 29
pixelSizeInCmTemp: 3.2808219178082193e-01
faceCenterPointX: 261
faceCenterPointY: 86
headPositionsX: [ 263, 262, 259, 263, 263, 259, 262, 260, 261, 259, 261,
    262, 263, 259, 260, 259, 261, 263, 263, 259, 260, 260, 259, 261, 260,
    257, 263, 258, 260, 258, 258, 254, 253, 251, 253, 253, 254, 261, 264,
    270, 271, 279, 279, 277, 277, 276, 271, 267, 258, 253, 251, 246, 244,
    248, 250, 253, 255, 260, 266, 266, 272, 270, 270, 268, 269, 261, 261,
    259, 258, 256, 259, 256, 257, 262, 262, 267, 265, 269, 267, 265, 264,
    266, 264, 261, 257, 260, 255, 257, 257, 256, 257, 260, 260, 257, 261,
    258, 262, 261, 263, 262 ]
headPositionsY: [ 85, 83, 84, 84, 84, 85, 82, 84, 82, 84, 85, 84, 84, 84,
    82, 85, 85, 84, 84, 84, 85, 81, 83, 84, 83, 85, 82, 85, 85, 83, 81,
    83, 86, 81, 85, 84, 82, 86, 82, 81, 83, 80, 79, 79, 80, 83, 85, 83,
    82, 82, 82, 83, 81, 84, 81, 81, 85, 85, 81, 81, 84, 82, 82, 81, 82,
    84, 81, 83, 84, 84, 85, 83, 84, 83, 80, 82, 82, 81, 84, 84, 83, 82,
    82, 86, 85, 84, 86, 86, 86, 86, 86, 86, 85, 85, 84, 87, 88, 87, 86,
    85 ]
