%YAML:1.0
---
videoName: "headShake45.mp4"
gestureLabel: 201
fps: 30
pixelSizeInCmTemp: 3.3263888888888887e-01
faceCenterPointX: 262
faceCenterPointY: 84
headPositionsX: [ 264, 264, 260, 263, 261, 265, 265, 260, 263, 265, 262,
    264, 263, 261, 260, 261, 264, 263, 264, 261, 260, 260, 263, 260, 264,
    260, 262, 262, 263, 262, 261, 261, 261, 260, 263, 261, 261, 258, 258,
    255, 255, 258, 260, 265, 270, 273, 277, 280, 278, 279, 271, 268, 262,
    256, 252, 254, 259, 264, 268, 271, 273, 272, 273, 267, 263, 260, 257,
    257, 255, 262, 266, 270, 270, 272, 270, 266, 263, 258, 259, 258, 256,
    256, 260, 260, 263, 264, 264, 261, 259, 257, 258, 263, 261, 260, 262,
    264, 265, 262, 261, 262 ]
headPositionsY: [ 82, 81, 80, 80, 82, 79, 81, 81, 84, 81, 82, 83, 81, 83,
    82, 82, 80, 81, 83, 84, 80, 82, 81, 80, 84, 84, 80, 82, 82, 84, 83,
    84, 84, 84, 82, 80, 82, 84, 83, 81, 80, 84, 83, 82, 83, 81, 80, 78,
    79, 80, 83, 81, 84, 82, 81, 85, 81, 82, 84, 82, 81, 82, 81, 84, 81,
    81, 83, 82, 82, 81, 82, 81, 83, 82, 82, 81, 84, 84, 83, 82, 82, 80,
    82, 82, 84, 83, 80, 84, 82, 83, 83, 81, 81, 83, 84, 82, 83, 85, 85,
    84 ]
