%YAML:1.0
---
videoName: "headShake16.mp4"
gestureLabel: 201
fps: 29
pixelSizeInCmTemp: 3.2364864864864862e-01
faceCenterPointX: 242
faceCenterPointY: 77
headPositionsX: [ 240, 243, 242, 244, 242, 245, 244, 242, 245, 245, 244,
    244, 242, 242, 243, 245, 242, 244, 243, 244, 244, 243, 242, 241, 240,
    243, 242, 241, 242, 244, 243, 243, 240, 244, 241, 243, 241, 243, 248,
    250, 251, 252, 256, 252, 255, 250, 249, 244, 239, 236, 238, 234, 234,
    237, 241, 241, 244, 247, 247, 251, 250, 250, 247, 241, 239, 237, 237,
    234, 232, 233, 236, 236, 237, 238, 241, 241, 243, 245, 245, 242, 244,
    243, 240, 239, 237, 238, 240, 241, 238, 240, 239, 243, 242, 240, 243,
    240, 241, 241, 241, 242 ]
headPositionsY: [ 79, 74, 74, 76, 76, 75, 74, 75, 76, 76, 74, 74, 74, 74,
    77, 77, 74, 78, 74, 78, 78, 75, 74, 76, 77, 74, 75, 77, 76, 76, 74,
    76, 74, 77, 73, 76, 76, 77, 78, 74, 74, 75, 75, 73, 76, 76, 78, 77,
    78, 76, 77, 79, 75, 78, 76, 79, 77, 78, 77, 76, 76, 78, 78, 77, 76,
    76, 75, 76, 75, 79, 75, 75, 75, 77, 78, 77, 74, 76, 75, 77, 80, 75,
    75, 75, 78, 77, 77, 76, 77, 75, 77, 78, 76, 75, 76, 74, 78, 75, 78,
    77 ]
