%YAML:1.0
---
videoName: "headShake21.mp4"
gestureLabel: 201
fps: 29
pixelSizeInCmTemp: 3.1933333333333330e-01
faceCenterPointX: 241
faceCenterPointY: 78
headPositionsX: [ 240, 247, 244, 242, 245, 244, 242, 241, 243, 242, 240,
    242, 243, 244, 239, 239, 241, 239, 244, 241, 244, 244, 241, 243, 245,
    241, 244, 242, 245, 242, 245, 241, 244, 245, 244, 243, 242, 245, 242,
    240, 243, 242, 240, 243, 243, 241, 240, 241, 239, 239, 243, 243, 242,
    241, 244, 243, 240, 244, 242, 244, 243, 241, 241, 239, 239, 241, 240,
    240, 247, 250, 252, 253, 251, 250, 244, 243, 239, 231, 234, 234, 235,
    238, 239, 240, 244, 241, 241, 244, 239, 240, 237, 240, 237, 240, 240,
    239, 240, 243, 240, 241 ]
headPositionsY: [ 78, 83, 82, 81, 78, 77, 73, 74, 70, 71, 71, 72, 72, 72,
    68, 71, 69, 71, 70, 70, 72, 70, 71, 72, 75, 73, 74, 75, 74, 78, 73,
    77, 77, 76, 78, 78, 74, 78, 78, 74, 75, 78, 75, 76, 78, 80, 79, 78,
    78, 79, 77, 76, 76, 79, 78, 80, 80, 78, 77, 80, 76, 75, 79, 79, 80,
    81, 78, 77, 77, 79, 79, 75, 78, 80, 78, 78, 80, 77, 75, 76, 76, 80,
    76, 77, 76, 80, 78, 80, 78, 78, 81, 79, 78, 78, 78, 77, 81, 76, 78,
    77 ]
