%YAML:1.0
---
videoName: "headShake33.mp4"
gestureLabel: 201
fps: 29
pixelSizeInCmTemp: 3.2364864864864862e-01
faceCenterPointX: 244
faceCenterPointY: 84
headPositionsX: [ 243, 247, 247, 246, 246, 246, 244, 247, 247, 247, 244,
    245, 247, 246, 246, 247, 245, 243, 244, 245, 247, 250, 248, 251, 250,
    255, 258, 257, 262, 262, 262, 264, 265, 261, 259, 258, 251, 249, 246,
    242, 239, 236, 233, 228, 230, 229, 227, 226, 227, 230, 234, 235, 240,
    245, 248, 250, 256, 257, 258, 262, 259, 257, 259, 258, 256, 253, 245,
    247, 242, 236, 237, 232, 233, 229, 231, 235, 234, 235, 233, 237, 236,
    236, 241, 242, 244, 243, 245, 246, 249, 248, 248, 246, 248, 245, 243,
    244, 244, 246, 246, 242 ]
headPositionsY: [ 83, 85, 83, 85, 81, 83, 83, 83, 85, 80, 84, 84, 82, 83,
    83, 82, 83, 82, 84, 83, 82, 85, 85, 84, 82, 82, 82, 79, 79, 80, 79,
    82, 79, 84, 82, 83, 85, 85, 83, 83, 83, 82, 85, 80, 80, 82, 82, 80,
    83, 81, 85, 82, 85, 82, 85, 80, 79, 83, 79, 81, 80, 83, 80, 82, 82,
    84, 83, 85, 83, 81, 83, 84, 81, 82, 83, 84, 82, 85, 80, 84, 84, 81,
    82, 83, 82, 82, 83, 82, 84, 85, 84, 83, 83, 85, 82, 86, 82, 83, 84,
    81 ]
