%YAML:1.0
---
videoName: "headShake24.mp4"
gestureLabel: 201
fps: 29
pixelSizeInCmTemp: 3.2808219178082193e-01
faceCenterPointX: 240
faceCenterPointY: 78
headPositionsX: [ 240, 251, 250, 254, 252, 255, 255, 256, 254, 250, 249,
    248, 244, 244, 242, 237, 233, 233, 231, 233, 231, 229, 229, 232, 231,
    236, 235, 241, 239, 245, 243, 246, 249, 248, 249, 250, 252, 249, 246,
    245, 242, 243, 239, 241, 238, 237, 233, 236, 235, 232, 234, 236, 238,
    238, 236, 238, 243, 242, 247, 246, 248, 247, 245, 250, 250, 245, 249,
    246, 244, 248, 243, 243, 243, 243, 243, 240, 240, 239, 237, 239, 237,
    237, 239, 242, 240, 240, 240, 239, 241, 241, 241, 242, 238, 242, 241,
    241, 240, 238, 239, 238 ]
headPositionsY: [ 80, 77, 78, 73, 74, 74, 74, 77, 76, 78, 76, 75, 77, 80,
    78, 78, 79, 78, 76, 79, 79, 77, 79, 77, 78, 80, 79, 75, 77, 77, 74,
    76, 76, 78, 78, 78, 80, 76, 80, 76, 76, 78, 77, 77, 80, 78, 79, 78,
    76, 75, 76, 76, 78, 76, 75, 79, 80, 78, 79, 77, 76, 79, 80, 77, 79,
    77, 77, 78, 76, 76, 79, 77, 79, 77, 78, 78, 78, 79, 78, 80, 79, 77,
    75, 78, 79, 77, 79, 78, 76, 80, 77, 78, 80, 79, 80, 77, 78, 76, 77,
    79 ]
