%YAML:1.0
---
videoName: "headShake25.mp4"
gestureLabel: 201
fps: 30
pixelSizeInCmTemp: 3.2364864864864862e-01
faceCenterPointX: 241
faceCenterPointY: 79
headPositionsX: [ 240, 253, 252, 251, 253, 253, 251, 247, 246, 245, 238,
    235, 235, 232, 233, 229, 228, 227, 227, 228, 231, 233, 233, 237, 238,
    242, 244, 245, 249, 250, 247, 249, 251, 248, 245, 246, 242, 241, 240,
    233, 232, 233, 229, 230, 231, 229, 232, 231, 231, 235, 238, 240, 242,
    246, 249, 249, 248, 249, 251, 251, 249, 249, 247, 245, 246, 242, 240,
    238, 237, 235, 235, 236, 234, 236, 234, 236, 236, 237, 238, 239, 237,
    239, 241, 243, 240, 244, 242, 244, 242, 240, 240, 244, 240, 241, 239,
    239, 240, 239, 242, 242 ]
headPositionsY: [ 77, 77, 76, 77, 74, 75, 77, 80, 78, 78, 79, 79, 77, 80,
    75, 77, 79, 77, 79, 77, 77, 77, 79, 78, 80, 76, 77, 76, 77, 77, 79,
    79, 80, 77, 78, 81, 80, 78, 81, 80, 79, 76, 76, 80, 78, 79, 76, 77,
    80, 79, 81, 79, 80, 78, 78, 77, 81, 79, 75, 77, 77, 76, 80, 77, 77,
    78, 80, 76, 77, 78, 77, 77, 76, 80, 78, 76, 76, 78, 79, 77, 79, 76,
    79, 77, 80, 79, 76, 81, 77, 80, 77, 81, 80, 77, 78, 77, 77, 81, 81,
    78 ]
