%YAML:1.0
---
videoName: "headShake23.mp4"
gestureLabel: 201
fps: 29
pixelSizeInCmTemp: 3.2808219178082193e-01
faceCenterPointX: 240
faceCenterPointY: 77
headPositionsX: [ 240, 243, 241, 242, 244, 242, 239, 244, 239, 244, 241,
    241, 243, 243, 242, 240, 241, 239, 238, 239, 242, 241, 243, 247, 249,
    250, 254, 255, 252, 255, 251, 255, 251, 249, 247, 247, 241, 236, 236,
    230, 233, 229, 230, 230, 228, 229, 229, 232, 235, 238, 243, 243, 247,
    251, 252, 251, 251, 252, 252, 252, 248, 250, 246, 246, 243, 241, 237,
    239, 235, 238, 234, 236, 235, 233, 233, 234, 235, 234, 236, 235, 240,
    242, 240, 241, 245, 241, 243, 243, 243, 244, 244, 243, 247, 243, 245,
    242, 244, 243, 239, 243 ]
headPositionsY: [ 77, 77, 78, 76, 77, 76, 77, 76, 77, 75, 76, 78, 78, 80,
    77, 77, 78, 79, 75, 76, 78, 77, 77, 75, 75, 76, 74, 77, 74, 74, 74,
    76, 74, 78, 78, 77, 77, 79, 79, 74, 74, 77, 75, 77, 79, 77, 79, 80,
    77, 77, 76, 75, 76, 75, 78, 75, 77, 75, 78, 74, 76, 79, 81, 80, 76,
    80, 79, 77, 77, 80, 78, 79, 78, 78, 80, 76, 78, 78, 78, 78, 75, 78,
    76, 75, 75, 76, 77, 79, 77, 78, 79, 78, 77, 78, 79, 79, 78, 77, 78,
    77 ]
