%YAML:1.0
---
videoName: "headShake12.mp4"
gestureLabel: 201
fps: 29
pixelSizeInCmTemp: 3.2808219178082193e-01
faceCenterPointX: 241
faceCenterPointY: 76
headPositionsX: [ 240, 241, 238, 241, 243, 240, 241, 244, 242, 241, 241,
    240, 242, 243, 239, 243, 243, 240, 242, 244, 240, 243, 244, 241, 244,
    243, 242, 241, 244, 242, 243, 240, 242, 240, 242, 240, 242, 241, 240,
    240, 241, 240, 241, 242, 242, 241, 240, 241, 242, 241, 241, 240, 241,
    241, 239, 241, 240, 243, 243, 245, 247, 250, 254, 255, 260, 258, 259,
    253, 248, 244, 237, 233, 230, 231, 237, 239, 245, 249, 254, 252, 250,
    250, 247, 244, 242, 241, 237, 238, 235, 235, 238, 237, 237, 238, 242,
    240, 239, 239, 238, 239 ]
headPositionsY: [ 74, 71, 71, 74, 75, 74, 74, 75, 76, 71, 74, 76, 72, 72,
    75, 73, 73, 71, 75, 72, 73, 71, 73, 76, 72, 76, 73, 76, 76, 71, 76,
    74, 73, 75, 73, 72, 74, 73, 73, 73, 73, 74, 73, 73, 75, 73, 76, 74,
    75, 73, 73, 76, 76, 73, 73, 76, 76, 74, 75, 75, 75, 73, 73, 72, 71,
    72, 72, 73, 78, 77, 78, 74, 74, 78, 76, 75, 75, 75, 77, 77, 75, 74,
    74, 79, 78, 77, 75, 76, 77, 75, 74, 75, 74, 74, 79, 76, 77, 76, 76,
    75 ]
