%YAML:1.0
---
videoName: "headShake22.mp4"
gestureLabel: 201
fps: 29
pixelSizeInCmTemp: 3.2364864864864862e-01
faceCenterPointX: 241
faceCenterPointY: 79
headPositionsX: [ 240, 243, 240, 241, 243, 239, 242, 244, 244, 245, 241,
    244, 243, 244, 241, 241, 244, 242, 244, 243, 244, 243, 241, 243, 244,
    243, 241, 244, 244, 240, 242, 244, 241, 243, 241, 244, 243, 242, 243,
    244, 243, 240, 242, 240, 241, 240, 243, 241, 243, 243, 240, 242, 244,
    241, 241, 242, 240, 244, 242, 241, 240, 240, 242, 240, 240, 241, 242,
    241, 243, 247, 251, 254, 257, 255, 253, 252, 246, 240, 238, 237, 236,
    237, 242, 244, 244, 247, 244, 244, 246, 242, 239, 239, 239, 240, 238,
    238, 241, 240, 242, 243 ]
headPositionsY: [ 77, 76, 78, 75, 79, 73, 75, 76, 74, 78, 75, 76, 76, 77,
    76, 78, 77, 78, 75, 77, 76, 74, 74, 78, 76, 76, 76, 78, 75, 76, 78,
    74, 75, 77, 78, 78, 77, 78, 76, 74, 77, 75, 75, 75, 75, 78, 75, 78,
    74, 77, 76, 77, 79, 78, 77, 75, 75, 77, 75, 76, 75, 75, 77, 76, 76,
    76, 78, 76, 76, 75, 75, 76, 74, 76, 78, 74, 79, 75, 78, 77, 76, 79,
    77, 75, 78, 80, 79, 78, 79, 79, 80, 80, 78, 76, 79, 76, 81, 77, 80,
    78 ]
