%YAML:1.0
---
videoName: "headShake30.mp4"
gestureLabel: 201
fps: 29
pixelSizeInCmTemp: 3.2808219178082193e-01
faceCenterPointX: 240
faceCenterPointY: 68
headPositionsX: [ 241, 232, 231, 231, 231, 235, 234, 234, 233, 237, 235,
    236, 238, 238, 241, 240, 243, 239, 241, 245, 244, 244, 242, 243, 245,
    240, 242, 243, 240, 242, 238, 241, 241, 239, 241, 238, 241, 239, 244,
    248, 252, 254, 257, 257, 259, 262, 259, 256, 250, 243, 240, 228, 225,
    222, 222, 226, 229, 232, 238, 246, 251, 251, 252, 251, 245, 242, 237,
    232, 226, 227, 227, 229, 234, 238, 241, 245, 248, 251, 253, 250, 248,
    245, 241, 237, 236, 236, 238, 236, 239, 241, 238, 239, 239, 242, 241,
    240, 238, 238, 242, 239 ]
headPositionsY: [ 68, 53, 58, 55, 57, 61, 62, 61, 60, 64, 64, 65, 65, 64,
    65, 66, 65, 63, 67, 65, 64, 64, 64, 67, 67, 64, 67, 67, 65, 64, 64,
    66, 65, 67, 66, 65, 68, 66, 66, 68, 65, 65, 65, 65, 64, 63, 65, 68,
    64, 65, 69, 64, 69, 70, 66, 69, 67, 69, 67, 68, 67, 65, 65, 70, 69,
    70, 69, 66, 69, 66, 67, 70, 66, 70, 66, 65, 67, 65, 65, 68, 66, 65,
    67, 68, 68, 68, 68, 67, 66, 69, 70, 66, 69, 70, 69, 66, 66, 67, 71,
    68 ]
