%YAML:1.0
---
videoName: "headShake39.mp4"
gestureLabel: 201
fps: 29
pixelSizeInCmTemp: 3.1933333333333330e-01
faceCenterPointX: 263
faceCenterPointY: 83
headPositionsX: [ 262, 263, 259, 258, 260, 263, 262, 263, 263, 263, 263,
    262, 259, 262, 259, 263, 260, 258, 261, 259, 260, 257, 255, 256, 252,
    250, 247, 245, 245, 244, 245, 245, 245, 253, 256, 263, 269, 269, 277,
    279, 283, 279, 276, 272, 263, 258, 251, 247, 249, 248, 244, 247, 251,
    256, 261, 266, 272, 277, 278, 278, 276, 271, 270, 263, 259, 252, 253,
    251, 250, 249, 252, 251, 252, 252, 256, 257, 262, 265, 264, 266, 264,
    265, 267, 267, 268, 265, 268, 266, 262, 267, 266, 264, 264, 262, 261,
    262, 264, 264, 263, 260 ]
headPositionsY: [ 82, 83, 85, 82, 85, 80, 85, 82, 85, 81, 83, 81, 83, 82,
    83, 82, 85, 82, 83, 82, 85, 85, 81, 85, 84, 83, 80, 81, 84, 82, 82,
    83, 83, 80, 85, 82, 84, 83, 80, 79, 79, 82, 83, 85, 84, 82, 81, 84,
    85, 83, 80, 85, 81, 81, 83, 82, 81, 83, 82, 79, 82, 84, 83, 85, 83,
    83, 82, 77, 81, 80, 79, 79, 80, 81, 85, 82, 81, 84, 84, 80, 80, 81,
    84, 81, 82, 85, 80, 84, 83, 83, 84, 82, 85, 85, 82, 82, 85, 83, 84,
    85 ]
