%YAML:1.0
---
videoName: "headShake37.mp4"
gestureLabel: 201
fps: 30
pixelSizeInCmTemp: 3.1933333333333330e-01
faceCenterPointX: 263
faceCenterPointY: 83
headPositionsX: [ 264, 261, 259, 263, 260, 263, 260, 262, 263, 260, 262,
    263, 264, 264, 265, 260, 262, 260, 264, 262, 260, 261, 261, 264, 261,
    259, 263, 262, 260, 262, 262, 263, 260, 263, 263, 262, 260, 263, 262,
    263, 261, 263, 259, 260, 258, 261, 260, 266, 266, 270, 276, 277, 280,
    280, 281, 276, 272, 268, 257, 255, 252, 251, 256, 256, 264, 266, 271,
    274, 273, 272, 266, 266, 259, 259, 255, 254, 255, 254, 258, 256, 261,
    262, 262, 266, 266, 266, 264, 265, 264, 268, 263, 263, 265, 263, 261,
    262, 262, 265, 262, 264 ]
headPositionsY: [ 84, 81, 85, 84, 84, 85, 83, 85, 83, 84, 85, 83, 83, 82,
    82, 81, 81, 83, 81, 83, 82, 85, 84, 82, 83, 81, 81, 85, 82, 81, 85,
    86, 81, 83, 85, 84, 84, 85, 84, 83, 81, 84, 84, 82, 81, 83, 83, 83,
    85, 82, 80, 79, 81, 82, 80, 80, 82, 85, 82, 81, 82, 81, 84, 82, 80,
    83, 82, 79, 80, 80, 82, 82, 83, 85, 85, 83, 81, 80, 82, 83, 85, 83,
    82, 82, 82, 85, 82, 80, 81, 83, 83, 84, 82, 84, 84, 85, 85, 85, 84,
    81 ]
