%YAML:1.0
---
videoName: "headShake1.mp4"
gestureLabel: 201
fps: 29
pixelSizeInCmTemp: 3.3263888888888887e-01
faceCenterPointX: 279
faceCenterPointY: 98
headPositionsX: [ 277, 279, 279, 280, 279, 282, 277, 280, 278, 281, 277,
    280, 281, 281, 278, 278, 279, 279, 278, 277, 278, 277, 278, 279, 280,
    280, 277, 279, 279, 283, 285, 287, 289, 291, 291, 292, 291, 288, 285,
    283, 281, 272, 271, 270, 267, 269, 271, 278, 278, 285, 290, 290, 293,
    289, 289, 286, 281, 279, 276, 271, 269, 266, 266, 269, 271, 276, 282,
    286, 291, 290, 290, 292, 288, 286, 283, 280, 279, 276, 272, 273, 271,
    270, 269, 271, 271, 277, 276, 275, 276, 280, 279, 282, 280, 278, 282,
    282, 280, 281, 278, 278 ]
headPositionsY: [ 98, 97, 95, 98, 95, 98, 97, 98, 95, 96, 99, 96, 98, 96,
    94, 96, 98, 95, 96, 96, 98, 100, 99, 99, 98, 95, 96, 96, 96, 94, 95,
    94, 98, 95, 95, 93, 93, 96, 97, 96, 96, 98, 96, 95, 97, 97, 93, 97,
    98, 94, 95, 96, 94, 96, 95, 97, 96, 96, 99, 95, 96, 98, 94, 97, 95,
    95, 99, 93, 96, 93, 97, 93, 98, 95, 99, 99, 99, 98, 97, 96, 97, 97,
    94, 98, 96, 97, 96, 97, 95, 95, 98, 95, 98, 100, 99, 97, 98, 97, 99,
    98 ]
