%YAML:1.0
---
videoName: "headShake31.mp4"
gestureLabel: 201
fps: 29
pixelSizeInCmTemp: 3.2808219178082193e-01
faceCenterPointX: 236
faceCenterPointY: 68
headPositionsX: [ 236, 239, 237, 235, 238, 237, 236, 237, 239, 236, 239,
    238, 239, 236, 239, 237, 239, 236, 239, 236, 238, 235, 239, 235, 237,
    237, 239, 236, 239, 235, 237, 237, 236, 235, 236, 234, 233, 235, 239,
    246, 247, 250, 252, 251, 251, 249, 246, 237, 230, 223, 224, 222, 221,
    222, 228, 235, 239, 243, 248, 249, 246, 243, 239, 237, 234, 229, 227,
    226, 229, 229, 230, 238, 237, 240, 242, 243, 241, 244, 242, 238, 240,
    234, 237, 234, 235, 236, 235, 234, 233, 235, 234, 236, 233, 233, 236,
    236, 235, 238, 234, 235 ]
headPositionsY: [ 67, 68, 66, 69, 69, 69, 68, 67, 65, 70, 67, 64, 69, 66,
    67, 69, 68, 66, 70, 67, 65, 67, 69, 66, 68, 66, 67, 67, 66, 67, 69,
    65, 66, 70, 69, 65, 66, 65, 66, 64, 67, 66, 64, 65, 67, 69, 69, 70,
    69, 67, 67, 68, 66, 71, 72, 69, 72, 70, 69, 67, 69, 70, 69, 67, 69,
    70, 69, 70, 70, 70, 70, 71, 68, 69, 67, 70, 67, 70, 69, 71, 68, 67,
    68, 68, 69, 67, 66, 69, 67, 69, 69, 68, 71, 70, 68, 69, 70, 67, 70,
    67 ]
