%YAML:1.0
---
videoName: "headShake25.mp4"
gestureLabel: 201
fps: 30
pixelSizeInCmTemp: 3.2364864864864862e-01
faceCenterPointX: 241
faceCenterPointY: 79
headPositionsX: [ 241, 254, 253, 253, 254, 252, 249, 247, 247, 243, 240,
    237, 237, 235, 233, 232, 228, 227, 231, 231, 232, 230, 232, 236, 239,
    239, 245, 245, 249, 248, 249, 249, 249, 248, 246, 243, 244, 241, 240,
    233, 235, 234, 231, 232, 231, 228, 231, 230, 235, 235, 237, 243, 245,
    246, 247, 249, 249, 248, 251, 249, 252, 250, 248, 245, 246, 242, 241,
    236, 237, 239, 235, 234, 236, 236, 237, 236, 234, 236, 234, 235, 237,
    237, 239, 242, 240, 240, 244, 245, 244, 244, 244, 240, 242, 242, 243,
    242, 244, 238, 239, 238 ]
headPositionsY: [ 78, 78, 76, 78, 75, 75, 79, 76, 79, 78, 78, 79, 79, 78,
    78, 77, 79, 78, 77, 79, 77, 79, 76, 78, 76, 78, 80, 78, 77, 76, 78,
    76, 80, 79, 79, 81, 78, 79, 80, 80, 76, 80, 80, 77, 77, 78, 78, 80,
    79, 77, 78, 79, 80, 79, 77, 77, 81, 79, 75, 77, 77, 80, 77, 77, 79,
    76, 77, 76, 77, 81, 80, 78, 76, 78, 78, 77, 76, 78, 77, 79, 79, 80,
    81, 80, 81, 78, 79, 78, 77, 79, 80, 77, 78, 77, 78, 80, 80, 81, 79,
    77 ]
