%YAML:1.0
---
videoName: "headShake6.mp4"
gestureLabel: 201
fps: 29
pixelSizeInCmTemp: 3.2808219178082193e-01
faceCenterPointX: 244
faceCenterPointY: 68
headPositionsX: [ 246, 246, 244, 245, 245, 247, 246, 243, 246, 242, 247,
    247, 243, 244, 247, 245, 243, 245, 242, 244, 244, 246, 245, 244, 245,
    243, 245, 249, 251, 255, 257, 256, 259, 261, 265, 258, 258, 253, 248,
    244, 236, 234, 232, 229, 234, 238, 245, 247, 255, 258, 258, 260, 256,
    253, 250, 244, 240, 234, 233, 233, 234, 236, 237, 241, 247, 246, 249,
    252, 249, 247, 246, 242, 242, 241, 237, 240, 236, 240, 238, 239, 242,
    244, 243, 242, 246, 245, 246, 243, 244, 246, 243, 246, 244, 245, 243,
    242, 244, 245, 246, 245 ]
headPositionsY: [ 70, 68, 68, 69, 66, 66, 64, 66, 68, 65, 66, 66, 66, 66,
    65, 65, 64, 69, 65, 68, 66, 64, 67, 65, 70, 67, 69, 65, 67, 65, 65,
    66, 67, 63, 65, 66, 64, 67, 66, 70, 68, 66, 69, 69, 70, 68, 67, 70,
    67, 69, 69, 65, 68, 68, 69, 68, 66, 68, 67, 67, 68, 67, 67, 69, 67,
    70, 70, 67, 65, 69, 67, 69, 67, 69, 68, 70, 65, 69, 69, 70, 69, 68,
    67, 67, 69, 70, 69, 67, 67, 70, 69, 71, 69, 69, 68, 69, 66, 69, 70,
    68 ]
