%YAML:1.0
---
videoName: "headShake21.mp4"
gestureLabel: 201
fps: 29
pixelSizeInCmTemp: 3.1933333333333330e-01
faceCenterPointX: 241
faceCenterPointY: 78
headPositionsX: [ 240, 245, 242, 244, 242, 241, 243, 244, 240, 242, 241,
    241, 244, 241, 241, 241, 241, 240, 243, 244, 243, 242, 245, 243, 245,
    244, 246, 243, 244, 243, 243, 242, 244, 245, 242, 242, 240, 244, 245,
    241, 243, 240, 243, 240, 240, 241, 239, 243, 240, 239, 244, 242, 240,
    239, 244, 242, 243, 240, 243, 241, 240, 238, 243, 242, 239, 240, 238,
    243, 248, 246, 252, 252, 249, 250, 244, 244, 235, 234, 233, 235, 237,
    235, 237, 242, 241, 242, 241, 241, 237, 237, 241, 237, 237, 239, 237,
    239, 240, 240, 244, 243 ]
headPositionsY: [ 77, 82, 79, 77, 77, 76, 73, 71, 70, 70, 69, 71, 70, 70,
    69, 69, 71, 73, 69, 69, 72, 74, 72, 74, 75, 74, 76, 72, 77, 74, 73,
    78, 77, 77, 75, 76, 75, 76, 78, 75, 77, 79, 79, 76, 76, 78, 80, 78,
    78, 78, 77, 78, 79, 75, 81, 79, 77, 76, 78, 77, 75, 79, 76, 76, 79,
    77, 79, 77, 79, 75, 77, 79, 79, 79, 79, 78, 77, 78, 78, 78, 79, 76,
    77, 77, 79, 78, 76, 81, 79, 77, 80, 78, 81, 80, 77, 78, 81, 80, 78,
    78 ]
