%YAML:1.0
---
videoName: "headShake12.mp4"
gestureLabel: 201
fps: 29
pixelSizeInCmTemp: 3.2808219178082193e-01
faceCenterPointX: 241
faceCenterPointY: 76
headPositionsX: [ 243, 242, 241, 239, 241, 243, 242, 242, 241, 239, 242,
    240, 240, 240, 243, 243, 243, 243, 241, 244, 239, 244, 244, 243, 243,
    241, 241, 243, 244, 241, 241, 242, 244, 241, 242, 242, 240, 243, 243,
    242, 240, 240, 242, 240, 244, 242, 244, 241, 244, 240, 241, 240, 241,
    242, 239, 243, 240, 243, 245, 246, 250, 250, 254, 255, 256, 259, 256,
    250, 247, 243, 236, 231, 230, 232, 239, 242, 246, 250, 253, 256, 250,
    252, 248, 246, 240, 238, 237, 235, 234, 236, 237, 239, 240, 240, 241,
    240, 238, 238, 238, 238 ]
headPositionsY: [ 78, 71, 72, 71, 76, 74, 75, 74, 72, 73, 75, 73, 75, 74,
    76, 72, 75, 73, 72, 73, 74, 74, 73, 73, 74, 73, 76, 72, 72, 75, 73,
    73, 75, 75, 72, 76, 73, 76, 76, 75, 74, 75, 74, 75, 73, 74, 76, 72,
    73, 76, 75, 73, 73, 75, 76, 72, 73, 74, 75, 71, 74, 75, 71, 72, 73,
    73, 72, 76, 75, 76, 78, 78, 78, 77, 75, 78, 77, 74, 73, 73, 73, 77,
    74, 77, 78, 77, 74, 76, 77, 77, 75, 77, 75, 78, 77, 78, 75, 74, 78,
    77 ]
