%YAML:1.0
---
videoName: "headShake37.mp4"
gestureLabel: 201
fps: 30
pixelSizeInCmTemp: 3.1933333333333330e-01
faceCenterPointX: 263
faceCenterPointY: 83
headPositionsX: [ 263, 261, 262, 261, 259, 262, 260, 264, 264, 261, 265,
    260, 260, 260, 265, 261, 264, 260, 262, 261, 260, 262, 259, 261, 264,
    259, 261, 264, 264, 261, 262, 264, 261, 260, 262, 262, 260, 262, 264,
    264, 263, 262, 262, 259, 258, 262, 259, 262, 266, 270, 273, 276, 278,
    282, 279, 279, 270, 268, 260, 253, 255, 253, 256, 259, 264, 266, 269,
    272, 275, 270, 268, 265, 263, 257, 256, 252, 252, 252, 255, 258, 261,
    262, 264, 265, 265, 267, 266, 267, 267, 266, 264, 265, 263, 264, 261,
    264, 262, 261, 263, 263 ]
headPositionsY: [ 81, 84, 84, 84, 81, 82, 82, 82, 81, 84, 83, 81, 84, 83,
    82, 82, 81, 82, 85, 83, 84, 82, 82, 85, 84, 84, 83, 82, 83, 84, 85,
    83, 82, 85, 82, 81, 84, 82, 84, 81, 85, 85, 83, 85, 84, 84, 83, 85,
    82, 81, 80, 80, 78, 82, 83, 80, 83, 85, 83, 84, 81, 79, 83, 84, 80,
    82, 83, 78, 82, 84, 81, 84, 81, 84, 83, 82, 81, 83, 83, 84, 82, 80,
    85, 85, 81, 85, 82, 81, 84, 84, 86, 81, 85, 85, 84, 84, 83, 83, 83,
    84 ]
