%YAML:1.0
---
videoName: "headShake32.mp4"
gestureLabel: 201
fps: 29
pixelSizeInCmTemp: 3.2808219178082193e-01
faceCenterPointX: 237
faceCenterPointY: 77
headPositionsX: [ 235, 236, 235, 235, 238, 240, 235, 237, 236, 241, 239,
    239, 240, 241, 242, 242, 242, 241, 240, 239, 243, 242, 242, 241, 240,
    239, 240, 239, 241, 241, 239, 240, 238, 241, 237, 238, 237, 239, 238,
    242, 245, 244, 246, 246, 251, 251, 251, 253, 249, 249, 248, 247, 247,
    245, 244, 241, 236, 235, 232, 232, 231, 230, 226, 226, 226, 225, 226,
    231, 232, 233, 235, 236, 239, 244, 248, 250, 248, 251, 250, 251, 246,
    247, 244, 243, 244, 242, 241, 241, 237, 240, 238, 236, 239, 236, 238,
    238, 240, 236, 240, 236 ]
headPositionsY: [ 76, 72, 74, 71, 73, 71, 73, 71, 75, 73, 71, 73, 73, 71,
    73, 74, 72, 72, 73, 73, 74, 71, 72, 74, 74, 75, 73, 75, 75, 73, 73,
    76, 75, 75, 76, 76, 75, 73, 74, 77, 73, 76, 75, 72, 74, 73, 74, 71,
    75, 74, 75, 74, 75, 74, 74, 76, 75, 75, 77, 74, 74, 74, 73, 74, 75,
    75, 78, 75, 75, 77, 78, 75, 78, 74, 77, 75, 74, 75, 76, 76, 78, 77,
    77, 75, 75, 79, 76, 77, 75, 79, 79, 76, 79, 75, 77, 78, 78, 76, 78,
    77 ]
