%YAML:1.0
---
videoName: "headShake5.mp4"
gestureLabel: 201
fps: 30
pixelSizeInCmTemp: 3.3263888888888887e-01
faceCenterPointX: 275
faceCenterPointY: 73
headPositionsX: [ 276, 278, 278, 279, 278, 277, 279, 279, 277, 279, 279,
    276, 278, 279, 280, 276, 278, 279, 278, 280, 280, 277, 280, 277, 277,
    279, 277, 276, 280, 279, 279, 279, 281, 278, 283, 284, 289, 291, 297,
    297, 294, 294, 289, 283, 278, 270, 266, 266, 261, 266, 268, 272, 279,
    286, 290, 289, 289, 285, 282, 274, 269, 265, 263, 265, 265, 270, 277,
    280, 285, 282, 286, 285, 282, 279, 273, 272, 267, 267, 268, 267, 270,
    274, 272, 277, 282, 281, 282, 282, 281, 283, 280, 277, 277, 276, 275,
    273, 274, 276, 274, 275 ]
headPositionsY: [ 74, 74, 73, 74, 74, 71, 73, 75, 71, 74, 75, 74, 75, 74,
    74, 73, 75, 73, 71, 73, 73, 73, 72, 75, 75, 75, 74, 71, 75, 73, 75,
    73, 72, 72, 75, 71, 72, 73, 71, 70, 74, 70, 74, 73, 75, 76, 75, 73,
    74, 72, 75, 72, 76, 74, 71, 71, 76, 73, 76, 73, 76, 73, 74, 76, 75,
    73, 72, 72, 74, 75, 73, 74, 76, 73, 75, 72, 74, 73, 73, 71, 72, 74,
    70, 70, 74, 74, 73, 74, 71, 73, 72, 71, 71, 74, 71, 75, 73, 73, 71,
    72 ]
