%YAML:1.0
---
videoName: "headShake31.mp4"
gestureLabel: 201
fps: 29
pixelSizeInCmTemp: 3.2808219178082193e-01
faceCenterPointX: 236
faceCenterPointY: 68
headPositionsX: [ 237, 239, 235, 238, 237, 235, 236, 239, 237, 235, 238,
    238, 237, 237, 238, 238, 238, 236, 236, 235, 234, 238, 238, 237, 238,
    237, 239, 236, 239, 239, 238, 239, 239, 238, 234, 235, 237, 239, 240,
    245, 246, 253, 253, 251, 254, 250, 245, 241, 232, 227, 222, 222, 221,
    222, 229, 232, 237, 246, 244, 246, 244, 242, 243, 237, 232, 230, 227,
    230, 230, 229, 232, 236, 238, 238, 243, 244, 244, 242, 239, 240, 239,
    235, 235, 235, 232, 234, 232, 234, 235, 237, 234, 236, 236, 235, 235,
    235, 235, 235, 234, 234 ]
headPositionsY: [ 69, 66, 69, 69, 68, 68, 68, 70, 66, 70, 68, 68, 69, 68,
    69, 69, 65, 70, 69, 64, 65, 69, 66, 69, 68, 66, 67, 68, 65, 67, 65,
    67, 65, 70, 66, 68, 68, 67, 66, 68, 68, 65, 64, 66, 65, 65, 70, 67,
    67, 67, 67, 69, 66, 72, 69, 69, 69, 68, 68, 69, 71, 70, 68, 69, 68,
    71, 67, 71, 69, 71, 71, 68, 67, 69, 71, 69, 69, 71, 68, 69, 70, 68,
    68, 69, 66, 68, 66, 72, 68, 70, 69, 68, 67, 69, 67, 69, 68, 67, 68,
    69 ]
