%YAML:1.0
---
videoName: "headShake24.mp4"
gestureLabel: 201
fps: 29
pixelSizeInCmTemp: 3.2808219178082193e-01
faceCenterPointX: 240
faceCenterPointY: 78
headPositionsX: [ 238, 251, 250, 253, 251, 254, 253, 256, 252, 252, 250,
    245, 243, 245, 238, 237, 234, 231, 232, 230, 231, 229, 230, 231, 233,
    235, 237, 240, 239, 245, 243, 245, 248, 250, 252, 251, 252, 250, 245,
    245, 246, 245, 243, 239, 240, 238, 233, 234, 232, 231, 237, 232, 238,
    235, 240, 241, 240, 241, 244, 246, 244, 247, 245, 249, 248, 245, 250,
    246, 248, 248, 244, 242, 243, 242, 242, 241, 239, 239, 238, 240, 237,
    239, 240, 240, 239, 241, 237, 238, 242, 237, 238, 241, 238, 240, 239,
    239, 239, 239, 241, 240 ]
headPositionsY: [ 78, 74, 78, 74, 76, 73, 76, 77, 78, 79, 77, 78, 76, 79,
    80, 76, 79, 77, 79, 78, 79, 79, 80, 78, 77, 79, 76, 77, 79, 79, 76,
    75, 77, 76, 80, 79, 78, 79, 80, 79, 76, 79, 77, 80, 76, 76, 78, 76,
    75, 79, 80, 77, 78, 79, 79, 78, 79, 77, 79, 78, 80, 79, 80, 77, 77,
    77, 79, 75, 75, 80, 76, 76, 78, 75, 78, 78, 77, 77, 76, 77, 78, 79,
    79, 80, 77, 76, 76, 77, 77, 77, 80, 79, 78, 78, 78, 79, 78, 77, 79,
    76 ]
