%YAML:1.0
---
videoName: "headShake30.mp4"
gestureLabel: 201
fps: 29
pixelSizeInCmTemp: 3.2808219178082193e-01
faceCenterPointX: 240
faceCenterPointY: 68
headPositionsX: [ 238, 233, 232, 233, 233, 233, 231, 231, 234, 234, 234,
    236, 235, 236, 238, 241, 241, 243, 242, 241, 243, 245, 242, 245, 245,
    243, 243, 244, 242, 242, 240, 239, 239, 238, 237, 238, 237, 239, 241,
    246, 250, 253, 255, 260, 257, 258, 258, 255, 251, 245, 237, 228, 226,
    223, 224, 227, 227, 232, 240, 248, 251, 250, 250, 249, 245, 244, 238,
    231, 226, 227, 230, 230, 230, 237, 243, 244, 250, 252, 249, 251, 246,
    243, 244, 236, 237, 234, 235, 237, 239, 239, 240, 240, 239, 239, 238,
    241, 242, 240, 240, 240 ]
headPositionsY: [ 69, 55, 55, 59, 58, 58, 58, 57, 59, 63, 66, 63, 63, 64,
    66, 67, 66, 66, 66, 66, 64, 67, 63, 66, 67, 66, 63, 68, 67, 64, 64,
    66, 67, 64, 64, 66, 64, 65, 65, 68, 64, 63, 66, 65, 65, 65, 67, 67,
    65, 66, 67, 66, 69, 70, 70, 69, 70, 67, 69, 70, 65, 65, 67, 68, 67,
    69, 66, 68, 68, 66, 67, 70, 70, 68, 69, 67, 65, 68, 69, 64, 65, 66,
    68, 69, 68, 67, 66, 67, 65, 67, 70, 69, 68, 66, 68, 65, 69, 69, 67,
    70 ]
