%YAML:1.0
---
videoName: "headShake0.mp4"
gestureLabel: 201
fps: 29
pixelSizeInCmTemp: 3.2808219178082193e-01
faceCenterPointX: 279
faceCenterPointY: 94
headPositionsX: [ 281, 279, 277, 278, 279, 278, 279, 278, 279, 277, 280,
    280, 279, 276, 279, 279, 277, 281, 277, 281, 281, 281, 281, 280, 278,
    277, 278, 281, 280, 281, 279, 277, 278, 276, 278, 279, 281, 279, 278,
    278, 277, 280, 285, 287, 293, 294, 297, 301, 302, 301, 295, 292, 289,
    281, 276, 273, 271, 275, 276, 279, 280, 287, 289, 289, 292, 286, 285,
    282, 278, 277, 275, 271, 275, 275, 278, 282, 286, 284, 285, 285, 281,
    281, 279, 275, 273, 277, 275, 275, 278, 279, 281, 279, 279, 280, 278,
    281, 281, 280, 280, 277 ]
headPositionsY: [ 92, 92, 91, 91, 92, 95, 92, 92, 95, 93, 95, 92, 92, 93,
    95, 94, 91, 92, 92, 92, 94, 91, 95, 93, 93, 93, 94, 95, 91, 94, 94,
    91, 95, 94, 91, 94, 92, 93, 95, 96, 94, 92, 93, 89, 89, 89, 90, 93,
    91, 90, 91, 90, 93, 91, 92, 93, 94, 93, 92, 91, 90, 90, 91, 92, 90,
    91, 92, 91, 91, 91, 95, 93, 90, 95, 93, 93, 95, 92, 94, 92, 95, 95,
    95, 92, 96, 91, 96, 91, 94, 93, 94, 93, 92, 92, 94, 93, 94, 94, 95,
    93 ]
