%YAML:1.0
---
videoName: "headShake33.mp4"
gestureLabel: 201
fps: 29
pixelSizeInCmTemp: 3.2364864864864862e-01
faceCenterPointX: 244
faceCenterPointY: 84
headPositionsX: [ 246, 244, 245, 243, 247, 243, 246, 245, 245, 243, 245,
    242, 246, 243, 243, 243, 247, 243, 244, 247, 245, 248, 248, 252, 252,
    254, 256, 258, 260, 264, 262, 264, 262, 259, 260, 256, 252, 248, 244,
    243, 237, 235, 232, 232, 227, 226, 226, 228, 230, 234, 235, 236, 242,
    247, 250, 252, 257, 259, 260, 261, 261, 260, 260, 255, 255, 249, 247,
    243, 243, 240, 234, 235, 234, 229, 230, 233, 231, 234, 234, 238, 238,
    238, 242, 244, 244, 245, 243, 247, 247, 249, 245, 248, 244, 245, 247,
    246, 245, 244, 246, 242 ]
headPositionsY: [ 84, 83, 82, 81, 81, 84, 84, 82, 83, 80, 84, 83, 85, 80,
    85, 84, 81, 85, 81, 81, 83, 81, 82, 83, 81, 80, 80, 81, 82, 79, 83,
    82, 81, 83, 80, 83, 86, 85, 80, 85, 82, 84, 83, 80, 84, 81, 83, 84,
    84, 82, 85, 82, 85, 85, 83, 80, 82, 82, 79, 82, 79, 82, 80, 80, 81,
    82, 81, 85, 82, 85, 81, 86, 83, 84, 84, 81, 84, 85, 82, 83, 84, 81,
    85, 82, 84, 81, 83, 82, 84, 82, 84, 86, 83, 82, 85, 85, 80, 83, 83,
    83 ]
