%YAML:1.0
---
videoName: "headShake30.mp4"
gestureLabel: 201
fps: 29
pixelSizeInCmTemp: 3.2808219178082193e-01
faceCenterPointX: 240
faceCenterPointY: 68
headPositionsX: [ 240, 232, 235, 235, 233, 232, 231, 234, 232, 237, 233,
    236, 236, 238, 237, 239, 242, 241, 244, 244, 244, 241, 241, 245, 244,
    243, 244, 241, 243, 241, 242, 242, 240, 240, 241, 241, 237, 242, 244,
    247, 250, 252, 259, 259, 260, 258, 259, 256, 251, 244, 237, 229, 227,
    226, 223, 223, 230, 236, 240, 244, 251, 250, 254, 250, 245, 244, 237,
    231, 229, 225, 228, 227, 230, 237, 242, 247, 246, 249, 250, 250, 246,
    242, 244, 240, 235, 233, 238, 237, 237, 240, 241, 241, 239, 243, 242,
    242, 239, 238, 240, 238 ]
headPositionsY: [ 69, 54, 55, 59, 60, 61, 61, 58, 60, 64, 66, 64, 65, 65,
    67, 65, 63, 63, 64, 63, 64, 65, 66, 67, 68, 67, 66, 66, 68, 67, 63,
    66, 64, 64, 68, 66, 64, 67, 66, 67, 63, 66, 64, 66, 67, 63, 68, 68,
    64, 65, 66, 65, 69, 68, 67, 68, 71, 68, 69, 70, 67, 65, 65, 66, 71,
    70, 67, 70, 68, 70, 68, 68, 68, 68, 70, 67, 66, 68, 69, 67, 66, 65,
    65, 67, 69, 65, 70, 66, 66, 67, 70, 67, 70, 70, 70, 66, 70, 67, 70,
    68 ]
