%YAML:1.0
---
videoName: "headShake17.mp4"
gestureLabel: 201
fps: 29
pixelSizeInCmTemp: 3.3263888888888887e-01
faceCenterPointX: 242
faceCenterPointY: 76
headPositionsX: [ 242, 239, 240, 236, 239, 239, 238, 243, 243, 246, 253,
    254, 258, 259, 258, 258, 252, 248, 247, 242, 235, 232, 227, 227, 227,
    225, 229, 233, 234, 241, 242, 247, 252, 252, 255, 252, 252, 250, 247,
    248, 244, 238, 237, 232, 231, 230, 230, 231, 235, 235, 235, 239, 243,
    244, 245, 246, 244, 244, 243, 241, 240, 244, 241, 240, 238, 239, 239,
    240, 240, 241, 241, 242, 240, 240, 241, 241, 239, 240, 241, 241, 243,
    243, 242, 241, 239, 243, 240, 241, 241, 243, 239, 240, 243, 242, 239,
    239, 241, 242, 243, 241 ]
headPositionsY: [ 77, 75, 77, 78, 74, 77, 75, 75, 76, 76, 76, 75, 73, 73,
    76, 78, 76, 77, 79, 77, 79, 77, 79, 78, 77, 76, 76, 78, 79, 75, 76,
    75, 76, 73, 72, 76, 77, 76, 77, 79, 75, 76, 78, 77, 77, 75, 76, 77,
    75, 78, 74, 79, 77, 78, 79, 75, 74, 75, 77, 75, 78, 77, 79, 77, 76,
    76, 74, 77, 76, 76, 75, 75, 75, 74, 78, 78, 74, 75, 79, 74, 78, 78,
    75, 76, 77, 76, 78, 76, 76, 76, 78, 76, 78, 76, 78, 76, 76, 78, 78,
    78 ]
