%YAML:1.0
---
videoName: "headShake16.mp4"
gestureLabel: 201
fps: 29
pixelSizeInCmTemp: 3.2364864864864862e-01
faceCenterPointX: 242
faceCenterPointY: 77
headPositionsX: [ 244, 244, 242, 242, 241, 246, 242, 243, 241, 242, 245,
    242, 243, 246, 245, 243, 243, 243, 241, 244, 244, 245, 243, 242, 241,
    242, 242, 241, 242, 243, 240, 243, 243, 241, 242, 243, 240, 242, 247,
    246, 251, 254, 254, 256, 255, 248, 247, 244, 240, 239, 238, 233, 236,
    237, 238, 240, 244, 246, 249, 247, 251, 246, 248, 244, 243, 240, 238,
    234, 233, 234, 235, 236, 237, 242, 244, 245, 245, 246, 246, 242, 243,
    239, 239, 240, 238, 240, 237, 240, 238, 238, 238, 239, 240, 244, 242,
    243, 243, 243, 240, 241 ]
headPositionsY: [ 75, 76, 77, 78, 77, 77, 75, 77, 75, 76, 77, 75, 74, 74,
    76, 74, 74, 76, 78, 78, 77, 78, 74, 76, 75, 75, 74, 76, 77, 74, 77,
    75, 74, 77, 75, 78, 75, 78, 77, 78, 74, 75, 76, 77, 73, 77, 77, 77,
    75, 76, 77, 79, 78, 75, 76, 79, 79, 77, 77, 79, 77, 79, 76, 77, 77,
    76, 74, 74, 78, 75, 78, 79, 74, 78, 76, 75, 77, 76, 78, 78, 77, 75,
    76, 76, 79, 77, 77, 77, 78, 77, 74, 77, 77, 77, 78, 74, 77, 76, 76,
    76 ]
