%YAML:1.0
---
videoName: "headShake2.mp4"
gestureLabel: 201
fps: 29
pixelSizeInCmTemp: 3.4214285714285714e-01
faceCenterPointX: 276
faceCenterPointY: 98
headPositionsX: [ 276, 278, 276, 278, 279, 279, 275, 279, 276, 278, 276,
    275, 275, 277, 277, 278, 279, 275, 276, 275, 278, 275, 277, 277, 277,
    278, 277, 279, 278, 280, 277, 277, 276, 276, 277, 276, 275, 277, 276,
    279, 278, 280, 279, 285, 287, 291, 293, 296, 295, 294, 289, 288, 281,
    276, 273, 268, 266, 266, 266, 269, 271, 277, 281, 287, 291, 290, 292,
    284, 283, 282, 276, 273, 268, 269, 269, 269, 277, 281, 281, 285, 289,
    287, 285, 286, 281, 283, 278, 276, 277, 275, 275, 276, 276, 277, 273,
    276, 273, 275, 273, 276 ]
headPositionsY: [ 97, 100, 96, 100, 99, 99, 99, 97, 98, 99, 97, 98, 99,
    100, 96, 96, 96, 100, 100, 96, 99, 100, 97, 100, 101, 99, 101, 100,
    102, 98, 98, 99, 98, 101, 101, 99, 98, 99, 97, 100, 100, 97, 98, 96,
    97, 96, 95, 97, 96, 98, 98, 99, 96, 99, 97, 98, 99, 97, 98, 96, 96,
    97, 97, 96, 98, 97, 95, 97, 99, 99, 98, 97, 100, 96, 100, 98, 96,
    100, 98, 96, 99, 97, 98, 99, 100, 101, 100, 96, 100, 100, 98, 98, 98,
    101, 97, 97, 99, 99, 97, 102 ]
