%YAML:1.0
---
videoName: "headShake48.mp4"
gestureLabel: 201
fps: 29
pixelSizeInCmTemp: 3.1103896103896100e-01
faceCenterPointX: 258
faceCenterPointY: 85
headPositionsX: [ 260, 262, 260, 262, 258, 260, 258, 261, 258, 257, 258,
    259, 258, 259, 259, 262, 259, 259, 261, 259, 262, 260, 260, 259, 262,
    260, 260, 257, 259, 259, 259, 259, 260, 261, 260, 262, 265, 268, 270,
    275, 274, 272, 269, 269, 262, 254, 249, 246, 245, 249, 254, 256, 266,
    269, 267, 270, 265, 259, 253, 252, 249, 249, 250, 259, 262, 263, 268,
    267, 263, 262, 259, 254, 252, 249, 251, 254, 256, 259, 264, 267, 267,
    264, 262, 264, 262, 262, 261, 261, 260, 261, 260, 259, 259, 256, 258,
    258, 260, 261, 262, 257 ]
headPositionsY: [ 87, 79, 79, 79, 77, 79, 80, 81, 80, 80, 82, 82, 82, 78,
    81, 82, 79, 79, 82, 83, 81, 80, 79, 82, 81, 83, 83, 81, 82, 80, 84,
    81, 82, 81, 82, 80, 80, 79, 81, 81, 81, 84, 83, 85, 84, 85, 83, 85,
    82, 82, 82, 87, 86, 84, 87, 88, 84, 88, 86, 85, 85, 88, 83, 87, 84,
    88, 85, 85, 86, 86, 86, 86, 84, 86, 87, 87, 85, 84, 84, 87, 86, 88,
    88, 84, 89, 87, 87, 88, 86, 86, 86, 85, 88, 84, 86, 83, 84, 85, 84,
    87 ]
