%YAML:1.0
---
videoName: "headShake12.mp4"
gestureLabel: 201
fps: 29
pixelSizeInCmTemp: 3.2808219178082193e-01
faceCenterPointX: 241
faceCenterPointY: 76
headPositionsX: [ 242, 238, 240, 240, 244, 243, 240, 240, 242, 242, 243,
    244, 241, 244, 242, 244, 244, 239, 244, 240, 241, 242, 244, 242, 241,
    242, 241, 242, 241, 240, 240, 243, 244, 241, 239, 244, 241, 243, 243,
    243, 240, 242, 242, 243, 241, 243, 241, 242, 243, 243, 241, 242, 241,
    243, 240, 240, 239, 244, 245, 245, 249, 254, 253, 256, 257, 259, 256,
    250, 249, 240, 238, 232, 229, 232, 239, 243, 246, 247, 253, 256, 253,
    252, 250, 246, 243, 239, 234, 236, 235, 235, 237, 238, 239, 237, 238,
    239, 240, 242, 239, 242 ]
headPositionsY: [ 74, 72, 72, 70, 72, 71, 74, 74, 75, 71, 74, 73, 75, 74,
    76, 73, 75, 73, 72, 74, 74, 74, 77, 75, 74, 77, 75, 75, 74, 72, 74,
    73, 76, 76, 75, 76, 74, 72, 72, 74, 74, 75, 73, 73, 75, 72, 76, 72,
    76, 74, 72, 75, 75, 72, 73, 76, 72, 77, 75, 74, 72, 73, 73, 74, 75,
    72, 74, 75, 76, 74, 78, 78, 75, 77, 78, 74, 78, 77, 75, 76, 76, 73,
    74, 76, 74, 78, 76, 75, 76, 74, 76, 77, 74, 75, 76, 77, 78, 76, 79,
    77 ]
