%YAML:1.0
---
videoName: "headShake16.mp4"
gestureLabel: 201
fps: 29
pixelSizeInCmTemp: 3.2364864864864862e-01
faceCenterPointX: 242
faceCenterPointY: 77
headPositionsX: [ 240, 242, 245, 244, 241, 243, 245, 242, 244, 241, 244,
    245, 244, 245, 246, 244, 241, 245, 245, 245, 244, 241, 245, 243, 244,
    242, 240, 245, 240, 241, 240, 241, 241, 243, 239, 243, 241, 245, 245,
    249, 252, 255, 255, 254, 254, 248, 250, 245, 243, 237, 235, 236, 236,
    239, 239, 243, 245, 245, 249, 248, 251, 248, 246, 243, 239, 238, 238,
    234, 235, 235, 234, 238, 237, 238, 242, 245, 245, 243, 244, 242, 244,
    242, 241, 239, 238, 239, 238, 237, 240, 242, 240, 242, 242, 240, 240,
    244, 242, 242, 240, 244 ]
headPositionsY: [ 78, 77, 77, 78, 74, 76, 73, 77, 77, 78, 76, 75, 76, 77,
    77, 75, 73, 77, 77, 76, 76, 78, 76, 77, 74, 74, 75, 77, 74, 75, 75,
    76, 76, 74, 75, 78, 76, 77, 77, 77, 74, 75, 75, 74, 75, 73, 74, 77,
    75, 74, 76, 78, 74, 79, 77, 79, 77, 76, 76, 75, 76, 78, 76, 79, 75,
    77, 78, 77, 74, 78, 79, 76, 74, 79, 76, 78, 74, 77, 77, 74, 77, 77,
    78, 78, 77, 76, 75, 78, 79, 77, 76, 75, 77, 76, 76, 75, 77, 75, 78,
    75 ]
