%YAML:1.0
---
videoName: "headShake48.mp4"
gestureLabel: 201
fps: 29
pixelSizeInCmTemp: 3.1103896103896100e-01
faceCenterPointX: 258
faceCenterPointY: 85
headPositionsX: [ 260, 259, 259, 262, 256, 261, 257, 258, 261, 257, 260,
    258, 260, 259, 261, 261, 261, 257, 259, 261, 258, 261, 261, 257, 260,
    261, 256, 258, 257, 260, 260, 259, 260, 261, 261, 261, 265, 269, 272,
    273, 276, 276, 272, 265, 264, 252, 250, 248, 248, 247, 254, 259, 264,
    268, 268, 269, 264, 258, 253, 251, 251, 248, 252, 258, 259, 265, 269,
    267, 266, 261, 258, 250, 248, 247, 250, 253, 255, 262, 262, 265, 264,
    265, 266, 264, 260, 261, 258, 259, 257, 259, 261, 259, 256, 256, 258,
    259, 261, 258, 259, 260 ]
headPositionsY: [ 85, 80, 78, 81, 76, 79, 81, 81, 81, 80, 78, 81, 78, 80,
    80, 79, 78, 80, 82, 83, 83, 83, 83, 83, 80, 81, 82, 82, 80, 80, 84,
    79, 81, 79, 80, 83, 82, 83, 81, 83, 80, 81, 86, 86, 84, 84, 83, 84,
    81, 84, 82, 86, 88, 88, 87, 87, 84, 87, 88, 87, 84, 85, 87, 88, 87,
    88, 86, 85, 88, 88, 89, 88, 84, 85, 88, 87, 86, 85, 88, 84, 84, 88,
    86, 85, 86, 88, 88, 84, 89, 88, 87, 87, 88, 86, 85, 86, 85, 85, 85,
    84 ]
