%YAML:1.0
---
videoName: "headShake12.mp4"
gestureLabel: 201
fps: 29
pixelSizeInCmTemp: 3.2808219178082193e-01
faceCenterPointX: 241
faceCenterPointY: 76
headPositionsX: [ 239, 242, 239, 239, 243, 243, 240, 244, 241, 243, 242,
    242, 241, 242, 243, 242, 243, 239, 242, 242, 243, 244, 240, 244, 240,
    243, 244, 239, 242, 242, 244, 242, 241, 243, 243, 244, 244, 240, 242,
    240, 241, 241, 242, 243, 240, 242, 242, 240, 241, 242, 241, 243, 239,
    242, 243, 241, 242, 241, 242, 247, 247, 252, 255, 256, 257, 259, 255,
    252, 246, 240, 238, 235, 229, 231, 237, 239, 245, 248, 251, 253, 252,
    252, 249, 245, 243, 242, 234, 235, 238, 237, 240, 238, 238, 239, 240,
    242, 237, 242, 239, 238 ]
headPositionsY: [ 76, 70, 72, 71, 74, 71, 73, 72, 75, 72, 72, 76, 72, 73,
    76, 72, 72, 74, 74, 75, 75, 73, 77, 76, 75, 74, 72, 74, 74, 71, 72,
    74, 73, 73, 75, 74, 72, 75, 75, 75, 76, 74, 74, 76, 76, 76, 76, 74,
    73, 76, 72, 76, 76, 75, 74, 72, 76, 74, 76, 71, 73, 75, 74, 74, 71,
    71, 75, 73, 74, 77, 74, 77, 77, 77, 76, 75, 77, 73, 77, 73, 74, 75,
    77, 79, 78, 74, 75, 78, 77, 76, 75, 77, 76, 75, 75, 75, 78, 77, 78,
    77 ]
