%YAML:1.0
---
videoName: "headShake14.mp4"
gestureLabel: 201
fps: 29
pixelSizeInCmTemp: 3.2364864864864862e-01
faceCenterPointX: 244
faceCenterPointY: 76
headPositionsX: [ 244, 244, 246, 245, 245, 244, 245, 247, 245, 246, 243,
    243, 245, 243, 243, 244, 242, 247, 247, 243, 245, 246, 244, 244, 244,
    247, 252, 250, 257, 259, 263, 263, 259, 260, 256, 250, 249, 240, 237,
    228, 225, 226, 229, 227, 230, 239, 245, 247, 250, 258, 255, 259, 255,
    248, 247, 240, 240, 234, 235, 235, 232, 234, 237, 237, 243, 245, 242,
    245, 249, 250, 251, 248, 250, 246, 247, 244, 244, 240, 240, 238, 239,
    237, 240, 241, 239, 244, 243, 243, 246, 243, 247, 247, 245, 245, 244,
    246, 241, 242, 245, 245 ]
headPositionsY: [ 75, 74, 73, 75, 74, 76, 76, 76, 73, 76, 75, 76, 78, 75,
    75, 75, 77, 77, 74, 77, 74, 74, 73, 74, 75, 77, 77, 72, 74, 75, 74,
    71, 70, 72, 74, 73, 78, 74, 76, 76, 74, 76, 78, 75, 74, 73, 73, 76,
    74, 74, 74, 75, 74, 76, 77, 75, 75, 78, 73, 77, 76, 77, 76, 77, 75,
    77, 75, 77, 77, 74, 75, 74, 75, 79, 77, 77, 78, 77, 74, 74, 75, 76,
    78, 76, 75, 77, 76, 76, 74, 75, 77, 74, 77, 76, 75, 74, 78, 76, 76,
    78 ]
