%YAML:1.0
---
videoName: "headShake39.mp4"
gestureLabel: 201
fps: 29
pixelSizeInCmTemp: 3.1933333333333330e-01
faceCenterPointX: 263
faceCenterPointY: 83
headPositionsX: [ 261, 262, 260, 262, 260, 263, 263, 259, 260, 262, 263,
    263, 263, 261, 260, 261, 260, 260, 263, 260, 257, 259, 257, 255, 250,
    248, 247, 243, 241, 241, 245, 246, 245, 251, 256, 262, 268, 271, 276,
    282, 283, 282, 277, 273, 265, 259, 255, 250, 248, 245, 246, 250, 253,
    257, 261, 268, 272, 278, 279, 281, 278, 275, 271, 263, 257, 256, 249,
    250, 247, 250, 251, 251, 251, 255, 256, 260, 259, 263, 262, 265, 265,
    264, 266, 264, 268, 268, 264, 267, 264, 264, 265, 266, 262, 262, 264,
    263, 263, 263, 261, 264 ]
headPositionsY: [ 83, 81, 83, 84, 81, 80, 84, 82, 84, 84, 82, 81, 83, 84,
    81, 84, 81, 82, 84, 84, 83, 82, 83, 85, 81, 82, 81, 81, 82, 81, 81,
    80, 84, 80, 85, 82, 80, 83, 78, 78, 82, 80, 81, 85, 81, 85, 82, 83,
    81, 83, 83, 81, 82, 81, 80, 82, 84, 82, 79, 80, 79, 80, 83, 83, 82,
    80, 80, 80, 77, 79, 77, 81, 79, 81, 83, 81, 84, 83, 81, 84, 81, 81,
    82, 81, 82, 83, 81, 81, 82, 83, 84, 82, 81, 83, 81, 81, 83, 85, 83,
    83 ]
