%YAML:1.0
---
videoName: "headShake16.mp4"
gestureLabel: 201
fps: 29
pixelSizeInCmTemp: 3.2364864864864862e-01
faceCenterPointX: 242
faceCenterPointY: 77
headPositionsX: [ 241, 241, 245, 246, 243, 245, 246, 244, 244, 243, 242,
    244, 241, 245, 243, 243, 243, 245, 243, 246, 244, 243, 243, 243, 241,
    244, 244, 241, 243, 242, 243, 245, 242, 244, 241, 242, 243, 243, 245,
    248, 253, 254, 257, 256, 255, 249, 248, 243, 239, 238, 235, 236, 235,
    238, 237, 241, 246, 249, 250, 249, 249, 250, 247, 244, 239, 239, 237,
    236, 233, 234, 236, 235, 238, 241, 243, 245, 241, 246, 244, 241, 245,
    242, 242, 239, 241, 238, 240, 239, 238, 242, 239, 243, 243, 244, 240,
    240, 243, 241, 240, 245 ]
headPositionsY: [ 75, 74, 75, 77, 74, 76, 74, 78, 74, 76, 78, 75, 74, 74,
    76, 74, 76, 74, 74, 76, 77, 76, 76, 77, 73, 77, 73, 77, 76, 74, 73,
    78, 77, 77, 73, 76, 74, 75, 78, 74, 74, 76, 73, 74, 73, 74, 78, 76,
    77, 75, 76, 76, 77, 78, 75, 75, 79, 78, 75, 76, 74, 77, 75, 76, 78,
    75, 75, 76, 78, 78, 79, 75, 76, 76, 76, 76, 75, 78, 75, 78, 79, 79,
    75, 77, 75, 76, 79, 74, 77, 79, 74, 74, 75, 77, 75, 74, 78, 79, 75,
    78 ]
