%YAML:1.0
---
videoName: "headShake23.mp4"
gestureLabel: 201
fps: 29
pixelSizeInCmTemp: 3.2808219178082193e-01
faceCenterPointX: 240
faceCenterPointY: 77
headPositionsX: [ 239, 241, 242, 240, 241, 241, 242, 240, 241, 242, 240,
    242, 239, 244, 243, 240, 243, 239, 237, 238, 239, 241, 242, 245, 247,
    249, 251, 256, 255, 255, 253, 253, 253, 249, 248, 247, 240, 236, 233,
    232, 231, 229, 230, 231, 227, 230, 233, 233, 234, 240, 243, 243, 245,
    252, 252, 253, 251, 255, 250, 252, 251, 251, 245, 246, 242, 242, 240,
    238, 235, 237, 237, 236, 233, 232, 235, 236, 236, 236, 238, 237, 239,
    242, 239, 240, 244, 245, 245, 243, 245, 243, 245, 244, 244, 245, 241,
    242, 244, 244, 243, 240 ]
headPositionsY: [ 76, 77, 79, 78, 77, 77, 75, 78, 77, 74, 78, 76, 78, 78,
    76, 77, 74, 77, 78, 77, 78, 74, 77, 77, 77, 75, 78, 78, 77, 78, 77,
    74, 76, 75, 78, 76, 77, 75, 76, 78, 75, 77, 77, 74, 76, 78, 80, 76,
    78, 78, 78, 78, 75, 76, 75, 79, 75, 77, 74, 78, 77, 76, 79, 81, 80,
    81, 76, 77, 79, 79, 77, 79, 77, 76, 79, 79, 79, 80, 77, 77, 79, 78,
    77, 77, 77, 76, 76, 79, 76, 76, 77, 77, 80, 79, 76, 77, 79, 76, 78,
    75 ]
