%YAML:1.0
---
videoName: "headShake4.mp4"
gestureLabel: 201
fps: 30
pixelSizeInCmTemp: 3.2364864864864862e-01
faceCenterPointX: 237
faceCenterPointY: 101
headPositionsX: [ 237, 243, 243, 250, 249, 254, 255, 254, 251, 249, 244,
    237, 232, 228, 225, 226, 225, 228, 235, 243, 249, 252, 255, 249, 252,
    246, 242, 233, 232, 222, 223, 226, 223, 230, 233, 243, 246, 251, 253,
    257, 257, 253, 245, 244, 235, 232, 229, 223, 226, 226, 226, 232, 235,
    237, 240, 245, 248, 246, 251, 250, 246, 245, 241, 238, 235, 232, 231,
    230, 231, 230, 232, 236, 235, 235, 238, 238, 243, 244, 240, 242, 239,
    238, 238, 238, 236, 237, 236, 236, 235, 240, 235, 236, 234, 234, 236,
    237, 239, 237, 239, 239 ]
headPositionsY: [ 102, 99, 97, 98, 101, 99, 97, 96, 98, 100, 101, 99,
    101, 99, 99, 100, 95, 99, 98, 97, 97, 97, 100, 98, 98, 101, 101, 100,
    97, 96, 98, 99, 97, 97, 99, 99, 98, 101, 97, 101, 101, 98, 100, 101,
    98, 100, 100, 101, 98, 100, 99, 98, 98, 102, 103, 99, 99, 99, 100,
    99, 100, 101, 99, 99, 102, 102, 100, 102, 101, 101, 98, 101, 99, 101,
    102, 101, 103, 102, 99, 102, 101, 100, 100, 100, 101, 99, 100, 99,
    101, 101, 101, 102, 101, 101, 98, 99, 101, 100, 99, 98 ]
