%YAML:1.0
---
videoName: "headShake40.mp4"
gestureLabel: 201
fps: 29
pixelSizeInCmTemp: 3.2808219178082193e-01
faceCenterPointX: 261
faceCenterPointY: 86
headPositionsX: [ 259, 259, 263, 261, 262, 260, 259, 259, 262, 261, 259,
    261, 261, 261, 261, 262, 258, 261, 259, 261, 263, 260, 260, 259, 262,
    261, 260, 260, 259, 257, 255, 257, 254, 253, 252, 252, 256, 260, 264,
    272, 275, 279, 282, 277, 276, 274, 270, 263, 258, 253, 249, 250, 244,
    247, 252, 254, 254, 261, 264, 269, 272, 274, 268, 267, 268, 261, 259,
    257, 259, 258, 256, 256, 258, 262, 262, 267, 267, 266, 268, 267, 265,
    265, 260, 263, 259, 261, 258, 257, 259, 256, 258, 257, 259, 259, 262,
    262, 260, 260, 259, 262 ]
headPositionsY: [ 84, 82, 81, 82, 83, 84, 83, 84, 82, 83, 86, 86, 86, 82,
    83, 83, 82, 81, 86, 83, 83, 81, 86, 86, 83, 83, 86, 83, 82, 86, 83,
    85, 86, 85, 84, 81, 83, 82, 85, 84, 82, 82, 78, 82, 79, 81, 85, 83,
    80, 85, 85, 82, 81, 83, 82, 82, 82, 85, 82, 84, 84, 82, 82, 85, 85,
    82, 85, 85, 82, 83, 81, 82, 86, 83, 80, 81, 84, 84, 84, 85, 81, 82,
    84, 84, 84, 85, 84, 85, 85, 83, 85, 83, 85, 85, 85, 87, 85, 84, 86,
    83 ]
