%YAML:1.0
---
videoName: "headShake9.mp4"
gestureLabel: 201
fps: 30
pixelSizeInCmTemp: 3.2808219178082193e-01
faceCenterPointX: 243
faceCenterPointY: 73
headPositionsX: [ 242, 243, 241, 241, 242, 240, 243, 244, 245, 245, 243,
    245, 243, 244, 241, 241, 244, 244, 242, 244, 243, 243, 245, 244, 242,
    241, 242, 243, 244, 245, 240, 241, 245, 244, 244, 241, 240, 244, 242,
    246, 245, 252, 251, 255, 263, 264, 262, 267, 259, 259, 252, 247, 241,
    239, 232, 230, 227, 229, 230, 237, 242, 247, 251, 255, 260, 261, 261,
    260, 256, 250, 242, 237, 233, 231, 230, 227, 228, 233, 236, 239, 244,
    248, 251, 253, 249, 250, 252, 247, 250, 244, 247, 246, 245, 245, 245,
    241, 244, 242, 242, 244 ]
headPositionsY: [ 74, 74, 70, 70, 74, 71, 73, 74, 74, 73, 71, 70, 72, 71,
    70, 72, 70, 73, 73, 74, 73, 73, 74, 74, 70, 75, 72, 71, 71, 74, 73,
    74, 75, 71, 72, 70, 73, 71, 71, 72, 70, 72, 71, 70, 72, 70, 68, 72,
    71, 71, 73, 74, 75, 75, 73, 74, 74, 74, 75, 75, 72, 74, 70, 71, 67,
    71, 71, 71, 72, 74, 70, 74, 71, 71, 75, 72, 74, 73, 74, 75, 75, 75,
    71, 71, 71, 74, 71, 71, 72, 71, 71, 74, 72, 74, 74, 74, 72, 72, 72,
    73 ]
