%YAML:1.0
---
videoName: "headShake38.mp4"
gestureLabel: 201
fps: 29
pixelSizeInCmTemp: 3.2808219178082193e-01
faceCenterPointX: 259
faceCenterPointY: 84
headPositionsX: [ 260, 261, 265, 262, 263, 262, 265, 262, 265, 260, 263,
    265, 262, 261, 263, 262, 261, 265, 261, 264, 262, 262, 263, 261, 263,
    263, 265, 262, 262, 262, 265, 263, 264, 264, 262, 265, 260, 265, 265,
    262, 261, 259, 259, 255, 256, 250, 247, 247, 250, 252, 257, 265, 273,
    275, 279, 274, 271, 260, 255, 249, 248, 248, 256, 261, 265, 269, 270,
    269, 266, 259, 254, 248, 247, 247, 249, 255, 257, 262, 264, 266, 271,
    269, 266, 265, 265, 266, 264, 261, 262, 262, 261, 259, 259, 258, 259,
    261, 259, 261, 258, 260 ]
headPositionsY: [ 84, 83, 84, 83, 84, 84, 85, 83, 83, 81, 84, 82, 82, 81,
    85, 81, 84, 86, 83, 85, 85, 85, 84, 85, 81, 85, 83, 83, 85, 83, 84,
    81, 81, 84, 83, 83, 85, 84, 83, 83, 81, 83, 84, 84, 84, 83, 85, 82,
    82, 84, 85, 83, 83, 84, 84, 81, 82, 83, 84, 84, 86, 81, 84, 85, 82,
    85, 82, 84, 86, 84, 86, 84, 84, 82, 81, 86, 82, 82, 83, 84, 86, 85,
    83, 84, 84, 87, 84, 84, 84, 82, 85, 82, 85, 83, 85, 83, 84, 85, 85,
    83 ]
