%YAML:1.0
---
videoName: "headShake37.mp4"
gestureLabel: 201
fps: 30
pixelSizeInCmTemp: 3.1933333333333330e-01
faceCenterPointX: 263
faceCenterPointY: 83
headPositionsX: [ 262, 260, 260, 261, 262, 262, 260, 264, 264, 262, 262,
    263, 264, 264, 262, 263, 263, 263, 263, 261, 264, 263, 263, 263, 261,
    259, 264, 262, 261, 261, 260, 262, 260, 260, 262, 261, 264, 263, 263,
    261, 262, 260, 263, 261, 262, 263, 263, 266, 265, 269, 276, 279, 280,
    282, 281, 277, 272, 267, 257, 256, 251, 253, 255, 256, 264, 266, 269,
    271, 275, 272, 266, 267, 261, 257, 256, 253, 253, 254, 257, 258, 257,
    261, 261, 265, 268, 264, 264, 264, 268, 267, 263, 263, 265, 263, 261,
    262, 261, 262, 264, 265 ]
headPositionsY: [ 82, 83, 81, 83, 82, 83, 85, 85, 85, 84, 83, 81, 83, 83,
    83, 83, 85, 81, 82, 82, 85, 82, 81, 84, 82, 82, 82, 82, 81, 84, 82,
    83, 85, 83, 85, 83, 82, 84, 82, 85, 85, 85, 82, 81, 84, 83, 84, 85,
    81, 82, 82, 81, 82, 78, 82, 81, 84, 81, 82, 82, 79, 79, 81, 82, 82,
    83, 83, 80, 79, 80, 83, 82, 83, 85, 83, 82, 82, 81, 84, 84, 85, 80,
    81, 83, 81, 84, 81, 82, 81, 84, 82, 83, 85, 83, 82, 82, 83, 84, 82,
    81 ]
