%YAML:1.0
---
videoName: "headShake6.mp4"
gestureLabel: 201
fps: 29
pixelSizeInCmTemp: 3.2808219178082193e-01
faceCenterPointX: 244
faceCenterPointY: 68
headPositionsX: [ 244, 247, 246, 247, 245, 247, 246, 246, 244, 244, 243,
    245, 246, 248, 247, 243, 243, 247, 243, 246, 248, 243, 245, 242, 245,
    245, 245, 246, 247, 253, 258, 259, 261, 263, 262, 259, 260, 254, 249,
    244, 236, 234, 231, 232, 232, 241, 241, 248, 254, 255, 260, 259, 256,
    255, 248, 243, 239, 233, 231, 231, 232, 235, 239, 240, 246, 246, 249,
    250, 251, 251, 248, 242, 242, 240, 237, 238, 238, 241, 239, 240, 242,
    241, 242, 245, 242, 247, 243, 243, 244, 244, 245, 242, 242, 245, 243,
    246, 245, 246, 242, 246 ]
headPositionsY: [ 66, 66, 66, 68, 67, 66, 64, 68, 69, 65, 64, 66, 63, 66,
    66, 67, 64, 65, 67, 67, 69, 67, 69, 68, 68, 69, 69, 68, 66, 68, 67,
    66, 67, 67, 66, 64, 64, 67, 69, 66, 69, 67, 69, 68, 70, 70, 68, 69,
    65, 67, 66, 66, 69, 68, 66, 67, 67, 68, 70, 68, 70, 69, 69, 68, 67,
    67, 69, 67, 69, 68, 68, 68, 69, 69, 67, 68, 68, 69, 67, 66, 67, 69,
    69, 69, 68, 70, 71, 68, 69, 68, 68, 67, 70, 69, 66, 70, 68, 70, 68,
    69 ]
