%YAML:1.0
---
videoName: "headShake11.mp4"
gestureLabel: 201
fps: 29
pixelSizeInCmTemp: 3.2364864864864862e-01
faceCenterPointX: 244
faceCenterPointY: 76
headPositionsX: [ 242, 239, 242, 243, 244, 244, 243, 243, 242, 243, 242,
    242, 244, 241, 239, 243, 243, 242, 241, 243, 244, 241, 241, 242, 243,
    242, 245, 245, 249, 252, 252, 255, 261, 261, 262, 263, 261, 257, 253,
    251, 244, 240, 234, 232, 227, 228, 228, 230, 232, 240, 247, 252, 252,
    257, 257, 258, 254, 252, 247, 242, 237, 234, 232, 231, 230, 232, 235,
    241, 244, 250, 251, 254, 259, 259, 259, 255, 254, 250, 247, 238, 238,
    235, 237, 237, 235, 237, 238, 242, 242, 245, 248, 247, 249, 246, 247,
    245, 246, 245, 247, 244 ]
headPositionsY: [ 76, 70, 72, 70, 74, 70, 71, 71, 75, 71, 75, 70, 72, 73,
    74, 74, 74, 72, 73, 75, 75, 73, 73, 73, 73, 73, 75, 73, 74, 74, 72,
    74, 69, 73, 72, 73, 74, 74, 75, 75, 75, 76, 75, 76, 76, 74, 74, 72,
    75, 76, 74, 74, 72, 72, 75, 71, 73, 74, 75, 77, 78, 75, 74, 75, 76,
    75, 74, 74, 77, 77, 72, 75, 75, 70, 73, 71, 73, 74, 78, 72, 76, 72,
    73, 72, 73, 75, 77, 77, 77, 76, 77, 73, 75, 75, 73, 77, 77, 76, 76,
    77 ]
