%YAML:1.0
---
videoName: "headShake39.mp4"
gestureLabel: 201
fps: 29
pixelSizeInCmTemp: 3.1933333333333330e-01
faceCenterPointX: 263
faceCenterPointY: 83
headPositionsX: [ 263, 262, 259, 261, 263, 261, 262, 260, 261, 262, 263,
    260, 260, 263, 259, 261, 258, 258, 261, 259, 260, 257, 258, 254, 251,
    250, 249, 247, 241, 244, 243, 246, 248, 250, 254, 259, 266, 273, 277,
    280, 280, 282, 273, 270, 266, 259, 251, 246, 249, 245, 247, 249, 254,
    256, 262, 266, 272, 277, 277, 278, 279, 271, 268, 262, 257, 252, 250,
    249, 251, 250, 250, 251, 254, 253, 255, 258, 261, 264, 266, 264, 264,
    266, 267, 264, 269, 268, 266, 268, 266, 265, 264, 262, 263, 264, 263,
    266, 263, 263, 262, 261 ]
headPositionsY: [ 81, 81, 83, 81, 82, 82, 81, 81, 85, 83, 80, 82, 85, 82,
    82, 84, 85, 84, 84, 83, 81, 82, 82, 82, 84, 84, 84, 82, 81, 81, 85,
    81, 82, 82, 84, 83, 81, 80, 81, 79, 80, 79, 83, 83, 84, 85, 81, 80,
    81, 84, 84, 81, 82, 81, 84, 84, 82, 83, 82, 78, 82, 84, 83, 82, 84,
    82, 80, 80, 80, 82, 79, 80, 81, 81, 83, 83, 82, 82, 85, 81, 81, 83,
    80, 80, 84, 83, 80, 83, 82, 81, 81, 81, 84, 85, 81, 85, 81, 85, 81,
    84 ]
