%YAML:1.0
---
videoName: "headShake28.mp4"
gestureLabel: 201
fps: 29
pixelSizeInCmTemp: 3.2808219178082193e-01
faceCenterPointX: 242
faceCenterPointY: 80
headPositionsX: [ 243, 243, 241, 241, 239, 242, 242, 240, 238, 242, 243,
    241, 241, 241, 241, 240, 242, 239, 241, 242, 243, 242, 243, 244, 241,
    241, 244, 242, 243, 242, 242, 243, 244, 242, 243, 244, 245, 241, 243,
    245, 242, 245, 245, 243, 245, 246, 246, 243, 246, 241, 237, 234, 232,
    230, 231, 232, 240, 242, 247, 254, 256, 258, 254, 248, 246, 241, 235,
    234, 230, 235, 239, 241, 250, 249, 252, 254, 252, 252, 248, 245, 243,
    238, 238, 237, 237, 236, 239, 238, 238, 240, 241, 241, 240, 245, 242,
    240, 242, 240, 240, 243 ]
headPositionsY: [ 80, 77, 79, 74, 79, 75, 77, 75, 76, 78, 80, 79, 78, 81,
    77, 79, 81, 76, 77, 79, 81, 77, 79, 77, 78, 80, 80, 79, 80, 77, 80,
    78, 78, 79, 78, 81, 78, 77, 78, 78, 76, 75, 76, 77, 75, 77, 78, 79,
    75, 75, 79, 75, 76, 77, 78, 76, 76, 77, 77, 78, 74, 78, 75, 79, 78,
    78, 76, 80, 77, 79, 77, 81, 79, 78, 74, 77, 78, 81, 76, 80, 79, 80,
    80, 82, 78, 80, 79, 80, 77, 78, 80, 80, 80, 78, 78, 82, 80, 82, 78,
    81 ]
