%YAML:1.0
---
videoName: "headShake32.mp4"
gestureLabel: 201
fps: 29
pixelSizeInCmTemp: 3.2808219178082193e-01
faceCenterPointX: 237
faceCenterPointY: 77
headPositionsX: [ 238, 234, 236, 237, 238, 236, 239, 240, 238, 239, 238,
    242, 240, 242, 239, 238, 242, 243, 239, 240, 239, 241, 240, 241, 240,
    239, 240, 240, 238, 239, 238, 240, 237, 237, 240, 239, 240, 240, 241,
    244, 242, 247, 246, 248, 248, 248, 249, 253, 251, 249, 250, 248, 246,
    243, 243, 238, 239, 232, 234, 229, 228, 230, 227, 229, 224, 226, 225,
    230, 231, 231, 233, 237, 242, 241, 247, 246, 246, 248, 249, 250, 248,
    245, 247, 247, 242, 241, 238, 241, 241, 237, 237, 238, 237, 237, 236,
    237, 239, 238, 238, 239 ]
headPositionsY: [ 77, 72, 76, 73, 73, 74, 71, 73, 74, 74, 75, 75, 71, 74,
    73, 73, 74, 74, 72, 72, 73, 74, 76, 73, 75, 75, 73, 75, 75, 75, 73,
    73, 76, 75, 77, 75, 74, 73, 75, 75, 74, 73, 73, 71, 71, 72, 75, 74,
    72, 75, 72, 72, 76, 77, 76, 78, 74, 74, 74, 75, 75, 73, 74, 77, 77,
    77, 78, 76, 74, 76, 75, 74, 78, 77, 77, 74, 75, 76, 75, 73, 76, 75,
    74, 77, 79, 79, 75, 75, 76, 78, 79, 76, 75, 75, 76, 76, 80, 76, 77,
    77 ]
