%YAML:1.0
---
videoName: "headShake37.mp4"
gestureLabel: 201
fps: 30
pixelSizeInCmTemp: 3.1933333333333330e-01
faceCenterPointX: 263
faceCenterPointY: 83
headPositionsX: [ 263, 262, 260, 264, 260, 264, 261, 262, 262, 263, 265,
    264, 262, 262, 264, 261, 262, 261, 260, 264, 264, 265, 259, 263, 262,
    259, 260, 264, 262, 262, 263, 263, 262, 260, 262, 261, 263, 263, 262,
    261, 263, 260, 261, 259, 261, 259, 260, 265, 268, 269, 272, 275, 279,
    282, 282, 278, 273, 268, 258, 253, 253, 253, 257, 259, 264, 267, 268,
    273, 271, 274, 270, 263, 261, 257, 255, 255, 255, 252, 257, 255, 259,
    263, 264, 264, 267, 266, 265, 266, 264, 265, 264, 262, 265, 264, 264,
    264, 264, 261, 264, 263 ]
headPositionsY: [ 85, 82, 83, 84, 85, 81, 83, 86, 85, 83, 84, 81, 84, 85,
    82, 85, 82, 84, 82, 85, 84, 81, 84, 82, 83, 83, 83, 81, 83, 84, 83,
    82, 85, 82, 84, 85, 81, 81, 82, 81, 82, 83, 84, 82, 83, 85, 83, 82,
    81, 84, 82, 80, 80, 81, 79, 84, 80, 85, 80, 83, 79, 82, 84, 84, 82,
    81, 82, 82, 80, 84, 82, 85, 83, 84, 83, 81, 81, 79, 84, 82, 84, 84,
    81, 84, 84, 81, 84, 82, 80, 84, 85, 83, 83, 81, 81, 81, 82, 81, 83,
    82 ]
