%YAML:1.0
---
videoName: "headShake34.mp4"
gestureLabel: 201
fps: 29
pixelSizeInCmTemp: 3.2364864864864862e-01
faceCenterPointX: 263
faceCenterPointY: 83
headPositionsX: [ 263, 263, 263, 263, 265, 266, 263, 264, 265, 264, 262,
    264, 264, 263, 265, 263, 263, 262, 264, 266, 266, 265, 264, 262, 263,
    265, 264, 262, 265, 264, 262, 263, 266, 266, 265, 263, 264, 268, 267,
    270, 272, 273, 273, 276, 276, 280, 279, 278, 275, 273, 272, 271, 263,
    261, 256, 253, 253, 252, 254, 254, 260, 259, 266, 269, 272, 269, 270,
    269, 267, 262, 257, 257, 255, 253, 253, 259, 258, 261, 264, 267, 266,
    263, 268, 267, 263, 268, 265, 265, 267, 264, 267, 263, 266, 262, 265,
    265, 261, 264, 261, 264 ]
headPositionsY: [ 82, 84, 82, 85, 84, 82, 82, 84, 83, 84, 83, 84, 84, 82,
    81, 83, 80, 85, 82, 82, 83, 82, 85, 82, 82, 84, 84, 85, 84, 81, 81,
    81, 82, 84, 84, 81, 83, 83, 84, 83, 83, 83, 83, 80, 80, 80, 81, 80,
    82, 81, 81, 86, 82, 84, 83, 82, 79, 80, 81, 80, 84, 85, 84, 84, 83,
    83, 81, 84, 83, 83, 81, 84, 82, 84, 83, 85, 84, 85, 81, 85, 82, 83,
    84, 85, 83, 83, 84, 85, 83, 82, 81, 82, 82, 84, 82, 84, 84, 82, 83,
    84 ]
