%YAML:1.0
---
videoName: "headShake34.mp4"
gestureLabel: 201
fps: 29
pixelSizeInCmTemp: 3.2364864864864862e-01
faceCenterPointX: 263
faceCenterPointY: 83
headPositionsX: [ 265, 262, 264, 264, 261, 264, 263, 264, 263, 266, 266,
    266, 264, 262, 265, 266, 266, 264, 265, 262, 264, 262, 267, 263, 264,
    266, 262, 266, 266, 264, 265, 263, 266, 263, 264, 266, 265, 266, 268,
    267, 271, 273, 275, 275, 274, 279, 276, 279, 279, 276, 271, 269, 261,
    259, 257, 253, 254, 253, 251, 257, 259, 259, 264, 266, 272, 268, 271,
    266, 265, 259, 257, 255, 255, 254, 256, 258, 260, 262, 264, 264, 265,
    267, 265, 267, 267, 266, 263, 264, 266, 267, 265, 266, 266, 261, 264,
    261, 261, 263, 264, 264 ]
headPositionsY: [ 83, 81, 81, 81, 83, 83, 81, 85, 83, 86, 83, 81, 85, 83,
    85, 82, 84, 83, 81, 82, 82, 82, 84, 84, 83, 81, 81, 85, 85, 82, 84,
    85, 82, 84, 82, 81, 83, 83, 84, 85, 80, 80, 84, 83, 83, 79, 80, 81,
    81, 82, 83, 82, 83, 84, 81, 83, 82, 83, 84, 81, 84, 81, 81, 82, 84,
    84, 81, 85, 84, 82, 84, 80, 81, 83, 84, 83, 84, 83, 83, 82, 82, 83,
    84, 81, 86, 86, 84, 82, 84, 84, 85, 81, 86, 84, 85, 85, 85, 85, 83,
    84 ]
