%YAML:1.0
---
videoName: "headShake17.mp4"
gestureLabel: 201
fps: 29
pixelSizeInCmTemp: 3.3263888888888887e-01
faceCenterPointX: 242
faceCenterPointY: 76
headPositionsX: [ 242, 240, 240, 238, 236, 239, 237, 241, 247, 247, 251,
    252, 259, 260, 257, 258, 256, 250, 247, 241, 238, 231, 230, 227, 225,
    225, 229, 233, 236, 242, 244, 249, 249, 251, 251, 254, 252, 252, 249,
    248, 243, 239, 239, 233, 234, 233, 233, 235, 232, 237, 236, 242, 240,
    243, 243, 243, 243, 247, 245, 245, 243, 243, 239, 241, 239, 239, 238,
    239, 242, 242, 241, 242, 241, 239, 239, 242, 243, 239, 242, 241, 239,
    243, 243, 243, 242, 242, 239, 241, 243, 239, 239, 243, 239, 241, 242,
    239, 243, 241, 242, 241 ]
headPositionsY: [ 75, 78, 74, 76, 74, 78, 74, 77, 74, 76, 75, 75, 75, 76,
    77, 75, 76, 74, 75, 79, 79, 77, 78, 75, 76, 77, 76, 75, 75, 79, 74,
    74, 78, 74, 72, 72, 75, 75, 75, 78, 79, 78, 77, 76, 77, 78, 77, 75,
    75, 77, 75, 79, 79, 79, 77, 76, 77, 78, 76, 77, 77, 76, 77, 76, 74,
    76, 78, 75, 75, 79, 76, 75, 74, 77, 76, 74, 76, 75, 76, 75, 79, 78,
    76, 78, 77, 74, 78, 76, 78, 75, 74, 79, 76, 74, 76, 74, 77, 78, 77,
    78 ]
