%YAML:1.0
---
videoName: "headShake40.mp4"
gestureLabel: 201
fps: 29
pixelSizeInCmTemp: 3.2808219178082193e-01
faceCenterPointX: 261
faceCenterPointY: 86
headPositionsX: [ 260, 259, 259, 263, 262, 259, 260, 263, 262, 261, 260,
    260, 264, 260, 264, 262, 258, 261, 260, 258, 261, 259, 260, 262, 262,
    258, 261, 261, 261, 260, 257, 253, 256, 255, 254, 255, 256, 262, 263,
    268, 271, 278, 281, 277, 277, 276, 272, 264, 259, 256, 249, 248, 248,
    246, 248, 251, 258, 260, 264, 267, 269, 271, 268, 266, 266, 265, 263,
    257, 259, 257, 257, 257, 258, 260, 262, 263, 267, 269, 265, 267, 263,
    266, 263, 263, 261, 260, 258, 256, 259, 257, 257, 256, 260, 259, 261,
    258, 261, 263, 260, 259 ]
headPositionsY: [ 84, 85, 81, 82, 82, 82, 84, 84, 83, 84, 84, 83, 85, 84,
    85, 83, 86, 81, 83, 82, 86, 83, 84, 82, 82, 83, 86, 82, 83, 85, 85,
    83, 84, 82, 84, 83, 83, 83, 86, 82, 82, 83, 81, 81, 79, 80, 83, 81,
    80, 85, 82, 85, 79, 81, 84, 85, 83, 86, 82, 80, 83, 85, 84, 84, 84,
    85, 82, 82, 85, 85, 82, 82, 83, 82, 81, 82, 81, 82, 82, 82, 82, 82,
    81, 86, 84, 83, 82, 83, 84, 83, 83, 83, 86, 84, 86, 84, 88, 88, 86,
    87 ]
