%YAML:1.0
---
videoName: "headShake42.mp4"
gestureLabel: 201
fps: 29
pixelSizeInCmTemp: 3.2808219178082193e-01
faceCenterPointX: 257
faceCenterPointY: 85
headPositionsX: [ 259, 271, 275, 277, 275, 276, 279, 274, 275, 273, 272,
    268, 269, 261, 258, 254, 250, 250, 249, 247, 244, 243, 245, 244, 243,
    242, 247, 249, 254, 257, 262, 269, 272, 274, 279, 280, 276, 276, 276,
    278, 273, 271, 265, 266, 264, 256, 253, 251, 249, 248, 245, 246, 247,
    244, 244, 245, 248, 250, 255, 256, 260, 261, 266, 264, 267, 266, 265,
    270, 270, 267, 268, 268, 267, 263, 266, 261, 263, 263, 262, 260, 258,
    257, 255, 258, 257, 256, 256, 254, 257, 257, 259, 254, 254, 259, 258,
    259, 258, 259, 258, 255 ]
headPositionsY: [ 86, 81, 82, 82, 80, 83, 84, 84, 80, 81, 83, 84, 86, 84,
    84, 82, 86, 85, 85, 84, 83, 83, 84, 83, 86, 82, 85, 86, 85, 86, 86,
    85, 83, 81, 82, 83, 81, 83, 82, 82, 85, 85, 87, 85, 88, 88, 87, 86,
    84, 85, 85, 86, 86, 87, 85, 86, 87, 84, 86, 86, 87, 85, 84, 85, 86,
    88, 84, 86, 84, 86, 86, 87, 85, 88, 83, 85, 87, 83, 88, 85, 85, 88,
    86, 85, 87, 86, 85, 87, 87, 86, 85, 86, 85, 83, 87, 84, 86, 87, 86,
    83 ]
