%YAML:1.0
---
videoName: "headShake44.mp4"
gestureLabel: 201
fps: 30
pixelSizeInCmTemp: 3.2808219178082193e-01
faceCenterPointX: 260
faceCenterPointY: 84
headPositionsX: [ 260, 260, 259, 262, 262, 261, 262, 260, 258, 263, 264,
    262, 263, 259, 261, 262, 260, 260, 261, 261, 262, 262, 263, 261, 259,
    261, 259, 263, 260, 262, 258, 259, 261, 260, 259, 258, 259, 258, 261,
    264, 265, 270, 272, 272, 277, 275, 274, 268, 260, 256, 251, 251, 248,
    254, 257, 262, 267, 269, 272, 271, 269, 262, 258, 253, 254, 256, 257,
    266, 268, 271, 272, 271, 266, 263, 259, 254, 251, 252, 251, 253, 257,
    261, 261, 260, 259, 264, 262, 263, 261, 263, 263, 262, 263, 261, 262,
    262, 259, 260, 261, 263 ]
headPositionsY: [ 85, 85, 81, 84, 83, 85, 82, 84, 80, 81, 85, 83, 82, 84,
    82, 83, 85, 83, 82, 82, 83, 84, 84, 81, 85, 83, 81, 81, 82, 81, 83,
    83, 81, 84, 83, 80, 84, 84, 82, 85, 84, 82, 83, 80, 80, 82, 84, 83,
    83, 83, 84, 82, 82, 83, 85, 87, 84, 84, 86, 85, 85, 83, 86, 85, 83,
    85, 85, 86, 82, 81, 82, 81, 82, 84, 83, 85, 84, 84, 83, 86, 83, 85,
    84, 85, 85, 86, 86, 86, 87, 85, 83, 85, 84, 86, 85, 83, 84, 84, 83,
    84 ]
