%YAML:1.0
---
videoName: "headShake6.mp4"
gestureLabel: 201
fps: 29
pixelSizeInCmTemp: 3.2808219178082193e-01
faceCenterPointX: 244
faceCenterPointY: 68
headPositionsX: [ 244, 246, 245, 248, 246, 244, 245, 246, 245, 245, 245,
    243, 244, 246, 246, 246, 243, 248, 243, 245, 247, 244, 244, 245, 245,
    243, 245, 246, 247, 252, 258, 258, 262, 261, 264, 261, 260, 252, 247,
    243, 234, 233, 231, 231, 234, 240, 241, 251, 253, 259, 258, 259, 254,
    255, 248, 245, 237, 234, 233, 231, 230, 236, 235, 240, 247, 249, 251,
    250, 251, 247, 244, 241, 241, 240, 240, 239, 236, 238, 238, 240, 239,
    243, 242, 244, 242, 244, 243, 244, 243, 245, 245, 243, 246, 246, 244,
    242, 242, 245, 243, 246 ]
headPositionsY: [ 68, 69, 64, 65, 67, 65, 65, 68, 65, 68, 65, 65, 67, 64,
    65, 65, 65, 66, 64, 64, 67, 64, 67, 67, 70, 65, 68, 69, 67, 65, 64,
    67, 66, 66, 65, 64, 65, 68, 69, 69, 69, 66, 66, 69, 70, 70, 70, 69,
    65, 68, 67, 68, 67, 68, 66, 70, 69, 68, 66, 68, 70, 65, 68, 69, 70,
    70, 69, 70, 69, 67, 67, 69, 69, 66, 67, 68, 68, 69, 66, 68, 70, 67,
    66, 67, 68, 69, 67, 67, 66, 67, 66, 68, 69, 69, 67, 70, 67, 67, 66,
    66 ]
