%YAML:1.0
---
videoName: "headShake29.mp4"
gestureLabel: 201
fps: 29
pixelSizeInCmTemp: 3.3263888888888887e-01
faceCenterPointX: 243
faceCenterPointY: 76
headPositionsX: [ 245, 241, 240, 241, 241, 243, 242, 244, 242, 242, 242,
    244, 245, 241, 241, 244, 242, 240, 245, 242, 241, 241, 242, 239, 239,
    237, 239, 237, 237, 240, 245, 248, 250, 253, 252, 253, 257, 253, 249,
    243, 239, 232, 231, 227, 226, 230, 232, 239, 242, 248, 251, 251, 254,
    250, 248, 246, 239, 236, 232, 231, 229, 229, 231, 235, 236, 241, 245,
    248, 250, 252, 250, 253, 248, 244, 242, 240, 237, 237, 236, 232, 236,
    232, 235, 235, 236, 236, 237, 240, 240, 241, 245, 242, 244, 241, 242,
    246, 244, 244, 241, 241 ]
headPositionsY: [ 75, 76, 73, 76, 78, 74, 76, 78, 75, 77, 78, 77, 74, 77,
    73, 77, 75, 76, 77, 75, 76, 76, 77, 77, 78, 75, 78, 76, 76, 78, 77,
    77, 76, 73, 74, 77, 74, 76, 75, 74, 77, 75, 73, 75, 77, 74, 76, 74,
    76, 79, 74, 75, 77, 77, 78, 76, 77, 76, 77, 77, 75, 75, 78, 74, 77,
    79, 75, 75, 73, 78, 75, 77, 77, 78, 78, 76, 74, 75, 75, 75, 76, 77,
    75, 77, 76, 76, 74, 77, 76, 74, 75, 80, 76, 76, 79, 77, 75, 77, 78,
    78 ]
