%YAML:1.0
---
videoName: "headShake48.mp4"
gestureLabel: 201
fps: 29
pixelSizeInCmTemp: 3.1103896103896100e-01
faceCenterPointX: 258
faceCenterPointY: 85
headPositionsX: [ 257, 258, 262, 260, 257, 260, 261, 257, 257, 259, 257,
    258, 261, 261, 258, 260, 258, 258, 260, 261, 262, 261, 259, 261, 260,
    258, 257, 259, 256, 259, 261, 257, 256, 259, 259, 262, 267, 269, 272,
    276, 276, 275, 271, 267, 264, 254, 250, 248, 246, 250, 255, 260, 264,
    269, 269, 269, 265, 261, 256, 250, 251, 248, 252, 256, 259, 267, 265,
    266, 263, 263, 256, 252, 250, 246, 248, 254, 258, 263, 261, 264, 265,
    265, 263, 262, 263, 258, 257, 260, 261, 260, 259, 257, 256, 258, 257,
    259, 258, 259, 261, 260 ]
headPositionsY: [ 85, 79, 77, 79, 77, 77, 81, 80, 77, 81, 82, 80, 78, 82,
    79, 78, 80, 78, 81, 79, 80, 83, 83, 79, 79, 82, 82, 79, 83, 84, 83,
    83, 80, 81, 84, 83, 84, 80, 81, 84, 83, 85, 84, 87, 85, 85, 81, 84,
    85, 82, 86, 85, 88, 87, 86, 87, 87, 87, 88, 84, 84, 85, 83, 87, 88,
    89, 86, 84, 86, 84, 85, 86, 86, 84, 85, 87, 86, 85, 84, 85, 85, 88,
    88, 86, 88, 84, 84, 88, 86, 88, 87, 84, 86, 84, 87, 84, 83, 86, 85,
    84 ]
