%YAML:1.0
---
videoName: "headShake35.mp4"
gestureLabel: 201
fps: 29
pixelSizeInCmTemp: 3.2364864864864862e-01
faceCenterPointX: 267
faceCenterPointY: 82
headPositionsX: [ 268, 265, 266, 264, 266, 266, 267, 268, 270, 270, 267,
    269, 268, 271, 266, 270, 270, 268, 269, 269, 270, 266, 270, 269, 267,
    267, 268, 269, 267, 271, 268, 269, 266, 270, 269, 269, 267, 266, 266,
    268, 268, 265, 267, 270, 268, 268, 266, 266, 269, 268, 265, 266, 270,
    266, 266, 270, 265, 266, 265, 267, 269, 266, 270, 269, 274, 276, 277,
    281, 281, 281, 277, 271, 266, 260, 261, 260, 260, 264, 266, 268, 272,
    276, 276, 272, 271, 266, 264, 263, 260, 260, 263, 265, 263, 266, 267,
    267, 269, 267, 268, 269 ]
headPositionsY: [ 82, 80, 78, 81, 82, 82, 79, 80, 82, 80, 78, 82, 78, 79,
    77, 80, 81, 79, 82, 80, 78, 77, 80, 78, 79, 81, 79, 81, 79, 81, 79,
    80, 79, 82, 79, 79, 80, 79, 80, 79, 80, 78, 78, 80, 81, 81, 82, 79,
    79, 82, 78, 82, 83, 80, 79, 82, 78, 82, 80, 79, 82, 81, 78, 80, 82,
    81, 81, 78, 78, 83, 83, 83, 82, 82, 79, 81, 83, 82, 80, 81, 83, 83,
    83, 81, 83, 84, 79, 82, 81, 81, 82, 80, 80, 81, 79, 80, 81, 80, 81,
    84 ]
