%YAML:1.0
---
videoName: "headShake44.mp4"
gestureLabel: 201
fps: 30
pixelSizeInCmTemp: 3.2808219178082193e-01
faceCenterPointX: 260
faceCenterPointY: 84
headPositionsX: [ 260, 260, 258, 261, 261, 263, 259, 263, 261, 261, 263,
    263, 261, 262, 259, 260, 263, 261, 261, 260, 259, 260, 262, 261, 260,
    259, 259, 263, 259, 259, 258, 259, 258, 261, 260, 261, 261, 260, 260,
    261, 264, 269, 273, 276, 277, 273, 271, 265, 260, 257, 252, 253, 250,
    254, 258, 261, 266, 269, 272, 269, 265, 260, 259, 253, 252, 255, 257,
    262, 268, 273, 273, 268, 267, 264, 257, 253, 252, 250, 255, 257, 258,
    260, 260, 263, 263, 260, 262, 264, 261, 261, 260, 261, 259, 264, 261,
    259, 262, 262, 259, 263 ]
headPositionsY: [ 83, 81, 82, 83, 83, 81, 84, 81, 81, 84, 81, 83, 81, 82,
    83, 81, 85, 80, 81, 84, 83, 81, 83, 84, 84, 83, 83, 82, 81, 80, 85,
    83, 84, 85, 82, 82, 82, 85, 85, 83, 85, 81, 81, 81, 84, 82, 82, 83,
    84, 83, 82, 84, 85, 86, 86, 86, 86, 81, 82, 87, 86, 83, 84, 85, 85,
    85, 83, 85, 83, 82, 82, 84, 85, 84, 81, 85, 83, 83, 86, 83, 86, 83,
    84, 84, 84, 82, 84, 87, 85, 84, 84, 86, 86, 87, 85, 86, 83, 86, 87,
    85 ]
