%YAML:1.0
---
videoName: "headShake11.mp4"
gestureLabel: 201
fps: 29
pixelSizeInCmTemp: 3.2364864864864862e-01
faceCenterPointX: 244
faceCenterPointY: 76
headPositionsX: [ 243, 239, 241, 242, 243, 244, 245, 241, 242, 244, 244,
    244, 242, 240, 239, 244, 242, 242, 244, 241, 241, 243, 242, 243, 240,
    241, 242, 244, 245, 250, 256, 259, 258, 261, 263, 260, 263, 259, 252,
    249, 246, 237, 234, 230, 227, 224, 228, 229, 235, 238, 246, 249, 255,
    258, 261, 256, 256, 254, 248, 244, 240, 235, 233, 229, 230, 232, 235,
    237, 242, 248, 252, 255, 258, 258, 256, 254, 254, 250, 245, 240, 237,
    237, 236, 235, 237, 239, 241, 244, 243, 245, 249, 250, 248, 248, 245,
    248, 244, 248, 244, 245 ]
headPositionsY: [ 78, 71, 72, 72, 73, 73, 75, 71, 72, 73, 72, 74, 71, 71,
    73, 71, 72, 74, 74, 72, 73, 71, 74, 75, 71, 71, 75, 71, 70, 74, 74,
    70, 73, 73, 72, 72, 75, 72, 71, 74, 74, 73, 76, 75, 72, 74, 74, 74,
    74, 74, 76, 74, 75, 74, 75, 71, 74, 74, 77, 75, 74, 77, 76, 74, 77,
    74, 77, 74, 73, 77, 75, 71, 71, 70, 75, 74, 75, 75, 78, 74, 75, 75,
    75, 72, 73, 76, 77, 75, 74, 77, 74, 74, 72, 75, 75, 77, 73, 75, 74,
    74 ]
