%YAML:1.0
---
videoName: "headShake5.mp4"
gestureLabel: 201
fps: 30
pixelSizeInCmTemp: 3.3263888888888887e-01
faceCenterPointX: 275
faceCenterPointY: 73
headPositionsX: [ 276, 276, 280, 276, 280, 276, 280, 279, 279, 280, 280,
    277, 277, 277, 277, 279, 279, 278, 277, 277, 277, 278, 276, 275, 280,
    276, 280, 279, 277, 279, 280, 277, 278, 282, 281, 284, 290, 292, 294,
    295, 296, 294, 291, 284, 276, 272, 267, 262, 263, 264, 268, 274, 283,
    288, 289, 290, 288, 286, 282, 274, 269, 263, 260, 266, 268, 272, 274,
    282, 284, 282, 284, 281, 279, 280, 271, 272, 266, 268, 267, 268, 271,
    272, 273, 277, 280, 284, 280, 282, 281, 282, 280, 280, 278, 275, 277,
    273, 276, 275, 273, 273 ]
headPositionsY: [ 75, 75, 75, 72, 72, 75, 74, 71, 74, 73, 74, 71, 74, 75,
    74, 74, 74, 72, 71, 71, 74, 72, 74, 74, 75, 74, 76, 74, 76, 73, 71,
    72, 73, 73, 73, 75, 70, 71, 74, 72, 70, 74, 73, 74, 75, 73, 75, 73,
    72, 75, 71, 73, 75, 75, 74, 71, 76, 72, 75, 76, 77, 75, 73, 75, 74,
    74, 72, 72, 71, 74, 72, 73, 74, 73, 76, 72, 74, 71, 72, 70, 74, 73,
    73, 71, 71, 73, 74, 74, 71, 71, 73, 71, 72, 75, 72, 74, 73, 71, 74,
    72 ]
