%YAML:1.0
---
videoName: "headShake15.mp4"
gestureLabel: 201
fps: 29
pixelSizeInCmTemp: 3.3263888888888887e-01
faceCenterPointX: 243
faceCenterPointY: 76
headPositionsX: [ 244, 244, 244, 244, 244, 245, 245, 243, 244, 242, 245,
    245, 243, 242, 243, 242, 244, 244, 244, 244, 241, 245, 242, 242, 241,
    243, 241, 242, 242, 240, 245, 241, 244, 243, 241, 242, 241, 244, 242,
    243, 244, 243, 245, 244, 243, 240, 244, 242, 244, 241, 241, 242, 240,
    242, 241, 241, 242, 242, 244, 240, 240, 245, 245, 249, 249, 253, 256,
    258, 256, 259, 258, 252, 249, 246, 241, 241, 236, 235, 237, 237, 241,
    242, 246, 246, 245, 247, 245, 247, 246, 244, 244, 242, 242, 241, 244,
    241, 243, 243, 241, 246 ]
headPositionsY: [ 74, 76, 76, 77, 75, 75, 75, 78, 76, 74, 77, 75, 76, 75,
    73, 75, 73, 74, 76, 74, 76, 75, 78, 76, 72, 74, 75, 74, 74, 73, 75,
    73, 74, 76, 76, 77, 78, 75, 77, 74, 73, 73, 73, 76, 73, 77, 77, 75,
    77, 75, 74, 78, 76, 76, 75, 73, 74, 77, 77, 76, 76, 75, 78, 74, 73,
    72, 74, 76, 74, 73, 73, 75, 77, 74, 76, 78, 76, 76, 76, 78, 76, 78,
    77, 77, 77, 77, 80, 75, 79, 78, 74, 78, 75, 75, 78, 76, 74, 79, 74,
    77 ]
