%YAML:1.0
---
videoName: "headShake36.mp4"
gestureLabel: 201
fps: 29
pixelSizeInCmTemp: 3.2364864864864862e-01
faceCenterPointX: 263
faceCenterPointY: 80
headPositionsX: [ 261, 263, 263, 263, 261, 262, 263, 269, 270, 272, 272,
    279, 276, 279, 277, 281, 285, 281, 278, 277, 274, 272, 267, 265, 260,
    260, 257, 255, 250, 250, 248, 245, 245, 245, 246, 244, 248, 249, 250,
    252, 256, 262, 265, 266, 269, 271, 276, 278, 281, 281, 280, 283, 280,
    276, 276, 273, 270, 264, 261, 256, 257, 252, 249, 248, 249, 247, 250,
    252, 249, 255, 256, 257, 257, 261, 265, 265, 265, 265, 267, 266, 265,
    266, 267, 265, 268, 266, 263, 267, 263, 266, 266, 265, 262, 263, 263,
    262, 261, 261, 265, 261 ]
headPositionsY: [ 81, 79, 81, 82, 81, 78, 81, 80, 81, 80, 80, 77, 76, 79,
    74, 75, 78, 75, 76, 78, 78, 80, 82, 80, 79, 81, 80, 81, 82, 80, 82,
    80, 80, 79, 82, 78, 82, 82, 83, 83, 79, 81, 81, 81, 79, 79, 82, 78,
    76, 76, 78, 79, 78, 81, 80, 77, 80, 80, 81, 82, 80, 80, 79, 77, 80,
    79, 77, 79, 81, 80, 81, 80, 82, 81, 81, 80, 81, 78, 80, 82, 81, 83,
    78, 77, 82, 80, 81, 80, 81, 81, 80, 79, 81, 80, 81, 80, 82, 79, 78,
    78 ]
