%YAML:1.0
---
videoName: "headShake2.mp4"
gestureLabel: 201
fps: 29
pixelSizeInCmTemp: 3.4214285714285714e-01
faceCenterPointX: 276
faceCenterPointY: 98
headPositionsX: [ 278, 279, 279, 275, 280, 278, 279, 275, 276, 275, 278,
    275, 279, 278, 277, 279, 277, 275, 279, 277, 278, 277, 278, 275, 277,
    275, 276, 277, 276, 279, 278, 277, 277, 278, 280, 279, 274, 278, 279,
    277, 278, 279, 280, 282, 289, 288, 293, 293, 294, 294, 289, 290, 282,
    278, 275, 268, 266, 266, 266, 265, 275, 278, 281, 286, 289, 289, 290,
    285, 281, 280, 276, 269, 268, 267, 266, 272, 276, 280, 282, 284, 287,
    288, 287, 284, 281, 283, 279, 278, 275, 277, 277, 275, 274, 274, 273,
    276, 277, 276, 276, 278 ]
headPositionsY: [ 97, 99, 96, 97, 99, 95, 99, 96, 98, 100, 100, 98, 97,
    97, 99, 97, 98, 98, 101, 100, 97, 99, 100, 96, 98, 98, 99, 98, 98,
    97, 97, 101, 99, 100, 100, 99, 97, 99, 100, 98, 96, 96, 100, 98, 96,
    96, 99, 96, 97, 98, 94, 96, 100, 98, 98, 97, 98, 97, 99, 95, 99, 97,
    99, 97, 99, 97, 96, 98, 98, 100, 99, 99, 100, 100, 99, 99, 97, 99,
    97, 100, 97, 98, 98, 97, 100, 100, 99, 96, 98, 99, 98, 98, 98, 100,
    98, 98, 98, 99, 97, 100 ]
