%YAML:1.0
---
videoName: "headShake29.mp4"
gestureLabel: 201
fps: 29
pixelSizeInCmTemp: 3.3263888888888887e-01
faceCenterPointX: 243
faceCenterPointY: 76
headPositionsX: [ 241, 244, 243, 241, 241, 244, 240, 243, 242, 243, 243,
    242, 244, 242, 243, 241, 243, 244, 243, 240, 245, 243, 243, 241, 241,
    240, 240, 238, 238, 237, 244, 244, 253, 251, 255, 253, 253, 252, 249,
    242, 236, 232, 233, 228, 229, 230, 232, 240, 242, 248, 251, 253, 252,
    251, 248, 247, 242, 238, 234, 231, 231, 228, 233, 236, 238, 242, 245,
    249, 253, 251, 252, 250, 248, 248, 245, 239, 239, 234, 236, 235, 235,
    234, 234, 238, 237, 240, 239, 243, 243, 242, 244, 245, 241, 243, 244,
    243, 243, 242, 244, 244 ]
headPositionsY: [ 77, 76, 77, 74, 75, 76, 76, 74, 74, 75, 76, 75, 78, 74,
    73, 78, 74, 78, 75, 76, 77, 76, 74, 75, 76, 76, 75, 78, 74, 79, 78,
    74, 74, 74, 76, 74, 77, 75, 74, 74, 78, 77, 77, 75, 77, 78, 73, 77,
    76, 78, 78, 75, 76, 75, 78, 78, 78, 75, 75, 79, 74, 75, 77, 76, 79,
    77, 78, 78, 73, 76, 76, 75, 78, 74, 75, 75, 77, 76, 76, 73, 76, 76,
    76, 74, 76, 75, 77, 78, 79, 74, 77, 79, 75, 75, 75, 75, 77, 78, 78,
    76 ]
