%YAML:1.0
---
videoName: "headShake17.mp4"
gestureLabel: 201
fps: 29
pixelSizeInCmTemp: 3.3263888888888887e-01
faceCenterPointX: 242
faceCenterPointY: 76
headPositionsX: [ 240, 239, 236, 237, 238, 238, 238, 241, 245, 245, 253,
    254, 259, 259, 257, 255, 254, 251, 243, 240, 234, 233, 228, 225, 227,
    226, 228, 231, 234, 240, 246, 245, 252, 251, 251, 252, 255, 250, 250,
    245, 243, 240, 237, 235, 230, 231, 231, 233, 234, 235, 237, 242, 241,
    244, 242, 246, 246, 245, 246, 245, 241, 242, 240, 242, 238, 237, 238,
    239, 240, 240, 240, 239, 240, 242, 241, 241, 242, 242, 241, 240, 239,
    243, 241, 241, 240, 243, 239, 241, 243, 240, 243, 243, 241, 243, 241,
    241, 240, 241, 240, 242 ]
headPositionsY: [ 77, 75, 77, 75, 74, 74, 77, 74, 74, 77, 76, 76, 76, 77,
    75, 78, 77, 76, 76, 79, 79, 78, 75, 77, 77, 75, 78, 76, 79, 79, 74,
    76, 74, 77, 74, 75, 74, 77, 75, 76, 78, 75, 76, 75, 75, 78, 75, 77,
    76, 75, 76, 75, 79, 76, 77, 75, 78, 76, 78, 77, 75, 77, 77, 75, 76,
    78, 77, 75, 78, 76, 74, 74, 76, 76, 74, 78, 78, 77, 76, 76, 75, 75,
    79, 74, 76, 74, 79, 76, 76, 77, 78, 79, 78, 74, 78, 75, 78, 75, 75,
    76 ]
