%YAML:1.0
---
videoName: "headShake25.mp4"
gestureLabel: 201
fps: 30
pixelSizeInCmTemp: 3.2364864864864862e-01
faceCenterPointX: 241
faceCenterPointY: 79
headPositionsX: [ 242, 254, 255, 255, 250, 251, 251, 248, 247, 244, 239,
    237, 235, 235, 231, 233, 230, 229, 228, 231, 231, 233, 231, 237, 241,
    243, 245, 246, 246, 247, 249, 250, 248, 248, 246, 247, 241, 240, 236,
    237, 233, 230, 233, 231, 228, 232, 233, 232, 234, 237, 241, 243, 243,
    246, 249, 246, 249, 251, 251, 252, 252, 250, 248, 247, 243, 241, 242,
    239, 239, 238, 236, 233, 234, 233, 234, 234, 235, 237, 238, 236, 237,
    239, 240, 242, 240, 244, 243, 245, 245, 244, 240, 242, 244, 239, 242,
    241, 243, 239, 243, 241 ]
headPositionsY: [ 77, 77, 79, 76, 77, 79, 79, 80, 80, 76, 76, 75, 80, 76,
    75, 77, 77, 79, 76, 80, 80, 76, 79, 76, 79, 76, 77, 76, 80, 77, 80,
    77, 80, 77, 78, 78, 79, 80, 79, 80, 79, 76, 76, 77, 77, 78, 76, 80,
    78, 78, 81, 78, 77, 80, 80, 81, 82, 76, 77, 77, 77, 80, 78, 81, 81,
    80, 80, 80, 80, 81, 77, 79, 76, 80, 79, 77, 80, 77, 76, 76, 78, 78,
    81, 80, 77, 81, 79, 79, 81, 79, 77, 79, 80, 77, 77, 78, 81, 81, 77,
    81 ]
