%YAML:1.0
---
videoName: "headShake6.mp4"
gestureLabel: 201
fps: 29
pixelSizeInCmTemp: 3.2808219178082193e-01
faceCenterPointX: 244
faceCenterPointY: 68
headPositionsX: [ 246, 245, 247, 246, 245, 246, 245, 243, 246, 246, 244,
    245, 245, 246, 245, 246, 246, 246, 242, 246, 248, 247, 247, 243, 243,
    247, 247, 247, 248, 254, 258, 260, 263, 263, 264, 258, 256, 253, 249,
    243, 238, 231, 229, 233, 234, 239, 242, 251, 252, 256, 256, 260, 258,
    256, 249, 245, 236, 236, 232, 231, 230, 235, 239, 243, 247, 247, 250,
    250, 249, 248, 244, 244, 240, 241, 237, 238, 236, 241, 239, 241, 240,
    240, 244, 243, 243, 244, 247, 245, 246, 242, 244, 243, 246, 242, 245,
    246, 244, 243, 242, 245 ]
headPositionsY: [ 69, 65, 64, 66, 68, 66, 66, 66, 67, 64, 65, 67, 67, 66,
    65, 64, 68, 67, 66, 64, 65, 64, 69, 64, 67, 69, 68, 66, 68, 65, 65,
    67, 64, 67, 69, 66, 64, 69, 70, 67, 68, 65, 70, 69, 70, 66, 68, 70,
    67, 69, 69, 66, 68, 66, 68, 70, 68, 65, 66, 66, 66, 69, 70, 68, 68,
    69, 67, 70, 67, 65, 69, 66, 66, 66, 67, 69, 69, 67, 68, 70, 70, 70,
    70, 69, 67, 70, 71, 68, 66, 70, 69, 70, 70, 67, 66, 69, 68, 67, 66,
    67 ]
