%YAML:1.0
---
videoName: "headShake41.mp4"
gestureLabel: 201
fps: 29
pixelSizeInCmTemp: 3.2364864864864862e-01
faceCenterPointX: 264
faceCenterPointY: 85
headPositionsX: [ 264, 262, 261, 260, 263, 261, 263, 263, 262, 262, 264,
    263, 261, 261, 263, 260, 263, 263, 260, 262, 264, 265, 262, 263, 266,
    271, 269, 273, 274, 276, 279, 280, 280, 280, 281, 280, 281, 279, 278,
    278, 276, 270, 266, 264, 255, 254, 253, 250, 245, 248, 242, 246, 247,
    246, 246, 249, 250, 251, 259, 262, 264, 269, 270, 275, 275, 276, 277,
    280, 278, 276, 279, 274, 273, 270, 272, 267, 269, 266, 266, 264, 263,
    265, 266, 264, 264, 264, 261, 261, 262, 262, 264, 265, 260, 264, 262,
    262, 265, 263, 265, 266 ]
headPositionsY: [ 85, 84, 81, 85, 81, 83, 80, 81, 86, 83, 83, 85, 81, 83,
    82, 85, 84, 85, 82, 83, 86, 84, 85, 85, 82, 83, 81, 82, 82, 81, 80,
    82, 80, 80, 79, 81, 81, 81, 83, 81, 82, 85, 83, 85, 82, 85, 85, 83,
    83, 80, 80, 82, 81, 83, 86, 86, 81, 85, 85, 86, 83, 86, 83, 84, 85,
    86, 82, 85, 85, 84, 82, 86, 84, 85, 86, 87, 84, 86, 83, 86, 85, 85,
    85, 83, 82, 83, 84, 83, 83, 82, 84, 87, 83, 82, 84, 82, 86, 84, 82,
    87 ]
