%YAML:1.0
---
videoName: "headShake18.mp4"
gestureLabel: 201
fps: 30
pixelSizeInCmTemp: 3.2808219178082193e-01
faceCenterPointX: 240
faceCenterPointY: 77
headPositionsX: [ 240, 242, 240, 242, 240, 241, 241, 239, 240, 242, 241,
    242, 240, 242, 239, 240, 240, 243, 239, 238, 241, 240, 242, 241, 240,
    238, 239, 239, 242, 240, 239, 238, 238, 239, 237, 242, 242, 247, 247,
    250, 251, 251, 251, 249, 248, 244, 238, 233, 231, 231, 231, 233, 238,
    238, 240, 248, 251, 248, 247, 246, 245, 241, 239, 236, 232, 232, 235,
    235, 236, 240, 242, 241, 247, 246, 244, 243, 240, 235, 238, 234, 236,
    235, 238, 239, 241, 242, 242, 245, 242, 245, 241, 239, 242, 239, 239,
    242, 242, 239, 242, 241 ]
headPositionsY: [ 79, 75, 76, 75, 75, 74, 75, 75, 75, 76, 73, 76, 77, 74,
    76, 76, 75, 78, 75, 78, 73, 76, 74, 78, 78, 77, 75, 78, 74, 74, 79,
    73, 77, 76, 75, 75, 76, 76, 74, 77, 78, 76, 74, 78, 75, 79, 77, 79,
    75, 75, 74, 74, 79, 79, 77, 77, 74, 77, 76, 76, 78, 75, 75, 79, 76,
    75, 77, 78, 77, 77, 77, 77, 79, 77, 79, 78, 79, 77, 76, 74, 78, 78,
    75, 76, 79, 76, 78, 77, 79, 79, 80, 75, 80, 79, 75, 78, 77, 78, 75,
    78 ]
