%YAML:1.0
---
videoName: "headShake38.mp4"
gestureLabel: 201
fps: 29
pixelSizeInCmTemp: 3.2808219178082193e-01
faceCenterPointX: 259
faceCenterPointY: 84
headPositionsX: [ 261, 262, 264, 264, 265, 265, 263, 264, 264, 261, 263,
    265, 262, 265, 261, 261, 263, 265, 263, 265, 263, 264, 262, 263, 264,
    264, 264, 265, 261, 264, 261, 263, 265, 261, 260, 265, 263, 261, 262,
    262, 260, 260, 261, 255, 254, 250, 250, 248, 250, 253, 260, 264, 275,
    275, 276, 273, 270, 261, 255, 251, 249, 249, 254, 260, 266, 273, 274,
    271, 267, 260, 251, 251, 248, 249, 248, 256, 258, 264, 264, 270, 270,
    269, 269, 266, 267, 265, 260, 259, 262, 262, 262, 258, 258, 258, 261,
    259, 262, 258, 259, 261 ]
headPositionsY: [ 85, 83, 82, 83, 83, 82, 85, 82, 86, 82, 83, 82, 83, 85,
    84, 82, 83, 83, 83, 83, 85, 83, 83, 85, 81, 83, 81, 85, 84, 81, 86,
    83, 84, 83, 83, 84, 84, 82, 85, 82, 83, 84, 83, 84, 81, 80, 85, 80,
    82, 86, 86, 83, 83, 83, 84, 83, 86, 86, 83, 82, 82, 84, 81, 85, 83,
    84, 84, 82, 85, 85, 84, 80, 84, 84, 82, 86, 82, 84, 82, 81, 85, 86,
    86, 84, 84, 83, 87, 85, 86, 86, 82, 83, 84, 86, 85, 86, 83, 87, 84,
    84 ]
