%YAML:1.0
---
videoName: "headShake38.mp4"
gestureLabel: 201
fps: 29
pixelSizeInCmTemp: 3.2808219178082193e-01
faceCenterPointX: 259
faceCenterPointY: 84
headPositionsX: [ 261, 261, 264, 264, 265, 265, 263, 261, 262, 263, 262,
    263, 262, 263, 261, 262, 261, 264, 265, 261, 262, 263, 262, 263, 264,
    264, 261, 261, 262, 260, 265, 264, 265, 263, 262, 262, 260, 265, 261,
    264, 264, 259, 260, 255, 252, 252, 250, 249, 250, 254, 261, 265, 272,
    275, 279, 275, 268, 263, 253, 249, 247, 250, 254, 258, 269, 269, 272,
    271, 268, 260, 253, 248, 249, 248, 248, 254, 260, 266, 266, 266, 267,
    270, 268, 268, 265, 263, 261, 261, 261, 261, 261, 262, 260, 260, 263,
    261, 260, 260, 259, 261 ]
headPositionsY: [ 85, 81, 82, 82, 81, 81, 82, 84, 83, 84, 85, 85, 85, 85,
    81, 82, 81, 84, 81, 83, 85, 83, 86, 83, 85, 85, 81, 82, 82, 85, 82,
    81, 85, 86, 85, 82, 83, 84, 83, 85, 81, 83, 84, 82, 84, 82, 85, 83,
    82, 85, 83, 84, 83, 81, 83, 83, 85, 86, 82, 85, 82, 80, 84, 83, 86,
    84, 85, 82, 82, 83, 83, 81, 82, 82, 82, 83, 82, 82, 86, 83, 86, 85,
    86, 85, 86, 84, 85, 82, 83, 86, 85, 84, 86, 85, 86, 86, 86, 86, 86,
    86 ]
