%YAML:1.0
---
videoName: "headShake10.mp4"
gestureLabel: 201
fps: 29
pixelSizeInCmTemp: 3.3732394366197183e-01
faceCenterPointX: 240
faceCenterPointY: 74
headPositionsX: [ 241, 246, 248, 246, 246, 248, 244, 245, 246, 245, 246,
    244, 244, 244, 248, 247, 245, 246, 245, 244, 245, 246, 247, 244, 244,
    244, 248, 246, 247, 245, 247, 244, 247, 244, 247, 248, 246, 244, 247,
    244, 247, 247, 245, 244, 246, 243, 246, 246, 246, 246, 246, 248, 248,
    254, 257, 255, 261, 261, 261, 261, 257, 251, 248, 244, 240, 234, 232,
    231, 231, 236, 239, 241, 247, 247, 255, 256, 255, 255, 256, 252, 250,
    251, 248, 246, 244, 243, 241, 240, 242, 241, 239, 241, 242, 239, 239,
    240, 242, 243, 239, 241 ]
headPositionsY: [ 73, 71, 75, 74, 73, 74, 73, 70, 71, 71, 71, 73, 71, 75,
    75, 74, 75, 72, 75, 74, 74, 74, 71, 71, 71, 74, 75, 72, 75, 74, 74,
    71, 73, 72, 72, 72, 74, 72, 76, 75, 75, 75, 74, 73, 74, 75, 73, 74,
    70, 73, 74, 73, 74, 73, 70, 69, 73, 72, 71, 74, 75, 74, 73, 74, 71,
    75, 73, 72, 74, 76, 72, 76, 73, 72, 75, 71, 73, 71, 75, 75, 75, 74,
    73, 73, 74, 76, 77, 78, 75, 75, 73, 76, 76, 73, 75, 75, 76, 77, 76,
    76 ]
