%YAML:1.0
---
videoName: "headShake8.mp4"
gestureLabel: 201
fps: 29
pixelSizeInCmTemp: 3.2364864864864862e-01
faceCenterPointX: 243
faceCenterPointY: 72
headPositionsX: [ 245, 245, 242, 246, 242, 244, 246, 245, 244, 242, 243,
    245, 245, 243, 243, 245, 245, 243, 243, 246, 245, 243, 241, 246, 241,
    244, 241, 245, 245, 241, 242, 246, 242, 246, 246, 247, 251, 255, 263,
    265, 267, 267, 265, 262, 255, 249, 246, 239, 233, 232, 233, 233, 233,
    237, 246, 251, 253, 261, 260, 257, 259, 253, 249, 245, 242, 237, 236,
    236, 235, 235, 236, 238, 240, 242, 242, 243, 249, 245, 249, 250, 248,
    250, 248, 248, 248, 248, 248, 249, 246, 243, 246, 244, 243, 244, 245,
    242, 241, 245, 242, 244 ]
headPositionsY: [ 73, 71, 70, 74, 74, 74, 72, 71, 71, 74, 70, 71, 71, 71,
    70, 72, 71, 70, 69, 70, 71, 70, 71, 73, 71, 72, 72, 73, 70, 74, 70,
    71, 73, 72, 73, 69, 69, 72, 69, 70, 71, 72, 69, 73, 73, 72, 74, 69,
    73, 73, 69, 71, 71, 73, 71, 70, 71, 72, 70, 71, 70, 70, 70, 70, 71,
    71, 74, 69, 71, 73, 70, 71, 71, 71, 72, 71, 71, 70, 72, 71, 74, 69,
    72, 70, 69, 71, 70, 70, 69, 70, 69, 72, 70, 73, 73, 70, 70, 72, 74,
    72 ]
