%YAML:1.0
---
videoName: "headShake2.mp4"
gestureLabel: 201
fps: 29
pixelSizeInCmTemp: 3.4214285714285714e-01
faceCenterPointX: 276
faceCenterPointY: 98
headPositionsX: [ 276, 280, 277, 277, 276, 278, 275, 276, 277, 276, 275,
    276, 279, 279, 279, 277, 278, 276, 276, 279, 279, 277, 276, 276, 276,
    278, 279, 276, 276, 276, 275, 280, 276, 278, 276, 276, 278, 278, 277,
    278, 275, 279, 281, 281, 288, 289, 292, 296, 294, 296, 289, 287, 281,
    280, 274, 270, 266, 262, 263, 267, 272, 280, 281, 288, 291, 290, 292,
    284, 282, 281, 273, 273, 268, 266, 266, 269, 273, 279, 281, 284, 287,
    288, 288, 284, 283, 281, 279, 275, 278, 277, 273, 277, 277, 275, 273,
    273, 277, 273, 274, 275 ]
headPositionsY: [ 98, 97, 99, 96, 99, 98, 97, 100, 96, 97, 98, 98, 99,
    100, 99, 97, 98, 97, 100, 96, 101, 98, 97, 99, 99, 98, 98, 96, 99,
    99, 100, 101, 97, 101, 98, 98, 96, 100, 97, 97, 99, 96, 98, 96, 97,
    96, 97, 98, 96, 95, 94, 95, 96, 96, 99, 98, 98, 97, 96, 95, 99, 96,
    96, 95, 98, 96, 95, 96, 98, 96, 99, 100, 100, 100, 97, 96, 96, 99,
    97, 99, 99, 96, 98, 101, 98, 100, 100, 99, 98, 98, 98, 97, 99, 99,
    100, 99, 98, 101, 99, 101 ]
