%YAML:1.0
---
videoName: "headShake49.mp4"
gestureLabel: 201
fps: 30
pixelSizeInCmTemp: 2.8855421686746985e-01
faceCenterPointX: 259
faceCenterPointY: 84
headPositionsX: [ 260, 259, 261, 259, 260, 259, 259, 261, 259, 260, 263,
    262, 263, 261, 260, 259, 260, 261, 260, 263, 262, 259, 259, 263, 260,
    258, 261, 262, 261, 261, 261, 260, 265, 265, 268, 272, 278, 281, 281,
    283, 281, 279, 269, 265, 261, 253, 249, 248, 251, 255, 260, 270, 270,
    275, 274, 265, 260, 258, 249, 247, 246, 249, 255, 259, 265, 271, 269,
    267, 264, 262, 254, 255, 253, 256, 259, 264, 267, 268, 270, 266, 266,
    263, 263, 258, 259, 258, 257, 257, 261, 261, 261, 258, 259, 258, 260,
    257, 259, 257, 257, 260 ]
headPositionsY: [ 85, 81, 83, 81, 83, 80, 82, 79, 81, 80, 83, 81, 81, 81,
    79, 79, 82, 83, 81, 80, 78, 80, 80, 83, 79, 81, 80, 81, 79, 79, 84,
    82, 82, 83, 81, 81, 80, 78, 77, 82, 80, 79, 82, 85, 82, 82, 84, 84,
    82, 86, 86, 86, 86, 84, 82, 85, 83, 86, 83, 82, 84, 83, 85, 83, 86,
    86, 86, 84, 85, 85, 86, 84, 86, 82, 84, 84, 84, 86, 85, 84, 87, 85,
    83, 83, 83, 86, 83, 81, 84, 83, 84, 82, 84, 87, 85, 85, 85, 83, 86,
    87 ]
