%YAML:1.0
---
videoName: "headShake32.mp4"
gestureLabel: 201
fps: 29
pixelSizeInCmTemp: 3.2808219178082193e-01
faceCenterPointX: 237
faceCenterPointY: 77
headPositionsX: [ 238, 237, 235, 238, 239, 236, 235, 236, 238, 237, 237,
    240, 238, 242, 238, 241, 240, 242, 241, 239, 243, 239, 242, 239, 239,
    243, 241, 243, 241, 239, 239, 239, 240, 237, 241, 240, 240, 240, 242,
    242, 243, 246, 246, 249, 250, 251, 251, 251, 252, 252, 252, 246, 246,
    241, 242, 237, 239, 232, 231, 233, 230, 228, 227, 229, 225, 228, 228,
    229, 232, 233, 234, 238, 239, 244, 247, 250, 249, 251, 248, 248, 250,
    249, 245, 243, 244, 242, 238, 240, 237, 238, 236, 237, 239, 238, 237,
    239, 236, 238, 237, 240 ]
headPositionsY: [ 76, 72, 73, 71, 75, 74, 74, 74, 74, 74, 72, 74, 71, 73,
    72, 75, 75, 74, 73, 72, 74, 73, 74, 72, 73, 77, 74, 75, 73, 75, 75,
    74, 74, 74, 75, 77, 76, 72, 74, 75, 72, 74, 74, 75, 72, 71, 72, 74,
    71, 71, 74, 75, 75, 75, 76, 76, 77, 75, 77, 77, 78, 77, 77, 75, 74,
    73, 76, 78, 75, 75, 75, 75, 74, 77, 76, 75, 77, 73, 74, 76, 77, 75,
    77, 79, 76, 75, 75, 78, 79, 77, 75, 77, 77, 75, 78, 79, 77, 78, 78,
    78 ]
