%YAML:1.0
---
videoName: "headShake38.mp4"
gestureLabel: 201
fps: 29
pixelSizeInCmTemp: 3.2808219178082193e-01
faceCenterPointX: 259
faceCenterPointY: 84
headPositionsX: [ 257, 263, 262, 262, 265, 261, 263, 262, 263, 261, 264,
    263, 263, 264, 263, 263, 261, 262, 265, 263, 265, 264, 261, 261, 263,
    263, 262, 263, 264, 261, 262, 260, 263, 261, 264, 262, 263, 261, 264,
    264, 264, 261, 259, 256, 256, 249, 249, 248, 248, 254, 257, 266, 275,
    276, 276, 276, 271, 261, 255, 249, 246, 251, 254, 258, 269, 269, 273,
    269, 265, 259, 255, 248, 248, 246, 252, 256, 257, 265, 267, 268, 269,
    269, 265, 267, 263, 266, 261, 263, 263, 260, 259, 258, 261, 262, 260,
    260, 258, 259, 261, 262 ]
headPositionsY: [ 83, 81, 81, 83, 84, 82, 81, 85, 84, 82, 81, 84, 82, 82,
    84, 81, 81, 86, 85, 84, 83, 85, 85, 85, 83, 84, 83, 82, 85, 82, 83,
    83, 81, 84, 85, 83, 81, 84, 84, 84, 82, 83, 85, 82, 81, 83, 82, 82,
    82, 86, 84, 84, 83, 82, 83, 80, 84, 85, 82, 86, 84, 84, 83, 82, 86,
    84, 83, 85, 86, 83, 85, 84, 82, 84, 85, 84, 81, 85, 82, 84, 86, 84,
    86, 84, 84, 85, 83, 82, 86, 84, 85, 85, 83, 83, 87, 82, 86, 84, 86,
    85 ]
