%YAML:1.0
---
videoName: "headShake5.mp4"
gestureLabel: 201
fps: 30
pixelSizeInCmTemp: 3.3263888888888887e-01
faceCenterPointX: 275
faceCenterPointY: 73
headPositionsX: [ 277, 277, 277, 279, 277, 276, 279, 279, 277, 276, 278,
    277, 278, 276, 279, 277, 277, 278, 275, 279, 278, 276, 280, 276, 276,
    276, 278, 276, 280, 278, 276, 278, 278, 282, 281, 285, 290, 292, 296,
    296, 293, 294, 291, 287, 280, 273, 266, 266, 262, 266, 269, 276, 282,
    286, 291, 289, 289, 282, 279, 275, 269, 265, 260, 262, 268, 271, 274,
    281, 285, 286, 284, 285, 279, 278, 272, 269, 266, 268, 268, 265, 270,
    271, 275, 277, 278, 281, 280, 283, 279, 279, 278, 278, 279, 275, 276,
    277, 277, 273, 273, 275 ]
headPositionsY: [ 72, 72, 73, 73, 71, 73, 73, 75, 71, 72, 72, 73, 74, 75,
    74, 71, 75, 74, 72, 73, 71, 72, 76, 75, 74, 74, 74, 73, 76, 75, 71,
    74, 72, 71, 74, 71, 71, 73, 71, 74, 74, 70, 71, 75, 75, 75, 75, 76,
    72, 75, 72, 76, 76, 75, 74, 73, 72, 73, 77, 75, 76, 76, 76, 72, 73,
    73, 76, 76, 72, 75, 74, 76, 73, 76, 73, 72, 74, 74, 71, 73, 75, 70,
    72, 74, 71, 74, 72, 71, 70, 74, 70, 71, 70, 71, 71, 71, 75, 74, 73,
    72 ]
