%YAML:1.0
---
videoName: "headShake28.mp4"
gestureLabel: 201
fps: 29
pixelSizeInCmTemp: 3.2808219178082193e-01
faceCenterPointX: 242
faceCenterPointY: 80
headPositionsX: [ 243, 242, 241, 243, 239, 241, 239, 239, 239, 240, 239,
    240, 241, 240, 242, 240, 242, 243, 239, 240, 244, 243, 242, 241, 239,
    240, 244, 241, 244, 244, 240, 243, 241, 243, 242, 241, 245, 242, 243,
    244, 241, 246, 244, 242, 246, 245, 246, 246, 243, 242, 240, 234, 233,
    229, 232, 234, 241, 241, 247, 251, 253, 255, 252, 250, 245, 243, 234,
    231, 234, 233, 236, 241, 250, 252, 254, 255, 254, 252, 251, 246, 243,
    239, 236, 237, 238, 239, 237, 239, 239, 243, 242, 242, 242, 242, 242,
    244, 241, 241, 243, 244 ]
headPositionsY: [ 80, 77, 76, 76, 76, 78, 79, 78, 76, 80, 78, 76, 78, 78,
    78, 77, 77, 78, 81, 78, 78, 76, 81, 81, 78, 78, 77, 78, 79, 80, 79,
    80, 77, 75, 77, 79, 77, 78, 78, 80, 78, 78, 80, 78, 77, 79, 77, 78,
    78, 75, 79, 76, 77, 75, 77, 79, 80, 76, 76, 77, 76, 78, 77, 80, 76,
    78, 76, 77, 78, 80, 78, 79, 79, 78, 76, 78, 75, 77, 77, 77, 80, 78,
    77, 82, 80, 77, 81, 81, 80, 80, 80, 82, 79, 78, 78, 78, 79, 81, 81,
    81 ]
