%YAML:1.0
---
videoName: "headShake20.mp4"
gestureLabel: 201
fps: 29
pixelSizeInCmTemp: 3.3263888888888887e-01
faceCenterPointX: 242
faceCenterPointY: 78
headPositionsX: [ 242, 246, 244, 246, 245, 245, 244, 242, 242, 241, 240,
    244, 243, 244, 244, 245, 241, 244, 245, 244, 241, 244, 245, 241, 244,
    245, 241, 245, 244, 244, 241, 241, 242, 241, 244, 244, 245, 242, 244,
    244, 246, 251, 253, 259, 261, 260, 259, 251, 251, 241, 236, 232, 229,
    230, 231, 233, 236, 244, 249, 252, 250, 250, 250, 244, 244, 239, 236,
    232, 232, 234, 237, 239, 239, 243, 245, 248, 246, 246, 241, 240, 239,
    239, 239, 239, 241, 241, 242, 241, 243, 243, 245, 243, 245, 244, 244,
    241, 242, 242, 241, 239 ]
headPositionsY: [ 76, 76, 74, 74, 78, 75, 76, 76, 75, 79, 74, 77, 77, 75,
    76, 74, 74, 75, 74, 78, 78, 77, 76, 77, 74, 78, 77, 74, 75, 77, 79,
    77, 77, 75, 74, 76, 77, 77, 79, 76, 75, 76, 77, 74, 75, 75, 75, 75,
    78, 78, 77, 79, 76, 76, 75, 78, 76, 78, 76, 74, 77, 77, 76, 74, 76,
    76, 78, 75, 79, 76, 79, 75, 79, 77, 77, 76, 76, 77, 76, 77, 75, 78,
    75, 75, 75, 77, 76, 78, 76, 79, 78, 80, 74, 79, 76, 79, 75, 77, 78,
    78 ]
