%YAML:1.0
---
videoName: "headShake20.mp4"
gestureLabel: 201
fps: 29
pixelSizeInCmTemp: 3.3263888888888887e-01
faceCenterPointX: 242
faceCenterPointY: 78
headPositionsX: [ 240, 243, 242, 246, 244, 242, 244, 245, 242, 245, 240,
    244, 243, 242, 244, 244, 245, 242, 245, 244, 245, 245, 245, 242, 242,
    243, 245, 242, 245, 244, 245, 241, 242, 242, 245, 244, 245, 241, 242,
    247, 248, 253, 255, 260, 261, 261, 255, 254, 248, 244, 237, 235, 229,
    231, 228, 232, 238, 242, 248, 251, 254, 250, 251, 247, 241, 238, 237,
    233, 232, 232, 234, 237, 240, 244, 244, 247, 245, 245, 243, 240, 242,
    240, 239, 240, 241, 242, 243, 242, 241, 246, 242, 243, 241, 243, 245,
    244, 242, 241, 243, 241 ]
headPositionsY: [ 79, 78, 75, 75, 75, 75, 78, 76, 75, 78, 75, 76, 75, 77,
    74, 76, 75, 77, 74, 77, 77, 74, 78, 76, 78, 78, 76, 77, 74, 76, 76,
    78, 77, 77, 78, 74, 78, 77, 75, 77, 78, 77, 74, 74, 72, 76, 73, 76,
    80, 78, 76, 76, 78, 77, 73, 74, 77, 75, 77, 74, 76, 76, 73, 74, 77,
    75, 76, 78, 78, 79, 78, 78, 77, 76, 76, 79, 77, 77, 77, 77, 77, 79,
    78, 75, 75, 77, 75, 76, 78, 78, 75, 79, 76, 76, 75, 77, 75, 78, 78,
    77 ]
