%YAML:1.0
---
videoName: "headShake48.mp4"
gestureLabel: 201
fps: 29
pixelSizeInCmTemp: 3.1103896103896100e-01
faceCenterPointX: 258
faceCenterPointY: 85
headPositionsX: [ 256, 259, 260, 262, 259, 260, 260, 258, 257, 260, 258,
    259, 260, 259, 260, 262, 258, 260, 260, 257, 260, 260, 258, 259, 262,
    258, 258, 256, 258, 258, 259, 258, 257, 257, 258, 261, 265, 267, 270,
    274, 276, 275, 270, 267, 262, 252, 250, 247, 246, 248, 254, 258, 266,
    269, 269, 270, 264, 259, 256, 253, 252, 250, 251, 258, 259, 266, 269,
    266, 265, 263, 255, 252, 252, 248, 249, 254, 255, 259, 265, 263, 266,
    267, 264, 262, 261, 262, 258, 260, 260, 260, 260, 259, 259, 259, 259,
    258, 259, 261, 260, 261 ]
headPositionsY: [ 83, 78, 78, 80, 80, 80, 80, 81, 80, 80, 80, 80, 79, 80,
    79, 82, 81, 82, 80, 80, 80, 81, 80, 81, 82, 80, 79, 83, 82, 83, 83,
    79, 81, 81, 84, 82, 82, 81, 81, 84, 83, 85, 83, 85, 85, 83, 81, 82,
    84, 84, 82, 85, 88, 84, 84, 87, 87, 87, 85, 84, 87, 88, 83, 86, 84,
    86, 85, 87, 85, 86, 85, 87, 86, 88, 86, 85, 86, 85, 87, 87, 84, 86,
    84, 86, 87, 84, 84, 87, 88, 84, 85, 83, 88, 83, 85, 86, 84, 87, 84,
    86 ]
