%YAML:1.0
---
videoName: "headShake47.mp4"
gestureLabel: 201
fps: 29
pixelSizeInCmTemp: 3.2364864864864862e-01
faceCenterPointX: 258
faceCenterPointY: 86
headPositionsX: [ 260, 258, 258, 262, 259, 260, 262, 262, 259, 263, 260,
    261, 259, 259, 261, 260, 260, 262, 260, 261, 259, 260, 258, 263, 261,
    261, 262, 263, 260, 260, 258, 260, 260, 257, 256, 254, 253, 252, 250,
    249, 247, 248, 252, 256, 263, 265, 268, 267, 263, 263, 260, 258, 253,
    250, 256, 260, 264, 265, 268, 262, 264, 255, 253, 253, 252, 255, 259,
    263, 265, 265, 264, 261, 257, 252, 255, 252, 257, 261, 262, 264, 261,
    260, 260, 258, 254, 256, 252, 254, 255, 255, 256, 258, 259, 259, 259,
    259, 257, 257, 256, 256 ]
headPositionsY: [ 84, 86, 86, 84, 87, 87, 87, 86, 83, 86, 85, 85, 83, 86,
    82, 86, 85, 84, 86, 88, 85, 83, 83, 84, 86, 85, 84, 86, 85, 85, 83,
    86, 87, 88, 87, 85, 87, 84, 86, 85, 88, 85, 85, 88, 89, 88, 89, 87,
    91, 91, 88, 88, 87, 88, 90, 89, 88, 88, 91, 89, 90, 90, 87, 88, 88,
    87, 85, 85, 88, 89, 89, 85, 85, 89, 85, 87, 85, 86, 85, 89, 86, 86,
    86, 84, 89, 84, 84, 87, 87, 88, 87, 84, 88, 85, 87, 85, 86, 86, 86,
    85 ]
