%YAML:1.0
---
videoName: "headShake41.mp4"
gestureLabel: 201
fps: 29
pixelSizeInCmTemp: 3.2364864864864862e-01
faceCenterPointX: 264
faceCenterPointY: 85
headPositionsX: [ 265, 261, 259, 264, 263, 260, 262, 260, 263, 263, 260,
    259, 260, 259, 263, 260, 262, 261, 263, 260, 264, 261, 266, 267, 265,
    267, 269, 275, 273, 275, 277, 280, 281, 283, 279, 284, 283, 280, 277,
    279, 276, 272, 265, 262, 254, 255, 250, 249, 246, 244, 244, 247, 244,
    244, 250, 252, 251, 251, 257, 259, 266, 265, 267, 271, 273, 279, 279,
    277, 276, 278, 278, 277, 275, 272, 273, 268, 268, 268, 267, 263, 265,
    263, 264, 262, 262, 262, 262, 264, 259, 263, 260, 262, 263, 263, 260,
    262, 261, 265, 265, 266 ]
headPositionsY: [ 84, 80, 85, 82, 83, 83, 82, 82, 82, 84, 86, 84, 81, 86,
    84, 85, 83, 85, 84, 84, 82, 86, 86, 85, 82, 81, 81, 81, 82, 80, 81,
    82, 79, 80, 83, 82, 83, 81, 84, 81, 85, 83, 86, 86, 81, 83, 85, 84,
    82, 82, 80, 83, 81, 85, 84, 84, 82, 83, 84, 87, 84, 85, 82, 85, 85,
    83, 83, 83, 82, 84, 84, 84, 84, 87, 86, 87, 86, 86, 82, 82, 86, 82,
    82, 86, 84, 83, 86, 83, 82, 84, 86, 84, 83, 83, 86, 84, 82, 86, 86,
    87 ]
