%YAML:1.0
---
videoName: "headShake14.mp4"
gestureLabel: 201
fps: 29
pixelSizeInCmTemp: 3.2364864864864862e-01
faceCenterPointX: 244
faceCenterPointY: 76
headPositionsX: [ 242, 246, 246, 247, 247, 245, 248, 243, 246, 243, 245,
    244, 243, 247, 243, 246, 245, 243, 243, 247, 244, 247, 246, 243, 244,
    248, 248, 253, 255, 259, 259, 261, 262, 259, 256, 251, 246, 241, 234,
    229, 225, 224, 225, 229, 231, 239, 243, 247, 250, 254, 254, 259, 254,
    250, 246, 241, 240, 236, 235, 232, 232, 235, 233, 236, 242, 241, 245,
    249, 246, 250, 251, 250, 248, 249, 248, 244, 246, 240, 241, 240, 238,
    239, 242, 241, 239, 240, 244, 243, 243, 247, 244, 245, 244, 243, 246,
    245, 242, 244, 246, 245 ]
headPositionsY: [ 75, 75, 76, 77, 74, 78, 75, 77, 75, 76, 78, 75, 74, 74,
    73, 76, 75, 73, 75, 74, 77, 78, 77, 78, 76, 77, 76, 72, 74, 73, 73,
    71, 73, 72, 73, 74, 74, 77, 78, 74, 74, 76, 74, 72, 74, 76, 76, 76,
    71, 73, 71, 75, 75, 74, 74, 74, 73, 75, 73, 73, 75, 74, 77, 77, 74,
    74, 75, 78, 78, 76, 76, 78, 78, 79, 75, 74, 76, 75, 75, 76, 77, 74,
    78, 74, 76, 74, 74, 77, 77, 79, 75, 76, 78, 74, 77, 74, 75, 77, 76,
    74 ]
