%YAML:1.0
---
videoName: "headShake18.mp4"
gestureLabel: 201
fps: 30
pixelSizeInCmTemp: 3.2808219178082193e-01
faceCenterPointX: 240
faceCenterPointY: 77
headPositionsX: [ 241, 242, 241, 243, 242, 239, 241, 239, 239, 242, 240,
    239, 243, 240, 243, 240, 239, 242, 239, 241, 240, 243, 238, 240, 239,
    242, 242, 238, 239, 241, 240, 237, 241, 240, 239, 240, 244, 247, 248,
    251, 253, 253, 250, 252, 247, 245, 239, 237, 234, 229, 229, 229, 238,
    241, 240, 244, 251, 250, 248, 247, 242, 238, 236, 237, 235, 235, 233,
    237, 236, 240, 245, 244, 247, 243, 244, 244, 239, 239, 238, 238, 235,
    238, 239, 240, 238, 242, 243, 242, 240, 245, 240, 243, 243, 239, 240,
    241, 241, 242, 239, 242 ]
headPositionsY: [ 77, 75, 77, 77, 75, 74, 75, 76, 73, 79, 76, 75, 76, 78,
    76, 74, 78, 77, 74, 75, 75, 76, 78, 74, 76, 76, 74, 78, 75, 76, 78,
    74, 79, 78, 79, 75, 74, 77, 78, 76, 78, 75, 76, 77, 76, 76, 77, 76,
    76, 74, 73, 78, 76, 77, 74, 77, 75, 77, 74, 77, 78, 74, 78, 76, 79,
    77, 75, 78, 79, 79, 76, 79, 78, 78, 79, 79, 77, 76, 78, 75, 78, 76,
    75, 77, 75, 78, 75, 79, 79, 79, 80, 78, 77, 77, 77, 76, 76, 79, 77,
    75 ]
