%YAML:1.0
---
videoName: "headShake0.mp4"
gestureLabel: 201
fps: 29
pixelSizeInCmTemp: 3.2808219178082193e-01
faceCenterPointX: 279
faceCenterPointY: 94
headPositionsX: [ 278, 280, 277, 281, 277, 278, 280, 279, 278, 279, 279,
    279, 278, 279, 277, 281, 279, 280, 281, 278, 278, 279, 281, 279, 277,
    280, 278, 277, 278, 277, 277, 278, 277, 280, 279, 278, 278, 277, 280,
    277, 277, 283, 286, 286, 292, 297, 298, 301, 299, 300, 296, 291, 290,
    285, 277, 274, 273, 274, 274, 277, 283, 286, 287, 292, 290, 287, 287,
    280, 278, 275, 272, 274, 273, 278, 279, 284, 286, 282, 282, 281, 278,
    278, 275, 277, 276, 276, 276, 278, 277, 276, 280, 278, 279, 278, 277,
    279, 277, 277, 277, 279 ]
headPositionsY: [ 92, 93, 91, 91, 95, 94, 93, 92, 95, 91, 93, 94, 91, 94,
    91, 95, 91, 95, 94, 92, 92, 94, 92, 95, 92, 92, 92, 94, 94, 93, 90,
    91, 93, 94, 95, 93, 94, 93, 94, 93, 92, 93, 91, 90, 89, 91, 91, 91,
    93, 91, 89, 91, 93, 92, 92, 93, 95, 92, 90, 93, 92, 91, 90, 91, 91,
    91, 91, 92, 95, 95, 94, 91, 92, 95, 95, 94, 94, 94, 92, 91, 94, 95,
    91, 91, 95, 92, 94, 93, 92, 95, 92, 97, 94, 92, 95, 94, 95, 97, 94,
    94 ]
