%YAML:1.0
---
videoName: "headShake38.mp4"
gestureLabel: 201
fps: 29
pixelSizeInCmTemp: 3.2808219178082193e-01
faceCenterPointX: 259
faceCenterPointY: 84
headPositionsX: [ 259, 265, 262, 262, 264, 264, 265, 261, 264, 260, 265,
    263, 266, 264, 263, 264, 261, 262, 265, 263, 262, 262, 262, 264, 263,
    262, 261, 261, 261, 261, 263, 262, 265, 262, 261, 262, 261, 264, 263,
    260, 262, 261, 257, 256, 254, 251, 247, 249, 247, 253, 261, 265, 271,
    278, 280, 272, 268, 262, 252, 250, 246, 247, 255, 260, 266, 271, 274,
    270, 268, 259, 252, 247, 248, 247, 250, 256, 261, 263, 265, 268, 271,
    267, 267, 268, 267, 266, 262, 260, 259, 259, 258, 258, 261, 260, 263,
    260, 260, 262, 261, 258 ]
headPositionsY: [ 85, 85, 85, 82, 82, 82, 84, 84, 86, 83, 85, 83, 85, 84,
    85, 81, 84, 86, 81, 83, 83, 81, 82, 81, 84, 83, 83, 85, 84, 84, 86,
    83, 82, 85, 82, 86, 85, 83, 85, 83, 82, 84, 83, 81, 82, 79, 82, 82,
    83, 86, 82, 82, 81, 81, 82, 84, 82, 83, 82, 84, 84, 82, 81, 83, 84,
    85, 85, 85, 86, 83, 85, 84, 86, 81, 84, 84, 81, 86, 82, 84, 82, 87,
    86, 87, 84, 83, 86, 86, 82, 84, 86, 82, 84, 86, 84, 82, 84, 84, 84,
    86 ]
