%YAML:1.0
---
videoName: "headShake26.mp4"
gestureLabel: 201
fps: 30
pixelSizeInCmTemp: 3.2808219178082193e-01
faceCenterPointX: 243
faceCenterPointY: 78
headPositionsX: [ 241, 239, 239, 240, 240, 244, 244, 244, 249, 246, 249,
    249, 250, 251, 250, 252, 252, 246, 249, 243, 242, 235, 236, 234, 229,
    229, 229, 231, 231, 232, 234, 235, 241, 241, 245, 245, 249, 252, 252,
    253, 252, 252, 251, 249, 245, 239, 241, 235, 234, 228, 227, 229, 229,
    232, 229, 232, 236, 240, 241, 246, 249, 251, 252, 255, 251, 252, 252,
    252, 250, 249, 245, 244, 239, 242, 237, 239, 235, 238, 237, 236, 235,
    240, 240, 239, 240, 240, 240, 243, 243, 241, 244, 243, 244, 245, 247,
    244, 246, 245, 243, 245 ]
headPositionsY: [ 76, 79, 75, 76, 77, 75, 77, 78, 79, 77, 76, 79, 79, 76,
    75, 77, 76, 77, 77, 78, 78, 78, 78, 76, 75, 77, 75, 77, 76, 77, 78,
    79, 79, 79, 78, 74, 78, 76, 76, 78, 79, 79, 75, 76, 78, 76, 76, 76,
    77, 76, 74, 74, 75, 76, 75, 79, 78, 79, 77, 79, 79, 79, 77, 78, 77,
    74, 76, 77, 78, 80, 78, 78, 79, 78, 80, 78, 80, 78, 78, 77, 78, 81,
    80, 81, 78, 80, 80, 79, 78, 77, 77, 79, 79, 77, 76, 79, 79, 77, 80,
    78 ]
