%YAML:1.0
---
videoName: "headShake30.mp4"
gestureLabel: 201
fps: 29
pixelSizeInCmTemp: 3.2808219178082193e-01
faceCenterPointX: 240
faceCenterPointY: 68
headPositionsX: [ 239, 235, 235, 234, 234, 235, 233, 232, 232, 233, 234,
    238, 237, 237, 239, 242, 240, 242, 243, 242, 244, 245, 244, 242, 242,
    244, 243, 245, 241, 241, 242, 240, 238, 238, 238, 239, 239, 238, 243,
    249, 249, 256, 259, 258, 258, 260, 260, 253, 251, 244, 237, 229, 225,
    223, 223, 226, 229, 236, 241, 246, 252, 250, 254, 252, 246, 244, 235,
    231, 227, 228, 227, 226, 231, 235, 243, 245, 246, 248, 249, 249, 248,
    245, 242, 240, 236, 234, 235, 237, 235, 238, 238, 238, 241, 241, 238,
    242, 238, 239, 239, 238 ]
headPositionsY: [ 69, 55, 58, 55, 56, 61, 62, 60, 59, 63, 62, 64, 64, 64,
    64, 67, 63, 65, 66, 64, 66, 66, 67, 65, 67, 66, 63, 67, 65, 64, 66,
    67, 66, 65, 67, 67, 68, 66, 66, 67, 65, 63, 63, 64, 65, 67, 67, 68,
    66, 67, 67, 67, 69, 67, 68, 67, 70, 69, 67, 68, 69, 68, 65, 66, 67,
    69, 69, 69, 70, 70, 71, 67, 70, 67, 68, 66, 68, 67, 68, 68, 68, 68,
    68, 66, 69, 68, 69, 70, 65, 68, 66, 68, 69, 67, 69, 68, 68, 68, 67,
    69 ]
