%YAML:1.0
---
videoName: "headShake44.mp4"
gestureLabel: 201
fps: 30
pixelSizeInCmTemp: 3.2808219178082193e-01
faceCenterPointX: 260
faceCenterPointY: 84
headPositionsX: [ 261, 260, 261, 263, 261, 260, 261, 261, 259, 263, 262,
    261, 262, 260, 263, 263, 261, 259, 259, 261, 262, 259, 260, 262, 262,
    262, 261, 263, 262, 259, 258, 261, 260, 259, 260, 259, 261, 259, 261,
    265, 266, 270, 274, 276, 276, 276, 273, 268, 260, 256, 254, 252, 249,
    251, 254, 264, 266, 269, 269, 269, 267, 261, 260, 256, 256, 254, 261,
    262, 267, 270, 271, 272, 265, 260, 259, 252, 253, 251, 255, 257, 255,
    258, 260, 261, 263, 260, 263, 262, 262, 261, 259, 261, 259, 264, 261,
    263, 260, 262, 261, 261 ]
headPositionsY: [ 84, 83, 82, 82, 84, 82, 82, 82, 81, 82, 84, 81, 82, 81,
    84, 80, 85, 84, 85, 80, 85, 84, 81, 81, 83, 81, 84, 84, 83, 81, 82,
    84, 85, 84, 85, 84, 81, 82, 84, 84, 83, 81, 84, 80, 84, 82, 81, 85,
    82, 85, 85, 85, 85, 86, 82, 84, 82, 81, 85, 83, 87, 86, 86, 82, 84,
    85, 85, 86, 83, 84, 82, 83, 85, 85, 81, 81, 85, 85, 86, 83, 86, 83,
    83, 85, 82, 84, 83, 86, 84, 83, 83, 86, 87, 85, 83, 86, 85, 87, 87,
    85 ]
