%YAML:1.0
---
videoName: "headShake26.mp4"
gestureLabel: 201
fps: 30
pixelSizeInCmTemp: 3.2808219178082193e-01
faceCenterPointX: 243
faceCenterPointY: 78
headPositionsX: [ 244, 239, 242, 240, 240, 244, 244, 246, 245, 249, 249,
    248, 253, 251, 251, 252, 253, 250, 245, 243, 240, 237, 235, 235, 230,
    230, 227, 228, 232, 230, 231, 237, 237, 242, 247, 245, 249, 249, 250,
    254, 256, 251, 251, 248, 243, 242, 238, 237, 234, 231, 228, 231, 227,
    229, 230, 236, 239, 237, 244, 245, 250, 250, 252, 251, 251, 252, 252,
    251, 248, 249, 246, 241, 242, 239, 236, 236, 235, 239, 238, 238, 237,
    239, 239, 241, 242, 242, 243, 241, 244, 241, 245, 246, 243, 244, 244,
    243, 242, 243, 245, 243 ]
headPositionsY: [ 77, 78, 76, 76, 76, 77, 80, 78, 77, 75, 80, 79, 78, 75,
    77, 77, 77, 77, 80, 80, 78, 78, 78, 76, 75, 76, 76, 76, 75, 77, 74,
    76, 75, 77, 80, 75, 79, 79, 77, 76, 77, 80, 77, 76, 78, 79, 80, 75,
    77, 79, 75, 74, 77, 75, 78, 77, 80, 79, 76, 78, 80, 79, 78, 77, 76,
    78, 76, 76, 78, 76, 77, 81, 76, 77, 78, 77, 76, 76, 76, 79, 77, 79,
    77, 81, 78, 79, 77, 77, 81, 80, 78, 78, 78, 77, 78, 77, 77, 77, 78,
    81 ]
