%YAML:1.0
---
videoName: "headShake18.mp4"
gestureLabel: 201
fps: 30
pixelSizeInCmTemp: 3.2808219178082193e-01
faceCenterPointX: 240
faceCenterPointY: 77
headPositionsX: [ 238, 241, 242, 244, 240, 239, 241, 242, 243, 240, 241,
    238, 243, 241, 239, 240, 239, 243, 242, 241, 241, 241, 238, 239, 239,
    241, 238, 241, 240, 239, 242, 237, 239, 240, 241, 244, 245, 248, 248,
    251, 254, 252, 251, 251, 248, 243, 237, 233, 234, 231, 229, 232, 234,
    238, 240, 245, 249, 250, 247, 245, 244, 240, 240, 234, 235, 233, 234,
    237, 240, 240, 243, 243, 247, 247, 246, 244, 241, 237, 239, 234, 236,
    239, 237, 240, 238, 240, 243, 244, 241, 245, 242, 240, 242, 238, 238,
    241, 240, 242, 241, 241 ]
headPositionsY: [ 77, 76, 76, 76, 76, 73, 74, 77, 74, 75, 73, 77, 77, 76,
    75, 74, 78, 78, 75, 74, 75, 79, 78, 78, 78, 78, 74, 77, 74, 77, 76,
    74, 77, 75, 77, 77, 78, 75, 74, 76, 76, 73, 77, 77, 78, 77, 78, 75,
    76, 78, 74, 77, 77, 77, 77, 79, 75, 77, 77, 78, 75, 74, 79, 78, 76,
    77, 78, 76, 78, 77, 76, 78, 77, 76, 80, 75, 79, 78, 77, 77, 77, 78,
    78, 75, 76, 75, 79, 78, 75, 76, 77, 76, 80, 77, 78, 75, 77, 79, 76,
    75 ]
