%YAML:1.0
---
videoName: "headShake13.mp4"
gestureLabel: 201
fps: 29
pixelSizeInCmTemp: 3.2364864864864862e-01
faceCenterPointX: 241
faceCenterPointY: 77
headPositionsX: [ 241, 242, 244, 241, 239, 240, 243, 240, 240, 239, 239,
    240, 244, 241, 242, 242, 242, 244, 241, 239, 241, 241, 241, 242, 243,
    240, 240, 239, 239, 238, 240, 238, 237, 239, 242, 248, 251, 258, 257,
    262, 263, 263, 257, 257, 250, 245, 240, 232, 232, 228, 232, 231, 235,
    241, 245, 246, 248, 248, 247, 250, 245, 240, 237, 236, 230, 229, 231,
    236, 236, 242, 246, 248, 253, 250, 249, 253, 249, 246, 242, 240, 235,
    235, 231, 233, 233, 235, 236, 239, 240, 243, 246, 245, 243, 246, 243,
    244, 241, 240, 240, 243 ]
headPositionsY: [ 75, 77, 78, 74, 78, 75, 79, 76, 77, 74, 74, 77, 75, 79,
    78, 77, 76, 77, 74, 77, 75, 74, 78, 76, 77, 73, 76, 78, 74, 74, 74,
    77, 78, 77, 75, 78, 75, 74, 74, 76, 74, 73, 75, 76, 77, 77, 78, 76,
    79, 76, 79, 78, 76, 79, 78, 74, 75, 74, 78, 77, 75, 78, 78, 74, 75,
    79, 76, 75, 78, 76, 76, 76, 76, 78, 77, 75, 75, 77, 78, 76, 75, 77,
    78, 78, 78, 75, 78, 77, 77, 77, 78, 73, 74, 75, 78, 78, 79, 75, 77,
    75 ]
