%YAML:1.0
---
videoName: "headShake27.mp4"
gestureLabel: 201
fps: 29
pixelSizeInCmTemp: 3.3263888888888887e-01
faceCenterPointX: 244
faceCenterPointY: 78
headPositionsX: [ 243, 248, 246, 250, 252, 254, 254, 253, 257, 258, 254,
    257, 252, 254, 254, 251, 250, 245, 246, 240, 243, 238, 238, 236, 235,
    236, 234, 232, 232, 235, 234, 232, 232, 237, 237, 242, 241, 240, 247,
    248, 249, 247, 247, 248, 248, 252, 249, 247, 250, 248, 244, 243, 242,
    243, 235, 239, 235, 235, 234, 231, 233, 233, 235, 234, 236, 238, 238,
    237, 240, 240, 240, 243, 247, 245, 249, 247, 246, 249, 250, 249, 246,
    246, 248, 247, 244, 246, 244, 245, 245, 245, 243, 242, 246, 243, 244,
    242, 244, 244, 245, 246 ]
headPositionsY: [ 80, 77, 78, 78, 75, 74, 75, 75, 78, 76, 74, 74, 78, 78,
    80, 77, 78, 76, 76, 78, 78, 78, 79, 81, 78, 77, 79, 77, 77, 79, 80,
    77, 80, 77, 81, 78, 79, 81, 82, 79, 82, 77, 81, 79, 80, 79, 81, 79,
    80, 80, 82, 79, 77, 79, 78, 80, 79, 76, 80, 79, 78, 76, 78, 78, 80,
    81, 79, 80, 80, 81, 80, 78, 78, 79, 81, 78, 79, 80, 77, 80, 80, 80,
    79, 79, 80, 80, 81, 79, 78, 79, 78, 80, 79, 78, 79, 79, 78, 79, 78,
    81 ]
