%YAML:1.0
---
videoName: "headShake25.mp4"
gestureLabel: 201
fps: 30
pixelSizeInCmTemp: 3.2364864864864862e-01
faceCenterPointX: 241
faceCenterPointY: 79
headPositionsX: [ 242, 256, 253, 251, 251, 250, 247, 249, 245, 241, 240,
    239, 234, 235, 231, 233, 229, 228, 231, 228, 231, 233, 234, 236, 241,
    239, 244, 244, 246, 250, 249, 251, 247, 248, 246, 245, 243, 240, 239,
    233, 235, 230, 231, 228, 231, 230, 231, 230, 234, 237, 239, 239, 242,
    244, 247, 246, 248, 252, 252, 253, 252, 248, 247, 245, 247, 241, 241,
    238, 235, 235, 236, 234, 232, 234, 236, 233, 236, 236, 237, 235, 240,
    237, 242, 242, 243, 244, 244, 242, 244, 240, 241, 243, 243, 242, 239,
    240, 240, 242, 239, 241 ]
headPositionsY: [ 81, 79, 75, 76, 74, 77, 75, 78, 77, 75, 76, 78, 79, 79,
    76, 80, 76, 77, 80, 79, 80, 80, 77, 79, 78, 78, 78, 80, 77, 78, 77,
    80, 79, 81, 77, 81, 80, 76, 78, 79, 78, 77, 79, 79, 77, 80, 79, 77,
    80, 81, 80, 77, 79, 81, 77, 78, 80, 78, 76, 77, 79, 80, 79, 77, 78,
    78, 80, 80, 76, 77, 80, 76, 80, 78, 77, 77, 76, 76, 78, 76, 79, 80,
    78, 78, 78, 80, 76, 78, 78, 79, 78, 77, 78, 80, 79, 79, 79, 80, 77,
    80 ]
