%YAML:1.0
---
videoName: "headShake41.mp4"
gestureLabel: 201
fps: 29
pixelSizeInCmTemp: 3.2364864864864862e-01
faceCenterPointX: 264
faceCenterPointY: 85
headPositionsX: [ 264, 261, 263, 264, 263, 260, 259, 262, 264, 260, 263,
    262, 261, 261, 262, 263, 259, 261, 263, 259, 261, 264, 266, 265, 265,
    270, 271, 275, 275, 279, 277, 277, 281, 281, 280, 282, 281, 281, 277,
    276, 273, 270, 268, 260, 255, 255, 249, 249, 245, 247, 243, 247, 247,
    248, 250, 250, 251, 251, 258, 262, 264, 268, 268, 273, 275, 275, 280,
    276, 278, 276, 277, 275, 273, 270, 270, 268, 266, 267, 267, 264, 262,
    264, 265, 263, 264, 263, 261, 264, 261, 261, 263, 265, 260, 261, 262,
    262, 264, 262, 261, 262 ]
headPositionsY: [ 83, 80, 81, 82, 84, 81, 81, 82, 85, 81, 82, 81, 84, 85,
    82, 82, 83, 84, 83, 83, 83, 86, 84, 83, 82, 85, 83, 82, 80, 79, 83,
    83, 80, 78, 79, 79, 80, 81, 84, 82, 86, 83, 82, 87, 84, 83, 85, 85,
    83, 82, 84, 84, 80, 82, 85, 84, 84, 82, 85, 85, 83, 82, 82, 84, 84,
    82, 85, 83, 85, 83, 82, 82, 84, 83, 87, 87, 84, 84, 86, 82, 86, 83,
    85, 83, 86, 82, 85, 84, 84, 84, 82, 87, 83, 85, 85, 85, 86, 83, 83,
    84 ]
