%YAML:1.0
---
videoName: "headShake22.mp4"
gestureLabel: 201
fps: 29
pixelSizeInCmTemp: 3.2364864864864862e-01
faceCenterPointX: 241
faceCenterPointY: 79
headPositionsX: [ 241, 239, 241, 241, 240, 239, 244, 241, 243, 244, 243,
    243, 242, 243, 243, 240, 242, 241, 242, 245, 243, 241, 240, 242, 243,
    241, 241, 240, 243, 243, 244, 240, 244, 242, 241, 244, 240, 242, 243,
    242, 241, 239, 244, 242, 242, 243, 244, 243, 242, 243, 243, 241, 240,
    241, 243, 243, 243, 242, 244, 243, 240, 242, 240, 242, 241, 238, 243,
    242, 243, 249, 252, 255, 258, 253, 251, 252, 245, 240, 240, 237, 238,
    240, 240, 240, 243, 248, 246, 245, 244, 241, 239, 240, 240, 239, 242,
    241, 239, 242, 240, 239 ]
headPositionsY: [ 79, 78, 75, 77, 76, 76, 76, 76, 76, 77, 78, 76, 78, 78,
    74, 75, 77, 79, 78, 78, 76, 76, 76, 78, 76, 76, 74, 77, 74, 74, 75,
    77, 75, 78, 78, 77, 76, 76, 77, 75, 77, 74, 74, 78, 78, 76, 79, 78,
    78, 75, 77, 77, 77, 75, 75, 76, 77, 77, 79, 77, 78, 76, 77, 75, 77,
    77, 74, 78, 75, 77, 75, 73, 74, 73, 74, 78, 77, 75, 76, 77, 76, 76,
    75, 77, 76, 76, 80, 78, 78, 80, 80, 77, 80, 79, 77, 78, 79, 77, 76,
    78 ]
