%YAML:1.0
---
videoName: "headShake12.mp4"
gestureLabel: 201
fps: 29
pixelSizeInCmTemp: 3.2808219178082193e-01
faceCenterPointX: 241
faceCenterPointY: 76
headPositionsX: [ 240, 242, 238, 241, 240, 241, 240, 241, 244, 241, 243,
    242, 243, 244, 239, 240, 242, 240, 240, 242, 243, 241, 243, 244, 244,
    240, 240, 242, 244, 241, 244, 240, 243, 243, 239, 241, 244, 241, 243,
    239, 243, 239, 239, 239, 243, 242, 243, 240, 244, 244, 240, 242, 243,
    241, 240, 241, 242, 243, 241, 248, 250, 252, 252, 255, 256, 259, 259,
    251, 246, 241, 238, 231, 230, 233, 238, 241, 246, 248, 251, 253, 251,
    248, 248, 243, 243, 240, 238, 236, 237, 235, 239, 239, 237, 238, 240,
    240, 238, 240, 240, 238 ]
headPositionsY: [ 76, 73, 71, 74, 73, 75, 72, 71, 75, 71, 75, 72, 75, 72,
    76, 72, 76, 71, 74, 73, 71, 73, 74, 76, 75, 73, 76, 73, 74, 74, 72,
    73, 73, 76, 73, 72, 74, 72, 75, 75, 74, 73, 72, 74, 74, 74, 72, 76,
    76, 73, 75, 72, 75, 72, 73, 72, 76, 74, 75, 72, 71, 73, 71, 71, 74,
    73, 75, 76, 74, 77, 78, 76, 76, 74, 77, 75, 74, 77, 74, 76, 75, 73,
    77, 77, 78, 78, 76, 76, 75, 74, 78, 77, 77, 75, 77, 75, 75, 75, 76,
    76 ]
