%YAML:1.0
---
videoName: "headShake18.mp4"
gestureLabel: 201
fps: 30
pixelSizeInCmTemp: 3.2808219178082193e-01
faceCenterPointX: 240
faceCenterPointY: 77
headPositionsX: [ 238, 241, 243, 240, 242, 243, 242, 243, 239, 242, 242,
    240, 240, 243, 240, 238, 240, 240, 240, 239, 242, 239, 239, 243, 240,
    240, 239, 241, 239, 238, 242, 241, 238, 238, 237, 243, 245, 248, 249,
    249, 253, 254, 249, 248, 246, 242, 238, 237, 231, 231, 230, 231, 234,
    238, 243, 247, 247, 248, 248, 244, 244, 241, 238, 234, 235, 233, 235,
    234, 240, 241, 243, 241, 247, 246, 244, 244, 242, 235, 239, 235, 237,
    239, 235, 236, 239, 242, 241, 244, 244, 243, 241, 239, 240, 239, 242,
    242, 240, 242, 242, 243 ]
headPositionsY: [ 76, 75, 74, 78, 77, 77, 76, 76, 74, 78, 74, 74, 77, 74,
    76, 77, 75, 74, 74, 78, 74, 76, 78, 78, 75, 78, 73, 74, 78, 74, 76,
    77, 76, 75, 79, 74, 77, 76, 77, 76, 75, 77, 75, 76, 75, 79, 77, 78,
    77, 76, 74, 77, 78, 79, 76, 79, 78, 76, 77, 78, 78, 77, 79, 79, 77,
    75, 78, 74, 77, 75, 77, 75, 76, 75, 76, 76, 79, 77, 78, 76, 75, 75,
    76, 78, 76, 76, 75, 78, 76, 79, 76, 77, 77, 75, 75, 76, 77, 79, 77,
    77 ]
