%YAML:1.0
---
videoName: "headShake18.mp4"
gestureLabel: 201
fps: 30
pixelSizeInCmTemp: 3.2808219178082193e-01
faceCenterPointX: 240
faceCenterPointY: 77
headPositionsX: [ 239, 243, 244, 243, 244, 239, 240, 242, 241, 241, 239,
    238, 243, 240, 243, 241, 239, 242, 242, 239, 243, 243, 242, 243, 240,
    238, 241, 241, 242, 240, 241, 240, 239, 238, 240, 243, 243, 244, 250,
    250, 250, 252, 248, 252, 247, 244, 238, 236, 232, 229, 228, 231, 235,
    237, 241, 247, 250, 249, 248, 246, 246, 242, 239, 236, 233, 232, 233,
    235, 238, 238, 241, 242, 246, 246, 243, 241, 242, 239, 237, 234, 236,
    236, 238, 237, 241, 242, 240, 243, 241, 242, 244, 243, 242, 239, 241,
    240, 238, 239, 242, 241 ]
headPositionsY: [ 79, 76, 77, 74, 75, 73, 74, 76, 73, 79, 74, 77, 77, 77,
    77, 76, 74, 74, 74, 75, 76, 75, 77, 77, 78, 74, 76, 76, 75, 74, 78,
    75, 76, 75, 77, 77, 75, 76, 75, 77, 75, 75, 74, 75, 79, 78, 77, 77,
    77, 75, 77, 78, 76, 78, 75, 75, 76, 76, 74, 75, 74, 76, 77, 76, 75,
    78, 79, 75, 76, 76, 79, 77, 76, 76, 80, 75, 79, 77, 79, 78, 75, 78,
    75, 77, 79, 78, 75, 77, 76, 77, 77, 75, 76, 79, 75, 76, 78, 75, 75,
    77 ]
