%YAML:1.0
---
videoName: "headShake0.mp4"
gestureLabel: 201
fps: 29
pixelSizeInCmTemp: 3.2808219178082193e-01
faceCenterPointX: 279
faceCenterPointY: 94
headPositionsX: [ 279, 280, 277, 280, 280, 277, 279, 280, 277, 279, 281,
    279, 280, 276, 279, 277, 280, 278, 281, 278, 281, 280, 278, 280, 280,
    279, 278, 277, 281, 277, 280, 277, 281, 276, 280, 276, 278, 278, 278,
    277, 280, 279, 283, 289, 290, 296, 299, 299, 302, 299, 298, 294, 286,
    281, 279, 277, 272, 272, 273, 276, 280, 287, 288, 288, 291, 290, 286,
    280, 277, 276, 273, 273, 274, 278, 278, 280, 285, 283, 283, 284, 282,
    281, 275, 278, 276, 275, 278, 275, 280, 277, 278, 280, 279, 279, 281,
    281, 280, 278, 277, 279 ]
headPositionsY: [ 93, 91, 91, 93, 93, 93, 94, 93, 92, 93, 94, 91, 91, 94,
    94, 92, 92, 92, 93, 94, 95, 92, 92, 95, 91, 92, 95, 93, 94, 94, 91,
    93, 95, 91, 91, 93, 95, 91, 91, 95, 92, 92, 92, 91, 92, 91, 91, 93,
    94, 91, 92, 89, 93, 95, 94, 92, 92, 93, 90, 93, 92, 93, 90, 92, 94,
    92, 92, 94, 94, 93, 93, 94, 92, 93, 91, 95, 95, 95, 94, 91, 95, 93,
    91, 92, 96, 91, 93, 94, 92, 92, 94, 93, 96, 93, 95, 92, 94, 95, 92,
    94 ]
