%YAML:1.0
---
videoName: "headShake19.mp4"
gestureLabel: 201
fps: 29
pixelSizeInCmTemp: 3.1933333333333330e-01
faceCenterPointX: 243
faceCenterPointY: 78
headPositionsX: [ 244, 244, 243, 243, 241, 242, 241, 242, 245, 242, 243,
    245, 242, 242, 242, 243, 244, 245, 241, 245, 241, 241, 244, 245, 242,
    245, 243, 240, 245, 241, 242, 243, 240, 240, 243, 242, 241, 236, 237,
    232, 235, 236, 239, 245, 247, 251, 258, 255, 259, 254, 247, 246, 238,
    236, 234, 233, 232, 233, 240, 243, 244, 248, 249, 247, 248, 242, 240,
    240, 238, 236, 234, 239, 235, 240, 241, 243, 246, 244, 243, 245, 244,
    245, 244, 244, 240, 242, 241, 241, 240, 241, 240, 241, 244, 240, 242,
    243, 244, 243, 242, 243 ]
headPositionsY: [ 78, 75, 78, 78, 74, 75, 77, 75, 75, 76, 76, 78, 74, 75,
    78, 74, 76, 77, 75, 75, 74, 76, 74, 75, 78, 78, 78, 77, 77, 77, 76,
    75, 76, 79, 79, 78, 76, 77, 78, 79, 75, 78, 79, 76, 76, 77, 78, 74,
    75, 78, 75, 77, 76, 75, 78, 76, 75, 76, 75, 76, 75, 78, 77, 74, 80,
    79, 76, 78, 77, 77, 79, 79, 77, 77, 75, 77, 76, 77, 79, 76, 79, 79,
    76, 77, 78, 79, 79, 81, 77, 80, 76, 77, 77, 78, 78, 77, 79, 77, 78,
    77 ]
