%YAML:1.0
---
videoName: "headShake6.mp4"
gestureLabel: 201
fps: 29
pixelSizeInCmTemp: 3.2808219178082193e-01
faceCenterPointX: 244
faceCenterPointY: 68
headPositionsX: [ 243, 246, 245, 246, 245, 244, 247, 243, 248, 242, 243,
    245, 246, 247, 246, 244, 245, 247, 246, 245, 245, 247, 247, 242, 244,
    245, 246, 247, 249, 254, 256, 256, 260, 263, 261, 261, 256, 254, 246,
    243, 234, 231, 229, 231, 231, 238, 242, 251, 253, 259, 257, 256, 254,
    252, 250, 241, 239, 236, 230, 233, 233, 234, 235, 241, 245, 248, 249,
    252, 252, 247, 248, 245, 244, 242, 236, 241, 236, 238, 240, 238, 239,
    241, 244, 245, 245, 245, 243, 243, 244, 246, 245, 244, 245, 246, 243,
    245, 242, 243, 246, 243 ]
headPositionsY: [ 67, 65, 66, 69, 64, 68, 66, 65, 69, 65, 67, 66, 65, 64,
    68, 63, 66, 69, 67, 66, 67, 67, 67, 64, 68, 68, 67, 65, 66, 68, 66,
    65, 65, 67, 69, 63, 65, 67, 67, 67, 70, 65, 68, 67, 69, 67, 70, 68,
    67, 67, 66, 66, 68, 67, 67, 70, 67, 67, 70, 67, 67, 67, 69, 70, 70,
    69, 68, 66, 67, 65, 66, 66, 69, 68, 67, 68, 67, 69, 70, 70, 66, 66,
    69, 69, 70, 66, 68, 66, 70, 71, 70, 69, 67, 71, 69, 70, 70, 68, 66,
    70 ]
