%YAML:1.0
---
videoName: "headShake19.mp4"
gestureLabel: 201
fps: 29
pixelSizeInCmTemp: 3.1933333333333330e-01
faceCenterPointX: 243
faceCenterPointY: 78
headPositionsX: [ 242, 243, 241, 243, 242, 244, 244, 244, 244, 242, 245,
    243, 242, 242, 244, 242, 241, 241, 245, 243, 241, 242, 240, 242, 244,
    243, 244, 241, 243, 243, 243, 243, 241, 243, 241, 241, 241, 237, 237,
    231, 235, 235, 237, 242, 246, 252, 254, 257, 259, 256, 250, 247, 240,
    233, 232, 231, 235, 234, 240, 243, 243, 245, 249, 249, 245, 243, 239,
    241, 235, 238, 235, 237, 238, 238, 239, 245, 246, 248, 246, 243, 246,
    245, 243, 243, 240, 241, 241, 241, 238, 241, 241, 242, 241, 243, 243,
    240, 243, 243, 244, 243 ]
headPositionsY: [ 77, 75, 76, 76, 74, 77, 74, 74, 78, 76, 75, 77, 75, 78,
    79, 78, 78, 77, 78, 79, 74, 75, 75, 78, 78, 76, 77, 78, 76, 78, 79,
    77, 78, 76, 78, 78, 79, 76, 76, 77, 77, 77, 79, 77, 79, 78, 78, 73,
    76, 77, 79, 75, 78, 77, 75, 77, 76, 78, 78, 78, 76, 75, 75, 77, 80,
    77, 79, 77, 79, 79, 76, 76, 77, 76, 79, 79, 80, 79, 76, 76, 80, 76,
    76, 80, 76, 79, 77, 81, 80, 79, 79, 79, 76, 80, 80, 80, 80, 79, 76,
    76 ]
