%YAML:1.0
---
videoName: "headShake6.mp4"
gestureLabel: 201
fps: 29
pixelSizeInCmTemp: 3.2808219178082193e-01
faceCenterPointX: 244
faceCenterPointY: 68
headPositionsX: [ 245, 244, 245, 245, 246, 247, 247, 245, 245, 243, 243,
    243, 247, 246, 247, 244, 245, 245, 243, 243, 246, 245, 247, 244, 243,
    244, 245, 249, 249, 254, 254, 257, 261, 263, 265, 258, 260, 251, 249,
    242, 237, 232, 229, 233, 233, 240, 245, 247, 255, 259, 259, 259, 256,
    254, 249, 244, 236, 235, 229, 229, 232, 234, 235, 243, 245, 249, 252,
    251, 251, 249, 246, 243, 241, 240, 239, 237, 240, 237, 237, 240, 243,
    243, 243, 245, 242, 245, 243, 244, 245, 246, 241, 244, 242, 246, 243,
    246, 246, 246, 243, 246 ]
headPositionsY: [ 66, 67, 68, 69, 64, 64, 66, 67, 66, 68, 65, 67, 64, 64,
    67, 65, 66, 66, 67, 64, 65, 64, 66, 64, 68, 66, 66, 69, 67, 65, 64,
    65, 64, 66, 68, 64, 66, 66, 69, 66, 69, 69, 67, 66, 68, 70, 70, 67,
    68, 68, 67, 68, 69, 68, 66, 67, 67, 65, 68, 68, 68, 66, 69, 68, 70,
    68, 70, 70, 66, 67, 70, 66, 68, 66, 67, 67, 69, 65, 68, 66, 67, 67,
    70, 69, 70, 68, 70, 66, 67, 71, 69, 67, 67, 67, 69, 70, 66, 71, 67,
    70 ]
