%YAML:1.0
---
videoName: "headShake44.mp4"
gestureLabel: 201
fps: 30
pixelSizeInCmTemp: 3.2808219178082193e-01
faceCenterPointX: 260
faceCenterPointY: 84
headPositionsX: [ 260, 261, 259, 261, 259, 261, 262, 263, 260, 259, 264,
    259, 263, 261, 259, 259, 262, 261, 263, 263, 262, 259, 262, 260, 263,
    260, 259, 262, 259, 261, 259, 260, 258, 263, 259, 262, 260, 261, 263,
    264, 264, 270, 270, 276, 275, 276, 274, 269, 261, 258, 255, 253, 248,
    252, 257, 260, 264, 269, 271, 272, 266, 260, 260, 256, 252, 255, 259,
    262, 268, 272, 273, 271, 265, 262, 259, 256, 250, 254, 253, 253, 259,
    259, 257, 261, 261, 260, 263, 261, 263, 261, 262, 258, 261, 263, 259,
    260, 261, 261, 261, 263 ]
headPositionsY: [ 83, 82, 83, 80, 85, 83, 83, 81, 83, 82, 81, 84, 82, 82,
    81, 84, 85, 84, 83, 81, 85, 81, 85, 81, 84, 83, 85, 85, 83, 80, 82,
    85, 85, 83, 85, 83, 83, 83, 81, 83, 81, 85, 83, 79, 81, 82, 81, 83,
    85, 83, 82, 83, 83, 86, 83, 87, 84, 81, 82, 86, 83, 82, 82, 84, 84,
    84, 83, 82, 85, 81, 85, 83, 82, 83, 81, 82, 84, 83, 82, 82, 86, 84,
    84, 83, 82, 83, 86, 85, 84, 84, 82, 82, 86, 87, 86, 83, 85, 88, 85,
    85 ]
