%YAML:1.0
---
videoName: "headShake0.mp4"
gestureLabel: 201
fps: 29
pixelSizeInCmTemp: 3.2808219178082193e-01
faceCenterPointX: 279
faceCenterPointY: 94
headPositionsX: [ 279, 280, 280, 281, 279, 280, 281, 281, 279, 280, 281,
    279, 281, 277, 278, 278, 281, 281, 278, 280, 280, 280, 277, 277, 279,
    281, 281, 280, 281, 280, 280, 278, 279, 276, 279, 280, 279, 276, 281,
    280, 281, 281, 287, 286, 294, 293, 298, 300, 300, 302, 295, 292, 286,
    284, 279, 276, 272, 273, 276, 277, 280, 284, 291, 288, 288, 290, 284,
    283, 277, 274, 274, 273, 272, 278, 278, 282, 282, 283, 282, 284, 279,
    281, 278, 275, 274, 276, 276, 276, 280, 278, 280, 278, 281, 279, 277,
    277, 278, 281, 277, 280 ]
headPositionsY: [ 96, 94, 91, 90, 95, 94, 94, 91, 94, 95, 93, 90, 91, 93,
    92, 94, 94, 94, 93, 94, 95, 95, 95, 92, 93, 95, 95, 92, 95, 93, 93,
    94, 94, 92, 95, 93, 92, 94, 94, 96, 94, 95, 92, 93, 90, 91, 89, 92,
    94, 92, 90, 89, 95, 91, 91, 91, 91, 95, 91, 93, 90, 94, 90, 93, 94,
    91, 91, 94, 91, 94, 92, 91, 90, 91, 93, 94, 94, 92, 94, 93, 95, 93,
    91, 91, 94, 91, 96, 92, 95, 95, 93, 94, 94, 92, 95, 95, 94, 97, 95,
    95 ]
