%YAML:1.0
---
videoName: "headShake47.mp4"
gestureLabel: 201
fps: 29
pixelSizeInCmTemp: 3.2364864864864862e-01
faceCenterPointX: 258
faceCenterPointY: 86
headPositionsX: [ 258, 259, 258, 260, 258, 258, 261, 259, 260, 262, 262,
    262, 261, 259, 260, 262, 259, 258, 262, 262, 261, 263, 258, 261, 260,
    261, 261, 260, 262, 263, 260, 262, 258, 260, 258, 255, 252, 250, 248,
    251, 250, 249, 252, 257, 261, 266, 268, 267, 263, 263, 259, 254, 252,
    254, 255, 260, 260, 266, 267, 265, 264, 259, 255, 250, 250, 256, 258,
    260, 263, 264, 263, 262, 258, 256, 253, 254, 254, 258, 263, 264, 264,
    260, 259, 255, 254, 252, 252, 254, 257, 258, 257, 257, 256, 255, 257,
    256, 257, 260, 257, 260 ]
headPositionsY: [ 84, 85, 85, 84, 87, 86, 87, 84, 85, 83, 86, 85, 83, 86,
    86, 85, 84, 85, 83, 88, 83, 85, 86, 86, 85, 86, 87, 87, 85, 83, 83,
    86, 83, 84, 87, 85, 84, 83, 86, 86, 87, 88, 89, 89, 86, 87, 89, 90,
    91, 87, 87, 88, 89, 89, 88, 90, 88, 90, 87, 90, 89, 90, 87, 89, 88,
    84, 86, 86, 89, 89, 89, 87, 88, 88, 87, 88, 87, 86, 86, 85, 86, 85,
    87, 86, 86, 87, 84, 88, 86, 86, 88, 86, 88, 88, 87, 88, 87, 88, 84,
    88 ]
