%YAML:1.0
---
videoName: "headShake36.mp4"
gestureLabel: 201
fps: 29
pixelSizeInCmTemp: 3.2364864864864862e-01
faceCenterPointX: 263
faceCenterPointY: 80
headPositionsX: [ 261, 266, 261, 262, 263, 264, 266, 265, 269, 272, 272,
    277, 277, 282, 280, 283, 284, 278, 279, 277, 274, 274, 269, 267, 263,
    261, 255, 255, 249, 250, 247, 249, 247, 245, 245, 246, 247, 249, 251,
    255, 257, 259, 265, 270, 271, 274, 274, 279, 280, 280, 282, 279, 281,
    275, 274, 271, 268, 267, 264, 258, 254, 255, 251, 249, 252, 247, 250,
    249, 253, 255, 255, 257, 261, 263, 264, 265, 265, 266, 269, 269, 268,
    265, 265, 266, 264, 265, 264, 265, 265, 263, 266, 264, 264, 260, 265,
    263, 262, 265, 261, 262 ]
headPositionsY: [ 79, 80, 79, 79, 80, 78, 80, 77, 81, 77, 79, 78, 78, 77,
    74, 79, 77, 76, 77, 78, 80, 80, 82, 82, 81, 83, 79, 81, 78, 81, 83,
    81, 83, 80, 82, 78, 79, 79, 79, 83, 81, 80, 81, 83, 80, 77, 78, 78,
    79, 79, 80, 80, 77, 79, 77, 80, 80, 82, 83, 79, 81, 82, 81, 79, 80,
    81, 77, 78, 79, 77, 79, 78, 79, 79, 81, 82, 79, 81, 80, 81, 80, 82,
    79, 80, 83, 81, 82, 82, 79, 79, 83, 79, 81, 81, 80, 82, 79, 80, 78,
    82 ]
