%YAML:1.0
---
videoName: "headShake27.mp4"
gestureLabel: 201
fps: 29
pixelSizeInCmTemp: 3.3263888888888887e-01
faceCenterPointX: 244
faceCenterPointY: 78
headPositionsX: [ 244, 248, 247, 250, 252, 250, 253, 254, 254, 256, 257,
    258, 255, 253, 254, 249, 249, 246, 246, 241, 242, 240, 236, 236, 235,
    234, 231, 233, 232, 233, 234, 236, 235, 235, 238, 240, 239, 244, 246,
    248, 247, 249, 251, 249, 252, 251, 248, 249, 247, 247, 247, 243, 240,
    242, 237, 237, 233, 233, 232, 232, 234, 232, 233, 233, 234, 236, 235,
    239, 241, 239, 240, 244, 244, 245, 249, 248, 246, 250, 249, 249, 246,
    246, 244, 247, 246, 244, 244, 247, 246, 246, 245, 246, 243, 244, 244,
    244, 244, 245, 243, 246 ]
headPositionsY: [ 78, 80, 75, 77, 79, 75, 78, 78, 76, 75, 75, 76, 77, 76,
    79, 78, 81, 79, 80, 79, 80, 77, 79, 80, 78, 80, 77, 79, 80, 78, 77,
    80, 80, 77, 81, 80, 79, 78, 80, 80, 79, 81, 80, 77, 79, 79, 82, 80,
    77, 78, 81, 77, 77, 79, 80, 82, 79, 77, 78, 79, 80, 79, 77, 79, 80,
    81, 81, 78, 81, 79, 79, 81, 79, 81, 80, 79, 77, 81, 77, 81, 78, 81,
    78, 81, 79, 80, 82, 78, 77, 80, 82, 77, 80, 82, 81, 81, 79, 81, 77,
    81 ]
