%YAML:1.0
---
videoName: "headShake10.mp4"
gestureLabel: 201
fps: 29
pixelSizeInCmTemp: 3.3732394366197183e-01
faceCenterPointX: 240
faceCenterPointY: 74
headPositionsX: [ 240, 247, 247, 247, 245, 247, 247, 246, 248, 246, 244,
    248, 246, 245, 247, 247, 245, 245, 246, 248, 246, 248, 248, 248, 248,
    246, 245, 245, 247, 247, 246, 247, 244, 247, 246, 246, 243, 247, 246,
    246, 243, 244, 244, 246, 248, 247, 243, 244, 242, 246, 248, 247, 251,
    251, 256, 259, 261, 261, 262, 259, 257, 251, 246, 243, 236, 237, 231,
    229, 232, 232, 236, 243, 244, 250, 254, 257, 256, 255, 256, 252, 252,
    251, 248, 244, 241, 240, 241, 243, 239, 241, 239, 238, 241, 241, 241,
    243, 242, 241, 243, 240 ]
headPositionsY: [ 74, 71, 72, 74, 74, 74, 71, 72, 74, 72, 75, 73, 75, 75,
    72, 71, 74, 75, 75, 75, 72, 75, 75, 74, 74, 71, 73, 74, 74, 71, 72,
    75, 75, 72, 75, 74, 74, 70, 72, 71, 75, 75, 72, 73, 75, 74, 72, 73,
    70, 74, 71, 74, 71, 72, 74, 72, 73, 73, 72, 74, 71, 74, 76, 76, 74,
    72, 75, 75, 75, 72, 76, 74, 72, 71, 72, 73, 74, 73, 75, 75, 75, 75,
    73, 74, 73, 76, 77, 78, 73, 77, 74, 76, 75, 75, 74, 77, 73, 75, 75,
    77 ]
