%YAML:1.0
---
videoName: "headShake32.mp4"
gestureLabel: 201
fps: 29
pixelSizeInCmTemp: 3.2808219178082193e-01
faceCenterPointX: 237
faceCenterPointY: 77
headPositionsX: [ 237, 235, 239, 236, 239, 236, 238, 238, 237, 239, 238,
    241, 238, 238, 238, 240, 239, 239, 240, 241, 239, 243, 242, 240, 242,
    239, 239, 242, 242, 241, 237, 239, 239, 239, 237, 237, 238, 240, 238,
    240, 244, 247, 247, 246, 247, 252, 250, 251, 250, 248, 252, 247, 247,
    243, 243, 239, 239, 234, 232, 230, 228, 227, 229, 226, 227, 225, 228,
    232, 230, 234, 234, 236, 241, 244, 247, 249, 246, 252, 247, 247, 246,
    246, 247, 243, 242, 245, 240, 240, 238, 241, 239, 240, 238, 238, 237,
    239, 236, 235, 239, 237 ]
headPositionsY: [ 76, 72, 72, 72, 76, 71, 72, 73, 73, 74, 73, 72, 71, 73,
    72, 72, 73, 73, 75, 73, 74, 75, 76, 73, 74, 77, 76, 76, 73, 74, 75,
    73, 76, 74, 73, 77, 73, 72, 74, 75, 73, 74, 73, 74, 71, 75, 71, 75,
    72, 71, 73, 73, 74, 78, 78, 77, 77, 75, 74, 78, 77, 73, 75, 74, 77,
    75, 76, 77, 78, 76, 74, 77, 77, 75, 74, 75, 76, 74, 73, 76, 77, 74,
    74, 78, 77, 79, 74, 77, 77, 76, 76, 79, 78, 77, 76, 77, 76, 78, 79,
    77 ]
