%YAML:1.0
---
videoName: "headShake43.mp4"
gestureLabel: 201
fps: 29
pixelSizeInCmTemp: 3.2808219178082193e-01
faceCenterPointX: 257
faceCenterPointY: 84
headPositionsX: [ 257, 259, 259, 262, 258, 260, 262, 258, 259, 260, 259,
    258, 261, 261, 258, 259, 259, 258, 259, 259, 258, 258, 261, 258, 260,
    260, 261, 263, 270, 271, 270, 276, 277, 279, 280, 285, 281, 277, 279,
    277, 271, 266, 262, 256, 254, 247, 244, 244, 242, 241, 246, 252, 256,
    262, 265, 271, 273, 273, 275, 274, 272, 267, 263, 254, 251, 245, 243,
    241, 243, 248, 249, 253, 255, 259, 263, 265, 268, 268, 269, 268, 270,
    267, 264, 266, 263, 263, 261, 259, 260, 259, 255, 258, 255, 258, 255,
    254, 256, 254, 256, 256 ]
headPositionsY: [ 83, 83, 84, 87, 85, 84, 87, 84, 86, 84, 85, 87, 86, 87,
    87, 86, 84, 84, 87, 87, 87, 84, 86, 87, 83, 86, 84, 86, 87, 84, 83,
    84, 84, 81, 82, 82, 84, 82, 82, 82, 84, 83, 85, 85, 87, 82, 82, 82,
    81, 86, 86, 82, 83, 84, 82, 82, 85, 83, 84, 81, 83, 83, 82, 84, 84,
    81, 83, 83, 81, 83, 86, 83, 83, 84, 84, 85, 84, 84, 82, 81, 84, 85,
    84, 82, 85, 86, 84, 84, 86, 82, 81, 84, 85, 83, 86, 83, 83, 84, 84,
    85 ]
