%YAML:1.0
---
videoName: "headShake31.mp4"
gestureLabel: 201
fps: 29
pixelSizeInCmTemp: 3.2808219178082193e-01
faceCenterPointX: 236
faceCenterPointY: 68
headPositionsX: [ 234, 237, 239, 238, 238, 239, 237, 239, 236, 239, 238,
    236, 238, 238, 239, 239, 238, 236, 235, 234, 236, 238, 239, 238, 238,
    235, 236, 239, 235, 235, 239, 235, 239, 239, 234, 233, 233, 239, 243,
    244, 250, 253, 250, 251, 252, 250, 247, 238, 230, 227, 220, 220, 224,
    226, 226, 232, 238, 245, 246, 247, 248, 243, 240, 235, 234, 229, 227,
    227, 231, 233, 232, 238, 241, 239, 240, 243, 241, 243, 240, 237, 238,
    237, 233, 233, 235, 235, 232, 234, 232, 237, 235, 234, 235, 237, 235,
    234, 233, 237, 234, 236 ]
headPositionsY: [ 69, 64, 68, 68, 66, 67, 69, 66, 65, 68, 68, 67, 66, 66,
    67, 65, 65, 68, 68, 64, 67, 67, 66, 67, 64, 69, 68, 65, 66, 65, 66,
    65, 65, 68, 70, 68, 69, 66, 69, 66, 64, 65, 65, 67, 66, 69, 69, 68,
    66, 67, 69, 70, 66, 71, 71, 71, 71, 72, 72, 71, 68, 67, 71, 70, 67,
    68, 70, 67, 68, 71, 68, 70, 68, 66, 70, 68, 66, 71, 69, 68, 67, 67,
    70, 69, 68, 67, 68, 71, 71, 70, 70, 69, 68, 69, 67, 67, 67, 69, 70,
    68 ]
