%YAML:1.0
---
videoName: "headShake29.mp4"
gestureLabel: 201
fps: 29
pixelSizeInCmTemp: 3.3263888888888887e-01
faceCenterPointX: 243
faceCenterPointY: 76
headPositionsX: [ 241, 242, 240, 244, 245, 242, 241, 241, 244, 243, 242,
    241, 241, 241, 244, 243, 243, 240, 241, 242, 244, 244, 244, 241, 239,
    241, 237, 239, 237, 238, 242, 247, 251, 255, 254, 253, 254, 252, 247,
    242, 239, 231, 233, 229, 230, 228, 233, 237, 240, 248, 248, 253, 250,
    251, 249, 244, 242, 239, 233, 231, 227, 231, 230, 234, 237, 240, 247,
    250, 252, 251, 250, 253, 249, 246, 243, 238, 239, 238, 236, 232, 234,
    235, 236, 239, 240, 237, 240, 241, 239, 243, 244, 243, 241, 242, 245,
    246, 245, 242, 242, 243 ]
headPositionsY: [ 74, 76, 76, 74, 77, 77, 74, 75, 74, 74, 74, 75, 75, 76,
    77, 77, 74, 78, 79, 76, 75, 79, 78, 78, 76, 76, 77, 77, 75, 75, 75,
    76, 78, 75, 74, 75, 77, 75, 74, 76, 76, 77, 73, 78, 75, 78, 75, 76,
    78, 79, 74, 78, 75, 74, 76, 78, 75, 77, 79, 76, 78, 74, 78, 74, 77,
    76, 75, 76, 73, 74, 77, 73, 76, 75, 74, 75, 74, 76, 74, 76, 76, 74,
    77, 76, 76, 75, 74, 79, 78, 75, 75, 77, 79, 78, 76, 77, 78, 76, 76,
    75 ]
