%YAML:1.0
---
videoName: "headShake4.mp4"
gestureLabel: 201
fps: 30
pixelSizeInCmTemp: 3.2364864864864862e-01
faceCenterPointX: 237
faceCenterPointY: 101
headPositionsX: [ 239, 240, 243, 246, 250, 253, 254, 253, 254, 247, 246,
    235, 233, 229, 224, 225, 225, 232, 235, 240, 249, 251, 253, 250, 250,
    247, 242, 232, 230, 225, 224, 225, 226, 228, 234, 241, 245, 249, 254,
    258, 253, 253, 245, 245, 237, 233, 228, 226, 224, 226, 227, 229, 231,
    238, 242, 245, 248, 246, 251, 250, 249, 243, 242, 238, 232, 231, 231,
    229, 227, 233, 234, 234, 234, 235, 237, 241, 242, 241, 240, 239, 243,
    241, 241, 240, 238, 238, 239, 238, 237, 236, 234, 235, 235, 237, 237,
    238, 236, 239, 237, 239 ]
headPositionsY: [ 101, 100, 96, 97, 97, 99, 96, 97, 97, 100, 101, 99, 98,
    101, 99, 97, 95, 99, 98, 98, 95, 100, 99, 99, 99, 98, 100, 101, 100,
    97, 99, 98, 96, 99, 100, 100, 97, 99, 99, 97, 98, 99, 99, 99, 100,
    101, 98, 101, 99, 97, 99, 100, 100, 102, 102, 101, 101, 100, 99, 101,
    101, 100, 100, 102, 99, 99, 98, 102, 98, 100, 102, 99, 99, 101, 99,
    100, 100, 102, 99, 100, 102, 102, 99, 100, 102, 99, 101, 101, 98,
    101, 97, 102, 99, 102, 101, 101, 102, 99, 100, 101 ]
