%YAML:1.0
---
videoName: "headShake33.mp4"
gestureLabel: 201
fps: 29
pixelSizeInCmTemp: 3.2364864864864862e-01
faceCenterPointX: 244
faceCenterPointY: 84
headPositionsX: [ 246, 247, 246, 243, 243, 244, 247, 247, 245, 245, 245,
    245, 244, 245, 244, 243, 244, 243, 247, 243, 247, 249, 246, 250, 252,
    254, 255, 259, 262, 264, 260, 262, 262, 259, 260, 256, 253, 247, 247,
    239, 236, 236, 234, 230, 226, 225, 225, 229, 227, 231, 233, 235, 239,
    247, 249, 251, 255, 259, 259, 258, 259, 258, 257, 256, 252, 249, 246,
    244, 239, 236, 234, 233, 231, 230, 230, 234, 230, 231, 233, 235, 238,
    236, 238, 244, 242, 245, 245, 248, 245, 246, 248, 247, 248, 243, 246,
    244, 245, 246, 243, 244 ]
headPositionsY: [ 85, 85, 83, 81, 82, 82, 85, 82, 85, 84, 81, 80, 85, 83,
    81, 83, 82, 81, 85, 84, 82, 83, 83, 83, 81, 82, 80, 80, 80, 78, 81,
    81, 81, 81, 80, 83, 86, 82, 82, 81, 80, 84, 84, 84, 80, 82, 81, 84,
    83, 85, 85, 83, 85, 81, 82, 84, 81, 83, 79, 80, 82, 84, 83, 83, 83,
    84, 81, 81, 83, 82, 85, 84, 81, 81, 82, 83, 84, 84, 84, 85, 84, 84,
    84, 84, 84, 81, 84, 81, 85, 85, 84, 86, 83, 84, 83, 83, 84, 81, 82,
    81 ]
