%YAML:1.0
---
videoName: "headShake13.mp4"
gestureLabel: 201
fps: 29
pixelSizeInCmTemp: 3.2364864864864862e-01
faceCenterPointX: 241
faceCenterPointY: 77
headPositionsX: [ 243, 242, 243, 241, 239, 243, 243, 239, 242, 239, 239,
    242, 243, 240, 241, 241, 244, 240, 240, 242, 243, 241, 241, 241, 242,
    241, 244, 241, 240, 238, 240, 241, 240, 241, 242, 248, 251, 256, 257,
    259, 265, 261, 261, 257, 251, 245, 239, 236, 231, 230, 230, 233, 234,
    239, 246, 247, 249, 252, 249, 250, 243, 242, 238, 235, 230, 230, 231,
    232, 240, 243, 246, 251, 252, 252, 248, 253, 249, 246, 241, 240, 238,
    234, 234, 236, 234, 236, 235, 237, 243, 244, 243, 245, 243, 247, 241,
    246, 243, 241, 240, 240 ]
headPositionsY: [ 77, 78, 74, 74, 76, 74, 79, 78, 78, 74, 76, 75, 74, 78,
    74, 74, 75, 79, 77, 74, 74, 75, 77, 75, 77, 77, 75, 76, 75, 75, 75,
    78, 77, 78, 74, 75, 77, 73, 75, 75, 73, 76, 73, 77, 79, 75, 76, 77,
    77, 78, 78, 78, 74, 79, 79, 75, 77, 78, 77, 76, 78, 79, 74, 77, 77,
    77, 78, 77, 79, 74, 78, 74, 78, 76, 75, 74, 75, 75, 78, 76, 74, 78,
    77, 76, 78, 77, 77, 74, 77, 75, 74, 77, 74, 74, 78, 76, 76, 78, 77,
    74 ]
