%YAML:1.0
---
videoName: "headShake12.mp4"
gestureLabel: 201
fps: 29
pixelSizeInCmTemp: 3.2808219178082193e-01
faceCenterPointX: 241
faceCenterPointY: 76
headPositionsX: [ 242, 241, 242, 243, 243, 244, 242, 244, 240, 239, 242,
    242, 242, 244, 242, 240, 240, 240, 240, 240, 239, 240, 244, 241, 244,
    242, 240, 241, 242, 243, 243, 243, 243, 240, 239, 242, 240, 243, 240,
    243, 241, 241, 240, 243, 243, 243, 242, 240, 244, 241, 242, 242, 242,
    242, 239, 240, 241, 244, 241, 245, 246, 254, 256, 259, 256, 260, 257,
    252, 246, 243, 239, 232, 233, 233, 239, 241, 245, 249, 254, 253, 252,
    250, 248, 247, 243, 239, 237, 237, 238, 237, 236, 239, 238, 240, 241,
    242, 241, 239, 238, 241 ]
headPositionsY: [ 77, 74, 72, 73, 76, 72, 73, 74, 72, 75, 72, 72, 74, 73,
    75, 74, 73, 74, 73, 73, 72, 73, 77, 74, 72, 76, 72, 75, 75, 71, 74,
    72, 77, 74, 72, 74, 75, 72, 73, 74, 76, 76, 74, 72, 74, 73, 75, 76,
    74, 76, 73, 73, 74, 75, 76, 75, 76, 75, 73, 74, 71, 72, 71, 74, 72,
    73, 71, 75, 75, 77, 76, 78, 76, 78, 78, 78, 74, 76, 73, 76, 76, 73,
    76, 76, 76, 77, 73, 77, 74, 75, 78, 77, 74, 76, 79, 75, 75, 76, 76,
    75 ]
