%YAML:1.0
---
videoName: "headShake34.mp4"
gestureLabel: 201
fps: 29
pixelSizeInCmTemp: 3.2364864864864862e-01
faceCenterPointX: 263
faceCenterPointY: 83
headPositionsX: [ 265, 263, 264, 265, 261, 262, 265, 264, 263, 265, 263,
    262, 266, 266, 266, 262, 264, 262, 262, 264, 267, 262, 263, 266, 267,
    264, 264, 263, 262, 263, 261, 262, 263, 262, 262, 265, 263, 267, 269,
    270, 273, 272, 272, 275, 275, 279, 280, 276, 277, 273, 272, 268, 264,
    258, 254, 255, 250, 255, 251, 257, 256, 262, 265, 269, 268, 268, 270,
    268, 266, 260, 259, 254, 254, 256, 257, 255, 259, 262, 262, 267, 263,
    266, 264, 267, 263, 268, 265, 265, 264, 263, 267, 262, 264, 263, 264,
    264, 263, 266, 265, 264 ]
headPositionsY: [ 81, 84, 82, 84, 83, 86, 83, 82, 84, 85, 84, 82, 83, 82,
    85, 81, 81, 84, 84, 84, 85, 82, 82, 85, 83, 82, 85, 85, 82, 81, 84,
    81, 84, 81, 82, 82, 84, 83, 83, 84, 84, 82, 83, 81, 80, 81, 80, 80,
    81, 80, 83, 85, 83, 84, 83, 79, 82, 82, 83, 82, 82, 85, 84, 81, 84,
    84, 84, 83, 86, 83, 82, 84, 85, 85, 82, 85, 85, 83, 81, 83, 81, 85,
    82, 81, 82, 85, 83, 82, 81, 85, 81, 84, 82, 83, 83, 83, 83, 81, 84,
    84 ]
