%YAML:1.0
---
videoName: "headShake7.mp4"
gestureLabel: 201
fps: 29
pixelSizeInCmTemp: 3.3263888888888887e-01
faceCenterPointX: 244
faceCenterPointY: 72
headPositionsX: [ 242, 241, 243, 244, 245, 241, 240, 242, 241, 243, 244,
    247, 249, 256, 258, 256, 261, 258, 256, 254, 249, 245, 239, 234, 231,
    233, 235, 241, 245, 251, 256, 259, 258, 259, 255, 250, 243, 236, 234,
    227, 225, 227, 230, 234, 238, 247, 250, 254, 255, 253, 251, 247, 245,
    243, 236, 231, 232, 227, 231, 233, 241, 245, 249, 251, 253, 256, 257,
    255, 254, 249, 248, 246, 241, 237, 233, 234, 234, 236, 234, 240, 241,
    239, 245, 246, 246, 244, 245, 245, 247, 246, 247, 244, 245, 246, 242,
    242, 243, 241, 243, 243 ]
headPositionsY: [ 72, 73, 70, 69, 71, 69, 71, 73, 71, 74, 70, 70, 72, 67,
    69, 70, 69, 68, 70, 71, 72, 72, 71, 71, 70, 70, 71, 72, 69, 68, 70,
    69, 67, 72, 72, 69, 70, 73, 73, 69, 70, 73, 68, 70, 73, 71, 70, 67,
    69, 72, 70, 72, 73, 74, 70, 70, 73, 69, 71, 71, 69, 70, 73, 70, 68,
    71, 71, 71, 70, 69, 72, 71, 73, 70, 69, 73, 71, 71, 72, 71, 71, 69,
    71, 73, 72, 73, 70, 69, 70, 69, 72, 71, 74, 72, 73, 72, 73, 72, 72,
    71 ]
