%YAML:1.0
---
videoName: "headShake40.mp4"
gestureLabel: 201
fps: 29
pixelSizeInCmTemp: 3.2808219178082193e-01
faceCenterPointX: 261
faceCenterPointY: 86
headPositionsX: [ 261, 259, 259, 262, 262, 259, 262, 260, 262, 260, 260,
    260, 261, 260, 263, 260, 262, 262, 259, 261, 259, 260, 261, 262, 259,
    260, 259, 261, 261, 257, 255, 255, 252, 254, 252, 254, 256, 260, 263,
    271, 272, 278, 280, 277, 277, 275, 273, 265, 259, 252, 250, 249, 245,
    247, 249, 252, 257, 261, 264, 266, 270, 274, 267, 269, 267, 265, 262,
    259, 258, 258, 257, 258, 257, 262, 262, 265, 266, 269, 265, 268, 265,
    264, 261, 263, 259, 260, 255, 257, 255, 257, 261, 256, 261, 257, 262,
    258, 261, 264, 259, 260 ]
headPositionsY: [ 84, 83, 84, 83, 81, 81, 83, 85, 85, 85, 82, 84, 85, 81,
    83, 82, 85, 82, 84, 81, 82, 81, 83, 85, 83, 81, 85, 86, 84, 82, 81,
    82, 84, 81, 84, 82, 84, 85, 86, 84, 83, 79, 79, 80, 79, 79, 83, 82,
    80, 82, 82, 81, 80, 83, 80, 82, 85, 84, 82, 82, 85, 83, 84, 83, 82,
    81, 83, 85, 84, 85, 81, 80, 83, 85, 81, 83, 84, 83, 83, 81, 85, 84,
    81, 85, 84, 82, 85, 85, 85, 86, 85, 84, 85, 84, 86, 83, 85, 88, 85,
    83 ]
