%YAML:1.0
---
videoName: "headShake48.mp4"
gestureLabel: 201
fps: 29
pixelSizeInCmTemp: 3.1103896103896100e-01
faceCenterPointX: 258
faceCenterPointY: 85
headPositionsX: [ 257, 262, 258, 259, 256, 260, 260, 257, 257, 258, 260,
    261, 259, 258, 262, 262, 258, 261, 262, 261, 259, 261, 257, 259, 261,
    260, 258, 256, 258, 258, 260, 260, 260, 259, 261, 264, 266, 267, 272,
    276, 277, 273, 273, 268, 264, 253, 249, 247, 247, 247, 254, 258, 263,
    269, 270, 268, 265, 259, 256, 250, 252, 251, 250, 255, 259, 263, 268,
    267, 263, 261, 256, 253, 249, 246, 247, 252, 257, 259, 263, 265, 268,
    267, 263, 262, 260, 260, 259, 260, 260, 261, 257, 260, 259, 256, 260,
    257, 259, 260, 259, 261 ]
headPositionsY: [ 86, 78, 80, 79, 76, 81, 80, 80, 77, 79, 78, 82, 79, 80,
    83, 78, 82, 79, 82, 82, 81, 83, 81, 83, 82, 81, 81, 80, 81, 80, 84,
    83, 79, 82, 81, 84, 84, 81, 81, 83, 83, 83, 85, 85, 86, 84, 84, 81,
    82, 84, 85, 85, 88, 88, 87, 85, 84, 84, 87, 87, 88, 88, 86, 87, 87,
    87, 85, 84, 87, 86, 89, 89, 87, 88, 85, 86, 86, 85, 87, 86, 84, 87,
    84, 84, 85, 87, 85, 87, 85, 84, 88, 86, 87, 83, 86, 85, 84, 84, 88,
    85 ]
