%YAML:1.0
---
videoName: "headShake42.mp4"
gestureLabel: 201
fps: 29
pixelSizeInCmTemp: 3.2808219178082193e-01
faceCenterPointX: 257
faceCenterPointY: 85
headPositionsX: [ 255, 274, 276, 276, 277, 276, 280, 276, 275, 274, 273,
    271, 269, 263, 259, 255, 250, 250, 246, 244, 245, 245, 243, 242, 242,
    244, 246, 249, 252, 258, 263, 265, 271, 278, 279, 280, 276, 276, 279,
    274, 272, 268, 266, 263, 262, 260, 255, 253, 250, 249, 245, 244, 245,
    246, 244, 246, 248, 253, 255, 254, 259, 259, 263, 265, 266, 266, 265,
    269, 269, 267, 270, 270, 265, 264, 263, 261, 263, 262, 260, 261, 259,
    257, 257, 255, 258, 258, 258, 255, 254, 255, 257, 254, 254, 258, 256,
    257, 255, 255, 257, 259 ]
headPositionsY: [ 84, 83, 82, 81, 80, 83, 83, 80, 83, 81, 82, 84, 82, 83,
    85, 85, 86, 83, 85, 84, 83, 82, 86, 85, 84, 83, 83, 87, 83, 87, 85,
    85, 81, 80, 85, 84, 83, 82, 83, 83, 86, 85, 88, 85, 88, 88, 87, 86,
    86, 85, 85, 84, 83, 84, 83, 86, 83, 87, 83, 85, 84, 84, 84, 83, 87,
    88, 84, 83, 83, 84, 85, 88, 85, 85, 85, 84, 86, 85, 84, 86, 85, 85,
    84, 85, 84, 83, 85, 85, 86, 84, 88, 87, 87, 83, 86, 84, 86, 85, 85,
    83 ]
