%YAML:1.0
---
videoName: "headShake11.mp4"
gestureLabel: 201
fps: 29
pixelSizeInCmTemp: 3.2364864864864862e-01
faceCenterPointX: 244
faceCenterPointY: 76
headPositionsX: [ 243, 239, 239, 242, 243, 244, 243, 242, 241, 241, 242,
    241, 244, 241, 239, 241, 240, 243, 240, 240, 242, 242, 244, 242, 242,
    244, 241, 242, 247, 249, 256, 259, 260, 260, 259, 262, 261, 259, 254,
    248, 245, 237, 232, 229, 227, 224, 227, 230, 232, 242, 246, 249, 252,
    259, 261, 258, 255, 253, 250, 246, 239, 235, 232, 229, 230, 230, 236,
    241, 241, 247, 251, 256, 257, 260, 256, 254, 252, 246, 247, 238, 237,
    233, 233, 237, 234, 235, 241, 240, 245, 245, 247, 250, 248, 245, 247,
    246, 243, 248, 247, 242 ]
headPositionsY: [ 76, 70, 72, 74, 72, 72, 74, 71, 71, 74, 71, 70, 75, 71,
    73, 71, 73, 73, 73, 73, 72, 71, 73, 72, 73, 73, 71, 73, 74, 71, 70,
    72, 72, 74, 72, 70, 75, 75, 74, 77, 72, 76, 75, 72, 73, 76, 76, 74,
    76, 75, 76, 74, 72, 74, 76, 71, 75, 75, 74, 74, 77, 78, 75, 73, 74,
    76, 74, 74, 75, 77, 76, 72, 72, 70, 73, 74, 74, 77, 74, 73, 74, 74,
    72, 76, 73, 72, 75, 74, 76, 76, 77, 77, 75, 73, 73, 74, 76, 77, 73,
    75 ]
