%YAML:1.0
---
videoName: "headShake35.mp4"
gestureLabel: 201
fps: 29
pixelSizeInCmTemp: 3.2364864864864862e-01
faceCenterPointX: 267
faceCenterPointY: 82
headPositionsX: [ 267, 268, 268, 264, 269, 267, 267, 269, 268, 267, 270,
    270, 270, 267, 266, 267, 268, 269, 267, 268, 270, 269, 268, 266, 269,
    266, 269, 270, 267, 268, 269, 269, 267, 268, 269, 266, 268, 267, 266,
    267, 267, 268, 265, 268, 265, 268, 269, 265, 269, 267, 269, 269, 269,
    266, 267, 268, 266, 268, 267, 268, 270, 268, 268, 271, 274, 275, 280,
    282, 278, 278, 277, 272, 268, 263, 259, 256, 260, 263, 265, 272, 273,
    277, 275, 272, 272, 267, 264, 260, 263, 263, 265, 262, 264, 265, 266,
    266, 267, 266, 265, 270 ]
headPositionsY: [ 84, 81, 81, 79, 81, 78, 82, 81, 79, 81, 79, 81, 80, 81,
    77, 82, 79, 80, 80, 81, 81, 81, 79, 81, 78, 82, 80, 78, 79, 79, 80,
    77, 80, 81, 81, 79, 78, 78, 82, 80, 83, 79, 81, 80, 81, 79, 83, 82,
    80, 83, 82, 78, 81, 80, 80, 83, 80, 81, 80, 78, 80, 80, 78, 82, 81,
    82, 82, 78, 81, 83, 83, 80, 79, 80, 81, 82, 81, 82, 82, 83, 81, 84,
    80, 82, 80, 84, 81, 79, 80, 82, 83, 83, 79, 82, 81, 81, 82, 81, 82,
    84 ]
