%YAML:1.0
---
videoName: "headShake34.mp4"
gestureLabel: 201
fps: 29
pixelSizeInCmTemp: 3.2364864864864862e-01
faceCenterPointX: 263
faceCenterPointY: 83
headPositionsX: [ 265, 263, 263, 263, 264, 263, 266, 266, 263, 262, 265,
    263, 263, 262, 262, 262, 266, 263, 262, 266, 265, 266, 266, 263, 266,
    264, 264, 262, 265, 263, 262, 266, 266, 265, 264, 265, 267, 268, 269,
    269, 272, 273, 274, 277, 276, 277, 277, 279, 278, 276, 271, 270, 262,
    259, 256, 254, 254, 251, 251, 253, 256, 259, 265, 267, 270, 269, 271,
    266, 265, 263, 256, 256, 255, 252, 257, 255, 259, 262, 264, 264, 265,
    267, 264, 263, 267, 266, 266, 267, 264, 265, 266, 264, 265, 261, 263,
    262, 265, 262, 262, 263 ]
headPositionsY: [ 83, 80, 83, 82, 84, 82, 84, 83, 84, 85, 83, 81, 82, 82,
    81, 82, 83, 82, 84, 83, 85, 85, 84, 81, 82, 83, 83, 83, 85, 85, 85,
    81, 82, 85, 82, 81, 81, 83, 83, 85, 80, 80, 80, 83, 80, 81, 81, 80,
    79, 81, 80, 86, 84, 83, 82, 80, 79, 80, 82, 83, 86, 82, 81, 80, 83,
    81, 85, 82, 83, 85, 83, 83, 85, 81, 84, 81, 82, 83, 84, 84, 81, 82,
    82, 82, 84, 83, 81, 82, 85, 85, 82, 85, 84, 84, 86, 81, 82, 83, 85,
    86 ]
