%YAML:1.0
---
videoName: "headShake36.mp4"
gestureLabel: 201
fps: 29
pixelSizeInCmTemp: 3.2364864864864862e-01
faceCenterPointX: 263
faceCenterPointY: 80
headPositionsX: [ 261, 264, 264, 261, 262, 263, 263, 266, 270, 270, 274,
    275, 276, 283, 277, 283, 286, 280, 280, 277, 274, 273, 267, 268, 261,
    257, 255, 253, 252, 250, 249, 249, 244, 244, 247, 243, 245, 249, 248,
    253, 257, 261, 263, 268, 272, 272, 274, 278, 279, 279, 281, 283, 280,
    275, 276, 272, 268, 265, 262, 257, 257, 253, 249, 251, 250, 251, 251,
    252, 249, 253, 257, 257, 258, 263, 265, 265, 265, 267, 266, 270, 265,
    267, 264, 267, 264, 264, 263, 264, 263, 263, 262, 263, 265, 262, 263,
    261, 265, 262, 264, 265 ]
headPositionsY: [ 82, 81, 80, 79, 80, 81, 79, 80, 81, 76, 76, 77, 79, 77,
    78, 78, 76, 76, 80, 80, 81, 80, 82, 81, 82, 79, 82, 78, 80, 81, 80,
    83, 82, 82, 83, 78, 81, 79, 82, 83, 81, 81, 84, 81, 77, 79, 81, 81,
    76, 78, 76, 76, 76, 79, 80, 80, 82, 80, 83, 80, 79, 78, 81, 79, 79,
    79, 80, 82, 78, 81, 82, 82, 82, 80, 81, 82, 82, 82, 81, 80, 79, 80,
    79, 79, 79, 83, 83, 79, 82, 80, 82, 82, 81, 78, 79, 78, 78, 82, 82,
    81 ]
