%YAML:1.0
---
videoName: "headShake17.mp4"
gestureLabel: 201
fps: 29
pixelSizeInCmTemp: 3.3263888888888887e-01
faceCenterPointX: 242
faceCenterPointY: 76
headPositionsX: [ 244, 238, 238, 236, 235, 237, 237, 242, 246, 248, 250,
    256, 259, 259, 259, 259, 252, 250, 247, 241, 237, 234, 231, 226, 227,
    226, 227, 231, 235, 240, 244, 248, 249, 253, 255, 251, 253, 250, 250,
    249, 242, 242, 235, 236, 230, 233, 232, 232, 233, 236, 237, 240, 242,
    244, 245, 246, 243, 246, 245, 242, 243, 240, 241, 240, 239, 241, 242,
    240, 240, 241, 239, 241, 239, 242, 242, 243, 240, 241, 240, 242, 240,
    239, 241, 239, 243, 239, 242, 242, 243, 241, 241, 240, 241, 242, 239,
    242, 242, 240, 239, 239 ]
headPositionsY: [ 78, 78, 77, 75, 76, 78, 76, 77, 74, 76, 73, 72, 74, 77,
    77, 77, 75, 78, 79, 75, 76, 76, 75, 77, 78, 79, 75, 77, 77, 78, 78,
    74, 77, 76, 76, 75, 75, 74, 74, 78, 75, 75, 80, 76, 77, 74, 78, 78,
    75, 77, 74, 79, 76, 75, 78, 77, 74, 78, 76, 75, 76, 75, 75, 77, 75,
    75, 77, 74, 77, 77, 78, 74, 76, 78, 76, 74, 77, 75, 78, 76, 76, 74,
    78, 75, 78, 77, 79, 78, 78, 77, 75, 77, 74, 75, 77, 76, 78, 76, 74,
    74 ]
