%YAML:1.0
---
videoName: "headShake38.mp4"
gestureLabel: 201
fps: 29
pixelSizeInCmTemp: 3.2808219178082193e-01
faceCenterPointX: 259
faceCenterPointY: 84
headPositionsX: [ 260, 263, 263, 265, 261, 265, 264, 264, 263, 264, 266,
    265, 266, 262, 262, 261, 264, 266, 265, 263, 262, 265, 264, 264, 263,
    264, 262, 265, 262, 263, 265, 263, 261, 261, 261, 265, 263, 263, 262,
    261, 263, 262, 257, 258, 255, 249, 247, 247, 246, 254, 259, 267, 273,
    276, 277, 276, 269, 263, 252, 250, 246, 247, 254, 258, 269, 273, 274,
    269, 264, 259, 254, 249, 247, 247, 248, 252, 259, 266, 266, 268, 268,
    267, 265, 267, 267, 265, 261, 259, 263, 260, 262, 259, 260, 260, 263,
    261, 260, 260, 260, 259 ]
headPositionsY: [ 82, 82, 81, 80, 84, 85, 84, 85, 84, 84, 85, 82, 82, 84,
    82, 85, 85, 84, 85, 86, 82, 83, 82, 85, 83, 84, 82, 82, 82, 84, 84,
    85, 83, 86, 81, 86, 81, 86, 84, 82, 81, 82, 82, 82, 83, 83, 85, 82,
    84, 86, 85, 83, 83, 83, 82, 82, 83, 83, 86, 85, 83, 82, 82, 83, 82,
    85, 86, 83, 85, 83, 82, 80, 82, 82, 81, 84, 81, 86, 82, 85, 82, 83,
    86, 83, 84, 87, 86, 86, 83, 82, 82, 83, 83, 85, 84, 84, 86, 86, 83,
    83 ]
