%YAML:1.0
---
videoName: "headShake17.mp4"
gestureLabel: 201
fps: 29
pixelSizeInCmTemp: 3.3263888888888887e-01
faceCenterPointX: 242
faceCenterPointY: 76
headPositionsX: [ 244, 241, 238, 237, 237, 237, 241, 243, 243, 247, 253,
    256, 257, 258, 259, 256, 256, 247, 247, 239, 234, 233, 231, 229, 227,
    229, 230, 233, 234, 239, 244, 249, 249, 251, 252, 251, 254, 253, 247,
    247, 243, 239, 238, 232, 232, 233, 231, 231, 236, 234, 239, 238, 244,
    244, 245, 244, 246, 243, 246, 245, 244, 241, 239, 240, 241, 239, 242,
    239, 241, 238, 239, 241, 240, 240, 239, 242, 240, 242, 240, 243, 243,
    243, 243, 242, 242, 242, 243, 242, 239, 241, 242, 243, 240, 239, 243,
    243, 240, 243, 241, 243 ]
headPositionsY: [ 75, 76, 75, 77, 76, 76, 75, 76, 75, 73, 73, 72, 73, 73,
    77, 77, 76, 77, 77, 78, 76, 76, 77, 76, 76, 78, 74, 77, 77, 79, 77,
    75, 78, 77, 75, 75, 76, 78, 76, 80, 77, 79, 77, 75, 78, 77, 78, 76,
    76, 76, 75, 78, 76, 79, 75, 77, 77, 75, 75, 76, 76, 76, 77, 75, 76,
    75, 76, 76, 75, 75, 77, 78, 76, 74, 76, 74, 78, 75, 78, 76, 75, 76,
    76, 75, 78, 75, 76, 74, 78, 78, 74, 76, 77, 77, 77, 78, 74, 78, 77,
    75 ]
