%YAML:1.0
---
videoName: "headShake12.mp4"
gestureLabel: 201
fps: 29
pixelSizeInCmTemp: 3.2808219178082193e-01
faceCenterPointX: 241
faceCenterPointY: 76
headPositionsX: [ 242, 242, 241, 240, 242, 243, 242, 240, 244, 242, 245,
    242, 243, 244, 241, 242, 243, 243, 242, 244, 240, 242, 243, 244, 243,
    243, 242, 241, 241, 239, 243, 242, 243, 244, 242, 240, 242, 242, 241,
    239, 243, 242, 240, 243, 241, 242, 243, 242, 240, 243, 242, 242, 242,
    242, 240, 241, 240, 244, 241, 244, 249, 250, 256, 256, 257, 261, 255,
    252, 246, 242, 236, 234, 229, 232, 239, 243, 245, 247, 252, 253, 253,
    251, 249, 247, 240, 239, 237, 237, 238, 236, 237, 236, 238, 239, 241,
    239, 239, 239, 242, 240 ]
headPositionsY: [ 75, 70, 73, 74, 75, 72, 72, 73, 73, 74, 71, 76, 75, 75,
    74, 71, 72, 74, 75, 73, 73, 71, 75, 76, 75, 76, 73, 76, 72, 75, 76,
    71, 73, 75, 72, 75, 75, 75, 72, 76, 76, 73, 73, 74, 72, 73, 76, 75,
    75, 74, 76, 74, 76, 72, 75, 74, 74, 74, 75, 73, 73, 74, 73, 73, 73,
    75, 71, 75, 75, 78, 78, 76, 76, 76, 77, 75, 76, 73, 74, 73, 75, 77,
    75, 77, 75, 75, 75, 78, 76, 73, 74, 77, 76, 76, 79, 75, 78, 76, 75,
    76 ]
