%YAML:1.0
---
videoName: "headShake11.mp4"
gestureLabel: 201
fps: 29
pixelSizeInCmTemp: 3.2364864864864862e-01
faceCenterPointX: 244
faceCenterPointY: 76
headPositionsX: [ 245, 239, 242, 242, 241, 241, 244, 241, 240, 240, 242,
    243, 242, 240, 239, 244, 240, 243, 244, 243, 244, 241, 243, 244, 242,
    242, 241, 245, 249, 252, 255, 255, 258, 261, 262, 261, 262, 258, 253,
    250, 243, 239, 236, 231, 229, 227, 229, 229, 235, 239, 244, 250, 256,
    257, 259, 260, 257, 252, 251, 245, 238, 236, 234, 233, 228, 231, 237,
    239, 244, 249, 250, 257, 258, 259, 256, 254, 255, 247, 246, 241, 239,
    236, 234, 233, 237, 237, 239, 240, 243, 246, 246, 246, 246, 247, 246,
    246, 247, 246, 247, 244 ]
headPositionsY: [ 75, 72, 73, 71, 72, 70, 72, 73, 75, 73, 72, 71, 74, 74,
    70, 73, 71, 73, 75, 73, 71, 73, 74, 73, 71, 75, 74, 72, 74, 71, 74,
    74, 71, 73, 70, 74, 74, 73, 74, 73, 72, 76, 76, 75, 73, 76, 75, 74,
    74, 74, 75, 74, 72, 75, 72, 74, 71, 73, 74, 76, 74, 75, 76, 74, 78,
    75, 75, 77, 76, 77, 76, 75, 74, 73, 76, 73, 73, 73, 76, 74, 73, 73,
    72, 72, 75, 75, 73, 74, 74, 74, 73, 76, 76, 72, 74, 73, 75, 76, 75,
    74 ]
