%YAML:1.0
---
videoName: "headShake5.mp4"
gestureLabel: 201
fps: 30
pixelSizeInCmTemp: 3.3263888888888887e-01
faceCenterPointX: 275
faceCenterPointY: 73
headPositionsX: [ 277, 278, 279, 276, 277, 275, 279, 277, 277, 277, 278,
    280, 280, 275, 279, 280, 279, 278, 276, 279, 279, 280, 280, 277, 276,
    276, 276, 279, 278, 277, 279, 279, 278, 279, 280, 283, 289, 294, 293,
    296, 293, 291, 292, 286, 280, 274, 267, 263, 265, 262, 270, 272, 283,
    289, 288, 288, 286, 285, 279, 272, 269, 265, 262, 262, 269, 268, 276,
    280, 283, 283, 287, 285, 282, 278, 272, 270, 269, 265, 269, 268, 268,
    273, 274, 280, 280, 284, 280, 282, 282, 281, 280, 278, 277, 277, 276,
    277, 273, 276, 277, 277 ]
headPositionsY: [ 71, 71, 72, 73, 72, 72, 74, 72, 71, 73, 74, 74, 72, 71,
    76, 73, 74, 73, 71, 73, 72, 75, 75, 75, 74, 72, 72, 72, 72, 75, 72,
    71, 72, 75, 75, 72, 74, 74, 75, 74, 70, 74, 72, 72, 73, 76, 71, 73,
    74, 75, 72, 76, 76, 76, 75, 75, 76, 73, 73, 77, 77, 73, 75, 76, 73,
    75, 75, 73, 72, 72, 75, 76, 73, 77, 73, 72, 73, 74, 70, 71, 72, 74,
    74, 72, 75, 71, 70, 73, 74, 73, 71, 73, 73, 74, 73, 73, 73, 75, 73,
    73 ]
