%YAML:1.0
---
videoName: "headShake9.mp4"
gestureLabel: 201
fps: 30
pixelSizeInCmTemp: 3.2808219178082193e-01
faceCenterPointX: 243
faceCenterPointY: 73
headPositionsX: [ 245, 245, 241, 242, 241, 243, 244, 243, 243, 241, 241,
    245, 242, 245, 242, 242, 241, 241, 245, 241, 243, 242, 243, 242, 245,
    245, 243, 244, 245, 244, 241, 245, 242, 242, 243, 245, 243, 245, 241,
    243, 246, 251, 252, 258, 260, 261, 266, 267, 260, 256, 253, 249, 241,
    239, 232, 232, 227, 229, 234, 234, 239, 249, 254, 259, 260, 259, 262,
    260, 254, 250, 245, 240, 233, 232, 232, 229, 230, 235, 235, 238, 245,
    247, 249, 250, 253, 250, 248, 249, 246, 244, 244, 245, 247, 242, 246,
    242, 242, 245, 245, 241 ]
headPositionsY: [ 75, 74, 70, 70, 74, 73, 71, 73, 73, 73, 71, 72, 74, 72,
    72, 75, 72, 74, 74, 72, 73, 71, 72, 70, 72, 75, 71, 73, 72, 75, 74,
    73, 75, 74, 72, 73, 71, 72, 70, 75, 70, 74, 73, 71, 72, 71, 69, 72,
    70, 70, 72, 73, 74, 73, 71, 73, 73, 74, 72, 74, 72, 71, 70, 70, 69,
    68, 69, 71, 71, 73, 70, 74, 74, 74, 75, 71, 73, 70, 75, 72, 74, 71,
    73, 73, 74, 75, 73, 72, 74, 71, 75, 71, 76, 72, 74, 75, 73, 71, 73,
    71 ]
