%YAML:1.0
---
videoName: "headShake9.mp4"
gestureLabel: 201
fps: 30
pixelSizeInCmTemp: 3.2808219178082193e-01
faceCenterPointX: 243
faceCenterPointY: 73
headPositionsX: [ 244, 244, 242, 240, 242, 241, 242, 242, 245, 245, 243,
    241, 241, 245, 243, 242, 245, 244, 241, 244, 241, 243, 245, 245, 243,
    244, 240, 242, 245, 244, 242, 244, 242, 245, 243, 244, 240, 244, 244,
    243, 245, 249, 251, 255, 262, 264, 266, 267, 263, 255, 253, 250, 243,
    238, 233, 232, 226, 230, 231, 238, 239, 248, 252, 255, 259, 259, 263,
    258, 254, 252, 244, 236, 232, 231, 232, 227, 229, 234, 238, 239, 244,
    247, 249, 251, 252, 248, 248, 246, 249, 247, 247, 244, 243, 246, 246,
    242, 244, 242, 244, 243 ]
headPositionsY: [ 74, 72, 73, 74, 73, 74, 70, 72, 71, 70, 70, 72, 70, 73,
    72, 73, 70, 72, 70, 71, 72, 74, 71, 73, 72, 74, 71, 74, 73, 72, 73,
    73, 72, 72, 71, 73, 70, 70, 74, 72, 74, 73, 71, 69, 71, 69, 70, 73,
    70, 69, 72, 75, 74, 74, 72, 71, 73, 72, 73, 71, 75, 70, 69, 70, 67,
    68, 72, 72, 72, 70, 74, 71, 73, 71, 72, 71, 74, 70, 73, 75, 71, 71,
    70, 72, 71, 71, 72, 74, 71, 72, 72, 71, 73, 71, 71, 73, 73, 72, 76,
    74 ]
