%YAML:1.0
---
videoName: "headShake31.mp4"
gestureLabel: 201
fps: 29
pixelSizeInCmTemp: 3.2808219178082193e-01
faceCenterPointX: 236
faceCenterPointY: 68
headPositionsX: [ 234, 238, 236, 239, 236, 239, 235, 238, 235, 236, 237,
    237, 239, 238, 235, 237, 235, 237, 237, 235, 236, 235, 238, 235, 238,
    236, 236, 235, 239, 235, 237, 235, 235, 236, 233, 236, 235, 235, 239,
    246, 247, 253, 250, 251, 251, 249, 243, 237, 231, 224, 221, 222, 221,
    225, 230, 233, 238, 244, 244, 248, 245, 244, 241, 239, 235, 233, 228,
    227, 230, 230, 234, 237, 241, 238, 242, 243, 241, 243, 240, 239, 240,
    235, 233, 236, 232, 233, 236, 237, 236, 234, 235, 237, 237, 234, 235,
    238, 237, 234, 238, 234 ]
headPositionsY: [ 70, 68, 65, 69, 66, 67, 66, 67, 67, 68, 66, 65, 65, 66,
    68, 69, 67, 66, 69, 65, 66, 69, 65, 70, 66, 68, 65, 65, 68, 67, 66,
    66, 65, 66, 67, 66, 67, 67, 66, 65, 68, 67, 67, 66, 66, 67, 66, 70,
    67, 66, 69, 69, 68, 70, 71, 72, 70, 69, 69, 68, 70, 68, 68, 69, 68,
    69, 69, 68, 70, 71, 68, 69, 71, 68, 69, 66, 69, 69, 69, 71, 69, 67,
    68, 67, 66, 67, 66, 72, 71, 68, 66, 69, 68, 66, 66, 67, 70, 70, 68,
    68 ]
