%YAML:1.0
---
videoName: "headShake13.mp4"
gestureLabel: 201
fps: 29
pixelSizeInCmTemp: 3.2364864864864862e-01
faceCenterPointX: 241
faceCenterPointY: 77
headPositionsX: [ 241, 239, 242, 240, 241, 239, 241, 240, 240, 243, 242,
    244, 242, 240, 243, 241, 240, 244, 240, 243, 241, 240, 240, 241, 242,
    241, 242, 241, 240, 240, 239, 241, 240, 242, 241, 250, 249, 254, 260,
    259, 261, 260, 259, 257, 251, 244, 238, 233, 228, 229, 228, 230, 238,
    238, 245, 249, 250, 251, 251, 249, 242, 239, 236, 233, 234, 232, 231,
    233, 237, 240, 246, 248, 249, 253, 251, 253, 246, 243, 239, 238, 235,
    232, 234, 233, 232, 235, 236, 237, 242, 243, 243, 244, 243, 247, 245,
    243, 243, 243, 239, 240 ]
headPositionsY: [ 78, 77, 78, 77, 78, 76, 79, 77, 76, 75, 76, 78, 76, 76,
    75, 76, 77, 77, 78, 75, 74, 74, 78, 74, 77, 77, 77, 77, 75, 74, 74,
    76, 76, 79, 75, 74, 76, 77, 72, 72, 76, 75, 76, 77, 75, 74, 77, 76,
    78, 75, 79, 76, 75, 75, 75, 77, 76, 76, 76, 75, 76, 76, 78, 75, 79,
    77, 76, 75, 78, 77, 78, 78, 78, 75, 74, 78, 76, 75, 77, 76, 78, 74,
    75, 77, 79, 78, 75, 76, 77, 78, 77, 76, 75, 75, 77, 76, 79, 78, 74,
    78 ]
