%YAML:1.0
---
videoName: "headShake26.mp4"
gestureLabel: 201
fps: 30
pixelSizeInCmTemp: 3.2808219178082193e-01
faceCenterPointX: 243
faceCenterPointY: 78
headPositionsX: [ 243, 238, 241, 240, 240, 245, 243, 246, 249, 250, 251,
    249, 252, 251, 250, 251, 252, 246, 247, 246, 240, 239, 237, 231, 232,
    227, 229, 232, 228, 233, 231, 234, 238, 240, 248, 244, 250, 253, 250,
    255, 254, 250, 252, 249, 243, 241, 240, 233, 231, 228, 228, 231, 229,
    229, 232, 234, 237, 238, 243, 249, 246, 248, 253, 254, 254, 252, 253,
    249, 250, 249, 247, 241, 241, 242, 239, 239, 236, 238, 238, 234, 238,
    240, 240, 237, 241, 241, 239, 240, 244, 245, 246, 246, 242, 245, 245,
    244, 244, 246, 241, 245 ]
headPositionsY: [ 80, 79, 75, 75, 74, 79, 80, 79, 80, 79, 78, 79, 79, 78,
    75, 77, 80, 77, 80, 79, 79, 80, 75, 77, 78, 77, 75, 78, 78, 77, 75,
    76, 75, 76, 77, 77, 78, 75, 78, 77, 76, 78, 75, 77, 78, 80, 80, 75,
    76, 80, 74, 75, 78, 78, 78, 75, 78, 78, 78, 76, 78, 77, 78, 76, 74,
    75, 79, 80, 78, 76, 81, 81, 77, 80, 77, 77, 79, 78, 76, 80, 80, 80,
    79, 81, 79, 76, 79, 78, 81, 78, 80, 78, 78, 79, 79, 78, 78, 78, 80,
    79 ]
