%YAML:1.0
---
videoName: "headShake37.mp4"
gestureLabel: 201
fps: 30
pixelSizeInCmTemp: 3.1933333333333330e-01
faceCenterPointX: 263
faceCenterPointY: 83
headPositionsX: [ 265, 260, 262, 264, 263, 260, 260, 262, 262, 261, 262,
    263, 264, 262, 263, 260, 262, 263, 264, 262, 260, 262, 260, 262, 260,
    263, 263, 264, 262, 262, 264, 264, 261, 261, 264, 262, 260, 262, 265,
    260, 264, 260, 259, 261, 262, 263, 261, 265, 269, 272, 274, 276, 282,
    282, 279, 277, 273, 265, 257, 256, 252, 254, 256, 256, 263, 267, 272,
    271, 271, 270, 266, 265, 262, 256, 254, 254, 255, 255, 257, 257, 258,
    261, 261, 263, 267, 268, 268, 268, 268, 266, 265, 264, 264, 265, 261,
    264, 265, 264, 262, 264 ]
headPositionsY: [ 83, 81, 85, 86, 85, 82, 84, 83, 84, 85, 85, 83, 82, 84,
    84, 82, 85, 83, 84, 82, 85, 83, 83, 85, 85, 83, 83, 85, 82, 81, 84,
    83, 83, 81, 82, 83, 84, 83, 83, 83, 82, 83, 82, 85, 82, 84, 83, 81,
    83, 81, 80, 80, 81, 80, 80, 82, 84, 85, 80, 84, 80, 83, 84, 82, 80,
    82, 82, 82, 82, 82, 84, 82, 83, 83, 84, 80, 81, 79, 85, 81, 85, 82,
    85, 83, 85, 84, 82, 83, 80, 82, 86, 83, 85, 85, 82, 82, 83, 84, 82,
    84 ]
