%YAML:1.0
---
videoName: "headShake44.mp4"
gestureLabel: 201
fps: 30
pixelSizeInCmTemp: 3.2808219178082193e-01
faceCenterPointX: 260
faceCenterPointY: 84
headPositionsX: [ 262, 263, 262, 259, 261, 262, 261, 259, 259, 261, 264,
    262, 259, 260, 263, 262, 263, 259, 263, 261, 261, 262, 260, 261, 261,
    259, 260, 259, 259, 258, 262, 261, 260, 263, 262, 262, 259, 261, 260,
    264, 264, 271, 271, 273, 274, 273, 272, 269, 260, 258, 251, 253, 249,
    253, 257, 262, 266, 270, 270, 272, 269, 263, 259, 255, 256, 254, 260,
    262, 269, 269, 272, 269, 268, 264, 259, 255, 250, 251, 254, 255, 257,
    260, 258, 263, 261, 262, 260, 261, 263, 264, 263, 260, 262, 261, 260,
    259, 259, 259, 260, 262 ]
headPositionsY: [ 84, 83, 82, 82, 85, 84, 82, 82, 83, 82, 83, 80, 85, 81,
    84, 81, 81, 83, 82, 84, 81, 81, 84, 81, 85, 84, 81, 82, 82, 83, 83,
    84, 85, 85, 81, 80, 82, 82, 81, 85, 82, 83, 80, 79, 82, 82, 84, 83,
    86, 82, 82, 85, 85, 85, 86, 86, 84, 81, 85, 86, 84, 84, 83, 84, 82,
    81, 83, 82, 85, 84, 83, 81, 85, 86, 84, 85, 86, 86, 85, 82, 86, 86,
    86, 85, 84, 82, 84, 86, 87, 85, 85, 86, 84, 86, 84, 83, 85, 88, 84,
    83 ]
