%YAML:1.0
---
videoName: "headShake27.mp4"
gestureLabel: 201
fps: 29
pixelSizeInCmTemp: 3.3263888888888887e-01
faceCenterPointX: 244
faceCenterPointY: 78
headPositionsX: [ 244, 248, 247, 248, 248, 254, 252, 256, 254, 254, 257,
    255, 252, 256, 255, 248, 246, 244, 243, 243, 240, 240, 237, 234, 236,
    236, 233, 233, 230, 233, 231, 233, 235, 233, 237, 239, 239, 240, 246,
    248, 246, 247, 249, 249, 249, 250, 250, 247, 250, 247, 245, 243, 243,
    241, 235, 239, 233, 234, 235, 233, 234, 234, 235, 233, 233, 236, 235,
    237, 242, 239, 240, 242, 246, 245, 247, 245, 250, 246, 250, 249, 247,
    249, 247, 247, 247, 244, 245, 247, 247, 244, 246, 244, 244, 244, 243,
    244, 242, 245, 247, 242 ]
headPositionsY: [ 80, 77, 75, 76, 75, 74, 76, 77, 78, 76, 78, 76, 76, 74,
    78, 77, 80, 76, 76, 76, 81, 80, 77, 78, 76, 78, 80, 78, 76, 78, 77,
    80, 79, 79, 81, 78, 77, 79, 80, 81, 79, 79, 79, 80, 79, 79, 78, 77,
    78, 81, 82, 77, 80, 80, 78, 79, 81, 78, 77, 76, 77, 80, 78, 78, 81,
    77, 78, 80, 78, 79, 81, 82, 78, 79, 78, 81, 78, 78, 80, 82, 79, 78,
    77, 79, 80, 77, 82, 81, 77, 78, 82, 78, 78, 81, 79, 79, 77, 77, 78,
    81 ]
