%YAML:1.0
---
videoName: "headShake16.mp4"
gestureLabel: 201
fps: 29
pixelSizeInCmTemp: 3.2364864864864862e-01
faceCenterPointX: 242
faceCenterPointY: 77
headPositionsX: [ 242, 242, 245, 246, 244, 245, 245, 245, 242, 243, 244,
    243, 243, 244, 242, 242, 245, 244, 241, 242, 243, 241, 242, 241, 240,
    241, 242, 241, 243, 245, 240, 242, 241, 244, 241, 241, 240, 246, 246,
    250, 252, 255, 256, 256, 253, 252, 249, 246, 239, 236, 234, 235, 233,
    237, 238, 240, 245, 247, 249, 250, 251, 248, 248, 245, 239, 237, 238,
    233, 232, 235, 233, 238, 236, 242, 244, 242, 241, 245, 244, 241, 242,
    240, 240, 242, 237, 238, 240, 240, 238, 240, 242, 243, 241, 241, 240,
    244, 244, 243, 242, 243 ]
headPositionsY: [ 78, 73, 75, 76, 75, 77, 73, 77, 73, 74, 75, 78, 78, 76,
    75, 76, 76, 75, 78, 74, 74, 77, 75, 78, 76, 75, 73, 77, 76, 74, 73,
    78, 75, 77, 74, 77, 78, 79, 76, 78, 75, 75, 75, 73, 77, 77, 78, 77,
    76, 75, 79, 79, 75, 79, 76, 78, 76, 76, 74, 78, 76, 77, 79, 75, 78,
    75, 77, 75, 75, 79, 76, 78, 78, 77, 78, 75, 75, 76, 75, 75, 76, 79,
    76, 76, 76, 74, 75, 74, 79, 77, 74, 76, 78, 77, 78, 75, 77, 76, 74,
    77 ]
