%YAML:1.0
---
videoName: "headShake6.mp4"
gestureLabel: 201
fps: 29
pixelSizeInCmTemp: 3.2808219178082193e-01
faceCenterPointX: 244
faceCenterPointY: 68
headPositionsX: [ 244, 243, 247, 247, 245, 245, 247, 247, 247, 242, 246,
    243, 246, 246, 243, 245, 243, 246, 243, 243, 248, 244, 245, 246, 246,
    244, 247, 249, 249, 255, 257, 257, 260, 260, 262, 262, 260, 254, 249,
    240, 237, 233, 230, 231, 235, 238, 243, 249, 253, 258, 256, 258, 257,
    252, 249, 244, 237, 233, 232, 232, 230, 233, 239, 241, 245, 246, 252,
    250, 252, 249, 246, 241, 244, 240, 240, 237, 238, 238, 240, 238, 242,
    242, 243, 242, 245, 245, 244, 246, 242, 246, 243, 244, 243, 246, 244,
    242, 243, 243, 245, 245 ]
headPositionsY: [ 67, 65, 66, 66, 67, 64, 66, 65, 69, 64, 65, 68, 66, 65,
    65, 66, 67, 69, 65, 64, 66, 64, 66, 65, 68, 69, 68, 65, 65, 65, 68,
    64, 66, 63, 68, 66, 65, 69, 66, 66, 69, 69, 66, 66, 66, 70, 67, 70,
    69, 66, 65, 66, 65, 66, 67, 68, 68, 66, 67, 65, 70, 68, 70, 67, 69,
    68, 66, 67, 68, 67, 70, 70, 67, 67, 69, 69, 65, 68, 69, 66, 68, 67,
    70, 68, 68, 66, 69, 68, 69, 70, 67, 70, 69, 71, 66, 69, 70, 68, 68,
    69 ]
