%YAML:1.0
---
videoName: "headShake26.mp4"
gestureLabel: 201
fps: 30
pixelSizeInCmTemp: 3.2808219178082193e-01
faceCenterPointX: 243
faceCenterPointY: 78
headPositionsX: [ 242, 238, 239, 239, 238, 243, 243, 244, 245, 247, 251,
    251, 252, 252, 253, 252, 252, 248, 245, 245, 239, 235, 236, 235, 229,
    227, 227, 228, 229, 230, 232, 236, 238, 240, 247, 246, 249, 252, 251,
    251, 255, 250, 248, 248, 243, 243, 237, 236, 232, 228, 227, 230, 230,
    229, 233, 233, 236, 239, 244, 249, 247, 249, 254, 252, 250, 253, 253,
    248, 250, 245, 244, 243, 239, 238, 236, 235, 237, 237, 234, 236, 236,
    239, 237, 240, 238, 242, 242, 244, 244, 241, 247, 245, 242, 243, 246,
    242, 244, 243, 244, 245 ]
headPositionsY: [ 80, 77, 79, 75, 75, 77, 78, 76, 80, 78, 78, 77, 77, 78,
    76, 78, 79, 78, 80, 77, 77, 80, 79, 75, 77, 74, 75, 77, 77, 75, 75,
    76, 75, 78, 77, 77, 76, 77, 75, 77, 77, 80, 76, 76, 77, 79, 78, 77,
    79, 77, 76, 77, 76, 76, 77, 78, 80, 78, 76, 79, 76, 77, 78, 78, 77,
    77, 78, 76, 80, 80, 79, 77, 77, 80, 78, 78, 79, 76, 76, 79, 76, 80,
    78, 81, 80, 78, 77, 80, 81, 81, 78, 80, 79, 78, 80, 77, 76, 76, 77,
    78 ]
