%YAML:1.0
---
videoName: "headShake20.mp4"
gestureLabel: 201
fps: 29
pixelSizeInCmTemp: 3.3263888888888887e-01
faceCenterPointX: 242
faceCenterPointY: 78
headPositionsX: [ 240, 246, 242, 243, 242, 241, 242, 243, 246, 244, 244,
    245, 245, 243, 242, 241, 242, 245, 242, 241, 244, 245, 242, 243, 241,
    245, 244, 241, 245, 242, 244, 241, 243, 245, 245, 243, 243, 244, 243,
    247, 247, 251, 253, 260, 262, 258, 255, 252, 248, 243, 238, 234, 233,
    232, 232, 235, 238, 242, 246, 249, 250, 251, 248, 248, 242, 236, 235,
    233, 233, 231, 236, 236, 241, 243, 244, 244, 245, 246, 241, 242, 238,
    240, 241, 242, 239, 241, 245, 244, 245, 242, 244, 243, 245, 242, 242,
    241, 240, 240, 243, 240 ]
headPositionsY: [ 77, 75, 76, 75, 78, 74, 77, 76, 75, 77, 76, 78, 74, 79,
    76, 75, 77, 76, 76, 77, 78, 77, 75, 78, 77, 75, 75, 76, 78, 76, 78,
    77, 75, 75, 78, 74, 76, 78, 79, 74, 76, 78, 76, 75, 73, 76, 75, 75,
    77, 77, 77, 79, 77, 75, 74, 75, 78, 77, 74, 74, 74, 76, 73, 77, 77,
    78, 79, 76, 79, 77, 76, 77, 77, 76, 79, 75, 78, 78, 75, 77, 77, 78,
    77, 79, 75, 77, 79, 77, 75, 77, 77, 79, 75, 79, 76, 78, 76, 77, 76,
    78 ]
