%YAML:1.0
---
videoName: "headShake3.mp4"
gestureLabel: 201
fps: 30
pixelSizeInCmTemp: 3.3263888888888887e-01
faceCenterPointX: 240
faceCenterPointY: 101
headPositionsX: [ 241, 244, 241, 243, 241, 243, 243, 240, 242, 242, 240,
    240, 241, 243, 244, 241, 241, 244, 242, 242, 239, 242, 242, 243, 240,
    243, 241, 240, 242, 240, 239, 240, 239, 240, 247, 249, 252, 253, 256,
    259, 254, 252, 247, 243, 240, 235, 230, 229, 230, 231, 235, 236, 242,
    249, 249, 251, 251, 248, 245, 237, 235, 230, 224, 224, 226, 229, 233,
    233, 241, 244, 246, 245, 244, 243, 242, 242, 240, 235, 235, 234, 235,
    232, 233, 233, 235, 235, 238, 238, 239, 236, 238, 240, 237, 240, 241,
    240, 240, 240, 240, 239 ]
headPositionsY: [ 102, 99, 100, 99, 100, 96, 97, 96, 97, 96, 97, 96, 100,
    99, 100, 100, 99, 99, 101, 99, 99, 99, 98, 101, 100, 99, 101, 98,
    100, 99, 98, 98, 101, 98, 98, 97, 98, 94, 98, 99, 97, 97, 97, 100,
    100, 97, 97, 100, 100, 97, 99, 100, 100, 99, 96, 101, 97, 97, 98,
    100, 97, 98, 97, 100, 99, 99, 97, 97, 97, 98, 99, 101, 98, 97, 98,
    101, 101, 99, 101, 98, 102, 101, 101, 102, 101, 99, 100, 101, 100,
    101, 103, 100, 98, 98, 99, 103, 99, 103, 103, 101 ]
