%YAML:1.0
---
videoName: "headShake8.mp4"
gestureLabel: 201
fps: 29
pixelSizeInCmTemp: 3.2364864864864862e-01
faceCenterPointX: 243
faceCenterPointY: 72
headPositionsX: [ 244, 243, 244, 245, 243, 243, 246, 243, 244, 245, 241,
    244, 244, 246, 245, 242, 245, 244, 243, 245, 244, 246, 241, 246, 245,
    245, 243, 244, 245, 242, 242, 242, 241, 245, 246, 249, 250, 258, 260,
    266, 263, 267, 264, 262, 257, 249, 246, 242, 233, 233, 229, 230, 232,
    236, 245, 250, 253, 258, 257, 258, 257, 254, 250, 247, 244, 240, 236,
    236, 234, 232, 237, 235, 241, 238, 242, 244, 246, 249, 248, 249, 252,
    248, 249, 252, 251, 250, 246, 248, 247, 245, 247, 244, 245, 244, 242,
    245, 245, 245, 245, 244 ]
headPositionsY: [ 74, 69, 74, 73, 73, 74, 73, 71, 71, 71, 72, 70, 74, 71,
    71, 70, 70, 69, 72, 74, 74, 73, 71, 73, 69, 71, 70, 70, 71, 70, 69,
    71, 73, 73, 74, 71, 70, 72, 68, 72, 67, 68, 68, 70, 69, 70, 74, 71,
    69, 73, 73, 73, 69, 70, 74, 73, 68, 68, 71, 69, 68, 68, 70, 71, 71,
    72, 72, 70, 71, 70, 71, 71, 73, 73, 70, 71, 75, 71, 73, 74, 71, 69,
    69, 70, 71, 71, 69, 70, 69, 71, 71, 72, 73, 72, 72, 69, 70, 71, 74,
    70 ]
