%YAML:1.0
---
videoName: "headShake47.mp4"
gestureLabel: 201
fps: 29
pixelSizeInCmTemp: 3.2364864864864862e-01
faceCenterPointX: 258
faceCenterPointY: 86
headPositionsX: [ 259, 261, 258, 260, 259, 260, 262, 258, 261, 261, 260,
    262, 260, 259, 261, 258, 259, 258, 262, 261, 260, 259, 260, 260, 262,
    258, 262, 260, 258, 262, 262, 262, 259, 258, 255, 256, 253, 250, 249,
    251, 250, 251, 253, 256, 262, 266, 269, 266, 264, 264, 259, 256, 255,
    254, 254, 257, 264, 263, 264, 264, 262, 255, 254, 253, 251, 255, 259,
    263, 265, 264, 265, 258, 256, 253, 251, 255, 255, 257, 264, 262, 264,
    261, 257, 254, 255, 254, 253, 255, 257, 256, 257, 257, 256, 259, 258,
    258, 258, 256, 258, 258 ]
headPositionsY: [ 86, 85, 86, 86, 85, 87, 83, 85, 87, 83, 85, 84, 83, 87,
    82, 84, 82, 86, 85, 84, 84, 83, 85, 82, 86, 83, 87, 85, 83, 84, 83,
    87, 87, 84, 84, 88, 87, 83, 86, 85, 87, 88, 87, 85, 88, 87, 88, 87,
    91, 90, 91, 87, 90, 86, 89, 87, 90, 87, 87, 87, 87, 88, 89, 86, 87,
    84, 88, 89, 87, 85, 89, 87, 86, 88, 88, 88, 87, 85, 89, 85, 88, 87,
    86, 85, 89, 88, 88, 87, 85, 85, 88, 84, 86, 88, 86, 87, 84, 85, 84,
    87 ]
