%YAML:1.0
---
videoName: "headShake31.mp4"
gestureLabel: 201
fps: 29
pixelSizeInCmTemp: 3.2808219178082193e-01
faceCenterPointX: 236
faceCenterPointY: 68
headPositionsX: [ 236, 236, 237, 239, 235, 239, 239, 237, 239, 236, 237,
    235, 235, 236, 237, 238, 236, 235, 239, 234, 237, 235, 236, 236, 234,
    237, 237, 239, 239, 238, 237, 238, 235, 239, 234, 237, 233, 236, 240,
    247, 249, 253, 250, 251, 250, 249, 244, 239, 232, 223, 222, 220, 220,
    224, 230, 234, 237, 245, 245, 249, 244, 245, 243, 237, 233, 232, 230,
    227, 231, 230, 230, 236, 239, 240, 242, 241, 242, 245, 241, 238, 237,
    238, 234, 233, 233, 235, 234, 236, 234, 237, 234, 235, 237, 236, 235,
    234, 234, 235, 237, 234 ]
headPositionsY: [ 68, 66, 67, 68, 69, 68, 68, 66, 68, 66, 66, 66, 69, 67,
    68, 68, 67, 70, 70, 64, 67, 68, 65, 68, 66, 68, 68, 69, 69, 65, 65,
    69, 68, 69, 67, 65, 65, 66, 66, 66, 68, 67, 68, 64, 67, 65, 68, 70,
    67, 67, 66, 70, 69, 68, 70, 70, 70, 71, 72, 69, 67, 67, 69, 70, 69,
    70, 69, 69, 70, 69, 70, 71, 70, 69, 68, 69, 66, 67, 69, 68, 71, 67,
    70, 69, 70, 67, 67, 70, 71, 70, 68, 68, 71, 68, 69, 68, 68, 68, 72,
    67 ]
