%YAML:1.0
---
videoName: "headShake39.mp4"
gestureLabel: 201
fps: 29
pixelSizeInCmTemp: 3.1933333333333330e-01
faceCenterPointX: 263
faceCenterPointY: 83
headPositionsX: [ 262, 261, 260, 262, 262, 261, 264, 262, 262, 261, 259,
    263, 260, 263, 263, 260, 259, 262, 263, 258, 259, 257, 258, 254, 251,
    248, 248, 247, 244, 241, 242, 246, 248, 253, 255, 259, 269, 273, 276,
    283, 280, 281, 277, 272, 264, 260, 252, 250, 248, 247, 246, 248, 254,
    258, 263, 269, 271, 278, 278, 281, 278, 272, 269, 262, 258, 256, 250,
    251, 249, 248, 253, 253, 252, 254, 256, 260, 259, 262, 264, 263, 264,
    266, 268, 266, 269, 268, 268, 264, 265, 263, 265, 264, 264, 263, 263,
    266, 261, 264, 263, 260 ]
headPositionsY: [ 85, 85, 84, 82, 82, 80, 83, 82, 83, 84, 82, 84, 83, 83,
    84, 83, 85, 82, 81, 81, 84, 81, 84, 84, 81, 84, 81, 80, 83, 84, 84,
    80, 82, 81, 81, 81, 83, 79, 82, 78, 81, 82, 80, 81, 83, 84, 83, 84,
    84, 81, 84, 83, 84, 81, 82, 84, 83, 81, 81, 81, 81, 84, 83, 83, 83,
    81, 79, 78, 80, 80, 79, 79, 81, 82, 82, 81, 84, 82, 84, 82, 81, 84,
    84, 82, 81, 83, 81, 82, 80, 84, 82, 81, 83, 83, 83, 84, 85, 84, 81,
    82 ]
