%YAML:1.0
---
videoName: "headShake35.mp4"
gestureLabel: 201
fps: 29
pixelSizeInCmTemp: 3.2364864864864862e-01
faceCenterPointX: 267
faceCenterPointY: 82
headPositionsX: [ 267, 268, 268, 265, 266, 268, 270, 268, 268, 270, 270,
    266, 269, 268, 270, 269, 270, 267, 267, 269, 270, 268, 269, 270, 268,
    265, 267, 269, 270, 268, 268, 265, 268, 270, 266, 267, 268, 267, 269,
    266, 270, 269, 269, 268, 267, 267, 266, 268, 267, 269, 268, 265, 270,
    265, 266, 268, 269, 267, 269, 266, 268, 266, 269, 272, 271, 277, 280,
    279, 279, 277, 278, 271, 267, 262, 260, 257, 261, 262, 265, 272, 272,
    275, 275, 272, 268, 267, 265, 261, 264, 263, 265, 264, 265, 267, 269,
    269, 268, 267, 267, 266 ]
headPositionsY: [ 84, 78, 79, 81, 81, 81, 80, 77, 82, 79, 78, 81, 81, 82,
    77, 79, 82, 79, 82, 81, 79, 81, 80, 79, 81, 80, 77, 78, 82, 82, 78,
    81, 83, 79, 81, 80, 81, 82, 79, 82, 82, 81, 79, 80, 78, 79, 79, 82,
    81, 81, 80, 78, 80, 78, 79, 80, 78, 78, 79, 80, 82, 81, 81, 80, 80,
    78, 79, 81, 79, 79, 83, 81, 79, 81, 80, 80, 84, 81, 80, 81, 83, 80,
    81, 80, 84, 83, 79, 81, 81, 81, 80, 80, 80, 79, 82, 81, 79, 81, 83,
    80 ]
