%YAML:1.0
---
videoName: "headShake29.mp4"
gestureLabel: 201
fps: 29
pixelSizeInCmTemp: 3.3263888888888887e-01
faceCenterPointX: 243
faceCenterPointY: 76
headPositionsX: [ 243, 242, 240, 245, 244, 242, 241, 240, 242, 243, 243,
    241, 245, 242, 241, 241, 243, 244, 244, 242, 241, 243, 243, 242, 238,
    237, 241, 239, 236, 237, 243, 244, 251, 252, 254, 256, 256, 254, 249,
    241, 238, 232, 230, 227, 227, 230, 231, 237, 244, 247, 250, 252, 250,
    252, 251, 245, 243, 238, 235, 230, 227, 228, 231, 235, 237, 242, 244,
    251, 251, 251, 251, 251, 251, 246, 243, 238, 235, 236, 232, 235, 232,
    234, 233, 237, 239, 237, 240, 240, 240, 242, 244, 244, 243, 241, 242,
    246, 243, 243, 240, 245 ]
headPositionsY: [ 74, 76, 76, 76, 78, 74, 74, 74, 75, 73, 78, 78, 74, 77,
    73, 74, 76, 75, 79, 77, 74, 76, 77, 78, 77, 74, 76, 74, 77, 76, 78,
    78, 75, 76, 74, 75, 75, 75, 74, 75, 77, 77, 75, 78, 74, 77, 75, 77,
    78, 75, 75, 77, 74, 76, 75, 78, 75, 75, 79, 77, 77, 75, 78, 75, 79,
    78, 79, 77, 77, 77, 76, 77, 78, 75, 78, 74, 74, 75, 76, 76, 73, 74,
    76, 78, 75, 77, 78, 76, 75, 77, 77, 79, 77, 74, 78, 75, 75, 74, 77,
    79 ]
