%YAML:1.0
---
videoName: "headShake41.mp4"
gestureLabel: 201
fps: 29
pixelSizeInCmTemp: 3.2364864864864862e-01
faceCenterPointX: 264
faceCenterPointY: 85
headPositionsX: [ 265, 260, 260, 262, 261, 260, 261, 263, 262, 259, 264,
    261, 259, 262, 262, 263, 261, 263, 261, 258, 264, 264, 265, 266, 264,
    270, 273, 274, 273, 277, 276, 279, 281, 280, 278, 282, 280, 282, 276,
    275, 276, 270, 268, 262, 254, 252, 251, 247, 244, 247, 242, 245, 247,
    247, 248, 251, 253, 252, 257, 262, 264, 268, 270, 274, 275, 277, 276,
    279, 277, 278, 280, 275, 272, 270, 272, 268, 268, 266, 264, 266, 264,
    265, 264, 262, 261, 263, 263, 265, 261, 263, 262, 265, 260, 263, 263,
    261, 261, 261, 261, 263 ]
headPositionsY: [ 87, 81, 83, 83, 82, 84, 81, 82, 84, 84, 82, 84, 85, 83,
    85, 83, 86, 84, 84, 85, 83, 83, 82, 82, 82, 85, 82, 84, 79, 82, 83,
    82, 80, 79, 83, 79, 83, 84, 84, 84, 86, 82, 86, 85, 85, 86, 82, 85,
    84, 80, 81, 82, 81, 84, 83, 84, 84, 83, 85, 85, 87, 83, 85, 82, 81,
    82, 85, 84, 85, 83, 82, 83, 86, 84, 85, 84, 85, 83, 85, 84, 83, 83,
    83, 86, 85, 85, 84, 84, 83, 83, 85, 87, 83, 84, 86, 86, 82, 83, 85,
    84 ]
