%YAML:1.0
---
videoName: "headShake7.mp4"
gestureLabel: 201
fps: 29
pixelSizeInCmTemp: 3.3263888888888887e-01
faceCenterPointX: 244
faceCenterPointY: 72
headPositionsX: [ 243, 244, 242, 241, 244, 242, 244, 241, 241, 242, 244,
    250, 253, 252, 254, 259, 259, 262, 257, 253, 252, 247, 239, 233, 234,
    233, 233, 241, 245, 250, 257, 260, 259, 256, 255, 250, 243, 236, 231,
    231, 225, 229, 231, 236, 239, 248, 249, 253, 253, 256, 252, 248, 246,
    240, 237, 233, 231, 231, 230, 233, 238, 245, 248, 253, 254, 256, 257,
    257, 254, 250, 247, 244, 240, 238, 236, 233, 236, 236, 235, 237, 239,
    239, 244, 244, 247, 245, 246, 245, 245, 246, 245, 246, 245, 245, 246,
    242, 241, 241, 244, 244 ]
headPositionsY: [ 73, 72, 73, 72, 73, 71, 69, 73, 70, 70, 73, 71, 68, 69,
    72, 70, 67, 68, 68, 70, 70, 73, 68, 69, 69, 69, 72, 70, 71, 68, 70,
    70, 70, 71, 69, 69, 73, 69, 71, 71, 71, 70, 72, 73, 71, 69, 68, 70,
    71, 71, 72, 72, 71, 70, 72, 69, 71, 69, 70, 73, 70, 70, 69, 68, 72,
    70, 67, 71, 69, 69, 70, 71, 69, 71, 71, 69, 73, 71, 71, 70, 72, 70,
    71, 74, 72, 71, 69, 69, 69, 69, 74, 71, 72, 72, 74, 72, 71, 70, 74,
    71 ]
