%YAML:1.0
---
videoName: "headShake48.mp4"
gestureLabel: 201
fps: 29
pixelSizeInCmTemp: 3.1103896103896100e-01
faceCenterPointX: 258
faceCenterPointY: 85
headPositionsX: [ 257, 258, 261, 258, 260, 261, 259, 259, 258, 261, 260,
    262, 259, 258, 260, 259, 258, 259, 259, 258, 258, 261, 260, 261, 261,
    257, 257, 256, 256, 257, 260, 261, 257, 257, 261, 261, 268, 268, 270,
    274, 273, 276, 269, 268, 262, 252, 249, 249, 245, 249, 251, 256, 265,
    267, 270, 268, 265, 260, 257, 250, 249, 250, 250, 255, 262, 267, 266,
    265, 266, 261, 255, 251, 250, 250, 247, 250, 257, 261, 264, 266, 264,
    264, 262, 261, 260, 262, 261, 260, 259, 261, 261, 258, 258, 260, 258,
    258, 260, 260, 261, 259 ]
headPositionsY: [ 87, 77, 79, 78, 76, 78, 81, 79, 77, 77, 78, 82, 78, 78,
    79, 81, 78, 79, 80, 83, 81, 80, 81, 82, 83, 83, 80, 80, 80, 82, 83,
    82, 81, 79, 81, 84, 81, 82, 84, 83, 82, 85, 86, 86, 85, 81, 84, 81,
    82, 83, 86, 84, 88, 85, 86, 87, 84, 87, 86, 84, 85, 84, 87, 89, 84,
    85, 83, 88, 88, 87, 88, 87, 88, 87, 85, 87, 87, 86, 88, 87, 84, 87,
    87, 85, 87, 88, 85, 84, 85, 87, 87, 87, 84, 86, 84, 85, 84, 87, 84,
    86 ]
