%YAML:1.0
---
videoName: "headShake14.mp4"
gestureLabel: 201
fps: 29
pixelSizeInCmTemp: 3.2364864864864862e-01
faceCenterPointX: 244
faceCenterPointY: 76
headPositionsX: [ 245, 246, 247, 246, 247, 246, 244, 246, 243, 245, 246,
    247, 244, 245, 243, 246, 246, 243, 243, 243, 244, 243, 242, 244, 246,
    245, 249, 251, 255, 260, 263, 261, 262, 261, 255, 252, 248, 240, 237,
    229, 226, 226, 229, 227, 230, 238, 245, 248, 253, 254, 254, 258, 255,
    252, 247, 240, 238, 236, 233, 231, 236, 235, 233, 237, 241, 244, 246,
    248, 248, 249, 250, 251, 248, 247, 247, 244, 245, 243, 242, 242, 238,
    241, 242, 239, 239, 242, 241, 246, 245, 247, 247, 245, 243, 244, 243,
    243, 245, 243, 245, 242 ]
headPositionsY: [ 74, 77, 73, 73, 75, 77, 77, 74, 77, 75, 75, 74, 77, 76,
    76, 75, 75, 74, 77, 77, 73, 74, 76, 74, 76, 74, 75, 73, 71, 73, 74,
    72, 70, 72, 72, 74, 77, 75, 77, 75, 77, 75, 76, 73, 73, 77, 74, 73,
    73, 73, 73, 74, 75, 73, 73, 77, 73, 75, 75, 76, 74, 77, 76, 73, 75,
    74, 78, 74, 74, 78, 76, 77, 76, 75, 75, 74, 74, 75, 75, 74, 77, 76,
    75, 75, 77, 75, 77, 77, 78, 79, 76, 76, 76, 77, 75, 77, 75, 76, 79,
    76 ]
