%YAML:1.0
---
videoName: "headShake46.mp4"
gestureLabel: 201
fps: 30
pixelSizeInCmTemp: 3.2364864864864862e-01
faceCenterPointX: 262
faceCenterPointY: 85
headPositionsX: [ 263, 262, 262, 259, 258, 258, 262, 262, 263, 261, 258,
    263, 260, 261, 262, 262, 260, 262, 261, 258, 263, 259, 262, 260, 262,
    257, 258, 259, 260, 260, 264, 266, 270, 274, 276, 276, 275, 270, 264,
    258, 255, 249, 249, 251, 253, 260, 267, 268, 269, 267, 261, 257, 252,
    254, 255, 259, 263, 269, 269, 267, 266, 263, 258, 255, 257, 259, 261,
    268, 269, 271, 269, 263, 264, 261, 259, 259, 261, 264, 262, 264, 263,
    262, 265, 263, 262, 262, 262, 261, 261, 263, 262, 259, 258, 261, 260,
    261, 263, 260, 259, 258 ]
headPositionsY: [ 86, 84, 84, 82, 86, 85, 86, 83, 85, 84, 86, 85, 84, 83,
    85, 85, 82, 87, 84, 83, 86, 84, 83, 82, 85, 83, 84, 82, 85, 85, 83,
    81, 84, 81, 82, 81, 81, 81, 87, 85, 87, 83, 83, 87, 85, 86, 84, 86,
    82, 83, 83, 86, 87, 85, 87, 84, 83, 87, 83, 87, 84, 85, 85, 84, 84,
    85, 85, 83, 85, 83, 86, 84, 85, 82, 83, 85, 83, 84, 85, 86, 85, 87,
    86, 83, 83, 86, 82, 84, 87, 83, 85, 86, 83, 85, 85, 86, 83, 87, 85,
    87 ]
