%YAML:1.0
---
videoName: "headShake10.mp4"
gestureLabel: 201
fps: 29
pixelSizeInCmTemp: 3.3732394366197183e-01
faceCenterPointX: 240
faceCenterPointY: 74
headPositionsX: [ 240, 244, 244, 246, 244, 247, 248, 245, 247, 246, 244,
    244, 248, 244, 247, 247, 245, 247, 248, 244, 248, 247, 246, 246, 246,
    245, 247, 245, 246, 246, 247, 245, 248, 245, 246, 248, 244, 246, 244,
    245, 244, 246, 243, 245, 246, 244, 246, 246, 242, 244, 244, 251, 250,
    255, 256, 258, 259, 260, 259, 259, 258, 251, 248, 241, 239, 235, 232,
    230, 230, 234, 238, 240, 247, 251, 252, 254, 255, 257, 256, 253, 253,
    249, 245, 242, 243, 240, 238, 240, 238, 240, 242, 241, 241, 240, 240,
    240, 239, 241, 243, 241 ]
headPositionsY: [ 73, 71, 73, 74, 73, 75, 74, 70, 74, 75, 74, 72, 73, 74,
    71, 71, 74, 74, 71, 73, 75, 71, 72, 71, 75, 74, 74, 72, 71, 75, 72,
    72, 75, 74, 71, 75, 73, 71, 74, 73, 74, 71, 73, 75, 72, 73, 71, 73,
    71, 72, 73, 73, 71, 74, 74, 70, 69, 69, 71, 70, 73, 71, 76, 75, 74,
    74, 74, 74, 75, 74, 74, 74, 74, 74, 71, 74, 74, 72, 75, 75, 76, 76,
    74, 76, 75, 77, 75, 74, 77, 74, 75, 75, 72, 75, 74, 76, 77, 76, 75,
    77 ]
