%YAML:1.0
---
videoName: "headShake7.mp4"
gestureLabel: 201
fps: 29
pixelSizeInCmTemp: 3.3263888888888887e-01
faceCenterPointX: 244
faceCenterPointY: 72
headPositionsX: [ 243, 245, 242, 243, 245, 244, 242, 245, 240, 244, 246,
    250, 252, 252, 256, 257, 259, 261, 260, 257, 251, 246, 239, 235, 234,
    235, 234, 242, 245, 252, 256, 259, 261, 259, 255, 250, 242, 240, 232,
    229, 227, 230, 230, 237, 239, 247, 251, 255, 256, 256, 253, 248, 246,
    240, 237, 235, 231, 231, 231, 235, 239, 245, 247, 251, 253, 255, 257,
    255, 253, 249, 246, 246, 240, 234, 236, 233, 235, 233, 234, 240, 237,
    239, 241, 247, 243, 244, 249, 246, 245, 247, 247, 246, 246, 246, 245,
    246, 242, 245, 242, 243 ]
headPositionsY: [ 71, 73, 73, 72, 70, 72, 71, 69, 69, 71, 69, 71, 69, 68,
    71, 67, 67, 70, 67, 71, 69, 69, 69, 70, 69, 69, 72, 73, 72, 70, 69,
    66, 69, 70, 73, 69, 72, 73, 72, 71, 73, 71, 72, 69, 69, 71, 69, 71,
    70, 72, 71, 71, 71, 74, 71, 69, 70, 67, 72, 69, 73, 69, 73, 71, 70,
    67, 71, 68, 71, 69, 69, 69, 73, 69, 73, 70, 70, 69, 72, 73, 71, 71,
    73, 72, 71, 71, 71, 69, 69, 71, 70, 73, 73, 74, 74, 72, 70, 74, 74,
    73 ]
