%YAML:1.0
---
videoName: "headShake19.mp4"
gestureLabel: 201
fps: 29
pixelSizeInCmTemp: 3.1933333333333330e-01
faceCenterPointX: 243
faceCenterPointY: 78
headPositionsX: [ 242, 244, 244, 245, 241, 243, 244, 243, 243, 243, 244,
    244, 243, 242, 245, 241, 244, 242, 242, 241, 244, 241, 242, 245, 240,
    244, 242, 244, 245, 242, 240, 244, 244, 240, 244, 240, 237, 236, 235,
    231, 235, 232, 239, 243, 250, 251, 258, 255, 259, 252, 248, 244, 238,
    232, 232, 229, 235, 231, 239, 240, 247, 248, 246, 245, 247, 245, 243,
    241, 235, 238, 235, 237, 239, 241, 240, 244, 244, 244, 243, 245, 246,
    242, 242, 243, 240, 242, 239, 239, 242, 238, 243, 243, 244, 241, 244,
    240, 244, 245, 245, 241 ]
headPositionsY: [ 79, 77, 75, 78, 78, 78, 77, 78, 78, 74, 78, 76, 76, 79,
    79, 75, 75, 77, 78, 76, 76, 79, 76, 75, 76, 78, 76, 76, 76, 75, 76,
    79, 77, 78, 75, 74, 76, 74, 75, 76, 79, 78, 77, 78, 76, 79, 77, 73,
    74, 75, 79, 75, 74, 75, 75, 75, 75, 77, 77, 79, 77, 77, 79, 74, 79,
    77, 79, 79, 77, 77, 77, 76, 77, 78, 78, 79, 77, 78, 77, 80, 78, 78,
    78, 79, 77, 79, 76, 77, 77, 80, 80, 76, 79, 78, 80, 80, 76, 79, 77,
    80 ]
