%YAML:1.0
---
videoName: "headShake27.mp4"
gestureLabel: 201
fps: 29
pixelSizeInCmTemp: 3.3263888888888887e-01
faceCenterPointX: 244
faceCenterPointY: 78
headPositionsX: [ 245, 248, 246, 249, 250, 250, 256, 253, 257, 258, 258,
    256, 255, 252, 253, 249, 248, 245, 245, 242, 239, 238, 239, 235, 234,
    236, 234, 234, 229, 232, 231, 233, 236, 233, 239, 238, 241, 240, 244,
    248, 250, 246, 251, 247, 248, 252, 252, 248, 249, 249, 246, 243, 242,
    240, 239, 236, 235, 234, 235, 233, 230, 232, 233, 235, 237, 234, 236,
    238, 239, 239, 244, 243, 246, 245, 250, 246, 248, 246, 248, 247, 247,
    247, 248, 248, 248, 245, 244, 245, 243, 246, 247, 244, 246, 246, 246,
    243, 246, 242, 245, 245 ]
headPositionsY: [ 80, 76, 75, 77, 75, 76, 75, 76, 74, 78, 76, 74, 76, 74,
    77, 78, 77, 79, 79, 77, 78, 78, 76, 78, 76, 80, 79, 79, 79, 78, 81,
    80, 81, 80, 81, 77, 79, 80, 79, 80, 80, 80, 81, 80, 81, 79, 79, 79,
    78, 77, 82, 78, 81, 81, 78, 78, 77, 80, 80, 76, 80, 77, 79, 79, 78,
    80, 77, 78, 81, 80, 80, 82, 79, 79, 80, 82, 77, 82, 78, 78, 76, 80,
    81, 78, 80, 79, 78, 80, 78, 78, 80, 81, 81, 78, 81, 80, 81, 78, 79,
    78 ]
