%YAML:1.0
---
videoName: "headShake46.mp4"
gestureLabel: 201
fps: 30
pixelSizeInCmTemp: 3.2364864864864862e-01
faceCenterPointX: 262
faceCenterPointY: 85
headPositionsX: [ 261, 262, 263, 260, 262, 261, 261, 261, 260, 262, 261,
    263, 258, 260, 260, 262, 259, 261, 258, 262, 263, 260, 259, 261, 261,
    261, 262, 260, 259, 261, 264, 266, 270, 275, 277, 278, 276, 274, 265,
    259, 255, 253, 252, 251, 253, 263, 267, 269, 269, 266, 261, 259, 253,
    255, 256, 258, 261, 267, 268, 268, 265, 264, 260, 255, 258, 258, 264,
    266, 271, 269, 268, 267, 265, 259, 258, 258, 260, 263, 265, 266, 264,
    263, 261, 260, 259, 262, 260, 259, 259, 261, 259, 258, 260, 259, 258,
    262, 262, 263, 262, 258 ]
headPositionsY: [ 84, 83, 86, 86, 84, 82, 85, 84, 84, 85, 83, 85, 82, 82,
    85, 82, 82, 85, 83, 86, 84, 86, 83, 85, 86, 83, 84, 83, 83, 85, 83,
    85, 80, 80, 81, 81, 84, 82, 83, 84, 85, 83, 83, 84, 85, 84, 86, 86,
    85, 83, 87, 86, 83, 84, 85, 87, 86, 85, 82, 85, 86, 86, 87, 86, 85,
    83, 84, 83, 84, 86, 86, 83, 86, 85, 87, 84, 85, 83, 86, 83, 83, 86,
    84, 85, 86, 83, 83, 83, 83, 84, 83, 82, 85, 84, 84, 83, 84, 84, 82,
    87 ]
