%YAML:1.0
---
videoName: "headShake4.mp4"
gestureLabel: 201
fps: 30
pixelSizeInCmTemp: 3.2364864864864862e-01
faceCenterPointX: 237
faceCenterPointY: 101
headPositionsX: [ 238, 241, 243, 246, 253, 255, 252, 252, 252, 249, 243,
    237, 232, 227, 224, 223, 227, 231, 234, 242, 249, 251, 255, 253, 251,
    244, 239, 236, 230, 224, 221, 222, 226, 229, 233, 242, 244, 251, 256,
    255, 257, 254, 247, 246, 235, 229, 228, 224, 222, 225, 228, 228, 235,
    240, 243, 245, 249, 249, 250, 249, 249, 242, 240, 235, 234, 231, 231,
    232, 230, 231, 233, 236, 234, 239, 237, 240, 241, 242, 240, 242, 241,
    242, 239, 239, 236, 238, 235, 235, 237, 238, 238, 235, 236, 237, 238,
    235, 237, 236, 238, 235 ]
headPositionsY: [ 100, 101, 96, 98, 100, 98, 99, 96, 96, 101, 98, 98, 98,
    101, 100, 99, 96, 97, 102, 100, 96, 97, 98, 98, 99, 99, 101, 99, 101,
    100, 99, 99, 97, 100, 98, 98, 97, 98, 96, 99, 98, 98, 98, 103, 101,
    97, 100, 100, 102, 99, 100, 100, 102, 101, 103, 101, 98, 98, 98, 98,
    101, 101, 100, 100, 101, 98, 101, 102, 97, 101, 100, 98, 99, 100,
    100, 102, 101, 100, 99, 102, 98, 101, 99, 98, 99, 99, 99, 100, 102,
    101, 97, 102, 97, 101, 98, 100, 102, 98, 100, 100 ]
