%YAML:1.0
---
videoName: "headShake8.mp4"
gestureLabel: 201
fps: 29
pixelSizeInCmTemp: 3.2364864864864862e-01
faceCenterPointX: 243
faceCenterPointY: 72
headPositionsX: [ 243, 241, 245, 245, 242, 243, 242, 244, 243, 245, 244,
    244, 244, 246, 246, 241, 244, 241, 242, 242, 245, 243, 244, 243, 241,
    246, 244, 242, 242, 244, 244, 244, 243, 244, 245, 250, 253, 258, 260,
    266, 263, 264, 265, 262, 254, 249, 244, 239, 234, 234, 230, 233, 231,
    238, 243, 251, 253, 257, 261, 261, 258, 252, 249, 248, 243, 238, 233,
    233, 234, 234, 236, 238, 238, 242, 242, 247, 248, 249, 247, 249, 249,
    248, 251, 249, 247, 250, 247, 249, 248, 247, 246, 242, 242, 244, 243,
    241, 244, 242, 243, 245 ]
headPositionsY: [ 72, 71, 72, 74, 74, 70, 70, 70, 70, 71, 72, 72, 73, 70,
    74, 69, 72, 73, 72, 72, 71, 74, 72, 72, 70, 70, 73, 70, 74, 71, 70,
    74, 71, 74, 71, 72, 71, 70, 69, 72, 70, 72, 71, 73, 69, 71, 72, 70,
    71, 72, 72, 69, 71, 73, 70, 69, 72, 70, 71, 72, 72, 70, 72, 69, 74,
    70, 72, 72, 70, 71, 71, 74, 71, 70, 73, 72, 73, 73, 73, 74, 73, 72,
    72, 70, 72, 70, 71, 70, 71, 72, 73, 71, 72, 69, 72, 69, 74, 74, 72,
    71 ]
