%YAML:1.0
---
videoName: "headShake27.mp4"
gestureLabel: 201
fps: 29
pixelSizeInCmTemp: 3.3263888888888887e-01
faceCenterPointX: 244
faceCenterPointY: 78
headPositionsX: [ 242, 246, 245, 249, 248, 252, 253, 253, 253, 254, 254,
    254, 255, 252, 254, 251, 249, 245, 243, 240, 243, 240, 236, 234, 235,
    234, 232, 231, 232, 233, 231, 236, 236, 233, 238, 239, 238, 243, 245,
    245, 246, 249, 248, 251, 248, 250, 251, 249, 249, 248, 246, 243, 243,
    241, 237, 238, 235, 232, 236, 233, 233, 234, 234, 234, 235, 235, 238,
    237, 242, 241, 241, 245, 246, 246, 249, 246, 249, 248, 250, 245, 247,
    247, 248, 245, 244, 246, 247, 245, 245, 245, 247, 243, 242, 245, 244,
    243, 245, 245, 246, 244 ]
headPositionsY: [ 77, 77, 76, 75, 75, 75, 78, 77, 78, 75, 77, 77, 77, 78,
    79, 80, 77, 76, 76, 78, 80, 79, 76, 81, 76, 81, 80, 77, 79, 77, 78,
    79, 77, 80, 81, 79, 80, 79, 81, 79, 79, 78, 79, 80, 82, 81, 82, 79,
    81, 80, 80, 79, 81, 79, 76, 81, 81, 77, 81, 79, 80, 77, 80, 81, 79,
    80, 78, 79, 79, 80, 81, 81, 77, 78, 80, 78, 80, 81, 81, 80, 78, 80,
    81, 78, 78, 81, 80, 81, 79, 81, 79, 79, 77, 78, 82, 81, 81, 80, 78,
    81 ]
