%YAML:1.0
---
videoName: "headShake25.mp4"
gestureLabel: 201
fps: 30
pixelSizeInCmTemp: 3.2364864864864862e-01
faceCenterPointX: 241
faceCenterPointY: 79
headPositionsX: [ 242, 256, 256, 251, 250, 249, 250, 246, 245, 244, 241,
    239, 236, 233, 232, 229, 228, 230, 228, 230, 231, 234, 235, 237, 239,
    243, 245, 244, 249, 247, 247, 249, 249, 246, 246, 243, 242, 242, 239,
    235, 232, 232, 232, 228, 230, 230, 230, 232, 232, 235, 238, 242, 241,
    246, 248, 249, 248, 252, 252, 250, 251, 250, 247, 248, 244, 241, 239,
    239, 239, 237, 233, 235, 232, 233, 236, 236, 238, 234, 236, 237, 239,
    237, 238, 240, 243, 240, 242, 243, 242, 241, 241, 243, 243, 241, 241,
    239, 242, 241, 241, 242 ]
headPositionsY: [ 79, 77, 76, 75, 75, 79, 77, 80, 80, 77, 78, 76, 77, 80,
    77, 78, 76, 78, 80, 79, 77, 79, 79, 80, 80, 77, 80, 76, 77, 78, 78,
    78, 77, 78, 81, 81, 79, 79, 78, 79, 78, 77, 76, 79, 79, 80, 80, 77,
    77, 81, 77, 77, 80, 79, 79, 80, 78, 77, 77, 79, 81, 76, 79, 78, 77,
    76, 81, 80, 79, 78, 78, 80, 78, 80, 76, 80, 79, 80, 76, 78, 81, 76,
    80, 79, 81, 81, 77, 79, 79, 80, 81, 79, 78, 78, 81, 77, 80, 77, 81,
    77 ]
