%YAML:1.0
---
videoName: "headShake21.mp4"
gestureLabel: 201
fps: 29
pixelSizeInCmTemp: 3.1933333333333330e-01
faceCenterPointX: 241
faceCenterPointY: 78
headPositionsX: [ 239, 247, 242, 242, 242, 240, 242, 243, 241, 240, 241,
    239, 244, 243, 242, 241, 243, 241, 242, 244, 242, 244, 245, 243, 243,
    241, 244, 241, 245, 242, 243, 244, 242, 242, 245, 243, 243, 244, 241,
    243, 241, 243, 241, 242, 242, 240, 239, 242, 242, 243, 243, 241, 241,
    243, 242, 239, 241, 241, 244, 242, 242, 238, 240, 238, 241, 240, 237,
    243, 244, 248, 253, 251, 250, 247, 243, 243, 239, 233, 235, 232, 238,
    236, 237, 240, 244, 242, 242, 240, 238, 239, 241, 239, 240, 237, 240,
    240, 240, 239, 240, 242 ]
headPositionsY: [ 77, 85, 82, 80, 76, 76, 72, 71, 72, 70, 72, 73, 73, 72,
    69, 70, 72, 73, 72, 71, 71, 74, 73, 73, 75, 75, 74, 75, 74, 77, 75,
    76, 79, 74, 75, 75, 75, 75, 75, 78, 75, 79, 75, 75, 78, 76, 80, 80,
    75, 79, 76, 79, 76, 76, 80, 78, 78, 76, 76, 79, 76, 75, 76, 80, 77,
    78, 80, 76, 78, 77, 77, 77, 77, 78, 80, 79, 80, 76, 77, 78, 78, 76,
    76, 80, 76, 80, 76, 79, 79, 76, 81, 78, 81, 80, 80, 76, 78, 80, 80,
    76 ]
