%YAML:1.0
---
videoName: "headShake7.mp4"
gestureLabel: 201
fps: 29
pixelSizeInCmTemp: 3.3263888888888887e-01
faceCenterPointX: 244
faceCenterPointY: 72
headPositionsX: [ 242, 241, 245, 242, 245, 243, 244, 241, 241, 246, 246,
    250, 250, 255, 258, 258, 260, 261, 260, 254, 251, 248, 242, 235, 235,
    234, 237, 242, 245, 252, 257, 258, 260, 257, 256, 251, 244, 237, 235,
    228, 228, 228, 228, 235, 238, 247, 252, 251, 255, 254, 254, 250, 245,
    242, 238, 231, 232, 231, 229, 233, 240, 243, 248, 251, 253, 257, 256,
    255, 255, 249, 248, 242, 239, 234, 236, 234, 236, 236, 237, 239, 237,
    238, 243, 246, 244, 244, 248, 248, 249, 248, 245, 247, 246, 247, 246,
    246, 241, 242, 245, 241 ]
headPositionsY: [ 70, 73, 70, 70, 71, 72, 70, 71, 72, 71, 70, 69, 69, 71,
    69, 66, 70, 67, 68, 68, 72, 70, 68, 68, 72, 73, 72, 69, 69, 70, 66,
    69, 69, 71, 72, 70, 70, 71, 73, 69, 72, 69, 71, 69, 71, 71, 69, 68,
    71, 72, 70, 69, 70, 70, 73, 72, 69, 71, 70, 73, 69, 69, 72, 70, 72,
    67, 71, 70, 72, 70, 72, 71, 69, 70, 72, 70, 70, 68, 69, 71, 70, 71,
    71, 74, 74, 70, 71, 73, 70, 70, 71, 69, 73, 71, 71, 71, 72, 70, 74,
    73 ]
