%YAML:1.0
---
videoName: "headShake39.mp4"
gestureLabel: 201
fps: 29
pixelSizeInCmTemp: 3.1933333333333330e-01
faceCenterPointX: 263
faceCenterPointY: 83
headPositionsX: [ 265, 261, 261, 261, 261, 262, 264, 259, 263, 260, 263,
    263, 261, 262, 260, 261, 258, 261, 261, 257, 261, 260, 258, 252, 250,
    249, 246, 247, 241, 244, 243, 246, 246, 252, 257, 261, 265, 272, 275,
    281, 280, 280, 276, 273, 263, 257, 254, 250, 248, 245, 247, 250, 251,
    258, 259, 270, 273, 275, 279, 280, 277, 271, 268, 262, 259, 252, 252,
    251, 248, 246, 249, 253, 251, 256, 257, 257, 263, 264, 264, 267, 264,
    267, 267, 268, 267, 266, 266, 267, 262, 264, 263, 264, 261, 262, 262,
    264, 264, 261, 261, 261 ]
headPositionsY: [ 82, 84, 83, 81, 84, 80, 83, 85, 85, 82, 80, 84, 83, 81,
    83, 82, 84, 85, 82, 82, 84, 82, 84, 84, 83, 81, 82, 80, 83, 83, 83,
    83, 84, 82, 82, 85, 80, 79, 81, 81, 79, 82, 79, 85, 85, 83, 85, 84,
    83, 80, 80, 83, 82, 84, 83, 85, 84, 81, 79, 78, 80, 81, 83, 85, 82,
    80, 78, 77, 80, 79, 81, 80, 79, 83, 85, 80, 83, 82, 82, 82, 83, 84,
    84, 82, 81, 82, 82, 82, 80, 81, 81, 82, 83, 85, 85, 81, 82, 85, 84,
    84 ]
