%YAML:1.0
---
videoName: "headShake18.mp4"
gestureLabel: 201
fps: 30
pixelSizeInCmTemp: 3.2808219178082193e-01
faceCenterPointX: 240
faceCenterPointY: 77
headPositionsX: [ 240, 239, 241, 243, 241, 240, 242, 242, 243, 240, 239,
    240, 243, 240, 240, 241, 240, 241, 241, 241, 240, 242, 240, 242, 238,
    241, 242, 239, 239, 241, 241, 240, 241, 239, 237, 240, 242, 244, 247,
    252, 252, 250, 248, 248, 249, 245, 237, 237, 231, 231, 231, 233, 237,
    238, 244, 244, 251, 247, 248, 245, 246, 240, 238, 234, 231, 232, 233,
    237, 237, 241, 244, 243, 246, 247, 243, 242, 241, 236, 239, 238, 234,
    239, 238, 236, 240, 241, 242, 244, 240, 241, 240, 239, 242, 238, 241,
    241, 242, 239, 242, 239 ]
headPositionsY: [ 78, 73, 76, 75, 75, 73, 75, 74, 75, 78, 74, 74, 74, 76,
    75, 74, 77, 78, 75, 77, 76, 79, 77, 78, 75, 77, 77, 77, 75, 77, 76,
    77, 77, 75, 79, 76, 78, 77, 78, 74, 75, 74, 77, 78, 76, 76, 78, 76,
    75, 74, 74, 77, 79, 78, 78, 78, 77, 78, 74, 78, 75, 76, 79, 76, 78,
    78, 78, 74, 78, 79, 79, 78, 80, 79, 76, 78, 75, 76, 77, 77, 76, 77,
    77, 76, 76, 75, 79, 76, 75, 76, 80, 75, 77, 75, 79, 76, 76, 79, 76,
    78 ]
