%YAML:1.0
---
videoName: "headShake45.mp4"
gestureLabel: 201
fps: 30
pixelSizeInCmTemp: 3.3263888888888887e-01
faceCenterPointX: 262
faceCenterPointY: 84
headPositionsX: [ 260, 262, 261, 260, 262, 261, 262, 260, 264, 265, 260,
    263, 263, 265, 262, 263, 263, 262, 262, 264, 263, 261, 262, 264, 263,
    264, 260, 263, 264, 261, 262, 264, 260, 261, 263, 259, 262, 261, 259,
    258, 254, 257, 259, 266, 269, 274, 280, 280, 281, 275, 274, 267, 262,
    257, 252, 254, 259, 262, 270, 270, 274, 272, 274, 266, 263, 259, 256,
    253, 256, 260, 263, 270, 269, 273, 269, 269, 267, 262, 255, 257, 256,
    256, 262, 260, 264, 266, 265, 259, 261, 260, 260, 263, 263, 262, 264,
    261, 262, 263, 261, 262 ]
headPositionsY: [ 85, 82, 81, 79, 83, 82, 83, 79, 80, 83, 79, 80, 84, 84,
    84, 80, 82, 83, 81, 81, 80, 82, 82, 83, 81, 84, 81, 80, 83, 84, 84,
    81, 81, 83, 82, 81, 83, 83, 84, 81, 81, 83, 84, 83, 80, 80, 78, 82,
    82, 81, 84, 85, 81, 83, 83, 84, 85, 81, 84, 82, 80, 81, 82, 82, 82,
    83, 83, 84, 82, 84, 83, 82, 83, 81, 84, 80, 81, 84, 81, 80, 84, 83,
    81, 81, 84, 81, 80, 84, 86, 82, 84, 82, 84, 85, 85, 81, 83, 85, 81,
    81 ]
