%YAML:1.0
---
videoName: "headShake33.mp4"
gestureLabel: 201
fps: 29
pixelSizeInCmTemp: 3.2364864864864862e-01
faceCenterPointX: 244
faceCenterPointY: 84
headPositionsX: [ 244, 245, 246, 245, 243, 244, 244, 245, 247, 244, 247,
    244, 246, 245, 244, 245, 243, 246, 244, 247, 247, 247, 250, 251, 253,
    256, 259, 258, 261, 262, 261, 263, 264, 258, 260, 257, 254, 250, 245,
    241, 237, 235, 231, 231, 229, 229, 226, 227, 230, 234, 231, 236, 240,
    247, 251, 252, 258, 257, 260, 260, 259, 259, 258, 258, 252, 250, 248,
    247, 242, 236, 234, 236, 233, 233, 233, 231, 230, 235, 237, 235, 236,
    240, 241, 242, 246, 246, 244, 247, 247, 245, 248, 247, 248, 245, 245,
    247, 242, 246, 243, 243 ]
headPositionsY: [ 82, 85, 83, 84, 82, 84, 82, 84, 81, 83, 84, 84, 83, 80,
    85, 83, 80, 82, 83, 82, 82, 81, 84, 84, 83, 80, 83, 83, 79, 80, 83,
    81, 79, 83, 80, 81, 82, 82, 83, 84, 82, 81, 81, 83, 82, 81, 80, 84,
    84, 84, 81, 83, 85, 84, 81, 81, 82, 81, 80, 78, 80, 80, 81, 80, 83,
    83, 83, 82, 81, 83, 81, 84, 80, 84, 81, 80, 80, 81, 81, 83, 82, 85,
    85, 83, 81, 83, 81, 84, 84, 83, 81, 84, 85, 84, 82, 83, 83, 83, 83,
    82 ]
