%YAML:1.0
---
videoName: "headShake32.mp4"
gestureLabel: 201
fps: 29
pixelSizeInCmTemp: 3.2808219178082193e-01
faceCenterPointX: 237
faceCenterPointY: 77
headPositionsX: [ 235, 236, 235, 237, 235, 240, 237, 237, 240, 239, 236,
    238, 241, 241, 239, 242, 240, 241, 238, 242, 242, 242, 240, 239, 242,
    240, 242, 242, 238, 238, 237, 239, 237, 238, 241, 241, 239, 242, 240,
    243, 242, 247, 244, 246, 249, 249, 250, 250, 250, 248, 249, 247, 244,
    243, 240, 240, 237, 233, 233, 230, 231, 226, 226, 226, 224, 229, 229,
    229, 233, 230, 235, 238, 243, 240, 247, 248, 248, 251, 251, 248, 249,
    249, 244, 244, 241, 242, 239, 239, 237, 240, 236, 240, 238, 237, 236,
    235, 237, 235, 240, 236 ]
headPositionsY: [ 79, 72, 76, 72, 75, 75, 73, 74, 74, 74, 71, 74, 72, 74,
    71, 75, 72, 75, 73, 71, 73, 72, 75, 76, 73, 73, 73, 74, 73, 75, 74,
    73, 72, 73, 75, 75, 74, 76, 76, 77, 73, 72, 76, 71, 73, 73, 75, 73,
    73, 75, 75, 72, 75, 75, 78, 77, 75, 78, 76, 76, 75, 73, 77, 74, 78,
    77, 78, 77, 78, 77, 78, 77, 77, 74, 73, 75, 73, 73, 77, 76, 75, 76,
    76, 77, 75, 75, 78, 78, 76, 78, 75, 79, 75, 78, 80, 77, 80, 79, 76,
    77 ]
