%YAML:1.0
---
videoName: "headShake30.mp4"
gestureLabel: 201
fps: 29
pixelSizeInCmTemp: 3.2808219178082193e-01
faceCenterPointX: 240
faceCenterPointY: 68
headPositionsX: [ 240, 231, 233, 231, 232, 234, 235, 233, 233, 236, 236,
    238, 237, 238, 241, 238, 242, 243, 243, 242, 243, 243, 244, 241, 242,
    243, 241, 241, 240, 239, 238, 239, 239, 240, 239, 239, 240, 242, 242,
    248, 250, 256, 256, 258, 257, 261, 257, 254, 252, 244, 240, 229, 227,
    222, 222, 223, 228, 233, 240, 247, 251, 254, 251, 250, 247, 241, 237,
    233, 228, 227, 226, 226, 233, 236, 244, 245, 250, 248, 249, 247, 248,
    242, 244, 239, 237, 233, 235, 239, 236, 240, 239, 242, 241, 243, 240,
    242, 240, 242, 239, 240 ]
headPositionsY: [ 68, 53, 58, 59, 58, 61, 62, 60, 63, 62, 62, 63, 62, 67,
    66, 65, 65, 63, 64, 64, 65, 67, 64, 65, 68, 66, 65, 68, 66, 64, 63,
    67, 64, 64, 64, 68, 66, 67, 68, 67, 66, 67, 63, 67, 67, 67, 67, 64,
    67, 68, 66, 66, 68, 70, 70, 69, 69, 71, 67, 71, 67, 64, 66, 67, 70,
    69, 70, 67, 69, 69, 69, 67, 67, 67, 67, 67, 68, 67, 68, 68, 64, 68,
    68, 66, 68, 65, 68, 67, 66, 66, 69, 70, 66, 67, 67, 65, 66, 69, 69,
    68 ]
