%YAML:1.0
---
videoName: "headShake24.mp4"
gestureLabel: 201
fps: 29
pixelSizeInCmTemp: 3.2808219178082193e-01
faceCenterPointX: 240
faceCenterPointY: 78
headPositionsX: [ 242, 252, 250, 250, 252, 252, 254, 255, 254, 249, 251,
    248, 244, 244, 241, 238, 235, 235, 230, 231, 233, 227, 232, 232, 231,
    236, 237, 240, 243, 243, 244, 249, 248, 248, 251, 252, 252, 246, 245,
    244, 244, 244, 243, 240, 236, 235, 237, 235, 232, 232, 236, 234, 234,
    238, 237, 242, 244, 243, 247, 243, 247, 248, 246, 250, 246, 247, 250,
    249, 246, 246, 242, 243, 240, 239, 242, 242, 237, 238, 239, 239, 237,
    237, 238, 240, 236, 237, 239, 237, 241, 241, 238, 240, 242, 238, 243,
    237, 238, 241, 238, 241 ]
headPositionsY: [ 79, 75, 77, 74, 77, 74, 73, 75, 76, 77, 78, 76, 78, 78,
    76, 79, 76, 76, 78, 76, 76, 78, 78, 76, 79, 77, 77, 75, 78, 75, 78,
    76, 75, 80, 80, 80, 76, 76, 78, 79, 80, 77, 80, 77, 78, 78, 77, 77,
    75, 79, 77, 79, 76, 77, 75, 78, 78, 79, 78, 78, 76, 76, 76, 78, 75,
    78, 77, 79, 75, 79, 79, 77, 75, 79, 80, 75, 78, 77, 79, 79, 77, 76,
    75, 76, 79, 77, 77, 76, 79, 79, 79, 76, 78, 78, 76, 76, 76, 78, 79,
    76 ]
