%YAML:1.0
---
videoName: "headShake46.mp4"
gestureLabel: 201
fps: 30
pixelSizeInCmTemp: 3.2364864864864862e-01
faceCenterPointX: 262
faceCenterPointY: 85
headPositionsX: [ 260, 261, 260, 259, 261, 260, 260, 258, 260, 259, 258,
    262, 260, 261, 260, 259, 258, 262, 261, 260, 260, 260, 263, 260, 262,
    258, 262, 259, 260, 261, 266, 267, 271, 277, 278, 275, 277, 271, 264,
    258, 254, 249, 248, 251, 255, 261, 265, 270, 269, 268, 263, 257, 252,
    255, 253, 259, 261, 266, 268, 268, 267, 261, 261, 257, 255, 260, 264,
    268, 269, 271, 267, 264, 263, 259, 261, 262, 262, 265, 263, 266, 262,
    266, 262, 262, 261, 260, 261, 259, 261, 263, 262, 258, 259, 263, 261,
    264, 261, 260, 260, 259 ]
headPositionsY: [ 87, 85, 86, 85, 83, 82, 84, 83, 84, 83, 85, 82, 83, 86,
    86, 86, 86, 87, 85, 84, 83, 85, 83, 82, 86, 85, 82, 86, 83, 84, 85,
    82, 81, 82, 84, 83, 84, 82, 86, 84, 87, 82, 87, 83, 85, 85, 83, 84,
    85, 85, 86, 84, 84, 86, 83, 84, 83, 84, 83, 84, 84, 86, 87, 87, 86,
    83, 83, 87, 86, 86, 83, 84, 86, 84, 85, 84, 83, 85, 85, 87, 84, 86,
    84, 86, 86, 85, 84, 87, 83, 82, 87, 86, 86, 86, 86, 86, 87, 84, 83,
    86 ]
