%YAML:1.0
---
videoName: "headShake41.mp4"
gestureLabel: 201
fps: 29
pixelSizeInCmTemp: 3.2364864864864862e-01
faceCenterPointX: 264
faceCenterPointY: 85
headPositionsX: [ 263, 260, 261, 262, 262, 260, 261, 262, 261, 261, 261,
    261, 262, 262, 263, 261, 263, 260, 262, 260, 263, 265, 263, 264, 267,
    267, 271, 273, 273, 277, 280, 277, 281, 284, 279, 282, 279, 279, 278,
    279, 275, 269, 265, 261, 256, 252, 249, 249, 247, 246, 244, 245, 246,
    248, 249, 250, 252, 252, 256, 258, 264, 269, 271, 273, 273, 278, 280,
    278, 276, 277, 276, 274, 272, 270, 273, 267, 266, 269, 265, 264, 266,
    263, 262, 265, 262, 263, 264, 264, 261, 261, 264, 261, 261, 262, 260,
    260, 264, 262, 263, 264 ]
headPositionsY: [ 83, 81, 83, 85, 82, 84, 83, 81, 83, 83, 86, 83, 83, 84,
    81, 84, 86, 86, 86, 81, 83, 85, 82, 86, 83, 83, 83, 81, 82, 79, 79,
    82, 81, 80, 81, 80, 80, 83, 81, 83, 82, 84, 83, 86, 84, 84, 85, 82,
    83, 80, 81, 85, 80, 82, 84, 85, 82, 85, 85, 85, 83, 82, 84, 83, 83,
    84, 83, 82, 83, 86, 84, 84, 82, 87, 84, 84, 87, 86, 84, 83, 83, 83,
    82, 85, 85, 83, 84, 86, 84, 86, 84, 84, 84, 82, 84, 83, 82, 83, 85,
    83 ]
