%YAML:1.0
---
videoName: "headShake36.mp4"
gestureLabel: 201
fps: 29
pixelSizeInCmTemp: 3.2364864864864862e-01
faceCenterPointX: 263
faceCenterPointY: 80
headPositionsX: [ 265, 262, 262, 264, 262, 262, 263, 266, 270, 273, 274,
    277, 280, 283, 280, 285, 283, 280, 278, 274, 275, 273, 267, 269, 260,
    258, 258, 255, 252, 251, 246, 245, 247, 243, 245, 247, 249, 249, 247,
    252, 257, 258, 266, 268, 272, 274, 276, 279, 279, 280, 279, 281, 281,
    276, 276, 273, 271, 268, 264, 257, 256, 253, 253, 251, 249, 250, 249,
    249, 250, 252, 255, 255, 258, 264, 264, 267, 268, 268, 265, 266, 269,
    266, 268, 267, 267, 267, 263, 265, 265, 266, 264, 265, 262, 261, 262,
    261, 262, 264, 263, 261 ]
headPositionsY: [ 81, 80, 80, 79, 82, 78, 77, 79, 80, 79, 79, 78, 76, 79,
    78, 77, 76, 78, 78, 81, 79, 79, 79, 80, 82, 83, 83, 78, 82, 80, 79,
    83, 83, 82, 83, 81, 80, 79, 79, 82, 79, 82, 82, 81, 77, 76, 80, 78,
    77, 78, 80, 76, 80, 79, 78, 81, 81, 81, 83, 78, 81, 79, 77, 78, 77,
    81, 78, 80, 78, 77, 80, 79, 82, 83, 81, 79, 82, 81, 81, 79, 78, 83,
    79, 79, 80, 82, 79, 83, 82, 79, 83, 79, 82, 78, 79, 82, 78, 80, 82,
    81 ]
