%YAML:1.0
---
videoName: "headShake12.mp4"
gestureLabel: 201
fps: 29
pixelSizeInCmTemp: 3.2808219178082193e-01
faceCenterPointX: 241
faceCenterPointY: 76
headPositionsX: [ 243, 241, 241, 243, 241, 242, 241, 240, 242, 241, 243,
    241, 242, 244, 243, 242, 243, 242, 241, 241, 240, 242, 240, 240, 241,
    243, 243, 241, 241, 243, 240, 242, 240, 243, 240, 240, 241, 243, 242,
    241, 243, 241, 239, 240, 240, 240, 241, 241, 242, 241, 242, 243, 240,
    244, 239, 243, 239, 242, 245, 246, 247, 251, 255, 259, 259, 259, 255,
    250, 246, 242, 237, 231, 233, 230, 236, 242, 248, 248, 250, 254, 250,
    250, 246, 246, 239, 241, 234, 237, 235, 237, 238, 239, 237, 239, 239,
    240, 239, 241, 241, 240 ]
headPositionsY: [ 78, 70, 72, 74, 73, 72, 72, 73, 72, 75, 75, 75, 74, 71,
    73, 74, 74, 75, 73, 72, 75, 71, 76, 73, 73, 73, 72, 73, 76, 75, 74,
    71, 77, 76, 73, 72, 72, 75, 75, 74, 74, 73, 74, 75, 73, 73, 75, 73,
    72, 74, 75, 74, 74, 74, 72, 72, 76, 74, 75, 71, 73, 75, 75, 71, 75,
    73, 71, 74, 78, 75, 78, 77, 76, 74, 76, 76, 77, 75, 75, 77, 73, 74,
    77, 77, 75, 77, 76, 74, 78, 76, 78, 76, 74, 75, 78, 77, 75, 75, 77,
    77 ]
