%YAML:1.0
---
videoName: "headShake36.mp4"
gestureLabel: 201
fps: 29
pixelSizeInCmTemp: 3.2364864864864862e-01
faceCenterPointX: 263
faceCenterPointY: 80
headPositionsX: [ 263, 264, 261, 265, 262, 262, 263, 268, 270, 272, 273,
    276, 279, 279, 279, 282, 282, 281, 280, 275, 275, 271, 270, 265, 262,
    258, 256, 252, 253, 248, 245, 245, 246, 245, 249, 247, 249, 248, 247,
    251, 255, 258, 264, 270, 270, 273, 277, 276, 278, 279, 280, 281, 279,
    277, 276, 273, 272, 266, 261, 256, 255, 254, 249, 248, 251, 250, 249,
    249, 251, 253, 255, 256, 258, 260, 261, 264, 266, 265, 267, 270, 269,
    265, 265, 264, 265, 267, 264, 265, 267, 263, 264, 263, 263, 263, 264,
    264, 265, 261, 265, 265 ]
headPositionsY: [ 78, 81, 80, 78, 79, 78, 80, 80, 79, 79, 79, 79, 76, 77,
    74, 77, 76, 77, 76, 81, 81, 78, 83, 81, 80, 81, 82, 79, 80, 79, 81,
    79, 83, 83, 79, 80, 81, 82, 83, 81, 81, 80, 80, 83, 77, 79, 81, 81,
    76, 80, 76, 80, 77, 81, 77, 81, 82, 83, 79, 81, 80, 78, 79, 78, 76,
    82, 77, 78, 81, 81, 81, 79, 78, 80, 82, 81, 81, 79, 79, 80, 82, 82,
    79, 77, 83, 80, 79, 83, 79, 79, 82, 80, 83, 82, 81, 81, 80, 82, 81,
    80 ]
