%YAML:1.0
---
videoName: "headShake47.mp4"
gestureLabel: 201
fps: 29
pixelSizeInCmTemp: 3.2364864864864862e-01
faceCenterPointX: 258
faceCenterPointY: 86
headPositionsX: [ 258, 258, 260, 262, 262, 259, 261, 260, 261, 262, 262,
    261, 258, 259, 261, 262, 261, 258, 261, 262, 257, 259, 257, 262, 261,
    258, 260, 262, 260, 260, 260, 262, 257, 260, 254, 256, 255, 252, 250,
    251, 251, 250, 253, 257, 259, 266, 269, 269, 264, 264, 260, 257, 254,
    250, 253, 258, 263, 265, 266, 265, 263, 255, 254, 251, 253, 254, 255,
    259, 265, 263, 261, 258, 256, 254, 254, 253, 258, 261, 262, 266, 262,
    262, 260, 258, 253, 252, 254, 258, 258, 256, 258, 256, 255, 258, 260,
    257, 258, 259, 257, 258 ]
headPositionsY: [ 86, 84, 84, 86, 85, 85, 84, 85, 84, 83, 86, 86, 86, 83,
    82, 84, 82, 86, 83, 86, 82, 86, 83, 84, 87, 86, 86, 85, 86, 84, 83,
    86, 85, 88, 84, 84, 86, 85, 83, 86, 86, 85, 89, 89, 89, 87, 90, 86,
    91, 89, 91, 87, 91, 90, 89, 88, 88, 87, 89, 90, 89, 87, 86, 87, 84,
    87, 87, 85, 89, 85, 90, 87, 89, 89, 85, 89, 87, 88, 89, 89, 86, 89,
    85, 84, 87, 87, 88, 85, 88, 87, 85, 86, 84, 89, 86, 84, 88, 88, 84,
    88 ]
