%YAML:1.0
---
videoName: "headShake46.mp4"
gestureLabel: 201
fps: 30
pixelSizeInCmTemp: 3.2364864864864862e-01
faceCenterPointX: 262
faceCenterPointY: 85
headPositionsX: [ 262, 260, 262, 258, 262, 260, 260, 261, 260, 260, 260,
    259, 260, 258, 259, 258, 259, 262, 258, 258, 261, 260, 260, 262, 263,
    258, 258, 259, 257, 261, 263, 265, 274, 274, 278, 277, 276, 274, 264,
    259, 252, 249, 252, 253, 253, 262, 267, 271, 269, 265, 261, 256, 255,
    252, 257, 259, 262, 268, 270, 267, 267, 263, 257, 255, 255, 258, 265,
    268, 271, 271, 268, 263, 264, 259, 259, 258, 259, 264, 265, 265, 263,
    265, 264, 260, 260, 260, 260, 259, 260, 259, 262, 261, 260, 262, 262,
    263, 261, 260, 261, 259 ]
headPositionsY: [ 87, 85, 82, 85, 86, 82, 83, 84, 87, 83, 83, 85, 84, 84,
    85, 84, 86, 86, 84, 86, 84, 84, 83, 84, 87, 86, 86, 85, 86, 83, 82,
    81, 81, 81, 84, 82, 83, 84, 87, 83, 84, 82, 83, 83, 86, 85, 83, 86,
    82, 86, 85, 84, 83, 86, 84, 84, 87, 86, 84, 86, 88, 83, 85, 86, 83,
    83, 83, 85, 87, 87, 83, 87, 86, 85, 84, 86, 82, 83, 82, 86, 84, 87,
    83, 83, 83, 87, 86, 83, 87, 85, 86, 82, 85, 83, 86, 87, 83, 87, 85,
    85 ]
