%YAML:1.0
---
videoName: "headShake23.mp4"
gestureLabel: 201
fps: 29
pixelSizeInCmTemp: 3.2808219178082193e-01
faceCenterPointX: 240
faceCenterPointY: 77
headPositionsX: [ 239, 242, 243, 241, 240, 241, 241, 243, 243, 244, 240,
    243, 242, 243, 242, 242, 243, 239, 237, 238, 239, 241, 242, 244, 249,
    249, 254, 254, 254, 256, 254, 255, 251, 250, 249, 243, 243, 237, 235,
    233, 230, 233, 231, 229, 229, 231, 230, 234, 235, 238, 244, 247, 247,
    248, 249, 254, 251, 253, 252, 250, 249, 247, 245, 245, 243, 240, 239,
    236, 238, 235, 234, 234, 233, 236, 237, 236, 234, 235, 236, 235, 238,
    238, 241, 241, 245, 242, 242, 246, 244, 242, 247, 243, 246, 242, 245,
    243, 243, 242, 239, 243 ]
headPositionsY: [ 77, 76, 77, 75, 77, 75, 75, 77, 79, 78, 78, 78, 77, 78,
    75, 75, 78, 79, 75, 76, 78, 77, 75, 77, 78, 75, 76, 78, 76, 77, 77,
    78, 77, 74, 77, 79, 77, 76, 76, 76, 74, 78, 75, 78, 76, 79, 79, 78,
    76, 77, 76, 77, 76, 76, 74, 76, 78, 77, 74, 75, 75, 76, 78, 80, 77,
    77, 80, 80, 80, 77, 76, 80, 78, 76, 79, 77, 79, 78, 79, 76, 76, 79,
    79, 76, 77, 78, 78, 78, 77, 76, 79, 80, 77, 79, 78, 78, 77, 75, 77,
    78 ]
