%YAML:1.0
---
videoName: "headShake0.mp4"
gestureLabel: 201
fps: 29
pixelSizeInCmTemp: 3.2808219178082193e-01
faceCenterPointX: 279
faceCenterPointY: 94
headPositionsX: [ 277, 281, 281, 279, 277, 279, 282, 281, 278, 281, 277,
    281, 280, 280, 276, 278, 280, 280, 278, 281, 279, 277, 281, 281, 280,
    279, 280, 277, 281, 277, 279, 281, 278, 277, 280, 278, 277, 276, 279,
    281, 279, 280, 287, 286, 293, 294, 299, 298, 299, 301, 297, 294, 287,
    282, 276, 276, 271, 271, 276, 278, 284, 285, 290, 289, 292, 286, 288,
    281, 278, 277, 273, 273, 274, 277, 281, 284, 282, 283, 283, 284, 278,
    280, 277, 277, 277, 276, 276, 277, 278, 278, 281, 281, 278, 279, 279,
    281, 280, 277, 278, 280 ]
headPositionsY: [ 96, 95, 94, 91, 93, 93, 92, 93, 91, 95, 93, 91, 94, 95,
    93, 93, 92, 93, 91, 92, 96, 95, 93, 92, 94, 95, 95, 92, 93, 91, 91,
    93, 92, 93, 93, 91, 95, 91, 95, 96, 94, 92, 90, 89, 91, 91, 92, 93,
    93, 89, 93, 93, 94, 94, 93, 91, 94, 91, 91, 94, 94, 90, 94, 93, 91,
    91, 92, 95, 92, 93, 91, 93, 91, 93, 92, 94, 95, 94, 95, 93, 94, 96,
    93, 94, 92, 93, 95, 91, 95, 96, 92, 97, 92, 92, 93, 93, 94, 96, 93,
    95 ]
