%YAML:1.0
---
videoName: "headShake48.mp4"
gestureLabel: 201
fps: 29
pixelSizeInCmTemp: 3.1103896103896100e-01
faceCenterPointX: 258
faceCenterPointY: 85
headPositionsX: [ 258, 258, 260, 259, 260, 258, 261, 260, 261, 259, 257,
    262, 262, 261, 261, 259, 261, 259, 258, 258, 260, 258, 259, 258, 259,
    260, 259, 257, 257, 258, 259, 260, 259, 260, 260, 265, 264, 270, 273,
    274, 275, 274, 269, 269, 264, 254, 251, 245, 248, 248, 255, 256, 263,
    266, 269, 266, 265, 262, 254, 249, 252, 252, 251, 256, 262, 263, 269,
    267, 265, 260, 255, 253, 252, 247, 247, 250, 257, 262, 262, 264, 267,
    264, 262, 262, 262, 260, 257, 261, 261, 259, 260, 258, 260, 260, 260,
    260, 259, 261, 258, 259 ]
headPositionsY: [ 87, 78, 77, 77, 76, 80, 78, 80, 79, 79, 79, 80, 80, 78,
    79, 78, 78, 79, 80, 81, 80, 80, 83, 83, 82, 79, 79, 80, 83, 82, 83,
    81, 81, 79, 81, 82, 84, 79, 81, 83, 80, 83, 83, 87, 84, 81, 84, 85,
    82, 85, 85, 83, 85, 86, 83, 84, 85, 87, 88, 88, 84, 84, 84, 85, 87,
    89, 86, 84, 85, 86, 85, 88, 87, 87, 87, 87, 84, 86, 87, 86, 87, 88,
    88, 88, 89, 84, 86, 85, 89, 84, 84, 85, 85, 87, 84, 85, 84, 88, 87,
    87 ]
