%YAML:1.0
---
videoName: "headShake42.mp4"
gestureLabel: 201
fps: 29
pixelSizeInCmTemp: 3.2808219178082193e-01
faceCenterPointX: 257
faceCenterPointY: 85
headPositionsX: [ 258, 272, 275, 274, 276, 275, 278, 277, 273, 273, 272,
    270, 267, 261, 261, 254, 250, 252, 246, 244, 242, 244, 245, 243, 244,
    242, 246, 249, 254, 259, 263, 267, 273, 278, 278, 278, 275, 278, 277,
    274, 273, 271, 266, 267, 261, 256, 255, 250, 251, 251, 244, 245, 244,
    245, 248, 248, 249, 250, 255, 255, 261, 259, 263, 263, 269, 266, 267,
    270, 269, 266, 267, 266, 269, 265, 266, 261, 262, 263, 259, 261, 260,
    258, 259, 259, 256, 255, 256, 257, 255, 256, 257, 258, 256, 256, 259,
    255, 257, 258, 258, 259 ]
headPositionsY: [ 86, 85, 84, 79, 83, 79, 83, 82, 83, 80, 80, 85, 86, 85,
    82, 84, 82, 85, 85, 85, 85, 82, 85, 87, 84, 84, 84, 83, 83, 85, 83,
    86, 85, 84, 82, 83, 81, 85, 83, 85, 83, 88, 86, 84, 86, 85, 87, 87,
    86, 87, 83, 87, 86, 88, 84, 87, 86, 88, 85, 84, 86, 83, 84, 83, 87,
    85, 83, 85, 83, 86, 84, 84, 88, 87, 85, 87, 85, 84, 88, 86, 87, 86,
    83, 87, 86, 83, 86, 86, 83, 87, 84, 84, 85, 86, 87, 84, 86, 83, 85,
    83 ]
