%YAML:1.0
---
videoName: "headShake25.mp4"
gestureLabel: 201
fps: 30
pixelSizeInCmTemp: 3.2364864864864862e-01
faceCenterPointX: 241
faceCenterPointY: 79
headPositionsX: [ 242, 252, 256, 252, 251, 252, 251, 248, 245, 241, 238,
    235, 235, 232, 234, 233, 228, 231, 229, 232, 232, 230, 235, 236, 238,
    239, 246, 244, 250, 248, 250, 247, 249, 246, 248, 245, 241, 238, 239,
    237, 232, 231, 231, 231, 229, 231, 230, 233, 231, 238, 240, 241, 244,
    248, 246, 249, 251, 248, 251, 249, 249, 249, 246, 248, 244, 244, 243,
    236, 237, 235, 235, 234, 233, 236, 236, 233, 238, 235, 237, 236, 238,
    237, 238, 242, 241, 241, 243, 245, 245, 244, 242, 243, 242, 242, 243,
    243, 241, 238, 239, 240 ]
headPositionsY: [ 81, 78, 75, 77, 78, 79, 79, 79, 79, 77, 75, 79, 77, 79,
    76, 80, 78, 77, 77, 78, 79, 76, 79, 79, 80, 76, 78, 78, 79, 76, 79,
    78, 77, 80, 77, 77, 77, 80, 77, 77, 80, 80, 80, 80, 78, 80, 76, 78,
    80, 78, 81, 76, 77, 78, 80, 78, 78, 75, 77, 78, 77, 80, 77, 77, 79,
    76, 81, 78, 80, 81, 78, 79, 76, 78, 80, 79, 78, 80, 76, 76, 80, 77,
    79, 77, 80, 81, 76, 80, 78, 79, 80, 78, 79, 78, 81, 77, 81, 78, 81,
    81 ]
