%YAML:1.0
---
videoName: "headShake43.mp4"
gestureLabel: 201
fps: 29
pixelSizeInCmTemp: 3.2808219178082193e-01
faceCenterPointX: 257
faceCenterPointY: 84
headPositionsX: [ 255, 261, 259, 259, 259, 259, 261, 261, 261, 259, 263,
    262, 261, 261, 261, 258, 259, 261, 262, 261, 260, 259, 261, 259, 260,
    264, 263, 267, 268, 268, 270, 275, 279, 279, 278, 283, 283, 279, 275,
    273, 270, 267, 264, 256, 250, 249, 245, 246, 244, 244, 248, 252, 256,
    262, 268, 271, 273, 272, 276, 275, 273, 265, 263, 258, 250, 247, 247,
    242, 241, 247, 250, 250, 254, 261, 264, 268, 267, 270, 271, 270, 267,
    267, 264, 265, 265, 260, 260, 261, 258, 258, 255, 256, 256, 258, 256,
    257, 257, 254, 257, 257 ]
headPositionsY: [ 83, 86, 87, 84, 83, 83, 86, 83, 86, 87, 87, 84, 83, 83,
    83, 84, 86, 85, 85, 84, 84, 88, 84, 87, 83, 83, 84, 87, 83, 83, 82,
    82, 81, 82, 83, 84, 83, 80, 85, 83, 83, 86, 83, 86, 85, 86, 82, 82,
    82, 84, 86, 82, 86, 84, 86, 84, 81, 81, 81, 82, 82, 86, 85, 84, 84,
    81, 83, 82, 84, 84, 86, 83, 84, 83, 84, 85, 81, 82, 84, 82, 84, 83,
    83, 83, 82, 87, 84, 85, 84, 85, 84, 82, 85, 82, 82, 83, 82, 85, 83,
    84 ]
