%YAML:1.0
---
videoName: "headShake1.mp4"
gestureLabel: 201
fps: 29
pixelSizeInCmTemp: 3.3263888888888887e-01
faceCenterPointX: 279
faceCenterPointY: 98
headPositionsX: [ 281, 279, 278, 277, 277, 280, 279, 281, 279, 281, 278,
    281, 279, 277, 279, 278, 281, 277, 280, 281, 277, 279, 280, 279, 279,
    281, 277, 282, 282, 284, 283, 289, 292, 291, 292, 293, 292, 289, 288,
    280, 281, 274, 274, 268, 271, 270, 269, 274, 278, 286, 289, 291, 291,
    290, 292, 289, 284, 278, 276, 269, 268, 268, 266, 271, 275, 276, 285,
    286, 292, 290, 291, 290, 292, 290, 286, 279, 277, 276, 274, 273, 269,
    270, 270, 272, 271, 274, 275, 277, 278, 280, 281, 279, 282, 282, 278,
    279, 281, 280, 281, 279 ]
headPositionsY: [ 100, 98, 97, 98, 97, 95, 98, 97, 95, 95, 95, 97, 98,
    98, 94, 98, 95, 97, 97, 95, 99, 98, 99, 96, 98, 99, 98, 98, 94, 96,
    97, 96, 96, 96, 96, 95, 95, 95, 97, 95, 99, 98, 97, 98, 98, 99, 93,
    99, 99, 95, 94, 95, 97, 95, 97, 98, 99, 98, 97, 97, 98, 95, 94, 96,
    99, 97, 97, 94, 94, 94, 95, 96, 96, 98, 97, 100, 99, 95, 96, 96, 98,
    94, 97, 99, 100, 98, 99, 99, 99, 97, 100, 95, 96, 96, 100, 98, 100,
    100, 99, 100 ]
