%YAML:1.0
---
videoName: "headShake4.mp4"
gestureLabel: 201
fps: 30
pixelSizeInCmTemp: 3.2364864864864862e-01
faceCenterPointX: 237
faceCenterPointY: 101
headPositionsX: [ 237, 243, 247, 246, 252, 253, 253, 254, 252, 247, 243,
    238, 229, 226, 223, 225, 228, 230, 238, 242, 248, 252, 254, 250, 251,
    247, 239, 233, 230, 225, 221, 226, 227, 231, 234, 243, 244, 251, 255,
    256, 255, 253, 249, 242, 238, 230, 228, 224, 222, 223, 225, 231, 233,
    236, 244, 246, 249, 249, 250, 249, 247, 244, 241, 235, 234, 232, 229,
    232, 230, 232, 232, 236, 234, 236, 237, 242, 242, 241, 243, 240, 243,
    238, 238, 240, 236, 238, 239, 239, 238, 238, 234, 236, 237, 236, 236,
    237, 237, 237, 237, 235 ]
headPositionsY: [ 100, 98, 97, 97, 97, 97, 99, 99, 97, 97, 99, 100, 101,
    101, 99, 99, 97, 97, 102, 99, 97, 97, 100, 97, 97, 101, 101, 101, 98,
    100, 99, 101, 97, 99, 101, 102, 101, 101, 97, 97, 99, 97, 98, 103,
    98, 100, 98, 100, 101, 99, 97, 100, 100, 101, 103, 99, 98, 102, 97,
    100, 99, 101, 101, 101, 98, 101, 99, 100, 99, 101, 100, 100, 98, 102,
    98, 98, 101, 100, 102, 101, 100, 102, 99, 101, 101, 102, 102, 101,
    99, 103, 99, 100, 100, 99, 100, 100, 101, 102, 102, 99 ]
