%YAML:1.0
---
videoName: "headShake30.mp4"
gestureLabel: 201
fps: 29
pixelSizeInCmTemp: 3.2808219178082193e-01
faceCenterPointX: 240
faceCenterPointY: 68
headPositionsX: [ 238, 235, 233, 235, 233, 233, 234, 231, 232, 236, 235,
    236, 239, 239, 240, 238, 242, 242, 245, 244, 246, 245, 243, 245, 244,
    243, 240, 245, 244, 243, 242, 239, 241, 239, 241, 237, 237, 240, 244,
    246, 249, 256, 256, 259, 261, 260, 257, 253, 249, 245, 238, 232, 229,
    222, 222, 224, 228, 232, 241, 247, 251, 251, 252, 253, 246, 242, 237,
    232, 226, 228, 228, 228, 233, 236, 243, 245, 249, 251, 251, 250, 249,
    244, 244, 239, 236, 236, 239, 235, 237, 237, 237, 240, 239, 239, 241,
    242, 242, 238, 241, 239 ]
headPositionsY: [ 66, 54, 57, 59, 56, 61, 59, 60, 62, 65, 63, 63, 65, 67,
    66, 63, 67, 64, 65, 66, 63, 63, 64, 67, 65, 65, 67, 67, 68, 65, 63,
    67, 64, 64, 65, 65, 68, 66, 64, 66, 67, 66, 66, 63, 64, 67, 64, 64,
    66, 67, 67, 67, 68, 68, 70, 70, 70, 67, 69, 67, 65, 67, 67, 67, 67,
    69, 66, 68, 68, 66, 67, 70, 69, 70, 70, 65, 66, 65, 66, 64, 65, 65,
    65, 69, 67, 65, 66, 66, 65, 66, 66, 67, 69, 68, 69, 69, 66, 70, 67,
    68 ]
