%YAML:1.0
---
videoName: "headShake25.mp4"
gestureLabel: 201
fps: 30
pixelSizeInCmTemp: 3.2364864864864862e-01
faceCenterPointX: 241
faceCenterPointY: 79
headPositionsX: [ 242, 256, 252, 252, 254, 250, 250, 247, 244, 243, 239,
    238, 234, 236, 232, 230, 228, 229, 229, 232, 229, 234, 231, 237, 240,
    239, 243, 245, 248, 248, 249, 247, 247, 247, 249, 246, 243, 238, 237,
    235, 231, 234, 229, 230, 231, 231, 231, 232, 232, 238, 239, 241, 243,
    247, 248, 247, 248, 249, 251, 252, 249, 251, 249, 246, 244, 241, 242,
    238, 237, 237, 234, 234, 235, 236, 236, 235, 236, 235, 234, 236, 240,
    239, 241, 242, 240, 240, 242, 241, 242, 244, 240, 243, 242, 240, 239,
    240, 244, 238, 242, 238 ]
headPositionsY: [ 79, 78, 77, 75, 75, 77, 77, 80, 78, 75, 77, 75, 76, 78,
    78, 79, 78, 80, 80, 78, 80, 76, 77, 76, 80, 78, 78, 78, 81, 79, 77,
    80, 77, 81, 80, 78, 81, 77, 79, 80, 79, 76, 78, 76, 80, 80, 77, 79,
    76, 81, 78, 77, 77, 77, 78, 80, 81, 77, 76, 77, 77, 80, 78, 79, 77,
    79, 80, 80, 80, 77, 77, 79, 79, 76, 77, 79, 77, 76, 79, 76, 77, 78,
    80, 79, 81, 79, 79, 80, 81, 80, 78, 78, 80, 79, 77, 81, 80, 81, 81,
    79 ]
