%YAML:1.0
---
videoName: "headShake13.mp4"
gestureLabel: 201
fps: 29
pixelSizeInCmTemp: 3.2364864864864862e-01
faceCenterPointX: 241
faceCenterPointY: 77
headPositionsX: [ 242, 241, 243, 240, 241, 241, 240, 239, 241, 241, 239,
    242, 243, 242, 242, 242, 240, 243, 243, 239, 242, 242, 242, 243, 242,
    241, 241, 240, 240, 238, 238, 237, 237, 241, 244, 248, 250, 254, 257,
    259, 264, 261, 259, 253, 249, 245, 239, 232, 229, 227, 230, 233, 236,
    239, 245, 249, 250, 248, 249, 250, 245, 242, 239, 232, 232, 233, 231,
    232, 236, 239, 245, 247, 250, 252, 248, 251, 247, 244, 241, 239, 235,
    234, 234, 235, 234, 235, 237, 241, 241, 244, 244, 243, 247, 245, 241,
    246, 244, 242, 239, 243 ]
headPositionsY: [ 75, 74, 76, 77, 75, 75, 78, 78, 78, 75, 77, 79, 74, 79,
    75, 74, 77, 75, 76, 76, 75, 76, 76, 76, 74, 77, 76, 75, 76, 73, 77,
    74, 76, 77, 78, 76, 76, 73, 73, 75, 77, 73, 77, 78, 78, 74, 75, 77,
    78, 78, 78, 77, 76, 76, 76, 76, 77, 78, 78, 74, 74, 79, 78, 76, 78,
    75, 76, 74, 76, 74, 77, 77, 77, 75, 75, 77, 78, 78, 77, 77, 76, 74,
    76, 74, 78, 74, 75, 74, 77, 75, 74, 74, 74, 78, 74, 76, 76, 77, 74,
    75 ]
