%YAML:1.0
---
videoName: "headShake48.mp4"
gestureLabel: 201
fps: 29
pixelSizeInCmTemp: 3.1103896103896100e-01
faceCenterPointX: 258
faceCenterPointY: 85
headPositionsX: [ 260, 261, 258, 261, 257, 261, 261, 260, 261, 257, 258,
    260, 259, 262, 260, 259, 257, 259, 260, 259, 261, 260, 261, 261, 261,
    257, 259, 256, 260, 258, 261, 257, 256, 259, 262, 263, 267, 267, 270,
    272, 276, 275, 273, 266, 261, 255, 249, 245, 245, 246, 251, 260, 264,
    266, 266, 266, 263, 260, 253, 249, 250, 248, 251, 255, 262, 263, 267,
    266, 265, 261, 255, 254, 249, 248, 250, 251, 255, 263, 264, 267, 268,
    264, 262, 264, 261, 258, 258, 261, 259, 259, 258, 258, 258, 256, 261,
    259, 259, 259, 262, 257 ]
headPositionsY: [ 86, 77, 77, 77, 80, 79, 79, 77, 81, 78, 81, 81, 80, 80,
    83, 79, 80, 79, 82, 81, 82, 80, 82, 80, 81, 80, 81, 79, 81, 82, 80,
    81, 82, 79, 83, 80, 82, 80, 81, 81, 82, 85, 82, 85, 85, 81, 81, 84,
    82, 85, 86, 86, 88, 88, 84, 85, 86, 86, 86, 86, 86, 85, 86, 85, 87,
    88, 86, 86, 86, 84, 85, 85, 84, 85, 88, 85, 86, 85, 86, 85, 85, 85,
    84, 88, 89, 87, 88, 88, 86, 88, 85, 87, 88, 84, 85, 87, 86, 86, 86,
    87 ]
