%YAML:1.0
---
videoName: "headShake43.mp4"
gestureLabel: 201
fps: 29
pixelSizeInCmTemp: 3.2808219178082193e-01
faceCenterPointX: 257
faceCenterPointY: 84
headPositionsX: [ 257, 259, 258, 258, 258, 258, 262, 258, 260, 258, 260,
    259, 259, 258, 258, 262, 262, 261, 260, 262, 259, 262, 263, 262, 261,
    264, 261, 265, 267, 270, 273, 274, 280, 280, 278, 284, 281, 277, 276,
    275, 271, 267, 263, 254, 250, 246, 243, 242, 244, 243, 250, 252, 254,
    261, 269, 268, 273, 274, 273, 275, 269, 267, 263, 257, 251, 244, 245,
    245, 244, 245, 250, 250, 257, 259, 262, 267, 268, 271, 271, 268, 270,
    266, 268, 265, 264, 262, 259, 261, 258, 257, 257, 256, 257, 259, 257,
    257, 257, 258, 257, 257 ]
headPositionsY: [ 85, 85, 87, 87, 85, 84, 83, 86, 87, 86, 87, 84, 84, 87,
    87, 85, 87, 83, 85, 83, 87, 87, 87, 84, 85, 83, 84, 85, 85, 83, 82,
    82, 81, 83, 85, 81, 85, 83, 81, 80, 86, 84, 83, 83, 87, 82, 81, 82,
    81, 82, 85, 83, 84, 87, 86, 85, 81, 82, 83, 83, 85, 82, 82, 83, 82,
    81, 83, 84, 81, 82, 83, 83, 82, 87, 86, 86, 85, 82, 82, 82, 83, 85,
    82, 82, 82, 83, 83, 83, 86, 83, 82, 83, 83, 85, 86, 83, 82, 81, 84,
    82 ]
