%YAML:1.0
---
videoName: "headShake46.mp4"
gestureLabel: 201
fps: 30
pixelSizeInCmTemp: 3.2364864864864862e-01
faceCenterPointX: 262
faceCenterPointY: 85
headPositionsX: [ 263, 262, 259, 259, 259, 262, 258, 261, 261, 259, 259,
    261, 260, 258, 260, 260, 258, 261, 258, 258, 259, 259, 263, 260, 261,
    258, 258, 259, 257, 262, 263, 266, 273, 274, 277, 276, 276, 273, 267,
    260, 253, 249, 250, 251, 255, 261, 269, 267, 270, 266, 262, 257, 255,
    252, 253, 261, 263, 267, 270, 266, 264, 264, 260, 259, 259, 259, 262,
    266, 268, 269, 268, 267, 262, 259, 257, 259, 261, 261, 264, 263, 265,
    262, 265, 261, 259, 261, 258, 259, 258, 261, 260, 262, 259, 259, 259,
    261, 263, 263, 263, 261 ]
headPositionsY: [ 83, 83, 83, 82, 84, 84, 85, 86, 83, 85, 82, 85, 85, 84,
    83, 85, 86, 86, 83, 83, 86, 84, 83, 81, 86, 86, 82, 85, 83, 83, 82,
    82, 82, 80, 82, 82, 82, 82, 86, 86, 85, 85, 87, 86, 84, 87, 84, 85,
    85, 84, 87, 84, 83, 84, 84, 85, 85, 85, 85, 87, 85, 85, 86, 87, 84,
    83, 85, 84, 83, 86, 86, 86, 86, 86, 87, 83, 83, 86, 83, 83, 83, 84,
    86, 87, 85, 84, 83, 85, 87, 82, 83, 83, 85, 87, 85, 87, 87, 85, 85,
    83 ]
