%YAML:1.0
---
videoName: "headShake40.mp4"
gestureLabel: 201
fps: 29
pixelSizeInCmTemp: 3.2808219178082193e-01
faceCenterPointX: 261
faceCenterPointY: 86
headPositionsX: [ 259, 263, 259, 262, 263, 259, 259, 261, 261, 262, 263,
    260, 261, 261, 264, 259, 260, 259, 259, 257, 260, 261, 261, 258, 261,
    260, 263, 258, 257, 260, 255, 255, 252, 253, 251, 254, 257, 260, 265,
    269, 275, 278, 280, 280, 279, 273, 269, 264, 261, 254, 252, 248, 244,
    249, 252, 254, 255, 261, 263, 270, 272, 272, 270, 268, 265, 264, 262,
    256, 256, 257, 256, 257, 259, 262, 262, 265, 265, 268, 268, 268, 265,
    264, 264, 262, 261, 261, 258, 255, 258, 258, 259, 256, 260, 258, 259,
    261, 262, 264, 260, 259 ]
headPositionsY: [ 87, 83, 81, 83, 84, 84, 81, 84, 82, 85, 84, 84, 86, 82,
    82, 85, 83, 84, 83, 80, 84, 84, 83, 82, 84, 84, 83, 86, 82, 86, 85,
    84, 82, 81, 85, 83, 85, 86, 85, 84, 80, 79, 82, 80, 82, 82, 85, 83,
    80, 82, 85, 82, 79, 82, 83, 82, 86, 85, 81, 83, 82, 82, 81, 84, 83,
    83, 85, 84, 82, 81, 81, 82, 84, 81, 82, 82, 85, 84, 81, 84, 81, 85,
    81, 86, 85, 83, 85, 83, 85, 85, 86, 86, 83, 87, 85, 85, 86, 85, 87,
    87 ]
