%YAML:1.0
---
videoName: "headShake1.mp4"
gestureLabel: 201
fps: 29
pixelSizeInCmTemp: 3.3263888888888887e-01
faceCenterPointX: 279
faceCenterPointY: 98
headPositionsX: [ 280, 277, 279, 278, 279, 281, 280, 280, 279, 280, 280,
    281, 277, 281, 278, 280, 280, 278, 281, 280, 281, 279, 280, 280, 277,
    277, 279, 281, 283, 281, 283, 290, 288, 290, 291, 293, 290, 290, 284,
    283, 280, 274, 272, 268, 270, 270, 273, 274, 280, 284, 288, 289, 291,
    290, 292, 285, 283, 279, 275, 268, 267, 265, 267, 267, 273, 279, 285,
    286, 288, 293, 290, 289, 288, 290, 286, 282, 279, 273, 273, 272, 270,
    274, 269, 272, 271, 273, 276, 275, 275, 276, 281, 280, 279, 280, 278,
    278, 282, 280, 281, 277 ]
headPositionsY: [ 97, 96, 99, 99, 99, 99, 99, 99, 97, 99, 99, 99, 95,
    100, 97, 96, 95, 99, 95, 95, 98, 100, 97, 97, 96, 96, 96, 98, 97, 98,
    95, 96, 94, 96, 97, 95, 97, 96, 98, 95, 99, 98, 96, 99, 94, 95, 94,
    96, 96, 97, 96, 97, 97, 95, 95, 94, 96, 96, 95, 98, 97, 94, 93, 97,
    98, 95, 97, 96, 94, 96, 97, 97, 97, 96, 96, 96, 99, 97, 97, 96, 94,
    97, 94, 95, 100, 98, 96, 97, 99, 97, 96, 95, 100, 98, 97, 100, 100,
    100, 95, 100 ]
