%YAML:1.0
---
videoName: "headShake24.mp4"
gestureLabel: 201
fps: 29
pixelSizeInCmTemp: 3.2808219178082193e-01
faceCenterPointX: 240
faceCenterPointY: 78
headPositionsX: [ 239, 253, 253, 253, 252, 256, 254, 252, 255, 253, 247,
    245, 242, 241, 241, 238, 235, 233, 232, 233, 230, 228, 230, 234, 233,
    235, 236, 240, 239, 241, 247, 245, 250, 249, 252, 251, 248, 247, 245,
    245, 245, 241, 242, 241, 237, 235, 237, 232, 234, 235, 237, 232, 236,
    238, 236, 242, 244, 244, 246, 247, 246, 247, 245, 250, 247, 247, 248,
    248, 244, 247, 245, 243, 244, 243, 239, 239, 237, 237, 240, 237, 236,
    241, 241, 242, 240, 237, 239, 239, 240, 239, 239, 242, 239, 240, 241,
    241, 240, 240, 242, 242 ]
headPositionsY: [ 77, 75, 78, 74, 76, 77, 74, 74, 79, 79, 76, 78, 79, 76,
    80, 75, 78, 76, 78, 76, 79, 77, 79, 78, 78, 80, 77, 78, 80, 79, 77,
    77, 78, 78, 78, 81, 77, 78, 76, 77, 78, 77, 80, 76, 78, 79, 75, 78,
    75, 76, 80, 79, 77, 80, 76, 79, 77, 79, 80, 76, 78, 80, 80, 79, 75,
    75, 79, 76, 77, 77, 76, 79, 78, 76, 79, 75, 80, 78, 76, 76, 76, 77,
    79, 80, 79, 77, 76, 80, 76, 80, 78, 77, 77, 76, 77, 76, 77, 78, 76,
    77 ]
