%YAML:1.0
---
videoName: "headShake16.mp4"
gestureLabel: 201
fps: 29
pixelSizeInCmTemp: 3.2364864864864862e-01
faceCenterPointX: 242
faceCenterPointY: 77
headPositionsX: [ 241, 243, 245, 242, 245, 246, 246, 243, 245, 242, 243,
    241, 242, 245, 245, 244, 245, 243, 242, 243, 241, 242, 243, 245, 244,
    242, 243, 245, 241, 245, 240, 245, 240, 244, 239, 240, 240, 245, 246,
    246, 251, 253, 257, 253, 253, 252, 246, 244, 239, 236, 238, 236, 234,
    238, 239, 241, 243, 247, 249, 250, 250, 250, 245, 245, 240, 239, 234,
    236, 232, 237, 237, 237, 239, 240, 244, 245, 243, 246, 246, 243, 243,
    240, 241, 239, 240, 238, 239, 237, 241, 240, 242, 240, 243, 244, 244,
    243, 243, 244, 244, 242 ]
headPositionsY: [ 79, 74, 75, 75, 76, 77, 74, 74, 75, 76, 75, 75, 78, 77,
    76, 78, 74, 74, 75, 77, 77, 78, 77, 76, 73, 74, 75, 75, 73, 76, 74,
    75, 73, 74, 77, 78, 77, 77, 75, 76, 75, 77, 73, 73, 74, 74, 78, 78,
    76, 74, 77, 75, 77, 79, 78, 79, 77, 78, 78, 79, 74, 76, 78, 78, 78,
    75, 77, 75, 78, 77, 79, 76, 78, 79, 77, 75, 78, 79, 77, 77, 76, 79,
    75, 75, 75, 76, 79, 75, 78, 78, 73, 74, 78, 79, 76, 74, 77, 77, 78,
    76 ]
