%YAML:1.0
---
videoName: "headShake49.mp4"
gestureLabel: 201
fps: 30
pixelSizeInCmTemp: 2.8855421686746985e-01
faceCenterPointX: 259
faceCenterPointY: 84
headPositionsX: [ 257, 263, 258, 262, 262, 262, 260, 262, 260, 262, 259,
    263, 262, 260, 259, 259, 260, 262, 263, 260, 261, 259, 261, 262, 260,
    259, 263, 262, 262, 262, 260, 261, 262, 266, 268, 274, 276, 278, 282,
    285, 283, 277, 273, 268, 258, 250, 250, 248, 248, 254, 261, 269, 270,
    275, 270, 265, 264, 258, 252, 247, 247, 250, 254, 260, 264, 268, 270,
    266, 263, 259, 256, 255, 253, 254, 255, 264, 266, 269, 271, 268, 267,
    262, 260, 261, 260, 255, 258, 259, 261, 262, 261, 258, 258, 260, 261,
    260, 257, 261, 258, 258 ]
headPositionsY: [ 86, 80, 83, 80, 80, 80, 79, 80, 81, 80, 83, 78, 83, 82,
    80, 78, 79, 83, 82, 79, 80, 80, 81, 80, 79, 81, 80, 81, 82, 80, 84,
    80, 83, 80, 82, 83, 78, 78, 81, 81, 79, 82, 81, 86, 82, 85, 84, 85,
    83, 83, 83, 84, 84, 85, 86, 84, 82, 83, 83, 83, 81, 83, 86, 86, 83,
    85, 82, 83, 83, 84, 83, 85, 84, 82, 84, 85, 82, 84, 86, 83, 86, 84,
    87, 84, 82, 85, 85, 82, 83, 85, 86, 83, 82, 86, 85, 85, 84, 84, 84,
    83 ]
