%YAML:1.0
---
videoName: "headShake10.mp4"
gestureLabel: 201
fps: 29
pixelSizeInCmTemp: 3.3732394366197183e-01
faceCenterPointX: 240
faceCenterPointY: 74
headPositionsX: [ 240, 244, 246, 245, 247, 248, 244, 244, 246, 246, 244,
    247, 244, 245, 247, 246, 246, 244, 247, 247, 248, 244, 246, 248, 247,
    248, 247, 245, 245, 246, 246, 246, 245, 244, 247, 245, 246, 243, 248,
    246, 246, 245, 244, 245, 245, 244, 243, 246, 246, 246, 244, 248, 251,
    253, 258, 255, 261, 258, 259, 257, 258, 252, 248, 244, 239, 237, 230,
    233, 234, 234, 235, 240, 247, 250, 252, 255, 255, 256, 258, 255, 252,
    247, 247, 242, 245, 241, 240, 241, 239, 241, 238, 240, 239, 242, 241,
    240, 239, 239, 242, 241 ]
headPositionsY: [ 72, 71, 71, 72, 73, 71, 74, 71, 75, 75, 73, 76, 71, 73,
    72, 72, 74, 71, 74, 71, 71, 71, 74, 72, 73, 74, 75, 74, 73, 72, 74,
    75, 76, 73, 74, 75, 71, 73, 76, 72, 72, 73, 74, 72, 73, 72, 73, 73,
    73, 74, 74, 75, 71, 73, 70, 68, 71, 69, 70, 70, 72, 74, 76, 75, 74,
    72, 75, 76, 71, 72, 76, 72, 72, 75, 71, 74, 74, 72, 71, 74, 75, 73,
    76, 74, 77, 74, 73, 78, 77, 78, 77, 73, 76, 77, 75, 76, 74, 77, 75,
    74 ]
