%YAML:1.0
---
videoName: "headShake43.mp4"
gestureLabel: 201
fps: 29
pixelSizeInCmTemp: 3.2808219178082193e-01
faceCenterPointX: 257
faceCenterPointY: 84
headPositionsX: [ 256, 262, 262, 258, 258, 260, 259, 260, 259, 258, 262,
    259, 257, 261, 260, 261, 259, 262, 261, 260, 262, 258, 260, 262, 259,
    261, 262, 265, 270, 271, 272, 276, 278, 279, 278, 284, 281, 278, 278,
    273, 269, 264, 261, 257, 251, 249, 245, 245, 241, 242, 248, 251, 256,
    264, 269, 272, 272, 276, 272, 275, 272, 266, 263, 254, 250, 247, 243,
    245, 244, 249, 249, 249, 256, 261, 264, 264, 269, 269, 267, 270, 266,
    266, 264, 264, 262, 261, 262, 257, 258, 256, 256, 257, 255, 257, 256,
    255, 257, 255, 259, 257 ]
headPositionsY: [ 84, 87, 84, 83, 83, 87, 86, 86, 86, 85, 85, 87, 85, 85,
    87, 85, 86, 84, 85, 87, 86, 87, 86, 84, 86, 84, 85, 87, 87, 84, 84,
    85, 81, 83, 81, 83, 83, 83, 83, 83, 85, 84, 83, 83, 87, 84, 81, 83,
    83, 83, 86, 86, 83, 87, 84, 85, 82, 80, 80, 81, 85, 84, 86, 83, 83,
    81, 83, 82, 84, 82, 82, 86, 84, 85, 87, 85, 83, 82, 83, 84, 84, 85,
    83, 84, 83, 87, 83, 85, 84, 82, 81, 85, 81, 86, 82, 82, 86, 83, 81,
    82 ]
