%YAML:1.0
---
videoName: "headShake46.mp4"
gestureLabel: 201
fps: 30
pixelSizeInCmTemp: 3.2364864864864862e-01
faceCenterPointX: 262
faceCenterPointY: 85
headPositionsX: [ 263, 259, 260, 260, 262, 258, 261, 258, 261, 258, 260,
    260, 259, 259, 260, 262, 261, 263, 260, 258, 260, 263, 261, 261, 263,
    260, 259, 259, 257, 261, 262, 268, 270, 275, 280, 275, 277, 272, 264,
    257, 254, 250, 248, 251, 253, 260, 268, 269, 270, 268, 261, 257, 256,
    252, 257, 260, 264, 268, 270, 266, 265, 261, 260, 257, 258, 261, 261,
    268, 269, 271, 270, 264, 263, 259, 259, 262, 260, 265, 266, 266, 266,
    263, 262, 261, 262, 259, 262, 260, 261, 260, 263, 260, 262, 259, 260,
    262, 260, 260, 263, 262 ]
headPositionsY: [ 86, 85, 86, 84, 83, 84, 86, 86, 83, 84, 82, 85, 86, 86,
    83, 83, 83, 83, 86, 83, 84, 83, 86, 82, 84, 86, 86, 83, 84, 84, 82,
    81, 81, 83, 82, 84, 83, 81, 84, 84, 86, 85, 84, 87, 84, 84, 83, 82,
    85, 87, 87, 82, 87, 83, 86, 86, 84, 83, 83, 84, 85, 86, 84, 84, 84,
    87, 83, 84, 86, 83, 84, 86, 84, 83, 84, 83, 82, 84, 85, 85, 84, 87,
    82, 84, 84, 87, 84, 84, 85, 82, 86, 84, 84, 86, 83, 83, 84, 86, 85,
    87 ]
