%YAML:1.0
---
videoName: "headShake28.mp4"
gestureLabel: 201
fps: 29
pixelSizeInCmTemp: 3.2808219178082193e-01
faceCenterPointX: 242
faceCenterPointY: 80
headPositionsX: [ 243, 241, 243, 239, 239, 240, 242, 241, 239, 241, 240,
    242, 243, 244, 244, 240, 242, 240, 240, 242, 242, 242, 241, 241, 239,
    244, 242, 241, 244, 241, 242, 240, 243, 241, 242, 240, 244, 244, 244,
    245, 241, 246, 246, 243, 245, 245, 243, 247, 245, 241, 240, 236, 231,
    228, 233, 235, 241, 241, 247, 250, 255, 256, 254, 248, 245, 241, 237,
    231, 232, 234, 239, 242, 248, 249, 251, 253, 255, 252, 247, 247, 243,
    239, 237, 237, 234, 235, 236, 241, 238, 242, 244, 241, 243, 242, 241,
    243, 244, 242, 241, 240 ]
headPositionsY: [ 80, 74, 77, 77, 75, 76, 79, 76, 79, 76, 77, 79, 77, 79,
    79, 78, 80, 80, 80, 77, 78, 79, 81, 80, 77, 77, 77, 80, 78, 80, 80,
    79, 80, 79, 77, 80, 79, 80, 78, 77, 77, 76, 77, 75, 77, 76, 80, 78,
    76, 78, 77, 77, 79, 76, 77, 76, 79, 75, 79, 78, 75, 78, 75, 76, 80,
    79, 80, 77, 80, 79, 78, 81, 79, 79, 77, 79, 75, 77, 79, 78, 77, 80,
    78, 78, 79, 78, 80, 78, 80, 78, 79, 78, 77, 80, 77, 80, 81, 80, 80,
    82 ]
