%YAML:1.0
---
videoName: "headShake6.mp4"
gestureLabel: 201
fps: 29
pixelSizeInCmTemp: 3.2808219178082193e-01
faceCenterPointX: 244
faceCenterPointY: 68
headPositionsX: [ 243, 246, 246, 246, 245, 246, 243, 246, 247, 242, 243,
    245, 246, 247, 244, 247, 246, 247, 243, 243, 244, 245, 247, 243, 246,
    246, 244, 246, 251, 254, 256, 257, 261, 264, 263, 261, 259, 252, 249,
    243, 236, 234, 229, 232, 233, 237, 244, 251, 254, 255, 260, 256, 255,
    255, 248, 242, 240, 236, 230, 232, 233, 232, 237, 240, 245, 250, 252,
    253, 250, 251, 247, 241, 244, 239, 239, 238, 238, 240, 241, 240, 240,
    242, 245, 241, 244, 245, 246, 245, 244, 243, 241, 246, 245, 246, 242,
    244, 244, 244, 246, 246 ]
headPositionsY: [ 69, 68, 68, 68, 68, 64, 66, 65, 69, 66, 65, 66, 63, 67,
    69, 67, 66, 66, 64, 68, 69, 68, 66, 64, 67, 65, 69, 68, 65, 65, 65,
    66, 65, 67, 69, 64, 67, 68, 68, 70, 71, 65, 69, 69, 69, 66, 66, 68,
    68, 66, 66, 68, 67, 68, 69, 67, 67, 65, 67, 69, 68, 67, 66, 70, 67,
    68, 70, 66, 67, 65, 66, 67, 66, 68, 65, 68, 68, 68, 67, 70, 69, 68,
    67, 68, 67, 70, 71, 70, 67, 68, 70, 69, 68, 71, 67, 67, 69, 67, 69,
    69 ]
