%YAML:1.0
---
videoName: "headShake24.mp4"
gestureLabel: 201
fps: 29
pixelSizeInCmTemp: 3.2808219178082193e-01
faceCenterPointX: 240
faceCenterPointY: 78
headPositionsX: [ 241, 252, 253, 254, 252, 256, 256, 252, 252, 250, 249,
    246, 246, 244, 239, 235, 234, 233, 234, 230, 229, 230, 231, 234, 230,
    235, 234, 237, 240, 242, 246, 245, 247, 249, 248, 249, 248, 246, 249,
    248, 243, 243, 239, 238, 236, 236, 235, 236, 232, 231, 236, 235, 237,
    236, 236, 239, 240, 242, 243, 246, 246, 247, 245, 246, 246, 248, 246,
    245, 248, 245, 242, 246, 240, 239, 240, 241, 239, 240, 241, 240, 239,
    240, 237, 239, 239, 237, 240, 237, 240, 237, 238, 241, 240, 241, 242,
    240, 241, 238, 238, 241 ]
headPositionsY: [ 78, 75, 75, 74, 75, 74, 75, 75, 79, 77, 76, 77, 77, 77,
    78, 79, 77, 76, 80, 78, 76, 76, 79, 79, 79, 77, 79, 78, 79, 76, 77,
    77, 75, 78, 78, 81, 79, 80, 79, 80, 77, 77, 79, 77, 78, 77, 77, 78,
    78, 75, 80, 80, 77, 80, 75, 77, 78, 79, 81, 77, 80, 80, 78, 76, 77,
    77, 78, 78, 77, 76, 78, 79, 76, 76, 77, 74, 76, 76, 75, 78, 78, 79,
    76, 79, 76, 77, 76, 78, 77, 78, 76, 78, 78, 79, 76, 76, 80, 78, 76,
    75 ]
