%YAML:1.0
---
videoName: "headShake10.mp4"
gestureLabel: 201
fps: 29
pixelSizeInCmTemp: 3.3732394366197183e-01
faceCenterPointX: 240
faceCenterPointY: 74
headPositionsX: [ 240, 244, 246, 244, 245, 246, 244, 245, 248, 245, 245,
    245, 244, 247, 246, 244, 246, 247, 245, 247, 247, 244, 246, 245, 248,
    244, 247, 246, 248, 248, 248, 244, 244, 248, 246, 244, 243, 243, 248,
    244, 244, 248, 247, 246, 244, 247, 245, 244, 245, 245, 248, 250, 250,
    253, 256, 257, 260, 262, 258, 260, 254, 251, 250, 243, 238, 233, 233,
    230, 234, 232, 235, 241, 248, 251, 255, 254, 256, 256, 257, 253, 250,
    250, 247, 244, 241, 240, 238, 243, 241, 240, 242, 241, 242, 241, 241,
    240, 241, 240, 243, 240 ]
headPositionsY: [ 72, 75, 75, 74, 74, 73, 72, 70, 71, 73, 72, 75, 72, 72,
    72, 71, 72, 71, 74, 73, 71, 74, 73, 75, 74, 73, 74, 73, 74, 73, 72,
    72, 73, 74, 73, 72, 72, 71, 72, 75, 75, 74, 74, 74, 71, 74, 72, 76,
    72, 73, 72, 75, 72, 74, 73, 71, 71, 71, 73, 74, 75, 73, 76, 76, 72,
    75, 75, 72, 75, 75, 74, 73, 72, 74, 73, 75, 75, 71, 73, 76, 73, 77,
    73, 75, 75, 76, 74, 78, 75, 74, 74, 73, 75, 73, 75, 73, 76, 75, 77,
    78 ]
