%YAML:1.0
---
videoName: "headShake27.mp4"
gestureLabel: 201
fps: 29
pixelSizeInCmTemp: 3.3263888888888887e-01
faceCenterPointX: 244
faceCenterPointY: 78
headPositionsX: [ 245, 244, 246, 250, 249, 252, 256, 255, 254, 256, 256,
    255, 252, 252, 254, 251, 248, 244, 246, 242, 239, 240, 239, 236, 236,
    235, 230, 232, 233, 233, 234, 234, 233, 235, 237, 240, 238, 243, 246,
    249, 247, 250, 251, 251, 250, 249, 250, 247, 249, 246, 247, 242, 243,
    243, 237, 239, 234, 234, 236, 232, 232, 232, 232, 235, 236, 236, 234,
    239, 239, 240, 243, 243, 243, 248, 248, 246, 246, 250, 249, 246, 249,
    245, 248, 248, 245, 244, 243, 245, 247, 244, 246, 242, 245, 242, 246,
    243, 246, 244, 246, 242 ]
headPositionsY: [ 76, 78, 75, 78, 75, 75, 79, 76, 74, 76, 78, 78, 77, 78,
    78, 77, 78, 79, 76, 78, 77, 79, 76, 78, 77, 80, 79, 78, 78, 78, 79,
    81, 78, 78, 80, 78, 81, 81, 80, 81, 82, 79, 82, 81, 82, 79, 80, 81,
    77, 78, 81, 78, 80, 82, 77, 79, 78, 76, 81, 80, 79, 77, 81, 77, 81,
    80, 77, 78, 80, 77, 77, 80, 80, 81, 77, 80, 78, 79, 78, 81, 80, 80,
    80, 81, 81, 79, 81, 79, 80, 80, 79, 77, 79, 79, 82, 80, 79, 80, 80,
    78 ]
