%YAML:1.0
---
videoName: "headShake29.mp4"
gestureLabel: 201
fps: 29
pixelSizeInCmTemp: 3.3263888888888887e-01
faceCenterPointX: 243
faceCenterPointY: 76
headPositionsX: [ 241, 240, 242, 243, 243, 242, 240, 240, 244, 242, 243,
    244, 244, 241, 243, 241, 244, 243, 242, 243, 241, 240, 244, 239, 239,
    237, 239, 239, 239, 240, 244, 246, 253, 251, 252, 255, 253, 252, 250,
    243, 237, 232, 232, 229, 230, 229, 234, 238, 240, 245, 247, 251, 251,
    253, 251, 245, 243, 237, 231, 232, 229, 227, 233, 232, 237, 240, 245,
    250, 249, 253, 250, 250, 250, 248, 241, 242, 239, 237, 233, 235, 235,
    234, 233, 237, 239, 236, 237, 242, 243, 240, 242, 243, 244, 243, 243,
    245, 245, 244, 241, 243 ]
headPositionsY: [ 77, 78, 76, 75, 77, 75, 76, 75, 78, 74, 77, 76, 76, 74,
    73, 77, 78, 76, 76, 77, 78, 78, 75, 76, 74, 74, 76, 77, 77, 76, 76,
    77, 78, 76, 76, 77, 73, 76, 76, 75, 78, 74, 74, 76, 78, 78, 73, 77,
    75, 76, 76, 77, 75, 78, 78, 79, 74, 77, 78, 76, 78, 77, 74, 78, 76,
    77, 77, 77, 74, 78, 73, 73, 77, 75, 78, 75, 75, 76, 74, 77, 77, 74,
    73, 77, 78, 74, 75, 75, 77, 76, 73, 79, 77, 74, 77, 77, 76, 77, 75,
    76 ]
