%YAML:1.0
---
videoName: "headShake28.mp4"
gestureLabel: 201
fps: 29
pixelSizeInCmTemp: 3.2808219178082193e-01
faceCenterPointX: 242
faceCenterPointY: 80
headPositionsX: [ 241, 239, 244, 242, 242, 241, 240, 242, 238, 241, 243,
    241, 242, 244, 241, 244, 241, 239, 241, 240, 243, 240, 240, 240, 240,
    240, 244, 243, 244, 243, 243, 241, 243, 240, 242, 240, 244, 240, 241,
    245, 241, 245, 246, 245, 243, 246, 243, 247, 243, 244, 239, 236, 234,
    228, 232, 232, 239, 244, 248, 251, 255, 256, 252, 248, 247, 242, 235,
    234, 231, 236, 238, 241, 247, 252, 252, 253, 253, 253, 248, 247, 242,
    239, 237, 235, 235, 236, 238, 240, 239, 240, 242, 243, 243, 242, 241,
    240, 242, 241, 244, 241 ]
headPositionsY: [ 78, 75, 75, 78, 75, 75, 75, 76, 75, 76, 81, 76, 79, 80,
    81, 76, 80, 78, 79, 76, 77, 80, 78, 78, 80, 78, 79, 78, 78, 78, 77,
    80, 81, 76, 76, 77, 78, 80, 79, 80, 79, 78, 77, 75, 76, 80, 79, 75,
    79, 75, 79, 75, 75, 79, 76, 76, 76, 75, 77, 76, 74, 74, 78, 80, 77,
    79, 76, 78, 78, 79, 78, 81, 78, 77, 74, 75, 79, 77, 76, 79, 79, 81,
    77, 80, 80, 76, 77, 81, 79, 80, 79, 78, 78, 81, 81, 78, 80, 80, 78,
    78 ]
