%YAML:1.0
---
videoName: "headShake39.mp4"
gestureLabel: 201
fps: 29
pixelSizeInCmTemp: 3.1933333333333330e-01
faceCenterPointX: 263
faceCenterPointY: 83
headPositionsX: [ 263, 263, 262, 260, 261, 261, 261, 259, 261, 261, 263,
    262, 259, 259, 262, 262, 262, 258, 262, 258, 261, 259, 254, 252, 253,
    247, 247, 245, 244, 244, 245, 246, 245, 252, 255, 261, 267, 271, 277,
    280, 280, 278, 274, 269, 263, 257, 251, 249, 246, 246, 248, 251, 254,
    254, 262, 267, 275, 274, 279, 278, 277, 271, 268, 265, 257, 255, 250,
    247, 249, 246, 252, 249, 253, 254, 257, 256, 260, 262, 264, 263, 267,
    266, 267, 266, 266, 269, 266, 266, 266, 263, 264, 266, 265, 264, 261,
    265, 260, 263, 262, 261 ]
headPositionsY: [ 85, 85, 85, 84, 82, 83, 84, 82, 81, 82, 81, 81, 82, 83,
    83, 82, 82, 81, 84, 84, 83, 85, 85, 84, 82, 82, 83, 83, 80, 82, 82,
    84, 82, 84, 85, 81, 81, 79, 81, 79, 79, 81, 79, 83, 84, 83, 81, 84,
    84, 84, 82, 85, 81, 85, 81, 82, 83, 79, 80, 79, 83, 82, 84, 83, 84,
    80, 78, 81, 80, 82, 80, 81, 80, 81, 82, 80, 82, 81, 84, 84, 81, 83,
    82, 82, 85, 81, 82, 83, 81, 82, 82, 84, 83, 83, 85, 81, 82, 85, 83,
    81 ]
