%YAML:1.0
---
videoName: "headShake12.mp4"
gestureLabel: 201
fps: 29
pixelSizeInCmTemp: 3.2808219178082193e-01
faceCenterPointX: 241
faceCenterPointY: 76
headPositionsX: [ 239, 239, 242, 239, 244, 240, 241, 241, 243, 241, 244,
    240, 241, 241, 242, 240, 240, 239, 241, 244, 240, 242, 244, 241, 244,
    241, 241, 239, 241, 243, 240, 241, 240, 242, 240, 240, 244, 241, 240,
    243, 240, 242, 242, 243, 241, 242, 241, 241, 241, 241, 244, 244, 241,
    243, 241, 243, 239, 242, 243, 248, 248, 252, 252, 258, 260, 261, 256,
    254, 247, 242, 239, 233, 231, 234, 235, 241, 244, 248, 251, 254, 254,
    249, 250, 244, 239, 238, 234, 238, 235, 239, 239, 240, 240, 237, 242,
    240, 237, 241, 239, 241 ]
headPositionsY: [ 78, 74, 73, 74, 74, 75, 75, 73, 75, 72, 74, 75, 75, 74,
    76, 74, 72, 73, 75, 75, 72, 74, 77, 76, 74, 73, 74, 75, 72, 73, 73,
    71, 74, 73, 75, 76, 74, 76, 74, 73, 72, 72, 72, 72, 75, 76, 74, 74,
    74, 75, 72, 74, 72, 72, 74, 73, 76, 73, 75, 71, 71, 72, 73, 71, 71,
    74, 73, 72, 76, 76, 77, 74, 76, 75, 76, 77, 78, 76, 75, 74, 73, 73,
    77, 75, 76, 78, 77, 75, 76, 75, 77, 75, 74, 77, 75, 78, 75, 76, 77,
    78 ]
