%YAML:1.0
---
videoName: "headShake9.mp4"
gestureLabel: 201
fps: 30
pixelSizeInCmTemp: 3.2808219178082193e-01
faceCenterPointX: 243
faceCenterPointY: 73
headPositionsX: [ 241, 243, 242, 244, 242, 243, 244, 245, 242, 241, 242,
    245, 240, 241, 243, 243, 244, 245, 241, 244, 241, 244, 242, 244, 245,
    245, 244, 243, 242, 243, 244, 243, 243, 245, 242, 243, 244, 241, 245,
    246, 246, 251, 251, 255, 264, 264, 264, 263, 260, 257, 254, 249, 244,
    239, 234, 232, 226, 231, 232, 236, 243, 248, 252, 257, 262, 260, 263,
    257, 256, 251, 245, 239, 236, 231, 230, 226, 230, 232, 236, 239, 245,
    250, 252, 251, 249, 250, 249, 250, 250, 245, 248, 244, 247, 245, 246,
    244, 243, 244, 241, 242 ]
headPositionsY: [ 71, 70, 74, 70, 72, 74, 71, 71, 73, 73, 72, 72, 71, 71,
    70, 72, 72, 70, 74, 75, 72, 72, 74, 72, 74, 71, 70, 74, 75, 71, 73,
    71, 74, 70, 71, 74, 72, 74, 73, 75, 71, 72, 72, 71, 71, 69, 69, 71,
    69, 70, 71, 73, 71, 74, 70, 72, 71, 72, 75, 74, 74, 71, 70, 69, 71,
    72, 71, 70, 71, 73, 73, 73, 75, 71, 75, 73, 73, 71, 71, 73, 71, 73,
    70, 72, 72, 73, 70, 75, 74, 74, 74, 71, 72, 75, 73, 75, 75, 75, 73,
    75 ]
