%YAML:1.0
---
videoName: "headShake1.mp4"
gestureLabel: 201
fps: 29
pixelSizeInCmTemp: 3.3263888888888887e-01
faceCenterPointX: 279
faceCenterPointY: 98
headPositionsX: [ 281, 279, 281, 280, 280, 282, 278, 278, 277, 279, 279,
    277, 278, 280, 278, 282, 277, 278, 280, 281, 279, 281, 277, 280, 278,
    279, 277, 280, 279, 282, 285, 287, 292, 292, 293, 291, 291, 287, 286,
    284, 278, 274, 270, 268, 268, 271, 271, 276, 281, 284, 287, 291, 293,
    289, 291, 289, 282, 278, 275, 269, 269, 268, 267, 268, 275, 277, 281,
    285, 290, 293, 291, 293, 288, 288, 282, 283, 276, 274, 271, 270, 271,
    273, 273, 274, 271, 273, 275, 275, 276, 280, 281, 278, 282, 278, 281,
    278, 282, 280, 277, 280 ]
headPositionsY: [ 100, 99, 99, 98, 95, 98, 95, 99, 98, 95, 99, 96, 95,
    100, 94, 99, 99, 96, 97, 98, 99, 98, 99, 99, 97, 95, 96, 97, 95, 97,
    96, 97, 94, 97, 98, 97, 97, 94, 97, 95, 96, 99, 98, 95, 95, 96, 93,
    98, 96, 97, 94, 96, 98, 94, 93, 94, 97, 95, 99, 95, 95, 94, 96, 94,
    95, 95, 99, 97, 96, 96, 95, 95, 95, 98, 96, 100, 96, 99, 97, 97, 95,
    97, 96, 96, 97, 98, 95, 98, 99, 99, 98, 97, 98, 96, 100, 100, 97,
    101, 97, 100 ]
