%YAML:1.0
---
videoName: "headShake6.mp4"
gestureLabel: 201
fps: 29
pixelSizeInCmTemp: 3.2808219178082193e-01
faceCenterPointX: 244
faceCenterPointY: 68
headPositionsX: [ 246, 245, 245, 246, 245, 247, 246, 243, 247, 242, 247,
    244, 244, 245, 243, 243, 245, 245, 243, 243, 244, 244, 247, 244, 243,
    243, 247, 249, 250, 255, 257, 257, 260, 263, 265, 259, 258, 253, 245,
    240, 237, 232, 232, 233, 234, 237, 243, 248, 255, 259, 256, 258, 254,
    255, 248, 243, 239, 232, 232, 231, 234, 236, 238, 244, 244, 248, 250,
    250, 251, 247, 246, 241, 244, 242, 240, 238, 237, 240, 238, 240, 239,
    242, 244, 242, 242, 245, 246, 242, 243, 246, 242, 246, 243, 246, 246,
    243, 245, 242, 244, 246 ]
headPositionsY: [ 70, 66, 68, 69, 67, 65, 65, 65, 65, 65, 68, 67, 63, 68,
    65, 67, 66, 65, 64, 68, 68, 68, 66, 67, 68, 67, 66, 66, 65, 66, 67,
    67, 64, 67, 66, 66, 65, 68, 66, 69, 67, 68, 66, 66, 69, 66, 66, 67,
    67, 68, 66, 68, 66, 67, 67, 69, 70, 67, 69, 68, 66, 66, 68, 70, 66,
    69, 69, 67, 68, 68, 67, 69, 68, 69, 66, 66, 69, 67, 67, 67, 68, 70,
    67, 67, 66, 67, 69, 68, 66, 71, 67, 70, 66, 68, 70, 70, 68, 71, 68,
    68 ]
