%YAML:1.0
---
videoName: "headShake15.mp4"
gestureLabel: 201
fps: 29
pixelSizeInCmTemp: 3.3263888888888887e-01
faceCenterPointX: 243
faceCenterPointY: 76
headPositionsX: [ 245, 246, 241, 244, 242, 242, 246, 242, 243, 242, 242,
    246, 245, 245, 241, 241, 245, 244, 245, 243, 244, 241, 242, 245, 241,
    242, 240, 242, 242, 241, 242, 241, 243, 243, 244, 244, 241, 241, 241,
    241, 243, 242, 241, 242, 240, 242, 244, 243, 242, 243, 245, 243, 241,
    241, 241, 242, 240, 243, 240, 244, 244, 243, 244, 247, 248, 254, 253,
    258, 260, 259, 258, 251, 249, 246, 241, 237, 240, 238, 239, 238, 242,
    243, 244, 247, 247, 247, 244, 245, 245, 241, 244, 240, 241, 241, 243,
    243, 245, 241, 244, 242 ]
headPositionsY: [ 77, 75, 74, 74, 74, 74, 74, 76, 75, 78, 76, 77, 76, 76,
    74, 76, 72, 76, 75, 76, 76, 73, 76, 74, 73, 73, 72, 74, 73, 77, 74,
    73, 75, 72, 73, 77, 76, 74, 75, 76, 73, 76, 74, 76, 77, 77, 77, 75,
    74, 76, 77, 74, 77, 75, 74, 73, 77, 77, 74, 77, 75, 77, 79, 77, 77,
    73, 71, 72, 73, 73, 75, 75, 75, 74, 75, 75, 76, 77, 76, 75, 76, 78,
    77, 77, 77, 77, 78, 76, 79, 79, 77, 76, 75, 76, 77, 75, 78, 76, 75,
    76 ]
