%YAML:1.0
---
videoName: "headShake44.mp4"
gestureLabel: 201
fps: 30
pixelSizeInCmTemp: 3.2808219178082193e-01
faceCenterPointX: 260
faceCenterPointY: 84
headPositionsX: [ 258, 263, 262, 260, 261, 263, 261, 262, 258, 261, 260,
    263, 261, 262, 260, 263, 263, 259, 262, 262, 263, 261, 262, 259, 260,
    262, 260, 260, 262, 258, 262, 260, 258, 260, 262, 262, 259, 258, 261,
    261, 264, 270, 274, 275, 277, 272, 274, 267, 262, 255, 255, 253, 248,
    252, 256, 261, 267, 271, 270, 268, 269, 264, 260, 253, 253, 254, 261,
    265, 267, 273, 269, 269, 265, 260, 258, 253, 252, 254, 251, 257, 258,
    258, 259, 260, 259, 260, 263, 261, 260, 264, 259, 261, 261, 264, 258,
    259, 260, 262, 261, 259 ]
headPositionsY: [ 85, 82, 83, 82, 83, 81, 80, 84, 82, 83, 81, 83, 82, 84,
    82, 82, 81, 83, 84, 84, 81, 81, 83, 82, 82, 84, 82, 85, 81, 84, 85,
    82, 84, 83, 84, 80, 82, 85, 84, 83, 83, 83, 83, 82, 82, 81, 83, 87,
    85, 85, 83, 85, 82, 86, 85, 83, 82, 85, 82, 83, 84, 84, 84, 84, 82,
    83, 83, 84, 85, 85, 82, 81, 81, 85, 82, 82, 84, 83, 86, 86, 84, 83,
    84, 83, 82, 82, 82, 84, 83, 83, 84, 84, 85, 87, 84, 86, 86, 84, 87,
    86 ]
