%YAML:1.0
---
videoName: "headShake38.mp4"
gestureLabel: 201
fps: 29
pixelSizeInCmTemp: 3.2808219178082193e-01
faceCenterPointX: 259
faceCenterPointY: 84
headPositionsX: [ 259, 263, 262, 261, 262, 262, 266, 263, 266, 262, 262,
    263, 262, 262, 262, 263, 263, 265, 265, 261, 262, 265, 263, 261, 261,
    262, 262, 263, 264, 260, 264, 261, 261, 264, 263, 264, 264, 261, 265,
    260, 264, 261, 260, 256, 256, 252, 247, 245, 247, 252, 259, 267, 275,
    275, 280, 276, 267, 261, 252, 251, 249, 251, 254, 261, 266, 271, 270,
    270, 265, 258, 254, 247, 249, 250, 251, 256, 257, 264, 267, 266, 271,
    271, 268, 267, 264, 262, 262, 260, 262, 258, 258, 262, 262, 258, 263,
    261, 258, 262, 260, 261 ]
headPositionsY: [ 84, 83, 84, 84, 82, 84, 84, 81, 86, 81, 82, 83, 81, 84,
    82, 83, 82, 86, 82, 83, 86, 82, 86, 83, 83, 86, 82, 83, 82, 81, 85,
    81, 82, 86, 83, 83, 83, 85, 81, 81, 85, 83, 83, 84, 82, 81, 84, 82,
    85, 85, 83, 85, 81, 83, 85, 82, 86, 86, 84, 83, 82, 83, 84, 85, 84,
    82, 84, 83, 85, 86, 85, 82, 85, 83, 83, 84, 84, 82, 85, 84, 84, 83,
    83, 85, 86, 87, 83, 82, 86, 84, 83, 82, 82, 86, 87, 83, 82, 87, 83,
    82 ]
