%YAML:1.0
---
videoName: "headShake46.mp4"
gestureLabel: 201
fps: 30
pixelSizeInCmTemp: 3.2364864864864862e-01
faceCenterPointX: 262
faceCenterPointY: 85
headPositionsX: [ 260, 258, 262, 262, 261, 262, 259, 262, 259, 259, 259,
    262, 259, 258, 263, 259, 258, 263, 259, 259, 263, 262, 262, 261, 263,
    261, 260, 259, 261, 260, 264, 269, 270, 273, 277, 277, 276, 272, 265,
    257, 252, 251, 248, 251, 257, 261, 266, 271, 269, 267, 264, 258, 253,
    252, 256, 260, 263, 268, 270, 269, 266, 262, 261, 259, 259, 259, 262,
    265, 267, 267, 266, 263, 262, 257, 257, 261, 260, 265, 262, 265, 264,
    263, 262, 262, 258, 262, 259, 262, 260, 259, 260, 260, 259, 261, 258,
    263, 263, 259, 262, 260 ]
headPositionsY: [ 83, 84, 83, 82, 83, 86, 85, 83, 86, 82, 84, 84, 86, 82,
    85, 84, 82, 85, 83, 83, 82, 84, 84, 83, 86, 86, 86, 83, 82, 85, 83,
    83, 83, 84, 83, 82, 84, 85, 86, 86, 85, 82, 87, 85, 85, 85, 84, 86,
    85, 85, 83, 83, 87, 85, 85, 85, 86, 87, 86, 85, 86, 83, 88, 86, 84,
    85, 85, 86, 83, 87, 86, 85, 87, 84, 84, 86, 84, 82, 86, 83, 87, 87,
    83, 86, 85, 84, 84, 86, 85, 85, 87, 83, 84, 86, 84, 83, 83, 86, 84,
    87 ]
