%YAML:1.0
---
videoName: "headShake23.mp4"
gestureLabel: 201
fps: 29
pixelSizeInCmTemp: 3.2808219178082193e-01
faceCenterPointX: 240
faceCenterPointY: 77
headPositionsX: [ 242, 243, 242, 244, 243, 241, 242, 242, 242, 244, 240,
    241, 241, 240, 240, 240, 242, 240, 239, 237, 241, 243, 243, 246, 251,
    250, 252, 254, 255, 255, 253, 255, 255, 250, 247, 245, 239, 237, 236,
    230, 230, 230, 231, 229, 230, 229, 232, 232, 238, 240, 243, 246, 249,
    249, 253, 250, 250, 251, 253, 252, 250, 249, 249, 245, 241, 240, 237,
    235, 235, 235, 234, 236, 234, 236, 234, 236, 236, 238, 237, 237, 237,
    242, 242, 243, 244, 241, 242, 245, 243, 245, 246, 243, 243, 244, 245,
    242, 242, 243, 242, 242 ]
headPositionsY: [ 79, 75, 79, 76, 79, 75, 78, 76, 76, 75, 78, 79, 77, 76,
    78, 76, 78, 77, 78, 78, 79, 75, 77, 79, 78, 77, 78, 75, 76, 74, 75,
    74, 76, 77, 79, 78, 76, 75, 75, 76, 74, 77, 77, 75, 79, 79, 80, 77,
    78, 78, 79, 78, 78, 75, 76, 76, 77, 78, 76, 75, 77, 79, 81, 78, 80,
    77, 76, 79, 77, 79, 80, 79, 78, 77, 78, 79, 76, 78, 77, 79, 79, 78,
    79, 77, 76, 79, 77, 79, 78, 79, 79, 80, 79, 79, 77, 80, 77, 79, 78,
    77 ]
