%YAML:1.0
---
videoName: "headShake28.mp4"
gestureLabel: 201
fps: 29
pixelSizeInCmTemp: 3.2808219178082193e-01
faceCenterPointX: 242
faceCenterPointY: 80
headPositionsX: [ 241, 239, 242, 243, 242, 239, 239, 239, 239, 242, 243,
    239, 239, 241, 243, 244, 243, 240, 239, 242, 243, 239, 241, 241, 240,
    240, 243, 244, 240, 243, 242, 244, 241, 240, 244, 242, 243, 240, 244,
    241, 245, 242, 245, 242, 243, 245, 246, 243, 246, 242, 240, 237, 231,
    230, 231, 232, 237, 243, 251, 250, 256, 257, 252, 252, 245, 241, 237,
    233, 233, 236, 237, 244, 246, 253, 253, 254, 253, 253, 249, 244, 240,
    241, 240, 236, 237, 235, 240, 237, 241, 242, 245, 242, 244, 245, 241,
    244, 243, 243, 243, 240 ]
headPositionsY: [ 78, 76, 79, 74, 75, 77, 76, 76, 77, 79, 78, 80, 78, 78,
    80, 76, 79, 80, 80, 76, 79, 79, 77, 79, 80, 81, 80, 81, 78, 81, 77,
    77, 81, 75, 77, 81, 80, 76, 79, 78, 76, 77, 78, 79, 79, 77, 79, 79,
    76, 75, 78, 78, 78, 77, 79, 79, 80, 76, 78, 79, 77, 75, 79, 77, 77,
    79, 79, 80, 78, 78, 80, 81, 79, 77, 78, 77, 75, 81, 76, 78, 76, 78,
    77, 80, 79, 80, 81, 78, 78, 80, 81, 78, 78, 82, 80, 79, 78, 81, 82,
    80 ]
