%YAML:1.0
---
videoName: "headShake29.mp4"
gestureLabel: 201
fps: 29
pixelSizeInCmTemp: 3.3263888888888887e-01
faceCenterPointX: 243
faceCenterPointY: 76
headPositionsX: [ 243, 243, 242, 241, 244, 244, 242, 241, 243, 240, 242,
    243, 242, 245, 244, 240, 241, 241, 244, 241, 245, 241, 240, 240, 238,
    237, 237, 238, 239, 241, 241, 246, 250, 251, 255, 257, 255, 253, 250,
    242, 240, 233, 229, 228, 228, 229, 234, 240, 243, 247, 247, 250, 251,
    253, 248, 244, 241, 239, 233, 229, 230, 228, 229, 232, 240, 242, 246,
    252, 253, 252, 249, 250, 248, 245, 244, 240, 238, 236, 232, 235, 234,
    233, 235, 238, 237, 239, 240, 239, 239, 243, 243, 245, 244, 243, 243,
    243, 244, 245, 242, 243 ]
headPositionsY: [ 76, 77, 75, 77, 78, 76, 75, 75, 77, 76, 74, 74, 74, 74,
    77, 75, 77, 78, 76, 75, 74, 77, 76, 76, 76, 76, 78, 76, 76, 75, 78,
    75, 75, 74, 74, 77, 76, 74, 77, 77, 75, 74, 74, 75, 74, 76, 77, 77,
    79, 76, 75, 74, 77, 75, 77, 76, 78, 75, 79, 79, 78, 78, 74, 78, 76,
    77, 79, 77, 73, 76, 75, 76, 75, 77, 76, 75, 76, 76, 76, 76, 77, 75,
    77, 78, 75, 75, 74, 78, 79, 75, 74, 76, 75, 78, 78, 75, 76, 74, 77,
    75 ]
