%YAML:1.0
---
videoName: "headShake28.mp4"
gestureLabel: 201
fps: 29
pixelSizeInCmTemp: 3.2808219178082193e-01
faceCenterPointX: 242
faceCenterPointY: 80
headPositionsX: [ 242, 242, 243, 242, 240, 241, 240, 239, 239, 241, 240,
    238, 242, 242, 241, 243, 244, 241, 239, 244, 241, 241, 239, 242, 240,
    244, 244, 241, 243, 242, 241, 240, 240, 241, 243, 241, 242, 243, 242,
    245, 243, 246, 245, 246, 243, 244, 242, 246, 243, 243, 240, 236, 234,
    227, 229, 231, 238, 245, 248, 250, 254, 255, 254, 252, 246, 243, 236,
    233, 231, 236, 240, 243, 247, 253, 252, 253, 252, 249, 250, 248, 241,
    241, 236, 238, 235, 236, 240, 240, 239, 240, 243, 243, 244, 241, 242,
    242, 240, 244, 244, 244 ]
headPositionsY: [ 82, 78, 77, 77, 78, 79, 75, 77, 77, 77, 79, 79, 77, 81,
    79, 77, 78, 79, 80, 78, 78, 79, 79, 81, 79, 77, 77, 79, 78, 77, 77,
    76, 77, 77, 79, 79, 77, 79, 76, 76, 79, 77, 76, 75, 75, 79, 76, 75,
    79, 79, 75, 79, 78, 76, 75, 79, 80, 76, 77, 78, 78, 76, 75, 78, 80,
    82, 80, 77, 80, 81, 79, 77, 80, 77, 74, 79, 79, 77, 77, 79, 80, 80,
    80, 80, 79, 78, 80, 78, 80, 81, 80, 78, 77, 78, 79, 81, 79, 82, 82,
    81 ]
