%YAML:1.0
---
videoName: "headShake15.mp4"
gestureLabel: 201
fps: 29
pixelSizeInCmTemp: 3.3263888888888887e-01
faceCenterPointX: 243
faceCenterPointY: 76
headPositionsX: [ 245, 242, 245, 242, 246, 246, 243, 244, 241, 243, 241,
    243, 242, 246, 241, 245, 243, 242, 245, 241, 242, 244, 245, 243, 244,
    243, 244, 241, 245, 241, 245, 245, 241, 241, 242, 245, 243, 244, 242,
    244, 241, 242, 244, 242, 244, 244, 246, 244, 242, 241, 243, 241, 244,
    244, 242, 240, 244, 242, 242, 240, 242, 242, 245, 248, 250, 255, 254,
    257, 258, 259, 255, 252, 249, 247, 242, 239, 240, 238, 236, 240, 240,
    244, 243, 247, 245, 247, 248, 244, 247, 245, 241, 241, 240, 243, 242,
    243, 243, 245, 244, 242 ]
headPositionsY: [ 75, 77, 78, 75, 77, 75, 73, 75, 72, 74, 76, 76, 74, 77,
    76, 74, 74, 73, 76, 76, 78, 72, 75, 77, 76, 75, 74, 74, 76, 73, 75,
    76, 77, 72, 76, 75, 74, 74, 73, 76, 73, 75, 74, 77, 76, 77, 77, 77,
    74, 73, 78, 78, 77, 77, 74, 74, 73, 78, 76, 74, 78, 75, 77, 76, 74,
    73, 72, 75, 72, 74, 77, 76, 77, 74, 76, 75, 77, 75, 76, 79, 76, 78,
    78, 76, 77, 74, 80, 74, 76, 79, 75, 75, 77, 76, 79, 77, 76, 79, 76,
    76 ]
