%YAML:1.0
---
videoName: "headShake43.mp4"
gestureLabel: 201
fps: 29
pixelSizeInCmTemp: 3.2808219178082193e-01
faceCenterPointX: 257
faceCenterPointY: 84
headPositionsX: [ 257, 261, 262, 260, 260, 260, 262, 262, 258, 260, 263,
    261, 259, 260, 261, 261, 262, 258, 258, 259, 258, 262, 261, 261, 261,
    263, 263, 267, 270, 268, 274, 273, 280, 278, 278, 283, 283, 275, 278,
    277, 271, 268, 262, 254, 252, 247, 245, 246, 243, 243, 248, 254, 257,
    262, 268, 270, 273, 273, 273, 272, 273, 268, 263, 254, 249, 244, 244,
    243, 242, 249, 246, 251, 257, 259, 262, 266, 268, 270, 267, 270, 269,
    266, 265, 262, 261, 263, 262, 258, 258, 258, 255, 258, 256, 258, 256,
    254, 258, 255, 259, 255 ]
headPositionsY: [ 84, 86, 83, 84, 86, 83, 86, 84, 86, 86, 88, 83, 86, 85,
    83, 83, 86, 87, 86, 86, 83, 84, 88, 85, 87, 86, 85, 87, 85, 84, 82,
    84, 82, 81, 81, 84, 85, 84, 85, 83, 83, 84, 84, 84, 85, 84, 84, 82,
    85, 85, 86, 82, 83, 87, 84, 85, 82, 83, 82, 82, 83, 84, 83, 83, 85,
    83, 81, 80, 82, 84, 83, 86, 86, 86, 85, 83, 82, 82, 85, 81, 85, 83,
    82, 82, 86, 83, 84, 83, 83, 82, 82, 83, 81, 85, 82, 84, 83, 81, 81,
    83 ]
