%YAML:1.0
---
videoName: "headShake5.mp4"
gestureLabel: 201
fps: 30
pixelSizeInCmTemp: 3.3263888888888887e-01
faceCenterPointX: 275
faceCenterPointY: 73
headPositionsX: [ 276, 279, 279, 275, 279, 279, 279, 276, 276, 279, 278,
    278, 276, 278, 280, 277, 277, 278, 275, 280, 277, 276, 278, 277, 277,
    279, 280, 276, 280, 275, 276, 276, 280, 280, 282, 284, 288, 292, 296,
    298, 293, 294, 290, 284, 279, 271, 265, 266, 264, 262, 269, 275, 279,
    288, 288, 290, 290, 282, 281, 276, 268, 263, 260, 262, 269, 270, 273,
    278, 285, 284, 286, 284, 280, 276, 273, 269, 269, 268, 269, 269, 270,
    273, 273, 279, 278, 283, 283, 283, 283, 279, 279, 277, 275, 277, 275,
    273, 275, 275, 276, 273 ]
headPositionsY: [ 74, 74, 71, 72, 72, 74, 76, 71, 75, 74, 71, 73, 73, 71,
    74, 71, 75, 71, 72, 72, 73, 73, 75, 75, 73, 72, 74, 75, 73, 74, 74,
    74, 74, 73, 72, 71, 74, 70, 74, 71, 72, 72, 72, 71, 76, 75, 71, 73,
    72, 71, 75, 74, 77, 74, 71, 72, 74, 73, 77, 74, 77, 75, 76, 73, 74,
    75, 75, 76, 72, 74, 73, 74, 74, 73, 74, 73, 72, 72, 71, 72, 72, 72,
    70, 74, 71, 72, 71, 70, 71, 73, 74, 74, 74, 74, 71, 75, 75, 73, 73,
    71 ]
