%YAML:1.0
---
videoName: "headShake4.mp4"
gestureLabel: 201
fps: 30
pixelSizeInCmTemp: 3.2364864864864862e-01
faceCenterPointX: 237
faceCenterPointY: 101
headPositionsX: [ 235, 240, 245, 249, 249, 254, 253, 256, 251, 248, 245,
    239, 231, 225, 227, 226, 228, 231, 237, 244, 250, 249, 254, 251, 250,
    248, 239, 236, 228, 222, 224, 223, 225, 230, 236, 239, 245, 248, 256,
    256, 256, 251, 249, 244, 235, 232, 231, 223, 226, 227, 229, 228, 232,
    239, 240, 248, 247, 248, 250, 250, 248, 244, 239, 237, 236, 234, 231,
    232, 231, 233, 233, 236, 235, 235, 237, 242, 242, 240, 239, 243, 243,
    238, 242, 239, 239, 237, 235, 235, 235, 237, 237, 237, 236, 236, 236,
    238, 235, 235, 235, 239 ]
headPositionsY: [ 103, 101, 100, 99, 99, 98, 98, 98, 98, 99, 99, 99, 100,
    100, 97, 98, 95, 101, 99, 99, 99, 99, 100, 98, 100, 99, 99, 98, 97,
    100, 100, 98, 98, 98, 100, 98, 101, 98, 98, 97, 100, 100, 97, 99,
    102, 100, 100, 100, 101, 99, 98, 102, 98, 102, 103, 100, 99, 101,
    101, 100, 98, 101, 99, 103, 100, 100, 101, 100, 97, 99, 100, 98, 100,
    102, 100, 100, 101, 101, 102, 99, 99, 100, 100, 99, 100, 99, 102, 98,
    98, 101, 97, 99, 99, 100, 102, 99, 102, 98, 100, 99 ]
