%YAML:1.0
---
videoName: "headShake39.mp4"
gestureLabel: 201
fps: 29
pixelSizeInCmTemp: 3.1933333333333330e-01
faceCenterPointX: 263
faceCenterPointY: 83
headPositionsX: [ 264, 263, 262, 262, 261, 259, 264, 261, 263, 261, 263,
    263, 263, 259, 260, 262, 259, 260, 261, 261, 261, 261, 255, 256, 250,
    248, 250, 244, 245, 245, 241, 242, 249, 253, 255, 263, 269, 269, 277,
    283, 282, 280, 276, 270, 266, 261, 254, 246, 247, 248, 247, 248, 255,
    254, 261, 266, 274, 277, 281, 280, 279, 272, 270, 265, 259, 256, 249,
    247, 249, 247, 253, 252, 252, 252, 259, 258, 263, 261, 264, 266, 263,
    267, 268, 267, 266, 269, 265, 267, 264, 264, 262, 266, 261, 263, 265,
    264, 262, 262, 265, 263 ]
headPositionsY: [ 83, 83, 84, 83, 82, 82, 82, 83, 84, 81, 83, 85, 82, 82,
    84, 82, 85, 82, 85, 84, 81, 81, 84, 81, 83, 82, 83, 81, 81, 80, 85,
    80, 80, 82, 83, 82, 81, 80, 81, 81, 81, 81, 79, 82, 81, 84, 85, 83,
    83, 84, 84, 84, 84, 84, 82, 83, 84, 83, 80, 79, 80, 80, 81, 81, 81,
    81, 78, 77, 77, 81, 79, 78, 81, 83, 85, 84, 84, 82, 84, 82, 84, 85,
    82, 81, 81, 84, 80, 85, 84, 82, 82, 82, 84, 82, 85, 85, 84, 84, 83,
    82 ]
