%YAML:1.0
---
videoName: "headShake14.mp4"
gestureLabel: 201
fps: 29
pixelSizeInCmTemp: 3.2364864864864862e-01
faceCenterPointX: 244
faceCenterPointY: 76
headPositionsX: [ 242, 246, 245, 245, 244, 245, 245, 246, 247, 246, 246,
    243, 246, 247, 244, 244, 242, 247, 245, 245, 243, 245, 244, 247, 244,
    245, 252, 251, 254, 258, 259, 261, 259, 258, 257, 251, 245, 239, 238,
    232, 228, 223, 225, 226, 232, 237, 245, 250, 253, 254, 254, 258, 253,
    249, 247, 243, 240, 238, 235, 234, 232, 234, 235, 238, 243, 245, 243,
    248, 246, 248, 248, 251, 248, 250, 245, 242, 245, 242, 241, 242, 240,
    237, 242, 242, 241, 240, 243, 242, 242, 243, 247, 244, 243, 245, 246,
    244, 242, 242, 243, 245 ]
headPositionsY: [ 76, 76, 77, 77, 76, 74, 74, 77, 76, 76, 78, 77, 75, 76,
    73, 77, 77, 75, 77, 73, 75, 75, 73, 78, 78, 73, 75, 76, 73, 72, 74,
    75, 72, 76, 76, 76, 75, 77, 77, 77, 75, 76, 76, 73, 77, 76, 75, 72,
    72, 71, 72, 73, 72, 74, 73, 75, 74, 77, 77, 77, 74, 77, 73, 77, 78,
    74, 74, 74, 75, 74, 76, 75, 75, 78, 74, 78, 75, 77, 74, 75, 75, 74,
    76, 75, 74, 77, 76, 76, 75, 76, 76, 74, 75, 75, 74, 74, 77, 77, 76,
    77 ]
