%YAML:1.0
---
videoName: "headShake35.mp4"
gestureLabel: 201
fps: 29
pixelSizeInCmTemp: 3.2364864864864862e-01
faceCenterPointX: 267
faceCenterPointY: 82
headPositionsX: [ 269, 265, 269, 267, 268, 267, 267, 265, 269, 270, 266,
    267, 266, 269, 270, 270, 269, 267, 268, 269, 269, 265, 270, 269, 268,
    269, 269, 270, 270, 267, 267, 266, 268, 269, 267, 269, 266, 267, 270,
    267, 267, 266, 266, 269, 265, 267, 268, 269, 268, 268, 265, 265, 266,
    269, 269, 270, 265, 266, 265, 267, 268, 269, 268, 271, 275, 274, 276,
    281, 279, 277, 277, 272, 268, 260, 260, 258, 261, 261, 264, 272, 273,
    278, 275, 274, 272, 266, 266, 260, 263, 263, 262, 262, 263, 267, 268,
    266, 267, 270, 267, 270 ]
headPositionsY: [ 83, 77, 80, 81, 80, 79, 80, 80, 78, 78, 79, 80, 79, 81,
    81, 79, 81, 80, 81, 78, 81, 81, 78, 78, 80, 82, 80, 81, 78, 81, 79,
    78, 79, 82, 80, 81, 82, 81, 79, 80, 81, 78, 79, 82, 81, 78, 80, 80,
    80, 79, 80, 82, 79, 81, 79, 80, 78, 79, 79, 81, 81, 81, 82, 79, 82,
    78, 82, 79, 81, 81, 83, 81, 80, 81, 83, 81, 83, 81, 82, 81, 84, 83,
    80, 82, 81, 84, 82, 81, 79, 82, 80, 83, 82, 82, 83, 81, 81, 84, 79,
    82 ]
