%YAML:1.0
---
videoName: "headShake23.mp4"
gestureLabel: 201
fps: 29
pixelSizeInCmTemp: 3.2808219178082193e-01
faceCenterPointX: 240
faceCenterPointY: 77
headPositionsX: [ 241, 240, 241, 244, 240, 242, 241, 244, 241, 242, 244,
    241, 239, 244, 240, 239, 242, 239, 239, 239, 242, 242, 243, 246, 249,
    250, 250, 255, 252, 257, 251, 253, 255, 252, 246, 243, 243, 239, 233,
    233, 233, 232, 231, 230, 230, 231, 233, 234, 238, 237, 242, 245, 248,
    249, 252, 254, 252, 253, 253, 252, 250, 251, 246, 244, 243, 243, 241,
    239, 238, 236, 234, 234, 233, 234, 236, 236, 237, 237, 236, 239, 238,
    238, 241, 243, 242, 241, 241, 242, 245, 244, 247, 243, 243, 244, 243,
    244, 243, 245, 239, 239 ]
headPositionsY: [ 79, 78, 78, 77, 77, 75, 76, 77, 75, 76, 76, 77, 75, 80,
    79, 77, 74, 76, 77, 78, 79, 74, 77, 79, 77, 75, 78, 75, 75, 75, 75,
    76, 74, 75, 80, 77, 78, 75, 77, 74, 77, 77, 75, 77, 78, 75, 79, 80,
    77, 79, 80, 76, 76, 77, 78, 78, 78, 74, 74, 74, 78, 79, 81, 80, 76,
    81, 77, 79, 76, 80, 76, 80, 79, 77, 78, 79, 77, 80, 78, 77, 77, 78,
    75, 75, 78, 77, 76, 77, 79, 78, 79, 79, 79, 77, 75, 77, 78, 75, 79,
    75 ]
