%YAML:1.0
---
videoName: "headShake43.mp4"
gestureLabel: 201
fps: 29
pixelSizeInCmTemp: 3.2808219178082193e-01
faceCenterPointX: 257
faceCenterPointY: 84
headPositionsX: [ 257, 261, 262, 261, 261, 262, 259, 261, 262, 262, 259,
    260, 261, 259, 261, 260, 258, 258, 259, 258, 260, 259, 261, 262, 259,
    261, 263, 264, 269, 272, 271, 273, 279, 277, 281, 281, 282, 277, 277,
    277, 270, 266, 261, 256, 251, 248, 242, 244, 244, 241, 250, 253, 258,
    263, 266, 270, 271, 273, 273, 274, 273, 266, 263, 256, 251, 244, 244,
    243, 242, 247, 249, 250, 253, 260, 266, 264, 266, 267, 271, 268, 269,
    267, 268, 262, 265, 260, 259, 257, 260, 257, 257, 256, 258, 255, 257,
    254, 256, 257, 256, 258 ]
headPositionsY: [ 82, 85, 84, 84, 85, 85, 85, 83, 85, 84, 86, 86, 87, 83,
    85, 85, 83, 85, 87, 85, 84, 86, 84, 86, 86, 83, 85, 86, 86, 83, 85,
    83, 80, 84, 81, 83, 83, 84, 82, 81, 84, 87, 83, 86, 85, 86, 84, 85,
    82, 86, 86, 82, 86, 83, 83, 82, 85, 84, 81, 81, 82, 86, 86, 86, 81,
    83, 82, 83, 85, 85, 84, 86, 85, 87, 84, 85, 84, 83, 84, 82, 81, 86,
    84, 82, 82, 85, 86, 85, 85, 85, 82, 83, 84, 82, 86, 82, 83, 82, 85,
    82 ]
