%YAML:1.0
---
videoName: "headShake13.mp4"
gestureLabel: 201
fps: 29
pixelSizeInCmTemp: 3.2364864864864862e-01
faceCenterPointX: 241
faceCenterPointY: 77
headPositionsX: [ 242, 241, 243, 239, 242, 243, 243, 241, 240, 240, 243,
    244, 242, 240, 243, 239, 244, 243, 239, 240, 242, 241, 240, 242, 241,
    239, 244, 241, 240, 242, 237, 239, 239, 240, 244, 246, 253, 255, 261,
    259, 262, 260, 258, 254, 251, 242, 240, 232, 231, 229, 231, 233, 238,
    239, 242, 247, 249, 250, 248, 249, 242, 243, 237, 232, 230, 231, 234,
    233, 238, 240, 244, 251, 249, 253, 251, 252, 248, 245, 240, 237, 235,
    235, 232, 235, 234, 237, 235, 237, 244, 241, 243, 244, 246, 246, 242,
    245, 242, 244, 241, 240 ]
headPositionsY: [ 78, 76, 76, 75, 75, 78, 78, 76, 76, 78, 78, 77, 78, 77,
    77, 77, 75, 75, 74, 78, 74, 77, 76, 74, 77, 76, 78, 78, 78, 75, 77,
    78, 74, 79, 76, 76, 77, 75, 74, 76, 73, 73, 74, 75, 75, 75, 75, 78,
    76, 75, 75, 77, 77, 75, 77, 76, 73, 76, 76, 77, 74, 77, 78, 78, 75,
    79, 76, 74, 77, 78, 78, 77, 75, 77, 77, 78, 79, 75, 75, 79, 76, 75,
    77, 77, 77, 77, 77, 77, 76, 79, 76, 76, 77, 75, 74, 78, 75, 74, 75,
    74 ]
