%YAML:1.0
---
videoName: "headShake20.mp4"
gestureLabel: 201
fps: 29
pixelSizeInCmTemp: 3.3263888888888887e-01
faceCenterPointX: 242
faceCenterPointY: 78
headPositionsX: [ 240, 245, 243, 244, 245, 241, 244, 244, 243, 245, 242,
    245, 242, 241, 242, 241, 244, 246, 245, 244, 245, 243, 241, 245, 242,
    243, 243, 245, 244, 244, 242, 245, 242, 244, 243, 241, 245, 242, 245,
    244, 247, 251, 254, 258, 261, 259, 258, 251, 248, 244, 239, 234, 232,
    228, 228, 235, 239, 245, 247, 251, 251, 253, 252, 245, 244, 237, 236,
    232, 232, 231, 237, 238, 240, 245, 246, 247, 244, 245, 244, 243, 238,
    240, 239, 240, 241, 241, 245, 243, 244, 245, 245, 245, 245, 245, 245,
    243, 244, 243, 241, 243 ]
headPositionsY: [ 78, 75, 77, 78, 74, 76, 76, 78, 78, 75, 76, 77, 75, 75,
    75, 75, 77, 77, 74, 74, 76, 75, 78, 75, 75, 76, 77, 74, 75, 78, 75,
    74, 78, 76, 76, 76, 78, 75, 75, 76, 78, 78, 73, 74, 74, 77, 76, 79,
    78, 78, 78, 78, 75, 73, 75, 75, 76, 77, 78, 74, 76, 75, 74, 75, 75,
    75, 79, 75, 75, 79, 77, 76, 76, 78, 78, 75, 75, 79, 79, 76, 79, 75,
    77, 79, 75, 79, 77, 79, 77, 76, 77, 78, 76, 76, 77, 77, 79, 75, 79,
    78 ]
