%YAML:1.0
---
videoName: "headShake12.mp4"
gestureLabel: 201
fps: 29
pixelSizeInCmTemp: 3.2808219178082193e-01
faceCenterPointX: 241
faceCenterPointY: 76
headPositionsX: [ 239, 241, 241, 241, 243, 244, 242, 244, 244, 242, 242,
    242, 241, 244, 242, 241, 243, 241, 241, 242, 240, 240, 243, 241, 243,
    242, 240, 239, 242, 242, 243, 243, 242, 244, 241, 242, 242, 241, 241,
    242, 239, 239, 240, 240, 243, 242, 242, 239, 240, 240, 244, 240, 241,
    243, 243, 243, 239, 242, 244, 248, 248, 251, 256, 256, 260, 260, 257,
    251, 247, 242, 237, 235, 233, 231, 236, 241, 246, 247, 251, 252, 251,
    251, 248, 246, 240, 241, 235, 236, 236, 238, 237, 236, 237, 238, 241,
    242, 237, 239, 238, 242 ]
headPositionsY: [ 75, 72, 74, 74, 75, 73, 75, 73, 76, 71, 73, 76, 72, 75,
    72, 74, 74, 75, 76, 73, 75, 74, 76, 72, 74, 73, 73, 76, 72, 75, 75,
    72, 75, 72, 73, 75, 76, 74, 75, 72, 76, 72, 75, 74, 74, 74, 75, 75,
    72, 75, 75, 75, 74, 73, 72, 76, 72, 74, 76, 71, 72, 75, 71, 73, 72,
    74, 75, 72, 74, 77, 75, 77, 74, 75, 78, 75, 75, 73, 77, 77, 74, 76,
    77, 78, 74, 76, 73, 75, 74, 73, 78, 75, 78, 78, 77, 78, 75, 73, 75,
    78 ]
