%YAML:1.0
---
videoName: "headShake11.mp4"
gestureLabel: 201
fps: 29
pixelSizeInCmTemp: 3.2364864864864862e-01
faceCenterPointX: 244
faceCenterPointY: 76
headPositionsX: [ 246, 243, 243, 242, 240, 241, 244, 241, 244, 240, 240,
    243, 243, 243, 240, 242, 244, 241, 244, 241, 243, 240, 242, 242, 240,
    244, 245, 242, 246, 252, 253, 256, 259, 262, 260, 260, 259, 260, 252,
    249, 242, 238, 236, 228, 227, 225, 227, 231, 236, 238, 244, 248, 254,
    258, 258, 257, 256, 251, 250, 243, 238, 237, 230, 230, 230, 230, 235,
    241, 243, 246, 254, 255, 256, 257, 259, 254, 255, 249, 244, 241, 237,
    234, 233, 237, 235, 237, 242, 242, 242, 246, 247, 249, 247, 247, 248,
    247, 247, 248, 247, 243 ]
headPositionsY: [ 76, 71, 71, 71, 70, 72, 72, 73, 73, 72, 75, 71, 72, 73,
    74, 72, 71, 75, 73, 71, 72, 71, 71, 74, 71, 74, 72, 72, 74, 74, 73,
    70, 72, 74, 69, 71, 74, 73, 72, 77, 76, 75, 75, 73, 75, 73, 72, 75,
    73, 73, 73, 76, 73, 73, 72, 73, 71, 73, 74, 76, 77, 74, 78, 76, 75,
    77, 77, 76, 75, 75, 73, 71, 71, 74, 72, 72, 74, 77, 78, 76, 74, 73,
    76, 73, 73, 74, 75, 73, 75, 76, 75, 73, 73, 72, 77, 74, 76, 75, 77,
    76 ]
