%YAML:1.0
---
videoName: "headShake46.mp4"
gestureLabel: 201
fps: 30
pixelSizeInCmTemp: 3.2364864864864862e-01
faceCenterPointX: 262
faceCenterPointY: 85
headPositionsX: [ 262, 260, 261, 260, 259, 262, 260, 260, 263, 261, 259,
    261, 261, 262, 262, 261, 262, 262, 260, 259, 261, 262, 262, 259, 262,
    261, 259, 257, 261, 262, 265, 265, 270, 275, 280, 278, 276, 272, 266,
    261, 252, 249, 250, 252, 253, 260, 269, 271, 269, 267, 265, 258, 252,
    252, 254, 259, 263, 265, 266, 269, 266, 261, 257, 257, 259, 262, 261,
    268, 267, 270, 267, 267, 263, 257, 259, 259, 261, 263, 262, 264, 265,
    264, 262, 264, 259, 262, 258, 262, 260, 263, 259, 258, 258, 261, 262,
    264, 261, 259, 262, 260 ]
headPositionsY: [ 86, 85, 84, 82, 85, 86, 83, 84, 84, 82, 84, 86, 85, 84,
    85, 85, 83, 83, 83, 86, 83, 86, 84, 82, 87, 82, 83, 85, 83, 82, 85,
    81, 80, 83, 81, 83, 84, 83, 87, 82, 85, 85, 83, 84, 84, 85, 85, 85,
    83, 87, 84, 85, 84, 86, 86, 85, 87, 83, 84, 86, 84, 86, 84, 83, 85,
    85, 85, 85, 87, 87, 85, 86, 85, 83, 84, 86, 85, 85, 84, 87, 83, 84,
    86, 83, 85, 85, 85, 86, 83, 82, 84, 86, 85, 83, 84, 85, 83, 85, 84,
    84 ]
