%YAML:1.0
---
videoName: "headShake29.mp4"
gestureLabel: 201
fps: 29
pixelSizeInCmTemp: 3.3263888888888887e-01
faceCenterPointX: 243
faceCenterPointY: 76
headPositionsX: [ 244, 242, 240, 241, 241, 240, 241, 240, 243, 244, 244,
    241, 241, 243, 243, 242, 242, 243, 241, 241, 244, 240, 243, 240, 239,
    241, 240, 238, 236, 238, 243, 245, 249, 253, 252, 256, 254, 251, 248,
    242, 239, 235, 232, 228, 230, 231, 234, 239, 242, 248, 247, 254, 250,
    253, 247, 246, 241, 239, 232, 231, 227, 231, 233, 234, 240, 242, 244,
    250, 250, 253, 249, 251, 247, 247, 242, 240, 239, 237, 235, 231, 233,
    236, 233, 238, 238, 240, 241, 239, 240, 242, 242, 244, 245, 244, 245,
    242, 243, 243, 242, 245 ]
headPositionsY: [ 76, 74, 75, 75, 76, 73, 76, 78, 75, 75, 75, 75, 76, 78,
    74, 74, 77, 78, 78, 74, 78, 75, 75, 74, 74, 76, 77, 77, 75, 78, 77,
    78, 78, 76, 76, 77, 74, 74, 76, 78, 78, 78, 75, 78, 78, 76, 73, 75,
    77, 76, 76, 74, 74, 76, 78, 76, 75, 74, 75, 77, 77, 76, 75, 77, 77,
    75, 75, 78, 76, 76, 75, 77, 77, 75, 77, 77, 73, 74, 77, 76, 77, 76,
    76, 75, 76, 74, 77, 77, 75, 78, 75, 77, 75, 77, 78, 78, 78, 75, 78,
    78 ]
