%YAML:1.0
---
videoName: "headShake41.mp4"
gestureLabel: 201
fps: 29
pixelSizeInCmTemp: 3.2364864864864862e-01
faceCenterPointX: 264
faceCenterPointY: 85
headPositionsX: [ 263, 263, 259, 261, 259, 262, 263, 263, 263, 262, 264,
    259, 262, 262, 260, 261, 260, 259, 263, 262, 263, 264, 262, 267, 268,
    267, 270, 272, 273, 276, 280, 277, 280, 284, 280, 283, 283, 280, 279,
    276, 274, 268, 265, 264, 255, 252, 253, 251, 248, 245, 242, 245, 243,
    247, 250, 251, 250, 252, 256, 261, 262, 269, 271, 272, 276, 278, 276,
    277, 278, 276, 279, 274, 275, 272, 272, 268, 267, 269, 267, 263, 263,
    264, 265, 261, 264, 265, 263, 264, 260, 260, 261, 261, 264, 263, 261,
    264, 262, 263, 263, 262 ]
headPositionsY: [ 84, 84, 84, 85, 84, 84, 80, 83, 86, 83, 84, 84, 82, 83,
    83, 82, 86, 82, 85, 84, 84, 82, 83, 83, 85, 84, 80, 82, 83, 79, 79,
    83, 79, 80, 80, 82, 79, 82, 81, 82, 83, 81, 85, 83, 85, 82, 84, 84,
    81, 81, 84, 82, 80, 84, 85, 87, 81, 86, 83, 85, 86, 83, 83, 82, 83,
    83, 83, 86, 82, 86, 86, 84, 84, 87, 85, 87, 85, 87, 83, 86, 85, 82,
    85, 86, 84, 83, 85, 84, 84, 84, 82, 83, 83, 84, 86, 82, 82, 86, 84,
    83 ]
