%YAML:1.0
---
videoName: "headShake12.mp4"
gestureLabel: 201
fps: 29
pixelSizeInCmTemp: 3.2808219178082193e-01
faceCenterPointX: 241
faceCenterPointY: 76
headPositionsX: [ 241, 240, 239, 241, 240, 243, 241, 243, 242, 240, 242,
    242, 242, 241, 242, 244, 241, 241, 241, 244, 243, 243, 244, 243, 243,
    241, 244, 239, 243, 243, 243, 244, 240, 242, 240, 243, 242, 240, 240,
    239, 243, 239, 241, 242, 240, 239, 243, 241, 241, 240, 242, 240, 241,
    243, 239, 242, 239, 241, 243, 245, 247, 254, 252, 258, 257, 258, 255,
    253, 249, 243, 235, 232, 232, 231, 235, 243, 248, 251, 250, 254, 254,
    252, 250, 244, 241, 240, 236, 236, 234, 239, 237, 237, 240, 239, 242,
    240, 238, 240, 239, 239 ]
headPositionsY: [ 75, 74, 75, 73, 76, 75, 72, 73, 73, 72, 74, 76, 75, 71,
    73, 75, 75, 74, 72, 74, 75, 75, 76, 74, 71, 77, 74, 73, 72, 71, 74,
    72, 75, 74, 73, 74, 76, 73, 76, 75, 72, 72, 76, 72, 74, 73, 75, 76,
    75, 77, 75, 75, 74, 73, 73, 75, 74, 75, 76, 72, 74, 75, 73, 72, 75,
    73, 71, 76, 77, 77, 78, 78, 77, 78, 74, 74, 75, 76, 77, 75, 74, 77,
    78, 78, 74, 74, 76, 75, 74, 75, 75, 76, 76, 78, 79, 75, 74, 73, 77,
    75 ]
