%YAML:1.0
---
videoName: "headShake48.mp4"
gestureLabel: 201
fps: 29
pixelSizeInCmTemp: 3.1103896103896100e-01
faceCenterPointX: 258
faceCenterPointY: 85
headPositionsX: [ 258, 262, 258, 258, 256, 258, 259, 260, 260, 259, 257,
    260, 259, 261, 261, 261, 258, 261, 260, 257, 260, 260, 260, 257, 259,
    258, 259, 258, 260, 259, 259, 261, 256, 260, 258, 265, 266, 268, 270,
    274, 277, 275, 272, 267, 262, 253, 250, 246, 244, 248, 253, 259, 264,
    269, 270, 266, 264, 262, 254, 252, 249, 252, 253, 255, 259, 263, 267,
    266, 264, 261, 259, 250, 251, 246, 248, 253, 255, 259, 265, 267, 267,
    267, 263, 262, 261, 261, 261, 261, 259, 261, 260, 257, 260, 257, 257,
    261, 261, 258, 261, 257 ]
headPositionsY: [ 85, 80, 80, 77, 79, 80, 77, 79, 77, 81, 81, 81, 81, 78,
    83, 79, 79, 82, 83, 80, 81, 83, 83, 83, 82, 81, 80, 83, 82, 83, 80,
    82, 83, 80, 81, 82, 81, 81, 82, 80, 84, 83, 86, 83, 86, 82, 83, 83,
    85, 86, 82, 85, 86, 86, 84, 86, 87, 86, 85, 87, 84, 88, 87, 89, 85,
    87, 84, 85, 89, 87, 88, 88, 87, 85, 85, 85, 84, 85, 88, 85, 86, 87,
    84, 85, 89, 86, 88, 88, 87, 88, 87, 84, 88, 86, 84, 83, 85, 86, 85,
    87 ]
