%YAML:1.0
---
videoName: "headShake8.mp4"
gestureLabel: 201
fps: 29
pixelSizeInCmTemp: 3.2364864864864862e-01
faceCenterPointX: 243
faceCenterPointY: 72
headPositionsX: [ 242, 245, 244, 246, 246, 246, 245, 244, 244, 246, 241,
    243, 245, 244, 246, 245, 245, 242, 244, 243, 243, 245, 242, 242, 242,
    242, 241, 241, 245, 244, 243, 244, 245, 244, 247, 248, 251, 257, 261,
    262, 264, 264, 262, 263, 255, 251, 245, 241, 234, 234, 231, 231, 231,
    239, 245, 248, 256, 261, 257, 260, 256, 256, 253, 246, 244, 236, 235,
    234, 235, 235, 236, 235, 240, 240, 244, 243, 246, 245, 250, 252, 248,
    250, 248, 251, 248, 250, 246, 247, 246, 246, 246, 242, 244, 243, 245,
    245, 241, 241, 244, 242 ]
headPositionsY: [ 73, 70, 70, 73, 72, 70, 73, 70, 71, 70, 73, 73, 70, 71,
    71, 71, 73, 69, 73, 71, 72, 72, 71, 72, 73, 73, 70, 70, 72, 74, 69,
    72, 73, 70, 73, 71, 71, 71, 72, 72, 70, 69, 68, 72, 73, 70, 73, 72,
    71, 69, 69, 73, 70, 72, 70, 73, 68, 70, 70, 72, 70, 70, 69, 70, 71,
    73, 73, 73, 70, 72, 72, 70, 73, 71, 72, 70, 71, 70, 72, 70, 73, 69,
    71, 72, 73, 70, 73, 73, 69, 73, 71, 71, 72, 69, 72, 69, 72, 70, 72,
    73 ]
