%YAML:1.0
---
videoName: "headShake4.mp4"
gestureLabel: 201
fps: 30
pixelSizeInCmTemp: 3.2364864864864862e-01
faceCenterPointX: 237
faceCenterPointY: 101
headPositionsX: [ 237, 242, 245, 248, 252, 255, 254, 253, 255, 247, 243,
    237, 231, 227, 224, 226, 226, 230, 238, 243, 249, 252, 251, 251, 251,
    245, 241, 234, 230, 226, 222, 226, 223, 228, 233, 241, 247, 249, 256,
    255, 255, 250, 246, 242, 236, 231, 231, 224, 225, 226, 226, 231, 232,
    237, 244, 248, 246, 249, 250, 246, 248, 242, 241, 235, 236, 230, 230,
    232, 231, 232, 231, 234, 235, 237, 239, 241, 242, 240, 239, 243, 241,
    241, 241, 238, 237, 239, 238, 237, 237, 238, 236, 237, 237, 234, 239,
    235, 237, 235, 239, 236 ]
headPositionsY: [ 101, 98, 96, 99, 98, 98, 96, 98, 97, 97, 102, 100, 101,
    100, 96, 100, 97, 101, 98, 99, 98, 101, 100, 100, 98, 98, 101, 101,
    98, 100, 99, 99, 97, 100, 98, 99, 97, 98, 98, 100, 101, 97, 97, 103,
    102, 98, 102, 99, 98, 98, 97, 100, 102, 101, 100, 100, 99, 99, 100,
    99, 101, 101, 100, 100, 98, 99, 99, 98, 98, 97, 102, 99, 101, 101,
    102, 99, 103, 102, 103, 103, 101, 103, 99, 99, 102, 99, 100, 102,
    102, 101, 97, 99, 101, 98, 100, 100, 98, 100, 98, 98 ]
