%YAML:1.0
---
videoName: "headShake46.mp4"
gestureLabel: 201
fps: 30
pixelSizeInCmTemp: 3.2364864864864862e-01
faceCenterPointX: 262
faceCenterPointY: 85
headPositionsX: [ 261, 261, 262, 262, 261, 258, 262, 258, 259, 262, 261,
    261, 261, 261, 259, 260, 258, 263, 259, 262, 263, 262, 261, 261, 260,
    261, 261, 257, 260, 263, 263, 269, 273, 277, 278, 278, 278, 272, 268,
    259, 256, 253, 252, 251, 256, 264, 265, 268, 271, 269, 263, 255, 256,
    253, 253, 259, 263, 265, 266, 268, 267, 264, 257, 258, 255, 260, 264,
    267, 269, 270, 269, 263, 261, 258, 258, 262, 260, 264, 263, 263, 263,
    264, 265, 262, 262, 262, 259, 258, 259, 259, 260, 259, 258, 262, 261,
    261, 263, 259, 262, 261 ]
headPositionsY: [ 86, 86, 84, 84, 85, 83, 85, 83, 87, 84, 82, 85, 84, 86,
    83, 82, 83, 85, 86, 82, 84, 85, 83, 81, 87, 82, 86, 84, 83, 82, 85,
    81, 83, 81, 84, 84, 83, 81, 85, 85, 84, 83, 83, 83, 86, 87, 87, 84,
    85, 86, 87, 86, 85, 84, 84, 87, 85, 83, 84, 87, 87, 84, 88, 83, 87,
    86, 83, 85, 84, 84, 85, 84, 84, 82, 85, 83, 86, 83, 82, 87, 83, 83,
    85, 85, 85, 85, 86, 86, 84, 83, 86, 82, 87, 83, 84, 84, 87, 86, 86,
    84 ]
