%YAML:1.0
---
videoName: "headShake37.mp4"
gestureLabel: 201
fps: 30
pixelSizeInCmTemp: 3.1933333333333330e-01
faceCenterPointX: 263
faceCenterPointY: 83
headPositionsX: [ 261, 259, 263, 260, 262, 262, 261, 261, 264, 260, 261,
    262, 262, 260, 263, 260, 263, 264, 262, 261, 263, 262, 263, 264, 260,
    263, 261, 260, 263, 260, 262, 263, 260, 262, 260, 265, 260, 260, 263,
    262, 264, 263, 261, 261, 258, 263, 263, 264, 268, 268, 272, 276, 278,
    280, 280, 279, 269, 264, 257, 255, 251, 252, 254, 256, 264, 270, 270,
    274, 273, 273, 270, 264, 259, 257, 252, 254, 256, 253, 258, 259, 257,
    261, 264, 265, 267, 266, 266, 267, 264, 264, 266, 266, 263, 263, 261,
    265, 264, 265, 266, 264 ]
headPositionsY: [ 84, 82, 83, 85, 81, 84, 84, 84, 85, 83, 82, 85, 83, 82,
    84, 85, 81, 84, 85, 83, 82, 83, 85, 83, 83, 81, 81, 81, 82, 82, 81,
    86, 81, 85, 84, 83, 81, 82, 83, 84, 83, 83, 83, 84, 85, 83, 81, 85,
    82, 84, 82, 81, 78, 78, 83, 81, 84, 83, 84, 83, 79, 83, 81, 81, 83,
    85, 83, 79, 82, 81, 83, 85, 84, 81, 82, 81, 84, 82, 85, 84, 85, 80,
    84, 83, 82, 81, 85, 83, 83, 83, 85, 82, 85, 83, 83, 84, 85, 81, 85,
    82 ]
