%YAML:1.0
---
videoName: "headShake14.mp4"
gestureLabel: 201
fps: 29
pixelSizeInCmTemp: 3.2364864864864862e-01
faceCenterPointX: 244
faceCenterPointY: 76
headPositionsX: [ 245, 246, 247, 245, 245, 243, 246, 243, 244, 244, 245,
    246, 243, 244, 245, 245, 244, 246, 245, 243, 243, 246, 246, 246, 248,
    248, 251, 253, 254, 257, 261, 260, 261, 261, 254, 253, 245, 240, 236,
    231, 225, 223, 229, 226, 233, 235, 243, 250, 253, 256, 258, 256, 253,
    251, 250, 244, 238, 238, 235, 233, 235, 236, 236, 236, 242, 243, 243,
    247, 246, 251, 248, 247, 250, 248, 249, 246, 242, 240, 241, 241, 238,
    238, 241, 242, 243, 241, 241, 246, 243, 247, 246, 244, 244, 244, 244,
    246, 244, 244, 246, 245 ]
headPositionsY: [ 74, 75, 75, 74, 75, 77, 77, 76, 76, 76, 78, 75, 75, 74,
    76, 76, 74, 73, 77, 74, 73, 75, 76, 78, 77, 75, 74, 74, 72, 72, 71,
    71, 71, 74, 72, 75, 76, 77, 78, 74, 76, 74, 76, 73, 73, 75, 73, 76,
    72, 72, 73, 73, 73, 73, 73, 74, 76, 78, 73, 75, 73, 74, 76, 74, 77,
    73, 74, 76, 78, 74, 78, 77, 78, 79, 74, 78, 76, 77, 75, 77, 77, 77,
    75, 77, 76, 74, 78, 74, 77, 78, 74, 77, 77, 76, 78, 78, 78, 74, 77,
    76 ]
