%YAML:1.0
---
videoName: "headShake6.mp4"
gestureLabel: 201
fps: 29
pixelSizeInCmTemp: 3.2808219178082193e-01
faceCenterPointX: 244
faceCenterPointY: 68
headPositionsX: [ 242, 247, 243, 245, 243, 243, 245, 243, 245, 246, 243,
    243, 244, 246, 245, 244, 244, 247, 243, 247, 246, 245, 244, 245, 244,
    247, 243, 249, 250, 253, 258, 257, 260, 264, 264, 261, 258, 252, 245,
    241, 238, 230, 228, 231, 233, 239, 245, 249, 253, 256, 257, 257, 256,
    256, 249, 243, 238, 234, 233, 231, 234, 235, 237, 241, 244, 249, 253,
    253, 250, 247, 247, 241, 240, 242, 239, 238, 238, 240, 240, 239, 242,
    241, 244, 244, 244, 244, 246, 244, 244, 244, 243, 245, 244, 246, 244,
    246, 244, 242, 244, 245 ]
headPositionsY: [ 66, 66, 66, 69, 66, 64, 67, 65, 67, 65, 65, 68, 67, 64,
    68, 63, 66, 65, 67, 65, 69, 66, 70, 66, 69, 69, 69, 68, 66, 66, 68,
    66, 67, 64, 68, 63, 66, 68, 68, 70, 67, 67, 68, 67, 70, 66, 69, 68,
    65, 69, 69, 68, 67, 66, 70, 69, 66, 65, 68, 66, 70, 67, 70, 66, 69,
    69, 66, 70, 69, 66, 67, 69, 69, 68, 68, 68, 66, 66, 66, 67, 69, 68,
    67, 69, 68, 67, 68, 67, 69, 70, 67, 70, 66, 67, 68, 68, 70, 70, 66,
    68 ]
