%YAML:1.0
---
videoName: "headShake16.mp4"
gestureLabel: 201
fps: 29
pixelSizeInCmTemp: 3.2364864864864862e-01
faceCenterPointX: 242
faceCenterPointY: 77
headPositionsX: [ 241, 241, 242, 244, 244, 245, 242, 243, 241, 242, 243,
    241, 243, 246, 245, 242, 245, 243, 244, 243, 244, 244, 242, 245, 242,
    244, 243, 245, 240, 245, 240, 245, 243, 242, 239, 240, 240, 244, 246,
    249, 249, 254, 257, 255, 253, 251, 246, 244, 240, 240, 238, 234, 237,
    237, 241, 243, 245, 247, 249, 248, 249, 246, 248, 245, 242, 240, 234,
    237, 235, 233, 233, 237, 239, 241, 243, 245, 244, 244, 243, 242, 243,
    241, 238, 238, 238, 239, 237, 238, 242, 242, 238, 240, 241, 243, 243,
    242, 242, 242, 240, 241 ]
headPositionsY: [ 77, 73, 78, 76, 73, 77, 76, 77, 73, 78, 77, 75, 74, 74,
    74, 74, 73, 76, 74, 76, 74, 75, 76, 77, 74, 74, 73, 75, 76, 75, 77,
    77, 76, 78, 73, 78, 74, 79, 78, 77, 77, 73, 76, 73, 77, 74, 74, 75,
    76, 78, 76, 75, 77, 76, 79, 77, 75, 74, 77, 76, 75, 77, 79, 77, 76,
    75, 75, 75, 75, 75, 78, 77, 76, 77, 78, 75, 75, 75, 77, 75, 78, 77,
    78, 76, 76, 77, 78, 77, 77, 78, 74, 78, 76, 77, 76, 74, 78, 78, 76,
    77 ]
