%YAML:1.0
---
videoName: "headShake45.mp4"
gestureLabel: 201
fps: 30
pixelSizeInCmTemp: 3.3263888888888887e-01
faceCenterPointX: 262
faceCenterPointY: 84
headPositionsX: [ 264, 260, 262, 262, 261, 262, 261, 262, 262, 261, 261,
    264, 262, 263, 263, 260, 263, 262, 263, 261, 262, 261, 264, 261, 260,
    264, 259, 264, 261, 264, 260, 260, 261, 262, 263, 263, 262, 258, 257,
    257, 253, 255, 261, 266, 272, 275, 279, 280, 282, 276, 272, 266, 263,
    254, 254, 254, 256, 262, 268, 272, 274, 272, 274, 268, 264, 257, 257,
    257, 256, 259, 267, 267, 270, 269, 269, 266, 265, 258, 255, 256, 258,
    258, 262, 263, 264, 266, 265, 261, 258, 258, 260, 263, 259, 262, 262,
    265, 264, 262, 263, 262 ]
headPositionsY: [ 84, 79, 81, 80, 82, 80, 82, 83, 81, 83, 83, 84, 80, 80,
    80, 83, 80, 84, 81, 82, 84, 82, 81, 82, 81, 84, 82, 82, 81, 82, 81,
    82, 82, 80, 80, 83, 85, 80, 84, 84, 81, 84, 82, 81, 80, 81, 80, 82,
    79, 79, 81, 85, 83, 82, 83, 83, 82, 82, 82, 82, 80, 81, 81, 80, 85,
    83, 83, 83, 82, 80, 83, 80, 84, 79, 83, 84, 81, 86, 84, 83, 81, 83,
    85, 83, 84, 85, 83, 84, 84, 81, 83, 81, 83, 82, 81, 82, 83, 81, 82,
    85 ]
