%YAML:1.0
---
videoName: "headShake12.mp4"
gestureLabel: 201
fps: 29
pixelSizeInCmTemp: 3.2808219178082193e-01
faceCenterPointX: 241
faceCenterPointY: 76
headPositionsX: [ 241, 238, 239, 241, 243, 241, 242, 240, 244, 240, 242,
    240, 244, 240, 240, 242, 242, 241, 244, 241, 243, 244, 243, 243, 242,
    241, 244, 241, 240, 240, 241, 242, 241, 242, 240, 241, 243, 241, 240,
    240, 240, 241, 240, 242, 244, 241, 243, 241, 241, 242, 244, 244, 242,
    240, 239, 242, 242, 244, 241, 246, 247, 252, 252, 255, 260, 261, 258,
    254, 246, 243, 237, 232, 230, 232, 238, 243, 248, 248, 254, 256, 250,
    252, 247, 243, 240, 240, 237, 239, 234, 235, 240, 237, 237, 240, 242,
    242, 237, 242, 239, 238 ]
headPositionsY: [ 76, 71, 74, 70, 75, 72, 72, 73, 75, 71, 71, 75, 75, 74,
    72, 73, 74, 74, 74, 76, 73, 74, 74, 73, 74, 74, 76, 75, 73, 74, 74,
    71, 75, 75, 76, 75, 72, 74, 76, 74, 75, 75, 75, 73, 75, 72, 73, 76,
    73, 76, 74, 72, 76, 73, 76, 73, 75, 77, 72, 72, 75, 72, 72, 74, 73,
    75, 74, 75, 75, 74, 77, 74, 74, 76, 74, 78, 78, 73, 73, 74, 77, 73,
    78, 75, 75, 74, 73, 74, 75, 75, 75, 75, 78, 74, 77, 78, 78, 75, 79,
    77 ]
