%YAML:1.0
---
videoName: "headShake0.mp4"
gestureLabel: 201
fps: 29
pixelSizeInCmTemp: 3.2808219178082193e-01
faceCenterPointX: 279
faceCenterPointY: 94
headPositionsX: [ 281, 278, 281, 281, 280, 279, 280, 279, 278, 281, 277,
    280, 280, 278, 278, 280, 281, 278, 278, 279, 281, 278, 280, 281, 281,
    279, 279, 278, 279, 278, 280, 279, 277, 280, 278, 278, 279, 279, 279,
    277, 280, 281, 286, 289, 291, 293, 299, 301, 300, 301, 295, 294, 289,
    284, 275, 277, 272, 272, 272, 276, 282, 285, 291, 289, 288, 290, 286,
    281, 277, 276, 271, 271, 272, 275, 281, 281, 286, 283, 283, 283, 279,
    278, 277, 275, 273, 274, 276, 277, 276, 277, 279, 277, 277, 281, 281,
    278, 280, 278, 278, 279 ]
headPositionsY: [ 94, 95, 92, 91, 93, 95, 95, 94, 91, 94, 95, 93, 92, 92,
    93, 95, 95, 92, 91, 91, 94, 92, 94, 94, 94, 91, 94, 94, 92, 91, 91,
    91, 91, 95, 94, 93, 92, 92, 95, 94, 94, 93, 93, 90, 91, 90, 90, 90,
    90, 89, 93, 93, 91, 92, 93, 91, 95, 94, 93, 90, 94, 90, 92, 94, 94,
    91, 94, 91, 95, 94, 95, 92, 91, 93, 95, 95, 92, 91, 91, 91, 93, 92,
    93, 93, 96, 94, 92, 91, 92, 92, 95, 96, 94, 94, 96, 92, 93, 96, 96,
    97 ]
