%YAML:1.0
---
videoName: "headShake25.mp4"
gestureLabel: 201
fps: 30
pixelSizeInCmTemp: 3.2364864864864862e-01
faceCenterPointX: 241
faceCenterPointY: 79
headPositionsX: [ 241, 255, 252, 255, 253, 250, 249, 248, 245, 242, 242,
    237, 234, 235, 231, 233, 232, 231, 228, 230, 232, 233, 235, 236, 239,
    240, 245, 247, 248, 248, 250, 249, 251, 247, 249, 246, 243, 239, 239,
    237, 234, 234, 232, 229, 229, 231, 230, 234, 234, 239, 241, 239, 244,
    247, 247, 248, 248, 249, 253, 251, 250, 250, 250, 245, 244, 244, 243,
    236, 235, 237, 234, 237, 236, 235, 235, 235, 236, 236, 234, 235, 238,
    238, 242, 240, 239, 244, 242, 243, 245, 242, 241, 242, 244, 243, 243,
    242, 240, 242, 242, 238 ]
headPositionsY: [ 78, 75, 78, 78, 78, 76, 79, 78, 76, 75, 79, 79, 78, 77,
    79, 76, 78, 78, 77, 76, 80, 79, 77, 80, 80, 76, 78, 77, 80, 76, 79,
    76, 79, 80, 77, 80, 77, 78, 78, 78, 78, 76, 77, 78, 78, 76, 80, 80,
    76, 80, 78, 76, 79, 80, 80, 81, 81, 79, 75, 80, 79, 77, 78, 81, 80,
    76, 80, 78, 77, 80, 78, 77, 80, 80, 77, 76, 80, 76, 76, 79, 81, 77,
    79, 77, 77, 77, 79, 81, 80, 77, 79, 78, 79, 80, 79, 81, 81, 80, 80,
    80 ]
