%YAML:1.0
---
videoName: "headShake8.mp4"
gestureLabel: 201
fps: 29
pixelSizeInCmTemp: 3.2364864864864862e-01
faceCenterPointX: 243
faceCenterPointY: 72
headPositionsX: [ 242, 244, 242, 243, 244, 243, 244, 242, 242, 244, 245,
    246, 242, 242, 244, 241, 244, 243, 241, 242, 244, 245, 243, 244, 241,
    242, 245, 242, 245, 242, 241, 245, 245, 243, 248, 251, 250, 254, 261,
    266, 265, 264, 264, 262, 257, 251, 247, 239, 234, 234, 229, 231, 233,
    236, 244, 251, 252, 257, 261, 260, 260, 256, 253, 244, 242, 240, 233,
    232, 235, 236, 233, 239, 241, 239, 241, 244, 248, 247, 251, 249, 248,
    251, 252, 252, 251, 249, 246, 245, 244, 246, 247, 245, 243, 245, 244,
    242, 243, 242, 243, 241 ]
headPositionsY: [ 74, 73, 74, 74, 70, 73, 71, 70, 73, 72, 71, 74, 73, 70,
    71, 73, 73, 72, 70, 74, 71, 74, 70, 74, 71, 70, 71, 69, 74, 71, 72,
    73, 70, 71, 71, 73, 71, 71, 68, 72, 67, 71, 68, 71, 72, 70, 73, 71,
    71, 72, 69, 69, 72, 73, 71, 70, 69, 68, 67, 69, 69, 70, 73, 71, 70,
    71, 74, 73, 70, 71, 73, 71, 72, 72, 72, 72, 72, 71, 69, 74, 72, 72,
    72, 72, 71, 70, 73, 72, 69, 69, 71, 71, 73, 69, 74, 71, 71, 71, 73,
    71 ]
