%YAML:1.0
---
videoName: "headShake44.mp4"
gestureLabel: 201
fps: 30
pixelSizeInCmTemp: 3.2808219178082193e-01
faceCenterPointX: 260
faceCenterPointY: 84
headPositionsX: [ 258, 263, 259, 262, 260, 263, 258, 260, 262, 261, 263,
    260, 261, 262, 263, 259, 261, 263, 261, 263, 262, 263, 259, 263, 262,
    262, 263, 260, 263, 261, 259, 260, 260, 262, 260, 262, 260, 260, 262,
    265, 268, 268, 271, 272, 274, 274, 273, 268, 262, 257, 255, 253, 250,
    251, 256, 262, 265, 272, 272, 268, 268, 264, 256, 256, 255, 256, 261,
    263, 271, 273, 269, 268, 264, 261, 257, 256, 252, 254, 255, 253, 257,
    257, 261, 261, 259, 264, 264, 261, 262, 264, 260, 258, 262, 263, 259,
    263, 259, 260, 262, 259 ]
headPositionsY: [ 84, 84, 83, 83, 84, 84, 82, 83, 83, 82, 81, 80, 84, 82,
    81, 81, 82, 80, 85, 82, 82, 84, 81, 82, 82, 81, 85, 83, 81, 82, 85,
    83, 81, 84, 83, 84, 82, 84, 81, 82, 81, 83, 83, 83, 82, 81, 80, 87,
    83, 86, 82, 85, 86, 83, 86, 85, 86, 84, 82, 83, 84, 82, 82, 86, 82,
    83, 86, 82, 84, 82, 85, 81, 85, 82, 82, 85, 82, 83, 86, 86, 84, 82,
    85, 86, 84, 82, 84, 86, 86, 85, 85, 82, 87, 86, 83, 86, 85, 86, 87,
    83 ]
