%YAML:1.0
---
videoName: "headShake38.mp4"
gestureLabel: 201
fps: 29
pixelSizeInCmTemp: 3.2808219178082193e-01
faceCenterPointX: 259
faceCenterPointY: 84
headPositionsX: [ 259, 264, 265, 262, 262, 261, 266, 265, 264, 263, 265,
    263, 262, 263, 265, 265, 264, 264, 263, 264, 264, 265, 262, 262, 264,
    261, 261, 264, 263, 261, 264, 262, 262, 261, 261, 261, 264, 264, 262,
    261, 263, 259, 258, 256, 252, 248, 250, 248, 250, 250, 261, 265, 272,
    278, 276, 274, 267, 263, 255, 249, 247, 249, 253, 262, 266, 271, 272,
    270, 266, 259, 251, 251, 249, 246, 251, 256, 257, 264, 267, 270, 267,
    267, 266, 264, 267, 266, 263, 259, 263, 259, 261, 262, 259, 260, 259,
    257, 261, 259, 260, 262 ]
headPositionsY: [ 86, 85, 84, 81, 83, 82, 84, 85, 86, 82, 83, 81, 83, 85,
    83, 81, 84, 83, 85, 86, 84, 85, 86, 81, 81, 85, 83, 85, 83, 83, 85,
    82, 81, 84, 83, 84, 84, 85, 83, 82, 84, 85, 85, 85, 85, 81, 85, 84,
    81, 84, 85, 85, 84, 84, 82, 82, 82, 85, 82, 84, 86, 80, 85, 86, 84,
    84, 82, 84, 83, 86, 86, 80, 84, 83, 82, 86, 82, 84, 86, 81, 82, 84,
    84, 87, 85, 83, 84, 84, 82, 82, 83, 85, 84, 83, 85, 86, 86, 86, 82,
    83 ]
