%YAML:1.0
---
videoName: "headShake2.mp4"
gestureLabel: 201
fps: 29
pixelSizeInCmTemp: 3.4214285714285714e-01
faceCenterPointX: 276
faceCenterPointY: 98
headPositionsX: [ 278, 279, 278, 279, 278, 278, 279, 277, 276, 277, 276,
    278, 276, 276, 275, 278, 276, 276, 279, 277, 275, 276, 280, 278, 277,
    279, 278, 278, 276, 277, 279, 278, 277, 275, 278, 277, 278, 276, 278,
    278, 279, 277, 282, 283, 286, 287, 295, 294, 292, 294, 289, 290, 284,
    280, 272, 268, 268, 264, 263, 269, 274, 277, 281, 290, 290, 290, 288,
    286, 283, 278, 275, 269, 269, 270, 267, 272, 276, 277, 281, 288, 286,
    285, 287, 283, 284, 282, 276, 275, 275, 275, 275, 277, 275, 273, 276,
    274, 275, 274, 275, 277 ]
headPositionsY: [ 99, 96, 100, 99, 96, 99, 99, 100, 98, 100, 97, 96, 99,
    96, 99, 98, 97, 101, 99, 100, 101, 100, 101, 98, 98, 98, 100, 100,
    102, 100, 98, 98, 99, 99, 98, 101, 97, 97, 101, 100, 96, 100, 96, 99,
    99, 99, 99, 95, 95, 98, 98, 96, 97, 96, 97, 97, 97, 98, 97, 95, 98,
    97, 95, 97, 95, 94, 97, 96, 97, 97, 98, 100, 97, 97, 99, 97, 96, 100,
    96, 98, 96, 98, 100, 98, 99, 100, 100, 96, 101, 100, 97, 101, 99,
    102, 96, 100, 98, 101, 97, 98 ]
