%YAML:1.0
---
videoName: "headShake14.mp4"
gestureLabel: 201
fps: 29
pixelSizeInCmTemp: 3.2364864864864862e-01
faceCenterPointX: 244
faceCenterPointY: 76
headPositionsX: [ 242, 248, 246, 247, 247, 247, 245, 244, 246, 244, 244,
    247, 246, 244, 247, 246, 246, 245, 244, 244, 245, 243, 243, 247, 248,
    245, 251, 252, 255, 259, 261, 259, 261, 258, 258, 250, 249, 240, 234,
    231, 224, 225, 229, 228, 231, 237, 244, 248, 252, 254, 255, 257, 254,
    250, 248, 242, 237, 238, 235, 233, 234, 236, 233, 240, 243, 244, 242,
    245, 249, 250, 251, 249, 251, 247, 248, 243, 245, 240, 243, 238, 242,
    241, 239, 242, 241, 240, 243, 245, 243, 243, 244, 246, 245, 247, 243,
    246, 241, 243, 246, 244 ]
headPositionsY: [ 78, 76, 75, 73, 75, 78, 74, 76, 76, 73, 76, 77, 76, 75,
    74, 75, 73, 73, 73, 76, 77, 76, 77, 75, 78, 75, 77, 74, 74, 76, 72,
    73, 74, 74, 73, 75, 77, 76, 77, 76, 73, 73, 76, 72, 73, 74, 74, 76,
    74, 72, 71, 74, 71, 75, 74, 76, 73, 76, 75, 73, 74, 75, 74, 77, 78,
    77, 74, 76, 75, 78, 78, 75, 74, 77, 77, 74, 74, 75, 77, 74, 77, 77,
    76, 76, 76, 78, 76, 77, 78, 78, 76, 76, 77, 78, 77, 78, 77, 76, 75,
    76 ]
