%YAML:1.0
---
videoName: "headShake16.mp4"
gestureLabel: 201
fps: 29
pixelSizeInCmTemp: 3.2364864864864862e-01
faceCenterPointX: 242
faceCenterPointY: 77
headPositionsX: [ 241, 245, 244, 244, 243, 242, 242, 244, 243, 242, 246,
    244, 244, 242, 245, 243, 241, 244, 242, 244, 242, 245, 243, 244, 244,
    243, 242, 245, 240, 243, 240, 245, 240, 243, 239, 240, 244, 245, 245,
    247, 250, 252, 256, 256, 255, 251, 247, 245, 240, 239, 238, 232, 237,
    238, 237, 241, 246, 245, 251, 251, 247, 247, 247, 242, 243, 238, 237,
    235, 236, 237, 235, 238, 238, 242, 244, 241, 244, 247, 242, 244, 242,
    240, 241, 242, 241, 238, 240, 241, 242, 238, 241, 243, 244, 240, 241,
    240, 241, 244, 244, 243 ]
headPositionsY: [ 79, 74, 75, 77, 75, 74, 73, 74, 75, 74, 75, 78, 75, 74,
    78, 74, 73, 75, 78, 74, 76, 74, 77, 76, 77, 77, 77, 76, 76, 76, 76,
    77, 75, 74, 75, 78, 78, 78, 78, 77, 74, 76, 74, 75, 75, 77, 74, 75,
    75, 78, 75, 77, 78, 79, 78, 76, 76, 78, 78, 75, 78, 77, 78, 75, 77,
    77, 74, 74, 77, 79, 78, 75, 78, 79, 75, 79, 75, 75, 79, 76, 78, 77,
    76, 77, 78, 74, 75, 77, 78, 79, 73, 76, 77, 76, 76, 75, 77, 79, 74,
    77 ]
