%YAML:1.0
---
videoName: "headShake26.mp4"
gestureLabel: 201
fps: 30
pixelSizeInCmTemp: 3.2808219178082193e-01
faceCenterPointX: 243
faceCenterPointY: 78
headPositionsX: [ 241, 241, 239, 240, 242, 245, 243, 246, 248, 249, 250,
    250, 252, 250, 249, 251, 252, 250, 247, 245, 239, 237, 236, 231, 232,
    231, 230, 232, 232, 233, 230, 236, 237, 241, 246, 247, 249, 251, 253,
    253, 255, 252, 249, 248, 246, 241, 240, 235, 234, 230, 229, 231, 228,
    229, 230, 236, 237, 238, 240, 247, 249, 249, 251, 251, 250, 254, 250,
    252, 248, 247, 245, 242, 240, 242, 237, 236, 235, 236, 235, 237, 236,
    236, 240, 239, 240, 240, 241, 243, 241, 242, 244, 244, 243, 242, 244,
    244, 243, 242, 243, 243 ]
headPositionsY: [ 76, 79, 78, 79, 74, 75, 76, 78, 76, 76, 80, 78, 75, 77,
    77, 80, 76, 80, 79, 78, 78, 76, 76, 75, 76, 74, 75, 77, 75, 79, 74,
    78, 79, 79, 78, 76, 75, 75, 74, 76, 77, 76, 75, 77, 78, 76, 77, 78,
    77, 78, 78, 74, 78, 76, 78, 78, 80, 78, 80, 80, 76, 78, 75, 75, 75,
    75, 80, 77, 81, 78, 78, 81, 80, 78, 81, 79, 77, 79, 79, 79, 80, 81,
    78, 80, 80, 79, 81, 80, 81, 81, 81, 80, 77, 80, 76, 80, 76, 76, 78,
    81 ]
