%YAML:1.0
---
videoName: "headShake22.mp4"
gestureLabel: 201
fps: 29
pixelSizeInCmTemp: 3.2364864864864862e-01
faceCenterPointX: 241
faceCenterPointY: 79
headPositionsX: [ 239, 242, 243, 241, 242, 241, 245, 242, 243, 243, 244,
    242, 241, 242, 240, 243, 242, 242, 241, 244, 241, 245, 240, 244, 241,
    242, 241, 240, 243, 244, 244, 243, 241, 241, 241, 245, 242, 241, 241,
    245, 244, 242, 241, 242, 242, 243, 244, 242, 242, 244, 240, 241, 241,
    243, 244, 242, 241, 245, 242, 242, 243, 240, 242, 241, 242, 238, 241,
    241, 243, 250, 253, 255, 254, 253, 254, 250, 245, 242, 240, 239, 239,
    240, 241, 243, 244, 245, 248, 246, 244, 241, 239, 241, 242, 239, 238,
    239, 242, 242, 238, 243 ]
headPositionsY: [ 81, 76, 75, 76, 76, 73, 78, 78, 78, 76, 75, 74, 78, 74,
    78, 77, 78, 75, 77, 79, 77, 78, 76, 77, 77, 77, 76, 75, 78, 76, 77,
    77, 77, 77, 78, 78, 78, 78, 75, 76, 79, 76, 75, 79, 78, 76, 79, 77,
    78, 76, 77, 74, 75, 78, 76, 77, 77, 77, 77, 75, 79, 76, 77, 75, 75,
    73, 75, 76, 75, 75, 76, 77, 75, 73, 75, 74, 78, 77, 78, 75, 75, 76,
    76, 77, 79, 78, 80, 79, 77, 76, 78, 78, 80, 78, 78, 80, 78, 77, 76,
    80 ]
