%YAML:1.0
---
videoName: "headShake38.mp4"
gestureLabel: 201
fps: 29
pixelSizeInCmTemp: 3.2808219178082193e-01
faceCenterPointX: 259
faceCenterPointY: 84
headPositionsX: [ 261, 264, 262, 265, 265, 262, 262, 265, 263, 264, 263,
    262, 265, 263, 261, 264, 263, 265, 264, 261, 266, 263, 263, 260, 262,
    262, 264, 261, 262, 260, 263, 264, 261, 261, 264, 261, 261, 265, 265,
    263, 261, 263, 257, 258, 253, 248, 248, 249, 246, 254, 257, 266, 271,
    275, 279, 273, 267, 264, 252, 250, 250, 248, 252, 259, 269, 270, 274,
    267, 265, 258, 255, 247, 245, 247, 248, 253, 257, 266, 265, 269, 271,
    271, 265, 264, 266, 265, 261, 261, 262, 259, 260, 261, 262, 262, 260,
    260, 259, 260, 261, 260 ]
headPositionsY: [ 86, 82, 81, 82, 81, 81, 85, 84, 86, 80, 81, 85, 82, 81,
    83, 84, 84, 85, 85, 85, 84, 82, 84, 85, 83, 82, 81, 81, 83, 82, 83,
    82, 85, 84, 83, 83, 83, 84, 83, 85, 84, 82, 86, 84, 84, 82, 81, 84,
    83, 84, 85, 83, 81, 82, 85, 81, 85, 83, 82, 84, 85, 80, 81, 82, 83,
    81, 85, 84, 85, 84, 82, 84, 86, 81, 82, 85, 84, 86, 85, 81, 83, 84,
    86, 87, 87, 85, 85, 85, 85, 83, 84, 83, 84, 85, 83, 86, 86, 83, 85,
    85 ]
