%YAML:1.0
---
videoName: "headShake19.mp4"
gestureLabel: 201
fps: 29
pixelSizeInCmTemp: 3.1933333333333330e-01
faceCenterPointX: 243
faceCenterPointY: 78
headPositionsX: [ 242, 241, 245, 244, 242, 243, 240, 243, 241, 244, 245,
    245, 241, 241, 241, 241, 243, 241, 241, 241, 241, 241, 242, 244, 241,
    243, 240, 244, 243, 245, 240, 243, 242, 240, 242, 241, 238, 236, 233,
    235, 233, 234, 239, 242, 247, 251, 258, 255, 259, 252, 250, 244, 239,
    233, 233, 229, 232, 233, 238, 243, 243, 245, 246, 247, 246, 244, 239,
    240, 238, 238, 234, 235, 238, 241, 240, 245, 245, 247, 247, 247, 244,
    244, 240, 244, 240, 242, 238, 242, 242, 241, 241, 242, 240, 242, 243,
    243, 242, 241, 243, 245 ]
headPositionsY: [ 78, 75, 74, 75, 77, 75, 77, 74, 76, 78, 78, 76, 77, 75,
    79, 74, 77, 76, 77, 76, 76, 75, 74, 78, 77, 79, 75, 74, 79, 77, 78,
    76, 76, 79, 77, 78, 77, 77, 77, 75, 76, 77, 79, 78, 76, 77, 76, 77,
    75, 76, 77, 76, 75, 75, 76, 74, 74, 77, 77, 79, 77, 76, 75, 78, 78,
    80, 76, 75, 75, 78, 79, 77, 77, 75, 77, 77, 78, 80, 79, 78, 78, 76,
    77, 78, 76, 80, 78, 80, 76, 76, 76, 78, 79, 77, 76, 78, 79, 80, 78,
    79 ]
