%YAML:1.0
---
videoName: "headShake20.mp4"
gestureLabel: 201
fps: 29
pixelSizeInCmTemp: 3.3263888888888887e-01
faceCenterPointX: 242
faceCenterPointY: 78
headPositionsX: [ 243, 244, 245, 246, 243, 243, 245, 241, 243, 245, 244,
    245, 246, 244, 240, 243, 241, 246, 245, 243, 244, 242, 244, 243, 241,
    244, 242, 244, 243, 243, 241, 241, 244, 242, 241, 243, 244, 241, 244,
    243, 246, 250, 256, 256, 260, 258, 258, 255, 249, 245, 235, 236, 231,
    231, 229, 235, 238, 246, 246, 252, 252, 251, 250, 248, 243, 240, 237,
    231, 233, 234, 237, 240, 240, 243, 246, 245, 246, 247, 243, 243, 238,
    241, 240, 241, 239, 242, 244, 242, 241, 246, 245, 246, 242, 244, 241,
    245, 243, 241, 243, 239 ]
headPositionsY: [ 80, 78, 76, 76, 75, 78, 76, 77, 78, 78, 77, 75, 75, 79,
    74, 76, 78, 77, 75, 78, 78, 77, 74, 78, 75, 74, 74, 74, 74, 77, 75,
    75, 78, 78, 76, 75, 76, 74, 79, 76, 78, 75, 76, 76, 73, 76, 76, 77,
    79, 77, 76, 78, 76, 76, 73, 76, 76, 76, 75, 73, 73, 77, 77, 76, 76,
    74, 78, 75, 76, 75, 78, 75, 79, 75, 78, 75, 77, 77, 75, 76, 76, 79,
    78, 79, 77, 76, 77, 76, 79, 80, 77, 77, 78, 79, 75, 77, 79, 79, 78,
    78 ]
