%YAML:1.0
---
videoName: "headShake34.mp4"
gestureLabel: 201
fps: 29
pixelSizeInCmTemp: 3.2364864864864862e-01
faceCenterPointX: 263
faceCenterPointY: 83
headPositionsX: [ 263, 262, 262, 267, 263, 263, 262, 263, 261, 264, 266,
    265, 266, 264, 263, 264, 263, 262, 262, 263, 265, 262, 265, 264, 266,
    263, 264, 264, 266, 264, 261, 262, 265, 262, 266, 265, 263, 269, 266,
    271, 269, 272, 275, 278, 274, 278, 280, 276, 277, 275, 271, 267, 262,
    259, 254, 251, 252, 252, 253, 256, 260, 261, 267, 267, 269, 271, 270,
    268, 267, 262, 260, 253, 256, 256, 253, 256, 259, 259, 261, 263, 266,
    265, 267, 266, 265, 264, 263, 266, 263, 267, 263, 265, 264, 265, 264,
    264, 262, 265, 264, 262 ]
headPositionsY: [ 81, 83, 81, 83, 80, 84, 80, 83, 82, 83, 84, 84, 84, 82,
    85, 81, 80, 82, 82, 83, 83, 82, 84, 82, 82, 82, 84, 82, 86, 83, 85,
    85, 83, 82, 85, 85, 82, 82, 83, 82, 84, 82, 84, 83, 83, 82, 84, 80,
    79, 82, 83, 86, 82, 84, 79, 79, 83, 80, 83, 83, 83, 84, 83, 83, 83,
    81, 85, 84, 86, 85, 82, 80, 82, 83, 85, 85, 84, 82, 83, 85, 82, 82,
    81, 83, 85, 86, 81, 81, 81, 84, 81, 81, 84, 85, 82, 84, 84, 84, 85,
    84 ]
