%YAML:1.0
---
videoName: "headShake5.mp4"
gestureLabel: 201
fps: 30
pixelSizeInCmTemp: 3.3263888888888887e-01
faceCenterPointX: 275
faceCenterPointY: 73
headPositionsX: [ 276, 277, 276, 275, 280, 278, 277, 279, 277, 279, 276,
    278, 279, 279, 276, 278, 277, 279, 277, 279, 277, 276, 276, 275, 279,
    278, 278, 277, 276, 276, 277, 278, 277, 281, 280, 285, 287, 292, 293,
    294, 294, 295, 292, 285, 278, 271, 267, 266, 261, 266, 269, 274, 283,
    288, 288, 288, 286, 286, 281, 276, 267, 261, 261, 263, 265, 271, 277,
    281, 283, 284, 284, 281, 279, 278, 271, 273, 268, 268, 267, 268, 271,
    273, 275, 279, 278, 282, 284, 282, 279, 283, 279, 281, 275, 277, 275,
    274, 276, 276, 274, 274 ]
headPositionsY: [ 71, 74, 75, 73, 72, 75, 76, 71, 74, 73, 72, 75, 73, 75,
    76, 71, 74, 75, 71, 74, 71, 72, 73, 74, 76, 72, 74, 72, 72, 72, 72,
    72, 72, 73, 75, 75, 72, 70, 72, 73, 72, 72, 74, 71, 72, 74, 73, 73,
    71, 75, 72, 75, 73, 72, 71, 72, 72, 72, 77, 74, 78, 74, 72, 75, 73,
    72, 75, 76, 74, 74, 74, 75, 75, 75, 75, 75, 72, 73, 74, 73, 73, 71,
    71, 74, 71, 74, 74, 73, 71, 74, 71, 71, 72, 72, 74, 73, 75, 71, 72,
    72 ]
