%YAML:1.0
---
videoName: "headShake46.mp4"
gestureLabel: 201
fps: 30
pixelSizeInCmTemp: 3.2364864864864862e-01
faceCenterPointX: 262
faceCenterPointY: 85
headPositionsX: [ 260, 260, 259, 260, 262, 259, 260, 260, 259, 262, 260,
    263, 259, 258, 262, 260, 261, 262, 259, 260, 262, 262, 263, 260, 262,
    257, 259, 258, 261, 260, 266, 265, 270, 277, 277, 277, 278, 271, 266,
    261, 256, 252, 249, 252, 255, 264, 268, 268, 269, 266, 265, 257, 256,
    252, 257, 257, 265, 268, 270, 269, 265, 263, 258, 257, 255, 259, 261,
    268, 268, 269, 270, 265, 264, 261, 261, 260, 262, 262, 262, 263, 263,
    262, 263, 261, 261, 259, 259, 260, 258, 263, 259, 259, 258, 263, 259,
    261, 259, 261, 259, 258 ]
headPositionsY: [ 87, 84, 82, 86, 84, 82, 85, 85, 83, 83, 85, 84, 82, 86,
    85, 85, 86, 84, 82, 84, 83, 82, 85, 85, 85, 85, 84, 82, 83, 85, 84,
    85, 83, 80, 84, 80, 81, 85, 84, 82, 83, 82, 87, 84, 86, 83, 87, 82,
    85, 83, 85, 86, 84, 85, 84, 83, 85, 86, 86, 86, 87, 85, 84, 84, 86,
    85, 83, 85, 85, 84, 85, 83, 83, 84, 83, 86, 86, 82, 86, 83, 83, 87,
    82, 84, 85, 86, 85, 85, 86, 83, 86, 85, 83, 84, 83, 83, 85, 85, 84,
    83 ]
