%YAML:1.0
---
videoName: "headShake16.mp4"
gestureLabel: 201
fps: 29
pixelSizeInCmTemp: 3.2364864864864862e-01
faceCenterPointX: 242
faceCenterPointY: 77
headPositionsX: [ 242, 241, 242, 243, 244, 242, 245, 244, 244, 241, 243,
    242, 245, 242, 243, 242, 245, 244, 242, 245, 244, 242, 244, 245, 241,
    245, 244, 241, 244, 245, 241, 243, 242, 243, 239, 242, 243, 244, 248,
    248, 253, 251, 253, 254, 252, 250, 249, 246, 242, 236, 238, 235, 237,
    236, 239, 243, 243, 249, 249, 249, 249, 247, 247, 241, 240, 240, 235,
    237, 232, 233, 237, 235, 237, 241, 242, 244, 243, 243, 246, 244, 242,
    243, 241, 240, 240, 240, 238, 239, 239, 239, 240, 242, 240, 240, 244,
    244, 244, 242, 241, 245 ]
headPositionsY: [ 79, 74, 78, 77, 73, 76, 75, 77, 74, 74, 74, 78, 78, 77,
    75, 77, 73, 78, 76, 74, 77, 76, 77, 75, 76, 74, 76, 77, 73, 77, 74,
    76, 76, 75, 76, 77, 75, 76, 78, 76, 75, 74, 74, 73, 74, 74, 78, 77,
    76, 77, 78, 79, 74, 78, 77, 77, 78, 78, 75, 76, 75, 77, 79, 76, 79,
    77, 78, 74, 76, 75, 77, 79, 74, 78, 78, 77, 76, 78, 77, 75, 76, 75,
    76, 79, 76, 78, 77, 77, 77, 79, 73, 78, 78, 76, 78, 78, 78, 75, 78,
    76 ]
