%YAML:1.0
---
videoName: "headShake34.mp4"
gestureLabel: 201
fps: 29
pixelSizeInCmTemp: 3.2364864864864862e-01
faceCenterPointX: 263
faceCenterPointY: 83
headPositionsX: [ 261, 264, 266, 263, 261, 264, 262, 266, 263, 262, 265,
    266, 262, 262, 266, 262, 266, 264, 264, 266, 266, 263, 265, 266, 263,
    262, 263, 262, 265, 265, 262, 265, 265, 265, 264, 265, 263, 265, 270,
    268, 271, 273, 273, 278, 277, 280, 277, 275, 276, 276, 271, 270, 264,
    261, 256, 252, 253, 255, 254, 254, 258, 262, 264, 267, 272, 271, 269,
    267, 266, 259, 256, 254, 256, 255, 256, 258, 256, 260, 263, 265, 265,
    266, 268, 265, 263, 265, 264, 264, 263, 266, 266, 262, 266, 261, 265,
    261, 264, 263, 263, 265 ]
headPositionsY: [ 82, 83, 84, 81, 84, 83, 82, 83, 81, 82, 82, 82, 81, 84,
    85, 81, 81, 81, 82, 84, 85, 81, 83, 84, 84, 80, 82, 83, 84, 85, 82,
    85, 84, 82, 83, 81, 81, 81, 84, 85, 82, 82, 80, 83, 82, 83, 80, 81,
    82, 84, 80, 83, 82, 82, 80, 80, 82, 83, 80, 82, 84, 81, 83, 82, 81,
    82, 81, 81, 84, 81, 83, 80, 84, 83, 85, 81, 83, 81, 84, 84, 81, 86,
    85, 85, 82, 83, 84, 82, 81, 86, 82, 83, 86, 84, 82, 83, 82, 81, 85,
    83 ]
