%YAML:1.0
---
videoName: "headShake26.mp4"
gestureLabel: 201
fps: 30
pixelSizeInCmTemp: 3.2808219178082193e-01
faceCenterPointX: 243
faceCenterPointY: 78
headPositionsX: [ 242, 241, 242, 242, 238, 242, 242, 243, 246, 246, 250,
    252, 249, 249, 249, 254, 253, 250, 245, 245, 241, 237, 235, 235, 231,
    231, 229, 228, 229, 231, 231, 236, 237, 243, 244, 245, 251, 252, 251,
    252, 254, 253, 251, 247, 247, 243, 240, 237, 235, 230, 230, 231, 230,
    230, 229, 236, 237, 239, 244, 247, 250, 252, 252, 253, 253, 252, 249,
    248, 247, 245, 244, 243, 239, 241, 240, 238, 235, 235, 234, 238, 235,
    236, 236, 237, 242, 239, 239, 242, 244, 241, 247, 245, 246, 244, 245,
    244, 245, 245, 244, 245 ]
headPositionsY: [ 79, 79, 76, 79, 74, 78, 77, 76, 78, 75, 79, 78, 75, 78,
    78, 80, 77, 76, 77, 80, 77, 79, 77, 75, 79, 75, 74, 78, 77, 79, 77,
    76, 78, 77, 78, 77, 77, 75, 78, 76, 78, 76, 78, 79, 77, 78, 77, 77,
    78, 77, 77, 74, 77, 79, 78, 79, 77, 78, 77, 78, 77, 77, 78, 79, 76,
    76, 78, 76, 81, 80, 81, 79, 76, 81, 81, 77, 77, 78, 79, 78, 77, 78,
    77, 79, 76, 79, 81, 76, 79, 78, 79, 80, 78, 79, 78, 79, 80, 80, 78,
    77 ]
