%YAML:1.0
---
videoName: "headShake26.mp4"
gestureLabel: 201
fps: 30
pixelSizeInCmTemp: 3.2808219178082193e-01
faceCenterPointX: 243
faceCenterPointY: 78
headPositionsX: [ 242, 242, 239, 239, 240, 244, 243, 246, 247, 250, 249,
    252, 252, 250, 253, 251, 250, 248, 245, 247, 241, 236, 237, 235, 231,
    229, 227, 228, 229, 230, 233, 233, 240, 242, 246, 247, 248, 249, 254,
    251, 254, 252, 248, 250, 247, 243, 238, 236, 233, 231, 227, 227, 228,
    228, 230, 234, 236, 241, 241, 248, 250, 251, 254, 253, 252, 250, 251,
    252, 247, 245, 245, 245, 239, 242, 236, 236, 238, 235, 236, 236, 235,
    239, 239, 240, 239, 243, 240, 240, 242, 244, 244, 245, 243, 244, 245,
    244, 242, 246, 244, 241 ]
headPositionsY: [ 80, 76, 75, 79, 76, 77, 78, 75, 79, 76, 78, 80, 77, 75,
    78, 80, 77, 80, 76, 80, 81, 76, 76, 78, 76, 75, 78, 74, 78, 76, 75,
    77, 77, 79, 77, 77, 79, 78, 74, 77, 79, 77, 79, 77, 76, 78, 80, 76,
    79, 78, 74, 75, 75, 76, 77, 79, 80, 77, 78, 78, 77, 76, 78, 79, 76,
    78, 78, 80, 80, 78, 77, 79, 76, 77, 79, 81, 80, 77, 78, 79, 80, 78,
    78, 78, 80, 76, 78, 77, 81, 79, 80, 81, 78, 81, 78, 77, 79, 76, 79,
    80 ]
