%YAML:1.0
---
videoName: "headShake32.mp4"
gestureLabel: 201
fps: 29
pixelSizeInCmTemp: 3.2808219178082193e-01
faceCenterPointX: 237
faceCenterPointY: 77
headPositionsX: [ 235, 234, 236, 236, 237, 236, 235, 239, 239, 240, 238,
    238, 240, 240, 241, 238, 242, 241, 240, 242, 242, 242, 241, 240, 239,
    239, 239, 239, 240, 238, 240, 238, 240, 239, 241, 238, 240, 238, 240,
    242, 244, 243, 245, 250, 249, 251, 251, 253, 251, 248, 251, 248, 248,
    245, 243, 240, 238, 233, 235, 231, 229, 227, 225, 227, 227, 227, 226,
    231, 231, 233, 234, 236, 239, 243, 245, 248, 247, 250, 249, 248, 250,
    248, 244, 243, 242, 243, 241, 242, 238, 240, 240, 239, 235, 239, 240,
    238, 236, 235, 239, 238 ]
headPositionsY: [ 76, 72, 73, 71, 76, 73, 73, 71, 75, 75, 73, 75, 71, 72,
    71, 73, 74, 72, 75, 75, 76, 72, 75, 75, 74, 76, 76, 76, 76, 75, 72,
    74, 76, 74, 76, 75, 73, 75, 74, 76, 75, 72, 74, 73, 74, 75, 72, 74,
    71, 75, 72, 73, 76, 78, 74, 76, 75, 78, 73, 75, 78, 75, 76, 78, 78,
    76, 77, 75, 77, 76, 76, 74, 76, 75, 73, 74, 77, 76, 74, 75, 75, 76,
    76, 79, 77, 77, 77, 76, 76, 76, 78, 76, 79, 79, 80, 76, 77, 76, 76,
    79 ]
