%YAML:1.0
---
videoName: "headShake1.mp4"
gestureLabel: 201
fps: 29
pixelSizeInCmTemp: 3.3263888888888887e-01
faceCenterPointX: 279
faceCenterPointY: 98
headPositionsX: [ 279, 277, 278, 278, 279, 281, 278, 281, 278, 278, 279,
    277, 278, 279, 279, 282, 279, 281, 278, 278, 279, 281, 278, 277, 277,
    278, 280, 282, 283, 283, 283, 289, 288, 293, 292, 294, 290, 287, 288,
    284, 278, 274, 270, 268, 267, 272, 269, 277, 282, 283, 287, 289, 291,
    293, 289, 287, 283, 277, 275, 269, 268, 266, 270, 270, 273, 277, 281,
    288, 292, 294, 290, 289, 291, 290, 282, 282, 278, 276, 272, 273, 267,
    270, 271, 272, 274, 274, 273, 277, 276, 278, 277, 280, 280, 280, 281,
    281, 278, 278, 280, 279 ]
headPositionsY: [ 98, 95, 97, 98, 98, 99, 99, 96, 99, 99, 96, 95, 97, 97,
    94, 99, 97, 97, 97, 96, 98, 96, 96, 95, 100, 97, 95, 95, 97, 94, 98,
    96, 96, 94, 97, 97, 93, 96, 95, 99, 98, 97, 97, 97, 94, 95, 97, 96,
    98, 94, 94, 93, 98, 97, 93, 97, 98, 97, 96, 96, 96, 98, 97, 94, 97,
    96, 96, 93, 98, 96, 96, 96, 98, 97, 98, 96, 97, 95, 95, 99, 95, 95,
    96, 99, 97, 100, 95, 97, 95, 95, 98, 95, 100, 100, 97, 97, 97, 97,
    98, 99 ]
