%YAML:1.0
---
videoName: "headShake49.mp4"
gestureLabel: 201
fps: 30
pixelSizeInCmTemp: 2.8855421686746985e-01
faceCenterPointX: 259
faceCenterPointY: 84
headPositionsX: [ 258, 261, 261, 261, 261, 260, 260, 260, 260, 259, 263,
    261, 260, 262, 261, 260, 261, 260, 260, 262, 260, 260, 260, 262, 262,
    261, 260, 259, 261, 262, 259, 259, 264, 267, 266, 272, 276, 278, 281,
    282, 280, 278, 269, 266, 261, 253, 249, 250, 252, 255, 261, 268, 273,
    272, 272, 265, 261, 257, 253, 248, 245, 249, 258, 262, 264, 268, 268,
    266, 266, 262, 256, 253, 256, 256, 257, 263, 265, 269, 272, 268, 265,
    264, 259, 257, 260, 255, 258, 260, 261, 258, 257, 262, 258, 259, 258,
    256, 256, 261, 258, 260 ]
headPositionsY: [ 85, 79, 79, 80, 82, 83, 81, 80, 80, 81, 81, 80, 82, 79,
    78, 79, 82, 79, 80, 80, 78, 80, 78, 79, 80, 78, 80, 82, 79, 82, 82,
    79, 80, 80, 83, 83, 80, 82, 81, 81, 82, 80, 84, 82, 86, 82, 83, 84,
    81, 86, 84, 85, 86, 85, 83, 84, 82, 85, 86, 86, 82, 82, 84, 84, 84,
    83, 84, 84, 87, 85, 86, 85, 85, 86, 83, 82, 84, 85, 82, 87, 84, 84,
    85, 84, 86, 83, 84, 85, 86, 87, 86, 86, 86, 86, 82, 82, 87, 83, 84,
    87 ]
