%YAML:1.0
---
videoName: "headShake45.mp4"
gestureLabel: 201
fps: 30
pixelSizeInCmTemp: 3.3263888888888887e-01
faceCenterPointX: 262
faceCenterPointY: 84
headPositionsX: [ 260, 261, 262, 264, 260, 261, 262, 262, 261, 262, 263,
    263, 264, 263, 261, 261, 263, 265, 260, 262, 264, 260, 262, 261, 263,
    260, 261, 262, 260, 263, 262, 262, 261, 260, 263, 261, 261, 258, 258,
    258, 255, 259, 257, 266, 269, 273, 277, 284, 282, 276, 271, 265, 261,
    254, 252, 252, 257, 262, 267, 272, 276, 273, 274, 266, 265, 259, 254,
    253, 257, 261, 263, 268, 273, 269, 269, 267, 265, 261, 256, 256, 258,
    258, 258, 261, 262, 265, 265, 261, 258, 257, 259, 261, 262, 262, 262,
    265, 264, 260, 261, 261 ]
headPositionsY: [ 84, 79, 84, 83, 81, 81, 80, 82, 83, 81, 80, 81, 84, 83,
    83, 83, 83, 81, 84, 84, 81, 79, 82, 83, 81, 84, 80, 81, 84, 83, 80,
    82, 81, 81, 84, 81, 85, 82, 80, 81, 80, 82, 80, 83, 84, 79, 79, 80,
    82, 82, 81, 83, 82, 83, 82, 85, 84, 82, 84, 82, 80, 84, 83, 81, 82,
    84, 82, 83, 84, 80, 85, 80, 83, 79, 80, 81, 83, 85, 84, 84, 81, 83,
    83, 84, 82, 82, 81, 82, 82, 81, 82, 83, 83, 82, 81, 85, 83, 84, 85,
    85 ]
