%YAML:1.0
---
videoName: "headShake8.mp4"
gestureLabel: 201
fps: 29
pixelSizeInCmTemp: 3.2364864864864862e-01
faceCenterPointX: 243
faceCenterPointY: 72
headPositionsX: [ 244, 244, 242, 242, 243, 245, 244, 245, 242, 244, 244,
    246, 245, 246, 244, 243, 242, 241, 244, 246, 246, 242, 242, 244, 242,
    246, 241, 241, 244, 244, 240, 242, 243, 245, 248, 249, 250, 258, 263,
    264, 265, 267, 263, 262, 258, 250, 246, 238, 237, 232, 230, 231, 232,
    237, 245, 250, 254, 258, 261, 257, 259, 256, 253, 248, 243, 239, 234,
    235, 235, 236, 234, 238, 239, 239, 243, 247, 248, 245, 251, 249, 249,
    250, 251, 249, 247, 248, 246, 248, 247, 246, 244, 244, 246, 245, 244,
    245, 243, 243, 242, 242 ]
headPositionsY: [ 73, 71, 70, 72, 74, 73, 73, 74, 70, 72, 73, 74, 74, 70,
    73, 71, 70, 73, 69, 73, 72, 72, 73, 74, 69, 73, 69, 72, 73, 70, 70,
    71, 70, 70, 74, 73, 68, 68, 68, 69, 68, 68, 71, 71, 73, 71, 70, 69,
    71, 73, 70, 69, 73, 71, 70, 71, 71, 68, 68, 68, 69, 68, 71, 73, 72,
    73, 73, 73, 73, 71, 70, 74, 74, 72, 72, 73, 73, 73, 72, 71, 72, 72,
    73, 73, 70, 71, 72, 70, 71, 71, 71, 69, 70, 72, 74, 72, 72, 71, 70,
    74 ]
