%YAML:1.0
---
videoName: "headShake23.mp4"
gestureLabel: 201
fps: 29
pixelSizeInCmTemp: 3.2808219178082193e-01
faceCenterPointX: 240
faceCenterPointY: 77
headPositionsX: [ 241, 240, 240, 240, 240, 245, 240, 240, 242, 241, 240,
    242, 239, 241, 243, 241, 239, 240, 239, 239, 242, 243, 242, 247, 248,
    251, 253, 253, 253, 257, 253, 254, 255, 250, 246, 243, 240, 239, 237,
    229, 230, 231, 230, 229, 230, 232, 229, 232, 235, 240, 243, 244, 247,
    248, 249, 253, 251, 252, 251, 249, 252, 251, 245, 243, 242, 240, 238,
    239, 236, 235, 233, 232, 232, 232, 235, 234, 236, 237, 239, 238, 238,
    242, 241, 242, 244, 243, 244, 242, 243, 246, 243, 247, 245, 243, 245,
    244, 242, 244, 241, 243 ]
headPositionsY: [ 75, 77, 77, 76, 76, 77, 76, 75, 79, 78, 78, 76, 77, 80,
    78, 78, 78, 76, 78, 75, 78, 75, 78, 79, 79, 78, 75, 77, 77, 77, 77,
    75, 77, 78, 77, 76, 77, 79, 77, 75, 74, 77, 77, 76, 79, 79, 76, 79,
    80, 79, 78, 77, 77, 75, 76, 77, 77, 78, 74, 75, 79, 79, 79, 77, 78,
    78, 77, 79, 78, 77, 79, 78, 79, 77, 79, 75, 80, 80, 79, 78, 76, 78,
    76, 79, 76, 75, 79, 77, 76, 79, 76, 80, 79, 78, 76, 76, 77, 77, 75,
    79 ]
