%YAML:1.0
---
videoName: "headShake13.mp4"
gestureLabel: 201
fps: 29
pixelSizeInCmTemp: 3.2364864864864862e-01
faceCenterPointX: 241
faceCenterPointY: 77
headPositionsX: [ 240, 242, 240, 242, 241, 242, 244, 239, 239, 242, 240,
    243, 243, 241, 242, 239, 241, 244, 240, 241, 239, 243, 242, 243, 240,
    242, 240, 239, 239, 240, 241, 237, 238, 240, 242, 247, 253, 257, 257,
    262, 263, 260, 257, 256, 249, 241, 238, 234, 229, 229, 231, 234, 238,
    239, 244, 248, 251, 248, 247, 246, 245, 240, 239, 232, 230, 232, 233,
    234, 240, 241, 245, 248, 249, 254, 250, 252, 246, 246, 240, 236, 234,
    235, 232, 233, 236, 234, 236, 241, 241, 244, 244, 244, 246, 246, 242,
    246, 242, 240, 241, 239 ]
headPositionsY: [ 78, 77, 78, 75, 78, 78, 75, 77, 78, 77, 78, 76, 74, 77,
    76, 76, 74, 77, 77, 78, 76, 78, 74, 78, 76, 74, 77, 74, 77, 77, 75,
    74, 78, 77, 75, 76, 76, 75, 76, 72, 74, 76, 75, 74, 78, 74, 76, 75,
    77, 78, 78, 76, 77, 79, 75, 78, 75, 76, 78, 78, 78, 76, 76, 75, 78,
    77, 76, 75, 77, 78, 75, 78, 77, 74, 74, 77, 79, 76, 74, 79, 78, 77,
    74, 75, 75, 78, 77, 76, 76, 77, 78, 77, 74, 76, 75, 76, 78, 76, 75,
    74 ]
