%YAML:1.0
---
videoName: "headShake31.mp4"
gestureLabel: 201
fps: 29
pixelSizeInCmTemp: 3.2808219178082193e-01
faceCenterPointX: 236
faceCenterPointY: 68
headPositionsX: [ 234, 236, 235, 236, 239, 239, 238, 236, 239, 237, 238,
    237, 238, 238, 237, 238, 238, 235, 238, 238, 237, 236, 236, 236, 237,
    239, 236, 238, 235, 237, 235, 235, 235, 238, 235, 237, 237, 237, 241,
    245, 250, 252, 253, 254, 253, 252, 247, 238, 231, 225, 221, 224, 224,
    222, 229, 231, 241, 242, 246, 248, 246, 241, 241, 236, 233, 232, 230,
    230, 231, 231, 233, 234, 238, 240, 240, 240, 241, 244, 242, 240, 239,
    234, 237, 237, 235, 234, 232, 234, 235, 235, 234, 235, 234, 234, 235,
    235, 237, 237, 235, 236 ]
headPositionsY: [ 68, 64, 67, 68, 66, 68, 68, 70, 67, 69, 67, 66, 66, 67,
    65, 68, 67, 66, 67, 67, 69, 70, 65, 68, 66, 66, 65, 66, 68, 69, 66,
    66, 69, 70, 66, 66, 67, 66, 66, 68, 68, 68, 64, 66, 66, 67, 68, 66,
    69, 67, 65, 66, 67, 71, 72, 68, 68, 70, 68, 70, 71, 67, 69, 69, 67,
    68, 70, 68, 70, 68, 69, 70, 71, 68, 69, 66, 68, 71, 70, 67, 70, 70,
    67, 67, 70, 67, 67, 69, 69, 70, 66, 71, 68, 69, 70, 70, 71, 67, 69,
    70 ]
