%YAML:1.0
---
videoName: "headShake27.mp4"
gestureLabel: 201
fps: 29
pixelSizeInCmTemp: 3.3263888888888887e-01
faceCenterPointX: 244
faceCenterPointY: 78
headPositionsX: [ 242, 244, 248, 249, 251, 251, 254, 252, 255, 256, 256,
    258, 256, 256, 253, 250, 249, 248, 245, 242, 241, 240, 235, 237, 235,
    235, 231, 232, 233, 232, 231, 233, 234, 236, 237, 238, 242, 242, 243,
    248, 250, 246, 249, 248, 250, 249, 250, 250, 249, 249, 247, 243, 241,
    239, 238, 236, 233, 235, 234, 235, 233, 233, 236, 235, 235, 238, 238,
    237, 240, 242, 243, 243, 245, 244, 250, 245, 250, 250, 246, 249, 248,
    245, 248, 248, 248, 248, 245, 248, 245, 244, 245, 245, 244, 242, 244,
    245, 242, 246, 245, 244 ]
headPositionsY: [ 78, 78, 79, 78, 75, 76, 78, 74, 78, 74, 75, 77, 77, 78,
    77, 80, 80, 80, 78, 76, 81, 78, 78, 78, 77, 77, 80, 80, 78, 80, 80,
    79, 77, 76, 77, 78, 77, 80, 80, 79, 78, 78, 82, 77, 81, 78, 79, 81,
    79, 79, 82, 81, 81, 82, 77, 78, 77, 78, 80, 80, 78, 79, 80, 78, 77,
    77, 79, 78, 78, 79, 78, 79, 78, 81, 77, 78, 81, 82, 81, 78, 77, 81,
    78, 78, 79, 80, 81, 79, 78, 78, 78, 79, 80, 80, 78, 78, 79, 81, 79,
    81 ]
