%YAML:1.0
---
videoName: "headShake5.mp4"
gestureLabel: 201
fps: 30
pixelSizeInCmTemp: 3.3263888888888887e-01
faceCenterPointX: 275
faceCenterPointY: 73
headPositionsX: [ 274, 277, 276, 278, 278, 277, 279, 280, 279, 276, 277,
    277, 277, 276, 280, 278, 276, 279, 279, 276, 276, 280, 278, 275, 277,
    278, 277, 279, 276, 276, 276, 278, 280, 280, 281, 284, 291, 291, 297,
    294, 296, 295, 290, 287, 277, 272, 265, 262, 263, 263, 269, 272, 280,
    288, 288, 290, 289, 286, 279, 276, 269, 262, 262, 263, 266, 269, 276,
    281, 281, 284, 284, 284, 282, 278, 273, 269, 268, 269, 269, 269, 268,
    271, 272, 280, 278, 282, 284, 284, 282, 283, 282, 279, 279, 274, 274,
    275, 277, 276, 276, 275 ]
headPositionsY: [ 75, 73, 72, 72, 75, 71, 74, 73, 75, 74, 72, 72, 74, 73,
    76, 74, 73, 72, 73, 75, 73, 75, 72, 73, 73, 73, 74, 71, 76, 72, 74,
    75, 71, 71, 75, 71, 73, 70, 74, 74, 74, 72, 70, 75, 76, 73, 71, 75,
    72, 73, 73, 72, 73, 76, 75, 71, 76, 74, 74, 75, 76, 73, 73, 74, 74,
    76, 75, 74, 71, 73, 72, 73, 73, 74, 75, 74, 76, 73, 71, 72, 73, 72,
    74, 74, 73, 71, 72, 70, 73, 71, 70, 74, 71, 74, 72, 75, 73, 71, 75,
    75 ]
