%YAML:1.0
---
videoName: "headShake18.mp4"
gestureLabel: 201
fps: 30
pixelSizeInCmTemp: 3.2808219178082193e-01
faceCenterPointX: 240
faceCenterPointY: 77
headPositionsX: [ 241, 240, 242, 243, 242, 243, 243, 243, 240, 240, 240,
    240, 243, 243, 241, 242, 240, 242, 242, 241, 240, 243, 239, 242, 239,
    242, 241, 239, 239, 242, 240, 238, 237, 241, 237, 244, 243, 246, 251,
    249, 251, 250, 252, 250, 249, 242, 240, 236, 231, 227, 229, 233, 237,
    239, 243, 247, 250, 251, 246, 247, 243, 240, 240, 236, 234, 232, 234,
    234, 239, 238, 245, 245, 243, 245, 245, 243, 239, 237, 238, 236, 236,
    236, 235, 240, 237, 240, 240, 244, 240, 241, 240, 240, 240, 241, 241,
    239, 240, 242, 240, 242 ]
headPositionsY: [ 79, 73, 76, 78, 77, 74, 75, 74, 77, 75, 75, 77, 77, 76,
    74, 78, 78, 74, 75, 78, 77, 78, 77, 74, 76, 78, 73, 75, 78, 76, 79,
    74, 75, 77, 76, 78, 78, 76, 74, 74, 75, 76, 77, 74, 75, 79, 75, 79,
    77, 75, 75, 75, 75, 75, 77, 78, 74, 77, 76, 79, 76, 75, 78, 76, 76,
    77, 79, 74, 75, 78, 76, 78, 76, 75, 77, 75, 77, 78, 77, 78, 76, 75,
    75, 79, 77, 78, 75, 77, 79, 80, 79, 75, 78, 77, 76, 77, 77, 78, 78,
    78 ]
