%YAML:1.0
---
videoName: "headShake18.mp4"
gestureLabel: 201
fps: 30
pixelSizeInCmTemp: 3.2808219178082193e-01
faceCenterPointX: 240
faceCenterPointY: 77
headPositionsX: [ 242, 241, 242, 242, 242, 242, 243, 242, 243, 243, 239,
    240, 240, 239, 239, 242, 242, 242, 241, 242, 243, 240, 241, 241, 240,
    241, 239, 241, 240, 242, 240, 237, 240, 241, 237, 242, 242, 248, 251,
    250, 253, 251, 250, 251, 247, 243, 239, 233, 232, 228, 232, 229, 238,
    238, 240, 245, 250, 249, 249, 245, 244, 238, 240, 235, 234, 236, 237,
    234, 236, 238, 245, 245, 246, 247, 246, 243, 239, 235, 239, 234, 235,
    236, 236, 238, 240, 242, 243, 241, 241, 241, 240, 240, 244, 238, 242,
    239, 239, 242, 238, 241 ]
headPositionsY: [ 79, 76, 75, 74, 76, 74, 73, 77, 73, 77, 77, 77, 77, 74,
    78, 74, 74, 78, 74, 75, 77, 75, 78, 74, 74, 76, 73, 77, 77, 78, 79,
    74, 75, 77, 75, 77, 76, 75, 74, 78, 75, 77, 75, 76, 76, 76, 75, 76,
    79, 76, 75, 78, 75, 79, 77, 78, 75, 77, 78, 75, 74, 74, 78, 76, 77,
    76, 75, 75, 75, 79, 75, 76, 78, 75, 76, 78, 77, 76, 78, 74, 79, 77,
    77, 77, 75, 79, 77, 80, 79, 79, 77, 78, 79, 76, 75, 75, 79, 79, 76,
    77 ]
