%YAML:1.0
---
videoName: "headShake33.mp4"
gestureLabel: 201
fps: 29
pixelSizeInCmTemp: 3.2364864864864862e-01
faceCenterPointX: 244
faceCenterPointY: 84
headPositionsX: [ 245, 246, 246, 243, 245, 247, 247, 245, 244, 243, 247,
    246, 245, 246, 244, 244, 246, 244, 246, 247, 246, 247, 247, 251, 250,
    254, 255, 259, 262, 260, 263, 264, 261, 259, 261, 256, 255, 251, 244,
    241, 235, 237, 230, 230, 227, 227, 225, 226, 230, 232, 232, 237, 240,
    245, 249, 251, 258, 260, 258, 258, 258, 260, 256, 256, 252, 249, 249,
    244, 243, 240, 238, 234, 231, 229, 231, 234, 231, 234, 235, 234, 240,
    237, 239, 242, 242, 247, 243, 247, 248, 247, 246, 248, 245, 246, 247,
    246, 243, 245, 244, 244 ]
headPositionsY: [ 86, 83, 82, 85, 84, 82, 82, 82, 85, 80, 81, 83, 81, 81,
    85, 81, 81, 85, 84, 81, 84, 82, 83, 81, 84, 81, 82, 80, 81, 81, 80,
    79, 83, 81, 82, 84, 82, 84, 80, 85, 80, 83, 84, 83, 81, 81, 80, 82,
    82, 83, 81, 85, 83, 82, 84, 81, 80, 81, 82, 78, 83, 80, 83, 83, 82,
    86, 81, 81, 84, 82, 85, 85, 80, 84, 84, 83, 84, 85, 81, 84, 85, 85,
    81, 84, 85, 85, 84, 82, 84, 85, 85, 86, 81, 83, 84, 85, 80, 83, 84,
    82 ]
