%YAML:1.0
---
videoName: "headShake19.mp4"
gestureLabel: 201
fps: 29
pixelSizeInCmTemp: 3.1933333333333330e-01
faceCenterPointX: 243
faceCenterPointY: 78
headPositionsX: [ 245, 243, 242, 244, 242, 241, 240, 244, 244, 240, 246,
    245, 242, 244, 243, 244, 241, 242, 245, 241, 240, 240, 242, 245, 243,
    244, 243, 240, 241, 244, 241, 243, 241, 240, 241, 240, 240, 238, 236,
    235, 231, 234, 237, 241, 247, 254, 257, 255, 255, 255, 251, 243, 239,
    233, 230, 233, 231, 234, 236, 241, 246, 249, 248, 248, 245, 243, 243,
    237, 239, 235, 234, 239, 236, 238, 242, 243, 243, 244, 246, 243, 243,
    242, 241, 240, 242, 243, 240, 239, 239, 241, 242, 244, 241, 241, 244,
    241, 244, 242, 245, 242 ]
headPositionsY: [ 77, 77, 75, 75, 75, 76, 76, 76, 78, 77, 79, 77, 76, 76,
    79, 76, 76, 74, 76, 76, 77, 79, 78, 78, 79, 78, 77, 74, 75, 78, 75,
    77, 77, 76, 76, 78, 79, 76, 78, 78, 75, 77, 78, 76, 77, 77, 75, 74,
    75, 75, 78, 78, 77, 76, 78, 77, 75, 78, 75, 79, 76, 75, 77, 74, 79,
    78, 76, 76, 75, 79, 76, 77, 79, 78, 78, 75, 79, 78, 79, 80, 76, 77,
    77, 76, 76, 80, 77, 81, 78, 77, 76, 80, 79, 78, 80, 76, 78, 76, 77,
    80 ]
