%YAML:1.0
---
videoName: "headShake25.mp4"
gestureLabel: 201
fps: 30
pixelSizeInCmTemp: 3.2364864864864862e-01
faceCenterPointX: 241
faceCenterPointY: 79
headPositionsX: [ 241, 255, 254, 253, 252, 251, 249, 248, 248, 242, 240,
    236, 238, 232, 230, 232, 231, 229, 227, 229, 230, 232, 233, 236, 239,
    241, 245, 244, 246, 251, 250, 249, 251, 249, 248, 246, 243, 239, 238,
    234, 235, 230, 230, 229, 229, 231, 230, 234, 232, 236, 237, 242, 242,
    244, 246, 249, 248, 250, 253, 249, 249, 249, 246, 246, 243, 243, 241,
    237, 236, 235, 233, 233, 235, 235, 234, 234, 236, 236, 237, 239, 238,
    241, 241, 243, 242, 243, 243, 243, 242, 240, 244, 244, 244, 241, 239,
    243, 242, 238, 240, 242 ]
headPositionsY: [ 77, 75, 79, 78, 76, 75, 79, 80, 80, 78, 76, 75, 80, 77,
    77, 80, 78, 78, 77, 76, 78, 80, 77, 76, 78, 77, 79, 76, 80, 80, 79,
    80, 80, 81, 77, 81, 79, 76, 78, 79, 76, 77, 77, 78, 78, 77, 80, 79,
    80, 81, 77, 76, 80, 78, 77, 81, 81, 76, 77, 77, 79, 77, 79, 77, 78,
    76, 78, 76, 78, 80, 77, 78, 78, 80, 76, 78, 77, 78, 77, 79, 78, 76,
    78, 79, 81, 79, 78, 78, 79, 80, 81, 78, 81, 77, 77, 77, 80, 81, 81,
    80 ]
