%YAML:1.0
---
videoName: "headShake24.mp4"
gestureLabel: 201
fps: 29
pixelSizeInCmTemp: 3.2808219178082193e-01
faceCenterPointX: 240
faceCenterPointY: 78
headPositionsX: [ 240, 253, 251, 254, 255, 256, 252, 252, 255, 250, 249,
    249, 243, 243, 240, 235, 235, 234, 233, 232, 230, 229, 232, 234, 230,
    236, 234, 239, 243, 243, 246, 245, 248, 252, 248, 251, 252, 249, 249,
    248, 246, 245, 242, 241, 239, 235, 237, 235, 235, 233, 235, 236, 236,
    234, 236, 240, 243, 241, 246, 245, 247, 247, 248, 247, 246, 248, 249,
    248, 247, 247, 242, 244, 244, 243, 242, 239, 240, 239, 238, 238, 236,
    241, 239, 242, 237, 237, 237, 238, 242, 240, 241, 242, 240, 240, 241,
    238, 238, 242, 240, 242 ]
headPositionsY: [ 76, 78, 77, 73, 74, 76, 75, 73, 79, 77, 75, 79, 78, 80,
    78, 76, 78, 78, 76, 76, 75, 79, 80, 79, 75, 80, 77, 76, 78, 77, 77,
    79, 79, 76, 76, 81, 79, 76, 76, 79, 78, 78, 80, 76, 77, 76, 79, 76,
    79, 75, 80, 77, 75, 76, 75, 77, 79, 77, 78, 76, 77, 80, 76, 78, 77,
    78, 77, 75, 75, 76, 77, 77, 78, 75, 77, 78, 80, 78, 77, 78, 79, 79,
    79, 77, 76, 79, 78, 79, 78, 79, 76, 80, 78, 76, 78, 75, 79, 80, 78,
    76 ]
