%YAML:1.0
---
videoName: "headShake19.mp4"
gestureLabel: 201
fps: 29
pixelSizeInCmTemp: 3.1933333333333330e-01
faceCenterPointX: 243
faceCenterPointY: 78
headPositionsX: [ 243, 243, 245, 245, 242, 242, 243, 242, 243, 240, 244,
    243, 245, 241, 243, 243, 244, 242, 245, 243, 240, 242, 242, 245, 243,
    243, 242, 244, 245, 244, 243, 241, 241, 242, 244, 239, 241, 237, 236,
    233, 233, 235, 240, 244, 249, 251, 257, 255, 255, 255, 248, 243, 239,
    232, 233, 232, 234, 232, 239, 243, 244, 246, 248, 246, 248, 242, 240,
    239, 238, 235, 238, 235, 235, 237, 242, 243, 245, 246, 243, 244, 244,
    244, 243, 244, 243, 240, 242, 240, 239, 242, 239, 241, 241, 240, 244,
    243, 244, 243, 244, 241 ]
headPositionsY: [ 79, 78, 74, 78, 75, 78, 74, 75, 76, 75, 78, 79, 74, 78,
    78, 78, 79, 76, 76, 76, 78, 75, 76, 77, 78, 76, 75, 78, 78, 75, 78,
    79, 78, 75, 77, 76, 79, 76, 78, 77, 78, 74, 76, 76, 79, 77, 76, 77,
    75, 78, 75, 78, 74, 75, 75, 75, 75, 76, 79, 78, 75, 79, 76, 77, 77,
    78, 78, 78, 78, 77, 76, 79, 77, 75, 75, 76, 76, 79, 78, 76, 77, 77,
    75, 79, 78, 79, 76, 77, 77, 79, 78, 77, 79, 79, 77, 80, 80, 80, 77,
    78 ]
