%YAML:1.0
---
videoName: "headShake30.mp4"
gestureLabel: 201
fps: 29
pixelSizeInCmTemp: 3.2808219178082193e-01
faceCenterPointX: 240
faceCenterPointY: 68
headPositionsX: [ 238, 232, 232, 235, 230, 231, 235, 233, 236, 233, 235,
    234, 235, 240, 239, 242, 241, 241, 243, 244, 243, 243, 243, 242, 242,
    242, 243, 245, 242, 239, 239, 239, 241, 239, 237, 239, 239, 238, 241,
    245, 251, 253, 258, 258, 261, 258, 258, 255, 249, 242, 236, 232, 228,
    224, 222, 223, 231, 235, 242, 245, 249, 254, 251, 253, 244, 244, 238,
    234, 226, 227, 226, 229, 230, 239, 240, 246, 249, 250, 251, 249, 246,
    242, 243, 240, 237, 235, 238, 239, 235, 237, 241, 239, 242, 241, 238,
    240, 242, 242, 241, 240 ]
headPositionsY: [ 67, 53, 58, 59, 59, 59, 60, 60, 60, 65, 62, 65, 65, 63,
    67, 64, 65, 64, 68, 64, 67, 66, 67, 65, 65, 63, 66, 67, 67, 63, 66,
    63, 68, 64, 66, 65, 65, 67, 68, 67, 63, 66, 65, 65, 66, 63, 67, 66,
    64, 68, 69, 67, 65, 68, 70, 68, 69, 70, 70, 67, 67, 68, 64, 69, 69,
    69, 66, 70, 70, 70, 69, 70, 68, 70, 67, 69, 64, 67, 68, 67, 67, 69,
    67, 69, 67, 68, 67, 66, 65, 68, 66, 69, 69, 69, 70, 66, 66, 66, 68,
    67 ]
