%YAML:1.0
---
videoName: "headShake15.mp4"
gestureLabel: 201
fps: 29
pixelSizeInCmTemp: 3.3263888888888887e-01
faceCenterPointX: 243
faceCenterPointY: 76
headPositionsX: [ 244, 245, 241, 243, 243, 245, 244, 245, 241, 242, 245,
    245, 245, 245, 241, 241, 245, 245, 245, 241, 243, 244, 245, 244, 242,
    242, 240, 245, 242, 244, 243, 243, 244, 245, 245, 241, 241, 244, 244,
    242, 245, 241, 245, 244, 241, 244, 245, 240, 245, 245, 241, 245, 241,
    243, 241, 243, 242, 245, 242, 241, 241, 242, 245, 249, 252, 253, 255,
    260, 256, 256, 257, 251, 252, 247, 244, 240, 236, 236, 239, 239, 242,
    245, 244, 246, 248, 244, 246, 245, 247, 245, 244, 241, 243, 242, 242,
    243, 243, 245, 240, 242 ]
headPositionsY: [ 76, 76, 74, 75, 76, 75, 73, 77, 76, 77, 74, 76, 75, 78,
    72, 74, 72, 75, 76, 76, 77, 76, 78, 73, 76, 76, 75, 75, 73, 75, 73,
    76, 76, 72, 73, 76, 78, 77, 73, 74, 77, 75, 73, 76, 76, 76, 74, 74,
    74, 75, 78, 74, 74, 76, 76, 74, 76, 77, 74, 75, 78, 77, 77, 77, 76,
    76, 71, 74, 75, 74, 75, 74, 76, 74, 77, 75, 77, 76, 76, 78, 74, 77,
    76, 79, 75, 77, 80, 74, 76, 76, 74, 77, 77, 78, 79, 77, 77, 76, 76,
    77 ]
