%YAML:1.0
---
videoName: "headShake2.mp4"
gestureLabel: 201
fps: 29
pixelSizeInCmTemp: 3.4214285714285714e-01
faceCenterPointX: 276
faceCenterPointY: 98
headPositionsX: [ 275, 280, 276, 276, 279, 277, 279, 279, 278, 277, 277,
    275, 278, 276, 279, 275, 279, 275, 277, 276, 279, 275, 276, 279, 279,
    275, 278, 278, 280, 277, 279, 277, 275, 277, 278, 277, 276, 277, 278,
    275, 275, 280, 280, 284, 285, 288, 291, 294, 292, 292, 291, 289, 281,
    277, 275, 267, 265, 264, 265, 267, 274, 276, 282, 286, 289, 291, 290,
    284, 282, 280, 275, 269, 266, 267, 269, 273, 277, 277, 285, 284, 288,
    287, 284, 285, 283, 283, 279, 279, 275, 274, 275, 275, 276, 276, 273,
    274, 276, 277, 274, 277 ]
headPositionsY: [ 100, 99, 98, 100, 96, 98, 98, 97, 98, 97, 96, 98, 100,
    100, 100, 99, 97, 101, 97, 97, 100, 97, 98, 96, 101, 98, 97, 98, 102,
    98, 100, 101, 96, 97, 99, 102, 98, 99, 98, 98, 96, 96, 98, 95, 96,
    95, 97, 96, 96, 99, 96, 97, 100, 98, 98, 98, 96, 99, 99, 96, 100, 99,
    99, 99, 96, 96, 97, 99, 96, 96, 99, 98, 97, 98, 100, 98, 97, 99, 96,
    100, 96, 98, 99, 97, 98, 100, 100, 97, 99, 101, 99, 97, 98, 99, 99,
    98, 96, 100, 99, 102 ]
