%YAML:1.0
---
videoName: "headShake23.mp4"
gestureLabel: 201
fps: 29
pixelSizeInCmTemp: 3.2808219178082193e-01
faceCenterPointX: 240
faceCenterPointY: 77
headPositionsX: [ 238, 240, 240, 244, 243, 244, 243, 241, 239, 242, 243,
    239, 243, 244, 239, 239, 242, 242, 237, 237, 241, 243, 242, 247, 248,
    251, 250, 256, 254, 255, 251, 253, 252, 250, 248, 247, 240, 238, 234,
    233, 232, 229, 231, 228, 230, 229, 232, 231, 237, 237, 243, 246, 245,
    251, 252, 252, 254, 253, 250, 251, 252, 248, 249, 242, 243, 240, 240,
    238, 234, 234, 237, 236, 235, 236, 234, 233, 233, 237, 237, 238, 237,
    240, 242, 241, 241, 244, 244, 242, 244, 243, 246, 247, 246, 245, 244,
    242, 242, 244, 242, 241 ]
headPositionsY: [ 78, 75, 76, 77, 75, 76, 75, 79, 75, 76, 77, 77, 75, 78,
    76, 75, 75, 76, 75, 78, 78, 78, 75, 79, 76, 74, 76, 78, 78, 76, 78,
    74, 76, 75, 76, 77, 79, 75, 77, 74, 75, 75, 76, 74, 78, 79, 79, 79,
    78, 80, 76, 77, 75, 76, 75, 76, 78, 76, 74, 77, 77, 79, 81, 77, 78,
    81, 77, 79, 80, 76, 77, 77, 79, 76, 78, 79, 80, 76, 79, 79, 77, 78,
    75, 79, 77, 78, 75, 78, 76, 78, 77, 78, 76, 75, 76, 76, 75, 77, 76,
    76 ]
