%YAML:1.0
---
videoName: "headShake1.mp4"
gestureLabel: 201
fps: 29
pixelSizeInCmTemp: 3.3263888888888887e-01
faceCenterPointX: 279
faceCenterPointY: 98
headPositionsX: [ 277, 281, 279, 277, 280, 278, 278, 279, 280, 281, 278,
    281, 278, 277, 279, 278, 279, 280, 279, 281, 278, 279, 279, 281, 277,
    280, 279, 282, 281, 285, 287, 289, 291, 292, 293, 291, 291, 286, 288,
    284, 280, 273, 270, 270, 268, 272, 270, 274, 280, 284, 289, 290, 291,
    292, 291, 289, 282, 279, 275, 270, 270, 265, 266, 270, 274, 278, 281,
    287, 292, 290, 292, 290, 292, 287, 286, 282, 277, 276, 272, 273, 268,
    273, 270, 272, 275, 275, 275, 276, 277, 279, 279, 278, 280, 280, 282,
    278, 281, 282, 280, 277 ]
headPositionsY: [ 100, 98, 99, 98, 96, 97, 96, 97, 96, 99, 96, 99, 99,
    99, 97, 98, 99, 96, 95, 96, 96, 98, 95, 98, 96, 99, 97, 97, 95, 95,
    96, 96, 97, 98, 96, 93, 96, 95, 97, 96, 98, 97, 97, 99, 97, 98, 93,
    96, 97, 95, 94, 94, 94, 95, 96, 95, 97, 98, 95, 97, 97, 96, 94, 96,
    97, 98, 99, 94, 96, 97, 96, 97, 94, 97, 96, 97, 97, 95, 97, 97, 94,
    98, 98, 95, 99, 100, 98, 100, 98, 97, 98, 97, 98, 100, 97, 96, 98,
    101, 98, 100 ]
