%YAML:1.0
---
videoName: "headShake9.mp4"
gestureLabel: 201
fps: 30
pixelSizeInCmTemp: 3.2808219178082193e-01
faceCenterPointX: 243
faceCenterPointY: 73
headPositionsX: [ 242, 244, 241, 240, 244, 241, 246, 243, 245, 243, 245,
    244, 240, 243, 242, 241, 242, 241, 241, 243, 240, 245, 243, 241, 244,
    245, 244, 243, 244, 245, 243, 242, 243, 244, 244, 241, 241, 242, 241,
    246, 245, 251, 253, 256, 262, 263, 263, 263, 261, 256, 252, 249, 242,
    237, 231, 232, 229, 230, 233, 237, 240, 249, 254, 256, 259, 259, 264,
    257, 253, 248, 242, 237, 236, 232, 230, 228, 228, 234, 235, 239, 243,
    250, 249, 253, 250, 251, 251, 250, 247, 248, 245, 247, 247, 246, 242,
    244, 245, 244, 244, 242 ]
headPositionsY: [ 75, 73, 70, 74, 70, 74, 70, 72, 70, 72, 72, 74, 74, 73,
    71, 73, 74, 72, 72, 74, 73, 74, 73, 73, 74, 75, 74, 72, 72, 73, 72,
    73, 72, 74, 71, 74, 73, 70, 73, 71, 72, 72, 71, 72, 70, 72, 67, 71,
    70, 73, 73, 75, 73, 75, 73, 73, 70, 71, 73, 71, 74, 70, 69, 69, 68,
    72, 69, 71, 71, 73, 73, 71, 74, 71, 73, 69, 71, 71, 72, 72, 71, 75,
    72, 70, 73, 74, 71, 71, 72, 72, 72, 75, 74, 71, 72, 73, 72, 74, 76,
    75 ]
