%YAML:1.0
---
videoName: "headShake30.mp4"
gestureLabel: 201
fps: 29
pixelSizeInCmTemp: 3.2808219178082193e-01
faceCenterPointX: 240
faceCenterPointY: 68
headPositionsX: [ 240, 235, 231, 234, 233, 232, 232, 231, 236, 234, 234,
    235, 237, 237, 239, 241, 242, 241, 245, 241, 246, 243, 243, 243, 246,
    241, 243, 243, 243, 243, 242, 240, 240, 241, 240, 239, 238, 242, 241,
    249, 248, 252, 256, 259, 259, 261, 260, 254, 252, 245, 240, 231, 228,
    226, 222, 227, 228, 233, 238, 244, 248, 251, 253, 249, 245, 244, 237,
    230, 230, 226, 230, 228, 232, 237, 244, 244, 250, 252, 251, 250, 249,
    242, 242, 239, 238, 234, 235, 237, 236, 241, 239, 238, 241, 242, 242,
    239, 242, 238, 239, 241 ]
headPositionsY: [ 67, 54, 55, 57, 57, 61, 59, 57, 61, 63, 62, 63, 63, 66,
    64, 67, 67, 64, 68, 67, 66, 63, 66, 64, 67, 65, 65, 68, 66, 66, 63,
    66, 65, 68, 64, 64, 64, 64, 66, 68, 67, 63, 65, 67, 63, 64, 65, 68,
    64, 67, 68, 67, 67, 67, 70, 70, 70, 70, 69, 68, 68, 64, 68, 67, 67,
    71, 70, 66, 69, 69, 70, 71, 69, 67, 68, 66, 65, 68, 67, 64, 67, 67,
    67, 69, 65, 65, 68, 68, 67, 68, 68, 70, 67, 67, 67, 68, 68, 69, 71,
    68 ]
