%YAML:1.0
---
videoName: "headShake4.mp4"
gestureLabel: 201
fps: 30
pixelSizeInCmTemp: 3.2364864864864862e-01
faceCenterPointX: 237
faceCenterPointY: 101
headPositionsX: [ 239, 244, 243, 250, 251, 256, 253, 255, 254, 250, 245,
    238, 231, 225, 223, 222, 226, 230, 235, 241, 246, 249, 252, 249, 250,
    246, 240, 235, 230, 226, 225, 226, 226, 227, 233, 241, 244, 251, 254,
    258, 253, 252, 249, 244, 238, 230, 227, 226, 223, 225, 228, 228, 235,
    239, 243, 247, 248, 247, 248, 246, 249, 243, 242, 238, 232, 230, 230,
    229, 230, 233, 233, 233, 233, 235, 239, 242, 241, 243, 240, 240, 243,
    241, 239, 241, 237, 236, 236, 237, 238, 237, 237, 235, 238, 238, 238,
    237, 235, 235, 235, 236 ]
headPositionsY: [ 103, 98, 96, 98, 101, 100, 98, 99, 97, 101, 101, 102,
    98, 97, 97, 96, 99, 100, 98, 101, 96, 100, 96, 97, 99, 101, 99, 100,
    97, 96, 98, 98, 97, 99, 100, 98, 101, 99, 98, 99, 98, 99, 100, 101,
    101, 100, 100, 100, 101, 98, 100, 98, 101, 102, 103, 100, 98, 101,
    100, 101, 101, 101, 102, 100, 100, 98, 102, 99, 98, 100, 102, 100,
    101, 102, 99, 101, 102, 102, 102, 101, 101, 101, 100, 99, 102, 103,
    98, 99, 98, 101, 99, 99, 101, 99, 99, 99, 99, 102, 98, 102 ]
