%YAML:1.0
---
videoName: "headShake33.mp4"
gestureLabel: 201
fps: 29
pixelSizeInCmTemp: 3.2364864864864862e-01
faceCenterPointX: 244
faceCenterPointY: 84
headPositionsX: [ 242, 245, 245, 245, 243, 244, 248, 245, 243, 243, 246,
    242, 246, 243, 244, 243, 243, 246, 243, 247, 246, 247, 250, 252, 251,
    255, 255, 261, 261, 263, 261, 262, 262, 259, 259, 258, 253, 248, 246,
    239, 235, 237, 234, 230, 226, 225, 227, 225, 226, 232, 232, 237, 242,
    245, 248, 252, 256, 257, 256, 258, 259, 258, 256, 258, 253, 249, 245,
    245, 241, 239, 237, 233, 230, 231, 231, 231, 230, 232, 235, 235, 240,
    239, 240, 240, 246, 245, 243, 248, 249, 245, 249, 248, 244, 244, 245,
    243, 242, 245, 244, 243 ]
headPositionsY: [ 85, 81, 82, 82, 81, 85, 83, 80, 82, 83, 85, 80, 83, 80,
    84, 84, 83, 82, 85, 84, 83, 81, 81, 81, 83, 80, 80, 83, 81, 79, 79,
    83, 81, 84, 82, 81, 84, 84, 80, 84, 80, 83, 82, 84, 83, 84, 82, 83,
    83, 81, 81, 81, 84, 85, 84, 83, 82, 79, 81, 82, 83, 80, 81, 81, 81,
    82, 83, 84, 83, 85, 84, 84, 82, 81, 83, 84, 84, 85, 84, 84, 85, 84,
    85, 82, 84, 81, 83, 85, 85, 85, 82, 84, 84, 81, 81, 84, 80, 83, 82,
    85 ]
