%YAML:1.0
---
videoName: "headShake48.mp4"
gestureLabel: 201
fps: 29
pixelSizeInCmTemp: 3.1103896103896100e-01
faceCenterPointX: 258
faceCenterPointY: 85
headPositionsX: [ 257, 260, 260, 258, 257, 260, 261, 257, 259, 260, 260,
    262, 260, 262, 259, 258, 258, 259, 260, 258, 262, 260, 258, 259, 261,
    260, 256, 258, 258, 257, 260, 261, 259, 258, 261, 264, 267, 271, 270,
    274, 277, 273, 272, 265, 260, 255, 252, 248, 244, 246, 255, 257, 265,
    267, 268, 269, 262, 258, 254, 251, 251, 252, 250, 256, 259, 267, 267,
    267, 266, 264, 256, 254, 249, 247, 248, 251, 254, 263, 263, 265, 266,
    263, 265, 264, 264, 259, 261, 259, 257, 260, 257, 260, 256, 256, 259,
    261, 261, 259, 259, 257 ]
headPositionsY: [ 85, 78, 78, 80, 78, 78, 80, 78, 80, 81, 79, 82, 79, 79,
    81, 78, 81, 81, 81, 82, 79, 82, 80, 83, 81, 80, 83, 82, 82, 84, 80,
    82, 81, 82, 82, 83, 84, 79, 83, 83, 84, 85, 85, 87, 83, 85, 81, 85,
    84, 83, 82, 85, 87, 84, 83, 84, 84, 86, 87, 85, 85, 86, 86, 87, 87,
    87, 83, 84, 86, 85, 88, 89, 87, 86, 85, 85, 88, 84, 85, 86, 87, 84,
    85, 86, 86, 84, 84, 87, 88, 85, 87, 86, 86, 87, 85, 83, 85, 84, 84,
    87 ]
