%YAML:1.0
---
videoName: "headShake9.mp4"
gestureLabel: 201
fps: 30
pixelSizeInCmTemp: 3.2808219178082193e-01
faceCenterPointX: 243
faceCenterPointY: 73
headPositionsX: [ 244, 244, 245, 243, 244, 241, 243, 244, 244, 242, 245,
    245, 241, 244, 241, 244, 241, 243, 243, 244, 240, 241, 241, 241, 245,
    243, 244, 244, 243, 242, 241, 245, 241, 244, 241, 245, 244, 241, 244,
    244, 249, 248, 253, 257, 260, 261, 266, 264, 262, 256, 254, 250, 242,
    236, 232, 232, 230, 231, 234, 236, 240, 247, 253, 255, 263, 261, 262,
    260, 253, 248, 246, 236, 232, 232, 229, 227, 229, 231, 235, 242, 246,
    248, 252, 251, 253, 251, 252, 248, 248, 248, 248, 246, 245, 243, 245,
    242, 243, 245, 244, 245 ]
headPositionsY: [ 73, 70, 71, 70, 72, 70, 74, 70, 72, 73, 73, 73, 71, 72,
    71, 75, 71, 72, 73, 75, 74, 71, 73, 72, 73, 72, 74, 73, 72, 71, 74,
    70, 74, 70, 72, 70, 72, 74, 72, 73, 74, 70, 69, 70, 69, 70, 70, 69,
    73, 70, 75, 72, 73, 71, 73, 74, 72, 72, 71, 74, 75, 74, 73, 70, 67,
    68, 70, 69, 74, 71, 72, 74, 72, 74, 75, 70, 70, 70, 71, 75, 74, 71,
    71, 70, 72, 73, 71, 74, 73, 74, 72, 75, 74, 75, 74, 73, 73, 72, 73,
    71 ]
