%YAML:1.0
---
videoName: "headShake30.mp4"
gestureLabel: 201
fps: 29
pixelSizeInCmTemp: 3.2808219178082193e-01
faceCenterPointX: 240
faceCenterPointY: 68
headPositionsX: [ 241, 234, 234, 235, 230, 232, 233, 230, 234, 235, 235,
    237, 239, 236, 238, 242, 243, 240, 242, 242, 243, 241, 241, 245, 243,
    244, 244, 244, 242, 239, 238, 241, 240, 240, 239, 240, 239, 242, 245,
    245, 251, 256, 255, 257, 260, 261, 260, 254, 249, 243, 236, 232, 229,
    226, 225, 224, 230, 234, 240, 246, 251, 254, 253, 249, 244, 244, 238,
    232, 230, 228, 230, 228, 230, 235, 242, 246, 247, 251, 253, 249, 247,
    243, 241, 236, 239, 237, 237, 236, 236, 239, 237, 238, 240, 243, 238,
    239, 238, 240, 238, 239 ]
headPositionsY: [ 70, 54, 54, 56, 56, 61, 59, 57, 63, 61, 65, 63, 66, 66,
    67, 63, 67, 63, 68, 67, 64, 64, 64, 64, 67, 64, 67, 67, 68, 66, 63,
    67, 66, 66, 67, 66, 66, 65, 65, 66, 63, 67, 64, 63, 64, 64, 67, 68,
    68, 69, 66, 68, 65, 67, 68, 69, 68, 69, 69, 68, 69, 68, 65, 70, 69,
    68, 67, 69, 67, 68, 71, 68, 68, 66, 70, 65, 67, 64, 68, 68, 64, 66,
    65, 69, 68, 65, 68, 69, 65, 65, 69, 70, 66, 70, 68, 68, 69, 67, 68,
    66 ]
