%YAML:1.0
---
videoName: "headShake49.mp4"
gestureLabel: 201
fps: 30
pixelSizeInCmTemp: 2.8855421686746985e-01
faceCenterPointX: 259
faceCenterPointY: 84
headPositionsX: [ 259, 263, 262, 260, 262, 262, 260, 260, 263, 258, 263,
    259, 262, 261, 258, 261, 259, 261, 263, 259, 262, 261, 260, 260, 259,
    259, 259, 260, 262, 261, 262, 262, 261, 264, 266, 273, 274, 281, 281,
    284, 283, 279, 273, 264, 260, 254, 250, 250, 248, 254, 262, 266, 272,
    274, 274, 266, 262, 254, 253, 247, 247, 249, 256, 259, 266, 272, 270,
    268, 263, 259, 256, 255, 252, 254, 258, 262, 268, 269, 269, 268, 268,
    265, 259, 257, 260, 256, 257, 258, 258, 261, 257, 259, 259, 261, 259,
    259, 256, 259, 260, 257 ]
headPositionsY: [ 83, 82, 82, 79, 82, 79, 79, 80, 81, 78, 81, 78, 81, 80,
    79, 80, 82, 83, 83, 80, 82, 81, 79, 81, 78, 80, 82, 83, 80, 80, 83,
    83, 80, 79, 84, 80, 78, 79, 78, 78, 82, 82, 82, 86, 86, 81, 85, 82,
    83, 86, 84, 83, 85, 81, 85, 86, 86, 85, 84, 85, 84, 85, 86, 84, 87,
    85, 86, 86, 84, 86, 87, 82, 87, 82, 83, 85, 82, 82, 82, 87, 85, 87,
    87, 82, 85, 86, 84, 83, 82, 85, 85, 86, 83, 85, 84, 83, 86, 86, 86,
    83 ]
