%YAML:1.0
---
videoName: "headShake43.mp4"
gestureLabel: 201
fps: 29
pixelSizeInCmTemp: 3.2808219178082193e-01
faceCenterPointX: 257
faceCenterPointY: 84
headPositionsX: [ 255, 259, 260, 258, 261, 260, 262, 261, 262, 259, 260,
    258, 261, 261, 261, 260, 260, 259, 261, 258, 259, 260, 263, 262, 262,
    263, 262, 264, 267, 269, 274, 273, 278, 279, 278, 283, 279, 277, 276,
    274, 268, 268, 262, 258, 254, 248, 246, 242, 243, 245, 250, 254, 254,
    261, 265, 271, 270, 273, 274, 273, 270, 266, 260, 255, 251, 245, 243,
    241, 240, 245, 247, 249, 253, 261, 263, 267, 269, 269, 269, 266, 267,
    268, 267, 264, 265, 260, 261, 260, 257, 259, 256, 256, 259, 256, 255,
    258, 255, 257, 257, 255 ]
headPositionsY: [ 82, 87, 86, 83, 85, 84, 83, 87, 85, 86, 84, 86, 83, 87,
    87, 84, 87, 83, 85, 83, 87, 87, 88, 86, 84, 85, 86, 86, 87, 83, 85,
    85, 84, 81, 83, 80, 85, 84, 84, 81, 86, 85, 85, 87, 85, 86, 81, 83,
    82, 84, 85, 85, 82, 83, 82, 81, 85, 80, 81, 84, 84, 85, 83, 86, 85,
    81, 83, 83, 84, 82, 82, 86, 86, 87, 86, 82, 81, 81, 86, 84, 85, 82,
    83, 85, 82, 85, 82, 83, 84, 84, 83, 85, 85, 85, 86, 82, 83, 81, 83,
    81 ]
