%YAML:1.0
---
videoName: "headShake26.mp4"
gestureLabel: 201
fps: 30
pixelSizeInCmTemp: 3.2808219178082193e-01
faceCenterPointX: 243
faceCenterPointY: 78
headPositionsX: [ 241, 241, 241, 242, 242, 242, 246, 244, 246, 250, 251,
    251, 252, 250, 251, 253, 250, 248, 246, 245, 243, 237, 234, 233, 230,
    229, 228, 231, 228, 229, 232, 234, 239, 243, 245, 246, 250, 251, 250,
    254, 252, 249, 249, 248, 246, 242, 240, 234, 232, 232, 227, 230, 230,
    232, 231, 232, 235, 239, 244, 245, 250, 250, 252, 251, 252, 254, 252,
    252, 248, 249, 246, 245, 239, 239, 236, 239, 237, 235, 235, 236, 236,
    238, 238, 237, 242, 239, 239, 242, 245, 245, 244, 242, 245, 245, 243,
    243, 242, 246, 245, 242 ]
headPositionsY: [ 78, 75, 77, 76, 74, 76, 80, 78, 78, 79, 78, 79, 75, 75,
    76, 79, 78, 76, 79, 80, 78, 76, 76, 79, 77, 75, 77, 75, 77, 76, 77,
    75, 75, 77, 79, 77, 77, 76, 74, 77, 76, 77, 76, 79, 77, 79, 80, 75,
    75, 79, 78, 73, 75, 75, 76, 79, 78, 80, 76, 76, 78, 78, 77, 75, 78,
    74, 80, 78, 80, 79, 80, 77, 79, 80, 78, 78, 78, 78, 80, 76, 78, 80,
    78, 77, 80, 80, 80, 76, 79, 81, 80, 77, 81, 79, 76, 80, 78, 78, 78,
    81 ]
