%YAML:1.0
---
videoName: "headShake42.mp4"
gestureLabel: 201
fps: 29
pixelSizeInCmTemp: 3.2808219178082193e-01
faceCenterPointX: 257
faceCenterPointY: 85
headPositionsX: [ 258, 275, 276, 275, 276, 278, 277, 278, 274, 272, 274,
    270, 266, 262, 258, 256, 250, 251, 245, 246, 243, 241, 241, 241, 244,
    244, 246, 252, 255, 261, 265, 266, 271, 278, 276, 281, 276, 280, 280,
    277, 275, 271, 267, 263, 261, 257, 256, 251, 252, 251, 247, 243, 247,
    247, 244, 248, 248, 250, 253, 255, 258, 260, 263, 267, 267, 269, 268,
    270, 267, 270, 266, 267, 265, 264, 266, 261, 262, 261, 258, 259, 257,
    258, 256, 257, 258, 256, 256, 255, 255, 256, 256, 254, 255, 259, 255,
    257, 256, 259, 256, 255 ]
headPositionsY: [ 84, 85, 81, 82, 82, 79, 84, 80, 83, 81, 80, 84, 86, 85,
    85, 84, 85, 83, 85, 83, 86, 85, 83, 84, 84, 85, 85, 87, 83, 83, 83,
    85, 85, 80, 85, 82, 84, 84, 81, 85, 82, 86, 85, 85, 89, 87, 87, 84,
    86, 86, 87, 85, 84, 84, 83, 85, 84, 86, 85, 88, 87, 83, 88, 84, 86,
    86, 87, 83, 83, 85, 84, 84, 88, 88, 87, 88, 84, 86, 88, 85, 84, 87,
    87, 86, 83, 86, 85, 86, 83, 84, 85, 85, 86, 87, 86, 87, 87, 86, 85,
    86 ]
