%YAML:1.0
---
videoName: "headShake7.mp4"
gestureLabel: 201
fps: 29
pixelSizeInCmTemp: 3.3263888888888887e-01
faceCenterPointX: 244
faceCenterPointY: 72
headPositionsX: [ 242, 244, 243, 244, 244, 245, 241, 245, 241, 244, 243,
    249, 253, 254, 254, 255, 262, 258, 256, 257, 252, 248, 242, 236, 235,
    235, 235, 242, 248, 252, 258, 259, 258, 257, 253, 249, 245, 236, 232,
    231, 227, 229, 231, 234, 239, 246, 252, 253, 253, 254, 255, 247, 244,
    240, 236, 232, 232, 230, 228, 234, 238, 244, 248, 250, 257, 258, 260,
    257, 252, 251, 249, 245, 239, 234, 234, 232, 234, 233, 236, 240, 238,
    240, 243, 244, 243, 247, 248, 246, 248, 248, 249, 244, 245, 245, 246,
    245, 245, 243, 245, 244 ]
headPositionsY: [ 74, 71, 69, 70, 73, 73, 69, 73, 70, 70, 73, 72, 70, 70,
    71, 69, 66, 68, 68, 68, 70, 70, 70, 71, 72, 72, 69, 72, 73, 72, 68,
    70, 70, 69, 71, 72, 71, 72, 71, 72, 73, 71, 68, 71, 72, 72, 69, 69,
    68, 71, 70, 69, 73, 74, 73, 71, 71, 68, 71, 73, 71, 70, 69, 68, 69,
    69, 67, 71, 68, 70, 68, 71, 73, 71, 73, 72, 71, 70, 71, 69, 70, 71,
    70, 71, 70, 73, 72, 69, 71, 73, 70, 71, 73, 73, 71, 70, 72, 73, 72,
    70 ]
