%YAML:1.0
---
videoName: "headShake48.mp4"
gestureLabel: 201
fps: 29
pixelSizeInCmTemp: 3.1103896103896100e-01
faceCenterPointX: 258
faceCenterPointY: 85
headPositionsX: [ 259, 258, 259, 261, 260, 261, 259, 259, 258, 259, 258,
    260, 260, 260, 261, 258, 261, 258, 261, 260, 259, 261, 258, 258, 262,
    257, 257, 257, 258, 259, 262, 259, 260, 261, 260, 264, 264, 270, 271,
    274, 276, 272, 272, 266, 263, 253, 249, 246, 247, 249, 255, 260, 262,
    267, 268, 269, 264, 258, 253, 249, 250, 249, 252, 255, 259, 264, 269,
    267, 265, 262, 256, 252, 249, 249, 249, 250, 254, 260, 265, 264, 267,
    265, 263, 264, 262, 258, 257, 260, 258, 257, 258, 259, 260, 258, 261,
    260, 258, 258, 259, 261 ]
headPositionsY: [ 87, 78, 78, 81, 77, 79, 80, 77, 77, 78, 79, 80, 79, 82,
    83, 81, 78, 80, 83, 81, 83, 83, 83, 79, 82, 79, 83, 82, 82, 84, 80,
    81, 81, 82, 83, 81, 81, 82, 83, 84, 83, 85, 84, 83, 84, 81, 85, 85,
    82, 82, 82, 86, 88, 85, 84, 84, 85, 87, 85, 84, 86, 86, 84, 89, 84,
    86, 85, 84, 86, 84, 89, 88, 88, 84, 84, 84, 87, 88, 86, 88, 83, 85,
    86, 87, 86, 84, 88, 88, 86, 85, 84, 86, 85, 85, 85, 85, 86, 85, 87,
    87 ]
