%YAML:1.0
---
videoName: "headShake5.mp4"
gestureLabel: 201
fps: 30
pixelSizeInCmTemp: 3.3263888888888887e-01
faceCenterPointX: 275
faceCenterPointY: 73
headPositionsX: [ 276, 277, 279, 279, 277, 275, 279, 278, 279, 278, 277,
    279, 276, 279, 279, 279, 278, 278, 276, 279, 277, 279, 280, 279, 279,
    277, 276, 275, 278, 275, 280, 279, 278, 278, 284, 283, 289, 294, 293,
    297, 294, 291, 290, 287, 276, 270, 267, 263, 262, 262, 267, 272, 279,
    286, 290, 291, 288, 284, 279, 272, 268, 262, 260, 266, 269, 269, 276,
    281, 282, 282, 285, 285, 280, 280, 273, 269, 269, 268, 269, 269, 270,
    270, 273, 280, 282, 281, 284, 282, 283, 280, 278, 280, 277, 278, 274,
    275, 276, 274, 275, 274 ]
headPositionsY: [ 71, 73, 72, 72, 74, 73, 75, 73, 74, 74, 72, 71, 73, 72,
    72, 75, 72, 74, 72, 73, 71, 73, 75, 74, 72, 73, 72, 71, 74, 76, 73,
    75, 74, 72, 74, 74, 72, 74, 74, 73, 74, 72, 70, 72, 73, 75, 71, 72,
    74, 72, 71, 75, 77, 76, 72, 74, 73, 73, 74, 76, 78, 75, 76, 74, 75,
    76, 73, 74, 72, 72, 75, 74, 74, 75, 74, 75, 76, 72, 72, 70, 72, 73,
    71, 72, 71, 74, 70, 74, 71, 71, 70, 72, 70, 72, 71, 75, 75, 75, 75,
    74 ]
