%YAML:1.0
---
videoName: "headShake1.mp4"
gestureLabel: 201
fps: 29
pixelSizeInCmTemp: 3.3263888888888887e-01
faceCenterPointX: 279
faceCenterPointY: 98
headPositionsX: [ 278, 280, 278, 277, 277, 278, 279, 281, 278, 281, 281,
    279, 279, 281, 276, 282, 280, 279, 277, 280, 280, 279, 280, 280, 279,
    278, 277, 279, 281, 285, 283, 287, 288, 292, 291, 294, 289, 286, 287,
    281, 280, 274, 274, 270, 269, 268, 273, 278, 280, 284, 290, 293, 294,
    289, 289, 289, 285, 280, 272, 272, 270, 267, 269, 271, 272, 275, 282,
    285, 288, 292, 293, 290, 289, 290, 282, 279, 275, 274, 273, 270, 271,
    273, 270, 270, 273, 277, 275, 278, 278, 280, 279, 280, 281, 278, 281,
    279, 279, 278, 280, 277 ]
headPositionsY: [ 96, 97, 95, 97, 97, 95, 98, 99, 97, 98, 98, 96, 95, 98,
    98, 95, 97, 97, 95, 95, 99, 96, 97, 96, 98, 99, 98, 96, 94, 95, 99,
    97, 96, 94, 96, 93, 95, 97, 97, 98, 96, 98, 97, 98, 98, 98, 95, 99,
    95, 96, 96, 96, 94, 94, 94, 95, 96, 97, 98, 95, 99, 96, 96, 97, 95,
    97, 97, 94, 96, 93, 97, 94, 98, 96, 98, 96, 95, 99, 96, 95, 98, 94,
    97, 96, 98, 97, 95, 98, 96, 98, 100, 95, 98, 98, 100, 97, 100, 100,
    96, 98 ]
