%YAML:1.0
---
videoName: "headShake38.mp4"
gestureLabel: 201
fps: 29
pixelSizeInCmTemp: 3.2808219178082193e-01
faceCenterPointX: 259
faceCenterPointY: 84
headPositionsX: [ 259, 264, 263, 263, 261, 263, 266, 261, 263, 260, 266,
    262, 266, 264, 265, 263, 261, 262, 261, 265, 266, 261, 262, 260, 264,
    263, 262, 262, 262, 263, 265, 262, 263, 264, 262, 262, 261, 263, 265,
    262, 263, 259, 258, 255, 252, 249, 248, 248, 247, 251, 259, 265, 272,
    277, 277, 273, 271, 264, 256, 251, 250, 248, 252, 261, 265, 269, 271,
    268, 264, 260, 254, 251, 249, 250, 249, 256, 257, 263, 264, 269, 270,
    271, 268, 268, 263, 264, 263, 259, 263, 260, 260, 259, 259, 260, 260,
    258, 258, 262, 260, 259 ]
headPositionsY: [ 85, 83, 82, 84, 84, 85, 81, 82, 85, 81, 84, 85, 82, 84,
    81, 81, 85, 84, 83, 83, 84, 84, 85, 84, 83, 85, 83, 82, 86, 81, 85,
    85, 85, 84, 84, 84, 82, 84, 82, 81, 81, 84, 86, 83, 82, 79, 85, 82,
    83, 83, 82, 85, 81, 82, 81, 81, 86, 83, 83, 83, 85, 81, 81, 86, 84,
    85, 83, 84, 85, 85, 84, 83, 82, 81, 85, 85, 83, 86, 86, 85, 82, 83,
    83, 85, 83, 83, 85, 86, 82, 82, 86, 86, 86, 84, 87, 83, 82, 85, 83,
    85 ]
