%YAML:1.0
---
videoName: "headShake29.mp4"
gestureLabel: 201
fps: 29
pixelSizeInCmTemp: 3.3263888888888887e-01
faceCenterPointX: 243
faceCenterPointY: 76
headPositionsX: [ 244, 241, 243, 245, 245, 243, 241, 244, 241, 244, 241,
    245, 242, 243, 241, 242, 244, 242, 242, 244, 245, 244, 244, 239, 238,
    237, 241, 235, 240, 241, 242, 246, 249, 254, 256, 255, 255, 252, 247,
    240, 236, 235, 232, 228, 227, 230, 234, 240, 240, 249, 247, 254, 251,
    252, 247, 248, 243, 238, 233, 233, 227, 227, 231, 234, 236, 242, 245,
    252, 251, 254, 249, 252, 250, 248, 245, 240, 236, 237, 233, 231, 235,
    235, 233, 239, 236, 239, 241, 243, 239, 242, 244, 244, 242, 244, 242,
    246, 243, 241, 240, 242 ]
headPositionsY: [ 77, 76, 75, 75, 76, 76, 76, 75, 78, 74, 76, 74, 78, 78,
    74, 76, 76, 77, 76, 77, 74, 79, 78, 74, 74, 75, 77, 76, 74, 77, 77,
    75, 74, 75, 73, 73, 74, 77, 77, 75, 78, 77, 76, 77, 76, 74, 73, 74,
    79, 76, 78, 78, 77, 77, 77, 75, 74, 78, 77, 76, 76, 75, 77, 76, 80,
    76, 78, 78, 73, 76, 77, 76, 75, 78, 76, 78, 77, 74, 78, 76, 77, 77,
    74, 74, 76, 74, 74, 78, 78, 78, 74, 78, 77, 78, 75, 78, 76, 75, 78,
    77 ]
