%YAML:1.0
---
videoName: "headShake36.mp4"
gestureLabel: 201
fps: 29
pixelSizeInCmTemp: 3.2364864864864862e-01
faceCenterPointX: 263
faceCenterPointY: 80
headPositionsX: [ 263, 263, 261, 263, 265, 264, 266, 265, 269, 271, 272,
    277, 277, 281, 279, 284, 286, 279, 280, 274, 274, 272, 268, 268, 260,
    261, 254, 255, 249, 249, 247, 246, 248, 246, 247, 244, 246, 249, 250,
    253, 257, 261, 263, 269, 269, 274, 274, 277, 277, 280, 281, 281, 280,
    278, 275, 274, 270, 266, 260, 258, 253, 253, 253, 251, 251, 248, 251,
    253, 249, 251, 254, 258, 259, 261, 261, 266, 267, 265, 267, 270, 265,
    265, 266, 266, 266, 266, 263, 265, 266, 264, 263, 262, 266, 263, 261,
    263, 262, 262, 265, 263 ]
headPositionsY: [ 78, 79, 80, 81, 78, 80, 77, 78, 79, 79, 78, 77, 79, 76,
    78, 79, 74, 76, 78, 78, 81, 81, 80, 84, 83, 83, 80, 81, 82, 79, 83,
    79, 83, 79, 79, 79, 80, 79, 83, 83, 81, 80, 80, 82, 78, 76, 79, 77,
    78, 78, 78, 79, 78, 77, 76, 80, 80, 80, 82, 79, 79, 81, 81, 78, 79,
    81, 80, 80, 78, 77, 79, 79, 78, 81, 81, 82, 80, 79, 80, 83, 78, 80,
    79, 81, 81, 81, 80, 79, 81, 81, 80, 82, 81, 78, 82, 79, 80, 80, 78,
    82 ]
