%YAML:1.0
---
videoName: "headShake9.mp4"
gestureLabel: 201
fps: 30
pixelSizeInCmTemp: 3.2808219178082193e-01
faceCenterPointX: 243
faceCenterPointY: 73
headPositionsX: [ 244, 243, 244, 240, 244, 243, 246, 242, 242, 244, 243,
    241, 241, 242, 243, 243, 242, 245, 242, 242, 241, 245, 244, 245, 245,
    245, 241, 245, 244, 243, 241, 242, 245, 242, 244, 244, 240, 243, 241,
    242, 247, 250, 254, 258, 264, 264, 263, 265, 261, 256, 251, 247, 244,
    240, 234, 232, 230, 228, 234, 238, 241, 245, 253, 258, 261, 262, 262,
    259, 254, 248, 245, 237, 233, 232, 228, 227, 228, 231, 238, 240, 246,
    250, 252, 252, 249, 251, 249, 250, 248, 244, 246, 245, 247, 245, 245,
    245, 244, 244, 242, 244 ]
headPositionsY: [ 72, 74, 71, 72, 73, 70, 73, 72, 73, 70, 70, 70, 74, 71,
    71, 73, 74, 73, 71, 71, 74, 72, 74, 70, 74, 72, 73, 72, 72, 71, 73,
    74, 72, 74, 70, 70, 71, 70, 74, 75, 70, 73, 70, 69, 71, 72, 70, 73,
    70, 69, 73, 72, 72, 75, 72, 71, 71, 70, 73, 75, 72, 74, 73, 69, 71,
    69, 72, 69, 72, 72, 73, 72, 74, 72, 74, 70, 72, 73, 74, 74, 74, 72,
    71, 71, 73, 72, 74, 75, 72, 73, 74, 73, 74, 74, 74, 72, 73, 72, 76,
    71 ]
