%YAML:1.0
---
videoName: "headShake16.mp4"
gestureLabel: 201
fps: 29
pixelSizeInCmTemp: 3.2364864864864862e-01
faceCenterPointX: 242
faceCenterPointY: 77
headPositionsX: [ 244, 241, 246, 244, 243, 246, 242, 244, 242, 244, 244,
    241, 243, 244, 243, 245, 241, 242, 243, 244, 244, 243, 244, 244, 243,
    241, 242, 244, 244, 242, 242, 243, 242, 243, 243, 240, 241, 245, 246,
    250, 250, 251, 257, 254, 252, 250, 246, 242, 242, 237, 234, 235, 235,
    238, 237, 241, 244, 249, 251, 250, 250, 250, 245, 243, 241, 240, 234,
    236, 232, 236, 233, 239, 235, 240, 244, 243, 242, 247, 242, 243, 242,
    241, 239, 241, 237, 239, 240, 238, 242, 242, 238, 243, 241, 243, 241,
    241, 243, 240, 241, 243 ]
headPositionsY: [ 78, 75, 74, 76, 74, 75, 73, 74, 76, 76, 78, 78, 74, 76,
    78, 78, 77, 75, 76, 76, 76, 77, 73, 77, 75, 75, 74, 77, 77, 74, 77,
    77, 73, 74, 75, 78, 74, 78, 78, 74, 75, 73, 74, 77, 73, 74, 74, 76,
    76, 74, 76, 77, 75, 76, 77, 79, 75, 77, 76, 77, 74, 75, 77, 78, 76,
    79, 75, 76, 76, 78, 78, 78, 75, 79, 76, 76, 75, 79, 75, 75, 76, 76,
    77, 79, 75, 76, 79, 75, 79, 78, 74, 77, 76, 75, 77, 78, 76, 75, 75,
    75 ]
