%YAML:1.0
---
videoName: "headShake0.mp4"
gestureLabel: 201
fps: 29
pixelSizeInCmTemp: 3.2808219178082193e-01
faceCenterPointX: 279
faceCenterPointY: 94
headPositionsX: [ 280, 281, 279, 278, 279, 277, 279, 281, 277, 281, 280,
    280, 280, 279, 277, 278, 278, 281, 277, 278, 278, 278, 277, 278, 279,
    279, 278, 277, 281, 279, 277, 277, 277, 276, 279, 278, 280, 277, 278,
    280, 278, 282, 283, 288, 293, 295, 299, 299, 303, 302, 297, 294, 288,
    282, 275, 273, 270, 271, 274, 277, 281, 286, 289, 290, 291, 288, 284,
    283, 276, 277, 271, 271, 271, 278, 279, 280, 282, 283, 284, 282, 282,
    278, 278, 276, 274, 276, 275, 278, 279, 278, 279, 277, 281, 280, 278,
    277, 277, 277, 279, 277 ]
headPositionsY: [ 94, 95, 94, 93, 95, 93, 95, 95, 93, 93, 94, 90, 92, 91,
    92, 92, 92, 91, 93, 91, 93, 94, 93, 94, 94, 93, 95, 95, 94, 91, 94,
    93, 94, 95, 94, 91, 93, 95, 91, 94, 93, 95, 91, 90, 92, 88, 92, 91,
    94, 93, 90, 93, 94, 95, 93, 94, 95, 91, 94, 94, 93, 91, 91, 91, 90,
    93, 94, 92, 93, 91, 93, 95, 91, 94, 93, 92, 94, 92, 91, 91, 95, 94,
    91, 95, 94, 94, 93, 94, 96, 94, 96, 96, 92, 96, 94, 93, 95, 95, 96,
    94 ]
