%YAML:1.0
---
videoName: "headShake9.mp4"
gestureLabel: 201
fps: 30
pixelSizeInCmTemp: 3.2808219178082193e-01
faceCenterPointX: 243
faceCenterPointY: 73
headPositionsX: [ 242, 244, 242, 242, 243, 242, 245, 244, 243, 242, 241,
    243, 243, 243, 241, 242, 242, 243, 245, 245, 242, 243, 242, 244, 241,
    241, 243, 245, 243, 241, 242, 243, 241, 241, 243, 244, 244, 242, 242,
    242, 245, 249, 254, 258, 261, 264, 262, 264, 262, 258, 255, 246, 244,
    237, 233, 232, 228, 229, 234, 238, 241, 249, 253, 256, 263, 259, 264,
    260, 255, 249, 243, 240, 232, 231, 230, 227, 229, 234, 239, 239, 243,
    247, 248, 251, 253, 251, 250, 246, 249, 244, 245, 243, 243, 245, 242,
    243, 242, 245, 241, 242 ]
headPositionsY: [ 73, 71, 71, 73, 73, 74, 73, 73, 72, 70, 74, 72, 72, 72,
    72, 74, 71, 72, 74, 75, 73, 74, 71, 74, 74, 73, 73, 70, 72, 73, 70,
    70, 75, 70, 71, 71, 70, 70, 70, 71, 74, 72, 70, 71, 69, 71, 67, 70,
    71, 71, 72, 71, 71, 72, 74, 74, 71, 74, 74, 73, 72, 70, 69, 70, 70,
    71, 69, 73, 72, 70, 71, 71, 73, 74, 71, 69, 70, 70, 73, 74, 75, 71,
    71, 74, 75, 74, 70, 73, 73, 71, 72, 75, 72, 75, 74, 72, 73, 73, 76,
    71 ]
