%YAML:1.0
---
videoName: "headShake33.mp4"
gestureLabel: 201
fps: 29
pixelSizeInCmTemp: 3.2364864864864862e-01
faceCenterPointX: 244
faceCenterPointY: 84
headPositionsX: [ 246, 245, 247, 245, 245, 246, 244, 246, 246, 246, 243,
    242, 245, 243, 246, 245, 247, 245, 243, 246, 245, 249, 249, 250, 249,
    252, 258, 257, 262, 261, 261, 260, 265, 260, 258, 254, 253, 249, 243,
    243, 235, 236, 233, 228, 226, 229, 225, 229, 227, 230, 233, 235, 239,
    247, 248, 252, 254, 259, 259, 260, 261, 260, 257, 256, 252, 249, 247,
    245, 241, 239, 234, 236, 231, 231, 231, 235, 230, 231, 236, 238, 236,
    239, 238, 240, 242, 244, 244, 249, 247, 245, 248, 248, 247, 244, 247,
    243, 246, 245, 242, 246 ]
headPositionsY: [ 86, 85, 83, 83, 81, 83, 85, 80, 85, 84, 85, 83, 81, 82,
    81, 84, 84, 81, 81, 81, 81, 85, 83, 81, 81, 82, 81, 81, 81, 78, 83,
    82, 79, 81, 81, 83, 83, 81, 84, 83, 80, 81, 82, 80, 82, 80, 81, 80,
    84, 83, 83, 81, 82, 84, 84, 80, 82, 82, 81, 78, 79, 84, 83, 80, 84,
    84, 85, 84, 81, 82, 85, 84, 84, 80, 82, 81, 80, 85, 83, 81, 84, 85,
    83, 84, 82, 81, 81, 84, 81, 84, 82, 83, 83, 83, 83, 84, 84, 85, 84,
    82 ]
