%YAML:1.0
---
videoName: "headShake24.mp4"
gestureLabel: 201
fps: 29
pixelSizeInCmTemp: 3.2808219178082193e-01
faceCenterPointX: 240
faceCenterPointY: 78
headPositionsX: [ 239, 249, 252, 251, 254, 254, 253, 256, 253, 253, 248,
    248, 244, 241, 241, 238, 236, 235, 234, 232, 232, 229, 233, 234, 231,
    234, 237, 239, 242, 242, 246, 247, 248, 249, 250, 249, 248, 248, 246,
    244, 243, 245, 239, 240, 236, 237, 234, 236, 232, 235, 236, 235, 236,
    238, 237, 238, 244, 245, 244, 244, 248, 246, 245, 250, 246, 248, 249,
    249, 245, 245, 245, 246, 244, 240, 240, 242, 241, 238, 237, 238, 240,
    241, 238, 240, 239, 237, 240, 241, 241, 238, 241, 242, 242, 238, 240,
    241, 241, 239, 238, 238 ]
headPositionsY: [ 79, 78, 77, 73, 74, 74, 75, 76, 79, 79, 78, 78, 77, 76,
    78, 77, 79, 77, 76, 78, 77, 78, 80, 76, 78, 78, 78, 78, 76, 76, 78,
    77, 79, 78, 80, 79, 80, 79, 79, 77, 79, 78, 80, 80, 79, 76, 75, 75,
    77, 78, 77, 76, 78, 76, 75, 80, 78, 75, 80, 78, 80, 79, 77, 77, 77,
    74, 76, 77, 75, 76, 78, 79, 78, 78, 77, 74, 79, 75, 78, 76, 77, 75,
    75, 78, 78, 75, 79, 77, 76, 77, 78, 79, 79, 80, 80, 78, 76, 80, 80,
    78 ]
