%YAML:1.0
---
videoName: "headShake12.mp4"
gestureLabel: 201
fps: 29
pixelSizeInCmTemp: 3.2808219178082193e-01
faceCenterPointX: 241
faceCenterPointY: 76
headPositionsX: [ 243, 242, 242, 243, 241, 243, 240, 242, 243, 243, 242,
    241, 244, 242, 242, 240, 242, 241, 242, 242, 241, 243, 240, 242, 244,
    242, 241, 241, 242, 242, 240, 240, 240, 244, 242, 243, 244, 241, 243,
    243, 243, 239, 241, 242, 244, 241, 242, 243, 244, 244, 244, 240, 240,
    241, 243, 242, 243, 240, 245, 246, 250, 253, 252, 259, 258, 257, 257,
    251, 248, 241, 236, 231, 229, 230, 239, 243, 247, 247, 252, 253, 253,
    251, 248, 247, 242, 238, 238, 237, 238, 237, 238, 238, 237, 238, 239,
    239, 238, 238, 239, 239 ]
headPositionsY: [ 74, 72, 74, 70, 76, 73, 72, 74, 73, 75, 71, 73, 73, 74,
    72, 73, 72, 71, 74, 76, 74, 74, 76, 73, 73, 77, 74, 76, 74, 71, 73,
    74, 77, 76, 76, 72, 75, 74, 73, 76, 75, 72, 72, 76, 75, 75, 74, 72,
    76, 75, 76, 72, 72, 72, 76, 75, 75, 74, 74, 75, 71, 74, 74, 71, 72,
    71, 71, 74, 76, 74, 74, 75, 75, 76, 76, 76, 78, 73, 77, 74, 73, 74,
    77, 78, 77, 78, 75, 78, 75, 75, 74, 74, 75, 76, 77, 75, 78, 75, 79,
    74 ]
