%YAML:1.0
---
videoName: "headShake5.mp4"
gestureLabel: 201
fps: 30
pixelSizeInCmTemp: 3.3263888888888887e-01
faceCenterPointX: 275
faceCenterPointY: 73
headPositionsX: [ 274, 278, 276, 278, 279, 278, 278, 279, 276, 278, 278,
    278, 280, 275, 280, 278, 276, 275, 279, 277, 280, 280, 276, 275, 276,
    275, 276, 276, 277, 279, 278, 277, 279, 280, 281, 284, 288, 294, 295,
    296, 297, 292, 289, 285, 276, 270, 264, 265, 263, 265, 266, 273, 282,
    288, 288, 291, 286, 284, 281, 276, 266, 264, 261, 262, 268, 270, 274,
    278, 283, 285, 286, 285, 282, 280, 272, 273, 268, 269, 267, 268, 267,
    271, 276, 278, 282, 283, 281, 284, 279, 282, 282, 280, 276, 277, 277,
    275, 275, 273, 277, 273 ]
headPositionsY: [ 74, 72, 74, 72, 71, 75, 72, 75, 73, 72, 72, 74, 76, 75,
    76, 75, 75, 71, 74, 74, 71, 73, 73, 73, 75, 75, 72, 71, 76, 72, 75,
    75, 71, 72, 74, 71, 73, 73, 71, 74, 70, 70, 74, 73, 72, 72, 71, 72,
    71, 73, 71, 72, 77, 75, 75, 71, 76, 76, 76, 76, 78, 76, 72, 75, 76,
    74, 76, 76, 72, 72, 72, 73, 72, 76, 73, 75, 72, 72, 70, 70, 75, 70,
    72, 70, 75, 73, 72, 73, 70, 74, 71, 75, 74, 71, 72, 72, 75, 74, 72,
    71 ]
