%YAML:1.0
---
videoName: "headShake37.mp4"
gestureLabel: 201
fps: 30
pixelSizeInCmTemp: 3.1933333333333330e-01
faceCenterPointX: 263
faceCenterPointY: 83
headPositionsX: [ 262, 261, 259, 264, 262, 261, 263, 264, 260, 260, 261,
    264, 263, 264, 263, 261, 264, 263, 264, 261, 260, 263, 263, 261, 261,
    259, 264, 261, 262, 262, 260, 264, 262, 262, 260, 265, 261, 262, 265,
    263, 264, 261, 263, 261, 260, 260, 261, 263, 266, 268, 274, 278, 280,
    283, 282, 278, 270, 268, 259, 255, 254, 251, 257, 256, 261, 266, 271,
    271, 271, 271, 268, 263, 260, 256, 253, 252, 254, 252, 258, 255, 260,
    261, 264, 267, 267, 267, 267, 267, 267, 264, 263, 264, 263, 263, 261,
    261, 265, 264, 263, 264 ]
headPositionsY: [ 85, 80, 84, 85, 82, 81, 82, 84, 84, 84, 81, 81, 85, 81,
    83, 83, 85, 83, 82, 84, 81, 84, 84, 85, 82, 85, 82, 84, 83, 81, 82,
    82, 84, 83, 85, 83, 82, 84, 83, 83, 85, 81, 81, 81, 81, 83, 82, 81,
    85, 84, 82, 79, 82, 81, 83, 82, 83, 83, 81, 83, 79, 82, 84, 84, 84,
    82, 81, 80, 81, 83, 81, 83, 81, 85, 83, 80, 81, 81, 82, 84, 82, 82,
    81, 81, 81, 81, 85, 83, 80, 82, 84, 84, 82, 83, 84, 82, 83, 83, 82,
    84 ]
