%YAML:1.0
---
videoName: "headShake23.mp4"
gestureLabel: 201
fps: 29
pixelSizeInCmTemp: 3.2808219178082193e-01
faceCenterPointX: 240
faceCenterPointY: 77
headPositionsX: [ 242, 243, 244, 242, 241, 241, 241, 241, 241, 240, 242,
    241, 243, 241, 243, 242, 242, 241, 241, 237, 238, 243, 245, 246, 250,
    249, 254, 252, 252, 256, 255, 252, 255, 249, 248, 244, 240, 236, 237,
    233, 232, 230, 228, 231, 229, 230, 232, 231, 235, 236, 240, 246, 246,
    251, 252, 254, 253, 255, 252, 253, 248, 250, 247, 242, 244, 243, 238,
    239, 238, 234, 236, 233, 236, 234, 234, 232, 235, 237, 235, 238, 241,
    241, 239, 242, 245, 244, 243, 242, 244, 244, 243, 245, 245, 242, 243,
    243, 242, 245, 239, 242 ]
headPositionsY: [ 79, 78, 76, 76, 75, 77, 79, 76, 76, 74, 77, 78, 77, 77,
    75, 78, 74, 75, 78, 75, 76, 75, 77, 78, 78, 76, 74, 77, 75, 75, 77,
    78, 78, 74, 78, 77, 77, 77, 77, 74, 74, 76, 77, 74, 79, 76, 76, 76,
    78, 78, 78, 75, 75, 79, 75, 78, 78, 74, 78, 75, 77, 79, 81, 77, 80,
    77, 80, 78, 79, 79, 77, 80, 80, 80, 76, 79, 77, 78, 78, 77, 75, 80,
    76, 79, 76, 75, 75, 80, 77, 77, 80, 76, 78, 76, 77, 78, 76, 76, 76,
    77 ]
