%YAML:1.0
---
videoName: "headShake44.mp4"
gestureLabel: 201
fps: 30
pixelSizeInCmTemp: 3.2808219178082193e-01
faceCenterPointX: 260
faceCenterPointY: 84
headPositionsX: [ 260, 260, 259, 262, 260, 262, 260, 262, 260, 259, 260,
    261, 261, 260, 259, 263, 262, 259, 259, 262, 260, 262, 262, 263, 261,
    262, 261, 259, 261, 259, 260, 260, 262, 262, 259, 261, 261, 260, 262,
    264, 268, 267, 273, 272, 273, 276, 274, 265, 263, 256, 251, 253, 250,
    252, 256, 264, 267, 272, 270, 271, 269, 261, 258, 255, 252, 254, 260,
    262, 270, 271, 271, 270, 266, 264, 256, 256, 252, 251, 252, 257, 259,
    257, 258, 260, 259, 260, 260, 262, 263, 264, 259, 261, 259, 264, 258,
    259, 258, 259, 261, 263 ]
headPositionsY: [ 82, 81, 84, 80, 82, 84, 81, 83, 81, 82, 82, 83, 84, 83,
    81, 84, 84, 82, 84, 81, 84, 82, 83, 83, 81, 82, 85, 83, 83, 80, 85,
    84, 84, 83, 84, 83, 81, 81, 82, 83, 84, 85, 81, 82, 83, 80, 84, 87,
    83, 82, 83, 84, 82, 84, 86, 84, 83, 85, 84, 85, 84, 86, 86, 84, 82,
    85, 82, 86, 81, 84, 84, 82, 81, 83, 85, 81, 82, 84, 84, 85, 84, 85,
    85, 83, 83, 85, 85, 83, 86, 85, 82, 85, 85, 86, 83, 85, 86, 87, 85,
    86 ]
