%YAML:1.0
---
videoName: "headShake22.mp4"
gestureLabel: 201
fps: 29
pixelSizeInCmTemp: 3.2364864864864862e-01
faceCenterPointX: 241
faceCenterPointY: 79
headPositionsX: [ 239, 240, 240, 242, 241, 243, 245, 241, 242, 243, 243,
    244, 241, 241, 241, 244, 241, 243, 243, 244, 243, 244, 244, 243, 244,
    241, 243, 240, 243, 243, 243, 243, 244, 244, 241, 244, 243, 245, 243,
    242, 243, 242, 240, 241, 243, 243, 241, 242, 243, 242, 243, 241, 243,
    242, 240, 244, 241, 243, 242, 242, 243, 243, 240, 242, 243, 241, 242,
    241, 245, 250, 253, 254, 256, 256, 253, 250, 244, 243, 238, 239, 239,
    236, 238, 240, 246, 248, 248, 247, 244, 242, 242, 239, 242, 239, 238,
    241, 241, 238, 240, 240 ]
headPositionsY: [ 80, 76, 74, 74, 79, 73, 75, 76, 78, 76, 77, 76, 78, 76,
    75, 76, 78, 75, 76, 77, 78, 75, 77, 75, 77, 76, 75, 77, 75, 76, 77,
    78, 75, 77, 77, 75, 78, 77, 78, 75, 78, 77, 76, 79, 76, 78, 77, 76,
    76, 77, 78, 76, 76, 79, 76, 74, 74, 79, 77, 74, 78, 75, 74, 76, 78,
    77, 74, 75, 74, 77, 76, 73, 75, 74, 78, 74, 78, 78, 79, 78, 76, 77,
    77, 77, 76, 80, 80, 77, 77, 78, 78, 78, 81, 79, 79, 77, 77, 76, 80,
    77 ]
