%YAML:1.0
---
videoName: "headShake32.mp4"
gestureLabel: 201
fps: 29
pixelSizeInCmTemp: 3.2808219178082193e-01
faceCenterPointX: 237
faceCenterPointY: 77
headPositionsX: [ 236, 238, 235, 234, 237, 238, 238, 238, 236, 241, 240,
    238, 238, 241, 240, 241, 240, 240, 242, 239, 239, 239, 241, 240, 239,
    243, 239, 241, 239, 240, 238, 240, 239, 241, 241, 241, 238, 242, 238,
    240, 241, 244, 245, 246, 247, 252, 250, 250, 253, 251, 249, 247, 248,
    243, 242, 241, 239, 235, 234, 231, 231, 230, 229, 229, 223, 226, 225,
    229, 231, 232, 236, 239, 240, 244, 245, 250, 250, 249, 247, 250, 249,
    246, 246, 243, 242, 245, 242, 240, 237, 239, 236, 239, 235, 239, 240,
    238, 239, 237, 239, 240 ]
headPositionsY: [ 77, 70, 75, 74, 72, 72, 74, 74, 71, 75, 74, 75, 75, 72,
    74, 73, 75, 74, 73, 74, 73, 74, 72, 76, 72, 75, 75, 73, 74, 74, 74,
    74, 76, 76, 74, 75, 72, 75, 73, 77, 76, 73, 73, 73, 72, 71, 75, 73,
    74, 72, 71, 73, 77, 78, 75, 75, 78, 77, 76, 74, 76, 73, 75, 78, 78,
    73, 75, 77, 78, 77, 76, 77, 77, 74, 77, 78, 76, 73, 73, 76, 76, 75,
    78, 77, 78, 76, 76, 77, 76, 78, 76, 76, 78, 78, 77, 79, 80, 78, 77,
    78 ]
