%YAML:1.0
---
videoName: "headShake34.mp4"
gestureLabel: 201
fps: 29
pixelSizeInCmTemp: 3.2364864864864862e-01
faceCenterPointX: 263
faceCenterPointY: 83
headPositionsX: [ 263, 265, 262, 267, 263, 264, 262, 263, 263, 263, 265,
    266, 266, 264, 265, 266, 262, 263, 264, 264, 263, 264, 263, 263, 265,
    262, 264, 264, 263, 262, 265, 263, 262, 262, 264, 266, 263, 268, 268,
    271, 270, 272, 276, 275, 274, 279, 277, 278, 277, 276, 270, 270, 265,
    261, 256, 253, 251, 253, 253, 254, 257, 258, 263, 266, 269, 269, 268,
    268, 265, 261, 259, 257, 256, 254, 257, 257, 256, 260, 262, 265, 262,
    266, 267, 267, 265, 264, 264, 265, 266, 265, 263, 264, 263, 264, 266,
    261, 263, 263, 263, 263 ]
headPositionsY: [ 82, 80, 81, 84, 81, 82, 82, 85, 82, 82, 81, 85, 83, 85,
    83, 84, 82, 84, 84, 83, 81, 85, 84, 81, 85, 81, 82, 83, 82, 83, 81,
    83, 83, 84, 83, 85, 84, 85, 83, 85, 84, 82, 84, 81, 84, 81, 84, 83,
    83, 80, 81, 86, 84, 81, 83, 80, 83, 81, 82, 83, 82, 83, 85, 82, 83,
    84, 84, 83, 85, 81, 82, 80, 81, 85, 85, 81, 82, 82, 83, 85, 84, 84,
    84, 84, 83, 83, 85, 81, 82, 84, 81, 85, 85, 85, 82, 83, 85, 83, 86,
    84 ]
