%YAML:1.0
---
videoName: "headShake0.mp4"
gestureLabel: 201
fps: 29
pixelSizeInCmTemp: 3.2808219178082193e-01
faceCenterPointX: 279
faceCenterPointY: 94
headPositionsX: [ 278, 281, 279, 277, 280, 281, 278, 279, 279, 281, 278,
    278, 278, 278, 276, 278, 280, 281, 281, 279, 281, 279, 280, 279, 279,
    281, 278, 281, 280, 280, 279, 279, 281, 276, 280, 278, 280, 277, 277,
    280, 279, 279, 286, 287, 294, 293, 300, 300, 300, 300, 297, 292, 288,
    282, 275, 273, 273, 275, 272, 277, 281, 288, 288, 290, 291, 286, 287,
    282, 277, 277, 275, 273, 274, 277, 277, 280, 282, 283, 282, 282, 282,
    280, 278, 275, 275, 278, 276, 276, 280, 278, 280, 281, 277, 280, 279,
    277, 278, 281, 280, 277 ]
headPositionsY: [ 96, 94, 94, 93, 93, 94, 92, 93, 92, 94, 91, 91, 95, 94,
    93, 93, 95, 95, 92, 92, 95, 94, 95, 95, 92, 91, 91, 95, 93, 91, 93,
    92, 95, 93, 92, 93, 94, 93, 92, 96, 94, 93, 90, 93, 93, 88, 93, 91,
    92, 91, 89, 90, 93, 92, 91, 91, 91, 92, 92, 93, 94, 90, 90, 91, 93,
    94, 95, 92, 95, 93, 91, 95, 94, 95, 92, 91, 95, 93, 95, 91, 93, 92,
    93, 95, 96, 93, 93, 95, 96, 96, 93, 95, 93, 92, 94, 94, 96, 94, 96,
    97 ]
