%YAML:1.0
---
videoName: "headShake40.mp4"
gestureLabel: 201
fps: 29
pixelSizeInCmTemp: 3.2808219178082193e-01
faceCenterPointX: 261
faceCenterPointY: 86
headPositionsX: [ 259, 259, 262, 262, 262, 263, 261, 261, 259, 261, 260,
    260, 262, 260, 264, 263, 258, 263, 260, 258, 262, 262, 259, 260, 260,
    259, 262, 261, 260, 256, 255, 255, 254, 253, 255, 253, 256, 260, 263,
    271, 273, 279, 282, 278, 277, 272, 272, 264, 257, 256, 249, 246, 248,
    249, 250, 253, 256, 260, 263, 269, 270, 273, 269, 267, 268, 261, 261,
    257, 256, 258, 255, 259, 260, 262, 261, 265, 264, 265, 266, 265, 266,
    265, 261, 262, 258, 257, 258, 258, 256, 258, 257, 258, 260, 260, 259,
    259, 262, 262, 260, 259 ]
headPositionsY: [ 88, 84, 82, 81, 83, 83, 83, 85, 83, 83, 85, 83, 82, 84,
    85, 86, 82, 82, 84, 83, 85, 82, 84, 82, 83, 83, 83, 85, 81, 83, 82,
    85, 86, 84, 81, 85, 85, 84, 86, 82, 82, 79, 82, 80, 80, 82, 82, 84,
    82, 83, 85, 81, 83, 84, 83, 84, 82, 86, 84, 83, 85, 81, 85, 83, 82,
    81, 84, 81, 84, 81, 83, 84, 83, 81, 82, 85, 81, 81, 83, 83, 81, 81,
    85, 85, 85, 85, 85, 82, 84, 86, 86, 83, 84, 83, 84, 87, 88, 85, 87,
    85 ]
