%YAML:1.0
---
videoName: "headShake7.mp4"
gestureLabel: 201
fps: 29
pixelSizeInCmTemp: 3.3263888888888887e-01
faceCenterPointX: 244
faceCenterPointY: 72
headPositionsX: [ 246, 243, 241, 244, 244, 242, 242, 242, 242, 243, 244,
    250, 253, 253, 255, 256, 262, 262, 260, 255, 249, 247, 240, 233, 231,
    233, 235, 238, 244, 250, 257, 259, 259, 256, 255, 252, 245, 239, 235,
    228, 225, 228, 232, 235, 239, 246, 249, 255, 254, 255, 252, 251, 245,
    243, 235, 231, 229, 231, 232, 233, 237, 243, 248, 253, 253, 255, 256,
    253, 255, 250, 246, 242, 240, 236, 236, 234, 233, 233, 237, 240, 239,
    239, 241, 244, 247, 248, 245, 245, 247, 248, 248, 245, 246, 244, 243,
    244, 245, 243, 246, 242 ]
headPositionsY: [ 70, 69, 69, 73, 71, 69, 73, 71, 72, 73, 71, 71, 72, 67,
    72, 66, 69, 69, 67, 70, 70, 73, 71, 72, 72, 72, 69, 70, 73, 72, 69,
    69, 67, 70, 72, 72, 73, 70, 73, 72, 71, 72, 68, 72, 73, 71, 68, 68,
    68, 68, 70, 70, 72, 72, 71, 72, 71, 71, 70, 71, 70, 71, 73, 69, 68,
    68, 71, 69, 72, 69, 71, 73, 70, 71, 70, 71, 70, 71, 68, 71, 70, 71,
    69, 74, 73, 69, 69, 71, 70, 72, 70, 72, 70, 73, 71, 73, 73, 70, 72,
    70 ]
