%YAML:1.0
---
videoName: "headShake47.mp4"
gestureLabel: 201
fps: 29
pixelSizeInCmTemp: 3.2364864864864862e-01
faceCenterPointX: 258
faceCenterPointY: 86
headPositionsX: [ 257, 258, 260, 262, 259, 258, 261, 258, 262, 262, 260,
    262, 259, 262, 260, 260, 261, 259, 258, 259, 259, 263, 261, 263, 258,
    259, 261, 263, 261, 259, 258, 261, 257, 261, 256, 254, 252, 251, 252,
    248, 249, 252, 253, 253, 259, 264, 266, 268, 266, 263, 258, 256, 255,
    253, 252, 256, 264, 263, 267, 265, 260, 255, 254, 251, 252, 255, 255,
    263, 262, 264, 264, 258, 258, 255, 255, 256, 258, 260, 263, 262, 263,
    261, 261, 254, 254, 253, 254, 257, 255, 255, 259, 257, 258, 257, 260,
    259, 259, 259, 259, 260 ]
headPositionsY: [ 85, 86, 83, 86, 83, 84, 86, 86, 84, 87, 85, 87, 86, 83,
    83, 84, 86, 87, 84, 85, 85, 84, 85, 83, 86, 87, 83, 86, 85, 85, 83,
    87, 87, 88, 84, 87, 85, 87, 86, 86, 88, 86, 89, 86, 90, 90, 86, 89,
    90, 88, 89, 89, 89, 87, 91, 89, 88, 86, 88, 89, 88, 90, 85, 88, 86,
    84, 87, 89, 89, 85, 87, 86, 88, 85, 88, 89, 84, 87, 88, 88, 89, 87,
    89, 87, 86, 86, 84, 85, 85, 84, 85, 88, 88, 88, 88, 85, 88, 85, 85,
    85 ]
