%YAML:1.0
---
videoName: "headShake17.mp4"
gestureLabel: 201
fps: 29
pixelSizeInCmTemp: 3.3263888888888887e-01
faceCenterPointX: 242
faceCenterPointY: 76
headPositionsX: [ 244, 238, 236, 236, 237, 237, 237, 241, 244, 245, 250,
    253, 260, 258, 259, 256, 255, 250, 245, 240, 238, 233, 229, 226, 224,
    226, 229, 234, 236, 239, 246, 245, 252, 252, 253, 253, 254, 252, 248,
    248, 243, 239, 239, 232, 232, 232, 231, 233, 232, 236, 239, 241, 241,
    243, 243, 243, 247, 246, 247, 243, 243, 244, 241, 240, 238, 241, 242,
    241, 242, 239, 240, 240, 240, 239, 239, 243, 241, 241, 243, 243, 243,
    240, 243, 240, 241, 239, 240, 241, 240, 241, 240, 241, 241, 241, 242,
    242, 240, 242, 240, 242 ]
headPositionsY: [ 74, 77, 73, 77, 74, 74, 77, 78, 74, 74, 75, 73, 77, 74,
    75, 76, 73, 74, 76, 78, 78, 76, 75, 78, 74, 78, 77, 75, 78, 78, 74,
    74, 74, 73, 75, 75, 73, 74, 78, 79, 75, 75, 79, 76, 74, 75, 76, 77,
    78, 76, 75, 77, 76, 76, 75, 76, 76, 78, 79, 78, 74, 78, 78, 78, 73,
    78, 77, 77, 76, 77, 78, 75, 76, 76, 78, 78, 75, 74, 77, 76, 78, 78,
    76, 74, 75, 77, 77, 75, 75, 76, 74, 78, 77, 74, 75, 76, 74, 75, 74,
    76 ]
