%YAML:1.0
---
videoName: "headShake34.mp4"
gestureLabel: 201
fps: 29
pixelSizeInCmTemp: 3.2364864864864862e-01
faceCenterPointX: 263
faceCenterPointY: 83
headPositionsX: [ 262, 262, 263, 265, 264, 262, 266, 265, 263, 263, 262,
    262, 262, 264, 263, 263, 262, 265, 264, 264, 267, 263, 263, 262, 265,
    263, 266, 264, 266, 264, 263, 266, 264, 265, 266, 264, 266, 269, 266,
    268, 271, 274, 274, 278, 275, 278, 276, 277, 279, 273, 271, 269, 264,
    260, 257, 254, 254, 252, 251, 253, 257, 261, 266, 268, 268, 269, 269,
    270, 266, 263, 260, 256, 253, 255, 256, 259, 260, 262, 264, 267, 263,
    267, 267, 267, 263, 264, 265, 265, 264, 265, 265, 264, 264, 261, 266,
    261, 262, 262, 263, 265 ]
headPositionsY: [ 81, 84, 85, 81, 82, 85, 81, 85, 80, 83, 83, 81, 83, 81,
    82, 80, 84, 85, 81, 85, 82, 84, 82, 84, 81, 83, 81, 85, 84, 85, 85,
    82, 84, 83, 83, 85, 84, 83, 85, 84, 83, 83, 83, 79, 83, 80, 80, 80,
    80, 81, 81, 86, 83, 81, 83, 80, 80, 83, 83, 82, 84, 81, 85, 81, 83,
    82, 84, 81, 84, 83, 84, 84, 82, 84, 82, 82, 81, 81, 83, 82, 83, 82,
    81, 83, 84, 82, 82, 84, 83, 82, 85, 81, 82, 82, 82, 81, 82, 84, 84,
    83 ]
