%YAML:1.0
---
videoName: "headShake2.mp4"
gestureLabel: 201
fps: 29
pixelSizeInCmTemp: 3.4214285714285714e-01
faceCenterPointX: 276
faceCenterPointY: 98
headPositionsX: [ 277, 277, 276, 276, 278, 275, 275, 275, 275, 278, 275,
    279, 278, 279, 275, 278, 276, 277, 279, 279, 275, 276, 277, 279, 279,
    276, 276, 279, 278, 279, 276, 277, 276, 276, 278, 276, 275, 276, 276,
    278, 279, 278, 282, 283, 288, 289, 294, 294, 295, 294, 293, 287, 282,
    278, 273, 266, 264, 262, 265, 265, 275, 280, 282, 290, 290, 290, 291,
    285, 283, 280, 273, 273, 270, 266, 270, 269, 277, 281, 285, 284, 285,
    288, 285, 282, 285, 280, 279, 278, 277, 274, 274, 276, 274, 274, 276,
    274, 277, 274, 277, 274 ]
headPositionsY: [ 99, 100, 98, 96, 99, 99, 98, 98, 96, 98, 97, 97, 97,
    97, 96, 100, 99, 99, 101, 100, 99, 98, 101, 99, 100, 99, 99, 99, 101,
    99, 98, 101, 100, 97, 101, 98, 99, 97, 97, 97, 99, 98, 98, 95, 97,
    99, 95, 96, 94, 98, 94, 99, 96, 99, 100, 96, 99, 97, 96, 96, 99, 99,
    99, 99, 97, 96, 95, 98, 95, 100, 96, 96, 99, 97, 97, 100, 99, 99, 98,
    100, 96, 98, 100, 101, 98, 100, 101, 98, 98, 99, 97, 99, 100, 102,
    96, 100, 97, 101, 99, 99 ]
