%YAML:1.0
---
videoName: "headShake15.mp4"
gestureLabel: 201
fps: 29
pixelSizeInCmTemp: 3.3263888888888887e-01
faceCenterPointX: 243
faceCenterPointY: 76
headPositionsX: [ 242, 244, 245, 245, 244, 244, 242, 244, 243, 244, 242,
    242, 242, 245, 245, 245, 245, 244, 243, 243, 242, 244, 241, 245, 240,
    245, 244, 245, 244, 241, 243, 241, 243, 242, 244, 245, 244, 244, 244,
    241, 245, 244, 244, 243, 240, 240, 242, 242, 245, 243, 242, 244, 241,
    240, 241, 242, 241, 245, 243, 244, 242, 245, 246, 247, 248, 254, 252,
    260, 257, 260, 255, 255, 250, 248, 245, 237, 236, 234, 237, 241, 242,
    243, 243, 246, 248, 245, 245, 246, 246, 241, 243, 240, 244, 243, 240,
    244, 244, 241, 241, 244 ]
headPositionsY: [ 75, 77, 74, 75, 78, 76, 76, 76, 75, 77, 74, 74, 76, 77,
    73, 76, 75, 74, 73, 74, 77, 72, 78, 75, 73, 73, 72, 77, 77, 76, 73,
    75, 77, 72, 76, 75, 75, 73, 77, 76, 73, 75, 77, 78, 77, 74, 76, 75,
    76, 74, 78, 78, 74, 74, 77, 76, 75, 75, 78, 75, 74, 73, 79, 74, 75,
    75, 75, 75, 76, 73, 75, 74, 77, 78, 78, 78, 79, 76, 74, 75, 77, 75,
    77, 75, 78, 77, 76, 78, 75, 76, 77, 77, 78, 79, 79, 75, 77, 75, 78,
    76 ]
