%YAML:1.0
---
videoName: "headShake30.mp4"
gestureLabel: 201
fps: 29
pixelSizeInCmTemp: 3.2808219178082193e-01
faceCenterPointX: 240
faceCenterPointY: 68
headPositionsX: [ 239, 234, 231, 235, 233, 232, 232, 233, 234, 236, 237,
    235, 238, 237, 240, 239, 241, 242, 244, 244, 243, 245, 241, 243, 246,
    242, 240, 245, 241, 242, 240, 239, 242, 239, 241, 237, 239, 239, 241,
    246, 248, 255, 259, 258, 261, 261, 259, 255, 248, 246, 237, 229, 226,
    222, 225, 225, 231, 233, 241, 244, 251, 250, 254, 249, 244, 243, 239,
    234, 228, 227, 226, 228, 231, 238, 240, 243, 247, 248, 251, 247, 247,
    246, 244, 240, 235, 236, 238, 236, 238, 239, 240, 241, 240, 240, 238,
    241, 238, 238, 241, 238 ]
headPositionsY: [ 70, 55, 56, 58, 57, 60, 61, 59, 60, 63, 62, 64, 64, 65,
    63, 67, 67, 63, 66, 66, 65, 65, 67, 65, 65, 66, 64, 66, 66, 64, 66,
    63, 68, 64, 64, 64, 65, 67, 67, 64, 66, 67, 66, 63, 65, 64, 66, 67,
    66, 69, 69, 67, 66, 69, 66, 69, 67, 69, 69, 70, 65, 67, 65, 67, 70,
    70, 70, 68, 69, 67, 69, 70, 70, 68, 69, 65, 64, 68, 65, 67, 66, 66,
    65, 68, 65, 69, 67, 67, 69, 69, 70, 68, 69, 69, 66, 67, 70, 70, 70,
    70 ]
