%YAML:1.0
---
videoName: "headShake41.mp4"
gestureLabel: 201
fps: 29
pixelSizeInCmTemp: 3.2364864864864862e-01
faceCenterPointX: 264
faceCenterPointY: 85
headPositionsX: [ 265, 260, 261, 260, 261, 262, 260, 260, 264, 260, 261,
    259, 259, 263, 260, 260, 261, 262, 261, 259, 263, 265, 262, 267, 268,
    269, 271, 274, 275, 276, 277, 277, 282, 282, 278, 281, 283, 279, 278,
    279, 275, 272, 268, 264, 258, 254, 253, 247, 247, 244, 242, 247, 243,
    245, 247, 251, 253, 251, 259, 261, 262, 267, 269, 273, 274, 275, 280,
    276, 275, 278, 279, 277, 273, 270, 270, 269, 267, 267, 266, 263, 266,
    265, 263, 263, 262, 264, 263, 263, 260, 260, 264, 263, 262, 264, 261,
    264, 265, 265, 263, 263 ]
headPositionsY: [ 83, 81, 85, 85, 85, 83, 82, 81, 85, 83, 84, 82, 84, 86,
    84, 85, 85, 84, 83, 85, 83, 84, 85, 85, 81, 85, 80, 83, 81, 81, 82,
    81, 80, 78, 82, 80, 80, 82, 84, 80, 84, 83, 86, 84, 84, 86, 83, 82,
    81, 80, 81, 82, 84, 83, 84, 86, 83, 84, 84, 83, 83, 82, 86, 85, 82,
    84, 84, 83, 86, 82, 86, 86, 84, 86, 85, 83, 86, 87, 84, 84, 84, 81,
    86, 83, 82, 85, 84, 84, 83, 83, 85, 84, 85, 84, 83, 83, 82, 84, 82,
    87 ]
