%YAML:1.0
---
videoName: "headShake9.mp4"
gestureLabel: 201
fps: 30
pixelSizeInCmTemp: 3.2808219178082193e-01
faceCenterPointX: 243
faceCenterPointY: 73
headPositionsX: [ 243, 244, 243, 240, 241, 242, 243, 242, 241, 241, 242,
    242, 242, 242, 243, 245, 243, 242, 244, 243, 240, 243, 244, 241, 244,
    241, 243, 245, 243, 241, 240, 241, 242, 241, 241, 244, 243, 241, 243,
    242, 249, 250, 252, 258, 260, 264, 262, 267, 262, 259, 251, 248, 244,
    236, 234, 229, 229, 227, 232, 234, 241, 245, 253, 255, 263, 263, 260,
    258, 257, 250, 244, 236, 233, 230, 231, 230, 230, 231, 235, 241, 246,
    246, 252, 252, 253, 249, 248, 247, 247, 244, 244, 246, 244, 242, 242,
    242, 246, 246, 245, 242 ]
headPositionsY: [ 71, 73, 70, 74, 72, 73, 71, 71, 74, 74, 70, 72, 71, 72,
    74, 75, 74, 70, 74, 75, 72, 70, 71, 72, 74, 74, 70, 71, 71, 75, 70,
    70, 73, 72, 71, 74, 71, 73, 74, 71, 73, 71, 72, 69, 72, 70, 68, 69,
    72, 69, 71, 71, 72, 75, 72, 72, 70, 72, 75, 75, 73, 73, 70, 69, 69,
    71, 71, 71, 70, 74, 71, 70, 71, 74, 75, 70, 70, 72, 75, 71, 71, 75,
    70, 70, 75, 74, 73, 71, 75, 74, 72, 71, 72, 71, 72, 74, 72, 75, 74,
    74 ]
