%YAML:1.0
---
videoName: "headShake3.mp4"
gestureLabel: 201
fps: 30
pixelSizeInCmTemp: 3.3263888888888887e-01
faceCenterPointX: 240
faceCenterPointY: 101
headPositionsX: [ 240, 240, 242, 243, 243, 239, 242, 240, 239, 240, 241,
    243, 240, 243, 240, 239, 241, 244, 243, 239, 242, 243, 239, 242, 241,
    240, 240, 240, 238, 241, 238, 238, 241, 244, 248, 250, 252, 253, 255,
    257, 256, 250, 249, 242, 237, 233, 231, 229, 230, 233, 232, 237, 244,
    247, 249, 251, 247, 247, 241, 240, 232, 227, 227, 227, 226, 228, 231,
    236, 241, 243, 247, 247, 244, 245, 245, 243, 240, 239, 235, 234, 231,
    231, 234, 236, 235, 234, 238, 237, 238, 238, 242, 238, 239, 239, 239,
    240, 241, 241, 242, 242 ]
headPositionsY: [ 102, 101, 100, 98, 101, 100, 100, 99, 100, 97, 101,
    100, 98, 99, 98, 101, 100, 101, 99, 99, 98, 101, 98, 99, 98, 98, 99,
    100, 97, 100, 100, 100, 98, 101, 96, 97, 96, 98, 96, 97, 97, 98, 101,
    99, 100, 101, 97, 99, 99, 98, 96, 97, 99, 100, 96, 101, 98, 99, 99,
    100, 100, 96, 97, 99, 99, 97, 99, 97, 98, 101, 99, 97, 96, 98, 98,
    99, 100, 100, 100, 100, 100, 97, 101, 99, 100, 98, 100, 101, 98, 101,
    101, 98, 99, 100, 103, 101, 100, 100, 100, 99 ]
