%YAML:1.0
---
videoName: "headShake1.mp4"
gestureLabel: 201
fps: 29
pixelSizeInCmTemp: 3.3263888888888887e-01
faceCenterPointX: 279
faceCenterPointY: 98
headPositionsX: [ 281, 280, 278, 277, 280, 282, 281, 280, 279, 281, 278,
    277, 278, 278, 279, 279, 281, 278, 279, 279, 278, 278, 279, 279, 277,
    278, 281, 280, 281, 283, 283, 287, 289, 292, 293, 293, 292, 290, 288,
    284, 281, 273, 272, 272, 267, 269, 269, 278, 278, 283, 287, 290, 294,
    291, 288, 288, 285, 281, 276, 270, 269, 264, 268, 269, 275, 276, 285,
    285, 292, 290, 292, 291, 291, 288, 282, 282, 277, 273, 273, 273, 269,
    273, 271, 274, 273, 273, 273, 276, 278, 276, 279, 280, 280, 280, 282,
    281, 281, 278, 280, 278 ]
headPositionsY: [ 97, 96, 96, 98, 97, 98, 98, 97, 99, 95, 95, 98, 95, 98,
    94, 98, 99, 96, 96, 98, 96, 99, 96, 95, 99, 99, 98, 99, 97, 96, 95,
    98, 95, 96, 98, 94, 96, 93, 95, 98, 99, 99, 96, 98, 98, 98, 96, 96,
    99, 97, 95, 93, 94, 94, 94, 97, 95, 96, 98, 98, 95, 95, 95, 94, 95,
    97, 97, 96, 96, 96, 94, 96, 95, 96, 96, 97, 97, 97, 98, 99, 94, 94,
    95, 98, 96, 97, 98, 99, 95, 98, 97, 95, 96, 98, 100, 100, 99, 97, 98,
    97 ]
