%YAML:1.0
---
videoName: "headShake35.mp4"
gestureLabel: 201
fps: 29
pixelSizeInCmTemp: 3.2364864864864862e-01
faceCenterPointX: 267
faceCenterPointY: 82
headPositionsX: [ 267, 267, 265, 268, 268, 265, 267, 268, 268, 267, 266,
    269, 268, 271, 269, 270, 267, 269, 267, 270, 269, 266, 268, 269, 267,
    268, 266, 270, 268, 271, 267, 269, 266, 267, 269, 270, 266, 270, 269,
    267, 267, 266, 267, 268, 265, 269, 267, 265, 266, 269, 265, 265, 269,
    267, 267, 266, 265, 268, 266, 269, 268, 269, 267, 272, 275, 274, 280,
    279, 281, 278, 277, 272, 264, 261, 262, 257, 259, 261, 266, 268, 275,
    274, 276, 275, 268, 268, 265, 264, 262, 259, 261, 266, 263, 269, 266,
    266, 268, 267, 266, 266 ]
headPositionsY: [ 81, 81, 82, 78, 79, 80, 80, 79, 80, 80, 82, 80, 78, 81,
    78, 82, 78, 80, 82, 81, 81, 80, 81, 78, 79, 82, 78, 79, 78, 81, 78,
    78, 80, 81, 82, 80, 81, 80, 81, 80, 82, 82, 80, 80, 80, 78, 79, 78,
    80, 81, 82, 79, 81, 81, 81, 81, 78, 81, 81, 82, 79, 80, 80, 83, 82,
    78, 78, 79, 79, 83, 82, 83, 79, 79, 82, 78, 80, 83, 84, 82, 83, 84,
    80, 83, 80, 81, 79, 82, 83, 83, 80, 83, 80, 79, 82, 82, 82, 84, 80,
    80 ]
