%YAML:1.0
---
videoName: "headShake41.mp4"
gestureLabel: 201
fps: 29
pixelSizeInCmTemp: 3.2364864864864862e-01
faceCenterPointX: 264
faceCenterPointY: 85
headPositionsX: [ 264, 263, 263, 264, 263, 259, 261, 260, 261, 260, 260,
    260, 262, 263, 260, 262, 263, 262, 263, 258, 261, 261, 264, 267, 264,
    267, 272, 273, 273, 279, 280, 279, 281, 284, 280, 284, 283, 280, 279,
    275, 274, 269, 268, 263, 258, 252, 252, 247, 247, 248, 245, 246, 246,
    247, 250, 250, 253, 254, 257, 258, 265, 266, 267, 273, 275, 279, 278,
    276, 276, 276, 276, 275, 272, 273, 271, 266, 270, 268, 266, 263, 265,
    262, 263, 262, 261, 262, 262, 264, 262, 263, 264, 261, 262, 262, 260,
    263, 264, 261, 263, 262 ]
headPositionsY: [ 84, 83, 83, 85, 85, 82, 84, 83, 82, 80, 85, 85, 81, 86,
    82, 83, 83, 86, 85, 83, 84, 84, 82, 82, 85, 81, 84, 84, 80, 80, 80,
    81, 81, 82, 80, 79, 81, 81, 82, 83, 82, 83, 82, 83, 81, 86, 83, 82,
    84, 81, 82, 82, 84, 85, 82, 86, 84, 83, 86, 86, 87, 83, 83, 84, 84,
    82, 85, 83, 82, 86, 85, 86, 84, 83, 86, 84, 86, 87, 85, 84, 84, 84,
    84, 84, 85, 85, 84, 83, 82, 86, 86, 84, 83, 84, 84, 85, 86, 84, 85,
    83 ]
