%YAML:1.0
---
videoName: "headShake2.mp4"
gestureLabel: 201
fps: 29
pixelSizeInCmTemp: 3.4214285714285714e-01
faceCenterPointX: 276
faceCenterPointY: 98
headPositionsX: [ 278, 277, 278, 275, 278, 275, 277, 277, 277, 277, 277,
    276, 275, 276, 278, 279, 278, 276, 279, 275, 276, 279, 278, 278, 278,
    275, 279, 277, 279, 276, 277, 277, 278, 276, 277, 276, 278, 277, 276,
    277, 275, 277, 279, 283, 287, 290, 291, 294, 296, 293, 292, 286, 284,
    277, 272, 267, 267, 264, 267, 268, 271, 277, 284, 287, 291, 290, 288,
    287, 284, 281, 275, 273, 270, 268, 266, 272, 273, 278, 281, 285, 288,
    287, 284, 285, 282, 282, 280, 275, 275, 276, 276, 277, 278, 276, 272,
    274, 277, 275, 275, 278 ]
headPositionsY: [ 96, 100, 100, 97, 96, 96, 98, 97, 100, 100, 97, 98, 99,
    99, 100, 98, 97, 97, 100, 96, 98, 99, 101, 100, 99, 96, 99, 100, 100,
    98, 96, 98, 98, 99, 97, 99, 96, 98, 97, 100, 96, 99, 99, 97, 95, 99,
    97, 99, 94, 98, 98, 97, 98, 98, 97, 99, 98, 99, 97, 96, 99, 96, 97,
    99, 98, 98, 96, 98, 99, 99, 100, 96, 100, 96, 99, 96, 96, 97, 97, 97,
    96, 96, 96, 97, 99, 97, 98, 98, 100, 100, 99, 101, 101, 99, 100, 101,
    97, 101, 97, 99 ]
