%YAML:1.0
---
videoName: "headShake44.mp4"
gestureLabel: 201
fps: 30
pixelSizeInCmTemp: 3.2808219178082193e-01
faceCenterPointX: 260
faceCenterPointY: 84
headPositionsX: [ 262, 261, 258, 263, 262, 263, 258, 259, 262, 262, 264,
    263, 260, 262, 259, 260, 262, 263, 261, 259, 261, 259, 262, 260, 263,
    260, 260, 262, 260, 259, 259, 260, 259, 263, 260, 262, 258, 262, 264,
    265, 267, 270, 273, 276, 275, 272, 271, 267, 264, 258, 254, 250, 251,
    251, 254, 261, 267, 272, 270, 268, 265, 262, 260, 253, 253, 258, 258,
    266, 271, 273, 273, 268, 264, 260, 258, 256, 251, 251, 253, 254, 258,
    259, 259, 261, 260, 263, 260, 262, 260, 260, 262, 261, 260, 263, 259,
    263, 258, 260, 261, 261 ]
headPositionsY: [ 85, 83, 80, 82, 84, 83, 82, 83, 84, 82, 83, 81, 82, 80,
    84, 84, 83, 82, 85, 81, 82, 81, 82, 81, 83, 83, 84, 82, 82, 83, 81,
    84, 85, 84, 82, 84, 84, 82, 81, 85, 81, 84, 84, 81, 81, 83, 83, 84,
    84, 84, 83, 83, 86, 84, 82, 83, 82, 83, 84, 86, 83, 86, 86, 82, 83,
    83, 85, 86, 85, 84, 83, 82, 85, 86, 84, 85, 86, 84, 84, 85, 85, 83,
    86, 84, 83, 85, 86, 87, 84, 85, 82, 84, 86, 84, 83, 85, 83, 85, 85,
    86 ]
