%YAML:1.0
---
videoName: "headShake8.mp4"
gestureLabel: 201
fps: 29
pixelSizeInCmTemp: 3.2364864864864862e-01
faceCenterPointX: 243
faceCenterPointY: 72
headPositionsX: [ 243, 245, 242, 244, 244, 244, 246, 243, 244, 244, 241,
    245, 242, 243, 244, 241, 241, 241, 243, 244, 245, 242, 241, 242, 245,
    245, 242, 245, 242, 244, 242, 243, 241, 242, 246, 247, 254, 258, 262,
    266, 267, 263, 263, 260, 255, 252, 247, 241, 237, 233, 231, 229, 234,
    236, 244, 247, 252, 260, 258, 258, 256, 254, 253, 247, 242, 239, 233,
    234, 235, 236, 234, 238, 237, 239, 241, 243, 245, 247, 249, 249, 252,
    251, 249, 249, 248, 250, 247, 249, 245, 245, 243, 243, 242, 242, 243,
    244, 243, 243, 244, 244 ]
headPositionsY: [ 73, 73, 74, 71, 70, 72, 71, 73, 73, 74, 73, 71, 70, 73,
    70, 72, 71, 73, 69, 72, 71, 73, 72, 73, 72, 74, 72, 73, 73, 73, 69,
    70, 69, 73, 70, 73, 71, 68, 71, 71, 71, 70, 68, 73, 73, 69, 70, 71,
    73, 71, 73, 71, 71, 73, 74, 69, 68, 72, 68, 70, 72, 70, 70, 71, 70,
    71, 70, 70, 72, 70, 70, 72, 71, 70, 71, 73, 74, 71, 72, 71, 72, 69,
    69, 72, 72, 72, 73, 73, 73, 71, 70, 73, 72, 69, 72, 73, 73, 74, 72,
    72 ]
