%YAML:1.0
---
videoName: "headShake1.mp4"
gestureLabel: 201
fps: 29
pixelSizeInCmTemp: 3.3263888888888887e-01
faceCenterPointX: 279
faceCenterPointY: 98
headPositionsX: [ 281, 279, 278, 278, 279, 282, 279, 281, 278, 277, 278,
    280, 278, 279, 276, 278, 277, 278, 280, 281, 279, 280, 278, 280, 279,
    281, 279, 278, 283, 281, 285, 286, 292, 293, 293, 291, 291, 286, 284,
    284, 278, 272, 270, 268, 270, 271, 273, 277, 278, 283, 288, 293, 291,
    292, 292, 285, 283, 280, 272, 272, 269, 264, 267, 270, 273, 277, 281,
    285, 290, 294, 294, 290, 288, 288, 284, 281, 275, 276, 272, 272, 267,
    274, 273, 271, 271, 277, 273, 275, 278, 276, 281, 281, 280, 278, 281,
    280, 279, 278, 278, 279 ]
headPositionsY: [ 96, 96, 98, 96, 96, 95, 96, 98, 95, 96, 99, 96, 97, 97,
    98, 95, 96, 98, 96, 95, 95, 96, 95, 98, 96, 95, 96, 98, 94, 94, 99,
    95, 97, 96, 94, 96, 94, 94, 94, 97, 100, 98, 96, 97, 94, 95, 95, 95,
    96, 93, 96, 95, 97, 97, 95, 97, 95, 97, 98, 94, 98, 95, 96, 96, 99,
    98, 97, 93, 98, 95, 94, 97, 94, 99, 98, 97, 99, 99, 94, 99, 97, 96,
    98, 99, 100, 98, 95, 96, 98, 99, 98, 95, 96, 98, 96, 99, 99, 101, 96,
    99 ]
