%YAML:1.0
---
videoName: "headShake11.mp4"
gestureLabel: 201
fps: 29
pixelSizeInCmTemp: 3.2364864864864862e-01
faceCenterPointX: 244
faceCenterPointY: 76
headPositionsX: [ 244, 241, 242, 241, 242, 241, 245, 243, 243, 241, 241,
    242, 244, 244, 240, 240, 241, 240, 241, 242, 243, 244, 243, 241, 243,
    242, 245, 243, 246, 248, 252, 258, 259, 263, 262, 260, 263, 260, 252,
    248, 242, 236, 233, 232, 227, 228, 231, 230, 234, 239, 245, 250, 253,
    258, 257, 260, 254, 252, 249, 242, 240, 233, 230, 233, 229, 231, 236,
    237, 242, 246, 253, 257, 258, 257, 259, 255, 254, 246, 245, 241, 238,
    234, 233, 237, 233, 236, 240, 240, 244, 246, 248, 246, 250, 248, 248,
    245, 244, 246, 243, 245 ]
headPositionsY: [ 77, 70, 74, 73, 72, 73, 73, 71, 74, 74, 73, 70, 75, 71,
    72, 75, 73, 72, 74, 75, 74, 75, 71, 72, 73, 73, 71, 71, 72, 71, 73,
    73, 69, 73, 71, 74, 73, 72, 75, 77, 73, 72, 73, 74, 75, 73, 72, 75,
    73, 74, 76, 72, 72, 75, 76, 73, 71, 76, 73, 74, 75, 77, 76, 74, 78,
    75, 76, 75, 73, 75, 73, 72, 73, 72, 72, 72, 72, 76, 77, 74, 76, 72,
    72, 74, 76, 76, 77, 76, 73, 77, 73, 77, 73, 72, 74, 73, 77, 78, 76,
    75 ]
