%YAML:1.0
---
videoName: "headShake49.mp4"
gestureLabel: 201
fps: 30
pixelSizeInCmTemp: 2.8855421686746985e-01
faceCenterPointX: 259
faceCenterPointY: 84
headPositionsX: [ 260, 260, 262, 259, 259, 260, 263, 261, 259, 261, 263,
    263, 262, 259, 259, 261, 261, 261, 262, 260, 261, 261, 261, 261, 263,
    259, 262, 261, 260, 263, 259, 259, 263, 265, 269, 275, 277, 278, 282,
    286, 280, 277, 272, 268, 257, 252, 247, 248, 248, 258, 260, 266, 272,
    272, 273, 265, 262, 258, 252, 250, 246, 252, 257, 260, 263, 271, 272,
    267, 265, 262, 255, 253, 255, 257, 258, 260, 264, 269, 269, 266, 269,
    262, 260, 258, 258, 259, 256, 258, 261, 259, 258, 258, 260, 260, 257,
    257, 256, 260, 260, 259 ]
headPositionsY: [ 85, 80, 80, 81, 80, 82, 82, 83, 78, 81, 82, 82, 81, 80,
    81, 78, 79, 83, 83, 80, 81, 81, 81, 80, 78, 78, 79, 80, 81, 79, 83,
    83, 79, 79, 83, 80, 78, 80, 81, 81, 81, 79, 83, 83, 82, 81, 83, 83,
    84, 86, 82, 84, 86, 82, 86, 86, 86, 83, 86, 83, 85, 85, 86, 85, 83,
    82, 86, 85, 87, 82, 84, 83, 83, 86, 84, 84, 82, 86, 83, 84, 86, 87,
    85, 85, 86, 82, 85, 84, 83, 87, 87, 82, 86, 83, 86, 86, 85, 85, 86,
    84 ]
