%YAML:1.0
---
videoName: "headShake27.mp4"
gestureLabel: 201
fps: 29
pixelSizeInCmTemp: 3.3263888888888887e-01
faceCenterPointX: 244
faceCenterPointY: 78
headPositionsX: [ 242, 247, 247, 249, 249, 251, 253, 253, 255, 255, 256,
    255, 254, 253, 255, 252, 247, 246, 246, 242, 240, 238, 236, 235, 233,
    234, 231, 232, 230, 233, 235, 236, 236, 236, 240, 242, 241, 242, 244,
    249, 249, 246, 249, 249, 251, 248, 249, 248, 248, 248, 247, 242, 243,
    240, 239, 239, 235, 232, 233, 233, 230, 232, 236, 236, 237, 235, 234,
    237, 240, 240, 244, 244, 245, 247, 247, 249, 250, 246, 248, 248, 246,
    246, 244, 247, 247, 247, 243, 248, 244, 247, 245, 244, 245, 243, 245,
    246, 242, 242, 244, 242 ]
headPositionsY: [ 80, 78, 77, 77, 77, 74, 79, 78, 74, 74, 75, 77, 75, 75,
    80, 80, 77, 78, 76, 77, 79, 80, 80, 78, 80, 77, 77, 77, 78, 77, 78,
    79, 77, 76, 81, 77, 81, 81, 82, 80, 80, 78, 81, 78, 81, 81, 79, 81,
    79, 81, 81, 80, 80, 79, 79, 78, 81, 76, 81, 78, 78, 78, 80, 79, 78,
    79, 80, 81, 81, 80, 78, 79, 80, 80, 81, 80, 81, 82, 79, 82, 80, 80,
    81, 80, 78, 81, 78, 81, 79, 81, 82, 79, 81, 81, 78, 80, 81, 81, 81,
    78 ]
