%YAML:1.0
---
videoName: "headShake26.mp4"
gestureLabel: 201
fps: 30
pixelSizeInCmTemp: 3.2808219178082193e-01
faceCenterPointX: 243
faceCenterPointY: 78
headPositionsX: [ 242, 238, 238, 241, 242, 242, 243, 247, 245, 249, 249,
    251, 249, 251, 250, 250, 253, 250, 245, 245, 242, 239, 237, 234, 230,
    228, 227, 232, 230, 231, 230, 233, 238, 243, 248, 247, 250, 250, 254,
    251, 255, 253, 248, 246, 245, 243, 237, 236, 235, 231, 228, 231, 230,
    229, 232, 233, 237, 241, 240, 247, 246, 248, 251, 253, 252, 251, 249,
    252, 247, 245, 245, 245, 243, 241, 240, 238, 235, 237, 235, 237, 237,
    237, 238, 238, 240, 243, 242, 244, 241, 243, 247, 244, 242, 243, 243,
    243, 242, 246, 245, 242 ]
headPositionsY: [ 79, 78, 78, 78, 78, 75, 79, 76, 80, 76, 78, 78, 77, 75,
    78, 77, 80, 79, 76, 79, 80, 80, 79, 79, 79, 77, 75, 75, 77, 75, 76,
    76, 75, 75, 79, 75, 79, 79, 76, 77, 77, 80, 75, 80, 79, 77, 76, 78,
    76, 77, 77, 77, 78, 76, 74, 75, 78, 78, 80, 78, 77, 78, 77, 76, 75,
    74, 76, 78, 79, 77, 78, 78, 77, 78, 77, 80, 79, 80, 78, 80, 78, 77,
    77, 78, 77, 78, 77, 76, 80, 79, 78, 77, 77, 81, 76, 78, 76, 77, 81,
    78 ]
