%YAML:1.0
---
videoName: "headShake31.mp4"
gestureLabel: 201
fps: 29
pixelSizeInCmTemp: 3.2808219178082193e-01
faceCenterPointX: 236
faceCenterPointY: 68
headPositionsX: [ 234, 239, 236, 236, 238, 238, 235, 236, 236, 235, 236,
    236, 235, 239, 238, 238, 235, 235, 236, 234, 237, 236, 237, 239, 238,
    236, 235, 238, 235, 237, 239, 237, 237, 235, 234, 236, 234, 239, 239,
    244, 249, 249, 250, 252, 253, 250, 243, 239, 232, 223, 222, 221, 223,
    223, 226, 232, 238, 246, 248, 246, 244, 243, 242, 238, 236, 232, 226,
    227, 230, 230, 232, 234, 238, 239, 240, 243, 245, 245, 239, 241, 237,
    235, 234, 234, 232, 237, 234, 237, 232, 234, 235, 238, 235, 236, 235,
    238, 236, 238, 236, 235 ]
headPositionsY: [ 70, 68, 67, 65, 65, 67, 67, 68, 68, 67, 68, 67, 65, 69,
    69, 67, 66, 67, 69, 64, 67, 70, 69, 68, 66, 69, 66, 67, 68, 69, 66,
    66, 69, 69, 66, 66, 68, 65, 69, 67, 64, 68, 64, 65, 67, 65, 70, 68,
    69, 69, 69, 70, 69, 71, 70, 70, 69, 71, 68, 68, 68, 71, 70, 70, 70,
    70, 69, 71, 67, 72, 70, 71, 71, 66, 70, 66, 68, 69, 68, 69, 69, 69,
    67, 69, 68, 70, 66, 71, 68, 67, 67, 68, 69, 67, 67, 67, 70, 67, 69,
    70 ]
