%YAML:1.0
---
videoName: "headShake33.mp4"
gestureLabel: 201
fps: 29
pixelSizeInCmTemp: 3.2364864864864862e-01
faceCenterPointX: 244
faceCenterPointY: 84
headPositionsX: [ 244, 243, 245, 244, 247, 243, 246, 244, 244, 245, 246,
    245, 246, 244, 244, 245, 245, 244, 244, 246, 247, 247, 247, 250, 251,
    255, 256, 258, 258, 261, 261, 261, 264, 262, 259, 257, 253, 247, 246,
    240, 238, 234, 231, 232, 227, 225, 227, 225, 230, 232, 233, 238, 242,
    247, 252, 254, 257, 261, 260, 258, 258, 261, 256, 255, 253, 250, 246,
    245, 242, 237, 238, 233, 234, 230, 234, 234, 232, 235, 236, 237, 238,
    239, 242, 241, 245, 243, 246, 248, 249, 248, 248, 247, 245, 247, 244,
    247, 243, 246, 244, 243 ]
headPositionsY: [ 84, 81, 82, 84, 84, 83, 85, 83, 84, 80, 84, 80, 82, 84,
    84, 81, 82, 84, 81, 81, 82, 85, 85, 83, 80, 82, 82, 83, 83, 80, 82,
    79, 81, 84, 80, 83, 83, 81, 80, 82, 82, 81, 82, 84, 81, 80, 80, 80,
    85, 82, 85, 84, 85, 84, 85, 80, 82, 80, 79, 82, 80, 82, 80, 81, 82,
    82, 81, 83, 81, 84, 81, 84, 83, 81, 80, 81, 82, 84, 83, 85, 82, 81,
    82, 85, 84, 84, 84, 82, 85, 85, 81, 86, 81, 81, 83, 82, 81, 85, 81,
    83 ]
