%YAML:1.0
---
videoName: "headShake37.mp4"
gestureLabel: 201
fps: 30
pixelSizeInCmTemp: 3.1933333333333330e-01
faceCenterPointX: 263
faceCenterPointY: 83
headPositionsX: [ 265, 258, 263, 260, 262, 262, 259, 261, 262, 261, 264,
    262, 261, 263, 264, 262, 264, 262, 263, 264, 260, 265, 262, 264, 263,
    260, 260, 261, 261, 261, 262, 263, 263, 264, 263, 265, 260, 260, 263,
    261, 263, 263, 262, 259, 259, 263, 262, 265, 265, 268, 274, 276, 278,
    283, 283, 277, 269, 265, 260, 255, 255, 253, 255, 258, 262, 269, 270,
    271, 271, 271, 267, 264, 261, 255, 252, 253, 252, 255, 255, 258, 257,
    259, 262, 266, 268, 267, 264, 268, 268, 266, 265, 263, 262, 263, 264,
    261, 261, 265, 262, 264 ]
headPositionsY: [ 84, 81, 82, 85, 85, 83, 81, 82, 85, 81, 81, 85, 83, 84,
    84, 84, 85, 82, 81, 85, 84, 84, 85, 83, 85, 82, 83, 82, 83, 80, 84,
    85, 85, 83, 83, 84, 84, 85, 84, 82, 82, 83, 82, 81, 84, 84, 85, 83,
    82, 83, 80, 81, 82, 80, 80, 81, 84, 81, 84, 80, 80, 81, 80, 82, 82,
    82, 81, 80, 81, 83, 80, 83, 84, 85, 81, 84, 82, 79, 84, 83, 81, 82,
    81, 81, 83, 83, 83, 82, 81, 84, 86, 81, 82, 85, 80, 85, 81, 82, 81,
    82 ]
