%YAML:1.0
---
videoName: "headShake41.mp4"
gestureLabel: 201
fps: 29
pixelSizeInCmTemp: 3.2364864864864862e-01
faceCenterPointX: 264
faceCenterPointY: 85
headPositionsX: [ 265, 260, 261, 261, 260, 263, 260, 263, 260, 259, 264,
    263, 262, 263, 261, 263, 259, 259, 260, 258, 260, 261, 265, 263, 264,
    270, 272, 275, 275, 278, 277, 278, 282, 283, 277, 282, 280, 279, 278,
    275, 274, 268, 264, 264, 256, 255, 253, 251, 246, 247, 242, 247, 245,
    247, 247, 252, 253, 253, 258, 262, 262, 266, 271, 271, 273, 278, 279,
    278, 277, 279, 276, 274, 276, 274, 273, 269, 269, 269, 266, 263, 265,
    261, 263, 263, 264, 265, 260, 262, 262, 262, 263, 263, 264, 264, 260,
    262, 262, 264, 261, 262 ]
headPositionsY: [ 83, 80, 85, 83, 84, 83, 82, 82, 86, 84, 86, 85, 84, 86,
    85, 82, 84, 84, 83, 84, 84, 83, 82, 82, 84, 83, 84, 80, 82, 83, 81,
    81, 83, 81, 79, 80, 80, 81, 85, 84, 83, 81, 82, 86, 84, 84, 86, 84,
    83, 83, 81, 84, 82, 83, 85, 83, 83, 82, 83, 85, 84, 85, 86, 84, 82,
    84, 84, 86, 86, 82, 83, 83, 86, 85, 84, 83, 86, 84, 84, 85, 86, 81,
    83, 86, 82, 84, 82, 84, 83, 86, 82, 83, 87, 84, 82, 86, 85, 82, 82,
    86 ]
