%YAML:1.0
---
videoName: "headShake7.mp4"
gestureLabel: 201
fps: 29
pixelSizeInCmTemp: 3.3263888888888887e-01
faceCenterPointX: 244
faceCenterPointY: 72
headPositionsX: [ 245, 244, 244, 242, 241, 241, 243, 245, 240, 243, 247,
    248, 253, 256, 254, 256, 260, 260, 259, 254, 253, 245, 241, 234, 232,
    235, 233, 240, 244, 253, 259, 256, 259, 257, 253, 252, 245, 238, 235,
    228, 229, 230, 231, 236, 241, 246, 248, 253, 255, 256, 252, 248, 243,
    244, 239, 234, 232, 227, 232, 236, 240, 246, 245, 250, 255, 254, 259,
    254, 253, 252, 249, 245, 240, 236, 237, 232, 236, 236, 235, 237, 238,
    241, 242, 246, 245, 245, 248, 249, 246, 248, 246, 245, 248, 246, 246,
    245, 244, 243, 245, 245 ]
headPositionsY: [ 73, 70, 69, 72, 71, 71, 72, 72, 72, 72, 72, 73, 69, 69,
    72, 70, 68, 66, 67, 70, 68, 69, 68, 71, 69, 69, 69, 72, 71, 69, 69,
    69, 69, 71, 69, 69, 70, 70, 73, 68, 71, 70, 72, 73, 70, 71, 71, 68,
    68, 69, 72, 72, 73, 71, 70, 70, 73, 67, 70, 71, 69, 70, 70, 70, 69,
    67, 67, 71, 72, 73, 71, 72, 69, 71, 71, 71, 71, 72, 68, 69, 72, 70,
    72, 72, 72, 72, 70, 72, 69, 69, 74, 72, 73, 74, 73, 72, 73, 71, 70,
    72 ]
