%YAML:1.0
---
videoName: "headShake3.mp4"
gestureLabel: 201
fps: 30
pixelSizeInCmTemp: 3.3263888888888887e-01
faceCenterPointX: 240
faceCenterPointY: 101
headPositionsX: [ 240, 241, 239, 242, 241, 242, 240, 239, 239, 243, 243,
    241, 242, 242, 241, 242, 241, 244, 243, 241, 242, 242, 240, 243, 241,
    240, 243, 239, 239, 242, 238, 237, 239, 243, 245, 251, 252, 257, 257,
    259, 253, 251, 248, 243, 239, 234, 232, 227, 229, 233, 232, 240, 241,
    246, 250, 249, 247, 248, 241, 240, 235, 231, 225, 225, 222, 229, 231,
    236, 240, 243, 244, 244, 245, 244, 244, 243, 238, 239, 236, 234, 233,
    232, 232, 235, 235, 236, 235, 237, 240, 237, 239, 241, 241, 242, 241,
    241, 240, 239, 240, 239 ]
headPositionsY: [ 99, 97, 98, 99, 99, 99, 98, 97, 100, 99, 98, 96, 98,
    97, 99, 98, 97, 97, 99, 97, 100, 97, 98, 101, 100, 98, 101, 99, 98,
    97, 98, 98, 100, 98, 96, 97, 96, 95, 99, 99, 100, 100, 101, 98, 98,
    97, 100, 97, 99, 97, 98, 98, 98, 99, 99, 98, 96, 96, 101, 101, 100,
    99, 99, 96, 98, 98, 97, 98, 100, 100, 101, 97, 96, 99, 98, 100, 101,
    102, 101, 100, 101, 98, 98, 101, 99, 102, 99, 98, 98, 98, 103, 100,
    102, 98, 102, 99, 102, 100, 103, 98 ]
