%YAML:1.0
---
videoName: "headShake21.mp4"
gestureLabel: 201
fps: 29
pixelSizeInCmTemp: 3.1933333333333330e-01
faceCenterPointX: 241
faceCenterPointY: 78
headPositionsX: [ 240, 246, 246, 244, 241, 244, 240, 242, 242, 240, 241,
    243, 243, 244, 241, 243, 243, 243, 244, 241, 241, 243, 245, 241, 244,
    245, 244, 243, 241, 243, 241, 245, 243, 243, 245, 244, 243, 244, 245,
    241, 240, 241, 241, 242, 242, 241, 243, 240, 241, 240, 242, 239, 241,
    241, 240, 241, 239, 241, 243, 241, 241, 241, 243, 238, 242, 240, 238,
    242, 246, 246, 252, 253, 252, 247, 243, 241, 239, 233, 233, 234, 234,
    238, 239, 242, 242, 244, 241, 240, 239, 238, 237, 238, 240, 237, 237,
    241, 240, 240, 241, 241 ]
headPositionsY: [ 80, 83, 83, 80, 77, 73, 72, 74, 73, 71, 69, 72, 70, 70,
    71, 70, 71, 71, 71, 70, 71, 72, 73, 72, 72, 77, 73, 74, 76, 76, 77,
    74, 75, 77, 76, 76, 75, 79, 76, 75, 77, 77, 79, 75, 80, 78, 76, 78,
    77, 79, 77, 78, 75, 77, 78, 80, 78, 77, 76, 76, 77, 79, 79, 79, 78,
    79, 78, 78, 80, 77, 78, 79, 75, 76, 79, 79, 78, 80, 75, 77, 80, 79,
    78, 81, 77, 78, 76, 77, 79, 80, 77, 79, 81, 79, 76, 77, 80, 77, 80,
    77 ]
