%YAML:1.0
---
videoName: "headShake43.mp4"
gestureLabel: 201
fps: 29
pixelSizeInCmTemp: 3.2808219178082193e-01
faceCenterPointX: 257
faceCenterPointY: 84
headPositionsX: [ 259, 259, 262, 262, 261, 262, 262, 262, 260, 262, 262,
    260, 257, 261, 260, 262, 261, 260, 260, 258, 260, 261, 259, 260, 260,
    264, 264, 266, 269, 270, 273, 274, 280, 276, 278, 282, 281, 277, 278,
    273, 269, 268, 260, 256, 253, 247, 243, 246, 241, 245, 246, 253, 254,
    260, 269, 268, 272, 275, 276, 275, 269, 265, 264, 255, 251, 247, 243,
    245, 244, 246, 248, 252, 253, 259, 265, 267, 267, 271, 270, 267, 268,
    268, 268, 264, 261, 261, 260, 260, 260, 259, 256, 258, 256, 257, 257,
    257, 259, 258, 257, 254 ]
headPositionsY: [ 84, 83, 84, 85, 87, 86, 87, 83, 86, 84, 85, 84, 85, 86,
    83, 85, 85, 85, 84, 84, 84, 88, 88, 83, 86, 84, 84, 83, 86, 81, 83,
    81, 81, 81, 83, 80, 83, 83, 83, 80, 87, 83, 85, 86, 86, 83, 84, 82,
    83, 85, 86, 84, 85, 83, 85, 83, 85, 81, 82, 80, 83, 83, 82, 86, 82,
    83, 84, 82, 81, 81, 82, 87, 84, 87, 84, 86, 81, 82, 84, 81, 83, 85,
    85, 82, 82, 83, 82, 82, 83, 83, 85, 83, 83, 84, 84, 86, 86, 84, 83,
    82 ]
