%YAML:1.0
---
videoName: "headShake12.mp4"
gestureLabel: 201
fps: 29
pixelSizeInCmTemp: 3.2808219178082193e-01
faceCenterPointX: 241
faceCenterPointY: 76
headPositionsX: [ 242, 241, 242, 240, 240, 242, 243, 243, 244, 240, 244,
    242, 243, 241, 239, 240, 244, 240, 242, 240, 240, 244, 240, 240, 241,
    242, 240, 243, 241, 243, 243, 241, 242, 244, 240, 240, 242, 239, 242,
    240, 241, 239, 240, 241, 242, 240, 243, 242, 240, 242, 244, 243, 240,
    242, 241, 243, 240, 242, 244, 244, 247, 254, 252, 255, 259, 261, 257,
    253, 246, 244, 236, 231, 231, 232, 237, 242, 248, 248, 251, 254, 251,
    250, 248, 247, 239, 241, 237, 235, 234, 238, 240, 240, 240, 239, 239,
    240, 240, 239, 239, 242 ]
headPositionsY: [ 78, 70, 72, 71, 76, 73, 73, 72, 72, 75, 74, 76, 75, 71,
    74, 75, 72, 71, 75, 72, 75, 73, 75, 76, 72, 76, 75, 72, 76, 71, 75,
    71, 73, 72, 73, 75, 73, 75, 73, 73, 75, 75, 73, 74, 72, 73, 72, 72,
    74, 75, 75, 72, 72, 75, 74, 76, 72, 75, 76, 75, 72, 75, 73, 72, 73,
    74, 73, 73, 77, 76, 77, 77, 74, 78, 75, 77, 76, 74, 75, 77, 77, 77,
    76, 78, 76, 74, 74, 74, 75, 73, 77, 74, 74, 75, 75, 77, 74, 74, 77,
    77 ]
