%YAML:1.0
---
videoName: "headShake0.mp4"
gestureLabel: 201
fps: 29
pixelSizeInCmTemp: 3.2808219178082193e-01
faceCenterPointX: 279
faceCenterPointY: 94
headPositionsX: [ 279, 277, 280, 279, 277, 277, 279, 277, 279, 279, 279,
    281, 281, 278, 278, 280, 280, 279, 281, 281, 280, 277, 279, 278, 278,
    278, 279, 278, 278, 278, 277, 277, 281, 279, 279, 278, 278, 278, 278,
    281, 281, 282, 283, 288, 292, 295, 298, 302, 299, 299, 299, 293, 290,
    282, 279, 275, 271, 273, 274, 278, 281, 284, 287, 291, 290, 286, 286,
    282, 278, 273, 271, 272, 274, 277, 279, 284, 286, 283, 283, 281, 282,
    277, 278, 278, 274, 275, 276, 277, 277, 276, 280, 280, 277, 279, 279,
    279, 281, 277, 281, 281 ]
headPositionsY: [ 92, 91, 93, 92, 93, 95, 91, 94, 91, 94, 91, 94, 94, 94,
    94, 95, 93, 91, 92, 94, 96, 91, 92, 95, 95, 95, 95, 94, 91, 90, 91,
    93, 92, 94, 94, 94, 95, 94, 92, 96, 91, 91, 89, 91, 89, 90, 92, 91,
    90, 90, 93, 91, 93, 91, 90, 94, 94, 94, 90, 91, 93, 91, 90, 91, 93,
    91, 94, 91, 94, 93, 93, 93, 94, 95, 95, 94, 91, 91, 91, 94, 94, 93,
    92, 93, 96, 91, 95, 94, 92, 94, 92, 96, 96, 96, 96, 96, 96, 96, 94,
    95 ]
