%YAML:1.0
---
videoName: "headShake21.mp4"
gestureLabel: 201
fps: 29
pixelSizeInCmTemp: 3.1933333333333330e-01
faceCenterPointX: 241
faceCenterPointY: 78
headPositionsX: [ 239, 244, 246, 245, 241, 244, 242, 241, 243, 241, 241,
    243, 244, 241, 241, 242, 241, 242, 242, 241, 241, 243, 241, 240, 242,
    241, 242, 242, 243, 243, 241, 241, 243, 242, 241, 243, 243, 241, 241,
    242, 240, 244, 239, 243, 242, 242, 239, 242, 241, 240, 242, 241, 239,
    242, 244, 242, 241, 244, 240, 241, 241, 239, 241, 238, 241, 240, 239,
    240, 248, 250, 250, 251, 252, 248, 245, 244, 236, 232, 235, 231, 236,
    238, 238, 240, 240, 241, 243, 241, 241, 239, 238, 236, 239, 238, 239,
    242, 242, 240, 240, 243 ]
headPositionsY: [ 79, 84, 82, 80, 79, 76, 72, 73, 73, 73, 70, 72, 71, 70,
    70, 72, 71, 71, 73, 69, 70, 73, 70, 73, 72, 75, 76, 73, 74, 78, 75,
    78, 75, 77, 74, 76, 78, 79, 77, 78, 79, 76, 76, 78, 79, 78, 79, 77,
    79, 79, 80, 78, 76, 75, 77, 77, 79, 79, 78, 79, 76, 76, 75, 78, 79,
    78, 77, 76, 79, 75, 76, 76, 77, 77, 76, 77, 78, 79, 75, 79, 80, 78,
    75, 78, 80, 79, 77, 77, 79, 80, 79, 80, 80, 78, 77, 76, 77, 78, 81,
    76 ]
