%YAML:1.0
---
videoName: "headShake9.mp4"
gestureLabel: 201
fps: 30
pixelSizeInCmTemp: 3.2808219178082193e-01
faceCenterPointX: 243
faceCenterPointY: 73
headPositionsX: [ 245, 242, 243, 244, 242, 244, 244, 245, 243, 242, 245,
    243, 243, 245, 244, 241, 243, 242, 242, 245, 242, 245, 244, 245, 244,
    243, 240, 242, 243, 245, 241, 244, 242, 242, 241, 244, 240, 242, 241,
    245, 249, 251, 254, 255, 260, 264, 266, 267, 261, 259, 254, 248, 241,
    238, 233, 232, 226, 227, 230, 236, 240, 249, 254, 258, 259, 262, 264,
    259, 257, 251, 242, 240, 232, 230, 231, 230, 228, 232, 239, 238, 247,
    246, 251, 249, 252, 248, 250, 250, 247, 245, 244, 244, 245, 244, 246,
    244, 243, 245, 245, 241 ]
headPositionsY: [ 74, 71, 74, 74, 71, 70, 74, 70, 72, 72, 70, 70, 70, 74,
    70, 75, 70, 71, 72, 74, 74, 71, 71, 72, 73, 72, 74, 73, 72, 73, 74,
    72, 74, 74, 70, 74, 72, 70, 73, 72, 71, 73, 70, 72, 70, 70, 69, 70,
    71, 69, 72, 75, 74, 74, 71, 74, 71, 70, 73, 75, 71, 70, 70, 72, 68,
    68, 70, 72, 72, 74, 73, 70, 73, 70, 73, 70, 70, 74, 73, 75, 71, 72,
    72, 72, 72, 71, 72, 73, 75, 71, 71, 72, 72, 72, 75, 75, 72, 73, 75,
    73 ]
