%YAML:1.0
---
videoName: "headShake26.mp4"
gestureLabel: 201
fps: 30
pixelSizeInCmTemp: 3.2808219178082193e-01
faceCenterPointX: 243
faceCenterPointY: 78
headPositionsX: [ 241, 241, 241, 241, 241, 243, 246, 243, 247, 250, 251,
    250, 253, 249, 252, 254, 250, 247, 248, 243, 241, 238, 234, 235, 230,
    229, 230, 230, 230, 230, 234, 234, 240, 239, 248, 247, 249, 250, 251,
    254, 253, 251, 250, 249, 243, 239, 238, 234, 232, 228, 231, 230, 230,
    231, 231, 235, 237, 238, 242, 248, 250, 252, 254, 251, 254, 252, 250,
    250, 247, 249, 246, 245, 242, 238, 237, 235, 236, 237, 235, 236, 236,
    238, 237, 237, 238, 241, 240, 241, 242, 244, 246, 245, 245, 243, 247,
    243, 245, 243, 244, 243 ]
headPositionsY: [ 76, 78, 75, 78, 74, 77, 80, 76, 76, 75, 76, 78, 78, 77,
    78, 77, 79, 78, 76, 80, 79, 78, 75, 78, 77, 76, 77, 76, 75, 75, 75,
    76, 75, 75, 80, 78, 79, 75, 77, 75, 78, 80, 76, 78, 76, 80, 76, 78,
    76, 80, 76, 74, 75, 75, 75, 78, 77, 80, 76, 78, 78, 79, 77, 77, 75,
    76, 77, 76, 77, 79, 77, 77, 76, 79, 80, 80, 76, 79, 76, 77, 78, 77,
    79, 79, 76, 79, 78, 80, 80, 81, 81, 81, 81, 81, 78, 78, 76, 77, 81,
    77 ]
