%YAML:1.0
---
videoName: "headShake14.mp4"
gestureLabel: 201
fps: 29
pixelSizeInCmTemp: 3.2364864864864862e-01
faceCenterPointX: 244
faceCenterPointY: 76
headPositionsX: [ 245, 245, 247, 244, 244, 247, 246, 247, 246, 244, 243,
    245, 245, 243, 243, 243, 245, 243, 245, 243, 247, 245, 243, 247, 247,
    247, 248, 251, 257, 258, 260, 261, 262, 259, 254, 251, 245, 239, 238,
    228, 226, 226, 225, 227, 229, 238, 245, 250, 254, 258, 254, 258, 252,
    252, 249, 241, 238, 234, 231, 233, 235, 232, 235, 239, 242, 241, 243,
    245, 250, 250, 248, 249, 250, 250, 245, 244, 243, 242, 240, 240, 238,
    238, 240, 239, 241, 241, 243, 246, 244, 244, 247, 245, 242, 246, 245,
    246, 243, 242, 242, 244 ]
headPositionsY: [ 74, 77, 73, 75, 75, 76, 78, 73, 77, 77, 75, 76, 77, 77,
    73, 73, 76, 74, 74, 73, 74, 76, 76, 75, 75, 74, 76, 72, 74, 75, 75,
    75, 71, 75, 73, 76, 74, 77, 74, 75, 77, 72, 76, 76, 74, 77, 76, 75,
    73, 70, 70, 71, 74, 76, 77, 73, 76, 74, 73, 76, 75, 73, 73, 74, 74,
    73, 74, 74, 76, 74, 77, 74, 77, 75, 78, 74, 74, 77, 73, 77, 74, 74,
    78, 77, 74, 75, 74, 78, 78, 79, 74, 76, 76, 78, 74, 75, 78, 77, 75,
    74 ]
