%YAML:1.0
---
videoName: "headShake14.mp4"
gestureLabel: 201
fps: 29
pixelSizeInCmTemp: 3.2364864864864862e-01
faceCenterPointX: 244
faceCenterPointY: 76
headPositionsX: [ 246, 248, 244, 244, 245, 244, 245, 244, 247, 246, 243,
    246, 247, 244, 245, 245, 245, 247, 247, 243, 246, 247, 242, 247, 244,
    247, 252, 249, 257, 257, 261, 259, 260, 257, 255, 252, 249, 239, 236,
    228, 225, 224, 225, 229, 233, 237, 245, 248, 252, 258, 255, 259, 252,
    252, 247, 243, 238, 236, 231, 233, 234, 234, 237, 237, 243, 242, 244,
    245, 246, 248, 249, 250, 250, 247, 249, 242, 244, 242, 239, 238, 239,
    240, 240, 239, 239, 244, 243, 242, 243, 244, 247, 245, 242, 244, 246,
    244, 243, 246, 244, 245 ]
headPositionsY: [ 77, 74, 76, 77, 77, 75, 74, 74, 75, 75, 75, 76, 76, 75,
    76, 73, 76, 75, 76, 76, 75, 74, 74, 74, 75, 74, 73, 75, 75, 74, 75,
    74, 70, 72, 73, 74, 78, 77, 78, 75, 73, 73, 76, 74, 75, 75, 75, 75,
    72, 74, 73, 74, 72, 74, 77, 77, 76, 74, 77, 73, 77, 73, 74, 74, 76,
    76, 77, 74, 77, 76, 75, 76, 75, 77, 77, 74, 76, 75, 77, 76, 76, 73,
    74, 76, 77, 78, 76, 78, 78, 77, 74, 76, 75, 77, 74, 75, 78, 78, 78,
    77 ]
