%YAML:1.0
---
videoName: "headShake4.mp4"
gestureLabel: 201
fps: 30
pixelSizeInCmTemp: 3.2364864864864862e-01
faceCenterPointX: 237
faceCenterPointY: 101
headPositionsX: [ 235, 244, 246, 249, 252, 254, 253, 252, 254, 249, 244,
    238, 229, 226, 226, 222, 226, 231, 235, 240, 250, 250, 252, 250, 250,
    244, 238, 233, 232, 225, 221, 225, 225, 231, 232, 241, 247, 251, 252,
    254, 257, 251, 249, 246, 235, 230, 229, 227, 226, 227, 226, 231, 232,
    238, 241, 246, 247, 248, 251, 247, 245, 244, 241, 239, 234, 233, 230,
    229, 231, 230, 231, 233, 237, 237, 240, 239, 240, 241, 241, 242, 243,
    240, 242, 241, 238, 235, 239, 239, 235, 237, 236, 235, 237, 238, 236,
    238, 235, 237, 238, 235 ]
headPositionsY: [ 99, 99, 96, 96, 98, 96, 98, 100, 98, 100, 99, 101, 97,
    99, 97, 97, 99, 97, 100, 99, 97, 100, 99, 96, 97, 102, 100, 101, 101,
    98, 98, 100, 97, 99, 100, 101, 98, 100, 98, 100, 101, 100, 98, 102,
    102, 100, 99, 101, 100, 100, 98, 99, 101, 100, 100, 98, 100, 102, 97,
    99, 101, 98, 103, 101, 101, 102, 101, 100, 99, 98, 100, 99, 98, 100,
    98, 100, 103, 98, 103, 101, 101, 102, 100, 99, 98, 100, 99, 102, 98,
    99, 98, 99, 99, 100, 100, 99, 101, 99, 98, 100 ]
