%YAML:1.0
---
videoName: "headShake42.mp4"
gestureLabel: 201
fps: 29
pixelSizeInCmTemp: 3.2808219178082193e-01
faceCenterPointX: 257
faceCenterPointY: 85
headPositionsX: [ 259, 272, 274, 278, 276, 274, 279, 274, 274, 272, 274,
    268, 269, 265, 261, 255, 253, 249, 249, 244, 246, 244, 241, 242, 243,
    246, 249, 249, 252, 261, 263, 269, 271, 278, 280, 281, 277, 276, 278,
    275, 271, 270, 268, 267, 264, 257, 257, 250, 249, 250, 247, 245, 243,
    247, 244, 248, 248, 251, 252, 257, 257, 260, 266, 265, 267, 266, 266,
    268, 269, 270, 270, 267, 266, 267, 262, 261, 261, 262, 260, 260, 259,
    257, 258, 255, 258, 256, 258, 258, 258, 257, 259, 258, 255, 256, 256,
    255, 257, 256, 257, 259 ]
headPositionsY: [ 83, 83, 82, 80, 81, 79, 80, 83, 80, 82, 82, 86, 86, 82,
    82, 81, 86, 82, 86, 82, 82, 86, 86, 83, 86, 81, 82, 84, 85, 84, 86,
    84, 85, 83, 83, 85, 83, 83, 81, 84, 84, 85, 84, 88, 87, 85, 84, 86,
    84, 84, 86, 86, 85, 86, 84, 87, 83, 87, 85, 87, 87, 87, 88, 83, 84,
    85, 86, 85, 87, 85, 86, 85, 86, 86, 86, 86, 84, 83, 86, 86, 87, 88,
    84, 84, 87, 84, 86, 87, 83, 86, 87, 85, 87, 86, 85, 86, 86, 83, 82,
    83 ]
