%YAML:1.0
---
videoName: "headShake26.mp4"
gestureLabel: 201
fps: 30
pixelSizeInCmTemp: 3.2808219178082193e-01
faceCenterPointX: 243
faceCenterPointY: 78
headPositionsX: [ 243, 241, 238, 241, 239, 244, 246, 244, 246, 248, 249,
    251, 251, 252, 249, 251, 249, 247, 247, 246, 243, 236, 237, 234, 229,
    227, 229, 231, 232, 230, 231, 235, 241, 241, 247, 245, 251, 253, 253,
    254, 256, 252, 251, 248, 245, 241, 239, 236, 233, 228, 228, 227, 227,
    228, 233, 236, 238, 238, 242, 249, 249, 251, 251, 251, 253, 254, 250,
    251, 251, 245, 243, 241, 240, 240, 236, 235, 236, 239, 237, 238, 239,
    237, 239, 240, 242, 241, 243, 241, 245, 245, 244, 246, 244, 245, 245,
    245, 245, 244, 241, 244 ]
headPositionsY: [ 79, 78, 76, 75, 74, 76, 79, 76, 79, 79, 79, 77, 78, 77,
    78, 80, 79, 78, 79, 76, 77, 78, 77, 75, 76, 74, 78, 78, 78, 78, 77,
    77, 77, 77, 80, 78, 79, 75, 78, 75, 77, 77, 78, 78, 78, 79, 79, 78,
    77, 79, 78, 73, 79, 76, 77, 77, 78, 80, 80, 79, 77, 76, 75, 76, 74,
    74, 77, 79, 78, 79, 77, 80, 79, 80, 78, 78, 77, 80, 78, 79, 79, 79,
    81, 77, 80, 78, 77, 78, 77, 81, 78, 77, 77, 77, 80, 80, 78, 77, 80,
    77 ]
