%YAML:1.0
---
videoName: "headShake35.mp4"
gestureLabel: 201
fps: 29
pixelSizeInCmTemp: 3.2364864864864862e-01
faceCenterPointX: 267
faceCenterPointY: 82
headPositionsX: [ 265, 268, 268, 268, 268, 269, 266, 265, 267, 268, 266,
    267, 270, 267, 268, 269, 270, 269, 270, 270, 268, 269, 268, 270, 269,
    267, 269, 268, 266, 267, 268, 266, 269, 266, 266, 266, 270, 267, 268,
    266, 266, 269, 269, 268, 265, 265, 268, 268, 269, 270, 269, 269, 269,
    269, 265, 267, 266, 268, 265, 265, 267, 267, 270, 271, 272, 277, 277,
    279, 281, 281, 278, 269, 264, 261, 261, 256, 259, 264, 266, 272, 275,
    278, 273, 273, 270, 268, 262, 260, 263, 259, 262, 266, 264, 265, 265,
    268, 265, 269, 267, 269 ]
headPositionsY: [ 84, 78, 82, 81, 82, 79, 81, 77, 79, 80, 78, 79, 82, 78,
    80, 82, 80, 82, 83, 80, 82, 77, 80, 81, 80, 80, 80, 78, 80, 79, 81,
    77, 80, 80, 81, 82, 80, 81, 80, 81, 83, 82, 79, 83, 78, 82, 80, 78,
    78, 82, 81, 78, 80, 78, 79, 80, 81, 78, 78, 82, 82, 83, 81, 79, 78,
    79, 78, 78, 81, 80, 82, 79, 79, 82, 82, 79, 80, 80, 83, 81, 82, 81,
    80, 81, 82, 81, 81, 83, 79, 81, 81, 80, 81, 82, 79, 79, 81, 80, 83,
    80 ]
