%YAML:1.0
---
videoName: "headShake8.mp4"
gestureLabel: 201
fps: 29
pixelSizeInCmTemp: 3.2364864864864862e-01
faceCenterPointX: 243
faceCenterPointY: 72
headPositionsX: [ 241, 245, 245, 243, 243, 246, 245, 246, 241, 243, 243,
    242, 245, 244, 242, 244, 241, 243, 244, 242, 245, 243, 244, 246, 244,
    246, 244, 244, 245, 243, 242, 244, 241, 246, 247, 250, 252, 256, 262,
    266, 263, 266, 262, 262, 254, 253, 248, 240, 234, 234, 233, 229, 231,
    238, 245, 249, 252, 259, 257, 258, 260, 254, 252, 248, 241, 239, 234,
    232, 236, 234, 234, 235, 240, 238, 244, 247, 249, 246, 248, 250, 248,
    248, 251, 248, 250, 249, 250, 246, 246, 244, 247, 245, 244, 242, 243,
    244, 243, 241, 242, 244 ]
headPositionsY: [ 73, 73, 73, 74, 71, 73, 72, 74, 72, 70, 73, 72, 70, 70,
    73, 70, 71, 69, 71, 72, 73, 71, 70, 71, 71, 73, 72, 70, 71, 71, 73,
    71, 73, 70, 70, 73, 70, 69, 71, 69, 71, 68, 72, 72, 69, 70, 74, 72,
    73, 73, 73, 71, 73, 71, 73, 69, 68, 72, 68, 71, 71, 68, 73, 69, 72,
    72, 73, 71, 74, 74, 71, 71, 72, 71, 70, 73, 75, 69, 72, 71, 73, 71,
    73, 71, 71, 73, 71, 74, 69, 70, 70, 71, 73, 69, 73, 73, 74, 73, 72,
    70 ]
