%YAML:1.0
---
videoName: "headShake2.mp4"
gestureLabel: 201
fps: 29
pixelSizeInCmTemp: 3.4214285714285714e-01
faceCenterPointX: 276
faceCenterPointY: 98
headPositionsX: [ 278, 279, 276, 275, 276, 276, 278, 275, 276, 276, 279,
    275, 275, 278, 279, 279, 275, 278, 279, 276, 276, 278, 277, 277, 276,
    278, 279, 275, 280, 276, 276, 280, 277, 275, 278, 275, 275, 277, 280,
    279, 275, 276, 279, 283, 289, 288, 295, 296, 294, 296, 290, 289, 285,
    276, 271, 267, 265, 263, 265, 268, 272, 279, 281, 288, 289, 289, 292,
    285, 285, 278, 273, 269, 269, 270, 270, 272, 274, 278, 284, 284, 287,
    288, 285, 285, 283, 279, 276, 279, 277, 277, 277, 273, 277, 275, 276,
    277, 275, 275, 273, 274 ]
headPositionsY: [ 98, 98, 99, 98, 97, 96, 98, 99, 99, 96, 99, 98, 98, 96,
    98, 99, 97, 97, 98, 96, 99, 97, 98, 100, 100, 97, 101, 96, 100, 100,
    96, 97, 99, 99, 97, 98, 97, 101, 101, 99, 100, 100, 99, 97, 99, 97,
    98, 95, 94, 97, 94, 96, 100, 100, 100, 97, 100, 99, 96, 99, 100, 97,
    95, 98, 96, 95, 97, 95, 98, 98, 99, 99, 97, 100, 100, 98, 97, 98, 99,
    97, 98, 95, 96, 98, 98, 97, 97, 97, 100, 97, 98, 101, 101, 100, 100,
    101, 96, 102, 97, 99 ]
