%YAML:1.0
---
videoName: "headShake16.mp4"
gestureLabel: 201
fps: 29
pixelSizeInCmTemp: 3.2364864864864862e-01
faceCenterPointX: 242
faceCenterPointY: 77
headPositionsX: [ 244, 243, 242, 246, 242, 246, 242, 243, 245, 243, 245,
    244, 241, 244, 242, 244, 244, 246, 244, 242, 242, 244, 241, 243, 241,
    241, 242, 242, 242, 245, 244, 245, 244, 244, 243, 243, 243, 242, 244,
    250, 251, 251, 256, 255, 253, 249, 249, 244, 243, 236, 235, 232, 233,
    236, 238, 244, 246, 249, 249, 250, 249, 246, 248, 245, 239, 238, 236,
    235, 233, 237, 233, 237, 239, 242, 242, 242, 241, 245, 244, 241, 242,
    239, 239, 242, 237, 240, 239, 238, 241, 239, 241, 239, 243, 244, 242,
    242, 240, 241, 243, 242 ]
headPositionsY: [ 78, 75, 77, 74, 75, 77, 73, 74, 76, 74, 78, 78, 74, 75,
    77, 76, 75, 74, 75, 77, 76, 76, 75, 78, 75, 77, 76, 78, 74, 74, 77,
    78, 74, 75, 75, 78, 74, 78, 74, 78, 75, 76, 75, 75, 76, 74, 75, 74,
    79, 77, 78, 76, 74, 79, 76, 79, 76, 78, 74, 78, 76, 75, 76, 75, 76,
    78, 78, 77, 74, 75, 75, 76, 74, 79, 79, 79, 76, 79, 77, 76, 77, 78,
    79, 77, 79, 76, 79, 78, 78, 77, 73, 75, 76, 78, 77, 77, 75, 78, 77,
    79 ]
