%YAML:1.0
---
videoName: "headShake47.mp4"
gestureLabel: 201
fps: 29
pixelSizeInCmTemp: 3.2364864864864862e-01
faceCenterPointX: 258
faceCenterPointY: 86
headPositionsX: [ 257, 259, 260, 258, 258, 258, 262, 262, 259, 261, 261,
    260, 260, 262, 262, 259, 261, 260, 261, 261, 258, 262, 259, 261, 259,
    260, 259, 260, 262, 262, 259, 261, 257, 258, 257, 254, 253, 251, 252,
    247, 249, 249, 250, 257, 263, 263, 267, 266, 266, 266, 260, 256, 253,
    251, 255, 257, 260, 263, 267, 266, 264, 258, 253, 251, 254, 255, 257,
    263, 264, 263, 263, 258, 258, 254, 253, 256, 257, 258, 260, 263, 263,
    261, 259, 256, 253, 254, 254, 258, 256, 258, 259, 258, 259, 258, 260,
    256, 257, 260, 258, 259 ]
headPositionsY: [ 88, 83, 84, 83, 84, 83, 84, 85, 83, 84, 87, 84, 83, 87,
    83, 84, 82, 84, 87, 88, 85, 84, 84, 85, 84, 83, 86, 83, 83, 85, 85,
    83, 83, 87, 87, 87, 87, 83, 85, 86, 88, 85, 88, 88, 88, 87, 89, 90,
    88, 90, 91, 91, 87, 86, 89, 90, 88, 89, 91, 86, 86, 86, 87, 87, 88,
    85, 87, 89, 88, 88, 88, 86, 89, 86, 86, 89, 84, 86, 89, 86, 85, 88,
    87, 84, 85, 88, 84, 85, 87, 85, 84, 85, 84, 88, 87, 88, 88, 86, 83,
    86 ]
