%YAML:1.0
---
videoName: "headShake33.mp4"
gestureLabel: 201
fps: 29
pixelSizeInCmTemp: 3.2364864864864862e-01
faceCenterPointX: 244
faceCenterPointY: 84
headPositionsX: [ 243, 244, 243, 243, 247, 247, 246, 246, 244, 245, 244,
    243, 247, 244, 245, 245, 247, 246, 246, 245, 243, 246, 250, 248, 250,
    254, 256, 258, 258, 264, 263, 260, 265, 261, 261, 254, 251, 247, 243,
    243, 238, 237, 230, 228, 229, 228, 227, 226, 227, 230, 235, 238, 240,
    246, 251, 251, 254, 261, 256, 262, 261, 258, 259, 256, 253, 251, 247,
    245, 239, 239, 236, 235, 233, 230, 230, 234, 232, 235, 234, 238, 239,
    239, 238, 241, 246, 246, 246, 245, 249, 245, 247, 246, 245, 243, 244,
    246, 243, 242, 242, 244 ]
headPositionsY: [ 82, 82, 81, 85, 83, 85, 84, 82, 84, 83, 83, 84, 82, 80,
    81, 84, 83, 82, 83, 80, 85, 83, 81, 84, 82, 80, 83, 80, 81, 81, 82,
    81, 79, 81, 82, 81, 86, 82, 81, 84, 83, 85, 82, 80, 80, 84, 81, 80,
    85, 82, 82, 84, 85, 82, 85, 81, 83, 83, 80, 78, 81, 84, 81, 84, 83,
    86, 85, 85, 84, 82, 83, 83, 82, 83, 81, 82, 80, 82, 80, 85, 84, 83,
    84, 83, 81, 81, 85, 81, 82, 83, 83, 83, 82, 81, 84, 83, 81, 82, 84,
    85 ]
