%YAML:1.0
---
videoName: "headShake21.mp4"
gestureLabel: 201
fps: 29
pixelSizeInCmTemp: 3.1933333333333330e-01
faceCenterPointX: 241
faceCenterPointY: 78
headPositionsX: [ 239, 244, 243, 245, 243, 241, 244, 243, 240, 244, 243,
    240, 242, 244, 242, 241, 242, 242, 243, 240, 241, 241, 243, 244, 241,
    242, 244, 243, 243, 244, 242, 241, 245, 245, 244, 242, 244, 244, 243,
    241, 243, 244, 243, 240, 239, 242, 240, 242, 242, 239, 241, 241, 242,
    239, 240, 243, 239, 244, 240, 240, 239, 241, 242, 241, 238, 238, 238,
    243, 246, 246, 250, 254, 252, 247, 243, 243, 236, 233, 231, 232, 238,
    235, 238, 242, 241, 240, 240, 243, 238, 241, 238, 240, 237, 240, 237,
    241, 240, 243, 240, 240 ]
headPositionsY: [ 76, 85, 82, 80, 79, 76, 76, 75, 72, 74, 69, 73, 71, 71,
    70, 69, 71, 73, 72, 73, 74, 70, 70, 72, 74, 75, 77, 72, 75, 77, 74,
    75, 79, 78, 76, 75, 76, 77, 76, 78, 77, 78, 75, 75, 76, 80, 79, 80,
    79, 78, 80, 80, 78, 75, 79, 80, 79, 76, 77, 80, 78, 78, 76, 76, 76,
    78, 76, 78, 80, 76, 78, 77, 77, 76, 79, 79, 77, 79, 78, 78, 79, 77,
    77, 78, 78, 79, 79, 78, 79, 80, 77, 79, 78, 76, 80, 77, 77, 79, 81,
    80 ]
