%YAML:1.0
---
videoName: "headShake14.mp4"
gestureLabel: 201
fps: 29
pixelSizeInCmTemp: 3.2364864864864862e-01
faceCenterPointX: 244
faceCenterPointY: 76
headPositionsX: [ 245, 247, 245, 247, 244, 247, 246, 245, 245, 243, 246,
    244, 245, 243, 245, 247, 244, 243, 243, 247, 246, 244, 245, 247, 247,
    249, 249, 253, 256, 257, 262, 263, 259, 261, 256, 251, 248, 242, 237,
    232, 226, 224, 228, 230, 230, 236, 241, 246, 253, 254, 258, 255, 251,
    252, 250, 244, 240, 236, 231, 235, 233, 235, 233, 238, 242, 241, 244,
    249, 248, 248, 248, 248, 247, 248, 248, 244, 244, 241, 241, 240, 239,
    237, 241, 239, 242, 243, 243, 244, 244, 244, 247, 247, 242, 247, 244,
    243, 244, 245, 245, 243 ]
headPositionsY: [ 75, 77, 77, 73, 77, 77, 75, 74, 75, 73, 74, 76, 74, 77,
    76, 77, 75, 75, 74, 75, 75, 74, 77, 78, 74, 73, 74, 73, 71, 76, 74,
    75, 71, 74, 76, 73, 76, 73, 77, 76, 74, 76, 75, 74, 73, 74, 75, 75,
    74, 73, 74, 71, 74, 73, 75, 73, 74, 77, 77, 73, 75, 75, 75, 77, 74,
    73, 76, 78, 76, 77, 77, 76, 74, 78, 77, 77, 77, 74, 75, 74, 74, 76,
    78, 77, 75, 76, 77, 78, 78, 76, 76, 77, 77, 74, 74, 77, 74, 75, 76,
    77 ]
