%YAML:1.0
---
videoName: "headShake18.mp4"
gestureLabel: 201
fps: 30
pixelSizeInCmTemp: 3.2808219178082193e-01
faceCenterPointX: 240
faceCenterPointY: 77
headPositionsX: [ 240, 241, 244, 241, 240, 241, 243, 241, 243, 244, 239,
    242, 240, 241, 239, 242, 242, 239, 243, 242, 242, 243, 240, 239, 239,
    242, 241, 242, 239, 239, 241, 239, 240, 237, 239, 243, 244, 244, 248,
    253, 253, 254, 248, 252, 246, 243, 240, 236, 234, 227, 230, 229, 238,
    237, 243, 244, 247, 250, 250, 245, 244, 241, 239, 233, 235, 233, 237,
    235, 239, 242, 241, 242, 246, 243, 245, 242, 240, 235, 238, 235, 235,
    237, 235, 239, 238, 242, 242, 241, 242, 243, 240, 241, 240, 242, 240,
    241, 241, 242, 240, 242 ]
headPositionsY: [ 77, 75, 76, 77, 75, 74, 74, 74, 76, 79, 75, 74, 76, 77,
    77, 74, 77, 75, 76, 74, 75, 75, 76, 75, 78, 76, 74, 78, 74, 75, 77,
    77, 76, 75, 75, 77, 78, 75, 77, 74, 75, 74, 73, 78, 78, 76, 74, 79,
    79, 78, 74, 78, 75, 75, 77, 77, 76, 78, 75, 76, 78, 74, 75, 77, 78,
    79, 75, 77, 78, 77, 78, 78, 77, 78, 77, 75, 75, 77, 76, 78, 79, 76,
    77, 78, 75, 75, 79, 76, 78, 80, 79, 77, 79, 75, 78, 75, 76, 75, 77,
    78 ]
