%YAML:1.0
---
videoName: "headShake42.mp4"
gestureLabel: 201
fps: 29
pixelSizeInCmTemp: 3.2808219178082193e-01
faceCenterPointX: 257
faceCenterPointY: 85
headPositionsX: [ 259, 272, 276, 275, 276, 274, 280, 278, 276, 275, 270,
    268, 267, 265, 261, 254, 252, 251, 246, 243, 246, 241, 245, 244, 243,
    243, 248, 251, 253, 261, 262, 269, 270, 278, 280, 279, 278, 277, 280,
    278, 274, 270, 266, 265, 264, 256, 254, 250, 251, 250, 248, 247, 246,
    245, 244, 249, 248, 253, 252, 258, 259, 262, 266, 265, 265, 267, 266,
    267, 269, 267, 267, 269, 269, 265, 265, 261, 259, 261, 262, 257, 258,
    255, 255, 258, 256, 255, 257, 256, 258, 256, 258, 256, 256, 257, 256,
    259, 258, 256, 256, 258 ]
headPositionsY: [ 87, 83, 80, 83, 81, 80, 82, 81, 80, 82, 80, 83, 82, 82,
    85, 84, 84, 82, 86, 84, 83, 82, 83, 83, 84, 82, 83, 87, 86, 84, 85,
    86, 82, 83, 83, 82, 84, 84, 83, 83, 82, 86, 86, 86, 87, 84, 85, 85,
    85, 84, 85, 85, 87, 84, 84, 84, 85, 85, 84, 88, 84, 84, 85, 84, 86,
    88, 86, 87, 84, 84, 85, 87, 84, 87, 86, 85, 87, 84, 88, 86, 86, 88,
    84, 87, 84, 84, 86, 87, 87, 84, 85, 85, 87, 83, 84, 83, 83, 85, 82,
    86 ]
