%YAML:1.0
---
videoName: "headShake2.mp4"
gestureLabel: 201
fps: 29
pixelSizeInCmTemp: 3.4214285714285714e-01
faceCenterPointX: 276
faceCenterPointY: 98
headPositionsX: [ 277, 276, 277, 277, 280, 276, 279, 279, 277, 277, 279,
    276, 279, 277, 278, 278, 275, 275, 277, 278, 278, 279, 277, 275, 278,
    279, 278, 275, 278, 276, 276, 280, 279, 276, 277, 276, 277, 278, 276,
    278, 277, 280, 282, 285, 288, 288, 295, 292, 294, 292, 289, 286, 284,
    280, 274, 267, 264, 264, 265, 266, 272, 280, 283, 288, 288, 290, 288,
    285, 281, 279, 275, 272, 267, 266, 266, 270, 274, 277, 284, 284, 289,
    288, 287, 285, 283, 279, 278, 279, 277, 275, 276, 273, 277, 277, 276,
    277, 274, 274, 274, 274 ]
headPositionsY: [ 100, 100, 96, 97, 98, 99, 96, 96, 97, 96, 96, 98, 98,
    96, 96, 97, 99, 97, 97, 99, 101, 100, 100, 98, 99, 99, 97, 96, 102,
    97, 97, 98, 98, 97, 99, 100, 98, 100, 98, 101, 99, 100, 96, 97, 99,
    97, 97, 96, 97, 96, 95, 99, 98, 96, 100, 96, 97, 100, 99, 96, 99, 98,
    96, 99, 97, 96, 95, 97, 97, 96, 96, 98, 99, 97, 99, 100, 97, 100,
    100, 99, 98, 98, 100, 99, 102, 97, 97, 96, 99, 101, 101, 97, 101, 98,
    99, 101, 98, 101, 100, 99 ]
