%YAML:1.0
---
videoName: "headShake1.mp4"
gestureLabel: 201
fps: 29
pixelSizeInCmTemp: 3.3263888888888887e-01
faceCenterPointX: 279
faceCenterPointY: 98
headPositionsX: [ 277, 279, 279, 277, 276, 281, 280, 281, 281, 279, 280,
    277, 281, 278, 277, 282, 279, 278, 281, 279, 277, 278, 278, 277, 278,
    280, 279, 282, 283, 281, 287, 286, 288, 293, 293, 295, 290, 287, 284,
    280, 279, 272, 274, 271, 270, 269, 270, 278, 281, 285, 289, 290, 293,
    293, 288, 288, 285, 280, 272, 268, 268, 265, 268, 270, 275, 275, 283,
    285, 289, 293, 293, 292, 289, 287, 282, 279, 275, 277, 272, 269, 270,
    270, 271, 271, 271, 275, 275, 279, 275, 279, 279, 278, 281, 280, 282,
    282, 280, 278, 279, 280 ]
headPositionsY: [ 96, 96, 96, 97, 98, 95, 99, 95, 98, 97, 96, 98, 97,
    100, 95, 95, 98, 98, 97, 99, 98, 99, 97, 97, 98, 97, 97, 96, 97, 95,
    97, 95, 94, 97, 97, 94, 97, 97, 97, 95, 99, 99, 98, 98, 96, 98, 94,
    98, 98, 94, 96, 93, 97, 95, 96, 96, 97, 97, 97, 96, 95, 94, 95, 95,
    95, 98, 97, 94, 97, 93, 95, 97, 96, 99, 95, 100, 95, 98, 97, 96, 98,
    98, 98, 97, 100, 96, 95, 96, 97, 99, 97, 98, 99, 96, 99, 100, 98, 98,
    95, 97 ]
