%YAML:1.0
---
videoName: "headShake15.mp4"
gestureLabel: 201
fps: 29
pixelSizeInCmTemp: 3.3263888888888887e-01
faceCenterPointX: 243
faceCenterPointY: 76
headPositionsX: [ 243, 244, 243, 242, 246, 245, 243, 244, 241, 242, 245,
    242, 244, 246, 243, 244, 242, 243, 243, 243, 241, 244, 241, 241, 241,
    244, 241, 245, 244, 244, 243, 242, 243, 243, 242, 245, 241, 245, 242,
    245, 243, 242, 244, 245, 243, 240, 243, 243, 242, 245, 245, 244, 242,
    242, 243, 240, 242, 243, 240, 242, 241, 244, 247, 249, 248, 251, 254,
    256, 258, 257, 256, 251, 250, 246, 244, 238, 238, 236, 238, 240, 238,
    245, 242, 246, 246, 248, 247, 246, 247, 244, 241, 243, 241, 241, 244,
    243, 243, 244, 244, 243 ]
headPositionsY: [ 77, 77, 78, 75, 78, 73, 73, 75, 75, 75, 74, 74, 76, 75,
    72, 73, 75, 77, 77, 72, 76, 75, 75, 74, 74, 74, 74, 75, 77, 76, 76,
    73, 77, 75, 74, 74, 78, 75, 73, 74, 77, 76, 77, 76, 76, 78, 75, 77,
    75, 73, 74, 75, 74, 75, 77, 77, 74, 76, 77, 78, 75, 75, 77, 76, 76,
    75, 74, 76, 76, 76, 76, 74, 74, 77, 75, 75, 77, 76, 78, 79, 76, 79,
    79, 76, 76, 76, 76, 74, 79, 79, 76, 78, 75, 79, 75, 77, 74, 77, 74,
    77 ]
