%YAML:1.0
---
videoName: "headShake43.mp4"
gestureLabel: 201
fps: 29
pixelSizeInCmTemp: 3.2808219178082193e-01
faceCenterPointX: 257
faceCenterPointY: 84
headPositionsX: [ 259, 262, 262, 258, 258, 258, 262, 261, 258, 260, 262,
    259, 261, 258, 260, 260, 262, 261, 259, 259, 259, 258, 263, 259, 261,
    262, 260, 265, 267, 270, 271, 276, 276, 278, 279, 284, 282, 276, 276,
    277, 271, 268, 261, 257, 254, 249, 244, 245, 245, 243, 247, 251, 258,
    264, 269, 270, 273, 272, 276, 273, 272, 267, 260, 258, 253, 246, 245,
    244, 244, 245, 248, 249, 254, 260, 264, 266, 269, 271, 269, 266, 266,
    269, 267, 262, 265, 259, 260, 260, 259, 260, 255, 259, 255, 256, 257,
    256, 255, 254, 255, 257 ]
headPositionsY: [ 85, 84, 86, 84, 86, 83, 84, 84, 87, 85, 85, 84, 86, 87,
    86, 86, 83, 87, 86, 86, 83, 86, 88, 83, 86, 85, 86, 84, 86, 82, 86,
    83, 84, 83, 85, 83, 84, 80, 83, 81, 84, 86, 86, 84, 86, 85, 82, 82,
    84, 83, 86, 82, 83, 86, 83, 85, 81, 82, 80, 82, 81, 82, 86, 83, 83,
    85, 83, 83, 81, 82, 86, 85, 83, 84, 84, 82, 82, 83, 84, 85, 83, 83,
    84, 84, 82, 87, 83, 86, 84, 86, 85, 85, 85, 82, 84, 85, 86, 83, 85,
    81 ]
