%YAML:1.0
---
videoName: "headShake17.mp4"
gestureLabel: 201
fps: 29
pixelSizeInCmTemp: 3.3263888888888887e-01
faceCenterPointX: 242
faceCenterPointY: 76
headPositionsX: [ 240, 238, 239, 240, 239, 241, 240, 244, 245, 249, 251,
    255, 261, 259, 259, 258, 256, 247, 244, 238, 234, 234, 230, 225, 224,
    225, 231, 231, 237, 242, 246, 246, 253, 251, 254, 253, 252, 252, 247,
    245, 242, 238, 237, 234, 230, 232, 232, 231, 234, 236, 235, 242, 242,
    245, 244, 244, 244, 246, 245, 244, 244, 240, 242, 240, 239, 237, 242,
    238, 242, 242, 239, 242, 238, 241, 241, 242, 242, 239, 240, 239, 240,
    240, 240, 239, 243, 241, 240, 243, 240, 241, 242, 241, 242, 242, 240,
    239, 242, 241, 240, 243 ]
headPositionsY: [ 76, 78, 76, 78, 74, 75, 74, 77, 74, 75, 73, 74, 73, 74,
    77, 74, 74, 77, 75, 78, 79, 76, 76, 78, 77, 77, 77, 75, 76, 78, 77,
    78, 74, 73, 75, 72, 74, 76, 75, 80, 78, 76, 77, 75, 75, 74, 74, 78,
    76, 79, 75, 75, 75, 78, 79, 79, 77, 78, 79, 77, 76, 77, 79, 76, 74,
    75, 77, 76, 77, 75, 78, 76, 75, 75, 77, 74, 78, 76, 76, 75, 76, 74,
    78, 74, 78, 73, 77, 75, 76, 77, 75, 76, 77, 75, 75, 74, 78, 78, 77,
    74 ]
