%YAML:1.0
---
videoName: "headShake19.mp4"
gestureLabel: 201
fps: 29
pixelSizeInCmTemp: 3.1933333333333330e-01
faceCenterPointX: 243
faceCenterPointY: 78
headPositionsX: [ 244, 242, 244, 243, 242, 245, 243, 245, 244, 240, 245,
    242, 245, 243, 241, 243, 241, 243, 244, 243, 240, 243, 244, 241, 242,
    244, 244, 242, 244, 243, 241, 242, 240, 243, 244, 240, 240, 235, 234,
    234, 232, 232, 239, 241, 246, 251, 254, 255, 256, 256, 251, 245, 238,
    234, 234, 232, 235, 232, 240, 239, 245, 246, 250, 249, 246, 246, 243,
    238, 238, 235, 236, 236, 238, 237, 239, 244, 245, 245, 247, 245, 246,
    246, 240, 243, 240, 243, 239, 238, 240, 241, 240, 242, 241, 244, 245,
    243, 243, 245, 243, 243 ]
headPositionsY: [ 76, 78, 78, 77, 77, 76, 75, 75, 76, 75, 76, 78, 76, 76,
    76, 74, 79, 74, 77, 76, 78, 79, 74, 79, 76, 79, 77, 74, 78, 77, 78,
    75, 74, 79, 76, 76, 75, 78, 76, 75, 76, 76, 79, 77, 75, 75, 77, 74,
    75, 75, 79, 78, 77, 78, 76, 74, 75, 74, 78, 79, 77, 76, 77, 74, 76,
    76, 76, 75, 79, 78, 79, 78, 78, 77, 78, 76, 79, 77, 79, 76, 79, 80,
    74, 78, 79, 80, 75, 80, 80, 77, 79, 80, 78, 76, 76, 76, 76, 79, 77,
    80 ]
