%YAML:1.0
---
videoName: "headShake28.mp4"
gestureLabel: 201
fps: 29
pixelSizeInCmTemp: 3.2808219178082193e-01
faceCenterPointX: 242
faceCenterPointY: 80
headPositionsX: [ 243, 243, 242, 243, 242, 241, 243, 239, 240, 243, 241,
    239, 242, 241, 244, 243, 244, 240, 242, 243, 240, 242, 241, 240, 239,
    244, 244, 242, 243, 241, 242, 243, 240, 242, 242, 243, 241, 240, 243,
    241, 241, 244, 245, 243, 243, 245, 243, 246, 242, 243, 240, 237, 231,
    231, 230, 235, 241, 244, 251, 253, 256, 257, 255, 250, 248, 239, 238,
    234, 231, 237, 236, 243, 246, 253, 251, 257, 251, 249, 248, 248, 242,
    242, 236, 238, 238, 237, 236, 239, 241, 240, 241, 243, 243, 242, 240,
    244, 240, 241, 240, 244 ]
headPositionsY: [ 81, 77, 75, 76, 79, 77, 79, 76, 78, 79, 80, 79, 76, 81,
    80, 80, 79, 76, 80, 80, 79, 78, 79, 80, 78, 80, 78, 79, 80, 80, 79,
    79, 81, 76, 80, 78, 80, 77, 77, 76, 76, 77, 80, 77, 76, 76, 76, 78,
    77, 79, 78, 79, 75, 76, 77, 75, 79, 75, 78, 76, 78, 77, 78, 76, 80,
    79, 79, 77, 80, 81, 80, 78, 78, 81, 77, 75, 78, 79, 78, 81, 80, 80,
    78, 78, 80, 80, 81, 78, 78, 77, 77, 81, 77, 78, 81, 78, 77, 82, 82,
    78 ]
