%YAML:1.0
---
videoName: "headShake10.mp4"
gestureLabel: 201
fps: 29
pixelSizeInCmTemp: 3.3732394366197183e-01
faceCenterPointX: 240
faceCenterPointY: 74
headPositionsX: [ 241, 244, 247, 245, 243, 246, 248, 245, 245, 248, 248,
    244, 246, 248, 244, 244, 247, 247, 247, 247, 246, 247, 247, 244, 247,
    245, 245, 247, 244, 245, 247, 244, 244, 246, 245, 244, 243, 243, 244,
    248, 244, 248, 246, 245, 246, 243, 246, 245, 243, 243, 245, 248, 249,
    251, 255, 258, 259, 258, 261, 257, 258, 254, 246, 244, 237, 237, 230,
    229, 231, 236, 235, 242, 246, 247, 252, 256, 257, 257, 255, 256, 250,
    250, 247, 244, 244, 239, 239, 242, 242, 242, 238, 239, 240, 241, 238,
    240, 243, 239, 242, 241 ]
headPositionsY: [ 72, 75, 73, 74, 70, 75, 71, 73, 72, 72, 71, 76, 75, 71,
    72, 72, 72, 75, 74, 73, 73, 73, 75, 72, 73, 70, 75, 73, 73, 73, 73,
    75, 74, 74, 71, 76, 74, 71, 72, 72, 71, 71, 71, 72, 72, 74, 73, 72,
    70, 71, 72, 72, 72, 71, 72, 68, 71, 73, 73, 70, 72, 72, 77, 75, 73,
    73, 72, 75, 72, 72, 76, 72, 76, 72, 73, 73, 73, 75, 74, 73, 72, 73,
    76, 74, 76, 76, 75, 77, 75, 77, 77, 77, 75, 77, 73, 77, 77, 78, 74,
    76 ]
