%YAML:1.0
---
videoName: "headShake8.mp4"
gestureLabel: 201
fps: 29
pixelSizeInCmTemp: 3.2364864864864862e-01
faceCenterPointX: 243
faceCenterPointY: 72
headPositionsX: [ 241, 245, 242, 242, 246, 243, 243, 243, 244, 242, 241,
    244, 245, 242, 246, 242, 243, 245, 244, 243, 244, 243, 244, 242, 241,
    245, 245, 241, 244, 241, 242, 243, 242, 242, 244, 250, 253, 256, 259,
    264, 267, 264, 262, 259, 257, 250, 246, 238, 234, 233, 232, 231, 230,
    236, 243, 249, 256, 260, 261, 259, 256, 254, 251, 244, 243, 237, 236,
    234, 234, 232, 234, 236, 238, 239, 244, 245, 245, 245, 251, 248, 248,
    249, 248, 251, 250, 249, 250, 249, 246, 247, 245, 242, 245, 242, 244,
    245, 245, 245, 244, 242 ]
headPositionsY: [ 74, 73, 71, 70, 70, 70, 71, 70, 71, 71, 73, 73, 71, 71,
    72, 73, 72, 70, 73, 74, 70, 71, 69, 74, 70, 70, 72, 70, 74, 73, 71,
    74, 69, 72, 71, 73, 71, 70, 69, 70, 68, 68, 68, 72, 71, 71, 70, 73,
    73, 70, 73, 72, 70, 73, 74, 73, 71, 69, 70, 71, 71, 70, 70, 70, 73,
    72, 74, 73, 71, 70, 71, 70, 71, 70, 73, 71, 73, 72, 69, 74, 73, 72,
    73, 73, 72, 74, 72, 74, 72, 70, 69, 72, 73, 70, 70, 73, 72, 71, 73,
    74 ]
