%YAML:1.0
---
videoName: "headShake10.mp4"
gestureLabel: 201
fps: 29
pixelSizeInCmTemp: 3.3732394366197183e-01
faceCenterPointX: 240
faceCenterPointY: 74
headPositionsX: [ 241, 247, 248, 243, 245, 245, 245, 245, 247, 244, 245,
    246, 244, 247, 245, 247, 245, 246, 247, 244, 245, 247, 247, 245, 248,
    245, 248, 247, 245, 247, 246, 248, 245, 247, 248, 248, 247, 243, 246,
    244, 247, 246, 246, 246, 247, 245, 243, 247, 245, 243, 247, 247, 250,
    255, 258, 257, 262, 260, 260, 257, 258, 253, 249, 245, 238, 234, 232,
    230, 233, 232, 238, 243, 248, 249, 252, 256, 254, 259, 255, 256, 250,
    251, 247, 242, 241, 240, 239, 239, 238, 238, 238, 242, 240, 241, 240,
    243, 240, 242, 243, 242 ]
headPositionsY: [ 74, 75, 71, 74, 71, 75, 72, 73, 74, 73, 75, 76, 72, 74,
    74, 75, 75, 71, 74, 73, 74, 73, 74, 75, 74, 71, 71, 74, 75, 71, 75,
    72, 73, 74, 74, 72, 75, 72, 74, 74, 73, 74, 74, 73, 71, 73, 74, 76,
    73, 72, 75, 74, 73, 74, 73, 69, 73, 72, 70, 71, 72, 74, 73, 75, 72,
    74, 76, 73, 73, 75, 72, 74, 75, 73, 71, 71, 71, 73, 73, 75, 72, 76,
    76, 76, 74, 76, 75, 74, 74, 74, 76, 75, 72, 73, 77, 77, 73, 75, 76,
    74 ]
