%YAML:1.0
---
videoName: "headShake12.mp4"
gestureLabel: 201
fps: 29
pixelSizeInCmTemp: 3.2808219178082193e-01
faceCenterPointX: 241
faceCenterPointY: 76
headPositionsX: [ 242, 238, 238, 241, 243, 241, 244, 242, 243, 240, 244,
    240, 243, 243, 241, 242, 242, 241, 240, 241, 241, 241, 243, 243, 243,
    243, 243, 243, 242, 242, 240, 243, 243, 244, 241, 243, 240, 241, 240,
    239, 239, 242, 242, 243, 242, 240, 240, 239, 243, 241, 242, 241, 242,
    244, 239, 242, 239, 243, 245, 246, 248, 254, 255, 257, 260, 257, 259,
    250, 250, 241, 238, 233, 230, 233, 235, 241, 247, 251, 251, 254, 251,
    251, 246, 243, 243, 242, 234, 239, 237, 237, 239, 236, 239, 239, 242,
    241, 238, 238, 240, 240 ]
headPositionsY: [ 78, 70, 75, 72, 75, 73, 73, 75, 75, 73, 71, 74, 76, 72,
    76, 73, 76, 75, 75, 72, 74, 73, 75, 74, 75, 75, 76, 72, 73, 75, 76,
    75, 77, 76, 76, 74, 76, 73, 75, 76, 75, 76, 74, 74, 73, 76, 76, 75,
    74, 74, 74, 72, 75, 76, 73, 73, 74, 77, 72, 72, 73, 73, 75, 72, 71,
    74, 73, 74, 77, 76, 78, 74, 76, 74, 75, 77, 76, 74, 77, 75, 74, 74,
    74, 76, 75, 77, 76, 76, 76, 76, 78, 74, 78, 77, 79, 76, 76, 75, 76,
    77 ]
