%YAML:1.0
---
videoName: "headShake34.mp4"
gestureLabel: 201
fps: 29
pixelSizeInCmTemp: 3.2364864864864862e-01
faceCenterPointX: 263
faceCenterPointY: 83
headPositionsX: [ 265, 262, 263, 265, 261, 265, 263, 266, 261, 262, 265,
    263, 262, 262, 263, 264, 263, 264, 266, 265, 264, 265, 266, 262, 265,
    266, 263, 263, 263, 263, 262, 264, 263, 264, 262, 264, 266, 266, 268,
    267, 269, 271, 275, 276, 277, 278, 276, 277, 276, 275, 274, 271, 263,
    261, 257, 251, 250, 254, 253, 256, 258, 261, 267, 265, 268, 271, 271,
    270, 265, 260, 259, 254, 254, 255, 255, 258, 256, 262, 262, 263, 262,
    267, 268, 265, 264, 265, 263, 267, 266, 263, 267, 262, 264, 261, 263,
    263, 262, 264, 262, 263 ]
headPositionsY: [ 83, 80, 82, 83, 84, 85, 81, 82, 84, 82, 82, 85, 82, 84,
    81, 84, 81, 83, 81, 85, 84, 85, 83, 81, 83, 83, 83, 85, 84, 83, 85,
    83, 86, 81, 86, 82, 84, 82, 83, 81, 83, 81, 80, 81, 80, 79, 82, 79,
    83, 82, 80, 83, 85, 83, 82, 83, 79, 83, 81, 83, 86, 81, 81, 81, 81,
    84, 83, 81, 86, 82, 85, 81, 81, 82, 81, 83, 85, 83, 85, 83, 84, 85,
    81, 85, 84, 83, 84, 82, 85, 83, 84, 81, 86, 83, 82, 84, 83, 81, 86,
    85 ]
