%YAML:1.0
---
videoName: "headShake41.mp4"
gestureLabel: 201
fps: 29
pixelSizeInCmTemp: 3.2364864864864862e-01
faceCenterPointX: 264
faceCenterPointY: 85
headPositionsX: [ 264, 262, 259, 263, 263, 263, 259, 263, 260, 263, 264,
    259, 260, 261, 259, 261, 259, 260, 263, 262, 263, 265, 262, 266, 267,
    269, 273, 272, 273, 276, 279, 281, 281, 282, 278, 280, 282, 282, 278,
    277, 273, 269, 266, 261, 257, 253, 250, 247, 247, 244, 245, 248, 245,
    248, 246, 252, 249, 255, 255, 260, 264, 268, 268, 272, 274, 276, 278,
    276, 279, 279, 280, 276, 272, 270, 269, 270, 267, 265, 263, 263, 263,
    265, 264, 264, 264, 261, 263, 263, 261, 260, 260, 263, 263, 263, 263,
    263, 262, 265, 265, 265 ]
headPositionsY: [ 85, 84, 83, 83, 82, 82, 82, 83, 84, 82, 85, 83, 84, 86,
    85, 85, 86, 83, 86, 83, 82, 82, 84, 84, 81, 85, 81, 84, 80, 82, 82,
    79, 82, 80, 80, 80, 80, 83, 84, 80, 86, 81, 86, 85, 84, 83, 86, 86,
    83, 80, 83, 82, 84, 86, 84, 85, 85, 84, 85, 87, 86, 86, 85, 83, 82,
    86, 82, 86, 84, 83, 84, 82, 86, 85, 87, 86, 84, 83, 82, 82, 85, 82,
    84, 82, 82, 86, 82, 83, 83, 86, 84, 87, 86, 86, 82, 82, 82, 83, 85,
    83 ]
