%YAML:1.0
---
videoName: "headShake1.mp4"
gestureLabel: 201
fps: 29
pixelSizeInCmTemp: 3.3263888888888887e-01
faceCenterPointX: 279
faceCenterPointY: 98
headPositionsX: [ 277, 279, 281, 279, 276, 279, 278, 279, 278, 277, 277,
    279, 278, 277, 279, 278, 278, 277, 279, 280, 278, 279, 278, 278, 279,
    280, 280, 282, 280, 284, 287, 290, 292, 292, 293, 291, 291, 286, 287,
    280, 279, 274, 271, 268, 270, 271, 273, 276, 281, 287, 286, 290, 290,
    292, 288, 288, 283, 279, 275, 269, 266, 265, 268, 271, 274, 276, 284,
    285, 288, 292, 290, 290, 289, 286, 285, 280, 276, 277, 272, 272, 271,
    270, 270, 271, 274, 276, 276, 275, 275, 277, 279, 281, 281, 282, 281,
    281, 279, 279, 279, 278 ]
headPositionsY: [ 100, 95, 98, 96, 99, 95, 99, 98, 97, 99, 95, 97, 96,
    97, 97, 97, 97, 96, 96, 97, 97, 98, 97, 98, 96, 97, 96, 97, 95, 96,
    99, 96, 96, 96, 98, 95, 93, 97, 96, 96, 97, 96, 98, 95, 95, 96, 93,
    98, 99, 93, 97, 94, 94, 98, 96, 94, 95, 96, 96, 96, 99, 98, 95, 96,
    95, 96, 97, 95, 96, 95, 93, 94, 95, 95, 96, 96, 99, 99, 97, 99, 98,
    98, 96, 97, 98, 96, 97, 96, 97, 95, 98, 99, 96, 99, 96, 99, 97, 100,
    98, 98 ]
