%YAML:1.0
---
videoName: "headShake40.mp4"
gestureLabel: 201
fps: 29
pixelSizeInCmTemp: 3.2808219178082193e-01
faceCenterPointX: 261
faceCenterPointY: 86
headPositionsX: [ 263, 261, 259, 260, 260, 259, 261, 259, 259, 262, 261,
    263, 264, 260, 262, 260, 259, 262, 260, 258, 262, 263, 261, 259, 261,
    261, 261, 260, 261, 256, 259, 253, 254, 252, 251, 253, 255, 259, 266,
    271, 275, 277, 278, 277, 277, 273, 271, 267, 260, 256, 250, 249, 246,
    248, 250, 252, 256, 261, 266, 267, 270, 274, 269, 269, 266, 262, 260,
    258, 256, 257, 259, 258, 258, 263, 263, 267, 266, 267, 268, 265, 267,
    264, 264, 259, 260, 260, 255, 255, 259, 260, 257, 257, 259, 261, 259,
    258, 259, 261, 260, 259 ]
headPositionsY: [ 85, 83, 84, 82, 81, 83, 83, 82, 82, 83, 82, 85, 86, 85,
    84, 82, 85, 84, 83, 84, 83, 81, 86, 85, 82, 82, 83, 86, 85, 84, 82,
    85, 82, 81, 85, 82, 82, 82, 82, 84, 82, 79, 81, 80, 79, 82, 83, 82,
    84, 83, 85, 85, 81, 81, 80, 81, 86, 83, 84, 84, 82, 84, 83, 85, 83,
    81, 85, 84, 84, 83, 84, 82, 85, 83, 84, 82, 83, 83, 82, 82, 84, 82,
    85, 83, 85, 83, 85, 85, 86, 85, 83, 87, 86, 83, 83, 83, 87, 86, 86,
    84 ]
