%YAML:1.0
---
videoName: "headShake42.mp4"
gestureLabel: 201
fps: 29
pixelSizeInCmTemp: 3.2808219178082193e-01
faceCenterPointX: 257
faceCenterPointY: 85
headPositionsX: [ 256, 275, 276, 274, 276, 277, 276, 275, 276, 275, 272,
    270, 268, 265, 260, 255, 253, 250, 248, 247, 246, 243, 244, 243, 241,
    243, 248, 250, 252, 260, 263, 269, 271, 276, 280, 282, 276, 276, 277,
    274, 273, 272, 265, 266, 260, 256, 254, 253, 249, 250, 248, 245, 247,
    245, 247, 248, 248, 250, 254, 257, 257, 261, 265, 263, 265, 270, 266,
    270, 269, 270, 266, 267, 266, 265, 265, 263, 260, 263, 258, 258, 259,
    257, 257, 258, 257, 255, 256, 255, 256, 255, 255, 258, 254, 257, 259,
    255, 259, 257, 259, 256 ]
headPositionsY: [ 85, 82, 84, 80, 81, 80, 83, 83, 82, 82, 80, 82, 83, 85,
    84, 85, 84, 83, 84, 83, 83, 82, 87, 86, 85, 85, 82, 84, 83, 83, 84,
    82, 83, 80, 81, 83, 84, 85, 83, 84, 83, 86, 86, 84, 88, 84, 85, 85,
    88, 85, 85, 86, 83, 86, 84, 84, 87, 86, 84, 88, 88, 87, 85, 87, 83,
    85, 85, 83, 85, 83, 87, 84, 88, 85, 84, 86, 86, 83, 88, 87, 85, 87,
    83, 83, 84, 86, 87, 87, 86, 87, 85, 85, 84, 83, 86, 85, 85, 83, 83,
    87 ]
