%YAML:1.0
---
videoName: "headShake49.mp4"
gestureLabel: 201
fps: 30
pixelSizeInCmTemp: 2.8855421686746985e-01
faceCenterPointX: 259
faceCenterPointY: 84
headPositionsX: [ 257, 262, 258, 261, 262, 263, 259, 258, 259, 260, 261,
    259, 259, 260, 262, 259, 261, 261, 261, 260, 259, 259, 259, 261, 259,
    258, 259, 258, 261, 259, 262, 260, 264, 267, 269, 273, 274, 278, 283,
    286, 282, 277, 270, 268, 258, 250, 246, 249, 248, 257, 259, 266, 274,
    272, 272, 269, 260, 258, 250, 248, 246, 252, 255, 262, 265, 271, 270,
    267, 263, 261, 254, 255, 253, 256, 259, 263, 265, 266, 268, 269, 265,
    265, 260, 257, 256, 256, 256, 259, 259, 258, 258, 260, 257, 261, 260,
    257, 258, 257, 258, 258 ]
headPositionsY: [ 85, 83, 79, 78, 79, 81, 78, 81, 79, 80, 83, 79, 83, 80,
    80, 79, 82, 79, 82, 83, 82, 82, 80, 83, 79, 80, 80, 82, 82, 78, 84,
    80, 81, 82, 81, 79, 81, 82, 80, 80, 80, 83, 81, 84, 85, 83, 83, 84,
    85, 84, 84, 84, 83, 82, 84, 85, 82, 85, 84, 83, 82, 83, 83, 82, 86,
    83, 84, 85, 85, 84, 84, 86, 85, 83, 83, 82, 84, 86, 84, 87, 84, 83,
    83, 85, 83, 82, 83, 83, 85, 87, 86, 83, 84, 85, 84, 84, 84, 86, 87,
    83 ]
