%YAML:1.0
---
videoName: "headShake27.mp4"
gestureLabel: 201
fps: 29
pixelSizeInCmTemp: 3.3263888888888887e-01
faceCenterPointX: 244
faceCenterPointY: 78
headPositionsX: [ 244, 245, 244, 251, 249, 253, 252, 256, 255, 254, 255,
    255, 254, 256, 255, 252, 249, 248, 244, 240, 241, 237, 236, 235, 232,
    232, 233, 230, 231, 233, 231, 235, 233, 235, 238, 238, 240, 244, 245,
    249, 250, 250, 247, 249, 252, 248, 250, 248, 248, 249, 248, 244, 243,
    240, 237, 239, 234, 231, 234, 233, 233, 231, 233, 233, 237, 234, 234,
    240, 239, 242, 242, 242, 245, 244, 250, 246, 249, 247, 246, 247, 245,
    249, 245, 248, 244, 248, 243, 248, 245, 244, 245, 245, 242, 246, 247,
    246, 243, 242, 247, 246 ]
headPositionsY: [ 79, 77, 79, 79, 76, 75, 76, 77, 75, 77, 76, 77, 74, 75,
    77, 80, 78, 77, 80, 79, 81, 77, 80, 78, 77, 80, 80, 80, 77, 80, 81,
    77, 79, 80, 78, 77, 79, 80, 80, 80, 79, 79, 80, 80, 81, 81, 81, 77,
    81, 80, 80, 80, 77, 78, 76, 80, 81, 76, 81, 80, 80, 79, 79, 80, 81,
    78, 79, 78, 78, 79, 79, 80, 78, 81, 80, 81, 77, 81, 79, 82, 76, 80,
    77, 82, 79, 81, 78, 82, 80, 78, 80, 79, 81, 81, 82, 78, 81, 79, 77,
    79 ]
