%YAML:1.0
---
videoName: "headShake27.mp4"
gestureLabel: 201
fps: 29
pixelSizeInCmTemp: 3.3263888888888887e-01
faceCenterPointX: 244
faceCenterPointY: 78
headPositionsX: [ 246, 246, 247, 248, 248, 252, 256, 255, 257, 255, 254,
    254, 256, 252, 254, 250, 249, 247, 245, 243, 242, 237, 239, 236, 236,
    235, 230, 230, 231, 231, 232, 234, 234, 234, 237, 238, 238, 242, 243,
    246, 247, 250, 247, 250, 248, 249, 251, 247, 250, 247, 248, 244, 241,
    243, 235, 236, 233, 234, 236, 234, 233, 233, 235, 233, 236, 237, 235,
    240, 242, 242, 244, 246, 247, 248, 248, 246, 246, 248, 246, 249, 246,
    249, 247, 247, 245, 246, 245, 248, 244, 247, 245, 243, 242, 242, 245,
    243, 243, 244, 243, 244 ]
headPositionsY: [ 80, 77, 78, 78, 79, 77, 77, 77, 75, 78, 75, 78, 77, 75,
    80, 80, 80, 76, 78, 79, 79, 79, 78, 77, 77, 77, 79, 76, 78, 77, 81,
    81, 77, 77, 78, 77, 77, 79, 81, 77, 82, 79, 81, 80, 79, 79, 80, 79,
    78, 78, 79, 78, 79, 81, 79, 80, 77, 80, 80, 76, 78, 78, 80, 81, 80,
    79, 80, 81, 82, 80, 81, 81, 79, 81, 79, 80, 77, 78, 81, 79, 80, 81,
    78, 79, 81, 77, 82, 82, 80, 79, 78, 77, 77, 82, 80, 81, 77, 78, 78,
    82 ]
