%YAML:1.0
---
videoName: "headShake39.mp4"
gestureLabel: 201
fps: 29
pixelSizeInCmTemp: 3.1933333333333330e-01
faceCenterPointX: 263
faceCenterPointY: 83
headPositionsX: [ 261, 260, 262, 260, 261, 259, 263, 259, 262, 261, 259,
    260, 260, 263, 262, 261, 259, 261, 263, 261, 257, 257, 257, 254, 250,
    249, 246, 246, 244, 243, 245, 245, 249, 250, 255, 260, 268, 273, 275,
    281, 282, 280, 277, 273, 263, 261, 253, 249, 246, 249, 248, 247, 254,
    255, 263, 269, 275, 278, 277, 281, 278, 271, 270, 262, 258, 256, 250,
    249, 251, 248, 252, 250, 254, 252, 256, 258, 260, 265, 265, 267, 263,
    265, 264, 265, 266, 267, 268, 268, 265, 266, 265, 264, 261, 264, 261,
    264, 260, 265, 264, 263 ]
headPositionsY: [ 81, 81, 84, 82, 81, 81, 84, 85, 81, 81, 83, 85, 82, 85,
    85, 84, 85, 82, 83, 84, 84, 85, 82, 85, 84, 84, 82, 82, 80, 80, 82,
    83, 83, 80, 83, 84, 81, 79, 81, 80, 80, 80, 80, 84, 81, 82, 82, 80,
    84, 84, 84, 82, 82, 82, 81, 83, 83, 80, 79, 79, 82, 81, 82, 82, 81,
    82, 79, 78, 78, 79, 78, 81, 78, 80, 84, 82, 83, 83, 81, 83, 80, 81,
    84, 81, 81, 83, 81, 83, 82, 84, 84, 82, 81, 81, 81, 82, 81, 81, 85,
    81 ]
