%YAML:1.0
---
videoName: "headShake35.mp4"
gestureLabel: 201
fps: 29
pixelSizeInCmTemp: 3.2364864864864862e-01
faceCenterPointX: 267
faceCenterPointY: 82
headPositionsX: [ 268, 269, 266, 268, 269, 266, 270, 267, 268, 268, 267,
    267, 269, 270, 266, 266, 268, 271, 267, 267, 269, 266, 267, 269, 271,
    267, 266, 269, 266, 267, 266, 267, 269, 266, 266, 269, 270, 267, 269,
    267, 266, 266, 269, 266, 265, 266, 270, 268, 265, 269, 267, 266, 270,
    268, 266, 270, 269, 265, 268, 268, 268, 267, 266, 272, 274, 277, 279,
    281, 281, 279, 278, 271, 265, 260, 258, 258, 258, 261, 263, 270, 272,
    276, 274, 273, 269, 268, 265, 262, 263, 262, 261, 266, 267, 269, 265,
    268, 269, 267, 266, 266 ]
headPositionsY: [ 80, 78, 78, 79, 80, 82, 80, 80, 81, 81, 82, 78, 82, 82,
    80, 82, 82, 82, 82, 82, 82, 80, 81, 81, 81, 81, 80, 79, 79, 83, 80,
    78, 80, 79, 78, 79, 81, 81, 79, 81, 83, 78, 79, 83, 79, 80, 81, 81,
    79, 82, 82, 78, 82, 81, 82, 83, 82, 79, 82, 80, 81, 83, 82, 80, 79,
    80, 82, 82, 81, 83, 80, 83, 78, 80, 81, 79, 82, 84, 80, 83, 80, 81,
    80, 83, 82, 84, 80, 80, 81, 79, 79, 82, 79, 83, 83, 79, 80, 82, 81,
    81 ]
