%YAML:1.0
---
videoName: "headShake2.mp4"
gestureLabel: 201
fps: 29
pixelSizeInCmTemp: 3.4214285714285714e-01
faceCenterPointX: 276
faceCenterPointY: 98
headPositionsX: [ 275, 278, 276, 275, 277, 277, 279, 276, 279, 279, 276,
    276, 278, 276, 278, 278, 279, 275, 278, 277, 275, 276, 279, 275, 280,
    278, 277, 276, 280, 277, 278, 277, 275, 278, 278, 279, 276, 276, 276,
    279, 277, 279, 279, 282, 286, 291, 295, 293, 296, 296, 291, 288, 284,
    277, 273, 268, 266, 264, 266, 269, 273, 278, 283, 288, 289, 292, 290,
    285, 283, 278, 275, 273, 267, 269, 269, 269, 274, 277, 285, 286, 289,
    285, 288, 282, 281, 280, 278, 279, 275, 274, 275, 273, 277, 273, 275,
    275, 276, 275, 277, 274 ]
headPositionsY: [ 99, 99, 98, 97, 98, 97, 99, 96, 99, 99, 96, 98, 100,
    97, 100, 99, 98, 101, 98, 96, 100, 98, 99, 100, 101, 96, 99, 100,
    102, 96, 96, 97, 98, 97, 98, 102, 97, 101, 97, 99, 99, 98, 98, 97,
    96, 96, 96, 97, 94, 99, 94, 98, 98, 100, 99, 96, 100, 97, 97, 99,
    100, 96, 97, 97, 97, 96, 96, 97, 96, 96, 97, 100, 100, 98, 99, 99,
    100, 98, 99, 99, 98, 95, 99, 98, 102, 98, 100, 98, 99, 97, 97, 98,
    99, 99, 100, 101, 97, 98, 100, 100 ]
