%YAML:1.0
---
videoName: "headShake28.mp4"
gestureLabel: 201
fps: 29
pixelSizeInCmTemp: 3.2808219178082193e-01
faceCenterPointX: 242
faceCenterPointY: 80
headPositionsX: [ 242, 241, 244, 239, 239, 242, 243, 239, 240, 241, 240,
    239, 240, 242, 240, 242, 242, 243, 241, 243, 243, 241, 241, 243, 242,
    243, 244, 240, 244, 240, 243, 244, 241, 241, 243, 241, 243, 242, 245,
    244, 241, 245, 244, 246, 246, 243, 244, 245, 244, 242, 237, 237, 232,
    229, 229, 232, 240, 245, 251, 254, 253, 256, 252, 252, 246, 239, 238,
    232, 233, 236, 239, 242, 246, 251, 251, 257, 252, 253, 248, 246, 242,
    242, 236, 237, 236, 239, 236, 241, 242, 241, 245, 243, 243, 244, 243,
    240, 241, 244, 244, 244 ]
headPositionsY: [ 78, 75, 76, 75, 76, 75, 79, 77, 76, 77, 81, 77, 77, 77,
    79, 79, 78, 78, 78, 77, 81, 77, 77, 79, 80, 77, 77, 81, 78, 81, 81,
    80, 79, 75, 79, 77, 78, 80, 78, 80, 77, 79, 78, 77, 78, 79, 76, 76,
    79, 75, 76, 77, 77, 79, 78, 78, 79, 76, 78, 77, 77, 74, 75, 79, 78,
    81, 76, 81, 80, 81, 79, 78, 76, 77, 77, 76, 78, 78, 78, 78, 77, 79,
    79, 82, 80, 80, 78, 77, 78, 81, 78, 80, 79, 81, 77, 79, 81, 82, 81,
    81 ]
