%YAML:1.0
---
videoName: "headShake40.mp4"
gestureLabel: 201
fps: 29
pixelSizeInCmTemp: 3.2808219178082193e-01
faceCenterPointX: 261
faceCenterPointY: 86
headPositionsX: [ 262, 261, 262, 263, 259, 261, 258, 263, 263, 262, 261,
    262, 264, 259, 263, 260, 262, 260, 262, 258, 263, 260, 259, 261, 260,
    260, 261, 261, 258, 259, 257, 257, 253, 252, 251, 256, 254, 261, 266,
    270, 272, 280, 280, 280, 280, 272, 272, 263, 260, 254, 248, 248, 245,
    247, 252, 252, 254, 263, 267, 269, 272, 272, 269, 270, 268, 263, 263,
    258, 258, 259, 258, 256, 261, 261, 263, 263, 265, 266, 265, 265, 265,
    263, 263, 263, 257, 257, 258, 258, 258, 260, 259, 259, 258, 259, 259,
    259, 259, 262, 263, 263 ]
headPositionsY: [ 85, 84, 83, 85, 82, 84, 84, 82, 86, 83, 85, 85, 82, 84,
    83, 82, 85, 84, 84, 84, 86, 84, 83, 83, 84, 84, 84, 86, 83, 83, 84,
    85, 83, 84, 81, 82, 84, 83, 82, 82, 79, 79, 81, 80, 79, 79, 82, 82,
    81, 83, 81, 84, 83, 85, 84, 83, 83, 82, 85, 84, 83, 84, 85, 84, 86,
    82, 83, 82, 83, 84, 83, 81, 84, 84, 81, 82, 85, 82, 85, 85, 85, 82,
    82, 85, 82, 86, 83, 82, 82, 86, 84, 87, 87, 86, 86, 85, 88, 85, 84,
    87 ]
