%YAML:1.0
---
videoName: "headShake8.mp4"
gestureLabel: 201
fps: 29
pixelSizeInCmTemp: 3.2364864864864862e-01
faceCenterPointX: 243
faceCenterPointY: 72
headPositionsX: [ 244, 245, 246, 246, 242, 246, 244, 242, 241, 243, 243,
    244, 241, 242, 246, 243, 243, 243, 244, 242, 246, 245, 241, 242, 245,
    242, 243, 242, 242, 243, 244, 245, 244, 244, 244, 251, 252, 254, 259,
    264, 265, 263, 266, 262, 258, 251, 246, 238, 235, 235, 233, 229, 232,
    240, 242, 249, 252, 259, 258, 258, 258, 253, 251, 246, 240, 236, 236,
    235, 236, 236, 235, 239, 239, 242, 241, 244, 245, 245, 250, 249, 252,
    252, 251, 249, 248, 250, 249, 249, 246, 244, 244, 243, 243, 244, 241,
    244, 242, 243, 245, 243 ]
headPositionsY: [ 74, 72, 74, 70, 74, 74, 70, 70, 70, 70, 69, 72, 73, 72,
    73, 73, 73, 73, 71, 70, 71, 70, 69, 72, 70, 70, 71, 71, 74, 70, 70,
    70, 71, 70, 71, 72, 68, 70, 70, 72, 67, 69, 72, 69, 70, 69, 70, 72,
    71, 71, 70, 73, 72, 73, 70, 73, 72, 71, 67, 70, 69, 68, 72, 70, 74,
    73, 73, 73, 73, 74, 74, 71, 70, 74, 73, 74, 72, 70, 73, 71, 70, 69,
    70, 69, 70, 72, 73, 73, 69, 69, 72, 70, 71, 70, 74, 72, 70, 72, 71,
    72 ]
