%YAML:1.0
---
videoName: "headShake13.mp4"
gestureLabel: 201
fps: 29
pixelSizeInCmTemp: 3.2364864864864862e-01
faceCenterPointX: 241
faceCenterPointY: 77
headPositionsX: [ 243, 242, 243, 240, 239, 242, 244, 239, 242, 243, 243,
    241, 244, 241, 241, 240, 242, 241, 241, 241, 242, 243, 241, 241, 242,
    241, 244, 239, 241, 238, 238, 237, 238, 241, 242, 249, 249, 254, 258,
    259, 263, 264, 260, 257, 248, 241, 237, 233, 229, 230, 229, 234, 236,
    237, 242, 246, 251, 250, 251, 246, 246, 242, 237, 236, 231, 232, 234,
    235, 240, 243, 243, 247, 252, 253, 248, 249, 248, 242, 241, 240, 236,
    235, 235, 234, 232, 235, 235, 238, 244, 243, 245, 242, 245, 243, 244,
    244, 243, 240, 241, 241 ]
headPositionsY: [ 75, 74, 75, 75, 77, 74, 77, 78, 74, 75, 76, 77, 74, 77,
    78, 75, 77, 78, 74, 75, 77, 76, 77, 77, 74, 76, 75, 78, 78, 77, 78,
    74, 77, 76, 77, 76, 75, 74, 75, 74, 75, 75, 75, 77, 75, 78, 76, 75,
    77, 79, 79, 77, 76, 78, 77, 76, 74, 77, 75, 74, 78, 78, 74, 75, 76,
    77, 75, 78, 78, 76, 78, 75, 77, 76, 75, 77, 77, 76, 76, 75, 78, 76,
    74, 74, 75, 75, 76, 75, 79, 77, 76, 77, 75, 74, 75, 78, 78, 76, 77,
    77 ]
