%YAML:1.0
---
videoName: "headShake36.mp4"
gestureLabel: 201
fps: 29
pixelSizeInCmTemp: 3.2364864864864862e-01
faceCenterPointX: 263
faceCenterPointY: 80
headPositionsX: [ 265, 263, 260, 264, 265, 264, 263, 269, 272, 272, 276,
    277, 279, 281, 278, 283, 286, 278, 279, 277, 278, 270, 267, 265, 261,
    258, 254, 253, 253, 248, 245, 246, 245, 246, 246, 243, 245, 246, 247,
    251, 258, 262, 265, 269, 272, 271, 277, 277, 279, 281, 281, 283, 278,
    278, 273, 271, 269, 268, 264, 256, 256, 254, 253, 249, 249, 249, 249,
    250, 250, 254, 257, 258, 259, 263, 265, 266, 265, 266, 269, 269, 265,
    267, 264, 266, 267, 264, 267, 266, 266, 263, 265, 265, 263, 263, 262,
    261, 263, 265, 265, 261 ]
headPositionsY: [ 78, 80, 79, 81, 80, 82, 77, 79, 80, 80, 79, 79, 80, 79,
    75, 76, 75, 76, 80, 77, 77, 79, 83, 81, 83, 79, 80, 80, 82, 82, 81,
    81, 83, 81, 82, 80, 82, 79, 80, 83, 81, 83, 82, 81, 78, 77, 82, 78,
    77, 79, 78, 80, 77, 79, 80, 80, 83, 81, 82, 81, 77, 80, 78, 80, 78,
    79, 79, 82, 81, 79, 83, 79, 80, 83, 81, 82, 80, 80, 82, 81, 79, 80,
    79, 78, 82, 79, 79, 79, 81, 83, 79, 82, 81, 80, 82, 79, 82, 80, 78,
    78 ]
