%YAML:1.0
---
videoName: "headShake2.mp4"
gestureLabel: 201
fps: 29
pixelSizeInCmTemp: 3.4214285714285714e-01
faceCenterPointX: 276
faceCenterPointY: 98
headPositionsX: [ 274, 279, 279, 275, 276, 275, 278, 279, 278, 279, 278,
    278, 276, 277, 278, 279, 276, 277, 277, 278, 275, 276, 276, 276, 278,
    277, 275, 275, 280, 278, 276, 280, 275, 275, 277, 278, 274, 278, 278,
    278, 278, 277, 278, 282, 286, 289, 293, 292, 293, 292, 292, 286, 284,
    278, 271, 268, 266, 266, 265, 267, 272, 277, 284, 289, 291, 291, 288,
    287, 283, 279, 273, 271, 267, 270, 266, 273, 273, 280, 284, 288, 287,
    286, 284, 283, 285, 283, 278, 277, 277, 277, 273, 277, 278, 275, 273,
    276, 275, 274, 275, 276 ]
headPositionsY: [ 99, 98, 98, 96, 100, 99, 100, 99, 98, 97, 96, 97, 99,
    100, 97, 99, 97, 101, 100, 99, 100, 97, 100, 96, 97, 98, 100, 96, 99,
    97, 100, 97, 97, 100, 100, 100, 100, 99, 101, 101, 98, 96, 100, 95,
    96, 95, 95, 95, 95, 96, 96, 99, 96, 99, 98, 95, 98, 99, 96, 97, 96,
    98, 96, 97, 98, 97, 97, 95, 95, 97, 98, 99, 97, 97, 96, 98, 99, 98,
    97, 96, 98, 95, 98, 100, 100, 99, 99, 97, 101, 100, 98, 97, 100, 98,
    98, 97, 99, 100, 97, 102 ]
