%YAML:1.0
---
videoName: "headShake12.mp4"
gestureLabel: 201
fps: 29
pixelSizeInCmTemp: 3.2808219178082193e-01
faceCenterPointX: 241
faceCenterPointY: 76
headPositionsX: [ 242, 241, 240, 242, 242, 240, 244, 243, 240, 242, 245,
    244, 240, 244, 243, 241, 242, 241, 243, 242, 242, 244, 243, 242, 242,
    242, 240, 240, 243, 242, 240, 243, 244, 242, 239, 241, 244, 239, 241,
    240, 239, 241, 242, 240, 240, 243, 240, 239, 242, 241, 241, 241, 240,
    242, 239, 241, 242, 241, 245, 247, 250, 253, 252, 255, 256, 257, 255,
    252, 246, 244, 237, 234, 232, 230, 238, 242, 245, 248, 250, 254, 252,
    248, 250, 243, 242, 242, 236, 236, 237, 239, 237, 239, 241, 238, 241,
    238, 237, 238, 240, 241 ]
headPositionsY: [ 76, 74, 72, 73, 76, 75, 75, 72, 76, 74, 75, 73, 75, 73,
    72, 74, 72, 73, 76, 76, 71, 73, 73, 72, 71, 77, 72, 74, 72, 72, 75,
    72, 77, 72, 72, 76, 73, 74, 75, 76, 76, 72, 76, 73, 72, 72, 72, 72,
    72, 75, 75, 74, 73, 75, 73, 73, 72, 73, 76, 71, 71, 75, 71, 71, 71,
    74, 75, 76, 77, 78, 76, 74, 74, 75, 77, 78, 77, 77, 74, 73, 77, 74,
    76, 79, 74, 75, 76, 74, 75, 74, 77, 75, 77, 74, 78, 76, 75, 75, 78,
    75 ]
