%YAML:1.0
---
videoName: "headShake37.mp4"
gestureLabel: 201
fps: 30
pixelSizeInCmTemp: 3.1933333333333330e-01
faceCenterPointX: 263
faceCenterPointY: 83
headPositionsX: [ 261, 260, 260, 263, 262, 261, 260, 263, 260, 262, 263,
    260, 260, 262, 265, 263, 265, 264, 262, 260, 262, 265, 263, 263, 262,
    262, 261, 260, 263, 260, 262, 260, 260, 263, 261, 264, 264, 261, 261,
    264, 260, 261, 261, 262, 259, 260, 261, 262, 268, 269, 276, 277, 280,
    281, 279, 276, 272, 265, 258, 253, 251, 255, 254, 257, 264, 269, 269,
    272, 272, 271, 269, 266, 260, 258, 256, 254, 254, 253, 255, 259, 257,
    259, 262, 266, 266, 265, 264, 265, 266, 264, 263, 264, 265, 265, 261,
    264, 264, 265, 262, 265 ]
headPositionsY: [ 85, 80, 85, 85, 85, 83, 84, 85, 84, 83, 85, 81, 81, 81,
    81, 85, 85, 81, 83, 83, 81, 82, 81, 84, 86, 84, 82, 84, 82, 82, 82,
    82, 81, 85, 85, 81, 85, 84, 83, 81, 82, 83, 81, 82, 83, 82, 85, 84,
    81, 80, 84, 82, 79, 80, 82, 82, 82, 82, 81, 82, 82, 82, 82, 84, 84,
    82, 80, 81, 83, 81, 84, 85, 85, 81, 83, 82, 84, 79, 81, 83, 82, 82,
    81, 82, 81, 83, 84, 82, 84, 85, 83, 84, 84, 82, 82, 82, 83, 83, 83,
    84 ]
