%YAML:1.0
---
videoName: "headShake35.mp4"
gestureLabel: 201
fps: 29
pixelSizeInCmTemp: 3.2364864864864862e-01
faceCenterPointX: 267
faceCenterPointY: 82
headPositionsX: [ 268, 267, 266, 267, 265, 265, 266, 269, 267, 268, 266,
    269, 269, 268, 270, 269, 266, 270, 270, 267, 270, 266, 267, 266, 270,
    269, 270, 269, 270, 268, 267, 269, 266, 267, 267, 267, 266, 270, 268,
    268, 266, 265, 266, 267, 268, 267, 268, 268, 265, 268, 267, 268, 269,
    265, 268, 268, 266, 266, 266, 266, 267, 268, 269, 273, 272, 277, 279,
    279, 281, 277, 275, 271, 265, 261, 259, 259, 262, 263, 266, 269, 274,
    274, 276, 271, 272, 269, 262, 262, 261, 261, 261, 264, 265, 265, 269,
    268, 267, 268, 265, 270 ]
headPositionsY: [ 81, 78, 81, 77, 79, 82, 82, 79, 81, 79, 82, 82, 78, 82,
    77, 81, 81, 80, 79, 80, 78, 80, 82, 82, 78, 80, 79, 82, 81, 81, 82,
    77, 80, 82, 78, 80, 80, 81, 79, 80, 83, 81, 82, 80, 80, 79, 83, 81,
    78, 81, 82, 81, 81, 78, 79, 83, 78, 78, 82, 81, 82, 80, 81, 83, 80,
    80, 82, 81, 81, 82, 79, 79, 79, 79, 81, 80, 82, 81, 80, 84, 80, 80,
    82, 80, 80, 83, 79, 82, 81, 81, 81, 81, 83, 81, 80, 81, 80, 80, 79,
    80 ]
