%YAML:1.0
---
videoName: "headShake27.mp4"
gestureLabel: 201
fps: 29
pixelSizeInCmTemp: 3.3263888888888887e-01
faceCenterPointX: 244
faceCenterPointY: 78
headPositionsX: [ 244, 248, 246, 250, 251, 253, 252, 252, 256, 256, 257,
    257, 255, 252, 255, 251, 246, 246, 245, 244, 239, 239, 236, 238, 236,
    235, 234, 232, 230, 234, 234, 235, 234, 237, 236, 238, 239, 240, 246,
    248, 249, 250, 249, 247, 252, 251, 249, 251, 248, 246, 245, 241, 240,
    241, 239, 239, 233, 234, 235, 232, 233, 233, 236, 234, 234, 238, 238,
    240, 242, 241, 243, 244, 244, 245, 248, 246, 246, 248, 248, 248, 247,
    248, 244, 245, 248, 246, 243, 248, 245, 246, 245, 243, 243, 245, 247,
    243, 245, 246, 243, 243 ]
headPositionsY: [ 78, 76, 79, 75, 78, 74, 77, 75, 74, 74, 75, 78, 74, 77,
    79, 77, 79, 79, 79, 80, 81, 78, 77, 81, 80, 78, 76, 80, 80, 79, 78,
    77, 79, 77, 79, 79, 80, 78, 82, 77, 81, 79, 79, 81, 82, 77, 80, 77,
    79, 80, 81, 79, 81, 81, 76, 82, 80, 77, 80, 80, 77, 77, 78, 77, 79,
    78, 81, 81, 82, 77, 79, 82, 80, 79, 79, 81, 77, 82, 80, 78, 78, 81,
    81, 82, 78, 80, 79, 82, 78, 78, 79, 81, 81, 82, 81, 81, 78, 81, 78,
    81 ]
