%YAML:1.0
---
videoName: "headShake45.mp4"
gestureLabel: 201
fps: 30
pixelSizeInCmTemp: 3.3263888888888887e-01
faceCenterPointX: 262
faceCenterPointY: 84
headPositionsX: [ 261, 260, 260, 264, 263, 264, 262, 262, 264, 264, 260,
    262, 262, 264, 262, 264, 264, 264, 264, 260, 262, 261, 261, 264, 260,
    263, 263, 263, 263, 264, 261, 261, 264, 262, 261, 263, 262, 260, 259,
    258, 257, 258, 257, 266, 268, 277, 277, 280, 280, 278, 271, 265, 261,
    255, 255, 253, 257, 261, 267, 270, 276, 272, 273, 269, 264, 260, 257,
    256, 255, 262, 264, 267, 273, 273, 273, 268, 264, 259, 255, 256, 256,
    257, 260, 263, 263, 265, 262, 260, 262, 261, 261, 260, 260, 260, 264,
    264, 265, 260, 260, 260 ]
headPositionsY: [ 85, 83, 82, 81, 84, 82, 81, 82, 81, 85, 79, 83, 83, 80,
    82, 82, 84, 81, 80, 80, 82, 80, 84, 83, 80, 82, 81, 81, 83, 83, 83,
    83, 83, 83, 82, 82, 81, 82, 81, 83, 81, 81, 81, 80, 81, 82, 79, 80,
    81, 79, 84, 82, 84, 82, 81, 84, 83, 84, 80, 79, 79, 83, 83, 80, 83,
    84, 86, 83, 85, 83, 82, 80, 84, 82, 84, 83, 85, 86, 82, 80, 83, 84,
    82, 82, 84, 83, 82, 83, 85, 83, 82, 82, 81, 82, 84, 84, 85, 81, 83,
    82 ]
