%YAML:1.0
---
videoName: "headShake34.mp4"
gestureLabel: 201
fps: 29
pixelSizeInCmTemp: 3.2364864864864862e-01
faceCenterPointX: 263
faceCenterPointY: 83
headPositionsX: [ 261, 263, 265, 265, 263, 264, 266, 262, 264, 263, 263,
    265, 266, 263, 266, 263, 262, 266, 263, 266, 265, 266, 265, 262, 267,
    265, 264, 266, 265, 261, 264, 265, 262, 263, 265, 267, 266, 265, 266,
    267, 269, 271, 273, 275, 275, 280, 278, 279, 275, 277, 273, 267, 263,
    259, 253, 255, 253, 252, 255, 257, 256, 261, 265, 266, 270, 270, 269,
    266, 265, 259, 258, 254, 256, 252, 256, 255, 258, 260, 265, 265, 263,
    266, 264, 263, 264, 265, 267, 263, 264, 265, 263, 263, 263, 263, 262,
    265, 264, 265, 264, 265 ]
headPositionsY: [ 83, 83, 85, 84, 82, 82, 82, 84, 81, 83, 85, 85, 82, 81,
    82, 83, 80, 82, 81, 83, 83, 84, 81, 81, 82, 80, 81, 85, 86, 82, 85,
    83, 82, 83, 83, 84, 82, 82, 82, 83, 80, 82, 80, 83, 82, 82, 80, 79,
    81, 81, 81, 85, 85, 83, 83, 81, 79, 82, 81, 84, 85, 82, 83, 84, 81,
    84, 85, 84, 86, 81, 84, 81, 84, 85, 81, 82, 83, 81, 83, 85, 85, 83,
    84, 85, 86, 82, 85, 83, 83, 84, 85, 85, 86, 83, 83, 82, 82, 84, 85,
    84 ]
