%YAML:1.0
---
videoName: "headShake40.mp4"
gestureLabel: 201
fps: 29
pixelSizeInCmTemp: 3.2808219178082193e-01
faceCenterPointX: 261
faceCenterPointY: 86
headPositionsX: [ 260, 263, 261, 263, 260, 259, 260, 260, 260, 262, 259,
    259, 264, 259, 262, 261, 258, 259, 262, 260, 261, 259, 260, 262, 263,
    260, 263, 261, 257, 260, 256, 255, 252, 253, 254, 254, 257, 260, 266,
    268, 272, 276, 280, 281, 276, 275, 273, 263, 261, 255, 248, 249, 245,
    248, 249, 251, 258, 259, 264, 267, 270, 271, 271, 268, 266, 265, 263,
    257, 259, 258, 258, 255, 258, 260, 261, 267, 268, 267, 266, 267, 264,
    263, 262, 262, 261, 258, 258, 259, 259, 257, 260, 256, 258, 260, 258,
    260, 261, 263, 262, 262 ]
headPositionsY: [ 86, 85, 82, 85, 81, 82, 82, 85, 82, 84, 85, 86, 86, 82,
    83, 86, 85, 85, 86, 83, 82, 81, 84, 86, 83, 85, 82, 83, 82, 83, 84,
    81, 83, 81, 81, 83, 84, 82, 85, 83, 81, 81, 80, 81, 81, 80, 85, 83,
    82, 84, 81, 84, 81, 83, 83, 84, 84, 84, 83, 83, 84, 85, 85, 82, 85,
    83, 84, 82, 84, 83, 84, 81, 82, 85, 84, 85, 82, 85, 85, 82, 83, 85,
    82, 82, 83, 82, 84, 82, 86, 82, 85, 87, 85, 85, 85, 84, 85, 84, 86,
    87 ]
