%YAML:1.0
---
videoName: "headShake22.mp4"
gestureLabel: 201
fps: 29
pixelSizeInCmTemp: 3.2364864864864862e-01
faceCenterPointX: 241
faceCenterPointY: 79
headPositionsX: [ 240, 243, 244, 242, 243, 240, 245, 241, 241, 244, 240,
    243, 245, 244, 241, 242, 241, 244, 244, 245, 243, 241, 244, 244, 243,
    244, 242, 240, 240, 240, 244, 240, 243, 243, 244, 243, 242, 244, 242,
    243, 242, 240, 243, 240, 240, 242, 241, 243, 241, 244, 243, 240, 243,
    243, 240, 241, 243, 242, 244, 243, 240, 241, 243, 241, 240, 238, 241,
    240, 246, 249, 252, 252, 256, 254, 252, 250, 245, 240, 240, 238, 239,
    236, 239, 243, 244, 245, 248, 247, 246, 245, 243, 239, 240, 241, 242,
    240, 239, 241, 238, 239 ]
headPositionsY: [ 81, 74, 74, 76, 76, 74, 75, 77, 74, 76, 74, 78, 78, 74,
    74, 78, 77, 75, 74, 78, 77, 75, 75, 77, 75, 75, 78, 76, 77, 75, 78,
    76, 77, 74, 74, 78, 78, 75, 75, 74, 80, 76, 74, 77, 77, 74, 78, 77,
    76, 77, 75, 77, 77, 77, 77, 75, 75, 78, 76, 75, 76, 79, 75, 75, 77,
    76, 76, 76, 75, 74, 74, 73, 76, 73, 75, 74, 79, 75, 78, 78, 78, 75,
    77, 77, 76, 77, 78, 78, 76, 77, 78, 80, 78, 78, 77, 76, 79, 80, 80,
    80 ]
