%YAML:1.0
---
videoName: "headShake30.mp4"
gestureLabel: 201
fps: 29
pixelSizeInCmTemp: 3.2808219178082193e-01
faceCenterPointX: 240
faceCenterPointY: 68
headPositionsX: [ 240, 234, 232, 232, 231, 233, 235, 231, 233, 233, 234,
    234, 239, 238, 241, 242, 241, 242, 244, 244, 245, 244, 245, 243, 243,
    244, 244, 244, 240, 241, 240, 241, 239, 241, 237, 241, 239, 240, 244,
    249, 250, 252, 255, 258, 259, 258, 257, 254, 248, 246, 238, 231, 226,
    225, 224, 226, 228, 235, 240, 247, 251, 253, 251, 253, 245, 241, 238,
    231, 228, 225, 230, 226, 232, 239, 243, 245, 248, 250, 250, 247, 248,
    243, 242, 236, 239, 237, 238, 236, 238, 238, 240, 238, 241, 242, 238,
    238, 242, 239, 241, 238 ]
headPositionsY: [ 69, 57, 54, 55, 60, 61, 62, 61, 60, 61, 63, 62, 66, 67,
    65, 66, 67, 63, 67, 65, 66, 66, 65, 67, 65, 63, 63, 68, 67, 64, 64,
    65, 67, 67, 67, 66, 68, 66, 65, 65, 67, 66, 64, 63, 65, 66, 68, 68,
    68, 69, 66, 67, 65, 69, 69, 66, 67, 68, 68, 70, 65, 64, 65, 68, 70,
    70, 66, 69, 66, 67, 71, 68, 66, 69, 70, 65, 67, 65, 65, 65, 66, 68,
    69, 66, 68, 68, 67, 69, 69, 69, 69, 70, 68, 70, 67, 68, 66, 69, 67,
    69 ]
