%YAML:1.0
---
videoName: "headShake49.mp4"
gestureLabel: 201
fps: 30
pixelSizeInCmTemp: 2.8855421686746985e-01
faceCenterPointX: 259
faceCenterPointY: 84
headPositionsX: [ 257, 262, 259, 259, 261, 261, 263, 260, 259, 258, 262,
    262, 261, 261, 258, 262, 259, 262, 259, 261, 263, 260, 260, 263, 259,
    261, 260, 262, 262, 260, 259, 262, 263, 264, 266, 273, 278, 279, 284,
    285, 282, 278, 271, 268, 260, 252, 250, 248, 252, 258, 259, 267, 274,
    274, 272, 267, 261, 257, 253, 247, 247, 252, 258, 262, 266, 272, 269,
    268, 262, 259, 255, 253, 255, 257, 255, 261, 267, 266, 270, 270, 267,
    261, 261, 260, 257, 259, 259, 259, 257, 258, 259, 258, 259, 259, 257,
    257, 259, 261, 258, 259 ]
headPositionsY: [ 82, 82, 83, 78, 83, 79, 78, 83, 79, 78, 79, 80, 79, 79,
    81, 82, 82, 83, 83, 79, 81, 81, 78, 82, 80, 80, 82, 79, 83, 81, 80,
    81, 83, 82, 82, 81, 81, 80, 81, 78, 81, 81, 84, 86, 86, 83, 83, 82,
    85, 84, 82, 84, 82, 84, 86, 85, 82, 85, 84, 84, 82, 86, 87, 82, 84,
    86, 84, 83, 83, 85, 83, 83, 87, 83, 85, 84, 84, 84, 82, 87, 84, 85,
    85, 86, 85, 83, 84, 85, 86, 85, 83, 85, 83, 87, 83, 85, 86, 85, 87,
    85 ]
