%YAML:1.0
---
videoName: "headShake5.mp4"
gestureLabel: 201
fps: 30
pixelSizeInCmTemp: 3.3263888888888887e-01
faceCenterPointX: 275
faceCenterPointY: 73
headPositionsX: [ 273, 276, 280, 275, 278, 278, 280, 279, 279, 279, 279,
    278, 278, 276, 279, 279, 277, 277, 277, 278, 280, 277, 278, 277, 277,
    279, 278, 277, 276, 277, 278, 277, 279, 280, 282, 285, 287, 294, 297,
    295, 293, 295, 289, 286, 280, 273, 266, 266, 265, 265, 268, 274, 282,
    289, 290, 288, 287, 282, 281, 275, 270, 264, 263, 266, 268, 271, 273,
    281, 283, 286, 286, 285, 279, 280, 275, 271, 270, 266, 266, 266, 269,
    274, 274, 276, 282, 280, 280, 282, 281, 281, 282, 280, 276, 274, 277,
    274, 277, 277, 275, 276 ]
headPositionsY: [ 75, 71, 71, 72, 73, 75, 74, 72, 73, 71, 71, 72, 74, 74,
    75, 75, 75, 74, 72, 73, 74, 73, 72, 74, 72, 75, 74, 73, 72, 72, 74,
    72, 71, 75, 72, 74, 72, 74, 73, 72, 70, 73, 70, 71, 73, 76, 74, 75,
    72, 72, 71, 73, 73, 76, 74, 72, 76, 73, 76, 75, 77, 74, 76, 76, 73,
    72, 72, 73, 71, 76, 76, 74, 75, 74, 72, 74, 72, 73, 74, 74, 76, 73,
    72, 73, 73, 73, 72, 73, 72, 74, 70, 72, 71, 75, 72, 73, 73, 74, 74,
    71 ]
