%YAML:1.0
---
videoName: "headShake16.mp4"
gestureLabel: 201
fps: 29
pixelSizeInCmTemp: 3.2364864864864862e-01
faceCenterPointX: 242
faceCenterPointY: 77
headPositionsX: [ 243, 243, 246, 243, 244, 242, 242, 245, 244, 241, 245,
    244, 243, 242, 244, 242, 242, 244, 243, 242, 241, 244, 241, 244, 243,
    241, 241, 241, 240, 241, 242, 243, 244, 240, 242, 241, 240, 244, 247,
    248, 251, 251, 254, 252, 253, 251, 249, 243, 241, 236, 235, 236, 237,
    237, 241, 241, 242, 245, 250, 248, 247, 249, 245, 242, 240, 240, 237,
    237, 232, 235, 234, 236, 237, 242, 242, 245, 245, 244, 244, 242, 245,
    241, 242, 239, 241, 239, 238, 237, 238, 242, 242, 243, 242, 241, 244,
    240, 244, 240, 240, 244 ]
headPositionsY: [ 77, 73, 77, 77, 77, 77, 77, 75, 75, 78, 78, 76, 76, 76,
    75, 77, 74, 76, 78, 77, 76, 77, 73, 77, 76, 74, 75, 74, 76, 74, 73,
    77, 76, 77, 75, 76, 77, 75, 74, 76, 74, 76, 74, 76, 74, 73, 75, 74,
    77, 76, 77, 78, 77, 79, 75, 75, 76, 76, 76, 77, 75, 76, 77, 77, 76,
    78, 74, 77, 77, 79, 79, 78, 77, 76, 78, 76, 77, 76, 76, 78, 80, 76,
    79, 75, 78, 78, 79, 77, 79, 75, 74, 75, 75, 75, 79, 78, 78, 79, 75,
    75 ]
