%YAML:1.0
---
videoName: "headShake11.mp4"
gestureLabel: 201
fps: 29
pixelSizeInCmTemp: 3.2364864864864862e-01
faceCenterPointX: 244
faceCenterPointY: 76
headPositionsX: [ 242, 241, 242, 240, 244, 243, 241, 240, 242, 240, 240,
    244, 240, 240, 243, 242, 244, 242, 241, 241, 243, 240, 243, 244, 244,
    240, 242, 246, 249, 251, 256, 256, 259, 261, 261, 262, 260, 260, 255,
    251, 245, 236, 234, 232, 229, 227, 229, 232, 235, 240, 246, 252, 256,
    258, 258, 259, 257, 255, 249, 244, 239, 233, 230, 231, 228, 232, 234,
    238, 242, 250, 250, 253, 256, 259, 256, 253, 254, 248, 245, 240, 240,
    234, 234, 235, 233, 239, 241, 244, 244, 246, 245, 246, 246, 246, 247,
    244, 244, 248, 247, 242 ]
headPositionsY: [ 77, 72, 73, 74, 71, 74, 72, 73, 74, 73, 74, 72, 75, 71,
    71, 75, 73, 72, 71, 73, 72, 75, 74, 74, 74, 74, 71, 71, 70, 73, 70,
    74, 72, 73, 73, 70, 73, 75, 74, 75, 75, 73, 74, 74, 76, 76, 74, 76,
    75, 75, 73, 73, 74, 72, 75, 74, 71, 74, 74, 75, 76, 75, 75, 77, 74,
    74, 75, 73, 75, 74, 76, 71, 73, 72, 72, 72, 73, 74, 74, 75, 75, 75,
    76, 73, 76, 75, 74, 75, 77, 73, 73, 76, 74, 76, 76, 76, 77, 77, 77,
    77 ]
