%YAML:1.0
---
videoName: "headShake8.mp4"
gestureLabel: 201
fps: 29
pixelSizeInCmTemp: 3.2364864864864862e-01
faceCenterPointX: 243
faceCenterPointY: 72
headPositionsX: [ 243, 241, 242, 243, 242, 246, 245, 245, 244, 244, 242,
    246, 244, 243, 245, 241, 245, 244, 243, 243, 242, 246, 242, 244, 245,
    243, 244, 244, 242, 242, 242, 243, 243, 243, 248, 250, 254, 258, 262,
    266, 265, 265, 262, 260, 256, 249, 248, 242, 234, 232, 233, 229, 230,
    240, 244, 251, 253, 257, 257, 259, 256, 253, 251, 248, 240, 238, 237,
    235, 235, 232, 236, 236, 241, 239, 245, 243, 247, 246, 247, 250, 250,
    248, 251, 251, 248, 247, 246, 249, 246, 244, 247, 245, 243, 244, 245,
    243, 244, 244, 244, 245 ]
headPositionsY: [ 70, 70, 71, 74, 70, 73, 73, 70, 70, 70, 71, 73, 72, 72,
    72, 71, 73, 73, 72, 72, 73, 73, 72, 70, 72, 71, 72, 71, 72, 71, 73,
    70, 72, 72, 72, 69, 72, 72, 69, 68, 67, 69, 70, 71, 72, 71, 71, 69,
    71, 71, 70, 71, 73, 73, 73, 70, 71, 69, 70, 72, 68, 70, 71, 73, 74,
    72, 72, 69, 73, 72, 70, 74, 72, 70, 70, 73, 71, 71, 71, 74, 70, 70,
    69, 70, 71, 70, 71, 74, 71, 69, 71, 71, 71, 73, 73, 69, 73, 70, 74,
    73 ]
