%YAML:1.0
---
videoName: "headShake49.mp4"
gestureLabel: 201
fps: 30
pixelSizeInCmTemp: 2.8855421686746985e-01
faceCenterPointX: 259
faceCenterPointY: 84
headPositionsX: [ 258, 260, 259, 258, 262, 262, 263, 262, 260, 260, 260,
    262, 260, 261, 258, 260, 262, 261, 260, 261, 263, 259, 260, 259, 259,
    259, 263, 260, 262, 263, 262, 261, 265, 264, 266, 273, 278, 280, 284,
    283, 283, 279, 271, 266, 257, 251, 246, 248, 250, 256, 263, 269, 272,
    274, 273, 265, 264, 254, 249, 250, 249, 253, 258, 258, 263, 268, 268,
    266, 265, 261, 257, 255, 256, 253, 257, 260, 266, 269, 269, 268, 268,
    262, 260, 257, 258, 258, 260, 260, 261, 259, 260, 259, 257, 258, 260,
    256, 258, 261, 261, 258 ]
headPositionsY: [ 86, 81, 82, 79, 83, 83, 80, 79, 82, 82, 81, 82, 83, 82,
    80, 81, 80, 83, 82, 83, 80, 80, 80, 81, 82, 81, 82, 82, 80, 81, 83,
    81, 79, 82, 82, 81, 80, 78, 81, 82, 78, 80, 83, 84, 83, 85, 85, 86,
    84, 84, 84, 82, 83, 85, 85, 83, 82, 85, 83, 85, 81, 84, 85, 82, 84,
    84, 83, 85, 84, 82, 87, 84, 85, 83, 83, 85, 85, 85, 84, 84, 87, 83,
    83, 84, 86, 86, 86, 85, 82, 86, 83, 83, 86, 84, 86, 84, 85, 85, 85,
    84 ]
