%YAML:1.0
---
videoName: "headShake47.mp4"
gestureLabel: 201
fps: 29
pixelSizeInCmTemp: 3.2364864864864862e-01
faceCenterPointX: 258
faceCenterPointY: 86
headPositionsX: [ 257, 260, 258, 258, 260, 260, 258, 262, 260, 260, 258,
    261, 259, 260, 261, 259, 259, 262, 262, 262, 261, 260, 261, 262, 261,
    258, 260, 260, 258, 260, 260, 263, 257, 257, 258, 254, 254, 251, 252,
    251, 247, 251, 254, 256, 259, 264, 266, 267, 263, 264, 260, 255, 254,
    251, 254, 257, 262, 263, 268, 263, 260, 258, 253, 252, 252, 256, 256,
    262, 264, 264, 264, 258, 258, 256, 255, 254, 254, 259, 264, 264, 263,
    264, 260, 257, 257, 256, 252, 257, 255, 259, 255, 255, 256, 256, 256,
    259, 257, 258, 255, 257 ]
headPositionsY: [ 85, 83, 87, 85, 83, 84, 83, 84, 83, 85, 87, 83, 85, 86,
    82, 83, 82, 84, 85, 84, 82, 83, 85, 82, 85, 83, 85, 84, 85, 87, 85,
    84, 85, 84, 83, 87, 85, 84, 85, 85, 85, 87, 88, 88, 86, 88, 90, 88,
    89, 90, 89, 87, 89, 89, 91, 91, 90, 90, 90, 86, 89, 86, 88, 87, 84,
    85, 88, 85, 87, 89, 86, 86, 85, 86, 85, 87, 85, 84, 88, 85, 88, 85,
    89, 87, 87, 86, 88, 87, 84, 86, 88, 87, 84, 88, 88, 88, 86, 86, 84,
    85 ]
