%YAML:1.0
---
videoName: "headShake47.mp4"
gestureLabel: 201
fps: 29
pixelSizeInCmTemp: 3.2364864864864862e-01
faceCenterPointX: 258
faceCenterPointY: 86
headPositionsX: [ 257, 262, 259, 259, 259, 260, 261, 261, 262, 259, 261,
    260, 259, 261, 259, 260, 259, 261, 262, 261, 260, 262, 259, 262, 258,
    258, 262, 262, 260, 261, 262, 259, 260, 261, 254, 256, 251, 254, 250,
    250, 248, 248, 254, 254, 262, 267, 266, 269, 264, 265, 259, 254, 251,
    251, 252, 256, 260, 263, 265, 262, 260, 259, 255, 252, 251, 255, 257,
    259, 262, 261, 263, 261, 255, 252, 255, 252, 254, 260, 264, 263, 261,
    260, 260, 258, 256, 254, 255, 255, 255, 259, 259, 258, 257, 258, 256,
    259, 258, 259, 255, 258 ]
headPositionsY: [ 87, 83, 84, 86, 85, 85, 86, 84, 83, 83, 83, 86, 82, 83,
    85, 84, 83, 84, 84, 88, 86, 84, 87, 86, 85, 86, 83, 86, 85, 86, 83,
    83, 85, 84, 87, 85, 85, 83, 86, 84, 87, 88, 89, 89, 87, 86, 90, 90,
    90, 90, 87, 90, 91, 89, 90, 88, 91, 88, 90, 89, 90, 86, 86, 86, 85,
    87, 89, 85, 88, 89, 87, 86, 86, 86, 85, 85, 84, 84, 87, 88, 89, 86,
    85, 86, 86, 85, 86, 86, 88, 84, 84, 84, 86, 85, 84, 85, 87, 89, 86,
    86 ]
