%YAML:1.0
---
videoName: "headShake35.mp4"
gestureLabel: 201
fps: 29
pixelSizeInCmTemp: 3.2364864864864862e-01
faceCenterPointX: 267
faceCenterPointY: 82
headPositionsX: [ 265, 267, 265, 265, 266, 267, 270, 268, 269, 267, 268,
    268, 269, 271, 266, 268, 267, 268, 269, 269, 270, 267, 269, 266, 270,
    266, 268, 267, 268, 270, 266, 269, 270, 267, 270, 266, 266, 266, 266,
    270, 267, 269, 269, 269, 268, 268, 266, 269, 266, 266, 265, 266, 268,
    267, 267, 268, 266, 266, 265, 265, 268, 267, 268, 270, 274, 277, 280,
    279, 281, 278, 274, 270, 265, 261, 258, 256, 261, 261, 267, 268, 275,
    275, 276, 272, 269, 265, 265, 263, 262, 263, 264, 265, 267, 268, 265,
    266, 269, 270, 269, 270 ]
headPositionsY: [ 83, 81, 82, 77, 79, 79, 81, 77, 82, 82, 82, 80, 80, 82,
    81, 82, 81, 79, 82, 82, 80, 79, 80, 80, 80, 81, 81, 82, 78, 83, 80,
    77, 83, 80, 78, 81, 80, 79, 80, 78, 81, 82, 78, 81, 79, 82, 82, 82,
    78, 82, 80, 79, 79, 79, 81, 79, 82, 81, 82, 78, 79, 79, 80, 81, 79,
    82, 79, 78, 80, 80, 81, 83, 82, 79, 80, 79, 82, 80, 82, 82, 81, 80,
    83, 80, 80, 83, 81, 79, 79, 83, 83, 80, 79, 82, 82, 81, 83, 84, 80,
    80 ]
