%YAML:1.0
---
videoName: "headShake13.mp4"
gestureLabel: 201
fps: 29
pixelSizeInCmTemp: 3.2364864864864862e-01
faceCenterPointX: 241
faceCenterPointY: 77
headPositionsX: [ 242, 241, 243, 239, 241, 239, 241, 243, 242, 243, 242,
    244, 242, 239, 240, 241, 242, 241, 239, 241, 243, 244, 242, 240, 242,
    239, 242, 242, 243, 241, 238, 241, 241, 241, 245, 250, 251, 255, 260,
    263, 262, 261, 257, 254, 250, 245, 238, 234, 232, 227, 229, 230, 234,
    238, 243, 246, 250, 250, 250, 249, 246, 241, 238, 234, 233, 229, 234,
    234, 239, 242, 247, 248, 253, 252, 251, 252, 246, 245, 240, 239, 236,
    233, 235, 236, 234, 234, 235, 237, 240, 245, 242, 243, 244, 246, 244,
    243, 244, 241, 239, 239 ]
headPositionsY: [ 78, 78, 75, 78, 76, 77, 76, 77, 76, 74, 78, 75, 78, 75,
    77, 78, 74, 77, 74, 75, 75, 76, 77, 76, 76, 74, 77, 76, 77, 77, 77,
    74, 78, 76, 77, 77, 74, 73, 74, 74, 77, 72, 75, 76, 76, 75, 76, 75,
    76, 78, 78, 76, 75, 78, 79, 75, 74, 78, 76, 78, 74, 76, 74, 78, 75,
    78, 77, 76, 75, 75, 76, 77, 78, 74, 74, 75, 75, 77, 78, 75, 78, 78,
    76, 78, 78, 74, 74, 77, 77, 79, 76, 77, 77, 75, 74, 74, 76, 75, 74,
    78 ]
