%YAML:1.0
---
videoName: "headShake22.mp4"
gestureLabel: 201
fps: 29
pixelSizeInCmTemp: 3.2364864864864862e-01
faceCenterPointX: 241
faceCenterPointY: 79
headPositionsX: [ 240, 241, 241, 240, 243, 241, 243, 243, 243, 241, 244,
    242, 245, 244, 244, 244, 241, 245, 241, 242, 243, 245, 243, 243, 245,
    242, 240, 240, 244, 244, 241, 244, 245, 244, 240, 245, 242, 245, 242,
    243, 241, 240, 241, 240, 242, 244, 242, 243, 244, 241, 242, 240, 241,
    243, 242, 243, 243, 243, 240, 240, 240, 242, 242, 244, 241, 240, 242,
    244, 242, 247, 249, 252, 255, 254, 255, 251, 245, 241, 240, 237, 238,
    238, 241, 244, 247, 248, 244, 243, 246, 242, 239, 242, 241, 242, 238,
    239, 243, 240, 241, 243 ]
headPositionsY: [ 81, 78, 78, 76, 78, 75, 79, 77, 77, 78, 78, 78, 74, 75,
    76, 77, 75, 76, 78, 78, 77, 77, 74, 75, 77, 77, 78, 75, 78, 77, 76,
    78, 75, 74, 75, 78, 76, 74, 76, 76, 80, 75, 75, 76, 74, 74, 77, 78,
    76, 77, 78, 76, 75, 78, 78, 74, 74, 76, 75, 75, 77, 76, 76, 77, 79,
    77, 78, 77, 76, 78, 76, 77, 74, 73, 77, 78, 75, 76, 79, 75, 77, 79,
    78, 75, 76, 77, 76, 77, 78, 79, 76, 80, 80, 76, 78, 77, 78, 80, 79,
    80 ]
