%YAML:1.0
---
videoName: "headShake47.mp4"
gestureLabel: 201
fps: 29
pixelSizeInCmTemp: 3.2364864864864862e-01
faceCenterPointX: 258
faceCenterPointY: 86
headPositionsX: [ 256, 260, 258, 260, 262, 262, 262, 259, 261, 262, 262,
    260, 259, 263, 258, 262, 258, 259, 260, 259, 258, 263, 260, 259, 262,
    257, 262, 260, 259, 259, 261, 263, 258, 261, 258, 256, 251, 254, 251,
    250, 250, 249, 252, 257, 259, 263, 265, 266, 264, 262, 257, 254, 253,
    253, 253, 260, 261, 265, 268, 265, 264, 258, 255, 251, 252, 253, 257,
    261, 265, 264, 262, 261, 255, 255, 254, 252, 255, 259, 261, 264, 265,
    260, 261, 254, 256, 253, 255, 256, 255, 257, 256, 255, 259, 258, 260,
    255, 256, 258, 255, 260 ]
headPositionsY: [ 84, 83, 84, 85, 84, 85, 85, 86, 85, 83, 86, 83, 85, 84,
    85, 85, 84, 85, 87, 88, 83, 85, 87, 84, 86, 87, 87, 84, 87, 87, 86,
    84, 87, 85, 83, 88, 83, 86, 86, 86, 87, 85, 86, 88, 88, 90, 86, 90,
    91, 87, 91, 90, 89, 86, 90, 91, 87, 87, 91, 89, 89, 87, 86, 88, 84,
    88, 86, 86, 87, 86, 88, 88, 87, 86, 84, 87, 88, 87, 86, 86, 89, 86,
    88, 86, 89, 88, 84, 85, 86, 88, 85, 88, 87, 88, 87, 84, 86, 85, 87,
    87 ]
