%YAML:1.0
---
videoName: "headShake16.mp4"
gestureLabel: 201
fps: 29
pixelSizeInCmTemp: 3.2364864864864862e-01
faceCenterPointX: 242
faceCenterPointY: 77
headPositionsX: [ 240, 243, 242, 246, 244, 244, 246, 245, 242, 244, 242,
    241, 244, 245, 244, 241, 241, 244, 245, 246, 244, 241, 242, 245, 242,
    241, 244, 243, 242, 244, 242, 243, 242, 241, 243, 240, 243, 244, 248,
    248, 252, 251, 255, 254, 252, 249, 246, 245, 240, 236, 234, 232, 236,
    237, 238, 242, 246, 246, 247, 247, 249, 247, 247, 243, 243, 238, 236,
    237, 234, 233, 233, 236, 237, 241, 243, 244, 243, 244, 244, 243, 245,
    239, 239, 241, 238, 236, 236, 241, 242, 238, 241, 241, 242, 242, 242,
    241, 241, 244, 244, 243 ]
headPositionsY: [ 77, 75, 76, 76, 76, 76, 74, 77, 73, 74, 77, 74, 76, 78,
    75, 74, 74, 76, 78, 75, 74, 77, 77, 74, 76, 78, 74, 78, 74, 76, 77,
    76, 73, 76, 76, 76, 74, 77, 76, 74, 77, 75, 72, 77, 74, 77, 77, 77,
    78, 77, 75, 78, 75, 79, 77, 76, 76, 77, 78, 78, 74, 76, 77, 78, 79,
    77, 74, 74, 77, 75, 75, 77, 76, 76, 75, 75, 76, 79, 79, 75, 80, 78,
    76, 79, 78, 75, 77, 76, 78, 76, 74, 76, 76, 76, 79, 77, 75, 79, 76,
    75 ]
