%YAML:1.0
---
videoName: "headShake37.mp4"
gestureLabel: 201
fps: 30
pixelSizeInCmTemp: 3.1933333333333330e-01
faceCenterPointX: 263
faceCenterPointY: 83
headPositionsX: [ 264, 258, 259, 263, 262, 262, 263, 265, 262, 262, 262,
    263, 260, 260, 265, 261, 263, 263, 264, 264, 260, 265, 259, 261, 261,
    259, 264, 260, 263, 262, 264, 260, 263, 260, 264, 265, 260, 263, 264,
    261, 261, 262, 261, 260, 258, 262, 262, 264, 266, 269, 274, 276, 281,
    283, 279, 275, 270, 267, 257, 256, 251, 252, 257, 258, 261, 266, 269,
    272, 275, 272, 266, 264, 260, 255, 253, 254, 252, 254, 255, 255, 261,
    263, 262, 264, 264, 267, 264, 268, 265, 265, 262, 265, 264, 262, 261,
    264, 264, 261, 265, 264 ]
headPositionsY: [ 85, 82, 81, 83, 81, 82, 81, 82, 84, 83, 81, 84, 81, 82,
    81, 82, 82, 81, 85, 82, 84, 85, 82, 83, 83, 84, 84, 82, 83, 84, 83,
    82, 84, 85, 83, 82, 83, 84, 82, 85, 82, 85, 81, 82, 83, 85, 81, 83,
    81, 80, 84, 79, 78, 82, 79, 84, 80, 85, 81, 82, 81, 82, 83, 82, 82,
    82, 79, 79, 79, 81, 83, 82, 81, 84, 81, 82, 82, 79, 85, 81, 85, 81,
    83, 84, 85, 81, 81, 83, 84, 85, 84, 81, 85, 81, 84, 85, 81, 85, 85,
    82 ]
