%YAML:1.0
---
videoName: "headShake23.mp4"
gestureLabel: 201
fps: 29
pixelSizeInCmTemp: 3.2808219178082193e-01
faceCenterPointX: 240
faceCenterPointY: 77
headPositionsX: [ 239, 240, 241, 240, 242, 244, 243, 242, 239, 244, 243,
    242, 242, 240, 242, 243, 240, 242, 237, 241, 242, 240, 245, 247, 248,
    252, 254, 253, 254, 254, 254, 254, 254, 252, 249, 243, 241, 238, 235,
    230, 230, 233, 230, 228, 228, 232, 230, 235, 234, 238, 241, 247, 246,
    250, 252, 250, 254, 251, 252, 249, 250, 247, 249, 245, 242, 242, 240,
    235, 238, 234, 235, 232, 236, 235, 236, 233, 233, 234, 238, 238, 241,
    238, 238, 242, 244, 242, 241, 246, 247, 246, 243, 246, 245, 242, 245,
    243, 241, 241, 239, 242 ]
headPositionsY: [ 76, 74, 78, 75, 76, 77, 77, 79, 77, 78, 76, 78, 75, 79,
    75, 75, 76, 79, 74, 75, 78, 74, 76, 77, 77, 75, 75, 79, 76, 75, 78,
    74, 77, 78, 79, 78, 77, 78, 76, 78, 77, 79, 75, 76, 75, 78, 76, 79,
    76, 78, 76, 75, 77, 76, 76, 77, 77, 77, 76, 75, 76, 78, 77, 79, 79,
    78, 77, 76, 80, 79, 77, 80, 76, 76, 80, 77, 79, 77, 76, 75, 78, 80,
    78, 76, 79, 79, 76, 76, 77, 78, 79, 78, 79, 79, 78, 80, 78, 78, 77,
    78 ]
