%YAML:1.0
---
videoName: "headShake37.mp4"
gestureLabel: 201
fps: 30
pixelSizeInCmTemp: 3.1933333333333330e-01
faceCenterPointX: 263
faceCenterPointY: 83
headPositionsX: [ 262, 260, 261, 262, 260, 262, 259, 265, 260, 260, 263,
    264, 263, 260, 265, 260, 264, 262, 263, 264, 262, 265, 259, 261, 263,
    261, 264, 261, 260, 260, 264, 262, 260, 263, 262, 261, 264, 262, 264,
    264, 263, 260, 263, 260, 258, 263, 259, 263, 265, 268, 272, 279, 282,
    282, 283, 276, 269, 265, 259, 256, 253, 253, 256, 260, 260, 267, 271,
    272, 274, 271, 267, 265, 263, 258, 255, 254, 256, 252, 254, 256, 261,
    263, 262, 264, 266, 268, 265, 267, 266, 266, 264, 266, 262, 264, 262,
    265, 261, 264, 263, 261 ]
headPositionsY: [ 81, 84, 82, 84, 81, 81, 83, 84, 83, 81, 83, 85, 85, 84,
    84, 84, 83, 83, 84, 81, 83, 81, 83, 83, 83, 85, 84, 84, 84, 83, 83,
    85, 82, 82, 83, 85, 83, 81, 82, 82, 83, 84, 84, 82, 82, 81, 85, 81,
    84, 84, 84, 79, 82, 79, 83, 84, 81, 84, 84, 83, 81, 79, 82, 81, 81,
    84, 83, 78, 81, 81, 82, 81, 85, 85, 81, 82, 83, 82, 81, 84, 83, 81,
    83, 82, 81, 82, 85, 83, 84, 83, 84, 84, 84, 84, 81, 82, 84, 84, 83,
    81 ]
