%YAML:1.0
---
videoName: "headShake43.mp4"
gestureLabel: 201
fps: 29
pixelSizeInCmTemp: 3.2808219178082193e-01
faceCenterPointX: 257
faceCenterPointY: 84
headPositionsX: [ 257, 259, 262, 262, 258, 258, 261, 259, 259, 261, 262,
    260, 257, 261, 260, 262, 258, 259, 261, 261, 261, 262, 262, 260, 260,
    264, 261, 263, 270, 271, 272, 273, 277, 277, 280, 283, 281, 277, 276,
    275, 268, 266, 263, 254, 250, 247, 245, 242, 245, 242, 247, 251, 254,
    260, 266, 268, 273, 272, 276, 273, 272, 268, 260, 258, 252, 245, 243,
    243, 243, 246, 250, 251, 253, 261, 264, 267, 268, 270, 270, 266, 266,
    268, 268, 264, 264, 259, 260, 257, 260, 260, 259, 255, 259, 257, 258,
    258, 258, 258, 256, 256 ]
headPositionsY: [ 85, 83, 86, 85, 83, 84, 83, 83, 84, 85, 87, 83, 85, 85,
    83, 83, 85, 83, 87, 86, 86, 87, 87, 83, 84, 85, 85, 86, 84, 81, 83,
    85, 84, 84, 82, 81, 82, 82, 84, 80, 83, 84, 84, 84, 86, 86, 81, 84,
    83, 83, 85, 85, 83, 84, 84, 83, 84, 83, 81, 80, 82, 84, 83, 83, 84,
    81, 82, 83, 84, 81, 85, 85, 84, 83, 83, 85, 85, 85, 85, 81, 84, 83,
    84, 86, 85, 83, 85, 83, 85, 82, 85, 84, 82, 82, 84, 84, 84, 85, 85,
    83 ]
