%YAML:1.0
---
videoName: "headShake7.mp4"
gestureLabel: 201
fps: 29
pixelSizeInCmTemp: 3.3263888888888887e-01
faceCenterPointX: 244
faceCenterPointY: 72
headPositionsX: [ 244, 245, 243, 241, 243, 242, 242, 245, 241, 245, 246,
    250, 253, 254, 258, 255, 260, 260, 258, 254, 253, 248, 238, 236, 232,
    233, 235, 239, 244, 251, 259, 258, 260, 257, 257, 248, 244, 240, 234,
    227, 227, 227, 228, 233, 241, 244, 249, 253, 256, 253, 255, 248, 246,
    242, 239, 233, 232, 227, 228, 236, 241, 242, 245, 252, 253, 258, 258,
    255, 255, 252, 249, 246, 240, 238, 233, 232, 236, 236, 236, 238, 241,
    242, 241, 246, 243, 245, 246, 247, 245, 248, 248, 243, 247, 244, 243,
    244, 243, 245, 242, 243 ]
headPositionsY: [ 71, 69, 69, 70, 71, 71, 69, 73, 72, 71, 70, 72, 68, 71,
    68, 68, 70, 66, 71, 67, 72, 71, 70, 72, 69, 73, 71, 72, 70, 70, 67,
    70, 69, 71, 69, 68, 72, 69, 73, 68, 72, 69, 68, 71, 72, 73, 69, 71,
    70, 68, 71, 72, 70, 74, 69, 70, 73, 71, 71, 73, 70, 71, 73, 72, 71,
    71, 67, 68, 70, 73, 68, 69, 70, 68, 69, 73, 69, 68, 70, 71, 72, 69,
    73, 73, 70, 71, 70, 72, 69, 73, 72, 69, 70, 71, 71, 71, 71, 72, 72,
    73 ]
