%YAML:1.0
---
videoName: "headShake41.mp4"
gestureLabel: 201
fps: 29
pixelSizeInCmTemp: 3.2364864864864862e-01
faceCenterPointX: 264
faceCenterPointY: 85
headPositionsX: [ 264, 260, 259, 262, 263, 261, 261, 261, 260, 261, 264,
    259, 262, 260, 263, 261, 263, 260, 263, 259, 262, 262, 266, 267, 266,
    270, 269, 271, 273, 275, 279, 278, 283, 283, 277, 283, 281, 282, 277,
    279, 276, 269, 266, 264, 257, 252, 250, 247, 248, 245, 245, 246, 244,
    246, 247, 250, 250, 252, 258, 258, 266, 266, 270, 275, 273, 276, 278,
    279, 275, 277, 278, 276, 272, 271, 269, 270, 269, 266, 263, 266, 266,
    262, 265, 262, 261, 265, 262, 262, 259, 261, 263, 264, 262, 264, 261,
    261, 261, 262, 265, 263 ]
headPositionsY: [ 87, 83, 83, 86, 84, 83, 83, 84, 86, 82, 82, 82, 81, 84,
    81, 86, 85, 83, 83, 85, 86, 86, 84, 86, 84, 85, 84, 83, 82, 79, 81,
    80, 81, 78, 83, 83, 80, 81, 82, 80, 84, 85, 83, 84, 81, 85, 83, 86,
    81, 84, 84, 85, 84, 83, 86, 86, 82, 82, 86, 85, 86, 83, 85, 86, 81,
    86, 84, 85, 84, 85, 82, 82, 82, 84, 86, 83, 84, 85, 83, 84, 86, 85,
    86, 84, 86, 82, 82, 85, 83, 85, 86, 86, 84, 82, 85, 83, 83, 85, 86,
    86 ]
