%YAML:1.0
---
videoName: "headShake4.mp4"
gestureLabel: 201
fps: 30
pixelSizeInCmTemp: 3.2364864864864862e-01
faceCenterPointX: 237
faceCenterPointY: 101
headPositionsX: [ 238, 242, 245, 249, 253, 255, 253, 254, 252, 249, 243,
    239, 231, 227, 226, 222, 224, 232, 236, 244, 247, 251, 251, 249, 251,
    247, 240, 235, 229, 226, 222, 225, 224, 229, 232, 241, 244, 252, 252,
    258, 253, 250, 245, 244, 237, 233, 228, 226, 225, 225, 228, 230, 233,
    236, 241, 246, 247, 249, 249, 249, 247, 244, 243, 236, 232, 230, 230,
    229, 230, 233, 233, 234, 235, 235, 241, 242, 241, 242, 242, 243, 240,
    241, 241, 238, 238, 237, 236, 238, 235, 239, 236, 235, 236, 238, 238,
    235, 239, 238, 236, 237 ]
headPositionsY: [ 102, 98, 98, 97, 98, 100, 98, 98, 96, 100, 98, 99, 97,
    99, 97, 98, 98, 98, 101, 98, 95, 100, 100, 96, 100, 100, 101, 100,
    100, 100, 100, 99, 97, 97, 99, 100, 100, 97, 98, 99, 99, 97, 101,
    103, 100, 98, 101, 99, 98, 98, 100, 100, 101, 102, 99, 102, 98, 99,
    101, 100, 101, 101, 103, 102, 99, 98, 98, 101, 97, 99, 100, 99, 100,
    98, 102, 102, 99, 98, 99, 103, 98, 99, 102, 102, 99, 103, 102, 100,
    99, 103, 101, 98, 101, 98, 98, 99, 98, 101, 100, 100 ]
