%YAML:1.0
---
videoName: "headShake11.mp4"
gestureLabel: 201
fps: 29
pixelSizeInCmTemp: 3.2364864864864862e-01
faceCenterPointX: 244
faceCenterPointY: 76
headPositionsX: [ 246, 243, 239, 240, 242, 243, 245, 240, 241, 241, 242,
    243, 242, 240, 239, 241, 241, 240, 240, 244, 244, 244, 243, 244, 242,
    241, 241, 244, 245, 248, 255, 257, 257, 263, 263, 262, 259, 260, 255,
    251, 244, 236, 235, 231, 226, 225, 227, 232, 235, 241, 246, 251, 256,
    257, 257, 259, 258, 254, 248, 245, 239, 234, 234, 229, 232, 234, 233,
    241, 241, 246, 251, 256, 257, 256, 256, 256, 255, 247, 245, 240, 238,
    237, 235, 237, 236, 237, 240, 242, 246, 244, 246, 249, 248, 249, 248,
    245, 245, 247, 247, 245 ]
headPositionsY: [ 74, 70, 70, 74, 74, 70, 71, 72, 73, 71, 71, 70, 73, 73,
    72, 72, 71, 71, 75, 75, 71, 71, 73, 75, 75, 73, 73, 74, 71, 71, 72,
    73, 70, 70, 69, 72, 72, 72, 74, 73, 75, 75, 74, 74, 76, 72, 76, 72,
    75, 74, 73, 74, 71, 73, 73, 70, 73, 74, 73, 76, 78, 78, 76, 73, 77,
    77, 77, 77, 73, 75, 72, 72, 75, 71, 75, 74, 73, 74, 75, 76, 74, 76,
    72, 73, 74, 74, 77, 73, 74, 75, 76, 73, 75, 72, 77, 74, 73, 75, 77,
    77 ]
