%YAML:1.0
---
videoName: "headShake45.mp4"
gestureLabel: 201
fps: 30
pixelSizeInCmTemp: 3.3263888888888887e-01
faceCenterPointX: 262
faceCenterPointY: 84
headPositionsX: [ 263, 262, 260, 263, 261, 265, 265, 260, 262, 261, 264,
    265, 260, 261, 262, 263, 263, 265, 263, 262, 261, 260, 261, 264, 260,
    261, 263, 262, 261, 262, 260, 261, 263, 261, 264, 259, 262, 258, 260,
    255, 257, 255, 261, 263, 272, 274, 280, 284, 278, 278, 270, 268, 261,
    256, 256, 253, 259, 263, 268, 270, 273, 276, 273, 266, 265, 257, 256,
    257, 255, 260, 266, 269, 273, 270, 273, 267, 267, 258, 257, 256, 256,
    258, 259, 264, 266, 262, 261, 263, 261, 258, 262, 263, 263, 259, 262,
    265, 265, 262, 262, 263 ]
headPositionsY: [ 85, 81, 81, 81, 84, 83, 82, 80, 84, 82, 81, 84, 81, 84,
    80, 80, 82, 85, 84, 80, 84, 83, 82, 80, 81, 80, 82, 83, 80, 81, 84,
    81, 83, 81, 84, 84, 85, 80, 82, 83, 83, 84, 82, 83, 84, 81, 78, 78,
    78, 80, 83, 85, 85, 80, 84, 82, 85, 83, 80, 81, 83, 83, 80, 80, 81,
    82, 82, 85, 85, 82, 85, 84, 81, 81, 82, 83, 83, 84, 84, 81, 81, 81,
    84, 80, 85, 82, 83, 84, 85, 81, 85, 83, 83, 82, 84, 85, 85, 84, 81,
    81 ]
