%YAML:1.0
---
videoName: "headShake41.mp4"
gestureLabel: 201
fps: 29
pixelSizeInCmTemp: 3.2364864864864862e-01
faceCenterPointX: 264
faceCenterPointY: 85
headPositionsX: [ 265, 263, 261, 264, 259, 261, 261, 261, 264, 262, 262,
    259, 261, 259, 262, 261, 261, 259, 259, 262, 260, 263, 264, 263, 268,
    269, 273, 272, 275, 275, 279, 279, 279, 281, 277, 281, 283, 281, 279,
    277, 272, 268, 267, 261, 256, 252, 251, 249, 246, 245, 246, 247, 243,
    244, 250, 249, 252, 252, 256, 258, 265, 266, 268, 272, 276, 275, 277,
    280, 277, 277, 278, 277, 273, 270, 273, 268, 266, 267, 266, 264, 264,
    263, 262, 261, 265, 262, 264, 262, 261, 261, 260, 264, 262, 262, 262,
    262, 264, 262, 263, 262 ]
headPositionsY: [ 83, 84, 81, 82, 83, 82, 82, 85, 84, 84, 85, 84, 85, 82,
    83, 86, 86, 82, 86, 85, 85, 83, 84, 83, 81, 82, 83, 80, 80, 79, 81,
    83, 79, 80, 80, 80, 81, 80, 81, 81, 83, 84, 85, 87, 85, 86, 82, 86,
    83, 80, 82, 85, 81, 83, 85, 83, 85, 84, 84, 85, 87, 85, 82, 82, 82,
    85, 86, 86, 86, 86, 84, 86, 86, 83, 87, 85, 87, 84, 84, 86, 84, 84,
    84, 83, 83, 84, 82, 83, 85, 85, 83, 85, 84, 84, 83, 82, 82, 84, 83,
    84 ]
