%YAML:1.0
---
videoName: "headShake48.mp4"
gestureLabel: 201
fps: 29
pixelSizeInCmTemp: 3.1103896103896100e-01
faceCenterPointX: 258
faceCenterPointY: 85
headPositionsX: [ 259, 261, 262, 258, 257, 258, 260, 261, 261, 258, 261,
    260, 261, 259, 258, 262, 258, 261, 259, 259, 262, 260, 260, 260, 259,
    258, 259, 258, 258, 261, 260, 258, 259, 260, 260, 261, 266, 271, 271,
    272, 273, 276, 272, 266, 263, 256, 250, 247, 245, 248, 252, 257, 262,
    267, 268, 267, 262, 259, 256, 252, 249, 251, 250, 255, 261, 264, 266,
    268, 263, 262, 256, 254, 249, 248, 247, 251, 256, 259, 262, 263, 264,
    263, 266, 264, 264, 261, 257, 260, 258, 260, 258, 259, 256, 256, 258,
    259, 261, 260, 262, 260 ]
headPositionsY: [ 86, 81, 77, 78, 78, 77, 79, 79, 78, 77, 80, 79, 80, 78,
    82, 78, 80, 78, 81, 79, 79, 81, 80, 79, 81, 80, 80, 79, 80, 81, 80,
    83, 79, 81, 82, 82, 82, 83, 81, 82, 83, 84, 86, 86, 83, 84, 83, 82,
    85, 84, 83, 84, 84, 87, 85, 85, 84, 86, 88, 84, 86, 85, 86, 89, 87,
    86, 86, 88, 87, 88, 85, 85, 86, 84, 84, 87, 88, 88, 87, 87, 87, 84,
    85, 84, 87, 84, 85, 84, 88, 84, 87, 87, 86, 84, 86, 83, 87, 86, 87,
    85 ]
