%YAML:1.0
---
videoName: "headShake4.mp4"
gestureLabel: 201
fps: 30
pixelSizeInCmTemp: 3.2364864864864862e-01
faceCenterPointX: 237
faceCenterPointY: 101
headPositionsX: [ 235, 240, 243, 250, 253, 253, 253, 256, 255, 251, 245,
    238, 233, 228, 226, 224, 224, 232, 238, 240, 246, 253, 254, 249, 250,
    244, 239, 234, 231, 224, 224, 224, 227, 230, 236, 243, 244, 251, 253,
    257, 254, 252, 245, 243, 237, 233, 229, 227, 223, 226, 229, 228, 231,
    240, 242, 246, 246, 250, 247, 248, 247, 243, 243, 238, 233, 233, 231,
    232, 228, 232, 234, 232, 236, 236, 238, 239, 240, 243, 242, 241, 241,
    238, 241, 237, 240, 236, 238, 239, 234, 239, 235, 235, 236, 234, 237,
    236, 236, 235, 235, 238 ]
headPositionsY: [ 101, 97, 98, 97, 98, 98, 99, 98, 99, 98, 100, 99, 97,
    100, 98, 99, 96, 98, 101, 97, 98, 98, 96, 97, 97, 99, 99, 101, 98,
    99, 99, 97, 98, 96, 101, 99, 97, 100, 97, 98, 100, 96, 97, 103, 101,
    100, 99, 99, 100, 97, 98, 101, 101, 101, 102, 99, 101, 100, 97, 100,
    100, 98, 101, 103, 99, 101, 101, 100, 100, 100, 99, 101, 101, 102,
    101, 98, 99, 99, 100, 100, 100, 103, 102, 101, 101, 103, 101, 100,
    98, 103, 99, 99, 97, 98, 98, 101, 99, 98, 99, 99 ]
