%YAML:1.0
---
videoName: "headShake18.mp4"
gestureLabel: 201
fps: 30
pixelSizeInCmTemp: 3.2808219178082193e-01
faceCenterPointX: 240
faceCenterPointY: 77
headPositionsX: [ 242, 241, 241, 240, 241, 242, 239, 240, 243, 241, 241,
    238, 243, 242, 239, 241, 240, 239, 242, 242, 239, 240, 239, 241, 239,
    242, 240, 242, 241, 242, 238, 237, 239, 239, 238, 244, 242, 245, 247,
    251, 250, 250, 248, 249, 246, 244, 238, 233, 232, 228, 230, 231, 234,
    241, 244, 244, 247, 247, 250, 248, 246, 242, 239, 237, 231, 235, 237,
    234, 240, 242, 241, 241, 243, 243, 244, 241, 239, 237, 236, 234, 235,
    237, 236, 239, 241, 239, 240, 241, 243, 241, 243, 241, 242, 241, 241,
    239, 238, 240, 242, 243 ]
headPositionsY: [ 78, 77, 76, 75, 74, 73, 75, 77, 75, 75, 73, 74, 77, 77,
    74, 77, 77, 74, 76, 75, 77, 79, 76, 76, 75, 74, 74, 75, 77, 77, 79,
    76, 75, 75, 77, 75, 75, 75, 76, 78, 74, 74, 74, 74, 75, 75, 77, 77,
    78, 75, 77, 75, 77, 79, 75, 75, 77, 78, 74, 78, 77, 74, 79, 76, 77,
    78, 78, 78, 76, 75, 79, 77, 79, 75, 79, 76, 75, 75, 76, 77, 79, 78,
    75, 77, 78, 79, 77, 78, 77, 80, 79, 78, 78, 77, 79, 75, 77, 77, 76,
    76 ]
