%YAML:1.0
---
videoName: "headShake19.mp4"
gestureLabel: 201
fps: 29
pixelSizeInCmTemp: 3.1933333333333330e-01
faceCenterPointX: 243
faceCenterPointY: 78
headPositionsX: [ 245, 241, 244, 245, 241, 242, 243, 244, 243, 240, 246,
    245, 241, 245, 244, 243, 245, 245, 243, 241, 241, 241, 241, 242, 242,
    242, 242, 243, 243, 243, 243, 242, 240, 242, 240, 241, 238, 239, 237,
    232, 234, 234, 238, 244, 248, 255, 256, 255, 256, 252, 251, 243, 240,
    234, 233, 230, 235, 232, 236, 242, 247, 247, 246, 248, 247, 245, 242,
    239, 235, 235, 237, 238, 235, 238, 242, 243, 246, 247, 244, 246, 245,
    244, 241, 242, 241, 239, 240, 241, 241, 238, 242, 244, 240, 244, 241,
    244, 246, 241, 244, 243 ]
headPositionsY: [ 80, 78, 78, 75, 78, 75, 75, 76, 78, 74, 75, 78, 74, 78,
    79, 75, 75, 76, 75, 78, 77, 78, 78, 79, 79, 75, 76, 77, 75, 79, 78,
    75, 75, 77, 75, 77, 79, 77, 79, 79, 78, 75, 77, 77, 77, 77, 77, 73,
    77, 78, 78, 75, 77, 74, 78, 75, 74, 77, 77, 78, 77, 75, 75, 77, 77,
    76, 76, 75, 76, 76, 75, 79, 75, 79, 78, 75, 78, 79, 75, 79, 80, 80,
    76, 80, 77, 79, 76, 77, 78, 77, 80, 79, 78, 78, 76, 79, 77, 78, 79,
    78 ]
