%YAML:1.0
---
videoName: "headShake17.mp4"
gestureLabel: 201
fps: 29
pixelSizeInCmTemp: 3.3263888888888887e-01
faceCenterPointX: 242
faceCenterPointY: 76
headPositionsX: [ 242, 237, 238, 237, 239, 241, 240, 244, 245, 247, 253,
    253, 259, 256, 259, 256, 254, 247, 247, 240, 236, 235, 231, 229, 228,
    226, 231, 234, 236, 239, 245, 247, 251, 250, 255, 252, 253, 254, 247,
    249, 243, 242, 236, 232, 234, 233, 229, 231, 236, 237, 235, 238, 242,
    242, 243, 244, 245, 245, 244, 243, 242, 242, 242, 238, 239, 241, 241,
    239, 241, 239, 239, 239, 242, 242, 238, 241, 243, 238, 241, 243, 242,
    242, 239, 240, 242, 241, 243, 239, 242, 239, 243, 241, 240, 239, 242,
    239, 240, 242, 240, 243 ]
headPositionsY: [ 76, 76, 76, 76, 77, 78, 76, 77, 76, 73, 77, 74, 73, 77,
    74, 74, 76, 77, 75, 76, 79, 78, 75, 78, 75, 78, 78, 78, 77, 76, 77,
    75, 74, 75, 72, 74, 75, 78, 75, 79, 79, 76, 76, 75, 76, 78, 74, 78,
    75, 78, 74, 76, 77, 76, 78, 79, 77, 76, 77, 76, 75, 77, 78, 74, 77,
    77, 74, 78, 76, 76, 76, 75, 77, 78, 76, 74, 75, 77, 76, 77, 79, 75,
    79, 75, 78, 77, 77, 75, 77, 74, 76, 76, 75, 75, 74, 77, 75, 75, 74,
    77 ]
