%YAML:1.0
---
videoName: "headShake8.mp4"
gestureLabel: 201
fps: 29
pixelSizeInCmTemp: 3.2364864864864862e-01
faceCenterPointX: 243
faceCenterPointY: 72
headPositionsX: [ 245, 244, 242, 244, 244, 246, 244, 243, 241, 242, 241,
    244, 241, 243, 244, 242, 241, 241, 243, 246, 246, 246, 245, 244, 241,
    244, 243, 245, 242, 243, 243, 242, 243, 243, 244, 249, 250, 257, 263,
    264, 265, 264, 263, 261, 256, 251, 248, 240, 236, 232, 230, 231, 232,
    240, 242, 247, 252, 258, 261, 261, 258, 253, 253, 248, 241, 236, 237,
    232, 237, 233, 237, 238, 241, 242, 242, 243, 246, 248, 248, 249, 252,
    250, 252, 248, 249, 251, 250, 246, 245, 246, 247, 246, 242, 243, 243,
    244, 243, 245, 243, 241 ]
headPositionsY: [ 71, 69, 72, 71, 73, 74, 70, 74, 70, 70, 69, 72, 74, 74,
    74, 69, 70, 72, 73, 73, 71, 70, 70, 72, 72, 74, 71, 72, 70, 72, 70,
    73, 70, 72, 71, 70, 72, 72, 72, 71, 69, 69, 71, 69, 73, 70, 73, 73,
    72, 72, 72, 73, 71, 70, 73, 73, 69, 72, 69, 70, 72, 68, 70, 69, 72,
    72, 72, 72, 73, 71, 73, 70, 70, 74, 73, 74, 71, 72, 71, 70, 71, 69,
    70, 71, 71, 71, 70, 72, 73, 69, 69, 69, 72, 70, 73, 72, 72, 73, 70,
    70 ]
