%YAML:1.0
---
videoName: "headShake21.mp4"
gestureLabel: 201
fps: 29
pixelSizeInCmTemp: 3.1933333333333330e-01
faceCenterPointX: 241
faceCenterPointY: 78
headPositionsX: [ 240, 243, 246, 245, 245, 240, 244, 241, 241, 244, 240,
    241, 244, 243, 241, 241, 244, 240, 241, 241, 243, 245, 245, 242, 245,
    242, 243, 241, 242, 244, 241, 243, 242, 241, 241, 241, 240, 244, 245,
    244, 240, 244, 242, 243, 242, 243, 242, 244, 243, 243, 240, 241, 241,
    240, 240, 242, 241, 240, 241, 240, 242, 238, 241, 240, 238, 241, 241,
    243, 247, 249, 253, 251, 250, 251, 244, 241, 239, 231, 235, 235, 234,
    239, 239, 243, 243, 242, 242, 240, 238, 240, 241, 239, 237, 239, 241,
    239, 242, 241, 243, 243 ]
headPositionsY: [ 78, 84, 80, 79, 77, 77, 75, 71, 74, 73, 71, 70, 71, 71,
    68, 72, 69, 70, 73, 73, 71, 71, 70, 75, 72, 73, 76, 75, 75, 74, 77,
    76, 77, 75, 77, 77, 78, 77, 79, 77, 75, 75, 78, 75, 78, 80, 80, 78,
    75, 78, 77, 79, 77, 76, 78, 77, 76, 75, 76, 80, 79, 76, 76, 79, 77,
    78, 80, 77, 77, 79, 77, 78, 78, 80, 80, 81, 78, 78, 75, 76, 78, 77,
    78, 77, 76, 80, 79, 80, 78, 78, 79, 80, 81, 77, 79, 78, 80, 77, 80,
    79 ]
