%YAML:1.0
---
videoName: "headShake34.mp4"
gestureLabel: 201
fps: 29
pixelSizeInCmTemp: 3.2364864864864862e-01
faceCenterPointX: 263
faceCenterPointY: 83
headPositionsX: [ 265, 266, 265, 267, 264, 266, 263, 262, 262, 264, 265,
    265, 266, 263, 264, 264, 265, 262, 263, 264, 266, 266, 267, 262, 264,
    262, 264, 266, 263, 264, 263, 263, 262, 264, 263, 265, 266, 268, 269,
    270, 272, 272, 272, 278, 276, 277, 279, 279, 278, 274, 271, 271, 261,
    261, 256, 252, 253, 252, 253, 253, 257, 262, 265, 267, 272, 268, 270,
    268, 265, 261, 256, 257, 257, 253, 257, 255, 257, 260, 263, 266, 264,
    263, 266, 267, 267, 266, 266, 264, 265, 265, 266, 265, 265, 264, 265,
    264, 261, 265, 264, 261 ]
headPositionsY: [ 81, 81, 84, 85, 83, 82, 84, 83, 82, 83, 84, 82, 85, 83,
    84, 82, 81, 82, 83, 84, 85, 82, 82, 84, 81, 84, 85, 84, 85, 85, 83,
    84, 84, 84, 83, 83, 83, 85, 81, 85, 82, 84, 80, 79, 83, 80, 83, 80,
    81, 80, 83, 84, 82, 83, 80, 82, 79, 82, 82, 82, 82, 85, 84, 84, 82,
    84, 81, 84, 85, 84, 83, 82, 83, 82, 85, 81, 85, 83, 84, 81, 82, 84,
    85, 85, 82, 85, 85, 82, 83, 83, 81, 83, 86, 84, 85, 84, 82, 82, 84,
    83 ]
