%YAML:1.0
---
videoName: "headShake37.mp4"
gestureLabel: 201
fps: 30
pixelSizeInCmTemp: 3.1933333333333330e-01
faceCenterPointX: 263
faceCenterPointY: 83
headPositionsX: [ 261, 259, 262, 262, 261, 264, 261, 263, 262, 262, 264,
    264, 261, 263, 265, 260, 261, 263, 262, 261, 262, 262, 260, 263, 264,
    262, 262, 262, 261, 263, 262, 264, 263, 264, 262, 261, 260, 264, 264,
    261, 262, 263, 260, 262, 259, 263, 262, 262, 267, 271, 275, 278, 278,
    281, 279, 279, 273, 264, 256, 256, 254, 254, 256, 256, 261, 268, 268,
    273, 273, 272, 267, 263, 263, 257, 254, 255, 254, 255, 258, 256, 260,
    261, 265, 263, 265, 268, 265, 265, 267, 265, 264, 266, 262, 264, 260,
    262, 263, 262, 263, 261 ]
headPositionsY: [ 82, 84, 84, 86, 81, 82, 83, 85, 84, 82, 82, 83, 82, 84,
    81, 82, 84, 82, 85, 81, 82, 82, 82, 84, 82, 83, 83, 84, 82, 80, 81,
    83, 82, 83, 85, 85, 84, 81, 81, 81, 82, 84, 82, 84, 83, 85, 85, 85,
    85, 81, 84, 78, 78, 78, 80, 81, 81, 81, 82, 81, 83, 82, 81, 82, 81,
    81, 81, 82, 83, 80, 82, 81, 82, 85, 85, 81, 82, 82, 83, 85, 82, 82,
    83, 81, 84, 81, 81, 81, 84, 82, 85, 84, 84, 84, 84, 85, 82, 82, 85,
    81 ]
