%YAML:1.0
---
videoName: "headShake12.mp4"
gestureLabel: 201
fps: 29
pixelSizeInCmTemp: 3.2808219178082193e-01
faceCenterPointX: 241
faceCenterPointY: 76
headPositionsX: [ 241, 242, 238, 240, 244, 241, 242, 242, 241, 242, 242,
    240, 240, 242, 239, 241, 243, 242, 241, 244, 239, 243, 242, 240, 241,
    242, 243, 243, 242, 242, 243, 240, 242, 243, 239, 243, 242, 239, 242,
    242, 241, 240, 243, 242, 240, 239, 241, 242, 240, 241, 244, 240, 242,
    242, 241, 239, 239, 241, 242, 248, 250, 253, 256, 255, 259, 259, 255,
    254, 250, 241, 235, 233, 233, 234, 237, 242, 244, 247, 251, 253, 252,
    251, 246, 243, 241, 239, 238, 239, 235, 235, 236, 239, 241, 237, 241,
    239, 240, 239, 242, 242 ]
headPositionsY: [ 77, 72, 73, 74, 73, 74, 75, 71, 76, 73, 73, 73, 72, 73,
    72, 71, 73, 75, 76, 73, 72, 75, 75, 76, 71, 73, 72, 76, 74, 72, 72,
    71, 73, 73, 75, 75, 75, 72, 75, 74, 73, 76, 76, 76, 72, 73, 75, 75,
    74, 76, 76, 75, 74, 75, 74, 76, 73, 76, 75, 74, 74, 73, 73, 72, 73,
    73, 73, 73, 74, 75, 74, 75, 78, 78, 75, 76, 74, 75, 74, 74, 74, 76,
    77, 78, 78, 75, 73, 75, 76, 75, 75, 73, 77, 77, 79, 77, 75, 76, 76,
    74 ]
