%YAML:1.0
---
videoName: "headShake1.mp4"
gestureLabel: 201
fps: 29
pixelSizeInCmTemp: 3.3263888888888887e-01
faceCenterPointX: 279
faceCenterPointY: 98
headPositionsX: [ 278, 279, 280, 279, 280, 280, 281, 277, 280, 277, 281,
    281, 277, 281, 277, 278, 281, 278, 280, 278, 278, 281, 281, 277, 277,
    278, 277, 282, 281, 282, 287, 288, 291, 291, 291, 295, 292, 289, 287,
    281, 277, 275, 271, 268, 271, 271, 271, 278, 280, 287, 287, 290, 291,
    292, 290, 286, 283, 277, 276, 271, 267, 265, 266, 271, 272, 279, 281,
    287, 291, 293, 294, 293, 290, 289, 284, 279, 279, 277, 271, 271, 267,
    274, 273, 272, 274, 275, 275, 275, 279, 279, 277, 282, 281, 281, 279,
    279, 279, 278, 278, 278 ]
headPositionsY: [ 97, 97, 97, 97, 98, 95, 97, 99, 95, 96, 96, 96, 98, 98,
    95, 95, 97, 97, 98, 96, 99, 96, 98, 97, 99, 99, 96, 99, 98, 95, 99,
    96, 94, 95, 98, 94, 93, 97, 95, 99, 99, 95, 94, 98, 95, 95, 93, 99,
    95, 96, 96, 97, 94, 97, 95, 95, 99, 99, 97, 95, 98, 98, 97, 95, 96,
    94, 98, 96, 94, 96, 93, 95, 96, 96, 96, 99, 95, 96, 95, 99, 96, 97,
    98, 98, 97, 100, 98, 96, 97, 95, 99, 99, 100, 96, 99, 98, 99, 98, 99,
    96 ]
