%YAML:1.0
---
videoName: "headShake5.mp4"
gestureLabel: 201
fps: 30
pixelSizeInCmTemp: 3.3263888888888887e-01
faceCenterPointX: 275
faceCenterPointY: 73
headPositionsX: [ 277, 277, 280, 275, 277, 275, 280, 280, 280, 279, 278,
    280, 280, 276, 280, 280, 278, 278, 277, 280, 277, 280, 276, 276, 277,
    277, 280, 275, 279, 279, 280, 275, 280, 279, 284, 285, 291, 291, 296,
    295, 296, 295, 288, 286, 278, 271, 264, 264, 262, 265, 270, 274, 282,
    288, 289, 289, 289, 282, 279, 274, 266, 263, 263, 265, 265, 270, 273,
    282, 284, 283, 285, 281, 283, 278, 275, 271, 270, 268, 267, 267, 267,
    274, 274, 278, 279, 283, 280, 284, 281, 281, 280, 277, 279, 275, 276,
    274, 275, 273, 273, 273 ]
headPositionsY: [ 75, 71, 74, 72, 74, 74, 74, 73, 71, 73, 73, 71, 74, 74,
    75, 74, 73, 75, 72, 75, 74, 75, 75, 73, 74, 72, 72, 74, 73, 73, 74,
    72, 71, 72, 73, 73, 70, 72, 72, 70, 70, 73, 70, 73, 73, 72, 75, 76,
    73, 75, 74, 72, 76, 72, 71, 71, 75, 76, 75, 74, 76, 72, 76, 75, 75,
    76, 73, 75, 74, 75, 75, 72, 72, 77, 75, 73, 75, 71, 71, 71, 75, 71,
    74, 70, 73, 75, 74, 74, 73, 70, 70, 71, 74, 71, 72, 74, 75, 75, 71,
    75 ]
