%YAML:1.0
---
videoName: "headShake4.mp4"
gestureLabel: 201
fps: 30
pixelSizeInCmTemp: 3.2364864864864862e-01
faceCenterPointX: 237
faceCenterPointY: 101
headPositionsX: [ 235, 241, 247, 250, 250, 254, 253, 256, 251, 251, 246,
    236, 231, 229, 225, 224, 226, 229, 235, 240, 248, 253, 254, 250, 251,
    244, 240, 233, 231, 224, 223, 223, 225, 227, 234, 239, 246, 248, 256,
    256, 255, 251, 245, 246, 236, 233, 228, 225, 225, 223, 226, 228, 235,
    236, 240, 248, 249, 247, 247, 249, 246, 244, 239, 236, 236, 231, 230,
    232, 230, 231, 232, 236, 235, 239, 241, 240, 243, 240, 239, 243, 242,
    242, 241, 240, 240, 237, 235, 237, 236, 237, 234, 237, 236, 235, 238,
    238, 236, 239, 235, 235 ]
headPositionsY: [ 100, 98, 96, 96, 100, 97, 98, 99, 98, 97, 99, 100, 101,
    100, 99, 98, 97, 100, 101, 101, 95, 99, 97, 98, 98, 101, 98, 98, 100,
    98, 97, 98, 97, 97, 100, 98, 98, 99, 98, 101, 99, 98, 100, 99, 99,
    97, 100, 101, 99, 97, 99, 102, 102, 100, 99, 102, 101, 98, 97, 97,
    98, 99, 101, 103, 101, 100, 100, 99, 99, 100, 100, 99, 98, 101, 102,
    100, 101, 102, 103, 103, 102, 102, 102, 102, 100, 99, 102, 99, 98,
    99, 99, 99, 100, 98, 100, 102, 102, 102, 98, 99 ]
