%YAML:1.0
---
videoName: "headShake6.mp4"
gestureLabel: 201
fps: 29
pixelSizeInCmTemp: 3.2808219178082193e-01
faceCenterPointX: 244
faceCenterPointY: 68
headPositionsX: [ 246, 244, 244, 248, 244, 245, 245, 244, 248, 246, 245,
    246, 247, 244, 244, 245, 246, 246, 245, 244, 244, 246, 246, 246, 244,
    243, 244, 245, 248, 252, 257, 256, 261, 263, 261, 260, 259, 251, 247,
    240, 237, 232, 231, 229, 233, 240, 245, 247, 256, 259, 259, 260, 257,
    253, 246, 244, 237, 236, 231, 229, 230, 236, 236, 242, 246, 247, 250,
    252, 249, 251, 244, 242, 242, 242, 238, 241, 238, 237, 240, 239, 239,
    244, 241, 244, 243, 246, 244, 245, 243, 246, 242, 246, 245, 242, 246,
    245, 242, 243, 246, 244 ]
headPositionsY: [ 66, 65, 68, 67, 65, 65, 65, 68, 68, 67, 68, 65, 63, 64,
    66, 66, 67, 69, 64, 68, 68, 66, 67, 66, 70, 65, 68, 68, 65, 65, 64,
    65, 65, 66, 69, 67, 68, 70, 67, 66, 71, 67, 68, 69, 67, 68, 67, 68,
    69, 69, 67, 67, 69, 69, 67, 71, 67, 68, 68, 68, 68, 69, 66, 67, 66,
    67, 69, 67, 65, 68, 68, 69, 68, 70, 65, 66, 68, 67, 69, 66, 67, 67,
    69, 68, 66, 67, 68, 70, 68, 69, 68, 70, 69, 68, 66, 66, 67, 71, 70,
    67 ]
