%YAML:1.0
---
videoName: "headShake10.mp4"
gestureLabel: 201
fps: 29
pixelSizeInCmTemp: 3.3732394366197183e-01
faceCenterPointX: 240
faceCenterPointY: 74
headPositionsX: [ 238, 248, 247, 244, 247, 245, 244, 246, 245, 247, 246,
    247, 248, 247, 247, 246, 245, 244, 248, 245, 246, 246, 248, 248, 244,
    244, 248, 244, 245, 244, 248, 248, 245, 248, 247, 246, 245, 243, 244,
    244, 244, 246, 245, 247, 244, 247, 243, 244, 242, 245, 244, 247, 251,
    255, 256, 257, 263, 261, 261, 257, 258, 250, 247, 245, 237, 235, 234,
    229, 232, 235, 237, 243, 247, 251, 254, 255, 257, 259, 255, 256, 249,
    251, 246, 245, 244, 239, 241, 241, 238, 238, 241, 242, 240, 239, 238,
    242, 240, 239, 242, 241 ]
headPositionsY: [ 72, 75, 75, 74, 74, 74, 73, 74, 74, 75, 72, 76, 71, 73,
    72, 71, 73, 73, 71, 74, 75, 72, 75, 73, 75, 71, 75, 71, 73, 72, 72,
    75, 73, 75, 73, 72, 72, 74, 72, 75, 72, 74, 71, 72, 71, 74, 73, 74,
    70, 71, 71, 71, 73, 73, 74, 69, 69, 71, 72, 73, 74, 71, 77, 72, 75,
    74, 76, 72, 75, 76, 73, 72, 75, 74, 72, 71, 73, 75, 72, 73, 74, 74,
    77, 76, 77, 75, 74, 74, 73, 74, 75, 74, 72, 77, 75, 73, 77, 75, 76,
    74 ]
