%YAML:1.0
---
videoName: "headShake17.mp4"
gestureLabel: 201
fps: 29
pixelSizeInCmTemp: 3.3263888888888887e-01
faceCenterPointX: 242
faceCenterPointY: 76
headPositionsX: [ 242, 241, 240, 240, 238, 241, 241, 241, 247, 249, 252,
    252, 261, 257, 257, 257, 252, 250, 245, 240, 236, 231, 228, 227, 225,
    225, 230, 234, 234, 238, 243, 246, 253, 249, 252, 255, 251, 250, 247,
    248, 241, 242, 236, 235, 232, 230, 229, 235, 234, 238, 235, 239, 242,
    243, 246, 246, 243, 246, 243, 244, 243, 241, 240, 238, 241, 239, 241,
    237, 238, 241, 238, 241, 239, 241, 241, 241, 243, 240, 239, 243, 242,
    240, 242, 239, 241, 243, 241, 242, 242, 242, 243, 243, 239, 242, 241,
    240, 244, 241, 240, 243 ]
headPositionsY: [ 74, 75, 76, 77, 76, 75, 76, 75, 74, 75, 73, 75, 76, 76,
    77, 78, 74, 75, 75, 79, 76, 77, 78, 75, 78, 77, 75, 76, 75, 76, 75,
    77, 75, 74, 75, 76, 75, 75, 77, 76, 76, 78, 77, 78, 74, 77, 76, 78,
    78, 77, 77, 78, 78, 79, 76, 78, 76, 77, 76, 79, 75, 76, 79, 78, 73,
    75, 76, 76, 75, 79, 74, 75, 75, 75, 74, 76, 76, 77, 77, 76, 78, 77,
    75, 75, 78, 73, 79, 75, 77, 75, 74, 76, 74, 76, 76, 74, 75, 77, 74,
    77 ]
