%YAML:1.0
---
videoName: "headShake18.mp4"
gestureLabel: 201
fps: 30
pixelSizeInCmTemp: 3.2808219178082193e-01
faceCenterPointX: 240
faceCenterPointY: 77
headPositionsX: [ 238, 242, 240, 241, 240, 241, 240, 239, 241, 242, 238,
    240, 243, 240, 243, 239, 239, 240, 242, 240, 240, 241, 239, 241, 241,
    241, 242, 238, 239, 241, 238, 240, 239, 241, 237, 243, 243, 245, 248,
    251, 253, 251, 251, 249, 249, 244, 237, 234, 234, 228, 231, 230, 238,
    241, 241, 244, 251, 250, 248, 247, 243, 240, 240, 235, 235, 233, 235,
    234, 236, 238, 244, 244, 246, 247, 242, 244, 242, 238, 237, 238, 234,
    235, 236, 238, 239, 241, 240, 243, 242, 241, 242, 242, 243, 240, 238,
    238, 240, 240, 241, 243 ]
headPositionsY: [ 76, 75, 78, 75, 75, 73, 76, 75, 76, 75, 77, 74, 75, 74,
    75, 75, 76, 75, 78, 76, 76, 79, 76, 77, 78, 77, 74, 74, 77, 78, 77,
    76, 76, 76, 77, 78, 78, 76, 75, 77, 76, 73, 76, 77, 77, 78, 77, 79,
    75, 75, 73, 75, 75, 75, 74, 75, 76, 78, 76, 78, 78, 78, 76, 78, 78,
    75, 76, 77, 78, 78, 77, 76, 78, 76, 79, 79, 78, 75, 79, 76, 75, 76,
    77, 78, 79, 78, 79, 79, 75, 76, 77, 75, 78, 77, 79, 78, 78, 78, 77,
    78 ]
