%YAML:1.0
---
videoName: "headShake32.mp4"
gestureLabel: 201
fps: 29
pixelSizeInCmTemp: 3.2808219178082193e-01
faceCenterPointX: 237
faceCenterPointY: 77
headPositionsX: [ 239, 237, 237, 236, 235, 240, 237, 238, 240, 239, 239,
    238, 241, 239, 242, 241, 242, 243, 238, 238, 239, 241, 239, 240, 241,
    239, 242, 241, 240, 238, 241, 242, 240, 241, 241, 241, 238, 240, 242,
    242, 245, 244, 245, 250, 250, 249, 252, 251, 251, 250, 248, 247, 247,
    241, 242, 241, 235, 233, 234, 230, 232, 230, 225, 229, 223, 225, 228,
    232, 231, 232, 233, 237, 240, 242, 248, 247, 249, 249, 249, 250, 247,
    248, 248, 245, 244, 244, 240, 240, 238, 239, 236, 240, 235, 237, 239,
    239, 238, 236, 240, 240 ]
headPositionsY: [ 78, 70, 72, 74, 76, 73, 73, 72, 74, 73, 74, 74, 73, 71,
    72, 73, 72, 74, 74, 73, 73, 72, 76, 75, 73, 76, 73, 72, 74, 72, 72,
    72, 76, 76, 75, 73, 74, 73, 72, 75, 72, 75, 72, 75, 75, 71, 75, 71,
    72, 73, 75, 74, 75, 75, 76, 75, 74, 75, 76, 77, 75, 73, 74, 76, 77,
    73, 77, 78, 78, 75, 76, 75, 78, 74, 76, 75, 76, 74, 76, 75, 78, 74,
    76, 75, 79, 76, 77, 78, 76, 79, 77, 76, 79, 77, 77, 80, 78, 79, 79,
    78 ]
