%YAML:1.0
---
videoName: "headShake0.mp4"
gestureLabel: 201
fps: 29
pixelSizeInCmTemp: 3.2808219178082193e-01
faceCenterPointX: 279
faceCenterPointY: 94
headPositionsX: [ 280, 280, 279, 280, 281, 280, 279, 278, 277, 277, 280,
    281, 281, 276, 279, 279, 280, 279, 278, 280, 281, 281, 280, 277, 279,
    281, 277, 277, 279, 279, 280, 277, 279, 278, 276, 276, 277, 278, 280,
    280, 278, 282, 284, 288, 294, 294, 301, 299, 302, 298, 295, 291, 288,
    281, 278, 275, 272, 272, 274, 277, 282, 284, 287, 291, 291, 286, 284,
    281, 278, 274, 274, 272, 273, 277, 281, 280, 283, 282, 282, 283, 278,
    280, 278, 277, 275, 278, 277, 277, 277, 276, 277, 279, 280, 279, 279,
    278, 280, 279, 279, 281 ]
headPositionsY: [ 92, 95, 95, 93, 92, 94, 94, 93, 93, 93, 93, 91, 94, 91,
    93, 91, 91, 93, 95, 94, 92, 93, 94, 93, 92, 91, 95, 92, 92, 94, 93,
    94, 91, 95, 91, 92, 92, 91, 92, 94, 91, 95, 90, 89, 91, 89, 89, 90,
    90, 90, 90, 89, 95, 94, 92, 95, 95, 93, 90, 94, 90, 90, 92, 90, 93,
    94, 95, 93, 94, 91, 91, 91, 94, 95, 94, 92, 91, 93, 91, 93, 96, 94,
    91, 91, 96, 94, 95, 91, 96, 94, 94, 93, 93, 93, 95, 96, 94, 97, 92,
    95 ]
