%YAML:1.0
---
videoName: "headShake27.mp4"
gestureLabel: 201
fps: 29
pixelSizeInCmTemp: 3.3263888888888887e-01
faceCenterPointX: 244
faceCenterPointY: 78
headPositionsX: [ 244, 245, 248, 249, 251, 250, 253, 256, 256, 255, 255,
    256, 256, 256, 255, 248, 246, 247, 244, 244, 242, 240, 238, 237, 234,
    232, 233, 233, 233, 234, 232, 233, 236, 235, 239, 240, 239, 241, 247,
    246, 249, 248, 249, 248, 251, 251, 250, 251, 246, 246, 244, 245, 243,
    241, 237, 235, 236, 231, 232, 231, 230, 233, 234, 234, 234, 234, 237,
    238, 240, 238, 242, 245, 246, 246, 247, 246, 248, 248, 247, 245, 245,
    248, 245, 245, 244, 247, 244, 248, 245, 244, 244, 245, 244, 245, 246,
    243, 246, 246, 245, 246 ]
headPositionsY: [ 76, 80, 75, 75, 76, 74, 77, 75, 75, 77, 76, 74, 77, 74,
    78, 80, 79, 77, 80, 80, 79, 78, 77, 78, 79, 78, 79, 78, 78, 80, 80,
    81, 81, 79, 80, 78, 80, 81, 82, 79, 82, 79, 80, 77, 79, 81, 79, 77,
    79, 79, 80, 80, 81, 78, 79, 80, 79, 78, 80, 80, 78, 80, 79, 78, 78,
    77, 78, 79, 78, 78, 79, 80, 76, 81, 80, 82, 80, 79, 77, 80, 79, 78,
    77, 78, 78, 80, 82, 78, 77, 81, 78, 77, 79, 80, 82, 80, 80, 79, 80,
    81 ]
