%YAML:1.0
---
videoName: "headShake18.mp4"
gestureLabel: 201
fps: 30
pixelSizeInCmTemp: 3.2808219178082193e-01
faceCenterPointX: 240
faceCenterPointY: 77
headPositionsX: [ 242, 239, 243, 244, 243, 243, 242, 243, 239, 243, 240,
    241, 241, 240, 239, 239, 241, 240, 240, 238, 243, 242, 241, 240, 242,
    240, 239, 242, 239, 240, 242, 240, 237, 241, 237, 244, 245, 244, 249,
    252, 250, 254, 250, 248, 249, 244, 240, 236, 230, 228, 232, 232, 234,
    239, 242, 246, 250, 248, 247, 245, 245, 242, 237, 234, 233, 234, 237,
    234, 240, 238, 245, 243, 246, 244, 246, 242, 242, 238, 237, 234, 236,
    237, 238, 240, 237, 240, 240, 243, 244, 244, 244, 242, 241, 242, 242,
    238, 239, 241, 238, 239 ]
headPositionsY: [ 76, 77, 78, 77, 74, 77, 74, 73, 74, 76, 76, 74, 73, 74,
    78, 75, 78, 77, 75, 77, 73, 76, 77, 77, 76, 74, 77, 77, 76, 76, 76,
    73, 76, 78, 79, 74, 75, 77, 77, 77, 75, 74, 75, 74, 78, 79, 74, 75,
    79, 74, 74, 76, 76, 78, 75, 76, 74, 77, 76, 78, 75, 76, 76, 75, 79,
    79, 77, 78, 79, 78, 77, 76, 76, 79, 76, 78, 77, 75, 79, 76, 78, 76,
    79, 76, 76, 76, 78, 76, 76, 78, 78, 77, 76, 75, 79, 78, 77, 77, 77,
    77 ]
