%YAML:1.0
---
videoName: "headShake24.mp4"
gestureLabel: 201
fps: 29
pixelSizeInCmTemp: 3.2808219178082193e-01
faceCenterPointX: 240
faceCenterPointY: 78
headPositionsX: [ 238, 249, 252, 253, 251, 256, 253, 255, 252, 249, 248,
    247, 242, 245, 242, 238, 233, 235, 234, 229, 229, 228, 230, 232, 234,
    234, 235, 238, 241, 243, 244, 249, 249, 251, 252, 252, 251, 247, 249,
    247, 242, 244, 242, 238, 238, 236, 233, 233, 236, 232, 235, 233, 234,
    238, 236, 242, 243, 241, 244, 244, 247, 246, 246, 248, 246, 247, 246,
    247, 244, 246, 243, 246, 244, 242, 242, 238, 240, 238, 241, 237, 236,
    237, 241, 240, 236, 240, 239, 238, 242, 239, 242, 241, 240, 240, 241,
    240, 241, 242, 241, 241 ]
headPositionsY: [ 76, 77, 78, 77, 74, 77, 73, 73, 79, 79, 78, 79, 76, 76,
    78, 78, 78, 79, 76, 78, 77, 75, 78, 80, 76, 78, 75, 77, 80, 78, 78,
    76, 77, 79, 79, 78, 80, 77, 80, 79, 76, 77, 76, 77, 79, 79, 78, 78,
    76, 77, 80, 76, 77, 77, 78, 77, 76, 76, 77, 75, 78, 80, 80, 79, 78,
    75, 80, 79, 75, 78, 75, 80, 79, 75, 79, 78, 79, 75, 76, 76, 77, 77,
    79, 76, 77, 78, 77, 80, 77, 79, 77, 79, 78, 80, 80, 75, 80, 79, 80,
    75 ]
