%YAML:1.0
---
videoName: "headShake14.mp4"
gestureLabel: 201
fps: 29
pixelSizeInCmTemp: 3.2364864864864862e-01
faceCenterPointX: 244
faceCenterPointY: 76
headPositionsX: [ 246, 244, 246, 248, 247, 245, 248, 244, 247, 247, 247,
    245, 246, 243, 243, 246, 243, 245, 244, 247, 246, 244, 246, 246, 244,
    247, 248, 253, 256, 257, 260, 263, 259, 260, 257, 250, 245, 243, 237,
    228, 226, 225, 225, 230, 229, 238, 243, 247, 253, 257, 255, 257, 252,
    249, 246, 241, 237, 235, 233, 231, 234, 235, 237, 237, 242, 244, 245,
    245, 246, 249, 249, 249, 251, 249, 249, 242, 245, 242, 243, 241, 240,
    241, 242, 240, 241, 244, 245, 246, 245, 245, 246, 243, 244, 243, 244,
    243, 245, 244, 243, 243 ]
headPositionsY: [ 77, 74, 77, 75, 75, 77, 77, 77, 75, 76, 74, 77, 77, 73,
    77, 75, 77, 73, 77, 75, 76, 77, 73, 74, 75, 74, 75, 75, 74, 73, 73,
    75, 74, 76, 72, 73, 75, 76, 78, 77, 75, 72, 76, 72, 77, 75, 75, 75,
    71, 71, 73, 75, 73, 74, 75, 73, 75, 77, 75, 76, 73, 75, 74, 75, 75,
    76, 74, 77, 77, 74, 75, 74, 74, 77, 77, 74, 74, 77, 73, 77, 76, 76,
    74, 77, 78, 75, 74, 74, 77, 77, 77, 75, 75, 77, 77, 78, 74, 76, 75,
    74 ]
