%YAML:1.0
---
videoName: "headShake40.mp4"
gestureLabel: 201
fps: 29
pixelSizeInCmTemp: 3.2808219178082193e-01
faceCenterPointX: 261
faceCenterPointY: 86
headPositionsX: [ 261, 260, 261, 261, 263, 262, 260, 262, 261, 259, 260,
    259, 263, 260, 263, 263, 261, 262, 261, 260, 260, 263, 262, 259, 263,
    258, 261, 257, 261, 258, 256, 255, 252, 252, 253, 255, 258, 263, 266,
    269, 275, 279, 278, 280, 278, 275, 273, 265, 259, 256, 252, 249, 248,
    245, 248, 252, 255, 262, 265, 269, 271, 272, 271, 268, 266, 264, 261,
    257, 256, 256, 259, 257, 257, 262, 263, 263, 265, 267, 268, 266, 263,
    262, 260, 260, 258, 261, 255, 258, 256, 260, 257, 260, 260, 258, 258,
    261, 259, 262, 263, 259 ]
headPositionsY: [ 88, 84, 84, 81, 84, 82, 82, 82, 83, 84, 84, 86, 84, 81,
    83, 86, 84, 85, 85, 80, 86, 85, 82, 83, 85, 83, 82, 82, 83, 86, 83,
    83, 82, 84, 83, 83, 85, 82, 84, 82, 79, 80, 80, 79, 78, 81, 81, 83,
    84, 83, 82, 85, 82, 83, 83, 82, 85, 85, 85, 84, 84, 81, 84, 85, 83,
    81, 82, 81, 82, 81, 83, 83, 82, 85, 84, 85, 81, 85, 82, 85, 85, 81,
    82, 83, 85, 85, 85, 82, 86, 84, 87, 84, 85, 84, 87, 84, 86, 86, 86,
    83 ]
