%YAML:1.0
---
videoName: "headShake18.mp4"
gestureLabel: 201
fps: 30
pixelSizeInCmTemp: 3.2808219178082193e-01
faceCenterPointX: 240
faceCenterPointY: 77
headPositionsX: [ 238, 243, 242, 242, 240, 240, 240, 241, 241, 242, 238,
    238, 240, 241, 241, 240, 243, 239, 241, 241, 241, 240, 240, 242, 241,
    239, 239, 242, 241, 242, 240, 238, 238, 240, 237, 244, 245, 245, 249,
    250, 251, 250, 251, 251, 245, 244, 236, 235, 234, 229, 229, 233, 234,
    237, 243, 244, 248, 250, 247, 246, 245, 240, 236, 236, 233, 235, 233,
    236, 237, 240, 241, 241, 247, 245, 246, 244, 242, 236, 235, 234, 235,
    236, 236, 238, 241, 240, 241, 245, 240, 243, 240, 240, 241, 240, 239,
    242, 239, 238, 239, 241 ]
headPositionsY: [ 75, 75, 77, 75, 76, 73, 73, 75, 74, 76, 74, 75, 74, 77,
    74, 78, 74, 78, 77, 78, 73, 76, 75, 76, 78, 76, 74, 78, 75, 74, 76,
    73, 75, 76, 76, 77, 75, 75, 77, 75, 76, 76, 75, 76, 75, 78, 78, 78,
    76, 78, 74, 78, 76, 77, 76, 79, 76, 78, 75, 75, 78, 74, 78, 77, 78,
    75, 76, 74, 78, 77, 76, 75, 79, 78, 77, 77, 76, 76, 78, 77, 78, 79,
    76, 77, 78, 76, 79, 76, 76, 79, 77, 79, 76, 78, 78, 75, 75, 77, 75,
    77 ]
