%YAML:1.0
---
videoName: "headShake31.mp4"
gestureLabel: 201
fps: 29
pixelSizeInCmTemp: 3.2808219178082193e-01
faceCenterPointX: 236
faceCenterPointY: 68
headPositionsX: [ 236, 236, 238, 236, 237, 238, 236, 235, 237, 235, 237,
    236, 239, 235, 238, 237, 235, 238, 237, 234, 238, 239, 235, 237, 236,
    238, 239, 235, 236, 235, 237, 236, 235, 239, 235, 237, 236, 235, 243,
    244, 247, 251, 250, 254, 254, 252, 246, 241, 234, 226, 220, 220, 222,
    222, 228, 235, 240, 245, 247, 246, 246, 244, 239, 236, 233, 230, 228,
    229, 228, 233, 233, 234, 237, 240, 240, 242, 244, 241, 242, 239, 236,
    237, 237, 236, 232, 236, 236, 234, 236, 234, 234, 236, 236, 233, 237,
    236, 237, 236, 236, 236 ]
headPositionsY: [ 70, 65, 67, 69, 68, 69, 65, 68, 68, 69, 67, 68, 69, 66,
    66, 67, 65, 70, 69, 66, 66, 70, 66, 69, 65, 66, 66, 69, 67, 66, 69,
    68, 69, 66, 70, 66, 65, 69, 67, 68, 65, 66, 66, 68, 66, 69, 70, 70,
    69, 66, 66, 66, 66, 71, 68, 72, 68, 68, 71, 68, 69, 69, 69, 70, 69,
    71, 71, 68, 70, 69, 69, 69, 71, 67, 68, 68, 70, 71, 71, 69, 70, 69,
    67, 67, 67, 71, 70, 68, 70, 71, 67, 67, 71, 70, 67, 69, 67, 69, 70,
    68 ]
