%YAML:1.0
---
videoName: "headShake28.mp4"
gestureLabel: 201
fps: 29
pixelSizeInCmTemp: 3.2808219178082193e-01
faceCenterPointX: 242
faceCenterPointY: 80
headPositionsX: [ 244, 242, 241, 243, 242, 243, 239, 240, 239, 242, 242,
    238, 242, 240, 244, 243, 244, 240, 240, 241, 241, 243, 241, 243, 243,
    241, 240, 243, 241, 242, 244, 241, 240, 242, 244, 241, 244, 242, 242,
    245, 244, 246, 245, 245, 242, 245, 245, 247, 244, 243, 241, 234, 232,
    229, 233, 234, 240, 245, 248, 254, 257, 254, 252, 249, 248, 243, 236,
    233, 230, 235, 238, 245, 248, 252, 251, 255, 253, 250, 247, 245, 242,
    239, 236, 235, 236, 237, 236, 241, 239, 240, 241, 241, 242, 245, 241,
    243, 242, 240, 241, 240 ]
headPositionsY: [ 79, 78, 77, 75, 79, 79, 79, 76, 79, 77, 81, 78, 77, 78,
    81, 79, 78, 76, 77, 78, 79, 76, 78, 78, 80, 79, 81, 81, 80, 81, 77,
    78, 78, 75, 80, 77, 78, 76, 79, 76, 78, 75, 80, 77, 76, 80, 78, 78,
    76, 79, 78, 78, 78, 79, 79, 77, 80, 78, 78, 77, 78, 74, 76, 77, 76,
    81, 77, 80, 77, 78, 77, 81, 76, 81, 77, 77, 77, 79, 80, 80, 78, 77,
    80, 81, 80, 79, 79, 79, 77, 80, 78, 82, 80, 81, 80, 79, 77, 82, 82,
    81 ]
