%YAML:1.0
---
videoName: "headShake2.mp4"
gestureLabel: 201
fps: 29
pixelSizeInCmTemp: 3.4214285714285714e-01
faceCenterPointX: 276
faceCenterPointY: 98
headPositionsX: [ 275, 279, 278, 276, 278, 279, 279, 279, 279, 278, 278,
    278, 279, 277, 279, 276, 278, 277, 278, 275, 276, 276, 279, 276, 279,
    278, 275, 278, 280, 279, 278, 279, 276, 278, 278, 275, 274, 279, 280,
    276, 278, 277, 280, 283, 286, 289, 291, 293, 296, 295, 290, 288, 285,
    278, 271, 267, 266, 262, 264, 266, 274, 278, 281, 288, 290, 290, 288,
    287, 281, 278, 275, 272, 266, 267, 270, 273, 275, 278, 284, 287, 288,
    285, 286, 282, 284, 280, 278, 278, 276, 274, 275, 273, 277, 276, 276,
    277, 275, 277, 276, 276 ]
headPositionsY: [ 98, 100, 96, 98, 100, 97, 99, 98, 97, 98, 100, 96, 101,
    96, 98, 96, 98, 97, 99, 98, 100, 99, 100, 96, 97, 98, 98, 97, 102,
    99, 100, 98, 100, 101, 100, 102, 96, 97, 100, 99, 97, 99, 100, 98,
    98, 98, 97, 99, 96, 99, 97, 97, 97, 99, 98, 95, 100, 99, 96, 95, 96,
    98, 97, 99, 96, 97, 96, 97, 97, 97, 100, 97, 97, 99, 99, 96, 98, 101,
    97, 100, 99, 97, 100, 101, 100, 101, 98, 100, 100, 100, 97, 97, 100,
    98, 99, 98, 97, 99, 100, 100 ]
