%YAML:1.0
---
videoName: "headShake33.mp4"
gestureLabel: 201
fps: 29
pixelSizeInCmTemp: 3.2364864864864862e-01
faceCenterPointX: 244
faceCenterPointY: 84
headPositionsX: [ 242, 247, 243, 247, 246, 245, 244, 245, 247, 246, 244,
    242, 243, 244, 245, 243, 245, 246, 245, 246, 247, 250, 250, 252, 250,
    254, 258, 261, 259, 264, 264, 262, 261, 260, 259, 257, 251, 250, 244,
    239, 237, 234, 231, 228, 226, 228, 227, 225, 228, 230, 234, 236, 243,
    246, 248, 252, 257, 258, 258, 259, 261, 258, 259, 254, 254, 253, 246,
    243, 240, 238, 234, 232, 230, 230, 233, 231, 233, 235, 237, 235, 240,
    238, 242, 242, 243, 246, 246, 248, 245, 248, 245, 247, 248, 247, 243,
    246, 245, 245, 244, 242 ]
headPositionsY: [ 82, 82, 84, 84, 83, 84, 85, 81, 81, 82, 85, 82, 82, 80,
    82, 85, 80, 83, 82, 80, 83, 81, 85, 85, 83, 80, 83, 81, 83, 80, 83,
    79, 79, 80, 81, 82, 84, 83, 84, 81, 83, 82, 82, 80, 81, 82, 81, 80,
    81, 84, 85, 82, 82, 85, 85, 80, 79, 79, 82, 81, 80, 82, 82, 83, 81,
    86, 81, 85, 83, 81, 84, 85, 82, 83, 81, 83, 81, 83, 80, 81, 85, 85,
    81, 84, 84, 83, 82, 84, 81, 86, 85, 86, 81, 81, 81, 82, 82, 85, 85,
    84 ]
