%YAML:1.0
---
videoName: "headShake19.mp4"
gestureLabel: 201
fps: 29
pixelSizeInCmTemp: 3.1933333333333330e-01
faceCenterPointX: 243
faceCenterPointY: 78
headPositionsX: [ 242, 244, 243, 242, 243, 245, 243, 243, 242, 243, 244,
    243, 244, 242, 244, 244, 242, 243, 242, 242, 243, 244, 241, 244, 244,
    242, 243, 244, 242, 241, 241, 242, 244, 243, 243, 242, 238, 236, 233,
    233, 233, 232, 238, 241, 247, 254, 258, 256, 259, 255, 248, 246, 239,
    233, 233, 231, 231, 234, 236, 240, 244, 249, 247, 246, 244, 246, 241,
    237, 237, 236, 237, 236, 236, 239, 242, 244, 245, 245, 247, 244, 242,
    246, 241, 244, 241, 239, 242, 240, 238, 239, 243, 240, 240, 241, 245,
    243, 242, 242, 241, 241 ]
headPositionsY: [ 78, 75, 75, 77, 74, 77, 78, 78, 76, 77, 76, 79, 78, 78,
    79, 77, 78, 77, 77, 76, 75, 76, 74, 79, 77, 78, 75, 76, 79, 79, 79,
    77, 78, 77, 77, 77, 76, 75, 78, 76, 76, 77, 78, 75, 77, 76, 78, 74,
    74, 76, 79, 77, 77, 78, 76, 74, 75, 75, 79, 77, 76, 77, 77, 74, 78,
    79, 79, 79, 78, 76, 78, 79, 77, 77, 77, 75, 76, 76, 79, 77, 77, 78,
    77, 76, 78, 78, 77, 77, 79, 80, 79, 80, 78, 79, 79, 78, 78, 78, 76,
    77 ]
