%YAML:1.0
---
videoName: "headShake40.mp4"
gestureLabel: 201
fps: 29
pixelSizeInCmTemp: 3.2808219178082193e-01
faceCenterPointX: 261
faceCenterPointY: 86
headPositionsX: [ 263, 259, 263, 263, 259, 262, 258, 260, 261, 261, 260,
    261, 260, 258, 261, 261, 259, 259, 263, 260, 262, 263, 262, 260, 263,
    260, 259, 261, 260, 257, 255, 256, 253, 251, 254, 253, 256, 263, 263,
    271, 271, 276, 282, 278, 280, 273, 269, 266, 261, 252, 248, 246, 246,
    245, 252, 251, 256, 259, 263, 266, 268, 274, 269, 266, 267, 264, 260,
    260, 256, 257, 259, 257, 259, 260, 260, 265, 268, 267, 266, 268, 266,
    264, 264, 259, 259, 261, 259, 255, 255, 260, 260, 258, 261, 258, 260,
    258, 261, 264, 260, 260 ]
headPositionsY: [ 87, 85, 84, 85, 85, 81, 81, 84, 82, 85, 85, 82, 83, 83,
    85, 86, 83, 85, 85, 81, 82, 82, 83, 82, 86, 85, 85, 84, 85, 84, 81,
    82, 82, 84, 83, 85, 84, 85, 82, 80, 82, 81, 81, 82, 82, 80, 82, 84,
    82, 81, 82, 85, 82, 85, 83, 85, 83, 86, 84, 82, 81, 81, 83, 83, 86,
    83, 84, 81, 83, 84, 83, 81, 86, 81, 83, 85, 82, 83, 83, 82, 83, 84,
    82, 82, 84, 82, 84, 84, 84, 86, 83, 85, 84, 84, 85, 84, 85, 86, 84,
    87 ]
