%YAML:1.0
---
videoName: "headShake20.mp4"
gestureLabel: 201
fps: 29
pixelSizeInCmTemp: 3.3263888888888887e-01
faceCenterPointX: 242
faceCenterPointY: 78
headPositionsX: [ 241, 243, 243, 245, 246, 241, 245, 245, 245, 244, 241,
    241, 244, 243, 244, 244, 244, 242, 241, 243, 242, 245, 244, 245, 242,
    244, 242, 243, 243, 241, 241, 244, 242, 242, 242, 244, 245, 243, 246,
    245, 249, 251, 254, 256, 261, 261, 255, 253, 250, 245, 239, 234, 232,
    232, 232, 231, 238, 245, 248, 253, 251, 254, 251, 244, 245, 238, 233,
    233, 232, 231, 234, 239, 243, 244, 245, 248, 248, 244, 241, 242, 241,
    240, 240, 242, 242, 242, 242, 244, 243, 245, 245, 246, 243, 241, 245,
    242, 240, 240, 242, 242 ]
headPositionsY: [ 77, 77, 74, 76, 75, 78, 75, 76, 76, 76, 76, 76, 78, 77,
    77, 74, 74, 76, 76, 76, 75, 77, 78, 76, 74, 74, 78, 74, 77, 79, 78,
    75, 74, 75, 75, 76, 78, 75, 79, 77, 74, 78, 73, 77, 72, 74, 75, 79,
    78, 77, 78, 79, 79, 74, 75, 76, 78, 76, 75, 73, 75, 74, 74, 77, 76,
    74, 79, 77, 79, 76, 75, 77, 78, 77, 77, 76, 79, 75, 75, 78, 76, 76,
    79, 77, 78, 75, 75, 78, 79, 77, 78, 76, 78, 79, 77, 78, 78, 79, 75,
    78 ]
