%YAML:1.0
---
videoName: "headShake38.mp4"
gestureLabel: 201
fps: 29
pixelSizeInCmTemp: 3.2808219178082193e-01
faceCenterPointX: 259
faceCenterPointY: 84
headPositionsX: [ 258, 263, 263, 261, 261, 264, 262, 261, 265, 261, 265,
    263, 265, 264, 263, 261, 261, 262, 261, 265, 265, 263, 261, 264, 263,
    264, 263, 262, 261, 262, 262, 264, 265, 264, 261, 265, 260, 263, 263,
    262, 264, 262, 260, 258, 254, 249, 248, 249, 246, 253, 258, 268, 273,
    279, 276, 275, 269, 261, 253, 248, 248, 251, 254, 261, 268, 271, 272,
    268, 268, 257, 254, 249, 248, 248, 250, 256, 261, 265, 266, 269, 270,
    268, 267, 268, 264, 262, 264, 262, 259, 258, 262, 262, 262, 259, 261,
    257, 258, 259, 258, 259 ]
headPositionsY: [ 85, 84, 84, 83, 82, 81, 82, 83, 82, 83, 84, 81, 82, 84,
    83, 84, 83, 83, 82, 85, 83, 84, 82, 85, 85, 84, 82, 82, 82, 83, 86,
    83, 84, 85, 83, 86, 85, 86, 83, 83, 82, 86, 86, 82, 85, 81, 85, 84,
    83, 85, 86, 82, 81, 84, 85, 84, 83, 83, 85, 83, 85, 80, 81, 85, 82,
    81, 82, 83, 84, 86, 84, 83, 83, 83, 85, 84, 82, 85, 83, 85, 83, 86,
    83, 83, 84, 83, 84, 85, 82, 82, 82, 86, 86, 82, 86, 86, 84, 84, 82,
    83 ]
