%YAML:1.0
---
videoName: "headShake47.mp4"
gestureLabel: 201
fps: 29
pixelSizeInCmTemp: 3.2364864864864862e-01
faceCenterPointX: 258
faceCenterPointY: 86
headPositionsX: [ 259, 259, 260, 261, 258, 261, 261, 261, 260, 259, 260,
    260, 258, 260, 262, 260, 261, 261, 262, 263, 258, 259, 261, 260, 260,
    257, 261, 263, 259, 262, 258, 262, 257, 258, 255, 257, 251, 254, 249,
    247, 251, 252, 251, 255, 262, 265, 267, 268, 266, 262, 258, 255, 255,
    252, 254, 256, 260, 265, 267, 262, 261, 255, 256, 250, 252, 254, 256,
    259, 263, 261, 265, 258, 255, 253, 252, 256, 258, 261, 263, 265, 261,
    261, 257, 254, 253, 256, 254, 258, 254, 256, 255, 259, 256, 259, 259,
    257, 257, 259, 258, 256 ]
headPositionsY: [ 88, 87, 84, 83, 85, 87, 87, 85, 86, 87, 85, 87, 84, 85,
    86, 83, 84, 84, 86, 85, 82, 87, 83, 85, 86, 84, 87, 83, 84, 87, 85,
    86, 83, 86, 83, 85, 84, 87, 86, 85, 86, 85, 89, 86, 88, 87, 90, 90,
    91, 89, 90, 89, 89, 86, 87, 89, 90, 88, 87, 87, 90, 86, 86, 88, 86,
    85, 87, 87, 87, 89, 86, 89, 87, 85, 86, 88, 86, 84, 88, 86, 87, 88,
    88, 85, 89, 87, 86, 88, 87, 87, 88, 84, 88, 85, 87, 87, 85, 85, 84,
    86 ]
