%YAML:1.0
---
videoName: "headShake49.mp4"
gestureLabel: 201
fps: 30
pixelSizeInCmTemp: 2.8855421686746985e-01
faceCenterPointX: 259
faceCenterPointY: 84
headPositionsX: [ 257, 261, 262, 260, 263, 261, 261, 259, 259, 260, 259,
    261, 260, 259, 260, 259, 260, 263, 259, 261, 263, 259, 261, 259, 262,
    262, 261, 262, 259, 260, 260, 259, 265, 266, 268, 274, 278, 278, 283,
    282, 280, 276, 271, 265, 259, 253, 247, 247, 250, 254, 263, 269, 271,
    272, 273, 267, 261, 254, 249, 247, 245, 249, 254, 261, 265, 272, 268,
    268, 266, 261, 258, 251, 252, 254, 255, 263, 268, 268, 269, 267, 269,
    264, 262, 260, 256, 257, 258, 258, 259, 259, 259, 261, 260, 262, 258,
    258, 257, 261, 259, 260 ]
headPositionsY: [ 82, 83, 80, 82, 80, 82, 78, 81, 79, 79, 80, 80, 79, 81,
    82, 81, 80, 79, 82, 83, 81, 80, 82, 79, 79, 78, 79, 80, 83, 80, 84,
    82, 82, 79, 81, 79, 79, 78, 79, 81, 82, 83, 81, 84, 86, 83, 85, 83,
    83, 85, 85, 85, 86, 81, 82, 82, 83, 86, 83, 85, 82, 82, 83, 84, 84,
    83, 84, 82, 85, 85, 84, 84, 87, 86, 84, 83, 84, 84, 86, 84, 83, 84,
    83, 83, 84, 82, 87, 81, 83, 85, 84, 86, 86, 86, 86, 86, 83, 82, 87,
    87 ]
