%YAML:1.0
---
videoName: "headShake34.mp4"
gestureLabel: 201
fps: 29
pixelSizeInCmTemp: 3.2364864864864862e-01
faceCenterPointX: 263
faceCenterPointY: 83
headPositionsX: [ 263, 262, 262, 265, 261, 265, 262, 266, 263, 266, 264,
    262, 265, 262, 264, 266, 262, 262, 263, 266, 267, 264, 266, 263, 263,
    263, 266, 265, 266, 265, 262, 265, 262, 265, 262, 266, 264, 267, 266,
    267, 269, 274, 275, 274, 277, 278, 280, 279, 275, 276, 272, 268, 263,
    259, 257, 254, 254, 254, 255, 256, 257, 258, 267, 265, 269, 268, 270,
    268, 264, 262, 259, 255, 257, 255, 257, 257, 260, 258, 264, 267, 266,
    266, 267, 265, 266, 266, 263, 264, 266, 264, 266, 264, 265, 263, 264,
    261, 265, 265, 261, 261 ]
headPositionsY: [ 85, 83, 84, 82, 82, 84, 83, 81, 84, 86, 85, 84, 83, 82,
    83, 81, 80, 84, 81, 83, 83, 85, 83, 85, 82, 84, 81, 85, 84, 85, 85,
    81, 86, 83, 84, 83, 84, 83, 84, 81, 80, 84, 83, 82, 83, 82, 80, 79,
    79, 83, 82, 84, 84, 84, 83, 80, 81, 82, 82, 83, 82, 83, 85, 80, 81,
    81, 81, 85, 85, 81, 82, 80, 83, 82, 85, 82, 82, 81, 82, 85, 81, 83,
    83, 85, 85, 83, 82, 81, 84, 82, 83, 81, 85, 85, 84, 83, 85, 84, 85,
    86 ]
