%YAML:1.0
---
videoName: "headShake2.mp4"
gestureLabel: 201
fps: 29
pixelSizeInCmTemp: 3.4214285714285714e-01
faceCenterPointX: 276
faceCenterPointY: 98
headPositionsX: [ 278, 280, 275, 277, 280, 275, 275, 279, 276, 279, 276,
    276, 279, 275, 279, 279, 276, 276, 276, 278, 276, 276, 280, 276, 280,
    279, 278, 276, 278, 277, 278, 280, 279, 278, 280, 275, 274, 277, 280,
    279, 276, 278, 280, 281, 289, 288, 291, 294, 293, 294, 291, 289, 282,
    277, 271, 268, 266, 262, 266, 265, 273, 280, 284, 289, 289, 288, 291,
    285, 284, 278, 275, 273, 266, 268, 266, 273, 275, 280, 282, 284, 288,
    285, 288, 283, 282, 283, 279, 275, 276, 274, 274, 273, 276, 274, 272,
    277, 273, 275, 275, 278 ]
headPositionsY: [ 96, 96, 99, 98, 97, 98, 100, 96, 96, 96, 96, 97, 97,
    97, 96, 96, 99, 101, 100, 96, 97, 97, 101, 98, 99, 100, 98, 96, 102,
    96, 98, 97, 98, 99, 98, 99, 96, 100, 97, 98, 97, 97, 97, 96, 95, 96,
    96, 99, 98, 97, 95, 97, 98, 98, 98, 96, 98, 99, 98, 98, 100, 96, 95,
    96, 95, 96, 99, 99, 98, 100, 98, 98, 97, 97, 98, 98, 99, 100, 99, 98,
    96, 98, 97, 99, 102, 100, 99, 99, 98, 100, 100, 97, 99, 99, 96, 100,
    100, 102, 101, 99 ]
