%YAML:1.0
---
videoName: "headShake33.mp4"
gestureLabel: 201
fps: 29
pixelSizeInCmTemp: 3.2364864864864862e-01
faceCenterPointX: 244
faceCenterPointY: 84
headPositionsX: [ 246, 247, 243, 247, 246, 246, 248, 244, 245, 243, 245,
    245, 246, 245, 247, 246, 245, 242, 245, 247, 245, 246, 246, 252, 253,
    255, 256, 258, 261, 264, 262, 261, 261, 261, 260, 258, 252, 248, 247,
    243, 238, 235, 234, 228, 229, 226, 227, 225, 229, 231, 231, 239, 242,
    244, 250, 252, 258, 257, 258, 258, 258, 260, 260, 254, 252, 252, 248,
    243, 240, 237, 234, 236, 234, 233, 231, 234, 234, 234, 233, 236, 240,
    239, 239, 243, 245, 244, 243, 247, 247, 247, 248, 246, 246, 247, 247,
    243, 246, 245, 244, 242 ]
headPositionsY: [ 82, 85, 81, 85, 81, 82, 85, 84, 81, 82, 83, 81, 85, 81,
    82, 84, 83, 81, 81, 84, 85, 85, 83, 84, 83, 81, 83, 82, 83, 80, 79,
    81, 80, 80, 80, 84, 85, 82, 83, 85, 84, 82, 82, 84, 80, 81, 81, 82,
    85, 82, 81, 81, 84, 81, 82, 84, 83, 80, 82, 79, 83, 80, 84, 82, 84,
    83, 84, 85, 81, 84, 84, 85, 83, 82, 83, 84, 81, 83, 82, 84, 84, 84,
    83, 83, 83, 84, 81, 85, 84, 84, 81, 83, 84, 81, 85, 82, 82, 84, 84,
    81 ]
