%YAML:1.0
---
videoName: "headShake8.mp4"
gestureLabel: 201
fps: 29
pixelSizeInCmTemp: 3.2364864864864862e-01
faceCenterPointX: 243
faceCenterPointY: 72
headPositionsX: [ 243, 242, 242, 245, 245, 245, 242, 242, 241, 246, 243,
    246, 243, 243, 244, 241, 242, 245, 244, 244, 243, 244, 243, 243, 241,
    242, 243, 241, 242, 241, 242, 243, 244, 245, 247, 251, 253, 254, 260,
    264, 266, 263, 266, 261, 258, 251, 248, 240, 233, 233, 233, 233, 230,
    237, 243, 248, 254, 257, 259, 258, 257, 252, 251, 248, 244, 238, 237,
    235, 237, 235, 233, 237, 237, 242, 244, 247, 246, 246, 249, 250, 249,
    248, 249, 248, 249, 249, 246, 247, 244, 247, 244, 243, 242, 243, 245,
    245, 244, 245, 242, 242 ]
headPositionsY: [ 71, 71, 71, 73, 74, 74, 73, 74, 71, 71, 72, 74, 70, 72,
    74, 69, 70, 70, 70, 72, 73, 73, 73, 71, 70, 72, 73, 70, 73, 74, 69,
    71, 71, 71, 73, 69, 72, 68, 71, 71, 70, 69, 69, 70, 73, 70, 74, 73,
    71, 69, 70, 69, 71, 73, 72, 71, 69, 68, 69, 72, 68, 69, 73, 70, 72,
    73, 70, 70, 70, 73, 74, 71, 70, 70, 74, 72, 75, 71, 70, 72, 72, 70,
    72, 71, 69, 74, 73, 72, 71, 71, 72, 72, 73, 70, 70, 72, 73, 70, 71,
    73 ]
