%YAML:1.0
---
videoName: "headShake1.mp4"
gestureLabel: 201
fps: 29
pixelSizeInCmTemp: 3.3263888888888887e-01
faceCenterPointX: 279
faceCenterPointY: 98
headPositionsX: [ 277, 279, 281, 278, 276, 280, 280, 277, 279, 278, 279,
    278, 278, 281, 278, 281, 278, 278, 281, 281, 281, 277, 281, 277, 278,
    277, 277, 281, 280, 281, 285, 290, 292, 292, 292, 294, 291, 286, 286,
    280, 277, 276, 270, 271, 267, 268, 273, 276, 282, 286, 289, 292, 291,
    289, 288, 288, 284, 279, 275, 269, 267, 265, 267, 270, 272, 278, 281,
    288, 292, 291, 292, 293, 288, 289, 283, 280, 276, 273, 274, 269, 269,
    271, 271, 272, 273, 275, 274, 278, 278, 277, 280, 280, 281, 280, 282,
    280, 282, 281, 280, 281 ]
headPositionsY: [ 98, 97, 97, 97, 97, 99, 96, 96, 95, 96, 97, 97, 97, 99,
    97, 95, 96, 97, 96, 97, 97, 100, 98, 97, 98, 99, 98, 96, 94, 97, 96,
    96, 98, 97, 97, 96, 95, 93, 97, 95, 100, 96, 97, 98, 97, 99, 94, 96,
    98, 97, 94, 94, 96, 98, 96, 98, 98, 97, 99, 97, 99, 97, 93, 96, 99,
    95, 97, 95, 95, 94, 96, 97, 94, 95, 95, 99, 95, 98, 95, 98, 95, 94,
    94, 99, 96, 96, 95, 96, 95, 98, 100, 95, 96, 98, 97, 98, 100, 100,
    98, 100 ]
