%YAML:1.0
---
videoName: "headShake34.mp4"
gestureLabel: 201
fps: 29
pixelSizeInCmTemp: 3.2364864864864862e-01
faceCenterPointX: 263
faceCenterPointY: 83
headPositionsX: [ 264, 266, 264, 264, 264, 265, 266, 262, 261, 266, 266,
    264, 263, 263, 264, 265, 266, 262, 266, 263, 266, 263, 266, 266, 267,
    265, 262, 266, 264, 265, 262, 265, 263, 264, 263, 265, 264, 269, 269,
    269, 272, 272, 276, 275, 277, 280, 279, 277, 279, 276, 273, 269, 261,
    260, 253, 251, 254, 254, 252, 256, 259, 261, 266, 268, 272, 271, 268,
    267, 264, 262, 260, 253, 255, 253, 257, 256, 259, 262, 261, 267, 262,
    267, 268, 267, 267, 268, 267, 263, 265, 265, 266, 265, 265, 261, 265,
    263, 265, 264, 264, 265 ]
headPositionsY: [ 85, 81, 85, 84, 80, 86, 83, 83, 84, 84, 83, 84, 83, 81,
    83, 83, 84, 84, 81, 82, 81, 85, 81, 84, 85, 83, 83, 82, 83, 82, 81,
    83, 84, 85, 84, 85, 84, 81, 85, 81, 80, 83, 83, 83, 84, 79, 82, 82,
    81, 80, 83, 85, 81, 85, 79, 83, 83, 80, 84, 82, 84, 83, 82, 83, 84,
    81, 84, 84, 83, 81, 85, 82, 82, 84, 84, 82, 82, 83, 82, 82, 82, 82,
    81, 85, 83, 83, 83, 84, 81, 86, 85, 85, 84, 81, 85, 82, 83, 81, 83,
    86 ]
