%YAML:1.0
---
videoName: "headShake28.mp4"
gestureLabel: 201
fps: 29
pixelSizeInCmTemp: 3.2808219178082193e-01
faceCenterPointX: 242
faceCenterPointY: 80
headPositionsX: [ 242, 242, 244, 240, 239, 241, 243, 242, 240, 241, 239,
    238, 241, 242, 240, 240, 243, 242, 243, 243, 243, 239, 241, 240, 239,
    241, 243, 242, 243, 240, 241, 244, 243, 241, 241, 243, 243, 242, 241,
    244, 242, 245, 243, 242, 245, 245, 244, 243, 244, 245, 238, 235, 230,
    230, 232, 233, 240, 243, 251, 250, 257, 257, 253, 248, 248, 241, 235,
    232, 233, 234, 239, 243, 249, 253, 251, 256, 252, 252, 247, 247, 244,
    241, 239, 236, 235, 238, 239, 239, 241, 243, 244, 242, 243, 243, 241,
    243, 244, 243, 243, 240 ]
headPositionsY: [ 81, 74, 78, 75, 77, 77, 77, 76, 77, 78, 80, 76, 80, 77,
    78, 78, 81, 76, 77, 80, 79, 77, 79, 77, 76, 81, 80, 79, 77, 77, 78,
    78, 79, 78, 79, 77, 76, 79, 76, 80, 78, 75, 78, 79, 75, 79, 78, 78,
    78, 79, 76, 78, 75, 77, 78, 75, 80, 79, 78, 77, 75, 78, 78, 80, 79,
    82, 76, 77, 80, 77, 79, 79, 79, 77, 74, 75, 77, 80, 80, 77, 76, 79,
    80, 80, 77, 78, 78, 79, 78, 78, 79, 78, 79, 79, 78, 80, 81, 79, 81,
    81 ]
