%YAML:1.0
---
videoName: "headShake4.mp4"
gestureLabel: 201
fps: 30
pixelSizeInCmTemp: 3.2364864864864862e-01
faceCenterPointX: 237
faceCenterPointY: 101
headPositionsX: [ 238, 244, 244, 246, 253, 256, 254, 253, 255, 250, 245,
    239, 232, 228, 224, 224, 226, 231, 234, 244, 247, 250, 253, 251, 250,
    245, 241, 232, 228, 223, 225, 223, 223, 228, 234, 243, 246, 248, 254,
    256, 256, 254, 246, 243, 238, 232, 230, 227, 222, 223, 225, 232, 233,
    239, 242, 246, 249, 248, 249, 247, 248, 242, 242, 238, 235, 234, 228,
    230, 228, 229, 235, 235, 237, 235, 239, 238, 241, 244, 242, 241, 242,
    239, 240, 239, 239, 235, 237, 239, 234, 239, 234, 238, 234, 234, 238,
    238, 238, 235, 237, 236 ]
headPositionsY: [ 102, 98, 99, 96, 101, 97, 100, 96, 98, 100, 100, 100,
    97, 98, 96, 98, 98, 100, 98, 99, 97, 97, 100, 100, 97, 101, 100, 101,
    98, 100, 99, 99, 98, 96, 100, 98, 97, 101, 99, 99, 97, 96, 97, 101,
    101, 100, 101, 103, 98, 97, 97, 101, 98, 99, 103, 101, 100, 98, 101,
    99, 102, 98, 101, 99, 99, 99, 101, 99, 101, 99, 101, 100, 100, 98,
    99, 98, 99, 98, 103, 100, 99, 103, 101, 98, 99, 101, 98, 101, 98,
    102, 99, 102, 101, 99, 98, 102, 102, 101, 101, 98 ]
