%YAML:1.0
---
videoName: "headShake37.mp4"
gestureLabel: 201
fps: 30
pixelSizeInCmTemp: 3.1933333333333330e-01
faceCenterPointX: 263
faceCenterPointY: 83
headPositionsX: [ 264, 259, 261, 262, 261, 262, 260, 265, 260, 261, 262,
    264, 260, 260, 265, 261, 263, 262, 263, 260, 260, 265, 260, 264, 261,
    263, 263, 261, 260, 264, 261, 264, 261, 263, 264, 262, 260, 261, 265,
    261, 263, 261, 259, 261, 262, 261, 263, 264, 268, 269, 274, 276, 278,
    279, 279, 279, 271, 268, 259, 254, 254, 255, 255, 259, 260, 270, 269,
    273, 272, 272, 266, 265, 259, 259, 253, 251, 253, 255, 256, 256, 258,
    262, 261, 263, 267, 264, 265, 266, 266, 266, 266, 262, 263, 266, 263,
    262, 262, 263, 264, 263 ]
headPositionsY: [ 85, 83, 83, 85, 85, 85, 84, 86, 82, 83, 84, 84, 84, 82,
    83, 84, 85, 80, 83, 81, 84, 85, 84, 83, 86, 85, 84, 84, 83, 80, 84,
    82, 83, 82, 84, 84, 82, 85, 84, 85, 84, 84, 85, 82, 85, 83, 84, 81,
    85, 81, 80, 82, 78, 80, 79, 84, 81, 84, 80, 83, 80, 79, 83, 83, 80,
    84, 79, 80, 82, 82, 84, 81, 85, 85, 83, 81, 85, 79, 81, 82, 82, 80,
    82, 84, 81, 85, 81, 82, 82, 86, 85, 84, 85, 82, 80, 84, 84, 85, 83,
    84 ]
