%YAML:1.0
---
videoName: "headShake31.mp4"
gestureLabel: 201
fps: 29
pixelSizeInCmTemp: 3.2808219178082193e-01
faceCenterPointX: 236
faceCenterPointY: 68
headPositionsX: [ 236, 236, 239, 235, 236, 238, 238, 235, 236, 237, 238,
    238, 236, 236, 237, 238, 238, 236, 238, 235, 234, 238, 237, 239, 235,
    235, 239, 237, 236, 239, 235, 239, 239, 239, 235, 234, 235, 239, 239,
    246, 246, 253, 254, 252, 250, 251, 243, 237, 231, 225, 223, 221, 221,
    225, 227, 233, 240, 242, 247, 249, 244, 241, 240, 238, 233, 232, 227,
    226, 229, 230, 233, 237, 240, 242, 244, 244, 242, 242, 240, 239, 238,
    236, 234, 234, 232, 235, 235, 237, 232, 237, 235, 238, 235, 236, 236,
    237, 235, 235, 235, 237 ]
headPositionsY: [ 68, 64, 68, 69, 65, 67, 67, 69, 66, 66, 68, 65, 65, 68,
    65, 67, 66, 69, 66, 65, 68, 68, 69, 68, 64, 68, 67, 68, 67, 69, 68,
    65, 65, 70, 68, 67, 65, 68, 65, 64, 68, 64, 65, 64, 66, 66, 70, 68,
    67, 67, 68, 69, 69, 72, 69, 69, 68, 69, 68, 68, 68, 71, 71, 71, 67,
    68, 68, 68, 68, 70, 69, 71, 68, 67, 70, 67, 69, 68, 69, 71, 67, 68,
    70, 71, 68, 68, 70, 72, 67, 68, 66, 68, 68, 68, 69, 69, 69, 70, 71,
    70 ]
