%YAML:1.0
---
videoName: "headShake17.mp4"
gestureLabel: 201
fps: 29
pixelSizeInCmTemp: 3.3263888888888887e-01
faceCenterPointX: 242
faceCenterPointY: 76
headPositionsX: [ 244, 240, 237, 238, 238, 238, 239, 243, 246, 247, 249,
    256, 261, 259, 259, 256, 256, 251, 246, 238, 236, 235, 227, 229, 227,
    227, 230, 230, 233, 239, 244, 248, 250, 249, 251, 251, 254, 252, 249,
    248, 244, 242, 236, 232, 234, 234, 232, 234, 236, 235, 236, 240, 244,
    245, 246, 243, 245, 247, 243, 245, 242, 240, 243, 242, 240, 239, 238,
    240, 240, 240, 237, 239, 240, 240, 240, 243, 240, 242, 239, 242, 242,
    242, 243, 242, 240, 243, 239, 240, 239, 240, 239, 241, 242, 240, 240,
    242, 240, 240, 242, 242 ]
headPositionsY: [ 76, 78, 77, 78, 74, 74, 75, 76, 74, 77, 75, 75, 74, 77,
    75, 78, 75, 76, 78, 75, 79, 75, 79, 79, 78, 77, 75, 79, 76, 77, 76,
    76, 77, 74, 72, 76, 76, 77, 74, 79, 76, 79, 80, 76, 74, 74, 76, 77,
    78, 78, 77, 75, 77, 76, 75, 77, 75, 77, 77, 75, 78, 75, 79, 77, 75,
    76, 74, 76, 74, 79, 77, 78, 78, 76, 74, 78, 78, 76, 78, 77, 77, 74,
    77, 77, 75, 74, 76, 78, 76, 75, 74, 77, 74, 78, 76, 78, 76, 75, 76,
    76 ]
