%YAML:1.0
---
videoName: "headShake0.mp4"
gestureLabel: 201
fps: 29
pixelSizeInCmTemp: 3.2808219178082193e-01
faceCenterPointX: 279
faceCenterPointY: 94
headPositionsX: [ 281, 279, 279, 281, 281, 277, 280, 279, 280, 277, 281,
    281, 277, 278, 280, 279, 279, 279, 278, 277, 279, 278, 281, 280, 278,
    280, 277, 278, 277, 277, 279, 279, 280, 276, 277, 277, 280, 278, 280,
    280, 277, 279, 287, 288, 290, 295, 300, 300, 303, 300, 297, 294, 290,
    285, 278, 276, 274, 273, 273, 275, 284, 286, 288, 288, 292, 289, 284,
    284, 280, 273, 274, 271, 271, 274, 279, 283, 283, 285, 283, 285, 279,
    280, 275, 276, 275, 278, 279, 279, 279, 278, 280, 279, 278, 279, 279,
    278, 281, 279, 281, 278 ]
headPositionsY: [ 93, 93, 94, 91, 95, 93, 94, 93, 92, 91, 94, 93, 94, 94,
    92, 92, 95, 91, 94, 92, 96, 91, 91, 94, 95, 95, 92, 94, 92, 94, 90,
    95, 91, 94, 95, 94, 92, 93, 93, 93, 94, 94, 91, 90, 91, 92, 90, 90,
    94, 89, 93, 91, 91, 93, 90, 94, 91, 91, 93, 91, 94, 90, 91, 90, 91,
    93, 94, 92, 95, 94, 95, 92, 90, 91, 93, 93, 92, 93, 92, 95, 94, 94,
    91, 95, 95, 91, 94, 92, 95, 92, 93, 97, 96, 93, 95, 92, 94, 94, 92,
    96 ]
