%YAML:1.0
---
videoName: "headShake37.mp4"
gestureLabel: 201
fps: 30
pixelSizeInCmTemp: 3.1933333333333330e-01
faceCenterPointX: 263
faceCenterPointY: 83
headPositionsX: [ 261, 260, 262, 260, 261, 261, 260, 264, 262, 264, 263,
    264, 260, 262, 261, 260, 263, 263, 261, 260, 263, 265, 261, 262, 263,
    261, 260, 264, 260, 260, 262, 262, 261, 262, 262, 261, 263, 263, 262,
    262, 263, 260, 261, 259, 259, 263, 262, 263, 269, 268, 272, 277, 280,
    282, 283, 277, 273, 268, 258, 257, 251, 252, 253, 258, 261, 268, 271,
    270, 275, 271, 267, 267, 260, 259, 253, 252, 253, 254, 257, 255, 258,
    262, 261, 265, 266, 264, 265, 268, 267, 267, 263, 264, 262, 265, 261,
    261, 265, 263, 265, 264 ]
headPositionsY: [ 82, 84, 85, 84, 85, 85, 83, 86, 83, 82, 85, 85, 85, 84,
    82, 84, 83, 83, 85, 81, 85, 85, 82, 81, 84, 81, 84, 81, 83, 84, 84,
    82, 82, 83, 81, 85, 81, 84, 83, 81, 84, 82, 83, 85, 81, 83, 82, 84,
    81, 80, 84, 81, 79, 79, 79, 83, 80, 84, 84, 81, 82, 82, 81, 82, 84,
    81, 82, 79, 79, 80, 84, 83, 81, 83, 82, 82, 82, 80, 82, 81, 83, 83,
    84, 83, 85, 82, 81, 82, 84, 84, 83, 84, 83, 85, 80, 84, 82, 84, 83,
    84 ]
