%YAML:1.0
---
videoName: "headShake29.mp4"
gestureLabel: 201
fps: 29
pixelSizeInCmTemp: 3.3263888888888887e-01
faceCenterPointX: 243
faceCenterPointY: 76
headPositionsX: [ 245, 243, 244, 241, 241, 244, 241, 240, 241, 244, 242,
    245, 245, 243, 244, 243, 241, 240, 244, 244, 245, 241, 240, 241, 239,
    237, 237, 235, 239, 239, 241, 244, 251, 253, 256, 255, 254, 252, 248,
    240, 237, 232, 229, 230, 227, 231, 234, 236, 243, 246, 248, 251, 254,
    250, 249, 248, 242, 237, 235, 230, 231, 231, 232, 234, 238, 240, 244,
    250, 253, 253, 250, 253, 247, 248, 244, 242, 239, 234, 236, 231, 234,
    232, 235, 237, 240, 240, 241, 241, 243, 243, 242, 241, 243, 242, 245,
    244, 243, 243, 242, 241 ]
headPositionsY: [ 77, 75, 75, 78, 74, 76, 76, 76, 76, 75, 75, 76, 77, 78,
    77, 76, 78, 74, 78, 74, 74, 79, 78, 75, 74, 74, 78, 74, 74, 75, 77,
    77, 77, 75, 74, 74, 77, 77, 74, 76, 75, 74, 77, 78, 75, 74, 75, 76,
    76, 77, 76, 78, 77, 77, 76, 77, 75, 77, 78, 78, 74, 75, 76, 75, 79,
    78, 79, 77, 76, 78, 73, 76, 77, 76, 75, 78, 76, 77, 76, 75, 77, 76,
    74, 77, 75, 75, 74, 78, 78, 78, 73, 80, 78, 75, 76, 76, 76, 75, 76,
    78 ]
