%YAML:1.0
---
videoName: "headShake16.mp4"
gestureLabel: 201
fps: 29
pixelSizeInCmTemp: 3.2364864864864862e-01
faceCenterPointX: 242
faceCenterPointY: 77
headPositionsX: [ 240, 241, 246, 242, 245, 242, 246, 243, 245, 242, 246,
    243, 241, 242, 246, 243, 242, 244, 241, 246, 241, 244, 241, 243, 241,
    242, 244, 241, 244, 241, 242, 245, 242, 240, 239, 240, 243, 243, 247,
    247, 253, 254, 256, 256, 253, 250, 250, 242, 241, 238, 237, 234, 234,
    238, 241, 242, 243, 249, 250, 247, 247, 247, 249, 243, 239, 240, 236,
    236, 233, 236, 234, 235, 238, 239, 240, 242, 244, 246, 242, 245, 241,
    240, 239, 242, 239, 236, 236, 237, 238, 240, 242, 243, 240, 244, 244,
    240, 240, 242, 240, 242 ]
headPositionsY: [ 75, 74, 76, 76, 77, 75, 74, 75, 76, 76, 75, 75, 77, 77,
    78, 78, 76, 75, 76, 74, 75, 78, 77, 78, 77, 76, 73, 75, 77, 76, 73,
    78, 77, 76, 76, 75, 74, 78, 76, 77, 75, 75, 73, 75, 76, 75, 74, 76,
    75, 78, 79, 78, 76, 77, 75, 79, 76, 76, 78, 77, 76, 75, 78, 78, 77,
    77, 76, 74, 78, 78, 77, 79, 74, 79, 75, 78, 78, 78, 78, 77, 76, 78,
    77, 76, 75, 74, 75, 77, 79, 79, 73, 77, 77, 76, 76, 74, 78, 78, 76,
    78 ]
