%YAML:1.0
---
videoName: "headShake22.mp4"
gestureLabel: 201
fps: 29
pixelSizeInCmTemp: 3.2364864864864862e-01
faceCenterPointX: 241
faceCenterPointY: 79
headPositionsX: [ 239, 243, 242, 241, 240, 242, 243, 242, 243, 243, 242,
    244, 244, 241, 241, 240, 242, 242, 244, 243, 244, 244, 241, 241, 242,
    240, 244, 242, 243, 241, 245, 240, 244, 243, 244, 242, 240, 242, 241,
    241, 242, 243, 240, 243, 244, 240, 243, 242, 242, 241, 239, 242, 240,
    241, 243, 244, 244, 244, 242, 244, 244, 241, 240, 243, 239, 239, 240,
    244, 243, 249, 249, 252, 258, 254, 254, 249, 248, 244, 242, 236, 238,
    237, 240, 244, 243, 248, 247, 245, 245, 242, 239, 240, 239, 239, 238,
    239, 241, 241, 240, 240 ]
headPositionsY: [ 81, 75, 76, 77, 79, 77, 75, 77, 78, 78, 75, 77, 75, 78,
    77, 74, 76, 76, 76, 75, 78, 75, 78, 74, 76, 77, 76, 77, 77, 74, 77,
    75, 76, 77, 76, 74, 78, 77, 74, 74, 77, 77, 75, 79, 75, 74, 79, 75,
    74, 78, 76, 77, 79, 76, 77, 75, 74, 77, 75, 76, 77, 76, 78, 74, 76,
    74, 78, 75, 78, 74, 77, 76, 74, 76, 78, 77, 76, 79, 75, 78, 76, 77,
    78, 77, 76, 77, 80, 79, 77, 79, 79, 80, 79, 76, 81, 77, 80, 77, 78,
    77 ]
