%YAML:1.0
---
videoName: "headShake13.mp4"
gestureLabel: 201
fps: 29
pixelSizeInCmTemp: 3.2364864864864862e-01
faceCenterPointX: 241
faceCenterPointY: 77
headPositionsX: [ 239, 240, 242, 243, 240, 242, 244, 241, 239, 239, 240,
    244, 241, 240, 243, 239, 241, 240, 242, 242, 243, 240, 242, 243, 243,
    243, 243, 243, 243, 242, 238, 239, 239, 239, 244, 246, 252, 258, 260,
    262, 264, 262, 259, 256, 251, 242, 239, 236, 232, 230, 231, 234, 236,
    238, 243, 248, 251, 248, 250, 248, 246, 240, 235, 236, 230, 231, 231,
    235, 236, 241, 247, 248, 253, 254, 249, 252, 249, 243, 243, 239, 237,
    234, 235, 232, 235, 237, 237, 239, 241, 245, 242, 243, 244, 243, 243,
    245, 241, 242, 242, 241 ]
headPositionsY: [ 75, 76, 74, 78, 75, 74, 79, 76, 74, 74, 77, 79, 75, 78,
    75, 74, 76, 79, 74, 78, 78, 78, 74, 75, 75, 74, 76, 77, 75, 74, 77,
    77, 77, 79, 74, 78, 73, 74, 75, 74, 73, 76, 77, 76, 76, 75, 76, 76,
    77, 79, 75, 77, 78, 76, 78, 75, 74, 77, 76, 75, 75, 79, 78, 78, 77,
    78, 74, 74, 79, 78, 78, 75, 78, 74, 75, 78, 77, 75, 76, 77, 75, 77,
    74, 75, 76, 78, 74, 77, 75, 77, 78, 74, 76, 77, 78, 78, 76, 77, 78,
    78 ]
