%YAML:1.0
---
videoName: "headShake35.mp4"
gestureLabel: 201
fps: 29
pixelSizeInCmTemp: 3.2364864864864862e-01
faceCenterPointX: 267
faceCenterPointY: 82
headPositionsX: [ 266, 265, 267, 264, 267, 267, 270, 267, 268, 269, 266,
    270, 266, 270, 269, 266, 269, 269, 270, 270, 268, 267, 270, 266, 270,
    267, 269, 267, 268, 271, 267, 266, 270, 269, 270, 269, 270, 269, 269,
    267, 267, 265, 267, 267, 269, 265, 269, 265, 265, 267, 265, 266, 267,
    269, 269, 270, 268, 269, 268, 266, 270, 266, 270, 269, 275, 274, 277,
    282, 278, 279, 275, 269, 264, 260, 258, 258, 262, 260, 266, 269, 271,
    276, 276, 272, 270, 266, 265, 260, 262, 262, 265, 262, 267, 269, 265,
    267, 267, 266, 265, 270 ]
headPositionsY: [ 84, 79, 82, 77, 78, 80, 79, 79, 80, 82, 82, 78, 78, 81,
    78, 80, 82, 81, 82, 81, 80, 81, 80, 78, 81, 79, 77, 82, 79, 80, 81,
    78, 83, 82, 80, 82, 82, 82, 80, 78, 81, 82, 80, 80, 78, 79, 83, 80,
    79, 81, 78, 82, 82, 81, 81, 81, 78, 80, 81, 80, 79, 79, 78, 82, 78,
    81, 82, 81, 81, 79, 80, 80, 78, 79, 82, 81, 84, 84, 82, 80, 81, 81,
    80, 82, 83, 81, 82, 82, 79, 80, 82, 79, 81, 79, 83, 80, 79, 84, 79,
    82 ]
