%YAML:1.0
---
videoName: "headShake18.mp4"
gestureLabel: 201
fps: 30
pixelSizeInCmTemp: 3.2808219178082193e-01
faceCenterPointX: 240
faceCenterPointY: 77
headPositionsX: [ 239, 241, 243, 241, 244, 241, 243, 242, 239, 241, 238,
    239, 243, 243, 243, 240, 242, 239, 242, 242, 242, 243, 238, 241, 242,
    241, 238, 242, 239, 238, 240, 241, 241, 240, 239, 241, 241, 245, 248,
    250, 254, 252, 249, 249, 245, 245, 236, 237, 234, 231, 230, 233, 236,
    237, 240, 244, 251, 251, 248, 245, 245, 240, 238, 235, 235, 236, 234,
    235, 240, 242, 242, 241, 243, 243, 246, 244, 240, 236, 237, 235, 236,
    236, 239, 239, 237, 238, 241, 244, 242, 244, 241, 240, 241, 240, 240,
    241, 239, 238, 241, 239 ]
headPositionsY: [ 77, 75, 78, 78, 77, 77, 73, 75, 76, 75, 74, 74, 73, 76,
    78, 78, 74, 74, 75, 75, 75, 78, 74, 74, 75, 76, 73, 78, 77, 75, 79,
    75, 79, 76, 76, 76, 76, 74, 76, 75, 77, 73, 75, 76, 78, 79, 75, 76,
    77, 74, 75, 76, 79, 76, 75, 76, 77, 75, 75, 75, 76, 77, 77, 78, 75,
    78, 77, 78, 76, 78, 77, 79, 78, 77, 77, 77, 79, 79, 76, 77, 79, 76,
    79, 77, 77, 76, 78, 78, 79, 76, 78, 75, 76, 79, 75, 76, 76, 79, 79,
    76 ]
