%YAML:1.0
---
videoName: "headShake12.mp4"
gestureLabel: 201
fps: 29
pixelSizeInCmTemp: 3.2808219178082193e-01
faceCenterPointX: 241
faceCenterPointY: 76
headPositionsX: [ 240, 238, 241, 239, 244, 243, 241, 242, 243, 243, 245,
    242, 244, 241, 243, 242, 241, 241, 241, 240, 241, 243, 241, 241, 240,
    240, 243, 239, 242, 243, 244, 244, 240, 244, 241, 243, 241, 243, 240,
    239, 242, 241, 242, 241, 240, 240, 243, 243, 240, 242, 241, 240, 242,
    240, 243, 241, 242, 241, 243, 245, 248, 253, 254, 257, 257, 259, 255,
    252, 248, 243, 238, 233, 233, 230, 239, 241, 245, 250, 254, 253, 250,
    252, 247, 245, 240, 239, 235, 238, 238, 236, 237, 239, 238, 239, 242,
    239, 241, 241, 240, 239 ]
headPositionsY: [ 75, 70, 71, 74, 72, 71, 74, 74, 75, 75, 75, 76, 74, 72,
    75, 74, 75, 74, 74, 73, 72, 74, 76, 72, 73, 74, 72, 74, 73, 75, 74,
    73, 76, 73, 76, 75, 75, 74, 76, 73, 76, 76, 74, 75, 75, 74, 74, 76,
    74, 73, 75, 76, 73, 73, 76, 74, 72, 75, 74, 73, 73, 74, 72, 74, 71,
    75, 72, 75, 78, 78, 78, 75, 74, 78, 75, 75, 76, 73, 76, 76, 73, 74,
    74, 75, 78, 77, 77, 75, 78, 74, 74, 77, 76, 74, 76, 74, 75, 75, 76,
    74 ]
