%YAML:1.0
---
videoName: "headShake22.mp4"
gestureLabel: 201
fps: 29
pixelSizeInCmTemp: 3.2364864864864862e-01
faceCenterPointX: 241
faceCenterPointY: 79
headPositionsX: [ 240, 239, 242, 240, 241, 239, 244, 241, 243, 244, 243,
    242, 245, 243, 244, 242, 244, 243, 243, 245, 240, 242, 243, 241, 241,
    243, 241, 242, 244, 240, 244, 241, 244, 243, 240, 244, 240, 245, 243,
    243, 242, 241, 241, 243, 241, 241, 241, 241, 241, 243, 242, 241, 243,
    241, 241, 243, 241, 241, 244, 244, 243, 242, 241, 243, 239, 241, 239,
    244, 243, 247, 250, 252, 254, 257, 255, 251, 245, 243, 238, 239, 238,
    239, 239, 241, 245, 248, 247, 245, 243, 245, 241, 243, 241, 241, 241,
    240, 241, 240, 239, 239 ]
headPositionsY: [ 77, 77, 75, 78, 77, 74, 75, 74, 78, 77, 76, 74, 75, 76,
    74, 77, 77, 78, 74, 79, 76, 74, 76, 76, 78, 74, 74, 79, 77, 78, 78,
    76, 75, 77, 76, 77, 78, 74, 75, 77, 79, 77, 77, 76, 75, 78, 75, 75,
    76, 78, 74, 76, 76, 78, 78, 76, 74, 79, 76, 77, 79, 78, 77, 77, 79,
    76, 78, 78, 77, 75, 75, 73, 77, 74, 77, 78, 75, 78, 75, 77, 78, 79,
    75, 78, 77, 78, 77, 79, 80, 80, 77, 78, 78, 80, 77, 80, 77, 79, 76,
    77 ]
