%YAML:1.0
---
videoName: "headShake49.mp4"
gestureLabel: 201
fps: 30
pixelSizeInCmTemp: 2.8855421686746985e-01
faceCenterPointX: 259
faceCenterPointY: 84
headPositionsX: [ 260, 259, 259, 260, 260, 263, 263, 260, 263, 261, 263,
    263, 259, 263, 258, 260, 260, 261, 262, 263, 259, 261, 260, 259, 261,
    260, 259, 258, 260, 263, 260, 260, 265, 265, 266, 274, 276, 280, 281,
    283, 281, 278, 273, 267, 257, 251, 248, 246, 248, 255, 260, 268, 270,
    275, 270, 266, 260, 256, 249, 250, 247, 253, 255, 262, 263, 268, 271,
    268, 266, 258, 254, 251, 255, 256, 256, 262, 264, 267, 272, 268, 268,
    262, 261, 257, 256, 259, 256, 258, 259, 260, 261, 259, 259, 258, 259,
    259, 258, 261, 261, 257 ]
headPositionsY: [ 84, 79, 81, 82, 83, 80, 82, 81, 81, 82, 79, 78, 83, 78,
    79, 78, 79, 82, 82, 81, 80, 80, 81, 81, 80, 78, 81, 80, 80, 82, 82,
    79, 79, 81, 80, 80, 79, 79, 81, 82, 80, 82, 81, 82, 82, 83, 81, 85,
    84, 86, 84, 84, 83, 83, 84, 85, 82, 83, 87, 82, 82, 85, 83, 86, 83,
    82, 86, 82, 85, 84, 85, 85, 84, 85, 83, 82, 85, 85, 86, 83, 83, 86,
    83, 84, 84, 83, 86, 85, 84, 85, 87, 86, 84, 84, 85, 84, 86, 84, 84,
    86 ]
