%YAML:1.0
---
videoName: "headShake12.mp4"
gestureLabel: 201
fps: 29
pixelSizeInCmTemp: 3.2808219178082193e-01
faceCenterPointX: 241
faceCenterPointY: 76
headPositionsX: [ 239, 238, 238, 240, 243, 240, 243, 242, 244, 240, 243,
    244, 240, 240, 243, 241, 242, 243, 244, 241, 242, 244, 243, 240, 241,
    242, 240, 243, 242, 239, 240, 243, 244, 242, 241, 243, 242, 239, 240,
    242, 239, 240, 242, 239, 241, 242, 240, 243, 240, 243, 243, 241, 243,
    240, 241, 243, 241, 241, 242, 244, 249, 252, 255, 258, 260, 259, 256,
    250, 250, 240, 238, 235, 230, 230, 236, 242, 244, 247, 254, 253, 251,
    250, 249, 246, 243, 238, 235, 239, 238, 238, 238, 239, 241, 238, 241,
    241, 237, 240, 238, 242 ]
headPositionsY: [ 75, 70, 73, 73, 73, 74, 72, 75, 76, 71, 73, 75, 73, 71,
    76, 74, 76, 73, 73, 75, 72, 74, 75, 73, 72, 74, 75, 72, 76, 75, 74,
    74, 77, 72, 76, 75, 74, 75, 74, 74, 75, 73, 73, 75, 74, 72, 72, 73,
    75, 74, 76, 74, 73, 75, 73, 74, 74, 73, 75, 73, 72, 74, 72, 71, 74,
    74, 75, 74, 74, 75, 77, 77, 75, 77, 74, 74, 74, 75, 73, 74, 77, 76,
    74, 77, 75, 76, 75, 75, 78, 76, 75, 73, 78, 78, 79, 76, 78, 76, 77,
    77 ]
