%YAML:1.0
---
videoName: "headShake27.mp4"
gestureLabel: 201
fps: 29
pixelSizeInCmTemp: 3.3263888888888887e-01
faceCenterPointX: 244
faceCenterPointY: 78
headPositionsX: [ 244, 248, 244, 250, 250, 251, 256, 254, 253, 254, 255,
    256, 252, 252, 252, 251, 246, 247, 243, 241, 241, 238, 239, 235, 235,
    234, 231, 230, 233, 234, 234, 232, 236, 235, 237, 240, 238, 242, 245,
    245, 247, 247, 247, 247, 250, 249, 248, 249, 246, 249, 245, 244, 242,
    241, 235, 238, 234, 233, 235, 232, 231, 233, 232, 232, 233, 234, 236,
    239, 243, 242, 241, 243, 243, 246, 246, 247, 249, 249, 249, 248, 247,
    246, 248, 248, 247, 245, 243, 245, 245, 245, 245, 246, 244, 245, 247,
    244, 244, 242, 246, 242 ]
headPositionsY: [ 80, 80, 77, 77, 76, 75, 78, 77, 77, 78, 78, 78, 77, 77,
    78, 77, 80, 80, 80, 77, 79, 77, 80, 80, 80, 81, 79, 80, 78, 76, 77,
    78, 81, 78, 77, 81, 77, 80, 80, 81, 79, 81, 78, 80, 78, 77, 78, 79,
    78, 79, 79, 78, 80, 79, 76, 82, 78, 80, 79, 78, 76, 76, 78, 77, 80,
    78, 79, 78, 82, 77, 77, 78, 78, 81, 80, 79, 80, 82, 79, 82, 76, 80,
    81, 81, 79, 79, 78, 80, 79, 82, 80, 78, 78, 79, 80, 79, 79, 79, 77,
    78 ]
