%YAML:1.0
---
videoName: "headShake28.mp4"
gestureLabel: 201
fps: 29
pixelSizeInCmTemp: 3.2808219178082193e-01
faceCenterPointX: 242
faceCenterPointY: 80
headPositionsX: [ 243, 242, 244, 242, 243, 241, 242, 242, 238, 240, 240,
    240, 239, 244, 241, 241, 244, 240, 243, 240, 241, 239, 243, 240, 242,
    243, 241, 240, 242, 241, 241, 241, 241, 243, 240, 244, 245, 244, 243,
    241, 243, 242, 245, 243, 246, 243, 244, 246, 242, 242, 238, 235, 231,
    231, 231, 234, 241, 242, 250, 254, 257, 256, 252, 251, 247, 241, 236,
    235, 234, 233, 237, 245, 246, 249, 254, 257, 253, 250, 248, 246, 242,
    240, 240, 236, 237, 237, 240, 241, 242, 241, 241, 241, 240, 242, 241,
    241, 241, 241, 240, 242 ]
headPositionsY: [ 80, 77, 76, 77, 77, 79, 79, 76, 76, 79, 80, 76, 79, 80,
    81, 78, 78, 80, 80, 78, 80, 76, 77, 81, 80, 78, 80, 78, 81, 78, 80,
    78, 78, 78, 77, 77, 78, 78, 75, 80, 80, 75, 79, 77, 75, 76, 79, 75,
    78, 75, 77, 77, 78, 76, 78, 75, 78, 78, 77, 79, 78, 74, 78, 80, 79,
    78, 80, 80, 78, 77, 76, 77, 76, 79, 75, 78, 77, 81, 76, 78, 80, 80,
    81, 82, 78, 79, 77, 78, 79, 78, 78, 80, 79, 80, 80, 80, 80, 82, 80,
    82 ]
