%YAML:1.0
---
videoName: "headShake7.mp4"
gestureLabel: 201
fps: 29
pixelSizeInCmTemp: 3.3263888888888887e-01
faceCenterPointX: 244
faceCenterPointY: 72
headPositionsX: [ 242, 241, 241, 243, 244, 244, 243, 245, 244, 245, 246,
    246, 251, 255, 256, 255, 259, 260, 256, 255, 249, 245, 241, 233, 233,
    232, 237, 238, 246, 254, 255, 260, 260, 257, 256, 251, 245, 236, 234,
    228, 225, 229, 232, 234, 241, 245, 250, 255, 256, 256, 253, 251, 243,
    241, 235, 231, 232, 229, 230, 234, 239, 242, 246, 253, 254, 254, 258,
    253, 252, 250, 248, 242, 238, 237, 235, 235, 234, 233, 234, 238, 239,
    238, 241, 246, 246, 244, 247, 245, 246, 249, 248, 245, 245, 243, 244,
    242, 241, 242, 244, 245 ]
headPositionsY: [ 70, 73, 72, 70, 69, 70, 71, 72, 73, 71, 70, 73, 70, 71,
    71, 69, 70, 69, 70, 71, 68, 73, 70, 71, 73, 72, 72, 73, 72, 69, 69,
    66, 69, 71, 72, 69, 69, 72, 73, 71, 70, 69, 69, 70, 71, 72, 68, 69,
    70, 69, 72, 69, 69, 73, 72, 72, 69, 69, 69, 70, 71, 69, 72, 69, 69,
    68, 68, 71, 70, 72, 68, 69, 73, 72, 72, 70, 72, 69, 68, 71, 72, 70,
    69, 74, 74, 69, 72, 71, 73, 73, 73, 71, 72, 74, 74, 74, 71, 72, 73,
    74 ]
