%YAML:1.0
---
videoName: "headShake31.mp4"
gestureLabel: 201
fps: 29
pixelSizeInCmTemp: 3.2808219178082193e-01
faceCenterPointX: 236
faceCenterPointY: 68
headPositionsX: [ 237, 235, 235, 235, 236, 239, 235, 237, 239, 237, 235,
    236, 239, 236, 235, 237, 239, 236, 235, 237, 237, 239, 239, 236, 237,
    238, 239, 237, 237, 239, 237, 237, 235, 239, 237, 237, 236, 236, 239,
    247, 246, 251, 253, 251, 252, 248, 246, 240, 230, 227, 222, 221, 223,
    226, 230, 235, 240, 245, 245, 248, 246, 243, 239, 238, 233, 232, 230,
    227, 230, 231, 230, 237, 240, 241, 241, 244, 245, 241, 239, 238, 238,
    236, 233, 233, 232, 233, 234, 234, 234, 235, 232, 236, 237, 233, 235,
    238, 233, 234, 238, 234 ]
headPositionsY: [ 70, 64, 68, 65, 65, 69, 65, 66, 65, 66, 66, 66, 67, 65,
    68, 67, 67, 68, 66, 64, 68, 67, 68, 69, 65, 66, 66, 68, 65, 68, 69,
    69, 66, 70, 70, 67, 68, 69, 68, 68, 64, 68, 65, 64, 66, 68, 67, 66,
    69, 69, 69, 67, 67, 72, 72, 70, 70, 71, 69, 68, 67, 69, 68, 71, 70,
    70, 67, 68, 67, 68, 69, 68, 71, 66, 69, 70, 69, 67, 71, 68, 71, 66,
    67, 69, 66, 69, 68, 72, 68, 68, 67, 67, 67, 68, 68, 67, 70, 70, 72,
    68 ]
