%YAML:1.0
---
videoName: "headShake15.mp4"
gestureLabel: 201
fps: 29
pixelSizeInCmTemp: 3.3263888888888887e-01
faceCenterPointX: 243
faceCenterPointY: 76
headPositionsX: [ 242, 245, 243, 241, 243, 246, 245, 246, 244, 245, 245,
    242, 243, 245, 241, 243, 245, 244, 243, 241, 244, 242, 241, 245, 240,
    245, 243, 241, 241, 240, 244, 245, 244, 241, 243, 241, 243, 243, 240,
    243, 242, 242, 245, 244, 242, 240, 244, 240, 245, 245, 244, 242, 242,
    241, 240, 242, 242, 245, 242, 241, 240, 243, 243, 246, 248, 253, 253,
    259, 258, 257, 256, 251, 251, 245, 243, 240, 239, 238, 236, 238, 242,
    243, 246, 248, 245, 245, 245, 246, 246, 242, 244, 240, 240, 244, 244,
    242, 245, 243, 244, 243 ]
headPositionsY: [ 77, 77, 76, 74, 74, 77, 77, 75, 75, 77, 74, 76, 73, 76,
    72, 77, 72, 73, 77, 76, 75, 72, 77, 73, 72, 74, 72, 77, 77, 75, 73,
    74, 76, 73, 77, 77, 74, 74, 74, 73, 77, 73, 74, 76, 77, 75, 75, 74,
    75, 76, 78, 78, 78, 75, 78, 76, 76, 75, 77, 77, 77, 73, 79, 78, 76,
    75, 71, 74, 72, 75, 77, 74, 78, 75, 78, 74, 79, 74, 76, 77, 76, 76,
    78, 78, 77, 78, 77, 74, 79, 78, 77, 75, 78, 79, 79, 76, 77, 78, 76,
    78 ]
