%YAML:1.0
---
videoName: "headShake5.mp4"
gestureLabel: 201
fps: 30
pixelSizeInCmTemp: 3.3263888888888887e-01
faceCenterPointX: 275
faceCenterPointY: 73
headPositionsX: [ 274, 276, 279, 275, 279, 277, 279, 279, 278, 276, 280,
    278, 279, 278, 276, 276, 279, 277, 277, 279, 276, 279, 278, 276, 278,
    278, 278, 276, 280, 279, 279, 278, 279, 282, 282, 284, 289, 295, 294,
    294, 297, 295, 288, 287, 278, 270, 267, 262, 263, 263, 266, 275, 283,
    285, 291, 290, 287, 284, 282, 272, 266, 263, 263, 264, 268, 268, 275,
    281, 284, 285, 283, 284, 282, 278, 273, 272, 268, 267, 267, 265, 267,
    271, 276, 277, 280, 283, 282, 284, 280, 282, 278, 281, 277, 275, 277,
    274, 277, 274, 273, 275 ]
headPositionsY: [ 75, 72, 71, 72, 74, 71, 73, 73, 73, 71, 75, 75, 76, 75,
    75, 73, 76, 75, 74, 71, 73, 74, 76, 73, 73, 73, 74, 73, 75, 72, 73,
    73, 71, 73, 72, 71, 70, 70, 75, 72, 70, 70, 74, 75, 75, 76, 75, 72,
    74, 72, 74, 75, 75, 73, 75, 73, 74, 73, 73, 74, 78, 76, 73, 73, 72,
    72, 75, 72, 74, 72, 72, 76, 72, 74, 75, 75, 74, 74, 74, 74, 76, 73,
    72, 74, 73, 72, 71, 74, 71, 70, 70, 75, 72, 71, 71, 75, 75, 71, 75,
    72 ]
