%YAML:1.0
---
videoName: "headShake23.mp4"
gestureLabel: 201
fps: 29
pixelSizeInCmTemp: 3.2808219178082193e-01
faceCenterPointX: 240
faceCenterPointY: 77
headPositionsX: [ 240, 242, 240, 241, 242, 244, 241, 243, 240, 243, 244,
    240, 239, 240, 239, 243, 243, 239, 239, 240, 239, 242, 246, 247, 250,
    250, 250, 252, 253, 253, 254, 254, 254, 251, 248, 245, 242, 239, 234,
    231, 234, 229, 229, 228, 231, 229, 233, 235, 237, 238, 242, 247, 245,
    250, 249, 253, 250, 253, 250, 252, 251, 251, 249, 245, 240, 242, 241,
    235, 234, 234, 234, 234, 232, 233, 237, 232, 233, 237, 235, 236, 240,
    238, 239, 240, 245, 243, 245, 242, 247, 246, 246, 244, 246, 246, 245,
    243, 244, 244, 239, 240 ]
headPositionsY: [ 76, 75, 78, 77, 78, 79, 78, 75, 77, 77, 79, 76, 74, 77,
    78, 77, 77, 77, 75, 78, 77, 77, 76, 76, 75, 78, 76, 76, 75, 75, 77,
    74, 74, 77, 78, 79, 79, 78, 77, 74, 76, 75, 74, 75, 77, 76, 78, 79,
    80, 77, 77, 76, 76, 76, 76, 78, 76, 74, 76, 74, 76, 80, 78, 80, 78,
    79, 80, 80, 78, 76, 76, 80, 78, 80, 76, 76, 79, 79, 76, 77, 77, 76,
    75, 78, 77, 79, 78, 79, 75, 75, 79, 80, 77, 79, 76, 79, 79, 77, 77,
    78 ]
