%YAML:1.0
---
videoName: "headShake37.mp4"
gestureLabel: 201
fps: 30
pixelSizeInCmTemp: 3.1933333333333330e-01
faceCenterPointX: 263
faceCenterPointY: 83
headPositionsX: [ 261, 261, 260, 263, 263, 260, 261, 264, 264, 263, 265,
    261, 263, 260, 264, 263, 264, 264, 260, 261, 261, 261, 263, 261, 260,
    260, 263, 260, 262, 263, 261, 264, 260, 264, 260, 264, 264, 261, 261,
    262, 260, 261, 260, 263, 262, 263, 261, 263, 267, 271, 276, 276, 278,
    282, 279, 278, 270, 267, 260, 254, 253, 254, 254, 260, 261, 268, 269,
    270, 273, 273, 270, 265, 259, 258, 253, 252, 255, 254, 256, 255, 257,
    262, 263, 264, 267, 267, 264, 264, 265, 264, 264, 265, 266, 265, 264,
    264, 265, 263, 266, 263 ]
headPositionsY: [ 82, 82, 84, 84, 82, 85, 81, 83, 81, 84, 84, 83, 81, 81,
    83, 83, 85, 80, 81, 82, 84, 84, 81, 82, 83, 83, 83, 85, 85, 81, 83,
    83, 82, 83, 81, 83, 81, 82, 84, 85, 81, 85, 83, 85, 81, 85, 81, 82,
    84, 82, 83, 78, 78, 78, 80, 84, 82, 85, 83, 83, 81, 82, 82, 83, 83,
    83, 82, 80, 81, 82, 84, 85, 83, 84, 84, 84, 85, 83, 84, 85, 85, 81,
    82, 82, 84, 81, 84, 80, 82, 82, 82, 82, 82, 82, 80, 81, 85, 82, 82,
    83 ]
