%YAML:1.0
---
videoName: "headShake2.mp4"
gestureLabel: 201
fps: 29
pixelSizeInCmTemp: 3.4214285714285714e-01
faceCenterPointX: 276
faceCenterPointY: 98
headPositionsX: [ 278, 277, 275, 278, 280, 276, 276, 277, 276, 277, 278,
    277, 275, 275, 279, 275, 278, 277, 279, 278, 279, 278, 276, 275, 278,
    277, 279, 275, 277, 276, 279, 277, 277, 276, 277, 278, 278, 278, 279,
    279, 278, 277, 280, 283, 286, 290, 292, 293, 294, 292, 289, 286, 281,
    276, 274, 266, 265, 266, 266, 268, 271, 276, 285, 290, 292, 288, 291,
    286, 284, 278, 275, 270, 267, 268, 266, 271, 277, 278, 284, 284, 288,
    288, 284, 285, 283, 279, 277, 279, 275, 276, 274, 274, 276, 274, 275,
    274, 276, 277, 274, 274 ]
headPositionsY: [ 98, 97, 98, 98, 98, 99, 98, 96, 99, 100, 97, 98, 101,
    100, 98, 99, 99, 99, 100, 97, 101, 97, 97, 99, 97, 97, 99, 99, 101,
    99, 99, 98, 96, 100, 97, 100, 98, 101, 97, 97, 99, 97, 98, 96, 99,
    95, 99, 95, 95, 96, 97, 98, 96, 100, 100, 98, 97, 96, 95, 99, 99, 97,
    97, 95, 96, 95, 99, 95, 99, 96, 98, 99, 97, 100, 97, 98, 100, 98, 99,
    100, 96, 95, 96, 99, 102, 98, 100, 99, 101, 100, 98, 100, 99, 101,
    96, 99, 100, 99, 99, 98 ]
