%YAML:1.0
---
videoName: "headLookDown9.mp4"
gestureLabel: 206
fps: 29
pixelSizeInCmTemp: 3.5220588235294115e-01
faceCenterPointX: 274
faceCenterPointY: 97
headPositionsX: [ 275, 271, 271, 272, 273, 274, 272, 272, 273, 271, 272,
    271, 269, 274, 273, 271, 274, 271, 270, 273, 274, 274, 275, 275, 270,
    275, 274, 270, 271, 274, 270, 274, 272, 274, 271, 272, 274, 271, 271,
    275, 270, 272, 273, 275, 272, 271, 272, 274, 271, 272, 270, 272, 272,
    271, 274, 272, 275, 269, 274, 273, 270, 274, 269, 273, 272, 273, 272,
    272, 273, 273, 271, 270, 271, 272, 270, 271, 274, 272, 270, 273, 271,
    270, 271, 274, 271, 274, 274, 272, 274, 273, 275, 275, 274, 272, 274,
    271, 271, 272, 272, 273 ]
headPositionsY: [ 95, 81, 79, 79, 80, 83, 77, 78, 79, 82, 83, 82, 79, 78,
    80, 81, 82, 79, 82, 78, 82, 80, 78, 80, 80, 81, 82, 82, 79, 83, 80,
    80, 82, 84, 85, 84, 84, 84, 89, 89, 88, 88, 90, 93, 94, 94, 97, 95,
    97, 97, 99, 97, 98, 99, 98, 98, 99, 100, 99, 99, 100, 99, 99, 100,
    98, 97, 95, 96, 96, 98, 96, 99, 99, 97, 98, 96, 96, 98, 95, 96, 97,
    98, 99, 95, 99, 96, 99, 98, 95, 97, 98, 97, 98, 95, 97, 97, 97, 97,
    94, 96 ]
