%YAML:1.0
---
videoName: "headLookDown3.mp4"
gestureLabel: 206
fps: 29
pixelSizeInCmTemp: 3.5746268656716418e-01
faceCenterPointX: 273
faceCenterPointY: 98
headPositionsX: [ 275, 270, 273, 275, 274, 272, 270, 271, 274, 271, 274,
    274, 273, 271, 272, 274, 270, 273, 274, 274, 272, 272, 271, 272, 271,
    270, 272, 272, 273, 274, 274, 275, 273, 271, 273, 272, 272, 271, 273,
    272, 270, 270, 272, 273, 271, 272, 271, 272, 274, 274, 273, 271, 274,
    274, 273, 271, 271, 274, 271, 272, 269, 274, 272, 270, 273, 273, 270,
    270, 268, 273, 273, 272, 270, 269, 273, 270, 270, 271, 269, 273, 269,
    273, 272, 274, 270, 271, 274, 272, 271, 270, 274, 274, 275, 271, 274,
    273, 274, 274, 273, 273 ]
headPositionsY: [ 98, 77, 76, 77, 77, 78, 76, 79, 77, 78, 79, 78, 79, 78,
    80, 80, 76, 81, 81, 77, 77, 80, 78, 78, 79, 79, 77, 78, 78, 80, 78,
    80, 81, 78, 78, 77, 79, 78, 79, 82, 80, 82, 83, 83, 86, 87, 87, 88,
    91, 90, 90, 91, 92, 90, 91, 92, 97, 94, 97, 98, 97, 99, 96, 97, 100,
    101, 102, 101, 100, 101, 99, 103, 103, 99, 102, 100, 101, 103, 102,
    100, 101, 99, 99, 101, 103, 101, 99, 99, 102, 102, 101, 101, 104, 98,
    104, 98, 101, 99, 101, 101 ]
