%YAML:1.0
---
videoName: "headLookDown7.mp4"
gestureLabel: 206
fps: 30
pixelSizeInCmTemp: 3.3732394366197183e-01
faceCenterPointX: 274
faceCenterPointY: 95
headPositionsX: [ 276, 275, 272, 275, 271, 274, 275, 274, 272, 273, 275,
    272, 272, 272, 275, 272, 271, 271, 272, 271, 271, 275, 272, 275, 276,
    274, 274, 275, 276, 274, 272, 275, 275, 275, 272, 271, 275, 273, 272,
    275, 273, 273, 274, 274, 273, 273, 273, 272, 271, 272, 275, 276, 272,
    275, 276, 274, 277, 274, 273, 274, 273, 276, 273, 273, 275, 274, 275,
    274, 273, 273, 273, 275, 276, 273, 272, 273, 272, 275, 276, 276, 276,
    277, 277, 277, 273, 273, 276, 277, 276, 278, 276, 276, 274, 272, 277,
    274, 275, 275, 273, 276 ]
headPositionsY: [ 95, 84, 83, 84, 83, 84, 80, 81, 84, 81, 81, 81, 81, 82,
    81, 82, 81, 84, 83, 84, 80, 81, 84, 81, 83, 81, 82, 82, 84, 84, 82,
    82, 80, 82, 80, 80, 82, 82, 83, 85, 84, 84, 85, 82, 85, 86, 84, 84,
    84, 84, 85, 84, 86, 90, 88, 91, 90, 92, 91, 92, 93, 93, 93, 95, 93,
    94, 95, 94, 95, 93, 96, 96, 94, 95, 96, 97, 95, 95, 97, 98, 94, 97,
    98, 97, 96, 94, 94, 96, 94, 99, 95, 98, 96, 97, 94, 95, 97, 95, 95,
    95 ]
