%YAML:1.0
---
videoName: "headLookDown6.mp4"
gestureLabel: 206
fps: 29
pixelSizeInCmTemp: 3.4710144927536229e-01
faceCenterPointX: 276
faceCenterPointY: 98
headPositionsX: [ 274, 277, 275, 274, 277, 274, 275, 275, 277, 277, 273,
    276, 273, 276, 274, 273, 273, 272, 276, 274, 277, 273, 276, 277, 275,
    273, 273, 275, 277, 273, 273, 275, 275, 273, 274, 277, 273, 275, 273,
    276, 276, 277, 275, 276, 274, 273, 276, 278, 277, 275, 276, 276, 276,
    278, 278, 277, 277, 275, 275, 276, 276, 275, 273, 273, 273, 277, 272,
    274, 277, 275, 272, 276, 273, 275, 273, 276, 274, 274, 274, 273, 275,
    276, 274, 274, 277, 274, 276, 277, 278, 276, 278, 278, 274, 277, 277,
    278, 276, 273, 279, 277 ]
headPositionsY: [ 97, 82, 81, 83, 82, 81, 82, 79, 81, 82, 81, 83, 79, 81,
    81, 79, 80, 81, 82, 81, 84, 83, 82, 83, 81, 80, 80, 81, 83, 83, 80,
    84, 80, 82, 81, 82, 85, 82, 84, 82, 85, 84, 85, 87, 84, 86, 91, 89,
    93, 93, 92, 93, 96, 93, 97, 97, 99, 94, 98, 97, 95, 96, 100, 99, 99,
    100, 96, 96, 99, 100, 96, 96, 100, 98, 100, 98, 100, 101, 97, 101,
    102, 97, 100, 101, 97, 99, 99, 101, 101, 100, 99, 98, 97, 97, 95, 99,
    96, 99, 96, 96 ]
