%YAML:1.0
---
videoName: "headLookDown7.mp4"
gestureLabel: 206
fps: 30
pixelSizeInCmTemp: 3.3732394366197183e-01
faceCenterPointX: 274
faceCenterPointY: 95
headPositionsX: [ 276, 272, 273, 274, 272, 271, 273, 274, 273, 276, 273,
    276, 274, 272, 273, 276, 275, 274, 275, 272, 275, 271, 273, 274, 275,
    276, 275, 275, 274, 275, 274, 273, 272, 272, 274, 274, 272, 274, 274,
    272, 273, 274, 272, 275, 273, 273, 273, 273, 272, 272, 276, 273, 276,
    272, 275, 274, 275, 277, 273, 275, 274, 274, 276, 273, 274, 274, 275,
    276, 275, 276, 276, 274, 272, 272, 274, 272, 274, 272, 275, 275, 277,
    273, 273, 273, 275, 276, 276, 274, 275, 275, 273, 274, 276, 273, 274,
    275, 276, 276, 274, 273 ]
headPositionsY: [ 94, 83, 83, 83, 84, 82, 80, 82, 83, 83, 84, 84, 85, 81,
    84, 82, 85, 84, 83, 85, 81, 85, 80, 80, 85, 82, 84, 84, 84, 82, 81,
    84, 80, 82, 81, 83, 81, 84, 82, 81, 85, 82, 84, 81, 85, 84, 84, 84,
    82, 83, 83, 87, 85, 88, 90, 89, 91, 93, 91, 91, 95, 96, 92, 96, 94,
    93, 94, 96, 96, 95, 95, 94, 93, 97, 93, 95, 95, 96, 93, 97, 97, 97,
    95, 97, 93, 97, 94, 95, 94, 99, 96, 95, 97, 97, 95, 98, 96, 95, 97,
    95 ]
