%YAML:1.0
---
videoName: "headLookDown7.mp4"
gestureLabel: 206
fps: 30
pixelSizeInCmTemp: 3.3732394366197183e-01
faceCenterPointX: 274
faceCenterPointY: 95
headPositionsX: [ 272, 273, 271, 273, 273, 274, 271, 275, 275, 274, 273,
    273, 276, 272, 276, 273, 275, 275, 273, 272, 272, 272, 274, 274, 275,
    274, 274, 276, 273, 275, 274, 272, 273, 275, 272, 274, 273, 271, 274,
    273, 276, 271, 274, 272, 274, 272, 275, 272, 274, 272, 273, 273, 276,
    276, 275, 273, 273, 273, 274, 273, 273, 274, 273, 275, 275, 275, 274,
    275, 273, 273, 275, 276, 273, 275, 272, 274, 273, 272, 274, 275, 273,
    276, 275, 273, 276, 274, 277, 277, 277, 276, 273, 277, 277, 272, 275,
    277, 276, 275, 273, 274 ]
headPositionsY: [ 97, 83, 81, 80, 84, 82, 80, 81, 81, 81, 84, 85, 83, 83,
    82, 84, 82, 83, 82, 81, 83, 84, 80, 81, 85, 84, 83, 83, 81, 81, 85,
    83, 83, 85, 80, 84, 82, 85, 84, 82, 84, 85, 85, 83, 81, 82, 85, 84,
    82, 85, 84, 86, 86, 87, 90, 89, 90, 91, 94, 91, 96, 94, 95, 96, 95,
    96, 96, 94, 93, 96, 94, 93, 96, 96, 97, 97, 95, 96, 95, 96, 96, 95,
    94, 97, 94, 96, 98, 96, 95, 96, 98, 94, 96, 98, 96, 98, 96, 96, 96,
    95 ]
