%YAML:1.0
---
videoName: "headLookDown5.mp4"
gestureLabel: 206
fps: 29
pixelSizeInCmTemp: 3.4710144927536229e-01
faceCenterPointX: 272
faceCenterPointY: 102
headPositionsX: [ 273, 271, 272, 274, 269, 271, 274, 270, 273, 274, 272,
    270, 274, 270, 270, 274, 274, 271, 273, 271, 271, 274, 273, 269, 273,
    269, 270, 274, 272, 272, 270, 271, 271, 271, 271, 272, 271, 273, 273,
    273, 270, 273, 271, 273, 271, 269, 274, 271, 272, 273, 273, 269, 271,
    275, 275, 273, 273, 272, 271, 271, 273, 273, 273, 272, 272, 269, 272,
    271, 271, 271, 270, 270, 270, 271, 272, 271, 273, 270, 272, 272, 271,
    274, 271, 273, 274, 272, 273, 272, 272, 273, 270, 274, 275, 274, 269,
    272, 272, 273, 273, 271 ]
headPositionsY: [ 104, 82, 85, 86, 82, 81, 86, 82, 86, 85, 83, 82, 84,
    84, 85, 86, 84, 84, 84, 82, 82, 82, 83, 83, 82, 81, 81, 83, 81, 82,
    81, 82, 83, 85, 82, 83, 82, 86, 82, 85, 82, 86, 84, 82, 84, 86, 88,
    86, 87, 89, 91, 89, 91, 95, 92, 95, 94, 94, 100, 100, 101, 100, 98,
    101, 102, 98, 101, 102, 101, 103, 100, 101, 105, 104, 104, 101, 103,
    99, 102, 102, 105, 105, 102, 103, 102, 105, 101, 102, 101, 101, 103,
    100, 102, 105, 103, 103, 103, 101, 104, 101 ]
