%YAML:1.0
---
videoName: "headLookDown6.mp4"
gestureLabel: 206
fps: 29
pixelSizeInCmTemp: 3.4710144927536229e-01
faceCenterPointX: 276
faceCenterPointY: 98
headPositionsX: [ 278, 277, 273, 272, 274, 273, 275, 273, 277, 275, 276,
    273, 273, 273, 276, 273, 276, 275, 273, 276, 276, 273, 274, 277, 276,
    277, 273, 273, 275, 274, 277, 274, 273, 274, 277, 276, 275, 274, 273,
    276, 276, 274, 275, 275, 275, 277, 278, 275, 274, 277, 277, 277, 276,
    279, 275, 275, 277, 276, 277, 274, 275, 276, 277, 275, 277, 276, 274,
    273, 276, 274, 276, 273, 275, 276, 275, 274, 277, 276, 275, 276, 275,
    277, 275, 275, 273, 275, 277, 277, 278, 274, 278, 276, 274, 278, 277,
    275, 279, 273, 275, 277 ]
headPositionsY: [ 100, 81, 79, 79, 79, 80, 80, 80, 81, 82, 83, 82, 79,
    83, 79, 80, 83, 80, 83, 80, 84, 83, 81, 83, 83, 82, 81, 82, 84, 82,
    84, 85, 81, 82, 83, 83, 84, 81, 82, 83, 82, 85, 87, 87, 87, 87, 89,
    91, 94, 92, 91, 94, 94, 94, 96, 98, 96, 94, 98, 96, 97, 96, 100, 98,
    99, 97, 98, 97, 97, 100, 96, 98, 99, 101, 101, 97, 97, 99, 100, 98,
    100, 97, 99, 101, 97, 97, 97, 97, 100, 101, 97, 96, 100, 97, 99, 99,
    99, 95, 98, 99 ]
