%YAML:1.0
---
videoName: "headLookDown0.mp4"
gestureLabel: 206
fps: 29
pixelSizeInCmTemp: 3.3263888888888887e-01
faceCenterPointX: 273
faceCenterPointY: 93
headPositionsX: [ 274, 274, 274, 272, 274, 272, 273, 274, 272, 273, 274,
    273, 274, 270, 270, 270, 273, 270, 272, 270, 273, 270, 270, 271, 273,
    272, 269, 274, 271, 270, 274, 270, 271, 272, 271, 270, 274, 269, 272,
    271, 270, 270, 274, 274, 270, 271, 273, 270, 275, 274, 272, 271, 271,
    272, 274, 273, 272, 272, 269, 270, 270, 273, 271, 274, 271, 272, 271,
    270, 270, 274, 271, 270, 270, 269, 274, 274, 273, 273, 272, 273, 275,
    271, 274, 270, 272, 274, 274, 273, 272, 272, 275, 272, 270, 272, 274,
    273, 274, 270, 271, 271 ]
headPositionsY: [ 94, 78, 78, 79, 80, 80, 77, 82, 78, 78, 79, 81, 80, 80,
    81, 80, 79, 82, 79, 79, 79, 79, 81, 80, 80, 80, 78, 79, 81, 78, 78,
    80, 78, 80, 79, 79, 81, 82, 81, 86, 86, 88, 87, 92, 90, 93, 97, 97,
    99, 96, 99, 95, 96, 97, 95, 97, 95, 98, 96, 98, 97, 96, 94, 98, 93,
    94, 94, 93, 94, 96, 93, 95, 96, 97, 96, 95, 94, 96, 94, 94, 96, 93,
    93, 96, 93, 93, 97, 95, 96, 93, 92, 94, 92, 94, 92, 95, 92, 93, 94,
    92 ]
