%YAML:1.0
---
videoName: "headLookDown3.mp4"
gestureLabel: 206
fps: 29
pixelSizeInCmTemp: 3.5746268656716418e-01
faceCenterPointX: 273
faceCenterPointY: 98
headPositionsX: [ 272, 270, 271, 274, 273, 270, 271, 273, 271, 273, 274,
    272, 274, 273, 271, 271, 274, 275, 272, 274, 270, 275, 273, 273, 274,
    274, 272, 271, 274, 275, 274, 271, 271, 270, 273, 271, 271, 273, 274,
    274, 272, 274, 272, 273, 270, 274, 271, 272, 275, 274, 272, 275, 274,
    273, 273, 271, 275, 273, 270, 270, 269, 272, 269, 268, 273, 272, 271,
    269, 271, 271, 271, 271, 271, 270, 273, 270, 272, 270, 273, 271, 271,
    273, 270, 274, 273, 273, 274, 270, 273, 271, 274, 275, 275, 273, 275,
    274, 272, 271, 274, 273 ]
headPositionsY: [ 99, 80, 78, 77, 77, 77, 76, 79, 77, 78, 80, 76, 77, 79,
    80, 79, 77, 81, 77, 79, 80, 80, 76, 79, 77, 77, 80, 79, 79, 81, 78,
    78, 79, 79, 80, 77, 80, 78, 82, 82, 81, 83, 83, 85, 84, 85, 84, 90,
    90, 90, 93, 93, 91, 94, 94, 92, 94, 98, 99, 99, 101, 97, 97, 98, 101,
    103, 101, 99, 101, 102, 103, 100, 103, 102, 102, 101, 99, 101, 99,
    99, 102, 103, 102, 103, 99, 103, 102, 100, 102, 102, 99, 103, 104,
    99, 100, 99, 101, 101, 102, 102 ]
