%YAML:1.0
---
videoName: "headLookDown8.mp4"
gestureLabel: 206
fps: 29
pixelSizeInCmTemp: 3.3732394366197183e-01
faceCenterPointX: 276
faceCenterPointY: 96
headPositionsX: [ 276, 276, 276, 272, 276, 276, 275, 273, 273, 274, 276,
    276, 273, 273, 274, 274, 274, 274, 276, 278, 272, 274, 275, 275, 274,
    277, 273, 274, 275, 274, 273, 276, 273, 274, 276, 275, 274, 271, 275,
    277, 275, 275, 277, 276, 274, 277, 276, 276, 274, 275, 279, 278, 274,
    275, 278, 277, 276, 275, 277, 275, 275, 274, 277, 275, 276, 274, 274,
    277, 275, 278, 278, 274, 274, 276, 273, 275, 275, 277, 277, 277, 277,
    275, 274, 274, 276, 277, 278, 275, 276, 279, 276, 275, 276, 278, 277,
    279, 274, 276, 276, 275 ]
headPositionsY: [ 97, 79, 78, 79, 80, 82, 81, 81, 82, 80, 78, 80, 79, 79,
    78, 80, 80, 80, 79, 81, 79, 79, 78, 81, 82, 79, 81, 81, 78, 82, 81,
    82, 80, 82, 85, 82, 86, 82, 85, 85, 87, 89, 92, 90, 89, 90, 92, 93,
    93, 97, 97, 96, 99, 99, 99, 99, 98, 98, 100, 99, 98, 97, 99, 97, 97,
    99, 99, 99, 95, 99, 99, 97, 98, 100, 94, 95, 95, 95, 99, 96, 95, 99,
    97, 98, 96, 97, 96, 97, 95, 96, 97, 94, 98, 95, 96, 98, 97, 99, 98,
    98 ]
