%YAML:1.0
---
videoName: "headLookDown0.mp4"
gestureLabel: 206
fps: 29
pixelSizeInCmTemp: 3.3263888888888887e-01
faceCenterPointX: 273
faceCenterPointY: 93
headPositionsX: [ 273, 273, 274, 273, 271, 272, 270, 270, 274, 273, 274,
    273, 272, 271, 270, 271, 272, 273, 270, 273, 270, 272, 273, 274, 273,
    273, 270, 274, 272, 273, 272, 270, 273, 269, 271, 274, 272, 273, 270,
    273, 270, 274, 272, 272, 270, 271, 272, 270, 274, 273, 270, 273, 273,
    272, 274, 271, 274, 272, 269, 270, 272, 270, 272, 270, 272, 270, 271,
    271, 274, 274, 273, 270, 270, 272, 272, 270, 271, 274, 273, 273, 275,
    275, 275, 274, 270, 273, 271, 272, 275, 272, 271, 271, 272, 273, 271,
    273, 274, 274, 274, 272 ]
headPositionsY: [ 93, 79, 81, 79, 81, 77, 78, 79, 78, 80, 79, 79, 81, 77,
    81, 78, 77, 81, 78, 78, 82, 82, 80, 80, 78, 80, 82, 79, 78, 79, 78,
    78, 81, 82, 79, 82, 81, 80, 83, 84, 86, 86, 88, 90, 93, 94, 93, 94,
    98, 96, 97, 98, 98, 98, 98, 97, 97, 96, 98, 94, 96, 95, 94, 98, 97,
    98, 95, 93, 96, 94, 97, 95, 93, 96, 93, 94, 95, 97, 92, 94, 95, 93,
    95, 96, 93, 96, 97, 97, 94, 93, 95, 95, 96, 95, 91, 94, 93, 91, 92,
    92 ]
