%YAML:1.0
---
videoName: "headLookDown7.mp4"
gestureLabel: 206
fps: 30
pixelSizeInCmTemp: 3.3732394366197183e-01
faceCenterPointX: 274
faceCenterPointY: 95
headPositionsX: [ 276, 274, 274, 274, 271, 272, 274, 273, 274, 276, 271,
    275, 276, 272, 275, 275, 274, 273, 274, 275, 271, 275, 273, 273, 275,
    272, 272, 273, 276, 275, 275, 273, 275, 275, 271, 272, 273, 274, 272,
    272, 274, 274, 274, 274, 272, 273, 272, 276, 273, 275, 276, 273, 275,
    275, 273, 272, 274, 274, 274, 277, 274, 272, 273, 276, 273, 274, 275,
    272, 275, 273, 275, 273, 272, 274, 273, 273, 273, 274, 276, 274, 275,
    273, 276, 273, 274, 276, 277, 273, 277, 274, 275, 275, 276, 272, 276,
    274, 276, 273, 276, 274 ]
headPositionsY: [ 97, 81, 83, 82, 84, 82, 80, 81, 82, 85, 81, 84, 82, 80,
    84, 81, 83, 82, 83, 81, 80, 84, 84, 81, 82, 82, 81, 84, 83, 81, 82,
    80, 81, 84, 84, 84, 83, 82, 82, 85, 81, 85, 83, 81, 82, 84, 84, 85,
    82, 85, 85, 85, 85, 86, 88, 91, 89, 92, 93, 92, 93, 96, 92, 93, 96,
    96, 97, 95, 96, 96, 95, 97, 96, 94, 97, 97, 95, 93, 97, 94, 94, 96,
    98, 97, 93, 96, 94, 96, 94, 97, 97, 98, 98, 97, 98, 99, 94, 94, 97,
    95 ]
