%YAML:1.0
---
videoName: "headLookDown3.mp4"
gestureLabel: 206
fps: 29
pixelSizeInCmTemp: 3.5746268656716418e-01
faceCenterPointX: 273
faceCenterPointY: 98
headPositionsX: [ 275, 273, 275, 271, 273, 274, 272, 271, 270, 271, 275,
    272, 273, 273, 273, 273, 273, 271, 274, 271, 271, 272, 274, 271, 272,
    271, 272, 275, 274, 271, 274, 271, 272, 274, 273, 270, 275, 272, 270,
    270, 273, 270, 269, 271, 273, 272, 270, 274, 271, 273, 271, 275, 271,
    271, 274, 274, 275, 273, 270, 270, 271, 271, 269, 269, 274, 272, 273,
    270, 268, 271, 269, 273, 270, 269, 269, 270, 269, 272, 270, 272, 271,
    272, 270, 271, 273, 272, 271, 269, 270, 274, 272, 271, 272, 272, 276,
    272, 274, 273, 273, 273 ]
headPositionsY: [ 96, 80, 78, 76, 78, 77, 78, 76, 79, 76, 78, 80, 80, 76,
    79, 80, 76, 80, 81, 77, 77, 77, 76, 79, 81, 78, 81, 77, 79, 81, 79,
    78, 79, 80, 81, 79, 82, 82, 82, 81, 80, 85, 82, 82, 88, 89, 87, 90,
    90, 92, 91, 92, 90, 94, 94, 95, 98, 95, 98, 96, 98, 101, 97, 99, 102,
    102, 101, 102, 98, 101, 102, 102, 102, 103, 101, 100, 102, 104, 103,
    101, 102, 102, 102, 99, 100, 103, 99, 98, 101, 99, 99, 99, 101, 100,
    102, 99, 102, 101, 101, 102 ]
