%YAML:1.0
---
videoName: "headLookDown8.mp4"
gestureLabel: 206
fps: 29
pixelSizeInCmTemp: 3.3732394366197183e-01
faceCenterPointX: 276
faceCenterPointY: 96
headPositionsX: [ 276, 276, 275, 274, 274, 277, 274, 275, 274, 278, 272,
    274, 273, 276, 276, 277, 277, 276, 275, 278, 275, 276, 278, 273, 275,
    274, 274, 274, 273, 274, 273, 277, 276, 274, 274, 273, 272, 272, 275,
    273, 273, 276, 275, 275, 273, 273, 275, 274, 273, 275, 275, 278, 277,
    274, 278, 277, 276, 275, 277, 274, 278, 277, 275, 275, 278, 274, 277,
    276, 276, 277, 275, 276, 275, 278, 277, 276, 273, 278, 275, 274, 278,
    279, 274, 275, 278, 276, 274, 278, 274, 275, 274, 275, 279, 276, 276,
    278, 274, 279, 275, 276 ]
headPositionsY: [ 97, 78, 81, 77, 78, 82, 78, 81, 79, 81, 79, 78, 79, 80,
    79, 78, 78, 81, 81, 81, 79, 77, 78, 79, 79, 79, 81, 79, 81, 81, 78,
    80, 82, 81, 81, 83, 82, 84, 86, 87, 88, 90, 89, 92, 89, 94, 95, 92,
    93, 97, 94, 99, 99, 97, 98, 96, 95, 98, 99, 96, 98, 100, 96, 100, 96,
    96, 96, 99, 97, 96, 96, 96, 98, 99, 98, 98, 97, 94, 95, 97, 94, 96,
    97, 94, 94, 95, 98, 98, 98, 95, 95, 97, 95, 95, 94, 96, 95, 96, 96,
    95 ]
