%YAML:1.0
---
videoName: "headLookDown2.mp4"
gestureLabel: 206
fps: 29
pixelSizeInCmTemp: 3.3732394366197183e-01
faceCenterPointX: 274
faceCenterPointY: 95
headPositionsX: [ 275, 275, 273, 272, 272, 273, 271, 272, 273, 272, 273,
    273, 275, 274, 276, 274, 275, 275, 271, 274, 275, 275, 272, 272, 275,
    272, 274, 276, 274, 275, 271, 275, 276, 271, 274, 275, 272, 275, 273,
    273, 273, 273, 275, 274, 275, 273, 276, 274, 273, 274, 275, 274, 272,
    275, 274, 273, 276, 273, 276, 272, 273, 272, 272, 276, 275, 276, 273,
    272, 276, 276, 272, 275, 277, 273, 274, 278, 275, 273, 274, 274, 277,
    277, 274, 276, 277, 273, 276, 277, 275, 276, 273, 277, 275, 275, 273,
    276, 274, 275, 273, 277 ]
headPositionsY: [ 97, 81, 79, 77, 80, 79, 80, 80, 80, 80, 77, 81, 81, 80,
    78, 77, 80, 80, 78, 77, 80, 77, 81, 77, 80, 77, 78, 79, 81, 80, 77,
    82, 81, 81, 81, 82, 81, 84, 83, 84, 88, 89, 92, 92, 93, 92, 94, 92,
    95, 92, 95, 93, 94, 95, 92, 93, 95, 95, 97, 94, 93, 97, 96, 97, 93,
    95, 93, 95, 94, 93, 96, 93, 97, 93, 94, 93, 94, 93, 96, 96, 96, 96,
    93, 95, 93, 93, 96, 93, 95, 96, 96, 96, 97, 97, 93, 93, 94, 95, 98,
    97 ]
