%YAML:1.0
---
videoName: "headLookDown5.mp4"
gestureLabel: 206
fps: 29
pixelSizeInCmTemp: 3.4710144927536229e-01
faceCenterPointX: 272
faceCenterPointY: 102
headPositionsX: [ 270, 271, 271, 272, 270, 271, 272, 269, 270, 273, 272,
    270, 271, 271, 270, 270, 270, 272, 273, 271, 274, 272, 269, 269, 273,
    270, 273, 274, 272, 273, 269, 270, 270, 271, 271, 271, 274, 271, 272,
    272, 273, 271, 269, 271, 271, 270, 272, 273, 272, 271, 272, 270, 269,
    271, 273, 272, 274, 273, 273, 270, 270, 272, 270, 270, 269, 272, 270,
    273, 270, 271, 270, 272, 274, 272, 271, 273, 269, 271, 273, 275, 269,
    270, 272, 274, 275, 273, 274, 272, 273, 274, 274, 272, 275, 275, 270,
    272, 272, 272, 276, 273 ]
headPositionsY: [ 100, 85, 85, 82, 85, 85, 85, 82, 82, 86, 83, 86, 81,
    86, 81, 86, 85, 82, 85, 84, 86, 84, 84, 84, 85, 82, 81, 82, 85, 82,
    83, 83, 82, 84, 81, 85, 83, 83, 83, 81, 84, 83, 83, 82, 81, 82, 84,
    84, 89, 89, 88, 90, 91, 92, 94, 95, 97, 94, 100, 97, 98, 99, 102,
    101, 100, 101, 100, 104, 103, 101, 103, 101, 103, 104, 103, 103, 101,
    102, 104, 104, 101, 104, 100, 103, 105, 106, 101, 102, 103, 104, 104,
    101, 103, 101, 102, 102, 104, 104, 102, 104 ]
