%YAML:1.0
---
videoName: "headLookDown8.mp4"
gestureLabel: 206
fps: 29
pixelSizeInCmTemp: 3.3732394366197183e-01
faceCenterPointX: 276
faceCenterPointY: 96
headPositionsX: [ 275, 274, 276, 272, 274, 273, 276, 276, 275, 275, 273,
    273, 275, 273, 276, 277, 277, 273, 275, 275, 275, 272, 277, 274, 276,
    275, 277, 274, 274, 275, 275, 275, 274, 277, 274, 272, 273, 272, 272,
    277, 275, 275, 275, 273, 275, 277, 275, 273, 274, 274, 276, 275, 274,
    275, 278, 274, 276, 277, 275, 278, 276, 277, 278, 274, 278, 277, 276,
    275, 276, 275, 274, 274, 273, 278, 274, 274, 277, 278, 276, 276, 276,
    275, 274, 278, 278, 277, 276, 278, 278, 275, 278, 276, 276, 274, 276,
    275, 275, 277, 276, 275 ]
headPositionsY: [ 96, 77, 79, 81, 80, 81, 80, 77, 81, 81, 77, 82, 81, 77,
    81, 80, 78, 79, 79, 79, 79, 80, 80, 79, 79, 81, 82, 79, 82, 79, 78,
    79, 80, 80, 84, 84, 86, 82, 84, 87, 88, 91, 92, 92, 89, 90, 94, 91,
    94, 96, 95, 99, 100, 96, 99, 97, 96, 100, 96, 97, 97, 98, 96, 98, 99,
    99, 99, 96, 95, 99, 98, 97, 99, 97, 94, 96, 98, 96, 95, 96, 96, 97,
    99, 96, 94, 96, 96, 97, 98, 99, 98, 98, 98, 97, 98, 97, 94, 95, 96,
    94 ]
