%YAML:1.0
---
videoName: "headLookDown2.mp4"
gestureLabel: 206
fps: 29
pixelSizeInCmTemp: 3.3732394366197183e-01
faceCenterPointX: 274
faceCenterPointY: 95
headPositionsX: [ 274, 276, 272, 274, 275, 272, 272, 274, 274, 273, 273,
    276, 273, 273, 272, 274, 276, 273, 271, 274, 274, 272, 274, 273, 277,
    275, 274, 272, 273, 274, 274, 271, 272, 275, 274, 272, 275, 274, 271,
    276, 275, 273, 276, 274, 275, 274, 273, 276, 275, 274, 275, 271, 272,
    274, 271, 275, 275, 275, 276, 273, 272, 276, 276, 275, 274, 276, 273,
    276, 275, 276, 274, 274, 276, 277, 274, 274, 277, 273, 276, 276, 273,
    278, 275, 274, 277, 276, 273, 275, 275, 276, 274, 275, 272, 275, 275,
    274, 273, 274, 276, 277 ]
headPositionsY: [ 94, 78, 79, 81, 77, 81, 76, 80, 79, 81, 77, 78, 79, 79,
    80, 81, 80, 78, 78, 77, 80, 80, 77, 78, 78, 77, 80, 81, 78, 80, 79,
    79, 81, 82, 80, 82, 83, 85, 83, 87, 89, 87, 92, 91, 94, 96, 92, 93,
    93, 93, 93, 94, 92, 93, 94, 96, 92, 95, 96, 92, 93, 93, 94, 96, 94,
    97, 94, 96, 97, 96, 93, 96, 97, 95, 96, 96, 93, 93, 95, 97, 93, 95,
    95, 95, 96, 94, 94, 94, 97, 97, 98, 98, 93, 97, 94, 95, 98, 97, 98,
    94 ]
