%YAML:1.0
---
videoName: "headLookDown4.mp4"
gestureLabel: 206
fps: 29
pixelSizeInCmTemp: 3.4710144927536229e-01
faceCenterPointX: 275
faceCenterPointY: 97
headPositionsX: [ 277, 274, 274, 273, 275, 272, 274, 273, 274, 274, 273,
    274, 273, 274, 274, 272, 275, 271, 271, 274, 275, 272, 271, 272, 271,
    274, 275, 271, 273, 274, 272, 274, 274, 274, 275, 275, 272, 274, 275,
    271, 274, 274, 274, 276, 276, 274, 276, 273, 275, 275, 272, 273, 274,
    273, 271, 276, 273, 272, 275, 273, 275, 272, 275, 274, 272, 274, 276,
    273, 272, 274, 272, 274, 272, 272, 274, 275, 275, 275, 273, 276, 274,
    274, 273, 272, 275, 277, 277, 273, 274, 273, 275, 275, 274, 275, 273,
    272, 277, 272, 275, 277 ]
headPositionsY: [ 97, 83, 81, 79, 80, 80, 79, 80, 82, 79, 81, 82, 80, 78,
    80, 83, 80, 81, 79, 81, 81, 80, 81, 79, 80, 80, 83, 80, 80, 80, 81,
    80, 82, 85, 84, 84, 85, 82, 86, 85, 90, 89, 89, 92, 93, 92, 92, 93,
    94, 94, 95, 97, 99, 99, 99, 101, 100, 99, 100, 102, 100, 101, 102,
    99, 100, 98, 99, 97, 101, 100, 101, 99, 98, 100, 99, 99, 98, 99, 100,
    100, 98, 96, 95, 95, 99, 97, 97, 98, 95, 95, 99, 96, 98, 98, 95, 98,
    96, 99, 99, 98 ]
