%YAML:1.0
---
videoName: "headLookDown1.mp4"
gestureLabel: 206
fps: 29
pixelSizeInCmTemp: 3.4710144927536229e-01
faceCenterPointX: 271
faceCenterPointY: 97
headPositionsX: [ 270, 269, 269, 269, 270, 270, 270, 272, 272, 270, 269,
    268, 271, 272, 268, 269, 269, 273, 271, 271, 273, 273, 271, 274, 270,
    273, 273, 272, 272, 268, 271, 273, 270, 273, 269, 273, 270, 272, 269,
    273, 271, 271, 270, 269, 268, 272, 271, 271, 273, 272, 270, 272, 270,
    269, 269, 271, 270, 271, 269, 273, 271, 272, 273, 273, 270, 269, 267,
    271, 268, 271, 273, 268, 271, 270, 270, 270, 273, 271, 269, 273, 271,
    269, 273, 269, 270, 271, 270, 271, 269, 270, 269, 269, 272, 273, 272,
    270, 271, 272, 273, 270 ]
headPositionsY: [ 96, 80, 77, 78, 76, 78, 81, 77, 77, 80, 81, 79, 81, 79,
    81, 77, 80, 79, 79, 80, 77, 80, 78, 80, 82, 77, 80, 81, 78, 79, 81,
    82, 80, 80, 78, 79, 82, 80, 81, 80, 81, 83, 84, 83, 82, 86, 84, 86,
    91, 93, 94, 92, 96, 98, 96, 97, 95, 99, 99, 101, 97, 99, 97, 101, 98,
    96, 100, 100, 101, 97, 97, 97, 97, 100, 100, 100, 96, 100, 95, 100,
    97, 99, 97, 98, 100, 96, 97, 99, 98, 98, 98, 97, 95, 99, 96, 97, 98,
    96, 96, 100 ]
