%YAML:1.0
---
videoName: "headLookDown3.mp4"
gestureLabel: 206
fps: 29
pixelSizeInCmTemp: 3.5746268656716418e-01
faceCenterPointX: 273
faceCenterPointY: 98
headPositionsX: [ 271, 274, 275, 271, 274, 273, 273, 271, 272, 275, 274,
    275, 270, 271, 271, 274, 270, 274, 274, 274, 273, 273, 270, 271, 274,
    270, 274, 272, 272, 273, 275, 275, 272, 272, 274, 272, 275, 269, 271,
    273, 273, 272, 269, 272, 272, 273, 271, 274, 274, 272, 272, 271, 273,
    271, 272, 271, 273, 273, 272, 273, 272, 271, 272, 270, 270, 271, 269,
    268, 272, 271, 271, 274, 269, 272, 273, 269, 271, 274, 269, 272, 270,
    271, 270, 272, 273, 273, 273, 269, 270, 272, 273, 273, 274, 273, 272,
    276, 275, 271, 272, 272 ]
headPositionsY: [ 99, 79, 76, 79, 76, 79, 76, 76, 80, 80, 78, 78, 77, 76,
    80, 76, 79, 78, 80, 81, 81, 79, 77, 78, 80, 77, 77, 78, 77, 79, 80,
    78, 81, 77, 81, 79, 82, 78, 80, 82, 81, 84, 82, 83, 84, 85, 88, 88,
    90, 88, 92, 92, 93, 90, 94, 93, 95, 94, 99, 96, 101, 99, 100, 99,
    100, 99, 100, 100, 98, 99, 102, 102, 101, 99, 104, 102, 99, 102, 101,
    103, 103, 102, 102, 102, 103, 102, 99, 101, 99, 101, 99, 100, 104,
    101, 101, 101, 99, 98, 102, 101 ]
