%YAML:1.0
---
videoName: "headLookDown8.mp4"
gestureLabel: 206
fps: 29
pixelSizeInCmTemp: 3.3732394366197183e-01
faceCenterPointX: 276
faceCenterPointY: 96
headPositionsX: [ 278, 276, 272, 275, 272, 273, 276, 273, 274, 274, 273,
    277, 277, 275, 277, 277, 277, 275, 273, 276, 272, 275, 274, 275, 273,
    275, 276, 276, 273, 276, 272, 274, 275, 273, 272, 276, 272, 274, 272,
    274, 274, 273, 274, 274, 273, 276, 276, 275, 274, 278, 275, 277, 278,
    274, 276, 274, 276, 277, 274, 278, 275, 276, 278, 273, 274, 275, 275,
    277, 275, 274, 277, 276, 273, 275, 276, 276, 276, 276, 274, 275, 276,
    276, 275, 276, 278, 276, 278, 274, 275, 276, 274, 275, 276, 276, 274,
    277, 274, 275, 278, 275 ]
headPositionsY: [ 94, 81, 78, 81, 79, 78, 80, 80, 82, 78, 81, 78, 81, 81,
    82, 82, 80, 82, 78, 82, 81, 80, 80, 77, 78, 82, 82, 79, 78, 78, 81,
    81, 80, 84, 83, 84, 83, 84, 84, 86, 88, 90, 91, 90, 92, 92, 92, 95,
    96, 94, 95, 95, 97, 99, 97, 98, 95, 97, 97, 97, 96, 99, 96, 97, 99,
    98, 96, 96, 98, 99, 97, 98, 95, 98, 94, 99, 99, 98, 99, 98, 98, 98,
    95, 96, 98, 99, 98, 96, 99, 97, 98, 95, 98, 97, 95, 97, 98, 98, 98,
    95 ]
