%YAML:1.0
---
videoName: "headLookDown7.mp4"
gestureLabel: 206
fps: 30
pixelSizeInCmTemp: 3.3732394366197183e-01
faceCenterPointX: 274
faceCenterPointY: 95
headPositionsX: [ 275, 272, 271, 276, 271, 271, 273, 274, 273, 275, 273,
    274, 276, 274, 272, 272, 271, 275, 274, 271, 271, 275, 272, 276, 276,
    275, 273, 273, 272, 274, 274, 274, 273, 272, 274, 274, 272, 274, 275,
    272, 273, 275, 275, 275, 271, 273, 273, 273, 271, 273, 272, 277, 272,
    275, 273, 273, 275, 275, 273, 276, 273, 272, 276, 275, 276, 273, 275,
    272, 276, 274, 272, 276, 276, 276, 275, 272, 276, 274, 277, 273, 275,
    277, 276, 275, 277, 273, 276, 274, 277, 275, 275, 273, 274, 275, 277,
    273, 275, 274, 276, 276 ]
headPositionsY: [ 94, 81, 82, 83, 80, 84, 80, 83, 83, 82, 84, 81, 81, 80,
    82, 81, 83, 84, 81, 85, 84, 84, 82, 83, 81, 82, 82, 85, 83, 81, 85,
    80, 84, 85, 83, 84, 81, 85, 85, 84, 84, 84, 81, 84, 81, 82, 82, 86,
    84, 83, 83, 88, 84, 90, 87, 89, 88, 91, 91, 91, 95, 92, 93, 96, 94,
    93, 96, 93, 96, 95, 95, 96, 95, 93, 96, 94, 96, 94, 93, 98, 95, 97,
    95, 97, 95, 97, 94, 97, 97, 99, 95, 95, 97, 94, 96, 99, 95, 97, 93,
    96 ]
