%YAML:1.0
---
videoName: "headLookDown1.mp4"
gestureLabel: 206
fps: 29
pixelSizeInCmTemp: 3.4710144927536229e-01
faceCenterPointX: 271
faceCenterPointY: 97
headPositionsX: [ 270, 270, 270, 269, 269, 269, 268, 272, 272, 271, 272,
    268, 270, 268, 270, 272, 272, 273, 270, 269, 270, 271, 269, 273, 274,
    269, 273, 272, 269, 268, 273, 273, 273, 271, 271, 270, 271, 269, 271,
    271, 270, 271, 271, 270, 272, 270, 272, 270, 269, 271, 272, 270, 272,
    273, 271, 270, 272, 272, 268, 272, 271, 269, 271, 272, 271, 271, 269,
    270, 270, 271, 271, 270, 269, 272, 271, 270, 271, 269, 270, 269, 270,
    272, 271, 270, 270, 271, 270, 272, 273, 270, 272, 273, 271, 270, 273,
    270, 270, 270, 272, 271 ]
headPositionsY: [ 95, 76, 78, 79, 79, 79, 78, 79, 79, 80, 80, 81, 77, 80,
    78, 77, 77, 78, 79, 77, 80, 78, 81, 77, 78, 78, 77, 81, 78, 79, 78,
    81, 79, 81, 81, 78, 82, 77, 79, 79, 80, 82, 80, 83, 83, 84, 85, 86,
    88, 92, 90, 92, 94, 95, 96, 97, 97, 100, 99, 98, 98, 99, 101, 101,
    98, 100, 96, 98, 100, 99, 101, 97, 97, 97, 100, 100, 99, 100, 98, 96,
    98, 98, 98, 99, 100, 96, 100, 98, 97, 99, 100, 99, 97, 99, 96, 99,
    96, 98, 99, 97 ]
