%YAML:1.0
---
videoName: "headLookDown4.mp4"
gestureLabel: 206
fps: 29
pixelSizeInCmTemp: 3.4710144927536229e-01
faceCenterPointX: 275
faceCenterPointY: 97
headPositionsX: [ 274, 275, 273, 271, 273, 275, 272, 270, 271, 273, 272,
    272, 272, 273, 274, 274, 272, 271, 273, 272, 273, 273, 271, 274, 273,
    272, 272, 273, 274, 275, 275, 272, 273, 273, 273, 272, 273, 270, 274,
    272, 272, 275, 273, 276, 275, 276, 273, 271, 275, 275, 272, 272, 275,
    271, 275, 274, 274, 275, 273, 274, 276, 271, 274, 274, 275, 276, 275,
    275, 275, 276, 275, 274, 272, 273, 275, 273, 275, 276, 276, 277, 274,
    277, 275, 272, 277, 277, 273, 277, 273, 273, 274, 274, 274, 276, 276,
    272, 273, 276, 277, 276 ]
headPositionsY: [ 95, 81, 80, 82, 83, 83, 78, 79, 78, 80, 79, 78, 79, 78,
    82, 80, 80, 78, 78, 83, 80, 79, 80, 81, 83, 81, 83, 83, 82, 78, 79,
    81, 83, 85, 85, 84, 82, 84, 84, 85, 86, 89, 90, 90, 93, 92, 92, 96,
    93, 95, 98, 97, 100, 97, 100, 100, 103, 101, 98, 99, 100, 101, 99,
    103, 101, 101, 101, 98, 101, 98, 99, 97, 101, 98, 96, 96, 98, 100,
    98, 98, 95, 96, 97, 97, 98, 99, 98, 98, 97, 99, 97, 99, 95, 97, 97,
    95, 95, 95, 97, 95 ]
