%YAML:1.0
---
videoName: "headLookDown4.mp4"
gestureLabel: 206
fps: 29
pixelSizeInCmTemp: 3.4710144927536229e-01
faceCenterPointX: 275
faceCenterPointY: 97
headPositionsX: [ 276, 275, 272, 272, 271, 272, 272, 271, 275, 272, 273,
    271, 274, 271, 273, 272, 272, 272, 275, 275, 271, 272, 273, 271, 275,
    273, 271, 273, 274, 275, 275, 273, 271, 275, 272, 271, 273, 270, 276,
    271, 274, 276, 273, 273, 275, 275, 273, 273, 273, 273, 273, 274, 274,
    274, 273, 273, 272, 272, 276, 271, 274, 274, 273, 275, 274, 273, 274,
    271, 274, 273, 272, 273, 274, 276, 276, 272, 275, 272, 276, 276, 275,
    274, 273, 276, 277, 273, 274, 273, 274, 275, 274, 273, 274, 275, 277,
    274, 273, 274, 274, 274 ]
headPositionsY: [ 99, 81, 82, 83, 81, 82, 78, 78, 81, 81, 83, 79, 78, 81,
    81, 79, 83, 80, 80, 81, 82, 82, 80, 79, 80, 80, 82, 83, 79, 78, 79,
    81, 82, 85, 83, 83, 86, 85, 86, 86, 88, 87, 92, 91, 91, 94, 91, 92,
    97, 97, 94, 99, 96, 96, 101, 99, 101, 100, 99, 101, 101, 99, 98, 100,
    103, 100, 98, 98, 97, 99, 97, 98, 99, 98, 98, 96, 96, 98, 99, 100,
    97, 97, 97, 98, 99, 99, 97, 95, 99, 98, 99, 99, 99, 96, 99, 96, 98,
    96, 98, 99 ]
