%YAML:1.0
---
videoName: "headLookDown8.mp4"
gestureLabel: 206
fps: 29
pixelSizeInCmTemp: 3.3732394366197183e-01
faceCenterPointX: 276
faceCenterPointY: 96
headPositionsX: [ 274, 275, 272, 273, 272, 276, 275, 273, 274, 276, 272,
    275, 274, 275, 277, 276, 275, 274, 276, 277, 273, 274, 274, 274, 275,
    275, 277, 277, 274, 272, 271, 274, 272, 274, 272, 276, 274, 275, 276,
    275, 272, 274, 275, 272, 274, 273, 278, 275, 275, 278, 279, 277, 277,
    273, 278, 276, 277, 277, 278, 277, 276, 276, 276, 274, 278, 274, 275,
    275, 273, 274, 277, 275, 273, 274, 277, 276, 277, 275, 274, 276, 278,
    278, 275, 274, 274, 278, 275, 275, 275, 276, 277, 276, 279, 277, 277,
    276, 276, 276, 274, 278 ]
headPositionsY: [ 97, 81, 81, 78, 77, 78, 81, 79, 80, 82, 81, 82, 80, 79,
    79, 79, 77, 81, 80, 80, 81, 79, 77, 77, 80, 78, 79, 81, 78, 82, 79,
    78, 80, 80, 85, 85, 85, 83, 86, 85, 88, 87, 89, 91, 93, 93, 94, 95,
    96, 95, 96, 99, 99, 99, 98, 97, 99, 96, 98, 95, 95, 100, 99, 96, 100,
    96, 98, 96, 95, 98, 98, 99, 96, 96, 94, 98, 98, 98, 95, 98, 96, 95,
    97, 94, 98, 98, 96, 95, 99, 97, 95, 97, 97, 99, 94, 94, 98, 96, 98,
    98 ]
