%YAML:1.0
---
videoName: "headLookDown0.mp4"
gestureLabel: 206
fps: 29
pixelSizeInCmTemp: 3.3263888888888887e-01
faceCenterPointX: 273
faceCenterPointY: 93
headPositionsX: [ 274, 271, 271, 273, 274, 273, 271, 270, 271, 271, 274,
    270, 274, 274, 270, 273, 273, 272, 274, 271, 274, 273, 274, 273, 274,
    273, 269, 270, 269, 269, 270, 271, 274, 271, 272, 274, 273, 271, 273,
    270, 272, 274, 273, 271, 273, 272, 274, 274, 275, 271, 274, 271, 270,
    273, 272, 273, 270, 274, 271, 269, 271, 273, 272, 270, 272, 274, 273,
    272, 273, 272, 270, 272, 271, 269, 274, 271, 271, 272, 273, 274, 275,
    275, 272, 271, 274, 273, 274, 272, 275, 274, 273, 271, 273, 270, 274,
    273, 274, 273, 275, 272 ]
headPositionsY: [ 95, 77, 81, 80, 82, 79, 81, 79, 78, 78, 80, 78, 82, 81,
    79, 79, 80, 82, 81, 81, 79, 78, 80, 79, 79, 81, 79, 81, 81, 78, 82,
    81, 80, 80, 78, 83, 80, 80, 82, 86, 87, 88, 89, 89, 92, 96, 95, 94,
    98, 98, 98, 98, 98, 96, 98, 98, 97, 95, 95, 98, 95, 94, 96, 95, 97,
    95, 98, 95, 96, 94, 93, 97, 94, 93, 94, 98, 93, 97, 94, 96, 97, 96,
    94, 93, 96, 95, 96, 96, 94, 92, 92, 93, 96, 91, 91, 95, 93, 91, 93,
    92 ]
