%YAML:1.0
---
videoName: "headLookDown8.mp4"
gestureLabel: 206
fps: 29
pixelSizeInCmTemp: 3.3732394366197183e-01
faceCenterPointX: 276
faceCenterPointY: 96
headPositionsX: [ 277, 272, 272, 274, 273, 274, 275, 274, 275, 278, 274,
    276, 276, 275, 273, 275, 273, 274, 276, 276, 275, 276, 274, 275, 272,
    276, 277, 275, 276, 273, 271, 275, 274, 277, 273, 275, 275, 275, 275,
    277, 274, 277, 275, 274, 275, 273, 275, 277, 273, 275, 275, 277, 275,
    276, 276, 277, 277, 274, 275, 277, 278, 276, 277, 277, 276, 275, 278,
    274, 273, 278, 276, 275, 277, 276, 274, 274, 273, 274, 276, 277, 276,
    279, 277, 278, 276, 274, 274, 276, 276, 279, 275, 274, 278, 277, 277,
    278, 277, 277, 274, 274 ]
headPositionsY: [ 95, 80, 78, 78, 80, 79, 80, 80, 79, 81, 79, 82, 78, 80,
    81, 82, 77, 81, 80, 81, 80, 78, 78, 77, 81, 79, 82, 82, 82, 82, 78,
    80, 83, 82, 85, 86, 84, 82, 85, 87, 86, 88, 92, 92, 91, 93, 93, 93,
    92, 93, 98, 98, 98, 99, 96, 99, 96, 96, 96, 99, 96, 98, 99, 99, 98,
    100, 100, 96, 96, 98, 98, 97, 97, 100, 94, 96, 97, 98, 98, 98, 94,
    95, 97, 94, 98, 98, 96, 97, 98, 98, 94, 96, 97, 96, 96, 96, 94, 97,
    95, 94 ]
