%YAML:1.0
---
videoName: "headLookDown0.mp4"
gestureLabel: 206
fps: 29
pixelSizeInCmTemp: 3.3263888888888887e-01
faceCenterPointX: 273
faceCenterPointY: 93
headPositionsX: [ 275, 273, 275, 270, 271, 270, 274, 273, 273, 269, 274,
    270, 273, 273, 274, 273, 270, 272, 274, 271, 271, 271, 272, 273, 270,
    271, 273, 271, 271, 270, 274, 272, 271, 269, 271, 272, 272, 270, 272,
    269, 271, 271, 272, 274, 270, 274, 272, 274, 272, 273, 271, 273, 271,
    272, 270, 271, 274, 272, 269, 271, 274, 269, 271, 272, 271, 273, 272,
    271, 271, 274, 273, 269, 274, 272, 272, 274, 271, 271, 270, 273, 272,
    271, 274, 270, 271, 272, 272, 271, 272, 274, 272, 274, 271, 274, 271,
    271, 273, 270, 273, 272 ]
headPositionsY: [ 93, 76, 81, 77, 82, 78, 80, 80, 78, 79, 79, 80, 82, 78,
    78, 81, 81, 79, 80, 82, 81, 79, 79, 80, 80, 81, 82, 80, 80, 81, 82,
    79, 79, 81, 78, 80, 83, 84, 81, 86, 84, 88, 90, 88, 90, 95, 96, 97,
    95, 99, 97, 96, 97, 95, 98, 96, 94, 95, 97, 95, 97, 98, 96, 96, 94,
    97, 96, 93, 94, 98, 95, 97, 94, 96, 96, 95, 95, 96, 94, 93, 95, 93,
    94, 97, 94, 96, 94, 93, 94, 93, 94, 94, 94, 94, 93, 93, 96, 95, 93,
    94 ]
