%YAML:1.0
---
videoName: "headLookDown0.mp4"
gestureLabel: 206
fps: 29
pixelSizeInCmTemp: 3.3263888888888887e-01
faceCenterPointX: 273
faceCenterPointY: 93
headPositionsX: [ 271, 275, 273, 273, 273, 271, 272, 274, 273, 273, 274,
    271, 270, 270, 274, 274, 274, 270, 271, 270, 274, 273, 271, 271, 274,
    270, 271, 273, 272, 271, 271, 270, 272, 269, 272, 274, 273, 269, 273,
    273, 273, 274, 273, 271, 270, 274, 274, 270, 274, 272, 272, 272, 273,
    271, 271, 273, 270, 275, 272, 273, 270, 269, 271, 271, 270, 270, 272,
    270, 272, 274, 271, 269, 274, 273, 273, 272, 270, 271, 273, 272, 271,
    271, 275, 274, 271, 275, 274, 273, 273, 270, 271, 271, 270, 270, 274,
    273, 272, 274, 272, 271 ]
headPositionsY: [ 95, 76, 82, 78, 79, 77, 77, 80, 78, 81, 81, 79, 79, 80,
    79, 79, 81, 80, 82, 80, 80, 80, 82, 79, 78, 78, 79, 78, 79, 78, 80,
    77, 79, 79, 78, 80, 83, 81, 82, 86, 86, 88, 89, 92, 94, 95, 93, 95,
    96, 96, 99, 97, 97, 97, 98, 98, 98, 98, 97, 96, 97, 97, 97, 94, 97,
    96, 94, 97, 95, 95, 97, 96, 96, 93, 96, 98, 94, 97, 93, 95, 93, 97,
    96, 94, 93, 94, 96, 97, 93, 92, 94, 95, 95, 95, 92, 92, 94, 92, 92,
    96 ]
