%YAML:1.0
---
videoName: "headLookDown4.mp4"
gestureLabel: 206
fps: 29
pixelSizeInCmTemp: 3.4710144927536229e-01
faceCenterPointX: 275
faceCenterPointY: 97
headPositionsX: [ 273, 273, 274, 272, 274, 273, 272, 271, 271, 274, 274,
    274, 275, 272, 273, 275, 272, 272, 275, 272, 271, 273, 272, 273, 272,
    271, 274, 275, 272, 275, 271, 275, 271, 271, 273, 273, 275, 272, 273,
    271, 275, 273, 273, 276, 272, 272, 276, 273, 274, 275, 275, 273, 274,
    273, 272, 275, 275, 276, 273, 274, 275, 274, 276, 272, 272, 276, 275,
    272, 273, 272, 272, 274, 274, 272, 275, 275, 273, 274, 275, 273, 275,
    277, 274, 273, 277, 275, 275, 274, 277, 272, 275, 276, 275, 273, 277,
    272, 273, 272, 277, 274 ]
headPositionsY: [ 99, 81, 80, 81, 81, 82, 78, 80, 80, 82, 82, 81, 82, 81,
    82, 79, 82, 79, 78, 82, 83, 82, 78, 81, 83, 79, 83, 83, 78, 82, 83,
    81, 81, 85, 86, 83, 85, 83, 86, 89, 88, 87, 92, 89, 93, 94, 91, 96,
    95, 94, 95, 99, 98, 96, 98, 103, 103, 102, 98, 102, 99, 99, 102, 101,
    100, 101, 101, 100, 100, 100, 100, 97, 97, 98, 98, 99, 97, 97, 98,
    98, 99, 97, 95, 97, 95, 98, 99, 95, 99, 96, 96, 95, 98, 99, 99, 95,
    97, 99, 97, 98 ]
