%YAML:1.0
---
videoName: "headLookDown9.mp4"
gestureLabel: 206
fps: 29
pixelSizeInCmTemp: 3.5220588235294115e-01
faceCenterPointX: 274
faceCenterPointY: 97
headPositionsX: [ 274, 273, 275, 271, 271, 273, 272, 271, 273, 273, 273,
    275, 270, 271, 274, 271, 270, 274, 271, 274, 275, 274, 272, 275, 270,
    273, 272, 274, 270, 273, 273, 275, 272, 273, 271, 274, 271, 271, 271,
    275, 274, 275, 272, 273, 272, 270, 271, 273, 273, 273, 270, 271, 275,
    272, 271, 270, 273, 273, 275, 271, 271, 273, 272, 274, 274, 269, 272,
    275, 273, 269, 273, 273, 275, 270, 273, 272, 271, 270, 274, 271, 272,
    273, 272, 271, 275, 271, 275, 270, 272, 274, 276, 272, 275, 274, 271,
    272, 273, 270, 271, 273 ]
headPositionsY: [ 99, 80, 81, 80, 82, 82, 80, 82, 83, 80, 80, 82, 79, 78,
    82, 81, 78, 78, 79, 80, 80, 78, 78, 78, 79, 82, 80, 81, 78, 82, 79,
    79, 83, 82, 83, 86, 86, 82, 89, 87, 91, 92, 91, 90, 95, 94, 94, 95,
    96, 98, 98, 100, 97, 99, 98, 97, 100, 98, 98, 98, 97, 100, 97, 97,
    100, 98, 98, 98, 96, 96, 99, 96, 100, 96, 99, 94, 97, 97, 95, 95, 95,
    98, 97, 99, 99, 95, 97, 97, 99, 95, 98, 97, 97, 97, 98, 99, 94, 97,
    98, 96 ]
