%YAML:1.0
---
videoName: "headLookDown5.mp4"
gestureLabel: 206
fps: 29
pixelSizeInCmTemp: 3.4710144927536229e-01
faceCenterPointX: 272
faceCenterPointY: 102
headPositionsX: [ 270, 271, 271, 274, 272, 270, 272, 272, 272, 273, 269,
    272, 273, 270, 269, 270, 273, 272, 269, 270, 270, 273, 272, 269, 273,
    269, 269, 273, 269, 272, 272, 269, 272, 273, 269, 273, 274, 273, 270,
    273, 270, 273, 271, 274, 269, 269, 273, 272, 270, 273, 273, 269, 271,
    273, 273, 272, 274, 271, 272, 272, 273, 271, 271, 272, 272, 270, 270,
    272, 273, 271, 272, 270, 274, 273, 272, 271, 270, 270, 274, 271, 270,
    272, 269, 270, 274, 272, 273, 272, 274, 270, 271, 271, 272, 274, 269,
    274, 272, 275, 272, 271 ]
headPositionsY: [ 103, 84, 81, 86, 86, 82, 86, 83, 83, 84, 85, 86, 84,
    83, 85, 82, 84, 82, 84, 84, 83, 85, 82, 82, 83, 85, 82, 85, 84, 83,
    81, 82, 83, 84, 81, 81, 83, 86, 84, 84, 85, 83, 85, 85, 84, 86, 88,
    85, 87, 89, 87, 90, 90, 93, 92, 96, 95, 94, 99, 100, 100, 100, 98,
    99, 99, 101, 103, 101, 103, 100, 101, 100, 102, 104, 102, 103, 101,
    100, 101, 102, 102, 101, 104, 101, 101, 102, 102, 100, 101, 103, 102,
    104, 100, 101, 102, 104, 104, 104, 102, 100 ]
