%YAML:1.0
---
videoName: "headLookDown9.mp4"
gestureLabel: 206
fps: 29
pixelSizeInCmTemp: 3.5220588235294115e-01
faceCenterPointX: 274
faceCenterPointY: 97
headPositionsX: [ 276, 272, 275, 273, 271, 273, 275, 271, 272, 274, 275,
    275, 271, 274, 273, 271, 270, 271, 274, 271, 274, 270, 271, 273, 273,
    272, 271, 274, 274, 272, 273, 272, 271, 273, 272, 272, 270, 274, 275,
    272, 273, 271, 273, 271, 270, 272, 273, 273, 273, 273, 274, 273, 272,
    274, 275, 274, 271, 272, 273, 275, 270, 273, 272, 271, 274, 273, 271,
    272, 273, 273, 270, 272, 274, 270, 273, 272, 273, 270, 272, 272, 272,
    272, 270, 272, 272, 273, 273, 272, 275, 273, 273, 274, 272, 272, 275,
    275, 273, 270, 272, 272 ]
headPositionsY: [ 97, 81, 83, 78, 82, 82, 79, 82, 83, 78, 80, 82, 80, 82,
    80, 82, 78, 82, 79, 78, 79, 81, 80, 79, 78, 79, 83, 82, 79, 80, 80,
    83, 80, 83, 84, 83, 85, 83, 87, 89, 89, 90, 92, 94, 94, 94, 98, 97,
    94, 98, 98, 97, 99, 99, 98, 96, 100, 99, 99, 101, 97, 100, 98, 96,
    98, 96, 99, 99, 99, 99, 96, 98, 96, 97, 96, 96, 95, 96, 99, 99, 99,
    99, 99, 97, 95, 97, 96, 97, 99, 95, 95, 98, 94, 98, 99, 95, 98, 93,
    95, 96 ]
