%YAML:1.0
---
videoName: "headLookDown1.mp4"
gestureLabel: 206
fps: 29
pixelSizeInCmTemp: 3.4710144927536229e-01
faceCenterPointX: 271
faceCenterPointY: 97
headPositionsX: [ 272, 268, 269, 270, 269, 268, 271, 268, 271, 270, 272,
    269, 272, 270, 268, 270, 272, 271, 272, 272, 269, 271, 271, 270, 273,
    269, 270, 273, 270, 271, 273, 272, 271, 270, 271, 272, 274, 269, 269,
    272, 272, 272, 272, 272, 272, 269, 273, 273, 273, 269, 273, 272, 271,
    272, 273, 270, 273, 271, 270, 271, 270, 268, 272, 273, 267, 267, 270,
    270, 271, 270, 271, 269, 273, 270, 271, 271, 272, 269, 268, 271, 268,
    269, 270, 273, 269, 273, 270, 269, 273, 273, 272, 273, 270, 271, 270,
    273, 269, 270, 272, 271 ]
headPositionsY: [ 96, 79, 76, 81, 76, 79, 81, 79, 78, 81, 79, 78, 78, 81,
    78, 79, 78, 80, 81, 79, 79, 79, 78, 80, 79, 79, 80, 82, 77, 80, 77,
    82, 81, 77, 79, 80, 79, 79, 78, 81, 82, 81, 81, 81, 82, 84, 84, 87,
    89, 93, 92, 93, 97, 98, 96, 99, 95, 99, 97, 98, 100, 99, 97, 100, 99,
    98, 100, 101, 99, 101, 99, 97, 97, 99, 97, 99, 100, 96, 98, 98, 97,
    96, 96, 99, 97, 97, 97, 99, 98, 99, 97, 99, 96, 98, 97, 100, 98, 97,
    96, 100 ]
