%YAML:1.0
---
videoName: "headLookDown3.mp4"
gestureLabel: 206
fps: 29
pixelSizeInCmTemp: 3.5746268656716418e-01
faceCenterPointX: 273
faceCenterPointY: 98
headPositionsX: [ 271, 270, 275, 271, 270, 274, 270, 275, 273, 274, 271,
    271, 274, 272, 273, 271, 271, 272, 271, 275, 270, 274, 270, 271, 275,
    273, 272, 272, 270, 275, 271, 273, 272, 271, 275, 274, 271, 270, 270,
    271, 271, 271, 271, 273, 271, 273, 273, 275, 271, 271, 272, 273, 272,
    271, 275, 272, 275, 273, 271, 271, 271, 273, 268, 268, 271, 272, 270,
    271, 270, 272, 269, 273, 270, 269, 272, 268, 271, 272, 272, 274, 272,
    274, 271, 272, 273, 273, 271, 270, 270, 274, 271, 271, 275, 271, 274,
    275, 273, 272, 271, 272 ]
headPositionsY: [ 100, 78, 77, 78, 77, 78, 79, 80, 77, 76, 77, 78, 76,
    77, 78, 78, 76, 80, 79, 81, 80, 77, 76, 77, 78, 77, 81, 78, 79, 77,
    79, 79, 81, 77, 78, 79, 79, 80, 79, 83, 84, 85, 82, 86, 86, 85, 85,
    88, 87, 89, 90, 94, 93, 92, 92, 94, 94, 96, 96, 96, 101, 98, 99, 100,
    98, 100, 98, 100, 102, 103, 102, 100, 100, 99, 104, 100, 102, 102,
    100, 102, 102, 100, 101, 102, 100, 101, 98, 102, 99, 100, 102, 102,
    100, 101, 103, 102, 99, 99, 99, 100 ]
