%YAML:1.0
---
videoName: "headLookDown8.mp4"
gestureLabel: 206
fps: 29
pixelSizeInCmTemp: 3.3732394366197183e-01
faceCenterPointX: 276
faceCenterPointY: 96
headPositionsX: [ 277, 273, 273, 275, 274, 274, 276, 272, 275, 276, 273,
    273, 277, 273, 276, 277, 273, 273, 273, 277, 274, 274, 278, 275, 275,
    275, 274, 275, 275, 272, 272, 277, 274, 274, 272, 275, 272, 271, 275,
    276, 274, 277, 275, 273, 274, 277, 274, 274, 276, 276, 279, 278, 274,
    276, 278, 278, 276, 275, 277, 278, 276, 276, 278, 276, 277, 278, 277,
    276, 273, 278, 278, 274, 273, 276, 273, 276, 276, 278, 274, 278, 278,
    277, 278, 275, 275, 277, 276, 276, 276, 277, 275, 275, 276, 276, 276,
    278, 276, 279, 275, 275 ]
headPositionsY: [ 97, 78, 81, 77, 78, 79, 81, 80, 79, 79, 80, 81, 80, 77,
    80, 82, 78, 79, 78, 79, 81, 77, 77, 79, 78, 78, 80, 82, 79, 81, 82,
    80, 83, 80, 81, 85, 85, 83, 85, 88, 85, 88, 92, 88, 91, 91, 94, 91,
    95, 94, 97, 99, 98, 96, 98, 96, 97, 97, 97, 97, 97, 97, 100, 97, 96,
    99, 99, 98, 99, 100, 96, 96, 95, 98, 95, 99, 95, 98, 98, 95, 96, 99,
    99, 94, 95, 96, 95, 97, 97, 98, 97, 97, 96, 95, 97, 95, 98, 99, 94,
    97 ]
