%YAML:1.0
---
videoName: "headLookDown6.mp4"
gestureLabel: 206
fps: 29
pixelSizeInCmTemp: 3.4710144927536229e-01
faceCenterPointX: 276
faceCenterPointY: 98
headPositionsX: [ 274, 274, 274, 274, 275, 273, 275, 276, 277, 276, 273,
    275, 277, 276, 276, 274, 276, 276, 274, 275, 274, 276, 277, 276, 275,
    273, 272, 274, 274, 276, 277, 274, 275, 275, 274, 274, 274, 274, 273,
    273, 277, 278, 276, 274, 275, 273, 277, 277, 275, 277, 275, 275, 273,
    276, 275, 273, 275, 274, 278, 277, 275, 273, 273, 273, 274, 273, 274,
    273, 276, 274, 276, 273, 275, 277, 273, 273, 274, 274, 276, 275, 275,
    277, 273, 278, 274, 276, 278, 275, 275, 275, 277, 276, 278, 275, 273,
    277, 279, 276, 276, 278 ]
headPositionsY: [ 98, 82, 80, 81, 79, 81, 79, 81, 81, 82, 79, 83, 83, 82,
    83, 83, 83, 82, 80, 81, 83, 82, 82, 80, 79, 83, 84, 82, 85, 82, 84,
    82, 84, 83, 84, 84, 83, 83, 85, 83, 82, 84, 87, 86, 87, 90, 88, 91,
    93, 92, 92, 92, 96, 95, 94, 94, 96, 94, 95, 100, 98, 96, 99, 99, 99,
    99, 97, 96, 97, 99, 97, 97, 100, 97, 100, 98, 99, 98, 96, 101, 102,
    100, 97, 99, 101, 99, 100, 100, 98, 100, 99, 100, 99, 99, 97, 96, 99,
    98, 96, 100 ]
