%YAML:1.0
---
videoName: "headLookDown5.mp4"
gestureLabel: 206
fps: 29
pixelSizeInCmTemp: 3.4710144927536229e-01
faceCenterPointX: 272
faceCenterPointY: 102
headPositionsX: [ 273, 272, 270, 271, 272, 271, 270, 270, 272, 270, 269,
    273, 270, 269, 273, 271, 272, 272, 273, 273, 274, 274, 273, 270, 270,
    272, 273, 272, 270, 271, 269, 269, 274, 273, 273, 273, 273, 270, 273,
    272, 270, 272, 271, 270, 270, 272, 274, 273, 270, 269, 272, 272, 270,
    272, 271, 272, 274, 270, 273, 272, 272, 273, 271, 270, 273, 271, 271,
    270, 271, 274, 272, 271, 270, 272, 273, 270, 270, 268, 272, 271, 273,
    274, 268, 274, 275, 272, 274, 270, 272, 270, 270, 274, 273, 275, 270,
    275, 271, 271, 275, 270 ]
headPositionsY: [ 102, 83, 85, 82, 86, 84, 85, 82, 82, 86, 85, 85, 82,
    83, 81, 82, 85, 81, 83, 82, 85, 82, 84, 81, 83, 82, 83, 83, 83, 85,
    83, 83, 82, 82, 84, 83, 83, 85, 85, 81, 83, 82, 83, 86, 84, 86, 88,
    86, 85, 90, 90, 90, 90, 93, 93, 93, 95, 95, 98, 100, 99, 100, 102,
    101, 103, 99, 99, 103, 100, 100, 104, 101, 101, 104, 104, 100, 104,
    100, 102, 106, 105, 101, 104, 100, 103, 106, 105, 101, 102, 104, 102,
    101, 103, 103, 100, 102, 104, 102, 103, 100 ]
