%YAML:1.0
---
videoName: "headLookDown9.mp4"
gestureLabel: 206
fps: 29
pixelSizeInCmTemp: 3.5220588235294115e-01
faceCenterPointX: 274
faceCenterPointY: 97
headPositionsX: [ 275, 274, 275, 270, 272, 273, 274, 271, 270, 272, 274,
    273, 269, 271, 272, 275, 274, 271, 270, 275, 273, 272, 271, 275, 272,
    271, 272, 270, 272, 271, 270, 275, 275, 272, 274, 270, 270, 274, 275,
    272, 270, 275, 273, 271, 270, 271, 274, 273, 275, 272, 273, 273, 273,
    274, 274, 272, 272, 273, 274, 272, 270, 272, 273, 273, 270, 272, 270,
    271, 272, 272, 270, 272, 275, 272, 271, 274, 275, 273, 273, 271, 272,
    271, 273, 274, 272, 273, 272, 271, 271, 274, 275, 274, 271, 276, 271,
    271, 271, 271, 274, 275 ]
headPositionsY: [ 96, 79, 79, 79, 80, 83, 81, 82, 82, 78, 80, 79, 78, 81,
    79, 82, 81, 82, 81, 81, 80, 82, 78, 80, 79, 79, 82, 79, 79, 81, 81,
    79, 81, 82, 82, 87, 83, 82, 85, 88, 87, 88, 93, 93, 93, 94, 97, 97,
    98, 97, 96, 98, 101, 97, 98, 97, 102, 100, 100, 99, 100, 97, 98, 99,
    96, 99, 98, 96, 99, 97, 99, 97, 100, 97, 100, 98, 99, 96, 99, 98, 97,
    97, 98, 97, 98, 97, 97, 98, 96, 98, 95, 97, 97, 95, 98, 98, 98, 95,
    95, 97 ]
