%YAML:1.0
---
videoName: "headLookDown8.mp4"
gestureLabel: 206
fps: 29
pixelSizeInCmTemp: 3.3732394366197183e-01
faceCenterPointX: 276
faceCenterPointY: 96
headPositionsX: [ 275, 276, 272, 272, 273, 277, 274, 272, 277, 276, 275,
    274, 274, 276, 276, 275, 276, 276, 275, 278, 274, 274, 275, 274, 274,
    273, 276, 276, 273, 272, 274, 274, 276, 274, 272, 272, 274, 271, 274,
    273, 272, 274, 273, 276, 276, 277, 275, 274, 277, 275, 275, 278, 278,
    276, 278, 276, 274, 277, 276, 275, 274, 276, 278, 277, 277, 276, 277,
    273, 274, 277, 274, 275, 273, 276, 274, 278, 275, 278, 274, 278, 274,
    276, 276, 274, 278, 275, 278, 276, 278, 279, 278, 277, 278, 277, 278,
    275, 277, 278, 276, 277 ]
headPositionsY: [ 97, 79, 78, 81, 80, 80, 82, 78, 81, 80, 80, 80, 81, 77,
    78, 82, 79, 81, 77, 78, 78, 79, 78, 77, 81, 81, 81, 78, 80, 80, 82,
    79, 81, 80, 83, 84, 86, 84, 85, 87, 89, 88, 92, 89, 90, 91, 95, 91,
    95, 94, 96, 96, 96, 96, 97, 98, 95, 98, 96, 97, 96, 97, 96, 99, 99,
    97, 96, 96, 97, 97, 99, 99, 98, 99, 97, 97, 98, 94, 98, 97, 95, 95,
    99, 95, 95, 96, 95, 95, 95, 96, 96, 98, 98, 99, 94, 95, 94, 96, 95,
    96 ]
