%YAML:1.0
---
videoName: "headLookDown6.mp4"
gestureLabel: 206
fps: 29
pixelSizeInCmTemp: 3.4710144927536229e-01
faceCenterPointX: 276
faceCenterPointY: 98
headPositionsX: [ 278, 277, 275, 274, 273, 276, 277, 276, 276, 277, 274,
    273, 273, 276, 274, 273, 277, 274, 277, 275, 275, 277, 273, 274, 277,
    277, 272, 277, 273, 276, 274, 274, 277, 276, 275, 274, 274, 274, 277,
    275, 277, 278, 275, 274, 274, 274, 275, 275, 276, 275, 274, 276, 275,
    275, 274, 275, 274, 274, 274, 277, 274, 273, 275, 272, 277, 276, 272,
    274, 275, 273, 272, 276, 275, 274, 274, 273, 274, 273, 276, 276, 275,
    276, 276, 278, 277, 274, 278, 278, 277, 278, 276, 276, 278, 275, 275,
    278, 276, 274, 278, 277 ]
headPositionsY: [ 97, 83, 83, 82, 81, 82, 81, 80, 82, 81, 80, 81, 81, 81,
    82, 80, 83, 82, 80, 81, 81, 83, 82, 84, 79, 82, 82, 80, 84, 82, 80,
    81, 82, 85, 83, 81, 81, 84, 84, 81, 82, 87, 84, 86, 85, 89, 91, 89,
    93, 94, 95, 93, 96, 94, 98, 97, 97, 95, 99, 98, 98, 100, 98, 99, 99,
    101, 98, 95, 100, 98, 95, 100, 100, 97, 97, 99, 100, 100, 97, 97,
    101, 101, 100, 100, 97, 96, 99, 97, 101, 101, 98, 100, 99, 98, 96,
    96, 98, 99, 99, 96 ]
