%YAML:1.0
---
videoName: "headLookDown3.mp4"
gestureLabel: 206
fps: 29
pixelSizeInCmTemp: 3.5746268656716418e-01
faceCenterPointX: 273
faceCenterPointY: 98
headPositionsX: [ 275, 270, 274, 274, 274, 274, 272, 273, 274, 272, 272,
    271, 274, 274, 274, 270, 274, 275, 274, 273, 270, 275, 274, 271, 273,
    271, 273, 275, 272, 273, 272, 272, 271, 271, 272, 270, 272, 271, 270,
    274, 270, 273, 269, 270, 271, 272, 272, 273, 275, 272, 274, 275, 273,
    273, 271, 273, 275, 270, 273, 273, 273, 270, 270, 271, 271, 271, 272,
    270, 271, 273, 269, 272, 272, 269, 270, 268, 272, 272, 271, 273, 269,
    271, 270, 270, 271, 270, 274, 271, 273, 272, 270, 272, 275, 272, 273,
    274, 275, 272, 273, 273 ]
headPositionsY: [ 97, 78, 76, 76, 79, 79, 77, 79, 79, 79, 80, 78, 77, 78,
    76, 79, 79, 79, 78, 80, 80, 78, 79, 77, 81, 79, 81, 78, 77, 77, 77,
    79, 79, 80, 79, 78, 81, 80, 79, 83, 83, 85, 83, 84, 84, 86, 84, 87,
    88, 88, 89, 94, 94, 93, 94, 95, 94, 97, 95, 100, 100, 99, 99, 99, 99,
    102, 98, 103, 98, 102, 101, 104, 101, 101, 100, 103, 103, 101, 102,
    102, 103, 102, 102, 99, 101, 102, 101, 99, 101, 103, 98, 101, 100,
    100, 104, 99, 102, 98, 98, 98 ]
