%YAML:1.0
---
videoName: "headLookDown3.mp4"
gestureLabel: 206
fps: 29
pixelSizeInCmTemp: 3.5746268656716418e-01
faceCenterPointX: 273
faceCenterPointY: 98
headPositionsX: [ 272, 273, 275, 275, 272, 274, 272, 275, 273, 272, 274,
    272, 274, 271, 271, 274, 270, 275, 274, 275, 270, 272, 273, 270, 274,
    271, 273, 275, 272, 274, 274, 271, 273, 271, 274, 273, 272, 271, 272,
    272, 272, 272, 271, 269, 272, 274, 273, 274, 271, 273, 273, 274, 271,
    271, 273, 274, 273, 274, 274, 272, 271, 270, 271, 269, 273, 271, 269,
    272, 269, 273, 271, 270, 273, 271, 269, 271, 273, 274, 272, 272, 269,
    271, 271, 270, 273, 274, 274, 272, 270, 273, 273, 274, 271, 275, 272,
    275, 273, 270, 273, 271 ]
headPositionsY: [ 100, 76, 77, 76, 76, 79, 76, 80, 78, 77, 78, 76, 80,
    77, 76, 77, 79, 77, 77, 80, 78, 80, 78, 80, 80, 76, 78, 79, 79, 81,
    79, 77, 81, 78, 81, 77, 79, 80, 80, 83, 82, 83, 86, 85, 88, 89, 85,
    90, 88, 89, 89, 94, 92, 93, 93, 96, 97, 94, 96, 96, 100, 97, 98, 97,
    102, 101, 100, 101, 101, 102, 102, 104, 99, 103, 100, 100, 100, 103,
    103, 101, 103, 103, 102, 103, 101, 103, 99, 100, 102, 101, 101, 99,
    102, 101, 104, 99, 101, 98, 100, 102 ]
