%YAML:1.0
---
videoName: "headLookDown8.mp4"
gestureLabel: 206
fps: 29
pixelSizeInCmTemp: 3.3732394366197183e-01
faceCenterPointX: 276
faceCenterPointY: 96
headPositionsX: [ 274, 275, 274, 273, 274, 277, 273, 275, 273, 274, 272,
    274, 273, 273, 274, 277, 276, 274, 276, 274, 275, 276, 278, 274, 272,
    275, 275, 274, 274, 276, 275, 275, 274, 277, 274, 276, 276, 271, 272,
    276, 275, 275, 276, 274, 276, 277, 277, 273, 273, 275, 278, 277, 275,
    277, 276, 275, 275, 274, 278, 278, 276, 274, 277, 277, 277, 278, 277,
    276, 276, 276, 276, 276, 273, 275, 277, 275, 277, 275, 277, 275, 278,
    277, 276, 278, 278, 277, 275, 275, 277, 276, 276, 278, 278, 274, 277,
    278, 277, 277, 274, 276 ]
headPositionsY: [ 94, 79, 81, 79, 77, 79, 81, 80, 79, 82, 79, 82, 81, 79,
    81, 80, 80, 80, 79, 78, 80, 79, 81, 81, 79, 79, 78, 82, 78, 81, 80,
    81, 79, 81, 81, 83, 83, 82, 87, 85, 86, 89, 88, 90, 89, 90, 91, 93,
    93, 97, 95, 95, 99, 95, 97, 96, 99, 97, 98, 96, 97, 96, 98, 98, 97,
    100, 96, 97, 99, 98, 98, 97, 95, 97, 94, 98, 98, 94, 95, 96, 97, 95,
    98, 95, 94, 96, 97, 96, 95, 98, 94, 95, 99, 96, 97, 96, 97, 96, 95,
    95 ]
