%YAML:1.0
---
videoName: "headLookDown3.mp4"
gestureLabel: 206
fps: 29
pixelSizeInCmTemp: 3.5746268656716418e-01
faceCenterPointX: 273
faceCenterPointY: 98
headPositionsX: [ 274, 271, 273, 274, 270, 274, 274, 275, 272, 275, 275,
    273, 274, 271, 270, 272, 273, 271, 272, 273, 274, 272, 272, 270, 275,
    272, 274, 273, 270, 273, 271, 272, 270, 270, 271, 272, 271, 271, 274,
    274, 270, 271, 269, 269, 273, 271, 274, 274, 274, 271, 271, 274, 272,
    273, 275, 271, 275, 273, 274, 270, 269, 273, 272, 271, 271, 271, 272,
    269, 272, 271, 272, 272, 272, 273, 269, 268, 270, 271, 269, 274, 273,
    274, 271, 274, 273, 274, 273, 272, 273, 270, 273, 274, 275, 274, 275,
    275, 276, 270, 274, 271 ]
headPositionsY: [ 96, 76, 80, 76, 76, 79, 77, 79, 79, 79, 78, 76, 78, 79,
    78, 77, 78, 81, 80, 77, 79, 79, 78, 77, 77, 80, 80, 80, 79, 79, 81,
    77, 79, 80, 80, 80, 82, 78, 83, 80, 82, 85, 84, 83, 87, 87, 88, 90,
    91, 88, 91, 91, 90, 91, 91, 96, 96, 97, 96, 99, 97, 100, 96, 98, 102,
    99, 99, 99, 102, 101, 103, 103, 102, 100, 102, 99, 102, 102, 100,
    100, 103, 103, 100, 100, 101, 101, 99, 99, 100, 103, 100, 100, 102,
    99, 104, 99, 99, 98, 101, 99 ]
