%YAML:1.0
---
videoName: "headLookDown9.mp4"
gestureLabel: 206
fps: 29
pixelSizeInCmTemp: 3.5220588235294115e-01
faceCenterPointX: 274
faceCenterPointY: 97
headPositionsX: [ 273, 271, 275, 270, 270, 272, 273, 273, 273, 274, 274,
    272, 270, 273, 270, 272, 270, 271, 270, 275, 274, 272, 272, 272, 272,
    273, 272, 273, 272, 273, 274, 271, 272, 272, 272, 274, 270, 272, 274,
    272, 272, 275, 275, 272, 270, 274, 275, 271, 273, 274, 273, 271, 274,
    271, 273, 272, 274, 273, 275, 274, 272, 275, 269, 271, 273, 272, 271,
    273, 270, 272, 271, 271, 273, 273, 270, 275, 273, 270, 272, 275, 272,
    273, 274, 271, 272, 272, 273, 272, 275, 271, 274, 272, 272, 276, 274,
    273, 275, 273, 272, 272 ]
headPositionsY: [ 99, 81, 79, 80, 79, 82, 78, 82, 79, 79, 81, 78, 79, 79,
    82, 81, 82, 78, 80, 81, 81, 79, 78, 79, 82, 82, 80, 82, 78, 83, 79,
    83, 80, 81, 85, 86, 86, 85, 87, 87, 87, 89, 92, 92, 91, 95, 94, 95,
    94, 97, 98, 99, 99, 98, 98, 96, 101, 100, 97, 98, 98, 97, 100, 100,
    97, 100, 96, 97, 99, 97, 96, 97, 98, 95, 99, 94, 96, 98, 96, 95, 97,
    96, 97, 95, 98, 96, 95, 98, 99, 97, 98, 99, 97, 95, 98, 97, 94, 96,
    96, 97 ]
