%YAML:1.0
---
videoName: "headLookDown6.mp4"
gestureLabel: 206
fps: 29
pixelSizeInCmTemp: 3.4710144927536229e-01
faceCenterPointX: 276
faceCenterPointY: 98
headPositionsX: [ 274, 276, 275, 273, 276, 274, 274, 273, 273, 277, 276,
    275, 274, 275, 277, 276, 276, 275, 274, 278, 275, 275, 273, 278, 276,
    273, 275, 274, 275, 273, 274, 276, 277, 277, 278, 277, 275, 275, 277,
    272, 274, 275, 277, 275, 275, 276, 274, 278, 276, 277, 275, 277, 273,
    275, 275, 273, 276, 276, 276, 273, 272, 276, 275, 273, 275, 274, 274,
    275, 276, 277, 276, 273, 275, 276, 277, 274, 275, 275, 275, 275, 277,
    277, 273, 276, 277, 274, 275, 276, 276, 276, 278, 277, 274, 277, 273,
    274, 275, 274, 279, 274 ]
headPositionsY: [ 96, 82, 79, 81, 79, 80, 81, 79, 80, 80, 83, 79, 80, 82,
    82, 82, 82, 79, 83, 83, 84, 83, 82, 83, 81, 83, 83, 83, 81, 84, 84,
    85, 84, 84, 81, 83, 85, 85, 86, 81, 83, 84, 87, 85, 88, 87, 92, 90,
    94, 93, 95, 92, 94, 96, 94, 94, 95, 97, 98, 100, 97, 100, 96, 97,
    100, 101, 100, 95, 97, 101, 98, 96, 100, 99, 100, 99, 101, 98, 99,
    99, 98, 99, 100, 98, 98, 98, 99, 100, 98, 97, 99, 97, 96, 97, 98, 96,
    98, 96, 97, 97 ]
