%YAML:1.0
---
videoName: "headLookDown9.mp4"
gestureLabel: 206
fps: 29
pixelSizeInCmTemp: 3.5220588235294115e-01
faceCenterPointX: 274
faceCenterPointY: 97
headPositionsX: [ 273, 274, 275, 273, 272, 275, 271, 272, 272, 272, 273,
    271, 272, 275, 270, 271, 272, 272, 271, 273, 271, 270, 271, 273, 270,
    275, 274, 272, 272, 272, 271, 274, 271, 274, 273, 270, 271, 273, 275,
    272, 270, 274, 275, 275, 270, 273, 271, 270, 273, 275, 272, 271, 271,
    271, 272, 274, 272, 269, 273, 275, 270, 273, 269, 270, 270, 271, 271,
    273, 270, 271, 270, 274, 273, 274, 274, 271, 271, 272, 270, 271, 270,
    274, 270, 270, 275, 275, 274, 271, 275, 274, 273, 273, 273, 276, 274,
    271, 271, 274, 273, 274 ]
headPositionsY: [ 96, 82, 81, 81, 81, 81, 81, 82, 82, 79, 80, 82, 77, 81,
    80, 82, 80, 81, 80, 80, 82, 80, 80, 79, 78, 81, 81, 79, 82, 83, 79,
    82, 84, 81, 81, 83, 86, 84, 85, 89, 88, 91, 89, 92, 95, 92, 95, 97,
    96, 98, 96, 96, 97, 100, 100, 97, 98, 96, 97, 97, 101, 100, 101, 100,
    99, 99, 98, 96, 97, 95, 100, 99, 97, 98, 100, 94, 95, 96, 97, 98, 97,
    96, 98, 97, 98, 95, 98, 98, 98, 94, 96, 96, 95, 96, 98, 95, 94, 96,
    98, 95 ]
