%YAML:1.0
---
videoName: "headLookDown0.mp4"
gestureLabel: 206
fps: 29
pixelSizeInCmTemp: 3.3263888888888887e-01
faceCenterPointX: 273
faceCenterPointY: 93
headPositionsX: [ 274, 275, 272, 272, 271, 271, 273, 274, 270, 272, 271,
    270, 272, 274, 272, 274, 274, 272, 271, 270, 273, 272, 270, 270, 274,
    272, 269, 273, 271, 269, 270, 273, 274, 270, 271, 272, 273, 273, 273,
    272, 270, 273, 272, 271, 273, 271, 271, 273, 273, 272, 274, 273, 271,
    271, 271, 272, 272, 271, 270, 271, 271, 271, 271, 273, 272, 271, 272,
    269, 270, 272, 270, 272, 270, 270, 275, 272, 274, 274, 272, 275, 271,
    272, 271, 271, 274, 272, 273, 272, 271, 271, 273, 272, 272, 271, 273,
    274, 274, 271, 272, 273 ]
headPositionsY: [ 92, 76, 78, 78, 81, 78, 80, 81, 81, 80, 78, 79, 79, 79,
    78, 80, 77, 81, 81, 79, 78, 79, 81, 80, 81, 79, 79, 79, 82, 81, 79,
    78, 79, 81, 81, 80, 82, 83, 83, 86, 88, 89, 90, 88, 91, 95, 95, 95,
    95, 98, 95, 95, 95, 98, 98, 95, 96, 99, 96, 94, 99, 97, 94, 94, 96,
    98, 96, 96, 96, 96, 97, 95, 97, 96, 97, 94, 94, 96, 92, 97, 97, 95,
    94, 96, 93, 93, 95, 95, 93, 94, 92, 92, 92, 92, 94, 96, 92, 94, 92,
    96 ]
