%YAML:1.0
---
videoName: "headLookDown9.mp4"
gestureLabel: 206
fps: 29
pixelSizeInCmTemp: 3.5220588235294115e-01
faceCenterPointX: 274
faceCenterPointY: 97
headPositionsX: [ 272, 272, 273, 273, 273, 275, 272, 270, 273, 270, 274,
    273, 269, 274, 274, 275, 271, 271, 272, 272, 273, 271, 272, 272, 274,
    272, 271, 273, 272, 272, 273, 275, 275, 273, 272, 273, 270, 272, 273,
    275, 271, 275, 273, 275, 273, 273, 273, 273, 273, 271, 273, 274, 273,
    271, 272, 270, 272, 273, 275, 274, 271, 273, 271, 271, 273, 272, 270,
    274, 273, 272, 271, 274, 271, 273, 271, 273, 273, 271, 274, 271, 271,
    272, 271, 271, 275, 272, 271, 273, 274, 272, 272, 273, 275, 275, 275,
    272, 273, 272, 275, 274 ]
headPositionsY: [ 95, 78, 81, 78, 81, 82, 79, 80, 83, 82, 84, 80, 78, 80,
    80, 82, 80, 78, 80, 77, 78, 80, 80, 81, 78, 82, 81, 81, 82, 81, 83,
    82, 80, 82, 85, 85, 84, 84, 89, 85, 89, 91, 90, 90, 91, 93, 96, 95,
    96, 95, 96, 98, 100, 97, 101, 96, 102, 98, 98, 100, 99, 97, 97, 97,
    97, 96, 98, 100, 100, 96, 97, 96, 99, 98, 99, 97, 95, 98, 99, 97, 95,
    98, 95, 98, 98, 95, 98, 99, 95, 97, 96, 99, 97, 97, 97, 96, 97, 96,
    97, 95 ]
