%YAML:1.0
---
videoName: "headLookDown4.mp4"
gestureLabel: 206
fps: 29
pixelSizeInCmTemp: 3.4710144927536229e-01
faceCenterPointX: 275
faceCenterPointY: 97
headPositionsX: [ 277, 275, 275, 271, 271, 272, 274, 270, 271, 273, 276,
    271, 271, 272, 275, 273, 276, 271, 272, 275, 271, 271, 272, 275, 272,
    273, 275, 274, 271, 273, 271, 272, 271, 275, 276, 274, 271, 271, 275,
    275, 271, 272, 273, 272, 276, 276, 273, 274, 276, 274, 274, 273, 273,
    273, 271, 274, 272, 272, 274, 275, 272, 274, 273, 275, 273, 275, 276,
    274, 273, 274, 274, 276, 275, 274, 276, 275, 274, 275, 273, 277, 275,
    274, 274, 273, 273, 275, 274, 276, 276, 273, 273, 276, 273, 276, 275,
    273, 273, 276, 274, 275 ]
headPositionsY: [ 98, 80, 80, 80, 81, 82, 80, 81, 80, 81, 81, 80, 79, 81,
    82, 82, 81, 80, 79, 80, 80, 79, 82, 79, 81, 80, 82, 81, 82, 81, 83,
    82, 83, 82, 84, 84, 82, 83, 85, 85, 86, 87, 89, 89, 92, 90, 94, 95,
    95, 95, 94, 99, 96, 100, 98, 99, 103, 103, 102, 101, 99, 102, 102,
    99, 101, 98, 98, 99, 100, 98, 98, 97, 99, 98, 100, 96, 99, 100, 99,
    97, 96, 98, 97, 99, 95, 98, 98, 99, 98, 97, 98, 96, 98, 99, 98, 94,
    98, 95, 100, 97 ]
