%YAML:1.0
---
videoName: "headLookDown9.mp4"
gestureLabel: 206
fps: 29
pixelSizeInCmTemp: 3.5220588235294115e-01
faceCenterPointX: 274
faceCenterPointY: 97
headPositionsX: [ 275, 273, 275, 271, 270, 275, 274, 270, 271, 274, 274,
    273, 272, 271, 273, 275, 272, 274, 271, 271, 272, 273, 273, 273, 272,
    271, 273, 270, 273, 274, 273, 274, 272, 274, 275, 272, 274, 271, 274,
    273, 272, 273, 272, 271, 271, 272, 275, 270, 275, 272, 272, 270, 273,
    271, 274, 273, 273, 269, 272, 275, 274, 273, 271, 274, 271, 273, 274,
    275, 271, 271, 272, 274, 273, 274, 270, 272, 274, 272, 273, 271, 271,
    274, 270, 274, 271, 271, 273, 273, 275, 274, 274, 275, 274, 272, 274,
    271, 271, 271, 271, 272 ]
headPositionsY: [ 97, 80, 80, 82, 78, 81, 79, 81, 82, 81, 83, 78, 80, 82,
    79, 78, 81, 80, 78, 79, 81, 78, 80, 82, 82, 79, 80, 79, 82, 80, 80,
    83, 83, 81, 83, 87, 84, 84, 89, 88, 88, 88, 90, 92, 93, 93, 95, 95,
    94, 98, 97, 99, 98, 98, 97, 96, 100, 96, 98, 101, 98, 97, 99, 98, 97,
    97, 98, 97, 100, 95, 100, 95, 99, 98, 98, 98, 99, 99, 98, 99, 96, 99,
    95, 96, 99, 99, 97, 95, 99, 94, 97, 98, 96, 99, 98, 95, 95, 94, 96,
    95 ]
