%YAML:1.0
---
videoName: "headLookDown0.mp4"
gestureLabel: 206
fps: 29
pixelSizeInCmTemp: 3.3263888888888887e-01
faceCenterPointX: 273
faceCenterPointY: 93
headPositionsX: [ 272, 275, 271, 272, 274, 273, 270, 270, 271, 271, 274,
    273, 270, 271, 270, 271, 274, 273, 274, 270, 273, 272, 273, 273, 270,
    270, 271, 270, 273, 272, 271, 272, 271, 270, 272, 270, 270, 269, 269,
    273, 272, 272, 272, 274, 273, 274, 273, 270, 274, 271, 273, 272, 272,
    272, 271, 273, 270, 274, 271, 272, 272, 273, 273, 272, 271, 271, 272,
    271, 270, 273, 274, 269, 272, 270, 272, 273, 271, 273, 272, 271, 271,
    272, 273, 273, 272, 274, 272, 273, 274, 272, 275, 270, 270, 270, 273,
    274, 270, 272, 273, 272 ]
headPositionsY: [ 91, 77, 80, 81, 81, 77, 81, 78, 80, 81, 80, 78, 80, 78,
    79, 81, 79, 78, 82, 78, 82, 78, 81, 82, 82, 78, 82, 81, 81, 79, 79,
    80, 81, 80, 78, 80, 80, 83, 85, 85, 85, 86, 90, 90, 93, 93, 97, 94,
    97, 95, 97, 96, 99, 96, 97, 95, 95, 95, 97, 95, 95, 94, 97, 96, 96,
    96, 97, 96, 97, 96, 96, 96, 96, 94, 93, 96, 95, 95, 92, 94, 94, 95,
    96, 96, 93, 93, 94, 95, 92, 91, 95, 92, 96, 91, 95, 96, 96, 94, 91,
    92 ]
