%YAML:1.0
---
videoName: "headLookDown0.mp4"
gestureLabel: 206
fps: 29
pixelSizeInCmTemp: 3.3263888888888887e-01
faceCenterPointX: 273
faceCenterPointY: 93
headPositionsX: [ 273, 275, 273, 272, 273, 270, 271, 272, 270, 269, 272,
    271, 273, 271, 274, 272, 271, 271, 274, 272, 271, 273, 272, 273, 272,
    272, 271, 272, 273, 273, 272, 270, 270, 271, 269, 272, 273, 273, 273,
    273, 272, 271, 273, 271, 271, 272, 271, 274, 274, 272, 274, 269, 270,
    271, 273, 270, 270, 271, 269, 269, 273, 270, 270, 274, 272, 272, 271,
    269, 273, 272, 274, 273, 271, 271, 273, 273, 272, 271, 270, 275, 271,
    275, 273, 270, 270, 273, 271, 274, 275, 270, 274, 274, 274, 273, 271,
    275, 274, 272, 271, 271 ]
headPositionsY: [ 94, 78, 79, 81, 82, 77, 81, 82, 79, 80, 77, 78, 81, 78,
    79, 78, 78, 79, 80, 82, 79, 79, 82, 78, 80, 79, 81, 81, 81, 79, 82,
    79, 82, 80, 78, 81, 83, 83, 84, 84, 86, 86, 89, 88, 94, 93, 93, 94,
    97, 97, 95, 95, 96, 96, 98, 98, 97, 99, 95, 98, 96, 98, 96, 97, 96,
    95, 95, 97, 97, 98, 97, 98, 95, 94, 95, 95, 97, 94, 95, 94, 93, 95,
    93, 94, 92, 97, 97, 97, 92, 95, 92, 92, 95, 91, 95, 92, 94, 95, 91,
    95 ]
