%YAML:1.0
---
videoName: "headLookDown6.mp4"
gestureLabel: 206
fps: 29
pixelSizeInCmTemp: 3.4710144927536229e-01
faceCenterPointX: 276
faceCenterPointY: 98
headPositionsX: [ 274, 277, 276, 273, 275, 276, 277, 274, 277, 276, 273,
    277, 274, 277, 274, 273, 275, 273, 274, 278, 277, 277, 273, 275, 277,
    277, 274, 275, 274, 277, 275, 277, 276, 273, 276, 273, 275, 275, 276,
    276, 277, 277, 275, 275, 278, 277, 277, 274, 274, 274, 274, 275, 275,
    279, 274, 276, 277, 277, 278, 276, 272, 273, 275, 273, 277, 275, 276,
    275, 274, 276, 272, 275, 274, 276, 273, 276, 275, 273, 276, 276, 277,
    277, 276, 276, 275, 274, 274, 277, 278, 276, 274, 277, 274, 275, 274,
    274, 277, 276, 275, 274 ]
headPositionsY: [ 97, 79, 83, 83, 81, 80, 79, 80, 82, 80, 81, 80, 79, 79,
    79, 81, 81, 83, 82, 81, 83, 80, 83, 83, 80, 83, 84, 84, 84, 85, 80,
    81, 81, 82, 84, 82, 81, 83, 83, 85, 82, 87, 87, 89, 88, 86, 88, 92,
    93, 94, 93, 96, 93, 96, 98, 94, 98, 94, 99, 99, 98, 100, 97, 96, 99,
    101, 98, 99, 98, 99, 95, 100, 100, 99, 99, 100, 100, 100, 99, 98,
    101, 97, 98, 99, 99, 99, 99, 97, 98, 98, 101, 99, 100, 97, 95, 98,
    97, 95, 98, 98 ]
