%YAML:1.0
---
videoName: "headLookDown3.mp4"
gestureLabel: 206
fps: 29
pixelSizeInCmTemp: 3.5746268656716418e-01
faceCenterPointX: 273
faceCenterPointY: 98
headPositionsX: [ 272, 274, 275, 275, 271, 272, 272, 274, 271, 274, 271,
    275, 274, 270, 271, 274, 271, 272, 273, 272, 273, 273, 271, 272, 274,
    274, 274, 273, 270, 275, 271, 271, 274, 273, 275, 273, 272, 269, 273,
    270, 274, 270, 272, 269, 274, 274, 274, 272, 275, 272, 274, 275, 271,
    270, 274, 274, 274, 274, 272, 274, 273, 271, 269, 271, 274, 271, 270,
    269, 268, 272, 269, 271, 269, 270, 270, 270, 271, 274, 273, 270, 272,
    274, 269, 270, 271, 272, 270, 273, 271, 272, 272, 275, 274, 272, 272,
    275, 272, 271, 272, 272 ]
headPositionsY: [ 99, 76, 78, 76, 80, 79, 77, 76, 76, 80, 77, 76, 80, 80,
    80, 77, 79, 79, 81, 80, 77, 80, 78, 80, 81, 79, 79, 80, 76, 81, 79,
    79, 78, 81, 80, 81, 82, 82, 83, 82, 84, 82, 84, 83, 87, 86, 85, 87,
    87, 92, 90, 94, 91, 92, 93, 94, 94, 97, 95, 96, 98, 99, 96, 99, 100,
    99, 101, 99, 99, 99, 101, 103, 102, 101, 103, 101, 99, 102, 101, 100,
    103, 100, 100, 103, 100, 103, 98, 98, 102, 102, 102, 100, 104, 102,
    102, 98, 100, 101, 98, 98 ]
