%YAML:1.0
---
videoName: "headLookDown0.mp4"
gestureLabel: 206
fps: 29
pixelSizeInCmTemp: 3.3263888888888887e-01
faceCenterPointX: 273
faceCenterPointY: 93
headPositionsX: [ 271, 271, 272, 272, 275, 270, 271, 273, 274, 272, 274,
    271, 271, 273, 274, 274, 273, 270, 272, 273, 272, 271, 271, 272, 272,
    271, 272, 273, 270, 273, 274, 269, 272, 272, 272, 273, 270, 272, 269,
    273, 272, 271, 272, 270, 274, 273, 271, 270, 274, 270, 272, 271, 273,
    274, 270, 270, 272, 271, 270, 270, 270, 269, 270, 270, 269, 274, 269,
    271, 273, 273, 270, 271, 271, 272, 275, 274, 272, 272, 273, 273, 275,
    271, 274, 270, 274, 274, 275, 272, 272, 274, 275, 272, 273, 273, 272,
    272, 273, 274, 271, 272 ]
headPositionsY: [ 91, 80, 78, 78, 80, 79, 77, 79, 78, 80, 78, 79, 78, 79,
    80, 80, 81, 81, 82, 78, 81, 79, 81, 80, 79, 77, 80, 79, 82, 80, 81,
    79, 80, 80, 79, 81, 80, 80, 82, 84, 87, 89, 90, 89, 92, 95, 96, 94,
    98, 99, 96, 94, 97, 97, 95, 95, 96, 98, 98, 96, 98, 98, 97, 94, 97,
    94, 94, 94, 94, 97, 97, 98, 93, 93, 96, 94, 95, 97, 96, 96, 94, 94,
    95, 96, 95, 93, 94, 93, 92, 93, 93, 94, 95, 94, 91, 93, 94, 91, 91,
    96 ]
