%YAML:1.0
---
videoName: "headLookDown8.mp4"
gestureLabel: 206
fps: 29
pixelSizeInCmTemp: 3.3732394366197183e-01
faceCenterPointX: 276
faceCenterPointY: 96
headPositionsX: [ 277, 273, 276, 273, 275, 276, 274, 273, 275, 275, 273,
    273, 277, 274, 277, 273, 277, 273, 273, 275, 275, 274, 275, 272, 272,
    273, 276, 275, 277, 272, 273, 273, 276, 274, 275, 276, 272, 275, 275,
    275, 275, 277, 273, 274, 274, 276, 278, 273, 275, 275, 275, 275, 274,
    275, 275, 276, 277, 277, 275, 276, 278, 274, 278, 273, 275, 277, 275,
    277, 277, 278, 275, 278, 273, 277, 277, 278, 276, 274, 278, 274, 277,
    275, 275, 276, 277, 277, 276, 277, 276, 276, 276, 276, 277, 276, 275,
    278, 274, 277, 275, 277 ]
headPositionsY: [ 98, 80, 79, 78, 77, 82, 81, 79, 79, 79, 81, 79, 81, 77,
    80, 81, 81, 79, 80, 79, 80, 77, 79, 79, 81, 79, 79, 81, 82, 80, 80,
    81, 79, 82, 84, 83, 86, 85, 83, 87, 85, 90, 91, 92, 93, 94, 91, 92,
    92, 94, 94, 97, 96, 97, 97, 96, 96, 98, 96, 98, 99, 97, 96, 96, 100,
    96, 96, 97, 98, 99, 96, 97, 95, 99, 94, 98, 98, 97, 95, 95, 95, 96,
    97, 98, 95, 99, 95, 98, 95, 99, 95, 95, 99, 97, 95, 95, 96, 95, 95,
    96 ]
