%YAML:1.0
---
videoName: "headLookDown0.mp4"
gestureLabel: 206
fps: 29
pixelSizeInCmTemp: 3.3263888888888887e-01
faceCenterPointX: 273
faceCenterPointY: 93
headPositionsX: [ 274, 271, 273, 272, 273, 269, 273, 273, 274, 269, 273,
    271, 274, 270, 273, 270, 270, 271, 274, 274, 271, 272, 272, 271, 270,
    271, 273, 272, 271, 269, 273, 271, 270, 270, 271, 272, 270, 270, 272,
    273, 272, 274, 273, 271, 272, 272, 270, 272, 272, 271, 273, 270, 272,
    273, 270, 271, 274, 272, 271, 271, 273, 273, 272, 273, 272, 273, 271,
    272, 270, 274, 273, 270, 271, 273, 274, 270, 271, 273, 274, 274, 272,
    271, 274, 273, 273, 271, 273, 275, 273, 272, 273, 274, 273, 274, 270,
    274, 274, 274, 275, 271 ]
headPositionsY: [ 94, 78, 82, 80, 82, 79, 81, 80, 77, 80, 79, 79, 80, 78,
    78, 77, 79, 81, 81, 78, 81, 80, 79, 80, 82, 78, 81, 78, 82, 81, 82,
    80, 81, 79, 81, 81, 83, 80, 85, 85, 87, 89, 90, 90, 94, 94, 94, 95,
    97, 96, 95, 94, 98, 98, 95, 99, 97, 97, 95, 98, 96, 98, 96, 98, 93,
    98, 98, 95, 98, 97, 96, 95, 93, 95, 97, 96, 96, 95, 96, 95, 97, 97,
    96, 96, 92, 94, 94, 95, 96, 92, 93, 95, 93, 93, 92, 93, 96, 92, 92,
    92 ]
