%YAML:1.0
---
videoName: "headLookDown8.mp4"
gestureLabel: 206
fps: 29
pixelSizeInCmTemp: 3.3732394366197183e-01
faceCenterPointX: 276
faceCenterPointY: 96
headPositionsX: [ 274, 274, 272, 276, 272, 275, 275, 275, 274, 274, 272,
    273, 273, 275, 277, 275, 274, 274, 273, 278, 276, 272, 277, 274, 272,
    277, 274, 275, 275, 272, 274, 273, 274, 276, 276, 273, 276, 274, 274,
    276, 275, 275, 273, 276, 273, 276, 274, 274, 275, 278, 275, 275, 275,
    275, 276, 277, 278, 274, 275, 278, 274, 275, 276, 274, 278, 274, 277,
    275, 275, 277, 274, 278, 276, 276, 276, 276, 274, 277, 278, 275, 275,
    279, 275, 276, 277, 275, 276, 277, 275, 279, 275, 274, 276, 276, 276,
    279, 278, 279, 274, 277 ]
headPositionsY: [ 96, 80, 77, 79, 80, 82, 79, 77, 82, 80, 80, 82, 79, 77,
    81, 79, 78, 82, 78, 81, 80, 81, 80, 78, 82, 80, 82, 78, 82, 82, 80,
    81, 82, 84, 83, 85, 83, 84, 84, 86, 89, 91, 89, 89, 92, 94, 91, 92,
    95, 93, 96, 97, 97, 98, 100, 98, 98, 98, 97, 98, 99, 99, 97, 97, 97,
    96, 96, 97, 96, 98, 99, 96, 95, 96, 96, 97, 95, 94, 96, 97, 96, 96,
    98, 96, 96, 97, 97, 98, 99, 97, 95, 94, 95, 96, 95, 97, 98, 98, 94,
    97 ]
