%YAML:1.0
---
videoName: "headLookDown7.mp4"
gestureLabel: 206
fps: 30
pixelSizeInCmTemp: 3.3732394366197183e-01
faceCenterPointX: 274
faceCenterPointY: 95
headPositionsX: [ 274, 272, 271, 274, 273, 274, 273, 273, 273, 274, 272,
    275, 273, 274, 273, 273, 274, 272, 272, 274, 273, 274, 273, 273, 276,
    273, 272, 273, 275, 274, 276, 274, 274, 274, 273, 272, 275, 274, 272,
    273, 276, 271, 271, 274, 274, 275, 273, 273, 273, 272, 275, 276, 276,
    276, 274, 276, 275, 275, 275, 275, 274, 272, 273, 274, 276, 274, 276,
    272, 272, 272, 272, 274, 272, 276, 274, 275, 272, 273, 275, 274, 275,
    273, 275, 273, 276, 272, 276, 276, 277, 276, 275, 276, 275, 274, 277,
    273, 273, 274, 275, 273 ]
headPositionsY: [ 93, 85, 81, 81, 83, 83, 82, 82, 82, 82, 84, 85, 84, 84,
    83, 83, 83, 83, 82, 82, 84, 83, 84, 80, 85, 85, 85, 81, 84, 85, 85,
    81, 83, 81, 83, 82, 84, 82, 82, 81, 83, 83, 84, 82, 85, 86, 85, 84,
    82, 84, 84, 86, 84, 88, 87, 87, 92, 90, 93, 94, 96, 95, 96, 96, 93,
    96, 95, 97, 94, 95, 94, 94, 97, 95, 96, 94, 95, 93, 96, 98, 94, 97,
    97, 98, 93, 94, 95, 93, 94, 96, 94, 97, 98, 98, 97, 98, 96, 96, 97,
    95 ]
