%YAML:1.0
---
videoName: "headLookDown5.mp4"
gestureLabel: 206
fps: 29
pixelSizeInCmTemp: 3.4710144927536229e-01
faceCenterPointX: 272
faceCenterPointY: 102
headPositionsX: [ 274, 272, 268, 272, 273, 272, 271, 271, 274, 273, 273,
    274, 272, 271, 272, 270, 270, 269, 270, 271, 270, 270, 273, 269, 272,
    272, 271, 274, 271, 274, 269, 273, 271, 271, 271, 271, 272, 273, 271,
    273, 270, 271, 271, 272, 269, 270, 270, 273, 270, 270, 270, 270, 270,
    272, 273, 272, 271, 271, 274, 272, 270, 272, 270, 271, 270, 273, 272,
    274, 271, 272, 273, 272, 272, 272, 270, 270, 273, 271, 273, 275, 270,
    274, 271, 271, 272, 273, 274, 271, 271, 270, 270, 271, 271, 272, 272,
    272, 275, 271, 273, 274 ]
headPositionsY: [ 102, 82, 83, 85, 82, 82, 85, 82, 83, 82, 85, 82, 84,
    83, 82, 86, 81, 85, 83, 83, 83, 84, 81, 85, 85, 83, 84, 82, 82, 86,
    82, 84, 86, 81, 81, 81, 86, 85, 84, 85, 84, 82, 81, 84, 81, 85, 85,
    83, 85, 86, 90, 88, 90, 93, 92, 93, 93, 98, 96, 97, 99, 102, 102,
    100, 101, 98, 101, 101, 99, 100, 103, 102, 103, 102, 101, 101, 104,
    102, 101, 105, 104, 104, 101, 103, 101, 103, 104, 103, 102, 103, 103,
    102, 101, 102, 99, 103, 105, 100, 104, 103 ]
