%YAML:1.0
---
videoName: "headLookDown8.mp4"
gestureLabel: 206
fps: 29
pixelSizeInCmTemp: 3.3732394366197183e-01
faceCenterPointX: 276
faceCenterPointY: 96
headPositionsX: [ 277, 276, 273, 272, 273, 275, 276, 272, 276, 274, 272,
    277, 276, 275, 276, 275, 276, 277, 273, 276, 273, 276, 278, 273, 274,
    275, 274, 274, 277, 273, 271, 273, 273, 276, 275, 274, 273, 275, 275,
    273, 274, 276, 274, 275, 273, 277, 275, 277, 276, 275, 279, 277, 277,
    276, 278, 277, 276, 275, 274, 277, 276, 276, 276, 276, 278, 274, 276,
    274, 276, 276, 278, 276, 276, 277, 277, 275, 277, 275, 277, 277, 277,
    277, 278, 274, 278, 277, 277, 276, 278, 277, 275, 278, 277, 278, 276,
    275, 275, 278, 277, 278 ]
headPositionsY: [ 98, 79, 77, 78, 79, 78, 78, 79, 80, 82, 81, 78, 81, 79,
    81, 79, 77, 78, 77, 82, 77, 81, 78, 80, 82, 81, 78, 80, 79, 78, 81,
    82, 81, 82, 84, 85, 85, 85, 85, 89, 86, 90, 89, 90, 91, 91, 94, 93,
    93, 95, 95, 99, 96, 95, 100, 99, 95, 97, 97, 99, 96, 99, 97, 99, 98,
    97, 96, 100, 96, 98, 96, 99, 97, 99, 98, 96, 95, 98, 97, 97, 95, 95,
    96, 94, 98, 97, 97, 98, 97, 96, 94, 97, 97, 99, 95, 97, 98, 97, 98,
    94 ]
