%YAML:1.0
---
videoName: "headLookDown2.mp4"
gestureLabel: 206
fps: 29
pixelSizeInCmTemp: 3.3732394366197183e-01
faceCenterPointX: 274
faceCenterPointY: 95
headPositionsX: [ 272, 274, 273, 274, 273, 272, 275, 274, 276, 275, 273,
    276, 276, 272, 275, 274, 276, 275, 271, 272, 275, 273, 274, 276, 275,
    274, 275, 276, 272, 273, 271, 274, 273, 275, 276, 276, 274, 273, 272,
    276, 276, 276, 276, 276, 273, 273, 274, 275, 273, 274, 272, 271, 276,
    274, 275, 272, 273, 274, 276, 274, 275, 272, 273, 274, 273, 273, 274,
    272, 275, 277, 273, 277, 275, 274, 275, 277, 276, 273, 273, 275, 276,
    277, 277, 274, 275, 275, 277, 273, 274, 276, 275, 274, 276, 275, 275,
    272, 277, 274, 273, 273 ]
headPositionsY: [ 93, 81, 81, 78, 77, 81, 79, 80, 78, 81, 77, 81, 81, 77,
    80, 81, 80, 80, 78, 78, 78, 78, 78, 79, 82, 79, 79, 80, 78, 80, 80,
    80, 81, 79, 79, 80, 84, 82, 83, 87, 86, 90, 92, 89, 93, 95, 92, 93,
    94, 95, 92, 93, 93, 93, 93, 94, 92, 95, 96, 94, 97, 97, 92, 95, 96,
    97, 97, 93, 97, 97, 96, 92, 94, 95, 93, 94, 94, 93, 95, 95, 94, 95,
    94, 95, 95, 93, 95, 96, 95, 97, 94, 98, 94, 95, 94, 96, 97, 94, 98,
    97 ]
