%YAML:1.0
---
videoName: "headLookDown9.mp4"
gestureLabel: 206
fps: 29
pixelSizeInCmTemp: 3.5220588235294115e-01
faceCenterPointX: 274
faceCenterPointY: 97
headPositionsX: [ 275, 271, 273, 270, 271, 271, 275, 271, 270, 271, 275,
    275, 272, 274, 273, 272, 271, 275, 271, 275, 275, 270, 274, 273, 270,
    273, 272, 274, 272, 270, 274, 274, 274, 271, 273, 273, 272, 272, 271,
    272, 270, 274, 272, 271, 274, 273, 274, 273, 271, 273, 271, 273, 272,
    271, 274, 270, 273, 269, 273, 274, 270, 271, 270, 272, 271, 272, 270,
    272, 272, 273, 273, 273, 272, 273, 273, 272, 273, 274, 270, 272, 271,
    270, 272, 274, 271, 273, 271, 271, 272, 275, 273, 271, 275, 275, 271,
    274, 275, 271, 275, 273 ]
headPositionsY: [ 95, 80, 82, 82, 79, 82, 79, 80, 80, 80, 84, 79, 79, 81,
    79, 79, 79, 79, 79, 80, 79, 81, 77, 81, 81, 78, 80, 82, 82, 79, 81,
    79, 82, 82, 84, 85, 82, 86, 87, 85, 89, 92, 92, 94, 95, 95, 94, 97,
    98, 99, 99, 98, 97, 96, 97, 100, 101, 98, 101, 98, 100, 100, 100,
    100, 100, 96, 97, 98, 99, 95, 97, 98, 96, 95, 99, 97, 96, 96, 99, 97,
    98, 99, 97, 99, 97, 97, 98, 96, 98, 96, 99, 95, 96, 99, 98, 99, 96,
    94, 97, 95 ]
