%YAML:1.0
---
videoName: "headLookDown4.mp4"
gestureLabel: 206
fps: 29
pixelSizeInCmTemp: 3.4710144927536229e-01
faceCenterPointX: 275
faceCenterPointY: 97
headPositionsX: [ 273, 275, 274, 275, 271, 271, 272, 272, 275, 275, 275,
    273, 275, 272, 271, 272, 272, 272, 273, 272, 272, 273, 271, 274, 271,
    272, 274, 273, 270, 274, 271, 273, 273, 271, 274, 272, 274, 272, 275,
    271, 273, 276, 272, 276, 275, 273, 273, 275, 274, 274, 275, 272, 275,
    274, 272, 272, 272, 276, 275, 275, 273, 274, 276, 273, 275, 275, 274,
    274, 272, 275, 274, 276, 274, 274, 276, 272, 275, 272, 275, 275, 275,
    273, 277, 276, 276, 276, 276, 276, 277, 276, 276, 276, 272, 272, 276,
    274, 274, 275, 273, 273 ]
headPositionsY: [ 98, 79, 80, 83, 82, 81, 81, 78, 81, 80, 79, 82, 79, 78,
    79, 79, 83, 78, 81, 83, 83, 79, 81, 78, 79, 79, 83, 79, 80, 81, 79,
    83, 81, 85, 85, 86, 86, 86, 87, 86, 87, 88, 90, 90, 93, 91, 95, 96,
    93, 93, 94, 98, 100, 98, 102, 101, 103, 102, 99, 99, 102, 101, 102,
    101, 100, 99, 98, 98, 99, 98, 98, 98, 98, 98, 97, 95, 96, 100, 100,
    100, 98, 96, 98, 98, 99, 99, 99, 97, 95, 98, 96, 98, 98, 99, 96, 97,
    95, 95, 99, 96 ]
