%YAML:1.0
---
videoName: "headLookDown0.mp4"
gestureLabel: 206
fps: 29
pixelSizeInCmTemp: 3.3263888888888887e-01
faceCenterPointX: 273
faceCenterPointY: 93
headPositionsX: [ 272, 272, 272, 272, 271, 269, 270, 272, 272, 271, 273,
    272, 271, 270, 270, 274, 274, 272, 274, 274, 271, 270, 273, 274, 272,
    273, 270, 272, 272, 271, 270, 273, 271, 270, 270, 271, 272, 271, 270,
    269, 274, 274, 274, 274, 270, 274, 270, 273, 271, 274, 271, 273, 273,
    270, 272, 273, 272, 272, 269, 270, 272, 273, 272, 271, 271, 273, 273,
    271, 271, 273, 272, 271, 274, 272, 272, 270, 270, 271, 271, 271, 271,
    274, 274, 271, 271, 273, 274, 274, 272, 274, 271, 270, 274, 270, 271,
    271, 271, 273, 272, 272 ]
headPositionsY: [ 92, 78, 80, 80, 80, 81, 77, 78, 78, 78, 81, 80, 78, 80,
    80, 78, 77, 81, 78, 79, 80, 79, 80, 81, 79, 77, 80, 77, 81, 79, 82,
    81, 82, 81, 81, 80, 80, 83, 84, 85, 86, 86, 87, 90, 90, 92, 97, 95,
    99, 95, 96, 98, 95, 98, 97, 97, 98, 97, 96, 98, 97, 98, 94, 96, 94,
    96, 98, 95, 95, 96, 93, 95, 97, 97, 93, 97, 96, 97, 94, 96, 96, 97,
    95, 93, 95, 96, 93, 94, 95, 95, 94, 92, 96, 94, 92, 95, 96, 91, 94,
    93 ]
