%YAML:1.0
---
videoName: "headLookDown0.mp4"
gestureLabel: 206
fps: 29
pixelSizeInCmTemp: 3.3263888888888887e-01
faceCenterPointX: 273
faceCenterPointY: 93
headPositionsX: [ 275, 272, 272, 271, 272, 273, 271, 274, 274, 271, 273,
    271, 270, 274, 270, 273, 270, 273, 271, 270, 271, 272, 270, 274, 271,
    273, 271, 274, 269, 272, 273, 272, 273, 272, 273, 274, 271, 271, 271,
    271, 274, 273, 271, 274, 274, 274, 272, 272, 275, 271, 274, 269, 270,
    270, 272, 271, 272, 274, 269, 272, 272, 269, 273, 274, 272, 271, 271,
    273, 273, 271, 272, 273, 272, 273, 273, 273, 271, 272, 270, 272, 275,
    273, 274, 274, 274, 272, 273, 275, 273, 271, 273, 274, 273, 271, 270,
    271, 273, 274, 271, 271 ]
headPositionsY: [ 94, 80, 82, 77, 82, 78, 80, 82, 80, 79, 81, 82, 78, 78,
    80, 78, 80, 79, 81, 82, 80, 79, 79, 82, 78, 80, 78, 80, 81, 81, 82,
    81, 82, 78, 82, 80, 83, 84, 82, 86, 86, 89, 87, 89, 91, 92, 95, 95,
    96, 97, 95, 95, 98, 96, 95, 96, 94, 99, 97, 98, 98, 97, 95, 96, 95,
    98, 98, 93, 96, 98, 94, 96, 93, 95, 96, 97, 97, 94, 93, 97, 94, 97,
    95, 93, 96, 94, 95, 95, 95, 95, 93, 94, 93, 94, 92, 95, 96, 94, 94,
    96 ]
