%YAML:1.0
---
videoName: "headLookDown2.mp4"
gestureLabel: 206
fps: 29
pixelSizeInCmTemp: 3.3732394366197183e-01
faceCenterPointX: 274
faceCenterPointY: 95
headPositionsX: [ 275, 272, 273, 275, 272, 276, 274, 276, 272, 275, 271,
    272, 273, 276, 273, 275, 276, 276, 272, 272, 275, 272, 272, 273, 274,
    273, 276, 274, 275, 272, 273, 275, 273, 273, 275, 275, 275, 274, 272,
    273, 275, 274, 274, 276, 276, 276, 276, 273, 274, 271, 275, 271, 273,
    275, 271, 274, 272, 273, 274, 275, 276, 274, 273, 276, 275, 274, 275,
    273, 276, 277, 274, 277, 273, 275, 276, 276, 273, 273, 277, 277, 274,
    277, 273, 273, 276, 274, 276, 277, 275, 275, 274, 273, 274, 273, 272,
    272, 276, 276, 274, 277 ]
headPositionsY: [ 95, 79, 77, 77, 80, 78, 79, 79, 77, 80, 79, 80, 79, 79,
    78, 78, 78, 80, 80, 78, 78, 79, 80, 78, 80, 79, 82, 80, 78, 80, 81,
    79, 78, 80, 79, 84, 84, 85, 85, 88, 87, 90, 92, 89, 92, 96, 92, 96,
    93, 93, 95, 96, 94, 96, 93, 96, 96, 94, 94, 93, 94, 94, 96, 95, 93,
    93, 93, 94, 94, 94, 95, 96, 93, 95, 94, 93, 96, 94, 93, 97, 95, 96,
    94, 93, 95, 97, 94, 94, 96, 96, 98, 98, 93, 98, 96, 94, 95, 94, 97,
    97 ]
