%YAML:1.0
---
videoName: "headLookDown4.mp4"
gestureLabel: 206
fps: 29
pixelSizeInCmTemp: 3.4710144927536229e-01
faceCenterPointX: 275
faceCenterPointY: 97
headPositionsX: [ 276, 272, 272, 273, 275, 274, 273, 272, 273, 271, 275,
    274, 273, 272, 271, 274, 276, 271, 275, 275, 271, 274, 273, 272, 275,
    271, 275, 273, 271, 272, 271, 275, 275, 273, 275, 272, 271, 271, 273,
    274, 272, 274, 273, 273, 275, 275, 272, 273, 276, 276, 273, 275, 274,
    272, 273, 275, 274, 275, 274, 272, 276, 274, 275, 273, 275, 274, 276,
    272, 276, 275, 274, 276, 273, 275, 272, 275, 272, 272, 274, 273, 273,
    276, 276, 274, 276, 275, 275, 274, 275, 273, 276, 273, 276, 274, 276,
    275, 275, 273, 274, 277 ]
headPositionsY: [ 98, 81, 81, 82, 83, 79, 78, 79, 81, 81, 80, 79, 81, 79,
    78, 79, 79, 80, 81, 79, 80, 83, 79, 80, 82, 83, 79, 79, 79, 79, 80,
    79, 83, 84, 83, 82, 84, 86, 85, 86, 86, 87, 89, 90, 93, 91, 95, 95,
    97, 93, 96, 97, 97, 97, 100, 102, 101, 99, 99, 102, 99, 99, 100, 99,
    99, 101, 100, 97, 100, 99, 97, 99, 101, 97, 100, 99, 97, 100, 98, 98,
    99, 99, 99, 98, 99, 98, 96, 98, 99, 97, 98, 99, 99, 97, 97, 96, 98,
    98, 100, 95 ]
