%YAML:1.0
---
videoName: "headLookDown4.mp4"
gestureLabel: 206
fps: 29
pixelSizeInCmTemp: 3.4710144927536229e-01
faceCenterPointX: 275
faceCenterPointY: 97
headPositionsX: [ 277, 274, 275, 273, 273, 271, 272, 274, 272, 275, 273,
    272, 273, 272, 273, 272, 276, 274, 274, 272, 274, 274, 271, 273, 274,
    274, 273, 272, 273, 271, 272, 271, 271, 272, 273, 272, 272, 271, 276,
    272, 273, 273, 271, 275, 274, 275, 272, 274, 276, 275, 276, 276, 274,
    271, 274, 273, 271, 274, 275, 275, 276, 273, 274, 272, 273, 276, 276,
    271, 275, 274, 276, 272, 273, 272, 272, 273, 274, 276, 272, 277, 272,
    275, 277, 276, 273, 276, 277, 275, 273, 276, 272, 274, 276, 276, 276,
    275, 274, 276, 276, 276 ]
headPositionsY: [ 97, 82, 79, 80, 82, 79, 80, 82, 82, 80, 81, 79, 82, 78,
    81, 82, 79, 80, 78, 79, 80, 82, 80, 82, 81, 80, 79, 82, 80, 78, 80,
    79, 84, 81, 85, 82, 83, 84, 85, 88, 90, 87, 88, 88, 92, 93, 94, 95,
    94, 94, 94, 98, 100, 96, 100, 102, 103, 103, 102, 100, 98, 98, 101,
    101, 99, 99, 102, 101, 97, 102, 101, 100, 101, 99, 97, 97, 97, 98,
    99, 97, 95, 95, 99, 99, 99, 96, 96, 97, 96, 98, 95, 96, 98, 95, 96,
    96, 98, 99, 96, 97 ]
