%YAML:1.0
---
videoName: "headLookDown9.mp4"
gestureLabel: 206
fps: 29
pixelSizeInCmTemp: 3.5220588235294115e-01
faceCenterPointX: 274
faceCenterPointY: 97
headPositionsX: [ 272, 272, 271, 272, 271, 275, 271, 273, 273, 273, 271,
    271, 269, 273, 270, 275, 272, 274, 272, 273, 275, 273, 271, 271, 273,
    274, 274, 270, 274, 274, 270, 274, 272, 273, 273, 271, 271, 273, 273,
    273, 273, 271, 275, 273, 271, 274, 273, 273, 275, 273, 271, 274, 272,
    273, 274, 274, 274, 269, 274, 273, 273, 275, 271, 272, 273, 270, 271,
    272, 271, 273, 271, 270, 271, 271, 271, 271, 274, 273, 274, 274, 271,
    271, 272, 272, 274, 272, 273, 273, 272, 272, 272, 273, 271, 274, 273,
    271, 273, 272, 275, 272 ]
headPositionsY: [ 98, 81, 83, 79, 78, 80, 78, 81, 81, 81, 83, 81, 81, 78,
    79, 81, 80, 82, 82, 78, 80, 80, 81, 80, 79, 81, 79, 83, 81, 79, 81,
    82, 80, 81, 85, 87, 84, 82, 88, 86, 87, 92, 92, 91, 91, 94, 94, 94,
    95, 95, 97, 96, 98, 98, 97, 97, 100, 96, 98, 99, 101, 97, 97, 100,
    100, 99, 96, 96, 96, 97, 98, 99, 100, 98, 97, 98, 97, 95, 97, 95, 97,
    99, 99, 96, 95, 98, 96, 98, 99, 97, 99, 99, 97, 95, 96, 98, 98, 93,
    97, 95 ]
