%YAML:1.0
---
videoName: "headLookDown7.mp4"
gestureLabel: 206
fps: 30
pixelSizeInCmTemp: 3.3732394366197183e-01
faceCenterPointX: 274
faceCenterPointY: 95
headPositionsX: [ 273, 274, 271, 276, 272, 275, 271, 272, 272, 275, 271,
    274, 273, 272, 276, 276, 271, 271, 272, 271, 274, 272, 276, 275, 273,
    274, 275, 275, 275, 276, 273, 271, 273, 271, 274, 272, 272, 273, 273,
    273, 273, 275, 271, 274, 275, 272, 275, 272, 271, 272, 272, 273, 274,
    276, 274, 273, 273, 277, 273, 274, 274, 275, 273, 272, 275, 274, 275,
    274, 276, 273, 272, 276, 273, 274, 276, 275, 274, 276, 273, 277, 276,
    274, 274, 275, 273, 275, 277, 274, 273, 274, 276, 274, 277, 272, 273,
    274, 277, 275, 274, 275 ]
headPositionsY: [ 96, 84, 81, 84, 83, 82, 84, 81, 83, 85, 83, 81, 83, 81,
    82, 83, 81, 82, 82, 82, 84, 83, 80, 80, 81, 81, 82, 82, 84, 85, 85,
    80, 84, 84, 83, 82, 84, 83, 81, 85, 82, 81, 82, 85, 84, 85, 84, 85,
    86, 85, 84, 84, 87, 86, 88, 88, 92, 90, 94, 93, 95, 93, 95, 93, 94,
    96, 96, 94, 94, 95, 97, 95, 96, 93, 93, 94, 96, 97, 95, 95, 97, 96,
    96, 97, 97, 95, 96, 93, 95, 97, 95, 94, 97, 97, 95, 96, 96, 95, 94,
    96 ]
