%YAML:1.0
---
videoName: "headLookDown9.mp4"
gestureLabel: 206
fps: 29
pixelSizeInCmTemp: 3.5220588235294115e-01
faceCenterPointX: 274
faceCenterPointY: 97
headPositionsX: [ 276, 270, 274, 271, 273, 272, 272, 270, 274, 273, 275,
    272, 272, 272, 271, 275, 274, 273, 273, 275, 275, 272, 271, 273, 274,
    275, 275, 270, 270, 274, 272, 274, 273, 271, 275, 274, 273, 270, 272,
    275, 270, 274, 275, 273, 273, 274, 275, 271, 274, 272, 270, 270, 274,
    274, 272, 272, 273, 272, 274, 274, 272, 271, 269, 274, 274, 269, 270,
    275, 273, 272, 271, 272, 271, 271, 272, 272, 271, 271, 274, 274, 271,
    273, 274, 270, 272, 271, 275, 273, 272, 275, 274, 275, 275, 274, 274,
    271, 273, 271, 273, 273 ]
headPositionsY: [ 98, 78, 80, 78, 79, 82, 77, 78, 81, 80, 81, 80, 80, 80,
    81, 81, 79, 80, 78, 78, 78, 79, 79, 82, 79, 81, 80, 83, 80, 80, 81,
    81, 80, 81, 85, 86, 84, 83, 85, 87, 88, 90, 89, 92, 93, 93, 94, 93,
    98, 99, 96, 96, 100, 100, 98, 96, 101, 97, 100, 97, 97, 99, 101, 98,
    100, 97, 98, 99, 100, 96, 98, 97, 100, 99, 99, 95, 98, 98, 98, 96,
    99, 96, 96, 99, 98, 99, 97, 97, 96, 94, 95, 99, 97, 98, 95, 95, 94,
    93, 96, 98 ]
