%YAML:1.0
---
videoName: "headLookDown9.mp4"
gestureLabel: 206
fps: 29
pixelSizeInCmTemp: 3.5220588235294115e-01
faceCenterPointX: 274
faceCenterPointY: 97
headPositionsX: [ 273, 270, 274, 274, 274, 272, 274, 273, 274, 270, 275,
    274, 272, 275, 270, 273, 271, 271, 273, 272, 271, 270, 271, 273, 273,
    273, 271, 274, 270, 273, 274, 275, 274, 270, 272, 274, 271, 273, 271,
    271, 273, 272, 275, 272, 270, 270, 275, 271, 271, 273, 270, 270, 271,
    274, 271, 270, 271, 273, 275, 273, 272, 274, 270, 272, 272, 272, 274,
    272, 270, 270, 274, 273, 273, 274, 270, 272, 274, 271, 271, 274, 273,
    273, 272, 274, 275, 273, 274, 270, 273, 274, 273, 274, 274, 272, 272,
    275, 272, 270, 273, 275 ]
headPositionsY: [ 99, 81, 82, 81, 82, 80, 80, 82, 81, 78, 81, 79, 81, 79,
    80, 80, 79, 78, 81, 80, 80, 78, 79, 79, 82, 79, 83, 79, 78, 80, 80,
    82, 80, 82, 81, 85, 83, 82, 87, 88, 91, 89, 92, 90, 94, 94, 98, 95,
    95, 97, 96, 97, 98, 97, 98, 99, 98, 97, 100, 98, 100, 99, 99, 98,
    100, 100, 99, 97, 100, 96, 97, 99, 97, 95, 97, 94, 97, 96, 98, 98,
    98, 99, 98, 97, 99, 97, 96, 99, 98, 96, 98, 97, 98, 97, 96, 98, 96,
    96, 94, 97 ]
