%YAML:1.0
---
videoName: "headLookDown9.mp4"
gestureLabel: 206
fps: 29
pixelSizeInCmTemp: 3.5220588235294115e-01
faceCenterPointX: 274
faceCenterPointY: 97
headPositionsX: [ 274, 274, 273, 272, 270, 275, 274, 271, 271, 271, 272,
    271, 272, 272, 273, 273, 273, 275, 272, 272, 274, 274, 272, 273, 273,
    273, 273, 274, 274, 272, 274, 272, 275, 273, 272, 272, 270, 270, 271,
    275, 270, 275, 274, 272, 270, 270, 274, 272, 271, 271, 272, 270, 274,
    270, 272, 272, 272, 271, 273, 273, 271, 275, 272, 270, 271, 271, 271,
    272, 269, 271, 273, 272, 275, 274, 274, 271, 271, 271, 273, 275, 272,
    273, 271, 270, 275, 275, 271, 274, 274, 275, 274, 272, 272, 274, 274,
    273, 274, 272, 272, 273 ]
headPositionsY: [ 99, 80, 80, 81, 78, 81, 78, 82, 81, 81, 82, 81, 80, 81,
    80, 78, 79, 80, 81, 78, 82, 80, 78, 80, 81, 80, 82, 83, 82, 81, 82,
    83, 83, 83, 84, 83, 83, 86, 85, 89, 87, 88, 89, 93, 92, 95, 94, 96,
    98, 97, 97, 100, 97, 99, 97, 96, 102, 99, 100, 98, 99, 97, 99, 97,
    100, 99, 95, 98, 97, 99, 96, 95, 100, 98, 99, 98, 96, 99, 95, 96, 98,
    95, 99, 96, 95, 95, 99, 99, 97, 98, 95, 95, 98, 97, 97, 95, 98, 97,
    96, 98 ]
