%YAML:1.0
---
videoName: "headLookDown7.mp4"
gestureLabel: 206
fps: 30
pixelSizeInCmTemp: 3.3732394366197183e-01
faceCenterPointX: 274
faceCenterPointY: 95
headPositionsX: [ 273, 274, 274, 276, 274, 275, 272, 275, 275, 275, 275,
    272, 275, 273, 273, 272, 272, 271, 271, 271, 271, 272, 273, 275, 272,
    272, 272, 273, 273, 274, 274, 275, 272, 273, 274, 274, 275, 275, 271,
    271, 275, 274, 274, 273, 271, 274, 274, 273, 273, 272, 276, 275, 275,
    274, 275, 272, 273, 273, 274, 277, 277, 273, 276, 272, 276, 276, 273,
    275, 276, 272, 276, 276, 274, 275, 274, 271, 275, 273, 273, 274, 273,
    273, 275, 275, 274, 276, 275, 276, 275, 277, 273, 277, 275, 272, 273,
    273, 274, 273, 272, 274 ]
headPositionsY: [ 96, 84, 84, 84, 82, 83, 80, 80, 80, 85, 80, 84, 83, 83,
    83, 80, 83, 81, 83, 84, 81, 81, 80, 81, 81, 85, 84, 83, 82, 83, 84,
    84, 80, 83, 84, 81, 82, 81, 84, 83, 82, 82, 82, 85, 83, 82, 81, 85,
    86, 83, 84, 88, 85, 88, 89, 90, 88, 91, 92, 94, 92, 95, 94, 97, 94,
    93, 94, 97, 93, 93, 95, 95, 95, 95, 97, 96, 96, 94, 95, 98, 98, 97,
    98, 97, 94, 96, 94, 94, 95, 95, 95, 94, 99, 96, 94, 95, 94, 95, 96,
    94 ]
