%YAML:1.0
---
videoName: "headLookDown7.mp4"
gestureLabel: 206
fps: 30
pixelSizeInCmTemp: 3.3732394366197183e-01
faceCenterPointX: 274
faceCenterPointY: 95
headPositionsX: [ 273, 276, 272, 273, 271, 271, 273, 275, 274, 272, 273,
    274, 274, 273, 276, 273, 273, 272, 273, 275, 274, 273, 274, 275, 276,
    272, 276, 275, 276, 274, 274, 271, 273, 273, 275, 271, 271, 274, 275,
    272, 275, 274, 271, 275, 274, 272, 272, 275, 271, 272, 272, 277, 273,
    273, 275, 272, 277, 277, 277, 276, 274, 275, 275, 272, 274, 274, 276,
    274, 275, 275, 276, 274, 273, 273, 275, 273, 276, 276, 277, 277, 277,
    274, 275, 275, 273, 273, 278, 274, 277, 274, 272, 276, 274, 272, 276,
    274, 274, 275, 276, 273 ]
headPositionsY: [ 96, 81, 81, 81, 81, 80, 84, 84, 80, 85, 81, 81, 81, 81,
    81, 83, 85, 80, 81, 83, 83, 82, 80, 82, 81, 84, 82, 82, 85, 84, 82,
    83, 84, 83, 84, 80, 85, 85, 81, 81, 84, 84, 84, 82, 82, 84, 84, 83,
    82, 84, 87, 84, 84, 88, 89, 88, 88, 93, 91, 95, 95, 94, 95, 96, 92,
    95, 94, 96, 96, 95, 94, 95, 97, 93, 94, 94, 94, 95, 93, 95, 95, 93,
    96, 96, 93, 94, 96, 95, 94, 98, 97, 95, 98, 94, 95, 96, 96, 97, 96,
    96 ]
