%YAML:1.0
---
videoName: "headLookDown0.mp4"
gestureLabel: 206
fps: 29
pixelSizeInCmTemp: 3.3263888888888887e-01
faceCenterPointX: 273
faceCenterPointY: 93
headPositionsX: [ 273, 271, 271, 271, 271, 273, 270, 271, 273, 270, 271,
    273, 271, 270, 271, 271, 272, 272, 271, 270, 274, 272, 274, 270, 273,
    271, 269, 270, 273, 272, 272, 273, 274, 271, 272, 274, 274, 273, 269,
    269, 273, 271, 274, 271, 274, 274, 273, 274, 271, 273, 274, 271, 269,
    270, 270, 270, 274, 273, 273, 272, 273, 269, 274, 272, 272, 272, 270,
    269, 270, 272, 271, 270, 273, 273, 273, 270, 274, 273, 271, 272, 274,
    271, 275, 274, 274, 275, 272, 271, 274, 274, 274, 270, 274, 273, 270,
    275, 270, 274, 274, 272 ]
headPositionsY: [ 93, 80, 81, 78, 78, 80, 80, 78, 81, 80, 78, 78, 78, 80,
    78, 81, 78, 80, 79, 79, 80, 82, 80, 80, 80, 79, 81, 79, 78, 81, 79,
    80, 79, 79, 82, 79, 79, 83, 84, 83, 84, 85, 89, 92, 93, 95, 97, 94,
    99, 95, 95, 96, 96, 95, 98, 99, 94, 98, 98, 95, 97, 95, 97, 98, 95,
    97, 98, 95, 97, 97, 96, 95, 96, 95, 94, 96, 94, 97, 96, 95, 97, 94,
    96, 94, 92, 93, 97, 93, 95, 95, 94, 94, 94, 93, 91, 93, 93, 94, 91,
    96 ]
