%YAML:1.0
---
videoName: "headLookDown7.mp4"
gestureLabel: 206
fps: 30
pixelSizeInCmTemp: 3.3732394366197183e-01
faceCenterPointX: 274
faceCenterPointY: 95
headPositionsX: [ 273, 274, 274, 273, 271, 273, 274, 271, 272, 274, 272,
    272, 275, 275, 273, 274, 273, 271, 273, 272, 274, 274, 273, 272, 276,
    274, 274, 276, 275, 273, 273, 273, 271, 273, 272, 272, 275, 273, 273,
    272, 275, 274, 272, 273, 275, 275, 272, 274, 272, 275, 272, 274, 272,
    275, 275, 275, 277, 277, 275, 276, 277, 273, 273, 272, 276, 274, 273,
    274, 272, 272, 274, 272, 274, 272, 276, 274, 272, 274, 273, 276, 276,
    273, 275, 275, 276, 275, 278, 273, 276, 277, 272, 277, 275, 274, 273,
    275, 274, 275, 273, 276 ]
headPositionsY: [ 94, 85, 82, 83, 83, 84, 84, 83, 80, 82, 80, 85, 82, 83,
    82, 81, 85, 82, 81, 82, 82, 81, 80, 82, 81, 84, 83, 85, 84, 82, 84,
    81, 84, 85, 82, 80, 84, 85, 84, 82, 83, 81, 83, 82, 83, 82, 81, 85,
    86, 86, 86, 87, 84, 86, 88, 87, 90, 90, 92, 91, 96, 92, 92, 97, 95,
    96, 93, 95, 93, 93, 93, 95, 95, 95, 97, 96, 94, 95, 97, 98, 94, 94,
    95, 97, 93, 95, 96, 97, 97, 99, 95, 95, 95, 96, 95, 96, 95, 98, 96,
    96 ]
