%YAML:1.0
---
videoName: "headLookDown4.mp4"
gestureLabel: 206
fps: 29
pixelSizeInCmTemp: 3.4710144927536229e-01
faceCenterPointX: 275
faceCenterPointY: 97
headPositionsX: [ 274, 272, 271, 272, 273, 274, 274, 271, 271, 274, 274,
    271, 271, 271, 273, 274, 273, 273, 271, 271, 275, 275, 270, 271, 273,
    275, 272, 272, 273, 274, 274, 273, 275, 272, 276, 273, 272, 270, 275,
    274, 274, 272, 274, 272, 274, 275, 272, 272, 273, 274, 275, 273, 273,
    272, 271, 276, 271, 276, 274, 274, 274, 274, 276, 275, 273, 272, 273,
    273, 274, 273, 273, 276, 276, 272, 273, 275, 273, 273, 275, 276, 275,
    276, 276, 272, 277, 273, 276, 273, 276, 275, 274, 272, 273, 276, 275,
    273, 273, 272, 274, 274 ]
headPositionsY: [ 96, 79, 80, 83, 79, 83, 77, 82, 79, 79, 79, 80, 80, 81,
    82, 83, 80, 80, 80, 83, 79, 80, 78, 80, 79, 79, 83, 82, 82, 79, 79,
    81, 82, 85, 84, 84, 86, 82, 87, 88, 89, 87, 91, 89, 91, 90, 92, 93,
    94, 93, 97, 97, 98, 96, 98, 103, 102, 99, 102, 99, 102, 102, 99, 99,
    100, 102, 99, 99, 97, 101, 101, 100, 100, 96, 98, 99, 99, 99, 100,
    98, 95, 96, 96, 96, 98, 98, 97, 98, 99, 95, 98, 98, 97, 95, 99, 94,
    96, 97, 97, 96 ]
