%YAML:1.0
---
videoName: "headLookDown9.mp4"
gestureLabel: 206
fps: 29
pixelSizeInCmTemp: 3.5220588235294115e-01
faceCenterPointX: 274
faceCenterPointY: 97
headPositionsX: [ 272, 272, 271, 272, 274, 275, 272, 273, 270, 270, 272,
    274, 270, 273, 273, 271, 271, 274, 271, 272, 273, 270, 275, 272, 272,
    275, 271, 271, 271, 271, 270, 274, 272, 274, 275, 273, 271, 270, 272,
    272, 272, 272, 275, 272, 273, 272, 272, 274, 274, 273, 270, 270, 274,
    270, 275, 272, 274, 271, 273, 273, 274, 272, 273, 274, 273, 270, 274,
    275, 273, 273, 274, 273, 271, 274, 274, 272, 275, 271, 273, 273, 271,
    270, 274, 274, 274, 272, 275, 274, 273, 273, 272, 275, 273, 274, 273,
    271, 272, 274, 271, 271 ]
headPositionsY: [ 97, 81, 80, 78, 80, 79, 78, 82, 83, 80, 83, 78, 80, 79,
    81, 82, 78, 82, 82, 80, 80, 78, 78, 79, 82, 82, 80, 79, 79, 79, 82,
    82, 80, 84, 83, 83, 86, 85, 86, 89, 88, 91, 91, 90, 92, 94, 98, 96,
    94, 95, 97, 100, 99, 97, 98, 99, 98, 100, 100, 98, 100, 97, 98, 100,
    96, 98, 99, 99, 100, 95, 97, 98, 98, 95, 99, 97, 95, 95, 99, 98, 96,
    98, 97, 98, 95, 97, 96, 97, 96, 95, 96, 98, 97, 97, 99, 98, 95, 94,
    98, 97 ]
