%YAML:1.0
---
videoName: "headLookDown8.mp4"
gestureLabel: 206
fps: 29
pixelSizeInCmTemp: 3.3732394366197183e-01
faceCenterPointX: 276
faceCenterPointY: 96
headPositionsX: [ 274, 275, 273, 273, 272, 273, 275, 272, 276, 276, 272,
    274, 274, 274, 275, 275, 273, 277, 273, 276, 276, 275, 275, 274, 273,
    277, 275, 274, 277, 275, 274, 275, 274, 273, 273, 273, 274, 274, 274,
    277, 272, 276, 274, 276, 274, 276, 277, 276, 277, 274, 277, 277, 275,
    273, 275, 274, 277, 278, 278, 276, 276, 277, 277, 275, 274, 276, 276,
    275, 274, 274, 278, 278, 275, 277, 274, 278, 275, 275, 277, 277, 275,
    277, 277, 274, 276, 277, 277, 277, 276, 279, 275, 278, 275, 278, 277,
    275, 278, 275, 277, 274 ]
headPositionsY: [ 97, 77, 80, 79, 81, 82, 78, 80, 78, 81, 79, 82, 78, 78,
    78, 78, 79, 80, 80, 82, 80, 77, 77, 79, 80, 80, 78, 79, 79, 82, 79,
    82, 79, 81, 85, 83, 83, 84, 83, 88, 89, 89, 89, 88, 89, 92, 93, 95,
    93, 93, 95, 96, 97, 98, 97, 99, 99, 100, 99, 97, 99, 96, 100, 96, 97,
    96, 99, 98, 99, 99, 99, 97, 96, 97, 94, 96, 98, 97, 98, 99, 94, 95,
    97, 94, 97, 95, 96, 96, 99, 99, 98, 98, 99, 98, 98, 98, 94, 97, 96,
    96 ]
