%YAML:1.0
---
videoName: "headLookDown5.mp4"
gestureLabel: 206
fps: 29
pixelSizeInCmTemp: 3.4710144927536229e-01
faceCenterPointX: 272
faceCenterPointY: 102
headPositionsX: [ 274, 271, 272, 270, 270, 269, 272, 273, 274, 272, 271,
    273, 271, 272, 269, 274, 273, 271, 273, 271, 271, 272, 270, 270, 271,
    270, 269, 270, 271, 270, 273, 270, 270, 273, 273, 269, 270, 274, 274,
    271, 273, 273, 272, 274, 269, 270, 273, 269, 274, 269, 271, 270, 270,
    273, 271, 271, 274, 271, 274, 273, 270, 272, 272, 271, 273, 273, 269,
    273, 273, 274, 272, 271, 271, 272, 271, 273, 273, 271, 274, 274, 269,
    272, 271, 273, 271, 271, 273, 271, 274, 273, 273, 270, 275, 271, 272,
    274, 272, 271, 273, 273 ]
headPositionsY: [ 100, 84, 82, 82, 86, 83, 86, 82, 86, 85, 82, 84, 84,
    86, 81, 84, 85, 81, 84, 82, 86, 86, 85, 83, 82, 81, 84, 82, 81, 83,
    83, 82, 82, 82, 85, 84, 86, 82, 85, 83, 85, 83, 82, 84, 85, 86, 84,
    85, 86, 86, 87, 89, 90, 94, 95, 95, 95, 95, 96, 99, 97, 100, 102, 98,
    100, 99, 102, 103, 101, 102, 104, 104, 105, 103, 104, 101, 104, 102,
    101, 103, 103, 105, 103, 101, 101, 106, 103, 102, 101, 104, 103, 102,
    104, 103, 99, 100, 105, 102, 102, 100 ]
