%YAML:1.0
---
videoName: "headLookDown5.mp4"
gestureLabel: 206
fps: 29
pixelSizeInCmTemp: 3.4710144927536229e-01
faceCenterPointX: 272
faceCenterPointY: 102
headPositionsX: [ 273, 273, 272, 272, 272, 271, 272, 272, 272, 274, 273,
    270, 272, 272, 271, 273, 271, 270, 270, 269, 272, 273, 272, 270, 272,
    272, 270, 271, 270, 274, 270, 269, 274, 272, 271, 269, 271, 272, 274,
    271, 273, 270, 270, 270, 271, 271, 272, 273, 273, 273, 272, 272, 273,
    271, 274, 272, 273, 272, 274, 271, 269, 273, 270, 271, 271, 269, 272,
    271, 269, 274, 274, 272, 272, 274, 270, 273, 269, 272, 274, 272, 273,
    272, 270, 271, 271, 271, 270, 269, 272, 272, 271, 274, 274, 274, 270,
    273, 275, 273, 274, 274 ]
headPositionsY: [ 102, 86, 85, 86, 86, 83, 85, 85, 83, 83, 85, 82, 81,
    83, 82, 83, 82, 81, 83, 85, 84, 82, 81, 84, 84, 84, 83, 84, 81, 83,
    82, 83, 85, 85, 83, 83, 86, 83, 82, 82, 83, 83, 83, 86, 84, 84, 86,
    84, 88, 87, 89, 89, 90, 94, 94, 93, 95, 95, 98, 99, 98, 102, 98, 101,
    100, 102, 102, 103, 100, 103, 103, 104, 102, 104, 100, 103, 104, 102,
    101, 105, 101, 105, 104, 100, 105, 102, 102, 101, 103, 104, 104, 103,
    101, 102, 103, 101, 104, 100, 105, 101 ]
