%YAML:1.0
---
videoName: "headLookDown4.mp4"
gestureLabel: 206
fps: 29
pixelSizeInCmTemp: 3.4710144927536229e-01
faceCenterPointX: 275
faceCenterPointY: 97
headPositionsX: [ 277, 272, 272, 274, 275, 273, 271, 272, 271, 275, 273,
    275, 274, 270, 271, 273, 276, 274, 273, 274, 275, 272, 270, 275, 274,
    274, 271, 275, 272, 271, 272, 272, 275, 275, 272, 274, 272, 270, 274,
    275, 274, 274, 272, 275, 276, 276, 273, 275, 275, 274, 275, 274, 276,
    271, 273, 274, 274, 274, 272, 272, 273, 271, 272, 276, 275, 275, 273,
    271, 274, 275, 273, 276, 275, 275, 272, 272, 272, 275, 276, 277, 272,
    273, 276, 273, 273, 275, 276, 275, 273, 276, 275, 272, 275, 275, 277,
    274, 275, 275, 274, 274 ]
headPositionsY: [ 97, 80, 80, 83, 81, 79, 77, 82, 80, 83, 82, 82, 79, 78,
    80, 79, 82, 80, 78, 79, 83, 82, 78, 80, 79, 79, 79, 83, 82, 82, 82,
    80, 81, 83, 84, 86, 84, 83, 85, 88, 88, 88, 90, 92, 91, 93, 93, 92,
    94, 96, 95, 98, 97, 96, 101, 101, 102, 100, 102, 99, 98, 102, 102,
    99, 100, 99, 99, 98, 101, 98, 100, 97, 97, 100, 96, 99, 98, 100, 96,
    99, 99, 95, 98, 97, 96, 97, 97, 99, 95, 96, 99, 98, 95, 96, 99, 98,
    98, 96, 96, 95 ]
