%YAML:1.0
---
videoName: "headLookDown9.mp4"
gestureLabel: 206
fps: 29
pixelSizeInCmTemp: 3.5220588235294115e-01
faceCenterPointX: 274
faceCenterPointY: 97
headPositionsX: [ 272, 270, 275, 270, 270, 272, 271, 272, 274, 274, 275,
    271, 269, 275, 273, 272, 271, 272, 273, 272, 275, 270, 273, 273, 270,
    275, 271, 272, 273, 272, 272, 273, 275, 271, 275, 273, 272, 272, 271,
    273, 274, 275, 273, 272, 273, 273, 275, 273, 272, 273, 274, 271, 275,
    273, 274, 272, 274, 272, 271, 272, 274, 273, 273, 271, 273, 271, 272,
    274, 271, 273, 272, 273, 271, 270, 271, 274, 271, 273, 271, 271, 271,
    270, 270, 270, 273, 272, 273, 273, 274, 273, 272, 275, 271, 276, 271,
    274, 273, 274, 272, 274 ]
headPositionsY: [ 96, 78, 83, 80, 82, 82, 79, 82, 81, 78, 82, 79, 79, 79,
    82, 82, 82, 79, 80, 78, 81, 82, 81, 78, 81, 82, 81, 79, 80, 83, 80,
    80, 83, 83, 82, 87, 85, 84, 89, 85, 88, 90, 93, 93, 95, 92, 96, 97,
    94, 97, 96, 98, 99, 96, 101, 97, 102, 97, 100, 99, 99, 97, 101, 99,
    96, 99, 97, 97, 100, 98, 96, 98, 100, 99, 96, 97, 99, 98, 98, 96, 98,
    99, 96, 99, 96, 96, 95, 97, 97, 97, 95, 95, 97, 97, 95, 95, 98, 93,
    94, 95 ]
