%YAML:1.0
---
videoName: "headLookDown2.mp4"
gestureLabel: 206
fps: 29
pixelSizeInCmTemp: 3.3732394366197183e-01
faceCenterPointX: 274
faceCenterPointY: 95
headPositionsX: [ 276, 273, 274, 274, 276, 274, 274, 274, 275, 272, 275,
    274, 275, 274, 274, 273, 273, 275, 274, 275, 274, 271, 275, 274, 276,
    274, 276, 276, 274, 271, 271, 272, 272, 275, 275, 272, 274, 276, 272,
    275, 272, 272, 275, 275, 274, 272, 274, 275, 272, 272, 273, 275, 273,
    272, 275, 273, 274, 273, 273, 275, 275, 272, 274, 274, 275, 277, 277,
    274, 275, 275, 274, 276, 276, 276, 275, 278, 275, 274, 277, 275, 273,
    275, 275, 274, 273, 273, 276, 277, 273, 274, 276, 276, 272, 273, 274,
    276, 276, 276, 274, 277 ]
headPositionsY: [ 97, 78, 78, 77, 78, 78, 77, 79, 79, 81, 78, 77, 77, 81,
    78, 78, 78, 78, 81, 78, 78, 81, 79, 80, 79, 78, 81, 81, 79, 79, 79,
    80, 81, 78, 82, 83, 81, 82, 86, 86, 85, 91, 90, 93, 94, 94, 93, 94,
    94, 94, 92, 94, 92, 95, 92, 95, 96, 96, 97, 94, 96, 97, 93, 94, 97,
    95, 93, 96, 95, 95, 92, 95, 93, 95, 95, 96, 93, 93, 95, 96, 96, 96,
    95, 96, 95, 96, 96, 94, 96, 93, 94, 97, 95, 97, 97, 94, 95, 94, 97,
    96 ]
