%YAML:1.0
---
videoName: "headLookDown4.mp4"
gestureLabel: 206
fps: 29
pixelSizeInCmTemp: 3.4710144927536229e-01
faceCenterPointX: 275
faceCenterPointY: 97
headPositionsX: [ 274, 274, 272, 271, 271, 275, 274, 270, 272, 274, 276,
    274, 273, 272, 272, 274, 272, 272, 274, 275, 271, 272, 273, 273, 273,
    272, 271, 271, 273, 275, 271, 271, 272, 271, 275, 273, 275, 270, 275,
    271, 272, 273, 274, 272, 276, 273, 273, 272, 276, 272, 275, 272, 272,
    271, 273, 272, 272, 275, 273, 272, 273, 271, 276, 275, 272, 273, 274,
    275, 275, 276, 275, 273, 274, 274, 272, 276, 273, 275, 276, 274, 272,
    276, 273, 276, 275, 276, 274, 277, 274, 272, 272, 276, 274, 273, 276,
    275, 273, 273, 273, 273 ]
headPositionsY: [ 98, 82, 80, 80, 80, 79, 80, 82, 78, 82, 82, 81, 78, 81,
    79, 81, 83, 80, 79, 82, 83, 79, 80, 78, 82, 79, 83, 80, 81, 82, 79,
    81, 81, 85, 84, 82, 84, 86, 87, 86, 89, 87, 90, 92, 91, 92, 91, 92,
    95, 93, 96, 97, 96, 96, 100, 102, 102, 101, 98, 98, 99, 101, 99, 101,
    103, 101, 100, 100, 101, 102, 101, 99, 97, 98, 97, 96, 100, 98, 98,
    99, 99, 98, 99, 98, 99, 100, 95, 98, 96, 99, 99, 98, 99, 97, 95, 94,
    97, 98, 97, 99 ]
