%YAML:1.0
---
videoName: "headLookDown3.mp4"
gestureLabel: 206
fps: 29
pixelSizeInCmTemp: 3.5746268656716418e-01
faceCenterPointX: 273
faceCenterPointY: 98
headPositionsX: [ 271, 274, 275, 274, 272, 274, 274, 275, 273, 271, 275,
    273, 270, 272, 270, 274, 274, 273, 274, 274, 274, 271, 272, 274, 272,
    272, 274, 274, 270, 271, 271, 275, 273, 272, 275, 271, 272, 271, 272,
    272, 272, 270, 272, 270, 271, 273, 271, 272, 274, 271, 274, 274, 273,
    271, 274, 272, 274, 273, 272, 270, 272, 271, 269, 270, 274, 271, 270,
    272, 271, 269, 269, 271, 272, 273, 271, 268, 273, 273, 273, 274, 272,
    274, 270, 273, 271, 273, 271, 270, 273, 271, 274, 272, 275, 272, 275,
    276, 276, 272, 273, 274 ]
headPositionsY: [ 98, 78, 80, 76, 79, 76, 78, 77, 79, 77, 81, 79, 77, 79,
    77, 78, 78, 79, 77, 80, 79, 81, 76, 79, 80, 77, 80, 81, 79, 79, 77,
    80, 79, 79, 78, 78, 82, 82, 83, 79, 80, 84, 82, 83, 85, 85, 87, 89,
    88, 90, 91, 90, 93, 94, 92, 92, 98, 96, 98, 100, 99, 101, 99, 99, 98,
    100, 99, 102, 101, 103, 103, 100, 100, 103, 103, 103, 101, 101, 102,
    101, 100, 101, 99, 99, 103, 101, 100, 98, 102, 100, 99, 101, 104,
    100, 103, 98, 98, 98, 102, 102 ]
