%YAML:1.0
---
videoName: "headLookDown2.mp4"
gestureLabel: 206
fps: 29
pixelSizeInCmTemp: 3.3732394366197183e-01
faceCenterPointX: 274
faceCenterPointY: 95
headPositionsX: [ 274, 276, 273, 274, 275, 273, 272, 274, 273, 272, 272,
    275, 272, 275, 275, 274, 275, 274, 273, 272, 273, 272, 275, 272, 276,
    275, 274, 272, 276, 275, 273, 272, 273, 273, 275, 274, 276, 276, 273,
    275, 276, 276, 273, 275, 273, 272, 276, 274, 272, 272, 272, 272, 276,
    273, 275, 275, 276, 272, 275, 275, 273, 276, 272, 276, 277, 273, 277,
    273, 273, 276, 275, 275, 273, 274, 275, 278, 277, 277, 275, 277, 274,
    278, 274, 275, 274, 274, 274, 277, 273, 274, 273, 277, 276, 276, 272,
    272, 275, 276, 274, 276 ]
headPositionsY: [ 95, 78, 81, 77, 77, 77, 76, 79, 81, 80, 77, 79, 81, 81,
    77, 78, 77, 77, 79, 77, 81, 77, 77, 77, 82, 78, 78, 78, 80, 79, 78,
    82, 79, 79, 81, 83, 83, 82, 86, 88, 85, 89, 89, 93, 93, 96, 95, 92,
    96, 94, 92, 96, 94, 96, 94, 96, 95, 93, 93, 92, 93, 96, 94, 95, 95,
    95, 95, 97, 95, 96, 93, 92, 93, 94, 94, 97, 93, 96, 97, 95, 93, 93,
    94, 93, 96, 97, 93, 94, 94, 95, 96, 94, 95, 97, 97, 97, 98, 94, 97,
    96 ]
