%YAML:1.0
---
videoName: "headLookDown9.mp4"
gestureLabel: 206
fps: 29
pixelSizeInCmTemp: 3.5220588235294115e-01
faceCenterPointX: 274
faceCenterPointY: 97
headPositionsX: [ 272, 270, 272, 270, 272, 273, 271, 272, 273, 274, 273,
    272, 270, 271, 271, 275, 271, 275, 271, 273, 275, 273, 272, 271, 273,
    271, 274, 274, 271, 270, 270, 274, 271, 270, 275, 272, 273, 273, 271,
    272, 273, 275, 272, 271, 271, 272, 272, 271, 274, 273, 272, 271, 271,
    274, 273, 273, 275, 271, 275, 272, 273, 272, 271, 271, 271, 273, 272,
    272, 269, 273, 271, 270, 272, 270, 271, 272, 271, 273, 274, 271, 274,
    274, 274, 271, 272, 274, 273, 270, 275, 275, 272, 275, 275, 276, 271,
    271, 271, 273, 275, 272 ]
headPositionsY: [ 96, 82, 83, 80, 81, 81, 80, 78, 80, 78, 81, 81, 78, 80,
    79, 79, 81, 80, 78, 79, 80, 81, 79, 78, 80, 80, 80, 82, 79, 79, 82,
    82, 84, 82, 82, 85, 86, 83, 87, 87, 89, 92, 93, 93, 91, 91, 98, 94,
    98, 96, 95, 100, 100, 98, 98, 98, 99, 100, 99, 98, 101, 101, 100, 98,
    99, 96, 97, 100, 96, 95, 100, 97, 98, 95, 96, 94, 97, 95, 95, 95, 98,
    99, 96, 99, 95, 97, 97, 98, 96, 94, 98, 97, 98, 97, 99, 96, 95, 95,
    95, 94 ]
