%YAML:1.0
---
videoName: "headLookDown2.mp4"
gestureLabel: 206
fps: 29
pixelSizeInCmTemp: 3.3732394366197183e-01
faceCenterPointX: 274
faceCenterPointY: 95
headPositionsX: [ 275, 272, 276, 275, 273, 276, 273, 276, 274, 272, 275,
    273, 276, 272, 272, 272, 274, 272, 274, 274, 271, 271, 271, 272, 273,
    271, 273, 275, 274, 271, 271, 275, 273, 271, 276, 276, 274, 273, 271,
    272, 275, 276, 276, 277, 277, 274, 275, 272, 273, 273, 275, 271, 276,
    274, 272, 272, 276, 274, 272, 275, 276, 274, 274, 274, 274, 273, 273,
    272, 274, 277, 272, 275, 273, 277, 274, 278, 275, 277, 274, 273, 273,
    274, 273, 277, 275, 273, 273, 273, 275, 273, 275, 275, 275, 276, 276,
    273, 274, 274, 275, 275 ]
headPositionsY: [ 97, 77, 80, 78, 79, 81, 76, 77, 79, 77, 79, 77, 79, 78,
    78, 81, 79, 77, 79, 78, 78, 79, 77, 77, 80, 79, 81, 77, 79, 81, 77,
    79, 82, 82, 80, 84, 80, 84, 85, 84, 89, 90, 90, 91, 95, 94, 92, 96,
    95, 93, 96, 92, 93, 92, 93, 96, 95, 93, 93, 96, 93, 95, 95, 95, 94,
    97, 93, 96, 97, 94, 93, 94, 97, 95, 94, 93, 97, 93, 93, 97, 94, 95,
    96, 93, 94, 95, 92, 94, 96, 96, 98, 98, 94, 96, 93, 94, 95, 95, 94,
    94 ]
