%YAML:1.0
---
videoName: "headLookDown7.mp4"
gestureLabel: 206
fps: 30
pixelSizeInCmTemp: 3.3732394366197183e-01
faceCenterPointX: 274
faceCenterPointY: 95
headPositionsX: [ 275, 274, 272, 273, 274, 271, 273, 272, 275, 274, 272,
    274, 272, 275, 272, 274, 274, 273, 273, 275, 272, 275, 275, 275, 275,
    274, 273, 272, 276, 276, 276, 273, 273, 275, 271, 272, 273, 271, 275,
    274, 272, 271, 273, 272, 272, 272, 274, 272, 274, 276, 272, 274, 272,
    276, 274, 273, 277, 273, 275, 273, 273, 272, 272, 275, 273, 272, 275,
    276, 273, 276, 275, 272, 274, 273, 273, 271, 275, 273, 277, 277, 277,
    275, 273, 274, 273, 276, 278, 277, 276, 278, 276, 275, 274, 272, 273,
    276, 277, 276, 276, 277 ]
headPositionsY: [ 93, 84, 84, 84, 82, 83, 82, 80, 84, 82, 82, 83, 85, 82,
    80, 82, 84, 80, 84, 83, 81, 81, 80, 84, 85, 81, 81, 85, 82, 83, 82,
    84, 81, 81, 83, 84, 84, 83, 84, 84, 82, 84, 84, 85, 84, 82, 82, 82,
    84, 84, 85, 86, 84, 90, 88, 91, 89, 89, 94, 94, 93, 92, 93, 95, 94,
    92, 96, 96, 94, 94, 93, 96, 95, 94, 94, 97, 96, 93, 94, 97, 98, 93,
    98, 98, 96, 93, 95, 94, 94, 99, 94, 95, 98, 97, 94, 98, 96, 98, 95,
    94 ]
