%YAML:1.0
---
videoName: "headLookDown9.mp4"
gestureLabel: 206
fps: 29
pixelSizeInCmTemp: 3.5220588235294115e-01
faceCenterPointX: 274
faceCenterPointY: 97
headPositionsX: [ 273, 272, 275, 272, 274, 273, 273, 273, 274, 270, 275,
    272, 273, 274, 273, 274, 272, 274, 273, 273, 275, 272, 275, 275, 273,
    273, 272, 274, 272, 272, 270, 273, 274, 270, 274, 273, 271, 272, 271,
    273, 272, 273, 272, 272, 271, 270, 272, 272, 271, 271, 270, 272, 275,
    273, 272, 271, 274, 273, 273, 271, 274, 273, 269, 270, 271, 273, 272,
    272, 273, 271, 274, 272, 272, 270, 270, 275, 273, 274, 272, 273, 271,
    270, 270, 273, 275, 273, 272, 273, 275, 271, 272, 273, 274, 276, 273,
    274, 274, 274, 272, 272 ]
headPositionsY: [ 95, 78, 83, 79, 79, 81, 77, 82, 82, 82, 83, 78, 77, 82,
    79, 82, 82, 80, 82, 79, 82, 82, 81, 81, 80, 81, 83, 83, 79, 80, 81,
    81, 82, 81, 85, 83, 86, 84, 88, 89, 88, 91, 92, 94, 93, 94, 95, 96,
    95, 95, 98, 97, 97, 98, 98, 99, 98, 100, 98, 101, 100, 97, 101, 98,
    99, 96, 96, 100, 96, 99, 97, 97, 99, 96, 99, 95, 99, 99, 97, 97, 97,
    96, 96, 96, 99, 96, 99, 96, 96, 98, 98, 96, 98, 98, 99, 96, 95, 93,
    94, 98 ]
