%YAML:1.0
---
videoName: "headLookDown9.mp4"
gestureLabel: 206
fps: 29
pixelSizeInCmTemp: 3.5220588235294115e-01
faceCenterPointX: 274
faceCenterPointY: 97
headPositionsX: [ 273, 272, 275, 273, 274, 271, 275, 273, 271, 272, 274,
    273, 273, 275, 270, 275, 270, 273, 274, 275, 274, 273, 274, 274, 273,
    273, 271, 270, 274, 273, 270, 271, 275, 273, 274, 272, 272, 270, 275,
    273, 272, 273, 274, 272, 272, 274, 273, 271, 275, 271, 274, 274, 271,
    271, 273, 270, 272, 273, 275, 272, 272, 273, 271, 270, 274, 269, 270,
    272, 273, 269, 270, 274, 274, 270, 272, 275, 273, 272, 272, 272, 273,
    272, 272, 270, 275, 273, 274, 270, 275, 274, 272, 272, 275, 272, 271,
    272, 271, 271, 274, 271 ]
headPositionsY: [ 95, 80, 82, 79, 81, 80, 79, 78, 82, 80, 84, 81, 77, 79,
    79, 78, 79, 81, 80, 81, 81, 79, 78, 78, 79, 79, 81, 79, 78, 80, 79,
    82, 81, 81, 81, 83, 84, 82, 85, 89, 89, 89, 89, 92, 94, 94, 96, 94,
    94, 96, 98, 96, 98, 96, 99, 100, 99, 96, 99, 99, 97, 101, 97, 98, 96,
    100, 97, 100, 99, 98, 96, 95, 97, 95, 96, 95, 99, 99, 95, 97, 99, 99,
    99, 99, 95, 98, 96, 96, 96, 97, 96, 97, 95, 97, 95, 96, 94, 94, 97,
    95 ]
