%YAML:1.0
---
videoName: "headLookDown7.mp4"
gestureLabel: 206
fps: 30
pixelSizeInCmTemp: 3.3732394366197183e-01
faceCenterPointX: 274
faceCenterPointY: 95
headPositionsX: [ 273, 273, 272, 275, 273, 275, 273, 274, 272, 276, 271,
    273, 273, 273, 276, 276, 271, 272, 272, 271, 273, 275, 273, 273, 272,
    273, 276, 275, 276, 276, 275, 272, 272, 275, 272, 273, 275, 274, 273,
    273, 276, 272, 274, 274, 271, 272, 273, 272, 273, 276, 275, 275, 273,
    274, 273, 272, 274, 276, 273, 273, 275, 272, 272, 274, 272, 276, 274,
    275, 273, 275, 276, 274, 273, 274, 272, 273, 276, 274, 277, 274, 273,
    273, 273, 273, 275, 272, 275, 274, 276, 275, 276, 275, 278, 272, 277,
    276, 273, 274, 274, 274 ]
headPositionsY: [ 96, 83, 85, 80, 84, 83, 80, 80, 81, 85, 82, 83, 85, 83,
    83, 81, 81, 83, 83, 84, 84, 82, 82, 82, 82, 83, 84, 83, 84, 81, 82,
    84, 83, 81, 80, 84, 83, 83, 82, 85, 83, 81, 84, 81, 85, 84, 84, 82,
    82, 87, 87, 88, 86, 90, 89, 88, 90, 91, 93, 91, 93, 93, 93, 97, 92,
    95, 93, 94, 93, 96, 97, 94, 95, 97, 93, 97, 96, 96, 97, 96, 94, 97,
    95, 96, 96, 93, 95, 97, 97, 95, 95, 98, 98, 97, 95, 95, 95, 96, 94,
    95 ]
