%YAML:1.0
---
videoName: "headLookDown7.mp4"
gestureLabel: 206
fps: 30
pixelSizeInCmTemp: 3.3732394366197183e-01
faceCenterPointX: 274
faceCenterPointY: 95
headPositionsX: [ 272, 275, 271, 276, 273, 274, 271, 273, 271, 275, 272,
    274, 274, 271, 274, 274, 275, 274, 272, 272, 275, 274, 273, 272, 273,
    275, 272, 273, 275, 274, 272, 275, 273, 271, 272, 275, 273, 272, 272,
    271, 274, 271, 273, 275, 275, 274, 275, 274, 274, 274, 274, 273, 275,
    276, 274, 273, 275, 277, 275, 274, 275, 272, 274, 274, 272, 276, 273,
    273, 272, 272, 276, 273, 274, 276, 273, 274, 272, 276, 275, 274, 273,
    273, 276, 273, 275, 276, 276, 277, 275, 275, 274, 276, 274, 276, 274,
    275, 273, 273, 272, 273 ]
headPositionsY: [ 95, 82, 85, 82, 84, 83, 84, 80, 82, 82, 80, 84, 82, 84,
    80, 82, 82, 82, 80, 84, 82, 84, 80, 81, 85, 83, 83, 84, 85, 82, 83,
    83, 80, 85, 83, 82, 82, 83, 85, 83, 84, 82, 82, 82, 81, 86, 81, 84,
    83, 84, 83, 86, 84, 89, 87, 89, 90, 89, 91, 92, 95, 95, 95, 93, 94,
    96, 95, 97, 94, 97, 95, 95, 97, 94, 93, 97, 94, 93, 97, 97, 95, 96,
    96, 97, 94, 96, 95, 95, 96, 96, 95, 96, 95, 96, 98, 97, 94, 98, 94,
    96 ]
