%YAML:1.0
---
videoName: "headLookDown1.mp4"
gestureLabel: 206
fps: 29
pixelSizeInCmTemp: 3.4710144927536229e-01
faceCenterPointX: 271
faceCenterPointY: 97
headPositionsX: [ 269, 272, 268, 272, 269, 268, 272, 270, 268, 271, 269,
    271, 271, 269, 271, 271, 273, 272, 273, 273, 273, 271, 270, 273, 274,
    271, 270, 273, 269, 268, 272, 272, 270, 273, 270, 273, 272, 271, 271,
    273, 272, 273, 271, 271, 270, 270, 270, 271, 269, 273, 271, 271, 272,
    269, 272, 269, 269, 269, 268, 269, 270, 268, 273, 269, 269, 268, 271,
    268, 270, 268, 272, 269, 269, 274, 273, 273, 274, 270, 271, 269, 268,
    269, 270, 272, 272, 270, 272, 271, 272, 269, 270, 269, 274, 271, 274,
    271, 272, 274, 272, 271 ]
headPositionsY: [ 99, 80, 75, 80, 80, 79, 80, 81, 78, 78, 77, 78, 77, 78,
    80, 80, 77, 79, 78, 80, 81, 80, 78, 80, 80, 81, 81, 80, 81, 78, 80,
    78, 81, 81, 79, 78, 80, 81, 80, 80, 81, 80, 81, 82, 84, 85, 84, 89,
    90, 92, 90, 92, 96, 98, 96, 99, 98, 96, 96, 99, 96, 97, 97, 101, 97,
    96, 98, 99, 100, 97, 97, 100, 98, 101, 99, 97, 97, 97, 96, 97, 96,
    97, 97, 100, 100, 97, 99, 100, 99, 99, 100, 96, 98, 98, 96, 98, 96,
    99, 98, 98 ]
