%YAML:1.0
---
videoName: "headLookDown6.mp4"
gestureLabel: 206
fps: 29
pixelSizeInCmTemp: 3.4710144927536229e-01
faceCenterPointX: 276
faceCenterPointY: 98
headPositionsX: [ 277, 277, 275, 273, 273, 277, 275, 272, 276, 276, 274,
    276, 275, 274, 274, 274, 273, 274, 273, 276, 278, 277, 273, 278, 277,
    277, 275, 274, 275, 273, 273, 275, 275, 273, 274, 275, 273, 274, 275,
    272, 274, 274, 277, 277, 277, 273, 275, 275, 275, 275, 274, 276, 274,
    278, 277, 274, 276, 274, 275, 275, 275, 274, 275, 274, 277, 275, 274,
    273, 275, 277, 272, 273, 273, 277, 275, 277, 276, 276, 272, 277, 275,
    273, 276, 276, 277, 275, 275, 275, 275, 278, 277, 276, 278, 278, 275,
    277, 275, 277, 279, 274 ]
headPositionsY: [ 98, 79, 79, 80, 83, 83, 82, 80, 80, 80, 82, 80, 83, 81,
    82, 81, 82, 79, 79, 84, 82, 81, 81, 82, 81, 82, 84, 84, 83, 85, 83,
    81, 81, 84, 84, 81, 82, 82, 83, 83, 85, 86, 84, 85, 85, 86, 89, 93,
    94, 90, 91, 93, 96, 97, 96, 98, 98, 97, 96, 98, 98, 99, 96, 99, 96,
    101, 96, 95, 98, 101, 99, 100, 98, 99, 98, 97, 98, 98, 97, 101, 99,
    99, 99, 98, 100, 97, 97, 101, 98, 98, 100, 96, 97, 100, 95, 99, 99,
    98, 96, 98 ]
