%YAML:1.0
---
videoName: "headLookDown8.mp4"
gestureLabel: 206
fps: 29
pixelSizeInCmTemp: 3.3732394366197183e-01
faceCenterPointX: 276
faceCenterPointY: 96
headPositionsX: [ 275, 274, 274, 276, 275, 274, 274, 274, 275, 276, 274,
    275, 277, 277, 273, 277, 277, 276, 273, 274, 273, 274, 278, 273, 276,
    273, 277, 277, 276, 273, 271, 273, 275, 275, 276, 274, 273, 271, 275,
    275, 273, 276, 276, 274, 277, 273, 276, 276, 273, 277, 275, 278, 276,
    275, 278, 274, 277, 278, 276, 277, 277, 274, 278, 274, 274, 275, 278,
    276, 273, 276, 275, 278, 275, 274, 275, 278, 275, 277, 274, 277, 277,
    277, 278, 276, 276, 274, 278, 277, 276, 275, 277, 277, 279, 276, 274,
    275, 278, 277, 274, 277 ]
headPositionsY: [ 97, 78, 77, 79, 80, 79, 78, 81, 79, 78, 81, 81, 80, 80,
    82, 79, 79, 80, 77, 80, 80, 77, 80, 81, 80, 81, 80, 79, 79, 78, 78,
    79, 80, 82, 84, 83, 86, 86, 83, 88, 85, 90, 90, 90, 92, 93, 95, 94,
    93, 97, 98, 97, 96, 99, 99, 97, 99, 100, 99, 99, 95, 97, 98, 96, 99,
    97, 98, 98, 98, 96, 95, 97, 98, 97, 95, 98, 96, 94, 97, 99, 95, 95,
    98, 97, 94, 98, 97, 97, 96, 98, 95, 94, 97, 96, 94, 98, 97, 97, 94,
    95 ]
