%YAML:1.0
---
videoName: "headLookDown5.mp4"
gestureLabel: 206
fps: 29
pixelSizeInCmTemp: 3.4710144927536229e-01
faceCenterPointX: 272
faceCenterPointY: 102
headPositionsX: [ 272, 274, 270, 270, 270, 269, 270, 269, 271, 271, 271,
    271, 274, 273, 270, 271, 271, 270, 271, 273, 274, 272, 273, 271, 272,
    273, 270, 272, 272, 273, 269, 273, 273, 272, 273, 273, 272, 271, 274,
    269, 273, 271, 271, 273, 270, 270, 270, 272, 274, 271, 270, 271, 273,
    271, 274, 274, 273, 273, 272, 273, 272, 271, 271, 273, 273, 272, 272,
    274, 270, 270, 272, 271, 270, 273, 270, 272, 271, 272, 270, 272, 272,
    270, 269, 271, 275, 273, 271, 270, 271, 271, 273, 272, 272, 274, 270,
    274, 274, 275, 273, 272 ]
headPositionsY: [ 104, 83, 84, 84, 85, 84, 86, 83, 85, 84, 85, 85, 82,
    86, 84, 86, 83, 85, 85, 81, 84, 82, 82, 85, 83, 83, 85, 85, 84, 85,
    84, 83, 86, 83, 84, 84, 82, 82, 83, 85, 84, 83, 85, 83, 84, 86, 88,
    85, 85, 88, 91, 90, 92, 95, 95, 97, 94, 94, 98, 97, 99, 102, 102, 99,
    99, 99, 101, 104, 101, 100, 104, 101, 105, 105, 103, 104, 101, 103,
    105, 103, 104, 103, 101, 104, 104, 104, 101, 104, 104, 102, 105, 100,
    104, 103, 100, 101, 102, 100, 103, 101 ]
