%YAML:1.0
---
videoName: "headLookDown7.mp4"
gestureLabel: 206
fps: 30
pixelSizeInCmTemp: 3.3732394366197183e-01
faceCenterPointX: 274
faceCenterPointY: 95
headPositionsX: [ 274, 276, 275, 276, 274, 273, 274, 274, 272, 274, 275,
    275, 276, 271, 272, 275, 273, 275, 272, 275, 274, 271, 276, 276, 274,
    274, 273, 272, 272, 276, 275, 274, 271, 274, 273, 273, 271, 273, 272,
    275, 272, 272, 272, 273, 274, 273, 273, 275, 271, 272, 275, 273, 276,
    276, 273, 276, 275, 277, 274, 276, 277, 274, 272, 273, 274, 276, 275,
    276, 273, 275, 274, 275, 274, 275, 275, 274, 272, 276, 274, 275, 276,
    276, 276, 277, 276, 272, 278, 276, 277, 275, 274, 277, 278, 275, 276,
    274, 277, 275, 273, 275 ]
headPositionsY: [ 97, 81, 81, 80, 80, 80, 81, 83, 82, 85, 83, 82, 81, 80,
    83, 84, 83, 83, 81, 81, 83, 85, 81, 84, 84, 84, 85, 82, 82, 81, 81,
    80, 81, 81, 81, 82, 82, 84, 83, 83, 82, 85, 83, 82, 82, 83, 84, 83,
    85, 87, 86, 88, 88, 86, 88, 88, 88, 91, 92, 95, 95, 95, 94, 93, 95,
    93, 95, 97, 94, 94, 97, 96, 93, 95, 94, 97, 95, 97, 93, 95, 96, 95,
    98, 97, 97, 94, 98, 94, 94, 98, 97, 94, 98, 94, 97, 98, 95, 95, 94,
    97 ]
