%YAML:1.0
---
videoName: "headLookDown1.mp4"
gestureLabel: 206
fps: 29
pixelSizeInCmTemp: 3.4710144927536229e-01
faceCenterPointX: 271
faceCenterPointY: 97
headPositionsX: [ 270, 271, 270, 269, 269, 272, 272, 271, 268, 270, 272,
    268, 272, 268, 271, 270, 272, 273, 269, 269, 272, 273, 271, 273, 272,
    273, 274, 269, 270, 271, 270, 269, 273, 269, 271, 272, 272, 273, 270,
    269, 269, 271, 272, 272, 268, 271, 271, 273, 269, 271, 273, 270, 271,
    272, 273, 272, 271, 272, 271, 273, 270, 268, 272, 272, 269, 269, 269,
    268, 271, 270, 270, 270, 270, 274, 271, 269, 274, 272, 269, 272, 272,
    271, 269, 271, 272, 270, 271, 273, 272, 270, 270, 269, 274, 270, 271,
    274, 271, 274, 270, 270 ]
headPositionsY: [ 99, 79, 79, 79, 79, 79, 80, 81, 81, 77, 79, 80, 78, 79,
    77, 80, 80, 80, 81, 76, 80, 81, 80, 81, 81, 77, 80, 78, 81, 81, 79,
    81, 79, 81, 80, 82, 80, 79, 78, 81, 79, 82, 80, 81, 86, 87, 87, 90,
    92, 93, 90, 93, 96, 98, 97, 98, 99, 99, 99, 101, 98, 100, 98, 100,
    100, 99, 100, 98, 99, 101, 97, 100, 96, 100, 99, 97, 100, 96, 98,
    100, 94, 95, 97, 100, 97, 96, 96, 97, 97, 100, 97, 99, 97, 95, 98,
    97, 95, 96, 98, 99 ]
