%YAML:1.0
---
videoName: "headLookDown8.mp4"
gestureLabel: 206
fps: 29
pixelSizeInCmTemp: 3.3732394366197183e-01
faceCenterPointX: 276
faceCenterPointY: 96
headPositionsX: [ 277, 273, 273, 272, 274, 276, 276, 272, 277, 278, 276,
    274, 275, 273, 277, 275, 273, 277, 276, 278, 276, 273, 276, 274, 273,
    275, 274, 275, 275, 275, 274, 277, 275, 275, 275, 272, 272, 272, 276,
    275, 274, 275, 276, 275, 276, 276, 278, 276, 275, 276, 278, 275, 277,
    277, 275, 274, 278, 276, 274, 277, 277, 274, 277, 276, 276, 277, 274,
    273, 277, 276, 274, 275, 277, 278, 276, 274, 274, 277, 275, 277, 275,
    276, 274, 275, 277, 278, 276, 277, 274, 276, 276, 275, 275, 276, 275,
    279, 278, 275, 276, 274 ]
headPositionsY: [ 95, 77, 79, 77, 80, 78, 78, 78, 81, 82, 77, 80, 81, 81,
    81, 79, 80, 82, 81, 81, 79, 81, 79, 77, 79, 81, 80, 79, 78, 80, 78,
    79, 79, 81, 81, 85, 84, 84, 84, 85, 85, 87, 90, 91, 93, 92, 94, 95,
    93, 93, 97, 99, 99, 96, 100, 96, 98, 99, 96, 95, 99, 97, 96, 96, 100,
    99, 96, 98, 96, 97, 96, 96, 95, 100, 95, 95, 95, 94, 96, 98, 94, 95,
    98, 94, 94, 99, 98, 96, 95, 99, 94, 98, 95, 95, 98, 94, 96, 99, 97,
    96 ]
