%YAML:1.0
---
videoName: "headLookDown3.mp4"
gestureLabel: 206
fps: 29
pixelSizeInCmTemp: 3.5746268656716418e-01
faceCenterPointX: 273
faceCenterPointY: 98
headPositionsX: [ 271, 273, 275, 275, 274, 272, 273, 271, 272, 274, 274,
    272, 270, 274, 274, 271, 270, 273, 275, 274, 274, 274, 270, 274, 272,
    271, 273, 271, 270, 274, 273, 271, 273, 271, 274, 270, 274, 272, 272,
    273, 270, 270, 270, 271, 272, 272, 273, 274, 274, 274, 272, 273, 270,
    270, 275, 271, 273, 272, 270, 273, 270, 273, 272, 269, 272, 271, 269,
    270, 272, 270, 271, 271, 271, 272, 271, 269, 269, 274, 273, 272, 269,
    274, 270, 272, 273, 272, 274, 271, 273, 274, 270, 271, 273, 274, 272,
    273, 276, 270, 274, 271 ]
headPositionsY: [ 96, 80, 79, 77, 80, 80, 79, 76, 79, 78, 80, 80, 78, 78,
    78, 76, 78, 78, 78, 79, 81, 80, 78, 80, 80, 76, 79, 81, 79, 79, 78,
    79, 77, 80, 82, 77, 78, 78, 80, 82, 83, 83, 82, 83, 85, 88, 88, 87,
    91, 89, 89, 92, 94, 92, 92, 94, 97, 94, 95, 99, 98, 97, 98, 97, 100,
    103, 100, 103, 101, 103, 101, 102, 100, 99, 103, 99, 102, 104, 100,
    101, 101, 103, 103, 102, 100, 103, 102, 99, 99, 100, 102, 99, 100,
    102, 102, 101, 102, 98, 98, 99 ]
