%YAML:1.0
---
videoName: "headLookDown2.mp4"
gestureLabel: 206
fps: 29
pixelSizeInCmTemp: 3.3732394366197183e-01
faceCenterPointX: 274
faceCenterPointY: 95
headPositionsX: [ 274, 275, 272, 273, 273, 273, 275, 273, 276, 276, 271,
    273, 272, 275, 273, 275, 276, 274, 273, 274, 272, 275, 273, 275, 277,
    275, 274, 273, 274, 271, 271, 275, 274, 274, 276, 272, 274, 273, 274,
    274, 273, 274, 275, 274, 276, 273, 274, 275, 273, 275, 272, 273, 273,
    276, 273, 272, 274, 275, 276, 273, 272, 272, 276, 276, 274, 275, 277,
    274, 274, 275, 275, 274, 274, 274, 273, 277, 276, 274, 277, 277, 275,
    275, 276, 277, 277, 276, 273, 277, 275, 275, 275, 275, 273, 275, 275,
    273, 274, 274, 275, 275 ]
headPositionsY: [ 93, 78, 78, 78, 77, 79, 80, 77, 77, 77, 77, 77, 81, 81,
    81, 81, 79, 79, 81, 78, 79, 80, 78, 79, 80, 81, 79, 78, 82, 80, 79,
    78, 82, 80, 83, 81, 81, 85, 85, 87, 88, 87, 89, 89, 95, 94, 96, 92,
    92, 95, 95, 95, 94, 92, 95, 94, 96, 93, 94, 93, 97, 96, 92, 95, 93,
    97, 97, 96, 96, 95, 93, 94, 93, 97, 97, 97, 94, 93, 95, 96, 94, 97,
    94, 96, 96, 93, 95, 94, 94, 97, 95, 94, 93, 95, 95, 95, 94, 97, 96,
    95 ]
