%YAML:1.0
---
videoName: "headLookDown7.mp4"
gestureLabel: 206
fps: 30
pixelSizeInCmTemp: 3.3732394366197183e-01
faceCenterPointX: 274
faceCenterPointY: 95
headPositionsX: [ 272, 276, 272, 272, 271, 274, 271, 273, 271, 272, 272,
    275, 275, 274, 272, 273, 272, 274, 271, 275, 272, 274, 276, 274, 273,
    273, 272, 272, 273, 275, 273, 274, 275, 272, 271, 273, 272, 273, 272,
    275, 274, 272, 275, 274, 275, 272, 276, 272, 275, 275, 274, 276, 273,
    273, 272, 272, 276, 274, 274, 274, 276, 276, 273, 275, 273, 274, 276,
    276, 273, 274, 274, 272, 273, 275, 276, 274, 275, 274, 276, 276, 276,
    276, 273, 277, 273, 276, 276, 274, 275, 278, 275, 275, 276, 276, 274,
    273, 276, 275, 276, 273 ]
headPositionsY: [ 94, 81, 81, 83, 83, 82, 82, 80, 84, 83, 82, 82, 85, 82,
    84, 83, 81, 82, 81, 82, 84, 82, 83, 81, 82, 84, 83, 83, 84, 84, 83,
    80, 80, 85, 82, 83, 83, 83, 82, 85, 85, 83, 82, 81, 85, 86, 84, 84,
    83, 85, 85, 87, 85, 88, 86, 91, 90, 93, 93, 95, 93, 94, 95, 93, 93,
    92, 97, 94, 96, 95, 96, 95, 93, 93, 97, 93, 98, 96, 97, 97, 96, 97,
    97, 98, 95, 97, 94, 96, 95, 95, 97, 96, 95, 96, 94, 96, 96, 96, 97,
    95 ]
