%YAML:1.0
---
videoName: "headLookDown1.mp4"
gestureLabel: 206
fps: 29
pixelSizeInCmTemp: 3.4710144927536229e-01
faceCenterPointX: 271
faceCenterPointY: 97
headPositionsX: [ 269, 270, 271, 270, 270, 272, 268, 269, 271, 270, 268,
    268, 272, 271, 268, 270, 270, 272, 271, 270, 270, 271, 270, 274, 273,
    270, 270, 272, 272, 270, 271, 272, 270, 272, 270, 270, 271, 271, 271,
    273, 269, 269, 270, 271, 269, 271, 271, 270, 272, 272, 271, 271, 271,
    272, 270, 269, 270, 272, 272, 269, 272, 271, 270, 272, 271, 270, 267,
    270, 270, 272, 270, 270, 272, 274, 274, 272, 273, 270, 268, 271, 269,
    273, 271, 272, 270, 273, 269, 272, 270, 272, 271, 272, 272, 271, 273,
    271, 271, 272, 270, 273 ]
headPositionsY: [ 95, 79, 77, 78, 78, 76, 79, 79, 79, 77, 80, 79, 77, 78,
    78, 80, 79, 77, 79, 79, 77, 80, 81, 78, 82, 81, 81, 81, 77, 81, 80,
    79, 79, 79, 81, 78, 79, 78, 79, 78, 78, 83, 81, 81, 84, 83, 88, 86,
    89, 92, 90, 96, 95, 96, 94, 96, 99, 99, 98, 97, 100, 98, 97, 98, 101,
    100, 99, 99, 99, 99, 99, 98, 99, 100, 99, 100, 99, 99, 96, 100, 94,
    98, 100, 96, 98, 96, 96, 96, 99, 100, 97, 97, 96, 99, 99, 97, 97, 99,
    98, 96 ]
