%YAML:1.0
---
videoName: "headLookDown3.mp4"
gestureLabel: 206
fps: 29
pixelSizeInCmTemp: 3.5746268656716418e-01
faceCenterPointX: 273
faceCenterPointY: 98
headPositionsX: [ 272, 272, 272, 272, 271, 270, 271, 271, 273, 271, 271,
    273, 274, 270, 274, 270, 271, 275, 274, 274, 274, 272, 274, 271, 272,
    274, 271, 274, 271, 272, 272, 272, 274, 272, 274, 274, 271, 272, 273,
    270, 270, 274, 272, 271, 274, 272, 273, 271, 271, 272, 274, 273, 270,
    272, 271, 275, 274, 273, 274, 274, 270, 270, 269, 270, 274, 273, 271,
    269, 272, 273, 271, 274, 269, 272, 273, 268, 271, 274, 273, 272, 272,
    273, 271, 274, 269, 270, 271, 271, 273, 271, 271, 275, 274, 272, 275,
    276, 275, 274, 271, 271 ]
headPositionsY: [ 100, 79, 78, 76, 80, 79, 78, 78, 80, 80, 77, 80, 78,
    79, 78, 79, 78, 80, 81, 78, 80, 81, 79, 77, 79, 77, 81, 79, 80, 77,
    81, 79, 77, 81, 79, 81, 81, 80, 83, 80, 80, 83, 83, 82, 84, 87, 85,
    88, 90, 92, 93, 93, 91, 91, 94, 92, 98, 94, 99, 99, 97, 100, 100, 99,
    98, 103, 102, 102, 99, 102, 100, 103, 101, 103, 101, 100, 102, 101,
    99, 101, 102, 103, 101, 103, 101, 100, 99, 102, 101, 100, 99, 102,
    101, 100, 101, 98, 102, 99, 100, 101 ]
