%YAML:1.0
---
videoName: "headLookDown0.mp4"
gestureLabel: 206
fps: 29
pixelSizeInCmTemp: 3.3263888888888887e-01
faceCenterPointX: 273
faceCenterPointY: 93
headPositionsX: [ 273, 275, 275, 272, 275, 273, 271, 273, 274, 271, 273,
    272, 273, 270, 273, 270, 274, 271, 273, 273, 271, 270, 272, 271, 270,
    274, 269, 273, 273, 270, 273, 273, 274, 270, 273, 273, 270, 272, 269,
    269, 273, 272, 273, 271, 272, 273, 270, 270, 271, 274, 273, 272, 270,
    274, 273, 272, 272, 272, 271, 270, 270, 273, 271, 274, 272, 273, 272,
    269, 271, 272, 273, 272, 274, 270, 275, 272, 273, 272, 272, 275, 271,
    274, 274, 272, 273, 272, 271, 271, 275, 273, 275, 273, 272, 270, 270,
    273, 272, 270, 274, 271 ]
headPositionsY: [ 95, 76, 80, 79, 82, 77, 80, 80, 81, 78, 80, 79, 80, 77,
    79, 80, 78, 78, 78, 78, 80, 79, 81, 78, 81, 79, 78, 80, 78, 77, 80,
    81, 81, 79, 78, 81, 80, 82, 82, 85, 84, 85, 88, 90, 90, 95, 95, 95,
    98, 95, 97, 96, 95, 97, 95, 95, 96, 99, 94, 96, 96, 98, 98, 94, 97,
    96, 94, 93, 95, 94, 93, 94, 94, 97, 96, 94, 93, 96, 96, 97, 96, 97,
    96, 94, 94, 97, 95, 95, 96, 91, 92, 93, 95, 94, 94, 96, 93, 94, 91,
    95 ]
