%YAML:1.0
---
videoName: "headLookDown9.mp4"
gestureLabel: 206
fps: 29
pixelSizeInCmTemp: 3.5220588235294115e-01
faceCenterPointX: 274
faceCenterPointY: 97
headPositionsX: [ 276, 271, 274, 270, 272, 273, 272, 272, 273, 273, 275,
    275, 273, 274, 273, 273, 272, 272, 271, 275, 271, 274, 272, 272, 271,
    275, 271, 273, 274, 272, 270, 271, 272, 270, 271, 272, 272, 271, 272,
    273, 270, 273, 275, 271, 272, 271, 272, 270, 271, 273, 271, 270, 272,
    271, 275, 272, 272, 273, 272, 274, 274, 271, 272, 273, 271, 270, 273,
    272, 271, 273, 270, 271, 273, 270, 273, 272, 273, 273, 274, 274, 272,
    273, 270, 274, 273, 274, 274, 273, 271, 274, 272, 273, 273, 273, 271,
    275, 271, 270, 274, 275 ]
headPositionsY: [ 96, 82, 83, 78, 82, 82, 80, 81, 79, 80, 81, 81, 80, 81,
    80, 81, 78, 82, 82, 79, 82, 78, 81, 79, 82, 78, 82, 83, 82, 82, 79,
    81, 81, 81, 82, 83, 83, 86, 87, 85, 87, 91, 89, 93, 94, 92, 96, 94,
    94, 99, 99, 99, 99, 96, 98, 98, 98, 100, 101, 98, 99, 97, 98, 96, 96,
    100, 98, 97, 98, 98, 100, 97, 98, 98, 98, 98, 95, 99, 99, 96, 99, 97,
    95, 96, 97, 99, 96, 95, 96, 96, 96, 96, 95, 99, 99, 97, 95, 93, 95,
    96 ]
