%YAML:1.0
---
videoName: "headLookDown8.mp4"
gestureLabel: 206
fps: 29
pixelSizeInCmTemp: 3.3732394366197183e-01
faceCenterPointX: 276
faceCenterPointY: 96
headPositionsX: [ 278, 274, 272, 274, 275, 274, 277, 273, 273, 274, 275,
    275, 273, 276, 273, 274, 275, 273, 276, 276, 272, 273, 278, 274, 274,
    273, 274, 274, 275, 275, 272, 277, 276, 277, 276, 273, 273, 274, 274,
    274, 276, 273, 275, 274, 274, 276, 278, 275, 273, 275, 278, 274, 278,
    275, 276, 274, 277, 274, 275, 275, 275, 275, 275, 277, 278, 274, 275,
    275, 275, 274, 275, 276, 277, 274, 275, 276, 277, 274, 277, 274, 277,
    276, 277, 278, 277, 277, 274, 275, 274, 275, 275, 276, 277, 278, 275,
    276, 274, 278, 277, 274 ]
headPositionsY: [ 98, 79, 77, 79, 77, 82, 82, 81, 82, 81, 81, 80, 78, 78,
    81, 79, 78, 79, 79, 82, 79, 78, 79, 80, 82, 78, 81, 79, 78, 80, 78,
    81, 80, 82, 83, 84, 83, 82, 87, 87, 88, 91, 91, 89, 89, 91, 91, 92,
    95, 93, 94, 99, 100, 98, 97, 99, 96, 100, 96, 95, 97, 100, 97, 99,
    97, 100, 98, 96, 98, 96, 95, 96, 98, 99, 95, 95, 95, 96, 96, 95, 98,
    98, 95, 96, 94, 95, 96, 94, 96, 99, 96, 98, 96, 95, 98, 96, 95, 96,
    96, 96 ]
