%YAML:1.0
---
videoName: "headLookDown7.mp4"
gestureLabel: 206
fps: 30
pixelSizeInCmTemp: 3.3732394366197183e-01
faceCenterPointX: 274
faceCenterPointY: 95
headPositionsX: [ 275, 272, 272, 272, 275, 272, 271, 274, 272, 273, 271,
    273, 272, 271, 274, 275, 272, 275, 272, 273, 273, 272, 275, 272, 275,
    275, 274, 275, 272, 275, 272, 273, 272, 272, 271, 272, 273, 275, 271,
    272, 274, 275, 273, 275, 275, 274, 275, 272, 271, 276, 275, 276, 274,
    276, 276, 272, 277, 273, 276, 275, 276, 275, 275, 272, 275, 272, 272,
    272, 275, 273, 274, 276, 275, 276, 273, 273, 272, 274, 273, 276, 277,
    276, 273, 277, 277, 274, 276, 276, 277, 276, 276, 274, 277, 273, 276,
    277, 277, 275, 276, 273 ]
headPositionsY: [ 96, 81, 82, 84, 84, 83, 80, 84, 84, 83, 80, 83, 82, 83,
    81, 82, 84, 81, 80, 81, 84, 81, 83, 82, 83, 82, 83, 83, 84, 85, 84,
    80, 80, 84, 82, 81, 81, 85, 85, 84, 83, 84, 81, 85, 83, 86, 82, 82,
    83, 87, 83, 86, 84, 86, 88, 89, 88, 92, 92, 94, 93, 96, 95, 97, 93,
    96, 95, 95, 96, 97, 93, 95, 93, 96, 97, 93, 95, 97, 96, 94, 95, 94,
    95, 94, 93, 95, 95, 95, 98, 99, 98, 94, 98, 94, 97, 96, 94, 98, 97,
    98 ]
