%YAML:1.0
---
videoName: "headLookDown9.mp4"
gestureLabel: 206
fps: 29
pixelSizeInCmTemp: 3.5220588235294115e-01
faceCenterPointX: 274
faceCenterPointY: 97
headPositionsX: [ 273, 272, 274, 273, 272, 273, 273, 274, 274, 270, 275,
    271, 270, 272, 271, 274, 271, 274, 271, 271, 272, 270, 271, 274, 273,
    275, 273, 272, 273, 271, 271, 272, 272, 272, 274, 271, 272, 271, 274,
    272, 274, 275, 275, 274, 272, 270, 274, 270, 271, 271, 274, 273, 274,
    270, 273, 274, 272, 269, 274, 275, 274, 272, 272, 272, 272, 271, 273,
    272, 273, 271, 273, 274, 273, 274, 273, 271, 274, 271, 272, 274, 274,
    270, 274, 272, 275, 271, 273, 272, 273, 271, 276, 272, 271, 272, 271,
    271, 273, 273, 273, 275 ]
headPositionsY: [ 97, 82, 80, 78, 80, 81, 81, 80, 83, 78, 81, 81, 78, 80,
    79, 79, 79, 82, 78, 79, 81, 80, 79, 82, 82, 81, 79, 82, 81, 82, 82,
    80, 83, 81, 85, 84, 83, 82, 88, 85, 89, 89, 90, 94, 93, 91, 97, 94,
    94, 96, 96, 98, 99, 96, 97, 98, 99, 97, 99, 101, 97, 99, 97, 99, 99,
    100, 98, 98, 100, 99, 97, 98, 100, 98, 98, 98, 99, 95, 99, 98, 95,
    98, 95, 98, 99, 97, 95, 95, 96, 95, 96, 96, 96, 97, 98, 99, 94, 97,
    98, 98 ]
