%YAML:1.0
---
videoName: "headLookDown6.mp4"
gestureLabel: 206
fps: 29
pixelSizeInCmTemp: 3.4710144927536229e-01
faceCenterPointX: 276
faceCenterPointY: 98
headPositionsX: [ 276, 275, 277, 276, 275, 277, 276, 276, 274, 273, 276,
    276, 275, 277, 274, 275, 277, 273, 273, 278, 275, 277, 274, 277, 276,
    277, 273, 274, 274, 274, 275, 277, 273, 273, 276, 277, 276, 274, 276,
    275, 273, 277, 273, 278, 274, 277, 277, 274, 274, 276, 274, 276, 273,
    275, 276, 273, 277, 275, 277, 275, 275, 274, 277, 273, 277, 275, 276,
    275, 276, 275, 272, 275, 277, 274, 273, 276, 276, 274, 273, 274, 276,
    274, 277, 277, 275, 276, 275, 274, 274, 278, 278, 278, 277, 276, 274,
    276, 278, 276, 277, 276 ]
headPositionsY: [ 96, 80, 80, 79, 81, 79, 83, 80, 80, 80, 83, 82, 79, 83,
    83, 82, 79, 81, 79, 83, 81, 80, 83, 83, 81, 80, 81, 80, 82, 81, 81,
    82, 83, 82, 82, 84, 82, 82, 86, 81, 82, 85, 87, 89, 88, 89, 90, 91,
    92, 94, 91, 95, 93, 95, 97, 97, 97, 94, 97, 100, 95, 99, 97, 96, 100,
    99, 98, 96, 96, 97, 96, 100, 99, 99, 100, 97, 100, 98, 97, 101, 99,
    100, 98, 98, 98, 96, 97, 100, 100, 97, 98, 97, 98, 98, 95, 98, 98,
    97, 100, 97 ]
