%YAML:1.0
---
videoName: "headLookDown0.mp4"
gestureLabel: 206
fps: 29
pixelSizeInCmTemp: 3.3263888888888887e-01
faceCenterPointX: 273
faceCenterPointY: 93
headPositionsX: [ 272, 272, 273, 273, 273, 273, 272, 271, 270, 270, 271,
    270, 271, 270, 274, 271, 271, 273, 270, 272, 271, 273, 274, 272, 273,
    273, 273, 274, 273, 269, 271, 271, 273, 269, 269, 272, 272, 273, 273,
    272, 272, 271, 272, 272, 270, 271, 273, 272, 275, 274, 272, 273, 269,
    272, 274, 272, 271, 271, 273, 269, 273, 272, 271, 273, 269, 272, 270,
    271, 273, 271, 270, 273, 270, 273, 273, 272, 273, 270, 274, 274, 271,
    271, 272, 272, 273, 275, 272, 271, 271, 271, 273, 273, 271, 271, 272,
    273, 270, 273, 274, 270 ]
headPositionsY: [ 95, 80, 82, 77, 82, 80, 78, 79, 77, 77, 80, 80, 81, 78,
    82, 79, 77, 82, 80, 82, 78, 82, 78, 81, 81, 81, 80, 78, 79, 79, 80,
    77, 81, 79, 80, 79, 81, 84, 84, 85, 87, 87, 91, 91, 93, 93, 95, 98,
    97, 95, 98, 94, 96, 96, 99, 95, 97, 95, 96, 98, 99, 96, 94, 97, 94,
    95, 96, 94, 97, 95, 95, 94, 94, 96, 97, 94, 94, 93, 95, 97, 94, 94,
    97, 95, 93, 97, 97, 96, 94, 93, 94, 96, 94, 94, 91, 93, 92, 93, 94,
    96 ]
