%YAML:1.0
---
videoName: "headLookDown6.mp4"
gestureLabel: 206
fps: 29
pixelSizeInCmTemp: 3.4710144927536229e-01
faceCenterPointX: 276
faceCenterPointY: 98
headPositionsX: [ 276, 274, 275, 273, 274, 275, 274, 274, 276, 277, 276,
    273, 276, 274, 276, 277, 275, 273, 277, 278, 278, 273, 274, 278, 277,
    276, 272, 275, 275, 275, 273, 278, 275, 275, 278, 276, 275, 274, 277,
    275, 274, 275, 275, 275, 278, 274, 274, 275, 275, 274, 277, 277, 275,
    279, 277, 274, 276, 273, 274, 275, 274, 276, 274, 272, 274, 276, 276,
    272, 273, 274, 273, 273, 273, 277, 276, 275, 275, 277, 275, 276, 277,
    274, 277, 278, 277, 277, 275, 277, 275, 278, 274, 277, 276, 274, 274,
    275, 279, 277, 277, 274 ]
headPositionsY: [ 96, 79, 81, 82, 80, 79, 81, 83, 82, 80, 80, 81, 81, 82,
    83, 82, 81, 83, 80, 83, 82, 84, 83, 83, 79, 81, 83, 80, 83, 85, 81,
    84, 81, 85, 83, 84, 84, 84, 83, 84, 82, 84, 86, 86, 86, 89, 89, 93,
    94, 91, 95, 95, 96, 93, 97, 97, 98, 95, 95, 96, 98, 100, 98, 96, 98,
    101, 96, 96, 100, 101, 97, 98, 99, 97, 100, 97, 97, 98, 100, 99, 102,
    101, 96, 98, 97, 99, 101, 101, 99, 98, 98, 97, 100, 101, 95, 100,
    100, 98, 100, 100 ]
