%YAML:1.0
---
videoName: "headLookDown2.mp4"
gestureLabel: 206
fps: 29
pixelSizeInCmTemp: 3.3732394366197183e-01
faceCenterPointX: 274
faceCenterPointY: 95
headPositionsX: [ 273, 273, 275, 276, 274, 274, 272, 275, 273, 272, 274,
    273, 275, 273, 274, 273, 276, 274, 272, 273, 273, 275, 275, 276, 273,
    274, 276, 276, 274, 273, 271, 271, 276, 274, 276, 272, 273, 276, 274,
    274, 275, 276, 276, 273, 276, 272, 273, 274, 271, 271, 275, 272, 272,
    274, 272, 275, 275, 276, 276, 274, 274, 276, 275, 273, 274, 275, 276,
    274, 277, 273, 273, 275, 276, 275, 277, 276, 277, 273, 276, 275, 274,
    275, 275, 276, 275, 272, 275, 274, 274, 273, 277, 273, 273, 274, 276,
    273, 274, 276, 274, 274 ]
headPositionsY: [ 94, 79, 80, 81, 81, 80, 76, 78, 77, 80, 77, 81, 79, 78,
    78, 78, 78, 77, 80, 78, 77, 81, 77, 77, 78, 81, 80, 77, 82, 77, 79,
    81, 80, 78, 80, 84, 83, 82, 82, 85, 87, 88, 88, 91, 95, 95, 96, 93,
    96, 92, 93, 94, 93, 93, 92, 96, 93, 93, 94, 93, 94, 94, 95, 94, 93,
    94, 97, 96, 95, 94, 94, 92, 95, 93, 94, 96, 94, 94, 94, 94, 93, 95,
    97, 97, 97, 93, 96, 94, 97, 93, 98, 96, 95, 97, 93, 95, 96, 93, 94,
    98 ]
