%YAML:1.0
---
videoName: "headLookDown4.mp4"
gestureLabel: 206
fps: 29
pixelSizeInCmTemp: 3.4710144927536229e-01
faceCenterPointX: 275
faceCenterPointY: 97
headPositionsX: [ 273, 271, 273, 272, 274, 271, 271, 270, 272, 273, 272,
    272, 271, 270, 271, 275, 273, 275, 274, 275, 273, 273, 271, 274, 271,
    271, 275, 274, 274, 274, 271, 274, 272, 275, 273, 272, 272, 270, 273,
    273, 275, 273, 272, 273, 274, 276, 275, 274, 273, 274, 273, 274, 273,
    275, 275, 273, 271, 273, 274, 275, 273, 273, 273, 275, 274, 273, 273,
    272, 274, 272, 274, 273, 272, 272, 272, 274, 275, 273, 274, 277, 275,
    275, 273, 273, 276, 274, 273, 274, 275, 274, 274, 273, 275, 276, 277,
    273, 273, 276, 276, 273 ]
headPositionsY: [ 95, 83, 82, 82, 83, 83, 80, 80, 79, 81, 82, 82, 78, 80,
    82, 79, 79, 78, 80, 82, 81, 81, 82, 81, 82, 79, 82, 81, 79, 79, 80,
    82, 83, 84, 83, 86, 82, 86, 86, 85, 87, 87, 88, 90, 93, 93, 93, 92,
    97, 93, 98, 97, 97, 97, 101, 102, 100, 99, 98, 100, 98, 100, 100,
    102, 103, 102, 100, 97, 98, 102, 100, 97, 101, 98, 97, 96, 98, 96,
    98, 100, 98, 98, 95, 97, 98, 99, 95, 99, 95, 98, 99, 99, 97, 98, 98,
    94, 98, 97, 100, 96 ]
