%YAML:1.0
---
videoName: "headLookDown1.mp4"
gestureLabel: 206
fps: 29
pixelSizeInCmTemp: 3.4710144927536229e-01
faceCenterPointX: 271
faceCenterPointY: 97
headPositionsX: [ 271, 272, 271, 270, 270, 271, 269, 270, 271, 272, 270,
    270, 270, 268, 270, 269, 272, 273, 269, 270, 270, 273, 268, 272, 274,
    272, 272, 269, 270, 270, 270, 272, 273, 269, 272, 270, 272, 272, 269,
    273, 272, 271, 270, 272, 268, 272, 269, 272, 269, 271, 270, 272, 272,
    270, 271, 268, 272, 270, 272, 269, 271, 271, 272, 273, 267, 270, 268,
    269, 268, 271, 273, 268, 271, 271, 272, 272, 273, 271, 271, 270, 271,
    271, 272, 273, 272, 272, 271, 269, 269, 272, 273, 270, 272, 273, 273,
    272, 271, 272, 270, 272 ]
headPositionsY: [ 96, 76, 78, 79, 79, 75, 81, 79, 81, 81, 78, 81, 79, 77,
    78, 80, 81, 81, 78, 79, 78, 79, 79, 78, 79, 77, 78, 78, 81, 78, 77,
    78, 79, 79, 80, 82, 81, 79, 80, 81, 80, 83, 82, 83, 86, 83, 84, 90,
    89, 93, 93, 94, 94, 98, 95, 98, 97, 96, 100, 98, 96, 98, 98, 100, 98,
    100, 97, 99, 97, 98, 98, 100, 97, 97, 99, 101, 99, 97, 96, 99, 96,
    96, 97, 98, 98, 98, 98, 97, 99, 96, 97, 95, 99, 99, 95, 96, 95, 96,
    95, 99 ]
