%YAML:1.0
---
videoName: "headLookDown1.mp4"
gestureLabel: 206
fps: 29
pixelSizeInCmTemp: 3.4710144927536229e-01
faceCenterPointX: 271
faceCenterPointY: 97
headPositionsX: [ 272, 269, 270, 272, 272, 268, 268, 272, 268, 269, 268,
    272, 272, 271, 272, 272, 269, 273, 269, 272, 270, 271, 268, 270, 274,
    270, 271, 271, 269, 271, 270, 269, 270, 269, 272, 273, 271, 272, 271,
    271, 269, 271, 273, 272, 271, 270, 272, 273, 273, 272, 271, 270, 269,
    271, 272, 268, 273, 269, 270, 271, 271, 272, 269, 270, 269, 269, 269,
    269, 272, 269, 271, 271, 273, 272, 272, 273, 273, 270, 270, 270, 270,
    272, 273, 269, 271, 271, 271, 271, 270, 273, 273, 272, 270, 273, 274,
    274, 270, 274, 273, 272 ]
headPositionsY: [ 95, 80, 78, 77, 77, 76, 78, 78, 79, 77, 80, 79, 81, 77,
    81, 80, 79, 80, 80, 78, 78, 80, 80, 80, 81, 79, 78, 78, 78, 81, 77,
    79, 79, 80, 79, 80, 82, 77, 79, 80, 79, 81, 83, 82, 82, 87, 87, 87,
    90, 89, 90, 94, 94, 96, 98, 95, 97, 96, 97, 101, 97, 98, 99, 101, 99,
    97, 98, 97, 99, 99, 101, 97, 100, 97, 98, 101, 97, 98, 97, 97, 94,
    97, 99, 96, 100, 100, 99, 97, 99, 98, 99, 99, 96, 98, 97, 96, 98, 96,
    96, 97 ]
