%YAML:1.0
---
videoName: "headLookDown1.mp4"
gestureLabel: 206
fps: 29
pixelSizeInCmTemp: 3.4710144927536229e-01
faceCenterPointX: 271
faceCenterPointY: 97
headPositionsX: [ 273, 271, 271, 270, 268, 272, 270, 271, 272, 272, 269,
    272, 268, 271, 272, 270, 270, 270, 272, 272, 273, 269, 271, 273, 270,
    272, 273, 269, 271, 270, 273, 272, 272, 273, 269, 274, 274, 273, 269,
    272, 272, 269, 272, 272, 270, 269, 269, 273, 273, 271, 272, 271, 273,
    270, 273, 270, 270, 271, 269, 270, 270, 271, 270, 269, 268, 267, 267,
    268, 270, 270, 270, 269, 272, 270, 273, 271, 272, 271, 271, 271, 269,
    269, 272, 273, 273, 270, 269, 271, 269, 269, 270, 269, 274, 271, 271,
    274, 270, 272, 269, 274 ]
headPositionsY: [ 97, 76, 75, 80, 78, 79, 79, 77, 78, 78, 81, 81, 77, 78,
    77, 79, 79, 81, 81, 76, 79, 77, 80, 77, 80, 77, 79, 80, 77, 78, 78,
    80, 81, 80, 80, 80, 78, 80, 79, 81, 79, 80, 82, 80, 82, 83, 88, 87,
    89, 91, 92, 94, 94, 95, 96, 99, 99, 100, 98, 97, 97, 97, 98, 97, 98,
    100, 99, 98, 100, 100, 97, 97, 97, 100, 98, 100, 97, 99, 95, 98, 96,
    98, 96, 100, 96, 99, 97, 98, 98, 97, 100, 95, 97, 98, 96, 97, 99, 95,
    96, 99 ]
