%YAML:1.0
---
videoName: "headLookDown2.mp4"
gestureLabel: 206
fps: 29
pixelSizeInCmTemp: 3.3732394366197183e-01
faceCenterPointX: 274
faceCenterPointY: 95
headPositionsX: [ 276, 275, 272, 276, 275, 274, 273, 275, 274, 276, 275,
    272, 276, 276, 275, 274, 276, 275, 272, 275, 272, 272, 274, 274, 274,
    274, 275, 275, 272, 271, 273, 275, 276, 272, 275, 273, 273, 274, 273,
    274, 275, 274, 274, 276, 275, 275, 273, 276, 275, 274, 274, 271, 272,
    273, 272, 275, 275, 274, 274, 272, 272, 273, 274, 273, 277, 276, 275,
    273, 277, 273, 276, 276, 275, 277, 275, 276, 276, 276, 274, 273, 273,
    277, 277, 275, 277, 274, 276, 275, 277, 276, 276, 277, 272, 274, 276,
    276, 274, 272, 276, 274 ]
headPositionsY: [ 94, 80, 78, 80, 81, 78, 78, 80, 77, 78, 77, 78, 81, 78,
    79, 79, 78, 78, 79, 81, 77, 77, 80, 79, 81, 77, 82, 79, 78, 80, 81,
    80, 81, 80, 83, 82, 84, 84, 86, 88, 88, 89, 91, 89, 94, 93, 92, 92,
    93, 91, 95, 93, 96, 94, 96, 94, 92, 94, 95, 93, 96, 96, 92, 93, 93,
    97, 97, 95, 94, 93, 92, 96, 94, 94, 94, 93, 94, 94, 96, 95, 95, 97,
    96, 97, 93, 97, 95, 94, 98, 96, 95, 94, 95, 95, 93, 96, 96, 94, 97,
    96 ]
