%YAML:1.0
---
videoName: "headLookDown6.mp4"
gestureLabel: 206
fps: 29
pixelSizeInCmTemp: 3.4710144927536229e-01
faceCenterPointX: 276
faceCenterPointY: 98
headPositionsX: [ 276, 276, 276, 273, 274, 275, 276, 274, 274, 277, 273,
    275, 274, 276, 276, 277, 277, 276, 277, 276, 274, 277, 273, 278, 276,
    277, 272, 273, 273, 274, 277, 275, 273, 273, 276, 274, 276, 275, 273,
    272, 276, 277, 276, 277, 276, 277, 275, 275, 275, 275, 275, 273, 276,
    278, 278, 277, 273, 273, 278, 276, 273, 277, 277, 272, 275, 275, 272,
    274, 276, 276, 276, 274, 274, 276, 273, 277, 275, 274, 274, 277, 277,
    277, 274, 275, 273, 276, 277, 274, 276, 277, 275, 274, 275, 276, 274,
    276, 278, 275, 278, 276 ]
headPositionsY: [ 99, 80, 79, 82, 79, 83, 81, 80, 79, 80, 83, 81, 79, 82,
    81, 80, 81, 82, 83, 84, 84, 81, 81, 81, 80, 81, 81, 83, 84, 85, 81,
    81, 84, 83, 82, 84, 85, 83, 85, 83, 82, 85, 85, 88, 87, 87, 88, 90,
    90, 90, 91, 96, 92, 96, 94, 94, 95, 97, 95, 100, 94, 99, 96, 99, 98,
    101, 97, 96, 96, 97, 96, 96, 97, 100, 99, 100, 97, 99, 100, 97, 100,
    101, 97, 98, 97, 99, 101, 101, 98, 99, 99, 97, 98, 101, 96, 99, 97,
    97, 96, 98 ]
