%YAML:1.0
---
videoName: "headLookDown5.mp4"
gestureLabel: 206
fps: 29
pixelSizeInCmTemp: 3.4710144927536229e-01
faceCenterPointX: 272
faceCenterPointY: 102
headPositionsX: [ 272, 273, 270, 272, 270, 270, 270, 269, 273, 274, 270,
    270, 274, 272, 269, 273, 271, 271, 270, 271, 270, 271, 271, 271, 272,
    272, 269, 274, 272, 270, 269, 269, 270, 272, 272, 270, 273, 272, 272,
    272, 273, 273, 271, 272, 270, 273, 270, 271, 272, 272, 274, 270, 270,
    274, 273, 274, 274, 270, 274, 272, 269, 271, 270, 270, 269, 269, 272,
    271, 272, 271, 272, 273, 270, 275, 271, 273, 269, 272, 272, 274, 270,
    274, 271, 273, 272, 271, 272, 269, 273, 272, 274, 272, 273, 275, 269,
    272, 273, 271, 274, 273 ]
headPositionsY: [ 102, 86, 83, 82, 84, 81, 82, 82, 83, 82, 83, 84, 82,
    85, 85, 83, 85, 81, 83, 85, 86, 84, 84, 84, 83, 82, 82, 82, 84, 83,
    84, 84, 85, 83, 84, 85, 86, 83, 84, 84, 84, 85, 81, 83, 81, 84, 85,
    87, 86, 89, 87, 91, 92, 95, 93, 96, 94, 94, 99, 98, 98, 99, 98, 102,
    102, 100, 100, 100, 99, 101, 102, 101, 102, 105, 100, 100, 102, 101,
    105, 103, 101, 103, 100, 102, 105, 104, 105, 103, 102, 103, 103, 102,
    100, 104, 101, 104, 103, 101, 105, 103 ]
