%YAML:1.0
---
videoName: "headLookDown1.mp4"
gestureLabel: 206
fps: 29
pixelSizeInCmTemp: 3.4710144927536229e-01
faceCenterPointX: 271
faceCenterPointY: 97
headPositionsX: [ 273, 270, 269, 272, 268, 269, 269, 268, 272, 271, 271,
    269, 270, 269, 271, 269, 271, 271, 272, 272, 271, 269, 268, 272, 270,
    269, 273, 270, 271, 269, 273, 271, 269, 273, 272, 270, 273, 271, 273,
    269, 269, 269, 269, 272, 272, 271, 270, 270, 271, 269, 273, 269, 271,
    271, 272, 268, 271, 269, 271, 270, 272, 269, 271, 272, 269, 271, 271,
    271, 268, 271, 271, 268, 273, 271, 274, 269, 270, 273, 271, 273, 270,
    271, 271, 272, 272, 269, 271, 272, 273, 269, 273, 273, 273, 272, 274,
    272, 273, 273, 272, 272 ]
headPositionsY: [ 95, 79, 76, 78, 77, 78, 80, 81, 81, 78, 80, 78, 79, 78,
    77, 80, 77, 81, 81, 76, 80, 77, 81, 77, 79, 80, 80, 82, 80, 79, 81,
    80, 78, 77, 81, 80, 78, 81, 82, 81, 78, 80, 82, 82, 85, 86, 87, 90,
    90, 93, 90, 96, 96, 98, 98, 99, 99, 97, 97, 97, 96, 97, 98, 101, 98,
    100, 100, 98, 98, 101, 97, 99, 97, 97, 99, 97, 98, 98, 95, 100, 98,
    98, 100, 99, 98, 97, 97, 100, 99, 96, 100, 99, 97, 96, 97, 96, 95,
    97, 95, 96 ]
