%YAML:1.0
---
videoName: "headLookDown4.mp4"
gestureLabel: 206
fps: 29
pixelSizeInCmTemp: 3.4710144927536229e-01
faceCenterPointX: 275
faceCenterPointY: 97
headPositionsX: [ 274, 272, 273, 273, 275, 275, 272, 274, 272, 272, 272,
    271, 272, 273, 273, 275, 275, 271, 273, 274, 275, 275, 272, 274, 273,
    274, 271, 275, 270, 273, 275, 274, 273, 272, 276, 272, 271, 271, 274,
    274, 274, 275, 275, 273, 276, 274, 276, 273, 273, 276, 274, 276, 272,
    272, 273, 273, 275, 274, 275, 274, 274, 271, 272, 273, 274, 274, 275,
    274, 273, 273, 274, 272, 275, 274, 275, 272, 276, 272, 273, 276, 276,
    275, 274, 274, 277, 277, 275, 277, 273, 274, 273, 275, 275, 273, 274,
    274, 275, 274, 274, 277 ]
headPositionsY: [ 95, 79, 79, 79, 83, 83, 77, 82, 78, 81, 79, 81, 81, 78,
    78, 80, 83, 78, 79, 79, 79, 81, 81, 82, 81, 80, 83, 81, 78, 80, 79,
    80, 80, 83, 86, 85, 86, 85, 84, 87, 87, 89, 90, 89, 93, 93, 91, 96,
    94, 93, 95, 95, 100, 97, 100, 99, 103, 99, 99, 101, 99, 99, 100, 101,
    102, 101, 102, 97, 101, 101, 101, 98, 101, 96, 100, 97, 99, 99, 98,
    97, 97, 99, 95, 96, 97, 98, 96, 96, 97, 99, 99, 98, 98, 98, 98, 96,
    96, 97, 96, 99 ]
