%YAML:1.0
---
videoName: "headLookDown6.mp4"
gestureLabel: 206
fps: 29
pixelSizeInCmTemp: 3.4710144927536229e-01
faceCenterPointX: 276
faceCenterPointY: 98
headPositionsX: [ 275, 273, 274, 276, 277, 277, 277, 274, 274, 277, 276,
    274, 276, 277, 274, 276, 276, 272, 277, 274, 277, 274, 275, 275, 273,
    276, 273, 275, 273, 276, 277, 277, 276, 277, 275, 273, 276, 274, 277,
    275, 273, 277, 274, 276, 277, 276, 274, 278, 273, 276, 276, 275, 273,
    278, 276, 273, 277, 273, 274, 277, 275, 277, 273, 276, 276, 277, 273,
    276, 276, 274, 273, 276, 276, 277, 274, 273, 275, 276, 272, 276, 274,
    276, 273, 275, 274, 277, 275, 276, 275, 277, 274, 277, 277, 277, 275,
    274, 275, 276, 279, 278 ]
headPositionsY: [ 96, 82, 81, 79, 83, 83, 79, 80, 81, 79, 79, 82, 80, 80,
    80, 79, 82, 82, 79, 81, 84, 80, 83, 84, 79, 82, 82, 83, 81, 84, 80,
    84, 81, 83, 82, 82, 83, 83, 86, 81, 82, 85, 83, 87, 87, 87, 92, 89,
    94, 93, 91, 96, 94, 97, 94, 97, 99, 97, 98, 96, 94, 100, 99, 97, 96,
    97, 99, 96, 98, 97, 97, 100, 99, 99, 98, 100, 101, 98, 97, 100, 100,
    100, 99, 98, 98, 98, 97, 97, 101, 99, 97, 98, 96, 101, 97, 100, 98,
    95, 97, 100 ]
