%YAML:1.0
---
videoName: "headLookDown9.mp4"
gestureLabel: 206
fps: 29
pixelSizeInCmTemp: 3.5220588235294115e-01
faceCenterPointX: 274
faceCenterPointY: 97
headPositionsX: [ 272, 272, 274, 273, 270, 271, 274, 270, 272, 272, 272,
    274, 273, 271, 271, 273, 270, 272, 270, 272, 274, 270, 274, 274, 273,
    271, 273, 271, 270, 271, 271, 273, 272, 271, 272, 273, 271, 273, 274,
    272, 272, 274, 271, 271, 270, 273, 274, 272, 271, 273, 270, 273, 274,
    272, 275, 272, 274, 270, 273, 271, 273, 274, 270, 274, 272, 273, 270,
    272, 272, 270, 271, 273, 271, 274, 273, 271, 272, 273, 273, 272, 272,
    270, 271, 271, 272, 271, 274, 271, 272, 274, 276, 271, 271, 276, 273,
    272, 272, 274, 273, 273 ]
headPositionsY: [ 96, 81, 81, 78, 81, 80, 81, 82, 81, 80, 81, 80, 78, 79,
    82, 81, 82, 81, 78, 80, 82, 78, 81, 79, 80, 79, 79, 81, 82, 83, 83,
    79, 82, 83, 82, 84, 83, 86, 85, 86, 89, 91, 91, 94, 93, 93, 94, 95,
    95, 99, 98, 97, 98, 98, 100, 97, 102, 96, 101, 100, 98, 99, 101, 96,
    100, 96, 95, 97, 98, 95, 99, 96, 99, 96, 100, 98, 99, 98, 98, 97, 99,
    95, 96, 99, 96, 95, 95, 99, 99, 96, 96, 98, 95, 98, 99, 98, 94, 94,
    97, 94 ]
