%YAML:1.0
---
videoName: "headLookDown4.mp4"
gestureLabel: 206
fps: 29
pixelSizeInCmTemp: 3.4710144927536229e-01
faceCenterPointX: 275
faceCenterPointY: 97
headPositionsX: [ 274, 271, 275, 274, 274, 273, 273, 272, 273, 275, 276,
    271, 274, 274, 273, 273, 274, 272, 274, 274, 273, 274, 270, 271, 273,
    271, 274, 275, 271, 273, 273, 271, 273, 272, 272, 272, 274, 271, 272,
    272, 274, 274, 275, 276, 273, 276, 274, 274, 274, 273, 275, 272, 275,
    271, 271, 275, 273, 272, 275, 272, 275, 271, 274, 276, 272, 276, 276,
    272, 272, 272, 275, 273, 272, 274, 274, 272, 276, 273, 276, 274, 274,
    274, 277, 272, 276, 274, 273, 276, 276, 275, 276, 276, 274, 273, 276,
    274, 276, 272, 275, 276 ]
headPositionsY: [ 98, 79, 81, 83, 79, 81, 78, 79, 80, 81, 79, 81, 82, 78,
    78, 79, 82, 80, 82, 82, 79, 81, 81, 82, 83, 82, 79, 81, 80, 79, 82,
    81, 80, 84, 82, 82, 86, 85, 85, 85, 89, 88, 91, 88, 91, 90, 91, 96,
    93, 97, 96, 98, 98, 98, 101, 103, 99, 100, 98, 102, 99, 101, 100,
    101, 99, 100, 101, 99, 101, 100, 97, 97, 101, 97, 98, 96, 98, 100,
    97, 99, 98, 95, 96, 99, 95, 97, 95, 97, 97, 98, 96, 97, 95, 96, 96,
    97, 96, 98, 97, 95 ]
