%YAML:1.0
---
videoName: "headLookDown2.mp4"
gestureLabel: 206
fps: 29
pixelSizeInCmTemp: 3.3732394366197183e-01
faceCenterPointX: 274
faceCenterPointY: 95
headPositionsX: [ 272, 273, 273, 276, 274, 276, 275, 272, 275, 272, 272,
    275, 273, 275, 272, 276, 273, 275, 275, 276, 275, 273, 272, 275, 277,
    273, 273, 276, 275, 273, 271, 273, 272, 273, 274, 274, 274, 276, 274,
    275, 272, 272, 276, 275, 277, 275, 272, 273, 274, 275, 271, 274, 273,
    273, 274, 272, 273, 273, 273, 275, 276, 274, 274, 274, 276, 277, 275,
    276, 277, 275, 273, 275, 276, 273, 274, 276, 276, 275, 273, 275, 276,
    277, 275, 276, 277, 276, 275, 274, 277, 275, 274, 276, 275, 273, 276,
    272, 273, 276, 277, 274 ]
headPositionsY: [ 95, 78, 78, 78, 81, 77, 76, 81, 80, 77, 77, 81, 81, 78,
    81, 77, 79, 78, 81, 78, 80, 79, 80, 77, 80, 77, 80, 79, 80, 77, 77,
    78, 79, 82, 80, 83, 81, 83, 84, 88, 85, 91, 89, 91, 91, 95, 95, 93,
    93, 91, 95, 93, 93, 95, 95, 96, 92, 95, 94, 92, 95, 97, 94, 95, 96,
    94, 96, 96, 96, 93, 95, 95, 97, 96, 93, 94, 96, 93, 96, 96, 93, 94,
    95, 94, 94, 94, 96, 93, 94, 95, 95, 98, 95, 98, 93, 96, 94, 96, 98,
    97 ]
