%YAML:1.0
---
videoName: "headLookDown7.mp4"
gestureLabel: 206
fps: 30
pixelSizeInCmTemp: 3.3732394366197183e-01
faceCenterPointX: 274
faceCenterPointY: 95
headPositionsX: [ 273, 275, 274, 276, 275, 271, 271, 271, 271, 273, 272,
    275, 274, 271, 276, 276, 275, 273, 271, 274, 272, 275, 274, 275, 273,
    272, 276, 275, 274, 275, 272, 271, 273, 275, 274, 274, 273, 273, 272,
    275, 276, 275, 273, 273, 273, 272, 272, 274, 271, 272, 276, 273, 276,
    274, 276, 275, 276, 273, 276, 275, 273, 272, 272, 275, 272, 273, 274,
    273, 273, 276, 276, 276, 275, 273, 276, 275, 275, 272, 274, 276, 275,
    275, 273, 274, 276, 272, 278, 276, 275, 277, 273, 273, 278, 276, 273,
    274, 276, 276, 272, 273 ]
headPositionsY: [ 95, 83, 83, 80, 80, 83, 84, 80, 80, 82, 82, 82, 84, 84,
    84, 82, 85, 82, 82, 82, 84, 85, 80, 80, 81, 85, 83, 83, 83, 83, 81,
    82, 84, 84, 84, 84, 82, 85, 82, 85, 82, 83, 83, 84, 82, 86, 81, 86,
    83, 84, 86, 88, 87, 88, 90, 90, 92, 89, 91, 94, 95, 92, 93, 95, 95,
    92, 94, 95, 94, 93, 95, 95, 97, 95, 93, 96, 96, 95, 93, 97, 97, 93,
    94, 95, 97, 93, 97, 97, 95, 96, 95, 95, 95, 97, 95, 95, 96, 98, 95,
    95 ]
