%YAML:1.0
---
videoName: "headLookDown1.mp4"
gestureLabel: 206
fps: 29
pixelSizeInCmTemp: 3.4710144927536229e-01
faceCenterPointX: 271
faceCenterPointY: 97
headPositionsX: [ 273, 271, 270, 269, 272, 271, 272, 270, 269, 271, 268,
    271, 269, 272, 268, 270, 269, 273, 270, 270, 271, 272, 268, 274, 274,
    271, 274, 270, 273, 270, 269, 272, 270, 272, 269, 272, 272, 273, 271,
    270, 270, 272, 270, 268, 271, 270, 271, 272, 271, 270, 273, 269, 272,
    269, 269, 268, 270, 271, 270, 269, 271, 268, 269, 271, 270, 269, 267,
    272, 271, 269, 271, 268, 269, 271, 274, 273, 274, 273, 269, 270, 270,
    271, 269, 272, 270, 271, 271, 271, 272, 273, 272, 270, 271, 274, 274,
    270, 270, 272, 273, 271 ]
headPositionsY: [ 95, 79, 77, 78, 79, 78, 80, 78, 81, 77, 77, 80, 78, 77,
    81, 81, 79, 77, 80, 79, 80, 77, 78, 77, 78, 79, 80, 82, 77, 79, 77,
    78, 80, 80, 79, 79, 81, 80, 82, 79, 81, 80, 81, 82, 85, 85, 87, 86,
    90, 89, 91, 96, 96, 94, 94, 96, 95, 100, 96, 98, 100, 101, 97, 99,
    97, 96, 99, 99, 97, 101, 100, 100, 100, 100, 98, 99, 97, 97, 99, 100,
    97, 95, 98, 98, 98, 98, 99, 97, 99, 99, 97, 97, 96, 96, 98, 96, 96,
    97, 97, 100 ]
