%YAML:1.0
---
videoName: "headLookDown9.mp4"
gestureLabel: 206
fps: 29
pixelSizeInCmTemp: 3.5220588235294115e-01
faceCenterPointX: 274
faceCenterPointY: 97
headPositionsX: [ 272, 273, 273, 272, 273, 274, 271, 273, 270, 270, 273,
    275, 273, 275, 274, 271, 272, 274, 273, 274, 273, 272, 275, 271, 273,
    273, 275, 271, 271, 273, 272, 275, 275, 274, 271, 273, 273, 272, 274,
    273, 274, 275, 271, 271, 272, 274, 271, 272, 273, 273, 270, 271, 271,
    271, 272, 270, 272, 273, 273, 274, 272, 275, 270, 274, 270, 273, 272,
    274, 270, 269, 271, 270, 271, 271, 270, 272, 272, 270, 270, 274, 271,
    272, 274, 271, 271, 273, 273, 271, 273, 271, 273, 275, 275, 276, 272,
    271, 274, 273, 274, 272 ]
headPositionsY: [ 96, 78, 83, 81, 80, 83, 80, 82, 82, 81, 82, 81, 77, 80,
    81, 82, 81, 82, 78, 79, 82, 79, 80, 79, 81, 79, 83, 79, 82, 81, 80,
    79, 81, 80, 83, 87, 85, 83, 88, 89, 87, 88, 93, 92, 95, 94, 97, 95,
    96, 98, 95, 96, 100, 96, 101, 97, 100, 100, 101, 98, 101, 97, 97, 98,
    97, 96, 96, 100, 99, 99, 100, 97, 96, 97, 100, 97, 97, 95, 96, 95,
    97, 95, 97, 98, 95, 98, 98, 98, 96, 98, 98, 99, 98, 97, 98, 96, 97,
    96, 96, 98 ]
