%YAML:1.0
---
videoName: "headLookDown0.mp4"
gestureLabel: 206
fps: 29
pixelSizeInCmTemp: 3.3263888888888887e-01
faceCenterPointX: 273
faceCenterPointY: 93
headPositionsX: [ 273, 274, 275, 273, 274, 270, 271, 272, 273, 273, 270,
    270, 270, 271, 274, 273, 270, 272, 270, 272, 271, 271, 272, 274, 271,
    271, 269, 270, 269, 272, 274, 270, 273, 273, 270, 274, 273, 273, 270,
    272, 271, 272, 271, 274, 271, 273, 272, 271, 275, 270, 273, 273, 270,
    274, 273, 270, 274, 273, 271, 273, 273, 270, 273, 274, 273, 273, 270,
    270, 272, 274, 271, 270, 270, 270, 271, 271, 271, 273, 272, 273, 273,
    272, 271, 270, 271, 275, 274, 273, 274, 274, 272, 274, 271, 273, 270,
    275, 272, 274, 275, 273 ]
headPositionsY: [ 93, 80, 79, 79, 81, 79, 81, 78, 77, 77, 80, 79, 79, 81,
    81, 77, 81, 81, 78, 79, 78, 78, 82, 81, 81, 77, 80, 78, 81, 80, 79,
    77, 80, 81, 79, 79, 80, 81, 82, 83, 87, 88, 88, 90, 92, 92, 97, 98,
    95, 99, 96, 95, 97, 95, 96, 98, 96, 96, 97, 96, 99, 96, 95, 98, 96,
    97, 96, 97, 96, 96, 97, 95, 97, 97, 95, 97, 94, 97, 96, 94, 93, 97,
    96, 93, 95, 97, 94, 95, 95, 91, 96, 93, 96, 93, 93, 94, 93, 93, 91,
    96 ]
