%YAML:1.0
---
videoName: "headLookDown4.mp4"
gestureLabel: 206
fps: 29
pixelSizeInCmTemp: 3.4710144927536229e-01
faceCenterPointX: 275
faceCenterPointY: 97
headPositionsX: [ 277, 274, 273, 275, 274, 273, 274, 273, 271, 271, 272,
    272, 272, 271, 275, 275, 273, 272, 271, 272, 272, 275, 272, 272, 273,
    273, 271, 275, 271, 274, 273, 274, 275, 273, 276, 274, 271, 272, 274,
    273, 272, 273, 271, 274, 272, 275, 273, 272, 274, 276, 275, 274, 275,
    272, 273, 274, 275, 272, 276, 273, 276, 274, 274, 272, 274, 275, 274,
    274, 275, 272, 275, 273, 275, 276, 273, 274, 273, 276, 273, 275, 274,
    273, 277, 274, 273, 276, 276, 276, 274, 272, 272, 275, 272, 275, 273,
    273, 277, 275, 275, 275 ]
headPositionsY: [ 95, 79, 80, 80, 80, 82, 81, 82, 82, 80, 79, 82, 78, 82,
    78, 81, 82, 78, 80, 82, 79, 82, 79, 78, 81, 82, 79, 82, 80, 81, 83,
    80, 80, 83, 84, 86, 85, 82, 87, 85, 87, 87, 92, 88, 89, 93, 91, 94,
    95, 95, 98, 96, 97, 100, 98, 103, 101, 103, 100, 99, 101, 98, 98, 99,
    99, 100, 102, 101, 100, 102, 97, 99, 98, 100, 98, 95, 100, 99, 96,
    96, 97, 98, 99, 95, 96, 100, 96, 95, 95, 98, 95, 99, 97, 96, 97, 96,
    98, 96, 96, 95 ]
