%YAML:1.0
---
videoName: "headLookDown4.mp4"
gestureLabel: 206
fps: 29
pixelSizeInCmTemp: 3.4710144927536229e-01
faceCenterPointX: 275
faceCenterPointY: 97
headPositionsX: [ 277, 275, 273, 274, 271, 271, 273, 270, 271, 273, 275,
    271, 273, 270, 273, 274, 273, 273, 275, 274, 271, 273, 270, 273, 273,
    273, 273, 272, 274, 271, 271, 275, 271, 272, 276, 274, 275, 270, 272,
    274, 272, 276, 271, 274, 275, 274, 273, 275, 275, 273, 274, 276, 273,
    272, 272, 275, 272, 272, 275, 274, 273, 273, 272, 273, 276, 272, 276,
    273, 274, 272, 275, 275, 273, 276, 276, 272, 276, 274, 273, 273, 276,
    276, 273, 274, 276, 275, 277, 273, 276, 275, 272, 275, 274, 274, 273,
    274, 274, 272, 273, 277 ]
headPositionsY: [ 97, 83, 82, 83, 81, 82, 77, 82, 81, 82, 83, 79, 81, 78,
    80, 82, 79, 82, 82, 82, 83, 81, 78, 79, 82, 81, 80, 80, 79, 81, 82,
    79, 82, 85, 85, 85, 82, 83, 87, 88, 86, 89, 92, 91, 93, 92, 94, 94,
    93, 94, 95, 99, 100, 96, 101, 100, 100, 101, 100, 101, 102, 101, 98,
    99, 103, 99, 98, 98, 99, 98, 98, 98, 99, 100, 99, 99, 98, 98, 98, 99,
    98, 99, 99, 99, 99, 99, 95, 96, 95, 96, 96, 98, 97, 98, 95, 98, 99,
    99, 100, 95 ]
