%YAML:1.0
---
videoName: "headLookDown3.mp4"
gestureLabel: 206
fps: 29
pixelSizeInCmTemp: 3.5746268656716418e-01
faceCenterPointX: 273
faceCenterPointY: 98
headPositionsX: [ 275, 273, 272, 271, 271, 270, 272, 273, 271, 275, 272,
    272, 273, 270, 274, 273, 272, 275, 275, 273, 270, 275, 274, 274, 271,
    274, 272, 274, 272, 274, 273, 272, 271, 271, 273, 274, 273, 269, 274,
    270, 270, 271, 270, 271, 272, 275, 272, 273, 275, 270, 274, 274, 272,
    273, 273, 272, 274, 272, 274, 272, 271, 274, 271, 272, 272, 272, 271,
    268, 271, 270, 273, 272, 269, 269, 270, 270, 271, 270, 269, 270, 270,
    274, 273, 274, 270, 274, 271, 270, 271, 273, 272, 271, 272, 273, 272,
    276, 273, 270, 275, 271 ]
headPositionsY: [ 99, 76, 76, 78, 79, 78, 78, 80, 78, 80, 78, 77, 80, 78,
    78, 79, 79, 78, 80, 81, 78, 80, 80, 80, 81, 76, 81, 80, 80, 77, 81,
    77, 78, 79, 81, 81, 80, 79, 81, 79, 83, 85, 86, 84, 87, 89, 85, 89,
    87, 91, 89, 94, 90, 91, 94, 93, 96, 95, 96, 96, 98, 97, 98, 98, 99,
    103, 100, 99, 100, 103, 99, 101, 101, 102, 103, 100, 99, 101, 102,
    100, 102, 99, 101, 99, 99, 101, 99, 98, 100, 102, 101, 102, 103, 101,
    102, 99, 99, 100, 102, 102 ]
