%YAML:1.0
---
videoName: "headLookDown2.mp4"
gestureLabel: 206
fps: 29
pixelSizeInCmTemp: 3.3732394366197183e-01
faceCenterPointX: 274
faceCenterPointY: 95
headPositionsX: [ 272, 276, 276, 275, 276, 275, 274, 275, 276, 275, 273,
    273, 276, 276, 275, 276, 272, 274, 273, 272, 275, 271, 274, 273, 276,
    275, 274, 272, 275, 274, 271, 275, 274, 271, 276, 273, 276, 272, 272,
    272, 272, 273, 276, 275, 277, 273, 272, 273, 273, 272, 273, 274, 276,
    273, 273, 272, 275, 273, 272, 275, 272, 272, 275, 273, 275, 274, 277,
    272, 275, 276, 276, 277, 273, 273, 277, 274, 275, 277, 277, 275, 275,
    275, 275, 273, 273, 274, 275, 277, 275, 275, 274, 274, 272, 277, 272,
    274, 277, 276, 277, 273 ]
headPositionsY: [ 96, 81, 78, 80, 77, 79, 78, 78, 77, 80, 76, 81, 79, 78,
    77, 79, 78, 80, 81, 80, 80, 77, 80, 81, 81, 80, 79, 81, 79, 78, 79,
    81, 82, 82, 81, 83, 84, 82, 84, 86, 86, 89, 92, 92, 95, 93, 94, 96,
    94, 91, 92, 95, 96, 92, 93, 94, 96, 93, 94, 92, 94, 95, 96, 97, 93,
    93, 93, 93, 95, 96, 93, 94, 96, 96, 95, 94, 93, 95, 96, 93, 95, 94,
    93, 97, 94, 95, 93, 94, 94, 97, 97, 95, 97, 94, 95, 94, 98, 95, 98,
    95 ]
