%YAML:1.0
---
videoName: "headLookDown1.mp4"
gestureLabel: 206
fps: 29
pixelSizeInCmTemp: 3.4710144927536229e-01
faceCenterPointX: 271
faceCenterPointY: 97
headPositionsX: [ 269, 272, 270, 271, 270, 268, 270, 270, 270, 270, 270,
    269, 270, 271, 268, 271, 272, 270, 270, 269, 270, 271, 270, 271, 272,
    271, 273, 270, 269, 271, 269, 271, 271, 269, 273, 272, 270, 271, 269,
    273, 270, 272, 273, 269, 270, 269, 271, 274, 269, 269, 270, 268, 269,
    271, 273, 268, 273, 269, 268, 270, 268, 269, 269, 272, 269, 269, 269,
    271, 270, 271, 271, 271, 273, 272, 273, 272, 270, 270, 268, 272, 269,
    271, 273, 271, 272, 269, 269, 270, 273, 272, 270, 271, 270, 272, 272,
    271, 270, 273, 271, 272 ]
headPositionsY: [ 95, 76, 75, 77, 79, 79, 79, 79, 81, 78, 77, 81, 80, 78,
    81, 80, 77, 80, 79, 76, 78, 81, 81, 81, 81, 78, 79, 82, 77, 79, 81,
    78, 80, 81, 81, 82, 79, 81, 78, 80, 81, 81, 81, 84, 85, 84, 85, 87,
    90, 93, 93, 94, 94, 95, 98, 96, 96, 100, 97, 98, 96, 100, 97, 100,
    100, 98, 97, 98, 98, 101, 97, 101, 97, 98, 97, 100, 99, 99, 95, 98,
    97, 95, 100, 99, 98, 100, 97, 98, 96, 99, 99, 97, 95, 96, 98, 99, 95,
    96, 96, 98 ]
