%YAML:1.0
---
videoName: "headLookDown8.mp4"
gestureLabel: 206
fps: 29
pixelSizeInCmTemp: 3.3732394366197183e-01
faceCenterPointX: 276
faceCenterPointY: 96
headPositionsX: [ 275, 276, 276, 272, 276, 276, 275, 274, 276, 275, 276,
    274, 275, 276, 277, 274, 276, 276, 277, 275, 273, 273, 277, 276, 274,
    275, 277, 277, 273, 276, 272, 276, 274, 275, 272, 272, 273, 273, 275,
    273, 272, 275, 277, 275, 274, 277, 277, 277, 275, 276, 275, 275, 278,
    275, 275, 274, 276, 276, 278, 277, 275, 274, 274, 274, 278, 274, 278,
    277, 275, 276, 275, 275, 276, 275, 277, 277, 273, 275, 276, 278, 278,
    275, 274, 275, 276, 274, 276, 275, 278, 276, 278, 275, 279, 275, 278,
    275, 275, 278, 278, 277 ]
headPositionsY: [ 96, 78, 81, 79, 78, 80, 82, 79, 81, 82, 81, 78, 77, 80,
    80, 80, 77, 79, 80, 80, 79, 77, 77, 79, 78, 80, 78, 82, 79, 78, 78,
    81, 79, 81, 84, 86, 85, 82, 86, 86, 89, 89, 90, 88, 92, 90, 91, 91,
    95, 95, 96, 95, 99, 95, 96, 98, 95, 97, 98, 96, 95, 96, 100, 100, 96,
    98, 98, 96, 95, 100, 95, 95, 97, 97, 97, 95, 96, 98, 97, 98, 98, 95,
    97, 97, 95, 97, 98, 94, 98, 95, 96, 94, 96, 96, 98, 98, 94, 95, 98,
    97 ]
