%YAML:1.0
---
videoName: "headLookDown1.mp4"
gestureLabel: 206
fps: 29
pixelSizeInCmTemp: 3.4710144927536229e-01
faceCenterPointX: 271
faceCenterPointY: 97
headPositionsX: [ 270, 271, 270, 270, 271, 270, 271, 270, 270, 269, 269,
    269, 271, 269, 269, 269, 269, 272, 269, 270, 269, 269, 269, 272, 274,
    271, 270, 273, 269, 270, 271, 270, 272, 273, 273, 271, 274, 270, 271,
    271, 269, 270, 273, 271, 272, 272, 271, 274, 272, 269, 273, 271, 270,
    271, 269, 268, 273, 273, 272, 270, 268, 268, 270, 270, 270, 268, 268,
    269, 271, 272, 270, 268, 270, 272, 271, 270, 272, 270, 269, 272, 270,
    271, 273, 272, 273, 273, 270, 269, 270, 271, 272, 273, 273, 271, 273,
    274, 270, 270, 270, 273 ]
headPositionsY: [ 95, 76, 79, 77, 79, 79, 78, 78, 79, 77, 81, 81, 81, 77,
    80, 77, 80, 79, 79, 77, 79, 79, 81, 79, 80, 79, 78, 80, 78, 80, 78,
    79, 80, 80, 79, 78, 78, 78, 81, 77, 78, 79, 80, 83, 83, 87, 86, 90,
    92, 93, 94, 92, 95, 95, 95, 96, 97, 97, 99, 97, 100, 100, 98, 100,
    98, 98, 99, 97, 97, 99, 97, 101, 98, 101, 98, 99, 99, 97, 95, 98, 94,
    95, 100, 99, 100, 99, 96, 98, 98, 96, 99, 99, 97, 99, 96, 98, 98, 98,
    98, 97 ]
