%YAML:1.0
---
videoName: "headLookDown1.mp4"
gestureLabel: 206
fps: 29
pixelSizeInCmTemp: 3.4710144927536229e-01
faceCenterPointX: 271
faceCenterPointY: 97
headPositionsX: [ 272, 270, 271, 270, 268, 272, 269, 270, 272, 272, 268,
    268, 270, 272, 271, 272, 269, 271, 273, 269, 271, 271, 269, 271, 273,
    269, 273, 270, 269, 269, 273, 270, 273, 272, 273, 270, 271, 270, 272,
    270, 269, 270, 271, 271, 270, 269, 270, 274, 271, 273, 272, 269, 269,
    273, 272, 269, 272, 269, 270, 271, 270, 271, 270, 270, 271, 271, 271,
    269, 270, 270, 273, 272, 273, 270, 272, 271, 271, 273, 269, 273, 270,
    271, 270, 273, 269, 272, 271, 269, 269, 272, 272, 271, 273, 272, 270,
    272, 273, 270, 269, 270 ]
headPositionsY: [ 99, 76, 75, 79, 78, 77, 79, 78, 80, 80, 79, 80, 78, 80,
    77, 80, 79, 81, 82, 78, 80, 80, 77, 80, 80, 78, 78, 78, 79, 81, 78,
    78, 78, 80, 78, 79, 82, 79, 82, 77, 80, 83, 82, 80, 84, 87, 86, 87,
    89, 91, 94, 95, 95, 97, 94, 99, 99, 100, 100, 99, 99, 101, 99, 97,
    100, 100, 97, 97, 101, 98, 101, 99, 99, 98, 98, 99, 98, 98, 98, 100,
    96, 96, 100, 100, 100, 99, 96, 98, 96, 96, 97, 99, 97, 99, 99, 99,
    98, 97, 97, 96 ]
