%YAML:1.0
---
videoName: "headLookDown6.mp4"
gestureLabel: 206
fps: 29
pixelSizeInCmTemp: 3.4710144927536229e-01
faceCenterPointX: 276
faceCenterPointY: 98
headPositionsX: [ 277, 273, 277, 276, 275, 273, 274, 273, 276, 274, 277,
    276, 275, 273, 276, 275, 273, 276, 275, 278, 276, 276, 276, 275, 274,
    277, 274, 274, 274, 275, 275, 276, 276, 274, 276, 273, 276, 273, 273,
    273, 276, 274, 273, 276, 275, 274, 274, 278, 273, 277, 278, 275, 273,
    277, 277, 277, 274, 276, 277, 274, 273, 277, 273, 272, 273, 274, 273,
    274, 275, 277, 275, 275, 275, 274, 276, 275, 273, 274, 273, 276, 277,
    277, 273, 278, 275, 273, 276, 275, 275, 276, 278, 275, 275, 277, 277,
    277, 276, 273, 277, 274 ]
headPositionsY: [ 97, 79, 82, 80, 82, 80, 79, 79, 81, 82, 83, 81, 79, 81,
    81, 80, 82, 82, 79, 80, 83, 83, 80, 83, 80, 81, 82, 80, 82, 82, 81,
    85, 84, 81, 81, 83, 83, 83, 86, 81, 84, 83, 83, 89, 88, 87, 91, 89,
    94, 91, 95, 96, 94, 93, 97, 97, 98, 94, 96, 96, 98, 96, 96, 97, 100,
    100, 96, 95, 98, 98, 98, 99, 100, 99, 97, 101, 100, 101, 99, 97, 99,
    100, 96, 97, 100, 100, 99, 101, 100, 99, 100, 100, 99, 98, 95, 99,
    96, 95, 96, 97 ]
