%YAML:1.0
---
videoName: "headLookDown0.mp4"
gestureLabel: 206
fps: 29
pixelSizeInCmTemp: 3.3263888888888887e-01
faceCenterPointX: 273
faceCenterPointY: 93
headPositionsX: [ 271, 272, 271, 271, 271, 270, 274, 273, 274, 269, 274,
    274, 270, 271, 273, 270, 271, 271, 271, 273, 271, 274, 273, 271, 271,
    273, 271, 273, 271, 269, 273, 273, 270, 270, 273, 270, 271, 271, 272,
    272, 272, 272, 273, 271, 273, 271, 271, 271, 272, 274, 272, 270, 272,
    271, 273, 273, 274, 271, 272, 272, 274, 272, 270, 273, 272, 271, 272,
    270, 273, 270, 271, 271, 273, 270, 275, 270, 272, 273, 270, 271, 273,
    272, 274, 271, 273, 274, 271, 272, 272, 272, 275, 272, 270, 273, 274,
    272, 273, 273, 271, 274 ]
headPositionsY: [ 91, 78, 81, 78, 82, 78, 78, 80, 80, 79, 79, 79, 78, 79,
    80, 77, 81, 80, 82, 82, 79, 79, 79, 81, 82, 81, 82, 78, 79, 81, 82,
    77, 81, 80, 78, 79, 82, 82, 85, 84, 88, 86, 91, 91, 91, 95, 96, 95,
    97, 99, 99, 95, 95, 96, 99, 95, 98, 95, 96, 94, 98, 95, 98, 97, 97,
    98, 98, 97, 95, 98, 95, 96, 95, 97, 95, 95, 93, 96, 95, 97, 93, 95,
    95, 93, 94, 94, 95, 95, 94, 94, 94, 96, 96, 93, 93, 96, 95, 94, 92,
    94 ]
