%YAML:1.0
---
videoName: "headLookDown2.mp4"
gestureLabel: 206
fps: 29
pixelSizeInCmTemp: 3.3732394366197183e-01
faceCenterPointX: 274
faceCenterPointY: 95
headPositionsX: [ 274, 272, 272, 276, 276, 273, 271, 274, 275, 274, 274,
    276, 272, 273, 273, 276, 276, 276, 273, 274, 273, 275, 274, 273, 275,
    272, 273, 275, 276, 274, 273, 273, 274, 275, 276, 273, 275, 274, 274,
    274, 272, 276, 276, 274, 274, 273, 276, 276, 275, 274, 272, 272, 273,
    274, 272, 274, 276, 274, 273, 276, 276, 274, 273, 272, 277, 273, 273,
    276, 275, 274, 274, 276, 277, 274, 274, 277, 276, 274, 276, 273, 273,
    274, 273, 277, 274, 274, 277, 274, 276, 273, 274, 274, 273, 277, 275,
    275, 275, 272, 273, 273 ]
headPositionsY: [ 94, 80, 77, 77, 78, 81, 78, 80, 79, 77, 79, 79, 79, 80,
    78, 77, 78, 79, 79, 80, 78, 81, 79, 80, 81, 79, 82, 77, 79, 81, 79,
    80, 78, 80, 81, 83, 84, 85, 84, 86, 87, 89, 92, 89, 95, 95, 95, 93,
    93, 93, 95, 92, 96, 95, 93, 95, 95, 94, 95, 92, 93, 97, 93, 94, 97,
    96, 95, 97, 95, 94, 96, 92, 95, 95, 97, 93, 94, 95, 94, 97, 97, 96,
    93, 97, 95, 95, 96, 97, 95, 94, 97, 94, 93, 94, 95, 97, 96, 97, 94,
    97 ]
