%YAML:1.0
---
videoName: "headLookDown8.mp4"
gestureLabel: 206
fps: 29
pixelSizeInCmTemp: 3.3732394366197183e-01
faceCenterPointX: 276
faceCenterPointY: 96
headPositionsX: [ 277, 274, 275, 272, 273, 277, 274, 275, 273, 275, 276,
    277, 276, 275, 277, 276, 275, 277, 277, 277, 274, 275, 277, 275, 275,
    277, 274, 273, 275, 275, 275, 273, 273, 277, 272, 274, 272, 275, 274,
    277, 272, 273, 276, 273, 275, 275, 278, 277, 274, 274, 279, 274, 275,
    277, 277, 274, 277, 276, 274, 276, 274, 276, 278, 276, 274, 275, 274,
    273, 275, 276, 274, 277, 275, 275, 274, 274, 273, 277, 276, 276, 277,
    275, 276, 278, 278, 275, 278, 276, 274, 279, 278, 276, 278, 276, 278,
    276, 278, 277, 275, 277 ]
headPositionsY: [ 97, 79, 78, 80, 77, 79, 80, 81, 78, 81, 81, 80, 79, 81,
    79, 79, 79, 81, 81, 82, 80, 81, 78, 78, 81, 82, 81, 79, 78, 81, 79,
    78, 82, 83, 82, 85, 86, 82, 86, 85, 89, 91, 92, 89, 89, 91, 93, 92,
    96, 95, 96, 98, 96, 98, 96, 100, 99, 99, 98, 99, 97, 96, 96, 96, 99,
    96, 99, 98, 98, 99, 99, 97, 95, 96, 96, 95, 97, 94, 98, 99, 98, 97,
    95, 98, 96, 96, 95, 97, 99, 97, 95, 98, 98, 99, 96, 97, 96, 98, 98,
    96 ]
