%YAML:1.0
---
videoName: "headLookDown6.mp4"
gestureLabel: 206
fps: 29
pixelSizeInCmTemp: 3.4710144927536229e-01
faceCenterPointX: 276
faceCenterPointY: 98
headPositionsX: [ 274, 273, 273, 273, 276, 275, 274, 273, 275, 274, 275,
    274, 275, 277, 275, 277, 276, 272, 276, 278, 277, 274, 273, 277, 273,
    274, 275, 273, 273, 274, 277, 275, 275, 273, 277, 276, 277, 277, 277,
    275, 274, 275, 274, 276, 274, 273, 275, 278, 273, 276, 275, 276, 273,
    275, 276, 274, 276, 277, 274, 277, 273, 275, 273, 274, 273, 275, 273,
    274, 276, 277, 273, 273, 275, 278, 276, 276, 275, 274, 274, 276, 277,
    277, 274, 277, 275, 277, 275, 277, 275, 277, 278, 275, 274, 276, 277,
    277, 278, 274, 278, 277 ]
headPositionsY: [ 96, 81, 82, 82, 82, 83, 81, 79, 83, 83, 81, 83, 83, 82,
    83, 79, 83, 83, 81, 82, 80, 83, 82, 81, 79, 82, 80, 82, 84, 84, 83,
    81, 81, 85, 81, 84, 81, 85, 82, 83, 81, 87, 85, 88, 87, 87, 91, 91,
    90, 91, 93, 94, 92, 94, 96, 98, 97, 95, 98, 100, 95, 99, 99, 98, 97,
    100, 98, 95, 97, 100, 99, 98, 100, 101, 100, 99, 100, 99, 97, 101,
    101, 97, 98, 99, 97, 99, 100, 100, 99, 99, 98, 97, 98, 98, 97, 98,
    96, 98, 98, 99 ]
