%YAML:1.0
---
videoName: "headLookDown1.mp4"
gestureLabel: 206
fps: 29
pixelSizeInCmTemp: 3.4710144927536229e-01
faceCenterPointX: 271
faceCenterPointY: 97
headPositionsX: [ 270, 269, 271, 272, 269, 270, 269, 268, 272, 270, 269,
    272, 272, 272, 271, 268, 269, 269, 272, 271, 269, 272, 272, 273, 270,
    269, 271, 271, 271, 272, 271, 272, 271, 269, 273, 270, 273, 271, 273,
    272, 272, 269, 270, 271, 268, 269, 273, 273, 270, 270, 269, 272, 272,
    270, 270, 268, 270, 269, 271, 270, 268, 270, 269, 272, 268, 268, 270,
    268, 272, 269, 273, 272, 271, 271, 272, 270, 274, 269, 272, 272, 269,
    270, 273, 270, 271, 271, 272, 271, 270, 269, 272, 270, 274, 273, 272,
    272, 272, 274, 269, 274 ]
headPositionsY: [ 95, 78, 76, 78, 79, 78, 80, 81, 78, 80, 81, 81, 80, 77,
    78, 77, 80, 78, 82, 76, 78, 81, 79, 79, 78, 80, 77, 82, 77, 77, 78,
    79, 81, 79, 79, 79, 79, 80, 81, 78, 78, 83, 80, 81, 82, 84, 88, 86,
    91, 90, 92, 94, 96, 96, 95, 96, 95, 97, 97, 98, 100, 101, 99, 97,
    100, 96, 96, 97, 101, 100, 97, 99, 96, 101, 99, 98, 97, 100, 96, 96,
    98, 96, 98, 100, 96, 96, 96, 97, 97, 100, 100, 97, 98, 95, 95, 97,
    95, 99, 98, 98 ]
