%YAML:1.0
---
videoName: "headLookDown2.mp4"
gestureLabel: 206
fps: 29
pixelSizeInCmTemp: 3.3732394366197183e-01
faceCenterPointX: 274
faceCenterPointY: 95
headPositionsX: [ 276, 272, 273, 272, 272, 275, 272, 272, 276, 272, 272,
    273, 274, 272, 276, 276, 272, 274, 275, 273, 275, 271, 273, 272, 274,
    271, 276, 274, 273, 271, 271, 273, 276, 273, 272, 275, 274, 276, 275,
    273, 273, 276, 275, 275, 277, 272, 273, 273, 273, 273, 274, 271, 274,
    276, 274, 272, 272, 273, 274, 273, 276, 276, 273, 274, 275, 273, 277,
    275, 274, 273, 273, 277, 277, 273, 275, 275, 277, 273, 275, 273, 277,
    274, 273, 276, 276, 276, 273, 274, 276, 274, 274, 274, 274, 276, 272,
    273, 274, 272, 275, 277 ]
headPositionsY: [ 94, 78, 78, 80, 78, 79, 77, 77, 81, 81, 76, 79, 79, 77,
    78, 80, 78, 77, 78, 77, 80, 78, 79, 79, 78, 79, 81, 79, 82, 78, 78,
    80, 80, 80, 80, 80, 84, 85, 85, 85, 85, 88, 92, 93, 93, 96, 93, 95,
    92, 95, 94, 96, 93, 95, 95, 94, 96, 94, 93, 92, 95, 93, 96, 95, 95,
    95, 93, 94, 95, 93, 95, 93, 96, 97, 95, 93, 97, 93, 95, 94, 94, 93,
    93, 97, 94, 94, 93, 96, 97, 93, 98, 96, 94, 94, 93, 95, 97, 95, 94,
    94 ]
