%YAML:1.0
---
videoName: "headLookDown5.mp4"
gestureLabel: 206
fps: 29
pixelSizeInCmTemp: 3.4710144927536229e-01
faceCenterPointX: 272
faceCenterPointY: 102
headPositionsX: [ 273, 270, 269, 272, 271, 273, 271, 270, 274, 270, 270,
    270, 270, 273, 270, 270, 270, 269, 271, 272, 271, 274, 272, 271, 271,
    270, 269, 274, 271, 270, 269, 269, 273, 271, 272, 269, 271, 271, 272,
    272, 270, 272, 272, 270, 272, 269, 271, 271, 270, 271, 272, 273, 269,
    272, 271, 271, 271, 270, 275, 272, 273, 271, 274, 269, 273, 271, 270,
    270, 272, 271, 270, 272, 273, 275, 273, 269, 270, 271, 274, 271, 270,
    270, 269, 271, 275, 272, 274, 272, 273, 274, 272, 273, 271, 275, 269,
    274, 273, 271, 272, 272 ]
headPositionsY: [ 102, 86, 84, 82, 83, 83, 82, 84, 86, 85, 86, 82, 81,
    85, 81, 82, 81, 83, 82, 85, 82, 85, 82, 81, 83, 82, 85, 85, 82, 84,
    84, 85, 86, 82, 84, 84, 83, 83, 83, 81, 82, 84, 83, 85, 83, 86, 88,
    87, 86, 87, 91, 88, 92, 92, 93, 96, 96, 95, 98, 97, 98, 100, 102,
    100, 102, 101, 103, 103, 103, 101, 100, 103, 105, 104, 104, 100, 101,
    101, 104, 103, 101, 103, 100, 100, 103, 104, 101, 100, 103, 100, 101,
    100, 102, 101, 103, 100, 101, 103, 102, 104 ]
