%YAML:1.0
---
videoName: "headLookDown0.mp4"
gestureLabel: 206
fps: 29
pixelSizeInCmTemp: 3.3263888888888887e-01
faceCenterPointX: 273
faceCenterPointY: 93
headPositionsX: [ 273, 273, 273, 272, 271, 273, 270, 270, 273, 270, 273,
    270, 270, 271, 274, 271, 271, 273, 273, 273, 273, 272, 270, 271, 274,
    271, 269, 273, 273, 273, 270, 271, 274, 269, 271, 272, 271, 272, 273,
    272, 274, 274, 274, 271, 271, 271, 270, 271, 273, 271, 272, 269, 273,
    273, 270, 273, 274, 273, 273, 269, 271, 271, 273, 271, 271, 271, 272,
    273, 272, 271, 271, 270, 272, 271, 275, 274, 272, 273, 271, 274, 271,
    273, 275, 274, 271, 271, 271, 275, 274, 272, 275, 272, 270, 271, 271,
    274, 273, 271, 271, 270 ]
headPositionsY: [ 92, 77, 82, 79, 80, 78, 81, 81, 79, 81, 80, 78, 82, 78,
    79, 80, 79, 80, 79, 80, 78, 79, 79, 81, 82, 80, 81, 79, 81, 79, 82,
    79, 78, 78, 81, 81, 80, 83, 85, 83, 88, 86, 90, 90, 91, 94, 96, 97,
    99, 98, 97, 98, 96, 95, 99, 99, 96, 95, 97, 95, 99, 97, 98, 95, 94,
    97, 97, 97, 94, 95, 95, 94, 95, 96, 95, 97, 94, 96, 94, 93, 94, 96,
    96, 95, 92, 93, 94, 96, 93, 92, 95, 93, 95, 93, 93, 96, 94, 95, 91,
    95 ]
