%YAML:1.0
---
videoName: "headLookDown3.mp4"
gestureLabel: 206
fps: 29
pixelSizeInCmTemp: 3.5746268656716418e-01
faceCenterPointX: 273
faceCenterPointY: 98
headPositionsX: [ 273, 273, 271, 274, 271, 270, 270, 274, 273, 273, 274,
    275, 272, 272, 271, 270, 270, 274, 272, 275, 270, 274, 272, 271, 273,
    274, 272, 273, 273, 274, 272, 274, 271, 270, 273, 271, 271, 269, 273,
    274, 273, 273, 271, 270, 274, 274, 272, 271, 272, 274, 273, 274, 273,
    272, 275, 275, 274, 271, 274, 273, 270, 272, 270, 271, 270, 269, 270,
    270, 268, 269, 273, 271, 272, 271, 272, 270, 271, 272, 270, 271, 270,
    274, 271, 271, 273, 273, 272, 269, 270, 270, 271, 273, 274, 274, 276,
    276, 275, 270, 273, 273 ]
headPositionsY: [ 99, 78, 79, 79, 77, 76, 80, 78, 76, 80, 81, 80, 80, 76,
    78, 80, 80, 80, 81, 78, 80, 79, 79, 78, 78, 77, 80, 79, 79, 81, 78,
    78, 81, 80, 79, 78, 80, 79, 81, 83, 84, 85, 86, 86, 87, 89, 85, 90,
    89, 92, 90, 94, 94, 92, 95, 92, 97, 98, 99, 99, 97, 100, 97, 96, 101,
    103, 102, 99, 99, 99, 101, 100, 100, 100, 104, 102, 101, 102, 103,
    101, 102, 99, 100, 101, 99, 101, 102, 101, 99, 100, 99, 100, 102,
    101, 103, 100, 99, 100, 100, 98 ]
