%YAML:1.0
---
videoName: "headLookDown3.mp4"
gestureLabel: 206
fps: 29
pixelSizeInCmTemp: 3.5746268656716418e-01
faceCenterPointX: 273
faceCenterPointY: 98
headPositionsX: [ 273, 274, 272, 274, 271, 274, 271, 272, 270, 271, 272,
    272, 272, 272, 274, 273, 270, 271, 273, 271, 273, 271, 273, 271, 274,
    271, 274, 275, 273, 271, 274, 275, 270, 271, 275, 273, 272, 271, 272,
    273, 271, 273, 271, 273, 270, 273, 274, 271, 275, 273, 273, 275, 271,
    274, 271, 273, 272, 270, 274, 274, 271, 272, 271, 269, 274, 273, 272,
    271, 270, 273, 272, 274, 272, 271, 272, 268, 273, 270, 270, 274, 270,
    274, 273, 273, 273, 270, 270, 273, 273, 270, 270, 272, 275, 274, 275,
    275, 275, 271, 273, 273 ]
headPositionsY: [ 99, 76, 78, 78, 77, 78, 77, 76, 79, 79, 78, 79, 78, 77,
    77, 76, 80, 77, 81, 77, 77, 78, 80, 79, 78, 79, 77, 80, 76, 78, 80,
    77, 78, 78, 81, 81, 78, 79, 80, 82, 81, 81, 83, 85, 85, 89, 84, 89,
    91, 88, 92, 92, 93, 94, 93, 95, 94, 97, 96, 100, 100, 99, 96, 96,
    101, 103, 102, 103, 100, 102, 101, 100, 101, 102, 104, 103, 103, 103,
    103, 99, 100, 100, 103, 100, 102, 100, 102, 99, 103, 99, 98, 101,
    102, 101, 104, 101, 99, 98, 98, 100 ]
