%YAML:1.0
---
videoName: "headLookDown8.mp4"
gestureLabel: 206
fps: 29
pixelSizeInCmTemp: 3.3732394366197183e-01
faceCenterPointX: 276
faceCenterPointY: 96
headPositionsX: [ 278, 273, 273, 273, 273, 277, 277, 274, 277, 277, 275,
    277, 273, 274, 276, 273, 277, 275, 273, 277, 273, 272, 274, 274, 273,
    273, 275, 273, 276, 275, 274, 274, 273, 275, 273, 273, 272, 273, 272,
    273, 272, 273, 273, 274, 277, 276, 278, 273, 275, 274, 278, 275, 276,
    275, 276, 278, 275, 278, 277, 274, 278, 274, 276, 274, 276, 277, 276,
    273, 274, 274, 276, 277, 277, 278, 274, 276, 276, 274, 276, 276, 278,
    275, 278, 278, 274, 278, 278, 278, 278, 277, 274, 277, 277, 278, 277,
    278, 276, 279, 277, 278 ]
headPositionsY: [ 97, 80, 81, 79, 77, 81, 82, 78, 81, 82, 81, 79, 81, 81,
    82, 78, 77, 79, 78, 81, 79, 81, 81, 78, 80, 82, 81, 78, 80, 78, 82,
    79, 82, 82, 85, 84, 83, 84, 83, 86, 86, 90, 88, 92, 89, 94, 93, 93,
    92, 94, 94, 98, 96, 96, 100, 98, 96, 97, 99, 99, 95, 98, 99, 98, 100,
    97, 98, 96, 96, 97, 97, 95, 97, 97, 95, 96, 95, 98, 99, 99, 98, 98,
    96, 94, 95, 99, 95, 98, 95, 96, 96, 96, 96, 98, 94, 94, 95, 96, 94,
    98 ]
