%YAML:1.0
---
videoName: "headLookDown8.mp4"
gestureLabel: 206
fps: 29
pixelSizeInCmTemp: 3.3732394366197183e-01
faceCenterPointX: 276
faceCenterPointY: 96
headPositionsX: [ 275, 273, 276, 273, 273, 274, 276, 275, 277, 278, 273,
    273, 277, 277, 273, 273, 276, 275, 275, 277, 272, 272, 277, 276, 274,
    273, 276, 274, 276, 276, 271, 274, 274, 276, 276, 274, 273, 272, 272,
    274, 272, 277, 276, 272, 276, 277, 278, 273, 273, 277, 279, 277, 274,
    273, 276, 278, 277, 274, 277, 277, 274, 278, 277, 276, 275, 274, 277,
    274, 274, 275, 275, 276, 277, 277, 276, 275, 274, 278, 275, 276, 278,
    275, 275, 278, 276, 276, 274, 277, 278, 275, 274, 278, 278, 274, 278,
    276, 278, 278, 278, 275 ]
headPositionsY: [ 98, 80, 81, 77, 80, 79, 80, 80, 82, 82, 79, 82, 79, 80,
    79, 80, 79, 79, 78, 80, 77, 80, 77, 80, 78, 80, 78, 78, 82, 80, 81,
    78, 81, 83, 84, 86, 85, 83, 87, 85, 86, 91, 88, 92, 90, 92, 95, 95,
    96, 96, 94, 95, 100, 98, 98, 99, 95, 96, 100, 95, 96, 96, 99, 100,
    99, 99, 99, 99, 95, 98, 96, 97, 98, 98, 96, 96, 97, 94, 97, 95, 98,
    98, 98, 94, 98, 99, 98, 96, 99, 97, 97, 96, 97, 96, 96, 97, 98, 97,
    94, 96 ]
