%YAML:1.0
---
videoName: "headLookDown6.mp4"
gestureLabel: 206
fps: 29
pixelSizeInCmTemp: 3.4710144927536229e-01
faceCenterPointX: 276
faceCenterPointY: 98
headPositionsX: [ 276, 275, 273, 273, 276, 273, 273, 273, 274, 277, 274,
    276, 277, 273, 277, 275, 276, 276, 277, 275, 275, 273, 276, 277, 277,
    273, 273, 273, 274, 273, 276, 274, 274, 273, 278, 277, 276, 275, 274,
    272, 273, 275, 275, 274, 274, 274, 275, 278, 276, 274, 277, 276, 274,
    279, 274, 274, 276, 275, 276, 276, 276, 273, 277, 274, 273, 277, 276,
    276, 275, 274, 272, 277, 276, 276, 276, 276, 277, 274, 275, 276, 276,
    274, 273, 276, 275, 273, 278, 277, 277, 278, 275, 278, 278, 278, 276,
    278, 275, 276, 275, 274 ]
headPositionsY: [ 96, 83, 79, 83, 83, 80, 81, 83, 79, 83, 79, 80, 82, 81,
    82, 83, 81, 79, 82, 82, 81, 82, 80, 82, 79, 82, 82, 80, 82, 83, 82,
    85, 83, 85, 85, 82, 82, 84, 86, 82, 82, 84, 83, 89, 86, 87, 88, 93,
    91, 91, 95, 93, 94, 94, 96, 98, 98, 95, 99, 97, 95, 98, 97, 98, 100,
    97, 100, 98, 96, 97, 96, 97, 97, 100, 101, 99, 97, 99, 100, 101, 100,
    101, 96, 97, 101, 100, 98, 99, 100, 97, 97, 98, 96, 100, 98, 100, 98,
    98, 99, 96 ]
