%YAML:1.0
---
videoName: "headLookDown6.mp4"
gestureLabel: 206
fps: 29
pixelSizeInCmTemp: 3.4710144927536229e-01
faceCenterPointX: 276
faceCenterPointY: 98
headPositionsX: [ 276, 275, 277, 272, 277, 276, 273, 276, 274, 276, 273,
    275, 274, 276, 275, 273, 277, 275, 273, 275, 277, 277, 274, 274, 273,
    275, 273, 276, 273, 276, 277, 277, 277, 276, 275, 274, 274, 276, 273,
    274, 274, 278, 275, 274, 275, 274, 278, 274, 275, 278, 277, 273, 276,
    279, 274, 274, 277, 276, 277, 274, 274, 275, 275, 275, 274, 276, 273,
    275, 275, 276, 274, 277, 277, 274, 275, 274, 273, 277, 272, 277, 277,
    276, 273, 276, 275, 276, 277, 274, 276, 278, 276, 277, 277, 274, 273,
    274, 276, 276, 275, 275 ]
headPositionsY: [ 99, 83, 83, 81, 82, 79, 82, 83, 81, 82, 82, 83, 83, 83,
    83, 82, 81, 83, 80, 84, 82, 83, 80, 83, 82, 80, 81, 82, 85, 83, 80,
    82, 83, 81, 84, 82, 83, 84, 82, 82, 84, 85, 83, 86, 86, 86, 91, 89,
    93, 94, 91, 96, 95, 96, 94, 97, 97, 95, 97, 96, 95, 99, 99, 99, 99,
    99, 99, 97, 100, 99, 99, 100, 98, 98, 101, 97, 98, 100, 96, 99, 100,
    98, 96, 98, 101, 100, 101, 97, 99, 98, 101, 99, 100, 97, 96, 97, 98,
    97, 97, 98 ]
