%YAML:1.0
---
videoName: "headLookDown3.mp4"
gestureLabel: 206
fps: 29
pixelSizeInCmTemp: 3.5746268656716418e-01
faceCenterPointX: 273
faceCenterPointY: 98
headPositionsX: [ 275, 274, 275, 272, 273, 273, 273, 274, 270, 271, 275,
    274, 271, 272, 273, 273, 273, 274, 275, 272, 273, 273, 271, 274, 271,
    273, 271, 275, 272, 271, 272, 271, 272, 272, 272, 272, 273, 269, 273,
    271, 273, 274, 272, 273, 274, 274, 273, 273, 274, 271, 274, 271, 273,
    273, 273, 273, 273, 270, 272, 270, 271, 273, 268, 271, 272, 269, 272,
    271, 270, 269, 270, 274, 269, 272, 272, 272, 269, 274, 269, 270, 271,
    272, 270, 271, 273, 270, 271, 269, 274, 271, 272, 275, 274, 272, 276,
    276, 274, 270, 275, 273 ]
headPositionsY: [ 100, 79, 80, 80, 80, 76, 80, 78, 80, 78, 80, 77, 76,
    80, 80, 80, 78, 81, 79, 81, 80, 81, 80, 81, 80, 77, 77, 80, 79, 77,
    79, 77, 79, 78, 80, 80, 81, 81, 83, 82, 84, 85, 85, 84, 88, 89, 86,
    89, 90, 88, 91, 94, 94, 91, 91, 95, 94, 98, 95, 96, 98, 100, 97, 97,
    98, 102, 100, 99, 99, 102, 102, 102, 102, 100, 102, 99, 100, 103,
    101, 100, 100, 100, 103, 102, 103, 103, 100, 101, 100, 100, 98, 103,
    104, 102, 102, 101, 101, 101, 100, 98 ]
