%YAML:1.0
---
videoName: "headLookDown0.mp4"
gestureLabel: 206
fps: 29
pixelSizeInCmTemp: 3.3263888888888887e-01
faceCenterPointX: 273
faceCenterPointY: 93
headPositionsX: [ 271, 275, 274, 274, 273, 270, 273, 274, 272, 273, 273,
    272, 272, 271, 270, 270, 274, 271, 273, 274, 273, 274, 272, 271, 274,
    274, 269, 270, 273, 270, 274, 271, 273, 270, 269, 272, 274, 270, 269,
    270, 274, 272, 272, 272, 271, 271, 273, 270, 274, 270, 271, 273, 272,
    274, 274, 270, 273, 271, 270, 271, 273, 269, 274, 274, 269, 272, 270,
    272, 271, 274, 272, 270, 274, 270, 274, 271, 274, 272, 271, 275, 271,
    275, 273, 270, 274, 272, 273, 275, 271, 270, 274, 273, 272, 270, 272,
    271, 274, 273, 272, 273 ]
headPositionsY: [ 95, 79, 80, 77, 79, 79, 78, 78, 77, 81, 80, 78, 79, 78,
    80, 78, 81, 80, 80, 82, 78, 80, 78, 81, 81, 77, 79, 78, 80, 77, 80,
    80, 80, 79, 79, 79, 80, 81, 84, 84, 87, 85, 91, 91, 93, 94, 94, 96,
    98, 99, 97, 96, 99, 97, 96, 97, 94, 97, 95, 94, 97, 95, 94, 98, 93,
    95, 98, 94, 94, 94, 93, 94, 95, 96, 95, 98, 93, 93, 92, 95, 93, 96,
    94, 93, 92, 97, 93, 95, 95, 91, 95, 94, 94, 92, 92, 92, 96, 94, 92,
    95 ]
