%YAML:1.0
---
videoName: "headLookDown5.mp4"
gestureLabel: 206
fps: 29
pixelSizeInCmTemp: 3.4710144927536229e-01
faceCenterPointX: 272
faceCenterPointY: 102
headPositionsX: [ 274, 272, 271, 273, 269, 270, 273, 273, 270, 272, 272,
    271, 271, 271, 270, 274, 274, 273, 272, 269, 270, 270, 271, 272, 273,
    269, 271, 272, 269, 271, 272, 272, 273, 272, 273, 271, 274, 271, 274,
    271, 269, 270, 270, 273, 270, 273, 273, 270, 274, 269, 271, 270, 272,
    272, 275, 270, 274, 274, 274, 272, 273, 271, 272, 270, 269, 270, 273,
    273, 271, 274, 273, 274, 271, 275, 271, 272, 269, 270, 274, 271, 270,
    273, 271, 270, 273, 273, 271, 269, 273, 271, 272, 273, 272, 275, 271,
    275, 273, 274, 275, 271 ]
headPositionsY: [ 101, 82, 84, 84, 83, 85, 86, 86, 82, 85, 83, 84, 82,
    83, 84, 86, 81, 83, 81, 81, 82, 84, 82, 82, 84, 82, 81, 86, 83, 85,
    82, 84, 83, 81, 81, 85, 85, 85, 83, 82, 84, 83, 83, 86, 82, 86, 86,
    87, 89, 88, 90, 90, 92, 94, 94, 97, 96, 98, 99, 101, 99, 99, 99, 100,
    102, 100, 101, 101, 103, 100, 101, 100, 103, 104, 100, 104, 101, 101,
    101, 105, 103, 101, 103, 104, 101, 106, 101, 102, 101, 104, 101, 100,
    103, 105, 102, 103, 105, 101, 102, 100 ]
