%YAML:1.0
---
videoName: "headLookDown1.mp4"
gestureLabel: 206
fps: 29
pixelSizeInCmTemp: 3.4710144927536229e-01
faceCenterPointX: 271
faceCenterPointY: 97
headPositionsX: [ 270, 269, 270, 273, 271, 270, 271, 270, 268, 270, 272,
    272, 272, 268, 269, 268, 272, 273, 269, 269, 272, 272, 270, 272, 270,
    272, 271, 272, 273, 270, 269, 271, 270, 270, 273, 274, 271, 269, 269,
    272, 272, 270, 271, 270, 271, 271, 272, 272, 272, 271, 270, 270, 270,
    273, 270, 271, 269, 269, 272, 269, 270, 271, 269, 272, 267, 269, 270,
    271, 270, 272, 273, 270, 270, 272, 273, 273, 274, 273, 270, 272, 271,
    272, 272, 269, 273, 272, 270, 269, 271, 271, 271, 273, 272, 274, 273,
    272, 272, 273, 272, 274 ]
headPositionsY: [ 95, 78, 76, 80, 76, 78, 77, 78, 81, 81, 78, 79, 77, 79,
    77, 80, 81, 79, 78, 76, 81, 78, 80, 77, 80, 77, 81, 81, 80, 79, 78,
    79, 78, 78, 79, 79, 78, 80, 79, 77, 82, 81, 83, 80, 84, 84, 87, 87,
    88, 92, 90, 93, 97, 96, 96, 97, 96, 97, 96, 98, 99, 99, 100, 100, 99,
    98, 98, 101, 98, 100, 97, 97, 100, 98, 100, 101, 100, 99, 97, 99, 94,
    99, 100, 100, 100, 98, 99, 100, 100, 99, 98, 95, 97, 98, 96, 99, 99,
    99, 96, 96 ]
