%YAML:1.0
---
videoName: "headLookDown1.mp4"
gestureLabel: 206
fps: 29
pixelSizeInCmTemp: 3.4710144927536229e-01
faceCenterPointX: 271
faceCenterPointY: 97
headPositionsX: [ 271, 272, 270, 273, 271, 268, 272, 272, 271, 272, 272,
    268, 272, 272, 270, 269, 269, 269, 272, 269, 272, 270, 272, 273, 273,
    272, 274, 271, 271, 268, 269, 270, 273, 272, 270, 271, 271, 272, 269,
    271, 268, 271, 270, 270, 270, 273, 271, 270, 273, 272, 271, 272, 269,
    273, 273, 272, 273, 270, 270, 269, 270, 271, 270, 269, 271, 270, 270,
    270, 272, 271, 273, 272, 269, 271, 274, 269, 273, 273, 270, 270, 269,
    272, 270, 272, 272, 269, 272, 273, 272, 272, 273, 273, 274, 274, 273,
    270, 271, 271, 270, 273 ]
headPositionsY: [ 96, 76, 76, 77, 78, 78, 80, 81, 80, 77, 81, 79, 77, 81,
    78, 81, 81, 81, 82, 80, 80, 80, 77, 79, 78, 78, 81, 81, 77, 81, 79,
    82, 79, 78, 81, 81, 78, 77, 79, 79, 82, 79, 84, 84, 86, 87, 88, 86,
    90, 92, 92, 94, 94, 94, 94, 98, 97, 98, 96, 98, 96, 99, 101, 98, 100,
    100, 96, 100, 97, 98, 97, 99, 98, 101, 100, 98, 98, 96, 99, 100, 96,
    99, 99, 98, 97, 100, 99, 98, 100, 97, 97, 98, 98, 95, 99, 97, 98, 99,
    97, 100 ]
