%YAML:1.0
---
videoName: "headLookDown0.mp4"
gestureLabel: 206
fps: 29
pixelSizeInCmTemp: 3.3263888888888887e-01
faceCenterPointX: 273
faceCenterPointY: 93
headPositionsX: [ 273, 274, 274, 273, 274, 272, 274, 270, 271, 273, 272,
    270, 274, 272, 274, 272, 271, 271, 271, 270, 273, 271, 272, 273, 274,
    272, 273, 270, 269, 270, 273, 271, 273, 269, 272, 272, 271, 269, 270,
    270, 270, 273, 272, 272, 270, 271, 272, 274, 274, 274, 273, 270, 272,
    274, 274, 271, 274, 274, 272, 272, 270, 269, 272, 272, 272, 273, 273,
    273, 274, 273, 272, 272, 270, 272, 275, 271, 271, 272, 274, 271, 271,
    272, 274, 270, 274, 275, 275, 274, 275, 270, 271, 274, 271, 272, 271,
    272, 273, 270, 271, 272 ]
headPositionsY: [ 92, 80, 81, 80, 80, 77, 77, 80, 77, 80, 78, 78, 79, 81,
    82, 78, 81, 78, 80, 79, 78, 82, 80, 82, 78, 78, 78, 81, 79, 78, 81,
    78, 82, 81, 79, 79, 82, 82, 84, 85, 88, 85, 89, 88, 90, 92, 97, 94,
    96, 95, 99, 96, 99, 97, 96, 96, 94, 96, 98, 96, 98, 98, 95, 98, 94,
    97, 94, 93, 95, 94, 96, 97, 93, 96, 94, 94, 97, 95, 96, 94, 97, 95,
    94, 96, 93, 93, 95, 97, 92, 92, 95, 92, 94, 92, 95, 95, 92, 93, 91,
    92 ]
