%YAML:1.0
---
videoName: "headLookDown4.mp4"
gestureLabel: 206
fps: 29
pixelSizeInCmTemp: 3.4710144927536229e-01
faceCenterPointX: 275
faceCenterPointY: 97
headPositionsX: [ 274, 272, 272, 272, 273, 271, 271, 274, 275, 273, 273,
    273, 271, 271, 274, 275, 273, 275, 275, 273, 273, 273, 270, 271, 275,
    272, 275, 274, 272, 273, 271, 273, 272, 272, 276, 275, 271, 270, 273,
    272, 274, 274, 271, 275, 276, 275, 274, 273, 272, 274, 275, 275, 275,
    273, 272, 272, 273, 272, 274, 274, 272, 274, 275, 276, 274, 275, 276,
    274, 275, 276, 272, 272, 275, 276, 273, 275, 275, 275, 274, 274, 276,
    274, 274, 272, 273, 277, 274, 277, 277, 274, 273, 276, 273, 273, 274,
    272, 276, 273, 273, 274 ]
headPositionsY: [ 97, 83, 79, 83, 81, 79, 78, 78, 79, 79, 83, 80, 81, 81,
    81, 83, 83, 82, 80, 79, 82, 82, 79, 82, 79, 80, 83, 83, 78, 81, 80,
    79, 80, 84, 85, 84, 83, 85, 87, 88, 90, 88, 89, 90, 89, 90, 91, 94,
    95, 97, 98, 95, 99, 98, 98, 103, 100, 100, 100, 101, 99, 98, 98, 103,
    100, 102, 102, 98, 100, 98, 101, 99, 101, 100, 100, 99, 99, 100, 96,
    98, 96, 98, 96, 97, 98, 99, 97, 95, 95, 95, 99, 97, 97, 95, 97, 98,
    99, 97, 98, 95 ]
