%YAML:1.0
---
videoName: "headLookDown0.mp4"
gestureLabel: 206
fps: 29
pixelSizeInCmTemp: 3.3263888888888887e-01
faceCenterPointX: 273
faceCenterPointY: 93
headPositionsX: [ 273, 274, 275, 273, 272, 271, 274, 270, 271, 272, 270,
    271, 274, 274, 270, 273, 272, 270, 274, 274, 270, 274, 274, 270, 271,
    271, 271, 272, 273, 269, 274, 273, 272, 272, 271, 273, 274, 272, 270,
    272, 270, 274, 271, 272, 270, 274, 272, 270, 275, 271, 274, 272, 271,
    270, 272, 274, 271, 272, 271, 273, 272, 271, 274, 270, 269, 270, 272,
    272, 273, 273, 271, 270, 270, 271, 272, 274, 273, 273, 274, 273, 275,
    272, 273, 272, 272, 272, 271, 272, 271, 273, 273, 272, 274, 273, 272,
    272, 274, 270, 275, 274 ]
headPositionsY: [ 92, 76, 78, 80, 80, 81, 79, 78, 78, 79, 81, 78, 81, 81,
    78, 78, 78, 78, 82, 79, 80, 82, 80, 79, 79, 78, 79, 79, 81, 79, 78,
    80, 82, 82, 80, 83, 83, 84, 85, 82, 85, 86, 89, 88, 91, 95, 94, 95,
    96, 97, 95, 98, 95, 96, 99, 98, 97, 96, 96, 96, 98, 97, 98, 94, 95,
    98, 98, 94, 97, 94, 95, 97, 95, 93, 97, 97, 96, 95, 95, 96, 93, 96,
    97, 95, 94, 95, 97, 97, 92, 92, 93, 92, 92, 93, 95, 96, 93, 92, 94,
    96 ]
