%YAML:1.0
---
videoName: "headLookDown0.mp4"
gestureLabel: 206
fps: 29
pixelSizeInCmTemp: 3.3263888888888887e-01
faceCenterPointX: 273
faceCenterPointY: 93
headPositionsX: [ 275, 272, 274, 273, 275, 272, 273, 271, 273, 270, 272,
    274, 270, 272, 272, 271, 274, 271, 273, 272, 270, 270, 274, 271, 271,
    270, 272, 271, 273, 273, 270, 270, 272, 272, 270, 271, 270, 271, 272,
    272, 273, 274, 270, 273, 273, 273, 274, 271, 274, 271, 274, 271, 272,
    274, 270, 274, 270, 274, 272, 272, 274, 269, 272, 274, 270, 271, 273,
    271, 270, 272, 272, 270, 273, 270, 273, 274, 273, 272, 274, 272, 274,
    275, 271, 274, 270, 273, 272, 273, 272, 274, 274, 273, 271, 271, 274,
    274, 271, 272, 275, 271 ]
headPositionsY: [ 93, 80, 81, 80, 78, 81, 77, 79, 81, 81, 79, 80, 79, 79,
    78, 81, 81, 81, 79, 79, 82, 81, 81, 79, 82, 80, 81, 78, 80, 79, 82,
    77, 79, 82, 80, 82, 79, 80, 84, 86, 87, 89, 87, 88, 92, 94, 96, 97,
    97, 95, 97, 94, 98, 95, 98, 95, 97, 98, 97, 94, 98, 97, 97, 95, 94,
    98, 96, 97, 95, 94, 94, 94, 96, 95, 94, 94, 95, 94, 92, 95, 93, 96,
    97, 97, 93, 93, 97, 93, 94, 94, 96, 96, 96, 94, 95, 93, 92, 92, 94,
    93 ]
