%YAML:1.0
---
videoName: "headLookDown7.mp4"
gestureLabel: 206
fps: 30
pixelSizeInCmTemp: 3.3732394366197183e-01
faceCenterPointX: 274
faceCenterPointY: 95
headPositionsX: [ 272, 273, 275, 275, 272, 274, 271, 275, 274, 274, 273,
    274, 276, 272, 273, 275, 272, 275, 275, 272, 274, 275, 273, 272, 275,
    276, 276, 276, 274, 275, 273, 274, 275, 272, 273, 271, 274, 275, 271,
    273, 272, 273, 273, 273, 274, 273, 274, 273, 275, 273, 276, 274, 275,
    274, 272, 274, 274, 277, 274, 275, 274, 272, 275, 272, 276, 274, 273,
    274, 272, 272, 272, 273, 275, 272, 272, 271, 275, 275, 274, 273, 274,
    276, 274, 275, 273, 272, 274, 274, 273, 274, 272, 275, 274, 272, 273,
    276, 274, 273, 273, 274 ]
headPositionsY: [ 97, 84, 83, 83, 81, 81, 84, 83, 81, 84, 80, 83, 82, 81,
    83, 83, 85, 82, 80, 85, 81, 84, 80, 81, 81, 84, 81, 83, 82, 85, 85,
    82, 80, 81, 84, 81, 83, 81, 82, 82, 84, 84, 81, 85, 85, 82, 81, 86,
    86, 84, 83, 87, 87, 86, 86, 87, 88, 91, 90, 92, 92, 96, 95, 95, 95,
    95, 93, 95, 96, 94, 93, 97, 96, 97, 97, 97, 97, 97, 94, 95, 95, 96,
    97, 94, 96, 97, 97, 95, 97, 96, 95, 98, 95, 98, 97, 99, 96, 98, 95,
    94 ]
