%YAML:1.0
---
videoName: "headLookDown4.mp4"
gestureLabel: 206
fps: 29
pixelSizeInCmTemp: 3.4710144927536229e-01
faceCenterPointX: 275
faceCenterPointY: 97
headPositionsX: [ 276, 272, 275, 273, 274, 273, 274, 274, 273, 272, 276,
    274, 274, 274, 272, 273, 276, 274, 271, 273, 274, 273, 272, 274, 274,
    274, 273, 273, 271, 271, 272, 271, 271, 272, 273, 272, 272, 271, 276,
    271, 273, 275, 273, 272, 275, 275, 272, 271, 274, 274, 272, 273, 274,
    275, 275, 273, 272, 275, 275, 273, 273, 272, 274, 273, 272, 273, 276,
    275, 273, 273, 274, 273, 276, 274, 275, 273, 274, 272, 273, 275, 273,
    276, 276, 273, 274, 274, 273, 274, 275, 275, 273, 273, 275, 275, 274,
    276, 273, 274, 275, 276 ]
headPositionsY: [ 97, 80, 81, 82, 80, 83, 77, 78, 82, 79, 82, 81, 82, 82,
    79, 83, 83, 79, 79, 82, 81, 80, 80, 81, 83, 79, 81, 81, 81, 79, 83,
    83, 83, 82, 86, 85, 86, 84, 87, 89, 86, 87, 88, 88, 92, 94, 91, 92,
    94, 93, 97, 98, 98, 97, 98, 103, 103, 101, 100, 99, 98, 102, 98, 102,
    101, 102, 101, 101, 101, 99, 97, 101, 97, 100, 96, 95, 98, 99, 100,
    97, 99, 98, 98, 97, 98, 97, 95, 97, 95, 97, 97, 97, 98, 97, 99, 98,
    95, 97, 97, 96 ]
