%YAML:1.0
---
videoName: "headLookDown3.mp4"
gestureLabel: 206
fps: 29
pixelSizeInCmTemp: 3.5746268656716418e-01
faceCenterPointX: 273
faceCenterPointY: 98
headPositionsX: [ 271, 273, 275, 273, 274, 270, 271, 273, 273, 272, 273,
    272, 270, 270, 274, 274, 273, 274, 272, 272, 273, 271, 272, 274, 274,
    270, 272, 275, 271, 273, 272, 275, 271, 272, 275, 271, 271, 273, 274,
    272, 272, 274, 269, 271, 271, 272, 270, 273, 271, 271, 270, 274, 274,
    273, 275, 271, 272, 273, 274, 271, 273, 274, 272, 271, 273, 271, 272,
    272, 270, 272, 273, 270, 269, 269, 271, 272, 272, 272, 270, 271, 272,
    273, 273, 270, 269, 272, 270, 270, 274, 272, 271, 275, 272, 273, 275,
    276, 274, 274, 271, 272 ]
headPositionsY: [ 96, 80, 78, 79, 77, 77, 76, 79, 76, 80, 78, 77, 79, 80,
    77, 76, 80, 78, 77, 78, 81, 80, 78, 80, 81, 76, 80, 79, 78, 79, 80,
    78, 81, 79, 79, 81, 78, 78, 83, 80, 83, 85, 85, 85, 86, 85, 85, 89,
    89, 91, 89, 92, 90, 91, 95, 96, 94, 97, 97, 97, 98, 100, 96, 98, 101,
    100, 99, 102, 98, 103, 102, 104, 99, 103, 102, 102, 103, 102, 100,
    102, 99, 100, 102, 102, 103, 99, 101, 101, 103, 102, 100, 103, 102,
    98, 104, 102, 99, 98, 99, 98 ]
