%YAML:1.0
---
videoName: "headLookDown8.mp4"
gestureLabel: 206
fps: 29
pixelSizeInCmTemp: 3.3732394366197183e-01
faceCenterPointX: 276
faceCenterPointY: 96
headPositionsX: [ 276, 272, 275, 276, 276, 274, 273, 273, 273, 278, 276,
    277, 276, 273, 274, 277, 275, 275, 277, 277, 273, 276, 276, 274, 273,
    276, 273, 274, 276, 275, 271, 275, 274, 276, 273, 276, 274, 274, 273,
    275, 273, 273, 277, 275, 275, 277, 277, 273, 276, 275, 279, 276, 274,
    273, 274, 277, 276, 277, 275, 277, 277, 278, 275, 277, 275, 274, 275,
    273, 276, 276, 274, 274, 277, 274, 277, 276, 276, 274, 276, 277, 277,
    277, 278, 276, 274, 275, 276, 275, 274, 278, 277, 275, 276, 275, 277,
    277, 274, 275, 278, 277 ]
headPositionsY: [ 96, 79, 78, 81, 77, 81, 82, 79, 78, 79, 80, 82, 78, 78,
    80, 79, 77, 80, 77, 81, 77, 79, 80, 81, 80, 78, 80, 80, 79, 78, 81,
    78, 82, 81, 82, 85, 82, 86, 85, 89, 85, 91, 92, 92, 93, 93, 93, 95,
    92, 93, 96, 96, 97, 96, 100, 96, 98, 97, 96, 96, 96, 99, 100, 99,
    100, 96, 97, 100, 98, 98, 97, 99, 96, 98, 96, 96, 95, 94, 97, 99, 96,
    98, 96, 97, 95, 98, 97, 96, 99, 99, 94, 97, 96, 99, 95, 95, 97, 98,
    97, 95 ]
