%YAML:1.0
---
videoName: "headLookDown5.mp4"
gestureLabel: 206
fps: 29
pixelSizeInCmTemp: 3.4710144927536229e-01
faceCenterPointX: 272
faceCenterPointY: 102
headPositionsX: [ 270, 272, 272, 270, 273, 271, 270, 269, 274, 271, 272,
    272, 271, 272, 273, 274, 273, 269, 269, 273, 272, 270, 273, 273, 273,
    271, 273, 270, 271, 274, 270, 273, 271, 272, 269, 273, 272, 274, 270,
    273, 270, 270, 271, 274, 273, 273, 271, 273, 271, 271, 274, 272, 272,
    273, 274, 274, 271, 274, 273, 273, 269, 269, 272, 273, 270, 270, 270,
    273, 272, 272, 272, 270, 272, 271, 273, 269, 270, 270, 273, 273, 272,
    272, 271, 270, 274, 274, 273, 270, 274, 270, 272, 274, 275, 273, 272,
    272, 272, 274, 274, 272 ]
headPositionsY: [ 101, 85, 81, 86, 86, 82, 85, 82, 84, 86, 86, 85, 82,
    83, 85, 86, 82, 83, 82, 83, 83, 82, 81, 85, 85, 85, 82, 85, 84, 82,
    84, 82, 86, 81, 82, 84, 85, 84, 85, 85, 83, 86, 83, 82, 82, 85, 87,
    86, 85, 90, 90, 89, 89, 94, 95, 97, 94, 94, 100, 99, 100, 100, 99,
    99, 99, 100, 103, 100, 100, 101, 100, 102, 105, 103, 102, 103, 104,
    100, 105, 106, 102, 103, 101, 100, 105, 102, 101, 100, 101, 100, 103,
    103, 101, 103, 100, 102, 104, 104, 105, 103 ]
