%YAML:1.0
---
videoName: "headLookDown0.mp4"
gestureLabel: 206
fps: 29
pixelSizeInCmTemp: 3.3263888888888887e-01
faceCenterPointX: 273
faceCenterPointY: 93
headPositionsX: [ 273, 271, 272, 272, 274, 270, 270, 272, 270, 269, 274,
    273, 270, 270, 271, 274, 270, 271, 270, 272, 274, 273, 270, 272, 271,
    270, 270, 273, 269, 269, 274, 270, 274, 272, 272, 270, 273, 273, 270,
    271, 274, 270, 273, 272, 273, 274, 271, 272, 271, 273, 270, 271, 270,
    271, 271, 274, 273, 271, 272, 269, 271, 273, 274, 272, 271, 274, 269,
    271, 274, 271, 270, 269, 272, 270, 274, 272, 271, 270, 271, 272, 273,
    275, 273, 273, 270, 275, 275, 271, 274, 272, 273, 272, 273, 272, 272,
    272, 274, 272, 275, 274 ]
headPositionsY: [ 91, 80, 78, 81, 80, 77, 78, 78, 79, 78, 80, 80, 82, 80,
    82, 77, 78, 81, 82, 79, 82, 79, 79, 81, 82, 78, 78, 80, 78, 79, 80,
    77, 80, 79, 81, 82, 81, 80, 83, 82, 84, 89, 88, 90, 92, 95, 96, 95,
    96, 98, 98, 95, 98, 95, 95, 99, 98, 99, 95, 95, 97, 98, 94, 96, 93,
    97, 96, 95, 97, 98, 97, 98, 95, 95, 97, 98, 93, 95, 95, 94, 95, 96,
    94, 94, 93, 97, 94, 93, 92, 91, 96, 95, 95, 91, 92, 93, 93, 95, 92,
    96 ]
