%YAML:1.0
---
videoName: "headLookDown4.mp4"
gestureLabel: 206
fps: 29
pixelSizeInCmTemp: 3.4710144927536229e-01
faceCenterPointX: 275
faceCenterPointY: 97
headPositionsX: [ 275, 271, 271, 274, 274, 273, 273, 270, 274, 274, 273,
    273, 272, 274, 274, 274, 275, 273, 272, 271, 274, 275, 273, 274, 273,
    271, 271, 275, 273, 272, 274, 272, 272, 272, 275, 271, 271, 272, 275,
    275, 275, 272, 272, 276, 275, 276, 274, 273, 275, 276, 272, 276, 273,
    273, 272, 272, 274, 275, 275, 271, 275, 272, 275, 273, 276, 273, 274,
    275, 276, 275, 273, 276, 274, 276, 275, 275, 273, 273, 275, 273, 275,
    275, 277, 274, 274, 276, 275, 276, 277, 275, 276, 275, 275, 274, 273,
    275, 277, 276, 274, 276 ]
headPositionsY: [ 96, 79, 80, 81, 81, 80, 79, 82, 79, 83, 83, 81, 81, 82,
    80, 80, 83, 79, 80, 80, 83, 83, 79, 81, 81, 83, 80, 82, 78, 78, 83,
    80, 81, 82, 84, 82, 85, 85, 85, 89, 88, 90, 91, 88, 92, 90, 95, 94,
    94, 95, 97, 97, 99, 99, 101, 103, 103, 101, 102, 98, 102, 99, 98,
    102, 102, 101, 100, 97, 100, 100, 97, 99, 101, 97, 99, 97, 96, 100,
    100, 100, 99, 96, 97, 99, 97, 100, 95, 96, 98, 96, 98, 99, 96, 95,
    98, 97, 98, 98, 99, 98 ]
