%YAML:1.0
---
videoName: "LHShake05.mp4"
gestureLabel: 2
fps: 30
pixelSizeInCmTemp: 3.2364864864864862e-01
faceCenterPointX: 252
faceCenterPointY: 81
LHandPositionsX: [ 293, 293, 293, 293, 293, 293, 293, 294, 293, 292, 293,
    296, 303, 312, 322, 333, 342, 342, 341, 340, 340, 336, 331, 330, 330,
    332, 333, 337, 341, 344, 344, 338, 331, 323, 325, 324, 328, 332, 336,
    338, 337, 330, 322, 321, 321, 323, 327, 332, 337, 338, 334, 328, 325,
    324, 324, 326, 331, 336, 339, 337, 334, 331, 331, 330, 331, 335, 339,
    339, 340, 337, 334, 325, 321, 315, 311, 306, 303, 300, 297, 295, 295,
    295, 294, 293, 293, 293, 293, 293, 293, 294, 294 ]
LHandPositionsY: [ 268, 268, 268, 268, 268, 267, 267, 266, 264, 255, 242,
    227, 212, 199, 186, 174, 165, 162, 158, 155, 153, 154, 155, 155, 154,
    152, 149, 144, 140, 136, 134, 138, 145, 147, 145, 147, 144, 140, 138,
    135, 133, 138, 142, 143, 143, 142, 139, 137, 134, 131, 136, 141, 141,
    142, 143, 143, 140, 138, 136, 138, 140, 142, 142, 143, 143, 141, 139,
    139, 137, 139, 142, 149, 161, 169, 178, 188, 198, 209, 219, 228, 235,
    236, 239, 243, 246, 249, 251, 251, 252, 256, 259 ]
RHandPositionsX: [ 212, 212, 212, 212, 212, 212, 212, 212, 212, 212, 212,
    211, 211, 211, 211, 211, 211, 211, 211, 210, 210, 210, 210, 210, 210,
    209, 209, 209, 209, 208, 208, 208, 208, 208, 208, 208, 208, 208, 208,
    208, 208, 208, 208, 208, 208, 208, 208, 208, 208, 208, 208, 208, 208,
    208, 208, 208, 208, 208, 208, 208, 208, 208, 208, 208, 208, 208, 208,
    208, 208, 208, 208, 208, 208, 208, 208, 208, 208, 208, 208, 208, 208,
    208, 208, 208, 209, 209, 209, 210, 210, 210, 211 ]
RHandPositionsY: [ 264, 264, 264, 264, 264, 264, 264, 264, 264, 264, 264,
    264, 264, 264, 264, 264, 264, 264, 264, 264, 264, 264, 264, 264, 264,
    264, 264, 264, 264, 264, 264, 264, 264, 264, 263, 263, 263, 263, 263,
    263, 263, 263, 263, 263, 263, 263, 263, 263, 263, 263, 263, 263, 263,
    263, 263, 263, 263, 263, 263, 263, 263, 263, 263, 263, 263, 263, 263,
    263, 263, 263, 263, 263, 263, 263, 263, 263, 263, 263, 263, 263, 263,
    263, 263, 263, 263, 263, 263, 263, 263, 263, 263 ]
