%YAML:1.0
---
videoName: "headNod40.mp4"
gestureLabel: 202
fps: 29
pixelSizeInCmTemp: 2.8511904761904761e-01
faceCenterPointX: 267
faceCenterPointY: 78
headPositionsX: [ 267, 267, 267, 267, 267, 268, 268, 267, 268, 268, 268,
    267, 268, 268, 268, 268, 267, 267, 268, 268, 267, 268, 268, 267, 268,
    268, 268, 268, 267, 268, 268, 268, 268, 268, 268, 268, 268, 268, 268,
    268, 269, 267, 266, 266, 266, 265, 265, 265, 266, 266, 266, 266, 266,
    265, 265, 266, 266, 266, 266, 266, 266, 266, 266, 265, 266, 266, 266,
    266, 267, 267, 267, 268, 268, 268, 268, 268, 267, 267, 267, 267, 267,
    267, 267, 267, 267, 267, 267, 267, 267, 267, 266, 266, 266, 267, 267,
    267, 266, 266, 267, 267 ]
headPositionsY: [ 78, 76, 76, 76, 76, 76, 76, 76, 76, 76, 76, 75, 77, 75,
    76, 76, 76, 75, 76, 76, 76, 76, 76, 75, 76, 76, 76, 75, 75, 75, 75,
    75, 75, 75, 75, 75, 75, 75, 75, 75, 82, 88, 91, 95, 96, 96, 94, 91,
    87, 82, 78, 78, 78, 68, 68, 69, 69, 69, 69, 75, 80, 84, 86, 86, 84,
    82, 79, 79, 74, 74, 74, 72, 72, 74, 74, 74, 80, 80, 80, 79, 79, 79,
    79, 79, 79, 79, 79, 79, 77, 78, 77, 77, 77, 77, 77, 77, 77, 77, 77,
    77 ]
