%YAML:1.0
---
videoName: "headNod47.mp4"
gestureLabel: 202
fps: 29
pixelSizeInCmTemp: 3.0316455696202532e-01
faceCenterPointX: 266
faceCenterPointY: 70
headPositionsX: [ 266, 267, 267, 267, 267, 267, 266, 266, 266, 267, 266,
    266, 265, 265, 264, 264, 265, 264, 264, 265, 265, 265, 265, 266, 266,
    266, 267, 267, 266, 267, 267, 268, 268, 267, 267, 267, 268, 268, 267,
    268, 267, 267, 268, 268, 268, 266, 266, 266, 266, 266, 266, 267, 266,
    267, 267, 267, 267, 267, 267, 267, 266, 267, 267, 266, 266, 266, 266,
    267, 266, 266, 266, 267, 267, 266, 267, 267, 266, 266, 266, 267, 266,
    266, 266, 266, 266, 265, 266, 265, 267, 266, 265, 266, 266, 265, 265,
    266, 266, 266, 266, 266 ]
headPositionsY: [ 70, 62, 60, 59, 59, 58, 59, 61, 64, 67, 71, 76, 80, 82,
    81, 76, 74, 71, 68, 67, 66, 65, 67, 69, 71, 74, 76, 78, 77, 75, 74,
    72, 70, 68, 67, 68, 68, 71, 72, 75, 77, 79, 79, 78, 76, 73, 70, 69,
    68, 68, 69, 69, 71, 73, 75, 75, 74, 72, 71, 70, 68, 67, 68, 68, 68,
    69, 71, 74, 74, 74, 74, 73, 72, 71, 69, 69, 69, 68, 70, 71, 73, 74,
    73, 74, 72, 71, 71, 70, 70, 70, 70, 70, 71, 70, 71, 71, 71, 71, 70,
    71 ]
