%YAML:1.0
---
videoName: "headLookUp1.mp4"
gestureLabel: 205
fps: 29
pixelSizeInCmTemp: 3.7421874999999999e-01
faceCenterPointX: 258
faceCenterPointY: 66
headPositionsX: [ 259, 258, 258, 261, 257, 261, 258, 257, 257, 257, 259,
    258, 259, 259, 256, 257, 262, 257, 261, 261, 261, 259, 259, 259, 259,
    259, 261, 262, 257, 257, 261, 260, 257, 257, 259, 259, 257, 258, 260,
    259, 261, 260, 259, 256, 259, 256, 259, 258, 257, 257, 257, 259, 259,
    257, 260, 255, 261, 255, 259, 256, 259, 256, 261, 257, 258, 256, 257,
    256, 258, 258, 259, 256, 261, 257, 256, 257, 261, 261, 257, 258, 259,
    256, 258, 258, 256, 258, 259, 258, 260, 260, 258, 257, 258, 259, 259,
    259, 257, 260, 255, 258 ]
headPositionsY: [ 66, 80, 81, 80, 83, 83, 82, 83, 81, 81, 82, 79, 81, 81,
    81, 82, 80, 79, 83, 80, 79, 82, 83, 79, 82, 80, 82, 80, 81, 81, 79,
    82, 80, 82, 83, 81, 78, 79, 78, 80, 78, 78, 76, 76, 74, 73, 71, 67,
    70, 68, 65, 67, 65, 64, 68, 61, 68, 66, 64, 64, 68, 66, 68, 64, 68,
    64, 64, 64, 64, 63, 64, 63, 65, 64, 68, 64, 67, 63, 68, 63, 66, 68,
    66, 66, 66, 65, 66, 65, 65, 66, 66, 68, 66, 66, 68, 67, 67, 66, 64,
    65 ]
