%YAML:1.0
---
videoName: "headLookUp1.mp4"
gestureLabel: 205
fps: 29
pixelSizeInCmTemp: 3.7421874999999999e-01
faceCenterPointX: 258
faceCenterPointY: 66
headPositionsX: [ 258, 257, 261, 261, 258, 261, 260, 259, 258, 258, 259,
    260, 261, 257, 258, 258, 262, 258, 257, 257, 260, 259, 259, 259, 259,
    259, 259, 259, 260, 258, 258, 259, 258, 260, 258, 258, 260, 260, 260,
    257, 257, 257, 261, 259, 256, 258, 257, 259, 257, 256, 257, 259, 259,
    257, 256, 257, 258, 255, 259, 258, 260, 259, 259, 257, 254, 258, 256,
    260, 257, 259, 259, 256, 259, 261, 258, 256, 260, 257, 261, 258, 260,
    256, 259, 259, 258, 257, 258, 255, 257, 260, 259, 256, 256, 258, 260,
    258, 259, 260, 257, 258 ]
headPositionsY: [ 66, 82, 82, 78, 81, 82, 81, 81, 81, 78, 82, 83, 82, 80,
    82, 83, 79, 80, 79, 80, 81, 82, 81, 82, 79, 79, 80, 82, 83, 80, 82,
    81, 83, 82, 82, 80, 78, 83, 81, 80, 79, 79, 79, 76, 76, 73, 68, 68,
    67, 69, 65, 64, 66, 64, 67, 64, 69, 65, 64, 62, 66, 63, 66, 67, 65,
    66, 66, 66, 68, 64, 65, 64, 63, 66, 69, 67, 67, 63, 64, 62, 64, 68,
    66, 64, 64, 68, 65, 67, 64, 67, 63, 70, 65, 64, 67, 64, 67, 67, 65,
    67 ]
