%YAML:1.0
---
videoName: "headLookUp4.mp4"
gestureLabel: 205
fps: 30
pixelSizeInCmTemp: 3.6846153846153845e-01
faceCenterPointX: 256
faceCenterPointY: 68
headPositionsX: [ 258, 258, 254, 257, 256, 257, 255, 255, 256, 258, 258,
    259, 258, 254, 254, 253, 255, 256, 256, 258, 255, 255, 257, 255, 257,
    255, 258, 255, 258, 255, 258, 255, 257, 255, 254, 253, 257, 254, 257,
    256, 254, 258, 255, 254, 254, 257, 258, 257, 256, 255, 254, 254, 258,
    256, 257, 254, 257, 256, 258, 253, 256, 253, 256, 258, 255, 256, 257,
    254, 257, 256, 256, 256, 256, 255, 254, 257, 256, 257, 257, 257, 254,
    256, 254, 255, 256, 257, 255, 256, 255, 258, 259, 255, 258, 253, 257,
    253, 257, 257, 257, 257 ]
headPositionsY: [ 70, 83, 80, 83, 80, 80, 80, 81, 81, 84, 80, 83, 84, 82,
    82, 83, 81, 81, 83, 81, 81, 81, 80, 79, 77, 78, 78, 72, 75, 71, 70,
    70, 68, 69, 67, 66, 69, 68, 71, 70, 66, 71, 69, 68, 70, 71, 70, 67,
    70, 67, 69, 68, 68, 68, 70, 67, 69, 69, 66, 71, 66, 67, 65, 69, 71,
    72, 72, 68, 69, 69, 69, 68, 71, 68, 65, 68, 70, 71, 68, 66, 71, 67,
    72, 69, 67, 70, 70, 68, 71, 72, 67, 68, 70, 69, 68, 70, 70, 69, 66,
    70 ]
