%YAML:1.0
---
videoName: "headLookUp0.mp4"
gestureLabel: 205
fps: 29
pixelSizeInCmTemp: 3.6846153846153845e-01
faceCenterPointX: 258
faceCenterPointY: 66
headPositionsX: [ 256, 261, 259, 258, 257, 260, 259, 258, 262, 260, 258,
    258, 257, 259, 257, 260, 261, 260, 259, 259, 258, 261, 259, 260, 260,
    260, 257, 259, 261, 261, 259, 258, 257, 257, 260, 256, 261, 257, 256,
    256, 261, 256, 259, 256, 257, 258, 257, 259, 258, 256, 257, 260, 257,
    260, 260, 261, 260, 259, 259, 257, 256, 260, 256, 259, 261, 257, 261,
    257, 260, 257, 257, 260, 256, 256, 258, 257, 256, 259, 255, 256, 260,
    259, 259, 259, 257, 260, 257, 258, 258, 256, 257, 259, 259, 260, 259,
    260, 260, 255, 256, 259 ]
headPositionsY: [ 65, 81, 81, 83, 78, 79, 82, 79, 80, 82, 81, 79, 77, 80,
    75, 76, 75, 77, 72, 72, 74, 73, 72, 69, 67, 69, 66, 65, 66, 69, 68,
    66, 64, 68, 64, 64, 64, 67, 67, 67, 69, 69, 67, 67, 65, 69, 68, 69,
    68, 70, 68, 66, 69, 69, 66, 69, 65, 65, 68, 65, 67, 67, 67, 68, 65,
    68, 68, 66, 67, 66, 64, 70, 66, 68, 69, 67, 68, 68, 70, 69, 69, 67,
    69, 70, 67, 67, 69, 70, 65, 66, 66, 69, 69, 70, 67, 65, 70, 66, 66,
    69 ]
