%YAML:1.0
---
videoName: "headLookUp7.mp4"
gestureLabel: 205
fps: 29
pixelSizeInCmTemp: 3.6846153846153845e-01
faceCenterPointX: 257
faceCenterPointY: 70
headPositionsX: [ 259, 256, 256, 255, 258, 256, 254, 257, 254, 255, 257,
    257, 257, 256, 254, 257, 254, 255, 256, 258, 256, 254, 255, 255, 254,
    256, 254, 254, 257, 257, 254, 258, 256, 256, 257, 257, 258, 253, 257,
    258, 254, 254, 254, 258, 257, 256, 256, 255, 253, 258, 253, 254, 255,
    254, 257, 257, 256, 256, 253, 254, 254, 259, 256, 255, 255, 258, 255,
    257, 258, 255, 256, 257, 256, 256, 259, 256, 257, 254, 256, 259, 258,
    257, 258, 258, 257, 256, 258, 255, 255, 256, 254, 254, 259, 258, 255,
    259, 256, 258, 258, 258 ]
headPositionsY: [ 68, 84, 83, 82, 84, 84, 81, 81, 81, 84, 83, 81, 83, 84,
    81, 82, 83, 82, 79, 79, 80, 79, 76, 76, 74, 71, 74, 70, 71, 67, 66,
    68, 69, 68, 71, 71, 70, 68, 67, 70, 69, 66, 68, 65, 67, 71, 70, 68,
    66, 69, 70, 65, 71, 69, 68, 70, 69, 70, 66, 66, 67, 68, 68, 68, 70,
    70, 67, 68, 70, 70, 68, 69, 69, 69, 68, 69, 68, 72, 70, 68, 68, 72,
    69, 70, 70, 68, 66, 69, 70, 69, 66, 69, 67, 72, 71, 70, 68, 68, 70,
    68 ]
