%YAML:1.0
---
videoName: "headLookUp7.mp4"
gestureLabel: 205
fps: 29
pixelSizeInCmTemp: 3.6846153846153845e-01
faceCenterPointX: 257
faceCenterPointY: 70
headPositionsX: [ 257, 256, 256, 254, 256, 258, 256, 256, 256, 256, 255,
    254, 254, 256, 256, 258, 255, 255, 257, 254, 255, 257, 256, 255, 255,
    259, 256, 255, 255, 256, 254, 256, 258, 254, 257, 256, 255, 254, 257,
    254, 258, 258, 256, 258, 254, 254, 254, 258, 254, 254, 257, 256, 255,
    254, 256, 259, 258, 258, 256, 255, 254, 258, 255, 256, 254, 259, 255,
    257, 258, 258, 257, 257, 254, 257, 258, 259, 255, 255, 256, 259, 256,
    258, 255, 257, 256, 255, 256, 255, 256, 256, 257, 254, 258, 257, 258,
    258, 260, 256, 255, 255 ]
headPositionsY: [ 71, 82, 82, 84, 81, 81, 83, 81, 83, 82, 82, 84, 82, 82,
    81, 84, 82, 80, 83, 77, 81, 77, 76, 76, 73, 75, 75, 71, 69, 67, 70,
    71, 71, 71, 71, 69, 67, 67, 67, 67, 66, 67, 68, 68, 69, 69, 66, 70,
    67, 71, 66, 69, 68, 66, 68, 70, 70, 69, 66, 65, 66, 71, 68, 69, 69,
    71, 68, 68, 68, 68, 71, 67, 67, 72, 67, 72, 70, 69, 67, 70, 67, 70,
    67, 71, 69, 68, 69, 68, 70, 72, 66, 68, 67, 68, 70, 71, 72, 70, 72,
    68 ]
