%YAML:1.0
---
videoName: "headLookUp7.mp4"
gestureLabel: 205
fps: 29
pixelSizeInCmTemp: 3.6846153846153845e-01
faceCenterPointX: 257
faceCenterPointY: 70
headPositionsX: [ 256, 256, 259, 256, 255, 258, 257, 257, 255, 255, 259,
    254, 256, 255, 256, 256, 255, 257, 257, 254, 258, 258, 254, 256, 254,
    257, 256, 258, 255, 256, 253, 256, 259, 255, 255, 253, 258, 256, 255,
    256, 256, 256, 256, 256, 255, 255, 257, 255, 255, 256, 254, 258, 256,
    255, 257, 255, 257, 254, 256, 257, 258, 256, 257, 256, 257, 259, 258,
    256, 256, 257, 256, 255, 257, 256, 258, 255, 254, 256, 254, 255, 258,
    257, 256, 257, 254, 258, 258, 259, 254, 256, 255, 256, 256, 256, 258,
    255, 259, 255, 258, 259 ]
headPositionsY: [ 69, 81, 81, 80, 83, 83, 81, 85, 83, 83, 82, 84, 83, 85,
    81, 85, 80, 84, 79, 80, 78, 79, 75, 75, 76, 72, 71, 70, 73, 69, 67,
    71, 68, 71, 69, 68, 67, 67, 71, 70, 66, 68, 67, 65, 70, 68, 66, 67,
    70, 70, 68, 65, 70, 67, 66, 69, 68, 68, 66, 66, 66, 70, 66, 72, 67,
    69, 66, 69, 70, 71, 68, 68, 69, 71, 67, 72, 66, 71, 70, 71, 68, 72,
    69, 72, 67, 70, 69, 71, 66, 68, 70, 71, 71, 72, 70, 70, 69, 69, 68,
    70 ]
