%YAML:1.0
---
videoName: "headLookUp3.mp4"
gestureLabel: 205
fps: 29
pixelSizeInCmTemp: 3.7421874999999999e-01
faceCenterPointX: 254
faceCenterPointY: 68
headPositionsX: [ 256, 258, 256, 256, 254, 258, 253, 256, 254, 257, 257,
    254, 257, 255, 254, 255, 258, 257, 255, 259, 257, 255, 257, 259, 254,
    257, 254, 258, 255, 255, 259, 257, 256, 257, 258, 257, 256, 257, 256,
    254, 258, 258, 254, 256, 254, 258, 254, 255, 256, 254, 254, 256, 254,
    254, 254, 255, 253, 255, 254, 254, 252, 255, 253, 257, 254, 255, 255,
    252, 256, 255, 254, 258, 254, 254, 255, 254, 255, 254, 258, 255, 255,
    256, 258, 251, 256, 255, 258, 257, 255, 254, 258, 258, 258, 257, 255,
    256, 255, 255, 256, 257 ]
headPositionsY: [ 66, 85, 83, 84, 81, 82, 80, 84, 83, 83, 81, 80, 81, 81,
    80, 81, 81, 84, 83, 79, 84, 83, 84, 80, 84, 83, 83, 83, 80, 80, 82,
    84, 80, 80, 83, 83, 82, 79, 79, 77, 81, 75, 78, 76, 72, 70, 73, 71,
    71, 70, 69, 67, 67, 66, 66, 69, 70, 68, 70, 65, 66, 69, 67, 69, 70,
    69, 64, 66, 70, 67, 66, 67, 68, 66, 65, 68, 69, 66, 67, 68, 68, 69,
    67, 65, 66, 66, 69, 69, 67, 66, 65, 67, 70, 70, 69, 70, 69, 71, 67,
    69 ]
