%YAML:1.0
---
videoName: "headLookUp3.mp4"
gestureLabel: 205
fps: 29
pixelSizeInCmTemp: 3.7421874999999999e-01
faceCenterPointX: 254
faceCenterPointY: 68
headPositionsX: [ 254, 257, 257, 257, 257, 256, 254, 256, 254, 256, 256,
    254, 255, 255, 256, 258, 255, 259, 255, 255, 255, 258, 257, 255, 257,
    258, 255, 255, 254, 257, 258, 258, 257, 258, 254, 255, 257, 258, 256,
    255, 254, 255, 256, 254, 253, 258, 257, 253, 258, 258, 256, 256, 256,
    257, 256, 258, 257, 254, 253, 255, 253, 256, 256, 257, 257, 254, 258,
    255, 255, 254, 256, 257, 254, 255, 256, 257, 252, 256, 255, 253, 254,
    255, 258, 255, 253, 255, 255, 253, 258, 254, 255, 255, 258, 257, 256,
    256, 253, 255, 253, 254 ]
headPositionsY: [ 69, 81, 82, 84, 82, 84, 84, 80, 82, 81, 84, 80, 81, 83,
    84, 83, 79, 83, 80, 83, 84, 82, 83, 82, 80, 81, 83, 81, 80, 84, 84,
    82, 80, 83, 81, 81, 84, 78, 80, 78, 79, 78, 76, 74, 72, 74, 69, 72,
    69, 68, 69, 70, 68, 67, 67, 70, 70, 68, 68, 65, 64, 67, 66, 70, 68,
    67, 65, 65, 67, 70, 68, 70, 65, 68, 69, 66, 69, 70, 65, 70, 70, 65,
    66, 65, 66, 68, 66, 67, 68, 68, 66, 68, 68, 70, 65, 68, 68, 68, 70,
    67 ]
