%YAML:1.0
---
videoName: "headLookUp7.mp4"
gestureLabel: 205
fps: 29
pixelSizeInCmTemp: 3.6846153846153845e-01
faceCenterPointX: 257
faceCenterPointY: 70
headPositionsX: [ 256, 258, 259, 258, 256, 258, 254, 258, 255, 258, 256,
    255, 255, 254, 254, 256, 256, 255, 256, 257, 254, 257, 256, 258, 253,
    259, 256, 256, 256, 255, 255, 259, 256, 256, 255, 253, 259, 253, 254,
    254, 255, 255, 257, 254, 254, 255, 256, 257, 254, 255, 253, 256, 254,
    256, 256, 255, 257, 255, 254, 253, 258, 258, 257, 258, 257, 258, 255,
    257, 257, 255, 258, 257, 255, 255, 256, 259, 255, 257, 258, 256, 254,
    257, 255, 257, 257, 257, 256, 258, 256, 259, 256, 254, 256, 258, 258,
    257, 256, 258, 259, 255 ]
headPositionsY: [ 69, 81, 81, 81, 83, 85, 82, 81, 85, 81, 81, 80, 83, 82,
    81, 84, 83, 82, 82, 80, 80, 80, 75, 77, 72, 71, 73, 73, 72, 70, 69,
    70, 70, 69, 69, 72, 71, 70, 71, 67, 66, 69, 65, 69, 69, 71, 69, 69,
    67, 67, 67, 67, 69, 69, 70, 67, 68, 71, 68, 67, 66, 69, 68, 70, 69,
    70, 69, 68, 68, 69, 71, 66, 67, 69, 70, 68, 69, 69, 67, 70, 69, 72,
    71, 72, 70, 71, 68, 70, 68, 69, 66, 71, 71, 69, 71, 72, 72, 69, 71,
    67 ]
