%YAML:1.0
---
videoName: "headLookUp1.mp4"
gestureLabel: 205
fps: 29
pixelSizeInCmTemp: 3.7421874999999999e-01
faceCenterPointX: 258
faceCenterPointY: 66
headPositionsX: [ 259, 256, 258, 258, 261, 259, 257, 259, 258, 258, 260,
    257, 260, 259, 260, 257, 259, 257, 257, 258, 257, 261, 258, 260, 260,
    258, 259, 259, 257, 260, 261, 260, 259, 260, 261, 258, 256, 256, 258,
    261, 261, 256, 261, 256, 259, 260, 260, 259, 259, 256, 258, 259, 259,
    258, 259, 254, 260, 255, 257, 257, 260, 259, 257, 257, 255, 260, 259,
    260, 258, 259, 257, 256, 262, 258, 259, 255, 260, 260, 258, 259, 260,
    257, 260, 257, 260, 261, 257, 259, 258, 261, 257, 257, 256, 255, 258,
    257, 259, 260, 258, 257 ]
headPositionsY: [ 65, 79, 81, 80, 83, 83, 79, 79, 81, 78, 82, 80, 80, 80,
    78, 80, 81, 78, 79, 80, 80, 83, 80, 78, 83, 79, 81, 82, 82, 82, 79,
    81, 83, 82, 80, 82, 81, 81, 78, 80, 77, 80, 75, 76, 75, 72, 70, 71,
    66, 66, 65, 66, 65, 67, 69, 64, 65, 62, 68, 64, 69, 65, 65, 65, 68,
    65, 64, 63, 68, 64, 64, 63, 66, 67, 67, 63, 67, 66, 67, 63, 64, 67,
    67, 63, 63, 66, 64, 67, 66, 67, 64, 69, 64, 67, 65, 63, 67, 67, 67,
    66 ]
