%YAML:1.0
---
videoName: "headLookUp6.mp4"
gestureLabel: 205
fps: 30
pixelSizeInCmTemp: 3.7421874999999999e-01
faceCenterPointX: 255
faceCenterPointY: 70
headPositionsX: [ 254, 257, 255, 255, 256, 254, 255, 258, 254, 257, 255,
    256, 258, 254, 256, 257, 258, 255, 253, 257, 255, 255, 254, 254, 255,
    256, 258, 256, 255, 256, 254, 255, 255, 256, 256, 254, 256, 258, 256,
    254, 256, 255, 253, 254, 255, 255, 252, 254, 256, 255, 254, 256, 254,
    257, 256, 254, 252, 253, 256, 253, 253, 255, 255, 257, 256, 256, 257,
    253, 256, 254, 254, 253, 258, 254, 254, 252, 253, 254, 256, 253, 256,
    252, 256, 254, 253, 253, 256, 254, 256, 254, 254, 252, 257, 256, 255,
    256, 253, 254, 253, 257 ]
headPositionsY: [ 70, 83, 84, 84, 81, 83, 81, 81, 83, 83, 81, 84, 82, 82,
    84, 84, 81, 83, 86, 82, 80, 83, 84, 82, 80, 79, 77, 79, 77, 77, 73,
    70, 70, 68, 70, 71, 69, 68, 71, 70, 69, 69, 70, 70, 72, 67, 68, 67,
    69, 66, 65, 67, 71, 71, 69, 69, 71, 68, 71, 70, 71, 68, 70, 67, 69,
    68, 68, 67, 67, 68, 69, 71, 71, 67, 70, 67, 68, 72, 70, 71, 70, 70,
    69, 72, 70, 70, 70, 72, 72, 67, 69, 69, 72, 69, 69, 70, 72, 70, 69,
    69 ]
