%YAML:1.0
---
videoName: "headLookUp8.mp4"
gestureLabel: 205
fps: 29
pixelSizeInCmTemp: 3.4214285714285714e-01
faceCenterPointX: 253
faceCenterPointY: 59
headPositionsX: [ 255, 251, 254, 254, 253, 255, 253, 251, 253, 251, 254,
    252, 254, 253, 253, 252, 254, 253, 254, 250, 250, 253, 253, 250, 254,
    251, 251, 254, 249, 250, 255, 253, 251, 251, 250, 253, 254, 254, 253,
    252, 250, 252, 254, 251, 252, 251, 252, 251, 253, 250, 250, 253, 253,
    254, 250, 251, 251, 253, 253, 252, 255, 253, 252, 253, 255, 253, 250,
    253, 253, 253, 252, 252, 253, 255, 251, 252, 252, 251, 254, 252, 251,
    254, 252, 251, 254, 253, 255, 252, 255, 251, 254, 253, 253, 255, 253,
    251, 252, 251, 252, 255 ]
headPositionsY: [ 60, 78, 75, 77, 75, 75, 78, 74, 78, 75, 74, 77, 73, 76,
    73, 70, 71, 71, 69, 69, 70, 69, 67, 66, 65, 69, 65, 64, 61, 63, 62,
    61, 63, 60, 63, 59, 62, 59, 62, 58, 57, 58, 58, 58, 58, 59, 59, 59,
    57, 57, 60, 56, 56, 56, 61, 57, 60, 59, 57, 56, 56, 60, 60, 57, 58,
    59, 60, 60, 61, 61, 57, 57, 60, 61, 58, 58, 57, 59, 57, 58, 59, 58,
    60, 56, 59, 61, 61, 60, 58, 60, 57, 57, 59, 58, 60, 60, 60, 61, 61,
    57 ]
