%YAML:1.0
---
videoName: "headLookUp8.mp4"
gestureLabel: 205
fps: 29
pixelSizeInCmTemp: 3.4214285714285714e-01
faceCenterPointX: 253
faceCenterPointY: 59
headPositionsX: [ 254, 254, 251, 255, 252, 255, 252, 253, 255, 252, 250,
    253, 252, 252, 251, 254, 255, 253, 250, 250, 253, 250, 251, 252, 252,
    254, 253, 253, 252, 252, 252, 254, 253, 250, 252, 254, 253, 253, 250,
    251, 252, 253, 250, 253, 254, 251, 254, 253, 251, 252, 252, 254, 252,
    251, 250, 251, 254, 250, 252, 250, 255, 251, 251, 253, 252, 251, 254,
    252, 252, 255, 251, 251, 252, 252, 252, 252, 251, 252, 252, 253, 253,
    251, 252, 254, 252, 251, 252, 255, 255, 251, 252, 252, 253, 255, 251,
    252, 251, 254, 255, 255 ]
headPositionsY: [ 59, 76, 76, 76, 78, 76, 79, 78, 75, 75, 77, 75, 77, 73,
    74, 72, 73, 68, 72, 69, 67, 66, 66, 65, 67, 68, 64, 64, 62, 65, 62,
    62, 61, 60, 60, 61, 62, 61, 61, 61, 60, 59, 59, 61, 61, 60, 57, 61,
    57, 59, 58, 60, 57, 56, 57, 59, 61, 58, 60, 58, 57, 61, 60, 61, 58,
    57, 60, 61, 57, 59, 59, 60, 57, 58, 61, 59, 57, 59, 58, 61, 58, 58,
    59, 58, 60, 61, 61, 57, 58, 61, 58, 61, 61, 61, 57, 59, 61, 61, 61,
    60 ]
