%YAML:1.0
---
videoName: "headLookUp4.mp4"
gestureLabel: 205
fps: 30
pixelSizeInCmTemp: 3.6846153846153845e-01
faceCenterPointX: 256
faceCenterPointY: 68
headPositionsX: [ 254, 258, 255, 256, 257, 258, 254, 255, 256, 258, 254,
    256, 258, 256, 256, 254, 258, 258, 256, 258, 254, 256, 254, 257, 254,
    258, 254, 254, 257, 258, 257, 256, 255, 257, 258, 255, 256, 256, 256,
    253, 257, 257, 254, 257, 254, 256, 255, 255, 256, 257, 256, 256, 257,
    254, 254, 254, 258, 256, 254, 256, 253, 254, 253, 254, 256, 255, 257,
    258, 254, 255, 257, 257, 256, 255, 257, 259, 256, 256, 253, 253, 255,
    253, 255, 258, 255, 257, 258, 256, 255, 256, 258, 256, 257, 256, 255,
    257, 256, 258, 254, 256 ]
headPositionsY: [ 68, 83, 80, 80, 81, 80, 83, 85, 80, 82, 80, 80, 84, 80,
    80, 80, 80, 82, 83, 83, 84, 79, 78, 82, 80, 76, 78, 74, 74, 71, 68,
    67, 68, 72, 68, 66, 65, 70, 70, 71, 70, 68, 68, 69, 67, 69, 69, 69,
    71, 66, 67, 70, 71, 67, 67, 68, 70, 70, 70, 72, 68, 68, 69, 66, 72,
    71, 69, 71, 68, 69, 68, 71, 69, 70, 67, 67, 67, 71, 66, 69, 70, 67,
    68, 70, 69, 69, 71, 68, 71, 68, 71, 67, 68, 70, 69, 67, 67, 68, 68,
    72 ]
