%YAML:1.0
---
videoName: "headLookUp5.mp4"
gestureLabel: 205
fps: 29
pixelSizeInCmTemp: 3.6287878787878786e-01
faceCenterPointX: 256
faceCenterPointY: 67
headPositionsX: [ 255, 255, 255, 255, 256, 259, 259, 254, 258, 256, 256,
    258, 256, 256, 257, 255, 257, 258, 253, 254, 256, 254, 258, 254, 258,
    255, 256, 257, 258, 256, 258, 254, 255, 258, 254, 257, 257, 254, 254,
    259, 257, 257, 255, 256, 256, 257, 254, 256, 255, 257, 258, 258, 254,
    256, 255, 256, 253, 256, 254, 255, 257, 254, 258, 257, 255, 256, 258,
    255, 255, 258, 257, 256, 258, 256, 257, 257, 255, 254, 256, 258, 254,
    258, 258, 258, 257, 255, 258, 256, 258, 254, 258, 255, 256, 257, 257,
    256, 258, 256, 254, 257 ]
headPositionsY: [ 69, 80, 81, 79, 79, 83, 82, 83, 82, 82, 80, 82, 81, 80,
    79, 83, 83, 79, 79, 83, 83, 81, 78, 80, 80, 80, 82, 83, 78, 81, 82,
    82, 81, 77, 79, 76, 75, 74, 73, 72, 71, 69, 70, 67, 68, 70, 70, 66,
    70, 69, 68, 70, 69, 68, 67, 69, 66, 67, 70, 66, 70, 69, 70, 70, 69,
    69, 70, 67, 68, 68, 65, 65, 65, 68, 68, 68, 66, 69, 63, 70, 65, 67,
    69, 70, 69, 67, 69, 67, 66, 69, 66, 69, 68, 68, 68, 65, 65, 65, 68,
    66 ]
