%YAML:1.0
---
videoName: "headLookUp4.mp4"
gestureLabel: 205
fps: 30
pixelSizeInCmTemp: 3.6846153846153845e-01
faceCenterPointX: 256
faceCenterPointY: 68
headPositionsX: [ 258, 257, 255, 257, 254, 255, 256, 257, 254, 258, 254,
    259, 257, 258, 255, 254, 255, 254, 258, 255, 258, 255, 255, 256, 254,
    254, 254, 258, 257, 257, 259, 255, 253, 254, 257, 255, 258, 257, 255,
    256, 257, 254, 257, 254, 257, 258, 258, 253, 257, 255, 257, 254, 258,
    255, 257, 255, 254, 254, 257, 253, 257, 256, 255, 255, 256, 257, 255,
    257, 258, 255, 256, 255, 254, 258, 255, 255, 253, 257, 257, 257, 253,
    256, 253, 258, 254, 257, 256, 252, 256, 256, 255, 256, 259, 255, 255,
    256, 254, 256, 256, 254 ]
headPositionsY: [ 70, 81, 84, 84, 82, 81, 83, 85, 83, 82, 81, 84, 83, 81,
    82, 80, 84, 81, 81, 80, 84, 82, 79, 81, 78, 78, 77, 76, 76, 72, 70,
    70, 68, 70, 67, 66, 67, 69, 71, 70, 66, 70, 67, 67, 67, 67, 71, 70,
    67, 69, 68, 69, 69, 70, 68, 68, 66, 68, 70, 68, 67, 68, 65, 65, 71,
    71, 70, 70, 71, 69, 71, 69, 71, 69, 65, 68, 70, 69, 67, 67, 71, 66,
    68, 69, 67, 66, 72, 67, 71, 68, 67, 67, 70, 70, 70, 67, 71, 72, 70,
    71 ]
