%YAML:1.0
---
videoName: "headLookUp8.mp4"
gestureLabel: 205
fps: 29
pixelSizeInCmTemp: 3.4214285714285714e-01
faceCenterPointX: 253
faceCenterPointY: 59
headPositionsX: [ 252, 251, 252, 254, 253, 251, 256, 252, 252, 252, 252,
    254, 252, 251, 253, 254, 252, 250, 252, 251, 253, 251, 250, 249, 251,
    253, 252, 254, 252, 254, 252, 252, 253, 253, 250, 254, 253, 252, 253,
    253, 251, 250, 253, 252, 251, 251, 254, 253, 254, 251, 254, 254, 253,
    252, 252, 252, 251, 251, 251, 251, 252, 250, 254, 252, 255, 253, 254,
    253, 253, 253, 255, 252, 250, 251, 253, 254, 252, 253, 253, 254, 253,
    255, 254, 253, 250, 255, 254, 253, 251, 255, 253, 253, 255, 251, 253,
    253, 251, 254, 254, 253 ]
headPositionsY: [ 59, 76, 77, 74, 78, 75, 77, 76, 78, 78, 75, 77, 75, 76,
    72, 73, 74, 71, 71, 68, 69, 68, 68, 69, 66, 65, 66, 66, 62, 63, 62,
    60, 64, 64, 62, 63, 62, 61, 61, 61, 59, 58, 58, 60, 61, 57, 60, 58,
    59, 60, 57, 58, 59, 57, 58, 56, 61, 61, 59, 59, 56, 57, 57, 59, 58,
    57, 59, 59, 59, 61, 61, 58, 60, 59, 59, 60, 59, 59, 58, 61, 60, 60,
    58, 57, 59, 57, 57, 60, 58, 58, 57, 57, 57, 60, 59, 58, 58, 61, 61,
    59 ]
