%YAML:1.0
---
videoName: "headLookUp6.mp4"
gestureLabel: 205
fps: 30
pixelSizeInCmTemp: 3.7421874999999999e-01
faceCenterPointX: 255
faceCenterPointY: 70
headPositionsX: [ 257, 257, 254, 256, 257, 255, 254, 257, 255, 253, 257,
    257, 256, 254, 256, 255, 255, 256, 253, 254, 255, 254, 256, 253, 257,
    255, 258, 256, 255, 254, 255, 256, 254, 255, 255, 255, 257, 255, 253,
    254, 253, 254, 255, 255, 257, 256, 254, 257, 253, 254, 252, 252, 257,
    256, 252, 254, 255, 254, 256, 253, 254, 253, 254, 257, 253, 255, 255,
    257, 257, 255, 254, 255, 256, 254, 256, 254, 256, 253, 253, 255, 255,
    253, 257, 253, 254, 255, 252, 252, 254, 255, 257, 253, 256, 254, 256,
    256, 253, 256, 252, 257 ]
headPositionsY: [ 69, 82, 84, 84, 82, 84, 81, 83, 84, 83, 81, 83, 85, 84,
    85, 83, 84, 82, 86, 83, 81, 83, 84, 83, 82, 79, 77, 79, 78, 75, 74,
    72, 74, 72, 71, 70, 71, 69, 71, 72, 68, 70, 66, 69, 68, 69, 68, 71,
    68, 67, 67, 67, 68, 67, 67, 70, 71, 69, 71, 72, 68, 68, 66, 69, 68,
    71, 69, 67, 68, 70, 69, 68, 68, 71, 70, 68, 68, 69, 67, 70, 70, 67,
    70, 72, 67, 70, 67, 70, 69, 71, 67, 71, 71, 69, 71, 69, 69, 70, 72,
    66 ]
