%YAML:1.0
---
videoName: "headLookUp4.mp4"
gestureLabel: 205
fps: 30
pixelSizeInCmTemp: 3.6846153846153845e-01
faceCenterPointX: 256
faceCenterPointY: 68
headPositionsX: [ 256, 257, 257, 255, 258, 257, 257, 258, 257, 258, 258,
    259, 258, 258, 256, 254, 254, 257, 256, 257, 257, 255, 256, 254, 258,
    254, 258, 256, 254, 254, 257, 254, 253, 253, 255, 253, 257, 254, 257,
    256, 257, 257, 254, 255, 254, 255, 256, 255, 258, 255, 254, 256, 258,
    254, 255, 258, 258, 254, 256, 255, 257, 255, 255, 258, 258, 258, 255,
    256, 255, 254, 257, 254, 254, 257, 256, 259, 256, 254, 253, 256, 256,
    255, 255, 256, 256, 258, 258, 256, 257, 254, 259, 256, 256, 257, 259,
    257, 257, 258, 255, 258 ]
headPositionsY: [ 66, 81, 84, 83, 84, 84, 81, 81, 83, 80, 80, 84, 83, 80,
    83, 83, 84, 81, 82, 83, 84, 81, 79, 82, 77, 77, 78, 74, 72, 72, 69,
    69, 71, 70, 68, 68, 68, 67, 72, 67, 66, 70, 67, 70, 66, 67, 67, 70,
    71, 69, 68, 68, 70, 71, 68, 69, 66, 69, 70, 69, 69, 67, 68, 66, 68,
    68, 68, 72, 69, 70, 67, 69, 69, 67, 65, 71, 69, 67, 66, 70, 71, 67,
    68, 68, 69, 67, 72, 66, 72, 72, 68, 68, 69, 66, 70, 70, 70, 70, 69,
    68 ]
