%YAML:1.0
---
videoName: "headLookUp5.mp4"
gestureLabel: 205
fps: 29
pixelSizeInCmTemp: 3.6287878787878786e-01
faceCenterPointX: 256
faceCenterPointY: 67
headPositionsX: [ 258, 257, 259, 256, 254, 258, 259, 256, 254, 255, 256,
    255, 254, 255, 255, 258, 256, 256, 253, 256, 257, 258, 257, 255, 255,
    254, 254, 254, 257, 256, 255, 257, 256, 254, 258, 258, 258, 254, 257,
    259, 257, 259, 256, 259, 257, 258, 252, 255, 256, 258, 257, 254, 256,
    257, 254, 258, 253, 258, 256, 256, 259, 253, 257, 254, 254, 254, 257,
    256, 253, 255, 258, 256, 256, 254, 255, 258, 259, 254, 255, 256, 258,
    256, 254, 258, 258, 258, 254, 257, 256, 253, 255, 255, 257, 255, 257,
    255, 255, 255, 255, 257 ]
headPositionsY: [ 68, 80, 84, 80, 81, 80, 82, 83, 81, 82, 82, 81, 80, 84,
    83, 80, 82, 81, 80, 83, 81, 81, 82, 83, 80, 83, 82, 82, 79, 80, 80,
    81, 81, 78, 79, 79, 76, 75, 72, 69, 72, 70, 70, 68, 67, 70, 67, 66,
    68, 71, 66, 71, 68, 68, 68, 71, 68, 68, 67, 68, 70, 65, 67, 67, 65,
    68, 69, 68, 66, 67, 65, 68, 66, 69, 69, 69, 67, 70, 66, 69, 68, 66,
    68, 70, 66, 70, 67, 67, 69, 69, 67, 68, 66, 68, 66, 68, 68, 65, 67,
    67 ]
