%YAML:1.0
---
videoName: "headLookUp3.mp4"
gestureLabel: 205
fps: 29
pixelSizeInCmTemp: 3.7421874999999999e-01
faceCenterPointX: 254
faceCenterPointY: 68
headPositionsX: [ 256, 256, 254, 253, 254, 254, 255, 256, 253, 253, 258,
    254, 257, 258, 258, 257, 257, 259, 256, 255, 256, 256, 259, 259, 256,
    254, 256, 257, 254, 257, 257, 258, 258, 257, 256, 253, 255, 258, 255,
    254, 256, 256, 257, 256, 253, 254, 255, 255, 258, 255, 255, 258, 256,
    256, 254, 258, 253, 255, 252, 256, 252, 256, 253, 254, 254, 253, 255,
    252, 257, 253, 256, 256, 255, 256, 252, 254, 256, 257, 254, 254, 255,
    255, 255, 253, 256, 254, 255, 256, 255, 253, 256, 257, 255, 256, 255,
    255, 253, 256, 253, 257 ]
headPositionsY: [ 69, 84, 83, 84, 80, 82, 83, 81, 80, 79, 84, 82, 84, 82,
    83, 81, 80, 82, 84, 83, 82, 80, 82, 83, 82, 83, 83, 83, 81, 80, 80,
    84, 84, 80, 82, 83, 84, 80, 78, 81, 81, 77, 77, 75, 74, 73, 71, 70,
    69, 70, 67, 67, 66, 68, 69, 68, 69, 68, 67, 69, 67, 69, 69, 69, 66,
    65, 68, 68, 68, 66, 70, 68, 69, 65, 69, 66, 68, 67, 65, 66, 70, 68,
    66, 69, 69, 65, 68, 69, 67, 69, 66, 67, 69, 67, 66, 66, 70, 70, 66,
    67 ]
