%YAML:1.0
---
videoName: "headLookUp9.mp4"
gestureLabel: 205
fps: 29
pixelSizeInCmTemp: 3.3732394366197183e-01
faceCenterPointX: 251
faceCenterPointY: 57
headPositionsX: [ 249, 253, 253, 249, 251, 251, 250, 252, 252, 252, 252,
    253, 253, 253, 253, 253, 250, 250, 251, 250, 252, 252, 251, 250, 254,
    249, 252, 251, 253, 252, 252, 253, 250, 249, 250, 251, 252, 250, 253,
    253, 253, 254, 249, 249, 252, 252, 253, 249, 253, 250, 252, 251, 252,
    250, 253, 249, 251, 251, 250, 252, 252, 253, 250, 249, 251, 250, 253,
    252, 249, 251, 249, 252, 254, 252, 252, 253, 252, 251, 249, 251, 249,
    249, 250, 252, 253, 249, 250, 251, 249, 250, 252, 252, 250, 254, 251,
    253, 252, 253, 251, 253 ]
headPositionsY: [ 59, 75, 71, 74, 73, 75, 72, 75, 76, 73, 72, 76, 76, 73,
    76, 74, 75, 73, 73, 76, 74, 72, 74, 76, 73, 74, 76, 74, 74, 72, 70,
    74, 71, 69, 68, 70, 68, 68, 67, 67, 66, 66, 61, 59, 61, 62, 63, 59,
    59, 58, 60, 58, 57, 57, 57, 61, 58, 60, 56, 58, 57, 59, 56, 58, 59,
    57, 56, 57, 57, 56, 57, 55, 56, 55, 58, 58, 59, 58, 58, 58, 57, 55,
    55, 55, 57, 59, 56, 58, 55, 55, 59, 59, 59, 60, 59, 57, 56, 58, 55,
    57 ]
