%YAML:1.0
---
videoName: "headLookUp2.mp4"
gestureLabel: 205
fps: 29
pixelSizeInCmTemp: 3.7421874999999999e-01
faceCenterPointX: 254
faceCenterPointY: 67
headPositionsX: [ 256, 256, 255, 254, 256, 254, 256, 255, 258, 257, 258,
    253, 254, 257, 253, 255, 255, 254, 256, 253, 256, 256, 255, 255, 257,
    256, 254, 255, 253, 256, 255, 255, 252, 252, 257, 253, 254, 252, 255,
    252, 254, 256, 254, 253, 253, 255, 257, 256, 254, 256, 253, 254, 255,
    253, 254, 255, 255, 252, 257, 255, 252, 253, 254, 250, 255, 254, 253,
    252, 253, 254, 255, 254, 252, 257, 251, 252, 252, 254, 251, 256, 253,
    254, 255, 255, 255, 255, 254, 256, 253, 252, 252, 252, 255, 254, 252,
    253, 256, 254, 255, 252 ]
headPositionsY: [ 67, 80, 83, 80, 79, 83, 83, 82, 84, 81, 82, 83, 79, 79,
    80, 80, 80, 81, 82, 80, 83, 81, 80, 83, 83, 83, 83, 80, 79, 80, 82,
    82, 79, 80, 83, 81, 79, 78, 81, 79, 78, 79, 75, 76, 76, 76, 75, 70,
    68, 67, 70, 69, 68, 66, 70, 71, 65, 71, 69, 65, 69, 69, 68, 70, 69,
    70, 68, 70, 69, 64, 65, 64, 70, 69, 69, 66, 68, 71, 68, 71, 68, 66,
    68, 65, 68, 68, 68, 67, 66, 71, 68, 68, 68, 67, 65, 68, 68, 66, 68,
    68 ]
