%YAML:1.0
---
videoName: "headLookUp5.mp4"
gestureLabel: 205
fps: 29
pixelSizeInCmTemp: 3.6287878787878786e-01
faceCenterPointX: 256
faceCenterPointY: 67
headPositionsX: [ 254, 257, 259, 257, 257, 258, 258, 256, 254, 255, 257,
    259, 254, 256, 258, 256, 254, 255, 253, 255, 257, 256, 257, 257, 257,
    257, 258, 255, 257, 257, 256, 258, 257, 254, 254, 257, 257, 258, 258,
    257, 257, 259, 258, 258, 256, 257, 255, 256, 254, 259, 259, 256, 256,
    257, 256, 256, 257, 254, 256, 256, 257, 255, 258, 254, 254, 258, 258,
    255, 254, 258, 254, 257, 257, 257, 257, 254, 256, 254, 255, 256, 258,
    258, 254, 258, 254, 257, 256, 257, 258, 253, 257, 255, 256, 258, 253,
    256, 256, 258, 254, 256 ]
headPositionsY: [ 69, 83, 81, 79, 79, 83, 80, 81, 82, 84, 82, 80, 82, 83,
    80, 79, 81, 80, 81, 83, 83, 79, 79, 81, 80, 83, 83, 82, 78, 80, 82,
    81, 79, 77, 80, 79, 75, 74, 74, 69, 70, 70, 68, 71, 65, 70, 67, 68,
    68, 67, 67, 71, 67, 68, 70, 67, 66, 68, 70, 70, 70, 65, 71, 70, 68,
    65, 68, 65, 66, 65, 68, 67, 69, 66, 68, 69, 70, 68, 66, 69, 65, 65,
    66, 67, 65, 67, 67, 69, 67, 65, 68, 67, 64, 65, 65, 65, 68, 67, 67,
    66 ]
