%YAML:1.0
---
videoName: "headLookUp2.mp4"
gestureLabel: 205
fps: 29
pixelSizeInCmTemp: 3.7421874999999999e-01
faceCenterPointX: 254
faceCenterPointY: 67
headPositionsX: [ 256, 254, 258, 256, 256, 255, 257, 254, 256, 257, 256,
    257, 256, 257, 257, 256, 255, 257, 256, 256, 252, 252, 255, 256, 253,
    256, 257, 253, 253, 254, 252, 255, 256, 252, 256, 255, 252, 255, 255,
    252, 256, 254, 252, 252, 255, 256, 256, 252, 254, 255, 255, 254, 256,
    254, 256, 253, 251, 256, 257, 252, 255, 253, 252, 252, 252, 251, 254,
    253, 252, 253, 252, 255, 253, 255, 253, 254, 251, 253, 253, 255, 255,
    252, 256, 252, 256, 251, 252, 257, 254, 254, 254, 254, 255, 253, 253,
    256, 253, 256, 257, 255 ]
headPositionsY: [ 65, 79, 80, 81, 81, 81, 80, 80, 80, 83, 83, 81, 82, 80,
    81, 80, 83, 80, 78, 82, 81, 81, 78, 82, 83, 83, 79, 82, 80, 83, 81,
    79, 83, 81, 82, 79, 78, 80, 80, 80, 78, 81, 75, 75, 78, 75, 72, 73,
    69, 71, 71, 67, 67, 68, 66, 67, 66, 67, 65, 68, 69, 67, 66, 70, 70,
    67, 68, 66, 67, 68, 68, 67, 69, 71, 68, 66, 66, 71, 67, 67, 68, 65,
    70, 65, 69, 67, 65, 66, 66, 70, 67, 66, 68, 69, 66, 68, 68, 65, 66,
    65 ]
