%YAML:1.0
---
videoName: "headLookUp1.mp4"
gestureLabel: 205
fps: 29
pixelSizeInCmTemp: 3.7421874999999999e-01
faceCenterPointX: 258
faceCenterPointY: 66
headPositionsX: [ 257, 257, 259, 257, 257, 259, 260, 257, 256, 258, 261,
    259, 260, 259, 257, 258, 261, 259, 257, 260, 258, 260, 256, 256, 258,
    260, 261, 258, 256, 260, 258, 258, 259, 261, 257, 259, 256, 258, 259,
    260, 261, 256, 257, 258, 256, 256, 256, 260, 259, 258, 260, 258, 259,
    258, 258, 254, 258, 254, 255, 256, 257, 256, 261, 259, 257, 258, 256,
    258, 257, 256, 256, 258, 260, 260, 255, 255, 257, 260, 260, 260, 257,
    256, 260, 257, 259, 261, 257, 257, 257, 258, 259, 260, 259, 259, 260,
    259, 256, 257, 255, 261 ]
headPositionsY: [ 66, 81, 80, 81, 82, 79, 81, 82, 79, 78, 79, 83, 80, 80,
    78, 79, 81, 82, 80, 82, 82, 81, 82, 78, 79, 82, 79, 84, 83, 79, 80,
    80, 79, 80, 83, 82, 81, 81, 81, 79, 80, 79, 79, 77, 74, 73, 69, 69,
    67, 67, 66, 64, 64, 64, 68, 61, 69, 66, 67, 64, 69, 66, 65, 65, 64,
    64, 68, 63, 64, 63, 64, 64, 64, 64, 66, 64, 68, 66, 64, 62, 64, 67,
    65, 66, 62, 66, 66, 64, 66, 66, 62, 68, 64, 66, 64, 65, 67, 66, 65,
    69 ]
