%YAML:1.0
---
videoName: "headLookUp9.mp4"
gestureLabel: 205
fps: 29
pixelSizeInCmTemp: 3.3732394366197183e-01
faceCenterPointX: 251
faceCenterPointY: 57
headPositionsX: [ 249, 253, 254, 253, 250, 252, 252, 250, 253, 250, 249,
    250, 254, 249, 253, 252, 249, 250, 250, 252, 252, 253, 250, 252, 250,
    252, 250, 252, 250, 250, 249, 252, 254, 252, 252, 252, 250, 249, 254,
    251, 253, 253, 249, 252, 254, 250, 252, 251, 251, 250, 250, 253, 253,
    251, 253, 253, 250, 251, 250, 249, 252, 250, 253, 251, 251, 251, 251,
    249, 250, 251, 253, 253, 250, 250, 249, 252, 250, 253, 251, 250, 253,
    253, 251, 250, 250, 248, 249, 253, 253, 253, 249, 250, 249, 251, 252,
    250, 251, 249, 250, 250 ]
headPositionsY: [ 59, 75, 74, 71, 74, 72, 75, 73, 75, 76, 72, 74, 77, 74,
    75, 73, 76, 75, 72, 73, 72, 74, 74, 75, 74, 74, 74, 71, 73, 75, 70,
    73, 70, 70, 71, 67, 70, 67, 68, 64, 64, 62, 65, 59, 59, 61, 59, 58,
    59, 61, 57, 58, 61, 59, 56, 61, 56, 56, 55, 58, 58, 55, 55, 58, 57,
    57, 57, 55, 59, 57, 58, 55, 60, 56, 55, 58, 59, 55, 59, 58, 57, 59,
    58, 58, 58, 59, 55, 56, 56, 56, 58, 55, 57, 59, 57, 58, 58, 55, 56,
    55 ]
