%YAML:1.0
---
videoName: "headLookUp3.mp4"
gestureLabel: 205
fps: 29
pixelSizeInCmTemp: 3.7421874999999999e-01
faceCenterPointX: 254
faceCenterPointY: 68
headPositionsX: [ 252, 257, 256, 255, 257, 257, 256, 255, 257, 253, 256,
    255, 254, 254, 255, 257, 255, 259, 258, 256, 257, 258, 259, 259, 255,
    257, 256, 254, 254, 257, 258, 259, 257, 259, 257, 255, 257, 254, 256,
    256, 257, 257, 254, 256, 254, 257, 254, 254, 254, 255, 257, 256, 257,
    255, 255, 256, 255, 257, 254, 257, 252, 256, 252, 256, 254, 255, 257,
    256, 257, 253, 252, 256, 255, 255, 253, 254, 253, 254, 254, 256, 255,
    253, 256, 254, 253, 257, 254, 254, 255, 256, 258, 258, 256, 254, 253,
    253, 253, 257, 257, 258 ]
headPositionsY: [ 70, 85, 83, 84, 81, 84, 84, 81, 82, 80, 83, 82, 81, 80,
    84, 82, 83, 83, 81, 81, 80, 81, 81, 81, 82, 83, 84, 82, 84, 82, 80,
    80, 81, 82, 83, 83, 84, 79, 82, 79, 79, 78, 79, 74, 74, 72, 71, 72,
    69, 70, 69, 68, 69, 69, 70, 68, 67, 65, 68, 66, 68, 66, 70, 70, 70,
    68, 64, 65, 70, 68, 70, 66, 67, 68, 66, 67, 69, 69, 68, 68, 66, 67,
    67, 68, 67, 65, 68, 68, 69, 67, 69, 66, 70, 69, 65, 67, 67, 71, 70,
    66 ]
