%YAML:1.0
---
videoName: "headLookUp0.mp4"
gestureLabel: 205
fps: 29
pixelSizeInCmTemp: 3.6846153846153845e-01
faceCenterPointX: 258
faceCenterPointY: 66
headPositionsX: [ 260, 261, 258, 258, 258, 257, 259, 259, 259, 257, 259,
    261, 261, 259, 257, 259, 258, 258, 261, 259, 257, 258, 261, 260, 258,
    260, 256, 258, 260, 259, 259, 260, 258, 257, 260, 260, 257, 261, 258,
    259, 261, 256, 261, 259, 260, 260, 259, 258, 259, 257, 260, 258, 257,
    258, 256, 258, 256, 260, 256, 258, 256, 257, 256, 261, 259, 257, 259,
    257, 258, 257, 259, 256, 260, 257, 259, 256, 258, 258, 257, 257, 257,
    260, 257, 257, 258, 257, 257, 255, 258, 257, 257, 259, 257, 258, 260,
    257, 260, 256, 260, 259 ]
headPositionsY: [ 68, 80, 82, 79, 78, 83, 83, 83, 82, 78, 81, 78, 81, 80,
    79, 76, 76, 77, 74, 75, 74, 73, 70, 67, 70, 67, 69, 66, 69, 69, 67,
    69, 65, 67, 68, 66, 68, 67, 64, 64, 65, 68, 65, 66, 68, 67, 68, 67,
    65, 70, 67, 65, 69, 68, 69, 66, 69, 66, 65, 69, 65, 67, 69, 68, 69,
    67, 67, 69, 69, 68, 67, 69, 65, 69, 67, 70, 68, 69, 66, 66, 68, 69,
    66, 68, 67, 66, 68, 67, 65, 69, 67, 68, 70, 70, 67, 66, 70, 67, 70,
    67 ]
