%YAML:1.0
---
videoName: "headLookUp8.mp4"
gestureLabel: 205
fps: 29
pixelSizeInCmTemp: 3.4214285714285714e-01
faceCenterPointX: 253
faceCenterPointY: 59
headPositionsX: [ 255, 250, 253, 251, 251, 251, 255, 252, 254, 250, 254,
    253, 252, 253, 250, 251, 255, 252, 251, 250, 250, 252, 254, 253, 251,
    252, 251, 250, 250, 253, 255, 251, 250, 252, 252, 254, 250, 254, 254,
    254, 250, 251, 252, 252, 253, 250, 254, 251, 251, 250, 251, 252, 252,
    252, 250, 252, 255, 253, 250, 252, 254, 254, 254, 253, 255, 251, 251,
    252, 251, 253, 253, 251, 253, 254, 250, 252, 251, 251, 253, 254, 253,
    255, 255, 254, 252, 253, 251, 252, 253, 255, 253, 251, 254, 255, 254,
    252, 253, 251, 255, 252 ]
headPositionsY: [ 59, 76, 74, 74, 75, 76, 77, 76, 77, 76, 77, 73, 75, 73,
    76, 70, 74, 68, 73, 71, 69, 70, 69, 69, 67, 66, 68, 63, 64, 62, 64,
    62, 63, 62, 64, 59, 61, 62, 60, 61, 59, 60, 58, 57, 61, 56, 58, 59,
    58, 59, 57, 56, 57, 56, 58, 58, 60, 57, 56, 59, 60, 57, 56, 57, 60,
    59, 59, 60, 57, 57, 60, 61, 57, 58, 59, 59, 61, 61, 57, 59, 59, 57,
    60, 57, 59, 57, 61, 59, 60, 58, 61, 58, 61, 60, 59, 59, 59, 59, 59,
    57 ]
