%YAML:1.0
---
videoName: "headLookUp7.mp4"
gestureLabel: 205
fps: 29
pixelSizeInCmTemp: 3.6846153846153845e-01
faceCenterPointX: 257
faceCenterPointY: 70
headPositionsX: [ 255, 259, 259, 258, 257, 254, 256, 255, 254, 256, 259,
    254, 254, 255, 255, 258, 258, 257, 258, 258, 255, 257, 255, 257, 253,
    255, 255, 256, 254, 258, 253, 256, 259, 253, 256, 257, 256, 255, 257,
    257, 255, 258, 258, 257, 255, 255, 258, 257, 255, 256, 253, 256, 256,
    253, 258, 257, 257, 256, 257, 255, 256, 258, 256, 258, 255, 256, 254,
    256, 258, 254, 259, 256, 258, 258, 255, 259, 257, 256, 257, 258, 258,
    254, 255, 258, 256, 258, 254, 256, 255, 259, 254, 255, 255, 257, 256,
    258, 258, 256, 257, 255 ]
headPositionsY: [ 68, 81, 81, 80, 85, 84, 83, 82, 82, 84, 84, 80, 84, 84,
    83, 85, 80, 82, 82, 77, 79, 76, 79, 77, 75, 74, 73, 71, 69, 69, 66,
    71, 68, 68, 69, 72, 69, 70, 67, 69, 67, 67, 66, 66, 66, 70, 70, 66,
    69, 68, 68, 65, 69, 69, 68, 71, 68, 71, 67, 67, 69, 70, 70, 72, 69,
    71, 67, 67, 67, 70, 67, 67, 69, 72, 70, 68, 66, 72, 68, 70, 70, 71,
    67, 72, 66, 69, 68, 68, 68, 71, 67, 69, 68, 68, 71, 70, 69, 66, 71,
    68 ]
