%YAML:1.0
---
videoName: "headLookUp1.mp4"
gestureLabel: 205
fps: 29
pixelSizeInCmTemp: 3.7421874999999999e-01
faceCenterPointX: 258
faceCenterPointY: 66
headPositionsX: [ 259, 258, 258, 258, 258, 259, 257, 261, 260, 260, 257,
    259, 261, 260, 259, 259, 262, 260, 259, 259, 258, 261, 256, 260, 258,
    257, 261, 261, 256, 256, 260, 258, 257, 257, 260, 256, 260, 256, 257,
    259, 257, 257, 261, 259, 259, 257, 259, 261, 259, 258, 258, 256, 257,
    256, 260, 258, 259, 257, 258, 258, 260, 257, 259, 259, 255, 257, 257,
    258, 259, 259, 259, 257, 259, 257, 256, 258, 257, 261, 258, 258, 258,
    255, 260, 257, 260, 257, 256, 255, 256, 261, 258, 260, 260, 259, 259,
    255, 259, 257, 259, 261 ]
headPositionsY: [ 64, 78, 81, 82, 83, 82, 81, 82, 81, 81, 83, 82, 82, 80,
    79, 83, 83, 80, 81, 82, 81, 82, 79, 82, 82, 79, 82, 82, 81, 82, 79,
    82, 80, 81, 81, 79, 79, 83, 79, 82, 81, 76, 75, 77, 73, 73, 68, 67,
    68, 69, 69, 67, 67, 65, 65, 62, 66, 66, 68, 66, 66, 62, 65, 65, 68,
    64, 67, 62, 67, 66, 64, 64, 65, 64, 68, 66, 64, 65, 66, 62, 67, 66,
    68, 67, 66, 68, 65, 65, 67, 63, 65, 69, 66, 66, 67, 63, 66, 65, 63,
    67 ]
