%YAML:1.0
---
videoName: "headLookUp5.mp4"
gestureLabel: 205
fps: 29
pixelSizeInCmTemp: 3.6287878787878786e-01
faceCenterPointX: 256
faceCenterPointY: 67
headPositionsX: [ 255, 259, 259, 256, 255, 257, 258, 255, 257, 255, 256,
    256, 257, 256, 254, 258, 258, 257, 253, 254, 255, 257, 254, 256, 255,
    258, 257, 255, 257, 253, 256, 254, 258, 254, 255, 257, 255, 255, 255,
    257, 255, 257, 257, 258, 256, 257, 252, 254, 256, 255, 256, 254, 255,
    254, 256, 256, 254, 258, 255, 255, 259, 256, 256, 256, 254, 255, 254,
    253, 257, 258, 257, 258, 255, 258, 256, 256, 256, 257, 256, 254, 258,
    254, 258, 254, 258, 255, 255, 255, 254, 253, 256, 257, 254, 255, 253,
    254, 257, 258, 254, 258 ]
headPositionsY: [ 67, 84, 80, 83, 82, 80, 83, 79, 79, 80, 82, 83, 81, 81,
    82, 82, 82, 82, 81, 81, 83, 81, 82, 82, 82, 83, 79, 83, 80, 79, 80,
    81, 77, 81, 80, 77, 78, 74, 74, 71, 72, 67, 70, 68, 65, 71, 67, 69,
    66, 71, 69, 68, 68, 68, 68, 68, 68, 69, 70, 69, 66, 65, 69, 66, 69,
    67, 69, 66, 67, 66, 67, 66, 67, 69, 68, 66, 70, 67, 64, 67, 66, 68,
    69, 66, 65, 70, 67, 68, 69, 69, 68, 69, 66, 67, 67, 68, 69, 68, 66,
    68 ]
