%YAML:1.0
---
videoName: "headLookUp1.mp4"
gestureLabel: 205
fps: 29
pixelSizeInCmTemp: 3.7421874999999999e-01
faceCenterPointX: 258
faceCenterPointY: 66
headPositionsX: [ 259, 260, 260, 260, 261, 258, 260, 257, 259, 260, 259,
    257, 260, 261, 258, 260, 261, 260, 259, 260, 258, 257, 256, 256, 259,
    259, 259, 260, 256, 259, 260, 257, 258, 259, 258, 256, 260, 260, 258,
    261, 257, 259, 259, 260, 258, 259, 259, 258, 261, 257, 260, 255, 258,
    258, 258, 257, 260, 255, 258, 255, 257, 260, 261, 259, 257, 259, 260,
    257, 257, 256, 259, 256, 262, 259, 256, 259, 260, 259, 261, 257, 259,
    257, 258, 260, 259, 258, 255, 255, 258, 259, 259, 258, 257, 257, 256,
    256, 260, 257, 255, 259 ]
headPositionsY: [ 68, 82, 83, 81, 80, 80, 83, 80, 79, 81, 82, 79, 80, 79,
    80, 80, 83, 78, 83, 79, 80, 80, 83, 79, 83, 79, 82, 83, 81, 78, 79,
    83, 81, 83, 82, 80, 80, 83, 81, 82, 81, 77, 77, 75, 75, 74, 70, 67,
    70, 65, 67, 68, 66, 67, 66, 64, 66, 65, 64, 63, 66, 66, 68, 66, 65,
    63, 68, 63, 65, 65, 68, 65, 67, 65, 69, 64, 66, 64, 65, 65, 65, 65,
    67, 67, 66, 65, 65, 64, 66, 66, 62, 68, 65, 66, 65, 67, 65, 67, 67,
    66 ]
