%YAML:1.0
---
videoName: "headLookUp5.mp4"
gestureLabel: 205
fps: 29
pixelSizeInCmTemp: 3.6287878787878786e-01
faceCenterPointX: 256
faceCenterPointY: 67
headPositionsX: [ 255, 258, 255, 257, 258, 257, 259, 257, 257, 258, 258,
    259, 258, 257, 256, 257, 258, 256, 256, 256, 255, 256, 254, 254, 254,
    258, 255, 256, 256, 253, 256, 255, 255, 258, 257, 258, 256, 255, 257,
    256, 257, 257, 258, 256, 257, 255, 256, 257, 253, 256, 257, 255, 253,
    257, 257, 258, 253, 256, 254, 253, 258, 254, 254, 256, 255, 255, 256,
    254, 257, 257, 257, 257, 255, 255, 257, 257, 258, 256, 254, 255, 258,
    257, 256, 258, 254, 258, 258, 254, 254, 255, 259, 255, 254, 255, 254,
    256, 258, 254, 254, 255 ]
headPositionsY: [ 67, 83, 82, 83, 82, 84, 84, 82, 80, 82, 83, 83, 82, 82,
    82, 80, 81, 80, 82, 80, 80, 79, 79, 82, 82, 80, 81, 79, 80, 82, 82,
    81, 79, 80, 80, 79, 75, 72, 72, 70, 72, 67, 68, 71, 68, 69, 70, 66,
    66, 71, 70, 68, 66, 68, 67, 71, 66, 69, 70, 69, 68, 68, 69, 68, 69,
    69, 69, 69, 67, 65, 66, 68, 69, 65, 68, 66, 66, 69, 65, 66, 67, 67,
    70, 68, 65, 66, 69, 66, 66, 69, 66, 69, 65, 67, 66, 64, 67, 68, 68,
    65 ]
