%YAML:1.0
---
videoName: "headLookUp9.mp4"
gestureLabel: 205
fps: 29
pixelSizeInCmTemp: 3.3732394366197183e-01
faceCenterPointX: 251
faceCenterPointY: 57
headPositionsX: [ 251, 250, 253, 250, 249, 252, 253, 250, 251, 251, 253,
    253, 250, 250, 251, 253, 251, 251, 250, 251, 251, 251, 253, 250, 254,
    253, 249, 252, 252, 250, 252, 254, 250, 249, 251, 253, 253, 249, 250,
    249, 251, 251, 250, 252, 252, 252, 252, 249, 249, 252, 251, 252, 252,
    250, 251, 250, 251, 251, 251, 253, 251, 249, 253, 253, 250, 249, 251,
    250, 249, 250, 252, 249, 253, 252, 250, 250, 251, 253, 253, 251, 251,
    252, 251, 249, 249, 251, 251, 249, 251, 252, 250, 254, 249, 253, 249,
    253, 251, 253, 253, 252 ]
headPositionsY: [ 59, 76, 74, 75, 74, 74, 75, 75, 74, 73, 74, 76, 74, 76,
    73, 75, 73, 73, 73, 75, 72, 75, 73, 73, 73, 72, 73, 71, 76, 71, 72,
    74, 72, 68, 70, 70, 70, 66, 67, 68, 65, 63, 63, 61, 60, 58, 61, 60,
    60, 60, 57, 59, 61, 60, 59, 60, 56, 58, 57, 55, 60, 56, 59, 60, 55,
    58, 55, 57, 57, 60, 57, 58, 59, 55, 58, 54, 58, 59, 59, 59, 59, 59,
    57, 57, 59, 56, 55, 59, 56, 58, 58, 56, 59, 59, 58, 56, 57, 58, 57,
    57 ]
