%YAML:1.0
---
videoName: "headLookUp1.mp4"
gestureLabel: 205
fps: 29
pixelSizeInCmTemp: 3.7421874999999999e-01
faceCenterPointX: 258
faceCenterPointY: 66
headPositionsX: [ 259, 257, 260, 261, 259, 260, 261, 259, 259, 257, 261,
    260, 257, 258, 256, 258, 262, 260, 261, 261, 260, 257, 257, 258, 259,
    259, 260, 258, 260, 258, 260, 261, 259, 259, 257, 256, 256, 258, 258,
    261, 261, 258, 257, 258, 256, 258, 258, 259, 258, 257, 260, 259, 260,
    260, 257, 254, 259, 255, 259, 257, 256, 259, 258, 257, 257, 257, 257,
    256, 257, 259, 256, 259, 262, 260, 259, 257, 257, 259, 260, 257, 257,
    254, 258, 258, 256, 261, 256, 259, 260, 258, 259, 259, 259, 257, 258,
    259, 256, 257, 258, 261 ]
headPositionsY: [ 68, 81, 79, 82, 83, 83, 83, 82, 78, 78, 79, 82, 81, 80,
    78, 83, 83, 80, 79, 82, 81, 81, 80, 79, 80, 83, 82, 80, 79, 79, 83,
    83, 82, 79, 83, 81, 81, 82, 79, 81, 80, 80, 79, 75, 72, 74, 71, 69,
    70, 69, 66, 64, 65, 65, 68, 61, 67, 63, 66, 63, 66, 66, 65, 64, 64,
    66, 66, 66, 67, 62, 64, 65, 66, 64, 67, 64, 66, 63, 67, 66, 64, 65,
    64, 63, 64, 65, 64, 68, 65, 67, 62, 69, 67, 64, 65, 65, 65, 66, 64,
    68 ]
