%YAML:1.0
---
videoName: "headLookUp9.mp4"
gestureLabel: 205
fps: 29
pixelSizeInCmTemp: 3.3732394366197183e-01
faceCenterPointX: 251
faceCenterPointY: 57
headPositionsX: [ 252, 252, 250, 251, 251, 251, 253, 250, 251, 254, 250,
    251, 251, 251, 252, 253, 252, 249, 251, 251, 251, 254, 249, 249, 253,
    249, 252, 252, 253, 251, 251, 252, 250, 253, 250, 253, 252, 253, 253,
    251, 253, 252, 249, 249, 254, 253, 254, 253, 253, 250, 252, 249, 253,
    253, 253, 253, 251, 252, 253, 250, 251, 250, 251, 249, 251, 253, 249,
    251, 251, 253, 250, 249, 251, 253, 250, 252, 249, 250, 253, 253, 250,
    250, 252, 252, 249, 251, 251, 252, 251, 253, 253, 252, 250, 251, 253,
    249, 252, 253, 251, 253 ]
headPositionsY: [ 57, 72, 73, 75, 73, 72, 72, 73, 74, 75, 76, 73, 73, 73,
    73, 75, 74, 72, 75, 73, 72, 72, 74, 72, 73, 75, 74, 74, 74, 75, 73,
    70, 71, 69, 72, 67, 68, 68, 66, 67, 67, 63, 63, 60, 59, 62, 63, 59,
    60, 59, 56, 57, 60, 56, 56, 61, 56, 57, 59, 58, 61, 57, 55, 57, 58,
    55, 57, 59, 57, 57, 58, 58, 58, 56, 58, 58, 55, 59, 58, 59, 56, 59,
    57, 55, 59, 55, 56, 58, 55, 58, 59, 58, 59, 60, 58, 55, 54, 55, 59,
    56 ]
