%YAML:1.0
---
videoName: "headLookUp8.mp4"
gestureLabel: 205
fps: 29
pixelSizeInCmTemp: 3.4214285714285714e-01
faceCenterPointX: 253
faceCenterPointY: 59
headPositionsX: [ 252, 253, 254, 252, 253, 254, 254, 253, 252, 253, 251,
    254, 252, 251, 253, 250, 255, 253, 254, 250, 249, 250, 251, 251, 254,
    252, 251, 252, 251, 254, 252, 253, 253, 252, 254, 251, 253, 252, 254,
    252, 250, 250, 250, 250, 254, 253, 250, 252, 253, 250, 250, 254, 254,
    253, 250, 253, 252, 252, 250, 251, 255, 254, 253, 251, 253, 253, 251,
    252, 253, 251, 252, 253, 250, 255, 253, 251, 254, 252, 251, 253, 254,
    255, 252, 253, 252, 255, 252, 254, 253, 254, 255, 255, 252, 251, 254,
    252, 251, 252, 252, 252 ]
headPositionsY: [ 57, 76, 77, 77, 78, 76, 77, 75, 76, 75, 74, 74, 75, 77,
    72, 71, 70, 68, 71, 72, 71, 70, 70, 67, 64, 66, 66, 67, 62, 62, 61,
    62, 63, 63, 63, 59, 59, 58, 61, 58, 59, 58, 61, 58, 59, 57, 56, 58,
    61, 59, 57, 60, 57, 59, 57, 57, 58, 61, 57, 57, 58, 59, 60, 60, 58,
    59, 58, 60, 58, 61, 60, 60, 56, 60, 59, 59, 60, 58, 61, 57, 61, 58,
    58, 56, 60, 58, 60, 59, 61, 60, 57, 60, 60, 59, 59, 60, 59, 61, 60,
    60 ]
