%YAML:1.0
---
videoName: "headLookUp1.mp4"
gestureLabel: 205
fps: 29
pixelSizeInCmTemp: 3.7421874999999999e-01
faceCenterPointX: 258
faceCenterPointY: 66
headPositionsX: [ 259, 257, 257, 259, 259, 258, 261, 257, 257, 258, 259,
    259, 258, 260, 260, 259, 262, 257, 259, 260, 258, 258, 257, 260, 257,
    258, 258, 260, 259, 258, 257, 257, 257, 257, 258, 256, 259, 260, 258,
    260, 258, 256, 260, 259, 256, 256, 257, 260, 260, 258, 257, 256, 257,
    258, 256, 254, 260, 257, 259, 258, 257, 259, 258, 260, 255, 259, 256,
    260, 259, 255, 260, 257, 262, 258, 255, 256, 258, 259, 261, 256, 261,
    258, 260, 258, 260, 257, 256, 258, 260, 259, 259, 259, 258, 255, 258,
    255, 260, 259, 259, 257 ]
headPositionsY: [ 64, 79, 80, 78, 82, 82, 83, 81, 82, 79, 81, 80, 81, 79,
    79, 81, 81, 79, 79, 83, 79, 80, 81, 81, 81, 83, 82, 84, 81, 81, 81,
    80, 82, 79, 82, 82, 79, 79, 80, 80, 81, 77, 79, 75, 72, 73, 71, 67,
    68, 69, 67, 64, 65, 66, 67, 61, 65, 66, 67, 64, 68, 65, 68, 66, 64,
    62, 67, 62, 64, 66, 65, 67, 66, 65, 67, 64, 65, 63, 64, 62, 68, 66,
    67, 66, 64, 68, 67, 64, 63, 67, 62, 66, 66, 63, 65, 66, 64, 65, 67,
    65 ]
