%YAML:1.0
---
videoName: "headLookUp8.mp4"
gestureLabel: 205
fps: 29
pixelSizeInCmTemp: 3.4214285714285714e-01
faceCenterPointX: 253
faceCenterPointY: 59
headPositionsX: [ 252, 254, 252, 253, 252, 251, 253, 254, 251, 254, 254,
    251, 250, 255, 253, 253, 253, 253, 253, 250, 249, 252, 254, 252, 252,
    250, 250, 250, 250, 251, 252, 252, 253, 253, 250, 251, 251, 253, 254,
    251, 250, 253, 252, 254, 255, 254, 254, 251, 252, 253, 252, 253, 251,
    254, 251, 253, 252, 254, 251, 251, 253, 254, 255, 254, 254, 251, 251,
    252, 252, 253, 254, 252, 253, 252, 253, 253, 255, 255, 253, 255, 251,
    253, 255, 254, 254, 254, 251, 251, 254, 252, 255, 254, 254, 255, 251,
    251, 253, 255, 255, 253 ]
headPositionsY: [ 57, 75, 76, 78, 77, 76, 78, 76, 76, 78, 78, 75, 77, 73,
    73, 70, 74, 68, 70, 70, 71, 66, 68, 67, 67, 66, 68, 66, 65, 65, 63,
    60, 63, 60, 61, 62, 61, 60, 60, 58, 57, 59, 61, 58, 61, 60, 60, 59,
    58, 57, 57, 58, 56, 57, 61, 59, 59, 61, 59, 59, 57, 57, 56, 61, 60,
    58, 60, 58, 58, 57, 57, 60, 59, 60, 57, 59, 59, 60, 59, 58, 57, 60,
    58, 56, 57, 61, 59, 61, 60, 59, 59, 60, 61, 59, 57, 61, 61, 61, 58,
    59 ]
