%YAML:1.0
---
videoName: "headLookUp0.mp4"
gestureLabel: 205
fps: 29
pixelSizeInCmTemp: 3.6846153846153845e-01
faceCenterPointX: 258
faceCenterPointY: 66
headPositionsX: [ 260, 258, 260, 261, 258, 259, 258, 258, 262, 259, 257,
    260, 260, 257, 260, 259, 258, 262, 259, 258, 261, 259, 262, 259, 257,
    257, 258, 257, 260, 261, 259, 261, 259, 258, 260, 257, 260, 260, 259,
    260, 257, 258, 259, 259, 259, 257, 260, 261, 257, 259, 258, 257, 260,
    259, 258, 260, 259, 256, 260, 256, 260, 259, 259, 257, 260, 259, 261,
    255, 258, 260, 258, 257, 256, 257, 260, 257, 256, 261, 257, 258, 260,
    260, 256, 260, 259, 257, 261, 255, 257, 258, 256, 257, 258, 260, 257,
    256, 260, 255, 256, 259 ]
headPositionsY: [ 66, 82, 80, 81, 81, 80, 83, 81, 83, 82, 79, 79, 80, 77,
    79, 78, 76, 73, 74, 72, 75, 71, 68, 68, 67, 67, 65, 67, 68, 67, 67,
    69, 66, 69, 68, 65, 66, 68, 66, 65, 66, 67, 67, 68, 65, 70, 65, 68,
    69, 66, 65, 69, 66, 66, 67, 69, 65, 67, 69, 67, 67, 66, 67, 68, 65,
    68, 70, 66, 67, 65, 66, 66, 67, 65, 69, 68, 65, 68, 70, 69, 66, 67,
    65, 69, 70, 65, 70, 68, 68, 68, 67, 66, 66, 69, 66, 68, 67, 66, 67,
    67 ]
