%YAML:1.0
---
videoName: "headLookUp4.mp4"
gestureLabel: 205
fps: 30
pixelSizeInCmTemp: 3.6846153846153845e-01
faceCenterPointX: 256
faceCenterPointY: 68
headPositionsX: [ 258, 255, 256, 258, 258, 257, 257, 258, 258, 254, 257,
    258, 258, 258, 257, 253, 257, 254, 259, 254, 256, 256, 256, 258, 255,
    255, 257, 257, 256, 255, 257, 255, 253, 253, 256, 254, 254, 254, 256,
    254, 255, 257, 255, 257, 258, 255, 257, 257, 254, 255, 257, 254, 254,
    255, 255, 254, 258, 256, 254, 256, 255, 254, 256, 256, 255, 256, 254,
    258, 257, 255, 258, 255, 256, 255, 255, 257, 256, 257, 253, 254, 255,
    254, 255, 256, 257, 257, 255, 253, 258, 257, 257, 258, 259, 255, 258,
    254, 254, 258, 257, 254 ]
headPositionsY: [ 69, 84, 80, 82, 82, 83, 82, 81, 80, 80, 83, 82, 81, 84,
    83, 82, 82, 81, 81, 81, 82, 80, 78, 79, 78, 76, 75, 76, 73, 70, 69,
    71, 71, 70, 67, 66, 67, 69, 71, 67, 70, 69, 70, 70, 69, 68, 70, 67,
    69, 65, 68, 67, 68, 69, 70, 70, 70, 70, 67, 68, 65, 66, 69, 65, 71,
    72, 71, 69, 68, 70, 67, 68, 68, 68, 68, 69, 66, 69, 67, 69, 72, 69,
    70, 69, 71, 69, 68, 70, 71, 68, 68, 67, 70, 68, 68, 68, 68, 70, 70,
    72 ]
