%YAML:1.0
---
videoName: "headLookUp5.mp4"
gestureLabel: 205
fps: 29
pixelSizeInCmTemp: 3.6287878787878786e-01
faceCenterPointX: 256
faceCenterPointY: 67
headPositionsX: [ 256, 255, 255, 257, 257, 257, 259, 254, 254, 257, 258,
    259, 254, 258, 258, 257, 256, 257, 255, 257, 256, 254, 256, 254, 256,
    254, 256, 256, 255, 255, 258, 257, 255, 258, 257, 256, 257, 257, 258,
    259, 257, 258, 255, 255, 254, 256, 254, 254, 256, 255, 255, 254, 253,
    257, 254, 254, 255, 258, 255, 255, 258, 257, 256, 256, 258, 257, 257,
    257, 257, 255, 258, 257, 259, 257, 254, 256, 257, 258, 258, 257, 256,
    258, 254, 254, 257, 254, 255, 256, 257, 256, 259, 255, 257, 257, 254,
    254, 258, 257, 258, 257 ]
headPositionsY: [ 66, 84, 81, 83, 82, 82, 83, 81, 80, 83, 82, 84, 80, 80,
    81, 81, 79, 80, 82, 82, 82, 82, 79, 81, 80, 79, 80, 79, 81, 82, 78,
    79, 77, 80, 77, 79, 76, 74, 72, 69, 68, 69, 71, 70, 65, 67, 66, 69,
    70, 69, 67, 68, 67, 66, 66, 71, 66, 67, 69, 68, 70, 65, 71, 67, 69,
    68, 67, 66, 69, 66, 68, 68, 69, 69, 66, 67, 70, 66, 64, 67, 69, 68,
    67, 69, 65, 66, 67, 68, 66, 68, 67, 68, 66, 66, 64, 67, 67, 66, 69,
    67 ]
