%YAML:1.0
---
videoName: "headLookUp0.mp4"
gestureLabel: 205
fps: 29
pixelSizeInCmTemp: 3.6846153846153845e-01
faceCenterPointX: 258
faceCenterPointY: 66
headPositionsX: [ 257, 262, 257, 260, 259, 259, 258, 259, 260, 257, 257,
    261, 258, 257, 260, 260, 257, 262, 258, 260, 258, 261, 261, 260, 258,
    259, 256, 259, 259, 261, 261, 261, 258, 259, 260, 257, 257, 261, 257,
    258, 258, 260, 261, 256, 256, 260, 257, 260, 258, 258, 260, 259, 258,
    257, 257, 261, 256, 256, 256, 258, 260, 258, 256, 259, 261, 260, 257,
    258, 258, 257, 259, 256, 260, 256, 260, 257, 257, 260, 258, 259, 258,
    261, 259, 259, 255, 260, 261, 258, 256, 257, 258, 259, 259, 259, 257,
    259, 258, 258, 260, 260 ]
headPositionsY: [ 67, 81, 82, 80, 82, 81, 79, 83, 79, 80, 80, 80, 79, 80,
    79, 79, 75, 77, 75, 72, 74, 72, 69, 71, 69, 66, 69, 69, 65, 69, 65,
    68, 68, 68, 64, 66, 64, 65, 64, 66, 69, 67, 68, 68, 67, 67, 64, 69,
    65, 68, 67, 65, 66, 69, 66, 65, 67, 64, 68, 66, 69, 70, 65, 69, 65,
    67, 67, 65, 66, 65, 63, 69, 66, 68, 69, 66, 67, 66, 66, 65, 69, 69,
    65, 67, 69, 66, 67, 66, 65, 65, 67, 67, 66, 69, 68, 65, 68, 66, 70,
    68 ]
