%YAML:1.0
---
videoName: "headLookUp8.mp4"
gestureLabel: 205
fps: 29
pixelSizeInCmTemp: 3.4214285714285714e-01
faceCenterPointX: 253
faceCenterPointY: 59
headPositionsX: [ 253, 253, 253, 255, 254, 253, 253, 251, 252, 250, 254,
    252, 253, 254, 252, 250, 254, 249, 254, 252, 252, 252, 252, 249, 250,
    254, 253, 254, 249, 253, 251, 253, 250, 252, 251, 251, 253, 251, 252,
    251, 254, 254, 251, 251, 251, 252, 251, 251, 255, 251, 254, 252, 252,
    253, 253, 252, 254, 251, 254, 252, 255, 251, 253, 252, 252, 251, 250,
    251, 250, 252, 253, 254, 251, 255, 251, 251, 255, 254, 252, 252, 251,
    254, 253, 254, 251, 253, 251, 252, 251, 253, 255, 254, 251, 253, 251,
    254, 254, 255, 253, 253 ]
headPositionsY: [ 61, 75, 76, 76, 75, 76, 76, 78, 78, 75, 75, 74, 73, 75,
    76, 71, 71, 69, 69, 68, 67, 70, 68, 69, 68, 69, 68, 64, 62, 62, 62,
    64, 63, 60, 63, 60, 63, 60, 62, 57, 57, 60, 58, 59, 57, 59, 60, 60,
    57, 57, 61, 59, 58, 56, 59, 58, 59, 58, 56, 56, 56, 61, 56, 60, 57,
    58, 60, 61, 57, 60, 58, 61, 60, 57, 61, 57, 61, 57, 61, 61, 58, 59,
    61, 59, 61, 58, 61, 59, 60, 58, 60, 57, 58, 57, 60, 59, 59, 61, 59,
    61 ]
