%YAML:1.0
---
videoName: "headLookUp4.mp4"
gestureLabel: 205
fps: 30
pixelSizeInCmTemp: 3.6846153846153845e-01
faceCenterPointX: 256
faceCenterPointY: 68
headPositionsX: [ 255, 258, 255, 259, 256, 254, 257, 257, 256, 256, 254,
    258, 256, 257, 255, 253, 255, 258, 258, 257, 256, 258, 256, 256, 256,
    254, 257, 255, 254, 254, 255, 255, 256, 255, 255, 253, 255, 254, 255,
    254, 253, 256, 258, 253, 256, 257, 255, 254, 254, 255, 256, 256, 255,
    254, 257, 254, 258, 254, 258, 254, 256, 253, 255, 256, 257, 254, 256,
    254, 254, 257, 256, 258, 257, 257, 257, 257, 257, 257, 257, 253, 253,
    256, 254, 254, 256, 257, 255, 252, 258, 255, 255, 254, 259, 256, 259,
    253, 255, 257, 254, 258 ]
headPositionsY: [ 69, 81, 81, 83, 82, 82, 84, 84, 83, 82, 83, 82, 83, 80,
    81, 84, 84, 83, 84, 81, 84, 80, 78, 81, 78, 77, 77, 73, 76, 72, 70,
    70, 68, 70, 71, 67, 67, 66, 72, 68, 69, 69, 66, 68, 66, 68, 67, 71,
    70, 66, 68, 67, 70, 69, 68, 69, 70, 70, 67, 71, 65, 68, 65, 69, 72,
    72, 71, 70, 71, 72, 68, 67, 70, 68, 66, 69, 66, 67, 66, 66, 72, 69,
    69, 69, 70, 66, 68, 68, 70, 70, 71, 67, 72, 66, 72, 70, 67, 70, 69,
    72 ]
