%YAML:1.0
---
videoName: "headLookUp5.mp4"
gestureLabel: 205
fps: 29
pixelSizeInCmTemp: 3.6287878787878786e-01
faceCenterPointX: 256
faceCenterPointY: 67
headPositionsX: [ 255, 255, 259, 255, 258, 258, 256, 258, 254, 259, 254,
    256, 256, 257, 255, 256, 258, 257, 254, 257, 258, 254, 257, 257, 256,
    258, 256, 257, 254, 256, 256, 258, 258, 254, 256, 258, 256, 258, 257,
    256, 259, 255, 255, 257, 255, 258, 255, 255, 255, 256, 256, 254, 253,
    256, 258, 258, 255, 256, 255, 254, 255, 256, 256, 256, 257, 258, 257,
    257, 254, 256, 258, 254, 259, 256, 254, 255, 255, 255, 256, 257, 258,
    257, 258, 257, 257, 257, 257, 254, 256, 257, 257, 254, 257, 255, 253,
    258, 257, 256, 256, 257 ]
headPositionsY: [ 67, 84, 82, 80, 82, 81, 82, 79, 80, 80, 84, 82, 82, 82,
    81, 79, 79, 79, 80, 81, 83, 82, 81, 81, 81, 80, 79, 81, 82, 80, 81,
    80, 80, 79, 78, 76, 78, 74, 70, 73, 71, 70, 72, 70, 67, 67, 68, 70,
    68, 70, 69, 69, 68, 68, 66, 71, 68, 66, 68, 66, 66, 68, 70, 69, 69,
    68, 68, 69, 67, 66, 69, 67, 65, 65, 67, 68, 69, 66, 65, 68, 69, 65,
    70, 68, 68, 70, 67, 68, 67, 69, 66, 69, 67, 67, 68, 68, 66, 65, 65,
    68 ]
