%YAML:1.0
---
videoName: "headLookUp9.mp4"
gestureLabel: 205
fps: 29
pixelSizeInCmTemp: 3.3732394366197183e-01
faceCenterPointX: 251
faceCenterPointY: 57
headPositionsX: [ 253, 252, 253, 249, 252, 253, 252, 252, 250, 253, 252,
    251, 252, 252, 253, 252, 252, 250, 251, 250, 251, 254, 252, 252, 250,
    251, 251, 250, 250, 252, 253, 254, 253, 250, 252, 253, 251, 249, 252,
    250, 251, 253, 253, 250, 251, 253, 251, 249, 252, 251, 254, 252, 252,
    250, 250, 250, 253, 253, 249, 252, 252, 253, 252, 251, 250, 250, 253,
    249, 252, 249, 249, 251, 250, 252, 250, 252, 250, 249, 249, 253, 251,
    252, 252, 250, 249, 251, 249, 250, 249, 251, 252, 254, 252, 253, 252,
    250, 252, 252, 250, 250 ]
headPositionsY: [ 58, 75, 72, 73, 74, 76, 73, 76, 74, 73, 75, 76, 73, 72,
    76, 72, 72, 75, 73, 72, 74, 72, 75, 74, 72, 73, 76, 73, 73, 75, 73,
    71, 73, 68, 71, 68, 68, 66, 68, 67, 68, 64, 61, 59, 62, 62, 62, 61,
    58, 61, 58, 58, 59, 60, 59, 59, 57, 60, 59, 59, 58, 55, 57, 60, 57,
    58, 59, 56, 58, 57, 58, 58, 58, 56, 59, 56, 59, 57, 56, 59, 58, 57,
    56, 55, 57, 57, 59, 56, 55, 57, 56, 55, 59, 57, 55, 55, 56, 55, 59,
    54 ]
