%YAML:1.0
---
videoName: "headLookUp8.mp4"
gestureLabel: 205
fps: 29
pixelSizeInCmTemp: 3.4214285714285714e-01
faceCenterPointX: 253
faceCenterPointY: 59
headPositionsX: [ 253, 250, 251, 255, 253, 253, 256, 251, 255, 250, 251,
    254, 250, 253, 254, 251, 255, 250, 252, 252, 249, 251, 251, 249, 251,
    252, 252, 250, 252, 252, 252, 251, 254, 254, 250, 251, 253, 252, 251,
    254, 252, 253, 253, 250, 251, 254, 251, 250, 252, 251, 251, 254, 251,
    254, 253, 251, 253, 252, 252, 253, 254, 250, 255, 252, 255, 253, 252,
    251, 252, 252, 252, 254, 251, 254, 254, 252, 253, 253, 254, 252, 253,
    252, 252, 250, 252, 251, 251, 254, 253, 252, 253, 255, 254, 251, 253,
    253, 254, 251, 252, 252 ]
headPositionsY: [ 60, 76, 78, 74, 76, 75, 75, 77, 77, 75, 78, 75, 76, 77,
    72, 74, 72, 68, 70, 68, 69, 66, 69, 68, 66, 66, 64, 65, 62, 62, 65,
    63, 62, 61, 62, 60, 60, 59, 62, 58, 57, 57, 58, 57, 58, 60, 58, 61,
    57, 58, 60, 58, 56, 56, 57, 56, 58, 59, 56, 60, 56, 58, 56, 59, 59,
    61, 58, 58, 60, 59, 57, 58, 56, 59, 59, 58, 57, 57, 61, 59, 57, 60,
    58, 58, 59, 57, 58, 58, 59, 57, 58, 60, 60, 61, 57, 58, 57, 58, 60,
    58 ]
