%YAML:1.0
---
videoName: "headLookUp9.mp4"
gestureLabel: 205
fps: 29
pixelSizeInCmTemp: 3.3732394366197183e-01
faceCenterPointX: 251
faceCenterPointY: 57
headPositionsX: [ 252, 251, 253, 251, 250, 253, 251, 249, 253, 254, 250,
    249, 251, 252, 253, 249, 252, 250, 252, 253, 254, 251, 252, 251, 252,
    251, 252, 249, 250, 254, 253, 253, 254, 252, 250, 249, 253, 250, 250,
    251, 250, 251, 253, 253, 254, 250, 254, 251, 253, 249, 254, 251, 249,
    249, 250, 249, 250, 250, 249, 249, 254, 253, 249, 249, 248, 249, 252,
    250, 250, 251, 250, 250, 252, 249, 252, 251, 249, 252, 252, 252, 250,
    251, 252, 253, 250, 250, 251, 252, 251, 251, 253, 253, 253, 254, 249,
    249, 251, 253, 253, 252 ]
headPositionsY: [ 59, 75, 74, 74, 72, 75, 74, 74, 75, 74, 75, 74, 76, 76,
    77, 75, 74, 76, 75, 73, 72, 75, 76, 73, 72, 71, 73, 73, 75, 75, 70,
    73, 70, 71, 71, 67, 69, 64, 69, 65, 67, 66, 65, 61, 59, 60, 61, 59,
    59, 58, 57, 58, 58, 56, 59, 58, 58, 58, 58, 59, 59, 57, 59, 56, 56,
    56, 59, 58, 57, 60, 55, 55, 56, 56, 59, 58, 59, 56, 56, 57, 57, 55,
    57, 59, 55, 56, 59, 55, 57, 55, 55, 56, 55, 56, 59, 55, 58, 54, 58,
    57 ]
