%YAML:1.0
---
videoName: "headLookUp7.mp4"
gestureLabel: 205
fps: 29
pixelSizeInCmTemp: 3.6846153846153845e-01
faceCenterPointX: 257
faceCenterPointY: 70
headPositionsX: [ 259, 259, 258, 258, 254, 255, 258, 258, 258, 255, 258,
    258, 258, 257, 258, 258, 258, 256, 257, 255, 255, 258, 255, 258, 255,
    256, 256, 255, 258, 258, 253, 259, 256, 253, 255, 253, 257, 256, 255,
    257, 258, 254, 257, 255, 256, 255, 255, 258, 256, 256, 253, 254, 256,
    253, 257, 259, 258, 254, 255, 253, 254, 257, 258, 255, 256, 257, 256,
    256, 254, 258, 256, 256, 255, 256, 256, 255, 255, 256, 257, 255, 258,
    254, 256, 257, 258, 259, 257, 257, 258, 259, 256, 258, 257, 256, 257,
    259, 256, 258, 259, 259 ]
headPositionsY: [ 68, 85, 81, 80, 84, 83, 81, 84, 82, 80, 82, 80, 85, 85,
    83, 81, 83, 83, 82, 80, 78, 77, 75, 75, 75, 73, 73, 70, 72, 71, 68,
    72, 72, 72, 70, 71, 69, 71, 70, 69, 69, 66, 67, 68, 67, 67, 69, 70,
    67, 70, 69, 69, 70, 70, 66, 68, 69, 71, 70, 66, 70, 69, 67, 68, 66,
    69, 66, 69, 67, 68, 69, 69, 71, 68, 70, 70, 70, 72, 71, 71, 70, 69,
    69, 72, 68, 70, 66, 71, 67, 71, 69, 68, 68, 69, 68, 70, 70, 67, 69,
    70 ]
