%YAML:1.0
---
videoName: "headLookUp4.mp4"
gestureLabel: 205
fps: 30
pixelSizeInCmTemp: 3.6846153846153845e-01
faceCenterPointX: 256
faceCenterPointY: 68
headPositionsX: [ 255, 258, 254, 258, 255, 257, 256, 258, 256, 255, 258,
    255, 258, 255, 257, 257, 256, 255, 259, 256, 257, 254, 258, 258, 257,
    256, 258, 256, 257, 255, 256, 257, 254, 253, 254, 254, 255, 256, 254,
    255, 256, 258, 254, 253, 254, 255, 258, 254, 256, 255, 253, 256, 254,
    256, 255, 257, 257, 253, 255, 257, 254, 256, 254, 255, 257, 256, 254,
    254, 254, 258, 254, 256, 257, 259, 255, 257, 253, 256, 254, 257, 257,
    255, 254, 256, 255, 255, 257, 255, 255, 254, 257, 257, 255, 253, 258,
    257, 254, 257, 256, 255 ]
headPositionsY: [ 67, 84, 81, 80, 83, 84, 80, 81, 83, 82, 81, 80, 82, 83,
    84, 82, 84, 84, 83, 83, 80, 79, 78, 80, 80, 76, 76, 75, 76, 70, 69,
    68, 69, 72, 71, 66, 66, 68, 69, 69, 66, 70, 66, 69, 68, 68, 71, 68,
    70, 66, 69, 68, 70, 67, 70, 71, 67, 71, 69, 69, 65, 69, 67, 67, 68,
    69, 69, 68, 72, 69, 68, 68, 70, 67, 69, 70, 67, 68, 67, 68, 70, 69,
    68, 67, 67, 66, 69, 69, 68, 69, 67, 70, 71, 68, 69, 68, 68, 70, 66,
    70 ]
