%YAML:1.0
---
videoName: "headLookUp7.mp4"
gestureLabel: 205
fps: 29
pixelSizeInCmTemp: 3.6846153846153845e-01
faceCenterPointX: 257
faceCenterPointY: 70
headPositionsX: [ 256, 257, 255, 256, 256, 255, 255, 257, 258, 254, 256,
    254, 255, 254, 254, 258, 254, 255, 259, 255, 255, 254, 257, 256, 257,
    259, 254, 258, 257, 256, 257, 258, 255, 253, 258, 255, 257, 255, 256,
    258, 256, 258, 258, 255, 258, 255, 255, 257, 253, 258, 257, 256, 256,
    253, 256, 255, 256, 256, 255, 256, 256, 256, 258, 255, 258, 255, 255,
    256, 254, 258, 259, 257, 256, 257, 255, 258, 258, 256, 255, 257, 255,
    254, 256, 255, 258, 259, 254, 256, 257, 256, 258, 255, 258, 259, 259,
    257, 256, 257, 257, 259 ]
headPositionsY: [ 69, 85, 85, 82, 85, 85, 81, 83, 84, 84, 81, 83, 81, 84,
    80, 84, 84, 84, 82, 79, 82, 79, 75, 76, 74, 72, 73, 73, 72, 68, 70,
    68, 71, 71, 70, 72, 68, 70, 68, 67, 68, 69, 68, 69, 67, 71, 66, 68,
    66, 71, 66, 66, 70, 69, 68, 69, 69, 68, 67, 65, 68, 71, 69, 70, 70,
    68, 68, 68, 67, 71, 71, 70, 68, 70, 67, 72, 70, 69, 70, 68, 70, 69,
    70, 70, 70, 71, 67, 72, 70, 70, 66, 70, 68, 68, 71, 70, 69, 70, 72,
    68 ]
