%YAML:1.0
---
videoName: "headLookUp3.mp4"
gestureLabel: 205
fps: 29
pixelSizeInCmTemp: 3.7421874999999999e-01
faceCenterPointX: 254
faceCenterPointY: 68
headPositionsX: [ 253, 255, 255, 257, 256, 255, 256, 257, 257, 255, 255,
    253, 253, 256, 258, 255, 258, 255, 257, 255, 258, 255, 259, 257, 258,
    257, 254, 258, 254, 258, 258, 258, 255, 257, 254, 254, 256, 258, 257,
    256, 256, 255, 257, 258, 253, 256, 258, 257, 254, 258, 253, 255, 254,
    254, 256, 255, 255, 257, 255, 254, 255, 258, 255, 257, 254, 253, 257,
    256, 255, 253, 254, 258, 254, 257, 253, 257, 256, 256, 258, 254, 256,
    255, 258, 254, 253, 253, 254, 253, 255, 256, 258, 257, 257, 254, 256,
    256, 256, 259, 257, 254 ]
headPositionsY: [ 67, 84, 83, 80, 81, 84, 81, 81, 81, 82, 84, 82, 80, 82,
    84, 81, 81, 83, 81, 80, 83, 81, 81, 84, 82, 82, 82, 82, 84, 82, 83,
    82, 83, 84, 84, 83, 80, 78, 80, 77, 80, 78, 79, 75, 71, 74, 72, 71,
    70, 70, 67, 69, 66, 69, 68, 69, 71, 67, 68, 67, 66, 68, 68, 70, 69,
    65, 65, 67, 67, 70, 67, 70, 67, 65, 67, 66, 70, 69, 67, 66, 67, 66,
    70, 67, 69, 67, 68, 68, 68, 70, 65, 65, 68, 68, 68, 69, 67, 69, 68,
    69 ]
