%YAML:1.0
---
videoName: "headLookUp1.mp4"
gestureLabel: 205
fps: 29
pixelSizeInCmTemp: 3.7421874999999999e-01
faceCenterPointX: 258
faceCenterPointY: 66
headPositionsX: [ 259, 260, 261, 257, 258, 261, 257, 258, 259, 259, 258,
    260, 258, 261, 256, 257, 259, 257, 258, 260, 257, 259, 256, 260, 257,
    260, 259, 258, 256, 256, 260, 257, 257, 257, 258, 256, 259, 257, 257,
    257, 259, 260, 261, 257, 260, 259, 259, 258, 258, 256, 259, 256, 258,
    256, 258, 258, 261, 258, 255, 257, 257, 258, 258, 257, 255, 258, 259,
    257, 258, 256, 257, 259, 258, 261, 255, 257, 259, 261, 260, 259, 259,
    256, 262, 256, 258, 257, 258, 258, 257, 260, 258, 259, 260, 258, 256,
    256, 260, 259, 256, 259 ]
headPositionsY: [ 66, 80, 79, 79, 82, 79, 81, 82, 79, 80, 79, 81, 82, 82,
    82, 79, 81, 80, 83, 81, 81, 81, 80, 82, 80, 83, 79, 80, 82, 80, 80,
    79, 80, 83, 79, 82, 81, 83, 78, 79, 78, 78, 75, 74, 75, 74, 71, 67,
    69, 66, 65, 68, 64, 64, 65, 61, 68, 62, 68, 65, 68, 63, 68, 63, 64,
    64, 66, 64, 67, 66, 68, 64, 67, 65, 69, 67, 64, 65, 64, 66, 65, 68,
    67, 66, 66, 66, 63, 66, 66, 67, 62, 70, 64, 64, 66, 67, 63, 68, 64,
    67 ]
