%YAML:1.0
---
videoName: "headLookUp0.mp4"
gestureLabel: 205
fps: 29
pixelSizeInCmTemp: 3.6846153846153845e-01
faceCenterPointX: 258
faceCenterPointY: 66
headPositionsX: [ 257, 261, 261, 259, 260, 259, 260, 257, 258, 257, 260,
    262, 260, 258, 260, 257, 260, 258, 261, 261, 257, 260, 259, 259, 257,
    260, 260, 257, 260, 260, 259, 258, 257, 256, 257, 256, 259, 259, 257,
    260, 260, 260, 258, 259, 260, 259, 257, 260, 257, 256, 257, 258, 257,
    260, 256, 261, 259, 256, 259, 260, 256, 261, 257, 257, 261, 258, 257,
    255, 259, 260, 258, 259, 257, 256, 258, 256, 258, 258, 256, 256, 256,
    261, 258, 258, 257, 257, 257, 257, 256, 256, 256, 261, 256, 258, 256,
    256, 260, 259, 256, 259 ]
headPositionsY: [ 66, 82, 81, 82, 81, 79, 79, 83, 83, 79, 81, 82, 77, 80,
    76, 76, 77, 74, 76, 74, 75, 70, 69, 67, 68, 67, 67, 67, 65, 68, 68,
    66, 68, 69, 67, 67, 67, 69, 64, 66, 65, 69, 69, 66, 68, 70, 64, 68,
    66, 70, 68, 65, 68, 67, 66, 67, 67, 68, 66, 65, 68, 69, 67, 66, 66,
    67, 66, 68, 70, 64, 64, 68, 67, 67, 68, 69, 68, 67, 68, 66, 66, 66,
    67, 67, 68, 69, 67, 69, 68, 68, 70, 70, 68, 70, 65, 66, 69, 64, 70,
    69 ]
