%YAML:1.0
---
videoName: "headLookUp6.mp4"
gestureLabel: 205
fps: 30
pixelSizeInCmTemp: 3.7421874999999999e-01
faceCenterPointX: 255
faceCenterPointY: 70
headPositionsX: [ 256, 256, 256, 257, 256, 254, 254, 255, 258, 254, 256,
    254, 257, 254, 256, 257, 258, 256, 253, 254, 256, 256, 257, 256, 253,
    253, 254, 256, 257, 258, 255, 255, 258, 256, 255, 256, 255, 254, 254,
    257, 255, 257, 254, 257, 253, 258, 254, 257, 256, 255, 254, 256, 254,
    255, 256, 257, 255, 255, 252, 254, 254, 255, 254, 254, 256, 253, 256,
    253, 253, 256, 254, 254, 255, 254, 253, 254, 255, 252, 254, 256, 254,
    255, 256, 256, 253, 253, 254, 254, 256, 255, 253, 252, 254, 255, 255,
    255, 253, 256, 253, 257 ]
headPositionsY: [ 71, 85, 84, 83, 84, 82, 83, 81, 81, 81, 82, 85, 84, 84,
    81, 84, 82, 81, 84, 84, 84, 82, 84, 82, 80, 78, 81, 77, 76, 74, 71,
    70, 70, 68, 69, 70, 70, 70, 69, 71, 69, 69, 67, 68, 72, 70, 67, 69,
    68, 66, 67, 69, 68, 70, 69, 67, 68, 70, 67, 69, 69, 68, 69, 69, 66,
    70, 69, 69, 69, 68, 67, 67, 68, 68, 69, 69, 68, 68, 67, 71, 68, 69,
    70, 68, 67, 69, 68, 70, 72, 69, 67, 69, 68, 71, 71, 71, 72, 69, 72,
    66 ]
