%YAML:1.0
---
videoName: "headLookUp4.mp4"
gestureLabel: 205
fps: 30
pixelSizeInCmTemp: 3.6846153846153845e-01
faceCenterPointX: 256
faceCenterPointY: 68
headPositionsX: [ 257, 254, 257, 255, 255, 258, 257, 256, 256, 256, 255,
    259, 259, 256, 257, 257, 257, 258, 256, 258, 258, 254, 254, 256, 258,
    258, 255, 255, 254, 257, 259, 258, 254, 253, 256, 253, 255, 255, 254,
    253, 256, 257, 256, 254, 256, 255, 257, 257, 256, 253, 254, 258, 255,
    254, 254, 254, 257, 257, 258, 253, 254, 257, 253, 257, 256, 258, 257,
    254, 256, 255, 255, 256, 255, 258, 254, 257, 255, 257, 253, 257, 255,
    254, 254, 257, 255, 256, 257, 253, 256, 258, 257, 256, 258, 254, 257,
    256, 254, 258, 253, 256 ]
headPositionsY: [ 70, 83, 81, 84, 84, 81, 84, 85, 80, 81, 82, 80, 80, 84,
    80, 83, 82, 80, 80, 84, 81, 79, 80, 79, 80, 77, 77, 74, 73, 69, 70,
    67, 67, 68, 70, 68, 67, 69, 69, 67, 69, 72, 70, 66, 66, 71, 69, 68,
    69, 67, 68, 69, 71, 67, 70, 67, 70, 68, 66, 70, 67, 65, 68, 68, 69,
    69, 68, 70, 72, 72, 67, 69, 67, 69, 69, 70, 67, 68, 65, 66, 68, 66,
    70, 68, 70, 67, 72, 69, 72, 68, 67, 71, 68, 70, 71, 68, 68, 72, 68,
    71 ]
