%YAML:1.0
---
videoName: "headLookUp9.mp4"
gestureLabel: 205
fps: 29
pixelSizeInCmTemp: 3.3732394366197183e-01
faceCenterPointX: 251
faceCenterPointY: 57
headPositionsX: [ 253, 250, 251, 253, 249, 253, 250, 252, 251, 253, 249,
    250, 253, 250, 254, 250, 250, 251, 249, 251, 250, 250, 252, 252, 252,
    249, 253, 253, 250, 254, 252, 250, 250, 250, 251, 252, 254, 250, 253,
    252, 253, 253, 253, 249, 253, 252, 254, 249, 253, 253, 250, 252, 251,
    252, 250, 253, 250, 253, 251, 250, 252, 252, 250, 251, 252, 253, 253,
    252, 251, 253, 251, 253, 250, 249, 251, 251, 249, 253, 249, 249, 250,
    251, 251, 251, 253, 249, 250, 252, 251, 252, 249, 250, 249, 254, 250,
    253, 253, 250, 252, 253 ]
headPositionsY: [ 56, 73, 73, 75, 73, 72, 74, 75, 73, 74, 73, 73, 77, 73,
    74, 76, 76, 72, 75, 73, 74, 74, 73, 75, 72, 71, 75, 72, 74, 72, 73,
    71, 70, 72, 68, 68, 67, 64, 67, 64, 64, 66, 62, 60, 59, 61, 61, 61,
    58, 60, 60, 58, 58, 59, 56, 57, 56, 59, 58, 56, 58, 57, 57, 59, 55,
    57, 56, 59, 58, 57, 55, 56, 56, 58, 59, 57, 55, 56, 56, 59, 57, 56,
    57, 58, 55, 57, 58, 56, 58, 59, 59, 59, 55, 56, 57, 57, 58, 55, 57,
    56 ]
