%YAML:1.0
---
videoName: "headLookUp9.mp4"
gestureLabel: 205
fps: 29
pixelSizeInCmTemp: 3.3732394366197183e-01
faceCenterPointX: 251
faceCenterPointY: 57
headPositionsX: [ 252, 252, 253, 251, 251, 253, 249, 250, 249, 250, 252,
    250, 250, 250, 253, 249, 253, 253, 250, 250, 253, 251, 252, 253, 253,
    251, 249, 251, 251, 253, 253, 251, 254, 253, 252, 253, 251, 251, 252,
    250, 249, 253, 251, 252, 252, 249, 252, 249, 251, 252, 251, 252, 252,
    253, 250, 253, 252, 252, 252, 252, 250, 253, 252, 249, 248, 253, 249,
    251, 251, 249, 250, 249, 250, 252, 250, 253, 253, 251, 250, 253, 252,
    251, 250, 249, 250, 248, 250, 252, 253, 252, 253, 252, 251, 251, 249,
    251, 253, 251, 253, 249 ]
headPositionsY: [ 59, 74, 72, 74, 73, 73, 75, 75, 76, 74, 72, 72, 77, 76,
    74, 74, 75, 76, 75, 76, 75, 76, 74, 72, 74, 74, 74, 75, 75, 74, 74,
    71, 71, 69, 70, 66, 68, 68, 69, 64, 65, 62, 61, 60, 63, 60, 63, 60,
    61, 58, 60, 59, 60, 60, 60, 60, 56, 59, 58, 55, 57, 56, 56, 56, 55,
    56, 58, 59, 58, 57, 58, 58, 56, 56, 58, 57, 57, 59, 59, 58, 58, 58,
    57, 55, 59, 59, 59, 57, 57, 56, 58, 55, 56, 60, 55, 56, 57, 54, 57,
    58 ]
