%YAML:1.0
---
videoName: "headLookUp1.mp4"
gestureLabel: 205
fps: 29
pixelSizeInCmTemp: 3.7421874999999999e-01
faceCenterPointX: 258
faceCenterPointY: 66
headPositionsX: [ 256, 260, 261, 261, 258, 260, 259, 261, 257, 257, 261,
    259, 258, 259, 258, 257, 258, 258, 258, 257, 257, 261, 259, 256, 259,
    261, 262, 261, 259, 258, 261, 257, 257, 258, 260, 256, 259, 257, 257,
    260, 257, 257, 259, 259, 259, 258, 257, 259, 260, 260, 259, 258, 259,
    260, 257, 254, 259, 257, 255, 259, 257, 259, 259, 257, 255, 258, 259,
    259, 257, 259, 260, 257, 260, 258, 258, 256, 258, 260, 257, 257, 259,
    257, 259, 260, 259, 261, 258, 256, 259, 261, 260, 257, 259, 258, 259,
    259, 258, 256, 256, 260 ]
headPositionsY: [ 64, 82, 81, 78, 81, 79, 82, 83, 79, 80, 81, 82, 83, 82,
    78, 79, 82, 82, 81, 83, 80, 81, 79, 79, 81, 80, 82, 80, 79, 81, 80,
    79, 82, 83, 82, 80, 81, 79, 78, 79, 78, 77, 78, 74, 72, 71, 71, 70,
    66, 65, 68, 66, 67, 68, 65, 61, 66, 63, 67, 62, 66, 62, 65, 64, 66,
    66, 64, 65, 65, 66, 65, 64, 65, 68, 67, 64, 65, 65, 68, 62, 68, 64,
    64, 65, 63, 65, 67, 65, 63, 64, 64, 68, 68, 66, 66, 67, 63, 68, 63,
    69 ]
