%YAML:1.0
---
videoName: "headLookUp6.mp4"
gestureLabel: 205
fps: 30
pixelSizeInCmTemp: 3.7421874999999999e-01
faceCenterPointX: 255
faceCenterPointY: 70
headPositionsX: [ 254, 256, 253, 254, 255, 257, 254, 257, 254, 257, 258,
    253, 254, 256, 258, 255, 258, 257, 256, 253, 252, 256, 256, 257, 253,
    256, 256, 257, 257, 255, 254, 254, 256, 257, 256, 256, 253, 257, 257,
    254, 252, 256, 256, 256, 253, 257, 255, 253, 254, 252, 253, 256, 253,
    253, 255, 256, 253, 253, 254, 254, 256, 255, 253, 255, 254, 256, 257,
    257, 255, 254, 252, 255, 256, 255, 257, 255, 253, 253, 255, 254, 256,
    252, 253, 256, 254, 252, 255, 256, 256, 257, 257, 254, 254, 256, 253,
    255, 256, 256, 252, 253 ]
headPositionsY: [ 72, 82, 80, 82, 82, 82, 83, 81, 84, 85, 81, 85, 86, 85,
    85, 81, 85, 85, 84, 82, 84, 85, 82, 82, 82, 80, 79, 76, 77, 75, 74,
    73, 71, 72, 70, 72, 69, 69, 68, 71, 67, 69, 66, 67, 70, 70, 68, 71,
    68, 67, 65, 70, 69, 71, 66, 68, 68, 72, 67, 71, 71, 71, 70, 68, 67,
    70, 72, 68, 68, 72, 68, 70, 71, 70, 71, 67, 70, 69, 66, 72, 72, 69,
    71, 68, 67, 67, 70, 70, 68, 70, 67, 71, 70, 69, 68, 71, 72, 67, 69,
    67 ]
