%YAML:1.0
---
videoName: "headLookUp2.mp4"
gestureLabel: 205
fps: 29
pixelSizeInCmTemp: 3.7421874999999999e-01
faceCenterPointX: 254
faceCenterPointY: 67
headPositionsX: [ 252, 257, 255, 255, 257, 258, 255, 253, 257, 254, 254,
    253, 255, 255, 253, 252, 256, 257, 253, 254, 255, 254, 253, 254, 257,
    257, 254, 254, 256, 256, 252, 253, 252, 256, 255, 256, 254, 255, 255,
    252, 253, 255, 252, 253, 256, 254, 256, 256, 252, 255, 252, 257, 255,
    253, 253, 253, 255, 252, 256, 255, 255, 255, 253, 253, 255, 253, 252,
    255, 253, 252, 252, 255, 250, 254, 253, 254, 252, 255, 251, 252, 256,
    255, 255, 253, 255, 251, 253, 253, 254, 253, 252, 255, 255, 257, 256,
    255, 252, 255, 255, 255 ]
headPositionsY: [ 69, 78, 81, 80, 83, 83, 82, 80, 80, 79, 84, 80, 79, 81,
    82, 83, 80, 79, 79, 83, 82, 80, 81, 82, 80, 79, 79, 80, 82, 82, 81,
    82, 80, 83, 80, 80, 82, 81, 81, 78, 81, 80, 76, 78, 76, 73, 71, 72,
    72, 70, 70, 69, 68, 67, 70, 71, 65, 69, 69, 66, 70, 65, 69, 69, 66,
    68, 70, 66, 67, 66, 66, 67, 66, 70, 69, 68, 70, 67, 67, 67, 66, 68,
    69, 66, 69, 70, 67, 69, 69, 68, 70, 67, 67, 69, 67, 67, 67, 69, 69,
    66 ]
