%YAML:1.0
---
videoName: "headLookUp7.mp4"
gestureLabel: 205
fps: 29
pixelSizeInCmTemp: 3.6846153846153845e-01
faceCenterPointX: 257
faceCenterPointY: 70
headPositionsX: [ 256, 258, 258, 257, 256, 256, 256, 255, 256, 254, 258,
    256, 257, 258, 256, 255, 255, 254, 255, 255, 255, 256, 254, 255, 255,
    257, 254, 257, 256, 256, 255, 259, 255, 253, 259, 255, 258, 257, 254,
    256, 255, 255, 257, 254, 256, 255, 258, 257, 255, 257, 257, 258, 254,
    257, 257, 259, 258, 256, 256, 255, 258, 256, 256, 255, 258, 255, 257,
    259, 257, 257, 256, 258, 257, 255, 258, 256, 257, 256, 258, 258, 258,
    258, 258, 258, 258, 259, 257, 259, 258, 257, 256, 254, 257, 258, 256,
    259, 259, 258, 259, 255 ]
headPositionsY: [ 69, 82, 83, 84, 84, 82, 82, 85, 81, 80, 84, 84, 82, 81,
    83, 85, 83, 83, 80, 77, 79, 77, 79, 75, 72, 73, 73, 72, 71, 69, 70,
    69, 68, 70, 72, 72, 67, 68, 71, 70, 66, 69, 67, 66, 67, 67, 67, 67,
    67, 69, 66, 66, 67, 70, 68, 67, 70, 70, 68, 67, 66, 72, 70, 70, 66,
    70, 70, 70, 67, 68, 71, 70, 67, 71, 70, 69, 67, 72, 67, 67, 71, 68,
    68, 70, 70, 69, 68, 70, 66, 70, 70, 71, 70, 72, 68, 72, 71, 70, 71,
    71 ]
