%YAML:1.0
---
videoName: "headLookUp9.mp4"
gestureLabel: 205
fps: 29
pixelSizeInCmTemp: 3.3732394366197183e-01
faceCenterPointX: 251
faceCenterPointY: 57
headPositionsX: [ 250, 253, 251, 251, 253, 254, 253, 251, 250, 253, 250,
    252, 251, 250, 252, 251, 250, 250, 249, 250, 254, 254, 251, 250, 252,
    252, 250, 252, 252, 254, 250, 254, 251, 251, 252, 249, 252, 253, 252,
    253, 251, 252, 252, 253, 251, 249, 251, 251, 249, 251, 252, 253, 250,
    252, 252, 252, 252, 250, 252, 249, 254, 250, 249, 251, 248, 249, 250,
    249, 253, 249, 250, 250, 251, 252, 249, 250, 253, 253, 250, 250, 251,
    252, 249, 252, 251, 248, 250, 251, 253, 253, 250, 253, 252, 250, 249,
    249, 253, 249, 251, 250 ]
headPositionsY: [ 57, 72, 71, 74, 72, 74, 72, 74, 72, 77, 73, 72, 74, 76,
    74, 76, 76, 73, 74, 73, 76, 75, 75, 76, 76, 72, 72, 72, 74, 72, 71,
    70, 69, 68, 69, 66, 66, 64, 68, 64, 65, 66, 64, 62, 63, 59, 61, 58,
    59, 59, 56, 58, 58, 59, 57, 59, 59, 60, 59, 56, 60, 59, 55, 60, 57,
    58, 56, 57, 56, 60, 58, 59, 60, 57, 57, 58, 57, 59, 55, 58, 58, 59,
    55, 56, 56, 55, 59, 59, 55, 57, 56, 59, 59, 59, 59, 57, 54, 56, 59,
    55 ]
