%YAML:1.0
---
videoName: "headLookUp3.mp4"
gestureLabel: 205
fps: 29
pixelSizeInCmTemp: 3.7421874999999999e-01
faceCenterPointX: 254
faceCenterPointY: 68
headPositionsX: [ 253, 255, 255, 256, 253, 256, 256, 256, 256, 256, 255,
    253, 257, 258, 258, 257, 254, 258, 259, 258, 258, 255, 255, 257, 255,
    256, 257, 258, 255, 254, 258, 256, 259, 259, 256, 257, 257, 256, 257,
    256, 258, 257, 257, 257, 254, 257, 254, 253, 257, 258, 256, 256, 254,
    256, 256, 257, 255, 256, 252, 256, 253, 255, 253, 258, 257, 252, 257,
    252, 254, 256, 253, 256, 256, 255, 253, 255, 254, 253, 258, 256, 257,
    254, 257, 253, 255, 253, 256, 254, 256, 257, 256, 255, 257, 258, 252,
    254, 256, 258, 253, 254 ]
headPositionsY: [ 66, 83, 83, 81, 84, 82, 83, 83, 81, 83, 80, 83, 82, 84,
    84, 81, 83, 81, 83, 79, 84, 82, 81, 80, 83, 83, 84, 83, 81, 83, 84,
    80, 83, 82, 83, 80, 80, 79, 78, 78, 79, 76, 75, 76, 72, 71, 71, 69,
    68, 67, 65, 66, 70, 67, 66, 69, 67, 64, 69, 69, 67, 66, 66, 70, 66,
    68, 64, 68, 67, 66, 70, 69, 69, 66, 68, 68, 68, 67, 69, 68, 67, 66,
    69, 69, 67, 68, 68, 68, 69, 69, 69, 65, 67, 68, 66, 66, 69, 68, 70,
    66 ]
