%YAML:1.0
---
videoName: "headLookUp4.mp4"
gestureLabel: 205
fps: 30
pixelSizeInCmTemp: 3.6846153846153845e-01
faceCenterPointX: 256
faceCenterPointY: 68
headPositionsX: [ 257, 255, 256, 259, 254, 254, 255, 256, 257, 256, 255,
    257, 256, 258, 254, 254, 254, 258, 258, 258, 257, 254, 258, 255, 257,
    254, 254, 258, 254, 254, 256, 258, 255, 255, 254, 257, 255, 256, 254,
    256, 257, 254, 257, 257, 254, 254, 257, 257, 254, 253, 253, 258, 257,
    258, 257, 258, 258, 257, 255, 255, 253, 256, 254, 255, 256, 258, 254,
    254, 258, 255, 256, 256, 254, 255, 258, 259, 256, 258, 253, 257, 255,
    255, 255, 254, 256, 258, 255, 252, 258, 257, 256, 257, 258, 256, 255,
    256, 254, 258, 257, 256 ]
headPositionsY: [ 69, 84, 81, 83, 83, 81, 83, 85, 81, 83, 80, 80, 84, 84,
    84, 84, 82, 81, 84, 83, 83, 81, 82, 82, 77, 79, 74, 74, 73, 73, 72,
    67, 71, 72, 68, 66, 68, 69, 70, 67, 69, 71, 66, 67, 68, 70, 71, 67,
    69, 69, 70, 68, 71, 69, 69, 71, 70, 68, 70, 68, 66, 69, 69, 68, 69,
    68, 70, 69, 68, 71, 69, 68, 69, 67, 66, 71, 70, 69, 66, 70, 69, 68,
    70, 71, 71, 70, 70, 69, 72, 70, 68, 68, 70, 66, 71, 68, 70, 70, 67,
    72 ]
