%YAML:1.0
---
videoName: "headLookUp5.mp4"
gestureLabel: 205
fps: 29
pixelSizeInCmTemp: 3.6287878787878786e-01
faceCenterPointX: 256
faceCenterPointY: 67
headPositionsX: [ 255, 258, 258, 255, 256, 258, 256, 256, 254, 259, 258,
    256, 256, 255, 256, 257, 257, 258, 253, 258, 257, 254, 257, 257, 254,
    255, 255, 257, 254, 255, 255, 257, 257, 258, 255, 256, 255, 256, 254,
    255, 256, 259, 256, 255, 254, 256, 252, 255, 253, 255, 258, 255, 256,
    257, 254, 258, 255, 257, 257, 255, 258, 256, 255, 257, 257, 254, 256,
    257, 253, 257, 258, 255, 259, 257, 254, 257, 259, 256, 258, 254, 256,
    254, 254, 257, 254, 257, 258, 255, 256, 255, 256, 254, 257, 254, 255,
    257, 257, 254, 257, 256 ]
headPositionsY: [ 65, 83, 82, 81, 82, 83, 82, 79, 81, 80, 82, 80, 79, 80,
    82, 81, 82, 82, 79, 82, 80, 79, 78, 80, 82, 81, 80, 83, 78, 78, 79,
    81, 80, 79, 80, 75, 76, 73, 73, 72, 71, 69, 68, 69, 69, 71, 68, 70,
    69, 71, 67, 69, 69, 70, 67, 69, 66, 69, 69, 67, 67, 69, 68, 69, 68,
    69, 67, 68, 65, 67, 65, 66, 69, 66, 67, 68, 66, 70, 63, 67, 69, 69,
    69, 68, 69, 70, 69, 67, 66, 66, 68, 69, 65, 68, 65, 67, 65, 65, 67,
    69 ]
