%YAML:1.0
---
videoName: "headLookUp4.mp4"
gestureLabel: 205
fps: 30
pixelSizeInCmTemp: 3.6846153846153845e-01
faceCenterPointX: 256
faceCenterPointY: 68
headPositionsX: [ 257, 254, 257, 257, 254, 255, 258, 256, 258, 256, 258,
    256, 257, 256, 257, 257, 258, 256, 255, 254, 257, 256, 258, 255, 255,
    256, 255, 256, 258, 256, 256, 255, 256, 253, 254, 257, 255, 256, 254,
    257, 257, 256, 256, 255, 255, 255, 258, 253, 254, 255, 255, 258, 258,
    257, 257, 257, 255, 253, 256, 255, 255, 253, 257, 257, 257, 258, 258,
    254, 257, 255, 257, 257, 254, 259, 258, 258, 256, 255, 256, 253, 253,
    254, 254, 258, 255, 254, 258, 254, 255, 256, 259, 254, 259, 255, 257,
    257, 258, 256, 255, 255 ]
headPositionsY: [ 66, 81, 83, 83, 82, 84, 84, 81, 81, 80, 83, 84, 84, 81,
    81, 84, 82, 83, 80, 83, 82, 83, 80, 78, 77, 76, 77, 75, 75, 72, 70,
    70, 69, 72, 67, 66, 69, 67, 70, 69, 68, 72, 67, 67, 69, 71, 69, 71,
    69, 66, 69, 71, 70, 67, 71, 70, 70, 70, 66, 68, 66, 66, 66, 66, 69,
    69, 71, 69, 72, 70, 68, 71, 71, 69, 68, 71, 68, 69, 66, 70, 72, 67,
    69, 68, 68, 66, 68, 69, 71, 72, 67, 71, 72, 67, 69, 67, 67, 68, 69,
    71 ]
