%YAML:1.0
---
videoName: "headLookUp9.mp4"
gestureLabel: 205
fps: 29
pixelSizeInCmTemp: 3.3732394366197183e-01
faceCenterPointX: 251
faceCenterPointY: 57
headPositionsX: [ 251, 250, 250, 253, 253, 250, 250, 252, 251, 252, 249,
    250, 253, 249, 252, 251, 251, 249, 250, 250, 251, 250, 252, 249, 252,
    249, 251, 252, 250, 251, 249, 253, 254, 253, 254, 253, 251, 251, 253,
    253, 250, 252, 253, 250, 253, 250, 252, 252, 252, 249, 250, 253, 251,
    250, 253, 249, 251, 252, 253, 250, 250, 251, 249, 252, 252, 250, 250,
    249, 253, 250, 253, 252, 250, 249, 252, 252, 250, 251, 249, 252, 252,
    251, 252, 250, 251, 248, 251, 251, 249, 250, 250, 254, 253, 250, 253,
    250, 250, 252, 250, 251 ]
headPositionsY: [ 56, 76, 74, 72, 73, 72, 73, 72, 76, 73, 73, 76, 75, 73,
    77, 74, 73, 74, 73, 72, 75, 76, 76, 76, 76, 74, 73, 72, 74, 72, 71,
    71, 73, 70, 68, 70, 67, 66, 67, 68, 64, 66, 65, 62, 59, 60, 61, 58,
    57, 61, 58, 57, 59, 57, 59, 61, 56, 59, 59, 56, 58, 57, 58, 56, 58,
    58, 56, 59, 58, 60, 57, 56, 60, 57, 59, 56, 56, 58, 55, 59, 55, 55,
    55, 59, 57, 57, 55, 59, 55, 59, 57, 59, 57, 59, 55, 55, 54, 55, 58,
    57 ]
