%YAML:1.0
---
videoName: "headLookUp0.mp4"
gestureLabel: 205
fps: 29
pixelSizeInCmTemp: 3.6846153846153845e-01
faceCenterPointX: 258
faceCenterPointY: 66
headPositionsX: [ 260, 259, 260, 259, 260, 260, 259, 261, 258, 261, 258,
    260, 259, 257, 258, 258, 260, 262, 257, 261, 261, 259, 258, 258, 258,
    257, 258, 259, 258, 262, 258, 258, 260, 257, 257, 256, 257, 260, 257,
    260, 258, 256, 261, 258, 259, 258, 260, 259, 260, 257, 260, 260, 260,
    259, 257, 260, 258, 259, 259, 256, 256, 258, 255, 259, 261, 259, 260,
    258, 257, 259, 260, 259, 260, 256, 261, 259, 256, 257, 256, 259, 258,
    259, 257, 259, 255, 258, 261, 259, 258, 258, 260, 260, 258, 257, 259,
    256, 257, 257, 256, 259 ]
headPositionsY: [ 67, 80, 82, 81, 82, 80, 82, 80, 79, 79, 78, 78, 77, 79,
    78, 79, 76, 73, 73, 75, 74, 70, 70, 67, 68, 67, 67, 66, 65, 68, 65,
    65, 67, 67, 66, 66, 65, 66, 68, 64, 67, 67, 67, 66, 65, 67, 64, 69,
    68, 68, 66, 65, 66, 68, 67, 65, 65, 67, 68, 65, 66, 70, 65, 66, 66,
    69, 70, 69, 68, 67, 65, 70, 65, 67, 67, 69, 68, 67, 67, 68, 68, 69,
    67, 68, 68, 67, 66, 70, 66, 65, 67, 70, 68, 67, 66, 66, 69, 67, 66,
    67 ]
