%YAML:1.0
---
videoName: "headLookUp4.mp4"
gestureLabel: 205
fps: 30
pixelSizeInCmTemp: 3.6846153846153845e-01
faceCenterPointX: 256
faceCenterPointY: 68
headPositionsX: [ 257, 255, 255, 256, 255, 258, 255, 259, 257, 258, 255,
    258, 257, 255, 254, 257, 257, 256, 255, 254, 256, 256, 255, 257, 254,
    258, 257, 255, 254, 255, 259, 256, 254, 256, 254, 255, 254, 258, 256,
    257, 257, 257, 254, 257, 256, 254, 254, 253, 255, 256, 254, 257, 255,
    258, 254, 256, 257, 256, 254, 253, 257, 254, 254, 255, 255, 258, 255,
    258, 256, 258, 255, 258, 255, 255, 257, 257, 256, 254, 254, 257, 254,
    255, 255, 257, 257, 254, 257, 255, 256, 255, 255, 254, 257, 253, 257,
    256, 258, 259, 255, 257 ]
headPositionsY: [ 67, 82, 83, 81, 83, 84, 84, 84, 81, 83, 84, 84, 84, 82,
    83, 80, 84, 83, 83, 80, 82, 79, 79, 82, 77, 76, 76, 74, 76, 69, 68,
    69, 68, 71, 68, 65, 67, 70, 68, 69, 66, 71, 68, 69, 67, 67, 70, 70,
    71, 69, 69, 70, 71, 70, 67, 69, 68, 71, 68, 71, 66, 69, 69, 65, 72,
    68, 71, 71, 69, 68, 67, 68, 71, 68, 65, 69, 67, 68, 68, 68, 72, 69,
    70, 68, 69, 66, 72, 67, 72, 72, 71, 67, 71, 68, 69, 70, 70, 70, 70,
    71 ]
