%YAML:1.0
---
videoName: "headLookUp0.mp4"
gestureLabel: 205
fps: 29
pixelSizeInCmTemp: 3.6846153846153845e-01
faceCenterPointX: 258
faceCenterPointY: 66
headPositionsX: [ 256, 262, 261, 257, 259, 258, 259, 260, 259, 258, 256,
    259, 259, 258, 258, 260, 258, 258, 260, 260, 257, 257, 258, 257, 260,
    260, 256, 259, 259, 260, 261, 258, 261, 258, 261, 256, 257, 260, 259,
    257, 259, 256, 261, 256, 260, 257, 256, 258, 259, 255, 259, 259, 259,
    257, 257, 258, 257, 260, 256, 259, 258, 261, 258, 258, 259, 258, 259,
    255, 261, 257, 260, 257, 258, 260, 261, 256, 256, 261, 258, 259, 256,
    260, 260, 261, 257, 257, 257, 258, 258, 260, 258, 259, 255, 257, 258,
    256, 257, 255, 256, 261 ]
headPositionsY: [ 64, 82, 82, 83, 79, 83, 81, 81, 79, 79, 82, 79, 78, 79,
    76, 78, 77, 74, 74, 74, 72, 70, 72, 69, 69, 69, 66, 68, 65, 68, 66,
    68, 66, 68, 68, 64, 66, 69, 68, 65, 65, 66, 65, 65, 66, 69, 66, 69,
    65, 68, 67, 67, 66, 68, 68, 67, 65, 66, 68, 67, 68, 67, 68, 66, 68,
    65, 70, 68, 67, 67, 66, 68, 69, 66, 66, 68, 68, 69, 67, 69, 65, 69,
    65, 69, 69, 66, 69, 68, 66, 67, 67, 68, 66, 71, 69, 65, 70, 67, 69,
    69 ]
