%YAML:1.0
---
videoName: "headLookUp0.mp4"
gestureLabel: 205
fps: 29
pixelSizeInCmTemp: 3.6846153846153845e-01
faceCenterPointX: 258
faceCenterPointY: 66
headPositionsX: [ 257, 259, 261, 258, 257, 261, 259, 260, 258, 260, 257,
    261, 257, 260, 257, 261, 257, 258, 261, 261, 259, 261, 260, 260, 260,
    260, 259, 258, 260, 260, 257, 260, 261, 258, 261, 258, 257, 261, 259,
    257, 261, 256, 260, 256, 258, 257, 258, 259, 257, 256, 259, 256, 260,
    259, 256, 260, 257, 256, 258, 259, 256, 261, 255, 258, 259, 259, 257,
    258, 261, 259, 258, 258, 256, 258, 261, 256, 256, 259, 257, 258, 256,
    259, 260, 259, 255, 256, 257, 255, 255, 258, 256, 260, 257, 257, 256,
    260, 261, 258, 257, 259 ]
headPositionsY: [ 64, 80, 78, 79, 81, 81, 81, 81, 82, 80, 79, 80, 81, 79,
    79, 76, 75, 77, 75, 75, 73, 71, 71, 70, 71, 67, 68, 68, 67, 68, 66,
    67, 68, 66, 65, 66, 68, 68, 64, 67, 66, 65, 67, 68, 65, 70, 66, 67,
    65, 70, 67, 67, 67, 65, 66, 69, 66, 64, 65, 67, 65, 66, 68, 68, 68,
    66, 70, 66, 66, 68, 65, 70, 65, 69, 69, 66, 65, 69, 67, 68, 69, 68,
    65, 70, 66, 65, 70, 66, 68, 68, 69, 67, 67, 67, 69, 67, 71, 68, 67,
    69 ]
