%YAML:1.0
---
videoName: "headLookUp5.mp4"
gestureLabel: 205
fps: 29
pixelSizeInCmTemp: 3.6287878787878786e-01
faceCenterPointX: 256
faceCenterPointY: 67
headPositionsX: [ 254, 258, 257, 257, 254, 257, 259, 256, 258, 256, 255,
    256, 257, 257, 255, 255, 254, 258, 254, 256, 255, 255, 258, 254, 255,
    257, 254, 256, 254, 255, 257, 254, 258, 257, 258, 256, 257, 254, 257,
    258, 259, 258, 255, 255, 256, 256, 256, 257, 257, 257, 256, 254, 256,
    258, 254, 258, 254, 254, 255, 254, 258, 256, 254, 254, 254, 257, 256,
    253, 253, 258, 255, 255, 255, 258, 256, 256, 259, 256, 257, 257, 257,
    258, 258, 255, 257, 256, 257, 258, 255, 257, 256, 254, 253, 255, 253,
    255, 257, 257, 255, 257 ]
headPositionsY: [ 66, 83, 83, 81, 82, 83, 80, 80, 82, 82, 83, 84, 80, 84,
    83, 81, 80, 83, 83, 81, 81, 79, 82, 83, 82, 82, 81, 79, 78, 80, 81,
    78, 80, 79, 76, 75, 78, 72, 74, 70, 68, 70, 68, 69, 69, 67, 67, 70,
    67, 71, 67, 68, 66, 70, 67, 67, 66, 66, 67, 69, 70, 67, 71, 69, 67,
    65, 66, 67, 69, 66, 69, 68, 68, 65, 70, 68, 67, 69, 67, 67, 68, 65,
    67, 70, 69, 70, 68, 67, 68, 65, 69, 66, 64, 66, 66, 65, 68, 67, 69,
    69 ]
