%YAML:1.0
---
videoName: "headLookUp4.mp4"
gestureLabel: 205
fps: 30
pixelSizeInCmTemp: 3.6846153846153845e-01
faceCenterPointX: 256
faceCenterPointY: 68
headPositionsX: [ 254, 257, 255, 255, 257, 254, 255, 258, 254, 257, 257,
    256, 259, 256, 254, 254, 257, 256, 257, 258, 256, 254, 256, 255, 257,
    254, 256, 258, 257, 255, 257, 255, 253, 257, 257, 255, 256, 258, 254,
    253, 256, 255, 256, 256, 256, 256, 255, 254, 258, 256, 253, 258, 254,
    255, 254, 256, 257, 254, 255, 257, 253, 255, 256, 258, 257, 257, 255,
    255, 256, 256, 255, 258, 255, 255, 258, 256, 257, 258, 254, 256, 253,
    254, 255, 258, 255, 254, 255, 255, 259, 254, 255, 254, 259, 255, 258,
    257, 258, 259, 253, 256 ]
headPositionsY: [ 69, 82, 83, 83, 82, 84, 80, 85, 84, 80, 80, 84, 82, 83,
    84, 82, 80, 84, 84, 84, 80, 79, 78, 79, 79, 75, 76, 75, 74, 69, 72,
    70, 67, 71, 71, 65, 66, 69, 69, 68, 69, 68, 66, 66, 67, 69, 70, 71,
    71, 66, 68, 68, 67, 69, 67, 67, 67, 72, 69, 72, 66, 65, 65, 66, 69,
    72, 71, 69, 72, 69, 70, 68, 69, 70, 67, 68, 67, 71, 66, 67, 70, 69,
    72, 71, 67, 66, 68, 66, 69, 72, 68, 67, 72, 66, 70, 67, 71, 68, 67,
    71 ]
