%YAML:1.0
---
videoName: "headLookUp8.mp4"
gestureLabel: 205
fps: 29
pixelSizeInCmTemp: 3.4214285714285714e-01
faceCenterPointX: 253
faceCenterPointY: 59
headPositionsX: [ 253, 252, 252, 254, 254, 252, 252, 253, 252, 250, 252,
    253, 250, 253, 250, 250, 252, 249, 250, 251, 250, 253, 254, 252, 253,
    253, 252, 251, 253, 251, 251, 252, 253, 251, 251, 250, 253, 254, 251,
    252, 253, 250, 250, 250, 253, 254, 253, 254, 251, 250, 254, 255, 253,
    253, 250, 254, 251, 251, 254, 252, 251, 252, 252, 252, 252, 252, 251,
    254, 252, 254, 252, 254, 253, 254, 253, 252, 255, 251, 251, 255, 253,
    255, 253, 252, 251, 255, 254, 255, 255, 254, 253, 252, 253, 253, 255,
    251, 251, 254, 254, 252 ]
headPositionsY: [ 60, 75, 75, 75, 76, 77, 76, 74, 75, 74, 78, 73, 77, 76,
    76, 72, 74, 71, 73, 70, 67, 66, 66, 66, 67, 69, 65, 66, 63, 64, 62,
    60, 61, 62, 64, 59, 63, 60, 59, 61, 57, 60, 59, 58, 59, 58, 60, 61,
    59, 56, 59, 58, 58, 57, 58, 57, 59, 59, 59, 58, 59, 58, 60, 57, 60,
    57, 56, 59, 58, 58, 60, 59, 60, 61, 57, 57, 61, 57, 57, 58, 58, 57,
    57, 57, 59, 58, 59, 60, 60, 57, 61, 58, 58, 58, 57, 59, 59, 61, 62,
    60 ]
