%YAML:1.0
---
videoName: "headLookUp7.mp4"
gestureLabel: 205
fps: 29
pixelSizeInCmTemp: 3.6846153846153845e-01
faceCenterPointX: 257
faceCenterPointY: 70
headPositionsX: [ 256, 256, 259, 254, 256, 256, 256, 257, 254, 255, 256,
    255, 255, 255, 256, 257, 256, 255, 256, 254, 257, 256, 256, 255, 255,
    257, 256, 258, 254, 254, 253, 258, 256, 254, 256, 254, 259, 253, 258,
    256, 256, 255, 254, 256, 254, 256, 257, 256, 255, 256, 256, 257, 256,
    256, 258, 258, 258, 257, 253, 257, 258, 257, 255, 256, 255, 256, 256,
    256, 255, 255, 258, 256, 254, 254, 257, 259, 256, 257, 254, 256, 256,
    254, 258, 255, 255, 255, 257, 259, 256, 257, 258, 256, 258, 257, 255,
    256, 258, 258, 256, 255 ]
headPositionsY: [ 68, 85, 84, 82, 81, 84, 81, 83, 84, 80, 82, 81, 82, 81,
    80, 85, 80, 80, 82, 80, 82, 78, 76, 78, 72, 74, 73, 73, 70, 71, 69,
    68, 70, 72, 68, 69, 68, 69, 71, 68, 70, 70, 65, 69, 69, 69, 69, 67,
    68, 69, 66, 65, 67, 66, 69, 70, 69, 67, 67, 66, 69, 72, 69, 68, 67,
    70, 69, 71, 70, 68, 69, 66, 70, 70, 71, 69, 68, 69, 68, 68, 71, 70,
    70, 71, 70, 68, 67, 71, 66, 71, 67, 68, 67, 71, 71, 69, 72, 66, 69,
    69 ]
