%YAML:1.0
---
videoName: "headLookUp2.mp4"
gestureLabel: 205
fps: 29
pixelSizeInCmTemp: 3.7421874999999999e-01
faceCenterPointX: 254
faceCenterPointY: 67
headPositionsX: [ 254, 254, 254, 257, 255, 257, 254, 255, 255, 257, 257,
    253, 255, 254, 256, 254, 256, 254, 252, 256, 253, 252, 256, 257, 253,
    253, 253, 257, 253, 253, 254, 256, 253, 252, 256, 252, 256, 255, 252,
    253, 254, 253, 253, 252, 253, 257, 257, 253, 255, 256, 256, 256, 253,
    252, 253, 255, 253, 256, 256, 253, 255, 252, 256, 254, 254, 253, 251,
    254, 256, 251, 252, 251, 251, 257, 251, 250, 252, 253, 251, 255, 255,
    254, 254, 253, 256, 255, 254, 257, 253, 253, 252, 252, 251, 255, 253,
    256, 255, 255, 254, 253 ]
headPositionsY: [ 69, 81, 79, 81, 83, 82, 82, 82, 80, 80, 80, 82, 80, 80,
    80, 80, 83, 83, 82, 81, 83, 80, 80, 79, 82, 81, 79, 79, 82, 82, 83,
    79, 80, 81, 81, 82, 81, 80, 81, 79, 78, 81, 78, 77, 78, 77, 71, 71,
    71, 68, 69, 68, 67, 66, 70, 68, 66, 71, 67, 66, 69, 67, 67, 68, 70,
    70, 66, 66, 67, 68, 69, 66, 66, 67, 70, 70, 69, 69, 70, 70, 66, 67,
    67, 65, 68, 69, 66, 65, 67, 70, 68, 66, 69, 69, 69, 64, 65, 67, 70,
    65 ]
