%YAML:1.0
---
videoName: "headLookUp4.mp4"
gestureLabel: 205
fps: 30
pixelSizeInCmTemp: 3.6846153846153845e-01
faceCenterPointX: 256
faceCenterPointY: 68
headPositionsX: [ 258, 254, 255, 257, 255, 256, 257, 259, 255, 256, 256,
    258, 256, 258, 257, 253, 258, 255, 256, 255, 255, 255, 256, 254, 254,
    256, 256, 255, 254, 255, 258, 258, 255, 256, 256, 253, 256, 255, 253,
    255, 253, 254, 254, 257, 254, 256, 254, 255, 254, 256, 255, 254, 258,
    256, 254, 258, 256, 253, 257, 254, 257, 253, 255, 254, 256, 254, 256,
    258, 255, 256, 255, 258, 255, 257, 254, 256, 253, 255, 255, 256, 257,
    254, 255, 257, 257, 255, 256, 256, 256, 257, 255, 254, 255, 255, 256,
    255, 257, 257, 253, 254 ]
headPositionsY: [ 69, 81, 80, 84, 83, 81, 84, 81, 84, 80, 82, 81, 82, 83,
    84, 80, 81, 80, 83, 81, 83, 83, 79, 82, 79, 77, 77, 72, 74, 72, 70,
    71, 71, 70, 68, 67, 67, 70, 69, 67, 67, 68, 67, 68, 67, 71, 71, 67,
    69, 67, 71, 69, 71, 71, 71, 68, 66, 69, 70, 72, 65, 69, 69, 65, 69,
    70, 70, 69, 71, 69, 70, 68, 70, 67, 68, 70, 67, 67, 66, 68, 68, 68,
    68, 68, 71, 66, 72, 68, 69, 72, 71, 69, 68, 70, 72, 69, 68, 71, 67,
    72 ]
