%YAML:1.0
---
videoName: "headLookUp6.mp4"
gestureLabel: 205
fps: 30
pixelSizeInCmTemp: 3.7421874999999999e-01
faceCenterPointX: 255
faceCenterPointY: 70
headPositionsX: [ 256, 257, 254, 258, 257, 257, 253, 256, 257, 254, 257,
    257, 258, 256, 254, 257, 255, 255, 256, 255, 254, 256, 255, 256, 255,
    254, 255, 254, 255, 257, 257, 257, 257, 256, 256, 256, 256, 256, 253,
    257, 256, 256, 252, 253, 256, 257, 251, 254, 256, 255, 252, 252, 254,
    254, 255, 253, 252, 256, 252, 252, 255, 255, 252, 256, 253, 254, 257,
    256, 256, 256, 252, 256, 257, 252, 256, 252, 253, 254, 254, 255, 254,
    256, 254, 253, 253, 252, 252, 253, 257, 254, 255, 256, 254, 255, 255,
    254, 255, 253, 254, 257 ]
headPositionsY: [ 70, 84, 83, 84, 81, 84, 82, 81, 81, 85, 84, 85, 82, 82,
    84, 85, 81, 85, 82, 85, 84, 85, 83, 83, 82, 81, 78, 77, 77, 74, 75,
    71, 70, 70, 70, 71, 72, 66, 71, 70, 69, 67, 68, 67, 68, 69, 67, 71,
    69, 68, 65, 71, 71, 70, 66, 69, 71, 72, 69, 69, 67, 69, 69, 71, 68,
    69, 70, 70, 67, 71, 70, 70, 69, 68, 70, 69, 69, 69, 68, 72, 71, 70,
    70, 72, 70, 70, 68, 69, 68, 70, 68, 68, 68, 70, 68, 69, 68, 70, 69,
    68 ]
