%YAML:1.0
---
videoName: "headLookUp7.mp4"
gestureLabel: 205
fps: 29
pixelSizeInCmTemp: 3.6846153846153845e-01
faceCenterPointX: 257
faceCenterPointY: 70
headPositionsX: [ 255, 259, 258, 257, 258, 257, 257, 258, 258, 255, 256,
    254, 255, 256, 258, 257, 258, 254, 258, 258, 255, 258, 254, 256, 254,
    259, 257, 257, 256, 254, 256, 257, 259, 255, 258, 255, 256, 255, 258,
    255, 256, 256, 258, 254, 254, 255, 254, 257, 255, 256, 255, 256, 255,
    256, 258, 258, 255, 256, 254, 253, 257, 256, 256, 259, 255, 259, 256,
    255, 255, 257, 255, 258, 257, 258, 256, 258, 256, 254, 258, 259, 255,
    258, 259, 255, 257, 258, 258, 257, 256, 258, 255, 255, 258, 255, 257,
    259, 259, 258, 259, 258 ]
headPositionsY: [ 71, 85, 85, 82, 85, 81, 84, 81, 83, 82, 81, 82, 82, 85,
    81, 84, 80, 80, 81, 78, 80, 76, 77, 74, 74, 75, 73, 72, 71, 67, 68,
    68, 71, 71, 72, 72, 67, 67, 68, 69, 66, 68, 66, 68, 70, 68, 67, 70,
    69, 68, 70, 67, 67, 69, 70, 69, 68, 69, 70, 65, 70, 72, 69, 70, 67,
    68, 68, 67, 69, 72, 69, 68, 71, 69, 68, 71, 67, 71, 67, 69, 71, 69,
    67, 69, 69, 70, 67, 69, 66, 69, 66, 69, 67, 69, 71, 69, 72, 68, 68,
    67 ]
