%YAML:1.0
---
videoName: "headLookUp9.mp4"
gestureLabel: 205
fps: 29
pixelSizeInCmTemp: 3.3732394366197183e-01
faceCenterPointX: 251
faceCenterPointY: 57
headPositionsX: [ 251, 254, 252, 251, 251, 253, 253, 250, 252, 251, 249,
    250, 253, 251, 254, 253, 250, 251, 252, 251, 250, 250, 253, 251, 250,
    250, 250, 249, 250, 251, 252, 253, 251, 253, 254, 249, 253, 251, 253,
    251, 253, 254, 253, 251, 253, 253, 253, 250, 250, 253, 252, 250, 252,
    250, 251, 252, 249, 249, 253, 250, 252, 251, 250, 252, 252, 250, 249,
    253, 251, 251, 253, 250, 251, 253, 249, 250, 249, 253, 253, 253, 251,
    251, 253, 249, 251, 252, 249, 249, 250, 250, 250, 253, 252, 251, 253,
    249, 253, 251, 252, 253 ]
headPositionsY: [ 59, 72, 75, 71, 75, 74, 75, 74, 76, 75, 72, 73, 77, 73,
    77, 75, 75, 76, 76, 75, 73, 72, 75, 72, 75, 71, 73, 74, 73, 73, 71,
    71, 70, 68, 72, 69, 66, 64, 69, 68, 67, 65, 63, 59, 62, 59, 61, 60,
    59, 59, 59, 61, 58, 58, 56, 59, 59, 59, 57, 56, 57, 57, 57, 58, 56,
    58, 55, 57, 58, 57, 55, 57, 59, 56, 58, 56, 58, 55, 58, 55, 55, 57,
    59, 58, 59, 55, 59, 56, 59, 55, 57, 56, 55, 57, 58, 57, 56, 58, 58,
    56 ]
