%YAML:1.0
---
videoName: "headLookUp5.mp4"
gestureLabel: 205
fps: 29
pixelSizeInCmTemp: 3.6287878787878786e-01
faceCenterPointX: 256
faceCenterPointY: 67
headPositionsX: [ 256, 255, 258, 257, 255, 256, 256, 258, 255, 256, 254,
    258, 256, 256, 255, 257, 255, 258, 253, 255, 259, 258, 254, 254, 256,
    258, 258, 256, 256, 253, 256, 255, 255, 256, 256, 254, 258, 256, 254,
    258, 258, 257, 254, 257, 257, 258, 254, 255, 254, 255, 257, 257, 255,
    254, 256, 256, 253, 256, 256, 255, 258, 256, 256, 255, 256, 254, 258,
    256, 255, 254, 255, 257, 258, 254, 258, 256, 257, 258, 255, 257, 258,
    258, 258, 256, 256, 258, 257, 257, 256, 256, 258, 256, 254, 256, 256,
    257, 258, 254, 254, 254 ]
headPositionsY: [ 65, 84, 81, 80, 80, 80, 81, 83, 83, 81, 84, 84, 79, 82,
    82, 80, 82, 79, 79, 83, 83, 81, 78, 83, 83, 79, 82, 83, 81, 80, 81,
    80, 80, 78, 78, 75, 76, 76, 74, 72, 69, 71, 71, 69, 67, 68, 69, 70,
    68, 68, 69, 68, 69, 69, 67, 69, 69, 68, 68, 70, 66, 67, 70, 66, 69,
    68, 67, 65, 67, 65, 65, 68, 66, 69, 68, 69, 66, 66, 65, 67, 65, 66,
    70, 68, 65, 69, 66, 70, 66, 66, 70, 69, 66, 68, 64, 64, 68, 68, 65,
    68 ]
