%YAML:1.0
---
videoName: "headLookUp9.mp4"
gestureLabel: 205
fps: 29
pixelSizeInCmTemp: 3.3732394366197183e-01
faceCenterPointX: 251
faceCenterPointY: 57
headPositionsX: [ 253, 253, 250, 252, 251, 252, 251, 252, 252, 253, 250,
    252, 251, 252, 252, 252, 250, 249, 251, 249, 252, 253, 251, 251, 254,
    249, 253, 249, 251, 252, 250, 253, 250, 253, 251, 253, 250, 252, 252,
    251, 252, 250, 253, 253, 251, 253, 252, 251, 249, 253, 254, 250, 250,
    250, 251, 253, 249, 249, 249, 250, 254, 253, 252, 252, 252, 252, 251,
    250, 250, 250, 249, 249, 250, 250, 252, 252, 252, 251, 252, 253, 251,
    249, 249, 252, 251, 248, 252, 252, 251, 250, 251, 253, 252, 251, 249,
    250, 251, 253, 251, 253 ]
headPositionsY: [ 55, 73, 72, 73, 74, 75, 74, 72, 75, 76, 76, 74, 75, 76,
    75, 75, 76, 72, 72, 72, 75, 72, 74, 76, 72, 73, 74, 71, 72, 71, 71,
    72, 69, 68, 72, 69, 69, 67, 65, 66, 68, 66, 65, 62, 63, 61, 63, 61,
    60, 60, 56, 57, 57, 58, 57, 57, 59, 58, 58, 56, 59, 56, 58, 58, 55,
    59, 56, 55, 55, 56, 58, 59, 59, 59, 59, 54, 59, 59, 55, 59, 57, 55,
    59, 57, 59, 55, 55, 55, 55, 57, 56, 56, 56, 60, 59, 58, 54, 54, 55,
    56 ]
