%YAML:1.0
---
videoName: "headLookUp1.mp4"
gestureLabel: 205
fps: 29
pixelSizeInCmTemp: 3.7421874999999999e-01
faceCenterPointX: 258
faceCenterPointY: 66
headPositionsX: [ 259, 256, 259, 259, 260, 259, 260, 260, 257, 260, 258,
    258, 257, 258, 257, 261, 260, 260, 258, 259, 259, 259, 256, 259, 258,
    258, 258, 259, 257, 256, 260, 261, 261, 261, 260, 259, 258, 260, 258,
    260, 259, 258, 260, 256, 260, 256, 259, 260, 260, 257, 258, 256, 259,
    260, 256, 258, 259, 256, 255, 255, 259, 258, 258, 257, 258, 258, 259,
    257, 259, 259, 259, 257, 260, 259, 259, 255, 257, 260, 258, 257, 259,
    257, 258, 258, 257, 257, 256, 258, 260, 260, 257, 260, 257, 256, 259,
    255, 260, 259, 259, 260 ]
headPositionsY: [ 67, 81, 81, 81, 83, 79, 82, 83, 82, 80, 81, 83, 81, 81,
    78, 80, 83, 81, 83, 80, 82, 81, 83, 81, 79, 80, 81, 82, 79, 78, 80,
    83, 81, 82, 80, 82, 81, 83, 79, 82, 80, 78, 78, 77, 75, 73, 70, 70,
    69, 69, 69, 67, 63, 67, 68, 64, 65, 66, 68, 63, 69, 65, 65, 65, 68,
    64, 68, 64, 68, 65, 68, 66, 66, 64, 67, 63, 64, 63, 65, 63, 68, 66,
    65, 67, 62, 65, 63, 66, 67, 67, 66, 70, 67, 67, 67, 66, 67, 67, 63,
    69 ]
