%YAML:1.0
---
videoName: "headLookUp0.mp4"
gestureLabel: 205
fps: 29
pixelSizeInCmTemp: 3.6846153846153845e-01
faceCenterPointX: 258
faceCenterPointY: 66
headPositionsX: [ 260, 258, 258, 258, 259, 260, 258, 258, 260, 261, 260,
    260, 257, 259, 256, 259, 258, 260, 258, 260, 260, 260, 259, 261, 259,
    261, 260, 261, 260, 262, 260, 257, 261, 260, 258, 257, 261, 259, 260,
    259, 259, 256, 260, 258, 260, 256, 259, 261, 260, 257, 257, 260, 258,
    256, 259, 258, 258, 256, 257, 258, 259, 259, 259, 260, 258, 259, 258,
    259, 257, 257, 261, 259, 257, 256, 261, 257, 260, 258, 257, 259, 258,
    260, 257, 261, 255, 257, 257, 259, 256, 257, 259, 257, 256, 256, 259,
    256, 257, 258, 256, 259 ]
headPositionsY: [ 68, 80, 79, 83, 80, 80, 81, 81, 81, 79, 82, 80, 80, 78,
    76, 78, 75, 75, 72, 72, 72, 70, 70, 71, 70, 70, 66, 67, 68, 68, 68,
    66, 66, 68, 65, 68, 68, 67, 66, 66, 65, 69, 67, 69, 66, 67, 67, 65,
    65, 66, 65, 68, 65, 66, 70, 69, 66, 67, 66, 67, 66, 67, 68, 70, 65,
    65, 68, 67, 68, 66, 64, 70, 69, 69, 68, 67, 65, 69, 68, 65, 68, 68,
    68, 67, 70, 69, 69, 67, 67, 69, 70, 68, 67, 67, 65, 65, 69, 65, 70,
    70 ]
