%YAML:1.0
---
videoName: "headLookUp0.mp4"
gestureLabel: 205
fps: 29
pixelSizeInCmTemp: 3.6846153846153845e-01
faceCenterPointX: 258
faceCenterPointY: 66
headPositionsX: [ 259, 262, 261, 261, 257, 261, 261, 259, 261, 257, 258,
    262, 260, 259, 259, 257, 261, 262, 261, 262, 260, 258, 261, 260, 259,
    257, 259, 259, 260, 262, 260, 260, 259, 258, 257, 257, 261, 260, 256,
    258, 261, 257, 262, 255, 256, 259, 260, 261, 258, 256, 256, 259, 260,
    256, 256, 260, 257, 260, 257, 257, 257, 258, 259, 261, 259, 259, 259,
    258, 259, 260, 261, 260, 260, 259, 260, 258, 258, 257, 255, 256, 256,
    260, 257, 260, 257, 258, 261, 256, 255, 256, 257, 259, 257, 260, 256,
    256, 259, 258, 257, 260 ]
headPositionsY: [ 66, 80, 81, 81, 78, 82, 82, 82, 80, 79, 78, 82, 81, 80,
    75, 76, 76, 75, 74, 71, 75, 69, 71, 70, 67, 67, 68, 68, 67, 70, 65,
    67, 68, 67, 65, 68, 68, 65, 67, 66, 68, 68, 65, 67, 65, 67, 66, 65,
    68, 68, 65, 66, 68, 65, 68, 65, 67, 66, 69, 65, 65, 67, 68, 67, 67,
    67, 69, 66, 68, 64, 67, 67, 68, 66, 69, 70, 68, 70, 66, 69, 68, 68,
    69, 68, 70, 66, 67, 68, 66, 68, 68, 68, 69, 70, 68, 65, 69, 66, 66,
    70 ]
