%YAML:1.0
---
videoName: "headLookUp7.mp4"
gestureLabel: 205
fps: 29
pixelSizeInCmTemp: 3.6846153846153845e-01
faceCenterPointX: 257
faceCenterPointY: 70
headPositionsX: [ 257, 259, 255, 258, 258, 255, 255, 257, 257, 256, 255,
    254, 257, 257, 256, 259, 257, 255, 258, 256, 255, 258, 258, 257, 256,
    258, 254, 257, 257, 257, 257, 257, 259, 257, 257, 253, 255, 256, 255,
    254, 258, 255, 254, 258, 254, 256, 254, 256, 257, 257, 253, 256, 253,
    255, 255, 259, 254, 254, 253, 257, 258, 259, 256, 259, 255, 258, 258,
    258, 257, 254, 259, 255, 255, 258, 256, 256, 254, 258, 254, 257, 255,
    256, 257, 255, 256, 255, 254, 259, 255, 255, 256, 256, 257, 256, 255,
    258, 260, 255, 259, 258 ]
headPositionsY: [ 71, 81, 84, 82, 85, 84, 83, 84, 82, 83, 83, 82, 81, 81,
    83, 82, 80, 81, 83, 77, 82, 80, 78, 74, 76, 71, 73, 73, 69, 68, 69,
    70, 70, 71, 68, 70, 71, 70, 69, 66, 69, 66, 66, 68, 69, 70, 67, 69,
    70, 69, 67, 69, 70, 67, 67, 70, 68, 71, 66, 65, 67, 71, 66, 69, 68,
    70, 69, 68, 68, 71, 69, 70, 69, 71, 67, 72, 67, 71, 69, 69, 68, 72,
    69, 72, 69, 67, 66, 68, 67, 72, 66, 70, 70, 72, 69, 71, 72, 68, 69,
    70 ]
