%YAML:1.0
---
videoName: "headLookUp5.mp4"
gestureLabel: 205
fps: 29
pixelSizeInCmTemp: 3.6287878787878786e-01
faceCenterPointX: 256
faceCenterPointY: 67
headPositionsX: [ 257, 258, 256, 255, 257, 259, 255, 257, 254, 258, 256,
    258, 254, 257, 255, 257, 258, 258, 257, 257, 258, 257, 258, 255, 256,
    256, 257, 254, 257, 253, 254, 258, 255, 254, 256, 255, 255, 257, 255,
    258, 259, 257, 258, 255, 254, 256, 256, 257, 256, 258, 255, 257, 257,
    254, 254, 255, 254, 254, 255, 257, 258, 254, 254, 257, 258, 255, 254,
    257, 253, 255, 257, 256, 259, 257, 256, 255, 259, 258, 255, 256, 257,
    255, 255, 256, 255, 255, 256, 254, 254, 254, 255, 256, 253, 254, 254,
    255, 254, 255, 257, 255 ]
headPositionsY: [ 65, 80, 81, 81, 80, 84, 83, 79, 80, 81, 81, 80, 80, 82,
    80, 81, 82, 81, 83, 80, 83, 81, 78, 83, 81, 83, 83, 81, 79, 78, 81,
    79, 81, 79, 78, 76, 75, 74, 74, 72, 72, 69, 70, 68, 65, 70, 69, 67,
    67, 68, 69, 67, 70, 70, 66, 71, 66, 66, 70, 70, 66, 67, 67, 67, 66,
    66, 66, 69, 68, 68, 67, 69, 65, 67, 69, 68, 68, 70, 64, 70, 65, 68,
    70, 66, 68, 66, 69, 66, 69, 65, 70, 67, 68, 68, 64, 68, 65, 69, 67,
    65 ]
