%YAML:1.0
---
videoName: "headLookUp9.mp4"
gestureLabel: 205
fps: 29
pixelSizeInCmTemp: 3.3732394366197183e-01
faceCenterPointX: 251
faceCenterPointY: 57
headPositionsX: [ 251, 250, 254, 251, 250, 251, 250, 249, 252, 252, 250,
    251, 251, 249, 250, 251, 253, 249, 250, 249, 253, 250, 253, 251, 252,
    250, 251, 250, 250, 254, 249, 250, 254, 251, 254, 253, 254, 250, 253,
    253, 249, 254, 249, 249, 250, 250, 251, 252, 252, 250, 254, 251, 249,
    251, 251, 252, 249, 249, 251, 252, 253, 250, 252, 251, 249, 250, 253,
    250, 252, 253, 250, 249, 250, 249, 253, 249, 251, 252, 249, 252, 253,
    251, 251, 253, 250, 251, 252, 249, 249, 250, 253, 253, 253, 253, 253,
    250, 249, 249, 252, 250 ]
headPositionsY: [ 58, 76, 72, 71, 72, 76, 73, 73, 75, 77, 76, 73, 75, 73,
    77, 72, 75, 72, 74, 75, 76, 74, 72, 72, 76, 72, 75, 74, 73, 72, 71,
    71, 72, 69, 71, 68, 69, 66, 67, 68, 65, 64, 61, 61, 62, 58, 59, 60,
    61, 60, 60, 58, 60, 60, 57, 61, 58, 58, 55, 58, 58, 58, 59, 56, 59,
    56, 56, 55, 59, 58, 58, 58, 60, 55, 56, 58, 59, 55, 56, 55, 58, 58,
    55, 58, 55, 58, 57, 56, 56, 58, 59, 59, 56, 57, 55, 59, 58, 58, 59,
    58 ]
