%YAML:1.0
---
videoName: "headLookUp8.mp4"
gestureLabel: 205
fps: 29
pixelSizeInCmTemp: 3.4214285714285714e-01
faceCenterPointX: 253
faceCenterPointY: 59
headPositionsX: [ 255, 253, 251, 254, 252, 255, 253, 254, 252, 253, 253,
    251, 253, 251, 253, 251, 252, 251, 254, 251, 251, 254, 251, 251, 250,
    254, 254, 250, 253, 251, 253, 252, 254, 254, 254, 253, 251, 251, 254,
    250, 254, 251, 251, 250, 255, 254, 252, 252, 251, 253, 252, 253, 253,
    253, 253, 251, 253, 252, 253, 254, 252, 254, 254, 253, 254, 254, 254,
    253, 251, 254, 252, 252, 254, 254, 254, 251, 254, 254, 251, 253, 252,
    251, 254, 253, 251, 255, 255, 254, 252, 251, 253, 255, 253, 252, 252,
    254, 251, 251, 254, 254 ]
headPositionsY: [ 59, 77, 76, 78, 76, 77, 79, 75, 78, 76, 78, 77, 75, 74,
    74, 74, 74, 69, 70, 71, 69, 68, 66, 66, 65, 67, 64, 66, 62, 65, 62,
    60, 63, 63, 64, 59, 60, 60, 62, 58, 58, 59, 60, 60, 58, 57, 58, 59,
    59, 58, 57, 58, 58, 57, 61, 59, 60, 57, 59, 60, 56, 59, 56, 60, 57,
    60, 58, 58, 59, 57, 60, 61, 58, 61, 61, 59, 61, 60, 60, 58, 57, 61,
    59, 59, 61, 60, 58, 61, 58, 61, 60, 58, 57, 58, 59, 61, 57, 57, 60,
    59 ]
