%YAML:1.0
---
videoName: "headLookUp3.mp4"
gestureLabel: 205
fps: 29
pixelSizeInCmTemp: 3.7421874999999999e-01
faceCenterPointX: 254
faceCenterPointY: 68
headPositionsX: [ 254, 257, 254, 253, 255, 257, 254, 254, 254, 253, 257,
    253, 255, 256, 257, 258, 254, 255, 258, 258, 259, 257, 256, 257, 258,
    255, 256, 257, 258, 254, 255, 256, 256, 257, 254, 257, 255, 256, 254,
    256, 254, 256, 253, 255, 254, 255, 254, 255, 255, 256, 255, 257, 257,
    257, 253, 258, 253, 254, 256, 253, 253, 256, 252, 257, 255, 256, 257,
    253, 255, 255, 252, 256, 253, 257, 253, 255, 255, 257, 256, 254, 258,
    256, 254, 254, 256, 254, 254, 255, 254, 256, 255, 258, 258, 257, 256,
    253, 255, 255, 254, 255 ]
headPositionsY: [ 67, 83, 84, 80, 84, 84, 83, 82, 81, 79, 83, 82, 83, 83,
    80, 84, 82, 84, 84, 81, 83, 81, 82, 83, 82, 83, 83, 79, 81, 81, 81,
    80, 84, 80, 84, 82, 81, 82, 78, 79, 78, 76, 76, 76, 74, 71, 69, 72,
    69, 69, 68, 70, 68, 67, 68, 69, 70, 64, 68, 65, 64, 69, 68, 66, 67,
    67, 67, 65, 66, 70, 68, 68, 67, 65, 65, 67, 67, 66, 67, 67, 69, 66,
    66, 65, 69, 65, 69, 66, 67, 70, 68, 65, 68, 67, 67, 67, 69, 70, 68,
    68 ]
