%YAML:1.0
---
videoName: "headLookUp6.mp4"
gestureLabel: 205
fps: 30
pixelSizeInCmTemp: 3.7421874999999999e-01
faceCenterPointX: 255
faceCenterPointY: 70
headPositionsX: [ 253, 253, 257, 256, 258, 254, 255, 256, 258, 253, 257,
    255, 254, 255, 257, 256, 258, 255, 254, 257, 256, 253, 256, 253, 254,
    256, 256, 257, 255, 255, 256, 258, 255, 255, 256, 255, 256, 256, 254,
    257, 252, 254, 256, 256, 254, 254, 252, 254, 256, 253, 254, 256, 256,
    253, 255, 257, 253, 256, 253, 253, 255, 255, 253, 255, 253, 255, 254,
    256, 253, 256, 253, 252, 254, 255, 257, 256, 254, 255, 255, 255, 254,
    255, 253, 256, 257, 252, 254, 253, 255, 255, 257, 255, 255, 255, 254,
    256, 253, 256, 252, 256 ]
headPositionsY: [ 69, 82, 83, 84, 84, 84, 84, 85, 84, 85, 81, 81, 82, 86,
    83, 85, 84, 85, 86, 82, 80, 83, 82, 83, 81, 80, 80, 77, 78, 73, 75,
    72, 74, 71, 67, 69, 69, 67, 71, 68, 69, 71, 67, 70, 69, 68, 68, 69,
    71, 67, 68, 69, 70, 68, 69, 68, 67, 68, 68, 71, 68, 67, 66, 67, 69,
    68, 68, 69, 69, 71, 66, 67, 72, 67, 67, 67, 67, 70, 68, 71, 70, 70,
    67, 70, 71, 67, 71, 71, 68, 68, 71, 68, 69, 70, 68, 70, 72, 66, 68,
    69 ]
