%YAML:1.0
---
videoName: "headLookUp6.mp4"
gestureLabel: 205
fps: 30
pixelSizeInCmTemp: 3.7421874999999999e-01
faceCenterPointX: 255
faceCenterPointY: 70
headPositionsX: [ 254, 257, 253, 255, 256, 256, 255, 254, 258, 256, 255,
    255, 258, 254, 254, 254, 257, 255, 255, 253, 255, 255, 256, 253, 253,
    253, 254, 258, 257, 255, 255, 254, 258, 255, 252, 255, 257, 255, 255,
    255, 254, 253, 256, 255, 253, 254, 252, 256, 257, 255, 252, 256, 256,
    257, 252, 256, 254, 255, 254, 252, 253, 253, 256, 255, 253, 255, 255,
    256, 257, 254, 253, 253, 255, 252, 256, 255, 254, 253, 256, 253, 257,
    254, 254, 256, 254, 253, 256, 255, 257, 255, 255, 255, 254, 254, 253,
    254, 252, 255, 255, 254 ]
headPositionsY: [ 72, 85, 84, 84, 82, 83, 82, 82, 81, 81, 83, 81, 82, 85,
    84, 85, 83, 81, 84, 82, 83, 81, 81, 80, 81, 79, 77, 77, 74, 73, 72,
    70, 73, 72, 69, 69, 70, 68, 67, 68, 70, 69, 70, 67, 70, 68, 67, 70,
    70, 68, 65, 70, 67, 70, 67, 67, 71, 69, 70, 72, 71, 70, 68, 68, 70,
    67, 70, 68, 69, 69, 68, 71, 70, 70, 71, 67, 70, 68, 67, 69, 69, 68,
    68, 72, 69, 68, 67, 72, 69, 68, 70, 72, 71, 69, 71, 69, 69, 67, 72,
    68 ]
