%YAML:1.0
---
videoName: "headLookUp0.mp4"
gestureLabel: 205
fps: 29
pixelSizeInCmTemp: 3.6846153846153845e-01
faceCenterPointX: 258
faceCenterPointY: 66
headPositionsX: [ 256, 262, 260, 260, 257, 257, 259, 259, 258, 259, 259,
    260, 257, 258, 260, 257, 259, 260, 258, 258, 257, 261, 259, 258, 260,
    258, 257, 260, 258, 262, 259, 258, 259, 260, 258, 257, 259, 257, 256,
    258, 261, 256, 258, 259, 256, 256, 259, 259, 259, 255, 260, 259, 258,
    260, 258, 259, 260, 260, 256, 257, 256, 260, 255, 259, 261, 256, 261,
    256, 257, 260, 257, 257, 259, 260, 261, 256, 257, 259, 255, 258, 258,
    259, 256, 260, 255, 260, 258, 255, 258, 257, 259, 261, 259, 260, 256,
    259, 257, 255, 259, 258 ]
headPositionsY: [ 66, 80, 81, 83, 79, 83, 83, 79, 83, 81, 80, 79, 77, 78,
    78, 79, 75, 74, 72, 72, 72, 73, 71, 67, 71, 70, 69, 68, 68, 67, 67,
    66, 66, 66, 67, 68, 67, 65, 65, 66, 69, 68, 69, 67, 68, 68, 67, 66,
    69, 67, 66, 67, 68, 65, 66, 69, 68, 65, 65, 65, 68, 70, 67, 70, 68,
    65, 66, 65, 66, 65, 63, 66, 69, 67, 70, 66, 66, 69, 67, 66, 67, 67,
    69, 66, 66, 65, 70, 67, 68, 69, 69, 69, 66, 67, 65, 68, 71, 64, 67,
    69 ]
