%YAML:1.0
---
videoName: "headLookUp6.mp4"
gestureLabel: 205
fps: 30
pixelSizeInCmTemp: 3.7421874999999999e-01
faceCenterPointX: 255
faceCenterPointY: 70
headPositionsX: [ 255, 256, 255, 254, 255, 258, 255, 257, 254, 254, 257,
    255, 257, 255, 256, 255, 255, 253, 253, 253, 253, 253, 256, 255, 255,
    255, 254, 254, 257, 257, 256, 256, 257, 257, 256, 253, 256, 257, 254,
    255, 255, 255, 254, 257, 254, 257, 253, 255, 254, 252, 256, 256, 254,
    253, 255, 257, 255, 257, 252, 255, 256, 256, 254, 257, 252, 257, 254,
    253, 255, 256, 254, 254, 258, 254, 257, 254, 255, 253, 256, 253, 258,
    254, 256, 257, 256, 252, 255, 255, 257, 255, 256, 256, 255, 253, 253,
    252, 254, 253, 256, 256 ]
headPositionsY: [ 72, 84, 83, 81, 84, 81, 81, 81, 84, 84, 84, 82, 86, 85,
    85, 81, 85, 84, 83, 81, 80, 85, 82, 80, 81, 79, 80, 76, 77, 75, 72,
    70, 73, 69, 69, 70, 72, 66, 69, 69, 67, 67, 66, 70, 68, 67, 67, 70,
    71, 68, 65, 71, 67, 71, 70, 68, 71, 70, 70, 68, 70, 71, 69, 71, 66,
    68, 72, 70, 67, 69, 66, 67, 69, 69, 70, 68, 70, 71, 68, 70, 68, 70,
    71, 72, 71, 66, 71, 72, 69, 67, 67, 68, 68, 72, 71, 68, 72, 70, 71,
    68 ]
