%YAML:1.0
---
videoName: "headLookUp9.mp4"
gestureLabel: 205
fps: 29
pixelSizeInCmTemp: 3.3732394366197183e-01
faceCenterPointX: 251
faceCenterPointY: 57
headPositionsX: [ 253, 253, 251, 253, 250, 254, 250, 250, 249, 251, 249,
    251, 251, 251, 251, 253, 250, 253, 253, 249, 252, 250, 249, 252, 252,
    252, 253, 253, 251, 251, 251, 250, 250, 252, 253, 251, 251, 250, 254,
    251, 249, 250, 249, 253, 252, 251, 253, 251, 250, 253, 250, 251, 253,
    249, 249, 251, 250, 249, 252, 253, 254, 253, 252, 251, 251, 252, 252,
    249, 250, 251, 250, 252, 252, 252, 252, 251, 251, 252, 249, 250, 250,
    252, 250, 252, 251, 248, 251, 249, 249, 250, 253, 251, 253, 254, 250,
    250, 252, 253, 253, 251 ]
headPositionsY: [ 57, 76, 75, 74, 73, 73, 75, 76, 72, 75, 76, 74, 75, 73,
    75, 75, 73, 75, 72, 76, 75, 76, 75, 72, 75, 71, 73, 74, 73, 72, 72,
    72, 71, 72, 70, 68, 67, 65, 65, 64, 68, 63, 64, 63, 62, 59, 62, 58,
    58, 58, 59, 61, 60, 57, 58, 59, 60, 58, 58, 57, 58, 59, 59, 60, 59,
    55, 57, 57, 59, 58, 56, 56, 58, 56, 59, 55, 56, 58, 56, 55, 58, 55,
    58, 56, 56, 56, 57, 58, 55, 59, 58, 55, 58, 59, 57, 56, 57, 57, 59,
    54 ]
