%YAML:1.0
---
videoName: "headLookUp9.mp4"
gestureLabel: 205
fps: 29
pixelSizeInCmTemp: 3.3732394366197183e-01
faceCenterPointX: 251
faceCenterPointY: 57
headPositionsX: [ 251, 254, 252, 250, 250, 250, 250, 253, 252, 254, 252,
    250, 251, 249, 253, 249, 249, 251, 249, 249, 251, 253, 252, 251, 253,
    253, 251, 251, 253, 254, 253, 253, 251, 253, 250, 252, 253, 249, 251,
    251, 250, 252, 252, 250, 250, 250, 254, 252, 250, 249, 253, 250, 251,
    252, 251, 250, 250, 250, 251, 253, 254, 250, 253, 250, 252, 249, 249,
    251, 249, 252, 251, 253, 254, 250, 251, 252, 249, 251, 253, 249, 253,
    251, 252, 250, 253, 251, 250, 253, 252, 252, 252, 252, 252, 254, 250,
    253, 251, 252, 254, 251 ]
headPositionsY: [ 55, 74, 74, 75, 75, 75, 76, 75, 73, 76, 75, 75, 74, 72,
    73, 74, 75, 76, 73, 76, 75, 72, 74, 72, 74, 72, 74, 75, 72, 71, 71,
    74, 69, 70, 72, 69, 66, 64, 68, 65, 65, 66, 65, 62, 63, 58, 59, 59,
    61, 57, 60, 58, 59, 57, 59, 61, 57, 57, 58, 59, 61, 56, 57, 57, 57,
    59, 57, 56, 56, 56, 56, 58, 56, 56, 55, 55, 59, 59, 55, 59, 55, 55,
    58, 57, 55, 55, 59, 57, 57, 55, 57, 58, 57, 58, 55, 55, 55, 55, 57,
    55 ]
