%YAML:1.0
---
videoName: "headLookUp9.mp4"
gestureLabel: 205
fps: 29
pixelSizeInCmTemp: 3.3732394366197183e-01
faceCenterPointX: 251
faceCenterPointY: 57
headPositionsX: [ 249, 252, 253, 252, 250, 254, 249, 253, 252, 251, 253,
    252, 250, 250, 254, 251, 250, 250, 249, 251, 252, 252, 253, 252, 252,
    250, 250, 251, 249, 254, 250, 251, 251, 252, 254, 253, 251, 250, 251,
    251, 249, 252, 249, 252, 252, 250, 253, 251, 251, 252, 252, 249, 251,
    252, 251, 252, 251, 249, 252, 251, 252, 250, 249, 251, 251, 250, 249,
    251, 253, 252, 252, 251, 253, 249, 252, 249, 251, 250, 249, 251, 253,
    253, 253, 251, 252, 252, 253, 253, 253, 251, 250, 253, 252, 254, 251,
    251, 252, 253, 250, 253 ]
headPositionsY: [ 58, 73, 74, 74, 73, 73, 76, 73, 76, 77, 75, 74, 77, 72,
    76, 75, 72, 73, 76, 75, 73, 76, 72, 75, 75, 74, 76, 73, 73, 72, 71,
    71, 70, 72, 70, 66, 67, 64, 67, 65, 64, 65, 64, 60, 60, 58, 61, 60,
    59, 60, 60, 59, 59, 60, 57, 59, 59, 59, 59, 56, 60, 56, 56, 60, 55,
    58, 56, 59, 56, 59, 59, 55, 56, 59, 58, 57, 56, 58, 56, 57, 59, 57,
    58, 59, 59, 57, 57, 58, 56, 56, 58, 59, 57, 57, 55, 58, 58, 57, 55,
    58 ]
