%YAML:1.0
---
videoName: "headLookUp9.mp4"
gestureLabel: 205
fps: 29
pixelSizeInCmTemp: 3.3732394366197183e-01
faceCenterPointX: 251
faceCenterPointY: 57
headPositionsX: [ 252, 252, 252, 249, 250, 251, 250, 253, 251, 254, 253,
    251, 253, 250, 251, 253, 251, 252, 252, 252, 253, 252, 250, 253, 251,
    250, 250, 249, 253, 254, 251, 252, 250, 250, 253, 251, 253, 250, 252,
    252, 251, 253, 252, 251, 252, 251, 253, 250, 249, 252, 254, 250, 249,
    249, 251, 251, 253, 251, 250, 251, 253, 251, 252, 251, 252, 251, 249,
    251, 249, 251, 251, 253, 253, 249, 249, 251, 250, 252, 252, 250, 252,
    250, 253, 249, 253, 249, 250, 251, 249, 252, 250, 254, 252, 250, 252,
    253, 250, 250, 253, 250 ]
headPositionsY: [ 56, 76, 75, 71, 75, 73, 73, 74, 73, 77, 76, 73, 74, 74,
    75, 73, 74, 75, 76, 76, 76, 74, 74, 72, 74, 75, 76, 74, 74, 73, 70,
    70, 72, 70, 70, 69, 68, 66, 66, 68, 66, 64, 63, 60, 60, 58, 59, 62,
    61, 60, 59, 61, 59, 60, 57, 58, 60, 59, 55, 58, 61, 56, 56, 59, 57,
    56, 59, 55, 59, 58, 59, 55, 56, 55, 56, 57, 55, 57, 58, 58, 58, 56,
    55, 59, 55, 58, 57, 59, 58, 56, 56, 59, 58, 57, 57, 58, 56, 55, 59,
    56 ]
