%YAML:1.0
---
videoName: "headLookUp4.mp4"
gestureLabel: 205
fps: 30
pixelSizeInCmTemp: 3.6846153846153845e-01
faceCenterPointX: 256
faceCenterPointY: 68
headPositionsX: [ 258, 254, 256, 257, 255, 258, 256, 257, 254, 258, 256,
    256, 259, 258, 254, 254, 257, 257, 259, 256, 258, 255, 257, 256, 255,
    255, 257, 255, 257, 256, 257, 257, 256, 257, 254, 254, 257, 258, 256,
    257, 254, 257, 258, 256, 255, 258, 257, 253, 258, 256, 255, 257, 257,
    258, 258, 254, 254, 256, 255, 256, 256, 257, 257, 257, 257, 256, 256,
    256, 258, 257, 254, 254, 255, 259, 255, 257, 256, 254, 256, 256, 256,
    255, 255, 257, 254, 255, 256, 256, 258, 257, 256, 254, 256, 257, 258,
    253, 258, 256, 256, 255 ]
headPositionsY: [ 68, 82, 84, 81, 80, 83, 82, 81, 81, 84, 81, 81, 80, 82,
    80, 84, 83, 83, 84, 82, 83, 79, 78, 82, 78, 75, 78, 75, 73, 72, 70,
    67, 70, 70, 70, 66, 69, 68, 72, 71, 70, 69, 67, 69, 70, 70, 67, 68,
    67, 69, 68, 68, 71, 71, 68, 67, 68, 72, 69, 68, 65, 67, 67, 65, 71,
    68, 72, 69, 71, 68, 71, 68, 67, 71, 66, 71, 67, 69, 65, 68, 71, 68,
    68, 68, 67, 69, 68, 70, 70, 70, 69, 70, 68, 67, 69, 68, 71, 69, 67,
    72 ]
