%YAML:1.0
---
videoName: "headLookUp1.mp4"
gestureLabel: 205
fps: 29
pixelSizeInCmTemp: 3.7421874999999999e-01
faceCenterPointX: 258
faceCenterPointY: 66
headPositionsX: [ 256, 257, 258, 261, 258, 259, 257, 260, 256, 259, 260,
    257, 257, 259, 260, 258, 258, 256, 261, 258, 258, 260, 256, 259, 258,
    259, 262, 258, 257, 258, 261, 257, 259, 260, 258, 257, 256, 257, 257,
    260, 257, 258, 257, 259, 258, 260, 256, 261, 258, 257, 261, 259, 259,
    260, 256, 255, 259, 257, 257, 255, 258, 257, 258, 260, 255, 259, 259,
    257, 257, 257, 256, 258, 259, 258, 258, 255, 258, 257, 258, 256, 261,
    254, 258, 260, 257, 261, 259, 257, 256, 261, 256, 256, 258, 256, 256,
    259, 259, 260, 255, 258 ]
headPositionsY: [ 68, 82, 82, 81, 81, 80, 80, 82, 80, 79, 82, 83, 81, 79,
    79, 83, 80, 78, 82, 82, 81, 81, 79, 80, 82, 80, 81, 84, 81, 82, 80,
    81, 81, 79, 80, 81, 80, 83, 80, 78, 77, 76, 75, 77, 75, 74, 70, 71,
    69, 67, 65, 66, 65, 66, 67, 64, 65, 62, 67, 62, 65, 63, 67, 66, 65,
    66, 67, 63, 64, 66, 67, 64, 63, 66, 67, 65, 67, 65, 68, 63, 67, 67,
    68, 65, 66, 65, 63, 68, 65, 67, 66, 68, 65, 66, 65, 67, 65, 66, 63,
    68 ]
