%YAML:1.0
---
videoName: "headLookUp4.mp4"
gestureLabel: 205
fps: 30
pixelSizeInCmTemp: 3.6846153846153845e-01
faceCenterPointX: 256
faceCenterPointY: 68
headPositionsX: [ 257, 256, 254, 256, 256, 256, 257, 259, 258, 255, 258,
    255, 256, 256, 254, 256, 254, 258, 257, 257, 256, 257, 258, 258, 255,
    256, 254, 257, 258, 254, 258, 256, 253, 255, 255, 257, 255, 258, 254,
    256, 257, 255, 257, 256, 254, 254, 258, 253, 255, 255, 256, 254, 255,
    254, 257, 257, 258, 257, 256, 256, 257, 253, 253, 257, 257, 254, 258,
    255, 254, 256, 254, 256, 258, 258, 255, 256, 256, 254, 255, 256, 254,
    254, 255, 255, 258, 255, 255, 253, 258, 258, 256, 257, 256, 255, 258,
    255, 256, 259, 256, 256 ]
headPositionsY: [ 68, 80, 83, 83, 80, 83, 82, 83, 84, 81, 80, 80, 80, 84,
    83, 82, 84, 81, 80, 84, 81, 83, 82, 81, 80, 77, 78, 75, 75, 71, 70,
    69, 69, 69, 69, 66, 65, 68, 70, 71, 68, 71, 70, 70, 66, 69, 69, 71,
    71, 66, 68, 68, 67, 67, 67, 69, 67, 70, 70, 69, 65, 68, 69, 65, 68,
    72, 72, 70, 72, 70, 70, 68, 68, 68, 69, 71, 68, 71, 66, 70, 72, 68,
    70, 69, 67, 66, 68, 66, 72, 70, 69, 69, 68, 70, 70, 67, 68, 69, 66,
    72 ]
