%YAML:1.0
---
videoName: "headLookUp8.mp4"
gestureLabel: 205
fps: 29
pixelSizeInCmTemp: 3.4214285714285714e-01
faceCenterPointX: 253
faceCenterPointY: 59
headPositionsX: [ 253, 252, 253, 251, 251, 254, 253, 252, 255, 251, 254,
    254, 254, 252, 252, 254, 251, 249, 253, 250, 251, 253, 250, 252, 254,
    250, 251, 250, 252, 254, 253, 251, 250, 251, 253, 250, 250, 250, 252,
    254, 253, 254, 254, 252, 255, 254, 250, 252, 251, 249, 252, 252, 252,
    252, 252, 252, 251, 252, 252, 254, 252, 252, 255, 250, 252, 252, 252,
    254, 253, 251, 254, 252, 252, 254, 251, 254, 255, 251, 255, 255, 251,
    253, 254, 250, 252, 252, 254, 255, 255, 251, 253, 254, 254, 255, 251,
    253, 254, 254, 255, 252 ]
headPositionsY: [ 57, 77, 76, 75, 74, 78, 76, 74, 74, 77, 76, 76, 73, 75,
    74, 70, 71, 71, 69, 69, 68, 66, 69, 69, 64, 67, 64, 67, 63, 63, 63,
    62, 62, 63, 60, 59, 61, 61, 61, 60, 61, 59, 61, 59, 57, 60, 58, 59,
    61, 57, 61, 59, 59, 56, 58, 56, 59, 57, 56, 56, 58, 57, 60, 58, 57,
    61, 59, 57, 61, 61, 60, 59, 59, 59, 60, 61, 59, 57, 57, 58, 58, 59,
    60, 59, 60, 59, 60, 61, 58, 58, 57, 59, 61, 58, 60, 61, 61, 59, 60,
    60 ]
