%YAML:1.0
---
videoName: "headLookUp0.mp4"
gestureLabel: 205
fps: 29
pixelSizeInCmTemp: 3.6846153846153845e-01
faceCenterPointX: 258
faceCenterPointY: 66
headPositionsX: [ 260, 260, 257, 261, 260, 261, 259, 259, 261, 258, 258,
    258, 259, 261, 259, 259, 257, 262, 257, 259, 260, 257, 260, 261, 257,
    260, 259, 261, 261, 262, 261, 261, 258, 259, 257, 259, 257, 257, 257,
    259, 257, 259, 260, 259, 260, 258, 258, 260, 260, 255, 257, 260, 257,
    258, 256, 260, 256, 260, 258, 260, 256, 258, 255, 260, 259, 256, 257,
    256, 259, 258, 261, 259, 256, 256, 258, 259, 260, 258, 257, 259, 256,
    261, 256, 260, 255, 256, 259, 256, 258, 256, 259, 260, 257, 256, 256,
    257, 257, 258, 256, 259 ]
headPositionsY: [ 68, 82, 78, 83, 79, 83, 81, 83, 81, 79, 81, 81, 80, 81,
    78, 75, 77, 75, 72, 71, 71, 69, 69, 71, 70, 66, 67, 67, 66, 70, 68,
    65, 65, 69, 68, 65, 65, 68, 66, 64, 66, 66, 65, 67, 65, 68, 65, 68,
    65, 70, 65, 68, 69, 65, 67, 66, 68, 67, 67, 69, 67, 66, 66, 66, 69,
    68, 66, 68, 68, 68, 64, 68, 69, 66, 69, 66, 66, 66, 70, 65, 68, 68,
    68, 66, 67, 66, 66, 68, 65, 66, 67, 66, 70, 68, 66, 68, 67, 68, 70,
    68 ]
