%YAML:1.0
---
videoName: "headLookUp1.mp4"
gestureLabel: 205
fps: 29
pixelSizeInCmTemp: 3.7421874999999999e-01
faceCenterPointX: 258
faceCenterPointY: 66
headPositionsX: [ 259, 256, 259, 261, 260, 260, 260, 261, 257, 259, 257,
    259, 257, 261, 258, 257, 260, 260, 257, 257, 257, 258, 260, 260, 257,
    259, 262, 259, 259, 256, 258, 258, 258, 258, 258, 257, 256, 259, 258,
    260, 257, 256, 257, 257, 259, 259, 257, 260, 258, 258, 259, 259, 257,
    257, 259, 256, 261, 257, 257, 257, 257, 257, 260, 258, 256, 260, 256,
    258, 260, 259, 258, 259, 260, 261, 255, 255, 259, 259, 259, 257, 259,
    258, 262, 260, 256, 259, 256, 255, 257, 258, 259, 258, 259, 258, 257,
    258, 260, 259, 257, 260 ]
headPositionsY: [ 67, 80, 83, 80, 84, 83, 82, 80, 78, 80, 81, 82, 84, 83,
    79, 81, 82, 78, 81, 81, 79, 82, 79, 78, 82, 80, 83, 83, 79, 78, 83,
    83, 80, 82, 79, 78, 79, 79, 81, 81, 81, 79, 75, 75, 72, 74, 70, 68,
    67, 68, 65, 67, 67, 65, 69, 64, 68, 65, 65, 63, 69, 63, 69, 65, 67,
    62, 67, 62, 64, 65, 64, 65, 65, 64, 69, 67, 67, 63, 65, 66, 68, 68,
    64, 65, 65, 67, 67, 68, 63, 66, 64, 66, 64, 63, 65, 67, 67, 68, 65,
    66 ]
