%YAML:1.0
---
videoName: "headLookUp6.mp4"
gestureLabel: 205
fps: 30
pixelSizeInCmTemp: 3.7421874999999999e-01
faceCenterPointX: 255
faceCenterPointY: 70
headPositionsX: [ 256, 256, 257, 255, 255, 256, 255, 254, 258, 257, 255,
    257, 255, 256, 255, 255, 254, 253, 253, 257, 256, 253, 258, 254, 257,
    253, 255, 255, 255, 257, 256, 256, 257, 256, 254, 257, 257, 255, 256,
    255, 255, 255, 255, 254, 256, 255, 255, 257, 253, 252, 252, 254, 257,
    256, 255, 254, 253, 257, 254, 255, 255, 253, 255, 255, 253, 253, 254,
    254, 257, 256, 254, 253, 256, 252, 256, 252, 253, 256, 254, 256, 257,
    256, 256, 256, 256, 251, 253, 253, 257, 256, 254, 253, 254, 254, 254,
    256, 253, 256, 252, 256 ]
headPositionsY: [ 71, 81, 83, 81, 82, 81, 85, 84, 84, 84, 83, 83, 85, 83,
    85, 84, 82, 84, 85, 82, 84, 82, 85, 84, 79, 80, 79, 76, 77, 75, 74,
    73, 74, 69, 70, 69, 69, 67, 69, 71, 70, 71, 67, 67, 68, 67, 66, 67,
    67, 67, 69, 71, 69, 70, 67, 68, 68, 71, 68, 71, 71, 68, 66, 67, 70,
    71, 70, 66, 68, 68, 66, 69, 68, 68, 71, 70, 69, 68, 67, 68, 68, 69,
    68, 68, 69, 69, 68, 69, 69, 69, 70, 70, 70, 69, 69, 68, 68, 70, 72,
    68 ]
