%YAML:1.0
---
videoName: "headLookUp8.mp4"
gestureLabel: 205
fps: 29
pixelSizeInCmTemp: 3.4214285714285714e-01
faceCenterPointX: 253
faceCenterPointY: 59
headPositionsX: [ 253, 252, 255, 255, 251, 252, 253, 253, 252, 254, 253,
    253, 250, 253, 250, 252, 254, 249, 253, 253, 251, 254, 253, 253, 252,
    253, 254, 252, 253, 251, 252, 252, 253, 252, 252, 252, 253, 253, 250,
    254, 253, 250, 250, 253, 252, 254, 253, 254, 252, 251, 254, 255, 251,
    252, 251, 251, 253, 254, 252, 254, 254, 254, 254, 253, 252, 253, 251,
    255, 254, 253, 253, 253, 252, 253, 250, 253, 254, 251, 251, 254, 255,
    254, 252, 252, 251, 254, 251, 252, 251, 251, 255, 254, 251, 251, 255,
    253, 254, 252, 251, 251 ]
headPositionsY: [ 58, 75, 77, 74, 75, 76, 78, 75, 76, 75, 76, 77, 73, 75,
    75, 71, 71, 69, 70, 71, 71, 69, 67, 65, 67, 68, 66, 66, 65, 64, 63,
    61, 60, 64, 60, 62, 59, 60, 62, 60, 59, 60, 60, 59, 61, 60, 56, 62,
    58, 60, 60, 59, 57, 57, 57, 56, 57, 61, 59, 58, 57, 57, 57, 61, 60,
    57, 57, 61, 61, 60, 58, 59, 58, 61, 57, 57, 61, 61, 61, 57, 61, 57,
    58, 60, 59, 60, 61, 57, 58, 60, 58, 60, 61, 61, 57, 57, 58, 57, 60,
    59 ]
