%YAML:1.0
---
videoName: "headLookUp9.mp4"
gestureLabel: 205
fps: 29
pixelSizeInCmTemp: 3.3732394366197183e-01
faceCenterPointX: 251
faceCenterPointY: 57
headPositionsX: [ 253, 254, 250, 250, 249, 252, 253, 253, 252, 254, 249,
    252, 252, 253, 250, 252, 249, 251, 251, 249, 254, 254, 249, 251, 253,
    251, 250, 249, 252, 254, 252, 250, 251, 251, 253, 252, 250, 249, 253,
    250, 253, 253, 250, 250, 254, 251, 252, 253, 250, 252, 250, 250, 250,
    250, 252, 251, 249, 253, 249, 251, 254, 253, 249, 253, 252, 250, 252,
    252, 250, 252, 253, 253, 250, 251, 251, 249, 253, 251, 252, 253, 251,
    250, 249, 251, 253, 252, 249, 249, 249, 251, 253, 254, 250, 250, 252,
    251, 251, 252, 253, 249 ]
headPositionsY: [ 56, 76, 72, 71, 72, 73, 75, 75, 74, 76, 74, 73, 74, 76,
    75, 75, 72, 74, 75, 75, 72, 74, 73, 74, 72, 72, 76, 74, 76, 74, 74,
    71, 72, 71, 72, 66, 66, 65, 69, 68, 65, 65, 63, 60, 61, 62, 59, 58,
    57, 60, 57, 58, 58, 56, 58, 58, 60, 56, 59, 58, 58, 58, 59, 57, 58,
    59, 59, 58, 57, 58, 59, 55, 56, 55, 55, 57, 57, 56, 57, 59, 58, 55,
    58, 58, 59, 59, 59, 57, 56, 56, 58, 57, 59, 57, 59, 58, 58, 55, 58,
    58 ]
