%YAML:1.0
---
videoName: "headLookUp0.mp4"
gestureLabel: 205
fps: 29
pixelSizeInCmTemp: 3.6846153846153845e-01
faceCenterPointX: 258
faceCenterPointY: 66
headPositionsX: [ 260, 258, 261, 258, 258, 258, 259, 259, 259, 261, 256,
    260, 259, 261, 259, 260, 259, 260, 259, 258, 261, 260, 261, 259, 260,
    257, 256, 258, 257, 259, 257, 257, 259, 256, 261, 260, 257, 261, 259,
    256, 258, 260, 261, 255, 258, 257, 256, 258, 260, 258, 256, 258, 260,
    260, 256, 259, 260, 258, 256, 256, 258, 261, 257, 261, 257, 258, 258,
    255, 258, 256, 260, 256, 257, 260, 257, 255, 258, 260, 258, 256, 260,
    259, 257, 260, 259, 257, 260, 258, 258, 259, 259, 258, 255, 259, 257,
    257, 259, 258, 256, 258 ]
headPositionsY: [ 68, 82, 80, 82, 81, 83, 80, 80, 79, 80, 82, 79, 81, 79,
    79, 79, 79, 75, 72, 74, 71, 70, 68, 68, 70, 66, 68, 67, 65, 67, 68,
    66, 64, 65, 66, 64, 64, 68, 66, 64, 66, 66, 66, 67, 67, 69, 64, 67,
    66, 67, 69, 65, 66, 65, 68, 69, 67, 67, 66, 67, 68, 66, 69, 66, 68,
    66, 67, 65, 68, 66, 67, 68, 67, 69, 69, 67, 66, 70, 67, 65, 68, 66,
    68, 69, 70, 66, 67, 66, 68, 67, 68, 66, 66, 69, 67, 69, 71, 68, 68,
    67 ]
