%YAML:1.0
---
videoName: "headLookUp9.mp4"
gestureLabel: 205
fps: 29
pixelSizeInCmTemp: 3.3732394366197183e-01
faceCenterPointX: 251
faceCenterPointY: 57
headPositionsX: [ 253, 250, 254, 250, 250, 250, 250, 250, 252, 251, 249,
    249, 254, 252, 250, 251, 249, 250, 249, 250, 250, 253, 253, 251, 253,
    252, 253, 253, 252, 253, 249, 251, 251, 250, 254, 250, 253, 249, 250,
    250, 250, 250, 253, 251, 251, 251, 250, 253, 251, 251, 252, 253, 252,
    249, 253, 252, 250, 253, 250, 250, 250, 250, 251, 253, 252, 252, 252,
    253, 253, 251, 250, 251, 252, 253, 251, 251, 252, 253, 251, 252, 252,
    250, 249, 253, 253, 252, 250, 250, 250, 250, 250, 250, 251, 251, 251,
    253, 249, 251, 250, 253 ]
headPositionsY: [ 59, 73, 73, 71, 74, 72, 74, 72, 75, 74, 74, 73, 74, 76,
    74, 76, 74, 72, 74, 74, 75, 76, 72, 73, 75, 74, 73, 75, 76, 72, 70,
    70, 73, 72, 70, 69, 67, 68, 66, 65, 66, 65, 61, 61, 60, 61, 62, 58,
    60, 60, 58, 57, 58, 56, 59, 59, 56, 57, 57, 55, 60, 57, 59, 56, 59,
    58, 57, 57, 57, 59, 55, 58, 60, 56, 59, 54, 58, 59, 56, 55, 58, 58,
    58, 56, 57, 59, 58, 57, 58, 59, 57, 58, 57, 60, 58, 57, 57, 57, 57,
    58 ]
