%YAML:1.0
---
videoName: "headLookUp5.mp4"
gestureLabel: 205
fps: 29
pixelSizeInCmTemp: 3.6287878787878786e-01
faceCenterPointX: 256
faceCenterPointY: 67
headPositionsX: [ 255, 258, 259, 256, 256, 259, 258, 255, 257, 258, 255,
    255, 254, 255, 258, 254, 258, 258, 253, 254, 256, 258, 255, 254, 258,
    258, 255, 254, 258, 256, 257, 257, 254, 254, 254, 255, 256, 255, 256,
    258, 255, 256, 254, 257, 254, 255, 253, 257, 257, 257, 257, 257, 255,
    258, 254, 258, 257, 255, 256, 255, 258, 256, 255, 255, 258, 255, 256,
    255, 255, 257, 256, 256, 257, 258, 256, 257, 257, 258, 258, 254, 258,
    258, 258, 256, 258, 255, 258, 254, 254, 254, 259, 258, 257, 254, 257,
    257, 256, 256, 258, 257 ]
headPositionsY: [ 68, 84, 83, 80, 82, 84, 80, 81, 79, 81, 80, 84, 79, 84,
    79, 82, 82, 81, 81, 79, 79, 80, 78, 83, 82, 83, 82, 79, 80, 78, 81,
    78, 79, 78, 78, 76, 75, 72, 73, 73, 72, 68, 70, 70, 67, 69, 68, 67,
    70, 67, 66, 71, 67, 68, 69, 69, 67, 66, 70, 69, 69, 69, 67, 68, 68,
    65, 67, 67, 69, 65, 69, 65, 69, 65, 66, 66, 67, 66, 66, 70, 66, 67,
    68, 70, 69, 69, 67, 68, 69, 67, 70, 67, 68, 68, 65, 67, 67, 69, 68,
    65 ]
