%YAML:1.0
---
videoName: "headLookUp4.mp4"
gestureLabel: 205
fps: 30
pixelSizeInCmTemp: 3.6846153846153845e-01
faceCenterPointX: 256
faceCenterPointY: 68
headPositionsX: [ 258, 258, 258, 256, 258, 258, 256, 259, 255, 258, 256,
    256, 258, 256, 256, 253, 256, 255, 257, 257, 254, 258, 256, 256, 257,
    255, 255, 257, 255, 258, 258, 254, 257, 256, 256, 255, 254, 258, 254,
    253, 255, 256, 254, 254, 255, 255, 258, 254, 256, 256, 253, 256, 254,
    258, 254, 257, 256, 253, 254, 256, 257, 256, 254, 257, 254, 257, 258,
    254, 257, 254, 257, 258, 256, 258, 256, 258, 253, 257, 253, 256, 255,
    254, 254, 258, 256, 257, 257, 253, 258, 258, 255, 255, 258, 257, 255,
    257, 254, 258, 253, 255 ]
headPositionsY: [ 66, 80, 82, 83, 84, 80, 84, 82, 82, 82, 83, 81, 84, 84,
    83, 84, 81, 84, 83, 81, 82, 83, 78, 82, 81, 75, 74, 74, 74, 70, 71,
    70, 69, 72, 67, 65, 69, 69, 68, 67, 70, 68, 68, 70, 66, 69, 69, 69,
    68, 67, 71, 67, 68, 67, 68, 69, 69, 68, 70, 70, 66, 66, 67, 68, 70,
    71, 71, 70, 68, 72, 71, 71, 67, 69, 68, 68, 68, 68, 69, 68, 70, 67,
    72, 70, 68, 69, 70, 66, 68, 68, 69, 67, 72, 70, 68, 68, 69, 72, 66,
    71 ]
