%YAML:1.0
---
videoName: "headLookUp2.mp4"
gestureLabel: 205
fps: 29
pixelSizeInCmTemp: 3.7421874999999999e-01
faceCenterPointX: 254
faceCenterPointY: 67
headPositionsX: [ 255, 255, 257, 257, 258, 255, 255, 253, 257, 254, 255,
    254, 255, 256, 253, 253, 256, 254, 252, 256, 256, 253, 256, 257, 255,
    253, 256, 257, 254, 255, 256, 253, 254, 253, 257, 252, 252, 256, 255,
    255, 254, 256, 253, 252, 254, 257, 256, 254, 256, 256, 256, 255, 257,
    252, 257, 254, 252, 252, 254, 252, 251, 254, 252, 253, 254, 252, 254,
    252, 252, 255, 254, 252, 251, 255, 252, 250, 253, 256, 255, 255, 256,
    254, 253, 252, 255, 251, 255, 254, 254, 253, 256, 252, 253, 256, 254,
    253, 253, 255, 255, 252 ]
headPositionsY: [ 66, 82, 83, 81, 81, 82, 83, 82, 80, 82, 80, 80, 79, 81,
    78, 80, 80, 79, 82, 82, 79, 83, 79, 83, 84, 79, 80, 80, 82, 79, 83,
    82, 81, 83, 83, 81, 81, 78, 78, 79, 80, 81, 75, 75, 78, 73, 72, 72,
    71, 68, 67, 68, 66, 69, 67, 71, 65, 68, 65, 69, 69, 66, 68, 69, 69,
    70, 69, 69, 69, 68, 69, 66, 67, 67, 71, 68, 69, 69, 69, 67, 66, 69,
    71, 67, 70, 71, 64, 68, 67, 67, 68, 67, 66, 70, 66, 66, 66, 65, 68,
    67 ]
