%YAML:1.0
---
videoName: "headLookUp7.mp4"
gestureLabel: 205
fps: 29
pixelSizeInCmTemp: 3.6846153846153845e-01
faceCenterPointX: 257
faceCenterPointY: 70
headPositionsX: [ 258, 258, 255, 255, 254, 256, 256, 258, 257, 257, 256,
    254, 256, 254, 256, 258, 255, 257, 257, 257, 257, 255, 258, 258, 256,
    255, 254, 255, 258, 255, 253, 255, 259, 257, 255, 254, 258, 256, 254,
    257, 258, 255, 258, 255, 256, 255, 255, 259, 257, 258, 254, 255, 257,
    253, 255, 256, 258, 254, 254, 255, 254, 257, 254, 255, 256, 256, 257,
    259, 257, 255, 256, 258, 258, 258, 256, 257, 258, 257, 254, 257, 256,
    254, 259, 255, 254, 257, 258, 257, 255, 256, 258, 255, 258, 257, 256,
    257, 257, 255, 255, 256 ]
headPositionsY: [ 72, 83, 85, 82, 81, 83, 82, 82, 85, 82, 81, 82, 84, 82,
    80, 81, 80, 84, 83, 79, 81, 79, 77, 74, 76, 75, 74, 72, 71, 70, 67,
    72, 69, 68, 71, 68, 70, 67, 69, 69, 66, 69, 66, 66, 68, 70, 66, 70,
    70, 71, 70, 66, 67, 67, 69, 70, 66, 67, 67, 69, 68, 70, 68, 72, 68,
    69, 70, 69, 67, 68, 70, 68, 71, 68, 71, 71, 69, 72, 71, 67, 70, 69,
    70, 68, 66, 69, 67, 70, 68, 71, 67, 68, 68, 71, 68, 71, 69, 66, 72,
    70 ]
