%YAML:1.0
---
videoName: "headLookUp3.mp4"
gestureLabel: 205
fps: 29
pixelSizeInCmTemp: 3.7421874999999999e-01
faceCenterPointX: 254
faceCenterPointY: 68
headPositionsX: [ 253, 258, 256, 256, 254, 255, 253, 255, 253, 255, 258,
    255, 257, 258, 256, 255, 258, 257, 255, 257, 259, 257, 256, 257, 257,
    258, 256, 255, 257, 258, 259, 255, 255, 256, 256, 256, 257, 257, 258,
    257, 255, 257, 255, 258, 253, 254, 258, 253, 258, 257, 254, 254, 254,
    255, 254, 257, 257, 253, 253, 253, 252, 257, 254, 256, 257, 253, 256,
    255, 253, 255, 253, 256, 256, 256, 255, 255, 256, 254, 256, 257, 254,
    255, 256, 251, 255, 253, 256, 253, 254, 253, 255, 254, 258, 254, 255,
    253, 255, 257, 257, 254 ]
headPositionsY: [ 67, 84, 85, 84, 81, 80, 83, 83, 84, 79, 84, 80, 83, 80,
    82, 80, 79, 83, 81, 81, 81, 84, 84, 83, 81, 81, 83, 82, 84, 80, 82,
    82, 81, 82, 83, 83, 81, 80, 80, 77, 80, 79, 77, 76, 75, 74, 69, 68,
    68, 67, 66, 66, 70, 67, 66, 69, 70, 66, 67, 67, 68, 66, 70, 66, 67,
    65, 66, 69, 69, 66, 68, 68, 69, 66, 69, 69, 66, 68, 69, 67, 66, 65,
    68, 67, 66, 65, 70, 68, 66, 70, 67, 65, 70, 67, 68, 66, 70, 68, 68,
    69 ]
