%YAML:1.0
---
videoName: "headLookUp7.mp4"
gestureLabel: 205
fps: 29
pixelSizeInCmTemp: 3.6846153846153845e-01
faceCenterPointX: 257
faceCenterPointY: 70
headPositionsX: [ 255, 258, 257, 255, 254, 255, 254, 254, 257, 255, 256,
    255, 258, 254, 255, 258, 256, 256, 258, 258, 258, 255, 257, 254, 256,
    259, 257, 255, 254, 256, 254, 259, 259, 255, 257, 253, 258, 257, 258,
    258, 256, 256, 254, 257, 258, 254, 258, 255, 254, 254, 256, 255, 254,
    256, 255, 259, 255, 255, 254, 255, 254, 257, 256, 255, 254, 255, 258,
    256, 254, 254, 259, 256, 257, 258, 255, 257, 256, 257, 257, 255, 255,
    256, 258, 256, 256, 255, 256, 256, 255, 256, 255, 254, 257, 258, 257,
    257, 259, 257, 255, 259 ]
headPositionsY: [ 72, 83, 82, 83, 83, 82, 81, 84, 84, 80, 84, 81, 82, 83,
    81, 83, 84, 81, 80, 80, 79, 79, 75, 76, 73, 75, 75, 71, 70, 69, 70,
    71, 71, 69, 70, 70, 70, 67, 68, 66, 66, 66, 68, 68, 68, 71, 67, 69,
    67, 68, 69, 68, 68, 68, 66, 70, 70, 68, 70, 65, 67, 72, 70, 69, 70,
    69, 68, 69, 71, 70, 71, 68, 71, 72, 69, 72, 66, 72, 69, 71, 70, 71,
    67, 72, 67, 67, 68, 68, 67, 72, 70, 70, 68, 68, 68, 69, 69, 70, 71,
    67 ]
