%YAML:1.0
---
videoName: "headLookUp9.mp4"
gestureLabel: 205
fps: 29
pixelSizeInCmTemp: 3.3732394366197183e-01
faceCenterPointX: 251
faceCenterPointY: 57
headPositionsX: [ 249, 251, 254, 252, 252, 251, 249, 249, 249, 254, 253,
    249, 252, 250, 253, 250, 251, 253, 253, 250, 254, 253, 252, 253, 250,
    251, 249, 251, 251, 250, 251, 252, 253, 250, 250, 249, 252, 253, 252,
    249, 249, 250, 252, 251, 254, 252, 251, 252, 252, 252, 253, 252, 251,
    249, 251, 249, 252, 251, 253, 252, 254, 250, 251, 252, 250, 253, 251,
    253, 250, 251, 252, 252, 252, 252, 251, 251, 249, 253, 250, 251, 253,
    252, 253, 253, 250, 250, 253, 253, 250, 251, 249, 250, 252, 252, 251,
    249, 250, 251, 253, 253 ]
headPositionsY: [ 59, 73, 71, 71, 72, 73, 73, 72, 74, 73, 76, 72, 76, 73,
    76, 76, 72, 74, 73, 76, 73, 73, 75, 74, 72, 75, 76, 75, 73, 72, 72,
    71, 73, 68, 69, 66, 69, 65, 68, 68, 66, 63, 61, 61, 63, 62, 59, 58,
    59, 58, 57, 59, 57, 56, 57, 57, 56, 56, 59, 57, 61, 59, 57, 59, 55,
    57, 57, 59, 58, 57, 58, 59, 59, 58, 57, 58, 55, 55, 58, 57, 55, 56,
    57, 59, 56, 56, 59, 59, 57, 55, 55, 59, 55, 60, 56, 56, 57, 58, 55,
    58 ]
