%YAML:1.0
---
videoName: "headLookUp5.mp4"
gestureLabel: 205
fps: 29
pixelSizeInCmTemp: 3.6287878787878786e-01
faceCenterPointX: 256
faceCenterPointY: 67
headPositionsX: [ 257, 259, 259, 254, 257, 257, 256, 258, 258, 256, 257,
    255, 256, 255, 258, 255, 255, 257, 256, 258, 256, 255, 257, 258, 255,
    256, 254, 255, 254, 254, 257, 257, 255, 255, 254, 255, 256, 256, 254,
    257, 258, 255, 257, 257, 256, 257, 253, 254, 254, 257, 255, 254, 256,
    254, 254, 258, 253, 258, 254, 254, 257, 257, 257, 253, 256, 257, 258,
    254, 255, 254, 257, 255, 257, 258, 257, 254, 257, 255, 257, 256, 256,
    257, 255, 254, 256, 254, 258, 258, 256, 254, 257, 257, 255, 254, 257,
    257, 258, 256, 256, 254 ]
headPositionsY: [ 67, 84, 84, 81, 79, 80, 84, 83, 82, 80, 84, 83, 82, 81,
    79, 82, 81, 83, 79, 81, 80, 82, 80, 81, 80, 81, 80, 82, 81, 78, 82,
    81, 77, 79, 79, 75, 77, 74, 74, 71, 68, 71, 68, 67, 69, 67, 66, 67,
    70, 71, 70, 69, 66, 69, 66, 68, 68, 70, 69, 68, 70, 69, 67, 68, 65,
    69, 68, 65, 68, 69, 69, 67, 69, 68, 70, 67, 69, 69, 63, 66, 68, 69,
    66, 70, 66, 67, 66, 67, 66, 67, 67, 68, 64, 69, 67, 68, 65, 68, 65,
    69 ]
