%YAML:1.0
---
videoName: "headLookUp3.mp4"
gestureLabel: 205
fps: 29
pixelSizeInCmTemp: 3.7421874999999999e-01
faceCenterPointX: 254
faceCenterPointY: 68
headPositionsX: [ 254, 255, 254, 255, 254, 257, 257, 256, 257, 255, 256,
    257, 254, 255, 258, 258, 258, 259, 258, 259, 257, 255, 255, 258, 254,
    254, 254, 255, 258, 258, 257, 255, 257, 257, 257, 257, 258, 255, 258,
    257, 256, 258, 257, 255, 254, 255, 258, 253, 255, 256, 257, 258, 255,
    254, 257, 254, 256, 253, 254, 256, 256, 256, 253, 258, 256, 254, 257,
    253, 255, 254, 252, 257, 257, 257, 256, 255, 252, 253, 258, 253, 257,
    257, 258, 254, 254, 254, 256, 255, 258, 253, 255, 257, 255, 254, 254,
    255, 253, 257, 255, 255 ]
headPositionsY: [ 70, 85, 85, 82, 80, 83, 80, 80, 81, 80, 84, 83, 83, 82,
    82, 80, 82, 82, 82, 83, 83, 84, 81, 80, 81, 83, 84, 83, 80, 84, 83,
    82, 84, 84, 82, 83, 82, 79, 78, 78, 78, 79, 75, 77, 74, 71, 69, 68,
    71, 67, 69, 66, 70, 70, 69, 69, 69, 68, 69, 66, 64, 67, 70, 69, 66,
    69, 65, 65, 69, 66, 66, 67, 66, 69, 65, 69, 66, 67, 66, 68, 68, 67,
    68, 67, 66, 67, 67, 70, 66, 67, 69, 68, 68, 67, 67, 70, 70, 70, 66,
    67 ]
