%YAML:1.0
---
videoName: "headLookUp5.mp4"
gestureLabel: 205
fps: 29
pixelSizeInCmTemp: 3.6287878787878786e-01
faceCenterPointX: 256
faceCenterPointY: 67
headPositionsX: [ 255, 259, 256, 256, 256, 258, 258, 255, 257, 255, 258,
    259, 254, 259, 255, 254, 256, 257, 254, 255, 257, 256, 256, 255, 258,
    258, 257, 256, 254, 256, 258, 254, 257, 255, 256, 254, 255, 256, 257,
    258, 257, 255, 255, 257, 255, 257, 254, 255, 257, 256, 258, 254, 254,
    256, 258, 258, 253, 255, 253, 257, 256, 254, 255, 253, 258, 257, 258,
    253, 257, 257, 255, 258, 259, 255, 258, 257, 258, 258, 257, 257, 257,
    256, 254, 255, 255, 256, 255, 258, 256, 255, 257, 258, 253, 254, 256,
    254, 254, 254, 254, 258 ]
headPositionsY: [ 67, 84, 83, 81, 80, 82, 80, 79, 82, 83, 80, 82, 83, 82,
    80, 80, 80, 81, 81, 82, 83, 82, 82, 80, 82, 82, 82, 83, 82, 82, 79,
    82, 79, 81, 76, 79, 78, 73, 74, 71, 69, 71, 71, 67, 67, 70, 68, 70,
    70, 68, 70, 67, 70, 69, 70, 70, 66, 70, 67, 70, 70, 69, 67, 66, 67,
    69, 66, 69, 67, 68, 66, 65, 67, 67, 66, 66, 67, 66, 66, 66, 68, 69,
    66, 69, 65, 70, 68, 69, 67, 66, 70, 68, 67, 67, 65, 68, 66, 68, 68,
    67 ]
