%YAML:1.0
---
videoName: "headLookUp8.mp4"
gestureLabel: 205
fps: 29
pixelSizeInCmTemp: 3.4214285714285714e-01
faceCenterPointX: 253
faceCenterPointY: 59
headPositionsX: [ 252, 251, 254, 251, 252, 254, 253, 254, 254, 252, 250,
    254, 250, 253, 254, 250, 255, 251, 251, 250, 249, 252, 254, 250, 253,
    253, 253, 252, 250, 253, 255, 252, 253, 251, 254, 253, 250, 253, 253,
    252, 253, 253, 250, 254, 251, 254, 251, 254, 251, 252, 250, 253, 251,
    250, 253, 253, 254, 252, 251, 252, 252, 254, 251, 250, 255, 254, 250,
    255, 253, 252, 252, 252, 252, 254, 253, 254, 251, 254, 254, 252, 253,
    251, 253, 254, 253, 253, 253, 251, 255, 254, 254, 251, 252, 251, 252,
    254, 253, 253, 254, 254 ]
headPositionsY: [ 57, 78, 77, 74, 75, 77, 76, 77, 75, 77, 76, 76, 77, 73,
    74, 74, 72, 69, 72, 71, 70, 66, 69, 68, 68, 65, 64, 63, 61, 65, 65,
    61, 62, 64, 63, 59, 60, 60, 61, 58, 58, 57, 60, 60, 57, 57, 59, 62,
    57, 58, 57, 59, 60, 56, 59, 58, 61, 59, 59, 56, 59, 59, 60, 61, 57,
    60, 56, 57, 57, 60, 57, 57, 56, 59, 61, 59, 58, 59, 61, 60, 58, 58,
    58, 58, 58, 58, 59, 57, 57, 58, 61, 58, 60, 57, 58, 58, 60, 60, 62,
    60 ]
