%YAML:1.0
---
videoName: "headLookUp6.mp4"
gestureLabel: 205
fps: 30
pixelSizeInCmTemp: 3.7421874999999999e-01
faceCenterPointX: 255
faceCenterPointY: 70
headPositionsX: [ 254, 254, 255, 256, 257, 256, 257, 256, 258, 257, 254,
    255, 256, 253, 256, 257, 254, 253, 253, 255, 252, 253, 254, 255, 253,
    253, 257, 258, 254, 256, 255, 257, 255, 253, 256, 254, 256, 257, 257,
    257, 256, 253, 253, 253, 254, 254, 252, 257, 254, 253, 254, 254, 254,
    254, 252, 255, 253, 256, 253, 253, 253, 257, 256, 253, 255, 255, 254,
    253, 254, 255, 251, 256, 256, 255, 256, 256, 257, 253, 255, 254, 257,
    255, 253, 256, 253, 255, 255, 255, 256, 257, 254, 255, 255, 257, 257,
    253, 255, 257, 253, 255 ]
headPositionsY: [ 70, 81, 83, 85, 85, 83, 84, 82, 81, 82, 81, 82, 83, 86,
    81, 81, 83, 84, 85, 82, 81, 85, 81, 81, 80, 80, 77, 77, 78, 77, 73,
    73, 74, 68, 71, 68, 69, 68, 70, 68, 66, 69, 68, 69, 72, 68, 68, 67,
    71, 67, 66, 69, 69, 71, 66, 70, 68, 72, 68, 72, 68, 71, 69, 70, 67,
    67, 72, 69, 68, 69, 70, 68, 72, 69, 67, 66, 71, 70, 68, 68, 69, 68,
    71, 70, 70, 67, 69, 68, 72, 68, 68, 69, 70, 71, 67, 69, 72, 66, 68,
    66 ]
