%YAML:1.0
---
videoName: "headLookUp1.mp4"
gestureLabel: 205
fps: 29
pixelSizeInCmTemp: 3.7421874999999999e-01
faceCenterPointX: 258
faceCenterPointY: 66
headPositionsX: [ 260, 260, 257, 257, 259, 258, 257, 258, 258, 258, 260,
    261, 259, 258, 259, 258, 259, 260, 257, 260, 261, 261, 256, 258, 259,
    259, 261, 262, 258, 258, 257, 260, 257, 257, 259, 260, 260, 258, 257,
    260, 257, 258, 259, 259, 258, 260, 259, 260, 259, 257, 260, 259, 256,
    257, 257, 258, 257, 254, 257, 255, 256, 258, 261, 258, 257, 257, 259,
    257, 256, 258, 256, 258, 262, 259, 258, 258, 258, 257, 259, 258, 259,
    257, 262, 257, 256, 257, 256, 257, 257, 259, 259, 256, 260, 259, 257,
    258, 256, 258, 256, 259 ]
headPositionsY: [ 67, 78, 83, 80, 80, 82, 79, 82, 82, 78, 79, 83, 83, 81,
    82, 81, 81, 82, 81, 79, 80, 80, 80, 79, 80, 83, 80, 80, 80, 78, 81,
    81, 82, 81, 83, 81, 81, 79, 82, 80, 79, 79, 78, 77, 72, 74, 72, 68,
    66, 66, 68, 67, 66, 67, 67, 65, 66, 63, 66, 64, 66, 64, 65, 67, 68,
    65, 68, 64, 64, 63, 67, 65, 63, 65, 68, 65, 64, 65, 68, 63, 65, 68,
    64, 64, 66, 69, 63, 68, 66, 67, 62, 70, 66, 65, 65, 63, 63, 66, 66,
    68 ]
