%YAML:1.0
---
videoName: "headLookUp0.mp4"
gestureLabel: 205
fps: 29
pixelSizeInCmTemp: 3.6846153846153845e-01
faceCenterPointX: 258
faceCenterPointY: 66
headPositionsX: [ 256, 262, 260, 257, 257, 259, 260, 258, 261, 260, 257,
    260, 257, 259, 256, 257, 257, 262, 260, 262, 257, 260, 258, 257, 260,
    259, 256, 257, 261, 262, 259, 258, 261, 259, 258, 257, 257, 260, 258,
    259, 258, 260, 259, 257, 256, 259, 258, 258, 257, 257, 257, 256, 257,
    259, 256, 257, 256, 258, 256, 260, 256, 258, 259, 260, 257, 256, 257,
    257, 260, 259, 261, 256, 259, 260, 258, 259, 260, 258, 258, 257, 256,
    259, 256, 261, 259, 257, 257, 258, 257, 260, 257, 259, 258, 258, 259,
    257, 258, 259, 260, 260 ]
headPositionsY: [ 64, 82, 82, 80, 78, 82, 81, 79, 82, 81, 80, 79, 81, 80,
    79, 77, 76, 77, 75, 72, 73, 72, 70, 71, 67, 67, 65, 69, 66, 69, 68,
    66, 66, 69, 67, 68, 65, 66, 64, 63, 69, 67, 65, 65, 68, 70, 67, 66,
    69, 67, 69, 69, 69, 68, 67, 65, 65, 66, 65, 67, 65, 67, 68, 70, 69,
    67, 68, 67, 66, 66, 64, 67, 69, 68, 70, 70, 66, 66, 67, 68, 68, 68,
    67, 70, 70, 66, 68, 70, 68, 67, 68, 70, 69, 69, 69, 68, 68, 65, 68,
    70 ]
