%YAML:1.0
---
videoName: "headLookUp6.mp4"
gestureLabel: 205
fps: 30
pixelSizeInCmTemp: 3.7421874999999999e-01
faceCenterPointX: 255
faceCenterPointY: 70
headPositionsX: [ 256, 254, 257, 257, 258, 256, 255, 258, 258, 255, 256,
    255, 254, 253, 255, 256, 257, 254, 255, 255, 256, 256, 257, 257, 255,
    255, 258, 255, 257, 255, 255, 254, 254, 255, 254, 253, 253, 258, 257,
    257, 256, 253, 253, 256, 254, 255, 252, 256, 253, 255, 253, 255, 254,
    256, 252, 254, 255, 255, 255, 253, 255, 256, 256, 257, 252, 255, 254,
    257, 254, 256, 253, 256, 257, 255, 255, 253, 256, 256, 257, 255, 257,
    254, 255, 255, 254, 254, 252, 256, 253, 255, 256, 256, 256, 256, 256,
    252, 253, 255, 256, 256 ]
headPositionsY: [ 72, 84, 84, 82, 85, 83, 85, 85, 81, 84, 81, 81, 85, 83,
    81, 83, 85, 82, 84, 84, 84, 85, 83, 82, 82, 82, 77, 78, 77, 75, 73,
    71, 72, 68, 67, 69, 72, 70, 67, 68, 69, 68, 68, 67, 71, 70, 69, 70,
    71, 68, 69, 68, 67, 68, 67, 67, 68, 70, 69, 71, 70, 71, 69, 68, 66,
    71, 69, 70, 70, 70, 69, 68, 71, 67, 71, 69, 68, 72, 67, 70, 70, 69,
    67, 71, 69, 67, 68, 70, 71, 69, 67, 70, 69, 71, 67, 69, 72, 68, 70,
    69 ]
