%YAML:1.0
---
videoName: "headLookUp8.mp4"
gestureLabel: 205
fps: 29
pixelSizeInCmTemp: 3.4214285714285714e-01
faceCenterPointX: 253
faceCenterPointY: 59
headPositionsX: [ 251, 250, 254, 251, 252, 253, 252, 255, 254, 250, 251,
    253, 250, 251, 254, 251, 253, 253, 254, 253, 250, 253, 254, 253, 251,
    251, 252, 251, 250, 250, 253, 252, 250, 252, 253, 251, 253, 250, 252,
    254, 252, 251, 254, 251, 251, 253, 250, 254, 253, 252, 251, 253, 254,
    250, 253, 255, 251, 253, 250, 251, 254, 252, 255, 252, 254, 253, 254,
    251, 252, 251, 251, 253, 254, 253, 251, 254, 253, 253, 254, 254, 254,
    255, 253, 252, 250, 255, 255, 252, 254, 255, 254, 254, 253, 252, 251,
    250, 253, 254, 253, 251 ]
headPositionsY: [ 60, 79, 76, 74, 76, 76, 78, 74, 76, 77, 78, 74, 75, 73,
    73, 74, 70, 72, 70, 72, 71, 67, 66, 67, 68, 68, 67, 64, 63, 64, 63,
    60, 63, 61, 63, 59, 61, 60, 59, 60, 58, 59, 59, 58, 59, 57, 60, 59,
    58, 57, 57, 56, 57, 59, 59, 58, 61, 59, 59, 56, 60, 59, 57, 57, 61,
    58, 59, 59, 61, 57, 58, 58, 59, 59, 58, 59, 60, 61, 58, 61, 59, 60,
    58, 59, 57, 58, 60, 58, 60, 59, 60, 57, 60, 57, 60, 60, 57, 61, 62,
    59 ]
