%YAML:1.0
---
videoName: "headLookUp6.mp4"
gestureLabel: 205
fps: 30
pixelSizeInCmTemp: 3.7421874999999999e-01
faceCenterPointX: 255
faceCenterPointY: 70
headPositionsX: [ 257, 257, 253, 258, 258, 255, 255, 256, 258, 254, 254,
    253, 257, 254, 255, 254, 256, 254, 253, 257, 254, 253, 254, 256, 255,
    257, 257, 254, 254, 254, 257, 258, 255, 255, 254, 256, 254, 254, 257,
    257, 256, 254, 254, 253, 254, 255, 251, 253, 256, 255, 254, 255, 256,
    256, 256, 257, 256, 253, 254, 256, 255, 256, 253, 254, 253, 253, 253,
    257, 257, 253, 252, 253, 258, 256, 255, 252, 254, 255, 255, 255, 257,
    252, 257, 255, 254, 254, 253, 252, 255, 255, 253, 254, 253, 255, 257,
    256, 254, 254, 253, 255 ]
headPositionsY: [ 71, 85, 83, 84, 81, 81, 84, 84, 83, 83, 84, 85, 82, 84,
    81, 83, 81, 84, 86, 81, 81, 83, 81, 84, 83, 81, 81, 80, 74, 73, 71,
    71, 71, 69, 69, 71, 71, 69, 71, 70, 70, 68, 69, 67, 72, 70, 68, 68,
    67, 67, 68, 67, 68, 71, 69, 66, 71, 71, 69, 69, 71, 69, 66, 67, 66,
    69, 70, 67, 69, 71, 67, 68, 72, 70, 67, 69, 67, 72, 69, 72, 72, 70,
    71, 69, 71, 69, 68, 71, 68, 71, 70, 72, 69, 70, 68, 67, 72, 67, 69,
    69 ]
