%YAML:1.0
---
videoName: "headLookUp3.mp4"
gestureLabel: 205
fps: 29
pixelSizeInCmTemp: 3.7421874999999999e-01
faceCenterPointX: 254
faceCenterPointY: 68
headPositionsX: [ 256, 256, 258, 257, 253, 257, 253, 257, 254, 254, 255,
    253, 257, 257, 255, 255, 255, 255, 259, 257, 257, 255, 256, 255, 257,
    257, 255, 256, 256, 256, 258, 258, 258, 257, 255, 257, 255, 256, 255,
    254, 254, 256, 254, 257, 253, 255, 255, 256, 254, 255, 254, 254, 253,
    254, 256, 255, 254, 255, 253, 254, 254, 258, 252, 254, 257, 256, 256,
    252, 255, 256, 256, 256, 253, 255, 252, 256, 255, 257, 254, 253, 258,
    256, 256, 251, 252, 254, 258, 254, 258, 253, 257, 257, 257, 254, 256,
    257, 255, 259, 255, 256 ]
headPositionsY: [ 67, 82, 83, 84, 80, 81, 82, 84, 81, 80, 82, 81, 84, 84,
    81, 81, 81, 82, 80, 81, 80, 84, 85, 81, 81, 82, 84, 80, 82, 83, 84,
    83, 83, 81, 83, 80, 83, 80, 78, 78, 81, 76, 75, 76, 75, 74, 69, 72,
    68, 68, 67, 69, 66, 70, 69, 66, 67, 68, 70, 65, 67, 70, 68, 69, 69,
    66, 64, 67, 67, 69, 67, 70, 67, 67, 65, 66, 70, 70, 68, 70, 70, 67,
    66, 67, 67, 68, 70, 68, 69, 66, 67, 66, 70, 70, 67, 66, 71, 70, 66,
    65 ]
