%YAML:1.0
---
videoName: "headLookUp7.mp4"
gestureLabel: 205
fps: 29
pixelSizeInCmTemp: 3.6846153846153845e-01
faceCenterPointX: 257
faceCenterPointY: 70
headPositionsX: [ 258, 255, 255, 258, 257, 257, 255, 255, 254, 255, 258,
    256, 254, 254, 257, 256, 256, 255, 255, 258, 254, 254, 258, 255, 253,
    259, 254, 254, 256, 257, 254, 257, 256, 256, 256, 257, 255, 254, 255,
    257, 256, 257, 254, 255, 256, 254, 256, 257, 257, 258, 257, 254, 254,
    257, 256, 256, 255, 257, 256, 253, 256, 255, 258, 257, 256, 256, 254,
    256, 258, 255, 256, 254, 258, 257, 257, 256, 255, 254, 257, 255, 255,
    258, 255, 255, 254, 259, 257, 257, 254, 256, 254, 258, 255, 256, 257,
    255, 256, 257, 259, 259 ]
headPositionsY: [ 69, 83, 84, 82, 85, 82, 82, 81, 83, 83, 84, 84, 82, 84,
    83, 84, 80, 84, 83, 80, 81, 77, 76, 76, 74, 72, 72, 69, 73, 69, 67,
    71, 69, 72, 69, 72, 68, 71, 67, 67, 70, 69, 66, 69, 69, 69, 68, 67,
    70, 71, 66, 66, 71, 69, 69, 67, 69, 67, 66, 68, 66, 71, 66, 69, 67,
    70, 67, 71, 68, 72, 71, 68, 68, 70, 71, 71, 68, 71, 69, 68, 70, 72,
    69, 72, 66, 70, 68, 70, 66, 70, 67, 69, 68, 69, 71, 68, 68, 70, 72,
    68 ]
