%YAML:1.0
---
videoName: "headLookUp4.mp4"
gestureLabel: 205
fps: 30
pixelSizeInCmTemp: 3.6846153846153845e-01
faceCenterPointX: 256
faceCenterPointY: 68
headPositionsX: [ 256, 256, 258, 258, 258, 254, 255, 256, 256, 255, 256,
    257, 255, 256, 256, 254, 258, 256, 257, 255, 257, 257, 258, 254, 255,
    256, 258, 254, 254, 258, 259, 255, 256, 254, 254, 257, 254, 256, 253,
    253, 257, 255, 255, 256, 258, 257, 254, 253, 257, 256, 254, 256, 255,
    254, 258, 258, 254, 254, 256, 257, 254, 257, 256, 255, 255, 254, 256,
    254, 256, 255, 256, 258, 257, 255, 256, 255, 255, 257, 255, 255, 253,
    257, 256, 256, 256, 256, 256, 256, 256, 254, 256, 254, 256, 253, 255,
    257, 257, 257, 257, 254 ]
headPositionsY: [ 66, 81, 82, 84, 82, 83, 81, 82, 83, 83, 82, 82, 83, 84,
    80, 82, 81, 83, 81, 82, 84, 83, 79, 78, 77, 79, 78, 72, 75, 70, 69,
    70, 69, 71, 68, 65, 66, 66, 71, 70, 68, 72, 68, 68, 70, 70, 68, 69,
    68, 66, 70, 68, 68, 70, 70, 68, 68, 68, 67, 71, 68, 65, 69, 65, 71,
    68, 69, 69, 71, 69, 68, 70, 71, 70, 69, 68, 67, 71, 67, 67, 71, 67,
    69, 67, 69, 69, 68, 70, 72, 68, 70, 68, 68, 69, 68, 67, 69, 70, 69,
    69 ]
