%YAML:1.0
---
videoName: "headLookUp3.mp4"
gestureLabel: 205
fps: 29
pixelSizeInCmTemp: 3.7421874999999999e-01
faceCenterPointX: 254
faceCenterPointY: 68
headPositionsX: [ 256, 258, 255, 256, 254, 255, 253, 254, 255, 254, 257,
    253, 254, 257, 255, 255, 256, 257, 257, 255, 257, 258, 256, 258, 255,
    257, 256, 256, 257, 257, 256, 257, 256, 256, 258, 255, 258, 254, 255,
    256, 255, 256, 257, 257, 254, 258, 254, 253, 256, 257, 256, 258, 257,
    254, 254, 256, 256, 256, 253, 253, 252, 257, 255, 257, 253, 256, 256,
    253, 256, 255, 256, 255, 253, 258, 253, 254, 253, 253, 258, 253, 257,
    256, 254, 255, 254, 257, 254, 257, 255, 253, 258, 256, 256, 254, 255,
    255, 256, 259, 256, 254 ]
headPositionsY: [ 67, 81, 83, 81, 82, 84, 84, 83, 81, 81, 84, 81, 81, 84,
    81, 82, 79, 83, 84, 82, 80, 83, 81, 84, 80, 84, 82, 79, 83, 84, 80,
    80, 83, 81, 81, 84, 81, 81, 79, 77, 79, 75, 77, 74, 73, 73, 72, 68,
    67, 69, 68, 69, 66, 70, 68, 68, 70, 67, 68, 67, 64, 68, 70, 67, 69,
    68, 65, 69, 67, 69, 66, 66, 67, 65, 69, 69, 69, 66, 66, 66, 70, 67,
    70, 69, 69, 68, 70, 68, 65, 69, 69, 67, 68, 70, 66, 66, 69, 67, 66,
    65 ]
