%YAML:1.0
---
videoName: "headLookUp4.mp4"
gestureLabel: 205
fps: 30
pixelSizeInCmTemp: 3.6846153846153845e-01
faceCenterPointX: 256
faceCenterPointY: 68
headPositionsX: [ 254, 254, 255, 258, 256, 254, 255, 258, 254, 257, 254,
    257, 259, 255, 257, 253, 258, 254, 257, 254, 256, 258, 258, 254, 255,
    258, 255, 255, 257, 256, 259, 257, 254, 257, 258, 257, 258, 254, 257,
    254, 253, 254, 254, 254, 254, 258, 254, 253, 257, 253, 253, 254, 254,
    257, 254, 255, 258, 257, 254, 256, 254, 253, 255, 258, 255, 255, 254,
    256, 258, 254, 258, 255, 257, 257, 255, 259, 255, 256, 256, 253, 253,
    253, 254, 256, 255, 254, 255, 252, 255, 258, 255, 258, 259, 253, 259,
    253, 254, 259, 256, 257 ]
headPositionsY: [ 69, 82, 82, 81, 81, 84, 82, 82, 84, 80, 84, 84, 80, 84,
    82, 81, 81, 84, 82, 83, 83, 83, 81, 78, 77, 78, 75, 75, 75, 73, 69,
    70, 69, 72, 69, 68, 68, 69, 71, 68, 68, 71, 66, 66, 68, 67, 71, 71,
    70, 66, 71, 68, 71, 68, 68, 67, 66, 68, 70, 72, 66, 66, 69, 66, 70,
    72, 70, 69, 68, 71, 70, 68, 70, 71, 69, 70, 68, 70, 68, 69, 68, 68,
    69, 68, 71, 70, 70, 68, 71, 68, 69, 70, 68, 67, 68, 70, 68, 70, 69,
    69 ]
