%YAML:1.0
---
videoName: "headLookUp3.mp4"
gestureLabel: 205
fps: 29
pixelSizeInCmTemp: 3.7421874999999999e-01
faceCenterPointX: 254
faceCenterPointY: 68
headPositionsX: [ 256, 254, 254, 253, 255, 257, 257, 258, 254, 254, 255,
    256, 254, 257, 256, 257, 257, 256, 255, 257, 256, 256, 256, 257, 256,
    256, 256, 255, 257, 256, 257, 257, 258, 256, 254, 257, 256, 256, 255,
    255, 257, 257, 257, 255, 256, 255, 258, 254, 257, 258, 254, 254, 253,
    253, 256, 257, 256, 253, 253, 255, 253, 254, 252, 257, 256, 255, 256,
    255, 255, 255, 256, 255, 257, 258, 256, 258, 254, 253, 257, 253, 255,
    255, 257, 255, 252, 253, 255, 257, 256, 255, 257, 256, 256, 254, 252,
    257, 253, 257, 256, 257 ]
headPositionsY: [ 66, 85, 81, 82, 81, 80, 80, 83, 83, 79, 83, 84, 84, 82,
    84, 80, 83, 81, 83, 79, 82, 80, 82, 82, 82, 84, 81, 80, 81, 82, 80,
    84, 80, 80, 83, 84, 82, 79, 82, 77, 80, 75, 75, 74, 73, 71, 73, 71,
    68, 67, 66, 67, 66, 69, 66, 66, 67, 65, 70, 66, 66, 70, 69, 68, 66,
    68, 65, 65, 69, 70, 66, 66, 65, 65, 69, 65, 68, 69, 68, 69, 70, 67,
    66, 66, 68, 65, 67, 70, 68, 66, 67, 66, 70, 70, 68, 70, 67, 67, 70,
    67 ]
