%YAML:1.0
---
videoName: "headLookUp2.mp4"
gestureLabel: 205
fps: 29
pixelSizeInCmTemp: 3.7421874999999999e-01
faceCenterPointX: 254
faceCenterPointY: 67
headPositionsX: [ 254, 254, 257, 256, 257, 254, 258, 254, 256, 253, 254,
    256, 255, 256, 253, 256, 257, 255, 255, 255, 252, 254, 257, 255, 253,
    257, 255, 254, 254, 256, 254, 254, 255, 256, 255, 253, 253, 254, 253,
    253, 257, 253, 254, 253, 255, 256, 253, 255, 254, 253, 255, 253, 257,
    252, 255, 254, 252, 252, 254, 255, 254, 255, 255, 252, 255, 252, 251,
    253, 256, 254, 253, 252, 252, 257, 255, 251, 252, 253, 252, 255, 253,
    254, 253, 254, 254, 255, 251, 253, 256, 253, 254, 254, 255, 255, 255,
    254, 256, 254, 255, 256 ]
headPositionsY: [ 65, 78, 79, 79, 83, 79, 80, 83, 81, 80, 80, 82, 80, 80,
    82, 81, 83, 80, 81, 80, 83, 79, 79, 81, 81, 81, 81, 81, 79, 80, 83,
    81, 81, 79, 81, 78, 80, 78, 79, 80, 80, 79, 75, 74, 76, 77, 71, 73,
    69, 70, 67, 68, 69, 67, 66, 69, 68, 71, 67, 65, 68, 69, 68, 66, 70,
    67, 69, 68, 70, 64, 68, 67, 70, 68, 71, 67, 67, 68, 68, 67, 67, 65,
    69, 68, 69, 70, 68, 69, 68, 67, 70, 70, 69, 70, 66, 64, 68, 67, 70,
    69 ]
