%YAML:1.0
---
videoName: "headLookUp0.mp4"
gestureLabel: 205
fps: 29
pixelSizeInCmTemp: 3.6846153846153845e-01
faceCenterPointX: 258
faceCenterPointY: 66
headPositionsX: [ 259, 260, 258, 258, 260, 258, 257, 259, 262, 260, 257,
    260, 260, 257, 260, 260, 260, 260, 260, 262, 258, 258, 258, 258, 257,
    258, 259, 261, 258, 261, 258, 260, 257, 259, 259, 260, 260, 257, 258,
    258, 259, 257, 262, 259, 259, 259, 256, 257, 257, 258, 256, 260, 257,
    258, 257, 259, 259, 259, 259, 256, 256, 258, 258, 257, 260, 260, 260,
    255, 260, 259, 257, 256, 257, 258, 261, 255, 257, 259, 259, 256, 256,
    257, 258, 260, 255, 256, 257, 258, 256, 258, 260, 260, 258, 256, 260,
    258, 259, 256, 260, 258 ]
headPositionsY: [ 68, 79, 80, 82, 80, 81, 81, 82, 80, 78, 79, 78, 78, 79,
    79, 77, 78, 73, 73, 74, 74, 72, 72, 70, 71, 69, 66, 66, 68, 66, 68,
    66, 65, 69, 66, 66, 67, 68, 64, 67, 65, 67, 69, 68, 66, 66, 66, 66,
    65, 70, 67, 66, 69, 66, 68, 66, 67, 67, 69, 67, 65, 70, 65, 68, 69,
    66, 66, 67, 68, 66, 66, 70, 66, 67, 70, 66, 69, 69, 66, 68, 66, 68,
    69, 66, 70, 67, 67, 69, 67, 66, 68, 70, 66, 68, 66, 66, 67, 68, 70,
    71 ]
