%YAML:1.0
---
videoName: "headLookUp3.mp4"
gestureLabel: 205
fps: 29
pixelSizeInCmTemp: 3.7421874999999999e-01
faceCenterPointX: 254
faceCenterPointY: 68
headPositionsX: [ 253, 258, 256, 255, 257, 256, 254, 255, 254, 256, 257,
    254, 253, 257, 255, 258, 256, 257, 257, 259, 255, 255, 258, 256, 258,
    254, 258, 257, 255, 255, 259, 259, 256, 255, 258, 257, 255, 256, 258,
    254, 256, 258, 253, 256, 256, 256, 256, 256, 257, 254, 257, 256, 257,
    253, 257, 256, 255, 256, 252, 253, 255, 257, 254, 254, 253, 254, 254,
    256, 254, 254, 255, 254, 254, 254, 255, 257, 252, 253, 255, 255, 256,
    257, 256, 254, 255, 255, 254, 257, 257, 255, 254, 256, 257, 256, 255,
    254, 255, 255, 257, 256 ]
headPositionsY: [ 67, 81, 81, 80, 81, 81, 83, 84, 80, 80, 81, 80, 82, 82,
    83, 82, 83, 82, 82, 79, 80, 84, 85, 80, 80, 82, 82, 81, 84, 80, 83,
    82, 80, 80, 84, 84, 80, 79, 78, 77, 80, 76, 76, 77, 71, 72, 72, 69,
    68, 71, 65, 69, 69, 69, 66, 69, 69, 65, 70, 69, 68, 66, 69, 68, 70,
    65, 67, 67, 69, 70, 68, 69, 65, 67, 67, 69, 68, 67, 65, 70, 68, 65,
    70, 67, 68, 66, 67, 70, 68, 69, 65, 69, 67, 67, 68, 68, 68, 70, 66,
    69 ]
