%YAML:1.0
---
videoName: "headLookUp4.mp4"
gestureLabel: 205
fps: 30
pixelSizeInCmTemp: 3.6846153846153845e-01
faceCenterPointX: 256
faceCenterPointY: 68
headPositionsX: [ 256, 254, 256, 259, 258, 258, 257, 259, 258, 256, 257,
    255, 258, 258, 254, 255, 257, 254, 256, 254, 258, 255, 256, 255, 254,
    255, 258, 257, 256, 256, 257, 258, 256, 255, 256, 256, 258, 257, 253,
    255, 255, 258, 257, 257, 254, 255, 255, 253, 254, 254, 256, 256, 255,
    258, 258, 255, 255, 255, 256, 256, 254, 253, 253, 258, 256, 256, 256,
    254, 255, 258, 254, 257, 256, 259, 255, 258, 255, 256, 257, 255, 255,
    254, 255, 257, 254, 258, 258, 253, 259, 254, 255, 254, 255, 254, 257,
    254, 257, 257, 256, 258 ]
headPositionsY: [ 70, 82, 81, 83, 81, 83, 80, 84, 82, 83, 83, 81, 81, 81,
    80, 82, 84, 82, 82, 82, 81, 83, 78, 82, 81, 79, 74, 75, 75, 71, 68,
    71, 71, 72, 69, 65, 67, 69, 71, 71, 66, 68, 66, 66, 68, 67, 68, 70,
    70, 66, 71, 71, 70, 68, 70, 68, 70, 71, 69, 72, 67, 67, 69, 69, 70,
    69, 72, 72, 69, 72, 69, 71, 71, 71, 67, 68, 70, 67, 65, 69, 68, 66,
    69, 71, 67, 68, 71, 70, 71, 70, 69, 67, 69, 69, 71, 68, 67, 70, 70,
    71 ]
