%YAML:1.0
---
videoName: "headLookUp4.mp4"
gestureLabel: 205
fps: 30
pixelSizeInCmTemp: 3.6846153846153845e-01
faceCenterPointX: 256
faceCenterPointY: 68
headPositionsX: [ 258, 255, 254, 255, 258, 254, 258, 255, 255, 255, 255,
    255, 258, 254, 257, 257, 256, 257, 259, 254, 257, 258, 254, 257, 256,
    255, 255, 258, 256, 256, 258, 256, 255, 253, 257, 254, 254, 258, 253,
    257, 255, 258, 256, 253, 255, 254, 254, 255, 258, 256, 254, 255, 256,
    258, 254, 258, 255, 253, 254, 253, 257, 255, 257, 255, 254, 255, 255,
    256, 254, 254, 256, 257, 257, 258, 256, 256, 256, 255, 254, 257, 254,
    253, 257, 257, 257, 254, 255, 254, 256, 258, 258, 255, 255, 254, 259,
    254, 256, 257, 254, 255 ]
headPositionsY: [ 68, 82, 81, 80, 81, 84, 82, 82, 82, 83, 82, 80, 81, 82,
    83, 82, 81, 84, 80, 84, 84, 83, 78, 80, 80, 78, 74, 76, 73, 71, 68,
    68, 71, 71, 70, 69, 69, 68, 71, 67, 70, 72, 69, 70, 69, 70, 69, 67,
    68, 65, 67, 70, 70, 71, 71, 67, 69, 72, 66, 72, 67, 68, 68, 66, 68,
    72, 68, 69, 68, 70, 68, 68, 67, 69, 66, 70, 66, 67, 66, 70, 70, 67,
    70, 70, 68, 69, 72, 66, 72, 68, 67, 68, 71, 69, 68, 68, 70, 72, 68,
    72 ]
