%YAML:1.0
---
videoName: "headLookUp9.mp4"
gestureLabel: 205
fps: 29
pixelSizeInCmTemp: 3.3732394366197183e-01
faceCenterPointX: 251
faceCenterPointY: 57
headPositionsX: [ 249, 252, 252, 251, 253, 253, 253, 249, 249, 250, 252,
    249, 253, 249, 253, 249, 251, 249, 252, 253, 254, 253, 253, 249, 254,
    249, 249, 253, 249, 250, 249, 250, 254, 252, 252, 250, 251, 249, 252,
    253, 250, 253, 250, 252, 250, 249, 252, 249, 251, 250, 251, 252, 251,
    251, 251, 251, 253, 249, 252, 252, 253, 251, 250, 249, 248, 250, 252,
    251, 250, 253, 253, 253, 252, 250, 249, 252, 250, 253, 252, 252, 250,
    252, 249, 251, 252, 251, 250, 253, 249, 252, 251, 252, 251, 252, 251,
    251, 251, 253, 250, 249 ]
headPositionsY: [ 59, 72, 73, 73, 71, 73, 74, 72, 75, 76, 72, 72, 73, 73,
    76, 75, 73, 73, 76, 73, 75, 73, 75, 72, 72, 71, 75, 71, 76, 73, 71,
    74, 70, 71, 68, 68, 67, 65, 67, 68, 67, 66, 61, 60, 63, 61, 61, 60,
    61, 59, 59, 57, 58, 59, 60, 57, 60, 60, 56, 58, 61, 58, 57, 60, 57,
    56, 58, 57, 59, 59, 58, 55, 60, 57, 55, 56, 58, 55, 59, 58, 55, 57,
    57, 58, 58, 55, 55, 56, 58, 55, 59, 59, 56, 59, 59, 59, 56, 54, 55,
    58 ]
