%YAML:1.0
---
videoName: "headLookUp8.mp4"
gestureLabel: 205
fps: 29
pixelSizeInCmTemp: 3.4214285714285714e-01
faceCenterPointX: 253
faceCenterPointY: 59
headPositionsX: [ 254, 252, 251, 255, 250, 253, 256, 251, 252, 252, 251,
    255, 251, 254, 253, 253, 251, 249, 252, 250, 253, 254, 254, 251, 252,
    251, 253, 254, 251, 252, 254, 253, 254, 252, 251, 251, 250, 250, 250,
    254, 254, 251, 253, 253, 251, 252, 251, 253, 253, 250, 254, 254, 252,
    254, 251, 254, 253, 250, 252, 253, 255, 252, 253, 252, 251, 252, 251,
    251, 250, 255, 254, 252, 253, 252, 250, 254, 253, 251, 251, 255, 253,
    251, 252, 253, 254, 253, 251, 254, 252, 255, 252, 255, 253, 251, 251,
    252, 251, 255, 251, 251 ]
headPositionsY: [ 59, 79, 77, 74, 78, 76, 79, 77, 75, 75, 76, 75, 76, 77,
    75, 71, 74, 69, 71, 72, 67, 68, 70, 67, 65, 69, 68, 63, 63, 65, 63,
    61, 62, 64, 64, 61, 60, 59, 62, 57, 57, 59, 59, 57, 58, 60, 58, 59,
    58, 58, 58, 60, 60, 58, 58, 58, 60, 58, 58, 58, 60, 57, 56, 59, 57,
    60, 59, 60, 57, 60, 58, 61, 59, 60, 60, 61, 61, 57, 58, 60, 61, 60,
    58, 57, 61, 60, 59, 59, 57, 60, 61, 60, 59, 57, 61, 61, 59, 57, 60,
    60 ]
