%YAML:1.0
---
videoName: "headLookUp7.mp4"
gestureLabel: 205
fps: 29
pixelSizeInCmTemp: 3.6846153846153845e-01
faceCenterPointX: 257
faceCenterPointY: 70
headPositionsX: [ 258, 259, 258, 255, 258, 256, 255, 254, 257, 257, 257,
    254, 255, 257, 258, 255, 258, 257, 257, 254, 255, 254, 256, 257, 255,
    255, 254, 256, 258, 258, 255, 257, 255, 253, 259, 253, 256, 255, 257,
    256, 254, 254, 257, 255, 258, 257, 255, 255, 255, 256, 257, 258, 256,
    253, 254, 255, 255, 256, 255, 257, 257, 256, 256, 258, 256, 259, 258,
    259, 258, 258, 255, 257, 255, 257, 256, 258, 255, 258, 257, 257, 255,
    256, 259, 255, 257, 257, 255, 256, 255, 257, 254, 256, 256, 255, 255,
    258, 258, 254, 258, 257 ]
headPositionsY: [ 72, 82, 81, 82, 85, 83, 82, 85, 84, 84, 85, 84, 85, 83,
    84, 83, 80, 83, 81, 80, 80, 76, 76, 78, 74, 75, 74, 73, 70, 69, 67,
    69, 68, 70, 71, 68, 70, 69, 71, 70, 67, 70, 67, 65, 70, 68, 69, 68,
    70, 70, 70, 67, 67, 70, 70, 67, 68, 70, 67, 69, 68, 68, 66, 72, 68,
    71, 69, 67, 71, 70, 71, 69, 68, 69, 67, 69, 66, 69, 68, 68, 70, 69,
    67, 70, 68, 68, 66, 68, 66, 72, 67, 67, 68, 71, 67, 71, 69, 68, 69,
    70 ]
