%YAML:1.0
---
videoName: "headLookUp9.mp4"
gestureLabel: 205
fps: 29
pixelSizeInCmTemp: 3.3732394366197183e-01
faceCenterPointX: 251
faceCenterPointY: 57
headPositionsX: [ 250, 253, 253, 252, 251, 254, 251, 253, 251, 253, 251,
    251, 252, 251, 252, 251, 253, 253, 253, 251, 253, 252, 252, 252, 251,
    252, 252, 253, 252, 253, 252, 250, 253, 250, 251, 250, 254, 250, 254,
    249, 251, 254, 249, 250, 254, 252, 252, 249, 253, 253, 251, 253, 251,
    251, 249, 253, 250, 251, 251, 253, 253, 249, 250, 249, 248, 250, 253,
    253, 252, 249, 249, 253, 252, 251, 251, 252, 250, 251, 253, 249, 249,
    250, 250, 251, 252, 250, 250, 253, 249, 249, 250, 253, 250, 253, 250,
    250, 250, 252, 252, 252 ]
headPositionsY: [ 56, 76, 75, 75, 73, 75, 72, 72, 75, 76, 74, 73, 74, 75,
    74, 76, 74, 75, 75, 72, 75, 76, 75, 75, 73, 74, 75, 73, 75, 72, 72,
    72, 72, 69, 72, 66, 70, 68, 67, 67, 64, 64, 63, 60, 62, 60, 60, 62,
    59, 61, 59, 59, 59, 58, 58, 61, 59, 59, 57, 55, 61, 56, 59, 56, 57,
    58, 56, 59, 56, 58, 57, 57, 57, 55, 59, 57, 59, 58, 59, 56, 56, 59,
    59, 59, 57, 59, 56, 56, 59, 58, 56, 58, 59, 58, 55, 55, 55, 56, 56,
    57 ]
