%YAML:1.0
---
videoName: "headLookUp1.mp4"
gestureLabel: 205
fps: 29
pixelSizeInCmTemp: 3.7421874999999999e-01
faceCenterPointX: 258
faceCenterPointY: 66
headPositionsX: [ 256, 258, 257, 260, 260, 257, 259, 261, 256, 260, 259,
    260, 258, 258, 259, 261, 260, 260, 258, 261, 260, 258, 260, 260, 261,
    258, 262, 260, 257, 259, 258, 259, 257, 261, 257, 260, 260, 259, 257,
    258, 261, 257, 258, 259, 260, 260, 260, 258, 261, 257, 259, 257, 257,
    257, 257, 254, 261, 258, 256, 258, 256, 258, 258, 259, 256, 256, 257,
    256, 257, 257, 258, 260, 261, 257, 259, 258, 260, 258, 261, 256, 258,
    255, 258, 256, 259, 260, 255, 257, 257, 257, 256, 258, 260, 258, 260,
    259, 257, 258, 259, 259 ]
headPositionsY: [ 66, 79, 83, 81, 80, 82, 79, 81, 79, 78, 82, 82, 81, 83,
    78, 82, 82, 80, 81, 83, 80, 80, 83, 81, 82, 80, 83, 81, 79, 80, 79,
    81, 79, 80, 82, 81, 80, 79, 79, 81, 80, 80, 78, 74, 74, 73, 68, 68,
    70, 68, 68, 68, 66, 64, 68, 65, 65, 64, 65, 63, 66, 66, 67, 65, 65,
    64, 67, 63, 67, 65, 68, 64, 67, 68, 68, 63, 65, 63, 65, 65, 65, 65,
    64, 66, 64, 66, 65, 66, 65, 64, 64, 69, 65, 65, 64, 67, 65, 68, 66,
    65 ]
