%YAML:1.0
---
videoName: "headLookUp9.mp4"
gestureLabel: 205
fps: 29
pixelSizeInCmTemp: 3.3732394366197183e-01
faceCenterPointX: 251
faceCenterPointY: 57
headPositionsX: [ 252, 250, 254, 253, 251, 252, 252, 253, 249, 252, 252,
    253, 253, 252, 251, 253, 251, 249, 251, 249, 252, 250, 252, 249, 250,
    250, 253, 253, 249, 254, 250, 252, 251, 251, 253, 251, 252, 253, 252,
    249, 249, 252, 253, 252, 252, 251, 251, 249, 250, 253, 254, 251, 250,
    251, 249, 251, 252, 249, 251, 253, 250, 252, 253, 252, 249, 249, 252,
    252, 249, 253, 251, 250, 251, 251, 253, 252, 249, 252, 249, 252, 252,
    249, 251, 253, 252, 252, 251, 251, 253, 253, 249, 253, 250, 254, 251,
    253, 250, 253, 254, 252 ]
headPositionsY: [ 57, 72, 74, 72, 72, 72, 74, 73, 74, 73, 74, 74, 73, 73,
    75, 75, 76, 75, 75, 76, 73, 76, 74, 73, 76, 71, 72, 72, 76, 75, 70,
    74, 69, 69, 71, 70, 68, 66, 66, 65, 67, 63, 63, 59, 62, 59, 63, 58,
    58, 58, 57, 59, 57, 60, 58, 58, 59, 58, 57, 59, 61, 58, 56, 59, 59,
    59, 59, 58, 57, 59, 59, 56, 56, 59, 55, 58, 57, 55, 58, 58, 59, 56,
    57, 57, 57, 58, 55, 55, 59, 56, 55, 56, 58, 56, 55, 59, 54, 57, 58,
    57 ]
