%YAML:1.0
---
videoName: "headLookUp3.mp4"
gestureLabel: 205
fps: 29
pixelSizeInCmTemp: 3.7421874999999999e-01
faceCenterPointX: 254
faceCenterPointY: 68
headPositionsX: [ 256, 257, 255, 256, 256, 257, 256, 255, 253, 257, 254,
    255, 256, 257, 255, 258, 255, 257, 255, 258, 258, 258, 258, 259, 256,
    255, 258, 258, 258, 255, 257, 259, 257, 257, 255, 256, 254, 256, 255,
    254, 254, 254, 257, 254, 254, 254, 256, 255, 255, 257, 256, 256, 255,
    255, 253, 257, 253, 253, 252, 254, 253, 258, 252, 256, 253, 254, 257,
    255, 257, 257, 252, 257, 253, 257, 252, 255, 256, 257, 254, 256, 254,
    253, 254, 255, 253, 257, 256, 256, 255, 255, 256, 258, 257, 254, 255,
    253, 253, 259, 257, 258 ]
headPositionsY: [ 67, 85, 81, 84, 80, 80, 84, 82, 81, 81, 81, 84, 80, 82,
    84, 83, 80, 82, 83, 82, 80, 84, 82, 84, 81, 80, 81, 83, 83, 84, 80,
    83, 80, 82, 85, 81, 83, 80, 80, 80, 80, 76, 77, 75, 74, 73, 70, 70,
    69, 68, 67, 69, 67, 70, 68, 69, 70, 67, 66, 65, 65, 68, 69, 68, 66,
    66, 64, 66, 69, 66, 67, 70, 69, 65, 68, 69, 69, 68, 66, 66, 68, 66,
    67, 68, 68, 67, 66, 68, 69, 69, 69, 68, 67, 69, 68, 67, 68, 68, 68,
    68 ]
