%YAML:1.0
---
videoName: "headLookUp3.mp4"
gestureLabel: 205
fps: 29
pixelSizeInCmTemp: 3.7421874999999999e-01
faceCenterPointX: 254
faceCenterPointY: 68
headPositionsX: [ 255, 254, 257, 254, 253, 255, 253, 256, 257, 256, 258,
    256, 257, 254, 255, 258, 257, 258, 256, 256, 255, 257, 259, 259, 255,
    255, 256, 257, 255, 256, 256, 255, 255, 258, 256, 253, 257, 254, 255,
    254, 256, 256, 255, 254, 254, 254, 255, 254, 255, 255, 253, 257, 257,
    256, 253, 255, 257, 255, 255, 257, 256, 255, 256, 258, 253, 252, 257,
    252, 253, 253, 254, 257, 257, 258, 253, 254, 252, 256, 256, 255, 257,
    253, 257, 253, 252, 257, 256, 253, 258, 256, 258, 255, 254, 258, 254,
    255, 253, 257, 256, 254 ]
headPositionsY: [ 68, 82, 84, 80, 80, 84, 81, 80, 83, 83, 81, 83, 80, 80,
    80, 84, 83, 82, 83, 83, 80, 83, 81, 82, 80, 84, 83, 82, 81, 82, 80,
    83, 80, 84, 82, 80, 83, 78, 79, 77, 78, 78, 76, 77, 72, 70, 71, 68,
    71, 69, 67, 66, 67, 66, 68, 69, 68, 64, 67, 69, 66, 67, 68, 69, 68,
    68, 67, 69, 68, 70, 66, 67, 65, 68, 68, 69, 66, 70, 65, 70, 68, 66,
    66, 66, 67, 67, 69, 66, 66, 68, 69, 68, 67, 69, 67, 68, 71, 70, 70,
    65 ]
