%YAML:1.0
---
videoName: "headLookUp8.mp4"
gestureLabel: 205
fps: 29
pixelSizeInCmTemp: 3.4214285714285714e-01
faceCenterPointX: 253
faceCenterPointY: 59
headPositionsX: [ 254, 250, 254, 253, 251, 251, 255, 252, 253, 254, 254,
    254, 253, 251, 253, 254, 254, 253, 252, 252, 250, 252, 252, 253, 252,
    254, 250, 250, 250, 252, 253, 253, 251, 251, 251, 252, 254, 252, 253,
    250, 251, 252, 250, 253, 254, 254, 254, 251, 252, 253, 253, 251, 251,
    252, 254, 254, 253, 252, 250, 253, 253, 251, 251, 253, 251, 252, 253,
    253, 253, 253, 253, 250, 250, 251, 250, 255, 255, 253, 251, 251, 254,
    255, 252, 253, 252, 254, 253, 253, 254, 253, 255, 254, 255, 253, 255,
    250, 251, 253, 252, 252 ]
headPositionsY: [ 61, 79, 78, 76, 77, 78, 78, 74, 74, 74, 76, 76, 73, 75,
    76, 74, 70, 70, 70, 69, 68, 69, 67, 65, 68, 65, 66, 67, 64, 64, 63,
    64, 60, 62, 63, 59, 63, 60, 62, 57, 58, 59, 62, 59, 60, 56, 57, 62,
    60, 59, 57, 56, 59, 59, 57, 57, 61, 58, 56, 60, 58, 61, 57, 57, 57,
    57, 56, 57, 60, 57, 59, 59, 58, 61, 58, 57, 58, 58, 57, 60, 59, 59,
    58, 58, 59, 60, 57, 58, 59, 60, 59, 59, 57, 57, 59, 59, 59, 60, 59,
    57 ]
