%YAML:1.0
---
videoName: "headLookUp7.mp4"
gestureLabel: 205
fps: 29
pixelSizeInCmTemp: 3.6846153846153845e-01
faceCenterPointX: 257
faceCenterPointY: 70
headPositionsX: [ 255, 255, 255, 255, 254, 256, 254, 258, 258, 255, 257,
    255, 258, 258, 257, 255, 256, 254, 257, 257, 256, 255, 256, 255, 253,
    255, 255, 257, 258, 256, 254, 255, 257, 253, 259, 253, 255, 255, 258,
    256, 256, 257, 256, 255, 254, 253, 255, 256, 254, 256, 255, 255, 257,
    256, 254, 255, 258, 257, 255, 257, 258, 256, 256, 255, 254, 258, 256,
    257, 256, 255, 259, 255, 258, 256, 259, 258, 255, 255, 258, 257, 256,
    255, 258, 259, 257, 259, 258, 257, 254, 257, 255, 254, 255, 255, 256,
    258, 258, 256, 257, 259 ]
headPositionsY: [ 69, 81, 81, 81, 83, 82, 80, 84, 81, 84, 81, 81, 84, 85,
    83, 85, 83, 81, 79, 79, 79, 77, 76, 78, 72, 72, 75, 72, 73, 70, 66,
    69, 69, 69, 70, 71, 67, 71, 70, 67, 66, 67, 67, 65, 68, 67, 67, 67,
    70, 67, 66, 67, 69, 69, 66, 71, 69, 67, 70, 65, 66, 72, 69, 71, 66,
    67, 70, 69, 69, 69, 68, 69, 68, 70, 71, 69, 69, 69, 70, 71, 67, 70,
    68, 71, 70, 70, 70, 68, 68, 70, 70, 67, 69, 70, 67, 70, 69, 69, 70,
    68 ]
