%YAML:1.0
---
videoName: "headLookUp2.mp4"
gestureLabel: 205
fps: 29
pixelSizeInCmTemp: 3.7421874999999999e-01
faceCenterPointX: 254
faceCenterPointY: 67
headPositionsX: [ 253, 256, 257, 254, 254, 255, 255, 254, 256, 257, 254,
    257, 258, 256, 257, 254, 255, 255, 256, 253, 254, 255, 255, 254, 257,
    254, 255, 257, 254, 255, 252, 254, 256, 252, 255, 252, 252, 256, 254,
    256, 254, 253, 253, 252, 252, 255, 257, 254, 254, 256, 256, 254, 255,
    255, 253, 257, 251, 253, 255, 256, 251, 252, 253, 252, 252, 251, 252,
    255, 253, 252, 255, 254, 253, 257, 254, 252, 252, 252, 255, 256, 254,
    255, 255, 255, 254, 252, 252, 255, 257, 254, 255, 252, 252, 255, 252,
    254, 254, 255, 256, 254 ]
headPositionsY: [ 67, 80, 81, 79, 83, 83, 80, 82, 82, 83, 80, 82, 82, 82,
    78, 82, 79, 79, 79, 83, 83, 83, 80, 81, 84, 79, 80, 83, 79, 79, 81,
    79, 79, 81, 80, 80, 80, 79, 79, 81, 82, 82, 78, 78, 76, 76, 73, 71,
    72, 69, 71, 69, 69, 66, 66, 71, 65, 67, 65, 65, 66, 67, 70, 70, 69,
    66, 67, 69, 70, 67, 68, 66, 70, 67, 69, 66, 70, 69, 69, 71, 65, 65,
    70, 65, 70, 67, 64, 67, 67, 68, 67, 68, 68, 66, 65, 64, 67, 66, 66,
    66 ]
