%YAML:1.0
---
videoName: "headLookUp8.mp4"
gestureLabel: 205
fps: 29
pixelSizeInCmTemp: 3.4214285714285714e-01
faceCenterPointX: 253
faceCenterPointY: 59
headPositionsX: [ 251, 250, 252, 254, 254, 254, 253, 255, 252, 250, 251,
    255, 253, 254, 252, 254, 255, 250, 251, 251, 253, 254, 252, 252, 251,
    252, 252, 252, 251, 250, 252, 253, 251, 252, 253, 251, 250, 252, 253,
    250, 250, 251, 254, 252, 255, 252, 250, 251, 254, 250, 251, 251, 251,
    250, 253, 253, 252, 253, 254, 250, 251, 251, 251, 254, 251, 253, 254,
    251, 253, 253, 253, 254, 254, 255, 251, 254, 253, 252, 255, 254, 251,
    253, 254, 251, 252, 251, 253, 253, 253, 252, 251, 251, 255, 251, 251,
    253, 251, 251, 254, 251 ]
headPositionsY: [ 57, 77, 77, 77, 74, 75, 76, 77, 77, 77, 77, 75, 77, 77,
    72, 70, 72, 68, 73, 72, 71, 66, 69, 69, 65, 68, 67, 66, 63, 62, 62,
    64, 63, 62, 64, 62, 62, 60, 58, 58, 59, 60, 60, 59, 59, 60, 58, 62,
    59, 57, 57, 56, 57, 60, 60, 56, 57, 57, 58, 60, 60, 59, 57, 57, 59,
    59, 57, 61, 57, 60, 60, 58, 57, 58, 57, 57, 59, 59, 61, 61, 61, 58,
    57, 60, 61, 58, 60, 60, 60, 59, 57, 60, 61, 61, 61, 57, 60, 59, 61,
    59 ]
