%YAML:1.0
---
videoName: "headLookUp1.mp4"
gestureLabel: 205
fps: 29
pixelSizeInCmTemp: 3.7421874999999999e-01
faceCenterPointX: 258
faceCenterPointY: 66
headPositionsX: [ 258, 258, 258, 258, 258, 257, 261, 258, 258, 260, 258,
    258, 261, 259, 260, 260, 260, 259, 260, 260, 258, 261, 260, 258, 261,
    258, 261, 260, 258, 256, 260, 259, 260, 257, 257, 256, 258, 258, 259,
    257, 259, 257, 260, 259, 257, 260, 257, 257, 261, 259, 258, 256, 256,
    259, 256, 256, 259, 255, 255, 258, 256, 260, 260, 259, 256, 259, 256,
    256, 258, 257, 259, 258, 262, 258, 256, 258, 257, 257, 261, 258, 258,
    254, 262, 258, 258, 259, 255, 256, 260, 261, 256, 257, 258, 258, 257,
    255, 257, 259, 258, 257 ]
headPositionsY: [ 64, 79, 79, 81, 83, 79, 83, 81, 79, 81, 82, 82, 84, 82,
    81, 81, 80, 79, 81, 81, 82, 84, 80, 79, 82, 79, 79, 83, 81, 81, 79,
    80, 82, 80, 79, 80, 80, 79, 78, 78, 79, 79, 75, 77, 76, 71, 71, 69,
    66, 65, 65, 66, 65, 65, 65, 62, 66, 65, 68, 63, 66, 65, 69, 67, 66,
    65, 68, 65, 64, 64, 67, 65, 63, 64, 65, 66, 66, 66, 64, 62, 68, 64,
    68, 67, 62, 65, 63, 66, 67, 63, 63, 67, 67, 67, 68, 64, 63, 65, 67,
    66 ]
