%YAML:1.0
---
videoName: "headLookUp2.mp4"
gestureLabel: 205
fps: 29
pixelSizeInCmTemp: 3.7421874999999999e-01
faceCenterPointX: 254
faceCenterPointY: 67
headPositionsX: [ 256, 256, 257, 254, 257, 256, 254, 253, 254, 254, 258,
    255, 255, 253, 256, 253, 253, 257, 256, 255, 255, 253, 255, 255, 255,
    253, 255, 255, 256, 256, 255, 254, 253, 252, 253, 252, 254, 256, 255,
    256, 256, 256, 253, 254, 254, 253, 256, 256, 256, 257, 254, 256, 255,
    255, 253, 256, 252, 255, 256, 253, 254, 255, 252, 251, 251, 254, 254,
    256, 255, 251, 253, 253, 254, 257, 255, 254, 254, 253, 253, 256, 254,
    252, 257, 253, 256, 253, 252, 256, 254, 252, 255, 254, 253, 256, 256,
    255, 254, 252, 253, 253 ]
headPositionsY: [ 65, 79, 80, 80, 81, 83, 83, 80, 82, 79, 84, 81, 80, 82,
    78, 82, 82, 82, 78, 81, 82, 81, 81, 80, 80, 79, 79, 80, 81, 83, 81,
    79, 81, 79, 81, 79, 78, 81, 81, 79, 81, 81, 79, 74, 78, 77, 73, 72,
    68, 69, 70, 69, 66, 67, 68, 69, 65, 70, 66, 66, 69, 69, 67, 67, 68,
    70, 68, 68, 70, 67, 65, 68, 69, 70, 67, 66, 69, 71, 66, 69, 68, 68,
    69, 68, 68, 70, 67, 68, 66, 70, 67, 67, 67, 68, 67, 68, 66, 67, 67,
    69 ]
