%YAML:1.0
---
videoName: "headLookUp1.mp4"
gestureLabel: 205
fps: 29
pixelSizeInCmTemp: 3.7421874999999999e-01
faceCenterPointX: 258
faceCenterPointY: 66
headPositionsX: [ 260, 260, 260, 259, 258, 261, 261, 259, 260, 257, 260,
    257, 258, 257, 260, 260, 261, 259, 257, 257, 259, 258, 256, 258, 260,
    258, 259, 259, 258, 256, 259, 260, 257, 259, 261, 258, 258, 260, 257,
    260, 260, 256, 261, 258, 258, 258, 257, 260, 261, 257, 257, 257, 260,
    259, 260, 258, 257, 254, 256, 259, 259, 258, 257, 256, 256, 259, 256,
    259, 257, 256, 256, 260, 261, 257, 258, 259, 260, 257, 258, 257, 258,
    258, 259, 256, 260, 259, 259, 257, 258, 261, 257, 260, 260, 258, 260,
    255, 256, 258, 259, 258 ]
headPositionsY: [ 66, 78, 81, 82, 82, 79, 82, 79, 80, 80, 79, 79, 81, 82,
    79, 79, 82, 81, 82, 81, 82, 81, 81, 81, 81, 79, 81, 82, 83, 78, 82,
    79, 79, 83, 81, 78, 81, 83, 79, 80, 78, 76, 79, 76, 72, 70, 68, 69,
    67, 66, 65, 68, 64, 67, 67, 64, 65, 66, 67, 64, 69, 64, 69, 65, 64,
    65, 65, 66, 66, 62, 67, 63, 64, 66, 69, 65, 67, 66, 67, 66, 64, 66,
    66, 64, 63, 68, 67, 67, 65, 66, 64, 70, 67, 64, 68, 63, 67, 67, 65,
    68 ]
