%YAML:1.0
---
videoName: "headLookUp5.mp4"
gestureLabel: 205
fps: 29
pixelSizeInCmTemp: 3.6287878787878786e-01
faceCenterPointX: 256
faceCenterPointY: 67
headPositionsX: [ 258, 257, 257, 258, 258, 256, 255, 256, 255, 258, 258,
    255, 255, 258, 254, 258, 255, 256, 256, 258, 256, 256, 256, 257, 254,
    255, 256, 255, 255, 255, 256, 257, 254, 257, 254, 258, 255, 257, 255,
    256, 259, 259, 255, 256, 256, 258, 252, 257, 255, 255, 255, 255, 253,
    255, 254, 256, 257, 255, 255, 255, 255, 257, 254, 257, 258, 258, 255,
    257, 257, 256, 255, 255, 256, 256, 255, 256, 257, 255, 254, 256, 257,
    256, 254, 258, 256, 256, 254, 256, 254, 253, 256, 256, 255, 257, 254,
    257, 257, 254, 257, 258 ]
headPositionsY: [ 67, 84, 82, 80, 80, 80, 84, 80, 80, 82, 82, 81, 80, 84,
    82, 79, 80, 83, 83, 81, 82, 81, 81, 80, 82, 79, 80, 82, 79, 78, 82,
    78, 80, 81, 80, 78, 74, 74, 70, 71, 68, 69, 68, 67, 66, 71, 67, 66,
    66, 70, 66, 71, 69, 69, 67, 70, 70, 68, 69, 70, 69, 69, 69, 70, 65,
    68, 69, 66, 68, 65, 66, 69, 69, 65, 67, 65, 70, 67, 67, 66, 69, 67,
    69, 66, 68, 68, 68, 70, 66, 67, 70, 66, 64, 65, 65, 66, 68, 68, 65,
    68 ]
