%YAML:1.0
---
videoName: "headLookUp1.mp4"
gestureLabel: 205
fps: 29
pixelSizeInCmTemp: 3.7421874999999999e-01
faceCenterPointX: 258
faceCenterPointY: 66
headPositionsX: [ 256, 259, 260, 258, 257, 261, 257, 261, 260, 257, 261,
    257, 259, 257, 256, 259, 262, 260, 258, 260, 257, 258, 259, 260, 261,
    258, 259, 260, 257, 256, 258, 258, 259, 259, 260, 259, 256, 256, 257,
    258, 260, 260, 261, 260, 257, 259, 258, 261, 257, 256, 257, 257, 260,
    259, 257, 254, 261, 257, 257, 256, 260, 258, 258, 258, 254, 259, 259,
    258, 257, 259, 256, 256, 260, 260, 259, 256, 257, 259, 257, 258, 258,
    257, 260, 256, 260, 258, 257, 259, 258, 257, 258, 260, 259, 255, 260,
    257, 259, 258, 256, 259 ]
headPositionsY: [ 65, 82, 83, 78, 81, 82, 80, 79, 80, 82, 81, 82, 81, 80,
    82, 82, 81, 81, 81, 81, 79, 83, 80, 81, 82, 83, 83, 82, 80, 80, 81,
    83, 80, 79, 79, 80, 82, 79, 79, 78, 79, 78, 79, 77, 72, 70, 71, 67,
    68, 65, 66, 64, 63, 65, 65, 61, 67, 62, 64, 65, 66, 65, 67, 65, 64,
    64, 66, 64, 66, 62, 67, 65, 66, 67, 66, 67, 64, 64, 65, 63, 64, 65,
    65, 63, 66, 69, 65, 65, 64, 67, 63, 66, 66, 66, 68, 63, 65, 68, 65,
    69 ]
