%YAML:1.0
---
videoName: "headLookUp4.mp4"
gestureLabel: 205
fps: 30
pixelSizeInCmTemp: 3.6846153846153845e-01
faceCenterPointX: 256
faceCenterPointY: 68
headPositionsX: [ 258, 257, 256, 255, 254, 257, 255, 256, 256, 257, 257,
    257, 255, 258, 257, 256, 254, 257, 257, 254, 254, 258, 255, 256, 257,
    254, 254, 255, 256, 254, 257, 257, 253, 256, 254, 254, 254, 254, 253,
    253, 254, 257, 254, 256, 256, 257, 258, 257, 257, 256, 254, 258, 254,
    255, 258, 256, 257, 257, 255, 253, 253, 257, 253, 255, 254, 254, 255,
    256, 256, 256, 256, 257, 257, 258, 255, 256, 257, 257, 256, 254, 255,
    255, 257, 254, 257, 258, 259, 254, 257, 255, 256, 258, 258, 255, 259,
    253, 255, 259, 254, 257 ]
headPositionsY: [ 70, 83, 81, 83, 84, 80, 81, 84, 80, 82, 82, 82, 83, 81,
    80, 83, 81, 81, 80, 80, 80, 80, 81, 80, 77, 75, 77, 72, 73, 69, 72,
    69, 69, 68, 71, 65, 68, 70, 70, 70, 68, 71, 70, 70, 68, 70, 69, 71,
    68, 69, 67, 71, 70, 70, 69, 67, 69, 72, 69, 72, 66, 69, 67, 68, 72,
    70, 72, 71, 72, 72, 69, 68, 68, 70, 68, 70, 70, 70, 68, 69, 70, 70,
    69, 67, 69, 69, 71, 70, 71, 72, 68, 70, 68, 69, 69, 69, 70, 72, 66,
    71 ]
