%YAML:1.0
---
videoName: "headLookUp7.mp4"
gestureLabel: 205
fps: 29
pixelSizeInCmTemp: 3.6846153846153845e-01
faceCenterPointX: 257
faceCenterPointY: 70
headPositionsX: [ 258, 255, 257, 254, 256, 254, 257, 257, 258, 258, 257,
    255, 258, 257, 255, 257, 257, 255, 255, 255, 254, 257, 254, 255, 256,
    259, 257, 256, 256, 254, 254, 255, 256, 254, 258, 254, 258, 255, 254,
    258, 254, 256, 256, 255, 258, 253, 258, 259, 257, 258, 253, 256, 256,
    256, 254, 256, 255, 254, 257, 255, 258, 256, 256, 256, 256, 258, 255,
    257, 255, 256, 258, 256, 256, 256, 258, 257, 255, 257, 257, 257, 257,
    258, 255, 257, 258, 258, 254, 259, 255, 257, 256, 258, 257, 256, 255,
    257, 260, 254, 255, 258 ]
headPositionsY: [ 72, 84, 83, 81, 83, 85, 82, 83, 85, 84, 84, 80, 82, 82,
    82, 84, 84, 83, 79, 78, 78, 78, 77, 78, 74, 71, 72, 72, 71, 67, 66,
    71, 68, 69, 70, 68, 67, 71, 69, 69, 67, 70, 65, 69, 69, 69, 69, 70,
    69, 71, 66, 68, 68, 67, 69, 69, 70, 71, 69, 67, 70, 70, 69, 72, 67,
    69, 70, 70, 70, 70, 69, 69, 69, 71, 71, 72, 67, 68, 68, 69, 71, 70,
    69, 69, 70, 68, 69, 68, 69, 71, 67, 70, 68, 70, 67, 71, 70, 68, 68,
    71 ]
