%YAML:1.0
---
videoName: "headLookUp2.mp4"
gestureLabel: 205
fps: 29
pixelSizeInCmTemp: 3.7421874999999999e-01
faceCenterPointX: 254
faceCenterPointY: 67
headPositionsX: [ 256, 256, 257, 256, 256, 258, 258, 253, 254, 254, 257,
    255, 258, 255, 257, 255, 253, 254, 255, 253, 256, 252, 253, 253, 254,
    256, 256, 253, 254, 252, 254, 256, 255, 253, 254, 253, 255, 253, 256,
    256, 256, 254, 256, 255, 254, 256, 257, 253, 253, 256, 253, 254, 257,
    253, 254, 257, 253, 253, 254, 256, 254, 252, 254, 250, 251, 250, 254,
    256, 254, 251, 256, 254, 250, 253, 251, 250, 255, 255, 253, 253, 256,
    253, 253, 253, 257, 253, 251, 257, 253, 254, 254, 255, 252, 253, 256,
    256, 256, 252, 254, 254 ]
headPositionsY: [ 65, 79, 79, 81, 83, 83, 81, 81, 80, 82, 84, 83, 82, 82,
    78, 83, 83, 81, 78, 79, 81, 79, 80, 80, 83, 79, 81, 82, 78, 80, 79,
    81, 80, 82, 83, 81, 79, 80, 78, 81, 79, 80, 75, 74, 75, 77, 73, 73,
    68, 71, 70, 66, 69, 67, 67, 67, 67, 70, 67, 69, 69, 65, 70, 66, 68,
    68, 67, 66, 67, 64, 65, 64, 70, 70, 69, 67, 70, 71, 67, 71, 66, 66,
    67, 65, 68, 71, 64, 65, 70, 68, 71, 68, 68, 66, 66, 64, 65, 69, 69,
    66 ]
