%YAML:1.0
---
videoName: "headLookUp1.mp4"
gestureLabel: 205
fps: 29
pixelSizeInCmTemp: 3.7421874999999999e-01
faceCenterPointX: 258
faceCenterPointY: 66
headPositionsX: [ 260, 257, 258, 260, 260, 259, 258, 257, 259, 258, 257,
    260, 258, 258, 257, 257, 258, 256, 258, 261, 260, 261, 259, 258, 261,
    260, 260, 261, 259, 260, 259, 261, 260, 258, 261, 257, 258, 258, 260,
    258, 259, 260, 258, 260, 260, 259, 257, 259, 259, 257, 258, 259, 258,
    259, 259, 256, 258, 256, 258, 258, 260, 259, 258, 256, 256, 257, 256,
    260, 260, 257, 257, 260, 258, 261, 259, 256, 259, 259, 258, 257, 258,
    257, 259, 256, 257, 258, 255, 257, 260, 260, 256, 258, 256, 256, 257,
    255, 259, 257, 258, 261 ]
headPositionsY: [ 66, 79, 82, 80, 83, 79, 83, 80, 79, 82, 83, 80, 81, 80,
    79, 79, 79, 80, 79, 80, 82, 82, 83, 79, 79, 83, 81, 83, 82, 79, 80,
    82, 82, 81, 79, 80, 79, 82, 82, 78, 80, 77, 78, 75, 72, 70, 69, 67,
    70, 67, 68, 64, 63, 67, 67, 63, 67, 66, 65, 65, 67, 64, 68, 66, 65,
    64, 66, 65, 67, 62, 64, 67, 67, 68, 69, 63, 66, 64, 64, 62, 68, 68,
    66, 67, 64, 68, 67, 65, 63, 64, 62, 66, 68, 66, 64, 66, 63, 68, 66,
    66 ]
