%YAML:1.0
---
videoName: "headLookUp3.mp4"
gestureLabel: 205
fps: 29
pixelSizeInCmTemp: 3.7421874999999999e-01
faceCenterPointX: 254
faceCenterPointY: 68
headPositionsX: [ 252, 258, 257, 254, 253, 256, 254, 257, 253, 256, 257,
    254, 253, 257, 256, 257, 256, 256, 257, 258, 256, 255, 257, 257, 258,
    257, 258, 255, 255, 256, 258, 258, 255, 257, 256, 257, 255, 257, 254,
    256, 254, 257, 257, 256, 253, 254, 255, 254, 254, 258, 257, 258, 254,
    256, 253, 256, 255, 255, 254, 256, 252, 256, 252, 256, 257, 255, 256,
    252, 254, 257, 252, 254, 253, 257, 253, 258, 254, 254, 255, 255, 257,
    254, 254, 255, 252, 255, 254, 254, 258, 257, 254, 254, 254, 255, 254,
    257, 253, 255, 254, 255 ]
headPositionsY: [ 66, 82, 84, 83, 82, 84, 82, 80, 82, 83, 82, 84, 82, 82,
    83, 80, 81, 82, 83, 83, 80, 82, 83, 80, 83, 81, 84, 79, 83, 81, 82,
    83, 82, 84, 81, 83, 81, 79, 81, 80, 78, 75, 76, 75, 71, 70, 71, 70,
    70, 71, 65, 66, 70, 68, 67, 66, 69, 65, 67, 69, 66, 70, 67, 68, 66,
    68, 66, 66, 70, 68, 67, 68, 69, 67, 65, 66, 68, 70, 68, 67, 66, 68,
    66, 67, 67, 67, 66, 66, 65, 68, 67, 69, 70, 69, 65, 67, 69, 69, 68,
    65 ]
