%YAML:1.0
---
videoName: "headLookUp7.mp4"
gestureLabel: 205
fps: 29
pixelSizeInCmTemp: 3.6846153846153845e-01
faceCenterPointX: 257
faceCenterPointY: 70
headPositionsX: [ 256, 258, 255, 256, 257, 254, 258, 255, 257, 258, 257,
    254, 256, 255, 255, 255, 254, 258, 257, 257, 257, 254, 254, 257, 255,
    255, 258, 258, 258, 258, 257, 258, 258, 255, 259, 253, 257, 255, 258,
    257, 254, 258, 254, 257, 257, 257, 255, 256, 254, 257, 253, 255, 254,
    255, 258, 259, 255, 254, 254, 255, 258, 258, 255, 255, 256, 257, 258,
    257, 256, 255, 259, 256, 254, 255, 255, 259, 257, 255, 258, 258, 254,
    256, 258, 255, 254, 257, 254, 259, 256, 258, 255, 258, 259, 259, 259,
    257, 256, 258, 256, 255 ]
headPositionsY: [ 72, 84, 81, 80, 85, 83, 82, 81, 81, 84, 81, 82, 81, 85,
    81, 82, 82, 81, 80, 77, 78, 79, 75, 77, 73, 71, 73, 72, 73, 69, 66,
    69, 72, 71, 69, 68, 68, 68, 67, 69, 66, 70, 67, 65, 66, 71, 67, 66,
    67, 69, 70, 69, 69, 67, 69, 69, 67, 69, 69, 67, 70, 69, 70, 68, 68,
    67, 67, 69, 71, 69, 67, 66, 70, 69, 68, 70, 67, 68, 67, 67, 71, 69,
    67, 68, 67, 68, 69, 70, 70, 69, 67, 69, 71, 71, 69, 71, 70, 68, 72,
    70 ]
