%YAML:1.0
---
videoName: "headLookUp5.mp4"
gestureLabel: 205
fps: 29
pixelSizeInCmTemp: 3.6287878787878786e-01
faceCenterPointX: 256
faceCenterPointY: 67
headPositionsX: [ 257, 257, 255, 255, 258, 258, 258, 254, 257, 259, 258,
    257, 258, 256, 258, 258, 256, 258, 257, 257, 256, 254, 254, 254, 257,
    257, 258, 255, 258, 254, 258, 257, 257, 254, 255, 257, 259, 254, 258,
    259, 259, 257, 254, 257, 258, 256, 256, 254, 257, 257, 258, 255, 255,
    258, 257, 258, 256, 258, 255, 254, 256, 253, 254, 254, 254, 254, 255,
    256, 255, 257, 254, 254, 256, 256, 258, 257, 258, 254, 258, 256, 255,
    256, 257, 258, 254, 258, 257, 256, 257, 254, 257, 257, 255, 257, 254,
    258, 258, 256, 255, 257 ]
headPositionsY: [ 67, 81, 82, 79, 82, 80, 80, 83, 79, 80, 83, 82, 81, 82,
    82, 82, 80, 82, 82, 79, 80, 80, 80, 80, 83, 79, 83, 83, 78, 78, 80,
    80, 80, 78, 80, 77, 77, 75, 70, 71, 70, 67, 68, 67, 69, 69, 70, 70,
    69, 70, 67, 70, 70, 69, 69, 69, 70, 66, 68, 66, 70, 65, 67, 69, 66,
    69, 70, 68, 65, 66, 69, 67, 66, 69, 70, 65, 68, 66, 65, 69, 67, 69,
    67, 69, 67, 66, 66, 68, 67, 65, 69, 68, 68, 67, 65, 67, 65, 67, 69,
    69 ]
