%YAML:1.0
---
videoName: "headLookUp7.mp4"
gestureLabel: 205
fps: 29
pixelSizeInCmTemp: 3.6846153846153845e-01
faceCenterPointX: 257
faceCenterPointY: 70
headPositionsX: [ 258, 257, 256, 255, 255, 256, 257, 257, 256, 257, 255,
    254, 258, 257, 257, 258, 256, 257, 258, 258, 257, 256, 256, 254, 255,
    257, 257, 255, 254, 257, 254, 255, 258, 254, 255, 256, 256, 256, 254,
    255, 254, 254, 257, 254, 254, 256, 254, 255, 254, 258, 254, 258, 257,
    253, 258, 258, 258, 256, 254, 254, 255, 259, 258, 258, 256, 256, 255,
    257, 258, 258, 258, 254, 255, 255, 259, 256, 258, 258, 254, 258, 256,
    256, 259, 256, 254, 256, 255, 259, 257, 258, 255, 257, 255, 256, 256,
    256, 260, 254, 258, 256 ]
headPositionsY: [ 72, 85, 81, 83, 83, 84, 80, 84, 84, 81, 85, 80, 84, 85,
    84, 84, 81, 80, 82, 77, 82, 76, 79, 77, 72, 75, 73, 72, 72, 67, 66,
    71, 69, 72, 70, 68, 68, 70, 68, 68, 67, 68, 66, 69, 68, 71, 69, 68,
    66, 71, 67, 69, 68, 70, 70, 69, 69, 67, 68, 69, 67, 71, 69, 69, 68,
    70, 69, 71, 70, 71, 70, 66, 69, 69, 70, 71, 69, 72, 70, 71, 71, 71,
    71, 72, 67, 67, 66, 70, 68, 72, 70, 69, 69, 70, 70, 68, 72, 69, 72,
    70 ]
