%YAML:1.0
---
videoName: "headLookUp8.mp4"
gestureLabel: 205
fps: 29
pixelSizeInCmTemp: 3.4214285714285714e-01
faceCenterPointX: 253
faceCenterPointY: 59
headPositionsX: [ 254, 252, 252, 251, 253, 253, 255, 252, 252, 254, 253,
    254, 254, 253, 250, 250, 252, 252, 250, 253, 253, 251, 250, 252, 253,
    251, 250, 253, 253, 252, 252, 252, 251, 252, 253, 252, 252, 251, 251,
    252, 252, 250, 251, 250, 254, 252, 251, 250, 254, 250, 254, 251, 253,
    254, 252, 255, 253, 254, 254, 254, 255, 251, 252, 254, 255, 251, 254,
    253, 250, 252, 253, 252, 251, 255, 251, 252, 255, 254, 252, 254, 253,
    253, 255, 250, 250, 253, 253, 252, 252, 252, 254, 252, 252, 255, 254,
    253, 251, 254, 252, 251 ]
headPositionsY: [ 61, 75, 74, 75, 78, 79, 78, 74, 75, 75, 77, 75, 76, 75,
    74, 71, 72, 69, 73, 72, 70, 66, 68, 69, 67, 69, 67, 65, 61, 65, 62,
    60, 60, 63, 64, 63, 62, 61, 62, 57, 58, 57, 59, 57, 58, 59, 57, 58,
    59, 58, 58, 58, 59, 60, 58, 56, 57, 58, 59, 56, 59, 58, 56, 58, 57,
    58, 56, 60, 61, 60, 60, 57, 56, 60, 58, 58, 61, 57, 57, 58, 58, 58,
    57, 58, 59, 59, 60, 59, 61, 58, 57, 58, 58, 58, 59, 57, 60, 57, 60,
    58 ]
