%YAML:1.0
---
videoName: "headLookUp3.mp4"
gestureLabel: 205
fps: 29
pixelSizeInCmTemp: 3.7421874999999999e-01
faceCenterPointX: 254
faceCenterPointY: 68
headPositionsX: [ 253, 255, 255, 256, 255, 255, 255, 256, 255, 254, 257,
    255, 255, 257, 258, 256, 257, 255, 255, 257, 258, 254, 255, 259, 254,
    257, 257, 255, 257, 255, 257, 256, 255, 258, 256, 254, 256, 257, 257,
    255, 256, 258, 254, 254, 254, 255, 257, 254, 255, 258, 257, 254, 257,
    255, 256, 256, 256, 256, 256, 257, 255, 258, 253, 256, 257, 252, 256,
    256, 256, 256, 253, 256, 257, 256, 253, 256, 254, 256, 255, 257, 254,
    254, 255, 252, 256, 257, 255, 257, 254, 255, 257, 258, 258, 258, 256,
    253, 255, 257, 254, 256 ]
headPositionsY: [ 69, 81, 85, 80, 84, 83, 82, 80, 81, 83, 80, 80, 81, 80,
    81, 84, 79, 81, 84, 82, 83, 82, 81, 81, 84, 83, 83, 79, 84, 80, 82,
    80, 81, 84, 84, 80, 81, 80, 80, 78, 79, 75, 77, 73, 74, 72, 71, 71,
    69, 67, 66, 69, 66, 68, 67, 67, 71, 68, 70, 65, 67, 69, 69, 67, 66,
    65, 68, 67, 69, 70, 68, 70, 69, 66, 69, 65, 66, 66, 69, 69, 70, 69,
    68, 67, 66, 69, 66, 69, 65, 66, 69, 68, 69, 69, 68, 69, 68, 68, 66,
    66 ]
