%YAML:1.0
---
videoName: "headLookUp1.mp4"
gestureLabel: 205
fps: 29
pixelSizeInCmTemp: 3.7421874999999999e-01
faceCenterPointX: 258
faceCenterPointY: 66
headPositionsX: [ 257, 259, 260, 257, 257, 261, 258, 257, 258, 258, 257,
    257, 258, 259, 258, 257, 262, 256, 261, 260, 258, 259, 260, 259, 257,
    260, 259, 262, 256, 257, 261, 257, 260, 260, 258, 256, 259, 257, 260,
    261, 259, 259, 261, 257, 259, 260, 257, 257, 259, 258, 260, 256, 258,
    256, 260, 256, 258, 258, 258, 259, 258, 260, 257, 260, 258, 259, 256,
    257, 258, 256, 260, 260, 260, 257, 259, 257, 258, 257, 258, 259, 258,
    258, 259, 257, 257, 260, 259, 259, 259, 259, 260, 259, 256, 257, 258,
    256, 257, 257, 256, 258 ]
headPositionsY: [ 67, 80, 81, 78, 84, 80, 81, 80, 80, 81, 81, 80, 83, 81,
    82, 83, 81, 80, 81, 82, 82, 84, 82, 81, 80, 82, 80, 82, 83, 79, 79,
    82, 83, 80, 80, 82, 81, 81, 82, 80, 80, 76, 79, 78, 75, 72, 71, 70,
    67, 66, 67, 67, 66, 67, 66, 63, 65, 62, 68, 64, 69, 65, 67, 65, 67,
    65, 68, 63, 66, 66, 68, 63, 63, 66, 67, 63, 66, 63, 64, 63, 67, 65,
    68, 64, 64, 68, 67, 65, 65, 67, 62, 70, 65, 66, 66, 65, 66, 65, 65,
    65 ]
