%YAML:1.0
---
videoName: "headLookUp1.mp4"
gestureLabel: 205
fps: 29
pixelSizeInCmTemp: 3.7421874999999999e-01
faceCenterPointX: 258
faceCenterPointY: 66
headPositionsX: [ 257, 259, 261, 259, 261, 259, 257, 257, 259, 257, 258,
    259, 258, 261, 257, 259, 260, 258, 260, 259, 261, 258, 257, 258, 258,
    258, 258, 259, 257, 259, 260, 261, 257, 258, 260, 260, 258, 258, 260,
    258, 261, 258, 261, 257, 256, 258, 260, 260, 259, 256, 261, 259, 257,
    258, 257, 258, 261, 257, 259, 255, 257, 259, 261, 256, 255, 260, 257,
    256, 260, 257, 258, 256, 261, 260, 256, 256, 258, 260, 257, 256, 260,
    258, 261, 258, 257, 261, 256, 258, 256, 260, 256, 259, 256, 255, 259,
    255, 259, 260, 259, 260 ]
headPositionsY: [ 67, 78, 82, 82, 82, 83, 81, 79, 79, 78, 80, 81, 82, 82,
    80, 83, 79, 79, 81, 80, 82, 81, 80, 78, 81, 83, 81, 83, 81, 79, 80,
    82, 83, 79, 81, 80, 82, 81, 82, 80, 78, 80, 76, 76, 76, 74, 70, 67,
    70, 69, 67, 64, 63, 67, 67, 65, 68, 62, 68, 64, 68, 66, 67, 63, 66,
    64, 68, 62, 67, 64, 68, 66, 67, 66, 68, 67, 64, 67, 66, 62, 68, 64,
    67, 66, 63, 68, 64, 66, 67, 65, 66, 69, 66, 65, 68, 64, 67, 69, 65,
    68 ]
