%YAML:1.0
---
videoName: "headLookUp4.mp4"
gestureLabel: 205
fps: 30
pixelSizeInCmTemp: 3.6846153846153845e-01
faceCenterPointX: 256
faceCenterPointY: 68
headPositionsX: [ 257, 257, 256, 257, 254, 258, 256, 256, 256, 254, 258,
    255, 257, 257, 254, 254, 255, 255, 255, 254, 254, 256, 257, 255, 254,
    254, 255, 254, 254, 257, 259, 255, 255, 254, 258, 254, 255, 254, 254,
    255, 254, 255, 254, 254, 257, 256, 254, 254, 257, 256, 255, 254, 254,
    258, 254, 258, 256, 253, 256, 253, 255, 257, 253, 256, 254, 255, 256,
    254, 256, 255, 256, 254, 257, 258, 257, 259, 253, 255, 254, 256, 256,
    254, 257, 257, 258, 258, 255, 256, 256, 254, 256, 257, 259, 255, 259,
    254, 258, 259, 254, 255 ]
headPositionsY: [ 70, 80, 80, 83, 80, 83, 81, 84, 81, 83, 82, 81, 81, 81,
    84, 82, 81, 82, 84, 83, 82, 81, 78, 81, 79, 77, 75, 75, 74, 69, 69,
    71, 67, 70, 71, 65, 65, 70, 69, 71, 68, 71, 68, 67, 68, 69, 70, 69,
    67, 68, 67, 69, 67, 70, 71, 67, 68, 72, 70, 70, 65, 68, 65, 68, 68,
    70, 70, 69, 72, 72, 70, 69, 68, 68, 68, 70, 66, 68, 68, 66, 71, 68,
    71, 69, 67, 70, 68, 67, 72, 72, 70, 69, 72, 69, 69, 69, 67, 69, 67,
    71 ]
