%YAML:1.0
---
videoName: "headLookUp1.mp4"
gestureLabel: 205
fps: 29
pixelSizeInCmTemp: 3.7421874999999999e-01
faceCenterPointX: 258
faceCenterPointY: 66
headPositionsX: [ 260, 260, 261, 258, 260, 257, 259, 259, 258, 259, 260,
    258, 258, 261, 257, 260, 260, 260, 260, 260, 259, 259, 257, 256, 258,
    260, 261, 260, 256, 259, 259, 259, 259, 261, 258, 259, 259, 256, 257,
    261, 258, 257, 258, 258, 256, 257, 257, 257, 260, 260, 258, 255, 256,
    259, 259, 255, 258, 254, 258, 256, 256, 258, 260, 259, 257, 256, 257,
    256, 260, 259, 256, 260, 259, 257, 258, 258, 258, 258, 259, 259, 259,
    258, 261, 260, 256, 258, 258, 257, 256, 257, 257, 258, 257, 256, 260,
    258, 258, 258, 258, 258 ]
headPositionsY: [ 65, 78, 83, 82, 81, 81, 83, 82, 78, 78, 83, 81, 82, 79,
    78, 79, 81, 82, 81, 81, 81, 81, 83, 78, 80, 81, 81, 84, 83, 81, 81,
    79, 83, 80, 79, 81, 78, 81, 78, 82, 79, 80, 78, 78, 74, 73, 72, 71,
    70, 68, 68, 65, 63, 67, 67, 65, 66, 65, 68, 62, 65, 63, 68, 64, 64,
    63, 67, 65, 64, 63, 64, 66, 66, 65, 69, 67, 67, 65, 64, 62, 68, 66,
    64, 67, 66, 69, 64, 64, 66, 65, 62, 67, 64, 63, 65, 66, 64, 66, 65,
    65 ]
