%YAML:1.0
---
videoName: "headLookUp0.mp4"
gestureLabel: 205
fps: 29
pixelSizeInCmTemp: 3.6846153846153845e-01
faceCenterPointX: 258
faceCenterPointY: 66
headPositionsX: [ 257, 260, 258, 258, 260, 257, 258, 259, 261, 261, 260,
    259, 261, 259, 259, 261, 258, 259, 258, 262, 258, 261, 261, 260, 259,
    261, 257, 258, 261, 262, 258, 260, 260, 259, 257, 259, 257, 259, 258,
    257, 259, 259, 259, 258, 258, 256, 257, 257, 257, 256, 258, 260, 258,
    260, 256, 261, 256, 258, 258, 258, 257, 261, 257, 260, 257, 259, 259,
    255, 258, 257, 258, 257, 259, 256, 261, 259, 256, 261, 258, 259, 260,
    257, 258, 261, 257, 260, 261, 258, 257, 258, 260, 258, 255, 259, 256,
    258, 261, 258, 260, 257 ]
headPositionsY: [ 67, 80, 80, 83, 79, 81, 80, 79, 79, 79, 81, 79, 81, 81,
    78, 77, 79, 76, 73, 74, 72, 71, 68, 70, 69, 69, 69, 67, 69, 67, 68,
    66, 67, 65, 68, 64, 65, 67, 67, 65, 65, 66, 68, 65, 67, 69, 68, 69,
    69, 67, 66, 68, 66, 65, 68, 65, 67, 68, 68, 67, 67, 70, 67, 69, 67,
    66, 70, 65, 68, 64, 67, 69, 66, 66, 66, 70, 67, 66, 70, 69, 65, 68,
    66, 68, 67, 66, 70, 67, 65, 65, 69, 70, 68, 71, 67, 69, 69, 66, 68,
    71 ]
