%YAML:1.0
---
videoName: "headLookUp5.mp4"
gestureLabel: 205
fps: 29
pixelSizeInCmTemp: 3.6287878787878786e-01
faceCenterPointX: 256
faceCenterPointY: 67
headPositionsX: [ 258, 255, 259, 258, 255, 258, 257, 256, 257, 258, 255,
    256, 255, 258, 256, 257, 256, 256, 257, 258, 259, 257, 254, 258, 255,
    256, 254, 258, 257, 254, 256, 255, 257, 254, 257, 255, 255, 258, 255,
    255, 257, 257, 256, 258, 258, 255, 255, 258, 256, 258, 255, 258, 257,
    258, 256, 257, 254, 254, 253, 253, 259, 253, 257, 256, 258, 254, 256,
    256, 254, 254, 257, 256, 255, 258, 257, 256, 255, 255, 255, 257, 255,
    255, 257, 258, 256, 256, 256, 255, 258, 254, 256, 256, 256, 257, 256,
    256, 257, 255, 256, 258 ]
headPositionsY: [ 69, 84, 84, 81, 79, 80, 84, 80, 82, 80, 82, 82, 83, 81,
    80, 81, 82, 83, 81, 80, 82, 80, 81, 82, 81, 81, 81, 83, 80, 78, 79,
    78, 78, 81, 79, 75, 77, 74, 70, 73, 72, 70, 68, 68, 69, 69, 67, 69,
    66, 67, 66, 70, 70, 67, 70, 69, 67, 69, 66, 69, 68, 67, 69, 67, 67,
    68, 70, 68, 69, 69, 69, 67, 69, 69, 69, 68, 68, 68, 67, 67, 66, 66,
    70, 68, 66, 70, 67, 66, 70, 66, 66, 68, 67, 66, 67, 65, 65, 66, 68,
    68 ]
