%YAML:1.0
---
videoName: "headLookUp4.mp4"
gestureLabel: 205
fps: 30
pixelSizeInCmTemp: 3.6846153846153845e-01
faceCenterPointX: 256
faceCenterPointY: 68
headPositionsX: [ 256, 254, 256, 259, 257, 255, 254, 255, 257, 257, 255,
    258, 255, 255, 254, 253, 254, 257, 257, 257, 255, 256, 258, 254, 255,
    257, 258, 255, 255, 254, 258, 254, 256, 257, 258, 256, 257, 254, 257,
    254, 257, 258, 254, 253, 258, 256, 255, 254, 254, 253, 257, 257, 256,
    258, 257, 254, 257, 255, 254, 255, 256, 253, 255, 255, 254, 257, 256,
    257, 258, 254, 258, 258, 257, 255, 257, 256, 256, 255, 257, 256, 257,
    257, 256, 255, 255, 254, 259, 256, 259, 256, 258, 258, 259, 253, 257,
    254, 255, 256, 257, 254 ]
headPositionsY: [ 68, 81, 82, 84, 81, 84, 84, 81, 80, 83, 83, 81, 82, 81,
    81, 82, 80, 84, 82, 84, 82, 83, 78, 79, 78, 77, 78, 75, 76, 72, 70,
    70, 68, 72, 67, 66, 69, 70, 72, 67, 67, 71, 66, 67, 69, 70, 69, 69,
    67, 66, 68, 68, 71, 71, 71, 67, 70, 71, 67, 72, 66, 66, 65, 68, 71,
    68, 70, 70, 71, 72, 71, 71, 67, 69, 68, 70, 66, 70, 65, 70, 72, 70,
    69, 67, 68, 66, 69, 70, 71, 72, 70, 67, 69, 70, 68, 69, 68, 69, 68,
    68 ]
