%YAML:1.0
---
videoName: "headLookUp2.mp4"
gestureLabel: 205
fps: 29
pixelSizeInCmTemp: 3.7421874999999999e-01
faceCenterPointX: 254
faceCenterPointY: 67
headPositionsX: [ 256, 256, 256, 256, 258, 257, 256, 255, 255, 256, 257,
    256, 255, 256, 257, 253, 255, 253, 253, 253, 256, 253, 257, 257, 257,
    255, 255, 254, 254, 253, 255, 255, 256, 256, 253, 254, 253, 253, 254,
    255, 257, 254, 256, 254, 255, 257, 254, 252, 252, 255, 253, 257, 253,
    253, 255, 256, 254, 253, 255, 255, 253, 254, 256, 250, 252, 252, 252,
    255, 256, 252, 252, 253, 254, 256, 252, 253, 254, 255, 255, 256, 253,
    252, 254, 253, 258, 251, 252, 254, 257, 252, 253, 254, 251, 254, 256,
    256, 252, 252, 254, 254 ]
headPositionsY: [ 67, 82, 83, 79, 82, 79, 82, 79, 84, 81, 80, 82, 79, 82,
    79, 82, 79, 82, 80, 83, 82, 83, 82, 82, 83, 82, 82, 79, 82, 79, 79,
    81, 83, 82, 81, 81, 81, 80, 78, 80, 80, 79, 77, 78, 74, 77, 74, 72,
    72, 67, 67, 66, 68, 67, 68, 68, 66, 69, 67, 69, 66, 68, 67, 67, 69,
    70, 68, 69, 71, 66, 67, 66, 70, 67, 70, 66, 68, 67, 66, 70, 65, 68,
    68, 66, 71, 67, 68, 67, 70, 70, 69, 66, 66, 66, 67, 66, 64, 67, 68,
    68 ]
