%YAML:1.0
---
videoName: "headLookUp1.mp4"
gestureLabel: 205
fps: 29
pixelSizeInCmTemp: 3.7421874999999999e-01
faceCenterPointX: 258
faceCenterPointY: 66
headPositionsX: [ 258, 256, 260, 259, 260, 260, 258, 260, 258, 261, 260,
    261, 259, 257, 257, 258, 261, 259, 257, 259, 257, 260, 258, 260, 258,
    258, 261, 262, 259, 257, 259, 261, 261, 261, 260, 260, 257, 256, 256,
    261, 258, 259, 257, 256, 259, 259, 257, 258, 258, 258, 260, 258, 257,
    257, 259, 256, 257, 258, 256, 258, 260, 260, 261, 259, 257, 259, 260,
    257, 259, 255, 259, 256, 262, 258, 256, 256, 257, 261, 258, 256, 259,
    254, 262, 260, 256, 261, 259, 257, 259, 260, 259, 258, 256, 259, 260,
    259, 256, 258, 257, 260 ]
headPositionsY: [ 65, 80, 80, 79, 80, 79, 83, 82, 80, 78, 82, 79, 83, 82,
    80, 80, 80, 82, 80, 81, 82, 80, 81, 79, 80, 81, 83, 80, 79, 81, 82,
    80, 81, 81, 81, 81, 79, 81, 79, 79, 79, 79, 78, 76, 74, 73, 72, 69,
    69, 65, 66, 68, 66, 66, 68, 63, 67, 63, 66, 64, 69, 63, 68, 65, 64,
    63, 64, 66, 64, 63, 65, 67, 67, 68, 68, 67, 68, 63, 66, 63, 67, 66,
    65, 63, 65, 69, 64, 68, 65, 65, 62, 66, 65, 65, 68, 67, 63, 68, 67,
    66 ]
