%YAML:1.0
---
videoName: "headLookUp6.mp4"
gestureLabel: 205
fps: 30
pixelSizeInCmTemp: 3.7421874999999999e-01
faceCenterPointX: 255
faceCenterPointY: 70
headPositionsX: [ 256, 257, 257, 254, 256, 255, 254, 258, 257, 253, 257,
    254, 258, 254, 256, 257, 258, 254, 257, 254, 252, 255, 254, 255, 256,
    255, 256, 254, 253, 255, 253, 256, 258, 254, 254, 253, 253, 257, 255,
    253, 253, 257, 256, 257, 254, 257, 253, 253, 255, 252, 256, 254, 253,
    253, 253, 255, 253, 257, 255, 256, 256, 255, 253, 255, 252, 254, 257,
    254, 256, 254, 253, 254, 257, 253, 255, 255, 256, 253, 254, 256, 255,
    254, 253, 257, 257, 255, 255, 252, 256, 256, 257, 253, 253, 257, 254,
    254, 253, 253, 256, 257 ]
headPositionsY: [ 69, 83, 82, 81, 83, 84, 85, 85, 85, 81, 82, 81, 85, 86,
    84, 81, 83, 82, 83, 83, 82, 85, 85, 83, 83, 82, 80, 79, 78, 77, 74,
    71, 74, 70, 70, 71, 70, 70, 67, 72, 69, 67, 66, 68, 68, 67, 66, 71,
    67, 67, 67, 68, 68, 69, 66, 68, 71, 68, 70, 70, 70, 69, 68, 67, 69,
    68, 72, 69, 71, 71, 68, 67, 68, 67, 71, 69, 67, 71, 70, 70, 70, 70,
    70, 68, 71, 70, 69, 70, 72, 68, 69, 69, 69, 71, 67, 69, 69, 70, 68,
    66 ]
