%YAML:1.0
---
videoName: "headLookUp4.mp4"
gestureLabel: 205
fps: 30
pixelSizeInCmTemp: 3.6846153846153845e-01
faceCenterPointX: 256
faceCenterPointY: 68
headPositionsX: [ 256, 257, 254, 255, 256, 258, 256, 259, 256, 256, 256,
    259, 256, 258, 255, 254, 256, 256, 256, 256, 258, 254, 258, 258, 257,
    258, 258, 254, 258, 255, 256, 255, 255, 254, 258, 255, 258, 258, 253,
    255, 254, 256, 257, 255, 258, 258, 256, 255, 255, 254, 255, 257, 254,
    257, 255, 254, 256, 255, 255, 253, 253, 257, 255, 256, 256, 254, 255,
    256, 257, 254, 257, 258, 256, 256, 255, 256, 253, 255, 255, 255, 253,
    253, 255, 258, 254, 257, 259, 256, 255, 256, 256, 255, 257, 254, 258,
    255, 254, 257, 256, 256 ]
headPositionsY: [ 70, 82, 84, 82, 82, 84, 81, 85, 81, 83, 82, 84, 81, 84,
    80, 81, 84, 83, 84, 80, 82, 79, 81, 78, 79, 78, 75, 73, 76, 73, 69,
    68, 70, 72, 69, 65, 69, 69, 72, 67, 69, 71, 69, 69, 69, 68, 69, 70,
    70, 67, 71, 67, 68, 69, 71, 67, 68, 68, 67, 71, 69, 67, 68, 69, 70,
    71, 69, 72, 68, 72, 69, 68, 67, 68, 66, 69, 70, 68, 69, 70, 70, 68,
    69, 70, 67, 68, 72, 69, 72, 71, 69, 68, 71, 70, 72, 66, 68, 71, 69,
    68 ]
