%YAML:1.0
---
videoName: "headLookUp4.mp4"
gestureLabel: 205
fps: 30
pixelSizeInCmTemp: 3.6846153846153845e-01
faceCenterPointX: 256
faceCenterPointY: 68
headPositionsX: [ 254, 254, 254, 258, 256, 255, 257, 259, 254, 258, 254,
    259, 257, 257, 256, 257, 258, 258, 258, 257, 258, 255, 257, 258, 256,
    254, 257, 258, 255, 256, 256, 257, 254, 256, 256, 257, 254, 256, 256,
    256, 256, 254, 256, 255, 256, 258, 255, 253, 257, 254, 254, 254, 257,
    255, 257, 255, 256, 255, 254, 255, 257, 254, 253, 258, 256, 256, 254,
    256, 258, 256, 258, 258, 255, 256, 254, 259, 253, 258, 257, 254, 255,
    254, 255, 256, 258, 255, 256, 255, 258, 254, 257, 256, 258, 257, 256,
    254, 255, 259, 255, 257 ]
headPositionsY: [ 70, 82, 80, 83, 80, 84, 82, 81, 83, 81, 83, 80, 82, 81,
    81, 80, 80, 84, 80, 81, 81, 83, 78, 82, 81, 75, 75, 72, 72, 70, 71,
    70, 69, 68, 68, 67, 66, 69, 68, 70, 68, 72, 70, 70, 66, 71, 67, 69,
    69, 65, 68, 69, 67, 70, 67, 67, 68, 71, 67, 72, 66, 66, 65, 67, 72,
    72, 71, 71, 72, 72, 69, 69, 69, 70, 67, 71, 67, 69, 65, 67, 72, 70,
    70, 70, 70, 68, 71, 66, 71, 72, 71, 71, 70, 67, 70, 67, 70, 70, 66,
    71 ]
