%YAML:1.0
---
videoName: "headLookUp9.mp4"
gestureLabel: 205
fps: 29
pixelSizeInCmTemp: 3.3732394366197183e-01
faceCenterPointX: 251
faceCenterPointY: 57
headPositionsX: [ 251, 250, 251, 253, 252, 254, 250, 251, 252, 251, 253,
    250, 250, 251, 250, 252, 252, 249, 250, 250, 251, 253, 251, 252, 250,
    252, 251, 251, 250, 252, 250, 250, 250, 249, 252, 252, 254, 249, 250,
    251, 250, 253, 252, 252, 252, 253, 250, 252, 251, 249, 254, 250, 251,
    251, 250, 250, 251, 251, 251, 251, 253, 249, 252, 250, 252, 253, 253,
    251, 252, 252, 250, 253, 253, 252, 253, 253, 249, 252, 253, 249, 250,
    251, 252, 249, 249, 251, 249, 250, 250, 252, 249, 253, 251, 251, 249,
    252, 249, 252, 254, 249 ]
headPositionsY: [ 55, 72, 71, 72, 72, 76, 74, 72, 73, 77, 73, 76, 76, 73,
    77, 76, 75, 72, 72, 72, 75, 75, 73, 75, 75, 75, 73, 73, 75, 72, 73,
    72, 70, 70, 71, 68, 68, 65, 65, 67, 66, 65, 62, 63, 63, 61, 62, 58,
    60, 59, 59, 57, 61, 59, 56, 58, 58, 59, 57, 59, 58, 59, 57, 59, 59,
    57, 55, 57, 59, 59, 59, 55, 60, 57, 58, 54, 56, 55, 59, 58, 55, 59,
    57, 58, 58, 58, 55, 58, 57, 58, 56, 57, 58, 58, 57, 55, 55, 55, 56,
    54 ]
