%YAML:1.0
---
videoName: "headLookUp3.mp4"
gestureLabel: 205
fps: 29
pixelSizeInCmTemp: 3.7421874999999999e-01
faceCenterPointX: 254
faceCenterPointY: 68
headPositionsX: [ 254, 258, 258, 255, 257, 257, 256, 255, 257, 253, 256,
    256, 257, 254, 256, 256, 257, 255, 256, 258, 259, 258, 258, 256, 256,
    258, 258, 257, 255, 258, 258, 255, 259, 259, 254, 255, 257, 256, 258,
    258, 254, 257, 255, 256, 256, 258, 258, 256, 257, 254, 254, 254, 256,
    254, 254, 255, 253, 253, 252, 254, 253, 255, 256, 254, 255, 253, 255,
    252, 253, 256, 253, 254, 254, 256, 255, 257, 254, 255, 255, 256, 258,
    256, 254, 254, 253, 257, 258, 253, 257, 255, 256, 256, 255, 255, 256,
    253, 256, 257, 256, 254 ]
headPositionsY: [ 70, 84, 82, 80, 80, 82, 81, 81, 81, 82, 80, 84, 84, 81,
    81, 82, 82, 81, 81, 79, 81, 82, 81, 81, 83, 80, 83, 81, 80, 81, 81,
    81, 83, 83, 85, 81, 82, 79, 82, 77, 80, 79, 79, 75, 71, 71, 69, 69,
    71, 68, 68, 69, 66, 69, 70, 68, 69, 68, 69, 69, 64, 67, 69, 68, 69,
    67, 67, 68, 66, 66, 67, 66, 68, 67, 66, 66, 66, 69, 69, 67, 67, 67,
    70, 68, 67, 65, 67, 69, 68, 67, 69, 69, 66, 66, 65, 67, 69, 68, 70,
    66 ]
