%YAML:1.0
---
videoName: "headLookUp8.mp4"
gestureLabel: 205
fps: 29
pixelSizeInCmTemp: 3.4214285714285714e-01
faceCenterPointX: 253
faceCenterPointY: 59
headPositionsX: [ 253, 254, 255, 252, 253, 252, 254, 254, 255, 250, 254,
    251, 252, 251, 254, 251, 254, 251, 253, 250, 253, 250, 254, 250, 252,
    250, 251, 251, 253, 250, 253, 250, 251, 250, 252, 251, 251, 250, 252,
    254, 253, 250, 252, 252, 251, 251, 253, 253, 255, 249, 251, 252, 253,
    253, 253, 253, 253, 253, 251, 253, 251, 250, 251, 252, 252, 251, 254,
    253, 251, 251, 251, 254, 252, 251, 252, 252, 253, 251, 255, 251, 252,
    254, 255, 253, 251, 253, 253, 252, 255, 253, 253, 253, 251, 255, 252,
    253, 255, 254, 251, 255 ]
headPositionsY: [ 61, 75, 78, 75, 74, 77, 77, 76, 74, 77, 76, 77, 77, 76,
    73, 70, 74, 70, 73, 69, 68, 69, 69, 66, 68, 65, 65, 63, 65, 63, 65,
    62, 60, 64, 64, 61, 62, 60, 58, 58, 61, 59, 60, 58, 57, 58, 57, 62,
    57, 59, 58, 60, 60, 59, 58, 56, 59, 60, 58, 57, 58, 59, 56, 59, 59,
    59, 56, 59, 59, 61, 60, 57, 56, 57, 57, 58, 57, 60, 60, 61, 61, 57,
    61, 56, 57, 58, 60, 57, 57, 59, 58, 60, 58, 59, 61, 57, 59, 61, 61,
    60 ]
