%YAML:1.0
---
videoName: "headLookUp3.mp4"
gestureLabel: 205
fps: 29
pixelSizeInCmTemp: 3.7421874999999999e-01
faceCenterPointX: 254
faceCenterPointY: 68
headPositionsX: [ 253, 257, 256, 255, 256, 255, 255, 256, 254, 254, 258,
    255, 254, 258, 255, 257, 256, 258, 258, 256, 259, 256, 259, 259, 254,
    255, 255, 254, 254, 258, 258, 256, 259, 257, 258, 254, 258, 258, 258,
    254, 255, 258, 255, 256, 253, 254, 256, 256, 255, 255, 253, 256, 253,
    256, 255, 258, 253, 256, 254, 256, 256, 255, 253, 255, 253, 256, 257,
    255, 257, 254, 253, 258, 255, 255, 253, 258, 253, 257, 257, 255, 255,
    255, 257, 251, 253, 253, 255, 255, 258, 253, 257, 254, 254, 257, 252,
    256, 253, 255, 255, 258 ]
headPositionsY: [ 68, 85, 82, 83, 80, 81, 81, 82, 82, 82, 80, 81, 83, 82,
    81, 80, 81, 80, 80, 79, 80, 81, 81, 84, 82, 82, 80, 79, 84, 83, 81,
    84, 80, 83, 83, 81, 84, 80, 80, 81, 79, 79, 79, 73, 72, 70, 71, 70,
    70, 68, 66, 68, 67, 67, 67, 67, 71, 64, 68, 69, 67, 69, 66, 66, 70,
    66, 64, 69, 70, 67, 70, 69, 66, 68, 67, 65, 66, 70, 66, 67, 69, 67,
    66, 68, 65, 67, 66, 70, 68, 66, 68, 65, 68, 66, 65, 68, 68, 67, 67,
    68 ]
