%YAML:1.0
---
videoName: "headLookUp2.mp4"
gestureLabel: 205
fps: 29
pixelSizeInCmTemp: 3.7421874999999999e-01
faceCenterPointX: 254
faceCenterPointY: 67
headPositionsX: [ 253, 255, 256, 256, 257, 258, 255, 253, 257, 255, 258,
    257, 256, 256, 253, 255, 256, 253, 254, 257, 254, 253, 256, 255, 257,
    255, 255, 256, 257, 254, 256, 257, 256, 254, 257, 255, 255, 255, 254,
    253, 256, 257, 254, 253, 256, 254, 253, 255, 253, 255, 255, 257, 253,
    256, 254, 255, 254, 255, 253, 253, 254, 253, 252, 252, 251, 252, 252,
    252, 254, 251, 252, 252, 252, 253, 253, 251, 255, 254, 253, 256, 256,
    251, 253, 252, 258, 251, 254, 255, 256, 255, 256, 252, 255, 257, 254,
    256, 252, 256, 253, 256 ]
headPositionsY: [ 67, 78, 83, 80, 82, 79, 81, 83, 84, 82, 82, 79, 81, 80,
    80, 80, 83, 81, 80, 79, 80, 79, 81, 81, 82, 83, 81, 83, 80, 79, 81,
    79, 79, 82, 80, 81, 82, 78, 82, 78, 78, 78, 75, 76, 77, 74, 71, 71,
    68, 71, 67, 67, 68, 69, 69, 70, 68, 69, 68, 67, 68, 66, 67, 70, 67,
    68, 67, 67, 70, 67, 69, 65, 66, 70, 67, 68, 67, 71, 66, 71, 66, 66,
    70, 67, 68, 71, 67, 65, 69, 69, 70, 67, 69, 66, 68, 66, 67, 65, 67,
    66 ]
