%YAML:1.0
---
videoName: "headLookUp7.mp4"
gestureLabel: 205
fps: 29
pixelSizeInCmTemp: 3.6846153846153845e-01
faceCenterPointX: 257
faceCenterPointY: 70
headPositionsX: [ 256, 256, 256, 256, 255, 256, 257, 257, 254, 255, 257,
    255, 257, 256, 255, 258, 257, 254, 256, 258, 255, 257, 256, 256, 256,
    258, 258, 256, 257, 254, 253, 259, 256, 255, 256, 253, 258, 256, 256,
    255, 255, 254, 258, 254, 255, 257, 255, 255, 255, 257, 254, 257, 256,
    253, 257, 259, 256, 256, 256, 257, 254, 255, 258, 259, 255, 259, 254,
    257, 256, 254, 255, 257, 257, 255, 258, 256, 258, 258, 256, 256, 255,
    255, 257, 256, 256, 256, 258, 257, 255, 258, 255, 257, 256, 255, 259,
    258, 260, 257, 255, 255 ]
headPositionsY: [ 69, 83, 83, 81, 82, 82, 83, 81, 85, 84, 82, 80, 83, 82,
    82, 81, 82, 80, 79, 80, 82, 79, 75, 76, 72, 74, 71, 73, 71, 71, 67,
    72, 70, 72, 70, 69, 70, 67, 70, 70, 66, 70, 67, 67, 67, 68, 70, 70,
    68, 70, 69, 69, 69, 69, 67, 70, 67, 69, 67, 68, 66, 68, 66, 68, 66,
    70, 66, 70, 68, 71, 69, 66, 69, 72, 67, 71, 70, 68, 68, 68, 68, 72,
    70, 69, 67, 70, 70, 71, 68, 71, 70, 68, 67, 69, 68, 68, 68, 67, 68,
    71 ]
