%YAML:1.0
---
videoName: "headLookUp9.mp4"
gestureLabel: 205
fps: 29
pixelSizeInCmTemp: 3.3732394366197183e-01
faceCenterPointX: 251
faceCenterPointY: 57
headPositionsX: [ 253, 252, 253, 251, 253, 254, 249, 250, 253, 251, 250,
    250, 252, 249, 254, 251, 250, 249, 250, 251, 250, 253, 252, 251, 252,
    251, 252, 249, 252, 253, 252, 253, 250, 251, 251, 252, 250, 251, 250,
    250, 249, 251, 252, 253, 251, 252, 253, 249, 253, 253, 254, 251, 252,
    253, 252, 252, 252, 253, 253, 252, 252, 253, 252, 251, 251, 252, 251,
    251, 252, 251, 250, 252, 254, 249, 250, 250, 253, 251, 252, 249, 249,
    249, 252, 252, 253, 252, 252, 252, 250, 249, 250, 252, 249, 252, 250,
    251, 252, 252, 253, 250 ]
headPositionsY: [ 55, 72, 71, 71, 73, 76, 76, 75, 73, 77, 73, 76, 74, 76,
    76, 72, 72, 73, 73, 75, 73, 72, 74, 72, 74, 73, 76, 75, 73, 75, 70,
    72, 69, 68, 71, 66, 70, 68, 66, 67, 64, 63, 62, 60, 63, 59, 59, 62,
    58, 59, 56, 58, 59, 57, 60, 58, 59, 58, 58, 55, 61, 56, 58, 60, 59,
    56, 55, 55, 58, 58, 59, 57, 60, 56, 59, 57, 57, 56, 59, 55, 58, 56,
    56, 58, 55, 58, 59, 56, 56, 59, 59, 58, 59, 58, 57, 55, 54, 56, 58,
    55 ]
