%YAML:1.0
---
videoName: "headLookUp1.mp4"
gestureLabel: 205
fps: 29
pixelSizeInCmTemp: 3.7421874999999999e-01
faceCenterPointX: 258
faceCenterPointY: 66
headPositionsX: [ 259, 257, 259, 260, 260, 260, 258, 261, 260, 257, 259,
    260, 260, 258, 260, 260, 261, 260, 260, 260, 258, 260, 259, 258, 258,
    259, 259, 258, 259, 259, 260, 257, 258, 261, 258, 260, 256, 258, 258,
    261, 261, 260, 260, 259, 260, 256, 259, 261, 258, 258, 260, 255, 258,
    258, 259, 254, 260, 256, 256, 257, 257, 260, 258, 258, 255, 259, 260,
    257, 259, 255, 258, 258, 258, 260, 258, 257, 257, 260, 257, 256, 261,
    256, 262, 258, 257, 261, 256, 256, 258, 257, 259, 256, 258, 257, 257,
    256, 256, 258, 259, 257 ]
headPositionsY: [ 67, 82, 79, 80, 82, 82, 82, 82, 79, 81, 79, 81, 82, 83,
    82, 83, 79, 78, 82, 82, 83, 84, 81, 79, 80, 83, 82, 80, 80, 78, 83,
    81, 83, 80, 83, 80, 79, 83, 80, 81, 80, 76, 77, 75, 74, 73, 70, 71,
    70, 68, 69, 67, 65, 65, 68, 61, 67, 63, 68, 66, 68, 64, 68, 63, 67,
    66, 68, 66, 66, 64, 65, 64, 66, 68, 68, 63, 67, 65, 66, 65, 68, 68,
    67, 67, 64, 66, 66, 64, 66, 65, 64, 66, 68, 66, 64, 63, 66, 65, 65,
    67 ]
