%YAML:1.0
---
videoName: "headLookUp5.mp4"
gestureLabel: 205
fps: 29
pixelSizeInCmTemp: 3.6287878787878786e-01
faceCenterPointX: 256
faceCenterPointY: 67
headPositionsX: [ 258, 257, 255, 258, 255, 255, 255, 257, 256, 257, 257,
    256, 254, 255, 256, 257, 255, 254, 253, 258, 256, 256, 257, 254, 257,
    255, 254, 255, 255, 255, 255, 254, 256, 254, 255, 258, 256, 254, 254,
    255, 257, 255, 258, 259, 257, 256, 255, 255, 254, 257, 259, 258, 253,
    257, 254, 254, 253, 254, 255, 254, 255, 257, 257, 254, 257, 258, 255,
    257, 254, 256, 255, 257, 258, 256, 257, 255, 256, 257, 256, 254, 256,
    258, 255, 257, 255, 258, 257, 254, 254, 254, 255, 257, 256, 256, 253,
    258, 254, 255, 257, 258 ]
headPositionsY: [ 69, 82, 81, 83, 81, 84, 83, 79, 79, 84, 80, 82, 80, 82,
    80, 82, 81, 80, 82, 81, 80, 81, 81, 79, 82, 80, 81, 82, 81, 81, 78,
    80, 78, 81, 79, 78, 78, 72, 71, 70, 69, 67, 72, 71, 68, 71, 67, 67,
    70, 67, 69, 71, 68, 68, 70, 68, 69, 66, 68, 68, 67, 65, 69, 68, 69,
    68, 68, 68, 66, 68, 67, 65, 65, 67, 70, 65, 66, 67, 67, 69, 66, 69,
    69, 68, 67, 68, 69, 68, 68, 66, 67, 68, 67, 69, 66, 67, 65, 67, 65,
    69 ]
