%YAML:1.0
---
videoName: "headLookUp9.mp4"
gestureLabel: 205
fps: 29
pixelSizeInCmTemp: 3.3732394366197183e-01
faceCenterPointX: 251
faceCenterPointY: 57
headPositionsX: [ 251, 250, 250, 252, 249, 250, 249, 253, 250, 251, 250,
    250, 250, 252, 253, 252, 253, 249, 251, 251, 254, 250, 253, 249, 252,
    249, 252, 249, 251, 253, 249, 254, 253, 253, 254, 250, 254, 252, 250,
    252, 250, 253, 253, 252, 254, 251, 252, 251, 251, 251, 254, 252, 253,
    251, 250, 252, 253, 252, 249, 249, 250, 249, 251, 251, 249, 251, 252,
    250, 250, 251, 249, 250, 251, 249, 253, 249, 252, 250, 249, 249, 252,
    253, 249, 252, 249, 249, 249, 252, 250, 250, 252, 252, 253, 253, 252,
    251, 250, 250, 251, 249 ]
headPositionsY: [ 57, 75, 75, 71, 72, 74, 75, 73, 75, 74, 75, 72, 76, 74,
    74, 76, 76, 76, 76, 76, 74, 76, 76, 76, 76, 74, 72, 71, 76, 71, 73,
    70, 72, 71, 70, 67, 66, 65, 69, 65, 68, 66, 62, 62, 62, 60, 60, 61,
    58, 57, 56, 57, 60, 58, 58, 60, 58, 57, 56, 55, 57, 59, 58, 58, 59,
    59, 59, 59, 59, 58, 55, 58, 59, 55, 56, 56, 57, 55, 58, 56, 57, 55,
    58, 59, 58, 55, 57, 55, 56, 57, 58, 56, 55, 60, 56, 58, 55, 55, 58,
    56 ]
