%YAML:1.0
---
videoName: "headLookUp8.mp4"
gestureLabel: 205
fps: 29
pixelSizeInCmTemp: 3.4214285714285714e-01
faceCenterPointX: 253
faceCenterPointY: 59
headPositionsX: [ 255, 254, 251, 254, 251, 251, 254, 253, 251, 253, 251,
    254, 253, 255, 254, 254, 253, 252, 252, 250, 253, 254, 252, 251, 252,
    251, 250, 254, 252, 253, 251, 253, 253, 254, 251, 253, 251, 250, 252,
    253, 252, 254, 254, 252, 251, 254, 254, 254, 254, 249, 252, 255, 250,
    253, 251, 255, 252, 253, 252, 250, 251, 251, 251, 250, 254, 255, 254,
    253, 251, 255, 254, 250, 250, 253, 250, 254, 251, 252, 252, 253, 251,
    252, 251, 253, 250, 255, 255, 255, 255, 253, 251, 251, 254, 254, 251,
    253, 254, 251, 254, 254 ]
headPositionsY: [ 60, 78, 75, 74, 75, 77, 79, 75, 78, 77, 75, 76, 75, 75,
    72, 74, 73, 69, 70, 71, 68, 67, 70, 67, 67, 69, 68, 63, 63, 61, 61,
    61, 63, 61, 61, 60, 62, 62, 60, 58, 61, 61, 60, 61, 57, 60, 58, 60,
    59, 60, 57, 58, 58, 56, 58, 56, 58, 57, 57, 59, 56, 61, 60, 61, 57,
    61, 57, 57, 57, 60, 59, 58, 57, 57, 60, 59, 60, 59, 57, 58, 61, 57,
    61, 60, 61, 60, 60, 61, 60, 58, 58, 61, 61, 57, 57, 60, 59, 59, 61,
    59 ]
