%YAML:1.0
---
videoName: "headLookUp2.mp4"
gestureLabel: 205
fps: 29
pixelSizeInCmTemp: 3.7421874999999999e-01
faceCenterPointX: 254
faceCenterPointY: 67
headPositionsX: [ 253, 254, 258, 257, 254, 255, 258, 255, 256, 256, 257,
    256, 258, 255, 257, 255, 256, 256, 253, 255, 253, 252, 257, 254, 255,
    255, 257, 253, 254, 254, 255, 254, 255, 253, 257, 256, 255, 252, 252,
    254, 254, 253, 255, 252, 252, 255, 256, 255, 253, 256, 253, 257, 254,
    254, 254, 253, 254, 254, 256, 252, 251, 252, 256, 251, 252, 251, 254,
    255, 256, 253, 253, 253, 252, 255, 253, 254, 253, 255, 251, 254, 252,
    254, 255, 254, 258, 251, 253, 257, 253, 256, 253, 254, 252, 257, 252,
    252, 255, 253, 255, 255 ]
headPositionsY: [ 69, 81, 81, 79, 83, 82, 83, 83, 81, 80, 81, 80, 82, 81,
    78, 83, 83, 79, 82, 82, 83, 80, 78, 83, 81, 80, 83, 80, 78, 80, 83,
    80, 80, 80, 79, 79, 82, 82, 81, 79, 80, 78, 76, 78, 75, 77, 74, 71,
    69, 67, 70, 66, 67, 69, 70, 70, 67, 70, 67, 69, 69, 67, 66, 67, 69,
    67, 67, 68, 70, 68, 69, 68, 67, 70, 71, 68, 67, 67, 66, 67, 66, 67,
    68, 67, 67, 70, 67, 66, 68, 69, 68, 67, 66, 67, 68, 65, 67, 68, 68,
    67 ]
