%YAML:1.0
---
videoName: "headLookUp4.mp4"
gestureLabel: 205
fps: 30
pixelSizeInCmTemp: 3.6846153846153845e-01
faceCenterPointX: 256
faceCenterPointY: 68
headPositionsX: [ 256, 254, 254, 257, 255, 255, 255, 258, 258, 254, 258,
    257, 258, 254, 256, 257, 257, 254, 259, 256, 257, 258, 255, 254, 255,
    258, 255, 255, 258, 258, 259, 258, 253, 256, 257, 253, 258, 254, 256,
    255, 257, 254, 258, 257, 255, 258, 255, 254, 254, 253, 255, 258, 258,
    258, 256, 258, 256, 256, 258, 256, 254, 254, 255, 257, 254, 254, 258,
    257, 254, 258, 258, 257, 254, 258, 258, 257, 255, 257, 257, 254, 257,
    256, 253, 258, 256, 257, 259, 256, 258, 256, 256, 257, 258, 256, 259,
    253, 256, 258, 254, 255 ]
headPositionsY: [ 70, 83, 84, 80, 83, 84, 84, 85, 84, 81, 81, 82, 81, 84,
    81, 80, 83, 83, 82, 81, 84, 82, 80, 80, 80, 78, 74, 74, 72, 70, 68,
    70, 70, 71, 70, 66, 69, 68, 72, 69, 67, 68, 66, 70, 70, 70, 70, 71,
    69, 69, 67, 67, 70, 68, 68, 70, 67, 70, 69, 70, 66, 66, 66, 66, 71,
    72, 69, 70, 69, 70, 70, 67, 70, 67, 66, 68, 70, 71, 65, 68, 69, 70,
    71, 67, 69, 67, 71, 68, 68, 68, 71, 70, 72, 70, 71, 66, 67, 72, 69,
    70 ]
