%YAML:1.0
---
videoName: "headLookUp2.mp4"
gestureLabel: 205
fps: 29
pixelSizeInCmTemp: 3.7421874999999999e-01
faceCenterPointX: 254
faceCenterPointY: 67
headPositionsX: [ 252, 255, 254, 257, 256, 254, 258, 253, 257, 257, 254,
    257, 254, 255, 257, 255, 253, 257, 253, 256, 254, 253, 257, 256, 256,
    255, 255, 253, 253, 256, 253, 255, 253, 252, 256, 255, 252, 253, 254,
    256, 253, 256, 254, 255, 252, 257, 257, 254, 254, 254, 253, 253, 257,
    256, 255, 257, 252, 253, 253, 256, 252, 253, 256, 251, 251, 251, 254,
    256, 252, 254, 253, 252, 252, 253, 254, 254, 253, 255, 255, 254, 253,
    253, 254, 253, 257, 255, 254, 254, 254, 255, 256, 254, 252, 256, 253,
    252, 253, 252, 253, 254 ]
headPositionsY: [ 66, 82, 79, 81, 83, 81, 81, 83, 80, 81, 83, 79, 83, 79,
    82, 83, 81, 82, 81, 81, 80, 79, 81, 83, 82, 83, 82, 82, 82, 83, 82,
    80, 81, 82, 79, 82, 82, 78, 78, 79, 81, 80, 77, 76, 75, 77, 71, 73,
    70, 67, 67, 68, 67, 67, 68, 67, 67, 68, 65, 66, 70, 69, 68, 67, 68,
    70, 70, 68, 68, 66, 68, 66, 67, 67, 67, 69, 68, 67, 68, 68, 66, 66,
    68, 66, 71, 68, 64, 66, 67, 69, 71, 67, 65, 70, 65, 64, 64, 69, 67,
    67 ]
