%YAML:1.0
---
videoName: "headLookUp3.mp4"
gestureLabel: 205
fps: 29
pixelSizeInCmTemp: 3.7421874999999999e-01
faceCenterPointX: 254
faceCenterPointY: 68
headPositionsX: [ 255, 257, 258, 253, 256, 256, 256, 255, 253, 257, 254,
    253, 257, 255, 257, 256, 256, 256, 255, 259, 257, 254, 257, 255, 257,
    254, 257, 255, 254, 254, 258, 259, 256, 259, 258, 256, 258, 254, 257,
    254, 255, 257, 256, 257, 254, 257, 256, 254, 255, 257, 257, 258, 255,
    256, 253, 256, 255, 255, 254, 257, 254, 257, 253, 254, 255, 255, 256,
    253, 256, 255, 252, 254, 257, 255, 253, 258, 255, 257, 257, 255, 254,
    254, 257, 254, 252, 256, 258, 257, 256, 257, 258, 258, 256, 257, 253,
    254, 256, 255, 255, 254 ]
headPositionsY: [ 69, 82, 82, 80, 80, 82, 80, 83, 81, 79, 80, 80, 81, 82,
    83, 82, 81, 80, 84, 82, 81, 84, 83, 81, 84, 82, 83, 79, 82, 80, 83,
    84, 80, 84, 82, 84, 81, 81, 79, 78, 81, 77, 75, 75, 73, 72, 71, 68,
    68, 71, 65, 69, 67, 70, 67, 66, 71, 68, 69, 67, 65, 69, 68, 68, 69,
    66, 66, 67, 69, 68, 67, 67, 66, 69, 65, 68, 69, 70, 65, 66, 68, 65,
    70, 66, 65, 67, 69, 68, 67, 70, 69, 65, 68, 67, 67, 66, 71, 67, 66,
    67 ]
