%YAML:1.0
---
videoName: "headLookUp3.mp4"
gestureLabel: 205
fps: 29
pixelSizeInCmTemp: 3.7421874999999999e-01
faceCenterPointX: 254
faceCenterPointY: 68
headPositionsX: [ 252, 257, 258, 256, 254, 255, 257, 254, 253, 255, 257,
    255, 257, 258, 256, 256, 257, 257, 259, 258, 255, 254, 255, 259, 256,
    258, 255, 257, 255, 254, 255, 256, 259, 258, 254, 253, 254, 257, 256,
    258, 258, 256, 254, 257, 252, 257, 257, 254, 254, 254, 257, 255, 253,
    255, 253, 257, 256, 256, 253, 256, 254, 255, 254, 255, 255, 254, 258,
    254, 257, 255, 254, 256, 255, 255, 253, 255, 253, 253, 255, 254, 256,
    255, 254, 253, 256, 253, 254, 256, 257, 255, 256, 256, 257, 257, 254,
    254, 254, 258, 257, 257 ]
headPositionsY: [ 68, 84, 81, 82, 84, 80, 82, 82, 83, 81, 83, 81, 84, 83,
    82, 84, 82, 80, 80, 81, 80, 80, 84, 81, 84, 80, 80, 82, 82, 80, 84,
    81, 82, 82, 82, 81, 83, 80, 80, 80, 81, 76, 77, 74, 74, 71, 69, 68,
    71, 71, 66, 67, 70, 68, 69, 70, 70, 68, 68, 69, 67, 67, 69, 68, 68,
    65, 64, 67, 68, 66, 68, 70, 65, 68, 68, 66, 69, 67, 69, 68, 70, 69,
    68, 67, 65, 67, 68, 66, 68, 67, 67, 65, 70, 67, 67, 66, 71, 68, 70,
    68 ]
