%YAML:1.0
---
videoName: "headLookUp7.mp4"
gestureLabel: 205
fps: 29
pixelSizeInCmTemp: 3.6846153846153845e-01
faceCenterPointX: 257
faceCenterPointY: 70
headPositionsX: [ 258, 257, 257, 258, 257, 256, 254, 255, 258, 258, 255,
    257, 255, 254, 254, 256, 254, 257, 258, 254, 257, 254, 256, 254, 256,
    258, 254, 256, 258, 257, 255, 258, 255, 257, 256, 253, 257, 257, 256,
    257, 255, 256, 256, 258, 254, 254, 256, 259, 253, 255, 253, 254, 257,
    257, 256, 258, 258, 257, 257, 253, 258, 256, 256, 259, 257, 256, 256,
    258, 257, 257, 258, 255, 256, 254, 257, 259, 254, 258, 254, 255, 254,
    255, 257, 257, 255, 257, 256, 257, 255, 256, 255, 258, 258, 259, 256,
    258, 259, 257, 256, 256 ]
headPositionsY: [ 71, 82, 85, 84, 82, 81, 82, 83, 84, 80, 83, 84, 81, 84,
    82, 81, 84, 81, 82, 78, 82, 77, 78, 78, 72, 74, 71, 70, 73, 71, 66,
    69, 70, 70, 70, 69, 70, 68, 69, 67, 67, 66, 67, 65, 67, 69, 68, 66,
    67, 69, 69, 68, 68, 67, 67, 71, 69, 68, 69, 66, 69, 70, 70, 72, 67,
    70, 70, 71, 71, 68, 68, 68, 71, 68, 69, 71, 68, 68, 70, 70, 68, 70,
    68, 71, 69, 68, 67, 72, 68, 72, 66, 68, 69, 68, 70, 71, 70, 66, 72,
    68 ]
