%YAML:1.0
---
videoName: "headLookUp7.mp4"
gestureLabel: 205
fps: 29
pixelSizeInCmTemp: 3.6846153846153845e-01
faceCenterPointX: 257
faceCenterPointY: 70
headPositionsX: [ 258, 258, 255, 254, 256, 255, 255, 255, 256, 256, 259,
    254, 255, 257, 256, 255, 256, 257, 258, 256, 257, 255, 258, 254, 256,
    255, 258, 258, 255, 258, 257, 256, 256, 257, 256, 253, 258, 254, 257,
    255, 258, 257, 254, 258, 255, 253, 258, 257, 253, 258, 254, 255, 254,
    256, 255, 255, 257, 258, 253, 254, 256, 258, 258, 259, 255, 255, 258,
    256, 258, 254, 257, 255, 257, 254, 255, 257, 256, 257, 255, 258, 254,
    257, 258, 257, 257, 257, 258, 258, 254, 256, 255, 256, 256, 256, 255,
    255, 260, 256, 257, 259 ]
headPositionsY: [ 72, 81, 83, 80, 81, 84, 82, 85, 85, 81, 83, 82, 82, 84,
    81, 85, 83, 84, 81, 81, 82, 77, 78, 77, 75, 72, 72, 72, 69, 71, 66,
    68, 68, 69, 70, 72, 67, 67, 67, 66, 66, 67, 69, 69, 66, 70, 68, 70,
    68, 69, 67, 66, 67, 68, 70, 71, 69, 67, 67, 67, 66, 69, 70, 70, 66,
    71, 68, 68, 71, 69, 71, 67, 68, 70, 70, 72, 70, 70, 69, 71, 69, 72,
    69, 68, 66, 71, 70, 69, 67, 68, 68, 71, 68, 72, 69, 71, 71, 68, 69,
    68 ]
