%YAML:1.0
---
videoName: "headLookUp5.mp4"
gestureLabel: 205
fps: 29
pixelSizeInCmTemp: 3.6287878787878786e-01
faceCenterPointX: 256
faceCenterPointY: 67
headPositionsX: [ 257, 258, 259, 258, 255, 259, 255, 255, 258, 255, 255,
    256, 258, 256, 257, 254, 255, 255, 254, 256, 259, 254, 257, 258, 258,
    256, 258, 254, 256, 255, 258, 256, 257, 254, 256, 257, 258, 256, 257,
    255, 259, 258, 258, 256, 257, 257, 255, 254, 254, 258, 258, 254, 255,
    255, 256, 256, 257, 256, 255, 253, 258, 256, 258, 253, 258, 255, 257,
    253, 255, 255, 256, 255, 259, 256, 257, 254, 255, 255, 256, 257, 258,
    256, 255, 256, 257, 258, 258, 256, 256, 254, 257, 256, 257, 258, 255,
    254, 255, 257, 255, 254 ]
headPositionsY: [ 67, 83, 81, 82, 80, 83, 83, 79, 80, 82, 81, 82, 80, 84,
    82, 80, 82, 80, 81, 83, 79, 82, 81, 80, 83, 81, 81, 79, 78, 79, 78,
    78, 77, 80, 77, 79, 74, 73, 70, 72, 71, 70, 68, 70, 65, 67, 69, 67,
    70, 71, 68, 69, 68, 70, 68, 69, 70, 67, 69, 67, 68, 67, 70, 68, 67,
    65, 67, 68, 69, 67, 66, 67, 65, 68, 66, 66, 66, 69, 63, 68, 68, 68,
    70, 68, 66, 67, 67, 68, 70, 66, 69, 65, 64, 65, 67, 66, 67, 65, 66,
    68 ]
