%YAML:1.0
---
videoName: "headLookUp4.mp4"
gestureLabel: 205
fps: 30
pixelSizeInCmTemp: 3.6846153846153845e-01
faceCenterPointX: 256
faceCenterPointY: 68
headPositionsX: [ 255, 255, 254, 256, 254, 258, 257, 259, 256, 256, 258,
    256, 256, 257, 255, 253, 254, 257, 256, 255, 258, 257, 254, 254, 255,
    254, 257, 255, 255, 257, 255, 254, 254, 257, 254, 255, 255, 257, 257,
    256, 254, 255, 255, 255, 256, 254, 258, 257, 258, 253, 255, 254, 258,
    256, 255, 258, 256, 256, 254, 254, 254, 256, 254, 254, 258, 256, 255,
    257, 254, 254, 255, 255, 254, 257, 256, 255, 254, 258, 257, 253, 256,
    256, 256, 257, 256, 258, 256, 253, 255, 254, 259, 257, 258, 256, 255,
    257, 256, 257, 253, 255 ]
headPositionsY: [ 69, 82, 83, 84, 84, 83, 83, 81, 83, 84, 83, 80, 84, 83,
    83, 80, 83, 82, 82, 81, 84, 81, 80, 82, 79, 75, 74, 76, 73, 70, 71,
    70, 71, 68, 69, 66, 68, 67, 72, 70, 70, 69, 69, 70, 69, 70, 68, 70,
    69, 69, 69, 68, 67, 67, 67, 67, 67, 71, 69, 72, 67, 65, 69, 65, 72,
    68, 70, 71, 70, 70, 67, 70, 70, 67, 65, 70, 69, 67, 69, 69, 68, 66,
    71, 67, 67, 67, 69, 67, 68, 72, 67, 69, 68, 66, 70, 68, 70, 69, 66,
    68 ]
