%YAML:1.0
---
videoName: "headLookUp1.mp4"
gestureLabel: 205
fps: 29
pixelSizeInCmTemp: 3.7421874999999999e-01
faceCenterPointX: 258
faceCenterPointY: 66
headPositionsX: [ 258, 260, 261, 260, 258, 261, 259, 257, 260, 257, 258,
    257, 257, 257, 260, 257, 259, 260, 257, 257, 260, 259, 256, 256, 258,
    259, 261, 258, 258, 260, 258, 261, 257, 259, 261, 259, 260, 259, 259,
    261, 258, 259, 258, 259, 257, 260, 257, 259, 257, 259, 259, 256, 257,
    256, 260, 258, 257, 254, 257, 256, 259, 256, 261, 256, 257, 257, 256,
    257, 258, 256, 257, 259, 260, 260, 255, 256, 259, 258, 261, 257, 257,
    254, 262, 260, 259, 257, 258, 257, 259, 259, 260, 257, 259, 259, 259,
    256, 256, 256, 257, 261 ]
headPositionsY: [ 68, 81, 83, 79, 83, 79, 80, 80, 78, 82, 79, 79, 84, 82,
    81, 83, 82, 82, 80, 79, 83, 81, 79, 82, 80, 80, 81, 84, 79, 81, 80,
    79, 81, 81, 80, 79, 82, 79, 79, 80, 80, 80, 79, 75, 76, 73, 70, 67,
    68, 65, 66, 68, 65, 67, 65, 61, 66, 65, 64, 64, 65, 66, 66, 67, 68,
    65, 64, 65, 67, 65, 64, 67, 65, 65, 66, 65, 66, 65, 65, 63, 66, 66,
    66, 67, 66, 68, 64, 64, 64, 64, 63, 67, 66, 67, 64, 63, 66, 67, 66,
    67 ]
