%YAML:1.0
---
videoName: "headLookUp6.mp4"
gestureLabel: 205
fps: 30
pixelSizeInCmTemp: 3.7421874999999999e-01
faceCenterPointX: 255
faceCenterPointY: 70
headPositionsX: [ 257, 255, 253, 257, 254, 257, 257, 256, 258, 257, 256,
    256, 255, 253, 257, 257, 255, 257, 255, 256, 256, 257, 258, 254, 256,
    257, 255, 255, 256, 255, 256, 257, 255, 254, 255, 254, 256, 258, 255,
    257, 255, 256, 252, 255, 256, 254, 252, 254, 257, 256, 254, 254, 253,
    255, 252, 255, 254, 254, 256, 254, 256, 253, 252, 255, 254, 256, 255,
    255, 254, 253, 252, 254, 255, 256, 254, 255, 256, 256, 254, 256, 254,
    253, 254, 254, 254, 253, 255, 254, 253, 257, 256, 256, 256, 257, 255,
    255, 252, 255, 255, 254 ]
headPositionsY: [ 71, 83, 81, 83, 85, 84, 83, 85, 85, 82, 84, 81, 84, 85,
    84, 82, 83, 85, 85, 81, 80, 83, 85, 82, 79, 81, 78, 76, 78, 77, 71,
    74, 70, 68, 68, 68, 70, 70, 67, 68, 70, 69, 69, 69, 68, 68, 65, 67,
    68, 68, 66, 69, 67, 67, 69, 70, 69, 71, 68, 68, 68, 69, 70, 67, 69,
    69, 72, 67, 69, 71, 69, 71, 71, 67, 69, 69, 68, 69, 66, 71, 68, 69,
    71, 69, 69, 70, 68, 71, 70, 68, 67, 72, 69, 68, 69, 70, 71, 70, 70,
    70 ]
