%YAML:1.0
---
videoName: "headLookUp0.mp4"
gestureLabel: 205
fps: 29
pixelSizeInCmTemp: 3.6846153846153845e-01
faceCenterPointX: 258
faceCenterPointY: 66
headPositionsX: [ 259, 261, 261, 258, 261, 259, 261, 257, 260, 259, 257,
    259, 261, 258, 260, 258, 261, 262, 258, 260, 257, 259, 262, 257, 261,
    260, 260, 257, 259, 260, 261, 258, 261, 258, 261, 257, 260, 260, 260,
    257, 257, 258, 258, 257, 259, 260, 260, 257, 261, 259, 259, 258, 257,
    258, 257, 259, 260, 260, 260, 260, 260, 259, 255, 260, 258, 259, 257,
    258, 257, 257, 258, 259, 259, 259, 259, 256, 258, 260, 258, 258, 260,
    259, 256, 258, 255, 256, 260, 259, 258, 256, 256, 260, 259, 257, 256,
    257, 257, 255, 256, 257 ]
headPositionsY: [ 64, 79, 81, 81, 81, 79, 82, 81, 83, 79, 80, 80, 81, 77,
    77, 78, 78, 73, 73, 73, 74, 71, 70, 70, 67, 68, 69, 66, 67, 70, 66,
    67, 67, 69, 65, 68, 65, 68, 68, 64, 66, 66, 69, 69, 66, 68, 68, 69,
    68, 68, 67, 65, 67, 67, 68, 65, 68, 68, 67, 67, 65, 67, 67, 70, 65,
    68, 70, 65, 70, 67, 63, 68, 66, 68, 70, 67, 67, 66, 67, 67, 68, 70,
    67, 66, 67, 69, 69, 70, 66, 65, 69, 66, 70, 67, 68, 68, 67, 64, 68,
    68 ]
