%YAML:1.0
---
videoName: "headLookUp8.mp4"
gestureLabel: 205
fps: 29
pixelSizeInCmTemp: 3.4214285714285714e-01
faceCenterPointX: 253
faceCenterPointY: 59
headPositionsX: [ 251, 251, 251, 252, 253, 253, 254, 252, 252, 253, 253,
    253, 252, 254, 254, 253, 255, 252, 253, 251, 249, 252, 252, 249, 251,
    251, 252, 254, 250, 252, 251, 252, 250, 253, 250, 251, 254, 254, 252,
    250, 251, 250, 250, 252, 251, 251, 254, 254, 253, 251, 250, 254, 253,
    253, 253, 255, 251, 253, 252, 252, 251, 250, 255, 254, 251, 252, 253,
    254, 253, 253, 254, 253, 250, 252, 251, 252, 254, 253, 251, 252, 254,
    252, 254, 252, 253, 254, 252, 255, 253, 255, 253, 251, 253, 252, 251,
    253, 251, 253, 252, 254 ]
headPositionsY: [ 59, 79, 75, 77, 74, 78, 78, 78, 74, 75, 75, 77, 75, 73,
    74, 71, 72, 69, 72, 72, 68, 67, 69, 68, 66, 65, 67, 67, 62, 65, 64,
    61, 62, 62, 63, 60, 61, 62, 58, 61, 59, 57, 62, 58, 58, 60, 59, 60,
    60, 58, 57, 57, 59, 59, 59, 60, 59, 60, 58, 60, 57, 58, 58, 59, 57,
    60, 56, 60, 58, 61, 59, 57, 60, 57, 61, 60, 61, 61, 61, 61, 59, 58,
    58, 60, 60, 58, 60, 57, 60, 61, 59, 58, 60, 59, 61, 60, 60, 61, 58,
    60 ]
