%YAML:1.0
---
videoName: "headLookUp6.mp4"
gestureLabel: 205
fps: 30
pixelSizeInCmTemp: 3.7421874999999999e-01
faceCenterPointX: 255
faceCenterPointY: 70
headPositionsX: [ 256, 253, 254, 257, 256, 257, 254, 254, 255, 255, 258,
    254, 257, 256, 257, 254, 257, 253, 255, 257, 253, 255, 256, 254, 253,
    254, 255, 254, 256, 258, 257, 257, 256, 256, 252, 254, 254, 258, 255,
    257, 252, 255, 252, 253, 253, 254, 253, 254, 255, 253, 256, 255, 257,
    253, 253, 254, 252, 254, 253, 256, 253, 257, 256, 257, 253, 253, 253,
    253, 253, 255, 252, 256, 258, 254, 254, 255, 254, 253, 254, 257, 254,
    254, 255, 254, 256, 253, 254, 255, 256, 254, 253, 255, 257, 254, 253,
    254, 252, 254, 254, 254 ]
headPositionsY: [ 72, 84, 83, 83, 82, 81, 84, 81, 85, 82, 82, 84, 83, 84,
    81, 82, 85, 84, 84, 85, 81, 85, 83, 80, 80, 78, 80, 77, 78, 75, 73,
    70, 70, 72, 71, 68, 70, 66, 69, 68, 69, 67, 66, 67, 71, 67, 69, 71,
    67, 67, 67, 71, 71, 67, 67, 67, 69, 71, 71, 71, 71, 70, 68, 67, 66,
    70, 71, 70, 67, 72, 69, 67, 68, 67, 69, 70, 71, 68, 67, 71, 71, 70,
    68, 71, 70, 70, 71, 68, 72, 69, 68, 68, 70, 72, 71, 68, 69, 67, 70,
    70 ]
