%YAML:1.0
---
videoName: "headLookUp4.mp4"
gestureLabel: 205
fps: 30
pixelSizeInCmTemp: 3.6846153846153845e-01
faceCenterPointX: 256
faceCenterPointY: 68
headPositionsX: [ 254, 256, 256, 259, 255, 256, 256, 255, 257, 254, 257,
    257, 259, 255, 254, 253, 255, 255, 257, 254, 257, 255, 257, 255, 257,
    258, 254, 255, 256, 256, 256, 258, 257, 257, 257, 254, 256, 255, 254,
    254, 253, 256, 257, 253, 258, 257, 257, 255, 254, 254, 257, 256, 256,
    258, 257, 256, 257, 254, 255, 255, 255, 256, 256, 255, 256, 257, 258,
    254, 257, 255, 257, 255, 256, 257, 257, 257, 255, 257, 256, 256, 257,
    257, 256, 256, 256, 256, 258, 253, 257, 254, 256, 255, 258, 254, 257,
    256, 256, 259, 256, 255 ]
headPositionsY: [ 69, 84, 84, 84, 80, 83, 81, 85, 84, 80, 83, 84, 81, 84,
    82, 83, 81, 81, 80, 82, 81, 81, 78, 78, 81, 76, 76, 74, 75, 72, 72,
    70, 69, 69, 70, 67, 66, 70, 68, 67, 69, 72, 69, 69, 70, 67, 67, 68,
    69, 68, 71, 69, 70, 71, 71, 71, 70, 72, 67, 72, 69, 66, 68, 69, 68,
    70, 68, 71, 71, 71, 70, 68, 70, 71, 66, 70, 66, 67, 67, 70, 71, 70,
    70, 67, 71, 70, 70, 67, 69, 69, 70, 68, 70, 68, 70, 70, 69, 70, 67,
    69 ]
