%YAML:1.0
---
videoName: "headLookUp7.mp4"
gestureLabel: 205
fps: 29
pixelSizeInCmTemp: 3.6846153846153845e-01
faceCenterPointX: 257
faceCenterPointY: 70
headPositionsX: [ 259, 255, 258, 256, 258, 254, 257, 257, 254, 257, 257,
    258, 255, 257, 254, 259, 254, 258, 257, 254, 256, 254, 257, 254, 253,
    256, 254, 257, 254, 257, 257, 255, 258, 257, 259, 257, 257, 255, 258,
    254, 255, 255, 254, 255, 255, 257, 257, 258, 255, 257, 257, 256, 256,
    253, 257, 259, 258, 255, 255, 257, 258, 256, 256, 256, 258, 256, 257,
    257, 255, 257, 257, 256, 258, 256, 259, 257, 257, 254, 256, 255, 254,
    256, 256, 259, 255, 256, 257, 257, 257, 255, 256, 254, 255, 259, 256,
    255, 258, 254, 255, 256 ]
headPositionsY: [ 70, 82, 83, 80, 84, 84, 84, 85, 84, 81, 84, 80, 84, 83,
    80, 81, 80, 80, 83, 79, 78, 79, 76, 78, 74, 75, 75, 70, 69, 68, 68,
    71, 68, 71, 69, 69, 67, 69, 68, 67, 66, 68, 69, 69, 68, 71, 67, 68,
    68, 70, 69, 67, 67, 68, 69, 68, 66, 68, 66, 67, 67, 72, 66, 71, 68,
    71, 66, 67, 67, 70, 71, 70, 69, 69, 70, 71, 68, 72, 67, 69, 70, 71,
    70, 70, 67, 70, 69, 71, 70, 68, 67, 67, 67, 72, 68, 72, 72, 66, 71,
    67 ]
