%YAML:1.0
---
videoName: "headLookUp2.mp4"
gestureLabel: 205
fps: 29
pixelSizeInCmTemp: 3.7421874999999999e-01
faceCenterPointX: 254
faceCenterPointY: 67
headPositionsX: [ 252, 257, 256, 256, 255, 255, 254, 254, 258, 255, 254,
    256, 258, 257, 254, 255, 254, 255, 255, 257, 256, 256, 253, 257, 253,
    254, 255, 254, 256, 256, 255, 253, 254, 255, 255, 252, 255, 256, 256,
    252, 254, 256, 252, 254, 254, 256, 254, 254, 254, 254, 254, 253, 254,
    255, 256, 254, 255, 255, 255, 252, 251, 252, 256, 251, 253, 253, 251,
    252, 252, 253, 254, 254, 254, 254, 255, 254, 254, 254, 255, 252, 253,
    251, 255, 253, 258, 253, 253, 254, 257, 255, 252, 254, 251, 254, 254,
    252, 254, 252, 256, 256 ]
headPositionsY: [ 66, 78, 80, 81, 79, 81, 82, 80, 83, 79, 84, 80, 83, 83,
    78, 83, 79, 81, 78, 80, 79, 82, 79, 83, 80, 81, 79, 80, 80, 83, 80,
    80, 80, 80, 81, 78, 81, 80, 80, 81, 78, 80, 77, 78, 76, 75, 75, 73,
    68, 70, 69, 68, 67, 70, 68, 70, 65, 71, 67, 66, 69, 68, 68, 68, 66,
    69, 68, 66, 67, 68, 66, 65, 70, 71, 67, 69, 70, 70, 69, 69, 65, 68,
    71, 69, 69, 71, 68, 67, 67, 68, 69, 67, 65, 69, 68, 65, 68, 67, 66,
    65 ]
