%YAML:1.0
---
videoName: "headLookUp3.mp4"
gestureLabel: 205
fps: 29
pixelSizeInCmTemp: 3.7421874999999999e-01
faceCenterPointX: 254
faceCenterPointY: 68
headPositionsX: [ 256, 256, 258, 254, 254, 255, 254, 255, 255, 253, 256,
    253, 254, 258, 258, 257, 255, 256, 258, 257, 257, 258, 258, 255, 254,
    255, 254, 256, 256, 256, 255, 258, 257, 258, 257, 254, 254, 258, 258,
    257, 254, 255, 254, 257, 256, 255, 255, 256, 255, 257, 257, 256, 256,
    254, 256, 258, 254, 256, 256, 257, 256, 257, 256, 256, 253, 254, 256,
    254, 256, 253, 255, 254, 256, 255, 255, 257, 252, 256, 255, 253, 257,
    256, 256, 254, 253, 253, 256, 257, 254, 254, 258, 254, 257, 255, 254,
    254, 254, 255, 256, 255 ]
headPositionsY: [ 70, 83, 82, 80, 80, 82, 83, 84, 81, 82, 80, 83, 83, 81,
    81, 82, 81, 82, 81, 83, 84, 81, 84, 84, 81, 82, 82, 80, 82, 81, 83,
    84, 84, 80, 85, 82, 81, 80, 79, 79, 81, 79, 77, 73, 71, 70, 70, 72,
    69, 71, 65, 66, 66, 67, 67, 68, 68, 67, 70, 66, 67, 66, 66, 67, 66,
    67, 68, 68, 67, 67, 67, 70, 69, 68, 68, 69, 66, 68, 68, 67, 67, 65,
    67, 66, 66, 68, 70, 68, 67, 66, 68, 66, 68, 69, 66, 67, 69, 69, 69,
    69 ]
