%YAML:1.0
---
videoName: "headLookUp0.mp4"
gestureLabel: 205
fps: 29
pixelSizeInCmTemp: 3.6846153846153845e-01
faceCenterPointX: 258
faceCenterPointY: 66
headPositionsX: [ 256, 261, 260, 260, 260, 258, 260, 260, 259, 259, 257,
    260, 258, 261, 257, 257, 258, 260, 261, 260, 258, 260, 258, 259, 258,
    260, 256, 257, 261, 260, 260, 260, 260, 256, 261, 256, 257, 261, 259,
    258, 259, 257, 261, 257, 258, 256, 259, 260, 261, 255, 258, 257, 257,
    259, 256, 260, 259, 257, 258, 258, 260, 257, 257, 260, 258, 257, 257,
    258, 259, 259, 257, 258, 260, 260, 259, 257, 256, 261, 258, 256, 259,
    257, 260, 260, 258, 259, 257, 259, 259, 259, 260, 261, 258, 259, 256,
    257, 257, 256, 257, 261 ]
headPositionsY: [ 64, 80, 78, 82, 82, 81, 81, 82, 80, 81, 81, 80, 81, 77,
    79, 75, 77, 77, 73, 74, 75, 70, 70, 67, 69, 68, 65, 69, 67, 69, 68,
    69, 66, 69, 65, 65, 64, 66, 66, 65, 68, 65, 67, 69, 66, 67, 66, 66,
    67, 67, 65, 66, 69, 67, 68, 67, 65, 67, 66, 65, 68, 69, 68, 66, 67,
    69, 68, 69, 70, 68, 66, 69, 68, 67, 66, 69, 69, 69, 67, 65, 67, 69,
    68, 70, 66, 66, 67, 67, 64, 67, 69, 68, 67, 69, 67, 68, 69, 66, 66,
    68 ]
