%YAML:1.0
---
videoName: "headLookUp7.mp4"
gestureLabel: 205
fps: 29
pixelSizeInCmTemp: 3.6846153846153845e-01
faceCenterPointX: 257
faceCenterPointY: 70
headPositionsX: [ 255, 259, 259, 258, 256, 255, 257, 255, 257, 256, 255,
    257, 258, 257, 258, 259, 258, 258, 259, 254, 254, 254, 258, 257, 254,
    256, 254, 258, 255, 258, 256, 259, 259, 255, 257, 253, 255, 254, 257,
    256, 256, 256, 256, 254, 256, 254, 255, 255, 253, 254, 253, 256, 255,
    253, 256, 257, 254, 257, 255, 257, 255, 259, 254, 255, 257, 259, 258,
    256, 257, 257, 259, 255, 255, 258, 255, 257, 257, 254, 255, 257, 258,
    255, 257, 255, 254, 258, 257, 256, 254, 259, 258, 257, 256, 257, 258,
    255, 257, 255, 258, 259 ]
headPositionsY: [ 69, 83, 85, 83, 83, 85, 82, 84, 85, 83, 82, 81, 83, 85,
    82, 81, 84, 82, 79, 81, 81, 78, 78, 75, 73, 75, 73, 70, 69, 70, 70,
    72, 72, 72, 69, 69, 70, 67, 67, 69, 67, 67, 66, 66, 69, 70, 66, 66,
    68, 67, 66, 65, 71, 66, 70, 68, 68, 69, 67, 66, 69, 70, 69, 69, 68,
    69, 66, 68, 70, 72, 70, 66, 70, 71, 69, 68, 66, 68, 71, 67, 69, 68,
    67, 70, 67, 69, 70, 68, 69, 70, 67, 71, 69, 68, 69, 69, 72, 69, 68,
    69 ]
