%YAML:1.0
---
videoName: "headLookUp0.mp4"
gestureLabel: 205
fps: 29
pixelSizeInCmTemp: 3.6846153846153845e-01
faceCenterPointX: 258
faceCenterPointY: 66
headPositionsX: [ 260, 262, 260, 260, 258, 260, 258, 260, 261, 258, 258,
    258, 257, 261, 260, 258, 258, 260, 261, 261, 261, 261, 259, 260, 260,
    257, 257, 257, 258, 259, 260, 259, 258, 258, 261, 256, 259, 258, 258,
    257, 261, 259, 262, 257, 256, 260, 258, 260, 257, 256, 257, 258, 260,
    258, 260, 259, 258, 259, 256, 256, 258, 257, 256, 260, 260, 257, 260,
    256, 258, 257, 260, 258, 260, 259, 261, 256, 256, 258, 257, 260, 256,
    261, 260, 260, 255, 257, 260, 256, 258, 257, 256, 259, 259, 258, 259,
    258, 258, 256, 256, 258 ]
headPositionsY: [ 65, 81, 80, 80, 81, 79, 79, 80, 83, 81, 78, 79, 80, 79,
    79, 76, 76, 75, 72, 74, 72, 73, 70, 71, 70, 66, 68, 68, 69, 69, 66,
    69, 68, 65, 64, 67, 65, 66, 65, 67, 66, 66, 67, 68, 66, 69, 68, 65,
    65, 69, 68, 69, 67, 66, 67, 67, 69, 67, 67, 65, 65, 69, 69, 67, 65,
    65, 69, 67, 69, 66, 65, 70, 69, 69, 69, 70, 68, 69, 68, 67, 65, 68,
    66, 67, 68, 68, 70, 67, 65, 65, 69, 69, 70, 70, 66, 66, 68, 65, 66,
    69 ]
