%YAML:1.0
---
videoName: "headLookUp3.mp4"
gestureLabel: 205
fps: 29
pixelSizeInCmTemp: 3.7421874999999999e-01
faceCenterPointX: 254
faceCenterPointY: 68
headPositionsX: [ 256, 256, 257, 255, 254, 254, 256, 257, 255, 255, 255,
    253, 257, 257, 257, 258, 257, 258, 256, 258, 258, 258, 256, 256, 254,
    255, 255, 258, 258, 257, 257, 257, 255, 256, 257, 254, 254, 254, 258,
    255, 255, 255, 253, 256, 252, 254, 257, 257, 258, 256, 257, 254, 254,
    255, 257, 257, 254, 257, 256, 256, 253, 258, 252, 254, 257, 253, 258,
    253, 253, 253, 254, 254, 253, 257, 255, 255, 254, 254, 255, 256, 254,
    255, 256, 254, 252, 253, 256, 257, 256, 255, 258, 258, 258, 258, 254,
    256, 255, 259, 257, 256 ]
headPositionsY: [ 70, 83, 82, 80, 80, 84, 81, 83, 84, 80, 83, 80, 80, 81,
    80, 84, 83, 80, 83, 81, 84, 82, 84, 81, 80, 82, 84, 83, 82, 84, 81,
    84, 81, 80, 83, 81, 84, 81, 80, 80, 82, 77, 75, 73, 75, 70, 71, 69,
    70, 71, 68, 68, 66, 66, 66, 67, 70, 66, 69, 65, 67, 69, 66, 66, 67,
    67, 68, 65, 69, 67, 67, 69, 69, 66, 68, 68, 69, 66, 65, 68, 67, 69,
    70, 66, 65, 69, 67, 69, 68, 70, 67, 68, 67, 68, 65, 70, 69, 70, 68,
    68 ]
