%YAML:1.0
---
videoName: "headLookUp3.mp4"
gestureLabel: 205
fps: 29
pixelSizeInCmTemp: 3.7421874999999999e-01
faceCenterPointX: 254
faceCenterPointY: 68
headPositionsX: [ 256, 256, 257, 257, 254, 254, 255, 255, 257, 256, 257,
    253, 256, 257, 257, 255, 256, 258, 258, 257, 256, 254, 257, 259, 258,
    255, 258, 256, 258, 256, 259, 258, 259, 256, 258, 254, 256, 254, 255,
    254, 257, 258, 257, 258, 256, 255, 254, 257, 254, 256, 256, 257, 255,
    254, 255, 257, 255, 257, 252, 253, 253, 257, 253, 258, 253, 252, 256,
    253, 253, 254, 256, 258, 257, 258, 253, 257, 255, 255, 255, 253, 255,
    255, 255, 254, 255, 256, 254, 253, 258, 257, 258, 257, 258, 255, 253,
    255, 254, 255, 255, 258 ]
headPositionsY: [ 68, 85, 82, 82, 82, 80, 82, 80, 82, 81, 84, 84, 81, 82,
    83, 81, 80, 83, 81, 83, 82, 80, 85, 83, 80, 83, 80, 83, 81, 80, 82,
    81, 81, 83, 84, 84, 83, 78, 82, 77, 81, 75, 77, 75, 75, 73, 70, 70,
    71, 67, 69, 68, 66, 69, 70, 66, 70, 68, 69, 68, 67, 70, 68, 70, 69,
    69, 66, 65, 70, 70, 67, 68, 66, 68, 65, 69, 69, 69, 68, 66, 70, 65,
    66, 68, 68, 66, 68, 70, 69, 69, 65, 69, 67, 67, 66, 68, 67, 69, 67,
    65 ]
