%YAML:1.0
---
videoName: "headLookUp1.mp4"
gestureLabel: 205
fps: 29
pixelSizeInCmTemp: 3.7421874999999999e-01
faceCenterPointX: 258
faceCenterPointY: 66
headPositionsX: [ 260, 259, 258, 260, 258, 261, 261, 258, 256, 258, 260,
    257, 259, 260, 260, 258, 261, 257, 260, 260, 259, 260, 256, 258, 258,
    258, 261, 258, 258, 258, 261, 257, 261, 259, 261, 257, 257, 260, 257,
    257, 257, 258, 261, 260, 260, 258, 258, 260, 257, 257, 260, 257, 259,
    260, 256, 256, 261, 256, 259, 256, 259, 256, 259, 256, 255, 258, 260,
    259, 258, 256, 256, 258, 260, 258, 258, 257, 258, 259, 259, 258, 260,
    256, 262, 258, 257, 258, 258, 256, 257, 258, 258, 256, 259, 257, 257,
    256, 257, 260, 256, 260 ]
headPositionsY: [ 68, 82, 82, 82, 84, 82, 80, 80, 79, 80, 82, 79, 80, 82,
    81, 81, 79, 81, 80, 82, 80, 83, 79, 78, 79, 79, 82, 82, 80, 78, 81,
    80, 80, 79, 79, 81, 78, 83, 78, 81, 79, 77, 75, 77, 72, 70, 70, 69,
    70, 65, 67, 66, 64, 66, 69, 64, 67, 66, 68, 66, 69, 64, 66, 65, 64,
    65, 66, 66, 67, 62, 68, 65, 67, 64, 68, 67, 65, 64, 68, 64, 66, 64,
    65, 65, 63, 65, 63, 64, 66, 66, 62, 70, 66, 65, 65, 63, 64, 66, 67,
    67 ]
