%YAML:1.0
---
videoName: "headLookUp5.mp4"
gestureLabel: 205
fps: 29
pixelSizeInCmTemp: 3.6287878787878786e-01
faceCenterPointX: 256
faceCenterPointY: 67
headPositionsX: [ 257, 258, 255, 256, 257, 257, 258, 258, 255, 255, 255,
    258, 257, 258, 255, 258, 255, 258, 254, 257, 256, 258, 254, 258, 258,
    257, 255, 256, 257, 256, 256, 256, 254, 257, 258, 258, 259, 257, 254,
    259, 258, 257, 258, 259, 255, 256, 253, 258, 255, 257, 258, 255, 256,
    258, 256, 255, 253, 258, 255, 256, 258, 256, 255, 256, 258, 257, 255,
    253, 253, 257, 257, 256, 258, 256, 258, 257, 257, 258, 256, 257, 256,
    254, 254, 255, 258, 257, 255, 254, 257, 256, 257, 258, 253, 257, 254,
    254, 254, 258, 257, 254 ]
headPositionsY: [ 65, 81, 82, 80, 83, 81, 80, 83, 83, 82, 84, 80, 82, 81,
    82, 79, 81, 82, 79, 81, 79, 82, 80, 79, 83, 81, 83, 79, 78, 82, 81,
    81, 80, 80, 79, 78, 78, 72, 70, 71, 71, 70, 72, 71, 66, 71, 70, 68,
    67, 71, 67, 71, 69, 68, 69, 67, 66, 67, 67, 67, 69, 66, 69, 66, 69,
    69, 67, 65, 68, 66, 67, 67, 66, 67, 69, 68, 66, 70, 64, 67, 65, 69,
    68, 67, 68, 69, 69, 69, 66, 66, 66, 68, 68, 69, 66, 65, 65, 66, 68,
    68 ]
