%YAML:1.0
---
videoName: "headLookUp3.mp4"
gestureLabel: 205
fps: 29
pixelSizeInCmTemp: 3.7421874999999999e-01
faceCenterPointX: 254
faceCenterPointY: 68
headPositionsX: [ 255, 258, 255, 257, 256, 255, 257, 257, 254, 256, 254,
    255, 256, 255, 254, 255, 255, 257, 256, 258, 257, 257, 259, 255, 255,
    255, 254, 255, 254, 258, 258, 257, 256, 256, 255, 256, 258, 255, 258,
    257, 254, 255, 254, 258, 254, 255, 257, 257, 254, 254, 257, 257, 257,
    257, 255, 256, 253, 256, 255, 257, 256, 256, 256, 257, 254, 252, 257,
    256, 253, 257, 256, 254, 254, 256, 256, 255, 255, 253, 254, 256, 258,
    256, 257, 252, 253, 256, 255, 255, 256, 256, 257, 254, 258, 257, 254,
    254, 252, 256, 256, 257 ]
headPositionsY: [ 69, 81, 83, 81, 84, 80, 82, 83, 83, 82, 84, 82, 80, 81,
    81, 83, 83, 82, 84, 81, 81, 82, 85, 80, 81, 83, 82, 82, 83, 81, 80,
    81, 81, 83, 81, 80, 83, 80, 79, 81, 78, 79, 77, 77, 73, 71, 72, 70,
    70, 70, 67, 69, 69, 66, 70, 69, 70, 66, 68, 67, 66, 70, 67, 67, 69,
    68, 64, 67, 68, 70, 67, 68, 68, 66, 68, 68, 68, 69, 68, 67, 67, 68,
    68, 66, 67, 66, 69, 68, 66, 70, 66, 66, 69, 67, 66, 69, 70, 69, 69,
    67 ]
