%YAML:1.0
---
videoName: "headLookUp6.mp4"
gestureLabel: 205
fps: 30
pixelSizeInCmTemp: 3.7421874999999999e-01
faceCenterPointX: 255
faceCenterPointY: 70
headPositionsX: [ 254, 253, 253, 257, 258, 255, 255, 256, 255, 255, 258,
    255, 254, 256, 257, 256, 254, 257, 254, 253, 253, 253, 258, 254, 255,
    254, 257, 258, 257, 255, 257, 255, 258, 253, 254, 254, 253, 256, 254,
    253, 253, 255, 254, 254, 255, 258, 254, 254, 256, 254, 254, 253, 257,
    254, 253, 253, 252, 255, 254, 255, 257, 253, 254, 256, 252, 255, 255,
    256, 254, 257, 253, 254, 256, 254, 257, 253, 253, 253, 255, 253, 258,
    255, 253, 253, 253, 254, 256, 256, 257, 253, 254, 255, 255, 255, 257,
    255, 252, 256, 252, 253 ]
headPositionsY: [ 68, 83, 81, 83, 85, 85, 83, 84, 82, 83, 83, 83, 83, 84,
    83, 81, 82, 82, 82, 82, 81, 85, 81, 80, 79, 78, 78, 79, 76, 77, 72,
    70, 73, 69, 67, 72, 69, 68, 71, 72, 69, 68, 66, 69, 71, 67, 65, 69,
    71, 66, 65, 67, 69, 67, 70, 69, 67, 68, 67, 71, 68, 68, 67, 71, 66,
    67, 69, 68, 67, 68, 67, 69, 69, 68, 69, 70, 71, 71, 70, 68, 70, 68,
    71, 68, 69, 67, 69, 72, 72, 71, 70, 69, 68, 70, 70, 68, 72, 67, 71,
    66 ]
