%YAML:1.0
---
videoName: "headLookUp3.mp4"
gestureLabel: 205
fps: 29
pixelSizeInCmTemp: 3.7421874999999999e-01
faceCenterPointX: 254
faceCenterPointY: 68
headPositionsX: [ 253, 258, 258, 254, 253, 258, 255, 256, 257, 256, 254,
    257, 257, 255, 255, 254, 257, 258, 255, 259, 259, 258, 256, 257, 255,
    255, 257, 254, 256, 254, 256, 256, 258, 259, 257, 256, 255, 254, 255,
    254, 258, 257, 254, 257, 256, 255, 257, 255, 258, 255, 256, 254, 253,
    255, 253, 257, 253, 253, 254, 253, 256, 255, 254, 257, 257, 254, 255,
    255, 253, 256, 256, 255, 256, 256, 253, 255, 255, 255, 254, 253, 257,
    253, 258, 255, 254, 254, 256, 254, 258, 253, 255, 257, 254, 257, 252,
    254, 256, 258, 254, 254 ]
headPositionsY: [ 69, 85, 82, 82, 80, 84, 84, 82, 81, 81, 84, 80, 80, 80,
    81, 82, 81, 84, 80, 80, 83, 81, 81, 80, 82, 80, 81, 83, 82, 82, 80,
    84, 81, 81, 84, 81, 83, 80, 81, 79, 79, 75, 77, 74, 74, 74, 71, 71,
    70, 71, 69, 67, 70, 66, 67, 70, 68, 67, 69, 68, 65, 70, 68, 68, 67,
    68, 64, 67, 68, 68, 69, 69, 68, 68, 68, 68, 70, 70, 65, 68, 68, 69,
    69, 68, 69, 66, 68, 68, 67, 66, 69, 67, 70, 70, 67, 67, 69, 71, 68,
    68 ]
