%YAML:1.0
---
videoName: "headLookUp4.mp4"
gestureLabel: 205
fps: 30
pixelSizeInCmTemp: 3.6846153846153845e-01
faceCenterPointX: 256
faceCenterPointY: 68
headPositionsX: [ 257, 257, 254, 258, 257, 254, 258, 257, 256, 258, 257,
    258, 258, 258, 254, 255, 256, 255, 256, 258, 256, 256, 254, 254, 258,
    258, 255, 255, 256, 257, 258, 256, 254, 253, 257, 256, 255, 257, 254,
    254, 254, 258, 258, 254, 258, 257, 254, 255, 258, 253, 253, 255, 258,
    255, 258, 255, 255, 254, 254, 255, 253, 255, 254, 257, 255, 254, 255,
    258, 256, 255, 254, 256, 257, 257, 258, 255, 256, 258, 253, 255, 253,
    255, 255, 256, 256, 258, 257, 253, 259, 257, 258, 255, 258, 254, 257,
    254, 258, 258, 256, 258 ]
headPositionsY: [ 70, 84, 84, 84, 80, 83, 81, 83, 82, 80, 84, 80, 84, 82,
    84, 81, 80, 82, 82, 84, 84, 80, 78, 78, 78, 78, 74, 73, 72, 69, 68,
    68, 68, 72, 69, 69, 67, 66, 71, 70, 68, 69, 66, 66, 67, 67, 69, 67,
    70, 65, 68, 67, 69, 71, 69, 71, 66, 71, 66, 69, 68, 67, 66, 67, 72,
    70, 72, 70, 70, 69, 70, 71, 70, 70, 66, 67, 67, 68, 65, 66, 68, 69,
    72, 68, 67, 66, 71, 69, 72, 71, 71, 71, 71, 68, 69, 67, 68, 72, 70,
    70 ]
