%YAML:1.0
---
videoName: "headLookUp8.mp4"
gestureLabel: 205
fps: 29
pixelSizeInCmTemp: 3.4214285714285714e-01
faceCenterPointX: 253
faceCenterPointY: 59
headPositionsX: [ 254, 254, 251, 254, 250, 251, 254, 254, 254, 251, 250,
    253, 250, 255, 252, 251, 255, 252, 250, 252, 252, 251, 250, 253, 251,
    254, 254, 252, 251, 252, 252, 250, 253, 251, 252, 250, 253, 250, 250,
    253, 252, 254, 250, 250, 254, 254, 251, 254, 254, 251, 253, 253, 253,
    254, 251, 251, 252, 251, 253, 254, 252, 253, 252, 250, 255, 253, 254,
    252, 251, 253, 254, 250, 251, 252, 251, 251, 252, 253, 252, 252, 252,
    255, 255, 254, 250, 252, 254, 255, 253, 252, 252, 252, 254, 254, 252,
    250, 252, 251, 252, 255 ]
headPositionsY: [ 59, 79, 77, 74, 76, 78, 76, 77, 74, 76, 75, 73, 74, 75,
    72, 71, 72, 69, 69, 68, 68, 70, 66, 65, 66, 69, 65, 64, 65, 65, 64,
    62, 62, 60, 62, 60, 63, 58, 61, 57, 57, 60, 61, 59, 57, 59, 57, 61,
    59, 56, 59, 59, 58, 56, 59, 56, 61, 58, 57, 59, 57, 60, 56, 60, 61,
    59, 59, 59, 58, 59, 60, 59, 58, 57, 60, 60, 60, 58, 58, 60, 57, 61,
    60, 57, 57, 61, 60, 59, 57, 57, 61, 59, 57, 57, 60, 58, 59, 61, 60,
    61 ]
