%YAML:1.0
---
videoName: "headLookUp4.mp4"
gestureLabel: 205
fps: 30
pixelSizeInCmTemp: 3.6846153846153845e-01
faceCenterPointX: 256
faceCenterPointY: 68
headPositionsX: [ 256, 257, 254, 255, 255, 255, 257, 256, 256, 255, 256,
    255, 255, 257, 257, 255, 255, 255, 256, 256, 257, 258, 256, 255, 258,
    257, 256, 256, 257, 258, 255, 257, 255, 257, 255, 256, 258, 255, 254,
    253, 255, 254, 254, 253, 258, 258, 255, 254, 256, 257, 257, 254, 254,
    258, 258, 255, 256, 253, 254, 257, 255, 253, 256, 255, 257, 256, 254,
    256, 258, 257, 256, 258, 256, 258, 256, 255, 257, 254, 255, 255, 256,
    257, 254, 254, 258, 257, 259, 253, 257, 257, 258, 258, 255, 256, 257,
    253, 256, 255, 255, 256 ]
headPositionsY: [ 70, 80, 83, 81, 80, 81, 82, 82, 83, 81, 82, 80, 82, 83,
    82, 80, 83, 84, 83, 83, 84, 82, 78, 78, 81, 77, 74, 72, 73, 69, 70,
    69, 67, 72, 69, 66, 69, 67, 70, 70, 67, 71, 70, 70, 67, 69, 68, 68,
    71, 67, 71, 69, 71, 69, 67, 71, 70, 68, 68, 72, 65, 66, 66, 65, 69,
    69, 71, 71, 70, 70, 68, 71, 69, 69, 68, 69, 68, 71, 66, 69, 68, 69,
    69, 68, 67, 67, 68, 68, 68, 72, 69, 70, 68, 70, 68, 67, 67, 72, 68,
    72 ]
