%YAML:1.0
---
videoName: "headLookUp7.mp4"
gestureLabel: 205
fps: 29
pixelSizeInCmTemp: 3.6846153846153845e-01
faceCenterPointX: 257
faceCenterPointY: 70
headPositionsX: [ 259, 258, 257, 257, 254, 256, 254, 254, 254, 256, 256,
    257, 254, 258, 256, 256, 257, 256, 259, 258, 257, 255, 256, 255, 253,
    256, 255, 257, 258, 256, 253, 255, 258, 256, 256, 254, 256, 257, 255,
    257, 256, 256, 257, 254, 256, 256, 258, 259, 257, 257, 257, 256, 256,
    254, 257, 257, 254, 255, 255, 255, 254, 257, 255, 255, 258, 255, 256,
    256, 257, 255, 256, 256, 254, 254, 256, 259, 254, 256, 257, 256, 255,
    258, 259, 257, 257, 255, 254, 255, 256, 255, 257, 257, 255, 259, 255,
    259, 258, 255, 255, 259 ]
headPositionsY: [ 71, 84, 85, 80, 84, 82, 84, 82, 83, 81, 83, 80, 83, 84,
    81, 83, 80, 82, 80, 77, 81, 78, 78, 74, 74, 75, 73, 70, 73, 69, 69,
    68, 68, 70, 69, 70, 68, 68, 67, 67, 68, 67, 65, 68, 68, 71, 68, 70,
    67, 67, 66, 67, 68, 66, 67, 69, 67, 69, 66, 65, 70, 70, 68, 69, 67,
    71, 70, 68, 67, 71, 68, 70, 67, 71, 67, 69, 70, 70, 71, 69, 69, 72,
    70, 72, 70, 67, 70, 68, 67, 70, 67, 67, 67, 71, 68, 72, 70, 70, 71,
    71 ]
