%YAML:1.0
---
videoName: "headLookUp8.mp4"
gestureLabel: 205
fps: 29
pixelSizeInCmTemp: 3.4214285714285714e-01
faceCenterPointX: 253
faceCenterPointY: 59
headPositionsX: [ 251, 251, 255, 255, 252, 252, 256, 254, 252, 250, 252,
    254, 252, 254, 250, 251, 254, 249, 250, 249, 253, 253, 250, 251, 252,
    251, 252, 252, 251, 252, 255, 250, 254, 253, 254, 254, 250, 252, 251,
    252, 251, 251, 253, 251, 251, 251, 253, 250, 251, 252, 252, 252, 254,
    252, 250, 254, 254, 254, 250, 250, 252, 252, 253, 250, 251, 254, 253,
    252, 254, 255, 255, 251, 254, 252, 250, 251, 254, 251, 255, 252, 253,
    251, 254, 254, 250, 255, 255, 253, 254, 255, 252, 255, 252, 253, 251,
    251, 255, 255, 251, 255 ]
headPositionsY: [ 61, 79, 74, 76, 74, 79, 79, 78, 78, 76, 74, 74, 77, 73,
    72, 70, 71, 71, 72, 70, 69, 69, 67, 69, 65, 67, 64, 64, 62, 62, 65,
    63, 60, 63, 61, 61, 60, 60, 59, 58, 58, 59, 58, 60, 61, 59, 57, 60,
    58, 59, 61, 58, 60, 58, 60, 56, 60, 58, 59, 56, 58, 58, 60, 59, 61,
    60, 58, 59, 61, 60, 59, 58, 56, 57, 57, 59, 60, 60, 60, 61, 60, 59,
    57, 58, 57, 59, 61, 57, 57, 60, 59, 58, 58, 61, 60, 59, 59, 57, 61,
    57 ]
