%YAML:1.0
---
videoName: "headLookUp4.mp4"
gestureLabel: 205
fps: 30
pixelSizeInCmTemp: 3.6846153846153845e-01
faceCenterPointX: 256
faceCenterPointY: 68
headPositionsX: [ 254, 258, 255, 259, 256, 256, 258, 257, 254, 256, 257,
    256, 258, 257, 258, 257, 257, 254, 258, 258, 258, 257, 257, 254, 257,
    254, 258, 256, 257, 258, 258, 257, 255, 256, 258, 253, 254, 255, 257,
    253, 257, 257, 256, 255, 254, 255, 256, 254, 256, 255, 253, 257, 257,
    255, 254, 257, 254, 253, 256, 253, 256, 257, 257, 257, 254, 257, 257,
    255, 258, 258, 258, 254, 257, 256, 258, 258, 253, 254, 257, 257, 254,
    254, 254, 256, 255, 254, 255, 256, 256, 254, 259, 256, 259, 255, 258,
    257, 256, 259, 253, 254 ]
headPositionsY: [ 70, 81, 82, 80, 84, 83, 84, 82, 81, 84, 81, 81, 82, 83,
    84, 84, 83, 83, 82, 82, 84, 79, 80, 82, 80, 78, 78, 72, 73, 72, 71,
    70, 69, 71, 70, 67, 68, 68, 68, 69, 70, 72, 69, 67, 66, 68, 71, 67,
    70, 67, 67, 71, 68, 67, 68, 71, 67, 70, 66, 71, 66, 66, 66, 67, 70,
    69, 68, 70, 72, 68, 69, 70, 70, 68, 66, 69, 68, 68, 65, 70, 69, 67,
    71, 71, 68, 69, 69, 69, 68, 68, 67, 69, 70, 68, 70, 67, 70, 69, 66,
    70 ]
