%YAML:1.0
---
videoName: "headLookUp3.mp4"
gestureLabel: 205
fps: 29
pixelSizeInCmTemp: 3.7421874999999999e-01
faceCenterPointX: 254
faceCenterPointY: 68
headPositionsX: [ 255, 254, 257, 257, 255, 257, 253, 256, 254, 254, 258,
    253, 256, 257, 257, 256, 254, 258, 258, 259, 257, 257, 258, 258, 255,
    257, 256, 258, 254, 256, 259, 256, 256, 255, 256, 255, 256, 258, 256,
    255, 256, 254, 253, 255, 253, 256, 258, 257, 254, 257, 255, 257, 256,
    254, 254, 255, 257, 256, 255, 257, 252, 255, 256, 255, 254, 256, 258,
    256, 257, 257, 255, 256, 256, 255, 252, 258, 252, 257, 258, 254, 255,
    255, 255, 255, 253, 257, 255, 253, 258, 257, 257, 257, 257, 257, 254,
    253, 253, 257, 257, 254 ]
headPositionsY: [ 66, 83, 81, 82, 83, 84, 82, 80, 80, 82, 80, 84, 80, 84,
    84, 84, 80, 84, 83, 80, 81, 80, 82, 80, 82, 80, 81, 83, 84, 81, 80,
    81, 80, 84, 85, 84, 82, 80, 80, 77, 79, 78, 75, 76, 74, 70, 73, 70,
    68, 68, 68, 69, 68, 66, 69, 69, 70, 65, 69, 66, 64, 67, 69, 70, 69,
    69, 64, 67, 69, 69, 69, 67, 68, 68, 67, 68, 66, 67, 67, 70, 69, 67,
    69, 66, 69, 69, 67, 69, 65, 66, 65, 65, 67, 68, 67, 69, 71, 70, 66,
    68 ]
