%YAML:1.0
---
videoName: "headLookUp6.mp4"
gestureLabel: 205
fps: 30
pixelSizeInCmTemp: 3.7421874999999999e-01
faceCenterPointX: 255
faceCenterPointY: 70
headPositionsX: [ 255, 255, 254, 258, 257, 258, 257, 258, 258, 253, 254,
    254, 258, 255, 256, 254, 258, 254, 257, 254, 253, 253, 256, 257, 256,
    255, 255, 255, 256, 258, 255, 257, 258, 256, 256, 256, 254, 255, 257,
    254, 255, 253, 255, 256, 253, 256, 251, 256, 253, 252, 252, 253, 253,
    256, 256, 256, 252, 253, 253, 255, 256, 254, 252, 255, 256, 257, 254,
    254, 254, 254, 255, 252, 255, 254, 255, 253, 255, 253, 254, 257, 258,
    252, 254, 257, 256, 252, 252, 254, 256, 257, 257, 255, 257, 254, 253,
    255, 252, 255, 256, 254 ]
headPositionsY: [ 72, 82, 83, 82, 85, 85, 85, 85, 84, 84, 85, 84, 85, 84,
    81, 83, 84, 85, 82, 82, 81, 81, 84, 84, 82, 80, 78, 76, 78, 75, 75,
    70, 72, 71, 70, 72, 70, 68, 71, 69, 66, 70, 70, 67, 68, 67, 66, 71,
    67, 67, 66, 69, 68, 68, 67, 69, 67, 69, 70, 71, 68, 70, 69, 69, 67,
    69, 69, 68, 71, 72, 68, 67, 69, 69, 67, 70, 69, 69, 66, 68, 72, 69,
    70, 68, 70, 67, 70, 68, 71, 70, 69, 70, 72, 68, 70, 70, 69, 68, 69,
    69 ]
