%YAML:1.0
---
videoName: "headLookUp6.mp4"
gestureLabel: 205
fps: 30
pixelSizeInCmTemp: 3.7421874999999999e-01
faceCenterPointX: 255
faceCenterPointY: 70
headPositionsX: [ 253, 257, 256, 255, 255, 255, 253, 256, 257, 255, 257,
    257, 255, 255, 256, 254, 256, 254, 253, 255, 252, 255, 254, 256, 254,
    253, 258, 258, 257, 254, 253, 257, 256, 254, 254, 255, 255, 258, 256,
    256, 256, 253, 252, 256, 253, 254, 253, 254, 253, 253, 252, 253, 254,
    257, 253, 256, 254, 257, 256, 252, 256, 254, 255, 257, 254, 254, 254,
    257, 253, 254, 253, 253, 254, 254, 253, 252, 253, 252, 255, 256, 258,
    254, 255, 256, 256, 255, 253, 252, 257, 257, 255, 252, 254, 255, 253,
    254, 255, 257, 255, 256 ]
headPositionsY: [ 68, 85, 81, 84, 84, 84, 81, 84, 81, 81, 85, 83, 86, 82,
    84, 84, 81, 85, 85, 84, 83, 82, 82, 80, 79, 82, 81, 80, 78, 73, 71,
    72, 71, 72, 69, 70, 68, 66, 71, 72, 69, 68, 66, 66, 70, 67, 68, 71,
    68, 67, 67, 70, 69, 67, 67, 68, 67, 70, 69, 72, 68, 71, 69, 69, 67,
    71, 72, 67, 67, 71, 68, 68, 71, 67, 67, 69, 70, 71, 69, 71, 69, 71,
    71, 68, 67, 68, 69, 72, 71, 68, 70, 72, 69, 72, 68, 67, 69, 68, 72,
    67 ]
