%YAML:1.0
---
videoName: "headLookUp9.mp4"
gestureLabel: 205
fps: 29
pixelSizeInCmTemp: 3.3732394366197183e-01
faceCenterPointX: 251
faceCenterPointY: 57
headPositionsX: [ 251, 252, 253, 251, 253, 251, 249, 249, 252, 254, 251,
    253, 250, 253, 252, 251, 253, 251, 253, 251, 252, 252, 249, 253, 251,
    253, 252, 249, 252, 254, 250, 250, 254, 252, 251, 252, 253, 253, 252,
    250, 250, 252, 253, 252, 251, 252, 252, 252, 253, 253, 250, 249, 253,
    251, 253, 249, 250, 250, 252, 249, 253, 250, 250, 251, 248, 249, 250,
    249, 251, 252, 251, 252, 254, 253, 252, 252, 253, 252, 251, 250, 251,
    253, 249, 250, 249, 252, 249, 250, 253, 250, 249, 251, 252, 252, 252,
    251, 251, 253, 251, 252 ]
headPositionsY: [ 55, 72, 74, 73, 73, 72, 73, 75, 73, 75, 74, 76, 73, 75,
    74, 73, 76, 76, 76, 76, 75, 74, 74, 73, 76, 73, 74, 74, 75, 75, 71,
    71, 70, 68, 72, 66, 68, 65, 65, 65, 68, 62, 61, 61, 59, 62, 60, 61,
    57, 59, 58, 58, 60, 60, 60, 57, 56, 56, 57, 59, 59, 57, 56, 57, 55,
    58, 58, 59, 56, 56, 57, 57, 56, 58, 56, 55, 59, 58, 56, 57, 57, 57,
    55, 57, 57, 59, 56, 58, 56, 57, 59, 58, 56, 60, 58, 55, 57, 58, 59,
    56 ]
