%YAML:1.0
---
videoName: "headLookUp4.mp4"
gestureLabel: 205
fps: 30
pixelSizeInCmTemp: 3.6846153846153845e-01
faceCenterPointX: 256
faceCenterPointY: 68
headPositionsX: [ 256, 257, 257, 259, 257, 255, 256, 258, 257, 256, 256,
    259, 258, 254, 256, 253, 255, 258, 256, 257, 254, 255, 256, 255, 257,
    254, 257, 258, 256, 254, 257, 255, 255, 255, 257, 257, 258, 258, 254,
    257, 254, 257, 255, 254, 256, 257, 254, 254, 258, 255, 255, 255, 256,
    258, 254, 255, 256, 253, 258, 256, 257, 257, 257, 257, 257, 254, 256,
    256, 258, 255, 258, 254, 257, 256, 257, 258, 256, 256, 255, 257, 255,
    253, 254, 258, 255, 256, 255, 256, 257, 254, 258, 256, 256, 256, 257,
    255, 256, 255, 254, 254 ]
headPositionsY: [ 69, 83, 84, 82, 82, 83, 80, 85, 81, 80, 80, 82, 83, 82,
    80, 82, 80, 80, 84, 83, 81, 80, 80, 81, 78, 75, 74, 75, 76, 73, 68,
    71, 69, 70, 67, 65, 69, 67, 70, 71, 70, 71, 67, 66, 69, 69, 69, 68,
    67, 65, 68, 67, 67, 71, 71, 69, 67, 69, 67, 68, 68, 65, 68, 65, 69,
    68, 72, 71, 69, 68, 68, 67, 69, 67, 65, 69, 66, 71, 69, 70, 71, 68,
    71, 70, 70, 67, 71, 68, 68, 72, 68, 70, 71, 70, 70, 68, 69, 72, 70,
    72 ]
