%YAML:1.0
---
videoName: "headLookUp5.mp4"
gestureLabel: 205
fps: 29
pixelSizeInCmTemp: 3.6287878787878786e-01
faceCenterPointX: 256
faceCenterPointY: 67
headPositionsX: [ 256, 255, 257, 257, 257, 258, 255, 254, 256, 255, 256,
    259, 254, 258, 256, 258, 255, 258, 254, 258, 257, 256, 258, 258, 256,
    255, 256, 256, 256, 257, 256, 258, 258, 256, 255, 255, 255, 255, 255,
    256, 257, 258, 257, 257, 258, 258, 252, 254, 256, 255, 256, 255, 253,
    254, 258, 255, 257, 256, 255, 256, 257, 254, 256, 255, 258, 255, 257,
    254, 253, 256, 255, 258, 255, 257, 257, 257, 256, 254, 257, 257, 255,
    256, 257, 257, 257, 258, 258, 258, 258, 257, 258, 257, 253, 256, 256,
    256, 255, 254, 256, 257 ]
headPositionsY: [ 68, 83, 82, 80, 79, 83, 84, 79, 83, 82, 81, 81, 81, 82,
    81, 79, 82, 83, 83, 82, 79, 83, 82, 83, 81, 80, 83, 79, 82, 78, 79,
    81, 78, 78, 77, 79, 78, 73, 72, 73, 68, 67, 70, 70, 66, 67, 68, 70,
    69, 71, 70, 71, 68, 67, 67, 69, 70, 70, 68, 67, 66, 66, 71, 69, 68,
    66, 67, 69, 69, 65, 67, 66, 69, 69, 69, 65, 66, 69, 64, 69, 68, 69,
    67, 67, 65, 69, 70, 69, 67, 65, 69, 68, 68, 65, 64, 66, 65, 68, 67,
    67 ]
