%YAML:1.0
---
videoName: "headLookUp5.mp4"
gestureLabel: 205
fps: 29
pixelSizeInCmTemp: 3.6287878787878786e-01
faceCenterPointX: 256
faceCenterPointY: 67
headPositionsX: [ 255, 258, 257, 257, 257, 255, 258, 257, 257, 257, 254,
    258, 256, 258, 257, 258, 257, 258, 254, 258, 257, 255, 254, 257, 254,
    257, 258, 257, 254, 254, 257, 257, 255, 258, 258, 255, 257, 254, 257,
    255, 257, 256, 256, 258, 258, 255, 254, 254, 254, 258, 259, 256, 254,
    258, 256, 255, 255, 255, 253, 254, 255, 255, 258, 253, 256, 256, 254,
    256, 254, 257, 256, 254, 259, 254, 258, 256, 256, 254, 258, 254, 254,
    258, 256, 257, 258, 254, 258, 256, 257, 257, 258, 255, 256, 256, 257,
    254, 255, 255, 258, 257 ]
headPositionsY: [ 67, 81, 80, 80, 82, 81, 82, 79, 81, 81, 82, 84, 83, 83,
    79, 81, 79, 79, 80, 83, 82, 79, 79, 82, 80, 83, 81, 80, 81, 80, 79,
    81, 80, 77, 79, 77, 78, 74, 74, 69, 71, 70, 68, 71, 67, 71, 70, 69,
    67, 68, 68, 70, 67, 66, 69, 67, 67, 70, 68, 69, 67, 68, 67, 68, 65,
    65, 69, 67, 66, 69, 68, 68, 68, 68, 69, 68, 67, 67, 63, 67, 67, 69,
    70, 68, 68, 69, 69, 70, 67, 67, 69, 67, 67, 66, 65, 67, 69, 69, 68,
    65 ]
