%YAML:1.0
---
videoName: "headLookUp2.mp4"
gestureLabel: 205
fps: 29
pixelSizeInCmTemp: 3.7421874999999999e-01
faceCenterPointX: 254
faceCenterPointY: 67
headPositionsX: [ 256, 256, 258, 258, 258, 254, 254, 257, 258, 253, 254,
    254, 257, 256, 255, 255, 253, 256, 253, 254, 252, 254, 256, 256, 256,
    254, 254, 255, 255, 252, 256, 256, 256, 256, 257, 253, 253, 254, 253,
    252, 255, 256, 253, 254, 252, 253, 254, 255, 254, 255, 255, 253, 254,
    254, 255, 253, 253, 255, 256, 254, 252, 255, 254, 252, 252, 250, 254,
    254, 255, 254, 252, 251, 253, 253, 253, 254, 251, 254, 254, 256, 255,
    252, 255, 254, 258, 253, 251, 253, 254, 254, 256, 253, 255, 253, 255,
    253, 252, 255, 254, 252 ]
headPositionsY: [ 65, 82, 79, 80, 80, 81, 81, 83, 83, 81, 82, 83, 80, 82,
    78, 79, 79, 80, 79, 79, 80, 80, 80, 82, 81, 79, 82, 79, 79, 79, 81,
    83, 83, 83, 79, 81, 82, 79, 80, 78, 82, 81, 76, 74, 76, 75, 71, 71,
    68, 70, 71, 69, 70, 69, 69, 70, 65, 70, 67, 65, 67, 69, 66, 70, 67,
    70, 69, 69, 67, 65, 68, 66, 69, 70, 67, 69, 70, 70, 70, 67, 68, 68,
    70, 65, 69, 68, 65, 69, 70, 71, 70, 66, 66, 66, 67, 65, 66, 68, 68,
    69 ]
