%YAML:1.0
---
videoName: "headLookUp0.mp4"
gestureLabel: 205
fps: 29
pixelSizeInCmTemp: 3.6846153846153845e-01
faceCenterPointX: 258
faceCenterPointY: 66
headPositionsX: [ 256, 261, 260, 260, 258, 260, 260, 260, 261, 261, 260,
    262, 260, 261, 257, 259, 257, 261, 261, 261, 260, 261, 262, 260, 258,
    259, 258, 257, 261, 262, 257, 260, 259, 260, 258, 260, 261, 261, 257,
    257, 260, 258, 260, 255, 256, 260, 258, 261, 261, 256, 260, 258, 258,
    259, 256, 259, 259, 259, 257, 258, 256, 258, 256, 257, 258, 260, 261,
    255, 260, 259, 260, 256, 260, 259, 257, 257, 259, 257, 256, 256, 258,
    257, 259, 257, 259, 260, 257, 259, 255, 259, 260, 258, 258, 260, 257,
    259, 260, 256, 257, 259 ]
headPositionsY: [ 65, 83, 82, 81, 79, 79, 83, 82, 79, 82, 82, 81, 79, 81,
    78, 76, 77, 73, 75, 72, 73, 71, 70, 71, 70, 68, 67, 69, 68, 66, 65,
    67, 66, 66, 68, 64, 65, 66, 65, 67, 65, 66, 69, 66, 69, 66, 66, 67,
    69, 67, 69, 69, 66, 65, 67, 66, 69, 66, 66, 67, 65, 67, 66, 67, 68,
    66, 68, 66, 66, 68, 65, 69, 68, 69, 67, 70, 68, 70, 67, 67, 65, 68,
    69, 66, 68, 69, 66, 68, 64, 67, 70, 66, 69, 69, 68, 69, 71, 64, 69,
    69 ]
