%YAML:1.0
---
videoName: "headLookUp3.mp4"
gestureLabel: 205
fps: 29
pixelSizeInCmTemp: 3.7421874999999999e-01
faceCenterPointX: 254
faceCenterPointY: 68
headPositionsX: [ 255, 258, 257, 254, 255, 256, 253, 257, 253, 255, 254,
    253, 257, 258, 257, 256, 254, 259, 255, 258, 256, 254, 257, 257, 257,
    255, 254, 258, 257, 257, 255, 258, 255, 257, 255, 256, 254, 256, 255,
    255, 254, 256, 257, 256, 255, 258, 258, 257, 255, 256, 257, 255, 256,
    254, 255, 255, 256, 253, 254, 255, 255, 257, 253, 258, 253, 252, 256,
    256, 257, 256, 253, 254, 256, 254, 256, 258, 256, 257, 256, 253, 255,
    254, 254, 254, 256, 257, 255, 257, 254, 254, 258, 256, 254, 255, 253,
    255, 256, 258, 255, 254 ]
headPositionsY: [ 70, 84, 84, 82, 80, 80, 81, 81, 84, 82, 83, 81, 84, 84,
    82, 84, 81, 80, 83, 82, 84, 82, 82, 84, 82, 82, 83, 79, 83, 82, 84,
    82, 84, 83, 83, 84, 80, 81, 82, 79, 80, 78, 79, 77, 74, 71, 72, 69,
    70, 67, 67, 69, 69, 67, 70, 67, 69, 67, 67, 68, 67, 66, 66, 69, 68,
    68, 66, 68, 70, 67, 66, 67, 66, 69, 68, 69, 68, 68, 69, 69, 67, 65,
    68, 65, 69, 67, 66, 67, 67, 69, 69, 66, 70, 70, 65, 66, 71, 67, 70,
    69 ]
