%YAML:1.0
---
videoName: "headLookUp0.mp4"
gestureLabel: 205
fps: 29
pixelSizeInCmTemp: 3.6846153846153845e-01
faceCenterPointX: 258
faceCenterPointY: 66
headPositionsX: [ 258, 262, 258, 259, 260, 258, 257, 257, 258, 261, 260,
    260, 261, 257, 256, 259, 260, 262, 257, 262, 260, 259, 261, 257, 257,
    258, 259, 259, 259, 260, 258, 260, 260, 259, 258, 260, 260, 260, 258,
    256, 258, 259, 260, 256, 258, 257, 260, 258, 260, 257, 259, 260, 257,
    258, 257, 257, 256, 258, 260, 258, 257, 257, 255, 259, 261, 258, 260,
    258, 259, 258, 261, 260, 256, 258, 258, 255, 259, 261, 258, 259, 258,
    260, 257, 260, 257, 260, 259, 257, 257, 256, 256, 257, 255, 256, 257,
    259, 261, 256, 258, 260 ]
headPositionsY: [ 65, 81, 82, 83, 82, 81, 82, 81, 81, 80, 80, 78, 81, 79,
    75, 75, 75, 76, 74, 72, 72, 70, 69, 68, 71, 66, 67, 66, 68, 70, 65,
    69, 66, 67, 68, 67, 68, 68, 65, 64, 65, 69, 66, 67, 67, 69, 67, 65,
    68, 68, 65, 69, 66, 68, 69, 65, 68, 68, 67, 66, 68, 66, 67, 70, 67,
    65, 67, 66, 67, 65, 66, 69, 66, 67, 68, 66, 65, 70, 66, 65, 68, 68,
    69, 68, 69, 67, 67, 66, 65, 68, 67, 67, 66, 69, 69, 67, 67, 66, 68,
    69 ]
