%YAML:1.0
---
videoName: "headLookUp4.mp4"
gestureLabel: 205
fps: 30
pixelSizeInCmTemp: 3.6846153846153845e-01
faceCenterPointX: 256
faceCenterPointY: 68
headPositionsX: [ 255, 256, 254, 256, 256, 254, 254, 258, 256, 257, 257,
    256, 255, 257, 258, 254, 258, 258, 257, 254, 256, 254, 255, 255, 258,
    254, 254, 256, 256, 256, 256, 257, 255, 256, 256, 253, 257, 257, 255,
    257, 257, 257, 254, 257, 255, 256, 254, 257, 255, 256, 255, 256, 256,
    258, 257, 255, 254, 253, 256, 256, 256, 257, 257, 258, 256, 256, 257,
    258, 254, 254, 254, 257, 254, 255, 258, 259, 254, 258, 257, 255, 255,
    253, 255, 258, 254, 258, 257, 255, 255, 257, 259, 258, 259, 255, 258,
    253, 255, 256, 254, 257 ]
headPositionsY: [ 66, 81, 84, 82, 83, 81, 84, 82, 82, 80, 84, 82, 82, 80,
    80, 81, 84, 83, 80, 83, 82, 79, 79, 79, 77, 75, 75, 73, 76, 73, 69,
    69, 71, 71, 67, 68, 69, 69, 68, 69, 67, 72, 67, 66, 67, 69, 71, 70,
    68, 69, 70, 67, 69, 69, 71, 70, 69, 70, 70, 71, 69, 66, 69, 69, 69,
    68, 70, 69, 72, 70, 70, 67, 67, 69, 68, 69, 66, 71, 67, 67, 70, 66,
    69, 69, 71, 67, 68, 69, 71, 68, 68, 71, 71, 66, 72, 67, 69, 71, 68,
    72 ]
