%YAML:1.0
---
videoName: "headLookUp1.mp4"
gestureLabel: 205
fps: 29
pixelSizeInCmTemp: 3.7421874999999999e-01
faceCenterPointX: 258
faceCenterPointY: 66
headPositionsX: [ 258, 258, 257, 259, 261, 258, 260, 261, 258, 257, 257,
    261, 258, 258, 257, 258, 262, 259, 259, 261, 258, 258, 257, 256, 258,
    257, 259, 260, 257, 256, 258, 258, 258, 259, 257, 257, 256, 256, 260,
    258, 259, 260, 258, 257, 258, 257, 257, 257, 259, 257, 257, 258, 258,
    257, 256, 258, 258, 257, 258, 259, 256, 256, 261, 258, 258, 256, 259,
    257, 258, 259, 259, 257, 262, 261, 257, 257, 257, 260, 259, 257, 259,
    257, 262, 256, 256, 259, 259, 257, 257, 259, 256, 256, 260, 256, 260,
    259, 258, 256, 256, 260 ]
headPositionsY: [ 64, 79, 83, 78, 82, 80, 79, 80, 79, 80, 82, 81, 82, 81,
    79, 83, 79, 78, 79, 79, 79, 81, 80, 82, 82, 80, 80, 81, 83, 78, 80,
    81, 83, 81, 80, 82, 80, 83, 81, 78, 81, 79, 76, 77, 75, 73, 72, 68,
    69, 68, 67, 66, 64, 65, 67, 65, 67, 63, 67, 64, 67, 65, 69, 66, 68,
    65, 65, 63, 65, 65, 68, 63, 66, 64, 66, 66, 65, 66, 66, 65, 67, 68,
    65, 64, 65, 67, 67, 66, 67, 65, 64, 68, 64, 65, 66, 66, 66, 68, 65,
    68 ]
