%YAML:1.0
---
videoName: "headLookUp2.mp4"
gestureLabel: 205
fps: 29
pixelSizeInCmTemp: 3.7421874999999999e-01
faceCenterPointX: 254
faceCenterPointY: 67
headPositionsX: [ 254, 257, 255, 256, 256, 257, 255, 257, 254, 256, 257,
    253, 256, 254, 254, 252, 254, 256, 255, 256, 253, 255, 254, 257, 255,
    255, 257, 254, 256, 254, 255, 254, 252, 256, 254, 256, 253, 256, 252,
    254, 255, 253, 253, 253, 254, 257, 255, 253, 255, 256, 252, 254, 254,
    254, 256, 254, 252, 256, 255, 256, 255, 255, 254, 252, 251, 252, 255,
    256, 253, 252, 253, 251, 254, 253, 253, 254, 251, 254, 251, 252, 253,
    254, 253, 254, 255, 251, 255, 255, 256, 252, 252, 254, 255, 254, 254,
    255, 255, 253, 254, 252 ]
headPositionsY: [ 69, 82, 79, 81, 82, 80, 82, 79, 82, 82, 82, 80, 81, 80,
    81, 79, 81, 81, 79, 80, 80, 81, 81, 83, 83, 80, 83, 79, 78, 83, 83,
    80, 80, 80, 83, 79, 79, 79, 78, 78, 80, 81, 76, 77, 76, 73, 74, 72,
    71, 67, 67, 69, 67, 67, 69, 67, 64, 71, 67, 69, 66, 65, 67, 67, 70,
    70, 68, 69, 68, 64, 65, 64, 66, 69, 71, 66, 70, 67, 69, 71, 67, 67,
    70, 68, 69, 68, 67, 68, 70, 69, 70, 69, 67, 69, 68, 65, 66, 65, 67,
    66 ]
