%YAML:1.0
---
videoName: "headLookUp1.mp4"
gestureLabel: 205
fps: 29
pixelSizeInCmTemp: 3.7421874999999999e-01
faceCenterPointX: 258
faceCenterPointY: 66
headPositionsX: [ 258, 260, 261, 258, 259, 261, 261, 261, 260, 259, 260,
    259, 259, 257, 260, 257, 258, 258, 260, 258, 260, 260, 257, 258, 261,
    259, 258, 258, 259, 259, 260, 260, 261, 257, 257, 260, 257, 256, 258,
    261, 259, 256, 260, 258, 257, 256, 256, 261, 261, 258, 259, 259, 260,
    256, 259, 255, 259, 256, 259, 256, 259, 258, 261, 256, 258, 260, 258,
    260, 260, 258, 256, 260, 262, 258, 256, 255, 257, 259, 260, 258, 260,
    257, 258, 256, 256, 258, 258, 255, 260, 260, 257, 259, 256, 257, 257,
    255, 257, 256, 258, 261 ]
headPositionsY: [ 65, 80, 82, 82, 83, 82, 83, 81, 79, 79, 81, 82, 81, 80,
    79, 82, 83, 82, 79, 80, 82, 80, 79, 78, 81, 81, 80, 84, 82, 82, 83,
    83, 81, 82, 80, 79, 78, 82, 79, 80, 77, 80, 75, 75, 74, 72, 69, 69,
    66, 66, 69, 64, 67, 64, 68, 63, 66, 65, 68, 64, 65, 66, 67, 66, 68,
    64, 68, 63, 64, 66, 66, 66, 65, 68, 66, 64, 67, 66, 68, 66, 65, 65,
    64, 65, 63, 65, 67, 68, 63, 64, 66, 67, 66, 63, 64, 64, 65, 68, 65,
    66 ]
