%YAML:1.0
---
videoName: "headLookUp2.mp4"
gestureLabel: 205
fps: 29
pixelSizeInCmTemp: 3.7421874999999999e-01
faceCenterPointX: 254
faceCenterPointY: 67
headPositionsX: [ 252, 255, 254, 257, 258, 254, 258, 256, 258, 256, 257,
    253, 258, 256, 253, 252, 256, 257, 256, 254, 253, 252, 256, 253, 253,
    257, 253, 253, 257, 253, 255, 257, 255, 252, 254, 252, 252, 256, 252,
    255, 257, 256, 252, 255, 255, 254, 255, 253, 253, 257, 252, 253, 256,
    252, 254, 256, 253, 256, 257, 256, 252, 256, 254, 252, 251, 253, 254,
    253, 253, 255, 252, 255, 252, 256, 255, 251, 253, 256, 253, 255, 254,
    251, 257, 254, 255, 255, 251, 256, 254, 255, 255, 255, 255, 255, 255,
    255, 256, 256, 257, 253 ]
headPositionsY: [ 67, 78, 79, 83, 80, 83, 82, 79, 82, 83, 82, 80, 80, 81,
    82, 82, 83, 80, 82, 83, 81, 83, 81, 79, 83, 79, 80, 79, 78, 82, 83,
    80, 81, 83, 83, 78, 78, 80, 80, 82, 80, 81, 75, 76, 77, 77, 74, 69,
    68, 69, 67, 66, 67, 68, 68, 68, 66, 69, 66, 68, 67, 68, 66, 66, 69,
    68, 68, 68, 68, 64, 66, 66, 68, 69, 71, 66, 69, 70, 70, 70, 68, 67,
    70, 69, 70, 71, 66, 66, 70, 69, 67, 67, 67, 66, 69, 68, 65, 67, 69,
    65 ]
