%YAML:1.0
---
videoName: "headLookUp1.mp4"
gestureLabel: 205
fps: 29
pixelSizeInCmTemp: 3.7421874999999999e-01
faceCenterPointX: 258
faceCenterPointY: 66
headPositionsX: [ 256, 256, 260, 260, 261, 257, 257, 260, 256, 260, 259,
    258, 260, 260, 258, 259, 260, 260, 258, 260, 261, 259, 257, 260, 258,
    257, 262, 258, 259, 260, 258, 260, 259, 260, 261, 257, 258, 256, 257,
    257, 261, 259, 257, 257, 260, 256, 257, 259, 257, 257, 259, 256, 257,
    258, 256, 255, 259, 258, 257, 255, 258, 259, 261, 260, 257, 259, 259,
    256, 256, 255, 258, 259, 258, 259, 255, 257, 261, 260, 259, 258, 261,
    257, 260, 258, 256, 259, 257, 255, 260, 257, 258, 259, 257, 258, 258,
    255, 259, 259, 255, 257 ]
headPositionsY: [ 64, 81, 82, 79, 80, 79, 83, 81, 81, 79, 83, 79, 84, 83,
    81, 80, 79, 79, 80, 83, 79, 81, 79, 79, 79, 79, 79, 84, 80, 81, 79,
    80, 82, 79, 83, 81, 81, 81, 79, 82, 79, 77, 77, 75, 72, 71, 72, 69,
    68, 67, 66, 64, 64, 68, 65, 64, 67, 65, 67, 62, 68, 62, 66, 63, 66,
    66, 67, 65, 68, 66, 66, 67, 65, 64, 68, 63, 67, 66, 68, 66, 66, 67,
    68, 67, 62, 66, 66, 65, 64, 65, 62, 68, 65, 64, 66, 67, 67, 66, 65,
    66 ]
