%YAML:1.0
---
videoName: "headLookUp8.mp4"
gestureLabel: 205
fps: 29
pixelSizeInCmTemp: 3.4214285714285714e-01
faceCenterPointX: 253
faceCenterPointY: 59
headPositionsX: [ 254, 251, 252, 253, 252, 255, 252, 251, 254, 254, 253,
    254, 254, 255, 252, 252, 255, 252, 254, 253, 250, 252, 252, 249, 254,
    251, 252, 251, 251, 250, 253, 250, 253, 253, 251, 251, 251, 254, 254,
    254, 251, 254, 252, 252, 252, 251, 251, 253, 253, 253, 251, 251, 251,
    253, 250, 251, 251, 254, 253, 251, 254, 251, 252, 250, 253, 253, 253,
    254, 252, 252, 252, 252, 251, 253, 254, 255, 253, 254, 252, 255, 252,
    255, 255, 251, 253, 252, 252, 255, 251, 252, 255, 255, 254, 255, 251,
    251, 251, 252, 252, 254 ]
headPositionsY: [ 60, 78, 75, 76, 74, 76, 76, 75, 76, 77, 74, 75, 77, 74,
    73, 72, 74, 72, 72, 72, 69, 69, 66, 66, 65, 66, 64, 66, 65, 61, 61,
    63, 61, 60, 62, 62, 61, 62, 61, 57, 58, 61, 60, 61, 57, 56, 60, 61,
    59, 56, 60, 58, 57, 59, 60, 60, 57, 57, 56, 58, 57, 57, 60, 61, 60,
    58, 60, 61, 61, 60, 58, 60, 60, 58, 57, 57, 58, 59, 60, 58, 59, 61,
    61, 57, 57, 61, 59, 61, 60, 61, 61, 58, 58, 59, 59, 60, 58, 58, 58,
    59 ]
