%YAML:1.0
---
videoName: "headLookUp7.mp4"
gestureLabel: 205
fps: 29
pixelSizeInCmTemp: 3.6846153846153845e-01
faceCenterPointX: 257
faceCenterPointY: 70
headPositionsX: [ 257, 258, 256, 257, 254, 257, 255, 255, 256, 255, 259,
    254, 254, 257, 257, 256, 257, 255, 258, 257, 254, 255, 258, 255, 256,
    259, 254, 255, 257, 257, 256, 259, 259, 257, 257, 257, 258, 256, 257,
    254, 255, 256, 258, 254, 258, 255, 258, 255, 254, 255, 254, 258, 254,
    253, 257, 255, 258, 258, 256, 254, 258, 256, 256, 257, 256, 255, 255,
    257, 257, 255, 259, 256, 257, 258, 259, 256, 255, 257, 255, 255, 255,
    257, 258, 257, 257, 257, 256, 258, 258, 259, 254, 257, 256, 255, 255,
    255, 260, 258, 257, 258 ]
headPositionsY: [ 72, 84, 85, 83, 82, 83, 80, 81, 83, 84, 81, 80, 85, 84,
    80, 83, 81, 83, 79, 81, 80, 76, 76, 78, 72, 72, 74, 70, 72, 67, 69,
    69, 70, 68, 72, 68, 71, 70, 68, 66, 69, 66, 68, 65, 67, 68, 66, 69,
    68, 69, 68, 65, 70, 66, 69, 69, 69, 67, 69, 66, 68, 69, 69, 72, 67,
    69, 69, 67, 71, 68, 70, 66, 71, 69, 68, 71, 69, 68, 69, 70, 68, 70,
    67, 69, 66, 67, 68, 71, 70, 69, 66, 68, 71, 71, 68, 71, 72, 67, 71,
    70 ]
