%YAML:1.0
---
videoName: "headLookUp6.mp4"
gestureLabel: 205
fps: 30
pixelSizeInCmTemp: 3.7421874999999999e-01
faceCenterPointX: 255
faceCenterPointY: 70
headPositionsX: [ 256, 254, 254, 258, 257, 258, 254, 255, 255, 254, 257,
    253, 257, 257, 255, 254, 258, 255, 253, 253, 253, 255, 256, 256, 256,
    253, 254, 255, 256, 258, 253, 258, 258, 257, 253, 255, 253, 257, 255,
    257, 255, 256, 253, 255, 255, 256, 252, 254, 255, 252, 254, 254, 255,
    255, 253, 255, 254, 257, 252, 256, 256, 256, 255, 254, 252, 253, 257,
    255, 257, 256, 254, 252, 254, 253, 256, 254, 255, 252, 255, 254, 255,
    256, 253, 255, 254, 254, 253, 255, 254, 255, 256, 252, 257, 254, 254,
    255, 254, 255, 255, 257 ]
headPositionsY: [ 71, 84, 83, 81, 81, 85, 82, 84, 83, 85, 85, 83, 86, 85,
    83, 84, 85, 83, 84, 84, 82, 83, 85, 83, 82, 80, 79, 77, 74, 74, 73,
    74, 74, 68, 69, 72, 68, 67, 70, 70, 67, 70, 70, 66, 71, 67, 69, 69,
    69, 66, 67, 69, 69, 69, 69, 69, 70, 71, 69, 72, 68, 70, 70, 69, 68,
    68, 69, 66, 68, 70, 69, 68, 70, 71, 68, 70, 71, 68, 66, 72, 70, 70,
    69, 72, 67, 66, 67, 68, 72, 67, 69, 69, 71, 69, 68, 67, 72, 70, 69,
    67 ]
