%YAML:1.0
---
videoName: "headLookUp9.mp4"
gestureLabel: 205
fps: 29
pixelSizeInCmTemp: 3.3732394366197183e-01
faceCenterPointX: 251
faceCenterPointY: 57
headPositionsX: [ 250, 252, 251, 253, 251, 254, 250, 250, 253, 254, 249,
    253, 251, 253, 252, 250, 249, 251, 250, 253, 253, 254, 250, 250, 254,
    252, 250, 252, 251, 252, 253, 250, 254, 250, 250, 250, 253, 252, 253,
    249, 253, 253, 249, 253, 252, 253, 252, 250, 250, 252, 253, 253, 251,
    249, 251, 249, 253, 253, 251, 252, 252, 251, 253, 253, 249, 250, 252,
    253, 249, 253, 251, 249, 252, 253, 252, 249, 250, 251, 252, 251, 250,
    253, 253, 250, 249, 251, 253, 253, 250, 253, 250, 254, 252, 253, 250,
    249, 249, 250, 250, 249 ]
headPositionsY: [ 58, 72, 75, 73, 75, 74, 73, 72, 72, 77, 76, 72, 76, 76,
    76, 72, 75, 72, 74, 75, 72, 75, 76, 72, 74, 75, 73, 75, 72, 74, 71,
    72, 70, 68, 70, 67, 69, 67, 68, 64, 67, 62, 62, 59, 62, 60, 63, 60,
    60, 59, 57, 57, 60, 57, 57, 57, 56, 59, 56, 56, 61, 59, 56, 56, 56,
    56, 59, 59, 58, 58, 55, 55, 59, 58, 59, 56, 56, 55, 57, 59, 57, 57,
    58, 59, 57, 59, 57, 59, 56, 56, 58, 59, 59, 57, 59, 55, 58, 54, 55,
    58 ]
