%YAML:1.0
---
videoName: "headLookUp7.mp4"
gestureLabel: 205
fps: 29
pixelSizeInCmTemp: 3.6846153846153845e-01
faceCenterPointX: 257
faceCenterPointY: 70
headPositionsX: [ 258, 256, 259, 257, 255, 256, 255, 257, 255, 255, 258,
    258, 254, 254, 255, 259, 257, 258, 259, 256, 254, 258, 256, 257, 256,
    258, 254, 256, 257, 255, 256, 256, 258, 254, 256, 253, 258, 256, 256,
    258, 258, 257, 257, 255, 256, 257, 258, 257, 256, 254, 256, 257, 255,
    255, 254, 257, 255, 254, 254, 253, 256, 258, 255, 259, 258, 259, 258,
    258, 257, 254, 255, 255, 256, 256, 258, 259, 257, 258, 256, 259, 258,
    255, 255, 255, 258, 257, 255, 256, 256, 256, 258, 254, 259, 259, 259,
    257, 260, 256, 257, 255 ]
headPositionsY: [ 69, 85, 82, 81, 81, 85, 82, 83, 82, 83, 83, 83, 83, 83,
    81, 82, 84, 83, 79, 77, 80, 78, 79, 76, 75, 73, 71, 73, 69, 67, 68,
    70, 70, 70, 72, 70, 67, 71, 69, 67, 66, 67, 68, 65, 69, 70, 69, 69,
    68, 68, 69, 66, 71, 68, 68, 71, 68, 71, 70, 68, 69, 71, 70, 70, 67,
    71, 66, 70, 71, 69, 67, 69, 69, 72, 67, 72, 67, 71, 68, 70, 71, 70,
    70, 70, 70, 67, 67, 69, 70, 72, 70, 71, 70, 71, 68, 69, 69, 67, 71,
    71 ]
