%YAML:1.0
---
videoName: "headLookUp9.mp4"
gestureLabel: 205
fps: 29
pixelSizeInCmTemp: 3.3732394366197183e-01
faceCenterPointX: 251
faceCenterPointY: 57
headPositionsX: [ 253, 251, 252, 252, 253, 251, 253, 250, 249, 252, 252,
    252, 254, 252, 253, 252, 251, 249, 250, 249, 252, 250, 253, 253, 250,
    250, 251, 252, 253, 254, 252, 251, 251, 253, 254, 253, 253, 250, 252,
    252, 250, 250, 252, 251, 252, 251, 251, 251, 252, 252, 253, 252, 253,
    253, 253, 249, 250, 249, 252, 251, 251, 253, 250, 249, 252, 253, 251,
    251, 253, 249, 250, 252, 253, 253, 252, 251, 253, 253, 250, 249, 252,
    249, 250, 250, 252, 252, 249, 249, 249, 250, 250, 254, 252, 251, 250,
    251, 252, 252, 252, 253 ]
headPositionsY: [ 58, 72, 75, 72, 75, 74, 73, 72, 72, 75, 73, 76, 76, 73,
    76, 74, 73, 76, 76, 75, 75, 72, 76, 72, 72, 72, 76, 75, 73, 73, 72,
    73, 69, 70, 69, 66, 66, 67, 68, 65, 67, 65, 65, 60, 60, 58, 60, 60,
    60, 60, 59, 59, 61, 59, 56, 57, 56, 59, 55, 58, 58, 56, 56, 56, 55,
    57, 58, 57, 55, 59, 57, 57, 60, 55, 59, 55, 56, 57, 58, 55, 55, 57,
    56, 59, 59, 56, 56, 58, 55, 55, 57, 59, 57, 59, 59, 55, 55, 58, 58,
    56 ]
