%YAML:1.0
---
videoName: "headLookUp5.mp4"
gestureLabel: 205
fps: 29
pixelSizeInCmTemp: 3.6287878787878786e-01
faceCenterPointX: 256
faceCenterPointY: 67
headPositionsX: [ 257, 258, 255, 255, 254, 255, 255, 258, 254, 255, 257,
    259, 256, 258, 258, 255, 258, 254, 255, 255, 258, 254, 256, 258, 257,
    257, 257, 258, 257, 257, 258, 257, 258, 256, 255, 255, 256, 255, 255,
    259, 259, 259, 258, 255, 257, 255, 256, 257, 254, 257, 259, 255, 254,
    254, 258, 257, 257, 254, 255, 255, 259, 254, 258, 257, 257, 255, 254,
    256, 257, 258, 254, 254, 256, 256, 258, 257, 256, 257, 257, 255, 257,
    258, 256, 257, 258, 258, 254, 257, 257, 255, 259, 256, 256, 255, 253,
    256, 254, 256, 258, 255 ]
headPositionsY: [ 69, 84, 80, 80, 79, 84, 83, 81, 83, 81, 80, 80, 80, 83,
    82, 80, 79, 80, 83, 79, 81, 79, 82, 79, 82, 81, 81, 83, 78, 80, 79,
    82, 78, 77, 79, 79, 78, 73, 70, 73, 70, 68, 69, 68, 69, 67, 67, 67,
    67, 67, 68, 69, 67, 66, 67, 68, 68, 69, 67, 69, 68, 68, 70, 68, 66,
    67, 69, 69, 65, 68, 69, 66, 65, 65, 69, 67, 67, 70, 63, 67, 65, 65,
    66, 67, 69, 66, 67, 70, 68, 68, 69, 69, 67, 67, 67, 68, 67, 67, 66,
    69 ]
