%YAML:1.0
---
videoName: "headLookUp8.mp4"
gestureLabel: 205
fps: 29
pixelSizeInCmTemp: 3.4214285714285714e-01
faceCenterPointX: 253
faceCenterPointY: 59
headPositionsX: [ 253, 254, 254, 253, 252, 252, 256, 253, 251, 253, 250,
    255, 254, 251, 253, 251, 252, 253, 251, 251, 249, 251, 250, 251, 254,
    251, 252, 250, 253, 250, 253, 252, 254, 254, 252, 253, 251, 253, 251,
    251, 250, 250, 254, 252, 251, 252, 253, 253, 255, 250, 253, 254, 253,
    254, 250, 251, 253, 250, 250, 253, 252, 254, 252, 254, 251, 255, 254,
    252, 250, 255, 251, 251, 252, 254, 254, 253, 251, 252, 254, 255, 255,
    253, 253, 250, 250, 254, 253, 253, 252, 253, 252, 254, 253, 252, 252,
    251, 251, 255, 253, 254 ]
headPositionsY: [ 57, 75, 78, 78, 78, 76, 75, 76, 75, 77, 77, 76, 76, 73,
    75, 72, 72, 71, 69, 72, 69, 66, 69, 65, 66, 69, 65, 64, 63, 63, 65,
    62, 64, 63, 63, 63, 63, 60, 59, 60, 57, 57, 58, 61, 60, 60, 56, 58,
    57, 58, 58, 58, 59, 60, 59, 58, 61, 58, 59, 60, 57, 61, 58, 61, 58,
    58, 57, 60, 58, 59, 60, 58, 56, 57, 61, 59, 57, 58, 58, 59, 57, 60,
    59, 57, 58, 57, 60, 60, 61, 57, 58, 57, 57, 61, 59, 61, 58, 57, 58,
    61 ]
