%YAML:1.0
---
videoName: "headLookUp6.mp4"
gestureLabel: 205
fps: 30
pixelSizeInCmTemp: 3.7421874999999999e-01
faceCenterPointX: 255
faceCenterPointY: 70
headPositionsX: [ 257, 255, 255, 257, 257, 254, 257, 258, 254, 256, 258,
    253, 254, 255, 254, 256, 254, 257, 257, 253, 254, 257, 256, 254, 257,
    255, 256, 256, 253, 254, 254, 258, 258, 255, 256, 255, 256, 257, 257,
    257, 252, 253, 254, 255, 254, 254, 255, 254, 253, 252, 253, 256, 257,
    255, 254, 255, 252, 254, 254, 255, 254, 254, 256, 253, 254, 257, 254,
    256, 255, 257, 254, 254, 256, 255, 257, 256, 257, 252, 257, 254, 256,
    252, 256, 255, 257, 255, 256, 253, 254, 255, 255, 254, 255, 254, 257,
    254, 256, 255, 252, 254 ]
headPositionsY: [ 72, 84, 81, 83, 81, 82, 82, 85, 85, 81, 85, 82, 83, 85,
    82, 85, 81, 84, 85, 81, 84, 85, 83, 83, 82, 78, 81, 77, 75, 77, 73,
    72, 72, 70, 71, 70, 68, 67, 70, 71, 70, 68, 69, 66, 72, 71, 67, 68,
    69, 68, 67, 70, 68, 68, 69, 67, 71, 70, 67, 69, 67, 69, 68, 69, 69,
    67, 72, 67, 71, 72, 68, 67, 68, 70, 70, 70, 68, 71, 70, 70, 68, 71,
    70, 71, 67, 66, 71, 69, 69, 68, 69, 69, 69, 68, 70, 67, 68, 66, 69,
    70 ]
