%YAML:1.0
---
videoName: "headLookUp2.mp4"
gestureLabel: 205
fps: 29
pixelSizeInCmTemp: 3.7421874999999999e-01
faceCenterPointX: 254
faceCenterPointY: 67
headPositionsX: [ 256, 255, 257, 256, 255, 256, 258, 253, 255, 256, 258,
    253, 258, 257, 257, 254, 253, 257, 253, 254, 255, 252, 254, 254, 254,
    255, 253, 253, 255, 254, 254, 256, 253, 256, 254, 256, 256, 255, 252,
    253, 253, 254, 254, 255, 255, 254, 254, 253, 256, 256, 253, 255, 256,
    254, 253, 255, 251, 254, 254, 255, 252, 256, 252, 252, 255, 251, 252,
    255, 252, 252, 256, 253, 252, 256, 254, 250, 251, 252, 252, 253, 255,
    253, 253, 253, 255, 254, 254, 254, 257, 253, 254, 255, 251, 254, 255,
    253, 256, 252, 255, 253 ]
headPositionsY: [ 69, 78, 79, 79, 79, 83, 82, 81, 83, 82, 81, 83, 83, 80,
    81, 83, 79, 82, 81, 82, 81, 79, 80, 83, 83, 82, 81, 82, 81, 81, 83,
    79, 81, 80, 82, 78, 79, 81, 81, 81, 81, 79, 77, 77, 77, 75, 71, 73,
    69, 69, 71, 67, 70, 68, 70, 67, 67, 68, 66, 66, 70, 69, 67, 70, 66,
    70, 68, 70, 69, 64, 69, 64, 69, 67, 67, 66, 69, 67, 69, 67, 67, 66,
    71, 65, 68, 71, 68, 66, 69, 67, 71, 66, 68, 66, 69, 68, 67, 68, 69,
    69 ]
