%YAML:1.0
---
videoName: "headLookUp7.mp4"
gestureLabel: 205
fps: 29
pixelSizeInCmTemp: 3.6846153846153845e-01
faceCenterPointX: 257
faceCenterPointY: 70
headPositionsX: [ 257, 259, 258, 256, 255, 257, 254, 258, 258, 257, 257,
    257, 256, 258, 258, 259, 258, 256, 259, 257, 258, 254, 257, 255, 256,
    256, 256, 254, 255, 258, 256, 255, 256, 253, 259, 254, 259, 256, 257,
    256, 258, 257, 257, 255, 255, 254, 258, 258, 254, 254, 256, 257, 257,
    255, 256, 259, 256, 257, 256, 257, 258, 257, 256, 258, 257, 258, 257,
    255, 257, 258, 258, 258, 256, 256, 257, 258, 255, 256, 254, 257, 256,
    256, 257, 255, 254, 255, 254, 257, 254, 255, 258, 255, 258, 256, 255,
    259, 256, 254, 257, 259 ]
headPositionsY: [ 70, 84, 84, 80, 83, 84, 83, 81, 84, 82, 82, 81, 81, 82,
    82, 81, 80, 80, 83, 81, 81, 77, 79, 75, 73, 71, 75, 73, 70, 71, 68,
    72, 68, 68, 69, 68, 71, 68, 69, 69, 67, 66, 69, 67, 67, 67, 70, 66,
    66, 71, 70, 67, 71, 66, 70, 70, 69, 71, 67, 69, 68, 69, 66, 71, 66,
    67, 67, 69, 69, 72, 71, 69, 69, 70, 70, 71, 69, 71, 68, 68, 68, 68,
    69, 68, 67, 70, 69, 68, 68, 70, 68, 67, 68, 72, 69, 71, 71, 66, 68,
    68 ]
