%YAML:1.0
---
videoName: "headLookUp4.mp4"
gestureLabel: 205
fps: 30
pixelSizeInCmTemp: 3.6846153846153845e-01
faceCenterPointX: 256
faceCenterPointY: 68
headPositionsX: [ 256, 257, 256, 256, 258, 255, 257, 257, 258, 257, 258,
    258, 259, 255, 256, 255, 258, 257, 256, 257, 256, 257, 258, 258, 257,
    256, 254, 255, 256, 255, 259, 256, 254, 254, 257, 255, 257, 255, 255,
    255, 254, 258, 258, 257, 254, 257, 257, 257, 258, 257, 256, 255, 255,
    257, 254, 255, 255, 256, 256, 257, 255, 253, 256, 256, 257, 257, 254,
    258, 258, 257, 257, 257, 255, 258, 256, 256, 257, 258, 256, 257, 253,
    257, 256, 255, 254, 258, 256, 252, 259, 257, 255, 258, 259, 253, 256,
    255, 254, 256, 257, 257 ]
headPositionsY: [ 70, 83, 81, 81, 84, 83, 83, 81, 82, 80, 82, 84, 84, 84,
    84, 84, 80, 83, 84, 81, 83, 79, 81, 81, 79, 76, 77, 76, 76, 71, 68,
    69, 67, 70, 67, 68, 66, 67, 69, 69, 67, 71, 70, 70, 69, 69, 69, 71,
    68, 67, 67, 71, 67, 67, 67, 71, 68, 68, 68, 71, 68, 69, 68, 67, 70,
    70, 71, 71, 72, 69, 71, 70, 71, 70, 67, 68, 70, 68, 68, 67, 69, 67,
    68, 67, 68, 70, 72, 67, 72, 69, 70, 67, 71, 69, 70, 66, 67, 70, 69,
    70 ]
