%YAML:1.0
---
videoName: "headLookUp5.mp4"
gestureLabel: 205
fps: 29
pixelSizeInCmTemp: 3.6287878787878786e-01
faceCenterPointX: 256
faceCenterPointY: 67
headPositionsX: [ 258, 257, 256, 255, 257, 256, 255, 256, 256, 256, 257,
    259, 255, 258, 257, 257, 255, 258, 253, 257, 258, 258, 256, 254, 258,
    254, 255, 254, 258, 256, 258, 258, 256, 255, 254, 255, 256, 255, 255,
    255, 256, 258, 257, 256, 255, 256, 255, 254, 253, 256, 259, 255, 255,
    258, 258, 255, 254, 258, 254, 253, 259, 254, 254, 257, 254, 254, 258,
    257, 257, 257, 254, 256, 258, 256, 258, 258, 257, 254, 254, 258, 254,
    258, 257, 256, 258, 258, 254, 257, 254, 257, 255, 255, 253, 257, 257,
    256, 255, 255, 254, 256 ]
headPositionsY: [ 65, 82, 83, 80, 80, 82, 84, 81, 81, 83, 81, 81, 83, 83,
    79, 83, 82, 81, 79, 80, 81, 82, 79, 83, 79, 82, 81, 83, 78, 78, 81,
    79, 79, 80, 79, 78, 74, 73, 73, 69, 72, 69, 72, 71, 65, 70, 66, 70,
    70, 69, 70, 67, 69, 67, 68, 70, 68, 67, 69, 69, 68, 65, 69, 67, 65,
    66, 68, 69, 67, 67, 67, 66, 69, 67, 69, 68, 67, 67, 63, 67, 65, 65,
    66, 67, 67, 68, 70, 68, 70, 69, 66, 69, 65, 68, 68, 64, 65, 65, 68,
    68 ]
