%YAML:1.0
---
videoName: "headLookUp2.mp4"
gestureLabel: 205
fps: 29
pixelSizeInCmTemp: 3.7421874999999999e-01
faceCenterPointX: 254
faceCenterPointY: 67
headPositionsX: [ 252, 258, 256, 258, 257, 254, 258, 254, 255, 254, 254,
    255, 258, 257, 254, 256, 255, 256, 252, 257, 254, 256, 257, 255, 255,
    255, 257, 253, 255, 253, 256, 253, 255, 254, 253, 253, 253, 252, 253,
    254, 256, 255, 254, 256, 256, 255, 257, 254, 252, 257, 253, 253, 256,
    253, 255, 253, 254, 253, 257, 252, 251, 255, 252, 252, 251, 250, 251,
    255, 253, 251, 252, 255, 251, 254, 255, 253, 254, 254, 255, 252, 253,
    255, 253, 255, 256, 252, 251, 256, 256, 252, 254, 255, 255, 253, 254,
    254, 253, 256, 254, 254 ]
headPositionsY: [ 69, 80, 79, 83, 80, 82, 80, 79, 83, 80, 81, 79, 81, 81,
    79, 83, 80, 80, 78, 80, 83, 82, 80, 82, 84, 83, 79, 81, 82, 83, 79,
    79, 79, 79, 80, 82, 82, 82, 81, 82, 79, 82, 76, 74, 78, 75, 72, 71,
    72, 69, 71, 70, 67, 67, 66, 68, 67, 69, 67, 66, 70, 67, 70, 69, 66,
    67, 70, 66, 71, 64, 65, 64, 68, 69, 68, 69, 68, 69, 68, 71, 69, 67,
    70, 65, 71, 71, 64, 69, 69, 68, 69, 68, 65, 67, 68, 66, 67, 67, 66,
    68 ]
