%YAML:1.0
---
videoName: "headLookUp1.mp4"
gestureLabel: 205
fps: 29
pixelSizeInCmTemp: 3.7421874999999999e-01
faceCenterPointX: 258
faceCenterPointY: 66
headPositionsX: [ 257, 258, 261, 257, 258, 258, 258, 259, 256, 260, 261,
    259, 259, 260, 257, 257, 262, 256, 257, 258, 261, 257, 257, 256, 259,
    259, 262, 260, 257, 257, 260, 259, 261, 260, 261, 259, 257, 258, 257,
    261, 259, 257, 260, 259, 258, 256, 257, 259, 259, 260, 258, 259, 256,
    258, 257, 256, 260, 255, 256, 256, 256, 256, 258, 260, 254, 260, 259,
    259, 260, 255, 256, 256, 258, 261, 258, 257, 258, 257, 258, 258, 260,
    257, 260, 256, 257, 258, 257, 255, 257, 257, 258, 256, 259, 257, 257,
    256, 259, 260, 258, 261 ]
headPositionsY: [ 65, 78, 80, 82, 84, 80, 81, 79, 80, 79, 79, 82, 83, 81,
    79, 80, 80, 79, 83, 83, 82, 81, 83, 80, 80, 79, 79, 80, 79, 82, 83,
    81, 82, 82, 81, 79, 79, 83, 82, 79, 79, 80, 79, 77, 73, 72, 72, 70,
    67, 68, 67, 68, 65, 65, 69, 61, 69, 63, 68, 62, 65, 62, 65, 65, 68,
    65, 68, 62, 65, 62, 68, 63, 65, 66, 69, 65, 64, 65, 68, 62, 67, 67,
    67, 65, 65, 68, 65, 66, 66, 63, 66, 70, 65, 65, 65, 66, 66, 65, 64,
    65 ]
