%YAML:1.0
---
videoName: "headLookUp0.mp4"
gestureLabel: 205
fps: 29
pixelSizeInCmTemp: 3.6846153846153845e-01
faceCenterPointX: 258
faceCenterPointY: 66
headPositionsX: [ 260, 258, 259, 260, 257, 261, 258, 257, 259, 258, 258,
    262, 259, 260, 258, 259, 259, 258, 257, 261, 258, 260, 259, 258, 257,
    261, 258, 260, 257, 258, 258, 260, 257, 258, 259, 260, 259, 259, 257,
    258, 257, 256, 261, 258, 260, 260, 256, 260, 261, 256, 258, 258, 259,
    258, 259, 261, 256, 258, 258, 259, 260, 259, 255, 257, 259, 256, 257,
    259, 261, 259, 260, 260, 260, 259, 258, 257, 258, 260, 257, 257, 257,
    259, 258, 258, 257, 257, 257, 258, 259, 257, 259, 259, 256, 258, 257,
    258, 258, 257, 258, 260 ]
headPositionsY: [ 65, 81, 81, 82, 80, 81, 79, 79, 80, 81, 81, 79, 78, 79,
    77, 75, 79, 74, 75, 73, 71, 73, 70, 70, 67, 68, 66, 67, 68, 70, 69,
    68, 65, 69, 67, 67, 68, 65, 68, 64, 66, 69, 65, 69, 65, 68, 67, 67,
    66, 69, 66, 69, 67, 65, 66, 66, 67, 64, 69, 67, 69, 69, 68, 68, 69,
    68, 68, 67, 69, 66, 63, 66, 65, 68, 67, 70, 66, 66, 70, 68, 67, 70,
    67, 70, 66, 68, 69, 69, 67, 68, 68, 69, 67, 68, 66, 65, 69, 65, 70,
    68 ]
