%YAML:1.0
---
videoName: "headLookUp3.mp4"
gestureLabel: 205
fps: 29
pixelSizeInCmTemp: 3.7421874999999999e-01
faceCenterPointX: 254
faceCenterPointY: 68
headPositionsX: [ 254, 254, 254, 253, 257, 254, 256, 255, 256, 254, 254,
    254, 254, 257, 258, 255, 255, 257, 257, 256, 259, 256, 257, 255, 254,
    257, 255, 257, 257, 258, 259, 259, 258, 258, 257, 257, 258, 258, 255,
    258, 254, 254, 256, 254, 255, 258, 256, 255, 254, 257, 255, 257, 257,
    253, 257, 258, 254, 256, 253, 254, 254, 257, 254, 255, 256, 254, 258,
    253, 255, 256, 253, 256, 257, 255, 255, 258, 255, 253, 257, 254, 257,
    254, 255, 255, 254, 257, 255, 255, 255, 253, 254, 256, 254, 257, 253,
    253, 252, 255, 257, 256 ]
headPositionsY: [ 68, 82, 82, 81, 83, 83, 81, 82, 84, 82, 81, 81, 81, 82,
    83, 83, 82, 83, 84, 79, 81, 84, 82, 81, 80, 84, 80, 80, 83, 82, 80,
    83, 82, 82, 81, 84, 80, 78, 79, 81, 80, 79, 76, 76, 73, 72, 73, 69,
    70, 69, 68, 70, 66, 69, 66, 67, 69, 64, 70, 67, 66, 68, 68, 70, 68,
    67, 66, 66, 68, 67, 69, 68, 67, 65, 65, 67, 68, 66, 68, 67, 66, 65,
    67, 65, 69, 67, 66, 66, 67, 69, 68, 65, 70, 67, 65, 70, 70, 68, 67,
    67 ]
