%YAML:1.0
---
videoName: "headLookUp7.mp4"
gestureLabel: 205
fps: 29
pixelSizeInCmTemp: 3.6846153846153845e-01
faceCenterPointX: 257
faceCenterPointY: 70
headPositionsX: [ 259, 257, 259, 254, 258, 256, 255, 255, 255, 255, 256,
    254, 257, 258, 257, 258, 255, 258, 256, 254, 255, 255, 254, 258, 255,
    258, 256, 257, 258, 254, 254, 259, 258, 257, 256, 253, 255, 253, 258,
    256, 256, 255, 258, 257, 258, 253, 258, 255, 256, 258, 255, 258, 255,
    257, 258, 256, 256, 257, 255, 257, 256, 255, 254, 257, 256, 255, 254,
    257, 255, 257, 255, 257, 254, 256, 259, 256, 256, 254, 258, 257, 255,
    258, 255, 259, 255, 258, 257, 255, 254, 256, 258, 256, 258, 256, 258,
    255, 257, 257, 258, 256 ]
headPositionsY: [ 68, 82, 81, 82, 85, 83, 80, 82, 84, 83, 85, 82, 81, 83,
    84, 83, 80, 81, 80, 79, 78, 76, 78, 77, 76, 75, 71, 72, 70, 71, 67,
    72, 68, 70, 70, 71, 70, 69, 68, 67, 69, 66, 69, 68, 70, 67, 66, 70,
    67, 68, 69, 69, 70, 70, 66, 67, 68, 71, 68, 68, 69, 69, 69, 72, 66,
    67, 67, 69, 71, 69, 67, 66, 71, 71, 71, 70, 70, 69, 68, 69, 68, 71,
    68, 69, 67, 71, 69, 72, 70, 71, 67, 71, 69, 71, 68, 71, 72, 67, 71,
    69 ]
