%YAML:1.0
---
videoName: "headLookUp4.mp4"
gestureLabel: 205
fps: 30
pixelSizeInCmTemp: 3.6846153846153845e-01
faceCenterPointX: 256
faceCenterPointY: 68
headPositionsX: [ 258, 257, 256, 259, 254, 255, 257, 258, 254, 255, 255,
    258, 255, 256, 258, 256, 254, 258, 255, 258, 258, 258, 257, 254, 254,
    254, 254, 254, 254, 254, 256, 257, 253, 256, 258, 255, 254, 257, 257,
    255, 257, 254, 257, 256, 258, 258, 258, 257, 254, 255, 256, 257, 256,
    255, 255, 257, 254, 255, 257, 255, 257, 254, 254, 258, 257, 258, 255,
    255, 255, 254, 258, 257, 257, 256, 256, 256, 256, 255, 257, 253, 253,
    255, 255, 255, 257, 257, 257, 256, 258, 255, 256, 257, 258, 253, 258,
    254, 258, 258, 253, 256 ]
headPositionsY: [ 69, 83, 84, 84, 84, 83, 80, 85, 83, 80, 82, 80, 83, 80,
    84, 80, 81, 80, 81, 84, 83, 83, 81, 78, 81, 76, 78, 76, 76, 69, 70,
    67, 68, 68, 68, 67, 66, 69, 71, 71, 68, 72, 67, 67, 70, 71, 70, 71,
    71, 68, 68, 69, 70, 68, 68, 67, 69, 69, 70, 68, 66, 67, 65, 65, 72,
    72, 70, 70, 71, 68, 69, 68, 70, 68, 65, 68, 66, 71, 65, 66, 69, 68,
    68, 68, 67, 66, 69, 69, 69, 68, 70, 71, 72, 70, 72, 67, 69, 72, 67,
    69 ]
