%YAML:1.0
---
videoName: "headLookUp5.mp4"
gestureLabel: 205
fps: 29
pixelSizeInCmTemp: 3.6287878787878786e-01
faceCenterPointX: 256
faceCenterPointY: 67
headPositionsX: [ 255, 256, 257, 255, 254, 255, 256, 254, 254, 255, 258,
    259, 257, 256, 254, 254, 255, 257, 256, 256, 257, 255, 254, 258, 258,
    256, 257, 258, 257, 255, 254, 256, 258, 255, 254, 257, 256, 256, 255,
    256, 258, 259, 258, 255, 256, 256, 256, 258, 257, 255, 257, 257, 253,
    258, 257, 256, 256, 255, 256, 256, 256, 253, 258, 254, 256, 258, 256,
    255, 257, 254, 255, 255, 258, 258, 257, 257, 259, 254, 255, 255, 254,
    258, 257, 257, 255, 254, 258, 257, 257, 253, 255, 258, 255, 256, 256,
    257, 258, 256, 255, 257 ]
headPositionsY: [ 69, 80, 82, 82, 82, 82, 84, 81, 82, 80, 83, 83, 80, 84,
    81, 80, 79, 83, 83, 79, 83, 79, 80, 80, 83, 81, 80, 82, 79, 82, 81,
    79, 77, 77, 79, 76, 75, 73, 73, 71, 72, 68, 71, 69, 65, 70, 69, 70,
    68, 69, 68, 68, 69, 67, 68, 71, 68, 66, 69, 68, 70, 65, 71, 69, 67,
    65, 68, 69, 67, 66, 67, 69, 68, 67, 69, 65, 70, 69, 65, 70, 68, 65,
    69, 70, 65, 67, 66, 69, 70, 69, 70, 66, 64, 69, 65, 67, 65, 68, 66,
    69 ]
