%YAML:1.0
---
videoName: "headLookUp0.mp4"
gestureLabel: 205
fps: 29
pixelSizeInCmTemp: 3.6846153846153845e-01
faceCenterPointX: 258
faceCenterPointY: 66
headPositionsX: [ 258, 258, 261, 261, 261, 257, 257, 260, 262, 261, 258,
    258, 257, 260, 258, 257, 261, 262, 258, 259, 257, 259, 262, 258, 257,
    261, 259, 259, 257, 259, 258, 257, 259, 260, 261, 260, 260, 260, 256,
    259, 259, 258, 260, 255, 256, 257, 259, 261, 260, 255, 256, 257, 256,
    258, 257, 258, 260, 257, 259, 260, 257, 261, 259, 258, 258, 260, 258,
    255, 258, 257, 260, 259, 257, 256, 257, 258, 257, 261, 256, 259, 256,
    260, 259, 257, 255, 259, 261, 257, 255, 258, 259, 261, 257, 256, 257,
    259, 259, 259, 256, 257 ]
headPositionsY: [ 64, 82, 81, 81, 81, 81, 82, 82, 82, 82, 79, 79, 77, 81,
    77, 76, 77, 73, 72, 75, 75, 71, 68, 68, 69, 68, 69, 68, 67, 70, 69,
    65, 64, 68, 64, 68, 66, 68, 68, 67, 69, 67, 69, 65, 66, 67, 66, 66,
    65, 67, 66, 67, 69, 69, 70, 66, 69, 65, 66, 69, 68, 69, 65, 69, 69,
    68, 70, 69, 69, 65, 63, 66, 65, 67, 70, 66, 66, 68, 70, 68, 69, 69,
    66, 66, 67, 65, 68, 66, 66, 68, 70, 69, 69, 69, 67, 69, 71, 65, 69,
    70 ]
