%YAML:1.0
---
videoName: "headLookUp9.mp4"
gestureLabel: 205
fps: 29
pixelSizeInCmTemp: 3.3732394366197183e-01
faceCenterPointX: 251
faceCenterPointY: 57
headPositionsX: [ 253, 250, 254, 249, 249, 250, 253, 253, 252, 252, 252,
    249, 253, 251, 250, 249, 251, 253, 252, 253, 253, 253, 252, 249, 253,
    251, 252, 250, 252, 251, 252, 254, 253, 250, 254, 253, 253, 251, 253,
    251, 253, 252, 252, 250, 253, 250, 253, 251, 251, 251, 250, 250, 253,
    252, 253, 250, 251, 250, 251, 251, 251, 250, 251, 249, 251, 249, 252,
    253, 252, 253, 249, 252, 252, 249, 249, 250, 251, 250, 253, 252, 253,
    249, 251, 250, 250, 249, 253, 252, 252, 251, 251, 250, 251, 250, 253,
    252, 253, 251, 254, 252 ]
headPositionsY: [ 57, 72, 71, 73, 75, 73, 75, 74, 72, 77, 76, 76, 75, 76,
    74, 75, 72, 76, 72, 74, 75, 74, 73, 73, 74, 71, 75, 71, 75, 73, 73,
    72, 70, 68, 68, 67, 69, 68, 69, 64, 65, 62, 63, 62, 59, 62, 62, 58,
    57, 61, 58, 59, 57, 58, 56, 60, 59, 60, 56, 56, 61, 57, 55, 56, 57,
    57, 58, 56, 56, 58, 55, 55, 57, 55, 55, 55, 56, 58, 57, 57, 58, 58,
    55, 57, 58, 55, 55, 55, 57, 58, 59, 56, 58, 60, 57, 58, 57, 56, 58,
    57 ]
