%YAML:1.0
---
videoName: "headLookUp1.mp4"
gestureLabel: 205
fps: 29
pixelSizeInCmTemp: 3.7421874999999999e-01
faceCenterPointX: 258
faceCenterPointY: 66
headPositionsX: [ 256, 257, 260, 259, 259, 258, 259, 258, 259, 259, 259,
    258, 258, 260, 259, 261, 258, 258, 259, 259, 259, 261, 260, 258, 261,
    258, 261, 258, 257, 257, 261, 257, 257, 259, 259, 258, 257, 260, 257,
    260, 258, 258, 259, 256, 256, 257, 260, 257, 258, 260, 261, 259, 257,
    260, 257, 255, 257, 257, 259, 255, 256, 256, 259, 256, 256, 257, 256,
    260, 257, 257, 259, 260, 258, 258, 256, 258, 259, 260, 259, 257, 260,
    257, 262, 257, 257, 261, 256, 257, 259, 260, 256, 260, 259, 256, 258,
    257, 258, 258, 258, 259 ]
headPositionsY: [ 66, 78, 81, 79, 84, 81, 83, 79, 80, 78, 83, 80, 83, 82,
    78, 80, 83, 78, 81, 82, 81, 84, 79, 80, 81, 82, 82, 80, 83, 80, 81,
    83, 81, 82, 80, 79, 82, 82, 82, 79, 81, 79, 77, 77, 75, 71, 69, 70,
    66, 66, 68, 68, 64, 64, 66, 64, 67, 65, 64, 62, 69, 66, 68, 67, 66,
    65, 64, 62, 64, 62, 66, 67, 64, 64, 65, 67, 68, 67, 66, 63, 66, 67,
    67, 67, 62, 65, 64, 64, 67, 64, 66, 66, 68, 67, 65, 67, 63, 67, 63,
    67 ]
