%YAML:1.0
---
videoName: "headLookUp0.mp4"
gestureLabel: 205
fps: 29
pixelSizeInCmTemp: 3.6846153846153845e-01
faceCenterPointX: 258
faceCenterPointY: 66
headPositionsX: [ 257, 261, 258, 261, 258, 259, 259, 258, 260, 260, 259,
    262, 258, 259, 256, 257, 258, 261, 259, 259, 259, 257, 259, 258, 261,
    257, 256, 259, 259, 259, 257, 261, 261, 258, 258, 258, 261, 259, 256,
    259, 258, 258, 262, 256, 257, 258, 259, 260, 260, 259, 260, 256, 260,
    259, 258, 259, 257, 258, 258, 257, 258, 257, 259, 257, 257, 257, 261,
    259, 259, 257, 258, 259, 259, 258, 260, 259, 257, 260, 258, 257, 256,
    259, 256, 261, 258, 260, 259, 259, 258, 256, 259, 258, 257, 256, 256,
    259, 259, 255, 256, 260 ]
headPositionsY: [ 64, 79, 82, 81, 79, 82, 83, 82, 81, 82, 81, 79, 78, 81,
    79, 77, 76, 76, 73, 75, 74, 71, 71, 71, 69, 69, 69, 69, 66, 68, 66,
    66, 67, 65, 67, 64, 65, 68, 65, 66, 65, 67, 68, 69, 68, 66, 68, 68,
    69, 66, 67, 68, 68, 65, 69, 66, 65, 67, 66, 68, 66, 66, 65, 70, 66,
    69, 66, 67, 67, 64, 63, 70, 69, 68, 70, 70, 65, 66, 66, 68, 69, 67,
    65, 67, 66, 66, 68, 67, 64, 68, 69, 69, 67, 69, 66, 68, 69, 65, 69,
    71 ]
