%YAML:1.0
---
videoName: "headLookUp8.mp4"
gestureLabel: 205
fps: 29
pixelSizeInCmTemp: 3.4214285714285714e-01
faceCenterPointX: 253
faceCenterPointY: 59
headPositionsX: [ 255, 252, 251, 251, 251, 254, 255, 252, 251, 251, 254,
    252, 253, 254, 251, 250, 251, 251, 251, 253, 250, 253, 250, 252, 254,
    253, 250, 250, 252, 254, 251, 251, 251, 253, 250, 251, 254, 252, 253,
    254, 253, 250, 252, 253, 254, 254, 254, 252, 255, 249, 254, 253, 250,
    254, 251, 251, 255, 254, 254, 250, 252, 251, 253, 251, 251, 254, 250,
    251, 250, 254, 253, 252, 252, 253, 251, 252, 254, 252, 252, 252, 251,
    255, 255, 250, 252, 253, 251, 255, 254, 253, 251, 254, 255, 255, 254,
    253, 254, 251, 254, 255 ]
headPositionsY: [ 58, 79, 74, 78, 75, 79, 75, 76, 75, 76, 76, 73, 75, 77,
    72, 71, 70, 69, 70, 70, 67, 67, 68, 68, 68, 65, 67, 65, 63, 63, 65,
    63, 64, 64, 64, 61, 60, 60, 60, 58, 58, 61, 60, 58, 59, 60, 56, 61,
    60, 57, 59, 57, 59, 56, 58, 58, 61, 61, 57, 60, 56, 57, 60, 61, 57,
    59, 58, 59, 58, 58, 57, 57, 56, 60, 57, 60, 58, 60, 58, 60, 59, 57,
    58, 59, 60, 60, 61, 57, 60, 60, 61, 60, 59, 61, 58, 58, 61, 58, 58,
    58 ]
