%YAML:1.0
---
videoName: "headLookUp1.mp4"
gestureLabel: 205
fps: 29
pixelSizeInCmTemp: 3.7421874999999999e-01
faceCenterPointX: 258
faceCenterPointY: 66
headPositionsX: [ 257, 259, 260, 260, 259, 258, 259, 257, 256, 259, 261,
    261, 261, 257, 257, 259, 260, 258, 261, 261, 261, 257, 259, 257, 257,
    260, 259, 259, 256, 256, 258, 261, 258, 257, 257, 260, 258, 259, 257,
    261, 258, 256, 261, 256, 260, 259, 260, 257, 261, 258, 261, 255, 258,
    256, 259, 255, 261, 256, 259, 258, 257, 260, 258, 259, 258, 256, 260,
    256, 260, 257, 256, 257, 261, 259, 255, 255, 260, 259, 261, 260, 260,
    258, 258, 259, 259, 258, 259, 258, 259, 261, 260, 256, 260, 255, 257,
    259, 258, 258, 258, 258 ]
headPositionsY: [ 67, 78, 82, 79, 81, 81, 80, 80, 82, 79, 80, 81, 82, 82,
    80, 79, 83, 81, 83, 79, 83, 80, 81, 81, 83, 82, 82, 83, 81, 79, 79,
    80, 79, 80, 82, 82, 78, 82, 81, 79, 79, 79, 78, 75, 74, 74, 68, 69,
    66, 67, 68, 65, 67, 65, 65, 63, 68, 64, 66, 65, 69, 62, 65, 66, 65,
    66, 66, 65, 68, 65, 66, 67, 67, 64, 67, 64, 65, 66, 66, 63, 67, 64,
    66, 65, 66, 65, 64, 66, 63, 65, 66, 70, 65, 65, 67, 64, 64, 65, 63,
    67 ]
