%YAML:1.0
---
videoName: "headLookUp6.mp4"
gestureLabel: 205
fps: 30
pixelSizeInCmTemp: 3.7421874999999999e-01
faceCenterPointX: 255
faceCenterPointY: 70
headPositionsX: [ 253, 255, 257, 257, 258, 254, 255, 254, 256, 255, 258,
    257, 254, 257, 255, 255, 254, 257, 253, 257, 253, 256, 254, 255, 254,
    257, 254, 258, 254, 256, 256, 257, 255, 257, 256, 257, 255, 255, 255,
    253, 255, 257, 254, 254, 253, 257, 252, 253, 253, 252, 254, 255, 255,
    254, 252, 254, 252, 253, 253, 256, 257, 256, 256, 254, 254, 255, 257,
    255, 256, 256, 253, 253, 255, 252, 255, 255, 257, 253, 256, 254, 254,
    253, 255, 256, 256, 252, 252, 256, 257, 254, 257, 255, 254, 256, 256,
    252, 252, 257, 252, 253 ]
headPositionsY: [ 72, 85, 81, 85, 82, 84, 83, 81, 85, 82, 83, 85, 82, 85,
    82, 83, 84, 82, 82, 84, 82, 81, 81, 80, 82, 80, 77, 79, 77, 76, 74,
    73, 70, 71, 67, 72, 71, 67, 71, 69, 68, 70, 69, 67, 72, 68, 68, 68,
    70, 66, 69, 69, 71, 70, 66, 69, 69, 68, 70, 70, 71, 71, 70, 70, 70,
    71, 72, 68, 71, 71, 70, 68, 68, 68, 71, 66, 68, 69, 67, 68, 70, 67,
    70, 69, 67, 66, 68, 69, 69, 69, 68, 70, 72, 69, 67, 70, 68, 68, 69,
    68 ]
