%YAML:1.0
---
videoName: "headLookUp0.mp4"
gestureLabel: 205
fps: 29
pixelSizeInCmTemp: 3.6846153846153845e-01
faceCenterPointX: 258
faceCenterPointY: 66
headPositionsX: [ 256, 259, 261, 260, 260, 257, 260, 259, 260, 260, 256,
    262, 261, 258, 256, 260, 258, 261, 260, 259, 260, 260, 260, 261, 259,
    261, 258, 261, 258, 261, 258, 258, 260, 258, 261, 259, 258, 260, 256,
    257, 259, 258, 262, 259, 256, 260, 256, 258, 260, 256, 258, 260, 260,
    259, 259, 258, 259, 259, 258, 256, 260, 260, 259, 257, 260, 256, 257,
    256, 258, 257, 260, 257, 258, 256, 259, 255, 259, 261, 257, 259, 260,
    260, 260, 260, 259, 260, 257, 257, 259, 257, 257, 258, 258, 258, 258,
    259, 259, 255, 257, 259 ]
headPositionsY: [ 64, 83, 80, 80, 80, 81, 83, 82, 79, 79, 81, 82, 79, 77,
    79, 78, 79, 76, 72, 74, 72, 72, 69, 70, 70, 70, 69, 66, 65, 68, 68,
    68, 68, 69, 67, 68, 67, 65, 65, 67, 65, 65, 68, 67, 66, 68, 67, 69,
    69, 68, 69, 69, 67, 69, 69, 68, 65, 68, 65, 69, 66, 70, 68, 70, 69,
    68, 70, 68, 68, 67, 65, 68, 67, 65, 68, 67, 66, 68, 67, 65, 66, 66,
    65, 67, 70, 69, 70, 68, 66, 69, 70, 66, 69, 69, 67, 65, 68, 68, 69,
    71 ]
