%YAML:1.0
---
videoName: "headLookUp8.mp4"
gestureLabel: 205
fps: 29
pixelSizeInCmTemp: 3.4214285714285714e-01
faceCenterPointX: 253
faceCenterPointY: 59
headPositionsX: [ 255, 254, 251, 253, 251, 253, 253, 252, 253, 253, 254,
    255, 253, 252, 254, 253, 255, 252, 250, 252, 252, 254, 253, 253, 251,
    253, 253, 250, 253, 252, 252, 252, 250, 253, 253, 251, 254, 253, 254,
    254, 250, 254, 251, 252, 253, 252, 250, 251, 255, 251, 254, 253, 252,
    252, 253, 255, 254, 254, 250, 250, 252, 252, 255, 254, 254, 251, 252,
    253, 252, 255, 253, 253, 251, 251, 253, 252, 253, 254, 253, 253, 252,
    255, 254, 250, 254, 254, 255, 253, 252, 255, 251, 251, 253, 253, 252,
    250, 254, 251, 255, 253 ]
headPositionsY: [ 61, 76, 76, 76, 76, 77, 76, 76, 76, 75, 75, 74, 76, 74,
    72, 73, 71, 71, 70, 69, 67, 67, 66, 66, 66, 69, 65, 64, 61, 65, 63,
    62, 63, 61, 64, 61, 63, 62, 61, 59, 61, 60, 58, 57, 58, 57, 56, 62,
    60, 60, 59, 58, 56, 57, 58, 57, 61, 59, 58, 60, 57, 61, 59, 57, 61,
    60, 60, 59, 60, 57, 58, 59, 57, 60, 61, 58, 57, 60, 59, 59, 57, 61,
    57, 56, 59, 60, 58, 60, 58, 59, 57, 58, 57, 58, 61, 61, 58, 61, 61,
    59 ]
