%YAML:1.0
---
videoName: "headLookUp6.mp4"
gestureLabel: 205
fps: 30
pixelSizeInCmTemp: 3.7421874999999999e-01
faceCenterPointX: 255
faceCenterPointY: 70
headPositionsX: [ 255, 253, 253, 255, 255, 255, 257, 257, 255, 253, 255,
    253, 257, 255, 255, 255, 257, 257, 254, 256, 252, 256, 256, 254, 255,
    255, 254, 255, 253, 257, 254, 257, 257, 253, 256, 255, 253, 255, 253,
    254, 255, 255, 253, 257, 253, 256, 251, 253, 254, 252, 255, 255, 253,
    255, 254, 256, 256, 256, 253, 255, 255, 257, 252, 256, 253, 257, 256,
    256, 254, 256, 253, 255, 256, 253, 253, 255, 256, 254, 257, 257, 255,
    256, 257, 254, 255, 252, 256, 256, 254, 253, 257, 255, 254, 253, 253,
    252, 256, 255, 252, 253 ]
headPositionsY: [ 70, 83, 81, 85, 81, 85, 81, 81, 81, 81, 82, 82, 85, 85,
    81, 81, 81, 85, 86, 81, 80, 82, 85, 81, 79, 79, 81, 78, 74, 76, 75,
    73, 73, 68, 70, 72, 68, 66, 68, 72, 69, 68, 69, 67, 72, 70, 66, 68,
    71, 70, 66, 69, 67, 71, 67, 70, 70, 69, 67, 70, 69, 70, 68, 71, 69,
    68, 72, 69, 69, 68, 67, 69, 70, 70, 70, 70, 71, 72, 69, 68, 70, 69,
    68, 68, 67, 66, 67, 70, 71, 67, 68, 71, 72, 71, 67, 70, 70, 69, 70,
    68 ]
