%YAML:1.0
---
videoName: "headLookUp0.mp4"
gestureLabel: 205
fps: 29
pixelSizeInCmTemp: 3.6846153846153845e-01
faceCenterPointX: 258
faceCenterPointY: 66
headPositionsX: [ 257, 262, 259, 259, 259, 258, 259, 260, 258, 261, 259,
    262, 258, 258, 257, 259, 257, 261, 259, 258, 259, 259, 260, 258, 259,
    259, 259, 261, 257, 262, 260, 261, 260, 259, 260, 260, 260, 261, 256,
    258, 259, 257, 258, 259, 259, 260, 257, 258, 257, 256, 258, 258, 259,
    259, 259, 261, 258, 260, 256, 257, 260, 259, 257, 258, 260, 256, 259,
    256, 261, 256, 257, 256, 258, 260, 258, 259, 256, 258, 257, 260, 256,
    260, 258, 261, 255, 259, 257, 255, 259, 256, 260, 258, 257, 260, 256,
    256, 258, 256, 258, 258 ]
headPositionsY: [ 67, 82, 78, 81, 82, 83, 83, 79, 80, 81, 81, 82, 80, 81,
    77, 76, 79, 77, 75, 74, 72, 73, 68, 71, 67, 67, 65, 67, 67, 68, 65,
    66, 64, 67, 68, 67, 68, 69, 64, 65, 66, 68, 66, 67, 67, 66, 67, 67,
    68, 66, 65, 67, 68, 65, 70, 67, 66, 68, 69, 65, 67, 67, 65, 68, 67,
    65, 68, 67, 67, 64, 64, 67, 67, 66, 70, 67, 69, 69, 67, 68, 69, 70,
    67, 69, 69, 69, 70, 70, 64, 65, 66, 70, 67, 67, 69, 69, 68, 65, 69,
    67 ]
