%YAML:1.0
---
videoName: "headLookUp2.mp4"
gestureLabel: 205
fps: 29
pixelSizeInCmTemp: 3.7421874999999999e-01
faceCenterPointX: 254
faceCenterPointY: 67
headPositionsX: [ 252, 256, 254, 255, 256, 257, 254, 256, 254, 253, 255,
    257, 254, 253, 254, 252, 256, 255, 253, 254, 252, 254, 255, 254, 254,
    256, 253, 254, 257, 254, 255, 253, 256, 256, 253, 254, 256, 253, 255,
    252, 254, 256, 255, 256, 254, 254, 254, 254, 252, 253, 253, 253, 257,
    255, 254, 253, 254, 255, 253, 256, 255, 256, 256, 254, 253, 253, 251,
    252, 256, 254, 253, 254, 254, 253, 255, 252, 252, 256, 252, 254, 255,
    254, 255, 255, 258, 251, 255, 256, 253, 253, 253, 252, 255, 256, 255,
    254, 256, 256, 255, 253 ]
headPositionsY: [ 65, 78, 79, 80, 80, 80, 80, 82, 80, 82, 83, 79, 79, 83,
    80, 83, 79, 79, 80, 81, 81, 80, 78, 80, 80, 80, 79, 83, 78, 80, 79,
    83, 81, 81, 79, 81, 80, 82, 81, 79, 78, 79, 76, 76, 74, 74, 72, 72,
    70, 71, 67, 69, 70, 68, 66, 69, 66, 68, 65, 68, 66, 68, 70, 67, 68,
    66, 67, 68, 68, 66, 67, 66, 67, 68, 68, 69, 69, 67, 70, 70, 69, 69,
    70, 67, 67, 68, 64, 69, 67, 69, 71, 67, 65, 66, 69, 67, 65, 68, 67,
    69 ]
