%YAML:1.0
---
videoName: "headLookUp6.mp4"
gestureLabel: 205
fps: 30
pixelSizeInCmTemp: 3.7421874999999999e-01
faceCenterPointX: 255
faceCenterPointY: 70
headPositionsX: [ 254, 255, 257, 257, 258, 255, 254, 257, 256, 256, 254,
    256, 256, 256, 258, 257, 258, 254, 255, 256, 252, 254, 254, 256, 255,
    257, 256, 254, 253, 258, 255, 254, 254, 255, 256, 253, 254, 258, 255,
    254, 252, 253, 255, 254, 255, 254, 252, 253, 255, 256, 252, 253, 256,
    257, 255, 253, 255, 257, 253, 254, 254, 253, 256, 255, 252, 257, 256,
    256, 257, 257, 251, 256, 255, 255, 254, 256, 257, 253, 257, 254, 258,
    253, 255, 256, 255, 254, 254, 252, 254, 253, 254, 252, 256, 256, 254,
    256, 255, 254, 255, 253 ]
headPositionsY: [ 69, 83, 83, 85, 84, 82, 81, 83, 85, 83, 84, 85, 86, 82,
    85, 82, 85, 83, 84, 84, 84, 85, 82, 80, 81, 81, 80, 78, 76, 73, 71,
    70, 73, 70, 68, 69, 71, 70, 69, 71, 66, 71, 67, 70, 72, 67, 65, 70,
    67, 68, 65, 67, 68, 69, 70, 66, 70, 70, 67, 69, 71, 71, 68, 71, 67,
    70, 68, 70, 67, 72, 69, 68, 68, 68, 70, 66, 69, 69, 68, 69, 71, 70,
    68, 71, 67, 67, 71, 68, 70, 70, 70, 72, 71, 71, 69, 70, 71, 66, 72,
    69 ]
