%YAML:1.0
---
videoName: "headLookUp3.mp4"
gestureLabel: 205
fps: 29
pixelSizeInCmTemp: 3.7421874999999999e-01
faceCenterPointX: 254
faceCenterPointY: 68
headPositionsX: [ 256, 254, 256, 256, 256, 254, 255, 255, 255, 254, 257,
    256, 256, 254, 255, 256, 256, 256, 255, 255, 255, 256, 256, 255, 258,
    258, 254, 258, 256, 255, 259, 257, 255, 259, 255, 255, 257, 258, 257,
    254, 254, 256, 255, 257, 253, 255, 256, 254, 258, 257, 254, 254, 256,
    256, 257, 258, 256, 254, 255, 256, 256, 257, 254, 257, 256, 256, 256,
    256, 253, 255, 254, 257, 253, 257, 255, 258, 255, 257, 254, 255, 256,
    255, 255, 251, 256, 254, 258, 254, 258, 254, 257, 255, 254, 255, 255,
    257, 256, 259, 256, 258 ]
headPositionsY: [ 68, 81, 84, 83, 83, 80, 81, 81, 81, 79, 81, 84, 82, 80,
    81, 82, 83, 81, 82, 83, 81, 81, 83, 80, 82, 84, 82, 83, 84, 83, 84,
    81, 81, 84, 81, 83, 80, 79, 78, 81, 78, 75, 79, 76, 72, 74, 70, 72,
    67, 70, 66, 70, 69, 67, 67, 68, 71, 64, 67, 69, 67, 66, 67, 69, 66,
    69, 64, 66, 67, 68, 69, 66, 68, 66, 69, 65, 68, 69, 67, 70, 67, 69,
    69, 67, 68, 66, 70, 68, 68, 66, 69, 66, 69, 66, 68, 66, 70, 69, 70,
    65 ]
