%YAML:1.0
---
videoName: "headLookUp9.mp4"
gestureLabel: 205
fps: 29
pixelSizeInCmTemp: 3.3732394366197183e-01
faceCenterPointX: 251
faceCenterPointY: 57
headPositionsX: [ 253, 251, 252, 250, 253, 254, 249, 252, 252, 252, 253,
    251, 253, 253, 250, 251, 253, 250, 252, 250, 253, 254, 251, 250, 251,
    252, 251, 252, 250, 254, 250, 250, 254, 251, 253, 249, 254, 252, 252,
    250, 253, 252, 252, 251, 253, 253, 254, 250, 251, 250, 254, 249, 252,
    251, 249, 251, 250, 253, 251, 253, 252, 249, 252, 252, 252, 253, 250,
    253, 251, 251, 249, 253, 253, 253, 250, 253, 249, 249, 249, 251, 253,
    249, 251, 253, 249, 252, 252, 250, 252, 251, 250, 251, 253, 250, 249,
    251, 250, 253, 253, 249 ]
headPositionsY: [ 59, 75, 73, 73, 74, 73, 72, 75, 75, 75, 75, 73, 77, 75,
    73, 75, 75, 74, 72, 74, 76, 73, 72, 76, 72, 75, 73, 75, 73, 72, 74,
    74, 72, 72, 71, 68, 70, 68, 67, 65, 64, 65, 62, 61, 63, 60, 63, 60,
    61, 59, 58, 57, 57, 58, 56, 61, 59, 60, 55, 59, 61, 58, 55, 60, 57,
    59, 56, 56, 58, 57, 57, 56, 58, 55, 58, 58, 55, 58, 59, 57, 58, 55,
    55, 55, 56, 58, 57, 58, 57, 58, 59, 59, 57, 58, 57, 57, 54, 54, 57,
    54 ]
