%YAML:1.0
---
videoName: "headLookUp3.mp4"
gestureLabel: 205
fps: 29
pixelSizeInCmTemp: 3.7421874999999999e-01
faceCenterPointX: 254
faceCenterPointY: 68
headPositionsX: [ 252, 255, 258, 253, 256, 258, 253, 257, 256, 256, 255,
    253, 257, 255, 257, 257, 258, 256, 259, 259, 257, 257, 258, 257, 256,
    254, 255, 255, 258, 257, 258, 257, 257, 257, 258, 257, 257, 258, 256,
    258, 258, 257, 257, 254, 255, 255, 255, 256, 254, 258, 254, 256, 255,
    256, 255, 258, 255, 253, 256, 256, 252, 254, 255, 257, 254, 256, 258,
    256, 254, 256, 252, 258, 253, 256, 256, 254, 253, 253, 256, 257, 254,
    256, 254, 252, 255, 255, 254, 254, 256, 255, 258, 254, 258, 254, 254,
    254, 254, 256, 256, 258 ]
headPositionsY: [ 69, 83, 82, 81, 81, 82, 81, 82, 82, 80, 82, 81, 82, 80,
    84, 80, 81, 80, 84, 80, 84, 82, 84, 82, 81, 84, 80, 81, 81, 83, 80,
    84, 82, 81, 85, 82, 82, 79, 81, 78, 80, 75, 78, 77, 73, 70, 73, 68,
    70, 71, 66, 68, 66, 66, 66, 68, 68, 66, 68, 65, 66, 69, 67, 68, 68,
    66, 66, 66, 67, 70, 70, 69, 66, 67, 67, 69, 67, 69, 69, 66, 66, 69,
    68, 67, 65, 69, 68, 67, 67, 68, 67, 67, 69, 70, 67, 66, 68, 68, 68,
    67 ]
