%YAML:1.0
---
videoName: "headLookUp4.mp4"
gestureLabel: 205
fps: 30
pixelSizeInCmTemp: 3.6846153846153845e-01
faceCenterPointX: 256
faceCenterPointY: 68
headPositionsX: [ 258, 257, 254, 255, 254, 258, 256, 257, 255, 256, 254,
    255, 257, 257, 256, 255, 254, 258, 257, 257, 256, 257, 256, 256, 255,
    256, 258, 258, 258, 255, 256, 256, 256, 255, 254, 257, 255, 256, 253,
    253, 253, 257, 254, 255, 254, 258, 256, 256, 254, 253, 256, 258, 258,
    255, 255, 254, 255, 257, 258, 255, 254, 254, 254, 255, 258, 254, 258,
    254, 254, 256, 255, 255, 256, 257, 257, 258, 256, 258, 256, 254, 257,
    257, 257, 257, 255, 258, 255, 252, 256, 256, 255, 254, 259, 256, 255,
    254, 254, 259, 255, 256 ]
headPositionsY: [ 69, 83, 84, 84, 81, 84, 84, 81, 81, 80, 83, 81, 83, 81,
    82, 80, 83, 83, 81, 81, 83, 83, 81, 82, 81, 78, 77, 76, 74, 72, 68,
    71, 70, 71, 69, 68, 69, 68, 71, 68, 66, 70, 70, 66, 68, 70, 71, 71,
    70, 65, 68, 71, 69, 70, 69, 71, 66, 69, 69, 68, 66, 68, 65, 65, 68,
    68, 68, 72, 71, 72, 68, 71, 68, 68, 67, 70, 69, 69, 69, 69, 68, 68,
    71, 71, 70, 69, 70, 67, 71, 68, 68, 68, 68, 66, 70, 68, 71, 68, 67,
    69 ]
