%YAML:1.0
---
videoName: "headLookUp7.mp4"
gestureLabel: 205
fps: 29
pixelSizeInCmTemp: 3.6846153846153845e-01
faceCenterPointX: 257
faceCenterPointY: 70
headPositionsX: [ 255, 257, 256, 257, 257, 257, 256, 256, 255, 256, 256,
    258, 255, 257, 257, 259, 256, 258, 259, 254, 258, 258, 254, 256, 256,
    258, 256, 256, 258, 254, 257, 256, 255, 253, 256, 253, 257, 253, 255,
    257, 258, 258, 255, 256, 255, 257, 258, 256, 255, 255, 254, 258, 257,
    256, 254, 257, 256, 256, 254, 257, 256, 258, 258, 255, 258, 259, 255,
    258, 257, 257, 258, 257, 258, 254, 258, 255, 255, 256, 258, 258, 255,
    254, 257, 259, 255, 259, 254, 255, 256, 258, 258, 254, 259, 257, 255,
    257, 260, 258, 257, 255 ]
headPositionsY: [ 72, 82, 82, 81, 84, 84, 83, 85, 85, 80, 81, 81, 84, 83,
    83, 84, 81, 80, 79, 81, 81, 76, 75, 78, 73, 75, 75, 72, 69, 67, 68,
    71, 69, 68, 69, 69, 69, 69, 71, 66, 69, 69, 67, 68, 68, 68, 67, 69,
    66, 69, 67, 68, 70, 69, 68, 71, 69, 69, 69, 68, 69, 69, 66, 68, 70,
    68, 66, 71, 70, 70, 70, 67, 71, 71, 68, 70, 68, 70, 69, 70, 71, 72,
    69, 71, 70, 67, 68, 68, 68, 72, 66, 70, 69, 72, 71, 68, 68, 70, 72,
    70 ]
