%YAML:1.0
---
videoName: "headLookUp7.mp4"
gestureLabel: 205
fps: 29
pixelSizeInCmTemp: 3.6846153846153845e-01
faceCenterPointX: 257
faceCenterPointY: 70
headPositionsX: [ 258, 259, 257, 257, 258, 256, 258, 256, 257, 257, 259,
    254, 255, 256, 257, 259, 255, 257, 255, 255, 257, 255, 256, 255, 255,
    257, 258, 256, 256, 254, 257, 255, 259, 256, 255, 255, 256, 255, 256,
    257, 255, 258, 255, 258, 254, 255, 257, 256, 256, 254, 253, 254, 253,
    255, 255, 258, 258, 254, 256, 254, 258, 258, 255, 255, 255, 255, 257,
    258, 256, 255, 255, 257, 255, 256, 256, 255, 257, 254, 256, 259, 256,
    256, 257, 259, 256, 258, 255, 256, 254, 257, 255, 256, 257, 255, 258,
    256, 260, 258, 259, 257 ]
headPositionsY: [ 71, 81, 85, 84, 85, 81, 80, 84, 83, 84, 81, 81, 85, 84,
    84, 83, 80, 81, 82, 81, 79, 78, 78, 74, 73, 74, 71, 72, 70, 69, 68,
    68, 72, 71, 71, 72, 68, 69, 70, 69, 66, 66, 67, 68, 66, 70, 67, 69,
    69, 67, 70, 65, 70, 66, 70, 69, 70, 69, 69, 68, 70, 71, 69, 69, 68,
    68, 66, 70, 69, 71, 70, 68, 67, 69, 70, 69, 69, 71, 70, 69, 69, 71,
    70, 71, 69, 67, 67, 68, 69, 72, 68, 71, 67, 70, 68, 72, 69, 68, 72,
    67 ]
