%YAML:1.0
---
videoName: "headLookUp7.mp4"
gestureLabel: 205
fps: 29
pixelSizeInCmTemp: 3.6846153846153845e-01
faceCenterPointX: 257
faceCenterPointY: 70
headPositionsX: [ 258, 256, 257, 255, 256, 256, 258, 254, 258, 256, 257,
    254, 254, 258, 258, 256, 258, 258, 258, 254, 254, 256, 258, 254, 255,
    257, 256, 254, 258, 257, 253, 255, 259, 257, 259, 256, 256, 257, 256,
    254, 256, 254, 257, 258, 256, 257, 258, 258, 253, 257, 253, 258, 257,
    255, 257, 256, 255, 256, 253, 257, 254, 255, 258, 259, 258, 257, 256,
    255, 255, 258, 259, 254, 258, 258, 256, 258, 257, 257, 255, 255, 255,
    257, 257, 256, 255, 259, 257, 258, 255, 258, 258, 256, 255, 258, 255,
    259, 257, 256, 259, 259 ]
headPositionsY: [ 68, 84, 84, 80, 82, 84, 83, 84, 84, 81, 81, 80, 85, 84,
    83, 81, 80, 84, 79, 80, 78, 76, 75, 77, 73, 73, 73, 69, 71, 70, 67,
    68, 70, 71, 69, 72, 68, 67, 69, 68, 70, 68, 65, 68, 67, 70, 67, 68,
    69, 69, 66, 67, 67, 70, 67, 67, 67, 70, 69, 66, 70, 71, 69, 69, 69,
    69, 69, 69, 70, 70, 68, 68, 68, 72, 69, 69, 69, 69, 69, 67, 69, 69,
    69, 71, 66, 68, 67, 71, 70, 69, 68, 68, 68, 69, 70, 72, 68, 66, 72,
    68 ]
