%YAML:1.0
---
videoName: "headLookUp9.mp4"
gestureLabel: 205
fps: 29
pixelSizeInCmTemp: 3.3732394366197183e-01
faceCenterPointX: 251
faceCenterPointY: 57
headPositionsX: [ 250, 252, 250, 251, 249, 253, 251, 249, 249, 253, 250,
    252, 253, 252, 251, 252, 253, 251, 251, 252, 251, 251, 249, 249, 253,
    253, 252, 252, 251, 254, 252, 250, 254, 253, 251, 253, 251, 249, 253,
    249, 249, 253, 251, 250, 253, 251, 253, 252, 251, 252, 254, 252, 252,
    251, 250, 252, 252, 252, 249, 251, 251, 253, 249, 251, 248, 253, 250,
    252, 252, 250, 250, 253, 252, 253, 253, 249, 251, 250, 250, 249, 249,
    253, 252, 249, 250, 250, 249, 253, 249, 252, 253, 252, 251, 250, 251,
    253, 253, 252, 250, 251 ]
headPositionsY: [ 56, 76, 75, 72, 75, 72, 75, 76, 75, 77, 72, 72, 74, 72,
    77, 74, 72, 75, 76, 75, 74, 75, 72, 72, 74, 73, 74, 75, 74, 73, 74,
    71, 70, 69, 72, 69, 70, 65, 67, 64, 68, 65, 65, 63, 62, 61, 60, 58,
    61, 58, 58, 57, 57, 57, 57, 59, 59, 59, 57, 58, 58, 55, 56, 58, 59,
    56, 58, 56, 55, 58, 56, 57, 56, 59, 56, 56, 57, 57, 55, 55, 59, 57,
    59, 58, 56, 56, 55, 55, 56, 57, 55, 57, 58, 56, 58, 57, 56, 54, 56,
    54 ]
