%YAML:1.0
---
videoName: "headLookUp7.mp4"
gestureLabel: 205
fps: 29
pixelSizeInCmTemp: 3.6846153846153845e-01
faceCenterPointX: 257
faceCenterPointY: 70
headPositionsX: [ 259, 259, 258, 257, 254, 254, 257, 258, 258, 256, 257,
    256, 256, 255, 258, 255, 254, 255, 256, 257, 254, 255, 255, 257, 257,
    255, 257, 256, 255, 257, 254, 258, 257, 256, 257, 254, 258, 253, 254,
    254, 257, 256, 256, 257, 255, 254, 256, 257, 253, 254, 256, 256, 253,
    256, 256, 255, 258, 256, 254, 254, 255, 255, 254, 255, 257, 257, 256,
    256, 255, 258, 259, 258, 257, 256, 259, 257, 258, 254, 255, 259, 256,
    255, 257, 259, 258, 255, 256, 258, 258, 256, 254, 256, 256, 256, 257,
    256, 258, 257, 255, 257 ]
headPositionsY: [ 71, 81, 83, 83, 81, 84, 84, 83, 83, 82, 83, 82, 84, 84,
    84, 85, 83, 81, 80, 78, 80, 77, 75, 75, 73, 73, 73, 70, 71, 71, 67,
    70, 71, 68, 70, 71, 69, 68, 71, 69, 67, 70, 66, 65, 69, 68, 69, 66,
    69, 71, 67, 69, 68, 70, 68, 69, 70, 69, 68, 69, 67, 68, 66, 71, 69,
    69, 70, 70, 69, 71, 67, 67, 70, 72, 68, 70, 68, 69, 71, 68, 68, 68,
    70, 69, 69, 70, 67, 69, 70, 71, 69, 67, 71, 72, 71, 72, 69, 70, 70,
    68 ]
