%YAML:1.0
---
videoName: "headLookUp3.mp4"
gestureLabel: 205
fps: 29
pixelSizeInCmTemp: 3.7421874999999999e-01
faceCenterPointX: 254
faceCenterPointY: 68
headPositionsX: [ 254, 257, 257, 253, 254, 257, 256, 257, 253, 257, 258,
    255, 254, 255, 256, 258, 258, 257, 255, 256, 256, 255, 255, 256, 256,
    256, 256, 257, 256, 256, 256, 258, 256, 259, 257, 256, 255, 254, 256,
    258, 256, 257, 255, 256, 254, 255, 256, 254, 255, 257, 254, 254, 256,
    254, 257, 257, 257, 256, 256, 253, 253, 258, 253, 257, 257, 255, 254,
    256, 256, 255, 254, 254, 256, 256, 256, 256, 256, 255, 257, 257, 257,
    257, 255, 255, 252, 253, 258, 255, 256, 257, 254, 258, 255, 258, 256,
    257, 253, 257, 254, 257 ]
headPositionsY: [ 66, 82, 84, 81, 81, 82, 84, 84, 83, 80, 80, 84, 81, 82,
    83, 80, 80, 84, 81, 80, 84, 80, 84, 82, 82, 83, 84, 81, 81, 83, 84,
    81, 84, 82, 84, 84, 84, 82, 82, 77, 82, 76, 75, 77, 72, 74, 70, 72,
    68, 67, 65, 66, 70, 66, 68, 69, 70, 66, 68, 69, 66, 66, 66, 68, 66,
    66, 66, 67, 70, 68, 69, 69, 69, 65, 69, 69, 68, 68, 65, 68, 69, 66,
    70, 66, 67, 67, 69, 70, 68, 67, 68, 68, 69, 67, 65, 68, 69, 71, 68,
    67 ]
