%YAML:1.0
---
videoName: "headLookUp8.mp4"
gestureLabel: 205
fps: 29
pixelSizeInCmTemp: 3.4214285714285714e-01
faceCenterPointX: 253
faceCenterPointY: 59
headPositionsX: [ 251, 250, 254, 253, 251, 252, 253, 251, 252, 254, 253,
    252, 252, 252, 253, 251, 253, 249, 251, 251, 251, 252, 250, 249, 253,
    254, 251, 252, 249, 254, 252, 254, 253, 254, 254, 254, 250, 253, 254,
    254, 251, 252, 250, 254, 255, 252, 251, 252, 255, 252, 250, 255, 253,
    253, 250, 253, 253, 251, 253, 254, 255, 250, 251, 251, 255, 253, 250,
    254, 251, 252, 251, 254, 252, 255, 253, 253, 251, 252, 255, 251, 251,
    254, 252, 252, 254, 252, 251, 251, 255, 252, 251, 255, 252, 252, 251,
    252, 255, 254, 252, 255 ]
headPositionsY: [ 60, 76, 74, 77, 76, 77, 78, 75, 78, 76, 76, 73, 73, 74,
    72, 70, 73, 72, 71, 69, 70, 67, 67, 65, 67, 68, 67, 64, 63, 64, 63,
    60, 63, 63, 64, 60, 61, 60, 60, 59, 57, 57, 61, 57, 60, 57, 56, 58,
    57, 56, 58, 57, 58, 58, 58, 57, 59, 58, 60, 60, 59, 58, 58, 57, 57,
    58, 57, 59, 60, 58, 61, 58, 57, 60, 61, 57, 61, 61, 57, 60, 60, 61,
    60, 58, 57, 60, 60, 61, 58, 61, 60, 57, 59, 58, 58, 61, 57, 57, 61,
    59 ]
