%YAML:1.0
---
videoName: "headLookUp8.mp4"
gestureLabel: 205
fps: 29
pixelSizeInCmTemp: 3.4214285714285714e-01
faceCenterPointX: 253
faceCenterPointY: 59
headPositionsX: [ 251, 252, 255, 252, 252, 255, 256, 255, 252, 251, 250,
    252, 254, 255, 252, 254, 255, 249, 251, 250, 253, 251, 253, 251, 254,
    254, 252, 254, 252, 251, 254, 252, 250, 250, 253, 253, 253, 250, 253,
    254, 251, 251, 252, 253, 255, 253, 252, 250, 251, 252, 251, 251, 254,
    251, 250, 255, 254, 254, 251, 254, 251, 253, 252, 254, 251, 251, 254,
    251, 252, 255, 255, 253, 251, 253, 251, 253, 251, 252, 254, 254, 254,
    255, 252, 250, 253, 255, 252, 254, 251, 255, 255, 253, 254, 253, 252,
    252, 254, 254, 255, 253 ]
headPositionsY: [ 59, 75, 78, 78, 78, 76, 75, 76, 75, 77, 76, 75, 77, 77,
    75, 73, 70, 69, 71, 68, 71, 69, 69, 65, 64, 65, 67, 67, 64, 61, 63,
    62, 63, 60, 62, 59, 59, 62, 59, 61, 59, 59, 58, 59, 58, 60, 56, 59,
    58, 58, 58, 59, 58, 56, 57, 57, 59, 61, 59, 59, 59, 61, 56, 60, 57,
    58, 58, 60, 59, 59, 61, 59, 56, 59, 60, 60, 58, 58, 60, 59, 57, 57,
    59, 56, 57, 59, 61, 58, 58, 58, 60, 58, 59, 60, 57, 59, 61, 57, 59,
    60 ]
