%YAML:1.0
---
videoName: "headLookUp5.mp4"
gestureLabel: 205
fps: 29
pixelSizeInCmTemp: 3.6287878787878786e-01
faceCenterPointX: 256
faceCenterPointY: 67
headPositionsX: [ 258, 255, 255, 255, 258, 256, 257, 255, 254, 259, 254,
    256, 256, 259, 255, 255, 255, 257, 257, 254, 255, 255, 255, 257, 255,
    254, 256, 255, 254, 256, 256, 256, 255, 254, 257, 257, 258, 255, 258,
    257, 256, 258, 257, 258, 258, 255, 252, 254, 256, 257, 257, 254, 256,
    255, 254, 254, 256, 254, 255, 255, 255, 253, 254, 253, 255, 255, 254,
    254, 256, 258, 255, 257, 257, 255, 255, 258, 255, 256, 254, 254, 254,
    255, 258, 258, 255, 254, 256, 255, 257, 257, 257, 256, 253, 258, 254,
    254, 257, 255, 256, 258 ]
headPositionsY: [ 65, 80, 84, 79, 81, 83, 82, 82, 82, 83, 83, 82, 82, 82,
    80, 82, 80, 79, 79, 80, 83, 79, 82, 83, 81, 80, 80, 82, 80, 78, 80,
    81, 79, 77, 80, 78, 78, 72, 71, 73, 69, 71, 70, 67, 67, 67, 67, 68,
    66, 71, 69, 71, 66, 68, 69, 70, 66, 70, 67, 70, 66, 66, 70, 70, 69,
    65, 69, 66, 67, 66, 68, 68, 66, 67, 69, 65, 67, 67, 66, 66, 68, 65,
    67, 66, 69, 67, 69, 69, 69, 66, 70, 65, 68, 67, 66, 67, 66, 67, 68,
    67 ]
