%YAML:1.0
---
videoName: "headLookUp2.mp4"
gestureLabel: 205
fps: 29
pixelSizeInCmTemp: 3.7421874999999999e-01
faceCenterPointX: 254
faceCenterPointY: 67
headPositionsX: [ 255, 258, 256, 258, 256, 255, 257, 256, 254, 253, 254,
    256, 256, 257, 257, 253, 255, 254, 255, 255, 253, 254, 256, 256, 254,
    254, 257, 253, 253, 252, 255, 257, 253, 253, 256, 254, 254, 253, 255,
    254, 255, 253, 255, 255, 252, 253, 254, 256, 256, 254, 253, 256, 253,
    254, 254, 255, 254, 255, 257, 253, 255, 253, 252, 251, 251, 253, 255,
    253, 255, 252, 256, 251, 250, 257, 255, 254, 251, 256, 254, 255, 256,
    253, 255, 254, 256, 255, 255, 257, 257, 252, 256, 252, 251, 255, 256,
    254, 256, 252, 253, 253 ]
headPositionsY: [ 68, 78, 83, 79, 79, 81, 80, 82, 81, 81, 82, 79, 80, 83,
    79, 79, 79, 81, 81, 79, 81, 80, 78, 81, 80, 82, 79, 79, 82, 79, 82,
    79, 80, 81, 82, 82, 82, 78, 82, 82, 82, 80, 78, 78, 75, 76, 73, 73,
    69, 69, 67, 66, 67, 70, 69, 70, 66, 68, 65, 65, 67, 68, 70, 69, 70,
    69, 70, 70, 70, 64, 65, 64, 66, 71, 67, 68, 66, 68, 70, 67, 67, 69,
    69, 69, 68, 68, 67, 65, 70, 71, 71, 68, 68, 67, 67, 68, 66, 69, 66,
    68 ]
