%YAML:1.0
---
videoName: "headLookUp3.mp4"
gestureLabel: 205
fps: 29
pixelSizeInCmTemp: 3.7421874999999999e-01
faceCenterPointX: 254
faceCenterPointY: 68
headPositionsX: [ 256, 255, 257, 257, 254, 258, 257, 258, 257, 256, 258,
    257, 254, 254, 258, 258, 256, 257, 258, 258, 255, 255, 255, 258, 254,
    256, 256, 255, 255, 256, 259, 259, 257, 259, 258, 255, 257, 255, 255,
    255, 255, 254, 254, 257, 256, 254, 257, 253, 257, 258, 255, 255, 253,
    253, 256, 255, 257, 253, 256, 253, 253, 258, 256, 256, 253, 256, 258,
    256, 256, 256, 252, 255, 256, 257, 255, 255, 255, 255, 256, 256, 254,
    256, 254, 254, 253, 253, 256, 254, 256, 257, 254, 254, 257, 257, 253,
    257, 256, 258, 254, 255 ]
headPositionsY: [ 69, 83, 81, 84, 83, 81, 82, 81, 81, 81, 82, 83, 80, 80,
    84, 82, 81, 80, 80, 79, 82, 82, 85, 83, 80, 81, 80, 80, 83, 82, 84,
    82, 82, 80, 82, 84, 81, 80, 82, 77, 79, 78, 75, 77, 74, 71, 73, 72,
    69, 71, 67, 67, 70, 67, 69, 70, 67, 68, 69, 68, 64, 68, 68, 66, 67,
    65, 65, 68, 69, 70, 68, 67, 69, 69, 66, 69, 70, 67, 69, 66, 66, 65,
    70, 69, 69, 65, 69, 69, 65, 67, 68, 69, 69, 69, 69, 67, 67, 71, 70,
    68 ]
