%YAML:1.0
---
videoName: "RHShake13.mp4"
gestureLabel: 2
fps: 30
pixelSizeInCmTemp: 3.2808219178082193e-01
faceCenterPointX: 278
faceCenterPointY: 45
LHandPositionsX: [ 305, 308, 309, 306, 308, 307, 308, 305, 307, 307, 306,
    307, 305, 306, 305, 305, 309, 309, 305, 309, 306, 305, 308, 307, 308,
    309, 309, 306, 306, 305, 305, 308, 306, 305, 309, 308, 307, 306, 308,
    307, 305, 308, 309, 306, 306, 309, 307, 306, 307, 307, 306, 307, 308,
    308, 307, 307, 309, 306, 307, 308, 306, 308, 309, 309, 306, 307, 308,
    309, 308, 305, 305, 306, 310, 307, 309, 308, 308, 306, 307, 305, 304,
    301, 306, 304, 303, 306, 307, 306, 307, 304, 305 ]
LHandPositionsY: [ 244, 245, 244, 245, 244, 241, 244, 241, 242, 242, 241,
    243, 241, 242, 244, 240, 240, 241, 243, 240, 241, 241, 239, 239, 240,
    239, 241, 239, 243, 242, 243, 239, 241, 240, 243, 239, 242, 238, 238,
    240, 241, 240, 240, 242, 240, 238, 242, 239, 241, 239, 241, 241, 241,
    238, 239, 238, 238, 238, 242, 242, 242, 240, 240, 238, 240, 241, 240,
    241, 238, 242, 237, 241, 240, 238, 235, 236, 233, 235, 235, 234, 231,
    235, 234, 240, 238, 241, 243, 243, 244, 245, 245 ]
RHandPositionsX: [ 166, 152, 140, 141, 141, 142, 145, 143, 144, 149, 146,
    144, 142, 134, 135, 139, 141, 144, 143, 144, 138, 133, 133, 131, 129,
    132, 133, 136, 141, 137, 138, 131, 130, 130, 130, 133, 134, 135, 137,
    138, 136, 133, 135, 133, 139, 149, 151, 148, 148, 147, 143, 139, 136,
    140, 140, 139, 141, 142, 141, 139, 136, 130, 129, 134, 138, 142, 144,
    148, 155, 162, 169, 177, 191, 199, 212, 226, 236, 245, 253, 253, 252,
    255, 258, 257, 257, 257, 261, 260, 259, 257, 260 ]
RHandPositionsY: [ 158, 136, 120, 116, 113, 110, 103, 102, 98, 93, 93,
    90, 90, 89, 89, 89, 88, 87, 88, 88, 85, 84, 85, 85, 85, 89, 88, 92,
    92, 90, 91, 88, 90, 88, 90, 92, 94, 91, 93, 93, 91, 90, 90, 87, 89,
    94, 94, 95, 96, 91, 93, 91, 94, 93, 96, 97, 101, 101, 99, 98, 97, 97,
    98, 96, 98, 106, 109, 109, 118, 127, 136, 147, 153, 167, 179, 188,
    199, 208, 214, 215, 216, 220, 230, 236, 235, 237, 239, 239, 240, 242,
    242 ]
