%YAML:1.0
---
videoName: "RHShake23.mp4"
gestureLabel: 2
fps: 29
pixelSizeInCmTemp: 3.3263888888888887e-01
faceCenterPointX: 298
faceCenterPointY: 49
LHandPositionsX: [ 389, 387, 391, 390, 389, 389, 389, 387, 389, 390, 390,
    389, 390, 391, 388, 389, 388, 387, 387, 388, 387, 391, 387, 388, 388,
    388, 389, 389, 387, 387, 388, 388, 387, 391, 391, 389, 388, 391, 390,
    387, 389, 389, 387, 391, 391, 388, 388, 389, 389, 388, 389, 390, 387,
    387, 387, 388, 389, 389, 388, 391, 389, 388, 389, 388, 389, 387, 391,
    391, 389, 391, 390, 391, 389, 391, 389, 387, 389, 390, 387, 389, 387,
    390, 390, 387, 388, 387, 388, 391 ]
LHandPositionsY: [ 224, 226, 227, 226, 227, 227, 225, 227, 225, 225, 224,
    225, 225, 224, 224, 227, 227, 225, 226, 224, 225, 228, 225, 225, 228,
    224, 227, 225, 228, 225, 224, 227, 227, 228, 226, 227, 227, 224, 226,
    226, 224, 228, 225, 224, 225, 224, 224, 227, 226, 227, 224, 226, 226,
    227, 226, 226, 228, 225, 224, 225, 228, 227, 228, 227, 228, 228, 227,
    226, 228, 228, 225, 225, 227, 225, 226, 224, 224, 225, 228, 228, 225,
    227, 228, 224, 225, 224, 224, 225 ]
RHandPositionsX: [ 172, 170, 178, 187, 189, 189, 193, 191, 179, 180, 172,
    176, 171, 178, 188, 197, 196, 199, 196, 192, 186, 182, 174, 173, 170,
    171, 171, 176, 191, 200, 201, 199, 199, 193, 190, 185, 182, 179, 179,
    183, 188, 199, 201, 201, 206, 202, 196, 190, 183, 177, 178, 178, 178,
    185, 192, 198, 207, 207, 207, 208, 209, 211, 211, 208, 212, 207, 209,
    206, 204, 207, 206, 206, 202, 203, 204, 202, 204, 203, 199, 202, 200,
    199, 200, 201, 201, 198, 198, 201 ]
RHandPositionsY: [ 99, 95, 99, 112, 115, 113, 120, 111, 102, 99, 99, 100,
    97, 105, 115, 123, 122, 121, 126, 113, 100, 101, 99, 102, 99, 98, 96,
    100, 116, 125, 123, 123, 121, 108, 104, 106, 103, 104, 99, 103, 116,
    123, 119, 124, 125, 128, 125, 107, 109, 105, 106, 102, 102, 115, 130,
    136, 142, 148, 148, 155, 159, 166, 173, 184, 189, 200, 209, 217, 214,
    215, 219, 217, 222, 221, 224, 225, 228, 228, 227, 227, 224, 225, 226,
    226, 224, 226, 225, 228 ]
