%YAML:1.0
---
videoName: "RHShake09.mp4"
gestureLabel: 2
fps: 29
pixelSizeInCmTemp: 3.1103896103896100e-01
faceCenterPointX: 296
faceCenterPointY: 48
LHandPositionsX: [ 328, 327, 322, 323, 326, 324, 323, 320, 319, 315, 318,
    317, 312, 312, 313, 310, 310, 309, 308, 308, 311, 310, 306, 308, 308,
    306, 307, 306, 304, 309, 306, 309, 308, 309, 310, 307, 310, 309, 308,
    309, 309, 308, 309, 311, 309, 310, 309, 312, 313, 315, 314, 315, 313,
    313, 315, 316, 314, 313, 315, 317, 314, 316, 315, 315, 316, 317, 315,
    315, 317, 318, 318, 318, 315, 316, 317, 315, 313, 318, 318, 314, 315,
    314, 314, 318, 317, 318, 317, 315 ]
LHandPositionsY: [ 265, 269, 269, 268, 268, 270, 269, 269, 272, 273, 273,
    275, 274, 273, 273, 272, 275, 273, 273, 272, 275, 273, 273, 276, 276,
    272, 274, 273, 274, 276, 274, 277, 274, 277, 273, 273, 275, 273, 274,
    276, 276, 273, 273, 274, 277, 276, 277, 273, 277, 277, 274, 273, 276,
    275, 274, 272, 277, 277, 274, 275, 275, 275, 275, 275, 276, 274, 273,
    275, 272, 272, 276, 275, 272, 276, 272, 274, 275, 273, 275, 272, 273,
    275, 274, 271, 276, 272, 272, 272 ]
RHandPositionsX: [ 262, 263, 265, 263, 262, 263, 264, 262, 264, 260, 260,
    263, 260, 261, 259, 259, 257, 260, 256, 255, 259, 257, 255, 255, 256,
    255, 254, 255, 255, 257, 266, 263, 257, 240, 222, 205, 190, 175, 168,
    174, 174, 171, 179, 182, 187, 184, 184, 181, 179, 176, 189, 187, 190,
    199, 195, 185, 180, 174, 181, 185, 183, 186, 196, 189, 188, 184, 176,
    172, 174, 179, 184, 189, 187, 180, 177, 178, 182, 180, 182, 193, 193,
    191, 201, 201, 208, 215, 225, 239 ]
RHandPositionsY: [ 260, 266, 265, 265, 266, 268, 267, 266, 265, 269, 268,
    268, 267, 268, 268, 267, 266, 267, 268, 266, 265, 265, 265, 269, 267,
    269, 265, 266, 269, 268, 270, 257, 244, 231, 213, 196, 175, 155, 138,
    135, 115, 110, 107, 110, 110, 106, 101, 87, 90, 90, 90, 94, 96, 96,
    94, 92, 90, 88, 87, 87, 96, 97, 97, 94, 90, 87, 88, 86, 91, 94, 95,
    96, 93, 96, 91, 90, 90, 90, 97, 105, 107, 109, 123, 132, 143, 154,
    169, 186 ]
