%YAML:1.0
---
videoName: "RHShake05.mp4"
gestureLabel: 2
fps: 30
pixelSizeInCmTemp: 3.1103896103896100e-01
faceCenterPointX: 295
faceCenterPointY: 47
LHandPositionsX: [ 409, 408, 410, 408, 410, 411, 412, 411, 409, 409, 410,
    412, 408, 412, 412, 408, 411, 411, 408, 410, 409, 412, 410, 408, 408,
    411, 410, 409, 410, 408, 408, 412, 411, 412, 411, 411, 409, 411, 408,
    412, 409, 411, 410, 410, 412, 411, 411, 409, 411, 408, 409, 412, 412,
    412, 412, 410, 408, 409, 409, 410, 411, 411, 411, 408, 410, 408, 410,
    412, 409, 412, 412, 408, 410, 412, 409, 412, 410, 411, 410, 409, 411,
    409, 409, 410, 410, 412, 408, 410, 412, 410, 409 ]
LHandPositionsY: [ 258, 261, 259, 260, 258, 259, 258, 261, 260, 261, 257,
    259, 261, 260, 261, 258, 261, 259, 260, 258, 257, 261, 259, 261, 260,
    260, 261, 261, 260, 260, 260, 261, 259, 257, 259, 260, 258, 260, 261,
    260, 259, 257, 260, 258, 259, 257, 260, 261, 259, 258, 261, 261, 257,
    261, 259, 257, 257, 257, 260, 261, 258, 258, 261, 261, 260, 260, 260,
    257, 257, 259, 257, 257, 257, 261, 261, 259, 257, 257, 257, 257, 261,
    261, 259, 260, 257, 257, 257, 259, 258, 259, 257 ]
RHandPositionsX: [ 174, 173, 173, 176, 177, 174, 174, 176, 173, 176, 175,
    173, 172, 175, 173, 172, 175, 175, 173, 172, 170, 171, 174, 175, 173,
    179, 183, 179, 172, 163, 149, 158, 156, 160, 165, 174, 190, 198, 189,
    184, 173, 173, 171, 171, 176, 176, 189, 181, 178, 171, 170, 170, 170,
    175, 178, 188, 185, 179, 174, 171, 168, 167, 173, 192, 193, 194, 184,
    179, 178, 179, 179, 181, 189, 193, 193, 189, 184, 173, 170, 175, 172,
    174, 183, 187, 188, 189, 185, 181, 177, 178, 176 ]
RHandPositionsY: [ 261, 261, 258, 260, 262, 260, 262, 259, 262, 262, 261,
    259, 260, 260, 259, 259, 259, 258, 258, 260, 259, 263, 263, 259, 258,
    253, 232, 208, 183, 157, 133, 129, 104, 93, 87, 91, 96, 92, 88, 87,
    80, 80, 78, 79, 83, 84, 84, 81, 78, 73, 74, 73, 77, 85, 86, 93, 87,
    85, 82, 83, 83, 85, 86, 94, 92, 90, 88, 88, 81, 84, 84, 88, 91, 92,
    94, 89, 88, 85, 89, 95, 110, 131, 155, 182, 204, 220, 225, 232, 243,
    250, 250 ]
