%YAML:1.0
---
videoName: "RHShake19.mp4"
gestureLabel: 2
fps: 29
pixelSizeInCmTemp: 3.2808219178082193e-01
faceCenterPointX: 283
faceCenterPointY: 48
LHandPositionsX: [ 389, 390, 392, 390, 390, 392, 391, 390, 392, 390, 391,
    391, 389, 390, 389, 388, 388, 392, 392, 392, 392, 392, 392, 390, 392,
    389, 388, 389, 388, 392, 391, 391, 392, 390, 392, 392, 391, 391, 391,
    392, 392, 390, 389, 388, 389, 389, 392, 389, 391, 392, 392, 390, 392,
    389, 390, 391, 389, 389, 391, 391, 392, 390, 389, 389, 390, 389, 388,
    390, 389, 390, 389, 389, 392, 391, 391, 392, 392, 388, 389, 389, 391,
    389, 389, 392, 388, 388, 388, 389 ]
LHandPositionsY: [ 244, 241, 243, 243, 241, 241, 240, 242, 244, 240, 243,
    240, 243, 244, 240, 240, 243, 240, 241, 240, 242, 241, 243, 240, 241,
    243, 242, 242, 244, 244, 241, 241, 244, 242, 240, 242, 242, 240, 243,
    240, 240, 240, 242, 241, 243, 240, 244, 240, 243, 244, 241, 242, 243,
    244, 242, 242, 243, 244, 242, 243, 240, 243, 243, 242, 243, 242, 241,
    241, 242, 241, 242, 241, 244, 242, 242, 240, 242, 241, 240, 242, 240,
    242, 244, 241, 244, 240, 240, 241 ]
RHandPositionsX: [ 159, 173, 182, 182, 189, 184, 177, 170, 166, 161, 164,
    161, 166, 177, 182, 182, 187, 179, 173, 170, 164, 161, 160, 163, 170,
    175, 176, 172, 169, 166, 163, 159, 161, 166, 168, 176, 177, 177, 181,
    171, 167, 162, 164, 162, 165, 169, 177, 177, 179, 182, 180, 173, 169,
    171, 167, 170, 169, 181, 179, 182, 182, 181, 175, 171, 167, 167, 171,
    174, 180, 185, 189, 188, 191, 188, 183, 186, 183, 180, 181, 182, 179,
    179, 181, 181, 182, 179, 179, 181 ]
RHandPositionsY: [ 89, 91, 95, 93, 94, 89, 86, 80, 80, 79, 76, 74, 80,
    84, 92, 89, 91, 85, 81, 75, 75, 78, 74, 76, 83, 88, 94, 89, 89, 87,
    85, 82, 81, 86, 87, 88, 95, 97, 94, 92, 91, 84, 85, 83, 85, 85, 91,
    95, 99, 105, 100, 94, 96, 95, 93, 93, 99, 102, 106, 109, 106, 102,
    102, 101, 101, 101, 110, 127, 139, 152, 163, 177, 189, 194, 197, 212,
    218, 225, 233, 238, 235, 239, 239, 243, 240, 241, 240, 242 ]
