%YAML:1.0
---
videoName: "RHShake18.mp4"
gestureLabel: 2
fps: 30
pixelSizeInCmTemp: 3.3732394366197183e-01
faceCenterPointX: 275
faceCenterPointY: 40
LHandPositionsX: [ 378, 379, 378, 379, 376, 379, 378, 378, 375, 375, 378,
    379, 379, 376, 378, 375, 378, 377, 375, 376, 378, 375, 376, 376, 378,
    377, 378, 378, 378, 378, 379, 376, 378, 376, 377, 377, 377, 375, 376,
    378, 376, 378, 377, 375, 375, 378, 375, 378, 372, 375, 375, 372, 364,
    357, 350, 347, 337, 334, 324, 317, 301, 299, 299, 302, 296, 289, 291,
    290, 293, 294, 291, 291, 290, 293, 293, 291, 290, 291, 288, 287, 288,
    287, 290, 287, 289, 286, 287, 287, 288, 289, 287 ]
LHandPositionsY: [ 230, 231, 229, 232, 233, 233, 231, 230, 233, 230, 233,
    232, 232, 230, 233, 231, 233, 230, 232, 230, 229, 232, 231, 230, 232,
    229, 233, 233, 231, 231, 231, 231, 233, 230, 231, 231, 230, 233, 230,
    233, 232, 232, 232, 229, 231, 232, 233, 230, 228, 229, 235, 239, 238,
    235, 235, 235, 231, 235, 227, 228, 228, 233, 231, 230, 235, 236, 236,
    238, 240, 240, 241, 241, 242, 239, 242, 240, 239, 240, 242, 242, 243,
    242, 243, 241, 240, 243, 240, 239, 241, 242, 241 ]
RHandPositionsX: [ 158, 152, 150, 145, 149, 147, 151, 160, 162, 166, 164,
    164, 154, 153, 150, 148, 158, 163, 170, 170, 169, 163, 160, 158, 159,
    155, 157, 163, 166, 166, 162, 162, 159, 156, 157, 164, 174, 173, 173,
    167, 166, 158, 159, 157, 161, 167, 172, 180, 191, 201, 206, 222, 230,
    244, 252, 260, 266, 258, 251, 250, 244, 240, 238, 236, 237, 236, 233,
    235, 235, 236, 242, 238, 239, 238, 236, 239, 238, 237, 237, 238, 240,
    239, 239, 240, 236, 240, 238, 238, 240, 239, 237 ]
RHandPositionsY: [ 73, 73, 68, 70, 67, 68, 65, 69, 72, 76, 71, 71, 71,
    70, 66, 67, 69, 71, 71, 74, 72, 72, 66, 67, 69, 71, 71, 73, 79, 76,
    74, 74, 75, 75, 73, 78, 94, 91, 93, 92, 88, 85, 83, 83, 84, 90, 100,
    101, 111, 123, 131, 141, 153, 162, 173, 180, 192, 195, 198, 201, 201,
    208, 207, 211, 212, 214, 216, 221, 222, 225, 226, 226, 224, 226, 227,
    225, 227, 225, 225, 225, 224, 225, 228, 228, 227, 228, 224, 226, 225,
    228, 228 ]
