%YAML:1.0
---
videoName: "RHShake01.mp4"
gestureLabel: 2
fps: 29
pixelSizeInCmTemp: 3.1513157894736843e-01
faceCenterPointX: 292
faceCenterPointY: 51
LHandPositionsX: [ 392, 394, 393, 396, 395, 394, 396, 396, 396, 392, 393,
    394, 392, 393, 395, 395, 391, 393, 392, 394, 391, 394, 395, 395, 394,
    392, 394, 392, 391, 391, 394, 392, 395, 393, 394, 391, 391, 392, 392,
    394, 391, 393, 391, 391, 391, 394, 393, 391, 394, 395, 395, 392, 394,
    394, 392, 392, 395, 393, 392, 391, 391, 394, 393, 393, 395, 394, 392,
    394, 392, 391, 393, 394, 395, 392, 393, 392, 392, 391, 392, 393, 392,
    391, 394, 391, 392, 393, 392, 395 ]
LHandPositionsY: [ 253, 255, 257, 255, 255, 257, 257, 255, 254, 256, 255,
    255, 254, 256, 255, 254, 254, 253, 253, 257, 254, 256, 254, 253, 256,
    257, 255, 256, 256, 257, 254, 253, 254, 257, 256, 253, 255, 253, 254,
    253, 255, 257, 256, 256, 256, 255, 256, 253, 256, 255, 253, 253, 253,
    257, 253, 254, 255, 253, 257, 255, 256, 253, 253, 254, 257, 256, 255,
    256, 254, 255, 256, 255, 255, 254, 255, 255, 253, 257, 257, 256, 255,
    254, 256, 256, 257, 255, 256, 256 ]
RHandPositionsX: [ 167, 168, 170, 167, 167, 170, 170, 169, 168, 170, 170,
    167, 170, 167, 170, 170, 170, 171, 168, 167, 168, 169, 171, 171, 173,
    171, 171, 175, 176, 168, 163, 159, 156, 154, 155, 159, 170, 178, 194,
    193, 190, 185, 180, 176, 175, 176, 177, 186, 196, 196, 192, 188, 181,
    180, 178, 180, 176, 185, 187, 191, 190, 193, 193, 184, 182, 177, 179,
    182, 186, 191, 193, 198, 199, 197, 195, 187, 187, 191, 189, 180, 177,
    178, 176, 174, 173, 174, 173, 174 ]
RHandPositionsY: [ 277, 280, 280, 278, 279, 280, 277, 279, 279, 276, 277,
    280, 276, 280, 280, 278, 277, 280, 276, 278, 278, 276, 279, 276, 276,
    274, 267, 244, 229, 208, 189, 170, 152, 132, 129, 115, 107, 110, 112,
    110, 105, 105, 102, 97, 97, 96, 98, 96, 101, 101, 100, 95, 97, 94,
    91, 91, 94, 98, 99, 103, 102, 100, 98, 99, 97, 94, 95, 96, 102, 106,
    113, 121, 132, 148, 161, 179, 189, 204, 203, 211, 221, 225, 234, 243,
    240, 241, 244, 248 ]
