%YAML:1.0
---
videoName: "RHShake08.mp4"
gestureLabel: 2
fps: 29
pixelSizeInCmTemp: 3.2808219178082193e-01
faceCenterPointX: 290
faceCenterPointY: 45
LHandPositionsX: [ 314, 317, 313, 316, 317, 317, 314, 312, 315, 311, 308,
    310, 312, 309, 308, 310, 311, 308, 310, 306, 310, 306, 310, 308, 310,
    306, 310, 306, 309, 310, 310, 307, 307, 309, 307, 308, 310, 307, 308,
    306, 308, 309, 310, 308, 305, 308, 308, 306, 307, 308, 307, 308, 305,
    306, 307, 307, 307, 309, 307, 309, 305, 308, 306, 308, 309, 309, 305,
    305, 306, 307, 308, 308, 308, 308, 306, 307, 309, 307, 309, 307, 307,
    307, 309, 306, 310, 308, 306, 310 ]
LHandPositionsY: [ 282, 280, 281, 280, 283, 279, 283, 284, 281, 282, 284,
    282, 282, 282, 281, 284, 283, 284, 281, 281, 285, 284, 281, 282, 282,
    281, 284, 282, 285, 285, 285, 281, 281, 282, 285, 282, 282, 281, 284,
    283, 285, 281, 285, 280, 280, 282, 283, 284, 280, 283, 283, 284, 283,
    284, 280, 283, 284, 284, 283, 282, 284, 283, 283, 281, 283, 282, 282,
    283, 282, 282, 280, 280, 280, 280, 281, 284, 283, 284, 281, 280, 281,
    281, 284, 281, 282, 283, 281, 280 ]
RHandPositionsX: [ 268, 267, 271, 269, 272, 272, 274, 277, 268, 261, 259,
    256, 250, 237, 220, 200, 186, 163, 156, 158, 166, 175, 200, 198, 206,
    201, 194, 189, 185, 181, 191, 192, 202, 201, 195, 195, 185, 183, 180,
    176, 190, 190, 187, 183, 182, 178, 175, 173, 177, 182, 184, 189, 193,
    190, 195, 188, 187, 204, 206, 217, 212, 207, 202, 199, 197, 195, 204,
    205, 217, 214, 211, 215, 223, 227, 240, 247, 252, 262, 260, 262, 268,
    269, 268, 269, 273, 276, 273, 270 ]
RHandPositionsY: [ 268, 267, 270, 269, 268, 268, 267, 269, 267, 265, 256,
    244, 232, 220, 201, 182, 172, 151, 133, 126, 113, 109, 104, 104, 109,
    105, 99, 95, 93, 92, 88, 95, 97, 97, 96, 89, 88, 89, 89, 90, 90, 95,
    93, 93, 91, 89, 87, 84, 87, 96, 93, 96, 101, 98, 91, 90, 90, 93, 97,
    96, 102, 100, 97, 95, 96, 92, 96, 100, 105, 106, 110, 125, 131, 145,
    159, 176, 194, 215, 228, 246, 258, 260, 259, 258, 264, 264, 264, 263 ]
