%YAML:1.0
---
videoName: "RHShake10.mp4"
gestureLabel: 2
fps: 29
pixelSizeInCmTemp: 3.1933333333333330e-01
faceCenterPointX: 295
faceCenterPointY: 45
LHandPositionsX: [ 341, 340, 340, 340, 340, 338, 337, 333, 332, 331, 332,
    330, 331, 330, 327, 324, 326, 329, 326, 328, 329, 327, 328, 330, 326,
    328, 326, 326, 328, 330, 326, 330, 326, 328, 330, 330, 327, 330, 328,
    329, 326, 330, 330, 330, 329, 327, 326, 326, 326, 328, 329, 330, 328,
    329, 328, 326, 327, 327, 329, 328, 326, 329, 328, 329, 328, 327, 328,
    326, 329, 328, 326, 328, 326, 328, 331, 330, 328, 329, 328, 331, 331,
    329, 329, 328, 329, 330, 330, 330 ]
LHandPositionsY: [ 264, 266, 269, 267, 264, 268, 267, 267, 270, 268, 269,
    273, 270, 274, 270, 272, 270, 272, 270, 273, 272, 271, 272, 271, 270,
    274, 274, 270, 271, 270, 270, 269, 271, 269, 273, 269, 270, 272, 268,
    272, 269, 268, 268, 272, 268, 270, 272, 272, 270, 270, 272, 268, 271,
    269, 270, 272, 271, 270, 270, 270, 269, 268, 272, 272, 271, 270, 269,
    270, 269, 272, 272, 269, 268, 270, 268, 267, 268, 270, 270, 270, 268,
    271, 269, 269, 268, 270, 271, 273 ]
RHandPositionsX: [ 259, 259, 262, 263, 263, 259, 261, 260, 259, 260, 261,
    257, 258, 259, 259, 262, 261, 256, 259, 250, 241, 223, 203, 184, 165,
    154, 135, 136, 135, 138, 144, 152, 152, 161, 166, 161, 157, 160, 160,
    158, 161, 174, 181, 179, 176, 179, 171, 170, 171, 171, 176, 189, 189,
    197, 193, 183, 179, 179, 174, 178, 179, 191, 191, 194, 190, 181, 179,
    175, 177, 181, 179, 189, 199, 204, 215, 218, 226, 231, 236, 242, 252,
    253, 250, 260, 264, 262, 262, 262 ]
RHandPositionsY: [ 265, 267, 263, 263, 264, 263, 265, 263, 265, 265, 267,
    268, 268, 265, 266, 269, 265, 264, 267, 255, 242, 229, 211, 193, 173,
    153, 128, 116, 113, 97, 86, 86, 90, 91, 85, 82, 79, 77, 78, 78, 77,
    83, 85, 84, 81, 79, 78, 75, 78, 81, 86, 89, 88, 95, 88, 82, 81, 83,
    83, 82, 89, 93, 94, 93, 89, 87, 81, 81, 80, 84, 93, 105, 124, 146,
    160, 179, 196, 212, 229, 244, 260, 257, 257, 265, 268, 264, 266, 266 ]
