%YAML:1.0
---
videoName: "RHShake12.mp4"
gestureLabel: 2
fps: 29
pixelSizeInCmTemp: 3.3732394366197183e-01
faceCenterPointX: 299
faceCenterPointY: 45
LHandPositionsX: [ 404, 407, 406, 408, 404, 405, 405, 405, 406, 408, 405,
    405, 404, 408, 408, 407, 406, 405, 405, 404, 406, 405, 408, 408, 406,
    407, 406, 408, 404, 407, 408, 404, 406, 405, 404, 406, 408, 407, 406,
    405, 404, 407, 406, 405, 404, 407, 405, 406, 405, 404, 407, 404, 407,
    408, 405, 406, 407, 404, 406, 408, 408, 404, 404, 406, 404, 406, 407,
    404, 405, 408, 406, 406, 404, 408, 407, 407, 407, 404, 407, 407, 406,
    407, 407, 405, 406, 404, 406, 404 ]
LHandPositionsY: [ 242, 241, 242, 243, 242, 243, 243, 239, 240, 243, 243,
    239, 242, 242, 242, 243, 242, 239, 239, 241, 241, 242, 240, 243, 239,
    241, 243, 243, 241, 242, 243, 241, 239, 239, 240, 241, 243, 242, 242,
    240, 243, 242, 240, 240, 240, 242, 239, 241, 240, 240, 240, 239, 243,
    242, 240, 242, 242, 240, 241, 239, 240, 239, 241, 242, 242, 240, 243,
    239, 239, 239, 239, 243, 240, 243, 241, 242, 239, 240, 242, 242, 243,
    241, 243, 240, 239, 241, 241, 239 ]
RHandPositionsX: [ 169, 165, 161, 160, 162, 170, 180, 191, 190, 197, 193,
    182, 176, 173, 172, 166, 170, 178, 186, 187, 188, 184, 182, 175, 169,
    167, 167, 173, 186, 191, 192, 191, 184, 180, 177, 175, 172, 174, 181,
    189, 197, 192, 183, 180, 176, 175, 172, 172, 178, 189, 193, 193, 198,
    189, 185, 181, 178, 176, 171, 175, 182, 192, 199, 201, 203, 199, 196,
    191, 189, 186, 185, 187, 188, 195, 197, 200, 201, 199, 204, 202, 199,
    197, 197, 199, 200, 197, 201, 201 ]
RHandPositionsY: [ 137, 125, 120, 111, 105, 92, 97, 103, 108, 109, 99,
    93, 89, 88, 91, 87, 84, 88, 103, 105, 105, 98, 90, 86, 86, 82, 85,
    92, 101, 114, 113, 106, 102, 95, 92, 93, 87, 85, 96, 113, 116, 114,
    101, 98, 93, 94, 89, 86, 93, 111, 110, 114, 111, 104, 93, 92, 91, 90,
    85, 87, 95, 109, 121, 118, 122, 120, 113, 108, 114, 115, 117, 127,
    137, 148, 158, 161, 167, 173, 186, 194, 201, 207, 214, 222, 221, 225,
    228, 231 ]
