%YAML:1.0
---
videoName: "RHShake05.mp4"
gestureLabel: 2
fps: 30
pixelSizeInCmTemp: 3.1103896103896100e-01
faceCenterPointX: 295
faceCenterPointY: 47
LHandPositionsX: [ 411, 412, 412, 412, 409, 411, 408, 412, 411, 408, 411,
    412, 410, 408, 410, 409, 408, 408, 411, 409, 412, 408, 408, 411, 408,
    412, 411, 410, 410, 409, 408, 410, 411, 412, 409, 411, 409, 409, 409,
    408, 411, 412, 408, 411, 409, 408, 410, 408, 411, 412, 409, 412, 412,
    408, 412, 409, 411, 412, 409, 410, 412, 411, 410, 412, 410, 410, 409,
    410, 411, 410, 412, 408, 410, 408, 408, 410, 411, 412, 408, 410, 410,
    412, 411, 411, 408, 408, 411, 411, 411, 412, 412 ]
LHandPositionsY: [ 257, 260, 259, 260, 258, 257, 260, 261, 258, 259, 260,
    259, 259, 258, 261, 261, 259, 260, 260, 259, 257, 257, 260, 260, 259,
    261, 258, 261, 259, 259, 259, 259, 257, 260, 258, 258, 257, 261, 261,
    260, 257, 258, 261, 260, 259, 261, 259, 257, 259, 259, 260, 259, 260,
    259, 259, 257, 258, 261, 261, 257, 261, 259, 258, 259, 261, 257, 260,
    259, 258, 258, 257, 258, 261, 257, 261, 257, 257, 257, 257, 261, 261,
    261, 259, 261, 257, 260, 260, 257, 259, 258, 260 ]
RHandPositionsX: [ 173, 173, 174, 174, 173, 175, 173, 174, 175, 173, 176,
    173, 172, 176, 173, 172, 173, 174, 170, 174, 172, 170, 170, 178, 174,
    179, 180, 178, 171, 163, 151, 158, 156, 159, 166, 173, 187, 199, 189,
    180, 176, 174, 168, 171, 175, 178, 188, 182, 175, 174, 170, 166, 168,
    173, 177, 191, 186, 178, 171, 172, 168, 170, 175, 188, 190, 190, 186,
    183, 181, 182, 179, 179, 191, 191, 193, 190, 182, 175, 173, 174, 175,
    176, 184, 187, 192, 189, 184, 180, 176, 176, 179 ]
RHandPositionsY: [ 262, 262, 262, 260, 261, 261, 261, 258, 261, 259, 262,
    262, 262, 258, 259, 260, 261, 259, 258, 260, 262, 261, 262, 260, 260,
    253, 230, 207, 183, 157, 130, 130, 108, 94, 86, 89, 96, 91, 89, 86,
    80, 81, 80, 79, 83, 88, 80, 79, 77, 76, 74, 77, 81, 87, 86, 92, 86,
    87, 85, 81, 80, 82, 90, 90, 93, 90, 89, 88, 84, 84, 84, 85, 87, 90,
    91, 90, 87, 87, 87, 91, 113, 134, 159, 179, 203, 221, 226, 234, 242,
    250, 248 ]
