%YAML:1.0
---
videoName: "RHShake12.mp4"
gestureLabel: 2
fps: 29
pixelSizeInCmTemp: 3.3732394366197183e-01
faceCenterPointX: 299
faceCenterPointY: 45
LHandPositionsX: [ 408, 406, 404, 404, 407, 405, 407, 404, 404, 408, 405,
    407, 408, 408, 406, 406, 407, 404, 405, 408, 405, 408, 407, 408, 406,
    405, 406, 404, 404, 405, 405, 404, 405, 406, 405, 404, 405, 407, 407,
    408, 408, 406, 408, 408, 405, 405, 407, 406, 406, 408, 408, 407, 408,
    404, 404, 406, 404, 404, 407, 407, 406, 404, 407, 404, 405, 408, 408,
    404, 407, 406, 405, 407, 404, 408, 405, 408, 404, 406, 404, 406, 404,
    406, 405, 408, 407, 406, 405, 407 ]
LHandPositionsY: [ 242, 242, 242, 239, 240, 243, 240, 243, 241, 239, 241,
    240, 240, 242, 242, 243, 239, 240, 243, 243, 239, 243, 243, 241, 243,
    240, 243, 242, 240, 243, 240, 242, 242, 241, 241, 242, 239, 240, 241,
    240, 239, 241, 240, 242, 241, 241, 241, 242, 243, 239, 243, 243, 239,
    242, 240, 243, 242, 241, 239, 241, 241, 240, 241, 240, 239, 239, 242,
    240, 242, 243, 241, 241, 241, 240, 240, 241, 239, 243, 241, 242, 242,
    240, 242, 240, 242, 240, 239, 242 ]
RHandPositionsX: [ 168, 165, 161, 163, 162, 173, 179, 193, 191, 194, 194,
    184, 177, 173, 173, 169, 173, 176, 187, 189, 189, 181, 179, 173, 168,
    168, 168, 177, 186, 191, 193, 191, 184, 179, 176, 178, 174, 174, 181,
    193, 195, 192, 183, 180, 174, 178, 170, 171, 179, 191, 192, 193, 198,
    191, 183, 179, 176, 178, 174, 175, 179, 191, 199, 201, 205, 202, 194,
    190, 190, 184, 183, 185, 191, 193, 198, 196, 199, 201, 200, 200, 200,
    197, 200, 199, 200, 198, 200, 200 ]
RHandPositionsY: [ 138, 129, 117, 113, 106, 91, 94, 103, 105, 112, 99,
    95, 93, 91, 91, 83, 83, 87, 103, 105, 106, 97, 90, 86, 85, 83, 85,
    92, 100, 111, 109, 105, 100, 96, 95, 96, 88, 85, 98, 110, 116, 115,
    105, 99, 94, 97, 92, 86, 96, 110, 110, 113, 112, 102, 91, 90, 92, 88,
    87, 87, 94, 109, 121, 121, 121, 120, 113, 110, 113, 111, 118, 127,
    137, 149, 159, 162, 168, 176, 185, 196, 200, 209, 215, 220, 222, 225,
    228, 229 ]
