%YAML:1.0
---
videoName: "RHShake15.mp4"
gestureLabel: 2
fps: 29
pixelSizeInCmTemp: 3.2808219178082193e-01
faceCenterPointX: 279
faceCenterPointY: 41
LHandPositionsX: [ 372, 372, 368, 368, 369, 369, 372, 369, 371, 368, 371,
    368, 372, 368, 368, 368, 370, 368, 372, 368, 370, 372, 372, 368, 369,
    369, 370, 370, 370, 369, 369, 371, 368, 370, 370, 371, 368, 369, 371,
    370, 369, 371, 369, 368, 372, 369, 371, 369, 371, 371, 369, 369, 370,
    371, 370, 368, 371, 372, 372, 368, 368, 370, 371, 369, 368, 369, 370,
    368, 371, 372, 372, 368, 368, 372, 369, 370, 369, 368, 369, 368, 369,
    372, 372, 368, 370, 371, 369, 370 ]
LHandPositionsY: [ 232, 236, 236, 233, 236, 234, 232, 233, 233, 232, 233,
    234, 234, 235, 232, 232, 233, 235, 232, 233, 233, 235, 232, 232, 232,
    234, 235, 233, 232, 234, 236, 236, 234, 232, 236, 233, 235, 235, 235,
    236, 236, 234, 235, 232, 231, 235, 234, 234, 234, 231, 233, 233, 232,
    233, 233, 234, 235, 231, 235, 232, 232, 231, 232, 231, 234, 232, 234,
    232, 235, 235, 231, 231, 233, 234, 235, 234, 231, 234, 232, 234, 231,
    231, 233, 231, 235, 233, 234, 233 ]
RHandPositionsX: [ 138, 123, 111, 112, 109, 109, 110, 103, 108, 111, 113,
    114, 116, 111, 107, 110, 113, 108, 107, 106, 116, 117, 116, 113, 112,
    108, 108, 108, 107, 106, 116, 119, 116, 113, 114, 112, 107, 113, 113,
    113, 112, 113, 117, 116, 123, 123, 122, 126, 120, 122, 117, 121, 124,
    128, 123, 126, 128, 128, 121, 120, 119, 126, 128, 136, 141, 141, 140,
    136, 141, 143, 144, 146, 153, 155, 159, 156, 157, 156, 159, 159, 158,
    158, 157, 160, 159, 157, 157, 159 ]
RHandPositionsY: [ 191, 171, 153, 147, 146, 138, 131, 126, 119, 113, 109,
    108, 101, 99, 97, 94, 95, 93, 94, 94, 95, 92, 95, 94, 94, 95, 95, 93,
    92, 94, 96, 103, 105, 102, 104, 103, 101, 101, 102, 105, 103, 104,
    109, 111, 109, 107, 104, 107, 105, 105, 105, 108, 109, 112, 115, 116,
    110, 113, 110, 109, 110, 120, 128, 136, 149, 163, 172, 181, 192, 203,
    210, 218, 228, 234, 238, 241, 245, 244, 247, 249, 248, 246, 249, 249,
    249, 248, 249, 249 ]
