%YAML:1.0
---
videoName: "RHShake23.mp4"
gestureLabel: 2
fps: 29
pixelSizeInCmTemp: 3.3263888888888887e-01
faceCenterPointX: 298
faceCenterPointY: 49
LHandPositionsX: [ 387, 391, 388, 388, 387, 388, 388, 387, 391, 387, 387,
    391, 391, 388, 387, 391, 390, 388, 387, 389, 389, 388, 391, 390, 387,
    390, 391, 389, 388, 389, 388, 388, 391, 391, 388, 391, 388, 389, 389,
    389, 389, 391, 387, 388, 391, 387, 387, 387, 388, 391, 387, 387, 389,
    390, 391, 387, 391, 389, 390, 389, 389, 387, 389, 387, 390, 387, 387,
    388, 388, 388, 388, 391, 389, 391, 389, 387, 389, 388, 388, 391, 391,
    391, 390, 388, 388, 388, 387, 388 ]
LHandPositionsY: [ 224, 226, 225, 227, 227, 226, 227, 227, 225, 225, 224,
    226, 228, 228, 225, 226, 226, 224, 227, 227, 224, 224, 228, 224, 226,
    226, 228, 224, 224, 224, 225, 225, 224, 227, 226, 228, 228, 224, 225,
    227, 225, 226, 224, 224, 227, 226, 228, 225, 225, 225, 228, 226, 224,
    225, 228, 227, 225, 226, 227, 224, 225, 224, 224, 226, 228, 228, 225,
    225, 228, 225, 227, 225, 226, 226, 224, 226, 224, 227, 224, 228, 226,
    227, 227, 226, 228, 226, 228, 225 ]
RHandPositionsX: [ 168, 169, 174, 187, 188, 187, 193, 190, 179, 180, 172,
    176, 174, 178, 190, 199, 199, 197, 196, 193, 183, 182, 178, 175, 173,
    170, 172, 177, 191, 199, 198, 202, 198, 196, 191, 184, 182, 179, 177,
    182, 188, 200, 203, 203, 207, 201, 199, 192, 185, 178, 174, 179, 182,
    187, 191, 201, 204, 207, 208, 209, 212, 210, 211, 212, 211, 208, 206,
    207, 206, 205, 205, 206, 203, 201, 200, 200, 201, 199, 200, 203, 199,
    201, 202, 199, 199, 200, 199, 201 ]
RHandPositionsY: [ 96, 96, 100, 110, 118, 115, 120, 111, 101, 103, 100,
    100, 97, 103, 111, 121, 124, 125, 126, 109, 103, 100, 102, 102, 100,
    94, 96, 98, 114, 123, 121, 123, 125, 108, 108, 107, 106, 100, 98,
    102, 116, 121, 122, 123, 126, 127, 125, 107, 108, 105, 103, 103, 101,
    119, 129, 133, 141, 151, 151, 153, 161, 165, 171, 180, 190, 202, 206,
    213, 216, 213, 215, 220, 219, 225, 225, 226, 224, 225, 228, 227, 228,
    224, 226, 227, 227, 227, 227, 224 ]
