%YAML:1.0
---
videoName: "RHShake04.mp4"
gestureLabel: 2
fps: 29
pixelSizeInCmTemp: 3.1513157894736843e-01
faceCenterPointX: 292
faceCenterPointY: 47
LHandPositionsX: [ 413, 410, 411, 413, 409, 412, 410, 410, 410, 413, 410,
    411, 411, 408, 411, 411, 412, 411, 410, 410, 411, 409, 410, 410, 410,
    410, 406, 405, 405, 409, 409, 409, 406, 406, 406, 408, 405, 405, 406,
    409, 409, 407, 409, 408, 406, 406, 406, 406, 405, 409, 408, 407, 407,
    409, 405, 408, 407, 408, 407, 406, 406, 405, 406, 404, 404, 404, 406,
    402, 402, 403, 406, 404, 404, 404, 404, 402, 404, 404, 402, 403, 402,
    401, 403, 404, 403, 404, 405, 402 ]
LHandPositionsY: [ 264, 266, 265, 264, 263, 263, 264, 263, 264, 266, 266,
    265, 265, 265, 263, 263, 264, 263, 262, 261, 262, 260, 261, 263, 262,
    261, 260, 260, 262, 261, 262, 261, 261, 264, 261, 262, 263, 262, 264,
    263, 262, 260, 262, 263, 264, 260, 260, 263, 263, 260, 263, 263, 262,
    261, 264, 263, 264, 260, 261, 263, 264, 260, 260, 259, 262, 260, 263,
    258, 258, 260, 258, 259, 262, 262, 260, 259, 262, 260, 258, 261, 258,
    259, 258, 257, 257, 260, 258, 259 ]
RHandPositionsX: [ 178, 182, 179, 183, 182, 183, 178, 178, 179, 180, 179,
    179, 179, 180, 176, 180, 178, 176, 175, 177, 175, 175, 177, 184, 181,
    177, 170, 165, 165, 165, 165, 165, 180, 190, 194, 190, 189, 181, 173,
    170, 168, 166, 171, 177, 176, 179, 179, 174, 167, 165, 166, 172, 178,
    176, 178, 177, 176, 173, 171, 172, 170, 177, 180, 183, 194, 189, 182,
    176, 172, 171, 170, 170, 173, 176, 187, 190, 194, 191, 191, 186, 188,
    188, 184, 180, 177, 175, 175, 173 ]
RHandPositionsY: [ 264, 265, 267, 266, 264, 266, 265, 264, 265, 268, 267,
    266, 268, 270, 269, 267, 271, 267, 269, 268, 268, 272, 268, 247, 223,
    195, 173, 146, 125, 121, 121, 102, 97, 101, 102, 99, 98, 94, 93, 92,
    88, 92, 95, 96, 99, 98, 94, 94, 96, 91, 91, 97, 97, 96, 97, 96, 97,
    95, 94, 92, 92, 97, 95, 95, 97, 96, 96, 94, 92, 92, 93, 96, 99, 105,
    122, 130, 140, 151, 162, 178, 197, 209, 222, 228, 236, 247, 250, 250 ]
