%YAML:1.0
---
videoName: "RHShake09.mp4"
gestureLabel: 2
fps: 29
pixelSizeInCmTemp: 3.1103896103896100e-01
faceCenterPointX: 296
faceCenterPointY: 48
LHandPositionsX: [ 327, 325, 322, 324, 323, 325, 323, 324, 319, 318, 317,
    318, 315, 312, 310, 310, 311, 312, 311, 310, 309, 307, 307, 309, 305,
    307, 307, 305, 306, 309, 306, 309, 309, 311, 311, 311, 307, 307, 307,
    307, 310, 309, 309, 311, 312, 312, 311, 314, 314, 313, 313, 315, 314,
    315, 313, 314, 313, 316, 313, 313, 315, 313, 315, 317, 317, 317, 318,
    314, 317, 318, 317, 316, 318, 316, 316, 313, 317, 317, 314, 315, 313,
    313, 317, 315, 313, 314, 314, 314 ]
LHandPositionsY: [ 267, 265, 267, 268, 270, 271, 271, 269, 270, 272, 272,
    274, 272, 276, 274, 274, 273, 276, 273, 273, 272, 274, 275, 276, 276,
    276, 274, 272, 276, 275, 277, 274, 274, 276, 274, 274, 277, 274, 276,
    274, 277, 273, 275, 277, 277, 276, 275, 274, 273, 276, 274, 277, 277,
    273, 272, 275, 275, 276, 275, 274, 272, 275, 275, 275, 273, 272, 273,
    276, 274, 276, 273, 274, 276, 273, 274, 277, 276, 276, 273, 272, 272,
    272, 273, 273, 273, 274, 274, 275 ]
RHandPositionsX: [ 264, 266, 262, 263, 262, 265, 265, 262, 263, 261, 259,
    260, 261, 259, 261, 259, 256, 260, 256, 259, 256, 257, 258, 257, 257,
    256, 258, 255, 254, 256, 266, 263, 256, 242, 226, 206, 188, 179, 171,
    170, 174, 173, 181, 185, 187, 187, 181, 178, 178, 175, 186, 187, 187,
    202, 192, 186, 181, 177, 181, 187, 182, 186, 193, 191, 185, 180, 176,
    172, 175, 179, 184, 190, 186, 180, 181, 179, 183, 177, 183, 189, 193,
    193, 198, 203, 206, 215, 227, 240 ]
RHandPositionsY: [ 262, 262, 266, 266, 266, 266, 265, 267, 266, 267, 265,
    265, 266, 269, 269, 266, 266, 266, 268, 265, 268, 266, 267, 268, 265,
    266, 267, 267, 268, 270, 266, 261, 245, 232, 214, 198, 176, 158, 139,
    136, 118, 108, 106, 109, 111, 105, 98, 88, 90, 88, 90, 95, 96, 97,
    94, 94, 87, 90, 88, 89, 93, 97, 98, 94, 92, 86, 88, 90, 92, 97, 99,
    99, 95, 95, 91, 90, 87, 91, 99, 105, 105, 110, 123, 132, 143, 155,
    169, 188 ]
