%YAML:1.0
---
videoName: "RHShake10.mp4"
gestureLabel: 2
fps: 29
pixelSizeInCmTemp: 3.1933333333333330e-01
faceCenterPointX: 295
faceCenterPointY: 45
LHandPositionsX: [ 339, 339, 341, 342, 341, 340, 339, 336, 335, 329, 331,
    333, 327, 329, 329, 326, 325, 329, 329, 326, 329, 327, 327, 330, 327,
    329, 329, 329, 327, 330, 330, 329, 329, 326, 328, 329, 328, 329, 330,
    327, 329, 327, 328, 330, 329, 330, 327, 330, 329, 326, 330, 329, 330,
    330, 327, 330, 327, 326, 326, 326, 330, 327, 330, 327, 329, 329, 326,
    327, 327, 328, 328, 329, 328, 330, 328, 331, 331, 331, 331, 329, 332,
    330, 329, 329, 327, 329, 331, 326 ]
LHandPositionsY: [ 262, 267, 266, 265, 267, 269, 267, 268, 271, 269, 269,
    270, 269, 270, 273, 274, 273, 270, 274, 271, 273, 273, 274, 273, 273,
    273, 271, 272, 272, 269, 272, 271, 270, 269, 269, 271, 272, 271, 271,
    271, 268, 272, 269, 270, 271, 268, 268, 270, 271, 269, 270, 271, 269,
    272, 272, 270, 269, 268, 268, 270, 268, 272, 268, 271, 269, 269, 268,
    269, 271, 270, 271, 268, 269, 269, 268, 271, 267, 269, 267, 269, 270,
    271, 268, 268, 269, 272, 271, 270 ]
RHandPositionsX: [ 259, 261, 261, 259, 259, 263, 262, 261, 260, 260, 262,
    261, 261, 260, 259, 261, 259, 253, 261, 252, 241, 223, 200, 184, 166,
    152, 137, 138, 137, 135, 142, 152, 156, 160, 165, 163, 158, 157, 159,
    159, 162, 172, 179, 180, 177, 176, 173, 171, 171, 168, 173, 185, 191,
    194, 193, 180, 177, 177, 176, 178, 179, 190, 193, 192, 188, 185, 178,
    177, 176, 178, 176, 192, 196, 206, 213, 217, 225, 232, 235, 246, 249,
    254, 249, 256, 262, 259, 259, 259 ]
RHandPositionsY: [ 267, 266, 266, 267, 263, 266, 265, 267, 264, 264, 264,
    267, 267, 266, 266, 269, 266, 268, 264, 257, 244, 226, 213, 193, 170,
    150, 131, 115, 115, 100, 87, 89, 88, 88, 85, 85, 83, 80, 79, 79, 78,
    82, 88, 82, 80, 78, 78, 78, 78, 81, 82, 87, 91, 95, 86, 84, 83, 83,
    83, 82, 89, 92, 94, 91, 90, 88, 83, 80, 80, 84, 95, 104, 124, 146,
    161, 180, 196, 213, 225, 243, 258, 257, 261, 262, 266, 264, 267, 269 ]
