%YAML:1.0
---
videoName: "RHShake11.mp4"
gestureLabel: 2
fps: 29
pixelSizeInCmTemp: 3.3263888888888887e-01
faceCenterPointX: 274
faceCenterPointY: 53
LHandPositionsX: [ 311, 311, 309, 308, 308, 307, 308, 309, 311, 307, 308,
    311, 311, 309, 310, 310, 307, 308, 308, 309, 310, 307, 311, 309, 307,
    311, 311, 309, 311, 308, 309, 309, 311, 309, 309, 309, 307, 311, 308,
    311, 309, 308, 311, 309, 310, 309, 310, 310, 311, 308, 311, 307, 307,
    310, 310, 311, 307, 311, 308, 310, 309, 309, 308, 311, 308, 307, 307,
    308, 311, 309, 310, 309, 309, 310, 307, 307, 308, 305, 306, 304, 307,
    303, 305, 306, 303, 307, 305, 305 ]
LHandPositionsY: [ 247, 245, 249, 247, 249, 245, 247, 245, 248, 249, 246,
    246, 248, 246, 247, 248, 249, 249, 247, 249, 248, 245, 245, 246, 245,
    248, 247, 246, 247, 245, 248, 248, 247, 246, 247, 249, 246, 249, 246,
    247, 248, 249, 249, 248, 248, 249, 248, 247, 249, 246, 249, 245, 248,
    246, 246, 247, 247, 248, 249, 249, 245, 246, 245, 247, 245, 247, 248,
    248, 248, 248, 244, 247, 247, 247, 244, 247, 247, 246, 245, 243, 247,
    244, 246, 247, 246, 246, 244, 244 ]
RHandPositionsX: [ 249, 251, 247, 247, 238, 225, 210, 192, 173, 157, 149,
    140, 145, 147, 153, 160, 159, 166, 169, 175, 171, 162, 159, 156, 151,
    155, 159, 164, 170, 167, 168, 167, 161, 159, 159, 158, 153, 154, 160,
    165, 168, 168, 174, 167, 163, 158, 160, 159, 157, 158, 164, 173, 172,
    176, 177, 175, 171, 170, 165, 163, 162, 155, 163, 164, 172, 180, 195,
    205, 221, 229, 240, 246, 254, 258, 262, 259, 262, 259, 261, 262, 259,
    261, 262, 261, 260, 259, 262, 258 ]
RHandPositionsY: [ 249, 245, 248, 240, 232, 221, 207, 192, 176, 163, 141,
    125, 124, 114, 102, 105, 105, 104, 105, 101, 102, 102, 98, 96, 97,
    96, 95, 101, 103, 100, 102, 96, 98, 98, 93, 97, 95, 98, 99, 106, 107,
    103, 103, 105, 103, 101, 97, 100, 97, 99, 102, 107, 108, 108, 106,
    104, 105, 100, 102, 100, 99, 103, 102, 105, 117, 129, 143, 156, 175,
    186, 200, 210, 223, 230, 235, 238, 238, 240, 240, 238, 241, 239, 239,
    239, 241, 238, 239, 239 ]
