%YAML:1.0
---
videoName: "RHShake12.mp4"
gestureLabel: 2
fps: 29
pixelSizeInCmTemp: 3.3732394366197183e-01
faceCenterPointX: 299
faceCenterPointY: 45
LHandPositionsX: [ 406, 407, 406, 407, 405, 408, 406, 406, 408, 405, 406,
    405, 406, 404, 405, 406, 405, 406, 406, 405, 405, 405, 405, 407, 404,
    406, 407, 406, 405, 405, 406, 404, 408, 407, 404, 404, 405, 404, 407,
    406, 407, 407, 407, 406, 408, 407, 408, 407, 407, 405, 407, 405, 406,
    406, 406, 408, 404, 407, 404, 407, 408, 408, 407, 404, 407, 405, 405,
    404, 404, 404, 408, 408, 404, 407, 406, 408, 405, 408, 407, 405, 408,
    408, 408, 408, 408, 405, 408, 407 ]
LHandPositionsY: [ 240, 243, 241, 241, 241, 239, 242, 240, 242, 243, 240,
    239, 243, 240, 241, 239, 240, 239, 242, 240, 241, 239, 239, 243, 240,
    240, 240, 241, 243, 239, 241, 242, 239, 239, 241, 239, 240, 242, 240,
    240, 243, 240, 242, 240, 242, 242, 241, 241, 240, 239, 239, 240, 243,
    243, 243, 243, 241, 241, 243, 241, 239, 240, 242, 242, 241, 241, 239,
    242, 242, 240, 243, 242, 243, 242, 241, 243, 241, 242, 241, 241, 239,
    239, 242, 240, 241, 241, 242, 242 ]
RHandPositionsX: [ 170, 166, 163, 160, 161, 174, 180, 190, 194, 195, 191,
    183, 177, 172, 174, 167, 172, 179, 187, 186, 188, 185, 182, 175, 168,
    167, 167, 174, 186, 191, 194, 193, 182, 180, 177, 178, 173, 176, 182,
    193, 198, 195, 187, 180, 173, 176, 173, 172, 179, 191, 190, 194, 197,
    190, 182, 178, 177, 174, 172, 174, 182, 193, 199, 200, 203, 202, 197,
    187, 190, 185, 186, 187, 191, 194, 200, 199, 199, 199, 202, 201, 200,
    198, 197, 197, 199, 199, 199, 198 ]
RHandPositionsY: [ 141, 129, 119, 112, 107, 92, 95, 106, 109, 109, 100,
    94, 92, 87, 91, 86, 84, 89, 99, 104, 105, 97, 89, 88, 86, 83, 81, 90,
    99, 110, 111, 107, 102, 95, 94, 93, 87, 87, 95, 114, 117, 114, 105,
    99, 95, 95, 89, 87, 92, 107, 113, 113, 115, 101, 90, 90, 90, 91, 85,
    86, 94, 107, 120, 121, 122, 121, 114, 106, 112, 112, 114, 124, 135,
    146, 159, 165, 169, 174, 184, 197, 204, 207, 217, 218, 222, 228, 231,
    230 ]
