%YAML:1.0
---
videoName: "RHShake06.mp4"
gestureLabel: 2
fps: 30
pixelSizeInCmTemp: 3.2808219178082193e-01
faceCenterPointX: 293
faceCenterPointY: 43
LHandPositionsX: [ 306, 307, 308, 309, 307, 310, 307, 308, 310, 310, 309,
    307, 306, 306, 306, 311, 313, 310, 313, 318, 321, 320, 320, 319, 322,
    322, 323, 320, 322, 323, 322, 322, 324, 325, 322, 323, 322, 324, 325,
    326, 323, 324, 325, 325, 324, 325, 324, 322, 326, 322, 324, 323, 326,
    324, 326, 323, 326, 325, 323, 322, 322, 326, 324, 324, 325, 323, 324,
    325, 325, 322, 322, 324, 326, 326, 326, 324, 323, 325, 324, 325, 322,
    322, 323, 320, 315, 314, 311, 313, 309, 313, 310 ]
LHandPositionsY: [ 266, 270, 270, 266, 266, 270, 268, 268, 268, 267, 267,
    268, 269, 269, 270, 269, 270, 267, 268, 264, 264, 263, 260, 261, 263,
    259, 260, 261, 258, 259, 258, 259, 262, 259, 260, 261, 260, 259, 262,
    262, 259, 262, 260, 258, 260, 258, 261, 259, 258, 258, 258, 258, 262,
    259, 259, 262, 259, 260, 261, 258, 262, 260, 259, 261, 259, 260, 262,
    260, 258, 262, 261, 262, 261, 258, 258, 258, 259, 262, 258, 261, 261,
    260, 260, 262, 263, 263, 266, 265, 262, 262, 265 ]
RHandPositionsX: [ 287, 289, 286, 286, 288, 288, 286, 284, 288, 285, 286,
    285, 286, 288, 285, 285, 287, 287, 277, 262, 242, 225, 202, 178, 162,
    147, 140, 135, 141, 141, 144, 145, 162, 166, 163, 161, 160, 160, 157,
    155, 162, 169, 181, 191, 190, 183, 180, 175, 170, 173, 167, 166, 176,
    183, 181, 184, 182, 188, 177, 173, 168, 167, 165, 178, 178, 180, 173,
    170, 166, 163, 165, 165, 174, 182, 194, 190, 211, 224, 232, 241, 249,
    254, 253, 247, 246, 255, 256, 254, 252, 251, 254 ]
RHandPositionsY: [ 269, 267, 266, 270, 270, 268, 266, 269, 268, 268, 266,
    270, 266, 268, 269, 269, 269, 268, 263, 258, 247, 232, 216, 199, 180,
    158, 136, 123, 111, 104, 112, 117, 130, 117, 111, 102, 99, 90, 91,
    92, 90, 96, 99, 97, 98, 95, 96, 93, 89, 91, 88, 90, 92, 102, 99, 100,
    95, 101, 96, 93, 91, 88, 92, 102, 103, 101, 105, 99, 102, 104, 114,
    129, 147, 162, 176, 180, 192, 204, 215, 225, 231, 238, 238, 236, 240,
    244, 243, 240, 244, 245, 246 ]
