%YAML:1.0
---
videoName: "RHShake22.mp4"
gestureLabel: 2
fps: 29
pixelSizeInCmTemp: 3.3263888888888887e-01
faceCenterPointX: 290
faceCenterPointY: 48
LHandPositionsX: [ 393, 393, 396, 396, 392, 394, 396, 396, 394, 395, 393,
    393, 392, 392, 396, 396, 393, 396, 392, 395, 394, 394, 394, 394, 393,
    392, 395, 396, 393, 393, 393, 394, 394, 395, 394, 394, 393, 396, 395,
    393, 396, 394, 394, 393, 395, 393, 396, 392, 393, 396, 392, 395, 394,
    396, 396, 393, 393, 395, 393, 392, 394, 394, 396, 393, 396, 393, 394,
    392, 396, 394, 392, 392, 392, 396, 393, 394, 395, 394, 396, 396, 393,
    394, 392, 393, 394, 395, 393, 395 ]
LHandPositionsY: [ 232, 233, 232, 233, 231, 233, 233, 231, 234, 234, 231,
    233, 233, 231, 231, 233, 230, 233, 231, 232, 232, 234, 234, 231, 234,
    233, 233, 231, 234, 232, 233, 232, 232, 231, 230, 232, 231, 231, 230,
    231, 233, 233, 233, 231, 234, 233, 232, 230, 232, 234, 234, 232, 232,
    233, 233, 233, 233, 233, 230, 234, 232, 233, 233, 232, 233, 231, 231,
    232, 230, 233, 233, 232, 232, 230, 233, 232, 231, 233, 232, 234, 232,
    231, 230, 231, 231, 232, 232, 233 ]
RHandPositionsX: [ 151, 135, 130, 132, 131, 136, 146, 159, 167, 166, 165,
    164, 162, 158, 153, 147, 145, 145, 145, 156, 163, 171, 172, 169, 167,
    166, 163, 158, 156, 151, 155, 157, 165, 174, 172, 173, 174, 168, 164,
    160, 158, 156, 158, 169, 174, 173, 174, 172, 170, 168, 161, 159, 154,
    154, 159, 164, 172, 178, 178, 177, 178, 171, 167, 162, 157, 156, 154,
    156, 167, 176, 175, 178, 178, 179, 180, 181, 180, 183, 182, 183, 188,
    192, 189, 188, 188, 190, 187, 188 ]
RHandPositionsY: [ 139, 114, 102, 99, 95, 89, 83, 83, 92, 92, 90, 92, 84,
    79, 78, 78, 79, 77, 77, 84, 90, 95, 97, 96, 92, 90, 88, 82, 85, 83,
    79, 91, 95, 99, 102, 100, 96, 91, 87, 89, 86, 83, 83, 90, 94, 100,
    104, 102, 93, 89, 88, 90, 87, 88, 83, 82, 88, 100, 103, 103, 97, 97,
    90, 90, 91, 92, 92, 89, 91, 102, 110, 112, 114, 118, 119, 125, 136,
    149, 158, 172, 181, 191, 199, 206, 214, 221, 227, 227 ]
