%YAML:1.0
---
videoName: "RHShake01.mp4"
gestureLabel: 2
fps: 29
pixelSizeInCmTemp: 3.1513157894736843e-01
faceCenterPointX: 292
faceCenterPointY: 51
LHandPositionsX: [ 396, 396, 396, 393, 392, 393, 395, 394, 394, 395, 394,
    395, 393, 392, 395, 393, 394, 395, 393, 391, 394, 392, 392, 392, 393,
    392, 391, 391, 392, 395, 395, 395, 391, 391, 392, 394, 392, 395, 391,
    392, 393, 395, 391, 392, 392, 394, 392, 391, 392, 395, 394, 394, 394,
    391, 391, 395, 393, 395, 391, 393, 393, 393, 394, 392, 395, 395, 391,
    393, 394, 391, 394, 392, 391, 393, 391, 394, 392, 393, 394, 392, 393,
    393, 393, 394, 395, 394, 395, 393 ]
LHandPositionsY: [ 254, 256, 253, 256, 257, 255, 256, 254, 254, 253, 256,
    255, 256, 253, 254, 257, 254, 256, 257, 257, 253, 257, 257, 254, 254,
    253, 255, 255, 256, 254, 255, 256, 254, 257, 254, 254, 253, 254, 254,
    253, 254, 257, 254, 257, 256, 256, 253, 255, 254, 254, 255, 255, 257,
    257, 255, 253, 257, 257, 256, 255, 254, 255, 253, 257, 254, 257, 255,
    255, 257, 254, 253, 255, 254, 253, 255, 255, 254, 255, 253, 254, 254,
    256, 254, 254, 254, 257, 255, 253 ]
RHandPositionsX: [ 171, 169, 169, 168, 167, 169, 171, 168, 169, 171, 167,
    168, 168, 169, 168, 169, 167, 167, 170, 167, 168, 171, 170, 169, 172,
    169, 173, 177, 174, 168, 166, 159, 156, 152, 158, 163, 171, 181, 193,
    194, 193, 189, 184, 174, 176, 176, 176, 185, 196, 195, 191, 188, 183,
    177, 180, 178, 180, 182, 185, 193, 192, 196, 197, 187, 179, 179, 175,
    180, 187, 194, 196, 197, 196, 195, 192, 191, 186, 190, 186, 182, 178,
    178, 173, 173, 171, 175, 176, 175 ]
RHandPositionsY: [ 279, 278, 278, 278, 276, 280, 280, 276, 276, 280, 278,
    277, 279, 278, 278, 276, 279, 280, 278, 277, 278, 279, 278, 278, 279,
    273, 265, 248, 226, 206, 188, 167, 149, 133, 129, 118, 107, 106, 110,
    109, 105, 102, 99, 99, 101, 96, 96, 99, 102, 100, 98, 95, 93, 95, 91,
    93, 94, 98, 98, 103, 101, 101, 99, 97, 99, 95, 95, 96, 102, 107, 113,
    124, 133, 146, 158, 179, 192, 205, 204, 212, 218, 229, 234, 241, 244,
    243, 243, 247 ]
