%YAML:1.0
---
videoName: "RHShake00.mp4"
gestureLabel: 2
fps: 29
pixelSizeInCmTemp: 3.4710144927536229e-01
faceCenterPointX: 283
faceCenterPointY: 97
LHandPositionsX: [ 343, 344, 344, 342, 344, 343, 343, 342, 342, 342, 342,
    342, 344, 346, 343, 344, 345, 344, 342, 345, 342, 342, 342, 342, 344,
    346, 342, 342, 345, 342, 343, 343, 346, 343, 342, 344, 346, 346, 344,
    344, 343, 344, 343, 344, 342, 344, 345, 342, 344, 345, 344, 342, 346,
    346, 346, 345, 345, 344, 346, 344, 343, 346, 342, 344, 342, 343, 342,
    342, 345, 345, 343, 346, 345, 342, 346, 345, 343, 342, 345, 342, 344,
    344, 344, 344, 345, 346, 346, 346 ]
LHandPositionsY: [ 273, 272, 274, 276, 272, 273, 276, 276, 276, 273, 275,
    276, 274, 275, 275, 274, 276, 273, 275, 272, 274, 272, 274, 275, 276,
    276, 276, 273, 275, 272, 275, 276, 273, 275, 274, 273, 275, 275, 272,
    276, 273, 274, 273, 272, 276, 275, 276, 272, 274, 274, 274, 273, 275,
    274, 273, 276, 275, 276, 274, 276, 276, 275, 276, 275, 272, 276, 273,
    275, 275, 272, 274, 275, 273, 274, 276, 273, 276, 276, 276, 274, 275,
    276, 272, 273, 276, 274, 276, 273 ]
RHandPositionsX: [ 178, 174, 166, 156, 148, 146, 145, 143, 141, 143, 145,
    146, 153, 165, 167, 167, 168, 168, 162, 160, 153, 152, 150, 147, 153,
    163, 166, 168, 167, 165, 159, 148, 152, 149, 149, 156, 164, 160, 164,
    163, 162, 155, 150, 141, 137, 144, 150, 154, 153, 157, 158, 160, 156,
    151, 146, 146, 143, 148, 154, 160, 159, 164, 169, 160, 155, 151, 148,
    144, 142, 148, 152, 153, 156, 161, 163, 167, 168, 176, 178, 181, 184,
    186, 190, 190, 192, 196, 195, 196 ]
RHandPositionsY: [ 259, 252, 244, 218, 200, 187, 177, 166, 158, 151, 140,
    134, 133, 134, 136, 139, 132, 133, 128, 126, 123, 122, 122, 120, 129,
    131, 134, 133, 138, 129, 127, 126, 126, 126, 134, 137, 138, 138, 139,
    139, 141, 135, 134, 133, 131, 132, 135, 138, 136, 137, 140, 138, 132,
    129, 128, 132, 133, 131, 137, 147, 146, 144, 148, 146, 140, 140, 138,
    139, 141, 150, 154, 164, 168, 175, 182, 188, 200, 204, 212, 220, 230,
    236, 244, 248, 251, 257, 263, 262 ]
