%YAML:1.0
---
videoName: "RHShake09.mp4"
gestureLabel: 2
fps: 29
pixelSizeInCmTemp: 3.1103896103896100e-01
faceCenterPointX: 296
faceCenterPointY: 48
LHandPositionsX: [ 325, 323, 322, 322, 322, 323, 321, 324, 321, 315, 317,
    317, 312, 313, 314, 313, 313, 312, 309, 307, 307, 308, 309, 308, 305,
    305, 307, 306, 308, 309, 306, 309, 311, 312, 311, 309, 309, 307, 308,
    310, 308, 311, 311, 310, 310, 312, 311, 310, 310, 312, 314, 314, 314,
    311, 311, 316, 312, 314, 313, 314, 316, 317, 316, 316, 317, 317, 315,
    317, 315, 317, 316, 315, 317, 318, 316, 317, 317, 314, 315, 316, 313,
    314, 318, 317, 317, 318, 316, 317 ]
LHandPositionsY: [ 267, 269, 269, 270, 267, 268, 269, 270, 271, 272, 270,
    272, 273, 276, 274, 275, 272, 274, 275, 273, 274, 275, 273, 276, 276,
    275, 276, 272, 276, 275, 273, 273, 273, 274, 274, 277, 274, 277, 276,
    274, 275, 273, 277, 277, 277, 276, 276, 277, 277, 277, 276, 276, 277,
    276, 273, 273, 273, 273, 273, 273, 274, 274, 275, 274, 276, 276, 273,
    273, 272, 274, 276, 276, 275, 272, 273, 274, 273, 274, 273, 274, 273,
    275, 273, 273, 272, 272, 274, 275 ]
RHandPositionsX: [ 266, 264, 262, 261, 264, 264, 261, 262, 263, 259, 263,
    259, 261, 260, 259, 257, 260, 260, 260, 256, 255, 257, 256, 256, 258,
    256, 255, 255, 254, 259, 264, 262, 254, 242, 223, 203, 188, 176, 168,
    172, 173, 173, 180, 185, 187, 187, 183, 179, 178, 175, 185, 188, 189,
    201, 192, 187, 180, 177, 178, 186, 182, 185, 194, 190, 189, 182, 174,
    175, 175, 181, 183, 188, 187, 182, 181, 179, 180, 181, 183, 190, 193,
    191, 200, 203, 209, 214, 226, 238 ]
RHandPositionsY: [ 259, 264, 265, 266, 264, 264, 264, 264, 265, 267, 266,
    269, 265, 265, 267, 268, 269, 268, 266, 265, 266, 265, 265, 265, 268,
    268, 265, 266, 265, 268, 268, 261, 246, 229, 214, 199, 174, 159, 137,
    134, 117, 109, 105, 109, 111, 106, 101, 91, 86, 88, 88, 97, 97, 98,
    93, 91, 86, 87, 85, 89, 96, 94, 97, 93, 92, 85, 86, 87, 92, 97, 97,
    95, 96, 95, 92, 89, 90, 92, 95, 104, 104, 109, 123, 133, 143, 152,
    170, 186 ]
