%YAML:1.0
---
videoName: "RHShake14.mp4"
gestureLabel: 2
fps: 30
pixelSizeInCmTemp: 3.2808219178082193e-01
faceCenterPointX: 277
faceCenterPointY: 42
LHandPositionsX: [ 378, 378, 378, 375, 377, 375, 377, 378, 376, 376, 377,
    375, 374, 378, 376, 373, 373, 374, 374, 375, 376, 372, 372, 374, 373,
    376, 372, 372, 373, 376, 372, 372, 372, 376, 376, 376, 373, 373, 375,
    374, 374, 375, 374, 372, 372, 373, 374, 374, 376, 373, 373, 375, 375,
    375, 372, 374, 372, 372, 372, 374, 372, 373, 375, 372, 375, 376, 373,
    374, 375, 373, 374, 373, 374, 372, 374, 375, 372, 376, 375, 374, 372,
    374, 375, 374, 375, 373, 372, 372, 376, 376, 376 ]
LHandPositionsY: [ 233, 231, 231, 233, 230, 231, 231, 230, 232, 230, 231,
    233, 231, 231, 230, 233, 233, 231, 229, 233, 233, 231, 231, 230, 233,
    230, 232, 233, 229, 233, 230, 231, 232, 232, 231, 232, 233, 231, 232,
    229, 230, 231, 233, 229, 230, 233, 232, 230, 232, 233, 233, 232, 232,
    233, 231, 230, 231, 233, 231, 232, 232, 232, 230, 230, 229, 229, 233,
    232, 231, 229, 231, 233, 229, 229, 230, 233, 229, 231, 233, 233, 231,
    229, 233, 229, 232, 230, 233, 229, 231, 230, 230 ]
RHandPositionsX: [ 171, 170, 171, 174, 172, 172, 170, 172, 174, 174, 173,
    170, 172, 171, 170, 174, 171, 170, 174, 173, 172, 174, 173, 173, 170,
    171, 168, 167, 158, 151, 136, 128, 123, 114, 118, 124, 127, 133, 133,
    141, 145, 146, 146, 142, 146, 146, 151, 155, 157, 161, 159, 155, 154,
    151, 156, 158, 160, 168, 166, 164, 156, 153, 157, 157, 158, 162, 163,
    172, 174, 175, 180, 176, 176, 177, 172, 170, 179, 181, 177, 171, 175,
    173, 173, 174, 170, 171, 170, 173, 170, 174, 173 ]
RHandPositionsY: [ 242, 240, 241, 241, 241, 243, 243, 240, 242, 239, 243,
    242, 241, 243, 243, 242, 243, 243, 239, 240, 240, 243, 241, 243, 239,
    242, 245, 232, 215, 196, 171, 154, 137, 117, 114, 107, 102, 110, 114,
    118, 116, 105, 95, 90, 89, 86, 84, 82, 85, 84, 78, 79, 76, 77, 78,
    76, 82, 84, 77, 80, 80, 78, 76, 75, 77, 83, 84, 107, 118, 135, 144,
    159, 169, 182, 195, 195, 197, 202, 213, 218, 215, 220, 222, 228, 235,
    231, 234, 236, 237, 233, 238 ]
