%YAML:1.0
---
videoName: "RHShake03.mp4"
gestureLabel: 2
fps: 29
pixelSizeInCmTemp: 3.1103896103896100e-01
faceCenterPointX: 294
faceCenterPointY: 48
LHandPositionsX: [ 411, 408, 410, 411, 411, 411, 409, 410, 409, 412, 409,
    411, 410, 409, 411, 408, 409, 412, 411, 412, 409, 410, 409, 411, 410,
    410, 409, 412, 409, 408, 411, 408, 410, 410, 410, 410, 410, 410, 409,
    409, 408, 410, 412, 411, 411, 409, 410, 409, 411, 408, 408, 411, 410,
    412, 409, 408, 410, 412, 409, 410, 409, 412, 408, 410, 409, 408, 409,
    408, 412, 411, 410, 409, 409, 407, 407, 410, 407, 407, 407, 408, 411,
    410, 407, 411, 411, 411, 409, 408 ]
LHandPositionsY: [ 260, 261, 262, 263, 260, 262, 260, 261, 261, 260, 261,
    263, 263, 261, 264, 261, 261, 260, 261, 264, 260, 260, 264, 262, 261,
    263, 260, 263, 260, 264, 264, 263, 261, 260, 262, 264, 260, 263, 262,
    260, 260, 264, 262, 261, 261, 262, 260, 261, 264, 264, 261, 260, 262,
    261, 264, 262, 264, 262, 262, 262, 263, 264, 263, 260, 262, 264, 262,
    262, 263, 262, 262, 263, 263, 263, 264, 260, 264, 262, 262, 262, 261,
    264, 261, 262, 260, 264, 263, 264 ]
RHandPositionsX: [ 179, 177, 178, 180, 178, 175, 178, 175, 174, 173, 173,
    173, 176, 172, 172, 176, 173, 173, 172, 173, 172, 171, 171, 173, 173,
    172, 173, 174, 174, 170, 172, 172, 173, 172, 166, 157, 152, 147, 149,
    152, 154, 166, 179, 186, 192, 191, 182, 174, 174, 174, 171, 179, 182,
    182, 180, 177, 171, 171, 167, 175, 180, 187, 198, 208, 199, 191, 187,
    186, 186, 182, 185, 194, 201, 207, 212, 209, 197, 194, 192, 183, 184,
    183, 185, 180, 179, 179, 182, 181 ]
RHandPositionsY: [ 257, 258, 260, 258, 259, 263, 259, 260, 262, 259, 261,
    258, 261, 260, 259, 262, 258, 260, 261, 260, 259, 259, 260, 258, 259,
    262, 258, 258, 262, 260, 265, 267, 258, 241, 220, 198, 176, 157, 143,
    128, 123, 121, 116, 120, 113, 103, 102, 102, 101, 98, 104, 103, 106,
    104, 104, 104, 103, 100, 97, 94, 100, 106, 108, 112, 108, 106, 103,
    106, 99, 101, 104, 116, 129, 139, 158, 177, 203, 210, 217, 239, 243,
    243, 243, 251, 252, 252, 254, 254 ]
