%YAML:1.0
---
videoName: "RHShake24.mp4"
gestureLabel: 2
fps: 30
pixelSizeInCmTemp: 3.3732394366197183e-01
faceCenterPointX: 304
faceCenterPointY: 46
LHandPositionsX: [ 391, 390, 390, 390, 389, 393, 389, 389, 393, 392, 393,
    390, 391, 390, 389, 389, 389, 391, 391, 393, 392, 392, 390, 391, 393,
    390, 390, 389, 390, 392, 393, 389, 391, 392, 393, 390, 390, 390, 391,
    391, 392, 393, 392, 391, 389, 391, 389, 390, 389, 389, 392, 391, 390,
    391, 390, 393, 389, 391, 393, 392, 392, 389, 392, 393, 390, 390, 393,
    389, 390, 393, 391, 391, 389, 393, 389, 393, 392, 392, 393, 391, 392,
    389, 389, 390, 391, 391, 392, 392, 393, 393, 390 ]
LHandPositionsY: [ 228, 229, 226, 226, 227, 226, 227, 226, 229, 229, 225,
    227, 226, 229, 226, 225, 227, 225, 225, 225, 229, 226, 225, 226, 229,
    227, 225, 225, 225, 228, 225, 227, 226, 229, 228, 228, 226, 226, 225,
    227, 227, 225, 228, 229, 225, 226, 225, 227, 228, 226, 225, 226, 227,
    228, 229, 226, 229, 226, 229, 227, 228, 229, 229, 227, 226, 228, 226,
    228, 229, 227, 226, 227, 226, 228, 226, 229, 226, 226, 227, 226, 228,
    225, 228, 229, 227, 227, 226, 225, 228, 227, 226 ]
RHandPositionsX: [ 144, 145, 151, 149, 157, 154, 151, 149, 145, 142, 137,
    138, 142, 151, 160, 164, 162, 160, 162, 157, 150, 145, 142, 140, 140,
    146, 158, 159, 159, 157, 154, 153, 152, 144, 140, 143, 148, 152, 154,
    158, 158, 161, 159, 157, 151, 142, 140, 142, 144, 150, 162, 162, 164,
    171, 169, 165, 158, 149, 153, 149, 150, 150, 154, 166, 165, 167, 169,
    171, 176, 178, 179, 180, 185, 185, 187, 192, 195, 192, 191, 193, 195,
    195, 196, 193, 192, 193, 193, 194, 194, 192, 193 ]
RHandPositionsY: [ 98, 104, 102, 98, 104, 99, 92, 91, 85, 89, 87, 88, 87,
    98, 109, 109, 114, 114, 106, 99, 97, 95, 98, 95, 91, 100, 110, 112,
    111, 114, 106, 100, 99, 97, 92, 93, 90, 97, 104, 106, 108, 112, 109,
    105, 99, 101, 95, 94, 95, 107, 119, 119, 119, 122, 121, 104, 99, 101,
    102, 101, 94, 94, 102, 112, 112, 116, 120, 120, 130, 139, 148, 151,
    152, 160, 166, 173, 177, 190, 195, 202, 211, 211, 214, 217, 218, 217,
    219, 223, 226, 226, 227 ]
