%YAML:1.0
---
videoName: "RHShake18.mp4"
gestureLabel: 2
fps: 30
pixelSizeInCmTemp: 3.3732394366197183e-01
faceCenterPointX: 275
faceCenterPointY: 40
LHandPositionsX: [ 375, 379, 375, 377, 376, 375, 378, 375, 376, 379, 377,
    375, 379, 378, 378, 376, 375, 379, 378, 378, 377, 375, 379, 379, 378,
    379, 376, 376, 375, 376, 379, 375, 375, 378, 376, 376, 375, 376, 378,
    376, 379, 377, 377, 378, 379, 375, 376, 378, 372, 374, 374, 371, 364,
    357, 354, 347, 337, 334, 324, 315, 304, 299, 299, 302, 295, 290, 288,
    292, 293, 297, 290, 293, 290, 292, 289, 290, 289, 288, 292, 287, 291,
    291, 286, 289, 288, 285, 285, 289, 289, 286, 288 ]
LHandPositionsY: [ 230, 233, 232, 230, 230, 231, 230, 229, 229, 233, 232,
    232, 233, 232, 230, 231, 231, 231, 231, 232, 230, 229, 230, 233, 231,
    231, 230, 233, 231, 232, 230, 230, 230, 230, 231, 230, 232, 233, 229,
    232, 232, 233, 230, 232, 229, 232, 233, 232, 231, 229, 232, 236, 236,
    238, 235, 238, 231, 234, 229, 229, 231, 233, 231, 232, 235, 234, 236,
    235, 239, 242, 244, 240, 243, 243, 243, 242, 239, 242, 240, 239, 242,
    241, 243, 241, 240, 243, 241, 241, 239, 241, 239 ]
RHandPositionsX: [ 158, 155, 153, 149, 145, 149, 154, 159, 161, 164, 163,
    164, 157, 153, 151, 147, 158, 161, 168, 166, 168, 162, 161, 158, 158,
    156, 158, 163, 163, 166, 162, 159, 159, 154, 154, 160, 176, 172, 173,
    167, 166, 158, 158, 158, 159, 166, 174, 181, 192, 201, 210, 219, 232,
    243, 253, 259, 266, 258, 252, 247, 247, 241, 239, 239, 239, 238, 237,
    237, 237, 237, 240, 240, 236, 238, 239, 240, 237, 239, 237, 236, 236,
    238, 239, 239, 238, 240, 236, 239, 239, 240, 240 ]
RHandPositionsY: [ 73, 70, 71, 70, 68, 65, 67, 71, 73, 72, 73, 71, 71,
    69, 68, 67, 70, 73, 69, 70, 72, 71, 69, 66, 67, 67, 72, 74, 77, 76,
    77, 74, 74, 73, 76, 81, 90, 91, 95, 89, 87, 86, 84, 85, 83, 89, 97,
    104, 111, 124, 131, 144, 153, 162, 173, 182, 192, 191, 194, 200, 202,
    208, 210, 210, 211, 216, 219, 221, 223, 226, 227, 228, 224, 228, 227,
    224, 227, 225, 228, 224, 224, 228, 228, 225, 225, 227, 224, 226, 224,
    226, 224 ]
