%YAML:1.0
---
videoName: "RHShake24.mp4"
gestureLabel: 2
fps: 30
pixelSizeInCmTemp: 3.3732394366197183e-01
faceCenterPointX: 304
faceCenterPointY: 46
LHandPositionsX: [ 390, 393, 389, 393, 389, 389, 393, 392, 391, 393, 392,
    391, 389, 391, 393, 389, 389, 393, 393, 389, 390, 393, 393, 389, 390,
    390, 393, 393, 392, 390, 389, 391, 393, 391, 390, 392, 390, 391, 393,
    390, 393, 389, 390, 392, 389, 391, 392, 390, 393, 392, 393, 393, 389,
    393, 390, 389, 391, 393, 389, 390, 390, 391, 393, 389, 390, 392, 389,
    392, 391, 389, 392, 392, 390, 392, 391, 390, 390, 390, 390, 393, 392,
    393, 392, 390, 390, 393, 390, 392, 392, 393, 393 ]
LHandPositionsY: [ 227, 226, 228, 227, 225, 229, 226, 225, 228, 227, 227,
    229, 227, 227, 227, 226, 225, 228, 227, 229, 226, 227, 226, 228, 225,
    225, 226, 227, 229, 227, 229, 228, 229, 229, 226, 225, 229, 226, 226,
    228, 229, 229, 229, 227, 225, 226, 225, 227, 228, 227, 226, 226, 229,
    225, 228, 226, 226, 228, 227, 226, 227, 225, 226, 228, 229, 226, 227,
    226, 226, 226, 226, 227, 228, 225, 226, 227, 225, 226, 226, 229, 226,
    229, 227, 229, 228, 225, 229, 229, 229, 226, 229 ]
RHandPositionsX: [ 143, 148, 151, 149, 155, 155, 153, 147, 145, 141, 140,
    135, 144, 152, 163, 164, 162, 164, 161, 156, 152, 146, 143, 143, 142,
    145, 157, 160, 160, 160, 155, 156, 151, 143, 144, 144, 149, 154, 154,
    158, 158, 161, 158, 156, 151, 146, 143, 142, 143, 147, 163, 162, 166,
    173, 170, 164, 158, 153, 151, 148, 149, 146, 154, 166, 168, 168, 171,
    169, 174, 176, 182, 183, 183, 185, 189, 191, 195, 192, 193, 195, 194,
    193, 193, 194, 192, 195, 194, 194, 194, 196, 194 ]
RHandPositionsY: [ 95, 100, 100, 98, 105, 97, 92, 91, 89, 86, 85, 86, 85,
    102, 110, 111, 113, 113, 106, 102, 98, 95, 95, 95, 92, 102, 111, 109,
    110, 113, 107, 103, 99, 98, 95, 91, 93, 95, 101, 109, 108, 115, 110,
    102, 98, 100, 98, 96, 94, 107, 118, 120, 119, 120, 121, 104, 103,
    100, 102, 97, 95, 98, 103, 111, 112, 117, 119, 121, 130, 142, 149,
    154, 151, 157, 164, 172, 176, 186, 195, 205, 209, 208, 212, 216, 218,
    221, 220, 222, 225, 225, 228 ]
