%YAML:1.0
---
videoName: "RHShake23.mp4"
gestureLabel: 2
fps: 29
pixelSizeInCmTemp: 3.3263888888888887e-01
faceCenterPointX: 298
faceCenterPointY: 49
LHandPositionsX: [ 388, 388, 391, 389, 390, 388, 391, 389, 389, 387, 389,
    387, 389, 389, 391, 388, 390, 387, 390, 388, 388, 388, 390, 390, 391,
    390, 387, 388, 388, 389, 389, 389, 391, 391, 389, 389, 389, 388, 390,
    389, 390, 387, 387, 390, 389, 391, 387, 387, 387, 387, 388, 387, 387,
    390, 388, 391, 390, 389, 389, 389, 390, 387, 391, 390, 388, 390, 389,
    387, 390, 391, 389, 390, 390, 389, 389, 391, 389, 388, 388, 391, 390,
    391, 391, 390, 387, 387, 391, 388 ]
LHandPositionsY: [ 224, 226, 228, 224, 226, 224, 224, 227, 226, 227, 227,
    226, 228, 225, 224, 224, 225, 224, 227, 228, 224, 228, 226, 225, 224,
    228, 228, 225, 227, 225, 228, 228, 227, 228, 225, 226, 227, 226, 227,
    224, 228, 228, 228, 227, 224, 228, 224, 225, 227, 228, 225, 225, 227,
    226, 224, 227, 224, 227, 228, 228, 226, 225, 224, 224, 225, 228, 227,
    225, 226, 227, 226, 225, 226, 227, 224, 224, 227, 226, 224, 228, 228,
    226, 227, 224, 226, 224, 227, 227 ]
RHandPositionsX: [ 170, 169, 174, 189, 189, 188, 192, 190, 179, 177, 175,
    176, 173, 178, 188, 199, 199, 198, 198, 192, 184, 184, 176, 175, 169,
    171, 173, 179, 193, 201, 202, 199, 199, 196, 192, 183, 186, 182, 181,
    184, 186, 201, 202, 202, 205, 201, 197, 190, 184, 181, 177, 178, 179,
    185, 195, 202, 204, 211, 207, 208, 212, 211, 209, 211, 210, 209, 208,
    205, 204, 206, 206, 202, 202, 201, 200, 204, 202, 200, 200, 200, 202,
    199, 200, 200, 202, 199, 197, 197 ]
RHandPositionsY: [ 95, 95, 101, 111, 116, 115, 118, 109, 104, 103, 98,
    100, 98, 104, 111, 123, 124, 124, 124, 110, 104, 103, 99, 100, 100,
    94, 93, 100, 117, 124, 124, 122, 124, 107, 106, 105, 105, 104, 101,
    100, 114, 119, 123, 125, 128, 125, 126, 108, 105, 107, 103, 103, 102,
    115, 129, 137, 140, 148, 148, 153, 161, 165, 172, 182, 191, 199, 207,
    215, 215, 215, 215, 218, 220, 221, 226, 228, 224, 228, 228, 227, 224,
    224, 224, 227, 226, 227, 224, 226 ]
