%YAML:1.0
---
videoName: "RHShake03.mp4"
gestureLabel: 2
fps: 29
pixelSizeInCmTemp: 3.1103896103896100e-01
faceCenterPointX: 294
faceCenterPointY: 48
LHandPositionsX: [ 409, 410, 408, 409, 408, 408, 411, 411, 410, 408, 409,
    408, 408, 411, 408, 408, 409, 411, 410, 409, 412, 410, 411, 411, 408,
    409, 410, 409, 409, 410, 408, 408, 411, 410, 412, 410, 411, 409, 408,
    411, 408, 409, 408, 410, 409, 408, 411, 410, 408, 409, 409, 409, 408,
    410, 408, 410, 408, 412, 411, 410, 410, 409, 410, 409, 409, 411, 408,
    410, 408, 408, 409, 410, 407, 410, 411, 408, 409, 408, 408, 408, 409,
    408, 411, 407, 407, 407, 410, 410 ]
LHandPositionsY: [ 260, 261, 262, 260, 260, 263, 263, 263, 260, 261, 261,
    263, 260, 260, 262, 261, 262, 263, 264, 260, 263, 264, 264, 262, 260,
    260, 260, 264, 264, 264, 263, 263, 261, 260, 261, 264, 262, 260, 261,
    262, 260, 261, 262, 260, 262, 262, 263, 260, 261, 263, 260, 264, 264,
    263, 260, 263, 260, 262, 261, 261, 264, 261, 264, 262, 262, 264, 260,
    262, 261, 264, 260, 260, 261, 263, 262, 260, 263, 263, 264, 264, 263,
    261, 260, 262, 261, 260, 260, 263 ]
RHandPositionsX: [ 180, 180, 177, 177, 178, 175, 176, 177, 177, 173, 174,
    174, 173, 175, 172, 175, 171, 173, 172, 174, 171, 171, 171, 174, 172,
    174, 171, 171, 171, 171, 171, 171, 174, 174, 162, 156, 152, 148, 153,
    152, 155, 166, 180, 184, 192, 191, 181, 175, 174, 174, 174, 178, 181,
    183, 181, 177, 172, 169, 166, 173, 176, 185, 199, 209, 198, 192, 190,
    190, 184, 181, 186, 193, 199, 210, 210, 206, 197, 198, 192, 183, 184,
    185, 182, 181, 183, 181, 179, 178 ]
RHandPositionsY: [ 260, 261, 258, 259, 258, 261, 261, 260, 260, 262, 259,
    259, 260, 258, 260, 261, 261, 262, 260, 258, 259, 261, 261, 261, 259,
    262, 259, 260, 261, 263, 266, 267, 257, 241, 220, 199, 177, 157, 145,
    126, 124, 121, 116, 120, 114, 107, 103, 102, 101, 100, 103, 106, 107,
    107, 104, 104, 101, 97, 94, 94, 101, 109, 112, 113, 111, 106, 105,
    106, 98, 98, 102, 119, 127, 142, 159, 177, 202, 209, 218, 242, 240,
    244, 242, 250, 251, 255, 251, 253 ]
