%YAML:1.0
---
videoName: "RHShake23.mp4"
gestureLabel: 2
fps: 29
pixelSizeInCmTemp: 3.3263888888888887e-01
faceCenterPointX: 298
faceCenterPointY: 49
LHandPositionsX: [ 390, 389, 388, 390, 387, 391, 389, 390, 388, 388, 391,
    389, 390, 389, 391, 391, 390, 388, 388, 391, 391, 390, 388, 390, 389,
    389, 391, 388, 389, 389, 387, 387, 391, 390, 388, 390, 389, 390, 391,
    389, 391, 389, 390, 387, 390, 390, 390, 390, 387, 390, 387, 389, 389,
    391, 391, 389, 390, 391, 389, 387, 388, 390, 391, 387, 387, 389, 388,
    389, 387, 387, 389, 390, 387, 387, 389, 390, 391, 391, 390, 390, 388,
    387, 390, 391, 390, 389, 389, 388 ]
LHandPositionsY: [ 224, 228, 226, 224, 228, 224, 228, 224, 226, 228, 226,
    226, 226, 225, 226, 228, 227, 226, 225, 226, 224, 226, 224, 224, 228,
    224, 228, 227, 226, 228, 226, 228, 226, 225, 226, 228, 225, 227, 228,
    228, 228, 226, 226, 228, 224, 226, 228, 225, 224, 228, 224, 225, 224,
    225, 224, 228, 228, 225, 224, 226, 227, 225, 228, 227, 224, 226, 228,
    228, 225, 228, 228, 228, 227, 228, 226, 226, 224, 224, 224, 225, 226,
    224, 224, 228, 225, 227, 227, 224 ]
RHandPositionsX: [ 170, 168, 174, 187, 191, 186, 195, 187, 181, 176, 174,
    172, 174, 179, 188, 197, 197, 197, 197, 192, 185, 184, 178, 175, 171,
    171, 171, 177, 193, 201, 199, 202, 201, 194, 192, 187, 182, 181, 181,
    184, 184, 201, 201, 201, 204, 201, 199, 188, 185, 177, 176, 177, 182,
    188, 193, 199, 206, 207, 207, 209, 209, 208, 209, 208, 212, 206, 206,
    205, 205, 207, 207, 206, 205, 205, 200, 202, 202, 203, 199, 202, 203,
    202, 201, 199, 199, 200, 200, 201 ]
RHandPositionsY: [ 96, 92, 97, 114, 117, 113, 120, 113, 101, 101, 100,
    98, 99, 105, 112, 121, 122, 125, 127, 110, 102, 101, 98, 100, 96, 98,
    93, 99, 116, 124, 122, 125, 125, 109, 108, 105, 106, 103, 100, 99,
    115, 123, 123, 121, 125, 124, 124, 108, 105, 104, 102, 103, 99, 117,
    129, 133, 143, 150, 152, 155, 158, 166, 174, 180, 190, 203, 208, 214,
    212, 213, 219, 217, 223, 225, 226, 229, 225, 224, 228, 227, 227, 227,
    227, 226, 226, 224, 224, 226 ]
