%YAML:1.0
---
videoName: "RHShake13.mp4"
gestureLabel: 2
fps: 30
pixelSizeInCmTemp: 3.2808219178082193e-01
faceCenterPointX: 278
faceCenterPointY: 45
LHandPositionsX: [ 308, 308, 305, 306, 305, 308, 309, 306, 307, 309, 307,
    307, 305, 309, 309, 305, 309, 306, 307, 309, 308, 307, 308, 308, 308,
    308, 306, 308, 309, 305, 307, 309, 307, 308, 308, 307, 309, 306, 307,
    306, 308, 309, 309, 307, 306, 306, 305, 306, 308, 309, 305, 309, 307,
    305, 305, 308, 305, 309, 306, 305, 307, 307, 308, 306, 307, 306, 305,
    306, 309, 307, 305, 309, 307, 306, 310, 309, 310, 310, 305, 307, 301,
    305, 304, 304, 303, 307, 307, 306, 305, 303, 306 ]
LHandPositionsY: [ 243, 242, 242, 242, 242, 245, 244, 243, 243, 241, 242,
    245, 242, 240, 244, 241, 244, 240, 240, 240, 239, 241, 239, 242, 240,
    242, 243, 242, 242, 243, 243, 243, 240, 243, 241, 239, 240, 238, 239,
    239, 241, 242, 240, 241, 239, 241, 238, 240, 238, 241, 241, 241, 242,
    242, 241, 239, 239, 242, 240, 241, 238, 241, 238, 242, 241, 241, 242,
    238, 240, 241, 239, 240, 237, 239, 236, 236, 233, 232, 234, 234, 232,
    234, 235, 238, 241, 242, 244, 247, 243, 247, 244 ]
RHandPositionsX: [ 165, 149, 140, 142, 143, 139, 143, 143, 145, 146, 145,
    144, 143, 138, 137, 137, 140, 141, 147, 141, 136, 134, 131, 129, 130,
    134, 132, 137, 139, 134, 134, 132, 128, 130, 130, 136, 134, 135, 136,
    136, 135, 136, 132, 135, 137, 149, 148, 151, 147, 144, 144, 137, 136,
    140, 140, 139, 139, 141, 143, 138, 132, 133, 129, 132, 135, 141, 144,
    146, 152, 161, 170, 180, 187, 201, 211, 225, 237, 247, 253, 250, 249,
    251, 255, 260, 257, 261, 260, 261, 260, 260, 259 ]
RHandPositionsY: [ 155, 136, 121, 119, 113, 111, 106, 103, 99, 95, 93,
    91, 90, 87, 86, 88, 85, 89, 90, 87, 88, 84, 88, 87, 86, 89, 91, 92,
    91, 90, 89, 90, 89, 89, 90, 90, 92, 93, 93, 89, 91, 90, 87, 87, 89,
    95, 93, 97, 92, 94, 94, 95, 94, 96, 94, 99, 101, 98, 97, 99, 96, 96,
    94, 97, 100, 103, 108, 112, 118, 127, 135, 143, 157, 166, 179, 190,
    200, 207, 213, 213, 215, 222, 227, 233, 234, 237, 240, 240, 237, 242,
    240 ]
