%YAML:1.0
---
videoName: "RHShake15.mp4"
gestureLabel: 2
fps: 29
pixelSizeInCmTemp: 3.2808219178082193e-01
faceCenterPointX: 279
faceCenterPointY: 41
LHandPositionsX: [ 370, 369, 372, 369, 371, 368, 371, 370, 369, 369, 370,
    368, 369, 372, 369, 368, 371, 370, 370, 369, 369, 370, 370, 370, 369,
    372, 370, 371, 371, 369, 371, 371, 372, 369, 370, 369, 370, 371, 370,
    370, 369, 369, 369, 369, 368, 372, 368, 369, 370, 369, 369, 372, 371,
    370, 371, 372, 371, 368, 369, 368, 371, 368, 370, 370, 368, 368, 370,
    371, 370, 368, 370, 369, 371, 371, 369, 370, 369, 369, 370, 369, 372,
    371, 370, 370, 368, 368, 370, 371 ]
LHandPositionsY: [ 235, 234, 235, 234, 233, 232, 233, 233, 233, 236, 233,
    233, 235, 234, 234, 234, 232, 236, 233, 233, 234, 232, 236, 235, 235,
    235, 235, 234, 235, 235, 234, 235, 233, 235, 235, 234, 235, 236, 233,
    236, 235, 232, 234, 235, 234, 232, 233, 232, 231, 235, 233, 232, 234,
    232, 232, 235, 231, 231, 234, 233, 231, 233, 234, 235, 233, 232, 232,
    233, 235, 234, 233, 233, 234, 233, 234, 233, 232, 235, 235, 235, 231,
    233, 234, 232, 235, 234, 232, 231 ]
RHandPositionsX: [ 135, 125, 115, 108, 111, 108, 106, 107, 105, 111, 113,
    116, 116, 111, 109, 114, 111, 111, 107, 109, 113, 116, 116, 113, 112,
    109, 112, 107, 108, 109, 114, 118, 117, 115, 112, 110, 107, 110, 111,
    115, 112, 110, 117, 115, 123, 122, 121, 124, 124, 120, 117, 124, 123,
    129, 124, 125, 127, 127, 124, 120, 123, 124, 129, 136, 141, 144, 139,
    136, 137, 140, 144, 147, 151, 156, 158, 157, 157, 159, 160, 161, 157,
    159, 160, 160, 161, 161, 157, 157 ]
RHandPositionsY: [ 192, 172, 153, 146, 144, 141, 132, 127, 122, 113, 112,
    107, 105, 99, 96, 96, 96, 96, 95, 95, 96, 93, 94, 93, 93, 93, 94, 94,
    94, 96, 97, 106, 103, 103, 104, 103, 100, 104, 101, 103, 105, 108,
    112, 112, 110, 105, 102, 106, 104, 105, 105, 110, 112, 113, 118, 114,
    109, 110, 108, 112, 113, 118, 125, 135, 152, 165, 172, 183, 190, 202,
    210, 218, 227, 236, 239, 240, 245, 248, 247, 248, 246, 247, 245, 245,
    248, 248, 249, 246 ]
