%YAML:1.0
---
videoName: "RHShake05.mp4"
gestureLabel: 2
fps: 30
pixelSizeInCmTemp: 3.1103896103896100e-01
faceCenterPointX: 295
faceCenterPointY: 47
LHandPositionsX: [ 409, 410, 411, 408, 412, 408, 411, 410, 412, 409, 408,
    412, 410, 412, 409, 409, 409, 408, 408, 410, 412, 408, 410, 412, 410,
    412, 412, 412, 411, 410, 411, 412, 409, 410, 411, 408, 409, 411, 409,
    409, 410, 411, 408, 411, 411, 411, 410, 409, 410, 410, 410, 411, 411,
    408, 410, 408, 411, 412, 412, 411, 411, 409, 408, 412, 411, 411, 411,
    408, 408, 411, 408, 411, 410, 410, 412, 408, 408, 409, 408, 408, 412,
    412, 412, 412, 411, 412, 409, 411, 409, 409, 410 ]
LHandPositionsY: [ 258, 257, 259, 259, 257, 261, 258, 258, 258, 257, 259,
    257, 260, 260, 257, 260, 259, 257, 259, 260, 258, 258, 259, 258, 261,
    257, 257, 260, 260, 261, 257, 260, 257, 259, 259, 259, 260, 257, 259,
    258, 261, 258, 258, 261, 261, 259, 258, 258, 261, 258, 257, 260, 259,
    258, 260, 257, 258, 258, 258, 261, 257, 259, 258, 260, 259, 260, 260,
    259, 261, 259, 259, 258, 258, 259, 258, 258, 259, 257, 261, 260, 260,
    257, 259, 257, 257, 257, 259, 257, 257, 257, 259 ]
RHandPositionsX: [ 177, 173, 176, 176, 173, 174, 177, 177, 176, 176, 173,
    172, 176, 173, 175, 173, 171, 171, 174, 172, 174, 170, 170, 176, 173,
    175, 183, 181, 172, 165, 149, 157, 156, 161, 165, 174, 188, 197, 188,
    180, 175, 173, 170, 170, 176, 180, 187, 184, 178, 174, 172, 167, 170,
    175, 179, 188, 182, 178, 171, 169, 168, 170, 175, 190, 194, 193, 184,
    182, 177, 179, 183, 179, 191, 192, 196, 188, 181, 176, 171, 175, 172,
    176, 180, 187, 191, 191, 181, 181, 180, 177, 175 ]
RHandPositionsY: [ 262, 259, 262, 260, 258, 259, 262, 259, 262, 261, 258,
    258, 260, 262, 258, 258, 260, 261, 258, 259, 260, 261, 259, 260, 256,
    252, 232, 206, 181, 155, 131, 130, 104, 93, 86, 91, 92, 94, 90, 87,
    84, 80, 80, 80, 83, 84, 80, 80, 80, 74, 72, 73, 80, 83, 86, 93, 89,
    86, 84, 82, 82, 84, 89, 94, 91, 92, 87, 85, 81, 84, 85, 86, 91, 93,
    90, 90, 89, 85, 85, 95, 109, 135, 156, 179, 202, 222, 227, 234, 242,
    248, 248 ]
