%YAML:1.0
---
videoName: "RHShake22.mp4"
gestureLabel: 2
fps: 29
pixelSizeInCmTemp: 3.3263888888888887e-01
faceCenterPointX: 290
faceCenterPointY: 48
LHandPositionsX: [ 393, 396, 392, 393, 395, 396, 392, 393, 393, 392, 394,
    393, 396, 394, 395, 393, 392, 392, 396, 394, 394, 396, 396, 393, 392,
    393, 395, 394, 394, 394, 396, 392, 394, 392, 395, 392, 395, 392, 396,
    392, 394, 395, 393, 395, 393, 396, 396, 392, 392, 395, 393, 396, 392,
    395, 392, 396, 394, 396, 394, 395, 396, 394, 392, 393, 395, 393, 394,
    396, 394, 393, 393, 395, 392, 392, 393, 396, 393, 392, 392, 394, 396,
    395, 392, 393, 393, 395, 392, 395 ]
LHandPositionsY: [ 230, 231, 232, 231, 231, 230, 230, 233, 231, 230, 234,
    233, 231, 232, 230, 232, 234, 233, 234, 233, 230, 232, 231, 232, 231,
    231, 232, 233, 231, 234, 234, 231, 232, 233, 232, 234, 234, 230, 232,
    230, 231, 234, 230, 232, 234, 234, 234, 232, 233, 234, 234, 233, 233,
    231, 232, 234, 234, 231, 232, 232, 231, 230, 234, 233, 232, 233, 232,
    233, 230, 231, 232, 231, 231, 232, 232, 231, 234, 233, 231, 231, 232,
    230, 230, 231, 230, 233, 232, 233 ]
RHandPositionsX: [ 148, 138, 132, 132, 133, 137, 143, 156, 164, 163, 166,
    163, 163, 160, 150, 145, 143, 144, 147, 152, 163, 171, 173, 171, 169,
    167, 162, 158, 158, 152, 153, 159, 166, 173, 172, 173, 170, 171, 166,
    161, 160, 157, 159, 165, 174, 173, 173, 172, 173, 170, 162, 158, 154,
    157, 155, 164, 172, 178, 179, 180, 176, 172, 168, 162, 157, 152, 154,
    156, 165, 176, 177, 180, 182, 181, 178, 179, 180, 183, 185, 185, 187,
    189, 187, 187, 190, 188, 188, 189 ]
RHandPositionsY: [ 140, 117, 102, 102, 97, 90, 83, 87, 89, 93, 90, 90,
    87, 81, 80, 80, 76, 78, 74, 84, 92, 93, 99, 94, 92, 89, 87, 82, 84,
    82, 81, 90, 95, 99, 101, 102, 92, 89, 86, 86, 86, 84, 85, 89, 93, 98,
    100, 102, 97, 90, 89, 90, 87, 88, 84, 86, 91, 101, 100, 102, 101, 97,
    94, 93, 90, 91, 93, 90, 91, 103, 108, 109, 112, 118, 119, 123, 138,
    150, 157, 172, 184, 193, 201, 205, 215, 217, 225, 227 ]
