%YAML:1.0
---
videoName: "RHShake17.mp4"
gestureLabel: 2
fps: 29
pixelSizeInCmTemp: 3.3732394366197183e-01
faceCenterPointX: 282
faceCenterPointY: 40
LHandPositionsX: [ 308, 307, 305, 309, 309, 307, 306, 306, 307, 306, 306,
    305, 305, 309, 305, 306, 309, 306, 307, 309, 309, 306, 307, 309, 306,
    308, 305, 307, 307, 308, 309, 308, 306, 305, 305, 307, 308, 306, 306,
    310, 306, 310, 307, 307, 309, 306, 310, 310, 310, 310, 312, 307, 309,
    307, 308, 309, 311, 307, 308, 307, 311, 311, 311, 310, 308, 309, 311,
    309, 308, 310, 308, 310, 307, 308, 306, 306, 306, 310, 306, 307, 307,
    308, 309, 306, 309, 306, 309, 306 ]
LHandPositionsY: [ 235, 232, 233, 234, 231, 231, 233, 235, 233, 231, 234,
    234, 231, 233, 231, 233, 235, 232, 233, 233, 234, 234, 232, 234, 232,
    234, 232, 232, 232, 234, 235, 232, 235, 232, 234, 233, 235, 234, 234,
    233, 232, 233, 233, 234, 234, 235, 234, 235, 231, 232, 234, 231, 234,
    232, 233, 232, 235, 232, 235, 234, 234, 234, 232, 232, 231, 235, 233,
    231, 234, 234, 234, 233, 232, 235, 234, 231, 234, 234, 233, 235, 235,
    235, 235, 232, 232, 235, 233, 234 ]
RHandPositionsX: [ 213, 196, 176, 159, 139, 144, 143, 145, 143, 144, 148,
    152, 157, 151, 148, 145, 145, 140, 143, 145, 165, 157, 155, 150, 149,
    147, 146, 141, 146, 153, 153, 159, 160, 156, 148, 145, 140, 140, 139,
    156, 151, 153, 155, 158, 156, 149, 148, 152, 155, 157, 173, 172, 164,
    164, 158, 156, 152, 151, 148, 152, 151, 162, 169, 176, 178, 180, 178,
    175, 171, 168, 173, 171, 170, 169, 168, 168, 170, 169, 168, 170, 169,
    170, 170, 169, 166, 167, 169, 167 ]
RHandPositionsY: [ 204, 184, 169, 147, 126, 112, 106, 101, 94, 92, 97,
    88, 83, 77, 76, 72, 69, 67, 71, 74, 80, 77, 72, 70, 71, 66, 67, 68,
    66, 68, 68, 66, 68, 67, 65, 64, 67, 62, 66, 81, 82, 81, 78, 80, 74,
    76, 71, 75, 72, 73, 89, 91, 85, 84, 80, 77, 77, 81, 77, 82, 93, 105,
    120, 136, 145, 160, 172, 182, 187, 197, 208, 214, 221, 229, 234, 236,
    236, 238, 239, 239, 241, 242, 243, 240, 241, 245, 245, 246 ]
