%YAML:1.0
---
videoName: "RHShake22.mp4"
gestureLabel: 2
fps: 29
pixelSizeInCmTemp: 3.3263888888888887e-01
faceCenterPointX: 290
faceCenterPointY: 48
LHandPositionsX: [ 396, 392, 392, 396, 393, 392, 393, 395, 394, 393, 395,
    396, 396, 395, 393, 396, 396, 392, 395, 394, 392, 395, 396, 393, 392,
    395, 392, 396, 395, 392, 393, 393, 393, 396, 395, 396, 395, 396, 396,
    392, 394, 396, 396, 395, 396, 396, 394, 396, 394, 392, 395, 393, 395,
    396, 392, 392, 392, 392, 396, 394, 395, 395, 396, 395, 395, 394, 396,
    392, 395, 392, 395, 394, 392, 395, 395, 392, 392, 392, 393, 393, 394,
    395, 396, 392, 394, 393, 396, 395 ]
LHandPositionsY: [ 234, 230, 231, 233, 232, 231, 233, 233, 231, 234, 234,
    233, 232, 234, 230, 231, 234, 232, 230, 231, 232, 231, 232, 233, 230,
    230, 231, 233, 233, 230, 231, 230, 233, 231, 231, 231, 231, 234, 232,
    230, 232, 232, 234, 230, 230, 230, 233, 231, 232, 231, 231, 230, 230,
    234, 231, 233, 232, 234, 230, 231, 231, 230, 231, 233, 230, 232, 234,
    233, 234, 233, 230, 231, 232, 234, 230, 230, 233, 233, 234, 234, 232,
    231, 233, 232, 231, 232, 232, 231 ]
RHandPositionsX: [ 149, 138, 130, 128, 130, 138, 147, 157, 166, 165, 166,
    166, 159, 158, 153, 147, 143, 146, 147, 156, 164, 169, 173, 168, 168,
    165, 161, 156, 158, 152, 153, 161, 165, 174, 171, 173, 172, 172, 164,
    160, 159, 157, 162, 168, 172, 175, 173, 175, 170, 169, 162, 157, 153,
    154, 157, 162, 173, 178, 176, 180, 178, 174, 170, 164, 155, 156, 151,
    155, 167, 176, 179, 180, 181, 179, 179, 181, 180, 181, 186, 184, 189,
    192, 188, 188, 188, 189, 189, 191 ]
RHandPositionsY: [ 140, 118, 104, 99, 95, 93, 84, 87, 88, 91, 94, 88, 87,
    82, 81, 81, 80, 77, 73, 87, 88, 92, 95, 96, 92, 87, 86, 83, 86, 81,
    81, 89, 95, 97, 102, 101, 93, 92, 89, 86, 87, 83, 84, 88, 95, 101,
    104, 102, 97, 92, 90, 91, 86, 86, 87, 83, 90, 102, 102, 101, 99, 97,
    94, 94, 94, 90, 93, 90, 90, 103, 107, 109, 112, 116, 120, 126, 135,
    148, 158, 169, 181, 192, 198, 206, 212, 218, 225, 224 ]
