%YAML:1.0
---
videoName: "RHShake20.mp4"
gestureLabel: 2
fps: 29
pixelSizeInCmTemp: 3.3263888888888887e-01
faceCenterPointX: 286
faceCenterPointY: 45
LHandPositionsX: [ 391, 393, 394, 390, 393, 394, 390, 392, 394, 392, 394,
    393, 391, 390, 391, 391, 394, 391, 391, 394, 394, 390, 392, 393, 393,
    393, 390, 390, 392, 394, 392, 391, 393, 393, 394, 390, 390, 393, 393,
    394, 390, 390, 393, 391, 392, 393, 392, 391, 393, 390, 391, 391, 393,
    393, 393, 393, 393, 393, 393, 390, 391, 394, 391, 391, 394, 390, 394,
    390, 391, 393, 390, 390, 393, 393, 393, 390, 394, 394, 390, 392, 390,
    390, 392, 390, 392, 394, 390, 391 ]
LHandPositionsY: [ 247, 243, 242, 243, 245, 244, 243, 244, 243, 244, 242,
    240, 240, 240, 242, 241, 239, 239, 242, 242, 240, 243, 239, 242, 242,
    239, 239, 240, 240, 242, 239, 240, 243, 241, 240, 243, 240, 241, 241,
    242, 241, 243, 243, 240, 240, 242, 239, 239, 243, 241, 240, 241, 242,
    240, 240, 240, 240, 243, 240, 243, 240, 240, 241, 240, 242, 241, 243,
    241, 240, 240, 242, 242, 240, 241, 240, 239, 240, 239, 242, 243, 242,
    239, 241, 242, 241, 240, 242, 241 ]
RHandPositionsX: [ 163, 163, 160, 157, 151, 156, 153, 156, 157, 156, 162,
    160, 158, 155, 154, 150, 150, 148, 161, 160, 164, 162, 156, 153, 153,
    155, 149, 151, 159, 162, 160, 159, 156, 156, 155, 154, 153, 148, 160,
    164, 167, 168, 163, 164, 158, 151, 151, 151, 157, 164, 167, 167, 165,
    170, 170, 170, 162, 167, 161, 157, 165, 168, 173, 177, 181, 184, 185,
    184, 187, 185, 186, 180, 181, 179, 177, 176, 177, 177, 180, 178, 178,
    179, 179, 178, 178, 176, 179, 176 ]
RHandPositionsY: [ 108, 110, 103, 104, 101, 98, 101, 99, 99, 102, 101,
    103, 100, 97, 96, 95, 101, 105, 114, 114, 116, 115, 113, 110, 109,
    108, 108, 107, 120, 119, 118, 113, 109, 107, 109, 105, 104, 108, 115,
    119, 124, 123, 122, 119, 113, 113, 111, 110, 111, 119, 126, 126, 124,
    123, 123, 121, 114, 115, 110, 112, 116, 123, 132, 139, 147, 156, 165,
    177, 183, 194, 200, 209, 220, 226, 235, 233, 239, 239, 240, 244, 242,
    244, 243, 243, 247, 247, 245, 243 ]
