%YAML:1.0
---
videoName: "RHShake16.mp4"
gestureLabel: 2
fps: 29
pixelSizeInCmTemp: 3.2808219178082193e-01
faceCenterPointX: 281
faceCenterPointY: 44
LHandPositionsX: [ 371, 370, 369, 369, 369, 369, 371, 370, 370, 372, 369,
    373, 371, 372, 372, 373, 369, 372, 369, 372, 373, 372, 371, 369, 369,
    370, 373, 373, 371, 372, 371, 373, 371, 369, 372, 370, 371, 372, 373,
    369, 369, 372, 373, 372, 371, 373, 372, 369, 372, 372, 372, 370, 372,
    372, 369, 372, 372, 369, 373, 371, 369, 373, 373, 370, 372, 373, 373,
    371, 369, 371, 369, 372, 372, 370, 370, 370, 373, 373, 369, 370, 370,
    369, 370, 371, 370, 371, 371, 369 ]
LHandPositionsY: [ 234, 232, 230, 231, 231, 233, 230, 234, 231, 230, 231,
    234, 234, 232, 230, 232, 233, 231, 232, 234, 231, 234, 230, 231, 233,
    231, 232, 234, 234, 231, 232, 234, 232, 234, 232, 231, 233, 232, 232,
    230, 230, 230, 234, 232, 231, 233, 230, 230, 233, 234, 231, 230, 233,
    230, 233, 231, 231, 230, 229, 231, 233, 231, 229, 230, 233, 231, 233,
    233, 231, 230, 233, 230, 229, 233, 229, 232, 229, 231, 230, 233, 229,
    231, 231, 232, 233, 233, 229, 230 ]
RHandPositionsX: [ 168, 170, 171, 167, 170, 168, 170, 168, 167, 168, 170,
    171, 171, 169, 171, 171, 168, 170, 164, 155, 152, 146, 138, 131, 124,
    123, 118, 121, 122, 122, 125, 131, 139, 139, 144, 142, 136, 137, 138,
    140, 140, 143, 148, 149, 149, 147, 150, 146, 145, 146, 152, 150, 151,
    152, 147, 145, 145, 143, 148, 151, 154, 159, 157, 154, 154, 151, 147,
    153, 150, 159, 167, 172, 173, 175, 175, 176, 176, 173, 171, 169, 171,
    169, 169, 171, 169, 171, 168, 168 ]
RHandPositionsY: [ 267, 269, 267, 268, 266, 267, 266, 269, 269, 266, 267,
    267, 269, 265, 265, 267, 267, 263, 255, 241, 219, 197, 177, 160, 143,
    129, 118, 117, 112, 106, 106, 105, 100, 98, 96, 94, 92, 89, 91, 89,
    91, 88, 88, 89, 86, 87, 85, 84, 87, 85, 90, 87, 89, 85, 85, 88, 86,
    89, 88, 87, 93, 90, 91, 90, 86, 89, 90, 94, 101, 117, 135, 146, 158,
    170, 182, 190, 193, 205, 210, 217, 224, 225, 226, 233, 235, 238, 235,
    239 ]
