%YAML:1.0
---
videoName: "RHShake19.mp4"
gestureLabel: 2
fps: 29
pixelSizeInCmTemp: 3.2808219178082193e-01
faceCenterPointX: 283
faceCenterPointY: 48
LHandPositionsX: [ 392, 388, 388, 392, 391, 392, 388, 389, 392, 391, 391,
    389, 392, 389, 392, 388, 390, 391, 390, 391, 391, 391, 389, 389, 389,
    388, 392, 388, 388, 392, 388, 388, 388, 390, 390, 388, 391, 392, 391,
    388, 389, 389, 388, 391, 391, 392, 391, 391, 388, 392, 389, 390, 390,
    391, 391, 390, 392, 392, 392, 390, 391, 391, 388, 392, 392, 388, 392,
    391, 389, 391, 391, 390, 388, 389, 391, 389, 388, 388, 392, 388, 390,
    390, 389, 390, 390, 392, 390, 389 ]
LHandPositionsY: [ 241, 241, 242, 241, 244, 241, 240, 240, 244, 244, 243,
    241, 240, 243, 242, 244, 241, 241, 241, 243, 242, 243, 244, 244, 243,
    244, 240, 240, 240, 242, 242, 240, 244, 242, 241, 241, 242, 242, 241,
    240, 243, 240, 240, 243, 243, 243, 242, 240, 244, 243, 243, 240, 243,
    241, 243, 242, 244, 244, 244, 244, 244, 242, 243, 240, 244, 243, 244,
    241, 243, 244, 243, 242, 241, 243, 243, 241, 243, 244, 240, 241, 242,
    241, 243, 241, 243, 240, 242, 241 ]
RHandPositionsX: [ 157, 171, 183, 183, 186, 186, 176, 172, 167, 162, 164,
    163, 167, 176, 186, 181, 187, 176, 175, 172, 164, 160, 159, 164, 169,
    177, 174, 175, 170, 163, 159, 161, 158, 164, 171, 176, 177, 180, 177,
    172, 167, 162, 164, 158, 162, 166, 175, 179, 181, 182, 177, 174, 167,
    171, 167, 170, 168, 180, 179, 180, 181, 180, 171, 172, 166, 167, 169,
    174, 177, 182, 187, 187, 191, 185, 187, 185, 186, 183, 180, 182, 180,
    180, 178, 178, 178, 182, 178, 182 ]
RHandPositionsY: [ 90, 94, 96, 95, 92, 88, 85, 80, 78, 78, 74, 75, 78,
    83, 89, 90, 90, 84, 79, 76, 75, 75, 75, 75, 85, 88, 93, 91, 90, 88,
    82, 85, 82, 82, 84, 91, 95, 98, 94, 94, 87, 85, 85, 85, 82, 84, 93,
    98, 103, 101, 99, 97, 97, 95, 93, 96, 101, 105, 107, 109, 104, 103,
    102, 101, 102, 98, 110, 124, 136, 152, 162, 176, 188, 190, 199, 212,
    217, 226, 230, 238, 235, 235, 239, 242, 243, 239, 239, 239 ]
