%YAML:1.0
---
videoName: "RHShake19.mp4"
gestureLabel: 2
fps: 29
pixelSizeInCmTemp: 3.2808219178082193e-01
faceCenterPointX: 283
faceCenterPointY: 48
LHandPositionsX: [ 391, 390, 391, 388, 392, 392, 388, 388, 389, 388, 388,
    390, 389, 392, 390, 391, 391, 392, 389, 392, 390, 390, 389, 390, 391,
    390, 388, 391, 388, 389, 391, 389, 389, 392, 389, 391, 390, 392, 388,
    388, 390, 390, 388, 389, 389, 388, 389, 388, 391, 390, 391, 390, 388,
    391, 391, 390, 389, 388, 389, 388, 391, 390, 391, 388, 391, 392, 391,
    390, 392, 392, 388, 391, 392, 388, 392, 390, 392, 388, 391, 391, 391,
    391, 392, 389, 389, 392, 389, 389 ]
LHandPositionsY: [ 241, 241, 241, 244, 243, 240, 241, 244, 241, 243, 242,
    244, 240, 242, 242, 240, 241, 244, 240, 240, 243, 241, 244, 241, 244,
    241, 241, 240, 241, 243, 242, 240, 240, 242, 242, 240, 242, 243, 240,
    242, 240, 240, 243, 241, 241, 241, 244, 240, 240, 242, 242, 240, 241,
    242, 242, 242, 240, 241, 242, 241, 240, 243, 242, 244, 243, 244, 243,
    244, 243, 243, 241, 242, 242, 241, 240, 242, 242, 241, 241, 243, 244,
    242, 241, 243, 242, 244, 244, 244 ]
RHandPositionsX: [ 159, 172, 181, 180, 187, 185, 178, 173, 167, 163, 162,
    162, 168, 177, 186, 183, 187, 179, 176, 169, 163, 159, 158, 167, 171,
    174, 173, 173, 171, 164, 163, 159, 157, 163, 169, 178, 177, 176, 179,
    175, 170, 164, 161, 159, 164, 167, 175, 177, 179, 184, 176, 177, 169,
    168, 168, 169, 168, 177, 178, 182, 183, 177, 171, 174, 169, 166, 169,
    174, 177, 182, 186, 190, 192, 188, 185, 184, 184, 184, 182, 180, 179,
    179, 178, 180, 178, 180, 182, 179 ]
RHandPositionsY: [ 89, 94, 96, 95, 91, 90, 86, 81, 77, 79, 75, 75, 76,
    84, 88, 91, 90, 85, 82, 75, 79, 79, 76, 73, 81, 88, 92, 90, 90, 86,
    84, 82, 78, 85, 86, 90, 95, 98, 95, 94, 87, 87, 88, 83, 84, 85, 90,
    95, 102, 103, 102, 94, 94, 97, 93, 94, 101, 106, 105, 107, 106, 99,
    99, 101, 99, 100, 113, 125, 136, 150, 162, 173, 187, 191, 197, 209,
    221, 223, 233, 239, 237, 239, 240, 242, 240, 239, 243, 239 ]
