%YAML:1.0
---
videoName: "RHShake10.mp4"
gestureLabel: 2
fps: 29
pixelSizeInCmTemp: 3.1933333333333330e-01
faceCenterPointX: 295
faceCenterPointY: 45
LHandPositionsX: [ 339, 340, 343, 342, 338, 337, 337, 333, 334, 331, 333,
    333, 328, 328, 329, 324, 328, 325, 325, 326, 327, 329, 328, 330, 330,
    326, 326, 328, 326, 327, 327, 330, 329, 326, 329, 330, 328, 330, 326,
    330, 329, 330, 329, 328, 326, 328, 329, 327, 327, 329, 330, 326, 327,
    328, 327, 326, 326, 326, 326, 330, 329, 329, 328, 327, 328, 330, 328,
    326, 328, 326, 329, 328, 326, 329, 327, 327, 328, 328, 328, 329, 332,
    328, 329, 327, 329, 328, 330, 330 ]
LHandPositionsY: [ 262, 268, 267, 264, 267, 265, 267, 267, 271, 269, 272,
    272, 271, 272, 271, 272, 272, 274, 274, 270, 271, 272, 273, 272, 272,
    270, 274, 273, 270, 273, 269, 271, 272, 270, 273, 269, 270, 272, 271,
    272, 270, 270, 270, 270, 270, 269, 269, 271, 272, 268, 271, 272, 272,
    268, 269, 271, 271, 268, 268, 270, 269, 268, 268, 271, 269, 271, 270,
    271, 268, 269, 272, 272, 269, 270, 270, 271, 271, 269, 269, 267, 269,
    271, 267, 267, 270, 268, 271, 271 ]
RHandPositionsX: [ 259, 260, 260, 262, 261, 261, 259, 262, 259, 260, 258,
    261, 261, 258, 258, 261, 260, 253, 258, 249, 239, 223, 202, 183, 165,
    155, 137, 139, 136, 138, 145, 153, 153, 164, 164, 164, 161, 160, 160,
    156, 164, 173, 181, 183, 175, 176, 173, 171, 169, 171, 172, 189, 190,
    197, 189, 184, 176, 176, 173, 179, 181, 188, 190, 191, 190, 183, 177,
    174, 176, 180, 178, 191, 195, 205, 212, 218, 228, 232, 237, 244, 250,
    254, 248, 260, 262, 262, 260, 259 ]
RHandPositionsY: [ 264, 265, 266, 263, 264, 263, 265, 264, 267, 264, 265,
    267, 267, 267, 269, 265, 269, 266, 268, 254, 242, 230, 212, 191, 173,
    153, 129, 116, 112, 99, 88, 85, 89, 87, 88, 82, 79, 76, 79, 80, 81,
    84, 86, 84, 84, 79, 77, 78, 77, 79, 85, 90, 91, 92, 88, 85, 84, 82,
    80, 83, 90, 95, 93, 94, 87, 88, 84, 81, 83, 85, 97, 103, 126, 143,
    160, 179, 196, 211, 229, 245, 260, 258, 259, 265, 268, 266, 265, 269 ]
