%YAML:1.0
---
videoName: "RHShake17.mp4"
gestureLabel: 2
fps: 29
pixelSizeInCmTemp: 3.3732394366197183e-01
faceCenterPointX: 282
faceCenterPointY: 40
LHandPositionsX: [ 308, 309, 309, 306, 306, 306, 307, 305, 308, 308, 305,
    307, 307, 308, 309, 305, 309, 306, 309, 309, 308, 307, 305, 309, 307,
    305, 308, 309, 308, 308, 305, 309, 307, 308, 305, 305, 309, 307, 309,
    309, 307, 309, 307, 309, 307, 308, 307, 309, 306, 307, 309, 308, 308,
    309, 307, 310, 308, 309, 311, 310, 307, 310, 311, 311, 311, 307, 309,
    311, 309, 311, 311, 311, 309, 306, 306, 306, 310, 309, 305, 305, 307,
    307, 307, 307, 307, 308, 308, 306 ]
LHandPositionsY: [ 235, 234, 233, 235, 234, 235, 233, 234, 235, 234, 231,
    234, 231, 235, 231, 235, 235, 233, 232, 231, 232, 235, 233, 232, 234,
    233, 231, 235, 234, 235, 233, 235, 231, 233, 234, 235, 233, 235, 231,
    235, 233, 231, 231, 235, 231, 233, 234, 232, 232, 235, 235, 235, 234,
    232, 233, 235, 232, 232, 232, 234, 232, 235, 232, 232, 232, 231, 233,
    233, 235, 232, 234, 231, 232, 233, 231, 231, 235, 234, 232, 235, 232,
    233, 234, 235, 232, 231, 234, 232 ]
RHandPositionsX: [ 211, 197, 177, 162, 140, 143, 145, 146, 145, 140, 145,
    151, 158, 154, 149, 148, 143, 144, 140, 144, 162, 160, 157, 150, 150,
    148, 147, 141, 149, 154, 152, 157, 158, 154, 150, 143, 143, 139, 137,
    154, 154, 155, 154, 158, 154, 152, 147, 151, 157, 159, 169, 171, 166,
    163, 159, 159, 149, 152, 145, 151, 152, 165, 171, 176, 177, 177, 175,
    178, 172, 169, 174, 173, 167, 168, 168, 168, 172, 171, 169, 171, 169,
    169, 170, 167, 166, 166, 169, 168 ]
RHandPositionsY: [ 200, 184, 166, 150, 126, 112, 109, 103, 97, 90, 95,
    90, 83, 80, 76, 73, 69, 67, 68, 72, 79, 76, 72, 73, 67, 66, 67, 65,
    65, 67, 66, 67, 68, 66, 65, 67, 65, 65, 66, 85, 80, 82, 79, 76, 75,
    76, 75, 72, 73, 74, 90, 89, 86, 82, 78, 77, 81, 80, 80, 81, 92, 106,
    118, 132, 145, 161, 169, 183, 187, 196, 207, 213, 220, 229, 236, 232,
    237, 239, 237, 239, 243, 240, 244, 241, 242, 242, 247, 246 ]
