%YAML:1.0
---
videoName: "RHShake16.mp4"
gestureLabel: 2
fps: 29
pixelSizeInCmTemp: 3.2808219178082193e-01
faceCenterPointX: 281
faceCenterPointY: 44
LHandPositionsX: [ 371, 370, 371, 369, 372, 372, 370, 369, 372, 372, 371,
    369, 371, 370, 369, 369, 373, 369, 369, 370, 372, 369, 373, 371, 369,
    372, 373, 373, 369, 369, 373, 371, 372, 372, 369, 372, 369, 371, 369,
    371, 371, 372, 371, 370, 373, 370, 371, 373, 372, 371, 372, 369, 371,
    371, 373, 372, 370, 369, 370, 373, 372, 372, 373, 370, 373, 369, 370,
    373, 373, 370, 372, 370, 369, 371, 370, 370, 369, 370, 372, 369, 371,
    373, 370, 370, 373, 373, 369, 369 ]
LHandPositionsY: [ 233, 231, 234, 234, 231, 234, 230, 234, 231, 231, 231,
    232, 234, 232, 231, 233, 234, 232, 234, 230, 232, 230, 234, 234, 234,
    232, 231, 231, 234, 230, 230, 233, 231, 231, 232, 231, 230, 233, 231,
    230, 234, 232, 230, 233, 232, 230, 232, 233, 233, 234, 231, 234, 231,
    232, 232, 229, 233, 229, 233, 232, 230, 232, 229, 230, 231, 231, 233,
    233, 229, 233, 233, 231, 231, 233, 231, 230, 231, 230, 232, 231, 229,
    230, 231, 232, 229, 231, 230, 230 ]
RHandPositionsX: [ 169, 169, 171, 168, 171, 169, 168, 168, 167, 171, 167,
    167, 170, 168, 169, 167, 167, 166, 163, 155, 151, 148, 140, 131, 127,
    123, 119, 120, 123, 125, 126, 130, 137, 140, 144, 141, 137, 135, 136,
    137, 139, 146, 148, 152, 150, 148, 150, 149, 148, 149, 152, 150, 154,
    148, 149, 148, 145, 143, 148, 151, 156, 158, 153, 154, 155, 153, 147,
    150, 151, 159, 166, 172, 175, 178, 176, 172, 178, 176, 174, 170, 173,
    168, 172, 172, 171, 169, 168, 169 ]
RHandPositionsY: [ 266, 265, 265, 267, 265, 269, 268, 266, 268, 265, 268,
    265, 266, 265, 268, 267, 266, 267, 258, 242, 218, 201, 176, 159, 142,
    128, 117, 113, 111, 106, 106, 105, 100, 94, 97, 96, 91, 90, 91, 88,
    91, 88, 89, 89, 90, 89, 85, 84, 86, 87, 89, 89, 86, 88, 87, 88, 84,
    86, 87, 89, 92, 88, 91, 89, 88, 89, 92, 93, 102, 121, 132, 147, 158,
    170, 185, 188, 195, 201, 213, 215, 222, 221, 224, 234, 238, 238, 238,
    237 ]
