%YAML:1.0
---
videoName: "RHShake05.mp4"
gestureLabel: 2
fps: 30
pixelSizeInCmTemp: 3.1103896103896100e-01
faceCenterPointX: 295
faceCenterPointY: 47
LHandPositionsX: [ 408, 412, 409, 411, 408, 409, 408, 410, 412, 412, 412,
    412, 410, 409, 408, 412, 409, 411, 410, 412, 411, 410, 408, 409, 412,
    408, 411, 411, 411, 412, 410, 412, 412, 412, 410, 410, 411, 409, 412,
    408, 410, 410, 409, 410, 410, 412, 409, 408, 408, 411, 410, 411, 410,
    412, 408, 412, 408, 409, 410, 412, 412, 409, 412, 411, 411, 409, 409,
    412, 408, 408, 409, 412, 410, 408, 411, 411, 408, 410, 409, 412, 408,
    412, 409, 409, 412, 408, 409, 408, 411, 410, 408 ]
LHandPositionsY: [ 261, 260, 258, 257, 260, 258, 259, 261, 260, 257, 257,
    261, 258, 260, 259, 258, 261, 258, 258, 260, 260, 259, 257, 257, 261,
    260, 260, 257, 257, 258, 261, 260, 260, 257, 257, 260, 260, 257, 260,
    259, 258, 258, 258, 261, 259, 260, 260, 261, 258, 259, 257, 260, 260,
    260, 258, 260, 261, 260, 258, 258, 259, 261, 260, 260, 257, 258, 261,
    258, 257, 258, 259, 257, 261, 261, 258, 257, 259, 258, 258, 259, 258,
    260, 261, 258, 261, 258, 260, 260, 257, 258, 259 ]
RHandPositionsX: [ 174, 173, 174, 174, 174, 175, 173, 173, 177, 174, 176,
    175, 176, 174, 171, 174, 175, 174, 171, 171, 172, 173, 172, 178, 174,
    175, 179, 180, 175, 163, 148, 154, 156, 160, 165, 174, 188, 199, 189,
    180, 176, 172, 171, 171, 178, 178, 189, 182, 179, 173, 169, 167, 171,
    175, 180, 191, 184, 179, 173, 170, 166, 171, 173, 188, 193, 193, 184,
    182, 177, 179, 179, 178, 189, 191, 194, 192, 180, 176, 172, 173, 171,
    177, 184, 186, 188, 190, 184, 180, 179, 175, 177 ]
RHandPositionsY: [ 258, 258, 259, 259, 260, 260, 261, 262, 260, 258, 261,
    260, 258, 259, 262, 259, 262, 259, 262, 262, 260, 262, 262, 260, 256,
    252, 232, 208, 182, 157, 130, 130, 107, 93, 87, 93, 92, 93, 91, 84,
    82, 78, 77, 82, 86, 88, 83, 80, 79, 76, 72, 76, 80, 86, 83, 90, 88,
    87, 86, 82, 84, 82, 86, 92, 94, 94, 90, 84, 84, 82, 82, 85, 88, 91,
    90, 91, 90, 88, 87, 95, 112, 133, 159, 182, 204, 221, 227, 234, 245,
    248, 250 ]
