%YAML:1.0
---
videoName: "RHShake24.mp4"
gestureLabel: 2
fps: 30
pixelSizeInCmTemp: 3.3732394366197183e-01
faceCenterPointX: 304
faceCenterPointY: 46
LHandPositionsX: [ 390, 391, 389, 390, 390, 389, 390, 393, 390, 393, 390,
    389, 390, 391, 393, 391, 393, 393, 392, 393, 391, 393, 393, 389, 391,
    389, 389, 392, 389, 392, 389, 392, 393, 393, 389, 390, 389, 393, 391,
    390, 393, 389, 390, 390, 393, 392, 391, 389, 390, 391, 391, 391, 389,
    390, 389, 393, 393, 391, 390, 393, 390, 389, 389, 390, 392, 391, 390,
    391, 392, 392, 391, 393, 390, 391, 392, 393, 391, 393, 392, 389, 392,
    392, 390, 390, 392, 392, 389, 393, 392, 390, 391 ]
LHandPositionsY: [ 226, 228, 229, 225, 226, 225, 227, 228, 226, 225, 227,
    229, 225, 226, 229, 229, 225, 229, 229, 227, 227, 228, 225, 228, 227,
    226, 227, 229, 227, 227, 228, 228, 228, 229, 228, 227, 229, 225, 226,
    227, 226, 225, 227, 225, 228, 229, 225, 228, 226, 229, 225, 229, 226,
    228, 229, 226, 226, 229, 226, 227, 229, 225, 226, 228, 226, 228, 229,
    227, 229, 227, 225, 228, 229, 226, 229, 228, 229, 228, 226, 225, 228,
    227, 228, 228, 226, 227, 225, 225, 227, 229, 225 ]
RHandPositionsX: [ 143, 149, 149, 151, 153, 155, 155, 148, 145, 141, 136,
    137, 145, 154, 161, 163, 164, 164, 162, 156, 152, 144, 145, 143, 141,
    149, 159, 157, 157, 158, 156, 154, 150, 146, 142, 141, 148, 151, 156,
    157, 159, 161, 160, 157, 149, 145, 140, 140, 143, 148, 162, 166, 166,
    171, 169, 165, 159, 153, 149, 148, 148, 149, 154, 165, 168, 170, 171,
    169, 177, 178, 182, 180, 187, 188, 191, 190, 194, 193, 193, 193, 193,
    192, 192, 195, 192, 194, 193, 192, 193, 195, 196 ]
RHandPositionsY: [ 98, 101, 100, 101, 101, 98, 92, 89, 89, 86, 85, 87,
    86, 101, 108, 113, 112, 115, 105, 103, 97, 94, 98, 96, 94, 102, 109,
    110, 112, 113, 105, 99, 99, 95, 96, 93, 91, 96, 104, 108, 106, 113,
    107, 102, 99, 99, 95, 94, 95, 109, 121, 121, 121, 120, 121, 104, 101,
    101, 103, 99, 94, 95, 106, 113, 113, 114, 118, 122, 130, 143, 149,
    150, 149, 157, 164, 172, 176, 190, 195, 204, 208, 210, 214, 214, 219,
    220, 223, 223, 226, 227, 227 ]
