%YAML:1.0
---
videoName: "RHShake17.mp4"
gestureLabel: 2
fps: 29
pixelSizeInCmTemp: 3.3732394366197183e-01
faceCenterPointX: 282
faceCenterPointY: 40
LHandPositionsX: [ 305, 308, 305, 306, 308, 308, 309, 305, 309, 306, 306,
    306, 305, 308, 305, 308, 308, 305, 309, 305, 305, 306, 308, 308, 306,
    309, 308, 308, 308, 306, 308, 307, 307, 306, 309, 309, 306, 309, 307,
    308, 306, 308, 306, 307, 309, 306, 309, 308, 308, 306, 310, 308, 309,
    309, 308, 309, 311, 311, 308, 307, 308, 308, 307, 310, 309, 310, 308,
    309, 307, 311, 307, 308, 310, 307, 306, 308, 307, 310, 305, 308, 306,
    306, 308, 307, 307, 307, 309, 308 ]
LHandPositionsY: [ 233, 231, 232, 231, 232, 231, 235, 235, 234, 233, 235,
    232, 235, 235, 234, 235, 235, 231, 233, 233, 233, 232, 231, 232, 233,
    231, 235, 232, 235, 233, 234, 233, 234, 234, 235, 233, 233, 231, 235,
    231, 235, 232, 231, 234, 232, 235, 231, 231, 232, 235, 234, 233, 231,
    233, 235, 233, 234, 235, 232, 235, 232, 231, 235, 234, 233, 235, 235,
    233, 233, 231, 235, 235, 235, 234, 231, 233, 234, 231, 235, 235, 235,
    235, 231, 235, 231, 232, 233, 232 ]
RHandPositionsX: [ 214, 197, 178, 158, 139, 144, 143, 147, 142, 143, 144,
    150, 154, 154, 150, 144, 144, 144, 142, 147, 161, 158, 156, 152, 149,
    146, 147, 144, 148, 155, 153, 157, 158, 154, 151, 144, 141, 138, 137,
    154, 154, 152, 157, 161, 152, 152, 147, 151, 156, 158, 170, 171, 165,
    163, 160, 157, 148, 154, 148, 150, 155, 164, 172, 175, 179, 179, 177,
    174, 174, 172, 177, 170, 168, 171, 169, 170, 172, 169, 169, 169, 168,
    169, 167, 167, 169, 170, 170, 169 ]
RHandPositionsY: [ 203, 185, 167, 150, 130, 110, 108, 102, 95, 92, 98,
    89, 84, 80, 75, 70, 69, 67, 68, 74, 79, 75, 74, 72, 69, 66, 66, 69,
    65, 65, 66, 66, 68, 64, 68, 64, 65, 63, 69, 82, 79, 82, 80, 79, 76,
    76, 71, 73, 73, 77, 92, 88, 87, 80, 80, 80, 79, 78, 80, 83, 94, 108,
    118, 134, 146, 160, 171, 180, 191, 198, 210, 217, 220, 229, 235, 232,
    240, 241, 239, 242, 241, 240, 241, 240, 240, 246, 245, 242 ]
