%YAML:1.0
---
videoName: "RHShake10.mp4"
gestureLabel: 2
fps: 29
pixelSizeInCmTemp: 3.1933333333333330e-01
faceCenterPointX: 295
faceCenterPointY: 45
LHandPositionsX: [ 338, 339, 343, 341, 342, 338, 338, 333, 333, 331, 333,
    329, 330, 327, 325, 328, 326, 325, 326, 329, 329, 326, 328, 326, 328,
    329, 328, 327, 326, 329, 329, 328, 327, 329, 327, 330, 330, 329, 330,
    326, 327, 326, 327, 329, 330, 328, 329, 327, 329, 326, 329, 330, 326,
    330, 326, 328, 330, 327, 326, 326, 330, 329, 328, 326, 328, 328, 327,
    328, 328, 327, 326, 329, 330, 330, 330, 331, 327, 328, 329, 330, 329,
    329, 329, 330, 327, 330, 329, 328 ]
LHandPositionsY: [ 266, 264, 269, 267, 266, 266, 270, 269, 270, 271, 271,
    270, 273, 270, 273, 274, 272, 273, 270, 274, 274, 270, 270, 274, 270,
    274, 270, 271, 270, 270, 270, 272, 270, 271, 271, 272, 269, 268, 271,
    269, 272, 272, 270, 269, 268, 271, 268, 268, 268, 268, 268, 268, 270,
    269, 270, 270, 268, 268, 269, 268, 271, 268, 271, 272, 272, 272, 268,
    270, 272, 272, 269, 272, 270, 270, 271, 269, 268, 267, 267, 270, 268,
    270, 271, 269, 272, 270, 268, 273 ]
RHandPositionsX: [ 263, 262, 262, 261, 262, 259, 259, 260, 261, 257, 258,
    257, 258, 258, 259, 262, 257, 255, 259, 250, 242, 221, 202, 184, 167,
    155, 134, 139, 135, 137, 142, 151, 154, 160, 166, 163, 161, 161, 160,
    158, 164, 170, 178, 181, 177, 178, 174, 171, 172, 170, 174, 189, 188,
    195, 192, 183, 177, 178, 173, 178, 178, 188, 189, 195, 188, 183, 177,
    174, 176, 181, 177, 190, 195, 203, 211, 219, 227, 230, 236, 242, 249,
    252, 252, 258, 261, 263, 259, 259 ]
RHandPositionsY: [ 265, 265, 264, 266, 266, 266, 265, 265, 267, 266, 264,
    266, 266, 267, 265, 268, 266, 267, 268, 258, 241, 226, 212, 193, 172,
    152, 132, 113, 111, 99, 87, 87, 86, 91, 88, 84, 83, 77, 78, 78, 80,
    84, 87, 82, 80, 76, 75, 75, 74, 82, 83, 89, 87, 94, 87, 84, 83, 85,
    79, 85, 91, 95, 90, 94, 91, 86, 85, 84, 80, 86, 93, 107, 125, 145,
    160, 178, 197, 212, 226, 246, 257, 257, 258, 263, 268, 265, 265, 268 ]
