%YAML:1.0
---
videoName: "RHShake09.mp4"
gestureLabel: 2
fps: 29
pixelSizeInCmTemp: 3.1103896103896100e-01
faceCenterPointX: 296
faceCenterPointY: 48
LHandPositionsX: [ 326, 324, 325, 322, 324, 323, 322, 320, 317, 315, 316,
    315, 314, 314, 312, 310, 311, 310, 308, 307, 308, 307, 306, 309, 306,
    309, 306, 305, 308, 309, 309, 308, 311, 309, 307, 309, 310, 311, 311,
    310, 310, 311, 307, 310, 309, 312, 311, 311, 312, 313, 310, 311, 315,
    314, 311, 315, 314, 315, 313, 314, 314, 316, 313, 316, 316, 313, 317,
    316, 317, 315, 318, 315, 318, 318, 316, 317, 313, 316, 318, 314, 313,
    316, 316, 314, 316, 316, 315, 317 ]
LHandPositionsY: [ 265, 267, 269, 270, 268, 269, 272, 270, 270, 271, 272,
    271, 275, 275, 275, 275, 273, 276, 275, 272, 276, 274, 276, 276, 272,
    272, 272, 276, 276, 277, 274, 273, 273, 276, 273, 275, 273, 276, 277,
    273, 277, 274, 274, 273, 276, 276, 273, 277, 275, 276, 275, 276, 277,
    274, 275, 272, 276, 273, 273, 273, 276, 273, 273, 274, 274, 276, 274,
    276, 275, 274, 272, 275, 272, 273, 272, 277, 272, 275, 275, 276, 276,
    275, 273, 274, 273, 274, 272, 271 ]
RHandPositionsX: [ 264, 265, 266, 262, 264, 265, 263, 265, 262, 262, 260,
    260, 258, 258, 257, 261, 260, 259, 260, 256, 257, 257, 257, 257, 255,
    254, 258, 253, 256, 255, 266, 262, 257, 243, 224, 205, 190, 179, 169,
    170, 173, 174, 183, 185, 187, 186, 183, 178, 181, 178, 186, 188, 189,
    201, 195, 185, 180, 175, 180, 187, 183, 183, 194, 189, 186, 182, 175,
    171, 174, 183, 184, 188, 188, 182, 181, 177, 181, 177, 185, 193, 192,
    193, 198, 204, 210, 217, 228, 240 ]
RHandPositionsY: [ 259, 265, 265, 266, 263, 264, 267, 267, 267, 269, 265,
    267, 267, 269, 265, 267, 268, 269, 268, 266, 266, 266, 266, 268, 265,
    265, 267, 265, 265, 268, 266, 257, 246, 232, 216, 196, 175, 155, 136,
    135, 118, 111, 104, 109, 110, 104, 99, 87, 90, 90, 87, 94, 97, 96,
    93, 95, 86, 86, 85, 87, 93, 97, 99, 94, 90, 88, 88, 88, 92, 94, 97,
    98, 93, 93, 94, 90, 87, 94, 98, 103, 107, 109, 121, 134, 142, 155,
    169, 187 ]
