%YAML:1.0
---
videoName: "RHShake05.mp4"
gestureLabel: 2
fps: 30
pixelSizeInCmTemp: 3.1103896103896100e-01
faceCenterPointX: 295
faceCenterPointY: 47
LHandPositionsX: [ 408, 410, 409, 409, 410, 412, 412, 412, 409, 408, 411,
    411, 412, 412, 412, 412, 412, 408, 412, 411, 410, 410, 408, 412, 412,
    411, 410, 409, 409, 412, 410, 409, 412, 410, 412, 408, 411, 408, 410,
    411, 408, 410, 411, 411, 411, 408, 410, 411, 411, 410, 412, 412, 408,
    409, 411, 410, 409, 410, 409, 408, 409, 410, 412, 412, 409, 412, 409,
    409, 412, 409, 409, 408, 412, 411, 409, 412, 408, 410, 408, 410, 412,
    410, 412, 409, 411, 408, 412, 411, 409, 412, 408 ]
LHandPositionsY: [ 257, 261, 257, 259, 260, 258, 258, 259, 259, 257, 258,
    260, 260, 260, 261, 257, 259, 259, 259, 258, 261, 259, 257, 259, 261,
    261, 260, 261, 257, 257, 258, 259, 258, 260, 258, 258, 258, 261, 259,
    260, 261, 258, 261, 258, 261, 260, 257, 260, 261, 258, 257, 257, 258,
    259, 257, 257, 257, 261, 257, 259, 261, 258, 261, 257, 259, 261, 257,
    260, 257, 261, 259, 261, 261, 257, 259, 259, 260, 259, 259, 258, 260,
    260, 260, 261, 259, 258, 260, 258, 260, 260, 258 ]
RHandPositionsX: [ 173, 177, 175, 176, 174, 174, 173, 177, 177, 175, 175,
    174, 173, 176, 174, 171, 174, 174, 170, 174, 170, 174, 174, 178, 177,
    178, 181, 179, 171, 163, 151, 154, 154, 157, 166, 176, 188, 199, 188,
    181, 177, 174, 171, 171, 176, 179, 189, 181, 177, 172, 169, 168, 168,
    172, 178, 191, 184, 178, 174, 171, 166, 168, 174, 192, 191, 193, 186,
    183, 181, 182, 183, 177, 187, 193, 197, 190, 181, 173, 173, 174, 175,
    176, 180, 183, 191, 190, 183, 177, 177, 179, 179 ]
RHandPositionsY: [ 261, 260, 258, 262, 258, 261, 262, 259, 258, 262, 262,
    259, 260, 260, 259, 261, 259, 261, 258, 260, 259, 259, 259, 260, 256,
    251, 230, 206, 181, 158, 129, 127, 104, 94, 89, 93, 93, 95, 87, 84,
    82, 79, 78, 81, 84, 87, 80, 80, 78, 74, 75, 74, 78, 87, 86, 90, 89,
    84, 83, 84, 81, 84, 88, 94, 93, 91, 88, 84, 85, 83, 82, 88, 89, 92,
    91, 91, 89, 85, 89, 92, 111, 135, 159, 180, 206, 222, 227, 232, 244,
    248, 248 ]
