%YAML:1.0
---
videoName: "RHShake13.mp4"
gestureLabel: 2
fps: 30
pixelSizeInCmTemp: 3.2808219178082193e-01
faceCenterPointX: 278
faceCenterPointY: 45
LHandPositionsX: [ 309, 305, 309, 307, 306, 309, 307, 307, 305, 308, 308,
    307, 309, 307, 308, 308, 306, 308, 308, 305, 309, 307, 307, 305, 305,
    306, 305, 306, 306, 308, 305, 306, 307, 306, 306, 306, 306, 305, 305,
    306, 308, 308, 305, 307, 307, 306, 307, 306, 306, 306, 309, 308, 306,
    307, 309, 306, 308, 306, 307, 305, 307, 308, 305, 307, 305, 306, 309,
    306, 308, 309, 309, 306, 307, 308, 307, 308, 306, 308, 308, 306, 302,
    301, 306, 304, 306, 304, 307, 303, 304, 307, 307 ]
LHandPositionsY: [ 246, 242, 244, 244, 243, 242, 242, 244, 241, 243, 242,
    244, 245, 244, 244, 240, 240, 239, 242, 242, 242, 242, 239, 243, 240,
    241, 242, 241, 240, 243, 241, 241, 243, 243, 243, 240, 239, 239, 242,
    240, 240, 238, 238, 239, 241, 239, 241, 242, 240, 241, 238, 239, 239,
    240, 238, 238, 238, 239, 238, 239, 238, 238, 242, 240, 240, 241, 241,
    238, 239, 242, 238, 239, 237, 237, 237, 235, 236, 235, 234, 235, 231,
    233, 233, 239, 241, 241, 242, 245, 246, 246, 244 ]
RHandPositionsX: [ 165, 151, 137, 142, 143, 143, 141, 142, 145, 148, 148,
    145, 143, 138, 134, 136, 140, 140, 145, 145, 137, 130, 130, 132, 129,
    132, 132, 138, 138, 134, 137, 133, 129, 133, 128, 132, 136, 138, 136,
    137, 132, 136, 133, 133, 140, 149, 147, 151, 146, 145, 143, 138, 136,
    139, 139, 140, 143, 140, 142, 137, 135, 133, 132, 133, 138, 139, 145,
    144, 153, 158, 169, 180, 189, 201, 211, 226, 236, 247, 253, 252, 253,
    255, 256, 260, 259, 258, 257, 260, 257, 257, 258 ]
RHandPositionsY: [ 157, 136, 122, 119, 116, 110, 103, 104, 96, 97, 93,
    90, 88, 89, 87, 87, 86, 90, 86, 87, 89, 85, 86, 88, 88, 88, 90, 90,
    88, 89, 89, 90, 87, 90, 91, 91, 94, 94, 94, 90, 91, 90, 90, 88, 89,
    95, 95, 93, 96, 93, 92, 92, 91, 95, 94, 99, 100, 99, 98, 100, 99, 98,
    94, 97, 101, 104, 107, 110, 120, 126, 137, 145, 157, 167, 175, 188,
    200, 209, 216, 213, 217, 220, 226, 236, 235, 238, 237, 241, 239, 240,
    240 ]
