%YAML:1.0
---
videoName: "RHShake19.mp4"
gestureLabel: 2
fps: 29
pixelSizeInCmTemp: 3.2808219178082193e-01
faceCenterPointX: 283
faceCenterPointY: 48
LHandPositionsX: [ 391, 388, 389, 392, 390, 392, 390, 391, 391, 389, 389,
    392, 390, 390, 389, 389, 390, 389, 389, 391, 390, 391, 389, 390, 392,
    392, 388, 391, 391, 391, 391, 391, 392, 390, 391, 391, 389, 391, 391,
    391, 391, 390, 391, 392, 392, 389, 390, 388, 389, 389, 390, 392, 391,
    389, 392, 390, 389, 389, 392, 390, 389, 390, 391, 390, 392, 392, 391,
    390, 389, 391, 391, 389, 390, 392, 392, 390, 388, 389, 390, 392, 389,
    388, 388, 392, 391, 390, 389, 389 ]
LHandPositionsY: [ 243, 240, 243, 241, 240, 244, 240, 240, 244, 240, 243,
    244, 243, 241, 242, 242, 240, 241, 240, 240, 241, 241, 243, 240, 244,
    243, 243, 244, 240, 241, 240, 243, 244, 244, 244, 242, 243, 240, 244,
    242, 244, 240, 244, 244, 244, 244, 240, 243, 244, 241, 243, 243, 244,
    244, 240, 242, 243, 244, 241, 243, 243, 244, 241, 241, 240, 240, 240,
    241, 244, 243, 243, 243, 241, 243, 242, 243, 242, 241, 241, 242, 242,
    242, 240, 241, 244, 242, 240, 240 ]
RHandPositionsX: [ 159, 172, 183, 180, 186, 185, 178, 170, 166, 160, 164,
    161, 167, 180, 182, 181, 186, 178, 173, 168, 162, 161, 160, 163, 171,
    173, 172, 173, 171, 164, 161, 161, 160, 162, 170, 176, 178, 176, 180,
    171, 170, 165, 163, 161, 161, 169, 176, 178, 180, 182, 180, 176, 168,
    170, 166, 170, 171, 179, 179, 182, 179, 179, 174, 173, 167, 168, 169,
    176, 178, 182, 186, 191, 192, 186, 184, 184, 182, 184, 179, 182, 180,
    182, 182, 179, 180, 180, 179, 181 ]
RHandPositionsY: [ 90, 90, 95, 93, 92, 92, 84, 79, 78, 77, 77, 75, 76,
    82, 91, 91, 90, 86, 80, 79, 77, 76, 77, 73, 81, 88, 94, 90, 88, 89,
    85, 83, 82, 86, 86, 91, 93, 96, 92, 90, 90, 88, 86, 82, 81, 84, 90,
    98, 99, 105, 100, 93, 95, 95, 95, 96, 99, 104, 107, 111, 107, 102,
    102, 101, 100, 101, 111, 125, 137, 151, 161, 174, 185, 193, 200, 209,
    221, 222, 233, 239, 236, 238, 240, 243, 240, 239, 241, 240 ]
