%YAML:1.0
---
videoName: "RHShake14.mp4"
gestureLabel: 2
fps: 30
pixelSizeInCmTemp: 3.2808219178082193e-01
faceCenterPointX: 277
faceCenterPointY: 42
LHandPositionsX: [ 376, 378, 377, 375, 375, 375, 377, 378, 377, 375, 376,
    375, 375, 375, 376, 375, 376, 375, 373, 375, 372, 372, 375, 372, 375,
    374, 375, 372, 374, 376, 372, 375, 376, 376, 373, 376, 374, 373, 375,
    373, 372, 374, 372, 375, 373, 372, 374, 376, 374, 376, 374, 372, 376,
    376, 372, 375, 375, 374, 375, 375, 372, 372, 372, 372, 374, 376, 375,
    376, 373, 374, 374, 376, 376, 372, 373, 373, 376, 372, 374, 373, 374,
    374, 372, 375, 376, 375, 372, 373, 374, 372, 374 ]
LHandPositionsY: [ 229, 232, 232, 233, 230, 230, 229, 232, 232, 233, 232,
    229, 231, 230, 229, 233, 231, 231, 229, 232, 233, 230, 232, 231, 231,
    232, 233, 229, 230, 230, 231, 231, 233, 232, 229, 232, 229, 229, 232,
    232, 231, 232, 233, 229, 233, 229, 231, 232, 231, 233, 232, 233, 231,
    231, 231, 232, 229, 230, 232, 229, 232, 233, 231, 230, 232, 230, 230,
    230, 233, 230, 230, 230, 230, 233, 231, 233, 230, 229, 229, 229, 233,
    232, 231, 229, 232, 233, 233, 230, 231, 229, 229 ]
RHandPositionsX: [ 171, 170, 171, 170, 173, 173, 171, 170, 172, 172, 171,
    171, 173, 171, 171, 173, 173, 173, 172, 173, 174, 170, 172, 172, 173,
    173, 170, 167, 159, 150, 137, 125, 123, 116, 119, 123, 126, 130, 136,
    137, 145, 145, 146, 144, 145, 145, 147, 151, 155, 159, 160, 159, 152,
    151, 154, 158, 161, 166, 166, 163, 157, 156, 157, 155, 159, 166, 162,
    170, 175, 179, 179, 177, 176, 177, 174, 170, 179, 180, 173, 172, 174,
    171, 172, 171, 173, 172, 170, 173, 173, 174, 173 ]
RHandPositionsY: [ 242, 239, 243, 241, 241, 243, 240, 240, 240, 241, 243,
    242, 241, 242, 243, 241, 243, 241, 242, 241, 241, 243, 239, 243, 239,
    246, 246, 232, 215, 195, 172, 155, 133, 114, 116, 109, 106, 108, 115,
    117, 115, 103, 99, 92, 90, 86, 83, 82, 84, 83, 81, 76, 79, 78, 78,
    74, 82, 84, 80, 76, 79, 75, 74, 78, 81, 82, 88, 108, 122, 131, 147,
    160, 169, 179, 192, 196, 200, 205, 210, 218, 216, 223, 220, 230, 235,
    233, 233, 234, 233, 237, 237 ]
