%YAML:1.0
---
videoName: "RHShake17.mp4"
gestureLabel: 2
fps: 29
pixelSizeInCmTemp: 3.3732394366197183e-01
faceCenterPointX: 282
faceCenterPointY: 40
LHandPositionsX: [ 305, 308, 305, 309, 307, 309, 306, 307, 305, 309, 307,
    308, 306, 307, 305, 306, 306, 307, 306, 309, 306, 305, 309, 306, 308,
    308, 306, 309, 307, 306, 309, 306, 307, 307, 308, 305, 305, 306, 307,
    309, 310, 306, 310, 309, 306, 308, 310, 307, 307, 307, 308, 310, 307,
    309, 307, 308, 310, 307, 307, 307, 309, 309, 309, 308, 309, 310, 309,
    307, 309, 308, 311, 307, 310, 308, 309, 308, 310, 310, 309, 308, 305,
    307, 307, 307, 305, 309, 307, 309 ]
LHandPositionsY: [ 231, 235, 233, 233, 231, 234, 231, 232, 231, 231, 233,
    233, 235, 231, 231, 232, 231, 233, 232, 233, 231, 233, 234, 235, 235,
    232, 231, 234, 234, 235, 232, 234, 234, 233, 232, 231, 235, 232, 233,
    231, 233, 233, 233, 232, 235, 235, 235, 233, 231, 232, 233, 232, 233,
    235, 234, 231, 235, 234, 234, 232, 234, 235, 233, 235, 232, 232, 234,
    234, 232, 231, 234, 232, 231, 233, 233, 233, 235, 233, 233, 231, 235,
    234, 232, 234, 233, 235, 233, 234 ]
RHandPositionsX: [ 213, 196, 177, 162, 138, 141, 142, 146, 144, 144, 146,
    150, 155, 151, 149, 145, 145, 140, 143, 146, 161, 157, 155, 152, 150,
    149, 147, 145, 145, 153, 152, 160, 158, 153, 149, 146, 141, 142, 138,
    154, 155, 155, 155, 160, 156, 152, 148, 150, 155, 156, 169, 170, 166,
    161, 161, 157, 148, 152, 145, 150, 151, 166, 173, 178, 178, 177, 177,
    177, 174, 170, 177, 170, 171, 171, 169, 166, 169, 172, 171, 169, 169,
    171, 168, 166, 169, 170, 168, 169 ]
RHandPositionsY: [ 203, 187, 166, 147, 127, 113, 110, 101, 95, 92, 99,
    90, 82, 77, 75, 70, 71, 69, 70, 72, 79, 76, 74, 70, 67, 67, 67, 69,
    65, 69, 68, 67, 64, 66, 68, 63, 63, 64, 68, 82, 83, 83, 80, 78, 77,
    75, 73, 72, 75, 77, 92, 89, 86, 83, 78, 78, 80, 79, 76, 84, 91, 106,
    118, 134, 146, 158, 169, 183, 189, 196, 209, 215, 221, 231, 234, 236,
    240, 241, 241, 239, 241, 243, 244, 241, 241, 242, 246, 243 ]
