%YAML:1.0
---
videoName: "RHShake14.mp4"
gestureLabel: 2
fps: 30
pixelSizeInCmTemp: 3.2808219178082193e-01
faceCenterPointX: 277
faceCenterPointY: 42
LHandPositionsX: [ 376, 379, 376, 379, 377, 377, 379, 376, 376, 378, 379,
    377, 378, 376, 375, 377, 376, 376, 372, 376, 375, 373, 376, 376, 375,
    372, 375, 375, 375, 374, 372, 372, 374, 375, 376, 373, 373, 374, 373,
    372, 375, 372, 376, 372, 375, 372, 374, 372, 374, 374, 376, 373, 372,
    373, 375, 374, 373, 372, 376, 374, 372, 373, 375, 376, 375, 374, 372,
    375, 374, 374, 374, 375, 372, 376, 376, 372, 372, 372, 374, 374, 372,
    372, 376, 375, 372, 373, 376, 372, 372, 374, 374 ]
LHandPositionsY: [ 231, 232, 231, 231, 230, 229, 230, 230, 233, 230, 230,
    229, 229, 231, 230, 231, 230, 232, 230, 233, 232, 230, 229, 232, 231,
    230, 229, 230, 232, 233, 230, 229, 232, 233, 232, 230, 231, 231, 230,
    230, 232, 232, 232, 230, 233, 231, 232, 233, 232, 232, 232, 230, 232,
    232, 232, 232, 230, 233, 232, 230, 232, 233, 232, 230, 232, 232, 229,
    233, 230, 232, 229, 233, 233, 233, 230, 230, 232, 232, 229, 231, 229,
    232, 229, 230, 230, 233, 230, 229, 232, 233, 230 ]
RHandPositionsX: [ 170, 171, 170, 173, 174, 172, 171, 172, 171, 172, 172,
    172, 171, 170, 170, 170, 171, 171, 174, 173, 171, 172, 170, 174, 170,
    174, 171, 170, 159, 150, 134, 129, 122, 115, 118, 124, 127, 129, 135,
    138, 142, 145, 146, 145, 147, 144, 151, 152, 157, 163, 156, 158, 155,
    151, 156, 156, 163, 168, 166, 161, 158, 153, 158, 156, 159, 164, 163,
    169, 175, 176, 176, 177, 178, 179, 173, 174, 175, 177, 175, 171, 173,
    170, 173, 170, 172, 172, 170, 173, 174, 171, 174 ]
RHandPositionsY: [ 239, 241, 239, 239, 239, 242, 241, 243, 243, 242, 240,
    242, 240, 241, 243, 242, 241, 241, 240, 243, 242, 243, 239, 242, 239,
    245, 247, 235, 213, 194, 171, 151, 134, 115, 115, 107, 105, 110, 115,
    117, 119, 104, 99, 92, 89, 84, 85, 86, 82, 84, 81, 78, 77, 75, 76,
    77, 80, 83, 78, 79, 80, 78, 75, 76, 78, 83, 88, 106, 122, 134, 144,
    158, 169, 179, 191, 196, 199, 202, 210, 216, 217, 221, 222, 226, 235,
    231, 232, 233, 235, 234, 234 ]
