%YAML:1.0
---
videoName: "RHShake10.mp4"
gestureLabel: 2
fps: 29
pixelSizeInCmTemp: 3.1933333333333330e-01
faceCenterPointX: 295
faceCenterPointY: 45
LHandPositionsX: [ 339, 340, 342, 341, 342, 339, 335, 334, 331, 333, 332,
    333, 328, 327, 327, 326, 329, 326, 329, 327, 330, 328, 326, 328, 330,
    330, 327, 328, 327, 328, 326, 328, 330, 330, 327, 328, 328, 329, 326,
    330, 326, 330, 328, 329, 329, 326, 330, 327, 330, 327, 327, 329, 327,
    326, 326, 326, 327, 326, 327, 328, 326, 330, 326, 330, 327, 329, 328,
    329, 330, 326, 327, 329, 326, 329, 329, 328, 327, 328, 327, 331, 331,
    329, 328, 329, 328, 329, 328, 326 ]
LHandPositionsY: [ 263, 267, 269, 264, 266, 266, 266, 270, 271, 270, 268,
    271, 273, 272, 271, 271, 272, 272, 273, 272, 274, 272, 274, 274, 272,
    270, 274, 274, 269, 269, 273, 271, 271, 273, 270, 270, 270, 270, 272,
    270, 272, 269, 272, 269, 268, 269, 268, 269, 268, 270, 272, 269, 272,
    271, 269, 272, 271, 271, 272, 268, 268, 270, 269, 271, 269, 270, 271,
    269, 268, 269, 271, 269, 271, 267, 269, 268, 271, 267, 268, 270, 270,
    271, 270, 267, 268, 272, 270, 272 ]
RHandPositionsX: [ 261, 259, 260, 262, 263, 260, 263, 263, 257, 261, 262,
    258, 257, 261, 258, 260, 258, 253, 259, 251, 239, 222, 200, 183, 169,
    156, 134, 138, 139, 139, 144, 152, 152, 161, 165, 163, 159, 157, 159,
    156, 163, 170, 179, 182, 174, 178, 174, 171, 170, 169, 173, 187, 191,
    193, 193, 180, 180, 178, 176, 178, 179, 191, 191, 192, 190, 181, 177,
    175, 176, 179, 179, 193, 196, 204, 215, 217, 228, 230, 234, 244, 251,
    253, 252, 256, 264, 260, 260, 259 ]
RHandPositionsY: [ 265, 266, 263, 263, 266, 264, 266, 266, 265, 265, 264,
    268, 266, 269, 269, 265, 269, 268, 265, 257, 245, 229, 209, 193, 172,
    153, 130, 116, 111, 100, 86, 89, 90, 89, 88, 84, 81, 76, 79, 78, 80,
    84, 88, 83, 80, 77, 78, 74, 76, 80, 86, 89, 87, 95, 86, 82, 83, 84,
    81, 82, 89, 91, 91, 91, 87, 89, 82, 82, 83, 85, 93, 107, 128, 145,
    160, 178, 195, 215, 226, 244, 260, 257, 261, 265, 266, 266, 265, 269 ]
