%YAML:1.0
---
videoName: "RHShake00.mp4"
gestureLabel: 2
fps: 29
pixelSizeInCmTemp: 3.4710144927536229e-01
faceCenterPointX: 283
faceCenterPointY: 97
LHandPositionsX: [ 342, 346, 342, 342, 345, 342, 343, 342, 342, 346, 344,
    343, 346, 345, 343, 344, 343, 343, 346, 342, 344, 345, 342, 342, 345,
    344, 345, 342, 345, 344, 346, 342, 343, 342, 346, 343, 346, 344, 344,
    344, 344, 344, 344, 342, 343, 345, 346, 346, 343, 346, 346, 345, 345,
    345, 344, 345, 344, 344, 342, 344, 344, 343, 344, 342, 343, 344, 342,
    342, 342, 342, 345, 345, 343, 345, 345, 345, 346, 346, 342, 343, 346,
    344, 342, 343, 345, 345, 344, 342 ]
LHandPositionsY: [ 273, 272, 274, 274, 273, 274, 276, 274, 274, 275, 276,
    272, 273, 275, 274, 273, 275, 276, 275, 273, 274, 273, 273, 274, 273,
    276, 272, 276, 275, 274, 273, 273, 275, 276, 275, 276, 275, 273, 276,
    275, 272, 275, 272, 272, 276, 274, 275, 276, 272, 272, 273, 272, 274,
    273, 272, 273, 272, 273, 272, 274, 276, 276, 276, 273, 276, 273, 275,
    275, 275, 276, 272, 274, 276, 276, 273, 272, 276, 276, 276, 272, 273,
    273, 274, 272, 272, 273, 274, 274 ]
RHandPositionsX: [ 177, 174, 169, 156, 150, 146, 148, 146, 142, 141, 145,
    148, 149, 168, 169, 165, 168, 169, 162, 160, 152, 151, 150, 148, 154,
    166, 165, 168, 168, 163, 158, 148, 150, 145, 152, 154, 164, 161, 163,
    165, 163, 155, 151, 145, 140, 146, 148, 153, 155, 156, 158, 162, 156,
    152, 145, 145, 143, 147, 154, 160, 162, 164, 169, 161, 155, 150, 146,
    141, 141, 148, 150, 155, 156, 162, 163, 168, 169, 173, 178, 182, 182,
    187, 188, 191, 192, 195, 197, 199 ]
RHandPositionsY: [ 258, 250, 242, 221, 204, 186, 178, 166, 160, 152, 142,
    137, 131, 135, 136, 138, 132, 133, 126, 123, 124, 124, 118, 118, 129,
    131, 136, 132, 138, 131, 127, 127, 127, 123, 132, 133, 138, 138, 137,
    139, 140, 137, 132, 131, 128, 135, 134, 136, 136, 138, 140, 140, 136,
    133, 129, 132, 132, 133, 139, 144, 148, 143, 146, 147, 142, 136, 140,
    137, 141, 147, 156, 164, 169, 177, 180, 190, 200, 208, 216, 220, 228,
    234, 241, 246, 251, 257, 264, 260 ]
