%YAML:1.0
---
videoName: "RHShake08.mp4"
gestureLabel: 2
fps: 29
pixelSizeInCmTemp: 3.2808219178082193e-01
faceCenterPointX: 290
faceCenterPointY: 45
LHandPositionsX: [ 314, 314, 313, 313, 316, 314, 313, 316, 313, 310, 311,
    309, 309, 312, 308, 311, 310, 307, 306, 308, 307, 307, 309, 307, 309,
    308, 308, 307, 308, 309, 310, 310, 310, 309, 309, 307, 306, 308, 306,
    309, 310, 309, 306, 305, 306, 310, 307, 305, 309, 309, 307, 308, 308,
    306, 307, 308, 305, 309, 306, 309, 308, 305, 308, 308, 305, 306, 307,
    305, 308, 309, 309, 307, 308, 305, 307, 305, 306, 307, 305, 305, 305,
    307, 310, 307, 311, 310, 307, 309 ]
LHandPositionsY: [ 281, 280, 279, 279, 281, 280, 281, 283, 282, 283, 284,
    281, 281, 285, 283, 283, 285, 285, 284, 281, 281, 283, 285, 282, 285,
    283, 283, 285, 281, 285, 283, 285, 282, 281, 281, 284, 284, 281, 285,
    282, 285, 281, 283, 284, 281, 284, 284, 281, 283, 281, 283, 281, 283,
    282, 280, 284, 282, 284, 282, 282, 280, 280, 282, 284, 283, 282, 280,
    284, 283, 282, 280, 281, 282, 283, 280, 284, 283, 283, 280, 280, 284,
    284, 280, 283, 283, 280, 282, 283 ]
RHandPositionsX: [ 268, 270, 272, 271, 270, 269, 273, 276, 268, 258, 259,
    254, 250, 235, 219, 201, 188, 166, 154, 161, 165, 176, 197, 198, 206,
    201, 195, 190, 185, 181, 188, 189, 202, 200, 195, 192, 184, 183, 178,
    176, 192, 188, 190, 187, 181, 177, 172, 175, 173, 184, 185, 187, 189,
    190, 193, 188, 187, 204, 202, 218, 213, 208, 206, 197, 200, 196, 202,
    207, 213, 210, 214, 217, 225, 229, 242, 249, 253, 264, 261, 265, 268,
    267, 268, 269, 272, 276, 274, 272 ]
RHandPositionsY: [ 266, 270, 270, 269, 268, 268, 269, 269, 267, 265, 256,
    243, 233, 220, 205, 183, 173, 150, 130, 130, 113, 109, 104, 104, 110,
    105, 97, 94, 92, 93, 90, 91, 94, 94, 93, 92, 88, 89, 89, 87, 94, 94,
    94, 94, 89, 85, 88, 86, 89, 93, 95, 95, 98, 95, 95, 89, 91, 95, 98,
    94, 99, 99, 94, 92, 92, 93, 95, 98, 106, 108, 110, 123, 133, 142,
    158, 178, 192, 215, 230, 243, 259, 262, 259, 262, 260, 263, 266, 265 ]
