%YAML:1.0
---
videoName: "RHShake09.mp4"
gestureLabel: 2
fps: 29
pixelSizeInCmTemp: 3.1103896103896100e-01
faceCenterPointX: 296
faceCenterPointY: 48
LHandPositionsX: [ 324, 324, 325, 322, 326, 322, 322, 323, 319, 319, 317,
    317, 313, 311, 311, 312, 309, 309, 311, 310, 309, 309, 307, 305, 309,
    308, 305, 305, 306, 305, 306, 308, 311, 308, 307, 310, 310, 308, 307,
    309, 307, 309, 307, 311, 311, 311, 313, 311, 310, 313, 314, 314, 314,
    314, 313, 315, 316, 312, 314, 316, 317, 314, 314, 313, 316, 314, 315,
    318, 314, 314, 317, 314, 317, 314, 315, 316, 317, 314, 315, 314, 317,
    314, 317, 316, 317, 315, 315, 314 ]
LHandPositionsY: [ 266, 269, 271, 267, 269, 269, 271, 271, 270, 271, 270,
    271, 271, 273, 274, 276, 275, 274, 272, 275, 275, 276, 274, 273, 273,
    273, 274, 276, 274, 275, 274, 274, 275, 275, 276, 275, 275, 274, 276,
    273, 276, 275, 277, 276, 274, 273, 274, 276, 273, 277, 275, 275, 275,
    276, 274, 272, 277, 274, 275, 272, 275, 274, 273, 276, 276, 276, 272,
    274, 275, 273, 275, 272, 274, 272, 275, 273, 274, 272, 272, 274, 275,
    274, 273, 272, 276, 275, 274, 271 ]
RHandPositionsX: [ 263, 263, 264, 265, 264, 262, 261, 263, 264, 263, 263,
    260, 260, 259, 260, 260, 260, 259, 259, 259, 256, 255, 255, 255, 257,
    255, 258, 255, 256, 255, 263, 262, 253, 242, 225, 202, 190, 175, 169,
    170, 172, 171, 183, 185, 188, 187, 184, 179, 180, 176, 189, 191, 188,
    201, 194, 187, 178, 176, 177, 186, 181, 184, 195, 189, 189, 181, 174,
    171, 175, 182, 184, 187, 185, 180, 180, 179, 183, 177, 184, 189, 189,
    191, 201, 204, 207, 214, 227, 239 ]
RHandPositionsY: [ 261, 266, 265, 262, 263, 264, 268, 267, 264, 267, 269,
    269, 266, 267, 267, 265, 265, 267, 269, 269, 269, 269, 269, 266, 266,
    267, 268, 269, 269, 269, 268, 258, 248, 231, 216, 197, 176, 158, 135,
    132, 115, 111, 104, 109, 111, 104, 100, 91, 88, 89, 87, 95, 96, 96,
    94, 93, 90, 89, 86, 89, 93, 97, 99, 94, 92, 88, 85, 88, 90, 98, 96,
    99, 94, 92, 92, 90, 91, 90, 97, 107, 104, 109, 122, 134, 142, 153,
    170, 188 ]
