%YAML:1.0
---
videoName: "RHShake05.mp4"
gestureLabel: 2
fps: 30
pixelSizeInCmTemp: 3.1103896103896100e-01
faceCenterPointX: 295
faceCenterPointY: 47
LHandPositionsX: [ 412, 412, 409, 410, 411, 409, 408, 411, 410, 409, 408,
    410, 410, 412, 411, 408, 412, 409, 410, 410, 409, 411, 411, 408, 409,
    411, 408, 409, 410, 412, 408, 408, 410, 408, 409, 410, 412, 412, 410,
    410, 411, 411, 411, 411, 410, 409, 409, 412, 408, 412, 408, 412, 411,
    410, 411, 411, 412, 411, 411, 410, 412, 412, 410, 412, 411, 411, 412,
    412, 410, 408, 409, 409, 412, 411, 408, 410, 408, 412, 410, 410, 412,
    410, 411, 409, 411, 409, 412, 412, 411, 410, 412 ]
LHandPositionsY: [ 259, 260, 259, 257, 259, 259, 258, 257, 257, 258, 260,
    260, 261, 258, 258, 257, 259, 257, 258, 257, 260, 260, 259, 261, 258,
    259, 259, 257, 259, 261, 259, 257, 259, 257, 260, 258, 261, 259, 257,
    257, 259, 260, 259, 260, 258, 258, 259, 260, 257, 259, 259, 258, 259,
    258, 259, 261, 261, 260, 261, 260, 257, 259, 261, 261, 260, 259, 258,
    258, 260, 261, 261, 259, 260, 257, 259, 261, 259, 257, 260, 258, 259,
    261, 260, 260, 259, 257, 257, 260, 259, 261, 259 ]
RHandPositionsX: [ 177, 177, 175, 174, 176, 175, 173, 177, 177, 176, 174,
    172, 172, 173, 175, 174, 172, 174, 171, 172, 172, 173, 174, 174, 173,
    178, 179, 180, 173, 167, 148, 156, 152, 158, 162, 177, 191, 198, 189,
    183, 173, 174, 168, 168, 177, 176, 191, 183, 178, 172, 172, 169, 169,
    174, 180, 192, 183, 180, 175, 172, 170, 168, 175, 189, 192, 193, 187,
    179, 181, 181, 181, 180, 190, 195, 196, 189, 181, 172, 173, 171, 171,
    176, 181, 184, 191, 191, 181, 177, 176, 179, 176 ]
RHandPositionsY: [ 258, 261, 261, 259, 261, 260, 258, 261, 261, 259, 260,
    261, 259, 258, 258, 262, 260, 260, 258, 259, 260, 260, 259, 257, 260,
    250, 231, 207, 181, 156, 133, 129, 105, 93, 88, 93, 94, 92, 88, 87,
    81, 81, 78, 80, 83, 85, 84, 79, 81, 75, 75, 74, 79, 86, 85, 91, 88,
    86, 84, 84, 83, 82, 89, 93, 95, 92, 89, 85, 83, 84, 85, 86, 89, 89,
    91, 90, 88, 87, 89, 91, 110, 135, 156, 180, 202, 219, 224, 234, 243,
    250, 249 ]
