%YAML:1.0
---
videoName: "RHShake09.mp4"
gestureLabel: 2
fps: 29
pixelSizeInCmTemp: 3.1103896103896100e-01
faceCenterPointX: 296
faceCenterPointY: 48
LHandPositionsX: [ 328, 324, 326, 326, 324, 326, 324, 323, 318, 316, 319,
    317, 314, 313, 313, 312, 309, 309, 312, 309, 308, 309, 308, 306, 308,
    308, 304, 307, 305, 306, 305, 310, 311, 310, 310, 309, 309, 310, 310,
    310, 310, 308, 311, 308, 312, 311, 313, 311, 314, 312, 311, 311, 314,
    313, 312, 316, 312, 312, 313, 313, 313, 317, 317, 316, 315, 316, 314,
    314, 315, 315, 318, 318, 318, 315, 315, 317, 316, 317, 314, 316, 314,
    314, 318, 314, 315, 314, 315, 314 ]
LHandPositionsY: [ 265, 269, 270, 269, 267, 268, 268, 271, 271, 274, 270,
    273, 273, 272, 273, 274, 275, 273, 275, 274, 274, 274, 274, 275, 274,
    275, 276, 276, 273, 275, 277, 275, 276, 274, 277, 276, 274, 276, 277,
    275, 273, 276, 273, 276, 275, 274, 277, 276, 274, 274, 273, 275, 274,
    277, 275, 272, 275, 276, 276, 273, 273, 272, 272, 272, 276, 275, 275,
    273, 275, 275, 272, 273, 273, 276, 273, 275, 274, 275, 275, 272, 272,
    272, 275, 275, 272, 276, 275, 272 ]
RHandPositionsX: [ 262, 265, 266, 264, 264, 265, 261, 265, 261, 263, 262,
    261, 259, 260, 259, 259, 259, 257, 256, 258, 256, 255, 257, 257, 256,
    254, 257, 254, 253, 255, 264, 262, 253, 241, 223, 203, 190, 177, 167,
    170, 175, 173, 183, 185, 185, 186, 184, 179, 180, 176, 189, 188, 189,
    201, 194, 184, 178, 177, 178, 185, 182, 185, 197, 188, 186, 180, 176,
    174, 175, 180, 184, 188, 186, 180, 179, 180, 180, 177, 186, 191, 193,
    192, 201, 203, 210, 215, 225, 236 ]
RHandPositionsY: [ 262, 264, 262, 264, 267, 264, 266, 268, 265, 265, 265,
    269, 265, 267, 268, 265, 267, 265, 267, 267, 266, 266, 266, 266, 268,
    267, 267, 267, 266, 266, 266, 258, 246, 231, 212, 196, 177, 158, 136,
    133, 118, 111, 107, 111, 107, 103, 101, 89, 89, 86, 90, 95, 97, 96,
    95, 94, 88, 87, 88, 90, 96, 95, 100, 95, 91, 84, 88, 89, 88, 96, 96,
    97, 96, 93, 92, 93, 87, 91, 98, 107, 105, 107, 123, 134, 142, 153,
    169, 184 ]
