%YAML:1.0
---
videoName: "RHShake21.mp4"
gestureLabel: 2
fps: 29
pixelSizeInCmTemp: 3.3732394366197183e-01
faceCenterPointX: 293
faceCenterPointY: 47
LHandPositionsX: [ 398, 396, 395, 397, 396, 398, 398, 396, 395, 395, 398,
    397, 396, 397, 396, 394, 394, 396, 394, 398, 398, 396, 394, 394, 397,
    395, 396, 394, 397, 396, 395, 395, 397, 394, 397, 396, 397, 394, 394,
    395, 397, 396, 398, 394, 395, 398, 394, 398, 396, 397, 398, 394, 396,
    395, 398, 396, 397, 397, 397, 395, 396, 397, 397, 394, 398, 395, 395,
    397, 396, 396, 398, 397, 394, 396, 394, 395, 395, 395, 398, 394, 397,
    398, 394, 396, 398, 397, 395, 398 ]
LHandPositionsY: [ 242, 241, 238, 242, 241, 241, 241, 238, 239, 242, 240,
    242, 238, 239, 238, 240, 242, 239, 239, 239, 242, 240, 239, 241, 241,
    239, 242, 238, 238, 241, 239, 238, 241, 239, 241, 238, 239, 238, 240,
    239, 240, 239, 239, 241, 239, 241, 239, 240, 242, 239, 241, 240, 241,
    240, 238, 239, 241, 240, 238, 242, 238, 241, 238, 238, 242, 238, 239,
    241, 242, 238, 239, 238, 238, 238, 239, 240, 238, 238, 242, 239, 240,
    239, 240, 238, 241, 238, 238, 240 ]
RHandPositionsX: [ 135, 138, 144, 145, 146, 144, 146, 140, 139, 132, 136,
    139, 146, 147, 148, 147, 145, 142, 137, 136, 136, 137, 141, 143, 148,
    148, 151, 152, 144, 143, 139, 138, 138, 140, 143, 146, 151, 153, 150,
    145, 143, 139, 137, 133, 135, 139, 144, 146, 149, 148, 145, 144, 140,
    134, 135, 133, 138, 146, 154, 164, 172, 177, 177, 180, 181, 182, 187,
    188, 185, 185, 190, 189, 187, 186, 189, 188, 188, 187, 189, 185, 186,
    189, 189, 186, 186, 186, 185, 189 ]
RHandPositionsY: [ 81, 89, 87, 89, 90, 84, 82, 82, 84, 79, 83, 83, 88,
    88, 93, 92, 91, 88, 87, 84, 85, 82, 83, 87, 88, 89, 92, 94, 89, 87,
    88, 84, 83, 85, 85, 90, 94, 94, 94, 91, 87, 89, 88, 87, 82, 90, 95,
    95, 97, 97, 95, 98, 93, 95, 93, 93, 97, 103, 117, 128, 138, 153, 150,
    149, 162, 168, 179, 191, 199, 208, 214, 215, 222, 227, 224, 224, 229,
    230, 228, 229, 229, 227, 230, 230, 227, 229, 228, 231 ]
