%YAML:1.0
---
videoName: "RHShake16.mp4"
gestureLabel: 2
fps: 29
pixelSizeInCmTemp: 3.2808219178082193e-01
faceCenterPointX: 281
faceCenterPointY: 44
LHandPositionsX: [ 372, 373, 371, 369, 371, 371, 372, 370, 370, 372, 373,
    372, 370, 372, 371, 371, 371, 372, 369, 369, 372, 369, 373, 371, 371,
    371, 372, 371, 372, 370, 370, 369, 372, 370, 371, 372, 372, 370, 369,
    369, 369, 373, 372, 372, 372, 371, 370, 373, 373, 373, 371, 370, 372,
    371, 372, 371, 370, 371, 373, 370, 372, 370, 370, 371, 370, 370, 373,
    371, 372, 372, 371, 372, 371, 369, 369, 371, 373, 371, 370, 369, 372,
    371, 373, 373, 372, 370, 372, 372 ]
LHandPositionsY: [ 234, 233, 234, 234, 231, 231, 233, 234, 230, 234, 233,
    230, 232, 233, 232, 230, 231, 233, 231, 231, 233, 232, 233, 232, 233,
    231, 230, 231, 233, 232, 231, 234, 232, 231, 233, 233, 234, 234, 232,
    232, 230, 230, 232, 231, 233, 233, 230, 233, 230, 233, 231, 230, 231,
    233, 233, 230, 232, 232, 230, 230, 233, 232, 230, 231, 230, 230, 230,
    231, 229, 232, 229, 229, 229, 232, 230, 229, 233, 229, 233, 233, 233,
    229, 232, 231, 229, 230, 230, 229 ]
RHandPositionsX: [ 170, 168, 170, 168, 171, 167, 167, 167, 167, 171, 167,
    169, 170, 170, 167, 170, 170, 166, 162, 157, 155, 149, 136, 131, 127,
    121, 116, 122, 121, 122, 127, 132, 135, 143, 146, 138, 135, 137, 137,
    137, 139, 145, 148, 149, 150, 146, 150, 146, 148, 145, 148, 152, 150,
    151, 149, 146, 149, 144, 146, 150, 152, 159, 153, 151, 156, 153, 147,
    152, 152, 159, 165, 169, 174, 176, 175, 175, 175, 172, 171, 172, 169,
    169, 169, 171, 169, 170, 169, 168 ]
RHandPositionsY: [ 268, 268, 269, 266, 267, 267, 268, 267, 266, 268, 267,
    269, 268, 266, 269, 266, 265, 264, 257, 244, 220, 197, 177, 161, 146,
    128, 114, 117, 111, 108, 104, 103, 97, 97, 96, 96, 91, 91, 90, 87,
    87, 91, 89, 90, 88, 86, 86, 84, 87, 87, 88, 89, 87, 88, 87, 88, 85,
    89, 88, 87, 93, 89, 88, 88, 87, 86, 90, 94, 101, 119, 134, 148, 158,
    171, 182, 191, 196, 202, 210, 219, 222, 221, 225, 232, 239, 234, 237,
    237 ]
