%YAML:1.0
---
videoName: "RHShake09.mp4"
gestureLabel: 2
fps: 29
pixelSizeInCmTemp: 3.1103896103896100e-01
faceCenterPointX: 296
faceCenterPointY: 48
LHandPositionsX: [ 324, 327, 325, 324, 326, 326, 325, 323, 319, 315, 318,
    314, 316, 314, 313, 313, 310, 312, 311, 307, 310, 310, 309, 309, 306,
    306, 308, 305, 306, 309, 305, 307, 307, 310, 308, 307, 310, 308, 307,
    310, 309, 307, 308, 311, 311, 309, 313, 314, 313, 313, 312, 313, 312,
    312, 313, 314, 315, 314, 314, 316, 313, 315, 314, 314, 315, 314, 314,
    315, 317, 318, 314, 318, 314, 317, 313, 317, 314, 314, 316, 315, 315,
    315, 316, 316, 315, 317, 314, 315 ]
LHandPositionsY: [ 269, 269, 269, 271, 270, 269, 272, 271, 271, 273, 273,
    274, 271, 276, 275, 273, 272, 276, 276, 275, 275, 274, 273, 275, 273,
    274, 274, 275, 273, 277, 275, 273, 276, 277, 275, 274, 274, 276, 276,
    276, 274, 277, 275, 275, 273, 277, 276, 274, 273, 274, 277, 276, 277,
    276, 276, 276, 277, 276, 274, 274, 274, 273, 273, 276, 275, 273, 274,
    273, 272, 275, 276, 273, 272, 274, 276, 276, 272, 274, 275, 272, 274,
    276, 275, 274, 273, 275, 272, 272 ]
RHandPositionsX: [ 264, 266, 265, 263, 261, 265, 261, 262, 262, 260, 259,
    262, 260, 257, 261, 257, 260, 256, 256, 256, 256, 256, 255, 255, 257,
    256, 257, 255, 256, 256, 262, 262, 257, 242, 223, 205, 191, 179, 168,
    173, 173, 171, 183, 184, 186, 186, 182, 179, 181, 174, 185, 190, 189,
    199, 192, 187, 179, 176, 179, 186, 184, 185, 197, 188, 185, 184, 176,
    174, 172, 180, 184, 191, 186, 180, 177, 180, 183, 181, 182, 192, 191,
    191, 199, 201, 210, 216, 229, 236 ]
RHandPositionsY: [ 260, 266, 262, 262, 263, 267, 264, 266, 266, 267, 266,
    266, 266, 268, 266, 268, 265, 265, 269, 266, 266, 265, 267, 267, 267,
    265, 269, 265, 269, 269, 269, 258, 246, 231, 214, 195, 177, 159, 137,
    132, 116, 111, 104, 109, 109, 102, 101, 88, 86, 87, 86, 97, 98, 95,
    95, 91, 89, 90, 85, 91, 95, 95, 96, 96, 92, 84, 89, 89, 92, 98, 96,
    99, 93, 96, 94, 89, 87, 93, 99, 107, 105, 110, 124, 131, 142, 156,
    169, 185 ]
