%YAML:1.0
---
videoName: "RHShake05.mp4"
gestureLabel: 2
fps: 30
pixelSizeInCmTemp: 3.1103896103896100e-01
faceCenterPointX: 295
faceCenterPointY: 47
LHandPositionsX: [ 411, 411, 410, 408, 409, 410, 412, 412, 409, 411, 411,
    411, 412, 411, 408, 410, 409, 411, 408, 411, 412, 412, 408, 410, 408,
    412, 411, 411, 409, 410, 408, 411, 411, 408, 411, 410, 412, 408, 408,
    412, 411, 409, 410, 409, 410, 412, 412, 410, 408, 408, 411, 408, 409,
    411, 412, 410, 409, 412, 410, 409, 411, 412, 409, 410, 412, 408, 409,
    412, 408, 408, 411, 410, 408, 408, 412, 411, 412, 408, 409, 409, 410,
    408, 411, 410, 408, 408, 411, 410, 408, 411, 411 ]
LHandPositionsY: [ 259, 258, 258, 259, 261, 261, 259, 258, 261, 260, 257,
    259, 261, 257, 257, 259, 258, 261, 261, 257, 260, 257, 259, 261, 261,
    259, 257, 261, 259, 259, 257, 258, 261, 259, 258, 258, 259, 261, 260,
    257, 258, 259, 261, 259, 261, 259, 259, 259, 260, 257, 261, 258, 258,
    259, 260, 258, 260, 261, 260, 261, 260, 259, 260, 258, 260, 261, 257,
    258, 258, 261, 257, 260, 257, 258, 261, 258, 259, 257, 259, 259, 257,
    257, 261, 258, 259, 260, 261, 257, 261, 258, 259 ]
RHandPositionsX: [ 177, 175, 176, 175, 173, 176, 175, 176, 174, 174, 173,
    174, 173, 175, 171, 171, 175, 175, 170, 170, 171, 172, 170, 175, 177,
    179, 183, 181, 174, 166, 150, 155, 152, 158, 166, 176, 188, 198, 188,
    182, 177, 172, 172, 169, 175, 176, 188, 183, 175, 173, 170, 169, 170,
    176, 177, 191, 185, 178, 174, 172, 166, 168, 175, 192, 190, 192, 188,
    183, 180, 178, 182, 181, 191, 192, 193, 191, 180, 173, 172, 174, 173,
    174, 180, 186, 189, 192, 182, 180, 177, 178, 179 ]
RHandPositionsY: [ 258, 259, 259, 261, 260, 258, 260, 261, 262, 260, 261,
    259, 261, 260, 261, 259, 261, 262, 258, 259, 262, 259, 260, 259, 258,
    251, 233, 208, 180, 156, 131, 129, 106, 90, 88, 89, 93, 91, 88, 83,
    80, 78, 79, 83, 83, 87, 83, 82, 80, 76, 72, 75, 77, 86, 86, 93, 88,
    86, 85, 81, 81, 83, 86, 94, 93, 93, 90, 87, 82, 83, 81, 87, 88, 90,
    91, 87, 90, 85, 87, 92, 111, 133, 155, 182, 204, 220, 224, 234, 243,
    248, 250 ]
