%YAML:1.0
---
videoName: "RHShake05.mp4"
gestureLabel: 2
fps: 30
pixelSizeInCmTemp: 3.1103896103896100e-01
faceCenterPointX: 295
faceCenterPointY: 47
LHandPositionsX: [ 412, 410, 408, 411, 409, 410, 408, 409, 412, 411, 409,
    408, 408, 409, 410, 411, 408, 412, 408, 411, 412, 409, 411, 412, 410,
    409, 410, 410, 411, 409, 410, 410, 411, 410, 412, 411, 411, 410, 411,
    412, 408, 408, 410, 410, 412, 411, 408, 411, 408, 409, 411, 410, 411,
    409, 409, 411, 409, 410, 411, 409, 412, 411, 410, 411, 411, 411, 408,
    409, 408, 408, 411, 411, 411, 412, 411, 409, 409, 412, 412, 408, 408,
    409, 412, 408, 412, 412, 408, 411, 411, 409, 411 ]
LHandPositionsY: [ 259, 257, 259, 259, 258, 260, 261, 260, 261, 258, 260,
    258, 257, 260, 258, 259, 259, 261, 259, 258, 261, 257, 258, 260, 257,
    258, 259, 258, 260, 259, 261, 261, 257, 258, 257, 259, 258, 260, 260,
    259, 259, 261, 259, 257, 259, 259, 258, 260, 259, 260, 257, 258, 260,
    258, 260, 257, 257, 261, 258, 261, 258, 257, 260, 260, 257, 261, 261,
    259, 257, 257, 260, 259, 259, 260, 260, 258, 258, 258, 261, 258, 259,
    257, 261, 257, 257, 257, 260, 260, 261, 260, 259 ]
RHandPositionsX: [ 173, 175, 174, 175, 173, 175, 177, 177, 174, 177, 175,
    172, 175, 174, 172, 171, 172, 173, 170, 173, 171, 173, 174, 176, 176,
    176, 183, 179, 173, 167, 151, 156, 156, 157, 163, 173, 188, 197, 191,
    184, 175, 174, 172, 169, 175, 180, 189, 185, 178, 173, 169, 170, 168,
    176, 176, 189, 185, 177, 174, 171, 166, 171, 177, 192, 190, 190, 187,
    180, 180, 181, 182, 181, 188, 192, 197, 188, 181, 173, 173, 175, 171,
    175, 181, 187, 190, 188, 182, 181, 177, 176, 179 ]
RHandPositionsY: [ 260, 262, 262, 258, 258, 261, 260, 260, 259, 260, 260,
    259, 259, 261, 261, 260, 262, 260, 261, 258, 258, 261, 260, 257, 259,
    249, 231, 205, 183, 154, 133, 127, 108, 93, 90, 91, 92, 94, 88, 83,
    81, 78, 79, 82, 86, 85, 83, 82, 77, 73, 74, 76, 80, 85, 85, 93, 86,
    85, 85, 80, 84, 83, 88, 92, 95, 93, 87, 88, 85, 82, 82, 87, 89, 92,
    92, 90, 88, 88, 85, 93, 111, 134, 156, 183, 206, 222, 227, 232, 241,
    247, 248 ]
