%YAML:1.0
---
videoName: "RHShake05.mp4"
gestureLabel: 2
fps: 30
pixelSizeInCmTemp: 3.1103896103896100e-01
faceCenterPointX: 295
faceCenterPointY: 47
LHandPositionsX: [ 410, 412, 412, 409, 410, 411, 408, 410, 408, 410, 411,
    410, 410, 412, 409, 408, 412, 412, 412, 408, 409, 408, 412, 411, 412,
    410, 411, 408, 412, 409, 408, 410, 409, 410, 409, 408, 411, 409, 412,
    408, 411, 408, 410, 412, 412, 411, 408, 410, 411, 410, 408, 411, 409,
    412, 409, 412, 411, 409, 412, 408, 411, 408, 411, 409, 410, 409, 412,
    408, 410, 410, 409, 408, 412, 411, 408, 412, 411, 411, 410, 412, 410,
    411, 410, 410, 411, 410, 408, 409, 411, 408, 412 ]
LHandPositionsY: [ 258, 261, 260, 259, 260, 259, 258, 260, 260, 258, 257,
    260, 259, 258, 261, 261, 259, 258, 259, 259, 260, 257, 257, 257, 259,
    258, 257, 257, 261, 258, 257, 259, 258, 261, 257, 258, 257, 258, 258,
    261, 258, 257, 259, 261, 258, 257, 257, 258, 258, 258, 260, 261, 261,
    258, 257, 259, 261, 258, 261, 260, 259, 260, 261, 258, 257, 257, 259,
    258, 257, 260, 261, 259, 261, 261, 258, 257, 259, 257, 260, 260, 258,
    261, 257, 258, 260, 257, 259, 258, 257, 261, 261 ]
RHandPositionsX: [ 175, 174, 173, 174, 176, 174, 176, 175, 176, 176, 172,
    176, 173, 173, 172, 171, 173, 174, 173, 172, 170, 174, 170, 174, 173,
    179, 183, 181, 171, 166, 152, 154, 155, 160, 165, 177, 190, 197, 192,
    182, 177, 172, 171, 168, 175, 176, 190, 185, 177, 174, 170, 166, 168,
    173, 180, 192, 183, 181, 174, 169, 170, 167, 175, 190, 192, 192, 187,
    183, 180, 179, 182, 181, 188, 195, 194, 190, 182, 174, 170, 174, 175,
    175, 181, 184, 189, 188, 184, 180, 180, 177, 177 ]
RHandPositionsY: [ 261, 261, 258, 258, 260, 262, 262, 262, 258, 261, 262,
    262, 261, 258, 259, 262, 258, 262, 259, 260, 258, 259, 263, 257, 256,
    250, 234, 207, 181, 157, 129, 126, 104, 93, 87, 92, 94, 95, 89, 87,
    83, 78, 78, 83, 87, 88, 83, 79, 78, 73, 75, 77, 81, 85, 84, 89, 89,
    87, 84, 83, 82, 84, 86, 91, 91, 92, 89, 86, 82, 85, 81, 88, 91, 89,
    90, 89, 89, 85, 87, 93, 113, 133, 155, 179, 206, 221, 227, 234, 245,
    249, 250 ]
