%YAML:1.0
---
videoName: "RHShake07.mp4"
gestureLabel: 2
fps: 29
pixelSizeInCmTemp: 3.2364864864864862e-01
faceCenterPointX: 292
faceCenterPointY: 44
LHandPositionsX: [ 311, 307, 308, 308, 307, 308, 306, 309, 306, 305, 309,
    308, 312, 308, 311, 310, 312, 312, 312, 311, 312, 313, 311, 311, 314,
    314, 311, 312, 314, 314, 312, 312, 316, 316, 312, 311, 312, 315, 315,
    315, 315, 313, 312, 316, 315, 312, 313, 316, 314, 314, 315, 314, 314,
    313, 315, 314, 312, 316, 315, 314, 315, 312, 316, 312, 313, 314, 312,
    316, 315, 315, 312, 316, 313, 317, 313, 313, 313, 315, 316, 314, 307,
    311, 312, 310, 308, 310, 311, 310 ]
LHandPositionsY: [ 268, 271, 272, 267, 269, 267, 269, 271, 273, 275, 271,
    269, 271, 273, 271, 268, 269, 267, 271, 267, 267, 270, 269, 269, 271,
    269, 268, 267, 271, 270, 271, 267, 270, 270, 268, 268, 267, 268, 269,
    268, 268, 270, 271, 269, 271, 268, 270, 271, 271, 270, 269, 269, 267,
    269, 269, 270, 267, 268, 267, 267, 271, 271, 271, 270, 268, 269, 270,
    267, 271, 267, 271, 266, 269, 266, 268, 270, 268, 266, 269, 272, 272,
    271, 271, 273, 273, 271, 272, 274 ]
RHandPositionsX: [ 264, 266, 268, 267, 266, 263, 267, 267, 266, 271, 266,
    263, 255, 235, 216, 194, 178, 164, 154, 155, 160, 154, 155, 160, 162,
    182, 192, 182, 178, 170, 166, 168, 182, 180, 184, 185, 181, 173, 167,
    166, 172, 176, 179, 184, 186, 181, 177, 172, 165, 163, 166, 184, 183,
    202, 195, 187, 182, 177, 169, 169, 164, 163, 172, 173, 173, 181, 177,
    173, 173, 168, 157, 168, 177, 196, 214, 230, 242, 259, 273, 277, 270,
    271, 271, 264, 262, 267, 266, 268 ]
RHandPositionsY: [ 253, 251, 252, 252, 254, 253, 255, 254, 255, 256, 250,
    242, 229, 216, 203, 183, 169, 157, 134, 132, 127, 112, 122, 124, 125,
    114, 105, 101, 92, 94, 86, 89, 108, 103, 101, 100, 94, 94, 92, 93,
    91, 92, 97, 99, 96, 94, 93, 93, 92, 87, 86, 90, 98, 104, 98, 97, 92,
    94, 92, 90, 86, 91, 90, 90, 90, 91, 88, 89, 87, 89, 94, 117, 136,
    149, 166, 186, 206, 227, 237, 243, 242, 246, 251, 254, 252, 253, 253,
    256 ]
