%YAML:1.0
---
videoName: "RHShake20.mp4"
gestureLabel: 2
fps: 29
pixelSizeInCmTemp: 3.3263888888888887e-01
faceCenterPointX: 286
faceCenterPointY: 45
LHandPositionsX: [ 390, 390, 392, 390, 394, 394, 391, 394, 393, 392, 392,
    393, 393, 393, 392, 392, 394, 391, 391, 394, 391, 393, 393, 392, 392,
    393, 392, 391, 392, 394, 394, 392, 390, 394, 394, 392, 391, 391, 394,
    390, 391, 394, 393, 391, 393, 390, 390, 391, 393, 393, 392, 391, 391,
    391, 394, 394, 390, 393, 393, 390, 392, 394, 391, 393, 391, 394, 390,
    393, 391, 392, 394, 390, 394, 393, 391, 390, 393, 390, 392, 390, 394,
    391, 393, 393, 391, 390, 391, 392 ]
LHandPositionsY: [ 244, 243, 242, 243, 243, 245, 241, 243, 241, 241, 240,
    243, 239, 241, 240, 242, 241, 239, 242, 243, 243, 239, 239, 239, 242,
    239, 239, 241, 239, 242, 243, 239, 240, 241, 241, 241, 240, 243, 241,
    242, 241, 241, 243, 242, 243, 243, 240, 240, 239, 242, 242, 241, 239,
    239, 243, 241, 242, 239, 239, 240, 241, 239, 241, 242, 240, 241, 240,
    239, 242, 240, 240, 240, 239, 243, 242, 239, 240, 241, 242, 241, 242,
    240, 243, 240, 243, 240, 239, 243 ]
RHandPositionsX: [ 164, 161, 158, 154, 151, 154, 154, 157, 157, 156, 160,
    160, 160, 157, 151, 151, 147, 149, 161, 162, 160, 161, 156, 155, 155,
    155, 152, 152, 159, 161, 163, 159, 157, 155, 156, 155, 150, 150, 161,
    165, 168, 167, 166, 164, 158, 153, 155, 153, 157, 164, 168, 166, 168,
    168, 168, 168, 163, 167, 160, 158, 162, 167, 174, 179, 181, 183, 188,
    188, 185, 182, 182, 180, 180, 179, 176, 179, 180, 181, 176, 179, 178,
    177, 180, 176, 178, 178, 178, 180 ]
RHandPositionsY: [ 110, 106, 102, 103, 101, 98, 100, 98, 103, 101, 103,
    102, 99, 98, 97, 97, 99, 106, 113, 112, 114, 115, 113, 111, 106, 106,
    107, 110, 118, 116, 118, 114, 112, 109, 107, 105, 105, 106, 112, 121,
    124, 122, 123, 117, 115, 115, 112, 109, 110, 119, 123, 124, 124, 126,
    125, 122, 114, 113, 113, 112, 117, 122, 133, 137, 146, 157, 167, 179,
    187, 195, 203, 210, 217, 226, 234, 232, 238, 239, 242, 241, 245, 245,
    247, 245, 244, 247, 245, 246 ]
