%YAML:1.0
---
videoName: "RHShake09.mp4"
gestureLabel: 2
fps: 29
pixelSizeInCmTemp: 3.1103896103896100e-01
faceCenterPointX: 296
faceCenterPointY: 48
LHandPositionsX: [ 327, 327, 324, 326, 325, 326, 323, 322, 320, 315, 320,
    317, 315, 310, 311, 310, 309, 308, 312, 310, 307, 310, 307, 307, 308,
    306, 304, 307, 306, 305, 307, 308, 307, 309, 307, 308, 307, 309, 309,
    307, 307, 309, 308, 311, 310, 311, 310, 310, 312, 314, 313, 313, 311,
    313, 315, 314, 316, 316, 312, 313, 315, 315, 315, 314, 315, 313, 318,
    318, 316, 316, 315, 318, 318, 315, 316, 314, 314, 318, 315, 317, 315,
    314, 318, 316, 316, 318, 315, 317 ]
LHandPositionsY: [ 268, 266, 268, 270, 269, 268, 269, 270, 271, 274, 271,
    274, 273, 272, 271, 275, 276, 275, 273, 274, 273, 273, 272, 275, 276,
    273, 272, 275, 275, 275, 273, 273, 276, 273, 277, 276, 273, 274, 274,
    277, 277, 273, 276, 273, 273, 273, 275, 274, 273, 277, 274, 275, 277,
    276, 273, 276, 274, 273, 272, 275, 275, 273, 273, 272, 275, 274, 275,
    273, 276, 273, 274, 273, 273, 275, 274, 274, 274, 275, 274, 273, 275,
    272, 272, 272, 272, 272, 275, 271 ]
RHandPositionsX: [ 262, 265, 265, 261, 262, 261, 265, 262, 262, 259, 263,
    260, 258, 257, 259, 260, 257, 260, 260, 256, 257, 257, 258, 255, 254,
    255, 256, 256, 253, 256, 263, 261, 255, 242, 224, 203, 187, 177, 169,
    171, 172, 171, 179, 184, 185, 185, 183, 182, 177, 177, 187, 190, 189,
    199, 195, 185, 178, 175, 180, 184, 181, 182, 195, 189, 189, 181, 177,
    174, 174, 181, 185, 190, 188, 181, 177, 178, 180, 177, 185, 192, 192,
    190, 201, 202, 206, 215, 227, 239 ]
RHandPositionsY: [ 259, 263, 262, 263, 267, 265, 266, 267, 265, 265, 268,
    266, 269, 265, 267, 266, 269, 268, 267, 266, 268, 268, 267, 265, 266,
    266, 266, 268, 267, 269, 270, 259, 245, 230, 214, 198, 176, 159, 137,
    134, 117, 108, 104, 110, 110, 102, 100, 88, 86, 89, 90, 98, 96, 99,
    92, 94, 90, 89, 87, 90, 96, 96, 99, 96, 91, 88, 88, 90, 90, 95, 96,
    97, 94, 93, 90, 92, 90, 94, 99, 107, 105, 109, 123, 131, 145, 155,
    167, 185 ]
