%YAML:1.0
---
videoName: "RHShake19.mp4"
gestureLabel: 2
fps: 29
pixelSizeInCmTemp: 3.2808219178082193e-01
faceCenterPointX: 283
faceCenterPointY: 48
LHandPositionsX: [ 389, 390, 388, 390, 388, 391, 391, 391, 389, 388, 388,
    390, 392, 391, 389, 389, 392, 390, 388, 391, 392, 390, 391, 391, 392,
    388, 392, 389, 389, 391, 391, 388, 390, 390, 390, 388, 392, 389, 392,
    390, 389, 392, 391, 392, 392, 388, 392, 389, 389, 390, 392, 388, 392,
    389, 390, 389, 388, 391, 389, 388, 388, 390, 388, 390, 389, 392, 391,
    390, 392, 390, 388, 388, 391, 390, 391, 390, 390, 392, 389, 392, 392,
    391, 390, 389, 392, 392, 392, 390 ]
LHandPositionsY: [ 241, 242, 244, 244, 243, 240, 240, 240, 244, 242, 241,
    242, 241, 241, 240, 244, 240, 240, 241, 240, 243, 243, 240, 244, 240,
    244, 243, 244, 244, 240, 243, 244, 241, 244, 243, 241, 242, 244, 241,
    244, 244, 244, 242, 242, 241, 242, 242, 243, 243, 242, 243, 241, 244,
    243, 244, 243, 241, 240, 243, 240, 242, 243, 242, 242, 242, 244, 242,
    242, 240, 240, 241, 244, 240, 244, 240, 240, 242, 242, 241, 242, 241,
    242, 243, 240, 241, 243, 241, 241 ]
RHandPositionsX: [ 155, 175, 181, 180, 186, 184, 178, 173, 166, 160, 161,
    162, 166, 178, 186, 183, 188, 176, 174, 171, 162, 158, 161, 165, 169,
    174, 176, 171, 172, 163, 159, 159, 159, 166, 171, 177, 181, 180, 179,
    174, 166, 162, 161, 161, 165, 165, 174, 178, 180, 186, 180, 176, 168,
    168, 169, 167, 168, 179, 181, 178, 180, 181, 175, 172, 169, 168, 169,
    175, 179, 184, 189, 189, 191, 185, 186, 185, 184, 182, 180, 180, 179,
    181, 180, 181, 179, 179, 182, 181 ]
RHandPositionsY: [ 92, 92, 94, 94, 94, 90, 86, 83, 76, 77, 75, 75, 79,
    83, 88, 88, 90, 82, 80, 79, 77, 78, 74, 75, 84, 91, 92, 89, 88, 88,
    85, 82, 80, 84, 85, 88, 97, 97, 96, 92, 91, 88, 85, 83, 81, 87, 94,
    95, 101, 104, 101, 93, 95, 94, 95, 96, 99, 102, 105, 110, 107, 102,
    103, 99, 99, 101, 110, 125, 136, 148, 164, 175, 188, 190, 197, 209,
    218, 225, 231, 237, 237, 236, 240, 243, 244, 241, 243, 241 ]
