%YAML:1.0
---
videoName: "RHShake15.mp4"
gestureLabel: 2
fps: 29
pixelSizeInCmTemp: 3.2808219178082193e-01
faceCenterPointX: 279
faceCenterPointY: 41
LHandPositionsX: [ 369, 369, 370, 372, 372, 370, 369, 369, 368, 369, 371,
    372, 368, 368, 370, 370, 371, 370, 370, 368, 371, 370, 369, 369, 368,
    370, 370, 369, 372, 372, 370, 370, 368, 369, 370, 370, 369, 371, 372,
    369, 369, 370, 371, 370, 369, 368, 370, 370, 372, 368, 369, 369, 372,
    371, 370, 368, 372, 371, 368, 369, 368, 371, 368, 371, 369, 370, 370,
    372, 368, 371, 372, 368, 372, 371, 368, 369, 371, 369, 372, 369, 370,
    371, 369, 371, 372, 371, 372, 372 ]
LHandPositionsY: [ 234, 234, 235, 233, 235, 232, 236, 233, 234, 233, 234,
    232, 236, 236, 233, 234, 235, 235, 234, 236, 235, 236, 233, 232, 232,
    234, 235, 234, 235, 234, 234, 235, 235, 232, 236, 232, 234, 234, 232,
    234, 235, 234, 235, 232, 232, 235, 234, 232, 232, 232, 234, 232, 233,
    231, 235, 233, 231, 235, 232, 232, 231, 234, 235, 235, 235, 235, 232,
    235, 231, 233, 234, 233, 233, 231, 231, 232, 234, 231, 232, 235, 234,
    231, 235, 235, 234, 235, 233, 232 ]
RHandPositionsX: [ 138, 124, 113, 110, 113, 112, 110, 103, 108, 112, 114,
    115, 116, 114, 107, 113, 112, 110, 109, 106, 116, 119, 113, 113, 109,
    106, 112, 108, 105, 105, 113, 116, 116, 113, 114, 110, 111, 109, 113,
    114, 111, 110, 116, 118, 122, 119, 122, 125, 121, 119, 120, 124, 126,
    127, 122, 125, 125, 125, 124, 119, 119, 125, 129, 136, 141, 141, 139,
    139, 141, 144, 145, 150, 153, 155, 159, 157, 159, 156, 157, 159, 159,
    161, 161, 159, 159, 157, 161, 159 ]
RHandPositionsY: [ 191, 173, 154, 146, 142, 138, 133, 125, 119, 115, 111,
    105, 105, 99, 97, 97, 94, 92, 94, 91, 95, 91, 94, 91, 93, 94, 95, 96,
    92, 98, 99, 102, 102, 103, 101, 100, 103, 101, 102, 106, 105, 105,
    112, 113, 107, 105, 104, 104, 106, 104, 105, 106, 111, 112, 116, 112,
    111, 113, 108, 109, 112, 119, 127, 138, 152, 163, 173, 182, 193, 199,
    207, 222, 227, 237, 242, 240, 244, 244, 246, 245, 246, 247, 245, 247,
    246, 246, 249, 247 ]
