%YAML:1.0
---
videoName: "RHShake07.mp4"
gestureLabel: 2
fps: 29
pixelSizeInCmTemp: 3.2364864864864862e-01
faceCenterPointX: 292
faceCenterPointY: 44
LHandPositionsX: [ 307, 307, 307, 309, 308, 307, 306, 307, 308, 306, 311,
    312, 308, 309, 310, 312, 310, 314, 310, 313, 311, 314, 310, 314, 311,
    314, 311, 313, 313, 311, 311, 314, 315, 312, 315, 311, 312, 312, 312,
    315, 315, 314, 316, 316, 313, 312, 315, 314, 314, 313, 313, 312, 312,
    312, 314, 312, 314, 315, 316, 313, 313, 313, 312, 313, 313, 316, 314,
    314, 314, 316, 315, 314, 314, 317, 315, 315, 314, 315, 313, 312, 308,
    310, 309, 312, 310, 312, 312, 308 ]
LHandPositionsY: [ 270, 269, 269, 270, 271, 267, 271, 269, 273, 272, 272,
    273, 269, 269, 268, 270, 267, 271, 270, 267, 271, 269, 269, 271, 268,
    271, 267, 269, 269, 268, 268, 268, 269, 267, 270, 267, 268, 270, 267,
    271, 271, 268, 270, 270, 269, 268, 267, 267, 267, 267, 270, 268, 270,
    268, 270, 269, 269, 271, 271, 267, 267, 270, 271, 267, 269, 271, 271,
    267, 270, 270, 271, 266, 267, 270, 267, 267, 268, 269, 272, 269, 272,
    271, 274, 274, 271, 272, 272, 273 ]
RHandPositionsX: [ 266, 264, 267, 266, 267, 265, 265, 267, 264, 270, 265,
    265, 252, 236, 216, 197, 177, 162, 152, 153, 158, 156, 155, 159, 162,
    181, 188, 182, 175, 169, 167, 165, 179, 182, 186, 188, 182, 177, 170,
    170, 172, 172, 183, 182, 188, 184, 177, 172, 166, 165, 165, 184, 185,
    199, 195, 190, 184, 178, 171, 171, 166, 164, 173, 176, 171, 183, 176,
    174, 171, 170, 160, 166, 179, 198, 212, 229, 243, 257, 271, 277, 272,
    270, 269, 267, 264, 263, 266, 267 ]
RHandPositionsY: [ 254, 254, 251, 251, 252, 251, 255, 255, 253, 255, 252,
    241, 233, 218, 201, 183, 167, 155, 135, 129, 126, 115, 119, 125, 126,
    114, 102, 97, 93, 92, 89, 90, 107, 102, 105, 100, 95, 96, 93, 92, 91,
    95, 98, 98, 97, 96, 96, 90, 91, 88, 86, 91, 95, 104, 100, 97, 93, 90,
    89, 88, 89, 89, 92, 93, 92, 91, 87, 85, 90, 88, 92, 120, 139, 149,
    167, 188, 207, 227, 237, 243, 244, 250, 252, 255, 254, 256, 257, 258 ]
