%YAML:1.0
---
videoName: "RHShake01.mp4"
gestureLabel: 2
fps: 29
pixelSizeInCmTemp: 3.1513157894736843e-01
faceCenterPointX: 292
faceCenterPointY: 51
LHandPositionsX: [ 396, 395, 395, 395, 396, 392, 396, 396, 396, 394, 394,
    392, 395, 391, 394, 392, 393, 395, 392, 391, 394, 391, 394, 394, 394,
    392, 392, 391, 391, 392, 394, 395, 395, 394, 395, 393, 393, 393, 393,
    392, 392, 395, 391, 392, 392, 391, 394, 392, 392, 394, 394, 395, 392,
    394, 394, 395, 395, 393, 395, 394, 392, 394, 394, 395, 392, 392, 395,
    392, 395, 393, 393, 394, 391, 395, 392, 392, 392, 391, 391, 391, 394,
    395, 392, 395, 392, 393, 392, 395 ]
LHandPositionsY: [ 254, 254, 255, 255, 254, 256, 253, 254, 256, 256, 253,
    255, 254, 256, 253, 254, 254, 254, 255, 256, 253, 255, 256, 255, 254,
    254, 256, 256, 253, 253, 255, 256, 254, 256, 257, 257, 256, 257, 253,
    257, 256, 256, 254, 253, 256, 255, 253, 256, 255, 257, 254, 255, 254,
    256, 255, 256, 254, 253, 255, 253, 256, 255, 254, 256, 255, 254, 254,
    254, 255, 253, 253, 253, 254, 256, 253, 256, 253, 254, 254, 255, 254,
    256, 254, 257, 254, 256, 256, 257 ]
RHandPositionsX: [ 169, 170, 167, 169, 170, 168, 168, 171, 169, 170, 170,
    168, 168, 169, 171, 171, 170, 171, 169, 171, 171, 169, 172, 168, 173,
    168, 173, 175, 175, 168, 164, 161, 156, 151, 157, 161, 168, 178, 191,
    192, 193, 185, 183, 178, 176, 174, 174, 189, 193, 196, 188, 191, 184,
    181, 180, 178, 178, 182, 188, 194, 192, 194, 197, 184, 182, 177, 176,
    182, 188, 190, 193, 197, 195, 195, 195, 190, 186, 188, 189, 180, 177,
    175, 172, 174, 172, 171, 175, 174 ]
RHandPositionsY: [ 279, 280, 276, 280, 276, 279, 277, 277, 280, 280, 277,
    280, 277, 279, 279, 277, 279, 280, 279, 278, 276, 278, 278, 279, 277,
    276, 264, 244, 227, 206, 186, 168, 149, 134, 128, 115, 107, 106, 110,
    109, 109, 106, 101, 100, 99, 97, 100, 98, 99, 101, 101, 95, 96, 91,
    91, 93, 95, 101, 102, 100, 100, 99, 98, 97, 98, 95, 97, 96, 102, 107,
    112, 125, 135, 145, 161, 178, 189, 202, 203, 211, 220, 227, 232, 243,
    244, 245, 244, 249 ]
