%YAML:1.0
---
videoName: "RHShake22.mp4"
gestureLabel: 2
fps: 29
pixelSizeInCmTemp: 3.3263888888888887e-01
faceCenterPointX: 290
faceCenterPointY: 48
LHandPositionsX: [ 392, 392, 395, 394, 394, 396, 394, 392, 394, 392, 396,
    395, 396, 394, 396, 395, 393, 395, 395, 392, 394, 395, 395, 394, 393,
    392, 392, 393, 395, 395, 392, 395, 393, 394, 392, 392, 394, 396, 395,
    394, 396, 396, 392, 394, 394, 393, 395, 393, 394, 393, 396, 393, 395,
    394, 394, 393, 393, 392, 393, 394, 394, 392, 396, 394, 393, 393, 394,
    396, 392, 394, 395, 396, 394, 393, 396, 396, 396, 395, 394, 396, 393,
    396, 396, 393, 393, 393, 395, 395 ]
LHandPositionsY: [ 234, 232, 233, 232, 230, 234, 230, 234, 234, 234, 232,
    230, 234, 233, 234, 230, 230, 231, 233, 234, 232, 230, 231, 231, 234,
    232, 232, 230, 232, 234, 233, 231, 233, 233, 234, 234, 233, 233, 232,
    232, 231, 230, 234, 230, 233, 232, 233, 233, 234, 233, 233, 230, 230,
    230, 231, 231, 234, 234, 232, 230, 231, 232, 233, 234, 233, 233, 230,
    234, 231, 233, 234, 230, 230, 233, 230, 231, 233, 230, 233, 231, 230,
    231, 233, 230, 232, 230, 230, 233 ]
RHandPositionsX: [ 150, 139, 131, 130, 132, 137, 146, 159, 166, 164, 165,
    166, 161, 156, 154, 147, 143, 145, 148, 152, 160, 172, 172, 169, 168,
    164, 162, 157, 156, 155, 151, 159, 165, 171, 172, 174, 171, 169, 167,
    160, 158, 158, 161, 166, 170, 173, 174, 173, 170, 170, 162, 157, 156,
    153, 158, 166, 172, 177, 178, 179, 176, 172, 169, 165, 155, 152, 152,
    154, 169, 177, 178, 178, 182, 181, 178, 180, 182, 184, 184, 186, 188,
    191, 188, 187, 189, 189, 188, 188 ]
RHandPositionsY: [ 139, 117, 101, 102, 96, 90, 84, 86, 88, 94, 92, 90,
    86, 80, 78, 81, 78, 74, 74, 85, 90, 92, 95, 98, 91, 91, 84, 85, 86,
    81, 82, 92, 94, 97, 101, 99, 96, 91, 90, 86, 87, 84, 85, 90, 95, 100,
    100, 100, 93, 89, 92, 88, 88, 88, 83, 82, 91, 102, 104, 104, 97, 96,
    92, 91, 94, 91, 91, 89, 90, 105, 107, 112, 114, 119, 120, 125, 136,
    147, 160, 168, 182, 192, 198, 206, 214, 217, 225, 224 ]
