%YAML:1.0
---
videoName: "RHShake16.mp4"
gestureLabel: 2
fps: 29
pixelSizeInCmTemp: 3.2808219178082193e-01
faceCenterPointX: 281
faceCenterPointY: 44
LHandPositionsX: [ 373, 373, 370, 370, 369, 373, 370, 372, 373, 370, 370,
    371, 372, 370, 371, 369, 372, 371, 372, 373, 369, 371, 372, 372, 370,
    372, 372, 373, 373, 370, 369, 371, 372, 370, 372, 369, 370, 369, 373,
    369, 370, 370, 370, 372, 370, 370, 370, 369, 371, 369, 370, 371, 371,
    373, 373, 369, 373, 370, 372, 370, 369, 373, 370, 370, 373, 369, 372,
    369, 369, 373, 369, 371, 370, 371, 369, 373, 369, 373, 372, 371, 372,
    370, 370, 373, 370, 372, 370, 370 ]
LHandPositionsY: [ 232, 231, 234, 230, 231, 231, 231, 234, 234, 234, 230,
    231, 233, 231, 232, 230, 232, 232, 231, 230, 232, 233, 231, 234, 230,
    234, 234, 234, 233, 234, 230, 234, 232, 234, 232, 231, 234, 232, 232,
    231, 233, 232, 233, 231, 230, 231, 232, 234, 234, 231, 232, 234, 234,
    232, 230, 230, 233, 231, 229, 229, 233, 232, 230, 232, 232, 232, 232,
    232, 233, 232, 230, 230, 232, 229, 229, 230, 229, 229, 229, 231, 230,
    230, 229, 229, 232, 232, 232, 231 ]
RHandPositionsX: [ 171, 169, 171, 169, 169, 170, 167, 171, 168, 170, 170,
    171, 171, 171, 169, 170, 170, 168, 164, 154, 155, 148, 136, 129, 124,
    121, 119, 121, 124, 124, 129, 129, 135, 141, 146, 141, 137, 136, 136,
    137, 139, 142, 147, 152, 150, 145, 149, 146, 148, 145, 151, 153, 151,
    148, 149, 144, 145, 143, 146, 153, 152, 157, 155, 151, 156, 151, 150,
    154, 152, 161, 168, 172, 176, 175, 176, 175, 176, 176, 171, 169, 170,
    169, 171, 169, 171, 168, 168, 172 ]
RHandPositionsY: [ 266, 265, 266, 267, 266, 267, 268, 267, 269, 267, 268,
    265, 269, 267, 265, 268, 267, 263, 258, 245, 221, 197, 180, 162, 144,
    131, 118, 114, 109, 106, 106, 104, 98, 97, 95, 92, 90, 89, 87, 90,
    90, 91, 91, 88, 86, 85, 88, 85, 88, 88, 89, 87, 86, 88, 89, 86, 86,
    88, 90, 89, 91, 91, 91, 88, 89, 89, 91, 95, 103, 119, 134, 145, 161,
    173, 186, 190, 196, 204, 211, 218, 222, 224, 222, 231, 236, 237, 236,
    235 ]
