%YAML:1.0
---
videoName: "RHShake21.mp4"
gestureLabel: 2
fps: 29
pixelSizeInCmTemp: 3.3732394366197183e-01
faceCenterPointX: 293
faceCenterPointY: 47
LHandPositionsX: [ 395, 395, 395, 394, 398, 396, 395, 398, 396, 397, 395,
    396, 397, 397, 398, 398, 398, 397, 394, 396, 397, 395, 394, 395, 396,
    397, 396, 398, 395, 396, 395, 395, 394, 397, 396, 398, 394, 397, 398,
    397, 396, 397, 396, 395, 398, 395, 395, 394, 397, 395, 398, 397, 398,
    397, 396, 398, 398, 398, 395, 394, 395, 398, 397, 398, 394, 398, 396,
    394, 398, 396, 396, 397, 394, 395, 397, 396, 396, 395, 397, 394, 396,
    395, 397, 395, 397, 394, 394, 394 ]
LHandPositionsY: [ 242, 239, 238, 240, 240, 238, 242, 239, 241, 238, 242,
    239, 241, 238, 240, 240, 240, 241, 242, 241, 240, 239, 238, 240, 240,
    240, 238, 241, 239, 239, 241, 241, 238, 242, 241, 242, 239, 240, 239,
    241, 240, 242, 238, 242, 242, 242, 240, 239, 242, 238, 242, 241, 240,
    242, 242, 242, 239, 240, 241, 239, 242, 238, 241, 240, 241, 240, 242,
    241, 241, 238, 239, 238, 242, 240, 240, 239, 239, 239, 239, 238, 242,
    241, 242, 242, 238, 238, 242, 242 ]
RHandPositionsX: [ 136, 141, 142, 142, 144, 146, 142, 141, 139, 133, 132,
    140, 145, 151, 149, 147, 146, 146, 141, 138, 135, 135, 139, 144, 147,
    148, 152, 151, 147, 142, 138, 139, 136, 140, 140, 145, 148, 154, 151,
    147, 142, 135, 135, 135, 137, 142, 147, 148, 151, 150, 149, 143, 136,
    137, 135, 135, 139, 145, 154, 161, 168, 175, 179, 179, 184, 185, 187,
    186, 187, 186, 192, 188, 185, 189, 188, 186, 185, 186, 189, 186, 186,
    187, 186, 187, 189, 187, 185, 188 ]
RHandPositionsY: [ 80, 86, 87, 91, 88, 84, 83, 81, 81, 83, 79, 85, 87,
    91, 93, 90, 93, 86, 87, 84, 83, 81, 84, 89, 90, 93, 92, 93, 91, 85,
    87, 87, 82, 83, 85, 88, 93, 95, 94, 91, 89, 85, 85, 85, 86, 92, 98,
    97, 97, 99, 98, 97, 94, 93, 93, 92, 97, 106, 116, 125, 140, 153, 151,
    153, 160, 170, 177, 192, 200, 211, 214, 215, 222, 228, 227, 226, 228,
    227, 231, 227, 227, 229, 231, 229, 227, 231, 230, 228 ]
