%YAML:1.0
---
videoName: "RHShake23.mp4"
gestureLabel: 2
fps: 29
pixelSizeInCmTemp: 3.3263888888888887e-01
faceCenterPointX: 298
faceCenterPointY: 49
LHandPositionsX: [ 388, 390, 390, 387, 389, 391, 391, 390, 389, 390, 387,
    388, 391, 391, 389, 388, 389, 387, 389, 389, 391, 388, 390, 387, 388,
    388, 391, 387, 389, 387, 391, 389, 390, 391, 388, 390, 387, 390, 388,
    389, 387, 391, 390, 388, 391, 391, 391, 391, 390, 388, 391, 388, 389,
    389, 390, 388, 389, 388, 391, 388, 387, 387, 387, 391, 389, 391, 389,
    388, 388, 389, 389, 389, 390, 389, 390, 391, 390, 387, 390, 390, 390,
    388, 391, 391, 391, 387, 390, 391 ]
LHandPositionsY: [ 225, 225, 227, 228, 226, 225, 224, 226, 225, 226, 227,
    228, 226, 225, 225, 228, 225, 226, 226, 225, 226, 227, 224, 224, 225,
    224, 224, 226, 226, 227, 226, 225, 227, 227, 228, 224, 224, 225, 227,
    226, 228, 224, 225, 224, 227, 225, 228, 227, 225, 225, 225, 228, 226,
    226, 224, 224, 225, 224, 228, 227, 228, 228, 224, 227, 226, 227, 228,
    225, 225, 228, 225, 227, 225, 227, 227, 227, 226, 228, 226, 227, 226,
    226, 226, 226, 225, 228, 226, 224 ]
RHandPositionsX: [ 172, 170, 177, 186, 189, 186, 193, 189, 179, 178, 175,
    175, 173, 181, 186, 197, 196, 197, 197, 195, 187, 184, 174, 174, 169,
    172, 170, 179, 190, 202, 198, 200, 202, 194, 191, 187, 185, 180, 178,
    184, 187, 199, 200, 202, 205, 205, 196, 189, 182, 181, 176, 175, 182,
    188, 193, 202, 203, 210, 210, 211, 210, 208, 210, 210, 208, 207, 206,
    205, 207, 203, 203, 205, 204, 203, 201, 201, 200, 202, 201, 199, 202,
    198, 198, 200, 200, 201, 199, 200 ]
RHandPositionsY: [ 99, 93, 100, 110, 114, 116, 118, 111, 104, 100, 100,
    101, 98, 101, 115, 121, 123, 123, 127, 110, 102, 103, 98, 100, 98,
    94, 93, 99, 116, 123, 124, 123, 125, 109, 105, 105, 107, 101, 99,
    103, 115, 120, 119, 122, 127, 124, 122, 109, 106, 104, 103, 103, 99,
    115, 128, 136, 144, 151, 148, 156, 160, 166, 174, 184, 192, 202, 210,
    214, 216, 217, 218, 220, 221, 222, 224, 226, 227, 224, 228, 228, 228,
    228, 226, 225, 225, 228, 226, 226 ]
