%YAML:1.0
---
videoName: "RHShake18.mp4"
gestureLabel: 2
fps: 30
pixelSizeInCmTemp: 3.3732394366197183e-01
faceCenterPointX: 275
faceCenterPointY: 40
LHandPositionsX: [ 375, 379, 379, 376, 377, 378, 379, 378, 375, 377, 379,
    379, 375, 375, 377, 375, 376, 378, 377, 379, 375, 375, 375, 379, 375,
    379, 376, 375, 377, 378, 379, 377, 379, 375, 375, 376, 378, 379, 379,
    376, 378, 375, 375, 376, 378, 376, 378, 375, 373, 371, 375, 372, 366,
    357, 353, 350, 337, 332, 324, 314, 303, 298, 300, 301, 299, 290, 287,
    289, 296, 296, 293, 292, 292, 290, 293, 289, 290, 291, 288, 291, 291,
    289, 288, 286, 286, 287, 289, 286, 288, 288, 289 ]
LHandPositionsY: [ 231, 231, 232, 229, 233, 229, 233, 232, 233, 232, 232,
    233, 230, 230, 231, 231, 229, 232, 233, 231, 230, 233, 231, 230, 232,
    232, 229, 229, 233, 230, 232, 233, 233, 230, 232, 231, 233, 232, 233,
    230, 232, 231, 232, 229, 233, 229, 230, 230, 228, 228, 236, 236, 239,
    236, 236, 237, 234, 232, 229, 231, 229, 234, 231, 231, 235, 233, 236,
    236, 237, 241, 240, 240, 243, 241, 240, 239, 242, 240, 239, 240, 239,
    240, 240, 242, 241, 242, 239, 241, 243, 241, 239 ]
RHandPositionsX: [ 157, 152, 154, 149, 149, 148, 151, 157, 163, 162, 166,
    161, 157, 152, 151, 150, 158, 161, 166, 166, 169, 161, 159, 156, 156,
    154, 158, 164, 162, 166, 162, 158, 156, 154, 156, 160, 173, 173, 174,
    170, 163, 160, 157, 155, 158, 166, 173, 179, 190, 197, 206, 218, 234,
    243, 253, 259, 269, 258, 253, 250, 247, 244, 238, 239, 237, 236, 235,
    234, 235, 236, 238, 238, 238, 237, 239, 236, 240, 240, 236, 236, 236,
    240, 236, 239, 236, 240, 238, 240, 240, 238, 237 ]
RHandPositionsY: [ 72, 73, 68, 69, 67, 67, 68, 67, 72, 72, 73, 69, 70,
    69, 65, 68, 70, 72, 69, 74, 71, 72, 67, 67, 66, 67, 73, 75, 79, 76,
    73, 74, 72, 72, 76, 77, 93, 90, 94, 92, 88, 86, 86, 85, 85, 86, 98,
    100, 110, 125, 135, 142, 152, 161, 175, 183, 190, 192, 194, 199, 204,
    205, 206, 213, 211, 217, 220, 222, 221, 227, 229, 225, 224, 228, 225,
    227, 224, 225, 224, 225, 225, 225, 228, 224, 227, 228, 226, 227, 225,
    226, 225 ]
