%YAML:1.0
---
videoName: "RHShake13.mp4"
gestureLabel: 2
fps: 30
pixelSizeInCmTemp: 3.2808219178082193e-01
faceCenterPointX: 278
faceCenterPointY: 45
LHandPositionsX: [ 307, 309, 306, 309, 306, 309, 305, 307, 307, 305, 305,
    306, 309, 309, 309, 307, 307, 308, 307, 305, 309, 308, 307, 308, 307,
    308, 305, 308, 308, 309, 305, 307, 306, 307, 309, 307, 306, 307, 309,
    305, 305, 305, 306, 308, 309, 305, 309, 309, 305, 307, 309, 305, 306,
    309, 306, 309, 309, 308, 306, 307, 307, 305, 308, 306, 307, 305, 307,
    307, 307, 306, 309, 305, 308, 308, 306, 309, 307, 307, 307, 308, 303,
    303, 303, 306, 306, 306, 306, 307, 305, 305, 307 ]
LHandPositionsY: [ 245, 242, 246, 241, 241, 241, 243, 245, 244, 241, 242,
    244, 244, 243, 240, 240, 244, 242, 243, 241, 243, 243, 242, 239, 242,
    242, 243, 241, 242, 243, 242, 242, 241, 239, 242, 239, 239, 238, 241,
    239, 238, 239, 241, 238, 241, 241, 238, 239, 242, 242, 240, 242, 239,
    241, 241, 239, 241, 242, 238, 240, 240, 242, 240, 240, 241, 238, 241,
    240, 242, 242, 241, 237, 239, 237, 235, 238, 237, 235, 234, 234, 233,
    233, 233, 237, 240, 240, 245, 247, 246, 247, 247 ]
RHandPositionsX: [ 165, 152, 139, 142, 144, 141, 141, 144, 146, 147, 146,
    144, 143, 135, 136, 140, 143, 142, 144, 145, 139, 130, 131, 129, 131,
    133, 134, 139, 141, 135, 137, 131, 128, 131, 131, 135, 137, 136, 137,
    138, 135, 134, 132, 132, 140, 146, 147, 148, 149, 144, 143, 136, 136,
    139, 141, 143, 140, 143, 141, 135, 132, 131, 132, 131, 137, 142, 143,
    145, 153, 162, 169, 180, 189, 202, 212, 224, 236, 243, 252, 252, 253,
    251, 255, 260, 261, 260, 259, 257, 258, 260, 257 ]
RHandPositionsY: [ 157, 138, 122, 116, 115, 110, 104, 104, 99, 95, 91,
    88, 90, 88, 85, 88, 88, 89, 90, 86, 88, 87, 87, 86, 88, 88, 88, 90,
    90, 89, 88, 87, 91, 87, 88, 91, 90, 92, 90, 93, 90, 92, 89, 88, 93,
    95, 94, 97, 92, 93, 91, 91, 93, 93, 94, 97, 97, 99, 98, 100, 96, 96,
    94, 95, 101, 105, 109, 111, 120, 128, 138, 145, 153, 166, 176, 190,
    200, 208, 215, 215, 219, 222, 227, 235, 238, 237, 238, 239, 238, 239,
    240 ]
