%YAML:1.0
---
videoName: "RHShake02.mp4"
gestureLabel: 2
fps: 29
pixelSizeInCmTemp: 3.1933333333333330e-01
faceCenterPointX: 291
faceCenterPointY: 51
LHandPositionsX: [ 407, 405, 405, 406, 409, 408, 408, 405, 409, 405, 406,
    406, 408, 405, 408, 406, 406, 407, 404, 404, 407, 406, 404, 406, 406,
    406, 405, 405, 403, 406, 406, 404, 403, 402, 401, 405, 401, 401, 402,
    401, 400, 403, 402, 401, 400, 403, 402, 399, 398, 399, 400, 399, 398,
    401, 397, 398, 397, 400, 397, 396, 396, 399, 399, 400, 395, 399, 395,
    398, 396, 396, 399, 398, 398, 395, 395, 395, 395, 398, 396, 399, 398,
    399, 399, 397, 396, 399, 398, 396 ]
LHandPositionsY: [ 263, 264, 263, 262, 262, 261, 265, 265, 261, 264, 262,
    262, 265, 261, 264, 263, 264, 261, 260, 260, 260, 262, 264, 262, 260,
    264, 264, 260, 263, 261, 260, 262, 263, 262, 260, 264, 263, 262, 260,
    260, 261, 262, 260, 261, 261, 262, 260, 260, 264, 261, 264, 263, 264,
    264, 263, 263, 260, 264, 261, 264, 260, 262, 263, 264, 261, 262, 260,
    263, 261, 260, 261, 262, 263, 263, 262, 262, 263, 263, 262, 262, 260,
    264, 262, 263, 264, 260, 264, 263 ]
RHandPositionsX: [ 173, 171, 174, 171, 174, 173, 172, 173, 173, 170, 172,
    170, 170, 173, 171, 172, 173, 173, 170, 173, 172, 173, 170, 170, 172,
    173, 175, 179, 174, 170, 165, 161, 160, 156, 149, 154, 158, 178, 182,
    178, 179, 178, 169, 165, 159, 161, 161, 166, 181, 185, 191, 185, 181,
    180, 167, 167, 165, 167, 172, 183, 181, 183, 178, 179, 174, 171, 172,
    166, 169, 174, 183, 193, 199, 199, 198, 195, 194, 182, 185, 182, 179,
    176, 176, 177, 175, 174, 174, 174 ]
RHandPositionsY: [ 266, 266, 264, 263, 267, 265, 267, 263, 263, 263, 267,
    263, 267, 263, 265, 267, 267, 265, 267, 267, 267, 263, 266, 267, 267,
    270, 264, 250, 231, 208, 187, 167, 145, 123, 112, 99, 100, 95, 100,
    97, 93, 91, 92, 88, 90, 89, 90, 94, 99, 98, 99, 99, 92, 92, 86, 85,
    84, 90, 96, 101, 97, 101, 97, 97, 93, 92, 93, 93, 92, 98, 106, 117,
    129, 145, 160, 178, 194, 211, 227, 229, 239, 242, 244, 250, 253, 254,
    256, 256 ]
