%YAML:1.0
---
videoName: "RHShake21.mp4"
gestureLabel: 2
fps: 29
pixelSizeInCmTemp: 3.3732394366197183e-01
faceCenterPointX: 293
faceCenterPointY: 47
LHandPositionsX: [ 398, 397, 397, 394, 397, 398, 397, 397, 398, 395, 398,
    398, 396, 395, 395, 395, 396, 397, 395, 398, 395, 397, 396, 396, 396,
    396, 397, 395, 397, 396, 395, 397, 397, 394, 398, 395, 397, 396, 397,
    398, 394, 398, 397, 398, 398, 396, 395, 397, 396, 398, 397, 396, 395,
    397, 398, 395, 394, 398, 395, 398, 396, 394, 397, 394, 394, 398, 396,
    398, 394, 394, 395, 394, 398, 395, 394, 397, 396, 398, 395, 396, 394,
    395, 394, 395, 396, 395, 398, 397 ]
LHandPositionsY: [ 242, 238, 241, 239, 238, 239, 241, 242, 239, 240, 241,
    241, 239, 242, 241, 242, 239, 241, 242, 239, 241, 238, 240, 241, 239,
    241, 240, 240, 242, 239, 238, 241, 238, 241, 239, 238, 240, 242, 239,
    241, 239, 241, 239, 242, 240, 239, 238, 241, 239, 238, 240, 240, 242,
    242, 241, 241, 242, 238, 241, 239, 241, 239, 241, 239, 238, 238, 242,
    241, 240, 239, 240, 239, 241, 238, 240, 238, 242, 242, 242, 240, 239,
    240, 240, 241, 242, 238, 241, 240 ]
RHandPositionsX: [ 133, 139, 143, 144, 146, 146, 144, 139, 136, 132, 133,
    143, 147, 147, 147, 149, 146, 146, 141, 136, 134, 136, 137, 145, 149,
    152, 152, 152, 145, 144, 140, 137, 137, 137, 139, 147, 150, 152, 148,
    146, 143, 137, 136, 136, 139, 141, 148, 148, 151, 148, 149, 143, 136,
    134, 135, 135, 138, 145, 152, 160, 169, 177, 179, 182, 180, 182, 188,
    185, 187, 187, 189, 188, 186, 189, 190, 188, 185, 185, 185, 188, 186,
    187, 187, 188, 188, 187, 186, 187 ]
RHandPositionsY: [ 81, 88, 90, 91, 86, 87, 85, 83, 82, 83, 82, 86, 89,
    92, 93, 91, 90, 88, 83, 87, 83, 82, 80, 85, 87, 92, 93, 91, 92, 87,
    88, 84, 84, 86, 88, 89, 93, 94, 92, 89, 86, 87, 85, 84, 84, 91, 96,
    98, 100, 99, 94, 94, 94, 94, 91, 91, 96, 104, 117, 126, 137, 150,
    152, 153, 161, 171, 181, 188, 199, 211, 216, 215, 219, 228, 228, 224,
    229, 230, 228, 228, 229, 228, 229, 228, 231, 231, 231, 230 ]
