%YAML:1.0
---
videoName: "RHShake02.mp4"
gestureLabel: 2
fps: 29
pixelSizeInCmTemp: 3.1933333333333330e-01
faceCenterPointX: 291
faceCenterPointY: 51
LHandPositionsX: [ 409, 406, 409, 405, 406, 406, 406, 405, 407, 408, 405,
    406, 407, 407, 406, 407, 407, 405, 407, 405, 406, 405, 408, 404, 405,
    408, 405, 405, 407, 406, 406, 403, 405, 404, 401, 403, 402, 401, 401,
    403, 401, 404, 402, 400, 402, 403, 400, 398, 401, 400, 400, 397, 397,
    399, 397, 399, 397, 400, 396, 396, 400, 396, 400, 398, 398, 397, 395,
    395, 399, 396, 396, 398, 395, 395, 398, 396, 399, 399, 396, 395, 397,
    398, 398, 396, 397, 395, 398, 398 ]
LHandPositionsY: [ 263, 263, 265, 261, 262, 261, 262, 264, 263, 265, 261,
    262, 261, 262, 263, 265, 260, 263, 264, 261, 262, 264, 264, 262, 261,
    261, 264, 264, 262, 264, 263, 264, 262, 262, 264, 261, 260, 261, 262,
    264, 263, 262, 261, 262, 263, 261, 261, 263, 260, 262, 263, 263, 263,
    260, 263, 264, 264, 264, 262, 260, 260, 263, 263, 261, 260, 261, 260,
    264, 261, 262, 264, 264, 262, 264, 264, 263, 262, 260, 260, 261, 260,
    261, 262, 261, 264, 264, 263, 260 ]
RHandPositionsX: [ 171, 172, 173, 174, 174, 170, 171, 170, 173, 173, 174,
    173, 174, 173, 171, 172, 170, 171, 174, 174, 173, 171, 173, 174, 172,
    173, 176, 178, 174, 173, 167, 160, 159, 155, 149, 157, 159, 174, 181,
    180, 180, 177, 172, 167, 159, 160, 160, 167, 180, 182, 190, 186, 185,
    180, 168, 168, 164, 168, 175, 181, 183, 183, 182, 179, 177, 172, 172,
    167, 171, 177, 184, 190, 199, 200, 201, 195, 197, 185, 187, 181, 177,
    176, 176, 176, 177, 176, 177, 177 ]
RHandPositionsY: [ 263, 267, 263, 266, 263, 265, 265, 264, 267, 264, 265,
    267, 264, 266, 267, 265, 263, 266, 264, 264, 267, 263, 263, 263, 265,
    266, 263, 250, 232, 209, 190, 165, 142, 122, 109, 102, 96, 95, 97,
    97, 94, 91, 93, 92, 90, 90, 89, 95, 97, 100, 98, 99, 93, 89, 84, 86,
    86, 91, 94, 98, 100, 99, 97, 95, 94, 91, 95, 91, 96, 99, 102, 119,
    130, 144, 160, 175, 191, 210, 226, 228, 238, 246, 246, 250, 250, 254,
    252, 252 ]
