%YAML:1.0
---
videoName: "RHShake18.mp4"
gestureLabel: 2
fps: 30
pixelSizeInCmTemp: 3.3732394366197183e-01
faceCenterPointX: 275
faceCenterPointY: 40
LHandPositionsX: [ 376, 379, 379, 375, 379, 375, 377, 375, 377, 376, 377,
    376, 376, 376, 378, 375, 377, 377, 378, 376, 379, 375, 379, 379, 378,
    378, 379, 379, 375, 375, 378, 376, 378, 379, 377, 379, 376, 376, 378,
    376, 376, 377, 378, 379, 376, 377, 378, 377, 374, 374, 375, 368, 367,
    357, 350, 349, 339, 334, 325, 317, 305, 298, 298, 302, 296, 289, 287,
    290, 292, 297, 294, 291, 289, 291, 293, 293, 291, 290, 291, 290, 287,
    291, 288, 290, 290, 288, 288, 288, 285, 287, 287 ]
LHandPositionsY: [ 231, 233, 232, 233, 233, 232, 230, 230, 231, 229, 230,
    233, 232, 232, 231, 231, 231, 233, 233, 230, 232, 231, 229, 233, 232,
    230, 229, 230, 229, 229, 232, 229, 231, 232, 232, 233, 232, 232, 231,
    233, 229, 232, 233, 230, 229, 231, 233, 232, 231, 227, 235, 235, 238,
    235, 235, 235, 233, 234, 230, 228, 228, 234, 233, 234, 232, 232, 237,
    238, 238, 238, 244, 241, 239, 240, 239, 242, 239, 240, 243, 240, 243,
    242, 240, 240, 240, 241, 243, 242, 241, 240, 241 ]
RHandPositionsX: [ 158, 152, 151, 145, 149, 151, 154, 160, 163, 162, 165,
    163, 154, 152, 153, 149, 154, 163, 168, 168, 170, 161, 157, 159, 159,
    156, 158, 161, 165, 166, 162, 159, 158, 154, 155, 160, 172, 174, 175,
    171, 164, 158, 159, 155, 159, 169, 170, 179, 192, 201, 207, 221, 233,
    245, 255, 259, 268, 257, 253, 249, 245, 243, 239, 237, 237, 234, 236,
    237, 236, 237, 242, 240, 240, 239, 239, 240, 236, 240, 240, 239, 236,
    240, 236, 237, 240, 238, 238, 240, 239, 239, 238 ]
RHandPositionsY: [ 72, 71, 68, 67, 68, 65, 66, 71, 73, 73, 70, 69, 71,
    70, 68, 70, 67, 69, 69, 72, 72, 69, 67, 69, 67, 67, 73, 75, 76, 77,
    73, 74, 71, 73, 77, 80, 92, 92, 93, 89, 90, 85, 86, 85, 87, 86, 100,
    103, 110, 121, 131, 143, 151, 165, 172, 180, 188, 191, 198, 200, 201,
    207, 206, 210, 213, 215, 216, 222, 221, 226, 229, 228, 224, 224, 227,
    226, 225, 228, 224, 227, 227, 224, 226, 227, 227, 225, 224, 225, 226,
    226, 225 ]
