%YAML:1.0
---
videoName: "RHShake18.mp4"
gestureLabel: 2
fps: 30
pixelSizeInCmTemp: 3.3732394366197183e-01
faceCenterPointX: 275
faceCenterPointY: 40
LHandPositionsX: [ 379, 378, 379, 375, 375, 375, 378, 379, 379, 375, 375,
    375, 378, 378, 378, 376, 376, 378, 376, 378, 378, 378, 376, 379, 376,
    377, 378, 375, 378, 376, 379, 379, 378, 377, 378, 376, 379, 378, 376,
    376, 377, 375, 375, 378, 376, 378, 378, 376, 376, 375, 374, 369, 367,
    359, 351, 346, 337, 331, 326, 316, 304, 299, 300, 301, 298, 289, 289,
    288, 293, 298, 293, 290, 293, 292, 292, 291, 291, 289, 288, 290, 288,
    288, 290, 286, 287, 285, 288, 287, 288, 289, 287 ]
LHandPositionsY: [ 231, 232, 231, 233, 229, 230, 231, 231, 231, 229, 233,
    230, 231, 231, 229, 233, 229, 230, 230, 231, 231, 232, 232, 233, 232,
    229, 233, 232, 231, 229, 229, 233, 230, 232, 233, 230, 232, 232, 231,
    233, 233, 230, 229, 229, 230, 229, 232, 233, 229, 231, 235, 238, 239,
    237, 238, 236, 233, 234, 230, 230, 229, 231, 231, 232, 234, 233, 234,
    237, 237, 239, 240, 240, 240, 243, 241, 241, 241, 240, 243, 242, 241,
    240, 241, 243, 241, 239, 239, 240, 239, 242, 239 ]
RHandPositionsX: [ 156, 152, 154, 149, 145, 150, 151, 160, 161, 166, 167,
    162, 154, 154, 149, 151, 155, 161, 170, 169, 168, 164, 157, 157, 160,
    155, 156, 163, 162, 167, 165, 158, 160, 157, 156, 161, 175, 172, 174,
    169, 162, 160, 156, 158, 160, 166, 173, 180, 189, 201, 209, 219, 232,
    244, 255, 259, 268, 255, 251, 250, 243, 240, 239, 236, 235, 236, 236,
    234, 237, 238, 241, 239, 237, 237, 237, 239, 238, 239, 237, 238, 236,
    239, 240, 237, 240, 238, 239, 238, 239, 238, 236 ]
RHandPositionsY: [ 71, 73, 68, 71, 69, 66, 65, 67, 74, 73, 73, 70, 67,
    70, 65, 69, 70, 71, 72, 71, 71, 73, 67, 68, 68, 71, 70, 73, 79, 76,
    75, 76, 75, 74, 73, 79, 92, 92, 92, 88, 87, 88, 86, 84, 87, 88, 100,
    102, 113, 123, 132, 142, 155, 164, 174, 180, 191, 194, 194, 200, 201,
    206, 210, 210, 215, 215, 218, 222, 224, 223, 226, 226, 228, 225, 228,
    225, 226, 224, 228, 224, 227, 225, 225, 226, 228, 228, 224, 228, 226,
    226, 227 ]
