%YAML:1.0
---
videoName: "RHShake22.mp4"
gestureLabel: 2
fps: 29
pixelSizeInCmTemp: 3.3263888888888887e-01
faceCenterPointX: 290
faceCenterPointY: 48
LHandPositionsX: [ 396, 396, 394, 393, 394, 395, 394, 394, 392, 396, 395,
    395, 393, 396, 395, 394, 396, 394, 395, 395, 395, 392, 392, 395, 395,
    395, 396, 393, 392, 393, 393, 396, 394, 395, 392, 396, 394, 395, 393,
    393, 392, 392, 393, 396, 394, 396, 395, 392, 394, 392, 396, 394, 395,
    395, 396, 395, 396, 392, 396, 395, 392, 394, 392, 396, 393, 396, 394,
    394, 396, 393, 395, 394, 393, 395, 394, 394, 392, 396, 395, 395, 394,
    393, 393, 392, 394, 393, 396, 395 ]
LHandPositionsY: [ 230, 232, 234, 234, 231, 233, 230, 230, 232, 230, 233,
    232, 232, 230, 233, 232, 232, 232, 233, 230, 230, 234, 232, 232, 231,
    233, 231, 231, 230, 231, 232, 230, 230, 231, 231, 232, 231, 231, 231,
    230, 234, 233, 231, 230, 231, 233, 234, 234, 233, 231, 234, 230, 232,
    230, 232, 234, 234, 230, 234, 230, 234, 230, 231, 232, 233, 232, 233,
    230, 232, 231, 230, 233, 234, 234, 234, 233, 230, 231, 231, 234, 234,
    234, 232, 232, 233, 233, 232, 233 ]
RHandPositionsX: [ 150, 138, 129, 129, 132, 135, 145, 159, 164, 167, 165,
    166, 159, 160, 154, 146, 142, 145, 148, 153, 162, 169, 170, 169, 168,
    167, 162, 156, 155, 154, 155, 161, 167, 173, 173, 173, 174, 169, 163,
    163, 160, 157, 162, 167, 171, 174, 175, 173, 172, 170, 163, 157, 155,
    156, 157, 164, 171, 176, 178, 179, 177, 172, 169, 162, 155, 154, 152,
    157, 169, 176, 175, 179, 179, 183, 182, 182, 180, 180, 183, 187, 188,
    190, 188, 187, 189, 188, 191, 191 ]
RHandPositionsY: [ 138, 115, 102, 103, 94, 92, 82, 85, 89, 92, 91, 91,
    87, 82, 78, 77, 80, 78, 74, 84, 91, 94, 98, 97, 92, 88, 87, 83, 83,
    83, 81, 88, 95, 98, 104, 100, 92, 92, 87, 86, 87, 83, 86, 91, 94, 98,
    101, 102, 95, 93, 90, 89, 90, 87, 83, 86, 92, 102, 102, 104, 101, 97,
    90, 90, 93, 91, 89, 88, 91, 106, 107, 110, 114, 117, 119, 125, 136,
    150, 159, 168, 183, 193, 198, 206, 213, 218, 225, 226 ]
