%YAML:1.0
---
videoName: "RHShake01.mp4"
gestureLabel: 2
fps: 29
pixelSizeInCmTemp: 3.1513157894736843e-01
faceCenterPointX: 292
faceCenterPointY: 51
LHandPositionsX: [ 394, 394, 395, 395, 396, 396, 392, 396, 396, 392, 394,
    393, 395, 392, 393, 393, 395, 395, 395, 391, 393, 394, 393, 395, 393,
    394, 394, 391, 393, 394, 395, 394, 393, 395, 393, 392, 395, 392, 392,
    394, 391, 395, 393, 392, 394, 394, 391, 394, 395, 393, 391, 391, 391,
    393, 395, 394, 392, 395, 392, 392, 394, 391, 395, 395, 393, 393, 391,
    392, 395, 391, 393, 394, 391, 395, 392, 391, 395, 395, 394, 391, 395,
    395, 393, 394, 393, 393, 392, 393 ]
LHandPositionsY: [ 253, 255, 256, 255, 253, 257, 254, 254, 254, 257, 254,
    255, 255, 254, 254, 256, 253, 255, 256, 254, 256, 256, 254, 254, 256,
    254, 256, 256, 253, 253, 255, 255, 255, 254, 255, 256, 254, 256, 253,
    253, 253, 253, 257, 257, 256, 256, 257, 253, 257, 255, 255, 256, 253,
    257, 254, 253, 256, 253, 253, 254, 255, 255, 257, 255, 253, 255, 256,
    255, 253, 253, 253, 257, 254, 253, 256, 253, 253, 253, 255, 257, 256,
    255, 254, 257, 254, 256, 257, 255 ]
RHandPositionsX: [ 169, 170, 170, 170, 170, 171, 168, 169, 170, 171, 169,
    170, 167, 168, 168, 168, 170, 171, 168, 167, 170, 170, 170, 171, 172,
    170, 173, 174, 174, 169, 164, 162, 157, 153, 157, 163, 169, 180, 193,
    193, 193, 188, 180, 178, 178, 176, 176, 185, 193, 197, 189, 191, 184,
    181, 176, 178, 177, 183, 184, 193, 190, 194, 194, 185, 179, 177, 178,
    181, 189, 193, 196, 197, 199, 197, 195, 191, 187, 191, 189, 181, 180,
    177, 175, 171, 171, 175, 174, 174 ]
RHandPositionsY: [ 277, 277, 278, 277, 278, 277, 276, 280, 276, 276, 278,
    279, 279, 280, 276, 276, 278, 279, 279, 279, 277, 277, 279, 276, 276,
    277, 268, 246, 228, 206, 186, 169, 152, 132, 129, 115, 107, 110, 113,
    109, 109, 105, 100, 97, 98, 98, 100, 98, 99, 98, 99, 96, 95, 93, 92,
    93, 97, 101, 101, 100, 103, 99, 101, 96, 97, 95, 95, 97, 104, 106,
    113, 124, 132, 145, 159, 178, 190, 201, 206, 214, 221, 226, 234, 242,
    241, 245, 243, 245 ]
