%YAML:1.0
---
videoName: "RHShake11.mp4"
gestureLabel: 2
fps: 29
pixelSizeInCmTemp: 3.3263888888888887e-01
faceCenterPointX: 274
faceCenterPointY: 53
LHandPositionsX: [ 312, 307, 310, 310, 309, 310, 309, 311, 309, 307, 307,
    308, 310, 311, 311, 310, 311, 308, 310, 308, 311, 309, 308, 309, 309,
    310, 308, 307, 308, 311, 309, 310, 310, 308, 310, 309, 309, 310, 311,
    310, 309, 308, 310, 307, 307, 310, 310, 310, 307, 309, 308, 309, 310,
    309, 310, 311, 307, 309, 307, 311, 308, 307, 308, 308, 310, 308, 310,
    308, 311, 308, 307, 311, 308, 310, 307, 310, 309, 305, 306, 306, 305,
    307, 306, 306, 306, 305, 303, 306 ]
LHandPositionsY: [ 248, 249, 245, 248, 247, 245, 247, 247, 246, 246, 247,
    246, 247, 248, 247, 246, 249, 246, 248, 246, 247, 246, 248, 246, 249,
    248, 246, 245, 249, 249, 245, 249, 245, 246, 247, 247, 247, 248, 248,
    247, 245, 245, 245, 247, 249, 249, 246, 249, 245, 249, 246, 247, 247,
    248, 245, 248, 249, 246, 247, 246, 245, 247, 245, 247, 247, 248, 246,
    245, 245, 245, 246, 245, 244, 244, 243, 244, 244, 246, 244, 245, 247,
    245, 246, 247, 246, 245, 247, 246 ]
RHandPositionsX: [ 251, 250, 249, 247, 235, 224, 212, 194, 174, 157, 145,
    140, 146, 147, 149, 158, 160, 167, 168, 171, 170, 164, 156, 156, 153,
    153, 161, 168, 166, 165, 170, 170, 161, 160, 159, 158, 154, 154, 158,
    165, 170, 167, 171, 170, 166, 160, 156, 156, 156, 160, 163, 170, 174,
    180, 179, 179, 172, 169, 165, 166, 160, 156, 161, 167, 170, 179, 192,
    206, 220, 228, 239, 246, 254, 260, 262, 261, 259, 261, 263, 262, 260,
    260, 260, 259, 261, 259, 258, 258 ]
RHandPositionsY: [ 248, 245, 247, 239, 229, 219, 205, 192, 175, 159, 141,
    127, 124, 111, 106, 104, 107, 107, 102, 101, 102, 98, 99, 98, 94, 97,
    96, 102, 102, 98, 99, 100, 97, 94, 94, 96, 96, 98, 99, 106, 105, 106,
    106, 102, 105, 101, 101, 100, 96, 97, 102, 106, 109, 105, 108, 105,
    103, 104, 99, 101, 100, 102, 101, 108, 118, 130, 143, 158, 172, 186,
    202, 214, 221, 230, 235, 234, 239, 236, 240, 238, 241, 239, 238, 239,
    241, 238, 239, 240 ]
