%YAML:1.0
---
videoName: "RHShake22.mp4"
gestureLabel: 2
fps: 29
pixelSizeInCmTemp: 3.3263888888888887e-01
faceCenterPointX: 290
faceCenterPointY: 48
LHandPositionsX: [ 393, 395, 392, 393, 393, 396, 392, 395, 396, 393, 396,
    395, 393, 394, 394, 396, 393, 393, 395, 393, 396, 396, 392, 393, 394,
    396, 396, 396, 394, 394, 394, 396, 392, 395, 395, 392, 393, 393, 394,
    394, 393, 394, 396, 392, 396, 393, 394, 395, 395, 392, 396, 396, 393,
    394, 392, 392, 394, 396, 396, 396, 396, 394, 394, 395, 394, 395, 392,
    394, 393, 393, 393, 392, 393, 393, 393, 393, 393, 395, 392, 392, 393,
    396, 394, 393, 394, 395, 395, 395 ]
LHandPositionsY: [ 233, 231, 230, 232, 232, 231, 232, 230, 234, 231, 232,
    233, 230, 234, 231, 231, 230, 232, 233, 233, 231, 234, 234, 230, 231,
    231, 234, 232, 233, 233, 233, 231, 233, 231, 231, 230, 232, 231, 233,
    234, 231, 233, 234, 231, 234, 232, 233, 233, 233, 232, 231, 230, 232,
    230, 230, 230, 234, 232, 234, 231, 233, 233, 232, 233, 232, 234, 231,
    234, 230, 233, 234, 234, 230, 230, 232, 231, 230, 232, 233, 232, 233,
    234, 230, 233, 231, 233, 231, 234 ]
RHandPositionsX: [ 147, 137, 131, 130, 133, 137, 143, 159, 163, 166, 166,
    163, 162, 156, 152, 148, 145, 146, 146, 152, 160, 172, 170, 169, 167,
    165, 163, 157, 156, 151, 153, 161, 166, 170, 173, 172, 171, 168, 165,
    163, 156, 160, 162, 168, 173, 173, 175, 172, 171, 169, 163, 157, 155,
    155, 157, 162, 172, 178, 179, 179, 177, 174, 169, 162, 157, 156, 151,
    155, 169, 178, 175, 178, 181, 181, 182, 179, 180, 184, 183, 185, 189,
    190, 190, 187, 191, 188, 190, 189 ]
RHandPositionsY: [ 142, 115, 102, 103, 98, 90, 81, 85, 89, 92, 90, 89,
    83, 82, 81, 77, 78, 77, 77, 85, 89, 92, 97, 94, 91, 90, 85, 85, 85,
    80, 79, 89, 94, 101, 103, 100, 94, 89, 90, 88, 84, 83, 84, 91, 94,
    100, 101, 98, 97, 90, 90, 91, 88, 86, 84, 83, 90, 100, 103, 103, 99,
    94, 91, 90, 90, 92, 92, 88, 91, 104, 108, 112, 113, 118, 123, 124,
    136, 151, 159, 170, 182, 191, 201, 207, 212, 220, 226, 225 ]
