%YAML:1.0
---
videoName: "RHShake24.mp4"
gestureLabel: 2
fps: 30
pixelSizeInCmTemp: 3.3732394366197183e-01
faceCenterPointX: 304
faceCenterPointY: 46
LHandPositionsX: [ 389, 390, 389, 389, 389, 391, 389, 391, 389, 393, 391,
    389, 392, 391, 393, 391, 389, 391, 391, 391, 391, 393, 393, 393, 393,
    392, 391, 390, 392, 389, 391, 392, 389, 390, 392, 389, 391, 390, 393,
    389, 390, 389, 389, 393, 390, 390, 391, 392, 393, 391, 390, 393, 392,
    389, 390, 389, 389, 390, 392, 390, 393, 392, 390, 390, 391, 390, 393,
    390, 391, 392, 389, 391, 393, 393, 393, 389, 393, 391, 391, 390, 390,
    389, 392, 389, 393, 391, 389, 392, 389, 390, 392 ]
LHandPositionsY: [ 226, 226, 227, 227, 229, 226, 226, 225, 225, 227, 229,
    226, 228, 226, 229, 229, 228, 225, 227, 226, 226, 227, 227, 229, 229,
    226, 225, 228, 229, 226, 229, 229, 226, 227, 229, 227, 225, 229, 225,
    226, 226, 226, 226, 229, 227, 225, 226, 226, 227, 225, 225, 229, 226,
    226, 226, 226, 227, 225, 226, 225, 229, 226, 229, 227, 225, 226, 228,
    228, 225, 227, 227, 227, 227, 225, 226, 229, 228, 228, 226, 226, 225,
    227, 226, 228, 228, 225, 229, 225, 227, 229, 229 ]
RHandPositionsX: [ 142, 147, 151, 152, 155, 153, 153, 147, 147, 141, 138,
    138, 141, 154, 162, 160, 161, 163, 158, 156, 149, 145, 145, 141, 140,
    145, 159, 159, 157, 160, 157, 154, 150, 143, 141, 144, 145, 151, 154,
    158, 160, 165, 158, 155, 150, 143, 141, 140, 141, 149, 160, 166, 168,
    173, 169, 164, 156, 153, 152, 148, 150, 146, 151, 162, 165, 167, 170,
    172, 175, 178, 182, 182, 187, 187, 190, 191, 192, 192, 191, 194, 196,
    192, 192, 194, 196, 193, 194, 195, 192, 195, 195 ]
RHandPositionsY: [ 96, 104, 100, 100, 102, 101, 95, 90, 86, 88, 87, 88,
    88, 101, 108, 111, 114, 116, 108, 101, 97, 94, 97, 95, 94, 101, 108,
    111, 114, 113, 106, 103, 97, 96, 92, 91, 93, 96, 104, 106, 109, 112,
    108, 101, 100, 101, 98, 93, 93, 109, 119, 120, 120, 124, 121, 104,
    101, 102, 103, 101, 98, 94, 106, 111, 112, 116, 122, 121, 133, 142,
    149, 153, 153, 157, 164, 170, 179, 190, 194, 205, 211, 208, 212, 215,
    216, 218, 222, 222, 227, 227, 227 ]
