%YAML:1.0
---
videoName: "RHShake22.mp4"
gestureLabel: 2
fps: 29
pixelSizeInCmTemp: 3.3263888888888887e-01
faceCenterPointX: 290
faceCenterPointY: 48
LHandPositionsX: [ 396, 395, 392, 396, 395, 396, 392, 394, 393, 392, 393,
    395, 394, 392, 395, 394, 396, 392, 393, 394, 392, 396, 393, 393, 395,
    396, 395, 395, 392, 395, 392, 394, 392, 395, 396, 394, 395, 396, 395,
    395, 393, 395, 393, 396, 394, 396, 392, 394, 392, 392, 393, 396, 393,
    394, 396, 395, 392, 394, 395, 395, 393, 395, 394, 396, 394, 395, 396,
    392, 396, 394, 393, 392, 396, 394, 395, 392, 394, 394, 395, 394, 394,
    394, 395, 392, 394, 395, 394, 393 ]
LHandPositionsY: [ 233, 232, 232, 234, 230, 231, 234, 230, 234, 230, 233,
    234, 230, 230, 234, 230, 231, 233, 230, 234, 231, 230, 234, 232, 233,
    234, 232, 234, 233, 233, 233, 232, 234, 232, 230, 234, 234, 231, 231,
    230, 231, 231, 231, 233, 234, 234, 230, 233, 231, 231, 231, 231, 233,
    232, 231, 233, 232, 233, 234, 234, 232, 232, 232, 231, 230, 234, 231,
    234, 231, 231, 233, 234, 230, 232, 231, 230, 233, 232, 234, 230, 230,
    231, 232, 233, 231, 230, 233, 234 ]
RHandPositionsX: [ 151, 138, 131, 129, 130, 137, 147, 157, 163, 167, 167,
    165, 162, 157, 150, 146, 144, 142, 145, 154, 163, 170, 169, 171, 170,
    163, 164, 158, 157, 154, 155, 160, 166, 170, 174, 171, 174, 172, 165,
    163, 159, 156, 160, 167, 172, 173, 173, 172, 174, 168, 162, 157, 154,
    154, 159, 162, 169, 178, 177, 179, 177, 174, 170, 163, 155, 156, 153,
    157, 165, 178, 175, 178, 178, 182, 181, 179, 181, 183, 182, 186, 186,
    191, 187, 186, 191, 186, 190, 188 ]
RHandPositionsY: [ 140, 116, 103, 103, 95, 92, 84, 84, 92, 90, 94, 92,
    87, 78, 80, 80, 77, 75, 77, 84, 89, 95, 96, 94, 92, 89, 85, 85, 86,
    80, 79, 92, 94, 97, 104, 101, 95, 91, 89, 85, 86, 83, 84, 91, 94, 99,
    103, 100, 94, 91, 88, 88, 90, 88, 83, 83, 91, 99, 103, 101, 100, 97,
    94, 93, 94, 94, 93, 87, 91, 103, 108, 113, 115, 117, 120, 123, 135,
    150, 158, 170, 184, 191, 198, 207, 213, 221, 227, 223 ]
