%YAML:1.0
---
videoName: "RHShake09.mp4"
gestureLabel: 2
fps: 29
pixelSizeInCmTemp: 3.1103896103896100e-01
faceCenterPointX: 296
faceCenterPointY: 48
LHandPositionsX: [ 327, 323, 323, 325, 324, 324, 322, 323, 319, 317, 317,
    317, 312, 314, 310, 311, 311, 310, 308, 308, 308, 306, 309, 309, 306,
    308, 308, 304, 306, 305, 308, 307, 311, 311, 308, 308, 307, 309, 309,
    307, 311, 307, 309, 311, 309, 311, 309, 312, 312, 315, 313, 313, 312,
    314, 314, 312, 312, 312, 312, 314, 313, 317, 316, 316, 316, 313, 315,
    314, 318, 314, 316, 314, 316, 317, 317, 314, 314, 314, 317, 317, 315,
    317, 315, 318, 315, 315, 318, 317 ]
LHandPositionsY: [ 265, 265, 267, 267, 269, 269, 272, 271, 271, 274, 274,
    275, 273, 272, 275, 273, 276, 272, 276, 275, 274, 274, 273, 276, 273,
    273, 275, 272, 273, 274, 273, 273, 274, 277, 273, 274, 273, 277, 274,
    275, 273, 273, 274, 275, 277, 274, 276, 275, 273, 277, 276, 274, 275,
    273, 276, 272, 276, 273, 272, 274, 276, 276, 274, 273, 273, 276, 275,
    273, 276, 272, 275, 276, 274, 276, 274, 276, 275, 274, 272, 276, 272,
    273, 271, 273, 274, 272, 274, 273 ]
RHandPositionsX: [ 266, 263, 266, 265, 263, 263, 265, 265, 264, 260, 263,
    260, 257, 259, 258, 257, 259, 256, 256, 258, 256, 256, 258, 255, 256,
    256, 255, 253, 253, 256, 265, 264, 255, 244, 224, 204, 190, 177, 169,
    171, 172, 173, 182, 182, 188, 185, 184, 179, 179, 178, 189, 191, 189,
    199, 193, 188, 179, 175, 181, 186, 184, 183, 197, 187, 188, 181, 175,
    173, 173, 183, 185, 191, 186, 183, 181, 181, 182, 178, 185, 190, 193,
    194, 200, 200, 210, 218, 225, 240 ]
RHandPositionsY: [ 260, 266, 263, 262, 267, 266, 267, 265, 266, 266, 265,
    266, 266, 269, 267, 267, 267, 265, 268, 266, 269, 269, 269, 269, 268,
    265, 268, 269, 268, 267, 268, 260, 245, 230, 215, 198, 174, 158, 139,
    132, 114, 107, 107, 111, 109, 102, 97, 90, 86, 86, 88, 98, 97, 98,
    92, 92, 87, 86, 89, 91, 95, 98, 96, 95, 90, 85, 85, 87, 88, 97, 98,
    97, 95, 95, 92, 91, 90, 90, 95, 107, 104, 108, 120, 132, 145, 155,
    169, 186 ]
