%YAML:1.0
---
videoName: "RHShake15.mp4"
gestureLabel: 2
fps: 29
pixelSizeInCmTemp: 3.2808219178082193e-01
faceCenterPointX: 279
faceCenterPointY: 41
LHandPositionsX: [ 370, 370, 368, 371, 370, 369, 371, 369, 371, 369, 372,
    369, 369, 370, 371, 371, 369, 372, 369, 369, 371, 369, 372, 372, 371,
    372, 370, 370, 370, 370, 372, 368, 370, 371, 368, 368, 370, 372, 372,
    372, 372, 370, 371, 371, 371, 368, 368, 369, 372, 372, 371, 372, 372,
    370, 372, 369, 372, 372, 368, 369, 372, 372, 368, 370, 370, 372, 372,
    368, 371, 370, 370, 371, 369, 372, 372, 368, 372, 368, 372, 369, 368,
    369, 372, 372, 372, 369, 371, 369 ]
LHandPositionsY: [ 233, 234, 234, 236, 232, 233, 232, 235, 232, 233, 232,
    232, 236, 232, 235, 234, 234, 236, 233, 233, 233, 232, 232, 234, 235,
    235, 235, 233, 233, 234, 233, 232, 232, 235, 234, 234, 236, 236, 234,
    233, 232, 234, 232, 233, 234, 231, 234, 233, 231, 232, 231, 234, 232,
    231, 231, 231, 232, 231, 231, 231, 231, 234, 235, 232, 234, 235, 231,
    233, 231, 232, 232, 234, 233, 232, 234, 234, 234, 235, 233, 233, 232,
    235, 231, 233, 235, 234, 233, 233 ]
RHandPositionsX: [ 135, 124, 115, 108, 111, 109, 108, 107, 108, 110, 110,
    114, 116, 111, 111, 110, 112, 109, 106, 107, 112, 116, 117, 114, 112,
    105, 111, 108, 107, 108, 112, 115, 117, 115, 113, 112, 107, 112, 111,
    117, 112, 110, 117, 114, 120, 119, 121, 123, 124, 121, 119, 124, 123,
    125, 122, 128, 125, 127, 121, 122, 119, 122, 127, 134, 140, 142, 141,
    139, 139, 141, 146, 146, 151, 154, 156, 158, 158, 160, 160, 159, 159,
    160, 160, 160, 159, 159, 157, 161 ]
RHandPositionsY: [ 191, 172, 157, 144, 145, 141, 132, 126, 121, 116, 112,
    108, 102, 101, 96, 94, 95, 92, 91, 92, 96, 92, 92, 94, 95, 94, 96,
    92, 96, 95, 99, 102, 103, 105, 102, 102, 104, 102, 105, 105, 105,
    106, 110, 110, 109, 105, 102, 107, 103, 105, 107, 110, 113, 113, 115,
    112, 109, 113, 112, 112, 113, 120, 128, 138, 148, 162, 170, 179, 194,
    201, 209, 221, 227, 237, 239, 240, 245, 246, 245, 247, 246, 245, 245,
    246, 249, 246, 246, 249 ]
