%YAML:1.0
---
videoName: "RHShake19.mp4"
gestureLabel: 2
fps: 29
pixelSizeInCmTemp: 3.2808219178082193e-01
faceCenterPointX: 283
faceCenterPointY: 48
LHandPositionsX: [ 391, 390, 390, 389, 391, 388, 388, 389, 391, 390, 388,
    391, 390, 391, 389, 388, 392, 388, 389, 390, 392, 390, 392, 389, 390,
    388, 391, 390, 388, 390, 389, 389, 389, 389, 391, 388, 389, 392, 392,
    388, 388, 392, 391, 390, 389, 391, 391, 390, 392, 392, 389, 392, 392,
    389, 392, 392, 391, 391, 389, 392, 390, 390, 390, 388, 388, 388, 392,
    391, 390, 390, 388, 390, 391, 391, 391, 388, 389, 392, 388, 391, 388,
    390, 392, 391, 389, 390, 392, 389 ]
LHandPositionsY: [ 243, 242, 241, 241, 244, 244, 241, 243, 244, 240, 241,
    240, 240, 244, 242, 244, 241, 244, 243, 240, 243, 240, 241, 243, 242,
    244, 240, 240, 241, 241, 240, 240, 241, 244, 240, 242, 243, 243, 242,
    244, 242, 241, 242, 244, 241, 241, 244, 241, 244, 244, 241, 244, 241,
    242, 241, 241, 244, 244, 242, 242, 241, 243, 243, 240, 243, 244, 243,
    240, 240, 243, 243, 244, 242, 242, 241, 244, 240, 242, 243, 243, 240,
    241, 240, 242, 242, 243, 244, 240 ]
RHandPositionsX: [ 155, 172, 181, 184, 185, 184, 176, 172, 164, 164, 162,
    160, 168, 178, 183, 181, 187, 180, 173, 169, 164, 160, 160, 163, 167,
    174, 175, 174, 168, 164, 161, 161, 158, 162, 171, 178, 180, 179, 178,
    175, 170, 164, 162, 159, 164, 169, 174, 180, 178, 186, 180, 177, 169,
    170, 167, 170, 168, 177, 180, 180, 181, 178, 175, 170, 168, 169, 172,
    176, 177, 183, 187, 190, 190, 185, 186, 184, 182, 184, 180, 181, 181,
    181, 181, 180, 181, 178, 181, 182 ]
RHandPositionsY: [ 91, 93, 97, 93, 95, 90, 87, 82, 77, 75, 74, 71, 76,
    86, 91, 91, 88, 82, 81, 79, 78, 77, 76, 76, 82, 90, 91, 88, 89, 89,
    84, 81, 81, 86, 84, 88, 95, 96, 94, 91, 87, 84, 84, 85, 81, 86, 90,
    95, 101, 101, 100, 96, 94, 94, 94, 96, 100, 103, 106, 111, 105, 100,
    102, 97, 102, 98, 113, 123, 140, 152, 164, 173, 188, 192, 200, 209,
    219, 225, 233, 239, 234, 236, 237, 242, 244, 241, 242, 243 ]
