%YAML:1.0
---
videoName: "RHShake12.mp4"
gestureLabel: 2
fps: 29
pixelSizeInCmTemp: 3.3732394366197183e-01
faceCenterPointX: 299
faceCenterPointY: 45
LHandPositionsX: [ 408, 405, 407, 404, 404, 407, 408, 404, 406, 405, 405,
    407, 404, 406, 406, 408, 407, 408, 407, 404, 407, 406, 408, 407, 407,
    407, 405, 407, 405, 406, 406, 405, 405, 404, 405, 406, 407, 407, 407,
    408, 405, 408, 404, 405, 404, 404, 408, 407, 406, 405, 407, 408, 407,
    408, 405, 404, 407, 405, 406, 407, 406, 405, 407, 406, 406, 407, 407,
    407, 408, 406, 406, 405, 407, 406, 404, 407, 406, 406, 406, 406, 404,
    404, 407, 406, 407, 405, 405, 406 ]
LHandPositionsY: [ 243, 243, 240, 240, 239, 240, 242, 241, 243, 242, 239,
    240, 242, 239, 239, 241, 240, 242, 240, 241, 240, 241, 241, 239, 240,
    240, 239, 239, 243, 240, 240, 241, 240, 241, 240, 240, 243, 243, 240,
    243, 243, 241, 239, 243, 239, 240, 239, 239, 242, 241, 239, 242, 239,
    243, 242, 243, 239, 243, 240, 243, 239, 242, 240, 242, 241, 243, 239,
    239, 243, 241, 239, 242, 241, 240, 243, 242, 243, 241, 239, 242, 243,
    241, 243, 243, 242, 243, 242, 242 ]
RHandPositionsX: [ 167, 168, 162, 162, 164, 171, 182, 191, 193, 198, 192,
    181, 178, 172, 171, 166, 172, 179, 185, 186, 189, 182, 178, 173, 168,
    166, 168, 175, 188, 193, 193, 190, 183, 179, 176, 176, 172, 175, 182,
    189, 197, 196, 187, 181, 176, 178, 171, 174, 181, 189, 193, 191, 197,
    188, 184, 178, 179, 178, 174, 174, 180, 194, 201, 200, 205, 199, 197,
    189, 186, 187, 184, 185, 187, 192, 199, 197, 198, 201, 200, 203, 198,
    200, 200, 198, 197, 197, 198, 201 ]
RHandPositionsY: [ 137, 125, 118, 112, 106, 94, 94, 105, 105, 112, 99,
    93, 89, 89, 87, 85, 82, 87, 101, 104, 109, 95, 89, 85, 87, 86, 83,
    90, 101, 111, 113, 106, 102, 97, 92, 92, 90, 87, 98, 110, 116, 117,
    104, 97, 94, 95, 89, 87, 92, 111, 110, 112, 113, 103, 92, 90, 91, 91,
    87, 89, 91, 108, 122, 121, 121, 120, 114, 108, 110, 111, 117, 126,
    137, 146, 162, 165, 166, 174, 187, 196, 200, 207, 215, 222, 221, 226,
    229, 228 ]
