%YAML:1.0
---
videoName: "RHShake02.mp4"
gestureLabel: 2
fps: 29
pixelSizeInCmTemp: 3.1933333333333330e-01
faceCenterPointX: 291
faceCenterPointY: 51
LHandPositionsX: [ 408, 406, 408, 408, 406, 405, 406, 406, 407, 406, 409,
    409, 406, 405, 407, 407, 408, 408, 406, 407, 404, 404, 405, 404, 407,
    406, 406, 407, 407, 402, 405, 403, 405, 401, 402, 403, 405, 405, 401,
    402, 402, 403, 401, 401, 399, 403, 401, 401, 398, 400, 400, 397, 397,
    401, 397, 399, 398, 400, 399, 400, 398, 398, 396, 397, 395, 395, 397,
    399, 396, 399, 396, 396, 397, 395, 396, 395, 399, 396, 397, 398, 397,
    399, 398, 398, 395, 398, 397, 395 ]
LHandPositionsY: [ 263, 261, 263, 263, 262, 261, 261, 261, 263, 263, 262,
    263, 261, 263, 264, 263, 263, 260, 261, 260, 261, 263, 260, 263, 263,
    260, 263, 262, 261, 263, 263, 260, 264, 262, 262, 264, 263, 261, 261,
    262, 261, 263, 263, 263, 263, 262, 260, 264, 264, 262, 260, 262, 264,
    264, 261, 260, 262, 261, 261, 261, 263, 261, 262, 260, 262, 263, 262,
    264, 261, 260, 264, 264, 262, 260, 263, 261, 263, 263, 260, 264, 261,
    263, 260, 263, 264, 260, 261, 263 ]
RHandPositionsX: [ 171, 173, 171, 173, 171, 174, 173, 174, 171, 173, 174,
    173, 174, 174, 173, 172, 172, 170, 171, 172, 171, 173, 170, 172, 174,
    172, 176, 178, 177, 171, 169, 159, 161, 153, 148, 153, 159, 174, 184,
    179, 181, 177, 169, 163, 160, 158, 158, 170, 180, 184, 190, 185, 185,
    180, 167, 166, 165, 168, 176, 182, 182, 182, 180, 178, 176, 171, 169,
    170, 171, 175, 182, 191, 197, 203, 197, 199, 196, 182, 186, 181, 178,
    175, 178, 178, 177, 177, 176, 177 ]
RHandPositionsY: [ 267, 267, 264, 263, 267, 263, 264, 263, 267, 263, 265,
    266, 263, 265, 263, 266, 263, 263, 267, 264, 265, 264, 263, 263, 265,
    270, 262, 249, 229, 210, 186, 167, 142, 125, 111, 100, 100, 96, 97,
    97, 95, 93, 92, 89, 86, 87, 87, 91, 96, 98, 101, 97, 93, 88, 84, 87,
    88, 88, 94, 101, 101, 97, 100, 97, 93, 93, 95, 92, 96, 99, 104, 116,
    129, 144, 160, 175, 195, 212, 227, 230, 238, 242, 244, 249, 253, 250,
    256, 252 ]
