%YAML:1.0
---
videoName: "RHShake03.mp4"
gestureLabel: 2
fps: 29
pixelSizeInCmTemp: 3.1103896103896100e-01
faceCenterPointX: 294
faceCenterPointY: 48
LHandPositionsX: [ 412, 409, 412, 410, 411, 409, 411, 412, 408, 409, 409,
    412, 411, 408, 409, 409, 409, 412, 409, 410, 412, 408, 409, 409, 409,
    408, 409, 411, 410, 409, 412, 412, 410, 408, 409, 409, 408, 410, 409,
    409, 409, 410, 411, 408, 410, 409, 412, 410, 412, 408, 410, 412, 408,
    408, 412, 408, 408, 412, 410, 409, 411, 412, 412, 410, 412, 409, 411,
    412, 412, 411, 410, 410, 410, 410, 409, 409, 407, 411, 407, 408, 409,
    411, 409, 410, 411, 409, 407, 408 ]
LHandPositionsY: [ 263, 262, 263, 264, 261, 262, 262, 260, 262, 261, 262,
    264, 262, 261, 260, 263, 261, 264, 264, 262, 260, 263, 262, 261, 262,
    261, 262, 263, 260, 261, 262, 264, 261, 262, 260, 260, 260, 260, 263,
    260, 263, 263, 262, 261, 260, 261, 263, 264, 260, 263, 260, 262, 260,
    260, 263, 264, 260, 264, 262, 262, 264, 261, 261, 261, 260, 260, 261,
    261, 263, 262, 261, 261, 260, 262, 263, 263, 264, 263, 264, 261, 262,
    264, 262, 263, 262, 263, 262, 260 ]
RHandPositionsX: [ 179, 179, 177, 177, 175, 175, 178, 176, 173, 176, 177,
    176, 175, 174, 175, 176, 174, 172, 172, 171, 172, 175, 173, 175, 173,
    173, 173, 175, 174, 173, 171, 172, 172, 171, 162, 157, 152, 148, 151,
    150, 155, 167, 177, 183, 189, 193, 185, 174, 172, 170, 171, 178, 183,
    182, 178, 176, 174, 169, 169, 174, 176, 189, 199, 207, 198, 193, 189,
    186, 182, 181, 183, 195, 200, 210, 212, 207, 198, 195, 193, 185, 181,
    183, 183, 184, 179, 183, 182, 182 ]
RHandPositionsY: [ 261, 258, 262, 258, 261, 259, 259, 258, 260, 258, 259,
    258, 262, 259, 262, 260, 260, 262, 261, 260, 262, 259, 260, 260, 258,
    258, 259, 260, 258, 260, 267, 266, 256, 240, 217, 199, 179, 157, 146,
    130, 124, 117, 119, 117, 110, 103, 102, 101, 100, 99, 104, 106, 106,
    103, 106, 101, 100, 97, 94, 96, 100, 110, 111, 113, 111, 109, 104,
    102, 97, 98, 106, 119, 127, 143, 160, 178, 200, 209, 219, 242, 242,
    245, 246, 249, 250, 254, 252, 251 ]
