%YAML:1.0
---
videoName: "RHShake23.mp4"
gestureLabel: 2
fps: 29
pixelSizeInCmTemp: 3.3263888888888887e-01
faceCenterPointX: 298
faceCenterPointY: 49
LHandPositionsX: [ 388, 390, 387, 389, 388, 390, 391, 390, 391, 388, 391,
    388, 387, 389, 390, 387, 388, 390, 389, 387, 389, 391, 389, 389, 387,
    390, 390, 389, 391, 390, 387, 389, 391, 389, 389, 391, 391, 387, 388,
    389, 390, 387, 389, 389, 391, 387, 391, 389, 387, 388, 388, 387, 391,
    388, 391, 388, 388, 387, 391, 390, 391, 391, 389, 390, 388, 390, 390,
    389, 387, 387, 387, 389, 391, 388, 391, 391, 391, 389, 390, 390, 390,
    390, 387, 390, 388, 390, 389, 387 ]
LHandPositionsY: [ 227, 224, 227, 228, 228, 226, 224, 225, 228, 227, 224,
    228, 227, 227, 228, 225, 225, 225, 225, 226, 226, 224, 227, 226, 225,
    227, 228, 227, 225, 227, 224, 228, 224, 228, 224, 226, 224, 225, 228,
    224, 226, 227, 224, 227, 226, 225, 228, 224, 225, 224, 226, 228, 224,
    228, 228, 228, 225, 226, 228, 226, 228, 225, 227, 226, 226, 228, 228,
    226, 225, 228, 228, 227, 224, 224, 224, 224, 227, 228, 225, 224, 228,
    226, 225, 227, 227, 224, 228, 226 ]
RHandPositionsX: [ 172, 170, 175, 187, 192, 186, 192, 187, 183, 178, 176,
    173, 174, 179, 190, 196, 195, 196, 197, 196, 183, 180, 178, 176, 173,
    171, 171, 177, 192, 202, 198, 199, 200, 197, 190, 183, 185, 181, 177,
    181, 187, 198, 200, 204, 208, 204, 197, 191, 185, 179, 177, 177, 181,
    188, 194, 200, 204, 209, 208, 210, 211, 212, 211, 208, 210, 210, 206,
    207, 205, 205, 205, 203, 206, 205, 202, 202, 204, 202, 203, 201, 203,
    199, 201, 201, 198, 201, 201, 200 ]
RHandPositionsY: [ 96, 94, 98, 114, 117, 114, 122, 112, 105, 101, 98,
    100, 100, 101, 114, 122, 124, 121, 123, 109, 102, 101, 101, 100, 99,
    95, 93, 101, 117, 123, 120, 124, 123, 108, 107, 106, 107, 104, 102,
    103, 114, 122, 123, 125, 127, 125, 123, 107, 109, 104, 105, 100, 100,
    116, 126, 133, 142, 148, 152, 154, 161, 168, 172, 180, 191, 203, 206,
    217, 212, 217, 218, 221, 219, 221, 224, 226, 224, 227, 227, 227, 226,
    227, 228, 226, 227, 226, 225, 225 ]
