%YAML:1.0
---
videoName: "RHShake03.mp4"
gestureLabel: 2
fps: 29
pixelSizeInCmTemp: 3.1103896103896100e-01
faceCenterPointX: 294
faceCenterPointY: 48
LHandPositionsX: [ 411, 412, 408, 409, 412, 410, 408, 411, 412, 410, 411,
    412, 411, 408, 409, 410, 410, 410, 408, 408, 408, 408, 412, 412, 408,
    412, 412, 411, 410, 408, 409, 411, 409, 409, 411, 410, 409, 410, 409,
    411, 410, 409, 408, 409, 412, 409, 411, 408, 411, 408, 409, 410, 410,
    412, 411, 411, 410, 411, 412, 408, 408, 409, 411, 411, 411, 410, 408,
    409, 410, 409, 411, 407, 411, 411, 407, 409, 410, 410, 409, 408, 407,
    407, 409, 408, 408, 411, 411, 407 ]
LHandPositionsY: [ 261, 263, 262, 260, 264, 260, 261, 261, 262, 261, 262,
    264, 263, 263, 263, 261, 263, 260, 261, 262, 263, 261, 263, 260, 260,
    264, 263, 260, 260, 262, 264, 260, 262, 262, 260, 260, 262, 261, 262,
    260, 260, 262, 264, 262, 264, 263, 263, 260, 260, 262, 263, 262, 264,
    261, 260, 262, 260, 263, 262, 261, 262, 260, 263, 260, 261, 263, 262,
    264, 263, 262, 260, 260, 260, 260, 261, 260, 262, 262, 260, 264, 263,
    260, 260, 262, 263, 263, 261, 262 ]
RHandPositionsX: [ 178, 179, 178, 178, 176, 174, 175, 174, 173, 177, 173,
    174, 172, 175, 173, 174, 175, 173, 175, 173, 171, 173, 174, 171, 174,
    173, 174, 172, 173, 173, 172, 171, 174, 172, 163, 156, 151, 147, 150,
    153, 157, 164, 180, 185, 191, 190, 184, 174, 172, 171, 173, 181, 182,
    181, 182, 177, 172, 170, 168, 174, 178, 187, 199, 208, 201, 190, 190,
    186, 182, 181, 185, 193, 200, 207, 212, 209, 198, 195, 190, 183, 182,
    181, 184, 183, 183, 179, 183, 180 ]
RHandPositionsY: [ 259, 261, 258, 260, 258, 261, 259, 262, 259, 261, 259,
    261, 259, 261, 262, 259, 260, 259, 260, 260, 258, 260, 258, 259, 258,
    259, 262, 262, 258, 260, 263, 267, 255, 238, 220, 198, 177, 159, 145,
    129, 120, 117, 116, 116, 110, 106, 104, 99, 97, 100, 102, 104, 106,
    105, 105, 101, 103, 99, 97, 96, 104, 110, 109, 113, 110, 106, 106,
    105, 99, 98, 105, 116, 130, 139, 158, 181, 202, 210, 219, 243, 240,
    246, 242, 252, 250, 255, 253, 253 ]
