%YAML:1.0
---
videoName: "RHShake18.mp4"
gestureLabel: 2
fps: 30
pixelSizeInCmTemp: 3.3732394366197183e-01
faceCenterPointX: 275
faceCenterPointY: 40
LHandPositionsX: [ 375, 379, 376, 377, 375, 378, 376, 379, 377, 377, 377,
    378, 379, 378, 376, 379, 379, 376, 378, 375, 375, 379, 375, 376, 377,
    379, 375, 379, 375, 377, 376, 379, 379, 379, 377, 379, 376, 375, 376,
    375, 379, 377, 377, 375, 378, 378, 377, 378, 373, 374, 373, 368, 365,
    356, 350, 349, 340, 334, 326, 317, 305, 298, 302, 302, 299, 290, 289,
    290, 293, 298, 293, 290, 293, 291, 290, 291, 288, 290, 291, 290, 287,
    290, 288, 287, 289, 287, 289, 289, 286, 285, 288 ]
LHandPositionsY: [ 230, 230, 232, 229, 232, 233, 232, 229, 232, 232, 231,
    229, 229, 230, 229, 230, 233, 229, 231, 230, 233, 233, 233, 231, 229,
    229, 230, 232, 231, 231, 230, 231, 230, 230, 231, 231, 229, 232, 232,
    232, 229, 232, 232, 233, 230, 232, 229, 231, 230, 230, 232, 237, 240,
    235, 237, 234, 231, 232, 227, 230, 229, 231, 231, 231, 233, 236, 234,
    236, 237, 238, 244, 244, 241, 242, 243, 239, 241, 241, 243, 241, 239,
    239, 240, 243, 239, 241, 242, 239, 241, 240, 240 ]
RHandPositionsX: [ 155, 152, 153, 147, 146, 151, 153, 158, 163, 165, 163,
    163, 156, 151, 149, 149, 157, 163, 169, 168, 170, 163, 159, 157, 160,
    158, 155, 164, 165, 167, 164, 162, 160, 154, 155, 162, 176, 176, 175,
    170, 164, 159, 159, 156, 159, 169, 170, 182, 188, 199, 207, 218, 232,
    244, 255, 263, 270, 255, 252, 246, 247, 240, 240, 238, 237, 238, 236,
    236, 233, 235, 238, 241, 237, 236, 236, 240, 240, 239, 240, 240, 239,
    236, 236, 237, 237, 240, 237, 240, 238, 236, 236 ]
RHandPositionsY: [ 73, 72, 69, 70, 70, 69, 65, 71, 74, 74, 71, 70, 69,
    69, 67, 66, 69, 72, 69, 72, 74, 70, 68, 70, 68, 69, 69, 74, 79, 74,
    74, 75, 75, 73, 73, 79, 94, 90, 94, 90, 88, 89, 83, 84, 83, 87, 100,
    100, 113, 125, 135, 141, 151, 163, 173, 183, 192, 192, 198, 200, 202,
    207, 206, 212, 214, 215, 218, 222, 220, 224, 229, 228, 225, 227, 227,
    228, 224, 224, 226, 228, 228, 227, 227, 226, 224, 226, 227, 227, 224,
    224, 227 ]
