%YAML:1.0
---
videoName: "RHShake23.mp4"
gestureLabel: 2
fps: 29
pixelSizeInCmTemp: 3.3263888888888887e-01
faceCenterPointX: 298
faceCenterPointY: 49
LHandPositionsX: [ 389, 390, 387, 390, 391, 391, 391, 388, 391, 390, 391,
    389, 391, 391, 387, 388, 389, 388, 390, 390, 389, 390, 389, 390, 387,
    389, 391, 391, 390, 387, 391, 387, 391, 389, 388, 391, 388, 389, 387,
    388, 389, 388, 389, 391, 387, 391, 388, 388, 390, 391, 391, 390, 389,
    388, 387, 391, 388, 391, 390, 391, 391, 389, 389, 388, 390, 389, 388,
    391, 389, 387, 387, 391, 387, 390, 391, 389, 390, 391, 387, 387, 390,
    388, 388, 391, 389, 388, 390, 390 ]
LHandPositionsY: [ 228, 228, 227, 225, 224, 225, 227, 228, 226, 224, 226,
    227, 228, 228, 225, 228, 226, 224, 227, 226, 227, 228, 227, 227, 226,
    225, 226, 225, 224, 225, 227, 228, 224, 228, 225, 228, 224, 224, 228,
    228, 225, 226, 227, 228, 224, 227, 224, 225, 226, 225, 226, 228, 227,
    227, 226, 228, 226, 225, 224, 226, 226, 224, 227, 227, 224, 224, 225,
    224, 226, 228, 228, 226, 225, 226, 225, 228, 224, 228, 225, 226, 228,
    227, 226, 228, 224, 224, 228, 225 ]
RHandPositionsX: [ 168, 171, 174, 187, 190, 188, 193, 191, 181, 178, 172,
    175, 175, 178, 190, 195, 199, 199, 197, 193, 183, 181, 175, 173, 173,
    171, 170, 177, 190, 203, 198, 199, 199, 196, 190, 185, 184, 180, 179,
    180, 188, 199, 201, 201, 204, 202, 196, 192, 183, 180, 175, 177, 180,
    185, 192, 199, 207, 209, 211, 209, 211, 212, 209, 208, 210, 210, 206,
    206, 204, 207, 203, 206, 206, 205, 204, 203, 200, 202, 200, 202, 203,
    201, 201, 198, 200, 200, 199, 198 ]
RHandPositionsY: [ 95, 93, 100, 111, 114, 112, 118, 109, 105, 99, 101,
    98, 99, 104, 114, 125, 123, 123, 125, 109, 104, 103, 99, 99, 98, 95,
    97, 98, 114, 125, 120, 124, 125, 110, 107, 107, 105, 103, 100, 99,
    114, 119, 120, 121, 126, 124, 122, 109, 105, 106, 103, 102, 101, 118,
    130, 137, 142, 150, 150, 155, 160, 166, 171, 184, 191, 203, 207, 214,
    213, 213, 217, 221, 220, 223, 223, 229, 228, 227, 225, 225, 226, 226,
    227, 225, 224, 225, 228, 224 ]
