%YAML:1.0
---
videoName: "RHShake14.mp4"
gestureLabel: 2
fps: 30
pixelSizeInCmTemp: 3.2808219178082193e-01
faceCenterPointX: 277
faceCenterPointY: 42
LHandPositionsX: [ 378, 376, 375, 377, 378, 376, 375, 376, 376, 375, 378,
    377, 374, 377, 375, 375, 374, 373, 373, 376, 376, 375, 372, 373, 372,
    376, 376, 372, 374, 374, 375, 372, 375, 372, 372, 376, 376, 374, 375,
    376, 372, 376, 374, 375, 374, 375, 372, 373, 376, 372, 376, 373, 374,
    372, 373, 373, 372, 376, 375, 376, 373, 375, 373, 376, 374, 376, 376,
    374, 375, 374, 372, 375, 376, 375, 375, 376, 375, 373, 373, 372, 375,
    374, 372, 373, 376, 375, 376, 374, 372, 375, 373 ]
LHandPositionsY: [ 231, 233, 229, 231, 232, 232, 233, 230, 229, 231, 229,
    230, 233, 231, 233, 231, 231, 233, 229, 230, 229, 231, 232, 231, 231,
    229, 229, 231, 231, 233, 230, 232, 229, 229, 229, 232, 232, 232, 230,
    231, 230, 229, 229, 231, 229, 232, 232, 233, 233, 233, 233, 231, 232,
    231, 233, 231, 231, 230, 231, 230, 233, 232, 229, 229, 233, 229, 231,
    233, 233, 231, 232, 231, 230, 231, 231, 232, 233, 230, 233, 233, 232,
    233, 232, 229, 232, 231, 233, 232, 232, 232, 230 ]
RHandPositionsX: [ 172, 173, 171, 170, 174, 171, 170, 170, 173, 173, 173,
    173, 172, 173, 174, 172, 171, 170, 174, 173, 170, 171, 170, 170, 171,
    172, 168, 169, 160, 149, 135, 127, 123, 116, 116, 123, 128, 133, 134,
    137, 142, 147, 146, 144, 148, 146, 147, 153, 157, 161, 157, 159, 152,
    149, 156, 155, 161, 170, 166, 162, 158, 155, 159, 156, 155, 164, 163,
    173, 175, 177, 178, 180, 179, 178, 173, 173, 176, 177, 175, 173, 172,
    172, 171, 171, 174, 171, 172, 174, 171, 173, 171 ]
RHandPositionsY: [ 241, 241, 241, 242, 241, 240, 240, 239, 242, 240, 239,
    240, 241, 239, 241, 239, 239, 242, 240, 239, 242, 240, 240, 243, 240,
    242, 243, 235, 212, 195, 175, 155, 135, 116, 112, 111, 102, 110, 112,
    115, 115, 106, 97, 94, 86, 84, 85, 82, 85, 82, 78, 78, 75, 78, 77,
    74, 80, 80, 78, 80, 80, 75, 75, 77, 81, 81, 84, 108, 119, 132, 146,
    157, 169, 181, 193, 197, 200, 201, 212, 217, 216, 220, 223, 226, 232,
    233, 234, 235, 233, 237, 235 ]
