%YAML:1.0
---
videoName: "RHShake24.mp4"
gestureLabel: 2
fps: 30
pixelSizeInCmTemp: 3.3732394366197183e-01
faceCenterPointX: 304
faceCenterPointY: 46
LHandPositionsX: [ 389, 392, 390, 393, 393, 390, 393, 390, 391, 392, 393,
    393, 391, 391, 392, 393, 389, 390, 389, 392, 393, 391, 392, 391, 389,
    393, 392, 391, 389, 390, 390, 391, 392, 393, 391, 392, 393, 391, 392,
    391, 391, 393, 390, 393, 393, 391, 390, 389, 392, 392, 392, 391, 391,
    389, 391, 390, 389, 392, 391, 392, 389, 391, 391, 390, 392, 389, 390,
    392, 390, 392, 390, 393, 390, 389, 389, 390, 392, 392, 392, 392, 393,
    390, 392, 390, 392, 390, 393, 390, 393, 392, 391 ]
LHandPositionsY: [ 227, 225, 227, 226, 228, 225, 225, 229, 229, 226, 229,
    226, 227, 228, 227, 229, 228, 226, 227, 225, 225, 229, 226, 227, 228,
    228, 228, 229, 228, 226, 228, 229, 226, 226, 229, 229, 229, 227, 227,
    228, 227, 226, 226, 228, 227, 225, 229, 225, 228, 227, 225, 225, 227,
    225, 226, 228, 227, 225, 227, 227, 227, 226, 225, 228, 229, 226, 229,
    226, 226, 228, 228, 227, 228, 229, 225, 226, 228, 228, 229, 229, 229,
    227, 226, 227, 228, 229, 229, 229, 226, 229, 225 ]
RHandPositionsX: [ 144, 148, 149, 149, 155, 153, 154, 147, 148, 140, 137,
    135, 145, 153, 162, 164, 162, 161, 162, 155, 150, 142, 146, 140, 141,
    145, 155, 160, 158, 159, 155, 153, 150, 144, 141, 144, 148, 154, 156,
    159, 159, 163, 158, 154, 148, 142, 139, 141, 145, 151, 163, 162, 167,
    173, 170, 164, 158, 151, 149, 149, 149, 148, 153, 165, 164, 169, 171,
    171, 174, 178, 180, 182, 183, 187, 191, 189, 193, 195, 195, 195, 196,
    194, 194, 196, 194, 192, 195, 196, 195, 192, 194 ]
RHandPositionsY: [ 94, 102, 100, 100, 102, 98, 92, 92, 86, 89, 84, 84,
    84, 102, 111, 111, 113, 116, 106, 100, 95, 98, 96, 92, 91, 101, 112,
    111, 112, 115, 109, 100, 97, 94, 92, 94, 93, 98, 100, 109, 109, 113,
    106, 103, 101, 98, 99, 94, 93, 108, 121, 119, 121, 124, 121, 104,
    102, 101, 101, 100, 98, 94, 105, 113, 113, 114, 118, 123, 134, 140,
    151, 153, 150, 159, 165, 174, 178, 188, 196, 202, 208, 211, 213, 214,
    219, 217, 221, 225, 226, 226, 226 ]
