%YAML:1.0
---
videoName: "RHShake21.mp4"
gestureLabel: 2
fps: 29
pixelSizeInCmTemp: 3.3732394366197183e-01
faceCenterPointX: 293
faceCenterPointY: 47
LHandPositionsX: [ 396, 398, 398, 397, 395, 397, 394, 398, 394, 394, 397,
    395, 396, 398, 394, 394, 397, 394, 398, 396, 395, 397, 397, 397, 397,
    397, 396, 396, 397, 397, 397, 394, 394, 395, 395, 395, 395, 394, 395,
    397, 394, 398, 396, 395, 396, 394, 397, 398, 396, 396, 396, 394, 396,
    394, 394, 395, 394, 396, 398, 397, 396, 395, 394, 398, 398, 397, 398,
    394, 397, 394, 398, 396, 398, 397, 396, 394, 396, 397, 396, 395, 394,
    397, 395, 397, 396, 397, 394, 394 ]
LHandPositionsY: [ 239, 239, 238, 242, 241, 240, 239, 239, 241, 239, 239,
    240, 242, 240, 240, 241, 242, 240, 241, 240, 240, 242, 240, 239, 241,
    238, 241, 238, 241, 242, 242, 238, 239, 241, 241, 238, 238, 241, 239,
    241, 242, 242, 242, 239, 242, 239, 241, 242, 242, 241, 240, 241, 239,
    240, 238, 239, 241, 239, 238, 242, 238, 238, 242, 238, 239, 241, 238,
    242, 240, 240, 238, 241, 241, 240, 242, 239, 242, 239, 241, 238, 242,
    239, 242, 238, 242, 239, 242, 239 ]
RHandPositionsX: [ 135, 138, 141, 143, 144, 144, 142, 141, 139, 133, 134,
    140, 145, 148, 147, 147, 148, 142, 141, 136, 133, 133, 139, 144, 148,
    149, 150, 152, 145, 145, 138, 135, 136, 137, 142, 144, 149, 152, 150,
    145, 141, 137, 139, 133, 139, 139, 144, 146, 151, 148, 145, 145, 138,
    133, 132, 136, 138, 144, 154, 161, 169, 177, 175, 180, 184, 182, 185,
    185, 188, 185, 191, 188, 186, 188, 186, 186, 186, 185, 189, 186, 188,
    185, 189, 188, 185, 185, 187, 189 ]
RHandPositionsY: [ 81, 87, 90, 87, 87, 84, 83, 80, 83, 83, 81, 83, 90,
    88, 92, 93, 93, 88, 87, 87, 86, 84, 82, 88, 89, 91, 91, 90, 90, 87,
    85, 85, 85, 85, 88, 91, 90, 92, 93, 90, 85, 88, 88, 84, 82, 89, 97,
    98, 96, 97, 96, 94, 94, 93, 92, 93, 94, 104, 117, 126, 139, 151, 150,
    150, 160, 170, 178, 192, 199, 210, 215, 214, 222, 226, 227, 227, 227,
    230, 228, 231, 229, 227, 230, 229, 231, 227, 230, 231 ]
