%YAML:1.0
---
videoName: "RHShake13.mp4"
gestureLabel: 2
fps: 30
pixelSizeInCmTemp: 3.2808219178082193e-01
faceCenterPointX: 278
faceCenterPointY: 45
LHandPositionsX: [ 307, 309, 306, 307, 309, 305, 308, 306, 307, 305, 309,
    306, 306, 308, 307, 308, 307, 305, 309, 305, 309, 305, 307, 308, 308,
    306, 305, 307, 305, 307, 309, 309, 307, 307, 308, 308, 305, 307, 309,
    309, 308, 306, 307, 307, 306, 308, 309, 308, 309, 309, 307, 306, 308,
    309, 309, 305, 307, 307, 307, 308, 307, 306, 305, 307, 305, 308, 307,
    305, 307, 308, 306, 308, 307, 307, 307, 309, 310, 307, 307, 306, 300,
    305, 304, 304, 304, 306, 305, 305, 305, 306, 306 ]
LHandPositionsY: [ 243, 242, 244, 242, 245, 241, 242, 241, 244, 244, 243,
    244, 244, 240, 242, 240, 243, 243, 242, 240, 242, 242, 239, 241, 240,
    240, 239, 239, 239, 239, 240, 240, 242, 239, 242, 242, 242, 238, 238,
    242, 238, 240, 238, 242, 240, 240, 239, 239, 241, 240, 242, 240, 241,
    238, 239, 239, 239, 239, 239, 241, 242, 238, 241, 240, 238, 238, 242,
    240, 241, 242, 237, 238, 241, 240, 236, 236, 235, 232, 233, 234, 234,
    234, 235, 236, 237, 239, 241, 246, 243, 247, 244 ]
RHandPositionsX: [ 165, 151, 138, 141, 143, 139, 143, 140, 147, 150, 149,
    147, 142, 134, 136, 137, 144, 141, 145, 142, 135, 133, 129, 131, 130,
    132, 135, 138, 141, 134, 135, 133, 129, 129, 128, 132, 135, 134, 135,
    137, 136, 136, 133, 136, 137, 149, 150, 148, 149, 147, 142, 137, 135,
    141, 138, 143, 143, 139, 144, 137, 136, 131, 128, 132, 138, 140, 143,
    147, 153, 158, 171, 178, 189, 199, 214, 223, 238, 245, 251, 252, 251,
    255, 259, 257, 257, 261, 259, 261, 261, 259, 260 ]
RHandPositionsY: [ 157, 138, 122, 120, 113, 111, 104, 104, 96, 95, 92,
    88, 90, 87, 85, 86, 89, 88, 89, 85, 88, 88, 87, 86, 84, 88, 89, 92,
    89, 89, 90, 91, 88, 89, 88, 89, 92, 91, 92, 93, 90, 92, 87, 87, 90,
    96, 96, 94, 92, 95, 91, 92, 94, 96, 94, 98, 101, 100, 98, 100, 98,
    97, 97, 96, 102, 104, 106, 109, 117, 127, 137, 146, 157, 166, 178,
    190, 198, 206, 213, 216, 216, 219, 229, 236, 237, 235, 239, 240, 237,
    238, 239 ]
