%YAML:1.0
---
videoName: "RHShake16.mp4"
gestureLabel: 2
fps: 29
pixelSizeInCmTemp: 3.2808219178082193e-01
faceCenterPointX: 281
faceCenterPointY: 44
LHandPositionsX: [ 373, 371, 370, 369, 370, 370, 372, 369, 371, 372, 369,
    373, 370, 371, 369, 372, 371, 369, 369, 372, 370, 372, 373, 372, 369,
    370, 371, 369, 372, 369, 371, 371, 373, 373, 369, 373, 370, 373, 371,
    372, 373, 369, 373, 371, 373, 369, 371, 373, 371, 371, 373, 371, 373,
    373, 369, 370, 371, 372, 370, 373, 372, 373, 372, 369, 372, 373, 370,
    371, 371, 373, 370, 370, 373, 373, 369, 371, 373, 370, 370, 372, 371,
    369, 373, 371, 370, 370, 369, 373 ]
LHandPositionsY: [ 233, 232, 234, 232, 234, 232, 231, 234, 234, 232, 230,
    234, 232, 232, 230, 232, 232, 233, 231, 234, 232, 233, 230, 233, 231,
    230, 233, 231, 232, 231, 232, 230, 230, 231, 233, 234, 234, 232, 233,
    232, 230, 233, 234, 231, 232, 232, 230, 234, 233, 231, 233, 233, 231,
    232, 231, 229, 230, 232, 232, 229, 229, 229, 232, 232, 233, 233, 231,
    231, 233, 231, 232, 231, 232, 229, 231, 232, 229, 231, 233, 230, 229,
    232, 230, 231, 231, 233, 232, 233 ]
RHandPositionsX: [ 169, 169, 169, 169, 170, 168, 170, 171, 171, 168, 167,
    168, 169, 167, 171, 169, 167, 168, 163, 153, 152, 150, 137, 132, 126,
    122, 119, 124, 121, 124, 125, 132, 135, 143, 144, 141, 136, 137, 135,
    140, 142, 144, 151, 152, 146, 146, 146, 149, 144, 147, 149, 151, 154,
    148, 147, 148, 147, 147, 149, 151, 152, 156, 156, 152, 155, 150, 149,
    151, 150, 162, 164, 173, 176, 174, 175, 176, 174, 175, 173, 172, 172,
    168, 169, 168, 171, 172, 170, 170 ]
RHandPositionsY: [ 267, 268, 266, 269, 266, 266, 269, 268, 269, 265, 269,
    269, 266, 265, 268, 269, 265, 264, 256, 243, 220, 200, 179, 160, 145,
    130, 118, 117, 111, 106, 108, 101, 101, 94, 93, 92, 90, 89, 87, 88,
    89, 89, 92, 89, 87, 89, 84, 85, 89, 87, 88, 87, 89, 87, 88, 85, 86,
    87, 86, 88, 92, 87, 88, 88, 90, 87, 88, 94, 104, 121, 132, 149, 158,
    171, 184, 190, 194, 204, 210, 215, 224, 223, 223, 232, 235, 235, 235,
    239 ]
