%YAML:1.0
---
videoName: "RHShake16.mp4"
gestureLabel: 2
fps: 29
pixelSizeInCmTemp: 3.2808219178082193e-01
faceCenterPointX: 281
faceCenterPointY: 44
LHandPositionsX: [ 372, 369, 370, 371, 370, 373, 373, 370, 371, 370, 371,
    372, 370, 372, 372, 372, 371, 372, 371, 372, 370, 372, 373, 373, 372,
    372, 373, 371, 369, 372, 373, 371, 370, 371, 373, 372, 372, 371, 370,
    372, 372, 370, 372, 372, 372, 369, 369, 373, 371, 369, 372, 372, 372,
    370, 372, 371, 372, 372, 373, 370, 370, 370, 371, 371, 372, 373, 371,
    373, 371, 372, 372, 370, 369, 370, 371, 371, 373, 370, 372, 373, 371,
    373, 372, 372, 371, 369, 370, 370 ]
LHandPositionsY: [ 233, 234, 231, 232, 230, 230, 233, 234, 234, 230, 230,
    231, 231, 232, 230, 231, 232, 232, 233, 234, 230, 232, 230, 232, 234,
    230, 230, 230, 233, 230, 234, 230, 233, 233, 231, 234, 234, 231, 233,
    230, 232, 231, 233, 234, 233, 230, 230, 232, 231, 233, 230, 230, 230,
    231, 232, 229, 231, 232, 229, 229, 232, 231, 233, 230, 231, 232, 232,
    231, 230, 230, 231, 232, 230, 231, 232, 230, 232, 230, 231, 229, 230,
    230, 229, 232, 232, 230, 232, 229 ]
RHandPositionsX: [ 170, 168, 167, 168, 167, 167, 167, 170, 167, 170, 169,
    169, 168, 170, 168, 170, 169, 169, 164, 156, 151, 149, 137, 133, 124,
    123, 119, 120, 122, 121, 126, 131, 137, 139, 144, 141, 136, 136, 135,
    140, 140, 144, 147, 152, 150, 146, 146, 146, 144, 148, 148, 150, 154,
    150, 147, 145, 145, 143, 145, 152, 155, 159, 153, 153, 156, 154, 149,
    151, 154, 163, 164, 169, 176, 178, 176, 176, 178, 176, 173, 169, 170,
    168, 169, 168, 171, 170, 170, 171 ]
RHandPositionsY: [ 268, 268, 269, 269, 266, 269, 268, 268, 266, 266, 268,
    269, 265, 266, 265, 266, 266, 263, 257, 242, 218, 197, 179, 159, 143,
    128, 118, 114, 109, 108, 108, 103, 101, 94, 97, 95, 91, 89, 87, 86,
    88, 88, 89, 91, 89, 85, 84, 86, 87, 87, 89, 87, 90, 86, 88, 88, 85,
    89, 87, 90, 91, 89, 90, 86, 87, 88, 91, 92, 103, 121, 133, 148, 161,
    174, 182, 188, 196, 201, 213, 215, 225, 222, 226, 231, 237, 238, 236,
    238 ]
