%YAML:1.0
---
videoName: "RHShake04.mp4"
gestureLabel: 2
fps: 29
pixelSizeInCmTemp: 3.1513157894736843e-01
faceCenterPointX: 292
faceCenterPointY: 47
LHandPositionsX: [ 413, 413, 411, 409, 410, 412, 411, 412, 412, 413, 414,
    411, 411, 408, 408, 412, 410, 410, 407, 409, 408, 410, 406, 406, 410,
    409, 407, 408, 408, 407, 406, 406, 407, 408, 408, 406, 405, 409, 405,
    408, 407, 407, 409, 409, 408, 406, 406, 406, 405, 408, 409, 409, 408,
    409, 408, 406, 408, 405, 409, 408, 405, 406, 404, 403, 405, 404, 405,
    405, 406, 402, 405, 406, 406, 404, 402, 406, 403, 403, 405, 403, 403,
    405, 405, 403, 405, 405, 403, 404 ]
LHandPositionsY: [ 264, 262, 266, 264, 262, 263, 263, 264, 264, 265, 263,
    265, 265, 264, 265, 262, 262, 262, 260, 262, 263, 262, 262, 260, 260,
    264, 263, 260, 261, 261, 261, 263, 264, 260, 263, 263, 262, 262, 262,
    264, 260, 260, 262, 261, 260, 261, 260, 263, 262, 260, 261, 262, 262,
    263, 264, 261, 263, 262, 263, 260, 260, 262, 262, 259, 262, 261, 261,
    258, 261, 259, 258, 261, 262, 258, 261, 258, 261, 262, 262, 259, 259,
    261, 261, 259, 257, 260, 259, 260 ]
RHandPositionsX: [ 178, 179, 180, 179, 179, 180, 182, 181, 177, 179, 180,
    179, 179, 177, 178, 178, 178, 176, 176, 175, 177, 177, 176, 180, 182,
    177, 170, 164, 164, 163, 165, 165, 181, 188, 194, 190, 189, 183, 176,
    169, 165, 170, 171, 175, 177, 178, 179, 172, 168, 166, 168, 172, 178,
    177, 181, 176, 175, 171, 168, 173, 168, 173, 178, 182, 192, 191, 185,
    178, 173, 172, 169, 170, 172, 176, 187, 189, 191, 190, 191, 188, 185,
    186, 186, 179, 175, 175, 175, 173 ]
RHandPositionsY: [ 266, 268, 265, 267, 264, 263, 264, 266, 266, 268, 268,
    267, 270, 267, 270, 270, 269, 270, 269, 268, 270, 270, 268, 247, 224,
    193, 171, 150, 126, 125, 120, 101, 99, 100, 104, 103, 100, 96, 95,
    91, 88, 89, 95, 95, 98, 95, 94, 94, 95, 90, 95, 93, 96, 96, 98, 95,
    98, 95, 92, 90, 90, 97, 97, 95, 96, 97, 97, 97, 94, 96, 96, 97, 99,
    108, 119, 131, 141, 153, 164, 180, 197, 210, 222, 228, 235, 244, 246,
    251 ]
