%YAML:1.0
---
videoName: "RHShake18.mp4"
gestureLabel: 2
fps: 30
pixelSizeInCmTemp: 3.3732394366197183e-01
faceCenterPointX: 275
faceCenterPointY: 40
LHandPositionsX: [ 377, 378, 379, 377, 376, 376, 376, 375, 375, 377, 376,
    378, 376, 379, 375, 377, 379, 377, 376, 377, 379, 376, 377, 376, 378,
    377, 378, 378, 379, 375, 378, 378, 378, 377, 378, 377, 376, 379, 377,
    376, 378, 376, 375, 375, 375, 377, 378, 376, 373, 373, 372, 371, 367,
    357, 351, 350, 338, 335, 326, 314, 305, 298, 299, 299, 298, 287, 289,
    290, 292, 297, 292, 290, 291, 291, 290, 291, 292, 289, 288, 290, 291,
    290, 286, 290, 286, 286, 289, 288, 287, 286, 289 ]
LHandPositionsY: [ 230, 229, 230, 233, 229, 229, 232, 232, 232, 231, 233,
    233, 231, 231, 233, 231, 230, 229, 232, 230, 232, 230, 230, 231, 232,
    233, 232, 232, 232, 231, 233, 232, 230, 231, 231, 229, 231, 230, 233,
    231, 230, 229, 233, 231, 230, 231, 229, 229, 232, 230, 234, 235, 237,
    239, 234, 238, 234, 232, 231, 230, 232, 230, 231, 231, 234, 236, 234,
    237, 236, 239, 244, 241, 239, 242, 242, 243, 241, 242, 240, 241, 240,
    239, 239, 243, 242, 243, 242, 241, 239, 241, 243 ]
RHandPositionsX: [ 157, 155, 153, 149, 147, 147, 154, 157, 163, 166, 167,
    161, 155, 153, 153, 150, 154, 163, 167, 166, 169, 163, 161, 157, 160,
    157, 157, 161, 166, 167, 165, 161, 160, 155, 155, 161, 173, 172, 174,
    168, 164, 158, 157, 158, 158, 166, 171, 183, 192, 198, 210, 222, 233,
    241, 254, 261, 267, 258, 249, 250, 246, 240, 241, 237, 238, 234, 236,
    235, 235, 234, 241, 238, 237, 237, 238, 236, 238, 236, 237, 238, 240,
    240, 237, 240, 239, 240, 236, 240, 240, 237, 237 ]
RHandPositionsY: [ 73, 72, 71, 69, 69, 67, 65, 71, 72, 76, 72, 67, 68,
    70, 66, 67, 71, 71, 72, 73, 74, 73, 69, 70, 69, 67, 71, 73, 80, 77,
    73, 72, 75, 75, 74, 79, 90, 92, 94, 89, 88, 86, 83, 86, 86, 89, 100,
    101, 113, 122, 135, 142, 154, 161, 171, 184, 188, 195, 198, 200, 205,
    204, 206, 209, 213, 213, 217, 222, 221, 224, 226, 227, 227, 228, 228,
    228, 228, 228, 227, 224, 224, 227, 227, 224, 228, 228, 225, 228, 227,
    228, 228 ]
