%YAML:1.0
---
videoName: "RHShake20.mp4"
gestureLabel: 2
fps: 29
pixelSizeInCmTemp: 3.3263888888888887e-01
faceCenterPointX: 286
faceCenterPointY: 45
LHandPositionsX: [ 394, 390, 391, 390, 391, 392, 394, 393, 393, 392, 394,
    392, 393, 391, 392, 393, 391, 394, 391, 392, 391, 391, 394, 392, 390,
    390, 391, 394, 391, 393, 390, 392, 394, 390, 392, 390, 391, 390, 394,
    393, 394, 390, 392, 390, 393, 391, 392, 391, 394, 393, 391, 391, 392,
    391, 394, 393, 390, 391, 393, 392, 393, 394, 390, 390, 392, 393, 391,
    391, 394, 392, 392, 394, 391, 394, 390, 393, 393, 390, 391, 391, 391,
    394, 392, 391, 390, 392, 393, 391 ]
LHandPositionsY: [ 246, 244, 243, 245, 243, 243, 241, 245, 243, 240, 241,
    242, 242, 241, 239, 242, 241, 241, 242, 239, 241, 239, 243, 243, 242,
    240, 243, 243, 240, 242, 240, 242, 239, 243, 243, 241, 243, 239, 242,
    243, 242, 243, 241, 240, 240, 243, 239, 240, 241, 243, 243, 240, 240,
    240, 243, 242, 242, 239, 239, 240, 239, 242, 242, 240, 240, 241, 242,
    242, 241, 239, 239, 241, 241, 239, 241, 240, 243, 243, 241, 239, 243,
    240, 239, 241, 243, 240, 241, 239 ]
RHandPositionsX: [ 165, 161, 161, 155, 151, 156, 151, 157, 159, 156, 160,
    161, 161, 156, 154, 151, 147, 150, 161, 159, 160, 160, 158, 153, 155,
    154, 150, 153, 158, 163, 160, 162, 158, 153, 159, 153, 152, 152, 161,
    166, 167, 164, 165, 162, 155, 151, 152, 151, 157, 162, 166, 166, 168,
    168, 170, 167, 164, 163, 161, 157, 163, 170, 171, 175, 180, 186, 186,
    184, 186, 183, 186, 184, 180, 181, 179, 177, 179, 179, 176, 180, 177,
    180, 177, 176, 180, 178, 180, 180 ]
RHandPositionsY: [ 112, 106, 101, 102, 102, 99, 97, 99, 103, 103, 101,
    102, 99, 98, 95, 99, 99, 106, 112, 114, 113, 117, 114, 108, 109, 107,
    107, 107, 116, 119, 116, 116, 111, 106, 106, 103, 104, 108, 114, 123,
    122, 122, 121, 120, 115, 111, 114, 108, 111, 119, 122, 123, 122, 123,
    124, 122, 118, 114, 111, 112, 116, 122, 131, 139, 146, 156, 164, 176,
    186, 194, 201, 209, 221, 227, 234, 232, 240, 241, 239, 242, 242, 245,
    245, 244, 245, 245, 244, 247 ]
