%YAML:1.0
---
videoName: "RHShake08.mp4"
gestureLabel: 2
fps: 29
pixelSizeInCmTemp: 3.2808219178082193e-01
faceCenterPointX: 290
faceCenterPointY: 45
LHandPositionsX: [ 317, 313, 314, 315, 313, 314, 314, 313, 311, 310, 310,
    311, 311, 312, 311, 308, 310, 310, 307, 306, 307, 310, 306, 308, 310,
    306, 310, 310, 308, 307, 309, 309, 306, 309, 308, 306, 309, 308, 307,
    307, 306, 306, 310, 309, 309, 306, 307, 306, 305, 309, 306, 307, 306,
    309, 305, 308, 306, 308, 309, 306, 308, 305, 309, 307, 307, 305, 306,
    305, 306, 309, 309, 306, 306, 309, 307, 306, 308, 307, 306, 306, 309,
    307, 306, 308, 310, 307, 310, 307 ]
LHandPositionsY: [ 278, 281, 282, 282, 280, 282, 281, 285, 283, 283, 283,
    284, 284, 283, 281, 284, 285, 284, 285, 285, 283, 281, 284, 282, 283,
    284, 281, 281, 284, 284, 282, 281, 281, 282, 283, 281, 282, 281, 283,
    281, 283, 283, 284, 281, 281, 284, 284, 282, 284, 283, 283, 281, 284,
    281, 283, 281, 284, 280, 284, 284, 282, 283, 284, 283, 284, 284, 284,
    282, 280, 284, 281, 280, 282, 281, 282, 282, 281, 280, 284, 284, 280,
    282, 281, 282, 280, 281, 281, 283 ]
RHandPositionsX: [ 266, 270, 271, 271, 273, 270, 272, 276, 267, 259, 258,
    254, 250, 236, 218, 201, 184, 165, 154, 162, 164, 172, 197, 196, 204,
    200, 196, 190, 183, 180, 189, 189, 203, 202, 196, 196, 187, 182, 180,
    179, 189, 188, 190, 183, 184, 176, 175, 172, 175, 184, 186, 187, 192,
    186, 194, 189, 187, 203, 203, 217, 213, 207, 204, 201, 199, 197, 203,
    204, 215, 210, 213, 215, 222, 227, 239, 246, 249, 261, 260, 264, 264,
    266, 268, 272, 276, 273, 273, 272 ]
RHandPositionsY: [ 267, 267, 268, 270, 266, 268, 268, 267, 268, 262, 254,
    242, 230, 217, 201, 186, 172, 153, 132, 126, 115, 107, 108, 108, 107,
    105, 98, 93, 92, 93, 91, 91, 97, 95, 94, 91, 89, 85, 86, 87, 92, 93,
    95, 92, 89, 86, 86, 88, 90, 93, 96, 93, 98, 97, 91, 92, 92, 94, 99,
    98, 102, 100, 93, 95, 95, 92, 94, 102, 104, 105, 111, 127, 131, 143,
    158, 178, 195, 215, 228, 245, 258, 261, 261, 261, 260, 265, 263, 262 ]
