%YAML:1.0
---
videoName: "RHShake04.mp4"
gestureLabel: 2
fps: 29
pixelSizeInCmTemp: 3.1513157894736843e-01
faceCenterPointX: 292
faceCenterPointY: 47
LHandPositionsX: [ 409, 410, 410, 411, 413, 412, 411, 410, 410, 412, 413,
    411, 409, 412, 412, 409, 412, 411, 410, 411, 411, 407, 407, 408, 406,
    406, 405, 407, 408, 408, 405, 406, 409, 407, 409, 409, 405, 407, 406,
    406, 408, 408, 409, 406, 406, 406, 408, 405, 409, 406, 408, 409, 408,
    406, 406, 407, 409, 408, 405, 409, 408, 408, 404, 406, 406, 404, 406,
    403, 406, 402, 404, 406, 405, 404, 406, 404, 403, 404, 405, 402, 403,
    405, 401, 401, 402, 403, 402, 402 ]
LHandPositionsY: [ 265, 262, 262, 264, 264, 265, 263, 262, 261, 263, 266,
    263, 261, 261, 265, 261, 264, 261, 263, 260, 262, 263, 262, 263, 261,
    263, 261, 260, 263, 261, 263, 261, 262, 264, 264, 261, 263, 261, 260,
    260, 261, 264, 260, 262, 261, 260, 262, 260, 264, 261, 260, 260, 261,
    260, 263, 264, 260, 261, 260, 264, 262, 260, 261, 262, 260, 259, 263,
    260, 260, 261, 262, 261, 260, 260, 262, 260, 260, 262, 258, 257, 261,
    259, 261, 259, 260, 258, 259, 260 ]
RHandPositionsX: [ 179, 179, 183, 182, 180, 181, 182, 180, 177, 177, 179,
    180, 180, 180, 179, 179, 178, 179, 178, 178, 179, 179, 178, 182, 182,
    174, 170, 163, 161, 162, 162, 164, 179, 188, 193, 190, 187, 182, 174,
    170, 165, 170, 172, 174, 176, 178, 180, 176, 166, 169, 164, 171, 175,
    179, 180, 178, 176, 171, 170, 170, 168, 173, 180, 181, 195, 191, 184,
    177, 173, 172, 172, 168, 173, 178, 184, 192, 194, 192, 192, 190, 188,
    186, 187, 180, 178, 176, 174, 174 ]
RHandPositionsY: [ 267, 265, 265, 266, 264, 265, 264, 263, 266, 267, 264,
    268, 266, 271, 270, 268, 269, 267, 271, 271, 269, 271, 266, 244, 223,
    194, 172, 146, 127, 121, 120, 105, 96, 99, 106, 100, 99, 94, 92, 93,
    92, 89, 97, 97, 98, 97, 97, 93, 96, 93, 95, 97, 97, 99, 99, 95, 97,
    94, 95, 93, 92, 98, 96, 97, 96, 97, 97, 94, 95, 92, 93, 95, 98, 107,
    121, 133, 142, 151, 162, 180, 194, 210, 223, 229, 236, 245, 246, 249 ]
