%YAML:1.0
---
videoName: "RHShake15.mp4"
gestureLabel: 2
fps: 29
pixelSizeInCmTemp: 3.2808219178082193e-01
faceCenterPointX: 279
faceCenterPointY: 41
LHandPositionsX: [ 369, 371, 368, 372, 372, 369, 371, 371, 368, 368, 372,
    371, 369, 371, 372, 372, 369, 370, 369, 371, 370, 368, 372, 371, 370,
    368, 372, 369, 370, 372, 371, 372, 370, 368, 369, 368, 368, 370, 369,
    369, 372, 368, 369, 369, 368, 371, 370, 370, 371, 372, 371, 372, 370,
    370, 369, 369, 369, 368, 370, 368, 372, 368, 368, 370, 369, 372, 368,
    371, 370, 369, 371, 370, 372, 368, 369, 368, 369, 372, 369, 370, 368,
    368, 368, 371, 371, 369, 372, 368 ]
LHandPositionsY: [ 236, 232, 235, 232, 234, 232, 233, 235, 234, 236, 233,
    236, 235, 235, 232, 236, 232, 232, 232, 233, 234, 233, 235, 235, 232,
    235, 232, 236, 234, 233, 232, 236, 233, 235, 232, 233, 236, 235, 236,
    232, 236, 232, 234, 233, 234, 232, 234, 235, 231, 235, 231, 235, 235,
    231, 233, 232, 234, 231, 232, 234, 235, 232, 233, 234, 232, 233, 233,
    231, 234, 233, 235, 233, 233, 232, 233, 232, 234, 234, 231, 235, 234,
    232, 233, 231, 234, 234, 233, 231 ]
RHandPositionsX: [ 136, 124, 115, 111, 111, 112, 110, 106, 106, 108, 113,
    115, 112, 110, 111, 111, 112, 110, 108, 106, 114, 115, 114, 111, 110,
    107, 110, 110, 106, 108, 114, 119, 114, 116, 111, 111, 109, 111, 113,
    113, 112, 111, 118, 114, 120, 119, 119, 122, 122, 118, 117, 121, 127,
    127, 122, 128, 124, 128, 121, 120, 123, 124, 127, 134, 141, 144, 138,
    137, 137, 143, 143, 147, 152, 155, 158, 155, 159, 158, 157, 162, 157,
    158, 159, 159, 158, 161, 157, 159 ]
RHandPositionsY: [ 189, 171, 157, 145, 144, 141, 133, 128, 119, 117, 113,
    107, 105, 100, 99, 98, 98, 96, 95, 91, 94, 90, 93, 91, 92, 92, 95,
    95, 94, 96, 98, 106, 102, 105, 103, 102, 102, 105, 103, 105, 103,
    107, 109, 110, 110, 105, 104, 107, 104, 105, 103, 108, 112, 113, 118,
    116, 111, 113, 108, 110, 113, 118, 124, 136, 149, 165, 171, 179, 193,
    202, 208, 222, 230, 235, 238, 239, 248, 246, 247, 247, 247, 249, 246,
    248, 247, 249, 248, 246 ]
