%YAML:1.0
---
videoName: "RHShake03.mp4"
gestureLabel: 2
fps: 29
pixelSizeInCmTemp: 3.1103896103896100e-01
faceCenterPointX: 294
faceCenterPointY: 48
LHandPositionsX: [ 412, 411, 411, 409, 411, 409, 410, 410, 408, 412, 412,
    409, 409, 412, 411, 412, 408, 409, 409, 410, 409, 411, 408, 409, 408,
    412, 412, 408, 412, 409, 411, 411, 412, 408, 408, 410, 410, 408, 412,
    408, 409, 412, 409, 411, 408, 409, 409, 412, 408, 412, 410, 412, 408,
    410, 408, 409, 411, 409, 409, 409, 408, 409, 409, 411, 412, 408, 412,
    412, 409, 411, 410, 407, 410, 407, 409, 407, 407, 411, 407, 407, 407,
    409, 409, 411, 407, 409, 408, 411 ]
LHandPositionsY: [ 264, 263, 260, 261, 261, 262, 262, 263, 262, 260, 264,
    260, 260, 262, 262, 262, 264, 264, 262, 260, 264, 260, 260, 264, 263,
    260, 264, 261, 264, 263, 261, 261, 261, 264, 264, 260, 261, 264, 263,
    264, 262, 264, 260, 261, 261, 261, 261, 261, 261, 260, 262, 262, 260,
    261, 261, 261, 262, 262, 262, 261, 264, 264, 261, 263, 260, 261, 264,
    264, 260, 260, 264, 263, 264, 261, 264, 262, 260, 263, 262, 263, 262,
    264, 260, 262, 262, 261, 260, 260 ]
RHandPositionsX: [ 179, 180, 179, 177, 177, 174, 176, 174, 175, 175, 175,
    176, 176, 173, 175, 175, 174, 173, 171, 173, 174, 174, 171, 175, 172,
    172, 173, 172, 172, 170, 171, 169, 176, 172, 164, 155, 154, 148, 150,
    153, 154, 165, 181, 182, 190, 192, 185, 176, 175, 170, 173, 178, 182,
    183, 182, 174, 173, 172, 166, 174, 180, 187, 199, 209, 198, 190, 186,
    188, 182, 183, 184, 192, 201, 209, 209, 210, 197, 198, 194, 182, 182,
    183, 185, 183, 183, 183, 181, 179 ]
RHandPositionsY: [ 259, 259, 260, 261, 259, 261, 259, 259, 261, 260, 262,
    262, 261, 261, 259, 258, 260, 262, 260, 261, 259, 262, 261, 259, 261,
    258, 262, 261, 262, 263, 265, 265, 258, 242, 221, 199, 179, 157, 147,
    126, 120, 121, 118, 119, 114, 106, 103, 102, 97, 101, 104, 104, 107,
    104, 104, 101, 103, 98, 95, 94, 104, 107, 112, 113, 111, 107, 106,
    103, 97, 99, 103, 117, 127, 140, 159, 178, 202, 210, 215, 242, 242,
    245, 243, 253, 251, 255, 254, 252 ]
