%YAML:1.0
---
videoName: "RHShake06.mp4"
gestureLabel: 2
fps: 30
pixelSizeInCmTemp: 3.2808219178082193e-01
faceCenterPointX: 293
faceCenterPointY: 43
LHandPositionsX: [ 306, 308, 306, 310, 306, 309, 309, 308, 308, 306, 306,
    307, 310, 308, 309, 311, 310, 314, 316, 315, 318, 322, 323, 320, 322,
    319, 323, 320, 321, 319, 323, 319, 326, 323, 325, 323, 325, 325, 326,
    324, 325, 325, 323, 322, 323, 324, 324, 325, 322, 325, 323, 325, 326,
    322, 325, 325, 324, 326, 324, 324, 322, 325, 324, 323, 322, 324, 324,
    322, 323, 324, 322, 326, 322, 324, 324, 326, 322, 323, 322, 322, 326,
    326, 325, 318, 314, 313, 314, 309, 310, 312, 311 ]
LHandPositionsY: [ 266, 267, 269, 266, 269, 270, 270, 270, 268, 266, 270,
    267, 266, 269, 267, 267, 268, 268, 268, 265, 261, 262, 262, 260, 261,
    263, 260, 262, 260, 260, 258, 260, 259, 259, 261, 260, 259, 262, 259,
    258, 260, 261, 262, 261, 258, 262, 262, 261, 260, 261, 260, 261, 262,
    258, 259, 260, 258, 259, 258, 262, 258, 260, 260, 261, 259, 262, 258,
    258, 262, 261, 261, 261, 262, 258, 259, 260, 258, 261, 258, 262, 260,
    258, 261, 263, 265, 264, 266, 264, 266, 262, 263 ]
RHandPositionsX: [ 290, 287, 284, 284, 284, 285, 288, 288, 287, 287, 288,
    288, 286, 285, 288, 287, 285, 283, 277, 263, 242, 223, 202, 181, 162,
    146, 138, 132, 139, 138, 144, 145, 160, 166, 165, 163, 161, 161, 158,
    158, 159, 171, 184, 189, 189, 187, 182, 173, 169, 173, 167, 167, 175,
    184, 183, 182, 180, 186, 178, 173, 169, 166, 165, 182, 182, 179, 175,
    172, 162, 160, 166, 164, 171, 179, 191, 193, 209, 221, 232, 239, 249,
    255, 252, 247, 245, 252, 254, 251, 255, 252, 257 ]
RHandPositionsY: [ 270, 266, 266, 269, 268, 269, 267, 268, 268, 266, 268,
    269, 266, 266, 270, 270, 268, 270, 266, 258, 247, 235, 218, 200, 179,
    159, 139, 122, 110, 107, 112, 116, 130, 117, 107, 106, 101, 89, 90,
    91, 90, 95, 95, 99, 100, 95, 94, 90, 90, 88, 88, 91, 95, 101, 99, 98,
    96, 100, 95, 92, 91, 89, 93, 101, 101, 101, 104, 103, 103, 108, 118,
    126, 144, 163, 174, 181, 195, 204, 215, 224, 231, 238, 239, 238, 240,
    240, 242, 241, 243, 243, 242 ]
