%YAML:1.0
---
videoName: "RHShake15.mp4"
gestureLabel: 2
fps: 29
pixelSizeInCmTemp: 3.2808219178082193e-01
faceCenterPointX: 279
faceCenterPointY: 41
LHandPositionsX: [ 370, 370, 371, 371, 372, 369, 370, 372, 371, 372, 369,
    368, 372, 371, 369, 371, 369, 372, 372, 371, 370, 370, 370, 368, 369,
    369, 369, 372, 372, 371, 370, 368, 370, 370, 369, 368, 369, 368, 369,
    370, 372, 369, 371, 369, 370, 372, 368, 369, 370, 371, 369, 368, 368,
    370, 372, 369, 370, 369, 372, 368, 370, 371, 368, 371, 370, 368, 370,
    372, 371, 371, 370, 368, 368, 368, 371, 371, 370, 372, 368, 368, 368,
    371, 370, 370, 368, 371, 370, 371 ]
LHandPositionsY: [ 232, 235, 232, 234, 236, 235, 236, 235, 232, 235, 236,
    233, 234, 235, 233, 234, 233, 233, 236, 236, 234, 233, 235, 236, 233,
    233, 235, 236, 236, 236, 235, 235, 232, 235, 232, 236, 235, 233, 236,
    233, 232, 236, 232, 235, 231, 231, 234, 234, 232, 234, 233, 235, 233,
    232, 233, 232, 231, 234, 233, 233, 232, 231, 235, 233, 232, 232, 232,
    235, 232, 234, 235, 234, 233, 233, 235, 233, 231, 231, 234, 232, 232,
    234, 233, 232, 235, 233, 234, 235 ]
RHandPositionsX: [ 139, 122, 111, 112, 111, 109, 107, 106, 107, 109, 113,
    114, 114, 113, 108, 114, 111, 109, 109, 106, 114, 117, 114, 111, 108,
    105, 112, 110, 107, 109, 113, 116, 114, 117, 115, 109, 110, 113, 111,
    116, 113, 113, 114, 115, 121, 120, 121, 124, 123, 119, 117, 121, 125,
    126, 124, 126, 125, 128, 123, 118, 122, 126, 128, 136, 140, 142, 139,
    137, 138, 140, 144, 149, 150, 155, 157, 157, 157, 160, 161, 160, 159,
    161, 157, 159, 161, 158, 158, 158 ]
RHandPositionsY: [ 190, 171, 153, 144, 142, 138, 132, 128, 122, 113, 109,
    109, 101, 100, 96, 95, 95, 96, 91, 92, 93, 94, 94, 95, 94, 94, 94,
    92, 95, 94, 98, 104, 105, 103, 103, 104, 103, 102, 105, 102, 103,
    106, 111, 113, 109, 107, 103, 105, 103, 102, 107, 110, 109, 113, 116,
    115, 111, 112, 108, 113, 113, 121, 128, 134, 151, 166, 170, 182, 194,
    200, 208, 219, 229, 234, 238, 239, 246, 244, 249, 248, 245, 248, 249,
    248, 248, 247, 245, 246 ]
