%YAML:1.0
---
videoName: "RHShake21.mp4"
gestureLabel: 2
fps: 29
pixelSizeInCmTemp: 3.3732394366197183e-01
faceCenterPointX: 293
faceCenterPointY: 47
LHandPositionsX: [ 395, 397, 394, 398, 394, 394, 394, 396, 396, 397, 397,
    394, 394, 395, 394, 397, 397, 397, 394, 396, 397, 396, 398, 397, 396,
    398, 396, 394, 398, 395, 394, 396, 396, 398, 398, 398, 397, 394, 394,
    395, 397, 394, 396, 396, 396, 396, 395, 397, 396, 395, 395, 396, 397,
    394, 398, 397, 396, 394, 397, 396, 398, 396, 398, 394, 395, 395, 394,
    397, 394, 398, 396, 397, 394, 394, 398, 397, 398, 397, 395, 397, 397,
    395, 398, 397, 395, 395, 395, 394 ]
LHandPositionsY: [ 242, 239, 239, 240, 241, 242, 239, 239, 241, 242, 238,
    238, 240, 242, 240, 242, 242, 241, 240, 238, 241, 239, 240, 242, 240,
    241, 238, 238, 242, 241, 240, 242, 239, 242, 238, 239, 240, 240, 240,
    240, 242, 238, 238, 239, 242, 241, 239, 242, 242, 238, 238, 239, 238,
    240, 242, 242, 238, 240, 239, 241, 240, 240, 238, 241, 240, 240, 238,
    238, 242, 242, 240, 242, 239, 240, 239, 241, 238, 240, 242, 238, 239,
    242, 240, 240, 240, 241, 240, 241 ]
RHandPositionsX: [ 133, 139, 142, 144, 144, 145, 144, 140, 138, 132, 132,
    143, 144, 147, 149, 149, 147, 145, 141, 140, 135, 136, 139, 144, 147,
    149, 152, 151, 147, 144, 137, 135, 138, 139, 140, 146, 150, 152, 150,
    146, 142, 135, 138, 133, 136, 139, 147, 146, 148, 150, 146, 143, 137,
    135, 131, 135, 138, 148, 153, 163, 170, 179, 179, 180, 183, 185, 186,
    188, 185, 189, 191, 187, 189, 188, 190, 186, 186, 187, 189, 189, 187,
    185, 187, 186, 187, 186, 187, 185 ]
RHandPositionsY: [ 79, 86, 86, 91, 86, 83, 85, 83, 84, 80, 81, 86, 91,
    92, 91, 94, 91, 85, 83, 87, 83, 82, 84, 88, 88, 91, 92, 94, 89, 85,
    85, 86, 85, 84, 86, 87, 92, 92, 94, 92, 85, 87, 89, 86, 85, 93, 99,
    97, 99, 100, 96, 95, 95, 95, 90, 89, 96, 105, 113, 127, 141, 149,
    150, 153, 162, 168, 178, 189, 200, 208, 215, 216, 219, 225, 228, 225,
    226, 230, 230, 229, 227, 230, 231, 227, 229, 230, 227, 227 ]
