%YAML:1.0
---
videoName: "RHShake13.mp4"
gestureLabel: 2
fps: 30
pixelSizeInCmTemp: 3.2808219178082193e-01
faceCenterPointX: 278
faceCenterPointY: 45
LHandPositionsX: [ 305, 306, 305, 307, 307, 307, 306, 305, 307, 309, 307,
    307, 307, 308, 306, 307, 308, 305, 306, 309, 305, 306, 307, 307, 305,
    307, 308, 307, 306, 307, 306, 309, 307, 309, 305, 308, 307, 308, 305,
    309, 305, 305, 306, 309, 306, 308, 308, 308, 306, 305, 309, 308, 306,
    308, 307, 306, 307, 306, 306, 308, 306, 306, 309, 308, 308, 305, 309,
    306, 309, 308, 307, 306, 309, 310, 308, 307, 308, 309, 308, 305, 300,
    301, 304, 305, 307, 305, 307, 305, 304, 305, 306 ]
LHandPositionsY: [ 246, 246, 244, 242, 241, 245, 245, 243, 243, 245, 243,
    243, 245, 242, 242, 240, 244, 241, 239, 242, 243, 240, 243, 243, 242,
    242, 241, 241, 240, 241, 242, 239, 239, 243, 241, 240, 243, 238, 238,
    241, 238, 238, 241, 238, 239, 242, 239, 241, 242, 240, 242, 239, 238,
    242, 242, 238, 242, 241, 238, 242, 239, 239, 242, 241, 242, 238, 241,
    238, 241, 239, 240, 240, 238, 238, 235, 238, 236, 234, 234, 231, 234,
    233, 232, 240, 239, 241, 242, 243, 247, 247, 245 ]
RHandPositionsX: [ 168, 153, 140, 138, 141, 141, 142, 144, 145, 146, 146,
    145, 142, 134, 135, 137, 143, 141, 143, 143, 138, 134, 130, 132, 129,
    135, 135, 140, 140, 136, 137, 134, 130, 133, 129, 134, 136, 136, 135,
    138, 134, 133, 132, 136, 138, 145, 149, 147, 148, 146, 141, 140, 137,
    141, 138, 143, 142, 139, 141, 138, 136, 130, 132, 132, 139, 143, 143,
    146, 154, 160, 171, 178, 191, 201, 210, 224, 239, 245, 252, 253, 249,
    251, 255, 260, 260, 259, 261, 258, 258, 257, 258 ]
RHandPositionsY: [ 154, 138, 119, 117, 116, 111, 103, 104, 100, 96, 92,
    90, 90, 90, 88, 89, 87, 89, 87, 86, 88, 84, 88, 88, 87, 89, 89, 91,
    89, 91, 91, 89, 89, 89, 90, 88, 91, 94, 92, 89, 92, 92, 91, 88, 91,
    95, 97, 95, 95, 91, 92, 91, 94, 95, 97, 98, 99, 99, 98, 101, 97, 97,
    97, 96, 101, 104, 109, 109, 121, 125, 134, 146, 156, 163, 178, 186,
    198, 206, 216, 213, 216, 219, 227, 235, 237, 235, 241, 238, 238, 240,
    242 ]
