%YAML:1.0
---
videoName: "RHShake04.mp4"
gestureLabel: 2
fps: 29
pixelSizeInCmTemp: 3.1513157894736843e-01
faceCenterPointX: 292
faceCenterPointY: 47
LHandPositionsX: [ 411, 409, 412, 409, 410, 409, 409, 412, 410, 410, 414,
    409, 409, 411, 411, 412, 412, 409, 408, 411, 408, 409, 410, 410, 410,
    407, 407, 405, 407, 409, 407, 409, 409, 406, 406, 409, 408, 408, 407,
    407, 405, 405, 405, 406, 409, 405, 406, 407, 408, 409, 408, 409, 406,
    407, 405, 408, 409, 407, 408, 408, 406, 404, 406, 405, 407, 406, 407,
    404, 404, 402, 403, 405, 406, 402, 403, 404, 402, 406, 405, 401, 402,
    405, 403, 402, 404, 401, 404, 402 ]
LHandPositionsY: [ 266, 265, 264, 262, 263, 263, 263, 261, 261, 263, 263,
    265, 263, 261, 261, 262, 265, 264, 262, 264, 261, 264, 264, 263, 260,
    261, 264, 260, 260, 261, 260, 263, 263, 261, 263, 262, 260, 263, 262,
    263, 260, 264, 260, 262, 264, 263, 260, 263, 261, 261, 263, 261, 263,
    260, 263, 264, 260, 261, 262, 263, 263, 262, 261, 263, 261, 260, 261,
    262, 261, 260, 259, 261, 260, 258, 262, 261, 260, 261, 258, 260, 259,
    258, 260, 261, 257, 258, 261, 257 ]
RHandPositionsX: [ 178, 179, 182, 181, 180, 182, 179, 180, 181, 181, 180,
    178, 178, 179, 177, 178, 176, 180, 179, 178, 179, 176, 177, 180, 180,
    177, 170, 164, 162, 162, 166, 167, 181, 189, 191, 188, 187, 180, 173,
    167, 167, 167, 171, 176, 178, 176, 183, 176, 169, 169, 167, 171, 175,
    180, 181, 177, 176, 173, 170, 173, 172, 175, 180, 181, 195, 188, 181,
    176, 172, 175, 172, 169, 172, 177, 183, 192, 191, 192, 188, 186, 187,
    185, 183, 180, 177, 177, 176, 176 ]
RHandPositionsY: [ 267, 267, 266, 265, 267, 266, 267, 265, 264, 269, 266,
    265, 267, 269, 270, 270, 268, 269, 268, 267, 270, 271, 265, 246, 221,
    193, 169, 146, 124, 124, 118, 105, 96, 102, 103, 99, 97, 94, 96, 93,
    90, 90, 94, 94, 97, 99, 95, 92, 95, 92, 94, 95, 100, 99, 96, 96, 97,
    94, 92, 91, 92, 98, 96, 98, 93, 97, 97, 97, 95, 92, 95, 97, 99, 109,
    119, 132, 142, 151, 163, 180, 194, 209, 225, 227, 236, 243, 248, 249 ]
