%YAML:1.0
---
videoName: "RHShake24.mp4"
gestureLabel: 2
fps: 30
pixelSizeInCmTemp: 3.3732394366197183e-01
faceCenterPointX: 304
faceCenterPointY: 46
LHandPositionsX: [ 390, 393, 390, 393, 392, 389, 390, 389, 391, 392, 392,
    390, 393, 390, 390, 392, 391, 390, 389, 393, 390, 389, 390, 390, 392,
    390, 392, 393, 390, 390, 392, 393, 393, 392, 391, 390, 392, 390, 392,
    389, 389, 390, 393, 390, 390, 390, 391, 390, 391, 390, 390, 391, 393,
    391, 390, 389, 392, 392, 390, 389, 389, 391, 393, 393, 390, 392, 390,
    392, 393, 390, 389, 390, 390, 391, 393, 392, 391, 393, 392, 391, 393,
    391, 391, 392, 391, 389, 389, 391, 391, 393, 390 ]
LHandPositionsY: [ 226, 226, 227, 228, 226, 226, 228, 227, 226, 225, 225,
    228, 229, 227, 228, 228, 227, 227, 226, 227, 227, 228, 228, 229, 225,
    227, 229, 225, 229, 227, 225, 229, 227, 225, 228, 225, 228, 228, 226,
    227, 229, 228, 227, 228, 229, 227, 228, 229, 226, 227, 226, 227, 226,
    226, 226, 227, 226, 226, 225, 226, 227, 228, 228, 225, 228, 227, 228,
    225, 225, 228, 227, 228, 229, 229, 226, 227, 227, 227, 229, 225, 225,
    229, 225, 229, 226, 226, 227, 229, 228, 227, 227 ]
RHandPositionsX: [ 140, 149, 150, 152, 153, 156, 153, 151, 147, 139, 137,
    136, 141, 151, 161, 163, 160, 160, 161, 157, 148, 143, 146, 140, 143,
    147, 157, 158, 160, 159, 158, 153, 152, 145, 143, 141, 147, 152, 155,
    160, 162, 164, 160, 156, 151, 144, 143, 143, 145, 150, 159, 163, 164,
    170, 171, 166, 160, 150, 149, 147, 150, 148, 151, 165, 164, 166, 169,
    172, 176, 178, 179, 180, 187, 185, 189, 191, 191, 191, 193, 194, 193,
    193, 193, 193, 196, 196, 194, 196, 192, 192, 197 ]
RHandPositionsY: [ 95, 101, 102, 100, 105, 100, 93, 88, 89, 87, 86, 88,
    84, 100, 109, 113, 110, 114, 106, 102, 96, 95, 98, 94, 94, 101, 112,
    110, 111, 113, 109, 100, 95, 95, 96, 93, 90, 98, 104, 109, 108, 111,
    109, 104, 102, 101, 96, 94, 96, 111, 119, 121, 120, 124, 121, 104,
    99, 99, 102, 101, 97, 97, 104, 113, 115, 114, 118, 120, 131, 141,
    150, 154, 153, 157, 168, 172, 176, 186, 196, 204, 209, 212, 211, 217,
    218, 220, 220, 224, 223, 226, 227 ]
