%YAML:1.0
---
videoName: "RHShake16.mp4"
gestureLabel: 2
fps: 29
pixelSizeInCmTemp: 3.2808219178082193e-01
faceCenterPointX: 281
faceCenterPointY: 44
LHandPositionsX: [ 371, 371, 372, 369, 371, 370, 369, 370, 373, 372, 369,
    371, 371, 369, 370, 371, 371, 370, 373, 373, 370, 370, 369, 372, 369,
    372, 370, 372, 371, 373, 369, 371, 372, 371, 372, 373, 373, 371, 369,
    370, 371, 369, 370, 371, 369, 369, 371, 372, 370, 370, 372, 373, 369,
    373, 372, 372, 372, 371, 370, 371, 373, 373, 370, 371, 373, 370, 370,
    371, 370, 369, 371, 370, 369, 371, 371, 369, 371, 372, 371, 372, 370,
    372, 372, 370, 372, 373, 372, 370 ]
LHandPositionsY: [ 231, 233, 230, 234, 232, 230, 232, 231, 231, 230, 230,
    230, 231, 231, 234, 232, 233, 234, 231, 234, 232, 232, 233, 231, 230,
    233, 232, 231, 234, 232, 232, 232, 232, 232, 230, 234, 232, 232, 231,
    230, 233, 232, 231, 232, 234, 231, 233, 234, 230, 232, 232, 230, 230,
    231, 229, 233, 231, 232, 231, 233, 229, 229, 232, 229, 232, 231, 232,
    233, 232, 230, 229, 232, 233, 229, 231, 231, 230, 232, 230, 231, 232,
    232, 232, 233, 229, 231, 232, 232 ]
RHandPositionsX: [ 167, 170, 169, 170, 169, 167, 171, 171, 171, 167, 168,
    169, 170, 170, 169, 171, 169, 167, 164, 157, 153, 148, 136, 133, 126,
    122, 115, 124, 122, 124, 126, 131, 137, 140, 146, 142, 138, 136, 138,
    138, 140, 142, 148, 148, 147, 146, 147, 148, 145, 146, 152, 151, 154,
    150, 146, 144, 145, 145, 147, 150, 153, 155, 153, 154, 154, 153, 147,
    153, 150, 159, 166, 169, 173, 178, 178, 176, 174, 172, 170, 172, 172,
    172, 172, 170, 168, 170, 171, 169 ]
RHandPositionsY: [ 269, 266, 267, 269, 269, 269, 268, 266, 267, 266, 267,
    267, 265, 268, 269, 269, 266, 267, 254, 245, 217, 199, 176, 159, 144,
    129, 116, 116, 111, 108, 108, 105, 101, 95, 96, 92, 90, 91, 91, 89,
    87, 91, 88, 88, 86, 89, 88, 86, 88, 86, 90, 88, 89, 89, 89, 87, 88,
    86, 86, 88, 94, 90, 90, 88, 90, 88, 92, 93, 104, 120, 133, 147, 159,
    172, 186, 192, 196, 201, 209, 217, 225, 224, 226, 235, 239, 238, 234,
    239 ]
