%YAML:1.0
---
videoName: "RHShake06.mp4"
gestureLabel: 2
fps: 30
pixelSizeInCmTemp: 3.2808219178082193e-01
faceCenterPointX: 293
faceCenterPointY: 43
LHandPositionsX: [ 306, 309, 308, 308, 309, 307, 306, 307, 307, 308, 307,
    309, 306, 308, 308, 307, 312, 310, 315, 317, 320, 320, 319, 319, 321,
    321, 321, 320, 322, 322, 323, 321, 323, 325, 324, 323, 326, 326, 323,
    324, 323, 326, 325, 324, 324, 324, 323, 324, 326, 323, 324, 324, 326,
    322, 322, 324, 324, 324, 324, 326, 323, 324, 324, 322, 323, 325, 323,
    324, 323, 322, 322, 326, 326, 324, 324, 324, 322, 324, 325, 325, 324,
    325, 322, 318, 314, 313, 313, 311, 313, 309, 309 ]
LHandPositionsY: [ 269, 270, 268, 268, 268, 269, 268, 270, 266, 270, 268,
    268, 270, 269, 269, 268, 270, 271, 268, 263, 264, 262, 260, 259, 260,
    259, 261, 262, 259, 258, 262, 260, 261, 259, 258, 258, 262, 258, 261,
    259, 261, 260, 259, 260, 258, 258, 260, 260, 261, 260, 259, 259, 258,
    260, 259, 260, 261, 261, 258, 261, 259, 259, 261, 261, 258, 258, 258,
    258, 262, 262, 260, 262, 260, 258, 262, 258, 259, 258, 261, 260, 258,
    261, 258, 264, 264, 262, 265, 266, 266, 263, 265 ]
RHandPositionsX: [ 287, 286, 287, 284, 286, 284, 285, 287, 284, 288, 288,
    284, 284, 287, 286, 286, 285, 285, 277, 262, 243, 225, 201, 180, 158,
    144, 138, 134, 138, 139, 144, 148, 161, 165, 165, 159, 161, 163, 157,
    157, 161, 173, 184, 190, 189, 185, 180, 174, 170, 171, 168, 167, 173,
    182, 183, 183, 180, 188, 180, 172, 170, 163, 167, 179, 178, 176, 173,
    170, 165, 160, 164, 165, 173, 183, 194, 193, 207, 220, 231, 243, 246,
    253, 253, 249, 248, 253, 253, 252, 252, 251, 256 ]
RHandPositionsY: [ 268, 270, 266, 267, 266, 267, 268, 266, 268, 269, 270,
    267, 267, 269, 268, 270, 271, 269, 267, 258, 247, 236, 215, 197, 179,
    159, 138, 123, 112, 106, 115, 119, 130, 118, 110, 104, 101, 91, 92,
    89, 90, 96, 96, 100, 97, 96, 95, 89, 86, 89, 84, 91, 92, 102, 101,
    98, 96, 101, 96, 96, 93, 87, 95, 102, 103, 102, 105, 99, 103, 104,
    115, 129, 145, 162, 174, 181, 192, 205, 214, 224, 233, 236, 238, 238,
    237, 241, 242, 244, 245, 241, 245 ]
