%YAML:1.0
---
videoName: "RHShake12.mp4"
gestureLabel: 2
fps: 29
pixelSizeInCmTemp: 3.3732394366197183e-01
faceCenterPointX: 299
faceCenterPointY: 45
LHandPositionsX: [ 406, 407, 406, 407, 408, 405, 405, 405, 407, 405, 404,
    407, 404, 405, 404, 406, 407, 406, 406, 404, 407, 408, 407, 404, 406,
    407, 407, 405, 405, 404, 408, 407, 408, 408, 404, 404, 408, 405, 405,
    406, 408, 406, 407, 404, 406, 408, 405, 404, 404, 405, 408, 408, 408,
    407, 404, 407, 405, 406, 408, 406, 408, 406, 407, 406, 404, 406, 406,
    407, 408, 406, 407, 406, 407, 405, 407, 404, 408, 404, 406, 404, 405,
    408, 405, 408, 404, 408, 407, 404 ]
LHandPositionsY: [ 241, 239, 239, 243, 239, 241, 242, 242, 243, 242, 239,
    241, 239, 242, 241, 243, 243, 241, 242, 241, 242, 239, 240, 239, 240,
    243, 241, 240, 239, 241, 242, 243, 242, 239, 239, 241, 240, 240, 240,
    239, 242, 243, 243, 243, 243, 242, 239, 240, 240, 243, 239, 241, 242,
    241, 243, 239, 243, 241, 243, 241, 241, 241, 241, 243, 240, 239, 240,
    239, 239, 239, 243, 242, 241, 239, 239, 242, 240, 243, 242, 243, 241,
    239, 241, 240, 242, 239, 243, 242 ]
RHandPositionsX: [ 168, 165, 163, 162, 164, 171, 179, 194, 190, 194, 192,
    183, 180, 170, 173, 169, 171, 175, 188, 188, 188, 185, 178, 176, 170,
    167, 167, 177, 186, 191, 190, 191, 185, 180, 177, 177, 171, 175, 178,
    189, 196, 192, 186, 182, 177, 178, 170, 175, 179, 191, 190, 194, 197,
    192, 182, 181, 177, 177, 175, 176, 181, 190, 201, 199, 203, 198, 193,
    188, 189, 186, 187, 183, 190, 194, 198, 199, 201, 200, 200, 204, 201,
    200, 199, 200, 196, 200, 201, 200 ]
RHandPositionsY: [ 138, 128, 121, 110, 108, 93, 95, 103, 108, 110, 102,
    93, 91, 89, 91, 85, 82, 89, 99, 101, 105, 98, 89, 87, 89, 84, 82, 90,
    101, 112, 109, 108, 100, 94, 92, 94, 91, 85, 96, 110, 114, 113, 103,
    101, 95, 96, 92, 85, 93, 111, 111, 114, 112, 100, 90, 90, 91, 89, 87,
    86, 95, 111, 122, 120, 122, 118, 113, 108, 110, 114, 114, 124, 138,
    146, 161, 162, 168, 176, 184, 194, 202, 210, 214, 219, 219, 224, 228,
    228 ]
