%YAML:1.0
---
videoName: "RHShake22.mp4"
gestureLabel: 2
fps: 29
pixelSizeInCmTemp: 3.3263888888888887e-01
faceCenterPointX: 290
faceCenterPointY: 48
LHandPositionsX: [ 393, 393, 396, 393, 395, 394, 394, 396, 393, 396, 393,
    395, 394, 393, 395, 394, 392, 395, 395, 394, 396, 392, 394, 396, 393,
    394, 392, 394, 393, 395, 393, 394, 394, 395, 393, 393, 392, 392, 392,
    396, 392, 393, 396, 392, 394, 392, 396, 394, 396, 396, 396, 396, 394,
    392, 393, 392, 392, 393, 396, 394, 392, 395, 394, 394, 393, 394, 395,
    394, 394, 395, 396, 393, 393, 392, 393, 392, 392, 392, 394, 396, 392,
    394, 394, 394, 393, 394, 392, 395 ]
LHandPositionsY: [ 234, 231, 231, 232, 232, 233, 233, 233, 230, 234, 232,
    230, 230, 232, 233, 232, 231, 232, 230, 234, 234, 232, 232, 231, 234,
    231, 234, 233, 233, 230, 230, 234, 231, 233, 233, 230, 230, 231, 231,
    231, 230, 234, 231, 232, 233, 234, 230, 230, 232, 234, 234, 234, 230,
    231, 232, 234, 234, 232, 230, 234, 233, 234, 231, 232, 230, 232, 234,
    233, 232, 231, 234, 231, 232, 232, 232, 234, 233, 230, 230, 230, 232,
    232, 233, 232, 230, 231, 230, 232 ]
RHandPositionsX: [ 149, 135, 131, 130, 130, 138, 144, 156, 163, 164, 167,
    166, 163, 156, 152, 145, 146, 144, 146, 152, 161, 170, 170, 171, 168,
    166, 161, 156, 157, 151, 152, 160, 167, 173, 170, 171, 174, 172, 163,
    161, 157, 157, 158, 166, 171, 173, 175, 174, 171, 169, 161, 157, 156,
    154, 159, 164, 171, 177, 177, 178, 176, 175, 170, 162, 159, 155, 155,
    156, 169, 175, 175, 180, 181, 183, 178, 178, 181, 180, 185, 184, 189,
    192, 189, 186, 191, 188, 187, 188 ]
RHandPositionsY: [ 142, 115, 104, 103, 94, 89, 83, 87, 89, 90, 90, 92,
    85, 81, 79, 77, 77, 75, 76, 86, 89, 92, 97, 96, 91, 91, 84, 82, 84,
    80, 82, 88, 92, 100, 100, 100, 96, 93, 87, 85, 86, 82, 85, 87, 94,
    99, 103, 102, 94, 93, 90, 89, 89, 84, 86, 83, 90, 102, 102, 103, 100,
    98, 90, 93, 92, 90, 89, 90, 88, 106, 106, 113, 112, 120, 123, 125,
    135, 151, 160, 172, 182, 191, 198, 204, 211, 220, 226, 226 ]
