%YAML:1.0
---
videoName: "RHShake16.mp4"
gestureLabel: 2
fps: 29
pixelSizeInCmTemp: 3.2808219178082193e-01
faceCenterPointX: 281
faceCenterPointY: 44
LHandPositionsX: [ 370, 373, 373, 371, 372, 369, 369, 373, 370, 371, 370,
    370, 371, 369, 371, 371, 371, 372, 369, 369, 369, 370, 372, 372, 370,
    369, 372, 373, 370, 370, 370, 371, 373, 371, 373, 370, 370, 369, 370,
    371, 371, 372, 373, 373, 372, 370, 371, 373, 369, 372, 372, 373, 373,
    369, 370, 370, 372, 372, 371, 370, 373, 369, 373, 370, 372, 370, 369,
    369, 373, 370, 371, 371, 369, 371, 372, 373, 373, 371, 370, 372, 373,
    373, 373, 371, 371, 370, 369, 372 ]
LHandPositionsY: [ 231, 233, 230, 234, 232, 234, 230, 230, 231, 233, 231,
    232, 233, 234, 232, 231, 231, 232, 233, 230, 234, 231, 234, 234, 234,
    231, 233, 231, 230, 233, 231, 233, 232, 233, 233, 231, 230, 231, 233,
    233, 232, 234, 233, 234, 234, 233, 233, 230, 234, 231, 232, 234, 234,
    231, 233, 231, 230, 232, 230, 229, 231, 231, 233, 230, 231, 231, 231,
    231, 231, 231, 233, 229, 230, 229, 230, 230, 231, 229, 231, 229, 233,
    231, 232, 230, 232, 233, 230, 233 ]
RHandPositionsX: [ 167, 170, 167, 168, 170, 168, 168, 168, 167, 169, 171,
    170, 170, 171, 170, 168, 170, 167, 164, 154, 153, 150, 140, 129, 128,
    121, 118, 121, 121, 124, 125, 129, 139, 143, 144, 141, 138, 135, 137,
    140, 141, 144, 150, 148, 150, 148, 150, 146, 148, 148, 149, 154, 154,
    151, 148, 147, 148, 147, 146, 152, 155, 156, 157, 152, 154, 152, 149,
    152, 154, 159, 167, 169, 172, 176, 179, 174, 175, 174, 171, 172, 170,
    168, 172, 169, 172, 168, 172, 172 ]
RHandPositionsY: [ 265, 266, 267, 269, 265, 267, 269, 265, 267, 268, 266,
    267, 268, 267, 269, 265, 268, 265, 257, 242, 218, 200, 179, 159, 145,
    132, 116, 114, 108, 105, 105, 105, 97, 96, 94, 96, 94, 91, 89, 87,
    89, 88, 91, 90, 86, 86, 84, 84, 88, 87, 86, 88, 88, 87, 85, 88, 87,
    86, 90, 90, 90, 90, 89, 87, 89, 90, 88, 96, 104, 120, 135, 149, 162,
    174, 185, 188, 194, 201, 211, 218, 221, 222, 225, 235, 235, 236, 237,
    237 ]
