%YAML:1.0
---
videoName: "RHShake23.mp4"
gestureLabel: 2
fps: 29
pixelSizeInCmTemp: 3.3263888888888887e-01
faceCenterPointX: 298
faceCenterPointY: 49
LHandPositionsX: [ 387, 388, 387, 391, 388, 387, 388, 387, 389, 391, 388,
    389, 390, 390, 388, 388, 390, 391, 388, 388, 391, 389, 388, 391, 388,
    388, 390, 389, 389, 390, 391, 388, 389, 387, 388, 390, 387, 389, 387,
    390, 387, 391, 391, 389, 391, 387, 390, 389, 390, 388, 388, 388, 390,
    390, 389, 387, 391, 391, 389, 390, 387, 388, 387, 389, 388, 390, 391,
    388, 389, 388, 387, 388, 388, 388, 391, 389, 388, 391, 389, 391, 388,
    388, 391, 387, 389, 391, 389, 389 ]
LHandPositionsY: [ 228, 224, 228, 226, 226, 228, 228, 226, 228, 227, 224,
    226, 227, 227, 227, 226, 225, 224, 225, 227, 225, 225, 225, 227, 224,
    228, 228, 227, 227, 226, 226, 228, 228, 228, 224, 225, 224, 226, 227,
    228, 226, 224, 227, 226, 226, 226, 228, 226, 225, 226, 227, 226, 228,
    226, 225, 227, 224, 228, 226, 225, 224, 226, 227, 227, 226, 224, 225,
    227, 225, 227, 225, 227, 228, 226, 228, 227, 228, 224, 228, 228, 226,
    225, 225, 226, 227, 228, 226, 228 ]
RHandPositionsX: [ 172, 171, 175, 186, 191, 188, 196, 190, 180, 177, 172,
    174, 173, 181, 186, 199, 195, 196, 199, 195, 186, 181, 176, 177, 171,
    170, 172, 176, 191, 199, 202, 199, 200, 194, 190, 186, 186, 179, 177,
    181, 186, 199, 201, 203, 205, 203, 197, 189, 186, 181, 174, 176, 178,
    186, 195, 201, 206, 207, 211, 209, 209, 211, 207, 210, 210, 207, 210,
    208, 203, 207, 204, 206, 203, 203, 204, 201, 201, 203, 203, 200, 203,
    198, 201, 199, 202, 200, 200, 197 ]
RHandPositionsY: [ 97, 93, 101, 112, 114, 113, 119, 112, 105, 100, 102,
    101, 98, 104, 113, 124, 121, 123, 123, 113, 104, 103, 100, 101, 98,
    97, 94, 98, 116, 125, 124, 124, 123, 106, 105, 107, 106, 102, 98,
    101, 114, 123, 121, 123, 125, 128, 122, 108, 106, 106, 106, 104, 99,
    118, 130, 134, 142, 148, 150, 154, 159, 168, 171, 180, 193, 202, 207,
    217, 215, 214, 215, 221, 219, 223, 226, 228, 227, 224, 226, 226, 225,
    224, 227, 226, 224, 226, 225, 226 ]
