%YAML:1.0
---
videoName: "RHShake05.mp4"
gestureLabel: 2
fps: 30
pixelSizeInCmTemp: 3.1103896103896100e-01
faceCenterPointX: 295
faceCenterPointY: 47
LHandPositionsX: [ 408, 408, 410, 412, 410, 409, 408, 409, 412, 410, 409,
    409, 408, 411, 412, 409, 409, 408, 411, 411, 409, 410, 409, 411, 412,
    408, 408, 410, 409, 412, 409, 412, 411, 410, 409, 410, 408, 410, 409,
    411, 412, 411, 410, 409, 410, 411, 410, 411, 412, 412, 412, 410, 409,
    412, 410, 412, 411, 408, 410, 411, 411, 411, 412, 408, 411, 412, 411,
    408, 409, 409, 410, 411, 412, 410, 409, 412, 408, 409, 412, 408, 412,
    409, 410, 409, 410, 408, 412, 410, 409, 410, 409 ]
LHandPositionsY: [ 257, 259, 259, 257, 257, 257, 257, 260, 260, 257, 257,
    260, 260, 258, 261, 259, 260, 258, 260, 261, 260, 257, 258, 258, 260,
    260, 259, 259, 257, 260, 259, 257, 259, 260, 257, 259, 258, 258, 257,
    260, 261, 259, 261, 257, 259, 261, 259, 261, 261, 261, 260, 259, 257,
    260, 260, 259, 260, 260, 257, 261, 261, 257, 257, 258, 259, 257, 257,
    257, 258, 261, 261, 261, 259, 261, 260, 261, 259, 257, 259, 260, 259,
    258, 257, 257, 260, 258, 259, 260, 257, 261, 261 ]
RHandPositionsX: [ 177, 174, 173, 176, 176, 174, 177, 176, 174, 177, 175,
    176, 173, 175, 174, 174, 173, 174, 173, 173, 174, 171, 170, 178, 174,
    175, 181, 179, 174, 164, 150, 155, 152, 159, 166, 177, 188, 201, 192,
    182, 174, 171, 170, 171, 178, 177, 189, 184, 175, 175, 172, 167, 168,
    173, 176, 192, 185, 177, 175, 171, 166, 167, 175, 188, 192, 194, 187,
    183, 177, 181, 180, 181, 188, 191, 196, 190, 182, 175, 170, 174, 175,
    177, 184, 187, 189, 188, 181, 177, 179, 178, 176 ]
RHandPositionsY: [ 260, 262, 260, 261, 262, 262, 261, 260, 258, 258, 261,
    260, 258, 260, 262, 258, 260, 260, 258, 259, 261, 259, 259, 261, 257,
    252, 234, 207, 181, 154, 131, 129, 107, 92, 89, 91, 96, 94, 91, 85,
    84, 77, 79, 80, 86, 86, 81, 80, 80, 74, 74, 75, 77, 86, 84, 92, 87,
    85, 84, 80, 82, 86, 90, 90, 91, 94, 90, 84, 85, 85, 82, 87, 89, 89,
    91, 91, 89, 85, 87, 94, 109, 131, 158, 179, 203, 221, 227, 235, 241,
    249, 246 ]
