%YAML:1.0
---
videoName: "RHShake17.mp4"
gestureLabel: 2
fps: 29
pixelSizeInCmTemp: 3.3732394366197183e-01
faceCenterPointX: 282
faceCenterPointY: 40
LHandPositionsX: [ 307, 309, 307, 305, 309, 308, 309, 309, 306, 305, 306,
    309, 307, 309, 306, 308, 309, 309, 306, 309, 307, 306, 305, 309, 307,
    306, 306, 306, 308, 306, 305, 305, 306, 308, 307, 305, 305, 306, 306,
    306, 306, 309, 310, 309, 307, 309, 309, 308, 308, 309, 311, 307, 310,
    309, 310, 310, 308, 308, 309, 310, 309, 310, 308, 309, 309, 308, 311,
    311, 310, 311, 311, 309, 310, 308, 310, 310, 307, 310, 307, 306, 306,
    308, 308, 309, 308, 305, 308, 305 ]
LHandPositionsY: [ 235, 235, 232, 235, 235, 232, 231, 231, 233, 232, 235,
    231, 232, 235, 232, 232, 234, 232, 232, 232, 234, 233, 231, 233, 234,
    234, 231, 235, 233, 234, 234, 234, 234, 231, 235, 232, 231, 234, 235,
    232, 234, 231, 232, 233, 234, 234, 235, 232, 232, 232, 235, 235, 233,
    233, 233, 235, 233, 231, 234, 235, 231, 231, 233, 234, 233, 231, 235,
    234, 233, 234, 235, 233, 234, 234, 234, 234, 235, 233, 232, 233, 232,
    233, 233, 233, 233, 233, 235, 232 ]
RHandPositionsX: [ 214, 194, 175, 160, 142, 143, 146, 148, 141, 141, 145,
    151, 154, 153, 150, 146, 141, 144, 142, 145, 161, 159, 156, 152, 152,
    145, 147, 143, 149, 154, 153, 159, 161, 153, 149, 144, 143, 138, 138,
    154, 153, 155, 154, 162, 153, 149, 151, 151, 155, 159, 170, 171, 164,
    161, 160, 159, 148, 153, 149, 150, 154, 165, 173, 174, 176, 177, 177,
    178, 170, 169, 174, 172, 168, 169, 170, 167, 172, 170, 169, 167, 168,
    167, 169, 166, 166, 170, 166, 168 ]
RHandPositionsY: [ 201, 186, 166, 150, 130, 112, 106, 105, 95, 90, 98,
    90, 81, 80, 77, 74, 70, 68, 69, 73, 78, 75, 74, 72, 67, 69, 69, 68,
    66, 65, 66, 68, 68, 67, 65, 63, 65, 66, 66, 85, 80, 82, 79, 78, 74,
    74, 72, 72, 73, 76, 89, 90, 84, 80, 78, 80, 80, 81, 80, 85, 92, 107,
    120, 136, 148, 158, 168, 180, 188, 198, 210, 213, 220, 229, 232, 234,
    237, 241, 239, 242, 243, 244, 241, 244, 240, 245, 247, 245 ]
