%YAML:1.0
---
videoName: "RHShake10.mp4"
gestureLabel: 2
fps: 29
pixelSizeInCmTemp: 3.1933333333333330e-01
faceCenterPointX: 295
faceCenterPointY: 45
LHandPositionsX: [ 338, 340, 342, 340, 339, 338, 339, 336, 331, 329, 332,
    330, 327, 327, 329, 326, 328, 325, 327, 326, 329, 330, 327, 326, 328,
    330, 328, 329, 327, 329, 330, 330, 328, 328, 330, 327, 330, 328, 329,
    327, 329, 329, 329, 330, 330, 326, 328, 327, 326, 328, 327, 330, 327,
    326, 330, 327, 326, 329, 330, 330, 329, 329, 326, 330, 328, 329, 328,
    327, 330, 326, 328, 329, 329, 326, 330, 327, 327, 329, 330, 330, 329,
    328, 331, 329, 331, 327, 331, 326 ]
LHandPositionsY: [ 263, 265, 267, 268, 265, 268, 266, 268, 268, 270, 272,
    269, 271, 274, 272, 270, 272, 271, 271, 271, 273, 271, 271, 274, 274,
    274, 274, 274, 271, 269, 269, 272, 270, 269, 271, 269, 272, 270, 269,
    270, 272, 272, 269, 271, 270, 268, 270, 269, 272, 271, 271, 269, 268,
    269, 268, 269, 272, 268, 269, 272, 268, 271, 271, 272, 268, 268, 271,
    271, 271, 271, 271, 269, 268, 270, 267, 271, 268, 269, 269, 267, 270,
    269, 271, 270, 270, 272, 269, 272 ]
RHandPositionsX: [ 260, 263, 261, 263, 260, 260, 260, 259, 261, 261, 261,
    261, 260, 260, 262, 262, 260, 252, 260, 252, 242, 221, 203, 183, 167,
    154, 138, 138, 137, 139, 144, 149, 156, 162, 163, 161, 160, 157, 160,
    160, 164, 170, 180, 183, 176, 177, 170, 171, 173, 169, 176, 187, 189,
    194, 191, 184, 177, 176, 173, 182, 180, 190, 190, 194, 191, 182, 176,
    174, 173, 181, 177, 191, 196, 202, 213, 217, 225, 229, 236, 245, 252,
    253, 252, 258, 263, 263, 259, 262 ]
RHandPositionsY: [ 265, 266, 266, 264, 267, 263, 264, 265, 263, 268, 267,
    265, 269, 268, 268, 266, 265, 268, 268, 255, 242, 230, 212, 190, 169,
    152, 132, 117, 112, 98, 88, 85, 88, 89, 87, 82, 79, 78, 80, 79, 80,
    85, 89, 86, 81, 78, 78, 75, 74, 78, 83, 86, 90, 92, 86, 86, 84, 82,
    80, 84, 87, 94, 93, 93, 88, 90, 82, 83, 80, 85, 94, 103, 128, 145,
    160, 181, 199, 214, 225, 244, 257, 257, 261, 265, 267, 264, 268, 270 ]
