%YAML:1.0
---
videoName: "RHShake23.mp4"
gestureLabel: 2
fps: 29
pixelSizeInCmTemp: 3.3263888888888887e-01
faceCenterPointX: 298
faceCenterPointY: 49
LHandPositionsX: [ 390, 388, 388, 391, 388, 390, 388, 388, 388, 388, 387,
    387, 387, 391, 390, 391, 391, 391, 388, 387, 388, 387, 390, 389, 391,
    391, 391, 390, 389, 389, 391, 391, 389, 388, 390, 390, 387, 391, 389,
    387, 388, 387, 389, 387, 389, 389, 391, 389, 387, 389, 388, 391, 390,
    389, 387, 388, 388, 390, 388, 387, 391, 391, 391, 391, 387, 389, 390,
    391, 391, 388, 389, 391, 390, 387, 390, 391, 389, 388, 391, 389, 391,
    388, 389, 389, 390, 388, 389, 391 ]
LHandPositionsY: [ 226, 228, 227, 224, 227, 228, 224, 225, 228, 227, 227,
    225, 224, 225, 225, 228, 225, 227, 225, 227, 226, 228, 225, 225, 225,
    224, 228, 224, 228, 226, 225, 225, 225, 228, 226, 228, 228, 225, 225,
    226, 228, 227, 224, 225, 227, 228, 224, 228, 224, 224, 224, 228, 225,
    227, 224, 225, 224, 228, 228, 226, 226, 225, 224, 224, 224, 224, 228,
    228, 225, 224, 227, 228, 227, 224, 225, 227, 225, 227, 226, 225, 224,
    224, 227, 226, 224, 225, 224, 224 ]
RHandPositionsX: [ 168, 171, 174, 189, 188, 190, 195, 189, 182, 177, 176,
    173, 173, 179, 187, 197, 197, 200, 199, 192, 183, 180, 174, 175, 169,
    172, 170, 179, 193, 203, 200, 202, 202, 195, 192, 187, 184, 178, 180,
    182, 185, 198, 201, 204, 206, 203, 200, 189, 182, 180, 178, 177, 182,
    187, 192, 201, 204, 209, 207, 210, 210, 212, 207, 212, 209, 206, 207,
    207, 204, 204, 206, 205, 203, 201, 203, 204, 200, 200, 199, 201, 202,
    198, 202, 198, 198, 199, 199, 199 ]
RHandPositionsY: [ 98, 94, 100, 110, 114, 115, 120, 111, 105, 99, 99,
    100, 97, 105, 111, 122, 125, 124, 125, 110, 104, 103, 102, 100, 98,
    94, 95, 99, 118, 122, 120, 123, 121, 110, 104, 104, 107, 103, 98,
    101, 112, 121, 123, 125, 125, 125, 122, 106, 109, 106, 106, 103, 100,
    116, 126, 137, 142, 151, 149, 152, 159, 167, 175, 181, 190, 199, 209,
    217, 214, 216, 219, 221, 222, 222, 225, 229, 227, 224, 225, 227, 227,
    225, 227, 227, 224, 224, 224, 226 ]
