%YAML:1.0
---
videoName: "RHShake21.mp4"
gestureLabel: 2
fps: 29
pixelSizeInCmTemp: 3.3732394366197183e-01
faceCenterPointX: 293
faceCenterPointY: 47
LHandPositionsX: [ 395, 398, 398, 398, 396, 398, 394, 396, 397, 398, 395,
    398, 398, 395, 395, 394, 396, 397, 396, 398, 397, 397, 397, 394, 395,
    396, 396, 397, 397, 395, 397, 397, 398, 398, 395, 396, 398, 398, 398,
    397, 397, 398, 398, 397, 398, 397, 398, 398, 398, 395, 394, 395, 396,
    396, 394, 396, 395, 398, 398, 398, 394, 396, 396, 394, 396, 395, 396,
    398, 397, 398, 394, 395, 396, 395, 396, 396, 397, 396, 396, 395, 395,
    398, 397, 394, 395, 398, 395, 394 ]
LHandPositionsY: [ 240, 242, 239, 242, 239, 238, 242, 242, 242, 239, 238,
    239, 241, 238, 242, 239, 238, 241, 242, 241, 240, 240, 240, 239, 241,
    239, 240, 238, 238, 242, 238, 238, 242, 239, 240, 240, 240, 238, 239,
    240, 242, 241, 242, 242, 241, 240, 240, 239, 242, 241, 242, 239, 240,
    240, 242, 242, 239, 241, 238, 241, 241, 241, 238, 238, 239, 242, 242,
    240, 239, 241, 239, 241, 239, 240, 239, 239, 241, 239, 241, 239, 241,
    239, 240, 241, 241, 239, 240, 240 ]
RHandPositionsX: [ 135, 140, 143, 143, 146, 146, 145, 142, 137, 135, 133,
    143, 144, 148, 150, 151, 145, 146, 141, 139, 137, 136, 139, 143, 148,
    148, 151, 149, 146, 144, 141, 139, 137, 138, 142, 146, 149, 150, 152,
    147, 142, 135, 138, 134, 135, 139, 145, 147, 148, 149, 145, 143, 140,
    135, 131, 133, 140, 144, 155, 164, 169, 179, 179, 179, 184, 184, 186,
    189, 189, 188, 188, 189, 189, 186, 187, 189, 188, 185, 187, 188, 188,
    186, 187, 186, 187, 188, 185, 185 ]
RHandPositionsY: [ 81, 87, 88, 88, 90, 85, 82, 83, 83, 80, 81, 84, 90,
    89, 90, 91, 89, 87, 86, 86, 86, 85, 81, 89, 89, 90, 93, 90, 88, 85,
    86, 85, 81, 87, 84, 91, 92, 95, 92, 89, 85, 89, 86, 85, 85, 89, 98,
    99, 99, 98, 96, 97, 92, 92, 91, 89, 94, 105, 114, 125, 139, 151, 151,
    152, 160, 167, 180, 191, 198, 209, 216, 215, 218, 226, 226, 226, 226,
    227, 230, 229, 227, 228, 227, 231, 227, 229, 231, 229 ]
