%YAML:1.0
---
videoName: "RHShake22.mp4"
gestureLabel: 2
fps: 29
pixelSizeInCmTemp: 3.3263888888888887e-01
faceCenterPointX: 290
faceCenterPointY: 48
LHandPositionsX: [ 392, 393, 392, 392, 396, 392, 396, 395, 395, 393, 392,
    392, 395, 393, 396, 392, 393, 396, 396, 392, 396, 394, 392, 394, 394,
    393, 394, 393, 396, 396, 394, 393, 395, 396, 393, 393, 393, 394, 392,
    392, 396, 393, 395, 395, 392, 393, 394, 392, 396, 394, 395, 392, 395,
    392, 394, 395, 394, 396, 393, 396, 395, 392, 392, 396, 395, 396, 396,
    392, 394, 395, 393, 396, 392, 395, 395, 393, 393, 393, 395, 395, 396,
    393, 394, 394, 396, 395, 394, 395 ]
LHandPositionsY: [ 233, 231, 234, 233, 234, 230, 230, 234, 230, 231, 234,
    234, 230, 231, 231, 232, 232, 234, 230, 230, 234, 234, 233, 230, 232,
    234, 234, 230, 234, 230, 230, 230, 234, 230, 233, 234, 230, 232, 232,
    232, 234, 232, 233, 231, 232, 234, 230, 234, 234, 233, 234, 230, 231,
    231, 233, 232, 233, 231, 233, 230, 234, 233, 230, 232, 231, 230, 234,
    234, 234, 232, 231, 234, 230, 230, 233, 230, 234, 232, 231, 231, 230,
    231, 233, 231, 234, 234, 231, 234 ]
RHandPositionsX: [ 151, 135, 129, 131, 134, 135, 144, 157, 166, 166, 163,
    165, 159, 160, 153, 147, 143, 146, 147, 155, 162, 171, 169, 172, 167,
    167, 165, 157, 158, 152, 153, 161, 167, 170, 170, 170, 173, 170, 165,
    160, 160, 160, 160, 165, 171, 173, 175, 171, 171, 168, 164, 157, 156,
    153, 159, 164, 169, 177, 177, 179, 179, 172, 169, 162, 157, 153, 153,
    157, 167, 175, 177, 176, 181, 180, 180, 180, 182, 184, 186, 184, 188,
    191, 187, 186, 188, 189, 188, 191 ]
RHandPositionsY: [ 142, 115, 103, 103, 97, 89, 81, 83, 89, 91, 93, 89,
    83, 81, 80, 80, 78, 76, 74, 86, 91, 95, 96, 94, 93, 89, 88, 85, 86,
    81, 80, 90, 93, 97, 101, 100, 96, 89, 88, 85, 86, 86, 82, 89, 93, 98,
    104, 100, 97, 92, 90, 88, 86, 88, 83, 84, 91, 102, 102, 105, 100, 98,
    93, 91, 93, 93, 91, 88, 90, 104, 108, 109, 115, 116, 120, 123, 136,
    148, 160, 172, 180, 194, 199, 204, 215, 221, 225, 224 ]
