%YAML:1.0
---
videoName: "RHShake09.mp4"
gestureLabel: 2
fps: 29
pixelSizeInCmTemp: 3.1103896103896100e-01
faceCenterPointX: 296
faceCenterPointY: 48
LHandPositionsX: [ 324, 326, 323, 325, 326, 322, 325, 321, 321, 315, 319,
    314, 313, 310, 310, 310, 310, 308, 312, 311, 311, 306, 306, 307, 305,
    305, 308, 304, 305, 309, 308, 309, 309, 309, 308, 307, 307, 309, 311,
    308, 309, 307, 308, 312, 311, 309, 310, 313, 314, 314, 311, 312, 312,
    314, 312, 316, 313, 316, 314, 314, 315, 314, 317, 314, 317, 313, 317,
    314, 314, 318, 316, 316, 314, 318, 317, 316, 315, 317, 315, 313, 314,
    313, 314, 317, 317, 318, 316, 315 ]
LHandPositionsY: [ 269, 269, 268, 270, 271, 267, 271, 269, 269, 271, 273,
    272, 271, 274, 271, 275, 272, 276, 274, 274, 274, 272, 272, 273, 272,
    272, 272, 274, 277, 274, 277, 275, 275, 276, 276, 275, 276, 273, 276,
    275, 273, 277, 275, 275, 276, 277, 276, 274, 275, 274, 276, 275, 274,
    274, 273, 275, 274, 274, 273, 276, 275, 276, 272, 273, 272, 275, 276,
    274, 274, 273, 272, 272, 275, 274, 274, 277, 273, 275, 272, 273, 273,
    275, 272, 275, 273, 272, 275, 272 ]
RHandPositionsX: [ 265, 264, 264, 261, 265, 262, 263, 264, 262, 259, 263,
    262, 261, 258, 261, 258, 258, 257, 260, 256, 255, 256, 254, 255, 256,
    255, 258, 256, 254, 256, 262, 264, 253, 244, 223, 206, 191, 175, 169,
    171, 174, 171, 182, 182, 186, 187, 182, 182, 180, 177, 186, 189, 188,
    201, 192, 186, 180, 174, 181, 184, 183, 185, 197, 187, 185, 180, 174,
    173, 171, 183, 185, 189, 186, 179, 180, 181, 181, 177, 184, 191, 189,
    190, 201, 201, 207, 214, 228, 240 ]
RHandPositionsY: [ 260, 266, 265, 265, 263, 267, 267, 267, 268, 265, 266,
    268, 265, 269, 269, 268, 267, 268, 268, 265, 268, 267, 265, 267, 266,
    265, 266, 265, 267, 266, 268, 261, 244, 232, 213, 197, 178, 156, 137,
    135, 114, 108, 108, 111, 108, 103, 97, 89, 86, 87, 90, 98, 95, 97,
    92, 93, 87, 89, 86, 90, 96, 96, 97, 97, 90, 84, 85, 87, 91, 95, 99,
    96, 97, 95, 90, 91, 89, 91, 99, 107, 105, 106, 120, 132, 145, 152,
    169, 187 ]
