%YAML:1.0
---
videoName: "RHShake04.mp4"
gestureLabel: 2
fps: 29
pixelSizeInCmTemp: 3.1513157894736843e-01
faceCenterPointX: 292
faceCenterPointY: 47
LHandPositionsX: [ 412, 411, 410, 410, 409, 413, 408, 410, 410, 412, 412,
    410, 411, 411, 409, 410, 411, 409, 410, 411, 409, 407, 409, 406, 408,
    408, 405, 406, 406, 407, 407, 407, 408, 405, 405, 409, 406, 408, 406,
    409, 406, 406, 405, 409, 407, 405, 409, 409, 406, 408, 406, 405, 406,
    405, 406, 409, 409, 407, 409, 405, 405, 404, 406, 405, 403, 407, 403,
    406, 403, 405, 403, 402, 402, 403, 402, 406, 406, 406, 402, 401, 405,
    405, 403, 404, 404, 405, 405, 401 ]
LHandPositionsY: [ 266, 265, 263, 266, 262, 263, 263, 263, 261, 264, 263,
    263, 261, 264, 263, 265, 263, 262, 260, 263, 261, 264, 263, 260, 261,
    262, 260, 261, 260, 260, 260, 262, 261, 263, 263, 260, 264, 261, 263,
    262, 260, 264, 263, 262, 263, 263, 262, 263, 262, 260, 260, 264, 260,
    264, 262, 264, 263, 261, 264, 261, 261, 261, 261, 263, 259, 259, 260,
    260, 262, 262, 262, 261, 262, 258, 261, 261, 261, 261, 259, 261, 258,
    258, 258, 257, 259, 258, 258, 258 ]
RHandPositionsX: [ 180, 181, 183, 183, 179, 179, 182, 177, 180, 180, 177,
    180, 180, 179, 179, 179, 180, 179, 177, 177, 175, 175, 177, 181, 180,
    177, 170, 164, 164, 164, 166, 166, 180, 190, 192, 189, 188, 183, 173,
    170, 164, 166, 172, 177, 180, 176, 179, 174, 170, 167, 167, 172, 177,
    180, 181, 177, 176, 171, 171, 173, 169, 177, 180, 185, 195, 187, 184,
    176, 171, 172, 168, 172, 172, 178, 186, 192, 191, 191, 191, 189, 189,
    187, 183, 180, 176, 177, 174, 175 ]
RHandPositionsY: [ 267, 264, 268, 264, 266, 266, 264, 264, 266, 266, 264,
    268, 269, 267, 268, 267, 270, 270, 269, 269, 271, 273, 266, 248, 221,
    197, 172, 146, 127, 123, 119, 103, 96, 100, 106, 101, 100, 94, 93,
    91, 92, 92, 96, 96, 97, 98, 97, 94, 93, 92, 92, 93, 98, 99, 97, 95,
    98, 97, 93, 92, 92, 95, 99, 98, 94, 96, 95, 94, 94, 93, 94, 96, 102,
    106, 123, 134, 144, 153, 164, 177, 193, 213, 223, 229, 234, 243, 249,
    251 ]
