%YAML:1.0
---
videoName: "RHShake21.mp4"
gestureLabel: 2
fps: 29
pixelSizeInCmTemp: 3.3732394366197183e-01
faceCenterPointX: 293
faceCenterPointY: 47
LHandPositionsX: [ 398, 398, 398, 397, 397, 397, 394, 394, 395, 398, 396,
    398, 396, 394, 398, 394, 397, 394, 398, 397, 395, 394, 397, 394, 396,
    398, 397, 398, 395, 397, 395, 396, 395, 394, 395, 395, 394, 395, 395,
    396, 397, 394, 396, 394, 397, 396, 397, 395, 396, 394, 398, 395, 396,
    396, 397, 398, 396, 397, 395, 395, 398, 395, 398, 397, 395, 398, 398,
    398, 398, 394, 397, 396, 398, 394, 395, 398, 397, 398, 395, 398, 395,
    395, 398, 398, 396, 396, 398, 395 ]
LHandPositionsY: [ 240, 241, 240, 240, 238, 239, 242, 242, 239, 238, 238,
    238, 242, 239, 238, 242, 238, 242, 241, 239, 241, 238, 241, 241, 241,
    240, 241, 241, 241, 240, 239, 239, 242, 238, 242, 241, 240, 242, 240,
    242, 242, 242, 239, 238, 238, 241, 238, 239, 242, 238, 239, 241, 238,
    238, 239, 240, 238, 239, 241, 239, 242, 240, 241, 238, 242, 238, 240,
    241, 238, 241, 239, 241, 239, 238, 238, 239, 241, 239, 239, 239, 240,
    238, 241, 239, 242, 238, 241, 242 ]
RHandPositionsX: [ 134, 142, 143, 145, 146, 146, 144, 141, 136, 133, 136,
    143, 145, 149, 147, 151, 149, 143, 140, 138, 134, 135, 137, 147, 146,
    151, 151, 152, 146, 142, 139, 138, 136, 141, 140, 144, 149, 154, 151,
    145, 140, 138, 139, 136, 136, 140, 147, 149, 152, 152, 146, 141, 137,
    136, 135, 134, 141, 145, 154, 162, 168, 179, 178, 182, 182, 182, 189,
    186, 185, 185, 189, 187, 189, 190, 186, 188, 187, 187, 186, 187, 186,
    185, 186, 186, 185, 186, 187, 186 ]
RHandPositionsY: [ 79, 87, 86, 90, 90, 85, 83, 82, 80, 81, 82, 86, 90,
    88, 91, 94, 89, 86, 83, 85, 87, 85, 84, 88, 87, 90, 91, 90, 92, 86,
    88, 86, 82, 87, 88, 90, 91, 92, 91, 89, 89, 88, 86, 86, 86, 92, 97,
    99, 98, 99, 95, 95, 94, 95, 92, 92, 96, 107, 117, 127, 137, 153, 154,
    151, 159, 169, 177, 192, 198, 207, 216, 216, 220, 227, 226, 225, 225,
    230, 230, 229, 229, 230, 227, 228, 228, 231, 230, 229 ]
