%YAML:1.0
---
videoName: "RHShake23.mp4"
gestureLabel: 2
fps: 29
pixelSizeInCmTemp: 3.3263888888888887e-01
faceCenterPointX: 298
faceCenterPointY: 49
LHandPositionsX: [ 389, 390, 389, 387, 391, 388, 389, 387, 388, 389, 387,
    387, 387, 387, 388, 388, 387, 390, 390, 391, 390, 388, 390, 387, 388,
    390, 388, 387, 390, 388, 388, 387, 387, 390, 389, 390, 390, 388, 391,
    388, 388, 387, 387, 387, 390, 391, 388, 391, 391, 388, 390, 391, 391,
    387, 391, 389, 387, 391, 390, 390, 389, 389, 388, 387, 391, 390, 391,
    390, 388, 387, 389, 391, 388, 388, 390, 388, 387, 387, 387, 391, 388,
    391, 390, 390, 391, 388, 388, 390 ]
LHandPositionsY: [ 228, 228, 227, 225, 227, 226, 228, 228, 225, 225, 226,
    228, 226, 228, 227, 227, 228, 225, 227, 225, 226, 226, 227, 225, 228,
    227, 226, 226, 227, 228, 228, 228, 225, 224, 226, 224, 228, 224, 224,
    224, 226, 227, 225, 227, 227, 225, 228, 228, 227, 226, 228, 227, 226,
    228, 226, 228, 224, 225, 227, 225, 224, 225, 226, 228, 228, 225, 225,
    224, 226, 228, 227, 226, 224, 226, 227, 224, 227, 228, 228, 227, 227,
    224, 224, 228, 225, 224, 225, 224 ]
RHandPositionsX: [ 169, 170, 178, 189, 188, 190, 194, 191, 183, 177, 174,
    174, 174, 180, 190, 195, 196, 197, 199, 194, 184, 182, 175, 176, 169,
    170, 172, 180, 193, 199, 198, 198, 202, 197, 191, 183, 185, 181, 179,
    181, 185, 199, 199, 202, 207, 203, 196, 192, 186, 180, 175, 175, 179,
    187, 194, 198, 204, 210, 209, 211, 211, 211, 211, 209, 212, 207, 207,
    207, 203, 203, 207, 205, 204, 202, 204, 200, 204, 203, 199, 199, 202,
    200, 202, 200, 199, 200, 200, 198 ]
RHandPositionsY: [ 99, 96, 98, 111, 114, 112, 120, 113, 103, 103, 98, 98,
    99, 104, 113, 122, 124, 125, 127, 110, 102, 102, 102, 98, 98, 97, 96,
    97, 114, 121, 120, 121, 123, 108, 104, 105, 107, 100, 101, 102, 112,
    121, 121, 121, 128, 127, 124, 107, 109, 104, 106, 101, 100, 119, 129,
    134, 142, 148, 150, 154, 159, 164, 174, 180, 191, 201, 210, 213, 215,
    215, 215, 219, 221, 225, 227, 225, 224, 226, 225, 226, 228, 228, 227,
    226, 227, 228, 224, 226 ]
