%YAML:1.0
---
videoName: "RHShake22.mp4"
gestureLabel: 2
fps: 29
pixelSizeInCmTemp: 3.3263888888888887e-01
faceCenterPointX: 290
faceCenterPointY: 48
LHandPositionsX: [ 392, 392, 396, 392, 396, 392, 393, 394, 392, 392, 394,
    396, 393, 392, 395, 396, 394, 396, 395, 392, 396, 392, 393, 394, 396,
    393, 393, 393, 393, 394, 394, 395, 395, 393, 392, 395, 392, 392, 394,
    394, 396, 394, 395, 394, 392, 396, 392, 395, 392, 393, 394, 395, 396,
    396, 394, 395, 394, 392, 392, 392, 393, 393, 395, 396, 394, 394, 392,
    395, 394, 392, 396, 393, 393, 394, 393, 393, 395, 393, 394, 392, 396,
    396, 396, 396, 393, 395, 396, 396 ]
LHandPositionsY: [ 232, 234, 234, 230, 234, 231, 234, 231, 232, 230, 230,
    234, 230, 233, 232, 232, 233, 233, 230, 232, 232, 231, 231, 231, 232,
    230, 232, 231, 231, 230, 234, 234, 230, 231, 230, 230, 233, 231, 231,
    232, 231, 232, 232, 233, 231, 230, 233, 233, 230, 232, 230, 230, 234,
    231, 230, 232, 230, 232, 230, 232, 230, 230, 231, 233, 230, 234, 230,
    234, 232, 231, 232, 234, 234, 230, 234, 233, 230, 232, 230, 234, 234,
    233, 230, 233, 232, 234, 231, 231 ]
RHandPositionsX: [ 151, 135, 131, 128, 131, 135, 147, 157, 166, 167, 167,
    164, 161, 160, 151, 145, 145, 144, 148, 152, 161, 173, 171, 169, 169,
    166, 164, 158, 158, 155, 151, 161, 167, 172, 170, 172, 172, 172, 167,
    162, 159, 160, 161, 165, 170, 174, 175, 174, 174, 167, 163, 155, 153,
    157, 155, 162, 172, 178, 176, 181, 178, 174, 171, 163, 155, 156, 151,
    154, 169, 178, 179, 177, 180, 179, 178, 180, 182, 180, 184, 187, 186,
    190, 190, 188, 191, 186, 188, 189 ]
RHandPositionsY: [ 141, 117, 101, 102, 94, 90, 81, 83, 90, 94, 92, 90,
    87, 78, 78, 80, 78, 78, 76, 87, 88, 94, 96, 97, 95, 89, 84, 86, 84,
    80, 82, 90, 94, 101, 104, 101, 96, 92, 89, 85, 85, 83, 82, 91, 96,
    101, 100, 102, 95, 93, 90, 89, 88, 86, 85, 82, 88, 98, 101, 104, 98,
    95, 91, 93, 93, 94, 92, 91, 91, 103, 108, 111, 114, 119, 121, 126,
    136, 148, 161, 170, 184, 191, 199, 203, 215, 220, 224, 224 ]
