%YAML:1.0
---
videoName: "RHShake10.mp4"
gestureLabel: 2
fps: 29
pixelSizeInCmTemp: 3.1933333333333330e-01
faceCenterPointX: 295
faceCenterPointY: 45
LHandPositionsX: [ 339, 342, 341, 339, 339, 341, 339, 337, 332, 333, 334,
    333, 329, 328, 325, 328, 326, 327, 329, 329, 330, 326, 326, 328, 327,
    330, 329, 328, 327, 327, 328, 327, 329, 329, 326, 327, 326, 327, 327,
    328, 326, 330, 330, 326, 328, 327, 328, 329, 327, 327, 327, 327, 329,
    330, 329, 328, 330, 327, 328, 326, 330, 328, 327, 329, 330, 327, 328,
    330, 327, 330, 327, 326, 329, 330, 328, 327, 331, 330, 328, 331, 329,
    332, 329, 330, 329, 331, 329, 328 ]
LHandPositionsY: [ 266, 267, 267, 266, 268, 268, 268, 268, 268, 270, 268,
    271, 273, 272, 270, 272, 272, 271, 271, 272, 273, 271, 270, 274, 271,
    270, 274, 274, 273, 270, 271, 269, 269, 273, 269, 272, 270, 268, 272,
    271, 268, 269, 270, 270, 271, 272, 268, 269, 271, 272, 270, 272, 269,
    269, 270, 272, 270, 272, 270, 268, 268, 269, 269, 272, 270, 268, 272,
    270, 271, 268, 270, 272, 271, 271, 271, 267, 268, 269, 267, 269, 271,
    269, 268, 268, 270, 269, 271, 271 ]
RHandPositionsX: [ 262, 261, 264, 261, 263, 261, 261, 262, 259, 257, 258,
    258, 257, 261, 261, 260, 261, 256, 258, 249, 242, 223, 199, 182, 168,
    152, 138, 137, 139, 137, 146, 149, 153, 163, 167, 162, 160, 161, 162,
    156, 164, 174, 180, 183, 177, 179, 171, 168, 171, 167, 176, 186, 190,
    194, 190, 181, 179, 175, 176, 182, 180, 187, 193, 193, 188, 185, 176,
    173, 175, 179, 176, 192, 195, 203, 213, 218, 228, 229, 237, 245, 253,
    253, 251, 260, 261, 263, 258, 260 ]
RHandPositionsY: [ 266, 266, 267, 263, 267, 265, 263, 264, 265, 266, 267,
    268, 266, 267, 269, 268, 269, 265, 267, 255, 245, 230, 209, 189, 171,
    149, 129, 115, 115, 98, 86, 89, 86, 91, 88, 84, 79, 76, 79, 77, 79,
    85, 88, 84, 81, 80, 76, 74, 77, 78, 86, 87, 91, 92, 87, 86, 81, 84,
    83, 83, 91, 91, 93, 95, 90, 89, 81, 82, 81, 88, 96, 103, 128, 146,
    164, 179, 196, 215, 229, 243, 257, 258, 258, 265, 264, 267, 267, 268 ]
