%YAML:1.0
---
videoName: "RHShake05.mp4"
gestureLabel: 2
fps: 30
pixelSizeInCmTemp: 3.1103896103896100e-01
faceCenterPointX: 295
faceCenterPointY: 47
LHandPositionsX: [ 410, 410, 411, 411, 410, 411, 408, 411, 409, 411, 409,
    411, 412, 412, 410, 410, 409, 411, 411, 410, 411, 409, 409, 410, 411,
    412, 411, 410, 408, 408, 410, 409, 408, 409, 411, 412, 409, 412, 409,
    410, 412, 409, 410, 411, 412, 409, 408, 410, 410, 411, 411, 410, 411,
    408, 410, 408, 412, 408, 411, 409, 410, 410, 412, 408, 409, 411, 409,
    409, 412, 411, 411, 409, 408, 410, 412, 409, 410, 410, 412, 412, 411,
    408, 408, 412, 412, 410, 409, 412, 409, 412, 410 ]
LHandPositionsY: [ 258, 257, 258, 258, 259, 261, 258, 259, 261, 258, 259,
    261, 261, 257, 258, 258, 261, 260, 257, 260, 258, 259, 258, 257, 260,
    259, 260, 259, 257, 261, 259, 260, 261, 257, 258, 259, 258, 258, 260,
    260, 260, 257, 257, 261, 257, 260, 258, 259, 258, 260, 258, 259, 257,
    258, 258, 258, 261, 260, 257, 260, 257, 261, 258, 257, 260, 257, 258,
    260, 259, 257, 258, 260, 258, 261, 257, 258, 260, 259, 260, 260, 258,
    260, 257, 257, 259, 259, 258, 258, 261, 260, 259 ]
RHandPositionsX: [ 174, 176, 176, 176, 175, 173, 173, 173, 175, 176, 175,
    172, 174, 173, 172, 172, 172, 173, 170, 171, 172, 174, 171, 177, 177,
    178, 183, 180, 174, 167, 148, 154, 153, 161, 162, 173, 188, 199, 191,
    183, 177, 173, 170, 167, 174, 179, 187, 181, 176, 175, 173, 167, 171,
    176, 179, 192, 182, 178, 172, 170, 169, 169, 175, 191, 193, 190, 184,
    181, 179, 179, 179, 177, 190, 192, 197, 190, 180, 173, 171, 173, 173,
    176, 182, 186, 188, 188, 184, 177, 180, 179, 178 ]
RHandPositionsY: [ 258, 262, 261, 260, 260, 262, 262, 258, 260, 258, 262,
    260, 262, 261, 260, 259, 260, 261, 261, 261, 259, 261, 262, 261, 259,
    250, 230, 208, 180, 156, 132, 129, 106, 94, 90, 90, 93, 95, 89, 86,
    82, 78, 77, 82, 84, 88, 82, 80, 77, 74, 72, 76, 80, 85, 84, 90, 88,
    86, 82, 82, 84, 85, 88, 92, 94, 91, 88, 87, 83, 82, 85, 88, 88, 91,
    90, 91, 90, 85, 85, 93, 113, 131, 157, 182, 202, 219, 227, 235, 244,
    249, 247 ]
