%YAML:1.0
---
videoName: "RHShake07.mp4"
gestureLabel: 2
fps: 29
pixelSizeInCmTemp: 3.2364864864864862e-01
faceCenterPointX: 292
faceCenterPointY: 44
LHandPositionsX: [ 311, 309, 307, 308, 308, 308, 306, 309, 308, 308, 309,
    311, 308, 312, 312, 310, 314, 312, 311, 314, 311, 314, 314, 311, 313,
    312, 313, 312, 313, 314, 313, 311, 312, 312, 315, 312, 315, 315, 315,
    316, 316, 315, 312, 312, 312, 312, 312, 314, 315, 316, 312, 315, 313,
    313, 316, 312, 312, 316, 313, 314, 312, 316, 313, 314, 315, 312, 313,
    314, 313, 315, 312, 313, 313, 315, 317, 317, 315, 317, 315, 312, 309,
    307, 311, 308, 308, 311, 311, 312 ]
LHandPositionsY: [ 268, 270, 270, 271, 268, 271, 268, 269, 273, 275, 270,
    270, 272, 272, 269, 272, 271, 269, 267, 271, 271, 269, 268, 268, 268,
    271, 270, 268, 269, 267, 270, 268, 270, 270, 269, 270, 268, 269, 268,
    271, 268, 270, 268, 267, 267, 267, 269, 271, 267, 269, 267, 268, 268,
    270, 268, 267, 268, 269, 268, 271, 268, 269, 269, 270, 267, 271, 268,
    271, 267, 269, 270, 268, 266, 269, 270, 269, 268, 270, 269, 272, 269,
    274, 272, 275, 272, 275, 272, 273 ]
RHandPositionsX: [ 263, 267, 264, 267, 265, 267, 265, 266, 263, 269, 268,
    264, 256, 238, 218, 196, 175, 163, 155, 153, 159, 153, 156, 158, 163,
    182, 190, 182, 175, 172, 168, 167, 181, 182, 186, 185, 183, 174, 170,
    167, 172, 176, 181, 182, 185, 183, 175, 173, 167, 163, 165, 185, 186,
    199, 194, 190, 181, 176, 170, 170, 167, 166, 173, 175, 174, 184, 177,
    177, 171, 168, 157, 168, 176, 196, 214, 231, 241, 257, 270, 278, 270,
    269, 271, 264, 263, 267, 264, 264 ]
RHandPositionsY: [ 255, 253, 253, 252, 254, 252, 252, 255, 253, 254, 250,
    243, 232, 216, 200, 183, 167, 155, 133, 130, 127, 112, 121, 126, 128,
    117, 101, 101, 91, 92, 87, 90, 107, 106, 101, 99, 95, 92, 92, 90, 89,
    92, 97, 100, 95, 97, 93, 91, 93, 84, 83, 91, 98, 102, 101, 94, 92,
    93, 93, 87, 89, 89, 92, 92, 91, 94, 88, 85, 90, 91, 93, 119, 136,
    149, 164, 188, 203, 229, 236, 242, 244, 247, 252, 254, 252, 253, 254,
    258 ]
