%YAML:1.0
---
videoName: "RHShake16.mp4"
gestureLabel: 2
fps: 29
pixelSizeInCmTemp: 3.2808219178082193e-01
faceCenterPointX: 281
faceCenterPointY: 44
LHandPositionsX: [ 369, 369, 373, 372, 369, 370, 371, 372, 371, 371, 371,
    371, 369, 370, 372, 369, 370, 370, 369, 371, 370, 371, 373, 370, 369,
    373, 373, 370, 372, 369, 372, 369, 371, 369, 372, 372, 372, 371, 373,
    373, 369, 373, 369, 369, 369, 373, 373, 371, 373, 372, 373, 372, 372,
    373, 370, 371, 369, 371, 373, 371, 373, 373, 369, 372, 373, 373, 370,
    370, 371, 372, 371, 372, 369, 370, 373, 369, 370, 369, 372, 369, 370,
    373, 369, 370, 373, 369, 372, 372 ]
LHandPositionsY: [ 234, 231, 234, 230, 234, 234, 234, 232, 230, 231, 234,
    233, 231, 232, 231, 231, 230, 234, 230, 231, 231, 234, 230, 231, 234,
    233, 230, 230, 231, 231, 232, 232, 234, 234, 232, 232, 232, 230, 232,
    232, 234, 232, 233, 234, 232, 231, 234, 233, 230, 232, 233, 231, 234,
    233, 233, 230, 230, 229, 230, 232, 229, 231, 230, 230, 231, 231, 229,
    233, 231, 230, 232, 232, 233, 230, 232, 230, 229, 230, 233, 233, 232,
    230, 233, 229, 233, 233, 229, 231 ]
RHandPositionsX: [ 167, 169, 168, 169, 168, 167, 171, 170, 168, 168, 171,
    171, 171, 170, 171, 169, 170, 170, 163, 154, 151, 147, 140, 129, 125,
    125, 117, 124, 123, 124, 125, 132, 136, 140, 144, 142, 136, 135, 137,
    137, 139, 142, 147, 152, 150, 146, 146, 147, 146, 148, 149, 151, 152,
    150, 150, 147, 146, 145, 149, 154, 155, 156, 154, 152, 156, 151, 147,
    150, 154, 163, 165, 169, 172, 178, 178, 172, 175, 173, 170, 169, 170,
    169, 170, 168, 169, 170, 168, 169 ]
RHandPositionsY: [ 265, 266, 265, 269, 265, 268, 268, 266, 265, 266, 269,
    269, 269, 267, 269, 266, 267, 263, 254, 242, 220, 200, 177, 160, 146,
    128, 117, 117, 108, 108, 105, 103, 98, 95, 94, 96, 93, 91, 90, 90,
    87, 89, 91, 89, 87, 85, 86, 87, 87, 89, 90, 90, 86, 89, 89, 85, 87,
    85, 86, 89, 90, 90, 91, 89, 90, 88, 92, 94, 102, 121, 133, 148, 162,
    173, 184, 191, 197, 203, 213, 216, 225, 225, 226, 231, 238, 237, 236,
    239 ]
