%YAML:1.0
---
videoName: "RHShake14.mp4"
gestureLabel: 2
fps: 30
pixelSizeInCmTemp: 3.2808219178082193e-01
faceCenterPointX: 277
faceCenterPointY: 42
LHandPositionsX: [ 379, 378, 376, 377, 378, 378, 377, 378, 375, 375, 375,
    377, 375, 376, 377, 377, 373, 373, 374, 374, 375, 375, 374, 372, 372,
    373, 373, 372, 373, 374, 375, 375, 373, 374, 373, 374, 376, 372, 373,
    372, 372, 372, 375, 373, 375, 375, 376, 375, 376, 373, 372, 375, 372,
    375, 373, 374, 374, 375, 376, 373, 373, 373, 376, 373, 374, 373, 372,
    375, 373, 373, 375, 373, 372, 374, 374, 373, 376, 375, 376, 372, 376,
    375, 374, 374, 376, 372, 374, 372, 372, 373, 374 ]
LHandPositionsY: [ 229, 233, 230, 230, 229, 229, 229, 229, 232, 233, 233,
    231, 232, 230, 232, 232, 232, 233, 233, 232, 233, 232, 233, 232, 231,
    229, 230, 230, 233, 230, 229, 230, 231, 233, 230, 233, 231, 230, 231,
    233, 229, 233, 231, 231, 233, 233, 231, 233, 233, 233, 229, 232, 231,
    229, 231, 230, 229, 231, 230, 232, 232, 233, 231, 233, 230, 230, 233,
    231, 230, 229, 230, 232, 232, 231, 230, 229, 231, 231, 229, 232, 232,
    231, 233, 231, 229, 231, 230, 232, 233, 233, 229 ]
RHandPositionsX: [ 172, 171, 174, 173, 173, 174, 172, 171, 173, 174, 171,
    174, 173, 172, 173, 172, 172, 170, 172, 174, 170, 173, 170, 170, 170,
    170, 167, 167, 161, 149, 134, 128, 123, 114, 118, 121, 126, 130, 135,
    139, 144, 148, 143, 143, 147, 148, 148, 151, 157, 160, 160, 158, 155,
    151, 156, 157, 163, 169, 168, 161, 158, 154, 159, 156, 158, 164, 166,
    171, 172, 179, 180, 178, 177, 181, 173, 174, 176, 177, 173, 171, 173,
    171, 171, 173, 171, 171, 171, 170, 170, 174, 174 ]
RHandPositionsY: [ 239, 243, 242, 239, 242, 242, 241, 240, 242, 242, 242,
    239, 243, 242, 239, 243, 242, 241, 239, 242, 242, 239, 242, 241, 240,
    244, 244, 235, 213, 197, 173, 155, 133, 115, 113, 107, 105, 108, 112,
    117, 118, 107, 97, 93, 89, 88, 84, 85, 82, 83, 81, 76, 78, 77, 77,
    76, 81, 82, 78, 79, 78, 76, 78, 78, 79, 80, 84, 104, 119, 133, 147,
    158, 169, 183, 193, 196, 198, 202, 210, 215, 219, 221, 223, 227, 232,
    231, 233, 233, 237, 236, 234 ]
