%YAML:1.0
---
videoName: "RHShake12.mp4"
gestureLabel: 2
fps: 29
pixelSizeInCmTemp: 3.3732394366197183e-01
faceCenterPointX: 299
faceCenterPointY: 45
LHandPositionsX: [ 407, 404, 404, 407, 405, 404, 406, 407, 405, 408, 406,
    405, 406, 408, 408, 404, 406, 406, 404, 408, 407, 406, 406, 408, 408,
    406, 406, 407, 408, 408, 404, 405, 406, 406, 408, 406, 408, 404, 405,
    406, 405, 406, 406, 408, 404, 405, 407, 405, 404, 407, 407, 406, 407,
    405, 404, 404, 406, 407, 404, 404, 405, 405, 406, 405, 408, 408, 407,
    406, 404, 405, 405, 408, 407, 408, 406, 404, 404, 404, 405, 407, 407,
    407, 407, 405, 408, 406, 406, 404 ]
LHandPositionsY: [ 242, 239, 243, 242, 241, 242, 243, 240, 243, 241, 243,
    242, 240, 239, 242, 239, 243, 241, 240, 242, 242, 243, 243, 239, 243,
    241, 239, 243, 241, 240, 239, 241, 243, 239, 243, 240, 242, 242, 239,
    242, 242, 239, 240, 243, 239, 242, 242, 240, 240, 240, 241, 243, 240,
    240, 240, 239, 240, 241, 240, 243, 240, 240, 240, 241, 240, 240, 243,
    239, 243, 242, 242, 243, 239, 241, 243, 239, 240, 239, 243, 242, 241,
    243, 239, 240, 241, 243, 242, 240 ]
RHandPositionsX: [ 171, 165, 160, 161, 162, 173, 182, 191, 192, 197, 194,
    181, 177, 170, 172, 170, 173, 178, 188, 188, 190, 184, 178, 176, 167,
    165, 168, 174, 185, 195, 190, 193, 183, 178, 178, 176, 171, 172, 179,
    191, 195, 194, 187, 178, 174, 174, 173, 173, 182, 193, 190, 195, 197,
    191, 186, 179, 176, 178, 171, 177, 179, 193, 201, 202, 204, 201, 197,
    188, 189, 187, 187, 183, 189, 191, 196, 200, 200, 199, 203, 204, 198,
    198, 200, 196, 198, 197, 198, 200 ]
RHandPositionsY: [ 139, 128, 119, 111, 107, 92, 97, 106, 107, 111, 101,
    95, 93, 89, 87, 85, 85, 88, 100, 103, 106, 96, 92, 88, 87, 83, 84,
    92, 100, 111, 109, 107, 100, 98, 95, 96, 88, 89, 95, 112, 116, 117,
    104, 101, 95, 94, 88, 86, 94, 110, 113, 112, 113, 102, 92, 89, 89,
    88, 87, 88, 95, 109, 122, 121, 122, 117, 113, 108, 113, 112, 118,
    123, 137, 149, 158, 162, 166, 175, 187, 196, 203, 211, 217, 218, 223,
    228, 229, 230 ]
