%YAML:1.0
---
videoName: "RHShake10.mp4"
gestureLabel: 2
fps: 29
pixelSizeInCmTemp: 3.1933333333333330e-01
faceCenterPointX: 295
faceCenterPointY: 45
LHandPositionsX: [ 340, 340, 343, 341, 341, 341, 338, 333, 331, 333, 332,
    330, 330, 330, 329, 325, 325, 327, 326, 328, 330, 326, 328, 328, 328,
    328, 326, 330, 328, 326, 326, 329, 330, 327, 326, 329, 328, 326, 327,
    329, 327, 328, 328, 326, 327, 329, 330, 330, 328, 326, 326, 327, 328,
    327, 327, 329, 327, 328, 329, 327, 328, 327, 329, 329, 326, 329, 330,
    330, 326, 327, 328, 326, 330, 330, 330, 329, 327, 328, 327, 330, 330,
    330, 327, 327, 330, 331, 327, 326 ]
LHandPositionsY: [ 266, 264, 266, 268, 267, 269, 267, 268, 267, 271, 270,
    271, 271, 271, 272, 274, 271, 273, 273, 270, 273, 270, 273, 273, 270,
    271, 270, 274, 270, 269, 269, 273, 273, 271, 271, 269, 268, 269, 271,
    272, 270, 270, 271, 272, 268, 272, 270, 272, 269, 269, 270, 272, 271,
    272, 268, 269, 268, 272, 271, 271, 270, 272, 270, 269, 272, 272, 272,
    271, 270, 269, 268, 270, 271, 267, 271, 269, 267, 268, 267, 270, 268,
    269, 268, 271, 268, 270, 270, 269 ]
RHandPositionsX: [ 259, 261, 264, 261, 262, 261, 260, 263, 257, 257, 261,
    258, 260, 258, 262, 260, 260, 255, 261, 253, 238, 223, 200, 183, 169,
    155, 135, 139, 139, 135, 144, 151, 155, 162, 166, 163, 157, 160, 160,
    157, 163, 170, 181, 180, 177, 175, 174, 170, 172, 168, 174, 185, 192,
    197, 190, 180, 178, 176, 175, 182, 182, 191, 190, 191, 188, 183, 178,
    175, 173, 180, 175, 190, 198, 204, 213, 219, 225, 231, 234, 244, 252,
    253, 250, 260, 264, 261, 259, 263 ]
RHandPositionsY: [ 268, 265, 266, 264, 267, 263, 265, 266, 264, 265, 268,
    267, 268, 266, 265, 269, 266, 265, 264, 258, 242, 230, 212, 193, 173,
    151, 131, 117, 115, 100, 87, 87, 86, 89, 87, 82, 82, 76, 76, 76, 81,
    81, 87, 84, 84, 79, 78, 78, 75, 79, 86, 89, 91, 94, 89, 84, 83, 82,
    82, 82, 91, 91, 94, 93, 91, 90, 85, 83, 81, 86, 96, 107, 127, 146,
    162, 180, 198, 213, 226, 245, 256, 256, 257, 264, 266, 266, 266, 270 ]
