%YAML:1.0
---
videoName: "RHShake13.mp4"
gestureLabel: 2
fps: 30
pixelSizeInCmTemp: 3.2808219178082193e-01
faceCenterPointX: 278
faceCenterPointY: 45
LHandPositionsX: [ 309, 309, 306, 308, 308, 305, 305, 305, 308, 306, 305,
    306, 309, 309, 305, 305, 309, 308, 306, 307, 308, 308, 308, 305, 309,
    308, 306, 307, 306, 306, 305, 308, 308, 308, 306, 307, 309, 307, 309,
    307, 307, 307, 305, 307, 307, 308, 309, 305, 306, 309, 307, 308, 308,
    305, 307, 306, 306, 309, 308, 306, 305, 309, 307, 308, 305, 306, 306,
    308, 307, 308, 305, 307, 310, 309, 307, 306, 306, 308, 309, 305, 302,
    301, 305, 303, 303, 305, 307, 307, 304, 304, 306 ]
LHandPositionsY: [ 243, 243, 246, 242, 245, 244, 241, 242, 245, 245, 245,
    241, 244, 242, 242, 240, 243, 240, 242, 243, 240, 240, 241, 239, 242,
    241, 243, 241, 240, 242, 243, 243, 239, 239, 242, 240, 243, 239, 242,
    239, 242, 241, 241, 241, 238, 239, 241, 241, 241, 242, 238, 240, 239,
    238, 239, 241, 240, 240, 238, 241, 240, 238, 240, 242, 240, 239, 239,
    239, 242, 242, 239, 239, 241, 239, 236, 235, 233, 232, 235, 233, 233,
    235, 236, 239, 237, 241, 241, 246, 247, 245, 245 ]
RHandPositionsX: [ 166, 153, 140, 138, 144, 142, 145, 140, 148, 150, 148,
    145, 140, 138, 137, 137, 141, 142, 146, 145, 139, 132, 131, 132, 132,
    135, 135, 140, 141, 135, 137, 130, 127, 129, 131, 136, 134, 135, 134,
    135, 136, 133, 134, 132, 139, 146, 148, 147, 149, 147, 144, 140, 135,
    140, 140, 141, 140, 141, 144, 138, 133, 132, 132, 134, 137, 141, 143,
    147, 154, 161, 170, 177, 187, 198, 214, 225, 238, 246, 253, 251, 251,
    255, 258, 260, 260, 260, 259, 258, 257, 261, 259 ]
RHandPositionsY: [ 156, 139, 118, 118, 116, 109, 103, 103, 96, 96, 90,
    91, 90, 89, 85, 87, 85, 87, 90, 85, 87, 87, 86, 84, 86, 86, 90, 88,
    92, 89, 91, 91, 89, 87, 92, 90, 90, 94, 91, 91, 92, 92, 87, 87, 89,
    93, 96, 94, 93, 95, 94, 94, 95, 96, 95, 100, 100, 100, 100, 97, 97,
    95, 94, 98, 102, 105, 108, 108, 120, 126, 134, 144, 154, 165, 179,
    186, 196, 209, 217, 217, 219, 222, 230, 233, 235, 239, 241, 238, 237,
    242, 241 ]
