%YAML:1.0
---
videoName: "RHShake17.mp4"
gestureLabel: 2
fps: 29
pixelSizeInCmTemp: 3.3732394366197183e-01
faceCenterPointX: 282
faceCenterPointY: 40
LHandPositionsX: [ 308, 306, 309, 306, 306, 305, 306, 305, 306, 308, 305,
    308, 308, 307, 306, 305, 305, 307, 308, 306, 309, 308, 305, 308, 308,
    307, 306, 307, 308, 306, 309, 306, 308, 306, 305, 306, 308, 309, 307,
    307, 310, 308, 309, 308, 307, 310, 309, 307, 307, 309, 308, 308, 311,
    310, 310, 310, 310, 310, 307, 310, 311, 307, 310, 308, 308, 309, 310,
    310, 307, 307, 308, 307, 307, 306, 310, 310, 307, 308, 309, 309, 308,
    308, 308, 306, 307, 309, 305, 306 ]
LHandPositionsY: [ 233, 232, 234, 232, 235, 235, 231, 233, 235, 232, 232,
    235, 233, 232, 232, 234, 234, 231, 234, 232, 231, 231, 234, 234, 234,
    234, 234, 235, 235, 231, 234, 234, 232, 231, 232, 231, 231, 233, 234,
    233, 234, 232, 232, 235, 232, 234, 232, 234, 232, 235, 234, 233, 233,
    234, 233, 235, 235, 232, 235, 232, 234, 231, 233, 235, 233, 233, 234,
    234, 231, 232, 233, 234, 232, 233, 233, 233, 235, 234, 233, 231, 231,
    234, 232, 232, 231, 233, 235, 233 ]
RHandPositionsX: [ 211, 194, 176, 162, 141, 142, 143, 145, 144, 141, 146,
    152, 156, 152, 148, 146, 143, 144, 144, 144, 163, 158, 158, 151, 149,
    145, 148, 142, 145, 155, 154, 159, 160, 155, 149, 145, 143, 142, 138,
    156, 154, 155, 153, 160, 152, 150, 147, 154, 156, 159, 173, 171, 166,
    165, 160, 159, 148, 151, 145, 149, 155, 162, 172, 175, 176, 177, 175,
    175, 171, 170, 173, 172, 170, 167, 169, 168, 171, 172, 170, 169, 167,
    171, 170, 167, 168, 167, 168, 170 ]
RHandPositionsY: [ 201, 187, 169, 147, 129, 109, 107, 104, 94, 91, 98,
    89, 81, 79, 76, 71, 69, 68, 71, 72, 77, 76, 75, 69, 70, 68, 67, 68,
    68, 69, 70, 66, 66, 68, 65, 64, 63, 63, 69, 83, 80, 79, 82, 78, 78,
    74, 74, 72, 71, 76, 90, 91, 84, 84, 81, 78, 77, 79, 76, 82, 91, 105,
    119, 133, 149, 160, 170, 182, 189, 195, 206, 217, 220, 231, 234, 235,
    239, 240, 241, 239, 241, 242, 244, 244, 244, 243, 245, 246 ]
