%YAML:1.0
---
videoName: "RHShake02.mp4"
gestureLabel: 2
fps: 29
pixelSizeInCmTemp: 3.1933333333333330e-01
faceCenterPointX: 291
faceCenterPointY: 51
LHandPositionsX: [ 407, 406, 405, 409, 406, 408, 409, 406, 406, 408, 406,
    405, 406, 405, 409, 406, 405, 405, 404, 407, 405, 404, 407, 408, 405,
    405, 403, 405, 403, 403, 406, 404, 405, 405, 403, 405, 403, 403, 402,
    404, 401, 400, 404, 400, 400, 402, 399, 398, 399, 402, 399, 401, 401,
    397, 401, 398, 399, 397, 398, 398, 396, 396, 399, 399, 399, 399, 397,
    399, 397, 398, 399, 397, 396, 395, 398, 397, 398, 399, 395, 396, 398,
    398, 397, 396, 396, 396, 399, 395 ]
LHandPositionsY: [ 261, 265, 263, 261, 262, 262, 262, 261, 263, 261, 262,
    263, 263, 264, 261, 262, 261, 262, 261, 262, 262, 262, 260, 263, 260,
    260, 263, 260, 263, 264, 264, 261, 260, 260, 260, 264, 260, 261, 261,
    263, 263, 264, 262, 260, 264, 264, 264, 264, 260, 260, 262, 261, 262,
    261, 264, 261, 260, 263, 262, 263, 263, 262, 263, 264, 263, 260, 263,
    264, 263, 264, 261, 261, 261, 261, 261, 260, 260, 264, 260, 261, 264,
    260, 263, 261, 261, 262, 263, 261 ]
RHandPositionsX: [ 172, 171, 171, 175, 170, 172, 172, 174, 172, 171, 170,
    172, 173, 173, 170, 173, 172, 172, 172, 172, 173, 170, 170, 171, 171,
    173, 173, 176, 177, 172, 165, 160, 160, 156, 150, 154, 161, 176, 181,
    179, 183, 175, 170, 164, 159, 161, 162, 170, 178, 182, 193, 185, 185,
    176, 166, 168, 165, 164, 173, 184, 181, 183, 179, 176, 175, 169, 169,
    169, 169, 177, 185, 192, 196, 203, 197, 197, 194, 182, 187, 183, 179,
    179, 179, 174, 178, 176, 175, 173 ]
RHandPositionsY: [ 263, 263, 264, 265, 263, 264, 263, 263, 266, 267, 267,
    267, 264, 267, 264, 263, 265, 264, 263, 266, 264, 266, 266, 265, 267,
    270, 266, 247, 230, 209, 187, 168, 144, 122, 112, 99, 96, 93, 97, 98,
    95, 94, 90, 91, 87, 86, 88, 92, 98, 98, 97, 97, 93, 88, 85, 88, 87,
    90, 94, 100, 99, 99, 99, 96, 94, 91, 93, 93, 93, 99, 103, 119, 128,
    141, 157, 177, 192, 211, 225, 232, 237, 243, 243, 249, 250, 250, 255,
    255 ]
