%YAML:1.0
---
videoName: "RHShake18.mp4"
gestureLabel: 2
fps: 30
pixelSizeInCmTemp: 3.3732394366197183e-01
faceCenterPointX: 275
faceCenterPointY: 40
LHandPositionsX: [ 378, 377, 375, 376, 377, 378, 378, 375, 375, 375, 377,
    377, 376, 376, 376, 379, 376, 378, 376, 377, 375, 378, 377, 376, 378,
    377, 377, 378, 378, 376, 377, 377, 376, 377, 379, 379, 379, 377, 375,
    375, 377, 377, 375, 378, 379, 379, 376, 374, 375, 372, 373, 368, 365,
    360, 354, 348, 337, 335, 322, 314, 303, 298, 298, 301, 297, 290, 289,
    291, 294, 296, 294, 289, 291, 290, 291, 293, 290, 288, 290, 287, 290,
    291, 286, 287, 287, 288, 286, 289, 288, 285, 286 ]
LHandPositionsY: [ 232, 229, 231, 231, 229, 229, 229, 231, 229, 230, 230,
    229, 231, 231, 231, 232, 230, 231, 231, 230, 231, 229, 233, 232, 233,
    230, 231, 229, 232, 229, 233, 230, 230, 233, 230, 230, 232, 233, 230,
    233, 230, 230, 231, 231, 233, 233, 231, 233, 229, 231, 232, 236, 238,
    237, 237, 236, 232, 235, 228, 228, 232, 232, 232, 230, 233, 234, 234,
    236, 236, 241, 241, 240, 240, 243, 240, 242, 243, 242, 242, 243, 241,
    241, 243, 243, 243, 242, 241, 241, 239, 241, 242 ]
RHandPositionsX: [ 159, 154, 151, 149, 148, 151, 151, 160, 163, 165, 163,
    164, 154, 152, 152, 150, 157, 162, 168, 170, 167, 163, 160, 159, 157,
    158, 156, 163, 165, 168, 163, 160, 159, 156, 155, 163, 175, 174, 174,
    169, 166, 158, 158, 155, 160, 167, 170, 180, 191, 201, 209, 218, 233,
    241, 255, 262, 270, 259, 250, 247, 247, 241, 240, 240, 237, 234, 235,
    235, 235, 235, 238, 239, 237, 240, 238, 236, 239, 237, 236, 239, 236,
    237, 240, 236, 240, 238, 239, 236, 239, 239, 238 ]
RHandPositionsY: [ 73, 72, 67, 71, 69, 65, 68, 68, 72, 74, 71, 69, 70,
    68, 67, 70, 68, 69, 70, 74, 73, 69, 68, 66, 68, 70, 69, 77, 80, 77,
    75, 75, 73, 74, 73, 79, 93, 89, 94, 89, 88, 88, 87, 83, 84, 86, 100,
    104, 110, 122, 134, 142, 153, 162, 175, 180, 190, 192, 196, 199, 201,
    207, 208, 213, 213, 213, 220, 218, 221, 225, 230, 228, 228, 227, 225,
    224, 224, 225, 226, 228, 225, 225, 225, 226, 224, 226, 225, 224, 228,
    225, 228 ]
