%YAML:1.0
---
videoName: "RHShake01.mp4"
gestureLabel: 2
fps: 29
pixelSizeInCmTemp: 3.1513157894736843e-01
faceCenterPointX: 292
faceCenterPointY: 51
LHandPositionsX: [ 394, 395, 394, 395, 395, 395, 393, 394, 395, 392, 395,
    394, 393, 392, 394, 391, 394, 394, 392, 391, 391, 393, 393, 393, 394,
    391, 392, 391, 395, 394, 392, 392, 393, 395, 392, 392, 392, 395, 391,
    394, 395, 395, 394, 394, 392, 395, 393, 392, 393, 394, 394, 391, 394,
    392, 391, 393, 392, 395, 393, 391, 392, 393, 392, 395, 391, 393, 395,
    393, 393, 395, 394, 392, 391, 395, 394, 392, 391, 392, 395, 394, 393,
    393, 393, 391, 391, 393, 395, 395 ]
LHandPositionsY: [ 254, 257, 256, 257, 255, 257, 254, 256, 257, 253, 255,
    253, 257, 256, 257, 254, 254, 253, 255, 254, 255, 255, 254, 257, 253,
    256, 256, 256, 257, 254, 253, 254, 253, 256, 253, 254, 253, 256, 257,
    255, 255, 253, 257, 254, 256, 256, 257, 255, 254, 257, 253, 256, 257,
    257, 256, 254, 257, 256, 254, 253, 256, 255, 257, 256, 253, 254, 255,
    257, 253, 255, 255, 256, 257, 253, 253, 255, 257, 257, 256, 253, 257,
    257, 257, 257, 255, 257, 253, 253 ]
RHandPositionsX: [ 169, 168, 170, 170, 169, 171, 171, 171, 169, 170, 170,
    167, 171, 167, 167, 171, 167, 170, 168, 171, 171, 168, 169, 172, 171,
    170, 170, 177, 176, 170, 163, 161, 156, 154, 155, 161, 171, 180, 194,
    191, 189, 185, 183, 175, 176, 172, 176, 187, 193, 196, 189, 190, 184,
    179, 178, 181, 178, 186, 184, 191, 193, 193, 196, 185, 182, 176, 177,
    180, 188, 191, 194, 198, 199, 198, 191, 189, 190, 188, 186, 181, 178,
    178, 176, 171, 171, 172, 173, 176 ]
RHandPositionsY: [ 280, 276, 277, 278, 278, 278, 276, 278, 276, 279, 277,
    277, 280, 279, 276, 280, 279, 280, 279, 279, 279, 276, 278, 277, 279,
    273, 265, 244, 229, 209, 186, 167, 151, 132, 128, 116, 108, 106, 111,
    112, 108, 105, 103, 97, 98, 98, 99, 97, 102, 100, 98, 97, 97, 92, 95,
    94, 97, 100, 98, 100, 103, 98, 98, 96, 96, 94, 95, 98, 100, 107, 112,
    122, 133, 145, 158, 177, 191, 202, 205, 210, 219, 226, 232, 243, 241,
    245, 245, 249 ]
