%YAML:1.0
---
videoName: "RHShake16.mp4"
gestureLabel: 2
fps: 29
pixelSizeInCmTemp: 3.2808219178082193e-01
faceCenterPointX: 281
faceCenterPointY: 44
LHandPositionsX: [ 373, 373, 369, 373, 369, 372, 373, 372, 371, 370, 373,
    372, 371, 370, 373, 369, 373, 370, 372, 372, 369, 373, 370, 370, 370,
    371, 369, 371, 369, 372, 369, 371, 372, 373, 370, 369, 370, 371, 370,
    371, 373, 372, 371, 373, 372, 372, 372, 370, 372, 373, 372, 373, 373,
    370, 372, 370, 369, 370, 372, 373, 372, 371, 371, 371, 371, 371, 370,
    369, 369, 369, 370, 372, 369, 370, 370, 370, 369, 370, 370, 369, 370,
    371, 370, 372, 372, 370, 373, 370 ]
LHandPositionsY: [ 234, 233, 233, 234, 232, 232, 232, 230, 230, 234, 231,
    232, 231, 233, 231, 231, 231, 234, 232, 233, 233, 230, 233, 234, 233,
    231, 233, 232, 231, 230, 230, 230, 230, 234, 232, 232, 232, 234, 230,
    230, 232, 233, 233, 231, 231, 234, 230, 230, 234, 231, 231, 233, 231,
    232, 231, 230, 230, 231, 233, 232, 230, 232, 230, 230, 229, 233, 230,
    229, 230, 231, 229, 232, 231, 231, 230, 231, 230, 232, 229, 229, 233,
    232, 229, 233, 230, 232, 230, 230 ]
RHandPositionsX: [ 168, 168, 168, 167, 170, 169, 167, 170, 167, 170, 170,
    171, 168, 170, 168, 171, 167, 166, 164, 153, 152, 150, 136, 133, 128,
    122, 117, 122, 125, 123, 129, 132, 137, 140, 144, 140, 138, 135, 136,
    137, 141, 146, 149, 150, 149, 147, 147, 150, 146, 148, 150, 151, 153,
    148, 150, 148, 149, 146, 147, 154, 153, 158, 154, 155, 155, 153, 148,
    150, 151, 161, 165, 169, 176, 177, 177, 173, 175, 173, 170, 169, 172,
    172, 169, 168, 169, 168, 171, 168 ]
RHandPositionsY: [ 269, 265, 269, 269, 269, 267, 267, 265, 266, 268, 268,
    265, 266, 269, 269, 268, 267, 264, 257, 245, 220, 200, 178, 161, 143,
    128, 116, 117, 109, 108, 107, 103, 98, 96, 94, 96, 94, 89, 91, 89,
    91, 92, 91, 90, 90, 86, 88, 88, 89, 87, 89, 86, 87, 88, 89, 84, 84,
    86, 87, 87, 91, 88, 89, 87, 89, 89, 91, 95, 104, 121, 132, 146, 159,
    171, 186, 192, 194, 204, 212, 217, 222, 225, 225, 233, 237, 237, 236,
    238 ]
