%YAML:1.0
---
videoName: "RHShake04.mp4"
gestureLabel: 2
fps: 29
pixelSizeInCmTemp: 3.1513157894736843e-01
faceCenterPointX: 292
faceCenterPointY: 47
LHandPositionsX: [ 409, 409, 409, 412, 413, 413, 412, 412, 408, 412, 410,
    412, 412, 408, 411, 409, 412, 412, 408, 410, 411, 409, 407, 409, 406,
    410, 406, 406, 405, 409, 406, 407, 408, 405, 408, 405, 407, 407, 408,
    407, 409, 407, 405, 405, 407, 407, 408, 408, 406, 405, 406, 405, 407,
    408, 407, 405, 405, 409, 405, 409, 407, 407, 404, 404, 404, 406, 405,
    403, 405, 405, 403, 405, 402, 404, 403, 402, 406, 404, 404, 405, 404,
    405, 404, 401, 403, 403, 404, 405 ]
LHandPositionsY: [ 266, 262, 263, 265, 265, 262, 265, 263, 262, 265, 264,
    262, 263, 262, 264, 264, 265, 261, 262, 260, 261, 261, 260, 262, 261,
    264, 262, 261, 264, 261, 262, 263, 264, 264, 264, 262, 261, 262, 264,
    264, 261, 263, 261, 262, 260, 263, 264, 264, 260, 262, 262, 260, 263,
    262, 263, 262, 262, 264, 262, 263, 262, 260, 259, 260, 263, 262, 261,
    258, 261, 260, 261, 258, 260, 261, 261, 260, 258, 258, 262, 258, 259,
    259, 258, 260, 261, 261, 259, 260 ]
RHandPositionsX: [ 181, 182, 182, 180, 179, 181, 178, 178, 178, 180, 177,
    179, 181, 177, 177, 177, 179, 176, 175, 178, 179, 179, 178, 184, 182,
    176, 170, 163, 164, 166, 162, 164, 179, 186, 191, 192, 189, 179, 172,
    170, 168, 167, 170, 175, 180, 177, 179, 176, 169, 165, 168, 168, 177,
    178, 179, 176, 175, 173, 167, 172, 169, 177, 176, 185, 195, 188, 184,
    178, 172, 175, 168, 169, 170, 178, 184, 189, 192, 192, 191, 188, 187,
    189, 185, 181, 177, 176, 177, 176 ]
RHandPositionsY: [ 266, 264, 266, 268, 263, 266, 267, 265, 264, 269, 264,
    265, 266, 267, 270, 268, 270, 268, 269, 268, 269, 270, 267, 245, 224,
    197, 171, 149, 123, 122, 117, 103, 100, 100, 105, 100, 99, 93, 92,
    92, 90, 89, 94, 94, 96, 98, 93, 95, 96, 94, 91, 94, 99, 97, 98, 95,
    97, 94, 93, 89, 94, 96, 98, 95, 96, 96, 97, 94, 95, 93, 95, 95, 98,
    106, 121, 133, 141, 153, 164, 178, 197, 210, 223, 229, 238, 244, 249,
    251 ]
