%YAML:1.0
---
videoName: "RHShake15.mp4"
gestureLabel: 2
fps: 29
pixelSizeInCmTemp: 3.2808219178082193e-01
faceCenterPointX: 279
faceCenterPointY: 41
LHandPositionsX: [ 370, 368, 369, 372, 370, 370, 368, 368, 369, 371, 371,
    372, 368, 372, 372, 368, 372, 368, 369, 369, 371, 371, 371, 369, 368,
    368, 368, 372, 370, 370, 369, 371, 369, 371, 372, 368, 368, 371, 372,
    370, 370, 369, 370, 368, 370, 371, 370, 368, 370, 370, 371, 368, 371,
    371, 369, 368, 372, 372, 372, 369, 368, 371, 370, 370, 368, 372, 371,
    369, 369, 369, 368, 370, 372, 370, 368, 368, 368, 372, 372, 372, 369,
    369, 368, 369, 372, 370, 371, 371 ]
LHandPositionsY: [ 235, 235, 233, 234, 235, 233, 236, 236, 234, 234, 234,
    235, 234, 234, 235, 234, 235, 234, 236, 234, 236, 235, 232, 234, 233,
    233, 232, 234, 232, 236, 235, 234, 233, 232, 234, 232, 236, 236, 236,
    234, 233, 235, 233, 235, 234, 233, 235, 235, 233, 235, 232, 235, 234,
    231, 235, 232, 235, 233, 233, 231, 231, 231, 232, 234, 234, 233, 233,
    234, 234, 233, 234, 235, 234, 235, 231, 231, 233, 231, 233, 231, 232,
    231, 234, 235, 233, 235, 234, 234 ]
RHandPositionsX: [ 137, 126, 113, 112, 113, 109, 106, 106, 109, 108, 114,
    117, 113, 114, 108, 111, 115, 108, 109, 110, 112, 119, 116, 111, 110,
    108, 108, 108, 106, 107, 115, 116, 117, 117, 113, 111, 109, 113, 110,
    116, 110, 111, 117, 117, 121, 123, 119, 123, 124, 121, 119, 120, 123,
    125, 126, 128, 126, 127, 120, 122, 122, 125, 128, 133, 137, 142, 140,
    139, 141, 142, 142, 150, 151, 152, 157, 155, 159, 159, 158, 159, 158,
    160, 158, 161, 157, 160, 160, 160 ]
RHandPositionsY: [ 189, 171, 157, 144, 143, 140, 133, 127, 119, 115, 112,
    105, 105, 97, 95, 98, 95, 96, 92, 95, 94, 94, 95, 94, 95, 95, 94, 93,
    96, 98, 97, 102, 106, 104, 100, 103, 104, 101, 101, 102, 103, 105,
    111, 113, 107, 107, 104, 103, 104, 106, 107, 107, 111, 115, 118, 115,
    111, 113, 112, 110, 110, 121, 125, 138, 148, 166, 172, 180, 192, 201,
    210, 221, 229, 235, 241, 239, 248, 245, 247, 249, 247, 248, 249, 248,
    245, 249, 245, 249 ]
