%YAML:1.0
---
videoName: "RHShake09.mp4"
gestureLabel: 2
fps: 29
pixelSizeInCmTemp: 3.1103896103896100e-01
faceCenterPointX: 296
faceCenterPointY: 48
LHandPositionsX: [ 327, 326, 323, 324, 324, 322, 323, 322, 318, 315, 316,
    315, 312, 313, 311, 309, 312, 310, 312, 308, 308, 308, 306, 308, 305,
    305, 307, 305, 306, 307, 307, 306, 311, 310, 307, 310, 307, 309, 310,
    310, 311, 311, 307, 310, 311, 309, 309, 312, 312, 312, 310, 315, 312,
    312, 315, 316, 315, 312, 314, 314, 315, 316, 314, 317, 313, 313, 315,
    314, 317, 314, 318, 315, 314, 318, 313, 316, 313, 318, 316, 314, 317,
    314, 318, 314, 315, 317, 318, 315 ]
LHandPositionsY: [ 269, 268, 267, 270, 267, 267, 269, 270, 270, 273, 271,
    272, 272, 276, 275, 273, 273, 275, 272, 273, 274, 273, 276, 276, 276,
    275, 274, 274, 277, 275, 275, 277, 275, 273, 273, 274, 275, 275, 276,
    274, 274, 274, 275, 277, 274, 276, 277, 277, 273, 277, 274, 277, 274,
    277, 273, 275, 276, 274, 272, 275, 273, 276, 274, 274, 275, 272, 273,
    275, 273, 276, 275, 276, 272, 273, 275, 274, 275, 274, 275, 273, 272,
    276, 273, 274, 275, 275, 272, 271 ]
RHandPositionsX: [ 262, 266, 265, 265, 263, 265, 264, 263, 261, 263, 262,
    259, 259, 260, 261, 260, 259, 259, 257, 255, 255, 257, 258, 256, 257,
    256, 256, 256, 254, 255, 264, 263, 254, 242, 223, 203, 187, 175, 171,
    172, 172, 173, 180, 184, 185, 185, 182, 179, 180, 177, 189, 187, 189,
    201, 193, 184, 180, 178, 179, 188, 185, 182, 194, 191, 188, 184, 178,
    172, 174, 181, 181, 189, 186, 182, 180, 180, 179, 180, 184, 191, 192,
    194, 199, 204, 208, 218, 229, 239 ]
RHandPositionsY: [ 263, 266, 262, 266, 264, 266, 267, 267, 264, 268, 265,
    269, 265, 266, 266, 266, 266, 268, 265, 269, 268, 266, 266, 266, 265,
    265, 267, 267, 268, 267, 270, 259, 245, 231, 213, 198, 176, 156, 139,
    132, 118, 108, 104, 110, 107, 102, 97, 88, 88, 90, 89, 95, 97, 98,
    92, 93, 89, 87, 85, 88, 93, 95, 99, 95, 90, 84, 86, 89, 92, 96, 99,
    96, 97, 92, 92, 90, 90, 93, 98, 107, 105, 107, 121, 131, 142, 152,
    169, 185 ]
