%YAML:1.0
---
videoName: "RHShake20.mp4"
gestureLabel: 2
fps: 29
pixelSizeInCmTemp: 3.3263888888888887e-01
faceCenterPointX: 286
faceCenterPointY: 45
LHandPositionsX: [ 394, 390, 392, 392, 392, 392, 392, 394, 391, 393, 393,
    390, 393, 391, 391, 393, 391, 394, 392, 393, 391, 394, 390, 392, 393,
    393, 392, 390, 394, 392, 390, 393, 394, 391, 394, 391, 394, 391, 393,
    392, 393, 390, 390, 391, 394, 394, 394, 393, 393, 393, 390, 392, 390,
    393, 394, 391, 390, 391, 391, 394, 390, 394, 393, 393, 394, 394, 392,
    390, 391, 393, 392, 394, 394, 390, 394, 394, 394, 394, 390, 393, 394,
    393, 394, 393, 394, 394, 393, 391 ]
LHandPositionsY: [ 243, 244, 245, 243, 243, 242, 242, 245, 244, 241, 241,
    243, 242, 239, 239, 240, 242, 243, 242, 243, 239, 242, 239, 239, 243,
    239, 240, 241, 241, 240, 241, 242, 239, 241, 239, 243, 241, 243, 239,
    240, 242, 242, 243, 242, 242, 243, 240, 239, 243, 242, 241, 239, 241,
    240, 242, 240, 241, 243, 241, 243, 241, 239, 239, 240, 240, 243, 239,
    242, 239, 239, 242, 241, 242, 240, 239, 241, 240, 243, 243, 240, 241,
    242, 239, 240, 242, 242, 242, 243 ]
RHandPositionsX: [ 165, 161, 159, 158, 152, 156, 151, 158, 159, 160, 163,
    158, 158, 155, 150, 149, 147, 149, 157, 160, 161, 161, 157, 153, 153,
    153, 151, 153, 162, 164, 161, 162, 155, 154, 157, 155, 153, 150, 161,
    167, 168, 166, 163, 162, 155, 151, 152, 151, 157, 160, 168, 165, 164,
    168, 167, 169, 162, 165, 161, 160, 161, 169, 171, 176, 181, 187, 185,
    187, 186, 183, 186, 183, 181, 179, 178, 178, 179, 181, 178, 176, 176,
    176, 178, 178, 176, 180, 178, 180 ]
RHandPositionsY: [ 109, 107, 102, 103, 100, 99, 99, 100, 102, 101, 103,
    101, 97, 96, 98, 98, 100, 102, 113, 112, 114, 116, 110, 110, 107,
    105, 108, 107, 119, 118, 116, 112, 109, 109, 109, 105, 106, 105, 113,
    119, 123, 122, 124, 117, 114, 114, 114, 108, 111, 116, 126, 122, 123,
    125, 125, 121, 114, 115, 110, 113, 119, 123, 133, 136, 146, 157, 164,
    178, 185, 191, 201, 211, 220, 228, 233, 231, 240, 242, 239, 243, 244,
    243, 243, 245, 247, 247, 244, 243 ]
