%YAML:1.0
---
videoName: "RHShake14.mp4"
gestureLabel: 2
fps: 30
pixelSizeInCmTemp: 3.2808219178082193e-01
faceCenterPointX: 277
faceCenterPointY: 42
LHandPositionsX: [ 379, 377, 375, 376, 375, 378, 379, 379, 378, 377, 379,
    374, 374, 376, 374, 376, 375, 374, 375, 372, 374, 374, 376, 374, 373,
    376, 376, 372, 372, 372, 375, 376, 372, 376, 373, 372, 373, 376, 376,
    373, 375, 373, 372, 375, 372, 374, 373, 375, 375, 376, 376, 376, 372,
    375, 374, 373, 374, 373, 372, 372, 375, 375, 374, 376, 376, 372, 375,
    375, 372, 372, 375, 376, 372, 373, 373, 372, 375, 375, 374, 373, 372,
    376, 372, 376, 375, 374, 376, 374, 372, 375, 376 ]
LHandPositionsY: [ 231, 232, 229, 232, 233, 229, 230, 230, 229, 229, 231,
    232, 230, 229, 230, 233, 232, 233, 233, 233, 233, 231, 230, 229, 232,
    229, 232, 231, 229, 233, 230, 233, 232, 231, 233, 230, 229, 230, 232,
    233, 232, 230, 231, 230, 233, 229, 231, 230, 233, 231, 229, 229, 232,
    230, 232, 232, 233, 229, 231, 229, 232, 233, 229, 233, 233, 229, 232,
    229, 231, 229, 232, 231, 232, 232, 232, 230, 231, 233, 232, 229, 230,
    230, 232, 229, 233, 232, 232, 231, 230, 229, 233 ]
RHandPositionsX: [ 170, 173, 174, 173, 173, 172, 171, 173, 170, 170, 171,
    171, 170, 171, 172, 174, 170, 174, 170, 174, 173, 171, 172, 170, 172,
    174, 169, 171, 157, 147, 134, 125, 121, 116, 115, 121, 126, 130, 137,
    139, 142, 147, 144, 141, 144, 146, 149, 153, 157, 160, 158, 156, 154,
    153, 154, 158, 161, 168, 166, 163, 156, 156, 159, 158, 158, 166, 163,
    172, 173, 176, 179, 177, 177, 178, 172, 172, 177, 178, 174, 171, 173,
    174, 171, 172, 172, 171, 172, 171, 174, 171, 174 ]
RHandPositionsY: [ 243, 241, 242, 242, 241, 243, 243, 242, 242, 243, 242,
    243, 241, 243, 241, 239, 242, 240, 239, 239, 239, 239, 240, 240, 243,
    242, 244, 233, 215, 196, 171, 154, 133, 114, 113, 110, 104, 108, 113,
    116, 115, 104, 99, 92, 87, 86, 85, 82, 85, 83, 81, 76, 79, 79, 78,
    76, 79, 84, 78, 76, 76, 79, 78, 76, 79, 80, 84, 106, 119, 132, 145,
    160, 171, 179, 195, 193, 199, 203, 212, 215, 217, 220, 224, 230, 234,
    235, 231, 236, 236, 234, 238 ]
