%YAML:1.0
---
videoName: "RHShake10.mp4"
gestureLabel: 2
fps: 29
pixelSizeInCmTemp: 3.1933333333333330e-01
faceCenterPointX: 295
faceCenterPointY: 45
LHandPositionsX: [ 338, 342, 342, 338, 341, 337, 335, 335, 332, 332, 333,
    332, 328, 326, 325, 324, 325, 325, 329, 330, 328, 330, 327, 327, 327,
    328, 329, 328, 326, 329, 327, 326, 327, 327, 329, 330, 326, 329, 328,
    329, 329, 329, 328, 330, 328, 326, 330, 326, 330, 326, 329, 329, 326,
    328, 327, 327, 327, 326, 330, 328, 329, 329, 329, 326, 326, 329, 328,
    327, 328, 326, 328, 329, 327, 326, 328, 327, 328, 330, 330, 331, 332,
    332, 327, 329, 331, 328, 330, 329 ]
LHandPositionsY: [ 262, 265, 269, 266, 268, 269, 267, 269, 269, 272, 268,
    270, 270, 274, 272, 271, 274, 273, 270, 274, 273, 271, 274, 271, 270,
    273, 270, 270, 272, 270, 269, 271, 272, 272, 273, 270, 268, 268, 268,
    272, 271, 269, 272, 268, 272, 272, 271, 271, 271, 271, 271, 272, 269,
    268, 272, 268, 272, 268, 270, 271, 268, 270, 268, 269, 269, 268, 270,
    268, 272, 271, 268, 270, 270, 267, 268, 269, 271, 271, 269, 267, 271,
    269, 269, 270, 272, 272, 270, 273 ]
RHandPositionsX: [ 259, 262, 260, 259, 263, 261, 263, 260, 260, 257, 258,
    258, 258, 259, 259, 263, 258, 253, 262, 250, 238, 222, 203, 182, 165,
    153, 138, 137, 136, 136, 146, 150, 153, 164, 164, 164, 159, 160, 161,
    160, 165, 171, 181, 179, 176, 176, 172, 168, 171, 167, 174, 189, 192,
    196, 192, 181, 180, 178, 176, 181, 179, 190, 189, 195, 190, 185, 179,
    176, 174, 177, 175, 190, 198, 203, 211, 217, 228, 230, 238, 244, 252,
    253, 252, 260, 260, 259, 261, 260 ]
RHandPositionsY: [ 268, 268, 267, 267, 264, 264, 264, 265, 267, 264, 267,
    265, 266, 267, 269, 267, 265, 267, 265, 258, 242, 228, 213, 190, 169,
    152, 128, 113, 112, 100, 87, 87, 90, 90, 86, 84, 83, 76, 77, 79, 78,
    82, 89, 83, 80, 78, 76, 74, 77, 82, 85, 89, 90, 92, 88, 82, 84, 81,
    81, 86, 90, 91, 93, 94, 90, 88, 81, 82, 83, 88, 93, 106, 124, 147,
    164, 181, 197, 215, 226, 246, 258, 257, 259, 264, 267, 266, 266, 267 ]
