%YAML:1.0
---
videoName: "RHShake04.mp4"
gestureLabel: 2
fps: 29
pixelSizeInCmTemp: 3.1513157894736843e-01
faceCenterPointX: 292
faceCenterPointY: 47
LHandPositionsX: [ 410, 411, 412, 413, 413, 413, 412, 408, 410, 412, 413,
    410, 408, 409, 408, 412, 411, 411, 408, 407, 407, 407, 407, 410, 410,
    410, 406, 406, 407, 408, 409, 408, 409, 405, 406, 409, 409, 406, 405,
    405, 409, 407, 408, 406, 406, 406, 406, 405, 407, 408, 407, 406, 409,
    409, 407, 407, 406, 405, 408, 406, 406, 406, 403, 406, 406, 404, 406,
    403, 405, 403, 403, 405, 404, 405, 403, 406, 405, 402, 405, 405, 403,
    405, 401, 404, 402, 401, 402, 404 ]
LHandPositionsY: [ 265, 263, 266, 264, 266, 266, 264, 264, 264, 265, 264,
    264, 263, 265, 263, 263, 264, 265, 262, 263, 263, 261, 260, 264, 260,
    261, 264, 262, 262, 263, 262, 262, 260, 263, 262, 260, 264, 264, 263,
    264, 263, 264, 263, 260, 262, 261, 263, 263, 261, 264, 264, 261, 263,
    261, 263, 260, 260, 261, 264, 264, 261, 263, 262, 261, 260, 263, 260,
    260, 260, 258, 260, 261, 261, 259, 260, 259, 258, 258, 260, 258, 259,
    260, 258, 258, 259, 260, 257, 258 ]
RHandPositionsX: [ 179, 179, 181, 181, 182, 179, 179, 181, 181, 180, 180,
    177, 179, 179, 176, 178, 179, 177, 179, 176, 177, 178, 176, 181, 183,
    175, 169, 167, 161, 162, 166, 165, 181, 187, 191, 190, 189, 181, 172,
    168, 168, 166, 174, 175, 178, 176, 182, 176, 169, 168, 168, 172, 179,
    177, 180, 178, 175, 170, 171, 169, 169, 173, 178, 181, 196, 187, 185,
    179, 173, 173, 171, 172, 171, 176, 184, 191, 190, 189, 190, 186, 185,
    189, 186, 181, 174, 173, 177, 173 ]
RHandPositionsY: [ 267, 267, 264, 268, 266, 265, 263, 265, 268, 266, 267,
    269, 267, 268, 269, 267, 268, 267, 268, 268, 269, 272, 267, 248, 221,
    195, 172, 148, 124, 124, 119, 102, 97, 102, 102, 100, 97, 96, 93, 91,
    91, 90, 93, 96, 95, 95, 97, 95, 95, 90, 93, 96, 99, 96, 97, 99, 98,
    93, 93, 93, 90, 95, 97, 96, 96, 94, 97, 94, 93, 92, 92, 93, 99, 109,
    120, 131, 143, 152, 162, 180, 197, 210, 224, 228, 236, 246, 247, 251 ]
