%YAML:1.0
---
videoName: "RHShake17.mp4"
gestureLabel: 2
fps: 29
pixelSizeInCmTemp: 3.3732394366197183e-01
faceCenterPointX: 282
faceCenterPointY: 40
LHandPositionsX: [ 307, 307, 308, 305, 306, 306, 307, 308, 307, 308, 306,
    309, 308, 306, 308, 306, 306, 309, 308, 309, 308, 306, 306, 308, 308,
    306, 308, 307, 305, 308, 306, 309, 306, 308, 306, 306, 306, 308, 309,
    308, 310, 307, 310, 308, 308, 309, 307, 308, 307, 308, 309, 308, 308,
    311, 307, 308, 309, 307, 307, 311, 311, 311, 308, 310, 310, 307, 308,
    311, 308, 311, 309, 311, 307, 310, 306, 307, 310, 310, 306, 308, 307,
    305, 308, 306, 305, 305, 308, 305 ]
LHandPositionsY: [ 231, 231, 233, 234, 231, 235, 233, 231, 231, 231, 234,
    231, 232, 234, 233, 235, 234, 232, 231, 231, 231, 233, 234, 234, 235,
    232, 231, 231, 235, 231, 231, 235, 234, 234, 232, 234, 235, 232, 235,
    235, 231, 235, 231, 235, 231, 231, 233, 232, 233, 235, 234, 231, 232,
    233, 232, 233, 231, 233, 234, 232, 231, 231, 234, 232, 233, 232, 235,
    234, 231, 231, 235, 233, 234, 234, 234, 235, 231, 233, 234, 235, 233,
    234, 235, 233, 234, 234, 233, 233 ]
RHandPositionsX: [ 214, 194, 175, 160, 139, 144, 142, 145, 141, 144, 147,
    152, 154, 152, 150, 146, 141, 143, 140, 148, 162, 159, 156, 152, 151,
    147, 148, 145, 148, 151, 152, 160, 158, 156, 148, 146, 144, 139, 139,
    153, 154, 153, 157, 160, 156, 149, 150, 154, 158, 156, 173, 168, 168,
    165, 161, 157, 151, 153, 146, 148, 153, 162, 170, 176, 179, 176, 175,
    175, 170, 170, 175, 172, 168, 168, 167, 170, 172, 168, 169, 171, 170,
    171, 167, 170, 168, 168, 167, 168 ]
RHandPositionsY: [ 202, 184, 170, 147, 126, 109, 110, 102, 97, 92, 99,
    92, 80, 79, 74, 70, 70, 70, 69, 74, 77, 76, 75, 70, 70, 69, 66, 69,
    66, 67, 68, 70, 65, 67, 65, 67, 63, 66, 67, 82, 79, 82, 79, 80, 75,
    72, 72, 72, 73, 76, 91, 89, 87, 80, 79, 80, 78, 79, 76, 84, 94, 107,
    118, 136, 145, 159, 170, 183, 190, 195, 210, 217, 221, 227, 235, 232,
    239, 237, 241, 238, 239, 241, 240, 242, 243, 245, 243, 243 ]
