%YAML:1.0
---
videoName: "RHShake18.mp4"
gestureLabel: 2
fps: 30
pixelSizeInCmTemp: 3.3732394366197183e-01
faceCenterPointX: 275
faceCenterPointY: 40
LHandPositionsX: [ 378, 375, 376, 377, 378, 376, 377, 377, 377, 379, 375,
    378, 377, 376, 378, 379, 378, 376, 376, 379, 375, 378, 377, 375, 379,
    377, 377, 375, 377, 377, 375, 379, 375, 379, 375, 378, 378, 379, 378,
    377, 376, 379, 378, 377, 378, 377, 377, 375, 374, 371, 374, 368, 363,
    356, 350, 350, 338, 331, 326, 318, 305, 299, 298, 300, 296, 290, 288,
    291, 295, 296, 292, 290, 291, 291, 291, 292, 292, 288, 290, 287, 288,
    290, 286, 289, 287, 285, 288, 288, 285, 287, 289 ]
LHandPositionsY: [ 232, 232, 231, 230, 231, 232, 231, 231, 231, 231, 230,
    233, 233, 230, 230, 232, 231, 230, 233, 229, 229, 230, 232, 232, 233,
    231, 230, 230, 230, 230, 231, 232, 231, 233, 231, 231, 233, 230, 233,
    231, 233, 232, 233, 230, 231, 232, 230, 232, 229, 230, 233, 239, 240,
    239, 235, 237, 231, 235, 231, 230, 231, 230, 233, 234, 232, 234, 234,
    235, 239, 240, 242, 240, 241, 242, 239, 241, 243, 242, 239, 243, 242,
    239, 239, 239, 242, 241, 239, 240, 242, 241, 243 ]
RHandPositionsX: [ 156, 156, 150, 146, 147, 147, 150, 160, 164, 163, 165,
    163, 156, 154, 152, 150, 157, 164, 168, 170, 169, 163, 160, 158, 159,
    158, 155, 161, 163, 168, 165, 160, 160, 155, 156, 161, 172, 172, 171,
    170, 164, 160, 158, 158, 159, 169, 172, 179, 190, 198, 206, 221, 232,
    242, 254, 259, 268, 257, 253, 249, 246, 243, 238, 237, 235, 234, 237,
    237, 237, 236, 242, 240, 238, 238, 237, 237, 239, 237, 237, 239, 236,
    239, 240, 240, 240, 240, 236, 238, 240, 237, 240 ]
RHandPositionsY: [ 72, 72, 69, 68, 68, 68, 66, 69, 73, 74, 69, 67, 70,
    66, 69, 67, 68, 71, 69, 74, 74, 73, 66, 68, 67, 68, 71, 77, 80, 73,
    76, 74, 71, 71, 76, 81, 90, 92, 91, 92, 90, 87, 87, 82, 87, 88, 100,
    104, 111, 123, 131, 142, 155, 165, 174, 182, 189, 195, 197, 201, 205,
    207, 208, 213, 215, 214, 220, 221, 220, 223, 228, 225, 225, 228, 228,
    228, 228, 227, 224, 228, 228, 224, 227, 227, 226, 225, 226, 224, 228,
    228, 225 ]
