%YAML:1.0
---
videoName: "RHShake24.mp4"
gestureLabel: 2
fps: 30
pixelSizeInCmTemp: 3.3732394366197183e-01
faceCenterPointX: 304
faceCenterPointY: 46
LHandPositionsX: [ 391, 390, 389, 391, 389, 390, 389, 391, 393, 390, 390,
    391, 393, 391, 391, 392, 392, 392, 391, 392, 391, 391, 391, 392, 391,
    390, 389, 389, 389, 393, 392, 390, 392, 391, 389, 391, 391, 392, 390,
    389, 393, 389, 389, 389, 392, 391, 393, 391, 390, 390, 389, 392, 393,
    390, 391, 392, 393, 391, 391, 392, 391, 393, 391, 390, 391, 389, 391,
    392, 392, 391, 392, 392, 390, 393, 392, 392, 390, 390, 391, 390, 390,
    390, 391, 393, 391, 390, 393, 389, 392, 390, 392 ]
LHandPositionsY: [ 225, 227, 226, 227, 227, 228, 229, 229, 226, 228, 225,
    229, 228, 229, 229, 226, 228, 228, 228, 227, 228, 229, 229, 225, 229,
    228, 229, 227, 225, 228, 229, 229, 227, 228, 226, 225, 228, 228, 229,
    227, 226, 225, 228, 229, 225, 227, 229, 228, 229, 225, 225, 226, 228,
    228, 228, 226, 227, 228, 225, 228, 228, 228, 225, 226, 227, 225, 226,
    228, 225, 227, 227, 227, 226, 228, 229, 225, 227, 228, 227, 229, 225,
    229, 228, 225, 225, 229, 227, 225, 225, 226, 228 ]
RHandPositionsX: [ 143, 145, 152, 148, 157, 156, 151, 147, 147, 143, 137,
    135, 143, 153, 162, 162, 161, 161, 161, 157, 148, 145, 142, 141, 139,
    149, 159, 158, 160, 161, 156, 157, 151, 145, 143, 142, 148, 152, 158,
    159, 160, 165, 159, 157, 147, 144, 141, 142, 144, 147, 160, 163, 166,
    171, 169, 164, 160, 151, 152, 146, 146, 150, 154, 165, 165, 167, 168,
    170, 175, 178, 181, 180, 184, 188, 188, 189, 194, 191, 191, 193, 195,
    196, 196, 193, 196, 194, 196, 195, 194, 192, 194 ]
RHandPositionsY: [ 94, 104, 103, 98, 105, 97, 94, 90, 86, 87, 86, 87, 88,
    99, 111, 112, 110, 113, 108, 100, 98, 98, 98, 95, 94, 102, 109, 113,
    110, 112, 109, 103, 96, 95, 92, 90, 90, 94, 101, 105, 108, 113, 109,
    101, 99, 100, 97, 96, 92, 107, 120, 118, 120, 124, 121, 104, 103,
    103, 100, 99, 94, 96, 104, 111, 114, 118, 122, 123, 130, 141, 151,
    151, 152, 157, 165, 171, 180, 190, 196, 201, 208, 208, 212, 215, 217,
    219, 220, 223, 223, 227, 226 ]
