%YAML:1.0
---
videoName: "RHShake12.mp4"
gestureLabel: 2
fps: 29
pixelSizeInCmTemp: 3.3732394366197183e-01
faceCenterPointX: 299
faceCenterPointY: 45
LHandPositionsX: [ 407, 406, 408, 405, 407, 404, 406, 408, 407, 405, 406,
    404, 404, 408, 408, 407, 404, 405, 404, 407, 404, 408, 407, 407, 405,
    408, 407, 408, 408, 404, 404, 404, 406, 404, 404, 405, 406, 408, 404,
    408, 408, 406, 404, 407, 405, 408, 405, 406, 408, 405, 406, 404, 408,
    408, 407, 408, 406, 407, 406, 408, 405, 404, 405, 408, 405, 407, 408,
    404, 407, 404, 407, 408, 408, 406, 405, 406, 405, 408, 404, 406, 408,
    406, 406, 407, 408, 404, 406, 407 ]
LHandPositionsY: [ 242, 243, 239, 242, 241, 242, 239, 241, 243, 241, 240,
    242, 239, 240, 243, 239, 239, 239, 239, 242, 240, 242, 243, 240, 239,
    239, 239, 242, 239, 241, 243, 243, 239, 243, 239, 239, 243, 243, 240,
    242, 240, 241, 241, 239, 241, 242, 239, 240, 243, 242, 242, 242, 240,
    242, 241, 241, 242, 243, 241, 241, 241, 240, 240, 241, 239, 241, 241,
    239, 243, 240, 242, 241, 240, 241, 241, 239, 242, 239, 242, 242, 241,
    242, 242, 240, 240, 243, 243, 239 ]
RHandPositionsX: [ 168, 167, 164, 163, 163, 171, 181, 190, 191, 194, 193,
    185, 176, 174, 172, 169, 172, 176, 189, 189, 189, 182, 180, 176, 170,
    165, 166, 177, 184, 193, 194, 193, 184, 181, 178, 177, 174, 173, 181,
    189, 198, 194, 186, 182, 173, 174, 172, 174, 181, 191, 194, 193, 195,
    190, 184, 179, 175, 175, 175, 174, 179, 193, 199, 198, 201, 198, 194,
    190, 188, 188, 185, 185, 191, 194, 197, 199, 197, 199, 201, 203, 198,
    199, 196, 200, 196, 199, 199, 201 ]
RHandPositionsY: [ 140, 129, 118, 110, 106, 93, 94, 105, 106, 109, 101,
    95, 89, 89, 90, 86, 83, 86, 103, 104, 108, 95, 93, 89, 87, 85, 85,
    91, 103, 114, 112, 109, 101, 98, 95, 92, 87, 87, 97, 114, 114, 113,
    101, 101, 93, 95, 89, 86, 93, 111, 110, 114, 115, 100, 91, 92, 90,
    92, 89, 89, 91, 108, 119, 121, 119, 117, 111, 107, 112, 112, 117,
    124, 138, 146, 159, 161, 169, 173, 187, 193, 202, 210, 217, 218, 221,
    227, 229, 231 ]
