%YAML:1.0
---
videoName: "RHShake08.mp4"
gestureLabel: 2
fps: 29
pixelSizeInCmTemp: 3.2808219178082193e-01
faceCenterPointX: 290
faceCenterPointY: 45
LHandPositionsX: [ 313, 314, 315, 317, 314, 314, 314, 315, 313, 310, 311,
    311, 310, 308, 309, 308, 310, 309, 308, 309, 306, 308, 306, 310, 306,
    306, 309, 309, 308, 306, 307, 308, 309, 308, 311, 308, 307, 307, 310,
    306, 308, 308, 307, 309, 306, 310, 309, 306, 309, 305, 307, 306, 305,
    307, 308, 305, 308, 307, 308, 308, 305, 306, 309, 306, 307, 309, 306,
    307, 306, 305, 305, 305, 307, 305, 309, 307, 307, 308, 307, 305, 305,
    307, 306, 309, 311, 310, 306, 307 ]
LHandPositionsY: [ 281, 282, 279, 280, 279, 281, 281, 283, 285, 285, 282,
    284, 283, 282, 283, 283, 282, 285, 283, 285, 281, 283, 281, 283, 285,
    281, 281, 283, 284, 281, 283, 281, 281, 285, 282, 284, 283, 285, 285,
    284, 282, 281, 283, 283, 284, 281, 283, 282, 283, 281, 281, 282, 283,
    280, 280, 281, 280, 282, 280, 280, 284, 284, 282, 284, 282, 280, 281,
    281, 282, 283, 284, 280, 281, 282, 284, 283, 284, 282, 281, 281, 280,
    284, 281, 284, 280, 284, 283, 281 ]
RHandPositionsX: [ 269, 267, 271, 272, 271, 271, 273, 279, 267, 259, 260,
    255, 250, 234, 221, 201, 184, 166, 157, 161, 163, 172, 200, 199, 207,
    199, 194, 189, 182, 180, 191, 192, 206, 199, 193, 192, 186, 180, 181,
    180, 193, 189, 189, 184, 181, 176, 173, 174, 174, 183, 187, 189, 189,
    188, 191, 189, 188, 202, 202, 215, 213, 204, 206, 197, 199, 197, 204,
    204, 217, 210, 212, 216, 223, 229, 241, 250, 250, 261, 260, 263, 264,
    266, 269, 270, 276, 277, 273, 269 ]
RHandPositionsY: [ 268, 268, 270, 267, 269, 266, 270, 269, 267, 264, 256,
    242, 233, 219, 203, 185, 171, 152, 131, 130, 114, 107, 108, 105, 107,
    103, 98, 95, 92, 90, 91, 95, 93, 95, 92, 88, 89, 89, 88, 91, 93, 91,
    92, 91, 90, 85, 86, 85, 91, 92, 96, 93, 100, 95, 94, 92, 91, 92, 97,
    95, 101, 97, 97, 93, 93, 93, 94, 100, 107, 108, 111, 127, 129, 142,
    157, 175, 195, 217, 226, 245, 260, 261, 260, 260, 263, 262, 265, 262 ]
