%YAML:1.0
---
videoName: "RHShake01.mp4"
gestureLabel: 2
fps: 29
pixelSizeInCmTemp: 3.1513157894736843e-01
faceCenterPointX: 292
faceCenterPointY: 51
LHandPositionsX: [ 396, 394, 392, 395, 394, 393, 393, 395, 396, 396, 396,
    394, 392, 392, 391, 391, 392, 393, 392, 395, 395, 391, 393, 391, 393,
    394, 394, 395, 393, 392, 393, 392, 394, 393, 391, 393, 395, 391, 394,
    392, 392, 392, 393, 395, 392, 395, 392, 391, 391, 391, 395, 394, 392,
    393, 395, 394, 393, 393, 394, 393, 395, 391, 394, 392, 391, 394, 394,
    392, 394, 394, 391, 391, 395, 393, 393, 394, 394, 391, 392, 392, 395,
    393, 395, 394, 393, 391, 392, 395 ]
LHandPositionsY: [ 255, 256, 255, 254, 257, 255, 254, 253, 257, 254, 256,
    254, 254, 255, 257, 253, 255, 256, 257, 254, 253, 257, 253, 255, 257,
    257, 253, 256, 253, 256, 257, 255, 254, 255, 256, 256, 255, 257, 255,
    255, 256, 253, 256, 257, 256, 256, 256, 254, 253, 254, 256, 255, 257,
    255, 255, 254, 253, 256, 256, 253, 257, 255, 255, 254, 255, 255, 253,
    257, 254, 254, 253, 257, 256, 256, 254, 253, 253, 257, 254, 257, 253,
    255, 253, 254, 253, 254, 253, 256 ]
RHandPositionsX: [ 167, 168, 170, 169, 167, 168, 168, 171, 170, 167, 168,
    168, 167, 169, 169, 168, 168, 170, 167, 169, 168, 171, 170, 172, 172,
    172, 170, 176, 173, 171, 165, 160, 155, 154, 155, 162, 169, 179, 193,
    192, 193, 187, 181, 174, 177, 175, 176, 189, 197, 197, 188, 192, 181,
    179, 177, 181, 178, 186, 188, 194, 192, 193, 195, 188, 180, 176, 177,
    179, 187, 192, 193, 196, 199, 195, 194, 188, 189, 188, 188, 184, 178,
    175, 176, 174, 172, 175, 176, 173 ]
RHandPositionsY: [ 280, 280, 277, 278, 280, 278, 277, 278, 279, 277, 277,
    277, 276, 276, 278, 280, 280, 280, 279, 279, 280, 279, 277, 278, 279,
    273, 264, 247, 226, 209, 187, 166, 152, 133, 131, 118, 106, 107, 112,
    111, 106, 105, 102, 98, 99, 99, 97, 96, 101, 102, 97, 97, 97, 95, 91,
    93, 95, 99, 102, 101, 99, 99, 101, 96, 98, 98, 97, 95, 102, 109, 113,
    121, 135, 145, 161, 175, 193, 204, 203, 210, 220, 225, 232, 243, 243,
    242, 244, 249 ]
