%YAML:1.0
---
videoName: "RHShake01.mp4"
gestureLabel: 2
fps: 29
pixelSizeInCmTemp: 3.1513157894736843e-01
faceCenterPointX: 292
faceCenterPointY: 51
LHandPositionsX: [ 394, 393, 396, 394, 395, 392, 396, 395, 394, 395, 395,
    394, 395, 391, 394, 394, 392, 395, 393, 391, 393, 392, 391, 395, 393,
    395, 392, 391, 393, 394, 395, 395, 391, 391, 394, 393, 395, 395, 391,
    394, 395, 392, 392, 392, 395, 393, 393, 395, 394, 394, 392, 392, 395,
    392, 395, 393, 391, 391, 395, 395, 392, 392, 393, 391, 393, 393, 393,
    391, 393, 394, 394, 391, 395, 393, 393, 393, 393, 394, 391, 395, 395,
    395, 391, 395, 392, 395, 394, 391 ]
LHandPositionsY: [ 256, 253, 257, 254, 254, 253, 253, 253, 253, 253, 257,
    256, 257, 256, 254, 256, 256, 256, 257, 255, 257, 257, 255, 257, 254,
    257, 256, 257, 256, 253, 256, 255, 253, 253, 256, 256, 257, 256, 253,
    253, 253, 255, 253, 254, 253, 255, 253, 257, 256, 255, 256, 256, 255,
    256, 254, 254, 253, 253, 254, 257, 257, 254, 253, 257, 256, 254, 256,
    254, 257, 253, 256, 253, 256, 253, 256, 253, 256, 255, 255, 254, 257,
    257, 255, 253, 255, 254, 256, 257 ]
RHandPositionsX: [ 168, 171, 170, 169, 169, 170, 168, 167, 170, 169, 170,
    167, 169, 170, 167, 169, 167, 170, 171, 168, 169, 170, 169, 172, 173,
    170, 171, 176, 174, 167, 163, 162, 159, 151, 159, 162, 171, 178, 194,
    190, 190, 185, 181, 175, 174, 175, 177, 185, 196, 195, 189, 188, 181,
    178, 176, 178, 176, 186, 184, 193, 189, 196, 193, 186, 180, 178, 178,
    180, 186, 191, 195, 196, 197, 196, 193, 188, 186, 188, 186, 180, 179,
    178, 176, 175, 173, 171, 175, 176 ]
RHandPositionsY: [ 279, 278, 279, 279, 280, 278, 276, 276, 278, 276, 280,
    278, 279, 276, 280, 277, 278, 277, 280, 276, 280, 279, 276, 278, 276,
    274, 266, 248, 226, 206, 187, 168, 151, 132, 130, 117, 105, 106, 111,
    111, 105, 102, 99, 99, 97, 97, 98, 98, 99, 99, 97, 93, 97, 91, 91,
    92, 94, 100, 100, 104, 103, 101, 102, 99, 96, 95, 95, 98, 103, 107,
    111, 124, 135, 146, 161, 179, 192, 204, 203, 212, 218, 228, 234, 244,
    241, 244, 243, 248 ]
