%YAML:1.0
---
videoName: "RHShake20.mp4"
gestureLabel: 2
fps: 29
pixelSizeInCmTemp: 3.3263888888888887e-01
faceCenterPointX: 286
faceCenterPointY: 45
LHandPositionsX: [ 391, 390, 393, 392, 390, 390, 390, 390, 390, 394, 394,
    394, 391, 393, 392, 394, 390, 391, 394, 391, 394, 392, 390, 394, 392,
    393, 390, 391, 391, 394, 390, 392, 392, 393, 392, 390, 392, 390, 392,
    392, 392, 392, 393, 393, 390, 393, 392, 391, 393, 393, 391, 394, 392,
    392, 393, 392, 390, 390, 392, 393, 394, 392, 390, 393, 391, 392, 390,
    391, 393, 391, 393, 393, 391, 391, 392, 394, 393, 391, 390, 392, 391,
    392, 392, 393, 394, 392, 393, 391 ]
LHandPositionsY: [ 247, 246, 245, 243, 242, 244, 245, 245, 243, 242, 240,
    244, 240, 240, 240, 242, 239, 239, 240, 240, 239, 241, 241, 239, 241,
    239, 239, 240, 243, 241, 240, 241, 240, 242, 239, 243, 243, 240, 239,
    240, 243, 242, 242, 242, 240, 243, 243, 239, 243, 240, 242, 242, 242,
    239, 243, 243, 241, 242, 239, 239, 243, 241, 239, 240, 243, 239, 243,
    241, 243, 240, 241, 242, 242, 242, 242, 239, 241, 242, 239, 239, 240,
    240, 239, 239, 243, 241, 241, 241 ]
RHandPositionsX: [ 165, 160, 158, 157, 151, 153, 150, 157, 156, 157, 159,
    158, 161, 154, 152, 149, 150, 148, 158, 163, 164, 161, 158, 156, 152,
    151, 151, 153, 160, 163, 162, 161, 159, 155, 159, 154, 153, 148, 160,
    164, 165, 166, 164, 160, 156, 153, 152, 153, 158, 163, 168, 167, 167,
    166, 168, 169, 164, 163, 161, 159, 163, 168, 172, 175, 181, 187, 188,
    188, 185, 182, 184, 180, 181, 178, 178, 179, 180, 179, 177, 178, 177,
    176, 179, 178, 180, 180, 180, 177 ]
RHandPositionsY: [ 112, 109, 103, 104, 101, 99, 99, 99, 103, 100, 102,
    103, 96, 100, 95, 98, 101, 103, 112, 113, 114, 116, 113, 108, 106,
    105, 108, 109, 120, 118, 118, 113, 112, 106, 106, 106, 106, 106, 115,
    122, 124, 120, 120, 116, 115, 113, 111, 112, 113, 115, 123, 126, 121,
    123, 125, 122, 114, 117, 112, 110, 117, 122, 129, 135, 145, 155, 168,
    179, 186, 195, 200, 211, 219, 229, 234, 235, 241, 239, 243, 244, 245,
    246, 246, 243, 244, 244, 243, 243 ]
