%YAML:1.0
---
videoName: "RHShake04.mp4"
gestureLabel: 2
fps: 29
pixelSizeInCmTemp: 3.1513157894736843e-01
faceCenterPointX: 292
faceCenterPointY: 47
LHandPositionsX: [ 410, 409, 413, 413, 410, 409, 410, 409, 411, 410, 411,
    410, 410, 409, 412, 410, 412, 409, 408, 410, 407, 408, 406, 410, 410,
    406, 405, 405, 407, 409, 407, 407, 406, 406, 407, 405, 405, 405, 407,
    406, 409, 405, 409, 408, 406, 409, 409, 408, 409, 406, 407, 406, 406,
    405, 408, 408, 408, 407, 407, 406, 405, 407, 407, 407, 403, 405, 406,
    402, 405, 404, 404, 404, 402, 403, 406, 403, 406, 405, 402, 405, 402,
    402, 405, 402, 402, 402, 405, 404 ]
LHandPositionsY: [ 264, 265, 266, 264, 265, 264, 263, 262, 264, 265, 264,
    261, 264, 264, 265, 264, 261, 261, 261, 263, 261, 261, 261, 261, 261,
    263, 263, 262, 262, 263, 264, 260, 263, 260, 264, 260, 264, 264, 260,
    260, 260, 261, 263, 261, 263, 260, 261, 264, 261, 264, 261, 261, 263,
    264, 260, 260, 264, 261, 263, 264, 260, 263, 260, 263, 263, 259, 260,
    261, 261, 261, 261, 262, 262, 261, 260, 259, 260, 260, 258, 259, 260,
    260, 260, 261, 259, 259, 260, 258 ]
RHandPositionsX: [ 178, 181, 183, 180, 183, 179, 179, 180, 178, 177, 179,
    178, 178, 178, 176, 176, 178, 176, 179, 177, 178, 177, 179, 180, 180,
    174, 172, 166, 164, 165, 162, 166, 178, 186, 194, 191, 187, 179, 173,
    168, 167, 167, 174, 175, 178, 175, 181, 173, 166, 169, 164, 169, 179,
    176, 179, 178, 175, 172, 170, 171, 171, 173, 178, 182, 193, 187, 183,
    177, 175, 175, 169, 169, 170, 174, 185, 189, 192, 189, 188, 187, 185,
    189, 183, 179, 176, 174, 175, 173 ]
RHandPositionsY: [ 265, 265, 267, 265, 263, 266, 263, 263, 267, 269, 264,
    266, 269, 271, 267, 268, 271, 269, 267, 268, 272, 272, 269, 246, 224,
    197, 171, 146, 123, 125, 119, 101, 97, 99, 103, 99, 98, 97, 96, 91,
    92, 89, 97, 96, 97, 95, 93, 95, 93, 92, 94, 97, 97, 97, 97, 95, 97,
    95, 91, 92, 90, 95, 96, 95, 97, 93, 95, 95, 92, 93, 94, 96, 102, 106,
    123, 130, 141, 150, 164, 178, 197, 211, 224, 226, 235, 246, 247, 247 ]
