%YAML:1.0
---
videoName: "RHShake00.mp4"
gestureLabel: 2
fps: 29
pixelSizeInCmTemp: 3.4710144927536229e-01
faceCenterPointX: 283
faceCenterPointY: 97
LHandPositionsX: [ 343, 346, 342, 342, 342, 346, 345, 344, 343, 343, 345,
    344, 346, 345, 342, 343, 343, 344, 346, 342, 346, 343, 342, 343, 344,
    343, 342, 346, 344, 344, 345, 345, 343, 346, 346, 345, 345, 346, 344,
    346, 345, 343, 344, 344, 346, 342, 343, 342, 342, 342, 344, 344, 346,
    343, 342, 343, 344, 344, 343, 345, 345, 345, 344, 343, 346, 342, 346,
    342, 346, 342, 346, 344, 343, 345, 343, 342, 344, 342, 344, 343, 345,
    342, 343, 343, 344, 344, 346, 343 ]
LHandPositionsY: [ 273, 273, 274, 275, 275, 274, 274, 276, 273, 276, 276,
    274, 274, 276, 273, 275, 272, 276, 273, 276, 274, 272, 274, 275, 272,
    276, 276, 273, 276, 274, 274, 272, 275, 276, 273, 272, 274, 275, 275,
    272, 275, 276, 273, 272, 275, 276, 272, 275, 274, 273, 272, 274, 276,
    272, 274, 273, 276, 273, 274, 273, 274, 273, 273, 274, 276, 274, 273,
    273, 273, 274, 272, 276, 273, 275, 275, 276, 272, 275, 273, 272, 276,
    273, 274, 275, 276, 275, 273, 273 ]
RHandPositionsX: [ 180, 171, 168, 156, 147, 144, 147, 143, 142, 143, 144,
    147, 151, 167, 166, 164, 171, 168, 162, 161, 151, 154, 150, 150, 153,
    166, 165, 166, 166, 165, 158, 151, 148, 146, 150, 157, 161, 161, 162,
    165, 164, 155, 151, 144, 137, 144, 147, 150, 156, 153, 160, 161, 156,
    150, 143, 144, 143, 149, 154, 159, 159, 162, 168, 161, 156, 151, 144,
    143, 140, 148, 150, 152, 156, 159, 164, 167, 172, 175, 178, 179, 184,
    188, 189, 189, 194, 197, 196, 198 ]
RHandPositionsY: [ 256, 249, 240, 220, 200, 186, 179, 166, 160, 150, 140,
    137, 131, 133, 140, 139, 133, 133, 125, 123, 122, 120, 119, 121, 128,
    134, 132, 134, 134, 132, 128, 125, 128, 125, 131, 136, 138, 141, 138,
    137, 142, 135, 130, 130, 128, 133, 134, 136, 137, 137, 138, 141, 133,
    132, 132, 130, 131, 129, 141, 143, 147, 145, 148, 147, 141, 138, 137,
    136, 141, 150, 154, 163, 170, 174, 182, 190, 197, 205, 214, 220, 228,
    236, 242, 246, 251, 258, 263, 263 ]
