%YAML:1.0
---
videoName: "RHShake09.mp4"
gestureLabel: 2
fps: 29
pixelSizeInCmTemp: 3.1103896103896100e-01
faceCenterPointX: 296
faceCenterPointY: 48
LHandPositionsX: [ 328, 323, 325, 322, 326, 324, 323, 322, 321, 319, 318,
    316, 316, 311, 313, 309, 311, 311, 310, 310, 311, 307, 307, 305, 307,
    308, 305, 307, 307, 308, 305, 307, 307, 312, 311, 307, 307, 309, 308,
    310, 308, 310, 308, 308, 312, 310, 309, 314, 310, 315, 310, 311, 311,
    312, 312, 312, 316, 313, 312, 315, 313, 315, 316, 316, 313, 315, 316,
    315, 315, 316, 316, 316, 316, 314, 313, 315, 315, 315, 316, 314, 314,
    314, 318, 317, 314, 318, 318, 318 ]
LHandPositionsY: [ 265, 265, 268, 267, 268, 267, 268, 270, 269, 273, 274,
    274, 273, 275, 275, 275, 272, 272, 275, 274, 276, 276, 273, 274, 272,
    274, 274, 275, 277, 273, 276, 274, 275, 273, 275, 274, 274, 276, 277,
    277, 274, 277, 275, 277, 276, 275, 275, 276, 274, 273, 274, 273, 275,
    273, 273, 272, 273, 277, 272, 276, 275, 276, 273, 275, 276, 276, 273,
    273, 276, 272, 272, 273, 276, 274, 273, 274, 272, 272, 276, 274, 274,
    276, 275, 274, 272, 276, 274, 272 ]
RHandPositionsX: [ 266, 266, 263, 265, 265, 263, 261, 264, 260, 263, 260,
    261, 260, 258, 257, 261, 256, 258, 260, 259, 257, 258, 257, 258, 254,
    257, 258, 255, 255, 258, 265, 264, 255, 240, 225, 202, 187, 175, 169,
    171, 173, 174, 183, 183, 188, 188, 181, 180, 178, 176, 185, 191, 190,
    202, 193, 186, 181, 176, 179, 186, 182, 182, 195, 187, 187, 182, 176,
    171, 171, 181, 184, 188, 186, 182, 181, 178, 179, 179, 186, 190, 192,
    194, 198, 203, 208, 218, 227, 238 ]
RHandPositionsY: [ 261, 265, 264, 265, 264, 268, 267, 266, 267, 266, 269,
    268, 267, 265, 268, 268, 267, 268, 268, 268, 268, 269, 269, 267, 268,
    269, 267, 269, 269, 266, 268, 259, 246, 230, 215, 196, 175, 157, 137,
    136, 118, 108, 106, 111, 111, 104, 98, 90, 86, 88, 90, 94, 94, 98,
    93, 94, 88, 88, 85, 89, 92, 98, 97, 97, 90, 87, 89, 87, 92, 94, 98,
    96, 93, 93, 93, 91, 91, 92, 99, 106, 105, 109, 120, 131, 144, 153,
    166, 185 ]
