%YAML:1.0
---
videoName: "RHShake12.mp4"
gestureLabel: 2
fps: 29
pixelSizeInCmTemp: 3.3732394366197183e-01
faceCenterPointX: 299
faceCenterPointY: 45
LHandPositionsX: [ 408, 407, 405, 405, 407, 404, 406, 404, 405, 406, 408,
    406, 406, 407, 406, 407, 407, 405, 406, 405, 407, 408, 404, 404, 404,
    407, 407, 407, 408, 408, 406, 406, 408, 408, 404, 407, 408, 406, 408,
    405, 406, 405, 404, 406, 404, 405, 408, 405, 404, 406, 408, 407, 407,
    404, 405, 407, 408, 404, 408, 406, 405, 405, 405, 404, 408, 406, 406,
    408, 405, 404, 407, 406, 405, 405, 404, 404, 404, 407, 404, 406, 405,
    407, 406, 408, 406, 408, 405, 405 ]
LHandPositionsY: [ 239, 241, 242, 242, 240, 243, 239, 239, 243, 243, 242,
    241, 241, 241, 243, 239, 241, 240, 243, 243, 239, 242, 240, 243, 243,
    239, 243, 241, 239, 242, 242, 243, 241, 239, 242, 242, 241, 243, 241,
    241, 242, 243, 239, 241, 240, 239, 242, 240, 243, 241, 240, 241, 239,
    242, 240, 239, 239, 240, 239, 242, 243, 240, 242, 241, 241, 242, 239,
    241, 243, 240, 242, 242, 240, 243, 241, 239, 240, 242, 243, 241, 240,
    241, 239, 241, 239, 240, 241, 242 ]
RHandPositionsX: [ 171, 167, 164, 162, 164, 171, 182, 194, 192, 196, 191,
    183, 177, 170, 173, 167, 169, 179, 188, 187, 191, 181, 180, 173, 167,
    166, 166, 173, 185, 192, 193, 190, 184, 179, 174, 174, 175, 172, 179,
    192, 197, 195, 187, 178, 177, 174, 171, 175, 181, 190, 190, 193, 196,
    189, 182, 178, 178, 175, 175, 175, 182, 194, 202, 200, 205, 200, 193,
    188, 189, 185, 184, 183, 189, 192, 196, 198, 200, 202, 201, 202, 202,
    201, 199, 198, 197, 199, 202, 198 ]
RHandPositionsY: [ 140, 128, 121, 113, 108, 94, 94, 103, 106, 110, 99,
    94, 92, 87, 89, 83, 81, 90, 103, 104, 108, 96, 92, 89, 85, 86, 84,
    90, 100, 112, 109, 107, 101, 95, 91, 93, 91, 85, 96, 114, 114, 114,
    101, 99, 93, 95, 90, 86, 96, 107, 109, 114, 113, 102, 92, 93, 92, 89,
    87, 88, 94, 109, 119, 121, 119, 117, 112, 109, 112, 113, 115, 123,
    135, 146, 160, 162, 169, 173, 184, 197, 200, 211, 216, 220, 219, 225,
    228, 228 ]
