%YAML:1.0
---
videoName: "RHShake14.mp4"
gestureLabel: 2
fps: 30
pixelSizeInCmTemp: 3.2808219178082193e-01
faceCenterPointX: 277
faceCenterPointY: 42
LHandPositionsX: [ 379, 379, 376, 378, 377, 375, 377, 378, 377, 378, 375,
    375, 377, 375, 377, 373, 373, 374, 372, 372, 376, 376, 372, 373, 375,
    374, 376, 374, 372, 376, 373, 373, 372, 374, 372, 373, 373, 376, 376,
    375, 376, 375, 373, 372, 373, 374, 372, 375, 372, 374, 376, 375, 373,
    372, 375, 376, 376, 375, 374, 372, 375, 376, 376, 373, 374, 375, 374,
    376, 376, 374, 375, 376, 372, 372, 374, 373, 372, 374, 374, 374, 376,
    375, 374, 372, 376, 374, 374, 374, 373, 372, 372 ]
LHandPositionsY: [ 233, 230, 230, 231, 229, 230, 229, 231, 233, 230, 230,
    231, 230, 233, 233, 230, 231, 229, 233, 233, 232, 230, 229, 232, 229,
    230, 232, 232, 230, 229, 230, 232, 232, 230, 230, 231, 229, 230, 229,
    232, 230, 233, 229, 230, 229, 231, 230, 229, 232, 232, 232, 231, 231,
    231, 229, 233, 229, 231, 232, 230, 233, 229, 230, 231, 231, 232, 232,
    229, 229, 231, 229, 231, 233, 232, 231, 229, 231, 231, 231, 232, 232,
    233, 231, 232, 233, 232, 232, 230, 232, 231, 230 ]
RHandPositionsX: [ 171, 170, 172, 173, 171, 170, 172, 171, 170, 172, 171,
    174, 171, 170, 170, 174, 171, 172, 173, 173, 172, 173, 171, 171, 171,
    172, 167, 170, 159, 151, 136, 125, 122, 116, 119, 122, 128, 130, 133,
    139, 142, 147, 143, 141, 145, 148, 150, 154, 157, 159, 158, 159, 151,
    151, 158, 159, 160, 167, 168, 161, 160, 155, 158, 158, 158, 163, 162,
    171, 176, 175, 177, 180, 176, 180, 171, 171, 177, 177, 175, 175, 175,
    172, 171, 172, 171, 172, 171, 171, 172, 174, 173 ]
RHandPositionsY: [ 239, 243, 240, 243, 241, 240, 241, 241, 239, 242, 241,
    243, 239, 240, 243, 243, 239, 242, 239, 239, 239, 242, 242, 240, 243,
    244, 243, 231, 214, 195, 172, 153, 137, 114, 115, 108, 104, 109, 113,
    116, 115, 103, 97, 90, 89, 87, 86, 82, 86, 82, 81, 77, 78, 77, 76,
    77, 81, 82, 78, 79, 77, 76, 78, 77, 79, 81, 87, 105, 120, 134, 146,
    159, 172, 181, 194, 194, 198, 201, 213, 218, 219, 220, 220, 230, 234,
    232, 234, 232, 234, 235, 236 ]
