%YAML:1.0
---
videoName: "RHShake03.mp4"
gestureLabel: 2
fps: 29
pixelSizeInCmTemp: 3.1103896103896100e-01
faceCenterPointX: 294
faceCenterPointY: 48
LHandPositionsX: [ 412, 409, 410, 410, 411, 410, 410, 408, 410, 408, 410,
    411, 409, 411, 409, 409, 409, 409, 409, 408, 409, 410, 411, 411, 410,
    411, 410, 411, 412, 409, 409, 409, 408, 408, 410, 412, 411, 410, 410,
    410, 410, 408, 412, 410, 408, 409, 411, 411, 408, 409, 412, 410, 408,
    408, 411, 410, 410, 410, 411, 409, 412, 412, 410, 409, 410, 411, 412,
    410, 409, 412, 409, 411, 408, 411, 409, 410, 411, 411, 409, 411, 409,
    409, 409, 408, 407, 408, 409, 409 ]
LHandPositionsY: [ 263, 260, 263, 264, 260, 261, 260, 261, 263, 262, 263,
    264, 262, 263, 260, 261, 261, 262, 261, 263, 260, 262, 264, 260, 262,
    260, 261, 263, 264, 260, 261, 260, 261, 262, 260, 262, 261, 261, 260,
    260, 260, 262, 261, 263, 262, 263, 263, 260, 263, 264, 260, 262, 264,
    260, 261, 263, 264, 260, 260, 261, 261, 262, 263, 260, 262, 260, 262,
    263, 262, 263, 261, 263, 263, 260, 263, 261, 263, 262, 263, 262, 262,
    262, 260, 261, 263, 262, 260, 262 ]
RHandPositionsX: [ 178, 177, 177, 177, 175, 175, 177, 176, 174, 176, 174,
    176, 175, 175, 172, 176, 171, 172, 175, 173, 172, 173, 174, 172, 171,
    175, 174, 172, 171, 171, 170, 173, 176, 173, 166, 158, 153, 147, 151,
    153, 154, 165, 177, 185, 191, 193, 182, 177, 175, 174, 171, 178, 180,
    184, 178, 177, 172, 170, 168, 174, 178, 185, 199, 205, 197, 190, 188,
    189, 185, 183, 186, 193, 202, 208, 209, 208, 197, 197, 193, 183, 185,
    181, 183, 182, 182, 182, 183, 178 ]
RHandPositionsY: [ 258, 258, 259, 261, 260, 263, 262, 258, 260, 261, 261,
    258, 261, 258, 260, 262, 260, 262, 260, 260, 258, 258, 261, 259, 261,
    258, 260, 258, 261, 261, 265, 265, 257, 238, 218, 196, 176, 157, 145,
    127, 121, 120, 119, 119, 112, 105, 101, 102, 101, 99, 104, 107, 104,
    105, 103, 104, 103, 101, 97, 95, 104, 110, 112, 114, 110, 108, 105,
    102, 101, 101, 102, 116, 130, 142, 160, 181, 202, 208, 216, 239, 241,
    242, 244, 250, 250, 251, 254, 254 ]
