%YAML:1.0
---
videoName: "RHShake18.mp4"
gestureLabel: 2
fps: 30
pixelSizeInCmTemp: 3.3732394366197183e-01
faceCenterPointX: 275
faceCenterPointY: 40
LHandPositionsX: [ 376, 376, 378, 376, 379, 379, 377, 379, 376, 377, 375,
    375, 375, 378, 376, 376, 375, 379, 377, 375, 378, 375, 377, 376, 377,
    379, 375, 378, 378, 377, 379, 375, 375, 375, 379, 379, 377, 379, 377,
    377, 376, 377, 378, 376, 376, 379, 376, 375, 373, 373, 372, 370, 367,
    360, 350, 348, 340, 332, 322, 314, 303, 299, 302, 298, 298, 290, 288,
    290, 296, 296, 292, 290, 292, 289, 290, 291, 292, 289, 291, 291, 289,
    291, 288, 286, 290, 287, 289, 285, 289, 287, 285 ]
LHandPositionsY: [ 232, 232, 233, 229, 231, 230, 231, 231, 229, 233, 232,
    233, 232, 233, 229, 230, 230, 229, 230, 231, 230, 231, 232, 229, 231,
    230, 231, 230, 229, 231, 232, 230, 230, 231, 230, 233, 233, 230, 232,
    233, 233, 231, 229, 233, 231, 232, 232, 233, 230, 231, 233, 239, 237,
    239, 234, 236, 231, 233, 230, 231, 230, 234, 232, 234, 232, 232, 235,
    236, 238, 240, 244, 241, 241, 242, 239, 243, 240, 242, 239, 243, 241,
    240, 240, 240, 240, 241, 240, 243, 241, 241, 243 ]
RHandPositionsX: [ 159, 154, 153, 148, 146, 150, 151, 161, 163, 165, 166,
    164, 156, 155, 151, 151, 157, 163, 170, 167, 168, 161, 157, 157, 159,
    157, 159, 163, 164, 169, 164, 161, 160, 157, 155, 161, 173, 173, 172,
    169, 162, 161, 159, 157, 158, 165, 171, 183, 188, 199, 208, 221, 230,
    244, 256, 262, 267, 257, 252, 248, 244, 241, 241, 240, 236, 234, 235,
    236, 233, 236, 238, 237, 238, 239, 237, 237, 238, 239, 236, 240, 236,
    239, 239, 240, 238, 240, 239, 237, 237, 240, 240 ]
RHandPositionsY: [ 75, 73, 67, 71, 66, 69, 65, 70, 74, 73, 69, 69, 67,
    70, 65, 69, 70, 71, 73, 73, 74, 70, 68, 69, 68, 67, 71, 75, 77, 77,
    74, 75, 75, 75, 77, 81, 93, 91, 93, 90, 87, 88, 84, 82, 85, 90, 96,
    104, 109, 123, 131, 145, 152, 163, 172, 184, 189, 192, 194, 197, 204,
    207, 206, 213, 213, 217, 219, 219, 222, 224, 228, 227, 225, 224, 227,
    227, 225, 228, 224, 228, 226, 227, 227, 228, 227, 226, 227, 228, 226,
    226, 228 ]
