%YAML:1.0
---
videoName: "RHShake13.mp4"
gestureLabel: 2
fps: 30
pixelSizeInCmTemp: 3.2808219178082193e-01
faceCenterPointX: 278
faceCenterPointY: 45
LHandPositionsX: [ 306, 307, 305, 307, 309, 306, 309, 305, 309, 308, 309,
    309, 307, 309, 305, 307, 308, 309, 307, 309, 309, 306, 305, 305, 306,
    309, 308, 309, 307, 305, 306, 305, 306, 307, 309, 308, 309, 307, 306,
    306, 305, 308, 308, 308, 305, 308, 305, 305, 308, 309, 309, 306, 308,
    308, 306, 305, 309, 308, 306, 305, 309, 305, 306, 306, 308, 306, 309,
    305, 309, 309, 306, 305, 308, 307, 310, 308, 307, 310, 309, 304, 300,
    301, 304, 307, 306, 303, 305, 305, 306, 303, 306 ]
LHandPositionsY: [ 246, 242, 246, 241, 245, 242, 244, 241, 245, 244, 244,
    243, 245, 243, 243, 241, 242, 240, 240, 240, 240, 243, 241, 239, 242,
    242, 241, 240, 240, 242, 241, 242, 243, 241, 243, 242, 240, 239, 240,
    242, 239, 238, 240, 241, 241, 242, 239, 239, 239, 241, 238, 241, 241,
    241, 242, 240, 239, 240, 238, 242, 238, 242, 238, 241, 241, 238, 239,
    239, 241, 239, 240, 239, 238, 237, 235, 235, 235, 235, 234, 235, 233,
    232, 236, 237, 240, 239, 245, 245, 246, 244, 245 ]
RHandPositionsX: [ 166, 150, 138, 139, 143, 139, 145, 141, 145, 147, 149,
    146, 139, 135, 135, 138, 143, 140, 147, 143, 139, 131, 130, 130, 128,
    135, 133, 137, 137, 137, 134, 134, 130, 131, 132, 135, 137, 136, 136,
    135, 132, 135, 132, 133, 137, 145, 148, 149, 146, 146, 141, 139, 135,
    141, 139, 143, 141, 141, 142, 135, 134, 130, 130, 133, 137, 142, 145,
    148, 153, 159, 169, 179, 190, 201, 212, 224, 237, 244, 254, 254, 251,
    254, 256, 258, 259, 258, 257, 257, 259, 259, 261 ]
RHandPositionsY: [ 158, 137, 122, 118, 115, 108, 106, 100, 98, 94, 91,
    90, 86, 88, 89, 89, 86, 87, 90, 88, 85, 85, 87, 84, 87, 89, 88, 91,
    90, 88, 89, 88, 90, 88, 91, 92, 93, 90, 92, 90, 89, 92, 91, 90, 89,
    97, 95, 94, 96, 95, 92, 92, 92, 93, 96, 97, 101, 99, 98, 98, 96, 98,
    97, 95, 101, 102, 108, 108, 118, 129, 138, 147, 157, 167, 176, 187,
    196, 207, 213, 217, 215, 222, 230, 237, 237, 238, 240, 241, 237, 238,
    241 ]
