%YAML:1.0
---
videoName: "RHShake16.mp4"
gestureLabel: 2
fps: 29
pixelSizeInCmTemp: 3.2808219178082193e-01
faceCenterPointX: 281
faceCenterPointY: 44
LHandPositionsX: [ 372, 371, 372, 371, 370, 370, 371, 373, 371, 370, 369,
    373, 372, 370, 369, 369, 373, 369, 369, 372, 372, 373, 372, 369, 372,
    370, 369, 371, 369, 370, 372, 373, 372, 372, 373, 370, 372, 371, 369,
    372, 371, 371, 370, 373, 373, 373, 369, 370, 370, 369, 371, 371, 370,
    371, 373, 373, 372, 369, 373, 372, 371, 370, 373, 372, 371, 372, 369,
    373, 371, 372, 372, 370, 370, 372, 373, 371, 369, 369, 372, 373, 372,
    372, 371, 369, 373, 370, 373, 372 ]
LHandPositionsY: [ 232, 232, 231, 233, 233, 234, 234, 230, 233, 234, 230,
    232, 234, 231, 233, 234, 232, 230, 234, 232, 230, 233, 234, 233, 232,
    232, 234, 231, 231, 234, 231, 233, 233, 234, 234, 234, 230, 230, 230,
    233, 231, 232, 233, 231, 234, 233, 234, 233, 231, 234, 231, 234, 234,
    233, 230, 232, 229, 230, 229, 229, 233, 231, 232, 233, 229, 233, 229,
    229, 229, 232, 231, 229, 232, 232, 231, 231, 232, 231, 229, 233, 230,
    233, 233, 233, 229, 230, 229, 232 ]
RHandPositionsX: [ 170, 169, 168, 170, 171, 167, 170, 171, 169, 170, 169,
    169, 168, 169, 169, 171, 170, 167, 162, 156, 153, 150, 138, 132, 124,
    124, 117, 120, 121, 121, 125, 129, 136, 141, 146, 139, 137, 135, 137,
    138, 140, 143, 147, 151, 149, 149, 150, 150, 148, 147, 150, 152, 154,
    148, 147, 146, 149, 145, 145, 151, 154, 155, 155, 153, 154, 150, 151,
    154, 153, 162, 165, 171, 175, 174, 177, 175, 174, 175, 173, 169, 173,
    172, 171, 172, 172, 170, 168, 168 ]
RHandPositionsY: [ 266, 268, 265, 267, 268, 265, 269, 268, 265, 265, 265,
    265, 269, 265, 265, 265, 266, 265, 257, 245, 220, 198, 176, 161, 146,
    131, 115, 117, 111, 107, 108, 105, 98, 96, 97, 94, 90, 88, 89, 86,
    89, 88, 91, 91, 89, 86, 88, 87, 86, 87, 86, 86, 86, 86, 89, 86, 87,
    86, 90, 87, 91, 87, 87, 87, 87, 89, 88, 95, 103, 120, 132, 148, 159,
    173, 182, 188, 194, 203, 213, 217, 221, 225, 223, 233, 239, 238, 234,
    238 ]
