%YAML:1.0
---
videoName: "RHShake20.mp4"
gestureLabel: 2
fps: 29
pixelSizeInCmTemp: 3.3263888888888887e-01
faceCenterPointX: 286
faceCenterPointY: 45
LHandPositionsX: [ 391, 392, 391, 394, 394, 390, 390, 390, 391, 393, 393,
    393, 392, 393, 391, 391, 393, 393, 390, 394, 394, 390, 392, 394, 391,
    393, 394, 390, 393, 393, 392, 394, 392, 390, 393, 393, 390, 392, 393,
    390, 392, 390, 394, 392, 390, 390, 394, 390, 390, 392, 393, 394, 392,
    394, 391, 391, 392, 394, 390, 391, 392, 393, 391, 394, 391, 393, 392,
    394, 393, 390, 390, 392, 392, 391, 393, 392, 391, 392, 393, 393, 393,
    390, 391, 392, 391, 391, 393, 393 ]
LHandPositionsY: [ 246, 242, 244, 244, 242, 243, 243, 241, 242, 244, 241,
    241, 243, 240, 240, 239, 240, 243, 239, 243, 239, 241, 241, 243, 241,
    242, 242, 242, 241, 240, 242, 242, 241, 243, 240, 243, 241, 240, 239,
    241, 240, 240, 239, 242, 243, 243, 241, 243, 240, 240, 240, 242, 240,
    240, 243, 241, 240, 242, 243, 239, 242, 242, 243, 240, 241, 240, 240,
    242, 243, 242, 243, 242, 241, 243, 240, 239, 241, 243, 239, 240, 243,
    241, 243, 241, 243, 241, 241, 241 ]
RHandPositionsX: [ 162, 163, 159, 154, 155, 152, 151, 154, 157, 158, 163,
    161, 160, 155, 150, 150, 148, 150, 158, 161, 162, 161, 158, 155, 151,
    154, 151, 150, 159, 161, 161, 162, 158, 153, 158, 154, 153, 151, 157,
    164, 165, 167, 165, 161, 158, 151, 151, 153, 158, 164, 164, 165, 166,
    170, 169, 167, 166, 163, 160, 159, 161, 169, 174, 178, 181, 184, 184,
    184, 187, 185, 183, 184, 178, 177, 180, 178, 180, 179, 176, 180, 179,
    178, 180, 179, 179, 177, 177, 176 ]
RHandPositionsY: [ 109, 109, 103, 102, 99, 99, 101, 99, 99, 100, 102,
    102, 99, 98, 96, 99, 101, 102, 111, 112, 114, 113, 111, 111, 109,
    107, 105, 109, 117, 117, 117, 115, 111, 106, 109, 105, 106, 106, 113,
    121, 121, 121, 120, 117, 117, 113, 111, 111, 112, 117, 125, 126, 125,
    124, 125, 118, 116, 116, 113, 113, 119, 123, 133, 136, 144, 155, 167,
    178, 185, 192, 199, 208, 220, 225, 231, 231, 241, 241, 243, 243, 244,
    244, 245, 243, 244, 245, 245, 246 ]
