%YAML:1.0
---
videoName: "RHShake05.mp4"
gestureLabel: 2
fps: 30
pixelSizeInCmTemp: 3.1103896103896100e-01
faceCenterPointX: 295
faceCenterPointY: 47
LHandPositionsX: [ 412, 410, 408, 409, 410, 408, 410, 408, 409, 412, 409,
    409, 411, 410, 408, 412, 408, 410, 411, 410, 410, 410, 409, 410, 411,
    409, 412, 411, 408, 409, 408, 411, 408, 412, 408, 412, 409, 411, 408,
    408, 411, 409, 411, 412, 409, 411, 410, 410, 410, 409, 410, 410, 411,
    410, 410, 409, 412, 409, 411, 409, 410, 409, 410, 412, 410, 409, 408,
    410, 409, 412, 412, 408, 408, 412, 412, 411, 412, 412, 411, 411, 410,
    411, 411, 411, 412, 408, 409, 410, 410, 411, 409 ]
LHandPositionsY: [ 259, 261, 259, 257, 258, 257, 261, 260, 261, 260, 257,
    258, 258, 259, 260, 260, 259, 259, 259, 258, 259, 257, 258, 260, 260,
    261, 258, 258, 260, 259, 260, 258, 261, 258, 259, 260, 261, 259, 261,
    260, 261, 258, 259, 260, 260, 258, 261, 260, 261, 259, 261, 261, 258,
    257, 259, 261, 258, 261, 257, 257, 257, 261, 259, 259, 260, 260, 258,
    257, 260, 257, 260, 257, 260, 260, 261, 261, 261, 260, 259, 257, 257,
    258, 257, 260, 261, 260, 259, 261, 261, 260, 261 ]
RHandPositionsX: [ 173, 176, 173, 173, 174, 175, 174, 177, 174, 177, 175,
    175, 173, 174, 175, 175, 171, 172, 174, 174, 172, 172, 173, 174, 177,
    178, 183, 179, 175, 164, 149, 154, 152, 161, 163, 176, 189, 197, 189,
    184, 175, 171, 168, 171, 175, 176, 187, 185, 178, 173, 171, 168, 168,
    176, 176, 188, 185, 178, 173, 171, 170, 167, 175, 192, 194, 194, 187,
    181, 180, 181, 179, 178, 191, 193, 196, 189, 183, 172, 172, 172, 172,
    175, 182, 185, 191, 191, 181, 180, 178, 177, 177 ]
RHandPositionsY: [ 259, 260, 260, 260, 262, 261, 258, 262, 260, 260, 258,
    259, 260, 260, 260, 258, 261, 260, 258, 262, 258, 259, 262, 261, 260,
    253, 232, 207, 182, 154, 133, 130, 104, 94, 89, 92, 94, 95, 88, 85,
    83, 78, 80, 79, 86, 87, 82, 80, 77, 72, 72, 76, 81, 83, 85, 89, 88,
    86, 82, 80, 81, 86, 90, 90, 91, 90, 91, 88, 81, 83, 81, 86, 87, 93,
    93, 87, 89, 88, 85, 95, 112, 132, 159, 182, 202, 221, 227, 235, 242,
    251, 247 ]
