%YAML:1.0
---
videoName: "RHShake17.mp4"
gestureLabel: 2
fps: 29
pixelSizeInCmTemp: 3.3732394366197183e-01
faceCenterPointX: 282
faceCenterPointY: 40
LHandPositionsX: [ 308, 306, 309, 309, 309, 306, 309, 308, 306, 308, 308,
    305, 306, 308, 307, 309, 309, 307, 307, 309, 306, 308, 308, 305, 309,
    307, 305, 306, 307, 307, 307, 305, 309, 308, 307, 306, 306, 309, 306,
    309, 310, 308, 310, 308, 308, 310, 310, 307, 306, 307, 312, 308, 309,
    307, 309, 307, 308, 308, 307, 309, 308, 310, 311, 310, 308, 308, 310,
    311, 309, 309, 309, 311, 310, 307, 309, 308, 306, 307, 306, 308, 307,
    309, 307, 306, 305, 309, 309, 309 ]
LHandPositionsY: [ 232, 231, 234, 231, 235, 232, 232, 234, 231, 235, 234,
    234, 235, 234, 234, 235, 231, 235, 231, 232, 232, 232, 232, 232, 233,
    232, 234, 234, 234, 232, 231, 234, 232, 234, 234, 231, 233, 234, 232,
    233, 234, 235, 231, 233, 235, 231, 233, 235, 231, 235, 232, 233, 233,
    233, 234, 235, 231, 231, 235, 232, 235, 231, 233, 233, 232, 233, 235,
    234, 234, 233, 231, 231, 233, 233, 234, 233, 233, 235, 234, 234, 232,
    234, 234, 233, 233, 234, 234, 233 ]
RHandPositionsX: [ 212, 195, 177, 158, 142, 142, 144, 145, 144, 141, 146,
    149, 158, 155, 146, 147, 143, 144, 142, 145, 164, 159, 156, 154, 151,
    149, 145, 145, 147, 152, 153, 161, 158, 156, 149, 143, 142, 140, 138,
    154, 152, 155, 154, 161, 155, 153, 148, 153, 158, 158, 169, 171, 164,
    165, 160, 156, 151, 153, 145, 149, 153, 166, 172, 174, 176, 180, 177,
    177, 172, 172, 173, 171, 168, 167, 168, 169, 173, 169, 171, 168, 171,
    167, 168, 169, 167, 166, 166, 169 ]
RHandPositionsY: [ 202, 185, 167, 148, 130, 109, 109, 103, 98, 93, 99,
    88, 81, 77, 73, 74, 71, 66, 68, 71, 77, 76, 72, 72, 69, 65, 66, 69,
    65, 65, 66, 68, 66, 68, 66, 64, 63, 63, 67, 81, 79, 83, 81, 77, 77,
    74, 72, 74, 71, 75, 89, 91, 85, 83, 81, 78, 79, 81, 79, 83, 90, 104,
    117, 132, 145, 157, 168, 182, 189, 194, 206, 217, 224, 229, 232, 235,
    237, 239, 240, 240, 243, 241, 241, 241, 240, 244, 246, 242 ]
