%YAML:1.0
---
videoName: "RHShake04.mp4"
gestureLabel: 2
fps: 29
pixelSizeInCmTemp: 3.1513157894736843e-01
faceCenterPointX: 292
faceCenterPointY: 47
LHandPositionsX: [ 413, 413, 411, 409, 410, 410, 408, 412, 408, 413, 413,
    411, 411, 408, 408, 411, 411, 412, 410, 409, 411, 411, 406, 409, 410,
    409, 408, 405, 406, 409, 407, 405, 409, 408, 408, 405, 409, 405, 405,
    405, 408, 407, 405, 405, 408, 409, 407, 407, 406, 407, 406, 407, 406,
    405, 405, 408, 407, 408, 408, 405, 408, 405, 404, 407, 406, 403, 405,
    404, 404, 404, 403, 402, 403, 403, 402, 406, 402, 406, 404, 403, 402,
    404, 405, 405, 401, 401, 405, 405 ]
LHandPositionsY: [ 262, 264, 262, 266, 263, 263, 265, 264, 263, 264, 263,
    262, 262, 264, 263, 262, 262, 264, 261, 262, 260, 262, 262, 264, 263,
    263, 264, 263, 260, 260, 263, 262, 263, 262, 261, 263, 260, 260, 262,
    264, 262, 261, 260, 264, 261, 261, 260, 261, 260, 262, 264, 262, 261,
    262, 263, 261, 263, 263, 263, 263, 260, 261, 259, 262, 261, 260, 260,
    258, 262, 260, 259, 262, 259, 261, 259, 258, 258, 261, 262, 258, 259,
    260, 258, 258, 258, 260, 259, 258 ]
RHandPositionsX: [ 178, 180, 181, 183, 183, 179, 182, 181, 178, 177, 181,
    181, 178, 179, 179, 178, 177, 177, 179, 176, 177, 175, 179, 180, 180,
    175, 171, 166, 163, 163, 165, 168, 181, 189, 192, 188, 186, 182, 172,
    171, 166, 170, 172, 173, 177, 178, 179, 172, 166, 167, 165, 169, 175,
    179, 180, 177, 173, 171, 170, 173, 168, 174, 178, 185, 193, 190, 182,
    180, 174, 171, 171, 172, 171, 175, 184, 188, 193, 189, 188, 188, 189,
    189, 186, 180, 176, 176, 173, 172 ]
RHandPositionsY: [ 268, 267, 267, 268, 267, 263, 265, 264, 266, 265, 268,
    266, 269, 268, 270, 266, 267, 268, 270, 271, 270, 272, 267, 247, 221,
    193, 172, 150, 125, 125, 120, 105, 97, 102, 104, 103, 99, 96, 96, 94,
    88, 91, 95, 95, 95, 97, 97, 95, 95, 90, 95, 94, 96, 97, 100, 96, 94,
    97, 94, 92, 92, 96, 99, 98, 95, 97, 93, 93, 92, 95, 94, 97, 99, 105,
    123, 134, 144, 150, 162, 179, 194, 210, 222, 228, 236, 244, 250, 248 ]
