%YAML:1.0
---
videoName: "RHShake16.mp4"
gestureLabel: 2
fps: 29
pixelSizeInCmTemp: 3.2808219178082193e-01
faceCenterPointX: 281
faceCenterPointY: 44
LHandPositionsX: [ 371, 372, 372, 370, 373, 370, 371, 373, 373, 370, 370,
    369, 373, 371, 371, 370, 371, 370, 369, 369, 369, 370, 369, 370, 373,
    371, 369, 370, 369, 373, 369, 369, 370, 370, 373, 372, 373, 372, 369,
    372, 371, 370, 369, 372, 371, 369, 370, 373, 371, 373, 370, 370, 369,
    369, 369, 371, 373, 370, 369, 373, 373, 372, 370, 373, 369, 373, 371,
    372, 369, 372, 370, 370, 372, 370, 370, 370, 369, 372, 372, 369, 373,
    370, 369, 373, 370, 373, 371, 372 ]
LHandPositionsY: [ 233, 230, 234, 232, 231, 230, 230, 231, 230, 233, 233,
    232, 231, 230, 230, 234, 234, 233, 230, 234, 234, 233, 232, 232, 234,
    230, 233, 232, 232, 232, 234, 231, 234, 232, 232, 233, 233, 230, 233,
    232, 232, 231, 234, 230, 231, 231, 232, 234, 230, 234, 234, 233, 230,
    231, 232, 229, 232, 229, 233, 233, 231, 230, 230, 232, 230, 230, 232,
    232, 230, 232, 229, 232, 233, 230, 231, 229, 233, 232, 231, 229, 231,
    232, 230, 230, 233, 233, 229, 232 ]
RHandPositionsX: [ 168, 169, 170, 167, 170, 169, 170, 168, 167, 170, 170,
    171, 168, 169, 168, 171, 171, 170, 161, 156, 153, 146, 138, 129, 127,
    125, 115, 123, 124, 125, 127, 128, 139, 143, 142, 138, 137, 134, 137,
    137, 139, 145, 151, 148, 146, 149, 149, 148, 145, 147, 151, 152, 154,
    150, 147, 145, 149, 144, 146, 152, 155, 157, 154, 155, 154, 150, 148,
    151, 150, 163, 167, 173, 172, 174, 176, 172, 178, 176, 171, 170, 169,
    169, 172, 171, 170, 169, 169, 169 ]
RHandPositionsY: [ 267, 266, 269, 265, 269, 267, 268, 267, 266, 265, 269,
    267, 268, 266, 268, 266, 264, 265, 254, 245, 217, 197, 177, 161, 146,
    131, 116, 116, 108, 104, 107, 105, 100, 97, 94, 94, 94, 89, 89, 87,
    89, 92, 90, 89, 90, 88, 86, 88, 89, 85, 89, 90, 89, 89, 89, 85, 85,
    85, 89, 89, 92, 91, 90, 90, 87, 86, 91, 96, 102, 120, 135, 147, 159,
    173, 183, 192, 196, 201, 212, 219, 222, 223, 222, 231, 238, 237, 236,
    238 ]
