%YAML:1.0
---
videoName: "RHShake06.mp4"
gestureLabel: 2
fps: 30
pixelSizeInCmTemp: 3.2808219178082193e-01
faceCenterPointX: 293
faceCenterPointY: 43
LHandPositionsX: [ 308, 309, 309, 309, 308, 306, 306, 306, 308, 309, 310,
    309, 307, 309, 309, 310, 312, 312, 312, 318, 318, 323, 320, 322, 320,
    320, 323, 321, 323, 323, 320, 320, 322, 323, 326, 322, 324, 322, 322,
    322, 323, 325, 324, 322, 326, 326, 325, 323, 326, 322, 324, 326, 322,
    325, 323, 323, 322, 323, 325, 323, 323, 322, 323, 326, 326, 322, 326,
    322, 322, 323, 323, 325, 326, 325, 325, 323, 323, 324, 324, 324, 322,
    322, 323, 317, 318, 315, 311, 310, 310, 311, 313 ]
LHandPositionsY: [ 268, 266, 267, 267, 269, 266, 269, 267, 268, 269, 267,
    267, 266, 269, 266, 269, 266, 267, 264, 264, 262, 263, 261, 263, 260,
    263, 261, 260, 258, 261, 261, 260, 258, 261, 261, 258, 259, 259, 259,
    258, 262, 262, 262, 261, 258, 260, 260, 260, 261, 261, 262, 260, 259,
    262, 260, 261, 259, 258, 259, 261, 258, 261, 261, 258, 262, 260, 261,
    261, 262, 258, 261, 259, 258, 261, 262, 262, 260, 259, 261, 260, 259,
    259, 261, 264, 263, 265, 266, 265, 264, 264, 262 ]
RHandPositionsX: [ 286, 286, 286, 284, 284, 288, 288, 286, 284, 286, 288,
    284, 286, 287, 287, 286, 284, 286, 276, 264, 245, 227, 202, 178, 162,
    147, 139, 133, 141, 137, 143, 145, 161, 166, 161, 161, 162, 159, 160,
    156, 163, 172, 180, 188, 189, 183, 178, 173, 168, 171, 167, 168, 176,
    180, 182, 181, 179, 190, 178, 170, 171, 164, 164, 180, 182, 178, 175,
    170, 164, 163, 165, 168, 171, 183, 192, 193, 210, 222, 230, 243, 250,
    254, 255, 248, 245, 252, 255, 251, 253, 253, 253 ]
RHandPositionsY: [ 268, 267, 268, 267, 267, 267, 267, 267, 270, 268, 266,
    266, 266, 270, 267, 269, 267, 269, 264, 262, 248, 234, 218, 198, 182,
    160, 137, 124, 110, 104, 115, 116, 127, 115, 111, 104, 97, 87, 92,
    91, 92, 96, 97, 101, 98, 94, 95, 92, 89, 87, 84, 88, 93, 102, 102,
    98, 95, 98, 98, 95, 91, 88, 93, 101, 103, 100, 102, 103, 103, 106,
    114, 130, 144, 162, 177, 179, 195, 204, 216, 226, 233, 236, 236, 239,
    236, 241, 244, 240, 243, 243, 244 ]
