%YAML:1.0
---
videoName: "RHShake01.mp4"
gestureLabel: 2
fps: 29
pixelSizeInCmTemp: 3.1513157894736843e-01
faceCenterPointX: 292
faceCenterPointY: 51
LHandPositionsX: [ 393, 396, 392, 394, 395, 393, 395, 393, 394, 394, 395,
    395, 395, 393, 392, 392, 395, 394, 395, 395, 391, 394, 392, 392, 391,
    392, 395, 392, 394, 393, 395, 394, 393, 391, 395, 392, 394, 395, 395,
    394, 393, 393, 391, 395, 393, 392, 394, 392, 395, 392, 391, 392, 392,
    393, 392, 394, 391, 391, 392, 391, 395, 395, 391, 394, 395, 391, 391,
    393, 391, 394, 392, 394, 392, 395, 393, 395, 392, 393, 394, 394, 393,
    393, 394, 394, 393, 392, 394, 395 ]
LHandPositionsY: [ 254, 257, 256, 253, 256, 257, 254, 256, 255, 256, 253,
    256, 256, 254, 256, 256, 257, 256, 255, 253, 257, 255, 254, 254, 253,
    257, 256, 257, 253, 257, 254, 254, 257, 254, 257, 257, 257, 256, 253,
    255, 256, 254, 257, 255, 253, 253, 255, 253, 255, 254, 257, 253, 253,
    253, 255, 257, 256, 255, 255, 256, 256, 254, 256, 253, 253, 254, 255,
    255, 257, 254, 254, 253, 256, 256, 257, 253, 253, 257, 256, 253, 257,
    254, 257, 256, 256, 257, 256, 256 ]
RHandPositionsX: [ 167, 169, 167, 171, 168, 167, 167, 168, 168, 168, 170,
    168, 171, 171, 168, 169, 169, 167, 167, 169, 168, 172, 169, 168, 170,
    172, 169, 177, 175, 167, 163, 158, 158, 151, 159, 163, 168, 180, 190,
    193, 192, 185, 181, 177, 174, 176, 177, 189, 196, 197, 189, 189, 181,
    178, 177, 179, 177, 185, 186, 193, 189, 195, 195, 187, 181, 176, 175,
    181, 185, 194, 194, 198, 197, 196, 191, 187, 190, 187, 186, 183, 176,
    174, 174, 174, 174, 174, 172, 174 ]
RHandPositionsY: [ 278, 280, 276, 277, 276, 280, 280, 280, 280, 279, 280,
    279, 277, 276, 276, 280, 277, 276, 280, 278, 279, 277, 278, 277, 276,
    276, 268, 246, 227, 206, 186, 169, 150, 133, 130, 116, 108, 109, 110,
    108, 109, 102, 101, 99, 99, 100, 98, 98, 100, 100, 99, 93, 97, 95,
    92, 92, 96, 98, 100, 100, 101, 97, 98, 99, 97, 97, 94, 96, 104, 107,
    111, 123, 133, 148, 159, 178, 193, 204, 202, 211, 219, 229, 235, 244,
    244, 244, 246, 246 ]
