%YAML:1.0
---
videoName: "RHShake18.mp4"
gestureLabel: 2
fps: 30
pixelSizeInCmTemp: 3.3732394366197183e-01
faceCenterPointX: 275
faceCenterPointY: 40
LHandPositionsX: [ 379, 379, 375, 378, 379, 379, 379, 377, 379, 375, 375,
    376, 378, 378, 377, 378, 375, 379, 376, 379, 378, 376, 378, 376, 375,
    375, 377, 378, 375, 379, 378, 377, 376, 378, 378, 379, 377, 377, 377,
    378, 377, 377, 378, 379, 376, 378, 375, 376, 374, 371, 374, 368, 363,
    356, 353, 348, 336, 335, 322, 316, 303, 299, 302, 298, 298, 288, 287,
    292, 294, 295, 294, 292, 292, 290, 289, 293, 289, 288, 288, 290, 288,
    289, 286, 286, 287, 285, 285, 288, 287, 288, 286 ]
LHandPositionsY: [ 232, 231, 229, 233, 233, 232, 231, 233, 233, 229, 230,
    230, 230, 231, 231, 233, 232, 232, 233, 233, 231, 229, 233, 232, 232,
    229, 231, 230, 230, 231, 231, 233, 232, 233, 229, 231, 233, 231, 233,
    229, 230, 232, 231, 231, 233, 230, 233, 230, 232, 228, 233, 236, 239,
    238, 236, 236, 233, 233, 230, 231, 228, 233, 231, 232, 235, 234, 236,
    239, 237, 238, 243, 243, 243, 241, 240, 239, 241, 242, 240, 243, 240,
    241, 241, 242, 243, 241, 239, 240, 241, 240, 241 ]
RHandPositionsX: [ 156, 154, 152, 148, 147, 151, 152, 160, 163, 163, 166,
    162, 156, 155, 149, 148, 156, 165, 170, 169, 170, 161, 159, 156, 156,
    155, 157, 162, 165, 167, 163, 160, 156, 156, 155, 160, 174, 174, 174,
    169, 165, 158, 160, 155, 160, 165, 171, 180, 188, 197, 208, 220, 231,
    241, 255, 263, 268, 255, 253, 248, 245, 243, 240, 236, 239, 234, 234,
    235, 236, 237, 238, 240, 240, 236, 239, 239, 239, 237, 236, 238, 237,
    240, 238, 240, 237, 237, 240, 236, 237, 237, 238 ]
RHandPositionsY: [ 71, 72, 67, 68, 66, 68, 68, 71, 70, 74, 70, 67, 71,
    70, 68, 69, 70, 71, 72, 71, 70, 69, 70, 70, 65, 67, 72, 75, 77, 74,
    77, 72, 72, 72, 76, 79, 93, 89, 93, 89, 86, 88, 84, 82, 83, 88, 100,
    101, 113, 125, 131, 143, 155, 164, 174, 182, 192, 195, 194, 200, 204,
    207, 206, 210, 214, 217, 219, 221, 222, 225, 228, 226, 225, 227, 228,
    224, 227, 228, 227, 227, 225, 225, 225, 226, 226, 224, 228, 228, 228,
    227, 228 ]
