%YAML:1.0
---
videoName: "RHShake09.mp4"
gestureLabel: 2
fps: 29
pixelSizeInCmTemp: 3.1103896103896100e-01
faceCenterPointX: 296
faceCenterPointY: 48
LHandPositionsX: [ 324, 327, 322, 325, 323, 324, 324, 320, 321, 317, 317,
    315, 314, 312, 311, 312, 309, 310, 309, 310, 307, 307, 308, 305, 305,
    308, 305, 307, 304, 306, 305, 310, 308, 311, 307, 307, 308, 308, 311,
    311, 308, 310, 311, 309, 313, 310, 309, 311, 313, 311, 312, 313, 315,
    314, 313, 314, 313, 313, 313, 315, 316, 313, 317, 317, 316, 317, 315,
    318, 317, 315, 316, 317, 318, 315, 316, 313, 316, 316, 316, 316, 313,
    317, 315, 317, 316, 317, 318, 318 ]
LHandPositionsY: [ 266, 268, 270, 269, 268, 271, 269, 271, 271, 272, 274,
    271, 271, 276, 271, 274, 274, 275, 273, 272, 274, 272, 273, 273, 274,
    273, 276, 274, 275, 273, 277, 274, 276, 276, 277, 277, 276, 274, 276,
    273, 277, 275, 274, 274, 274, 275, 277, 277, 274, 275, 276, 277, 276,
    276, 276, 274, 277, 276, 275, 274, 274, 274, 276, 273, 273, 276, 275,
    273, 273, 273, 273, 274, 273, 276, 275, 273, 274, 273, 273, 272, 273,
    276, 271, 271, 273, 274, 271, 274 ]
RHandPositionsX: [ 262, 262, 265, 262, 265, 261, 265, 264, 260, 261, 262,
    263, 260, 259, 257, 260, 259, 256, 260, 258, 255, 258, 257, 256, 257,
    255, 254, 256, 255, 259, 262, 264, 257, 240, 222, 206, 190, 179, 170,
    174, 171, 172, 183, 183, 187, 185, 184, 181, 181, 177, 188, 190, 189,
    199, 191, 187, 181, 178, 178, 186, 183, 183, 194, 188, 186, 180, 177,
    175, 175, 179, 185, 188, 188, 180, 177, 177, 181, 181, 184, 193, 193,
    192, 200, 203, 206, 215, 226, 240 ]
RHandPositionsY: [ 261, 265, 266, 263, 266, 268, 267, 266, 268, 268, 265,
    265, 269, 267, 266, 267, 268, 267, 267, 266, 266, 265, 269, 266, 265,
    268, 268, 266, 269, 270, 266, 261, 244, 233, 212, 199, 175, 158, 136,
    134, 116, 109, 106, 109, 108, 106, 100, 90, 86, 88, 89, 94, 94, 96,
    92, 94, 86, 90, 87, 88, 96, 94, 99, 95, 90, 84, 88, 87, 90, 98, 96,
    95, 93, 95, 94, 90, 87, 91, 98, 107, 103, 110, 123, 135, 143, 153,
    170, 184 ]
