%YAML:1.0
---
videoName: "RHShake10.mp4"
gestureLabel: 2
fps: 29
pixelSizeInCmTemp: 3.1933333333333330e-01
faceCenterPointX: 295
faceCenterPointY: 45
LHandPositionsX: [ 340, 341, 341, 341, 338, 340, 335, 334, 335, 330, 334,
    331, 328, 327, 327, 328, 327, 325, 325, 327, 326, 327, 330, 326, 329,
    327, 328, 328, 330, 329, 328, 328, 326, 326, 327, 326, 327, 330, 330,
    329, 329, 328, 330, 328, 327, 328, 329, 329, 328, 330, 328, 327, 327,
    328, 329, 328, 329, 326, 326, 330, 329, 327, 327, 327, 327, 330, 329,
    326, 328, 328, 328, 328, 326, 329, 327, 329, 330, 331, 328, 329, 328,
    332, 327, 331, 331, 327, 329, 329 ]
LHandPositionsY: [ 266, 264, 265, 265, 268, 266, 267, 267, 270, 268, 271,
    270, 272, 271, 272, 274, 271, 272, 272, 272, 273, 271, 272, 273, 272,
    271, 270, 270, 270, 272, 271, 269, 273, 271, 273, 271, 269, 272, 270,
    272, 271, 269, 270, 268, 268, 270, 272, 268, 270, 270, 271, 268, 268,
    272, 272, 272, 269, 271, 271, 270, 268, 269, 270, 269, 269, 269, 269,
    268, 272, 270, 270, 272, 269, 267, 270, 267, 269, 270, 267, 271, 269,
    271, 269, 269, 269, 270, 272, 272 ]
RHandPositionsX: [ 260, 262, 261, 261, 259, 260, 261, 263, 257, 260, 261,
    259, 260, 259, 261, 259, 259, 254, 259, 251, 240, 221, 199, 181, 169,
    154, 135, 136, 137, 137, 142, 153, 153, 162, 167, 164, 158, 159, 162,
    158, 164, 171, 177, 179, 177, 179, 173, 168, 169, 169, 176, 189, 189,
    195, 192, 180, 177, 177, 176, 180, 181, 190, 190, 192, 189, 181, 177,
    173, 176, 181, 176, 189, 198, 206, 212, 221, 228, 231, 234, 243, 250,
    253, 252, 257, 261, 259, 262, 263 ]
RHandPositionsY: [ 268, 266, 267, 265, 265, 263, 267, 267, 266, 264, 268,
    267, 266, 266, 267, 268, 268, 264, 267, 254, 243, 228, 212, 189, 172,
    153, 129, 114, 111, 98, 87, 89, 90, 91, 84, 83, 79, 76, 79, 80, 79,
    84, 88, 84, 82, 76, 75, 75, 75, 78, 82, 90, 89, 93, 87, 85, 83, 84,
    80, 82, 91, 94, 90, 94, 89, 88, 83, 83, 81, 84, 96, 104, 127, 144,
    162, 181, 199, 213, 226, 242, 256, 258, 261, 264, 264, 265, 267, 270 ]
