%YAML:1.0
---
videoName: "RHShake01.mp4"
gestureLabel: 2
fps: 29
pixelSizeInCmTemp: 3.1513157894736843e-01
faceCenterPointX: 292
faceCenterPointY: 51
LHandPositionsX: [ 392, 395, 394, 392, 392, 395, 392, 392, 394, 396, 392,
    394, 395, 395, 394, 395, 394, 391, 395, 395, 394, 393, 391, 391, 395,
    394, 391, 391, 392, 394, 394, 391, 395, 394, 393, 394, 395, 392, 395,
    395, 393, 393, 391, 393, 392, 392, 391, 393, 394, 392, 391, 391, 393,
    392, 392, 393, 395, 392, 393, 395, 393, 391, 395, 391, 394, 392, 393,
    391, 392, 393, 393, 394, 394, 393, 394, 394, 394, 394, 393, 394, 392,
    392, 394, 391, 392, 393, 395, 392 ]
LHandPositionsY: [ 254, 254, 256, 255, 257, 254, 254, 256, 253, 256, 256,
    253, 255, 255, 253, 254, 255, 255, 257, 256, 253, 256, 256, 257, 253,
    256, 257, 255, 257, 253, 254, 255, 256, 256, 255, 257, 257, 253, 257,
    255, 257, 256, 253, 257, 254, 256, 256, 257, 253, 257, 256, 254, 253,
    256, 257, 256, 255, 256, 254, 256, 257, 254, 253, 253, 254, 257, 255,
    254, 257, 255, 255, 256, 257, 257, 253, 253, 257, 257, 255, 255, 253,
    253, 255, 253, 256, 255, 257, 255 ]
RHandPositionsX: [ 169, 169, 169, 168, 170, 169, 167, 167, 169, 170, 168,
    169, 169, 171, 168, 170, 168, 167, 171, 169, 172, 169, 170, 169, 172,
    170, 170, 174, 173, 167, 162, 162, 155, 151, 158, 159, 169, 178, 190,
    191, 191, 186, 182, 175, 174, 176, 175, 185, 196, 196, 191, 188, 185,
    180, 177, 180, 179, 182, 184, 191, 191, 194, 196, 184, 182, 178, 176,
    181, 185, 190, 193, 197, 195, 198, 195, 191, 189, 190, 189, 180, 178,
    175, 173, 175, 174, 173, 176, 174 ]
RHandPositionsY: [ 278, 277, 277, 280, 280, 277, 279, 279, 279, 276, 277,
    278, 280, 277, 276, 278, 279, 276, 279, 279, 276, 277, 280, 280, 279,
    273, 266, 246, 228, 205, 186, 168, 153, 134, 128, 117, 108, 110, 110,
    109, 109, 104, 103, 99, 98, 98, 96, 97, 103, 99, 99, 95, 95, 92, 93,
    91, 96, 98, 100, 101, 102, 99, 102, 97, 95, 98, 97, 97, 103, 107,
    114, 123, 134, 146, 161, 179, 192, 202, 206, 214, 218, 227, 236, 243,
    242, 245, 242, 248 ]
