%YAML:1.0
---
videoName: "RHShake04.mp4"
gestureLabel: 2
fps: 29
pixelSizeInCmTemp: 3.1513157894736843e-01
faceCenterPointX: 292
faceCenterPointY: 47
LHandPositionsX: [ 412, 413, 413, 409, 410, 410, 408, 409, 411, 412, 412,
    410, 412, 409, 408, 411, 410, 409, 407, 408, 410, 408, 407, 410, 407,
    409, 409, 406, 408, 408, 405, 409, 407, 407, 407, 408, 407, 407, 408,
    408, 409, 405, 409, 405, 408, 405, 408, 406, 407, 408, 406, 405, 405,
    406, 406, 405, 407, 408, 407, 408, 407, 407, 404, 407, 404, 403, 403,
    402, 402, 406, 405, 402, 405, 403, 403, 405, 404, 402, 404, 403, 405,
    402, 403, 405, 405, 405, 401, 401 ]
LHandPositionsY: [ 266, 263, 264, 264, 263, 264, 264, 262, 262, 263, 265,
    265, 261, 262, 264, 262, 263, 262, 264, 264, 260, 263, 263, 263, 263,
    260, 261, 263, 261, 260, 260, 262, 262, 261, 262, 262, 262, 264, 262,
    261, 264, 262, 262, 262, 261, 263, 264, 263, 264, 262, 264, 260, 263,
    260, 263, 264, 263, 260, 263, 262, 264, 262, 259, 263, 260, 260, 260,
    262, 260, 259, 262, 261, 259, 259, 258, 261, 260, 258, 262, 258, 257,
    259, 258, 261, 260, 259, 261, 258 ]
RHandPositionsX: [ 181, 181, 179, 182, 180, 180, 180, 179, 180, 181, 180,
    180, 181, 180, 180, 177, 180, 178, 175, 176, 177, 176, 178, 180, 183,
    176, 171, 165, 161, 163, 165, 165, 181, 186, 195, 191, 189, 179, 174,
    171, 166, 170, 171, 176, 177, 176, 179, 172, 168, 165, 165, 170, 179,
    178, 181, 180, 175, 172, 171, 173, 169, 174, 180, 184, 194, 191, 185,
    179, 172, 172, 172, 170, 173, 174, 183, 192, 193, 191, 188, 189, 189,
    185, 185, 178, 174, 174, 174, 174 ]
RHandPositionsY: [ 267, 268, 264, 265, 264, 266, 266, 263, 265, 265, 266,
    268, 270, 271, 270, 268, 267, 270, 269, 270, 272, 274, 268, 244, 224,
    197, 171, 146, 123, 124, 120, 102, 100, 102, 104, 100, 100, 96, 94,
    91, 91, 90, 93, 96, 96, 97, 94, 92, 92, 90, 94, 94, 98, 97, 96, 98,
    96, 93, 92, 90, 91, 94, 99, 99, 94, 94, 95, 94, 93, 93, 93, 96, 102,
    106, 120, 130, 142, 154, 166, 181, 195, 212, 223, 226, 237, 243, 246,
    247 ]
