%YAML:1.0
---
videoName: "RHShake09.mp4"
gestureLabel: 2
fps: 29
pixelSizeInCmTemp: 3.1103896103896100e-01
faceCenterPointX: 296
faceCenterPointY: 48
LHandPositionsX: [ 327, 323, 325, 324, 326, 322, 324, 322, 317, 316, 317,
    317, 316, 311, 311, 313, 309, 312, 308, 311, 310, 306, 310, 308, 305,
    309, 305, 306, 308, 306, 307, 306, 311, 309, 309, 308, 307, 311, 311,
    310, 307, 310, 307, 312, 310, 309, 311, 310, 313, 311, 310, 315, 314,
    314, 311, 315, 316, 312, 312, 314, 315, 317, 317, 317, 316, 314, 314,
    316, 315, 317, 314, 315, 316, 314, 313, 315, 313, 315, 315, 314, 313,
    317, 315, 316, 317, 314, 316, 315 ]
LHandPositionsY: [ 267, 265, 271, 271, 268, 268, 268, 272, 269, 270, 274,
    271, 273, 275, 275, 272, 272, 273, 275, 273, 272, 273, 273, 274, 272,
    276, 273, 276, 276, 275, 275, 274, 273, 273, 277, 275, 274, 276, 273,
    276, 275, 275, 276, 277, 273, 273, 276, 275, 274, 274, 273, 275, 273,
    277, 272, 273, 276, 275, 276, 272, 275, 275, 272, 272, 275, 273, 272,
    276, 276, 273, 275, 274, 276, 274, 272, 276, 276, 273, 273, 276, 272,
    273, 275, 275, 276, 272, 271, 272 ]
RHandPositionsX: [ 263, 266, 263, 261, 263, 265, 264, 263, 262, 259, 260,
    261, 257, 258, 260, 257, 260, 260, 259, 256, 255, 257, 258, 254, 257,
    255, 254, 254, 253, 258, 266, 264, 257, 241, 222, 202, 188, 179, 170,
    174, 175, 174, 180, 185, 186, 186, 180, 178, 181, 176, 188, 188, 187,
    199, 195, 188, 178, 175, 178, 187, 182, 182, 195, 190, 186, 181, 177,
    175, 174, 183, 181, 188, 187, 181, 178, 180, 179, 180, 184, 189, 193,
    192, 199, 202, 209, 217, 226, 238 ]
RHandPositionsY: [ 263, 266, 264, 265, 264, 264, 268, 264, 267, 268, 267,
    269, 267, 267, 266, 265, 268, 268, 266, 266, 266, 267, 267, 268, 267,
    267, 266, 266, 265, 269, 268, 257, 248, 230, 212, 195, 174, 159, 135,
    133, 117, 111, 108, 110, 111, 102, 99, 87, 87, 87, 90, 96, 96, 96,
    93, 92, 87, 86, 89, 87, 94, 96, 98, 97, 93, 85, 87, 90, 90, 97, 95,
    99, 95, 94, 93, 91, 88, 93, 99, 104, 105, 109, 124, 132, 141, 155,
    168, 185 ]
