%YAML:1.0
---
videoName: "RHShake06.mp4"
gestureLabel: 2
fps: 30
pixelSizeInCmTemp: 3.2808219178082193e-01
faceCenterPointX: 293
faceCenterPointY: 43
LHandPositionsX: [ 309, 310, 310, 308, 309, 308, 306, 310, 307, 307, 310,
    307, 306, 307, 310, 308, 309, 313, 315, 315, 319, 321, 323, 319, 322,
    320, 319, 322, 319, 322, 321, 322, 324, 324, 324, 326, 324, 325, 322,
    324, 322, 324, 326, 322, 323, 326, 325, 325, 323, 324, 325, 323, 324,
    324, 322, 323, 325, 326, 326, 322, 322, 322, 323, 322, 326, 326, 326,
    324, 325, 324, 323, 324, 324, 326, 325, 325, 322, 324, 325, 324, 323,
    326, 324, 318, 317, 313, 312, 311, 313, 311, 312 ]
LHandPositionsY: [ 269, 267, 270, 269, 270, 266, 266, 267, 266, 270, 266,
    266, 267, 266, 269, 269, 266, 267, 267, 264, 265, 263, 263, 262, 262,
    261, 263, 259, 260, 258, 258, 258, 259, 259, 259, 258, 261, 259, 258,
    258, 259, 261, 258, 260, 259, 262, 262, 258, 261, 258, 258, 259, 260,
    258, 259, 261, 259, 261, 260, 261, 258, 259, 262, 262, 262, 261, 260,
    261, 262, 261, 259, 259, 262, 261, 261, 258, 262, 258, 260, 261, 258,
    259, 259, 261, 264, 265, 267, 265, 262, 264, 265 ]
RHandPositionsX: [ 288, 287, 285, 285, 288, 287, 287, 285, 286, 284, 284,
    285, 287, 286, 286, 285, 285, 286, 276, 266, 242, 226, 203, 180, 160,
    144, 139, 134, 139, 141, 143, 147, 164, 165, 164, 163, 164, 162, 158,
    159, 160, 169, 183, 191, 188, 185, 180, 173, 171, 170, 170, 167, 176,
    183, 181, 181, 182, 187, 180, 173, 172, 167, 167, 182, 178, 177, 175,
    173, 163, 163, 164, 166, 172, 182, 194, 190, 207, 222, 230, 242, 250,
    252, 254, 247, 245, 254, 257, 253, 254, 255, 256 ]
RHandPositionsY: [ 266, 267, 266, 270, 267, 268, 267, 269, 268, 269, 268,
    268, 268, 268, 270, 270, 267, 267, 264, 258, 249, 232, 219, 199, 182,
    161, 138, 123, 111, 104, 114, 119, 129, 118, 111, 106, 99, 87, 91,
    90, 93, 94, 95, 99, 99, 96, 95, 90, 89, 91, 86, 88, 95, 98, 100, 97,
    96, 102, 95, 96, 92, 89, 95, 99, 99, 100, 102, 102, 103, 107, 116,
    128, 145, 160, 178, 183, 196, 205, 213, 223, 230, 236, 239, 240, 240,
    242, 240, 244, 243, 243, 243 ]
