%YAML:1.0
---
videoName: "RHShake12.mp4"
gestureLabel: 2
fps: 29
pixelSizeInCmTemp: 3.3732394366197183e-01
faceCenterPointX: 299
faceCenterPointY: 45
LHandPositionsX: [ 407, 404, 404, 404, 406, 407, 407, 407, 408, 405, 404,
    406, 407, 405, 408, 408, 405, 407, 408, 406, 408, 407, 405, 408, 407,
    405, 406, 408, 407, 405, 406, 408, 406, 408, 405, 408, 408, 408, 408,
    404, 404, 407, 406, 407, 407, 404, 405, 408, 408, 406, 404, 404, 407,
    405, 404, 405, 408, 407, 407, 408, 406, 406, 406, 407, 407, 405, 406,
    406, 404, 408, 408, 406, 405, 406, 405, 407, 408, 404, 407, 406, 408,
    408, 407, 405, 406, 405, 408, 408 ]
LHandPositionsY: [ 239, 243, 241, 240, 239, 240, 239, 239, 240, 243, 243,
    241, 240, 242, 243, 242, 240, 243, 239, 241, 239, 241, 243, 243, 241,
    239, 240, 239, 243, 242, 243, 241, 240, 239, 242, 240, 240, 241, 241,
    240, 243, 243, 240, 242, 243, 240, 243, 242, 240, 241, 243, 241, 242,
    242, 241, 243, 242, 240, 241, 241, 241, 241, 242, 242, 242, 240, 241,
    239, 239, 239, 242, 239, 241, 239, 239, 241, 241, 243, 241, 239, 239,
    241, 239, 241, 240, 240, 240, 239 ]
RHandPositionsX: [ 167, 168, 164, 161, 164, 174, 179, 193, 192, 197, 193,
    184, 177, 170, 170, 166, 170, 178, 189, 189, 188, 183, 180, 173, 168,
    167, 169, 175, 185, 191, 191, 193, 184, 179, 174, 178, 175, 176, 179,
    190, 194, 194, 183, 179, 175, 177, 173, 172, 180, 191, 193, 191, 197,
    188, 183, 180, 177, 174, 175, 176, 180, 192, 202, 199, 204, 200, 195,
    187, 186, 184, 185, 187, 190, 192, 196, 196, 198, 198, 202, 203, 200,
    200, 196, 199, 198, 200, 200, 198 ]
RHandPositionsY: [ 138, 126, 121, 112, 107, 94, 94, 106, 107, 110, 102,
    93, 93, 89, 89, 87, 85, 89, 103, 102, 105, 97, 90, 89, 89, 86, 85,
    90, 100, 111, 109, 108, 100, 94, 93, 96, 88, 87, 98, 110, 114, 114,
    101, 98, 94, 95, 91, 85, 93, 110, 109, 114, 111, 100, 94, 92, 90, 89,
    88, 88, 92, 111, 118, 117, 118, 117, 111, 106, 114, 114, 115, 126,
    137, 147, 158, 161, 167, 174, 183, 193, 203, 210, 214, 221, 220, 226,
    232, 229 ]
