%YAML:1.0
---
videoName: "RHShake20.mp4"
gestureLabel: 2
fps: 29
pixelSizeInCmTemp: 3.3263888888888887e-01
faceCenterPointX: 286
faceCenterPointY: 45
LHandPositionsX: [ 390, 393, 394, 391, 392, 393, 391, 390, 394, 390, 392,
    392, 390, 394, 394, 391, 393, 390, 393, 393, 393, 393, 392, 394, 391,
    390, 390, 392, 391, 392, 390, 394, 390, 390, 393, 391, 394, 394, 393,
    394, 394, 391, 394, 394, 392, 390, 390, 392, 392, 391, 390, 391, 394,
    392, 393, 392, 393, 392, 393, 392, 392, 392, 393, 394, 394, 394, 394,
    393, 393, 393, 391, 390, 392, 391, 393, 394, 393, 390, 393, 393, 392,
    390, 390, 394, 390, 392, 390, 392 ]
LHandPositionsY: [ 243, 243, 244, 246, 243, 241, 242, 245, 241, 242, 241,
    243, 240, 239, 242, 242, 239, 241, 243, 239, 239, 243, 241, 243, 241,
    239, 241, 239, 239, 241, 241, 241, 240, 240, 239, 240, 243, 242, 242,
    240, 243, 242, 243, 242, 239, 239, 241, 240, 239, 241, 242, 241, 242,
    239, 241, 242, 239, 242, 242, 243, 243, 243, 241, 243, 240, 243, 242,
    242, 243, 239, 240, 239, 243, 239, 242, 240, 242, 241, 241, 240, 242,
    241, 239, 241, 242, 242, 240, 240 ]
RHandPositionsX: [ 163, 161, 158, 158, 151, 155, 153, 158, 158, 158, 162,
    161, 157, 153, 153, 153, 150, 150, 157, 161, 164, 160, 157, 152, 151,
    155, 150, 154, 160, 160, 161, 162, 159, 155, 155, 152, 151, 148, 157,
    165, 165, 165, 164, 160, 155, 152, 154, 154, 159, 160, 167, 168, 166,
    169, 167, 169, 164, 167, 160, 157, 165, 167, 171, 179, 181, 183, 186,
    188, 184, 181, 186, 184, 182, 177, 180, 176, 180, 177, 177, 180, 178,
    178, 179, 177, 178, 177, 180, 180 ]
RHandPositionsY: [ 111, 110, 105, 103, 98, 100, 101, 99, 103, 103, 104,
    100, 100, 99, 97, 98, 100, 105, 115, 112, 117, 115, 114, 112, 107,
    105, 108, 108, 118, 120, 120, 112, 109, 106, 107, 106, 106, 108, 116,
    122, 121, 120, 124, 120, 114, 115, 111, 112, 111, 116, 122, 125, 124,
    124, 121, 119, 117, 114, 111, 111, 118, 126, 132, 139, 145, 156, 168,
    178, 184, 195, 199, 208, 219, 229, 233, 231, 241, 241, 241, 243, 244,
    247, 245, 243, 246, 243, 245, 246 ]
