%YAML:1.0
---
videoName: "RHShake21.mp4"
gestureLabel: 2
fps: 29
pixelSizeInCmTemp: 3.3732394366197183e-01
faceCenterPointX: 293
faceCenterPointY: 47
LHandPositionsX: [ 397, 395, 398, 397, 395, 397, 397, 396, 396, 395, 394,
    394, 394, 398, 396, 395, 394, 396, 394, 395, 397, 396, 394, 395, 398,
    395, 394, 397, 397, 398, 394, 396, 398, 395, 397, 397, 397, 397, 395,
    394, 394, 395, 397, 395, 394, 398, 395, 394, 397, 396, 394, 394, 394,
    395, 396, 396, 395, 396, 394, 396, 396, 398, 398, 396, 394, 398, 397,
    395, 398, 396, 395, 397, 396, 395, 398, 397, 397, 396, 394, 398, 398,
    397, 396, 394, 395, 395, 394, 394 ]
LHandPositionsY: [ 241, 238, 238, 241, 241, 242, 239, 240, 241, 239, 238,
    240, 241, 242, 241, 238, 241, 239, 239, 242, 241, 240, 242, 242, 240,
    239, 240, 238, 238, 242, 240, 238, 238, 242, 242, 240, 238, 240, 240,
    238, 242, 240, 240, 238, 242, 238, 242, 240, 240, 241, 241, 240, 242,
    241, 239, 241, 241, 238, 238, 238, 242, 242, 242, 238, 239, 240, 239,
    242, 240, 240, 241, 241, 241, 241, 239, 242, 240, 240, 242, 241, 240,
    240, 242, 239, 238, 239, 238, 240 ]
RHandPositionsX: [ 132, 142, 141, 144, 148, 147, 144, 141, 138, 135, 135,
    143, 147, 149, 147, 150, 149, 144, 138, 136, 135, 136, 140, 145, 150,
    149, 149, 149, 147, 145, 138, 139, 139, 140, 140, 146, 149, 154, 151,
    146, 142, 136, 138, 137, 139, 141, 148, 150, 148, 152, 147, 142, 136,
    134, 131, 136, 141, 147, 156, 161, 172, 175, 177, 181, 184, 184, 185,
    186, 185, 188, 189, 188, 189, 187, 189, 187, 187, 185, 185, 189, 189,
    189, 185, 185, 187, 189, 185, 187 ]
RHandPositionsY: [ 82, 85, 89, 90, 86, 85, 85, 79, 82, 83, 81, 84, 88,
    88, 89, 92, 89, 86, 85, 85, 86, 84, 84, 87, 87, 89, 94, 91, 89, 89,
    85, 87, 82, 85, 86, 91, 92, 93, 91, 89, 87, 86, 86, 85, 82, 92, 96,
    99, 96, 97, 96, 98, 92, 95, 90, 92, 97, 103, 116, 126, 141, 151, 151,
    151, 160, 168, 179, 192, 199, 210, 217, 213, 218, 228, 228, 225, 229,
    230, 232, 230, 231, 227, 229, 228, 228, 231, 228, 231 ]
