%YAML:1.0
---
videoName: "RHShake16.mp4"
gestureLabel: 2
fps: 29
pixelSizeInCmTemp: 3.2808219178082193e-01
faceCenterPointX: 281
faceCenterPointY: 44
LHandPositionsX: [ 369, 370, 369, 371, 371, 370, 369, 372, 369, 373, 369,
    372, 370, 373, 371, 372, 371, 370, 369, 373, 371, 369, 369, 369, 373,
    373, 371, 373, 372, 371, 373, 371, 371, 370, 371, 369, 371, 372, 370,
    369, 373, 373, 372, 370, 373, 370, 372, 369, 369, 370, 372, 369, 371,
    373, 371, 372, 373, 372, 371, 370, 372, 369, 369, 373, 372, 373, 371,
    371, 369, 370, 371, 369, 373, 370, 370, 371, 369, 372, 373, 371, 371,
    369, 372, 371, 369, 371, 371, 372 ]
LHandPositionsY: [ 234, 232, 232, 234, 231, 232, 230, 231, 233, 230, 231,
    234, 234, 231, 231, 232, 232, 233, 231, 230, 233, 233, 231, 232, 232,
    231, 233, 234, 232, 230, 230, 234, 234, 232, 234, 230, 230, 231, 230,
    232, 234, 234, 231, 231, 234, 231, 232, 230, 233, 234, 232, 232, 233,
    232, 232, 230, 229, 230, 232, 233, 229, 230, 229, 233, 230, 232, 229,
    232, 230, 230, 232, 232, 229, 232, 232, 229, 231, 230, 232, 229, 232,
    230, 229, 229, 232, 229, 232, 230 ]
RHandPositionsX: [ 168, 168, 169, 169, 169, 168, 168, 169, 168, 168, 170,
    170, 167, 171, 171, 167, 170, 168, 162, 153, 154, 147, 136, 132, 124,
    125, 115, 124, 122, 124, 126, 128, 137, 143, 145, 140, 136, 138, 137,
    141, 139, 142, 150, 148, 148, 149, 150, 148, 144, 149, 149, 154, 150,
    150, 149, 147, 149, 143, 146, 151, 155, 158, 157, 153, 154, 150, 149,
    152, 152, 162, 168, 170, 172, 176, 177, 172, 174, 175, 174, 168, 171,
    171, 170, 171, 168, 171, 168, 171 ]
RHandPositionsY: [ 266, 268, 269, 265, 269, 266, 269, 269, 268, 266, 266,
    269, 266, 266, 269, 268, 264, 266, 257, 242, 219, 198, 179, 159, 142,
    129, 117, 116, 110, 105, 105, 104, 97, 94, 94, 95, 91, 92, 89, 88,
    87, 88, 91, 91, 87, 89, 86, 87, 87, 87, 90, 86, 90, 86, 89, 85, 86,
    88, 89, 90, 93, 91, 91, 86, 86, 88, 89, 93, 104, 119, 135, 146, 159,
    170, 185, 188, 196, 205, 210, 219, 223, 222, 223, 235, 238, 237, 236,
    239 ]
