%YAML:1.0
---
videoName: "RHShake22.mp4"
gestureLabel: 2
fps: 29
pixelSizeInCmTemp: 3.3263888888888887e-01
faceCenterPointX: 290
faceCenterPointY: 48
LHandPositionsX: [ 392, 394, 395, 396, 396, 393, 396, 392, 393, 396, 396,
    392, 394, 395, 395, 396, 394, 394, 394, 395, 394, 394, 393, 395, 393,
    392, 394, 392, 393, 395, 395, 396, 393, 394, 392, 396, 392, 396, 392,
    393, 395, 395, 393, 396, 393, 396, 393, 392, 392, 395, 396, 395, 395,
    395, 395, 392, 394, 394, 396, 395, 392, 396, 394, 396, 392, 394, 392,
    392, 392, 396, 393, 395, 396, 396, 393, 396, 393, 394, 392, 395, 396,
    395, 395, 395, 396, 395, 392, 394 ]
LHandPositionsY: [ 233, 233, 233, 234, 232, 230, 233, 230, 231, 231, 232,
    230, 230, 232, 234, 232, 234, 234, 232, 230, 231, 231, 233, 230, 233,
    232, 233, 230, 234, 232, 232, 231, 234, 234, 234, 233, 232, 233, 234,
    234, 230, 233, 234, 232, 233, 232, 233, 230, 231, 232, 232, 233, 232,
    234, 234, 234, 231, 233, 232, 232, 234, 232, 232, 230, 234, 230, 232,
    230, 231, 231, 232, 230, 234, 232, 233, 233, 230, 230, 230, 233, 231,
    230, 231, 230, 231, 232, 233, 230 ]
RHandPositionsX: [ 150, 137, 130, 129, 131, 134, 143, 156, 165, 166, 167,
    165, 159, 158, 152, 148, 143, 142, 147, 155, 164, 172, 171, 171, 168,
    165, 164, 158, 156, 154, 154, 161, 164, 174, 170, 170, 170, 169, 167,
    163, 160, 156, 158, 166, 170, 172, 177, 174, 170, 169, 161, 155, 156,
    155, 157, 166, 169, 176, 179, 178, 178, 173, 168, 162, 158, 156, 151,
    155, 168, 176, 177, 179, 179, 181, 178, 179, 179, 183, 183, 185, 188,
    189, 191, 189, 191, 190, 190, 191 ]
RHandPositionsY: [ 140, 115, 102, 101, 95, 92, 81, 87, 89, 92, 91, 88,
    83, 80, 81, 77, 80, 75, 76, 87, 88, 95, 95, 94, 93, 90, 86, 82, 82,
    80, 78, 92, 94, 98, 103, 99, 94, 93, 89, 86, 87, 86, 86, 89, 97, 100,
    102, 102, 97, 92, 91, 90, 86, 84, 83, 83, 90, 98, 100, 103, 101, 96,
    92, 93, 93, 91, 92, 91, 92, 106, 109, 109, 113, 118, 119, 123, 139,
    150, 159, 169, 183, 195, 198, 205, 211, 220, 227, 225 ]
