%YAML:1.0
---
videoName: "RHShake08.mp4"
gestureLabel: 2
fps: 29
pixelSizeInCmTemp: 3.2808219178082193e-01
faceCenterPointX: 290
faceCenterPointY: 45
LHandPositionsX: [ 316, 317, 317, 314, 314, 317, 316, 313, 313, 312, 308,
    311, 312, 310, 309, 310, 309, 309, 308, 307, 307, 307, 306, 309, 306,
    308, 308, 306, 306, 308, 306, 306, 309, 308, 311, 309, 306, 307, 306,
    306, 308, 310, 310, 308, 307, 307, 310, 305, 307, 307, 309, 305, 306,
    306, 305, 305, 307, 309, 309, 307, 305, 305, 309, 306, 309, 309, 305,
    305, 306, 306, 309, 305, 305, 307, 307, 308, 309, 306, 308, 308, 309,
    306, 306, 307, 310, 310, 308, 310 ]
LHandPositionsY: [ 279, 281, 279, 282, 283, 281, 281, 283, 282, 284, 284,
    283, 285, 284, 283, 283, 283, 281, 281, 281, 282, 285, 285, 284, 284,
    284, 281, 284, 282, 281, 282, 282, 281, 281, 282, 283, 285, 282, 284,
    285, 284, 284, 284, 284, 280, 284, 281, 284, 283, 283, 284, 280, 282,
    282, 281, 282, 283, 284, 283, 284, 283, 283, 283, 284, 280, 284, 283,
    284, 281, 282, 283, 283, 282, 281, 284, 284, 281, 280, 282, 283, 284,
    282, 280, 281, 280, 282, 283, 281 ]
RHandPositionsX: [ 266, 271, 268, 273, 271, 272, 275, 277, 268, 261, 258,
    257, 249, 236, 219, 199, 185, 162, 157, 162, 167, 173, 198, 198, 203,
    200, 196, 190, 181, 178, 189, 191, 205, 202, 193, 195, 187, 180, 180,
    177, 193, 190, 189, 185, 181, 179, 172, 172, 173, 183, 183, 189, 189,
    189, 191, 191, 189, 204, 204, 217, 214, 205, 205, 197, 198, 196, 202,
    206, 214, 212, 212, 217, 224, 229, 238, 247, 249, 262, 263, 262, 266,
    270, 269, 272, 272, 276, 272, 268 ]
RHandPositionsY: [ 269, 267, 270, 267, 268, 266, 266, 270, 264, 265, 252,
    244, 233, 218, 201, 186, 173, 152, 130, 130, 113, 107, 107, 105, 110,
    103, 98, 96, 92, 90, 91, 94, 96, 96, 95, 89, 88, 88, 86, 87, 93, 94,
    92, 94, 89, 88, 88, 86, 90, 96, 95, 95, 100, 98, 91, 93, 92, 93, 97,
    97, 98, 101, 93, 92, 92, 93, 95, 99, 105, 107, 110, 125, 129, 142,
    159, 178, 191, 217, 229, 245, 256, 259, 257, 258, 260, 265, 262, 265 ]
