%YAML:1.0
---
videoName: "RHShake03.mp4"
gestureLabel: 2
fps: 29
pixelSizeInCmTemp: 3.1103896103896100e-01
faceCenterPointX: 294
faceCenterPointY: 48
LHandPositionsX: [ 409, 412, 408, 412, 412, 412, 410, 412, 409, 412, 411,
    408, 411, 412, 408, 412, 412, 410, 409, 411, 410, 411, 411, 412, 409,
    410, 408, 408, 410, 411, 409, 410, 410, 412, 412, 410, 412, 412, 410,
    408, 408, 411, 412, 411, 411, 409, 408, 410, 409, 412, 410, 411, 412,
    408, 409, 412, 410, 410, 411, 411, 412, 411, 409, 410, 412, 411, 411,
    410, 410, 410, 409, 410, 407, 411, 410, 409, 409, 407, 410, 407, 411,
    411, 410, 407, 409, 411, 408, 410 ]
LHandPositionsY: [ 260, 260, 264, 262, 261, 260, 261, 262, 260, 263, 262,
    262, 260, 263, 264, 262, 262, 264, 260, 260, 263, 261, 263, 262, 262,
    260, 264, 260, 260, 261, 262, 260, 263, 262, 262, 263, 262, 262, 263,
    260, 261, 262, 262, 262, 262, 264, 261, 261, 262, 262, 261, 262, 262,
    262, 262, 263, 264, 261, 264, 262, 264, 260, 260, 263, 264, 263, 262,
    261, 263, 263, 261, 263, 264, 263, 261, 260, 261, 261, 263, 261, 263,
    261, 260, 264, 264, 260, 263, 263 ]
RHandPositionsX: [ 180, 177, 180, 179, 177, 175, 178, 178, 176, 177, 173,
    177, 176, 172, 175, 172, 171, 171, 172, 171, 174, 171, 175, 175, 172,
    175, 174, 172, 171, 174, 170, 171, 176, 172, 163, 158, 153, 148, 151,
    152, 156, 164, 181, 182, 193, 193, 183, 177, 175, 171, 172, 181, 183,
    181, 178, 174, 174, 170, 169, 174, 178, 188, 200, 206, 199, 193, 188,
    187, 183, 182, 186, 196, 202, 207, 212, 210, 199, 197, 192, 184, 182,
    184, 181, 181, 179, 179, 179, 179 ]
RHandPositionsY: [ 259, 260, 262, 262, 259, 259, 261, 261, 262, 262, 261,
    260, 258, 260, 262, 260, 259, 261, 258, 259, 260, 258, 258, 258, 258,
    259, 260, 258, 261, 262, 263, 265, 257, 242, 218, 197, 177, 160, 145,
    129, 122, 119, 118, 117, 112, 106, 101, 99, 100, 102, 104, 107, 107,
    106, 102, 102, 99, 100, 98, 95, 102, 109, 108, 110, 107, 106, 102,
    106, 99, 99, 104, 118, 128, 139, 158, 181, 200, 207, 218, 241, 240,
    246, 243, 250, 250, 251, 254, 250 ]
