%YAML:1.0
---
videoName: "RHShake17.mp4"
gestureLabel: 2
fps: 29
pixelSizeInCmTemp: 3.3732394366197183e-01
faceCenterPointX: 282
faceCenterPointY: 40
LHandPositionsX: [ 308, 309, 307, 309, 309, 309, 305, 307, 305, 306, 309,
    306, 309, 305, 305, 305, 306, 305, 305, 307, 309, 309, 307, 309, 308,
    308, 306, 308, 306, 309, 307, 308, 309, 308, 305, 308, 307, 305, 305,
    307, 306, 309, 309, 307, 309, 307, 306, 309, 309, 310, 310, 310, 311,
    307, 307, 308, 311, 308, 310, 308, 309, 308, 308, 311, 311, 309, 311,
    309, 310, 308, 307, 307, 310, 307, 308, 306, 306, 306, 305, 309, 309,
    307, 307, 307, 306, 306, 305, 307 ]
LHandPositionsY: [ 231, 232, 235, 235, 235, 235, 234, 235, 233, 234, 234,
    234, 232, 234, 235, 234, 231, 234, 232, 235, 232, 231, 231, 233, 233,
    234, 234, 232, 234, 232, 232, 235, 232, 232, 231, 234, 231, 231, 231,
    233, 234, 234, 231, 232, 235, 235, 232, 233, 233, 232, 233, 231, 235,
    231, 234, 232, 235, 232, 231, 232, 232, 234, 231, 231, 235, 235, 231,
    235, 235, 232, 235, 233, 232, 234, 234, 233, 233, 235, 231, 231, 233,
    231, 234, 234, 234, 235, 234, 231 ]
RHandPositionsX: [ 213, 196, 178, 161, 139, 142, 146, 146, 142, 141, 145,
    152, 155, 155, 150, 145, 141, 140, 144, 146, 164, 157, 156, 153, 148,
    148, 147, 143, 146, 153, 154, 160, 160, 155, 150, 145, 140, 142, 140,
    154, 153, 154, 157, 158, 152, 149, 150, 152, 157, 155, 171, 172, 167,
    164, 161, 156, 149, 153, 148, 149, 154, 163, 170, 176, 175, 176, 178,
    176, 172, 171, 176, 172, 167, 171, 167, 169, 170, 168, 168, 169, 169,
    167, 169, 168, 167, 169, 170, 169 ]
RHandPositionsY: [ 200, 184, 167, 149, 127, 109, 109, 101, 97, 90, 97,
    90, 81, 77, 73, 70, 72, 67, 69, 73, 79, 76, 74, 71, 69, 67, 69, 66,
    65, 66, 68, 66, 67, 66, 66, 65, 65, 65, 69, 85, 81, 81, 79, 79, 75,
    74, 71, 73, 75, 75, 89, 89, 83, 82, 81, 78, 80, 78, 76, 84, 90, 105,
    117, 135, 148, 161, 170, 184, 187, 194, 207, 216, 221, 230, 235, 232,
    237, 238, 241, 241, 240, 241, 243, 244, 244, 244, 246, 245 ]
