%YAML:1.0
---
videoName: "RHShake09.mp4"
gestureLabel: 2
fps: 29
pixelSizeInCmTemp: 3.1103896103896100e-01
faceCenterPointX: 296
faceCenterPointY: 48
LHandPositionsX: [ 324, 326, 323, 325, 326, 324, 322, 322, 319, 317, 319,
    315, 316, 311, 310, 311, 313, 311, 312, 310, 309, 307, 310, 306, 308,
    309, 308, 305, 304, 309, 307, 308, 307, 312, 310, 309, 311, 311, 307,
    308, 311, 308, 311, 309, 309, 311, 311, 313, 313, 312, 310, 311, 314,
    312, 313, 315, 314, 315, 312, 316, 315, 314, 316, 313, 313, 316, 314,
    314, 318, 314, 318, 317, 315, 315, 316, 315, 314, 317, 317, 316, 313,
    317, 316, 318, 315, 315, 318, 316 ]
LHandPositionsY: [ 265, 266, 269, 267, 269, 271, 268, 271, 271, 273, 273,
    273, 271, 272, 275, 276, 273, 276, 275, 272, 273, 276, 274, 272, 276,
    274, 272, 275, 277, 274, 274, 275, 276, 277, 276, 277, 277, 273, 275,
    273, 275, 273, 274, 273, 273, 274, 273, 277, 273, 274, 273, 275, 274,
    276, 272, 276, 277, 277, 273, 274, 273, 272, 272, 276, 272, 272, 274,
    274, 274, 276, 272, 275, 275, 274, 276, 277, 272, 276, 272, 276, 272,
    275, 275, 273, 276, 273, 273, 273 ]
RHandPositionsX: [ 262, 262, 265, 264, 263, 261, 262, 265, 264, 259, 262,
    262, 261, 261, 257, 258, 260, 259, 257, 257, 255, 259, 254, 258, 255,
    255, 256, 254, 254, 258, 266, 263, 256, 243, 222, 202, 188, 175, 168,
    173, 172, 173, 183, 183, 188, 188, 181, 179, 180, 176, 186, 190, 191,
    200, 195, 187, 182, 177, 179, 188, 185, 186, 197, 190, 188, 180, 176,
    175, 173, 181, 184, 191, 186, 179, 179, 179, 183, 178, 186, 191, 193,
    190, 201, 200, 206, 218, 225, 239 ]
RHandPositionsY: [ 263, 263, 263, 264, 267, 265, 267, 264, 266, 265, 267,
    267, 266, 269, 269, 269, 265, 267, 269, 269, 266, 268, 267, 267, 268,
    269, 267, 269, 268, 269, 266, 261, 248, 232, 216, 199, 175, 159, 135,
    136, 118, 107, 106, 111, 111, 106, 101, 87, 90, 89, 89, 97, 94, 96,
    96, 93, 88, 89, 89, 87, 96, 94, 96, 97, 93, 86, 86, 88, 89, 94, 99,
    97, 97, 92, 90, 89, 88, 92, 98, 103, 107, 109, 124, 132, 145, 156,
    169, 184 ]
