%YAML:1.0
---
videoName: "RHShake05.mp4"
gestureLabel: 2
fps: 30
pixelSizeInCmTemp: 3.1103896103896100e-01
faceCenterPointX: 295
faceCenterPointY: 47
LHandPositionsX: [ 410, 412, 409, 411, 409, 408, 412, 410, 410, 410, 409,
    412, 409, 409, 408, 412, 409, 408, 412, 409, 412, 408, 412, 408, 408,
    409, 411, 411, 409, 412, 410, 412, 412, 408, 408, 412, 411, 412, 409,
    408, 410, 412, 408, 408, 408, 408, 409, 409, 408, 411, 412, 410, 409,
    409, 411, 412, 408, 411, 408, 410, 410, 408, 411, 410, 410, 408, 410,
    410, 412, 412, 412, 409, 410, 409, 409, 409, 408, 408, 408, 409, 408,
    410, 408, 412, 412, 412, 410, 410, 411, 409, 408 ]
LHandPositionsY: [ 259, 259, 259, 258, 258, 257, 259, 258, 259, 261, 258,
    261, 259, 257, 260, 259, 259, 260, 258, 257, 260, 261, 257, 258, 257,
    261, 257, 259, 258, 260, 257, 258, 258, 260, 258, 257, 260, 257, 261,
    258, 257, 260, 259, 260, 261, 258, 258, 258, 258, 261, 258, 259, 257,
    257, 259, 260, 261, 260, 261, 260, 261, 258, 257, 260, 261, 261, 258,
    259, 258, 259, 259, 259, 261, 261, 258, 257, 257, 259, 260, 261, 258,
    257, 261, 259, 261, 259, 258, 260, 257, 261, 258 ]
RHandPositionsX: [ 177, 174, 173, 175, 176, 173, 174, 174, 173, 176, 176,
    174, 173, 176, 173, 173, 173, 174, 170, 172, 172, 173, 171, 178, 177,
    178, 179, 181, 171, 164, 150, 157, 152, 159, 164, 174, 189, 197, 188,
    184, 175, 173, 169, 170, 176, 177, 187, 182, 176, 173, 172, 168, 167,
    172, 176, 188, 182, 177, 171, 168, 168, 169, 175, 190, 190, 193, 185,
    179, 181, 180, 179, 177, 189, 192, 196, 190, 184, 175, 173, 171, 174,
    175, 180, 187, 189, 192, 181, 177, 180, 175, 179 ]
RHandPositionsY: [ 259, 260, 261, 259, 262, 259, 261, 260, 259, 261, 261,
    260, 260, 261, 262, 261, 261, 261, 258, 261, 258, 259, 261, 258, 259,
    251, 233, 206, 180, 156, 133, 129, 107, 90, 89, 91, 92, 95, 87, 85,
    81, 80, 78, 81, 87, 88, 84, 80, 79, 73, 73, 76, 77, 84, 85, 90, 89,
    86, 84, 80, 84, 82, 89, 93, 92, 94, 87, 88, 84, 82, 85, 84, 91, 92,
    90, 89, 88, 89, 89, 94, 110, 132, 158, 180, 206, 219, 225, 233, 241,
    250, 248 ]
