%YAML:1.0
---
videoName: "RHShake05.mp4"
gestureLabel: 2
fps: 30
pixelSizeInCmTemp: 3.1103896103896100e-01
faceCenterPointX: 295
faceCenterPointY: 47
LHandPositionsX: [ 408, 411, 408, 412, 408, 412, 412, 408, 411, 408, 408,
    409, 410, 412, 412, 410, 410, 411, 408, 409, 410, 408, 410, 409, 408,
    410, 410, 410, 412, 409, 411, 411, 409, 411, 409, 409, 411, 408, 411,
    410, 412, 411, 411, 410, 409, 412, 409, 408, 408, 409, 412, 409, 409,
    408, 409, 412, 408, 412, 410, 408, 410, 412, 408, 410, 409, 412, 409,
    408, 409, 410, 409, 412, 410, 412, 410, 410, 412, 409, 412, 409, 411,
    410, 412, 412, 410, 411, 409, 410, 408, 408, 410 ]
LHandPositionsY: [ 259, 260, 258, 259, 260, 259, 257, 259, 261, 259, 260,
    258, 261, 257, 258, 259, 258, 261, 261, 258, 259, 258, 261, 261, 261,
    259, 261, 261, 259, 258, 260, 261, 259, 258, 257, 258, 257, 259, 260,
    259, 259, 261, 261, 261, 260, 260, 261, 261, 260, 259, 260, 261, 261,
    261, 257, 258, 258, 257, 258, 261, 259, 261, 259, 261, 260, 261, 258,
    257, 260, 259, 261, 258, 259, 260, 260, 257, 259, 257, 257, 260, 261,
    259, 260, 257, 257, 259, 257, 260, 258, 257, 260 ]
RHandPositionsX: [ 174, 176, 173, 175, 175, 173, 175, 175, 173, 174, 175,
    173, 176, 174, 173, 173, 173, 174, 170, 174, 174, 174, 174, 177, 177,
    175, 180, 178, 173, 163, 152, 155, 154, 159, 163, 174, 191, 198, 192,
    184, 175, 172, 168, 169, 178, 177, 187, 184, 176, 171, 171, 167, 169,
    175, 180, 188, 183, 181, 171, 169, 168, 169, 174, 188, 193, 194, 184,
    179, 178, 182, 182, 179, 190, 192, 196, 188, 183, 172, 171, 172, 173,
    177, 184, 183, 192, 190, 183, 179, 180, 179, 176 ]
RHandPositionsY: [ 262, 261, 259, 261, 262, 262, 260, 261, 261, 261, 260,
    258, 261, 260, 261, 259, 259, 258, 260, 258, 260, 261, 261, 261, 258,
    252, 230, 206, 183, 154, 129, 130, 106, 90, 89, 89, 93, 95, 89, 85,
    84, 81, 79, 79, 85, 88, 80, 81, 79, 73, 76, 77, 77, 85, 85, 93, 90,
    87, 83, 81, 80, 82, 90, 94, 91, 94, 89, 87, 83, 82, 81, 85, 89, 91,
    90, 89, 87, 89, 88, 92, 109, 133, 158, 183, 205, 221, 225, 233, 242,
    247, 250 ]
