%YAML:1.0
---
videoName: "RHShake11.mp4"
gestureLabel: 2
fps: 29
pixelSizeInCmTemp: 3.3263888888888887e-01
faceCenterPointX: 274
faceCenterPointY: 53
LHandPositionsX: [ 308, 310, 310, 310, 309, 310, 309, 308, 311, 310, 307,
    307, 311, 309, 309, 311, 308, 310, 309, 307, 310, 310, 311, 311, 308,
    308, 307, 311, 311, 308, 308, 311, 311, 307, 309, 311, 311, 311, 311,
    307, 307, 308, 307, 309, 307, 309, 310, 311, 308, 308, 311, 311, 309,
    308, 307, 308, 309, 311, 307, 311, 311, 309, 307, 310, 310, 309, 307,
    311, 309, 309, 309, 309, 307, 307, 309, 307, 309, 309, 307, 307, 307,
    305, 303, 304, 305, 304, 306, 304 ]
LHandPositionsY: [ 249, 248, 249, 248, 246, 245, 249, 248, 249, 246, 245,
    245, 247, 249, 249, 246, 248, 248, 249, 246, 245, 245, 245, 249, 249,
    248, 245, 246, 248, 245, 248, 247, 249, 247, 246, 245, 245, 249, 245,
    248, 248, 247, 245, 246, 248, 248, 247, 247, 246, 245, 246, 247, 247,
    246, 245, 246, 246, 247, 246, 249, 248, 248, 245, 246, 246, 246, 245,
    245, 248, 248, 247, 245, 245, 245, 245, 244, 244, 247, 243, 243, 247,
    244, 244, 244, 247, 245, 246, 243 ]
RHandPositionsX: [ 248, 250, 249, 243, 235, 228, 208, 193, 176, 160, 146,
    140, 144, 146, 151, 159, 160, 167, 170, 175, 170, 163, 158, 155, 153,
    152, 158, 164, 166, 168, 166, 169, 163, 160, 158, 159, 152, 155, 156,
    168, 170, 169, 172, 168, 163, 159, 159, 157, 155, 160, 162, 174, 174,
    180, 177, 177, 173, 169, 165, 166, 162, 156, 163, 167, 170, 183, 191,
    208, 221, 231, 241, 249, 257, 258, 262, 260, 260, 260, 260, 259, 262,
    260, 259, 260, 259, 259, 259, 258 ]
RHandPositionsY: [ 248, 248, 245, 241, 233, 218, 208, 191, 173, 163, 144,
    125, 125, 115, 106, 103, 106, 104, 104, 102, 102, 100, 101, 96, 95,
    94, 96, 98, 100, 102, 98, 100, 97, 96, 95, 95, 93, 95, 102, 104, 107,
    103, 104, 105, 103, 104, 98, 97, 98, 100, 100, 107, 108, 105, 106,
    105, 105, 100, 102, 102, 101, 101, 101, 106, 119, 130, 142, 155, 172,
    186, 201, 212, 222, 227, 237, 234, 237, 236, 238, 242, 241, 240, 242,
    239, 239, 241, 238, 240 ]
