%YAML:1.0
---
videoName: "RHShake22.mp4"
gestureLabel: 2
fps: 29
pixelSizeInCmTemp: 3.3263888888888887e-01
faceCenterPointX: 290
faceCenterPointY: 48
LHandPositionsX: [ 396, 393, 396, 396, 393, 396, 393, 396, 395, 396, 393,
    393, 392, 395, 392, 395, 393, 394, 396, 393, 394, 394, 393, 395, 396,
    393, 393, 393, 394, 392, 392, 395, 396, 392, 394, 396, 392, 395, 395,
    392, 392, 394, 395, 394, 392, 393, 394, 395, 396, 392, 396, 394, 392,
    395, 394, 394, 394, 395, 392, 392, 395, 392, 396, 395, 392, 393, 392,
    393, 395, 395, 393, 394, 392, 393, 396, 395, 395, 394, 396, 392, 393,
    395, 396, 393, 395, 392, 395, 395 ]
LHandPositionsY: [ 231, 231, 233, 230, 231, 234, 230, 233, 230, 230, 233,
    233, 233, 233, 233, 234, 234, 232, 230, 231, 233, 232, 232, 230, 234,
    234, 234, 232, 231, 234, 230, 231, 232, 233, 231, 234, 232, 234, 234,
    232, 232, 231, 233, 234, 232, 230, 234, 231, 230, 234, 230, 231, 234,
    230, 232, 234, 230, 234, 234, 230, 232, 232, 233, 230, 234, 233, 231,
    234, 230, 233, 230, 233, 231, 232, 234, 232, 231, 230, 230, 233, 233,
    231, 232, 232, 231, 231, 234, 231 ]
RHandPositionsX: [ 150, 135, 131, 132, 132, 138, 146, 159, 167, 167, 166,
    162, 162, 157, 151, 148, 143, 142, 147, 152, 162, 172, 173, 172, 167,
    167, 161, 158, 157, 155, 154, 161, 164, 171, 173, 172, 173, 172, 165,
    161, 156, 160, 159, 165, 172, 175, 177, 174, 172, 167, 164, 155, 153,
    153, 156, 164, 171, 177, 179, 180, 175, 171, 169, 162, 155, 156, 151,
    157, 169, 175, 178, 179, 182, 181, 181, 179, 182, 182, 184, 186, 188,
    188, 191, 188, 189, 188, 187, 191 ]
RHandPositionsY: [ 141, 116, 102, 100, 96, 93, 81, 84, 91, 92, 92, 89,
    87, 81, 78, 77, 76, 78, 75, 86, 89, 93, 99, 97, 91, 90, 87, 83, 84,
    81, 79, 89, 94, 99, 104, 100, 92, 90, 87, 87, 87, 82, 85, 90, 97,
    100, 102, 101, 96, 93, 92, 90, 87, 87, 85, 83, 92, 101, 101, 102,
    100, 95, 91, 94, 94, 90, 92, 89, 92, 105, 107, 109, 112, 118, 122,
    123, 139, 150, 161, 170, 184, 193, 199, 206, 214, 218, 226, 224 ]
