%YAML:1.0
---
videoName: "RHShake23.mp4"
gestureLabel: 2
fps: 29
pixelSizeInCmTemp: 3.3263888888888887e-01
faceCenterPointX: 298
faceCenterPointY: 49
LHandPositionsX: [ 388, 387, 389, 391, 389, 389, 387, 388, 390, 389, 388,
    389, 389, 390, 389, 387, 391, 390, 388, 388, 387, 390, 390, 388, 387,
    389, 388, 390, 387, 390, 387, 391, 389, 390, 388, 389, 387, 390, 391,
    387, 388, 391, 388, 387, 390, 390, 391, 389, 388, 390, 388, 389, 390,
    390, 391, 391, 388, 391, 387, 390, 390, 387, 387, 390, 390, 387, 388,
    389, 387, 389, 389, 387, 390, 389, 390, 390, 387, 391, 387, 390, 391,
    390, 388, 391, 388, 387, 387, 387 ]
LHandPositionsY: [ 226, 224, 226, 226, 226, 226, 225, 228, 224, 225, 225,
    228, 228, 225, 228, 225, 225, 225, 226, 227, 228, 227, 225, 224, 225,
    225, 226, 225, 226, 224, 228, 225, 228, 228, 227, 224, 227, 225, 226,
    227, 225, 225, 227, 228, 225, 226, 224, 224, 225, 224, 226, 226, 224,
    224, 226, 228, 227, 224, 225, 226, 225, 225, 227, 225, 224, 226, 228,
    224, 225, 225, 226, 224, 228, 225, 225, 224, 226, 227, 225, 224, 224,
    226, 225, 228, 228, 228, 226, 226 ]
RHandPositionsX: [ 169, 169, 176, 190, 189, 187, 196, 190, 179, 179, 173,
    175, 171, 178, 188, 195, 196, 197, 198, 193, 185, 183, 176, 177, 172,
    170, 170, 176, 190, 199, 199, 202, 199, 196, 194, 186, 185, 179, 178,
    184, 185, 201, 203, 204, 204, 205, 196, 192, 185, 180, 178, 179, 180,
    187, 191, 202, 206, 207, 211, 208, 211, 208, 210, 209, 208, 207, 206,
    205, 203, 203, 203, 203, 206, 203, 200, 201, 202, 199, 200, 202, 203,
    201, 202, 198, 202, 197, 201, 198 ]
RHandPositionsY: [ 97, 93, 98, 110, 116, 113, 118, 113, 101, 99, 98, 100,
    99, 104, 115, 122, 123, 121, 127, 111, 104, 103, 101, 101, 98, 94,
    96, 99, 115, 125, 124, 121, 122, 108, 107, 103, 107, 102, 101, 101,
    115, 119, 120, 123, 126, 126, 124, 109, 107, 107, 105, 103, 99, 118,
    128, 137, 143, 150, 149, 152, 159, 167, 174, 184, 191, 201, 207, 214,
    214, 216, 219, 218, 220, 221, 225, 226, 224, 225, 228, 226, 224, 227,
    224, 228, 228, 227, 224, 228 ]
