%YAML:1.0
---
videoName: "RHShake01.mp4"
gestureLabel: 2
fps: 29
pixelSizeInCmTemp: 3.1513157894736843e-01
faceCenterPointX: 292
faceCenterPointY: 51
LHandPositionsX: [ 394, 394, 395, 394, 392, 396, 393, 394, 396, 396, 393,
    392, 395, 392, 392, 395, 392, 393, 391, 391, 392, 394, 392, 392, 393,
    391, 395, 394, 391, 394, 393, 391, 391, 392, 392, 391, 391, 394, 392,
    392, 394, 391, 393, 395, 392, 395, 393, 392, 391, 394, 392, 391, 393,
    391, 394, 395, 395, 394, 393, 393, 391, 394, 394, 395, 394, 391, 394,
    391, 392, 394, 393, 394, 392, 393, 394, 392, 393, 393, 395, 394, 395,
    395, 395, 395, 394, 391, 395, 391 ]
LHandPositionsY: [ 255, 256, 255, 256, 255, 257, 257, 254, 257, 253, 255,
    257, 255, 257, 253, 254, 255, 254, 256, 256, 254, 254, 253, 253, 255,
    257, 255, 254, 257, 253, 255, 253, 255, 254, 256, 253, 253, 255, 255,
    255, 255, 254, 254, 255, 256, 253, 254, 254, 254, 254, 253, 253, 253,
    254, 257, 257, 253, 257, 256, 255, 257, 253, 255, 256, 253, 254, 257,
    257, 255, 254, 253, 255, 253, 255, 257, 257, 253, 257, 253, 256, 253,
    255, 254, 253, 253, 257, 255, 255 ]
RHandPositionsX: [ 170, 170, 167, 168, 169, 171, 168, 168, 168, 171, 168,
    169, 171, 168, 167, 170, 170, 170, 170, 171, 172, 172, 169, 171, 172,
    169, 173, 177, 174, 171, 162, 160, 158, 155, 155, 160, 168, 181, 192,
    191, 193, 187, 181, 174, 178, 173, 173, 188, 197, 193, 190, 188, 183,
    181, 180, 182, 177, 183, 186, 194, 192, 192, 196, 184, 181, 175, 177,
    181, 188, 192, 193, 197, 199, 196, 191, 190, 189, 188, 187, 183, 178,
    178, 175, 174, 172, 173, 175, 174 ]
RHandPositionsY: [ 278, 278, 277, 276, 276, 279, 280, 278, 279, 280, 280,
    280, 280, 276, 279, 277, 280, 278, 279, 280, 280, 278, 280, 280, 276,
    277, 268, 247, 225, 205, 187, 166, 149, 134, 131, 118, 105, 108, 112,
    111, 107, 105, 100, 101, 99, 99, 100, 100, 100, 102, 98, 96, 96, 95,
    95, 91, 95, 101, 101, 101, 102, 101, 100, 99, 99, 95, 94, 97, 103,
    105, 110, 123, 133, 144, 161, 177, 193, 203, 203, 210, 218, 227, 233,
    242, 243, 242, 245, 245 ]
