%YAML:1.0
---
videoName: "RHShake20.mp4"
gestureLabel: 2
fps: 29
pixelSizeInCmTemp: 3.3263888888888887e-01
faceCenterPointX: 286
faceCenterPointY: 45
LHandPositionsX: [ 391, 390, 392, 390, 391, 390, 390, 391, 393, 392, 390,
    391, 394, 394, 390, 393, 393, 392, 391, 394, 393, 391, 393, 393, 392,
    393, 391, 392, 391, 393, 393, 392, 394, 392, 390, 393, 392, 391, 391,
    391, 391, 392, 392, 390, 392, 392, 394, 393, 391, 392, 393, 392, 394,
    392, 394, 392, 392, 393, 393, 391, 394, 393, 390, 394, 392, 394, 390,
    393, 392, 393, 394, 394, 393, 391, 393, 390, 392, 392, 394, 391, 390,
    394, 392, 393, 394, 393, 392, 393 ]
LHandPositionsY: [ 245, 243, 244, 243, 243, 245, 242, 244, 241, 244, 241,
    244, 241, 242, 242, 243, 241, 239, 239, 243, 239, 240, 239, 240, 240,
    242, 239, 243, 239, 243, 240, 240, 241, 242, 240, 241, 240, 240, 239,
    242, 240, 242, 241, 242, 243, 243, 241, 242, 239, 243, 243, 243, 243,
    240, 240, 241, 239, 239, 240, 243, 242, 243, 239, 241, 239, 241, 241,
    240, 242, 242, 239, 240, 240, 243, 239, 239, 243, 239, 243, 241, 242,
    239, 241, 239, 240, 240, 243, 242 ]
RHandPositionsX: [ 164, 163, 159, 156, 151, 153, 150, 155, 155, 159, 163,
    158, 158, 157, 154, 151, 151, 148, 157, 160, 163, 161, 159, 152, 152,
    155, 153, 150, 162, 163, 164, 159, 155, 155, 158, 156, 151, 152, 157,
    166, 164, 168, 167, 162, 156, 153, 154, 150, 158, 162, 166, 168, 168,
    167, 169, 169, 166, 166, 162, 160, 163, 169, 172, 176, 181, 185, 186,
    186, 184, 181, 186, 183, 182, 178, 176, 178, 179, 179, 176, 179, 179,
    178, 180, 179, 180, 177, 179, 179 ]
RHandPositionsY: [ 110, 110, 104, 101, 101, 100, 98, 101, 102, 103, 103,
    101, 100, 98, 97, 98, 100, 102, 115, 112, 115, 114, 112, 110, 107,
    105, 107, 108, 120, 120, 119, 116, 111, 110, 107, 104, 105, 105, 115,
    122, 122, 123, 123, 119, 114, 114, 115, 112, 111, 115, 126, 125, 125,
    126, 125, 120, 116, 114, 113, 113, 118, 126, 132, 135, 148, 155, 168,
    178, 187, 192, 202, 212, 219, 226, 233, 232, 240, 241, 241, 242, 245,
    243, 247, 247, 247, 245, 247, 244 ]
