%YAML:1.0
---
videoName: "RHShake03.mp4"
gestureLabel: 2
fps: 29
pixelSizeInCmTemp: 3.1103896103896100e-01
faceCenterPointX: 294
faceCenterPointY: 48
LHandPositionsX: [ 409, 412, 409, 409, 409, 409, 412, 408, 412, 409, 408,
    412, 410, 410, 412, 412, 408, 412, 412, 412, 412, 408, 411, 412, 412,
    412, 412, 408, 409, 408, 409, 411, 412, 412, 409, 412, 411, 408, 412,
    408, 409, 411, 409, 412, 412, 408, 408, 409, 411, 409, 411, 408, 411,
    412, 412, 409, 411, 411, 411, 410, 408, 409, 408, 408, 409, 411, 410,
    412, 408, 412, 408, 410, 410, 408, 407, 407, 407, 411, 407, 410, 410,
    407, 407, 409, 408, 408, 411, 411 ]
LHandPositionsY: [ 260, 260, 260, 264, 262, 262, 261, 260, 261, 264, 260,
    264, 260, 263, 260, 260, 260, 260, 260, 262, 262, 260, 261, 262, 264,
    261, 264, 263, 264, 261, 264, 263, 260, 261, 263, 262, 260, 263, 261,
    263, 264, 263, 264, 264, 264, 261, 261, 262, 261, 263, 261, 263, 263,
    264, 260, 262, 263, 264, 262, 262, 263, 263, 264, 263, 263, 264, 262,
    262, 262, 263, 262, 263, 261, 263, 261, 264, 263, 263, 260, 261, 262,
    261, 262, 260, 261, 263, 262, 260 ]
RHandPositionsX: [ 181, 178, 180, 177, 179, 175, 176, 175, 177, 174, 177,
    175, 173, 172, 172, 175, 173, 175, 173, 175, 174, 172, 175, 173, 175,
    173, 173, 174, 171, 170, 171, 170, 172, 173, 164, 155, 150, 147, 152,
    153, 153, 167, 177, 186, 190, 190, 181, 175, 173, 174, 175, 178, 183,
    184, 180, 175, 172, 171, 166, 174, 176, 188, 202, 207, 201, 191, 187,
    188, 183, 181, 186, 195, 200, 208, 212, 206, 200, 197, 190, 181, 185,
    183, 184, 183, 183, 182, 181, 182 ]
RHandPositionsY: [ 260, 261, 261, 258, 258, 263, 262, 262, 261, 261, 261,
    262, 259, 262, 259, 261, 260, 261, 261, 259, 261, 259, 262, 262, 258,
    260, 259, 259, 261, 263, 263, 265, 256, 241, 221, 198, 177, 160, 147,
    129, 120, 118, 118, 118, 112, 107, 101, 100, 101, 99, 100, 104, 107,
    106, 105, 102, 103, 100, 96, 97, 103, 108, 109, 110, 111, 107, 104,
    102, 100, 100, 106, 117, 128, 140, 157, 177, 199, 210, 219, 242, 242,
    243, 242, 249, 253, 252, 254, 253 ]
