%YAML:1.0
---
videoName: "RHShake01.mp4"
gestureLabel: 2
fps: 29
pixelSizeInCmTemp: 3.1513157894736843e-01
faceCenterPointX: 292
faceCenterPointY: 51
LHandPositionsX: [ 393, 393, 394, 394, 396, 394, 392, 396, 393, 394, 395,
    393, 393, 393, 392, 394, 394, 393, 395, 393, 391, 392, 395, 394, 395,
    394, 394, 391, 394, 394, 394, 395, 395, 394, 391, 395, 393, 395, 394,
    393, 391, 395, 391, 395, 393, 391, 391, 391, 394, 395, 394, 394, 394,
    391, 395, 391, 391, 393, 391, 394, 393, 391, 391, 391, 392, 394, 393,
    393, 393, 395, 394, 391, 393, 395, 391, 393, 392, 393, 392, 392, 393,
    394, 394, 394, 394, 394, 395, 394 ]
LHandPositionsY: [ 253, 256, 253, 256, 256, 254, 255, 253, 257, 255, 255,
    255, 256, 257, 253, 257, 255, 253, 254, 255, 257, 254, 255, 255, 255,
    255, 254, 253, 257, 257, 253, 256, 256, 257, 253, 254, 257, 253, 253,
    253, 253, 254, 253, 254, 257, 255, 256, 255, 254, 257, 255, 255, 253,
    254, 256, 254, 256, 255, 253, 253, 255, 257, 254, 256, 253, 254, 255,
    255, 253, 254, 253, 255, 253, 253, 254, 255, 256, 257, 253, 256, 254,
    256, 255, 255, 255, 254, 254, 257 ]
RHandPositionsX: [ 168, 170, 170, 168, 168, 167, 169, 169, 168, 168, 171,
    170, 167, 168, 167, 171, 168, 167, 168, 168, 169, 171, 172, 169, 170,
    169, 171, 177, 176, 167, 166, 161, 155, 154, 156, 163, 172, 180, 190,
    191, 191, 187, 181, 174, 177, 172, 176, 185, 193, 197, 191, 189, 181,
    178, 180, 179, 180, 186, 186, 195, 189, 196, 195, 185, 178, 179, 178,
    183, 185, 191, 194, 196, 197, 198, 193, 188, 187, 189, 188, 184, 180,
    177, 175, 172, 172, 173, 175, 175 ]
RHandPositionsY: [ 280, 276, 277, 277, 279, 280, 279, 279, 278, 279, 277,
    277, 276, 279, 279, 277, 279, 278, 279, 279, 276, 276, 276, 276, 276,
    273, 267, 244, 225, 205, 185, 169, 153, 131, 131, 115, 107, 108, 112,
    112, 109, 105, 99, 100, 98, 100, 98, 97, 101, 99, 99, 95, 93, 94, 95,
    90, 97, 101, 100, 104, 99, 99, 99, 96, 97, 98, 98, 98, 102, 109, 112,
    125, 134, 148, 160, 177, 189, 202, 206, 211, 222, 229, 235, 241, 241,
    241, 244, 249 ]
