%YAML:1.0
---
videoName: "RHShake04.mp4"
gestureLabel: 2
fps: 29
pixelSizeInCmTemp: 3.1513157894736843e-01
faceCenterPointX: 292
faceCenterPointY: 47
LHandPositionsX: [ 410, 411, 413, 411, 409, 409, 411, 410, 411, 411, 411,
    412, 412, 409, 409, 412, 412, 408, 408, 407, 408, 410, 407, 409, 410,
    407, 405, 405, 405, 408, 408, 409, 409, 408, 409, 405, 407, 409, 408,
    406, 406, 405, 407, 406, 407, 409, 409, 407, 406, 406, 405, 405, 407,
    408, 407, 408, 408, 409, 409, 406, 408, 407, 403, 404, 404, 403, 407,
    406, 402, 405, 402, 402, 403, 404, 406, 402, 404, 404, 403, 402, 404,
    403, 404, 405, 401, 402, 403, 403 ]
LHandPositionsY: [ 266, 266, 262, 266, 262, 264, 261, 264, 263, 264, 263,
    263, 262, 264, 263, 265, 262, 265, 260, 264, 260, 264, 262, 263, 262,
    260, 264, 262, 261, 261, 261, 260, 261, 260, 264, 264, 263, 264, 263,
    262, 262, 262, 264, 262, 264, 263, 262, 263, 260, 263, 260, 263, 264,
    260, 262, 264, 263, 263, 262, 264, 264, 261, 259, 259, 260, 263, 263,
    261, 259, 260, 261, 262, 259, 260, 261, 261, 261, 261, 258, 259, 258,
    259, 261, 261, 259, 257, 259, 259 ]
RHandPositionsX: [ 179, 179, 181, 183, 183, 182, 180, 179, 180, 180, 177,
    181, 178, 181, 178, 179, 180, 178, 177, 179, 177, 177, 177, 180, 183,
    173, 168, 163, 163, 165, 163, 168, 181, 189, 192, 188, 189, 179, 173,
    168, 165, 166, 173, 173, 176, 176, 180, 174, 168, 169, 168, 172, 176,
    176, 180, 179, 175, 173, 170, 169, 168, 176, 177, 183, 196, 187, 182,
    180, 171, 174, 171, 168, 171, 175, 187, 191, 191, 189, 192, 188, 185,
    187, 183, 177, 174, 177, 177, 173 ]
RHandPositionsY: [ 266, 267, 267, 264, 265, 263, 264, 265, 268, 265, 267,
    266, 268, 270, 266, 266, 268, 269, 270, 269, 268, 272, 266, 244, 223,
    193, 172, 146, 125, 125, 121, 102, 96, 101, 102, 101, 99, 96, 92, 93,
    91, 91, 96, 94, 98, 97, 93, 95, 94, 92, 94, 96, 97, 96, 100, 99, 97,
    96, 92, 93, 90, 98, 98, 97, 93, 96, 97, 97, 92, 93, 95, 94, 101, 107,
    123, 132, 141, 154, 166, 180, 193, 212, 225, 230, 234, 246, 249, 247 ]
