%YAML:1.0
---
videoName: "RHShake08.mp4"
gestureLabel: 2
fps: 29
pixelSizeInCmTemp: 3.2808219178082193e-01
faceCenterPointX: 290
faceCenterPointY: 45
LHandPositionsX: [ 317, 314, 315, 315, 316, 316, 313, 315, 312, 313, 310,
    309, 309, 312, 307, 311, 308, 310, 308, 308, 310, 308, 307, 308, 307,
    309, 309, 308, 310, 309, 310, 309, 309, 310, 311, 308, 308, 310, 309,
    308, 308, 306, 306, 307, 309, 309, 307, 305, 309, 309, 307, 309, 308,
    309, 308, 308, 307, 306, 309, 309, 307, 309, 306, 309, 307, 307, 305,
    309, 305, 307, 307, 308, 307, 309, 308, 308, 307, 307, 309, 308, 306,
    309, 307, 310, 308, 308, 306, 307 ]
LHandPositionsY: [ 281, 279, 282, 283, 281, 280, 284, 283, 283, 285, 283,
    282, 281, 283, 285, 281, 283, 285, 284, 282, 284, 282, 284, 284, 281,
    283, 283, 281, 284, 282, 282, 282, 285, 283, 285, 283, 285, 281, 282,
    282, 283, 283, 284, 280, 281, 280, 282, 281, 280, 280, 282, 283, 281,
    282, 283, 280, 280, 284, 282, 283, 280, 283, 280, 283, 280, 280, 283,
    283, 282, 280, 284, 281, 281, 281, 283, 284, 282, 281, 281, 284, 284,
    282, 281, 280, 282, 280, 281, 284 ]
RHandPositionsX: [ 267, 267, 270, 272, 273, 273, 272, 278, 267, 260, 258,
    256, 252, 235, 218, 200, 188, 166, 156, 159, 164, 176, 200, 196, 207,
    200, 194, 191, 181, 180, 191, 191, 203, 200, 196, 195, 184, 180, 180,
    180, 192, 188, 186, 183, 181, 178, 175, 174, 176, 182, 184, 190, 193,
    190, 193, 189, 186, 200, 206, 215, 213, 208, 206, 197, 197, 196, 202,
    204, 215, 210, 212, 216, 223, 227, 242, 246, 253, 262, 264, 265, 264,
    266, 267, 270, 274, 277, 271, 272 ]
RHandPositionsY: [ 268, 268, 268, 267, 270, 270, 269, 267, 268, 265, 252,
    244, 231, 217, 203, 183, 171, 152, 129, 129, 115, 107, 105, 106, 108,
    103, 100, 95, 93, 92, 88, 94, 94, 97, 96, 92, 87, 89, 86, 89, 91, 91,
    91, 92, 89, 88, 87, 85, 90, 95, 95, 95, 98, 95, 94, 91, 92, 92, 99,
    95, 101, 100, 96, 91, 95, 94, 94, 102, 103, 109, 111, 126, 130, 142,
    157, 174, 193, 217, 230, 244, 256, 260, 257, 259, 261, 265, 263, 262 ]
