%YAML:1.0
---
videoName: "RHShake03.mp4"
gestureLabel: 2
fps: 29
pixelSizeInCmTemp: 3.1103896103896100e-01
faceCenterPointX: 294
faceCenterPointY: 48
LHandPositionsX: [ 409, 412, 411, 412, 409, 409, 412, 412, 408, 410, 409,
    411, 410, 410, 410, 412, 408, 409, 408, 409, 410, 410, 408, 410, 409,
    408, 408, 409, 410, 409, 411, 412, 409, 411, 412, 411, 408, 412, 409,
    409, 410, 410, 408, 411, 412, 410, 408, 409, 408, 410, 411, 410, 410,
    411, 412, 411, 409, 409, 411, 410, 410, 410, 409, 412, 412, 409, 409,
    408, 410, 410, 411, 410, 410, 411, 407, 407, 408, 410, 408, 410, 409,
    411, 410, 409, 411, 410, 408, 409 ]
LHandPositionsY: [ 262, 262, 263, 263, 264, 263, 262, 262, 264, 264, 260,
    263, 263, 262, 261, 260, 263, 262, 260, 262, 263, 261, 264, 263, 263,
    261, 261, 262, 262, 262, 260, 262, 262, 263, 260, 264, 261, 263, 263,
    263, 264, 261, 261, 260, 261, 263, 263, 262, 262, 261, 262, 261, 262,
    263, 261, 264, 263, 262, 264, 260, 260, 261, 262, 260, 260, 260, 262,
    261, 260, 264, 260, 263, 264, 261, 264, 261, 262, 263, 260, 262, 262,
    264, 262, 264, 260, 263, 261, 263 ]
RHandPositionsX: [ 179, 179, 180, 180, 175, 178, 176, 177, 175, 175, 173,
    173, 175, 176, 172, 174, 173, 171, 171, 171, 173, 175, 172, 173, 174,
    171, 171, 175, 174, 170, 170, 171, 175, 173, 163, 155, 150, 149, 149,
    153, 153, 165, 178, 182, 191, 189, 184, 175, 173, 170, 174, 179, 183,
    182, 181, 178, 174, 170, 166, 172, 178, 188, 202, 209, 198, 192, 187,
    190, 186, 180, 184, 192, 203, 208, 211, 207, 198, 195, 194, 183, 185,
    183, 184, 184, 179, 180, 180, 178 ]
RHandPositionsY: [ 258, 259, 260, 258, 261, 263, 263, 259, 260, 259, 261,
    259, 261, 262, 260, 261, 258, 258, 261, 259, 259, 261, 262, 258, 262,
    260, 258, 262, 262, 259, 263, 264, 258, 242, 217, 199, 176, 157, 143,
    130, 124, 120, 120, 118, 112, 107, 102, 102, 100, 98, 102, 107, 104,
    107, 103, 104, 102, 100, 97, 98, 104, 109, 110, 111, 108, 107, 105,
    105, 101, 98, 103, 116, 128, 139, 159, 179, 203, 207, 217, 239, 240,
    245, 242, 250, 252, 252, 253, 250 ]
