%YAML:1.0
---
videoName: "RHShake09.mp4"
gestureLabel: 2
fps: 29
pixelSizeInCmTemp: 3.1103896103896100e-01
faceCenterPointX: 296
faceCenterPointY: 48
LHandPositionsX: [ 324, 324, 322, 325, 322, 324, 321, 320, 317, 319, 316,
    317, 314, 312, 314, 312, 311, 312, 309, 307, 308, 309, 307, 309, 305,
    308, 304, 305, 305, 306, 309, 310, 307, 312, 309, 311, 310, 307, 307,
    307, 309, 311, 311, 311, 311, 313, 310, 310, 310, 314, 310, 312, 315,
    312, 315, 312, 312, 316, 314, 317, 314, 316, 316, 314, 317, 316, 317,
    316, 317, 317, 315, 318, 316, 318, 315, 316, 316, 315, 314, 313, 313,
    313, 315, 315, 315, 317, 315, 318 ]
LHandPositionsY: [ 266, 266, 271, 268, 270, 270, 270, 271, 271, 271, 272,
    274, 275, 273, 271, 272, 275, 276, 276, 275, 273, 273, 276, 274, 272,
    274, 272, 274, 275, 273, 275, 274, 277, 274, 276, 274, 273, 276, 276,
    274, 277, 277, 277, 274, 274, 275, 273, 277, 275, 273, 275, 275, 275,
    277, 273, 276, 275, 273, 273, 275, 273, 276, 274, 273, 276, 273, 276,
    275, 275, 275, 272, 274, 276, 274, 274, 276, 275, 273, 273, 275, 275,
    272, 272, 274, 274, 273, 273, 272 ]
RHandPositionsX: [ 264, 266, 265, 263, 261, 264, 264, 263, 261, 259, 259,
    260, 261, 257, 257, 259, 259, 256, 258, 255, 256, 258, 254, 258, 254,
    254, 258, 256, 255, 255, 264, 260, 257, 240, 226, 202, 190, 176, 170,
    173, 172, 171, 179, 185, 188, 185, 181, 179, 180, 174, 188, 190, 189,
    198, 193, 186, 182, 174, 178, 188, 185, 186, 196, 190, 189, 182, 175,
    174, 173, 179, 185, 188, 188, 182, 181, 180, 182, 181, 183, 190, 189,
    191, 197, 203, 207, 218, 229, 239 ]
RHandPositionsY: [ 260, 265, 266, 265, 264, 268, 264, 267, 267, 266, 265,
    267, 265, 265, 268, 266, 265, 268, 268, 268, 268, 267, 267, 267, 269,
    265, 266, 265, 267, 270, 269, 257, 245, 230, 213, 197, 175, 159, 136,
    135, 114, 110, 104, 110, 111, 103, 99, 89, 89, 89, 88, 96, 97, 95,
    94, 95, 88, 87, 88, 89, 92, 97, 97, 96, 89, 87, 87, 87, 89, 96, 95,
    98, 94, 96, 94, 89, 89, 94, 97, 105, 103, 106, 123, 131, 141, 153,
    167, 186 ]
