%YAML:1.0
---
videoName: "RHShake20.mp4"
gestureLabel: 2
fps: 29
pixelSizeInCmTemp: 3.3263888888888887e-01
faceCenterPointX: 286
faceCenterPointY: 45
LHandPositionsX: [ 394, 393, 390, 394, 393, 393, 392, 390, 390, 394, 393,
    390, 392, 390, 392, 393, 392, 392, 394, 390, 390, 394, 393, 394, 392,
    393, 393, 392, 394, 390, 393, 392, 390, 393, 393, 393, 394, 392, 392,
    393, 393, 392, 394, 390, 393, 392, 394, 394, 390, 392, 394, 394, 393,
    391, 394, 394, 391, 390, 391, 392, 392, 390, 390, 393, 394, 393, 391,
    390, 394, 390, 391, 390, 391, 391, 392, 393, 392, 393, 393, 394, 393,
    394, 393, 394, 391, 391, 392, 393 ]
LHandPositionsY: [ 245, 242, 244, 245, 244, 244, 244, 241, 243, 241, 241,
    243, 242, 241, 241, 243, 239, 242, 240, 239, 240, 240, 239, 242, 242,
    243, 242, 242, 241, 243, 242, 243, 241, 240, 239, 240, 242, 240, 239,
    240, 242, 241, 241, 242, 239, 241, 243, 242, 239, 242, 243, 242, 243,
    242, 241, 241, 242, 242, 241, 241, 239, 243, 243, 243, 241, 241, 241,
    242, 241, 239, 239, 239, 243, 240, 240, 239, 242, 240, 240, 240, 242,
    239, 240, 241, 240, 242, 240, 241 ]
RHandPositionsX: [ 162, 159, 158, 157, 152, 154, 151, 154, 159, 158, 163,
    158, 160, 153, 153, 149, 147, 152, 160, 159, 162, 161, 160, 155, 153,
    154, 149, 150, 162, 160, 161, 161, 157, 153, 158, 155, 149, 148, 158,
    166, 168, 168, 166, 160, 156, 152, 154, 151, 158, 162, 164, 165, 167,
    168, 169, 171, 163, 164, 161, 160, 161, 170, 171, 176, 183, 186, 188,
    188, 187, 182, 182, 182, 182, 181, 176, 176, 177, 179, 179, 180, 177,
    176, 180, 179, 177, 180, 177, 179 ]
RHandPositionsY: [ 108, 109, 102, 104, 99, 100, 99, 101, 99, 104, 103,
    102, 98, 100, 95, 96, 97, 104, 111, 114, 113, 115, 114, 110, 106,
    108, 106, 107, 116, 120, 116, 114, 112, 108, 107, 103, 102, 105, 116,
    122, 121, 121, 123, 116, 117, 115, 113, 111, 113, 115, 126, 124, 121,
    125, 124, 120, 114, 117, 111, 110, 116, 124, 132, 137, 144, 154, 166,
    178, 186, 195, 199, 212, 221, 229, 231, 232, 241, 240, 242, 242, 243,
    244, 247, 245, 244, 247, 245, 243 ]
