%YAML:1.0
---
videoName: "RHShake15.mp4"
gestureLabel: 2
fps: 29
pixelSizeInCmTemp: 3.2808219178082193e-01
faceCenterPointX: 279
faceCenterPointY: 41
LHandPositionsX: [ 369, 372, 371, 368, 372, 371, 372, 368, 368, 368, 368,
    370, 372, 368, 372, 371, 369, 369, 371, 369, 368, 372, 372, 368, 368,
    369, 371, 372, 370, 372, 368, 372, 372, 370, 372, 371, 371, 372, 372,
    370, 371, 371, 368, 368, 372, 372, 368, 372, 370, 370, 372, 368, 368,
    372, 369, 368, 368, 370, 368, 368, 369, 368, 368, 372, 371, 370, 370,
    371, 371, 368, 372, 371, 372, 368, 370, 372, 371, 369, 368, 369, 372,
    369, 368, 371, 369, 372, 371, 371 ]
LHandPositionsY: [ 232, 236, 234, 234, 235, 236, 236, 235, 236, 235, 235,
    232, 236, 233, 235, 235, 234, 233, 235, 235, 234, 236, 232, 234, 234,
    232, 232, 232, 236, 234, 232, 232, 234, 232, 235, 233, 233, 235, 233,
    234, 236, 233, 235, 234, 234, 235, 233, 235, 233, 234, 231, 233, 233,
    235, 234, 231, 231, 234, 235, 235, 232, 231, 232, 235, 234, 235, 235,
    235, 231, 234, 233, 233, 234, 232, 235, 232, 235, 231, 235, 235, 235,
    234, 233, 235, 234, 231, 235, 233 ]
RHandPositionsX: [ 138, 123, 111, 110, 109, 108, 109, 104, 109, 110, 112,
    117, 113, 111, 111, 113, 115, 110, 105, 109, 116, 119, 114, 112, 110,
    105, 109, 108, 108, 108, 115, 118, 116, 114, 114, 110, 107, 112, 113,
    115, 113, 111, 114, 117, 122, 122, 118, 123, 123, 121, 117, 123, 125,
    127, 123, 128, 127, 128, 121, 121, 119, 126, 131, 135, 140, 144, 137,
    138, 140, 140, 143, 148, 152, 153, 157, 157, 158, 159, 159, 161, 159,
    159, 161, 158, 158, 160, 158, 160 ]
RHandPositionsY: [ 192, 173, 157, 143, 144, 141, 131, 126, 119, 117, 109,
    105, 101, 101, 95, 94, 94, 95, 92, 93, 93, 93, 94, 93, 91, 93, 94,
    94, 95, 96, 98, 102, 106, 102, 100, 100, 103, 104, 103, 103, 105,
    105, 110, 112, 110, 108, 103, 103, 106, 102, 106, 108, 112, 115, 115,
    114, 109, 113, 112, 109, 111, 121, 124, 136, 149, 165, 170, 179, 190,
    203, 208, 220, 230, 238, 242, 241, 245, 245, 246, 245, 245, 246, 248,
    245, 248, 249, 248, 246 ]
