%YAML:1.0
---
videoName: "RHShake17.mp4"
gestureLabel: 2
fps: 29
pixelSizeInCmTemp: 3.3732394366197183e-01
faceCenterPointX: 282
faceCenterPointY: 40
LHandPositionsX: [ 308, 308, 308, 309, 309, 307, 309, 305, 305, 305, 305,
    308, 305, 306, 308, 309, 309, 305, 308, 305, 308, 307, 305, 307, 307,
    308, 308, 305, 307, 308, 309, 309, 305, 309, 309, 306, 307, 305, 307,
    306, 307, 309, 310, 308, 309, 307, 310, 306, 306, 308, 311, 309, 307,
    309, 307, 311, 309, 307, 308, 311, 309, 309, 310, 310, 309, 309, 307,
    307, 310, 308, 307, 310, 309, 309, 308, 309, 306, 310, 305, 308, 305,
    307, 307, 306, 308, 307, 309, 306 ]
LHandPositionsY: [ 234, 234, 232, 233, 232, 233, 233, 232, 234, 235, 231,
    235, 233, 231, 232, 231, 233, 232, 235, 233, 234, 234, 234, 235, 232,
    235, 231, 231, 235, 234, 234, 234, 235, 231, 233, 234, 231, 234, 235,
    232, 233, 231, 233, 231, 232, 235, 233, 233, 235, 232, 233, 235, 235,
    233, 233, 234, 232, 232, 233, 233, 235, 232, 233, 231, 231, 233, 233,
    231, 231, 233, 234, 231, 232, 231, 233, 234, 234, 232, 235, 232, 235,
    232, 233, 235, 235, 232, 234, 232 ]
RHandPositionsX: [ 211, 194, 175, 162, 141, 143, 143, 146, 144, 141, 146,
    148, 154, 154, 146, 145, 143, 142, 144, 148, 163, 158, 154, 150, 151,
    146, 146, 144, 145, 154, 153, 160, 162, 156, 148, 143, 141, 138, 136,
    152, 151, 154, 153, 160, 153, 153, 151, 150, 159, 159, 173, 171, 167,
    164, 160, 156, 152, 154, 148, 150, 152, 163, 173, 175, 178, 179, 178,
    175, 174, 169, 177, 169, 167, 169, 170, 170, 171, 172, 170, 170, 169,
    169, 169, 169, 169, 170, 170, 170 ]
RHandPositionsY: [ 200, 184, 170, 150, 130, 112, 109, 103, 96, 90, 98,
    91, 83, 77, 73, 72, 70, 66, 71, 75, 80, 75, 71, 71, 70, 69, 65, 66,
    64, 68, 69, 66, 64, 67, 67, 64, 65, 65, 69, 81, 81, 81, 80, 78, 78,
    75, 75, 74, 73, 77, 89, 90, 84, 80, 79, 79, 81, 77, 79, 85, 90, 106,
    117, 132, 148, 159, 170, 184, 190, 194, 206, 215, 223, 229, 232, 232,
    239, 241, 240, 239, 240, 243, 240, 243, 243, 243, 244, 245 ]
