%YAML:1.0
---
videoName: "RHShake22.mp4"
gestureLabel: 2
fps: 29
pixelSizeInCmTemp: 3.3263888888888887e-01
faceCenterPointX: 290
faceCenterPointY: 48
LHandPositionsX: [ 392, 396, 393, 393, 395, 394, 392, 396, 394, 396, 394,
    394, 393, 393, 394, 396, 393, 392, 396, 396, 394, 395, 396, 392, 394,
    393, 396, 394, 396, 392, 393, 392, 395, 396, 393, 393, 393, 393, 395,
    392, 396, 396, 395, 394, 393, 395, 392, 396, 394, 396, 395, 396, 393,
    394, 395, 396, 394, 396, 395, 394, 392, 394, 393, 395, 396, 395, 393,
    392, 393, 394, 394, 394, 396, 395, 395, 392, 392, 396, 396, 396, 395,
    393, 392, 392, 392, 392, 392, 394 ]
LHandPositionsY: [ 231, 232, 232, 233, 232, 233, 233, 233, 232, 231, 233,
    234, 230, 234, 232, 230, 233, 231, 234, 231, 231, 231, 231, 233, 231,
    232, 234, 231, 232, 233, 232, 232, 232, 233, 231, 234, 230, 234, 234,
    234, 234, 231, 230, 233, 234, 233, 232, 231, 233, 231, 233, 230, 230,
    231, 231, 230, 231, 233, 230, 233, 233, 233, 233, 233, 230, 230, 233,
    232, 231, 233, 232, 230, 233, 232, 230, 232, 230, 233, 231, 232, 231,
    233, 233, 232, 232, 232, 230, 234 ]
RHandPositionsX: [ 148, 136, 128, 131, 133, 135, 145, 159, 165, 163, 165,
    162, 163, 157, 151, 146, 145, 145, 144, 152, 160, 173, 171, 171, 167,
    164, 161, 159, 158, 151, 151, 161, 165, 170, 171, 173, 173, 172, 167,
    164, 158, 156, 162, 165, 170, 174, 177, 171, 173, 169, 163, 158, 153,
    154, 157, 163, 169, 175, 178, 179, 179, 172, 171, 164, 157, 156, 151,
    156, 165, 176, 175, 176, 179, 183, 178, 178, 178, 183, 182, 183, 190,
    189, 191, 188, 189, 186, 189, 187 ]
RHandPositionsY: [ 140, 115, 102, 101, 98, 92, 81, 84, 88, 93, 90, 89,
    86, 81, 78, 81, 76, 74, 73, 85, 91, 95, 95, 97, 95, 87, 87, 83, 82,
    81, 81, 92, 93, 100, 101, 102, 96, 91, 87, 86, 88, 86, 84, 91, 96,
    97, 101, 99, 96, 90, 90, 90, 88, 85, 87, 85, 90, 101, 104, 105, 99,
    94, 93, 92, 93, 90, 92, 88, 90, 105, 108, 111, 114, 119, 119, 123,
    137, 151, 161, 171, 184, 191, 200, 204, 211, 218, 227, 227 ]
