%YAML:1.0
---
videoName: "RHShake15.mp4"
gestureLabel: 2
fps: 29
pixelSizeInCmTemp: 3.2808219178082193e-01
faceCenterPointX: 279
faceCenterPointY: 41
LHandPositionsX: [ 369, 368, 368, 370, 372, 371, 371, 372, 371, 369, 370,
    371, 372, 372, 370, 370, 368, 369, 372, 370, 370, 371, 372, 369, 371,
    371, 371, 371, 371, 370, 372, 369, 372, 368, 371, 368, 372, 369, 372,
    371, 369, 368, 371, 369, 368, 370, 371, 369, 369, 368, 368, 370, 372,
    371, 371, 372, 372, 371, 369, 368, 368, 371, 372, 372, 372, 368, 368,
    372, 372, 371, 369, 369, 371, 372, 370, 372, 369, 372, 370, 368, 369,
    372, 370, 370, 369, 372, 371, 370 ]
LHandPositionsY: [ 234, 235, 236, 233, 233, 233, 236, 236, 234, 236, 235,
    233, 232, 233, 236, 232, 235, 233, 235, 234, 234, 233, 235, 232, 236,
    233, 235, 235, 235, 235, 232, 232, 236, 233, 236, 232, 235, 234, 232,
    233, 236, 236, 233, 233, 233, 231, 233, 235, 231, 235, 231, 232, 232,
    231, 231, 232, 234, 231, 233, 235, 235, 235, 234, 232, 231, 234, 235,
    231, 231, 234, 233, 232, 233, 234, 233, 235, 232, 233, 234, 235, 234,
    234, 232, 231, 235, 235, 231, 235 ]
RHandPositionsX: [ 137, 124, 113, 111, 113, 112, 106, 103, 108, 108, 114,
    117, 116, 113, 110, 114, 114, 110, 105, 108, 115, 119, 116, 114, 112,
    105, 108, 111, 106, 109, 114, 119, 116, 114, 114, 112, 111, 111, 114,
    115, 111, 112, 114, 117, 122, 119, 122, 122, 122, 122, 116, 120, 125,
    127, 122, 126, 127, 126, 122, 118, 121, 123, 131, 135, 139, 144, 137,
    136, 141, 143, 144, 149, 153, 154, 158, 156, 160, 156, 157, 158, 161,
    159, 160, 157, 160, 158, 158, 157 ]
RHandPositionsY: [ 192, 172, 154, 144, 146, 141, 134, 127, 119, 117, 113,
    108, 103, 101, 97, 96, 96, 93, 94, 92, 95, 94, 93, 94, 92, 94, 95,
    95, 96, 95, 96, 102, 106, 104, 101, 104, 103, 104, 103, 102, 105,
    108, 109, 111, 107, 104, 104, 104, 107, 102, 104, 110, 113, 115, 119,
    112, 110, 110, 109, 111, 113, 121, 127, 138, 151, 164, 170, 180, 192,
    199, 208, 218, 230, 235, 241, 240, 244, 248, 249, 246, 247, 248, 248,
    248, 247, 245, 245, 248 ]
