%YAML:1.0
---
videoName: "RHShake12.mp4"
gestureLabel: 2
fps: 29
pixelSizeInCmTemp: 3.3732394366197183e-01
faceCenterPointX: 299
faceCenterPointY: 45
LHandPositionsX: [ 408, 407, 405, 408, 405, 405, 405, 404, 407, 405, 407,
    407, 404, 405, 405, 404, 408, 404, 404, 405, 406, 405, 404, 404, 408,
    407, 406, 408, 405, 407, 407, 407, 407, 407, 405, 408, 404, 408, 404,
    405, 405, 405, 407, 407, 405, 405, 404, 404, 408, 404, 405, 408, 404,
    408, 404, 404, 404, 407, 407, 408, 407, 406, 408, 407, 407, 407, 406,
    408, 406, 405, 407, 408, 408, 407, 405, 404, 404, 404, 407, 406, 406,
    407, 408, 406, 406, 404, 406, 406 ]
LHandPositionsY: [ 243, 242, 242, 240, 239, 242, 242, 240, 240, 239, 240,
    243, 240, 241, 243, 240, 242, 239, 242, 241, 242, 239, 242, 243, 239,
    241, 239, 240, 241, 239, 240, 239, 243, 243, 239, 239, 241, 239, 241,
    242, 242, 240, 239, 243, 243, 242, 240, 239, 241, 239, 242, 239, 239,
    241, 242, 239, 243, 240, 240, 242, 242, 242, 242, 242, 241, 242, 239,
    240, 242, 240, 243, 240, 242, 243, 240, 241, 242, 241, 242, 243, 240,
    242, 241, 240, 242, 239, 240, 241 ]
RHandPositionsX: [ 170, 168, 161, 160, 162, 172, 180, 192, 194, 197, 193,
    184, 177, 170, 171, 170, 171, 175, 187, 188, 188, 184, 178, 173, 169,
    168, 169, 177, 185, 193, 190, 189, 183, 182, 177, 174, 175, 174, 178,
    190, 196, 195, 185, 178, 177, 177, 171, 174, 179, 189, 194, 195, 197,
    189, 185, 179, 175, 177, 171, 175, 179, 194, 198, 200, 204, 202, 197,
    191, 186, 186, 184, 186, 188, 191, 200, 199, 197, 202, 201, 203, 199,
    201, 197, 197, 199, 198, 202, 201 ]
RHandPositionsY: [ 139, 125, 119, 114, 107, 92, 98, 106, 109, 110, 100,
    94, 93, 88, 90, 86, 83, 89, 99, 104, 105, 96, 93, 86, 88, 83, 82, 90,
    99, 111, 111, 108, 98, 94, 93, 93, 90, 89, 94, 114, 117, 116, 103,
    101, 95, 94, 91, 87, 93, 107, 109, 113, 111, 101, 92, 90, 89, 89, 87,
    87, 93, 109, 120, 117, 122, 119, 114, 108, 112, 115, 114, 126, 135,
    147, 159, 162, 170, 175, 187, 195, 202, 211, 213, 220, 223, 227, 229,
    229 ]
