%YAML:1.0
---
videoName: "RHShake03.mp4"
gestureLabel: 2
fps: 29
pixelSizeInCmTemp: 3.1103896103896100e-01
faceCenterPointX: 294
faceCenterPointY: 48
LHandPositionsX: [ 408, 411, 409, 409, 409, 409, 412, 412, 410, 410, 410,
    408, 410, 408, 410, 408, 410, 411, 409, 408, 410, 411, 410, 412, 408,
    411, 411, 408, 412, 409, 408, 410, 411, 410, 409, 408, 411, 409, 409,
    412, 411, 411, 411, 409, 411, 408, 409, 412, 410, 409, 410, 412, 412,
    411, 409, 409, 408, 412, 411, 410, 410, 409, 410, 410, 410, 412, 411,
    408, 411, 412, 407, 408, 411, 407, 410, 408, 409, 408, 410, 411, 408,
    407, 407, 408, 408, 407, 409, 411 ]
LHandPositionsY: [ 264, 263, 261, 262, 263, 260, 261, 261, 263, 264, 263,
    260, 262, 260, 261, 261, 263, 264, 263, 261, 260, 260, 261, 262, 263,
    260, 264, 264, 262, 262, 264, 263, 262, 264, 261, 263, 264, 260, 261,
    261, 261, 263, 264, 262, 262, 260, 263, 260, 263, 263, 263, 263, 264,
    261, 263, 262, 263, 264, 264, 261, 261, 264, 260, 262, 260, 263, 262,
    262, 262, 261, 260, 261, 262, 260, 263, 262, 264, 261, 264, 261, 262,
    264, 261, 260, 263, 262, 262, 260 ]
RHandPositionsX: [ 179, 179, 179, 176, 177, 178, 175, 177, 175, 174, 176,
    176, 172, 174, 174, 172, 173, 172, 172, 173, 174, 172, 175, 173, 174,
    174, 172, 171, 172, 173, 173, 173, 172, 174, 162, 156, 151, 148, 153,
    151, 157, 164, 180, 183, 192, 193, 182, 176, 174, 173, 175, 180, 182,
    182, 179, 175, 173, 168, 167, 172, 178, 188, 198, 205, 197, 191, 188,
    188, 184, 181, 187, 196, 202, 208, 211, 210, 201, 194, 193, 185, 182,
    181, 182, 180, 180, 182, 179, 180 ]
RHandPositionsY: [ 257, 262, 258, 258, 262, 262, 259, 262, 259, 262, 260,
    258, 258, 260, 260, 258, 260, 260, 262, 260, 258, 258, 262, 260, 259,
    261, 261, 259, 260, 262, 266, 263, 256, 241, 219, 199, 175, 160, 147,
    127, 124, 120, 116, 118, 110, 105, 103, 102, 99, 102, 103, 107, 107,
    106, 103, 100, 100, 99, 95, 95, 103, 106, 111, 112, 108, 105, 102,
    106, 97, 102, 104, 117, 126, 140, 159, 181, 200, 207, 219, 241, 243,
    243, 243, 250, 254, 254, 253, 250 ]
