%YAML:1.0
---
videoName: "RHShake01.mp4"
gestureLabel: 2
fps: 29
pixelSizeInCmTemp: 3.1513157894736843e-01
faceCenterPointX: 292
faceCenterPointY: 51
LHandPositionsX: [ 395, 392, 396, 392, 392, 396, 395, 395, 393, 395, 396,
    396, 395, 392, 395, 393, 391, 392, 391, 393, 391, 395, 395, 393, 394,
    393, 394, 393, 394, 393, 391, 393, 395, 392, 393, 394, 392, 392, 393,
    392, 395, 393, 391, 391, 394, 392, 392, 395, 394, 393, 395, 394, 395,
    393, 391, 393, 393, 395, 393, 395, 395, 391, 393, 392, 395, 394, 392,
    392, 394, 394, 391, 395, 393, 392, 392, 391, 395, 395, 395, 393, 394,
    393, 391, 394, 394, 391, 394, 392 ]
LHandPositionsY: [ 257, 257, 253, 253, 254, 255, 253, 255, 257, 253, 255,
    253, 255, 253, 257, 257, 254, 255, 256, 253, 254, 253, 253, 257, 255,
    256, 257, 253, 253, 256, 254, 256, 254, 257, 255, 256, 253, 257, 253,
    254, 253, 254, 253, 257, 254, 254, 256, 254, 253, 257, 256, 253, 253,
    256, 255, 253, 255, 253, 254, 256, 255, 256, 257, 253, 254, 254, 256,
    254, 257, 253, 253, 257, 257, 253, 253, 257, 256, 255, 255, 257, 257,
    257, 255, 255, 254, 256, 255, 254 ]
RHandPositionsX: [ 169, 171, 168, 168, 170, 169, 170, 168, 168, 168, 168,
    167, 170, 170, 167, 167, 170, 171, 169, 171, 168, 169, 171, 168, 171,
    172, 170, 177, 175, 169, 166, 162, 155, 153, 158, 159, 172, 181, 194,
    191, 193, 186, 183, 174, 176, 172, 176, 186, 194, 196, 190, 190, 185,
    178, 180, 181, 176, 184, 186, 192, 193, 192, 193, 185, 181, 175, 179,
    182, 187, 192, 196, 196, 196, 197, 193, 191, 186, 188, 190, 180, 176,
    175, 172, 174, 173, 173, 176, 175 ]
RHandPositionsY: [ 277, 278, 280, 276, 279, 277, 277, 277, 276, 278, 280,
    276, 280, 279, 277, 277, 276, 278, 279, 279, 277, 277, 276, 280, 279,
    275, 268, 244, 229, 207, 189, 169, 149, 135, 128, 114, 109, 106, 110,
    110, 107, 103, 99, 101, 97, 97, 99, 96, 103, 99, 99, 96, 96, 93, 92,
    93, 97, 97, 100, 103, 103, 97, 100, 98, 99, 96, 94, 99, 102, 107,
    110, 125, 136, 148, 158, 178, 192, 202, 206, 214, 218, 227, 232, 240,
    240, 241, 246, 246 ]
