%YAML:1.0
---
videoName: "RHShake16.mp4"
gestureLabel: 2
fps: 29
pixelSizeInCmTemp: 3.2808219178082193e-01
faceCenterPointX: 281
faceCenterPointY: 44
LHandPositionsX: [ 369, 372, 370, 371, 369, 372, 370, 372, 369, 372, 370,
    373, 370, 372, 371, 370, 370, 372, 369, 369, 372, 370, 370, 373, 372,
    372, 372, 371, 370, 370, 370, 373, 370, 372, 372, 373, 369, 371, 372,
    370, 372, 373, 373, 373, 369, 370, 373, 373, 371, 370, 369, 373, 370,
    370, 370, 369, 371, 371, 369, 372, 372, 371, 372, 371, 372, 372, 372,
    371, 369, 372, 370, 373, 373, 369, 373, 369, 369, 370, 372, 371, 370,
    371, 373, 371, 372, 369, 372, 370 ]
LHandPositionsY: [ 231, 233, 232, 234, 230, 230, 231, 230, 232, 230, 234,
    234, 230, 232, 230, 234, 233, 233, 234, 234, 230, 234, 234, 230, 233,
    232, 232, 231, 230, 231, 231, 232, 230, 230, 231, 230, 233, 230, 231,
    230, 234, 231, 234, 234, 230, 233, 231, 232, 231, 232, 232, 233, 230,
    229, 232, 230, 232, 229, 229, 229, 229, 233, 230, 230, 230, 230, 233,
    231, 232, 232, 230, 230, 232, 232, 233, 229, 233, 229, 231, 231, 231,
    229, 229, 231, 230, 232, 231, 233 ]
RHandPositionsX: [ 170, 167, 167, 171, 171, 167, 167, 170, 171, 169, 168,
    169, 170, 171, 170, 171, 167, 169, 165, 155, 152, 146, 137, 131, 127,
    123, 116, 123, 121, 125, 126, 132, 138, 143, 142, 138, 138, 136, 138,
    141, 141, 144, 149, 150, 147, 149, 150, 148, 148, 145, 151, 151, 152,
    150, 146, 144, 147, 143, 147, 152, 153, 156, 155, 153, 154, 150, 149,
    150, 153, 162, 166, 169, 173, 175, 179, 175, 176, 174, 170, 171, 169,
    171, 172, 169, 169, 169, 172, 171 ]
RHandPositionsY: [ 266, 265, 267, 266, 269, 267, 268, 268, 268, 269, 266,
    265, 267, 267, 267, 269, 267, 264, 255, 241, 217, 197, 180, 160, 145,
    130, 114, 114, 112, 106, 108, 105, 98, 95, 96, 93, 94, 91, 89, 89,
    91, 89, 88, 91, 90, 85, 88, 88, 87, 86, 88, 88, 86, 87, 89, 85, 84,
    85, 88, 89, 91, 90, 90, 90, 87, 87, 88, 95, 105, 120, 131, 147, 158,
    174, 185, 189, 193, 202, 209, 218, 223, 223, 223, 231, 235, 235, 238,
    235 ]
