%YAML:1.0
---
videoName: "RHShake17.mp4"
gestureLabel: 2
fps: 29
pixelSizeInCmTemp: 3.3732394366197183e-01
faceCenterPointX: 282
faceCenterPointY: 40
LHandPositionsX: [ 307, 305, 308, 309, 309, 305, 306, 308, 308, 305, 309,
    308, 306, 305, 306, 305, 307, 308, 308, 306, 308, 308, 307, 306, 307,
    307, 307, 306, 307, 306, 309, 306, 306, 308, 309, 305, 307, 306, 308,
    310, 307, 309, 310, 307, 308, 308, 306, 308, 310, 306, 308, 310, 307,
    308, 307, 311, 308, 307, 311, 307, 309, 308, 310, 307, 308, 311, 309,
    311, 307, 310, 310, 310, 307, 307, 308, 306, 307, 307, 307, 306, 308,
    306, 307, 306, 305, 306, 305, 305 ]
LHandPositionsY: [ 235, 231, 235, 231, 234, 231, 234, 232, 235, 235, 235,
    232, 233, 233, 231, 235, 233, 235, 232, 231, 233, 231, 234, 234, 234,
    233, 233, 232, 233, 234, 233, 233, 232, 233, 232, 232, 231, 231, 233,
    232, 234, 232, 235, 231, 231, 231, 234, 235, 231, 233, 232, 234, 235,
    231, 234, 234, 234, 235, 234, 233, 235, 233, 234, 232, 235, 233, 233,
    235, 234, 234, 233, 234, 232, 235, 232, 231, 235, 235, 232, 233, 231,
    234, 234, 231, 234, 233, 232, 235 ]
RHandPositionsX: [ 210, 197, 176, 162, 140, 144, 143, 148, 144, 144, 147,
    151, 157, 153, 148, 144, 144, 141, 142, 144, 164, 161, 155, 152, 148,
    148, 149, 145, 146, 155, 152, 157, 160, 154, 149, 143, 140, 142, 136,
    154, 152, 153, 156, 158, 156, 149, 148, 153, 159, 156, 171, 171, 165,
    161, 157, 155, 152, 150, 146, 148, 155, 162, 172, 176, 177, 178, 176,
    174, 174, 168, 173, 170, 167, 171, 170, 168, 170, 168, 172, 168, 169,
    170, 168, 166, 166, 166, 170, 169 ]
RHandPositionsY: [ 204, 184, 167, 148, 128, 113, 110, 104, 98, 89, 99,
    91, 83, 80, 73, 72, 71, 68, 70, 73, 78, 77, 72, 73, 70, 65, 68, 65,
    65, 65, 70, 67, 65, 66, 65, 66, 66, 62, 68, 83, 82, 79, 81, 76, 77,
    73, 71, 74, 75, 76, 89, 92, 85, 82, 81, 79, 80, 81, 80, 85, 94, 104,
    121, 134, 145, 161, 169, 182, 188, 194, 208, 217, 223, 229, 232, 232,
    239, 240, 239, 242, 243, 243, 244, 244, 244, 245, 247, 244 ]
