%YAML:1.0
---
videoName: "RHShake21.mp4"
gestureLabel: 2
fps: 29
pixelSizeInCmTemp: 3.3732394366197183e-01
faceCenterPointX: 293
faceCenterPointY: 47
LHandPositionsX: [ 397, 396, 394, 398, 397, 398, 396, 396, 397, 395, 397,
    394, 398, 394, 395, 398, 396, 395, 398, 396, 398, 397, 398, 395, 395,
    398, 394, 394, 395, 395, 398, 397, 396, 397, 396, 397, 398, 397, 397,
    398, 395, 395, 396, 398, 398, 398, 398, 398, 398, 397, 394, 398, 397,
    397, 398, 394, 395, 394, 396, 395, 394, 398, 398, 397, 396, 395, 394,
    398, 395, 398, 395, 398, 398, 397, 397, 394, 398, 394, 395, 397, 398,
    397, 394, 397, 395, 394, 397, 398 ]
LHandPositionsY: [ 242, 238, 238, 239, 241, 241, 240, 242, 240, 242, 238,
    238, 240, 242, 240, 240, 238, 240, 241, 240, 242, 240, 238, 239, 240,
    241, 242, 242, 239, 241, 238, 240, 239, 239, 239, 238, 240, 242, 241,
    242, 238, 240, 238, 239, 239, 239, 239, 242, 239, 239, 241, 242, 239,
    239, 240, 241, 241, 241, 238, 239, 240, 239, 240, 240, 241, 240, 238,
    238, 241, 239, 241, 242, 241, 242, 242, 242, 241, 240, 241, 238, 242,
    239, 239, 238, 238, 241, 241, 238 ]
RHandPositionsX: [ 134, 138, 144, 145, 144, 148, 145, 140, 136, 134, 133,
    141, 144, 148, 148, 151, 145, 144, 138, 137, 137, 137, 139, 143, 147,
    151, 149, 152, 144, 142, 139, 138, 139, 141, 139, 145, 151, 152, 152,
    148, 144, 135, 135, 136, 137, 138, 144, 149, 152, 151, 148, 145, 137,
    137, 134, 137, 140, 147, 155, 164, 172, 175, 176, 180, 180, 184, 185,
    188, 186, 187, 191, 187, 186, 190, 190, 188, 186, 186, 189, 187, 189,
    186, 185, 188, 186, 186, 185, 188 ]
RHandPositionsY: [ 83, 85, 86, 87, 89, 86, 84, 83, 80, 80, 80, 84, 91,
    91, 93, 90, 90, 84, 87, 85, 83, 81, 84, 89, 87, 91, 90, 91, 88, 87,
    86, 86, 81, 84, 86, 89, 92, 94, 94, 89, 87, 86, 87, 85, 85, 91, 95,
    98, 97, 96, 96, 98, 94, 95, 94, 93, 96, 103, 115, 125, 139, 151, 154,
    152, 159, 170, 181, 189, 202, 207, 215, 212, 218, 225, 226, 225, 229,
    230, 231, 231, 227, 229, 230, 227, 227, 228, 231, 228 ]
