%YAML:1.0
---
videoName: "RHShake23.mp4"
gestureLabel: 2
fps: 29
pixelSizeInCmTemp: 3.3263888888888887e-01
faceCenterPointX: 298
faceCenterPointY: 49
LHandPositionsX: [ 388, 387, 388, 389, 391, 388, 390, 389, 387, 389, 388,
    390, 391, 390, 387, 389, 387, 387, 391, 390, 391, 389, 388, 391, 389,
    389, 388, 387, 388, 388, 390, 390, 391, 388, 387, 389, 388, 388, 387,
    390, 391, 388, 387, 389, 390, 388, 391, 389, 390, 390, 388, 391, 388,
    391, 389, 391, 390, 387, 389, 389, 389, 390, 391, 387, 391, 391, 391,
    389, 390, 389, 389, 389, 387, 391, 390, 389, 389, 388, 389, 391, 387,
    390, 387, 387, 390, 388, 387, 391 ]
LHandPositionsY: [ 225, 227, 226, 228, 226, 226, 225, 226, 224, 225, 226,
    224, 227, 228, 224, 226, 228, 225, 226, 228, 225, 225, 227, 228, 227,
    224, 226, 225, 228, 227, 224, 226, 228, 226, 228, 227, 227, 226, 225,
    227, 226, 228, 224, 225, 227, 226, 227, 227, 224, 225, 228, 227, 226,
    225, 225, 225, 227, 225, 228, 227, 226, 226, 228, 228, 226, 224, 224,
    225, 225, 227, 225, 224, 226, 228, 225, 228, 228, 228, 224, 226, 228,
    228, 225, 224, 226, 224, 226, 228 ]
RHandPositionsX: [ 168, 169, 178, 190, 189, 186, 195, 190, 183, 178, 173,
    173, 172, 182, 187, 195, 197, 198, 200, 194, 187, 182, 174, 174, 169,
    169, 173, 177, 194, 200, 202, 200, 198, 194, 192, 186, 182, 181, 180,
    181, 188, 199, 203, 203, 204, 205, 200, 192, 182, 178, 174, 178, 181,
    187, 194, 199, 204, 210, 208, 210, 212, 209, 207, 211, 208, 210, 209,
    205, 204, 206, 205, 204, 206, 203, 204, 203, 202, 200, 203, 200, 199,
    201, 199, 199, 202, 197, 197, 197 ]
RHandPositionsY: [ 99, 95, 97, 110, 116, 113, 121, 109, 104, 99, 102,
    102, 97, 103, 115, 122, 125, 125, 127, 109, 101, 102, 102, 101, 97,
    95, 94, 101, 117, 123, 123, 124, 121, 106, 106, 104, 103, 103, 98,
    101, 115, 123, 119, 122, 128, 127, 123, 106, 107, 105, 102, 103, 103,
    115, 127, 135, 141, 149, 151, 154, 160, 164, 174, 184, 191, 202, 210,
    214, 212, 213, 215, 218, 219, 225, 227, 225, 228, 228, 225, 226, 228,
    228, 226, 228, 228, 228, 225, 224 ]
