%YAML:1.0
---
videoName: "RHShake19.mp4"
gestureLabel: 2
fps: 29
pixelSizeInCmTemp: 3.2808219178082193e-01
faceCenterPointX: 283
faceCenterPointY: 48
LHandPositionsX: [ 389, 391, 388, 392, 392, 389, 391, 390, 391, 388, 388,
    389, 388, 390, 391, 392, 388, 388, 391, 391, 390, 391, 389, 389, 391,
    388, 390, 389, 390, 388, 389, 391, 391, 392, 391, 389, 389, 390, 388,
    391, 390, 392, 388, 388, 392, 388, 391, 390, 392, 391, 388, 392, 391,
    389, 392, 389, 390, 388, 391, 392, 388, 392, 391, 391, 390, 390, 391,
    392, 389, 390, 391, 388, 389, 390, 388, 392, 389, 390, 391, 392, 390,
    388, 392, 390, 391, 392, 390, 390 ]
LHandPositionsY: [ 240, 244, 241, 243, 241, 243, 241, 241, 242, 244, 240,
    241, 241, 242, 244, 241, 241, 244, 243, 242, 242, 244, 244, 244, 240,
    241, 242, 240, 241, 240, 241, 241, 241, 241, 241, 242, 243, 243, 242,
    241, 240, 244, 243, 244, 243, 244, 242, 240, 242, 240, 244, 244, 240,
    241, 243, 240, 240, 244, 242, 243, 240, 242, 243, 240, 242, 243, 241,
    240, 241, 244, 242, 240, 240, 241, 243, 243, 243, 240, 244, 240, 243,
    244, 243, 241, 240, 241, 240, 240 ]
RHandPositionsX: [ 156, 173, 183, 183, 188, 186, 177, 172, 168, 164, 164,
    160, 164, 176, 182, 183, 187, 178, 174, 169, 163, 159, 158, 165, 171,
    174, 175, 174, 168, 165, 159, 159, 159, 166, 171, 180, 178, 177, 177,
    172, 168, 163, 163, 158, 163, 167, 177, 177, 181, 183, 180, 177, 169,
    167, 169, 168, 170, 180, 178, 178, 183, 179, 174, 174, 168, 167, 169,
    173, 179, 182, 186, 189, 189, 188, 184, 183, 186, 184, 182, 182, 180,
    182, 182, 181, 179, 182, 179, 180 ]
RHandPositionsY: [ 88, 90, 96, 97, 95, 92, 83, 79, 77, 79, 75, 72, 79,
    84, 91, 88, 90, 83, 82, 79, 77, 75, 76, 75, 81, 90, 91, 88, 87, 89,
    82, 84, 81, 86, 84, 89, 97, 94, 96, 92, 89, 87, 88, 84, 85, 84, 90,
    95, 102, 101, 103, 93, 96, 97, 97, 97, 98, 104, 108, 109, 104, 100,
    103, 98, 99, 99, 111, 127, 140, 150, 164, 173, 187, 191, 199, 211,
    219, 226, 230, 239, 235, 237, 238, 242, 240, 243, 239, 241 ]
