%YAML:1.0
---
videoName: "RHShake15.mp4"
gestureLabel: 2
fps: 29
pixelSizeInCmTemp: 3.2808219178082193e-01
faceCenterPointX: 279
faceCenterPointY: 41
LHandPositionsX: [ 369, 372, 370, 369, 371, 372, 370, 368, 371, 369, 368,
    371, 372, 372, 368, 369, 372, 371, 372, 372, 372, 371, 369, 371, 370,
    369, 369, 369, 370, 370, 368, 370, 369, 372, 371, 369, 369, 372, 369,
    372, 369, 372, 370, 372, 372, 371, 370, 368, 372, 368, 368, 371, 368,
    370, 368, 372, 371, 370, 370, 372, 371, 372, 371, 371, 371, 369, 370,
    371, 372, 371, 372, 370, 372, 371, 368, 369, 372, 372, 370, 368, 368,
    370, 371, 372, 370, 368, 371, 368 ]
LHandPositionsY: [ 233, 234, 233, 233, 234, 232, 233, 236, 234, 236, 233,
    234, 236, 234, 233, 236, 236, 236, 235, 234, 235, 232, 236, 235, 236,
    234, 236, 235, 234, 233, 235, 233, 236, 232, 232, 234, 234, 233, 234,
    232, 232, 234, 232, 232, 232, 231, 231, 235, 235, 235, 234, 234, 235,
    232, 235, 233, 235, 231, 235, 233, 235, 234, 232, 233, 233, 231, 231,
    234, 233, 234, 235, 235, 234, 235, 234, 234, 235, 234, 232, 234, 232,
    234, 233, 232, 233, 235, 233, 233 ]
RHandPositionsX: [ 139, 122, 115, 110, 109, 108, 110, 105, 107, 110, 111,
    117, 116, 111, 109, 110, 111, 108, 108, 107, 116, 116, 116, 112, 112,
    109, 110, 109, 108, 105, 116, 115, 118, 116, 114, 111, 108, 113, 111,
    114, 111, 113, 117, 117, 120, 121, 119, 125, 124, 122, 118, 120, 127,
    126, 124, 124, 126, 127, 124, 121, 121, 126, 131, 132, 137, 142, 140,
    137, 140, 144, 143, 148, 151, 152, 159, 154, 157, 156, 161, 162, 157,
    157, 158, 159, 159, 157, 157, 159 ]
RHandPositionsY: [ 190, 171, 157, 147, 144, 141, 133, 129, 121, 116, 110,
    108, 105, 98, 98, 94, 95, 96, 95, 95, 92, 90, 95, 91, 91, 96, 96, 92,
    92, 97, 99, 104, 106, 105, 100, 100, 104, 101, 102, 105, 103, 105,
    108, 110, 109, 105, 102, 107, 106, 102, 103, 106, 110, 113, 119, 116,
    111, 112, 109, 111, 114, 121, 125, 136, 148, 163, 171, 182, 193, 199,
    211, 222, 231, 234, 240, 239, 245, 247, 248, 248, 246, 248, 248, 248,
    246, 249, 245, 247 ]
