%YAML:1.0
---
videoName: "RHShake00.mp4"
gestureLabel: 2
fps: 29
pixelSizeInCmTemp: 3.4710144927536229e-01
faceCenterPointX: 283
faceCenterPointY: 97
LHandPositionsX: [ 342, 343, 343, 344, 342, 345, 343, 343, 346, 346, 342,
    344, 342, 346, 345, 344, 344, 345, 344, 346, 343, 342, 345, 343, 342,
    342, 342, 342, 345, 343, 345, 344, 343, 346, 346, 344, 345, 346, 346,
    344, 346, 346, 342, 346, 345, 346, 345, 345, 343, 344, 344, 344, 346,
    346, 346, 345, 343, 343, 344, 342, 345, 345, 343, 346, 342, 342, 344,
    343, 342, 346, 344, 343, 342, 344, 345, 342, 344, 343, 345, 344, 345,
    343, 344, 342, 342, 342, 342, 343 ]
LHandPositionsY: [ 276, 272, 276, 275, 272, 272, 273, 272, 275, 276, 275,
    273, 273, 274, 276, 275, 273, 274, 272, 272, 273, 276, 273, 274, 275,
    273, 273, 276, 275, 274, 272, 274, 272, 274, 272, 273, 273, 272, 273,
    274, 272, 275, 272, 274, 276, 272, 275, 274, 272, 275, 273, 276, 273,
    275, 275, 273, 276, 276, 274, 275, 272, 272, 273, 275, 275, 274, 274,
    276, 275, 276, 272, 274, 275, 274, 273, 273, 274, 276, 275, 274, 274,
    272, 276, 273, 273, 272, 276, 273 ]
RHandPositionsX: [ 178, 175, 168, 154, 148, 147, 145, 142, 142, 141, 142,
    147, 149, 167, 166, 165, 170, 165, 166, 158, 155, 154, 150, 151, 152,
    162, 166, 165, 167, 162, 157, 152, 149, 145, 153, 155, 164, 164, 165,
    165, 162, 155, 149, 141, 139, 145, 149, 151, 153, 153, 161, 162, 157,
    152, 143, 143, 142, 148, 155, 161, 161, 162, 168, 163, 155, 153, 145,
    144, 144, 144, 151, 151, 155, 159, 165, 167, 171, 173, 175, 181, 184,
    186, 191, 190, 193, 195, 198, 196 ]
RHandPositionsY: [ 259, 249, 243, 221, 203, 187, 176, 169, 162, 150, 143,
    137, 130, 134, 138, 141, 135, 133, 125, 124, 122, 122, 120, 121, 127,
    132, 136, 135, 135, 133, 125, 125, 124, 124, 133, 133, 138, 140, 139,
    140, 139, 135, 131, 131, 129, 136, 135, 134, 136, 136, 140, 141, 135,
    129, 130, 128, 131, 131, 137, 143, 145, 143, 145, 145, 143, 140, 139,
    137, 140, 150, 154, 163, 168, 175, 180, 191, 200, 204, 213, 222, 230,
    238, 243, 248, 254, 258, 262, 262 ]
