%YAML:1.0
---
videoName: "RHShake09.mp4"
gestureLabel: 2
fps: 29
pixelSizeInCmTemp: 3.1103896103896100e-01
faceCenterPointX: 296
faceCenterPointY: 48
LHandPositionsX: [ 326, 323, 326, 324, 325, 325, 325, 321, 318, 318, 320,
    314, 313, 312, 313, 312, 309, 309, 308, 307, 308, 310, 307, 306, 306,
    307, 306, 308, 305, 309, 309, 307, 308, 310, 310, 307, 307, 307, 308,
    311, 309, 309, 307, 309, 309, 311, 310, 311, 310, 313, 312, 314, 313,
    311, 315, 315, 316, 316, 314, 314, 317, 316, 315, 316, 315, 315, 315,
    316, 318, 316, 318, 315, 315, 316, 313, 316, 317, 314, 318, 316, 314,
    315, 314, 315, 316, 315, 314, 317 ]
LHandPositionsY: [ 269, 269, 270, 268, 269, 267, 269, 273, 269, 273, 271,
    271, 275, 275, 272, 274, 273, 274, 276, 274, 276, 272, 276, 272, 272,
    275, 273, 276, 274, 277, 276, 276, 276, 276, 273, 277, 277, 275, 276,
    276, 277, 277, 277, 277, 275, 276, 273, 274, 275, 274, 275, 277, 273,
    273, 275, 273, 273, 277, 274, 275, 272, 276, 272, 276, 273, 275, 273,
    274, 273, 274, 272, 274, 275, 273, 274, 275, 276, 276, 275, 275, 275,
    273, 273, 272, 274, 273, 271, 275 ]
RHandPositionsX: [ 265, 262, 262, 263, 264, 264, 263, 263, 260, 261, 262,
    259, 257, 257, 258, 260, 258, 259, 258, 256, 257, 257, 254, 254, 254,
    254, 254, 253, 254, 259, 265, 264, 256, 240, 222, 203, 189, 179, 171,
    170, 171, 172, 182, 186, 187, 186, 180, 180, 178, 177, 185, 190, 187,
    199, 194, 187, 178, 178, 180, 186, 182, 185, 194, 191, 189, 183, 175,
    172, 175, 181, 185, 190, 185, 180, 179, 180, 181, 179, 184, 191, 193,
    193, 197, 202, 207, 217, 226, 238 ]
RHandPositionsY: [ 263, 266, 263, 264, 266, 268, 265, 268, 266, 267, 265,
    266, 266, 266, 267, 265, 265, 269, 269, 265, 269, 267, 267, 267, 267,
    265, 265, 269, 267, 267, 270, 261, 246, 229, 212, 197, 178, 159, 137,
    134, 118, 109, 104, 112, 108, 105, 100, 91, 87, 86, 86, 98, 96, 97,
    96, 92, 89, 86, 88, 90, 94, 96, 97, 97, 90, 85, 86, 90, 92, 96, 98,
    95, 96, 96, 90, 92, 90, 91, 98, 106, 103, 109, 123, 131, 142, 154,
    167, 186 ]
