%YAML:1.0
---
videoName: "RHShake20.mp4"
gestureLabel: 2
fps: 29
pixelSizeInCmTemp: 3.3263888888888887e-01
faceCenterPointX: 286
faceCenterPointY: 45
LHandPositionsX: [ 393, 390, 394, 393, 391, 392, 391, 394, 390, 390, 394,
    393, 391, 390, 390, 393, 394, 390, 393, 391, 394, 390, 390, 390, 391,
    390, 391, 392, 390, 392, 390, 391, 394, 392, 391, 391, 392, 390, 392,
    392, 393, 390, 391, 392, 393, 393, 390, 394, 394, 394, 390, 393, 391,
    392, 392, 392, 394, 392, 393, 391, 390, 390, 390, 391, 390, 394, 392,
    391, 393, 391, 393, 394, 392, 392, 390, 393, 392, 394, 391, 394, 391,
    391, 390, 390, 390, 390, 391, 394 ]
LHandPositionsY: [ 247, 243, 245, 245, 245, 245, 242, 242, 241, 242, 242,
    242, 241, 241, 243, 240, 243, 241, 241, 239, 241, 243, 241, 243, 240,
    239, 243, 239, 243, 241, 242, 242, 243, 240, 239, 240, 241, 241, 240,
    241, 242, 239, 240, 243, 239, 242, 243, 241, 240, 241, 243, 241, 240,
    242, 241, 241, 239, 241, 239, 243, 242, 239, 242, 240, 243, 242, 240,
    239, 243, 240, 241, 240, 239, 240, 242, 240, 239, 243, 239, 241, 241,
    243, 242, 240, 242, 242, 240, 241 ]
RHandPositionsX: [ 162, 163, 158, 154, 155, 152, 154, 154, 156, 158, 160,
    160, 157, 157, 154, 150, 150, 152, 160, 161, 162, 164, 157, 152, 154,
    154, 153, 152, 159, 162, 164, 163, 157, 156, 158, 155, 153, 152, 160,
    167, 166, 164, 165, 164, 157, 152, 155, 151, 160, 164, 168, 169, 168,
    166, 169, 167, 166, 164, 160, 156, 162, 166, 172, 179, 184, 186, 187,
    184, 186, 184, 182, 181, 179, 181, 179, 176, 179, 181, 180, 176, 176,
    179, 177, 178, 177, 177, 178, 179 ]
RHandPositionsY: [ 109, 108, 104, 103, 102, 98, 97, 99, 101, 101, 100,
    101, 100, 98, 96, 95, 98, 104, 112, 116, 113, 113, 110, 111, 108,
    109, 106, 107, 118, 119, 120, 116, 111, 109, 105, 102, 103, 107, 113,
    123, 123, 121, 120, 120, 117, 111, 115, 109, 111, 116, 125, 122, 123,
    123, 125, 122, 118, 114, 112, 111, 118, 124, 129, 135, 144, 157, 168,
    179, 187, 191, 202, 208, 219, 227, 234, 232, 238, 242, 242, 241, 243,
    244, 243, 244, 244, 244, 245, 243 ]
