%YAML:1.0
---
videoName: "RHShake02.mp4"
gestureLabel: 2
fps: 29
pixelSizeInCmTemp: 3.1933333333333330e-01
faceCenterPointX: 291
faceCenterPointY: 51
LHandPositionsX: [ 405, 409, 407, 408, 407, 406, 408, 408, 407, 407, 407,
    408, 408, 409, 408, 406, 408, 405, 404, 405, 407, 406, 408, 404, 408,
    404, 404, 404, 406, 406, 404, 405, 406, 403, 401, 402, 404, 403, 404,
    401, 401, 400, 400, 403, 403, 401, 399, 398, 402, 402, 402, 397, 399,
    399, 398, 397, 399, 399, 396, 398, 398, 398, 396, 396, 395, 396, 399,
    397, 398, 399, 397, 395, 398, 396, 395, 397, 398, 399, 399, 395, 399,
    395, 397, 399, 396, 399, 398, 396 ]
LHandPositionsY: [ 265, 265, 263, 261, 265, 262, 261, 262, 263, 264, 263,
    263, 265, 262, 263, 263, 260, 261, 260, 262, 264, 262, 262, 261, 262,
    262, 261, 261, 263, 261, 263, 260, 263, 264, 263, 263, 264, 261, 262,
    263, 262, 264, 262, 261, 264, 263, 263, 263, 261, 264, 260, 263, 262,
    260, 263, 261, 262, 263, 263, 260, 263, 264, 263, 262, 260, 260, 263,
    262, 262, 264, 263, 261, 263, 263, 260, 261, 264, 260, 261, 260, 261,
    260, 260, 263, 262, 263, 263, 261 ]
RHandPositionsX: [ 173, 173, 175, 171, 173, 173, 173, 170, 172, 171, 171,
    172, 171, 174, 174, 172, 174, 172, 171, 172, 172, 174, 171, 171, 175,
    171, 174, 179, 178, 171, 166, 159, 159, 156, 148, 156, 161, 178, 185,
    178, 183, 175, 169, 165, 163, 158, 159, 167, 181, 185, 194, 187, 183,
    178, 166, 169, 162, 166, 174, 181, 182, 180, 178, 177, 175, 170, 168,
    168, 168, 175, 182, 194, 198, 199, 198, 195, 197, 184, 186, 180, 181,
    178, 177, 175, 177, 176, 175, 173 ]
RHandPositionsY: [ 264, 264, 264, 267, 263, 265, 266, 267, 267, 267, 263,
    267, 267, 267, 265, 267, 265, 263, 264, 267, 267, 267, 265, 263, 265,
    270, 265, 249, 230, 207, 186, 166, 142, 121, 112, 103, 99, 94, 100,
    99, 95, 95, 93, 90, 86, 88, 88, 95, 98, 97, 100, 99, 94, 89, 86, 88,
    87, 89, 95, 98, 97, 99, 100, 95, 92, 95, 95, 95, 96, 98, 102, 120,
    129, 142, 157, 175, 192, 210, 226, 229, 236, 242, 245, 253, 249, 250,
    253, 255 ]
