%YAML:1.0
---
videoName: "RHShake00.mp4"
gestureLabel: 2
fps: 29
pixelSizeInCmTemp: 3.4710144927536229e-01
faceCenterPointX: 283
faceCenterPointY: 97
LHandPositionsX: [ 343, 345, 344, 343, 342, 346, 342, 346, 344, 344, 346,
    345, 344, 343, 342, 346, 345, 345, 343, 345, 345, 342, 344, 345, 345,
    345, 344, 342, 344, 342, 344, 345, 345, 342, 343, 346, 346, 342, 344,
    342, 343, 342, 344, 343, 343, 346, 344, 342, 346, 343, 345, 343, 342,
    346, 346, 346, 346, 344, 343, 344, 343, 343, 344, 342, 342, 344, 346,
    342, 346, 343, 344, 342, 342, 343, 343, 346, 342, 343, 344, 346, 346,
    345, 346, 343, 343, 344, 343, 346 ]
LHandPositionsY: [ 272, 274, 273, 273, 274, 275, 275, 276, 272, 274, 273,
    275, 276, 272, 275, 274, 276, 272, 275, 275, 276, 276, 274, 275, 274,
    274, 274, 272, 273, 276, 274, 272, 275, 275, 272, 275, 276, 275, 275,
    273, 273, 276, 274, 273, 274, 273, 274, 276, 276, 272, 273, 272, 275,
    272, 274, 273, 275, 275, 276, 274, 272, 275, 273, 274, 274, 275, 274,
    272, 272, 272, 275, 272, 272, 273, 272, 273, 272, 272, 274, 276, 275,
    274, 274, 273, 272, 276, 276, 275 ]
RHandPositionsX: [ 179, 172, 169, 156, 148, 148, 147, 143, 144, 143, 146,
    146, 153, 168, 169, 164, 167, 165, 165, 158, 154, 151, 146, 147, 155,
    165, 166, 164, 165, 165, 156, 151, 151, 148, 150, 155, 161, 162, 166,
    163, 162, 158, 149, 142, 141, 144, 148, 154, 153, 157, 157, 164, 157,
    149, 147, 143, 144, 148, 153, 162, 160, 163, 165, 161, 155, 152, 147,
    140, 140, 147, 149, 155, 157, 162, 165, 169, 171, 176, 175, 182, 185,
    189, 190, 190, 193, 193, 195, 197 ]
RHandPositionsY: [ 260, 250, 242, 219, 201, 185, 177, 166, 162, 149, 144,
    135, 132, 132, 138, 140, 135, 129, 127, 126, 123, 120, 119, 118, 128,
    135, 136, 135, 137, 133, 126, 125, 128, 126, 133, 133, 139, 141, 138,
    137, 142, 135, 130, 133, 129, 134, 133, 138, 136, 139, 136, 139, 136,
    131, 128, 132, 130, 130, 140, 144, 144, 143, 146, 144, 143, 138, 136,
    139, 142, 149, 158, 164, 168, 173, 181, 188, 197, 204, 215, 221, 231,
    237, 243, 246, 251, 258, 264, 262 ]
