%YAML:1.0
---
videoName: "RHShake07.mp4"
gestureLabel: 2
fps: 29
pixelSizeInCmTemp: 3.2364864864864862e-01
faceCenterPointX: 292
faceCenterPointY: 44
LHandPositionsX: [ 310, 306, 308, 308, 309, 306, 306, 306, 308, 307, 308,
    310, 310, 310, 309, 312, 312, 311, 314, 310, 314, 311, 313, 314, 312,
    314, 310, 310, 313, 312, 310, 314, 312, 315, 314, 315, 316, 315, 312,
    316, 315, 315, 314, 313, 313, 314, 314, 315, 316, 312, 313, 315, 312,
    313, 313, 312, 315, 316, 312, 314, 315, 315, 316, 314, 315, 313, 314,
    315, 316, 316, 314, 313, 314, 317, 316, 317, 314, 314, 314, 314, 309,
    309, 308, 311, 309, 311, 312, 312 ]
LHandPositionsY: [ 271, 270, 268, 267, 267, 269, 268, 271, 274, 271, 272,
    270, 271, 272, 268, 271, 271, 270, 268, 268, 268, 267, 270, 268, 268,
    270, 268, 269, 268, 271, 271, 271, 267, 270, 269, 270, 268, 267, 267,
    269, 271, 267, 271, 267, 268, 267, 269, 271, 269, 271, 271, 268, 268,
    269, 268, 269, 269, 267, 271, 268, 270, 267, 271, 268, 267, 269, 270,
    271, 267, 267, 271, 269, 266, 266, 270, 267, 268, 269, 270, 272, 273,
    274, 270, 271, 274, 272, 271, 271 ]
RHandPositionsX: [ 265, 263, 268, 266, 264, 267, 265, 266, 265, 269, 268,
    265, 256, 237, 216, 194, 175, 160, 153, 153, 158, 152, 159, 160, 164,
    179, 190, 186, 179, 170, 167, 165, 180, 180, 186, 184, 183, 174, 167,
    170, 175, 173, 183, 185, 186, 180, 177, 174, 164, 163, 167, 182, 184,
    201, 195, 188, 183, 177, 168, 168, 167, 167, 172, 173, 173, 181, 178,
    175, 174, 168, 159, 169, 178, 197, 215, 230, 242, 256, 273, 278, 272,
    270, 269, 266, 264, 265, 264, 268 ]
RHandPositionsY: [ 255, 255, 254, 255, 255, 252, 251, 255, 253, 254, 250,
    242, 229, 220, 204, 184, 167, 156, 136, 133, 127, 115, 118, 125, 125,
    115, 104, 99, 92, 94, 86, 91, 110, 103, 103, 100, 97, 92, 91, 90, 89,
    96, 98, 100, 97, 94, 94, 89, 90, 88, 86, 91, 94, 103, 98, 96, 94, 91,
    93, 86, 88, 91, 94, 94, 92, 95, 87, 88, 88, 89, 95, 117, 136, 148,
    167, 185, 203, 225, 236, 243, 242, 248, 250, 252, 252, 254, 253, 256 ]
