%YAML:1.0
---
videoName: "RHShake16.mp4"
gestureLabel: 2
fps: 29
pixelSizeInCmTemp: 3.2808219178082193e-01
faceCenterPointX: 281
faceCenterPointY: 44
LHandPositionsX: [ 373, 369, 372, 372, 369, 372, 372, 370, 372, 370, 372,
    369, 373, 369, 371, 371, 373, 371, 370, 372, 369, 370, 371, 372, 373,
    369, 371, 370, 371, 373, 373, 371, 373, 369, 370, 369, 369, 373, 370,
    372, 372, 369, 371, 371, 373, 373, 369, 372, 369, 371, 371, 373, 373,
    370, 369, 370, 371, 369, 372, 369, 373, 373, 373, 373, 369, 372, 369,
    371, 373, 373, 371, 372, 369, 369, 371, 370, 371, 370, 373, 372, 372,
    369, 369, 369, 370, 372, 370, 369 ]
LHandPositionsY: [ 234, 233, 233, 234, 234, 232, 233, 233, 233, 233, 230,
    231, 230, 233, 230, 233, 232, 232, 233, 234, 234, 233, 233, 231, 230,
    231, 232, 233, 231, 230, 234, 231, 231, 232, 234, 231, 231, 232, 233,
    231, 232, 232, 231, 232, 231, 232, 232, 233, 234, 233, 230, 231, 234,
    232, 232, 231, 229, 229, 230, 231, 233, 231, 229, 233, 232, 233, 233,
    232, 232, 229, 230, 231, 233, 229, 233, 229, 229, 231, 233, 232, 231,
    232, 231, 230, 233, 230, 232, 231 ]
RHandPositionsX: [ 170, 168, 168, 169, 168, 169, 171, 168, 168, 170, 171,
    170, 169, 169, 168, 171, 169, 167, 164, 154, 152, 148, 140, 130, 127,
    124, 119, 123, 122, 123, 129, 131, 139, 141, 143, 141, 136, 137, 137,
    137, 143, 143, 150, 149, 150, 147, 150, 148, 148, 149, 150, 153, 150,
    151, 149, 148, 149, 144, 147, 150, 154, 156, 157, 154, 152, 150, 148,
    151, 153, 160, 168, 173, 173, 174, 176, 176, 177, 173, 171, 171, 173,
    171, 169, 172, 170, 172, 168, 170 ]
RHandPositionsY: [ 265, 267, 268, 265, 267, 266, 269, 269, 267, 266, 267,
    267, 267, 267, 267, 266, 267, 264, 257, 241, 220, 200, 177, 159, 146,
    132, 117, 113, 109, 108, 104, 104, 100, 97, 97, 96, 90, 91, 88, 90,
    90, 92, 91, 89, 88, 89, 88, 86, 88, 89, 86, 87, 89, 88, 89, 85, 84,
    86, 87, 89, 91, 88, 88, 88, 88, 89, 91, 96, 102, 117, 131, 148, 158,
    172, 183, 191, 193, 201, 210, 215, 223, 223, 223, 231, 236, 235, 238,
    235 ]
