%YAML:1.0
---
videoName: "RHShake04.mp4"
gestureLabel: 2
fps: 29
pixelSizeInCmTemp: 3.1513157894736843e-01
faceCenterPointX: 292
faceCenterPointY: 47
LHandPositionsX: [ 410, 410, 410, 409, 410, 411, 410, 411, 410, 410, 413,
    413, 410, 412, 412, 408, 408, 408, 410, 409, 409, 407, 409, 410, 406,
    407, 409, 407, 405, 407, 409, 405, 409, 406, 409, 409, 409, 405, 406,
    409, 407, 406, 409, 406, 406, 408, 409, 407, 405, 406, 407, 407, 408,
    406, 409, 409, 406, 405, 408, 405, 406, 406, 405, 407, 404, 404, 403,
    404, 404, 406, 404, 406, 404, 404, 404, 404, 405, 406, 402, 404, 401,
    402, 405, 402, 403, 402, 403, 402 ]
LHandPositionsY: [ 264, 266, 262, 266, 265, 264, 261, 261, 261, 262, 262,
    264, 261, 262, 265, 262, 263, 261, 262, 264, 262, 261, 264, 262, 264,
    262, 263, 261, 263, 261, 262, 262, 260, 262, 264, 263, 261, 264, 262,
    261, 262, 262, 260, 262, 263, 262, 264, 263, 263, 261, 261, 263, 263,
    264, 263, 260, 261, 263, 260, 261, 264, 262, 261, 259, 261, 260, 263,
    262, 258, 260, 259, 262, 262, 262, 262, 258, 262, 261, 258, 257, 258,
    259, 258, 260, 258, 259, 257, 260 ]
RHandPositionsX: [ 182, 178, 183, 180, 181, 181, 181, 181, 178, 179, 181,
    178, 178, 178, 179, 177, 176, 177, 179, 175, 178, 175, 179, 184, 183,
    177, 169, 166, 163, 164, 162, 167, 178, 190, 192, 191, 187, 180, 172,
    171, 165, 166, 170, 173, 180, 176, 179, 172, 168, 167, 167, 168, 176,
    179, 177, 177, 177, 170, 168, 173, 172, 174, 177, 183, 193, 191, 181,
    179, 174, 171, 172, 168, 173, 178, 183, 191, 193, 192, 190, 190, 189,
    188, 185, 177, 177, 174, 174, 174 ]
RHandPositionsY: [ 267, 265, 266, 268, 265, 266, 263, 263, 265, 268, 265,
    266, 270, 268, 269, 270, 267, 270, 268, 267, 270, 271, 266, 244, 222,
    196, 170, 146, 127, 121, 120, 102, 100, 103, 104, 100, 100, 96, 95,
    92, 90, 89, 94, 96, 97, 98, 94, 92, 92, 90, 95, 97, 100, 99, 96, 98,
    98, 95, 91, 91, 91, 98, 96, 96, 93, 97, 93, 97, 92, 92, 93, 93, 98,
    105, 120, 131, 142, 151, 163, 179, 197, 212, 222, 228, 236, 245, 248,
    247 ]
