%YAML:1.0
---
videoName: "RHShake14.mp4"
gestureLabel: 2
fps: 30
pixelSizeInCmTemp: 3.2808219178082193e-01
faceCenterPointX: 277
faceCenterPointY: 42
LHandPositionsX: [ 375, 377, 376, 378, 376, 376, 377, 378, 377, 377, 376,
    374, 375, 377, 375, 376, 373, 376, 376, 373, 374, 374, 374, 376, 373,
    376, 374, 372, 373, 372, 374, 373, 374, 374, 373, 373, 372, 373, 372,
    375, 373, 376, 373, 375, 373, 374, 376, 376, 376, 374, 372, 374, 374,
    372, 376, 374, 373, 373, 373, 376, 375, 372, 374, 374, 372, 372, 373,
    372, 374, 372, 376, 374, 375, 373, 376, 373, 375, 374, 372, 373, 373,
    376, 373, 374, 373, 373, 374, 376, 372, 376, 375 ]
LHandPositionsY: [ 233, 233, 233, 230, 232, 229, 229, 233, 231, 232, 229,
    229, 229, 231, 230, 230, 232, 231, 232, 231, 231, 231, 229, 231, 229,
    230, 230, 232, 231, 233, 233, 230, 231, 233, 231, 232, 230, 231, 233,
    232, 231, 231, 232, 231, 232, 230, 232, 232, 229, 230, 232, 231, 229,
    232, 233, 230, 232, 231, 230, 230, 231, 232, 232, 233, 230, 231, 229,
    233, 230, 232, 231, 233, 232, 232, 229, 231, 230, 230, 230, 231, 231,
    231, 233, 232, 232, 229, 230, 233, 233, 233, 231 ]
RHandPositionsX: [ 170, 171, 173, 171, 171, 171, 174, 171, 170, 172, 172,
    170, 171, 170, 174, 174, 170, 173, 170, 173, 174, 172, 173, 174, 171,
    173, 167, 171, 158, 149, 136, 129, 124, 115, 118, 122, 128, 131, 137,
    138, 145, 148, 144, 142, 145, 145, 150, 153, 155, 159, 156, 159, 154,
    151, 158, 155, 163, 170, 167, 163, 158, 155, 157, 156, 158, 163, 165,
    171, 176, 179, 179, 176, 177, 177, 174, 172, 176, 181, 176, 172, 173,
    174, 171, 171, 173, 171, 173, 170, 174, 170, 170 ]
RHandPositionsY: [ 241, 242, 241, 239, 239, 243, 243, 239, 243, 243, 243,
    243, 241, 239, 239, 240, 239, 243, 243, 239, 239, 242, 239, 241, 240,
    242, 243, 234, 214, 196, 172, 155, 135, 115, 116, 108, 103, 108, 112,
    115, 119, 107, 96, 92, 86, 88, 85, 82, 85, 80, 79, 77, 75, 79, 75,
    77, 79, 80, 79, 76, 79, 76, 78, 79, 77, 82, 88, 108, 120, 131, 145,
    158, 171, 180, 191, 194, 200, 201, 212, 216, 215, 224, 221, 227, 234,
    234, 235, 232, 233, 236, 234 ]
