%YAML:1.0
---
videoName: "RHShake19.mp4"
gestureLabel: 2
fps: 29
pixelSizeInCmTemp: 3.2808219178082193e-01
faceCenterPointX: 283
faceCenterPointY: 48
LHandPositionsX: [ 389, 389, 390, 389, 389, 388, 390, 390, 392, 388, 392,
    390, 391, 390, 388, 391, 392, 388, 391, 390, 390, 389, 392, 389, 389,
    389, 388, 388, 388, 390, 389, 391, 388, 392, 392, 389, 388, 388, 388,
    391, 392, 390, 391, 389, 388, 390, 389, 392, 388, 392, 388, 388, 389,
    391, 388, 391, 388, 392, 391, 388, 389, 392, 389, 391, 391, 392, 391,
    392, 392, 388, 388, 391, 391, 388, 390, 392, 388, 388, 388, 391, 391,
    391, 390, 388, 390, 389, 392, 389 ]
LHandPositionsY: [ 243, 244, 242, 240, 241, 240, 240, 243, 242, 243, 242,
    243, 240, 241, 240, 244, 243, 242, 240, 244, 243, 240, 241, 242, 242,
    243, 244, 242, 243, 243, 242, 243, 242, 244, 242, 241, 244, 244, 243,
    244, 243, 242, 242, 241, 241, 240, 242, 242, 242, 244, 242, 240, 244,
    241, 241, 243, 242, 244, 242, 240, 243, 242, 240, 244, 244, 242, 244,
    243, 243, 242, 242, 242, 240, 242, 240, 242, 244, 243, 244, 244, 243,
    240, 240, 243, 242, 243, 242, 243 ]
RHandPositionsX: [ 159, 171, 183, 183, 189, 186, 175, 171, 165, 161, 164,
    163, 166, 179, 183, 185, 186, 177, 176, 172, 165, 158, 158, 165, 168,
    176, 172, 172, 172, 166, 161, 161, 161, 165, 171, 179, 178, 180, 177,
    174, 167, 163, 165, 161, 161, 169, 175, 179, 177, 182, 179, 173, 169,
    169, 167, 171, 172, 178, 181, 181, 182, 178, 174, 174, 170, 165, 171,
    173, 178, 185, 187, 190, 191, 189, 183, 186, 185, 181, 180, 178, 180,
    180, 178, 182, 178, 178, 178, 181 ]
RHandPositionsY: [ 92, 94, 97, 94, 94, 89, 84, 81, 80, 79, 73, 73, 78,
    83, 92, 90, 88, 84, 80, 75, 75, 76, 74, 73, 83, 92, 94, 91, 89, 85,
    83, 85, 82, 86, 87, 91, 94, 97, 93, 93, 88, 88, 84, 84, 84, 87, 94,
    98, 100, 105, 103, 96, 95, 98, 96, 96, 102, 103, 107, 108, 106, 103,
    101, 99, 98, 99, 111, 126, 137, 148, 165, 173, 185, 194, 198, 208,
    220, 225, 231, 237, 236, 236, 237, 243, 244, 241, 239, 243 ]
