%YAML:1.0
---
videoName: "RHShake21.mp4"
gestureLabel: 2
fps: 29
pixelSizeInCmTemp: 3.3732394366197183e-01
faceCenterPointX: 293
faceCenterPointY: 47
LHandPositionsX: [ 396, 395, 398, 398, 395, 397, 394, 396, 398, 398, 395,
    394, 395, 395, 396, 395, 396, 395, 394, 396, 398, 397, 395, 397, 398,
    395, 398, 397, 397, 395, 395, 396, 397, 396, 398, 395, 394, 397, 396,
    396, 396, 397, 394, 395, 394, 395, 394, 397, 394, 394, 397, 398, 398,
    395, 397, 394, 398, 396, 396, 395, 398, 398, 396, 397, 394, 397, 394,
    395, 396, 394, 397, 394, 396, 398, 397, 394, 396, 394, 397, 396, 395,
    397, 398, 397, 394, 395, 397, 394 ]
LHandPositionsY: [ 240, 241, 240, 242, 238, 240, 242, 238, 238, 241, 238,
    240, 241, 242, 241, 242, 239, 239, 238, 240, 242, 240, 239, 241, 239,
    239, 241, 239, 238, 239, 240, 238, 242, 239, 242, 241, 239, 238, 240,
    242, 239, 240, 239, 238, 242, 241, 240, 240, 240, 241, 242, 240, 238,
    238, 241, 242, 241, 238, 240, 241, 241, 240, 240, 240, 240, 239, 238,
    242, 241, 241, 238, 242, 238, 241, 240, 239, 240, 239, 238, 238, 238,
    242, 239, 242, 239, 239, 240, 239 ]
RHandPositionsX: [ 136, 138, 143, 146, 145, 145, 145, 141, 137, 132, 133,
    139, 143, 147, 147, 148, 145, 142, 139, 138, 134, 135, 137, 144, 148,
    151, 151, 149, 146, 145, 137, 137, 139, 140, 142, 146, 148, 152, 149,
    148, 140, 136, 139, 135, 138, 138, 146, 148, 150, 151, 146, 145, 138,
    135, 133, 133, 139, 145, 155, 161, 170, 175, 176, 178, 182, 185, 186,
    187, 185, 187, 189, 188, 187, 186, 188, 189, 188, 186, 187, 189, 189,
    185, 185, 189, 189, 185, 187, 185 ]
RHandPositionsY: [ 82, 86, 88, 90, 89, 86, 85, 79, 83, 81, 83, 87, 87,
    88, 92, 91, 92, 84, 85, 86, 86, 83, 82, 85, 88, 92, 91, 90, 90, 89,
    84, 83, 82, 87, 84, 89, 90, 92, 91, 88, 88, 85, 87, 88, 82, 91, 97,
    98, 99, 96, 95, 96, 95, 95, 92, 93, 95, 105, 114, 125, 141, 151, 154,
    150, 158, 167, 177, 191, 199, 207, 216, 215, 220, 228, 224, 227, 227,
    229, 232, 230, 228, 227, 228, 228, 227, 230, 228, 229 ]
