%YAML:1.0
---
videoName: "RHShake20.mp4"
gestureLabel: 2
fps: 29
pixelSizeInCmTemp: 3.3263888888888887e-01
faceCenterPointX: 286
faceCenterPointY: 45
LHandPositionsX: [ 392, 391, 391, 394, 392, 392, 392, 392, 394, 390, 390,
    394, 390, 392, 392, 393, 391, 391, 391, 393, 394, 394, 392, 392, 391,
    392, 391, 393, 394, 392, 390, 392, 394, 393, 391, 394, 390, 392, 394,
    392, 391, 390, 391, 391, 393, 392, 392, 391, 391, 391, 394, 390, 392,
    391, 391, 391, 393, 391, 394, 394, 391, 394, 393, 391, 394, 390, 394,
    392, 393, 391, 390, 393, 392, 394, 392, 390, 393, 394, 394, 390, 393,
    392, 394, 392, 393, 394, 393, 394 ]
LHandPositionsY: [ 245, 244, 242, 242, 243, 242, 243, 243, 242, 240, 240,
    241, 242, 241, 242, 243, 243, 242, 239, 243, 243, 243, 239, 240, 242,
    242, 240, 240, 240, 239, 242, 241, 243, 240, 240, 240, 242, 240, 241,
    239, 239, 241, 239, 241, 243, 242, 241, 241, 240, 243, 239, 239, 241,
    242, 239, 239, 242, 241, 240, 243, 243, 243, 242, 243, 242, 241, 240,
    241, 241, 240, 243, 240, 243, 242, 243, 242, 243, 240, 242, 240, 243,
    243, 242, 241, 240, 239, 240, 242 ]
RHandPositionsX: [ 162, 163, 162, 156, 153, 153, 154, 157, 158, 156, 159,
    158, 160, 157, 150, 149, 150, 152, 161, 159, 163, 162, 157, 156, 155,
    152, 150, 151, 160, 162, 160, 160, 158, 153, 159, 152, 151, 149, 157,
    168, 164, 166, 163, 164, 156, 151, 155, 153, 160, 164, 166, 166, 164,
    167, 170, 171, 163, 163, 161, 159, 164, 169, 171, 177, 181, 185, 184,
    185, 188, 182, 183, 184, 179, 179, 176, 178, 178, 179, 176, 179, 179,
    177, 179, 176, 177, 177, 177, 178 ]
RHandPositionsY: [ 112, 109, 105, 102, 100, 98, 98, 97, 100, 102, 100,
    100, 96, 97, 99, 96, 101, 104, 114, 116, 117, 116, 110, 109, 109,
    109, 109, 107, 118, 117, 118, 116, 113, 110, 109, 104, 106, 106, 114,
    119, 122, 124, 120, 117, 116, 114, 113, 109, 110, 118, 122, 124, 122,
    126, 121, 120, 118, 116, 110, 113, 115, 125, 132, 137, 147, 153, 166,
    176, 183, 191, 200, 208, 219, 226, 232, 234, 238, 241, 240, 242, 246,
    245, 245, 244, 245, 244, 245, 243 ]
