%YAML:1.0
---
videoName: "RHShake05.mp4"
gestureLabel: 2
fps: 30
pixelSizeInCmTemp: 3.1103896103896100e-01
faceCenterPointX: 295
faceCenterPointY: 47
LHandPositionsX: [ 410, 412, 408, 411, 409, 409, 412, 409, 409, 411, 411,
    409, 408, 409, 409, 412, 409, 410, 408, 411, 410, 408, 408, 409, 408,
    410, 412, 409, 412, 412, 412, 408, 412, 411, 412, 412, 411, 410, 411,
    410, 412, 412, 412, 412, 411, 411, 410, 412, 409, 409, 410, 409, 408,
    410, 411, 408, 411, 409, 408, 409, 408, 408, 412, 409, 411, 409, 409,
    410, 412, 412, 408, 409, 411, 410, 410, 412, 410, 408, 410, 410, 409,
    411, 410, 411, 412, 412, 409, 409, 412, 412, 409 ]
LHandPositionsY: [ 259, 259, 259, 261, 257, 259, 261, 261, 259, 259, 257,
    261, 257, 259, 260, 258, 257, 257, 257, 261, 260, 257, 261, 259, 259,
    260, 259, 259, 259, 261, 258, 261, 261, 260, 258, 257, 257, 260, 260,
    258, 259, 258, 258, 258, 259, 260, 261, 261, 261, 260, 259, 259, 257,
    259, 260, 261, 258, 259, 259, 261, 260, 259, 258, 260, 258, 260, 260,
    261, 257, 258, 261, 259, 260, 258, 257, 260, 261, 261, 258, 259, 258,
    259, 258, 261, 260, 257, 261, 259, 259, 261, 261 ]
RHandPositionsX: [ 175, 177, 173, 174, 175, 175, 173, 175, 173, 173, 176,
    176, 172, 175, 171, 173, 171, 175, 174, 173, 172, 170, 174, 177, 173,
    179, 180, 178, 173, 167, 152, 157, 152, 157, 164, 174, 191, 200, 191,
    184, 177, 175, 169, 170, 176, 178, 189, 183, 177, 171, 169, 168, 171,
    172, 179, 191, 185, 178, 173, 168, 168, 168, 173, 189, 190, 191, 187,
    181, 180, 178, 180, 177, 188, 195, 194, 191, 181, 175, 172, 173, 173,
    175, 184, 186, 189, 190, 183, 179, 179, 179, 179 ]
RHandPositionsY: [ 260, 260, 260, 260, 260, 258, 261, 262, 259, 258, 260,
    259, 261, 261, 258, 260, 258, 262, 259, 259, 262, 259, 260, 259, 258,
    252, 233, 205, 179, 156, 131, 129, 105, 90, 90, 91, 95, 93, 89, 86,
    84, 78, 77, 82, 84, 88, 83, 83, 78, 73, 75, 76, 80, 83, 87, 91, 87,
    84, 85, 81, 81, 85, 90, 92, 95, 91, 87, 84, 81, 86, 81, 88, 90, 90,
    90, 89, 88, 87, 87, 92, 111, 132, 156, 183, 202, 220, 224, 233, 244,
    251, 249 ]
