%YAML:1.0
---
videoName: "RHShake20.mp4"
gestureLabel: 2
fps: 29
pixelSizeInCmTemp: 3.3263888888888887e-01
faceCenterPointX: 286
faceCenterPointY: 45
LHandPositionsX: [ 390, 392, 390, 391, 392, 391, 391, 391, 393, 390, 390,
    394, 391, 391, 391, 390, 393, 390, 393, 390, 392, 390, 393, 391, 394,
    394, 392, 393, 391, 394, 394, 390, 393, 391, 392, 392, 394, 391, 394,
    394, 391, 390, 390, 392, 390, 392, 390, 390, 390, 391, 392, 393, 392,
    394, 393, 390, 392, 391, 390, 392, 393, 392, 390, 392, 391, 394, 394,
    390, 392, 390, 391, 391, 392, 392, 393, 393, 392, 392, 390, 394, 392,
    393, 391, 391, 392, 393, 392, 393 ]
LHandPositionsY: [ 243, 245, 242, 243, 245, 243, 245, 245, 244, 242, 240,
    244, 239, 242, 241, 242, 243, 240, 240, 242, 240, 240, 242, 241, 242,
    241, 240, 242, 243, 240, 239, 241, 243, 243, 241, 241, 243, 243, 239,
    239, 241, 243, 239, 240, 239, 242, 242, 241, 241, 241, 241, 239, 242,
    239, 239, 241, 240, 243, 239, 239, 243, 240, 241, 239, 239, 241, 239,
    242, 242, 240, 239, 241, 243, 239, 239, 243, 243, 239, 240, 241, 242,
    243, 242, 243, 241, 241, 243, 243 ]
RHandPositionsX: [ 164, 161, 161, 156, 154, 155, 153, 157, 159, 158, 159,
    159, 160, 155, 152, 151, 151, 151, 160, 161, 160, 162, 156, 155, 155,
    153, 149, 153, 161, 162, 164, 162, 157, 152, 158, 153, 151, 149, 158,
    167, 167, 164, 166, 160, 157, 154, 153, 151, 159, 160, 168, 166, 165,
    166, 166, 167, 163, 167, 160, 156, 163, 170, 174, 178, 183, 185, 187,
    187, 185, 184, 186, 181, 178, 179, 180, 177, 179, 177, 176, 178, 180,
    180, 179, 180, 176, 176, 176, 178 ]
RHandPositionsY: [ 109, 106, 104, 102, 98, 97, 101, 100, 101, 103, 102,
    100, 99, 97, 96, 96, 100, 102, 115, 114, 117, 115, 112, 111, 110,
    109, 106, 107, 117, 118, 120, 115, 111, 107, 107, 104, 106, 106, 112,
    121, 123, 123, 122, 117, 115, 115, 111, 109, 112, 119, 125, 125, 125,
    126, 121, 119, 117, 115, 114, 113, 117, 123, 131, 138, 148, 157, 167,
    176, 183, 195, 200, 210, 221, 225, 235, 232, 239, 242, 243, 242, 245,
    246, 247, 245, 245, 247, 246, 247 ]
