%YAML:1.0
---
videoName: "RHShake01.mp4"
gestureLabel: 2
fps: 29
pixelSizeInCmTemp: 3.1513157894736843e-01
faceCenterPointX: 292
faceCenterPointY: 51
LHandPositionsX: [ 395, 395, 395, 393, 396, 392, 394, 392, 393, 395, 392,
    396, 396, 395, 395, 391, 395, 393, 392, 391, 392, 391, 392, 394, 391,
    393, 393, 394, 394, 395, 393, 394, 393, 395, 391, 393, 394, 395, 393,
    391, 395, 393, 395, 394, 394, 394, 394, 394, 392, 391, 393, 393, 393,
    394, 391, 391, 391, 395, 391, 394, 391, 395, 395, 392, 391, 394, 393,
    393, 395, 392, 391, 394, 392, 395, 392, 395, 393, 392, 395, 395, 391,
    391, 395, 394, 395, 391, 391, 393 ]
LHandPositionsY: [ 257, 255, 256, 253, 254, 256, 254, 256, 253, 255, 253,
    256, 257, 253, 254, 257, 255, 253, 255, 255, 255, 253, 257, 256, 257,
    253, 257, 253, 256, 255, 257, 254, 255, 256, 254, 254, 255, 255, 254,
    257, 253, 254, 255, 257, 256, 254, 256, 257, 256, 257, 253, 256, 254,
    255, 255, 254, 257, 257, 253, 256, 253, 255, 256, 257, 257, 257, 254,
    253, 255, 253, 257, 255, 256, 256, 253, 257, 254, 255, 257, 254, 253,
    255, 257, 257, 254, 254, 256, 254 ]
RHandPositionsX: [ 168, 170, 169, 168, 170, 168, 170, 168, 168, 168, 169,
    171, 167, 170, 167, 169, 170, 171, 167, 170, 170, 172, 168, 168, 169,
    168, 171, 176, 174, 169, 163, 158, 155, 155, 159, 162, 171, 178, 194,
    190, 189, 187, 181, 177, 174, 175, 177, 187, 197, 197, 188, 189, 184,
    177, 177, 181, 178, 186, 188, 193, 189, 192, 194, 185, 178, 177, 179,
    183, 186, 191, 194, 200, 195, 197, 192, 191, 189, 188, 190, 182, 178,
    178, 174, 175, 174, 172, 173, 173 ]
RHandPositionsY: [ 280, 280, 279, 278, 279, 279, 280, 279, 276, 277, 280,
    280, 277, 278, 278, 279, 280, 279, 278, 278, 280, 276, 276, 276, 278,
    274, 264, 244, 226, 206, 186, 166, 152, 132, 131, 115, 107, 109, 110,
    108, 109, 103, 100, 101, 97, 96, 99, 100, 99, 102, 97, 94, 93, 94,
    94, 94, 94, 101, 99, 104, 99, 98, 101, 98, 95, 95, 95, 95, 101, 108,
    110, 124, 136, 144, 159, 178, 191, 204, 202, 214, 222, 228, 235, 240,
    242, 241, 246, 247 ]
