%YAML:1.0
---
videoName: "RHShake19.mp4"
gestureLabel: 2
fps: 29
pixelSizeInCmTemp: 3.2808219178082193e-01
faceCenterPointX: 283
faceCenterPointY: 48
LHandPositionsX: [ 389, 388, 390, 389, 388, 388, 390, 389, 388, 390, 389,
    389, 392, 390, 390, 388, 392, 390, 391, 390, 389, 391, 392, 389, 389,
    392, 389, 391, 391, 392, 392, 390, 391, 389, 391, 389, 390, 388, 390,
    391, 388, 391, 390, 392, 392, 391, 391, 392, 388, 391, 391, 392, 391,
    391, 391, 389, 390, 388, 390, 390, 391, 390, 388, 391, 391, 388, 391,
    388, 389, 389, 390, 392, 389, 390, 389, 392, 392, 389, 388, 388, 392,
    390, 390, 392, 389, 390, 391, 391 ]
LHandPositionsY: [ 242, 241, 244, 244, 243, 241, 243, 240, 240, 242, 240,
    243, 241, 241, 244, 242, 240, 242, 241, 244, 241, 241, 242, 244, 240,
    244, 241, 240, 240, 240, 240, 243, 244, 243, 244, 243, 240, 244, 242,
    241, 240, 243, 243, 244, 243, 240, 243, 244, 244, 242, 243, 243, 241,
    240, 244, 242, 244, 243, 243, 244, 243, 240, 241, 241, 243, 242, 240,
    244, 241, 243, 241, 241, 242, 240, 242, 243, 244, 240, 242, 241, 243,
    242, 241, 241, 241, 242, 242, 242 ]
RHandPositionsX: [ 157, 172, 184, 180, 186, 186, 178, 169, 166, 162, 164,
    162, 165, 177, 182, 183, 185, 179, 177, 172, 163, 158, 158, 164, 171,
    177, 175, 172, 171, 166, 163, 158, 159, 163, 171, 180, 181, 178, 181,
    175, 168, 164, 164, 159, 161, 166, 177, 179, 181, 186, 179, 177, 168,
    171, 169, 171, 172, 177, 182, 178, 180, 181, 173, 170, 167, 167, 169,
    176, 179, 182, 189, 189, 192, 185, 183, 187, 185, 184, 180, 182, 182,
    180, 178, 179, 178, 180, 180, 181 ]
RHandPositionsY: [ 91, 92, 94, 95, 92, 90, 87, 83, 78, 75, 74, 75, 77,
    86, 90, 88, 90, 82, 81, 76, 78, 79, 74, 75, 84, 92, 94, 92, 90, 89,
    86, 84, 82, 84, 84, 88, 93, 96, 92, 94, 87, 87, 88, 84, 82, 84, 90,
    96, 101, 104, 100, 93, 94, 94, 95, 94, 100, 106, 105, 111, 107, 99,
    99, 99, 100, 100, 113, 125, 140, 149, 165, 173, 187, 194, 198, 208,
    217, 225, 232, 237, 234, 238, 239, 243, 244, 239, 239, 240 ]
