%YAML:1.0
---
videoName: "RHShake24.mp4"
gestureLabel: 2
fps: 30
pixelSizeInCmTemp: 3.3732394366197183e-01
faceCenterPointX: 304
faceCenterPointY: 46
LHandPositionsX: [ 393, 392, 392, 390, 393, 391, 390, 393, 393, 389, 391,
    390, 392, 391, 390, 393, 393, 389, 392, 391, 389, 392, 389, 389, 390,
    389, 390, 392, 392, 392, 389, 389, 392, 391, 391, 393, 389, 392, 389,
    390, 393, 393, 393, 392, 392, 389, 389, 390, 391, 389, 390, 392, 390,
    393, 392, 393, 392, 393, 390, 390, 389, 392, 391, 390, 393, 389, 393,
    390, 389, 391, 389, 393, 389, 389, 393, 389, 393, 390, 390, 393, 391,
    393, 389, 392, 389, 390, 389, 390, 391, 391, 392 ]
LHandPositionsY: [ 229, 225, 226, 227, 225, 225, 226, 226, 225, 228, 228,
    225, 226, 228, 226, 227, 226, 229, 227, 229, 225, 229, 229, 229, 229,
    225, 228, 225, 227, 227, 226, 226, 228, 225, 225, 229, 226, 229, 228,
    229, 226, 229, 225, 229, 225, 229, 227, 228, 226, 226, 226, 226, 228,
    229, 227, 229, 228, 226, 229, 228, 228, 225, 228, 225, 229, 226, 227,
    225, 225, 227, 227, 226, 226, 228, 227, 228, 228, 228, 228, 226, 229,
    228, 225, 229, 227, 229, 225, 229, 226, 225, 225 ]
RHandPositionsX: [ 141, 147, 148, 148, 157, 154, 155, 149, 148, 139, 136,
    135, 142, 154, 161, 164, 162, 164, 161, 156, 150, 144, 145, 143, 140,
    149, 159, 157, 160, 158, 158, 157, 148, 144, 140, 144, 146, 155, 158,
    160, 159, 161, 158, 154, 150, 145, 140, 144, 143, 150, 159, 163, 168,
    171, 168, 164, 156, 149, 153, 146, 146, 150, 154, 163, 167, 168, 171,
    170, 173, 179, 181, 181, 185, 188, 189, 191, 192, 194, 192, 195, 196,
    194, 193, 195, 196, 194, 196, 193, 194, 195, 195 ]
RHandPositionsY: [ 95, 102, 102, 100, 104, 99, 91, 91, 89, 88, 84, 84,
    87, 98, 111, 113, 112, 117, 105, 102, 99, 97, 94, 94, 90, 102, 111,
    112, 114, 115, 109, 99, 96, 96, 96, 91, 89, 97, 102, 105, 107, 112,
    109, 101, 99, 100, 95, 96, 94, 110, 119, 119, 120, 124, 121, 103,
    102, 99, 102, 100, 95, 97, 103, 114, 113, 114, 118, 120, 134, 142,
    151, 151, 149, 156, 164, 173, 177, 189, 194, 205, 212, 211, 213, 213,
    218, 220, 219, 224, 227, 226, 227 ]
