%YAML:1.0
---
videoName: "RHShake22.mp4"
gestureLabel: 2
fps: 29
pixelSizeInCmTemp: 3.3263888888888887e-01
faceCenterPointX: 290
faceCenterPointY: 48
LHandPositionsX: [ 393, 395, 393, 393, 393, 395, 394, 393, 394, 396, 394,
    395, 393, 393, 395, 395, 393, 392, 393, 392, 396, 392, 395, 396, 396,
    392, 396, 393, 392, 394, 396, 392, 394, 396, 396, 392, 392, 393, 395,
    393, 394, 394, 395, 393, 395, 393, 392, 393, 395, 396, 394, 392, 393,
    392, 393, 394, 394, 396, 395, 395, 392, 393, 394, 396, 392, 394, 394,
    392, 393, 395, 394, 396, 392, 395, 393, 392, 393, 396, 395, 396, 392,
    396, 392, 392, 396, 396, 395, 394 ]
LHandPositionsY: [ 232, 231, 230, 234, 232, 231, 234, 230, 233, 234, 230,
    231, 233, 231, 230, 231, 232, 234, 230, 234, 230, 232, 230, 230, 232,
    231, 233, 232, 232, 233, 234, 234, 233, 231, 231, 233, 232, 234, 230,
    232, 230, 231, 231, 233, 230, 232, 234, 231, 233, 233, 232, 232, 234,
    232, 233, 232, 233, 231, 230, 230, 231, 231, 231, 233, 230, 234, 231,
    232, 232, 234, 230, 233, 230, 231, 234, 231, 232, 234, 233, 232, 232,
    231, 232, 232, 230, 230, 231, 234 ]
RHandPositionsX: [ 148, 135, 132, 128, 130, 135, 144, 159, 164, 165, 163,
    162, 159, 158, 154, 145, 144, 146, 147, 156, 163, 169, 171, 169, 170,
    165, 161, 157, 156, 154, 154, 161, 165, 170, 170, 170, 170, 172, 166,
    162, 156, 158, 158, 166, 173, 174, 174, 172, 171, 170, 164, 159, 154,
    156, 157, 163, 170, 174, 179, 179, 176, 172, 167, 164, 158, 155, 153,
    156, 168, 178, 176, 176, 179, 179, 181, 181, 180, 184, 185, 185, 186,
    191, 189, 189, 188, 187, 190, 190 ]
RHandPositionsY: [ 139, 116, 104, 101, 96, 93, 84, 86, 90, 93, 92, 92,
    87, 81, 81, 79, 79, 78, 74, 83, 91, 92, 98, 97, 92, 91, 84, 83, 84,
    80, 79, 89, 93, 99, 102, 101, 93, 93, 86, 85, 86, 82, 83, 90, 95,
    101, 101, 98, 94, 90, 88, 90, 87, 86, 85, 83, 91, 101, 102, 101, 98,
    95, 93, 94, 90, 91, 93, 88, 92, 104, 110, 110, 114, 120, 119, 126,
    136, 151, 159, 170, 184, 194, 198, 204, 214, 219, 223, 226 ]
