%YAML:1.0
---
videoName: "RHShake06.mp4"
gestureLabel: 2
fps: 30
pixelSizeInCmTemp: 3.2808219178082193e-01
faceCenterPointX: 293
faceCenterPointY: 43
LHandPositionsX: [ 306, 310, 309, 307, 310, 309, 309, 310, 306, 308, 310,
    307, 310, 310, 308, 310, 309, 314, 314, 318, 319, 322, 319, 321, 319,
    322, 320, 322, 320, 320, 322, 322, 324, 324, 322, 324, 322, 324, 323,
    325, 326, 325, 325, 323, 324, 324, 323, 326, 323, 322, 326, 325, 325,
    326, 324, 325, 326, 323, 323, 326, 322, 324, 325, 322, 322, 326, 325,
    324, 323, 322, 323, 322, 324, 324, 325, 326, 325, 325, 322, 323, 323,
    322, 323, 320, 315, 316, 314, 312, 313, 312, 313 ]
LHandPositionsY: [ 269, 270, 266, 266, 270, 267, 266, 267, 270, 267, 269,
    270, 266, 267, 270, 269, 266, 270, 266, 265, 262, 261, 262, 260, 262,
    260, 262, 258, 260, 260, 258, 262, 260, 262, 261, 258, 261, 261, 258,
    259, 262, 260, 259, 259, 261, 258, 258, 262, 259, 260, 262, 260, 260,
    258, 260, 260, 261, 261, 259, 261, 261, 259, 262, 261, 260, 260, 260,
    260, 261, 259, 260, 260, 258, 261, 258, 259, 259, 259, 259, 262, 259,
    262, 258, 262, 261, 262, 263, 267, 266, 262, 262 ]
RHandPositionsX: [ 288, 289, 284, 288, 288, 286, 286, 287, 286, 284, 288,
    288, 287, 286, 285, 288, 288, 284, 277, 266, 245, 225, 201, 178, 160,
    147, 138, 135, 140, 139, 142, 146, 162, 165, 164, 161, 163, 161, 158,
    156, 160, 172, 180, 190, 188, 186, 182, 173, 170, 170, 166, 168, 173,
    181, 184, 183, 179, 187, 177, 172, 169, 166, 167, 180, 179, 177, 176,
    174, 165, 160, 164, 166, 172, 180, 190, 194, 209, 221, 234, 241, 249,
    253, 255, 246, 248, 252, 253, 252, 253, 251, 253 ]
RHandPositionsY: [ 269, 267, 267, 269, 268, 268, 266, 268, 266, 270, 270,
    269, 270, 270, 268, 267, 267, 267, 266, 259, 248, 235, 215, 201, 180,
    159, 139, 124, 111, 103, 115, 115, 129, 118, 108, 103, 97, 87, 89,
    93, 90, 96, 97, 101, 98, 96, 94, 89, 87, 88, 84, 89, 96, 101, 100,
    97, 98, 102, 96, 96, 92, 90, 95, 100, 99, 103, 101, 99, 102, 107,
    114, 129, 145, 164, 177, 181, 193, 203, 216, 222, 232, 237, 236, 238,
    240, 242, 240, 240, 244, 245, 242 ]
