%YAML:1.0
---
videoName: "RHShake24.mp4"
gestureLabel: 2
fps: 30
pixelSizeInCmTemp: 3.3732394366197183e-01
faceCenterPointX: 304
faceCenterPointY: 46
LHandPositionsX: [ 389, 393, 393, 392, 393, 390, 390, 391, 392, 389, 392,
    390, 393, 391, 391, 390, 393, 392, 389, 393, 390, 390, 392, 390, 391,
    392, 389, 389, 390, 391, 391, 391, 389, 390, 390, 391, 391, 389, 389,
    392, 391, 389, 393, 390, 393, 391, 392, 392, 393, 390, 391, 391, 393,
    389, 392, 392, 391, 389, 391, 393, 389, 393, 391, 392, 390, 392, 391,
    392, 391, 389, 393, 389, 389, 390, 390, 389, 389, 391, 391, 391, 392,
    391, 389, 393, 392, 391, 389, 389, 392, 393, 393 ]
LHandPositionsY: [ 225, 228, 227, 227, 229, 227, 229, 227, 227, 227, 228,
    225, 226, 227, 227, 227, 229, 225, 228, 227, 229, 227, 226, 228, 227,
    225, 229, 225, 225, 228, 228, 228, 225, 225, 227, 228, 229, 226, 228,
    225, 228, 229, 228, 226, 229, 225, 225, 229, 226, 225, 227, 225, 229,
    226, 226, 228, 225, 226, 229, 229, 227, 228, 225, 226, 227, 228, 225,
    225, 225, 228, 229, 229, 226, 227, 226, 228, 228, 229, 228, 227, 226,
    225, 229, 225, 226, 227, 225, 229, 227, 226, 228 ]
RHandPositionsX: [ 144, 147, 152, 149, 156, 157, 155, 147, 147, 139, 136,
    138, 144, 154, 161, 162, 160, 163, 159, 155, 151, 146, 145, 141, 143,
    145, 156, 156, 159, 157, 154, 156, 150, 143, 144, 145, 148, 153, 158,
    156, 159, 163, 160, 156, 147, 145, 143, 142, 141, 148, 162, 164, 166,
    170, 171, 166, 157, 153, 150, 148, 149, 146, 150, 166, 165, 169, 169,
    172, 174, 176, 181, 179, 185, 185, 187, 192, 193, 195, 192, 193, 196,
    192, 195, 193, 192, 192, 193, 193, 192, 192, 197 ]
RHandPositionsY: [ 94, 100, 100, 99, 101, 97, 91, 92, 88, 89, 88, 88, 88,
    101, 112, 111, 114, 114, 105, 100, 97, 98, 94, 93, 94, 101, 109, 111,
    114, 113, 106, 100, 97, 94, 94, 90, 91, 98, 103, 108, 109, 111, 110,
    103, 101, 100, 98, 97, 96, 110, 119, 121, 119, 123, 117, 104, 103,
    101, 101, 101, 98, 95, 103, 113, 115, 114, 122, 121, 130, 142, 152,
    153, 150, 156, 166, 174, 180, 190, 198, 204, 212, 211, 213, 214, 219,
    221, 221, 222, 223, 224, 227 ]
