%YAML:1.0
---
videoName: "RHShake03.mp4"
gestureLabel: 2
fps: 29
pixelSizeInCmTemp: 3.1103896103896100e-01
faceCenterPointX: 294
faceCenterPointY: 48
LHandPositionsX: [ 410, 410, 410, 411, 408, 409, 410, 408, 408, 411, 410,
    410, 412, 409, 411, 410, 412, 412, 408, 409, 410, 408, 412, 409, 411,
    409, 408, 411, 410, 412, 411, 408, 409, 412, 411, 408, 411, 408, 412,
    411, 412, 409, 409, 411, 409, 412, 409, 410, 410, 409, 409, 410, 409,
    408, 411, 408, 410, 410, 410, 408, 408, 412, 409, 409, 410, 409, 408,
    410, 409, 409, 409, 408, 409, 407, 411, 408, 409, 410, 408, 411, 410,
    409, 409, 411, 407, 408, 411, 411 ]
LHandPositionsY: [ 263, 264, 264, 260, 264, 264, 264, 261, 264, 262, 263,
    260, 264, 260, 261, 260, 262, 262, 264, 262, 261, 263, 262, 264, 263,
    264, 264, 262, 262, 264, 264, 260, 263, 263, 263, 261, 263, 260, 260,
    262, 260, 261, 263, 260, 261, 261, 262, 262, 263, 263, 262, 261, 260,
    261, 261, 263, 261, 263, 261, 260, 264, 262, 260, 263, 264, 264, 262,
    262, 264, 262, 264, 262, 262, 263, 261, 263, 264, 260, 262, 262, 263,
    260, 264, 264, 262, 263, 262, 262 ]
RHandPositionsX: [ 178, 180, 178, 180, 178, 174, 178, 175, 176, 176, 177,
    173, 172, 174, 172, 173, 173, 172, 174, 175, 174, 172, 174, 175, 173,
    175, 173, 172, 173, 170, 171, 170, 172, 174, 163, 155, 151, 151, 153,
    153, 154, 166, 177, 182, 191, 192, 181, 178, 176, 173, 172, 180, 181,
    185, 178, 177, 172, 170, 170, 174, 176, 185, 199, 206, 199, 194, 186,
    188, 184, 184, 187, 192, 202, 209, 209, 207, 198, 197, 191, 183, 183,
    181, 182, 184, 182, 183, 180, 182 ]
RHandPositionsY: [ 261, 258, 260, 258, 261, 263, 260, 259, 261, 262, 258,
    261, 261, 262, 262, 262, 262, 261, 261, 258, 258, 261, 260, 262, 260,
    258, 258, 258, 259, 261, 264, 263, 255, 242, 221, 198, 176, 158, 147,
    126, 121, 117, 116, 117, 111, 107, 104, 103, 98, 98, 102, 107, 104,
    104, 105, 101, 102, 99, 97, 98, 104, 108, 111, 111, 110, 106, 103,
    106, 101, 99, 102, 117, 129, 139, 161, 178, 203, 210, 217, 243, 243,
    246, 245, 249, 252, 252, 251, 253 ]
