%YAML:1.0
---
videoName: "RHShake12.mp4"
gestureLabel: 2
fps: 29
pixelSizeInCmTemp: 3.3732394366197183e-01
faceCenterPointX: 299
faceCenterPointY: 45
LHandPositionsX: [ 405, 404, 406, 404, 407, 404, 404, 406, 407, 404, 408,
    405, 406, 407, 408, 406, 404, 405, 407, 406, 408, 407, 408, 408, 407,
    406, 404, 408, 408, 404, 406, 405, 405, 406, 408, 404, 404, 408, 408,
    408, 408, 406, 405, 407, 406, 405, 406, 408, 405, 404, 404, 408, 404,
    405, 408, 406, 405, 406, 407, 408, 406, 408, 404, 408, 405, 408, 408,
    406, 405, 406, 405, 406, 405, 407, 405, 406, 408, 405, 407, 404, 407,
    406, 407, 404, 406, 404, 404, 405 ]
LHandPositionsY: [ 243, 240, 243, 240, 243, 241, 239, 243, 243, 240, 239,
    243, 243, 240, 242, 243, 239, 240, 240, 239, 243, 241, 242, 243, 243,
    240, 240, 240, 243, 239, 240, 242, 241, 242, 242, 239, 239, 243, 239,
    241, 239, 242, 241, 242, 243, 240, 243, 243, 242, 242, 242, 242, 240,
    240, 242, 243, 239, 240, 240, 241, 241, 242, 242, 241, 241, 243, 243,
    243, 240, 241, 243, 240, 239, 242, 239, 239, 240, 243, 239, 241, 242,
    239, 240, 239, 242, 239, 240, 239 ]
RHandPositionsX: [ 171, 167, 163, 163, 164, 173, 182, 193, 194, 198, 192,
    182, 180, 170, 172, 170, 172, 178, 188, 189, 190, 183, 180, 176, 171,
    164, 166, 174, 185, 194, 192, 189, 185, 178, 178, 178, 173, 176, 180,
    193, 197, 196, 187, 181, 176, 176, 171, 172, 179, 189, 190, 193, 194,
    192, 184, 180, 178, 177, 171, 173, 180, 193, 199, 202, 202, 202, 196,
    190, 189, 186, 186, 187, 191, 195, 196, 196, 197, 201, 200, 204, 200,
    201, 197, 196, 197, 198, 199, 197 ]
RHandPositionsY: [ 140, 129, 117, 113, 105, 92, 95, 104, 107, 111, 101,
    94, 90, 91, 89, 86, 83, 89, 100, 101, 108, 96, 91, 89, 87, 86, 85,
    91, 100, 111, 110, 109, 102, 94, 93, 94, 90, 87, 96, 110, 115, 117,
    104, 98, 93, 93, 89, 88, 96, 109, 112, 111, 114, 101, 93, 91, 90, 91,
    88, 85, 95, 111, 122, 117, 119, 118, 113, 110, 110, 115, 115, 125,
    135, 149, 161, 164, 167, 174, 187, 195, 202, 207, 216, 221, 223, 228,
    232, 229 ]
