%YAML:1.0
---
videoName: "RHShake04.mp4"
gestureLabel: 2
fps: 29
pixelSizeInCmTemp: 3.1513157894736843e-01
faceCenterPointX: 292
faceCenterPointY: 47
LHandPositionsX: [ 410, 409, 409, 411, 413, 411, 409, 410, 412, 411, 411,
    413, 411, 411, 411, 411, 411, 411, 407, 410, 410, 408, 407, 409, 407,
    408, 408, 407, 406, 407, 408, 406, 406, 409, 407, 409, 408, 405, 407,
    407, 409, 408, 406, 405, 406, 409, 409, 407, 409, 406, 409, 409, 408,
    407, 408, 409, 407, 407, 408, 409, 408, 404, 407, 404, 406, 406, 403,
    405, 404, 404, 403, 404, 404, 405, 402, 404, 404, 404, 405, 401, 404,
    401, 405, 405, 401, 402, 404, 405 ]
LHandPositionsY: [ 263, 264, 266, 265, 262, 263, 264, 264, 262, 264, 262,
    262, 264, 265, 261, 261, 261, 263, 261, 262, 261, 263, 264, 264, 263,
    263, 264, 260, 261, 260, 263, 263, 262, 263, 262, 264, 264, 262, 261,
    261, 263, 262, 261, 263, 262, 262, 260, 263, 262, 263, 262, 260, 263,
    263, 264, 260, 264, 260, 264, 263, 261, 261, 262, 261, 259, 260, 263,
    259, 260, 258, 259, 262, 259, 260, 261, 261, 262, 262, 259, 260, 258,
    259, 259, 261, 260, 258, 260, 259 ]
RHandPositionsX: [ 182, 181, 183, 179, 182, 180, 179, 181, 181, 181, 181,
    181, 181, 179, 178, 177, 177, 179, 177, 175, 178, 176, 176, 182, 180,
    177, 170, 167, 165, 163, 162, 166, 182, 187, 192, 191, 187, 180, 173,
    171, 164, 168, 174, 175, 178, 175, 182, 172, 170, 169, 164, 170, 179,
    176, 180, 176, 173, 173, 167, 172, 172, 176, 179, 184, 195, 189, 182,
    177, 172, 175, 168, 171, 171, 178, 187, 192, 191, 191, 190, 188, 186,
    186, 183, 181, 176, 176, 173, 176 ]
RHandPositionsY: [ 265, 264, 266, 268, 265, 266, 265, 267, 266, 265, 268,
    265, 267, 269, 270, 270, 271, 270, 271, 268, 269, 272, 269, 247, 221,
    196, 169, 150, 127, 122, 117, 103, 98, 102, 103, 103, 97, 97, 96, 94,
    91, 89, 97, 96, 95, 99, 96, 92, 96, 94, 94, 95, 99, 100, 100, 98, 96,
    95, 94, 93, 94, 97, 96, 97, 97, 93, 95, 97, 94, 93, 96, 93, 98, 107,
    121, 132, 142, 154, 164, 177, 196, 210, 222, 229, 235, 243, 250, 248 ]
