%YAML:1.0
---
videoName: "RHShake08.mp4"
gestureLabel: 2
fps: 29
pixelSizeInCmTemp: 3.2808219178082193e-01
faceCenterPointX: 290
faceCenterPointY: 45
LHandPositionsX: [ 314, 317, 314, 316, 314, 315, 314, 315, 311, 310, 310,
    312, 309, 311, 308, 311, 308, 310, 308, 306, 309, 310, 307, 307, 307,
    310, 309, 307, 310, 310, 309, 308, 306, 308, 308, 308, 309, 306, 307,
    308, 310, 310, 309, 307, 307, 310, 308, 309, 306, 309, 305, 306, 308,
    308, 307, 307, 309, 306, 305, 308, 307, 308, 306, 308, 305, 308, 305,
    309, 305, 306, 306, 306, 306, 308, 305, 308, 306, 308, 306, 308, 307,
    308, 309, 308, 310, 308, 309, 309 ]
LHandPositionsY: [ 280, 282, 281, 282, 281, 279, 280, 283, 282, 281, 285,
    283, 282, 284, 282, 282, 281, 281, 284, 281, 285, 283, 283, 285, 283,
    282, 282, 283, 284, 283, 282, 284, 283, 285, 281, 285, 284, 283, 285,
    285, 282, 282, 283, 282, 284, 280, 281, 284, 284, 284, 284, 283, 280,
    282, 282, 282, 283, 281, 280, 280, 280, 280, 282, 280, 284, 280, 280,
    281, 282, 281, 283, 280, 280, 280, 282, 281, 284, 282, 282, 284, 282,
    281, 282, 282, 280, 281, 281, 282 ]
RHandPositionsX: [ 269, 268, 269, 273, 271, 272, 271, 278, 266, 258, 259,
    256, 252, 235, 222, 203, 184, 165, 154, 162, 166, 174, 201, 199, 203,
    200, 195, 190, 181, 178, 191, 189, 204, 202, 195, 193, 186, 184, 177,
    176, 192, 190, 190, 186, 181, 179, 175, 173, 174, 184, 186, 190, 191,
    189, 195, 190, 187, 204, 202, 216, 212, 207, 206, 201, 198, 193, 203,
    204, 213, 210, 213, 217, 224, 231, 240, 246, 250, 263, 264, 264, 267,
    268, 267, 271, 273, 274, 271, 268 ]
RHandPositionsY: [ 270, 267, 267, 266, 268, 268, 268, 268, 264, 262, 253,
    246, 231, 219, 205, 185, 171, 153, 133, 126, 116, 111, 108, 106, 108,
    105, 100, 96, 93, 91, 88, 92, 97, 96, 94, 89, 87, 87, 87, 91, 91, 92,
    92, 92, 88, 89, 85, 86, 87, 95, 94, 95, 100, 96, 93, 90, 90, 92, 100,
    94, 98, 101, 93, 94, 94, 96, 93, 99, 104, 107, 110, 126, 129, 141,
    158, 178, 195, 213, 228, 247, 260, 261, 258, 260, 262, 263, 263, 266 ]
