%YAML:1.0
---
videoName: "RHShake24.mp4"
gestureLabel: 2
fps: 30
pixelSizeInCmTemp: 3.3732394366197183e-01
faceCenterPointX: 304
faceCenterPointY: 46
LHandPositionsX: [ 390, 391, 389, 390, 391, 389, 391, 392, 389, 393, 393,
    393, 392, 393, 392, 392, 391, 391, 391, 390, 391, 389, 390, 390, 389,
    391, 393, 391, 393, 393, 393, 389, 390, 392, 391, 389, 393, 392, 389,
    393, 390, 392, 390, 389, 392, 392, 389, 393, 392, 390, 389, 392, 389,
    389, 392, 393, 390, 393, 393, 390, 389, 392, 393, 389, 391, 392, 391,
    390, 389, 391, 389, 389, 389, 390, 392, 389, 390, 389, 390, 390, 393,
    389, 393, 393, 389, 390, 393, 391, 393, 392, 391 ]
LHandPositionsY: [ 225, 228, 229, 225, 229, 227, 229, 227, 226, 227, 226,
    227, 225, 226, 229, 229, 228, 229, 225, 229, 229, 229, 229, 226, 227,
    229, 225, 225, 226, 229, 229, 229, 226, 226, 225, 226, 229, 227, 229,
    228, 225, 229, 225, 228, 228, 229, 225, 229, 227, 226, 226, 226, 228,
    229, 229, 226, 225, 228, 227, 228, 226, 227, 225, 228, 228, 226, 226,
    226, 226, 225, 225, 225, 229, 228, 229, 227, 228, 228, 225, 226, 225,
    225, 226, 227, 225, 229, 228, 227, 228, 226, 228 ]
RHandPositionsX: [ 144, 145, 150, 150, 153, 154, 154, 147, 148, 140, 137,
    137, 142, 153, 160, 161, 160, 162, 162, 154, 149, 143, 145, 142, 139,
    149, 159, 156, 157, 160, 154, 154, 151, 143, 144, 143, 149, 152, 156,
    159, 160, 162, 156, 156, 150, 145, 142, 143, 141, 149, 161, 166, 165,
    171, 169, 162, 156, 151, 152, 148, 146, 150, 154, 164, 167, 168, 171,
    169, 174, 177, 178, 183, 185, 187, 188, 190, 195, 194, 191, 194, 195,
    195, 195, 193, 194, 196, 193, 192, 194, 195, 197 ]
RHandPositionsY: [ 95, 103, 102, 101, 103, 100, 94, 92, 85, 89, 88, 87,
    88, 99, 110, 113, 111, 114, 106, 102, 98, 96, 95, 95, 92, 101, 109,
    111, 114, 111, 105, 103, 97, 94, 92, 94, 89, 94, 103, 108, 107, 112,
    108, 101, 101, 99, 96, 97, 93, 111, 120, 121, 120, 124, 117, 107,
    100, 102, 101, 99, 98, 96, 102, 113, 115, 118, 120, 122, 130, 140,
    152, 151, 152, 158, 164, 173, 176, 187, 198, 202, 210, 209, 210, 215,
    220, 221, 221, 224, 226, 227, 229 ]
