%YAML:1.0
---
videoName: "RHShake11.mp4"
gestureLabel: 2
fps: 29
pixelSizeInCmTemp: 3.3263888888888887e-01
faceCenterPointX: 274
faceCenterPointY: 53
LHandPositionsX: [ 312, 308, 308, 311, 309, 309, 309, 311, 310, 311, 309,
    307, 309, 311, 307, 309, 311, 307, 310, 307, 310, 307, 310, 307, 309,
    308, 309, 310, 307, 309, 307, 311, 310, 308, 307, 309, 307, 311, 309,
    307, 311, 311, 309, 309, 311, 310, 309, 310, 310, 309, 307, 307, 308,
    308, 308, 310, 309, 309, 310, 311, 307, 307, 310, 311, 311, 309, 310,
    307, 307, 310, 309, 308, 310, 309, 309, 308, 305, 305, 309, 303, 307,
    305, 306, 303, 306, 304, 305, 307 ]
LHandPositionsY: [ 246, 249, 248, 246, 249, 248, 246, 245, 246, 246, 247,
    245, 246, 246, 245, 249, 246, 246, 247, 248, 248, 247, 246, 245, 245,
    247, 246, 249, 248, 247, 245, 245, 247, 245, 247, 248, 249, 246, 247,
    247, 249, 245, 248, 247, 249, 245, 249, 246, 245, 247, 249, 247, 246,
    245, 249, 247, 245, 248, 249, 245, 246, 245, 247, 245, 246, 248, 247,
    246, 245, 248, 244, 243, 246, 244, 243, 244, 245, 245, 246, 247, 244,
    246, 245, 243, 246, 244, 246, 247 ]
RHandPositionsX: [ 247, 251, 249, 247, 236, 225, 209, 191, 172, 158, 149,
    138, 148, 146, 149, 157, 160, 167, 171, 171, 172, 161, 155, 153, 153,
    155, 159, 165, 170, 169, 166, 169, 161, 159, 155, 157, 156, 155, 160,
    169, 170, 168, 172, 170, 165, 162, 158, 160, 157, 158, 162, 173, 175,
    179, 175, 178, 174, 169, 165, 166, 158, 159, 162, 167, 169, 182, 192,
    206, 220, 232, 238, 247, 254, 261, 264, 261, 259, 262, 259, 258, 258,
    262, 260, 258, 261, 261, 258, 260 ]
RHandPositionsY: [ 249, 246, 246, 243, 229, 218, 205, 193, 176, 159, 142,
    127, 124, 112, 106, 104, 103, 103, 104, 102, 100, 99, 100, 94, 97,
    97, 95, 101, 103, 100, 99, 100, 98, 96, 97, 94, 96, 94, 98, 103, 103,
    106, 103, 106, 105, 101, 99, 97, 99, 100, 101, 104, 106, 105, 106,
    108, 104, 104, 101, 100, 100, 101, 102, 105, 119, 127, 144, 156, 173,
    189, 201, 211, 222, 231, 234, 234, 239, 237, 241, 240, 241, 240, 242,
    240, 242, 238, 239, 242 ]
