%YAML:1.0
---
videoName: "RHShake18.mp4"
gestureLabel: 2
fps: 30
pixelSizeInCmTemp: 3.3732394366197183e-01
faceCenterPointX: 275
faceCenterPointY: 40
LHandPositionsX: [ 378, 378, 379, 378, 379, 375, 376, 376, 377, 375, 379,
    377, 376, 375, 379, 377, 376, 377, 377, 378, 376, 376, 376, 378, 376,
    375, 376, 375, 376, 376, 375, 376, 375, 376, 378, 375, 376, 376, 379,
    375, 378, 375, 377, 376, 379, 378, 377, 378, 374, 375, 375, 369, 367,
    357, 353, 350, 337, 332, 322, 317, 302, 302, 300, 302, 295, 287, 289,
    290, 295, 295, 291, 289, 293, 290, 292, 290, 288, 289, 290, 287, 287,
    289, 286, 288, 290, 288, 286, 287, 287, 288, 288 ]
LHandPositionsY: [ 233, 233, 229, 232, 231, 230, 230, 233, 231, 229, 233,
    229, 233, 230, 233, 231, 229, 232, 230, 229, 233, 232, 232, 231, 232,
    233, 231, 229, 231, 232, 233, 232, 231, 231, 232, 232, 229, 229, 229,
    229, 233, 230, 231, 230, 229, 232, 233, 231, 232, 229, 234, 235, 239,
    236, 235, 237, 231, 233, 231, 227, 232, 231, 230, 233, 233, 233, 236,
    238, 236, 239, 244, 241, 242, 243, 243, 239, 239, 239, 243, 242, 242,
    242, 242, 242, 241, 239, 239, 243, 241, 243, 242 ]
RHandPositionsX: [ 158, 152, 152, 147, 149, 147, 150, 161, 164, 166, 164,
    165, 157, 153, 151, 150, 157, 164, 166, 166, 168, 163, 161, 156, 158,
    155, 156, 162, 164, 168, 165, 158, 156, 155, 157, 160, 175, 175, 171,
    168, 166, 159, 156, 155, 160, 166, 170, 183, 191, 198, 207, 220, 231,
    243, 254, 260, 268, 257, 253, 246, 245, 242, 239, 239, 238, 235, 233,
    235, 237, 237, 241, 237, 238, 239, 240, 237, 239, 238, 237, 240, 236,
    236, 237, 237, 239, 240, 240, 240, 239, 240, 238 ]
RHandPositionsY: [ 74, 72, 70, 71, 68, 69, 66, 71, 73, 72, 72, 70, 68,
    70, 65, 67, 71, 72, 73, 72, 72, 70, 68, 70, 66, 71, 71, 75, 76, 77,
    77, 74, 75, 73, 75, 79, 92, 90, 95, 88, 89, 89, 87, 83, 84, 88, 96,
    100, 110, 121, 131, 145, 154, 162, 174, 184, 188, 191, 194, 200, 203,
    205, 209, 210, 213, 215, 220, 222, 223, 224, 230, 227, 228, 225, 226,
    226, 226, 225, 225, 227, 224, 226, 228, 224, 226, 228, 224, 227, 227,
    224, 224 ]
