%YAML:1.0
---
videoName: "RHShake18.mp4"
gestureLabel: 2
fps: 30
pixelSizeInCmTemp: 3.3732394366197183e-01
faceCenterPointX: 275
faceCenterPointY: 40
LHandPositionsX: [ 376, 375, 377, 375, 378, 378, 377, 376, 377, 375, 376,
    376, 377, 375, 377, 377, 375, 377, 375, 379, 379, 379, 378, 379, 379,
    376, 377, 376, 375, 379, 377, 379, 375, 377, 375, 375, 378, 377, 379,
    377, 375, 377, 378, 375, 379, 376, 377, 376, 372, 373, 372, 369, 364,
    358, 351, 347, 340, 334, 324, 316, 304, 300, 298, 301, 295, 287, 287,
    292, 292, 296, 292, 293, 290, 293, 291, 291, 289, 292, 289, 288, 291,
    289, 286, 286, 288, 288, 287, 288, 289, 289, 288 ]
LHandPositionsY: [ 232, 231, 232, 231, 232, 230, 231, 233, 231, 229, 229,
    229, 230, 232, 231, 229, 231, 231, 230, 233, 229, 230, 232, 230, 230,
    230, 230, 230, 232, 231, 230, 231, 231, 229, 229, 230, 231, 230, 232,
    230, 232, 233, 233, 231, 230, 233, 233, 232, 229, 228, 235, 235, 237,
    238, 234, 236, 232, 235, 229, 229, 231, 232, 234, 230, 234, 232, 235,
    235, 236, 240, 243, 240, 243, 241, 242, 239, 243, 242, 242, 239, 242,
    241, 243, 242, 241, 242, 240, 243, 243, 243, 239 ]
RHandPositionsX: [ 157, 155, 153, 149, 148, 148, 154, 161, 165, 162, 166,
    161, 156, 151, 151, 149, 157, 163, 170, 166, 168, 163, 158, 156, 160,
    154, 156, 161, 165, 169, 166, 160, 160, 154, 155, 162, 175, 176, 174,
    169, 162, 160, 158, 154, 159, 169, 170, 179, 191, 197, 208, 218, 230,
    245, 253, 262, 270, 257, 253, 248, 244, 243, 239, 236, 238, 234, 233,
    237, 236, 236, 239, 237, 238, 240, 239, 237, 239, 238, 240, 239, 238,
    238, 237, 236, 240, 239, 239, 239, 240, 239, 236 ]
RHandPositionsY: [ 75, 73, 68, 67, 68, 67, 68, 67, 74, 75, 70, 67, 71,
    69, 69, 70, 71, 72, 70, 70, 72, 69, 68, 70, 69, 69, 71, 76, 78, 76,
    75, 73, 71, 71, 76, 81, 90, 93, 94, 91, 88, 86, 86, 84, 83, 86, 98,
    101, 110, 121, 132, 144, 154, 161, 171, 183, 189, 192, 198, 199, 205,
    206, 210, 212, 211, 213, 218, 220, 221, 225, 230, 226, 226, 224, 226,
    228, 226, 228, 228, 224, 224, 226, 228, 227, 227, 226, 224, 228, 225,
    225, 226 ]
