%YAML:1.0
---
videoName: "RHShake07.mp4"
gestureLabel: 2
fps: 29
pixelSizeInCmTemp: 3.2364864864864862e-01
faceCenterPointX: 292
faceCenterPointY: 44
LHandPositionsX: [ 311, 306, 307, 307, 310, 307, 309, 306, 309, 307, 309,
    311, 312, 312, 309, 313, 313, 313, 311, 312, 314, 310, 314, 311, 311,
    310, 310, 313, 312, 310, 313, 312, 312, 315, 316, 315, 313, 316, 316,
    312, 313, 316, 316, 315, 316, 315, 314, 316, 315, 312, 312, 312, 313,
    312, 312, 312, 315, 312, 315, 312, 314, 312, 315, 316, 315, 315, 316,
    314, 315, 312, 315, 313, 315, 315, 315, 314, 317, 315, 313, 314, 308,
    310, 308, 309, 311, 312, 308, 308 ]
LHandPositionsY: [ 269, 267, 268, 270, 269, 271, 267, 268, 273, 275, 274,
    269, 272, 271, 272, 269, 270, 269, 269, 269, 267, 267, 271, 267, 271,
    271, 270, 271, 270, 271, 267, 270, 267, 267, 268, 269, 269, 270, 267,
    269, 270, 271, 271, 270, 268, 271, 269, 267, 269, 267, 267, 267, 270,
    270, 268, 267, 271, 269, 270, 270, 270, 268, 269, 270, 271, 269, 271,
    267, 270, 267, 271, 268, 270, 267, 266, 270, 269, 267, 269, 269, 272,
    273, 271, 271, 275, 273, 274, 271 ]
RHandPositionsX: [ 267, 265, 268, 263, 267, 264, 264, 268, 262, 270, 269,
    261, 256, 238, 218, 196, 179, 160, 152, 156, 158, 152, 158, 162, 161,
    181, 192, 184, 179, 168, 168, 164, 181, 179, 185, 188, 182, 173, 168,
    170, 173, 176, 181, 186, 186, 182, 176, 170, 164, 165, 165, 182, 187,
    200, 192, 188, 181, 179, 172, 171, 164, 166, 171, 173, 171, 185, 180,
    175, 174, 167, 156, 166, 176, 194, 212, 229, 243, 258, 272, 275, 272,
    273, 271, 263, 262, 265, 266, 268 ]
RHandPositionsY: [ 255, 255, 255, 251, 252, 252, 252, 251, 254, 257, 248,
    242, 233, 219, 203, 185, 166, 155, 134, 133, 128, 115, 120, 124, 129,
    114, 103, 97, 91, 94, 89, 88, 106, 105, 104, 99, 98, 96, 95, 93, 89,
    92, 98, 96, 99, 94, 94, 90, 92, 87, 83, 89, 98, 100, 100, 98, 93, 93,
    93, 86, 88, 87, 91, 90, 91, 94, 86, 89, 86, 87, 92, 118, 139, 151,
    166, 188, 203, 226, 235, 242, 244, 247, 251, 253, 254, 256, 257, 258 ]
