%YAML:1.0
---
videoName: "RHShake08.mp4"
gestureLabel: 2
fps: 29
pixelSizeInCmTemp: 3.2808219178082193e-01
faceCenterPointX: 290
faceCenterPointY: 45
LHandPositionsX: [ 314, 316, 317, 317, 313, 314, 316, 314, 314, 310, 308,
    311, 309, 309, 311, 310, 307, 310, 307, 306, 307, 308, 308, 308, 307,
    307, 306, 310, 310, 309, 310, 307, 310, 307, 307, 307, 307, 306, 306,
    307, 310, 307, 306, 308, 308, 309, 310, 307, 309, 307, 309, 307, 308,
    306, 308, 306, 306, 306, 308, 305, 305, 308, 308, 305, 306, 305, 307,
    307, 306, 308, 308, 307, 308, 305, 309, 309, 309, 309, 306, 308, 307,
    309, 306, 309, 308, 310, 306, 310 ]
LHandPositionsY: [ 278, 281, 283, 283, 283, 279, 283, 281, 282, 284, 282,
    281, 284, 282, 285, 285, 281, 281, 281, 281, 283, 281, 283, 282, 281,
    285, 281, 281, 282, 285, 285, 282, 282, 282, 283, 281, 284, 283, 285,
    281, 281, 282, 283, 284, 284, 283, 280, 283, 280, 282, 280, 280, 284,
    283, 283, 280, 284, 280, 280, 282, 281, 283, 283, 281, 281, 280, 284,
    283, 283, 281, 284, 282, 281, 281, 282, 282, 284, 281, 283, 283, 284,
    281, 284, 283, 282, 280, 280, 280 ]
RHandPositionsX: [ 266, 267, 268, 271, 270, 271, 272, 277, 266, 259, 258,
    257, 249, 238, 218, 201, 186, 164, 155, 158, 167, 173, 199, 198, 206,
    201, 194, 190, 185, 180, 188, 189, 204, 198, 197, 192, 187, 184, 179,
    178, 191, 192, 187, 184, 183, 178, 175, 174, 177, 183, 187, 186, 193,
    187, 192, 188, 186, 202, 204, 217, 214, 207, 203, 200, 199, 195, 201,
    206, 216, 210, 211, 218, 224, 229, 240, 247, 253, 262, 262, 265, 268,
    268, 267, 270, 273, 275, 274, 268 ]
RHandPositionsY: [ 268, 267, 267, 269, 268, 270, 269, 267, 265, 264, 253,
    246, 229, 218, 204, 184, 175, 153, 133, 129, 113, 108, 105, 107, 108,
    103, 101, 95, 93, 94, 90, 92, 95, 94, 93, 91, 89, 87, 85, 89, 93, 93,
    94, 94, 89, 87, 86, 86, 91, 94, 96, 95, 97, 99, 91, 92, 91, 92, 100,
    94, 101, 97, 96, 93, 93, 96, 97, 99, 106, 107, 111, 126, 133, 141,
    156, 177, 191, 215, 226, 244, 258, 258, 260, 262, 261, 264, 265, 265 ]
