%YAML:1.0
---
videoName: "RHShake20.mp4"
gestureLabel: 2
fps: 29
pixelSizeInCmTemp: 3.3263888888888887e-01
faceCenterPointX: 286
faceCenterPointY: 45
LHandPositionsX: [ 393, 391, 391, 391, 390, 390, 393, 392, 394, 392, 393,
    393, 392, 394, 392, 391, 390, 394, 393, 394, 391, 392, 392, 393, 391,
    391, 390, 390, 391, 392, 393, 392, 391, 391, 390, 393, 390, 390, 393,
    392, 391, 391, 390, 392, 392, 391, 394, 394, 390, 391, 394, 390, 393,
    391, 393, 390, 390, 394, 394, 392, 394, 394, 394, 394, 392, 391, 393,
    390, 391, 391, 394, 391, 392, 393, 394, 391, 393, 390, 390, 391, 390,
    393, 393, 391, 392, 394, 390, 393 ]
LHandPositionsY: [ 247, 242, 244, 245, 244, 245, 244, 245, 243, 241, 241,
    244, 242, 240, 240, 239, 241, 240, 243, 242, 239, 243, 242, 240, 240,
    242, 242, 242, 239, 240, 242, 240, 243, 239, 239, 242, 243, 240, 240,
    239, 241, 241, 240, 243, 240, 243, 240, 239, 240, 242, 240, 243, 241,
    243, 239, 241, 239, 242, 241, 241, 242, 240, 242, 243, 240, 241, 240,
    243, 241, 240, 243, 242, 240, 243, 239, 241, 243, 243, 240, 240, 240,
    242, 242, 241, 239, 243, 240, 239 ]
RHandPositionsX: [ 166, 163, 158, 158, 153, 154, 151, 157, 157, 157, 159,
    161, 157, 156, 153, 150, 149, 150, 157, 161, 161, 162, 158, 155, 155,
    152, 151, 153, 162, 163, 162, 163, 158, 152, 159, 152, 152, 149, 157,
    168, 168, 168, 166, 160, 157, 155, 154, 150, 158, 162, 167, 165, 167,
    169, 169, 168, 166, 163, 161, 156, 162, 168, 171, 175, 184, 187, 184,
    184, 188, 183, 185, 180, 178, 179, 176, 179, 179, 178, 180, 179, 176,
    179, 180, 177, 177, 180, 177, 178 ]
RHandPositionsY: [ 110, 109, 105, 103, 100, 101, 100, 98, 102, 104, 103,
    101, 100, 96, 96, 98, 100, 103, 113, 112, 115, 117, 110, 111, 106,
    108, 109, 110, 120, 116, 117, 116, 111, 107, 107, 102, 105, 105, 112,
    120, 124, 124, 122, 120, 117, 111, 111, 112, 112, 119, 122, 122, 121,
    127, 124, 119, 117, 116, 110, 111, 117, 124, 132, 138, 146, 157, 165,
    179, 184, 193, 203, 209, 220, 227, 234, 235, 241, 242, 243, 242, 242,
    246, 243, 245, 247, 247, 246, 247 ]
