%YAML:1.0
---
videoName: "RHShake19.mp4"
gestureLabel: 2
fps: 29
pixelSizeInCmTemp: 3.2808219178082193e-01
faceCenterPointX: 283
faceCenterPointY: 48
LHandPositionsX: [ 391, 391, 390, 388, 392, 388, 392, 388, 392, 388, 390,
    389, 392, 388, 388, 390, 391, 392, 392, 388, 388, 390, 392, 390, 390,
    391, 392, 390, 389, 390, 388, 391, 390, 390, 391, 392, 388, 389, 391,
    389, 391, 391, 392, 392, 389, 392, 392, 389, 388, 390, 392, 388, 390,
    388, 389, 388, 389, 388, 389, 389, 389, 389, 392, 390, 391, 391, 388,
    391, 391, 392, 389, 389, 388, 388, 389, 391, 391, 392, 392, 390, 391,
    392, 388, 392, 390, 390, 391, 391 ]
LHandPositionsY: [ 242, 241, 244, 241, 243, 243, 240, 242, 242, 242, 240,
    243, 240, 243, 244, 242, 241, 242, 241, 243, 241, 242, 241, 244, 243,
    240, 242, 241, 242, 241, 242, 240, 244, 241, 242, 240, 242, 240, 243,
    244, 241, 240, 241, 243, 241, 240, 240, 242, 240, 244, 241, 243, 240,
    244, 241, 240, 241, 242, 242, 243, 240, 240, 240, 240, 241, 244, 244,
    242, 241, 240, 240, 240, 242, 241, 241, 240, 241, 243, 240, 244, 243,
    244, 242, 240, 242, 244, 243, 243 ]
RHandPositionsX: [ 157, 171, 182, 180, 186, 187, 177, 171, 167, 163, 160,
    162, 164, 177, 184, 185, 187, 179, 175, 168, 164, 162, 161, 167, 170,
    175, 172, 171, 170, 164, 160, 158, 157, 162, 169, 180, 178, 178, 180,
    175, 166, 163, 165, 160, 161, 166, 175, 181, 178, 182, 178, 173, 167,
    171, 167, 171, 171, 180, 181, 179, 182, 181, 172, 171, 170, 168, 170,
    176, 178, 183, 187, 191, 192, 188, 187, 185, 185, 183, 179, 178, 181,
    180, 180, 182, 180, 182, 179, 181 ]
RHandPositionsY: [ 92, 90, 96, 95, 92, 88, 83, 81, 80, 75, 74, 73, 77,
    83, 91, 91, 88, 86, 81, 79, 77, 76, 77, 76, 81, 90, 91, 89, 88, 88,
    83, 83, 82, 85, 88, 89, 94, 94, 93, 92, 87, 87, 88, 84, 81, 83, 94,
    96, 101, 104, 101, 94, 97, 94, 97, 97, 99, 106, 109, 111, 107, 103,
    99, 101, 99, 97, 110, 124, 137, 150, 165, 177, 189, 192, 197, 209,
    217, 222, 232, 237, 235, 236, 238, 239, 240, 242, 239, 239 ]
