%YAML:1.0
---
videoName: "RHShake22.mp4"
gestureLabel: 2
fps: 29
pixelSizeInCmTemp: 3.3263888888888887e-01
faceCenterPointX: 290
faceCenterPointY: 48
LHandPositionsX: [ 394, 395, 394, 395, 395, 395, 396, 392, 392, 392, 394,
    393, 394, 395, 394, 395, 392, 396, 392, 396, 393, 393, 396, 395, 392,
    393, 394, 394, 393, 392, 392, 393, 393, 392, 394, 396, 396, 396, 392,
    392, 396, 395, 392, 395, 395, 394, 393, 395, 394, 396, 394, 395, 393,
    394, 392, 394, 394, 396, 396, 394, 393, 394, 392, 395, 393, 393, 393,
    395, 394, 392, 396, 395, 395, 393, 394, 394, 394, 392, 396, 393, 393,
    396, 394, 393, 393, 396, 392, 394 ]
LHandPositionsY: [ 232, 233, 232, 233, 232, 231, 231, 233, 234, 234, 234,
    230, 234, 233, 232, 232, 231, 231, 230, 232, 232, 231, 231, 234, 234,
    234, 230, 233, 234, 231, 230, 231, 232, 231, 230, 234, 232, 233, 233,
    233, 234, 230, 232, 230, 231, 231, 233, 231, 230, 230, 234, 230, 233,
    230, 233, 232, 234, 230, 231, 233, 231, 231, 232, 231, 234, 231, 232,
    232, 234, 230, 232, 234, 231, 234, 230, 233, 232, 232, 234, 231, 233,
    233, 232, 232, 230, 231, 233, 232 ]
RHandPositionsX: [ 149, 139, 131, 132, 134, 135, 145, 158, 167, 164, 164,
    164, 163, 159, 152, 146, 143, 142, 144, 152, 164, 171, 172, 168, 169,
    165, 164, 156, 157, 152, 153, 160, 164, 173, 172, 170, 170, 170, 165,
    162, 160, 157, 160, 165, 170, 172, 173, 171, 171, 170, 161, 156, 155,
    153, 158, 162, 171, 178, 177, 179, 179, 172, 170, 162, 157, 154, 154,
    156, 167, 178, 176, 180, 179, 181, 182, 180, 181, 184, 183, 186, 187,
    188, 191, 188, 190, 187, 188, 189 ]
RHandPositionsY: [ 140, 118, 104, 101, 97, 90, 81, 86, 89, 92, 90, 92,
    86, 78, 78, 80, 80, 78, 75, 85, 90, 91, 95, 94, 93, 88, 84, 85, 84,
    79, 78, 89, 91, 98, 103, 99, 92, 92, 88, 88, 86, 82, 83, 87, 94, 99,
    100, 98, 93, 93, 89, 90, 87, 85, 84, 84, 88, 102, 100, 101, 100, 97,
    93, 91, 91, 93, 92, 90, 88, 103, 106, 113, 116, 116, 120, 125, 136,
    148, 161, 172, 183, 191, 197, 206, 211, 219, 223, 225 ]
