%YAML:1.0
---
videoName: "RHShake05.mp4"
gestureLabel: 2
fps: 30
pixelSizeInCmTemp: 3.1103896103896100e-01
faceCenterPointX: 295
faceCenterPointY: 47
LHandPositionsX: [ 411, 411, 410, 412, 412, 411, 409, 408, 411, 411, 409,
    408, 408, 410, 410, 409, 411, 412, 412, 409, 411, 412, 408, 409, 410,
    411, 408, 412, 410, 409, 411, 408, 410, 411, 409, 408, 412, 408, 410,
    409, 412, 409, 411, 410, 408, 411, 412, 409, 410, 409, 410, 408, 412,
    411, 409, 410, 410, 408, 412, 411, 409, 411, 410, 409, 411, 411, 412,
    412, 411, 410, 409, 411, 409, 408, 412, 412, 408, 410, 411, 412, 411,
    410, 408, 411, 411, 408, 408, 412, 408, 408, 412 ]
LHandPositionsY: [ 259, 260, 259, 257, 258, 261, 258, 258, 261, 258, 259,
    261, 259, 260, 260, 257, 257, 257, 257, 260, 261, 259, 259, 260, 261,
    260, 260, 259, 257, 260, 257, 257, 257, 257, 261, 259, 261, 261, 261,
    257, 258, 258, 257, 261, 259, 258, 258, 260, 260, 258, 257, 260, 259,
    260, 257, 257, 260, 259, 258, 259, 259, 261, 261, 260, 261, 259, 261,
    260, 260, 259, 260, 258, 257, 258, 257, 259, 260, 260, 257, 260, 258,
    259, 261, 258, 257, 259, 257, 260, 258, 261, 257 ]
RHandPositionsX: [ 177, 174, 177, 174, 177, 175, 175, 177, 174, 176, 172,
    176, 174, 172, 175, 174, 173, 171, 171, 171, 174, 173, 171, 175, 173,
    178, 183, 177, 172, 167, 150, 154, 153, 159, 165, 175, 187, 199, 191,
    180, 177, 174, 169, 169, 178, 178, 188, 183, 176, 173, 170, 167, 171,
    173, 180, 190, 183, 179, 174, 170, 166, 167, 177, 192, 193, 192, 185,
    181, 179, 182, 181, 181, 191, 191, 193, 192, 184, 174, 170, 173, 171,
    174, 183, 185, 191, 188, 185, 178, 180, 179, 175 ]
RHandPositionsY: [ 258, 261, 260, 260, 259, 262, 259, 262, 262, 260, 260,
    258, 260, 259, 261, 259, 258, 258, 259, 258, 258, 260, 262, 260, 257,
    250, 233, 208, 182, 158, 132, 127, 108, 93, 89, 93, 94, 95, 90, 87,
    81, 81, 79, 80, 84, 84, 80, 79, 80, 74, 76, 75, 77, 85, 86, 91, 88,
    86, 85, 81, 81, 86, 87, 91, 91, 90, 88, 86, 84, 83, 85, 88, 87, 92,
    91, 87, 88, 87, 87, 93, 110, 134, 156, 181, 204, 221, 227, 232, 243,
    247, 247 ]
