%YAML:1.0
---
videoName: "RHShake24.mp4"
gestureLabel: 2
fps: 30
pixelSizeInCmTemp: 3.3732394366197183e-01
faceCenterPointX: 304
faceCenterPointY: 46
LHandPositionsX: [ 389, 392, 390, 390, 391, 393, 390, 392, 391, 389, 389,
    392, 393, 391, 389, 389, 389, 390, 390, 392, 393, 390, 391, 390, 392,
    392, 390, 393, 391, 392, 393, 391, 389, 391, 392, 390, 393, 390, 393,
    393, 390, 392, 391, 390, 389, 391, 391, 390, 390, 389, 393, 391, 393,
    390, 392, 390, 393, 390, 393, 390, 391, 393, 391, 392, 391, 390, 391,
    393, 393, 390, 393, 390, 390, 392, 393, 392, 390, 392, 389, 393, 389,
    390, 389, 390, 390, 393, 392, 393, 393, 390, 390 ]
LHandPositionsY: [ 228, 228, 226, 229, 228, 225, 225, 225, 227, 226, 225,
    226, 227, 229, 229, 227, 229, 225, 226, 227, 228, 227, 227, 226, 225,
    229, 225, 229, 229, 226, 227, 225, 228, 226, 228, 226, 227, 228, 226,
    227, 229, 227, 229, 227, 226, 226, 227, 226, 229, 229, 226, 225, 227,
    228, 227, 226, 228, 227, 229, 228, 225, 228, 229, 227, 227, 227, 227,
    229, 226, 225, 228, 227, 227, 225, 229, 226, 226, 227, 227, 226, 227,
    228, 226, 229, 228, 226, 229, 226, 227, 226, 229 ]
RHandPositionsX: [ 144, 147, 152, 148, 156, 157, 153, 151, 148, 140, 136,
    136, 144, 152, 163, 160, 161, 164, 158, 158, 152, 143, 143, 142, 140,
    145, 155, 160, 159, 159, 156, 153, 151, 143, 143, 141, 148, 155, 155,
    156, 158, 164, 158, 155, 150, 144, 141, 143, 145, 149, 162, 163, 168,
    171, 171, 165, 157, 150, 149, 147, 147, 147, 150, 162, 166, 166, 168,
    172, 177, 178, 179, 181, 187, 185, 189, 190, 195, 195, 191, 194, 194,
    192, 192, 192, 194, 192, 194, 195, 196, 195, 196 ]
RHandPositionsY: [ 94, 100, 100, 101, 105, 101, 92, 88, 88, 88, 87, 88,
    87, 101, 110, 111, 110, 114, 108, 101, 95, 96, 94, 94, 91, 98, 111,
    109, 111, 113, 109, 101, 99, 97, 92, 91, 92, 97, 104, 108, 107, 115,
    110, 103, 102, 99, 99, 93, 96, 110, 119, 119, 120, 124, 119, 106,
    100, 101, 99, 99, 98, 98, 105, 111, 115, 114, 120, 122, 132, 140,
    150, 150, 153, 159, 166, 172, 178, 186, 195, 203, 212, 208, 214, 217,
    216, 218, 221, 225, 225, 228, 226 ]
