%YAML:1.0
---
videoName: "RHShake20.mp4"
gestureLabel: 2
fps: 29
pixelSizeInCmTemp: 3.3263888888888887e-01
faceCenterPointX: 286
faceCenterPointY: 45
LHandPositionsX: [ 393, 394, 394, 394, 391, 394, 391, 390, 392, 393, 392,
    392, 392, 392, 392, 393, 391, 392, 391, 391, 392, 392, 394, 390, 392,
    390, 392, 394, 392, 392, 390, 392, 394, 392, 390, 391, 390, 390, 394,
    390, 394, 391, 393, 393, 392, 390, 392, 392, 392, 394, 393, 393, 390,
    392, 393, 393, 391, 392, 391, 390, 392, 391, 394, 391, 392, 393, 394,
    391, 394, 391, 394, 391, 390, 394, 392, 394, 391, 394, 390, 391, 394,
    392, 393, 390, 392, 394, 393, 392 ]
LHandPositionsY: [ 245, 243, 245, 242, 244, 244, 242, 241, 244, 243, 240,
    241, 242, 239, 243, 242, 243, 241, 243, 240, 241, 239, 239, 242, 242,
    240, 243, 239, 240, 242, 240, 242, 239, 242, 240, 243, 240, 242, 241,
    241, 239, 242, 242, 242, 243, 242, 240, 243, 242, 240, 239, 243, 242,
    241, 242, 241, 241, 243, 239, 240, 241, 240, 242, 241, 242, 242, 243,
    242, 239, 240, 239, 241, 241, 243, 239, 242, 241, 241, 241, 240, 242,
    243, 240, 239, 241, 239, 241, 243 ]
RHandPositionsX: [ 164, 162, 159, 158, 152, 153, 150, 155, 159, 157, 161,
    159, 161, 156, 152, 153, 149, 150, 157, 160, 160, 164, 160, 152, 154,
    154, 149, 150, 160, 164, 162, 160, 155, 153, 157, 154, 150, 148, 161,
    168, 166, 166, 166, 161, 157, 151, 155, 154, 159, 161, 165, 167, 165,
    169, 168, 170, 164, 166, 161, 160, 165, 170, 173, 179, 181, 183, 185,
    184, 185, 184, 185, 184, 181, 177, 176, 180, 181, 181, 177, 177, 179,
    180, 180, 177, 177, 177, 176, 177 ]
RHandPositionsY: [ 110, 107, 101, 102, 101, 100, 99, 100, 101, 101, 102,
    101, 99, 98, 95, 98, 100, 102, 112, 114, 117, 115, 111, 111, 106,
    106, 108, 110, 117, 119, 119, 114, 110, 107, 107, 104, 103, 106, 116,
    121, 122, 122, 120, 116, 113, 111, 113, 111, 112, 115, 125, 125, 124,
    125, 122, 118, 118, 115, 113, 113, 115, 124, 133, 138, 147, 156, 168,
    176, 186, 193, 203, 212, 218, 227, 232, 234, 239, 241, 239, 243, 244,
    246, 247, 243, 244, 247, 245, 246 ]
