%YAML:1.0
---
videoName: "RHShake15.mp4"
gestureLabel: 2
fps: 29
pixelSizeInCmTemp: 3.2808219178082193e-01
faceCenterPointX: 279
faceCenterPointY: 41
LHandPositionsX: [ 371, 370, 372, 371, 369, 371, 368, 368, 371, 372, 371,
    370, 370, 368, 372, 371, 372, 368, 369, 371, 369, 370, 370, 370, 369,
    370, 371, 372, 371, 370, 369, 372, 371, 369, 369, 370, 372, 369, 371,
    369, 370, 368, 372, 372, 370, 368, 369, 370, 368, 371, 369, 371, 371,
    371, 370, 372, 371, 369, 369, 370, 368, 370, 368, 368, 368, 371, 369,
    372, 368, 371, 372, 371, 369, 372, 371, 371, 369, 372, 372, 370, 372,
    371, 368, 369, 368, 368, 372, 372 ]
LHandPositionsY: [ 235, 235, 233, 232, 234, 234, 234, 235, 235, 235, 232,
    232, 235, 236, 235, 232, 232, 236, 234, 232, 234, 232, 234, 233, 235,
    232, 232, 235, 235, 232, 232, 236, 235, 235, 233, 232, 236, 235, 234,
    232, 232, 235, 235, 234, 231, 235, 234, 231, 233, 234, 235, 235, 232,
    233, 234, 235, 232, 233, 235, 231, 234, 235, 231, 231, 235, 235, 234,
    235, 231, 232, 231, 235, 232, 231, 232, 232, 232, 233, 234, 235, 234,
    232, 233, 231, 234, 234, 234, 235 ]
RHandPositionsX: [ 137, 124, 114, 109, 110, 111, 106, 103, 107, 109, 114,
    115, 116, 114, 108, 111, 115, 109, 106, 109, 116, 115, 116, 113, 112,
    105, 111, 109, 109, 107, 116, 115, 117, 116, 115, 109, 107, 110, 113,
    115, 110, 113, 117, 114, 119, 121, 122, 125, 122, 121, 116, 121, 123,
    127, 123, 126, 126, 129, 120, 122, 120, 125, 130, 134, 138, 141, 137,
    139, 141, 140, 146, 149, 149, 153, 158, 154, 159, 158, 160, 162, 157,
    158, 158, 158, 160, 161, 161, 161 ]
RHandPositionsY: [ 190, 174, 154, 146, 143, 139, 133, 126, 120, 114, 109,
    108, 101, 101, 99, 98, 97, 95, 91, 93, 92, 93, 91, 95, 92, 92, 95,
    94, 95, 94, 99, 103, 104, 103, 103, 101, 103, 103, 105, 102, 105,
    105, 112, 109, 111, 108, 102, 104, 104, 102, 107, 109, 109, 113, 116,
    112, 111, 113, 111, 113, 114, 119, 127, 134, 149, 163, 174, 180, 193,
    200, 208, 221, 230, 238, 240, 240, 248, 247, 249, 248, 249, 248, 246,
    248, 246, 249, 246, 246 ]
