%YAML:1.0
---
videoName: "RHShake14.mp4"
gestureLabel: 2
fps: 30
pixelSizeInCmTemp: 3.2808219178082193e-01
faceCenterPointX: 277
faceCenterPointY: 42
LHandPositionsX: [ 378, 375, 375, 377, 376, 378, 377, 377, 379, 376, 376,
    374, 374, 374, 376, 373, 373, 374, 374, 372, 374, 375, 376, 373, 376,
    372, 374, 375, 374, 374, 374, 372, 372, 375, 373, 374, 376, 375, 372,
    375, 374, 373, 373, 374, 374, 372, 373, 372, 374, 373, 372, 376, 372,
    375, 375, 373, 374, 374, 376, 376, 375, 373, 372, 374, 375, 373, 375,
    372, 373, 374, 373, 376, 375, 372, 373, 375, 375, 372, 372, 373, 376,
    373, 373, 375, 375, 374, 374, 373, 373, 373, 376 ]
LHandPositionsY: [ 232, 233, 230, 230, 233, 229, 229, 231, 231, 229, 229,
    232, 229, 232, 233, 233, 230, 233, 230, 233, 233, 233, 233, 230, 233,
    232, 231, 229, 233, 229, 229, 232, 229, 229, 229, 233, 231, 232, 231,
    232, 231, 231, 229, 231, 229, 233, 233, 229, 233, 233, 230, 231, 232,
    232, 233, 229, 231, 231, 233, 230, 232, 233, 233, 232, 232, 229, 230,
    233, 232, 233, 229, 232, 232, 230, 231, 232, 231, 230, 229, 230, 232,
    229, 231, 232, 232, 231, 231, 233, 232, 229, 230 ]
RHandPositionsX: [ 172, 171, 174, 173, 171, 173, 171, 171, 173, 172, 170,
    170, 170, 173, 174, 172, 171, 173, 171, 174, 171, 174, 171, 171, 172,
    171, 171, 168, 159, 149, 137, 129, 124, 116, 119, 124, 128, 129, 133,
    141, 141, 146, 146, 144, 145, 145, 149, 154, 156, 163, 156, 159, 151,
    150, 157, 156, 162, 168, 169, 164, 160, 153, 159, 157, 157, 164, 165,
    172, 172, 178, 180, 178, 177, 181, 171, 172, 177, 177, 174, 171, 171,
    172, 170, 171, 170, 171, 174, 174, 173, 174, 170 ]
RHandPositionsY: [ 240, 240, 243, 239, 241, 239, 241, 240, 243, 240, 239,
    243, 243, 241, 242, 242, 240, 241, 242, 242, 243, 243, 243, 241, 239,
    244, 245, 233, 213, 194, 175, 152, 137, 117, 114, 108, 102, 112, 113,
    116, 119, 104, 98, 92, 90, 88, 86, 85, 85, 83, 79, 77, 77, 78, 76,
    76, 79, 81, 79, 77, 76, 76, 74, 79, 81, 80, 84, 105, 118, 131, 148,
    158, 171, 180, 194, 194, 199, 204, 210, 215, 215, 221, 224, 229, 236,
    232, 234, 236, 236, 235, 237 ]
