%YAML:1.0
---
videoName: "RHShake18.mp4"
gestureLabel: 2
fps: 30
pixelSizeInCmTemp: 3.3732394366197183e-01
faceCenterPointX: 275
faceCenterPointY: 40
LHandPositionsX: [ 378, 378, 375, 378, 379, 377, 378, 379, 377, 378, 379,
    377, 379, 378, 377, 379, 377, 378, 377, 375, 376, 375, 378, 375, 375,
    376, 375, 377, 377, 377, 379, 375, 379, 377, 375, 376, 377, 377, 378,
    377, 377, 376, 375, 378, 377, 376, 375, 375, 372, 373, 372, 370, 367,
    356, 350, 347, 338, 334, 323, 316, 304, 298, 300, 298, 296, 289, 290,
    291, 292, 295, 292, 293, 290, 289, 289, 289, 288, 288, 289, 289, 287,
    289, 289, 289, 289, 287, 286, 285, 286, 287, 285 ]
LHandPositionsY: [ 230, 229, 233, 231, 231, 232, 229, 232, 232, 232, 231,
    230, 232, 229, 230, 229, 229, 232, 232, 231, 230, 232, 233, 229, 233,
    232, 233, 233, 230, 230, 232, 229, 230, 230, 229, 232, 229, 230, 233,
    229, 229, 232, 231, 231, 230, 232, 230, 233, 230, 231, 235, 236, 237,
    236, 235, 238, 234, 233, 231, 230, 231, 232, 234, 233, 233, 234, 234,
    236, 236, 242, 242, 241, 243, 240, 242, 240, 243, 240, 239, 240, 243,
    241, 240, 240, 240, 239, 241, 241, 239, 241, 239 ]
RHandPositionsX: [ 159, 156, 154, 147, 149, 147, 153, 158, 163, 165, 166,
    163, 155, 154, 149, 147, 156, 165, 170, 167, 169, 163, 159, 158, 158,
    156, 159, 165, 165, 167, 164, 158, 160, 155, 158, 161, 173, 174, 173,
    171, 165, 161, 158, 155, 160, 165, 174, 182, 190, 197, 207, 221, 234,
    244, 253, 263, 268, 256, 252, 246, 244, 240, 238, 238, 238, 235, 233,
    234, 233, 234, 242, 237, 237, 239, 236, 240, 240, 238, 238, 238, 240,
    238, 237, 238, 237, 237, 237, 237, 237, 238, 240 ]
RHandPositionsY: [ 75, 73, 69, 68, 66, 65, 65, 67, 73, 74, 71, 70, 67,
    70, 66, 68, 69, 69, 71, 73, 72, 71, 67, 68, 67, 70, 70, 75, 76, 74,
    76, 73, 75, 71, 75, 79, 91, 91, 91, 88, 87, 85, 87, 86, 83, 89, 96,
    104, 112, 125, 135, 144, 155, 163, 174, 184, 188, 192, 198, 200, 202,
    208, 210, 211, 213, 213, 217, 222, 223, 227, 230, 228, 225, 226, 228,
    224, 226, 226, 226, 225, 227, 227, 226, 224, 228, 225, 225, 224, 225,
    224, 227 ]
