%YAML:1.0
---
videoName: "RHShake15.mp4"
gestureLabel: 2
fps: 29
pixelSizeInCmTemp: 3.2808219178082193e-01
faceCenterPointX: 279
faceCenterPointY: 41
LHandPositionsX: [ 371, 368, 368, 372, 368, 371, 371, 368, 368, 369, 368,
    371, 372, 369, 371, 370, 369, 370, 369, 372, 370, 370, 368, 370, 369,
    370, 371, 368, 369, 371, 369, 369, 368, 369, 371, 371, 369, 368, 370,
    368, 370, 370, 369, 368, 369, 370, 368, 372, 370, 371, 372, 372, 369,
    368, 371, 371, 370, 370, 369, 369, 370, 369, 371, 371, 372, 370, 369,
    370, 371, 370, 369, 372, 371, 368, 369, 372, 372, 372, 369, 371, 368,
    372, 370, 372, 369, 368, 370, 368 ]
LHandPositionsY: [ 233, 232, 233, 235, 232, 236, 236, 232, 235, 236, 233,
    234, 232, 236, 233, 235, 232, 233, 234, 236, 233, 232, 236, 236, 236,
    234, 235, 232, 232, 234, 232, 233, 235, 233, 232, 236, 236, 233, 232,
    232, 233, 234, 236, 231, 235, 234, 231, 234, 231, 233, 235, 231, 234,
    233, 233, 234, 234, 232, 235, 234, 232, 235, 235, 232, 233, 231, 234,
    232, 235, 232, 231, 232, 231, 234, 235, 232, 231, 231, 233, 231, 235,
    232, 232, 231, 231, 231, 231, 234 ]
RHandPositionsX: [ 136, 126, 114, 110, 113, 109, 110, 104, 109, 110, 114,
    118, 115, 114, 111, 114, 111, 109, 106, 109, 115, 115, 116, 111, 111,
    105, 112, 107, 108, 108, 113, 118, 114, 117, 111, 110, 107, 110, 110,
    113, 109, 113, 117, 118, 122, 121, 122, 122, 122, 118, 120, 124, 123,
    127, 122, 128, 126, 127, 123, 121, 120, 123, 129, 135, 141, 144, 137,
    139, 137, 141, 144, 149, 151, 154, 157, 154, 159, 157, 160, 160, 157,
    158, 158, 160, 157, 159, 157, 160 ]
RHandPositionsY: [ 192, 170, 156, 144, 144, 140, 133, 128, 119, 117, 109,
    106, 101, 97, 98, 98, 95, 95, 93, 91, 92, 90, 94, 92, 94, 95, 95, 96,
    94, 95, 98, 104, 103, 103, 104, 102, 103, 104, 105, 102, 103, 108,
    110, 109, 109, 104, 106, 104, 107, 103, 105, 106, 111, 115, 118, 114,
    109, 112, 112, 111, 112, 117, 124, 138, 152, 166, 170, 179, 193, 199,
    211, 220, 229, 235, 238, 237, 244, 248, 249, 249, 245, 247, 246, 247,
    249, 248, 247, 245 ]
