%YAML:1.0
---
videoName: "RHShake17.mp4"
gestureLabel: 2
fps: 29
pixelSizeInCmTemp: 3.3732394366197183e-01
faceCenterPointX: 282
faceCenterPointY: 40
LHandPositionsX: [ 307, 308, 308, 308, 305, 308, 308, 306, 305, 309, 307,
    309, 306, 307, 308, 306, 308, 305, 308, 307, 308, 309, 309, 308, 306,
    306, 306, 305, 306, 307, 306, 307, 309, 305, 309, 309, 306, 308, 309,
    309, 309, 307, 306, 306, 308, 306, 306, 306, 307, 308, 309, 310, 311,
    310, 309, 310, 307, 310, 311, 308, 311, 309, 309, 310, 307, 307, 311,
    309, 308, 308, 307, 308, 309, 310, 308, 306, 309, 308, 308, 306, 306,
    308, 305, 308, 308, 305, 306, 308 ]
LHandPositionsY: [ 233, 233, 232, 233, 232, 232, 233, 232, 234, 235, 235,
    234, 234, 235, 233, 232, 235, 233, 235, 235, 234, 231, 232, 231, 233,
    235, 233, 232, 232, 232, 235, 235, 234, 233, 234, 235, 234, 235, 234,
    231, 235, 231, 233, 233, 235, 235, 235, 232, 234, 232, 235, 235, 231,
    231, 235, 234, 231, 234, 231, 233, 233, 233, 232, 232, 234, 233, 231,
    233, 232, 232, 234, 234, 233, 234, 234, 234, 231, 233, 233, 231, 233,
    234, 232, 233, 233, 235, 231, 232 ]
RHandPositionsX: [ 211, 194, 178, 161, 142, 143, 143, 146, 145, 141, 145,
    152, 154, 155, 146, 144, 144, 144, 144, 147, 165, 159, 158, 151, 150,
    149, 149, 143, 146, 151, 156, 158, 160, 156, 149, 147, 144, 142, 139,
    154, 152, 153, 156, 162, 156, 153, 151, 154, 157, 156, 169, 169, 168,
    163, 159, 159, 148, 153, 148, 149, 152, 164, 170, 174, 175, 179, 177,
    176, 174, 169, 177, 173, 170, 167, 171, 166, 171, 170, 172, 171, 167,
    171, 169, 169, 167, 170, 166, 168 ]
RHandPositionsY: [ 201, 184, 170, 151, 127, 112, 106, 101, 98, 90, 98,
    90, 82, 77, 77, 73, 71, 67, 67, 74, 76, 77, 71, 72, 71, 68, 66, 67,
    65, 69, 67, 70, 67, 68, 68, 63, 63, 64, 68, 83, 81, 80, 78, 79, 77,
    74, 73, 75, 73, 77, 89, 88, 83, 84, 79, 76, 81, 78, 80, 85, 90, 108,
    121, 132, 146, 157, 169, 180, 189, 198, 206, 216, 223, 231, 235, 234,
    239, 240, 238, 238, 241, 241, 240, 241, 240, 245, 245, 244 ]
