%YAML:1.0
---
videoName: "RHShake07.mp4"
gestureLabel: 2
fps: 29
pixelSizeInCmTemp: 3.2364864864864862e-01
faceCenterPointX: 292
faceCenterPointY: 44
LHandPositionsX: [ 308, 309, 309, 309, 310, 306, 307, 306, 309, 307, 311,
    312, 310, 309, 313, 311, 310, 312, 313, 314, 314, 313, 313, 314, 314,
    314, 312, 314, 314, 310, 310, 310, 313, 312, 315, 315, 316, 316, 314,
    314, 312, 313, 312, 315, 312, 313, 314, 314, 313, 315, 314, 315, 314,
    314, 314, 315, 316, 316, 314, 315, 316, 314, 313, 315, 316, 314, 314,
    313, 316, 312, 314, 316, 317, 317, 317, 313, 316, 315, 313, 312, 310,
    310, 310, 309, 312, 312, 310, 309 ]
LHandPositionsY: [ 267, 271, 272, 268, 269, 269, 269, 268, 274, 271, 271,
    269, 272, 269, 271, 270, 269, 269, 268, 269, 270, 269, 269, 271, 270,
    270, 268, 270, 269, 267, 271, 268, 271, 268, 269, 270, 271, 270, 267,
    268, 271, 268, 267, 271, 271, 270, 271, 267, 270, 271, 271, 271, 269,
    269, 267, 267, 271, 268, 268, 268, 270, 271, 271, 268, 271, 269, 269,
    267, 270, 267, 269, 269, 269, 269, 270, 268, 269, 268, 271, 269, 272,
    274, 270, 273, 272, 271, 274, 272 ]
RHandPositionsX: [ 266, 265, 268, 267, 266, 265, 267, 268, 265, 269, 268,
    265, 255, 234, 214, 198, 178, 160, 153, 153, 160, 152, 156, 162, 161,
    178, 190, 182, 178, 172, 165, 166, 181, 183, 186, 185, 180, 174, 171,
    169, 175, 173, 183, 186, 184, 182, 177, 173, 168, 163, 166, 183, 184,
    200, 194, 188, 185, 178, 171, 171, 165, 165, 169, 172, 172, 182, 180,
    173, 172, 170, 157, 166, 179, 196, 216, 232, 244, 260, 271, 277, 269,
    273, 270, 265, 264, 265, 267, 264 ]
RHandPositionsY: [ 255, 253, 252, 252, 255, 253, 254, 254, 255, 254, 250,
    242, 231, 218, 202, 185, 169, 153, 135, 132, 127, 111, 122, 127, 126,
    117, 105, 100, 91, 94, 87, 89, 110, 106, 102, 98, 97, 93, 92, 90, 90,
    92, 96, 97, 95, 94, 95, 92, 89, 85, 86, 91, 95, 102, 98, 96, 96, 94,
    91, 89, 88, 90, 92, 92, 92, 95, 86, 86, 87, 87, 92, 119, 138, 148,
    166, 187, 207, 225, 236, 245, 243, 249, 253, 253, 253, 253, 253, 255 ]
