%YAML:1.0
---
videoName: "RHShake19.mp4"
gestureLabel: 2
fps: 29
pixelSizeInCmTemp: 3.2808219178082193e-01
faceCenterPointX: 283
faceCenterPointY: 48
LHandPositionsX: [ 390, 388, 388, 391, 388, 389, 392, 389, 389, 392, 388,
    392, 390, 390, 390, 390, 392, 391, 392, 388, 390, 388, 390, 388, 391,
    389, 390, 390, 389, 389, 392, 390, 389, 390, 391, 388, 392, 389, 391,
    391, 392, 388, 389, 389, 391, 391, 388, 390, 389, 389, 391, 390, 392,
    388, 388, 389, 389, 391, 389, 390, 388, 388, 390, 390, 389, 391, 388,
    388, 389, 389, 391, 388, 392, 390, 390, 388, 392, 390, 391, 392, 388,
    392, 390, 392, 391, 390, 390, 391 ]
LHandPositionsY: [ 243, 240, 241, 243, 244, 244, 241, 241, 241, 241, 243,
    241, 240, 242, 241, 240, 240, 241, 242, 241, 244, 243, 243, 240, 244,
    242, 240, 241, 240, 241, 244, 243, 243, 241, 242, 242, 242, 241, 243,
    242, 243, 240, 244, 240, 244, 240, 244, 244, 242, 244, 242, 240, 241,
    243, 244, 243, 243, 244, 243, 244, 243, 240, 242, 244, 242, 244, 242,
    243, 241, 242, 244, 244, 244, 240, 241, 241, 240, 241, 242, 240, 240,
    242, 240, 243, 242, 244, 241, 241 ]
RHandPositionsX: [ 155, 171, 182, 181, 185, 187, 178, 173, 166, 160, 161,
    163, 164, 177, 183, 185, 187, 179, 173, 168, 162, 160, 159, 166, 171,
    177, 175, 175, 170, 165, 161, 158, 160, 162, 167, 179, 178, 178, 179,
    171, 169, 165, 163, 159, 163, 168, 176, 179, 178, 186, 176, 176, 169,
    167, 166, 168, 169, 177, 182, 180, 182, 178, 174, 170, 167, 168, 169,
    174, 180, 182, 188, 188, 191, 189, 187, 187, 182, 183, 180, 180, 182,
    179, 179, 178, 179, 181, 179, 182 ]
RHandPositionsY: [ 89, 94, 97, 97, 94, 88, 83, 79, 76, 76, 75, 74, 78,
    82, 91, 92, 88, 86, 81, 76, 78, 77, 77, 73, 84, 89, 92, 91, 88, 86,
    85, 85, 79, 83, 86, 91, 96, 98, 95, 93, 89, 88, 88, 84, 85, 86, 93,
    99, 102, 101, 99, 93, 94, 94, 95, 97, 101, 104, 106, 111, 107, 101,
    103, 100, 102, 97, 110, 126, 136, 151, 164, 175, 186, 193, 198, 211,
    221, 223, 231, 237, 234, 238, 241, 242, 244, 243, 241, 239 ]
