%YAML:1.0
---
videoName: "RHShake08.mp4"
gestureLabel: 2
fps: 29
pixelSizeInCmTemp: 3.2808219178082193e-01
faceCenterPointX: 290
faceCenterPointY: 45
LHandPositionsX: [ 317, 315, 317, 315, 314, 314, 315, 312, 314, 313, 310,
    313, 311, 311, 311, 308, 311, 310, 306, 309, 306, 310, 307, 308, 308,
    307, 310, 308, 308, 308, 309, 308, 309, 310, 309, 309, 310, 309, 310,
    306, 309, 309, 308, 309, 306, 306, 308, 307, 306, 305, 306, 306, 307,
    305, 308, 308, 308, 305, 305, 308, 305, 305, 306, 307, 306, 309, 308,
    305, 307, 309, 308, 307, 305, 307, 306, 306, 306, 309, 306, 306, 306,
    307, 309, 307, 311, 309, 306, 307 ]
LHandPositionsY: [ 281, 278, 281, 282, 282, 281, 280, 282, 282, 283, 285,
    282, 281, 282, 285, 281, 285, 282, 284, 283, 284, 285, 285, 282, 281,
    282, 282, 282, 281, 285, 282, 283, 283, 281, 284, 284, 281, 282, 281,
    282, 283, 283, 282, 282, 280, 284, 281, 282, 281, 282, 284, 282, 280,
    282, 280, 283, 282, 280, 281, 280, 284, 281, 282, 282, 282, 282, 282,
    281, 282, 282, 281, 281, 283, 283, 283, 283, 284, 280, 283, 283, 281,
    283, 282, 280, 284, 284, 281, 281 ]
RHandPositionsX: [ 268, 268, 272, 272, 270, 272, 271, 278, 268, 257, 261,
    255, 250, 234, 222, 203, 187, 165, 156, 158, 167, 175, 201, 200, 206,
    198, 195, 189, 183, 177, 188, 189, 206, 201, 195, 192, 188, 182, 177,
    177, 193, 192, 189, 186, 181, 180, 172, 173, 174, 184, 185, 190, 191,
    188, 191, 192, 186, 200, 204, 217, 210, 204, 204, 200, 196, 197, 203,
    204, 217, 211, 212, 217, 225, 228, 238, 250, 249, 265, 260, 264, 266,
    267, 271, 273, 276, 276, 274, 270 ]
RHandPositionsY: [ 268, 266, 268, 269, 268, 268, 266, 270, 268, 264, 256,
    245, 233, 219, 201, 182, 171, 152, 133, 126, 116, 107, 104, 108, 110,
    103, 101, 95, 92, 90, 88, 94, 97, 95, 94, 88, 90, 89, 87, 90, 93, 95,
    94, 93, 90, 87, 85, 87, 89, 96, 96, 95, 101, 98, 91, 92, 89, 93, 98,
    95, 99, 98, 94, 92, 94, 93, 95, 102, 105, 106, 110, 123, 129, 145,
    159, 178, 192, 214, 230, 245, 258, 261, 259, 260, 264, 265, 264, 266 ]
