%YAML:1.0
---
videoName: "RHShake11.mp4"
gestureLabel: 2
fps: 29
pixelSizeInCmTemp: 3.3263888888888887e-01
faceCenterPointX: 274
faceCenterPointY: 53
LHandPositionsX: [ 309, 308, 308, 307, 310, 307, 311, 311, 309, 311, 307,
    308, 311, 308, 311, 309, 310, 310, 311, 308, 311, 310, 310, 307, 311,
    309, 307, 307, 309, 308, 311, 310, 309, 309, 310, 309, 311, 309, 307,
    310, 308, 311, 308, 309, 311, 310, 309, 307, 309, 310, 311, 307, 307,
    310, 308, 308, 308, 308, 308, 310, 308, 307, 308, 311, 308, 310, 311,
    311, 309, 308, 310, 309, 311, 311, 309, 308, 309, 308, 308, 307, 304,
    303, 303, 304, 306, 304, 304, 306 ]
LHandPositionsY: [ 245, 248, 247, 248, 247, 248, 245, 249, 247, 248, 245,
    249, 246, 247, 245, 248, 248, 247, 247, 249, 249, 245, 245, 245, 247,
    246, 248, 249, 246, 245, 249, 249, 245, 249, 247, 248, 249, 248, 248,
    246, 245, 249, 247, 245, 246, 248, 245, 245, 249, 246, 249, 246, 247,
    248, 247, 245, 249, 245, 245, 247, 248, 249, 248, 249, 247, 248, 246,
    246, 246, 244, 247, 246, 247, 245, 246, 244, 245, 245, 244, 244, 247,
    246, 243, 243, 245, 247, 246, 244 ]
RHandPositionsX: [ 251, 251, 249, 244, 235, 227, 209, 192, 172, 160, 146,
    140, 148, 143, 151, 156, 161, 163, 172, 171, 170, 162, 158, 153, 153,
    153, 159, 166, 166, 169, 170, 170, 164, 158, 156, 156, 152, 154, 158,
    168, 168, 166, 171, 167, 164, 159, 159, 156, 155, 157, 163, 171, 176,
    177, 176, 177, 173, 169, 166, 167, 160, 157, 163, 165, 171, 179, 194,
    207, 221, 230, 239, 250, 253, 261, 260, 262, 260, 261, 261, 262, 261,
    260, 259, 259, 261, 262, 261, 260 ]
RHandPositionsY: [ 249, 249, 249, 239, 232, 218, 205, 190, 175, 160, 144,
    125, 124, 113, 102, 105, 106, 105, 101, 99, 100, 99, 99, 98, 95, 93,
    96, 99, 103, 98, 99, 98, 97, 94, 93, 94, 95, 95, 100, 105, 105, 103,
    105, 104, 104, 102, 100, 101, 96, 96, 104, 107, 106, 105, 108, 106,
    104, 101, 99, 102, 102, 102, 103, 108, 120, 131, 141, 158, 171, 188,
    202, 214, 222, 230, 238, 238, 238, 236, 242, 239, 240, 239, 242, 242,
    238, 242, 241, 242 ]
