%YAML:1.0
---
videoName: "RHShake06.mp4"
gestureLabel: 2
fps: 30
pixelSizeInCmTemp: 3.2808219178082193e-01
faceCenterPointX: 293
faceCenterPointY: 43
LHandPositionsX: [ 306, 307, 310, 310, 306, 308, 307, 309, 307, 307, 308,
    307, 309, 306, 310, 309, 309, 311, 316, 319, 320, 320, 320, 322, 321,
    322, 320, 322, 322, 323, 320, 323, 323, 322, 323, 325, 325, 323, 324,
    326, 326, 326, 323, 322, 324, 326, 323, 323, 323, 325, 322, 324, 326,
    326, 325, 323, 322, 325, 326, 325, 322, 325, 325, 325, 322, 324, 325,
    323, 326, 322, 322, 322, 323, 322, 325, 323, 323, 323, 322, 325, 323,
    326, 326, 318, 318, 314, 310, 310, 313, 309, 311 ]
LHandPositionsY: [ 268, 267, 268, 267, 266, 270, 270, 267, 269, 266, 267,
    270, 267, 266, 268, 268, 267, 271, 266, 262, 264, 264, 260, 260, 262,
    260, 263, 260, 259, 258, 258, 258, 259, 259, 260, 262, 260, 261, 261,
    261, 260, 260, 261, 262, 260, 260, 261, 258, 261, 259, 260, 262, 260,
    259, 260, 258, 258, 259, 258, 260, 260, 259, 258, 259, 261, 260, 259,
    262, 258, 260, 262, 260, 258, 259, 261, 259, 258, 262, 259, 258, 259,
    258, 260, 261, 262, 262, 267, 264, 265, 264, 266 ]
RHandPositionsX: [ 287, 286, 286, 285, 284, 285, 286, 288, 284, 284, 286,
    287, 285, 288, 288, 285, 285, 284, 280, 262, 244, 226, 201, 177, 162,
    145, 137, 132, 138, 137, 143, 145, 163, 166, 163, 163, 164, 159, 160,
    156, 159, 172, 181, 190, 189, 184, 181, 174, 169, 172, 166, 167, 173,
    181, 185, 183, 182, 189, 180, 173, 170, 164, 165, 178, 182, 179, 175,
    170, 163, 160, 166, 168, 170, 183, 193, 191, 211, 221, 234, 243, 248,
    255, 251, 247, 246, 255, 255, 254, 255, 251, 253 ]
RHandPositionsY: [ 268, 270, 270, 269, 268, 269, 269, 267, 268, 267, 270,
    268, 268, 270, 267, 267, 268, 268, 264, 258, 250, 234, 218, 199, 178,
    160, 139, 125, 114, 106, 112, 117, 128, 116, 110, 102, 97, 89, 89,
    90, 92, 92, 97, 101, 96, 94, 95, 90, 90, 89, 88, 87, 93, 101, 99, 99,
    98, 101, 97, 94, 90, 87, 91, 103, 101, 101, 102, 101, 104, 105, 118,
    127, 148, 160, 175, 179, 194, 205, 215, 223, 232, 239, 235, 240, 239,
    240, 241, 241, 243, 243, 243 ]
