%YAML:1.0
---
videoName: "RHShake13.mp4"
gestureLabel: 2
fps: 30
pixelSizeInCmTemp: 3.2808219178082193e-01
faceCenterPointX: 278
faceCenterPointY: 45
LHandPositionsX: [ 306, 308, 308, 307, 306, 305, 305, 307, 308, 308, 306,
    305, 306, 308, 309, 308, 307, 307, 305, 309, 308, 308, 308, 308, 306,
    305, 306, 307, 309, 308, 306, 308, 305, 308, 305, 308, 305, 307, 308,
    307, 309, 309, 306, 307, 309, 306, 306, 309, 308, 305, 305, 305, 305,
    307, 307, 308, 308, 306, 305, 305, 307, 308, 308, 308, 307, 307, 309,
    307, 305, 306, 309, 309, 308, 310, 310, 307, 307, 307, 307, 308, 300,
    301, 306, 307, 304, 304, 305, 307, 303, 306, 303 ]
LHandPositionsY: [ 245, 243, 243, 241, 243, 242, 242, 244, 243, 244, 244,
    241, 245, 243, 243, 241, 243, 240, 240, 241, 241, 240, 240, 242, 239,
    241, 243, 241, 242, 239, 241, 241, 240, 241, 242, 239, 243, 240, 242,
    239, 239, 242, 238, 240, 239, 238, 241, 240, 241, 242, 240, 238, 240,
    238, 238, 239, 240, 238, 241, 242, 239, 238, 240, 238, 238, 240, 240,
    241, 240, 239, 241, 241, 239, 237, 239, 234, 235, 235, 233, 234, 235,
    234, 234, 237, 240, 240, 241, 244, 245, 243, 247 ]
RHandPositionsX: [ 168, 149, 138, 139, 142, 142, 143, 143, 145, 149, 149,
    144, 139, 136, 137, 140, 140, 140, 144, 144, 135, 131, 131, 128, 132,
    131, 135, 136, 137, 138, 137, 131, 127, 130, 131, 134, 136, 135, 135,
    139, 134, 136, 134, 132, 138, 147, 150, 151, 148, 147, 142, 137, 138,
    137, 137, 142, 142, 141, 141, 135, 132, 130, 131, 132, 135, 143, 142,
    145, 156, 159, 170, 180, 191, 198, 212, 226, 238, 245, 255, 252, 253,
    255, 255, 257, 260, 258, 258, 259, 261, 259, 257 ]
RHandPositionsY: [ 154, 138, 119, 119, 115, 107, 103, 104, 99, 93, 93,
    92, 89, 88, 87, 86, 87, 90, 88, 89, 88, 88, 88, 85, 88, 85, 88, 89,
    88, 91, 91, 91, 87, 87, 90, 88, 91, 91, 91, 90, 90, 90, 87, 87, 90,
    93, 94, 97, 95, 92, 91, 94, 93, 96, 95, 101, 97, 101, 100, 100, 98,
    98, 94, 95, 102, 106, 109, 108, 120, 129, 138, 146, 156, 165, 175,
    186, 198, 206, 216, 213, 216, 220, 226, 236, 234, 238, 239, 241, 237,
    238, 243 ]
