%YAML:1.0
---
videoName: "RHShake15.mp4"
gestureLabel: 2
fps: 29
pixelSizeInCmTemp: 3.2808219178082193e-01
faceCenterPointX: 279
faceCenterPointY: 41
LHandPositionsX: [ 370, 368, 371, 370, 372, 370, 370, 368, 371, 371, 371,
    368, 372, 369, 370, 372, 372, 368, 372, 371, 371, 371, 372, 372, 368,
    371, 370, 368, 368, 369, 371, 369, 370, 371, 369, 369, 372, 370, 372,
    370, 370, 369, 371, 371, 370, 368, 369, 371, 370, 369, 370, 371, 371,
    368, 371, 368, 371, 369, 372, 370, 368, 370, 371, 371, 370, 371, 372,
    368, 371, 368, 370, 369, 369, 368, 372, 370, 372, 369, 370, 370, 371,
    371, 370, 372, 372, 371, 370, 369 ]
LHandPositionsY: [ 233, 235, 236, 234, 236, 232, 235, 235, 234, 233, 234,
    236, 235, 232, 236, 235, 234, 234, 233, 234, 236, 234, 235, 234, 234,
    234, 232, 233, 234, 235, 234, 235, 235, 235, 235, 233, 235, 232, 234,
    235, 233, 232, 236, 234, 234, 232, 235, 231, 231, 235, 233, 234, 235,
    234, 235, 231, 234, 232, 233, 231, 232, 234, 231, 233, 234, 234, 233,
    231, 235, 232, 234, 231, 234, 233, 234, 232, 234, 233, 233, 231, 232,
    233, 233, 233, 234, 231, 235, 231 ]
RHandPositionsX: [ 138, 125, 112, 108, 110, 112, 109, 103, 105, 109, 111,
    116, 113, 114, 109, 112, 111, 110, 108, 110, 112, 115, 114, 113, 110,
    107, 111, 111, 107, 108, 112, 117, 118, 117, 114, 112, 109, 113, 114,
    115, 109, 112, 115, 116, 121, 123, 120, 126, 120, 118, 116, 124, 126,
    129, 125, 124, 127, 125, 120, 120, 120, 125, 129, 134, 138, 142, 137,
    137, 137, 142, 146, 147, 151, 155, 156, 154, 159, 160, 159, 158, 159,
    158, 160, 161, 161, 161, 159, 157 ]
RHandPositionsY: [ 190, 172, 154, 143, 145, 141, 134, 129, 119, 117, 112,
    106, 101, 100, 97, 96, 97, 93, 92, 91, 94, 92, 92, 91, 91, 96, 93,
    94, 93, 94, 97, 105, 102, 101, 100, 103, 100, 104, 104, 105, 106,
    105, 108, 113, 109, 106, 102, 103, 105, 103, 103, 109, 111, 115, 115,
    116, 113, 112, 112, 111, 113, 120, 127, 135, 149, 162, 170, 179, 190,
    202, 211, 222, 229, 234, 241, 241, 245, 248, 245, 245, 247, 245, 248,
    249, 248, 247, 245, 249 ]
