%YAML:1.0
---
videoName: "RHShake24.mp4"
gestureLabel: 2
fps: 30
pixelSizeInCmTemp: 3.3732394366197183e-01
faceCenterPointX: 304
faceCenterPointY: 46
LHandPositionsX: [ 391, 393, 389, 392, 392, 391, 390, 390, 389, 391, 392,
    392, 389, 389, 391, 390, 393, 393, 390, 393, 392, 392, 389, 390, 392,
    393, 391, 390, 390, 392, 393, 389, 391, 390, 391, 391, 393, 393, 392,
    389, 390, 391, 391, 390, 392, 391, 389, 392, 391, 389, 390, 389, 392,
    392, 392, 390, 392, 391, 393, 389, 391, 393, 389, 392, 390, 393, 391,
    393, 389, 390, 392, 390, 390, 392, 393, 390, 391, 391, 390, 391, 391,
    391, 392, 390, 390, 392, 392, 391, 389, 393, 393 ]
LHandPositionsY: [ 227, 226, 229, 227, 227, 228, 228, 225, 226, 226, 225,
    228, 225, 228, 228, 228, 225, 229, 229, 229, 227, 228, 229, 228, 227,
    227, 225, 226, 228, 226, 226, 229, 228, 226, 229, 228, 228, 227, 229,
    228, 227, 228, 228, 227, 229, 227, 228, 229, 228, 227, 225, 227, 229,
    228, 225, 225, 225, 225, 227, 228, 229, 227, 229, 227, 227, 227, 228,
    227, 226, 225, 227, 229, 225, 226, 229, 225, 226, 229, 226, 226, 229,
    225, 225, 226, 226, 229, 227, 228, 229, 228, 227 ]
RHandPositionsX: [ 143, 145, 152, 148, 153, 154, 151, 147, 148, 141, 138,
    138, 143, 153, 162, 163, 163, 163, 158, 154, 149, 142, 142, 139, 141,
    148, 158, 160, 159, 158, 154, 154, 150, 145, 142, 142, 148, 152, 156,
    160, 158, 165, 158, 153, 148, 143, 142, 140, 145, 147, 162, 163, 164,
    169, 171, 166, 157, 149, 152, 146, 149, 149, 151, 164, 165, 170, 170,
    170, 173, 178, 182, 181, 187, 186, 188, 193, 194, 193, 194, 195, 192,
    196, 192, 196, 192, 196, 193, 192, 192, 193, 194 ]
RHandPositionsY: [ 95, 100, 99, 100, 101, 100, 94, 92, 86, 88, 84, 87,
    86, 99, 112, 111, 111, 115, 108, 100, 95, 98, 96, 94, 90, 100, 109,
    113, 110, 115, 106, 100, 97, 98, 96, 93, 91, 98, 100, 106, 107, 111,
    109, 105, 99, 101, 98, 97, 96, 109, 122, 120, 118, 123, 119, 104,
    100, 103, 103, 99, 96, 94, 104, 112, 113, 114, 118, 123, 133, 139,
    150, 150, 152, 160, 167, 172, 179, 187, 196, 203, 211, 211, 213, 216,
    216, 217, 220, 224, 226, 227, 226 ]
