%YAML:1.0
---
videoName: "RHShake16.mp4"
gestureLabel: 2
fps: 29
pixelSizeInCmTemp: 3.2808219178082193e-01
faceCenterPointX: 281
faceCenterPointY: 44
LHandPositionsX: [ 371, 370, 373, 371, 372, 370, 370, 373, 373, 371, 373,
    373, 370, 373, 369, 369, 371, 369, 372, 370, 369, 369, 371, 371, 370,
    372, 371, 369, 371, 370, 370, 372, 371, 373, 371, 373, 372, 373, 369,
    370, 369, 371, 371, 372, 370, 371, 372, 370, 372, 369, 370, 371, 369,
    369, 372, 371, 371, 372, 372, 369, 370, 373, 373, 369, 372, 372, 371,
    371, 370, 370, 369, 372, 371, 373, 373, 372, 373, 373, 371, 370, 370,
    371, 373, 371, 370, 370, 373, 372 ]
LHandPositionsY: [ 232, 230, 232, 232, 231, 231, 231, 230, 234, 230, 233,
    232, 231, 230, 233, 230, 231, 233, 232, 230, 230, 231, 231, 230, 230,
    234, 231, 232, 231, 232, 233, 234, 231, 233, 231, 234, 234, 234, 234,
    234, 232, 230, 232, 233, 233, 234, 230, 230, 230, 233, 231, 232, 231,
    233, 229, 230, 229, 233, 232, 231, 233, 231, 231, 231, 229, 232, 230,
    230, 231, 232, 231, 233, 230, 231, 231, 231, 233, 232, 230, 230, 232,
    229, 230, 230, 233, 231, 230, 230 ]
RHandPositionsX: [ 169, 169, 169, 167, 168, 170, 171, 171, 171, 168, 170,
    168, 169, 171, 167, 167, 169, 166, 162, 157, 155, 149, 138, 133, 127,
    122, 116, 122, 125, 123, 127, 132, 136, 140, 144, 142, 138, 135, 138,
    138, 141, 145, 148, 151, 148, 148, 149, 150, 146, 147, 148, 150, 154,
    148, 149, 144, 147, 145, 149, 150, 153, 158, 155, 152, 152, 154, 150,
    150, 154, 162, 166, 170, 173, 177, 177, 176, 178, 173, 174, 171, 170,
    171, 169, 171, 170, 170, 168, 168 ]
RHandPositionsY: [ 268, 268, 266, 267, 265, 269, 268, 268, 267, 269, 269,
    266, 267, 266, 267, 267, 264, 265, 256, 244, 219, 201, 179, 160, 146,
    128, 114, 117, 112, 104, 108, 101, 97, 95, 95, 94, 94, 92, 88, 89,
    87, 90, 89, 89, 90, 88, 87, 88, 88, 89, 90, 89, 87, 88, 86, 85, 86,
    89, 90, 88, 93, 87, 88, 88, 90, 86, 90, 95, 103, 120, 135, 146, 160,
    170, 184, 191, 197, 201, 212, 219, 222, 222, 222, 233, 239, 236, 235,
    238 ]
