%YAML:1.0
---
videoName: "RHShake13.mp4"
gestureLabel: 2
fps: 30
pixelSizeInCmTemp: 3.2808219178082193e-01
faceCenterPointX: 278
faceCenterPointY: 45
LHandPositionsX: [ 307, 308, 309, 306, 309, 305, 307, 305, 307, 307, 307,
    305, 305, 309, 308, 308, 309, 306, 309, 305, 306, 308, 307, 307, 305,
    305, 307, 306, 305, 308, 308, 307, 307, 305, 307, 305, 309, 307, 307,
    308, 306, 307, 306, 308, 309, 309, 308, 305, 306, 309, 305, 306, 307,
    307, 307, 309, 306, 309, 309, 306, 308, 309, 309, 309, 308, 307, 309,
    307, 305, 307, 309, 305, 308, 310, 310, 309, 309, 306, 308, 305, 302,
    304, 304, 307, 304, 303, 303, 304, 307, 304, 303 ]
LHandPositionsY: [ 244, 246, 242, 242, 244, 241, 244, 241, 244, 243, 245,
    245, 244, 243, 240, 241, 240, 239, 240, 241, 239, 241, 243, 240, 241,
    240, 241, 240, 242, 240, 240, 242, 243, 243, 240, 241, 242, 242, 240,
    241, 240, 240, 242, 240, 242, 238, 241, 238, 241, 241, 242, 239, 241,
    240, 240, 242, 239, 241, 239, 241, 241, 240, 240, 240, 240, 240, 240,
    239, 239, 238, 241, 241, 237, 237, 237, 235, 233, 232, 234, 232, 231,
    234, 236, 237, 238, 242, 241, 244, 244, 244, 247 ]
RHandPositionsX: [ 167, 152, 138, 138, 143, 142, 143, 141, 144, 149, 146,
    148, 140, 137, 134, 139, 141, 141, 145, 142, 139, 134, 129, 130, 131,
    132, 135, 140, 141, 138, 134, 133, 130, 132, 130, 133, 134, 135, 137,
    138, 132, 132, 135, 132, 139, 149, 149, 147, 145, 145, 145, 140, 137,
    138, 140, 140, 143, 140, 142, 137, 135, 132, 130, 134, 135, 142, 145,
    144, 156, 158, 170, 180, 190, 202, 212, 227, 238, 244, 251, 254, 250,
    251, 258, 258, 257, 261, 258, 257, 259, 259, 257 ]
RHandPositionsY: [ 158, 136, 122, 119, 115, 108, 104, 101, 98, 93, 93,
    91, 90, 87, 89, 88, 87, 91, 88, 88, 88, 87, 86, 85, 87, 85, 88, 91,
    90, 92, 92, 87, 90, 87, 92, 89, 92, 92, 93, 90, 88, 88, 90, 87, 89,
    93, 95, 97, 93, 93, 91, 92, 91, 93, 97, 98, 99, 100, 98, 101, 98, 98,
    97, 97, 98, 102, 110, 112, 118, 125, 134, 146, 157, 166, 176, 189,
    199, 208, 217, 214, 219, 218, 230, 235, 235, 239, 239, 237, 238, 242,
    243 ]
