%YAML:1.0
---
videoName: "RHShake23.mp4"
gestureLabel: 2
fps: 29
pixelSizeInCmTemp: 3.3263888888888887e-01
faceCenterPointX: 298
faceCenterPointY: 49
LHandPositionsX: [ 389, 390, 390, 388, 390, 390, 387, 391, 389, 390, 390,
    388, 388, 391, 390, 389, 389, 389, 388, 387, 389, 388, 390, 390, 387,
    391, 387, 389, 389, 388, 391, 391, 391, 389, 389, 390, 387, 390, 389,
    391, 388, 388, 387, 391, 391, 389, 391, 391, 389, 389, 390, 390, 387,
    391, 389, 391, 390, 391, 388, 388, 388, 391, 387, 391, 390, 391, 388,
    390, 389, 391, 391, 391, 387, 388, 389, 391, 389, 390, 387, 390, 388,
    391, 388, 389, 388, 391, 387, 389 ]
LHandPositionsY: [ 224, 226, 228, 226, 225, 225, 227, 227, 228, 224, 226,
    225, 226, 224, 228, 228, 227, 228, 227, 227, 224, 226, 228, 227, 226,
    227, 227, 224, 226, 228, 227, 224, 225, 225, 228, 226, 228, 227, 228,
    227, 228, 227, 226, 225, 227, 226, 228, 227, 225, 227, 225, 225, 225,
    228, 227, 228, 224, 225, 228, 225, 228, 226, 226, 228, 225, 227, 224,
    227, 227, 224, 224, 228, 228, 228, 226, 225, 226, 225, 228, 225, 226,
    227, 228, 227, 225, 224, 224, 224 ]
RHandPositionsX: [ 169, 169, 175, 189, 188, 188, 195, 189, 180, 177, 174,
    172, 175, 181, 189, 196, 196, 199, 196, 196, 184, 180, 175, 177, 173,
    170, 171, 176, 190, 203, 199, 198, 198, 193, 190, 185, 184, 182, 178,
    184, 187, 200, 200, 201, 205, 201, 198, 190, 184, 179, 178, 177, 182,
    187, 194, 202, 204, 209, 211, 209, 210, 210, 207, 208, 212, 207, 208,
    206, 207, 206, 207, 205, 204, 202, 201, 201, 200, 203, 201, 200, 199,
    199, 199, 200, 201, 201, 201, 200 ]
RHandPositionsY: [ 99, 96, 98, 114, 118, 112, 118, 112, 104, 103, 98,
    102, 98, 103, 113, 122, 125, 121, 126, 112, 100, 100, 99, 98, 99, 95,
    93, 99, 118, 123, 121, 124, 123, 110, 107, 105, 106, 101, 100, 103,
    116, 119, 120, 122, 127, 127, 125, 106, 109, 104, 103, 104, 99, 119,
    129, 134, 143, 151, 148, 153, 161, 168, 172, 182, 192, 203, 209, 214,
    212, 215, 218, 220, 222, 224, 225, 225, 225, 227, 228, 225, 226, 225,
    225, 225, 227, 225, 227, 228 ]
