%YAML:1.0
---
videoName: "RHShake06.mp4"
gestureLabel: 2
fps: 30
pixelSizeInCmTemp: 3.2808219178082193e-01
faceCenterPointX: 293
faceCenterPointY: 43
LHandPositionsX: [ 306, 309, 307, 310, 307, 306, 306, 310, 307, 307, 309,
    309, 306, 307, 309, 309, 312, 310, 315, 318, 317, 321, 319, 319, 323,
    319, 322, 322, 323, 320, 322, 321, 323, 323, 326, 322, 325, 324, 322,
    324, 326, 323, 324, 322, 326, 324, 326, 325, 326, 322, 325, 322, 323,
    324, 324, 324, 325, 326, 324, 324, 324, 326, 323, 326, 323, 322, 322,
    323, 325, 326, 325, 323, 325, 324, 326, 324, 323, 323, 326, 325, 326,
    324, 324, 320, 315, 313, 310, 309, 310, 313, 310 ]
LHandPositionsY: [ 269, 268, 270, 269, 269, 266, 269, 266, 267, 270, 266,
    270, 270, 266, 269, 270, 269, 268, 266, 266, 261, 262, 261, 262, 262,
    259, 260, 260, 260, 258, 262, 260, 260, 260, 259, 259, 261, 258, 259,
    260, 259, 262, 261, 262, 258, 260, 259, 262, 262, 259, 262, 261, 258,
    261, 261, 261, 260, 262, 259, 258, 259, 262, 260, 260, 261, 258, 262,
    262, 261, 261, 260, 259, 260, 261, 258, 261, 259, 261, 259, 258, 261,
    259, 261, 260, 264, 265, 265, 263, 265, 264, 266 ]
RHandPositionsX: [ 286, 289, 284, 286, 284, 284, 287, 284, 286, 286, 287,
    287, 285, 287, 286, 285, 285, 283, 278, 266, 245, 226, 203, 181, 161,
    147, 137, 132, 139, 139, 143, 146, 163, 164, 163, 160, 162, 163, 161,
    156, 160, 170, 184, 191, 189, 186, 179, 175, 167, 172, 168, 169, 173,
    180, 181, 185, 183, 190, 177, 172, 172, 163, 165, 178, 179, 176, 173,
    173, 162, 160, 165, 164, 170, 182, 193, 192, 211, 222, 230, 242, 246,
    251, 255, 246, 249, 256, 256, 250, 254, 254, 255 ]
RHandPositionsY: [ 266, 269, 270, 266, 270, 268, 268, 268, 266, 269, 266,
    268, 270, 266, 267, 266, 268, 271, 263, 262, 250, 234, 218, 198, 179,
    157, 138, 123, 114, 107, 114, 115, 127, 117, 109, 106, 97, 87, 91,
    89, 90, 93, 97, 101, 97, 94, 95, 92, 86, 90, 86, 90, 95, 98, 102, 98,
    96, 99, 97, 93, 90, 88, 91, 102, 99, 102, 102, 101, 104, 108, 114,
    128, 146, 162, 176, 182, 195, 205, 217, 226, 232, 235, 235, 238, 236,
    240, 243, 241, 243, 242, 243 ]
