%YAML:1.0
---
videoName: "RHShake21.mp4"
gestureLabel: 2
fps: 29
pixelSizeInCmTemp: 3.3732394366197183e-01
faceCenterPointX: 293
faceCenterPointY: 47
LHandPositionsX: [ 394, 394, 398, 396, 394, 395, 396, 395, 398, 394, 394,
    394, 398, 398, 396, 395, 394, 396, 396, 397, 394, 395, 397, 395, 397,
    397, 397, 397, 395, 395, 396, 394, 397, 395, 394, 396, 396, 394, 394,
    395, 396, 397, 394, 395, 398, 394, 394, 396, 396, 395, 397, 394, 396,
    396, 394, 398, 398, 396, 394, 395, 398, 395, 395, 397, 395, 397, 397,
    397, 396, 397, 397, 395, 396, 394, 394, 394, 394, 396, 398, 394, 397,
    395, 394, 395, 395, 394, 398, 396 ]
LHandPositionsY: [ 240, 239, 239, 238, 239, 241, 241, 241, 238, 242, 241,
    239, 241, 241, 238, 240, 239, 241, 238, 242, 238, 241, 241, 242, 238,
    238, 241, 238, 239, 242, 240, 242, 242, 242, 242, 240, 238, 240, 239,
    238, 238, 238, 241, 242, 239, 240, 241, 239, 240, 239, 239, 239, 239,
    238, 241, 238, 240, 240, 238, 240, 241, 238, 238, 242, 239, 240, 242,
    242, 242, 238, 240, 240, 242, 241, 238, 241, 241, 238, 238, 241, 240,
    239, 242, 239, 238, 240, 242, 241 ]
RHandPositionsX: [ 134, 140, 140, 145, 147, 147, 144, 141, 139, 134, 134,
    143, 145, 150, 151, 150, 149, 145, 137, 140, 135, 136, 138, 146, 149,
    148, 153, 149, 148, 146, 137, 136, 137, 137, 142, 148, 151, 154, 151,
    144, 142, 138, 138, 133, 135, 139, 145, 150, 151, 151, 149, 143, 136,
    135, 131, 137, 139, 148, 155, 161, 168, 179, 175, 179, 182, 185, 188,
    187, 186, 188, 192, 187, 187, 188, 188, 187, 187, 186, 186, 185, 189,
    187, 189, 188, 187, 188, 186, 187 ]
RHandPositionsY: [ 83, 89, 89, 87, 86, 86, 81, 79, 82, 81, 79, 87, 90,
    92, 93, 90, 92, 88, 86, 84, 86, 84, 82, 85, 89, 92, 91, 94, 89, 87,
    88, 86, 81, 83, 84, 90, 92, 92, 94, 88, 87, 87, 87, 84, 86, 92, 95,
    98, 96, 98, 95, 98, 95, 92, 93, 91, 96, 105, 114, 128, 137, 152, 154,
    153, 160, 167, 180, 189, 200, 207, 216, 215, 221, 225, 228, 224, 227,
    230, 232, 231, 230, 228, 231, 231, 229, 230, 229, 231 ]
