%YAML:1.0
---
videoName: "RHShake14.mp4"
gestureLabel: 2
fps: 30
pixelSizeInCmTemp: 3.2808219178082193e-01
faceCenterPointX: 277
faceCenterPointY: 42
LHandPositionsX: [ 378, 378, 377, 378, 378, 379, 376, 377, 378, 379, 377,
    378, 375, 378, 377, 374, 373, 377, 372, 376, 373, 372, 375, 374, 373,
    374, 376, 374, 372, 373, 374, 374, 376, 372, 376, 374, 372, 373, 375,
    372, 374, 375, 375, 375, 374, 374, 372, 374, 376, 372, 374, 376, 376,
    373, 373, 373, 376, 373, 373, 374, 373, 372, 373, 372, 374, 372, 374,
    373, 376, 376, 372, 374, 374, 376, 373, 376, 375, 375, 372, 375, 376,
    373, 374, 375, 374, 372, 374, 374, 376, 373, 373 ]
LHandPositionsY: [ 231, 231, 229, 230, 230, 229, 231, 231, 231, 230, 229,
    233, 230, 229, 230, 232, 229, 230, 229, 230, 232, 232, 233, 230, 233,
    232, 233, 229, 229, 229, 230, 233, 230, 230, 232, 233, 233, 232, 229,
    231, 232, 232, 232, 230, 229, 229, 233, 232, 229, 229, 231, 229, 233,
    233, 230, 232, 229, 229, 232, 232, 231, 232, 231, 232, 231, 232, 230,
    230, 231, 233, 233, 229, 230, 233, 231, 233, 232, 229, 229, 230, 230,
    233, 233, 232, 233, 233, 231, 230, 232, 230, 232 ]
RHandPositionsX: [ 170, 170, 170, 174, 171, 171, 174, 171, 171, 170, 174,
    174, 171, 170, 171, 171, 170, 171, 171, 170, 170, 170, 171, 174, 170,
    170, 169, 170, 159, 151, 135, 125, 121, 114, 115, 125, 125, 130, 133,
    137, 143, 146, 145, 144, 145, 148, 147, 153, 156, 162, 158, 155, 152,
    151, 156, 158, 160, 167, 167, 163, 156, 157, 157, 156, 156, 166, 162,
    173, 175, 178, 179, 180, 178, 177, 172, 172, 179, 177, 177, 174, 171,
    170, 173, 174, 171, 173, 174, 172, 172, 174, 172 ]
RHandPositionsY: [ 241, 242, 239, 243, 241, 239, 241, 240, 239, 241, 241,
    240, 241, 241, 242, 240, 241, 242, 243, 243, 242, 242, 241, 241, 240,
    242, 245, 233, 216, 197, 173, 153, 134, 118, 113, 109, 105, 109, 113,
    118, 116, 105, 95, 94, 90, 88, 87, 83, 85, 80, 82, 76, 78, 77, 74,
    74, 79, 81, 77, 76, 79, 75, 75, 75, 80, 83, 84, 105, 121, 134, 148,
    159, 170, 181, 195, 193, 198, 202, 214, 217, 217, 224, 221, 228, 234,
    235, 233, 235, 236, 235, 236 ]
