%YAML:1.0
---
videoName: "RHShake23.mp4"
gestureLabel: 2
fps: 29
pixelSizeInCmTemp: 3.3263888888888887e-01
faceCenterPointX: 298
faceCenterPointY: 49
LHandPositionsX: [ 387, 389, 387, 387, 391, 388, 389, 389, 391, 387, 389,
    389, 387, 387, 390, 387, 391, 390, 390, 389, 390, 388, 389, 388, 391,
    391, 387, 389, 389, 391, 387, 387, 387, 388, 391, 390, 391, 391, 389,
    390, 390, 391, 391, 388, 390, 387, 387, 387, 388, 390, 390, 389, 391,
    391, 390, 388, 391, 389, 388, 391, 389, 388, 388, 390, 390, 390, 391,
    387, 390, 390, 389, 391, 387, 387, 388, 388, 390, 388, 388, 388, 391,
    387, 391, 388, 391, 389, 391, 388 ]
LHandPositionsY: [ 225, 227, 228, 228, 226, 227, 228, 226, 225, 226, 226,
    227, 225, 225, 226, 226, 227, 224, 227, 227, 227, 226, 228, 224, 226,
    225, 227, 226, 225, 225, 226, 228, 224, 228, 228, 227, 225, 225, 225,
    226, 225, 224, 225, 228, 225, 226, 228, 224, 227, 227, 228, 225, 228,
    228, 224, 226, 225, 224, 224, 226, 225, 226, 228, 226, 226, 225, 228,
    224, 226, 228, 227, 227, 228, 227, 224, 227, 225, 228, 228, 224, 225,
    228, 228, 224, 224, 227, 225, 225 ]
RHandPositionsX: [ 171, 169, 174, 186, 189, 186, 194, 187, 183, 177, 176,
    176, 172, 180, 187, 199, 199, 197, 198, 196, 183, 181, 176, 176, 170,
    173, 174, 179, 194, 199, 199, 201, 202, 197, 191, 185, 185, 182, 178,
    180, 186, 199, 202, 204, 205, 204, 200, 188, 186, 179, 176, 175, 182,
    186, 195, 200, 205, 208, 209, 212, 209, 211, 208, 211, 210, 209, 209,
    206, 206, 207, 205, 206, 203, 201, 203, 204, 200, 203, 199, 200, 202,
    198, 201, 201, 200, 199, 197, 197 ]
RHandPositionsY: [ 98, 96, 97, 112, 116, 114, 119, 112, 101, 103, 100,
    98, 100, 101, 113, 125, 124, 123, 123, 111, 102, 103, 98, 101, 99,
    97, 94, 100, 118, 121, 120, 123, 123, 109, 104, 107, 106, 104, 100,
    103, 113, 121, 122, 123, 127, 126, 124, 108, 107, 104, 104, 100, 102,
    117, 128, 133, 140, 148, 149, 156, 160, 168, 173, 182, 192, 201, 210,
    215, 214, 217, 216, 218, 220, 222, 227, 227, 225, 228, 226, 227, 225,
    225, 225, 226, 224, 225, 225, 225 ]
