%YAML:1.0
---
videoName: "RHShake12.mp4"
gestureLabel: 2
fps: 29
pixelSizeInCmTemp: 3.3732394366197183e-01
faceCenterPointX: 299
faceCenterPointY: 45
LHandPositionsX: [ 408, 408, 405, 404, 406, 408, 407, 406, 406, 405, 408,
    406, 406, 406, 405, 406, 406, 408, 405, 408, 405, 404, 407, 407, 407,
    406, 404, 408, 405, 408, 408, 408, 407, 404, 404, 406, 407, 408, 405,
    407, 405, 407, 408, 406, 405, 408, 406, 405, 407, 405, 404, 408, 407,
    405, 407, 408, 408, 406, 408, 407, 407, 406, 406, 408, 404, 405, 407,
    408, 405, 408, 407, 406, 405, 406, 406, 407, 404, 405, 405, 406, 408,
    407, 406, 407, 407, 407, 406, 404 ]
LHandPositionsY: [ 239, 242, 239, 241, 240, 243, 241, 239, 240, 243, 243,
    241, 243, 240, 239, 241, 241, 242, 243, 243, 239, 242, 239, 240, 241,
    243, 243, 239, 240, 243, 242, 243, 241, 241, 242, 239, 241, 242, 241,
    240, 240, 242, 240, 243, 240, 240, 241, 241, 242, 239, 240, 241, 240,
    239, 241, 243, 239, 241, 242, 243, 239, 242, 243, 240, 239, 240, 239,
    240, 240, 239, 241, 243, 241, 242, 239, 243, 240, 243, 239, 241, 242,
    242, 241, 239, 243, 240, 240, 239 ]
RHandPositionsX: [ 171, 166, 163, 162, 164, 173, 182, 194, 194, 194, 191,
    184, 177, 172, 170, 166, 173, 177, 185, 186, 187, 184, 181, 175, 170,
    164, 168, 174, 185, 194, 193, 192, 184, 179, 177, 174, 171, 176, 181,
    190, 196, 194, 185, 180, 176, 177, 170, 172, 181, 192, 190, 191, 198,
    190, 185, 182, 176, 175, 171, 174, 183, 190, 201, 198, 202, 200, 194,
    190, 187, 186, 187, 186, 189, 192, 200, 199, 199, 201, 204, 201, 200,
    197, 196, 200, 197, 197, 201, 197 ]
RHandPositionsY: [ 137, 125, 117, 114, 104, 91, 95, 103, 105, 109, 100,
    95, 90, 87, 87, 85, 81, 87, 102, 101, 107, 95, 90, 86, 88, 85, 85,
    92, 100, 114, 109, 109, 102, 95, 93, 96, 89, 87, 94, 111, 114, 117,
    104, 99, 97, 95, 89, 85, 94, 108, 110, 112, 114, 103, 92, 93, 91, 89,
    85, 87, 93, 111, 121, 117, 121, 120, 111, 110, 111, 112, 114, 124,
    134, 146, 161, 161, 170, 173, 185, 195, 202, 207, 217, 222, 219, 226,
    229, 230 ]
