%YAML:1.0
---
videoName: "RHShake09.mp4"
gestureLabel: 2
fps: 29
pixelSizeInCmTemp: 3.1103896103896100e-01
faceCenterPointX: 296
faceCenterPointY: 48
LHandPositionsX: [ 326, 326, 322, 325, 325, 326, 324, 320, 319, 317, 316,
    316, 313, 314, 313, 309, 309, 310, 309, 311, 309, 307, 310, 307, 309,
    309, 307, 305, 308, 306, 305, 306, 308, 310, 309, 309, 308, 311, 309,
    310, 307, 308, 311, 311, 311, 313, 311, 313, 312, 311, 314, 313, 315,
    312, 312, 316, 316, 313, 313, 314, 314, 316, 317, 317, 316, 313, 318,
    315, 316, 315, 317, 316, 315, 318, 314, 315, 317, 317, 316, 313, 314,
    314, 315, 315, 315, 316, 315, 315 ]
LHandPositionsY: [ 269, 269, 270, 267, 269, 269, 268, 269, 269, 271, 271,
    275, 274, 275, 272, 276, 273, 274, 275, 276, 274, 275, 276, 272, 274,
    276, 273, 275, 273, 275, 274, 274, 275, 273, 275, 277, 273, 273, 276,
    276, 275, 275, 275, 275, 277, 274, 275, 276, 274, 273, 273, 276, 274,
    274, 275, 273, 275, 277, 275, 273, 274, 272, 273, 272, 275, 274, 275,
    275, 273, 276, 272, 272, 274, 272, 272, 275, 275, 273, 272, 273, 272,
    273, 275, 274, 273, 272, 272, 271 ]
RHandPositionsX: [ 266, 266, 263, 263, 262, 262, 265, 265, 262, 263, 262,
    259, 259, 261, 261, 259, 260, 256, 258, 255, 256, 256, 254, 258, 254,
    254, 258, 254, 256, 256, 262, 260, 254, 244, 224, 204, 188, 179, 169,
    170, 175, 173, 182, 183, 187, 185, 184, 178, 177, 176, 188, 189, 189,
    202, 193, 184, 182, 178, 181, 187, 185, 183, 195, 187, 188, 181, 178,
    174, 175, 180, 183, 189, 186, 182, 177, 181, 182, 178, 183, 193, 191,
    194, 197, 204, 206, 215, 227, 239 ]
RHandPositionsY: [ 261, 264, 266, 262, 265, 267, 267, 267, 264, 266, 266,
    268, 265, 266, 266, 266, 269, 269, 266, 269, 269, 267, 267, 268, 266,
    269, 268, 266, 268, 267, 269, 259, 248, 233, 212, 198, 174, 157, 138,
    134, 115, 109, 107, 108, 108, 103, 99, 90, 90, 89, 89, 96, 98, 99,
    92, 94, 86, 90, 85, 88, 95, 97, 98, 97, 91, 84, 86, 90, 90, 98, 96,
    99, 93, 92, 93, 93, 91, 91, 95, 103, 103, 106, 123, 131, 141, 155,
    169, 186 ]
