%YAML:1.0
---
videoName: "RHShake14.mp4"
gestureLabel: 2
fps: 30
pixelSizeInCmTemp: 3.2808219178082193e-01
faceCenterPointX: 277
faceCenterPointY: 42
LHandPositionsX: [ 375, 378, 375, 375, 378, 375, 377, 377, 379, 375, 375,
    376, 375, 376, 376, 376, 376, 374, 374, 376, 376, 375, 374, 372, 376,
    375, 373, 374, 374, 374, 375, 373, 375, 372, 372, 375, 372, 372, 372,
    373, 372, 373, 373, 372, 373, 372, 373, 372, 375, 376, 376, 373, 375,
    373, 376, 376, 372, 372, 373, 372, 375, 375, 372, 376, 373, 375, 372,
    375, 372, 376, 376, 372, 373, 373, 373, 372, 375, 372, 372, 372, 373,
    375, 375, 375, 375, 373, 376, 372, 373, 375, 373 ]
LHandPositionsY: [ 231, 230, 230, 232, 233, 231, 229, 229, 230, 231, 232,
    230, 230, 233, 230, 229, 230, 233, 233, 230, 230, 230, 233, 229, 232,
    231, 230, 229, 232, 230, 231, 232, 230, 229, 232, 233, 231, 232, 229,
    233, 230, 231, 231, 231, 229, 231, 230, 231, 230, 233, 233, 232, 233,
    230, 231, 230, 231, 233, 230, 233, 232, 229, 229, 230, 231, 233, 229,
    232, 229, 229, 230, 233, 233, 229, 232, 231, 233, 230, 232, 233, 229,
    229, 231, 231, 233, 229, 230, 232, 231, 233, 232 ]
RHandPositionsX: [ 173, 172, 173, 171, 173, 170, 173, 173, 173, 173, 170,
    172, 170, 174, 174, 172, 172, 174, 173, 173, 173, 171, 170, 171, 171,
    171, 168, 171, 159, 148, 134, 127, 124, 115, 116, 125, 127, 131, 133,
    137, 144, 146, 143, 141, 144, 145, 151, 152, 154, 162, 159, 156, 155,
    149, 155, 156, 162, 169, 170, 164, 159, 155, 158, 156, 158, 165, 166,
    172, 176, 176, 180, 180, 180, 180, 174, 170, 178, 180, 176, 172, 173,
    170, 171, 171, 170, 172, 170, 172, 174, 172, 172 ]
RHandPositionsY: [ 242, 240, 239, 240, 242, 243, 243, 243, 243, 239, 242,
    242, 240, 239, 243, 243, 240, 240, 240, 242, 240, 239, 241, 239, 239,
    244, 245, 232, 214, 196, 174, 155, 133, 116, 113, 107, 106, 111, 113,
    116, 118, 107, 98, 93, 87, 86, 83, 86, 84, 81, 80, 76, 79, 79, 77,
    76, 81, 82, 78, 80, 79, 76, 76, 78, 80, 80, 86, 106, 118, 132, 146,
    159, 172, 179, 195, 197, 201, 203, 211, 216, 218, 222, 221, 229, 233,
    231, 231, 236, 235, 233, 238 ]
