%YAML:1.0
---
videoName: "RHShake07.mp4"
gestureLabel: 2
fps: 29
pixelSizeInCmTemp: 3.2364864864864862e-01
faceCenterPointX: 292
faceCenterPointY: 44
LHandPositionsX: [ 309, 309, 306, 307, 309, 309, 308, 307, 309, 306, 310,
    309, 308, 309, 309, 311, 312, 313, 314, 312, 313, 310, 310, 314, 310,
    314, 311, 314, 310, 314, 311, 313, 314, 312, 316, 315, 315, 313, 312,
    312, 312, 314, 315, 313, 314, 315, 312, 313, 313, 316, 313, 316, 314,
    313, 312, 312, 313, 314, 313, 315, 313, 314, 313, 315, 315, 314, 313,
    313, 315, 312, 316, 316, 315, 317, 313, 313, 313, 314, 313, 312, 309,
    308, 308, 308, 312, 310, 310, 311 ]
LHandPositionsY: [ 267, 271, 271, 269, 267, 271, 269, 269, 274, 271, 272,
    271, 273, 272, 269, 270, 271, 268, 270, 267, 271, 271, 267, 270, 268,
    271, 271, 269, 271, 271, 269, 268, 269, 270, 271, 268, 268, 268, 271,
    270, 268, 269, 268, 271, 267, 270, 270, 270, 267, 269, 270, 269, 270,
    271, 269, 267, 267, 268, 267, 271, 270, 269, 271, 269, 270, 268, 269,
    268, 269, 268, 270, 267, 269, 269, 266, 270, 269, 267, 272, 271, 269,
    270, 274, 273, 274, 273, 274, 274 ]
RHandPositionsX: [ 265, 265, 267, 263, 264, 266, 263, 265, 262, 270, 267,
    261, 256, 237, 218, 195, 176, 160, 152, 154, 160, 154, 158, 159, 161,
    178, 192, 185, 178, 172, 168, 167, 179, 181, 185, 187, 180, 173, 167,
    167, 171, 174, 181, 186, 185, 181, 179, 172, 167, 167, 166, 185, 184,
    198, 196, 189, 184, 177, 171, 169, 168, 164, 171, 173, 171, 185, 179,
    176, 170, 169, 158, 169, 177, 197, 216, 232, 243, 256, 272, 276, 273,
    269, 271, 266, 262, 267, 267, 268 ]
RHandPositionsY: [ 251, 254, 255, 254, 255, 255, 254, 252, 253, 257, 249,
    244, 229, 217, 204, 185, 165, 153, 135, 131, 124, 115, 119, 124, 126,
    117, 102, 98, 91, 92, 88, 91, 109, 106, 105, 98, 94, 95, 95, 92, 89,
    92, 99, 96, 96, 94, 93, 90, 93, 88, 82, 91, 97, 100, 97, 94, 93, 94,
    91, 87, 87, 91, 91, 92, 92, 93, 86, 88, 90, 91, 94, 117, 135, 147,
    164, 186, 205, 229, 236, 244, 243, 249, 249, 252, 254, 255, 254, 257 ]
