%YAML:1.0
---
videoName: "RHShake15.mp4"
gestureLabel: 2
fps: 29
pixelSizeInCmTemp: 3.2808219178082193e-01
faceCenterPointX: 279
faceCenterPointY: 41
LHandPositionsX: [ 372, 369, 370, 370, 370, 372, 368, 372, 371, 372, 369,
    370, 371, 369, 369, 369, 369, 371, 372, 371, 368, 372, 369, 371, 369,
    371, 368, 370, 370, 368, 371, 368, 372, 372, 371, 370, 372, 372, 371,
    372, 371, 368, 371, 369, 368, 370, 371, 371, 370, 370, 369, 372, 372,
    372, 368, 370, 371, 369, 372, 371, 368, 370, 369, 368, 369, 369, 372,
    368, 369, 368, 369, 371, 371, 371, 369, 372, 371, 370, 368, 372, 368,
    372, 370, 368, 371, 372, 371, 372 ]
LHandPositionsY: [ 232, 232, 233, 235, 233, 236, 234, 236, 233, 236, 232,
    234, 235, 236, 232, 232, 232, 234, 233, 232, 233, 232, 233, 235, 234,
    233, 233, 233, 236, 235, 232, 232, 234, 235, 232, 232, 232, 236, 234,
    236, 233, 232, 236, 233, 233, 234, 232, 232, 235, 234, 235, 234, 235,
    233, 235, 231, 235, 232, 232, 231, 232, 235, 234, 234, 234, 234, 231,
    233, 231, 232, 234, 231, 232, 235, 232, 231, 231, 234, 232, 232, 235,
    235, 233, 231, 233, 235, 234, 234 ]
RHandPositionsX: [ 135, 123, 113, 110, 113, 112, 109, 105, 105, 112, 113,
    117, 114, 112, 110, 110, 115, 107, 105, 109, 112, 116, 113, 111, 112,
    107, 109, 109, 106, 108, 113, 117, 118, 115, 112, 110, 111, 109, 111,
    113, 110, 113, 117, 115, 123, 122, 119, 124, 122, 118, 117, 124, 127,
    127, 125, 126, 125, 125, 124, 122, 122, 126, 131, 132, 138, 145, 137,
    138, 141, 143, 143, 150, 152, 156, 157, 156, 156, 157, 158, 158, 159,
    158, 157, 161, 161, 157, 160, 157 ]
RHandPositionsY: [ 191, 170, 153, 145, 145, 140, 131, 125, 120, 113, 109,
    108, 103, 97, 98, 95, 95, 94, 94, 91, 95, 94, 91, 92, 91, 92, 92, 96,
    93, 94, 97, 102, 102, 101, 103, 102, 104, 105, 102, 102, 103, 106,
    111, 110, 107, 107, 102, 103, 104, 103, 104, 109, 110, 115, 116, 114,
    111, 113, 112, 113, 113, 121, 127, 138, 150, 163, 173, 179, 192, 202,
    208, 221, 230, 238, 241, 237, 247, 247, 249, 245, 246, 247, 249, 249,
    249, 245, 245, 248 ]
