%YAML:1.0
---
videoName: "RHShake22.mp4"
gestureLabel: 2
fps: 29
pixelSizeInCmTemp: 3.3263888888888887e-01
faceCenterPointX: 290
faceCenterPointY: 48
LHandPositionsX: [ 394, 392, 393, 393, 392, 395, 393, 393, 394, 396, 394,
    396, 393, 395, 392, 393, 395, 394, 394, 394, 393, 394, 395, 396, 396,
    393, 393, 396, 396, 393, 394, 392, 392, 394, 393, 395, 394, 396, 395,
    394, 392, 395, 396, 393, 394, 395, 395, 394, 395, 396, 394, 395, 396,
    395, 393, 392, 395, 394, 393, 394, 395, 393, 396, 395, 393, 394, 394,
    394, 395, 393, 394, 393, 393, 396, 394, 392, 392, 393, 396, 392, 395,
    396, 395, 393, 392, 396, 394, 394 ]
LHandPositionsY: [ 233, 231, 233, 234, 233, 234, 232, 232, 231, 230, 232,
    234, 231, 234, 232, 233, 231, 234, 231, 234, 233, 234, 234, 230, 233,
    232, 234, 233, 232, 232, 234, 233, 233, 233, 233, 230, 230, 231, 230,
    230, 234, 233, 230, 234, 234, 232, 231, 231, 230, 231, 230, 234, 231,
    231, 233, 231, 233, 230, 234, 230, 231, 234, 230, 233, 231, 231, 230,
    230, 233, 231, 234, 231, 234, 230, 233, 234, 234, 234, 230, 234, 230,
    230, 231, 232, 233, 233, 234, 234 ]
RHandPositionsX: [ 149, 139, 129, 131, 131, 138, 143, 158, 164, 163, 167,
    162, 162, 159, 152, 147, 146, 142, 147, 155, 160, 171, 169, 169, 167,
    164, 164, 155, 154, 154, 151, 160, 168, 171, 171, 173, 171, 172, 164,
    160, 156, 159, 159, 169, 171, 176, 176, 175, 170, 167, 161, 159, 156,
    156, 158, 163, 172, 174, 177, 177, 178, 175, 169, 161, 158, 152, 154,
    157, 169, 177, 176, 180, 178, 180, 179, 182, 182, 184, 183, 183, 189,
    188, 191, 187, 191, 187, 191, 191 ]
RHandPositionsY: [ 138, 114, 101, 103, 97, 92, 83, 83, 90, 90, 90, 92,
    85, 81, 80, 80, 78, 77, 75, 86, 91, 94, 97, 97, 95, 88, 88, 84, 85,
    79, 80, 90, 95, 99, 101, 101, 92, 92, 89, 86, 85, 86, 85, 88, 97, 98,
    100, 102, 94, 93, 88, 90, 89, 87, 84, 86, 89, 102, 102, 103, 101, 97,
    92, 91, 93, 92, 93, 87, 92, 106, 109, 113, 116, 119, 119, 123, 138,
    150, 160, 172, 183, 192, 198, 207, 214, 221, 224, 226 ]
