%YAML:1.0
---
videoName: "RHShake11.mp4"
gestureLabel: 2
fps: 29
pixelSizeInCmTemp: 3.3263888888888887e-01
faceCenterPointX: 274
faceCenterPointY: 53
LHandPositionsX: [ 312, 311, 311, 307, 310, 307, 311, 310, 308, 307, 307,
    308, 311, 307, 309, 307, 308, 310, 310, 310, 311, 310, 310, 308, 309,
    311, 310, 310, 310, 309, 310, 310, 307, 307, 310, 309, 308, 311, 308,
    307, 308, 308, 311, 307, 311, 307, 310, 307, 310, 311, 311, 310, 307,
    307, 310, 311, 311, 310, 309, 311, 308, 310, 310, 309, 308, 309, 307,
    311, 308, 308, 309, 309, 309, 307, 308, 309, 309, 306, 306, 306, 306,
    306, 303, 307, 304, 306, 304, 305 ]
LHandPositionsY: [ 248, 247, 247, 247, 249, 249, 245, 246, 247, 245, 248,
    247, 246, 246, 249, 249, 246, 246, 248, 246, 245, 247, 246, 248, 245,
    249, 248, 249, 247, 245, 248, 247, 247, 246, 247, 249, 246, 248, 248,
    245, 248, 247, 247, 246, 246, 245, 248, 247, 246, 246, 247, 246, 249,
    248, 247, 248, 249, 247, 248, 246, 245, 245, 248, 247, 245, 248, 245,
    248, 244, 248, 245, 246, 244, 245, 243, 245, 244, 247, 244, 247, 246,
    247, 246, 246, 244, 245, 244, 247 ]
RHandPositionsX: [ 247, 249, 248, 247, 234, 224, 208, 191, 173, 161, 148,
    139, 148, 143, 149, 159, 160, 165, 170, 171, 171, 161, 156, 156, 151,
    154, 159, 165, 167, 166, 170, 167, 164, 162, 155, 159, 154, 151, 159,
    165, 169, 167, 174, 171, 165, 158, 157, 157, 157, 158, 165, 170, 174,
    176, 178, 175, 170, 170, 167, 163, 162, 159, 163, 167, 172, 181, 191,
    204, 221, 228, 241, 248, 256, 258, 260, 259, 261, 260, 259, 258, 260,
    261, 262, 259, 258, 259, 260, 258 ]
RHandPositionsY: [ 247, 245, 246, 243, 231, 218, 207, 192, 175, 161, 142,
    129, 126, 111, 106, 105, 103, 106, 101, 99, 102, 101, 98, 98, 93, 94,
    96, 101, 101, 98, 101, 97, 97, 95, 95, 95, 93, 95, 102, 105, 106,
    103, 104, 105, 102, 102, 97, 97, 99, 99, 103, 104, 108, 108, 107,
    105, 105, 100, 100, 99, 100, 102, 103, 107, 116, 130, 145, 158, 174,
    189, 202, 213, 224, 230, 237, 234, 238, 238, 242, 242, 242, 239, 238,
    239, 240, 238, 239, 238 ]
