%YAML:1.0
---
videoName: "RHShake03.mp4"
gestureLabel: 2
fps: 29
pixelSizeInCmTemp: 3.1103896103896100e-01
faceCenterPointX: 294
faceCenterPointY: 48
LHandPositionsX: [ 410, 408, 412, 412, 411, 409, 408, 412, 409, 409, 408,
    411, 408, 408, 411, 410, 409, 408, 409, 409, 409, 408, 412, 409, 411,
    410, 410, 409, 412, 410, 411, 412, 409, 412, 410, 411, 412, 410, 408,
    409, 411, 409, 411, 411, 408, 411, 408, 411, 409, 411, 412, 411, 408,
    410, 412, 412, 408, 410, 412, 412, 412, 408, 408, 412, 409, 411, 412,
    412, 409, 412, 407, 411, 409, 407, 409, 407, 407, 407, 408, 411, 409,
    410, 408, 409, 411, 410, 411, 411 ]
LHandPositionsY: [ 261, 264, 264, 260, 260, 262, 261, 263, 263, 262, 263,
    263, 261, 260, 261, 262, 260, 261, 260, 264, 262, 262, 261, 260, 263,
    261, 263, 263, 262, 263, 263, 264, 260, 264, 264, 262, 262, 261, 264,
    261, 260, 263, 264, 263, 263, 262, 261, 263, 261, 263, 262, 264, 261,
    260, 260, 261, 263, 261, 261, 260, 262, 263, 260, 263, 260, 260, 261,
    262, 264, 261, 260, 261, 264, 263, 261, 262, 261, 262, 260, 260, 263,
    260, 263, 261, 264, 260, 261, 263 ]
RHandPositionsX: [ 178, 179, 179, 180, 176, 178, 176, 177, 175, 174, 177,
    177, 174, 174, 173, 172, 174, 172, 171, 173, 172, 172, 174, 173, 171,
    174, 175, 174, 174, 171, 170, 170, 172, 173, 164, 159, 151, 148, 150,
    149, 155, 164, 180, 182, 190, 191, 183, 176, 172, 170, 174, 179, 181,
    181, 178, 176, 172, 168, 167, 172, 180, 186, 202, 208, 197, 191, 188,
    187, 186, 181, 184, 192, 202, 210, 209, 206, 197, 198, 191, 182, 181,
    185, 181, 184, 180, 180, 182, 179 ]
RHandPositionsY: [ 259, 262, 262, 258, 259, 261, 259, 259, 258, 259, 262,
    262, 261, 261, 261, 261, 262, 260, 258, 262, 260, 259, 258, 258, 260,
    260, 259, 261, 258, 260, 267, 266, 257, 238, 217, 199, 176, 160, 143,
    128, 124, 121, 118, 119, 110, 105, 101, 100, 99, 102, 101, 103, 106,
    105, 103, 103, 102, 100, 95, 95, 100, 110, 108, 110, 108, 105, 105,
    103, 97, 100, 102, 119, 129, 141, 159, 179, 202, 208, 216, 241, 242,
    244, 245, 250, 250, 251, 254, 250 ]
