%YAML:1.0
---
videoName: "RHShake04.mp4"
gestureLabel: 2
fps: 29
pixelSizeInCmTemp: 3.1513157894736843e-01
faceCenterPointX: 292
faceCenterPointY: 47
LHandPositionsX: [ 411, 411, 409, 412, 413, 412, 410, 408, 409, 413, 413,
    413, 412, 410, 410, 408, 411, 408, 409, 409, 409, 408, 407, 409, 408,
    406, 409, 409, 405, 409, 406, 405, 409, 406, 409, 406, 405, 408, 408,
    407, 407, 405, 406, 407, 407, 408, 407, 407, 407, 408, 405, 409, 405,
    405, 408, 409, 407, 409, 409, 407, 407, 404, 407, 406, 405, 406, 407,
    406, 404, 406, 402, 404, 403, 406, 406, 404, 402, 405, 406, 405, 404,
    401, 402, 404, 403, 405, 402, 404 ]
LHandPositionsY: [ 266, 262, 264, 263, 264, 262, 264, 263, 261, 262, 264,
    262, 263, 265, 262, 265, 263, 264, 264, 260, 261, 264, 263, 260, 264,
    260, 263, 263, 261, 263, 263, 264, 262, 264, 263, 260, 264, 261, 263,
    260, 264, 262, 261, 262, 263, 261, 261, 263, 263, 261, 264, 260, 264,
    264, 262, 262, 262, 264, 263, 264, 263, 263, 263, 261, 263, 261, 262,
    258, 260, 259, 258, 261, 262, 261, 261, 262, 258, 261, 259, 258, 260,
    259, 260, 259, 260, 259, 257, 260 ]
RHandPositionsX: [ 178, 179, 183, 180, 180, 181, 179, 179, 181, 179, 177,
    180, 179, 179, 179, 180, 180, 179, 179, 178, 177, 178, 178, 181, 180,
    175, 168, 164, 161, 164, 162, 165, 179, 190, 194, 188, 186, 183, 174,
    170, 165, 168, 170, 177, 176, 177, 182, 174, 170, 168, 164, 168, 178,
    176, 181, 177, 177, 169, 169, 171, 171, 177, 176, 184, 194, 191, 184,
    177, 173, 175, 172, 172, 171, 178, 184, 191, 191, 190, 188, 189, 188,
    185, 185, 177, 176, 176, 177, 172 ]
RHandPositionsY: [ 268, 264, 264, 264, 267, 263, 266, 265, 266, 268, 265,
    268, 266, 269, 268, 270, 271, 269, 267, 267, 269, 272, 265, 247, 224,
    196, 171, 146, 124, 123, 121, 105, 99, 99, 106, 103, 98, 94, 95, 93,
    88, 92, 94, 96, 98, 98, 95, 94, 94, 91, 94, 97, 96, 98, 99, 96, 95,
    97, 92, 91, 93, 96, 99, 97, 95, 97, 97, 93, 93, 95, 96, 95, 101, 105,
    122, 134, 144, 154, 166, 178, 197, 210, 222, 227, 237, 247, 248, 247 ]
