%YAML:1.0
---
videoName: "RHShake22.mp4"
gestureLabel: 2
fps: 29
pixelSizeInCmTemp: 3.3263888888888887e-01
faceCenterPointX: 290
faceCenterPointY: 48
LHandPositionsX: [ 394, 393, 393, 396, 392, 395, 394, 395, 393, 394, 393,
    392, 394, 396, 393, 395, 392, 394, 395, 392, 394, 396, 393, 392, 396,
    396, 393, 392, 395, 395, 394, 394, 393, 395, 396, 395, 393, 393, 393,
    396, 395, 394, 394, 392, 392, 395, 396, 395, 396, 396, 394, 396, 392,
    392, 395, 393, 394, 394, 396, 393, 392, 395, 395, 394, 396, 395, 395,
    393, 395, 395, 392, 395, 392, 394, 395, 392, 395, 392, 392, 392, 394,
    393, 395, 393, 395, 395, 396, 392 ]
LHandPositionsY: [ 234, 234, 234, 233, 230, 234, 232, 231, 234, 230, 233,
    232, 231, 231, 231, 234, 232, 232, 234, 231, 231, 234, 233, 232, 232,
    231, 234, 231, 231, 233, 234, 233, 232, 230, 233, 232, 233, 233, 233,
    234, 234, 230, 232, 231, 231, 231, 233, 232, 230, 232, 230, 233, 230,
    232, 230, 232, 231, 231, 230, 230, 234, 233, 230, 231, 232, 233, 232,
    232, 232, 231, 232, 232, 234, 230, 230, 230, 232, 233, 231, 232, 230,
    231, 232, 232, 233, 230, 232, 231 ]
RHandPositionsX: [ 148, 137, 130, 130, 133, 134, 146, 159, 165, 164, 164,
    164, 160, 160, 154, 146, 145, 143, 145, 154, 160, 173, 173, 168, 168,
    164, 161, 159, 158, 155, 155, 161, 168, 170, 171, 170, 170, 171, 164,
    162, 156, 157, 160, 168, 172, 173, 174, 174, 173, 167, 162, 157, 152,
    153, 157, 163, 169, 174, 179, 177, 176, 175, 170, 163, 158, 154, 153,
    154, 169, 177, 176, 177, 179, 181, 179, 178, 180, 180, 186, 187, 187,
    189, 187, 188, 190, 188, 187, 188 ]
RHandPositionsY: [ 139, 117, 101, 103, 95, 92, 81, 86, 90, 92, 93, 91,
    84, 78, 78, 79, 79, 74, 75, 84, 90, 92, 99, 96, 93, 87, 87, 82, 86,
    81, 80, 88, 94, 97, 100, 100, 96, 90, 89, 85, 84, 82, 83, 88, 95,
    101, 101, 98, 93, 90, 89, 87, 87, 88, 85, 85, 90, 102, 102, 103, 98,
    98, 93, 91, 91, 93, 90, 90, 90, 106, 109, 112, 115, 117, 119, 127,
    136, 151, 158, 169, 182, 194, 199, 203, 213, 219, 225, 227 ]
