%YAML:1.0
---
videoName: "RHShake07.mp4"
gestureLabel: 2
fps: 29
pixelSizeInCmTemp: 3.2364864864864862e-01
faceCenterPointX: 292
faceCenterPointY: 44
LHandPositionsX: [ 308, 308, 308, 307, 308, 306, 308, 307, 306, 305, 309,
    308, 312, 311, 309, 311, 311, 310, 310, 312, 313, 313, 311, 312, 314,
    312, 314, 313, 311, 314, 310, 313, 314, 313, 315, 313, 316, 313, 316,
    316, 315, 316, 315, 315, 314, 315, 313, 315, 312, 314, 314, 315, 314,
    315, 316, 313, 315, 312, 313, 313, 316, 312, 314, 312, 313, 312, 313,
    315, 315, 313, 313, 314, 316, 315, 317, 313, 314, 316, 312, 312, 307,
    309, 309, 312, 308, 311, 309, 309 ]
LHandPositionsY: [ 269, 268, 269, 267, 268, 271, 271, 269, 273, 271, 273,
    271, 269, 271, 271, 272, 269, 271, 267, 269, 271, 270, 270, 269, 269,
    268, 268, 269, 270, 267, 269, 269, 267, 268, 268, 268, 269, 269, 267,
    268, 270, 268, 270, 270, 269, 271, 268, 268, 267, 270, 268, 268, 269,
    270, 270, 269, 270, 271, 270, 267, 269, 269, 267, 269, 271, 267, 271,
    271, 267, 269, 269, 270, 270, 267, 266, 268, 267, 266, 271, 269, 273,
    270, 270, 275, 273, 274, 272, 272 ]
RHandPositionsX: [ 267, 265, 264, 265, 265, 264, 263, 265, 262, 267, 269,
    265, 253, 238, 217, 198, 179, 164, 155, 155, 160, 155, 157, 159, 163,
    182, 189, 183, 177, 168, 166, 164, 181, 181, 185, 185, 182, 173, 168,
    169, 171, 172, 179, 182, 185, 180, 177, 172, 168, 163, 169, 182, 186,
    202, 194, 188, 185, 179, 172, 170, 168, 166, 170, 172, 175, 184, 177,
    177, 174, 169, 156, 167, 179, 198, 216, 229, 245, 256, 270, 277, 269,
    272, 270, 267, 262, 266, 265, 264 ]
RHandPositionsY: [ 253, 252, 255, 251, 252, 253, 254, 253, 256, 256, 249,
    240, 232, 220, 203, 186, 168, 154, 136, 131, 125, 112, 121, 127, 129,
    114, 101, 99, 93, 93, 89, 91, 106, 103, 103, 96, 97, 95, 94, 91, 92,
    92, 97, 96, 96, 97, 95, 92, 93, 88, 84, 89, 94, 103, 97, 97, 93, 93,
    91, 89, 90, 91, 94, 91, 90, 91, 90, 86, 90, 88, 94, 118, 137, 148,
    168, 188, 207, 225, 234, 243, 246, 248, 252, 252, 253, 254, 257, 258 ]
