%YAML:1.0
---
videoName: "RHShake24.mp4"
gestureLabel: 2
fps: 30
pixelSizeInCmTemp: 3.3732394366197183e-01
faceCenterPointX: 304
faceCenterPointY: 46
LHandPositionsX: [ 393, 393, 390, 392, 390, 391, 389, 391, 393, 390, 391,
    391, 389, 392, 391, 393, 392, 392, 390, 389, 389, 392, 392, 390, 389,
    391, 392, 393, 389, 390, 393, 393, 389, 390, 389, 391, 389, 389, 389,
    392, 393, 391, 392, 393, 392, 393, 390, 391, 389, 390, 392, 390, 389,
    392, 390, 391, 393, 391, 393, 391, 392, 390, 392, 393, 390, 391, 392,
    391, 390, 392, 391, 389, 389, 393, 391, 389, 389, 392, 393, 393, 389,
    393, 393, 390, 390, 393, 392, 393, 389, 392, 389 ]
LHandPositionsY: [ 226, 226, 226, 229, 225, 227, 227, 225, 228, 226, 225,
    228, 226, 225, 228, 229, 228, 228, 226, 227, 227, 225, 229, 229, 228,
    227, 226, 225, 227, 229, 227, 227, 228, 227, 225, 225, 227, 228, 229,
    228, 228, 226, 225, 228, 229, 229, 226, 225, 228, 227, 229, 228, 227,
    225, 228, 229, 225, 228, 225, 229, 227, 226, 225, 225, 226, 225, 228,
    229, 229, 227, 225, 225, 229, 225, 227, 227, 228, 229, 228, 228, 227,
    229, 229, 225, 229, 227, 226, 226, 228, 229, 229 ]
RHandPositionsX: [ 144, 145, 150, 150, 153, 155, 154, 147, 147, 139, 138,
    138, 142, 151, 163, 162, 164, 160, 160, 158, 150, 142, 145, 143, 143,
    145, 158, 159, 161, 158, 156, 153, 152, 146, 142, 141, 146, 154, 157,
    158, 161, 164, 159, 154, 149, 144, 139, 144, 142, 147, 162, 162, 167,
    172, 171, 164, 158, 150, 151, 147, 149, 148, 153, 165, 166, 168, 171,
    173, 175, 177, 182, 180, 187, 185, 188, 192, 191, 191, 193, 195, 194,
    195, 195, 193, 195, 194, 193, 196, 194, 194, 197 ]
RHandPositionsY: [ 96, 102, 102, 98, 103, 101, 92, 89, 86, 86, 87, 84,
    84, 99, 108, 113, 112, 115, 106, 99, 97, 98, 98, 93, 91, 100, 111,
    110, 114, 113, 107, 99, 95, 98, 94, 90, 93, 97, 103, 106, 106, 112,
    107, 101, 99, 101, 97, 94, 95, 110, 122, 119, 122, 120, 121, 104,
    100, 100, 99, 99, 96, 97, 104, 114, 113, 114, 122, 124, 131, 142,
    148, 154, 152, 157, 168, 174, 176, 189, 196, 204, 208, 209, 210, 216,
    217, 218, 222, 223, 226, 226, 229 ]
