%YAML:1.0
---
videoName: "RHShake07.mp4"
gestureLabel: 2
fps: 29
pixelSizeInCmTemp: 3.2364864864864862e-01
faceCenterPointX: 292
faceCenterPointY: 44
LHandPositionsX: [ 310, 309, 306, 310, 309, 310, 309, 307, 307, 305, 307,
    309, 308, 309, 311, 312, 313, 313, 311, 314, 314, 313, 310, 314, 313,
    314, 311, 311, 314, 314, 311, 314, 313, 316, 314, 314, 316, 313, 314,
    314, 315, 313, 316, 315, 316, 314, 314, 313, 315, 316, 313, 312, 316,
    316, 312, 313, 316, 316, 314, 314, 315, 313, 312, 314, 316, 315, 315,
    316, 316, 316, 313, 317, 314, 317, 316, 313, 316, 316, 316, 313, 311,
    307, 308, 311, 312, 312, 312, 309 ]
LHandPositionsY: [ 270, 270, 272, 267, 269, 268, 269, 268, 270, 273, 273,
    272, 273, 271, 271, 270, 271, 268, 267, 270, 271, 270, 268, 270, 270,
    269, 270, 267, 269, 271, 269, 267, 269, 269, 269, 269, 268, 270, 270,
    267, 271, 270, 269, 271, 269, 267, 271, 269, 267, 269, 267, 267, 267,
    271, 269, 267, 270, 270, 267, 268, 271, 271, 269, 269, 270, 269, 270,
    268, 270, 268, 267, 267, 268, 266, 270, 270, 267, 270, 268, 270, 271,
    273, 273, 274, 275, 271, 272, 271 ]
RHandPositionsX: [ 266, 266, 267, 264, 266, 266, 263, 268, 262, 270, 269,
    262, 256, 237, 214, 197, 178, 161, 155, 154, 160, 152, 156, 161, 162,
    179, 192, 185, 179, 172, 167, 166, 182, 183, 186, 185, 182, 174, 171,
    166, 171, 173, 183, 182, 185, 180, 178, 171, 168, 163, 165, 184, 184,
    198, 192, 187, 185, 177, 169, 172, 168, 166, 171, 173, 174, 182, 180,
    177, 170, 169, 157, 169, 177, 195, 215, 232, 244, 256, 269, 275, 273,
    269, 269, 263, 266, 264, 267, 265 ]
RHandPositionsY: [ 252, 252, 255, 251, 252, 254, 251, 255, 255, 255, 248,
    241, 233, 219, 201, 186, 165, 154, 132, 130, 124, 113, 119, 125, 127,
    115, 102, 100, 92, 93, 88, 90, 107, 104, 102, 97, 97, 96, 94, 91, 89,
    93, 96, 100, 98, 94, 93, 90, 91, 85, 86, 91, 96, 102, 99, 98, 94, 91,
    91, 88, 86, 87, 93, 93, 91, 91, 87, 86, 86, 90, 92, 119, 139, 148,
    167, 186, 203, 225, 234, 241, 242, 248, 253, 253, 252, 253, 257, 258 ]
