%YAML:1.0
---
videoName: "RHShake22.mp4"
gestureLabel: 2
fps: 29
pixelSizeInCmTemp: 3.3263888888888887e-01
faceCenterPointX: 290
faceCenterPointY: 48
LHandPositionsX: [ 394, 394, 396, 393, 394, 392, 395, 394, 395, 392, 395,
    393, 392, 393, 392, 395, 394, 394, 392, 395, 395, 396, 396, 392, 394,
    395, 396, 394, 395, 395, 396, 393, 393, 394, 395, 393, 392, 393, 395,
    393, 395, 392, 396, 396, 392, 395, 395, 392, 394, 392, 392, 394, 396,
    392, 393, 393, 393, 394, 396, 393, 395, 392, 393, 395, 395, 394, 395,
    392, 395, 393, 395, 392, 392, 396, 396, 392, 392, 396, 395, 392, 392,
    396, 394, 396, 395, 393, 395, 393 ]
LHandPositionsY: [ 234, 233, 230, 234, 231, 233, 231, 230, 233, 231, 230,
    233, 233, 234, 230, 230, 231, 234, 231, 234, 232, 231, 233, 231, 232,
    231, 230, 234, 232, 230, 233, 233, 231, 234, 234, 232, 230, 231, 232,
    233, 231, 234, 232, 230, 231, 234, 232, 233, 234, 232, 232, 231, 231,
    230, 231, 232, 233, 230, 231, 231, 230, 233, 234, 233, 232, 234, 233,
    233, 232, 232, 233, 231, 233, 233, 232, 234, 234, 231, 230, 233, 232,
    234, 231, 230, 231, 234, 230, 230 ]
RHandPositionsX: [ 150, 137, 128, 132, 132, 137, 143, 156, 167, 165, 164,
    162, 162, 159, 151, 145, 144, 145, 146, 156, 163, 170, 172, 170, 171,
    167, 162, 155, 158, 151, 154, 157, 164, 171, 170, 173, 172, 169, 163,
    162, 156, 156, 161, 168, 170, 174, 176, 174, 171, 168, 164, 155, 155,
    156, 155, 162, 171, 175, 179, 177, 175, 175, 169, 161, 158, 155, 154,
    157, 166, 178, 176, 180, 182, 183, 181, 182, 180, 182, 184, 185, 186,
    192, 189, 190, 189, 187, 187, 188 ]
RHandPositionsY: [ 140, 115, 104, 99, 94, 90, 83, 84, 88, 91, 92, 91, 85,
    82, 80, 79, 78, 76, 73, 86, 88, 92, 96, 95, 92, 90, 88, 85, 85, 80,
    82, 92, 94, 97, 103, 100, 95, 90, 86, 87, 87, 83, 86, 91, 96, 101,
    101, 101, 96, 89, 88, 87, 89, 87, 87, 82, 92, 98, 101, 102, 97, 98,
    94, 91, 90, 91, 93, 87, 91, 106, 108, 109, 116, 117, 120, 123, 136,
    150, 157, 169, 181, 193, 199, 207, 212, 219, 227, 226 ]
