%YAML:1.0
---
videoName: "RHShake06.mp4"
gestureLabel: 2
fps: 30
pixelSizeInCmTemp: 3.2808219178082193e-01
faceCenterPointX: 293
faceCenterPointY: 43
LHandPositionsX: [ 310, 310, 310, 307, 308, 309, 309, 307, 310, 306, 309,
    309, 306, 307, 306, 309, 310, 312, 312, 315, 320, 320, 323, 322, 320,
    323, 321, 320, 320, 321, 323, 320, 325, 322, 325, 326, 323, 323, 323,
    324, 322, 323, 323, 322, 326, 323, 322, 324, 323, 324, 326, 326, 322,
    325, 322, 326, 325, 324, 324, 322, 322, 326, 326, 325, 324, 326, 326,
    325, 325, 326, 326, 323, 325, 323, 323, 326, 323, 323, 326, 324, 326,
    323, 326, 321, 315, 317, 313, 312, 311, 313, 312 ]
LHandPositionsY: [ 270, 266, 268, 270, 267, 269, 269, 270, 267, 267, 270,
    267, 270, 270, 267, 268, 268, 267, 266, 266, 262, 263, 263, 262, 259,
    259, 259, 260, 258, 260, 258, 260, 261, 260, 258, 260, 262, 260, 258,
    261, 259, 259, 262, 258, 261, 259, 262, 261, 262, 260, 259, 261, 260,
    262, 261, 261, 258, 259, 259, 259, 262, 258, 259, 261, 259, 260, 260,
    258, 260, 262, 258, 261, 261, 260, 260, 261, 262, 260, 260, 260, 260,
    262, 260, 260, 264, 264, 264, 265, 264, 265, 265 ]
RHandPositionsX: [ 289, 289, 286, 285, 285, 284, 286, 284, 287, 286, 288,
    288, 285, 285, 288, 287, 286, 284, 280, 266, 246, 224, 202, 181, 162,
    147, 138, 135, 140, 141, 145, 145, 162, 162, 163, 159, 162, 163, 158,
    159, 160, 171, 183, 190, 187, 186, 180, 175, 167, 170, 166, 168, 175,
    180, 183, 185, 181, 187, 177, 169, 169, 163, 166, 179, 182, 179, 175,
    171, 166, 163, 165, 167, 170, 181, 192, 192, 210, 221, 233, 240, 249,
    255, 255, 247, 247, 256, 254, 252, 255, 255, 254 ]
RHandPositionsY: [ 270, 270, 270, 267, 268, 266, 268, 269, 269, 267, 267,
    268, 269, 270, 266, 269, 269, 271, 263, 261, 249, 236, 218, 201, 179,
    158, 139, 122, 111, 104, 111, 119, 128, 117, 108, 104, 101, 87, 93,
    93, 93, 93, 95, 101, 98, 94, 94, 92, 86, 89, 84, 89, 93, 102, 99, 97,
    95, 98, 96, 94, 92, 89, 92, 102, 100, 104, 101, 101, 104, 105, 114,
    130, 147, 163, 175, 179, 192, 207, 215, 222, 232, 239, 239, 237, 239,
    242, 241, 243, 243, 243, 246 ]
