%YAML:1.0
---
videoName: "RHShake08.mp4"
gestureLabel: 2
fps: 29
pixelSizeInCmTemp: 3.2808219178082193e-01
faceCenterPointX: 290
faceCenterPointY: 45
LHandPositionsX: [ 315, 316, 314, 313, 315, 316, 313, 313, 315, 313, 310,
    312, 310, 308, 311, 308, 310, 309, 310, 308, 310, 306, 307, 307, 310,
    309, 309, 307, 306, 308, 308, 306, 308, 308, 311, 306, 308, 307, 308,
    306, 306, 310, 308, 307, 306, 309, 310, 308, 309, 308, 307, 307, 309,
    307, 309, 308, 309, 309, 309, 305, 306, 309, 309, 306, 305, 305, 309,
    308, 308, 307, 308, 309, 305, 306, 305, 305, 307, 309, 307, 307, 309,
    309, 310, 308, 309, 309, 310, 307 ]
LHandPositionsY: [ 278, 281, 280, 283, 279, 281, 281, 282, 284, 283, 285,
    285, 284, 284, 281, 282, 284, 284, 284, 281, 284, 283, 282, 284, 282,
    282, 284, 281, 281, 282, 281, 282, 285, 281, 282, 283, 281, 281, 281,
    285, 281, 281, 282, 282, 283, 284, 283, 281, 282, 280, 281, 284, 282,
    281, 283, 284, 283, 284, 284, 281, 280, 281, 283, 281, 281, 284, 282,
    282, 283, 280, 284, 284, 283, 282, 282, 283, 283, 282, 284, 284, 281,
    284, 284, 284, 283, 280, 284, 282 ]
RHandPositionsX: [ 268, 271, 271, 273, 269, 272, 272, 276, 266, 258, 258,
    255, 251, 236, 221, 203, 186, 164, 155, 162, 163, 175, 198, 198, 207,
    202, 195, 189, 185, 181, 188, 191, 204, 198, 196, 196, 188, 184, 178,
    180, 193, 190, 190, 187, 181, 177, 174, 174, 173, 184, 184, 190, 190,
    189, 192, 192, 188, 200, 206, 218, 212, 206, 206, 198, 196, 196, 204,
    206, 217, 214, 210, 216, 224, 230, 242, 248, 253, 262, 262, 264, 268,
    266, 271, 270, 272, 275, 274, 268 ]
RHandPositionsY: [ 269, 268, 270, 269, 267, 269, 268, 269, 265, 261, 254,
    245, 229, 216, 201, 184, 173, 154, 132, 128, 113, 111, 108, 105, 110,
    106, 98, 92, 95, 94, 88, 95, 95, 93, 94, 92, 90, 86, 88, 90, 91, 95,
    95, 93, 87, 89, 84, 85, 88, 96, 93, 93, 101, 98, 92, 91, 91, 95, 96,
    97, 98, 97, 95, 91, 96, 96, 93, 102, 103, 105, 112, 125, 131, 145,
    159, 177, 191, 217, 228, 243, 258, 260, 260, 262, 260, 264, 262, 263 ]
