%YAML:1.0
---
videoName: "RHShake19.mp4"
gestureLabel: 2
fps: 29
pixelSizeInCmTemp: 3.2808219178082193e-01
faceCenterPointX: 283
faceCenterPointY: 48
LHandPositionsX: [ 391, 390, 389, 391, 392, 388, 392, 388, 389, 388, 391,
    392, 392, 389, 388, 389, 389, 390, 390, 392, 389, 388, 390, 392, 391,
    390, 391, 391, 392, 390, 388, 390, 391, 389, 391, 390, 392, 391, 390,
    391, 392, 391, 389, 392, 391, 391, 391, 389, 388, 391, 391, 389, 392,
    389, 388, 388, 391, 389, 388, 390, 389, 388, 392, 390, 391, 390, 392,
    391, 389, 388, 391, 390, 388, 388, 391, 391, 389, 388, 392, 388, 388,
    389, 390, 388, 389, 390, 391, 391 ]
LHandPositionsY: [ 242, 243, 240, 240, 243, 242, 243, 244, 243, 243, 244,
    244, 240, 241, 244, 243, 242, 240, 241, 243, 242, 243, 242, 243, 243,
    243, 241, 243, 243, 243, 241, 243, 242, 240, 242, 243, 240, 241, 240,
    243, 242, 242, 243, 242, 240, 242, 240, 240, 244, 241, 242, 242, 242,
    242, 243, 243, 244, 240, 241, 242, 244, 241, 240, 244, 244, 240, 242,
    240, 242, 241, 240, 243, 240, 243, 240, 242, 240, 240, 244, 241, 244,
    240, 242, 240, 240, 241, 244, 242 ]
RHandPositionsX: [ 159, 173, 182, 183, 187, 186, 175, 173, 167, 164, 164,
    161, 166, 177, 183, 184, 186, 176, 175, 168, 163, 161, 158, 167, 168,
    174, 175, 175, 171, 163, 161, 161, 161, 166, 170, 179, 180, 176, 179,
    174, 170, 161, 164, 162, 164, 169, 174, 177, 178, 182, 176, 177, 168,
    168, 166, 168, 169, 178, 179, 181, 182, 179, 173, 173, 166, 167, 172,
    174, 180, 183, 189, 189, 189, 188, 183, 186, 186, 183, 180, 179, 179,
    179, 181, 178, 178, 182, 178, 180 ]
RHandPositionsY: [ 89, 91, 96, 95, 92, 92, 86, 79, 79, 75, 75, 72, 76,
    83, 92, 92, 92, 84, 80, 75, 77, 77, 74, 77, 81, 91, 91, 88, 88, 87,
    84, 81, 81, 83, 87, 92, 96, 95, 93, 94, 88, 86, 88, 84, 81, 84, 92,
    98, 100, 105, 99, 93, 97, 96, 94, 97, 98, 106, 106, 108, 104, 100,
    101, 98, 100, 97, 111, 124, 140, 148, 161, 177, 187, 190, 201, 210,
    220, 226, 233, 239, 234, 239, 239, 240, 240, 242, 240, 243 ]
