%YAML:1.0
---
videoName: "RHShake20.mp4"
gestureLabel: 2
fps: 29
pixelSizeInCmTemp: 3.3263888888888887e-01
faceCenterPointX: 286
faceCenterPointY: 45
LHandPositionsX: [ 391, 392, 394, 394, 392, 393, 394, 393, 391, 393, 394,
    393, 390, 390, 391, 394, 390, 392, 393, 392, 390, 391, 390, 392, 394,
    393, 394, 393, 390, 390, 393, 394, 394, 393, 391, 392, 394, 391, 390,
    390, 393, 391, 390, 392, 392, 391, 393, 391, 392, 393, 391, 390, 391,
    392, 392, 393, 394, 394, 391, 393, 390, 392, 393, 391, 391, 394, 392,
    390, 394, 393, 394, 393, 391, 394, 394, 393, 392, 390, 393, 392, 390,
    393, 391, 393, 392, 392, 393, 390 ]
LHandPositionsY: [ 247, 244, 246, 244, 244, 243, 245, 244, 242, 242, 241,
    243, 240, 242, 239, 239, 243, 239, 240, 242, 243, 242, 242, 243, 242,
    241, 242, 241, 243, 242, 239, 243, 240, 242, 239, 241, 241, 242, 243,
    243, 242, 240, 241, 243, 243, 239, 241, 240, 240, 243, 243, 242, 243,
    242, 243, 242, 243, 243, 243, 239, 239, 243, 243, 239, 241, 242, 240,
    242, 242, 241, 241, 239, 240, 240, 242, 241, 241, 241, 241, 241, 241,
    240, 243, 243, 243, 241, 241, 241 ]
RHandPositionsX: [ 165, 161, 160, 158, 152, 152, 151, 157, 157, 158, 160,
    159, 160, 156, 151, 152, 149, 152, 161, 160, 163, 163, 159, 154, 154,
    153, 151, 150, 158, 160, 162, 161, 159, 154, 158, 155, 151, 152, 159,
    167, 164, 165, 167, 164, 155, 155, 155, 152, 159, 163, 166, 169, 167,
    168, 169, 169, 165, 166, 164, 159, 165, 168, 171, 176, 181, 185, 185,
    186, 186, 185, 182, 181, 179, 178, 180, 180, 178, 181, 177, 179, 180,
    178, 176, 180, 176, 176, 177, 178 ]
RHandPositionsY: [ 108, 107, 105, 102, 98, 100, 100, 98, 100, 104, 104,
    101, 97, 100, 98, 95, 101, 102, 112, 115, 116, 114, 111, 109, 107,
    109, 108, 111, 117, 117, 116, 115, 109, 109, 108, 104, 105, 108, 115,
    119, 122, 121, 121, 116, 113, 115, 111, 110, 110, 115, 123, 123, 122,
    126, 123, 119, 117, 114, 110, 112, 117, 125, 130, 135, 144, 155, 167,
    175, 184, 192, 202, 210, 221, 227, 234, 232, 240, 238, 243, 244, 243,
    243, 244, 243, 247, 244, 245, 245 ]
