%YAML:1.0
---
videoName: "RHShake15.mp4"
gestureLabel: 2
fps: 29
pixelSizeInCmTemp: 3.2808219178082193e-01
faceCenterPointX: 279
faceCenterPointY: 41
LHandPositionsX: [ 369, 371, 371, 372, 372, 372, 371, 372, 371, 370, 369,
    371, 372, 372, 369, 371, 369, 370, 370, 369, 368, 371, 371, 372, 371,
    369, 369, 371, 370, 368, 368, 372, 369, 369, 372, 372, 369, 370, 371,
    370, 369, 368, 369, 369, 370, 371, 372, 369, 370, 368, 370, 368, 370,
    369, 369, 368, 371, 371, 370, 370, 370, 368, 370, 368, 368, 371, 369,
    368, 369, 369, 369, 372, 370, 370, 370, 370, 372, 370, 372, 371, 369,
    370, 369, 370, 369, 371, 372, 371 ]
LHandPositionsY: [ 234, 235, 235, 236, 232, 235, 236, 234, 233, 232, 235,
    232, 232, 236, 233, 236, 232, 232, 236, 233, 236, 233, 235, 235, 235,
    233, 233, 233, 234, 233, 234, 236, 232, 236, 233, 234, 232, 236, 236,
    235, 235, 236, 234, 234, 231, 234, 233, 233, 235, 232, 233, 233, 232,
    235, 233, 234, 232, 232, 235, 231, 235, 234, 231, 231, 235, 232, 233,
    234, 232, 233, 234, 235, 232, 235, 231, 232, 235, 231, 235, 234, 232,
    231, 235, 233, 235, 234, 233, 232 ]
RHandPositionsX: [ 137, 126, 113, 108, 109, 112, 109, 105, 108, 110, 112,
    117, 113, 110, 110, 112, 112, 110, 105, 108, 116, 117, 114, 112, 112,
    106, 109, 108, 107, 108, 116, 115, 116, 117, 114, 112, 109, 113, 112,
    116, 112, 113, 116, 114, 119, 122, 122, 122, 123, 120, 118, 123, 124,
    125, 126, 125, 124, 125, 123, 122, 123, 124, 127, 134, 141, 145, 140,
    138, 137, 143, 143, 149, 149, 154, 158, 154, 160, 157, 157, 160, 157,
    161, 159, 160, 158, 159, 159, 157 ]
RHandPositionsY: [ 192, 173, 153, 146, 143, 138, 134, 129, 119, 113, 110,
    109, 101, 98, 99, 98, 95, 95, 91, 93, 94, 94, 95, 93, 91, 96, 94, 96,
    95, 94, 97, 103, 104, 104, 101, 104, 104, 102, 102, 106, 104, 104,
    110, 110, 109, 104, 102, 107, 107, 106, 103, 109, 109, 112, 116, 116,
    109, 112, 111, 113, 114, 120, 124, 137, 148, 162, 170, 182, 193, 199,
    211, 219, 231, 235, 238, 237, 244, 244, 246, 246, 249, 245, 249, 248,
    248, 248, 249, 247 ]
