%YAML:1.0
---
videoName: "RHShake19.mp4"
gestureLabel: 2
fps: 29
pixelSizeInCmTemp: 3.2808219178082193e-01
faceCenterPointX: 283
faceCenterPointY: 48
LHandPositionsX: [ 392, 391, 391, 392, 392, 392, 388, 392, 392, 391, 391,
    391, 392, 392, 389, 391, 392, 391, 390, 390, 388, 389, 390, 390, 389,
    391, 388, 391, 392, 389, 388, 392, 391, 388, 388, 390, 391, 389, 388,
    390, 389, 390, 392, 388, 392, 390, 390, 388, 389, 391, 389, 391, 391,
    391, 390, 391, 389, 390, 388, 390, 390, 392, 391, 392, 388, 390, 392,
    388, 391, 390, 388, 392, 392, 392, 392, 392, 390, 392, 390, 392, 391,
    391, 389, 389, 388, 392, 388, 390 ]
LHandPositionsY: [ 240, 242, 244, 243, 241, 241, 241, 241, 242, 243, 241,
    241, 244, 243, 240, 242, 241, 243, 242, 244, 241, 240, 241, 242, 242,
    243, 242, 240, 241, 242, 241, 240, 242, 244, 241, 244, 241, 242, 244,
    244, 244, 242, 244, 243, 241, 243, 240, 243, 241, 241, 244, 240, 240,
    242, 241, 240, 244, 244, 240, 242, 243, 243, 244, 241, 240, 241, 241,
    242, 243, 244, 243, 244, 242, 240, 243, 240, 243, 243, 240, 242, 242,
    241, 241, 242, 242, 243, 240, 240 ]
RHandPositionsX: [ 155, 172, 184, 181, 188, 183, 174, 169, 167, 164, 163,
    162, 164, 178, 183, 185, 188, 177, 174, 171, 164, 161, 161, 165, 171,
    176, 174, 174, 168, 163, 159, 161, 159, 166, 167, 179, 179, 179, 178,
    174, 168, 165, 161, 159, 163, 167, 178, 177, 179, 184, 178, 177, 171,
    170, 168, 169, 172, 178, 178, 180, 182, 181, 174, 170, 166, 168, 169,
    175, 180, 182, 189, 187, 189, 188, 184, 184, 182, 183, 179, 180, 181,
    181, 179, 181, 180, 181, 180, 178 ]
RHandPositionsY: [ 92, 93, 94, 96, 91, 89, 83, 81, 79, 75, 73, 73, 77,
    86, 91, 91, 88, 85, 82, 78, 76, 75, 73, 76, 81, 91, 92, 88, 89, 88,
    84, 83, 78, 84, 85, 91, 94, 96, 94, 90, 87, 84, 85, 86, 83, 87, 93,
    95, 100, 104, 103, 93, 94, 94, 97, 93, 100, 106, 109, 109, 104, 99,
    101, 98, 98, 99, 110, 123, 137, 151, 161, 176, 189, 190, 201, 208,
    217, 226, 229, 239, 236, 237, 239, 243, 240, 239, 243, 239 ]
