%YAML:1.0
---
videoName: "RHShake05.mp4"
gestureLabel: 2
fps: 30
pixelSizeInCmTemp: 3.1103896103896100e-01
faceCenterPointX: 295
faceCenterPointY: 47
LHandPositionsX: [ 409, 411, 410, 408, 408, 410, 408, 408, 408, 411, 411,
    412, 411, 411, 412, 409, 410, 408, 408, 408, 408, 412, 412, 409, 411,
    411, 412, 410, 411, 412, 408, 409, 412, 409, 408, 411, 411, 409, 408,
    410, 409, 408, 411, 408, 412, 410, 408, 412, 408, 412, 409, 411, 411,
    409, 411, 412, 409, 411, 411, 411, 412, 411, 408, 410, 412, 412, 409,
    411, 409, 408, 412, 411, 411, 411, 411, 411, 408, 412, 408, 412, 409,
    408, 410, 409, 408, 411, 410, 412, 409, 411, 410 ]
LHandPositionsY: [ 261, 261, 260, 259, 260, 258, 258, 258, 258, 259, 261,
    257, 258, 260, 259, 257, 257, 258, 260, 260, 260, 257, 261, 261, 257,
    259, 261, 261, 260, 261, 261, 257, 261, 261, 261, 257, 261, 258, 259,
    258, 261, 258, 257, 258, 261, 260, 261, 257, 257, 259, 258, 260, 258,
    257, 260, 257, 260, 261, 261, 260, 261, 258, 259, 261, 257, 258, 260,
    259, 259, 261, 257, 261, 258, 259, 258, 260, 260, 258, 261, 259, 259,
    261, 261, 259, 258, 259, 259, 259, 260, 258, 260 ]
RHandPositionsX: [ 174, 176, 174, 173, 174, 177, 173, 173, 176, 174, 173,
    176, 173, 176, 174, 174, 172, 171, 174, 172, 172, 170, 170, 175, 173,
    177, 181, 180, 174, 165, 148, 156, 152, 157, 163, 176, 191, 201, 188,
    180, 175, 173, 168, 171, 177, 178, 188, 181, 179, 173, 173, 170, 171,
    176, 178, 189, 185, 179, 173, 169, 167, 169, 176, 191, 190, 194, 184,
    181, 178, 179, 180, 179, 187, 195, 196, 192, 181, 174, 171, 172, 171,
    178, 180, 185, 192, 189, 183, 177, 178, 175, 175 ]
RHandPositionsY: [ 259, 261, 261, 258, 258, 258, 261, 259, 262, 258, 262,
    259, 261, 261, 260, 260, 259, 260, 261, 260, 258, 263, 263, 261, 259,
    249, 233, 208, 181, 157, 129, 130, 104, 90, 89, 92, 93, 94, 89, 83,
    80, 80, 78, 79, 87, 85, 84, 81, 81, 72, 72, 74, 81, 84, 86, 92, 87,
    86, 82, 83, 83, 84, 90, 93, 94, 91, 89, 85, 81, 84, 83, 88, 89, 93,
    90, 88, 91, 87, 89, 92, 109, 135, 156, 179, 203, 219, 224, 234, 241,
    247, 249 ]
