%YAML:1.0
---
videoName: "RHShake08.mp4"
gestureLabel: 2
fps: 29
pixelSizeInCmTemp: 3.2808219178082193e-01
faceCenterPointX: 290
faceCenterPointY: 45
LHandPositionsX: [ 315, 313, 315, 317, 315, 316, 314, 313, 314, 311, 311,
    313, 312, 310, 308, 311, 308, 311, 310, 309, 306, 306, 307, 306, 308,
    310, 309, 306, 308, 308, 306, 308, 307, 307, 307, 309, 307, 310, 308,
    310, 308, 309, 307, 307, 307, 307, 309, 305, 305, 306, 306, 309, 308,
    307, 309, 308, 306, 308, 309, 309, 305, 309, 305, 305, 308, 306, 307,
    307, 306, 306, 309, 308, 309, 309, 307, 307, 307, 309, 309, 307, 305,
    305, 307, 307, 311, 309, 307, 310 ]
LHandPositionsY: [ 282, 278, 282, 282, 283, 280, 281, 281, 281, 283, 284,
    283, 283, 285, 281, 285, 284, 281, 281, 281, 284, 283, 283, 285, 282,
    284, 285, 281, 281, 285, 283, 285, 281, 282, 284, 283, 281, 281, 285,
    283, 281, 283, 282, 280, 283, 280, 280, 284, 283, 281, 283, 283, 281,
    281, 283, 280, 283, 283, 280, 280, 284, 281, 281, 281, 281, 280, 282,
    283, 284, 280, 283, 280, 280, 280, 282, 282, 280, 281, 281, 283, 282,
    282, 283, 280, 284, 281, 284, 281 ]
RHandPositionsX: [ 268, 269, 272, 269, 269, 270, 273, 276, 264, 257, 259,
    257, 252, 238, 220, 201, 184, 164, 156, 162, 167, 172, 200, 197, 203,
    199, 195, 191, 184, 181, 187, 193, 202, 201, 193, 195, 184, 181, 180,
    178, 193, 189, 186, 184, 183, 176, 173, 175, 174, 183, 184, 187, 193,
    186, 191, 188, 187, 204, 202, 216, 210, 206, 205, 199, 199, 196, 201,
    207, 213, 214, 210, 215, 223, 229, 241, 247, 253, 263, 264, 266, 267,
    268, 271, 269, 275, 276, 273, 268 ]
RHandPositionsY: [ 266, 269, 268, 269, 270, 267, 270, 270, 268, 263, 252,
    242, 230, 220, 202, 186, 175, 154, 129, 127, 116, 108, 106, 108, 108,
    104, 97, 92, 93, 94, 91, 94, 95, 94, 93, 89, 87, 88, 86, 90, 92, 93,
    93, 92, 88, 88, 85, 85, 89, 96, 97, 93, 100, 98, 92, 89, 90, 91, 98,
    97, 101, 97, 95, 94, 93, 95, 95, 98, 105, 105, 110, 126, 129, 145,
    157, 175, 191, 213, 229, 245, 257, 258, 261, 258, 263, 262, 264, 263 ]
