%YAML:1.0
---
videoName: "RHShake08.mp4"
gestureLabel: 2
fps: 29
pixelSizeInCmTemp: 3.2808219178082193e-01
faceCenterPointX: 290
faceCenterPointY: 45
LHandPositionsX: [ 315, 315, 317, 314, 313, 316, 315, 315, 315, 311, 308,
    313, 312, 308, 311, 308, 311, 307, 306, 309, 307, 307, 307, 308, 307,
    306, 308, 309, 306, 306, 308, 308, 308, 308, 311, 307, 310, 306, 309,
    309, 307, 307, 308, 305, 306, 310, 309, 306, 307, 307, 309, 308, 309,
    306, 306, 307, 307, 309, 306, 307, 305, 305, 307, 309, 309, 309, 306,
    309, 306, 306, 308, 305, 309, 306, 308, 309, 309, 309, 305, 305, 307,
    309, 309, 310, 311, 307, 307, 308 ]
LHandPositionsY: [ 282, 282, 281, 283, 282, 282, 282, 283, 285, 284, 285,
    282, 284, 283, 283, 281, 281, 283, 285, 281, 282, 281, 284, 283, 284,
    283, 282, 284, 281, 282, 283, 285, 285, 284, 283, 282, 284, 285, 283,
    284, 283, 285, 281, 281, 281, 282, 280, 283, 284, 284, 284, 283, 283,
    280, 281, 284, 280, 280, 284, 284, 283, 284, 284, 280, 282, 283, 283,
    280, 280, 282, 280, 282, 284, 284, 284, 284, 281, 283, 281, 281, 282,
    284, 280, 280, 283, 282, 283, 280 ]
RHandPositionsX: [ 268, 268, 269, 270, 271, 273, 273, 279, 264, 259, 257,
    258, 251, 237, 220, 201, 185, 163, 157, 160, 164, 172, 199, 200, 203,
    198, 195, 192, 185, 181, 190, 191, 205, 198, 195, 193, 184, 182, 178,
    178, 191, 192, 190, 183, 185, 180, 174, 173, 175, 183, 185, 187, 191,
    189, 192, 191, 189, 202, 202, 219, 213, 208, 203, 199, 196, 193, 201,
    206, 214, 211, 210, 216, 222, 231, 242, 247, 251, 261, 264, 266, 267,
    266, 270, 271, 272, 273, 271, 272 ]
RHandPositionsY: [ 268, 267, 266, 270, 266, 268, 269, 266, 267, 265, 255,
    242, 230, 219, 202, 183, 174, 154, 129, 127, 112, 108, 108, 107, 108,
    105, 97, 94, 91, 94, 90, 94, 96, 97, 95, 91, 89, 88, 87, 91, 93, 91,
    94, 94, 90, 89, 84, 87, 90, 95, 96, 93, 98, 98, 95, 92, 91, 91, 100,
    95, 99, 97, 96, 92, 96, 92, 97, 102, 107, 107, 110, 125, 129, 141,
    157, 175, 195, 216, 230, 246, 257, 258, 259, 258, 264, 263, 266, 266 ]
