%YAML:1.0
---
videoName: "RHShake20.mp4"
gestureLabel: 2
fps: 29
pixelSizeInCmTemp: 3.3263888888888887e-01
faceCenterPointX: 286
faceCenterPointY: 45
LHandPositionsX: [ 393, 390, 394, 393, 393, 393, 393, 391, 393, 390, 393,
    390, 393, 391, 390, 391, 390, 394, 392, 391, 391, 391, 391, 390, 391,
    391, 390, 392, 391, 393, 393, 392, 391, 391, 391, 391, 394, 390, 394,
    394, 394, 391, 390, 390, 392, 391, 390, 391, 394, 390, 390, 393, 391,
    391, 391, 393, 392, 394, 391, 391, 391, 391, 393, 391, 391, 393, 394,
    392, 390, 391, 390, 394, 393, 393, 394, 391, 390, 393, 394, 392, 392,
    394, 393, 392, 390, 391, 392, 394 ]
LHandPositionsY: [ 245, 242, 242, 243, 245, 244, 245, 243, 243, 240, 242,
    242, 241, 240, 240, 239, 239, 243, 242, 240, 242, 239, 242, 242, 242,
    239, 241, 241, 242, 242, 239, 240, 240, 243, 242, 239, 243, 241, 242,
    242, 240, 241, 241, 239, 243, 243, 239, 243, 240, 243, 239, 242, 241,
    240, 242, 240, 239, 239, 240, 240, 242, 243, 243, 242, 243, 239, 239,
    239, 240, 241, 241, 240, 240, 240, 243, 239, 241, 239, 243, 243, 240,
    239, 240, 240, 239, 242, 241, 241 ]
RHandPositionsX: [ 162, 162, 161, 156, 155, 155, 152, 154, 158, 156, 159,
    158, 157, 153, 153, 153, 149, 152, 159, 160, 164, 163, 157, 156, 155,
    153, 150, 151, 162, 164, 161, 160, 156, 156, 157, 152, 150, 148, 157,
    164, 167, 165, 163, 160, 155, 151, 154, 154, 160, 160, 168, 166, 164,
    168, 169, 167, 164, 166, 163, 158, 163, 167, 173, 178, 183, 183, 186,
    185, 187, 184, 184, 180, 179, 177, 180, 179, 181, 177, 177, 177, 179,
    179, 180, 179, 176, 179, 180, 179 ]
RHandPositionsY: [ 108, 107, 103, 100, 102, 100, 101, 101, 101, 102, 102,
    101, 97, 98, 99, 96, 99, 104, 111, 115, 114, 115, 111, 111, 108, 106,
    107, 110, 117, 120, 119, 115, 113, 110, 107, 106, 102, 104, 113, 120,
    123, 124, 124, 120, 116, 114, 112, 110, 110, 117, 122, 124, 124, 124,
    121, 118, 117, 116, 113, 112, 115, 125, 130, 139, 146, 155, 167, 175,
    185, 193, 202, 210, 217, 225, 234, 234, 241, 238, 243, 244, 243, 246,
    246, 243, 247, 246, 245, 244 ]
