%YAML:1.0
---
videoName: "RHShake19.mp4"
gestureLabel: 2
fps: 29
pixelSizeInCmTemp: 3.2808219178082193e-01
faceCenterPointX: 283
faceCenterPointY: 48
LHandPositionsX: [ 390, 390, 389, 392, 388, 388, 389, 389, 389, 389, 388,
    389, 392, 392, 388, 388, 390, 389, 388, 389, 389, 388, 388, 388, 392,
    391, 391, 389, 391, 389, 389, 391, 388, 391, 389, 390, 392, 392, 389,
    392, 392, 392, 391, 389, 391, 392, 389, 390, 391, 392, 389, 391, 392,
    389, 392, 390, 392, 390, 389, 392, 388, 388, 389, 391, 392, 388, 390,
    389, 391, 391, 388, 388, 389, 389, 392, 389, 391, 389, 388, 388, 390,
    390, 392, 391, 391, 390, 389, 390 ]
LHandPositionsY: [ 241, 240, 240, 244, 240, 243, 241, 240, 241, 243, 242,
    242, 241, 243, 243, 244, 241, 241, 241, 242, 243, 241, 240, 244, 240,
    243, 240, 242, 244, 243, 244, 244, 241, 243, 244, 244, 244, 240, 240,
    243, 240, 243, 241, 240, 241, 243, 241, 241, 242, 241, 240, 242, 244,
    240, 241, 243, 242, 243, 244, 241, 242, 241, 240, 243, 244, 243, 240,
    243, 242, 240, 244, 242, 241, 244, 242, 241, 242, 241, 243, 240, 240,
    244, 244, 243, 244, 241, 240, 242 ]
RHandPositionsX: [ 158, 174, 180, 184, 189, 185, 177, 169, 166, 164, 161,
    161, 165, 177, 182, 185, 185, 178, 176, 172, 166, 160, 159, 165, 170,
    173, 173, 171, 171, 163, 162, 160, 159, 163, 167, 178, 178, 178, 181,
    171, 166, 161, 164, 162, 161, 167, 176, 177, 179, 185, 178, 175, 171,
    169, 168, 171, 172, 181, 179, 178, 180, 179, 174, 172, 169, 168, 173,
    176, 178, 181, 189, 189, 189, 186, 186, 184, 184, 182, 180, 178, 180,
    180, 182, 178, 179, 178, 181, 182 ]
RHandPositionsY: [ 89, 94, 93, 97, 95, 91, 87, 79, 77, 75, 73, 72, 77,
    85, 92, 88, 90, 85, 81, 76, 79, 75, 74, 73, 81, 90, 94, 91, 86, 87,
    82, 81, 78, 83, 86, 91, 94, 96, 92, 90, 90, 88, 87, 85, 85, 85, 93,
    95, 100, 104, 100, 93, 98, 97, 94, 97, 102, 103, 108, 107, 105, 99,
    100, 101, 102, 97, 109, 125, 136, 149, 162, 173, 189, 192, 198, 211,
    218, 224, 232, 237, 235, 238, 239, 240, 244, 242, 239, 242 ]
