%YAML:1.0
---
videoName: "RHShake04.mp4"
gestureLabel: 2
fps: 29
pixelSizeInCmTemp: 3.1513157894736843e-01
faceCenterPointX: 292
faceCenterPointY: 47
LHandPositionsX: [ 409, 410, 410, 411, 413, 410, 408, 412, 410, 410, 413,
    409, 412, 409, 408, 408, 410, 410, 409, 411, 407, 409, 406, 408, 410,
    409, 405, 407, 407, 409, 406, 406, 407, 408, 405, 406, 408, 405, 408,
    407, 406, 405, 408, 406, 409, 408, 407, 405, 409, 405, 405, 408, 406,
    409, 406, 409, 406, 406, 406, 406, 406, 405, 406, 407, 405, 403, 406,
    404, 406, 404, 403, 404, 406, 402, 403, 402, 406, 404, 402, 405, 401,
    405, 405, 402, 403, 405, 404, 402 ]
LHandPositionsY: [ 262, 264, 263, 265, 264, 264, 261, 262, 265, 264, 265,
    265, 261, 263, 261, 261, 262, 265, 260, 263, 263, 264, 261, 264, 262,
    260, 262, 263, 264, 264, 264, 261, 262, 264, 263, 260, 260, 263, 261,
    260, 260, 261, 263, 263, 264, 262, 260, 261, 264, 261, 261, 264, 263,
    262, 261, 264, 264, 262, 262, 261, 263, 263, 261, 260, 263, 259, 260,
    259, 262, 259, 262, 261, 262, 261, 259, 261, 262, 260, 259, 260, 260,
    259, 259, 257, 261, 261, 261, 257 ]
RHandPositionsX: [ 182, 180, 181, 179, 181, 180, 180, 181, 179, 178, 181,
    178, 177, 181, 177, 180, 177, 176, 179, 178, 177, 176, 176, 181, 182,
    175, 169, 163, 162, 164, 164, 166, 182, 190, 195, 188, 189, 181, 174,
    168, 164, 169, 173, 177, 179, 179, 183, 172, 170, 166, 168, 172, 175,
    177, 180, 180, 176, 173, 171, 173, 170, 175, 178, 185, 192, 190, 183,
    180, 175, 174, 169, 170, 172, 175, 187, 191, 194, 191, 191, 187, 188,
    189, 187, 178, 174, 177, 173, 172 ]
RHandPositionsY: [ 266, 266, 264, 268, 265, 263, 266, 264, 264, 265, 264,
    266, 267, 271, 269, 268, 271, 270, 271, 269, 271, 274, 266, 245, 224,
    194, 169, 149, 124, 121, 117, 104, 100, 100, 102, 101, 98, 93, 92,
    95, 90, 91, 96, 96, 96, 99, 95, 93, 96, 94, 91, 95, 98, 99, 96, 99,
    97, 95, 94, 91, 90, 97, 95, 98, 96, 96, 93, 95, 96, 94, 93, 93, 99,
    106, 120, 133, 143, 151, 166, 180, 195, 210, 223, 229, 238, 247, 247,
    250 ]
