%YAML:1.0
---
videoName: "RHShake00.mp4"
gestureLabel: 2
fps: 29
pixelSizeInCmTemp: 3.4710144927536229e-01
faceCenterPointX: 283
faceCenterPointY: 97
LHandPositionsX: [ 344, 345, 342, 343, 343, 344, 346, 343, 346, 343, 342,
    345, 346, 342, 345, 343, 346, 342, 344, 342, 343, 343, 345, 345, 345,
    346, 344, 342, 343, 345, 342, 346, 346, 346, 346, 342, 345, 343, 343,
    343, 343, 344, 345, 343, 343, 345, 344, 346, 344, 344, 342, 343, 343,
    342, 345, 344, 346, 346, 344, 346, 344, 342, 344, 345, 344, 344, 346,
    346, 342, 346, 342, 344, 344, 343, 346, 342, 343, 342, 342, 344, 343,
    343, 342, 346, 342, 343, 343, 344 ]
LHandPositionsY: [ 274, 273, 276, 272, 274, 276, 273, 274, 272, 272, 272,
    273, 274, 272, 273, 275, 273, 273, 272, 274, 273, 276, 274, 275, 272,
    274, 272, 273, 274, 272, 276, 273, 276, 274, 274, 273, 272, 275, 275,
    275, 272, 276, 276, 276, 272, 272, 273, 274, 274, 272, 275, 275, 273,
    274, 273, 275, 274, 276, 275, 274, 276, 272, 274, 275, 276, 274, 276,
    276, 272, 274, 274, 274, 273, 273, 274, 276, 272, 274, 273, 276, 275,
    276, 272, 274, 272, 274, 272, 274 ]
RHandPositionsX: [ 177, 171, 169, 156, 151, 144, 146, 145, 141, 142, 146,
    148, 150, 168, 165, 167, 168, 165, 165, 161, 151, 152, 149, 148, 153,
    166, 164, 164, 166, 163, 158, 148, 152, 145, 153, 153, 164, 163, 164,
    164, 164, 157, 151, 142, 140, 145, 150, 151, 152, 154, 157, 163, 155,
    149, 143, 146, 143, 151, 154, 162, 161, 161, 169, 160, 158, 152, 148,
    141, 142, 145, 149, 154, 157, 158, 161, 165, 169, 176, 179, 180, 182,
    189, 187, 191, 195, 197, 196, 197 ]
RHandPositionsY: [ 259, 252, 240, 217, 200, 187, 177, 169, 161, 151, 141,
    137, 133, 133, 138, 140, 133, 133, 125, 122, 122, 124, 120, 118, 125,
    132, 135, 131, 134, 130, 129, 126, 127, 123, 134, 133, 137, 138, 137,
    139, 138, 136, 133, 130, 128, 133, 135, 135, 136, 140, 140, 141, 133,
    132, 129, 129, 130, 131, 140, 146, 148, 147, 145, 146, 140, 138, 137,
    138, 140, 150, 154, 161, 168, 177, 180, 189, 198, 208, 216, 219, 228,
    236, 241, 246, 252, 256, 264, 262 ]
