%YAML:1.0
---
videoName: "RHShake16.mp4"
gestureLabel: 2
fps: 29
pixelSizeInCmTemp: 3.2808219178082193e-01
faceCenterPointX: 281
faceCenterPointY: 44
LHandPositionsX: [ 369, 373, 372, 371, 369, 371, 370, 371, 373, 370, 371,
    372, 370, 370, 371, 369, 373, 371, 372, 370, 369, 372, 369, 373, 369,
    369, 373, 373, 370, 371, 370, 371, 370, 373, 370, 369, 369, 370, 371,
    373, 372, 370, 371, 372, 372, 373, 369, 372, 372, 369, 372, 371, 371,
    369, 373, 369, 369, 372, 371, 373, 372, 371, 371, 373, 372, 369, 373,
    372, 371, 370, 373, 373, 372, 372, 372, 369, 370, 373, 373, 372, 370,
    372, 373, 371, 372, 373, 369, 371 ]
LHandPositionsY: [ 234, 231, 231, 233, 231, 232, 232, 233, 234, 232, 230,
    232, 233, 231, 233, 232, 232, 232, 233, 233, 232, 232, 233, 231, 233,
    233, 231, 232, 234, 233, 230, 233, 233, 230, 233, 230, 234, 231, 232,
    234, 231, 233, 230, 230, 231, 231, 230, 230, 233, 231, 233, 233, 231,
    231, 233, 230, 232, 231, 233, 232, 230, 233, 232, 232, 230, 233, 232,
    230, 231, 231, 232, 232, 233, 230, 229, 232, 231, 230, 229, 233, 229,
    231, 233, 233, 232, 229, 230, 232 ]
RHandPositionsX: [ 168, 168, 171, 167, 167, 170, 167, 171, 170, 170, 167,
    168, 169, 168, 170, 171, 169, 169, 162, 153, 151, 147, 139, 130, 128,
    122, 117, 120, 124, 124, 126, 128, 136, 141, 144, 141, 137, 138, 136,
    140, 141, 144, 148, 150, 146, 147, 147, 150, 148, 146, 152, 151, 150,
    150, 147, 148, 146, 143, 146, 154, 154, 155, 157, 154, 156, 153, 150,
    150, 152, 163, 168, 170, 174, 174, 178, 174, 177, 173, 173, 169, 169,
    170, 168, 172, 172, 168, 172, 168 ]
RHandPositionsY: [ 266, 268, 268, 267, 265, 266, 265, 265, 267, 269, 268,
    266, 268, 266, 265, 266, 264, 267, 257, 243, 218, 200, 178, 161, 142,
    128, 116, 116, 109, 104, 106, 101, 100, 95, 95, 92, 91, 92, 89, 86,
    90, 91, 92, 87, 88, 86, 86, 86, 89, 87, 88, 89, 88, 85, 88, 84, 86,
    86, 88, 91, 91, 88, 91, 90, 89, 86, 91, 92, 103, 117, 132, 148, 159,
    174, 185, 189, 195, 201, 210, 217, 222, 225, 223, 232, 238, 234, 237,
    239 ]
