%YAML:1.0
---
videoName: "RHShake24.mp4"
gestureLabel: 2
fps: 30
pixelSizeInCmTemp: 3.3732394366197183e-01
faceCenterPointX: 304
faceCenterPointY: 46
LHandPositionsX: [ 392, 392, 389, 393, 389, 389, 392, 391, 390, 393, 391,
    392, 390, 389, 391, 391, 391, 390, 392, 392, 389, 390, 389, 389, 389,
    390, 391, 393, 389, 392, 393, 389, 393, 389, 392, 390, 390, 392, 390,
    389, 389, 392, 392, 389, 392, 390, 390, 389, 391, 392, 390, 391, 391,
    393, 392, 392, 390, 391, 389, 393, 390, 391, 389, 390, 392, 393, 390,
    389, 390, 389, 390, 390, 389, 392, 389, 391, 393, 392, 392, 389, 392,
    391, 390, 393, 393, 393, 389, 393, 391, 392, 391 ]
LHandPositionsY: [ 229, 229, 225, 226, 227, 226, 227, 226, 227, 226, 225,
    229, 229, 226, 228, 225, 225, 229, 228, 225, 227, 229, 225, 226, 227,
    225, 228, 228, 229, 229, 227, 227, 226, 227, 226, 227, 229, 227, 226,
    229, 226, 229, 225, 225, 228, 227, 226, 228, 228, 228, 227, 226, 228,
    226, 225, 227, 227, 225, 225, 225, 226, 227, 226, 227, 228, 228, 225,
    225, 229, 228, 226, 228, 228, 228, 226, 229, 226, 227, 225, 227, 226,
    228, 228, 228, 226, 226, 228, 227, 226, 225, 225 ]
RHandPositionsX: [ 142, 148, 151, 151, 153, 153, 155, 150, 146, 141, 140,
    139, 144, 152, 163, 164, 160, 160, 162, 155, 151, 145, 146, 142, 142,
    148, 159, 159, 157, 157, 155, 155, 150, 143, 141, 141, 149, 151, 158,
    160, 159, 164, 157, 156, 149, 143, 142, 141, 141, 149, 159, 165, 165,
    171, 171, 165, 158, 149, 153, 147, 149, 146, 153, 165, 167, 167, 168,
    170, 175, 176, 178, 183, 183, 187, 191, 191, 195, 194, 194, 194, 192,
    192, 196, 194, 192, 193, 192, 196, 196, 193, 197 ]
RHandPositionsY: [ 96, 100, 101, 101, 104, 100, 95, 88, 85, 89, 86, 87,
    86, 102, 110, 110, 113, 116, 105, 102, 99, 98, 95, 93, 94, 98, 110,
    111, 112, 114, 107, 103, 98, 95, 95, 90, 89, 96, 102, 105, 110, 111,
    106, 101, 100, 98, 97, 93, 92, 108, 122, 119, 122, 124, 120, 103, 99,
    103, 100, 101, 94, 98, 105, 113, 116, 116, 121, 120, 132, 143, 152,
    151, 153, 159, 165, 170, 176, 190, 196, 205, 209, 208, 210, 215, 218,
    218, 222, 224, 224, 227, 226 ]
