%YAML:1.0
---
videoName: "RHShake13.mp4"
gestureLabel: 2
fps: 30
pixelSizeInCmTemp: 3.2808219178082193e-01
faceCenterPointX: 278
faceCenterPointY: 45
LHandPositionsX: [ 305, 306, 308, 305, 305, 307, 305, 305, 308, 308, 307,
    309, 305, 307, 306, 308, 307, 305, 307, 307, 309, 309, 307, 309, 307,
    308, 305, 309, 307, 306, 305, 306, 308, 307, 309, 305, 305, 309, 307,
    308, 307, 308, 307, 307, 308, 307, 309, 309, 306, 305, 308, 305, 307,
    305, 305, 305, 307, 307, 309, 308, 308, 308, 309, 307, 307, 305, 308,
    305, 306, 309, 308, 305, 310, 307, 308, 309, 310, 310, 306, 304, 300,
    304, 303, 307, 303, 306, 304, 305, 305, 304, 304 ]
LHandPositionsY: [ 245, 245, 244, 243, 245, 245, 244, 241, 241, 243, 245,
    245, 241, 243, 240, 244, 240, 243, 242, 240, 241, 239, 242, 243, 242,
    240, 243, 242, 239, 240, 241, 242, 243, 242, 239, 241, 242, 242, 242,
    238, 240, 239, 238, 239, 241, 240, 239, 239, 240, 238, 242, 241, 239,
    240, 240, 241, 239, 241, 239, 242, 240, 241, 240, 239, 239, 240, 241,
    239, 241, 242, 241, 241, 241, 236, 238, 235, 235, 233, 232, 231, 231,
    232, 234, 237, 240, 240, 242, 244, 246, 245, 245 ]
RHandPositionsX: [ 166, 153, 136, 141, 140, 139, 143, 144, 146, 150, 146,
    144, 140, 138, 136, 140, 140, 143, 143, 144, 135, 131, 132, 131, 129,
    132, 133, 140, 141, 137, 136, 131, 130, 133, 132, 132, 135, 136, 136,
    139, 134, 134, 132, 132, 137, 146, 148, 150, 147, 144, 144, 136, 136,
    141, 140, 142, 141, 140, 144, 139, 132, 132, 132, 132, 138, 139, 143,
    146, 155, 159, 167, 177, 190, 199, 212, 223, 237, 247, 252, 254, 252,
    251, 258, 260, 257, 260, 258, 260, 259, 260, 261 ]
RHandPositionsY: [ 156, 140, 118, 119, 115, 109, 104, 103, 99, 96, 91,
    89, 88, 88, 88, 87, 87, 91, 89, 87, 88, 84, 86, 88, 85, 87, 90, 91,
    88, 88, 89, 88, 90, 91, 88, 92, 91, 91, 93, 89, 92, 89, 89, 87, 91,
    96, 97, 97, 93, 93, 95, 94, 92, 94, 96, 99, 97, 98, 101, 97, 97, 97,
    97, 99, 101, 102, 110, 108, 121, 126, 138, 144, 157, 164, 176, 186,
    198, 208, 213, 217, 217, 219, 230, 236, 238, 235, 238, 237, 241, 241,
    243 ]
