%YAML:1.0
---
videoName: "RHShake21.mp4"
gestureLabel: 2
fps: 29
pixelSizeInCmTemp: 3.3732394366197183e-01
faceCenterPointX: 293
faceCenterPointY: 47
LHandPositionsX: [ 394, 394, 398, 398, 396, 394, 398, 398, 395, 398, 395,
    398, 398, 394, 395, 395, 394, 394, 396, 396, 396, 398, 397, 396, 397,
    398, 396, 394, 397, 397, 396, 394, 395, 397, 395, 395, 394, 398, 397,
    397, 394, 398, 395, 394, 396, 396, 397, 397, 398, 398, 396, 394, 394,
    396, 396, 394, 398, 394, 398, 395, 398, 395, 394, 397, 396, 396, 394,
    394, 397, 397, 395, 394, 396, 398, 396, 396, 397, 398, 394, 395, 397,
    396, 398, 397, 398, 397, 394, 394 ]
LHandPositionsY: [ 242, 238, 238, 239, 240, 239, 240, 239, 238, 241, 239,
    239, 242, 240, 241, 241, 242, 241, 238, 240, 239, 239, 239, 240, 240,
    240, 240, 238, 242, 242, 238, 239, 238, 239, 239, 239, 242, 240, 242,
    240, 242, 242, 242, 238, 240, 241, 241, 239, 241, 240, 241, 241, 240,
    238, 242, 239, 240, 239, 241, 239, 241, 238, 239, 238, 240, 238, 239,
    242, 242, 242, 241, 238, 239, 238, 242, 241, 242, 242, 241, 241, 242,
    240, 241, 240, 240, 238, 238, 239 ]
RHandPositionsX: [ 132, 138, 142, 144, 145, 146, 143, 142, 139, 135, 132,
    140, 143, 148, 148, 150, 145, 143, 138, 139, 136, 133, 140, 145, 147,
    152, 151, 148, 144, 144, 140, 139, 139, 141, 141, 144, 152, 150, 151,
    146, 144, 138, 136, 137, 138, 142, 147, 148, 150, 148, 147, 145, 137,
    137, 133, 136, 139, 145, 153, 164, 172, 175, 175, 181, 180, 184, 189,
    185, 185, 188, 192, 190, 185, 190, 189, 187, 185, 187, 186, 189, 189,
    185, 186, 188, 189, 185, 185, 187 ]
RHandPositionsY: [ 79, 87, 90, 89, 88, 86, 81, 80, 83, 80, 82, 84, 90,
    89, 91, 92, 89, 87, 84, 87, 86, 83, 80, 87, 87, 90, 94, 90, 90, 88,
    84, 86, 85, 84, 87, 87, 90, 94, 94, 92, 88, 85, 85, 85, 85, 93, 98,
    96, 99, 99, 97, 95, 94, 93, 90, 92, 93, 103, 113, 129, 141, 152, 150,
    152, 159, 171, 180, 189, 202, 209, 216, 216, 219, 226, 224, 224, 227,
    228, 230, 230, 231, 227, 227, 229, 230, 227, 230, 230 ]
