%YAML:1.0
---
videoName: "RHShake16.mp4"
gestureLabel: 2
fps: 29
pixelSizeInCmTemp: 3.2808219178082193e-01
faceCenterPointX: 281
faceCenterPointY: 44
LHandPositionsX: [ 371, 372, 373, 372, 373, 369, 373, 371, 373, 371, 370,
    370, 369, 369, 372, 373, 373, 369, 371, 372, 372, 373, 369, 371, 373,
    371, 372, 373, 373, 370, 369, 371, 369, 372, 373, 371, 371, 371, 371,
    371, 369, 372, 371, 372, 372, 372, 373, 369, 369, 372, 373, 370, 370,
    372, 372, 370, 372, 371, 371, 371, 370, 372, 372, 369, 372, 371, 370,
    371, 372, 371, 371, 373, 371, 369, 369, 372, 372, 371, 369, 372, 369,
    372, 372, 373, 370, 369, 369, 369 ]
LHandPositionsY: [ 234, 231, 231, 232, 230, 233, 234, 230, 232, 230, 231,
    234, 232, 233, 232, 230, 232, 234, 234, 231, 231, 232, 231, 234, 233,
    231, 230, 233, 233, 230, 233, 230, 232, 230, 233, 231, 230, 230, 232,
    233, 230, 232, 233, 230, 230, 234, 230, 232, 233, 232, 231, 233, 234,
    233, 229, 231, 232, 230, 229, 229, 233, 229, 230, 232, 229, 230, 230,
    233, 230, 232, 229, 233, 230, 230, 233, 232, 231, 230, 232, 230, 231,
    233, 233, 231, 230, 231, 231, 229 ]
RHandPositionsX: [ 171, 171, 170, 169, 170, 171, 169, 167, 170, 168, 168,
    167, 167, 170, 169, 168, 168, 167, 165, 154, 152, 147, 139, 132, 128,
    121, 117, 121, 125, 125, 127, 128, 138, 143, 145, 142, 137, 138, 135,
    138, 140, 146, 150, 152, 150, 146, 148, 148, 147, 149, 151, 150, 151,
    150, 149, 144, 146, 146, 147, 154, 152, 156, 155, 154, 155, 151, 149,
    151, 154, 161, 164, 169, 174, 178, 176, 174, 175, 175, 174, 170, 172,
    172, 170, 169, 168, 169, 169, 170 ]
RHandPositionsY: [ 269, 266, 267, 265, 265, 268, 265, 265, 265, 268, 265,
    265, 268, 267, 267, 266, 268, 267, 258, 245, 219, 199, 176, 162, 146,
    128, 116, 116, 110, 108, 105, 105, 99, 96, 96, 94, 90, 89, 87, 90,
    90, 90, 92, 91, 88, 85, 86, 88, 88, 85, 88, 86, 90, 88, 89, 86, 86,
    89, 90, 88, 90, 87, 87, 86, 86, 87, 90, 93, 104, 119, 133, 146, 159,
    172, 185, 192, 196, 204, 212, 215, 223, 221, 226, 232, 237, 237, 235,
    236 ]
