%YAML:1.0
---
videoName: "RHShake08.mp4"
gestureLabel: 2
fps: 29
pixelSizeInCmTemp: 3.2808219178082193e-01
faceCenterPointX: 290
faceCenterPointY: 45
LHandPositionsX: [ 316, 317, 315, 317, 316, 313, 316, 314, 315, 312, 308,
    309, 310, 308, 307, 311, 308, 311, 307, 309, 307, 306, 309, 306, 310,
    310, 310, 308, 310, 306, 308, 309, 307, 309, 307, 307, 306, 306, 307,
    307, 309, 307, 307, 305, 305, 310, 308, 306, 309, 307, 308, 307, 306,
    306, 308, 307, 306, 306, 307, 306, 305, 309, 308, 306, 306, 309, 305,
    306, 309, 307, 306, 308, 305, 309, 305, 307, 306, 307, 308, 307, 309,
    309, 310, 310, 308, 307, 310, 309 ]
LHandPositionsY: [ 282, 280, 281, 280, 282, 281, 284, 284, 282, 282, 283,
    285, 285, 281, 285, 284, 281, 283, 284, 285, 284, 283, 282, 283, 281,
    283, 285, 281, 285, 281, 284, 285, 285, 284, 284, 283, 281, 285, 284,
    284, 283, 282, 281, 281, 284, 284, 282, 283, 283, 283, 282, 283, 281,
    280, 283, 280, 281, 280, 281, 281, 280, 281, 283, 284, 280, 281, 282,
    283, 283, 281, 283, 280, 283, 282, 280, 283, 282, 281, 281, 280, 282,
    282, 284, 280, 282, 280, 281, 280 ]
RHandPositionsX: [ 267, 271, 270, 271, 273, 270, 273, 278, 266, 258, 260,
    254, 249, 236, 221, 203, 186, 164, 154, 159, 165, 174, 198, 200, 205,
    201, 192, 191, 182, 178, 191, 190, 206, 199, 197, 196, 186, 183, 181,
    180, 189, 190, 188, 186, 181, 176, 175, 175, 177, 181, 186, 188, 191,
    189, 194, 191, 188, 201, 205, 219, 211, 207, 203, 199, 197, 195, 204,
    204, 217, 214, 214, 214, 221, 230, 239, 247, 252, 263, 260, 266, 267,
    269, 268, 270, 274, 277, 272, 269 ]
RHandPositionsY: [ 266, 267, 268, 269, 269, 269, 270, 268, 268, 261, 254,
    245, 232, 218, 201, 182, 171, 154, 132, 126, 115, 110, 105, 108, 108,
    106, 101, 96, 93, 92, 91, 93, 97, 96, 95, 90, 90, 85, 89, 90, 93, 94,
    95, 93, 88, 86, 85, 88, 88, 94, 96, 94, 99, 96, 93, 93, 90, 93, 100,
    97, 98, 97, 95, 94, 92, 93, 97, 102, 104, 106, 112, 124, 129, 141,
    157, 175, 194, 214, 230, 243, 256, 258, 257, 261, 260, 265, 263, 263 ]
