%YAML:1.0
---
videoName: "RHShake23.mp4"
gestureLabel: 2
fps: 29
pixelSizeInCmTemp: 3.3263888888888887e-01
faceCenterPointX: 298
faceCenterPointY: 49
LHandPositionsX: [ 389, 388, 390, 387, 391, 390, 389, 391, 390, 391, 387,
    388, 389, 390, 387, 389, 390, 390, 387, 390, 390, 389, 390, 387, 387,
    388, 388, 390, 390, 389, 387, 387, 388, 387, 389, 391, 390, 391, 390,
    389, 391, 387, 388, 387, 390, 390, 389, 389, 388, 390, 387, 388, 391,
    390, 387, 387, 387, 391, 387, 387, 391, 391, 390, 388, 388, 387, 389,
    389, 390, 390, 389, 389, 391, 389, 390, 387, 388, 387, 388, 388, 389,
    390, 387, 387, 389, 388, 390, 387 ]
LHandPositionsY: [ 228, 226, 227, 228, 228, 224, 228, 228, 226, 225, 228,
    226, 227, 225, 227, 224, 224, 224, 224, 225, 228, 225, 225, 225, 225,
    224, 226, 226, 226, 227, 226, 228, 225, 228, 226, 225, 226, 227, 225,
    226, 227, 224, 224, 228, 228, 225, 226, 226, 225, 227, 224, 228, 226,
    227, 226, 228, 227, 224, 227, 228, 225, 228, 227, 226, 224, 226, 226,
    226, 227, 225, 227, 225, 227, 224, 225, 225, 226, 225, 227, 225, 224,
    224, 227, 224, 224, 226, 224, 228 ]
RHandPositionsX: [ 171, 171, 175, 190, 191, 186, 195, 187, 179, 179, 173,
    175, 172, 178, 187, 197, 195, 197, 199, 194, 183, 184, 174, 174, 170,
    173, 174, 176, 192, 202, 202, 199, 202, 197, 193, 187, 185, 181, 181,
    181, 185, 201, 202, 204, 208, 204, 198, 189, 184, 177, 177, 175, 182,
    187, 195, 198, 206, 208, 208, 208, 212, 208, 207, 208, 212, 206, 207,
    204, 204, 203, 203, 203, 206, 203, 202, 202, 201, 200, 202, 200, 199,
    200, 201, 199, 201, 201, 199, 199 ]
RHandPositionsY: [ 96, 92, 100, 110, 118, 115, 121, 112, 101, 101, 102,
    100, 101, 102, 111, 124, 125, 123, 127, 112, 100, 101, 100, 100, 99,
    95, 95, 97, 117, 121, 123, 121, 123, 106, 105, 103, 104, 104, 101,
    102, 116, 123, 122, 123, 127, 124, 126, 108, 105, 106, 106, 100, 99,
    118, 128, 136, 140, 147, 151, 152, 158, 165, 173, 180, 189, 200, 206,
    213, 214, 215, 217, 219, 221, 222, 227, 227, 228, 224, 228, 226, 227,
    225, 227, 225, 228, 227, 227, 225 ]
