%YAML:1.0
---
videoName: "RHShake02.mp4"
gestureLabel: 2
fps: 29
pixelSizeInCmTemp: 3.1933333333333330e-01
faceCenterPointX: 291
faceCenterPointY: 51
LHandPositionsX: [ 405, 408, 407, 407, 407, 409, 408, 409, 405, 405, 408,
    409, 409, 407, 406, 407, 405, 408, 406, 405, 405, 404, 408, 406, 404,
    408, 403, 403, 403, 403, 404, 403, 404, 405, 405, 404, 405, 401, 401,
    403, 403, 403, 403, 399, 401, 401, 400, 398, 399, 399, 399, 401, 401,
    399, 397, 399, 399, 400, 397, 399, 397, 398, 397, 397, 397, 396, 399,
    396, 399, 397, 397, 398, 396, 396, 396, 397, 395, 398, 395, 397, 395,
    399, 397, 397, 395, 399, 396, 398 ]
LHandPositionsY: [ 262, 265, 263, 261, 262, 263, 263, 265, 262, 261, 262,
    264, 261, 263, 264, 265, 262, 262, 264, 263, 260, 264, 264, 262, 264,
    263, 263, 264, 264, 260, 260, 260, 262, 260, 262, 264, 260, 262, 264,
    260, 264, 262, 264, 260, 260, 262, 260, 263, 260, 264, 263, 262, 263,
    264, 264, 263, 261, 263, 260, 263, 260, 260, 260, 263, 262, 262, 261,
    260, 261, 263, 260, 263, 261, 262, 264, 262, 262, 263, 261, 261, 263,
    262, 262, 261, 264, 264, 260, 262 ]
RHandPositionsX: [ 174, 175, 174, 175, 174, 172, 174, 172, 174, 174, 174,
    173, 170, 174, 172, 171, 171, 170, 170, 170, 173, 172, 172, 173, 173,
    171, 176, 177, 175, 170, 166, 159, 161, 153, 152, 156, 160, 177, 181,
    181, 180, 179, 173, 165, 162, 159, 160, 168, 180, 185, 193, 186, 181,
    179, 166, 167, 164, 166, 176, 182, 185, 180, 178, 177, 176, 172, 168,
    170, 169, 174, 185, 192, 197, 199, 197, 198, 197, 185, 188, 181, 178,
    177, 176, 177, 175, 175, 175, 175 ]
RHandPositionsY: [ 264, 263, 266, 263, 263, 267, 265, 263, 265, 267, 263,
    266, 266, 264, 266, 266, 264, 267, 264, 267, 266, 265, 264, 267, 264,
    267, 266, 247, 228, 208, 186, 168, 142, 123, 109, 100, 96, 96, 99,
    96, 94, 94, 91, 88, 88, 90, 91, 92, 99, 100, 98, 97, 91, 91, 84, 86,
    88, 89, 95, 99, 101, 99, 100, 94, 94, 91, 91, 95, 93, 100, 105, 118,
    132, 144, 157, 178, 195, 213, 224, 229, 236, 245, 243, 250, 250, 250,
    253, 255 ]
