%YAML:1.0
---
videoName: "RHShake15.mp4"
gestureLabel: 2
fps: 29
pixelSizeInCmTemp: 3.2808219178082193e-01
faceCenterPointX: 279
faceCenterPointY: 41
LHandPositionsX: [ 372, 370, 368, 371, 369, 368, 372, 370, 370, 371, 372,
    372, 371, 371, 368, 372, 368, 371, 368, 371, 371, 369, 369, 372, 372,
    368, 370, 371, 370, 369, 371, 372, 372, 370, 372, 371, 370, 368, 370,
    371, 371, 370, 368, 368, 369, 370, 372, 368, 372, 369, 369, 368, 370,
    372, 370, 369, 372, 371, 368, 368, 372, 368, 368, 368, 371, 368, 369,
    372, 371, 372, 369, 372, 372, 372, 372, 372, 371, 372, 369, 372, 369,
    368, 369, 369, 371, 371, 372, 369 ]
LHandPositionsY: [ 236, 235, 235, 235, 232, 236, 236, 234, 236, 233, 235,
    234, 234, 234, 236, 232, 235, 235, 236, 234, 234, 232, 235, 234, 236,
    235, 235, 233, 232, 234, 233, 232, 236, 232, 234, 236, 234, 235, 235,
    232, 236, 235, 232, 234, 234, 234, 232, 234, 235, 233, 231, 235, 234,
    234, 232, 232, 234, 232, 233, 231, 234, 235, 233, 232, 232, 235, 234,
    233, 233, 234, 232, 232, 235, 233, 233, 234, 233, 234, 234, 234, 233,
    232, 235, 234, 232, 233, 231, 234 ]
RHandPositionsX: [ 135, 122, 115, 108, 109, 111, 110, 106, 107, 110, 111,
    117, 116, 111, 109, 110, 112, 111, 106, 110, 116, 118, 115, 114, 112,
    108, 112, 110, 108, 109, 114, 117, 118, 113, 111, 109, 109, 111, 113,
    115, 109, 111, 118, 116, 120, 119, 122, 122, 121, 118, 117, 123, 126,
    128, 122, 127, 127, 128, 121, 121, 123, 124, 127, 132, 141, 143, 139,
    136, 138, 141, 143, 147, 152, 156, 156, 155, 160, 159, 159, 161, 157,
    161, 159, 161, 159, 158, 161, 160 ]
RHandPositionsY: [ 190, 174, 154, 145, 143, 139, 135, 128, 120, 117, 111,
    106, 103, 101, 97, 96, 97, 92, 94, 93, 94, 92, 91, 95, 94, 96, 94,
    92, 96, 95, 100, 103, 102, 101, 102, 101, 100, 104, 102, 106, 106,
    108, 111, 110, 111, 107, 104, 104, 107, 104, 107, 109, 112, 115, 116,
    114, 112, 113, 110, 110, 111, 119, 125, 134, 150, 162, 171, 182, 194,
    200, 211, 218, 228, 238, 239, 241, 247, 245, 248, 245, 245, 247, 245,
    245, 247, 248, 249, 248 ]
