%YAML:1.0
---
videoName: "RHShake07.mp4"
gestureLabel: 2
fps: 29
pixelSizeInCmTemp: 3.2364864864864862e-01
faceCenterPointX: 292
faceCenterPointY: 44
LHandPositionsX: [ 310, 307, 308, 309, 308, 306, 309, 310, 310, 306, 309,
    311, 310, 312, 310, 313, 312, 311, 313, 314, 312, 314, 314, 311, 310,
    310, 312, 314, 311, 314, 311, 314, 313, 315, 313, 314, 314, 312, 313,
    312, 314, 316, 312, 314, 316, 313, 315, 313, 315, 316, 312, 314, 313,
    313, 313, 316, 316, 314, 313, 315, 313, 313, 316, 313, 313, 316, 312,
    315, 314, 315, 312, 315, 315, 316, 313, 315, 315, 313, 316, 314, 311,
    307, 312, 308, 309, 312, 308, 309 ]
LHandPositionsY: [ 267, 268, 271, 268, 270, 267, 269, 271, 272, 273, 273,
    271, 273, 269, 270, 271, 268, 268, 268, 269, 267, 270, 267, 268, 269,
    270, 269, 269, 271, 269, 269, 268, 267, 271, 271, 270, 267, 268, 267,
    269, 271, 270, 271, 267, 271, 270, 269, 270, 267, 271, 270, 271, 271,
    268, 271, 269, 270, 269, 268, 271, 271, 270, 271, 270, 267, 268, 270,
    267, 270, 270, 271, 267, 270, 266, 270, 268, 267, 266, 268, 272, 269,
    272, 274, 275, 272, 273, 275, 273 ]
RHandPositionsX: [ 266, 267, 265, 264, 264, 267, 267, 266, 262, 267, 266,
    262, 254, 236, 218, 197, 175, 162, 151, 157, 160, 152, 157, 158, 162,
    179, 190, 182, 176, 172, 168, 166, 182, 179, 185, 184, 180, 177, 170,
    166, 175, 176, 181, 182, 188, 183, 175, 174, 167, 166, 165, 185, 185,
    202, 192, 189, 182, 177, 169, 168, 168, 166, 171, 176, 175, 184, 179,
    173, 171, 169, 156, 170, 177, 198, 215, 232, 243, 257, 273, 277, 271,
    272, 272, 266, 264, 265, 265, 268 ]
RHandPositionsY: [ 254, 255, 255, 252, 251, 254, 254, 252, 253, 254, 250,
    240, 233, 219, 202, 185, 168, 153, 132, 131, 124, 113, 122, 127, 128,
    113, 104, 99, 92, 92, 87, 91, 110, 106, 105, 98, 97, 94, 91, 90, 91,
    93, 100, 99, 99, 98, 93, 90, 89, 88, 85, 88, 94, 104, 100, 97, 93,
    93, 93, 89, 88, 87, 93, 93, 91, 92, 86, 89, 87, 88, 94, 117, 138,
    147, 165, 185, 205, 229, 235, 242, 243, 247, 249, 254, 252, 254, 257,
    256 ]
