%YAML:1.0
---
videoName: "RHShake20.mp4"
gestureLabel: 2
fps: 29
pixelSizeInCmTemp: 3.3263888888888887e-01
faceCenterPointX: 286
faceCenterPointY: 45
LHandPositionsX: [ 392, 393, 392, 394, 392, 391, 392, 394, 392, 391, 394,
    392, 391, 390, 391, 390, 392, 391, 390, 393, 390, 390, 394, 393, 394,
    392, 394, 392, 391, 394, 391, 391, 392, 393, 393, 391, 390, 392, 390,
    394, 392, 394, 391, 390, 393, 390, 392, 394, 392, 392, 390, 393, 393,
    391, 394, 390, 391, 393, 390, 393, 390, 390, 392, 394, 391, 393, 393,
    392, 390, 392, 392, 394, 390, 392, 392, 393, 391, 391, 392, 390, 390,
    393, 390, 392, 390, 391, 390, 390 ]
LHandPositionsY: [ 243, 245, 245, 245, 242, 242, 245, 241, 240, 242, 243,
    242, 239, 241, 241, 243, 241, 241, 242, 239, 241, 241, 239, 241, 242,
    241, 241, 241, 241, 240, 239, 243, 239, 242, 243, 242, 242, 243, 239,
    240, 243, 243, 239, 240, 243, 239, 239, 243, 243, 240, 241, 240, 241,
    239, 243, 240, 243, 243, 242, 239, 241, 239, 239, 241, 241, 242, 242,
    241, 241, 241, 239, 242, 242, 243, 241, 242, 241, 239, 242, 243, 240,
    242, 242, 241, 242, 240, 242, 239 ]
RHandPositionsX: [ 166, 162, 161, 158, 151, 153, 151, 155, 155, 156, 161,
    161, 157, 157, 154, 150, 148, 149, 160, 161, 160, 160, 160, 155, 153,
    154, 153, 154, 160, 160, 164, 161, 159, 154, 159, 155, 149, 151, 158,
    167, 168, 168, 165, 163, 156, 153, 154, 153, 160, 160, 168, 167, 168,
    168, 166, 168, 166, 165, 160, 159, 163, 169, 175, 176, 182, 186, 184,
    188, 184, 181, 182, 183, 180, 179, 178, 176, 178, 177, 180, 176, 179,
    178, 176, 180, 178, 180, 176, 178 ]
RHandPositionsY: [ 111, 107, 101, 102, 102, 97, 99, 98, 99, 103, 103,
    101, 99, 96, 96, 95, 98, 103, 114, 116, 116, 117, 112, 111, 110, 109,
    108, 111, 119, 119, 119, 115, 112, 106, 109, 105, 103, 107, 114, 123,
    124, 123, 120, 120, 116, 114, 112, 110, 110, 116, 124, 125, 123, 124,
    123, 119, 114, 113, 110, 113, 116, 122, 129, 139, 148, 153, 167, 176,
    186, 191, 202, 212, 220, 229, 234, 231, 241, 242, 239, 243, 242, 243,
    243, 245, 245, 245, 247, 244 ]
