%YAML:1.0
---
videoName: "RHShake16.mp4"
gestureLabel: 2
fps: 29
pixelSizeInCmTemp: 3.2808219178082193e-01
faceCenterPointX: 281
faceCenterPointY: 44
LHandPositionsX: [ 369, 371, 373, 373, 369, 371, 369, 371, 372, 372, 373,
    373, 369, 373, 372, 370, 370, 371, 372, 372, 372, 373, 371, 369, 373,
    373, 372, 369, 372, 372, 372, 372, 373, 373, 371, 372, 373, 370, 369,
    369, 373, 371, 369, 373, 370, 373, 371, 371, 371, 371, 372, 369, 372,
    371, 370, 372, 372, 373, 372, 370, 370, 369, 371, 369, 372, 371, 369,
    371, 371, 369, 371, 369, 369, 373, 369, 370, 372, 371, 371, 371, 372,
    370, 372, 373, 370, 371, 370, 371 ]
LHandPositionsY: [ 231, 232, 231, 233, 230, 232, 230, 233, 234, 234, 234,
    233, 230, 233, 231, 232, 234, 232, 233, 233, 232, 233, 233, 231, 231,
    230, 230, 232, 230, 231, 234, 233, 234, 233, 233, 233, 231, 234, 230,
    234, 234, 231, 233, 232, 234, 232, 234, 230, 231, 231, 231, 233, 231,
    231, 233, 233, 229, 231, 232, 233, 230, 231, 233, 229, 231, 232, 231,
    230, 231, 233, 230, 232, 231, 230, 232, 229, 233, 232, 230, 233, 229,
    233, 232, 233, 231, 231, 230, 230 ]
RHandPositionsX: [ 168, 168, 169, 168, 167, 169, 171, 169, 170, 171, 168,
    169, 167, 169, 167, 171, 167, 169, 164, 153, 151, 147, 138, 132, 128,
    121, 116, 124, 121, 124, 129, 131, 139, 140, 142, 142, 139, 138, 135,
    141, 140, 145, 148, 152, 147, 148, 149, 146, 148, 146, 148, 150, 154,
    152, 146, 145, 146, 143, 149, 153, 152, 155, 154, 153, 153, 150, 147,
    154, 153, 163, 167, 172, 174, 178, 179, 174, 174, 172, 171, 170, 169,
    171, 169, 168, 168, 170, 172, 168 ]
RHandPositionsY: [ 267, 268, 266, 266, 265, 266, 266, 269, 267, 269, 268,
    265, 266, 266, 269, 269, 266, 265, 258, 241, 221, 201, 177, 158, 143,
    129, 115, 116, 109, 104, 108, 101, 101, 95, 94, 93, 94, 92, 89, 87,
    91, 90, 92, 87, 88, 89, 86, 86, 86, 88, 86, 87, 87, 89, 87, 87, 86,
    87, 88, 88, 90, 91, 88, 90, 88, 88, 90, 95, 102, 119, 134, 146, 161,
    171, 186, 190, 193, 201, 211, 216, 225, 221, 224, 235, 237, 235, 235,
    239 ]
