%YAML:1.0
---
videoName: "RHShake10.mp4"
gestureLabel: 2
fps: 29
pixelSizeInCmTemp: 3.1933333333333330e-01
faceCenterPointX: 295
faceCenterPointY: 45
LHandPositionsX: [ 342, 343, 339, 338, 341, 340, 337, 337, 333, 329, 331,
    333, 331, 327, 326, 325, 327, 329, 328, 327, 327, 326, 326, 328, 328,
    327, 329, 330, 326, 328, 326, 329, 328, 328, 327, 327, 330, 330, 327,
    330, 327, 327, 326, 330, 330, 330, 327, 327, 329, 327, 330, 328, 330,
    330, 326, 328, 329, 330, 330, 329, 326, 330, 330, 326, 329, 326, 329,
    326, 327, 327, 328, 328, 330, 327, 330, 330, 329, 327, 328, 330, 331,
    332, 327, 329, 327, 330, 329, 329 ]
LHandPositionsY: [ 263, 268, 268, 266, 267, 269, 269, 270, 269, 270, 269,
    271, 270, 274, 272, 272, 272, 271, 271, 272, 273, 273, 271, 274, 273,
    273, 271, 272, 270, 273, 271, 272, 273, 273, 269, 271, 268, 268, 268,
    271, 268, 268, 272, 269, 272, 272, 271, 271, 270, 270, 271, 269, 269,
    272, 272, 270, 271, 270, 270, 268, 270, 268, 271, 272, 270, 270, 269,
    268, 269, 271, 272, 268, 268, 270, 269, 270, 267, 269, 268, 269, 270,
    270, 268, 269, 272, 269, 272, 273 ]
RHandPositionsX: [ 260, 261, 263, 263, 262, 259, 263, 261, 259, 259, 260,
    259, 257, 259, 259, 259, 260, 252, 262, 250, 242, 224, 202, 181, 166,
    154, 135, 139, 136, 139, 146, 151, 154, 160, 163, 163, 157, 159, 162,
    159, 163, 171, 179, 179, 176, 177, 172, 171, 169, 170, 172, 185, 189,
    196, 189, 183, 179, 177, 177, 181, 182, 187, 191, 192, 192, 183, 178,
    174, 173, 179, 177, 192, 195, 202, 214, 221, 225, 233, 235, 243, 252,
    250, 252, 259, 260, 262, 259, 260 ]
RHandPositionsY: [ 266, 267, 263, 265, 265, 265, 265, 266, 267, 268, 268,
    267, 267, 266, 267, 269, 267, 264, 266, 255, 242, 228, 209, 193, 170,
    150, 128, 116, 115, 98, 87, 89, 88, 91, 88, 82, 83, 77, 80, 80, 77,
    83, 88, 86, 84, 80, 79, 75, 77, 80, 83, 89, 89, 95, 86, 82, 82, 84,
    81, 84, 88, 94, 91, 93, 91, 88, 83, 81, 84, 84, 95, 104, 127, 146,
    162, 181, 196, 215, 229, 242, 259, 259, 261, 265, 264, 267, 268, 270 ]
