%YAML:1.0
---
videoName: "RHShake10.mp4"
gestureLabel: 2
fps: 29
pixelSizeInCmTemp: 3.1933333333333330e-01
faceCenterPointX: 295
faceCenterPointY: 45
LHandPositionsX: [ 339, 342, 343, 342, 341, 337, 339, 334, 331, 330, 335,
    329, 327, 330, 329, 324, 328, 328, 327, 328, 328, 330, 326, 329, 328,
    327, 326, 327, 327, 330, 329, 329, 326, 326, 327, 329, 330, 328, 327,
    329, 327, 330, 328, 330, 327, 330, 328, 328, 329, 329, 330, 327, 330,
    329, 330, 327, 327, 327, 326, 327, 329, 328, 326, 327, 330, 330, 327,
    327, 326, 328, 330, 328, 328, 327, 331, 327, 328, 327, 329, 327, 331,
    331, 331, 331, 329, 327, 327, 328 ]
LHandPositionsY: [ 262, 265, 266, 264, 268, 268, 270, 267, 269, 268, 270,
    272, 273, 274, 273, 274, 272, 271, 272, 271, 274, 270, 272, 272, 274,
    270, 273, 274, 270, 270, 273, 273, 269, 270, 271, 273, 272, 272, 270,
    272, 269, 271, 271, 269, 272, 269, 272, 270, 269, 268, 268, 268, 270,
    268, 270, 271, 268, 271, 272, 272, 268, 272, 268, 272, 271, 269, 270,
    268, 271, 271, 268, 268, 270, 270, 271, 270, 267, 269, 267, 268, 269,
    271, 268, 268, 270, 272, 269, 270 ]
RHandPositionsX: [ 262, 262, 260, 261, 261, 262, 263, 261, 261, 260, 262,
    261, 259, 260, 261, 261, 257, 255, 258, 253, 240, 224, 199, 183, 165,
    155, 137, 138, 139, 137, 146, 151, 155, 161, 167, 165, 157, 158, 161,
    159, 165, 174, 178, 180, 177, 178, 172, 169, 171, 170, 174, 189, 192,
    195, 193, 181, 176, 179, 176, 182, 181, 188, 192, 194, 191, 181, 177,
    177, 173, 181, 177, 189, 198, 203, 215, 220, 224, 230, 237, 244, 252,
    252, 249, 260, 262, 262, 261, 260 ]
RHandPositionsY: [ 265, 266, 266, 266, 266, 263, 264, 267, 263, 265, 264,
    267, 266, 269, 266, 267, 265, 267, 266, 254, 245, 230, 210, 189, 170,
    152, 130, 113, 112, 96, 88, 85, 86, 89, 84, 83, 80, 80, 79, 78, 80,
    84, 88, 86, 84, 79, 79, 78, 75, 79, 86, 88, 90, 96, 87, 83, 84, 84,
    81, 85, 91, 92, 94, 95, 89, 87, 81, 84, 83, 87, 97, 103, 124, 143,
    163, 178, 196, 212, 226, 244, 258, 257, 260, 261, 266, 267, 266, 266 ]
