%YAML:1.0
---
videoName: "RHShake18.mp4"
gestureLabel: 2
fps: 30
pixelSizeInCmTemp: 3.3732394366197183e-01
faceCenterPointX: 275
faceCenterPointY: 40
LHandPositionsX: [ 376, 379, 376, 376, 375, 377, 376, 375, 376, 376, 379,
    377, 378, 376, 378, 378, 376, 375, 378, 378, 376, 375, 376, 378, 376,
    378, 378, 379, 375, 379, 376, 378, 375, 377, 377, 378, 377, 376, 377,
    376, 377, 376, 378, 379, 375, 377, 377, 375, 372, 372, 371, 369, 364,
    358, 354, 346, 337, 335, 326, 316, 301, 300, 300, 302, 295, 289, 288,
    290, 295, 298, 293, 290, 291, 290, 290, 292, 291, 292, 289, 291, 289,
    287, 289, 286, 286, 285, 287, 286, 287, 285, 287 ]
LHandPositionsY: [ 230, 229, 232, 231, 231, 232, 230, 229, 230, 233, 232,
    232, 231, 232, 231, 230, 229, 233, 230, 233, 233, 231, 233, 229, 229,
    231, 229, 231, 229, 230, 230, 229, 231, 232, 229, 229, 232, 232, 232,
    233, 229, 231, 229, 231, 232, 229, 233, 233, 232, 229, 234, 238, 240,
    239, 234, 235, 233, 232, 231, 230, 229, 234, 234, 232, 235, 235, 234,
    236, 239, 242, 242, 243, 240, 241, 243, 240, 239, 242, 241, 240, 243,
    239, 243, 239, 239, 242, 240, 242, 240, 242, 240 ]
RHandPositionsX: [ 156, 155, 153, 146, 145, 150, 154, 159, 161, 166, 164,
    163, 156, 152, 151, 148, 158, 163, 167, 168, 168, 161, 160, 159, 160,
    156, 156, 163, 163, 169, 164, 162, 160, 156, 155, 161, 176, 175, 171,
    170, 165, 159, 156, 155, 162, 166, 174, 181, 189, 201, 207, 219, 232,
    241, 255, 259, 269, 257, 252, 248, 245, 240, 239, 237, 237, 235, 236,
    237, 233, 235, 238, 237, 239, 240, 236, 240, 236, 239, 240, 240, 237,
    240, 240, 239, 236, 239, 238, 236, 240, 236, 237 ]
RHandPositionsY: [ 71, 71, 70, 68, 70, 67, 69, 71, 72, 73, 70, 70, 70,
    66, 65, 69, 70, 71, 72, 72, 72, 73, 68, 66, 67, 70, 69, 74, 79, 76,
    75, 73, 73, 74, 74, 81, 90, 92, 91, 89, 86, 87, 87, 83, 83, 88, 96,
    100, 111, 122, 134, 141, 154, 165, 172, 182, 188, 194, 194, 199, 204,
    208, 210, 211, 214, 215, 219, 221, 223, 226, 226, 227, 228, 225, 225,
    225, 225, 227, 225, 226, 227, 224, 227, 226, 224, 227, 228, 225, 227,
    224, 224 ]
