%YAML:1.0
---
videoName: "RHShake18.mp4"
gestureLabel: 2
fps: 30
pixelSizeInCmTemp: 3.3732394366197183e-01
faceCenterPointX: 275
faceCenterPointY: 40
LHandPositionsX: [ 379, 376, 378, 378, 375, 379, 376, 376, 379, 377, 377,
    377, 378, 375, 377, 375, 375, 376, 378, 377, 376, 379, 377, 378, 378,
    377, 378, 377, 378, 377, 376, 378, 378, 375, 378, 379, 377, 376, 377,
    376, 379, 375, 375, 379, 376, 376, 377, 378, 372, 374, 373, 368, 366,
    358, 353, 346, 337, 333, 323, 317, 303, 298, 299, 302, 296, 288, 287,
    289, 293, 296, 292, 289, 293, 293, 290, 293, 292, 291, 291, 288, 287,
    291, 286, 288, 290, 289, 287, 287, 286, 288, 286 ]
LHandPositionsY: [ 233, 230, 231, 233, 232, 230, 231, 229, 230, 232, 230,
    230, 230, 233, 230, 229, 229, 229, 229, 231, 231, 233, 231, 233, 232,
    233, 229, 229, 231, 230, 229, 233, 232, 229, 231, 229, 231, 230, 231,
    230, 229, 233, 231, 229, 231, 232, 232, 229, 230, 231, 234, 236, 240,
    237, 234, 237, 234, 233, 231, 228, 232, 231, 231, 230, 233, 236, 233,
    239, 239, 242, 242, 241, 242, 241, 242, 242, 242, 240, 240, 240, 243,
    241, 239, 241, 239, 239, 243, 239, 242, 240, 243 ]
RHandPositionsX: [ 158, 153, 152, 149, 147, 147, 153, 159, 163, 164, 164,
    163, 154, 154, 151, 151, 157, 165, 166, 167, 170, 163, 158, 160, 159,
    154, 157, 164, 164, 165, 163, 158, 157, 156, 156, 164, 176, 173, 173,
    169, 162, 159, 160, 154, 159, 166, 171, 181, 189, 199, 208, 219, 231,
    245, 253, 259, 266, 255, 250, 248, 246, 242, 238, 240, 238, 234, 234,
    234, 236, 236, 239, 237, 240, 239, 238, 237, 237, 236, 236, 237, 240,
    239, 237, 236, 240, 240, 239, 237, 237, 236, 237 ]
RHandPositionsY: [ 75, 70, 71, 68, 68, 66, 68, 71, 73, 76, 71, 68, 69,
    68, 69, 66, 68, 72, 69, 72, 71, 72, 66, 68, 66, 67, 70, 76, 77, 75,
    74, 76, 71, 75, 73, 77, 92, 93, 91, 92, 89, 85, 87, 82, 83, 87, 96,
    100, 111, 125, 132, 141, 154, 163, 173, 182, 188, 195, 194, 197, 201,
    206, 210, 209, 214, 215, 219, 218, 221, 226, 229, 229, 227, 224, 228,
    226, 225, 226, 225, 226, 227, 224, 225, 225, 224, 228, 227, 227, 225,
    224, 227 ]
