%YAML:1.0
---
videoName: "RHShake14.mp4"
gestureLabel: 2
fps: 30
pixelSizeInCmTemp: 3.2808219178082193e-01
faceCenterPointX: 277
faceCenterPointY: 42
LHandPositionsX: [ 375, 376, 379, 375, 375, 375, 375, 378, 378, 376, 376,
    374, 374, 378, 374, 377, 377, 374, 373, 375, 375, 374, 376, 376, 374,
    373, 375, 373, 374, 372, 376, 372, 374, 374, 376, 373, 372, 373, 373,
    375, 373, 373, 376, 375, 375, 376, 372, 374, 373, 376, 372, 374, 376,
    376, 374, 375, 373, 373, 372, 372, 375, 372, 374, 376, 374, 376, 374,
    373, 374, 375, 375, 373, 373, 375, 375, 375, 376, 376, 374, 373, 375,
    374, 376, 373, 374, 376, 375, 374, 374, 372, 374 ]
LHandPositionsY: [ 231, 233, 232, 233, 230, 233, 232, 230, 229, 233, 233,
    232, 232, 230, 231, 231, 232, 233, 231, 232, 233, 229, 232, 232, 231,
    233, 231, 229, 230, 233, 233, 230, 232, 233, 232, 229, 233, 233, 229,
    231, 230, 232, 230, 233, 229, 230, 229, 232, 231, 230, 232, 229, 233,
    230, 232, 231, 231, 229, 233, 230, 231, 231, 232, 233, 230, 233, 233,
    230, 232, 232, 230, 230, 233, 231, 232, 231, 230, 233, 232, 233, 233,
    232, 233, 230, 231, 233, 233, 231, 229, 230, 231 ]
RHandPositionsX: [ 170, 173, 172, 170, 173, 171, 170, 170, 174, 171, 170,
    171, 174, 173, 174, 172, 172, 173, 170, 172, 170, 174, 172, 170, 170,
    173, 167, 171, 161, 148, 138, 125, 124, 117, 116, 123, 128, 133, 137,
    138, 144, 147, 145, 143, 147, 148, 149, 155, 158, 160, 159, 155, 152,
    151, 157, 157, 159, 168, 170, 164, 156, 154, 160, 156, 155, 162, 166,
    169, 173, 176, 177, 176, 179, 178, 175, 170, 178, 178, 175, 175, 171,
    171, 173, 171, 171, 170, 174, 173, 173, 170, 170 ]
RHandPositionsY: [ 239, 241, 242, 243, 241, 243, 241, 240, 240, 240, 243,
    239, 239, 240, 239, 240, 240, 241, 239, 240, 243, 241, 239, 242, 239,
    243, 244, 233, 215, 196, 173, 151, 135, 116, 116, 108, 105, 108, 112,
    117, 117, 107, 99, 94, 90, 84, 83, 85, 85, 84, 78, 76, 78, 75, 78,
    77, 82, 81, 80, 77, 80, 75, 78, 77, 79, 82, 84, 105, 122, 133, 144,
    156, 171, 183, 191, 196, 197, 203, 211, 215, 219, 221, 223, 230, 234,
    234, 234, 233, 236, 235, 235 ]
