%YAML:1.0
---
videoName: "RHShake10.mp4"
gestureLabel: 2
fps: 29
pixelSizeInCmTemp: 3.1933333333333330e-01
faceCenterPointX: 295
faceCenterPointY: 45
LHandPositionsX: [ 342, 342, 341, 342, 338, 337, 337, 337, 332, 332, 331,
    333, 328, 329, 325, 324, 329, 329, 328, 330, 328, 327, 330, 328, 327,
    330, 326, 326, 329, 330, 329, 327, 329, 327, 329, 327, 328, 329, 329,
    327, 328, 329, 328, 326, 329, 329, 329, 327, 330, 326, 328, 329, 329,
    327, 327, 329, 328, 328, 329, 330, 326, 329, 330, 328, 328, 330, 330,
    328, 326, 329, 326, 327, 330, 330, 331, 331, 329, 330, 328, 327, 331,
    332, 327, 329, 330, 327, 331, 326 ]
LHandPositionsY: [ 263, 264, 266, 264, 265, 265, 270, 271, 268, 271, 272,
    272, 271, 272, 274, 273, 274, 270, 273, 273, 270, 270, 270, 273, 272,
    272, 270, 270, 271, 271, 270, 271, 273, 272, 269, 272, 268, 269, 270,
    268, 268, 272, 269, 270, 268, 270, 268, 269, 271, 268, 269, 270, 270,
    270, 269, 271, 269, 268, 272, 272, 268, 272, 268, 270, 268, 268, 271,
    268, 268, 272, 268, 270, 270, 267, 269, 267, 270, 267, 270, 269, 270,
    270, 271, 270, 268, 270, 270, 269 ]
RHandPositionsX: [ 260, 260, 261, 263, 263, 259, 261, 261, 260, 261, 258,
    260, 257, 258, 260, 263, 257, 256, 261, 250, 241, 220, 199, 183, 169,
    152, 135, 139, 137, 135, 144, 150, 152, 164, 164, 162, 157, 161, 160,
    160, 162, 171, 177, 180, 174, 178, 170, 171, 169, 169, 176, 187, 192,
    196, 192, 184, 176, 177, 177, 180, 179, 191, 192, 191, 190, 183, 176,
    177, 177, 177, 177, 191, 199, 203, 214, 221, 226, 230, 235, 245, 250,
    250, 252, 257, 261, 260, 259, 259 ]
RHandPositionsY: [ 268, 268, 263, 264, 266, 265, 266, 263, 265, 266, 267,
    265, 266, 265, 265, 269, 268, 264, 268, 255, 243, 226, 212, 193, 170,
    150, 132, 114, 114, 100, 89, 88, 88, 87, 84, 85, 81, 76, 76, 80, 80,
    81, 85, 86, 80, 80, 79, 74, 75, 80, 82, 87, 88, 96, 87, 83, 81, 81,
    81, 82, 89, 94, 90, 93, 88, 87, 83, 80, 83, 87, 96, 103, 126, 143,
    161, 178, 198, 212, 225, 244, 259, 259, 260, 265, 264, 267, 269, 266 ]
