%YAML:1.0
---
videoName: "RHShake14.mp4"
gestureLabel: 2
fps: 30
pixelSizeInCmTemp: 3.2808219178082193e-01
faceCenterPointX: 277
faceCenterPointY: 42
LHandPositionsX: [ 376, 376, 375, 377, 378, 377, 375, 375, 378, 376, 378,
    376, 375, 378, 376, 377, 377, 375, 374, 373, 374, 372, 373, 373, 375,
    376, 376, 373, 376, 373, 375, 376, 373, 372, 376, 373, 374, 376, 376,
    374, 372, 375, 374, 374, 376, 373, 372, 376, 375, 373, 374, 376, 374,
    376, 372, 374, 374, 373, 373, 374, 373, 376, 375, 375, 376, 373, 376,
    375, 372, 372, 372, 372, 372, 372, 374, 374, 372, 375, 372, 375, 372,
    374, 376, 373, 376, 375, 374, 372, 374, 374, 372 ]
LHandPositionsY: [ 230, 229, 233, 233, 230, 229, 230, 232, 233, 230, 232,
    231, 231, 231, 233, 230, 233, 232, 233, 233, 231, 232, 229, 229, 232,
    233, 230, 230, 231, 231, 230, 231, 231, 231, 231, 231, 232, 232, 229,
    229, 232, 231, 230, 232, 232, 230, 233, 231, 230, 229, 232, 232, 232,
    233, 229, 229, 232, 230, 231, 229, 230, 232, 233, 232, 230, 230, 232,
    230, 231, 231, 229, 230, 231, 231, 231, 231, 232, 229, 229, 233, 230,
    232, 231, 229, 231, 233, 229, 232, 231, 232, 230 ]
RHandPositionsX: [ 170, 172, 174, 173, 173, 174, 170, 173, 173, 174, 172,
    174, 171, 174, 170, 172, 174, 174, 171, 171, 170, 170, 171, 172, 171,
    171, 168, 168, 158, 148, 137, 125, 122, 115, 118, 121, 128, 129, 135,
    138, 141, 145, 144, 142, 147, 145, 150, 154, 156, 159, 158, 157, 153,
    153, 157, 155, 160, 169, 170, 162, 156, 155, 159, 158, 155, 162, 166,
    169, 173, 178, 179, 180, 176, 180, 172, 173, 177, 177, 174, 175, 175,
    172, 173, 173, 174, 171, 173, 173, 174, 172, 174 ]
RHandPositionsY: [ 243, 240, 243, 241, 239, 239, 243, 243, 241, 240, 240,
    243, 242, 240, 243, 243, 243, 241, 241, 240, 239, 242, 242, 240, 242,
    246, 243, 232, 212, 193, 171, 154, 134, 117, 116, 108, 102, 111, 116,
    114, 118, 103, 96, 90, 90, 87, 86, 85, 84, 81, 81, 79, 76, 78, 77,
    76, 81, 81, 80, 78, 77, 76, 74, 79, 80, 82, 84, 104, 119, 135, 146,
    159, 169, 181, 195, 195, 197, 203, 211, 217, 219, 223, 220, 230, 233,
    233, 231, 234, 236, 237, 234 ]
