%YAML:1.0
---
videoName: "RHShake14.mp4"
gestureLabel: 2
fps: 30
pixelSizeInCmTemp: 3.2808219178082193e-01
faceCenterPointX: 277
faceCenterPointY: 42
LHandPositionsX: [ 377, 379, 379, 378, 377, 375, 375, 378, 379, 378, 378,
    374, 376, 377, 373, 373, 373, 373, 372, 374, 374, 375, 373, 373, 373,
    372, 376, 373, 372, 376, 375, 374, 372, 376, 374, 373, 375, 376, 375,
    376, 375, 372, 372, 375, 375, 374, 372, 373, 374, 374, 373, 376, 376,
    373, 372, 373, 374, 376, 373, 373, 374, 373, 375, 375, 374, 373, 375,
    375, 373, 372, 373, 375, 375, 374, 375, 375, 373, 374, 374, 372, 373,
    373, 372, 375, 375, 373, 375, 376, 374, 373, 375 ]
LHandPositionsY: [ 233, 232, 229, 232, 231, 231, 231, 231, 232, 231, 231,
    230, 230, 230, 230, 233, 233, 231, 230, 232, 230, 231, 233, 231, 232,
    232, 231, 229, 232, 230, 229, 230, 230, 230, 233, 233, 231, 232, 230,
    233, 229, 230, 232, 229, 230, 232, 233, 232, 233, 233, 233, 229, 233,
    229, 233, 230, 231, 229, 231, 231, 233, 231, 230, 232, 232, 231, 231,
    229, 231, 230, 229, 232, 229, 233, 230, 229, 233, 231, 231, 231, 229,
    232, 233, 233, 230, 233, 233, 232, 229, 232, 230 ]
RHandPositionsX: [ 171, 173, 174, 173, 171, 174, 172, 172, 173, 173, 170,
    171, 172, 173, 171, 174, 174, 171, 172, 172, 172, 172, 173, 174, 173,
    174, 171, 170, 158, 150, 138, 128, 124, 117, 118, 125, 128, 131, 133,
    140, 144, 148, 147, 145, 145, 144, 149, 155, 157, 162, 158, 159, 151,
    151, 154, 156, 162, 166, 166, 161, 158, 155, 158, 158, 157, 163, 164,
    170, 174, 178, 179, 176, 180, 181, 173, 171, 177, 181, 176, 173, 174,
    174, 170, 173, 170, 173, 173, 173, 170, 171, 174 ]
RHandPositionsY: [ 240, 241, 241, 239, 240, 240, 243, 241, 242, 240, 240,
    241, 241, 240, 243, 242, 240, 241, 240, 241, 242, 240, 242, 243, 239,
    242, 243, 233, 215, 193, 171, 155, 134, 116, 112, 107, 106, 112, 116,
    117, 117, 105, 99, 94, 89, 86, 83, 83, 84, 82, 82, 78, 78, 77, 75,
    77, 82, 83, 80, 80, 79, 77, 74, 77, 79, 82, 87, 106, 122, 132, 145,
    160, 172, 183, 192, 194, 200, 204, 214, 215, 215, 220, 221, 226, 232,
    233, 231, 235, 234, 236, 234 ]
