%YAML:1.0
---
videoName: "RHShake18.mp4"
gestureLabel: 2
fps: 30
pixelSizeInCmTemp: 3.3732394366197183e-01
faceCenterPointX: 275
faceCenterPointY: 40
LHandPositionsX: [ 378, 376, 379, 377, 377, 375, 375, 375, 375, 376, 378,
    376, 379, 377, 376, 376, 378, 378, 377, 376, 378, 376, 379, 379, 377,
    375, 378, 378, 376, 378, 375, 379, 375, 375, 377, 377, 379, 379, 375,
    379, 378, 378, 375, 378, 375, 376, 377, 375, 375, 372, 371, 372, 367,
    356, 351, 349, 336, 335, 324, 314, 302, 301, 302, 302, 299, 287, 291,
    291, 293, 295, 292, 293, 293, 289, 291, 289, 292, 289, 289, 287, 287,
    291, 289, 287, 286, 286, 286, 289, 288, 288, 286 ]
LHandPositionsY: [ 231, 231, 229, 229, 232, 231, 231, 232, 231, 229, 233,
    233, 233, 233, 229, 230, 231, 233, 231, 229, 231, 231, 232, 231, 233,
    230, 232, 230, 230, 229, 230, 231, 231, 229, 231, 233, 229, 232, 232,
    233, 233, 230, 231, 233, 232, 230, 232, 231, 232, 228, 233, 236, 236,
    236, 236, 236, 233, 231, 228, 228, 231, 230, 231, 230, 233, 232, 237,
    236, 237, 241, 240, 242, 239, 240, 242, 242, 243, 240, 240, 242, 241,
    239, 240, 243, 243, 243, 240, 242, 239, 243, 240 ]
RHandPositionsX: [ 156, 152, 153, 149, 148, 151, 150, 159, 165, 163, 164,
    164, 158, 152, 150, 151, 156, 162, 166, 169, 168, 161, 161, 160, 159,
    156, 156, 164, 163, 168, 162, 158, 157, 155, 158, 162, 175, 175, 175,
    171, 163, 161, 158, 157, 162, 168, 174, 182, 190, 198, 206, 222, 234,
    243, 253, 261, 268, 258, 250, 246, 243, 242, 242, 236, 236, 237, 235,
    234, 235, 234, 238, 237, 236, 237, 239, 237, 236, 240, 240, 237, 236,
    238, 237, 240, 236, 240, 239, 237, 240, 237, 237 ]
RHandPositionsY: [ 72, 73, 67, 69, 69, 68, 67, 67, 73, 72, 70, 68, 70,
    70, 67, 67, 69, 72, 73, 70, 70, 72, 66, 66, 66, 67, 70, 74, 77, 74,
    73, 73, 74, 72, 73, 81, 90, 89, 95, 90, 90, 86, 87, 86, 85, 87, 97,
    101, 111, 124, 132, 144, 152, 163, 173, 180, 188, 193, 194, 198, 204,
    208, 207, 212, 211, 213, 217, 218, 223, 224, 230, 226, 224, 224, 226,
    225, 225, 227, 226, 228, 228, 226, 224, 225, 228, 224, 225, 224, 224,
    228, 227 ]
