%YAML:1.0
---
videoName: "RHShake03.mp4"
gestureLabel: 2
fps: 29
pixelSizeInCmTemp: 3.1103896103896100e-01
faceCenterPointX: 294
faceCenterPointY: 48
LHandPositionsX: [ 410, 411, 411, 410, 411, 408, 411, 412, 408, 408, 411,
    409, 409, 411, 409, 411, 408, 408, 410, 410, 410, 411, 408, 409, 408,
    410, 409, 411, 408, 411, 410, 409, 411, 410, 410, 412, 408, 411, 409,
    412, 409, 411, 412, 409, 409, 411, 412, 409, 412, 411, 410, 410, 409,
    408, 411, 412, 409, 412, 410, 411, 410, 409, 409, 409, 408, 412, 408,
    410, 410, 410, 409, 409, 407, 411, 407, 408, 407, 408, 410, 411, 407,
    409, 411, 409, 407, 409, 408, 409 ]
LHandPositionsY: [ 262, 260, 260, 263, 261, 264, 260, 262, 260, 263, 263,
    261, 263, 263, 262, 261, 264, 263, 263, 262, 264, 264, 262, 262, 263,
    263, 264, 261, 260, 262, 260, 264, 261, 264, 261, 263, 264, 261, 261,
    264, 264, 260, 261, 263, 263, 263, 264, 264, 262, 264, 261, 264, 260,
    261, 264, 264, 260, 261, 262, 262, 260, 261, 261, 264, 260, 260, 262,
    262, 263, 264, 263, 260, 262, 260, 261, 263, 261, 263, 260, 262, 263,
    264, 263, 264, 263, 260, 261, 263 ]
RHandPositionsX: [ 178, 177, 176, 180, 176, 177, 174, 174, 174, 173, 173,
    177, 172, 174, 176, 172, 172, 174, 173, 173, 171, 175, 171, 175, 174,
    174, 172, 174, 172, 174, 173, 173, 174, 172, 163, 155, 154, 147, 150,
    153, 155, 167, 177, 183, 190, 192, 184, 174, 173, 172, 175, 181, 183,
    184, 179, 178, 174, 170, 169, 175, 180, 189, 202, 206, 200, 192, 188,
    188, 186, 184, 187, 196, 199, 209, 211, 209, 201, 197, 190, 184, 183,
    183, 184, 180, 182, 180, 183, 181 ]
RHandPositionsY: [ 261, 262, 262, 260, 261, 261, 259, 260, 258, 260, 259,
    261, 261, 260, 260, 258, 261, 260, 259, 261, 258, 260, 262, 261, 262,
    261, 262, 261, 258, 260, 267, 264, 255, 241, 218, 198, 177, 159, 144,
    129, 124, 120, 119, 117, 110, 106, 101, 99, 99, 100, 103, 104, 105,
    107, 104, 104, 101, 98, 97, 96, 101, 106, 112, 111, 111, 108, 104,
    102, 99, 99, 104, 116, 126, 139, 161, 178, 201, 209, 215, 241, 241,
    243, 243, 253, 252, 251, 251, 250 ]
