%YAML:1.0
---
videoName: "RHShake19.mp4"
gestureLabel: 2
fps: 29
pixelSizeInCmTemp: 3.2808219178082193e-01
faceCenterPointX: 283
faceCenterPointY: 48
LHandPositionsX: [ 392, 389, 390, 389, 389, 392, 391, 392, 389, 388, 391,
    391, 388, 391, 392, 391, 390, 392, 389, 389, 392, 392, 388, 388, 392,
    391, 391, 392, 390, 390, 388, 391, 390, 389, 388, 389, 392, 391, 390,
    388, 392, 392, 391, 391, 392, 388, 390, 388, 389, 390, 392, 391, 388,
    388, 388, 389, 388, 388, 390, 388, 388, 389, 392, 388, 390, 391, 392,
    388, 390, 388, 390, 392, 392, 391, 389, 392, 390, 391, 391, 389, 392,
    388, 391, 392, 388, 392, 389, 392 ]
LHandPositionsY: [ 243, 243, 244, 244, 241, 243, 243, 241, 242, 244, 244,
    241, 244, 242, 241, 241, 241, 244, 244, 241, 241, 243, 242, 240, 241,
    243, 242, 242, 243, 242, 241, 242, 243, 242, 241, 240, 241, 244, 243,
    241, 241, 241, 243, 240, 241, 244, 242, 242, 243, 244, 242, 242, 243,
    240, 243, 241, 243, 241, 243, 240, 243, 244, 244, 244, 241, 241, 244,
    243, 241, 240, 241, 240, 241, 243, 241, 241, 243, 241, 240, 242, 243,
    244, 244, 243, 244, 244, 244, 241 ]
RHandPositionsX: [ 159, 171, 181, 180, 188, 187, 177, 170, 167, 162, 162,
    160, 164, 176, 182, 185, 186, 177, 174, 169, 163, 159, 159, 166, 170,
    176, 176, 171, 169, 164, 161, 157, 159, 166, 171, 178, 178, 178, 178,
    174, 166, 165, 165, 161, 164, 169, 176, 178, 177, 183, 176, 177, 167,
    167, 168, 169, 172, 180, 179, 180, 181, 179, 171, 172, 170, 168, 173,
    175, 181, 182, 185, 191, 188, 185, 187, 183, 184, 184, 182, 178, 180,
    179, 182, 179, 181, 178, 180, 178 ]
RHandPositionsY: [ 91, 91, 93, 94, 91, 88, 86, 80, 78, 79, 73, 72, 79,
    83, 91, 89, 92, 85, 80, 78, 75, 77, 76, 73, 84, 90, 93, 90, 89, 87,
    84, 83, 81, 86, 86, 88, 94, 98, 94, 93, 87, 86, 87, 86, 85, 87, 94,
    99, 100, 102, 103, 96, 98, 95, 97, 94, 99, 103, 105, 107, 106, 103,
    103, 99, 99, 99, 112, 126, 139, 150, 164, 177, 188, 193, 199, 211,
    220, 226, 230, 239, 236, 239, 237, 241, 242, 242, 243, 243 ]
