%YAML:1.0
---
videoName: "RHShake15.mp4"
gestureLabel: 2
fps: 29
pixelSizeInCmTemp: 3.2808219178082193e-01
faceCenterPointX: 279
faceCenterPointY: 41
LHandPositionsX: [ 368, 369, 368, 371, 369, 368, 371, 371, 368, 370, 369,
    370, 372, 372, 371, 372, 370, 371, 368, 372, 370, 372, 372, 370, 369,
    372, 370, 370, 369, 370, 370, 369, 372, 368, 371, 368, 370, 372, 371,
    371, 371, 371, 369, 369, 370, 368, 369, 369, 371, 368, 369, 368, 368,
    371, 368, 369, 368, 372, 370, 369, 369, 369, 370, 372, 368, 371, 370,
    370, 372, 370, 372, 369, 368, 370, 369, 370, 371, 368, 372, 371, 368,
    370, 370, 370, 368, 370, 372, 369 ]
LHandPositionsY: [ 233, 232, 233, 235, 232, 235, 235, 234, 234, 233, 232,
    232, 234, 235, 235, 232, 232, 236, 233, 234, 235, 232, 236, 236, 234,
    232, 233, 235, 233, 236, 232, 233, 236, 235, 232, 234, 235, 234, 232,
    232, 235, 233, 233, 235, 231, 231, 233, 231, 231, 235, 232, 234, 231,
    231, 231, 233, 233, 232, 231, 231, 234, 233, 235, 234, 234, 235, 235,
    233, 233, 235, 232, 234, 234, 232, 234, 232, 231, 235, 235, 235, 231,
    231, 234, 232, 233, 233, 235, 235 ]
RHandPositionsX: [ 138, 125, 115, 108, 109, 112, 108, 104, 109, 109, 112,
    117, 115, 113, 107, 112, 113, 109, 106, 110, 113, 115, 116, 112, 108,
    109, 110, 110, 106, 108, 113, 116, 114, 117, 115, 113, 109, 110, 112,
    117, 110, 109, 117, 118, 122, 121, 119, 124, 122, 119, 120, 124, 126,
    128, 123, 128, 128, 128, 124, 122, 120, 125, 130, 132, 139, 144, 140,
    139, 140, 144, 142, 149, 152, 152, 158, 158, 156, 157, 157, 159, 157,
    159, 159, 157, 160, 160, 157, 157 ]
RHandPositionsY: [ 192, 171, 154, 144, 146, 141, 134, 126, 122, 114, 110,
    108, 103, 101, 96, 98, 96, 93, 95, 92, 95, 93, 93, 92, 92, 94, 92,
    95, 94, 94, 97, 104, 105, 104, 100, 103, 102, 102, 103, 103, 106,
    108, 108, 112, 108, 107, 102, 106, 106, 105, 104, 109, 112, 113, 116,
    113, 111, 113, 112, 112, 113, 118, 128, 138, 148, 166, 171, 183, 190,
    200, 209, 219, 230, 235, 239, 237, 244, 246, 246, 248, 246, 248, 245,
    248, 246, 245, 248, 249 ]
