%YAML:1.0
---
videoName: "RHShake24.mp4"
gestureLabel: 2
fps: 30
pixelSizeInCmTemp: 3.3732394366197183e-01
faceCenterPointX: 304
faceCenterPointY: 46
LHandPositionsX: [ 393, 389, 389, 392, 389, 392, 389, 393, 389, 392, 393,
    393, 389, 391, 390, 391, 392, 391, 389, 390, 389, 392, 389, 391, 393,
    390, 391, 389, 393, 391, 392, 392, 390, 393, 392, 392, 392, 393, 390,
    390, 390, 392, 391, 391, 389, 391, 391, 391, 393, 393, 389, 390, 393,
    391, 391, 392, 393, 393, 393, 392, 389, 391, 389, 390, 393, 392, 390,
    389, 392, 391, 389, 391, 393, 391, 389, 390, 391, 389, 393, 392, 392,
    389, 391, 392, 393, 389, 389, 392, 391, 391, 391 ]
LHandPositionsY: [ 228, 226, 227, 227, 226, 228, 228, 229, 225, 226, 228,
    229, 225, 225, 228, 228, 226, 229, 227, 229, 227, 225, 229, 227, 227,
    225, 227, 227, 229, 228, 227, 225, 229, 229, 226, 229, 229, 228, 225,
    228, 225, 227, 225, 228, 226, 226, 229, 229, 229, 228, 229, 228, 225,
    225, 228, 227, 227, 229, 229, 228, 227, 226, 225, 228, 225, 225, 227,
    227, 228, 227, 225, 227, 228, 228, 226, 227, 229, 227, 228, 226, 225,
    225, 225, 227, 225, 227, 229, 229, 226, 225, 228 ]
RHandPositionsX: [ 140, 145, 150, 149, 157, 155, 154, 150, 144, 141, 137,
    138, 141, 153, 160, 163, 163, 164, 162, 154, 152, 142, 145, 141, 143,
    145, 158, 158, 160, 160, 156, 153, 151, 146, 141, 145, 148, 155, 156,
    159, 158, 164, 160, 153, 149, 144, 143, 143, 144, 150, 160, 163, 165,
    171, 167, 162, 160, 151, 153, 147, 147, 146, 150, 163, 164, 170, 171,
    172, 175, 177, 181, 183, 187, 187, 187, 191, 192, 195, 195, 192, 195,
    195, 196, 194, 194, 192, 195, 192, 194, 194, 194 ]
RHandPositionsY: [ 97, 104, 101, 98, 103, 98, 95, 88, 85, 86, 85, 86, 85,
    102, 109, 109, 111, 116, 104, 99, 97, 95, 94, 93, 94, 100, 110, 109,
    114, 114, 106, 103, 98, 97, 93, 94, 92, 96, 102, 108, 108, 115, 110,
    103, 102, 100, 96, 94, 92, 107, 122, 121, 120, 121, 119, 105, 100,
    100, 100, 100, 95, 97, 104, 113, 113, 117, 120, 122, 133, 143, 151,
    154, 152, 160, 167, 171, 177, 187, 195, 201, 209, 208, 210, 213, 216,
    218, 223, 224, 223, 225, 226 ]
