%YAML:1.0
---
videoName: "RHShake20.mp4"
gestureLabel: 2
fps: 29
pixelSizeInCmTemp: 3.3263888888888887e-01
faceCenterPointX: 286
faceCenterPointY: 45
LHandPositionsX: [ 392, 393, 391, 390, 392, 390, 394, 390, 392, 390, 392,
    391, 393, 392, 394, 393, 393, 392, 393, 391, 392, 391, 393, 392, 394,
    390, 390, 390, 392, 392, 392, 393, 391, 393, 392, 394, 394, 394, 391,
    393, 392, 390, 394, 390, 393, 390, 392, 392, 390, 390, 390, 390, 393,
    392, 391, 394, 390, 390, 391, 393, 392, 393, 391, 390, 390, 394, 393,
    393, 393, 394, 390, 391, 392, 394, 393, 392, 391, 393, 393, 390, 391,
    390, 392, 392, 392, 392, 393, 391 ]
LHandPositionsY: [ 245, 245, 246, 243, 244, 242, 241, 244, 244, 243, 241,
    242, 242, 243, 241, 241, 243, 239, 240, 241, 240, 239, 240, 243, 239,
    240, 239, 239, 240, 243, 239, 242, 240, 242, 239, 243, 242, 240, 239,
    240, 239, 241, 239, 242, 239, 239, 240, 243, 241, 239, 240, 242, 242,
    241, 239, 239, 242, 239, 242, 239, 242, 243, 239, 242, 243, 239, 241,
    241, 241, 241, 239, 243, 242, 240, 239, 242, 242, 239, 243, 239, 243,
    239, 239, 240, 243, 243, 242, 243 ]
RHandPositionsX: [ 166, 160, 162, 155, 152, 152, 151, 154, 158, 158, 162,
    159, 158, 153, 153, 150, 149, 152, 157, 161, 161, 161, 158, 152, 154,
    152, 151, 154, 158, 160, 163, 159, 155, 153, 158, 154, 150, 148, 158,
    164, 168, 168, 163, 162, 156, 152, 154, 150, 158, 161, 168, 168, 165,
    169, 166, 170, 166, 166, 161, 158, 165, 167, 175, 179, 183, 187, 187,
    184, 185, 185, 186, 183, 181, 179, 178, 179, 177, 180, 178, 176, 180,
    177, 177, 178, 177, 180, 176, 178 ]
RHandPositionsY: [ 111, 108, 103, 102, 101, 101, 97, 100, 102, 102, 101,
    102, 98, 100, 98, 97, 99, 105, 112, 115, 116, 113, 112, 108, 107,
    109, 107, 111, 117, 119, 120, 115, 113, 109, 107, 103, 104, 108, 112,
    119, 121, 122, 124, 117, 116, 114, 113, 112, 111, 116, 123, 125, 121,
    127, 122, 118, 115, 117, 112, 113, 115, 122, 132, 135, 145, 153, 165,
    176, 187, 192, 199, 212, 217, 226, 234, 232, 238, 242, 241, 243, 243,
    246, 245, 247, 243, 244, 246, 245 ]
