%YAML:1.0
---
videoName: "RHShake19.mp4"
gestureLabel: 2
fps: 29
pixelSizeInCmTemp: 3.2808219178082193e-01
faceCenterPointX: 283
faceCenterPointY: 48
LHandPositionsX: [ 390, 390, 388, 389, 392, 392, 391, 389, 391, 390, 390,
    390, 388, 392, 389, 392, 391, 391, 389, 391, 390, 389, 390, 389, 390,
    388, 389, 388, 390, 388, 389, 392, 390, 391, 391, 389, 389, 388, 391,
    390, 388, 392, 391, 389, 392, 389, 389, 392, 392, 392, 390, 389, 388,
    390, 392, 392, 392, 390, 391, 388, 388, 392, 392, 389, 391, 388, 391,
    391, 388, 392, 388, 389, 388, 392, 392, 390, 388, 390, 391, 388, 388,
    392, 392, 389, 390, 392, 388, 392 ]
LHandPositionsY: [ 243, 243, 241, 244, 242, 242, 242, 240, 243, 243, 244,
    244, 240, 242, 243, 242, 244, 241, 242, 241, 240, 244, 240, 240, 240,
    244, 242, 242, 241, 242, 243, 243, 241, 240, 240, 244, 244, 242, 244,
    242, 242, 242, 244, 241, 244, 240, 244, 242, 244, 244, 241, 241, 243,
    242, 240, 244, 244, 243, 241, 241, 240, 243, 241, 243, 242, 244, 243,
    243, 243, 243, 244, 244, 240, 240, 240, 242, 243, 242, 240, 241, 244,
    240, 243, 241, 241, 240, 241, 240 ]
RHandPositionsX: [ 155, 172, 183, 181, 189, 186, 177, 172, 168, 164, 161,
    164, 164, 180, 184, 183, 187, 180, 175, 169, 162, 158, 161, 167, 169,
    175, 173, 171, 169, 164, 161, 157, 160, 164, 170, 178, 181, 176, 178,
    174, 167, 163, 165, 158, 161, 168, 176, 179, 177, 185, 176, 173, 168,
    170, 169, 168, 169, 181, 180, 181, 179, 180, 175, 170, 167, 169, 169,
    176, 177, 184, 186, 190, 188, 186, 186, 184, 186, 180, 181, 181, 179,
    181, 179, 182, 178, 179, 181, 179 ]
RHandPositionsY: [ 89, 91, 96, 93, 92, 89, 87, 83, 79, 78, 76, 73, 77,
    85, 91, 88, 90, 83, 79, 75, 78, 79, 77, 75, 83, 88, 90, 92, 89, 88,
    82, 83, 78, 85, 84, 90, 94, 96, 96, 90, 90, 87, 88, 85, 81, 86, 93,
    99, 103, 101, 101, 95, 97, 96, 96, 95, 99, 103, 106, 110, 105, 102,
    101, 100, 101, 100, 111, 124, 138, 151, 164, 176, 189, 193, 197, 211,
    218, 224, 229, 237, 234, 238, 241, 239, 242, 239, 241, 239 ]
