%YAML:1.0
---
videoName: "RHShake22.mp4"
gestureLabel: 2
fps: 29
pixelSizeInCmTemp: 3.3263888888888887e-01
faceCenterPointX: 290
faceCenterPointY: 48
LHandPositionsX: [ 393, 393, 394, 394, 392, 393, 396, 394, 396, 396, 396,
    392, 394, 396, 394, 394, 395, 394, 394, 392, 392, 395, 396, 396, 394,
    394, 395, 396, 395, 393, 393, 395, 393, 392, 395, 394, 396, 392, 395,
    394, 394, 392, 393, 392, 393, 392, 396, 395, 395, 395, 394, 392, 395,
    396, 392, 394, 393, 394, 396, 392, 392, 392, 393, 392, 394, 393, 392,
    394, 396, 394, 394, 393, 396, 394, 393, 395, 394, 396, 396, 392, 396,
    394, 392, 395, 394, 393, 392, 396 ]
LHandPositionsY: [ 232, 231, 234, 232, 230, 234, 232, 230, 230, 231, 231,
    232, 232, 232, 230, 230, 232, 232, 234, 230, 230, 232, 230, 230, 234,
    234, 231, 232, 233, 233, 231, 231, 230, 231, 231, 231, 231, 231, 234,
    234, 234, 231, 231, 233, 234, 233, 233, 233, 230, 234, 231, 233, 233,
    230, 233, 234, 230, 234, 230, 232, 234, 234, 232, 232, 230, 232, 230,
    234, 233, 230, 234, 231, 230, 232, 232, 230, 231, 231, 234, 231, 231,
    231, 234, 231, 233, 234, 230, 231 ]
RHandPositionsX: [ 148, 137, 128, 128, 133, 136, 146, 155, 163, 164, 164,
    162, 160, 156, 152, 147, 142, 143, 148, 152, 162, 170, 173, 169, 171,
    166, 161, 158, 157, 152, 152, 161, 164, 171, 171, 170, 170, 172, 167,
    160, 156, 159, 161, 165, 170, 176, 173, 171, 173, 166, 164, 159, 156,
    157, 159, 165, 170, 177, 177, 179, 175, 173, 171, 161, 156, 152, 154,
    154, 168, 176, 179, 178, 180, 183, 180, 180, 178, 181, 183, 186, 190,
    191, 187, 186, 191, 188, 188, 188 ]
RHandPositionsY: [ 140, 117, 103, 103, 97, 91, 82, 84, 92, 92, 92, 88,
    83, 78, 79, 81, 76, 75, 74, 86, 90, 93, 95, 95, 94, 88, 86, 82, 86,
    81, 79, 89, 94, 99, 100, 100, 94, 89, 89, 89, 85, 83, 84, 87, 94, 99,
    103, 101, 93, 91, 89, 90, 88, 87, 83, 83, 91, 100, 100, 104, 100, 96,
    94, 91, 93, 93, 89, 88, 88, 102, 106, 109, 112, 119, 122, 124, 136,
    149, 160, 169, 181, 195, 200, 206, 211, 221, 225, 226 ]
