%YAML:1.0
---
videoName: "RHShake07.mp4"
gestureLabel: 2
fps: 29
pixelSizeInCmTemp: 3.2364864864864862e-01
faceCenterPointX: 292
faceCenterPointY: 44
LHandPositionsX: [ 307, 309, 306, 307, 307, 309, 307, 310, 307, 305, 309,
    308, 312, 312, 311, 314, 310, 312, 314, 312, 310, 312, 310, 310, 313,
    311, 310, 314, 314, 313, 314, 314, 313, 315, 316, 311, 314, 316, 314,
    313, 312, 312, 313, 315, 312, 316, 313, 316, 316, 314, 314, 315, 315,
    314, 314, 315, 313, 316, 314, 314, 312, 315, 316, 316, 315, 312, 315,
    313, 314, 314, 312, 316, 313, 313, 317, 314, 316, 317, 314, 314, 308,
    310, 312, 308, 308, 312, 312, 309 ]
LHandPositionsY: [ 270, 271, 271, 271, 271, 270, 267, 272, 274, 274, 271,
    269, 272, 271, 268, 269, 269, 269, 271, 268, 269, 270, 269, 271, 270,
    267, 268, 271, 269, 267, 270, 270, 270, 271, 267, 267, 271, 267, 268,
    268, 269, 269, 268, 271, 268, 269, 269, 270, 269, 269, 267, 270, 267,
    271, 269, 269, 271, 270, 269, 268, 268, 269, 271, 271, 271, 268, 271,
    271, 270, 268, 268, 270, 267, 266, 266, 269, 270, 268, 271, 271, 270,
    273, 271, 273, 273, 272, 273, 273 ]
RHandPositionsX: [ 265, 265, 267, 266, 264, 263, 267, 267, 266, 271, 269,
    264, 255, 237, 218, 198, 177, 161, 155, 155, 158, 155, 157, 161, 161,
    180, 190, 182, 176, 170, 166, 167, 180, 179, 186, 187, 183, 175, 169,
    169, 171, 175, 182, 186, 185, 183, 177, 172, 165, 167, 165, 183, 184,
    198, 192, 187, 182, 178, 168, 170, 164, 166, 173, 176, 175, 185, 176,
    177, 170, 170, 158, 166, 176, 197, 214, 232, 241, 257, 269, 277, 270,
    272, 272, 267, 264, 264, 267, 266 ]
RHandPositionsY: [ 254, 254, 253, 253, 253, 252, 255, 254, 257, 258, 248,
    242, 232, 218, 202, 187, 166, 154, 135, 129, 126, 111, 121, 123, 128,
    115, 105, 98, 92, 93, 88, 92, 108, 104, 102, 98, 95, 93, 93, 93, 93,
    94, 100, 100, 99, 96, 93, 92, 91, 85, 84, 88, 94, 100, 100, 98, 92,
    92, 90, 90, 89, 90, 92, 93, 93, 93, 88, 85, 87, 91, 96, 119, 137,
    147, 168, 187, 205, 226, 237, 245, 242, 247, 252, 255, 254, 252, 255,
    254 ]
