%YAML:1.0
---
videoName: "RHShake08.mp4"
gestureLabel: 2
fps: 29
pixelSizeInCmTemp: 3.2808219178082193e-01
faceCenterPointX: 290
faceCenterPointY: 45
LHandPositionsX: [ 317, 316, 317, 314, 317, 316, 312, 316, 315, 309, 310,
    313, 310, 309, 311, 309, 307, 309, 306, 308, 310, 308, 306, 307, 306,
    310, 307, 308, 306, 306, 308, 310, 308, 306, 308, 308, 310, 306, 308,
    310, 308, 306, 310, 305, 308, 307, 309, 308, 306, 309, 309, 305, 308,
    308, 305, 305, 307, 309, 307, 309, 308, 308, 305, 305, 307, 309, 305,
    308, 306, 305, 305, 309, 308, 305, 308, 309, 305, 307, 307, 309, 307,
    306, 308, 309, 308, 308, 308, 308 ]
LHandPositionsY: [ 282, 278, 280, 280, 283, 279, 284, 284, 284, 284, 285,
    283, 282, 283, 281, 285, 284, 282, 281, 281, 281, 283, 283, 284, 285,
    285, 285, 283, 282, 283, 283, 283, 281, 282, 282, 281, 282, 281, 283,
    284, 283, 283, 281, 282, 280, 280, 284, 280, 283, 281, 283, 281, 283,
    282, 280, 282, 280, 281, 284, 282, 284, 283, 284, 280, 281, 282, 282,
    281, 282, 282, 283, 282, 283, 281, 280, 281, 282, 281, 281, 284, 283,
    283, 284, 282, 282, 283, 282, 283 ]
RHandPositionsX: [ 270, 269, 269, 269, 269, 270, 272, 278, 267, 258, 257,
    255, 251, 235, 220, 201, 184, 163, 157, 162, 164, 176, 197, 200, 206,
    198, 196, 189, 181, 179, 189, 190, 206, 202, 193, 194, 184, 183, 181,
    179, 191, 189, 187, 186, 182, 179, 173, 171, 173, 184, 186, 188, 193,
    188, 195, 189, 186, 204, 206, 218, 214, 204, 203, 201, 200, 196, 201,
    207, 215, 211, 214, 218, 225, 229, 239, 246, 250, 261, 264, 263, 266,
    269, 270, 269, 275, 277, 274, 268 ]
RHandPositionsY: [ 270, 267, 267, 267, 266, 268, 270, 267, 265, 261, 254,
    244, 232, 220, 204, 184, 175, 152, 133, 129, 113, 108, 106, 107, 110,
    102, 98, 94, 93, 91, 89, 95, 93, 96, 92, 88, 90, 88, 87, 89, 94, 92,
    94, 93, 91, 86, 86, 85, 88, 95, 96, 94, 100, 95, 94, 89, 90, 94, 99,
    94, 99, 101, 96, 93, 93, 96, 94, 99, 106, 106, 110, 126, 132, 144,
    158, 175, 192, 216, 230, 246, 258, 260, 258, 262, 262, 265, 263, 262 ]
