%YAML:1.0
---
videoName: "RHShake15.mp4"
gestureLabel: 2
fps: 29
pixelSizeInCmTemp: 3.2808219178082193e-01
faceCenterPointX: 279
faceCenterPointY: 41
LHandPositionsX: [ 368, 369, 369, 371, 370, 371, 369, 368, 371, 371, 368,
    371, 371, 369, 369, 371, 371, 369, 372, 369, 368, 368, 372, 368, 372,
    369, 369, 370, 370, 370, 369, 369, 370, 369, 369, 370, 371, 372, 371,
    371, 369, 369, 372, 369, 371, 371, 368, 371, 370, 371, 372, 368, 372,
    371, 372, 372, 368, 370, 370, 371, 369, 368, 369, 370, 368, 370, 371,
    371, 371, 372, 369, 368, 369, 368, 371, 372, 369, 371, 368, 370, 372,
    369, 372, 368, 368, 369, 372, 372 ]
LHandPositionsY: [ 236, 235, 236, 236, 232, 232, 236, 234, 236, 236, 236,
    235, 232, 233, 236, 233, 233, 232, 235, 232, 234, 233, 235, 234, 233,
    232, 232, 235, 235, 232, 234, 236, 236, 233, 236, 234, 235, 235, 234,
    235, 235, 233, 235, 232, 234, 235, 235, 231, 234, 235, 232, 235, 232,
    231, 234, 234, 233, 233, 234, 233, 231, 231, 231, 231, 235, 235, 235,
    234, 232, 231, 234, 232, 233, 231, 231, 233, 234, 233, 232, 235, 232,
    235, 233, 235, 232, 234, 232, 232 ]
RHandPositionsX: [ 137, 124, 114, 108, 113, 108, 110, 107, 106, 112, 114,
    117, 116, 112, 109, 113, 115, 111, 109, 108, 112, 119, 115, 111, 109,
    106, 110, 108, 105, 108, 112, 117, 118, 117, 115, 113, 108, 113, 114,
    114, 109, 111, 117, 116, 121, 119, 118, 125, 121, 119, 116, 121, 124,
    127, 126, 125, 124, 129, 124, 121, 120, 125, 127, 132, 139, 144, 141,
    136, 139, 144, 146, 149, 151, 156, 157, 158, 156, 156, 161, 162, 157,
    159, 158, 161, 157, 159, 159, 158 ]
RHandPositionsY: [ 189, 171, 154, 146, 146, 141, 132, 129, 119, 116, 112,
    106, 104, 99, 98, 98, 94, 95, 94, 92, 96, 91, 92, 92, 94, 96, 95, 96,
    92, 96, 98, 102, 103, 104, 103, 102, 103, 101, 102, 103, 107, 106,
    110, 110, 107, 107, 104, 106, 107, 104, 107, 107, 110, 115, 116, 114,
    110, 113, 111, 110, 110, 119, 124, 135, 149, 165, 171, 181, 192, 201,
    210, 219, 229, 234, 239, 239, 247, 248, 249, 249, 248, 249, 246, 248,
    247, 249, 245, 248 ]
