%YAML:1.0
---
videoName: "RHShake02.mp4"
gestureLabel: 2
fps: 29
pixelSizeInCmTemp: 3.1933333333333330e-01
faceCenterPointX: 291
faceCenterPointY: 51
LHandPositionsX: [ 405, 409, 405, 408, 408, 406, 408, 405, 408, 405, 408,
    407, 408, 406, 405, 406, 404, 406, 404, 406, 407, 407, 406, 406, 407,
    408, 406, 406, 405, 406, 404, 402, 405, 404, 402, 401, 405, 402, 402,
    401, 403, 401, 400, 401, 399, 401, 403, 400, 401, 402, 400, 397, 399,
    397, 397, 397, 396, 399, 399, 399, 397, 399, 399, 397, 398, 397, 399,
    397, 399, 399, 396, 395, 397, 398, 397, 395, 395, 399, 399, 398, 396,
    395, 398, 395, 399, 398, 396, 399 ]
LHandPositionsY: [ 264, 261, 265, 262, 265, 265, 262, 264, 262, 261, 262,
    261, 261, 265, 265, 263, 262, 260, 260, 260, 263, 262, 264, 263, 261,
    260, 260, 262, 263, 260, 262, 260, 262, 260, 263, 261, 264, 263, 262,
    261, 262, 260, 261, 264, 262, 262, 261, 261, 264, 262, 262, 262, 262,
    264, 261, 264, 263, 260, 260, 264, 260, 262, 261, 263, 262, 263, 264,
    260, 263, 264, 262, 264, 262, 261, 261, 261, 262, 263, 263, 264, 262,
    262, 261, 262, 261, 264, 263, 262 ]
RHandPositionsX: [ 175, 172, 175, 173, 174, 172, 171, 170, 171, 171, 170,
    173, 172, 174, 171, 170, 173, 173, 173, 173, 172, 172, 174, 171, 171,
    174, 175, 177, 177, 171, 165, 159, 161, 154, 152, 155, 158, 178, 184,
    177, 181, 178, 170, 163, 163, 157, 160, 170, 180, 183, 190, 183, 181,
    177, 169, 167, 165, 166, 176, 184, 184, 181, 180, 175, 175, 173, 171,
    166, 169, 178, 183, 194, 198, 202, 200, 197, 197, 183, 184, 183, 180,
    179, 176, 174, 174, 175, 173, 176 ]
RHandPositionsY: [ 267, 263, 267, 264, 263, 265, 266, 265, 266, 263, 263,
    263, 267, 266, 265, 263, 266, 264, 264, 267, 266, 263, 267, 264, 265,
    266, 265, 249, 231, 209, 190, 165, 146, 123, 112, 103, 99, 97, 101,
    97, 96, 91, 91, 88, 86, 87, 89, 93, 99, 100, 98, 95, 90, 89, 84, 84,
    86, 91, 96, 98, 99, 98, 98, 95, 94, 93, 94, 91, 93, 98, 104, 119,
    131, 144, 159, 178, 192, 214, 224, 232, 237, 245, 242, 251, 249, 250,
    254, 254 ]
