%YAML:1.0
---
videoName: "RHShake10.mp4"
gestureLabel: 2
fps: 29
pixelSizeInCmTemp: 3.1933333333333330e-01
faceCenterPointX: 295
faceCenterPointY: 45
LHandPositionsX: [ 341, 339, 340, 341, 339, 340, 335, 333, 335, 329, 334,
    330, 329, 328, 326, 324, 325, 328, 327, 328, 327, 328, 328, 329, 326,
    329, 327, 330, 330, 326, 327, 328, 326, 326, 328, 328, 329, 328, 328,
    329, 328, 327, 328, 327, 328, 327, 327, 326, 326, 328, 326, 328, 330,
    329, 326, 328, 330, 327, 329, 326, 329, 329, 327, 329, 326, 328, 328,
    328, 327, 329, 328, 329, 327, 329, 328, 331, 329, 329, 329, 331, 328,
    329, 327, 327, 327, 327, 328, 326 ]
LHandPositionsY: [ 262, 265, 266, 266, 268, 268, 266, 267, 271, 270, 269,
    271, 273, 274, 274, 270, 274, 271, 271, 271, 271, 273, 270, 274, 274,
    271, 270, 273, 269, 272, 271, 273, 271, 272, 273, 273, 268, 268, 268,
    271, 268, 271, 269, 272, 269, 271, 269, 268, 272, 269, 272, 272, 268,
    269, 269, 268, 272, 271, 268, 270, 272, 269, 268, 269, 272, 272, 271,
    269, 270, 269, 272, 272, 272, 268, 270, 269, 268, 271, 270, 271, 270,
    271, 270, 271, 270, 271, 272, 272 ]
RHandPositionsX: [ 260, 261, 263, 261, 262, 262, 259, 260, 259, 261, 261,
    259, 259, 258, 261, 263, 261, 254, 260, 250, 240, 223, 199, 182, 168,
    156, 134, 136, 136, 137, 144, 152, 156, 163, 167, 161, 160, 158, 159,
    160, 164, 174, 177, 182, 174, 175, 170, 169, 173, 169, 174, 187, 192,
    193, 190, 183, 179, 177, 177, 180, 178, 191, 191, 195, 189, 183, 179,
    173, 173, 177, 175, 189, 199, 203, 212, 221, 224, 229, 236, 242, 249,
    254, 248, 258, 260, 262, 259, 263 ]
RHandPositionsY: [ 268, 265, 263, 264, 267, 263, 265, 263, 266, 264, 265,
    266, 265, 265, 268, 269, 267, 268, 267, 254, 243, 229, 212, 189, 171,
    149, 128, 115, 114, 96, 86, 87, 87, 91, 84, 82, 79, 77, 77, 76, 77,
    83, 89, 84, 80, 80, 76, 77, 75, 80, 83, 89, 90, 95, 87, 84, 81, 85,
    81, 85, 89, 92, 94, 95, 88, 90, 85, 80, 80, 84, 95, 106, 126, 147,
    164, 181, 196, 215, 227, 244, 256, 258, 259, 265, 265, 265, 265, 266 ]
