%YAML:1.0
---
videoName: "RHShake07.mp4"
gestureLabel: 2
fps: 29
pixelSizeInCmTemp: 3.2364864864864862e-01
faceCenterPointX: 292
faceCenterPointY: 44
LHandPositionsX: [ 309, 306, 309, 306, 310, 309, 310, 307, 309, 305, 310,
    312, 309, 310, 311, 310, 314, 313, 314, 311, 312, 311, 310, 311, 311,
    312, 311, 314, 311, 313, 311, 311, 315, 313, 313, 315, 315, 314, 315,
    315, 316, 312, 313, 314, 315, 314, 314, 312, 312, 314, 314, 315, 312,
    312, 312, 316, 314, 316, 313, 314, 313, 314, 312, 315, 315, 313, 315,
    316, 315, 313, 314, 317, 314, 313, 315, 314, 317, 313, 312, 315, 307,
    309, 310, 309, 312, 308, 312, 311 ]
LHandPositionsY: [ 270, 271, 269, 267, 271, 268, 270, 272, 270, 273, 273,
    272, 272, 271, 272, 272, 268, 268, 271, 271, 269, 270, 267, 267, 270,
    268, 268, 270, 268, 271, 267, 270, 270, 271, 267, 270, 270, 269, 270,
    270, 268, 271, 270, 271, 267, 270, 267, 268, 270, 271, 268, 271, 271,
    267, 270, 271, 271, 268, 269, 268, 270, 268, 267, 271, 271, 267, 270,
    268, 267, 271, 268, 268, 266, 267, 267, 268, 269, 268, 272, 268, 272,
    270, 273, 273, 275, 275, 273, 274 ]
RHandPositionsX: [ 263, 266, 265, 266, 266, 263, 265, 269, 263, 267, 269,
    263, 253, 235, 216, 195, 175, 161, 155, 153, 159, 152, 158, 161, 165,
    180, 190, 185, 175, 168, 168, 166, 178, 183, 187, 188, 183, 177, 171,
    169, 175, 175, 181, 182, 186, 183, 179, 171, 165, 164, 167, 182, 183,
    200, 195, 186, 181, 177, 171, 172, 167, 164, 170, 173, 175, 184, 178,
    177, 170, 166, 160, 166, 177, 195, 214, 228, 241, 257, 269, 279, 269,
    273, 271, 263, 266, 264, 268, 266 ]
RHandPositionsY: [ 251, 253, 251, 254, 253, 255, 253, 253, 253, 258, 249,
    244, 232, 218, 203, 185, 166, 155, 133, 133, 128, 111, 121, 123, 125,
    115, 103, 101, 92, 91, 89, 91, 108, 103, 102, 99, 95, 96, 93, 92, 91,
    96, 97, 98, 99, 98, 94, 89, 89, 84, 84, 92, 96, 104, 101, 96, 92, 91,
    92, 87, 89, 90, 91, 93, 92, 95, 90, 88, 89, 89, 96, 116, 139, 149,
    166, 186, 205, 226, 238, 241, 244, 248, 249, 253, 252, 255, 255, 255 ]
