%YAML:1.0
---
videoName: "RHShake15.mp4"
gestureLabel: 2
fps: 29
pixelSizeInCmTemp: 3.2808219178082193e-01
faceCenterPointX: 279
faceCenterPointY: 41
LHandPositionsX: [ 372, 371, 370, 370, 369, 369, 368, 369, 368, 369, 370,
    369, 372, 369, 370, 369, 372, 372, 370, 369, 368, 368, 371, 368, 371,
    371, 370, 372, 371, 372, 371, 370, 369, 370, 371, 372, 369, 369, 372,
    372, 372, 371, 371, 372, 368, 370, 369, 369, 369, 368, 370, 370, 368,
    372, 370, 370, 369, 372, 369, 370, 370, 369, 368, 370, 368, 371, 371,
    372, 370, 368, 372, 372, 369, 369, 371, 370, 372, 371, 368, 371, 370,
    369, 372, 371, 372, 370, 371, 372 ]
LHandPositionsY: [ 233, 236, 233, 232, 236, 234, 236, 232, 234, 234, 235,
    236, 233, 233, 234, 235, 232, 236, 234, 235, 232, 236, 232, 235, 235,
    234, 234, 236, 235, 235, 235, 235, 234, 234, 233, 232, 236, 235, 234,
    234, 234, 235, 235, 233, 233, 234, 232, 231, 231, 234, 235, 232, 234,
    234, 232, 234, 233, 235, 234, 235, 231, 234, 233, 232, 234, 234, 234,
    234, 232, 233, 231, 233, 234, 231, 231, 234, 234, 233, 233, 232, 231,
    234, 233, 232, 233, 234, 231, 232 ]
RHandPositionsX: [ 138, 122, 114, 108, 113, 108, 109, 104, 109, 111, 111,
    117, 116, 112, 109, 113, 115, 111, 107, 110, 114, 115, 116, 111, 110,
    109, 112, 110, 105, 107, 116, 118, 117, 114, 115, 111, 108, 112, 111,
    116, 112, 113, 118, 115, 122, 121, 121, 122, 122, 119, 120, 124, 123,
    126, 124, 125, 128, 128, 122, 119, 123, 124, 130, 136, 139, 144, 138,
    140, 140, 143, 145, 148, 151, 152, 156, 156, 160, 156, 159, 160, 158,
    160, 157, 161, 159, 160, 159, 158 ]
RHandPositionsY: [ 192, 174, 153, 143, 146, 142, 131, 129, 122, 115, 110,
    108, 101, 99, 98, 97, 94, 94, 94, 92, 93, 94, 92, 93, 91, 96, 96, 92,
    96, 94, 99, 103, 104, 103, 101, 102, 101, 103, 105, 104, 103, 107,
    110, 110, 107, 104, 106, 106, 107, 104, 107, 106, 109, 115, 118, 115,
    113, 110, 109, 110, 113, 120, 127, 138, 152, 162, 170, 182, 194, 203,
    209, 219, 229, 237, 242, 240, 246, 247, 249, 245, 248, 249, 246, 247,
    248, 246, 247, 249 ]
