%YAML:1.0
---
videoName: "RHShake16.mp4"
gestureLabel: 2
fps: 29
pixelSizeInCmTemp: 3.2808219178082193e-01
faceCenterPointX: 281
faceCenterPointY: 44
LHandPositionsX: [ 371, 371, 373, 370, 372, 372, 371, 373, 369, 373, 371,
    370, 370, 370, 372, 369, 371, 373, 369, 373, 372, 372, 371, 373, 370,
    372, 372, 373, 370, 369, 369, 370, 373, 370, 370, 370, 370, 370, 372,
    370, 373, 372, 373, 371, 370, 369, 371, 372, 370, 371, 369, 372, 372,
    373, 372, 372, 372, 373, 372, 369, 371, 371, 370, 371, 373, 372, 372,
    373, 369, 371, 373, 371, 369, 373, 373, 372, 371, 370, 371, 373, 371,
    371, 371, 371, 372, 373, 373, 373 ]
LHandPositionsY: [ 230, 231, 233, 231, 234, 233, 230, 232, 230, 232, 232,
    231, 230, 231, 233, 233, 233, 230, 231, 232, 233, 230, 233, 234, 234,
    230, 232, 230, 230, 233, 231, 230, 230, 234, 231, 232, 230, 233, 234,
    234, 230, 231, 234, 233, 230, 232, 230, 232, 233, 232, 232, 231, 233,
    233, 230, 231, 230, 231, 231, 232, 229, 233, 233, 231, 231, 230, 229,
    231, 232, 233, 233, 231, 230, 231, 229, 229, 229, 230, 232, 233, 232,
    231, 229, 232, 232, 231, 232, 231 ]
RHandPositionsX: [ 171, 168, 167, 170, 170, 171, 167, 170, 167, 168, 170,
    168, 169, 167, 171, 169, 169, 167, 163, 155, 153, 148, 139, 132, 124,
    121, 118, 124, 125, 125, 125, 131, 137, 141, 146, 139, 136, 137, 135,
    139, 141, 143, 149, 149, 148, 149, 150, 147, 144, 145, 151, 151, 154,
    152, 147, 145, 147, 144, 146, 151, 154, 155, 154, 153, 152, 153, 151,
    153, 150, 163, 168, 173, 172, 175, 176, 175, 176, 174, 174, 168, 173,
    172, 170, 172, 170, 168, 168, 171 ]
RHandPositionsY: [ 269, 266, 267, 265, 265, 269, 266, 269, 267, 267, 265,
    268, 268, 266, 267, 268, 267, 265, 255, 241, 221, 198, 180, 158, 142,
    128, 116, 115, 112, 106, 106, 104, 101, 94, 93, 93, 90, 91, 89, 88,
    90, 90, 88, 90, 89, 89, 84, 85, 87, 89, 86, 87, 86, 88, 88, 88, 86,
    86, 90, 90, 91, 89, 87, 89, 88, 90, 89, 92, 102, 119, 132, 147, 162,
    170, 185, 192, 197, 204, 210, 216, 225, 222, 226, 231, 237, 234, 238,
    237 ]
