%YAML:1.0
---
videoName: "RHShake02.mp4"
gestureLabel: 2
fps: 29
pixelSizeInCmTemp: 3.1933333333333330e-01
faceCenterPointX: 291
faceCenterPointY: 51
LHandPositionsX: [ 406, 408, 408, 406, 409, 407, 407, 407, 405, 407, 405,
    405, 406, 409, 405, 405, 407, 408, 405, 404, 405, 405, 405, 407, 405,
    404, 407, 404, 405, 402, 402, 406, 403, 401, 404, 402, 403, 404, 404,
    400, 404, 404, 401, 403, 401, 403, 399, 401, 402, 399, 399, 397, 400,
    400, 401, 397, 397, 399, 399, 396, 397, 396, 397, 400, 399, 395, 399,
    398, 397, 399, 397, 395, 399, 397, 396, 396, 399, 396, 395, 397, 395,
    398, 395, 396, 395, 398, 398, 396 ]
LHandPositionsY: [ 262, 261, 265, 263, 265, 264, 261, 261, 265, 264, 263,
    262, 263, 263, 265, 262, 264, 263, 261, 262, 264, 262, 262, 261, 262,
    262, 264, 260, 263, 263, 263, 261, 262, 260, 261, 264, 260, 264, 263,
    263, 263, 261, 264, 260, 262, 262, 261, 262, 264, 264, 260, 264, 263,
    264, 263, 263, 261, 260, 263, 262, 262, 260, 264, 261, 260, 263, 264,
    260, 263, 260, 264, 261, 262, 262, 260, 260, 263, 261, 262, 262, 263,
    264, 263, 262, 263, 261, 263, 261 ]
RHandPositionsX: [ 171, 175, 173, 174, 171, 174, 171, 171, 172, 171, 173,
    171, 172, 171, 174, 171, 173, 170, 173, 171, 172, 170, 172, 172, 175,
    174, 174, 179, 176, 171, 168, 161, 159, 152, 151, 157, 160, 176, 181,
    178, 179, 177, 172, 166, 161, 159, 160, 167, 179, 183, 194, 185, 185,
    177, 168, 167, 163, 168, 175, 181, 185, 184, 181, 176, 176, 169, 169,
    167, 172, 174, 182, 194, 196, 200, 200, 196, 195, 183, 188, 181, 181,
    176, 177, 178, 174, 173, 174, 177 ]
RHandPositionsY: [ 267, 267, 267, 265, 266, 265, 263, 266, 266, 266, 263,
    266, 264, 264, 267, 266, 265, 266, 266, 265, 263, 263, 265, 267, 268,
    269, 263, 246, 231, 207, 189, 165, 145, 121, 110, 103, 100, 97, 100,
    99, 96, 91, 90, 90, 90, 89, 88, 93, 99, 96, 101, 97, 90, 91, 87, 84,
    84, 89, 96, 98, 100, 97, 99, 98, 94, 92, 94, 95, 94, 97, 103, 116,
    128, 145, 160, 177, 191, 212, 227, 231, 235, 243, 245, 251, 252, 254,
    252, 255 ]
