%YAML:1.0
---
videoName: "RHShake20.mp4"
gestureLabel: 2
fps: 29
pixelSizeInCmTemp: 3.3263888888888887e-01
faceCenterPointX: 286
faceCenterPointY: 45
LHandPositionsX: [ 393, 392, 391, 394, 392, 393, 392, 390, 390, 393, 391,
    394, 394, 390, 393, 394, 390, 393, 393, 392, 392, 394, 394, 392, 391,
    391, 393, 391, 394, 394, 391, 393, 394, 391, 391, 391, 391, 393, 394,
    391, 392, 394, 392, 392, 393, 391, 390, 390, 392, 394, 391, 394, 390,
    390, 392, 392, 390, 390, 390, 394, 394, 393, 394, 393, 391, 394, 393,
    391, 394, 394, 390, 392, 392, 394, 393, 393, 390, 391, 392, 392, 390,
    394, 390, 390, 390, 390, 394, 394 ]
LHandPositionsY: [ 246, 243, 245, 245, 245, 243, 243, 245, 240, 244, 240,
    243, 239, 239, 242, 242, 243, 242, 242, 241, 241, 242, 243, 240, 242,
    243, 241, 242, 242, 240, 239, 242, 239, 243, 240, 241, 240, 240, 243,
    242, 242, 243, 240, 242, 240, 243, 242, 240, 239, 241, 242, 243, 240,
    240, 241, 241, 239, 243, 239, 239, 240, 240, 243, 243, 243, 241, 241,
    240, 240, 239, 239, 239, 240, 240, 243, 242, 239, 242, 243, 240, 241,
    239, 239, 240, 242, 239, 243, 241 ]
RHandPositionsX: [ 164, 163, 158, 158, 153, 154, 152, 154, 156, 159, 160,
    160, 157, 155, 150, 150, 149, 149, 158, 160, 162, 160, 160, 153, 155,
    155, 149, 152, 158, 164, 164, 163, 158, 152, 156, 153, 149, 149, 158,
    166, 165, 167, 164, 160, 157, 153, 152, 153, 158, 164, 166, 165, 167,
    170, 167, 171, 164, 163, 161, 157, 161, 166, 175, 179, 182, 184, 185,
    185, 185, 185, 185, 184, 179, 179, 176, 178, 180, 180, 178, 176, 178,
    179, 176, 177, 176, 179, 179, 180 ]
RHandPositionsY: [ 110, 109, 103, 101, 99, 98, 101, 97, 100, 100, 100,
    102, 98, 100, 96, 97, 100, 105, 112, 112, 116, 114, 114, 112, 106,
    107, 105, 110, 116, 118, 116, 115, 109, 107, 107, 104, 103, 104, 114,
    120, 124, 122, 121, 116, 117, 111, 114, 109, 113, 117, 123, 126, 124,
    127, 121, 122, 118, 115, 112, 111, 119, 125, 129, 136, 148, 157, 167,
    176, 186, 195, 202, 210, 218, 226, 231, 232, 240, 242, 239, 241, 245,
    247, 246, 243, 243, 243, 245, 244 ]
