%YAML:1.0
---
videoName: "RHShake01.mp4"
gestureLabel: 2
fps: 29
pixelSizeInCmTemp: 3.1513157894736843e-01
faceCenterPointX: 292
faceCenterPointY: 51
LHandPositionsX: [ 394, 393, 395, 395, 395, 392, 393, 394, 393, 394, 392,
    395, 395, 394, 394, 395, 393, 392, 392, 393, 395, 393, 394, 391, 394,
    394, 395, 395, 391, 392, 391, 392, 393, 391, 395, 391, 395, 394, 394,
    392, 395, 394, 393, 395, 392, 393, 392, 393, 394, 391, 394, 392, 395,
    394, 393, 392, 394, 391, 395, 394, 392, 391, 395, 395, 393, 393, 395,
    395, 391, 394, 391, 392, 392, 391, 394, 395, 394, 392, 391, 395, 393,
    392, 394, 395, 392, 391, 393, 394 ]
LHandPositionsY: [ 256, 254, 253, 254, 254, 256, 255, 257, 257, 255, 254,
    255, 256, 254, 254, 253, 255, 257, 254, 257, 257, 256, 255, 256, 256,
    255, 255, 253, 254, 253, 254, 254, 253, 253, 256, 255, 256, 253, 253,
    256, 253, 255, 253, 255, 254, 257, 253, 253, 257, 255, 256, 254, 257,
    256, 257, 257, 253, 257, 256, 255, 254, 254, 254, 256, 254, 254, 254,
    255, 255, 254, 256, 257, 253, 254, 254, 253, 257, 257, 254, 254, 254,
    256, 255, 256, 257, 257, 253, 257 ]
RHandPositionsX: [ 169, 169, 171, 171, 169, 171, 167, 169, 168, 169, 169,
    168, 167, 169, 170, 167, 169, 171, 170, 170, 172, 170, 171, 172, 172,
    171, 170, 174, 175, 171, 163, 162, 157, 153, 157, 160, 170, 182, 193,
    190, 189, 187, 181, 178, 175, 175, 173, 187, 195, 195, 190, 190, 183,
    179, 176, 179, 176, 183, 188, 194, 193, 193, 197, 185, 179, 178, 177,
    179, 185, 192, 193, 197, 196, 195, 195, 191, 188, 187, 186, 180, 176,
    174, 175, 173, 172, 174, 175, 175 ]
RHandPositionsY: [ 278, 278, 276, 279, 279, 276, 277, 276, 278, 278, 278,
    279, 280, 279, 278, 278, 279, 277, 277, 278, 278, 278, 277, 279, 279,
    275, 264, 246, 229, 206, 188, 167, 151, 135, 130, 117, 106, 109, 112,
    112, 106, 104, 101, 98, 101, 96, 98, 98, 101, 102, 99, 93, 95, 92,
    95, 90, 95, 100, 101, 102, 99, 101, 100, 100, 96, 97, 97, 97, 104,
    105, 111, 121, 132, 145, 158, 179, 193, 204, 202, 212, 221, 227, 233,
    241, 242, 244, 246, 249 ]
