%YAML:1.0
---
videoName: "RHShake11.mp4"
gestureLabel: 2
fps: 29
pixelSizeInCmTemp: 3.3263888888888887e-01
faceCenterPointX: 274
faceCenterPointY: 53
LHandPositionsX: [ 309, 311, 309, 311, 309, 308, 310, 310, 309, 308, 310,
    311, 309, 309, 310, 308, 309, 309, 309, 309, 310, 309, 311, 310, 310,
    310, 311, 309, 310, 311, 307, 309, 310, 308, 310, 309, 310, 310, 309,
    309, 311, 307, 307, 307, 310, 308, 311, 311, 307, 311, 311, 308, 311,
    310, 309, 309, 307, 311, 309, 311, 310, 308, 309, 307, 311, 310, 310,
    309, 308, 307, 310, 310, 308, 310, 307, 308, 306, 306, 307, 303, 303,
    303, 307, 306, 303, 307, 304, 303 ]
LHandPositionsY: [ 245, 245, 248, 248, 248, 247, 249, 249, 249, 246, 246,
    246, 246, 245, 247, 246, 247, 249, 249, 245, 248, 246, 247, 248, 249,
    245, 248, 249, 246, 248, 247, 245, 249, 247, 247, 249, 247, 246, 246,
    247, 247, 248, 248, 247, 245, 245, 247, 249, 245, 245, 245, 248, 248,
    249, 249, 247, 245, 247, 247, 249, 247, 249, 246, 245, 245, 246, 246,
    249, 244, 247, 246, 243, 243, 247, 246, 247, 243, 243, 246, 244, 245,
    246, 243, 247, 244, 244, 247, 246 ]
RHandPositionsX: [ 249, 247, 247, 246, 234, 226, 212, 191, 174, 161, 149,
    141, 145, 145, 149, 160, 163, 165, 172, 173, 172, 161, 158, 156, 150,
    155, 162, 166, 166, 165, 168, 168, 162, 162, 155, 159, 155, 153, 160,
    167, 167, 168, 171, 169, 167, 162, 158, 156, 156, 156, 166, 173, 174,
    180, 179, 176, 173, 171, 165, 166, 160, 156, 160, 165, 173, 182, 192,
    208, 219, 230, 241, 248, 254, 261, 260, 262, 262, 260, 262, 261, 259,
    258, 262, 259, 262, 262, 258, 258 ]
RHandPositionsY: [ 245, 247, 246, 243, 232, 219, 205, 193, 175, 160, 141,
    127, 126, 114, 105, 101, 107, 107, 103, 99, 104, 98, 98, 97, 93, 93,
    94, 102, 99, 101, 101, 100, 96, 98, 93, 96, 93, 97, 99, 103, 103,
    103, 105, 105, 104, 105, 100, 101, 96, 96, 101, 107, 107, 107, 107,
    104, 107, 102, 99, 102, 101, 102, 102, 106, 119, 127, 143, 157, 173,
    187, 200, 214, 223, 231, 238, 236, 239, 240, 240, 238, 240, 242, 238,
    242, 239, 241, 240, 240 ]
