%YAML:1.0
---
videoName: "RHShake22.mp4"
gestureLabel: 2
fps: 29
pixelSizeInCmTemp: 3.3263888888888887e-01
faceCenterPointX: 290
faceCenterPointY: 48
LHandPositionsX: [ 396, 396, 392, 396, 395, 394, 396, 393, 392, 393, 392,
    393, 392, 392, 395, 394, 395, 395, 395, 393, 396, 392, 392, 396, 392,
    392, 396, 396, 396, 394, 392, 392, 395, 394, 392, 394, 394, 392, 393,
    392, 392, 393, 395, 395, 395, 396, 395, 392, 395, 394, 395, 395, 393,
    395, 392, 395, 394, 395, 396, 396, 395, 392, 393, 394, 392, 395, 394,
    393, 393, 396, 393, 396, 395, 394, 396, 393, 393, 393, 392, 392, 393,
    395, 392, 394, 396, 394, 394, 393 ]
LHandPositionsY: [ 234, 232, 233, 232, 230, 232, 234, 233, 234, 232, 233,
    230, 230, 231, 230, 234, 234, 233, 233, 234, 234, 231, 233, 234, 232,
    231, 230, 230, 230, 230, 231, 230, 230, 233, 234, 234, 230, 230, 232,
    230, 233, 232, 234, 234, 231, 230, 233, 230, 232, 234, 230, 232, 233,
    230, 231, 230, 233, 233, 233, 233, 232, 230, 231, 233, 230, 231, 232,
    230, 234, 233, 234, 233, 233, 231, 230, 231, 232, 232, 232, 231, 233,
    232, 233, 230, 232, 230, 233, 232 ]
RHandPositionsX: [ 147, 138, 132, 131, 134, 135, 147, 158, 165, 164, 165,
    166, 161, 159, 154, 146, 143, 142, 144, 153, 162, 171, 173, 172, 170,
    163, 163, 155, 157, 151, 155, 158, 167, 171, 174, 171, 172, 169, 163,
    162, 158, 159, 161, 169, 174, 173, 177, 173, 170, 169, 160, 155, 152,
    153, 155, 165, 170, 177, 179, 177, 175, 175, 169, 165, 159, 152, 151,
    156, 166, 178, 178, 176, 182, 181, 180, 181, 178, 183, 182, 186, 189,
    188, 188, 186, 187, 187, 189, 190 ]
RHandPositionsY: [ 138, 118, 102, 100, 97, 93, 84, 83, 91, 91, 92, 91,
    85, 79, 78, 80, 78, 76, 77, 85, 89, 92, 98, 95, 92, 88, 85, 86, 84,
    83, 78, 92, 92, 101, 101, 100, 94, 89, 88, 86, 85, 86, 85, 89, 95,
    97, 103, 100, 94, 90, 91, 87, 88, 87, 87, 85, 88, 98, 103, 105, 100,
    95, 92, 92, 92, 93, 90, 88, 92, 106, 107, 109, 115, 117, 122, 126,
    135, 147, 160, 170, 184, 193, 199, 206, 213, 219, 225, 223 ]
