%YAML:1.0
---
videoName: "RHShake24.mp4"
gestureLabel: 2
fps: 30
pixelSizeInCmTemp: 3.3732394366197183e-01
faceCenterPointX: 304
faceCenterPointY: 46
LHandPositionsX: [ 390, 391, 389, 391, 392, 392, 391, 392, 392, 392, 391,
    392, 390, 393, 393, 391, 393, 392, 392, 393, 392, 392, 393, 389, 393,
    392, 389, 393, 391, 390, 390, 389, 390, 393, 390, 392, 392, 391, 392,
    390, 391, 392, 393, 392, 389, 393, 391, 391, 392, 391, 391, 392, 392,
    389, 392, 389, 393, 391, 392, 390, 393, 389, 393, 390, 393, 392, 390,
    393, 389, 389, 389, 393, 391, 392, 393, 389, 390, 389, 390, 393, 391,
    393, 390, 391, 389, 392, 390, 392, 391, 391, 391 ]
LHandPositionsY: [ 225, 229, 229, 226, 229, 226, 225, 228, 226, 226, 229,
    229, 228, 228, 226, 229, 228, 227, 225, 226, 228, 228, 229, 227, 225,
    226, 228, 225, 225, 226, 225, 229, 227, 229, 226, 225, 229, 226, 225,
    229, 228, 225, 227, 226, 228, 226, 229, 229, 226, 226, 225, 228, 227,
    229, 227, 226, 227, 226, 228, 226, 229, 229, 228, 226, 229, 228, 227,
    229, 227, 229, 229, 226, 226, 226, 226, 227, 229, 227, 226, 229, 229,
    229, 227, 226, 225, 227, 225, 227, 229, 227, 226 ]
RHandPositionsX: [ 144, 147, 148, 150, 156, 156, 153, 148, 147, 140, 136,
    138, 143, 152, 161, 163, 162, 163, 161, 157, 150, 144, 142, 139, 143,
    148, 159, 156, 159, 159, 158, 157, 151, 147, 141, 145, 148, 151, 158,
    157, 162, 161, 160, 156, 147, 142, 141, 141, 141, 149, 159, 166, 166,
    170, 167, 162, 160, 152, 149, 148, 150, 146, 152, 162, 166, 169, 169,
    173, 173, 177, 180, 183, 184, 186, 189, 190, 195, 195, 195, 195, 193,
    196, 195, 194, 195, 195, 196, 193, 192, 194, 196 ]
RHandPositionsY: [ 95, 101, 101, 99, 101, 100, 94, 89, 85, 87, 87, 87,
    87, 101, 110, 113, 110, 114, 106, 100, 99, 95, 95, 94, 93, 101, 109,
    109, 111, 113, 105, 99, 99, 98, 95, 93, 93, 95, 103, 109, 106, 111,
    110, 101, 101, 97, 95, 93, 95, 109, 121, 120, 119, 122, 117, 105,
    103, 99, 102, 100, 96, 97, 104, 113, 115, 115, 119, 124, 131, 139,
    149, 150, 152, 160, 167, 172, 180, 187, 194, 201, 212, 210, 211, 213,
    219, 217, 221, 225, 226, 228, 229 ]
