%YAML:1.0
---
videoName: "RHShake22.mp4"
gestureLabel: 2
fps: 29
pixelSizeInCmTemp: 3.3263888888888887e-01
faceCenterPointX: 290
faceCenterPointY: 48
LHandPositionsX: [ 393, 395, 392, 392, 393, 396, 394, 395, 396, 393, 395,
    392, 394, 394, 393, 393, 395, 394, 393, 393, 392, 393, 392, 394, 392,
    393, 396, 392, 392, 396, 396, 394, 394, 392, 396, 394, 396, 394, 392,
    392, 392, 394, 393, 394, 395, 394, 392, 394, 396, 392, 396, 395, 393,
    393, 392, 395, 396, 392, 395, 393, 394, 395, 392, 393, 394, 395, 392,
    393, 395, 396, 394, 393, 395, 392, 396, 396, 394, 395, 393, 395, 393,
    394, 392, 394, 396, 393, 396, 396 ]
LHandPositionsY: [ 230, 233, 234, 234, 234, 234, 230, 234, 233, 232, 234,
    233, 234, 231, 231, 230, 232, 233, 233, 232, 230, 234, 232, 231, 230,
    231, 232, 233, 232, 233, 234, 233, 234, 231, 234, 230, 234, 230, 232,
    232, 230, 232, 234, 230, 230, 234, 233, 232, 234, 234, 232, 230, 233,
    233, 232, 234, 232, 232, 234, 231, 230, 230, 231, 232, 230, 231, 230,
    234, 232, 231, 232, 231, 231, 231, 233, 231, 232, 231, 232, 232, 231,
    230, 232, 232, 234, 232, 233, 230 ]
RHandPositionsX: [ 150, 135, 128, 129, 132, 138, 143, 155, 164, 165, 163,
    163, 160, 158, 154, 147, 143, 143, 147, 156, 164, 170, 173, 171, 167,
    165, 162, 155, 156, 154, 151, 161, 166, 172, 174, 171, 170, 170, 166,
    164, 158, 159, 159, 167, 172, 172, 174, 174, 174, 170, 160, 158, 152,
    157, 159, 164, 170, 174, 177, 179, 177, 175, 169, 163, 155, 154, 153,
    156, 167, 175, 179, 178, 182, 181, 181, 179, 178, 180, 182, 185, 187,
    190, 187, 188, 191, 187, 191, 189 ]
RHandPositionsY: [ 138, 116, 102, 103, 97, 92, 84, 86, 89, 94, 92, 88,
    83, 80, 80, 79, 80, 76, 77, 86, 92, 94, 99, 96, 94, 89, 87, 86, 85,
    79, 79, 90, 94, 100, 103, 98, 94, 92, 88, 88, 86, 85, 83, 91, 95,
    100, 101, 99, 93, 92, 92, 90, 89, 87, 87, 85, 88, 102, 102, 105, 99,
    95, 91, 91, 90, 94, 89, 91, 88, 106, 106, 110, 115, 117, 121, 127,
    139, 151, 159, 172, 180, 192, 199, 205, 212, 221, 226, 226 ]
