%YAML:1.0
---
videoName: "RHShake09.mp4"
gestureLabel: 2
fps: 29
pixelSizeInCmTemp: 3.1103896103896100e-01
faceCenterPointX: 296
faceCenterPointY: 48
LHandPositionsX: [ 325, 326, 322, 322, 325, 322, 321, 322, 320, 319, 317,
    314, 313, 313, 314, 311, 313, 309, 311, 310, 309, 308, 308, 305, 309,
    307, 305, 305, 306, 305, 306, 310, 308, 309, 311, 308, 310, 309, 308,
    307, 311, 308, 311, 310, 312, 313, 309, 313, 314, 315, 312, 313, 315,
    313, 313, 312, 315, 315, 315, 315, 315, 317, 313, 316, 316, 315, 315,
    314, 318, 318, 316, 317, 315, 318, 316, 316, 317, 315, 315, 317, 313,
    314, 315, 317, 313, 316, 315, 316 ]
LHandPositionsY: [ 265, 268, 268, 269, 269, 270, 270, 272, 271, 274, 271,
    271, 273, 274, 272, 274, 273, 274, 272, 273, 273, 275, 274, 272, 276,
    274, 275, 275, 277, 276, 276, 275, 276, 274, 274, 274, 277, 277, 275,
    274, 276, 273, 275, 277, 274, 273, 274, 276, 276, 274, 273, 277, 273,
    274, 273, 275, 274, 275, 274, 275, 273, 272, 272, 275, 273, 276, 276,
    275, 276, 273, 275, 273, 272, 272, 273, 276, 273, 274, 274, 272, 273,
    276, 274, 274, 275, 276, 272, 272 ]
RHandPositionsX: [ 264, 265, 266, 262, 261, 265, 261, 261, 262, 262, 260,
    262, 258, 261, 260, 258, 257, 257, 260, 259, 255, 256, 256, 258, 255,
    257, 254, 257, 254, 258, 262, 260, 253, 240, 223, 206, 190, 177, 168,
    171, 171, 174, 181, 184, 187, 184, 183, 181, 179, 178, 187, 187, 187,
    200, 193, 187, 182, 176, 179, 188, 182, 185, 193, 190, 185, 180, 175,
    174, 173, 183, 181, 190, 184, 182, 179, 181, 181, 177, 185, 192, 190,
    192, 201, 202, 207, 218, 227, 239 ]
RHandPositionsY: [ 261, 266, 265, 262, 267, 266, 266, 265, 267, 266, 265,
    268, 265, 268, 268, 269, 265, 266, 268, 267, 269, 268, 269, 267, 268,
    266, 266, 268, 265, 270, 268, 261, 245, 229, 212, 196, 174, 158, 137,
    133, 118, 111, 105, 112, 109, 106, 100, 88, 90, 89, 87, 96, 96, 99,
    95, 92, 88, 88, 87, 88, 94, 98, 97, 94, 90, 86, 89, 87, 90, 96, 98,
    99, 95, 96, 90, 91, 90, 92, 99, 104, 105, 109, 124, 131, 144, 153,
    167, 188 ]
