%YAML:1.0
---
videoName: "RHShake11.mp4"
gestureLabel: 2
fps: 29
pixelSizeInCmTemp: 3.3263888888888887e-01
faceCenterPointX: 274
faceCenterPointY: 53
LHandPositionsX: [ 311, 308, 309, 310, 311, 308, 308, 307, 309, 307, 307,
    310, 310, 309, 309, 307, 308, 307, 310, 309, 307, 310, 309, 309, 311,
    310, 311, 310, 308, 309, 311, 311, 307, 309, 309, 311, 308, 311, 311,
    309, 308, 310, 310, 310, 309, 309, 310, 310, 311, 308, 311, 309, 311,
    309, 309, 309, 309, 310, 311, 307, 310, 310, 310, 307, 311, 308, 311,
    311, 307, 309, 311, 308, 309, 310, 308, 306, 305, 309, 306, 306, 307,
    304, 303, 306, 303, 304, 306, 305 ]
LHandPositionsY: [ 248, 247, 245, 245, 247, 248, 246, 249, 246, 247, 247,
    248, 247, 247, 247, 247, 245, 246, 245, 247, 245, 249, 249, 245, 245,
    245, 249, 249, 248, 247, 246, 248, 248, 245, 245, 245, 246, 248, 248,
    246, 249, 249, 247, 248, 248, 247, 248, 246, 249, 247, 248, 246, 248,
    246, 249, 249, 245, 247, 245, 247, 247, 247, 245, 247, 246, 247, 245,
    247, 247, 247, 247, 247, 247, 246, 242, 244, 247, 247, 246, 245, 245,
    246, 245, 244, 245, 246, 245, 246 ]
RHandPositionsX: [ 248, 250, 250, 247, 235, 226, 208, 191, 176, 159, 147,
    142, 145, 146, 153, 157, 161, 166, 169, 174, 171, 161, 158, 155, 153,
    155, 160, 166, 170, 166, 169, 168, 164, 162, 158, 158, 155, 151, 159,
    167, 169, 167, 173, 167, 166, 159, 159, 158, 155, 157, 165, 174, 174,
    176, 176, 179, 170, 169, 164, 164, 159, 158, 162, 166, 170, 183, 194,
    206, 220, 230, 238, 250, 256, 261, 263, 260, 259, 260, 262, 262, 259,
    262, 261, 260, 262, 262, 262, 258 ]
RHandPositionsY: [ 245, 249, 248, 243, 233, 222, 209, 190, 173, 163, 144,
    126, 127, 115, 106, 104, 105, 103, 105, 100, 100, 101, 97, 94, 93,
    95, 94, 99, 101, 98, 99, 98, 97, 94, 93, 93, 93, 94, 102, 103, 105,
    104, 105, 104, 103, 105, 99, 100, 98, 96, 103, 105, 108, 109, 106,
    107, 105, 103, 99, 103, 100, 102, 101, 107, 118, 129, 143, 158, 172,
    189, 199, 211, 222, 227, 238, 237, 239, 236, 242, 240, 238, 242, 242,
    238, 238, 238, 241, 239 ]
