%YAML:1.0
---
videoName: "RHShake19.mp4"
gestureLabel: 2
fps: 29
pixelSizeInCmTemp: 3.2808219178082193e-01
faceCenterPointX: 283
faceCenterPointY: 48
LHandPositionsX: [ 390, 389, 391, 392, 389, 390, 389, 389, 391, 388, 390,
    390, 392, 391, 388, 388, 390, 390, 389, 388, 390, 388, 392, 391, 392,
    388, 391, 388, 391, 388, 391, 390, 389, 389, 388, 391, 389, 391, 390,
    389, 389, 390, 390, 390, 392, 392, 390, 390, 389, 388, 388, 389, 388,
    391, 392, 392, 391, 391, 392, 388, 392, 392, 388, 390, 392, 389, 391,
    389, 388, 391, 389, 390, 388, 391, 388, 392, 390, 390, 392, 390, 389,
    392, 390, 390, 392, 389, 388, 392 ]
LHandPositionsY: [ 240, 243, 244, 241, 244, 241, 240, 243, 244, 243, 240,
    243, 242, 240, 243, 240, 243, 241, 240, 244, 240, 241, 241, 241, 243,
    241, 243, 240, 242, 243, 241, 241, 242, 241, 242, 240, 240, 240, 244,
    240, 240, 240, 243, 244, 242, 240, 242, 241, 241, 243, 243, 243, 244,
    241, 242, 243, 242, 240, 243, 240, 241, 242, 243, 242, 242, 240, 240,
    240, 242, 241, 240, 241, 241, 242, 244, 244, 241, 241, 243, 243, 243,
    241, 240, 240, 241, 244, 240, 242 ]
RHandPositionsX: [ 157, 174, 182, 182, 187, 186, 176, 171, 166, 161, 164,
    160, 165, 179, 184, 182, 187, 177, 175, 168, 164, 161, 162, 164, 171,
    177, 173, 174, 168, 164, 161, 157, 160, 165, 167, 176, 181, 178, 177,
    172, 170, 162, 165, 162, 161, 169, 178, 181, 179, 182, 179, 175, 168,
    168, 165, 168, 171, 177, 181, 182, 179, 178, 173, 171, 167, 168, 169,
    177, 177, 183, 188, 190, 188, 189, 185, 186, 186, 184, 182, 181, 182,
    182, 178, 181, 181, 179, 181, 178 ]
RHandPositionsY: [ 90, 93, 97, 94, 91, 92, 83, 83, 76, 77, 75, 73, 80,
    82, 88, 90, 92, 85, 82, 75, 78, 79, 75, 76, 82, 88, 93, 91, 87, 87,
    85, 85, 80, 83, 85, 91, 97, 96, 94, 93, 90, 87, 84, 85, 82, 83, 91,
    98, 100, 103, 100, 97, 95, 96, 96, 94, 101, 106, 108, 110, 106, 99,
    100, 98, 102, 100, 109, 126, 139, 152, 165, 176, 188, 193, 200, 209,
    221, 222, 229, 238, 237, 236, 238, 240, 243, 242, 243, 240 ]
