%YAML:1.0
---
videoName: "RHShake17.mp4"
gestureLabel: 2
fps: 29
pixelSizeInCmTemp: 3.3732394366197183e-01
faceCenterPointX: 282
faceCenterPointY: 40
LHandPositionsX: [ 306, 309, 305, 309, 305, 309, 305, 307, 309, 308, 307,
    305, 306, 306, 306, 307, 306, 309, 305, 306, 308, 309, 305, 308, 307,
    305, 308, 305, 306, 307, 306, 309, 305, 309, 306, 308, 306, 308, 307,
    306, 307, 309, 307, 310, 307, 307, 307, 310, 308, 306, 309, 309, 307,
    308, 310, 310, 309, 310, 308, 311, 310, 308, 307, 308, 308, 307, 311,
    310, 310, 310, 309, 311, 309, 307, 308, 310, 308, 310, 308, 306, 306,
    309, 307, 308, 308, 307, 307, 307 ]
LHandPositionsY: [ 233, 235, 233, 233, 233, 235, 235, 234, 235, 235, 232,
    231, 231, 233, 232, 232, 234, 235, 233, 232, 233, 233, 233, 233, 232,
    232, 233, 231, 234, 233, 233, 235, 234, 232, 233, 235, 231, 232, 235,
    235, 233, 234, 235, 231, 233, 234, 231, 235, 232, 232, 234, 234, 234,
    234, 231, 232, 231, 232, 232, 233, 231, 234, 233, 232, 234, 232, 235,
    232, 234, 231, 232, 231, 232, 232, 231, 234, 232, 232, 234, 232, 233,
    232, 235, 234, 233, 233, 231, 231 ]
RHandPositionsX: [ 213, 195, 175, 159, 141, 144, 143, 148, 141, 140, 144,
    150, 156, 152, 150, 147, 145, 142, 140, 147, 161, 158, 158, 150, 149,
    147, 147, 145, 148, 153, 155, 158, 161, 157, 147, 144, 140, 138, 136,
    156, 151, 154, 156, 162, 154, 149, 151, 150, 156, 158, 169, 168, 166,
    162, 159, 155, 152, 152, 145, 150, 151, 163, 170, 175, 175, 177, 175,
    175, 171, 172, 174, 169, 171, 167, 170, 167, 172, 172, 172, 171, 168,
    169, 169, 170, 167, 168, 170, 167 ]
RHandPositionsY: [ 204, 184, 169, 149, 128, 113, 106, 105, 94, 89, 97,
    92, 83, 79, 76, 72, 71, 69, 67, 75, 76, 75, 73, 69, 67, 66, 66, 69,
    66, 66, 69, 67, 64, 65, 66, 67, 65, 65, 65, 83, 81, 83, 82, 77, 75,
    76, 71, 72, 75, 76, 91, 92, 86, 83, 78, 78, 81, 79, 76, 85, 92, 104,
    118, 133, 147, 159, 172, 183, 189, 197, 208, 217, 223, 229, 233, 233,
    240, 241, 237, 242, 242, 241, 243, 240, 241, 246, 243, 245 ]
