%YAML:1.0
---
videoName: "RHShake03.mp4"
gestureLabel: 2
fps: 29
pixelSizeInCmTemp: 3.1103896103896100e-01
faceCenterPointX: 294
faceCenterPointY: 48
LHandPositionsX: [ 411, 412, 409, 408, 410, 408, 408, 408, 409, 411, 409,
    408, 411, 410, 412, 411, 409, 411, 412, 411, 412, 412, 408, 410, 410,
    408, 410, 409, 410, 411, 408, 409, 409, 408, 409, 411, 410, 410, 411,
    408, 411, 411, 411, 412, 409, 408, 409, 408, 409, 412, 412, 409, 408,
    409, 408, 411, 411, 412, 408, 410, 409, 410, 410, 410, 408, 411, 410,
    410, 411, 409, 407, 409, 409, 411, 407, 411, 407, 407, 410, 411, 411,
    410, 409, 407, 408, 407, 410, 408 ]
LHandPositionsY: [ 264, 260, 263, 263, 262, 263, 260, 261, 264, 263, 261,
    262, 260, 262, 264, 261, 262, 262, 261, 260, 261, 260, 260, 260, 261,
    261, 260, 261, 264, 260, 260, 263, 263, 263, 264, 260, 261, 261, 263,
    260, 260, 262, 262, 262, 263, 264, 263, 262, 263, 260, 261, 261, 261,
    262, 262, 264, 264, 262, 264, 260, 260, 262, 264, 260, 260, 264, 264,
    264, 261, 264, 262, 262, 261, 262, 264, 264, 263, 261, 262, 264, 263,
    263, 262, 263, 262, 263, 264, 261 ]
RHandPositionsX: [ 179, 177, 179, 179, 175, 174, 174, 178, 176, 176, 177,
    174, 172, 174, 173, 174, 175, 172, 173, 172, 174, 174, 172, 172, 173,
    174, 173, 171, 173, 174, 174, 172, 172, 173, 163, 156, 151, 150, 152,
    149, 153, 167, 177, 186, 192, 192, 185, 178, 175, 174, 173, 179, 182,
    184, 179, 174, 170, 172, 166, 171, 176, 185, 199, 206, 200, 191, 186,
    187, 183, 184, 186, 196, 200, 207, 210, 207, 201, 196, 191, 184, 182,
    184, 184, 183, 183, 180, 183, 179 ]
RHandPositionsY: [ 261, 262, 261, 258, 259, 261, 259, 261, 259, 258, 260,
    260, 261, 258, 262, 258, 258, 260, 261, 259, 260, 260, 260, 258, 262,
    259, 261, 261, 262, 263, 263, 265, 256, 242, 217, 198, 176, 160, 146,
    130, 120, 120, 116, 116, 113, 103, 102, 103, 100, 102, 104, 107, 108,
    107, 103, 103, 99, 99, 97, 95, 103, 107, 110, 113, 108, 105, 102,
    104, 97, 98, 103, 119, 130, 139, 161, 179, 199, 209, 215, 239, 242,
    245, 243, 249, 253, 255, 252, 252 ]
