%YAML:1.0
---
videoName: "RHShake21.mp4"
gestureLabel: 2
fps: 29
pixelSizeInCmTemp: 3.3732394366197183e-01
faceCenterPointX: 293
faceCenterPointY: 47
LHandPositionsX: [ 395, 395, 396, 397, 395, 396, 398, 398, 398, 395, 398,
    396, 397, 395, 395, 396, 396, 394, 395, 396, 398, 396, 397, 397, 395,
    394, 398, 397, 395, 397, 396, 396, 394, 397, 396, 397, 397, 394, 394,
    395, 396, 398, 394, 395, 398, 394, 397, 397, 398, 396, 395, 394, 395,
    395, 396, 398, 398, 396, 395, 397, 395, 394, 397, 397, 394, 395, 396,
    394, 396, 397, 395, 398, 396, 398, 397, 395, 397, 397, 395, 395, 398,
    395, 396, 398, 396, 395, 396, 398 ]
LHandPositionsY: [ 241, 240, 239, 241, 241, 240, 240, 240, 242, 242, 242,
    239, 239, 238, 238, 242, 239, 238, 240, 238, 238, 240, 240, 241, 242,
    238, 241, 238, 238, 241, 240, 239, 238, 239, 238, 240, 239, 242, 241,
    239, 242, 241, 241, 239, 239, 242, 238, 238, 238, 239, 240, 240, 238,
    241, 242, 238, 240, 242, 241, 241, 239, 239, 239, 240, 241, 242, 242,
    241, 240, 238, 238, 242, 240, 241, 240, 241, 240, 242, 238, 240, 240,
    238, 241, 242, 240, 240, 238, 239 ]
RHandPositionsX: [ 136, 139, 144, 142, 144, 148, 144, 140, 138, 136, 133,
    142, 147, 147, 148, 147, 149, 143, 139, 137, 135, 135, 139, 144, 147,
    150, 150, 148, 145, 142, 141, 138, 135, 141, 141, 145, 152, 153, 152,
    147, 141, 139, 138, 133, 137, 141, 146, 149, 149, 149, 146, 141, 139,
    135, 133, 136, 138, 148, 155, 162, 171, 175, 179, 181, 180, 186, 185,
    186, 185, 185, 192, 187, 189, 187, 188, 188, 185, 185, 187, 188, 189,
    186, 186, 189, 187, 188, 189, 188 ]
RHandPositionsY: [ 82, 89, 86, 89, 88, 87, 83, 83, 84, 83, 80, 87, 89,
    88, 93, 90, 91, 88, 84, 87, 87, 83, 80, 89, 91, 93, 94, 93, 90, 89,
    85, 87, 83, 83, 86, 88, 94, 92, 91, 91, 89, 88, 86, 85, 82, 89, 97,
    96, 98, 100, 95, 94, 92, 92, 94, 91, 95, 104, 115, 129, 141, 153,
    153, 152, 160, 167, 181, 191, 198, 207, 214, 213, 222, 228, 228, 225,
    227, 231, 232, 227, 227, 228, 229, 231, 230, 228, 231, 227 ]
