%YAML:1.0
---
videoName: "RHShake19.mp4"
gestureLabel: 2
fps: 29
pixelSizeInCmTemp: 3.2808219178082193e-01
faceCenterPointX: 283
faceCenterPointY: 48
LHandPositionsX: [ 388, 390, 389, 389, 388, 388, 392, 389, 392, 388, 390,
    392, 391, 388, 391, 392, 390, 391, 392, 392, 389, 389, 389, 390, 390,
    391, 390, 389, 388, 390, 388, 389, 390, 388, 388, 390, 390, 390, 389,
    388, 389, 389, 388, 392, 390, 389, 392, 389, 388, 392, 389, 388, 391,
    388, 388, 391, 388, 388, 392, 389, 391, 389, 390, 390, 391, 390, 391,
    391, 390, 390, 392, 390, 388, 390, 391, 390, 390, 390, 391, 388, 390,
    390, 390, 391, 391, 392, 392, 392 ]
LHandPositionsY: [ 240, 244, 241, 240, 242, 243, 244, 244, 243, 243, 243,
    243, 240, 240, 243, 244, 240, 242, 240, 243, 243, 240, 244, 243, 243,
    240, 240, 244, 240, 244, 242, 240, 241, 242, 243, 241, 241, 242, 244,
    243, 240, 243, 241, 242, 242, 244, 244, 242, 244, 240, 240, 243, 244,
    243, 240, 240, 244, 244, 240, 242, 241, 244, 244, 241, 244, 241, 242,
    243, 242, 240, 244, 242, 244, 243, 243, 242, 242, 240, 241, 241, 244,
    243, 241, 241, 241, 243, 243, 243 ]
RHandPositionsX: [ 155, 171, 184, 182, 186, 184, 175, 169, 166, 162, 160,
    162, 167, 179, 185, 185, 186, 177, 176, 170, 164, 161, 159, 165, 167,
    177, 172, 173, 169, 163, 163, 158, 158, 166, 171, 180, 181, 180, 178,
    175, 167, 162, 162, 161, 163, 166, 174, 179, 180, 183, 180, 176, 171,
    169, 167, 167, 172, 177, 180, 181, 180, 179, 173, 172, 167, 169, 170,
    176, 179, 181, 186, 190, 188, 189, 184, 186, 185, 184, 181, 179, 182,
    180, 178, 182, 178, 182, 178, 181 ]
RHandPositionsY: [ 90, 94, 97, 94, 92, 91, 87, 79, 77, 75, 75, 72, 76,
    86, 89, 91, 88, 82, 81, 76, 75, 76, 76, 74, 81, 92, 92, 90, 90, 85,
    85, 81, 82, 82, 88, 90, 97, 95, 95, 90, 87, 86, 88, 82, 82, 83, 94,
    95, 100, 102, 102, 94, 95, 98, 97, 96, 102, 105, 108, 109, 103, 102,
    102, 98, 98, 100, 109, 127, 138, 149, 163, 176, 185, 194, 200, 212,
    219, 226, 233, 236, 234, 237, 237, 240, 242, 243, 240, 239 ]
