%YAML:1.0
---
videoName: "RHShake21.mp4"
gestureLabel: 2
fps: 29
pixelSizeInCmTemp: 3.3732394366197183e-01
faceCenterPointX: 293
faceCenterPointY: 47
LHandPositionsX: [ 397, 397, 396, 398, 398, 397, 396, 394, 398, 395, 396,
    394, 397, 395, 395, 394, 396, 396, 394, 396, 396, 394, 398, 394, 397,
    397, 396, 397, 397, 396, 396, 396, 398, 397, 394, 394, 396, 398, 395,
    398, 397, 395, 396, 397, 395, 394, 395, 396, 396, 398, 394, 396, 394,
    397, 395, 397, 398, 394, 395, 395, 396, 396, 397, 395, 398, 395, 398,
    398, 395, 394, 397, 398, 397, 398, 395, 398, 396, 397, 394, 396, 396,
    394, 395, 398, 395, 396, 395, 398 ]
LHandPositionsY: [ 239, 240, 239, 239, 241, 239, 240, 238, 238, 242, 240,
    241, 241, 238, 242, 240, 239, 240, 242, 240, 241, 238, 242, 238, 240,
    238, 242, 238, 242, 242, 240, 238, 239, 240, 239, 242, 242, 239, 241,
    239, 238, 238, 240, 242, 238, 239, 239, 242, 241, 239, 239, 240, 241,
    242, 238, 239, 238, 240, 240, 240, 238, 242, 242, 241, 239, 240, 242,
    239, 238, 241, 242, 240, 241, 242, 238, 239, 239, 241, 239, 240, 238,
    238, 239, 238, 239, 242, 242, 238 ]
RHandPositionsX: [ 133, 138, 143, 146, 144, 145, 144, 138, 135, 134, 133,
    143, 147, 148, 149, 150, 149, 146, 137, 139, 137, 135, 140, 144, 146,
    150, 150, 148, 145, 145, 138, 137, 137, 141, 139, 146, 151, 154, 149,
    148, 144, 136, 136, 133, 138, 140, 144, 148, 152, 151, 147, 142, 140,
    136, 134, 133, 139, 147, 156, 164, 170, 179, 177, 181, 184, 186, 189,
    185, 189, 187, 190, 191, 188, 190, 189, 186, 185, 185, 185, 188, 185,
    185, 189, 185, 185, 188, 187, 185 ]
RHandPositionsY: [ 82, 87, 89, 90, 90, 83, 85, 82, 80, 83, 82, 83, 91,
    89, 91, 94, 91, 85, 85, 88, 85, 85, 84, 85, 89, 93, 94, 92, 90, 89,
    86, 83, 85, 84, 88, 90, 91, 95, 93, 88, 86, 85, 88, 84, 82, 90, 95,
    96, 96, 98, 97, 96, 94, 93, 90, 93, 97, 107, 114, 128, 139, 151, 154,
    152, 158, 170, 177, 191, 198, 210, 215, 212, 222, 226, 225, 224, 228,
    230, 229, 227, 231, 228, 230, 230, 231, 229, 229, 231 ]
