%YAML:1.0
---
videoName: "RHShake03.mp4"
gestureLabel: 2
fps: 29
pixelSizeInCmTemp: 3.1103896103896100e-01
faceCenterPointX: 294
faceCenterPointY: 48
LHandPositionsX: [ 409, 408, 408, 408, 408, 410, 410, 412, 409, 410, 411,
    409, 409, 412, 408, 411, 408, 412, 411, 409, 410, 409, 408, 412, 410,
    412, 411, 408, 410, 408, 409, 409, 409, 411, 412, 412, 411, 409, 411,
    410, 409, 411, 408, 409, 410, 409, 409, 409, 408, 412, 411, 410, 412,
    411, 408, 412, 410, 410, 410, 410, 412, 408, 411, 409, 410, 409, 412,
    411, 409, 412, 408, 409, 407, 411, 409, 410, 410, 407, 411, 409, 410,
    407, 409, 411, 409, 411, 409, 410 ]
LHandPositionsY: [ 263, 264, 263, 263, 262, 260, 260, 262, 262, 262, 264,
    261, 261, 263, 260, 260, 263, 263, 261, 264, 264, 264, 263, 262, 261,
    264, 264, 262, 260, 263, 263, 260, 264, 260, 262, 260, 260, 260, 260,
    262, 263, 264, 264, 262, 264, 261, 261, 264, 261, 261, 260, 262, 260,
    260, 262, 262, 260, 262, 263, 262, 260, 264, 261, 262, 260, 262, 261,
    261, 264, 262, 263, 264, 261, 263, 260, 260, 263, 264, 264, 264, 261,
    260, 262, 264, 260, 263, 261, 261 ]
RHandPositionsX: [ 179, 178, 176, 177, 175, 178, 175, 175, 174, 175, 174,
    177, 175, 176, 176, 175, 174, 175, 173, 173, 175, 172, 171, 173, 173,
    171, 174, 171, 173, 170, 174, 171, 174, 170, 163, 159, 151, 147, 152,
    150, 154, 164, 177, 186, 189, 191, 184, 177, 172, 170, 172, 179, 181,
    183, 182, 177, 172, 169, 166, 172, 180, 189, 202, 207, 197, 193, 190,
    186, 183, 184, 186, 194, 201, 206, 212, 207, 198, 195, 193, 182, 181,
    185, 182, 182, 182, 183, 182, 178 ]
RHandPositionsY: [ 261, 262, 262, 261, 261, 261, 260, 259, 259, 258, 258,
    261, 261, 261, 259, 260, 258, 260, 259, 262, 259, 260, 261, 262, 261,
    260, 262, 259, 260, 260, 263, 265, 257, 240, 221, 197, 175, 158, 145,
    128, 123, 118, 119, 119, 112, 106, 105, 103, 98, 99, 102, 107, 105,
    105, 106, 104, 99, 101, 94, 98, 102, 106, 110, 114, 107, 109, 102,
    103, 97, 102, 105, 118, 127, 142, 160, 177, 199, 211, 218, 241, 241,
    243, 246, 251, 254, 255, 251, 251 ]
