%YAML:1.0
---
videoName: "RHShake17.mp4"
gestureLabel: 2
fps: 29
pixelSizeInCmTemp: 3.3732394366197183e-01
faceCenterPointX: 282
faceCenterPointY: 40
LHandPositionsX: [ 308, 309, 308, 305, 307, 305, 306, 307, 306, 308, 307,
    305, 306, 309, 307, 306, 309, 306, 306, 307, 305, 305, 305, 305, 309,
    305, 305, 307, 309, 307, 309, 308, 308, 305, 305, 305, 306, 305, 306,
    307, 307, 307, 306, 306, 310, 310, 309, 306, 309, 308, 309, 309, 309,
    310, 307, 310, 309, 307, 308, 307, 309, 311, 307, 308, 307, 310, 308,
    309, 307, 308, 311, 310, 308, 308, 306, 306, 307, 309, 308, 307, 308,
    305, 305, 306, 305, 308, 307, 307 ]
LHandPositionsY: [ 232, 231, 233, 232, 233, 233, 234, 233, 233, 235, 232,
    232, 234, 234, 235, 231, 232, 234, 232, 231, 234, 235, 232, 234, 232,
    234, 232, 235, 233, 231, 233, 231, 233, 234, 233, 235, 233, 231, 232,
    233, 235, 234, 234, 232, 232, 234, 232, 231, 235, 235, 232, 234, 232,
    233, 235, 234, 232, 231, 232, 231, 231, 234, 235, 231, 233, 235, 234,
    234, 231, 233, 235, 235, 232, 232, 232, 234, 235, 234, 234, 231, 232,
    231, 233, 233, 232, 231, 233, 234 ]
RHandPositionsX: [ 211, 196, 177, 159, 142, 145, 142, 149, 145, 144, 147,
    149, 156, 151, 148, 145, 145, 144, 142, 145, 161, 157, 154, 152, 150,
    147, 148, 144, 148, 151, 155, 159, 161, 153, 151, 145, 143, 142, 139,
    153, 151, 156, 156, 159, 156, 150, 149, 152, 155, 156, 173, 169, 165,
    162, 158, 158, 151, 153, 149, 151, 152, 162, 172, 177, 176, 177, 175,
    175, 171, 169, 175, 169, 170, 171, 171, 167, 173, 170, 170, 169, 167,
    169, 169, 168, 168, 170, 170, 170 ]
RHandPositionsY: [ 200, 186, 169, 147, 127, 111, 110, 102, 97, 92, 97,
    88, 80, 78, 74, 71, 70, 69, 69, 73, 80, 77, 74, 71, 68, 69, 69, 68,
    68, 65, 69, 66, 67, 66, 65, 66, 67, 66, 65, 82, 80, 80, 78, 79, 75,
    76, 75, 72, 72, 76, 91, 90, 86, 83, 77, 79, 78, 78, 77, 81, 93, 105,
    117, 134, 146, 159, 168, 181, 191, 198, 207, 214, 220, 228, 234, 232,
    239, 241, 237, 238, 243, 240, 242, 240, 244, 242, 245, 244 ]
