%YAML:1.0
---
videoName: "RHShake02.mp4"
gestureLabel: 2
fps: 29
pixelSizeInCmTemp: 3.1933333333333330e-01
faceCenterPointX: 291
faceCenterPointY: 51
LHandPositionsX: [ 409, 405, 406, 405, 409, 408, 408, 405, 408, 406, 407,
    405, 406, 405, 407, 407, 408, 404, 406, 405, 406, 407, 405, 408, 408,
    404, 407, 405, 403, 403, 403, 403, 406, 403, 402, 403, 404, 405, 404,
    400, 403, 401, 404, 401, 403, 399, 403, 400, 399, 401, 399, 398, 399,
    398, 398, 398, 400, 400, 400, 399, 400, 399, 398, 398, 397, 395, 399,
    399, 398, 398, 399, 396, 397, 397, 399, 397, 399, 395, 399, 395, 396,
    395, 397, 397, 399, 397, 398, 398 ]
LHandPositionsY: [ 263, 262, 265, 262, 262, 263, 261, 264, 262, 262, 262,
    262, 262, 263, 265, 265, 263, 260, 261, 260, 260, 264, 260, 262, 260,
    260, 262, 260, 264, 262, 260, 264, 262, 261, 264, 264, 262, 264, 262,
    264, 262, 261, 263, 262, 262, 263, 260, 261, 264, 264, 262, 263, 260,
    264, 264, 262, 260, 264, 262, 263, 263, 263, 260, 263, 263, 262, 264,
    261, 260, 264, 264, 261, 261, 263, 260, 262, 261, 261, 260, 260, 264,
    263, 262, 262, 264, 260, 262, 263 ]
RHandPositionsX: [ 175, 172, 174, 174, 170, 174, 174, 174, 172, 173, 172,
    171, 174, 172, 173, 171, 170, 174, 172, 174, 172, 172, 170, 170, 175,
    172, 175, 177, 176, 174, 168, 159, 160, 152, 150, 153, 158, 175, 181,
    181, 183, 177, 171, 165, 160, 159, 161, 166, 178, 182, 190, 185, 181,
    179, 169, 165, 163, 164, 174, 182, 183, 183, 182, 179, 176, 172, 170,
    166, 168, 174, 185, 194, 196, 202, 198, 196, 195, 182, 186, 183, 177,
    175, 179, 176, 174, 174, 175, 176 ]
RHandPositionsY: [ 266, 264, 267, 264, 267, 265, 264, 267, 266, 265, 266,
    265, 265, 266, 265, 264, 265, 265, 264, 267, 267, 264, 267, 267, 264,
    266, 264, 246, 232, 207, 190, 166, 146, 124, 111, 99, 100, 94, 99,
    96, 95, 94, 91, 90, 88, 86, 89, 91, 95, 98, 100, 95, 94, 90, 86, 84,
    85, 92, 95, 98, 100, 97, 100, 94, 91, 94, 94, 95, 96, 96, 103, 117,
    129, 145, 158, 177, 192, 211, 226, 230, 238, 243, 246, 252, 250, 252,
    252, 256 ]
