%YAML:1.0
---
videoName: "RHShake08.mp4"
gestureLabel: 2
fps: 29
pixelSizeInCmTemp: 3.2808219178082193e-01
faceCenterPointX: 290
faceCenterPointY: 45
LHandPositionsX: [ 316, 316, 314, 313, 313, 313, 314, 316, 315, 311, 310,
    309, 313, 309, 309, 311, 310, 309, 306, 307, 308, 306, 309, 308, 307,
    307, 307, 310, 309, 308, 309, 306, 306, 306, 309, 309, 306, 306, 306,
    310, 307, 310, 310, 309, 308, 309, 310, 306, 307, 307, 308, 307, 307,
    308, 308, 307, 307, 308, 305, 307, 307, 305, 306, 307, 308, 306, 308,
    305, 308, 308, 308, 305, 306, 306, 306, 308, 305, 308, 309, 307, 307,
    308, 306, 307, 307, 307, 309, 307 ]
LHandPositionsY: [ 279, 281, 281, 279, 279, 279, 282, 281, 282, 281, 285,
    283, 285, 281, 284, 285, 282, 284, 285, 285, 282, 283, 283, 283, 285,
    282, 285, 284, 285, 281, 283, 281, 283, 284, 281, 283, 283, 285, 283,
    285, 285, 284, 283, 280, 281, 283, 283, 284, 280, 280, 283, 283, 282,
    280, 282, 281, 283, 281, 280, 280, 284, 283, 283, 280, 283, 282, 280,
    281, 283, 283, 283, 284, 281, 284, 282, 280, 280, 280, 283, 283, 284,
    282, 282, 283, 282, 283, 283, 281 ]
RHandPositionsX: [ 267, 271, 270, 270, 271, 269, 273, 277, 265, 259, 258,
    256, 251, 238, 222, 203, 187, 165, 155, 158, 164, 174, 197, 200, 207,
    198, 195, 192, 184, 180, 188, 192, 206, 202, 196, 195, 184, 183, 181,
    177, 189, 188, 189, 187, 182, 179, 174, 172, 173, 184, 183, 190, 190,
    187, 194, 190, 189, 203, 206, 216, 213, 208, 205, 200, 197, 193, 204,
    205, 214, 213, 212, 217, 222, 228, 242, 246, 249, 262, 262, 264, 264,
    269, 268, 273, 272, 275, 271, 271 ]
RHandPositionsY: [ 267, 267, 270, 270, 269, 267, 267, 268, 265, 264, 254,
    243, 230, 216, 202, 183, 174, 153, 131, 127, 114, 110, 105, 106, 110,
    103, 98, 96, 91, 92, 88, 93, 97, 95, 96, 91, 89, 85, 86, 89, 92, 95,
    92, 93, 91, 88, 88, 87, 87, 93, 93, 96, 100, 96, 94, 92, 89, 92, 96,
    96, 101, 97, 95, 92, 94, 95, 93, 100, 107, 105, 111, 125, 129, 142,
    158, 178, 195, 216, 229, 244, 257, 260, 261, 259, 260, 262, 264, 263 ]
