%YAML:1.0
---
videoName: "RHShake06.mp4"
gestureLabel: 2
fps: 30
pixelSizeInCmTemp: 3.2808219178082193e-01
faceCenterPointX: 293
faceCenterPointY: 43
LHandPositionsX: [ 306, 308, 307, 306, 307, 308, 307, 309, 307, 307, 309,
    308, 308, 308, 308, 308, 312, 310, 316, 317, 320, 321, 321, 320, 322,
    321, 322, 321, 319, 319, 319, 322, 325, 324, 323, 326, 322, 323, 322,
    322, 324, 322, 325, 323, 323, 326, 326, 325, 324, 325, 322, 325, 326,
    326, 324, 324, 323, 322, 326, 324, 325, 323, 322, 325, 324, 324, 325,
    325, 323, 322, 323, 322, 325, 322, 322, 322, 324, 326, 322, 322, 323,
    325, 324, 319, 318, 316, 313, 312, 311, 310, 311 ]
LHandPositionsY: [ 267, 268, 266, 268, 268, 269, 270, 267, 267, 266, 267,
    270, 270, 269, 267, 268, 268, 269, 264, 262, 263, 263, 260, 261, 259,
    263, 263, 258, 259, 258, 258, 261, 258, 261, 261, 262, 261, 260, 258,
    259, 260, 261, 259, 260, 261, 262, 258, 258, 259, 260, 258, 260, 260,
    259, 261, 261, 261, 262, 258, 259, 260, 259, 258, 260, 262, 258, 261,
    259, 262, 262, 258, 259, 261, 258, 261, 261, 261, 261, 258, 258, 259,
    258, 259, 264, 265, 266, 267, 263, 262, 262, 265 ]
RHandPositionsX: [ 286, 289, 286, 285, 288, 288, 288, 284, 285, 284, 284,
    288, 287, 286, 286, 286, 285, 283, 277, 263, 244, 225, 202, 180, 159,
    146, 137, 134, 137, 138, 144, 145, 161, 166, 162, 163, 161, 162, 157,
    156, 161, 173, 182, 188, 191, 183, 179, 174, 169, 173, 167, 169, 172,
    182, 183, 183, 183, 189, 180, 171, 169, 163, 164, 182, 178, 178, 175,
    173, 165, 163, 166, 165, 174, 181, 194, 193, 207, 222, 230, 241, 250,
    251, 254, 246, 248, 253, 254, 254, 253, 255, 256 ]
RHandPositionsY: [ 267, 269, 267, 268, 269, 267, 267, 269, 269, 266, 269,
    270, 268, 268, 270, 268, 267, 270, 267, 261, 249, 235, 219, 198, 178,
    160, 138, 124, 114, 104, 113, 119, 131, 115, 111, 104, 97, 91, 89,
    91, 93, 95, 98, 101, 97, 95, 92, 91, 88, 87, 86, 87, 96, 99, 101, 99,
    99, 98, 97, 93, 90, 90, 92, 101, 101, 103, 101, 100, 102, 106, 114,
    129, 145, 164, 174, 180, 194, 206, 215, 225, 229, 239, 235, 236, 236,
    241, 241, 243, 243, 245, 244 ]
