%YAML:1.0
---
videoName: "RHShake08.mp4"
gestureLabel: 2
fps: 29
pixelSizeInCmTemp: 3.2808219178082193e-01
faceCenterPointX: 290
faceCenterPointY: 45
LHandPositionsX: [ 313, 316, 317, 315, 313, 313, 313, 315, 313, 312, 308,
    312, 313, 310, 308, 310, 308, 307, 307, 309, 307, 308, 306, 307, 308,
    308, 306, 309, 307, 306, 306, 310, 307, 306, 310, 307, 309, 306, 306,
    309, 306, 310, 309, 308, 308, 310, 308, 305, 307, 307, 305, 305, 309,
    309, 308, 307, 305, 309, 305, 309, 306, 306, 307, 308, 309, 306, 306,
    308, 307, 308, 308, 306, 308, 308, 309, 305, 308, 307, 307, 306, 307,
    308, 307, 310, 307, 310, 308, 311 ]
LHandPositionsY: [ 282, 278, 280, 282, 279, 281, 281, 282, 283, 285, 282,
    281, 281, 282, 283, 285, 281, 281, 282, 283, 284, 282, 281, 283, 282,
    283, 282, 284, 285, 284, 284, 284, 282, 285, 285, 283, 283, 282, 285,
    285, 283, 283, 284, 282, 283, 280, 284, 281, 282, 284, 283, 282, 282,
    282, 280, 283, 280, 283, 280, 283, 283, 281, 284, 284, 283, 280, 280,
    283, 281, 283, 284, 284, 283, 281, 281, 280, 281, 282, 284, 282, 280,
    280, 282, 283, 281, 281, 282, 283 ]
RHandPositionsX: [ 270, 270, 272, 271, 271, 269, 271, 279, 265, 259, 258,
    257, 248, 235, 220, 202, 188, 162, 155, 159, 163, 173, 197, 198, 203,
    202, 195, 190, 183, 177, 189, 193, 206, 201, 196, 195, 185, 184, 177,
    176, 191, 189, 189, 185, 185, 179, 172, 173, 173, 183, 183, 186, 189,
    188, 194, 192, 186, 203, 204, 217, 212, 207, 202, 200, 197, 193, 200,
    208, 214, 214, 213, 215, 225, 228, 240, 247, 253, 261, 262, 262, 266,
    270, 269, 270, 276, 276, 271, 269 ]
RHandPositionsY: [ 270, 269, 270, 269, 268, 268, 268, 270, 264, 263, 254,
    242, 231, 216, 201, 183, 175, 152, 129, 129, 112, 107, 104, 107, 109,
    102, 98, 96, 91, 93, 88, 91, 93, 96, 93, 89, 88, 87, 89, 89, 93, 93,
    93, 94, 89, 88, 84, 88, 90, 95, 94, 94, 100, 95, 91, 90, 92, 94, 98,
    98, 100, 98, 94, 93, 92, 93, 97, 99, 104, 107, 113, 125, 130, 143,
    156, 175, 193, 214, 229, 245, 258, 258, 259, 259, 262, 264, 265, 263 ]
