%YAML:1.0
---
videoName: "RHShake00.mp4"
gestureLabel: 2
fps: 29
pixelSizeInCmTemp: 3.4710144927536229e-01
faceCenterPointX: 283
faceCenterPointY: 97
LHandPositionsX: [ 344, 344, 346, 346, 343, 346, 343, 343, 344, 346, 346,
    346, 344, 346, 342, 344, 342, 346, 345, 346, 343, 344, 343, 345, 345,
    345, 346, 343, 343, 345, 343, 343, 345, 345, 344, 346, 343, 343, 343,
    343, 346, 344, 346, 342, 343, 342, 342, 343, 344, 342, 343, 345, 342,
    346, 343, 346, 343, 346, 342, 342, 342, 342, 342, 343, 344, 343, 346,
    342, 343, 344, 343, 345, 345, 345, 346, 342, 342, 346, 345, 346, 345,
    345, 343, 345, 344, 343, 345, 346 ]
LHandPositionsY: [ 276, 276, 274, 275, 273, 274, 275, 274, 276, 272, 274,
    274, 273, 275, 274, 272, 275, 275, 273, 275, 276, 275, 275, 274, 273,
    275, 276, 274, 272, 274, 274, 274, 272, 272, 272, 273, 272, 274, 272,
    275, 274, 275, 272, 273, 276, 274, 273, 272, 276, 272, 272, 276, 275,
    276, 275, 276, 274, 276, 275, 275, 272, 274, 272, 274, 272, 273, 276,
    276, 274, 275, 272, 275, 273, 274, 274, 276, 275, 272, 276, 274, 275,
    274, 273, 274, 272, 272, 272, 274 ]
RHandPositionsX: [ 179, 174, 167, 153, 150, 147, 148, 143, 144, 143, 144,
    145, 150, 169, 166, 165, 171, 167, 162, 160, 153, 154, 148, 151, 155,
    164, 165, 167, 166, 166, 157, 150, 148, 145, 152, 155, 162, 160, 166,
    165, 164, 157, 147, 142, 137, 145, 147, 153, 155, 155, 161, 162, 155,
    150, 146, 144, 146, 151, 156, 159, 160, 162, 169, 164, 158, 153, 146,
    140, 143, 147, 151, 151, 156, 159, 163, 166, 171, 172, 179, 180, 186,
    186, 190, 191, 193, 197, 197, 195 ]
RHandPositionsY: [ 256, 249, 240, 219, 201, 187, 176, 167, 160, 150, 141,
    135, 134, 133, 136, 140, 136, 133, 129, 122, 120, 120, 118, 121, 128,
    131, 133, 131, 135, 132, 128, 128, 126, 126, 131, 137, 136, 138, 137,
    140, 142, 135, 132, 132, 131, 136, 131, 134, 136, 136, 138, 138, 132,
    133, 130, 132, 131, 131, 138, 143, 148, 143, 148, 145, 140, 137, 138,
    139, 141, 147, 158, 162, 167, 173, 184, 192, 197, 204, 212, 220, 227,
    235, 240, 247, 252, 259, 260, 262 ]
