%YAML:1.0
---
videoName: "RHShake24.mp4"
gestureLabel: 2
fps: 30
pixelSizeInCmTemp: 3.3732394366197183e-01
faceCenterPointX: 304
faceCenterPointY: 46
LHandPositionsX: [ 389, 389, 393, 392, 393, 390, 391, 392, 392, 391, 391,
    391, 389, 390, 392, 390, 390, 392, 392, 389, 392, 393, 393, 390, 391,
    391, 389, 390, 392, 392, 389, 390, 393, 392, 391, 390, 393, 393, 391,
    391, 390, 389, 391, 392, 389, 389, 391, 392, 393, 389, 390, 393, 393,
    392, 392, 393, 389, 390, 391, 393, 391, 393, 392, 389, 390, 392, 392,
    393, 393, 391, 392, 392, 392, 389, 390, 389, 391, 391, 390, 393, 392,
    390, 393, 390, 392, 392, 389, 392, 389, 390, 389 ]
LHandPositionsY: [ 227, 225, 229, 229, 225, 227, 225, 226, 226, 229, 228,
    225, 225, 226, 226, 228, 225, 226, 226, 229, 228, 225, 229, 228, 227,
    229, 228, 226, 226, 227, 228, 226, 227, 228, 229, 225, 229, 229, 225,
    229, 225, 227, 229, 227, 228, 225, 227, 226, 225, 225, 225, 225, 227,
    226, 229, 228, 229, 225, 229, 228, 225, 228, 228, 229, 225, 228, 225,
    229, 226, 227, 226, 228, 228, 225, 225, 227, 229, 225, 228, 229, 227,
    226, 227, 225, 225, 229, 229, 227, 229, 228, 229 ]
RHandPositionsX: [ 142, 148, 151, 149, 153, 153, 152, 151, 144, 142, 139,
    136, 142, 153, 160, 161, 162, 160, 161, 158, 152, 142, 145, 140, 143,
    148, 159, 157, 161, 157, 156, 155, 149, 144, 142, 144, 148, 151, 158,
    160, 161, 164, 159, 155, 150, 144, 143, 142, 142, 148, 159, 165, 166,
    171, 167, 162, 160, 149, 150, 149, 148, 147, 151, 166, 166, 170, 170,
    169, 176, 178, 178, 181, 183, 188, 188, 193, 195, 191, 192, 195, 194,
    195, 196, 195, 193, 195, 194, 196, 196, 193, 196 ]
RHandPositionsY: [ 96, 102, 99, 101, 104, 98, 91, 88, 87, 89, 87, 86, 88,
    102, 108, 111, 112, 116, 107, 103, 97, 94, 94, 95, 94, 98, 109, 109,
    113, 115, 106, 102, 99, 94, 92, 92, 89, 94, 100, 107, 106, 113, 109,
    102, 100, 98, 99, 97, 93, 107, 118, 121, 118, 121, 121, 106, 100,
    101, 99, 97, 96, 97, 104, 113, 114, 115, 122, 124, 132, 143, 151,
    154, 153, 157, 164, 170, 176, 190, 197, 202, 212, 210, 210, 217, 219,
    220, 221, 221, 226, 227, 229 ]
