%YAML:1.0
---
videoName: "RHShake06.mp4"
gestureLabel: 2
fps: 30
pixelSizeInCmTemp: 3.2808219178082193e-01
faceCenterPointX: 293
faceCenterPointY: 43
LHandPositionsX: [ 307, 309, 309, 310, 308, 306, 306, 308, 308, 308, 307,
    308, 308, 309, 306, 309, 309, 311, 315, 316, 318, 320, 320, 323, 320,
    319, 320, 320, 322, 323, 319, 322, 322, 323, 325, 322, 326, 322, 322,
    326, 323, 322, 324, 324, 322, 324, 325, 323, 322, 326, 322, 322, 325,
    322, 326, 325, 322, 324, 326, 323, 325, 323, 325, 326, 323, 322, 322,
    323, 325, 323, 322, 322, 323, 323, 323, 325, 322, 322, 326, 326, 324,
    324, 324, 321, 316, 317, 314, 313, 309, 311, 310 ]
LHandPositionsY: [ 269, 267, 270, 266, 267, 267, 268, 268, 267, 267, 267,
    268, 267, 268, 269, 266, 270, 269, 264, 263, 261, 263, 263, 263, 263,
    263, 262, 260, 259, 261, 259, 258, 260, 261, 258, 262, 259, 262, 259,
    262, 262, 261, 258, 261, 262, 258, 258, 259, 260, 258, 258, 258, 259,
    258, 258, 258, 261, 260, 259, 260, 259, 260, 261, 261, 261, 258, 258,
    260, 258, 261, 261, 259, 258, 258, 258, 259, 262, 262, 261, 262, 258,
    262, 258, 261, 262, 262, 267, 265, 266, 266, 264 ]
RHandPositionsX: [ 290, 285, 288, 285, 287, 286, 285, 284, 287, 286, 284,
    284, 286, 287, 285, 285, 284, 286, 278, 262, 246, 226, 203, 181, 158,
    148, 137, 132, 139, 139, 141, 145, 161, 166, 163, 162, 161, 159, 160,
    156, 159, 171, 182, 191, 189, 184, 180, 173, 169, 171, 166, 166, 172,
    181, 185, 182, 181, 187, 179, 170, 168, 166, 166, 181, 178, 177, 176,
    174, 166, 161, 164, 168, 173, 182, 194, 193, 210, 221, 234, 240, 250,
    255, 255, 250, 248, 253, 255, 253, 256, 255, 256 ]
RHandPositionsY: [ 266, 269, 266, 269, 269, 268, 270, 266, 266, 267, 266,
    267, 270, 270, 266, 270, 267, 271, 266, 258, 247, 232, 219, 201, 178,
    158, 138, 123, 111, 107, 113, 118, 130, 118, 108, 103, 99, 88, 89,
    91, 91, 93, 96, 100, 96, 94, 96, 90, 86, 91, 87, 87, 95, 102, 99, 99,
    96, 99, 97, 92, 90, 91, 92, 102, 103, 104, 102, 102, 103, 104, 115,
    129, 148, 162, 174, 179, 196, 203, 216, 223, 229, 238, 235, 236, 236,
    241, 244, 244, 241, 244, 245 ]
