%YAML:1.0
---
videoName: "RHShake14.mp4"
gestureLabel: 2
fps: 30
pixelSizeInCmTemp: 3.2808219178082193e-01
faceCenterPointX: 277
faceCenterPointY: 42
LHandPositionsX: [ 379, 379, 375, 379, 376, 376, 378, 376, 377, 379, 377,
    376, 377, 374, 376, 377, 375, 375, 372, 375, 373, 375, 375, 374, 374,
    373, 374, 375, 373, 376, 373, 372, 374, 373, 372, 375, 376, 376, 372,
    372, 375, 376, 373, 372, 376, 374, 376, 372, 372, 374, 374, 375, 372,
    373, 373, 372, 375, 376, 372, 372, 376, 373, 375, 374, 373, 376, 376,
    372, 374, 374, 374, 372, 373, 373, 376, 373, 376, 376, 375, 373, 375,
    375, 372, 375, 372, 375, 372, 376, 374, 373, 372 ]
LHandPositionsY: [ 229, 229, 232, 229, 229, 232, 231, 230, 233, 229, 230,
    231, 231, 232, 233, 230, 231, 231, 230, 232, 230, 232, 233, 232, 231,
    232, 231, 229, 230, 229, 231, 233, 229, 230, 229, 231, 229, 230, 231,
    233, 230, 233, 233, 233, 233, 232, 231, 232, 229, 231, 231, 230, 231,
    231, 233, 231, 231, 231, 231, 230, 233, 233, 233, 231, 229, 230, 229,
    229, 233, 230, 231, 231, 233, 230, 229, 232, 232, 231, 232, 233, 233,
    230, 232, 229, 229, 232, 232, 233, 231, 233, 229 ]
RHandPositionsX: [ 170, 173, 171, 170, 171, 170, 171, 170, 170, 174, 171,
    174, 170, 172, 171, 170, 172, 171, 170, 174, 171, 172, 171, 171, 169,
    171, 168, 168, 158, 147, 135, 127, 122, 118, 118, 121, 129, 132, 136,
    140, 145, 148, 147, 144, 144, 144, 151, 153, 155, 160, 156, 155, 153,
    152, 157, 159, 163, 167, 168, 162, 158, 154, 160, 157, 159, 163, 165,
    170, 172, 178, 180, 176, 180, 181, 171, 174, 178, 180, 174, 172, 173,
    174, 172, 172, 172, 170, 171, 171, 172, 173, 174 ]
RHandPositionsY: [ 241, 240, 243, 241, 239, 239, 243, 240, 243, 242, 241,
    241, 242, 243, 243, 243, 240, 243, 239, 242, 243, 242, 243, 243, 240,
    246, 245, 231, 216, 197, 173, 152, 135, 116, 113, 110, 103, 110, 112,
    117, 116, 103, 97, 94, 88, 88, 84, 84, 84, 81, 78, 77, 75, 77, 78,
    76, 81, 81, 78, 78, 78, 76, 78, 79, 79, 82, 85, 105, 120, 131, 147,
    160, 171, 180, 194, 197, 198, 203, 210, 216, 217, 220, 224, 228, 236,
    234, 233, 236, 234, 233, 237 ]
