%YAML:1.0
---
videoName: "RHShake21.mp4"
gestureLabel: 2
fps: 29
pixelSizeInCmTemp: 3.3732394366197183e-01
faceCenterPointX: 293
faceCenterPointY: 47
LHandPositionsX: [ 396, 397, 397, 396, 394, 394, 398, 395, 396, 394, 396,
    398, 398, 397, 397, 398, 395, 396, 396, 396, 395, 396, 397, 394, 396,
    395, 398, 396, 396, 396, 397, 396, 395, 394, 394, 396, 397, 397, 397,
    397, 394, 396, 396, 394, 395, 396, 397, 394, 396, 396, 397, 396, 397,
    397, 396, 394, 395, 398, 396, 395, 396, 395, 395, 398, 395, 397, 395,
    397, 394, 394, 394, 398, 395, 398, 397, 395, 397, 397, 396, 397, 395,
    397, 397, 397, 398, 394, 396, 397 ]
LHandPositionsY: [ 239, 239, 242, 239, 241, 239, 240, 238, 238, 242, 241,
    241, 241, 239, 241, 242, 241, 241, 240, 242, 239, 241, 238, 242, 238,
    238, 241, 241, 239, 238, 242, 240, 239, 239, 240, 240, 242, 241, 239,
    242, 239, 238, 239, 240, 239, 240, 241, 238, 238, 240, 238, 240, 239,
    239, 238, 242, 238, 241, 238, 238, 240, 239, 239, 241, 241, 241, 238,
    240, 239, 239, 239, 239, 238, 242, 238, 238, 240, 242, 238, 239, 241,
    239, 239, 241, 239, 238, 242, 240 ]
RHandPositionsX: [ 133, 139, 143, 144, 145, 148, 143, 142, 138, 132, 134,
    141, 145, 150, 151, 151, 149, 143, 141, 136, 134, 134, 141, 144, 149,
    151, 151, 151, 145, 142, 141, 135, 136, 137, 141, 146, 150, 151, 152,
    145, 140, 139, 135, 136, 136, 138, 148, 150, 148, 148, 147, 143, 136,
    137, 135, 135, 137, 144, 155, 163, 172, 179, 179, 178, 180, 186, 185,
    186, 188, 187, 191, 187, 185, 187, 187, 186, 186, 187, 189, 188, 186,
    189, 185, 188, 189, 187, 185, 185 ]
RHandPositionsY: [ 83, 87, 90, 91, 88, 84, 81, 82, 81, 79, 83, 83, 90,
    91, 92, 91, 90, 86, 85, 84, 87, 82, 84, 87, 91, 89, 92, 92, 90, 89,
    87, 84, 85, 83, 86, 88, 91, 92, 95, 90, 86, 89, 89, 87, 83, 93, 98,
    95, 98, 97, 95, 94, 93, 95, 93, 90, 94, 106, 114, 129, 140, 150, 152,
    152, 158, 168, 180, 189, 200, 208, 215, 216, 222, 225, 226, 228, 228,
    227, 229, 230, 230, 229, 229, 231, 230, 229, 230, 230 ]
