%YAML:1.0
---
videoName: "RHShake21.mp4"
gestureLabel: 2
fps: 29
pixelSizeInCmTemp: 3.3732394366197183e-01
faceCenterPointX: 293
faceCenterPointY: 47
LHandPositionsX: [ 398, 398, 398, 395, 395, 398, 398, 395, 394, 398, 395,
    395, 397, 397, 394, 394, 398, 395, 394, 397, 394, 395, 398, 396, 398,
    395, 395, 396, 394, 396, 398, 396, 394, 398, 394, 394, 396, 395, 396,
    394, 395, 398, 396, 398, 394, 394, 398, 394, 395, 395, 396, 398, 396,
    397, 394, 396, 395, 396, 398, 395, 398, 397, 397, 395, 395, 398, 396,
    398, 396, 398, 395, 394, 398, 398, 398, 398, 397, 398, 398, 395, 394,
    396, 395, 395, 398, 394, 396, 396 ]
LHandPositionsY: [ 240, 239, 240, 241, 238, 241, 238, 241, 238, 242, 238,
    242, 242, 242, 241, 239, 241, 242, 242, 240, 240, 239, 239, 242, 242,
    242, 242, 240, 241, 238, 242, 240, 240, 240, 240, 240, 242, 240, 239,
    241, 242, 238, 241, 242, 239, 239, 241, 241, 239, 239, 240, 239, 242,
    240, 239, 238, 239, 238, 240, 241, 238, 238, 240, 241, 239, 238, 241,
    240, 238, 239, 239, 238, 238, 240, 242, 241, 242, 239, 238, 241, 239,
    241, 242, 238, 241, 242, 238, 238 ]
RHandPositionsX: [ 133, 138, 140, 142, 145, 145, 144, 142, 138, 135, 132,
    139, 145, 151, 151, 151, 148, 143, 140, 137, 137, 137, 138, 143, 150,
    150, 153, 152, 144, 145, 139, 136, 139, 140, 143, 148, 148, 152, 151,
    145, 140, 138, 139, 137, 136, 141, 147, 149, 152, 152, 146, 144, 137,
    137, 131, 134, 138, 145, 154, 163, 170, 179, 176, 178, 183, 182, 189,
    189, 187, 187, 188, 187, 188, 186, 189, 190, 185, 187, 186, 185, 189,
    187, 189, 188, 186, 188, 185, 188 ]
RHandPositionsY: [ 80, 85, 86, 89, 89, 83, 81, 80, 81, 80, 83, 86, 88,
    89, 90, 90, 89, 88, 84, 86, 83, 81, 82, 87, 91, 93, 91, 90, 88, 89,
    85, 86, 81, 83, 85, 87, 92, 95, 91, 88, 86, 88, 85, 84, 86, 90, 97,
    98, 97, 100, 97, 97, 91, 91, 94, 91, 94, 105, 116, 126, 138, 151,
    150, 151, 162, 171, 177, 188, 198, 207, 217, 216, 222, 225, 225, 224,
    225, 229, 231, 231, 228, 230, 230, 227, 229, 229, 229, 228 ]
