%YAML:1.0
---
videoName: "RHShake24.mp4"
gestureLabel: 2
fps: 30
pixelSizeInCmTemp: 3.3732394366197183e-01
faceCenterPointX: 304
faceCenterPointY: 46
LHandPositionsX: [ 393, 390, 390, 392, 392, 391, 393, 390, 391, 391, 390,
    389, 391, 390, 391, 392, 392, 392, 389, 389, 393, 392, 392, 393, 392,
    391, 390, 389, 392, 390, 392, 393, 392, 392, 390, 393, 392, 392, 393,
    391, 389, 393, 390, 393, 390, 390, 389, 389, 391, 389, 390, 389, 391,
    392, 390, 393, 392, 389, 391, 389, 391, 392, 393, 392, 393, 390, 393,
    390, 392, 392, 389, 390, 389, 393, 391, 390, 392, 389, 390, 389, 390,
    392, 391, 392, 391, 392, 392, 392, 392, 391, 391 ]
LHandPositionsY: [ 226, 225, 229, 228, 229, 225, 227, 227, 226, 228, 229,
    227, 225, 225, 228, 227, 228, 226, 225, 225, 227, 225, 226, 225, 227,
    225, 226, 227, 229, 229, 225, 229, 229, 228, 226, 227, 226, 228, 229,
    225, 225, 228, 227, 229, 229, 227, 225, 229, 228, 227, 227, 227, 225,
    229, 228, 228, 229, 227, 229, 225, 226, 229, 228, 228, 228, 226, 228,
    228, 227, 225, 229, 225, 226, 228, 227, 228, 225, 229, 225, 226, 228,
    228, 226, 226, 229, 225, 228, 229, 228, 225, 229 ]
RHandPositionsX: [ 141, 145, 148, 149, 156, 156, 155, 150, 147, 139, 138,
    139, 141, 151, 161, 162, 161, 161, 160, 157, 149, 143, 146, 140, 140,
    145, 156, 160, 157, 160, 155, 153, 151, 143, 144, 142, 149, 154, 158,
    156, 162, 165, 160, 154, 150, 143, 142, 140, 141, 151, 159, 163, 167,
    171, 168, 164, 158, 152, 150, 146, 148, 146, 154, 165, 168, 169, 170,
    171, 175, 179, 180, 183, 183, 185, 191, 191, 195, 192, 193, 193, 193,
    193, 192, 192, 196, 193, 194, 196, 193, 196, 194 ]
RHandPositionsY: [ 97, 101, 99, 100, 103, 99, 94, 90, 87, 88, 84, 85, 87,
    100, 110, 113, 112, 115, 108, 102, 96, 96, 95, 92, 90, 102, 109, 111,
    110, 112, 107, 99, 95, 96, 95, 92, 89, 94, 100, 106, 106, 112, 107,
    101, 101, 97, 96, 94, 95, 110, 118, 121, 122, 122, 120, 103, 100, 99,
    99, 97, 96, 98, 106, 111, 114, 117, 120, 123, 130, 142, 149, 151,
    153, 159, 165, 173, 180, 190, 197, 203, 208, 208, 211, 214, 220, 218,
    220, 224, 225, 228, 225 ]
