%YAML:1.0
---
videoName: "RHShake18.mp4"
gestureLabel: 2
fps: 30
pixelSizeInCmTemp: 3.3732394366197183e-01
faceCenterPointX: 275
faceCenterPointY: 40
LHandPositionsX: [ 376, 378, 376, 376, 377, 378, 377, 378, 376, 376, 379,
    377, 378, 379, 378, 375, 376, 377, 376, 378, 377, 375, 375, 377, 376,
    375, 377, 379, 375, 378, 378, 378, 375, 377, 378, 375, 379, 375, 376,
    379, 376, 376, 375, 375, 377, 376, 375, 374, 372, 372, 374, 370, 365,
    360, 353, 350, 340, 334, 323, 316, 305, 298, 300, 298, 295, 291, 287,
    290, 292, 294, 294, 291, 293, 289, 293, 289, 291, 288, 292, 288, 288,
    287, 289, 286, 289, 285, 286, 285, 286, 286, 286 ]
LHandPositionsY: [ 230, 229, 230, 229, 229, 233, 232, 230, 232, 230, 229,
    232, 230, 232, 230, 232, 232, 229, 233, 232, 232, 229, 230, 230, 232,
    231, 231, 232, 231, 229, 233, 229, 232, 231, 229, 232, 233, 229, 229,
    230, 233, 230, 233, 232, 232, 229, 230, 233, 230, 231, 232, 237, 236,
    236, 237, 237, 234, 233, 227, 231, 231, 230, 232, 231, 231, 235, 233,
    239, 240, 239, 240, 242, 242, 239, 239, 241, 240, 240, 241, 243, 239,
    240, 239, 239, 240, 243, 243, 240, 243, 239, 241 ]
RHandPositionsX: [ 155, 154, 151, 147, 148, 148, 152, 160, 162, 164, 163,
    161, 154, 155, 150, 150, 157, 165, 169, 166, 168, 165, 157, 158, 157,
    158, 155, 161, 165, 166, 163, 162, 159, 154, 157, 161, 173, 172, 173,
    167, 164, 161, 159, 156, 158, 167, 171, 182, 192, 197, 210, 222, 234,
    245, 253, 259, 266, 259, 251, 246, 243, 243, 240, 237, 237, 235, 236,
    236, 235, 234, 239, 240, 240, 238, 236, 238, 238, 240, 239, 240, 238,
    238, 240, 237, 236, 236, 240, 238, 238, 236, 238 ]
RHandPositionsY: [ 72, 71, 70, 70, 70, 69, 69, 71, 71, 76, 72, 69, 71,
    69, 68, 70, 67, 72, 72, 71, 71, 73, 66, 67, 67, 69, 70, 77, 78, 77,
    76, 76, 73, 73, 77, 78, 91, 92, 91, 92, 89, 87, 83, 82, 87, 87, 96,
    101, 109, 121, 134, 143, 154, 165, 175, 180, 191, 194, 196, 197, 205,
    205, 206, 209, 213, 214, 216, 221, 224, 223, 226, 225, 224, 225, 226,
    226, 227, 226, 225, 228, 226, 227, 226, 224, 227, 224, 227, 226, 227,
    225, 226 ]
