%YAML:1.0
---
videoName: "RHShake04.mp4"
gestureLabel: 2
fps: 29
pixelSizeInCmTemp: 3.1513157894736843e-01
faceCenterPointX: 292
faceCenterPointY: 47
LHandPositionsX: [ 409, 410, 411, 411, 409, 411, 409, 410, 409, 412, 411,
    413, 412, 408, 410, 411, 412, 410, 409, 411, 408, 408, 406, 407, 408,
    406, 405, 406, 408, 408, 407, 408, 407, 406, 405, 408, 409, 406, 405,
    408, 405, 409, 409, 405, 409, 408, 408, 408, 408, 406, 407, 405, 405,
    408, 407, 408, 405, 408, 407, 406, 406, 407, 403, 404, 405, 407, 403,
    402, 405, 404, 403, 403, 406, 403, 404, 406, 402, 403, 402, 402, 404,
    402, 404, 403, 402, 401, 402, 401 ]
LHandPositionsY: [ 266, 262, 266, 266, 263, 264, 264, 264, 261, 265, 265,
    264, 264, 265, 265, 265, 262, 263, 260, 263, 264, 262, 262, 261, 260,
    261, 263, 261, 260, 260, 261, 261, 261, 263, 264, 263, 264, 262, 263,
    263, 260, 260, 262, 264, 261, 260, 260, 260, 264, 261, 264, 262, 263,
    260, 264, 264, 264, 261, 260, 263, 264, 262, 259, 262, 259, 263, 261,
    259, 260, 260, 262, 258, 259, 261, 261, 261, 260, 261, 261, 260, 260,
    261, 260, 258, 258, 261, 258, 260 ]
RHandPositionsX: [ 178, 179, 182, 180, 183, 179, 181, 177, 180, 178, 179,
    181, 179, 177, 180, 177, 179, 178, 177, 175, 175, 179, 178, 181, 179,
    177, 169, 167, 164, 166, 162, 164, 178, 187, 193, 188, 187, 180, 174,
    168, 167, 166, 170, 174, 179, 175, 180, 174, 168, 166, 166, 170, 176,
    180, 181, 180, 173, 170, 171, 170, 168, 175, 176, 184, 194, 187, 181,
    180, 173, 174, 172, 171, 170, 174, 186, 190, 192, 189, 191, 188, 186,
    187, 186, 180, 178, 174, 176, 174 ]
RHandPositionsY: [ 266, 265, 267, 267, 265, 263, 265, 266, 268, 266, 264,
    268, 268, 269, 268, 270, 268, 270, 270, 271, 269, 272, 268, 248, 225,
    196, 170, 148, 126, 123, 119, 103, 100, 103, 106, 102, 96, 95, 94,
    92, 89, 90, 95, 97, 95, 99, 97, 96, 94, 91, 93, 96, 97, 97, 100, 97,
    95, 97, 94, 90, 92, 97, 97, 99, 94, 95, 93, 95, 94, 95, 94, 93, 100,
    107, 119, 134, 144, 152, 165, 177, 194, 210, 222, 228, 236, 247, 248,
    251 ]
