%YAML:1.0
---
videoName: "RHShake19.mp4"
gestureLabel: 2
fps: 29
pixelSizeInCmTemp: 3.2808219178082193e-01
faceCenterPointX: 283
faceCenterPointY: 48
LHandPositionsX: [ 391, 388, 389, 392, 389, 389, 392, 388, 389, 389, 391,
    391, 391, 390, 388, 391, 392, 392, 391, 389, 392, 389, 388, 388, 391,
    389, 392, 391, 391, 392, 392, 391, 389, 390, 388, 389, 391, 389, 389,
    392, 392, 388, 391, 391, 389, 389, 388, 392, 389, 391, 390, 391, 389,
    388, 388, 392, 388, 390, 388, 390, 389, 390, 392, 388, 391, 391, 389,
    392, 388, 390, 389, 391, 390, 388, 390, 389, 391, 391, 388, 389, 388,
    388, 389, 392, 389, 391, 389, 390 ]
LHandPositionsY: [ 240, 244, 242, 241, 240, 241, 241, 241, 244, 240, 240,
    242, 243, 243, 240, 244, 241, 242, 243, 241, 242, 242, 244, 241, 241,
    243, 240, 240, 243, 240, 243, 242, 242, 241, 240, 242, 241, 240, 241,
    243, 243, 242, 242, 241, 240, 244, 242, 243, 240, 243, 242, 240, 244,
    240, 242, 240, 242, 241, 243, 242, 240, 243, 244, 241, 243, 241, 243,
    240, 244, 240, 244, 241, 241, 243, 240, 240, 240, 241, 240, 244, 243,
    242, 243, 244, 244, 243, 244, 243 ]
RHandPositionsX: [ 157, 174, 182, 184, 185, 184, 174, 173, 164, 162, 160,
    161, 168, 179, 184, 181, 188, 180, 175, 169, 163, 159, 159, 163, 169,
    176, 172, 171, 170, 163, 160, 158, 159, 162, 171, 177, 181, 180, 179,
    171, 170, 164, 164, 159, 162, 167, 178, 180, 180, 184, 176, 175, 170,
    171, 169, 167, 171, 181, 182, 178, 180, 180, 175, 174, 169, 165, 171,
    176, 180, 182, 188, 187, 191, 187, 187, 183, 185, 184, 178, 182, 178,
    178, 179, 179, 182, 182, 178, 180 ]
RHandPositionsY: [ 92, 90, 95, 93, 93, 90, 84, 80, 78, 78, 73, 75, 79,
    86, 89, 91, 89, 86, 78, 77, 75, 77, 76, 73, 81, 90, 91, 91, 88, 87,
    83, 84, 81, 82, 87, 88, 96, 97, 96, 91, 91, 85, 86, 86, 84, 84, 92,
    96, 100, 101, 101, 96, 97, 97, 94, 95, 102, 102, 105, 111, 107, 100,
    102, 99, 101, 99, 112, 125, 137, 150, 162, 175, 187, 192, 201, 210,
    218, 224, 233, 238, 238, 235, 241, 240, 244, 243, 240, 242 ]
