%YAML:1.0
---
videoName: "RHShake07.mp4"
gestureLabel: 2
fps: 29
pixelSizeInCmTemp: 3.2364864864864862e-01
faceCenterPointX: 292
faceCenterPointY: 44
LHandPositionsX: [ 307, 308, 307, 310, 309, 310, 307, 308, 310, 309, 311,
    310, 310, 308, 312, 312, 312, 310, 314, 314, 311, 312, 313, 314, 314,
    314, 310, 310, 313, 314, 313, 313, 315, 315, 314, 314, 314, 316, 312,
    312, 314, 314, 315, 316, 313, 312, 316, 315, 316, 313, 315, 315, 312,
    315, 313, 312, 316, 314, 314, 315, 312, 313, 316, 314, 314, 312, 315,
    313, 316, 314, 314, 316, 314, 314, 315, 314, 317, 315, 315, 313, 307,
    311, 309, 311, 310, 309, 309, 312 ]
LHandPositionsY: [ 269, 271, 271, 267, 268, 268, 268, 269, 273, 271, 274,
    270, 273, 272, 268, 270, 270, 269, 267, 269, 270, 267, 270, 269, 270,
    270, 267, 267, 270, 271, 271, 271, 270, 270, 267, 267, 270, 267, 267,
    269, 270, 268, 267, 270, 268, 271, 268, 269, 271, 268, 270, 271, 270,
    270, 270, 268, 270, 268, 270, 271, 267, 269, 268, 267, 271, 270, 267,
    270, 269, 270, 268, 268, 267, 269, 267, 270, 267, 268, 272, 272, 270,
    272, 271, 275, 275, 275, 272, 274 ]
RHandPositionsX: [ 266, 267, 267, 263, 266, 265, 265, 265, 266, 269, 268,
    263, 256, 234, 218, 197, 176, 164, 151, 157, 159, 153, 157, 160, 165,
    178, 191, 186, 176, 172, 167, 164, 179, 183, 183, 184, 180, 174, 171,
    167, 173, 175, 183, 183, 186, 183, 176, 171, 168, 165, 169, 184, 186,
    200, 196, 187, 184, 179, 171, 170, 167, 164, 170, 174, 175, 183, 176,
    177, 174, 170, 160, 170, 180, 196, 215, 228, 244, 258, 272, 279, 269,
    272, 270, 267, 266, 264, 268, 267 ]
RHandPositionsY: [ 255, 252, 253, 253, 253, 255, 251, 255, 254, 256, 250,
    241, 232, 218, 203, 183, 167, 153, 134, 131, 125, 113, 118, 125, 128,
    117, 105, 101, 92, 91, 88, 88, 106, 105, 104, 100, 96, 95, 93, 91,
    91, 93, 99, 97, 98, 96, 95, 90, 91, 88, 84, 90, 94, 103, 100, 94, 95,
    92, 91, 86, 86, 90, 90, 94, 92, 92, 89, 89, 90, 91, 95, 118, 135,
    150, 168, 185, 203, 225, 236, 242, 246, 249, 250, 254, 254, 254, 255,
    254 ]
