%YAML:1.0
---
videoName: "RHShake21.mp4"
gestureLabel: 2
fps: 29
pixelSizeInCmTemp: 3.3732394366197183e-01
faceCenterPointX: 293
faceCenterPointY: 47
LHandPositionsX: [ 397, 398, 397, 397, 394, 398, 396, 394, 396, 398, 396,
    396, 394, 394, 394, 398, 394, 394, 397, 397, 397, 397, 397, 396, 394,
    398, 398, 394, 396, 395, 398, 396, 396, 394, 394, 398, 396, 395, 397,
    395, 394, 394, 395, 397, 394, 398, 396, 394, 395, 397, 398, 396, 396,
    395, 396, 395, 398, 394, 397, 396, 398, 396, 398, 397, 396, 396, 395,
    394, 398, 394, 396, 397, 398, 396, 397, 396, 396, 395, 397, 397, 396,
    395, 397, 396, 395, 395, 397, 395 ]
LHandPositionsY: [ 242, 241, 239, 242, 242, 240, 241, 241, 242, 239, 238,
    240, 242, 242, 241, 242, 238, 241, 238, 240, 240, 238, 240, 242, 241,
    240, 242, 242, 240, 240, 241, 241, 240, 240, 242, 239, 239, 242, 239,
    238, 239, 238, 238, 240, 242, 238, 239, 238, 240, 242, 242, 238, 242,
    240, 242, 241, 242, 240, 240, 239, 239, 238, 241, 240, 241, 242, 238,
    239, 240, 240, 238, 241, 242, 240, 240, 241, 242, 240, 239, 239, 239,
    238, 238, 240, 242, 241, 239, 242 ]
RHandPositionsX: [ 133, 140, 142, 143, 147, 147, 142, 141, 137, 134, 134,
    143, 146, 147, 151, 147, 149, 146, 140, 140, 137, 133, 139, 146, 147,
    149, 151, 150, 146, 142, 139, 137, 139, 137, 139, 144, 149, 152, 150,
    146, 144, 138, 138, 136, 135, 142, 147, 150, 151, 150, 148, 144, 138,
    135, 131, 133, 137, 146, 153, 162, 170, 178, 176, 179, 180, 185, 188,
    187, 185, 188, 190, 189, 189, 189, 190, 189, 188, 185, 187, 189, 185,
    188, 189, 187, 187, 186, 185, 185 ]
RHandPositionsY: [ 79, 87, 87, 89, 90, 86, 85, 83, 80, 80, 81, 84, 90,
    88, 93, 94, 90, 87, 87, 84, 86, 84, 83, 86, 87, 89, 93, 90, 89, 89,
    84, 87, 81, 87, 87, 88, 90, 92, 94, 92, 88, 89, 86, 84, 82, 90, 95,
    97, 98, 98, 95, 96, 95, 94, 92, 90, 94, 103, 113, 127, 139, 152, 150,
    152, 162, 167, 177, 189, 202, 210, 215, 215, 218, 227, 225, 225, 225,
    231, 228, 228, 229, 228, 228, 231, 227, 229, 229, 231 ]
