%YAML:1.0
---
videoName: "RHShake23.mp4"
gestureLabel: 2
fps: 29
pixelSizeInCmTemp: 3.3263888888888887e-01
faceCenterPointX: 298
faceCenterPointY: 49
LHandPositionsX: [ 390, 390, 391, 389, 391, 391, 389, 390, 388, 387, 388,
    388, 389, 388, 390, 390, 389, 391, 390, 387, 391, 391, 389, 387, 391,
    391, 389, 391, 390, 387, 387, 387, 391, 389, 388, 389, 387, 389, 390,
    390, 391, 389, 389, 390, 390, 388, 388, 389, 387, 388, 388, 391, 387,
    387, 389, 387, 389, 389, 390, 391, 390, 389, 390, 391, 389, 389, 387,
    390, 391, 389, 387, 388, 388, 389, 390, 391, 389, 390, 391, 389, 389,
    387, 390, 389, 387, 389, 390, 388 ]
LHandPositionsY: [ 228, 224, 227, 225, 226, 228, 224, 226, 224, 226, 224,
    225, 227, 228, 228, 224, 227, 225, 227, 227, 225, 227, 224, 225, 228,
    227, 225, 225, 228, 226, 227, 228, 228, 228, 224, 224, 228, 228, 226,
    225, 228, 225, 227, 225, 228, 227, 227, 227, 225, 228, 225, 228, 225,
    226, 226, 227, 228, 227, 228, 228, 225, 227, 225, 225, 227, 226, 227,
    224, 224, 224, 224, 227, 227, 224, 227, 226, 224, 228, 228, 224, 228,
    225, 225, 225, 226, 228, 225, 227 ]
RHandPositionsX: [ 172, 172, 175, 189, 188, 186, 195, 190, 182, 180, 176,
    174, 174, 181, 187, 198, 196, 200, 197, 195, 185, 183, 177, 173, 173,
    173, 173, 176, 193, 203, 198, 200, 199, 193, 191, 187, 183, 180, 181,
    182, 188, 198, 201, 202, 205, 201, 198, 189, 182, 181, 177, 178, 182,
    186, 195, 199, 203, 209, 209, 210, 210, 212, 209, 212, 210, 207, 207,
    205, 204, 204, 207, 203, 203, 205, 201, 202, 200, 202, 201, 201, 203,
    199, 198, 202, 200, 201, 197, 200 ]
RHandPositionsY: [ 95, 92, 101, 111, 117, 113, 118, 109, 105, 102, 100,
    101, 101, 105, 112, 124, 124, 121, 126, 111, 103, 103, 102, 98, 97,
    95, 96, 98, 115, 121, 123, 123, 125, 109, 106, 104, 103, 101, 102,
    103, 115, 121, 119, 121, 125, 124, 123, 106, 106, 105, 105, 100, 99,
    115, 127, 133, 142, 149, 149, 156, 159, 167, 175, 181, 192, 202, 207,
    213, 215, 215, 219, 219, 223, 223, 226, 226, 225, 226, 225, 226, 227,
    227, 227, 228, 228, 228, 228, 228 ]
