%YAML:1.0
---
videoName: "RHShake12.mp4"
gestureLabel: 2
fps: 29
pixelSizeInCmTemp: 3.3732394366197183e-01
faceCenterPointX: 299
faceCenterPointY: 45
LHandPositionsX: [ 404, 407, 404, 404, 407, 407, 407, 405, 407, 406, 406,
    406, 405, 408, 407, 405, 404, 405, 405, 408, 407, 404, 404, 407, 408,
    406, 407, 406, 407, 405, 406, 405, 406, 406, 406, 405, 407, 408, 406,
    405, 404, 407, 408, 407, 405, 404, 408, 405, 407, 406, 406, 404, 408,
    405, 405, 408, 406, 408, 408, 407, 407, 406, 408, 407, 407, 407, 404,
    407, 406, 407, 406, 408, 404, 407, 407, 407, 407, 404, 406, 405, 405,
    407, 407, 404, 404, 405, 407, 408 ]
LHandPositionsY: [ 239, 242, 241, 239, 239, 239, 242, 243, 243, 243, 242,
    242, 240, 243, 243, 241, 243, 243, 240, 240, 241, 241, 243, 243, 240,
    242, 241, 240, 241, 242, 240, 243, 241, 239, 242, 243, 240, 241, 240,
    239, 241, 241, 239, 241, 240, 239, 242, 243, 242, 243, 243, 241, 243,
    241, 243, 243, 241, 243, 242, 241, 241, 243, 241, 239, 239, 243, 239,
    239, 240, 240, 239, 240, 241, 240, 239, 241, 242, 241, 243, 243, 239,
    240, 239, 242, 241, 239, 241, 242 ]
RHandPositionsX: [ 170, 168, 164, 162, 164, 171, 179, 193, 194, 197, 191,
    184, 179, 174, 170, 170, 172, 178, 185, 186, 187, 185, 179, 175, 171,
    166, 168, 174, 185, 193, 193, 192, 185, 180, 177, 177, 173, 176, 181,
    191, 195, 196, 187, 178, 175, 177, 170, 171, 182, 189, 194, 191, 198,
    190, 182, 182, 179, 174, 172, 175, 181, 193, 202, 200, 204, 199, 195,
    187, 187, 186, 186, 183, 191, 193, 198, 196, 199, 198, 201, 203, 200,
    201, 197, 196, 200, 197, 199, 198 ]
RHandPositionsY: [ 139, 127, 118, 113, 105, 95, 97, 104, 105, 108, 99,
    93, 90, 88, 91, 83, 83, 90, 101, 103, 109, 99, 89, 85, 87, 83, 84,
    90, 101, 112, 111, 107, 100, 95, 95, 92, 88, 87, 98, 112, 113, 114,
    103, 101, 95, 95, 89, 87, 95, 107, 111, 112, 114, 100, 91, 93, 89,
    92, 85, 89, 94, 109, 119, 120, 122, 117, 111, 109, 110, 112, 114,
    123, 138, 149, 159, 165, 168, 174, 183, 195, 204, 210, 214, 218, 222,
    227, 229, 229 ]
