%YAML:1.0
---
videoName: "RHShake01.mp4"
gestureLabel: 2
fps: 29
pixelSizeInCmTemp: 3.1513157894736843e-01
faceCenterPointX: 292
faceCenterPointY: 51
LHandPositionsX: [ 395, 394, 392, 394, 393, 396, 394, 396, 392, 395, 395,
    394, 392, 393, 391, 394, 394, 394, 393, 392, 393, 394, 391, 394, 395,
    395, 395, 391, 394, 393, 392, 393, 391, 395, 393, 391, 393, 394, 394,
    394, 394, 394, 394, 392, 392, 395, 394, 391, 395, 391, 392, 395, 392,
    392, 393, 393, 392, 393, 394, 392, 391, 391, 394, 393, 393, 391, 392,
    395, 395, 391, 391, 392, 393, 392, 391, 393, 392, 391, 391, 394, 394,
    391, 393, 394, 394, 395, 391, 392 ]
LHandPositionsY: [ 254, 254, 253, 256, 255, 257, 253, 256, 253, 254, 255,
    257, 254, 257, 256, 254, 255, 254, 257, 256, 253, 254, 253, 257, 253,
    256, 256, 256, 257, 255, 257, 255, 257, 253, 253, 254, 256, 256, 257,
    255, 256, 256, 256, 255, 255, 257, 253, 255, 254, 253, 257, 256, 256,
    253, 256, 257, 255, 255, 256, 254, 253, 255, 254, 255, 257, 257, 255,
    253, 256, 255, 253, 255, 255, 256, 253, 257, 255, 253, 254, 253, 257,
    254, 255, 256, 257, 256, 255, 254 ]
RHandPositionsX: [ 169, 167, 167, 171, 169, 170, 169, 168, 170, 167, 169,
    171, 167, 169, 168, 168, 168, 170, 170, 169, 171, 171, 169, 171, 171,
    172, 173, 173, 177, 171, 164, 161, 159, 155, 157, 162, 168, 181, 194,
    193, 193, 185, 183, 178, 177, 174, 177, 185, 194, 196, 189, 192, 182,
    178, 177, 181, 180, 183, 186, 194, 189, 195, 195, 188, 181, 176, 177,
    180, 189, 192, 192, 199, 197, 197, 195, 190, 190, 188, 187, 181, 176,
    176, 173, 173, 171, 174, 175, 176 ]
RHandPositionsY: [ 280, 276, 279, 280, 280, 277, 277, 278, 279, 277, 278,
    277, 279, 280, 278, 277, 276, 277, 276, 280, 276, 279, 276, 279, 278,
    274, 267, 244, 225, 207, 186, 166, 150, 132, 129, 115, 105, 106, 111,
    112, 106, 104, 102, 101, 98, 98, 97, 100, 100, 100, 100, 93, 93, 92,
    91, 90, 94, 99, 98, 104, 101, 99, 101, 96, 95, 98, 94, 97, 103, 108,
    111, 125, 132, 145, 160, 179, 193, 203, 203, 211, 221, 228, 233, 244,
    244, 242, 242, 249 ]
