%YAML:1.0
---
videoName: "RHShake14.mp4"
gestureLabel: 2
fps: 30
pixelSizeInCmTemp: 3.2808219178082193e-01
faceCenterPointX: 277
faceCenterPointY: 42
LHandPositionsX: [ 375, 375, 378, 376, 377, 379, 376, 379, 375, 376, 377,
    375, 375, 377, 373, 375, 373, 376, 375, 375, 373, 375, 374, 375, 376,
    373, 376, 375, 376, 374, 376, 376, 372, 372, 373, 372, 372, 374, 374,
    376, 374, 372, 376, 376, 375, 374, 373, 376, 373, 373, 372, 375, 374,
    372, 374, 376, 372, 376, 373, 374, 375, 374, 373, 376, 374, 373, 373,
    374, 376, 372, 372, 372, 374, 374, 374, 374, 375, 373, 376, 376, 374,
    373, 373, 372, 373, 376, 375, 373, 375, 375, 374 ]
LHandPositionsY: [ 230, 231, 233, 231, 232, 232, 232, 232, 230, 233, 232,
    230, 231, 231, 232, 229, 229, 230, 233, 229, 230, 230, 232, 230, 232,
    232, 229, 232, 231, 233, 233, 232, 229, 229, 232, 230, 233, 233, 229,
    233, 230, 232, 233, 231, 230, 232, 230, 231, 229, 230, 232, 231, 232,
    233, 232, 230, 232, 230, 232, 229, 232, 230, 233, 232, 231, 232, 230,
    231, 233, 229, 231, 232, 229, 232, 231, 230, 229, 233, 232, 230, 232,
    230, 233, 230, 233, 231, 233, 231, 232, 230, 230 ]
RHandPositionsX: [ 171, 173, 170, 170, 171, 171, 174, 171, 171, 170, 173,
    171, 173, 172, 171, 172, 174, 170, 170, 171, 173, 173, 173, 170, 170,
    173, 171, 168, 159, 150, 136, 126, 125, 116, 115, 124, 127, 129, 136,
    137, 143, 149, 143, 143, 146, 145, 151, 153, 157, 160, 158, 156, 151,
    150, 154, 158, 160, 169, 169, 163, 157, 157, 158, 157, 155, 163, 166,
    172, 173, 175, 176, 177, 179, 180, 171, 173, 178, 179, 177, 175, 174,
    173, 173, 173, 171, 173, 173, 174, 170, 173, 174 ]
RHandPositionsY: [ 240, 243, 240, 239, 242, 241, 243, 242, 242, 240, 240,
    240, 243, 242, 243, 242, 242, 241, 242, 240, 242, 243, 243, 243, 243,
    242, 247, 235, 212, 196, 171, 153, 136, 115, 112, 109, 102, 110, 114,
    118, 115, 106, 96, 94, 90, 85, 84, 85, 82, 81, 80, 78, 78, 79, 78,
    77, 82, 82, 77, 79, 78, 76, 76, 75, 81, 82, 86, 107, 120, 131, 148,
    157, 168, 180, 195, 197, 199, 203, 212, 216, 219, 222, 221, 226, 234,
    235, 232, 236, 234, 234, 237 ]
