%YAML:1.0
---
videoName: "RHShake23.mp4"
gestureLabel: 2
fps: 29
pixelSizeInCmTemp: 3.3263888888888887e-01
faceCenterPointX: 298
faceCenterPointY: 49
LHandPositionsX: [ 387, 389, 390, 389, 389, 388, 390, 391, 390, 387, 388,
    387, 387, 390, 388, 390, 389, 390, 387, 389, 389, 390, 391, 391, 387,
    390, 389, 388, 390, 389, 388, 389, 390, 389, 391, 390, 388, 387, 389,
    387, 387, 388, 388, 391, 388, 391, 391, 388, 389, 390, 391, 388, 390,
    390, 389, 391, 391, 388, 389, 389, 390, 389, 387, 387, 390, 391, 387,
    391, 390, 387, 391, 391, 387, 388, 387, 391, 390, 391, 389, 387, 389,
    388, 391, 389, 387, 391, 387, 387 ]
LHandPositionsY: [ 227, 224, 227, 225, 225, 224, 225, 227, 224, 228, 225,
    224, 226, 226, 224, 226, 224, 228, 228, 226, 228, 224, 226, 224, 224,
    226, 226, 227, 224, 224, 225, 226, 224, 228, 228, 224, 224, 224, 227,
    227, 225, 226, 228, 228, 226, 226, 228, 226, 228, 226, 226, 228, 226,
    226, 227, 224, 224, 224, 225, 226, 225, 224, 226, 228, 225, 228, 228,
    225, 226, 225, 224, 227, 225, 227, 224, 228, 227, 227, 225, 226, 227,
    226, 225, 224, 228, 227, 225, 226 ]
RHandPositionsX: [ 168, 170, 176, 190, 190, 189, 193, 190, 179, 180, 176,
    176, 171, 182, 190, 199, 195, 197, 199, 192, 186, 180, 176, 176, 169,
    169, 172, 179, 192, 202, 202, 202, 199, 193, 192, 187, 182, 181, 179,
    182, 184, 200, 202, 204, 208, 204, 200, 191, 185, 178, 175, 178, 180,
    186, 193, 200, 203, 207, 209, 211, 208, 210, 209, 211, 209, 206, 206,
    206, 207, 207, 207, 203, 203, 204, 200, 203, 202, 200, 202, 200, 202,
    198, 201, 199, 198, 199, 197, 198 ]
RHandPositionsY: [ 98, 92, 97, 111, 116, 115, 121, 110, 102, 99, 101, 99,
    97, 102, 112, 125, 121, 125, 124, 110, 103, 100, 98, 100, 100, 96,
    93, 99, 114, 122, 121, 123, 121, 108, 104, 103, 105, 100, 101, 100,
    114, 122, 123, 124, 127, 126, 125, 110, 105, 107, 105, 101, 100, 116,
    129, 133, 140, 151, 152, 156, 160, 165, 174, 180, 189, 199, 210, 213,
    214, 215, 215, 217, 222, 223, 226, 225, 225, 226, 227, 227, 224, 225,
    226, 227, 226, 226, 224, 228 ]
