%YAML:1.0
---
videoName: "RHShake17.mp4"
gestureLabel: 2
fps: 29
pixelSizeInCmTemp: 3.3732394366197183e-01
faceCenterPointX: 282
faceCenterPointY: 40
LHandPositionsX: [ 308, 305, 308, 305, 307, 307, 308, 308, 305, 308, 306,
    309, 305, 309, 308, 307, 309, 308, 305, 309, 306, 306, 308, 305, 305,
    307, 305, 308, 306, 308, 309, 308, 308, 306, 306, 307, 308, 307, 306,
    306, 308, 306, 309, 309, 307, 310, 309, 310, 310, 306, 309, 311, 309,
    311, 307, 309, 309, 308, 307, 307, 307, 311, 309, 309, 309, 310, 311,
    307, 308, 307, 309, 310, 309, 310, 309, 310, 310, 307, 307, 305, 305,
    308, 305, 309, 305, 305, 309, 305 ]
LHandPositionsY: [ 231, 233, 234, 234, 232, 234, 231, 234, 233, 231, 233,
    233, 231, 232, 235, 235, 232, 231, 235, 235, 233, 231, 235, 231, 231,
    232, 234, 235, 234, 232, 231, 232, 231, 232, 234, 231, 235, 232, 233,
    235, 231, 231, 231, 234, 234, 231, 233, 235, 233, 232, 235, 233, 235,
    232, 235, 234, 233, 232, 233, 233, 232, 234, 235, 233, 231, 233, 234,
    233, 233, 235, 233, 234, 232, 234, 232, 235, 232, 232, 233, 231, 234,
    232, 233, 231, 234, 235, 233, 232 ]
RHandPositionsX: [ 214, 196, 174, 159, 142, 143, 143, 146, 145, 144, 144,
    151, 154, 153, 148, 144, 144, 142, 141, 147, 165, 157, 155, 153, 149,
    146, 146, 141, 148, 152, 152, 160, 158, 157, 149, 144, 140, 140, 136,
    154, 155, 154, 154, 160, 154, 151, 147, 154, 159, 159, 172, 169, 166,
    164, 159, 157, 152, 150, 145, 148, 154, 165, 172, 176, 176, 178, 175,
    177, 171, 168, 177, 171, 171, 169, 168, 166, 169, 170, 171, 167, 167,
    169, 171, 166, 169, 166, 167, 166 ]
RHandPositionsY: [ 204, 184, 170, 147, 130, 111, 108, 103, 96, 90, 95,
    91, 82, 77, 74, 70, 69, 67, 68, 73, 76, 75, 72, 70, 70, 65, 68, 67,
    64, 69, 66, 68, 67, 67, 68, 64, 65, 63, 69, 85, 79, 79, 79, 76, 75,
    75, 72, 75, 73, 77, 91, 90, 83, 80, 78, 77, 79, 78, 79, 82, 92, 104,
    121, 134, 148, 157, 170, 181, 190, 197, 210, 217, 223, 228, 234, 232,
    239, 239, 240, 238, 239, 244, 242, 241, 242, 242, 246, 244 ]
