%YAML:1.0
---
videoName: "RHShake22.mp4"
gestureLabel: 2
fps: 29
pixelSizeInCmTemp: 3.3263888888888887e-01
faceCenterPointX: 290
faceCenterPointY: 48
LHandPositionsX: [ 395, 395, 393, 395, 392, 393, 392, 396, 393, 393, 394,
    392, 392, 393, 393, 395, 393, 395, 396, 393, 393, 395, 395, 393, 392,
    393, 393, 396, 396, 392, 394, 396, 394, 392, 395, 394, 392, 392, 394,
    396, 392, 395, 395, 392, 395, 394, 395, 393, 393, 396, 392, 393, 393,
    392, 394, 395, 393, 395, 395, 393, 392, 392, 395, 396, 396, 393, 393,
    394, 392, 395, 396, 393, 392, 392, 392, 393, 396, 395, 396, 396, 394,
    394, 393, 394, 394, 395, 392, 396 ]
LHandPositionsY: [ 233, 231, 233, 231, 232, 233, 233, 234, 233, 232, 233,
    233, 234, 234, 232, 233, 234, 232, 233, 233, 230, 230, 234, 233, 232,
    233, 234, 234, 230, 231, 231, 231, 230, 234, 230, 231, 231, 232, 233,
    234, 231, 232, 230, 233, 232, 232, 233, 234, 230, 231, 232, 231, 234,
    234, 230, 232, 230, 232, 231, 230, 230, 234, 233, 231, 231, 234, 234,
    232, 232, 234, 234, 234, 231, 233, 231, 231, 230, 233, 233, 234, 234,
    234, 230, 232, 230, 232, 231, 232 ]
RHandPositionsX: [ 148, 136, 132, 130, 131, 137, 143, 155, 164, 163, 164,
    165, 162, 158, 153, 145, 145, 145, 148, 152, 161, 173, 171, 170, 171,
    166, 162, 157, 154, 155, 152, 159, 167, 171, 170, 172, 172, 171, 167,
    163, 158, 159, 160, 169, 171, 175, 173, 172, 170, 167, 161, 157, 155,
    155, 158, 163, 173, 174, 178, 180, 176, 175, 167, 163, 158, 154, 155,
    155, 165, 176, 175, 177, 181, 183, 181, 179, 181, 183, 185, 185, 187,
    192, 191, 189, 187, 186, 191, 190 ]
RHandPositionsY: [ 140, 118, 101, 102, 95, 92, 84, 86, 91, 90, 90, 90,
    84, 80, 81, 81, 79, 75, 74, 87, 92, 92, 96, 95, 93, 89, 87, 83, 84,
    81, 80, 91, 91, 99, 103, 99, 92, 93, 86, 89, 86, 84, 85, 90, 95, 99,
    102, 98, 95, 89, 90, 89, 87, 88, 84, 86, 89, 98, 101, 105, 97, 97,
    94, 93, 92, 94, 92, 88, 88, 102, 109, 111, 115, 118, 123, 127, 135,
    151, 160, 168, 180, 194, 200, 203, 212, 220, 224, 227 ]
