%YAML:1.0
---
videoName: "RHShake06.mp4"
gestureLabel: 2
fps: 30
pixelSizeInCmTemp: 3.2808219178082193e-01
faceCenterPointX: 293
faceCenterPointY: 43
LHandPositionsX: [ 308, 308, 307, 310, 309, 307, 309, 306, 310, 307, 306,
    309, 308, 307, 307, 310, 311, 314, 315, 316, 320, 320, 320, 319, 319,
    323, 319, 321, 321, 322, 322, 323, 324, 325, 323, 326, 323, 323, 324,
    322, 323, 325, 323, 324, 326, 326, 322, 325, 325, 323, 323, 324, 323,
    325, 325, 324, 326, 323, 326, 326, 322, 322, 324, 323, 326, 326, 324,
    325, 325, 326, 325, 325, 324, 326, 322, 326, 325, 323, 325, 325, 324,
    324, 323, 317, 318, 315, 313, 312, 313, 313, 313 ]
LHandPositionsY: [ 267, 266, 267, 267, 270, 268, 268, 267, 267, 268, 270,
    270, 268, 266, 269, 266, 268, 269, 264, 262, 262, 260, 261, 259, 263,
    261, 259, 262, 261, 260, 261, 259, 261, 261, 260, 258, 259, 261, 260,
    260, 261, 260, 261, 262, 258, 262, 262, 258, 261, 262, 260, 260, 262,
    258, 262, 258, 259, 262, 261, 261, 258, 262, 260, 259, 259, 258, 258,
    262, 259, 262, 258, 258, 259, 258, 260, 258, 259, 258, 259, 260, 259,
    258, 258, 260, 261, 266, 265, 265, 264, 265, 265 ]
RHandPositionsX: [ 286, 288, 284, 288, 287, 284, 286, 288, 284, 288, 287,
    284, 284, 285, 285, 284, 287, 287, 278, 263, 245, 224, 200, 179, 162,
    146, 138, 134, 137, 139, 142, 148, 160, 164, 165, 161, 161, 162, 161,
    158, 161, 170, 184, 191, 189, 187, 178, 172, 170, 171, 170, 165, 173,
    182, 184, 183, 183, 186, 180, 171, 169, 166, 164, 180, 178, 178, 177,
    173, 164, 162, 163, 164, 170, 179, 194, 190, 211, 221, 230, 243, 248,
    251, 253, 250, 249, 255, 254, 254, 255, 254, 255 ]
RHandPositionsY: [ 266, 269, 266, 269, 270, 266, 269, 269, 267, 267, 266,
    270, 269, 268, 267, 267, 270, 267, 263, 258, 249, 236, 219, 197, 181,
    161, 138, 121, 111, 107, 114, 115, 131, 115, 107, 105, 101, 90, 93,
    89, 91, 94, 98, 97, 100, 98, 94, 93, 90, 90, 88, 91, 93, 98, 101, 97,
    98, 102, 96, 95, 90, 91, 95, 99, 102, 103, 102, 99, 104, 106, 115,
    128, 144, 163, 177, 181, 195, 203, 216, 222, 233, 238, 235, 237, 239,
    243, 243, 244, 241, 241, 243 ]
