%YAML:1.0
---
videoName: "RHShake15.mp4"
gestureLabel: 2
fps: 29
pixelSizeInCmTemp: 3.2808219178082193e-01
faceCenterPointX: 279
faceCenterPointY: 41
LHandPositionsX: [ 372, 369, 372, 368, 372, 369, 368, 368, 369, 372, 372,
    369, 369, 370, 372, 372, 370, 371, 372, 368, 372, 370, 369, 372, 369,
    372, 369, 368, 371, 368, 371, 372, 372, 368, 371, 371, 370, 368, 372,
    370, 369, 368, 372, 369, 371, 372, 370, 371, 371, 371, 370, 368, 369,
    368, 369, 371, 371, 368, 369, 368, 371, 368, 372, 372, 372, 370, 372,
    371, 368, 371, 368, 368, 370, 369, 370, 370, 369, 368, 372, 372, 368,
    370, 370, 371, 370, 370, 370, 371 ]
LHandPositionsY: [ 236, 232, 233, 235, 236, 236, 233, 235, 233, 232, 236,
    236, 233, 233, 234, 233, 235, 234, 233, 236, 235, 234, 234, 233, 232,
    232, 235, 235, 235, 233, 236, 232, 234, 233, 236, 233, 235, 236, 236,
    233, 232, 236, 235, 234, 231, 233, 235, 231, 233, 233, 233, 235, 235,
    234, 234, 231, 232, 233, 233, 234, 235, 231, 235, 231, 233, 234, 232,
    232, 231, 235, 234, 234, 231, 235, 231, 231, 231, 232, 231, 234, 231,
    233, 231, 233, 231, 233, 232, 234 ]
RHandPositionsX: [ 135, 124, 112, 109, 109, 110, 107, 107, 109, 110, 113,
    115, 116, 113, 110, 111, 112, 110, 108, 108, 116, 118, 113, 114, 108,
    108, 108, 110, 109, 109, 112, 116, 114, 114, 113, 113, 108, 113, 114,
    116, 110, 111, 114, 116, 120, 121, 121, 126, 123, 118, 119, 120, 125,
    127, 123, 127, 125, 128, 124, 118, 120, 126, 129, 135, 140, 143, 138,
    139, 137, 142, 143, 148, 153, 152, 159, 154, 159, 156, 161, 162, 157,
    160, 161, 157, 159, 158, 159, 158 ]
RHandPositionsY: [ 192, 170, 156, 144, 142, 139, 135, 128, 121, 115, 112,
    109, 101, 97, 99, 97, 94, 92, 92, 93, 93, 92, 93, 91, 94, 96, 92, 93,
    92, 94, 96, 102, 105, 104, 104, 104, 104, 105, 101, 106, 106, 105,
    112, 113, 109, 107, 106, 104, 103, 103, 104, 110, 111, 113, 117, 112,
    113, 111, 111, 113, 112, 117, 126, 136, 150, 164, 173, 182, 193, 202,
    208, 221, 229, 237, 239, 241, 248, 244, 249, 245, 245, 247, 246, 246,
    248, 249, 249, 246 ]
