%YAML:1.0
---
videoName: "RHShake19.mp4"
gestureLabel: 2
fps: 29
pixelSizeInCmTemp: 3.2808219178082193e-01
faceCenterPointX: 283
faceCenterPointY: 48
LHandPositionsX: [ 391, 389, 391, 392, 389, 390, 391, 388, 392, 390, 388,
    392, 392, 392, 389, 392, 388, 388, 388, 392, 389, 390, 388, 391, 389,
    390, 391, 389, 391, 390, 389, 390, 391, 391, 388, 390, 388, 392, 390,
    390, 389, 390, 388, 390, 388, 389, 388, 392, 388, 391, 390, 392, 391,
    390, 388, 389, 392, 391, 389, 388, 390, 389, 391, 392, 388, 390, 388,
    391, 388, 389, 390, 392, 391, 389, 392, 392, 392, 389, 392, 391, 392,
    389, 389, 392, 392, 392, 392, 391 ]
LHandPositionsY: [ 240, 243, 241, 244, 244, 241, 241, 242, 240, 243, 240,
    241, 244, 244, 242, 244, 243, 243, 240, 242, 243, 242, 244, 242, 241,
    242, 244, 240, 244, 240, 240, 241, 241, 244, 240, 240, 244, 241, 243,
    240, 244, 241, 243, 243, 241, 241, 242, 243, 242, 243, 240, 240, 243,
    240, 243, 242, 240, 242, 241, 243, 242, 242, 244, 243, 241, 242, 240,
    244, 240, 242, 244, 243, 242, 241, 243, 240, 243, 242, 241, 242, 240,
    244, 240, 240, 240, 243, 244, 244 ]
RHandPositionsX: [ 159, 175, 181, 183, 185, 183, 175, 169, 165, 163, 164,
    163, 164, 178, 183, 185, 186, 176, 174, 170, 164, 161, 160, 164, 167,
    174, 174, 174, 172, 163, 159, 157, 158, 162, 168, 179, 178, 179, 177,
    174, 166, 162, 162, 158, 162, 167, 178, 178, 181, 185, 176, 175, 171,
    171, 166, 170, 171, 180, 180, 180, 182, 178, 175, 170, 169, 165, 170,
    177, 179, 184, 188, 191, 189, 186, 187, 183, 182, 180, 180, 179, 182,
    178, 181, 178, 182, 179, 182, 179 ]
RHandPositionsY: [ 88, 92, 94, 95, 95, 90, 84, 83, 80, 75, 77, 74, 76,
    83, 92, 92, 89, 85, 78, 77, 78, 76, 74, 75, 83, 88, 93, 88, 89, 89,
    86, 85, 80, 86, 88, 92, 94, 97, 94, 94, 88, 85, 85, 82, 85, 83, 94,
    98, 103, 104, 99, 96, 97, 95, 93, 94, 101, 105, 105, 109, 107, 100,
    101, 98, 102, 97, 111, 123, 139, 152, 162, 175, 188, 194, 200, 209,
    221, 223, 231, 237, 237, 237, 241, 242, 242, 241, 239, 240 ]
