%YAML:1.0
---
videoName: "RHShake01.mp4"
gestureLabel: 2
fps: 29
pixelSizeInCmTemp: 3.1513157894736843e-01
faceCenterPointX: 292
faceCenterPointY: 51
LHandPositionsX: [ 392, 394, 394, 394, 394, 395, 396, 393, 393, 393, 396,
    392, 396, 395, 395, 391, 395, 392, 394, 391, 391, 391, 391, 393, 393,
    395, 395, 392, 393, 393, 394, 393, 393, 392, 393, 392, 394, 394, 392,
    395, 395, 392, 392, 393, 395, 393, 395, 392, 395, 392, 392, 391, 392,
    393, 394, 394, 391, 392, 391, 394, 395, 394, 393, 394, 393, 392, 395,
    394, 395, 395, 394, 395, 392, 392, 392, 391, 393, 391, 391, 394, 392,
    391, 392, 391, 395, 391, 395, 391 ]
LHandPositionsY: [ 256, 255, 257, 253, 256, 256, 257, 254, 254, 257, 254,
    255, 255, 256, 257, 255, 257, 255, 253, 257, 255, 254, 254, 255, 254,
    253, 255, 257, 257, 257, 254, 256, 256, 254, 256, 254, 254, 256, 253,
    256, 256, 253, 255, 255, 256, 256, 255, 253, 255, 254, 256, 257, 255,
    257, 255, 254, 255, 255, 256, 253, 256, 256, 253, 255, 257, 254, 256,
    256, 256, 257, 256, 257, 255, 255, 257, 256, 253, 254, 254, 254, 256,
    256, 255, 256, 257, 257, 254, 254 ]
RHandPositionsX: [ 168, 169, 168, 171, 171, 169, 171, 168, 169, 171, 171,
    171, 167, 168, 170, 167, 167, 169, 167, 168, 169, 171, 171, 172, 173,
    170, 171, 175, 175, 171, 166, 158, 156, 152, 158, 163, 172, 179, 192,
    192, 193, 186, 181, 174, 176, 172, 175, 185, 195, 193, 189, 188, 183,
    177, 177, 182, 177, 182, 188, 195, 191, 194, 194, 187, 180, 179, 178,
    180, 186, 191, 195, 196, 197, 196, 193, 190, 186, 191, 186, 182, 177,
    175, 175, 172, 172, 171, 176, 172 ]
RHandPositionsY: [ 278, 277, 276, 276, 277, 277, 276, 276, 276, 277, 277,
    277, 278, 278, 280, 278, 280, 280, 276, 278, 279, 280, 280, 280, 279,
    276, 266, 246, 226, 206, 185, 168, 150, 133, 131, 114, 105, 107, 109,
    111, 106, 104, 100, 100, 98, 97, 100, 97, 100, 102, 98, 93, 95, 93,
    93, 90, 94, 101, 100, 101, 102, 101, 102, 100, 99, 97, 94, 98, 101,
    105, 111, 125, 134, 148, 161, 176, 191, 204, 205, 210, 221, 228, 236,
    242, 242, 245, 243, 246 ]
