%YAML:1.0
---
videoName: "RHShake13.mp4"
gestureLabel: 2
fps: 30
pixelSizeInCmTemp: 3.2808219178082193e-01
faceCenterPointX: 278
faceCenterPointY: 45
LHandPositionsX: [ 306, 305, 307, 305, 305, 308, 309, 307, 306, 306, 308,
    306, 309, 305, 306, 309, 305, 308, 309, 307, 308, 306, 305, 307, 306,
    309, 307, 306, 305, 309, 309, 308, 305, 309, 306, 305, 307, 306, 305,
    308, 305, 305, 307, 307, 308, 307, 308, 305, 308, 309, 307, 305, 307,
    308, 308, 305, 309, 305, 309, 308, 306, 309, 308, 308, 306, 307, 309,
    305, 305, 305, 306, 307, 309, 307, 309, 308, 306, 309, 306, 304, 301,
    305, 305, 306, 305, 305, 307, 306, 304, 306, 304 ]
LHandPositionsY: [ 245, 246, 244, 245, 242, 244, 243, 244, 244, 242, 243,
    241, 244, 242, 244, 244, 243, 239, 243, 239, 240, 241, 243, 240, 239,
    242, 241, 241, 239, 242, 241, 242, 243, 241, 241, 242, 239, 238, 238,
    242, 240, 240, 240, 241, 238, 241, 240, 241, 241, 240, 238, 238, 239,
    241, 242, 238, 238, 242, 239, 240, 242, 241, 241, 241, 239, 241, 241,
    240, 239, 241, 240, 241, 237, 239, 237, 234, 235, 236, 232, 235, 234,
    234, 235, 238, 237, 240, 242, 243, 243, 246, 246 ]
RHandPositionsX: [ 169, 152, 138, 139, 141, 139, 141, 140, 144, 149, 146,
    148, 143, 136, 134, 137, 140, 143, 143, 145, 136, 131, 133, 131, 132,
    131, 133, 137, 137, 136, 137, 133, 127, 132, 128, 132, 136, 136, 134,
    138, 136, 133, 135, 132, 140, 147, 151, 149, 148, 145, 142, 136, 135,
    141, 141, 142, 143, 139, 142, 137, 135, 134, 128, 131, 138, 141, 145,
    148, 152, 158, 167, 180, 191, 202, 211, 226, 235, 245, 251, 252, 249,
    251, 258, 257, 259, 261, 260, 257, 260, 257, 261 ]
RHandPositionsY: [ 156, 139, 120, 116, 113, 111, 107, 102, 97, 97, 94,
    92, 90, 87, 85, 89, 88, 89, 90, 86, 86, 86, 84, 87, 84, 85, 88, 89,
    88, 89, 88, 90, 90, 88, 91, 91, 91, 92, 90, 92, 89, 89, 91, 90, 92,
    96, 96, 97, 95, 94, 92, 94, 93, 95, 96, 97, 99, 101, 100, 97, 95, 98,
    95, 99, 99, 105, 110, 111, 120, 129, 135, 145, 156, 166, 178, 187,
    196, 207, 216, 216, 215, 222, 229, 233, 235, 236, 238, 237, 237, 239,
    243 ]
