%YAML:1.0
---
videoName: "RHShake09.mp4"
gestureLabel: 2
fps: 29
pixelSizeInCmTemp: 3.1103896103896100e-01
faceCenterPointX: 296
faceCenterPointY: 48
LHandPositionsX: [ 324, 324, 323, 326, 324, 322, 325, 322, 320, 317, 318,
    317, 315, 314, 312, 312, 309, 308, 312, 307, 310, 310, 307, 306, 307,
    309, 308, 307, 307, 308, 306, 309, 308, 308, 311, 311, 308, 311, 309,
    310, 310, 311, 308, 309, 313, 313, 309, 313, 311, 311, 314, 315, 315,
    315, 315, 316, 312, 314, 316, 315, 313, 316, 314, 316, 315, 313, 317,
    318, 317, 318, 318, 316, 316, 316, 316, 315, 316, 315, 317, 317, 314,
    314, 317, 314, 316, 317, 315, 318 ]
LHandPositionsY: [ 267, 267, 270, 269, 268, 267, 272, 269, 273, 274, 274,
    274, 273, 275, 271, 276, 274, 274, 275, 272, 274, 273, 272, 273, 274,
    276, 272, 275, 276, 274, 277, 275, 277, 273, 273, 274, 277, 274, 277,
    274, 273, 274, 277, 273, 273, 276, 273, 274, 276, 273, 273, 275, 277,
    277, 273, 276, 275, 273, 276, 276, 273, 276, 274, 274, 276, 273, 273,
    276, 272, 273, 274, 273, 272, 275, 276, 275, 273, 272, 272, 273, 274,
    274, 274, 272, 272, 275, 274, 273 ]
RHandPositionsX: [ 265, 262, 266, 264, 262, 265, 265, 261, 261, 261, 261,
    262, 258, 258, 257, 258, 258, 257, 257, 255, 256, 255, 257, 254, 254,
    256, 256, 255, 256, 258, 262, 260, 254, 240, 226, 205, 190, 175, 171,
    173, 173, 173, 183, 184, 187, 184, 180, 180, 177, 176, 187, 191, 190,
    202, 192, 188, 182, 177, 178, 186, 185, 185, 197, 188, 185, 182, 176,
    173, 175, 182, 183, 189, 186, 179, 178, 177, 181, 178, 182, 190, 190,
    190, 199, 203, 208, 216, 226, 239 ]
RHandPositionsY: [ 263, 263, 265, 266, 265, 264, 265, 266, 265, 265, 267,
    266, 266, 268, 266, 266, 269, 269, 266, 269, 265, 265, 268, 269, 266,
    269, 265, 268, 267, 266, 266, 257, 244, 230, 215, 199, 177, 157, 139,
    136, 118, 111, 106, 111, 110, 103, 100, 91, 89, 86, 89, 98, 94, 99,
    92, 93, 89, 90, 85, 88, 96, 96, 100, 97, 92, 85, 86, 88, 91, 95, 97,
    95, 93, 94, 90, 91, 87, 94, 97, 107, 107, 107, 122, 135, 142, 154,
    167, 188 ]
