%YAML:1.0
---
videoName: "RHShake07.mp4"
gestureLabel: 2
fps: 29
pixelSizeInCmTemp: 3.2364864864864862e-01
faceCenterPointX: 292
faceCenterPointY: 44
LHandPositionsX: [ 311, 307, 310, 310, 310, 306, 310, 310, 310, 307, 311,
    308, 309, 312, 312, 314, 310, 310, 313, 314, 314, 314, 314, 312, 313,
    312, 314, 314, 313, 313, 313, 312, 316, 312, 314, 311, 314, 315, 316,
    315, 312, 316, 313, 315, 316, 316, 313, 313, 313, 312, 315, 316, 312,
    313, 312, 312, 313, 315, 312, 314, 314, 312, 316, 313, 313, 313, 313,
    314, 314, 313, 316, 315, 313, 316, 315, 317, 314, 313, 312, 315, 308,
    311, 310, 309, 309, 308, 311, 308 ]
LHandPositionsY: [ 267, 267, 270, 267, 267, 271, 269, 269, 270, 275, 274,
    269, 270, 272, 270, 272, 269, 269, 269, 267, 269, 268, 269, 271, 267,
    271, 271, 269, 268, 271, 267, 269, 267, 270, 270, 271, 270, 271, 269,
    268, 271, 271, 267, 268, 270, 267, 268, 270, 268, 270, 270, 270, 270,
    267, 267, 269, 268, 268, 268, 268, 267, 270, 270, 270, 271, 270, 271,
    270, 270, 268, 271, 268, 268, 267, 270, 269, 270, 268, 271, 270, 269,
    270, 270, 274, 275, 271, 273, 274 ]
RHandPositionsX: [ 263, 265, 266, 267, 263, 265, 267, 267, 265, 270, 266,
    262, 253, 237, 218, 197, 179, 163, 155, 153, 159, 154, 158, 161, 164,
    180, 189, 186, 176, 169, 168, 168, 178, 183, 184, 184, 182, 173, 167,
    166, 172, 172, 182, 184, 187, 184, 177, 171, 164, 167, 165, 182, 187,
    198, 193, 188, 184, 179, 171, 168, 166, 167, 173, 173, 173, 184, 176,
    175, 171, 166, 160, 170, 180, 198, 212, 231, 245, 257, 269, 275, 271,
    271, 271, 265, 262, 266, 267, 264 ]
RHandPositionsY: [ 252, 251, 252, 252, 251, 251, 251, 253, 255, 254, 250,
    244, 230, 220, 201, 183, 167, 153, 134, 132, 126, 114, 118, 123, 127,
    114, 105, 98, 92, 92, 89, 90, 110, 106, 103, 99, 94, 92, 94, 93, 89,
    92, 97, 97, 96, 96, 96, 90, 92, 88, 85, 89, 98, 103, 100, 98, 92, 94,
    91, 88, 90, 88, 91, 91, 90, 93, 86, 87, 86, 88, 92, 120, 137, 148,
    166, 186, 206, 228, 237, 244, 243, 249, 253, 254, 253, 255, 254, 256 ]
