%YAML:1.0
---
videoName: "RHShake02.mp4"
gestureLabel: 2
fps: 29
pixelSizeInCmTemp: 3.1933333333333330e-01
faceCenterPointX: 291
faceCenterPointY: 51
LHandPositionsX: [ 405, 405, 405, 408, 406, 405, 405, 407, 405, 405, 409,
    405, 408, 408, 407, 405, 408, 405, 408, 404, 405, 404, 407, 404, 405,
    407, 405, 404, 407, 404, 402, 406, 403, 404, 405, 401, 402, 405, 404,
    403, 400, 403, 401, 401, 400, 402, 402, 398, 402, 401, 402, 401, 400,
    401, 397, 400, 398, 400, 398, 396, 400, 399, 398, 397, 398, 395, 398,
    397, 397, 395, 395, 395, 395, 398, 398, 395, 399, 399, 399, 397, 397,
    398, 395, 395, 397, 396, 396, 397 ]
LHandPositionsY: [ 264, 262, 263, 263, 263, 261, 262, 261, 265, 263, 261,
    263, 261, 262, 262, 261, 264, 261, 261, 263, 262, 261, 262, 264, 261,
    260, 260, 264, 263, 264, 263, 262, 264, 264, 261, 262, 263, 263, 262,
    264, 263, 260, 264, 263, 263, 264, 264, 263, 260, 264, 264, 261, 260,
    264, 262, 261, 262, 264, 262, 264, 260, 263, 260, 264, 262, 262, 262,
    262, 261, 263, 263, 260, 260, 263, 264, 260, 264, 263, 260, 260, 264,
    262, 261, 262, 261, 261, 264, 264 ]
RHandPositionsX: [ 175, 171, 173, 171, 171, 174, 174, 174, 172, 170, 171,
    172, 173, 173, 171, 172, 170, 174, 170, 170, 170, 173, 170, 171, 174,
    174, 175, 178, 175, 173, 166, 160, 162, 152, 152, 154, 158, 175, 181,
    177, 181, 178, 170, 167, 161, 161, 160, 169, 181, 186, 191, 187, 181,
    178, 167, 166, 165, 164, 173, 182, 185, 182, 181, 175, 175, 172, 169,
    170, 168, 176, 182, 194, 198, 201, 201, 197, 194, 184, 187, 183, 180,
    179, 177, 175, 174, 173, 177, 174 ]
RHandPositionsY: [ 264, 267, 266, 267, 263, 266, 263, 267, 263, 264, 266,
    267, 266, 266, 264, 267, 267, 265, 266, 267, 264, 263, 265, 267, 264,
    269, 262, 247, 230, 211, 187, 166, 145, 125, 109, 99, 96, 93, 99, 98,
    96, 91, 91, 90, 90, 89, 91, 91, 98, 97, 98, 97, 93, 92, 87, 84, 88,
    91, 97, 101, 100, 100, 96, 95, 91, 95, 93, 92, 96, 96, 106, 116, 132,
    143, 159, 176, 195, 212, 227, 232, 238, 242, 246, 251, 250, 253, 254,
    255 ]
