%YAML:1.0
---
videoName: "RHShake11.mp4"
gestureLabel: 2
fps: 29
pixelSizeInCmTemp: 3.3263888888888887e-01
faceCenterPointX: 274
faceCenterPointY: 53
LHandPositionsX: [ 309, 308, 309, 311, 311, 308, 309, 307, 310, 311, 310,
    310, 309, 308, 311, 310, 308, 307, 307, 310, 311, 311, 307, 307, 307,
    309, 307, 309, 310, 310, 310, 308, 308, 309, 307, 307, 309, 309, 307,
    311, 309, 309, 310, 311, 307, 311, 311, 307, 311, 307, 308, 309, 308,
    307, 308, 309, 308, 308, 307, 308, 309, 308, 307, 311, 311, 307, 311,
    311, 308, 311, 311, 307, 308, 311, 311, 309, 307, 309, 306, 303, 307,
    304, 303, 307, 304, 306, 307, 304 ]
LHandPositionsY: [ 249, 246, 245, 247, 248, 249, 247, 248, 246, 245, 249,
    248, 249, 249, 249, 247, 245, 246, 247, 246, 245, 249, 247, 245, 245,
    246, 248, 247, 247, 246, 247, 245, 248, 246, 248, 248, 247, 247, 247,
    249, 245, 247, 247, 247, 248, 249, 246, 246, 249, 249, 249, 245, 247,
    245, 246, 245, 249, 245, 248, 245, 247, 246, 247, 245, 248, 247, 248,
    248, 246, 247, 245, 247, 246, 243, 242, 243, 246, 247, 243, 245, 245,
    247, 247, 247, 243, 243, 247, 244 ]
RHandPositionsX: [ 251, 249, 248, 247, 234, 227, 211, 190, 176, 161, 146,
    141, 148, 145, 153, 157, 159, 164, 171, 173, 171, 163, 155, 153, 153,
    155, 162, 167, 167, 167, 169, 167, 164, 161, 158, 155, 154, 152, 160,
    166, 169, 168, 171, 169, 164, 159, 160, 158, 157, 159, 164, 171, 175,
    176, 179, 179, 171, 171, 163, 165, 161, 156, 162, 164, 169, 181, 192,
    206, 217, 232, 242, 248, 257, 259, 262, 260, 262, 263, 261, 262, 260,
    258, 260, 262, 259, 261, 261, 258 ]
RHandPositionsY: [ 248, 247, 248, 242, 233, 218, 209, 193, 174, 161, 143,
    127, 126, 115, 102, 102, 105, 106, 104, 101, 103, 99, 97, 94, 97, 94,
    96, 101, 101, 98, 98, 98, 100, 95, 96, 95, 97, 94, 102, 106, 104,
    105, 104, 104, 102, 102, 97, 97, 98, 96, 100, 104, 109, 106, 109,
    108, 105, 101, 102, 100, 102, 102, 101, 108, 120, 128, 142, 159, 174,
    187, 202, 211, 224, 231, 235, 235, 238, 236, 241, 242, 239, 238, 238,
    242, 238, 239, 238, 241 ]
