%YAML:1.0
---
videoName: "RHShake11.mp4"
gestureLabel: 2
fps: 29
pixelSizeInCmTemp: 3.3263888888888887e-01
faceCenterPointX: 274
faceCenterPointY: 53
LHandPositionsX: [ 310, 309, 308, 308, 308, 310, 311, 308, 309, 309, 307,
    311, 309, 308, 308, 309, 309, 310, 307, 309, 307, 307, 308, 309, 311,
    308, 307, 311, 307, 308, 310, 309, 310, 308, 310, 308, 311, 307, 311,
    310, 308, 308, 308, 311, 309, 310, 311, 307, 311, 309, 311, 308, 311,
    311, 308, 311, 308, 307, 309, 309, 309, 311, 311, 309, 307, 309, 310,
    308, 311, 308, 308, 308, 309, 308, 311, 307, 309, 307, 305, 306, 306,
    305, 304, 307, 303, 303, 306, 306 ]
LHandPositionsY: [ 245, 247, 245, 245, 245, 245, 249, 246, 247, 248, 247,
    249, 247, 248, 248, 245, 248, 247, 249, 247, 249, 247, 248, 249, 248,
    245, 248, 249, 246, 248, 249, 248, 246, 247, 248, 247, 249, 246, 245,
    247, 245, 245, 248, 248, 245, 248, 246, 246, 245, 249, 249, 246, 245,
    245, 246, 249, 248, 249, 249, 249, 245, 248, 249, 249, 248, 247, 245,
    247, 246, 244, 244, 243, 244, 243, 242, 246, 245, 244, 243, 243, 245,
    247, 244, 243, 244, 246, 244, 245 ]
RHandPositionsX: [ 249, 247, 249, 244, 237, 228, 210, 194, 172, 160, 148,
    140, 145, 145, 153, 160, 162, 167, 172, 175, 168, 163, 159, 156, 150,
    152, 160, 167, 167, 169, 167, 167, 163, 158, 155, 158, 152, 152, 156,
    168, 170, 167, 172, 167, 166, 162, 159, 160, 158, 157, 166, 170, 173,
    176, 177, 175, 170, 168, 166, 163, 159, 155, 163, 166, 170, 181, 193,
    208, 221, 231, 242, 246, 256, 261, 260, 262, 259, 261, 260, 260, 259,
    261, 261, 259, 259, 259, 261, 262 ]
RHandPositionsY: [ 245, 245, 248, 240, 231, 220, 207, 190, 176, 160, 141,
    128, 126, 113, 106, 101, 106, 106, 105, 101, 104, 99, 98, 95, 96, 97,
    94, 101, 101, 102, 99, 98, 96, 94, 93, 97, 93, 97, 100, 106, 105,
    106, 103, 102, 102, 105, 100, 97, 99, 96, 103, 107, 106, 105, 106,
    105, 107, 102, 99, 99, 102, 102, 105, 107, 118, 128, 144, 159, 175,
    188, 203, 214, 222, 229, 235, 235, 236, 237, 238, 241, 241, 238, 241,
    240, 241, 240, 238, 239 ]
