%YAML:1.0
---
videoName: "RHShake00.mp4"
gestureLabel: 2
fps: 29
pixelSizeInCmTemp: 3.4710144927536229e-01
faceCenterPointX: 283
faceCenterPointY: 97
LHandPositionsX: [ 345, 344, 346, 346, 342, 345, 345, 345, 342, 343, 346,
    343, 343, 346, 346, 344, 342, 346, 342, 344, 344, 343, 343, 346, 346,
    343, 346, 345, 342, 343, 343, 345, 342, 344, 343, 342, 344, 344, 343,
    346, 343, 343, 345, 344, 345, 343, 343, 344, 343, 343, 343, 343, 344,
    346, 344, 344, 343, 346, 343, 342, 345, 342, 343, 345, 345, 344, 344,
    344, 344, 343, 342, 342, 343, 342, 342, 343, 343, 342, 346, 343, 345,
    344, 343, 342, 346, 345, 344, 345 ]
LHandPositionsY: [ 276, 272, 275, 273, 275, 272, 272, 274, 275, 275, 275,
    272, 273, 274, 276, 274, 272, 275, 273, 276, 274, 275, 272, 273, 273,
    276, 275, 273, 276, 272, 276, 276, 272, 275, 272, 276, 272, 274, 274,
    275, 276, 276, 274, 276, 272, 273, 272, 276, 274, 276, 273, 273, 272,
    275, 276, 272, 273, 275, 276, 272, 274, 274, 276, 275, 275, 274, 274,
    275, 275, 272, 272, 273, 275, 272, 273, 273, 275, 272, 276, 274, 275,
    273, 275, 272, 273, 275, 275, 276 ]
RHandPositionsX: [ 180, 172, 166, 156, 148, 147, 146, 143, 144, 144, 145,
    149, 150, 165, 168, 167, 170, 167, 162, 158, 152, 151, 150, 148, 153,
    163, 165, 165, 168, 164, 158, 151, 152, 149, 151, 153, 164, 164, 162,
    161, 161, 155, 147, 142, 140, 148, 148, 154, 155, 153, 161, 162, 155,
    150, 144, 147, 143, 147, 156, 159, 160, 163, 167, 162, 155, 151, 145,
    140, 143, 148, 152, 151, 155, 158, 161, 169, 170, 175, 177, 178, 185,
    188, 189, 192, 194, 194, 195, 195 ]
RHandPositionsY: [ 260, 252, 242, 217, 201, 189, 179, 168, 159, 150, 143,
    137, 132, 136, 136, 138, 134, 129, 128, 123, 122, 124, 120, 120, 125,
    133, 136, 133, 138, 129, 126, 127, 124, 125, 134, 136, 139, 141, 141,
    136, 140, 136, 134, 130, 127, 134, 135, 136, 138, 137, 140, 138, 132,
    132, 132, 132, 134, 131, 140, 145, 147, 144, 145, 148, 142, 140, 140,
    136, 142, 150, 155, 163, 169, 177, 182, 191, 198, 204, 214, 223, 230,
    235, 241, 249, 253, 256, 262, 262 ]
