%YAML:1.0
---
videoName: "RHShake20.mp4"
gestureLabel: 2
fps: 29
pixelSizeInCmTemp: 3.3263888888888887e-01
faceCenterPointX: 286
faceCenterPointY: 45
LHandPositionsX: [ 391, 392, 390, 390, 394, 394, 391, 394, 393, 390, 390,
    392, 394, 390, 393, 393, 394, 392, 390, 390, 391, 391, 390, 391, 394,
    391, 393, 390, 393, 392, 393, 391, 392, 392, 391, 393, 393, 392, 391,
    390, 394, 394, 392, 391, 392, 390, 390, 394, 391, 394, 391, 390, 390,
    392, 392, 393, 392, 390, 392, 394, 394, 392, 394, 393, 393, 393, 393,
    391, 392, 394, 392, 390, 392, 392, 394, 393, 392, 390, 392, 393, 394,
    394, 392, 391, 391, 393, 391, 394 ]
LHandPositionsY: [ 245, 244, 245, 242, 244, 243, 245, 244, 241, 240, 242,
    243, 241, 243, 242, 239, 242, 243, 241, 242, 243, 242, 243, 241, 241,
    240, 242, 243, 240, 242, 240, 242, 243, 241, 243, 239, 242, 242, 240,
    241, 240, 241, 239, 241, 242, 243, 241, 240, 243, 243, 240, 241, 243,
    240, 241, 243, 239, 242, 243, 243, 241, 240, 240, 241, 243, 240, 239,
    242, 240, 240, 243, 239, 239, 243, 241, 241, 240, 239, 242, 241, 242,
    241, 243, 242, 239, 240, 240, 243 ]
RHandPositionsX: [ 162, 162, 158, 158, 154, 155, 150, 155, 157, 158, 159,
    158, 159, 155, 150, 153, 147, 149, 159, 163, 160, 161, 159, 152, 151,
    152, 151, 151, 162, 161, 161, 163, 155, 155, 155, 152, 150, 148, 159,
    164, 166, 164, 163, 164, 159, 154, 153, 150, 157, 160, 164, 165, 164,
    169, 168, 169, 162, 163, 161, 159, 161, 166, 174, 175, 181, 183, 188,
    184, 186, 185, 183, 182, 182, 180, 179, 180, 180, 181, 176, 176, 180,
    178, 179, 179, 176, 176, 176, 180 ]
RHandPositionsY: [ 111, 108, 102, 100, 99, 100, 101, 97, 103, 102, 102,
    99, 97, 97, 99, 99, 98, 104, 112, 115, 114, 115, 114, 110, 106, 107,
    107, 110, 118, 117, 119, 113, 110, 108, 107, 105, 104, 107, 113, 120,
    123, 121, 124, 118, 115, 112, 114, 110, 112, 117, 122, 124, 123, 125,
    121, 118, 117, 115, 113, 110, 119, 125, 132, 135, 147, 154, 164, 177,
    187, 193, 200, 212, 217, 228, 233, 235, 239, 239, 239, 240, 242, 247,
    244, 243, 245, 243, 243, 247 ]
