%YAML:1.0
---
videoName: "RHShake15.mp4"
gestureLabel: 2
fps: 29
pixelSizeInCmTemp: 3.2808219178082193e-01
faceCenterPointX: 279
faceCenterPointY: 41
LHandPositionsX: [ 369, 370, 368, 372, 372, 371, 371, 369, 368, 372, 372,
    368, 370, 372, 371, 372, 371, 372, 372, 372, 371, 368, 370, 371, 369,
    369, 369, 368, 371, 369, 372, 369, 370, 371, 372, 368, 371, 372, 371,
    370, 372, 368, 372, 371, 371, 371, 369, 371, 372, 369, 371, 369, 369,
    368, 372, 368, 372, 369, 370, 368, 371, 368, 369, 369, 368, 368, 372,
    371, 370, 369, 371, 368, 369, 372, 370, 371, 371, 370, 369, 369, 372,
    371, 369, 370, 370, 372, 368, 369 ]
LHandPositionsY: [ 233, 232, 236, 234, 234, 232, 235, 236, 235, 235, 235,
    233, 232, 236, 236, 233, 232, 232, 235, 236, 233, 236, 234, 233, 235,
    234, 234, 233, 236, 232, 235, 233, 236, 235, 236, 235, 235, 233, 236,
    233, 233, 232, 233, 232, 235, 235, 233, 231, 233, 235, 235, 234, 232,
    235, 235, 231, 235, 234, 235, 232, 232, 231, 235, 232, 234, 233, 231,
    231, 232, 234, 231, 235, 233, 235, 234, 231, 235, 231, 231, 234, 234,
    233, 231, 233, 234, 235, 232, 232 ]
RHandPositionsX: [ 138, 123, 115, 110, 112, 108, 106, 107, 106, 111, 110,
    118, 116, 110, 109, 111, 114, 109, 106, 110, 115, 116, 113, 112, 110,
    107, 112, 108, 107, 105, 112, 115, 116, 116, 113, 110, 110, 109, 111,
    113, 112, 113, 114, 115, 120, 120, 122, 123, 123, 118, 120, 120, 123,
    126, 125, 127, 128, 128, 120, 121, 122, 122, 130, 132, 138, 142, 140,
    137, 139, 141, 146, 148, 153, 153, 157, 157, 159, 159, 158, 158, 157,
    157, 161, 161, 157, 157, 159, 160 ]
RHandPositionsY: [ 190, 170, 157, 143, 144, 141, 131, 127, 122, 115, 111,
    108, 103, 99, 98, 94, 96, 95, 91, 95, 96, 93, 95, 92, 94, 96, 96, 96,
    95, 94, 100, 102, 106, 101, 103, 104, 103, 102, 102, 103, 103, 108,
    108, 110, 109, 106, 102, 103, 107, 106, 105, 110, 110, 113, 116, 112,
    113, 110, 111, 113, 114, 118, 127, 136, 152, 163, 172, 180, 193, 203,
    211, 222, 229, 238, 241, 239, 247, 247, 245, 247, 248, 248, 249, 245,
    246, 247, 247, 248 ]
