%YAML:1.0
---
videoName: "RHShake22.mp4"
gestureLabel: 2
fps: 29
pixelSizeInCmTemp: 3.3263888888888887e-01
faceCenterPointX: 290
faceCenterPointY: 48
LHandPositionsX: [ 396, 395, 395, 394, 395, 393, 392, 392, 396, 396, 393,
    395, 393, 396, 396, 395, 393, 392, 396, 393, 392, 393, 392, 393, 393,
    393, 393, 394, 396, 396, 394, 395, 395, 392, 392, 395, 396, 396, 395,
    394, 393, 394, 392, 396, 392, 394, 393, 394, 394, 392, 393, 395, 393,
    396, 394, 392, 394, 396, 395, 396, 396, 396, 396, 394, 392, 394, 396,
    393, 396, 396, 392, 392, 395, 394, 394, 396, 396, 394, 393, 394, 394,
    392, 392, 393, 394, 394, 396, 394 ]
LHandPositionsY: [ 234, 230, 234, 234, 230, 230, 232, 232, 234, 232, 233,
    233, 232, 231, 234, 233, 233, 233, 231, 231, 230, 231, 233, 233, 232,
    233, 231, 231, 231, 234, 233, 230, 233, 231, 230, 231, 230, 230, 230,
    230, 234, 234, 232, 233, 234, 233, 230, 233, 230, 231, 232, 234, 231,
    234, 231, 234, 232, 230, 234, 230, 234, 231, 231, 230, 233, 234, 234,
    231, 233, 231, 230, 231, 233, 232, 234, 234, 233, 231, 233, 234, 233,
    232, 232, 232, 231, 233, 230, 230 ]
RHandPositionsX: [ 148, 136, 128, 130, 131, 135, 147, 159, 164, 164, 166,
    166, 160, 159, 152, 146, 145, 142, 145, 152, 163, 169, 173, 172, 170,
    167, 163, 158, 156, 152, 151, 159, 165, 170, 171, 172, 172, 170, 165,
    161, 157, 160, 159, 168, 171, 172, 173, 171, 174, 170, 162, 158, 153,
    157, 156, 164, 172, 176, 179, 180, 177, 174, 167, 165, 156, 156, 151,
    154, 167, 177, 175, 178, 179, 181, 178, 178, 179, 183, 184, 187, 188,
    188, 190, 188, 187, 190, 187, 187 ]
RHandPositionsY: [ 142, 114, 103, 103, 94, 93, 85, 86, 91, 93, 91, 89,
    86, 82, 78, 78, 78, 77, 77, 85, 88, 92, 98, 97, 93, 90, 87, 84, 85,
    82, 81, 90, 93, 99, 100, 99, 95, 92, 89, 85, 86, 83, 82, 89, 95, 101,
    103, 99, 93, 90, 89, 91, 88, 86, 86, 85, 89, 99, 102, 104, 98, 95,
    94, 92, 93, 93, 91, 89, 89, 102, 108, 112, 114, 120, 123, 127, 139,
    149, 159, 169, 181, 195, 197, 206, 212, 218, 224, 227 ]
