%YAML:1.0
---
videoName: "RHShake19.mp4"
gestureLabel: 2
fps: 29
pixelSizeInCmTemp: 3.2808219178082193e-01
faceCenterPointX: 283
faceCenterPointY: 48
LHandPositionsX: [ 388, 390, 388, 389, 390, 391, 391, 389, 389, 389, 389,
    388, 392, 392, 390, 392, 390, 388, 391, 392, 390, 390, 388, 391, 391,
    389, 391, 391, 389, 388, 389, 388, 392, 392, 388, 388, 388, 389, 391,
    388, 392, 391, 391, 388, 388, 389, 392, 390, 388, 389, 390, 390, 388,
    389, 390, 391, 392, 389, 392, 388, 390, 390, 391, 391, 388, 389, 389,
    388, 388, 392, 388, 389, 392, 388, 388, 391, 388, 392, 391, 391, 389,
    391, 390, 391, 391, 392, 388, 391 ]
LHandPositionsY: [ 243, 244, 244, 241, 242, 243, 244, 244, 240, 240, 242,
    240, 240, 240, 241, 242, 243, 244, 242, 242, 240, 241, 241, 242, 241,
    242, 240, 241, 241, 240, 242, 241, 240, 243, 241, 240, 241, 240, 240,
    243, 242, 243, 241, 241, 241, 244, 243, 240, 243, 240, 242, 243, 244,
    242, 243, 244, 242, 241, 243, 243, 242, 242, 241, 243, 241, 242, 242,
    242, 244, 242, 241, 242, 243, 242, 240, 241, 241, 240, 241, 240, 240,
    244, 241, 240, 243, 244, 244, 242 ]
RHandPositionsX: [ 155, 172, 182, 182, 185, 183, 174, 169, 167, 161, 163,
    161, 166, 177, 183, 184, 185, 176, 175, 170, 166, 161, 160, 165, 168,
    175, 175, 171, 170, 166, 163, 157, 157, 162, 167, 177, 180, 180, 178,
    172, 167, 164, 161, 160, 164, 169, 177, 181, 179, 185, 176, 177, 171,
    168, 169, 169, 171, 180, 182, 180, 183, 179, 171, 170, 166, 167, 172,
    173, 178, 181, 189, 191, 190, 188, 185, 184, 185, 181, 181, 181, 178,
    182, 182, 182, 181, 179, 178, 181 ]
RHandPositionsY: [ 90, 93, 96, 94, 91, 89, 86, 79, 80, 77, 76, 71, 78,
    83, 90, 92, 89, 85, 80, 75, 77, 78, 77, 76, 85, 91, 92, 91, 88, 86,
    83, 85, 81, 85, 87, 92, 97, 95, 92, 93, 87, 86, 87, 85, 81, 86, 92,
    95, 99, 101, 101, 97, 94, 95, 93, 94, 101, 102, 108, 108, 104, 102,
    99, 97, 99, 97, 110, 125, 140, 149, 162, 176, 186, 190, 199, 208,
    217, 222, 232, 238, 235, 238, 237, 241, 240, 242, 243, 239 ]
