%YAML:1.0
---
videoName: "RHShake13.mp4"
gestureLabel: 2
fps: 30
pixelSizeInCmTemp: 3.2808219178082193e-01
faceCenterPointX: 278
faceCenterPointY: 45
LHandPositionsX: [ 306, 309, 308, 309, 305, 308, 306, 307, 308, 306, 306,
    305, 305, 305, 307, 306, 307, 307, 306, 305, 305, 309, 305, 305, 306,
    305, 307, 306, 308, 305, 309, 307, 308, 309, 307, 307, 307, 306, 306,
    307, 308, 306, 307, 309, 308, 309, 309, 306, 306, 309, 308, 307, 307,
    305, 307, 305, 306, 307, 305, 305, 307, 307, 307, 307, 306, 305, 308,
    306, 309, 305, 305, 305, 310, 310, 307, 306, 306, 307, 305, 307, 301,
    302, 306, 304, 303, 304, 307, 307, 303, 305, 307 ]
LHandPositionsY: [ 244, 246, 243, 245, 245, 241, 243, 241, 243, 241, 243,
    245, 241, 240, 240, 242, 242, 240, 240, 239, 239, 242, 240, 241, 241,
    242, 241, 239, 240, 240, 241, 241, 242, 243, 240, 239, 239, 240, 239,
    238, 238, 239, 239, 238, 238, 239, 240, 238, 238, 238, 241, 238, 242,
    240, 238, 242, 239, 239, 240, 241, 239, 241, 242, 240, 242, 240, 242,
    241, 238, 239, 241, 241, 240, 236, 239, 234, 237, 235, 236, 233, 231,
    235, 233, 237, 240, 240, 243, 247, 246, 243, 246 ]
RHandPositionsX: [ 167, 152, 139, 140, 144, 143, 142, 142, 147, 149, 146,
    147, 141, 136, 133, 136, 144, 143, 145, 144, 139, 133, 131, 128, 131,
    135, 133, 140, 139, 136, 134, 131, 129, 132, 131, 136, 138, 138, 137,
    138, 134, 132, 133, 136, 138, 145, 147, 149, 145, 148, 142, 137, 138,
    139, 139, 143, 143, 142, 144, 136, 133, 130, 131, 134, 135, 141, 143,
    147, 155, 162, 170, 177, 189, 200, 214, 224, 239, 243, 252, 251, 251,
    251, 255, 259, 260, 259, 261, 258, 258, 258, 259 ]
RHandPositionsY: [ 156, 136, 119, 118, 115, 107, 107, 104, 98, 94, 90,
    88, 90, 86, 85, 86, 88, 88, 90, 86, 86, 84, 88, 85, 86, 87, 90, 88,
    90, 90, 90, 91, 87, 90, 91, 88, 91, 90, 91, 93, 89, 91, 91, 91, 92,
    97, 96, 95, 96, 91, 93, 92, 95, 93, 98, 100, 97, 98, 98, 97, 99, 96,
    94, 97, 98, 103, 109, 112, 118, 128, 136, 147, 155, 164, 176, 186,
    198, 206, 215, 216, 217, 220, 229, 234, 235, 239, 237, 240, 239, 242,
    241 ]
