%YAML:1.0
---
videoName: "RHShake00.mp4"
gestureLabel: 2
fps: 29
pixelSizeInCmTemp: 3.4710144927536229e-01
faceCenterPointX: 283
faceCenterPointY: 97
LHandPositionsX: [ 343, 344, 344, 345, 346, 345, 346, 342, 345, 344, 342,
    342, 343, 344, 342, 344, 343, 342, 344, 343, 342, 342, 345, 344, 346,
    344, 343, 344, 345, 344, 342, 342, 342, 344, 342, 342, 346, 342, 342,
    343, 342, 343, 345, 342, 343, 343, 342, 343, 344, 346, 345, 342, 346,
    343, 345, 346, 344, 343, 346, 342, 346, 344, 344, 345, 345, 345, 346,
    344, 343, 345, 342, 344, 346, 343, 344, 342, 343, 343, 346, 345, 345,
    342, 346, 343, 345, 344, 346, 343 ]
LHandPositionsY: [ 273, 274, 272, 272, 272, 273, 276, 274, 274, 274, 273,
    276, 272, 276, 273, 272, 274, 275, 273, 276, 275, 273, 274, 272, 275,
    275, 274, 273, 272, 275, 274, 274, 273, 273, 274, 276, 272, 276, 272,
    272, 272, 273, 272, 275, 274, 274, 272, 276, 272, 275, 272, 276, 273,
    275, 272, 273, 276, 272, 276, 272, 273, 276, 275, 273, 273, 276, 275,
    274, 276, 276, 273, 275, 273, 276, 274, 276, 272, 274, 274, 274, 273,
    272, 272, 276, 275, 272, 276, 273 ]
RHandPositionsX: [ 180, 175, 166, 155, 147, 146, 147, 144, 144, 141, 145,
    147, 153, 168, 167, 164, 170, 169, 165, 160, 154, 154, 150, 148, 152,
    164, 164, 164, 165, 165, 158, 149, 150, 148, 152, 157, 162, 164, 165,
    164, 160, 158, 147, 143, 137, 145, 148, 150, 156, 153, 161, 164, 156,
    151, 147, 144, 145, 148, 155, 162, 162, 163, 166, 160, 155, 150, 145,
    143, 144, 148, 148, 151, 156, 161, 161, 165, 169, 174, 179, 178, 185,
    186, 190, 192, 194, 194, 199, 196 ]
RHandPositionsY: [ 256, 253, 243, 221, 201, 189, 178, 166, 159, 148, 143,
    134, 130, 134, 136, 140, 135, 132, 129, 122, 121, 122, 120, 120, 127,
    133, 136, 135, 138, 129, 129, 124, 125, 125, 131, 133, 140, 142, 137,
    140, 141, 134, 130, 130, 127, 132, 132, 137, 136, 137, 137, 140, 135,
    131, 128, 130, 132, 133, 140, 143, 146, 143, 146, 146, 143, 140, 137,
    138, 140, 149, 156, 160, 167, 174, 180, 190, 199, 207, 215, 220, 230,
    238, 240, 249, 251, 259, 264, 262 ]
