%YAML:1.0
---
videoName: "RHShake19.mp4"
gestureLabel: 2
fps: 29
pixelSizeInCmTemp: 3.2808219178082193e-01
faceCenterPointX: 283
faceCenterPointY: 48
LHandPositionsX: [ 390, 391, 388, 390, 392, 390, 391, 389, 390, 392, 392,
    392, 391, 389, 389, 388, 390, 392, 389, 389, 391, 389, 388, 388, 392,
    391, 392, 391, 389, 389, 389, 390, 389, 389, 389, 388, 391, 392, 391,
    388, 392, 389, 389, 389, 388, 389, 389, 390, 389, 389, 391, 390, 391,
    389, 390, 389, 391, 388, 389, 390, 388, 392, 390, 391, 389, 389, 390,
    392, 390, 392, 390, 392, 390, 389, 389, 390, 390, 389, 390, 392, 391,
    388, 389, 390, 392, 391, 389, 390 ]
LHandPositionsY: [ 242, 244, 242, 243, 243, 241, 242, 243, 244, 243, 244,
    241, 240, 243, 240, 242, 242, 244, 243, 244, 241, 241, 242, 242, 241,
    243, 244, 240, 243, 244, 241, 241, 242, 242, 242, 242, 240, 240, 243,
    242, 244, 244, 240, 242, 243, 240, 242, 242, 241, 244, 241, 243, 241,
    244, 240, 242, 244, 243, 243, 243, 242, 242, 243, 244, 240, 241, 241,
    244, 242, 241, 243, 242, 241, 242, 244, 240, 241, 244, 243, 243, 242,
    240, 242, 240, 241, 240, 240, 242 ]
RHandPositionsX: [ 155, 173, 182, 180, 188, 186, 177, 172, 164, 161, 164,
    162, 167, 176, 185, 183, 188, 179, 175, 168, 165, 162, 162, 164, 168,
    177, 175, 171, 172, 165, 159, 159, 160, 165, 171, 180, 178, 179, 180,
    172, 166, 164, 165, 161, 164, 165, 176, 180, 177, 184, 179, 176, 168,
    169, 166, 170, 168, 177, 178, 180, 181, 179, 171, 174, 169, 168, 171,
    175, 178, 183, 186, 188, 189, 186, 184, 187, 186, 184, 180, 182, 181,
    178, 182, 179, 180, 179, 178, 182 ]
RHandPositionsY: [ 89, 94, 97, 94, 94, 91, 87, 82, 80, 76, 74, 74, 77,
    83, 91, 91, 90, 85, 79, 79, 76, 76, 75, 75, 85, 92, 90, 92, 90, 89,
    86, 83, 78, 85, 86, 88, 95, 95, 94, 91, 90, 85, 85, 86, 84, 85, 92,
    99, 101, 104, 103, 97, 96, 98, 95, 94, 100, 105, 106, 108, 107, 100,
    99, 97, 100, 97, 113, 127, 138, 152, 162, 177, 186, 192, 200, 209,
    219, 222, 232, 236, 235, 235, 239, 241, 244, 241, 243, 239 ]
