%YAML:1.0
---
videoName: "RHShake01.mp4"
gestureLabel: 2
fps: 29
pixelSizeInCmTemp: 3.1513157894736843e-01
faceCenterPointX: 292
faceCenterPointY: 51
LHandPositionsX: [ 392, 396, 395, 395, 395, 393, 392, 396, 393, 396, 396,
    396, 395, 392, 391, 395, 392, 392, 394, 394, 393, 391, 395, 395, 393,
    391, 394, 394, 395, 391, 394, 395, 392, 392, 393, 394, 393, 393, 391,
    392, 391, 393, 395, 391, 394, 394, 394, 391, 393, 395, 395, 393, 391,
    393, 395, 391, 394, 393, 394, 393, 394, 392, 395, 394, 391, 391, 392,
    391, 393, 395, 395, 395, 395, 391, 391, 394, 395, 395, 391, 393, 391,
    395, 395, 395, 393, 393, 391, 393 ]
LHandPositionsY: [ 253, 254, 253, 256, 255, 254, 253, 257, 256, 256, 254,
    257, 257, 255, 256, 257, 255, 256, 255, 256, 257, 254, 255, 253, 254,
    253, 254, 255, 253, 257, 253, 253, 255, 255, 257, 255, 255, 253, 256,
    256, 255, 257, 253, 253, 257, 255, 253, 254, 255, 254, 257, 255, 256,
    255, 254, 253, 254, 254, 255, 255, 253, 255, 255, 257, 257, 254, 254,
    254, 253, 257, 255, 257, 254, 256, 253, 253, 257, 254, 253, 257, 255,
    256, 253, 255, 256, 256, 257, 256 ]
RHandPositionsX: [ 168, 168, 168, 170, 169, 169, 168, 171, 168, 171, 170,
    171, 170, 168, 170, 167, 169, 167, 168, 168, 171, 169, 169, 170, 172,
    171, 171, 174, 175, 168, 163, 161, 155, 155, 158, 161, 171, 181, 191,
    191, 190, 189, 180, 175, 177, 172, 175, 188, 194, 197, 190, 189, 181,
    177, 176, 179, 180, 182, 188, 193, 191, 192, 196, 185, 179, 179, 178,
    179, 187, 190, 192, 197, 199, 196, 192, 187, 189, 187, 186, 181, 178,
    174, 174, 175, 174, 172, 175, 176 ]
RHandPositionsY: [ 277, 279, 280, 276, 280, 276, 276, 279, 279, 277, 279,
    277, 280, 280, 279, 277, 276, 279, 278, 276, 276, 280, 278, 278, 277,
    277, 266, 245, 227, 205, 186, 169, 149, 135, 131, 118, 105, 107, 113,
    108, 105, 106, 103, 101, 99, 98, 99, 100, 101, 100, 101, 97, 97, 91,
    93, 93, 93, 99, 102, 103, 101, 97, 102, 96, 97, 96, 94, 99, 102, 105,
    114, 125, 134, 147, 160, 176, 191, 205, 206, 214, 218, 227, 234, 244,
    242, 242, 242, 248 ]
