%YAML:1.0
---
videoName: "RHShake16.mp4"
gestureLabel: 2
fps: 29
pixelSizeInCmTemp: 3.2808219178082193e-01
faceCenterPointX: 281
faceCenterPointY: 44
LHandPositionsX: [ 371, 373, 373, 370, 372, 373, 373, 373, 371, 369, 373,
    373, 372, 372, 370, 370, 370, 370, 370, 372, 369, 372, 372, 372, 372,
    370, 371, 370, 371, 373, 369, 369, 373, 370, 373, 371, 369, 373, 370,
    371, 372, 373, 370, 372, 370, 372, 370, 373, 373, 369, 369, 371, 371,
    371, 369, 372, 373, 373, 369, 372, 373, 370, 369, 370, 373, 372, 369,
    370, 369, 370, 373, 373, 370, 370, 370, 371, 373, 371, 369, 371, 371,
    373, 373, 369, 372, 370, 371, 369 ]
LHandPositionsY: [ 233, 232, 233, 232, 231, 230, 233, 233, 232, 231, 231,
    230, 234, 231, 231, 232, 234, 234, 230, 233, 232, 233, 232, 232, 233,
    230, 232, 230, 231, 233, 231, 231, 234, 233, 231, 234, 232, 230, 234,
    230, 233, 230, 230, 231, 232, 233, 234, 231, 231, 233, 230, 234, 234,
    233, 232, 229, 229, 230, 230, 233, 231, 231, 231, 229, 233, 229, 229,
    230, 229, 230, 232, 232, 230, 232, 229, 232, 229, 230, 230, 230, 231,
    229, 232, 231, 232, 233, 232, 229 ]
RHandPositionsX: [ 170, 167, 168, 171, 169, 167, 170, 170, 171, 167, 171,
    170, 167, 169, 168, 169, 169, 168, 165, 156, 152, 150, 139, 130, 125,
    123, 116, 123, 123, 121, 125, 131, 137, 142, 142, 142, 135, 134, 138,
    140, 139, 143, 149, 148, 148, 146, 149, 146, 144, 146, 152, 154, 150,
    148, 149, 146, 146, 147, 146, 151, 156, 157, 154, 152, 152, 151, 149,
    154, 150, 162, 166, 169, 174, 175, 176, 176, 176, 176, 173, 171, 169,
    170, 170, 169, 172, 170, 168, 169 ]
RHandPositionsY: [ 268, 268, 267, 265, 267, 267, 269, 265, 269, 266, 269,
    269, 268, 268, 268, 268, 264, 265, 255, 244, 220, 201, 176, 161, 145,
    128, 114, 114, 110, 104, 107, 103, 97, 98, 93, 95, 91, 90, 89, 86,
    89, 90, 90, 88, 89, 86, 88, 85, 89, 86, 90, 88, 87, 88, 89, 85, 86,
    89, 87, 90, 90, 89, 88, 88, 86, 89, 89, 92, 103, 121, 133, 148, 160,
    173, 186, 191, 197, 203, 212, 219, 223, 222, 224, 233, 239, 234, 238,
    237 ]
