%YAML:1.0
---
videoName: "RHShake08.mp4"
gestureLabel: 2
fps: 29
pixelSizeInCmTemp: 3.2808219178082193e-01
faceCenterPointX: 290
faceCenterPointY: 45
LHandPositionsX: [ 317, 317, 315, 314, 316, 315, 313, 316, 315, 309, 308,
    310, 313, 311, 309, 309, 309, 308, 309, 308, 310, 307, 309, 307, 310,
    306, 307, 310, 309, 310, 308, 308, 309, 307, 309, 306, 310, 307, 309,
    309, 309, 306, 309, 306, 308, 307, 307, 308, 305, 308, 309, 307, 305,
    305, 309, 308, 305, 309, 307, 309, 306, 306, 305, 307, 305, 307, 306,
    308, 307, 307, 308, 308, 308, 305, 306, 307, 308, 309, 308, 306, 309,
    305, 306, 306, 310, 311, 308, 307 ]
LHandPositionsY: [ 278, 281, 283, 283, 279, 282, 282, 283, 282, 285, 281,
    284, 283, 281, 285, 283, 285, 284, 281, 285, 285, 285, 282, 285, 283,
    282, 285, 283, 282, 284, 285, 285, 281, 283, 285, 284, 283, 284, 281,
    283, 284, 284, 281, 284, 284, 282, 282, 280, 283, 283, 281, 280, 282,
    282, 281, 281, 283, 282, 281, 280, 283, 280, 280, 283, 284, 280, 280,
    283, 281, 282, 283, 281, 281, 283, 280, 283, 283, 280, 282, 282, 280,
    284, 284, 284, 282, 283, 280, 284 ]
RHandPositionsX: [ 268, 271, 270, 269, 271, 272, 273, 276, 265, 261, 258,
    256, 250, 238, 218, 199, 184, 163, 155, 162, 164, 175, 201, 200, 203,
    199, 195, 188, 184, 179, 190, 193, 206, 199, 197, 195, 185, 183, 178,
    180, 192, 189, 188, 183, 182, 179, 173, 171, 176, 181, 185, 187, 191,
    186, 193, 189, 186, 202, 206, 217, 210, 205, 206, 197, 198, 194, 203,
    205, 215, 211, 212, 217, 223, 230, 241, 248, 253, 261, 264, 263, 264,
    266, 267, 269, 276, 277, 271, 272 ]
RHandPositionsY: [ 269, 269, 266, 266, 266, 267, 268, 267, 265, 265, 254,
    246, 229, 216, 201, 185, 174, 151, 130, 127, 114, 108, 107, 107, 108,
    106, 101, 95, 91, 94, 88, 94, 95, 94, 95, 90, 90, 85, 87, 88, 91, 93,
    94, 92, 89, 87, 87, 87, 91, 92, 97, 93, 97, 96, 94, 93, 91, 93, 99,
    97, 101, 98, 95, 91, 92, 96, 95, 101, 107, 105, 111, 123, 132, 142,
    157, 174, 193, 213, 229, 247, 258, 261, 258, 259, 263, 265, 264, 263 ]
