%YAML:1.0
---
videoName: "RHShake01.mp4"
gestureLabel: 2
fps: 29
pixelSizeInCmTemp: 3.1513157894736843e-01
faceCenterPointX: 292
faceCenterPointY: 51
LHandPositionsX: [ 396, 392, 394, 393, 394, 394, 393, 393, 394, 393, 394,
    396, 395, 393, 393, 392, 392, 394, 393, 392, 395, 393, 391, 392, 394,
    393, 391, 392, 393, 394, 394, 395, 394, 394, 394, 393, 392, 391, 393,
    392, 395, 392, 391, 394, 395, 395, 394, 391, 392, 391, 391, 394, 394,
    393, 393, 393, 393, 395, 393, 392, 392, 392, 395, 392, 394, 394, 394,
    394, 391, 391, 392, 395, 394, 395, 393, 395, 391, 395, 395, 392, 393,
    395, 393, 395, 394, 392, 395, 394 ]
LHandPositionsY: [ 253, 253, 254, 257, 253, 256, 257, 253, 254, 254, 256,
    257, 257, 254, 253, 253, 254, 253, 256, 256, 253, 255, 254, 257, 256,
    254, 257, 254, 253, 253, 254, 257, 256, 256, 253, 254, 254, 256, 253,
    255, 254, 255, 253, 257, 254, 255, 257, 256, 254, 256, 256, 256, 256,
    255, 256, 255, 257, 253, 254, 255, 257, 257, 257, 254, 253, 256, 257,
    254, 256, 253, 257, 256, 254, 255, 257, 257, 254, 254, 257, 257, 257,
    254, 254, 253, 257, 255, 253, 253 ]
RHandPositionsX: [ 167, 170, 170, 170, 170, 168, 167, 167, 168, 167, 168,
    168, 167, 169, 171, 170, 169, 168, 171, 171, 168, 171, 171, 169, 169,
    168, 169, 176, 174, 171, 165, 162, 157, 152, 156, 159, 169, 182, 191,
    194, 191, 186, 181, 176, 177, 175, 177, 186, 193, 197, 190, 189, 182,
    179, 177, 181, 180, 183, 187, 191, 192, 195, 194, 188, 179, 175, 176,
    183, 189, 192, 192, 200, 199, 197, 194, 191, 186, 187, 188, 181, 177,
    177, 173, 171, 175, 171, 172, 175 ]
RHandPositionsY: [ 279, 276, 279, 276, 276, 278, 277, 277, 277, 279, 276,
    277, 277, 280, 280, 277, 278, 278, 276, 276, 278, 280, 279, 278, 279,
    277, 264, 247, 229, 208, 186, 170, 149, 135, 131, 114, 105, 110, 111,
    108, 105, 105, 99, 101, 101, 98, 96, 100, 101, 100, 101, 93, 94, 93,
    95, 92, 97, 101, 102, 102, 99, 101, 99, 100, 97, 94, 97, 98, 101,
    105, 110, 122, 134, 144, 160, 177, 193, 203, 205, 214, 220, 228, 232,
    244, 240, 244, 243, 249 ]
