%YAML:1.0
---
videoName: "RHShake00.mp4"
gestureLabel: 2
fps: 29
pixelSizeInCmTemp: 3.4710144927536229e-01
faceCenterPointX: 283
faceCenterPointY: 97
LHandPositionsX: [ 345, 345, 342, 344, 346, 343, 342, 346, 344, 346, 344,
    343, 346, 342, 342, 346, 346, 342, 343, 342, 344, 343, 343, 344, 346,
    342, 346, 344, 346, 346, 342, 344, 342, 342, 344, 342, 344, 345, 346,
    344, 343, 345, 342, 342, 345, 345, 346, 342, 343, 342, 345, 346, 346,
    346, 344, 346, 346, 342, 346, 342, 345, 346, 344, 345, 343, 345, 344,
    346, 346, 345, 343, 346, 344, 343, 344, 343, 342, 344, 343, 344, 342,
    344, 344, 346, 344, 342, 344, 346 ]
LHandPositionsY: [ 276, 274, 276, 272, 272, 272, 275, 275, 276, 276, 276,
    272, 272, 272, 276, 274, 273, 272, 274, 273, 276, 275, 273, 276, 273,
    272, 276, 274, 273, 275, 272, 272, 273, 273, 276, 272, 275, 276, 275,
    272, 275, 275, 276, 272, 275, 272, 272, 276, 273, 275, 274, 273, 275,
    272, 272, 273, 273, 275, 272, 275, 275, 272, 276, 275, 273, 275, 273,
    272, 273, 274, 276, 274, 272, 272, 275, 272, 276, 272, 275, 275, 272,
    272, 273, 272, 274, 275, 276, 273 ]
RHandPositionsX: [ 178, 175, 168, 153, 151, 148, 146, 144, 142, 141, 145,
    147, 149, 166, 165, 165, 170, 169, 163, 161, 151, 152, 147, 149, 153,
    165, 166, 168, 169, 165, 156, 148, 149, 148, 151, 156, 161, 164, 162,
    165, 161, 156, 147, 141, 140, 148, 151, 154, 152, 153, 158, 164, 159,
    149, 144, 144, 143, 150, 157, 162, 163, 163, 168, 164, 159, 153, 147,
    141, 143, 145, 151, 151, 156, 158, 165, 167, 172, 175, 176, 182, 186,
    188, 189, 190, 191, 193, 197, 196 ]
RHandPositionsY: [ 260, 252, 242, 217, 200, 187, 178, 169, 159, 149, 140,
    138, 132, 133, 140, 141, 135, 129, 125, 125, 120, 122, 119, 120, 125,
    135, 134, 134, 137, 130, 127, 127, 125, 122, 133, 137, 137, 138, 137,
    139, 139, 137, 134, 133, 128, 136, 134, 134, 137, 139, 138, 138, 133,
    132, 131, 129, 134, 129, 138, 145, 144, 144, 149, 148, 139, 136, 137,
    135, 140, 150, 154, 161, 169, 174, 184, 189, 198, 206, 215, 223, 230,
    234, 243, 246, 251, 258, 260, 264 ]
