%YAML:1.0
---
videoName: "RHShake22.mp4"
gestureLabel: 2
fps: 29
pixelSizeInCmTemp: 3.3263888888888887e-01
faceCenterPointX: 290
faceCenterPointY: 48
LHandPositionsX: [ 396, 394, 393, 393, 392, 396, 393, 394, 394, 395, 393,
    392, 393, 396, 395, 393, 393, 396, 392, 392, 393, 395, 396, 395, 394,
    396, 393, 392, 396, 396, 396, 392, 392, 396, 396, 392, 393, 394, 393,
    394, 396, 392, 394, 393, 394, 394, 396, 395, 393, 394, 392, 392, 393,
    396, 392, 392, 392, 395, 396, 394, 392, 395, 393, 395, 393, 396, 393,
    392, 396, 395, 396, 393, 394, 392, 393, 394, 392, 396, 396, 394, 393,
    396, 392, 394, 396, 396, 394, 395 ]
LHandPositionsY: [ 231, 232, 234, 233, 234, 231, 231, 232, 232, 231, 233,
    230, 232, 232, 231, 230, 234, 231, 234, 234, 230, 231, 231, 234, 231,
    232, 233, 233, 234, 232, 230, 231, 232, 231, 233, 233, 230, 233, 230,
    234, 233, 233, 234, 234, 230, 234, 233, 231, 231, 234, 233, 232, 234,
    233, 233, 230, 231, 230, 232, 230, 231, 231, 231, 231, 233, 230, 230,
    231, 234, 231, 232, 232, 231, 230, 232, 231, 231, 232, 234, 230, 234,
    234, 234, 232, 234, 233, 233, 232 ]
RHandPositionsX: [ 147, 136, 128, 132, 132, 136, 145, 157, 167, 163, 165,
    163, 163, 156, 152, 145, 145, 146, 148, 153, 160, 171, 171, 169, 170,
    166, 162, 156, 156, 153, 155, 158, 167, 172, 174, 171, 170, 171, 166,
    164, 158, 160, 161, 165, 172, 176, 174, 171, 171, 169, 160, 157, 156,
    154, 159, 165, 170, 178, 177, 177, 179, 171, 169, 162, 157, 152, 151,
    156, 168, 178, 177, 178, 182, 180, 182, 179, 182, 180, 182, 185, 189,
    192, 190, 190, 187, 187, 191, 189 ]
RHandPositionsY: [ 141, 115, 104, 102, 98, 93, 83, 83, 90, 91, 91, 89,
    84, 80, 79, 80, 80, 75, 77, 87, 88, 94, 99, 95, 95, 91, 84, 84, 85,
    82, 78, 89, 92, 97, 104, 98, 96, 90, 90, 88, 86, 85, 82, 89, 96, 101,
    102, 98, 96, 93, 91, 90, 86, 85, 87, 82, 88, 100, 101, 101, 97, 97,
    90, 93, 94, 94, 92, 88, 91, 105, 107, 112, 116, 119, 120, 127, 135,
    148, 157, 171, 182, 195, 201, 204, 214, 217, 223, 224 ]
