%YAML:1.0
---
videoName: "RHShake24.mp4"
gestureLabel: 2
fps: 30
pixelSizeInCmTemp: 3.3732394366197183e-01
faceCenterPointX: 304
faceCenterPointY: 46
LHandPositionsX: [ 393, 390, 393, 391, 390, 391, 392, 392, 393, 390, 391,
    393, 393, 389, 393, 392, 390, 392, 391, 392, 393, 389, 391, 393, 390,
    391, 392, 389, 393, 390, 393, 392, 391, 391, 389, 392, 389, 392, 392,
    390, 389, 390, 390, 389, 393, 392, 389, 393, 389, 391, 390, 390, 393,
    391, 393, 391, 392, 389, 390, 392, 390, 390, 391, 389, 393, 392, 392,
    392, 391, 392, 392, 389, 393, 391, 390, 392, 391, 393, 391, 391, 392,
    393, 390, 392, 390, 392, 393, 393, 392, 392, 393 ]
LHandPositionsY: [ 225, 228, 227, 229, 226, 228, 228, 227, 226, 225, 229,
    226, 225, 226, 225, 227, 225, 225, 227, 227, 225, 228, 229, 227, 225,
    225, 225, 226, 229, 226, 226, 226, 228, 226, 226, 225, 225, 227, 228,
    225, 229, 226, 225, 229, 229, 227, 225, 228, 227, 228, 226, 229, 228,
    226, 225, 225, 227, 227, 229, 226, 227, 229, 225, 226, 227, 227, 229,
    225, 225, 227, 226, 225, 229, 229, 225, 225, 226, 227, 226, 227, 229,
    229, 225, 225, 229, 227, 227, 229, 226, 228, 227 ]
RHandPositionsX: [ 140, 146, 148, 149, 153, 155, 155, 147, 145, 139, 136,
    135, 145, 153, 163, 163, 160, 160, 162, 157, 151, 146, 143, 140, 140,
    146, 159, 158, 159, 160, 157, 154, 151, 145, 141, 142, 146, 152, 155,
    159, 159, 161, 159, 155, 148, 144, 140, 142, 142, 151, 160, 166, 168,
    169, 169, 162, 158, 150, 149, 146, 150, 147, 152, 164, 166, 170, 172,
    172, 174, 179, 180, 179, 183, 185, 190, 192, 191, 191, 195, 191, 193,
    192, 192, 193, 195, 195, 192, 196, 195, 193, 197 ]
RHandPositionsY: [ 95, 101, 101, 97, 101, 98, 95, 89, 86, 89, 84, 85, 87,
    101, 109, 110, 110, 117, 108, 102, 99, 95, 95, 96, 91, 100, 108, 113,
    111, 114, 108, 100, 96, 97, 94, 91, 89, 98, 101, 108, 108, 111, 109,
    103, 101, 99, 98, 94, 96, 110, 121, 118, 120, 121, 120, 104, 103,
    102, 101, 100, 95, 95, 104, 113, 112, 117, 119, 122, 132, 140, 150,
    152, 152, 160, 168, 173, 180, 189, 197, 202, 212, 212, 210, 217, 219,
    217, 223, 221, 224, 225, 229 ]
