%YAML:1.0
---
videoName: "RHShake24.mp4"
gestureLabel: 2
fps: 30
pixelSizeInCmTemp: 3.3732394366197183e-01
faceCenterPointX: 304
faceCenterPointY: 46
LHandPositionsX: [ 389, 393, 393, 391, 391, 389, 393, 390, 392, 390, 392,
    392, 391, 393, 392, 391, 389, 390, 393, 391, 393, 390, 389, 393, 392,
    392, 391, 391, 392, 389, 391, 389, 393, 391, 393, 390, 389, 389, 392,
    393, 391, 390, 391, 392, 393, 393, 392, 392, 391, 393, 392, 393, 391,
    393, 390, 390, 389, 391, 389, 389, 393, 392, 390, 392, 392, 391, 393,
    392, 390, 393, 392, 393, 392, 390, 391, 390, 391, 389, 392, 393, 392,
    391, 392, 391, 392, 391, 389, 390, 391, 391, 391 ]
LHandPositionsY: [ 226, 226, 229, 227, 225, 228, 226, 225, 226, 227, 229,
    229, 226, 228, 228, 228, 226, 227, 226, 227, 227, 226, 228, 226, 229,
    226, 227, 225, 229, 225, 226, 226, 225, 226, 227, 229, 226, 226, 228,
    226, 226, 227, 227, 225, 229, 225, 225, 229, 228, 229, 229, 229, 228,
    227, 228, 226, 228, 225, 228, 225, 229, 225, 227, 229, 229, 226, 229,
    229, 227, 226, 228, 228, 229, 225, 225, 225, 227, 227, 227, 225, 228,
    226, 225, 227, 228, 226, 229, 226, 228, 226, 225 ]
RHandPositionsX: [ 143, 145, 148, 150, 154, 154, 151, 150, 146, 140, 138,
    136, 143, 152, 162, 160, 162, 160, 161, 158, 148, 146, 146, 140, 139,
    147, 157, 160, 161, 161, 154, 155, 148, 143, 142, 143, 145, 155, 157,
    157, 162, 161, 160, 153, 151, 142, 143, 140, 143, 149, 162, 165, 167,
    172, 170, 166, 156, 153, 153, 146, 146, 149, 151, 166, 168, 170, 171,
    172, 177, 179, 178, 183, 187, 188, 190, 193, 191, 193, 194, 195, 192,
    192, 194, 194, 194, 193, 195, 196, 195, 192, 197 ]
RHandPositionsY: [ 95, 103, 102, 101, 105, 100, 95, 89, 87, 86, 85, 84,
    87, 102, 112, 113, 114, 117, 105, 103, 95, 95, 97, 96, 94, 101, 109,
    112, 114, 112, 106, 101, 96, 98, 94, 94, 90, 98, 101, 108, 106, 113,
    110, 103, 99, 100, 98, 94, 93, 108, 121, 119, 120, 122, 117, 107,
    101, 102, 100, 101, 97, 95, 103, 110, 113, 117, 119, 122, 131, 140,
    150, 150, 152, 157, 166, 174, 180, 187, 194, 202, 209, 209, 214, 215,
    217, 217, 220, 225, 225, 227, 226 ]
