%YAML:1.0
---
videoName: "RHShake11.mp4"
gestureLabel: 2
fps: 29
pixelSizeInCmTemp: 3.3263888888888887e-01
faceCenterPointX: 274
faceCenterPointY: 53
LHandPositionsX: [ 310, 309, 307, 308, 311, 309, 309, 308, 309, 310, 310,
    311, 309, 309, 308, 308, 309, 309, 309, 307, 309, 310, 310, 311, 310,
    307, 307, 309, 310, 310, 308, 310, 309, 310, 309, 307, 310, 309, 311,
    307, 311, 309, 307, 307, 307, 310, 308, 307, 307, 311, 309, 308, 309,
    310, 310, 307, 309, 309, 311, 307, 309, 307, 307, 309, 309, 308, 311,
    307, 311, 309, 307, 307, 310, 309, 311, 306, 308, 308, 305, 307, 306,
    304, 304, 303, 303, 307, 306, 307 ]
LHandPositionsY: [ 249, 249, 249, 246, 245, 246, 248, 249, 246, 248, 246,
    246, 246, 249, 248, 248, 245, 246, 247, 248, 247, 247, 247, 247, 246,
    249, 247, 249, 246, 246, 249, 248, 248, 245, 245, 245, 246, 245, 246,
    245, 247, 248, 245, 248, 247, 246, 249, 245, 247, 245, 246, 246, 248,
    246, 248, 248, 249, 245, 245, 248, 246, 247, 245, 249, 247, 249, 249,
    248, 247, 247, 246, 243, 244, 245, 243, 246, 244, 247, 245, 244, 246,
    245, 246, 243, 244, 246, 244, 245 ]
RHandPositionsX: [ 251, 251, 249, 246, 238, 225, 211, 194, 174, 161, 145,
    138, 148, 143, 149, 157, 159, 164, 169, 173, 169, 162, 156, 152, 154,
    152, 159, 164, 166, 167, 166, 169, 164, 158, 157, 156, 153, 151, 156,
    169, 170, 167, 170, 170, 165, 161, 160, 157, 159, 156, 162, 170, 176,
    179, 178, 178, 174, 169, 165, 163, 159, 159, 162, 166, 170, 181, 195,
    208, 217, 231, 240, 249, 256, 257, 264, 260, 262, 259, 262, 262, 260,
    259, 260, 258, 260, 261, 261, 260 ]
RHandPositionsY: [ 246, 247, 248, 239, 229, 221, 207, 191, 175, 161, 143,
    129, 128, 115, 102, 103, 104, 105, 105, 100, 104, 102, 101, 97, 93,
    94, 95, 98, 103, 99, 101, 97, 98, 97, 93, 94, 94, 96, 98, 103, 103,
    106, 103, 105, 105, 105, 97, 100, 97, 100, 103, 107, 106, 108, 107,
    108, 104, 101, 100, 102, 99, 103, 102, 105, 118, 128, 141, 156, 175,
    190, 200, 210, 223, 230, 234, 236, 236, 236, 238, 241, 238, 238, 240,
    241, 241, 240, 239, 238 ]
