%YAML:1.0
---
videoName: "RHShake19.mp4"
gestureLabel: 2
fps: 29
pixelSizeInCmTemp: 3.2808219178082193e-01
faceCenterPointX: 283
faceCenterPointY: 48
LHandPositionsX: [ 388, 389, 389, 389, 389, 390, 391, 392, 391, 388, 390,
    388, 392, 392, 392, 388, 391, 388, 392, 389, 389, 390, 389, 391, 389,
    392, 391, 388, 389, 388, 392, 391, 388, 390, 390, 390, 390, 391, 391,
    392, 391, 391, 389, 392, 392, 391, 390, 392, 389, 391, 392, 392, 392,
    389, 389, 390, 390, 389, 388, 391, 392, 392, 389, 391, 391, 390, 388,
    390, 388, 389, 391, 389, 389, 392, 392, 388, 388, 389, 388, 392, 388,
    389, 388, 389, 390, 389, 392, 389 ]
LHandPositionsY: [ 244, 241, 241, 242, 242, 241, 242, 240, 244, 243, 241,
    243, 241, 242, 243, 243, 244, 241, 241, 242, 243, 240, 242, 241, 240,
    244, 244, 241, 242, 240, 240, 242, 244, 241, 241, 240, 242, 244, 240,
    243, 240, 240, 244, 240, 241, 243, 242, 240, 244, 242, 243, 242, 240,
    244, 242, 241, 242, 241, 240, 242, 244, 244, 244, 243, 240, 242, 242,
    241, 244, 243, 241, 241, 240, 242, 240, 241, 244, 240, 241, 243, 241,
    240, 242, 242, 242, 243, 240, 242 ]
RHandPositionsX: [ 157, 172, 183, 182, 187, 183, 178, 173, 166, 162, 162,
    164, 166, 178, 184, 183, 184, 177, 175, 172, 166, 158, 162, 164, 170,
    174, 175, 175, 171, 167, 160, 161, 159, 166, 170, 179, 180, 179, 181,
    173, 166, 163, 161, 161, 163, 166, 178, 180, 178, 184, 177, 176, 168,
    169, 167, 167, 171, 179, 179, 180, 183, 179, 174, 173, 168, 168, 169,
    174, 180, 184, 186, 187, 191, 189, 183, 185, 185, 184, 179, 182, 180,
    182, 182, 178, 178, 181, 181, 178 ]
RHandPositionsY: [ 88, 90, 93, 93, 95, 88, 87, 83, 78, 78, 73, 74, 80,
    85, 91, 89, 92, 82, 79, 79, 79, 78, 74, 75, 84, 92, 91, 90, 87, 86,
    86, 85, 82, 82, 84, 92, 94, 96, 94, 90, 90, 86, 88, 84, 83, 86, 91,
    96, 103, 103, 101, 95, 96, 94, 94, 96, 98, 106, 108, 108, 107, 99,
    100, 97, 99, 97, 111, 126, 136, 150, 164, 173, 189, 193, 199, 208,
    218, 224, 229, 236, 236, 237, 240, 239, 241, 243, 240, 239 ]
