%YAML:1.0
---
videoName: "RHShake19.mp4"
gestureLabel: 2
fps: 29
pixelSizeInCmTemp: 3.2808219178082193e-01
faceCenterPointX: 283
faceCenterPointY: 48
LHandPositionsX: [ 389, 389, 388, 389, 391, 388, 388, 389, 392, 390, 388,
    391, 389, 391, 388, 389, 389, 390, 392, 389, 388, 392, 391, 388, 392,
    388, 391, 388, 391, 390, 391, 389, 389, 392, 392, 388, 392, 392, 390,
    388, 390, 389, 392, 392, 392, 391, 392, 390, 389, 391, 390, 390, 392,
    390, 390, 391, 390, 391, 388, 388, 391, 392, 389, 389, 389, 391, 388,
    390, 391, 389, 392, 389, 391, 392, 391, 391, 389, 391, 388, 390, 389,
    392, 388, 391, 390, 391, 392, 389 ]
LHandPositionsY: [ 242, 242, 241, 241, 241, 241, 244, 243, 244, 240, 242,
    242, 242, 241, 242, 242, 244, 240, 243, 242, 240, 243, 244, 240, 240,
    242, 240, 244, 240, 243, 240, 242, 240, 240, 240, 243, 244, 241, 243,
    240, 240, 244, 244, 244, 243, 242, 243, 243, 244, 243, 242, 241, 242,
    244, 242, 240, 241, 240, 243, 244, 243, 241, 240, 240, 243, 243, 244,
    244, 242, 244, 242, 242, 242, 242, 244, 242, 241, 243, 242, 244, 242,
    244, 240, 242, 240, 242, 240, 240 ]
RHandPositionsX: [ 158, 175, 183, 181, 185, 183, 174, 171, 168, 161, 161,
    164, 165, 179, 182, 185, 186, 176, 177, 170, 165, 161, 162, 166, 169,
    177, 174, 171, 170, 166, 162, 158, 157, 163, 169, 179, 180, 178, 178,
    173, 169, 164, 161, 161, 163, 169, 176, 181, 179, 186, 179, 173, 170,
    167, 165, 167, 171, 181, 178, 179, 179, 181, 175, 174, 166, 168, 171,
    177, 177, 185, 186, 190, 188, 187, 187, 186, 182, 181, 181, 180, 180,
    181, 182, 178, 179, 180, 180, 181 ]
RHandPositionsY: [ 91, 93, 97, 93, 91, 92, 86, 82, 76, 79, 75, 72, 79,
    84, 88, 89, 91, 83, 79, 76, 75, 76, 74, 76, 83, 90, 93, 89, 90, 86,
    85, 84, 79, 85, 85, 91, 97, 96, 96, 93, 88, 85, 87, 86, 84, 86, 93,
    97, 99, 103, 101, 95, 98, 94, 97, 94, 100, 103, 105, 110, 105, 102,
    102, 101, 101, 98, 110, 124, 136, 152, 164, 176, 187, 191, 201, 211,
    218, 224, 232, 235, 235, 236, 237, 243, 241, 241, 239, 243 ]
