%YAML:1.0
---
videoName: "RHShake08.mp4"
gestureLabel: 2
fps: 29
pixelSizeInCmTemp: 3.2808219178082193e-01
faceCenterPointX: 290
faceCenterPointY: 45
LHandPositionsX: [ 316, 315, 313, 315, 313, 315, 312, 316, 315, 311, 310,
    310, 309, 309, 308, 311, 307, 310, 306, 309, 309, 310, 308, 306, 307,
    310, 307, 310, 306, 308, 310, 310, 306, 310, 309, 309, 307, 307, 307,
    307, 309, 306, 310, 306, 308, 310, 309, 307, 307, 308, 308, 306, 308,
    308, 307, 308, 307, 309, 309, 305, 308, 307, 307, 306, 306, 307, 309,
    305, 306, 309, 308, 308, 309, 305, 309, 307, 308, 308, 307, 307, 306,
    306, 310, 309, 307, 311, 310, 307 ]
LHandPositionsY: [ 281, 281, 279, 281, 282, 281, 280, 281, 283, 283, 281,
    283, 283, 285, 285, 281, 285, 283, 281, 282, 285, 282, 285, 284, 283,
    283, 284, 283, 284, 284, 285, 284, 282, 282, 281, 281, 283, 285, 284,
    283, 283, 282, 281, 281, 284, 283, 283, 282, 282, 280, 281, 280, 280,
    283, 281, 282, 280, 282, 281, 282, 281, 280, 280, 281, 281, 283, 280,
    284, 284, 280, 282, 280, 280, 283, 282, 283, 282, 282, 282, 283, 283,
    284, 282, 283, 280, 283, 284, 282 ]
RHandPositionsX: [ 269, 268, 271, 269, 270, 272, 273, 278, 268, 259, 257,
    257, 250, 234, 222, 203, 185, 165, 157, 159, 164, 176, 198, 196, 206,
    200, 192, 191, 184, 177, 191, 189, 206, 201, 195, 193, 185, 180, 179,
    179, 193, 192, 187, 184, 182, 178, 175, 175, 175, 182, 186, 188, 190,
    189, 191, 190, 189, 202, 203, 216, 212, 208, 202, 197, 198, 196, 204,
    206, 213, 210, 213, 215, 223, 227, 242, 249, 253, 265, 261, 266, 265,
    268, 269, 269, 272, 276, 272, 272 ]
RHandPositionsY: [ 267, 268, 266, 269, 270, 267, 269, 270, 264, 264, 256,
    242, 231, 217, 203, 184, 175, 153, 130, 129, 115, 110, 105, 106, 111,
    106, 101, 96, 93, 93, 91, 92, 97, 93, 95, 88, 88, 88, 87, 87, 91, 94,
    93, 93, 90, 87, 88, 87, 87, 94, 94, 96, 99, 98, 93, 90, 90, 92, 98,
    95, 102, 99, 94, 91, 92, 95, 95, 102, 106, 109, 113, 127, 131, 145,
    157, 176, 192, 217, 226, 245, 260, 262, 258, 258, 260, 264, 263, 265 ]
