%YAML:1.0
---
videoName: "RHShake15.mp4"
gestureLabel: 2
fps: 29
pixelSizeInCmTemp: 3.2808219178082193e-01
faceCenterPointX: 279
faceCenterPointY: 41
LHandPositionsX: [ 369, 372, 371, 371, 372, 368, 371, 371, 372, 372, 370,
    372, 368, 369, 368, 370, 370, 370, 369, 370, 371, 368, 370, 370, 370,
    372, 371, 368, 371, 372, 371, 368, 369, 371, 368, 370, 369, 368, 368,
    371, 369, 371, 368, 370, 369, 368, 371, 371, 369, 370, 371, 372, 372,
    372, 370, 370, 368, 369, 368, 372, 372, 368, 371, 372, 372, 370, 372,
    368, 368, 368, 368, 371, 368, 372, 371, 372, 368, 371, 369, 368, 369,
    371, 370, 372, 371, 371, 372, 368 ]
LHandPositionsY: [ 234, 234, 235, 234, 235, 235, 235, 234, 233, 236, 236,
    234, 234, 236, 235, 235, 234, 233, 236, 235, 236, 232, 234, 232, 234,
    232, 235, 235, 235, 235, 235, 233, 236, 234, 235, 236, 235, 236, 232,
    232, 234, 232, 233, 233, 231, 232, 234, 233, 235, 233, 235, 235, 232,
    232, 234, 235, 233, 234, 234, 232, 233, 235, 235, 232, 235, 231, 234,
    233, 232, 234, 233, 234, 235, 231, 232, 234, 233, 232, 232, 232, 235,
    231, 232, 234, 234, 233, 234, 235 ]
RHandPositionsX: [ 138, 124, 115, 112, 113, 108, 106, 106, 108, 112, 112,
    114, 115, 113, 108, 111, 111, 109, 107, 110, 113, 117, 115, 112, 108,
    105, 110, 107, 106, 107, 116, 116, 117, 114, 115, 113, 107, 111, 114,
    113, 109, 111, 114, 118, 121, 120, 122, 124, 122, 120, 120, 124, 125,
    126, 123, 128, 126, 125, 123, 121, 119, 122, 131, 135, 137, 141, 137,
    136, 139, 144, 146, 148, 150, 154, 158, 154, 158, 156, 160, 159, 161,
    159, 158, 157, 160, 157, 161, 158 ]
RHandPositionsY: [ 191, 173, 156, 143, 143, 139, 131, 128, 120, 113, 111,
    108, 105, 98, 97, 97, 97, 94, 91, 94, 93, 91, 91, 91, 94, 92, 96, 95,
    92, 97, 97, 106, 105, 101, 102, 101, 103, 102, 103, 102, 107, 105,
    112, 110, 110, 107, 105, 105, 105, 106, 104, 107, 109, 114, 117, 115,
    109, 110, 111, 113, 110, 119, 127, 137, 148, 165, 174, 183, 191, 199,
    208, 219, 229, 237, 238, 239, 246, 244, 246, 247, 247, 245, 245, 245,
    246, 249, 246, 245 ]
