%YAML:1.0
---
videoName: "RHShake08.mp4"
gestureLabel: 2
fps: 29
pixelSizeInCmTemp: 3.2808219178082193e-01
faceCenterPointX: 290
faceCenterPointY: 45
LHandPositionsX: [ 316, 313, 314, 314, 313, 317, 315, 312, 315, 309, 308,
    313, 310, 312, 308, 310, 311, 307, 310, 307, 306, 308, 307, 307, 309,
    307, 309, 306, 308, 308, 309, 308, 310, 307, 311, 307, 308, 309, 308,
    306, 307, 306, 309, 309, 308, 308, 309, 306, 309, 306, 305, 305, 309,
    305, 309, 309, 309, 305, 307, 308, 309, 306, 305, 307, 307, 305, 308,
    308, 309, 309, 306, 307, 308, 309, 308, 306, 305, 306, 305, 306, 309,
    308, 308, 310, 311, 309, 307, 310 ]
LHandPositionsY: [ 278, 281, 283, 283, 282, 281, 280, 284, 281, 281, 283,
    282, 281, 281, 282, 281, 282, 284, 284, 281, 285, 281, 285, 284, 283,
    285, 283, 283, 285, 284, 285, 282, 282, 284, 281, 285, 284, 285, 282,
    284, 283, 281, 284, 282, 283, 284, 283, 280, 284, 280, 282, 281, 282,
    283, 281, 283, 281, 281, 284, 280, 283, 281, 281, 282, 284, 284, 284,
    281, 283, 282, 280, 281, 280, 284, 284, 281, 281, 283, 281, 284, 281,
    282, 281, 280, 280, 280, 280, 282 ]
RHandPositionsX: [ 268, 269, 271, 271, 272, 271, 274, 278, 268, 259, 257,
    254, 251, 238, 222, 199, 186, 162, 158, 160, 167, 172, 198, 197, 205,
    202, 196, 188, 182, 181, 187, 189, 203, 199, 194, 193, 185, 183, 177,
    180, 191, 192, 186, 184, 182, 177, 175, 175, 174, 184, 187, 186, 193,
    188, 191, 188, 187, 201, 206, 217, 212, 204, 203, 198, 197, 193, 203,
    207, 217, 211, 211, 218, 223, 229, 239, 247, 252, 265, 260, 266, 265,
    266, 269, 269, 274, 275, 274, 269 ]
RHandPositionsY: [ 270, 270, 270, 270, 269, 270, 266, 267, 268, 261, 253,
    243, 232, 216, 201, 185, 174, 150, 132, 130, 114, 109, 107, 108, 111,
    105, 100, 93, 94, 91, 92, 94, 94, 95, 95, 89, 87, 89, 87, 87, 93, 93,
    93, 90, 89, 86, 86, 87, 89, 94, 95, 95, 97, 98, 92, 91, 93, 95, 98,
    96, 99, 101, 97, 95, 93, 93, 94, 101, 103, 109, 112, 126, 131, 141,
    159, 176, 195, 214, 230, 244, 256, 258, 259, 259, 264, 262, 264, 266 ]
