%YAML:1.0
---
videoName: "RHShake05.mp4"
gestureLabel: 2
fps: 30
pixelSizeInCmTemp: 3.1103896103896100e-01
faceCenterPointX: 295
faceCenterPointY: 47
LHandPositionsX: [ 410, 408, 408, 410, 412, 411, 411, 409, 408, 408, 408,
    412, 411, 411, 409, 408, 409, 412, 408, 410, 408, 411, 408, 409, 408,
    408, 409, 411, 411, 410, 410, 408, 410, 410, 411, 408, 409, 408, 408,
    409, 410, 410, 409, 411, 411, 408, 412, 410, 412, 411, 411, 411, 408,
    410, 412, 408, 411, 410, 412, 408, 409, 412, 408, 411, 409, 408, 408,
    412, 411, 410, 408, 411, 410, 410, 412, 409, 410, 411, 411, 410, 409,
    412, 410, 411, 411, 408, 408, 408, 409, 411, 412 ]
LHandPositionsY: [ 260, 261, 259, 258, 258, 257, 261, 257, 258, 260, 260,
    257, 261, 260, 261, 257, 260, 261, 258, 257, 257, 258, 261, 260, 259,
    258, 259, 261, 257, 258, 261, 259, 259, 260, 261, 259, 260, 258, 260,
    259, 258, 257, 260, 259, 260, 259, 261, 261, 261, 260, 257, 258, 261,
    260, 260, 258, 259, 260, 261, 259, 257, 259, 260, 260, 260, 260, 259,
    258, 259, 259, 258, 258, 259, 261, 259, 260, 259, 259, 258, 257, 260,
    261, 259, 260, 259, 258, 259, 258, 261, 261, 259 ]
RHandPositionsX: [ 175, 177, 173, 175, 174, 176, 175, 177, 175, 174, 175,
    173, 172, 174, 172, 174, 174, 172, 174, 172, 174, 171, 174, 178, 173,
    177, 179, 178, 175, 166, 152, 156, 152, 158, 162, 176, 191, 197, 188,
    182, 177, 173, 168, 167, 178, 178, 191, 182, 178, 173, 172, 166, 170,
    172, 180, 191, 186, 179, 175, 172, 166, 170, 174, 188, 192, 194, 184,
    181, 177, 179, 183, 178, 191, 194, 196, 188, 184, 175, 172, 174, 171,
    178, 182, 183, 188, 188, 185, 178, 179, 176, 176 ]
RHandPositionsY: [ 262, 260, 258, 259, 260, 261, 258, 258, 259, 262, 258,
    258, 260, 260, 258, 262, 258, 261, 260, 262, 261, 262, 260, 258, 259,
    251, 231, 206, 179, 156, 130, 130, 106, 94, 87, 89, 94, 93, 91, 87,
    84, 79, 78, 81, 84, 87, 83, 83, 77, 76, 75, 74, 77, 83, 84, 90, 87,
    83, 85, 84, 82, 82, 90, 94, 94, 91, 90, 84, 82, 82, 83, 85, 87, 93,
    90, 89, 90, 87, 85, 91, 113, 132, 156, 182, 206, 222, 224, 236, 244,
    250, 248 ]
