%YAML:1.0
---
videoName: "RHShake04.mp4"
gestureLabel: 2
fps: 29
pixelSizeInCmTemp: 3.1513157894736843e-01
faceCenterPointX: 292
faceCenterPointY: 47
LHandPositionsX: [ 409, 411, 410, 409, 410, 412, 411, 412, 412, 410, 410,
    412, 411, 409, 408, 411, 408, 409, 408, 411, 407, 408, 409, 406, 409,
    409, 409, 407, 406, 406, 408, 407, 405, 408, 407, 408, 406, 405, 409,
    408, 409, 409, 405, 406, 407, 408, 409, 407, 409, 407, 405, 409, 409,
    406, 405, 406, 408, 407, 408, 406, 407, 407, 403, 403, 405, 404, 404,
    406, 402, 406, 404, 402, 406, 403, 404, 402, 402, 405, 403, 401, 403,
    403, 405, 405, 405, 404, 401, 403 ]
LHandPositionsY: [ 263, 262, 266, 264, 263, 262, 263, 262, 263, 262, 264,
    262, 265, 262, 265, 262, 261, 263, 262, 261, 261, 263, 264, 263, 260,
    263, 260, 263, 264, 261, 263, 260, 261, 261, 262, 264, 261, 264, 263,
    264, 264, 264, 264, 261, 260, 261, 262, 263, 260, 260, 262, 263, 264,
    263, 264, 261, 261, 262, 262, 262, 262, 261, 262, 259, 263, 260, 262,
    261, 261, 262, 262, 261, 258, 258, 261, 260, 259, 260, 258, 261, 260,
    259, 260, 260, 257, 261, 260, 257 ]
RHandPositionsX: [ 180, 182, 180, 180, 180, 180, 182, 179, 178, 181, 178,
    181, 180, 181, 178, 179, 179, 176, 177, 176, 178, 179, 176, 180, 179,
    177, 169, 164, 162, 162, 165, 165, 179, 189, 193, 192, 186, 179, 173,
    168, 167, 168, 174, 173, 178, 179, 183, 172, 169, 165, 168, 170, 176,
    180, 181, 176, 177, 169, 170, 169, 172, 174, 180, 184, 192, 188, 183,
    180, 173, 174, 168, 169, 171, 175, 185, 190, 192, 191, 188, 186, 186,
    187, 187, 180, 177, 176, 175, 174 ]
RHandPositionsY: [ 267, 264, 265, 267, 265, 264, 263, 266, 265, 266, 265,
    265, 266, 267, 269, 270, 269, 267, 267, 267, 271, 273, 265, 247, 225,
    193, 169, 146, 126, 121, 117, 103, 100, 101, 105, 101, 99, 95, 94,
    92, 91, 90, 94, 96, 96, 97, 93, 94, 96, 93, 92, 97, 100, 96, 100, 95,
    97, 93, 95, 92, 90, 94, 99, 97, 94, 97, 97, 97, 93, 95, 93, 94, 102,
    107, 120, 130, 141, 150, 163, 181, 195, 209, 225, 227, 234, 247, 250,
    249 ]
