%YAML:1.0
---
videoName: "RHShake24.mp4"
gestureLabel: 2
fps: 30
pixelSizeInCmTemp: 3.3732394366197183e-01
faceCenterPointX: 304
faceCenterPointY: 46
LHandPositionsX: [ 391, 389, 391, 390, 389, 392, 392, 390, 392, 393, 392,
    392, 392, 389, 391, 389, 389, 390, 391, 392, 392, 393, 389, 391, 393,
    389, 393, 389, 391, 391, 391, 393, 391, 389, 390, 393, 391, 390, 392,
    389, 389, 391, 391, 390, 391, 390, 392, 393, 392, 389, 389, 393, 392,
    389, 391, 389, 391, 391, 392, 389, 391, 391, 393, 389, 392, 389, 392,
    390, 389, 389, 389, 392, 393, 393, 389, 390, 389, 393, 390, 390, 392,
    389, 389, 391, 391, 393, 393, 390, 389, 390, 393 ]
LHandPositionsY: [ 226, 228, 229, 227, 228, 225, 227, 228, 226, 227, 229,
    226, 225, 229, 227, 228, 228, 229, 226, 229, 225, 227, 227, 225, 226,
    227, 229, 228, 228, 227, 227, 225, 225, 228, 228, 225, 229, 228, 227,
    225, 228, 225, 229, 228, 229, 226, 229, 227, 225, 226, 227, 225, 225,
    226, 229, 225, 228, 225, 229, 226, 229, 227, 227, 228, 229, 229, 229,
    228, 227, 229, 227, 225, 229, 226, 227, 226, 226, 225, 229, 225, 229,
    227, 229, 227, 229, 225, 228, 225, 229, 228, 229 ]
RHandPositionsX: [ 141, 146, 150, 152, 157, 157, 152, 148, 145, 141, 138,
    135, 141, 155, 162, 160, 161, 164, 161, 154, 150, 146, 145, 143, 141,
    149, 157, 158, 159, 160, 155, 157, 150, 143, 140, 145, 148, 153, 156,
    158, 160, 165, 158, 157, 148, 144, 140, 144, 143, 149, 161, 165, 164,
    173, 167, 166, 157, 153, 149, 145, 149, 148, 154, 163, 166, 166, 170,
    170, 174, 179, 179, 180, 184, 188, 190, 191, 194, 195, 194, 191, 195,
    192, 193, 192, 196, 196, 195, 196, 192, 193, 197 ]
RHandPositionsY: [ 97, 101, 102, 99, 104, 99, 91, 90, 88, 86, 86, 86, 88,
    99, 108, 113, 113, 113, 106, 99, 97, 98, 94, 93, 94, 98, 109, 110,
    110, 114, 105, 100, 99, 95, 96, 92, 89, 98, 103, 106, 107, 113, 109,
    103, 102, 101, 99, 96, 96, 109, 120, 120, 122, 120, 121, 103, 102,
    103, 102, 99, 97, 97, 102, 111, 116, 117, 122, 120, 130, 141, 150,
    152, 149, 156, 168, 173, 176, 187, 194, 205, 209, 212, 214, 217, 219,
    221, 220, 221, 227, 225, 229 ]
