%YAML:1.0
---
videoName: "RHShake10.mp4"
gestureLabel: 2
fps: 29
pixelSizeInCmTemp: 3.1933333333333330e-01
faceCenterPointX: 295
faceCenterPointY: 45
LHandPositionsX: [ 338, 339, 341, 339, 341, 337, 337, 335, 332, 330, 334,
    332, 331, 327, 329, 324, 327, 328, 326, 330, 330, 330, 328, 329, 327,
    327, 330, 330, 327, 330, 327, 328, 327, 330, 328, 328, 329, 327, 330,
    328, 327, 329, 327, 326, 330, 330, 328, 327, 328, 328, 327, 326, 330,
    326, 328, 328, 328, 330, 330, 329, 329, 328, 326, 330, 329, 328, 326,
    330, 329, 330, 327, 327, 329, 326, 329, 330, 327, 328, 329, 331, 332,
    330, 328, 328, 327, 331, 331, 326 ]
LHandPositionsY: [ 262, 268, 268, 268, 264, 269, 267, 268, 271, 271, 271,
    272, 271, 273, 272, 273, 272, 271, 271, 271, 270, 274, 273, 274, 274,
    272, 271, 271, 270, 269, 269, 273, 273, 270, 269, 269, 271, 271, 271,
    271, 268, 271, 270, 268, 269, 270, 271, 271, 269, 268, 268, 271, 271,
    269, 271, 272, 269, 271, 269, 271, 269, 268, 268, 272, 271, 269, 271,
    268, 268, 269, 271, 270, 268, 271, 267, 267, 268, 267, 268, 267, 271,
    268, 267, 271, 272, 271, 268, 273 ]
RHandPositionsX: [ 259, 261, 263, 259, 259, 263, 261, 260, 261, 260, 262,
    258, 257, 259, 262, 262, 259, 254, 261, 249, 241, 221, 203, 185, 166,
    156, 137, 137, 135, 135, 145, 153, 152, 164, 165, 161, 161, 160, 162,
    160, 163, 171, 177, 179, 176, 178, 170, 169, 173, 171, 176, 186, 192,
    196, 192, 182, 180, 179, 177, 180, 180, 187, 190, 195, 190, 181, 179,
    176, 175, 180, 178, 190, 196, 203, 212, 218, 226, 229, 237, 243, 252,
    253, 249, 258, 262, 259, 259, 260 ]
RHandPositionsY: [ 264, 267, 267, 267, 265, 265, 265, 263, 264, 266, 264,
    269, 265, 265, 265, 266, 268, 267, 265, 257, 243, 227, 209, 191, 170,
    150, 131, 117, 112, 97, 88, 88, 90, 87, 84, 82, 79, 78, 77, 77, 79,
    81, 88, 83, 84, 80, 76, 75, 77, 79, 86, 88, 88, 93, 87, 82, 80, 85,
    82, 83, 91, 95, 93, 93, 91, 90, 82, 84, 82, 88, 95, 105, 125, 144,
    160, 177, 198, 215, 228, 246, 257, 257, 258, 261, 265, 264, 269, 267 ]
