%YAML:1.0
---
videoName: "RHShake01.mp4"
gestureLabel: 2
fps: 29
pixelSizeInCmTemp: 3.1513157894736843e-01
faceCenterPointX: 292
faceCenterPointY: 51
LHandPositionsX: [ 395, 393, 396, 393, 396, 396, 395, 393, 394, 392, 394,
    393, 395, 393, 395, 394, 391, 395, 394, 392, 394, 392, 392, 394, 394,
    391, 395, 395, 394, 394, 394, 395, 392, 391, 395, 395, 395, 392, 394,
    392, 393, 394, 395, 395, 395, 392, 393, 391, 395, 395, 391, 393, 393,
    394, 395, 393, 393, 394, 393, 394, 391, 392, 393, 394, 391, 394, 393,
    394, 392, 392, 392, 394, 395, 394, 394, 395, 395, 394, 394, 392, 392,
    394, 395, 394, 395, 391, 392, 395 ]
LHandPositionsY: [ 253, 256, 255, 257, 255, 257, 255, 256, 257, 253, 254,
    255, 255, 256, 256, 255, 256, 257, 256, 255, 255, 253, 255, 256, 253,
    256, 254, 256, 254, 255, 254, 253, 257, 257, 254, 255, 254, 253, 256,
    257, 256, 254, 254, 257, 257, 254, 256, 253, 255, 254, 257, 253, 257,
    253, 256, 257, 256, 255, 257, 255, 255, 257, 257, 256, 257, 256, 256,
    256, 253, 257, 253, 253, 253, 256, 256, 255, 255, 253, 253, 255, 257,
    254, 255, 256, 255, 257, 257, 253 ]
RHandPositionsX: [ 171, 170, 167, 167, 168, 170, 167, 171, 168, 170, 168,
    168, 169, 169, 170, 167, 167, 168, 170, 167, 171, 172, 171, 169, 172,
    171, 172, 177, 173, 168, 165, 160, 155, 151, 159, 162, 172, 181, 192,
    190, 193, 187, 181, 175, 178, 174, 176, 185, 197, 194, 188, 191, 185,
    180, 176, 181, 176, 185, 184, 195, 192, 195, 195, 188, 180, 179, 175,
    181, 189, 191, 196, 199, 197, 195, 194, 188, 187, 189, 188, 181, 176,
    178, 173, 173, 173, 173, 176, 173 ]
RHandPositionsY: [ 279, 277, 277, 280, 279, 278, 276, 279, 276, 280, 279,
    277, 279, 278, 278, 279, 279, 276, 280, 279, 277, 279, 278, 276, 277,
    275, 268, 246, 226, 208, 189, 168, 151, 132, 131, 115, 107, 106, 109,
    108, 109, 106, 101, 97, 100, 99, 98, 100, 101, 99, 100, 93, 93, 91,
    93, 90, 94, 101, 101, 101, 100, 100, 98, 97, 96, 95, 98, 98, 104,
    107, 111, 122, 136, 144, 161, 178, 189, 205, 204, 213, 221, 229, 233,
    242, 242, 244, 242, 248 ]
