%YAML:1.0
---
videoName: "RHShake14.mp4"
gestureLabel: 2
fps: 30
pixelSizeInCmTemp: 3.2808219178082193e-01
faceCenterPointX: 277
faceCenterPointY: 42
LHandPositionsX: [ 377, 376, 375, 378, 375, 377, 378, 378, 376, 376, 378,
    376, 376, 376, 375, 375, 376, 377, 372, 372, 376, 373, 372, 373, 375,
    373, 376, 374, 374, 375, 375, 374, 375, 372, 376, 376, 374, 373, 374,
    374, 376, 376, 372, 376, 375, 373, 375, 376, 373, 376, 376, 373, 375,
    376, 374, 373, 375, 375, 372, 374, 375, 375, 372, 372, 373, 376, 374,
    376, 373, 373, 375, 376, 376, 376, 373, 374, 374, 374, 373, 374, 374,
    376, 372, 374, 375, 376, 372, 372, 373, 372, 374 ]
LHandPositionsY: [ 230, 229, 231, 231, 233, 231, 229, 229, 231, 232, 230,
    230, 230, 233, 231, 231, 229, 231, 229, 231, 230, 229, 232, 233, 229,
    232, 232, 233, 232, 231, 231, 233, 229, 233, 231, 232, 232, 229, 229,
    233, 231, 232, 231, 232, 231, 229, 229, 229, 231, 230, 229, 229, 231,
    230, 231, 233, 229, 232, 233, 230, 231, 230, 232, 229, 232, 229, 232,
    231, 231, 232, 231, 229, 229, 230, 230, 232, 233, 233, 233, 230, 229,
    233, 231, 230, 229, 229, 230, 231, 233, 230, 229 ]
RHandPositionsX: [ 170, 170, 173, 170, 172, 170, 172, 173, 170, 174, 174,
    174, 171, 170, 174, 174, 172, 172, 174, 170, 172, 173, 171, 171, 173,
    171, 167, 169, 161, 151, 137, 127, 125, 115, 118, 121, 129, 132, 137,
    137, 141, 146, 145, 142, 145, 147, 148, 154, 158, 163, 158, 158, 152,
    151, 156, 158, 160, 166, 167, 162, 159, 157, 158, 155, 157, 164, 166,
    171, 175, 175, 176, 177, 178, 178, 172, 170, 176, 177, 173, 172, 172,
    171, 173, 173, 170, 174, 171, 173, 171, 170, 174 ]
RHandPositionsY: [ 239, 242, 239, 241, 241, 239, 243, 240, 242, 242, 241,
    243, 240, 239, 241, 241, 241, 239, 241, 243, 240, 240, 242, 241, 240,
    243, 246, 233, 215, 193, 173, 155, 136, 117, 116, 108, 102, 110, 112,
    114, 118, 104, 96, 91, 89, 87, 86, 86, 82, 81, 81, 79, 75, 75, 77,
    74, 80, 80, 81, 80, 76, 77, 74, 78, 80, 82, 86, 107, 122, 133, 146,
    157, 171, 181, 192, 193, 198, 205, 214, 216, 217, 222, 223, 226, 236,
    233, 233, 236, 236, 234, 235 ]
