%YAML:1.0
---
videoName: "RHShake07.mp4"
gestureLabel: 2
fps: 29
pixelSizeInCmTemp: 3.2364864864864862e-01
faceCenterPointX: 292
faceCenterPointY: 44
LHandPositionsX: [ 308, 307, 309, 308, 310, 310, 309, 306, 310, 309, 310,
    311, 311, 308, 309, 311, 311, 311, 310, 314, 313, 314, 311, 310, 313,
    313, 313, 314, 314, 311, 313, 312, 312, 315, 312, 314, 314, 315, 315,
    315, 312, 315, 315, 315, 312, 315, 316, 313, 315, 315, 313, 314, 315,
    313, 313, 313, 315, 315, 314, 315, 316, 316, 313, 312, 312, 315, 316,
    315, 315, 312, 315, 315, 313, 314, 314, 316, 314, 315, 313, 311, 309,
    308, 309, 310, 310, 311, 311, 312 ]
LHandPositionsY: [ 271, 269, 269, 267, 267, 270, 268, 271, 270, 273, 273,
    269, 272, 272, 271, 272, 269, 267, 271, 269, 269, 271, 267, 271, 268,
    269, 271, 270, 271, 267, 271, 268, 271, 270, 271, 268, 269, 269, 270,
    270, 268, 270, 267, 270, 268, 268, 271, 268, 271, 267, 267, 270, 267,
    269, 267, 267, 269, 267, 267, 269, 267, 268, 267, 268, 267, 269, 271,
    271, 267, 268, 269, 270, 270, 266, 267, 269, 269, 268, 268, 271, 269,
    271, 273, 271, 271, 272, 272, 275 ]
RHandPositionsX: [ 267, 263, 266, 263, 267, 266, 263, 267, 262, 270, 269,
    261, 256, 235, 215, 198, 178, 163, 155, 154, 160, 152, 158, 159, 161,
    178, 190, 183, 175, 169, 166, 165, 180, 182, 186, 188, 182, 177, 171,
    170, 173, 173, 180, 182, 187, 183, 176, 171, 165, 164, 167, 185, 185,
    201, 195, 187, 181, 175, 172, 171, 166, 167, 172, 172, 175, 181, 180,
    173, 172, 169, 160, 170, 180, 196, 215, 228, 242, 258, 270, 279, 271,
    271, 270, 263, 262, 265, 264, 264 ]
RHandPositionsY: [ 253, 255, 253, 253, 254, 253, 252, 253, 254, 254, 251,
    244, 232, 218, 203, 183, 166, 155, 135, 131, 124, 115, 121, 127, 125,
    113, 105, 100, 93, 93, 87, 90, 106, 103, 103, 96, 97, 93, 93, 89, 91,
    92, 96, 98, 95, 98, 96, 91, 92, 88, 84, 90, 96, 102, 101, 96, 94, 90,
    89, 89, 87, 89, 92, 93, 91, 94, 89, 86, 88, 88, 94, 120, 137, 151,
    164, 187, 207, 229, 238, 243, 242, 249, 253, 253, 253, 256, 253, 258 ]
