%YAML:1.0
---
videoName: "RHShake18.mp4"
gestureLabel: 2
fps: 30
pixelSizeInCmTemp: 3.3732394366197183e-01
faceCenterPointX: 275
faceCenterPointY: 40
LHandPositionsX: [ 376, 377, 375, 375, 378, 377, 378, 376, 378, 376, 376,
    379, 377, 377, 376, 378, 378, 379, 378, 377, 375, 377, 378, 379, 379,
    378, 375, 375, 375, 375, 376, 379, 375, 376, 378, 379, 376, 379, 377,
    379, 376, 378, 379, 377, 375, 375, 378, 374, 375, 373, 372, 368, 367,
    359, 351, 349, 340, 332, 323, 317, 303, 300, 302, 299, 298, 290, 287,
    290, 293, 298, 293, 291, 290, 290, 289, 293, 288, 292, 288, 287, 291,
    288, 287, 286, 287, 289, 287, 285, 286, 287, 287 ]
LHandPositionsY: [ 233, 231, 231, 233, 230, 230, 230, 230, 233, 229, 230,
    233, 233, 230, 232, 233, 233, 231, 231, 233, 230, 232, 232, 233, 230,
    232, 230, 231, 232, 232, 230, 229, 231, 229, 231, 229, 231, 233, 231,
    232, 230, 229, 232, 231, 230, 229, 229, 232, 231, 229, 233, 236, 237,
    237, 238, 234, 234, 234, 231, 230, 231, 232, 231, 234, 234, 234, 237,
    235, 236, 240, 243, 242, 239, 243, 240, 243, 243, 242, 241, 241, 241,
    242, 239, 242, 241, 240, 243, 243, 242, 241, 239 ]
RHandPositionsX: [ 159, 156, 153, 145, 147, 147, 152, 160, 161, 164, 165,
    163, 154, 155, 151, 150, 154, 163, 167, 170, 168, 162, 161, 160, 159,
    156, 155, 163, 164, 168, 164, 161, 160, 158, 154, 163, 174, 174, 175,
    167, 165, 158, 157, 158, 160, 165, 172, 182, 191, 199, 209, 222, 234,
    242, 254, 262, 266, 255, 250, 247, 246, 244, 238, 236, 237, 235, 233,
    236, 233, 238, 242, 238, 236, 239, 237, 238, 238, 237, 239, 239, 240,
    239, 239, 239, 238, 240, 239, 239, 237, 236, 239 ]
RHandPositionsY: [ 72, 71, 69, 68, 66, 65, 69, 69, 74, 74, 72, 67, 67,
    68, 66, 66, 68, 73, 71, 72, 72, 70, 66, 66, 66, 71, 73, 76, 77, 73,
    73, 72, 75, 73, 74, 78, 94, 89, 92, 91, 88, 86, 84, 84, 84, 90, 97,
    100, 112, 122, 132, 142, 155, 164, 171, 181, 192, 192, 197, 200, 202,
    205, 206, 211, 212, 214, 219, 222, 221, 223, 226, 228, 226, 224, 224,
    224, 225, 228, 224, 224, 226, 228, 228, 228, 228, 224, 228, 225, 228,
    228, 226 ]
