%YAML:1.0
---
videoName: "RHShake03.mp4"
gestureLabel: 2
fps: 29
pixelSizeInCmTemp: 3.1103896103896100e-01
faceCenterPointX: 294
faceCenterPointY: 48
LHandPositionsX: [ 412, 410, 411, 408, 412, 412, 410, 411, 412, 412, 408,
    410, 410, 412, 410, 410, 408, 408, 409, 411, 412, 410, 409, 412, 410,
    412, 412, 411, 411, 409, 408, 412, 408, 408, 411, 409, 409, 411, 409,
    410, 409, 410, 409, 411, 410, 410, 408, 408, 409, 410, 410, 411, 410,
    410, 411, 410, 411, 409, 410, 412, 410, 408, 411, 409, 408, 412, 411,
    412, 412, 408, 411, 407, 410, 409, 410, 409, 408, 410, 409, 408, 411,
    407, 410, 410, 411, 411, 407, 408 ]
LHandPositionsY: [ 264, 264, 263, 263, 260, 262, 262, 261, 264, 264, 261,
    264, 263, 260, 260, 264, 262, 262, 262, 264, 262, 263, 262, 260, 260,
    263, 263, 264, 263, 264, 263, 261, 263, 264, 264, 260, 264, 262, 263,
    261, 260, 264, 263, 261, 262, 264, 261, 260, 263, 262, 262, 261, 263,
    261, 263, 260, 263, 260, 261, 263, 263, 261, 260, 260, 262, 262, 263,
    260, 263, 261, 261, 264, 263, 264, 262, 261, 261, 261, 261, 262, 261,
    264, 263, 264, 263, 262, 260, 261 ]
RHandPositionsX: [ 180, 177, 180, 178, 179, 177, 176, 177, 177, 175, 177,
    173, 174, 174, 172, 174, 172, 174, 175, 174, 175, 173, 172, 171, 174,
    172, 172, 172, 175, 171, 172, 171, 175, 171, 165, 158, 152, 150, 153,
    152, 155, 163, 179, 183, 191, 193, 183, 178, 173, 171, 171, 180, 179,
    184, 182, 175, 173, 168, 167, 172, 180, 186, 198, 208, 199, 194, 190,
    190, 186, 182, 186, 195, 199, 208, 209, 207, 198, 197, 194, 182, 184,
    183, 181, 183, 179, 181, 180, 179 ]
RHandPositionsY: [ 259, 261, 262, 261, 261, 262, 261, 259, 261, 262, 260,
    262, 258, 262, 261, 261, 259, 260, 260, 261, 259, 262, 259, 260, 259,
    260, 261, 260, 259, 259, 264, 267, 256, 241, 221, 198, 179, 158, 143,
    126, 121, 118, 119, 118, 114, 106, 103, 99, 99, 99, 100, 107, 108,
    103, 104, 100, 103, 100, 95, 97, 103, 107, 110, 113, 108, 109, 106,
    102, 99, 98, 103, 119, 129, 139, 160, 179, 200, 209, 218, 242, 240,
    246, 242, 253, 252, 255, 253, 251 ]
