%YAML:1.0
---
videoName: "RHShake12.mp4"
gestureLabel: 2
fps: 29
pixelSizeInCmTemp: 3.3732394366197183e-01
faceCenterPointX: 299
faceCenterPointY: 45
LHandPositionsX: [ 405, 408, 407, 405, 405, 407, 404, 407, 405, 408, 405,
    407, 407, 404, 405, 404, 404, 407, 407, 404, 407, 406, 405, 408, 408,
    408, 404, 405, 408, 404, 408, 404, 404, 404, 408, 407, 406, 404, 406,
    405, 407, 406, 408, 407, 407, 405, 408, 407, 404, 408, 408, 405, 404,
    404, 406, 408, 404, 404, 405, 408, 408, 408, 405, 406, 406, 407, 404,
    407, 407, 404, 405, 408, 408, 406, 408, 406, 407, 404, 408, 408, 408,
    408, 404, 406, 408, 407, 404, 404 ]
LHandPositionsY: [ 243, 240, 240, 241, 239, 243, 242, 241, 239, 242, 240,
    242, 239, 242, 240, 242, 239, 239, 241, 239, 241, 243, 242, 241, 242,
    239, 240, 240, 240, 241, 243, 240, 242, 240, 242, 243, 243, 243, 243,
    243, 243, 243, 242, 243, 242, 241, 240, 239, 242, 239, 241, 243, 241,
    241, 239, 240, 243, 240, 240, 239, 239, 243, 239, 243, 243, 242, 243,
    242, 242, 242, 242, 243, 243, 240, 239, 243, 240, 242, 242, 242, 243,
    241, 240, 239, 241, 241, 241, 243 ]
RHandPositionsX: [ 169, 164, 161, 162, 162, 173, 181, 191, 193, 195, 195,
    182, 177, 173, 173, 166, 173, 177, 185, 187, 190, 184, 179, 174, 167,
    166, 166, 175, 185, 195, 191, 192, 181, 182, 177, 176, 174, 176, 182,
    191, 196, 194, 187, 178, 176, 176, 170, 175, 182, 193, 191, 194, 196,
    190, 185, 178, 175, 176, 173, 175, 180, 191, 199, 202, 204, 202, 197,
    189, 187, 184, 184, 183, 191, 194, 199, 199, 200, 200, 201, 201, 199,
    199, 197, 196, 200, 200, 202, 197 ]
RHandPositionsY: [ 140, 126, 121, 112, 108, 93, 98, 104, 105, 111, 102,
    92, 89, 89, 91, 85, 81, 90, 101, 101, 105, 99, 93, 89, 85, 85, 81,
    92, 100, 114, 111, 105, 99, 98, 93, 95, 88, 89, 98, 113, 117, 113,
    105, 99, 93, 97, 91, 85, 92, 108, 111, 113, 113, 104, 90, 91, 88, 89,
    86, 85, 93, 108, 122, 119, 120, 117, 111, 109, 114, 114, 117, 124,
    137, 146, 158, 161, 170, 173, 187, 197, 202, 207, 216, 219, 222, 225,
    230, 229 ]
