%YAML:1.0
---
videoName: "RHShake03.mp4"
gestureLabel: 2
fps: 29
pixelSizeInCmTemp: 3.1103896103896100e-01
faceCenterPointX: 294
faceCenterPointY: 48
LHandPositionsX: [ 410, 411, 410, 410, 408, 412, 409, 408, 410, 411, 412,
    408, 409, 409, 411, 412, 411, 411, 409, 410, 412, 409, 410, 410, 411,
    409, 408, 409, 409, 411, 408, 410, 409, 410, 410, 410, 408, 409, 412,
    410, 408, 412, 408, 411, 410, 410, 412, 412, 412, 411, 408, 409, 410,
    411, 412, 408, 411, 411, 410, 410, 412, 409, 411, 411, 409, 410, 411,
    409, 409, 411, 410, 411, 408, 411, 410, 407, 409, 410, 410, 409, 408,
    408, 407, 411, 409, 411, 411, 411 ]
LHandPositionsY: [ 263, 260, 264, 263, 261, 264, 264, 260, 264, 261, 262,
    262, 262, 263, 262, 261, 260, 260, 263, 263, 264, 264, 263, 262, 264,
    261, 263, 264, 260, 264, 262, 263, 264, 264, 263, 262, 264, 262, 263,
    263, 263, 260, 260, 260, 264, 264, 262, 263, 261, 264, 263, 260, 260,
    262, 264, 263, 263, 263, 261, 260, 260, 260, 261, 264, 262, 264, 261,
    263, 260, 264, 262, 260, 260, 260, 261, 261, 262, 263, 260, 263, 263,
    263, 261, 263, 261, 260, 260, 264 ]
RHandPositionsX: [ 180, 178, 180, 178, 176, 174, 176, 176, 177, 173, 175,
    177, 176, 173, 176, 174, 173, 175, 175, 175, 171, 172, 173, 171, 175,
    175, 175, 171, 174, 171, 170, 173, 176, 173, 165, 158, 153, 147, 152,
    149, 157, 166, 177, 182, 190, 191, 184, 178, 174, 170, 171, 179, 181,
    183, 181, 174, 171, 171, 167, 173, 176, 189, 201, 207, 201, 193, 186,
    190, 186, 181, 186, 195, 200, 210, 208, 209, 198, 198, 193, 182, 184,
    185, 181, 183, 179, 180, 179, 178 ]
RHandPositionsY: [ 261, 261, 259, 258, 261, 259, 261, 259, 262, 261, 259,
    262, 258, 262, 262, 261, 260, 259, 260, 260, 259, 261, 259, 262, 259,
    262, 262, 262, 261, 260, 267, 263, 257, 240, 219, 195, 177, 160, 147,
    129, 122, 118, 116, 116, 110, 104, 102, 102, 101, 102, 104, 105, 104,
    105, 106, 103, 100, 100, 96, 97, 101, 110, 108, 114, 111, 108, 106,
    105, 100, 102, 106, 115, 128, 140, 161, 178, 199, 209, 216, 241, 241,
    246, 246, 250, 250, 253, 254, 250 ]
