%YAML:1.0
---
videoName: "RHShake16.mp4"
gestureLabel: 2
fps: 29
pixelSizeInCmTemp: 3.2808219178082193e-01
faceCenterPointX: 281
faceCenterPointY: 44
LHandPositionsX: [ 373, 373, 372, 371, 372, 370, 373, 372, 373, 371, 371,
    373, 369, 369, 369, 370, 371, 370, 369, 370, 373, 370, 371, 372, 371,
    372, 372, 369, 373, 370, 369, 373, 369, 372, 372, 369, 369, 371, 372,
    370, 370, 371, 372, 373, 371, 372, 373, 371, 373, 371, 369, 372, 373,
    369, 370, 371, 370, 373, 369, 371, 369, 373, 373, 369, 371, 371, 369,
    371, 370, 373, 369, 372, 373, 372, 373, 373, 373, 373, 373, 370, 371,
    369, 371, 370, 370, 370, 372, 373 ]
LHandPositionsY: [ 232, 231, 232, 232, 232, 231, 232, 232, 230, 233, 234,
    230, 230, 234, 230, 233, 234, 232, 232, 234, 231, 230, 230, 231, 230,
    231, 233, 233, 232, 232, 232, 230, 232, 234, 233, 233, 233, 231, 232,
    234, 232, 232, 234, 232, 233, 233, 230, 234, 232, 233, 232, 231, 232,
    233, 233, 231, 233, 231, 233, 232, 229, 231, 229, 233, 229, 232, 231,
    231, 229, 230, 229, 230, 231, 230, 229, 231, 231, 230, 233, 233, 229,
    232, 233, 233, 233, 229, 232, 229 ]
RHandPositionsX: [ 169, 169, 169, 171, 168, 168, 170, 168, 167, 168, 169,
    170, 169, 170, 171, 170, 167, 169, 163, 153, 155, 149, 139, 129, 128,
    125, 115, 124, 122, 122, 127, 130, 138, 142, 142, 139, 135, 137, 136,
    137, 141, 146, 149, 152, 149, 147, 150, 149, 148, 149, 150, 150, 154,
    151, 148, 146, 145, 147, 147, 153, 156, 155, 155, 153, 152, 150, 149,
    151, 152, 161, 164, 169, 173, 177, 178, 174, 176, 174, 173, 169, 169,
    170, 172, 170, 169, 171, 172, 171 ]
RHandPositionsY: [ 268, 265, 269, 268, 266, 267, 269, 266, 267, 268, 266,
    265, 265, 268, 267, 265, 267, 267, 255, 244, 218, 200, 176, 160, 142,
    130, 115, 116, 112, 104, 107, 102, 100, 95, 96, 93, 93, 89, 87, 86,
    90, 92, 90, 91, 86, 85, 88, 84, 88, 89, 86, 89, 88, 86, 85, 87, 86,
    88, 90, 89, 93, 87, 91, 90, 89, 88, 89, 95, 102, 120, 133, 149, 160,
    170, 182, 188, 196, 203, 211, 218, 221, 223, 223, 232, 236, 235, 238,
    237 ]
