%YAML:1.0
---
videoName: "RHShake24.mp4"
gestureLabel: 2
fps: 30
pixelSizeInCmTemp: 3.3732394366197183e-01
faceCenterPointX: 304
faceCenterPointY: 46
LHandPositionsX: [ 389, 391, 392, 389, 392, 393, 393, 391, 393, 391, 390,
    389, 389, 389, 392, 393, 389, 391, 392, 393, 389, 390, 392, 392, 393,
    391, 389, 390, 393, 389, 389, 392, 389, 389, 389, 389, 392, 391, 390,
    389, 393, 390, 391, 392, 391, 389, 393, 393, 392, 393, 393, 392, 392,
    391, 393, 391, 391, 392, 391, 390, 390, 389, 392, 393, 393, 392, 389,
    393, 391, 393, 393, 391, 390, 393, 393, 393, 393, 389, 393, 393, 392,
    391, 390, 389, 392, 390, 389, 390, 389, 390, 392 ]
LHandPositionsY: [ 229, 229, 226, 228, 228, 225, 226, 227, 226, 226, 228,
    226, 228, 228, 225, 227, 227, 228, 228, 227, 228, 227, 226, 228, 227,
    227, 229, 226, 228, 229, 229, 226, 229, 227, 227, 229, 229, 229, 226,
    227, 229, 229, 228, 227, 228, 226, 229, 225, 227, 228, 226, 227, 225,
    229, 226, 225, 229, 229, 226, 229, 225, 229, 226, 226, 226, 225, 226,
    227, 228, 227, 225, 226, 228, 225, 226, 226, 225, 228, 226, 229, 225,
    228, 227, 229, 227, 228, 226, 227, 225, 225, 229 ]
RHandPositionsX: [ 144, 145, 148, 150, 154, 157, 151, 149, 145, 139, 139,
    136, 143, 155, 161, 161, 161, 163, 160, 158, 152, 142, 142, 139, 140,
    145, 157, 157, 160, 157, 154, 153, 152, 143, 141, 142, 148, 154, 158,
    160, 162, 162, 156, 157, 149, 143, 142, 142, 144, 150, 160, 163, 168,
    173, 167, 165, 157, 150, 153, 149, 147, 149, 151, 165, 168, 170, 170,
    172, 177, 176, 178, 180, 187, 188, 188, 189, 193, 191, 191, 191, 194,
    196, 196, 192, 195, 196, 194, 193, 195, 196, 195 ]
RHandPositionsY: [ 96, 102, 101, 97, 102, 97, 91, 91, 87, 88, 85, 88, 88,
    98, 110, 112, 113, 115, 106, 103, 99, 96, 95, 92, 90, 101, 110, 110,
    114, 113, 108, 103, 98, 96, 93, 92, 93, 96, 104, 108, 109, 113, 109,
    104, 101, 101, 97, 93, 96, 107, 119, 121, 119, 123, 121, 104, 99, 99,
    101, 101, 94, 95, 104, 113, 113, 115, 119, 120, 131, 139, 151, 154,
    150, 160, 167, 174, 177, 188, 197, 202, 209, 210, 212, 214, 216, 220,
    219, 224, 224, 225, 229 ]
