%YAML:1.0
---
videoName: "RHShake11.mp4"
gestureLabel: 2
fps: 29
pixelSizeInCmTemp: 3.3263888888888887e-01
faceCenterPointX: 274
faceCenterPointY: 53
LHandPositionsX: [ 308, 307, 310, 311, 308, 311, 310, 308, 311, 309, 307,
    308, 310, 309, 308, 310, 309, 311, 310, 307, 307, 310, 309, 309, 308,
    307, 310, 309, 310, 308, 307, 307, 310, 308, 311, 310, 309, 311, 308,
    308, 311, 311, 309, 307, 307, 307, 310, 309, 311, 309, 308, 310, 308,
    308, 310, 310, 310, 308, 310, 311, 311, 311, 310, 311, 309, 309, 308,
    309, 311, 311, 310, 310, 311, 310, 309, 306, 305, 306, 309, 304, 304,
    307, 307, 306, 305, 305, 303, 306 ]
LHandPositionsY: [ 249, 245, 246, 249, 246, 249, 249, 246, 249, 249, 245,
    248, 249, 249, 245, 246, 248, 249, 245, 248, 248, 246, 246, 249, 246,
    248, 247, 248, 249, 246, 247, 246, 249, 246, 245, 246, 247, 246, 248,
    245, 248, 247, 249, 249, 248, 247, 246, 246, 245, 248, 249, 247, 245,
    245, 246, 249, 245, 246, 245, 247, 249, 245, 245, 249, 248, 248, 247,
    246, 244, 246, 245, 245, 244, 247, 243, 244, 246, 246, 245, 247, 244,
    243, 243, 245, 243, 244, 244, 243 ]
RHandPositionsX: [ 247, 250, 247, 244, 238, 226, 212, 193, 174, 159, 146,
    139, 144, 147, 152, 159, 160, 166, 168, 173, 168, 164, 155, 154, 153,
    154, 161, 168, 168, 166, 170, 167, 164, 162, 158, 158, 152, 154, 160,
    168, 170, 170, 170, 168, 165, 159, 160, 157, 156, 157, 163, 173, 176,
    176, 177, 177, 172, 169, 164, 165, 160, 159, 163, 164, 170, 181, 192,
    204, 219, 231, 241, 250, 257, 260, 264, 261, 258, 263, 262, 259, 260,
    259, 261, 259, 261, 261, 260, 262 ]
RHandPositionsY: [ 247, 245, 248, 239, 233, 220, 206, 193, 173, 160, 140,
    128, 126, 111, 105, 104, 104, 104, 105, 100, 104, 98, 100, 96, 95,
    93, 95, 99, 101, 102, 101, 99, 99, 95, 95, 94, 97, 96, 99, 105, 103,
    106, 103, 103, 101, 102, 100, 101, 98, 98, 104, 106, 106, 105, 106,
    108, 103, 101, 102, 99, 99, 103, 104, 108, 119, 127, 143, 159, 172,
    188, 200, 214, 224, 229, 236, 234, 237, 238, 241, 242, 242, 238, 241,
    241, 241, 239, 242, 238 ]
