%YAML:1.0
---
videoName: "RHShake05.mp4"
gestureLabel: 2
fps: 30
pixelSizeInCmTemp: 3.1103896103896100e-01
faceCenterPointX: 295
faceCenterPointY: 47
LHandPositionsX: [ 411, 410, 410, 408, 411, 411, 410, 412, 410, 409, 412,
    409, 409, 411, 408, 410, 409, 411, 411, 408, 410, 408, 410, 411, 411,
    411, 410, 409, 412, 411, 408, 411, 409, 411, 408, 409, 410, 409, 411,
    410, 410, 408, 412, 409, 410, 411, 412, 410, 411, 409, 409, 410, 408,
    411, 412, 409, 408, 410, 410, 412, 410, 410, 412, 410, 409, 408, 408,
    408, 409, 412, 408, 408, 411, 411, 408, 411, 409, 412, 408, 412, 410,
    408, 411, 409, 408, 410, 409, 411, 410, 409, 412 ]
LHandPositionsY: [ 257, 260, 261, 257, 257, 257, 260, 258, 258, 257, 261,
    258, 260, 260, 258, 261, 260, 259, 257, 260, 261, 258, 259, 258, 258,
    259, 261, 261, 259, 261, 261, 261, 257, 259, 260, 258, 259, 258, 261,
    258, 260, 259, 259, 257, 257, 257, 258, 261, 257, 258, 261, 259, 260,
    261, 260, 260, 259, 259, 259, 257, 261, 260, 258, 260, 259, 261, 258,
    260, 258, 260, 261, 261, 260, 257, 261, 258, 260, 260, 260, 259, 261,
    258, 260, 260, 258, 261, 259, 260, 259, 261, 259 ]
RHandPositionsX: [ 174, 173, 176, 175, 176, 177, 177, 174, 176, 177, 173,
    174, 173, 176, 175, 174, 175, 171, 172, 171, 172, 172, 170, 178, 177,
    179, 179, 177, 173, 164, 150, 156, 154, 161, 166, 177, 189, 197, 190,
    180, 177, 172, 171, 169, 174, 179, 188, 183, 178, 172, 169, 166, 170,
    172, 179, 191, 183, 177, 172, 168, 168, 167, 175, 188, 193, 194, 184,
    183, 177, 178, 182, 181, 189, 194, 193, 190, 182, 175, 171, 175, 171,
    177, 182, 184, 191, 192, 185, 178, 179, 176, 177 ]
RHandPositionsY: [ 261, 261, 259, 260, 262, 258, 262, 262, 259, 258, 260,
    262, 262, 258, 262, 260, 262, 262, 259, 258, 261, 260, 261, 259, 260,
    252, 233, 207, 183, 156, 130, 127, 106, 93, 90, 93, 92, 95, 87, 85,
    81, 77, 80, 80, 86, 88, 84, 80, 79, 72, 75, 73, 79, 86, 86, 93, 86,
    84, 84, 81, 81, 86, 89, 91, 94, 91, 87, 85, 82, 85, 83, 87, 88, 90,
    93, 88, 90, 89, 89, 94, 110, 132, 159, 182, 203, 221, 228, 232, 241,
    251, 246 ]
