%YAML:1.0
---
videoName: "RHShake23.mp4"
gestureLabel: 2
fps: 29
pixelSizeInCmTemp: 3.3263888888888887e-01
faceCenterPointX: 298
faceCenterPointY: 49
LHandPositionsX: [ 389, 387, 391, 389, 391, 388, 390, 388, 389, 391, 391,
    390, 387, 390, 391, 387, 390, 391, 389, 388, 388, 387, 388, 388, 388,
    387, 390, 387, 391, 390, 387, 388, 388, 391, 387, 390, 390, 391, 388,
    390, 390, 388, 389, 390, 388, 387, 390, 388, 389, 389, 388, 388, 391,
    390, 388, 387, 390, 389, 390, 390, 388, 388, 390, 388, 389, 388, 389,
    391, 388, 388, 387, 390, 387, 388, 390, 387, 387, 391, 391, 391, 390,
    390, 387, 387, 387, 389, 387, 391 ]
LHandPositionsY: [ 224, 227, 225, 228, 224, 226, 226, 226, 228, 228, 226,
    226, 228, 227, 225, 225, 227, 224, 224, 228, 228, 228, 225, 226, 228,
    225, 226, 228, 228, 228, 227, 227, 228, 228, 227, 227, 226, 226, 228,
    224, 224, 225, 227, 228, 226, 226, 225, 225, 225, 225, 224, 227, 227,
    228, 226, 228, 228, 225, 228, 227, 224, 225, 226, 225, 225, 228, 225,
    227, 225, 224, 225, 224, 224, 226, 228, 227, 224, 226, 228, 224, 226,
    227, 228, 226, 228, 224, 226, 228 ]
RHandPositionsX: [ 168, 172, 176, 187, 189, 187, 192, 188, 180, 178, 174,
    174, 172, 181, 189, 199, 198, 200, 197, 194, 187, 182, 175, 175, 172,
    171, 170, 178, 193, 202, 198, 202, 202, 193, 194, 185, 183, 178, 180,
    184, 185, 198, 200, 203, 208, 205, 198, 192, 185, 178, 174, 178, 179,
    187, 192, 202, 205, 209, 209, 209, 208, 209, 208, 210, 208, 206, 208,
    205, 204, 203, 204, 206, 206, 203, 202, 201, 204, 202, 203, 200, 201,
    200, 198, 200, 199, 199, 198, 198 ]
RHandPositionsY: [ 97, 94, 99, 113, 117, 116, 119, 109, 104, 102, 99,
    101, 101, 101, 111, 124, 122, 122, 125, 109, 103, 102, 100, 100, 97,
    96, 95, 99, 116, 121, 122, 125, 125, 106, 105, 103, 104, 100, 101,
    101, 114, 123, 119, 121, 126, 125, 123, 107, 109, 104, 103, 104, 99,
    116, 129, 137, 143, 147, 149, 155, 159, 167, 172, 182, 190, 201, 207,
    215, 213, 216, 217, 218, 222, 222, 224, 225, 227, 228, 226, 225, 227,
    225, 226, 225, 227, 225, 225, 226 ]
