%YAML:1.0
---
videoName: "RHShake19.mp4"
gestureLabel: 2
fps: 29
pixelSizeInCmTemp: 3.2808219178082193e-01
faceCenterPointX: 283
faceCenterPointY: 48
LHandPositionsX: [ 389, 391, 389, 388, 389, 392, 390, 390, 391, 391, 391,
    388, 392, 390, 388, 388, 390, 388, 391, 391, 390, 392, 388, 392, 389,
    392, 392, 388, 389, 390, 388, 390, 389, 388, 390, 388, 389, 390, 390,
    390, 389, 391, 391, 391, 389, 392, 389, 391, 391, 392, 389, 391, 389,
    389, 388, 390, 391, 389, 389, 391, 392, 391, 390, 390, 391, 389, 392,
    389, 391, 389, 391, 389, 392, 390, 392, 392, 388, 388, 389, 389, 388,
    389, 388, 389, 388, 392, 390, 391 ]
LHandPositionsY: [ 244, 240, 241, 242, 240, 241, 243, 240, 241, 243, 244,
    243, 240, 243, 240, 243, 241, 244, 242, 242, 242, 242, 241, 240, 241,
    242, 240, 243, 242, 241, 243, 243, 241, 243, 243, 240, 240, 242, 242,
    244, 240, 240, 243, 243, 244, 242, 240, 244, 241, 241, 243, 244, 240,
    244, 244, 244, 243, 243, 242, 243, 241, 240, 242, 244, 243, 240, 242,
    244, 243, 241, 244, 244, 243, 240, 240, 243, 240, 242, 240, 244, 240,
    243, 242, 242, 243, 243, 242, 243 ]
RHandPositionsX: [ 155, 172, 181, 180, 185, 185, 177, 170, 168, 160, 162,
    164, 168, 178, 182, 181, 187, 177, 177, 172, 162, 162, 159, 164, 168,
    176, 175, 173, 169, 166, 160, 160, 159, 165, 170, 179, 177, 177, 177,
    173, 168, 163, 162, 160, 164, 166, 177, 179, 180, 186, 179, 174, 170,
    170, 165, 170, 170, 177, 180, 180, 180, 177, 174, 172, 170, 167, 169,
    177, 179, 182, 185, 189, 189, 186, 183, 186, 185, 181, 178, 181, 180,
    178, 179, 178, 178, 179, 180, 181 ]
RHandPositionsY: [ 92, 91, 93, 97, 91, 91, 83, 82, 79, 79, 77, 74, 80,
    84, 91, 90, 92, 82, 78, 76, 77, 75, 73, 75, 83, 89, 90, 88, 90, 85,
    84, 82, 78, 85, 88, 89, 95, 94, 95, 91, 90, 84, 86, 82, 81, 84, 93,
    96, 103, 103, 100, 94, 95, 94, 93, 93, 101, 103, 105, 110, 105, 103,
    103, 97, 100, 99, 111, 125, 137, 149, 165, 174, 189, 190, 199, 211,
    218, 222, 230, 238, 236, 238, 238, 241, 242, 239, 240, 240 ]
