%YAML:1.0
---
videoName: "RHShake23.mp4"
gestureLabel: 2
fps: 29
pixelSizeInCmTemp: 3.3263888888888887e-01
faceCenterPointX: 298
faceCenterPointY: 49
LHandPositionsX: [ 389, 388, 391, 387, 388, 390, 390, 390, 388, 390, 387,
    389, 389, 388, 388, 387, 389, 389, 388, 391, 387, 391, 391, 391, 389,
    389, 390, 388, 389, 388, 387, 389, 388, 390, 389, 390, 391, 388, 391,
    391, 391, 388, 390, 391, 390, 389, 387, 390, 388, 389, 390, 389, 391,
    389, 388, 391, 387, 390, 388, 390, 388, 390, 389, 390, 388, 387, 390,
    387, 389, 388, 389, 390, 390, 387, 389, 389, 390, 389, 387, 390, 387,
    388, 387, 388, 388, 387, 387, 390 ]
LHandPositionsY: [ 228, 227, 227, 225, 227, 228, 228, 224, 228, 224, 224,
    224, 226, 225, 224, 227, 227, 225, 228, 228, 227, 224, 224, 225, 228,
    225, 226, 228, 225, 225, 227, 226, 226, 228, 228, 226, 224, 228, 228,
    225, 228, 228, 227, 225, 224, 224, 225, 225, 224, 226, 227, 226, 228,
    225, 228, 225, 226, 225, 227, 224, 225, 225, 224, 226, 226, 227, 226,
    224, 228, 224, 228, 228, 224, 224, 226, 227, 225, 224, 226, 224, 226,
    224, 224, 227, 228, 224, 227, 224 ]
RHandPositionsX: [ 168, 169, 174, 189, 188, 186, 196, 190, 182, 180, 174,
    174, 172, 181, 187, 197, 199, 199, 199, 192, 186, 184, 177, 177, 173,
    173, 170, 179, 193, 203, 201, 202, 202, 193, 191, 186, 184, 182, 181,
    181, 184, 201, 199, 203, 204, 205, 198, 191, 183, 177, 174, 179, 179,
    188, 192, 199, 207, 210, 210, 211, 212, 211, 211, 210, 209, 210, 207,
    207, 204, 207, 206, 203, 202, 201, 203, 200, 200, 200, 200, 199, 203,
    199, 200, 199, 201, 197, 199, 197 ]
RHandPositionsY: [ 99, 94, 97, 113, 116, 114, 119, 112, 104, 101, 102,
    100, 100, 105, 111, 125, 124, 122, 126, 112, 101, 103, 101, 100, 98,
    98, 94, 101, 115, 124, 120, 125, 123, 107, 108, 103, 105, 102, 99,
    101, 112, 123, 119, 125, 124, 124, 122, 110, 108, 108, 102, 101, 102,
    115, 126, 135, 144, 150, 150, 153, 157, 167, 171, 182, 192, 201, 210,
    214, 214, 215, 219, 220, 219, 222, 226, 226, 228, 227, 226, 227, 226,
    226, 226, 224, 227, 228, 226, 224 ]
