%YAML:1.0
---
videoName: "RHShake03.mp4"
gestureLabel: 2
fps: 29
pixelSizeInCmTemp: 3.1103896103896100e-01
faceCenterPointX: 294
faceCenterPointY: 48
LHandPositionsX: [ 411, 410, 411, 412, 410, 409, 412, 411, 410, 408, 410,
    411, 412, 408, 411, 412, 408, 409, 409, 411, 409, 409, 411, 411, 412,
    411, 412, 410, 411, 412, 409, 409, 410, 408, 411, 410, 412, 410, 410,
    412, 408, 412, 409, 411, 409, 408, 411, 411, 412, 411, 410, 411, 411,
    410, 410, 410, 409, 408, 409, 410, 410, 411, 411, 412, 411, 409, 412,
    410, 410, 408, 407, 407, 408, 408, 409, 411, 411, 411, 408, 408, 408,
    407, 410, 411, 408, 408, 410, 411 ]
LHandPositionsY: [ 261, 261, 261, 264, 260, 262, 264, 261, 262, 260, 263,
    261, 261, 260, 264, 264, 263, 260, 261, 261, 263, 260, 263, 260, 264,
    261, 263, 262, 264, 260, 264, 260, 263, 263, 263, 262, 261, 261, 264,
    262, 264, 264, 262, 261, 260, 262, 261, 260, 262, 260, 260, 261, 263,
    261, 262, 260, 261, 263, 262, 264, 262, 260, 263, 261, 260, 260, 260,
    264, 260, 264, 263, 261, 261, 264, 261, 263, 260, 262, 261, 264, 263,
    264, 262, 260, 260, 260, 260, 261 ]
RHandPositionsX: [ 178, 181, 178, 176, 177, 177, 177, 177, 176, 176, 173,
    175, 176, 172, 173, 173, 173, 171, 174, 171, 175, 175, 171, 171, 172,
    172, 175, 175, 174, 171, 172, 172, 173, 174, 162, 158, 154, 149, 153,
    153, 154, 165, 177, 182, 189, 189, 183, 177, 173, 172, 173, 178, 179,
    185, 182, 178, 170, 168, 170, 173, 176, 186, 202, 205, 199, 194, 189,
    187, 183, 182, 185, 194, 199, 210, 208, 210, 199, 197, 190, 181, 185,
    182, 183, 180, 183, 183, 181, 178 ]
RHandPositionsY: [ 260, 258, 261, 262, 258, 259, 261, 262, 258, 262, 262,
    262, 258, 262, 259, 262, 258, 262, 259, 262, 261, 261, 260, 261, 259,
    262, 258, 261, 258, 260, 264, 264, 259, 240, 220, 195, 176, 158, 144,
    126, 123, 118, 118, 119, 113, 103, 104, 101, 101, 102, 101, 103, 107,
    104, 106, 104, 103, 97, 96, 94, 102, 110, 109, 113, 110, 105, 102,
    103, 101, 98, 105, 118, 130, 139, 158, 180, 200, 207, 217, 241, 242,
    243, 242, 249, 250, 252, 253, 254 ]
