%YAML:1.0
---
videoName: "RHShake02.mp4"
gestureLabel: 2
fps: 29
pixelSizeInCmTemp: 3.1933333333333330e-01
faceCenterPointX: 291
faceCenterPointY: 51
LHandPositionsX: [ 409, 407, 409, 409, 407, 409, 406, 405, 407, 405, 407,
    409, 407, 408, 407, 405, 404, 404, 406, 408, 407, 404, 407, 405, 406,
    405, 407, 405, 403, 404, 406, 404, 403, 405, 402, 401, 405, 403, 402,
    403, 403, 404, 403, 401, 403, 401, 402, 399, 401, 401, 401, 397, 398,
    399, 397, 399, 399, 397, 397, 398, 400, 398, 398, 399, 399, 396, 395,
    398, 399, 395, 398, 397, 398, 399, 398, 398, 399, 397, 397, 399, 399,
    398, 395, 398, 399, 398, 395, 397 ]
LHandPositionsY: [ 262, 265, 264, 262, 262, 265, 261, 261, 262, 265, 261,
    265, 261, 261, 263, 262, 263, 263, 264, 260, 264, 260, 260, 264, 262,
    260, 264, 261, 264, 260, 263, 263, 263, 263, 261, 264, 260, 260, 264,
    262, 262, 262, 262, 264, 263, 264, 264, 261, 261, 261, 262, 260, 262,
    262, 261, 264, 262, 264, 262, 261, 261, 261, 262, 263, 263, 260, 264,
    263, 260, 262, 263, 263, 260, 260, 264, 262, 264, 260, 264, 264, 260,
    263, 264, 261, 263, 262, 263, 261 ]
RHandPositionsX: [ 175, 172, 175, 174, 171, 170, 174, 171, 174, 174, 170,
    174, 174, 172, 174, 174, 173, 174, 174, 171, 174, 171, 172, 173, 172,
    172, 176, 176, 174, 173, 165, 162, 162, 155, 151, 157, 161, 178, 181,
    178, 183, 176, 172, 166, 161, 158, 162, 170, 180, 182, 193, 187, 181,
    180, 169, 165, 163, 166, 173, 184, 184, 183, 178, 177, 175, 172, 170,
    166, 170, 177, 181, 194, 199, 199, 197, 195, 197, 186, 186, 183, 180,
    176, 178, 174, 175, 176, 175, 173 ]
RHandPositionsY: [ 264, 263, 265, 264, 263, 264, 264, 267, 265, 265, 267,
    267, 264, 263, 267, 265, 265, 267, 263, 267, 266, 267, 263, 264, 265,
    268, 265, 250, 228, 211, 188, 168, 145, 124, 112, 102, 98, 95, 97,
    98, 93, 93, 89, 92, 90, 86, 87, 92, 99, 99, 101, 95, 90, 89, 88, 87,
    87, 89, 95, 100, 101, 99, 97, 94, 93, 92, 91, 91, 95, 97, 106, 120,
    129, 142, 159, 176, 191, 214, 224, 232, 237, 245, 245, 250, 249, 250,
    252, 253 ]
