%YAML:1.0
---
videoName: "RHShake05.mp4"
gestureLabel: 2
fps: 30
pixelSizeInCmTemp: 3.1103896103896100e-01
faceCenterPointX: 295
faceCenterPointY: 47
LHandPositionsX: [ 410, 408, 410, 412, 410, 408, 409, 411, 412, 412, 411,
    409, 412, 409, 412, 408, 408, 409, 411, 412, 411, 409, 412, 411, 411,
    410, 409, 412, 410, 408, 408, 408, 412, 409, 412, 412, 410, 411, 408,
    411, 410, 410, 408, 411, 409, 412, 411, 410, 412, 412, 411, 411, 410,
    412, 412, 408, 410, 412, 409, 409, 411, 411, 410, 411, 412, 408, 409,
    409, 412, 408, 408, 410, 409, 408, 409, 409, 411, 408, 408, 410, 411,
    410, 410, 409, 412, 410, 411, 410, 411, 411, 411 ]
LHandPositionsY: [ 258, 260, 260, 261, 261, 259, 259, 261, 260, 259, 261,
    257, 257, 258, 257, 257, 261, 259, 259, 260, 260, 258, 260, 258, 259,
    258, 259, 257, 260, 260, 259, 260, 258, 261, 259, 258, 258, 258, 260,
    257, 257, 260, 257, 259, 257, 260, 259, 259, 261, 260, 259, 257, 258,
    259, 257, 259, 260, 257, 259, 258, 259, 259, 257, 260, 257, 260, 261,
    258, 260, 258, 258, 258, 259, 261, 260, 258, 258, 258, 260, 257, 259,
    257, 260, 258, 259, 260, 257, 257, 261, 257, 261 ]
RHandPositionsX: [ 173, 177, 176, 176, 177, 174, 176, 174, 177, 174, 174,
    173, 172, 176, 173, 171, 174, 172, 174, 171, 174, 173, 172, 177, 177,
    177, 180, 181, 172, 166, 149, 156, 152, 160, 163, 177, 191, 201, 189,
    181, 173, 171, 170, 170, 175, 176, 191, 182, 179, 171, 173, 168, 167,
    174, 180, 189, 182, 178, 175, 170, 168, 171, 174, 190, 192, 190, 187,
    181, 177, 181, 180, 177, 189, 194, 195, 189, 183, 174, 171, 175, 173,
    177, 181, 184, 189, 188, 182, 181, 179, 175, 176 ]
RHandPositionsY: [ 260, 260, 262, 260, 259, 262, 261, 258, 261, 259, 261,
    261, 259, 259, 259, 258, 262, 258, 261, 261, 258, 259, 262, 261, 260,
    253, 232, 209, 180, 154, 129, 129, 108, 92, 90, 91, 96, 93, 89, 87,
    83, 78, 79, 80, 85, 84, 81, 80, 79, 73, 75, 77, 79, 87, 84, 93, 87,
    87, 85, 82, 81, 85, 89, 94, 95, 94, 89, 85, 85, 82, 82, 88, 88, 92,
    92, 89, 89, 86, 87, 91, 113, 132, 156, 181, 205, 222, 227, 234, 241,
    248, 248 ]
