%YAML:1.0
---
videoName: "RHShake15.mp4"
gestureLabel: 2
fps: 29
pixelSizeInCmTemp: 3.2808219178082193e-01
faceCenterPointX: 279
faceCenterPointY: 41
LHandPositionsX: [ 369, 370, 372, 372, 369, 369, 371, 372, 370, 368, 372,
    371, 368, 369, 371, 370, 372, 371, 370, 371, 369, 372, 369, 372, 369,
    369, 368, 371, 371, 370, 371, 372, 368, 371, 368, 368, 368, 372, 372,
    371, 369, 371, 368, 369, 371, 372, 371, 369, 368, 371, 369, 372, 371,
    368, 370, 372, 369, 372, 370, 368, 371, 368, 371, 368, 372, 369, 371,
    368, 370, 371, 368, 372, 372, 371, 368, 370, 370, 369, 372, 370, 369,
    368, 372, 370, 372, 368, 368, 371 ]
LHandPositionsY: [ 233, 233, 235, 235, 234, 235, 234, 232, 233, 235, 233,
    234, 234, 234, 235, 234, 235, 232, 236, 232, 234, 234, 234, 236, 234,
    235, 236, 234, 235, 235, 232, 236, 232, 233, 232, 232, 235, 232, 235,
    235, 232, 236, 235, 232, 235, 232, 231, 234, 234, 233, 235, 233, 233,
    235, 233, 235, 234, 234, 234, 233, 232, 231, 234, 232, 234, 234, 235,
    234, 231, 233, 234, 234, 231, 234, 233, 235, 235, 231, 233, 233, 234,
    231, 231, 232, 232, 234, 232, 234 ]
RHandPositionsX: [ 137, 124, 114, 109, 111, 112, 110, 106, 109, 108, 114,
    115, 113, 113, 110, 114, 115, 109, 107, 109, 112, 115, 116, 114, 108,
    109, 112, 107, 105, 108, 113, 117, 116, 115, 111, 110, 111, 110, 112,
    115, 113, 112, 116, 118, 120, 120, 121, 122, 123, 122, 119, 121, 123,
    128, 126, 124, 127, 126, 120, 121, 123, 122, 130, 133, 137, 144, 140,
    139, 137, 144, 145, 149, 153, 156, 156, 155, 160, 159, 158, 159, 161,
    157, 161, 159, 161, 160, 157, 158 ]
RHandPositionsY: [ 190, 174, 157, 146, 142, 140, 134, 128, 119, 116, 110,
    107, 103, 100, 96, 97, 96, 96, 94, 94, 93, 90, 92, 92, 91, 93, 95,
    94, 95, 97, 97, 102, 105, 103, 103, 100, 104, 105, 104, 102, 106,
    105, 110, 111, 110, 108, 102, 105, 105, 105, 105, 110, 109, 113, 119,
    116, 112, 110, 112, 109, 113, 120, 124, 136, 149, 162, 174, 181, 193,
    202, 207, 221, 230, 237, 238, 239, 246, 247, 245, 245, 248, 248, 249,
    247, 248, 246, 247, 249 ]
