%YAML:1.0
---
videoName: "RHShake18.mp4"
gestureLabel: 2
fps: 30
pixelSizeInCmTemp: 3.3732394366197183e-01
faceCenterPointX: 275
faceCenterPointY: 40
LHandPositionsX: [ 378, 375, 375, 375, 375, 378, 378, 377, 379, 376, 379,
    378, 375, 377, 375, 377, 379, 377, 377, 378, 379, 377, 375, 375, 375,
    379, 377, 376, 379, 378, 376, 379, 375, 378, 379, 378, 377, 377, 379,
    378, 378, 378, 376, 378, 378, 377, 379, 374, 375, 375, 373, 369, 367,
    356, 354, 347, 340, 333, 324, 318, 303, 300, 300, 301, 295, 288, 290,
    291, 294, 294, 291, 291, 289, 292, 291, 291, 290, 289, 290, 290, 287,
    289, 290, 287, 288, 285, 289, 286, 287, 288, 285 ]
LHandPositionsY: [ 230, 231, 229, 230, 233, 229, 230, 230, 229, 230, 229,
    232, 231, 229, 233, 232, 230, 230, 231, 233, 231, 229, 232, 232, 229,
    233, 233, 232, 231, 230, 229, 230, 230, 233, 230, 232, 233, 229, 232,
    230, 230, 231, 230, 231, 229, 231, 231, 232, 231, 227, 234, 238, 238,
    236, 236, 238, 232, 232, 227, 230, 231, 234, 234, 234, 234, 235, 235,
    236, 237, 240, 241, 242, 243, 242, 239, 242, 241, 243, 241, 239, 239,
    240, 241, 243, 240, 241, 243, 241, 240, 240, 240 ]
RHandPositionsX: [ 158, 152, 153, 147, 148, 150, 154, 160, 164, 163, 165,
    163, 155, 152, 151, 147, 154, 165, 166, 170, 168, 163, 158, 158, 157,
    157, 158, 164, 165, 168, 165, 161, 157, 155, 158, 161, 173, 173, 173,
    171, 163, 160, 156, 156, 160, 165, 173, 181, 190, 200, 209, 220, 230,
    242, 252, 261, 267, 257, 252, 250, 244, 244, 239, 240, 239, 235, 233,
    233, 237, 237, 239, 237, 236, 237, 240, 237, 240, 236, 237, 237, 240,
    239, 238, 240, 237, 236, 237, 239, 237, 240, 237 ]
RHandPositionsY: [ 74, 72, 69, 68, 69, 67, 67, 69, 72, 76, 72, 68, 69,
    68, 69, 70, 70, 69, 73, 72, 74, 73, 68, 66, 67, 70, 69, 77, 80, 77,
    77, 73, 74, 74, 75, 78, 90, 91, 93, 88, 87, 88, 84, 83, 84, 87, 98,
    102, 110, 123, 135, 141, 152, 161, 173, 182, 192, 195, 194, 200, 202,
    205, 209, 211, 215, 215, 217, 220, 221, 223, 227, 228, 228, 228, 227,
    224, 227, 227, 227, 228, 225, 224, 228, 225, 224, 227, 226, 227, 224,
    226, 225 ]
