%YAML:1.0
---
videoName: "RHShake10.mp4"
gestureLabel: 2
fps: 29
pixelSizeInCmTemp: 3.1933333333333330e-01
faceCenterPointX: 295
faceCenterPointY: 45
LHandPositionsX: [ 339, 341, 339, 339, 341, 340, 335, 333, 335, 329, 332,
    332, 329, 329, 325, 324, 327, 329, 329, 329, 329, 328, 327, 326, 326,
    329, 326, 327, 330, 330, 330, 326, 328, 329, 328, 326, 326, 329, 330,
    328, 326, 326, 327, 328, 327, 326, 328, 330, 327, 327, 326, 327, 328,
    330, 326, 328, 327, 330, 327, 328, 327, 327, 329, 327, 326, 326, 330,
    329, 326, 329, 330, 329, 326, 329, 328, 329, 331, 329, 330, 328, 330,
    330, 328, 327, 327, 330, 330, 329 ]
LHandPositionsY: [ 265, 268, 267, 266, 268, 268, 266, 267, 268, 270, 270,
    271, 270, 274, 271, 270, 274, 274, 270, 274, 273, 270, 271, 271, 274,
    272, 270, 274, 271, 272, 269, 273, 269, 273, 272, 270, 270, 270, 271,
    271, 269, 268, 272, 269, 271, 272, 272, 268, 268, 270, 271, 272, 268,
    271, 268, 268, 269, 269, 270, 270, 268, 270, 270, 268, 272, 269, 268,
    270, 272, 272, 272, 272, 271, 270, 270, 267, 268, 267, 268, 269, 268,
    267, 268, 270, 271, 272, 269, 270 ]
RHandPositionsX: [ 259, 261, 260, 262, 261, 261, 260, 262, 259, 261, 258,
    258, 257, 259, 262, 263, 258, 255, 259, 253, 239, 220, 203, 182, 165,
    154, 137, 139, 135, 138, 146, 152, 156, 162, 167, 164, 161, 161, 159,
    159, 164, 172, 178, 181, 177, 175, 170, 169, 172, 171, 174, 189, 189,
    196, 192, 181, 180, 175, 175, 181, 181, 188, 191, 193, 190, 181, 176,
    177, 175, 177, 175, 193, 198, 205, 213, 217, 225, 232, 235, 246, 250,
    250, 250, 259, 264, 259, 258, 260 ]
RHandPositionsY: [ 267, 265, 263, 264, 266, 264, 267, 265, 263, 268, 265,
    268, 267, 266, 267, 266, 267, 265, 268, 256, 243, 228, 210, 192, 173,
    152, 129, 117, 114, 99, 89, 87, 90, 89, 88, 82, 81, 77, 77, 78, 78,
    83, 85, 83, 82, 80, 75, 76, 77, 81, 84, 90, 91, 92, 89, 85, 81, 85,
    83, 86, 89, 91, 92, 95, 87, 88, 85, 81, 81, 85, 95, 107, 124, 146,
    162, 178, 199, 212, 227, 243, 258, 256, 259, 263, 264, 267, 268, 269 ]
