%YAML:1.0
---
videoName: "RHShake18.mp4"
gestureLabel: 2
fps: 30
pixelSizeInCmTemp: 3.3732394366197183e-01
faceCenterPointX: 275
faceCenterPointY: 40
LHandPositionsX: [ 379, 375, 376, 375, 378, 378, 375, 375, 378, 375, 376,
    375, 375, 378, 375, 377, 378, 379, 378, 376, 379, 376, 377, 378, 375,
    379, 376, 379, 379, 377, 377, 376, 377, 376, 375, 379, 375, 378, 376,
    379, 377, 378, 376, 375, 376, 378, 376, 375, 375, 375, 372, 370, 363,
    360, 354, 346, 337, 334, 326, 317, 305, 299, 299, 300, 299, 289, 291,
    292, 293, 298, 291, 290, 292, 291, 291, 292, 292, 292, 288, 291, 287,
    290, 286, 286, 289, 288, 289, 287, 288, 289, 287 ]
LHandPositionsY: [ 231, 233, 229, 232, 233, 232, 233, 231, 232, 232, 230,
    233, 233, 232, 232, 229, 231, 229, 230, 229, 229, 231, 232, 233, 233,
    233, 233, 229, 229, 232, 232, 229, 233, 233, 233, 229, 230, 233, 230,
    232, 231, 230, 231, 229, 230, 233, 233, 231, 228, 228, 233, 238, 238,
    238, 237, 234, 232, 234, 228, 230, 232, 230, 232, 234, 233, 235, 234,
    237, 239, 241, 243, 242, 242, 243, 243, 240, 243, 240, 240, 241, 242,
    242, 239, 239, 240, 242, 242, 242, 239, 243, 241 ]
RHandPositionsX: [ 158, 155, 150, 145, 148, 151, 154, 161, 163, 162, 163,
    161, 154, 155, 151, 148, 154, 161, 167, 170, 170, 161, 161, 160, 160,
    156, 157, 162, 165, 168, 163, 160, 157, 154, 155, 162, 172, 175, 173,
    167, 164, 157, 156, 154, 161, 166, 171, 182, 190, 201, 210, 220, 230,
    245, 252, 259, 267, 258, 252, 246, 243, 244, 241, 236, 238, 235, 236,
    234, 236, 236, 240, 238, 240, 237, 239, 240, 237, 239, 238, 236, 238,
    236, 240, 239, 237, 236, 239, 238, 240, 239, 240 ]
RHandPositionsY: [ 73, 71, 67, 68, 66, 66, 68, 71, 74, 73, 71, 67, 68,
    66, 66, 70, 70, 70, 72, 74, 74, 69, 69, 66, 69, 70, 69, 76, 77, 77,
    77, 76, 71, 73, 74, 78, 94, 90, 91, 92, 87, 88, 83, 86, 84, 86, 97,
    100, 111, 125, 132, 144, 153, 162, 171, 180, 192, 194, 195, 198, 204,
    204, 209, 212, 213, 217, 219, 222, 224, 227, 226, 229, 224, 224, 225,
    228, 226, 225, 228, 224, 226, 228, 227, 226, 227, 228, 225, 226, 228,
    228, 226 ]
