%YAML:1.0
---
videoName: "RHShake14.mp4"
gestureLabel: 2
fps: 30
pixelSizeInCmTemp: 3.2808219178082193e-01
faceCenterPointX: 277
faceCenterPointY: 42
LHandPositionsX: [ 379, 375, 375, 379, 376, 376, 376, 379, 379, 376, 376,
    375, 374, 376, 376, 375, 374, 374, 374, 374, 372, 373, 373, 373, 376,
    375, 374, 374, 372, 373, 372, 375, 372, 375, 374, 372, 373, 375, 372,
    373, 372, 373, 375, 375, 376, 376, 374, 375, 375, 374, 376, 376, 373,
    376, 373, 372, 374, 374, 374, 373, 373, 375, 372, 375, 376, 372, 375,
    375, 376, 376, 374, 373, 373, 376, 374, 376, 375, 374, 372, 375, 375,
    375, 374, 376, 373, 375, 376, 376, 375, 374, 373 ]
LHandPositionsY: [ 231, 230, 231, 229, 229, 231, 229, 230, 229, 230, 231,
    229, 232, 230, 233, 233, 233, 232, 233, 232, 232, 229, 232, 232, 230,
    231, 230, 231, 230, 230, 230, 231, 229, 233, 229, 231, 231, 231, 229,
    232, 231, 232, 230, 232, 231, 230, 232, 230, 233, 233, 230, 232, 232,
    233, 229, 232, 230, 231, 229, 230, 232, 231, 229, 232, 231, 231, 232,
    230, 229, 233, 230, 232, 232, 230, 232, 230, 230, 232, 230, 229, 230,
    232, 232, 233, 232, 231, 233, 232, 231, 231, 231 ]
RHandPositionsX: [ 170, 173, 172, 174, 171, 170, 173, 171, 174, 170, 172,
    172, 171, 172, 171, 173, 174, 171, 173, 173, 173, 174, 173, 170, 173,
    171, 170, 171, 157, 151, 135, 129, 124, 117, 117, 124, 126, 133, 136,
    137, 141, 146, 147, 141, 147, 144, 151, 153, 157, 163, 156, 159, 152,
    151, 156, 157, 162, 166, 166, 161, 156, 155, 157, 159, 155, 166, 164,
    169, 173, 175, 178, 178, 180, 177, 175, 173, 177, 177, 175, 172, 175,
    171, 173, 173, 173, 171, 174, 173, 173, 173, 173 ]
RHandPositionsY: [ 239, 239, 240, 239, 240, 240, 239, 239, 242, 239, 239,
    241, 243, 242, 239, 240, 243, 239, 240, 242, 240, 241, 239, 243, 242,
    245, 243, 235, 213, 193, 172, 154, 136, 114, 115, 107, 106, 108, 116,
    117, 117, 105, 98, 93, 90, 85, 85, 86, 84, 80, 78, 80, 78, 75, 76,
    74, 78, 83, 80, 80, 79, 76, 76, 77, 78, 84, 85, 106, 119, 134, 148,
    159, 169, 183, 194, 194, 197, 205, 213, 217, 218, 221, 220, 228, 232,
    234, 232, 234, 234, 235, 236 ]
