%YAML:1.0
---
videoName: "RHShake16.mp4"
gestureLabel: 2
fps: 29
pixelSizeInCmTemp: 3.2808219178082193e-01
faceCenterPointX: 281
faceCenterPointY: 44
LHandPositionsX: [ 372, 369, 371, 371, 372, 370, 370, 369, 371, 372, 372,
    369, 369, 372, 371, 372, 369, 371, 372, 370, 371, 369, 371, 372, 369,
    373, 373, 370, 371, 371, 370, 373, 373, 373, 372, 372, 370, 370, 373,
    369, 371, 370, 370, 370, 372, 371, 370, 373, 373, 370, 371, 372, 373,
    370, 372, 372, 370, 369, 372, 371, 370, 373, 369, 372, 372, 370, 373,
    373, 372, 373, 373, 371, 369, 369, 369, 371, 371, 373, 371, 371, 370,
    371, 370, 372, 371, 373, 369, 371 ]
LHandPositionsY: [ 231, 233, 234, 231, 231, 231, 230, 230, 231, 233, 233,
    231, 231, 232, 232, 233, 233, 233, 234, 231, 232, 231, 231, 233, 234,
    230, 234, 231, 234, 231, 233, 230, 232, 233, 233, 231, 232, 233, 234,
    232, 231, 232, 232, 230, 233, 232, 232, 230, 231, 234, 233, 234, 234,
    231, 230, 232, 229, 232, 230, 231, 233, 231, 232, 233, 230, 232, 232,
    231, 229, 233, 231, 230, 233, 230, 230, 229, 230, 232, 230, 233, 231,
    232, 229, 230, 229, 231, 230, 231 ]
RHandPositionsX: [ 171, 167, 170, 169, 168, 171, 171, 168, 169, 168, 170,
    171, 169, 168, 171, 168, 170, 167, 165, 154, 153, 148, 138, 130, 126,
    123, 117, 123, 123, 125, 126, 132, 136, 142, 144, 141, 139, 137, 135,
    138, 143, 146, 151, 150, 148, 149, 147, 147, 148, 145, 150, 150, 152,
    152, 146, 145, 147, 146, 147, 153, 152, 155, 156, 151, 156, 154, 150,
    151, 152, 162, 165, 169, 174, 178, 175, 172, 174, 176, 170, 168, 170,
    169, 168, 172, 172, 170, 169, 168 ]
RHandPositionsY: [ 266, 266, 266, 268, 268, 269, 268, 265, 268, 269, 266,
    268, 269, 265, 268, 268, 267, 264, 255, 243, 217, 198, 176, 158, 143,
    129, 115, 116, 108, 107, 105, 104, 99, 96, 97, 93, 92, 90, 91, 87,
    88, 89, 91, 87, 87, 85, 86, 86, 85, 89, 89, 88, 87, 85, 87, 88, 84,
    88, 87, 90, 90, 88, 87, 87, 86, 87, 90, 96, 103, 117, 134, 147, 162,
    173, 186, 192, 194, 201, 210, 217, 223, 222, 225, 235, 237, 237, 236,
    237 ]
