%YAML:1.0
---
videoName: "RHShake18.mp4"
gestureLabel: 2
fps: 30
pixelSizeInCmTemp: 3.3732394366197183e-01
faceCenterPointX: 275
faceCenterPointY: 40
LHandPositionsX: [ 378, 377, 377, 376, 378, 379, 378, 379, 377, 378, 377,
    377, 375, 375, 375, 378, 379, 378, 379, 379, 377, 375, 375, 375, 379,
    377, 375, 375, 378, 377, 377, 379, 379, 376, 375, 379, 378, 375, 378,
    377, 375, 378, 376, 375, 377, 378, 375, 374, 376, 371, 372, 368, 367,
    358, 350, 348, 339, 335, 323, 318, 303, 302, 300, 298, 295, 289, 289,
    292, 293, 298, 293, 293, 290, 290, 293, 291, 291, 292, 289, 287, 291,
    288, 288, 287, 288, 288, 289, 285, 289, 285, 288 ]
LHandPositionsY: [ 233, 231, 229, 231, 231, 232, 231, 230, 231, 231, 232,
    232, 230, 229, 230, 230, 231, 229, 229, 233, 231, 232, 230, 230, 229,
    233, 230, 232, 229, 229, 230, 230, 231, 233, 231, 229, 233, 233, 232,
    230, 232, 230, 230, 232, 230, 231, 230, 232, 230, 229, 233, 238, 236,
    239, 234, 238, 234, 235, 231, 228, 229, 233, 230, 231, 232, 234, 234,
    237, 237, 239, 240, 241, 240, 243, 241, 242, 242, 239, 240, 239, 241,
    240, 241, 243, 241, 243, 241, 241, 241, 240, 241 ]
RHandPositionsX: [ 157, 153, 153, 145, 146, 147, 152, 157, 163, 162, 166,
    162, 155, 153, 150, 147, 154, 162, 166, 168, 167, 161, 158, 156, 159,
    157, 158, 165, 163, 168, 163, 161, 156, 158, 158, 164, 176, 174, 171,
    169, 162, 161, 158, 155, 158, 165, 173, 181, 190, 197, 206, 222, 231,
    244, 254, 262, 269, 255, 251, 249, 243, 240, 238, 240, 236, 235, 233,
    234, 237, 236, 240, 238, 236, 236, 239, 236, 238, 240, 240, 237, 236,
    240, 236, 240, 237, 238, 239, 237, 238, 237, 238 ]
RHandPositionsY: [ 75, 70, 69, 70, 70, 69, 67, 68, 74, 76, 71, 70, 69,
    70, 65, 68, 70, 72, 70, 72, 70, 69, 70, 70, 69, 70, 73, 77, 77, 74,
    76, 75, 71, 71, 77, 80, 94, 92, 92, 91, 87, 87, 87, 82, 84, 87, 96,
    103, 111, 123, 134, 143, 151, 163, 174, 183, 188, 193, 194, 197, 201,
    205, 207, 209, 213, 216, 219, 220, 223, 225, 229, 227, 225, 225, 225,
    226, 227, 227, 227, 227, 224, 228, 228, 227, 226, 225, 224, 228, 224,
    226, 228 ]
