%YAML:1.0
---
videoName: "RHShake03.mp4"
gestureLabel: 2
fps: 29
pixelSizeInCmTemp: 3.1103896103896100e-01
faceCenterPointX: 294
faceCenterPointY: 48
LHandPositionsX: [ 409, 410, 408, 411, 410, 408, 409, 411, 412, 411, 412,
    408, 408, 411, 410, 409, 410, 410, 411, 412, 410, 411, 411, 409, 412,
    409, 411, 410, 410, 412, 409, 410, 412, 409, 410, 408, 412, 409, 412,
    410, 412, 412, 411, 411, 412, 408, 412, 411, 408, 410, 412, 412, 408,
    409, 410, 408, 409, 411, 412, 410, 411, 411, 409, 410, 411, 409, 408,
    409, 412, 408, 410, 411, 410, 410, 409, 408, 407, 410, 408, 409, 410,
    410, 411, 409, 411, 409, 411, 408 ]
LHandPositionsY: [ 261, 263, 262, 263, 260, 261, 264, 264, 262, 261, 262,
    261, 260, 262, 263, 260, 261, 264, 264, 260, 261, 260, 261, 262, 263,
    264, 263, 263, 264, 264, 263, 261, 260, 260, 263, 262, 261, 264, 262,
    261, 263, 260, 261, 261, 264, 264, 261, 261, 260, 263, 260, 264, 263,
    261, 262, 264, 262, 261, 261, 263, 260, 262, 260, 264, 262, 264, 263,
    263, 264, 263, 263, 264, 261, 262, 260, 262, 262, 262, 264, 262, 261,
    261, 264, 261, 263, 263, 263, 263 ]
RHandPositionsX: [ 182, 181, 177, 180, 175, 176, 178, 178, 176, 174, 175,
    173, 174, 176, 172, 173, 174, 172, 174, 171, 173, 172, 172, 172, 173,
    173, 173, 174, 175, 171, 172, 171, 176, 174, 163, 156, 152, 147, 150,
    152, 157, 163, 180, 184, 192, 190, 184, 174, 173, 171, 173, 181, 181,
    185, 179, 177, 171, 172, 167, 175, 180, 185, 199, 208, 198, 193, 190,
    189, 183, 183, 187, 195, 200, 207, 210, 208, 201, 194, 191, 185, 183,
    185, 182, 183, 181, 180, 183, 181 ]
RHandPositionsY: [ 257, 260, 261, 261, 262, 262, 262, 259, 260, 260, 258,
    259, 262, 260, 262, 262, 258, 259, 261, 262, 258, 259, 262, 262, 262,
    260, 262, 260, 260, 262, 266, 263, 259, 242, 221, 197, 176, 158, 147,
    129, 124, 118, 118, 120, 111, 107, 105, 99, 101, 102, 103, 104, 105,
    104, 102, 102, 102, 99, 95, 95, 102, 109, 109, 112, 109, 108, 106,
    103, 101, 99, 106, 119, 129, 140, 157, 177, 203, 208, 218, 239, 242,
    245, 242, 252, 251, 254, 251, 251 ]
