%YAML:1.0
---
videoName: "RHShake14.mp4"
gestureLabel: 2
fps: 30
pixelSizeInCmTemp: 3.2808219178082193e-01
faceCenterPointX: 277
faceCenterPointY: 42
LHandPositionsX: [ 377, 377, 378, 378, 379, 377, 375, 375, 379, 375, 379,
    377, 375, 375, 377, 373, 373, 375, 374, 373, 375, 374, 372, 374, 375,
    375, 373, 372, 376, 374, 372, 375, 372, 373, 374, 372, 376, 373, 376,
    375, 374, 375, 376, 376, 373, 373, 373, 375, 373, 375, 372, 375, 376,
    375, 376, 375, 375, 373, 372, 374, 376, 375, 372, 374, 375, 374, 374,
    376, 374, 372, 375, 374, 376, 373, 374, 374, 375, 372, 376, 374, 372,
    374, 376, 373, 373, 372, 375, 373, 373, 372, 374 ]
LHandPositionsY: [ 229, 232, 229, 231, 233, 233, 232, 231, 229, 231, 231,
    229, 229, 233, 232, 230, 232, 230, 229, 232, 232, 231, 230, 229, 230,
    231, 229, 230, 229, 233, 232, 231, 229, 230, 231, 232, 232, 230, 229,
    233, 230, 233, 232, 232, 230, 233, 231, 229, 233, 233, 229, 233, 233,
    231, 229, 231, 231, 232, 231, 233, 229, 230, 229, 231, 232, 232, 229,
    231, 229, 230, 230, 231, 230, 233, 229, 231, 233, 233, 230, 231, 232,
    229, 230, 230, 233, 230, 232, 230, 230, 232, 231 ]
RHandPositionsX: [ 173, 170, 174, 170, 172, 174, 171, 170, 170, 172, 173,
    174, 173, 171, 170, 172, 170, 172, 174, 174, 173, 171, 170, 173, 172,
    174, 171, 169, 157, 148, 135, 127, 123, 117, 117, 124, 126, 131, 133,
    138, 142, 149, 143, 144, 144, 147, 148, 155, 156, 160, 158, 158, 151,
    153, 155, 159, 161, 170, 170, 163, 156, 156, 157, 157, 158, 163, 162,
    171, 173, 179, 179, 179, 180, 178, 173, 173, 175, 180, 176, 173, 172,
    174, 173, 172, 174, 170, 171, 174, 173, 173, 170 ]
RHandPositionsY: [ 242, 239, 242, 241, 243, 243, 239, 243, 239, 240, 241,
    242, 243, 240, 241, 241, 239, 243, 240, 242, 239, 241, 240, 240, 242,
    246, 245, 235, 213, 195, 174, 152, 137, 114, 115, 111, 104, 111, 116,
    115, 115, 107, 99, 92, 90, 86, 84, 83, 82, 80, 79, 77, 78, 79, 75,
    75, 81, 82, 78, 77, 79, 78, 76, 79, 81, 83, 85, 107, 118, 134, 147,
    158, 171, 182, 195, 197, 200, 204, 211, 215, 218, 223, 224, 226, 236,
    232, 234, 234, 236, 237, 235 ]
