%YAML:1.0
---
videoName: "RHShake13.mp4"
gestureLabel: 2
fps: 30
pixelSizeInCmTemp: 3.2808219178082193e-01
faceCenterPointX: 278
faceCenterPointY: 45
LHandPositionsX: [ 307, 306, 308, 306, 307, 305, 308, 309, 308, 307, 308,
    307, 309, 309, 308, 305, 306, 307, 307, 306, 306, 307, 305, 306, 307,
    308, 309, 305, 305, 305, 307, 306, 306, 305, 305, 306, 307, 309, 305,
    305, 305, 305, 308, 306, 309, 309, 307, 309, 305, 305, 306, 308, 306,
    307, 306, 306, 308, 306, 309, 307, 306, 305, 305, 308, 308, 309, 308,
    309, 307, 306, 305, 306, 306, 307, 310, 308, 309, 308, 307, 304, 303,
    303, 302, 304, 303, 304, 305, 306, 307, 306, 306 ]
LHandPositionsY: [ 243, 245, 242, 245, 244, 242, 243, 245, 242, 244, 243,
    242, 242, 240, 242, 241, 241, 240, 242, 239, 239, 243, 240, 240, 243,
    242, 242, 240, 243, 239, 239, 239, 243, 240, 239, 243, 239, 241, 242,
    240, 240, 239, 241, 239, 242, 238, 240, 239, 238, 241, 240, 241, 240,
    242, 238, 240, 239, 241, 240, 242, 240, 241, 241, 242, 239, 241, 240,
    239, 242, 239, 240, 239, 239, 239, 237, 234, 236, 233, 234, 234, 232,
    234, 235, 238, 239, 239, 241, 246, 246, 244, 243 ]
RHandPositionsX: [ 167, 152, 137, 141, 140, 141, 144, 140, 148, 147, 145,
    145, 142, 136, 133, 137, 144, 142, 147, 142, 135, 133, 133, 128, 132,
    132, 132, 137, 141, 137, 137, 134, 128, 133, 128, 135, 138, 137, 137,
    135, 133, 134, 134, 135, 138, 146, 150, 150, 146, 144, 143, 137, 135,
    137, 139, 141, 141, 141, 143, 136, 133, 134, 128, 132, 139, 141, 141,
    145, 154, 160, 170, 180, 191, 201, 212, 227, 236, 243, 254, 250, 252,
    253, 257, 260, 259, 259, 260, 258, 260, 260, 257 ]
RHandPositionsY: [ 155, 139, 121, 118, 117, 110, 106, 103, 97, 96, 94,
    91, 86, 88, 87, 89, 86, 91, 86, 88, 86, 86, 84, 88, 88, 86, 90, 92,
    89, 90, 90, 88, 91, 89, 90, 90, 94, 90, 94, 91, 92, 88, 91, 91, 91,
    94, 96, 97, 96, 95, 92, 94, 92, 94, 96, 99, 98, 98, 100, 101, 96, 95,
    96, 96, 101, 103, 109, 111, 118, 129, 135, 143, 153, 163, 176, 188,
    197, 209, 215, 217, 216, 221, 228, 233, 235, 235, 237, 237, 240, 242,
    243 ]
