%YAML:1.0
---
videoName: "RHShake03.mp4"
gestureLabel: 2
fps: 29
pixelSizeInCmTemp: 3.1103896103896100e-01
faceCenterPointX: 294
faceCenterPointY: 48
LHandPositionsX: [ 408, 409, 408, 411, 412, 412, 411, 412, 411, 409, 408,
    412, 411, 410, 408, 408, 408, 409, 410, 408, 412, 409, 410, 408, 410,
    408, 409, 410, 410, 408, 408, 412, 410, 410, 409, 409, 412, 411, 410,
    410, 409, 409, 408, 408, 409, 409, 408, 408, 409, 408, 409, 412, 408,
    411, 408, 410, 412, 408, 412, 408, 410, 412, 409, 410, 409, 408, 409,
    412, 409, 412, 410, 410, 410, 408, 408, 407, 407, 408, 408, 408, 410,
    408, 409, 407, 409, 408, 410, 407 ]
LHandPositionsY: [ 264, 264, 263, 263, 263, 262, 261, 263, 260, 261, 264,
    262, 264, 264, 261, 261, 263, 264, 262, 263, 262, 261, 264, 261, 264,
    262, 261, 260, 261, 264, 264, 260, 262, 260, 263, 262, 262, 261, 262,
    262, 263, 264, 261, 260, 263, 262, 264, 263, 260, 261, 263, 262, 262,
    262, 260, 261, 261, 260, 262, 262, 263, 260, 262, 264, 260, 263, 263,
    263, 261, 260, 263, 262, 260, 262, 260, 263, 264, 260, 262, 263, 260,
    261, 263, 262, 262, 263, 264, 264 ]
RHandPositionsX: [ 182, 178, 179, 178, 177, 177, 178, 175, 176, 174, 174,
    173, 176, 175, 174, 174, 173, 175, 171, 172, 171, 172, 174, 172, 175,
    173, 175, 174, 172, 172, 171, 172, 172, 172, 166, 158, 154, 148, 151,
    149, 157, 165, 179, 186, 192, 189, 185, 174, 174, 172, 174, 178, 180,
    185, 182, 174, 171, 170, 168, 173, 180, 188, 199, 206, 200, 194, 186,
    186, 183, 184, 183, 195, 203, 209, 212, 208, 197, 194, 192, 181, 182,
    182, 183, 184, 183, 179, 179, 182 ]
RHandPositionsY: [ 257, 259, 259, 259, 260, 262, 263, 262, 260, 260, 262,
    258, 262, 261, 262, 260, 259, 258, 261, 261, 259, 259, 262, 258, 262,
    261, 260, 258, 261, 260, 266, 264, 256, 241, 220, 197, 175, 157, 146,
    126, 124, 121, 118, 120, 111, 106, 102, 103, 97, 100, 100, 107, 107,
    103, 106, 103, 100, 98, 96, 95, 100, 107, 112, 113, 107, 108, 106,
    106, 101, 99, 104, 118, 128, 142, 159, 180, 201, 207, 216, 240, 243,
    245, 246, 252, 254, 253, 252, 250 ]
