%YAML:1.0
---
videoName: "RHShake22.mp4"
gestureLabel: 2
fps: 29
pixelSizeInCmTemp: 3.3263888888888887e-01
faceCenterPointX: 290
faceCenterPointY: 48
LHandPositionsX: [ 394, 395, 394, 394, 393, 392, 395, 393, 394, 395, 394,
    395, 395, 395, 396, 396, 395, 392, 395, 394, 396, 393, 394, 392, 396,
    392, 395, 396, 395, 396, 395, 396, 392, 394, 394, 396, 392, 392, 393,
    393, 395, 393, 396, 393, 395, 392, 396, 393, 393, 394, 395, 394, 396,
    393, 396, 396, 393, 392, 394, 394, 393, 394, 392, 396, 393, 393, 393,
    392, 393, 396, 392, 392, 392, 394, 394, 392, 392, 395, 395, 394, 395,
    393, 395, 393, 392, 392, 393, 396 ]
LHandPositionsY: [ 233, 234, 230, 233, 231, 233, 233, 233, 233, 233, 234,
    233, 234, 230, 232, 234, 231, 232, 234, 232, 234, 230, 233, 232, 230,
    230, 234, 231, 233, 231, 231, 231, 233, 233, 233, 231, 234, 234, 232,
    233, 232, 230, 230, 230, 233, 230, 231, 231, 233, 234, 234, 231, 230,
    234, 234, 234, 233, 234, 231, 230, 232, 232, 232, 231, 233, 233, 231,
    232, 233, 231, 231, 233, 231, 231, 230, 231, 230, 232, 233, 230, 233,
    230, 232, 233, 231, 232, 232, 230 ]
RHandPositionsX: [ 149, 137, 129, 130, 132, 138, 147, 158, 163, 163, 163,
    164, 161, 157, 151, 148, 143, 144, 144, 154, 162, 170, 173, 171, 170,
    163, 163, 157, 158, 151, 151, 158, 164, 174, 171, 173, 173, 170, 167,
    162, 157, 156, 162, 165, 174, 174, 173, 173, 174, 170, 164, 158, 156,
    153, 155, 166, 169, 174, 177, 178, 178, 173, 167, 164, 159, 156, 151,
    158, 165, 174, 178, 179, 181, 182, 181, 181, 179, 184, 185, 184, 186,
    188, 189, 187, 190, 186, 190, 187 ]
RHandPositionsY: [ 142, 118, 101, 100, 97, 93, 83, 83, 88, 92, 92, 90,
    86, 81, 77, 79, 77, 77, 73, 83, 92, 95, 98, 96, 94, 90, 88, 83, 85,
    83, 79, 89, 93, 97, 102, 101, 94, 89, 88, 87, 85, 83, 83, 87, 94, 99,
    100, 98, 95, 91, 91, 89, 86, 88, 86, 84, 89, 101, 103, 104, 97, 94,
    92, 91, 91, 91, 90, 90, 90, 102, 108, 109, 116, 120, 120, 123, 136,
    148, 158, 171, 184, 192, 199, 206, 211, 221, 225, 226 ]
