%YAML:1.0
---
videoName: "RHShake18.mp4"
gestureLabel: 2
fps: 30
pixelSizeInCmTemp: 3.3732394366197183e-01
faceCenterPointX: 275
faceCenterPointY: 40
LHandPositionsX: [ 378, 376, 379, 376, 378, 377, 376, 378, 378, 376, 375,
    379, 376, 378, 376, 379, 379, 378, 379, 379, 379, 378, 375, 379, 377,
    377, 378, 378, 376, 377, 379, 378, 378, 377, 375, 379, 379, 375, 375,
    375, 379, 377, 379, 378, 379, 376, 377, 376, 375, 373, 372, 370, 365,
    357, 351, 350, 338, 331, 326, 315, 304, 299, 302, 300, 299, 290, 287,
    291, 294, 298, 290, 293, 291, 293, 290, 292, 292, 289, 292, 291, 288,
    289, 290, 288, 289, 285, 285, 285, 286, 286, 287 ]
LHandPositionsY: [ 233, 230, 233, 229, 229, 233, 232, 233, 233, 233, 233,
    231, 229, 232, 231, 230, 232, 231, 232, 231, 229, 231, 232, 232, 229,
    229, 232, 231, 229, 233, 233, 232, 229, 229, 229, 232, 229, 231, 233,
    231, 229, 231, 233, 229, 229, 233, 232, 231, 230, 230, 233, 239, 239,
    237, 238, 238, 233, 235, 229, 231, 230, 231, 232, 234, 233, 235, 234,
    237, 236, 238, 242, 244, 239, 241, 242, 239, 241, 243, 242, 239, 243,
    240, 240, 243, 239, 242, 242, 239, 240, 240, 240 ]
RHandPositionsX: [ 155, 155, 151, 145, 148, 148, 150, 157, 165, 164, 166,
    163, 157, 153, 149, 148, 156, 161, 168, 168, 170, 161, 159, 156, 158,
    157, 159, 165, 166, 165, 164, 160, 158, 154, 158, 161, 176, 176, 173,
    170, 166, 157, 158, 158, 161, 168, 170, 183, 190, 200, 208, 221, 231,
    242, 255, 261, 267, 255, 249, 246, 243, 244, 238, 237, 238, 235, 236,
    236, 235, 235, 239, 240, 239, 237, 238, 237, 237, 236, 240, 236, 239,
    236, 239, 239, 237, 238, 237, 239, 240, 236, 238 ]
RHandPositionsY: [ 75, 72, 67, 68, 68, 66, 66, 68, 70, 74, 70, 68, 67,
    66, 65, 69, 68, 70, 72, 70, 73, 69, 69, 66, 68, 67, 73, 77, 80, 73,
    76, 73, 71, 73, 75, 81, 90, 90, 92, 88, 89, 85, 85, 85, 84, 89, 98,
    103, 113, 121, 131, 144, 152, 162, 174, 184, 188, 195, 195, 197, 201,
    206, 208, 211, 212, 216, 217, 220, 223, 225, 228, 228, 225, 228, 225,
    227, 225, 225, 227, 227, 224, 226, 228, 228, 228, 228, 228, 227, 226,
    227, 224 ]
