%YAML:1.0
---
videoName: "RHShake09.mp4"
gestureLabel: 2
fps: 29
pixelSizeInCmTemp: 3.1103896103896100e-01
faceCenterPointX: 296
faceCenterPointY: 48
LHandPositionsX: [ 326, 323, 322, 326, 326, 322, 322, 323, 318, 315, 317,
    318, 312, 314, 311, 313, 311, 309, 312, 307, 309, 308, 306, 308, 309,
    308, 304, 305, 307, 306, 307, 307, 307, 312, 309, 307, 311, 307, 307,
    308, 310, 307, 308, 309, 312, 309, 311, 314, 313, 314, 310, 315, 315,
    311, 315, 315, 314, 315, 312, 314, 317, 315, 317, 317, 313, 316, 314,
    314, 314, 316, 318, 315, 314, 314, 313, 314, 314, 315, 315, 317, 315,
    314, 316, 317, 317, 317, 317, 315 ]
LHandPositionsY: [ 269, 267, 270, 269, 270, 267, 268, 273, 269, 274, 270,
    274, 271, 275, 275, 273, 276, 276, 276, 275, 273, 275, 274, 276, 273,
    276, 272, 274, 274, 276, 273, 274, 273, 275, 277, 276, 275, 273, 273,
    277, 274, 273, 276, 277, 275, 275, 273, 274, 273, 276, 276, 277, 276,
    275, 275, 273, 275, 277, 276, 276, 272, 274, 276, 272, 274, 274, 274,
    275, 274, 276, 275, 274, 276, 273, 272, 275, 276, 275, 275, 272, 273,
    272, 273, 271, 275, 276, 275, 275 ]
RHandPositionsX: [ 262, 262, 266, 261, 264, 265, 262, 263, 262, 263, 263,
    261, 261, 259, 261, 258, 259, 257, 259, 255, 259, 259, 258, 255, 257,
    256, 255, 256, 255, 258, 265, 261, 256, 244, 224, 203, 190, 177, 171,
    173, 174, 175, 181, 185, 187, 185, 181, 178, 178, 176, 185, 189, 188,
    200, 191, 188, 182, 178, 180, 184, 181, 185, 193, 188, 188, 184, 178,
    175, 173, 183, 182, 187, 188, 180, 177, 180, 179, 179, 186, 191, 192,
    190, 198, 200, 210, 214, 229, 240 ]
RHandPositionsY: [ 263, 265, 266, 265, 263, 265, 266, 266, 265, 266, 266,
    266, 269, 265, 265, 269, 269, 266, 268, 266, 266, 265, 269, 269, 267,
    267, 265, 266, 265, 268, 267, 261, 247, 233, 215, 196, 177, 155, 139,
    133, 116, 111, 108, 112, 110, 106, 98, 91, 86, 86, 88, 96, 94, 97,
    96, 95, 88, 87, 89, 91, 95, 94, 100, 95, 90, 88, 86, 88, 91, 95, 97,
    96, 95, 92, 93, 90, 87, 93, 97, 106, 105, 109, 123, 131, 141, 153,
    170, 186 ]
