%YAML:1.0
---
videoName: "RHShake20.mp4"
gestureLabel: 2
fps: 29
pixelSizeInCmTemp: 3.3263888888888887e-01
faceCenterPointX: 286
faceCenterPointY: 45
LHandPositionsX: [ 393, 390, 392, 393, 390, 392, 392, 394, 392, 392, 390,
    390, 391, 392, 392, 391, 391, 392, 391, 393, 393, 391, 392, 391, 391,
    391, 390, 390, 394, 392, 392, 392, 390, 390, 393, 391, 391, 391, 391,
    394, 394, 391, 390, 392, 391, 394, 391, 391, 393, 390, 392, 391, 393,
    393, 391, 391, 390, 392, 392, 392, 393, 392, 394, 393, 394, 392, 391,
    394, 394, 392, 391, 393, 391, 391, 392, 394, 390, 390, 394, 390, 392,
    390, 391, 390, 392, 393, 391, 394 ]
LHandPositionsY: [ 246, 242, 243, 244, 244, 243, 241, 243, 244, 240, 240,
    243, 243, 242, 242, 239, 243, 242, 241, 241, 241, 240, 239, 240, 243,
    239, 242, 239, 239, 242, 242, 242, 243, 243, 239, 243, 242, 241, 240,
    243, 242, 241, 243, 240, 241, 239, 239, 241, 239, 242, 242, 243, 242,
    241, 241, 240, 241, 243, 243, 243, 242, 239, 239, 243, 243, 243, 241,
    242, 241, 242, 241, 242, 243, 240, 240, 243, 241, 241, 241, 241, 239,
    243, 241, 239, 239, 239, 239, 241 ]
RHandPositionsX: [ 164, 162, 158, 158, 154, 152, 153, 154, 157, 158, 160,
    158, 159, 154, 152, 153, 149, 148, 159, 160, 164, 162, 158, 154, 152,
    152, 153, 153, 161, 163, 160, 163, 155, 156, 155, 156, 150, 150, 158,
    165, 165, 166, 166, 161, 156, 152, 151, 152, 160, 164, 165, 167, 166,
    168, 167, 167, 162, 166, 161, 158, 161, 167, 175, 177, 183, 186, 186,
    184, 186, 183, 183, 180, 178, 181, 179, 176, 177, 177, 176, 178, 180,
    179, 180, 178, 176, 179, 179, 178 ]
RHandPositionsY: [ 109, 106, 103, 100, 102, 98, 99, 98, 99, 102, 101,
    103, 98, 96, 98, 97, 97, 103, 111, 114, 114, 116, 111, 110, 107, 109,
    107, 108, 116, 120, 119, 112, 113, 107, 109, 103, 105, 105, 113, 122,
    120, 121, 123, 116, 116, 115, 113, 109, 111, 119, 124, 124, 125, 127,
    123, 120, 115, 113, 114, 111, 118, 126, 131, 136, 144, 157, 166, 176,
    184, 195, 202, 212, 221, 229, 232, 232, 237, 240, 243, 240, 246, 246,
    245, 244, 244, 243, 244, 244 ]
