%YAML:1.0
---
videoName: "RHShake00.mp4"
gestureLabel: 2
fps: 29
pixelSizeInCmTemp: 3.4710144927536229e-01
faceCenterPointX: 283
faceCenterPointY: 97
LHandPositionsX: [ 343, 346, 345, 345, 346, 345, 343, 343, 343, 343, 346,
    343, 343, 342, 344, 346, 346, 342, 343, 343, 342, 345, 344, 345, 344,
    346, 343, 346, 342, 346, 346, 342, 343, 345, 343, 343, 342, 342, 346,
    342, 342, 342, 346, 344, 342, 344, 343, 342, 344, 343, 342, 343, 346,
    346, 344, 345, 345, 346, 346, 342, 342, 344, 342, 345, 346, 344, 344,
    344, 346, 346, 342, 343, 346, 342, 346, 344, 344, 343, 345, 343, 342,
    343, 344, 345, 344, 342, 345, 346 ]
LHandPositionsY: [ 274, 276, 275, 276, 275, 273, 274, 273, 273, 275, 272,
    273, 275, 272, 272, 275, 276, 275, 275, 276, 276, 276, 276, 273, 272,
    273, 274, 272, 273, 274, 276, 273, 273, 272, 273, 272, 273, 276, 274,
    275, 273, 276, 272, 275, 276, 272, 275, 275, 272, 273, 276, 276, 275,
    272, 272, 272, 273, 274, 273, 275, 273, 273, 273, 273, 273, 272, 272,
    272, 272, 276, 272, 274, 274, 274, 272, 274, 273, 273, 273, 274, 276,
    273, 273, 273, 274, 275, 273, 275 ]
RHandPositionsX: [ 177, 172, 167, 153, 147, 148, 144, 143, 144, 144, 143,
    145, 152, 167, 169, 167, 168, 166, 165, 161, 153, 153, 146, 150, 151,
    166, 166, 164, 167, 165, 159, 148, 150, 147, 149, 154, 164, 161, 166,
    161, 161, 158, 147, 144, 140, 145, 150, 150, 153, 155, 160, 160, 158,
    151, 147, 147, 146, 149, 157, 161, 159, 162, 165, 160, 157, 149, 148,
    141, 143, 147, 151, 154, 158, 162, 165, 166, 171, 173, 178, 180, 185,
    187, 189, 191, 191, 194, 198, 197 ]
RHandPositionsY: [ 257, 253, 241, 217, 204, 189, 178, 169, 159, 151, 144,
    135, 130, 134, 139, 140, 136, 131, 129, 125, 121, 122, 118, 118, 128,
    132, 132, 133, 137, 129, 129, 125, 125, 126, 130, 134, 137, 141, 141,
    139, 139, 137, 133, 130, 127, 136, 133, 137, 138, 138, 137, 142, 132,
    129, 132, 129, 134, 130, 140, 145, 144, 146, 148, 147, 143, 139, 136,
    137, 140, 148, 154, 163, 170, 174, 180, 190, 200, 206, 214, 221, 227,
    238, 243, 247, 254, 259, 264, 264 ]
