%YAML:1.0
---
videoName: "RHShake21.mp4"
gestureLabel: 2
fps: 29
pixelSizeInCmTemp: 3.3732394366197183e-01
faceCenterPointX: 293
faceCenterPointY: 47
LHandPositionsX: [ 396, 395, 398, 397, 397, 396, 396, 395, 398, 394, 394,
    397, 398, 397, 397, 395, 394, 396, 396, 397, 394, 395, 398, 396, 398,
    397, 395, 395, 394, 394, 397, 398, 398, 398, 394, 397, 396, 397, 395,
    398, 397, 398, 398, 398, 398, 396, 397, 394, 395, 395, 396, 398, 398,
    395, 396, 397, 397, 394, 397, 397, 397, 397, 397, 397, 396, 398, 397,
    396, 396, 397, 394, 397, 395, 394, 398, 396, 397, 396, 397, 396, 394,
    395, 395, 396, 396, 396, 396, 395 ]
LHandPositionsY: [ 242, 239, 239, 238, 238, 239, 241, 238, 239, 241, 239,
    242, 241, 242, 238, 240, 242, 242, 242, 242, 238, 240, 238, 239, 242,
    241, 239, 240, 241, 241, 239, 240, 239, 242, 240, 238, 239, 240, 240,
    238, 239, 242, 238, 242, 239, 240, 242, 240, 238, 239, 240, 239, 238,
    239, 239, 239, 242, 240, 239, 240, 241, 238, 239, 238, 239, 241, 242,
    238, 242, 240, 240, 238, 240, 242, 239, 240, 241, 240, 242, 240, 238,
    241, 242, 238, 239, 238, 241, 238 ]
RHandPositionsX: [ 134, 142, 143, 142, 144, 145, 143, 140, 139, 132, 134,
    143, 145, 149, 149, 149, 147, 144, 140, 139, 136, 137, 140, 147, 149,
    151, 149, 149, 145, 146, 141, 139, 135, 139, 141, 144, 152, 151, 149,
    147, 143, 139, 137, 134, 139, 142, 148, 147, 149, 149, 145, 145, 139,
    135, 131, 136, 137, 148, 156, 163, 169, 176, 176, 182, 180, 183, 188,
    189, 186, 186, 190, 188, 186, 188, 189, 188, 186, 186, 185, 187, 186,
    186, 188, 185, 186, 186, 189, 186 ]
RHandPositionsY: [ 83, 86, 89, 91, 86, 84, 84, 81, 80, 83, 80, 85, 90,
    92, 92, 94, 92, 85, 83, 87, 84, 83, 81, 88, 87, 89, 91, 94, 90, 85,
    86, 84, 85, 84, 85, 91, 94, 95, 94, 89, 86, 86, 87, 86, 84, 91, 97,
    97, 100, 97, 95, 97, 95, 95, 94, 92, 94, 105, 113, 125, 141, 149,
    152, 153, 158, 169, 179, 190, 202, 211, 213, 216, 221, 226, 224, 227,
    229, 228, 228, 230, 230, 229, 229, 227, 227, 230, 231, 227 ]
