%YAML:1.0
---
videoName: "RHShake10.mp4"
gestureLabel: 2
fps: 29
pixelSizeInCmTemp: 3.1933333333333330e-01
faceCenterPointX: 295
faceCenterPointY: 45
LHandPositionsX: [ 342, 340, 340, 338, 341, 339, 338, 335, 332, 330, 334,
    330, 331, 326, 325, 325, 327, 329, 329, 326, 327, 329, 328, 329, 328,
    327, 327, 330, 326, 328, 326, 326, 328, 329, 328, 327, 330, 330, 329,
    329, 330, 328, 330, 329, 330, 326, 328, 329, 329, 328, 327, 329, 328,
    328, 330, 330, 327, 327, 327, 327, 329, 330, 330, 329, 329, 330, 330,
    330, 328, 326, 327, 329, 326, 327, 330, 329, 328, 328, 329, 329, 328,
    329, 329, 330, 330, 330, 328, 326 ]
LHandPositionsY: [ 265, 264, 266, 264, 265, 267, 270, 269, 269, 271, 271,
    269, 272, 274, 270, 273, 272, 273, 270, 274, 274, 272, 274, 271, 273,
    270, 270, 270, 270, 273, 271, 272, 271, 272, 270, 273, 269, 269, 268,
    268, 270, 269, 268, 271, 269, 270, 270, 272, 270, 271, 271, 270, 272,
    268, 271, 268, 272, 271, 270, 269, 269, 269, 270, 270, 268, 272, 269,
    268, 272, 270, 269, 271, 268, 270, 267, 267, 270, 268, 270, 270, 270,
    270, 270, 271, 268, 272, 269, 271 ]
RHandPositionsX: [ 263, 262, 264, 259, 263, 259, 263, 261, 259, 259, 261,
    259, 261, 257, 262, 259, 260, 253, 262, 251, 239, 223, 199, 183, 167,
    155, 136, 135, 135, 135, 144, 149, 152, 164, 164, 163, 157, 157, 161,
    157, 162, 173, 177, 180, 176, 177, 174, 169, 169, 170, 172, 187, 191,
    195, 189, 180, 180, 175, 173, 182, 182, 187, 191, 193, 192, 182, 179,
    176, 177, 181, 176, 193, 195, 205, 214, 219, 226, 230, 237, 243, 250,
    251, 248, 258, 261, 260, 262, 262 ]
RHandPositionsY: [ 264, 265, 266, 267, 267, 263, 264, 263, 266, 266, 265,
    269, 265, 266, 266, 268, 269, 266, 268, 255, 242, 229, 210, 191, 171,
    151, 128, 116, 114, 98, 88, 89, 90, 89, 88, 81, 79, 79, 77, 78, 80,
    83, 89, 84, 80, 76, 75, 75, 78, 82, 82, 86, 90, 93, 87, 85, 83, 84,
    79, 83, 88, 94, 93, 95, 90, 87, 83, 80, 82, 86, 93, 103, 125, 147,
    164, 179, 196, 212, 229, 243, 256, 257, 259, 265, 265, 264, 267, 269 ]
