%YAML:1.0
---
videoName: "RHShake21.mp4"
gestureLabel: 2
fps: 29
pixelSizeInCmTemp: 3.3732394366197183e-01
faceCenterPointX: 293
faceCenterPointY: 47
LHandPositionsX: [ 396, 395, 396, 395, 397, 396, 398, 395, 394, 396, 398,
    397, 396, 396, 394, 398, 397, 394, 398, 394, 398, 397, 398, 395, 398,
    394, 396, 396, 397, 398, 397, 394, 395, 395, 396, 396, 397, 397, 398,
    398, 394, 395, 397, 395, 394, 395, 396, 397, 397, 397, 398, 394, 398,
    398, 398, 395, 397, 398, 397, 398, 394, 394, 398, 396, 394, 397, 395,
    395, 396, 394, 397, 395, 397, 398, 397, 397, 395, 394, 397, 396, 397,
    395, 395, 398, 395, 396, 398, 398 ]
LHandPositionsY: [ 239, 238, 241, 241, 242, 242, 241, 242, 242, 240, 238,
    242, 238, 242, 242, 239, 242, 240, 239, 241, 239, 238, 241, 242, 240,
    241, 239, 242, 241, 241, 242, 240, 242, 238, 241, 239, 242, 240, 240,
    240, 239, 240, 239, 240, 240, 241, 240, 241, 241, 242, 242, 239, 239,
    240, 241, 240, 240, 240, 238, 241, 242, 242, 242, 240, 240, 240, 242,
    240, 242, 238, 241, 239, 240, 242, 238, 238, 239, 242, 242, 239, 241,
    241, 238, 240, 241, 238, 239, 240 ]
RHandPositionsX: [ 135, 142, 144, 143, 148, 145, 146, 142, 136, 136, 132,
    140, 143, 147, 149, 150, 149, 144, 141, 136, 134, 135, 138, 146, 146,
    150, 151, 148, 146, 143, 138, 138, 136, 137, 142, 148, 148, 152, 148,
    148, 144, 139, 138, 136, 135, 141, 146, 146, 151, 152, 147, 142, 138,
    135, 135, 137, 141, 147, 154, 163, 172, 179, 179, 178, 181, 184, 185,
    189, 189, 189, 190, 188, 188, 186, 187, 190, 189, 189, 189, 185, 185,
    186, 186, 187, 185, 189, 189, 187 ]
RHandPositionsY: [ 79, 87, 90, 89, 89, 83, 83, 79, 81, 79, 82, 86, 91,
    91, 90, 94, 89, 88, 87, 86, 87, 81, 80, 88, 87, 91, 94, 90, 91, 87,
    85, 87, 83, 87, 85, 88, 94, 93, 95, 91, 87, 87, 85, 84, 84, 93, 98,
    95, 100, 97, 97, 94, 92, 91, 92, 89, 96, 104, 117, 128, 138, 152,
    154, 151, 162, 171, 178, 188, 201, 210, 216, 213, 218, 228, 225, 224,
    229, 231, 231, 229, 230, 230, 227, 230, 227, 227, 229, 231 ]
