%YAML:1.0
---
videoName: "RHShake11.mp4"
gestureLabel: 2
fps: 29
pixelSizeInCmTemp: 3.3263888888888887e-01
faceCenterPointX: 274
faceCenterPointY: 53
LHandPositionsX: [ 309, 309, 309, 311, 311, 309, 309, 310, 307, 310, 311,
    308, 310, 310, 308, 310, 310, 309, 310, 307, 307, 307, 310, 310, 311,
    310, 310, 311, 310, 308, 307, 308, 309, 308, 308, 308, 311, 309, 311,
    309, 311, 311, 310, 308, 310, 307, 310, 308, 310, 310, 309, 307, 310,
    309, 309, 309, 307, 309, 307, 308, 309, 310, 311, 307, 310, 307, 309,
    309, 310, 307, 309, 310, 311, 307, 308, 310, 308, 305, 307, 304, 306,
    306, 305, 305, 307, 307, 303, 303 ]
LHandPositionsY: [ 245, 245, 245, 246, 246, 248, 248, 247, 249, 247, 247,
    245, 249, 247, 246, 248, 248, 246, 245, 245, 246, 246, 248, 247, 246,
    248, 248, 248, 245, 246, 249, 245, 249, 249, 247, 247, 249, 247, 248,
    247, 247, 246, 249, 245, 246, 245, 247, 245, 245, 245, 246, 245, 247,
    247, 249, 246, 247, 245, 246, 246, 245, 245, 248, 247, 249, 246, 245,
    247, 245, 244, 244, 243, 247, 244, 244, 247, 247, 246, 245, 247, 244,
    246, 247, 246, 246, 246, 245, 244 ]
RHandPositionsX: [ 247, 251, 247, 244, 236, 227, 208, 193, 174, 157, 147,
    141, 147, 143, 150, 157, 161, 163, 172, 172, 171, 163, 156, 152, 152,
    154, 158, 164, 169, 165, 170, 166, 164, 158, 156, 155, 154, 151, 156,
    165, 170, 167, 171, 167, 166, 159, 156, 160, 158, 157, 162, 174, 175,
    176, 177, 179, 172, 170, 165, 163, 158, 159, 162, 164, 173, 179, 191,
    207, 218, 228, 240, 250, 255, 258, 264, 260, 262, 262, 261, 261, 259,
    260, 259, 258, 261, 262, 262, 260 ]
RHandPositionsY: [ 247, 249, 249, 243, 232, 221, 206, 191, 175, 159, 140,
    125, 125, 111, 104, 101, 107, 106, 103, 101, 104, 100, 101, 96, 95,
    97, 94, 98, 99, 101, 99, 99, 99, 96, 97, 94, 96, 94, 101, 105, 103,
    104, 106, 102, 102, 104, 99, 100, 98, 97, 101, 104, 105, 106, 106,
    106, 103, 101, 101, 103, 103, 102, 105, 105, 117, 131, 142, 155, 174,
    188, 200, 214, 220, 230, 237, 237, 235, 238, 240, 238, 239, 239, 241,
    238, 241, 238, 239, 241 ]
