%YAML:1.0
---
videoName: "RHShake17.mp4"
gestureLabel: 2
fps: 29
pixelSizeInCmTemp: 3.3732394366197183e-01
faceCenterPointX: 282
faceCenterPointY: 40
LHandPositionsX: [ 307, 307, 307, 309, 306, 306, 306, 306, 309, 309, 309,
    309, 308, 308, 308, 309, 309, 308, 305, 308, 307, 308, 305, 308, 306,
    306, 305, 306, 307, 308, 305, 305, 308, 305, 306, 307, 305, 306, 307,
    309, 307, 308, 307, 307, 309, 307, 310, 309, 307, 310, 312, 308, 311,
    311, 308, 311, 307, 307, 308, 307, 308, 311, 310, 311, 307, 309, 311,
    307, 307, 309, 309, 311, 309, 306, 306, 309, 308, 308, 308, 309, 309,
    306, 306, 309, 307, 308, 308, 306 ]
LHandPositionsY: [ 234, 235, 235, 234, 234, 233, 231, 231, 235, 233, 232,
    233, 232, 233, 235, 233, 231, 233, 233, 233, 232, 235, 235, 233, 234,
    231, 231, 232, 234, 232, 231, 232, 234, 232, 235, 232, 233, 235, 234,
    234, 231, 234, 232, 232, 231, 233, 235, 234, 233, 231, 232, 231, 233,
    235, 231, 233, 232, 232, 232, 232, 233, 235, 234, 231, 232, 232, 233,
    233, 232, 231, 231, 234, 232, 234, 232, 232, 232, 233, 235, 233, 233,
    234, 234, 233, 235, 235, 233, 233 ]
RHandPositionsX: [ 210, 196, 174, 161, 140, 143, 142, 148, 143, 143, 145,
    149, 157, 152, 149, 147, 145, 141, 143, 145, 163, 157, 155, 154, 150,
    146, 146, 141, 146, 151, 153, 159, 158, 157, 150, 144, 140, 140, 138,
    154, 151, 154, 157, 158, 153, 151, 148, 153, 155, 155, 173, 169, 166,
    165, 159, 159, 152, 150, 149, 151, 155, 166, 172, 178, 176, 176, 177,
    175, 174, 168, 177, 173, 168, 171, 170, 169, 172, 170, 168, 169, 171,
    170, 171, 169, 169, 168, 170, 170 ]
RHandPositionsY: [ 202, 185, 166, 147, 130, 111, 110, 102, 97, 89, 96,
    91, 84, 81, 74, 71, 69, 67, 70, 74, 80, 77, 75, 71, 67, 65, 68, 69,
    64, 68, 68, 70, 67, 66, 67, 64, 63, 64, 67, 82, 83, 83, 79, 79, 77,
    72, 74, 75, 73, 75, 90, 90, 83, 80, 77, 80, 80, 79, 77, 83, 93, 106,
    121, 135, 148, 158, 172, 180, 190, 198, 209, 215, 221, 231, 233, 233,
    237, 237, 238, 240, 241, 242, 243, 241, 240, 246, 244, 243 ]
