%YAML:1.0
---
videoName: "RHShake10.mp4"
gestureLabel: 2
fps: 29
pixelSizeInCmTemp: 3.1933333333333330e-01
faceCenterPointX: 295
faceCenterPointY: 45
LHandPositionsX: [ 341, 340, 339, 340, 338, 338, 337, 333, 333, 332, 331,
    329, 331, 329, 328, 327, 329, 328, 328, 329, 327, 328, 329, 328, 326,
    326, 326, 328, 328, 330, 329, 327, 327, 329, 327, 326, 328, 328, 330,
    328, 330, 327, 327, 326, 326, 327, 326, 326, 330, 329, 328, 327, 329,
    328, 327, 327, 326, 326, 330, 328, 329, 327, 329, 329, 329, 328, 329,
    326, 328, 330, 329, 327, 330, 327, 327, 331, 330, 330, 330, 329, 329,
    331, 331, 327, 329, 327, 330, 327 ]
LHandPositionsY: [ 266, 267, 266, 266, 265, 265, 266, 270, 267, 268, 269,
    270, 273, 272, 270, 274, 272, 270, 274, 272, 270, 270, 274, 273, 272,
    274, 272, 271, 273, 272, 273, 273, 271, 269, 272, 271, 270, 268, 270,
    268, 269, 271, 271, 269, 268, 268, 270, 271, 270, 270, 272, 269, 271,
    271, 268, 272, 271, 272, 268, 268, 268, 269, 272, 268, 269, 271, 269,
    268, 271, 270, 268, 272, 272, 268, 267, 267, 270, 271, 267, 267, 267,
    268, 268, 267, 269, 269, 268, 273 ]
RHandPositionsX: [ 260, 260, 264, 263, 260, 259, 260, 259, 260, 257, 258,
    259, 261, 259, 261, 260, 261, 253, 261, 251, 241, 224, 203, 183, 168,
    153, 137, 137, 135, 139, 145, 150, 152, 162, 167, 161, 157, 161, 159,
    160, 165, 174, 181, 179, 176, 176, 174, 169, 173, 168, 175, 187, 192,
    197, 191, 180, 176, 179, 176, 179, 179, 187, 192, 193, 192, 185, 180,
    177, 176, 177, 178, 192, 196, 204, 211, 220, 227, 233, 238, 246, 253,
    254, 252, 257, 264, 263, 258, 259 ]
RHandPositionsY: [ 265, 264, 264, 267, 263, 266, 267, 263, 266, 268, 266,
    268, 269, 268, 269, 265, 269, 264, 265, 257, 242, 227, 210, 190, 169,
    153, 130, 114, 111, 100, 86, 86, 87, 89, 84, 83, 82, 78, 76, 80, 81,
    84, 86, 84, 81, 79, 76, 76, 77, 78, 83, 90, 91, 93, 85, 86, 81, 81,
    83, 86, 89, 93, 93, 95, 88, 89, 85, 84, 83, 85, 96, 107, 124, 144,
    161, 179, 197, 213, 227, 246, 258, 258, 260, 263, 266, 265, 267, 269 ]
