%YAML:1.0
---
videoName: "RHShake05.mp4"
gestureLabel: 2
fps: 30
pixelSizeInCmTemp: 3.1103896103896100e-01
faceCenterPointX: 295
faceCenterPointY: 47
LHandPositionsX: [ 409, 410, 409, 412, 411, 410, 408, 411, 411, 410, 410,
    410, 409, 408, 412, 409, 408, 409, 412, 412, 410, 408, 411, 409, 412,
    408, 411, 408, 408, 410, 408, 410, 412, 408, 411, 412, 410, 410, 412,
    412, 408, 411, 411, 409, 409, 410, 411, 412, 412, 412, 408, 410, 412,
    411, 408, 411, 411, 408, 410, 412, 409, 410, 409, 409, 410, 411, 411,
    412, 410, 412, 408, 409, 408, 410, 412, 408, 409, 410, 410, 412, 411,
    412, 408, 411, 412, 408, 411, 412, 411, 411, 412 ]
LHandPositionsY: [ 260, 259, 258, 261, 259, 257, 260, 261, 261, 257, 257,
    260, 261, 258, 258, 258, 258, 259, 257, 260, 258, 258, 258, 258, 258,
    260, 258, 261, 260, 258, 261, 260, 259, 257, 259, 257, 257, 261, 258,
    260, 257, 258, 257, 258, 260, 257, 261, 257, 259, 257, 260, 258, 257,
    258, 260, 258, 258, 259, 259, 260, 258, 258, 261, 258, 259, 261, 259,
    259, 261, 260, 259, 261, 257, 261, 259, 258, 257, 259, 258, 258, 259,
    259, 259, 260, 261, 257, 259, 259, 259, 257, 260 ]
RHandPositionsX: [ 175, 173, 174, 176, 175, 174, 176, 177, 176, 173, 176,
    175, 174, 172, 173, 174, 175, 175, 174, 174, 172, 172, 173, 178, 176,
    178, 180, 179, 173, 167, 152, 156, 153, 160, 165, 176, 190, 201, 188,
    183, 174, 171, 170, 170, 177, 179, 188, 181, 177, 171, 173, 167, 167,
    176, 179, 188, 182, 179, 172, 169, 166, 167, 177, 188, 192, 194, 188,
    179, 177, 180, 183, 180, 188, 195, 195, 190, 184, 175, 169, 171, 171,
    174, 183, 186, 190, 191, 185, 178, 177, 177, 178 ]
RHandPositionsY: [ 259, 261, 262, 258, 258, 259, 259, 262, 262, 258, 258,
    261, 259, 258, 262, 259, 258, 261, 259, 260, 262, 259, 263, 261, 259,
    253, 231, 208, 183, 157, 129, 127, 106, 93, 88, 92, 92, 95, 89, 83,
    82, 78, 77, 79, 85, 84, 80, 82, 79, 75, 74, 76, 79, 83, 84, 89, 88,
    84, 85, 83, 80, 86, 87, 90, 94, 90, 89, 85, 82, 86, 82, 88, 91, 90,
    90, 91, 89, 85, 86, 93, 111, 132, 157, 180, 202, 223, 226, 236, 241,
    250, 247 ]
