%YAML:1.0
---
videoName: "RHShake08.mp4"
gestureLabel: 2
fps: 29
pixelSizeInCmTemp: 3.2808219178082193e-01
faceCenterPointX: 290
faceCenterPointY: 45
LHandPositionsX: [ 314, 316, 313, 317, 315, 314, 313, 312, 315, 310, 308,
    312, 310, 311, 308, 308, 309, 310, 307, 310, 309, 308, 308, 306, 306,
    307, 307, 309, 306, 310, 308, 307, 306, 307, 308, 310, 310, 310, 310,
    309, 309, 309, 306, 306, 309, 306, 308, 309, 305, 308, 309, 309, 307,
    308, 308, 305, 306, 306, 305, 307, 307, 306, 308, 305, 306, 305, 307,
    309, 308, 306, 307, 308, 308, 306, 307, 306, 309, 308, 306, 308, 309,
    305, 309, 310, 311, 309, 309, 311 ]
LHandPositionsY: [ 282, 281, 282, 279, 279, 279, 282, 283, 284, 282, 281,
    284, 281, 283, 282, 281, 281, 282, 282, 283, 282, 283, 282, 284, 284,
    285, 283, 281, 285, 282, 284, 283, 281, 282, 284, 283, 284, 282, 284,
    284, 281, 283, 284, 283, 282, 284, 282, 282, 283, 284, 284, 280, 282,
    282, 281, 283, 283, 281, 284, 280, 282, 280, 283, 280, 281, 283, 280,
    282, 284, 281, 282, 283, 284, 282, 280, 283, 283, 282, 284, 284, 283,
    283, 281, 284, 283, 282, 281, 284 ]
RHandPositionsX: [ 268, 268, 269, 272, 272, 269, 274, 275, 268, 257, 261,
    254, 252, 234, 220, 203, 188, 162, 154, 160, 165, 173, 198, 198, 203,
    201, 195, 191, 181, 181, 189, 190, 202, 198, 195, 194, 184, 183, 179,
    177, 193, 190, 186, 184, 181, 176, 174, 171, 177, 180, 183, 190, 189,
    188, 192, 191, 189, 204, 204, 217, 214, 206, 204, 201, 198, 197, 203,
    206, 213, 211, 214, 214, 223, 229, 239, 246, 252, 261, 261, 265, 267,
    270, 268, 272, 274, 275, 273, 271 ]
RHandPositionsY: [ 268, 269, 267, 268, 267, 270, 266, 267, 268, 265, 253,
    242, 232, 220, 202, 184, 172, 153, 129, 128, 112, 109, 108, 104, 107,
    104, 101, 95, 91, 91, 92, 91, 97, 94, 96, 88, 87, 87, 86, 91, 93, 95,
    94, 90, 91, 88, 84, 86, 90, 92, 94, 97, 97, 95, 92, 89, 93, 95, 98,
    95, 98, 99, 95, 93, 94, 92, 95, 100, 104, 106, 110, 124, 129, 144,
    159, 174, 191, 214, 226, 243, 256, 262, 259, 261, 261, 266, 264, 264 ]
