%YAML:1.0
---
videoName: "RHShake16.mp4"
gestureLabel: 2
fps: 29
pixelSizeInCmTemp: 3.2808219178082193e-01
faceCenterPointX: 281
faceCenterPointY: 44
LHandPositionsX: [ 373, 371, 373, 372, 370, 372, 369, 372, 369, 373, 369,
    370, 369, 370, 370, 372, 372, 369, 370, 371, 369, 372, 371, 372, 372,
    370, 371, 370, 370, 371, 371, 372, 373, 369, 369, 371, 369, 369, 372,
    370, 369, 372, 373, 373, 371, 372, 373, 373, 373, 369, 370, 370, 369,
    370, 369, 369, 370, 372, 372, 372, 372, 370, 373, 373, 372, 369, 372,
    369, 373, 372, 372, 371, 371, 372, 372, 373, 371, 371, 369, 370, 369,
    372, 370, 370, 373, 371, 373, 370 ]
LHandPositionsY: [ 230, 230, 234, 232, 230, 234, 230, 234, 232, 230, 231,
    231, 230, 233, 232, 233, 234, 230, 232, 233, 233, 234, 231, 234, 231,
    230, 230, 231, 232, 232, 231, 233, 232, 234, 232, 233, 232, 232, 234,
    230, 232, 231, 232, 231, 234, 232, 234, 230, 231, 230, 233, 233, 232,
    230, 231, 231, 231, 231, 232, 231, 229, 230, 229, 230, 230, 230, 230,
    229, 230, 232, 232, 233, 229, 230, 232, 231, 232, 233, 230, 232, 230,
    230, 229, 232, 231, 231, 233, 232 ]
RHandPositionsX: [ 167, 168, 170, 169, 167, 168, 169, 167, 169, 168, 167,
    167, 170, 167, 169, 170, 170, 169, 164, 154, 155, 149, 139, 131, 127,
    121, 118, 120, 125, 122, 127, 131, 138, 141, 143, 142, 139, 134, 139,
    137, 141, 143, 150, 149, 146, 146, 149, 148, 147, 149, 151, 153, 152,
    150, 148, 145, 148, 145, 147, 151, 152, 159, 155, 151, 154, 151, 151,
    151, 150, 163, 166, 171, 173, 178, 179, 172, 176, 174, 174, 169, 172,
    169, 171, 168, 171, 168, 172, 168 ]
RHandPositionsY: [ 267, 266, 267, 269, 267, 266, 267, 267, 268, 265, 267,
    268, 266, 267, 267, 265, 266, 263, 256, 241, 221, 199, 176, 161, 143,
    131, 116, 117, 109, 104, 107, 105, 99, 96, 93, 96, 94, 89, 88, 88,
    89, 88, 92, 90, 90, 89, 87, 86, 88, 89, 90, 90, 90, 88, 89, 88, 85,
    88, 90, 88, 93, 91, 87, 88, 87, 87, 89, 92, 104, 119, 132, 146, 159,
    171, 185, 190, 193, 202, 213, 218, 224, 225, 225, 233, 238, 234, 235,
    235 ]
