%YAML:1.0
---
videoName: "RHShake21.mp4"
gestureLabel: 2
fps: 29
pixelSizeInCmTemp: 3.3732394366197183e-01
faceCenterPointX: 293
faceCenterPointY: 47
LHandPositionsX: [ 397, 394, 395, 397, 395, 397, 394, 396, 394, 396, 395,
    396, 394, 395, 394, 398, 397, 398, 394, 395, 395, 397, 396, 398, 396,
    396, 395, 394, 397, 394, 396, 394, 396, 398, 395, 397, 396, 398, 397,
    398, 398, 397, 394, 396, 398, 397, 395, 397, 398, 395, 394, 394, 396,
    396, 396, 396, 394, 394, 397, 396, 394, 397, 397, 396, 398, 398, 394,
    396, 397, 394, 396, 397, 397, 398, 396, 398, 398, 397, 395, 398, 396,
    394, 398, 395, 396, 396, 398, 398 ]
LHandPositionsY: [ 241, 242, 238, 242, 242, 238, 242, 242, 242, 241, 238,
    239, 239, 239, 239, 242, 241, 241, 241, 238, 240, 239, 241, 239, 242,
    240, 239, 241, 241, 240, 238, 241, 238, 240, 242, 239, 240, 239, 238,
    239, 238, 242, 239, 239, 238, 238, 242, 238, 240, 239, 239, 242, 239,
    242, 240, 238, 239, 242, 241, 238, 238, 238, 241, 242, 238, 240, 238,
    238, 241, 239, 242, 241, 240, 239, 240, 238, 242, 241, 240, 242, 238,
    242, 241, 241, 242, 240, 240, 238 ]
RHandPositionsX: [ 134, 140, 140, 145, 144, 146, 145, 140, 137, 132, 134,
    141, 146, 150, 147, 150, 149, 142, 139, 138, 133, 135, 138, 143, 147,
    150, 149, 150, 148, 143, 141, 137, 136, 140, 140, 146, 151, 153, 148,
    148, 143, 136, 138, 137, 135, 141, 145, 150, 148, 152, 148, 142, 140,
    135, 132, 133, 139, 144, 152, 161, 168, 176, 179, 178, 180, 185, 188,
    185, 187, 189, 191, 191, 189, 186, 186, 189, 189, 185, 188, 185, 185,
    186, 188, 185, 187, 187, 186, 187 ]
RHandPositionsY: [ 80, 88, 90, 91, 88, 83, 83, 80, 80, 82, 80, 85, 91,
    89, 90, 93, 91, 84, 83, 84, 84, 82, 81, 85, 90, 93, 92, 92, 90, 85,
    87, 87, 81, 87, 88, 87, 90, 96, 92, 90, 89, 86, 86, 87, 82, 89, 96,
    99, 97, 97, 95, 94, 95, 95, 93, 89, 94, 105, 116, 126, 139, 150, 154,
    152, 162, 170, 178, 190, 198, 209, 215, 213, 218, 227, 227, 225, 227,
    231, 229, 231, 229, 230, 228, 228, 227, 228, 229, 230 ]
