%YAML:1.0
---
videoName: "RHShake00.mp4"
gestureLabel: 2
fps: 29
pixelSizeInCmTemp: 3.4710144927536229e-01
faceCenterPointX: 283
faceCenterPointY: 97
LHandPositionsX: [ 344, 343, 345, 346, 345, 342, 344, 343, 344, 343, 342,
    343, 343, 343, 344, 346, 345, 346, 345, 342, 345, 344, 342, 345, 343,
    343, 343, 342, 344, 345, 345, 342, 342, 342, 345, 342, 344, 343, 342,
    342, 342, 345, 342, 344, 342, 344, 345, 345, 343, 343, 345, 344, 346,
    343, 342, 345, 344, 342, 343, 345, 345, 344, 345, 344, 342, 346, 345,
    343, 345, 343, 343, 346, 344, 346, 345, 343, 345, 346, 345, 343, 342,
    342, 346, 342, 343, 345, 344, 344 ]
LHandPositionsY: [ 276, 275, 275, 276, 276, 274, 273, 275, 272, 275, 273,
    276, 276, 275, 273, 273, 273, 275, 274, 273, 274, 274, 274, 274, 272,
    275, 273, 273, 274, 272, 275, 274, 276, 276, 275, 273, 274, 272, 276,
    273, 276, 272, 274, 272, 276, 276, 272, 273, 274, 274, 274, 275, 272,
    275, 276, 274, 273, 275, 274, 272, 276, 276, 274, 274, 272, 273, 275,
    276, 272, 273, 272, 276, 274, 274, 272, 274, 273, 275, 272, 276, 276,
    275, 274, 273, 272, 272, 273, 276 ]
RHandPositionsX: [ 176, 173, 167, 156, 151, 145, 147, 145, 145, 143, 146,
    147, 152, 168, 165, 164, 167, 169, 166, 157, 154, 154, 146, 151, 155,
    163, 166, 164, 168, 162, 159, 152, 149, 146, 152, 157, 162, 162, 162,
    162, 163, 157, 149, 144, 140, 145, 149, 154, 152, 157, 158, 161, 156,
    150, 146, 147, 145, 147, 156, 160, 162, 160, 167, 160, 155, 153, 145,
    143, 142, 147, 152, 153, 158, 162, 163, 166, 168, 174, 175, 178, 186,
    188, 187, 192, 195, 195, 199, 195 ]
RHandPositionsY: [ 257, 253, 242, 218, 204, 187, 178, 169, 160, 151, 141,
    135, 131, 135, 138, 141, 136, 132, 127, 125, 122, 123, 119, 122, 126,
    133, 134, 135, 137, 130, 127, 127, 128, 124, 130, 136, 137, 142, 137,
    139, 140, 133, 133, 129, 128, 136, 131, 137, 136, 140, 139, 138, 135,
    132, 129, 132, 132, 130, 141, 146, 146, 143, 149, 144, 143, 140, 139,
    138, 141, 150, 157, 164, 170, 177, 181, 188, 197, 205, 213, 220, 231,
    238, 241, 248, 252, 257, 262, 263 ]
