%YAML:1.0
---
videoName: "RHShake06.mp4"
gestureLabel: 2
fps: 30
pixelSizeInCmTemp: 3.2808219178082193e-01
faceCenterPointX: 293
faceCenterPointY: 43
LHandPositionsX: [ 308, 307, 306, 308, 308, 310, 306, 306, 306, 310, 306,
    306, 307, 309, 310, 311, 310, 313, 316, 317, 321, 319, 321, 321, 323,
    323, 319, 319, 323, 321, 320, 322, 326, 325, 322, 326, 324, 326, 323,
    324, 324, 325, 326, 324, 326, 325, 323, 325, 324, 326, 324, 322, 325,
    324, 322, 325, 322, 326, 325, 326, 322, 322, 323, 322, 325, 324, 323,
    324, 324, 322, 326, 326, 325, 322, 323, 323, 323, 324, 322, 326, 326,
    324, 326, 321, 316, 316, 311, 311, 309, 313, 309 ]
LHandPositionsY: [ 267, 267, 266, 269, 268, 269, 269, 267, 268, 268, 269,
    270, 266, 270, 268, 266, 267, 271, 264, 265, 265, 260, 263, 261, 260,
    262, 260, 261, 261, 259, 259, 258, 259, 259, 261, 259, 259, 259, 261,
    258, 259, 262, 262, 262, 260, 258, 262, 262, 260, 261, 258, 260, 260,
    260, 260, 262, 259, 259, 259, 260, 262, 258, 262, 260, 258, 259, 258,
    262, 260, 262, 261, 260, 258, 260, 259, 261, 262, 262, 262, 262, 262,
    259, 259, 263, 262, 264, 264, 265, 265, 263, 265 ]
RHandPositionsX: [ 289, 287, 286, 285, 284, 284, 285, 287, 284, 285, 284,
    288, 288, 288, 287, 287, 284, 287, 280, 265, 244, 227, 202, 180, 160,
    144, 136, 135, 140, 141, 142, 144, 161, 166, 162, 159, 164, 163, 161,
    155, 162, 169, 180, 191, 187, 183, 178, 172, 170, 170, 169, 166, 174,
    181, 183, 184, 182, 189, 178, 173, 170, 165, 167, 181, 178, 179, 173,
    172, 163, 163, 163, 165, 173, 179, 194, 190, 208, 223, 234, 240, 247,
    252, 255, 250, 249, 254, 253, 251, 252, 253, 255 ]
RHandPositionsY: [ 270, 267, 266, 268, 270, 267, 267, 268, 267, 267, 267,
    268, 266, 267, 266, 266, 269, 271, 263, 260, 248, 235, 218, 201, 178,
    159, 139, 122, 112, 104, 114, 115, 129, 115, 111, 105, 99, 89, 92,
    93, 92, 95, 97, 100, 97, 98, 95, 92, 90, 91, 87, 91, 94, 98, 98, 101,
    95, 101, 95, 93, 91, 90, 94, 103, 99, 103, 102, 100, 102, 106, 116,
    127, 145, 160, 178, 182, 195, 203, 217, 224, 229, 236, 235, 239, 239,
    242, 244, 242, 241, 245, 245 ]
