%YAML:1.0
---
videoName: "RHShake09.mp4"
gestureLabel: 2
fps: 29
pixelSizeInCmTemp: 3.1103896103896100e-01
faceCenterPointX: 296
faceCenterPointY: 48
LHandPositionsX: [ 328, 327, 326, 324, 324, 322, 322, 324, 320, 319, 316,
    314, 315, 313, 311, 313, 309, 308, 310, 307, 310, 307, 308, 306, 306,
    309, 306, 306, 304, 308, 307, 310, 308, 312, 308, 309, 311, 307, 311,
    310, 309, 308, 308, 312, 312, 313, 312, 312, 314, 312, 313, 312, 312,
    312, 313, 313, 316, 315, 313, 314, 316, 313, 315, 313, 313, 316, 314,
    315, 317, 315, 315, 317, 314, 318, 317, 314, 317, 316, 317, 314, 317,
    315, 316, 318, 313, 318, 314, 317 ]
LHandPositionsY: [ 267, 266, 270, 269, 270, 271, 270, 270, 272, 270, 270,
    275, 271, 273, 272, 272, 276, 275, 273, 274, 274, 273, 274, 274, 272,
    273, 272, 276, 274, 274, 275, 273, 274, 273, 276, 276, 273, 273, 273,
    274, 275, 277, 273, 276, 276, 275, 276, 275, 276, 273, 273, 274, 273,
    273, 274, 276, 273, 276, 273, 276, 273, 276, 273, 272, 275, 273, 272,
    275, 272, 273, 276, 272, 272, 274, 272, 277, 272, 273, 276, 275, 274,
    274, 272, 272, 276, 276, 275, 272 ]
RHandPositionsX: [ 262, 265, 266, 265, 261, 263, 264, 263, 262, 261, 260,
    259, 259, 260, 257, 258, 257, 256, 257, 256, 258, 256, 255, 254, 256,
    255, 255, 255, 252, 259, 263, 261, 253, 243, 222, 202, 188, 175, 169,
    172, 173, 175, 179, 183, 186, 187, 182, 181, 178, 176, 187, 187, 190,
    201, 194, 184, 180, 176, 179, 185, 184, 183, 193, 191, 187, 180, 174,
    174, 172, 181, 183, 188, 187, 180, 180, 178, 183, 178, 186, 192, 191,
    190, 197, 204, 208, 214, 229, 239 ]
RHandPositionsY: [ 260, 263, 266, 266, 265, 265, 266, 266, 267, 267, 269,
    267, 269, 266, 269, 268, 268, 265, 266, 267, 269, 266, 266, 268, 265,
    266, 269, 267, 269, 266, 269, 258, 248, 229, 213, 195, 178, 156, 137,
    132, 116, 107, 104, 110, 110, 105, 100, 88, 88, 88, 89, 98, 96, 95,
    95, 93, 86, 86, 89, 88, 92, 95, 99, 96, 91, 85, 85, 89, 88, 94, 99,
    95, 93, 96, 94, 93, 87, 91, 97, 105, 105, 110, 122, 131, 141, 156,
    170, 188 ]
