%YAML:1.0
---
videoName: "RHShake10.mp4"
gestureLabel: 2
fps: 29
pixelSizeInCmTemp: 3.1933333333333330e-01
faceCenterPointX: 295
faceCenterPointY: 45
LHandPositionsX: [ 339, 341, 341, 341, 342, 337, 337, 335, 331, 331, 335,
    332, 328, 329, 325, 326, 329, 326, 328, 328, 326, 328, 330, 329, 326,
    326, 329, 328, 326, 330, 326, 330, 328, 328, 330, 328, 330, 328, 326,
    327, 329, 326, 328, 327, 330, 326, 330, 328, 326, 326, 326, 327, 326,
    330, 329, 328, 326, 328, 326, 326, 328, 327, 327, 329, 329, 328, 330,
    330, 330, 326, 329, 326, 329, 329, 328, 329, 331, 328, 331, 331, 329,
    330, 331, 328, 331, 331, 330, 326 ]
LHandPositionsY: [ 262, 265, 267, 268, 267, 267, 267, 267, 270, 272, 270,
    269, 271, 272, 272, 273, 274, 273, 274, 271, 271, 272, 270, 272, 271,
    273, 272, 272, 272, 272, 269, 270, 273, 270, 273, 273, 272, 271, 268,
    268, 269, 269, 271, 270, 272, 272, 271, 269, 269, 269, 272, 270, 268,
    269, 269, 268, 272, 272, 270, 272, 272, 271, 271, 268, 268, 269, 272,
    272, 269, 271, 270, 270, 270, 269, 271, 268, 270, 271, 268, 270, 269,
    268, 267, 267, 268, 271, 269, 270 ]
RHandPositionsX: [ 263, 261, 260, 260, 262, 260, 263, 262, 258, 258, 260,
    259, 260, 259, 259, 260, 258, 253, 262, 253, 238, 223, 201, 185, 166,
    156, 136, 135, 135, 139, 144, 151, 153, 161, 165, 164, 157, 160, 162,
    158, 162, 172, 180, 179, 174, 176, 171, 169, 171, 168, 176, 185, 189,
    193, 189, 180, 176, 176, 175, 182, 179, 188, 192, 192, 190, 181, 180,
    175, 173, 178, 177, 192, 197, 202, 213, 218, 227, 231, 237, 246, 250,
    253, 248, 258, 262, 262, 261, 260 ]
RHandPositionsY: [ 265, 267, 267, 267, 267, 264, 267, 265, 264, 268, 265,
    269, 268, 268, 268, 265, 266, 265, 268, 258, 243, 230, 209, 193, 171,
    152, 129, 115, 111, 96, 87, 88, 87, 87, 87, 84, 80, 79, 77, 77, 81,
    81, 85, 85, 82, 76, 76, 74, 77, 82, 82, 88, 88, 95, 85, 83, 82, 85,
    80, 85, 88, 92, 94, 95, 89, 88, 81, 83, 83, 88, 96, 103, 124, 147,
    161, 178, 196, 212, 228, 243, 256, 256, 260, 261, 267, 267, 265, 267 ]
