%YAML:1.0
---
videoName: "RHShake14.mp4"
gestureLabel: 2
fps: 30
pixelSizeInCmTemp: 3.2808219178082193e-01
faceCenterPointX: 277
faceCenterPointY: 42
LHandPositionsX: [ 376, 376, 375, 379, 375, 377, 378, 377, 375, 379, 379,
    377, 376, 378, 377, 377, 376, 374, 372, 376, 375, 375, 376, 374, 372,
    374, 376, 374, 374, 375, 373, 375, 376, 376, 373, 373, 375, 376, 376,
    375, 375, 375, 375, 376, 375, 375, 372, 376, 372, 374, 376, 372, 373,
    374, 373, 373, 373, 374, 372, 375, 372, 372, 372, 372, 375, 373, 375,
    372, 374, 375, 373, 372, 374, 372, 374, 375, 374, 373, 376, 373, 373,
    376, 374, 376, 376, 376, 376, 376, 376, 376, 374 ]
LHandPositionsY: [ 229, 233, 233, 230, 231, 232, 232, 233, 229, 230, 233,
    233, 232, 231, 232, 230, 229, 232, 233, 229, 230, 231, 233, 233, 229,
    229, 232, 231, 233, 229, 230, 231, 231, 233, 230, 230, 229, 231, 229,
    230, 232, 232, 232, 231, 232, 233, 233, 229, 233, 233, 231, 232, 233,
    233, 230, 231, 229, 230, 230, 229, 233, 230, 230, 232, 231, 230, 230,
    233, 231, 233, 231, 232, 233, 230, 232, 229, 230, 232, 232, 230, 230,
    233, 232, 229, 229, 233, 229, 230, 231, 229, 231 ]
RHandPositionsX: [ 170, 171, 174, 171, 174, 172, 170, 173, 171, 172, 173,
    170, 172, 170, 173, 174, 172, 173, 174, 174, 171, 171, 174, 170, 169,
    171, 171, 169, 160, 149, 136, 125, 123, 118, 117, 121, 128, 133, 135,
    137, 143, 148, 144, 142, 145, 147, 148, 152, 157, 160, 156, 157, 152,
    149, 154, 156, 161, 166, 170, 162, 157, 155, 157, 155, 158, 165, 163,
    173, 176, 179, 177, 176, 179, 180, 175, 171, 175, 178, 177, 172, 174,
    170, 173, 171, 172, 171, 172, 174, 173, 170, 174 ]
RHandPositionsY: [ 242, 242, 241, 243, 242, 241, 243, 241, 241, 242, 240,
    242, 242, 239, 241, 240, 240, 242, 242, 243, 242, 241, 242, 242, 243,
    244, 243, 232, 214, 197, 175, 155, 137, 114, 116, 111, 103, 110, 113,
    115, 117, 104, 99, 93, 87, 88, 84, 84, 82, 83, 81, 79, 78, 76, 76,
    74, 78, 83, 79, 80, 77, 79, 74, 77, 80, 82, 85, 107, 121, 132, 144,
    157, 172, 181, 192, 193, 198, 205, 213, 219, 215, 222, 224, 226, 235,
    231, 234, 236, 236, 234, 238 ]
