%YAML:1.0
---
videoName: "RHShake23.mp4"
gestureLabel: 2
fps: 29
pixelSizeInCmTemp: 3.3263888888888887e-01
faceCenterPointX: 298
faceCenterPointY: 49
LHandPositionsX: [ 389, 388, 389, 389, 388, 387, 391, 389, 387, 388, 388,
    389, 388, 387, 390, 391, 388, 387, 388, 391, 391, 388, 387, 391, 387,
    390, 387, 388, 389, 387, 389, 390, 391, 387, 390, 391, 389, 391, 391,
    389, 389, 391, 390, 391, 390, 387, 387, 389, 389, 388, 389, 390, 390,
    391, 391, 389, 388, 389, 387, 389, 390, 388, 388, 390, 390, 391, 390,
    391, 390, 390, 388, 389, 391, 388, 390, 388, 390, 389, 388, 389, 389,
    388, 391, 387, 387, 389, 389, 387 ]
LHandPositionsY: [ 228, 224, 226, 227, 225, 227, 227, 226, 226, 224, 224,
    227, 224, 225, 228, 228, 224, 227, 228, 228, 227, 226, 224, 224, 226,
    227, 224, 227, 226, 228, 228, 226, 225, 224, 225, 227, 224, 227, 225,
    225, 224, 228, 225, 227, 225, 227, 228, 225, 225, 225, 227, 227, 227,
    224, 225, 228, 227, 224, 228, 225, 226, 226, 227, 227, 227, 227, 225,
    226, 227, 227, 227, 227, 228, 226, 226, 225, 225, 225, 224, 226, 228,
    227, 225, 224, 224, 228, 227, 227 ]
RHandPositionsX: [ 170, 170, 174, 190, 189, 190, 196, 190, 182, 178, 175,
    175, 173, 179, 187, 196, 199, 197, 196, 196, 187, 184, 176, 173, 173,
    173, 173, 176, 192, 199, 199, 201, 199, 196, 191, 186, 186, 180, 181,
    183, 186, 198, 202, 204, 206, 204, 197, 192, 182, 178, 178, 179, 180,
    188, 191, 201, 205, 211, 207, 212, 211, 208, 211, 209, 211, 209, 207,
    206, 206, 205, 203, 204, 205, 203, 204, 203, 202, 200, 203, 201, 199,
    200, 200, 202, 198, 199, 201, 198 ]
RHandPositionsY: [ 98, 94, 98, 114, 114, 115, 119, 112, 105, 99, 101,
    102, 100, 103, 113, 121, 123, 122, 123, 113, 103, 103, 102, 102, 97,
    95, 95, 100, 116, 123, 120, 121, 124, 110, 105, 106, 103, 100, 102,
    103, 113, 122, 119, 121, 125, 127, 126, 108, 106, 105, 105, 103, 102,
    116, 128, 135, 142, 151, 148, 154, 161, 168, 172, 184, 193, 200, 209,
    214, 216, 214, 219, 218, 221, 223, 224, 227, 227, 226, 224, 228, 224,
    225, 225, 224, 224, 226, 228, 224 ]
