%YAML:1.0
---
videoName: "RHShake20.mp4"
gestureLabel: 2
fps: 29
pixelSizeInCmTemp: 3.3263888888888887e-01
faceCenterPointX: 286
faceCenterPointY: 45
LHandPositionsX: [ 391, 392, 394, 394, 390, 391, 392, 390, 390, 393, 393,
    394, 393, 390, 394, 391, 394, 390, 391, 394, 390, 391, 392, 390, 391,
    390, 393, 390, 393, 391, 390, 390, 394, 391, 391, 393, 390, 393, 390,
    394, 392, 390, 390, 392, 393, 392, 393, 394, 393, 390, 392, 392, 392,
    393, 394, 394, 392, 392, 394, 393, 394, 393, 390, 390, 394, 391, 391,
    390, 390, 394, 392, 390, 392, 392, 390, 393, 390, 394, 390, 391, 390,
    393, 390, 394, 392, 392, 392, 391 ]
LHandPositionsY: [ 244, 244, 242, 243, 242, 244, 241, 241, 243, 242, 241,
    244, 242, 239, 243, 240, 239, 242, 243, 243, 241, 239, 239, 240, 242,
    241, 240, 240, 240, 243, 243, 242, 241, 242, 241, 241, 243, 240, 242,
    242, 242, 241, 242, 241, 239, 243, 242, 239, 240, 241, 241, 242, 242,
    240, 242, 242, 241, 240, 242, 242, 243, 240, 239, 240, 240, 242, 242,
    243, 241, 242, 243, 242, 239, 241, 242, 241, 240, 243, 241, 239, 242,
    240, 243, 240, 241, 241, 241, 240 ]
RHandPositionsX: [ 163, 160, 160, 158, 155, 152, 151, 157, 157, 158, 159,
    162, 157, 154, 152, 153, 151, 149, 157, 162, 164, 160, 158, 156, 155,
    155, 151, 152, 160, 162, 161, 159, 157, 154, 157, 156, 150, 148, 160,
    168, 168, 166, 166, 163, 155, 154, 154, 154, 156, 163, 167, 167, 168,
    166, 166, 171, 162, 164, 162, 157, 161, 170, 175, 178, 184, 187, 186,
    185, 188, 183, 186, 184, 180, 181, 179, 176, 177, 181, 176, 180, 178,
    180, 179, 176, 180, 177, 180, 180 ]
RHandPositionsY: [ 108, 107, 104, 103, 102, 99, 98, 98, 100, 103, 100,
    101, 98, 97, 99, 95, 99, 104, 114, 112, 116, 117, 111, 112, 109, 108,
    107, 108, 117, 117, 118, 115, 111, 109, 109, 102, 106, 105, 113, 120,
    124, 122, 124, 116, 114, 114, 114, 108, 110, 115, 124, 126, 124, 125,
    125, 119, 117, 114, 111, 114, 119, 123, 130, 135, 145, 157, 166, 176,
    186, 194, 202, 212, 218, 228, 235, 232, 237, 240, 240, 240, 243, 244,
    247, 245, 244, 247, 247, 244 ]
