%YAML:1.0
---
videoName: "RHShake05.mp4"
gestureLabel: 2
fps: 30
pixelSizeInCmTemp: 3.1103896103896100e-01
faceCenterPointX: 295
faceCenterPointY: 47
LHandPositionsX: [ 410, 412, 410, 411, 410, 410, 411, 408, 410, 408, 412,
    411, 410, 412, 411, 412, 408, 412, 409, 410, 408, 412, 412, 408, 412,
    409, 412, 410, 412, 410, 412, 411, 409, 408, 408, 408, 409, 411, 408,
    410, 411, 410, 409, 412, 408, 408, 409, 410, 410, 409, 409, 411, 408,
    408, 412, 408, 411, 409, 411, 411, 409, 411, 409, 412, 410, 409, 409,
    412, 412, 411, 410, 409, 408, 408, 412, 411, 410, 410, 408, 408, 409,
    409, 412, 410, 410, 412, 411, 408, 409, 408, 412 ]
LHandPositionsY: [ 260, 259, 261, 258, 260, 259, 261, 259, 260, 260, 257,
    261, 257, 257, 258, 261, 257, 259, 257, 258, 261, 258, 260, 261, 261,
    257, 259, 257, 260, 259, 257, 259, 259, 258, 261, 257, 260, 259, 260,
    259, 260, 258, 258, 259, 258, 258, 260, 257, 260, 258, 258, 259, 261,
    259, 258, 259, 260, 257, 257, 261, 258, 260, 259, 260, 258, 261, 259,
    260, 257, 260, 260, 260, 258, 260, 258, 261, 257, 258, 259, 259, 261,
    259, 259, 260, 261, 257, 257, 261, 261, 260, 261 ]
RHandPositionsX: [ 173, 175, 175, 175, 175, 175, 173, 176, 176, 173, 176,
    176, 172, 173, 174, 175, 172, 173, 173, 174, 171, 174, 173, 175, 175,
    175, 181, 179, 171, 164, 152, 158, 155, 158, 164, 176, 187, 200, 191,
    180, 174, 173, 168, 169, 177, 177, 189, 184, 178, 173, 173, 167, 167,
    174, 176, 191, 183, 177, 171, 171, 166, 167, 175, 191, 194, 191, 186,
    182, 179, 180, 180, 179, 187, 192, 194, 192, 183, 173, 173, 174, 174,
    175, 184, 184, 189, 189, 185, 178, 177, 177, 175 ]
RHandPositionsY: [ 261, 261, 261, 259, 260, 261, 258, 262, 261, 259, 262,
    258, 259, 262, 259, 258, 262, 259, 262, 261, 261, 261, 261, 260, 257,
    253, 233, 206, 182, 155, 132, 128, 104, 92, 89, 91, 93, 93, 88, 85,
    81, 77, 80, 80, 84, 88, 80, 83, 77, 75, 72, 77, 79, 85, 87, 90, 86,
    85, 86, 82, 80, 86, 88, 92, 94, 91, 88, 86, 84, 82, 84, 86, 90, 91,
    90, 90, 90, 86, 85, 93, 109, 133, 156, 182, 204, 222, 225, 233, 242,
    249, 247 ]
