%YAML:1.0
---
videoName: "RHShake24.mp4"
gestureLabel: 2
fps: 30
pixelSizeInCmTemp: 3.3732394366197183e-01
faceCenterPointX: 304
faceCenterPointY: 46
LHandPositionsX: [ 389, 390, 389, 389, 390, 390, 392, 393, 393, 390, 390,
    389, 392, 389, 390, 391, 390, 393, 390, 391, 393, 391, 393, 393, 391,
    391, 390, 390, 392, 392, 393, 389, 389, 391, 389, 393, 393, 393, 391,
    391, 390, 389, 390, 393, 393, 393, 393, 391, 393, 391, 392, 389, 392,
    389, 389, 389, 389, 392, 390, 389, 389, 392, 391, 392, 391, 390, 393,
    389, 391, 391, 389, 392, 389, 391, 392, 393, 389, 390, 393, 393, 389,
    392, 389, 391, 392, 392, 393, 389, 389, 389, 389 ]
LHandPositionsY: [ 229, 228, 226, 227, 227, 228, 225, 225, 229, 228, 225,
    225, 226, 228, 225, 229, 228, 228, 228, 228, 225, 228, 226, 228, 227,
    227, 228, 228, 229, 225, 226, 229, 225, 226, 226, 229, 226, 228, 226,
    227, 229, 228, 228, 226, 228, 226, 225, 227, 227, 227, 226, 225, 228,
    228, 225, 227, 225, 229, 225, 225, 227, 228, 227, 225, 227, 229, 229,
    226, 228, 228, 227, 225, 225, 227, 227, 228, 229, 227, 229, 227, 228,
    226, 225, 225, 226, 227, 228, 228, 229, 226, 228 ]
RHandPositionsX: [ 140, 149, 150, 148, 157, 154, 152, 150, 147, 140, 136,
    138, 141, 154, 161, 160, 160, 162, 162, 154, 150, 144, 142, 142, 141,
    146, 155, 157, 157, 161, 154, 153, 151, 145, 140, 141, 148, 152, 156,
    158, 161, 161, 160, 156, 149, 144, 143, 144, 144, 147, 163, 165, 167,
    170, 170, 166, 156, 153, 153, 148, 146, 149, 153, 164, 165, 167, 168,
    170, 176, 177, 179, 181, 186, 185, 188, 190, 194, 194, 195, 193, 195,
    192, 192, 192, 193, 193, 192, 194, 192, 195, 195 ]
RHandPositionsY: [ 96, 100, 100, 97, 102, 99, 92, 91, 85, 86, 84, 87, 86,
    100, 111, 113, 111, 116, 106, 103, 99, 98, 96, 95, 90, 100, 108, 113,
    113, 114, 107, 103, 96, 97, 95, 92, 91, 98, 103, 108, 106, 115, 108,
    102, 99, 99, 99, 95, 93, 108, 119, 118, 119, 120, 120, 106, 101, 103,
    100, 101, 96, 98, 104, 112, 112, 115, 122, 124, 130, 141, 151, 150,
    149, 158, 165, 171, 176, 187, 197, 204, 209, 209, 210, 213, 217, 219,
    220, 221, 223, 225, 225 ]
