%YAML:1.0
---
videoName: "RHShake14.mp4"
gestureLabel: 2
fps: 30
pixelSizeInCmTemp: 3.2808219178082193e-01
faceCenterPointX: 277
faceCenterPointY: 42
LHandPositionsX: [ 379, 376, 377, 376, 376, 375, 377, 376, 375, 376, 379,
    376, 374, 375, 373, 376, 373, 373, 372, 375, 374, 374, 375, 376, 372,
    372, 376, 372, 376, 373, 375, 372, 372, 376, 375, 376, 375, 373, 373,
    373, 376, 373, 376, 376, 376, 376, 375, 374, 375, 374, 375, 374, 372,
    374, 374, 375, 373, 376, 375, 376, 372, 373, 374, 374, 374, 372, 374,
    375, 373, 372, 372, 372, 375, 373, 372, 375, 374, 375, 375, 373, 375,
    376, 375, 374, 374, 373, 376, 372, 373, 375, 373 ]
LHandPositionsY: [ 230, 230, 231, 229, 230, 232, 233, 230, 229, 233, 229,
    233, 229, 231, 229, 229, 230, 229, 231, 233, 232, 230, 229, 231, 231,
    233, 232, 232, 233, 233, 232, 233, 231, 231, 231, 233, 233, 230, 231,
    229, 229, 230, 231, 233, 230, 230, 232, 231, 232, 229, 230, 230, 231,
    233, 230, 233, 232, 233, 229, 233, 231, 233, 229, 231, 229, 229, 232,
    233, 232, 229, 230, 230, 233, 229, 230, 231, 233, 233, 232, 233, 231,
    229, 233, 230, 233, 232, 229, 230, 229, 231, 229 ]
RHandPositionsX: [ 170, 170, 171, 171, 173, 172, 173, 174, 171, 172, 170,
    174, 173, 172, 173, 171, 171, 173, 172, 173, 173, 172, 173, 172, 173,
    170, 171, 168, 161, 151, 135, 128, 123, 116, 119, 124, 128, 130, 133,
    138, 145, 148, 146, 143, 147, 148, 148, 151, 158, 163, 157, 159, 153,
    149, 154, 156, 163, 167, 169, 162, 160, 156, 159, 158, 159, 162, 164,
    171, 176, 175, 180, 176, 177, 178, 175, 171, 175, 180, 177, 174, 171,
    170, 174, 171, 173, 174, 173, 170, 171, 174, 172 ]
RHandPositionsY: [ 242, 242, 240, 240, 240, 239, 241, 242, 242, 242, 243,
    242, 239, 243, 242, 240, 240, 242, 240, 239, 242, 240, 241, 240, 241,
    246, 245, 232, 216, 193, 173, 151, 133, 115, 114, 108, 105, 111, 114,
    115, 115, 104, 97, 90, 86, 85, 84, 83, 82, 81, 81, 76, 76, 75, 78,
    74, 82, 81, 81, 78, 76, 76, 75, 77, 80, 82, 84, 104, 119, 133, 148,
    156, 171, 181, 195, 195, 197, 204, 210, 219, 216, 222, 221, 226, 233,
    232, 232, 233, 236, 237, 234 ]
