%YAML:1.0
---
videoName: "RHShake16.mp4"
gestureLabel: 2
fps: 29
pixelSizeInCmTemp: 3.2808219178082193e-01
faceCenterPointX: 281
faceCenterPointY: 44
LHandPositionsX: [ 370, 369, 369, 369, 370, 372, 370, 372, 372, 369, 371,
    372, 371, 371, 372, 371, 373, 372, 372, 373, 372, 370, 373, 369, 373,
    369, 372, 369, 372, 371, 369, 369, 373, 373, 369, 373, 370, 369, 369,
    372, 370, 369, 373, 369, 369, 370, 369, 371, 371, 373, 373, 372, 369,
    373, 369, 370, 371, 370, 370, 371, 372, 373, 372, 372, 373, 373, 372,
    370, 371, 371, 370, 370, 371, 372, 373, 373, 370, 369, 371, 372, 372,
    370, 372, 371, 370, 369, 371, 369 ]
LHandPositionsY: [ 230, 232, 230, 234, 232, 234, 233, 230, 230, 231, 230,
    231, 231, 233, 231, 231, 231, 230, 234, 232, 231, 230, 233, 230, 230,
    232, 230, 234, 234, 233, 234, 230, 233, 233, 234, 230, 231, 233, 233,
    231, 232, 233, 230, 232, 233, 231, 233, 233, 231, 231, 231, 230, 233,
    229, 232, 231, 231, 232, 233, 230, 233, 231, 233, 230, 231, 233, 232,
    233, 232, 230, 233, 232, 229, 233, 230, 233, 232, 231, 232, 232, 231,
    231, 230, 233, 229, 231, 233, 230 ]
RHandPositionsX: [ 171, 171, 167, 169, 171, 167, 167, 168, 171, 171, 167,
    170, 168, 171, 170, 170, 167, 168, 163, 155, 153, 150, 139, 130, 126,
    122, 117, 124, 122, 122, 129, 131, 139, 140, 143, 141, 136, 134, 135,
    141, 142, 144, 149, 151, 147, 145, 146, 150, 147, 146, 150, 153, 152,
    151, 147, 148, 147, 147, 145, 151, 155, 159, 157, 151, 152, 150, 151,
    151, 150, 162, 164, 172, 176, 174, 177, 172, 177, 172, 174, 169, 170,
    172, 168, 172, 169, 171, 168, 172 ]
RHandPositionsY: [ 269, 269, 269, 269, 267, 265, 266, 266, 265, 268, 268,
    265, 267, 266, 269, 266, 267, 265, 257, 243, 217, 198, 177, 158, 146,
    130, 114, 115, 109, 105, 105, 103, 98, 94, 97, 93, 91, 90, 88, 86,
    89, 91, 89, 87, 86, 88, 85, 87, 88, 86, 87, 86, 87, 87, 88, 87, 87,
    85, 90, 87, 94, 91, 87, 87, 89, 88, 91, 95, 102, 117, 131, 149, 158,
    172, 184, 190, 194, 202, 213, 219, 221, 222, 225, 232, 237, 235, 236,
    239 ]
