%YAML:1.0
---
videoName: "RHShake16.mp4"
gestureLabel: 2
fps: 29
pixelSizeInCmTemp: 3.2808219178082193e-01
faceCenterPointX: 281
faceCenterPointY: 44
LHandPositionsX: [ 373, 370, 373, 370, 371, 371, 372, 373, 373, 373, 373,
    370, 373, 369, 370, 373, 369, 369, 373, 370, 371, 369, 371, 372, 373,
    372, 372, 372, 373, 371, 369, 373, 372, 370, 371, 371, 373, 373, 371,
    373, 373, 371, 369, 371, 372, 373, 372, 373, 369, 369, 369, 369, 369,
    369, 372, 371, 371, 370, 371, 370, 373, 369, 369, 370, 372, 372, 370,
    371, 372, 372, 373, 372, 373, 371, 372, 373, 370, 371, 370, 372, 371,
    369, 373, 372, 369, 372, 372, 372 ]
LHandPositionsY: [ 233, 232, 230, 230, 231, 231, 230, 230, 231, 232, 233,
    233, 232, 232, 232, 230, 230, 232, 230, 233, 234, 234, 231, 231, 234,
    230, 234, 230, 230, 234, 232, 233, 230, 232, 231, 234, 233, 234, 232,
    233, 232, 232, 232, 231, 231, 231, 231, 233, 231, 231, 231, 234, 233,
    232, 233, 230, 233, 233, 229, 233, 231, 232, 230, 232, 233, 230, 230,
    230, 233, 229, 232, 231, 231, 231, 233, 232, 231, 233, 231, 233, 233,
    230, 231, 231, 232, 230, 229, 231 ]
RHandPositionsX: [ 168, 169, 169, 170, 170, 171, 170, 171, 171, 169, 169,
    169, 170, 171, 167, 171, 167, 166, 162, 155, 153, 146, 140, 129, 125,
    122, 118, 122, 121, 124, 126, 132, 137, 142, 145, 140, 136, 136, 138,
    137, 141, 146, 151, 148, 150, 147, 146, 146, 145, 147, 150, 151, 150,
    150, 150, 144, 149, 147, 146, 151, 153, 155, 155, 154, 155, 152, 151,
    150, 152, 162, 164, 172, 172, 177, 176, 175, 174, 174, 172, 172, 173,
    171, 172, 172, 170, 168, 169, 171 ]
RHandPositionsY: [ 265, 267, 267, 268, 266, 266, 268, 268, 266, 267, 266,
    267, 266, 267, 265, 266, 268, 263, 257, 241, 217, 201, 176, 162, 145,
    129, 117, 116, 108, 106, 108, 104, 98, 96, 97, 93, 94, 91, 90, 88,
    87, 90, 91, 89, 86, 89, 87, 84, 86, 89, 87, 89, 90, 88, 85, 87, 86,
    89, 88, 91, 90, 88, 90, 87, 86, 90, 90, 96, 103, 118, 134, 148, 159,
    173, 183, 192, 196, 205, 213, 218, 223, 223, 222, 233, 235, 235, 236,
    236 ]
