%YAML:1.0
---
videoName: "RHShake20.mp4"
gestureLabel: 2
fps: 29
pixelSizeInCmTemp: 3.3263888888888887e-01
faceCenterPointX: 286
faceCenterPointY: 45
LHandPositionsX: [ 390, 391, 392, 394, 394, 391, 391, 394, 392, 391, 392,
    394, 390, 393, 390, 390, 390, 392, 393, 393, 394, 390, 393, 394, 391,
    392, 394, 392, 393, 394, 391, 392, 394, 390, 393, 393, 393, 391, 392,
    393, 393, 394, 392, 394, 390, 394, 392, 393, 393, 393, 392, 394, 392,
    394, 394, 391, 391, 390, 394, 392, 391, 390, 392, 390, 390, 390, 394,
    392, 391, 392, 394, 390, 392, 394, 393, 391, 393, 392, 391, 390, 390,
    391, 393, 394, 390, 394, 394, 394 ]
LHandPositionsY: [ 246, 243, 246, 244, 244, 243, 244, 243, 242, 240, 243,
    244, 241, 241, 241, 240, 242, 240, 240, 243, 242, 240, 239, 240, 240,
    242, 240, 243, 243, 239, 241, 239, 242, 239, 239, 239, 240, 239, 241,
    243, 240, 240, 243, 240, 240, 240, 242, 239, 241, 239, 243, 239, 240,
    243, 241, 239, 241, 240, 242, 242, 241, 241, 239, 242, 240, 241, 242,
    239, 240, 239, 239, 243, 243, 243, 240, 239, 240, 243, 240, 241, 241,
    243, 241, 239, 239, 241, 242, 240 ]
RHandPositionsX: [ 162, 160, 159, 157, 154, 156, 154, 155, 155, 156, 161,
    158, 159, 155, 150, 149, 147, 152, 161, 162, 162, 163, 160, 155, 155,
    154, 152, 154, 161, 164, 161, 163, 158, 152, 158, 155, 150, 148, 157,
    167, 165, 165, 165, 161, 158, 151, 152, 151, 159, 160, 164, 166, 168,
    166, 169, 167, 164, 167, 161, 156, 163, 168, 174, 177, 181, 184, 184,
    187, 188, 181, 185, 182, 182, 180, 176, 180, 179, 181, 177, 180, 180,
    178, 179, 178, 178, 180, 178, 177 ]
RHandPositionsY: [ 108, 109, 105, 100, 102, 97, 99, 99, 100, 100, 101,
    102, 96, 100, 97, 97, 101, 102, 114, 114, 115, 117, 114, 112, 110,
    108, 108, 111, 117, 118, 118, 112, 112, 106, 106, 104, 105, 107, 116,
    123, 124, 124, 124, 119, 116, 115, 114, 112, 111, 117, 122, 126, 122,
    123, 125, 119, 118, 117, 113, 110, 117, 126, 129, 139, 147, 156, 167,
    175, 186, 191, 203, 211, 217, 228, 235, 235, 237, 242, 239, 240, 243,
    244, 244, 246, 246, 245, 246, 243 ]
