%YAML:1.0
---
videoName: "RHShake11.mp4"
gestureLabel: 2
fps: 29
pixelSizeInCmTemp: 3.3263888888888887e-01
faceCenterPointX: 274
faceCenterPointY: 53
LHandPositionsX: [ 312, 310, 309, 310, 310, 309, 311, 307, 310, 309, 307,
    309, 307, 308, 311, 311, 309, 307, 311, 309, 309, 310, 309, 309, 308,
    307, 307, 308, 308, 310, 311, 311, 311, 311, 309, 310, 309, 307, 310,
    308, 311, 309, 307, 308, 307, 308, 310, 309, 311, 310, 311, 309, 307,
    309, 307, 308, 307, 310, 310, 307, 307, 310, 311, 307, 311, 310, 311,
    310, 307, 310, 308, 307, 310, 309, 309, 307, 306, 309, 309, 303, 305,
    304, 303, 303, 306, 305, 304, 306 ]
LHandPositionsY: [ 247, 245, 247, 248, 248, 249, 248, 245, 245, 248, 249,
    246, 245, 247, 246, 248, 249, 248, 245, 248, 249, 248, 247, 246, 245,
    248, 248, 247, 245, 249, 246, 246, 247, 246, 249, 245, 247, 249, 245,
    245, 247, 248, 249, 248, 249, 249, 248, 247, 247, 246, 245, 248, 246,
    246, 245, 247, 246, 246, 246, 247, 249, 245, 247, 246, 246, 247, 247,
    246, 245, 244, 245, 246, 243, 244, 244, 245, 246, 247, 245, 245, 247,
    246, 247, 243, 243, 243, 247, 245 ]
RHandPositionsX: [ 249, 251, 248, 243, 237, 226, 210, 190, 172, 161, 145,
    138, 144, 146, 153, 158, 162, 164, 171, 173, 169, 165, 158, 153, 152,
    155, 158, 166, 169, 167, 166, 167, 165, 162, 158, 155, 152, 154, 158,
    166, 169, 169, 172, 167, 166, 159, 158, 156, 157, 160, 166, 171, 176,
    179, 179, 179, 174, 169, 164, 163, 160, 159, 161, 166, 173, 181, 193,
    208, 221, 228, 241, 247, 254, 260, 263, 260, 262, 259, 262, 261, 261,
    258, 258, 261, 262, 260, 261, 260 ]
RHandPositionsY: [ 249, 249, 247, 243, 231, 221, 207, 190, 174, 160, 142,
    129, 124, 113, 105, 105, 105, 106, 102, 102, 103, 99, 101, 95, 94,
    96, 93, 102, 102, 99, 100, 99, 100, 97, 93, 95, 95, 97, 100, 107,
    107, 102, 106, 106, 104, 103, 98, 97, 97, 97, 100, 104, 109, 109,
    107, 107, 104, 103, 100, 102, 103, 103, 103, 107, 118, 129, 145, 159,
    175, 189, 202, 213, 222, 227, 236, 235, 238, 238, 238, 239, 239, 242,
    239, 241, 241, 241, 239, 241 ]
