%YAML:1.0
---
videoName: "RHShake14.mp4"
gestureLabel: 2
fps: 30
pixelSizeInCmTemp: 3.2808219178082193e-01
faceCenterPointX: 277
faceCenterPointY: 42
LHandPositionsX: [ 378, 377, 379, 379, 379, 375, 377, 379, 376, 375, 376,
    375, 375, 378, 376, 377, 376, 373, 376, 373, 376, 373, 376, 373, 374,
    372, 373, 372, 375, 372, 374, 375, 373, 372, 372, 374, 372, 374, 374,
    376, 375, 376, 375, 374, 374, 375, 374, 374, 375, 372, 376, 376, 373,
    373, 372, 376, 373, 375, 372, 373, 376, 373, 376, 374, 372, 375, 375,
    372, 372, 374, 376, 376, 375, 375, 375, 372, 374, 373, 376, 375, 374,
    374, 372, 376, 376, 374, 376, 376, 373, 375, 376 ]
LHandPositionsY: [ 230, 232, 229, 231, 229, 230, 232, 230, 229, 230, 230,
    230, 229, 230, 232, 229, 230, 229, 233, 229, 229, 232, 232, 233, 231,
    229, 229, 232, 233, 232, 232, 233, 231, 232, 230, 229, 232, 232, 230,
    233, 233, 229, 231, 229, 233, 229, 230, 230, 229, 229, 233, 229, 233,
    233, 230, 231, 231, 230, 231, 232, 231, 232, 229, 230, 231, 229, 229,
    231, 230, 232, 232, 232, 233, 232, 229, 232, 233, 229, 230, 232, 233,
    233, 232, 233, 230, 230, 232, 229, 231, 230, 231 ]
RHandPositionsX: [ 172, 172, 170, 171, 174, 172, 171, 174, 172, 170, 170,
    174, 172, 171, 173, 171, 172, 173, 171, 171, 173, 170, 174, 173, 171,
    173, 170, 169, 157, 151, 136, 126, 121, 116, 115, 125, 126, 132, 136,
    137, 142, 147, 144, 142, 147, 146, 148, 153, 158, 163, 156, 155, 152,
    151, 156, 156, 159, 167, 166, 163, 158, 153, 157, 155, 157, 164, 162,
    169, 174, 175, 177, 176, 178, 179, 174, 172, 175, 177, 173, 174, 172,
    170, 173, 174, 172, 174, 172, 170, 174, 170, 171 ]
RHandPositionsY: [ 242, 241, 241, 243, 239, 240, 240, 240, 241, 241, 241,
    243, 241, 241, 242, 242, 241, 240, 243, 243, 242, 239, 243, 241, 239,
    245, 245, 233, 214, 195, 171, 152, 135, 114, 112, 109, 105, 108, 112,
    115, 118, 107, 96, 90, 90, 86, 85, 85, 84, 83, 81, 77, 76, 78, 76,
    77, 78, 81, 81, 78, 80, 79, 77, 76, 78, 82, 87, 107, 120, 131, 146,
    156, 171, 180, 191, 195, 201, 202, 214, 217, 219, 221, 224, 226, 236,
    234, 235, 234, 235, 237, 237 ]
