%YAML:1.0
---
videoName: "RHShake16.mp4"
gestureLabel: 2
fps: 29
pixelSizeInCmTemp: 3.2808219178082193e-01
faceCenterPointX: 281
faceCenterPointY: 44
LHandPositionsX: [ 370, 370, 370, 373, 373, 369, 370, 372, 372, 371, 369,
    373, 370, 370, 370, 370, 371, 369, 369, 369, 369, 371, 373, 372, 372,
    370, 373, 373, 372, 370, 372, 370, 373, 372, 369, 369, 370, 370, 372,
    369, 369, 372, 373, 369, 370, 373, 373, 369, 369, 373, 369, 373, 372,
    372, 372, 372, 370, 372, 371, 371, 372, 371, 372, 371, 372, 371, 369,
    370, 373, 373, 369, 372, 370, 371, 373, 372, 373, 371, 370, 370, 370,
    373, 369, 371, 371, 372, 369, 370 ]
LHandPositionsY: [ 232, 232, 231, 230, 234, 230, 234, 231, 232, 230, 233,
    233, 231, 231, 233, 233, 232, 233, 234, 231, 230, 231, 231, 232, 234,
    230, 234, 232, 234, 233, 230, 232, 230, 230, 234, 233, 231, 234, 233,
    231, 232, 233, 230, 233, 232, 230, 233, 230, 231, 231, 234, 234, 234,
    229, 232, 229, 229, 233, 232, 230, 229, 231, 232, 233, 233, 229, 229,
    232, 229, 232, 232, 230, 231, 231, 229, 229, 230, 229, 233, 231, 232,
    230, 231, 231, 231, 231, 232, 232 ]
RHandPositionsX: [ 168, 169, 169, 171, 167, 167, 169, 169, 170, 167, 171,
    169, 171, 171, 170, 169, 171, 170, 163, 155, 154, 147, 139, 132, 126,
    123, 116, 121, 124, 122, 126, 128, 139, 143, 142, 140, 136, 136, 135,
    139, 143, 146, 149, 151, 147, 145, 150, 148, 147, 147, 151, 152, 153,
    149, 147, 147, 148, 147, 149, 151, 152, 158, 153, 155, 155, 152, 151,
    152, 153, 159, 168, 171, 173, 177, 178, 173, 176, 174, 172, 172, 169,
    168, 171, 171, 168, 168, 168, 169 ]
RHandPositionsY: [ 269, 267, 268, 265, 268, 269, 265, 266, 268, 269, 266,
    268, 265, 268, 268, 269, 268, 267, 256, 242, 217, 200, 178, 158, 143,
    132, 118, 114, 109, 106, 104, 101, 100, 98, 97, 92, 90, 92, 91, 90,
    89, 89, 92, 90, 87, 86, 84, 86, 87, 88, 86, 87, 87, 86, 88, 88, 88,
    88, 89, 89, 92, 89, 91, 87, 89, 88, 89, 96, 105, 118, 131, 147, 158,
    172, 182, 189, 195, 204, 210, 219, 222, 221, 224, 231, 235, 237, 238,
    238 ]
