%YAML:1.0
---
videoName: "RHShake19.mp4"
gestureLabel: 2
fps: 29
pixelSizeInCmTemp: 3.2808219178082193e-01
faceCenterPointX: 283
faceCenterPointY: 48
LHandPositionsX: [ 390, 392, 390, 391, 392, 390, 392, 388, 392, 390, 388,
    391, 392, 388, 390, 391, 389, 390, 392, 390, 389, 389, 390, 391, 389,
    391, 391, 388, 389, 391, 391, 389, 388, 389, 388, 391, 392, 391, 388,
    392, 392, 391, 389, 388, 388, 391, 391, 392, 392, 389, 389, 388, 392,
    390, 392, 390, 390, 389, 390, 388, 391, 390, 392, 388, 389, 389, 389,
    390, 390, 391, 391, 391, 391, 390, 391, 392, 388, 390, 391, 388, 388,
    389, 390, 388, 390, 390, 392, 391 ]
LHandPositionsY: [ 240, 243, 243, 244, 241, 242, 243, 244, 240, 240, 244,
    240, 243, 240, 242, 240, 241, 242, 240, 240, 243, 242, 243, 242, 240,
    244, 241, 244, 240, 244, 240, 240, 244, 243, 242, 242, 240, 240, 242,
    242, 242, 242, 241, 241, 244, 244, 241, 243, 243, 240, 244, 242, 243,
    240, 241, 242, 240, 242, 241, 241, 243, 242, 240, 244, 241, 240, 241,
    241, 240, 241, 240, 240, 243, 243, 240, 244, 243, 244, 242, 241, 244,
    240, 243, 242, 243, 244, 244, 242 ]
RHandPositionsX: [ 156, 175, 182, 183, 188, 186, 178, 170, 164, 161, 163,
    161, 165, 178, 186, 184, 184, 180, 174, 171, 162, 162, 161, 163, 168,
    176, 174, 174, 172, 163, 162, 161, 161, 165, 171, 179, 179, 178, 180,
    171, 170, 165, 163, 161, 161, 166, 175, 181, 181, 184, 180, 174, 169,
    168, 166, 169, 169, 177, 178, 179, 179, 180, 175, 172, 168, 165, 172,
    177, 177, 182, 189, 191, 190, 188, 186, 183, 184, 183, 181, 180, 178,
    181, 181, 182, 180, 179, 179, 182 ]
RHandPositionsY: [ 90, 94, 93, 96, 95, 92, 86, 81, 79, 78, 74, 75, 78,
    85, 91, 91, 92, 83, 79, 78, 75, 75, 77, 74, 82, 90, 90, 90, 88, 85,
    82, 81, 79, 82, 84, 89, 96, 98, 96, 92, 90, 88, 85, 83, 83, 86, 92,
    98, 103, 101, 100, 95, 94, 98, 96, 97, 98, 105, 108, 111, 103, 99,
    103, 99, 98, 100, 112, 125, 140, 148, 164, 173, 189, 191, 199, 209,
    220, 226, 230, 236, 235, 235, 241, 240, 242, 240, 240, 242 ]
