%YAML:1.0
---
videoName: "RHShake19.mp4"
gestureLabel: 2
fps: 29
pixelSizeInCmTemp: 3.2808219178082193e-01
faceCenterPointX: 283
faceCenterPointY: 48
LHandPositionsX: [ 388, 390, 389, 391, 390, 388, 392, 392, 388, 391, 388,
    389, 391, 388, 390, 391, 391, 388, 388, 390, 392, 389, 388, 391, 389,
    389, 392, 392, 390, 391, 389, 388, 391, 390, 388, 389, 390, 388, 392,
    389, 391, 392, 388, 388, 392, 391, 390, 389, 388, 390, 392, 392, 388,
    391, 391, 389, 389, 392, 389, 392, 390, 390, 390, 388, 390, 389, 392,
    392, 390, 389, 389, 390, 389, 388, 389, 391, 389, 391, 390, 388, 388,
    391, 388, 391, 389, 391, 392, 388 ]
LHandPositionsY: [ 242, 241, 242, 242, 244, 241, 241, 240, 242, 243, 240,
    241, 244, 242, 240, 243, 241, 243, 243, 244, 241, 243, 241, 243, 244,
    243, 242, 241, 241, 242, 240, 241, 243, 241, 243, 241, 243, 243, 243,
    240, 241, 240, 243, 242, 241, 244, 244, 243, 241, 240, 243, 244, 244,
    242, 244, 242, 243, 242, 243, 243, 240, 241, 244, 240, 244, 240, 241,
    240, 243, 243, 243, 244, 242, 244, 240, 242, 240, 244, 244, 242, 242,
    244, 241, 241, 243, 243, 244, 241 ]
RHandPositionsX: [ 155, 175, 182, 184, 188, 186, 176, 171, 167, 160, 164,
    164, 165, 176, 186, 181, 184, 179, 175, 172, 162, 158, 159, 167, 170,
    175, 176, 173, 169, 163, 159, 157, 160, 165, 168, 177, 178, 176, 179,
    173, 166, 163, 165, 158, 164, 168, 176, 179, 178, 185, 177, 174, 171,
    171, 166, 170, 169, 179, 178, 179, 181, 177, 175, 173, 166, 169, 172,
    173, 180, 183, 189, 189, 188, 185, 186, 186, 185, 180, 178, 181, 178,
    180, 180, 178, 178, 182, 179, 181 ]
RHandPositionsY: [ 92, 91, 96, 97, 94, 92, 84, 82, 76, 79, 74, 74, 79,
    85, 91, 88, 92, 83, 78, 75, 79, 78, 74, 74, 84, 91, 90, 92, 87, 88,
    83, 81, 80, 84, 85, 90, 96, 97, 96, 92, 91, 85, 86, 83, 81, 84, 91,
    96, 102, 105, 99, 96, 94, 96, 94, 94, 99, 104, 106, 111, 104, 102,
    102, 101, 99, 99, 109, 125, 140, 148, 161, 173, 185, 193, 197, 210,
    220, 222, 232, 237, 234, 235, 239, 239, 240, 242, 243, 243 ]
