%YAML:1.0
---
videoName: "RHShake12.mp4"
gestureLabel: 2
fps: 29
pixelSizeInCmTemp: 3.3732394366197183e-01
faceCenterPointX: 299
faceCenterPointY: 45
LHandPositionsX: [ 408, 407, 408, 408, 404, 408, 407, 407, 407, 405, 408,
    406, 405, 406, 407, 406, 405, 406, 406, 408, 406, 407, 406, 405, 406,
    405, 406, 404, 407, 404, 408, 407, 404, 406, 408, 407, 404, 408, 408,
    405, 408, 408, 404, 407, 404, 407, 408, 406, 407, 407, 407, 407, 405,
    408, 407, 404, 405, 405, 405, 404, 406, 406, 408, 408, 407, 408, 407,
    405, 405, 408, 408, 406, 408, 406, 407, 407, 404, 406, 404, 408, 408,
    408, 406, 408, 408, 405, 404, 407 ]
LHandPositionsY: [ 241, 243, 240, 240, 241, 241, 241, 243, 241, 240, 242,
    242, 239, 242, 242, 243, 243, 241, 239, 241, 240, 241, 239, 243, 243,
    239, 240, 243, 242, 241, 241, 239, 241, 241, 243, 240, 241, 242, 239,
    242, 239, 240, 242, 240, 242, 240, 241, 241, 242, 240, 243, 243, 242,
    243, 239, 242, 242, 243, 243, 242, 239, 243, 240, 242, 242, 242, 242,
    241, 240, 239, 239, 239, 243, 240, 243, 241, 242, 242, 243, 239, 239,
    242, 243, 242, 243, 241, 239, 243 ]
RHandPositionsX: [ 170, 168, 160, 162, 161, 170, 179, 190, 190, 198, 195,
    182, 180, 171, 170, 170, 173, 178, 187, 186, 187, 183, 181, 173, 170,
    168, 168, 177, 187, 195, 193, 192, 183, 181, 176, 176, 175, 174, 181,
    190, 197, 192, 186, 179, 176, 175, 172, 172, 182, 190, 192, 194, 197,
    190, 186, 181, 178, 175, 172, 173, 180, 194, 201, 199, 201, 199, 193,
    188, 186, 184, 185, 187, 190, 191, 196, 197, 201, 198, 201, 203, 200,
    199, 197, 196, 200, 197, 198, 198 ]
RHandPositionsY: [ 140, 126, 119, 112, 107, 92, 97, 106, 108, 112, 102,
    92, 89, 88, 87, 84, 85, 86, 102, 105, 109, 99, 91, 87, 88, 86, 84,
    92, 100, 113, 110, 108, 100, 97, 95, 96, 89, 85, 98, 112, 114, 115,
    104, 99, 93, 93, 92, 88, 96, 107, 110, 113, 111, 103, 93, 91, 90, 90,
    86, 89, 94, 108, 122, 117, 118, 121, 110, 110, 114, 113, 114, 127,
    137, 146, 160, 164, 166, 177, 187, 197, 202, 211, 217, 222, 219, 226,
    228, 231 ]
