%YAML:1.0
---
videoName: "RHShake23.mp4"
gestureLabel: 2
fps: 29
pixelSizeInCmTemp: 3.3263888888888887e-01
faceCenterPointX: 298
faceCenterPointY: 49
LHandPositionsX: [ 389, 387, 388, 387, 388, 388, 389, 388, 388, 388, 391,
    387, 389, 389, 387, 388, 388, 389, 389, 389, 389, 388, 387, 391, 389,
    387, 389, 389, 387, 389, 387, 389, 388, 387, 389, 387, 391, 390, 390,
    388, 388, 391, 387, 389, 391, 391, 389, 389, 387, 389, 389, 390, 391,
    390, 388, 390, 388, 389, 389, 387, 387, 390, 387, 391, 389, 391, 387,
    388, 391, 388, 388, 389, 387, 388, 387, 391, 388, 391, 391, 388, 391,
    387, 388, 390, 388, 387, 388, 390 ]
LHandPositionsY: [ 228, 225, 224, 228, 228, 228, 224, 226, 228, 225, 226,
    227, 228, 227, 226, 224, 224, 228, 226, 228, 226, 227, 225, 225, 225,
    227, 228, 228, 225, 227, 228, 228, 225, 224, 228, 227, 225, 228, 228,
    225, 225, 227, 224, 226, 225, 227, 225, 225, 228, 228, 228, 228, 224,
    228, 228, 228, 228, 226, 226, 224, 227, 224, 228, 226, 225, 228, 225,
    228, 226, 227, 227, 227, 228, 225, 225, 225, 226, 226, 228, 228, 224,
    226, 225, 225, 225, 226, 227, 227 ]
RHandPositionsX: [ 171, 171, 178, 186, 191, 187, 196, 191, 182, 178, 176,
    175, 171, 179, 187, 195, 196, 200, 196, 192, 187, 184, 176, 173, 171,
    172, 173, 176, 191, 201, 198, 199, 202, 197, 191, 187, 185, 179, 180,
    180, 188, 199, 202, 204, 205, 205, 197, 188, 185, 181, 176, 175, 178,
    185, 193, 202, 207, 207, 210, 209, 211, 212, 207, 211, 211, 210, 209,
    207, 204, 203, 203, 205, 205, 204, 204, 201, 201, 201, 201, 199, 203,
    199, 198, 199, 200, 201, 197, 199 ]
RHandPositionsY: [ 95, 93, 99, 110, 118, 115, 120, 112, 103, 102, 98, 98,
    101, 101, 111, 122, 123, 121, 123, 110, 103, 99, 102, 98, 98, 95, 93,
    99, 118, 123, 121, 125, 123, 108, 105, 103, 105, 102, 100, 103, 116,
    123, 122, 121, 127, 127, 123, 106, 107, 105, 104, 101, 103, 117, 129,
    137, 143, 147, 150, 153, 161, 166, 175, 181, 190, 203, 210, 215, 215,
    217, 218, 217, 221, 225, 225, 225, 228, 225, 227, 228, 226, 226, 225,
    226, 227, 228, 228, 225 ]
