%YAML:1.0
---
videoName: "RHShake15.mp4"
gestureLabel: 2
fps: 29
pixelSizeInCmTemp: 3.2808219178082193e-01
faceCenterPointX: 279
faceCenterPointY: 41
LHandPositionsX: [ 368, 370, 369, 368, 368, 370, 370, 368, 371, 369, 372,
    372, 368, 369, 369, 368, 372, 369, 370, 369, 369, 370, 370, 372, 368,
    368, 371, 371, 368, 371, 371, 372, 371, 370, 368, 369, 370, 371, 371,
    369, 371, 369, 368, 369, 368, 368, 371, 372, 372, 372, 369, 370, 371,
    370, 371, 369, 369, 368, 368, 369, 369, 369, 369, 372, 368, 371, 371,
    369, 370, 372, 370, 369, 371, 372, 368, 369, 371, 371, 370, 372, 370,
    371, 371, 370, 372, 368, 370, 368 ]
LHandPositionsY: [ 235, 234, 235, 232, 233, 234, 233, 234, 234, 234, 234,
    233, 234, 236, 235, 235, 235, 233, 234, 234, 235, 233, 232, 235, 235,
    236, 234, 233, 235, 235, 233, 236, 234, 235, 232, 236, 233, 236, 234,
    232, 235, 234, 234, 231, 232, 231, 232, 231, 234, 232, 233, 233, 234,
    232, 234, 233, 234, 232, 231, 231, 233, 234, 231, 232, 232, 231, 235,
    232, 232, 233, 231, 231, 231, 231, 235, 231, 231, 233, 231, 233, 232,
    234, 234, 231, 232, 234, 233, 234 ]
RHandPositionsX: [ 139, 123, 113, 111, 112, 110, 106, 105, 107, 109, 113,
    115, 112, 110, 109, 112, 114, 107, 108, 108, 114, 116, 114, 113, 112,
    107, 111, 107, 109, 106, 115, 115, 114, 117, 113, 113, 109, 113, 112,
    113, 111, 112, 116, 117, 120, 121, 120, 124, 122, 122, 117, 121, 126,
    129, 124, 128, 126, 128, 121, 118, 120, 124, 128, 132, 137, 142, 139,
    136, 137, 144, 146, 146, 149, 156, 155, 157, 159, 158, 160, 162, 160,
    161, 158, 157, 157, 159, 160, 157 ]
RHandPositionsY: [ 189, 174, 153, 147, 145, 138, 134, 127, 119, 113, 113,
    109, 105, 100, 98, 95, 98, 92, 92, 92, 93, 91, 94, 94, 91, 93, 95,
    95, 93, 96, 98, 104, 106, 101, 100, 103, 103, 103, 105, 103, 103,
    106, 111, 111, 107, 107, 106, 105, 105, 104, 103, 109, 111, 115, 119,
    115, 111, 112, 111, 110, 112, 119, 125, 135, 152, 166, 171, 181, 194,
    199, 211, 218, 229, 238, 241, 240, 244, 248, 248, 245, 249, 247, 247,
    246, 248, 245, 249, 246 ]
