%YAML:1.0
---
videoName: "RHShake17.mp4"
gestureLabel: 2
fps: 29
pixelSizeInCmTemp: 3.3732394366197183e-01
faceCenterPointX: 282
faceCenterPointY: 40
LHandPositionsX: [ 307, 307, 307, 306, 307, 307, 306, 306, 308, 308, 308,
    309, 308, 309, 308, 307, 308, 308, 309, 308, 307, 306, 307, 307, 305,
    309, 308, 307, 308, 308, 307, 308, 308, 307, 308, 308, 305, 309, 308,
    309, 309, 309, 309, 310, 307, 308, 307, 310, 308, 309, 310, 309, 307,
    309, 310, 311, 308, 311, 310, 309, 307, 309, 310, 309, 309, 308, 311,
    311, 307, 308, 311, 309, 310, 309, 310, 308, 309, 306, 309, 308, 307,
    307, 305, 306, 307, 308, 306, 305 ]
LHandPositionsY: [ 231, 234, 231, 233, 233, 231, 234, 233, 234, 232, 232,
    231, 232, 235, 233, 233, 234, 232, 231, 235, 231, 235, 233, 235, 235,
    233, 233, 235, 234, 235, 234, 231, 232, 232, 233, 232, 233, 234, 233,
    232, 232, 235, 235, 234, 231, 234, 233, 233, 234, 235, 232, 233, 232,
    235, 235, 233, 232, 232, 232, 235, 235, 233, 231, 234, 235, 234, 232,
    235, 233, 235, 234, 232, 235, 234, 235, 233, 235, 231, 235, 232, 235,
    235, 231, 233, 231, 232, 233, 233 ]
RHandPositionsX: [ 210, 194, 174, 159, 141, 145, 144, 146, 145, 143, 148,
    151, 158, 154, 148, 147, 145, 140, 144, 147, 162, 158, 155, 151, 151,
    146, 145, 142, 148, 151, 154, 160, 161, 153, 149, 144, 143, 142, 137,
    154, 153, 155, 157, 160, 152, 149, 147, 153, 159, 158, 170, 168, 167,
    163, 160, 156, 150, 153, 148, 149, 155, 162, 172, 178, 176, 177, 179,
    175, 171, 172, 177, 172, 169, 170, 168, 167, 169, 169, 168, 168, 171,
    170, 171, 169, 166, 168, 167, 170 ]
RHandPositionsY: [ 201, 187, 169, 147, 130, 112, 106, 104, 97, 93, 98,
    88, 80, 79, 76, 73, 69, 66, 70, 75, 76, 76, 73, 71, 68, 66, 69, 69,
    65, 67, 70, 68, 66, 64, 64, 64, 63, 62, 69, 81, 79, 79, 79, 80, 76,
    72, 71, 74, 71, 76, 90, 90, 84, 81, 80, 78, 81, 78, 80, 85, 92, 106,
    118, 136, 146, 160, 170, 180, 190, 195, 207, 217, 220, 230, 232, 235,
    236, 238, 241, 238, 243, 243, 243, 243, 243, 244, 244, 244 ]
