%YAML:1.0
---
videoName: "RHShake00.mp4"
gestureLabel: 2
fps: 29
pixelSizeInCmTemp: 3.4710144927536229e-01
faceCenterPointX: 283
faceCenterPointY: 97
LHandPositionsX: [ 343, 345, 344, 345, 345, 345, 345, 344, 344, 346, 346,
    343, 342, 342, 342, 342, 345, 345, 346, 343, 343, 345, 342, 345, 344,
    344, 342, 345, 342, 345, 344, 346, 343, 346, 345, 342, 343, 343, 343,
    344, 345, 346, 345, 344, 343, 346, 345, 342, 344, 346, 342, 346, 342,
    345, 342, 343, 345, 343, 343, 343, 344, 345, 343, 346, 342, 343, 346,
    343, 346, 342, 346, 342, 345, 344, 343, 346, 345, 342, 345, 346, 345,
    345, 343, 343, 345, 345, 346, 345 ]
LHandPositionsY: [ 272, 275, 276, 275, 274, 273, 276, 275, 275, 276, 273,
    273, 275, 275, 275, 272, 274, 272, 273, 274, 275, 273, 274, 274, 273,
    273, 275, 272, 274, 274, 273, 275, 274, 272, 276, 276, 276, 276, 272,
    272, 276, 275, 276, 274, 274, 275, 276, 275, 275, 276, 275, 275, 273,
    275, 276, 272, 272, 275, 274, 275, 274, 272, 275, 275, 275, 276, 272,
    273, 275, 272, 273, 272, 274, 276, 273, 272, 274, 273, 272, 273, 273,
    274, 274, 272, 272, 275, 276, 274 ]
RHandPositionsX: [ 180, 175, 169, 153, 150, 148, 147, 146, 143, 144, 145,
    149, 150, 167, 165, 166, 171, 166, 163, 160, 153, 153, 149, 148, 153,
    163, 167, 168, 166, 163, 158, 150, 150, 149, 152, 153, 165, 161, 162,
    165, 163, 158, 147, 145, 138, 148, 150, 154, 156, 154, 158, 160, 159,
    149, 143, 145, 146, 148, 154, 162, 161, 163, 168, 161, 155, 150, 144,
    140, 141, 146, 152, 154, 157, 159, 165, 169, 168, 173, 175, 181, 183,
    185, 189, 191, 191, 195, 195, 197 ]
RHandPositionsY: [ 259, 252, 244, 221, 203, 186, 179, 170, 158, 152, 140,
    134, 131, 133, 136, 137, 132, 132, 125, 126, 121, 124, 119, 119, 128,
    135, 134, 131, 134, 131, 127, 125, 127, 123, 130, 133, 139, 139, 137,
    138, 141, 134, 133, 129, 128, 136, 133, 137, 138, 136, 140, 139, 134,
    129, 131, 129, 134, 131, 141, 144, 146, 143, 145, 147, 139, 137, 140,
    139, 143, 148, 154, 162, 166, 176, 183, 192, 196, 207, 216, 220, 231,
    235, 242, 250, 253, 258, 262, 261 ]
