%YAML:1.0
---
videoName: "RHShake14.mp4"
gestureLabel: 2
fps: 30
pixelSizeInCmTemp: 3.2808219178082193e-01
faceCenterPointX: 277
faceCenterPointY: 42
LHandPositionsX: [ 378, 377, 377, 375, 375, 377, 378, 379, 379, 375, 375,
    378, 377, 375, 373, 373, 374, 375, 373, 372, 376, 373, 372, 375, 372,
    375, 374, 372, 374, 376, 374, 376, 373, 376, 376, 374, 376, 376, 373,
    375, 372, 376, 374, 374, 373, 375, 374, 373, 376, 372, 375, 374, 373,
    374, 372, 374, 376, 372, 375, 376, 376, 373, 375, 376, 372, 372, 376,
    372, 375, 375, 372, 374, 375, 372, 376, 372, 375, 376, 372, 372, 373,
    374, 376, 376, 376, 372, 372, 373, 375, 373, 374 ]
LHandPositionsY: [ 231, 230, 233, 232, 233, 230, 231, 233, 232, 231, 231,
    229, 229, 230, 231, 232, 229, 233, 229, 231, 233, 232, 230, 229, 232,
    231, 231, 232, 233, 233, 230, 232, 233, 233, 232, 231, 232, 232, 230,
    231, 231, 230, 232, 233, 233, 229, 229, 230, 229, 231, 229, 231, 231,
    230, 232, 231, 229, 231, 233, 231, 229, 231, 233, 229, 233, 232, 230,
    230, 231, 233, 231, 230, 229, 233, 229, 230, 229, 232, 231, 231, 230,
    230, 230, 231, 233, 230, 230, 233, 230, 233, 232 ]
RHandPositionsX: [ 174, 173, 172, 170, 174, 174, 173, 172, 170, 174, 173,
    174, 174, 172, 172, 173, 171, 172, 174, 173, 174, 170, 171, 171, 171,
    173, 168, 170, 159, 148, 138, 128, 122, 116, 117, 125, 127, 129, 137,
    137, 141, 149, 146, 141, 148, 147, 149, 152, 157, 161, 156, 158, 155,
    149, 154, 159, 161, 169, 170, 163, 157, 155, 156, 158, 158, 165, 162,
    170, 172, 176, 180, 178, 176, 181, 173, 172, 177, 177, 177, 173, 172,
    171, 172, 170, 173, 174, 173, 171, 170, 174, 172 ]
RHandPositionsY: [ 242, 240, 241, 240, 243, 243, 243, 241, 239, 240, 241,
    243, 240, 239, 243, 242, 239, 241, 243, 239, 243, 240, 240, 239, 242,
    242, 245, 234, 216, 197, 174, 155, 135, 114, 115, 109, 106, 111, 114,
    114, 115, 106, 97, 90, 87, 85, 87, 82, 83, 82, 79, 78, 79, 75, 77,
    78, 81, 84, 79, 78, 78, 75, 78, 75, 77, 81, 84, 104, 121, 131, 144,
    159, 171, 179, 193, 197, 200, 203, 213, 219, 219, 224, 220, 229, 232,
    231, 233, 232, 237, 233, 238 ]
