%YAML:1.0
---
videoName: "RHShake04.mp4"
gestureLabel: 2
fps: 29
pixelSizeInCmTemp: 3.1513157894736843e-01
faceCenterPointX: 292
faceCenterPointY: 47
LHandPositionsX: [ 411, 409, 411, 413, 409, 410, 410, 412, 410, 410, 411,
    410, 412, 410, 408, 412, 412, 410, 408, 409, 410, 407, 406, 408, 409,
    409, 406, 409, 405, 407, 405, 409, 407, 405, 405, 405, 409, 407, 409,
    409, 405, 405, 407, 407, 406, 405, 406, 406, 408, 406, 408, 408, 409,
    406, 407, 406, 407, 406, 407, 406, 409, 407, 407, 407, 405, 404, 404,
    405, 402, 402, 406, 405, 404, 406, 406, 406, 406, 403, 405, 404, 405,
    402, 402, 402, 401, 404, 405, 402 ]
LHandPositionsY: [ 265, 264, 266, 264, 265, 265, 264, 265, 263, 264, 264,
    263, 262, 262, 264, 265, 261, 264, 263, 262, 263, 260, 262, 262, 260,
    264, 261, 264, 261, 264, 262, 261, 264, 263, 261, 260, 261, 262, 260,
    262, 263, 263, 264, 264, 263, 261, 260, 262, 263, 264, 264, 264, 264,
    262, 264, 263, 263, 260, 264, 263, 262, 263, 263, 262, 262, 259, 261,
    258, 261, 260, 261, 260, 258, 261, 259, 259, 259, 258, 262, 261, 257,
    259, 257, 260, 257, 258, 259, 257 ]
RHandPositionsX: [ 182, 181, 182, 180, 179, 180, 182, 179, 178, 180, 180,
    180, 180, 178, 177, 180, 176, 177, 176, 179, 176, 179, 179, 182, 183,
    176, 172, 163, 164, 164, 164, 165, 181, 188, 192, 191, 185, 180, 173,
    169, 166, 167, 172, 176, 178, 177, 182, 176, 168, 168, 168, 171, 177,
    178, 181, 178, 176, 173, 170, 170, 171, 174, 177, 185, 196, 189, 182,
    178, 174, 171, 168, 171, 172, 174, 185, 192, 190, 190, 191, 187, 188,
    188, 187, 177, 178, 173, 173, 173 ]
RHandPositionsY: [ 265, 268, 268, 267, 263, 262, 267, 265, 265, 269, 268,
    265, 270, 270, 270, 267, 267, 270, 269, 268, 272, 273, 269, 244, 222,
    195, 170, 149, 127, 125, 117, 101, 97, 102, 105, 101, 98, 97, 95, 94,
    91, 89, 94, 95, 95, 98, 95, 95, 95, 91, 93, 97, 100, 98, 99, 97, 96,
    93, 94, 92, 94, 96, 97, 98, 93, 95, 95, 96, 92, 93, 96, 93, 98, 106,
    120, 134, 141, 153, 165, 180, 197, 210, 222, 230, 236, 247, 250, 249 ]
