%YAML:1.0
---
videoName: "RHShake04.mp4"
gestureLabel: 2
fps: 29
pixelSizeInCmTemp: 3.1513157894736843e-01
faceCenterPointX: 292
faceCenterPointY: 47
LHandPositionsX: [ 409, 412, 409, 411, 410, 409, 410, 412, 412, 413, 412,
    412, 411, 408, 408, 408, 409, 408, 408, 408, 409, 407, 410, 406, 406,
    410, 405, 407, 405, 407, 407, 406, 409, 405, 407, 408, 406, 407, 408,
    405, 405, 407, 407, 406, 405, 407, 409, 405, 409, 409, 409, 409, 405,
    408, 407, 407, 406, 407, 409, 405, 407, 407, 404, 406, 406, 405, 405,
    406, 405, 403, 402, 402, 405, 403, 403, 406, 404, 404, 405, 404, 403,
    402, 402, 404, 401, 405, 403, 401 ]
LHandPositionsY: [ 266, 265, 266, 264, 265, 264, 261, 263, 263, 263, 262,
    264, 264, 262, 264, 261, 262, 263, 264, 264, 262, 260, 263, 262, 262,
    262, 263, 260, 262, 264, 262, 263, 263, 261, 261, 263, 262, 262, 261,
    263, 262, 264, 264, 263, 264, 260, 264, 264, 260, 261, 261, 261, 263,
    260, 262, 261, 261, 260, 261, 263, 260, 261, 263, 260, 259, 263, 260,
    258, 259, 259, 260, 259, 261, 258, 261, 258, 258, 260, 262, 258, 258,
    260, 258, 257, 259, 260, 259, 259 ]
RHandPositionsX: [ 179, 180, 182, 183, 181, 182, 182, 177, 180, 181, 178,
    178, 177, 181, 178, 177, 176, 179, 179, 176, 175, 176, 179, 184, 181,
    174, 170, 163, 162, 163, 163, 168, 178, 186, 195, 191, 185, 181, 173,
    171, 165, 170, 170, 174, 178, 176, 179, 174, 169, 166, 167, 168, 178,
    178, 179, 179, 173, 170, 169, 173, 169, 174, 179, 185, 195, 189, 181,
    179, 171, 173, 170, 170, 174, 178, 186, 190, 194, 192, 188, 187, 186,
    189, 183, 179, 175, 176, 173, 175 ]
RHandPositionsY: [ 266, 264, 266, 267, 263, 265, 264, 267, 264, 268, 267,
    266, 270, 270, 267, 266, 268, 271, 268, 268, 270, 271, 268, 245, 223,
    197, 173, 146, 127, 122, 118, 102, 96, 103, 104, 102, 99, 95, 94, 91,
    89, 91, 97, 98, 97, 95, 97, 93, 95, 92, 94, 97, 96, 97, 96, 96, 97,
    93, 91, 92, 91, 97, 95, 98, 94, 95, 93, 97, 96, 93, 96, 95, 101, 109,
    119, 132, 144, 151, 163, 177, 197, 209, 224, 227, 238, 243, 249, 248 ]
