%YAML:1.0
---
videoName: "RHShake14.mp4"
gestureLabel: 2
fps: 30
pixelSizeInCmTemp: 3.2808219178082193e-01
faceCenterPointX: 277
faceCenterPointY: 42
LHandPositionsX: [ 376, 378, 378, 375, 375, 379, 378, 378, 377, 376, 376,
    377, 376, 378, 377, 374, 377, 376, 372, 372, 375, 375, 376, 376, 373,
    375, 372, 372, 375, 375, 375, 374, 376, 372, 375, 372, 376, 372, 372,
    376, 375, 374, 374, 373, 372, 375, 375, 374, 374, 373, 372, 374, 375,
    374, 376, 372, 375, 374, 373, 373, 373, 373, 376, 373, 376, 375, 373,
    372, 373, 376, 376, 372, 373, 375, 373, 376, 372, 373, 374, 374, 372,
    373, 373, 376, 375, 375, 372, 374, 376, 374, 372 ]
LHandPositionsY: [ 231, 229, 232, 231, 231, 232, 230, 230, 230, 232, 233,
    231, 229, 229, 233, 231, 231, 229, 233, 229, 233, 232, 232, 229, 230,
    233, 232, 233, 231, 232, 229, 230, 231, 229, 231, 231, 229, 233, 230,
    231, 230, 231, 232, 232, 233, 230, 232, 232, 230, 233, 230, 233, 233,
    233, 229, 229, 232, 231, 230, 230, 229, 229, 230, 229, 233, 233, 233,
    229, 232, 230, 232, 233, 233, 231, 230, 230, 232, 230, 230, 232, 230,
    230, 233, 229, 232, 233, 229, 231, 233, 232, 232 ]
RHandPositionsX: [ 170, 170, 174, 170, 172, 170, 173, 173, 170, 173, 173,
    173, 172, 171, 171, 174, 173, 170, 170, 171, 171, 170, 174, 170, 169,
    171, 169, 168, 158, 148, 137, 127, 121, 114, 119, 123, 128, 130, 137,
    137, 144, 148, 144, 142, 144, 148, 149, 151, 158, 161, 157, 155, 154,
    149, 157, 159, 163, 170, 170, 165, 159, 156, 159, 159, 159, 163, 166,
    169, 174, 176, 179, 176, 176, 177, 175, 170, 179, 178, 174, 175, 172,
    172, 174, 172, 174, 170, 172, 172, 173, 172, 172 ]
RHandPositionsY: [ 242, 243, 241, 239, 240, 243, 242, 241, 239, 240, 241,
    239, 243, 243, 242, 239, 240, 243, 240, 239, 243, 239, 241, 241, 241,
    244, 244, 235, 214, 194, 171, 152, 135, 114, 112, 108, 102, 112, 112,
    118, 119, 103, 99, 92, 87, 84, 85, 86, 85, 81, 81, 78, 76, 77, 74,
    77, 78, 80, 79, 76, 79, 77, 75, 77, 77, 83, 87, 106, 122, 135, 144,
    158, 171, 180, 191, 194, 200, 205, 212, 215, 218, 221, 220, 227, 234,
    231, 231, 234, 234, 233, 235 ]
