%YAML:1.0
---
videoName: "RHShake08.mp4"
gestureLabel: 2
fps: 29
pixelSizeInCmTemp: 3.2808219178082193e-01
faceCenterPointX: 290
faceCenterPointY: 45
LHandPositionsX: [ 316, 317, 316, 314, 314, 313, 316, 315, 312, 313, 312,
    309, 312, 308, 309, 307, 307, 311, 310, 307, 309, 309, 309, 306, 306,
    308, 308, 310, 309, 310, 309, 306, 310, 308, 311, 310, 306, 306, 309,
    306, 307, 310, 309, 309, 309, 309, 310, 307, 306, 308, 306, 306, 306,
    307, 308, 308, 306, 306, 305, 306, 306, 305, 306, 309, 308, 306, 305,
    307, 307, 306, 307, 307, 309, 308, 309, 306, 308, 306, 308, 306, 308,
    305, 310, 307, 311, 309, 309, 307 ]
LHandPositionsY: [ 281, 280, 281, 279, 279, 279, 280, 284, 283, 282, 284,
    281, 285, 282, 282, 283, 281, 284, 282, 284, 281, 285, 283, 281, 281,
    282, 284, 284, 282, 282, 284, 284, 285, 283, 282, 281, 281, 283, 281,
    281, 283, 282, 281, 284, 283, 280, 283, 283, 283, 280, 281, 281, 282,
    280, 281, 284, 283, 283, 283, 282, 283, 284, 283, 281, 281, 281, 282,
    282, 282, 284, 281, 283, 282, 284, 280, 280, 284, 283, 284, 284, 283,
    280, 282, 282, 280, 281, 283, 280 ]
RHandPositionsX: [ 268, 269, 269, 272, 271, 271, 275, 279, 266, 257, 261,
    258, 249, 236, 219, 203, 186, 166, 155, 159, 166, 176, 197, 199, 207,
    202, 192, 188, 182, 181, 187, 193, 203, 199, 195, 195, 184, 182, 178,
    180, 191, 189, 189, 187, 183, 176, 173, 172, 174, 182, 185, 187, 192,
    189, 192, 192, 187, 201, 204, 215, 211, 208, 206, 197, 196, 194, 202,
    204, 217, 214, 210, 214, 222, 229, 240, 250, 252, 261, 263, 263, 266,
    266, 269, 270, 275, 274, 273, 272 ]
RHandPositionsY: [ 268, 268, 270, 267, 270, 267, 266, 267, 264, 262, 256,
    246, 233, 220, 201, 185, 173, 153, 131, 130, 113, 108, 107, 104, 108,
    103, 97, 95, 95, 91, 89, 91, 93, 94, 96, 89, 91, 89, 85, 90, 90, 94,
    93, 90, 90, 88, 84, 84, 87, 95, 93, 94, 100, 96, 94, 93, 90, 91, 99,
    97, 98, 101, 94, 94, 96, 95, 97, 98, 107, 108, 110, 123, 130, 143,
    158, 177, 193, 217, 226, 246, 258, 259, 261, 262, 262, 266, 265, 266 ]
