%YAML:1.0
---
videoName: "RHShake12.mp4"
gestureLabel: 2
fps: 29
pixelSizeInCmTemp: 3.3732394366197183e-01
faceCenterPointX: 299
faceCenterPointY: 45
LHandPositionsX: [ 408, 404, 407, 404, 405, 405, 407, 407, 406, 406, 404,
    405, 405, 407, 406, 406, 408, 405, 405, 406, 405, 404, 405, 406, 406,
    405, 404, 406, 405, 407, 404, 408, 404, 404, 407, 407, 404, 404, 404,
    404, 407, 407, 408, 407, 406, 408, 405, 404, 407, 405, 405, 408, 406,
    405, 404, 407, 404, 407, 406, 405, 406, 408, 405, 408, 406, 404, 405,
    405, 407, 406, 405, 404, 404, 405, 404, 406, 405, 407, 405, 407, 405,
    408, 408, 407, 407, 408, 407, 408 ]
LHandPositionsY: [ 241, 239, 241, 241, 243, 242, 242, 239, 240, 243, 239,
    239, 241, 240, 241, 242, 240, 239, 243, 241, 242, 243, 243, 239, 243,
    239, 239, 240, 243, 243, 241, 240, 239, 239, 243, 241, 241, 241, 242,
    243, 239, 239, 242, 242, 241, 239, 243, 239, 239, 239, 241, 243, 241,
    243, 242, 242, 243, 242, 240, 242, 241, 240, 243, 242, 241, 241, 239,
    242, 242, 243, 241, 243, 242, 241, 241, 240, 242, 240, 241, 242, 242,
    243, 243, 242, 241, 239, 242, 239 ]
RHandPositionsX: [ 171, 165, 163, 160, 165, 171, 183, 190, 190, 195, 195,
    181, 179, 173, 174, 169, 173, 177, 186, 189, 190, 181, 178, 176, 168,
    164, 168, 177, 187, 195, 194, 191, 183, 179, 177, 177, 173, 173, 178,
    192, 196, 192, 185, 180, 173, 174, 174, 172, 179, 189, 190, 194, 198,
    190, 183, 182, 176, 176, 175, 174, 183, 190, 199, 199, 204, 200, 194,
    189, 189, 186, 184, 186, 189, 193, 200, 198, 199, 200, 202, 204, 199,
    197, 199, 198, 200, 197, 201, 198 ]
RHandPositionsY: [ 138, 128, 119, 113, 108, 93, 95, 104, 105, 110, 101,
    91, 92, 89, 90, 83, 85, 87, 102, 102, 107, 97, 93, 86, 87, 85, 83,
    91, 101, 113, 113, 109, 99, 97, 92, 93, 89, 88, 95, 112, 115, 115,
    105, 97, 95, 93, 89, 88, 95, 109, 109, 112, 114, 102, 92, 91, 90, 88,
    87, 86, 92, 110, 119, 118, 121, 118, 114, 109, 110, 115, 115, 123,
    135, 150, 158, 163, 166, 175, 184, 196, 203, 211, 215, 221, 222, 225,
    232, 232 ]
