%YAML:1.0
---
videoName: "RHShake23.mp4"
gestureLabel: 2
fps: 29
pixelSizeInCmTemp: 3.3263888888888887e-01
faceCenterPointX: 298
faceCenterPointY: 49
LHandPositionsX: [ 388, 391, 387, 389, 391, 388, 389, 390, 390, 387, 387,
    388, 388, 391, 391, 387, 389, 390, 391, 389, 389, 389, 387, 387, 388,
    387, 387, 390, 390, 387, 389, 387, 390, 389, 389, 391, 389, 391, 389,
    388, 390, 390, 391, 388, 391, 387, 389, 387, 387, 387, 389, 391, 387,
    389, 390, 388, 389, 389, 390, 391, 389, 387, 390, 391, 388, 391, 387,
    387, 390, 391, 391, 390, 388, 389, 390, 388, 389, 391, 391, 388, 389,
    388, 390, 391, 389, 391, 391, 390 ]
LHandPositionsY: [ 226, 228, 227, 225, 226, 228, 225, 228, 226, 227, 226,
    224, 227, 225, 226, 224, 224, 224, 226, 225, 227, 227, 225, 226, 224,
    228, 226, 225, 227, 224, 226, 224, 227, 228, 226, 224, 225, 225, 227,
    228, 226, 226, 226, 224, 225, 227, 226, 225, 224, 228, 227, 226, 224,
    226, 224, 227, 225, 225, 227, 227, 227, 224, 225, 224, 226, 225, 227,
    228, 226, 224, 227, 225, 227, 227, 226, 224, 228, 227, 227, 227, 226,
    225, 224, 228, 228, 228, 224, 225 ]
RHandPositionsX: [ 169, 169, 176, 186, 190, 189, 196, 191, 179, 179, 172,
    176, 175, 180, 188, 198, 197, 198, 199, 193, 187, 180, 178, 177, 171,
    169, 171, 180, 191, 200, 198, 198, 201, 195, 194, 184, 184, 178, 180,
    184, 186, 198, 199, 203, 206, 203, 197, 190, 182, 180, 174, 179, 180,
    186, 194, 201, 203, 211, 210, 209, 211, 212, 210, 212, 209, 210, 206,
    208, 205, 206, 204, 202, 202, 204, 200, 204, 203, 202, 200, 199, 202,
    202, 202, 198, 200, 198, 198, 199 ]
RHandPositionsY: [ 99, 93, 99, 112, 114, 113, 122, 113, 105, 100, 99,
    100, 100, 101, 115, 124, 125, 124, 124, 109, 101, 101, 99, 101, 99,
    98, 95, 101, 116, 124, 123, 124, 121, 106, 106, 107, 106, 100, 102,
    99, 113, 121, 120, 124, 124, 124, 124, 110, 106, 106, 105, 101, 99,
    117, 128, 133, 141, 150, 150, 155, 160, 164, 171, 183, 190, 203, 208,
    217, 214, 217, 215, 219, 219, 224, 225, 225, 228, 227, 226, 225, 227,
    226, 228, 226, 227, 226, 224, 228 ]
