%YAML:1.0
---
videoName: "RHShake02.mp4"
gestureLabel: 2
fps: 29
pixelSizeInCmTemp: 3.1933333333333330e-01
faceCenterPointX: 291
faceCenterPointY: 51
LHandPositionsX: [ 407, 406, 409, 409, 406, 409, 406, 407, 405, 409, 405,
    408, 407, 405, 409, 406, 406, 408, 404, 407, 408, 407, 406, 405, 405,
    405, 407, 404, 406, 406, 403, 403, 402, 401, 404, 403, 404, 403, 403,
    403, 404, 401, 403, 400, 403, 403, 400, 398, 398, 400, 398, 398, 398,
    397, 398, 398, 399, 397, 397, 399, 398, 400, 399, 400, 398, 397, 395,
    395, 398, 397, 395, 397, 395, 397, 396, 399, 397, 396, 395, 396, 396,
    399, 395, 396, 399, 398, 399, 398 ]
LHandPositionsY: [ 265, 262, 265, 261, 265, 262, 262, 262, 263, 265, 264,
    263, 262, 265, 263, 263, 263, 264, 263, 261, 260, 261, 264, 263, 260,
    261, 262, 264, 262, 261, 264, 264, 260, 262, 261, 260, 261, 260, 262,
    263, 263, 262, 263, 262, 264, 263, 262, 261, 263, 260, 263, 261, 262,
    262, 260, 263, 263, 260, 263, 260, 264, 262, 264, 261, 261, 261, 263,
    260, 264, 262, 260, 263, 261, 260, 261, 263, 260, 263, 263, 264, 263,
    263, 262, 264, 263, 264, 261, 260 ]
RHandPositionsX: [ 175, 172, 174, 172, 170, 171, 173, 170, 172, 170, 172,
    170, 170, 173, 172, 172, 172, 172, 173, 171, 170, 174, 171, 170, 172,
    170, 177, 177, 175, 173, 167, 161, 162, 154, 149, 156, 162, 178, 183,
    181, 182, 178, 170, 163, 162, 158, 161, 169, 180, 183, 194, 183, 181,
    176, 167, 167, 165, 165, 173, 182, 184, 184, 180, 179, 177, 170, 168,
    169, 172, 174, 185, 192, 195, 201, 197, 198, 196, 182, 186, 184, 178,
    177, 178, 174, 178, 173, 176, 174 ]
RHandPositionsY: [ 267, 265, 267, 266, 267, 263, 265, 263, 265, 263, 266,
    263, 264, 264, 266, 265, 267, 264, 264, 267, 267, 265, 266, 264, 266,
    269, 262, 246, 232, 209, 189, 166, 146, 121, 110, 101, 96, 94, 101,
    96, 93, 93, 93, 90, 90, 89, 87, 92, 97, 96, 100, 99, 92, 92, 85, 85,
    84, 89, 97, 101, 98, 99, 96, 98, 94, 94, 91, 93, 92, 100, 106, 118,
    131, 145, 156, 174, 192, 213, 225, 230, 238, 245, 242, 251, 251, 250,
    253, 253 ]
