%YAML:1.0
---
videoName: "RHShake10.mp4"
gestureLabel: 2
fps: 29
pixelSizeInCmTemp: 3.1933333333333330e-01
faceCenterPointX: 295
faceCenterPointY: 45
LHandPositionsX: [ 342, 341, 341, 341, 341, 340, 338, 335, 332, 332, 332,
    330, 327, 330, 327, 324, 327, 329, 326, 326, 329, 328, 328, 326, 327,
    328, 328, 329, 328, 329, 326, 326, 327, 330, 328, 326, 327, 329, 329,
    329, 326, 326, 327, 329, 327, 328, 330, 328, 326, 326, 326, 329, 326,
    328, 327, 326, 330, 327, 326, 328, 330, 326, 329, 330, 328, 329, 326,
    328, 326, 330, 330, 326, 328, 326, 329, 327, 329, 327, 327, 327, 329,
    332, 329, 331, 330, 327, 330, 329 ]
LHandPositionsY: [ 265, 267, 266, 268, 264, 268, 270, 270, 268, 269, 268,
    271, 271, 271, 272, 271, 272, 272, 274, 271, 271, 274, 273, 272, 272,
    271, 271, 272, 272, 270, 271, 270, 269, 272, 270, 270, 272, 269, 268,
    268, 271, 271, 268, 269, 270, 271, 270, 271, 272, 271, 268, 268, 271,
    268, 272, 269, 270, 268, 268, 272, 271, 272, 271, 271, 271, 269, 272,
    271, 272, 272, 271, 271, 272, 269, 269, 268, 268, 270, 270, 267, 268,
    268, 267, 269, 268, 270, 269, 269 ]
RHandPositionsX: [ 260, 259, 261, 263, 262, 261, 262, 262, 258, 257, 260,
    257, 259, 259, 262, 262, 258, 253, 258, 250, 238, 222, 203, 185, 167,
    152, 134, 135, 137, 139, 146, 152, 154, 164, 166, 165, 157, 158, 159,
    159, 162, 170, 181, 180, 175, 175, 172, 170, 172, 169, 175, 186, 189,
    193, 189, 181, 179, 178, 173, 178, 179, 191, 189, 193, 192, 181, 176,
    175, 176, 181, 179, 191, 198, 205, 213, 217, 228, 230, 234, 244, 252,
    254, 251, 256, 263, 259, 260, 262 ]
RHandPositionsY: [ 266, 266, 265, 263, 266, 266, 265, 263, 266, 266, 268,
    268, 266, 267, 268, 269, 265, 265, 267, 254, 241, 226, 213, 190, 169,
    152, 131, 113, 113, 100, 86, 88, 89, 87, 84, 81, 83, 79, 76, 76, 78,
    84, 87, 84, 80, 79, 79, 75, 76, 81, 82, 86, 88, 92, 87, 85, 81, 82,
    79, 86, 87, 91, 90, 92, 88, 86, 82, 83, 80, 85, 96, 105, 124, 144,
    161, 180, 199, 214, 229, 246, 260, 260, 258, 263, 264, 268, 269, 270 ]
