%YAML:1.0
---
videoName: "RHShake18.mp4"
gestureLabel: 2
fps: 30
pixelSizeInCmTemp: 3.3732394366197183e-01
faceCenterPointX: 275
faceCenterPointY: 40
LHandPositionsX: [ 379, 375, 376, 377, 377, 376, 375, 377, 376, 377, 376,
    378, 376, 376, 379, 377, 375, 377, 375, 375, 378, 377, 377, 377, 378,
    375, 378, 375, 377, 376, 378, 378, 379, 375, 377, 377, 377, 378, 378,
    378, 377, 379, 379, 376, 376, 377, 379, 374, 372, 373, 374, 372, 367,
    359, 351, 347, 340, 335, 323, 315, 301, 301, 300, 300, 296, 290, 289,
    289, 293, 295, 291, 293, 291, 293, 293, 291, 290, 289, 289, 288, 288,
    289, 289, 289, 289, 286, 288, 287, 285, 285, 285 ]
LHandPositionsY: [ 233, 230, 233, 231, 230, 229, 231, 233, 233, 232, 229,
    229, 229, 233, 229, 232, 233, 230, 230, 233, 229, 230, 229, 232, 231,
    233, 230, 230, 232, 232, 229, 229, 230, 231, 229, 231, 233, 229, 232,
    233, 233, 233, 231, 232, 232, 229, 230, 229, 228, 228, 234, 237, 240,
    239, 235, 236, 232, 232, 228, 230, 231, 233, 234, 232, 231, 234, 237,
    238, 238, 242, 241, 240, 240, 242, 241, 240, 239, 240, 243, 240, 240,
    241, 239, 243, 240, 240, 240, 242, 242, 243, 243 ]
RHandPositionsX: [ 159, 154, 153, 149, 145, 150, 151, 161, 162, 163, 167,
    164, 157, 153, 149, 151, 156, 162, 170, 167, 170, 164, 159, 156, 156,
    157, 159, 162, 164, 167, 164, 162, 159, 158, 158, 160, 175, 174, 172,
    168, 165, 160, 160, 158, 160, 166, 171, 179, 192, 198, 207, 218, 232,
    243, 252, 260, 269, 259, 251, 249, 246, 244, 241, 238, 235, 235, 234,
    233, 235, 236, 241, 241, 239, 237, 237, 237, 238, 240, 240, 237, 239,
    236, 238, 238, 239, 237, 237, 237, 240, 239, 238 ]
RHandPositionsY: [ 72, 70, 68, 69, 67, 65, 66, 69, 70, 73, 71, 70, 67,
    66, 66, 69, 68, 72, 69, 70, 71, 73, 66, 66, 67, 71, 73, 76, 80, 73,
    77, 75, 72, 73, 73, 77, 92, 89, 91, 89, 90, 89, 87, 85, 86, 87, 97,
    104, 112, 121, 135, 145, 153, 161, 173, 184, 190, 195, 198, 197, 202,
    208, 206, 212, 212, 215, 216, 222, 222, 226, 227, 228, 228, 224, 227,
    225, 227, 224, 224, 225, 225, 225, 225, 227, 224, 228, 225, 224, 225,
    224, 228 ]
