%YAML:1.0
---
videoName: "RHShake15.mp4"
gestureLabel: 2
fps: 29
pixelSizeInCmTemp: 3.2808219178082193e-01
faceCenterPointX: 279
faceCenterPointY: 41
LHandPositionsX: [ 370, 368, 372, 372, 372, 372, 368, 368, 369, 372, 371,
    370, 370, 369, 370, 369, 371, 368, 368, 369, 371, 372, 372, 372, 369,
    372, 370, 371, 368, 372, 369, 372, 368, 369, 370, 368, 369, 370, 372,
    371, 371, 368, 370, 372, 370, 372, 369, 372, 369, 371, 370, 368, 370,
    368, 368, 372, 369, 372, 370, 368, 368, 372, 371, 368, 369, 372, 368,
    372, 372, 371, 369, 368, 371, 369, 368, 372, 369, 370, 369, 368, 369,
    371, 372, 372, 368, 372, 370, 372 ]
LHandPositionsY: [ 236, 233, 234, 233, 232, 236, 235, 233, 232, 233, 235,
    236, 235, 232, 233, 232, 236, 235, 233, 234, 236, 233, 236, 235, 234,
    232, 236, 233, 232, 233, 236, 236, 232, 232, 234, 235, 235, 232, 233,
    233, 236, 232, 236, 232, 232, 235, 232, 232, 234, 235, 233, 235, 234,
    235, 234, 234, 232, 232, 235, 232, 232, 232, 231, 232, 235, 235, 233,
    231, 233, 231, 235, 235, 231, 234, 234, 232, 234, 232, 234, 232, 231,
    235, 232, 232, 235, 232, 234, 233 ]
RHandPositionsX: [ 139, 123, 112, 108, 111, 108, 107, 105, 108, 108, 111,
    116, 116, 112, 110, 114, 115, 109, 107, 109, 112, 118, 117, 113, 109,
    107, 110, 109, 106, 106, 115, 118, 114, 115, 111, 109, 110, 113, 114,
    116, 111, 113, 115, 116, 119, 122, 121, 123, 121, 121, 118, 122, 125,
    129, 124, 124, 124, 128, 121, 119, 123, 124, 127, 135, 140, 142, 141,
    136, 141, 141, 146, 150, 151, 154, 157, 158, 156, 159, 160, 158, 159,
    159, 160, 161, 161, 161, 160, 161 ]
RHandPositionsY: [ 193, 170, 156, 145, 142, 139, 132, 127, 120, 113, 110,
    106, 103, 100, 95, 98, 95, 96, 92, 92, 92, 92, 94, 91, 94, 94, 93,
    95, 96, 95, 97, 105, 103, 104, 104, 103, 100, 105, 102, 105, 103,
    104, 112, 111, 108, 105, 106, 107, 107, 104, 103, 109, 109, 113, 115,
    113, 109, 112, 109, 111, 110, 120, 127, 136, 150, 166, 170, 182, 194,
    203, 209, 221, 230, 236, 242, 241, 245, 246, 245, 247, 247, 248, 246,
    246, 245, 245, 248, 248 ]
