%YAML:1.0
---
videoName: "RHShake24.mp4"
gestureLabel: 2
fps: 30
pixelSizeInCmTemp: 3.3732394366197183e-01
faceCenterPointX: 304
faceCenterPointY: 46
LHandPositionsX: [ 391, 391, 389, 392, 393, 389, 391, 393, 390, 392, 393,
    389, 389, 389, 391, 391, 389, 390, 392, 392, 393, 389, 392, 393, 390,
    389, 392, 391, 393, 392, 392, 393, 390, 389, 390, 393, 393, 390, 393,
    393, 391, 392, 392, 392, 393, 389, 391, 390, 393, 391, 389, 393, 390,
    390, 393, 390, 393, 393, 390, 392, 392, 391, 392, 389, 390, 392, 392,
    389, 391, 390, 391, 389, 390, 391, 392, 393, 392, 393, 393, 389, 392,
    393, 392, 389, 390, 390, 393, 393, 390, 391, 390 ]
LHandPositionsY: [ 228, 225, 228, 228, 225, 225, 225, 229, 227, 229, 227,
    227, 227, 226, 228, 225, 226, 228, 228, 227, 229, 225, 227, 228, 228,
    229, 227, 229, 228, 225, 228, 229, 227, 229, 228, 228, 228, 228, 228,
    227, 228, 225, 225, 229, 227, 228, 225, 226, 225, 225, 226, 225, 229,
    225, 225, 228, 225, 227, 227, 226, 229, 228, 227, 228, 226, 227, 226,
    225, 229, 226, 227, 225, 226, 227, 227, 225, 227, 226, 226, 229, 229,
    228, 225, 226, 226, 228, 225, 229, 228, 225, 229 ]
RHandPositionsX: [ 144, 148, 149, 152, 157, 153, 152, 149, 148, 142, 139,
    137, 141, 151, 164, 160, 164, 161, 161, 154, 152, 144, 145, 142, 142,
    146, 155, 160, 157, 157, 154, 154, 151, 145, 142, 145, 148, 152, 155,
    159, 159, 164, 157, 154, 149, 145, 143, 144, 142, 149, 163, 163, 168,
    169, 168, 164, 160, 150, 153, 148, 147, 148, 151, 164, 164, 168, 169,
    169, 177, 178, 182, 183, 185, 187, 189, 193, 192, 193, 193, 194, 193,
    196, 193, 194, 193, 193, 193, 192, 192, 196, 194 ]
RHandPositionsY: [ 98, 101, 99, 98, 101, 97, 94, 89, 88, 87, 85, 85, 84,
    100, 110, 113, 114, 114, 108, 100, 95, 94, 96, 95, 94, 101, 110, 112,
    111, 114, 106, 99, 95, 94, 96, 94, 91, 96, 102, 106, 107, 112, 106,
    101, 101, 98, 95, 95, 95, 110, 122, 119, 118, 122, 120, 104, 100,
    100, 101, 99, 95, 98, 106, 112, 116, 115, 120, 120, 130, 139, 150,
    154, 149, 158, 165, 170, 179, 186, 197, 201, 209, 209, 210, 215, 218,
    218, 219, 224, 224, 224, 228 ]
