%YAML:1.0
---
videoName: "RHShake20.mp4"
gestureLabel: 2
fps: 29
pixelSizeInCmTemp: 3.3263888888888887e-01
faceCenterPointX: 286
faceCenterPointY: 45
LHandPositionsX: [ 390, 392, 391, 393, 392, 391, 394, 390, 393, 393, 391,
    394, 394, 390, 390, 392, 391, 394, 394, 392, 394, 393, 390, 394, 391,
    393, 392, 391, 394, 390, 393, 391, 394, 394, 392, 391, 391, 393, 394,
    390, 390, 391, 390, 392, 390, 392, 393, 393, 391, 390, 393, 391, 394,
    392, 392, 394, 391, 392, 392, 391, 391, 394, 393, 390, 391, 391, 390,
    394, 391, 393, 390, 392, 390, 391, 391, 391, 394, 393, 390, 394, 394,
    392, 394, 394, 392, 391, 392, 390 ]
LHandPositionsY: [ 243, 243, 242, 246, 242, 243, 243, 242, 244, 242, 241,
    244, 242, 243, 239, 242, 239, 239, 241, 240, 243, 243, 243, 242, 243,
    241, 243, 241, 239, 243, 242, 243, 241, 241, 242, 239, 242, 240, 240,
    240, 240, 243, 240, 241, 243, 243, 239, 242, 239, 239, 239, 239, 242,
    243, 239, 242, 239, 240, 243, 241, 243, 241, 239, 240, 239, 243, 242,
    241, 243, 243, 240, 240, 239, 241, 243, 241, 242, 239, 242, 241, 240,
    242, 242, 241, 242, 242, 243, 241 ]
RHandPositionsX: [ 165, 160, 159, 155, 153, 156, 152, 155, 159, 160, 162,
    158, 160, 153, 152, 151, 151, 151, 161, 162, 164, 164, 158, 153, 152,
    152, 153, 154, 161, 162, 161, 160, 159, 153, 157, 155, 152, 151, 157,
    165, 168, 168, 165, 160, 159, 151, 154, 150, 156, 160, 167, 166, 167,
    170, 167, 168, 166, 163, 164, 156, 163, 169, 173, 175, 182, 183, 188,
    186, 185, 182, 183, 180, 178, 180, 178, 176, 178, 178, 178, 176, 178,
    179, 179, 179, 177, 177, 178, 178 ]
RHandPositionsY: [ 112, 109, 105, 104, 100, 100, 99, 97, 102, 101, 100,
    101, 97, 100, 97, 95, 97, 102, 111, 115, 117, 113, 112, 111, 109,
    105, 106, 111, 120, 116, 117, 114, 110, 108, 107, 104, 105, 108, 116,
    121, 120, 122, 122, 120, 113, 112, 114, 111, 109, 119, 123, 124, 123,
    127, 125, 120, 116, 116, 111, 112, 116, 122, 130, 137, 144, 154, 167,
    177, 183, 192, 200, 211, 221, 229, 234, 233, 238, 240, 239, 240, 243,
    244, 245, 247, 244, 245, 247, 243 ]
