%YAML:1.0
---
videoName: "RHShake18.mp4"
gestureLabel: 2
fps: 30
pixelSizeInCmTemp: 3.3732394366197183e-01
faceCenterPointX: 275
faceCenterPointY: 40
LHandPositionsX: [ 376, 375, 376, 375, 376, 375, 378, 377, 378, 377, 379,
    377, 376, 377, 378, 377, 378, 378, 376, 378, 376, 376, 376, 378, 375,
    377, 377, 375, 377, 378, 378, 379, 379, 375, 378, 378, 377, 376, 378,
    375, 377, 378, 378, 378, 375, 378, 378, 376, 376, 372, 373, 368, 363,
    357, 350, 349, 336, 331, 322, 317, 301, 299, 302, 298, 296, 288, 289,
    289, 294, 296, 291, 293, 292, 292, 291, 293, 290, 291, 290, 291, 290,
    288, 287, 287, 286, 286, 286, 288, 289, 289, 285 ]
LHandPositionsY: [ 233, 229, 230, 229, 232, 232, 229, 233, 229, 230, 232,
    229, 232, 231, 229, 233, 231, 231, 230, 230, 233, 230, 231, 233, 230,
    233, 229, 233, 231, 231, 232, 230, 230, 231, 230, 232, 232, 230, 232,
    231, 231, 229, 229, 229, 233, 229, 233, 230, 228, 227, 234, 238, 240,
    238, 236, 237, 235, 232, 230, 231, 229, 234, 230, 231, 233, 236, 237,
    237, 239, 242, 241, 244, 243, 239, 241, 241, 239, 240, 242, 243, 240,
    243, 243, 243, 243, 243, 242, 240, 242, 241, 242 ]
RHandPositionsX: [ 157, 155, 154, 148, 145, 151, 151, 158, 161, 162, 167,
    162, 154, 152, 152, 151, 157, 164, 168, 166, 170, 161, 157, 159, 160,
    156, 155, 164, 165, 167, 163, 162, 159, 156, 154, 161, 174, 175, 171,
    169, 166, 159, 156, 157, 162, 165, 170, 181, 189, 201, 209, 220, 231,
    241, 252, 259, 267, 258, 250, 248, 243, 244, 240, 236, 235, 237, 235,
    234, 234, 238, 242, 238, 240, 240, 240, 237, 238, 239, 239, 238, 236,
    240, 236, 236, 237, 237, 238, 239, 239, 238, 239 ]
RHandPositionsY: [ 72, 70, 71, 67, 70, 67, 65, 70, 74, 76, 71, 71, 68,
    67, 65, 70, 67, 73, 73, 72, 74, 73, 68, 70, 67, 71, 69, 74, 79, 74,
    77, 73, 75, 72, 73, 78, 92, 89, 93, 91, 90, 88, 85, 84, 86, 88, 99,
    102, 113, 124, 133, 145, 154, 162, 174, 181, 188, 192, 196, 197, 204,
    206, 210, 212, 212, 217, 220, 222, 224, 223, 227, 228, 227, 228, 226,
    227, 224, 227, 226, 227, 224, 226, 228, 225, 228, 228, 228, 228, 228,
    224, 226 ]
