%YAML:1.0
---
videoName: "RHShake01.mp4"
gestureLabel: 2
fps: 29
pixelSizeInCmTemp: 3.1513157894736843e-01
faceCenterPointX: 292
faceCenterPointY: 51
LHandPositionsX: [ 394, 395, 394, 395, 396, 393, 396, 393, 394, 392, 392,
    396, 396, 393, 394, 395, 395, 395, 392, 394, 393, 391, 393, 395, 392,
    392, 392, 391, 395, 392, 393, 393, 395, 392, 393, 394, 392, 392, 392,
    395, 394, 391, 392, 392, 393, 391, 392, 395, 391, 391, 395, 391, 394,
    392, 395, 394, 394, 394, 393, 393, 391, 395, 394, 395, 392, 393, 393,
    395, 394, 394, 391, 393, 395, 395, 392, 394, 392, 395, 395, 395, 391,
    395, 393, 393, 392, 393, 393, 395 ]
LHandPositionsY: [ 253, 257, 257, 256, 256, 254, 255, 255, 257, 254, 257,
    253, 253, 255, 257, 256, 254, 257, 257, 257, 255, 254, 255, 257, 255,
    256, 255, 254, 257, 256, 257, 254, 257, 253, 254, 254, 257, 253, 254,
    257, 254, 257, 253, 253, 255, 257, 257, 253, 253, 253, 255, 256, 257,
    253, 254, 255, 255, 253, 253, 253, 253, 254, 257, 254, 254, 254, 256,
    254, 254, 255, 256, 255, 253, 254, 255, 256, 255, 253, 254, 255, 254,
    257, 254, 253, 254, 256, 255, 253 ]
RHandPositionsX: [ 169, 169, 168, 168, 171, 168, 171, 170, 168, 171, 169,
    169, 170, 168, 168, 169, 171, 169, 168, 167, 168, 171, 172, 172, 173,
    168, 172, 174, 173, 168, 165, 162, 157, 153, 156, 160, 172, 178, 191,
    194, 193, 186, 181, 176, 174, 174, 173, 188, 197, 193, 189, 192, 182,
    180, 177, 178, 180, 183, 187, 195, 191, 196, 196, 188, 180, 175, 175,
    183, 188, 194, 195, 196, 197, 195, 192, 187, 187, 190, 190, 183, 176,
    178, 175, 175, 175, 174, 173, 174 ]
RHandPositionsY: [ 280, 279, 276, 277, 278, 277, 277, 279, 279, 276, 279,
    278, 279, 280, 277, 278, 278, 279, 278, 279, 276, 280, 278, 279, 275,
    273, 267, 245, 229, 208, 189, 170, 149, 133, 129, 116, 106, 109, 113,
    111, 105, 103, 101, 99, 98, 98, 97, 100, 102, 100, 99, 97, 93, 94,
    93, 90, 93, 99, 102, 100, 101, 98, 99, 99, 97, 96, 95, 98, 103, 107,
    112, 124, 135, 144, 160, 178, 193, 202, 206, 213, 221, 225, 233, 240,
    243, 243, 242, 249 ]
