%YAML:1.0
---
videoName: "RHShake17.mp4"
gestureLabel: 2
fps: 29
pixelSizeInCmTemp: 3.3732394366197183e-01
faceCenterPointX: 282
faceCenterPointY: 40
LHandPositionsX: [ 305, 305, 308, 306, 308, 305, 307, 306, 306, 308, 308,
    307, 307, 306, 308, 308, 307, 306, 306, 307, 309, 307, 306, 309, 307,
    307, 305, 308, 308, 305, 307, 308, 308, 307, 308, 307, 305, 308, 308,
    307, 307, 306, 309, 309, 308, 307, 307, 308, 306, 308, 310, 311, 308,
    311, 310, 311, 307, 307, 307, 308, 308, 311, 309, 307, 308, 311, 310,
    310, 307, 308, 310, 308, 309, 310, 310, 307, 309, 310, 309, 306, 309,
    306, 309, 307, 305, 309, 307, 305 ]
LHandPositionsY: [ 234, 232, 235, 234, 233, 234, 231, 231, 233, 232, 235,
    234, 235, 233, 233, 233, 233, 235, 231, 233, 235, 232, 232, 233, 231,
    235, 231, 233, 233, 231, 235, 233, 235, 234, 231, 235, 235, 233, 234,
    232, 234, 233, 235, 233, 232, 233, 231, 234, 234, 235, 234, 231, 235,
    235, 231, 234, 235, 235, 233, 234, 233, 234, 231, 235, 235, 231, 233,
    235, 231, 232, 235, 231, 233, 235, 231, 234, 231, 232, 234, 233, 235,
    235, 234, 234, 232, 231, 232, 231 ]
RHandPositionsX: [ 212, 195, 176, 158, 138, 143, 145, 145, 143, 141, 145,
    151, 157, 152, 148, 146, 145, 144, 142, 146, 161, 161, 155, 154, 151,
    148, 146, 143, 147, 154, 154, 160, 159, 153, 149, 144, 141, 138, 137,
    152, 151, 154, 155, 158, 156, 151, 148, 151, 159, 159, 172, 168, 167,
    164, 158, 155, 152, 150, 146, 150, 151, 164, 169, 178, 179, 179, 176,
    178, 170, 171, 176, 170, 168, 170, 168, 167, 171, 169, 172, 171, 170,
    167, 167, 167, 168, 166, 167, 170 ]
RHandPositionsY: [ 200, 185, 168, 149, 129, 112, 110, 101, 94, 93, 98,
    89, 84, 77, 74, 73, 71, 66, 69, 75, 76, 74, 73, 70, 67, 67, 69, 66,
    64, 69, 67, 70, 64, 64, 65, 67, 65, 65, 69, 82, 79, 83, 78, 76, 78,
    73, 74, 75, 72, 73, 91, 92, 85, 80, 77, 77, 79, 80, 80, 82, 93, 104,
    121, 135, 146, 157, 171, 183, 190, 196, 207, 215, 223, 228, 235, 234,
    238, 241, 240, 239, 240, 244, 241, 244, 242, 243, 246, 243 ]
