%YAML:1.0
---
videoName: "RHShake24.mp4"
gestureLabel: 2
fps: 30
pixelSizeInCmTemp: 3.3732394366197183e-01
faceCenterPointX: 304
faceCenterPointY: 46
LHandPositionsX: [ 393, 393, 390, 392, 390, 393, 392, 389, 389, 389, 392,
    390, 389, 391, 393, 390, 392, 393, 393, 391, 391, 391, 392, 393, 393,
    393, 391, 393, 392, 389, 391, 390, 392, 393, 390, 390, 391, 390, 392,
    392, 393, 392, 389, 391, 392, 392, 390, 393, 392, 393, 389, 389, 391,
    393, 392, 389, 390, 390, 391, 393, 393, 392, 389, 389, 393, 393, 390,
    393, 390, 392, 390, 393, 389, 392, 389, 392, 393, 392, 392, 392, 390,
    389, 390, 391, 391, 392, 391, 392, 390, 392, 393 ]
LHandPositionsY: [ 229, 225, 229, 227, 228, 228, 227, 227, 225, 226, 229,
    228, 228, 229, 228, 226, 227, 226, 229, 228, 228, 228, 226, 227, 226,
    229, 226, 226, 226, 227, 227, 229, 226, 227, 227, 225, 227, 227, 228,
    228, 225, 229, 226, 227, 226, 225, 225, 229, 226, 228, 229, 225, 227,
    227, 229, 229, 227, 227, 228, 227, 227, 225, 228, 226, 226, 225, 228,
    225, 225, 225, 228, 225, 229, 227, 227, 228, 225, 227, 229, 226, 226,
    227, 228, 228, 228, 227, 229, 227, 226, 228, 227 ]
RHandPositionsX: [ 141, 149, 151, 152, 153, 153, 151, 151, 144, 141, 138,
    135, 142, 153, 161, 161, 160, 164, 161, 157, 150, 145, 144, 143, 143,
    149, 155, 160, 157, 161, 158, 155, 151, 145, 143, 142, 146, 154, 155,
    160, 161, 164, 159, 157, 150, 146, 143, 144, 141, 147, 161, 166, 168,
    173, 171, 166, 156, 150, 149, 145, 149, 149, 153, 162, 168, 166, 172,
    169, 176, 178, 181, 180, 184, 187, 191, 193, 191, 192, 191, 192, 192,
    194, 195, 193, 194, 196, 195, 195, 193, 196, 194 ]
RHandPositionsY: [ 94, 104, 103, 99, 103, 97, 93, 89, 88, 85, 88, 85, 88,
    100, 111, 112, 114, 114, 106, 100, 96, 95, 98, 93, 92, 101, 109, 110,
    113, 113, 109, 102, 95, 98, 93, 90, 91, 95, 102, 108, 108, 114, 107,
    104, 99, 98, 99, 94, 94, 109, 121, 118, 121, 121, 118, 104, 99, 103,
    103, 99, 95, 94, 105, 111, 115, 115, 118, 121, 134, 141, 149, 152,
    150, 157, 166, 173, 179, 186, 196, 204, 210, 210, 214, 217, 216, 219,
    223, 221, 224, 226, 226 ]
