%YAML:1.0
---
videoName: "RHShake00.mp4"
gestureLabel: 2
fps: 29
pixelSizeInCmTemp: 3.4710144927536229e-01
faceCenterPointX: 283
faceCenterPointY: 97
LHandPositionsX: [ 342, 343, 343, 342, 344, 342, 344, 344, 343, 344, 346,
    343, 346, 344, 344, 342, 345, 342, 342, 345, 344, 345, 345, 346, 345,
    342, 344, 344, 342, 343, 342, 342, 342, 343, 346, 344, 342, 344, 344,
    344, 344, 344, 343, 345, 344, 344, 343, 346, 345, 344, 344, 344, 346,
    345, 344, 344, 342, 345, 343, 345, 345, 345, 342, 346, 346, 344, 342,
    343, 343, 345, 344, 342, 345, 344, 346, 346, 345, 346, 345, 344, 344,
    346, 346, 346, 342, 345, 344, 345 ]
LHandPositionsY: [ 276, 273, 274, 273, 275, 273, 272, 275, 273, 275, 275,
    274, 275, 272, 273, 276, 275, 272, 275, 273, 273, 275, 274, 275, 274,
    273, 273, 274, 272, 273, 273, 274, 273, 276, 272, 273, 272, 273, 275,
    276, 276, 274, 272, 275, 272, 275, 276, 273, 274, 274, 276, 276, 274,
    274, 274, 274, 276, 276, 276, 274, 273, 274, 272, 272, 272, 274, 276,
    275, 274, 276, 274, 275, 276, 275, 273, 276, 276, 276, 275, 275, 273,
    273, 274, 272, 272, 273, 272, 273 ]
RHandPositionsX: [ 176, 175, 165, 156, 151, 145, 147, 142, 141, 144, 144,
    146, 151, 168, 165, 163, 169, 165, 165, 158, 153, 151, 150, 148, 155,
    162, 163, 166, 167, 162, 156, 151, 152, 148, 150, 153, 161, 162, 162,
    162, 163, 157, 148, 142, 141, 144, 150, 152, 153, 155, 161, 163, 159,
    148, 147, 143, 142, 148, 157, 159, 163, 164, 166, 164, 157, 150, 147,
    141, 140, 144, 148, 151, 157, 159, 162, 167, 171, 173, 177, 179, 185,
    189, 188, 191, 195, 196, 199, 199 ]
RHandPositionsY: [ 256, 252, 240, 217, 201, 187, 175, 169, 162, 148, 140,
    134, 130, 136, 137, 137, 136, 133, 125, 125, 122, 123, 119, 118, 126,
    135, 136, 131, 137, 131, 129, 127, 128, 124, 133, 135, 139, 142, 138,
    137, 141, 136, 133, 130, 127, 134, 134, 134, 140, 136, 140, 138, 136,
    130, 130, 130, 132, 130, 137, 146, 148, 147, 147, 144, 143, 138, 140,
    139, 139, 148, 156, 161, 166, 173, 182, 189, 199, 205, 213, 222, 230,
    237, 240, 249, 251, 258, 262, 260 ]
