%YAML:1.0
---
videoName: "RHShake22.mp4"
gestureLabel: 2
fps: 29
pixelSizeInCmTemp: 3.3263888888888887e-01
faceCenterPointX: 290
faceCenterPointY: 48
LHandPositionsX: [ 394, 394, 396, 396, 394, 395, 394, 392, 395, 393, 392,
    393, 393, 396, 395, 393, 393, 393, 396, 393, 392, 395, 392, 394, 394,
    392, 392, 392, 395, 394, 393, 394, 394, 392, 394, 394, 393, 393, 393,
    394, 393, 396, 395, 392, 395, 396, 393, 394, 395, 395, 394, 396, 393,
    394, 393, 395, 396, 393, 395, 395, 393, 395, 392, 395, 396, 395, 393,
    396, 395, 393, 392, 393, 392, 392, 393, 395, 393, 393, 393, 394, 394,
    394, 393, 396, 395, 396, 392, 392 ]
LHandPositionsY: [ 231, 232, 232, 230, 233, 231, 234, 232, 234, 234, 234,
    231, 233, 234, 233, 230, 231, 232, 231, 230, 232, 231, 233, 234, 234,
    230, 232, 231, 234, 234, 233, 231, 230, 234, 234, 234, 234, 232, 231,
    230, 233, 234, 234, 233, 234, 230, 233, 233, 232, 233, 233, 233, 230,
    230, 231, 233, 234, 233, 230, 230, 232, 230, 233, 230, 231, 234, 230,
    232, 234, 231, 232, 234, 232, 230, 233, 234, 233, 233, 233, 234, 230,
    234, 232, 233, 231, 233, 232, 232 ]
RHandPositionsX: [ 148, 138, 132, 129, 130, 135, 145, 158, 167, 164, 166,
    162, 160, 160, 152, 147, 142, 144, 145, 154, 163, 172, 169, 168, 171,
    167, 165, 156, 154, 153, 152, 161, 164, 172, 171, 170, 172, 172, 164,
    162, 160, 156, 162, 167, 171, 176, 174, 173, 173, 168, 164, 156, 152,
    153, 155, 166, 169, 177, 177, 180, 179, 174, 171, 161, 159, 153, 153,
    155, 168, 178, 177, 176, 182, 179, 180, 179, 181, 182, 182, 187, 190,
    190, 190, 186, 187, 186, 190, 187 ]
RHandPositionsY: [ 141, 117, 101, 99, 96, 90, 83, 83, 88, 90, 92, 90, 84,
    78, 79, 80, 78, 77, 77, 84, 88, 95, 97, 95, 95, 87, 86, 84, 86, 80,
    82, 90, 92, 99, 102, 99, 96, 91, 86, 89, 84, 86, 86, 89, 97, 99, 102,
    102, 97, 92, 89, 89, 89, 84, 87, 84, 90, 98, 104, 105, 98, 96, 93,
    90, 93, 92, 91, 89, 91, 105, 108, 110, 116, 117, 120, 125, 137, 150,
    161, 169, 184, 191, 200, 207, 213, 217, 227, 224 ]
