%YAML:1.0
---
videoName: "RHShake21.mp4"
gestureLabel: 2
fps: 29
pixelSizeInCmTemp: 3.3732394366197183e-01
faceCenterPointX: 293
faceCenterPointY: 47
LHandPositionsX: [ 395, 394, 394, 398, 398, 397, 395, 398, 395, 397, 394,
    398, 398, 396, 394, 398, 397, 394, 397, 395, 398, 395, 395, 398, 395,
    395, 397, 397, 397, 395, 397, 398, 394, 396, 396, 394, 394, 394, 395,
    397, 395, 394, 394, 398, 398, 394, 398, 394, 395, 395, 396, 398, 398,
    398, 397, 394, 396, 394, 398, 394, 397, 394, 397, 397, 396, 398, 394,
    396, 395, 396, 398, 394, 396, 396, 397, 397, 397, 396, 395, 394, 398,
    396, 394, 398, 395, 396, 398, 396 ]
LHandPositionsY: [ 239, 238, 240, 242, 242, 239, 241, 238, 240, 238, 240,
    240, 239, 238, 242, 240, 242, 241, 239, 239, 240, 241, 240, 239, 239,
    242, 242, 240, 240, 240, 241, 239, 239, 241, 239, 242, 240, 242, 240,
    241, 238, 239, 238, 238, 242, 241, 240, 241, 242, 238, 239, 239, 242,
    238, 241, 239, 241, 239, 238, 238, 238, 240, 242, 242, 241, 240, 241,
    241, 239, 242, 241, 241, 238, 239, 239, 239, 240, 242, 242, 242, 240,
    241, 241, 241, 241, 241, 241, 241 ]
RHandPositionsX: [ 134, 141, 141, 146, 144, 147, 146, 141, 137, 134, 135,
    141, 145, 151, 151, 150, 148, 144, 137, 138, 136, 136, 139, 146, 149,
    152, 153, 151, 148, 146, 139, 135, 136, 137, 140, 144, 149, 151, 148,
    146, 141, 135, 138, 137, 135, 140, 148, 147, 148, 148, 146, 142, 137,
    137, 134, 136, 138, 144, 153, 163, 171, 177, 178, 182, 184, 183, 186,
    188, 187, 187, 192, 187, 187, 187, 187, 186, 185, 188, 189, 186, 186,
    188, 187, 189, 186, 187, 189, 186 ]
RHandPositionsY: [ 80, 85, 90, 88, 89, 86, 85, 79, 83, 82, 80, 87, 88,
    88, 93, 90, 89, 86, 84, 85, 85, 84, 81, 85, 89, 91, 94, 90, 88, 88,
    84, 84, 85, 87, 86, 88, 94, 93, 95, 90, 87, 85, 85, 87, 86, 89, 99,
    99, 97, 100, 94, 96, 95, 92, 92, 91, 97, 103, 114, 128, 141, 150,
    150, 153, 161, 167, 179, 188, 199, 210, 213, 214, 219, 226, 226, 224,
    225, 227, 232, 227, 231, 227, 230, 230, 227, 231, 227, 228 ]
