%YAML:1.0
---
videoName: "RHShake06.mp4"
gestureLabel: 2
fps: 30
pixelSizeInCmTemp: 3.2808219178082193e-01
faceCenterPointX: 293
faceCenterPointY: 43
LHandPositionsX: [ 308, 307, 306, 307, 308, 306, 310, 307, 306, 308, 308,
    307, 310, 310, 306, 308, 310, 314, 314, 317, 319, 319, 321, 323, 323,
    322, 320, 319, 323, 319, 322, 323, 326, 324, 322, 325, 324, 324, 324,
    322, 322, 326, 325, 325, 323, 325, 323, 322, 325, 322, 325, 326, 325,
    324, 326, 323, 324, 325, 322, 324, 322, 322, 325, 325, 326, 324, 326,
    324, 323, 323, 324, 323, 324, 324, 323, 323, 326, 326, 325, 324, 322,
    324, 325, 319, 317, 314, 311, 311, 311, 313, 310 ]
LHandPositionsY: [ 269, 270, 266, 270, 268, 267, 268, 268, 270, 270, 269,
    266, 267, 270, 269, 266, 267, 269, 268, 263, 261, 261, 261, 262, 262,
    262, 261, 258, 258, 260, 258, 261, 262, 261, 262, 259, 259, 262, 260,
    259, 258, 259, 260, 258, 260, 262, 259, 262, 259, 260, 258, 261, 258,
    259, 258, 261, 262, 261, 261, 260, 261, 261, 258, 260, 259, 258, 258,
    259, 258, 261, 259, 261, 259, 259, 259, 262, 262, 261, 258, 262, 261,
    258, 262, 262, 263, 265, 266, 267, 266, 264, 266 ]
RHandPositionsX: [ 288, 288, 285, 287, 287, 287, 288, 285, 288, 286, 285,
    285, 286, 288, 285, 284, 284, 283, 278, 263, 242, 224, 201, 178, 159,
    145, 136, 134, 138, 141, 142, 147, 160, 166, 165, 163, 161, 161, 157,
    156, 161, 171, 180, 188, 188, 186, 178, 173, 169, 170, 167, 168, 172,
    182, 182, 185, 179, 187, 180, 172, 169, 163, 168, 178, 179, 177, 177,
    173, 166, 159, 166, 168, 174, 181, 192, 190, 208, 224, 232, 243, 246,
    255, 251, 250, 245, 252, 253, 250, 255, 253, 253 ]
RHandPositionsY: [ 269, 267, 270, 268, 267, 269, 270, 268, 267, 268, 269,
    269, 270, 266, 268, 268, 270, 267, 264, 261, 248, 234, 218, 197, 181,
    158, 135, 124, 111, 106, 114, 119, 128, 116, 107, 102, 97, 90, 91,
    89, 89, 95, 99, 98, 100, 97, 93, 90, 90, 90, 84, 88, 92, 99, 99, 100,
    95, 102, 96, 94, 92, 89, 94, 101, 101, 100, 101, 101, 105, 104, 115,
    129, 147, 163, 174, 179, 195, 207, 217, 225, 230, 235, 237, 236, 237,
    241, 244, 242, 241, 245, 244 ]
