%YAML:1.0
---
videoName: "RHShake03.mp4"
gestureLabel: 2
fps: 29
pixelSizeInCmTemp: 3.1103896103896100e-01
faceCenterPointX: 294
faceCenterPointY: 48
LHandPositionsX: [ 409, 409, 408, 409, 408, 412, 411, 412, 408, 409, 410,
    410, 410, 412, 410, 408, 410, 412, 408, 410, 408, 411, 408, 410, 409,
    408, 408, 410, 410, 410, 411, 411, 409, 411, 410, 409, 412, 409, 408,
    411, 409, 410, 410, 412, 410, 412, 409, 408, 411, 409, 412, 409, 410,
    412, 411, 412, 411, 408, 410, 410, 409, 409, 408, 409, 408, 408, 409,
    408, 412, 408, 408, 409, 410, 411, 407, 407, 407, 411, 410, 409, 409,
    407, 409, 411, 408, 411, 408, 409 ]
LHandPositionsY: [ 261, 263, 264, 263, 261, 262, 261, 264, 262, 263, 263,
    261, 263, 263, 262, 261, 260, 263, 262, 260, 262, 261, 261, 264, 261,
    260, 261, 263, 262, 262, 263, 262, 261, 261, 264, 260, 263, 262, 264,
    260, 264, 264, 262, 264, 262, 263, 263, 260, 261, 263, 264, 261, 260,
    264, 264, 263, 262, 260, 264, 261, 263, 263, 261, 264, 260, 262, 263,
    260, 263, 261, 260, 261, 263, 262, 260, 263, 262, 263, 260, 263, 260,
    261, 264, 260, 263, 262, 260, 261 ]
RHandPositionsX: [ 181, 177, 177, 176, 179, 177, 176, 177, 173, 175, 173,
    173, 173, 173, 176, 175, 173, 172, 175, 171, 172, 174, 175, 175, 175,
    175, 174, 172, 172, 172, 174, 169, 174, 174, 164, 155, 151, 149, 150,
    149, 156, 164, 180, 182, 193, 192, 181, 177, 173, 170, 172, 179, 179,
    185, 179, 174, 172, 169, 169, 174, 177, 189, 201, 209, 200, 190, 190,
    189, 185, 180, 187, 194, 201, 208, 210, 207, 200, 194, 191, 181, 182,
    185, 185, 182, 180, 183, 180, 180 ]
RHandPositionsY: [ 257, 262, 258, 262, 259, 260, 260, 261, 262, 259, 259,
    260, 259, 259, 259, 260, 260, 259, 259, 258, 260, 258, 261, 260, 262,
    259, 259, 260, 261, 260, 267, 267, 259, 239, 220, 196, 177, 158, 145,
    130, 122, 120, 116, 116, 111, 107, 103, 99, 101, 98, 100, 105, 107,
    104, 103, 104, 99, 99, 95, 96, 103, 107, 108, 110, 111, 109, 105,
    104, 99, 102, 106, 119, 128, 140, 159, 181, 202, 207, 216, 240, 243,
    244, 246, 251, 251, 255, 252, 252 ]
