%YAML:1.0
---
videoName: "RHShake18.mp4"
gestureLabel: 2
fps: 30
pixelSizeInCmTemp: 3.3732394366197183e-01
faceCenterPointX: 275
faceCenterPointY: 40
LHandPositionsX: [ 377, 375, 379, 376, 376, 379, 375, 375, 379, 375, 379,
    378, 377, 377, 376, 378, 376, 379, 378, 379, 377, 375, 377, 377, 378,
    377, 377, 375, 378, 378, 377, 375, 377, 376, 376, 379, 375, 376, 378,
    379, 376, 378, 377, 379, 375, 378, 376, 378, 373, 374, 373, 368, 367,
    360, 350, 347, 340, 333, 324, 318, 304, 302, 299, 301, 299, 291, 288,
    289, 293, 294, 292, 292, 292, 289, 289, 293, 288, 288, 288, 291, 287,
    291, 288, 290, 286, 285, 289, 289, 285, 287, 287 ]
LHandPositionsY: [ 233, 229, 232, 233, 233, 233, 231, 232, 229, 231, 229,
    229, 231, 232, 229, 229, 229, 233, 232, 231, 233, 230, 233, 231, 229,
    232, 232, 231, 233, 229, 230, 229, 229, 229, 229, 233, 229, 231, 231,
    233, 233, 230, 232, 231, 229, 232, 232, 231, 229, 229, 234, 235, 240,
    236, 235, 238, 232, 235, 228, 228, 229, 232, 233, 234, 233, 235, 234,
    239, 238, 241, 241, 243, 240, 240, 242, 241, 243, 240, 241, 242, 239,
    239, 239, 239, 240, 241, 239, 242, 239, 242, 240 ]
RHandPositionsX: [ 157, 155, 152, 146, 145, 147, 154, 160, 165, 166, 166,
    163, 157, 155, 149, 147, 155, 165, 168, 167, 167, 163, 161, 159, 159,
    154, 155, 164, 162, 167, 162, 159, 157, 154, 158, 163, 173, 173, 174,
    171, 166, 157, 157, 157, 162, 167, 171, 180, 191, 197, 209, 219, 232,
    243, 256, 260, 266, 257, 249, 249, 246, 242, 238, 238, 237, 238, 234,
    234, 236, 236, 238, 239, 236, 239, 237, 237, 238, 240, 238, 240, 237,
    240, 237, 236, 237, 236, 236, 237, 238, 238, 237 ]
RHandPositionsY: [ 75, 72, 71, 71, 70, 66, 65, 69, 71, 76, 72, 67, 69,
    70, 66, 68, 68, 70, 73, 74, 71, 73, 67, 70, 65, 68, 69, 73, 77, 73,
    77, 76, 74, 73, 76, 78, 90, 91, 92, 88, 88, 88, 83, 84, 83, 89, 98,
    101, 110, 123, 135, 143, 153, 165, 172, 184, 191, 195, 197, 200, 205,
    206, 210, 210, 211, 215, 220, 221, 220, 226, 229, 228, 228, 226, 228,
    226, 228, 225, 224, 227, 227, 228, 225, 228, 225, 228, 225, 226, 227,
    227, 226 ]
