%YAML:1.0
---
videoName: "RHShake15.mp4"
gestureLabel: 2
fps: 29
pixelSizeInCmTemp: 3.2808219178082193e-01
faceCenterPointX: 279
faceCenterPointY: 41
LHandPositionsX: [ 372, 369, 370, 369, 369, 372, 371, 371, 368, 370, 369,
    372, 372, 372, 368, 371, 369, 371, 369, 370, 369, 369, 372, 369, 372,
    370, 371, 370, 369, 372, 371, 372, 370, 371, 371, 368, 368, 368, 372,
    368, 372, 370, 368, 368, 368, 370, 372, 368, 371, 372, 369, 370, 371,
    371, 372, 369, 372, 372, 371, 370, 370, 372, 369, 371, 370, 371, 369,
    369, 370, 370, 371, 372, 370, 372, 372, 372, 371, 368, 370, 368, 370,
    372, 369, 371, 368, 368, 368, 368 ]
LHandPositionsY: [ 233, 234, 236, 235, 232, 234, 236, 234, 236, 233, 232,
    233, 235, 236, 233, 235, 236, 235, 236, 234, 234, 232, 233, 232, 233,
    234, 232, 236, 236, 233, 234, 236, 235, 236, 232, 236, 236, 236, 234,
    235, 233, 233, 234, 232, 235, 234, 232, 233, 232, 231, 234, 235, 232,
    231, 235, 232, 232, 235, 235, 232, 235, 234, 231, 231, 232, 234, 233,
    234, 235, 234, 233, 233, 231, 232, 234, 235, 235, 235, 235, 232, 234,
    231, 234, 231, 231, 231, 233, 232 ]
RHandPositionsX: [ 136, 122, 112, 112, 112, 108, 109, 105, 109, 110, 113,
    116, 116, 113, 107, 113, 112, 108, 105, 110, 113, 116, 115, 111, 112,
    107, 109, 107, 108, 107, 116, 116, 114, 113, 115, 112, 107, 113, 112,
    113, 112, 113, 114, 117, 120, 122, 118, 125, 121, 121, 119, 122, 125,
    128, 123, 128, 126, 128, 122, 122, 119, 125, 131, 136, 137, 141, 139,
    140, 140, 143, 144, 150, 152, 152, 158, 158, 156, 159, 157, 159, 158,
    157, 158, 160, 161, 158, 159, 157 ]
RHandPositionsY: [ 189, 174, 155, 146, 142, 141, 134, 125, 122, 116, 111,
    108, 105, 101, 97, 96, 94, 96, 91, 93, 92, 90, 94, 95, 91, 93, 95,
    94, 93, 95, 99, 106, 102, 104, 101, 101, 101, 103, 102, 104, 104,
    107, 112, 111, 107, 107, 103, 106, 105, 102, 104, 106, 112, 115, 116,
    116, 112, 113, 110, 110, 113, 121, 126, 135, 149, 162, 170, 181, 193,
    199, 207, 222, 227, 235, 239, 239, 248, 244, 248, 245, 248, 247, 247,
    246, 245, 248, 248, 246 ]
