%YAML:1.0
---
videoName: "RHShake22.mp4"
gestureLabel: 2
fps: 29
pixelSizeInCmTemp: 3.3263888888888887e-01
faceCenterPointX: 290
faceCenterPointY: 48
LHandPositionsX: [ 394, 396, 393, 393, 393, 395, 395, 393, 396, 392, 395,
    393, 395, 392, 392, 392, 394, 393, 394, 393, 392, 396, 393, 395, 396,
    394, 393, 395, 393, 395, 394, 395, 396, 394, 392, 395, 394, 395, 392,
    394, 393, 392, 392, 393, 393, 393, 392, 395, 392, 395, 392, 393, 394,
    394, 396, 396, 393, 396, 396, 394, 392, 393, 392, 394, 395, 395, 396,
    394, 392, 392, 392, 393, 396, 395, 396, 394, 394, 396, 395, 392, 392,
    392, 395, 395, 393, 395, 395, 392 ]
LHandPositionsY: [ 234, 232, 232, 234, 232, 231, 230, 230, 232, 230, 232,
    233, 230, 231, 234, 230, 234, 234, 233, 234, 231, 231, 232, 230, 232,
    231, 234, 231, 232, 231, 231, 230, 231, 233, 232, 231, 232, 234, 232,
    231, 232, 230, 234, 234, 231, 234, 233, 231, 234, 230, 234, 233, 230,
    231, 234, 231, 230, 230, 231, 234, 231, 230, 230, 232, 232, 234, 233,
    234, 231, 232, 231, 232, 232, 231, 230, 234, 232, 232, 233, 230, 231,
    231, 230, 233, 233, 231, 231, 230 ]
RHandPositionsX: [ 147, 136, 131, 131, 133, 138, 144, 155, 164, 167, 166,
    165, 159, 157, 151, 145, 145, 146, 147, 152, 160, 169, 170, 172, 168,
    164, 162, 158, 157, 152, 154, 160, 164, 172, 173, 174, 174, 169, 165,
    163, 157, 159, 158, 169, 170, 175, 173, 173, 171, 167, 163, 158, 154,
    155, 156, 164, 171, 175, 180, 178, 179, 172, 168, 161, 155, 156, 152,
    157, 165, 178, 175, 176, 180, 180, 180, 181, 180, 182, 182, 184, 190,
    192, 188, 188, 191, 187, 190, 187 ]
RHandPositionsY: [ 141, 117, 104, 101, 94, 91, 84, 83, 88, 92, 93, 91,
    85, 79, 78, 79, 80, 78, 75, 84, 88, 91, 99, 95, 95, 89, 85, 83, 85,
    81, 80, 89, 93, 97, 101, 98, 92, 93, 86, 86, 86, 86, 85, 87, 94, 99,
    103, 98, 93, 89, 92, 90, 87, 86, 83, 83, 91, 102, 102, 102, 100, 95,
    90, 94, 92, 93, 92, 90, 91, 102, 109, 111, 116, 119, 121, 125, 136,
    147, 158, 170, 183, 194, 197, 206, 213, 221, 225, 224 ]
