%YAML:1.0
---
videoName: "RHShake00.mp4"
gestureLabel: 2
fps: 29
pixelSizeInCmTemp: 3.4710144927536229e-01
faceCenterPointX: 283
faceCenterPointY: 97
LHandPositionsX: [ 343, 344, 346, 345, 346, 344, 345, 344, 346, 344, 343,
    346, 342, 344, 343, 342, 345, 346, 342, 346, 344, 342, 344, 342, 343,
    342, 343, 344, 342, 344, 343, 342, 342, 344, 345, 346, 343, 342, 346,
    343, 346, 345, 343, 343, 343, 345, 345, 346, 345, 342, 345, 344, 345,
    346, 346, 343, 343, 345, 343, 342, 344, 345, 345, 346, 342, 343, 343,
    346, 344, 343, 346, 342, 342, 342, 346, 343, 342, 343, 345, 342, 343,
    346, 346, 344, 342, 342, 344, 343 ]
LHandPositionsY: [ 274, 274, 274, 276, 272, 273, 273, 275, 275, 276, 276,
    272, 276, 274, 275, 273, 273, 272, 274, 275, 273, 275, 273, 275, 272,
    276, 275, 275, 276, 275, 273, 272, 274, 276, 275, 275, 275, 272, 274,
    276, 276, 272, 272, 274, 275, 275, 273, 274, 274, 274, 276, 273, 274,
    273, 272, 274, 276, 274, 273, 274, 274, 276, 272, 274, 272, 276, 274,
    272, 276, 273, 275, 274, 275, 273, 273, 274, 276, 275, 274, 272, 275,
    276, 275, 276, 274, 273, 273, 276 ]
RHandPositionsX: [ 176, 173, 166, 156, 150, 145, 147, 144, 141, 144, 145,
    147, 153, 167, 167, 167, 167, 165, 166, 159, 153, 153, 150, 149, 154,
    162, 166, 165, 166, 162, 159, 151, 152, 147, 151, 157, 162, 160, 164,
    161, 160, 158, 148, 144, 139, 148, 147, 153, 154, 157, 158, 160, 158,
    150, 146, 146, 143, 149, 154, 163, 162, 162, 167, 164, 156, 150, 148,
    141, 142, 144, 151, 152, 158, 159, 163, 168, 170, 176, 178, 181, 185,
    189, 188, 189, 194, 194, 195, 197 ]
RHandPositionsY: [ 257, 253, 242, 217, 204, 187, 176, 169, 162, 151, 140,
    134, 134, 135, 140, 140, 136, 130, 129, 122, 124, 120, 122, 120, 128,
    135, 136, 132, 134, 129, 129, 127, 127, 124, 130, 137, 136, 138, 139,
    140, 138, 137, 130, 131, 127, 133, 132, 138, 139, 139, 136, 140, 136,
    132, 130, 128, 133, 129, 141, 145, 145, 147, 146, 147, 142, 137, 137,
    137, 141, 150, 157, 161, 168, 175, 180, 190, 200, 204, 216, 219, 228,
    234, 240, 246, 255, 257, 264, 260 ]
