%YAML:1.0
---
videoName: "RHShake11.mp4"
gestureLabel: 2
fps: 29
pixelSizeInCmTemp: 3.3263888888888887e-01
faceCenterPointX: 274
faceCenterPointY: 53
LHandPositionsX: [ 311, 310, 307, 311, 307, 310, 308, 310, 307, 310, 307,
    311, 307, 311, 309, 310, 311, 309, 311, 310, 311, 308, 308, 308, 311,
    311, 309, 309, 310, 311, 309, 310, 310, 307, 308, 307, 308, 309, 310,
    308, 309, 309, 309, 311, 308, 309, 309, 311, 310, 310, 309, 307, 311,
    309, 307, 308, 308, 307, 311, 308, 308, 310, 307, 310, 311, 310, 308,
    310, 308, 310, 309, 309, 311, 307, 310, 307, 307, 309, 305, 307, 306,
    303, 306, 307, 303, 305, 306, 304 ]
LHandPositionsY: [ 245, 246, 247, 246, 245, 248, 248, 248, 247, 247, 245,
    245, 248, 247, 247, 248, 249, 245, 248, 248, 247, 248, 245, 249, 249,
    246, 246, 246, 245, 246, 248, 246, 246, 245, 247, 245, 249, 249, 248,
    245, 249, 246, 245, 247, 245, 246, 246, 249, 247, 245, 248, 248, 247,
    249, 249, 245, 247, 246, 245, 246, 249, 247, 248, 245, 246, 247, 246,
    249, 248, 245, 246, 244, 245, 243, 242, 243, 244, 246, 247, 244, 244,
    243, 245, 247, 246, 247, 244, 245 ]
RHandPositionsX: [ 249, 248, 248, 245, 234, 226, 211, 194, 174, 161, 145,
    138, 145, 147, 150, 157, 161, 167, 171, 172, 171, 165, 155, 156, 150,
    152, 162, 167, 169, 166, 167, 166, 164, 159, 156, 157, 154, 153, 160,
    168, 171, 170, 171, 168, 165, 158, 159, 156, 158, 156, 162, 173, 172,
    177, 178, 177, 173, 171, 163, 167, 161, 158, 162, 166, 171, 181, 193,
    206, 217, 228, 240, 246, 257, 261, 264, 260, 262, 263, 262, 258, 262,
    262, 261, 262, 260, 262, 258, 261 ]
RHandPositionsY: [ 247, 248, 248, 243, 231, 219, 206, 193, 175, 162, 144,
    128, 128, 114, 102, 104, 105, 104, 105, 102, 103, 100, 99, 94, 97,
    97, 95, 99, 103, 99, 98, 97, 100, 97, 96, 94, 94, 97, 100, 103, 105,
    103, 102, 105, 105, 105, 99, 100, 98, 96, 103, 105, 107, 105, 105,
    104, 106, 104, 100, 102, 102, 100, 105, 106, 119, 129, 145, 159, 174,
    188, 199, 213, 220, 230, 238, 238, 238, 239, 238, 241, 241, 238, 241,
    242, 239, 239, 240, 241 ]
