%YAML:1.0
---
videoName: "RHShake14.mp4"
gestureLabel: 2
fps: 30
pixelSizeInCmTemp: 3.2808219178082193e-01
faceCenterPointX: 277
faceCenterPointY: 42
LHandPositionsX: [ 376, 378, 377, 377, 377, 378, 379, 376, 376, 377, 379,
    376, 378, 376, 373, 376, 373, 377, 372, 375, 376, 374, 373, 372, 376,
    372, 374, 376, 374, 374, 375, 376, 372, 375, 375, 373, 372, 373, 376,
    372, 375, 373, 375, 376, 373, 374, 374, 372, 372, 374, 373, 373, 374,
    375, 375, 376, 376, 374, 375, 375, 372, 374, 375, 372, 373, 373, 372,
    372, 375, 374, 374, 376, 376, 376, 375, 376, 372, 374, 374, 375, 374,
    375, 375, 372, 373, 375, 373, 375, 375, 375, 376 ]
LHandPositionsY: [ 229, 229, 233, 231, 230, 232, 232, 229, 229, 229, 233,
    230, 230, 229, 233, 230, 230, 230, 229, 229, 230, 232, 233, 229, 232,
    233, 232, 231, 232, 232, 229, 233, 232, 230, 229, 231, 232, 230, 233,
    233, 230, 229, 229, 230, 232, 230, 231, 230, 232, 232, 233, 229, 233,
    230, 232, 233, 230, 232, 231, 229, 229, 233, 233, 229, 230, 230, 232,
    230, 230, 231, 231, 229, 229, 231, 230, 230, 233, 229, 233, 229, 231,
    229, 233, 232, 230, 230, 230, 232, 231, 229, 229 ]
RHandPositionsX: [ 173, 171, 173, 170, 171, 170, 174, 172, 170, 170, 174,
    171, 170, 171, 171, 173, 170, 172, 174, 170, 174, 172, 171, 173, 172,
    171, 170, 170, 158, 151, 138, 126, 125, 117, 117, 125, 129, 131, 134,
    138, 145, 146, 146, 142, 146, 148, 148, 153, 156, 163, 159, 158, 155,
    153, 156, 158, 162, 170, 170, 163, 158, 153, 156, 156, 156, 165, 164,
    172, 176, 178, 180, 178, 179, 181, 175, 170, 175, 178, 177, 175, 173,
    170, 170, 170, 171, 171, 171, 173, 174, 174, 172 ]
RHandPositionsY: [ 242, 242, 239, 243, 241, 242, 241, 241, 240, 242, 240,
    241, 239, 241, 243, 242, 239, 239, 240, 243, 241, 239, 240, 239, 243,
    243, 247, 235, 214, 196, 175, 154, 133, 114, 112, 110, 104, 111, 112,
    117, 116, 105, 98, 94, 88, 86, 85, 85, 86, 80, 80, 80, 77, 77, 77,
    77, 80, 84, 79, 77, 76, 76, 74, 76, 77, 83, 85, 107, 119, 134, 145,
    158, 171, 180, 194, 196, 201, 201, 212, 219, 219, 221, 222, 229, 234,
    232, 234, 236, 237, 233, 236 ]
