%YAML:1.0
---
videoName: "RHShake14.mp4"
gestureLabel: 2
fps: 30
pixelSizeInCmTemp: 3.2808219178082193e-01
faceCenterPointX: 277
faceCenterPointY: 42
LHandPositionsX: [ 378, 375, 375, 377, 375, 376, 379, 375, 378, 378, 375,
    374, 378, 378, 376, 375, 375, 373, 375, 375, 374, 373, 375, 374, 375,
    376, 373, 374, 372, 372, 372, 375, 375, 372, 375, 374, 375, 374, 374,
    373, 372, 372, 373, 373, 374, 376, 374, 374, 373, 373, 373, 373, 373,
    373, 375, 375, 374, 372, 375, 376, 372, 374, 372, 374, 373, 374, 373,
    372, 372, 372, 376, 376, 372, 376, 375, 374, 376, 373, 373, 372, 374,
    373, 374, 376, 374, 374, 374, 372, 372, 372, 373 ]
LHandPositionsY: [ 231, 233, 230, 230, 229, 229, 231, 231, 232, 229, 229,
    233, 233, 231, 230, 231, 229, 230, 231, 230, 233, 230, 232, 232, 229,
    230, 233, 231, 231, 229, 231, 233, 232, 230, 229, 231, 232, 231, 229,
    231, 229, 230, 229, 233, 232, 230, 233, 233, 233, 229, 233, 229, 231,
    232, 233, 229, 231, 229, 233, 230, 231, 231, 232, 231, 231, 229, 230,
    229, 231, 233, 230, 230, 233, 232, 233, 229, 230, 231, 230, 229, 230,
    231, 229, 232, 233, 230, 230, 230, 233, 231, 233 ]
RHandPositionsX: [ 174, 172, 172, 171, 173, 170, 170, 174, 174, 173, 171,
    172, 173, 170, 173, 173, 172, 172, 172, 170, 170, 174, 174, 171, 172,
    171, 169, 170, 158, 150, 135, 127, 121, 118, 118, 122, 126, 129, 134,
    137, 145, 146, 143, 144, 146, 147, 147, 153, 157, 160, 160, 156, 153,
    151, 154, 157, 160, 167, 166, 165, 158, 157, 156, 155, 156, 162, 163,
    173, 172, 177, 178, 177, 179, 180, 172, 172, 179, 180, 173, 174, 175,
    170, 171, 170, 170, 171, 174, 170, 174, 173, 174 ]
RHandPositionsY: [ 240, 243, 242, 243, 242, 243, 242, 242, 243, 240, 239,
    242, 242, 243, 242, 239, 242, 239, 240, 242, 243, 240, 239, 239, 243,
    242, 244, 233, 214, 197, 172, 155, 134, 116, 115, 109, 105, 108, 112,
    115, 118, 106, 98, 92, 88, 86, 85, 83, 83, 80, 80, 79, 78, 79, 76,
    75, 78, 82, 79, 80, 79, 76, 74, 79, 81, 83, 88, 105, 119, 132, 145,
    157, 171, 179, 194, 197, 201, 202, 213, 215, 219, 224, 222, 230, 232,
    233, 235, 236, 235, 236, 234 ]
