%YAML:1.0
---
videoName: "RHShake09.mp4"
gestureLabel: 2
fps: 29
pixelSizeInCmTemp: 3.1103896103896100e-01
faceCenterPointX: 296
faceCenterPointY: 48
LHandPositionsX: [ 327, 323, 324, 324, 322, 326, 323, 324, 320, 319, 320,
    317, 313, 313, 311, 311, 313, 308, 311, 308, 307, 306, 307, 307, 308,
    306, 308, 305, 308, 305, 307, 310, 309, 309, 308, 307, 309, 308, 309,
    309, 307, 307, 310, 308, 309, 311, 311, 314, 312, 313, 312, 311, 311,
    313, 314, 314, 314, 315, 314, 313, 315, 313, 314, 313, 314, 314, 314,
    318, 318, 317, 315, 315, 315, 315, 314, 317, 313, 318, 315, 316, 313,
    314, 318, 317, 315, 316, 316, 318 ]
LHandPositionsY: [ 265, 266, 267, 269, 269, 270, 271, 273, 270, 274, 272,
    273, 274, 273, 272, 273, 273, 275, 273, 272, 274, 272, 272, 272, 274,
    272, 276, 275, 274, 273, 276, 275, 277, 274, 276, 274, 277, 276, 275,
    273, 276, 275, 276, 276, 276, 274, 276, 275, 276, 277, 273, 276, 274,
    276, 273, 275, 276, 276, 275, 273, 276, 274, 272, 273, 276, 276, 274,
    276, 275, 276, 272, 274, 276, 274, 275, 273, 272, 275, 273, 275, 276,
    274, 271, 271, 273, 272, 273, 273 ]
RHandPositionsX: [ 266, 266, 265, 263, 262, 262, 261, 261, 262, 263, 259,
    259, 257, 261, 257, 259, 259, 260, 257, 256, 259, 259, 255, 257, 258,
    254, 258, 253, 253, 256, 263, 264, 255, 242, 223, 204, 187, 178, 170,
    170, 172, 175, 182, 183, 188, 184, 182, 178, 177, 174, 185, 189, 191,
    200, 194, 187, 178, 178, 177, 185, 185, 184, 193, 187, 187, 181, 177,
    173, 174, 182, 184, 190, 185, 182, 181, 179, 183, 181, 185, 190, 189,
    193, 197, 204, 208, 216, 228, 239 ]
RHandPositionsY: [ 259, 264, 263, 266, 265, 266, 264, 268, 268, 265, 268,
    268, 268, 265, 268, 267, 267, 267, 267, 268, 266, 268, 266, 266, 266,
    269, 268, 267, 266, 266, 267, 261, 245, 230, 213, 197, 177, 156, 138,
    133, 117, 110, 107, 109, 111, 106, 99, 90, 89, 87, 90, 95, 97, 96,
    92, 93, 87, 86, 88, 87, 92, 97, 96, 97, 90, 88, 89, 90, 88, 98, 97,
    95, 95, 93, 91, 92, 89, 91, 97, 104, 103, 108, 123, 135, 141, 152,
    168, 185 ]
