%YAML:1.0
---
videoName: "RHShake19.mp4"
gestureLabel: 2
fps: 29
pixelSizeInCmTemp: 3.2808219178082193e-01
faceCenterPointX: 283
faceCenterPointY: 48
LHandPositionsX: [ 391, 392, 392, 390, 392, 392, 388, 390, 392, 392, 388,
    391, 392, 388, 389, 391, 392, 391, 388, 388, 389, 390, 389, 389, 392,
    388, 388, 392, 392, 389, 389, 390, 391, 390, 388, 390, 390, 389, 390,
    390, 392, 391, 389, 389, 391, 392, 391, 388, 391, 392, 391, 388, 391,
    391, 388, 391, 389, 389, 388, 391, 392, 391, 390, 388, 388, 388, 392,
    391, 392, 389, 390, 388, 390, 388, 391, 388, 390, 389, 391, 391, 392,
    392, 388, 389, 392, 390, 388, 390 ]
LHandPositionsY: [ 241, 242, 244, 241, 240, 240, 243, 242, 240, 241, 242,
    242, 243, 242, 244, 241, 240, 242, 243, 243, 240, 244, 242, 242, 242,
    242, 242, 243, 244, 244, 243, 243, 241, 242, 242, 244, 241, 242, 244,
    241, 243, 241, 242, 240, 242, 242, 242, 240, 240, 240, 241, 240, 244,
    243, 240, 243, 240, 241, 240, 241, 240, 243, 243, 241, 240, 241, 244,
    243, 241, 244, 243, 242, 240, 242, 242, 240, 240, 243, 244, 240, 244,
    244, 242, 240, 242, 242, 244, 244 ]
RHandPositionsX: [ 158, 171, 184, 182, 189, 187, 174, 172, 164, 163, 163,
    160, 165, 180, 184, 185, 187, 178, 177, 170, 164, 161, 158, 163, 167,
    176, 175, 175, 170, 167, 160, 161, 157, 163, 171, 178, 180, 179, 178,
    172, 170, 161, 164, 158, 164, 169, 176, 177, 179, 186, 180, 177, 168,
    168, 165, 168, 169, 180, 182, 178, 181, 178, 172, 173, 168, 168, 172,
    175, 179, 184, 186, 187, 188, 186, 183, 186, 184, 180, 178, 180, 181,
    180, 182, 180, 182, 182, 180, 180 ]
RHandPositionsY: [ 90, 91, 95, 94, 92, 90, 87, 81, 78, 77, 76, 72, 80,
    83, 90, 92, 89, 84, 78, 75, 75, 75, 76, 76, 82, 92, 91, 92, 87, 86,
    83, 84, 78, 84, 88, 92, 97, 95, 94, 91, 91, 86, 86, 82, 85, 83, 91,
    99, 100, 104, 103, 94, 98, 98, 93, 95, 100, 105, 106, 109, 107, 99,
    103, 99, 102, 100, 111, 125, 140, 148, 163, 174, 187, 192, 200, 212,
    217, 224, 229, 235, 235, 236, 241, 243, 240, 242, 242, 243 ]
