%YAML:1.0
---
videoName: "RHShake10.mp4"
gestureLabel: 2
fps: 29
pixelSizeInCmTemp: 3.1933333333333330e-01
faceCenterPointX: 295
faceCenterPointY: 45
LHandPositionsX: [ 339, 341, 339, 338, 338, 339, 336, 333, 333, 331, 333,
    329, 329, 328, 327, 325, 327, 326, 325, 328, 330, 328, 330, 330, 328,
    329, 327, 326, 330, 326, 328, 327, 326, 326, 330, 329, 330, 330, 330,
    329, 328, 327, 329, 326, 329, 327, 329, 326, 330, 330, 326, 330, 329,
    328, 327, 329, 327, 326, 330, 328, 330, 330, 328, 328, 326, 328, 328,
    330, 326, 327, 330, 326, 327, 326, 330, 331, 330, 328, 331, 328, 328,
    330, 327, 329, 329, 329, 330, 326 ]
LHandPositionsY: [ 264, 265, 269, 267, 264, 268, 268, 267, 270, 269, 270,
    269, 269, 271, 272, 270, 274, 270, 274, 270, 271, 270, 272, 270, 270,
    273, 273, 271, 269, 271, 273, 269, 273, 273, 271, 273, 269, 268, 268,
    269, 268, 272, 268, 272, 269, 272, 268, 272, 268, 268, 270, 268, 268,
    268, 270, 269, 268, 272, 271, 272, 268, 268, 269, 270, 268, 270, 270,
    272, 271, 272, 268, 271, 268, 270, 267, 268, 271, 271, 269, 270, 270,
    270, 271, 269, 270, 269, 270, 270 ]
RHandPositionsX: [ 260, 263, 262, 259, 261, 261, 260, 260, 259, 261, 259,
    260, 259, 257, 262, 263, 260, 253, 258, 249, 242, 222, 202, 185, 166,
    154, 137, 135, 136, 135, 145, 149, 153, 160, 166, 162, 161, 157, 158,
    158, 161, 172, 179, 180, 175, 176, 173, 169, 170, 170, 173, 188, 192,
    197, 192, 182, 179, 178, 173, 182, 180, 190, 189, 194, 191, 185, 178,
    176, 177, 177, 176, 190, 197, 204, 215, 220, 226, 232, 238, 246, 250,
    253, 250, 257, 260, 259, 259, 260 ]
RHandPositionsY: [ 267, 264, 264, 266, 265, 262, 264, 265, 263, 264, 264,
    267, 266, 267, 267, 267, 265, 266, 267, 258, 243, 226, 211, 193, 169,
    149, 129, 114, 113, 97, 90, 85, 90, 91, 86, 82, 83, 80, 78, 76, 78,
    82, 86, 83, 81, 80, 75, 78, 78, 81, 83, 89, 91, 93, 88, 84, 82, 85,
    83, 82, 90, 93, 91, 93, 89, 87, 85, 82, 80, 86, 95, 103, 124, 145,
    163, 181, 195, 215, 229, 246, 258, 256, 261, 261, 266, 265, 265, 267 ]
