%YAML:1.0
---
videoName: "RHShake18.mp4"
gestureLabel: 2
fps: 30
pixelSizeInCmTemp: 3.3732394366197183e-01
faceCenterPointX: 275
faceCenterPointY: 40
LHandPositionsX: [ 377, 378, 379, 377, 379, 375, 377, 378, 378, 378, 375,
    378, 377, 375, 378, 376, 378, 377, 375, 376, 376, 375, 376, 378, 379,
    379, 379, 378, 377, 376, 375, 377, 376, 377, 378, 377, 375, 378, 378,
    375, 379, 377, 378, 375, 376, 375, 377, 378, 373, 371, 372, 372, 363,
    358, 350, 348, 339, 333, 326, 317, 303, 299, 299, 301, 295, 287, 291,
    288, 293, 296, 292, 289, 291, 293, 293, 291, 291, 291, 291, 291, 287,
    287, 288, 290, 289, 289, 285, 289, 289, 287, 285 ]
LHandPositionsY: [ 233, 229, 231, 230, 231, 231, 230, 232, 233, 233, 232,
    232, 233, 230, 232, 232, 232, 230, 229, 229, 229, 229, 233, 233, 233,
    229, 230, 229, 233, 231, 229, 232, 230, 231, 229, 229, 230, 231, 232,
    232, 230, 229, 230, 229, 230, 229, 232, 232, 230, 229, 233, 235, 240,
    235, 234, 234, 234, 235, 231, 227, 231, 232, 234, 231, 235, 235, 235,
    237, 236, 240, 244, 242, 242, 240, 240, 242, 241, 242, 240, 241, 241,
    239, 239, 240, 241, 240, 242, 239, 242, 239, 243 ]
RHandPositionsX: [ 158, 153, 150, 146, 147, 151, 152, 161, 165, 163, 166,
    161, 158, 154, 151, 148, 155, 165, 170, 166, 169, 162, 160, 156, 158,
    158, 159, 161, 162, 166, 164, 160, 160, 156, 156, 161, 175, 173, 173,
    170, 163, 160, 160, 156, 160, 169, 171, 179, 191, 199, 206, 222, 232,
    241, 252, 259, 269, 259, 253, 248, 244, 240, 241, 237, 236, 237, 236,
    233, 235, 234, 240, 241, 240, 238, 238, 236, 239, 237, 237, 237, 236,
    240, 238, 240, 237, 238, 237, 236, 237, 237, 238 ]
RHandPositionsY: [ 73, 70, 68, 70, 66, 68, 66, 68, 73, 74, 69, 70, 69,
    67, 69, 69, 71, 72, 70, 72, 74, 70, 68, 68, 68, 67, 71, 74, 77, 76,
    73, 74, 73, 73, 75, 78, 90, 92, 91, 88, 87, 85, 84, 86, 86, 90, 96,
    103, 112, 123, 133, 143, 151, 161, 173, 180, 189, 191, 194, 201, 201,
    204, 206, 209, 214, 214, 216, 219, 221, 225, 228, 228, 226, 224, 225,
    228, 227, 228, 228, 227, 225, 227, 225, 224, 224, 226, 224, 224, 224,
    224, 224 ]
