%YAML:1.0
---
videoName: "RHShake14.mp4"
gestureLabel: 2
fps: 30
pixelSizeInCmTemp: 3.2808219178082193e-01
faceCenterPointX: 277
faceCenterPointY: 42
LHandPositionsX: [ 378, 378, 378, 377, 377, 375, 376, 379, 379, 376, 377,
    378, 376, 376, 374, 375, 377, 376, 375, 373, 375, 376, 373, 376, 372,
    376, 372, 376, 376, 374, 372, 372, 376, 373, 373, 372, 373, 375, 374,
    375, 375, 373, 376, 374, 372, 376, 376, 374, 372, 373, 374, 374, 374,
    376, 374, 373, 375, 375, 372, 375, 372, 374, 376, 373, 373, 375, 373,
    375, 372, 373, 375, 376, 372, 374, 372, 372, 373, 372, 375, 372, 374,
    375, 374, 372, 375, 373, 375, 374, 375, 375, 372 ]
LHandPositionsY: [ 229, 230, 229, 230, 232, 231, 229, 231, 229, 231, 233,
    232, 231, 231, 229, 232, 230, 232, 230, 232, 233, 229, 230, 233, 233,
    232, 232, 230, 231, 233, 230, 231, 231, 232, 231, 232, 233, 232, 229,
    231, 233, 231, 230, 233, 233, 230, 233, 233, 233, 229, 230, 230, 232,
    232, 229, 233, 232, 231, 229, 230, 233, 233, 230, 230, 231, 233, 233,
    230, 230, 231, 231, 230, 233, 230, 233, 230, 231, 229, 229, 233, 233,
    231, 233, 229, 231, 231, 229, 230, 229, 232, 229 ]
RHandPositionsX: [ 171, 172, 174, 172, 171, 170, 174, 174, 172, 174, 173,
    173, 174, 173, 172, 172, 171, 174, 171, 170, 173, 173, 174, 172, 170,
    170, 167, 167, 159, 147, 134, 126, 124, 117, 116, 125, 128, 133, 136,
    137, 141, 148, 144, 145, 148, 146, 151, 154, 155, 159, 158, 155, 155,
    150, 155, 158, 162, 166, 170, 161, 160, 157, 159, 159, 155, 164, 165,
    170, 176, 179, 176, 177, 178, 180, 175, 171, 177, 178, 174, 173, 173,
    174, 172, 173, 173, 174, 172, 172, 172, 174, 170 ]
RHandPositionsY: [ 239, 243, 240, 241, 239, 241, 240, 241, 239, 239, 240,
    242, 239, 240, 241, 241, 243, 243, 242, 239, 241, 243, 241, 239, 240,
    246, 244, 233, 216, 197, 172, 155, 133, 115, 113, 108, 103, 108, 112,
    116, 117, 106, 97, 94, 88, 86, 84, 86, 83, 80, 79, 77, 79, 78, 75,
    75, 81, 80, 81, 77, 79, 75, 75, 76, 80, 83, 86, 105, 121, 135, 148,
    160, 172, 181, 195, 194, 197, 204, 214, 215, 218, 221, 222, 227, 236,
    233, 235, 233, 233, 234, 237 ]
