%YAML:1.0
---
videoName: "RHShake02.mp4"
gestureLabel: 2
fps: 29
pixelSizeInCmTemp: 3.1933333333333330e-01
faceCenterPointX: 291
faceCenterPointY: 51
LHandPositionsX: [ 409, 405, 407, 407, 405, 409, 408, 407, 408, 409, 406,
    408, 405, 409, 409, 409, 408, 405, 405, 407, 407, 405, 406, 407, 404,
    406, 406, 403, 406, 404, 404, 402, 402, 404, 403, 405, 404, 405, 405,
    400, 404, 400, 402, 400, 401, 401, 402, 399, 400, 401, 399, 401, 399,
    400, 400, 398, 399, 396, 396, 398, 400, 398, 397, 398, 395, 396, 399,
    397, 395, 398, 395, 398, 397, 398, 399, 399, 395, 395, 399, 398, 396,
    399, 398, 395, 399, 399, 395, 398 ]
LHandPositionsY: [ 265, 265, 264, 265, 265, 263, 263, 265, 264, 263, 265,
    261, 261, 263, 265, 264, 260, 262, 263, 263, 260, 260, 263, 260, 264,
    262, 261, 263, 262, 260, 261, 261, 261, 262, 264, 262, 261, 260, 264,
    263, 263, 262, 263, 263, 262, 263, 260, 261, 264, 260, 264, 261, 262,
    263, 260, 263, 264, 263, 261, 263, 263, 264, 260, 263, 260, 264, 261,
    260, 263, 264, 263, 262, 262, 261, 263, 262, 262, 263, 262, 260, 264,
    260, 261, 260, 262, 264, 263, 261 ]
RHandPositionsX: [ 173, 174, 173, 174, 173, 174, 170, 172, 172, 172, 170,
    174, 170, 174, 170, 173, 172, 174, 173, 172, 174, 171, 172, 174, 173,
    172, 173, 180, 176, 171, 168, 159, 162, 153, 149, 155, 158, 178, 181,
    179, 181, 178, 172, 164, 162, 160, 161, 168, 179, 185, 190, 186, 183,
    178, 166, 168, 164, 167, 174, 184, 182, 181, 181, 178, 176, 172, 168,
    170, 169, 175, 182, 194, 198, 199, 199, 197, 194, 185, 186, 183, 179,
    177, 178, 178, 178, 177, 173, 176 ]
RHandPositionsY: [ 263, 263, 264, 267, 266, 264, 264, 264, 264, 266, 265,
    265, 266, 266, 267, 267, 265, 264, 265, 263, 265, 266, 264, 265, 268,
    267, 266, 249, 231, 208, 188, 167, 146, 124, 111, 101, 100, 97, 98,
    97, 96, 94, 91, 91, 87, 87, 91, 93, 98, 99, 101, 98, 94, 92, 87, 86,
    86, 91, 96, 99, 98, 97, 97, 97, 93, 94, 94, 95, 92, 99, 104, 117,
    128, 143, 158, 176, 191, 211, 225, 229, 239, 243, 242, 249, 252, 252,
    256, 253 ]
