%YAML:1.0
---
videoName: "RHShake11.mp4"
gestureLabel: 2
fps: 29
pixelSizeInCmTemp: 3.3263888888888887e-01
faceCenterPointX: 274
faceCenterPointY: 53
LHandPositionsX: [ 312, 310, 307, 307, 311, 307, 310, 309, 311, 311, 307,
    311, 310, 309, 310, 308, 311, 310, 311, 311, 310, 308, 308, 311, 309,
    310, 311, 310, 308, 307, 311, 311, 308, 308, 308, 307, 307, 307, 308,
    307, 309, 307, 307, 308, 311, 309, 309, 310, 310, 310, 311, 311, 308,
    308, 311, 309, 311, 307, 308, 309, 308, 307, 307, 307, 309, 307, 310,
    307, 311, 308, 310, 308, 307, 307, 307, 309, 305, 308, 305, 304, 306,
    303, 305, 305, 307, 304, 307, 303 ]
LHandPositionsY: [ 245, 248, 246, 246, 248, 247, 248, 247, 248, 247, 245,
    249, 248, 247, 247, 246, 248, 246, 248, 246, 249, 246, 246, 248, 248,
    245, 249, 247, 245, 249, 247, 247, 245, 249, 249, 245, 249, 245, 249,
    248, 246, 246, 246, 249, 247, 247, 246, 249, 249, 246, 246, 247, 245,
    245, 248, 249, 245, 248, 245, 249, 246, 247, 245, 249, 249, 249, 248,
    246, 248, 246, 244, 243, 245, 244, 245, 246, 244, 246, 243, 247, 247,
    245, 246, 244, 243, 246, 247, 244 ]
RHandPositionsX: [ 250, 249, 248, 246, 237, 228, 209, 194, 174, 160, 149,
    141, 147, 147, 150, 158, 162, 163, 172, 174, 169, 161, 157, 154, 154,
    155, 159, 168, 167, 165, 168, 168, 165, 158, 158, 156, 156, 155, 156,
    167, 168, 167, 170, 168, 165, 160, 157, 156, 156, 159, 163, 174, 172,
    180, 175, 178, 171, 169, 167, 164, 158, 157, 159, 165, 170, 183, 194,
    208, 217, 230, 240, 250, 257, 258, 264, 258, 260, 260, 260, 259, 258,
    259, 260, 261, 262, 261, 262, 258 ]
RHandPositionsY: [ 248, 245, 247, 243, 232, 221, 209, 190, 177, 160, 144,
    127, 128, 115, 104, 103, 103, 103, 101, 101, 101, 99, 101, 97, 95,
    96, 94, 99, 101, 101, 98, 98, 100, 95, 97, 97, 95, 98, 100, 105, 105,
    103, 105, 103, 104, 103, 97, 101, 96, 98, 102, 108, 106, 106, 109,
    105, 107, 101, 99, 102, 101, 103, 101, 106, 120, 131, 143, 156, 172,
    189, 203, 213, 220, 227, 236, 238, 239, 239, 242, 242, 239, 240, 238,
    242, 241, 242, 240, 240 ]
