%YAML:1.0
---
videoName: "RHShake23.mp4"
gestureLabel: 2
fps: 29
pixelSizeInCmTemp: 3.3263888888888887e-01
faceCenterPointX: 298
faceCenterPointY: 49
LHandPositionsX: [ 389, 390, 389, 391, 390, 389, 387, 388, 391, 387, 388,
    387, 389, 387, 390, 388, 391, 389, 389, 390, 391, 391, 389, 389, 391,
    389, 390, 387, 390, 387, 391, 389, 390, 390, 390, 388, 387, 388, 389,
    387, 390, 389, 391, 388, 390, 388, 391, 390, 387, 390, 388, 389, 391,
    389, 389, 388, 387, 388, 390, 390, 388, 387, 391, 389, 388, 387, 387,
    391, 391, 388, 387, 390, 388, 387, 391, 388, 391, 388, 388, 389, 389,
    390, 390, 387, 390, 391, 388, 390 ]
LHandPositionsY: [ 226, 224, 228, 227, 225, 225, 226, 224, 225, 227, 225,
    228, 224, 228, 227, 228, 227, 225, 224, 226, 228, 227, 226, 227, 224,
    226, 225, 224, 228, 227, 225, 227, 228, 225, 226, 227, 225, 226, 226,
    227, 224, 226, 227, 228, 228, 228, 225, 227, 226, 226, 225, 228, 226,
    226, 224, 228, 224, 226, 227, 227, 227, 224, 227, 226, 224, 228, 225,
    225, 228, 224, 224, 228, 224, 226, 228, 225, 225, 224, 224, 224, 224,
    225, 225, 225, 227, 226, 225, 228 ]
RHandPositionsX: [ 169, 172, 177, 189, 192, 188, 193, 188, 182, 176, 173,
    174, 174, 182, 188, 198, 197, 200, 200, 194, 187, 181, 178, 173, 170,
    173, 170, 180, 190, 201, 201, 200, 199, 197, 191, 186, 185, 180, 178,
    183, 188, 197, 203, 203, 208, 202, 197, 188, 182, 177, 176, 178, 181,
    185, 193, 199, 207, 211, 207, 212, 210, 212, 211, 210, 209, 208, 207,
    206, 207, 205, 203, 202, 203, 201, 202, 202, 202, 203, 199, 200, 201,
    198, 199, 201, 199, 200, 199, 198 ]
RHandPositionsY: [ 96, 92, 100, 113, 118, 113, 119, 109, 103, 102, 102,
    102, 99, 104, 112, 124, 124, 122, 127, 112, 104, 101, 99, 99, 100,
    98, 93, 101, 114, 122, 121, 124, 122, 110, 108, 103, 106, 103, 102,
    102, 115, 119, 122, 121, 126, 128, 125, 107, 107, 107, 106, 101, 102,
    118, 126, 136, 143, 148, 149, 154, 160, 164, 175, 184, 191, 203, 209,
    217, 215, 216, 216, 217, 220, 224, 227, 226, 225, 226, 225, 224, 228,
    226, 226, 227, 228, 226, 225, 225 ]
