%YAML:1.0
---
videoName: "RHShake19.mp4"
gestureLabel: 2
fps: 29
pixelSizeInCmTemp: 3.2808219178082193e-01
faceCenterPointX: 283
faceCenterPointY: 48
LHandPositionsX: [ 390, 391, 389, 391, 392, 388, 388, 388, 388, 392, 389,
    390, 390, 390, 392, 389, 391, 392, 390, 389, 391, 388, 390, 389, 391,
    389, 392, 389, 388, 388, 392, 391, 388, 388, 389, 390, 391, 389, 392,
    391, 388, 389, 388, 391, 391, 388, 391, 388, 392, 391, 392, 392, 389,
    389, 389, 391, 391, 388, 389, 392, 391, 392, 389, 389, 392, 392, 390,
    388, 390, 391, 389, 392, 390, 391, 391, 388, 391, 391, 388, 388, 388,
    391, 390, 392, 388, 392, 389, 388 ]
LHandPositionsY: [ 240, 241, 243, 243, 241, 244, 240, 244, 242, 244, 244,
    240, 242, 243, 243, 242, 241, 241, 244, 243, 240, 243, 243, 241, 241,
    242, 240, 244, 240, 244, 244, 242, 243, 240, 240, 244, 242, 243, 243,
    243, 242, 241, 244, 240, 240, 243, 242, 240, 244, 244, 243, 242, 240,
    240, 244, 240, 240, 243, 240, 241, 241, 243, 241, 241, 244, 244, 243,
    242, 241, 244, 244, 244, 244, 242, 241, 243, 242, 242, 240, 240, 242,
    244, 243, 240, 244, 244, 241, 240 ]
RHandPositionsX: [ 155, 173, 184, 180, 188, 187, 177, 169, 165, 163, 160,
    162, 166, 179, 182, 184, 184, 178, 175, 170, 162, 159, 158, 163, 167,
    173, 172, 174, 168, 166, 160, 161, 159, 166, 168, 176, 177, 179, 180,
    175, 169, 161, 165, 160, 163, 168, 178, 180, 181, 186, 176, 177, 169,
    169, 169, 170, 172, 181, 180, 178, 179, 179, 172, 170, 166, 169, 169,
    176, 180, 183, 187, 190, 189, 185, 183, 184, 182, 183, 179, 180, 178,
    180, 182, 178, 179, 179, 180, 178 ]
RHandPositionsY: [ 88, 91, 96, 94, 91, 92, 83, 83, 76, 79, 77, 71, 78,
    84, 90, 89, 89, 85, 82, 78, 79, 77, 75, 77, 83, 91, 94, 88, 89, 87,
    86, 83, 81, 86, 88, 91, 94, 95, 92, 91, 87, 88, 88, 85, 84, 83, 92,
    97, 99, 102, 100, 93, 95, 98, 97, 95, 100, 105, 107, 110, 104, 103,
    102, 98, 101, 97, 110, 123, 138, 151, 163, 173, 185, 194, 198, 209,
    218, 226, 230, 239, 235, 239, 240, 241, 241, 239, 242, 240 ]
