%YAML:1.0
---
videoName: "RHShake02.mp4"
gestureLabel: 2
fps: 29
pixelSizeInCmTemp: 3.1933333333333330e-01
faceCenterPointX: 291
faceCenterPointY: 51
LHandPositionsX: [ 409, 408, 407, 405, 405, 407, 405, 408, 405, 407, 405,
    407, 406, 408, 408, 409, 405, 404, 406, 408, 406, 408, 405, 405, 407,
    408, 405, 407, 403, 402, 402, 405, 402, 401, 405, 405, 403, 401, 403,
    403, 404, 403, 404, 401, 400, 400, 400, 400, 402, 399, 400, 401, 400,
    398, 401, 399, 398, 399, 400, 398, 397, 398, 400, 396, 396, 395, 395,
    399, 399, 396, 396, 396, 395, 398, 396, 398, 399, 396, 395, 398, 399,
    396, 395, 395, 398, 395, 399, 396 ]
LHandPositionsY: [ 264, 264, 261, 264, 265, 263, 261, 261, 265, 261, 263,
    264, 264, 261, 264, 264, 261, 264, 264, 260, 261, 263, 261, 260, 264,
    263, 264, 264, 263, 262, 262, 264, 263, 262, 264, 262, 261, 262, 260,
    263, 261, 263, 264, 264, 261, 261, 262, 262, 264, 264, 261, 263, 262,
    263, 260, 261, 260, 264, 263, 264, 261, 260, 263, 263, 260, 263, 260,
    260, 261, 262, 262, 264, 263, 260, 262, 264, 260, 264, 263, 260, 260,
    262, 260, 264, 264, 263, 263, 263 ]
RHandPositionsX: [ 174, 175, 173, 173, 172, 172, 171, 174, 174, 171, 170,
    171, 170, 173, 172, 170, 173, 174, 170, 172, 170, 171, 172, 170, 171,
    170, 173, 180, 178, 174, 166, 161, 161, 156, 150, 155, 159, 174, 182,
    177, 182, 175, 172, 167, 162, 160, 162, 168, 181, 185, 192, 184, 184,
    179, 170, 165, 163, 167, 174, 182, 182, 181, 182, 177, 177, 169, 170,
    168, 169, 178, 182, 192, 198, 199, 201, 196, 195, 186, 187, 182, 180,
    175, 177, 174, 175, 176, 174, 174 ]
RHandPositionsY: [ 264, 267, 267, 263, 264, 266, 267, 263, 264, 265, 264,
    265, 263, 267, 264, 265, 264, 267, 266, 266, 267, 267, 267, 263, 266,
    266, 263, 247, 231, 207, 188, 166, 146, 125, 111, 101, 100, 94, 97,
    99, 93, 95, 89, 88, 89, 89, 89, 93, 97, 96, 97, 95, 90, 92, 88, 86,
    87, 91, 97, 99, 101, 97, 100, 97, 93, 94, 93, 92, 96, 98, 106, 119,
    129, 143, 158, 178, 192, 214, 228, 229, 238, 242, 243, 252, 253, 254,
    256, 254 ]
