%YAML:1.0
---
videoName: "RHShake22.mp4"
gestureLabel: 2
fps: 29
pixelSizeInCmTemp: 3.3263888888888887e-01
faceCenterPointX: 290
faceCenterPointY: 48
LHandPositionsX: [ 394, 395, 394, 396, 394, 394, 392, 396, 396, 396, 395,
    394, 393, 392, 393, 393, 393, 395, 392, 393, 393, 394, 396, 396, 396,
    392, 396, 395, 392, 393, 396, 395, 396, 394, 396, 395, 394, 392, 393,
    394, 393, 396, 394, 393, 396, 396, 395, 393, 393, 393, 396, 393, 396,
    392, 392, 396, 392, 395, 393, 394, 393, 396, 393, 395, 396, 394, 395,
    396, 393, 396, 396, 395, 396, 394, 396, 395, 396, 392, 396, 393, 396,
    395, 394, 394, 393, 394, 395, 396 ]
LHandPositionsY: [ 232, 234, 234, 232, 230, 231, 233, 233, 233, 234, 233,
    231, 230, 233, 232, 230, 232, 234, 231, 231, 233, 233, 233, 230, 231,
    232, 230, 233, 230, 230, 230, 230, 230, 233, 231, 230, 230, 231, 230,
    230, 230, 231, 230, 233, 233, 232, 233, 234, 232, 230, 233, 233, 234,
    234, 232, 232, 230, 233, 231, 234, 232, 230, 234, 231, 234, 232, 233,
    231, 234, 232, 231, 234, 231, 230, 234, 232, 232, 231, 232, 231, 232,
    231, 234, 234, 233, 232, 230, 231 ]
RHandPositionsX: [ 149, 138, 129, 130, 134, 138, 144, 155, 165, 164, 166,
    163, 163, 158, 152, 148, 142, 142, 147, 152, 162, 170, 171, 171, 169,
    163, 162, 158, 155, 152, 152, 157, 168, 171, 170, 171, 170, 168, 164,
    161, 159, 160, 161, 165, 172, 172, 173, 175, 174, 166, 161, 157, 153,
    156, 157, 164, 170, 177, 179, 177, 176, 171, 170, 162, 158, 154, 154,
    158, 167, 175, 178, 179, 178, 182, 182, 179, 181, 183, 186, 187, 189,
    192, 188, 188, 191, 186, 189, 191 ]
RHandPositionsY: [ 140, 116, 104, 101, 97, 91, 82, 83, 91, 90, 94, 91,
    83, 81, 78, 81, 79, 77, 77, 87, 88, 94, 97, 98, 95, 91, 87, 84, 84,
    81, 81, 88, 91, 97, 102, 98, 92, 91, 87, 87, 88, 82, 85, 90, 93, 97,
    104, 101, 95, 92, 89, 90, 86, 84, 85, 82, 90, 100, 100, 104, 100, 95,
    93, 92, 90, 94, 92, 88, 88, 103, 110, 110, 114, 120, 120, 123, 139,
    148, 157, 171, 181, 195, 198, 204, 212, 217, 224, 225 ]
