%YAML:1.0
---
videoName: "RHShake06.mp4"
gestureLabel: 2
fps: 30
pixelSizeInCmTemp: 3.2808219178082193e-01
faceCenterPointX: 293
faceCenterPointY: 43
LHandPositionsX: [ 308, 310, 306, 307, 306, 308, 307, 307, 310, 307, 309,
    309, 308, 310, 306, 311, 313, 311, 313, 317, 321, 322, 321, 319, 320,
    321, 322, 320, 321, 320, 319, 321, 325, 326, 324, 326, 325, 326, 324,
    323, 323, 325, 326, 324, 325, 324, 323, 322, 325, 326, 322, 326, 326,
    324, 326, 322, 325, 324, 326, 323, 324, 324, 322, 323, 326, 322, 322,
    324, 326, 322, 323, 325, 325, 323, 323, 326, 326, 324, 322, 323, 326,
    323, 322, 321, 316, 313, 311, 312, 313, 312, 311 ]
LHandPositionsY: [ 270, 266, 267, 269, 270, 266, 268, 269, 268, 270, 270,
    267, 267, 270, 266, 270, 266, 269, 266, 263, 262, 262, 263, 260, 263,
    261, 259, 258, 262, 262, 260, 262, 258, 261, 260, 258, 259, 261, 260,
    262, 259, 261, 260, 258, 262, 261, 260, 259, 260, 258, 261, 258, 259,
    259, 260, 261, 261, 262, 259, 259, 260, 258, 261, 258, 262, 262, 259,
    260, 261, 258, 259, 261, 259, 259, 262, 262, 260, 258, 258, 260, 260,
    262, 262, 261, 265, 263, 267, 263, 265, 262, 263 ]
RHandPositionsX: [ 288, 285, 288, 287, 284, 287, 284, 287, 286, 286, 285,
    288, 288, 286, 285, 288, 286, 284, 280, 262, 242, 223, 200, 180, 159,
    145, 140, 134, 138, 137, 145, 148, 162, 164, 163, 160, 164, 163, 161,
    156, 159, 172, 180, 191, 191, 184, 180, 171, 170, 173, 170, 168, 172,
    180, 183, 183, 179, 190, 181, 172, 171, 166, 166, 182, 179, 177, 173,
    170, 165, 162, 166, 165, 172, 180, 191, 191, 208, 222, 233, 240, 247,
    253, 253, 249, 248, 255, 254, 253, 255, 255, 255 ]
RHandPositionsY: [ 268, 268, 268, 270, 266, 269, 267, 269, 266, 268, 267,
    270, 269, 266, 266, 270, 270, 271, 267, 258, 247, 234, 217, 200, 180,
    158, 138, 122, 112, 105, 112, 115, 131, 115, 109, 102, 98, 87, 89,
    91, 89, 92, 97, 97, 100, 97, 96, 91, 88, 89, 88, 89, 96, 99, 99, 100,
    95, 101, 98, 95, 91, 87, 93, 103, 102, 102, 104, 99, 102, 107, 115,
    130, 146, 162, 175, 183, 195, 207, 215, 222, 230, 235, 238, 236, 239,
    243, 242, 242, 243, 242, 242 ]
