%YAML:1.0
---
videoName: "RHShake04.mp4"
gestureLabel: 2
fps: 29
pixelSizeInCmTemp: 3.1513157894736843e-01
faceCenterPointX: 292
faceCenterPointY: 47
LHandPositionsX: [ 411, 413, 410, 409, 411, 412, 411, 409, 408, 413, 411,
    411, 410, 412, 408, 412, 408, 412, 411, 408, 408, 410, 406, 408, 409,
    409, 407, 406, 406, 406, 409, 405, 406, 406, 407, 409, 406, 407, 405,
    407, 407, 405, 408, 408, 408, 405, 407, 406, 408, 406, 408, 409, 407,
    409, 409, 409, 405, 409, 407, 409, 408, 404, 403, 405, 406, 406, 407,
    406, 406, 406, 404, 406, 404, 405, 403, 403, 406, 404, 405, 404, 403,
    401, 405, 402, 405, 401, 402, 404 ]
LHandPositionsY: [ 262, 266, 265, 262, 266, 264, 265, 264, 265, 262, 265,
    264, 265, 262, 262, 264, 262, 261, 263, 264, 264, 263, 261, 260, 260,
    263, 260, 264, 263, 260, 264, 264, 263, 260, 262, 261, 261, 262, 260,
    263, 261, 264, 262, 261, 262, 263, 261, 263, 262, 261, 260, 261, 261,
    262, 261, 263, 260, 264, 261, 263, 261, 260, 263, 259, 259, 262, 259,
    259, 258, 262, 259, 262, 258, 259, 259, 258, 262, 262, 258, 258, 261,
    261, 259, 259, 260, 258, 257, 257 ]
RHandPositionsX: [ 178, 179, 183, 179, 181, 179, 182, 179, 179, 180, 179,
    178, 181, 181, 179, 180, 177, 176, 175, 179, 177, 178, 176, 183, 179,
    173, 172, 167, 165, 165, 163, 168, 181, 190, 191, 189, 185, 181, 176,
    167, 166, 169, 174, 176, 179, 175, 180, 176, 169, 168, 167, 171, 179,
    177, 179, 178, 177, 171, 168, 172, 172, 174, 179, 182, 193, 190, 185,
    178, 172, 175, 169, 171, 172, 177, 183, 192, 191, 192, 191, 187, 188,
    187, 187, 181, 174, 176, 177, 175 ]
RHandPositionsY: [ 265, 268, 264, 264, 266, 266, 263, 266, 267, 265, 265,
    265, 268, 267, 267, 268, 269, 268, 271, 267, 268, 274, 265, 245, 223,
    194, 170, 146, 127, 123, 120, 105, 98, 99, 105, 100, 100, 94, 95, 93,
    90, 91, 97, 95, 97, 95, 94, 94, 93, 91, 92, 93, 98, 96, 96, 97, 98,
    94, 94, 91, 90, 94, 97, 96, 93, 93, 96, 96, 96, 95, 96, 93, 99, 106,
    123, 133, 143, 150, 164, 180, 193, 209, 223, 230, 234, 244, 250, 249 ]
