%YAML:1.0
---
videoName: "RHShake05.mp4"
gestureLabel: 2
fps: 30
pixelSizeInCmTemp: 3.1103896103896100e-01
faceCenterPointX: 295
faceCenterPointY: 47
LHandPositionsX: [ 408, 410, 410, 409, 411, 410, 410, 411, 409, 410, 411,
    410, 411, 408, 410, 411, 412, 411, 410, 411, 409, 412, 408, 409, 408,
    408, 411, 412, 412, 409, 409, 412, 409, 412, 411, 411, 412, 408, 410,
    411, 411, 409, 411, 408, 412, 408, 411, 409, 408, 412, 412, 410, 411,
    408, 408, 411, 411, 410, 410, 411, 411, 412, 412, 408, 410, 409, 411,
    412, 408, 410, 412, 408, 411, 410, 411, 411, 409, 410, 408, 411, 408,
    412, 408, 410, 411, 410, 412, 410, 410, 411, 410 ]
LHandPositionsY: [ 259, 260, 259, 257, 261, 257, 260, 257, 258, 259, 259,
    258, 257, 260, 259, 259, 260, 259, 259, 260, 261, 260, 261, 261, 258,
    259, 257, 261, 259, 261, 260, 259, 261, 257, 257, 261, 258, 258, 257,
    258, 259, 259, 261, 261, 258, 260, 261, 260, 259, 258, 258, 257, 259,
    260, 259, 257, 260, 257, 259, 260, 257, 258, 261, 260, 261, 260, 260,
    259, 257, 261, 258, 258, 261, 261, 259, 257, 261, 259, 259, 257, 258,
    259, 260, 260, 257, 261, 260, 258, 259, 257, 258 ]
RHandPositionsX: [ 177, 176, 176, 174, 176, 175, 175, 177, 177, 173, 172,
    172, 173, 175, 172, 173, 172, 172, 172, 173, 173, 170, 172, 174, 177,
    176, 180, 177, 175, 167, 148, 156, 156, 158, 166, 177, 190, 200, 191,
    181, 173, 171, 169, 171, 177, 179, 188, 185, 177, 173, 170, 166, 170,
    176, 177, 189, 183, 180, 173, 168, 166, 168, 174, 192, 192, 194, 185,
    179, 179, 179, 181, 177, 188, 195, 193, 190, 184, 175, 172, 174, 171,
    178, 183, 185, 188, 191, 185, 177, 179, 176, 175 ]
RHandPositionsY: [ 259, 262, 262, 260, 262, 262, 260, 259, 260, 260, 259,
    261, 259, 262, 258, 261, 259, 262, 258, 261, 260, 263, 261, 261, 258,
    252, 234, 207, 179, 154, 130, 128, 104, 90, 90, 89, 96, 94, 91, 85,
    80, 81, 78, 80, 84, 87, 80, 81, 77, 73, 74, 75, 78, 85, 85, 92, 89,
    85, 84, 80, 83, 84, 87, 92, 91, 92, 89, 84, 85, 83, 85, 87, 87, 92,
    93, 88, 90, 85, 89, 91, 113, 135, 158, 181, 204, 219, 226, 236, 244,
    251, 248 ]
