%YAML:1.0
---
videoName: "RHShake03.mp4"
gestureLabel: 2
fps: 29
pixelSizeInCmTemp: 3.1103896103896100e-01
faceCenterPointX: 294
faceCenterPointY: 48
LHandPositionsX: [ 410, 411, 412, 411, 409, 411, 411, 410, 408, 412, 408,
    411, 412, 409, 411, 411, 410, 408, 410, 412, 408, 408, 408, 408, 412,
    412, 408, 412, 412, 410, 408, 411, 412, 411, 412, 409, 408, 409, 412,
    410, 410, 411, 412, 409, 410, 409, 411, 411, 411, 411, 410, 410, 412,
    412, 410, 409, 410, 411, 408, 408, 410, 412, 412, 408, 410, 409, 411,
    411, 412, 411, 408, 410, 407, 409, 411, 407, 410, 408, 407, 409, 410,
    409, 407, 410, 409, 407, 410, 410 ]
LHandPositionsY: [ 263, 264, 261, 260, 264, 261, 262, 264, 262, 262, 264,
    261, 264, 263, 260, 261, 264, 260, 262, 264, 260, 263, 260, 260, 263,
    264, 261, 261, 260, 264, 260, 260, 264, 261, 261, 262, 263, 264, 261,
    262, 261, 261, 263, 264, 264, 260, 263, 263, 264, 263, 264, 262, 263,
    262, 261, 262, 262, 263, 260, 262, 264, 263, 260, 260, 261, 260, 262,
    264, 262, 264, 264, 262, 263, 262, 263, 261, 264, 264, 262, 262, 263,
    263, 264, 260, 263, 262, 261, 264 ]
RHandPositionsX: [ 180, 178, 178, 180, 178, 175, 174, 176, 173, 176, 177,
    177, 172, 175, 174, 175, 172, 175, 173, 173, 172, 174, 171, 173, 171,
    175, 174, 175, 174, 172, 170, 172, 175, 173, 163, 156, 151, 149, 151,
    153, 154, 166, 178, 185, 191, 193, 182, 178, 175, 171, 175, 180, 183,
    181, 179, 177, 171, 172, 167, 175, 180, 188, 202, 206, 200, 190, 190,
    187, 184, 184, 187, 194, 199, 207, 210, 206, 198, 198, 190, 181, 185,
    184, 181, 182, 179, 183, 179, 181 ]
RHandPositionsY: [ 258, 259, 262, 261, 261, 259, 260, 260, 258, 258, 261,
    261, 260, 258, 259, 259, 259, 260, 261, 260, 261, 262, 259, 258, 258,
    259, 259, 261, 260, 263, 265, 263, 256, 240, 219, 197, 176, 159, 147,
    129, 124, 120, 117, 117, 111, 107, 105, 102, 100, 101, 104, 104, 108,
    105, 105, 102, 102, 99, 96, 98, 102, 106, 109, 112, 111, 107, 103,
    104, 98, 100, 104, 116, 127, 139, 160, 179, 201, 208, 217, 242, 242,
    244, 243, 252, 253, 255, 253, 252 ]
