%YAML:1.0
---
videoName: "RHShake00.mp4"
gestureLabel: 2
fps: 29
pixelSizeInCmTemp: 3.4710144927536229e-01
faceCenterPointX: 283
faceCenterPointY: 97
LHandPositionsX: [ 343, 343, 343, 343, 344, 344, 342, 345, 343, 344, 346,
    344, 345, 344, 343, 343, 343, 346, 346, 342, 343, 345, 343, 343, 346,
    344, 343, 343, 342, 343, 344, 343, 343, 346, 345, 344, 345, 346, 342,
    342, 343, 343, 343, 345, 342, 346, 342, 342, 345, 342, 342, 346, 342,
    345, 345, 345, 342, 343, 346, 342, 346, 343, 343, 345, 343, 343, 345,
    346, 343, 344, 344, 346, 344, 342, 344, 344, 346, 345, 345, 346, 342,
    342, 345, 343, 346, 344, 345, 342 ]
LHandPositionsY: [ 275, 272, 276, 272, 272, 274, 276, 273, 273, 276, 273,
    275, 274, 272, 273, 275, 272, 276, 273, 273, 273, 273, 274, 275, 272,
    274, 275, 272, 275, 272, 273, 274, 272, 275, 273, 273, 274, 273, 276,
    275, 275, 274, 274, 272, 276, 272, 273, 272, 274, 272, 274, 276, 274,
    274, 273, 276, 274, 275, 272, 276, 275, 272, 272, 273, 275, 274, 275,
    272, 275, 274, 275, 274, 275, 273, 276, 272, 275, 272, 276, 272, 275,
    273, 274, 274, 273, 274, 272, 274 ]
RHandPositionsX: [ 178, 173, 168, 154, 147, 145, 144, 146, 141, 140, 142,
    148, 151, 168, 166, 166, 169, 168, 164, 161, 152, 151, 146, 151, 152,
    162, 165, 165, 167, 165, 156, 152, 152, 147, 152, 155, 163, 161, 165,
    165, 162, 156, 148, 144, 138, 144, 147, 153, 156, 155, 161, 162, 155,
    149, 145, 144, 145, 149, 157, 160, 163, 160, 165, 162, 156, 149, 145,
    140, 142, 144, 150, 152, 156, 158, 163, 169, 170, 176, 178, 179, 182,
    187, 189, 191, 191, 196, 195, 198 ]
RHandPositionsY: [ 258, 253, 242, 218, 200, 189, 178, 168, 159, 151, 144,
    135, 131, 134, 140, 137, 135, 130, 128, 125, 124, 120, 119, 122, 128,
    132, 132, 135, 137, 130, 128, 128, 126, 122, 130, 133, 137, 138, 138,
    140, 139, 136, 131, 131, 130, 133, 131, 135, 136, 140, 139, 139, 132,
    133, 131, 130, 132, 129, 141, 144, 147, 145, 148, 147, 140, 138, 137,
    139, 140, 149, 155, 162, 169, 173, 184, 190, 199, 207, 212, 219, 228,
    238, 243, 247, 252, 258, 264, 263 ]
