%YAML:1.0
---
videoName: "RHShake00.mp4"
gestureLabel: 2
fps: 29
pixelSizeInCmTemp: 3.4710144927536229e-01
faceCenterPointX: 283
faceCenterPointY: 97
LHandPositionsX: [ 346, 345, 346, 345, 345, 343, 346, 345, 343, 345, 344,
    346, 345, 344, 346, 342, 346, 344, 345, 342, 343, 343, 343, 342, 343,
    343, 343, 344, 343, 345, 345, 342, 343, 342, 346, 342, 346, 346, 344,
    343, 344, 344, 345, 345, 342, 344, 344, 346, 344, 344, 343, 346, 344,
    343, 346, 344, 346, 343, 343, 345, 345, 343, 344, 342, 346, 343, 345,
    346, 344, 343, 344, 342, 343, 342, 344, 342, 345, 343, 343, 344, 342,
    345, 346, 342, 344, 343, 344, 342 ]
LHandPositionsY: [ 275, 275, 273, 273, 274, 272, 274, 276, 273, 272, 274,
    276, 275, 274, 275, 275, 275, 273, 274, 272, 272, 272, 275, 274, 276,
    274, 273, 276, 275, 276, 276, 274, 272, 274, 276, 276, 275, 274, 276,
    272, 275, 275, 276, 275, 274, 273, 275, 273, 273, 272, 274, 272, 276,
    276, 272, 276, 274, 272, 272, 272, 272, 276, 276, 274, 276, 275, 272,
    273, 276, 276, 273, 274, 273, 276, 275, 276, 274, 276, 274, 274, 275,
    273, 275, 272, 273, 272, 272, 272 ]
RHandPositionsX: [ 180, 175, 168, 157, 150, 147, 146, 145, 143, 143, 143,
    145, 149, 165, 165, 165, 167, 169, 164, 158, 151, 151, 150, 147, 154,
    164, 163, 168, 166, 164, 158, 149, 151, 145, 153, 157, 161, 164, 162,
    162, 160, 156, 150, 143, 141, 144, 149, 152, 153, 155, 160, 164, 156,
    149, 146, 144, 144, 148, 157, 160, 161, 163, 168, 162, 159, 149, 147,
    140, 143, 148, 152, 152, 154, 160, 164, 165, 172, 174, 175, 181, 184,
    189, 187, 193, 195, 194, 195, 197 ]
RHandPositionsY: [ 256, 251, 240, 220, 202, 188, 175, 167, 160, 151, 142,
    134, 133, 136, 139, 140, 135, 132, 127, 123, 120, 121, 120, 120, 126,
    135, 133, 135, 136, 130, 129, 124, 127, 122, 134, 133, 140, 140, 141,
    140, 142, 137, 132, 133, 129, 133, 132, 135, 139, 138, 137, 139, 132,
    130, 129, 128, 133, 129, 141, 145, 148, 146, 146, 144, 139, 140, 140,
    137, 141, 147, 155, 164, 167, 177, 180, 189, 197, 205, 212, 219, 227,
    234, 242, 249, 253, 257, 262, 260 ]
