%YAML:1.0
---
videoName: "RHShake10.mp4"
gestureLabel: 2
fps: 29
pixelSizeInCmTemp: 3.1933333333333330e-01
faceCenterPointX: 295
faceCenterPointY: 45
LHandPositionsX: [ 339, 343, 340, 341, 339, 339, 339, 335, 334, 333, 333,
    332, 328, 327, 329, 325, 328, 327, 328, 326, 328, 329, 330, 326, 329,
    329, 329, 327, 326, 326, 327, 330, 328, 329, 329, 329, 330, 329, 326,
    327, 330, 329, 329, 327, 328, 330, 326, 327, 327, 328, 326, 326, 328,
    328, 326, 327, 330, 329, 329, 329, 326, 329, 330, 330, 329, 329, 328,
    327, 328, 330, 328, 330, 330, 330, 329, 331, 328, 327, 331, 329, 328,
    330, 329, 330, 328, 327, 330, 328 ]
LHandPositionsY: [ 266, 268, 268, 267, 266, 266, 267, 271, 267, 269, 270,
    273, 273, 274, 273, 274, 270, 271, 273, 274, 270, 270, 273, 270, 274,
    274, 274, 272, 272, 270, 272, 270, 272, 271, 269, 273, 271, 268, 270,
    268, 269, 269, 269, 270, 272, 269, 271, 271, 271, 272, 268, 268, 272,
    268, 272, 272, 269, 271, 268, 272, 272, 269, 271, 269, 269, 269, 272,
    269, 271, 269, 272, 268, 268, 269, 271, 270, 271, 271, 268, 269, 268,
    270, 269, 270, 271, 272, 272, 271 ]
RHandPositionsX: [ 259, 263, 263, 261, 262, 260, 262, 261, 259, 258, 260,
    257, 259, 258, 262, 262, 259, 254, 261, 252, 239, 222, 202, 181, 165,
    155, 137, 139, 137, 139, 143, 153, 153, 164, 167, 161, 158, 158, 159,
    156, 164, 174, 179, 182, 177, 177, 174, 170, 171, 167, 174, 187, 192,
    193, 191, 184, 180, 177, 176, 180, 179, 191, 192, 194, 188, 183, 179,
    175, 174, 177, 177, 190, 198, 205, 212, 219, 227, 230, 238, 245, 252,
    252, 251, 259, 264, 259, 261, 262 ]
RHandPositionsY: [ 266, 268, 263, 266, 267, 265, 267, 264, 265, 264, 268,
    268, 268, 269, 265, 266, 266, 267, 267, 254, 244, 226, 211, 191, 170,
    153, 130, 117, 115, 100, 90, 85, 89, 89, 85, 83, 80, 79, 79, 78, 80,
    82, 87, 82, 82, 79, 79, 74, 78, 79, 84, 88, 91, 94, 87, 86, 83, 82,
    81, 84, 91, 93, 91, 91, 91, 86, 85, 81, 81, 84, 93, 105, 125, 147,
    160, 178, 196, 213, 227, 242, 260, 256, 259, 263, 265, 268, 269, 267 ]
