%YAML:1.0
---
videoName: "RHShake02.mp4"
gestureLabel: 2
fps: 29
pixelSizeInCmTemp: 3.1933333333333330e-01
faceCenterPointX: 291
faceCenterPointY: 51
LHandPositionsX: [ 407, 409, 406, 409, 406, 405, 408, 405, 409, 407, 409,
    405, 406, 407, 405, 405, 406, 405, 406, 406, 405, 407, 408, 405, 408,
    405, 407, 403, 405, 404, 403, 406, 402, 405, 404, 404, 404, 405, 405,
    400, 400, 400, 402, 399, 401, 401, 401, 400, 399, 398, 399, 399, 400,
    398, 399, 398, 397, 400, 398, 400, 400, 398, 396, 396, 398, 399, 399,
    395, 399, 396, 396, 395, 396, 397, 398, 395, 397, 398, 397, 395, 395,
    395, 399, 395, 395, 396, 399, 397 ]
LHandPositionsY: [ 262, 264, 264, 263, 261, 265, 264, 265, 262, 265, 265,
    262, 265, 265, 264, 264, 262, 264, 264, 264, 264, 261, 260, 264, 264,
    263, 262, 260, 261, 262, 262, 261, 262, 263, 264, 260, 261, 261, 262,
    262, 264, 264, 261, 263, 263, 263, 264, 262, 260, 263, 262, 262, 262,
    261, 262, 263, 264, 261, 264, 264, 263, 264, 260, 260, 261, 260, 263,
    261, 261, 261, 260, 260, 263, 260, 261, 264, 261, 264, 260, 263, 262,
    261, 260, 261, 262, 260, 262, 263 ]
RHandPositionsX: [ 171, 172, 172, 172, 172, 170, 173, 170, 174, 172, 170,
    170, 173, 170, 173, 171, 171, 171, 173, 174, 174, 174, 170, 170, 171,
    171, 177, 176, 174, 173, 168, 163, 158, 156, 149, 155, 159, 177, 184,
    180, 180, 178, 171, 165, 160, 158, 162, 166, 180, 182, 193, 187, 183,
    177, 170, 165, 163, 166, 173, 180, 182, 181, 178, 176, 174, 169, 172,
    169, 172, 176, 181, 190, 196, 201, 197, 198, 194, 182, 188, 183, 179,
    176, 176, 174, 178, 177, 173, 174 ]
RHandPositionsY: [ 264, 263, 266, 266, 264, 264, 265, 264, 264, 263, 265,
    263, 264, 266, 265, 264, 266, 265, 267, 266, 267, 265, 263, 265, 268,
    267, 266, 246, 230, 209, 188, 167, 144, 125, 110, 102, 100, 97, 99,
    97, 94, 94, 90, 91, 89, 89, 89, 91, 97, 97, 101, 99, 92, 89, 88, 88,
    86, 92, 96, 100, 100, 101, 99, 96, 95, 91, 91, 94, 95, 97, 104, 119,
    131, 144, 157, 174, 191, 212, 225, 230, 237, 243, 246, 250, 252, 253,
    256, 254 ]
