%YAML:1.0
---
videoName: "RHShake17.mp4"
gestureLabel: 2
fps: 29
pixelSizeInCmTemp: 3.3732394366197183e-01
faceCenterPointX: 282
faceCenterPointY: 40
LHandPositionsX: [ 306, 308, 308, 308, 307, 306, 307, 306, 309, 307, 309,
    308, 307, 307, 309, 308, 307, 305, 308, 309, 308, 307, 309, 306, 306,
    305, 306, 309, 306, 305, 309, 306, 307, 307, 307, 307, 308, 305, 305,
    307, 307, 310, 309, 306, 310, 306, 309, 309, 306, 307, 310, 307, 308,
    309, 309, 308, 310, 308, 307, 309, 311, 307, 308, 309, 308, 311, 308,
    307, 308, 310, 311, 308, 310, 307, 306, 309, 306, 310, 307, 305, 309,
    308, 305, 308, 309, 309, 307, 307 ]
LHandPositionsY: [ 231, 232, 233, 231, 231, 232, 235, 233, 234, 231, 235,
    234, 234, 232, 231, 232, 235, 232, 235, 231, 234, 232, 235, 232, 233,
    233, 232, 231, 232, 235, 234, 234, 235, 235, 233, 234, 231, 235, 234,
    234, 233, 234, 232, 233, 234, 235, 232, 231, 233, 232, 231, 233, 234,
    232, 231, 234, 234, 234, 234, 234, 231, 233, 234, 235, 234, 232, 233,
    232, 235, 233, 235, 234, 232, 231, 234, 232, 233, 231, 234, 234, 234,
    235, 231, 234, 232, 231, 234, 235 ]
RHandPositionsX: [ 211, 198, 175, 161, 141, 144, 143, 145, 143, 143, 148,
    149, 154, 155, 150, 145, 143, 144, 142, 147, 165, 161, 154, 152, 150,
    147, 147, 141, 147, 152, 154, 157, 160, 154, 149, 147, 144, 141, 138,
    152, 154, 155, 153, 161, 156, 151, 151, 151, 157, 155, 171, 170, 167,
    164, 160, 156, 149, 154, 146, 148, 154, 163, 170, 175, 177, 180, 175,
    176, 174, 168, 177, 171, 167, 168, 169, 168, 171, 171, 170, 171, 167,
    168, 171, 167, 168, 170, 169, 168 ]
RHandPositionsY: [ 202, 185, 169, 148, 129, 110, 109, 101, 98, 91, 98,
    91, 83, 79, 76, 73, 69, 68, 69, 73, 79, 76, 72, 69, 67, 67, 67, 67,
    64, 69, 66, 70, 68, 65, 66, 67, 66, 65, 66, 81, 80, 82, 79, 76, 74,
    76, 72, 74, 72, 77, 88, 91, 83, 83, 77, 80, 80, 79, 76, 83, 94, 106,
    121, 132, 148, 157, 171, 183, 191, 196, 206, 215, 221, 227, 232, 236,
    236, 241, 240, 238, 243, 241, 244, 244, 242, 243, 246, 242 ]
