%YAML:1.0
---
videoName: "RHShake17.mp4"
gestureLabel: 2
fps: 29
pixelSizeInCmTemp: 3.3732394366197183e-01
faceCenterPointX: 282
faceCenterPointY: 40
LHandPositionsX: [ 307, 309, 306, 306, 306, 309, 308, 308, 306, 309, 307,
    307, 305, 305, 309, 306, 305, 306, 305, 306, 309, 307, 307, 306, 305,
    305, 309, 305, 309, 307, 307, 307, 307, 309, 309, 306, 305, 305, 307,
    306, 310, 309, 307, 308, 306, 308, 310, 308, 308, 306, 311, 307, 311,
    310, 310, 311, 311, 311, 307, 308, 307, 311, 308, 307, 308, 310, 311,
    311, 309, 307, 311, 309, 306, 306, 306, 307, 310, 309, 309, 306, 305,
    307, 309, 306, 308, 309, 307, 306 ]
LHandPositionsY: [ 233, 235, 232, 234, 231, 232, 231, 231, 232, 234, 232,
    235, 233, 233, 231, 231, 235, 234, 231, 234, 232, 231, 231, 235, 234,
    235, 232, 233, 233, 231, 232, 233, 234, 231, 232, 235, 233, 235, 234,
    231, 235, 232, 234, 235, 234, 235, 235, 235, 234, 233, 231, 231, 232,
    233, 232, 231, 232, 231, 233, 232, 232, 235, 234, 235, 231, 233, 234,
    231, 232, 233, 231, 231, 232, 233, 235, 233, 234, 233, 235, 235, 232,
    232, 231, 233, 231, 231, 234, 233 ]
RHandPositionsX: [ 214, 198, 178, 158, 141, 143, 144, 146, 142, 140, 145,
    148, 158, 155, 149, 148, 144, 143, 142, 146, 163, 158, 154, 154, 152,
    146, 146, 144, 147, 155, 153, 157, 161, 153, 151, 146, 144, 142, 136,
    156, 151, 154, 155, 161, 155, 149, 149, 152, 155, 156, 170, 170, 165,
    161, 161, 155, 150, 150, 147, 150, 152, 163, 170, 175, 179, 180, 179,
    176, 171, 171, 176, 171, 167, 169, 168, 168, 171, 169, 169, 168, 170,
    170, 169, 168, 166, 166, 170, 169 ]
RHandPositionsY: [ 203, 185, 166, 151, 128, 110, 106, 101, 94, 93, 98,
    89, 83, 78, 76, 72, 72, 67, 68, 72, 78, 75, 72, 69, 69, 65, 66, 67,
    65, 69, 67, 69, 64, 66, 65, 65, 64, 65, 68, 85, 80, 83, 82, 80, 74,
    75, 73, 74, 72, 77, 88, 91, 84, 84, 78, 80, 78, 80, 79, 85, 93, 108,
    120, 132, 145, 158, 172, 183, 190, 198, 210, 213, 221, 229, 234, 235,
    239, 239, 240, 242, 239, 240, 241, 240, 243, 246, 247, 244 ]
