%YAML:1.0
---
videoName: "RHShake20.mp4"
gestureLabel: 2
fps: 29
pixelSizeInCmTemp: 3.3263888888888887e-01
faceCenterPointX: 286
faceCenterPointY: 45
LHandPositionsX: [ 394, 392, 391, 390, 391, 390, 393, 394, 393, 392, 394,
    391, 390, 392, 393, 390, 390, 394, 394, 393, 394, 393, 390, 391, 390,
    390, 393, 391, 393, 392, 393, 390, 392, 392, 394, 392, 390, 394, 394,
    392, 394, 390, 392, 391, 394, 390, 392, 391, 390, 392, 392, 394, 391,
    390, 393, 393, 390, 390, 390, 391, 394, 390, 394, 394, 390, 392, 393,
    390, 391, 392, 390, 393, 394, 392, 394, 394, 390, 391, 390, 394, 394,
    391, 394, 391, 390, 392, 392, 394 ]
LHandPositionsY: [ 247, 245, 242, 246, 242, 245, 243, 242, 243, 243, 244,
    244, 240, 243, 240, 240, 243, 243, 243, 242, 243, 241, 239, 242, 241,
    243, 241, 242, 242, 241, 239, 241, 243, 240, 239, 240, 243, 241, 243,
    241, 243, 243, 240, 243, 242, 239, 241, 241, 239, 243, 239, 243, 242,
    243, 239, 241, 241, 242, 241, 242, 240, 242, 243, 239, 240, 241, 241,
    243, 242, 239, 241, 242, 239, 239, 239, 240, 241, 243, 242, 243, 243,
    242, 241, 239, 243, 240, 241, 241 ]
RHandPositionsX: [ 163, 159, 160, 156, 155, 155, 150, 156, 159, 159, 159,
    161, 160, 154, 151, 152, 150, 150, 157, 161, 163, 160, 159, 154, 155,
    152, 151, 154, 161, 160, 163, 160, 155, 152, 159, 154, 152, 151, 159,
    164, 167, 165, 165, 162, 159, 151, 152, 152, 157, 164, 166, 168, 167,
    166, 166, 167, 166, 166, 160, 160, 163, 170, 171, 176, 184, 183, 188,
    186, 185, 185, 184, 182, 182, 181, 178, 180, 181, 177, 180, 180, 178,
    177, 178, 176, 177, 177, 178, 177 ]
RHandPositionsY: [ 112, 109, 105, 103, 100, 99, 98, 99, 101, 104, 102,
    100, 99, 99, 97, 99, 98, 104, 113, 113, 116, 117, 112, 112, 110, 105,
    108, 110, 118, 120, 116, 115, 111, 106, 109, 102, 103, 107, 112, 120,
    124, 122, 124, 120, 115, 115, 112, 108, 113, 117, 125, 126, 125, 124,
    121, 122, 114, 114, 110, 111, 116, 125, 132, 139, 145, 154, 166, 177,
    184, 195, 203, 212, 217, 226, 233, 233, 241, 242, 242, 243, 246, 246,
    247, 247, 245, 247, 245, 245 ]
