%YAML:1.0
---
videoName: "RHShake01.mp4"
gestureLabel: 2
fps: 29
pixelSizeInCmTemp: 3.1513157894736843e-01
faceCenterPointX: 292
faceCenterPointY: 51
LHandPositionsX: [ 395, 395, 396, 393, 394, 393, 393, 392, 395, 395, 395,
    396, 394, 392, 393, 393, 395, 394, 393, 393, 393, 394, 392, 391, 391,
    394, 391, 395, 393, 391, 393, 392, 392, 392, 393, 391, 393, 395, 391,
    393, 394, 392, 394, 393, 393, 395, 395, 395, 395, 394, 393, 394, 394,
    395, 392, 391, 394, 395, 394, 395, 392, 391, 394, 392, 395, 395, 392,
    393, 391, 392, 394, 394, 392, 391, 391, 394, 392, 394, 391, 394, 392,
    392, 394, 391, 394, 394, 395, 394 ]
LHandPositionsY: [ 254, 255, 257, 253, 253, 255, 256, 254, 254, 254, 254,
    254, 255, 256, 256, 257, 253, 254, 256, 253, 257, 256, 254, 254, 257,
    257, 254, 254, 255, 257, 256, 257, 254, 254, 257, 254, 255, 257, 256,
    254, 256, 255, 253, 255, 253, 254, 255, 253, 256, 256, 255, 257, 254,
    257, 256, 255, 256, 254, 254, 256, 256, 254, 254, 256, 253, 255, 254,
    255, 256, 257, 253, 255, 254, 254, 254, 254, 253, 254, 257, 256, 253,
    253, 255, 255, 256, 257, 253, 253 ]
RHandPositionsX: [ 169, 171, 168, 168, 168, 168, 169, 171, 168, 171, 170,
    169, 168, 167, 169, 169, 169, 167, 167, 168, 172, 169, 168, 169, 170,
    170, 170, 177, 177, 167, 163, 159, 156, 152, 156, 160, 170, 182, 190,
    190, 190, 185, 180, 177, 175, 172, 176, 189, 197, 197, 192, 188, 185,
    178, 180, 180, 179, 182, 185, 191, 191, 192, 194, 186, 181, 178, 178,
    182, 189, 192, 193, 196, 197, 195, 191, 187, 186, 191, 189, 183, 177,
    177, 172, 171, 171, 175, 172, 173 ]
RHandPositionsY: [ 276, 277, 279, 280, 276, 277, 276, 277, 277, 280, 279,
    277, 280, 278, 276, 280, 277, 279, 276, 279, 279, 276, 279, 277, 276,
    273, 266, 244, 227, 208, 189, 166, 152, 131, 129, 118, 109, 110, 109,
    112, 106, 102, 101, 101, 99, 100, 98, 97, 99, 101, 97, 96, 95, 92,
    93, 93, 97, 101, 102, 103, 102, 100, 100, 100, 95, 94, 98, 95, 101,
    108, 114, 122, 136, 145, 158, 177, 193, 202, 206, 211, 221, 225, 232,
    244, 241, 244, 243, 245 ]
