%YAML:1.0
---
videoName: "RHShake17.mp4"
gestureLabel: 2
fps: 29
pixelSizeInCmTemp: 3.3732394366197183e-01
faceCenterPointX: 282
faceCenterPointY: 40
LHandPositionsX: [ 305, 305, 309, 309, 308, 305, 307, 309, 309, 305, 309,
    306, 306, 309, 308, 305, 308, 308, 306, 305, 305, 307, 309, 309, 306,
    306, 309, 305, 305, 305, 307, 309, 305, 307, 308, 305, 308, 309, 309,
    308, 307, 307, 309, 307, 306, 306, 309, 310, 310, 307, 308, 307, 310,
    310, 310, 308, 309, 308, 309, 308, 309, 308, 308, 310, 309, 309, 310,
    310, 307, 311, 307, 309, 309, 309, 306, 309, 308, 306, 307, 309, 308,
    309, 309, 305, 307, 307, 308, 308 ]
LHandPositionsY: [ 233, 231, 232, 235, 234, 233, 231, 231, 233, 233, 231,
    234, 232, 231, 233, 231, 234, 234, 231, 235, 232, 234, 233, 234, 235,
    235, 233, 234, 233, 232, 234, 231, 233, 233, 232, 234, 232, 234, 232,
    235, 231, 233, 231, 235, 234, 235, 232, 233, 234, 231, 232, 234, 231,
    235, 235, 231, 234, 232, 233, 233, 231, 232, 233, 231, 235, 233, 234,
    235, 232, 235, 234, 231, 231, 234, 235, 235, 232, 231, 232, 233, 235,
    232, 232, 235, 233, 233, 232, 235 ]
RHandPositionsX: [ 214, 196, 175, 158, 140, 141, 145, 149, 143, 140, 148,
    150, 158, 155, 147, 146, 144, 140, 143, 144, 165, 161, 157, 152, 148,
    146, 149, 145, 146, 154, 152, 157, 159, 155, 149, 147, 144, 139, 136,
    156, 155, 155, 153, 161, 154, 151, 148, 151, 156, 155, 173, 168, 168,
    165, 157, 158, 150, 151, 148, 150, 154, 163, 173, 177, 176, 180, 179,
    175, 173, 171, 175, 173, 171, 170, 171, 166, 169, 171, 171, 170, 167,
    171, 167, 166, 168, 167, 167, 166 ]
RHandPositionsY: [ 200, 185, 168, 150, 128, 111, 107, 105, 95, 93, 95,
    88, 82, 77, 74, 72, 68, 69, 70, 71, 76, 78, 75, 71, 69, 68, 69, 68,
    66, 68, 69, 66, 67, 67, 64, 67, 66, 66, 69, 83, 83, 81, 81, 78, 76,
    74, 75, 74, 73, 74, 89, 88, 87, 84, 81, 77, 77, 81, 77, 84, 91, 104,
    120, 135, 147, 158, 169, 181, 190, 196, 208, 214, 222, 230, 236, 233,
    240, 240, 240, 238, 240, 242, 241, 241, 243, 243, 244, 246 ]
