%YAML:1.0
---
videoName: "RHShake17.mp4"
gestureLabel: 2
fps: 29
pixelSizeInCmTemp: 3.3732394366197183e-01
faceCenterPointX: 282
faceCenterPointY: 40
LHandPositionsX: [ 307, 305, 308, 309, 305, 306, 308, 305, 307, 306, 308,
    308, 307, 307, 306, 308, 308, 308, 307, 305, 306, 307, 309, 306, 307,
    305, 309, 307, 309, 307, 309, 305, 305, 308, 308, 305, 307, 308, 307,
    307, 309, 310, 306, 306, 308, 306, 309, 306, 306, 308, 312, 310, 308,
    309, 308, 307, 309, 309, 311, 307, 310, 309, 311, 308, 311, 309, 309,
    310, 311, 307, 308, 309, 310, 309, 310, 309, 310, 308, 309, 308, 305,
    305, 308, 308, 305, 309, 305, 307 ]
LHandPositionsY: [ 233, 231, 234, 231, 231, 235, 231, 235, 233, 235, 234,
    235, 234, 231, 234, 235, 233, 233, 233, 234, 231, 232, 234, 231, 231,
    234, 231, 233, 232, 232, 233, 233, 232, 235, 233, 233, 232, 234, 233,
    235, 234, 234, 231, 233, 232, 231, 232, 231, 232, 235, 234, 231, 234,
    233, 231, 231, 231, 235, 234, 235, 232, 235, 233, 231, 233, 233, 232,
    233, 231, 232, 231, 235, 235, 235, 231, 235, 233, 235, 235, 234, 235,
    233, 233, 234, 234, 233, 234, 233 ]
RHandPositionsX: [ 213, 198, 177, 162, 140, 142, 146, 145, 145, 141, 145,
    149, 156, 153, 150, 146, 141, 141, 142, 145, 162, 159, 158, 152, 152,
    145, 146, 145, 146, 153, 152, 161, 159, 157, 148, 143, 140, 138, 137,
    153, 153, 153, 153, 160, 155, 153, 148, 150, 157, 156, 172, 168, 165,
    163, 157, 157, 150, 150, 149, 151, 152, 165, 172, 176, 175, 177, 177,
    178, 171, 169, 175, 171, 171, 170, 168, 168, 170, 171, 170, 170, 169,
    169, 170, 169, 166, 167, 170, 170 ]
RHandPositionsY: [ 200, 187, 170, 148, 126, 110, 109, 105, 94, 93, 97,
    89, 81, 81, 76, 70, 69, 70, 69, 75, 80, 78, 75, 70, 68, 66, 68, 65,
    67, 66, 69, 68, 66, 65, 65, 63, 67, 63, 68, 84, 79, 81, 82, 76, 74,
    76, 73, 71, 75, 73, 88, 91, 84, 84, 81, 79, 81, 80, 78, 81, 92, 106,
    120, 136, 149, 159, 168, 180, 187, 197, 206, 214, 224, 231, 232, 236,
    237, 238, 241, 239, 241, 243, 240, 241, 241, 246, 245, 242 ]
