%YAML:1.0
---
videoName: "RHShake05.mp4"
gestureLabel: 2
fps: 30
pixelSizeInCmTemp: 3.1103896103896100e-01
faceCenterPointX: 295
faceCenterPointY: 47
LHandPositionsX: [ 411, 410, 410, 410, 409, 409, 412, 412, 410, 410, 412,
    410, 411, 412, 411, 410, 409, 412, 409, 408, 409, 411, 411, 411, 411,
    411, 409, 411, 412, 410, 410, 411, 410, 410, 412, 411, 410, 411, 409,
    412, 410, 408, 410, 408, 411, 412, 410, 408, 409, 410, 410, 412, 412,
    412, 412, 409, 412, 408, 409, 412, 409, 409, 409, 409, 410, 408, 408,
    409, 409, 412, 411, 409, 412, 409, 411, 408, 410, 412, 411, 409, 411,
    409, 410, 412, 412, 410, 408, 410, 409, 409, 411 ]
LHandPositionsY: [ 261, 258, 259, 257, 259, 259, 261, 261, 258, 261, 261,
    259, 257, 258, 261, 259, 259, 260, 261, 259, 257, 258, 260, 261, 258,
    260, 259, 257, 260, 257, 261, 259, 258, 260, 259, 260, 257, 258, 260,
    259, 261, 259, 260, 257, 259, 257, 260, 261, 261, 261, 257, 257, 259,
    257, 257, 257, 261, 258, 258, 258, 259, 258, 260, 259, 258, 261, 258,
    260, 260, 261, 261, 260, 259, 258, 259, 260, 258, 258, 257, 261, 260,
    261, 260, 258, 259, 261, 258, 259, 257, 260, 260 ]
RHandPositionsX: [ 176, 174, 175, 176, 174, 175, 174, 174, 177, 173, 172,
    175, 173, 175, 174, 174, 171, 175, 172, 174, 170, 172, 173, 176, 174,
    178, 182, 180, 172, 163, 151, 156, 156, 161, 164, 175, 190, 199, 190,
    180, 177, 174, 172, 167, 178, 177, 189, 181, 178, 171, 169, 168, 167,
    176, 180, 188, 183, 177, 174, 171, 166, 167, 175, 191, 193, 190, 184,
    179, 180, 179, 182, 178, 187, 193, 195, 189, 181, 174, 169, 172, 175,
    178, 184, 185, 188, 190, 185, 177, 179, 178, 178 ]
RHandPositionsY: [ 259, 258, 261, 259, 262, 260, 262, 260, 260, 259, 261,
    259, 261, 258, 258, 259, 261, 260, 262, 260, 262, 259, 259, 258, 257,
    249, 231, 206, 180, 156, 132, 129, 105, 92, 89, 90, 92, 94, 89, 86,
    81, 77, 79, 81, 86, 86, 82, 81, 78, 72, 76, 76, 81, 85, 87, 89, 90,
    84, 85, 83, 84, 84, 87, 90, 92, 94, 88, 85, 84, 82, 85, 87, 89, 89,
    93, 90, 89, 87, 85, 94, 113, 132, 155, 182, 203, 222, 226, 234, 244,
    250, 246 ]
