%YAML:1.0
---
videoName: "RHShake11.mp4"
gestureLabel: 2
fps: 29
pixelSizeInCmTemp: 3.3263888888888887e-01
faceCenterPointX: 274
faceCenterPointY: 53
LHandPositionsX: [ 310, 307, 308, 307, 308, 308, 309, 308, 311, 307, 310,
    307, 311, 307, 307, 310, 308, 311, 308, 307, 308, 310, 307, 308, 307,
    309, 310, 308, 311, 310, 310, 309, 311, 308, 311, 310, 311, 309, 310,
    310, 309, 308, 310, 308, 311, 308, 311, 310, 307, 311, 307, 309, 308,
    308, 309, 310, 309, 309, 310, 308, 310, 309, 307, 310, 311, 307, 308,
    307, 307, 310, 307, 311, 311, 307, 310, 309, 306, 306, 306, 303, 304,
    303, 305, 305, 307, 303, 304, 306 ]
LHandPositionsY: [ 247, 246, 248, 248, 246, 245, 248, 245, 248, 248, 247,
    247, 249, 245, 247, 245, 247, 249, 247, 249, 247, 245, 249, 246, 246,
    248, 246, 248, 245, 245, 248, 245, 248, 245, 249, 247, 249, 245, 249,
    246, 247, 249, 248, 248, 249, 248, 246, 246, 248, 249, 245, 249, 245,
    248, 246, 249, 249, 245, 246, 249, 247, 247, 245, 247, 247, 245, 247,
    248, 248, 246, 248, 247, 247, 247, 244, 246, 245, 246, 243, 247, 244,
    246, 244, 244, 246, 247, 244, 245 ]
RHandPositionsX: [ 250, 250, 247, 244, 236, 228, 209, 190, 175, 160, 145,
    142, 144, 144, 151, 159, 160, 163, 168, 173, 169, 165, 158, 155, 152,
    154, 162, 164, 166, 168, 169, 167, 162, 161, 157, 156, 156, 151, 160,
    166, 171, 169, 170, 171, 166, 158, 156, 157, 157, 158, 162, 174, 174,
    177, 177, 176, 173, 167, 167, 167, 162, 158, 163, 167, 173, 183, 192,
    205, 219, 230, 238, 248, 256, 260, 264, 260, 259, 260, 260, 260, 259,
    259, 261, 259, 262, 258, 262, 260 ]
RHandPositionsY: [ 248, 249, 246, 240, 233, 221, 208, 189, 177, 159, 144,
    128, 127, 114, 103, 101, 104, 107, 104, 102, 103, 102, 98, 95, 97,
    93, 96, 98, 99, 100, 101, 100, 100, 98, 93, 97, 97, 97, 99, 106, 105,
    102, 104, 105, 105, 105, 100, 101, 99, 96, 101, 108, 107, 109, 108,
    107, 104, 101, 99, 99, 100, 101, 102, 106, 119, 130, 141, 155, 171,
    188, 203, 213, 222, 230, 236, 238, 235, 240, 240, 240, 241, 240, 241,
    238, 238, 241, 242, 239 ]
