%YAML:1.0
---
videoName: "RHShake14.mp4"
gestureLabel: 2
fps: 30
pixelSizeInCmTemp: 3.2808219178082193e-01
faceCenterPointX: 277
faceCenterPointY: 42
LHandPositionsX: [ 377, 378, 376, 379, 378, 379, 379, 375, 379, 379, 377,
    374, 376, 376, 373, 375, 375, 374, 375, 372, 376, 373, 376, 373, 376,
    374, 376, 372, 372, 375, 372, 375, 376, 373, 374, 372, 373, 376, 375,
    374, 376, 375, 375, 373, 375, 375, 373, 373, 373, 375, 376, 374, 375,
    372, 376, 374, 375, 373, 375, 375, 372, 374, 373, 374, 376, 375, 372,
    375, 376, 374, 372, 372, 374, 375, 374, 374, 372, 374, 373, 375, 373,
    375, 372, 372, 374, 373, 373, 373, 373, 372, 376 ]
LHandPositionsY: [ 229, 232, 232, 231, 229, 229, 231, 232, 230, 232, 230,
    232, 233, 231, 230, 230, 232, 229, 229, 233, 230, 232, 230, 229, 232,
    233, 232, 231, 230, 233, 229, 233, 230, 232, 231, 233, 233, 231, 232,
    229, 233, 229, 230, 229, 231, 230, 230, 233, 233, 230, 231, 229, 232,
    230, 229, 229, 233, 231, 232, 231, 230, 233, 230, 229, 231, 229, 229,
    230, 230, 231, 229, 229, 229, 231, 232, 233, 229, 233, 233, 233, 230,
    230, 231, 229, 232, 231, 232, 231, 233, 230, 229 ]
RHandPositionsX: [ 170, 172, 172, 170, 171, 170, 173, 174, 171, 172, 174,
    171, 174, 172, 172, 174, 173, 170, 170, 170, 174, 171, 172, 173, 169,
    170, 167, 167, 160, 151, 134, 128, 124, 118, 117, 121, 127, 132, 135,
    141, 142, 148, 146, 145, 145, 146, 148, 151, 155, 162, 159, 155, 151,
    151, 156, 155, 159, 170, 166, 163, 157, 157, 156, 156, 156, 162, 166,
    169, 176, 179, 178, 176, 176, 178, 175, 171, 178, 177, 174, 173, 171,
    170, 171, 174, 172, 170, 172, 170, 172, 174, 171 ]
RHandPositionsY: [ 243, 239, 240, 241, 241, 241, 242, 241, 241, 240, 241,
    242, 243, 243, 242, 241, 241, 242, 240, 241, 240, 242, 239, 243, 241,
    246, 245, 232, 213, 196, 172, 155, 133, 118, 113, 109, 102, 109, 116,
    118, 115, 106, 96, 91, 88, 84, 83, 84, 84, 80, 78, 77, 77, 76, 75,
    78, 78, 82, 81, 78, 78, 76, 74, 76, 77, 84, 88, 104, 121, 131, 148,
    159, 169, 181, 192, 193, 198, 203, 214, 218, 218, 220, 222, 228, 232,
    233, 231, 232, 233, 237, 238 ]
