%YAML:1.0
---
videoName: "RHShake23.mp4"
gestureLabel: 2
fps: 29
pixelSizeInCmTemp: 3.3263888888888887e-01
faceCenterPointX: 298
faceCenterPointY: 49
LHandPositionsX: [ 389, 390, 391, 389, 387, 391, 387, 390, 390, 390, 390,
    389, 389, 387, 387, 387, 391, 389, 388, 388, 389, 388, 387, 389, 390,
    390, 390, 389, 387, 390, 387, 387, 390, 389, 389, 389, 390, 388, 388,
    387, 388, 388, 390, 390, 387, 391, 389, 388, 388, 390, 390, 387, 391,
    387, 390, 388, 387, 390, 391, 388, 390, 388, 389, 387, 391, 389, 387,
    388, 387, 387, 391, 389, 390, 388, 391, 387, 388, 389, 387, 387, 387,
    388, 388, 390, 388, 391, 387, 390 ]
LHandPositionsY: [ 227, 225, 227, 228, 227, 227, 228, 226, 226, 225, 224,
    227, 226, 228, 224, 226, 228, 228, 225, 226, 226, 226, 228, 227, 226,
    225, 227, 226, 225, 225, 227, 228, 227, 224, 224, 227, 227, 227, 224,
    225, 226, 227, 228, 224, 227, 224, 226, 226, 224, 224, 224, 228, 228,
    228, 225, 226, 225, 228, 226, 226, 225, 228, 224, 228, 226, 226, 225,
    226, 226, 226, 227, 227, 225, 224, 228, 226, 226, 227, 225, 227, 228,
    228, 224, 226, 225, 226, 225, 226 ]
RHandPositionsX: [ 171, 170, 175, 190, 191, 189, 193, 187, 183, 179, 175,
    174, 174, 181, 189, 199, 198, 198, 198, 194, 186, 182, 175, 175, 173,
    171, 171, 178, 191, 203, 199, 201, 201, 196, 191, 185, 184, 182, 181,
    181, 185, 200, 199, 201, 206, 203, 199, 189, 182, 178, 174, 179, 182,
    186, 193, 198, 207, 208, 207, 210, 208, 211, 211, 208, 210, 209, 208,
    207, 205, 203, 206, 204, 205, 203, 204, 202, 201, 201, 202, 202, 202,
    200, 201, 198, 200, 198, 200, 197 ]
RHandPositionsY: [ 98, 94, 97, 112, 115, 113, 118, 113, 103, 101, 98,
    101, 99, 104, 115, 121, 121, 125, 125, 110, 100, 103, 100, 101, 100,
    94, 97, 99, 117, 123, 121, 125, 122, 108, 104, 104, 104, 104, 99,
    103, 114, 123, 119, 122, 128, 125, 124, 106, 108, 108, 105, 104, 103,
    117, 127, 136, 143, 149, 152, 154, 159, 168, 175, 180, 190, 199, 210,
    217, 213, 214, 216, 219, 220, 222, 226, 228, 226, 226, 226, 226, 224,
    228, 225, 227, 227, 224, 228, 224 ]
