%YAML:1.0
---
videoName: "RHShake13.mp4"
gestureLabel: 2
fps: 30
pixelSizeInCmTemp: 3.2808219178082193e-01
faceCenterPointX: 278
faceCenterPointY: 45
LHandPositionsX: [ 309, 305, 305, 307, 307, 307, 308, 306, 308, 306, 305,
    308, 307, 306, 307, 308, 305, 305, 307, 308, 305, 305, 306, 306, 306,
    305, 306, 306, 306, 306, 308, 307, 308, 305, 308, 307, 309, 308, 309,
    308, 305, 307, 307, 307, 306, 308, 307, 306, 305, 306, 308, 306, 306,
    308, 309, 309, 305, 306, 305, 306, 306, 309, 307, 306, 305, 305, 307,
    305, 307, 306, 307, 305, 308, 306, 307, 306, 307, 309, 308, 305, 303,
    301, 304, 303, 306, 305, 305, 306, 307, 306, 304 ]
LHandPositionsY: [ 242, 246, 246, 241, 241, 245, 245, 245, 245, 245, 241,
    243, 242, 244, 242, 241, 241, 240, 240, 243, 241, 239, 243, 239, 239,
    239, 242, 241, 241, 241, 243, 239, 242, 240, 241, 239, 241, 238, 240,
    239, 238, 240, 242, 240, 239, 240, 239, 240, 240, 238, 242, 240, 242,
    241, 240, 242, 239, 238, 239, 242, 239, 240, 240, 241, 238, 240, 242,
    239, 241, 241, 240, 238, 241, 240, 239, 238, 233, 236, 232, 231, 235,
    235, 232, 237, 237, 239, 245, 244, 245, 245, 244 ]
RHandPositionsX: [ 168, 153, 140, 142, 144, 142, 145, 140, 145, 147, 148,
    145, 143, 134, 136, 138, 141, 140, 144, 144, 139, 131, 129, 129, 129,
    133, 136, 136, 138, 137, 136, 132, 130, 131, 128, 134, 138, 138, 137,
    136, 134, 136, 136, 135, 140, 145, 148, 149, 146, 144, 144, 136, 136,
    137, 138, 141, 141, 143, 143, 135, 133, 134, 128, 132, 139, 142, 143,
    146, 152, 161, 169, 178, 187, 201, 214, 224, 235, 245, 254, 251, 249,
    255, 257, 260, 259, 260, 258, 260, 259, 259, 260 ]
RHandPositionsY: [ 155, 136, 120, 120, 115, 108, 104, 102, 100, 93, 91,
    88, 87, 89, 87, 86, 85, 89, 87, 87, 86, 88, 85, 87, 84, 87, 88, 92,
    90, 91, 91, 87, 88, 88, 89, 89, 94, 94, 92, 91, 92, 90, 87, 89, 89,
    93, 94, 96, 94, 92, 93, 95, 94, 93, 98, 100, 99, 101, 100, 100, 97,
    96, 96, 98, 98, 106, 108, 112, 118, 125, 135, 144, 154, 167, 179,
    189, 198, 209, 215, 216, 216, 221, 229, 233, 234, 239, 240, 241, 238,
    238, 241 ]
