%YAML:1.0
---
videoName: "RHShake07.mp4"
gestureLabel: 2
fps: 29
pixelSizeInCmTemp: 3.2364864864864862e-01
faceCenterPointX: 292
faceCenterPointY: 44
LHandPositionsX: [ 309, 308, 306, 310, 307, 307, 310, 308, 308, 307, 308,
    312, 310, 312, 313, 312, 314, 311, 310, 314, 311, 313, 311, 312, 313,
    310, 312, 311, 312, 312, 314, 313, 316, 315, 312, 311, 313, 315, 314,
    313, 312, 315, 313, 316, 312, 312, 312, 314, 316, 312, 316, 316, 313,
    315, 314, 313, 312, 312, 312, 314, 316, 316, 314, 315, 314, 315, 315,
    316, 313, 315, 314, 315, 316, 313, 317, 317, 313, 313, 314, 314, 309,
    311, 308, 308, 309, 308, 310, 311 ]
LHandPositionsY: [ 271, 267, 271, 269, 269, 267, 267, 271, 271, 275, 273,
    271, 271, 269, 269, 270, 270, 270, 271, 268, 268, 268, 268, 271, 271,
    270, 267, 268, 269, 267, 268, 268, 270, 267, 269, 269, 271, 267, 270,
    267, 270, 271, 269, 270, 271, 268, 268, 267, 267, 268, 269, 268, 267,
    270, 271, 271, 269, 267, 269, 270, 268, 268, 270, 270, 271, 269, 267,
    267, 271, 269, 269, 266, 267, 267, 266, 266, 270, 268, 272, 269, 272,
    273, 271, 275, 275, 272, 271, 274 ]
RHandPositionsX: [ 266, 264, 264, 263, 265, 266, 265, 267, 264, 271, 268,
    265, 256, 238, 215, 198, 178, 160, 155, 156, 159, 153, 159, 160, 165,
    182, 191, 182, 177, 170, 168, 165, 181, 182, 184, 186, 180, 177, 169,
    170, 171, 173, 183, 182, 188, 182, 177, 173, 168, 166, 168, 184, 187,
    199, 192, 186, 184, 179, 169, 168, 166, 164, 172, 172, 174, 185, 176,
    177, 171, 167, 158, 169, 176, 194, 215, 229, 245, 257, 272, 275, 273,
    272, 268, 267, 262, 263, 266, 264 ]
RHandPositionsY: [ 253, 253, 253, 253, 253, 251, 255, 251, 257, 257, 251,
    240, 229, 217, 202, 184, 169, 153, 136, 133, 128, 112, 119, 127, 126,
    116, 104, 100, 92, 91, 87, 88, 107, 105, 102, 100, 95, 94, 95, 91,
    90, 96, 98, 100, 99, 95, 96, 93, 90, 88, 82, 89, 95, 102, 98, 95, 96,
    90, 92, 89, 87, 90, 93, 92, 93, 91, 86, 86, 90, 88, 95, 120, 139,
    148, 167, 184, 205, 229, 234, 244, 242, 249, 252, 252, 251, 255, 257,
    258 ]
