%YAML:1.0
---
videoName: "RHShake21.mp4"
gestureLabel: 2
fps: 29
pixelSizeInCmTemp: 3.3732394366197183e-01
faceCenterPointX: 293
faceCenterPointY: 47
LHandPositionsX: [ 394, 396, 397, 396, 397, 395, 395, 397, 398, 396, 398,
    396, 397, 398, 395, 398, 396, 395, 395, 398, 396, 396, 395, 396, 395,
    397, 395, 397, 395, 395, 394, 398, 395, 396, 396, 397, 397, 394, 394,
    397, 394, 394, 394, 398, 398, 395, 397, 396, 395, 396, 395, 397, 396,
    397, 395, 396, 396, 395, 394, 395, 397, 396, 395, 397, 398, 394, 395,
    397, 394, 398, 396, 398, 396, 395, 396, 396, 395, 396, 398, 395, 394,
    395, 394, 396, 394, 396, 396, 396 ]
LHandPositionsY: [ 239, 240, 239, 239, 241, 240, 242, 238, 239, 242, 239,
    240, 239, 241, 242, 241, 241, 242, 238, 239, 241, 242, 239, 241, 239,
    241, 240, 242, 239, 242, 239, 240, 238, 242, 238, 239, 239, 241, 242,
    241, 238, 241, 238, 238, 240, 242, 239, 239, 240, 241, 238, 239, 238,
    240, 242, 240, 241, 238, 241, 240, 238, 242, 241, 238, 238, 241, 238,
    238, 241, 241, 241, 241, 239, 241, 242, 240, 240, 240, 239, 238, 238,
    242, 242, 239, 239, 238, 239, 242 ]
RHandPositionsX: [ 135, 139, 143, 146, 145, 147, 142, 140, 136, 132, 135,
    139, 144, 150, 147, 148, 146, 143, 137, 138, 135, 133, 137, 146, 148,
    148, 150, 151, 146, 142, 141, 138, 138, 140, 139, 147, 151, 150, 151,
    146, 142, 138, 137, 135, 136, 141, 146, 146, 152, 149, 147, 143, 137,
    133, 135, 133, 140, 147, 156, 161, 169, 176, 175, 180, 183, 183, 187,
    188, 185, 187, 192, 191, 189, 188, 190, 186, 188, 189, 189, 185, 188,
    188, 188, 189, 189, 187, 186, 185 ]
RHandPositionsY: [ 83, 89, 86, 89, 90, 85, 84, 80, 82, 83, 81, 84, 88,
    89, 89, 92, 91, 86, 85, 87, 87, 81, 80, 87, 87, 90, 91, 92, 91, 86,
    85, 84, 83, 87, 86, 91, 94, 95, 94, 91, 86, 86, 89, 87, 86, 91, 98,
    95, 100, 97, 97, 94, 93, 94, 94, 92, 96, 106, 115, 125, 140, 152,
    150, 153, 161, 170, 177, 192, 201, 207, 217, 213, 222, 226, 226, 226,
    226, 228, 231, 227, 231, 228, 227, 227, 229, 230, 229, 231 ]
