%YAML:1.0
---
videoName: "RHShake00.mp4"
gestureLabel: 2
fps: 29
pixelSizeInCmTemp: 3.4710144927536229e-01
faceCenterPointX: 283
faceCenterPointY: 97
LHandPositionsX: [ 345, 342, 342, 346, 344, 345, 342, 346, 345, 342, 344,
    345, 345, 345, 346, 342, 344, 343, 342, 344, 346, 346, 346, 343, 343,
    343, 344, 344, 342, 342, 342, 346, 342, 346, 342, 346, 342, 346, 344,
    346, 343, 342, 344, 342, 346, 343, 345, 342, 343, 345, 345, 344, 342,
    344, 344, 342, 342, 345, 343, 343, 345, 344, 343, 346, 345, 342, 346,
    346, 346, 344, 344, 346, 345, 345, 343, 345, 343, 345, 346, 345, 342,
    342, 345, 346, 342, 344, 345, 343 ]
LHandPositionsY: [ 274, 275, 276, 275, 275, 275, 275, 275, 276, 274, 276,
    273, 272, 275, 274, 276, 273, 274, 273, 276, 276, 272, 273, 276, 272,
    272, 275, 276, 272, 274, 273, 275, 274, 272, 272, 276, 272, 272, 275,
    273, 272, 273, 276, 275, 276, 274, 274, 273, 273, 273, 273, 272, 272,
    272, 276, 275, 276, 275, 272, 275, 272, 275, 275, 275, 274, 275, 274,
    275, 273, 272, 274, 276, 272, 275, 276, 274, 274, 276, 273, 276, 274,
    274, 274, 273, 272, 272, 275, 274 ]
RHandPositionsX: [ 179, 175, 165, 157, 150, 146, 145, 142, 144, 140, 144,
    145, 150, 165, 168, 166, 169, 168, 164, 160, 154, 151, 147, 148, 154,
    165, 166, 166, 167, 166, 155, 151, 148, 147, 152, 156, 162, 160, 162,
    164, 163, 156, 149, 145, 137, 147, 147, 151, 153, 154, 157, 163, 155,
    152, 146, 146, 145, 149, 157, 159, 163, 160, 168, 163, 156, 151, 148,
    142, 140, 148, 148, 155, 155, 161, 165, 169, 172, 172, 177, 179, 183,
    185, 191, 193, 192, 197, 196, 195 ]
RHandPositionsY: [ 258, 250, 241, 217, 202, 189, 175, 168, 158, 151, 144,
    135, 133, 136, 138, 141, 133, 131, 126, 125, 124, 121, 118, 119, 126,
    134, 134, 133, 137, 133, 128, 126, 128, 123, 134, 135, 138, 138, 140,
    139, 138, 136, 131, 133, 127, 133, 131, 135, 138, 138, 139, 138, 133,
    129, 131, 129, 132, 130, 140, 143, 146, 144, 147, 148, 140, 137, 140,
    135, 140, 147, 157, 162, 170, 177, 181, 188, 197, 204, 215, 219, 229,
    238, 243, 250, 252, 260, 261, 261 ]
