%YAML:1.0
---
videoName: "RHShake14.mp4"
gestureLabel: 2
fps: 30
pixelSizeInCmTemp: 3.2808219178082193e-01
faceCenterPointX: 277
faceCenterPointY: 42
LHandPositionsX: [ 377, 377, 379, 379, 378, 378, 377, 378, 379, 378, 377,
    374, 375, 374, 377, 375, 376, 377, 372, 376, 374, 374, 376, 376, 373,
    376, 376, 374, 376, 374, 372, 375, 376, 373, 374, 375, 374, 376, 372,
    372, 376, 375, 374, 373, 376, 373, 372, 372, 373, 373, 376, 376, 373,
    372, 372, 372, 375, 373, 375, 375, 374, 374, 372, 374, 374, 372, 374,
    374, 372, 373, 375, 372, 375, 372, 375, 374, 373, 376, 372, 374, 375,
    375, 374, 372, 376, 372, 375, 375, 376, 373, 372 ]
LHandPositionsY: [ 229, 230, 232, 230, 233, 230, 231, 233, 233, 230, 233,
    230, 232, 233, 231, 231, 233, 232, 233, 230, 229, 230, 229, 231, 229,
    233, 231, 229, 231, 231, 231, 231, 230, 229, 232, 232, 231, 231, 229,
    232, 233, 232, 232, 233, 229, 233, 229, 231, 232, 229, 233, 231, 229,
    230, 231, 229, 233, 232, 232, 230, 232, 229, 232, 233, 233, 233, 230,
    233, 232, 233, 231, 232, 232, 231, 230, 231, 230, 231, 229, 229, 231,
    232, 229, 233, 233, 230, 229, 230, 231, 229, 229 ]
RHandPositionsX: [ 170, 170, 174, 172, 174, 173, 174, 174, 174, 174, 172,
    171, 173, 172, 170, 171, 173, 174, 172, 172, 174, 170, 174, 173, 172,
    173, 171, 171, 159, 147, 135, 128, 122, 118, 115, 123, 127, 133, 133,
    137, 144, 148, 147, 141, 148, 148, 148, 152, 155, 160, 160, 157, 152,
    149, 156, 155, 162, 170, 170, 165, 156, 157, 157, 159, 156, 162, 163,
    169, 174, 176, 179, 179, 178, 178, 174, 173, 179, 180, 177, 174, 171,
    171, 172, 170, 172, 170, 172, 174, 173, 172, 171 ]
RHandPositionsY: [ 243, 239, 239, 243, 241, 243, 242, 242, 240, 239, 241,
    240, 243, 241, 242, 241, 240, 241, 243, 243, 241, 243, 239, 240, 240,
    246, 244, 235, 214, 193, 174, 154, 137, 115, 115, 110, 106, 108, 116,
    114, 117, 107, 97, 92, 89, 84, 87, 85, 85, 82, 78, 80, 79, 75, 78,
    78, 79, 83, 78, 79, 80, 79, 76, 75, 81, 81, 87, 107, 121, 134, 145,
    159, 171, 182, 195, 193, 200, 201, 211, 215, 217, 224, 224, 226, 232,
    234, 234, 233, 234, 237, 234 ]
