%YAML:1.0
---
videoName: "RHShake05.mp4"
gestureLabel: 2
fps: 30
pixelSizeInCmTemp: 3.1103896103896100e-01
faceCenterPointX: 295
faceCenterPointY: 47
LHandPositionsX: [ 410, 408, 409, 409, 410, 408, 411, 409, 409, 410, 411,
    408, 410, 409, 412, 411, 412, 408, 411, 410, 409, 410, 412, 409, 411,
    408, 409, 410, 410, 411, 411, 411, 411, 408, 412, 412, 412, 409, 411,
    410, 410, 410, 408, 409, 408, 408, 410, 409, 411, 411, 410, 408, 411,
    412, 409, 408, 412, 410, 412, 411, 411, 408, 408, 411, 411, 412, 409,
    409, 410, 411, 412, 411, 408, 408, 408, 411, 411, 412, 411, 410, 411,
    410, 410, 409, 408, 408, 409, 412, 412, 412, 409 ]
LHandPositionsY: [ 257, 257, 260, 257, 259, 260, 258, 259, 260, 260, 259,
    261, 260, 260, 260, 260, 257, 257, 257, 261, 261, 261, 258, 258, 259,
    258, 258, 260, 258, 257, 259, 260, 259, 260, 260, 258, 261, 258, 259,
    259, 259, 257, 259, 261, 257, 259, 257, 258, 258, 258, 257, 261, 260,
    261, 260, 261, 260, 261, 259, 258, 260, 260, 261, 259, 260, 258, 259,
    260, 259, 258, 259, 257, 259, 259, 258, 260, 258, 257, 258, 258, 261,
    259, 260, 260, 257, 260, 260, 257, 258, 261, 260 ]
RHandPositionsX: [ 176, 176, 174, 174, 176, 173, 174, 175, 176, 173, 174,
    176, 174, 173, 175, 172, 172, 173, 173, 170, 174, 173, 170, 176, 175,
    176, 179, 179, 171, 166, 150, 154, 156, 157, 163, 174, 190, 201, 192,
    183, 173, 172, 170, 171, 175, 176, 190, 184, 179, 174, 171, 167, 167,
    174, 178, 188, 185, 177, 171, 170, 167, 171, 175, 191, 193, 194, 188,
    183, 180, 182, 182, 181, 190, 193, 197, 191, 182, 172, 172, 173, 172,
    178, 184, 183, 192, 189, 182, 177, 180, 177, 178 ]
RHandPositionsY: [ 261, 258, 259, 262, 258, 258, 262, 261, 260, 262, 261,
    262, 258, 261, 262, 258, 262, 261, 260, 260, 260, 261, 260, 260, 256,
    251, 233, 206, 181, 156, 131, 130, 107, 93, 86, 92, 93, 92, 91, 85,
    83, 80, 80, 82, 87, 87, 82, 79, 78, 72, 73, 75, 77, 86, 83, 90, 88,
    83, 86, 83, 81, 85, 86, 94, 95, 93, 87, 86, 82, 82, 83, 88, 89, 92,
    90, 89, 91, 88, 86, 95, 109, 131, 158, 182, 203, 223, 227, 236, 243,
    250, 248 ]
