%YAML:1.0
---
videoName: "RHShake00.mp4"
gestureLabel: 2
fps: 29
pixelSizeInCmTemp: 3.4710144927536229e-01
faceCenterPointX: 283
faceCenterPointY: 97
LHandPositionsX: [ 343, 342, 342, 344, 343, 343, 342, 345, 345, 343, 344,
    342, 343, 342, 346, 342, 342, 345, 345, 346, 343, 346, 346, 345, 344,
    345, 342, 346, 342, 343, 345, 342, 344, 345, 346, 345, 345, 343, 342,
    344, 345, 346, 342, 345, 346, 346, 346, 345, 346, 345, 342, 345, 346,
    345, 342, 343, 346, 344, 343, 343, 344, 346, 344, 344, 343, 345, 343,
    346, 345, 342, 345, 344, 344, 346, 342, 345, 346, 345, 345, 342, 344,
    344, 346, 342, 345, 346, 344, 343 ]
LHandPositionsY: [ 273, 276, 272, 273, 276, 276, 274, 274, 273, 272, 276,
    273, 274, 272, 273, 274, 275, 276, 274, 275, 274, 274, 272, 273, 273,
    276, 273, 273, 274, 273, 273, 273, 276, 276, 274, 274, 275, 272, 276,
    274, 272, 274, 272, 272, 273, 272, 275, 276, 276, 272, 275, 276, 272,
    272, 276, 275, 275, 272, 272, 273, 274, 273, 272, 276, 272, 276, 274,
    276, 276, 272, 274, 272, 273, 276, 276, 276, 273, 275, 272, 274, 272,
    275, 274, 276, 276, 275, 276, 272 ]
RHandPositionsX: [ 177, 173, 167, 153, 147, 145, 147, 145, 145, 142, 142,
    149, 149, 169, 165, 163, 167, 165, 165, 161, 155, 150, 150, 149, 152,
    166, 166, 166, 169, 162, 158, 148, 151, 145, 149, 154, 163, 164, 166,
    163, 161, 155, 151, 141, 137, 148, 148, 153, 153, 156, 160, 163, 155,
    152, 143, 147, 144, 147, 153, 163, 159, 164, 167, 162, 157, 150, 147,
    144, 144, 148, 150, 152, 158, 161, 164, 169, 170, 172, 178, 179, 183,
    189, 189, 189, 192, 194, 196, 199 ]
RHandPositionsY: [ 259, 252, 242, 220, 200, 185, 176, 169, 160, 148, 144,
    137, 132, 133, 140, 139, 136, 129, 126, 125, 121, 121, 118, 120, 127,
    132, 136, 132, 135, 130, 128, 127, 128, 124, 131, 134, 140, 140, 141,
    136, 138, 134, 132, 130, 128, 136, 134, 136, 137, 140, 136, 139, 132,
    131, 130, 132, 133, 132, 140, 147, 145, 147, 149, 145, 140, 138, 138,
    138, 143, 149, 156, 160, 167, 175, 180, 189, 196, 205, 215, 219, 228,
    234, 241, 248, 255, 259, 262, 260 ]
