%YAML:1.0
---
videoName: "RHShake08.mp4"
gestureLabel: 2
fps: 29
pixelSizeInCmTemp: 3.2808219178082193e-01
faceCenterPointX: 290
faceCenterPointY: 45
LHandPositionsX: [ 313, 315, 316, 314, 313, 315, 316, 316, 315, 309, 308,
    313, 311, 310, 309, 309, 311, 310, 310, 309, 310, 309, 308, 308, 306,
    309, 310, 307, 307, 308, 308, 306, 306, 310, 308, 309, 306, 309, 309,
    308, 307, 309, 309, 308, 307, 306, 306, 309, 305, 309, 306, 307, 306,
    308, 307, 306, 308, 308, 307, 308, 306, 307, 309, 305, 308, 306, 308,
    307, 307, 307, 309, 306, 308, 309, 305, 306, 308, 309, 309, 308, 309,
    309, 308, 309, 310, 307, 309, 311 ]
LHandPositionsY: [ 280, 282, 280, 282, 279, 282, 280, 284, 282, 283, 281,
    282, 285, 282, 283, 284, 284, 282, 285, 284, 282, 285, 281, 285, 281,
    284, 281, 284, 282, 282, 282, 281, 285, 285, 284, 282, 285, 285, 283,
    282, 283, 281, 282, 283, 283, 282, 281, 282, 283, 282, 283, 283, 284,
    280, 284, 281, 282, 284, 282, 282, 283, 284, 280, 282, 284, 281, 282,
    280, 280, 280, 280, 283, 281, 281, 283, 283, 283, 282, 284, 282, 283,
    280, 282, 283, 280, 281, 282, 282 ]
RHandPositionsX: [ 267, 271, 270, 271, 272, 269, 271, 277, 268, 259, 261,
    257, 252, 235, 218, 202, 185, 162, 156, 160, 165, 173, 198, 198, 203,
    198, 192, 190, 181, 181, 189, 191, 206, 198, 197, 195, 186, 181, 177,
    179, 191, 188, 189, 184, 183, 180, 174, 171, 176, 180, 186, 189, 190,
    186, 191, 190, 190, 201, 204, 217, 213, 206, 205, 198, 196, 197, 203,
    204, 214, 210, 212, 218, 224, 231, 238, 249, 249, 262, 263, 263, 266,
    268, 270, 272, 273, 273, 275, 270 ]
RHandPositionsY: [ 270, 269, 269, 268, 269, 268, 269, 267, 265, 261, 256,
    242, 233, 219, 201, 184, 174, 151, 130, 127, 116, 109, 106, 104, 110,
    102, 101, 95, 93, 92, 88, 91, 95, 96, 93, 90, 89, 87, 89, 89, 91, 92,
    92, 94, 87, 87, 85, 86, 90, 93, 97, 96, 100, 96, 95, 91, 89, 94, 97,
    97, 98, 97, 96, 91, 96, 93, 94, 101, 107, 106, 114, 125, 133, 144,
    158, 176, 194, 215, 226, 247, 260, 262, 258, 258, 260, 265, 266, 265 ]
