%YAML:1.0
---
videoName: "RHShake14.mp4"
gestureLabel: 2
fps: 30
pixelSizeInCmTemp: 3.2808219178082193e-01
faceCenterPointX: 277
faceCenterPointY: 42
LHandPositionsX: [ 377, 379, 379, 378, 375, 376, 379, 376, 379, 377, 377,
    377, 376, 377, 376, 377, 376, 373, 373, 374, 373, 376, 375, 376, 376,
    372, 372, 375, 372, 376, 375, 375, 373, 372, 373, 373, 376, 373, 375,
    373, 375, 376, 373, 373, 372, 374, 374, 372, 372, 372, 375, 375, 373,
    376, 376, 373, 376, 374, 372, 374, 373, 376, 374, 375, 375, 373, 375,
    376, 374, 372, 373, 372, 372, 372, 373, 373, 373, 375, 375, 372, 372,
    372, 376, 372, 372, 376, 375, 375, 374, 375, 373 ]
LHandPositionsY: [ 232, 233, 231, 232, 231, 229, 229, 233, 229, 232, 231,
    229, 230, 229, 233, 229, 230, 232, 232, 232, 232, 231, 231, 232, 233,
    230, 231, 233, 230, 231, 233, 229, 233, 232, 232, 232, 232, 230, 232,
    231, 232, 230, 230, 230, 233, 230, 232, 230, 232, 230, 232, 229, 229,
    233, 229, 232, 231, 229, 231, 233, 231, 232, 232, 229, 233, 231, 231,
    230, 233, 232, 231, 233, 231, 231, 233, 232, 231, 231, 231, 230, 231,
    233, 232, 229, 229, 229, 231, 229, 231, 233, 233 ]
RHandPositionsX: [ 174, 174, 174, 174, 170, 172, 174, 171, 170, 170, 172,
    174, 174, 170, 174, 171, 171, 172, 173, 171, 171, 174, 174, 171, 173,
    171, 168, 168, 159, 151, 138, 127, 121, 114, 117, 122, 125, 130, 133,
    141, 145, 147, 143, 141, 145, 146, 151, 153, 155, 163, 160, 156, 153,
    153, 158, 156, 159, 168, 170, 161, 158, 155, 156, 155, 156, 166, 163,
    171, 174, 175, 176, 178, 177, 180, 175, 174, 176, 178, 177, 172, 174,
    172, 171, 172, 173, 173, 173, 173, 170, 171, 170 ]
RHandPositionsY: [ 243, 242, 239, 241, 239, 239, 243, 240, 240, 242, 239,
    239, 241, 241, 242, 243, 243, 243, 242, 239, 239, 239, 239, 240, 242,
    244, 243, 234, 214, 197, 172, 153, 134, 117, 114, 107, 102, 109, 115,
    118, 115, 104, 95, 93, 87, 86, 84, 83, 86, 82, 78, 78, 77, 77, 75,
    76, 79, 83, 81, 78, 79, 76, 77, 78, 81, 81, 84, 106, 118, 132, 147,
    157, 168, 183, 192, 195, 200, 202, 210, 215, 217, 220, 220, 230, 232,
    234, 235, 234, 236, 235, 235 ]
