%YAML:1.0
---
videoName: "RHShake04.mp4"
gestureLabel: 2
fps: 29
pixelSizeInCmTemp: 3.1513157894736843e-01
faceCenterPointX: 292
faceCenterPointY: 47
LHandPositionsX: [ 409, 409, 409, 410, 413, 411, 412, 410, 411, 411, 410,
    411, 409, 412, 409, 410, 411, 412, 411, 407, 410, 411, 409, 410, 406,
    409, 406, 406, 409, 409, 408, 405, 407, 405, 407, 406, 405, 409, 406,
    407, 408, 408, 405, 405, 408, 407, 406, 407, 407, 408, 406, 407, 405,
    406, 408, 408, 408, 408, 409, 407, 408, 408, 403, 405, 407, 405, 406,
    404, 402, 403, 406, 405, 406, 403, 405, 405, 402, 405, 403, 402, 402,
    403, 405, 401, 404, 401, 404, 402 ]
LHandPositionsY: [ 265, 264, 263, 264, 265, 262, 263, 264, 262, 262, 265,
    261, 261, 265, 263, 261, 263, 265, 262, 262, 262, 262, 263, 262, 263,
    262, 262, 261, 262, 263, 260, 263, 264, 260, 262, 264, 264, 264, 263,
    261, 264, 263, 261, 260, 264, 260, 261, 260, 262, 264, 261, 262, 261,
    261, 264, 260, 260, 264, 260, 264, 262, 259, 263, 263, 261, 262, 259,
    260, 258, 261, 260, 260, 262, 260, 261, 260, 262, 261, 262, 260, 260,
    258, 260, 261, 257, 260, 257, 257 ]
RHandPositionsX: [ 179, 181, 181, 181, 180, 180, 182, 177, 180, 180, 177,
    178, 180, 181, 176, 178, 177, 178, 175, 176, 177, 179, 179, 181, 179,
    176, 170, 166, 165, 165, 164, 167, 178, 190, 193, 191, 188, 181, 174,
    171, 167, 170, 172, 177, 180, 175, 179, 173, 168, 165, 164, 169, 175,
    176, 178, 176, 174, 170, 168, 169, 171, 175, 178, 184, 196, 188, 183,
    176, 171, 172, 168, 172, 170, 176, 184, 188, 192, 192, 190, 190, 186,
    187, 187, 180, 177, 176, 174, 173 ]
RHandPositionsY: [ 268, 264, 267, 268, 265, 262, 266, 263, 267, 267, 267,
    265, 266, 271, 269, 266, 271, 270, 268, 271, 272, 270, 265, 248, 225,
    196, 170, 149, 125, 122, 119, 103, 99, 102, 103, 103, 98, 94, 96, 93,
    92, 90, 97, 98, 98, 99, 95, 93, 93, 94, 94, 93, 99, 96, 98, 98, 98,
    97, 94, 92, 90, 97, 98, 98, 97, 93, 93, 96, 94, 95, 93, 95, 99, 105,
    120, 133, 144, 151, 165, 179, 193, 209, 222, 226, 234, 246, 247, 251 ]
