%YAML:1.0
---
videoName: "RHShake20.mp4"
gestureLabel: 2
fps: 29
pixelSizeInCmTemp: 3.3263888888888887e-01
faceCenterPointX: 286
faceCenterPointY: 45
LHandPositionsX: [ 391, 390, 391, 391, 393, 391, 390, 391, 390, 394, 391,
    394, 390, 393, 392, 393, 393, 393, 390, 393, 391, 394, 390, 392, 393,
    391, 394, 392, 393, 390, 390, 394, 392, 391, 390, 390, 393, 393, 391,
    393, 391, 392, 391, 392, 394, 394, 392, 390, 394, 394, 391, 391, 391,
    392, 390, 392, 393, 390, 392, 391, 391, 394, 394, 391, 390, 391, 394,
    390, 392, 391, 392, 390, 390, 390, 392, 391, 391, 393, 393, 393, 393,
    392, 392, 393, 390, 394, 390, 391 ]
LHandPositionsY: [ 243, 242, 246, 245, 245, 242, 242, 245, 240, 244, 243,
    242, 239, 240, 243, 243, 240, 241, 241, 240, 242, 239, 241, 240, 243,
    243, 239, 241, 240, 240, 243, 241, 242, 241, 240, 239, 242, 242, 239,
    242, 239, 240, 239, 239, 240, 242, 242, 243, 243, 242, 240, 240, 243,
    241, 242, 242, 242, 239, 241, 242, 241, 239, 241, 241, 239, 242, 240,
    242, 239, 241, 240, 240, 242, 239, 241, 241, 241, 239, 242, 242, 240,
    242, 242, 242, 240, 243, 241, 240 ]
RHandPositionsX: [ 164, 159, 162, 158, 152, 153, 154, 155, 159, 157, 160,
    161, 159, 153, 153, 153, 151, 152, 159, 159, 160, 162, 158, 154, 155,
    154, 149, 151, 161, 161, 164, 163, 156, 152, 155, 152, 153, 148, 157,
    164, 167, 166, 165, 160, 157, 152, 152, 150, 158, 162, 168, 165, 168,
    168, 170, 171, 162, 167, 163, 157, 165, 167, 175, 176, 183, 184, 184,
    184, 186, 183, 184, 183, 179, 180, 180, 177, 180, 177, 177, 179, 179,
    180, 179, 177, 180, 179, 180, 179 ]
RHandPositionsY: [ 110, 107, 102, 104, 101, 97, 99, 101, 100, 103, 100,
    102, 100, 98, 96, 98, 101, 103, 113, 114, 114, 113, 113, 111, 107,
    107, 105, 110, 117, 120, 118, 113, 113, 108, 109, 106, 106, 106, 114,
    121, 122, 122, 121, 119, 115, 113, 114, 110, 113, 115, 124, 124, 121,
    127, 125, 122, 117, 114, 111, 114, 117, 122, 132, 136, 144, 153, 168,
    178, 184, 191, 200, 209, 218, 228, 232, 233, 239, 238, 241, 244, 244,
    243, 245, 245, 244, 244, 245, 247 ]
