%YAML:1.0
---
videoName: "RHShake20.mp4"
gestureLabel: 2
fps: 29
pixelSizeInCmTemp: 3.3263888888888887e-01
faceCenterPointX: 286
faceCenterPointY: 45
LHandPositionsX: [ 391, 391, 393, 391, 390, 390, 393, 393, 393, 391, 394,
    390, 393, 390, 393, 391, 393, 390, 390, 392, 391, 394, 392, 393, 393,
    391, 392, 391, 390, 390, 392, 390, 392, 392, 392, 394, 390, 393, 392,
    393, 392, 391, 390, 391, 391, 392, 393, 392, 392, 392, 394, 391, 391,
    391, 393, 392, 391, 393, 394, 391, 391, 391, 391, 392, 393, 392, 390,
    394, 391, 391, 394, 393, 391, 393, 390, 392, 393, 391, 391, 390, 394,
    390, 390, 394, 393, 390, 391, 394 ]
LHandPositionsY: [ 247, 243, 246, 243, 242, 245, 243, 243, 243, 241, 244,
    242, 243, 239, 241, 242, 241, 239, 243, 243, 241, 241, 240, 243, 240,
    241, 239, 241, 239, 239, 240, 242, 242, 243, 242, 242, 242, 241, 241,
    240, 241, 240, 241, 241, 243, 243, 241, 242, 241, 239, 241, 243, 239,
    241, 240, 243, 239, 241, 241, 243, 241, 239, 241, 243, 241, 243, 239,
    241, 243, 242, 241, 239, 241, 240, 240, 240, 242, 241, 242, 239, 241,
    240, 241, 241, 242, 240, 239, 242 ]
RHandPositionsX: [ 166, 159, 161, 154, 151, 154, 151, 156, 159, 159, 162,
    162, 158, 155, 151, 151, 148, 149, 158, 163, 164, 161, 156, 152, 151,
    155, 151, 152, 160, 160, 162, 162, 157, 154, 155, 153, 149, 148, 160,
    165, 167, 168, 164, 163, 156, 154, 151, 150, 158, 163, 166, 167, 165,
    170, 168, 169, 166, 167, 162, 160, 165, 170, 171, 177, 182, 187, 184,
    184, 187, 183, 184, 181, 182, 179, 179, 178, 181, 178, 178, 177, 176,
    176, 178, 179, 178, 179, 178, 180 ]
RHandPositionsY: [ 110, 108, 104, 100, 102, 100, 97, 101, 101, 101, 103,
    99, 100, 98, 98, 99, 98, 105, 115, 114, 113, 114, 110, 109, 106, 106,
    105, 110, 119, 116, 119, 114, 111, 108, 105, 105, 102, 107, 116, 121,
    120, 123, 123, 120, 115, 114, 111, 110, 112, 116, 124, 124, 121, 125,
    125, 119, 118, 117, 112, 110, 118, 125, 132, 137, 144, 154, 164, 177,
    185, 194, 200, 211, 220, 227, 234, 233, 238, 239, 243, 244, 242, 243,
    247, 246, 245, 246, 245, 243 ]
