%YAML:1.0
---
videoName: "RHShake10.mp4"
gestureLabel: 2
fps: 29
pixelSizeInCmTemp: 3.1933333333333330e-01
faceCenterPointX: 295
faceCenterPointY: 45
LHandPositionsX: [ 340, 342, 341, 339, 339, 340, 339, 333, 335, 330, 332,
    330, 329, 326, 327, 328, 328, 328, 329, 327, 326, 328, 326, 329, 326,
    329, 328, 329, 327, 329, 329, 327, 327, 330, 329, 328, 330, 329, 328,
    328, 327, 330, 328, 327, 328, 326, 327, 330, 330, 330, 330, 328, 326,
    326, 329, 327, 330, 328, 329, 327, 329, 327, 330, 326, 328, 326, 329,
    327, 330, 330, 329, 329, 326, 329, 330, 327, 331, 327, 329, 328, 332,
    331, 331, 327, 327, 329, 328, 327 ]
LHandPositionsY: [ 262, 267, 266, 267, 266, 265, 270, 268, 269, 269, 270,
    270, 270, 271, 274, 270, 270, 272, 272, 270, 274, 271, 271, 272, 273,
    273, 274, 272, 273, 269, 273, 271, 273, 272, 269, 271, 271, 268, 271,
    272, 271, 272, 272, 272, 268, 270, 270, 270, 268, 271, 268, 268, 268,
    270, 270, 271, 269, 268, 268, 269, 272, 269, 272, 268, 270, 269, 272,
    269, 271, 269, 268, 270, 269, 270, 270, 271, 268, 270, 271, 268, 267,
    269, 268, 270, 272, 272, 269, 271 ]
RHandPositionsX: [ 260, 261, 263, 260, 262, 259, 259, 263, 259, 259, 260,
    258, 260, 257, 261, 260, 260, 254, 261, 252, 241, 220, 200, 182, 168,
    153, 138, 136, 139, 137, 144, 150, 154, 162, 165, 164, 161, 161, 162,
    160, 164, 174, 180, 182, 175, 177, 173, 172, 171, 171, 173, 187, 191,
    197, 193, 182, 178, 178, 173, 178, 182, 191, 193, 195, 190, 183, 177,
    177, 174, 179, 178, 190, 196, 202, 214, 219, 225, 233, 234, 246, 249,
    252, 250, 260, 262, 263, 262, 259 ]
RHandPositionsY: [ 267, 268, 263, 263, 263, 264, 266, 267, 265, 267, 265,
    268, 265, 266, 269, 269, 269, 266, 265, 255, 241, 229, 211, 191, 169,
    149, 132, 115, 115, 96, 87, 87, 86, 87, 85, 81, 83, 79, 78, 77, 79,
    85, 87, 82, 83, 77, 75, 76, 78, 81, 82, 87, 91, 94, 86, 84, 81, 85,
    80, 83, 88, 93, 94, 95, 88, 88, 82, 83, 82, 88, 97, 106, 124, 145,
    160, 180, 198, 214, 229, 245, 260, 257, 259, 264, 267, 268, 267, 266 ]
