%YAML:1.0
---
videoName: "RHShake09.mp4"
gestureLabel: 2
fps: 29
pixelSizeInCmTemp: 3.1103896103896100e-01
faceCenterPointX: 296
faceCenterPointY: 48
LHandPositionsX: [ 327, 327, 324, 322, 325, 325, 323, 324, 317, 316, 318,
    318, 316, 311, 314, 313, 313, 308, 310, 310, 310, 308, 310, 308, 307,
    306, 307, 304, 305, 306, 309, 310, 311, 308, 311, 309, 307, 311, 308,
    310, 310, 309, 309, 310, 312, 313, 311, 310, 310, 311, 312, 312, 315,
    315, 315, 312, 313, 312, 313, 313, 313, 316, 315, 313, 315, 316, 314,
    317, 315, 318, 318, 317, 318, 316, 316, 317, 317, 318, 318, 316, 314,
    316, 317, 314, 315, 314, 318, 314 ]
LHandPositionsY: [ 265, 266, 271, 271, 268, 269, 272, 269, 273, 271, 273,
    274, 273, 274, 275, 274, 274, 275, 272, 273, 275, 276, 273, 274, 273,
    272, 273, 272, 275, 273, 273, 276, 273, 277, 277, 273, 277, 273, 277,
    274, 276, 275, 275, 275, 274, 277, 275, 273, 276, 274, 273, 275, 274,
    273, 273, 273, 277, 274, 275, 275, 272, 273, 275, 273, 272, 272, 274,
    273, 275, 275, 274, 273, 273, 275, 273, 277, 275, 276, 276, 274, 275,
    272, 275, 274, 276, 275, 273, 275 ]
RHandPositionsX: [ 265, 266, 262, 262, 262, 261, 261, 264, 262, 260, 261,
    260, 261, 261, 261, 258, 258, 256, 259, 259, 257, 255, 258, 258, 258,
    258, 258, 257, 254, 257, 265, 261, 256, 242, 223, 203, 190, 175, 170,
    172, 171, 172, 183, 185, 187, 186, 182, 180, 180, 175, 186, 188, 188,
    198, 194, 186, 181, 174, 180, 187, 182, 185, 193, 187, 187, 181, 176,
    174, 175, 179, 182, 187, 184, 181, 177, 181, 180, 180, 182, 192, 191,
    193, 197, 200, 210, 216, 228, 240 ]
RHandPositionsY: [ 261, 262, 263, 263, 265, 268, 266, 265, 265, 266, 265,
    265, 267, 269, 266, 269, 267, 267, 267, 266, 269, 265, 269, 267, 269,
    269, 265, 268, 269, 268, 266, 259, 245, 231, 213, 196, 175, 159, 137,
    133, 115, 109, 104, 111, 108, 102, 98, 88, 89, 90, 88, 96, 97, 99,
    94, 91, 88, 89, 87, 90, 92, 94, 99, 93, 92, 87, 85, 90, 88, 98, 99,
    95, 97, 95, 93, 92, 88, 94, 95, 104, 103, 108, 120, 132, 145, 154,
    170, 188 ]
