%YAML:1.0
---
videoName: "RHShake01.mp4"
gestureLabel: 2
fps: 29
pixelSizeInCmTemp: 3.1513157894736843e-01
faceCenterPointX: 292
faceCenterPointY: 51
LHandPositionsX: [ 393, 393, 393, 396, 393, 395, 396, 392, 395, 394, 393,
    394, 394, 395, 393, 395, 393, 395, 391, 394, 392, 392, 395, 391, 395,
    391, 392, 393, 394, 393, 395, 393, 394, 392, 395, 391, 393, 392, 394,
    393, 392, 391, 394, 395, 391, 392, 393, 394, 391, 394, 392, 393, 394,
    395, 391, 393, 394, 393, 393, 392, 394, 392, 392, 391, 392, 394, 391,
    394, 391, 391, 391, 391, 394, 391, 395, 392, 393, 391, 392, 395, 391,
    392, 392, 393, 393, 392, 392, 392 ]
LHandPositionsY: [ 257, 256, 255, 255, 257, 256, 254, 254, 254, 253, 256,
    256, 254, 253, 255, 253, 256, 256, 253, 254, 254, 256, 255, 256, 255,
    257, 257, 256, 256, 253, 253, 253, 253, 256, 255, 256, 256, 254, 254,
    257, 255, 257, 256, 254, 257, 254, 256, 256, 256, 257, 256, 253, 254,
    257, 256, 256, 255, 257, 253, 253, 253, 255, 254, 257, 257, 255, 256,
    257, 255, 257, 255, 253, 255, 253, 255, 256, 257, 253, 254, 255, 255,
    257, 253, 256, 256, 253, 255, 253 ]
RHandPositionsX: [ 169, 167, 167, 171, 167, 169, 167, 167, 168, 167, 167,
    167, 169, 171, 168, 171, 171, 169, 171, 170, 171, 172, 170, 170, 169,
    169, 170, 176, 173, 167, 163, 162, 156, 155, 159, 162, 168, 179, 190,
    194, 193, 187, 180, 177, 175, 172, 176, 186, 197, 193, 192, 190, 183,
    178, 180, 181, 180, 185, 184, 193, 191, 194, 194, 186, 180, 178, 176,
    181, 185, 194, 196, 197, 197, 197, 191, 191, 186, 187, 188, 181, 178,
    175, 176, 172, 175, 174, 172, 173 ]
RHandPositionsY: [ 279, 279, 276, 277, 276, 277, 279, 276, 276, 276, 279,
    276, 278, 276, 280, 280, 278, 277, 278, 277, 279, 277, 279, 278, 275,
    275, 265, 246, 229, 205, 186, 166, 151, 135, 132, 118, 105, 110, 110,
    110, 106, 106, 101, 98, 99, 99, 96, 97, 101, 100, 99, 96, 94, 95, 92,
    94, 97, 100, 102, 104, 101, 100, 99, 96, 97, 95, 96, 95, 100, 106,
    111, 123, 136, 147, 159, 177, 191, 202, 202, 213, 221, 229, 236, 241,
    244, 242, 243, 249 ]
