%YAML:1.0
---
videoName: "RHShake09.mp4"
gestureLabel: 2
fps: 29
pixelSizeInCmTemp: 3.1103896103896100e-01
faceCenterPointX: 296
faceCenterPointY: 48
LHandPositionsX: [ 325, 323, 326, 325, 322, 324, 324, 324, 317, 317, 320,
    315, 314, 311, 313, 309, 312, 308, 310, 309, 308, 309, 310, 308, 308,
    305, 306, 306, 304, 306, 308, 307, 307, 312, 310, 307, 310, 310, 311,
    310, 307, 311, 310, 308, 313, 313, 313, 314, 311, 312, 310, 313, 312,
    311, 315, 313, 313, 316, 314, 316, 315, 313, 313, 317, 313, 315, 315,
    318, 316, 318, 316, 317, 318, 317, 316, 316, 315, 316, 318, 317, 317,
    314, 318, 314, 317, 318, 317, 317 ]
LHandPositionsY: [ 268, 268, 269, 268, 269, 268, 270, 272, 272, 272, 273,
    273, 272, 273, 273, 274, 275, 276, 273, 273, 274, 274, 276, 276, 273,
    274, 273, 276, 277, 276, 277, 276, 275, 275, 273, 273, 274, 275, 276,
    276, 276, 275, 273, 276, 274, 275, 276, 273, 274, 275, 274, 273, 274,
    275, 275, 275, 276, 275, 275, 275, 275, 274, 274, 275, 274, 274, 272,
    275, 275, 276, 272, 272, 272, 274, 276, 276, 275, 274, 273, 274, 272,
    272, 272, 275, 273, 275, 271, 272 ]
RHandPositionsX: [ 264, 262, 264, 262, 263, 262, 262, 264, 260, 259, 261,
    261, 260, 257, 260, 260, 259, 257, 258, 256, 258, 258, 254, 255, 255,
    258, 258, 253, 253, 259, 265, 260, 257, 240, 226, 204, 188, 179, 169,
    174, 175, 172, 180, 183, 185, 186, 181, 181, 177, 177, 189, 191, 189,
    199, 191, 186, 178, 174, 180, 187, 183, 185, 196, 189, 189, 180, 177,
    172, 174, 181, 184, 188, 184, 180, 179, 181, 181, 181, 184, 192, 190,
    194, 201, 201, 207, 214, 226, 239 ]
RHandPositionsY: [ 263, 265, 263, 265, 263, 267, 268, 268, 267, 266, 269,
    268, 268, 269, 269, 267, 265, 268, 268, 268, 265, 267, 265, 267, 268,
    267, 266, 269, 269, 268, 268, 257, 246, 233, 215, 197, 178, 155, 139,
    133, 114, 111, 108, 110, 108, 103, 98, 89, 89, 88, 90, 98, 98, 99,
    92, 91, 89, 90, 88, 91, 95, 98, 98, 97, 89, 88, 89, 86, 92, 98, 99,
    98, 95, 96, 93, 89, 88, 94, 95, 103, 103, 107, 121, 131, 141, 154,
    170, 186 ]
