%YAML:1.0
---
videoName: "RHShake00.mp4"
gestureLabel: 2
fps: 29
pixelSizeInCmTemp: 3.4710144927536229e-01
faceCenterPointX: 283
faceCenterPointY: 97
LHandPositionsX: [ 342, 344, 342, 345, 342, 345, 342, 346, 345, 346, 342,
    342, 342, 342, 343, 343, 342, 345, 344, 344, 344, 346, 344, 345, 344,
    345, 343, 346, 345, 346, 342, 342, 343, 346, 343, 346, 344, 343, 342,
    344, 342, 343, 344, 345, 345, 344, 343, 346, 342, 342, 344, 346, 343,
    344, 346, 343, 346, 344, 342, 346, 343, 345, 343, 344, 345, 345, 345,
    343, 342, 343, 346, 342, 345, 346, 342, 345, 345, 342, 345, 345, 343,
    346, 345, 345, 344, 344, 343, 342 ]
LHandPositionsY: [ 274, 276, 272, 274, 276, 273, 272, 276, 276, 272, 275,
    273, 273, 274, 276, 276, 274, 273, 272, 276, 274, 274, 272, 275, 273,
    276, 272, 274, 272, 275, 273, 273, 276, 272, 274, 275, 273, 272, 272,
    274, 273, 275, 274, 273, 275, 275, 275, 276, 274, 274, 276, 276, 275,
    275, 274, 276, 274, 274, 275, 274, 274, 275, 275, 275, 276, 272, 273,
    272, 273, 276, 274, 275, 273, 275, 272, 272, 274, 273, 274, 273, 274,
    274, 274, 276, 275, 273, 274, 275 ]
RHandPositionsX: [ 176, 173, 166, 153, 150, 146, 147, 146, 143, 141, 146,
    147, 151, 166, 169, 167, 169, 166, 163, 160, 155, 153, 149, 147, 155,
    166, 165, 167, 169, 162, 155, 148, 152, 147, 149, 156, 163, 162, 166,
    162, 164, 156, 147, 142, 138, 147, 148, 154, 155, 157, 157, 162, 158,
    152, 147, 144, 146, 149, 153, 159, 163, 163, 169, 162, 159, 150, 148,
    142, 142, 146, 148, 151, 157, 162, 161, 169, 172, 175, 175, 182, 182,
    187, 187, 192, 192, 194, 195, 197 ]
RHandPositionsY: [ 259, 253, 240, 220, 200, 187, 175, 170, 159, 149, 144,
    136, 133, 133, 137, 140, 132, 129, 128, 126, 124, 122, 119, 119, 129,
    134, 136, 131, 137, 129, 128, 124, 125, 126, 133, 136, 139, 141, 141,
    137, 141, 135, 131, 132, 131, 133, 132, 135, 140, 139, 138, 138, 134,
    130, 128, 129, 134, 133, 141, 144, 145, 147, 145, 146, 139, 136, 140,
    136, 143, 148, 154, 163, 170, 175, 183, 188, 197, 207, 215, 219, 228,
    237, 244, 250, 251, 256, 261, 262 ]
