%YAML:1.0
---
videoName: "RHShake02.mp4"
gestureLabel: 2
fps: 29
pixelSizeInCmTemp: 3.1933333333333330e-01
faceCenterPointX: 291
faceCenterPointY: 51
LHandPositionsX: [ 407, 405, 409, 409, 408, 409, 405, 408, 409, 409, 409,
    405, 406, 406, 405, 405, 405, 407, 405, 406, 405, 405, 404, 406, 406,
    407, 407, 406, 403, 403, 402, 402, 406, 401, 402, 405, 402, 405, 404,
    404, 404, 401, 401, 401, 401, 402, 399, 398, 399, 401, 399, 400, 398,
    399, 400, 399, 400, 397, 396, 399, 400, 397, 400, 396, 399, 399, 398,
    398, 399, 398, 397, 399, 398, 396, 398, 399, 399, 395, 396, 395, 395,
    399, 396, 399, 398, 398, 396, 395 ]
LHandPositionsY: [ 264, 264, 262, 261, 263, 261, 264, 263, 265, 262, 262,
    261, 261, 261, 265, 261, 261, 263, 260, 260, 260, 260, 261, 262, 262,
    263, 261, 260, 263, 263, 264, 264, 263, 261, 264, 262, 260, 262, 263,
    263, 260, 262, 260, 264, 260, 262, 261, 261, 262, 262, 260, 263, 260,
    262, 263, 262, 262, 263, 262, 262, 263, 262, 263, 260, 264, 260, 263,
    260, 263, 262, 263, 261, 263, 264, 260, 264, 260, 260, 262, 264, 264,
    262, 262, 263, 261, 264, 260, 261 ]
RHandPositionsX: [ 171, 175, 172, 174, 172, 173, 171, 171, 172, 172, 174,
    170, 172, 174, 172, 173, 170, 170, 173, 174, 173, 174, 172, 172, 175,
    174, 174, 178, 178, 173, 165, 160, 159, 154, 150, 154, 158, 176, 181,
    179, 180, 176, 169, 166, 163, 161, 159, 169, 177, 184, 191, 186, 185,
    176, 166, 167, 166, 166, 175, 182, 181, 182, 178, 176, 175, 170, 172,
    167, 168, 177, 185, 191, 198, 203, 199, 198, 193, 185, 187, 180, 180,
    175, 178, 178, 175, 174, 174, 177 ]
RHandPositionsY: [ 267, 266, 265, 266, 266, 265, 267, 266, 263, 265, 266,
    263, 266, 265, 263, 264, 263, 265, 263, 264, 263, 265, 265, 264, 264,
    270, 265, 247, 232, 207, 188, 165, 145, 121, 111, 103, 98, 94, 97,
    99, 93, 91, 93, 88, 87, 88, 89, 94, 98, 96, 99, 96, 91, 90, 85, 88,
    88, 92, 94, 99, 101, 97, 98, 97, 93, 95, 94, 92, 93, 96, 105, 117,
    129, 145, 156, 175, 191, 214, 226, 229, 238, 246, 245, 250, 251, 253,
    252, 252 ]
