%YAML:1.0
---
videoName: "RHShake20.mp4"
gestureLabel: 2
fps: 29
pixelSizeInCmTemp: 3.3263888888888887e-01
faceCenterPointX: 286
faceCenterPointY: 45
LHandPositionsX: [ 391, 391, 391, 392, 390, 392, 390, 393, 392, 391, 390,
    391, 394, 392, 392, 391, 393, 390, 393, 394, 391, 393, 393, 393, 393,
    390, 390, 392, 390, 391, 392, 391, 394, 394, 394, 394, 394, 394, 392,
    391, 392, 393, 391, 393, 393, 391, 391, 393, 391, 391, 391, 390, 390,
    391, 391, 390, 392, 393, 394, 394, 393, 393, 394, 391, 392, 393, 394,
    393, 392, 394, 392, 393, 394, 391, 393, 390, 394, 391, 393, 391, 392,
    392, 391, 391, 392, 393, 393, 392 ]
LHandPositionsY: [ 243, 242, 246, 243, 242, 244, 244, 242, 243, 241, 242,
    240, 240, 242, 239, 241, 239, 243, 243, 243, 239, 243, 241, 241, 242,
    239, 243, 240, 242, 242, 241, 242, 240, 241, 239, 239, 241, 240, 243,
    242, 242, 240, 242, 242, 241, 242, 239, 241, 241, 239, 243, 239, 241,
    241, 241, 239, 241, 241, 242, 242, 242, 239, 239, 241, 240, 242, 239,
    240, 243, 239, 241, 243, 239, 243, 243, 243, 241, 243, 242, 243, 239,
    239, 240, 242, 239, 239, 243, 243 ]
RHandPositionsX: [ 164, 159, 159, 155, 151, 154, 152, 158, 156, 159, 160,
    159, 160, 154, 152, 150, 148, 150, 160, 159, 164, 164, 159, 154, 153,
    153, 151, 151, 159, 163, 163, 159, 157, 152, 155, 153, 153, 151, 158,
    168, 168, 166, 165, 163, 156, 154, 152, 153, 158, 162, 165, 167, 164,
    166, 169, 170, 165, 165, 160, 159, 163, 169, 172, 179, 184, 187, 185,
    185, 184, 182, 186, 183, 179, 179, 177, 180, 179, 178, 180, 177, 179,
    176, 177, 176, 178, 177, 177, 177 ]
RHandPositionsY: [ 112, 107, 102, 104, 100, 100, 97, 99, 101, 103, 104,
    103, 100, 99, 99, 95, 100, 104, 115, 113, 117, 117, 112, 108, 108,
    109, 109, 111, 118, 120, 120, 116, 110, 110, 108, 103, 102, 105, 115,
    122, 120, 121, 121, 116, 113, 112, 115, 108, 113, 117, 125, 124, 124,
    125, 122, 120, 115, 113, 110, 112, 117, 126, 133, 135, 145, 156, 164,
    176, 184, 192, 201, 208, 220, 226, 234, 235, 241, 239, 243, 241, 246,
    247, 247, 246, 243, 244, 243, 247 ]
