%YAML:1.0
---
videoName: "RHShake00.mp4"
gestureLabel: 2
fps: 29
pixelSizeInCmTemp: 3.4710144927536229e-01
faceCenterPointX: 283
faceCenterPointY: 97
LHandPositionsX: [ 342, 346, 344, 344, 342, 345, 344, 343, 345, 345, 342,
    343, 344, 343, 343, 342, 346, 343, 345, 342, 343, 342, 345, 345, 344,
    346, 346, 346, 344, 343, 343, 343, 344, 342, 346, 343, 344, 342, 344,
    344, 344, 345, 343, 346, 346, 343, 345, 342, 344, 346, 342, 345, 345,
    344, 346, 346, 342, 346, 345, 344, 345, 343, 346, 345, 344, 343, 345,
    343, 343, 344, 344, 342, 343, 346, 346, 346, 343, 346, 342, 343, 346,
    346, 345, 345, 343, 346, 344, 345 ]
LHandPositionsY: [ 275, 275, 275, 276, 276, 275, 275, 275, 272, 275, 276,
    274, 273, 273, 276, 274, 275, 272, 272, 273, 276, 276, 275, 276, 274,
    273, 274, 273, 275, 274, 274, 275, 274, 276, 276, 276, 274, 274, 272,
    274, 274, 274, 274, 272, 274, 273, 274, 272, 276, 276, 272, 275, 274,
    275, 276, 276, 276, 274, 275, 273, 273, 273, 276, 276, 276, 275, 272,
    273, 276, 273, 275, 274, 275, 276, 274, 276, 272, 272, 273, 272, 276,
    273, 275, 273, 273, 275, 274, 272 ]
RHandPositionsX: [ 179, 174, 165, 155, 151, 147, 145, 145, 142, 140, 142,
    148, 152, 169, 167, 166, 167, 168, 162, 159, 154, 153, 148, 147, 154,
    163, 163, 167, 166, 162, 159, 152, 148, 145, 151, 154, 165, 164, 164,
    164, 162, 158, 148, 141, 138, 147, 147, 153, 153, 154, 159, 163, 159,
    152, 144, 147, 144, 150, 156, 161, 161, 162, 169, 163, 158, 152, 147,
    140, 141, 148, 148, 155, 155, 158, 161, 168, 172, 175, 178, 182, 184,
    188, 187, 191, 191, 197, 198, 195 ]
RHandPositionsY: [ 256, 253, 243, 220, 200, 188, 179, 167, 161, 150, 143,
    135, 134, 134, 139, 138, 132, 131, 125, 123, 120, 120, 119, 120, 125,
    131, 135, 133, 138, 132, 125, 126, 125, 124, 133, 133, 140, 140, 141,
    139, 142, 136, 132, 132, 127, 135, 132, 136, 139, 139, 139, 141, 134,
    132, 131, 131, 131, 131, 141, 145, 148, 146, 149, 145, 143, 140, 137,
    138, 139, 150, 154, 162, 168, 175, 184, 191, 199, 208, 212, 222, 230,
    234, 242, 249, 255, 258, 264, 262 ]
