%YAML:1.0
---
videoName: "RHShake21.mp4"
gestureLabel: 2
fps: 29
pixelSizeInCmTemp: 3.3732394366197183e-01
faceCenterPointX: 293
faceCenterPointY: 47
LHandPositionsX: [ 397, 397, 396, 395, 395, 395, 394, 394, 395, 397, 394,
    394, 395, 398, 398, 395, 395, 395, 395, 395, 398, 394, 396, 398, 397,
    394, 398, 398, 397, 398, 394, 398, 394, 398, 394, 398, 394, 398, 395,
    394, 396, 394, 396, 396, 398, 397, 396, 397, 395, 395, 396, 395, 398,
    394, 395, 396, 394, 396, 394, 398, 394, 394, 396, 397, 396, 395, 394,
    398, 396, 394, 394, 397, 394, 396, 394, 394, 395, 396, 395, 397, 397,
    397, 397, 398, 394, 394, 398, 395 ]
LHandPositionsY: [ 238, 241, 239, 241, 242, 241, 238, 242, 238, 238, 242,
    241, 238, 239, 242, 242, 239, 242, 241, 242, 238, 238, 240, 241, 240,
    242, 240, 239, 238, 242, 240, 242, 242, 239, 242, 240, 240, 241, 238,
    240, 238, 242, 239, 238, 242, 238, 241, 239, 241, 241, 240, 238, 240,
    240, 238, 242, 240, 239, 241, 239, 238, 239, 242, 242, 240, 239, 241,
    242, 239, 239, 241, 242, 242, 242, 240, 241, 239, 240, 242, 242, 241,
    242, 241, 240, 239, 240, 241, 240 ]
RHandPositionsX: [ 134, 142, 144, 144, 144, 148, 145, 139, 136, 132, 134,
    139, 146, 150, 149, 147, 149, 145, 139, 136, 133, 136, 138, 144, 150,
    151, 152, 151, 146, 142, 141, 139, 137, 139, 139, 147, 152, 152, 151,
    148, 144, 137, 137, 137, 137, 141, 147, 150, 150, 149, 147, 143, 138,
    133, 134, 135, 138, 147, 154, 162, 172, 176, 179, 180, 182, 182, 187,
    189, 189, 189, 192, 191, 185, 187, 187, 190, 186, 186, 187, 188, 188,
    187, 186, 186, 189, 187, 189, 185 ]
RHandPositionsY: [ 83, 85, 86, 87, 88, 87, 83, 79, 80, 79, 82, 87, 89,
    90, 90, 92, 90, 84, 85, 86, 84, 85, 81, 86, 89, 89, 93, 90, 92, 85,
    84, 83, 83, 86, 84, 87, 90, 96, 93, 92, 86, 89, 85, 84, 84, 89, 97,
    97, 97, 100, 95, 95, 92, 94, 91, 90, 95, 106, 115, 128, 138, 151,
    150, 149, 162, 168, 177, 189, 198, 209, 213, 216, 222, 225, 224, 228,
    226, 227, 229, 228, 231, 229, 230, 228, 231, 229, 229, 231 ]
