%YAML:1.0
---
videoName: "RHShake20.mp4"
gestureLabel: 2
fps: 29
pixelSizeInCmTemp: 3.3263888888888887e-01
faceCenterPointX: 286
faceCenterPointY: 45
LHandPositionsX: [ 390, 393, 391, 391, 392, 392, 393, 390, 392, 390, 393,
    390, 390, 394, 391, 392, 393, 394, 392, 392, 394, 391, 392, 392, 391,
    393, 390, 391, 391, 393, 394, 390, 394, 394, 392, 391, 392, 393, 391,
    390, 390, 394, 394, 390, 393, 392, 393, 394, 393, 390, 392, 392, 391,
    392, 393, 390, 394, 393, 390, 391, 392, 391, 391, 394, 394, 390, 390,
    392, 392, 394, 394, 392, 394, 394, 392, 390, 394, 392, 392, 393, 392,
    393, 390, 393, 391, 391, 390, 394 ]
LHandPositionsY: [ 243, 243, 245, 243, 244, 243, 244, 244, 240, 244, 240,
    240, 239, 241, 240, 239, 241, 240, 241, 239, 242, 240, 241, 239, 241,
    239, 240, 242, 242, 239, 241, 242, 242, 243, 242, 240, 242, 241, 241,
    239, 243, 240, 240, 239, 239, 240, 240, 239, 239, 242, 240, 240, 239,
    239, 239, 242, 239, 241, 239, 243, 243, 243, 243, 241, 239, 240, 240,
    241, 242, 241, 240, 240, 242, 243, 242, 240, 240, 242, 239, 239, 242,
    240, 240, 243, 243, 239, 242, 243 ]
RHandPositionsX: [ 162, 159, 159, 158, 152, 153, 150, 154, 155, 160, 161,
    161, 157, 153, 154, 151, 150, 149, 157, 160, 164, 160, 159, 153, 151,
    151, 150, 152, 160, 161, 161, 161, 156, 153, 155, 154, 149, 152, 161,
    168, 166, 166, 164, 161, 156, 154, 154, 153, 157, 161, 166, 167, 167,
    167, 168, 168, 163, 164, 164, 160, 164, 168, 175, 178, 180, 185, 185,
    188, 185, 185, 185, 183, 179, 181, 180, 179, 180, 179, 176, 177, 179,
    179, 177, 179, 178, 178, 177, 180 ]
RHandPositionsY: [ 109, 107, 103, 100, 101, 98, 100, 99, 100, 104, 101,
    103, 98, 96, 96, 97, 101, 102, 111, 114, 116, 115, 112, 108, 107,
    105, 109, 110, 118, 116, 116, 113, 109, 109, 105, 102, 104, 105, 116,
    120, 123, 121, 122, 116, 117, 114, 114, 110, 113, 116, 126, 125, 122,
    127, 123, 119, 116, 114, 113, 110, 118, 126, 132, 136, 147, 156, 167,
    177, 184, 193, 202, 210, 221, 229, 233, 231, 239, 238, 240, 240, 243,
    246, 243, 245, 245, 245, 243, 245 ]
