%YAML:1.0
---
videoName: "RHShake23.mp4"
gestureLabel: 2
fps: 29
pixelSizeInCmTemp: 3.3263888888888887e-01
faceCenterPointX: 298
faceCenterPointY: 49
LHandPositionsX: [ 389, 388, 390, 387, 388, 388, 389, 390, 391, 390, 390,
    388, 387, 389, 390, 391, 387, 390, 390, 390, 389, 390, 387, 387, 387,
    388, 391, 391, 389, 388, 389, 390, 390, 388, 390, 388, 390, 389, 388,
    389, 387, 390, 390, 391, 388, 391, 388, 389, 389, 391, 388, 391, 389,
    390, 391, 391, 387, 388, 388, 387, 390, 389, 391, 389, 390, 390, 389,
    390, 389, 390, 390, 391, 388, 388, 390, 390, 387, 391, 391, 388, 391,
    390, 391, 391, 390, 391, 390, 388 ]
LHandPositionsY: [ 226, 227, 228, 226, 227, 225, 227, 228, 225, 227, 226,
    227, 227, 228, 228, 227, 228, 227, 228, 226, 224, 225, 224, 225, 226,
    227, 225, 226, 228, 226, 224, 228, 228, 225, 225, 224, 228, 228, 224,
    226, 226, 225, 224, 226, 226, 224, 224, 225, 224, 228, 227, 224, 224,
    224, 226, 224, 224, 227, 227, 226, 224, 228, 226, 228, 224, 226, 225,
    227, 226, 225, 227, 224, 225, 224, 227, 228, 224, 224, 224, 225, 224,
    226, 225, 227, 228, 225, 224, 227 ]
RHandPositionsX: [ 169, 171, 178, 189, 188, 190, 195, 188, 183, 179, 175,
    175, 172, 179, 187, 196, 198, 200, 197, 193, 185, 181, 177, 174, 171,
    169, 173, 177, 192, 203, 199, 198, 202, 197, 190, 187, 182, 181, 181,
    184, 187, 201, 200, 203, 208, 204, 196, 190, 185, 178, 176, 178, 179,
    188, 194, 198, 203, 207, 209, 211, 209, 208, 211, 210, 210, 206, 208,
    204, 207, 205, 205, 204, 202, 201, 201, 204, 202, 203, 201, 200, 202,
    201, 200, 201, 200, 198, 198, 199 ]
RHandPositionsY: [ 98, 95, 101, 110, 117, 115, 118, 113, 103, 99, 101,
    100, 97, 103, 113, 124, 121, 125, 125, 113, 104, 103, 102, 102, 97,
    98, 96, 99, 116, 123, 124, 123, 122, 109, 106, 105, 105, 101, 101,
    99, 116, 119, 122, 123, 124, 124, 126, 109, 109, 105, 102, 103, 103,
    117, 127, 136, 143, 150, 149, 154, 161, 164, 172, 182, 192, 201, 209,
    217, 215, 214, 218, 217, 219, 224, 224, 225, 226, 224, 226, 225, 226,
    224, 226, 224, 226, 227, 225, 224 ]
