%YAML:1.0
---
videoName: "RHShake03.mp4"
gestureLabel: 2
fps: 29
pixelSizeInCmTemp: 3.1103896103896100e-01
faceCenterPointX: 294
faceCenterPointY: 48
LHandPositionsX: [ 409, 409, 408, 410, 410, 411, 410, 410, 412, 410, 412,
    408, 409, 408, 411, 411, 409, 412, 410, 408, 409, 410, 410, 409, 411,
    409, 410, 411, 411, 412, 409, 410, 411, 408, 412, 412, 408, 410, 412,
    409, 408, 410, 409, 411, 408, 408, 412, 409, 408, 412, 408, 408, 408,
    410, 408, 412, 409, 411, 409, 412, 408, 409, 409, 411, 408, 412, 411,
    410, 408, 412, 409, 409, 410, 409, 411, 410, 410, 409, 409, 408, 411,
    409, 407, 410, 408, 408, 408, 408 ]
LHandPositionsY: [ 264, 264, 261, 264, 264, 262, 260, 262, 260, 264, 260,
    263, 260, 261, 264, 261, 263, 263, 264, 264, 264, 261, 261, 263, 263,
    262, 264, 264, 261, 262, 262, 264, 260, 264, 262, 263, 263, 264, 260,
    262, 264, 260, 262, 261, 260, 264, 262, 260, 264, 264, 262, 263, 262,
    263, 260, 263, 260, 261, 261, 262, 260, 262, 264, 264, 262, 264, 263,
    261, 263, 263, 260, 262, 262, 263, 261, 264, 260, 264, 261, 260, 264,
    262, 260, 262, 260, 261, 260, 264 ]
RHandPositionsX: [ 182, 179, 178, 177, 175, 176, 178, 177, 174, 176, 177,
    176, 175, 173, 172, 173, 173, 173, 175, 175, 175, 174, 174, 173, 171,
    175, 173, 175, 171, 174, 174, 172, 173, 174, 162, 158, 152, 149, 153,
    150, 155, 166, 179, 182, 193, 192, 184, 176, 175, 173, 171, 181, 179,
    182, 180, 176, 170, 169, 170, 172, 176, 188, 198, 208, 201, 191, 186,
    187, 183, 184, 183, 193, 200, 207, 209, 208, 197, 194, 190, 182, 182,
    182, 182, 180, 183, 179, 182, 178 ]
RHandPositionsY: [ 259, 259, 260, 261, 261, 262, 259, 261, 262, 261, 260,
    259, 262, 259, 259, 261, 260, 258, 262, 262, 258, 260, 259, 262, 261,
    259, 262, 262, 262, 263, 263, 267, 255, 242, 219, 199, 177, 158, 144,
    127, 122, 119, 118, 119, 114, 104, 101, 99, 97, 102, 100, 105, 106,
    107, 105, 104, 99, 97, 95, 96, 102, 108, 109, 112, 109, 108, 105,
    105, 98, 102, 103, 116, 129, 142, 161, 178, 201, 211, 217, 243, 239,
    246, 245, 250, 253, 254, 253, 252 ]
