%YAML:1.0
---
videoName: "RHShake05.mp4"
gestureLabel: 2
fps: 30
pixelSizeInCmTemp: 3.1103896103896100e-01
faceCenterPointX: 295
faceCenterPointY: 47
LHandPositionsX: [ 409, 410, 409, 412, 408, 412, 410, 411, 410, 408, 412,
    411, 410, 412, 409, 410, 411, 408, 408, 410, 410, 410, 410, 412, 409,
    409, 408, 411, 409, 410, 410, 412, 409, 408, 411, 410, 411, 408, 409,
    408, 409, 408, 408, 409, 411, 411, 412, 410, 412, 412, 409, 411, 410,
    411, 411, 411, 409, 409, 410, 409, 410, 412, 410, 412, 411, 409, 409,
    410, 411, 408, 411, 410, 411, 409, 410, 409, 410, 411, 410, 411, 411,
    411, 408, 412, 408, 411, 411, 412, 411, 408, 408 ]
LHandPositionsY: [ 259, 258, 258, 261, 258, 261, 261, 257, 260, 259, 259,
    259, 257, 257, 258, 259, 261, 258, 257, 261, 258, 257, 260, 260, 257,
    257, 261, 261, 261, 260, 261, 261, 261, 259, 257, 257, 261, 261, 257,
    260, 257, 260, 260, 257, 261, 258, 258, 257, 257, 258, 257, 259, 260,
    258, 258, 261, 257, 259, 261, 261, 261, 258, 261, 261, 259, 259, 257,
    258, 261, 261, 260, 260, 258, 260, 261, 259, 260, 257, 257, 258, 258,
    260, 258, 258, 257, 257, 260, 258, 260, 259, 259 ]
RHandPositionsX: [ 177, 174, 177, 173, 173, 173, 176, 176, 176, 174, 173,
    172, 175, 175, 172, 175, 175, 174, 170, 172, 173, 171, 172, 177, 177,
    175, 183, 177, 173, 163, 151, 155, 154, 160, 163, 176, 188, 198, 191,
    182, 176, 173, 171, 169, 174, 180, 190, 184, 176, 175, 172, 166, 171,
    173, 179, 189, 185, 181, 172, 171, 167, 169, 174, 189, 190, 193, 184,
    179, 180, 180, 182, 177, 187, 192, 197, 189, 181, 173, 173, 173, 172,
    174, 183, 185, 192, 188, 181, 179, 179, 176, 178 ]
RHandPositionsY: [ 261, 261, 258, 262, 262, 262, 259, 262, 260, 261, 260,
    260, 259, 259, 261, 262, 260, 258, 258, 258, 260, 263, 259, 260, 259,
    251, 231, 205, 180, 154, 131, 128, 105, 91, 87, 93, 92, 93, 91, 85,
    83, 79, 78, 79, 86, 87, 82, 81, 80, 73, 72, 75, 77, 83, 84, 93, 88,
    84, 83, 83, 82, 83, 88, 91, 93, 92, 89, 85, 85, 83, 84, 87, 88, 90,
    91, 87, 91, 86, 88, 95, 110, 134, 159, 180, 205, 220, 227, 235, 245,
    250, 247 ]
