%YAML:1.0
---
videoName: "RHShake24.mp4"
gestureLabel: 2
fps: 30
pixelSizeInCmTemp: 3.3732394366197183e-01
faceCenterPointX: 304
faceCenterPointY: 46
LHandPositionsX: [ 390, 390, 393, 390, 392, 390, 389, 393, 392, 392, 389,
    391, 390, 391, 390, 389, 392, 392, 392, 392, 390, 392, 393, 393, 393,
    392, 392, 389, 390, 390, 390, 390, 390, 389, 393, 391, 393, 393, 392,
    392, 392, 389, 392, 392, 393, 391, 389, 389, 391, 389, 389, 389, 392,
    393, 391, 390, 391, 391, 390, 393, 392, 392, 392, 390, 391, 389, 393,
    392, 389, 393, 392, 389, 391, 392, 390, 390, 391, 390, 393, 390, 391,
    390, 389, 391, 392, 392, 391, 391, 390, 391, 390 ]
LHandPositionsY: [ 226, 225, 228, 225, 225, 229, 225, 225, 228, 228, 226,
    229, 228, 228, 226, 225, 226, 229, 228, 226, 227, 226, 226, 228, 226,
    226, 228, 228, 228, 227, 229, 229, 227, 227, 225, 227, 225, 228, 225,
    228, 227, 226, 225, 225, 229, 229, 227, 228, 225, 226, 229, 228, 229,
    225, 227, 227, 225, 228, 228, 227, 227, 229, 227, 229, 225, 228, 226,
    228, 228, 229, 226, 226, 229, 228, 226, 229, 228, 225, 226, 228, 227,
    226, 227, 227, 228, 227, 225, 225, 228, 227, 225 ]
RHandPositionsX: [ 141, 146, 152, 149, 155, 156, 152, 150, 147, 143, 140,
    138, 142, 153, 163, 160, 160, 162, 160, 157, 151, 142, 144, 139, 142,
    146, 156, 156, 159, 159, 154, 155, 148, 146, 140, 145, 148, 151, 155,
    160, 160, 165, 157, 154, 148, 146, 139, 140, 142, 149, 159, 164, 164,
    171, 171, 164, 159, 149, 150, 148, 146, 146, 154, 166, 166, 167, 172,
    171, 173, 175, 179, 179, 186, 188, 190, 193, 193, 194, 191, 192, 195,
    193, 194, 193, 193, 192, 196, 194, 193, 193, 195 ]
RHandPositionsY: [ 98, 101, 103, 99, 103, 100, 93, 89, 86, 85, 84, 87,
    86, 99, 112, 113, 114, 114, 107, 101, 98, 95, 96, 92, 91, 99, 112,
    111, 113, 114, 109, 100, 96, 94, 94, 92, 89, 97, 102, 105, 107, 114,
    109, 101, 101, 98, 96, 95, 92, 111, 121, 120, 122, 124, 120, 106,
    102, 101, 103, 100, 95, 97, 102, 112, 114, 116, 119, 123, 131, 141,
    151, 152, 153, 157, 164, 171, 179, 187, 197, 204, 212, 211, 213, 215,
    217, 221, 219, 223, 227, 228, 225 ]
