%YAML:1.0
---
videoName: "RHShake09.mp4"
gestureLabel: 2
fps: 29
pixelSizeInCmTemp: 3.1103896103896100e-01
faceCenterPointX: 296
faceCenterPointY: 48
LHandPositionsX: [ 326, 326, 324, 323, 326, 324, 321, 324, 320, 318, 317,
    317, 313, 311, 314, 312, 309, 312, 309, 308, 310, 308, 309, 308, 306,
    307, 308, 304, 305, 306, 309, 306, 307, 310, 308, 310, 309, 311, 308,
    311, 307, 307, 310, 312, 312, 309, 311, 310, 313, 314, 314, 313, 314,
    315, 312, 312, 316, 315, 313, 315, 313, 317, 316, 315, 315, 316, 314,
    318, 315, 318, 315, 316, 316, 315, 316, 315, 316, 318, 316, 317, 317,
    313, 317, 316, 313, 316, 315, 314 ]
LHandPositionsY: [ 266, 267, 267, 268, 269, 268, 271, 270, 269, 274, 271,
    274, 271, 273, 274, 275, 276, 274, 274, 276, 276, 274, 276, 275, 272,
    274, 272, 273, 277, 275, 276, 276, 276, 275, 275, 273, 274, 274, 273,
    273, 277, 277, 273, 273, 273, 274, 277, 276, 275, 274, 276, 274, 277,
    276, 273, 273, 275, 276, 276, 272, 274, 276, 276, 274, 274, 274, 273,
    275, 274, 273, 273, 272, 275, 273, 275, 277, 275, 274, 275, 275, 272,
    275, 271, 273, 272, 274, 275, 272 ]
RHandPositionsX: [ 266, 263, 265, 265, 261, 265, 264, 262, 263, 261, 262,
    259, 257, 258, 258, 257, 257, 260, 259, 256, 256, 258, 258, 256, 258,
    254, 257, 257, 253, 255, 263, 262, 254, 240, 224, 206, 187, 175, 167,
    170, 171, 174, 180, 185, 184, 186, 183, 182, 179, 175, 189, 187, 187,
    200, 195, 185, 180, 175, 179, 186, 182, 184, 197, 191, 187, 183, 178,
    173, 175, 180, 185, 189, 185, 180, 179, 179, 183, 181, 186, 190, 191,
    190, 199, 204, 208, 215, 228, 240 ]
RHandPositionsY: [ 262, 265, 265, 265, 265, 264, 264, 264, 264, 268, 269,
    265, 268, 267, 268, 267, 265, 268, 265, 265, 267, 269, 269, 269, 268,
    268, 268, 265, 269, 267, 270, 257, 247, 230, 214, 199, 178, 159, 136,
    136, 118, 109, 107, 111, 111, 104, 101, 91, 90, 89, 89, 95, 98, 96,
    92, 94, 88, 86, 85, 91, 92, 94, 99, 96, 92, 85, 87, 86, 90, 96, 95,
    96, 97, 94, 90, 90, 91, 93, 96, 104, 106, 110, 120, 132, 145, 153,
    169, 185 ]
