%YAML:1.0
---
videoName: "RHShake16.mp4"
gestureLabel: 2
fps: 29
pixelSizeInCmTemp: 3.2808219178082193e-01
faceCenterPointX: 281
faceCenterPointY: 44
LHandPositionsX: [ 372, 369, 369, 373, 369, 372, 372, 370, 370, 371, 371,
    371, 373, 371, 371, 370, 373, 370, 372, 370, 370, 371, 369, 373, 372,
    372, 370, 372, 371, 372, 373, 371, 370, 369, 370, 371, 369, 372, 371,
    371, 372, 371, 370, 370, 372, 372, 373, 372, 370, 371, 373, 373, 372,
    372, 369, 373, 370, 372, 372, 372, 372, 372, 369, 372, 373, 369, 371,
    371, 371, 372, 371, 372, 370, 369, 373, 370, 369, 373, 370, 369, 373,
    369, 373, 371, 372, 372, 370, 372 ]
LHandPositionsY: [ 233, 233, 230, 233, 232, 231, 230, 234, 234, 234, 231,
    233, 230, 233, 232, 231, 232, 234, 234, 233, 233, 231, 232, 231, 231,
    233, 232, 234, 233, 234, 232, 234, 233, 231, 233, 234, 234, 234, 233,
    230, 234, 234, 233, 231, 234, 230, 233, 230, 233, 230, 232, 231, 230,
    229, 229, 233, 230, 230, 230, 229, 231, 231, 229, 229, 231, 233, 233,
    230, 232, 231, 233, 229, 233, 230, 230, 229, 229, 232, 232, 231, 233,
    232, 230, 233, 231, 229, 232, 229 ]
RHandPositionsX: [ 169, 171, 171, 167, 170, 167, 169, 168, 170, 169, 168,
    168, 167, 167, 170, 168, 169, 167, 164, 155, 153, 148, 140, 131, 127,
    124, 117, 123, 122, 124, 127, 129, 136, 141, 142, 140, 139, 137, 136,
    140, 140, 143, 149, 148, 150, 148, 150, 149, 148, 148, 149, 153, 154,
    152, 148, 145, 146, 146, 147, 152, 155, 157, 156, 152, 153, 154, 149,
    151, 152, 162, 166, 172, 173, 174, 178, 174, 174, 175, 170, 172, 171,
    171, 168, 169, 171, 170, 170, 168 ]
RHandPositionsY: [ 266, 266, 268, 266, 268, 266, 266, 268, 268, 269, 266,
    269, 269, 266, 267, 269, 267, 264, 258, 244, 221, 197, 180, 159, 144,
    130, 115, 113, 109, 107, 108, 102, 101, 98, 97, 96, 91, 88, 88, 87,
    91, 91, 91, 90, 86, 85, 85, 84, 89, 86, 87, 90, 87, 89, 87, 84, 84,
    86, 89, 89, 91, 88, 89, 90, 86, 89, 90, 93, 104, 119, 134, 149, 160,
    172, 182, 189, 194, 203, 210, 216, 224, 222, 222, 235, 237, 234, 234,
    236 ]
