%YAML:1.0
---
videoName: "RHShake20.mp4"
gestureLabel: 2
fps: 29
pixelSizeInCmTemp: 3.3263888888888887e-01
faceCenterPointX: 286
faceCenterPointY: 45
LHandPositionsX: [ 394, 393, 390, 390, 392, 390, 393, 393, 393, 391, 394,
    392, 390, 390, 391, 393, 394, 393, 390, 391, 392, 394, 390, 392, 394,
    392, 393, 391, 392, 391, 393, 393, 394, 393, 394, 390, 393, 390, 391,
    394, 391, 393, 394, 390, 393, 393, 394, 391, 394, 392, 390, 394, 390,
    394, 392, 394, 391, 390, 392, 390, 394, 394, 391, 390, 390, 393, 390,
    392, 393, 392, 391, 394, 393, 392, 393, 390, 392, 394, 390, 394, 391,
    390, 394, 392, 390, 394, 392, 391 ]
LHandPositionsY: [ 245, 243, 245, 243, 245, 241, 245, 243, 240, 242, 242,
    241, 242, 243, 242, 243, 241, 243, 239, 242, 242, 242, 241, 241, 239,
    239, 243, 239, 239, 241, 240, 243, 241, 240, 239, 241, 241, 243, 239,
    243, 239, 242, 240, 242, 241, 241, 241, 241, 239, 243, 241, 241, 239,
    241, 241, 239, 239, 241, 242, 240, 240, 240, 240, 239, 243, 242, 239,
    241, 243, 243, 243, 239, 241, 243, 243, 239, 242, 240, 240, 241, 239,
    239, 239, 239, 240, 239, 240, 239 ]
RHandPositionsX: [ 164, 160, 161, 157, 154, 154, 152, 154, 158, 158, 163,
    161, 157, 155, 151, 152, 148, 150, 160, 159, 161, 162, 160, 153, 154,
    153, 152, 151, 162, 162, 164, 161, 159, 152, 159, 152, 151, 148, 160,
    167, 168, 168, 167, 161, 157, 155, 151, 151, 160, 163, 168, 167, 165,
    170, 166, 168, 166, 167, 163, 158, 164, 166, 172, 176, 181, 186, 184,
    187, 184, 185, 183, 184, 178, 180, 180, 177, 179, 181, 176, 176, 180,
    180, 177, 180, 180, 176, 178, 177 ]
RHandPositionsY: [ 112, 108, 103, 104, 100, 97, 98, 97, 100, 101, 102,
    103, 98, 98, 98, 98, 99, 102, 115, 113, 113, 116, 112, 110, 108, 109,
    105, 111, 118, 119, 119, 115, 109, 110, 106, 103, 102, 108, 114, 119,
    124, 120, 124, 118, 113, 114, 114, 110, 111, 118, 122, 125, 121, 124,
    125, 118, 118, 115, 113, 114, 118, 123, 131, 139, 148, 156, 167, 176,
    184, 192, 199, 211, 217, 227, 233, 235, 241, 240, 243, 243, 245, 244,
    243, 245, 243, 245, 243, 244 ]
