%YAML:1.0
---
videoName: "RHShake15.mp4"
gestureLabel: 2
fps: 29
pixelSizeInCmTemp: 3.2808219178082193e-01
faceCenterPointX: 279
faceCenterPointY: 41
LHandPositionsX: [ 370, 370, 372, 370, 372, 371, 372, 370, 372, 369, 371,
    371, 369, 371, 369, 370, 371, 368, 369, 369, 371, 368, 369, 372, 371,
    368, 370, 368, 369, 370, 368, 368, 370, 371, 371, 372, 369, 368, 372,
    371, 368, 372, 370, 371, 372, 369, 369, 368, 371, 370, 371, 371, 372,
    370, 370, 372, 370, 370, 368, 369, 371, 368, 371, 369, 372, 371, 372,
    368, 368, 371, 370, 370, 368, 369, 369, 368, 369, 371, 370, 369, 370,
    370, 368, 369, 369, 372, 368, 368 ]
LHandPositionsY: [ 236, 233, 236, 233, 235, 233, 232, 233, 236, 232, 234,
    233, 235, 235, 236, 236, 234, 235, 235, 233, 233, 232, 234, 235, 233,
    235, 235, 234, 234, 232, 233, 232, 236, 233, 235, 236, 232, 233, 235,
    236, 236, 235, 232, 235, 234, 232, 232, 233, 235, 234, 234, 234, 231,
    234, 234, 231, 233, 234, 232, 234, 235, 231, 232, 235, 231, 233, 232,
    233, 231, 232, 234, 233, 232, 233, 235, 233, 231, 234, 232, 233, 232,
    231, 235, 233, 231, 235, 231, 233 ]
RHandPositionsX: [ 138, 126, 112, 112, 112, 109, 107, 106, 105, 111, 110,
    114, 116, 113, 108, 113, 111, 110, 105, 109, 113, 119, 114, 113, 112,
    106, 108, 109, 107, 106, 115, 115, 117, 116, 114, 113, 108, 111, 112,
    117, 109, 111, 117, 118, 120, 122, 121, 125, 123, 119, 119, 123, 125,
    125, 124, 125, 124, 125, 120, 122, 121, 122, 131, 133, 137, 143, 140,
    138, 141, 143, 145, 149, 151, 156, 155, 157, 157, 158, 157, 160, 159,
    159, 160, 160, 158, 159, 160, 159 ]
RHandPositionsY: [ 192, 174, 157, 143, 142, 141, 135, 127, 118, 113, 113,
    105, 105, 99, 97, 96, 96, 92, 95, 94, 94, 93, 95, 95, 92, 94, 94, 96,
    92, 96, 99, 104, 105, 102, 103, 103, 103, 102, 102, 106, 103, 105,
    112, 110, 108, 108, 102, 103, 106, 103, 104, 109, 111, 112, 115, 116,
    110, 109, 112, 113, 114, 117, 125, 134, 151, 165, 173, 180, 194, 203,
    210, 222, 229, 234, 241, 240, 246, 247, 248, 245, 247, 246, 245, 248,
    246, 245, 248, 246 ]
