%YAML:1.0
---
videoName: "RHShake08.mp4"
gestureLabel: 2
fps: 29
pixelSizeInCmTemp: 3.2808219178082193e-01
faceCenterPointX: 290
faceCenterPointY: 45
LHandPositionsX: [ 313, 317, 314, 314, 314, 316, 314, 312, 312, 311, 311,
    312, 312, 309, 310, 310, 311, 309, 307, 309, 308, 306, 310, 309, 308,
    308, 309, 308, 308, 308, 310, 310, 308, 309, 310, 308, 306, 310, 306,
    307, 306, 310, 310, 308, 307, 310, 310, 305, 305, 307, 306, 306, 309,
    307, 308, 307, 309, 306, 306, 305, 308, 309, 305, 307, 306, 309, 305,
    307, 305, 307, 308, 307, 309, 307, 306, 307, 306, 305, 305, 308, 308,
    305, 307, 307, 307, 309, 310, 309 ]
LHandPositionsY: [ 279, 280, 281, 280, 281, 280, 284, 282, 284, 284, 283,
    284, 281, 281, 282, 284, 283, 282, 282, 283, 281, 284, 282, 285, 283,
    285, 285, 282, 283, 285, 283, 284, 284, 281, 282, 281, 281, 284, 283,
    281, 285, 281, 283, 284, 283, 283, 283, 281, 281, 280, 284, 283, 282,
    280, 284, 280, 284, 282, 284, 280, 280, 280, 281, 280, 282, 280, 280,
    283, 283, 283, 282, 281, 281, 282, 281, 283, 280, 283, 283, 280, 281,
    283, 282, 284, 282, 282, 281, 280 ]
RHandPositionsX: [ 266, 267, 270, 272, 273, 272, 273, 276, 266, 258, 261,
    255, 248, 236, 219, 200, 184, 166, 154, 160, 164, 175, 201, 197, 204,
    202, 194, 190, 182, 179, 187, 193, 202, 199, 195, 195, 184, 180, 177,
    180, 189, 191, 186, 186, 184, 176, 174, 172, 177, 184, 186, 186, 192,
    186, 194, 192, 188, 201, 202, 219, 210, 205, 203, 200, 197, 195, 202,
    205, 214, 210, 212, 216, 224, 227, 242, 246, 251, 261, 263, 263, 267,
    267, 271, 270, 274, 273, 271, 269 ]
RHandPositionsY: [ 270, 267, 270, 267, 267, 268, 268, 269, 265, 262, 256,
    244, 231, 220, 203, 186, 171, 153, 133, 130, 114, 109, 105, 108, 107,
    106, 97, 95, 93, 93, 91, 95, 95, 97, 94, 91, 88, 85, 89, 88, 93, 91,
    91, 91, 89, 87, 84, 86, 89, 95, 94, 93, 101, 96, 94, 90, 93, 92, 100,
    95, 100, 100, 93, 95, 93, 96, 96, 100, 107, 109, 111, 124, 129, 142,
    157, 174, 193, 216, 228, 243, 260, 259, 257, 262, 264, 266, 266, 266 ]
