%YAML:1.0
---
videoName: "RHShake12.mp4"
gestureLabel: 2
fps: 29
pixelSizeInCmTemp: 3.3732394366197183e-01
faceCenterPointX: 299
faceCenterPointY: 45
LHandPositionsX: [ 404, 406, 405, 404, 406, 405, 408, 405, 404, 407, 406,
    405, 404, 408, 406, 407, 405, 404, 408, 404, 408, 404, 405, 404, 407,
    405, 408, 408, 408, 408, 407, 408, 405, 407, 407, 407, 406, 405, 404,
    406, 404, 406, 405, 408, 405, 406, 407, 405, 407, 408, 406, 405, 405,
    408, 407, 406, 408, 406, 408, 407, 404, 405, 406, 405, 408, 404, 408,
    407, 406, 407, 405, 407, 407, 408, 404, 405, 408, 405, 406, 404, 407,
    406, 406, 405, 405, 406, 405, 408 ]
LHandPositionsY: [ 242, 242, 240, 239, 242, 243, 242, 243, 240, 239, 243,
    243, 243, 240, 240, 241, 240, 241, 240, 241, 240, 240, 243, 239, 241,
    240, 240, 241, 239, 240, 241, 239, 239, 242, 240, 241, 242, 242, 239,
    243, 243, 239, 242, 241, 239, 241, 239, 239, 241, 241, 241, 239, 242,
    241, 240, 241, 239, 241, 241, 239, 242, 239, 243, 241, 240, 239, 240,
    240, 243, 243, 239, 243, 243, 241, 239, 240, 239, 242, 242, 242, 240,
    239, 242, 242, 241, 240, 239, 241 ]
RHandPositionsX: [ 170, 165, 163, 161, 161, 173, 181, 191, 193, 198, 191,
    184, 180, 170, 171, 168, 169, 176, 185, 185, 187, 185, 178, 174, 171,
    165, 170, 174, 186, 192, 191, 192, 182, 179, 175, 178, 171, 173, 179,
    191, 195, 194, 186, 179, 176, 178, 173, 174, 182, 190, 193, 191, 194,
    191, 185, 180, 175, 174, 174, 176, 180, 193, 199, 201, 201, 199, 193,
    191, 189, 187, 183, 183, 187, 195, 196, 200, 201, 202, 200, 200, 199,
    201, 196, 199, 199, 200, 202, 197 ]
RHandPositionsY: [ 141, 128, 118, 113, 104, 95, 97, 103, 108, 111, 101,
    94, 91, 91, 91, 86, 85, 90, 99, 101, 107, 95, 93, 89, 88, 82, 83, 91,
    102, 113, 112, 107, 99, 98, 94, 95, 89, 86, 98, 112, 115, 115, 105,
    97, 94, 93, 89, 86, 94, 111, 111, 112, 112, 101, 92, 93, 92, 89, 88,
    86, 94, 108, 119, 118, 119, 117, 114, 107, 114, 113, 118, 125, 135,
    149, 159, 163, 167, 174, 184, 193, 200, 210, 215, 222, 223, 228, 230,
    228 ]
