%YAML:1.0
---
videoName: "RHShake11.mp4"
gestureLabel: 2
fps: 29
pixelSizeInCmTemp: 3.3263888888888887e-01
faceCenterPointX: 274
faceCenterPointY: 53
LHandPositionsX: [ 312, 307, 310, 307, 307, 310, 307, 309, 308, 309, 311,
    307, 311, 310, 308, 307, 310, 311, 310, 310, 307, 307, 311, 311, 309,
    310, 310, 310, 311, 311, 307, 310, 310, 308, 311, 307, 309, 308, 309,
    307, 310, 311, 311, 308, 308, 308, 309, 311, 311, 308, 308, 307, 310,
    309, 308, 308, 311, 310, 309, 308, 309, 311, 309, 310, 310, 307, 310,
    310, 311, 311, 308, 309, 311, 311, 308, 310, 308, 305, 307, 306, 305,
    303, 303, 304, 307, 304, 304, 306 ]
LHandPositionsY: [ 249, 247, 246, 247, 245, 247, 245, 246, 249, 245, 247,
    247, 247, 248, 245, 246, 247, 245, 245, 245, 246, 247, 248, 249, 249,
    247, 247, 248, 249, 249, 249, 248, 249, 247, 247, 249, 249, 248, 249,
    245, 245, 245, 248, 248, 245, 248, 247, 247, 249, 247, 247, 247, 247,
    248, 248, 248, 249, 246, 245, 245, 245, 249, 247, 246, 248, 247, 249,
    246, 248, 248, 245, 247, 244, 243, 244, 244, 247, 244, 247, 244, 246,
    246, 246, 243, 243, 245, 246, 247 ]
RHandPositionsX: [ 247, 251, 248, 247, 235, 226, 211, 192, 176, 157, 146,
    139, 144, 143, 153, 159, 160, 167, 169, 171, 169, 162, 158, 153, 154,
    152, 158, 164, 169, 165, 168, 170, 164, 158, 155, 156, 152, 155, 160,
    166, 171, 169, 172, 169, 164, 162, 158, 157, 155, 160, 166, 170, 175,
    178, 179, 178, 171, 170, 165, 164, 159, 158, 161, 167, 171, 181, 191,
    205, 221, 231, 241, 250, 254, 259, 262, 260, 260, 262, 261, 260, 261,
    261, 262, 260, 262, 262, 261, 258 ]
RHandPositionsY: [ 246, 245, 246, 240, 230, 221, 208, 190, 174, 161, 140,
    126, 124, 111, 105, 103, 107, 106, 104, 102, 103, 99, 97, 97, 94, 94,
    93, 100, 102, 98, 101, 100, 96, 95, 97, 95, 94, 95, 100, 103, 105,
    104, 105, 106, 103, 104, 100, 99, 98, 98, 101, 108, 109, 105, 108,
    105, 104, 101, 101, 101, 102, 101, 105, 105, 119, 129, 144, 159, 172,
    189, 201, 211, 221, 228, 234, 237, 236, 238, 240, 240, 238, 238, 239,
    239, 242, 242, 238, 242 ]
