%YAML:1.0
---
videoName: "RHShake05.mp4"
gestureLabel: 2
fps: 30
pixelSizeInCmTemp: 3.1103896103896100e-01
faceCenterPointX: 295
faceCenterPointY: 47
LHandPositionsX: [ 410, 409, 412, 410, 410, 411, 409, 412, 408, 410, 412,
    408, 408, 409, 409, 412, 409, 412, 408, 408, 409, 408, 410, 412, 409,
    409, 410, 408, 410, 409, 410, 409, 411, 411, 409, 410, 408, 410, 412,
    408, 412, 412, 412, 409, 408, 411, 411, 408, 409, 412, 412, 408, 408,
    409, 410, 410, 411, 411, 412, 412, 409, 409, 408, 408, 409, 408, 408,
    409, 410, 408, 409, 411, 409, 409, 412, 409, 408, 410, 410, 408, 411,
    412, 410, 412, 410, 410, 409, 408, 412, 412, 409 ]
LHandPositionsY: [ 258, 259, 257, 260, 259, 259, 259, 257, 257, 258, 260,
    260, 260, 259, 259, 257, 259, 257, 261, 257, 259, 257, 257, 259, 259,
    258, 261, 261, 261, 257, 260, 260, 260, 259, 259, 261, 259, 257, 259,
    260, 258, 261, 259, 260, 260, 260, 260, 261, 260, 259, 258, 260, 259,
    258, 257, 257, 259, 261, 258, 260, 260, 261, 261, 261, 260, 260, 258,
    258, 259, 260, 259, 261, 257, 261, 258, 260, 258, 261, 260, 257, 259,
    261, 259, 257, 257, 257, 259, 257, 261, 257, 259 ]
RHandPositionsX: [ 175, 173, 176, 177, 177, 176, 173, 177, 177, 173, 176,
    172, 173, 173, 174, 172, 172, 175, 170, 173, 173, 173, 171, 178, 173,
    179, 181, 178, 172, 166, 151, 154, 154, 161, 162, 176, 188, 201, 190,
    182, 175, 174, 169, 170, 175, 176, 187, 181, 177, 172, 171, 169, 169,
    174, 178, 190, 185, 180, 171, 170, 168, 171, 176, 190, 192, 191, 187,
    183, 177, 181, 179, 180, 190, 193, 194, 192, 183, 176, 172, 175, 173,
    175, 180, 183, 190, 192, 181, 178, 177, 179, 178 ]
RHandPositionsY: [ 261, 260, 262, 261, 262, 259, 258, 262, 261, 262, 258,
    258, 258, 261, 258, 259, 261, 261, 259, 259, 261, 263, 263, 261, 259,
    253, 230, 205, 183, 157, 133, 127, 105, 90, 86, 93, 96, 91, 88, 86,
    81, 78, 78, 79, 84, 87, 84, 80, 77, 75, 73, 73, 80, 87, 87, 93, 88,
    86, 86, 83, 82, 85, 87, 94, 94, 93, 87, 86, 82, 85, 82, 88, 87, 90,
    93, 88, 89, 88, 88, 92, 109, 135, 159, 182, 204, 220, 225, 233, 241,
    248, 248 ]
