%YAML:1.0
---
videoName: "RHShake05.mp4"
gestureLabel: 2
fps: 30
pixelSizeInCmTemp: 3.1103896103896100e-01
faceCenterPointX: 295
faceCenterPointY: 47
LHandPositionsX: [ 410, 408, 409, 410, 412, 409, 408, 411, 408, 411, 409,
    411, 408, 408, 408, 412, 408, 411, 410, 410, 412, 410, 408, 411, 410,
    409, 408, 408, 409, 410, 409, 410, 408, 412, 410, 410, 409, 408, 411,
    408, 408, 411, 408, 411, 412, 412, 412, 410, 412, 409, 409, 409, 412,
    409, 411, 409, 411, 410, 409, 408, 410, 410, 410, 412, 411, 412, 411,
    411, 411, 408, 410, 411, 408, 408, 409, 412, 412, 408, 411, 410, 409,
    410, 410, 410, 410, 411, 410, 409, 409, 409, 410 ]
LHandPositionsY: [ 260, 261, 257, 258, 259, 257, 260, 261, 259, 257, 261,
    261, 260, 258, 257, 260, 260, 261, 260, 261, 258, 260, 259, 260, 257,
    261, 257, 257, 261, 260, 259, 261, 260, 260, 258, 257, 260, 260, 260,
    261, 258, 258, 260, 259, 257, 258, 260, 261, 260, 259, 258, 258, 257,
    258, 257, 261, 257, 258, 261, 261, 259, 259, 258, 258, 261, 258, 261,
    260, 258, 260, 261, 261, 257, 259, 257, 259, 260, 261, 259, 259, 260,
    259, 261, 258, 258, 260, 257, 259, 260, 260, 260 ]
RHandPositionsX: [ 173, 173, 177, 176, 177, 173, 177, 177, 175, 176, 176,
    174, 174, 172, 174, 173, 175, 175, 173, 173, 172, 172, 172, 177, 176,
    176, 181, 181, 173, 165, 151, 157, 154, 159, 162, 176, 187, 198, 190,
    184, 175, 174, 170, 167, 176, 177, 190, 183, 177, 173, 172, 166, 168,
    172, 180, 190, 185, 179, 172, 172, 167, 167, 177, 190, 194, 191, 185,
    180, 180, 178, 182, 181, 191, 191, 195, 192, 183, 173, 169, 174, 174,
    174, 182, 183, 189, 190, 184, 179, 179, 176, 178 ]
RHandPositionsY: [ 262, 261, 259, 261, 259, 261, 261, 258, 260, 262, 259,
    261, 258, 261, 261, 259, 258, 258, 261, 262, 258, 262, 263, 257, 257,
    251, 233, 206, 181, 154, 133, 130, 105, 94, 87, 91, 96, 91, 91, 83,
    82, 79, 79, 82, 84, 85, 82, 79, 80, 76, 72, 75, 79, 85, 85, 90, 90,
    84, 84, 82, 84, 82, 87, 93, 92, 94, 88, 84, 85, 84, 81, 88, 90, 92,
    90, 88, 88, 87, 88, 91, 109, 135, 155, 182, 203, 222, 225, 232, 243,
    250, 247 ]
