%YAML:1.0
---
videoName: "RHShake17.mp4"
gestureLabel: 2
fps: 29
pixelSizeInCmTemp: 3.3732394366197183e-01
faceCenterPointX: 282
faceCenterPointY: 40
LHandPositionsX: [ 306, 307, 308, 306, 306, 306, 308, 305, 307, 305, 307,
    308, 308, 307, 307, 308, 306, 305, 305, 308, 307, 309, 307, 309, 305,
    309, 305, 306, 308, 305, 306, 306, 307, 308, 306, 309, 305, 306, 305,
    306, 309, 308, 309, 309, 310, 309, 306, 307, 308, 306, 310, 311, 308,
    309, 309, 307, 311, 309, 308, 309, 310, 307, 309, 310, 309, 309, 311,
    309, 307, 308, 308, 308, 309, 306, 306, 309, 307, 309, 307, 307, 305,
    306, 308, 307, 305, 307, 306, 308 ]
LHandPositionsY: [ 231, 234, 233, 234, 235, 233, 235, 235, 232, 231, 234,
    234, 234, 234, 234, 233, 231, 231, 232, 233, 232, 232, 235, 235, 233,
    235, 234, 232, 234, 234, 232, 232, 235, 233, 232, 231, 231, 235, 233,
    233, 235, 234, 231, 232, 231, 231, 233, 233, 231, 232, 231, 234, 232,
    234, 234, 233, 233, 233, 232, 235, 233, 235, 232, 234, 234, 235, 233,
    235, 232, 233, 231, 233, 232, 233, 234, 234, 232, 231, 233, 235, 233,
    232, 232, 232, 232, 235, 235, 231 ]
RHandPositionsX: [ 210, 197, 175, 158, 139, 141, 142, 147, 142, 144, 145,
    151, 155, 152, 150, 148, 142, 143, 140, 148, 165, 158, 158, 151, 151,
    145, 145, 144, 148, 151, 154, 157, 158, 153, 148, 144, 141, 141, 138,
    152, 152, 154, 154, 161, 152, 153, 147, 151, 156, 157, 173, 170, 168,
    164, 157, 159, 151, 152, 149, 152, 154, 164, 172, 178, 177, 177, 175,
    178, 171, 171, 177, 170, 171, 167, 169, 167, 169, 172, 168, 168, 168,
    168, 167, 170, 170, 169, 168, 168 ]
RHandPositionsY: [ 202, 187, 167, 151, 126, 110, 108, 101, 95, 93, 98,
    90, 80, 81, 75, 71, 71, 70, 70, 75, 77, 78, 75, 69, 69, 67, 67, 68,
    67, 67, 66, 69, 66, 65, 68, 66, 63, 65, 69, 81, 81, 83, 80, 76, 76,
    74, 74, 72, 72, 74, 90, 91, 86, 81, 80, 76, 80, 77, 77, 83, 92, 108,
    118, 136, 147, 157, 168, 182, 190, 194, 208, 214, 224, 231, 233, 232,
    239, 241, 239, 241, 240, 242, 240, 243, 242, 245, 243, 244 ]
