%YAML:1.0
---
videoName: "RHShake08.mp4"
gestureLabel: 2
fps: 29
pixelSizeInCmTemp: 3.2808219178082193e-01
faceCenterPointX: 290
faceCenterPointY: 45
LHandPositionsX: [ 317, 316, 314, 316, 314, 316, 313, 316, 311, 311, 310,
    313, 309, 312, 307, 309, 309, 311, 306, 307, 306, 307, 306, 306, 306,
    309, 308, 306, 307, 310, 307, 308, 307, 308, 309, 307, 309, 309, 307,
    306, 307, 309, 308, 308, 307, 309, 310, 305, 307, 308, 307, 305, 306,
    309, 309, 309, 307, 308, 306, 305, 305, 308, 309, 305, 306, 306, 306,
    308, 309, 308, 308, 307, 306, 309, 309, 305, 309, 308, 308, 307, 305,
    309, 306, 309, 310, 310, 307, 310 ]
LHandPositionsY: [ 282, 282, 283, 282, 282, 282, 282, 283, 283, 285, 281,
    283, 283, 283, 281, 284, 282, 281, 285, 285, 283, 283, 281, 281, 285,
    282, 284, 285, 281, 285, 282, 285, 284, 285, 281, 284, 282, 282, 281,
    285, 281, 285, 281, 282, 280, 284, 282, 282, 281, 284, 283, 283, 284,
    280, 284, 284, 283, 280, 284, 280, 284, 280, 283, 283, 281, 282, 282,
    284, 280, 284, 283, 282, 284, 283, 283, 280, 282, 280, 281, 280, 284,
    284, 283, 280, 283, 281, 282, 283 ]
RHandPositionsX: [ 269, 268, 268, 270, 270, 271, 272, 279, 264, 259, 259,
    257, 251, 234, 218, 203, 187, 163, 157, 161, 166, 176, 199, 196, 205,
    201, 193, 191, 184, 179, 189, 193, 202, 198, 194, 196, 184, 180, 180,
    177, 189, 191, 188, 185, 181, 177, 172, 175, 173, 184, 187, 186, 189,
    189, 194, 192, 188, 200, 205, 218, 214, 204, 202, 201, 199, 194, 202,
    208, 216, 214, 210, 218, 223, 231, 241, 249, 250, 265, 264, 266, 268,
    268, 270, 272, 276, 276, 272, 270 ]
RHandPositionsY: [ 268, 270, 266, 266, 267, 266, 266, 266, 266, 261, 252,
    242, 229, 218, 204, 183, 173, 152, 130, 127, 115, 110, 108, 108, 109,
    104, 98, 92, 93, 90, 92, 91, 94, 96, 92, 92, 88, 88, 86, 87, 93, 94,
    92, 92, 91, 89, 88, 86, 91, 92, 94, 95, 97, 96, 93, 93, 90, 93, 99,
    96, 100, 101, 93, 93, 92, 94, 97, 100, 106, 109, 111, 127, 129, 145,
    160, 174, 191, 214, 230, 244, 259, 260, 258, 260, 260, 265, 264, 266 ]
