%YAML:1.0
---
videoName: "RHShake24.mp4"
gestureLabel: 2
fps: 30
pixelSizeInCmTemp: 3.3732394366197183e-01
faceCenterPointX: 304
faceCenterPointY: 46
LHandPositionsX: [ 393, 391, 391, 393, 389, 392, 393, 390, 389, 393, 390,
    391, 389, 392, 391, 390, 393, 393, 390, 390, 392, 392, 391, 389, 391,
    390, 389, 390, 392, 391, 392, 390, 390, 391, 393, 392, 391, 389, 391,
    391, 389, 393, 393, 393, 391, 393, 393, 389, 389, 391, 392, 390, 392,
    389, 391, 392, 391, 391, 393, 391, 393, 392, 391, 391, 390, 390, 391,
    391, 391, 392, 393, 392, 391, 392, 392, 389, 393, 389, 392, 391, 391,
    389, 393, 389, 389, 392, 392, 390, 393, 391, 391 ]
LHandPositionsY: [ 227, 227, 228, 225, 228, 226, 229, 227, 228, 225, 225,
    227, 227, 225, 227, 227, 226, 226, 225, 229, 229, 227, 229, 229, 225,
    226, 229, 226, 225, 228, 225, 225, 225, 228, 228, 227, 228, 226, 229,
    228, 227, 225, 225, 226, 226, 229, 225, 227, 228, 229, 229, 228, 228,
    227, 228, 227, 228, 229, 227, 228, 228, 228, 229, 229, 229, 226, 229,
    228, 227, 226, 227, 229, 227, 227, 225, 226, 226, 229, 229, 226, 229,
    229, 227, 225, 226, 228, 228, 227, 229, 225, 225 ]
RHandPositionsX: [ 141, 146, 149, 150, 153, 153, 152, 150, 145, 142, 138,
    137, 142, 155, 162, 164, 163, 161, 162, 156, 150, 142, 144, 139, 140,
    147, 156, 158, 158, 159, 158, 157, 149, 143, 143, 143, 149, 151, 156,
    160, 160, 165, 158, 157, 150, 142, 140, 141, 142, 150, 161, 163, 164,
    169, 168, 165, 157, 149, 152, 148, 148, 147, 151, 166, 168, 170, 170,
    172, 176, 177, 182, 181, 183, 186, 189, 193, 191, 195, 193, 193, 193,
    195, 193, 192, 196, 196, 193, 194, 194, 194, 193 ]
RHandPositionsY: [ 95, 103, 103, 100, 105, 98, 95, 88, 85, 87, 84, 84,
    84, 101, 111, 113, 112, 115, 106, 100, 98, 98, 97, 94, 90, 99, 109,
    113, 113, 114, 106, 99, 95, 96, 95, 94, 89, 96, 104, 107, 106, 114,
    106, 105, 101, 101, 98, 94, 95, 109, 119, 119, 121, 122, 118, 106,
    100, 102, 103, 100, 96, 95, 106, 114, 112, 118, 119, 124, 132, 143,
    148, 150, 153, 160, 166, 170, 180, 188, 197, 201, 209, 211, 212, 214,
    217, 218, 222, 225, 224, 224, 226 ]
