%YAML:1.0
---
videoName: "RHShake20.mp4"
gestureLabel: 2
fps: 29
pixelSizeInCmTemp: 3.3263888888888887e-01
faceCenterPointX: 286
faceCenterPointY: 45
LHandPositionsX: [ 390, 394, 392, 391, 392, 393, 393, 391, 392, 394, 390,
    390, 390, 392, 392, 394, 394, 390, 393, 393, 393, 392, 390, 393, 393,
    392, 393, 393, 394, 392, 391, 394, 391, 393, 394, 392, 394, 391, 391,
    391, 392, 390, 391, 393, 390, 391, 392, 391, 393, 392, 393, 392, 390,
    390, 393, 394, 391, 391, 394, 394, 392, 392, 391, 392, 392, 391, 391,
    393, 391, 394, 393, 391, 394, 391, 392, 393, 392, 390, 392, 394, 390,
    391, 390, 392, 391, 392, 393, 393 ]
LHandPositionsY: [ 245, 245, 246, 246, 242, 242, 244, 244, 243, 241, 244,
    243, 240, 240, 243, 243, 239, 242, 239, 243, 242, 241, 241, 241, 242,
    242, 240, 239, 240, 242, 243, 243, 243, 239, 242, 242, 239, 240, 240,
    241, 239, 243, 241, 239, 242, 243, 239, 239, 240, 243, 243, 243, 241,
    239, 241, 240, 239, 243, 241, 240, 242, 239, 239, 242, 240, 241, 241,
    242, 243, 241, 240, 242, 241, 239, 240, 239, 243, 240, 239, 241, 240,
    239, 239, 243, 243, 241, 241, 239 ]
RHandPositionsX: [ 165, 162, 162, 158, 154, 153, 151, 154, 156, 158, 163,
    160, 158, 157, 150, 150, 148, 148, 159, 163, 161, 163, 156, 155, 152,
    153, 150, 150, 160, 163, 164, 160, 155, 156, 155, 155, 149, 150, 160,
    167, 166, 168, 164, 164, 159, 151, 153, 154, 158, 163, 164, 167, 165,
    168, 168, 169, 166, 163, 164, 158, 165, 166, 173, 179, 180, 187, 186,
    187, 186, 184, 183, 180, 181, 179, 176, 180, 181, 178, 179, 177, 180,
    176, 180, 176, 180, 180, 179, 178 ]
RHandPositionsY: [ 108, 110, 105, 104, 100, 99, 99, 100, 103, 104, 100,
    103, 98, 99, 97, 99, 98, 102, 114, 112, 116, 117, 113, 110, 109, 106,
    108, 109, 120, 116, 120, 116, 113, 107, 107, 106, 103, 106, 115, 122,
    120, 120, 122, 116, 114, 112, 111, 112, 113, 116, 124, 125, 122, 126,
    121, 122, 114, 116, 111, 111, 118, 124, 131, 139, 145, 153, 165, 179,
    187, 194, 199, 210, 221, 228, 235, 235, 241, 238, 241, 243, 244, 245,
    245, 245, 247, 243, 243, 243 ]
