%YAML:1.0
---
videoName: "RHShake17.mp4"
gestureLabel: 2
fps: 29
pixelSizeInCmTemp: 3.3732394366197183e-01
faceCenterPointX: 282
faceCenterPointY: 40
LHandPositionsX: [ 305, 309, 306, 306, 308, 307, 307, 308, 307, 308, 309,
    308, 305, 305, 307, 308, 307, 308, 309, 307, 306, 306, 309, 308, 305,
    307, 308, 305, 307, 305, 305, 306, 307, 307, 305, 307, 306, 307, 308,
    310, 308, 310, 308, 308, 307, 307, 310, 306, 306, 309, 311, 307, 309,
    309, 307, 309, 311, 310, 308, 310, 311, 309, 307, 310, 308, 311, 308,
    310, 309, 310, 307, 309, 306, 310, 310, 307, 308, 307, 308, 307, 306,
    305, 306, 307, 305, 306, 308, 309 ]
LHandPositionsY: [ 235, 234, 234, 235, 233, 234, 234, 234, 234, 233, 232,
    233, 232, 235, 231, 232, 233, 233, 232, 233, 234, 233, 231, 232, 232,
    233, 231, 235, 232, 231, 233, 234, 235, 234, 235, 235, 234, 234, 235,
    232, 231, 231, 234, 231, 231, 234, 233, 235, 234, 235, 231, 231, 232,
    231, 234, 235, 231, 235, 231, 231, 233, 234, 231, 233, 231, 234, 234,
    232, 233, 235, 231, 231, 233, 232, 235, 234, 234, 231, 234, 233, 233,
    234, 235, 234, 231, 232, 231, 235 ]
RHandPositionsX: [ 212, 194, 176, 159, 138, 144, 143, 145, 144, 140, 145,
    149, 157, 154, 146, 147, 141, 140, 140, 148, 163, 160, 158, 151, 148,
    147, 145, 141, 146, 155, 155, 161, 162, 154, 151, 147, 143, 138, 137,
    155, 153, 154, 155, 160, 153, 151, 148, 153, 156, 159, 173, 168, 165,
    164, 161, 158, 151, 154, 147, 151, 154, 163, 173, 175, 179, 179, 175,
    176, 173, 171, 176, 170, 170, 168, 171, 168, 173, 172, 172, 167, 171,
    170, 168, 168, 166, 168, 168, 168 ]
RHandPositionsY: [ 200, 186, 168, 149, 130, 110, 109, 105, 94, 93, 95,
    92, 84, 78, 77, 70, 68, 69, 70, 71, 76, 77, 72, 72, 68, 69, 68, 66,
    68, 66, 68, 67, 68, 66, 65, 63, 64, 64, 68, 85, 80, 81, 82, 78, 75,
    76, 72, 73, 74, 75, 92, 88, 84, 82, 78, 76, 80, 81, 78, 81, 90, 107,
    119, 135, 147, 158, 171, 181, 191, 198, 209, 214, 224, 230, 233, 236,
    238, 241, 239, 242, 241, 243, 242, 242, 243, 244, 246, 245 ]
