%YAML:1.0
---
videoName: "RHShake10.mp4"
gestureLabel: 2
fps: 29
pixelSizeInCmTemp: 3.1933333333333330e-01
faceCenterPointX: 295
faceCenterPointY: 45
LHandPositionsX: [ 340, 341, 339, 339, 339, 339, 337, 336, 334, 331, 331,
    330, 330, 327, 325, 328, 329, 327, 326, 328, 330, 330, 326, 329, 328,
    327, 326, 329, 329, 326, 330, 328, 328, 330, 330, 328, 328, 329, 329,
    327, 327, 326, 326, 328, 328, 326, 330, 330, 326, 328, 330, 330, 326,
    326, 329, 328, 329, 326, 329, 326, 327, 330, 328, 328, 328, 329, 326,
    330, 326, 327, 326, 329, 326, 329, 329, 327, 328, 328, 329, 331, 328,
    330, 330, 330, 329, 329, 328, 326 ]
LHandPositionsY: [ 265, 268, 268, 264, 264, 267, 270, 268, 269, 270, 269,
    272, 271, 274, 272, 271, 274, 273, 271, 273, 273, 272, 271, 273, 271,
    270, 271, 270, 272, 272, 270, 272, 273, 269, 272, 273, 271, 270, 272,
    270, 271, 269, 270, 272, 272, 272, 271, 268, 272, 270, 272, 271, 272,
    270, 271, 271, 270, 268, 268, 272, 271, 270, 268, 268, 270, 271, 270,
    272, 268, 270, 272, 271, 271, 270, 271, 267, 268, 269, 267, 268, 269,
    271, 267, 269, 269, 272, 269, 273 ]
RHandPositionsX: [ 259, 263, 264, 260, 261, 261, 262, 260, 259, 259, 259,
    260, 259, 258, 261, 260, 257, 253, 258, 251, 242, 223, 199, 181, 167,
    154, 134, 138, 137, 137, 146, 152, 152, 162, 166, 164, 159, 160, 162,
    157, 161, 170, 181, 183, 175, 177, 170, 169, 169, 170, 172, 189, 191,
    196, 192, 183, 176, 178, 174, 179, 180, 189, 190, 192, 191, 181, 179,
    175, 173, 181, 178, 190, 196, 202, 213, 217, 224, 230, 236, 245, 253,
    250, 248, 257, 263, 260, 259, 260 ]
RHandPositionsY: [ 266, 268, 267, 266, 264, 263, 265, 266, 266, 266, 267,
    266, 265, 269, 268, 268, 268, 268, 266, 258, 243, 227, 210, 191, 170,
    149, 129, 115, 112, 98, 88, 88, 86, 91, 85, 84, 82, 76, 80, 79, 78,
    82, 85, 86, 81, 77, 77, 75, 75, 80, 83, 86, 91, 94, 87, 82, 81, 83,
    81, 82, 87, 95, 90, 94, 89, 90, 84, 83, 82, 85, 95, 104, 128, 145,
    164, 177, 195, 213, 226, 244, 258, 259, 261, 263, 268, 266, 269, 270 ]
