%YAML:1.0
---
videoName: "RHShake00.mp4"
gestureLabel: 2
fps: 29
pixelSizeInCmTemp: 3.4710144927536229e-01
faceCenterPointX: 283
faceCenterPointY: 97
LHandPositionsX: [ 344, 343, 343, 346, 345, 344, 344, 346, 345, 343, 346,
    345, 346, 345, 342, 342, 342, 342, 343, 342, 346, 345, 344, 342, 343,
    346, 344, 346, 343, 346, 344, 344, 344, 342, 346, 344, 346, 345, 342,
    344, 345, 344, 346, 342, 344, 346, 342, 342, 345, 345, 343, 345, 346,
    345, 345, 343, 345, 343, 344, 346, 344, 343, 343, 343, 343, 345, 346,
    345, 342, 342, 345, 346, 343, 344, 342, 343, 344, 342, 343, 346, 345,
    346, 345, 345, 345, 342, 342, 346 ]
LHandPositionsY: [ 272, 276, 274, 273, 274, 272, 275, 275, 274, 276, 272,
    273, 273, 274, 272, 274, 274, 276, 274, 273, 274, 273, 272, 273, 273,
    273, 275, 272, 274, 274, 276, 275, 273, 272, 273, 274, 276, 272, 272,
    273, 272, 276, 276, 273, 272, 276, 272, 275, 275, 273, 275, 274, 273,
    276, 276, 273, 272, 275, 276, 276, 275, 272, 276, 276, 272, 274, 276,
    272, 274, 273, 276, 273, 272, 276, 273, 273, 274, 272, 273, 272, 276,
    275, 274, 276, 274, 275, 273, 272 ]
RHandPositionsX: [ 179, 172, 166, 153, 148, 148, 148, 146, 142, 144, 142,
    146, 149, 168, 166, 163, 169, 167, 162, 160, 151, 151, 147, 148, 151,
    165, 164, 167, 167, 164, 156, 150, 152, 147, 151, 157, 162, 160, 162,
    162, 161, 155, 149, 145, 137, 147, 149, 154, 154, 156, 157, 163, 158,
    151, 145, 147, 146, 149, 153, 163, 163, 161, 165, 162, 158, 153, 144,
    142, 140, 145, 151, 155, 156, 161, 162, 166, 172, 174, 178, 178, 182,
    186, 187, 190, 193, 195, 196, 195 ]
RHandPositionsY: [ 258, 250, 244, 219, 200, 188, 175, 167, 161, 152, 144,
    134, 132, 134, 140, 141, 132, 131, 126, 124, 120, 123, 118, 118, 125,
    133, 132, 132, 135, 133, 126, 124, 124, 123, 130, 135, 140, 138, 138,
    136, 140, 133, 133, 133, 128, 135, 131, 134, 139, 140, 140, 139, 136,
    130, 128, 131, 134, 129, 140, 145, 146, 143, 145, 145, 140, 137, 138,
    135, 141, 151, 155, 164, 166, 176, 182, 192, 200, 206, 212, 223, 229,
    235, 242, 247, 251, 260, 260, 262 ]
