%YAML:1.0
---
videoName: "RHShake06.mp4"
gestureLabel: 2
fps: 30
pixelSizeInCmTemp: 3.2808219178082193e-01
faceCenterPointX: 293
faceCenterPointY: 43
LHandPositionsX: [ 308, 308, 308, 309, 306, 306, 306, 308, 306, 308, 309,
    308, 310, 308, 307, 311, 310, 312, 315, 318, 321, 319, 320, 319, 323,
    319, 322, 321, 321, 319, 320, 321, 325, 325, 323, 326, 324, 324, 325,
    323, 324, 325, 323, 325, 322, 326, 325, 324, 325, 324, 322, 325, 325,
    324, 325, 323, 324, 322, 325, 326, 322, 324, 325, 325, 326, 326, 324,
    324, 323, 322, 324, 326, 323, 324, 324, 322, 323, 324, 326, 324, 326,
    324, 325, 320, 318, 313, 310, 309, 309, 309, 312 ]
LHandPositionsY: [ 267, 268, 267, 270, 266, 266, 268, 266, 269, 266, 268,
    269, 267, 269, 266, 266, 268, 270, 266, 266, 264, 261, 262, 262, 262,
    259, 263, 258, 262, 258, 258, 259, 262, 258, 259, 262, 258, 262, 260,
    261, 262, 258, 259, 261, 261, 260, 258, 260, 259, 259, 261, 258, 261,
    262, 261, 261, 261, 260, 261, 260, 259, 259, 259, 258, 260, 259, 261,
    259, 262, 261, 258, 261, 260, 258, 259, 259, 260, 262, 260, 260, 262,
    262, 261, 262, 262, 265, 265, 266, 263, 263, 266 ]
RHandPositionsX: [ 288, 287, 286, 288, 284, 287, 284, 284, 284, 285, 285,
    287, 284, 287, 284, 287, 287, 283, 276, 264, 246, 225, 203, 177, 158,
    147, 139, 136, 141, 138, 143, 146, 163, 166, 163, 163, 160, 160, 159,
    155, 163, 172, 180, 187, 187, 187, 179, 172, 168, 170, 169, 166, 176,
    184, 184, 183, 183, 188, 179, 170, 171, 163, 168, 182, 178, 176, 175,
    171, 164, 159, 167, 164, 170, 180, 193, 194, 207, 224, 231, 242, 247,
    254, 254, 248, 247, 252, 257, 253, 253, 255, 254 ]
RHandPositionsY: [ 270, 266, 270, 270, 269, 268, 270, 266, 270, 270, 269,
    268, 269, 267, 266, 268, 268, 268, 265, 260, 249, 235, 219, 197, 181,
    159, 138, 122, 111, 106, 112, 119, 128, 117, 109, 105, 98, 89, 92,
    93, 92, 96, 95, 97, 98, 96, 92, 92, 88, 88, 84, 88, 94, 100, 100,
    100, 95, 98, 97, 96, 91, 90, 95, 103, 100, 101, 102, 101, 105, 104,
    115, 127, 145, 160, 175, 181, 196, 205, 214, 225, 232, 235, 235, 237,
    240, 242, 244, 244, 242, 243, 242 ]
