%YAML:1.0
---
videoName: "RHShake01.mp4"
gestureLabel: 2
fps: 29
pixelSizeInCmTemp: 3.1513157894736843e-01
faceCenterPointX: 292
faceCenterPointY: 51
LHandPositionsX: [ 396, 394, 395, 393, 396, 394, 393, 394, 392, 396, 394,
    394, 394, 395, 392, 394, 391, 392, 393, 393, 393, 394, 391, 391, 391,
    391, 395, 392, 392, 392, 395, 391, 393, 391, 395, 391, 392, 391, 391,
    391, 395, 392, 392, 391, 395, 394, 395, 391, 393, 393, 393, 395, 391,
    393, 393, 395, 394, 393, 394, 395, 393, 391, 391, 393, 395, 393, 392,
    395, 392, 395, 395, 395, 392, 393, 393, 392, 395, 394, 391, 393, 391,
    395, 395, 393, 395, 395, 391, 395 ]
LHandPositionsY: [ 254, 257, 253, 253, 253, 253, 257, 255, 254, 256, 255,
    253, 253, 253, 254, 256, 255, 254, 255, 255, 256, 254, 253, 254, 257,
    255, 256, 256, 253, 256, 257, 254, 254, 254, 255, 257, 254, 257, 255,
    257, 256, 255, 255, 254, 254, 257, 254, 256, 256, 255, 257, 253, 254,
    254, 256, 253, 253, 257, 257, 256, 257, 257, 257, 253, 256, 257, 256,
    257, 254, 256, 254, 254, 255, 256, 254, 257, 255, 255, 257, 253, 254,
    257, 255, 253, 254, 256, 257, 256 ]
RHandPositionsX: [ 171, 168, 170, 169, 170, 170, 168, 171, 169, 170, 168,
    170, 170, 168, 171, 167, 167, 171, 171, 170, 169, 171, 172, 170, 170,
    170, 172, 175, 173, 171, 165, 158, 159, 151, 158, 159, 170, 181, 191,
    194, 192, 189, 181, 175, 175, 176, 175, 188, 195, 195, 191, 189, 183,
    178, 176, 179, 176, 185, 184, 194, 189, 196, 193, 185, 182, 178, 175,
    183, 188, 192, 193, 198, 195, 199, 195, 191, 189, 187, 186, 182, 179,
    176, 172, 175, 171, 171, 174, 172 ]
RHandPositionsY: [ 280, 276, 279, 280, 279, 277, 277, 280, 277, 276, 276,
    276, 279, 280, 277, 280, 278, 277, 280, 279, 278, 276, 276, 278, 278,
    274, 265, 245, 229, 209, 185, 166, 153, 133, 132, 118, 109, 107, 112,
    112, 108, 102, 99, 97, 98, 96, 96, 98, 103, 101, 98, 96, 93, 94, 91,
    92, 97, 101, 100, 102, 103, 99, 100, 97, 98, 94, 94, 96, 103, 105,
    110, 121, 132, 146, 159, 179, 189, 201, 205, 210, 222, 226, 234, 242,
    240, 243, 245, 248 ]
