%YAML:1.0
---
videoName: "RHShake20.mp4"
gestureLabel: 2
fps: 29
pixelSizeInCmTemp: 3.3263888888888887e-01
faceCenterPointX: 286
faceCenterPointY: 45
LHandPositionsX: [ 391, 392, 391, 391, 390, 390, 392, 391, 393, 390, 393,
    390, 393, 390, 394, 392, 390, 391, 390, 393, 392, 391, 390, 391, 392,
    393, 394, 394, 391, 394, 394, 390, 392, 393, 393, 394, 393, 390, 392,
    391, 391, 392, 392, 394, 390, 390, 390, 393, 392, 394, 392, 390, 390,
    392, 393, 394, 391, 393, 394, 394, 390, 391, 393, 392, 394, 391, 390,
    390, 390, 390, 390, 391, 392, 391, 393, 392, 393, 390, 391, 390, 393,
    391, 393, 391, 391, 390, 393, 394 ]
LHandPositionsY: [ 247, 242, 246, 245, 243, 245, 241, 245, 242, 241, 241,
    243, 240, 243, 239, 239, 243, 241, 243, 240, 239, 239, 241, 240, 240,
    239, 242, 241, 243, 240, 241, 239, 239, 241, 243, 243, 241, 239, 239,
    243, 243, 240, 239, 242, 241, 239, 241, 239, 243, 242, 241, 242, 242,
    240, 239, 243, 239, 241, 243, 243, 242, 239, 242, 240, 242, 243, 240,
    240, 243, 239, 240, 241, 239, 240, 242, 240, 241, 241, 239, 239, 240,
    239, 240, 243, 241, 240, 240, 240 ]
RHandPositionsX: [ 165, 159, 159, 157, 155, 153, 154, 155, 155, 158, 163,
    162, 158, 156, 151, 149, 147, 151, 160, 161, 161, 163, 160, 152, 154,
    151, 152, 151, 162, 160, 161, 159, 159, 154, 159, 153, 149, 152, 158,
    166, 168, 164, 166, 160, 158, 152, 151, 151, 156, 162, 167, 169, 168,
    166, 168, 168, 165, 163, 160, 157, 165, 169, 174, 176, 181, 186, 185,
    186, 184, 181, 184, 180, 179, 177, 176, 179, 180, 178, 179, 180, 176,
    178, 176, 176, 177, 179, 178, 179 ]
RHandPositionsY: [ 108, 106, 102, 104, 102, 99, 99, 98, 100, 102, 104,
    101, 97, 98, 96, 98, 97, 105, 113, 116, 115, 115, 114, 111, 106, 106,
    108, 107, 116, 117, 119, 113, 113, 109, 107, 103, 106, 108, 116, 120,
    120, 121, 120, 117, 113, 114, 115, 111, 110, 117, 122, 126, 122, 125,
    122, 121, 114, 117, 112, 113, 118, 123, 131, 137, 145, 156, 165, 176,
    183, 192, 199, 212, 221, 226, 231, 235, 239, 240, 242, 241, 244, 245,
    245, 246, 246, 246, 243, 246 ]
