%YAML:1.0
---
videoName: "RHShake21.mp4"
gestureLabel: 2
fps: 29
pixelSizeInCmTemp: 3.3732394366197183e-01
faceCenterPointX: 293
faceCenterPointY: 47
LHandPositionsX: [ 398, 396, 398, 395, 395, 395, 394, 394, 396, 394, 396,
    397, 394, 394, 398, 395, 397, 397, 397, 395, 396, 395, 394, 396, 397,
    397, 394, 396, 398, 394, 398, 396, 396, 396, 395, 394, 396, 396, 396,
    397, 397, 396, 397, 396, 398, 398, 397, 395, 398, 397, 398, 396, 395,
    394, 397, 397, 397, 394, 397, 396, 396, 394, 396, 395, 396, 396, 398,
    396, 398, 396, 394, 398, 395, 395, 396, 397, 395, 398, 394, 394, 394,
    396, 395, 394, 395, 396, 395, 397 ]
LHandPositionsY: [ 241, 240, 240, 242, 239, 240, 242, 238, 241, 239, 240,
    241, 242, 242, 240, 241, 241, 241, 238, 242, 240, 238, 239, 238, 240,
    238, 239, 239, 241, 238, 240, 238, 238, 239, 240, 239, 240, 238, 239,
    238, 241, 242, 241, 238, 242, 240, 239, 242, 239, 240, 242, 240, 238,
    240, 239, 241, 241, 238, 241, 239, 241, 242, 241, 242, 239, 238, 238,
    240, 242, 239, 242, 239, 241, 242, 240, 240, 239, 239, 241, 241, 242,
    240, 239, 242, 239, 239, 239, 238 ]
RHandPositionsX: [ 134, 142, 142, 145, 148, 144, 144, 138, 137, 135, 133,
    139, 144, 151, 148, 150, 145, 142, 141, 137, 137, 135, 140, 143, 148,
    149, 151, 151, 144, 146, 140, 135, 138, 139, 143, 148, 148, 152, 149,
    145, 140, 136, 139, 133, 137, 142, 147, 148, 148, 149, 145, 143, 136,
    134, 133, 135, 141, 148, 156, 164, 170, 175, 179, 182, 181, 184, 188,
    189, 189, 188, 192, 188, 187, 186, 190, 186, 185, 189, 187, 185, 188,
    186, 188, 187, 189, 187, 186, 186 ]
RHandPositionsY: [ 80, 89, 87, 89, 86, 86, 81, 82, 82, 80, 81, 87, 87,
    90, 89, 90, 90, 84, 84, 86, 84, 81, 82, 89, 91, 90, 94, 92, 92, 88,
    85, 85, 82, 83, 85, 91, 94, 92, 91, 89, 85, 89, 85, 88, 84, 90, 97,
    96, 97, 98, 97, 95, 94, 91, 92, 93, 94, 107, 117, 126, 137, 152, 154,
    152, 158, 169, 178, 189, 200, 208, 214, 216, 222, 227, 224, 225, 228,
    229, 228, 228, 229, 229, 228, 229, 231, 229, 227, 231 ]
