%YAML:1.0
---
videoName: "RHShake11.mp4"
gestureLabel: 2
fps: 29
pixelSizeInCmTemp: 3.3263888888888887e-01
faceCenterPointX: 274
faceCenterPointY: 53
LHandPositionsX: [ 310, 309, 311, 311, 311, 311, 309, 308, 308, 310, 311,
    309, 310, 308, 308, 311, 308, 311, 309, 307, 308, 310, 310, 308, 309,
    309, 308, 309, 311, 310, 310, 307, 308, 308, 311, 311, 307, 308, 310,
    311, 311, 309, 307, 308, 309, 311, 310, 311, 309, 311, 309, 308, 310,
    311, 310, 311, 310, 309, 311, 310, 309, 308, 310, 307, 308, 311, 310,
    310, 311, 307, 307, 311, 310, 309, 311, 307, 305, 308, 309, 304, 307,
    304, 306, 307, 306, 307, 303, 303 ]
LHandPositionsY: [ 247, 246, 248, 248, 247, 247, 248, 249, 249, 247, 249,
    246, 247, 249, 248, 248, 245, 248, 248, 247, 247, 249, 245, 245, 247,
    245, 247, 247, 246, 246, 249, 248, 245, 247, 245, 246, 249, 248, 247,
    246, 247, 249, 249, 246, 249, 247, 246, 246, 245, 249, 248, 247, 248,
    246, 248, 248, 246, 246, 246, 249, 249, 248, 246, 245, 246, 248, 248,
    249, 245, 248, 244, 246, 245, 246, 243, 246, 245, 246, 243, 247, 243,
    244, 247, 246, 247, 246, 245, 247 ]
RHandPositionsX: [ 248, 251, 251, 246, 238, 228, 211, 194, 175, 159, 148,
    138, 146, 144, 152, 160, 159, 163, 168, 174, 169, 162, 159, 156, 153,
    155, 158, 165, 168, 168, 170, 170, 165, 161, 158, 157, 154, 154, 160,
    165, 167, 170, 170, 168, 167, 160, 159, 156, 158, 157, 164, 171, 172,
    176, 177, 179, 171, 170, 165, 164, 158, 155, 162, 164, 169, 183, 195,
    206, 220, 232, 241, 246, 257, 260, 260, 261, 262, 259, 263, 262, 259,
    262, 258, 259, 259, 259, 261, 260 ]
RHandPositionsY: [ 248, 248, 245, 239, 233, 218, 209, 192, 176, 161, 144,
    129, 126, 113, 102, 104, 107, 104, 104, 102, 100, 101, 99, 96, 95,
    97, 95, 98, 102, 99, 100, 99, 98, 96, 93, 95, 96, 95, 101, 105, 107,
    103, 105, 105, 103, 102, 97, 99, 100, 97, 102, 108, 109, 108, 107,
    104, 104, 100, 100, 103, 103, 103, 105, 108, 118, 129, 143, 156, 173,
    188, 201, 214, 221, 229, 234, 235, 235, 239, 242, 241, 242, 239, 240,
    242, 240, 238, 240, 242 ]
