%YAML:1.0
---
videoName: "RHShake12.mp4"
gestureLabel: 2
fps: 29
pixelSizeInCmTemp: 3.3732394366197183e-01
faceCenterPointX: 299
faceCenterPointY: 45
LHandPositionsX: [ 408, 404, 406, 407, 408, 407, 404, 406, 407, 407, 408,
    408, 407, 406, 404, 408, 407, 408, 407, 408, 404, 404, 404, 404, 408,
    407, 405, 404, 406, 404, 408, 404, 406, 408, 405, 405, 407, 408, 407,
    407, 406, 408, 405, 406, 404, 408, 406, 408, 408, 404, 404, 406, 404,
    408, 407, 404, 408, 405, 408, 405, 404, 406, 404, 404, 405, 404, 408,
    408, 408, 405, 405, 407, 405, 405, 407, 407, 407, 405, 408, 406, 407,
    406, 406, 407, 406, 405, 405, 406 ]
LHandPositionsY: [ 242, 242, 242, 239, 243, 243, 243, 239, 242, 241, 241,
    241, 240, 241, 239, 241, 239, 239, 240, 239, 240, 241, 240, 240, 242,
    243, 241, 243, 242, 241, 240, 240, 241, 239, 241, 239, 241, 242, 241,
    241, 240, 243, 241, 240, 243, 239, 243, 239, 241, 241, 239, 242, 241,
    241, 239, 239, 241, 240, 242, 243, 243, 240, 242, 243, 243, 241, 240,
    242, 240, 240, 243, 243, 239, 240, 240, 240, 243, 240, 241, 242, 242,
    243, 241, 243, 240, 243, 239, 242 ]
RHandPositionsX: [ 170, 168, 160, 163, 163, 174, 182, 192, 193, 198, 194,
    181, 177, 171, 174, 168, 172, 179, 186, 186, 188, 182, 178, 173, 167,
    167, 167, 174, 188, 191, 193, 190, 181, 178, 178, 176, 172, 174, 178,
    191, 198, 196, 184, 180, 174, 175, 173, 171, 179, 193, 194, 192, 196,
    192, 184, 178, 175, 174, 175, 177, 181, 192, 200, 201, 202, 202, 197,
    189, 187, 185, 183, 186, 190, 194, 200, 197, 197, 200, 201, 202, 201,
    197, 196, 200, 196, 200, 201, 199 ]
RHandPositionsY: [ 139, 125, 117, 112, 106, 91, 98, 103, 106, 108, 101,
    92, 90, 88, 89, 87, 84, 89, 102, 101, 108, 95, 89, 88, 89, 85, 82,
    92, 100, 113, 113, 106, 102, 97, 91, 93, 87, 85, 97, 111, 117, 117,
    105, 99, 93, 96, 92, 87, 92, 109, 113, 113, 111, 102, 93, 91, 91, 90,
    88, 88, 93, 111, 122, 117, 122, 119, 111, 109, 111, 111, 117, 127,
    137, 149, 158, 164, 170, 173, 187, 196, 201, 210, 216, 221, 221, 228,
    229, 228 ]
