%YAML:1.0
---
videoName: "RHShake22.mp4"
gestureLabel: 2
fps: 29
pixelSizeInCmTemp: 3.3263888888888887e-01
faceCenterPointX: 290
faceCenterPointY: 48
LHandPositionsX: [ 395, 393, 393, 396, 395, 393, 394, 395, 395, 392, 392,
    393, 393, 396, 392, 392, 394, 392, 393, 396, 395, 394, 396, 395, 395,
    392, 394, 393, 394, 392, 393, 394, 393, 392, 393, 393, 393, 396, 393,
    395, 393, 393, 395, 395, 395, 394, 396, 392, 396, 393, 395, 395, 394,
    393, 395, 394, 394, 393, 395, 394, 396, 395, 396, 394, 396, 395, 396,
    395, 396, 396, 392, 393, 396, 393, 392, 394, 395, 396, 393, 395, 392,
    394, 394, 392, 393, 393, 393, 394 ]
LHandPositionsY: [ 233, 234, 234, 234, 234, 230, 231, 233, 231, 230, 233,
    232, 234, 232, 234, 234, 232, 232, 233, 232, 232, 234, 230, 232, 232,
    232, 232, 232, 231, 233, 233, 232, 234, 231, 231, 230, 232, 234, 230,
    232, 234, 233, 231, 232, 230, 231, 231, 234, 232, 234, 232, 231, 233,
    234, 231, 233, 232, 232, 231, 230, 231, 233, 231, 230, 233, 230, 233,
    231, 230, 233, 230, 234, 233, 232, 233, 234, 230, 230, 232, 233, 230,
    230, 234, 231, 233, 231, 234, 233 ]
RHandPositionsX: [ 149, 135, 131, 132, 130, 137, 146, 156, 166, 164, 166,
    166, 161, 156, 154, 145, 146, 145, 145, 152, 161, 171, 170, 169, 170,
    164, 163, 156, 156, 154, 152, 159, 165, 172, 173, 170, 172, 171, 165,
    164, 158, 160, 160, 167, 170, 176, 176, 173, 174, 167, 161, 159, 156,
    157, 157, 164, 172, 178, 177, 181, 176, 173, 171, 163, 157, 154, 152,
    158, 169, 175, 179, 177, 180, 180, 180, 179, 178, 180, 186, 186, 189,
    188, 191, 189, 187, 186, 187, 187 ]
RHandPositionsY: [ 142, 116, 100, 102, 97, 92, 85, 83, 89, 92, 90, 91,
    86, 78, 81, 79, 80, 76, 73, 87, 88, 92, 97, 96, 94, 89, 88, 83, 83,
    82, 78, 88, 94, 100, 101, 100, 92, 93, 89, 88, 88, 85, 86, 89, 95,
    98, 103, 99, 95, 90, 91, 87, 86, 87, 84, 85, 88, 101, 103, 104, 101,
    96, 90, 92, 91, 91, 91, 90, 91, 106, 107, 111, 112, 120, 123, 123,
    136, 148, 158, 170, 182, 193, 197, 203, 213, 221, 226, 227 ]
