%YAML:1.0
---
videoName: "RHShake17.mp4"
gestureLabel: 2
fps: 29
pixelSizeInCmTemp: 3.3732394366197183e-01
faceCenterPointX: 282
faceCenterPointY: 40
LHandPositionsX: [ 309, 305, 305, 305, 309, 308, 306, 308, 305, 306, 309,
    306, 309, 306, 306, 305, 309, 309, 307, 309, 309, 306, 307, 305, 308,
    309, 309, 309, 305, 309, 306, 306, 307, 305, 305, 309, 306, 305, 309,
    306, 309, 309, 307, 306, 310, 310, 308, 310, 309, 306, 309, 310, 307,
    310, 308, 309, 310, 310, 308, 310, 308, 311, 308, 310, 310, 307, 307,
    309, 307, 310, 307, 307, 307, 307, 306, 309, 307, 309, 307, 307, 307,
    307, 306, 306, 306, 307, 306, 308 ]
LHandPositionsY: [ 234, 231, 231, 231, 232, 231, 231, 233, 234, 235, 232,
    232, 232, 233, 232, 231, 232, 231, 233, 231, 231, 231, 232, 233, 233,
    232, 232, 234, 235, 235, 231, 232, 235, 235, 233, 232, 234, 234, 231,
    233, 233, 232, 235, 232, 235, 233, 235, 234, 233, 233, 234, 234, 231,
    234, 234, 235, 235, 231, 235, 233, 233, 234, 231, 235, 234, 232, 231,
    232, 232, 234, 232, 233, 231, 235, 233, 232, 235, 234, 231, 233, 231,
    235, 232, 233, 233, 232, 232, 232 ]
RHandPositionsX: [ 214, 198, 176, 161, 142, 145, 143, 146, 144, 143, 147,
    152, 156, 153, 149, 144, 144, 141, 140, 144, 165, 158, 154, 153, 151,
    146, 147, 141, 149, 154, 156, 158, 160, 153, 151, 146, 144, 141, 136,
    155, 153, 154, 156, 161, 153, 150, 149, 151, 156, 155, 169, 172, 165,
    164, 159, 157, 151, 150, 148, 149, 154, 165, 170, 178, 178, 176, 177,
    177, 172, 170, 176, 173, 167, 168, 170, 167, 170, 169, 171, 171, 171,
    167, 170, 169, 168, 169, 170, 168 ]
RHandPositionsY: [ 204, 187, 166, 148, 127, 112, 108, 103, 98, 91, 95,
    89, 84, 79, 75, 72, 71, 70, 71, 75, 76, 78, 73, 69, 69, 69, 68, 67,
    66, 68, 66, 66, 68, 68, 64, 64, 67, 63, 67, 85, 81, 79, 79, 76, 77,
    75, 71, 72, 72, 76, 89, 88, 84, 83, 81, 79, 81, 79, 78, 85, 93, 106,
    118, 136, 148, 158, 172, 181, 189, 194, 206, 217, 222, 227, 234, 233,
    236, 239, 238, 241, 239, 242, 241, 243, 240, 245, 246, 245 ]
