%YAML:1.0
---
videoName: "RHShake22.mp4"
gestureLabel: 2
fps: 29
pixelSizeInCmTemp: 3.3263888888888887e-01
faceCenterPointX: 290
faceCenterPointY: 48
LHandPositionsX: [ 395, 393, 396, 395, 393, 395, 394, 393, 394, 393, 392,
    396, 395, 394, 394, 393, 394, 393, 394, 394, 393, 394, 396, 395, 392,
    394, 392, 396, 395, 394, 392, 393, 395, 394, 393, 394, 394, 393, 394,
    395, 396, 395, 395, 392, 396, 394, 395, 394, 395, 394, 396, 392, 393,
    393, 396, 394, 393, 393, 393, 392, 394, 393, 395, 393, 393, 394, 395,
    395, 396, 396, 394, 394, 392, 396, 394, 395, 394, 395, 392, 392, 394,
    396, 393, 396, 392, 392, 396, 393 ]
LHandPositionsY: [ 231, 234, 232, 231, 232, 231, 234, 233, 230, 230, 230,
    233, 234, 234, 230, 233, 233, 231, 230, 234, 231, 230, 230, 230, 234,
    233, 232, 234, 230, 233, 233, 231, 234, 230, 230, 234, 233, 234, 232,
    234, 233, 230, 234, 234, 234, 233, 233, 231, 230, 231, 234, 233, 234,
    230, 233, 232, 230, 230, 232, 232, 234, 230, 232, 232, 232, 233, 233,
    232, 233, 231, 233, 234, 230, 232, 234, 234, 234, 234, 230, 233, 232,
    232, 231, 230, 233, 233, 234, 233 ]
RHandPositionsX: [ 149, 138, 130, 128, 132, 135, 147, 156, 166, 166, 164,
    162, 159, 156, 150, 148, 144, 142, 147, 154, 161, 171, 169, 171, 169,
    167, 165, 156, 155, 153, 152, 159, 167, 171, 172, 170, 173, 169, 167,
    161, 158, 156, 158, 169, 171, 174, 175, 173, 171, 166, 161, 155, 153,
    157, 155, 162, 170, 176, 177, 180, 179, 175, 167, 162, 158, 153, 152,
    154, 166, 175, 176, 179, 182, 179, 180, 178, 179, 182, 185, 183, 189,
    190, 188, 190, 191, 189, 187, 191 ]
RHandPositionsY: [ 142, 115, 100, 103, 98, 90, 85, 86, 88, 94, 94, 92,
    85, 79, 81, 80, 78, 74, 75, 86, 90, 92, 98, 97, 93, 88, 87, 85, 84,
    81, 82, 90, 92, 101, 104, 102, 94, 93, 90, 86, 86, 85, 82, 88, 96,
    97, 102, 100, 94, 89, 91, 87, 89, 88, 83, 85, 88, 99, 101, 104, 99,
    98, 93, 92, 90, 91, 89, 89, 91, 103, 109, 110, 112, 117, 119, 127,
    138, 150, 159, 168, 182, 191, 199, 204, 211, 217, 223, 223 ]
