%YAML:1.0
---
videoName: "RHShake09.mp4"
gestureLabel: 2
fps: 29
pixelSizeInCmTemp: 3.1103896103896100e-01
faceCenterPointX: 296
faceCenterPointY: 48
LHandPositionsX: [ 324, 327, 323, 324, 326, 325, 325, 323, 318, 317, 317,
    316, 314, 313, 312, 313, 309, 312, 310, 311, 308, 310, 310, 309, 306,
    308, 305, 305, 304, 308, 307, 307, 311, 312, 311, 310, 309, 307, 311,
    309, 308, 307, 309, 308, 312, 312, 310, 311, 314, 314, 311, 311, 313,
    315, 313, 313, 315, 312, 312, 315, 317, 314, 314, 315, 317, 317, 318,
    318, 317, 316, 317, 314, 317, 315, 314, 313, 315, 316, 316, 316, 314,
    313, 316, 318, 313, 315, 314, 318 ]
LHandPositionsY: [ 269, 268, 268, 267, 269, 267, 269, 273, 271, 271, 271,
    274, 274, 273, 272, 275, 275, 273, 272, 275, 273, 273, 274, 274, 276,
    276, 273, 274, 274, 273, 274, 273, 275, 273, 273, 274, 273, 276, 273,
    273, 273, 274, 276, 277, 276, 273, 277, 275, 274, 275, 277, 276, 275,
    273, 274, 274, 276, 273, 273, 276, 273, 272, 272, 273, 274, 272, 276,
    273, 275, 274, 274, 273, 274, 274, 272, 273, 273, 273, 272, 273, 276,
    272, 274, 272, 276, 272, 272, 271 ]
RHandPositionsX: [ 266, 262, 263, 264, 264, 261, 265, 265, 260, 259, 262,
    262, 258, 260, 258, 259, 258, 260, 260, 255, 256, 256, 256, 255, 258,
    258, 256, 253, 255, 257, 262, 263, 256, 240, 224, 203, 190, 176, 171,
    172, 173, 174, 183, 183, 184, 185, 183, 182, 177, 177, 186, 189, 187,
    201, 193, 184, 181, 176, 179, 184, 182, 184, 194, 190, 187, 183, 178,
    171, 172, 181, 182, 191, 185, 181, 181, 178, 180, 177, 186, 190, 192,
    194, 199, 200, 206, 215, 226, 239 ]
RHandPositionsY: [ 261, 264, 262, 266, 263, 267, 266, 264, 266, 269, 267,
    269, 269, 268, 267, 269, 267, 265, 269, 267, 269, 266, 266, 265, 265,
    269, 269, 269, 265, 268, 267, 260, 247, 230, 212, 197, 175, 158, 136,
    134, 115, 108, 106, 110, 108, 105, 100, 87, 87, 87, 89, 97, 94, 98,
    94, 93, 87, 90, 88, 90, 94, 96, 100, 93, 92, 88, 87, 86, 89, 98, 96,
    99, 95, 94, 92, 89, 89, 91, 98, 106, 105, 108, 123, 135, 142, 154,
    170, 188 ]
