%YAML:1.0
---
videoName: "RHShake23.mp4"
gestureLabel: 2
fps: 29
pixelSizeInCmTemp: 3.3263888888888887e-01
faceCenterPointX: 298
faceCenterPointY: 49
LHandPositionsX: [ 391, 388, 389, 387, 389, 388, 387, 388, 390, 388, 389,
    388, 387, 387, 390, 388, 389, 387, 390, 388, 387, 391, 387, 387, 391,
    388, 389, 387, 391, 388, 389, 388, 389, 388, 388, 387, 391, 391, 391,
    391, 387, 388, 389, 388, 391, 387, 387, 387, 390, 391, 387, 390, 389,
    391, 387, 387, 388, 389, 390, 387, 390, 391, 387, 388, 387, 389, 389,
    389, 390, 390, 387, 388, 388, 391, 391, 388, 387, 390, 389, 388, 388,
    389, 391, 387, 390, 387, 391, 390 ]
LHandPositionsY: [ 228, 225, 226, 225, 224, 225, 226, 228, 227, 226, 225,
    225, 226, 227, 226, 228, 225, 224, 224, 227, 224, 224, 224, 227, 228,
    224, 225, 225, 224, 226, 224, 228, 225, 224, 225, 226, 225, 225, 224,
    228, 227, 225, 225, 228, 224, 227, 228, 227, 227, 228, 225, 225, 227,
    227, 227, 225, 225, 225, 225, 226, 226, 227, 226, 225, 225, 226, 228,
    226, 225, 226, 227, 228, 225, 224, 228, 224, 224, 227, 224, 227, 227,
    226, 226, 225, 227, 225, 224, 225 ]
RHandPositionsX: [ 171, 170, 177, 186, 191, 188, 193, 188, 179, 180, 172,
    174, 174, 181, 190, 195, 199, 199, 197, 193, 185, 182, 178, 175, 173,
    170, 174, 178, 190, 200, 201, 198, 201, 194, 193, 187, 182, 181, 181,
    184, 185, 198, 202, 201, 204, 205, 196, 190, 184, 177, 178, 179, 181,
    188, 195, 202, 206, 208, 210, 209, 211, 208, 209, 209, 210, 210, 209,
    206, 207, 206, 204, 203, 203, 202, 204, 204, 204, 201, 201, 202, 199,
    201, 200, 202, 198, 201, 197, 197 ]
RHandPositionsY: [ 99, 93, 97, 110, 118, 112, 118, 113, 102, 102, 100,
    99, 97, 102, 113, 124, 125, 125, 127, 111, 102, 99, 102, 101, 96, 98,
    95, 98, 117, 123, 124, 121, 122, 106, 108, 106, 106, 104, 98, 103,
    116, 121, 119, 123, 124, 124, 123, 110, 107, 108, 106, 101, 102, 119,
    127, 136, 140, 150, 149, 154, 160, 165, 174, 183, 189, 202, 208, 214,
    214, 213, 216, 221, 223, 222, 227, 225, 225, 227, 227, 226, 226, 228,
    226, 228, 226, 228, 228, 226 ]
