%YAML:1.0
---
videoName: "RHShake09.mp4"
gestureLabel: 2
fps: 29
pixelSizeInCmTemp: 3.1103896103896100e-01
faceCenterPointX: 296
faceCenterPointY: 48
LHandPositionsX: [ 325, 325, 322, 322, 323, 326, 321, 324, 319, 319, 320,
    318, 313, 313, 314, 310, 312, 312, 311, 309, 311, 310, 310, 306, 307,
    307, 307, 306, 304, 306, 305, 306, 311, 311, 307, 309, 308, 310, 311,
    308, 309, 309, 310, 309, 311, 311, 310, 312, 312, 311, 311, 314, 311,
    313, 315, 315, 312, 313, 313, 313, 314, 314, 317, 314, 313, 317, 317,
    315, 318, 317, 315, 314, 318, 317, 313, 316, 316, 314, 315, 316, 317,
    314, 316, 314, 314, 316, 318, 317 ]
LHandPositionsY: [ 268, 267, 268, 267, 271, 267, 270, 271, 273, 272, 270,
    275, 273, 276, 271, 274, 273, 272, 276, 274, 274, 272, 275, 273, 273,
    273, 276, 274, 273, 277, 273, 276, 276, 273, 276, 274, 277, 275, 273,
    274, 276, 274, 275, 276, 273, 276, 277, 274, 273, 273, 274, 276, 277,
    273, 276, 276, 275, 273, 273, 273, 272, 275, 273, 275, 275, 276, 275,
    275, 275, 272, 273, 272, 276, 274, 274, 275, 273, 274, 275, 272, 272,
    272, 271, 271, 272, 276, 273, 273 ]
RHandPositionsX: [ 266, 263, 264, 261, 262, 261, 265, 265, 261, 262, 259,
    259, 261, 257, 257, 258, 256, 260, 259, 256, 257, 255, 255, 258, 256,
    258, 258, 255, 254, 258, 264, 264, 255, 241, 224, 203, 187, 178, 169,
    172, 172, 171, 179, 185, 185, 188, 183, 180, 180, 174, 188, 187, 190,
    198, 191, 188, 181, 178, 178, 186, 184, 186, 196, 187, 188, 182, 175,
    174, 173, 183, 184, 190, 188, 181, 180, 181, 180, 179, 186, 189, 192,
    193, 198, 201, 209, 217, 228, 237 ]
RHandPositionsY: [ 262, 262, 263, 266, 263, 264, 267, 266, 266, 267, 268,
    268, 268, 268, 268, 265, 268, 268, 268, 269, 267, 268, 269, 266, 268,
    268, 269, 269, 269, 270, 270, 258, 247, 229, 214, 195, 178, 158, 138,
    134, 117, 108, 108, 108, 110, 102, 98, 88, 87, 90, 90, 95, 98, 97,
    92, 93, 87, 87, 86, 89, 94, 94, 97, 94, 92, 84, 86, 89, 90, 94, 97,
    98, 94, 94, 90, 92, 90, 93, 97, 104, 106, 108, 123, 135, 143, 156,
    168, 186 ]
