%YAML:1.0
---
videoName: "RHShake12.mp4"
gestureLabel: 2
fps: 29
pixelSizeInCmTemp: 3.3732394366197183e-01
faceCenterPointX: 299
faceCenterPointY: 45
LHandPositionsX: [ 408, 405, 408, 404, 404, 404, 408, 404, 404, 408, 404,
    404, 405, 405, 408, 408, 404, 405, 408, 407, 406, 406, 406, 404, 406,
    408, 408, 405, 406, 405, 407, 407, 404, 407, 405, 406, 406, 406, 406,
    404, 407, 406, 405, 405, 404, 405, 405, 407, 406, 408, 406, 408, 406,
    404, 404, 406, 404, 406, 405, 406, 406, 405, 405, 406, 404, 405, 407,
    404, 405, 406, 405, 407, 405, 404, 406, 406, 405, 407, 408, 406, 405,
    406, 405, 404, 408, 405, 406, 406 ]
LHandPositionsY: [ 241, 243, 240, 242, 243, 239, 240, 241, 243, 240, 240,
    242, 241, 239, 243, 239, 240, 240, 240, 240, 242, 241, 242, 240, 242,
    241, 241, 239, 242, 241, 242, 240, 243, 240, 241, 241, 240, 242, 242,
    239, 243, 240, 241, 240, 243, 243, 242, 239, 242, 242, 240, 243, 239,
    243, 241, 239, 240, 241, 242, 240, 239, 239, 242, 241, 242, 242, 243,
    242, 243, 242, 242, 243, 242, 241, 240, 240, 242, 239, 242, 243, 243,
    240, 242, 239, 240, 241, 239, 243 ]
RHandPositionsX: [ 169, 164, 162, 164, 165, 170, 183, 193, 193, 198, 195,
    181, 179, 171, 170, 166, 172, 175, 189, 187, 190, 184, 181, 172, 168,
    166, 166, 176, 185, 195, 190, 192, 184, 182, 175, 175, 174, 176, 180,
    192, 197, 192, 183, 181, 173, 178, 174, 174, 178, 190, 194, 194, 194,
    189, 186, 182, 179, 174, 173, 175, 180, 191, 198, 198, 204, 202, 195,
    187, 188, 187, 185, 187, 190, 195, 197, 196, 197, 200, 200, 202, 198,
    197, 200, 198, 200, 200, 201, 197 ]
RHandPositionsY: [ 141, 127, 119, 110, 105, 92, 95, 103, 105, 108, 100,
    93, 92, 91, 88, 83, 82, 86, 99, 105, 106, 97, 92, 87, 85, 86, 83, 88,
    101, 114, 113, 109, 101, 94, 93, 93, 88, 85, 95, 114, 115, 117, 101,
    99, 97, 94, 89, 85, 92, 111, 112, 113, 111, 100, 92, 89, 92, 92, 88,
    88, 91, 109, 120, 117, 121, 120, 112, 108, 111, 112, 115, 123, 137,
    147, 159, 164, 166, 177, 184, 197, 203, 208, 216, 219, 223, 228, 228,
    229 ]
