%YAML:1.0
---
videoName: "RHShake17.mp4"
gestureLabel: 2
fps: 29
pixelSizeInCmTemp: 3.3732394366197183e-01
faceCenterPointX: 282
faceCenterPointY: 40
LHandPositionsX: [ 309, 307, 308, 308, 309, 308, 309, 306, 306, 309, 305,
    309, 306, 308, 308, 306, 307, 308, 308, 305, 306, 305, 307, 309, 306,
    309, 308, 307, 309, 305, 305, 306, 305, 305, 306, 307, 309, 305, 306,
    308, 308, 310, 306, 309, 306, 307, 309, 310, 307, 310, 309, 309, 309,
    308, 308, 308, 308, 309, 311, 310, 311, 309, 309, 311, 311, 310, 308,
    309, 308, 308, 311, 309, 310, 309, 307, 310, 308, 308, 305, 306, 305,
    305, 309, 306, 307, 305, 307, 306 ]
LHandPositionsY: [ 231, 234, 235, 235, 231, 235, 235, 234, 235, 231, 233,
    235, 233, 234, 234, 235, 232, 235, 234, 234, 233, 232, 231, 232, 235,
    233, 235, 233, 234, 235, 235, 235, 235, 233, 231, 233, 233, 232, 232,
    231, 231, 235, 235, 233, 231, 233, 231, 233, 234, 235, 233, 232, 235,
    233, 232, 233, 233, 231, 232, 231, 232, 235, 231, 231, 233, 232, 234,
    235, 232, 235, 233, 231, 231, 231, 235, 235, 234, 235, 231, 231, 232,
    231, 234, 232, 235, 233, 231, 233 ]
RHandPositionsX: [ 212, 194, 177, 160, 140, 144, 146, 147, 141, 141, 144,
    152, 154, 155, 146, 144, 144, 140, 141, 148, 161, 159, 155, 150, 148,
    149, 147, 145, 149, 155, 154, 159, 159, 153, 150, 145, 143, 141, 136,
    154, 151, 155, 155, 161, 153, 150, 151, 151, 155, 157, 169, 170, 168,
    161, 157, 155, 152, 154, 146, 151, 152, 166, 170, 174, 175, 177, 178,
    175, 170, 170, 177, 169, 171, 171, 168, 170, 171, 168, 169, 168, 168,
    167, 169, 169, 166, 167, 168, 169 ]
RHandPositionsY: [ 202, 187, 169, 150, 126, 113, 106, 101, 94, 93, 96,
    89, 82, 77, 75, 71, 71, 66, 70, 75, 76, 75, 73, 73, 68, 65, 66, 65,
    67, 67, 68, 68, 64, 65, 67, 67, 67, 63, 66, 82, 83, 80, 81, 77, 76,
    76, 73, 71, 74, 75, 92, 90, 83, 84, 79, 79, 77, 81, 76, 85, 93, 105,
    120, 133, 147, 160, 169, 183, 191, 194, 210, 214, 223, 227, 234, 236,
    239, 241, 239, 238, 243, 242, 242, 243, 243, 244, 245, 246 ]
