%YAML:1.0
---
videoName: "RHShake03.mp4"
gestureLabel: 2
fps: 29
pixelSizeInCmTemp: 3.1103896103896100e-01
faceCenterPointX: 294
faceCenterPointY: 48
LHandPositionsX: [ 412, 411, 411, 409, 410, 412, 411, 412, 411, 408, 408,
    408, 410, 410, 412, 412, 412, 412, 411, 412, 408, 410, 410, 410, 408,
    411, 412, 409, 410, 410, 411, 409, 410, 408, 408, 409, 411, 408, 410,
    408, 408, 409, 409, 408, 411, 409, 412, 408, 409, 409, 408, 410, 412,
    410, 408, 410, 409, 408, 409, 409, 409, 408, 409, 410, 409, 412, 411,
    411, 409, 411, 410, 410, 407, 407, 408, 410, 411, 408, 410, 407, 408,
    408, 411, 408, 407, 407, 409, 407 ]
LHandPositionsY: [ 263, 261, 262, 262, 260, 264, 264, 261, 262, 261, 264,
    263, 260, 264, 260, 261, 261, 260, 262, 264, 263, 261, 262, 262, 261,
    260, 260, 262, 263, 263, 261, 264, 261, 260, 262, 263, 260, 262, 260,
    261, 260, 260, 262, 260, 260, 264, 262, 264, 260, 260, 261, 260, 262,
    262, 263, 260, 261, 261, 260, 261, 264, 263, 264, 264, 260, 261, 264,
    260, 263, 262, 262, 264, 262, 260, 264, 261, 260, 261, 264, 260, 263,
    264, 261, 263, 263, 260, 260, 261 ]
RHandPositionsX: [ 178, 178, 178, 176, 177, 174, 176, 174, 175, 174, 174,
    175, 172, 173, 176, 173, 174, 172, 171, 174, 174, 175, 175, 173, 175,
    172, 171, 171, 174, 174, 172, 173, 176, 174, 162, 159, 151, 147, 150,
    150, 157, 164, 181, 186, 191, 190, 182, 174, 176, 170, 172, 179, 182,
    184, 182, 177, 171, 169, 168, 174, 177, 186, 201, 206, 198, 192, 190,
    188, 183, 184, 186, 193, 199, 206, 212, 210, 199, 197, 193, 182, 184,
    185, 182, 183, 180, 182, 179, 182 ]
RHandPositionsY: [ 258, 258, 262, 258, 262, 262, 260, 262, 259, 262, 261,
    260, 262, 260, 260, 262, 260, 261, 261, 262, 258, 260, 261, 262, 259,
    262, 259, 258, 261, 261, 264, 264, 258, 241, 221, 196, 179, 160, 145,
    130, 123, 117, 119, 117, 110, 103, 105, 99, 97, 101, 103, 103, 104,
    107, 102, 102, 100, 99, 98, 95, 100, 108, 110, 113, 109, 109, 106,
    106, 101, 102, 106, 115, 130, 139, 157, 177, 201, 209, 218, 242, 239,
    243, 244, 252, 253, 253, 251, 251 ]
