%YAML:1.0
---
videoName: "RHShake01.mp4"
gestureLabel: 2
fps: 29
pixelSizeInCmTemp: 3.1513157894736843e-01
faceCenterPointX: 292
faceCenterPointY: 51
LHandPositionsX: [ 392, 394, 396, 392, 394, 392, 395, 395, 393, 393, 392,
    394, 396, 394, 395, 393, 395, 395, 393, 391, 395, 393, 395, 392, 395,
    391, 395, 392, 393, 391, 393, 393, 392, 393, 391, 394, 392, 395, 395,
    393, 394, 392, 393, 392, 391, 393, 393, 391, 393, 393, 394, 392, 392,
    395, 392, 393, 393, 394, 395, 394, 395, 392, 392, 393, 394, 391, 394,
    395, 395, 394, 393, 395, 391, 395, 395, 393, 392, 393, 392, 391, 394,
    394, 395, 393, 392, 393, 394, 392 ]
LHandPositionsY: [ 253, 253, 253, 257, 256, 254, 255, 255, 255, 254, 257,
    254, 257, 255, 254, 257, 256, 257, 257, 254, 256, 254, 257, 255, 254,
    253, 255, 254, 257, 255, 253, 253, 255, 255, 253, 254, 256, 254, 256,
    257, 255, 254, 254, 254, 256, 254, 254, 253, 255, 253, 256, 254, 257,
    255, 253, 255, 257, 256, 253, 255, 255, 255, 253, 253, 254, 257, 256,
    254, 256, 255, 257, 256, 254, 257, 255, 253, 253, 254, 257, 255, 254,
    253, 254, 257, 257, 257, 257, 257 ]
RHandPositionsX: [ 169, 170, 171, 171, 169, 169, 170, 168, 169, 171, 170,
    169, 171, 171, 167, 171, 168, 171, 170, 168, 170, 172, 168, 168, 171,
    168, 171, 175, 176, 168, 165, 160, 155, 153, 157, 159, 168, 178, 192,
    192, 192, 188, 183, 175, 176, 175, 173, 187, 194, 197, 189, 191, 185,
    177, 176, 181, 177, 186, 188, 194, 191, 195, 193, 184, 180, 175, 179,
    182, 186, 192, 193, 197, 196, 198, 192, 189, 187, 188, 187, 184, 178,
    176, 172, 172, 171, 172, 173, 172 ]
RHandPositionsY: [ 277, 280, 280, 279, 280, 277, 280, 276, 280, 278, 279,
    276, 279, 279, 280, 280, 280, 277, 277, 280, 280, 278, 279, 277, 275,
    275, 265, 246, 229, 207, 187, 170, 149, 131, 130, 115, 107, 109, 113,
    112, 106, 105, 99, 99, 99, 98, 99, 97, 101, 98, 101, 93, 97, 95, 91,
    94, 94, 100, 101, 100, 100, 97, 98, 98, 97, 94, 96, 95, 102, 107,
    111, 125, 135, 144, 162, 177, 189, 202, 205, 214, 220, 228, 234, 244,
    241, 242, 244, 248 ]
