%YAML:1.0
---
videoName: "RHShake22.mp4"
gestureLabel: 2
fps: 29
pixelSizeInCmTemp: 3.3263888888888887e-01
faceCenterPointX: 290
faceCenterPointY: 48
LHandPositionsX: [ 395, 393, 396, 393, 396, 393, 394, 394, 396, 395, 396,
    393, 392, 394, 394, 394, 396, 392, 396, 394, 392, 395, 395, 395, 396,
    395, 392, 395, 396, 393, 395, 394, 393, 394, 395, 395, 396, 395, 396,
    393, 395, 396, 395, 392, 392, 393, 396, 393, 393, 393, 396, 395, 395,
    392, 394, 394, 393, 392, 394, 394, 392, 392, 394, 394, 394, 395, 396,
    395, 392, 392, 394, 392, 395, 396, 396, 394, 396, 394, 394, 396, 393,
    393, 393, 394, 395, 395, 395, 395 ]
LHandPositionsY: [ 234, 230, 234, 232, 232, 233, 234, 234, 231, 230, 231,
    232, 231, 232, 232, 231, 233, 233, 231, 231, 231, 230, 230, 234, 232,
    233, 232, 232, 232, 234, 232, 231, 231, 234, 234, 230, 230, 234, 231,
    230, 232, 233, 230, 231, 232, 234, 232, 231, 234, 233, 234, 230, 234,
    231, 234, 234, 234, 234, 232, 231, 232, 232, 234, 232, 233, 231, 230,
    232, 232, 231, 233, 232, 232, 230, 230, 234, 234, 232, 234, 230, 230,
    230, 230, 232, 232, 233, 234, 231 ]
RHandPositionsX: [ 151, 139, 128, 128, 134, 134, 147, 157, 165, 165, 165,
    163, 162, 160, 151, 145, 144, 143, 146, 153, 163, 170, 172, 170, 171,
    165, 162, 155, 154, 152, 154, 161, 165, 174, 171, 172, 171, 169, 164,
    162, 156, 160, 161, 168, 170, 175, 174, 171, 170, 170, 162, 158, 153,
    156, 159, 163, 170, 176, 176, 179, 179, 171, 171, 161, 155, 155, 154,
    156, 168, 175, 179, 180, 178, 181, 180, 181, 182, 184, 186, 185, 190,
    191, 189, 186, 189, 186, 189, 188 ]
RHandPositionsY: [ 139, 117, 102, 101, 95, 89, 81, 83, 90, 91, 92, 88,
    84, 81, 81, 78, 78, 76, 73, 87, 91, 95, 95, 95, 95, 91, 87, 83, 82,
    82, 78, 90, 94, 101, 104, 100, 95, 91, 89, 87, 84, 85, 85, 91, 96,
    99, 103, 101, 95, 90, 90, 91, 90, 86, 83, 85, 89, 101, 103, 102, 101,
    97, 91, 90, 93, 91, 89, 89, 92, 103, 107, 113, 112, 117, 120, 127,
    138, 150, 160, 172, 184, 193, 200, 206, 215, 219, 225, 226 ]
