%YAML:1.0
---
videoName: "RHShake13.mp4"
gestureLabel: 2
fps: 30
pixelSizeInCmTemp: 3.2808219178082193e-01
faceCenterPointX: 278
faceCenterPointY: 45
LHandPositionsX: [ 309, 309, 309, 305, 307, 308, 309, 306, 308, 306, 307,
    308, 305, 308, 308, 305, 309, 307, 306, 307, 305, 306, 306, 309, 308,
    305, 305, 308, 309, 307, 305, 309, 308, 307, 306, 306, 308, 309, 307,
    309, 305, 307, 306, 307, 305, 305, 309, 308, 305, 308, 306, 306, 309,
    309, 307, 308, 305, 307, 306, 307, 309, 306, 308, 308, 306, 305, 305,
    307, 306, 306, 305, 305, 308, 308, 308, 306, 310, 310, 307, 308, 303,
    304, 306, 306, 307, 306, 305, 304, 307, 306, 306 ]
LHandPositionsY: [ 246, 242, 244, 245, 243, 244, 242, 244, 243, 242, 243,
    245, 243, 240, 244, 240, 240, 239, 239, 239, 241, 240, 239, 241, 242,
    240, 243, 242, 239, 242, 239, 242, 240, 241, 242, 243, 240, 240, 242,
    240, 240, 242, 242, 241, 240, 239, 242, 239, 240, 238, 239, 241, 238,
    238, 242, 238, 242, 239, 239, 238, 238, 242, 240, 238, 238, 241, 242,
    239, 241, 241, 240, 239, 241, 240, 239, 238, 234, 236, 232, 235, 233,
    232, 234, 239, 239, 240, 243, 246, 243, 246, 244 ]
RHandPositionsX: [ 167, 152, 138, 142, 143, 141, 142, 143, 144, 150, 146,
    147, 142, 137, 134, 136, 142, 144, 143, 142, 136, 134, 130, 132, 129,
    134, 136, 140, 141, 135, 137, 132, 129, 133, 129, 135, 136, 135, 136,
    137, 135, 136, 132, 134, 140, 149, 149, 147, 148, 147, 144, 139, 136,
    138, 140, 139, 142, 139, 141, 137, 132, 130, 132, 131, 139, 139, 142,
    144, 153, 159, 170, 180, 190, 200, 212, 223, 237, 243, 254, 251, 252,
    252, 257, 261, 259, 258, 260, 260, 259, 260, 261 ]
RHandPositionsY: [ 155, 138, 120, 116, 116, 108, 104, 102, 98, 94, 92,
    92, 88, 86, 88, 87, 87, 91, 90, 87, 87, 84, 87, 84, 88, 88, 88, 90,
    88, 92, 92, 91, 90, 90, 88, 88, 94, 93, 90, 91, 90, 92, 88, 90, 91,
    95, 96, 97, 93, 91, 93, 95, 93, 95, 95, 100, 98, 101, 100, 101, 99,
    95, 94, 98, 102, 103, 107, 109, 117, 125, 134, 143, 154, 167, 177,
    186, 198, 206, 217, 217, 217, 219, 230, 234, 237, 239, 241, 238, 241,
    240, 240 ]
