%YAML:1.0
---
videoName: "RHShake10.mp4"
gestureLabel: 2
fps: 29
pixelSizeInCmTemp: 3.1933333333333330e-01
faceCenterPointX: 295
faceCenterPointY: 45
LHandPositionsX: [ 341, 341, 341, 342, 338, 339, 337, 333, 334, 329, 334,
    333, 331, 330, 328, 325, 328, 325, 325, 329, 329, 330, 329, 328, 327,
    327, 326, 327, 326, 328, 329, 327, 328, 329, 330, 330, 326, 327, 327,
    330, 327, 330, 326, 328, 328, 327, 330, 327, 330, 327, 328, 327, 328,
    329, 330, 328, 328, 326, 327, 326, 327, 327, 327, 328, 329, 326, 329,
    328, 326, 330, 326, 328, 328, 330, 327, 329, 328, 327, 330, 329, 330,
    328, 331, 329, 331, 328, 327, 329 ]
LHandPositionsY: [ 262, 266, 268, 268, 264, 265, 270, 268, 269, 272, 271,
    273, 271, 273, 274, 274, 273, 271, 270, 270, 274, 270, 271, 270, 270,
    272, 270, 270, 273, 272, 270, 271, 271, 271, 269, 269, 271, 270, 268,
    268, 271, 268, 272, 270, 268, 271, 269, 271, 271, 272, 269, 269, 269,
    270, 271, 272, 269, 270, 269, 270, 270, 271, 268, 268, 268, 270, 271,
    271, 271, 270, 268, 269, 270, 271, 269, 268, 270, 270, 267, 270, 269,
    271, 270, 268, 268, 271, 270, 272 ]
RHandPositionsX: [ 261, 261, 262, 261, 260, 263, 261, 263, 259, 260, 259,
    261, 258, 257, 261, 260, 258, 254, 258, 253, 239, 222, 200, 182, 166,
    154, 135, 135, 136, 137, 143, 149, 153, 164, 165, 161, 160, 159, 160,
    158, 164, 173, 181, 179, 174, 179, 173, 169, 169, 171, 172, 186, 189,
    197, 189, 182, 179, 177, 174, 178, 181, 189, 189, 195, 189, 184, 176,
    174, 177, 180, 178, 190, 195, 202, 213, 218, 228, 231, 237, 243, 253,
    254, 251, 259, 262, 262, 260, 260 ]
RHandPositionsY: [ 266, 266, 263, 265, 267, 264, 267, 266, 264, 268, 267,
    268, 267, 267, 267, 269, 269, 268, 265, 255, 243, 228, 211, 191, 173,
    153, 128, 115, 115, 99, 90, 89, 90, 87, 86, 83, 79, 76, 76, 76, 81,
    81, 85, 86, 80, 79, 79, 75, 75, 79, 86, 89, 88, 93, 87, 82, 80, 83,
    83, 85, 90, 91, 94, 91, 88, 89, 81, 83, 82, 86, 96, 103, 128, 147,
    160, 181, 195, 211, 228, 243, 259, 260, 260, 264, 264, 267, 268, 266 ]
