%YAML:1.0
---
videoName: "RHShake20.mp4"
gestureLabel: 2
fps: 29
pixelSizeInCmTemp: 3.3263888888888887e-01
faceCenterPointX: 286
faceCenterPointY: 45
LHandPositionsX: [ 392, 393, 393, 392, 391, 391, 391, 392, 390, 391, 394,
    391, 390, 391, 392, 394, 393, 390, 391, 390, 392, 391, 392, 390, 391,
    390, 392, 391, 390, 391, 390, 393, 392, 391, 392, 394, 394, 394, 394,
    394, 394, 390, 392, 390, 392, 393, 391, 393, 390, 394, 394, 391, 393,
    391, 390, 391, 393, 390, 393, 394, 391, 391, 392, 392, 394, 392, 392,
    391, 394, 393, 392, 391, 390, 391, 391, 391, 392, 390, 390, 392, 390,
    390, 394, 394, 392, 394, 392, 391 ]
LHandPositionsY: [ 244, 245, 244, 244, 245, 244, 243, 241, 244, 240, 241,
    244, 240, 243, 243, 241, 243, 239, 240, 241, 242, 239, 239, 239, 243,
    240, 241, 240, 241, 240, 239, 240, 240, 240, 241, 240, 242, 239, 243,
    243, 239, 243, 239, 239, 239, 239, 239, 241, 242, 239, 243, 240, 240,
    239, 241, 241, 240, 242, 242, 243, 240, 242, 242, 239, 240, 239, 242,
    240, 243, 242, 242, 241, 241, 242, 240, 242, 243, 241, 239, 241, 243,
    241, 240, 241, 240, 242, 242, 242 ]
RHandPositionsX: [ 162, 161, 161, 158, 153, 155, 150, 154, 156, 158, 162,
    162, 159, 157, 153, 152, 151, 149, 157, 159, 164, 161, 160, 152, 154,
    153, 152, 153, 162, 162, 164, 160, 156, 154, 156, 155, 151, 151, 161,
    166, 168, 165, 167, 163, 156, 153, 152, 151, 158, 161, 167, 168, 166,
    166, 166, 171, 163, 166, 161, 156, 165, 170, 174, 178, 182, 187, 186,
    187, 185, 183, 182, 183, 178, 181, 178, 179, 180, 178, 176, 180, 178,
    177, 177, 178, 179, 178, 176, 179 ]
RHandPositionsY: [ 108, 106, 105, 103, 102, 99, 101, 100, 100, 103, 103,
    100, 96, 99, 97, 95, 101, 102, 113, 115, 116, 116, 110, 109, 110,
    108, 108, 109, 118, 118, 116, 115, 109, 109, 106, 106, 105, 106, 113,
    120, 121, 124, 120, 118, 117, 115, 114, 110, 109, 118, 126, 124, 124,
    124, 121, 122, 117, 114, 114, 111, 115, 124, 130, 138, 145, 153, 166,
    179, 185, 195, 200, 208, 220, 226, 231, 235, 241, 240, 240, 244, 245,
    246, 246, 244, 244, 244, 245, 247 ]
