%YAML:1.0
---
videoName: "RHShake13.mp4"
gestureLabel: 2
fps: 30
pixelSizeInCmTemp: 3.2808219178082193e-01
faceCenterPointX: 278
faceCenterPointY: 45
LHandPositionsX: [ 305, 306, 306, 308, 307, 306, 307, 307, 305, 308, 306,
    306, 306, 307, 308, 305, 307, 306, 308, 305, 307, 307, 307, 309, 305,
    309, 306, 308, 309, 306, 306, 305, 308, 305, 309, 306, 308, 305, 309,
    305, 306, 308, 306, 306, 307, 308, 309, 309, 307, 307, 307, 309, 309,
    309, 307, 308, 309, 306, 308, 307, 309, 305, 306, 309, 308, 307, 308,
    309, 305, 307, 305, 307, 309, 307, 309, 307, 309, 308, 307, 305, 302,
    303, 302, 307, 306, 305, 307, 306, 306, 306, 304 ]
LHandPositionsY: [ 246, 242, 245, 241, 244, 242, 242, 242, 241, 242, 243,
    245, 241, 241, 240, 244, 242, 239, 243, 239, 239, 240, 239, 242, 239,
    240, 240, 240, 239, 240, 239, 242, 240, 241, 243, 243, 242, 240, 238,
    241, 238, 238, 241, 241, 240, 240, 241, 238, 241, 240, 242, 238, 239,
    242, 242, 238, 239, 242, 239, 242, 239, 241, 239, 239, 240, 238, 241,
    241, 240, 241, 239, 237, 239, 236, 238, 234, 234, 236, 236, 231, 231,
    233, 235, 236, 240, 241, 242, 246, 247, 243, 245 ]
RHandPositionsX: [ 169, 151, 138, 139, 140, 140, 143, 141, 146, 146, 149,
    147, 143, 138, 137, 136, 140, 142, 143, 141, 135, 132, 130, 129, 132,
    133, 134, 137, 141, 134, 138, 130, 128, 130, 130, 135, 138, 137, 135,
    136, 135, 136, 133, 136, 140, 147, 148, 149, 146, 146, 145, 138, 137,
    137, 137, 142, 140, 142, 141, 136, 132, 132, 130, 133, 138, 140, 142,
    147, 152, 158, 170, 180, 191, 201, 214, 226, 239, 245, 253, 252, 250,
    253, 255, 258, 259, 259, 259, 260, 259, 257, 260 ]
RHandPositionsY: [ 156, 140, 121, 117, 114, 110, 107, 104, 96, 93, 90,
    92, 89, 88, 88, 89, 87, 87, 88, 87, 86, 84, 86, 85, 85, 86, 91, 91,
    90, 91, 90, 90, 88, 90, 89, 89, 94, 94, 90, 90, 91, 89, 90, 91, 93,
    93, 96, 94, 95, 94, 94, 91, 95, 96, 96, 97, 97, 100, 100, 98, 95, 94,
    94, 98, 100, 106, 110, 112, 120, 127, 138, 145, 155, 165, 179, 186,
    199, 206, 217, 217, 218, 221, 228, 233, 238, 238, 241, 238, 237, 240,
    240 ]
