%YAML:1.0
---
videoName: "RHShake13.mp4"
gestureLabel: 2
fps: 30
pixelSizeInCmTemp: 3.2808219178082193e-01
faceCenterPointX: 278
faceCenterPointY: 45
LHandPositionsX: [ 309, 305, 308, 306, 309, 307, 305, 305, 305, 305, 309,
    307, 305, 307, 307, 309, 306, 306, 305, 308, 305, 307, 306, 306, 307,
    309, 308, 309, 309, 306, 308, 306, 307, 308, 308, 305, 308, 309, 305,
    306, 309, 309, 308, 309, 306, 308, 308, 308, 306, 308, 307, 308, 308,
    307, 306, 308, 308, 309, 308, 306, 308, 306, 309, 306, 305, 308, 307,
    309, 308, 305, 307, 306, 309, 309, 309, 309, 309, 307, 309, 304, 300,
    302, 303, 303, 303, 307, 306, 304, 303, 305, 304 ]
LHandPositionsY: [ 245, 243, 244, 244, 245, 241, 244, 244, 244, 244, 245,
    244, 245, 242, 241, 242, 243, 241, 239, 243, 241, 240, 239, 241, 242,
    243, 243, 242, 241, 241, 239, 243, 239, 239, 240, 240, 242, 242, 241,
    239, 238, 240, 238, 242, 241, 239, 242, 242, 242, 241, 240, 238, 242,
    238, 240, 239, 239, 239, 239, 241, 238, 241, 240, 238, 241, 240, 238,
    239, 241, 239, 240, 240, 241, 240, 239, 237, 236, 232, 232, 235, 231,
    232, 232, 236, 239, 241, 243, 243, 243, 245, 245 ]
RHandPositionsX: [ 166, 151, 139, 139, 141, 141, 142, 141, 145, 146, 145,
    147, 139, 136, 137, 140, 140, 143, 144, 145, 139, 130, 129, 129, 131,
    135, 136, 136, 137, 136, 138, 133, 131, 130, 131, 136, 137, 135, 138,
    139, 136, 135, 135, 132, 140, 149, 150, 148, 149, 146, 141, 138, 136,
    140, 137, 141, 139, 142, 141, 137, 136, 130, 131, 133, 137, 141, 141,
    147, 152, 160, 168, 177, 191, 200, 212, 225, 239, 245, 253, 254, 253,
    253, 259, 257, 258, 257, 258, 258, 259, 257, 259 ]
RHandPositionsY: [ 155, 140, 119, 119, 117, 111, 105, 101, 98, 97, 91,
    88, 87, 90, 85, 89, 87, 89, 88, 87, 88, 85, 85, 88, 85, 89, 88, 91,
    91, 91, 91, 88, 90, 91, 90, 88, 94, 93, 90, 90, 89, 88, 88, 91, 92,
    97, 97, 96, 96, 91, 93, 94, 95, 93, 96, 101, 101, 98, 101, 97, 97,
    95, 96, 98, 101, 103, 106, 112, 117, 128, 135, 145, 156, 165, 177,
    188, 198, 207, 213, 213, 216, 222, 229, 234, 238, 237, 238, 238, 237,
    240, 243 ]
