%YAML:1.0
---
videoName: "RHShake21.mp4"
gestureLabel: 2
fps: 29
pixelSizeInCmTemp: 3.3732394366197183e-01
faceCenterPointX: 293
faceCenterPointY: 47
LHandPositionsX: [ 394, 395, 397, 396, 397, 397, 395, 395, 395, 397, 395,
    398, 394, 396, 398, 396, 396, 394, 395, 396, 396, 398, 396, 398, 396,
    397, 396, 396, 395, 398, 397, 394, 397, 394, 397, 394, 397, 398, 398,
    395, 395, 398, 394, 396, 395, 398, 395, 394, 398, 395, 395, 398, 398,
    395, 398, 394, 396, 395, 395, 394, 395, 396, 394, 397, 396, 397, 395,
    395, 397, 394, 395, 394, 398, 397, 397, 394, 395, 398, 398, 398, 398,
    397, 397, 398, 394, 398, 398, 396 ]
LHandPositionsY: [ 238, 241, 241, 241, 242, 240, 242, 239, 238, 240, 239,
    241, 242, 240, 240, 239, 242, 241, 242, 239, 240, 241, 242, 241, 240,
    242, 239, 239, 238, 240, 241, 240, 241, 242, 239, 241, 238, 239, 242,
    239, 241, 240, 239, 241, 241, 238, 240, 242, 239, 242, 241, 241, 239,
    242, 241, 240, 238, 240, 241, 238, 242, 242, 242, 241, 242, 238, 238,
    239, 238, 239, 241, 238, 241, 240, 241, 240, 239, 240, 239, 239, 238,
    239, 238, 239, 238, 240, 238, 239 ]
RHandPositionsX: [ 134, 138, 140, 145, 147, 146, 144, 141, 139, 133, 134,
    142, 145, 147, 148, 149, 149, 144, 141, 136, 136, 136, 138, 144, 149,
    150, 153, 151, 146, 142, 138, 135, 138, 137, 143, 144, 149, 154, 148,
    145, 144, 137, 137, 137, 136, 140, 145, 150, 148, 151, 149, 142, 138,
    137, 134, 133, 137, 145, 154, 162, 168, 178, 178, 181, 181, 184, 186,
    186, 189, 188, 190, 187, 189, 187, 186, 187, 189, 189, 187, 186, 189,
    189, 186, 188, 189, 189, 187, 187 ]
RHandPositionsY: [ 81, 88, 89, 90, 89, 84, 84, 82, 81, 79, 82, 83, 89,
    90, 92, 93, 89, 87, 86, 88, 87, 84, 83, 86, 89, 89, 90, 93, 92, 88,
    88, 84, 84, 84, 87, 91, 92, 93, 95, 90, 88, 86, 86, 87, 84, 91, 99,
    98, 97, 96, 98, 97, 95, 95, 94, 93, 94, 106, 115, 127, 140, 151, 154,
    151, 162, 169, 180, 189, 199, 208, 213, 216, 219, 224, 225, 228, 229,
    230, 228, 230, 230, 227, 228, 228, 231, 227, 227, 230 ]
