%YAML:1.0
---
videoName: "RHShake17.mp4"
gestureLabel: 2
fps: 29
pixelSizeInCmTemp: 3.3732394366197183e-01
faceCenterPointX: 282
faceCenterPointY: 40
LHandPositionsX: [ 307, 307, 306, 306, 306, 306, 305, 307, 305, 307, 307,
    309, 308, 308, 309, 306, 309, 306, 309, 307, 307, 309, 307, 309, 305,
    307, 308, 305, 307, 307, 308, 308, 308, 307, 306, 305, 309, 305, 305,
    307, 309, 306, 308, 309, 307, 309, 310, 309, 306, 308, 309, 309, 308,
    308, 308, 309, 307, 307, 311, 307, 307, 309, 308, 308, 309, 310, 309,
    311, 309, 308, 308, 307, 310, 307, 310, 306, 310, 306, 306, 305, 306,
    307, 306, 308, 308, 307, 307, 307 ]
LHandPositionsY: [ 231, 233, 231, 233, 231, 234, 234, 233, 233, 233, 231,
    233, 233, 235, 231, 234, 231, 232, 235, 234, 232, 232, 235, 234, 235,
    231, 235, 235, 232, 233, 234, 234, 235, 234, 233, 233, 235, 233, 231,
    234, 234, 232, 235, 234, 232, 231, 235, 235, 235, 233, 233, 235, 231,
    232, 232, 231, 235, 234, 231, 231, 233, 234, 235, 235, 235, 233, 232,
    235, 234, 232, 235, 233, 232, 231, 233, 235, 231, 234, 234, 231, 234,
    233, 231, 231, 232, 232, 233, 233 ]
RHandPositionsX: [ 213, 198, 178, 162, 141, 141, 146, 149, 143, 140, 148,
    151, 157, 154, 148, 146, 141, 142, 140, 144, 164, 161, 154, 153, 151,
    145, 147, 142, 145, 153, 154, 157, 162, 155, 151, 143, 142, 142, 139,
    156, 154, 155, 156, 158, 152, 152, 149, 153, 157, 158, 170, 172, 167,
    161, 158, 156, 148, 151, 146, 150, 155, 165, 172, 174, 175, 180, 177,
    177, 172, 171, 174, 171, 167, 171, 167, 170, 173, 169, 170, 171, 169,
    169, 169, 167, 167, 167, 168, 168 ]
RHandPositionsY: [ 201, 183, 170, 149, 128, 113, 107, 104, 96, 90, 97,
    89, 82, 77, 73, 73, 70, 69, 70, 75, 76, 75, 75, 72, 70, 69, 68, 68,
    67, 66, 67, 67, 65, 67, 65, 63, 65, 64, 65, 84, 80, 81, 82, 76, 76,
    72, 72, 72, 72, 73, 90, 91, 86, 84, 81, 79, 78, 77, 77, 85, 94, 107,
    121, 133, 147, 159, 170, 182, 189, 198, 207, 213, 224, 229, 236, 232,
    236, 238, 239, 239, 240, 241, 244, 241, 240, 242, 244, 243 ]
