%YAML:1.0
---
videoName: "RHShake23.mp4"
gestureLabel: 2
fps: 29
pixelSizeInCmTemp: 3.3263888888888887e-01
faceCenterPointX: 298
faceCenterPointY: 49
LHandPositionsX: [ 388, 390, 389, 388, 391, 388, 390, 391, 390, 391, 389,
    388, 387, 387, 387, 387, 391, 387, 391, 387, 387, 390, 387, 390, 389,
    391, 390, 388, 391, 390, 391, 389, 387, 389, 387, 388, 389, 388, 391,
    387, 388, 391, 389, 387, 390, 391, 391, 391, 391, 388, 387, 388, 387,
    389, 388, 388, 387, 389, 389, 388, 389, 388, 390, 389, 389, 391, 388,
    391, 387, 389, 390, 387, 388, 388, 391, 389, 388, 388, 391, 391, 388,
    390, 387, 390, 391, 391, 387, 388 ]
LHandPositionsY: [ 224, 226, 225, 228, 224, 225, 225, 225, 227, 226, 227,
    225, 224, 225, 224, 228, 226, 227, 224, 226, 227, 225, 227, 228, 224,
    224, 228, 225, 226, 226, 227, 226, 227, 228, 225, 224, 224, 224, 225,
    227, 228, 224, 225, 224, 225, 225, 228, 228, 226, 227, 227, 224, 225,
    224, 226, 227, 224, 228, 225, 226, 228, 224, 226, 228, 225, 227, 227,
    228, 228, 224, 226, 224, 225, 224, 226, 225, 228, 227, 228, 227, 227,
    224, 224, 227, 226, 228, 225, 228 ]
RHandPositionsX: [ 170, 169, 177, 190, 192, 186, 193, 189, 180, 179, 172,
    175, 173, 178, 188, 196, 199, 196, 199, 193, 185, 180, 175, 177, 170,
    173, 173, 178, 192, 199, 202, 198, 199, 193, 193, 183, 182, 181, 177,
    182, 184, 201, 199, 201, 206, 203, 200, 189, 185, 177, 174, 178, 182,
    187, 191, 200, 206, 210, 210, 210, 212, 212, 207, 210, 208, 208, 210,
    204, 203, 207, 206, 204, 206, 204, 204, 203, 204, 202, 203, 203, 202,
    200, 200, 201, 202, 201, 197, 201 ]
RHandPositionsY: [ 99, 95, 97, 111, 117, 112, 121, 111, 102, 103, 99, 99,
    100, 104, 114, 122, 124, 122, 127, 110, 100, 99, 102, 98, 99, 98, 93,
    99, 117, 123, 123, 122, 125, 110, 107, 104, 105, 102, 98, 100, 114,
    121, 123, 123, 127, 126, 122, 106, 105, 105, 105, 103, 102, 117, 126,
    136, 140, 147, 150, 155, 159, 166, 174, 180, 193, 203, 209, 216, 214,
    214, 216, 219, 220, 223, 226, 227, 228, 224, 225, 228, 225, 228, 225,
    226, 225, 226, 226, 225 ]
