%YAML:1.0
---
videoName: "RHShake06.mp4"
gestureLabel: 2
fps: 30
pixelSizeInCmTemp: 3.2808219178082193e-01
faceCenterPointX: 293
faceCenterPointY: 43
LHandPositionsX: [ 309, 309, 307, 308, 310, 306, 310, 308, 310, 309, 307,
    308, 308, 308, 307, 308, 313, 312, 316, 316, 317, 321, 319, 320, 319,
    323, 320, 322, 321, 323, 320, 320, 324, 324, 324, 323, 322, 326, 325,
    322, 322, 325, 324, 323, 326, 323, 322, 325, 324, 325, 326, 322, 323,
    324, 324, 325, 326, 322, 325, 326, 326, 323, 324, 326, 325, 324, 326,
    323, 325, 322, 325, 323, 326, 324, 322, 324, 324, 326, 324, 323, 326,
    324, 326, 321, 315, 315, 310, 313, 310, 313, 310 ]
LHandPositionsY: [ 269, 267, 269, 268, 270, 268, 268, 270, 267, 266, 270,
    267, 270, 267, 269, 268, 270, 270, 266, 264, 265, 263, 264, 260, 262,
    261, 262, 261, 260, 258, 261, 262, 260, 259, 262, 258, 260, 258, 258,
    259, 260, 261, 259, 260, 262, 259, 261, 258, 260, 258, 259, 261, 261,
    259, 262, 259, 260, 259, 261, 260, 260, 259, 261, 258, 260, 261, 261,
    261, 260, 258, 258, 260, 260, 259, 262, 259, 259, 261, 259, 261, 261,
    258, 262, 262, 261, 265, 266, 263, 266, 265, 264 ]
RHandPositionsX: [ 286, 289, 288, 287, 285, 286, 285, 284, 284, 284, 286,
    285, 288, 287, 288, 287, 287, 283, 276, 266, 242, 226, 201, 179, 158,
    148, 136, 135, 141, 139, 145, 145, 164, 164, 161, 159, 161, 162, 159,
    157, 161, 169, 181, 187, 191, 187, 178, 172, 171, 171, 168, 168, 174,
    184, 182, 184, 180, 189, 180, 169, 170, 165, 168, 181, 182, 179, 175,
    170, 163, 163, 166, 165, 170, 180, 194, 190, 207, 224, 234, 241, 249,
    253, 253, 247, 248, 253, 254, 252, 254, 253, 255 ]
RHandPositionsY: [ 266, 270, 270, 269, 269, 269, 270, 269, 269, 270, 269,
    266, 266, 269, 270, 268, 269, 270, 265, 261, 247, 233, 216, 199, 179,
    158, 138, 125, 111, 103, 112, 119, 130, 116, 108, 102, 101, 87, 90,
    92, 93, 93, 96, 98, 98, 95, 94, 89, 87, 90, 84, 90, 94, 101, 99, 99,
    98, 100, 94, 94, 94, 87, 91, 103, 101, 101, 101, 99, 106, 108, 116,
    129, 146, 161, 178, 180, 193, 203, 217, 222, 230, 239, 237, 237, 240,
    243, 241, 242, 244, 243, 245 ]
