%YAML:1.0
---
videoName: "RHShake08.mp4"
gestureLabel: 2
fps: 29
pixelSizeInCmTemp: 3.2808219178082193e-01
faceCenterPointX: 290
faceCenterPointY: 45
LHandPositionsX: [ 314, 315, 317, 316, 315, 313, 314, 315, 312, 309, 308,
    312, 309, 312, 308, 311, 310, 308, 308, 307, 306, 307, 309, 308, 308,
    308, 306, 310, 308, 309, 310, 310, 306, 307, 311, 309, 306, 308, 310,
    310, 308, 307, 310, 305, 308, 308, 307, 305, 306, 306, 307, 308, 309,
    306, 306, 307, 306, 305, 308, 308, 309, 307, 309, 305, 308, 308, 305,
    305, 306, 307, 307, 305, 309, 309, 308, 309, 305, 306, 305, 309, 308,
    308, 310, 306, 311, 310, 308, 310 ]
LHandPositionsY: [ 280, 279, 279, 280, 282, 280, 281, 284, 281, 284, 284,
    285, 284, 284, 284, 285, 285, 285, 283, 282, 281, 284, 283, 281, 282,
    283, 285, 282, 284, 285, 283, 284, 281, 285, 283, 283, 282, 281, 281,
    285, 284, 284, 281, 284, 283, 280, 282, 284, 281, 281, 284, 284, 280,
    283, 283, 280, 280, 280, 282, 281, 282, 280, 281, 282, 284, 283, 282,
    281, 280, 284, 284, 282, 280, 284, 281, 283, 281, 282, 281, 283, 284,
    281, 284, 284, 280, 284, 280, 282 ]
RHandPositionsX: [ 268, 269, 270, 271, 270, 269, 272, 277, 266, 259, 257,
    257, 252, 238, 219, 199, 186, 166, 158, 158, 164, 173, 200, 196, 207,
    198, 195, 191, 185, 181, 190, 191, 206, 199, 193, 193, 188, 183, 177,
    177, 192, 191, 187, 185, 184, 180, 173, 175, 175, 180, 184, 187, 192,
    187, 191, 191, 190, 201, 203, 216, 211, 207, 205, 197, 196, 195, 203,
    207, 214, 211, 213, 218, 223, 230, 242, 248, 251, 262, 263, 265, 264,
    270, 268, 273, 272, 273, 271, 269 ]
RHandPositionsY: [ 270, 266, 270, 268, 269, 268, 270, 266, 268, 264, 256,
    245, 232, 216, 204, 183, 175, 154, 129, 128, 114, 107, 108, 105, 108,
    105, 100, 92, 93, 90, 90, 92, 97, 97, 94, 91, 90, 88, 88, 89, 94, 94,
    95, 91, 87, 86, 87, 84, 89, 96, 97, 93, 97, 99, 91, 90, 93, 94, 97,
    97, 100, 101, 95, 94, 95, 94, 96, 100, 105, 108, 110, 125, 130, 145,
    156, 174, 195, 214, 227, 247, 260, 259, 257, 261, 262, 265, 265, 266 ]
