%YAML:1.0
---
videoName: "RHShake00.mp4"
gestureLabel: 2
fps: 29
pixelSizeInCmTemp: 3.4710144927536229e-01
faceCenterPointX: 283
faceCenterPointY: 97
LHandPositionsX: [ 342, 344, 344, 342, 346, 346, 343, 346, 346, 346, 343,
    343, 343, 346, 344, 344, 345, 342, 346, 343, 345, 345, 343, 344, 342,
    345, 342, 346, 344, 342, 344, 344, 343, 343, 344, 344, 344, 343, 346,
    345, 345, 342, 344, 343, 344, 346, 343, 344, 342, 345, 344, 345, 344,
    345, 344, 343, 342, 343, 346, 345, 343, 343, 342, 342, 342, 346, 344,
    342, 342, 346, 342, 345, 342, 342, 344, 344, 345, 346, 343, 346, 346,
    343, 346, 346, 346, 346, 342, 343 ]
LHandPositionsY: [ 274, 275, 272, 272, 273, 274, 273, 272, 273, 276, 274,
    276, 273, 273, 274, 276, 275, 272, 274, 273, 275, 273, 276, 274, 274,
    275, 274, 274, 272, 274, 274, 275, 276, 272, 276, 276, 273, 273, 276,
    273, 273, 274, 274, 276, 275, 274, 275, 274, 274, 272, 275, 276, 276,
    275, 276, 276, 275, 276, 276, 274, 273, 275, 272, 274, 273, 272, 275,
    272, 273, 273, 275, 276, 276, 273, 272, 272, 272, 272, 273, 274, 272,
    273, 275, 274, 272, 274, 273, 276 ]
RHandPositionsX: [ 177, 175, 165, 155, 148, 145, 144, 144, 142, 144, 143,
    147, 149, 166, 165, 166, 167, 167, 166, 160, 153, 150, 148, 151, 154,
    163, 164, 164, 166, 162, 158, 148, 151, 149, 151, 155, 163, 160, 163,
    162, 160, 157, 151, 141, 139, 145, 151, 152, 154, 154, 158, 160, 159,
    150, 147, 145, 145, 149, 154, 159, 160, 160, 168, 164, 157, 151, 144,
    141, 143, 148, 149, 155, 154, 158, 162, 168, 168, 176, 175, 178, 182,
    189, 188, 193, 191, 196, 195, 198 ]
RHandPositionsY: [ 260, 249, 243, 220, 204, 189, 178, 170, 162, 149, 142,
    135, 132, 135, 138, 137, 135, 129, 126, 126, 121, 123, 120, 119, 125,
    135, 132, 133, 136, 132, 129, 124, 126, 123, 133, 134, 140, 141, 141,
    140, 141, 135, 133, 132, 131, 136, 133, 135, 137, 140, 137, 139, 134,
    129, 129, 131, 131, 132, 137, 143, 147, 146, 146, 147, 140, 139, 137,
    137, 140, 151, 155, 161, 168, 177, 183, 191, 196, 204, 216, 222, 228,
    238, 244, 248, 255, 257, 264, 263 ]
