%YAML:1.0
---
videoName: "RHShake03.mp4"
gestureLabel: 2
fps: 29
pixelSizeInCmTemp: 3.1103896103896100e-01
faceCenterPointX: 294
faceCenterPointY: 48
LHandPositionsX: [ 412, 412, 409, 409, 411, 409, 410, 408, 410, 411, 411,
    408, 408, 411, 412, 412, 408, 408, 410, 411, 409, 410, 411, 412, 410,
    411, 412, 412, 412, 410, 410, 409, 409, 411, 408, 411, 409, 412, 411,
    408, 409, 411, 409, 408, 411, 408, 408, 411, 408, 409, 409, 410, 409,
    412, 410, 408, 409, 408, 410, 411, 410, 410, 411, 411, 409, 408, 411,
    408, 409, 408, 411, 407, 408, 411, 408, 411, 408, 407, 411, 410, 408,
    411, 407, 411, 408, 407, 409, 407 ]
LHandPositionsY: [ 261, 261, 262, 262, 260, 261, 264, 263, 264, 261, 263,
    264, 262, 262, 262, 262, 261, 261, 262, 264, 264, 262, 262, 262, 263,
    263, 263, 261, 264, 262, 262, 264, 261, 262, 262, 263, 260, 260, 263,
    263, 262, 263, 262, 260, 260, 263, 261, 264, 260, 261, 263, 261, 264,
    261, 263, 263, 264, 264, 262, 261, 263, 263, 264, 262, 262, 261, 260,
    261, 262, 263, 264, 260, 264, 260, 261, 263, 263, 264, 261, 261, 264,
    262, 263, 263, 262, 263, 262, 261 ]
RHandPositionsX: [ 180, 180, 176, 178, 178, 175, 178, 176, 176, 174, 176,
    174, 172, 174, 175, 174, 175, 173, 175, 172, 175, 174, 173, 174, 172,
    174, 174, 171, 172, 172, 172, 172, 174, 172, 162, 157, 150, 150, 149,
    152, 153, 167, 179, 184, 190, 191, 184, 174, 175, 173, 171, 180, 183,
    183, 182, 175, 171, 170, 170, 172, 177, 186, 201, 205, 197, 191, 189,
    187, 184, 182, 183, 196, 199, 206, 212, 208, 199, 194, 194, 182, 184,
    183, 183, 182, 180, 183, 182, 179 ]
RHandPositionsY: [ 259, 260, 259, 261, 259, 259, 263, 258, 260, 259, 262,
    259, 260, 262, 260, 259, 261, 260, 262, 261, 261, 258, 258, 259, 262,
    261, 260, 259, 262, 260, 267, 264, 256, 238, 219, 198, 176, 156, 147,
    127, 124, 121, 116, 116, 110, 105, 103, 103, 101, 100, 102, 107, 107,
    103, 104, 104, 103, 101, 97, 98, 103, 108, 109, 110, 110, 107, 103,
    104, 97, 101, 106, 119, 130, 140, 157, 179, 199, 207, 216, 240, 239,
    243, 242, 251, 250, 252, 253, 252 ]
