%YAML:1.0
---
videoName: "RHShake02.mp4"
gestureLabel: 2
fps: 29
pixelSizeInCmTemp: 3.1933333333333330e-01
faceCenterPointX: 291
faceCenterPointY: 51
LHandPositionsX: [ 406, 405, 405, 405, 406, 409, 406, 407, 406, 408, 407,
    406, 405, 406, 409, 405, 406, 407, 404, 407, 405, 408, 407, 405, 406,
    408, 407, 406, 407, 402, 402, 405, 406, 403, 404, 404, 404, 401, 405,
    402, 401, 403, 402, 399, 399, 401, 403, 399, 400, 402, 401, 400, 398,
    401, 399, 399, 399, 396, 400, 397, 398, 399, 399, 396, 398, 397, 397,
    399, 397, 395, 395, 397, 399, 396, 397, 397, 398, 395, 398, 399, 396,
    396, 398, 396, 399, 396, 397, 399 ]
LHandPositionsY: [ 263, 262, 263, 261, 263, 262, 262, 261, 261, 265, 261,
    261, 263, 265, 262, 261, 261, 262, 264, 262, 262, 264, 262, 264, 262,
    264, 264, 263, 261, 263, 261, 264, 262, 263, 261, 264, 261, 263, 262,
    260, 262, 262, 260, 264, 261, 263, 263, 260, 264, 263, 264, 262, 260,
    262, 263, 262, 262, 261, 263, 263, 262, 263, 264, 261, 262, 262, 264,
    260, 262, 264, 261, 262, 260, 262, 264, 264, 264, 263, 261, 264, 261,
    260, 263, 262, 264, 262, 261, 262 ]
RHandPositionsX: [ 171, 175, 171, 175, 170, 172, 172, 171, 170, 172, 170,
    172, 171, 173, 170, 170, 171, 170, 174, 171, 172, 172, 171, 171, 171,
    174, 176, 176, 176, 174, 165, 162, 160, 156, 149, 153, 158, 178, 181,
    177, 180, 177, 173, 163, 162, 160, 159, 166, 179, 182, 194, 186, 182,
    177, 167, 166, 163, 165, 176, 181, 181, 183, 178, 176, 177, 171, 168,
    169, 169, 174, 184, 190, 198, 201, 201, 199, 196, 185, 187, 183, 179,
    175, 178, 176, 174, 174, 173, 175 ]
RHandPositionsY: [ 267, 264, 264, 267, 263, 263, 267, 265, 264, 265, 267,
    267, 265, 263, 267, 266, 264, 263, 265, 265, 266, 263, 267, 264, 268,
    268, 266, 246, 229, 207, 186, 167, 142, 122, 110, 102, 100, 93, 99,
    100, 96, 92, 89, 92, 88, 86, 88, 91, 97, 99, 101, 96, 90, 88, 84, 87,
    87, 90, 96, 99, 98, 100, 98, 98, 94, 91, 91, 91, 94, 99, 102, 118,
    130, 142, 158, 177, 195, 213, 225, 232, 235, 242, 242, 253, 250, 251,
    256, 254 ]
