%YAML:1.0
---
videoName: "RHShake22.mp4"
gestureLabel: 2
fps: 29
pixelSizeInCmTemp: 3.3263888888888887e-01
faceCenterPointX: 290
faceCenterPointY: 48
LHandPositionsX: [ 395, 395, 396, 395, 392, 393, 393, 395, 395, 393, 396,
    395, 393, 395, 396, 394, 395, 396, 392, 395, 394, 394, 394, 392, 392,
    393, 395, 393, 394, 393, 392, 392, 392, 393, 394, 396, 392, 393, 393,
    394, 393, 396, 393, 395, 393, 395, 394, 395, 392, 393, 395, 392, 396,
    394, 396, 395, 396, 395, 392, 394, 392, 394, 392, 394, 394, 394, 394,
    392, 392, 396, 395, 394, 392, 396, 396, 393, 392, 394, 396, 396, 396,
    395, 395, 395, 393, 393, 392, 392 ]
LHandPositionsY: [ 233, 232, 232, 230, 234, 234, 234, 234, 231, 232, 230,
    233, 234, 234, 234, 232, 230, 234, 230, 233, 234, 232, 232, 230, 232,
    232, 230, 233, 231, 234, 232, 231, 233, 232, 232, 233, 231, 233, 233,
    230, 232, 233, 232, 231, 233, 230, 234, 231, 231, 232, 234, 234, 230,
    232, 234, 233, 230, 230, 231, 231, 234, 232, 232, 234, 233, 233, 230,
    234, 230, 233, 231, 232, 230, 231, 230, 234, 232, 233, 233, 231, 233,
    230, 230, 233, 233, 233, 232, 234 ]
RHandPositionsX: [ 149, 138, 128, 128, 130, 137, 146, 155, 164, 164, 164,
    165, 160, 159, 151, 147, 146, 146, 146, 153, 164, 171, 171, 168, 169,
    163, 163, 157, 154, 155, 154, 158, 164, 172, 171, 171, 170, 168, 166,
    162, 160, 156, 162, 169, 172, 174, 175, 175, 174, 170, 162, 157, 156,
    155, 155, 164, 173, 177, 180, 177, 178, 172, 168, 164, 155, 155, 152,
    154, 168, 176, 179, 180, 178, 179, 182, 180, 182, 181, 182, 186, 186,
    191, 188, 187, 187, 189, 187, 191 ]
RHandPositionsY: [ 139, 114, 100, 100, 98, 93, 83, 87, 90, 91, 91, 91,
    83, 79, 78, 81, 80, 78, 76, 85, 88, 95, 98, 95, 93, 89, 86, 84, 83,
    81, 80, 91, 92, 100, 100, 102, 96, 90, 90, 88, 84, 85, 86, 90, 94,
    101, 101, 98, 96, 89, 90, 91, 87, 84, 86, 82, 91, 99, 102, 104, 101,
    98, 90, 94, 91, 92, 89, 90, 89, 105, 109, 110, 115, 119, 119, 127,
    135, 147, 160, 169, 183, 193, 201, 205, 213, 219, 224, 224 ]
