%YAML:1.0
---
videoName: "RHShake04.mp4"
gestureLabel: 2
fps: 29
pixelSizeInCmTemp: 3.1513157894736843e-01
faceCenterPointX: 292
faceCenterPointY: 47
LHandPositionsX: [ 413, 410, 412, 413, 411, 410, 409, 411, 408, 411, 410,
    409, 409, 410, 412, 411, 408, 411, 409, 407, 409, 408, 407, 408, 408,
    409, 409, 407, 409, 405, 409, 408, 409, 405, 406, 407, 407, 407, 408,
    408, 407, 406, 409, 407, 405, 409, 409, 408, 407, 407, 405, 408, 405,
    405, 408, 405, 405, 409, 408, 408, 405, 408, 405, 406, 404, 406, 407,
    406, 404, 404, 403, 402, 403, 403, 404, 403, 405, 404, 403, 401, 404,
    401, 403, 404, 405, 405, 404, 404 ]
LHandPositionsY: [ 265, 265, 263, 263, 266, 263, 265, 262, 263, 262, 263,
    261, 264, 264, 263, 263, 265, 265, 260, 261, 261, 264, 261, 263, 263,
    260, 264, 263, 260, 263, 264, 264, 260, 260, 262, 261, 262, 263, 260,
    264, 261, 263, 264, 263, 263, 263, 263, 262, 260, 263, 263, 260, 262,
    264, 263, 263, 263, 260, 263, 263, 264, 263, 262, 259, 262, 259, 260,
    260, 258, 262, 258, 258, 262, 262, 259, 259, 262, 262, 259, 260, 259,
    257, 261, 258, 258, 261, 259, 257 ]
RHandPositionsX: [ 181, 182, 179, 182, 182, 180, 178, 181, 180, 179, 181,
    177, 181, 177, 179, 180, 179, 180, 177, 179, 175, 176, 178, 181, 179,
    173, 170, 163, 161, 165, 164, 167, 178, 187, 195, 188, 187, 179, 173,
    171, 165, 167, 173, 173, 177, 177, 180, 176, 167, 166, 164, 172, 178,
    179, 178, 176, 177, 171, 170, 169, 168, 175, 178, 185, 195, 189, 184,
    179, 171, 175, 168, 171, 171, 175, 183, 191, 190, 191, 192, 190, 188,
    187, 186, 179, 176, 175, 177, 172 ]
RHandPositionsY: [ 266, 265, 267, 268, 264, 262, 263, 265, 268, 265, 264,
    265, 269, 271, 268, 268, 270, 267, 271, 269, 271, 274, 266, 244, 223,
    197, 170, 149, 126, 123, 118, 101, 96, 100, 102, 99, 98, 93, 94, 95,
    90, 91, 93, 94, 95, 95, 95, 96, 93, 92, 92, 97, 100, 99, 97, 97, 94,
    93, 94, 92, 90, 95, 98, 95, 93, 96, 95, 96, 92, 95, 96, 94, 101, 106,
    120, 132, 143, 153, 166, 179, 194, 211, 225, 229, 235, 244, 246, 250 ]
