%YAML:1.0
---
videoName: "RHShake16.mp4"
gestureLabel: 2
fps: 29
pixelSizeInCmTemp: 3.2808219178082193e-01
faceCenterPointX: 281
faceCenterPointY: 44
LHandPositionsX: [ 371, 371, 372, 372, 372, 369, 373, 373, 370, 370, 373,
    373, 371, 373, 372, 370, 373, 373, 370, 370, 371, 370, 371, 373, 369,
    370, 369, 371, 370, 373, 369, 371, 369, 370, 371, 373, 373, 370, 373,
    371, 370, 369, 370, 371, 372, 373, 372, 370, 371, 373, 372, 372, 373,
    373, 373, 370, 372, 372, 373, 371, 370, 372, 370, 369, 371, 369, 373,
    371, 369, 373, 370, 372, 372, 370, 372, 372, 373, 371, 369, 369, 372,
    371, 372, 371, 371, 373, 369, 369 ]
LHandPositionsY: [ 233, 232, 231, 233, 231, 232, 233, 234, 230, 232, 233,
    233, 232, 232, 234, 234, 230, 231, 232, 232, 230, 233, 234, 234, 234,
    234, 232, 230, 234, 233, 233, 230, 232, 233, 234, 233, 233, 231, 232,
    232, 233, 231, 234, 231, 233, 233, 232, 234, 231, 231, 231, 232, 230,
    231, 232, 232, 231, 231, 229, 230, 231, 230, 229, 232, 230, 232, 230,
    231, 233, 231, 231, 233, 233, 229, 232, 232, 229, 232, 233, 230, 232,
    229, 233, 229, 232, 232, 230, 230 ]
RHandPositionsX: [ 170, 167, 167, 171, 170, 171, 170, 167, 170, 167, 168,
    169, 169, 169, 168, 167, 167, 167, 163, 154, 153, 147, 138, 132, 128,
    124, 118, 124, 124, 125, 129, 128, 138, 140, 142, 138, 138, 137, 139,
    141, 140, 145, 148, 150, 150, 145, 146, 147, 148, 145, 152, 154, 151,
    152, 150, 145, 145, 144, 145, 151, 155, 157, 157, 152, 155, 154, 148,
    153, 151, 161, 168, 171, 175, 175, 178, 174, 177, 173, 172, 172, 173,
    170, 171, 172, 172, 172, 172, 169 ]
RHandPositionsY: [ 268, 268, 265, 266, 268, 268, 267, 269, 269, 268, 267,
    268, 267, 268, 266, 269, 264, 265, 256, 244, 221, 201, 177, 159, 143,
    131, 117, 116, 108, 107, 106, 102, 99, 97, 95, 93, 92, 88, 91, 88,
    87, 88, 90, 91, 87, 88, 86, 85, 86, 88, 86, 89, 88, 88, 86, 85, 88,
    87, 88, 87, 93, 91, 91, 86, 87, 87, 90, 94, 102, 117, 135, 146, 161,
    172, 186, 188, 195, 203, 211, 215, 222, 224, 226, 235, 238, 238, 237,
    239 ]
