%YAML:1.0
---
videoName: "RHShake16.mp4"
gestureLabel: 2
fps: 29
pixelSizeInCmTemp: 3.2808219178082193e-01
faceCenterPointX: 281
faceCenterPointY: 44
LHandPositionsX: [ 370, 372, 370, 371, 370, 371, 369, 369, 372, 372, 372,
    372, 369, 371, 372, 370, 371, 373, 373, 371, 372, 370, 372, 373, 371,
    369, 373, 372, 371, 371, 371, 371, 373, 373, 373, 371, 372, 372, 371,
    370, 373, 372, 373, 373, 372, 371, 371, 370, 369, 373, 373, 372, 370,
    373, 371, 372, 372, 369, 373, 371, 369, 369, 371, 373, 370, 371, 369,
    373, 370, 370, 370, 370, 369, 371, 370, 371, 369, 369, 370, 373, 373,
    371, 373, 370, 372, 371, 370, 371 ]
LHandPositionsY: [ 231, 231, 231, 233, 233, 233, 234, 233, 230, 230, 230,
    233, 233, 232, 230, 230, 234, 231, 230, 233, 233, 232, 230, 233, 230,
    234, 233, 231, 230, 231, 230, 233, 231, 230, 230, 231, 232, 234, 232,
    232, 233, 231, 232, 233, 230, 230, 232, 234, 233, 231, 231, 231, 230,
    229, 229, 233, 232, 233, 233, 229, 232, 231, 233, 233, 231, 233, 232,
    233, 232, 229, 231, 230, 233, 231, 229, 230, 231, 231, 233, 232, 232,
    231, 231, 229, 229, 233, 230, 231 ]
RHandPositionsX: [ 171, 171, 169, 167, 167, 170, 168, 168, 171, 170, 171,
    168, 169, 168, 168, 167, 171, 168, 161, 153, 151, 146, 138, 129, 125,
    121, 115, 124, 122, 121, 125, 128, 139, 143, 142, 142, 135, 136, 139,
    138, 141, 145, 147, 149, 150, 148, 149, 148, 146, 145, 150, 151, 150,
    152, 150, 145, 146, 146, 146, 154, 156, 159, 156, 154, 155, 154, 151,
    154, 154, 159, 164, 170, 175, 174, 175, 173, 175, 172, 172, 170, 170,
    172, 169, 171, 170, 171, 171, 170 ]
RHandPositionsY: [ 265, 266, 266, 268, 268, 267, 267, 267, 268, 267, 266,
    269, 265, 266, 265, 266, 266, 265, 256, 244, 217, 197, 180, 160, 142,
    132, 117, 116, 109, 104, 104, 104, 97, 97, 96, 95, 92, 91, 88, 90,
    89, 91, 90, 91, 89, 89, 84, 86, 85, 86, 88, 86, 86, 87, 88, 84, 85,
    85, 89, 89, 91, 88, 87, 90, 89, 90, 88, 93, 103, 119, 134, 145, 158,
    172, 185, 190, 196, 203, 209, 217, 224, 225, 224, 235, 236, 236, 237,
    237 ]
