%YAML:1.0
---
videoName: "RHShake10.mp4"
gestureLabel: 2
fps: 29
pixelSizeInCmTemp: 3.1933333333333330e-01
faceCenterPointX: 295
faceCenterPointY: 45
LHandPositionsX: [ 341, 341, 341, 342, 338, 340, 339, 336, 335, 330, 332,
    333, 327, 327, 327, 326, 328, 325, 325, 326, 329, 330, 328, 329, 328,
    326, 330, 329, 326, 329, 328, 326, 330, 328, 327, 328, 328, 329, 326,
    327, 328, 326, 330, 326, 329, 327, 327, 329, 328, 329, 330, 326, 330,
    329, 330, 329, 330, 328, 329, 327, 326, 326, 328, 330, 326, 328, 329,
    330, 330, 328, 330, 326, 328, 329, 327, 330, 327, 330, 330, 328, 329,
    332, 331, 331, 328, 329, 328, 328 ]
LHandPositionsY: [ 262, 268, 266, 267, 264, 269, 270, 267, 271, 271, 268,
    273, 272, 270, 274, 272, 274, 273, 272, 274, 272, 271, 274, 271, 271,
    270, 271, 273, 270, 269, 271, 269, 269, 271, 272, 271, 268, 268, 269,
    271, 268, 268, 270, 269, 271, 269, 269, 272, 270, 268, 272, 268, 271,
    270, 271, 269, 268, 272, 270, 272, 271, 270, 270, 272, 272, 269, 270,
    269, 270, 272, 270, 270, 270, 267, 269, 271, 270, 270, 270, 268, 268,
    270, 267, 270, 268, 270, 268, 271 ]
RHandPositionsX: [ 260, 261, 264, 259, 262, 263, 262, 262, 259, 259, 262,
    259, 261, 259, 258, 263, 257, 253, 260, 250, 242, 220, 203, 181, 165,
    155, 138, 137, 138, 139, 146, 150, 153, 160, 165, 163, 161, 157, 158,
    157, 162, 172, 179, 179, 176, 178, 173, 171, 173, 168, 176, 187, 192,
    196, 191, 182, 177, 177, 177, 179, 180, 189, 189, 194, 192, 181, 180,
    176, 173, 177, 178, 192, 197, 204, 212, 217, 225, 232, 238, 242, 251,
    250, 249, 256, 260, 259, 262, 259 ]
RHandPositionsY: [ 266, 265, 267, 266, 266, 262, 266, 266, 264, 266, 264,
    265, 267, 266, 268, 269, 266, 268, 264, 255, 241, 226, 213, 192, 169,
    152, 130, 115, 113, 98, 87, 86, 90, 89, 87, 84, 79, 77, 76, 80, 78,
    85, 87, 82, 80, 80, 76, 76, 77, 81, 86, 87, 89, 93, 88, 83, 84, 85,
    81, 83, 90, 93, 94, 95, 87, 89, 82, 80, 84, 85, 93, 107, 126, 147,
    164, 178, 199, 213, 227, 242, 257, 260, 257, 265, 266, 267, 266, 266 ]
