%YAML:1.0
---
videoName: "RHShake07.mp4"
gestureLabel: 2
fps: 29
pixelSizeInCmTemp: 3.2364864864864862e-01
faceCenterPointX: 292
faceCenterPointY: 44
LHandPositionsX: [ 308, 310, 310, 309, 308, 307, 310, 308, 307, 306, 311,
    310, 310, 309, 312, 314, 311, 310, 312, 311, 312, 313, 314, 313, 313,
    311, 314, 310, 310, 314, 310, 311, 316, 316, 314, 315, 313, 315, 314,
    312, 315, 312, 316, 315, 315, 312, 312, 313, 315, 315, 313, 312, 312,
    315, 314, 313, 312, 312, 312, 316, 314, 314, 314, 316, 312, 313, 314,
    315, 315, 312, 313, 313, 316, 316, 315, 313, 315, 313, 313, 313, 309,
    309, 309, 309, 312, 308, 310, 309 ]
LHandPositionsY: [ 269, 267, 272, 271, 270, 271, 271, 270, 270, 274, 270,
    272, 271, 270, 272, 272, 270, 270, 271, 269, 269, 270, 271, 267, 268,
    269, 270, 267, 271, 271, 271, 269, 267, 268, 268, 270, 270, 268, 269,
    270, 270, 269, 269, 267, 271, 271, 269, 270, 267, 270, 271, 268, 267,
    268, 271, 269, 269, 271, 269, 267, 270, 270, 268, 270, 271, 270, 267,
    271, 268, 268, 267, 266, 268, 267, 266, 269, 269, 268, 270, 268, 272,
    272, 274, 274, 275, 275, 271, 272 ]
RHandPositionsX: [ 264, 267, 267, 265, 264, 265, 263, 269, 264, 269, 268,
    264, 256, 234, 217, 194, 175, 162, 154, 157, 159, 153, 156, 158, 165,
    182, 188, 182, 176, 170, 166, 168, 182, 181, 186, 184, 180, 175, 167,
    168, 174, 174, 180, 186, 188, 183, 178, 173, 164, 163, 168, 184, 186,
    202, 192, 190, 183, 175, 169, 169, 167, 164, 169, 175, 171, 184, 179,
    177, 174, 166, 157, 170, 176, 198, 213, 229, 242, 256, 271, 275, 269,
    271, 268, 264, 262, 263, 268, 266 ]
RHandPositionsY: [ 251, 252, 253, 251, 252, 254, 253, 255, 253, 256, 249,
    240, 229, 219, 201, 187, 165, 154, 133, 133, 127, 111, 121, 126, 128,
    114, 105, 97, 90, 94, 86, 88, 110, 102, 103, 96, 97, 96, 94, 93, 90,
    92, 97, 100, 96, 97, 95, 91, 89, 85, 82, 88, 94, 101, 101, 96, 92,
    90, 90, 90, 86, 91, 93, 91, 91, 94, 87, 86, 89, 91, 95, 117, 139,
    149, 164, 186, 205, 226, 235, 243, 246, 248, 250, 252, 255, 252, 255,
    258 ]
