%YAML:1.0
---
videoName: "RHShake22.mp4"
gestureLabel: 2
fps: 29
pixelSizeInCmTemp: 3.3263888888888887e-01
faceCenterPointX: 290
faceCenterPointY: 48
LHandPositionsX: [ 393, 395, 393, 393, 394, 394, 394, 396, 394, 396, 396,
    392, 396, 392, 396, 396, 393, 395, 392, 393, 396, 392, 394, 393, 392,
    395, 393, 392, 394, 395, 394, 395, 393, 395, 392, 394, 394, 392, 396,
    396, 395, 395, 393, 396, 393, 395, 393, 396, 393, 396, 392, 396, 393,
    394, 394, 395, 396, 394, 395, 395, 392, 395, 395, 393, 394, 394, 393,
    393, 392, 394, 394, 392, 395, 393, 396, 394, 394, 395, 392, 396, 394,
    395, 392, 393, 396, 393, 392, 395 ]
LHandPositionsY: [ 233, 231, 233, 231, 230, 233, 230, 232, 233, 233, 231,
    231, 234, 232, 234, 230, 231, 232, 231, 232, 230, 230, 234, 230, 231,
    233, 234, 232, 234, 232, 233, 231, 232, 233, 230, 230, 234, 232, 233,
    230, 233, 231, 234, 232, 230, 230, 231, 233, 234, 234, 233, 230, 230,
    230, 233, 232, 230, 234, 233, 230, 230, 230, 230, 232, 231, 231, 234,
    230, 231, 232, 232, 234, 234, 230, 231, 230, 232, 232, 233, 233, 230,
    231, 233, 234, 231, 232, 230, 233 ]
RHandPositionsX: [ 150, 136, 128, 129, 130, 136, 147, 155, 166, 167, 167,
    164, 161, 159, 150, 148, 144, 143, 144, 154, 161, 170, 171, 172, 170,
    163, 161, 159, 155, 153, 151, 160, 164, 174, 174, 173, 172, 169, 167,
    161, 157, 158, 161, 165, 172, 175, 177, 174, 170, 169, 162, 158, 153,
    154, 155, 165, 171, 177, 180, 179, 179, 174, 167, 163, 158, 154, 154,
    154, 165, 177, 176, 177, 181, 182, 179, 178, 179, 180, 186, 187, 187,
    189, 189, 188, 187, 186, 190, 189 ]
RHandPositionsY: [ 140, 117, 103, 99, 97, 93, 82, 87, 90, 91, 93, 92, 85,
    80, 77, 77, 79, 77, 76, 84, 88, 95, 99, 94, 95, 88, 87, 85, 83, 79,
    78, 88, 94, 97, 102, 102, 96, 89, 90, 89, 86, 84, 82, 89, 94, 99,
    102, 101, 94, 89, 90, 89, 88, 85, 85, 82, 88, 98, 100, 102, 100, 96,
    91, 94, 94, 91, 89, 90, 89, 103, 107, 111, 114, 119, 121, 123, 137,
    149, 159, 169, 182, 192, 201, 203, 214, 218, 224, 227 ]
