%YAML:1.0
---
videoName: "RHShake09.mp4"
gestureLabel: 2
fps: 29
pixelSizeInCmTemp: 3.1103896103896100e-01
faceCenterPointX: 296
faceCenterPointY: 48
LHandPositionsX: [ 324, 323, 324, 322, 326, 324, 325, 321, 319, 318, 317,
    317, 313, 313, 312, 309, 309, 308, 311, 309, 310, 310, 306, 306, 306,
    305, 308, 308, 306, 309, 307, 309, 309, 312, 307, 311, 311, 311, 307,
    307, 307, 308, 307, 309, 313, 311, 313, 310, 313, 314, 311, 315, 315,
    315, 315, 313, 315, 316, 313, 315, 317, 315, 313, 316, 316, 314, 315,
    314, 317, 314, 318, 316, 317, 314, 314, 313, 313, 316, 316, 313, 315,
    316, 316, 316, 315, 316, 315, 318 ]
LHandPositionsY: [ 267, 266, 267, 271, 270, 271, 268, 269, 269, 273, 271,
    272, 275, 274, 272, 276, 274, 273, 276, 272, 272, 273, 275, 276, 273,
    275, 272, 273, 277, 274, 273, 274, 277, 274, 274, 274, 277, 273, 276,
    276, 275, 274, 276, 273, 275, 276, 277, 274, 275, 276, 274, 274, 273,
    274, 276, 276, 277, 275, 272, 273, 273, 273, 275, 276, 272, 275, 275,
    274, 275, 276, 273, 276, 274, 274, 275, 273, 274, 276, 274, 274, 272,
    274, 275, 271, 274, 276, 273, 273 ]
RHandPositionsX: [ 262, 265, 265, 262, 263, 262, 265, 261, 264, 262, 260,
    262, 257, 259, 259, 259, 258, 258, 256, 255, 256, 255, 258, 258, 256,
    255, 257, 253, 254, 255, 263, 264, 255, 244, 223, 203, 188, 178, 171,
    174, 174, 172, 182, 182, 187, 186, 182, 182, 178, 177, 189, 191, 190,
    202, 195, 186, 179, 174, 181, 188, 183, 182, 194, 187, 185, 183, 174,
    175, 175, 181, 185, 189, 185, 182, 179, 178, 182, 179, 186, 193, 190,
    193, 197, 203, 207, 215, 225, 240 ]
RHandPositionsY: [ 261, 266, 265, 266, 266, 265, 268, 265, 268, 265, 269,
    265, 268, 265, 269, 266, 269, 269, 267, 267, 267, 269, 265, 269, 268,
    266, 267, 269, 266, 268, 270, 257, 244, 229, 212, 197, 176, 155, 139,
    136, 114, 111, 105, 110, 110, 103, 97, 89, 89, 86, 87, 95, 94, 98,
    95, 91, 87, 86, 85, 91, 96, 97, 98, 96, 93, 88, 88, 90, 90, 94, 99,
    95, 95, 93, 92, 92, 90, 93, 96, 104, 106, 107, 121, 134, 145, 155,
    167, 186 ]
