%YAML:1.0
---
videoName: "RHShake14.mp4"
gestureLabel: 2
fps: 30
pixelSizeInCmTemp: 3.2808219178082193e-01
faceCenterPointX: 277
faceCenterPointY: 42
LHandPositionsX: [ 379, 375, 376, 375, 375, 376, 376, 377, 376, 379, 375,
    377, 376, 375, 377, 377, 377, 373, 372, 374, 372, 375, 375, 374, 376,
    376, 373, 375, 375, 372, 374, 372, 373, 374, 375, 376, 374, 372, 376,
    373, 373, 375, 376, 376, 373, 376, 374, 376, 376, 374, 376, 374, 374,
    372, 373, 372, 372, 376, 375, 374, 376, 376, 375, 376, 376, 375, 373,
    372, 376, 376, 375, 376, 376, 374, 376, 375, 375, 376, 376, 373, 376,
    372, 373, 374, 376, 373, 374, 376, 375, 372, 373 ]
LHandPositionsY: [ 231, 232, 230, 232, 229, 230, 229, 231, 233, 229, 230,
    229, 230, 230, 233, 231, 229, 233, 233, 229, 232, 229, 229, 232, 231,
    230, 229, 233, 232, 233, 232, 233, 233, 229, 233, 231, 229, 230, 233,
    229, 232, 229, 231, 229, 232, 229, 233, 231, 233, 233, 229, 229, 229,
    229, 229, 232, 233, 229, 233, 229, 232, 231, 230, 231, 233, 230, 230,
    233, 230, 229, 229, 229, 232, 233, 231, 231, 229, 232, 231, 233, 233,
    231, 229, 230, 233, 231, 229, 232, 229, 231, 232 ]
RHandPositionsX: [ 174, 173, 170, 172, 174, 172, 171, 173, 171, 172, 172,
    170, 172, 172, 171, 172, 172, 172, 170, 172, 172, 171, 171, 174, 169,
    171, 167, 171, 159, 147, 135, 126, 122, 114, 115, 121, 129, 130, 136,
    141, 144, 145, 144, 145, 144, 144, 148, 153, 156, 162, 160, 159, 155,
    151, 154, 155, 160, 168, 166, 163, 159, 153, 159, 156, 155, 164, 166,
    171, 173, 175, 176, 177, 179, 180, 174, 171, 179, 179, 174, 171, 174,
    174, 172, 170, 174, 172, 173, 173, 170, 171, 172 ]
RHandPositionsY: [ 239, 241, 239, 239, 243, 240, 241, 243, 239, 241, 243,
    242, 241, 240, 243, 243, 242, 240, 242, 243, 239, 241, 243, 243, 239,
    246, 246, 232, 212, 193, 172, 152, 134, 117, 116, 111, 105, 108, 112,
    115, 116, 104, 99, 90, 88, 85, 84, 82, 82, 80, 80, 80, 78, 78, 77,
    78, 81, 83, 81, 77, 80, 77, 76, 77, 79, 84, 86, 106, 121, 133, 148,
    157, 168, 183, 195, 196, 198, 203, 213, 218, 218, 220, 222, 230, 234,
    235, 233, 232, 236, 234, 234 ]
