%YAML:1.0
---
videoName: "RHShake11.mp4"
gestureLabel: 2
fps: 29
pixelSizeInCmTemp: 3.3263888888888887e-01
faceCenterPointX: 274
faceCenterPointY: 53
LHandPositionsX: [ 311, 309, 309, 307, 310, 309, 311, 310, 308, 307, 310,
    310, 311, 311, 311, 307, 311, 308, 309, 309, 311, 309, 310, 307, 307,
    311, 311, 308, 307, 311, 309, 309, 310, 309, 311, 307, 308, 308, 309,
    309, 311, 310, 308, 307, 311, 308, 310, 307, 307, 311, 310, 309, 311,
    311, 308, 307, 309, 309, 307, 307, 308, 311, 308, 310, 309, 307, 309,
    310, 310, 307, 310, 307, 308, 311, 311, 308, 306, 307, 306, 303, 304,
    303, 303, 303, 303, 304, 307, 306 ]
LHandPositionsY: [ 248, 246, 245, 246, 247, 245, 245, 245, 246, 245, 247,
    246, 247, 248, 245, 249, 246, 247, 248, 246, 247, 248, 245, 245, 249,
    245, 248, 245, 245, 246, 245, 246, 246, 247, 246, 249, 245, 245, 247,
    247, 248, 248, 248, 248, 248, 249, 246, 246, 245, 249, 247, 249, 247,
    248, 245, 245, 249, 246, 245, 248, 246, 248, 247, 247, 249, 246, 247,
    247, 246, 246, 248, 247, 246, 246, 244, 247, 243, 247, 243, 245, 243,
    247, 247, 244, 243, 243, 246, 244 ]
RHandPositionsX: [ 250, 247, 249, 245, 234, 224, 212, 190, 172, 157, 147,
    138, 147, 146, 151, 157, 160, 166, 169, 171, 168, 162, 159, 154, 151,
    151, 161, 168, 170, 169, 167, 166, 163, 158, 156, 158, 154, 155, 159,
    168, 170, 166, 173, 168, 163, 162, 160, 160, 158, 158, 162, 171, 176,
    178, 177, 177, 173, 169, 165, 165, 158, 158, 161, 167, 171, 180, 195,
    204, 221, 230, 240, 248, 256, 259, 260, 259, 259, 261, 263, 260, 259,
    261, 261, 262, 261, 262, 262, 262 ]
RHandPositionsY: [ 247, 246, 245, 239, 231, 222, 209, 191, 173, 159, 143,
    129, 126, 115, 102, 101, 105, 103, 101, 100, 102, 100, 97, 97, 94,
    95, 94, 101, 103, 100, 101, 96, 98, 94, 94, 93, 97, 95, 98, 103, 106,
    104, 106, 105, 104, 105, 99, 97, 99, 96, 104, 105, 106, 106, 106,
    104, 104, 100, 99, 99, 103, 101, 105, 106, 118, 129, 144, 158, 173,
    189, 201, 214, 223, 228, 235, 238, 239, 236, 238, 241, 238, 239, 242,
    241, 239, 240, 242, 241 ]
