%YAML:1.0
---
videoName: "RHShake09.mp4"
gestureLabel: 2
fps: 29
pixelSizeInCmTemp: 3.1103896103896100e-01
faceCenterPointX: 296
faceCenterPointY: 48
LHandPositionsX: [ 328, 326, 322, 326, 322, 326, 321, 322, 319, 319, 316,
    314, 313, 313, 312, 310, 309, 312, 311, 311, 307, 309, 307, 307, 306,
    307, 306, 306, 304, 309, 307, 308, 308, 309, 309, 307, 310, 307, 309,
    311, 307, 310, 309, 309, 312, 309, 309, 313, 310, 314, 314, 314, 314,
    312, 314, 313, 316, 316, 315, 317, 315, 316, 313, 314, 316, 316, 314,
    318, 318, 315, 314, 315, 317, 315, 313, 315, 313, 317, 314, 316, 313,
    315, 315, 316, 316, 318, 316, 316 ]
LHandPositionsY: [ 267, 267, 267, 267, 271, 267, 269, 273, 270, 272, 271,
    275, 271, 275, 272, 275, 272, 272, 273, 276, 275, 276, 272, 276, 275,
    272, 276, 272, 275, 274, 277, 275, 276, 274, 277, 277, 276, 275, 274,
    273, 275, 276, 273, 277, 277, 274, 273, 275, 275, 274, 276, 274, 274,
    277, 275, 276, 277, 274, 275, 272, 272, 273, 276, 275, 274, 275, 273,
    273, 276, 272, 275, 274, 274, 276, 274, 275, 272, 275, 276, 276, 274,
    276, 273, 271, 274, 275, 272, 275 ]
RHandPositionsX: [ 263, 266, 262, 263, 263, 261, 261, 262, 261, 259, 263,
    260, 258, 259, 260, 260, 256, 256, 258, 256, 256, 259, 258, 255, 254,
    257, 254, 254, 256, 258, 264, 264, 253, 242, 226, 206, 191, 176, 171,
    172, 171, 172, 182, 184, 187, 188, 183, 182, 180, 177, 185, 190, 190,
    200, 194, 185, 182, 175, 177, 184, 184, 183, 195, 190, 189, 184, 177,
    171, 172, 180, 185, 191, 188, 183, 180, 177, 183, 181, 183, 189, 189,
    190, 200, 201, 207, 216, 226, 239 ]
RHandPositionsY: [ 263, 263, 263, 266, 267, 265, 268, 265, 266, 267, 268,
    269, 266, 268, 268, 268, 269, 266, 266, 267, 265, 266, 268, 269, 266,
    267, 265, 266, 267, 269, 268, 257, 245, 230, 213, 198, 175, 159, 138,
    134, 116, 107, 106, 109, 108, 104, 101, 88, 86, 88, 88, 96, 97, 99,
    95, 91, 88, 86, 85, 88, 94, 94, 96, 96, 90, 84, 89, 90, 89, 96, 99,
    99, 93, 95, 91, 91, 88, 92, 96, 105, 107, 106, 124, 132, 144, 155,
    169, 187 ]
