%YAML:1.0
---
videoName: "RHShake17.mp4"
gestureLabel: 2
fps: 29
pixelSizeInCmTemp: 3.3732394366197183e-01
faceCenterPointX: 282
faceCenterPointY: 40
LHandPositionsX: [ 306, 309, 309, 305, 307, 307, 307, 307, 307, 305, 307,
    306, 309, 306, 306, 308, 308, 306, 307, 305, 308, 307, 307, 309, 308,
    305, 307, 305, 307, 307, 305, 306, 305, 309, 308, 309, 308, 306, 307,
    306, 309, 307, 306, 309, 309, 306, 308, 307, 309, 307, 309, 309, 310,
    308, 308, 311, 309, 310, 308, 308, 311, 309, 310, 307, 311, 310, 307,
    308, 307, 311, 309, 309, 306, 308, 307, 308, 309, 310, 309, 308, 308,
    305, 308, 306, 309, 308, 305, 305 ]
LHandPositionsY: [ 232, 235, 235, 235, 233, 232, 233, 234, 235, 234, 234,
    232, 235, 234, 231, 233, 231, 234, 235, 232, 235, 235, 232, 232, 235,
    235, 231, 231, 231, 232, 231, 235, 235, 232, 234, 231, 233, 235, 231,
    234, 232, 233, 234, 232, 233, 234, 235, 234, 234, 231, 232, 235, 231,
    233, 232, 231, 233, 231, 231, 233, 231, 234, 232, 231, 235, 234, 235,
    234, 232, 231, 235, 233, 234, 234, 231, 232, 233, 233, 234, 233, 231,
    234, 233, 233, 232, 234, 233, 234 ]
RHandPositionsX: [ 213, 196, 177, 158, 141, 143, 143, 147, 144, 141, 148,
    149, 154, 155, 147, 148, 142, 144, 144, 145, 162, 161, 155, 153, 149,
    148, 148, 145, 146, 151, 154, 158, 160, 155, 150, 147, 142, 140, 136,
    154, 152, 153, 155, 160, 156, 151, 148, 150, 158, 159, 173, 170, 167,
    164, 159, 157, 151, 153, 145, 151, 151, 164, 170, 174, 179, 177, 179,
    177, 171, 171, 176, 169, 171, 171, 169, 168, 172, 172, 168, 171, 170,
    168, 167, 168, 166, 170, 167, 169 ]
RHandPositionsY: [ 204, 184, 168, 148, 127, 113, 109, 104, 95, 92, 96,
    89, 81, 80, 74, 71, 72, 66, 67, 72, 77, 76, 72, 70, 71, 65, 69, 69,
    68, 68, 66, 69, 68, 68, 67, 64, 63, 65, 68, 83, 83, 81, 79, 76, 76,
    76, 73, 75, 73, 73, 91, 89, 87, 83, 81, 79, 77, 78, 78, 85, 91, 107,
    118, 133, 146, 160, 171, 182, 189, 198, 206, 215, 221, 230, 233, 232,
    238, 241, 241, 242, 243, 240, 243, 243, 241, 243, 243, 246 ]
