%YAML:1.0
---
videoName: "RHShake17.mp4"
gestureLabel: 2
fps: 29
pixelSizeInCmTemp: 3.3732394366197183e-01
faceCenterPointX: 282
faceCenterPointY: 40
LHandPositionsX: [ 306, 308, 309, 308, 307, 306, 306, 305, 306, 308, 308,
    305, 306, 308, 309, 309, 306, 308, 308, 309, 305, 307, 307, 308, 309,
    309, 308, 309, 305, 306, 306, 308, 307, 307, 309, 309, 309, 309, 306,
    308, 308, 307, 310, 310, 306, 310, 309, 309, 308, 306, 311, 310, 309,
    310, 307, 309, 310, 309, 311, 309, 308, 310, 307, 307, 308, 307, 310,
    310, 308, 311, 310, 310, 306, 310, 307, 307, 309, 306, 306, 307, 309,
    308, 307, 305, 307, 305, 305, 309 ]
LHandPositionsY: [ 232, 233, 235, 233, 231, 235, 231, 234, 232, 234, 233,
    232, 233, 234, 235, 233, 235, 231, 234, 231, 235, 234, 232, 235, 232,
    231, 235, 233, 234, 231, 234, 235, 232, 231, 232, 234, 233, 233, 234,
    232, 231, 233, 233, 234, 233, 233, 234, 233, 232, 232, 232, 233, 231,
    233, 234, 231, 235, 231, 232, 233, 234, 232, 232, 231, 235, 233, 233,
    235, 234, 235, 234, 233, 232, 234, 232, 234, 235, 232, 234, 231, 233,
    231, 235, 232, 231, 232, 233, 232 ]
RHandPositionsX: [ 214, 197, 174, 159, 141, 142, 146, 147, 143, 144, 148,
    151, 158, 155, 146, 145, 145, 140, 143, 146, 165, 159, 158, 152, 151,
    148, 146, 143, 146, 152, 154, 161, 162, 157, 151, 145, 142, 138, 138,
    152, 154, 155, 154, 161, 155, 150, 149, 152, 155, 156, 173, 170, 168,
    165, 157, 157, 150, 153, 146, 149, 151, 162, 171, 178, 175, 180, 177,
    177, 170, 168, 177, 172, 171, 168, 171, 167, 171, 172, 172, 167, 169,
    170, 167, 166, 168, 167, 169, 166 ]
RHandPositionsY: [ 203, 186, 168, 150, 129, 113, 110, 102, 97, 89, 95,
    88, 84, 81, 76, 74, 70, 66, 71, 75, 76, 74, 72, 70, 70, 68, 66, 66,
    66, 67, 70, 68, 67, 67, 65, 67, 63, 63, 68, 85, 82, 82, 82, 79, 78,
    74, 75, 71, 73, 74, 89, 89, 87, 82, 79, 79, 77, 81, 80, 82, 91, 108,
    117, 136, 146, 161, 170, 183, 189, 194, 210, 213, 223, 230, 236, 236,
    240, 239, 238, 239, 242, 241, 244, 242, 240, 243, 247, 244 ]
