%YAML:1.0
---
videoName: "RHShake14.mp4"
gestureLabel: 2
fps: 30
pixelSizeInCmTemp: 3.2808219178082193e-01
faceCenterPointX: 277
faceCenterPointY: 42
LHandPositionsX: [ 377, 377, 376, 379, 376, 379, 376, 375, 375, 378, 377,
    377, 378, 375, 374, 374, 373, 377, 372, 376, 376, 372, 373, 372, 375,
    373, 373, 373, 376, 375, 372, 374, 372, 374, 373, 374, 372, 374, 374,
    375, 376, 376, 375, 374, 375, 372, 372, 373, 373, 373, 372, 372, 373,
    375, 374, 376, 372, 376, 372, 374, 375, 376, 376, 373, 376, 375, 375,
    375, 376, 373, 372, 375, 372, 375, 373, 372, 374, 375, 373, 373, 374,
    372, 374, 373, 372, 374, 376, 376, 374, 375, 375 ]
LHandPositionsY: [ 233, 233, 229, 233, 231, 229, 233, 229, 232, 232, 232,
    232, 230, 230, 229, 230, 232, 230, 230, 233, 229, 230, 231, 230, 230,
    233, 231, 229, 231, 231, 230, 233, 232, 230, 232, 231, 233, 233, 233,
    229, 232, 232, 231, 233, 233, 232, 233, 229, 232, 229, 232, 230, 229,
    233, 230, 230, 230, 229, 233, 232, 232, 229, 230, 232, 232, 231, 232,
    229, 232, 231, 230, 232, 229, 231, 232, 230, 229, 232, 232, 229, 230,
    229, 232, 233, 231, 233, 230, 231, 232, 233, 229 ]
RHandPositionsX: [ 171, 172, 172, 171, 174, 171, 174, 174, 170, 170, 170,
    174, 172, 172, 170, 174, 172, 174, 172, 172, 170, 171, 173, 171, 169,
    173, 170, 171, 158, 151, 137, 125, 122, 115, 115, 121, 128, 130, 137,
    140, 142, 147, 143, 142, 148, 145, 151, 152, 156, 163, 156, 157, 152,
    150, 156, 159, 162, 166, 169, 161, 158, 155, 159, 155, 158, 164, 162,
    170, 174, 177, 178, 176, 177, 179, 174, 170, 179, 178, 176, 173, 175,
    171, 173, 170, 174, 174, 173, 172, 173, 173, 171 ]
RHandPositionsY: [ 243, 241, 241, 239, 239, 241, 239, 242, 242, 241, 242,
    243, 243, 240, 243, 240, 240, 242, 243, 240, 241, 239, 241, 240, 240,
    246, 245, 235, 214, 196, 174, 152, 137, 117, 114, 110, 102, 111, 116,
    114, 116, 105, 95, 91, 88, 85, 84, 83, 85, 81, 79, 78, 78, 79, 76,
    76, 78, 80, 80, 79, 80, 75, 78, 75, 81, 80, 85, 108, 118, 135, 145,
    159, 171, 180, 194, 197, 198, 201, 213, 219, 215, 224, 222, 230, 232,
    233, 233, 234, 236, 233, 236 ]
