%YAML:1.0
---
videoName: "RHShake13.mp4"
gestureLabel: 2
fps: 30
pixelSizeInCmTemp: 3.2808219178082193e-01
faceCenterPointX: 278
faceCenterPointY: 45
LHandPositionsX: [ 306, 308, 308, 309, 306, 305, 306, 307, 306, 306, 308,
    308, 307, 308, 307, 308, 305, 305, 305, 305, 305, 307, 306, 307, 308,
    309, 308, 307, 305, 307, 305, 308, 306, 305, 306, 306, 305, 307, 306,
    306, 305, 307, 306, 306, 309, 307, 305, 306, 307, 305, 306, 306, 305,
    306, 305, 307, 309, 305, 308, 308, 305, 306, 306, 308, 307, 306, 306,
    307, 305, 308, 307, 309, 306, 309, 307, 306, 307, 310, 308, 308, 301,
    301, 306, 304, 305, 307, 303, 305, 304, 303, 303 ]
LHandPositionsY: [ 246, 243, 244, 244, 245, 241, 242, 241, 241, 245, 243,
    244, 245, 240, 241, 243, 240, 240, 239, 239, 241, 241, 242, 239, 243,
    241, 241, 239, 242, 240, 239, 242, 240, 243, 240, 241, 243, 239, 241,
    240, 238, 242, 240, 242, 241, 239, 240, 240, 238, 238, 238, 241, 240,
    241, 241, 240, 238, 242, 238, 241, 239, 239, 238, 241, 240, 241, 239,
    239, 240, 238, 240, 240, 239, 238, 238, 234, 237, 236, 234, 235, 232,
    235, 233, 240, 240, 242, 242, 243, 245, 243, 246 ]
RHandPositionsX: [ 166, 150, 136, 139, 140, 141, 145, 141, 145, 148, 146,
    144, 140, 137, 134, 136, 142, 143, 147, 144, 135, 133, 131, 132, 128,
    131, 132, 139, 139, 136, 135, 134, 130, 129, 130, 134, 135, 134, 134,
    139, 132, 132, 136, 133, 139, 148, 151, 149, 145, 148, 144, 139, 134,
    138, 141, 142, 141, 141, 144, 136, 136, 132, 132, 134, 136, 141, 142,
    148, 152, 158, 167, 178, 190, 201, 214, 227, 235, 245, 254, 251, 249,
    252, 257, 259, 259, 258, 258, 260, 258, 260, 260 ]
RHandPositionsY: [ 154, 137, 122, 120, 117, 108, 106, 102, 98, 94, 93,
    89, 87, 89, 86, 89, 87, 90, 88, 89, 88, 85, 87, 84, 85, 85, 90, 88,
    91, 88, 91, 87, 91, 88, 88, 91, 92, 91, 94, 90, 89, 89, 91, 90, 91,
    97, 96, 95, 96, 91, 93, 92, 92, 95, 97, 100, 98, 100, 98, 101, 98,
    94, 96, 99, 100, 104, 110, 112, 121, 126, 138, 143, 156, 165, 175,
    187, 199, 209, 216, 217, 218, 221, 227, 233, 238, 235, 237, 241, 240,
    241, 242 ]
