%YAML:1.0
---
videoName: "RHShake14.mp4"
gestureLabel: 2
fps: 30
pixelSizeInCmTemp: 3.2808219178082193e-01
faceCenterPointX: 277
faceCenterPointY: 42
LHandPositionsX: [ 375, 378, 378, 375, 378, 379, 377, 376, 376, 378, 379,
    376, 378, 376, 374, 374, 374, 376, 376, 374, 374, 372, 374, 374, 373,
    373, 374, 376, 372, 375, 372, 376, 374, 374, 372, 372, 375, 373, 375,
    372, 376, 375, 372, 376, 376, 374, 375, 374, 375, 373, 373, 373, 375,
    376, 375, 375, 376, 372, 376, 373, 373, 375, 374, 372, 375, 375, 376,
    376, 374, 375, 375, 375, 375, 372, 374, 375, 374, 375, 372, 375, 373,
    372, 374, 375, 373, 375, 374, 373, 374, 372, 373 ]
LHandPositionsY: [ 231, 229, 229, 231, 230, 230, 232, 232, 229, 231, 233,
    229, 233, 229, 230, 230, 232, 233, 231, 233, 230, 231, 230, 231, 232,
    232, 232, 229, 229, 229, 229, 229, 231, 233, 231, 231, 231, 233, 232,
    230, 230, 229, 233, 231, 230, 229, 232, 232, 229, 233, 233, 230, 232,
    229, 231, 231, 230, 229, 231, 231, 232, 233, 233, 229, 229, 233, 232,
    233, 233, 233, 231, 233, 229, 231, 231, 231, 231, 229, 232, 233, 229,
    232, 229, 230, 231, 233, 232, 232, 233, 230, 232 ]
RHandPositionsX: [ 174, 170, 171, 173, 170, 172, 174, 171, 173, 173, 171,
    174, 172, 172, 174, 171, 174, 170, 172, 173, 173, 170, 174, 171, 169,
    172, 170, 169, 161, 148, 134, 125, 122, 116, 117, 125, 129, 131, 134,
    140, 144, 147, 144, 141, 146, 146, 151, 153, 155, 160, 158, 158, 153,
    149, 155, 159, 159, 167, 169, 161, 156, 154, 156, 157, 155, 163, 162,
    173, 172, 178, 177, 178, 177, 180, 175, 171, 177, 179, 177, 175, 173,
    173, 172, 171, 172, 171, 172, 171, 171, 170, 174 ]
RHandPositionsY: [ 241, 243, 239, 240, 242, 243, 242, 240, 243, 241, 241,
    243, 241, 240, 240, 242, 241, 240, 239, 239, 241, 239, 241, 243, 241,
    242, 244, 233, 213, 194, 172, 152, 134, 115, 114, 108, 105, 112, 114,
    118, 117, 103, 97, 93, 89, 85, 86, 84, 83, 83, 79, 76, 77, 79, 75,
    77, 82, 80, 79, 77, 79, 75, 76, 78, 77, 82, 85, 106, 120, 132, 144,
    157, 170, 179, 192, 194, 197, 205, 214, 218, 218, 221, 221, 227, 235,
    234, 235, 232, 237, 236, 234 ]
