%YAML:1.0
---
videoName: "RHShake11.mp4"
gestureLabel: 2
fps: 29
pixelSizeInCmTemp: 3.3263888888888887e-01
faceCenterPointX: 274
faceCenterPointY: 53
LHandPositionsX: [ 310, 307, 307, 308, 311, 308, 308, 307, 307, 311, 311,
    309, 309, 307, 310, 308, 311, 308, 309, 308, 308, 308, 310, 309, 309,
    309, 307, 307, 310, 309, 307, 310, 307, 310, 311, 308, 311, 309, 310,
    309, 311, 310, 307, 307, 310, 310, 308, 307, 311, 307, 310, 310, 309,
    310, 310, 308, 309, 311, 308, 310, 311, 311, 309, 311, 311, 310, 311,
    307, 311, 311, 309, 309, 307, 310, 308, 310, 309, 305, 308, 307, 304,
    307, 305, 305, 304, 304, 304, 306 ]
LHandPositionsY: [ 247, 248, 247, 248, 249, 247, 249, 246, 249, 245, 249,
    246, 245, 245, 247, 247, 246, 249, 248, 245, 247, 248, 249, 247, 249,
    248, 248, 249, 246, 249, 248, 247, 246, 249, 245, 246, 249, 249, 249,
    247, 248, 248, 248, 248, 246, 249, 245, 247, 247, 245, 248, 248, 249,
    246, 245, 245, 249, 245, 247, 248, 247, 249, 248, 249, 247, 247, 245,
    247, 248, 248, 245, 243, 244, 247, 246, 244, 244, 245, 244, 247, 244,
    244, 245, 243, 243, 247, 246, 244 ]
RHandPositionsX: [ 251, 251, 249, 247, 235, 227, 211, 191, 173, 159, 149,
    140, 147, 147, 152, 158, 161, 164, 170, 174, 168, 163, 159, 152, 154,
    151, 158, 164, 168, 168, 168, 167, 163, 159, 157, 156, 156, 155, 156,
    167, 168, 168, 170, 167, 167, 161, 157, 158, 156, 157, 163, 172, 175,
    177, 178, 178, 174, 171, 165, 164, 158, 155, 161, 167, 171, 181, 194,
    208, 218, 228, 238, 247, 253, 261, 262, 259, 261, 262, 262, 258, 260,
    260, 262, 259, 262, 259, 258, 258 ]
RHandPositionsY: [ 247, 245, 245, 242, 231, 221, 205, 192, 175, 160, 141,
    128, 125, 113, 102, 104, 106, 104, 105, 99, 104, 100, 98, 97, 96, 95,
    95, 99, 103, 101, 102, 98, 97, 96, 96, 97, 94, 98, 102, 107, 105,
    105, 106, 103, 105, 103, 100, 98, 97, 97, 104, 104, 105, 106, 109,
    104, 107, 103, 101, 99, 102, 103, 104, 109, 120, 129, 144, 157, 172,
    187, 202, 210, 223, 228, 236, 237, 238, 237, 240, 239, 239, 241, 242,
    242, 241, 241, 239, 240 ]
