%YAML:1.0
---
videoName: "RHShake21.mp4"
gestureLabel: 2
fps: 29
pixelSizeInCmTemp: 3.3732394366197183e-01
faceCenterPointX: 293
faceCenterPointY: 47
LHandPositionsX: [ 394, 395, 394, 394, 394, 397, 397, 394, 398, 398, 397,
    398, 398, 394, 396, 397, 394, 396, 394, 397, 397, 394, 396, 395, 396,
    396, 395, 398, 398, 397, 398, 397, 394, 398, 398, 396, 394, 398, 395,
    395, 398, 398, 398, 396, 395, 394, 394, 394, 395, 395, 397, 398, 397,
    396, 397, 394, 398, 396, 397, 396, 394, 394, 394, 394, 397, 397, 395,
    394, 398, 397, 394, 396, 397, 396, 396, 397, 395, 396, 395, 395, 398,
    396, 394, 395, 398, 395, 398, 394 ]
LHandPositionsY: [ 241, 242, 238, 242, 242, 238, 240, 242, 241, 238, 240,
    241, 240, 241, 242, 238, 241, 241, 239, 241, 240, 242, 238, 240, 238,
    240, 241, 241, 238, 240, 242, 238, 241, 242, 240, 242, 238, 239, 240,
    240, 239, 238, 238, 239, 242, 239, 238, 241, 241, 240, 238, 241, 239,
    241, 242, 238, 239, 239, 238, 238, 241, 238, 238, 242, 238, 239, 241,
    242, 242, 238, 242, 241, 240, 242, 241, 238, 242, 242, 240, 239, 241,
    239, 242, 242, 242, 238, 238, 241 ]
RHandPositionsX: [ 135, 142, 141, 142, 147, 146, 144, 142, 139, 135, 136,
    140, 143, 151, 150, 150, 148, 146, 140, 138, 137, 135, 140, 143, 148,
    151, 152, 150, 148, 143, 139, 137, 135, 141, 141, 148, 152, 150, 148,
    145, 141, 137, 138, 134, 136, 139, 144, 147, 149, 151, 148, 142, 140,
    137, 134, 133, 141, 146, 154, 163, 172, 175, 177, 180, 181, 184, 185,
    189, 186, 188, 192, 187, 187, 187, 186, 189, 187, 186, 186, 186, 187,
    185, 189, 185, 187, 189, 189, 186 ]
RHandPositionsY: [ 81, 86, 86, 89, 90, 85, 82, 79, 84, 81, 81, 87, 87,
    90, 89, 93, 91, 88, 87, 86, 84, 81, 83, 87, 90, 93, 94, 94, 92, 88,
    85, 84, 82, 83, 85, 90, 92, 95, 93, 92, 89, 87, 88, 85, 86, 91, 97,
    95, 99, 100, 97, 95, 92, 94, 90, 93, 95, 104, 116, 125, 141, 149,
    154, 151, 159, 171, 180, 192, 198, 211, 215, 216, 221, 227, 224, 228,
    227, 231, 231, 230, 229, 231, 231, 231, 227, 230, 229, 228 ]
