%YAML:1.0
---
videoName: "RHShake11.mp4"
gestureLabel: 2
fps: 29
pixelSizeInCmTemp: 3.3263888888888887e-01
faceCenterPointX: 274
faceCenterPointY: 53
LHandPositionsX: [ 311, 309, 310, 310, 308, 310, 311, 311, 308, 307, 307,
    309, 308, 308, 307, 307, 310, 311, 310, 310, 309, 309, 309, 308, 309,
    310, 308, 311, 307, 310, 307, 308, 311, 307, 311, 309, 311, 309, 308,
    309, 308, 308, 308, 311, 309, 311, 307, 307, 311, 309, 308, 310, 309,
    307, 307, 309, 311, 308, 308, 308, 310, 310, 309, 309, 307, 311, 309,
    310, 311, 311, 309, 307, 311, 310, 310, 310, 308, 305, 308, 303, 305,
    303, 304, 305, 303, 304, 304, 303 ]
LHandPositionsY: [ 245, 245, 246, 246, 249, 246, 245, 249, 245, 248, 246,
    249, 245, 247, 246, 247, 246, 246, 245, 247, 245, 245, 249, 246, 247,
    247, 249, 245, 249, 249, 245, 249, 247, 249, 247, 249, 249, 245, 248,
    249, 247, 248, 246, 248, 247, 249, 246, 248, 245, 248, 248, 249, 249,
    246, 246, 245, 246, 247, 248, 248, 247, 249, 245, 246, 247, 248, 246,
    246, 247, 247, 248, 243, 246, 243, 246, 246, 246, 245, 245, 244, 246,
    245, 244, 246, 246, 245, 246, 243 ]
RHandPositionsX: [ 250, 251, 251, 244, 235, 226, 211, 194, 174, 159, 148,
    142, 148, 146, 153, 158, 161, 164, 172, 171, 171, 164, 156, 154, 151,
    151, 161, 165, 168, 167, 167, 170, 162, 160, 159, 159, 154, 152, 158,
    169, 170, 166, 170, 168, 167, 160, 160, 158, 159, 158, 162, 173, 174,
    180, 178, 175, 172, 169, 163, 163, 160, 158, 163, 165, 169, 180, 194,
    207, 218, 232, 238, 248, 256, 257, 262, 260, 262, 262, 259, 260, 260,
    262, 262, 261, 262, 258, 262, 259 ]
RHandPositionsY: [ 245, 247, 249, 240, 233, 218, 206, 191, 176, 162, 140,
    125, 127, 115, 103, 101, 103, 103, 105, 101, 102, 102, 101, 98, 95,
    96, 93, 102, 103, 99, 102, 99, 97, 96, 93, 96, 97, 96, 98, 105, 105,
    103, 105, 104, 103, 105, 97, 100, 98, 96, 104, 107, 108, 106, 109,
    108, 106, 100, 98, 100, 101, 102, 102, 108, 118, 128, 143, 159, 175,
    190, 199, 211, 223, 230, 236, 238, 239, 237, 240, 242, 240, 238, 240,
    241, 241, 241, 239, 239 ]
