%YAML:1.0
---
videoName: "RHShake15.mp4"
gestureLabel: 2
fps: 29
pixelSizeInCmTemp: 3.2808219178082193e-01
faceCenterPointX: 279
faceCenterPointY: 41
LHandPositionsX: [ 369, 372, 368, 368, 368, 368, 369, 369, 371, 369, 368,
    372, 371, 372, 370, 369, 368, 369, 368, 368, 370, 372, 368, 368, 370,
    369, 369, 368, 372, 368, 370, 370, 368, 370, 370, 370, 371, 372, 371,
    371, 369, 369, 372, 370, 370, 371, 369, 371, 371, 370, 370, 371, 372,
    368, 372, 371, 368, 371, 372, 372, 369, 372, 371, 369, 371, 372, 372,
    372, 370, 368, 371, 368, 369, 372, 372, 368, 370, 368, 372, 369, 371,
    371, 370, 369, 371, 371, 369, 369 ]
LHandPositionsY: [ 235, 236, 234, 235, 232, 236, 234, 234, 232, 234, 232,
    234, 236, 234, 235, 236, 235, 234, 236, 233, 233, 234, 236, 232, 235,
    235, 232, 232, 234, 232, 236, 234, 236, 232, 232, 236, 235, 234, 235,
    232, 236, 233, 233, 235, 231, 233, 233, 233, 235, 234, 233, 234, 234,
    235, 231, 234, 232, 233, 232, 231, 235, 235, 234, 233, 235, 231, 232,
    234, 233, 235, 233, 232, 235, 233, 234, 234, 234, 234, 234, 233, 234,
    231, 235, 231, 231, 232, 234, 232 ]
RHandPositionsX: [ 139, 125, 112, 111, 112, 110, 107, 105, 109, 110, 114,
    117, 113, 114, 109, 112, 111, 111, 108, 109, 115, 115, 116, 113, 109,
    105, 110, 111, 108, 105, 116, 119, 115, 113, 111, 110, 107, 112, 110,
    114, 110, 109, 115, 116, 121, 119, 119, 126, 121, 122, 119, 121, 125,
    129, 122, 126, 128, 125, 122, 121, 119, 126, 130, 136, 141, 141, 140,
    140, 138, 143, 143, 148, 153, 154, 159, 155, 156, 156, 157, 162, 158,
    157, 157, 157, 161, 160, 159, 160 ]
RHandPositionsY: [ 190, 172, 154, 147, 146, 140, 134, 127, 118, 113, 110,
    107, 101, 97, 99, 97, 95, 95, 94, 91, 92, 90, 95, 94, 92, 93, 92, 96,
    96, 94, 99, 106, 106, 102, 100, 101, 104, 105, 102, 103, 106, 106,
    108, 111, 107, 105, 105, 104, 105, 103, 106, 107, 111, 112, 118, 116,
    112, 109, 108, 112, 111, 121, 126, 138, 148, 165, 173, 179, 192, 202,
    209, 221, 228, 235, 240, 241, 246, 247, 249, 249, 249, 246, 246, 247,
    246, 246, 249, 247 ]
