%YAML:1.0
---
videoName: "RHShake14.mp4"
gestureLabel: 2
fps: 30
pixelSizeInCmTemp: 3.2808219178082193e-01
faceCenterPointX: 277
faceCenterPointY: 42
LHandPositionsX: [ 377, 375, 379, 375, 378, 379, 376, 379, 377, 377, 379,
    374, 374, 374, 377, 373, 376, 376, 374, 375, 374, 376, 374, 375, 373,
    373, 374, 376, 373, 372, 375, 373, 376, 372, 372, 375, 375, 372, 374,
    372, 372, 373, 373, 374, 372, 375, 372, 373, 372, 373, 373, 372, 375,
    375, 373, 372, 376, 374, 373, 376, 373, 373, 375, 373, 374, 374, 375,
    372, 373, 375, 372, 372, 373, 374, 376, 376, 372, 374, 374, 375, 374,
    375, 375, 376, 376, 373, 372, 376, 375, 375, 374 ]
LHandPositionsY: [ 232, 229, 230, 232, 230, 229, 230, 229, 230, 230, 232,
    233, 232, 232, 232, 231, 233, 230, 231, 233, 231, 233, 231, 230, 230,
    233, 232, 233, 231, 232, 233, 233, 232, 229, 233, 230, 231, 229, 229,
    229, 231, 229, 231, 233, 233, 231, 231, 233, 232, 230, 232, 233, 231,
    233, 232, 231, 231, 232, 233, 230, 233, 232, 231, 229, 232, 229, 232,
    232, 230, 232, 233, 233, 229, 230, 229, 231, 229, 230, 229, 230, 230,
    232, 229, 232, 233, 231, 231, 230, 231, 232, 230 ]
RHandPositionsX: [ 174, 172, 174, 172, 170, 172, 171, 171, 172, 170, 172,
    172, 174, 173, 171, 174, 171, 171, 170, 171, 174, 171, 172, 170, 173,
    171, 170, 169, 161, 149, 137, 129, 124, 118, 117, 125, 128, 130, 134,
    139, 142, 148, 146, 144, 144, 144, 151, 155, 157, 161, 157, 158, 155,
    149, 158, 155, 161, 170, 168, 162, 158, 154, 158, 157, 158, 166, 165,
    171, 176, 177, 177, 180, 178, 177, 174, 170, 176, 179, 174, 173, 171,
    174, 172, 174, 174, 174, 172, 173, 171, 173, 172 ]
RHandPositionsY: [ 240, 242, 243, 239, 242, 242, 240, 239, 241, 241, 239,
    242, 239, 241, 242, 240, 241, 241, 242, 240, 239, 241, 242, 239, 239,
    245, 247, 234, 214, 195, 172, 152, 133, 118, 114, 108, 106, 111, 116,
    117, 118, 103, 95, 93, 87, 85, 84, 82, 84, 82, 80, 76, 78, 77, 75,
    74, 78, 83, 81, 79, 76, 78, 77, 75, 78, 84, 86, 106, 118, 134, 145,
    159, 171, 180, 193, 197, 200, 205, 211, 218, 217, 223, 223, 228, 234,
    234, 231, 235, 236, 234, 237 ]
