%YAML:1.0
---
videoName: "RHShake20.mp4"
gestureLabel: 2
fps: 29
pixelSizeInCmTemp: 3.3263888888888887e-01
faceCenterPointX: 286
faceCenterPointY: 45
LHandPositionsX: [ 390, 390, 394, 391, 392, 393, 390, 392, 392, 393, 392,
    391, 392, 393, 390, 391, 393, 390, 390, 392, 394, 394, 390, 393, 393,
    393, 393, 394, 392, 393, 391, 393, 390, 392, 393, 390, 394, 390, 394,
    394, 391, 390, 394, 391, 392, 394, 390, 390, 393, 391, 393, 394, 394,
    390, 390, 390, 390, 392, 393, 394, 390, 391, 394, 391, 390, 392, 393,
    393, 393, 394, 392, 394, 394, 391, 390, 392, 392, 391, 394, 394, 390,
    390, 393, 393, 392, 391, 394, 392 ]
LHandPositionsY: [ 246, 246, 244, 243, 243, 243, 243, 243, 242, 242, 241,
    244, 239, 239, 240, 242, 241, 241, 241, 241, 240, 242, 240, 242, 240,
    241, 239, 243, 242, 240, 239, 241, 239, 243, 241, 242, 241, 240, 242,
    242, 240, 242, 240, 240, 241, 239, 241, 242, 242, 243, 239, 243, 240,
    239, 243, 239, 241, 242, 240, 239, 240, 241, 243, 241, 241, 239, 239,
    242, 240, 239, 242, 242, 243, 241, 243, 240, 240, 243, 243, 241, 243,
    242, 241, 241, 242, 243, 241, 239 ]
RHandPositionsX: [ 164, 160, 160, 155, 152, 154, 153, 157, 157, 156, 163,
    161, 157, 157, 152, 151, 148, 150, 160, 162, 161, 161, 156, 153, 153,
    152, 149, 152, 160, 160, 160, 160, 158, 156, 156, 154, 153, 149, 160,
    166, 164, 168, 167, 164, 156, 153, 153, 151, 159, 164, 168, 168, 168,
    170, 170, 169, 166, 166, 160, 158, 161, 168, 175, 176, 183, 187, 184,
    184, 186, 184, 186, 184, 182, 177, 178, 178, 178, 180, 177, 178, 176,
    178, 179, 176, 180, 180, 177, 179 ]
RHandPositionsY: [ 112, 107, 101, 102, 100, 98, 97, 101, 103, 104, 104,
    103, 96, 96, 98, 98, 97, 106, 113, 113, 115, 116, 114, 110, 110, 107,
    108, 110, 118, 116, 120, 116, 113, 106, 106, 104, 106, 104, 114, 120,
    122, 120, 124, 116, 116, 114, 113, 111, 112, 117, 124, 124, 124, 125,
    123, 122, 116, 115, 113, 111, 115, 124, 133, 135, 147, 156, 168, 175,
    187, 192, 201, 209, 217, 227, 234, 235, 238, 240, 239, 241, 245, 247,
    245, 246, 246, 243, 243, 247 ]
