%YAML:1.0
---
videoName: "RHShake03.mp4"
gestureLabel: 2
fps: 29
pixelSizeInCmTemp: 3.1103896103896100e-01
faceCenterPointX: 294
faceCenterPointY: 48
LHandPositionsX: [ 410, 411, 410, 408, 410, 409, 408, 408, 409, 411, 409,
    411, 411, 411, 409, 408, 409, 412, 412, 411, 410, 411, 411, 409, 411,
    410, 409, 412, 411, 410, 412, 410, 410, 412, 409, 412, 409, 411, 409,
    409, 410, 408, 411, 409, 408, 411, 410, 410, 411, 409, 408, 411, 412,
    411, 410, 408, 408, 409, 411, 411, 410, 412, 411, 408, 411, 409, 411,
    411, 411, 408, 409, 410, 410, 410, 407, 411, 407, 409, 408, 407, 407,
    411, 409, 409, 411, 410, 409, 407 ]
LHandPositionsY: [ 261, 263, 260, 263, 260, 260, 262, 263, 260, 260, 263,
    262, 262, 261, 260, 261, 262, 264, 263, 262, 264, 263, 260, 261, 262,
    262, 264, 261, 260, 263, 263, 263, 262, 260, 261, 260, 262, 263, 262,
    263, 263, 262, 260, 260, 262, 260, 260, 262, 263, 264, 261, 261, 263,
    262, 261, 261, 262, 263, 263, 261, 263, 260, 262, 262, 263, 264, 261,
    264, 263, 260, 260, 263, 264, 260, 263, 263, 260, 260, 260, 263, 262,
    264, 264, 261, 264, 263, 264, 261 ]
RHandPositionsX: [ 179, 180, 177, 177, 179, 174, 177, 174, 174, 175, 174,
    174, 175, 173, 172, 176, 174, 172, 172, 173, 172, 173, 175, 173, 173,
    172, 172, 172, 175, 171, 172, 169, 175, 174, 162, 157, 150, 149, 150,
    152, 154, 167, 181, 183, 191, 193, 184, 176, 172, 172, 171, 179, 182,
    183, 179, 175, 172, 171, 170, 171, 176, 189, 202, 208, 198, 190, 188,
    186, 182, 183, 187, 192, 202, 209, 209, 209, 201, 194, 191, 185, 181,
    181, 184, 183, 182, 183, 182, 180 ]
RHandPositionsY: [ 258, 259, 258, 260, 260, 262, 261, 258, 258, 260, 259,
    259, 260, 258, 261, 262, 258, 261, 258, 261, 258, 258, 262, 262, 261,
    258, 261, 262, 258, 261, 264, 267, 259, 242, 220, 198, 176, 157, 145,
    127, 124, 119, 119, 119, 112, 104, 103, 103, 98, 102, 100, 107, 107,
    105, 104, 100, 101, 99, 98, 96, 100, 108, 108, 114, 109, 105, 104,
    105, 101, 98, 104, 115, 130, 141, 157, 178, 203, 210, 217, 241, 239,
    246, 245, 252, 254, 254, 252, 250 ]
