%YAML:1.0
---
videoName: "RHShake21.mp4"
gestureLabel: 2
fps: 29
pixelSizeInCmTemp: 3.3732394366197183e-01
faceCenterPointX: 293
faceCenterPointY: 47
LHandPositionsX: [ 397, 394, 397, 395, 397, 396, 394, 395, 394, 395, 397,
    395, 398, 394, 397, 396, 397, 395, 398, 395, 396, 395, 397, 394, 396,
    394, 396, 398, 395, 394, 398, 395, 398, 394, 396, 398, 394, 396, 394,
    395, 398, 397, 395, 398, 395, 398, 398, 396, 397, 398, 394, 396, 395,
    394, 396, 395, 398, 398, 396, 396, 398, 394, 398, 396, 396, 397, 396,
    395, 394, 396, 397, 396, 398, 396, 396, 397, 398, 398, 398, 398, 397,
    398, 394, 398, 398, 395, 394, 396 ]
LHandPositionsY: [ 241, 242, 242, 242, 242, 238, 242, 241, 238, 239, 240,
    238, 240, 242, 239, 239, 239, 238, 241, 239, 242, 242, 240, 241, 238,
    239, 238, 241, 240, 239, 242, 239, 238, 241, 242, 238, 239, 242, 240,
    241, 238, 239, 242, 241, 241, 238, 242, 239, 240, 240, 241, 238, 240,
    242, 239, 242, 239, 240, 240, 242, 242, 240, 238, 240, 240, 239, 240,
    238, 238, 241, 238, 239, 238, 239, 241, 241, 239, 238, 241, 241, 238,
    242, 242, 239, 241, 240, 240, 238 ]
RHandPositionsX: [ 135, 141, 144, 144, 148, 148, 144, 138, 138, 133, 136,
    140, 146, 148, 151, 149, 148, 142, 141, 137, 135, 136, 137, 143, 147,
    151, 151, 148, 147, 146, 139, 136, 135, 141, 142, 144, 151, 151, 151,
    148, 144, 139, 136, 136, 137, 139, 148, 150, 151, 148, 149, 144, 139,
    134, 131, 135, 137, 148, 154, 162, 169, 179, 179, 180, 180, 184, 187,
    186, 188, 185, 188, 187, 187, 190, 190, 190, 189, 187, 185, 188, 187,
    186, 187, 186, 185, 188, 187, 188 ]
RHandPositionsY: [ 82, 85, 89, 90, 87, 85, 85, 81, 80, 79, 79, 83, 91,
    90, 91, 94, 92, 88, 87, 86, 83, 84, 81, 88, 87, 90, 92, 93, 92, 89,
    88, 83, 84, 87, 88, 87, 92, 92, 94, 90, 89, 88, 87, 88, 86, 90, 98,
    97, 100, 98, 98, 98, 91, 95, 94, 89, 97, 105, 114, 126, 139, 150,
    151, 153, 160, 169, 177, 189, 202, 211, 216, 214, 220, 228, 224, 225,
    228, 230, 232, 229, 231, 228, 231, 228, 230, 227, 231, 231 ]
