%YAML:1.0
---
videoName: "RHShake23.mp4"
gestureLabel: 2
fps: 29
pixelSizeInCmTemp: 3.3263888888888887e-01
faceCenterPointX: 298
faceCenterPointY: 49
LHandPositionsX: [ 388, 387, 388, 391, 389, 391, 391, 390, 387, 388, 391,
    391, 388, 387, 391, 388, 388, 388, 391, 390, 391, 388, 388, 388, 388,
    391, 387, 388, 390, 388, 390, 389, 391, 390, 387, 387, 389, 387, 390,
    390, 389, 390, 388, 390, 391, 387, 388, 391, 387, 388, 389, 391, 389,
    390, 388, 391, 388, 390, 389, 388, 390, 389, 388, 388, 387, 389, 390,
    390, 388, 387, 388, 387, 390, 389, 388, 388, 388, 391, 388, 388, 391,
    390, 391, 389, 389, 389, 389, 390 ]
LHandPositionsY: [ 225, 226, 225, 224, 224, 225, 227, 225, 224, 228, 228,
    228, 227, 225, 224, 227, 226, 226, 228, 224, 228, 227, 227, 225, 227,
    224, 228, 228, 225, 227, 226, 224, 227, 228, 226, 224, 228, 227, 225,
    227, 227, 227, 226, 228, 225, 224, 224, 224, 228, 225, 228, 227, 224,
    225, 224, 225, 225, 225, 228, 226, 224, 224, 227, 225, 224, 226, 227,
    225, 225, 228, 226, 225, 227, 224, 226, 228, 225, 224, 226, 224, 227,
    228, 226, 226, 227, 228, 226, 228 ]
RHandPositionsX: [ 170, 172, 176, 188, 192, 187, 193, 191, 183, 176, 175,
    173, 172, 178, 189, 197, 195, 197, 196, 193, 183, 182, 174, 176, 172,
    173, 173, 177, 190, 201, 199, 199, 200, 195, 192, 185, 185, 182, 177,
    181, 188, 198, 202, 203, 208, 205, 200, 192, 186, 178, 175, 175, 182,
    185, 195, 198, 206, 209, 209, 210, 212, 212, 210, 211, 211, 210, 210,
    208, 207, 206, 204, 205, 202, 202, 202, 203, 203, 201, 200, 203, 202,
    199, 199, 202, 202, 197, 198, 199 ]
RHandPositionsY: [ 97, 96, 97, 112, 115, 114, 122, 109, 103, 103, 100,
    101, 101, 102, 115, 121, 122, 125, 125, 110, 104, 103, 101, 101, 96,
    98, 93, 100, 114, 124, 124, 122, 122, 110, 107, 103, 104, 100, 101,
    102, 116, 123, 121, 121, 128, 124, 125, 110, 109, 105, 103, 101, 99,
    119, 127, 134, 141, 150, 149, 153, 160, 168, 173, 184, 190, 200, 209,
    215, 213, 217, 219, 218, 222, 222, 224, 225, 225, 225, 224, 228, 228,
    225, 227, 228, 224, 224, 226, 227 ]
