%YAML:1.0
---
videoName: "RHShake23.mp4"
gestureLabel: 2
fps: 29
pixelSizeInCmTemp: 3.3263888888888887e-01
faceCenterPointX: 298
faceCenterPointY: 49
LHandPositionsX: [ 391, 390, 390, 387, 391, 390, 389, 390, 388, 388, 391,
    387, 389, 388, 391, 391, 389, 388, 390, 387, 391, 391, 388, 388, 391,
    389, 390, 390, 391, 390, 387, 387, 388, 391, 389, 388, 387, 388, 389,
    389, 391, 387, 389, 388, 387, 391, 387, 388, 389, 388, 388, 389, 390,
    388, 387, 387, 388, 388, 389, 388, 389, 388, 388, 388, 388, 390, 388,
    391, 390, 389, 389, 389, 387, 391, 389, 388, 390, 389, 391, 391, 390,
    388, 389, 389, 389, 390, 390, 391 ]
LHandPositionsY: [ 227, 225, 227, 228, 225, 224, 226, 224, 225, 228, 225,
    224, 227, 224, 227, 225, 225, 227, 225, 227, 224, 226, 227, 224, 227,
    228, 224, 225, 226, 224, 227, 228, 224, 226, 228, 228, 226, 226, 226,
    225, 228, 224, 226, 225, 228, 224, 226, 224, 228, 224, 227, 228, 224,
    225, 226, 225, 225, 224, 224, 227, 226, 226, 225, 225, 228, 227, 224,
    224, 226, 224, 225, 225, 226, 226, 224, 227, 226, 227, 228, 226, 225,
    225, 227, 228, 225, 226, 224, 226 ]
RHandPositionsX: [ 172, 170, 174, 190, 190, 188, 193, 187, 183, 179, 175,
    173, 172, 178, 190, 195, 195, 198, 196, 194, 187, 182, 176, 174, 173,
    171, 172, 176, 193, 199, 201, 198, 199, 196, 192, 184, 186, 182, 180,
    180, 185, 201, 202, 204, 206, 202, 197, 190, 184, 179, 176, 179, 182,
    188, 193, 202, 204, 208, 208, 209, 210, 211, 207, 210, 211, 207, 207,
    204, 204, 203, 203, 203, 205, 201, 204, 202, 201, 202, 199, 203, 202,
    201, 201, 198, 199, 199, 197, 197 ]
RHandPositionsY: [ 96, 92, 99, 110, 115, 112, 119, 110, 105, 101, 101,
    99, 97, 103, 113, 121, 122, 125, 124, 113, 104, 102, 101, 101, 99,
    97, 94, 98, 115, 125, 124, 123, 122, 108, 107, 103, 106, 104, 98,
    102, 115, 120, 122, 124, 125, 126, 125, 110, 109, 107, 106, 100, 100,
    116, 127, 136, 140, 151, 152, 152, 158, 168, 174, 183, 193, 200, 210,
    214, 215, 213, 218, 220, 221, 224, 227, 229, 227, 227, 227, 228, 226,
    228, 227, 227, 224, 227, 224, 226 ]
