%YAML:1.0
---
videoName: "RHShake24.mp4"
gestureLabel: 2
fps: 30
pixelSizeInCmTemp: 3.3732394366197183e-01
faceCenterPointX: 304
faceCenterPointY: 46
LHandPositionsX: [ 393, 393, 391, 393, 393, 390, 391, 392, 389, 390, 392,
    389, 391, 393, 390, 391, 393, 393, 391, 393, 389, 391, 393, 393, 390,
    393, 389, 393, 392, 391, 389, 389, 391, 390, 392, 389, 389, 390, 392,
    390, 390, 391, 392, 393, 392, 393, 389, 393, 389, 389, 389, 389, 391,
    392, 392, 391, 391, 392, 393, 391, 392, 390, 393, 391, 392, 390, 389,
    390, 390, 391, 393, 392, 389, 392, 393, 392, 390, 390, 391, 391, 392,
    390, 391, 392, 392, 393, 390, 393, 390, 391, 391 ]
LHandPositionsY: [ 226, 225, 225, 227, 229, 227, 228, 226, 229, 228, 228,
    228, 229, 229, 228, 228, 225, 228, 225, 227, 227, 226, 229, 227, 227,
    227, 229, 227, 227, 225, 225, 227, 226, 226, 228, 228, 228, 226, 229,
    227, 228, 227, 229, 229, 228, 225, 229, 226, 229, 227, 228, 227, 225,
    226, 229, 227, 225, 228, 229, 227, 228, 229, 228, 229, 227, 227, 225,
    225, 226, 227, 227, 229, 226, 226, 225, 229, 225, 227, 228, 228, 228,
    228, 226, 226, 228, 228, 228, 228, 227, 225, 226 ]
RHandPositionsX: [ 144, 147, 152, 149, 154, 157, 154, 147, 147, 140, 136,
    135, 143, 153, 163, 161, 164, 161, 161, 157, 148, 144, 142, 143, 143,
    145, 158, 156, 160, 161, 155, 157, 150, 147, 140, 144, 147, 155, 158,
    158, 159, 165, 158, 155, 151, 144, 142, 140, 141, 149, 163, 165, 166,
    172, 171, 163, 156, 153, 149, 149, 147, 149, 152, 165, 168, 169, 168,
    170, 176, 176, 182, 179, 184, 189, 189, 189, 194, 191, 193, 191, 192,
    196, 192, 195, 194, 193, 194, 194, 193, 192, 196 ]
RHandPositionsY: [ 94, 101, 99, 99, 105, 100, 95, 89, 89, 89, 87, 85, 86,
    102, 111, 111, 112, 116, 104, 99, 98, 94, 95, 93, 91, 98, 109, 109,
    113, 113, 109, 101, 99, 95, 95, 94, 92, 94, 104, 105, 110, 112, 106,
    104, 100, 100, 97, 97, 93, 111, 120, 119, 122, 121, 118, 106, 101,
    100, 99, 100, 94, 94, 104, 114, 116, 117, 121, 121, 133, 143, 148,
    153, 151, 159, 166, 173, 180, 188, 195, 205, 211, 212, 214, 215, 216,
    220, 219, 222, 227, 226, 229 ]
