%YAML:1.0
---
videoName: "RHShake22.mp4"
gestureLabel: 2
fps: 29
pixelSizeInCmTemp: 3.3263888888888887e-01
faceCenterPointX: 290
faceCenterPointY: 48
LHandPositionsX: [ 396, 395, 393, 396, 396, 395, 396, 393, 394, 396, 393,
    393, 394, 394, 392, 395, 396, 392, 393, 392, 393, 396, 396, 393, 393,
    395, 392, 392, 396, 395, 392, 394, 395, 394, 393, 396, 396, 392, 393,
    395, 394, 395, 395, 392, 395, 392, 394, 395, 393, 392, 393, 395, 393,
    392, 395, 396, 396, 396, 395, 396, 392, 392, 394, 396, 392, 394, 392,
    392, 394, 396, 393, 393, 393, 395, 392, 393, 393, 394, 396, 394, 393,
    394, 392, 393, 393, 394, 394, 394 ]
LHandPositionsY: [ 233, 231, 231, 231, 233, 231, 234, 232, 230, 233, 230,
    233, 234, 231, 231, 231, 234, 231, 231, 230, 233, 231, 230, 233, 231,
    233, 231, 231, 234, 230, 232, 231, 230, 233, 231, 231, 233, 234, 234,
    232, 232, 234, 230, 233, 232, 230, 234, 233, 233, 231, 231, 232, 232,
    234, 231, 233, 233, 233, 232, 231, 231, 230, 233, 233, 230, 231, 234,
    232, 233, 234, 232, 231, 230, 232, 233, 234, 234, 234, 231, 232, 234,
    233, 232, 232, 234, 230, 233, 231 ]
RHandPositionsX: [ 147, 139, 129, 129, 134, 138, 146, 157, 166, 165, 166,
    165, 160, 156, 150, 145, 142, 145, 146, 154, 160, 169, 173, 171, 170,
    166, 161, 157, 154, 154, 152, 160, 166, 173, 172, 170, 174, 169, 165,
    164, 160, 159, 162, 169, 174, 175, 176, 172, 172, 167, 160, 157, 153,
    157, 157, 163, 169, 178, 176, 179, 176, 174, 167, 162, 159, 153, 155,
    154, 168, 176, 178, 178, 181, 180, 180, 182, 182, 182, 182, 183, 189,
    191, 188, 190, 190, 189, 187, 191 ]
RHandPositionsY: [ 140, 118, 101, 102, 95, 91, 84, 85, 90, 93, 92, 92,
    84, 81, 78, 79, 77, 76, 77, 83, 89, 94, 99, 96, 95, 90, 87, 86, 86,
    81, 79, 92, 92, 101, 103, 99, 94, 93, 87, 86, 88, 85, 85, 88, 93, 99,
    104, 102, 93, 89, 89, 88, 90, 88, 85, 83, 90, 102, 100, 105, 99, 98,
    93, 91, 93, 91, 93, 91, 92, 104, 109, 112, 116, 120, 122, 123, 138,
    150, 161, 168, 184, 193, 197, 205, 213, 219, 223, 226 ]
