%YAML:1.0
---
videoName: "RHShake09.mp4"
gestureLabel: 2
fps: 29
pixelSizeInCmTemp: 3.1103896103896100e-01
faceCenterPointX: 296
faceCenterPointY: 48
LHandPositionsX: [ 324, 323, 326, 322, 322, 326, 324, 321, 321, 316, 318,
    315, 313, 312, 313, 313, 311, 312, 312, 307, 308, 309, 309, 305, 308,
    306, 305, 308, 305, 307, 305, 310, 311, 311, 310, 310, 310, 310, 307,
    310, 309, 310, 309, 308, 313, 309, 309, 312, 314, 311, 313, 313, 312,
    311, 315, 312, 314, 313, 316, 316, 316, 316, 316, 317, 317, 316, 315,
    317, 315, 314, 314, 314, 318, 316, 314, 315, 316, 314, 317, 313, 316,
    316, 317, 318, 317, 317, 315, 315 ]
LHandPositionsY: [ 265, 266, 269, 269, 270, 271, 270, 272, 269, 272, 274,
    274, 274, 274, 271, 274, 275, 273, 273, 272, 274, 274, 274, 275, 276,
    275, 275, 273, 273, 274, 276, 275, 277, 274, 275, 277, 277, 275, 275,
    277, 273, 277, 275, 275, 277, 276, 275, 275, 273, 274, 274, 276, 275,
    273, 274, 272, 276, 274, 274, 274, 274, 272, 276, 276, 273, 275, 272,
    273, 275, 275, 276, 273, 275, 273, 276, 277, 276, 275, 273, 272, 274,
    274, 272, 272, 274, 274, 271, 274 ]
RHandPositionsX: [ 262, 263, 266, 262, 264, 262, 263, 262, 264, 262, 262,
    262, 257, 260, 260, 258, 259, 258, 260, 259, 256, 257, 256, 258, 257,
    256, 255, 257, 252, 258, 266, 260, 256, 240, 224, 206, 189, 177, 169,
    171, 175, 174, 183, 184, 188, 188, 182, 179, 178, 176, 185, 191, 189,
    199, 195, 187, 180, 177, 180, 186, 184, 186, 193, 187, 189, 183, 174,
    173, 175, 183, 184, 191, 188, 183, 181, 179, 181, 180, 182, 193, 190,
    194, 200, 200, 210, 217, 229, 236 ]
RHandPositionsY: [ 261, 262, 264, 264, 265, 267, 264, 266, 264, 268, 267,
    269, 266, 269, 266, 266, 265, 265, 268, 268, 266, 267, 268, 265, 267,
    266, 269, 266, 268, 270, 266, 261, 244, 229, 215, 199, 177, 158, 136,
    132, 116, 109, 108, 112, 107, 102, 100, 89, 87, 89, 86, 98, 94, 97,
    93, 95, 88, 89, 87, 87, 92, 95, 98, 95, 91, 84, 85, 90, 90, 97, 98,
    95, 96, 94, 91, 91, 87, 94, 97, 105, 103, 110, 120, 132, 142, 155,
    168, 186 ]
