%YAML:1.0
---
videoName: "RHShake10.mp4"
gestureLabel: 2
fps: 29
pixelSizeInCmTemp: 3.1933333333333330e-01
faceCenterPointX: 295
faceCenterPointY: 45
LHandPositionsX: [ 341, 341, 342, 341, 340, 340, 336, 337, 334, 332, 335,
    333, 327, 329, 328, 324, 329, 326, 325, 329, 326, 327, 327, 326, 328,
    326, 330, 328, 328, 330, 326, 328, 327, 329, 326, 326, 327, 328, 327,
    326, 327, 326, 328, 326, 330, 327, 330, 330, 326, 328, 330, 329, 328,
    330, 330, 326, 327, 328, 326, 328, 330, 330, 326, 329, 329, 327, 328,
    326, 330, 327, 327, 330, 327, 330, 328, 330, 331, 329, 327, 330, 331,
    329, 331, 327, 330, 331, 331, 329 ]
LHandPositionsY: [ 262, 268, 267, 265, 266, 266, 267, 269, 271, 271, 272,
    273, 269, 272, 274, 270, 274, 272, 274, 270, 274, 271, 274, 273, 271,
    270, 270, 273, 272, 270, 273, 272, 270, 269, 272, 271, 270, 271, 272,
    272, 270, 269, 271, 272, 271, 272, 271, 270, 271, 269, 270, 272, 269,
    272, 271, 268, 269, 268, 271, 270, 270, 269, 270, 269, 272, 271, 268,
    268, 268, 270, 270, 272, 270, 271, 269, 267, 268, 268, 267, 269, 268,
    271, 268, 268, 270, 270, 268, 271 ]
RHandPositionsX: [ 260, 261, 264, 263, 261, 259, 260, 261, 259, 257, 258,
    258, 260, 257, 258, 262, 259, 256, 262, 253, 242, 223, 201, 181, 166,
    155, 137, 136, 138, 139, 143, 151, 153, 164, 166, 163, 161, 160, 162,
    157, 162, 170, 180, 181, 178, 177, 173, 172, 170, 171, 175, 187, 189,
    193, 189, 184, 180, 175, 177, 179, 179, 187, 192, 195, 189, 183, 180,
    174, 175, 181, 175, 192, 198, 202, 215, 218, 226, 233, 235, 245, 252,
    254, 248, 257, 260, 259, 259, 259 ]
RHandPositionsY: [ 268, 266, 265, 266, 265, 263, 265, 266, 263, 268, 267,
    267, 268, 266, 269, 268, 265, 268, 265, 255, 242, 226, 209, 192, 173,
    152, 132, 117, 115, 99, 87, 86, 88, 87, 85, 84, 80, 76, 80, 78, 80,
    84, 87, 85, 82, 80, 77, 78, 75, 82, 86, 88, 91, 94, 88, 82, 81, 85,
    80, 86, 89, 92, 91, 95, 88, 90, 84, 83, 81, 88, 93, 103, 127, 143,
    160, 177, 196, 215, 226, 246, 256, 259, 259, 261, 266, 264, 266, 269 ]
