%YAML:1.0
---
videoName: "RHShake24.mp4"
gestureLabel: 2
fps: 30
pixelSizeInCmTemp: 3.3732394366197183e-01
faceCenterPointX: 304
faceCenterPointY: 46
LHandPositionsX: [ 392, 391, 389, 392, 390, 389, 389, 392, 389, 391, 389,
    389, 392, 390, 393, 390, 392, 392, 392, 392, 393, 393, 389, 392, 392,
    389, 392, 393, 390, 393, 393, 392, 389, 390, 390, 391, 392, 391, 393,
    391, 390, 390, 392, 392, 389, 389, 389, 389, 390, 391, 391, 393, 389,
    392, 390, 392, 389, 393, 392, 390, 393, 390, 390, 392, 393, 390, 389,
    390, 390, 390, 391, 393, 393, 389, 393, 391, 391, 389, 390, 391, 393,
    390, 392, 390, 393, 391, 391, 392, 391, 392, 393 ]
LHandPositionsY: [ 228, 225, 229, 228, 225, 225, 225, 229, 227, 228, 229,
    229, 229, 228, 225, 226, 226, 227, 229, 226, 228, 227, 229, 227, 226,
    227, 226, 225, 226, 226, 226, 225, 225, 229, 227, 228, 227, 225, 226,
    229, 229, 225, 229, 227, 229, 225, 225, 225, 226, 226, 226, 227, 229,
    227, 227, 228, 229, 225, 227, 225, 229, 227, 225, 225, 226, 229, 229,
    226, 229, 227, 228, 229, 228, 225, 228, 225, 229, 227, 226, 226, 229,
    228, 226, 227, 226, 228, 229, 228, 226, 227, 226 ]
RHandPositionsX: [ 142, 149, 150, 149, 155, 153, 152, 149, 144, 139, 138,
    137, 145, 151, 161, 161, 160, 164, 161, 158, 149, 142, 144, 142, 141,
    145, 156, 157, 158, 160, 158, 155, 148, 145, 140, 144, 147, 152, 157,
    158, 160, 164, 159, 157, 150, 144, 141, 143, 143, 148, 161, 165, 168,
    169, 169, 163, 160, 152, 153, 148, 150, 147, 152, 163, 168, 169, 172,
    169, 177, 176, 179, 182, 184, 185, 187, 192, 193, 191, 193, 192, 194,
    195, 192, 192, 194, 194, 194, 194, 196, 194, 196 ]
RHandPositionsY: [ 94, 100, 103, 97, 105, 97, 92, 91, 86, 87, 88, 87, 84,
    102, 109, 109, 114, 113, 105, 103, 99, 95, 95, 93, 93, 98, 109, 113,
    111, 114, 108, 102, 97, 94, 94, 94, 91, 94, 104, 107, 109, 111, 110,
    104, 101, 100, 97, 95, 96, 109, 121, 118, 118, 121, 120, 103, 100,
    102, 99, 99, 97, 97, 103, 111, 116, 116, 122, 122, 130, 141, 148,
    151, 151, 158, 166, 172, 178, 188, 197, 201, 209, 211, 213, 215, 216,
    221, 219, 224, 223, 225, 227 ]
