%YAML:1.0
---
videoName: "RHShake23.mp4"
gestureLabel: 2
fps: 29
pixelSizeInCmTemp: 3.3263888888888887e-01
faceCenterPointX: 298
faceCenterPointY: 49
LHandPositionsX: [ 391, 389, 387, 391, 389, 390, 388, 391, 391, 389, 391,
    389, 388, 387, 391, 389, 390, 390, 390, 390, 390, 389, 390, 390, 390,
    389, 389, 389, 391, 389, 387, 389, 390, 388, 387, 388, 390, 390, 389,
    388, 387, 390, 390, 391, 388, 389, 389, 389, 391, 388, 389, 389, 387,
    389, 388, 391, 389, 388, 390, 388, 389, 389, 389, 389, 387, 388, 391,
    389, 389, 388, 388, 388, 391, 390, 391, 389, 389, 388, 391, 391, 391,
    390, 388, 388, 391, 390, 387, 387 ]
LHandPositionsY: [ 228, 227, 228, 226, 226, 227, 224, 226, 227, 228, 226,
    227, 224, 227, 227, 225, 227, 224, 228, 225, 228, 227, 224, 224, 226,
    227, 225, 227, 225, 226, 225, 224, 228, 227, 227, 225, 228, 226, 227,
    225, 228, 225, 224, 226, 227, 228, 225, 227, 224, 227, 226, 225, 228,
    228, 225, 224, 226, 228, 226, 226, 227, 228, 227, 225, 227, 225, 226,
    226, 224, 228, 225, 227, 225, 225, 226, 225, 226, 228, 224, 227, 227,
    225, 226, 227, 227, 227, 227, 227 ]
RHandPositionsX: [ 168, 172, 176, 188, 191, 187, 193, 187, 183, 179, 176,
    175, 171, 178, 187, 198, 196, 199, 196, 193, 186, 180, 176, 174, 173,
    171, 172, 178, 193, 203, 200, 201, 198, 193, 192, 183, 185, 180, 179,
    183, 187, 198, 201, 205, 204, 202, 200, 188, 186, 179, 175, 179, 178,
    186, 192, 200, 204, 207, 208, 208, 212, 211, 208, 210, 212, 210, 206,
    204, 206, 205, 207, 204, 206, 201, 202, 201, 204, 202, 199, 200, 199,
    199, 202, 202, 199, 198, 198, 201 ]
RHandPositionsY: [ 98, 94, 100, 113, 115, 114, 120, 112, 101, 103, 101,
    100, 101, 103, 114, 123, 122, 121, 127, 109, 101, 102, 102, 98, 96,
    98, 94, 100, 114, 121, 121, 125, 125, 106, 104, 106, 104, 100, 100,
    102, 113, 123, 123, 121, 126, 124, 122, 108, 109, 106, 106, 100, 101,
    115, 128, 136, 140, 150, 150, 155, 157, 167, 173, 182, 191, 202, 206,
    214, 216, 217, 219, 217, 222, 225, 227, 228, 227, 225, 227, 225, 225,
    228, 225, 224, 224, 225, 225, 228 ]
