%YAML:1.0
---
videoName: "RHShake12.mp4"
gestureLabel: 2
fps: 29
pixelSizeInCmTemp: 3.3732394366197183e-01
faceCenterPointX: 299
faceCenterPointY: 45
LHandPositionsX: [ 407, 405, 406, 407, 404, 406, 406, 407, 408, 404, 404,
    404, 408, 404, 407, 404, 405, 405, 404, 407, 407, 405, 407, 404, 408,
    404, 406, 404, 406, 408, 407, 404, 407, 404, 404, 405, 406, 407, 408,
    407, 405, 408, 404, 404, 404, 405, 408, 408, 407, 404, 404, 408, 408,
    406, 407, 408, 405, 407, 408, 406, 408, 407, 407, 406, 407, 406, 406,
    408, 407, 406, 408, 408, 406, 406, 407, 408, 407, 406, 407, 407, 407,
    406, 405, 404, 407, 408, 406, 404 ]
LHandPositionsY: [ 241, 240, 243, 241, 240, 239, 239, 241, 241, 242, 240,
    241, 240, 242, 242, 243, 240, 240, 240, 243, 240, 239, 240, 240, 243,
    240, 242, 240, 243, 240, 243, 242, 243, 240, 242, 240, 241, 243, 243,
    241, 239, 240, 243, 239, 243, 239, 243, 242, 243, 239, 242, 242, 239,
    239, 241, 242, 243, 240, 240, 240, 243, 241, 241, 240, 241, 241, 243,
    241, 242, 239, 240, 241, 241, 239, 240, 241, 242, 241, 240, 240, 242,
    239, 242, 243, 243, 243, 240, 240 ]
RHandPositionsX: [ 167, 168, 163, 164, 165, 174, 183, 194, 190, 196, 193,
    185, 177, 174, 170, 168, 170, 175, 187, 188, 190, 185, 180, 173, 171,
    165, 168, 173, 184, 193, 192, 191, 182, 179, 178, 174, 172, 176, 179,
    193, 196, 192, 186, 180, 177, 177, 171, 173, 181, 189, 190, 192, 195,
    189, 186, 179, 177, 178, 174, 173, 180, 190, 199, 199, 202, 202, 197,
    190, 187, 187, 186, 185, 191, 193, 200, 198, 197, 200, 203, 200, 200,
    200, 199, 197, 196, 196, 198, 200 ]
RHandPositionsY: [ 141, 126, 117, 114, 105, 92, 94, 105, 108, 108, 102,
    91, 91, 87, 91, 83, 82, 87, 102, 104, 109, 97, 90, 87, 87, 83, 82,
    90, 102, 112, 113, 108, 98, 95, 91, 96, 90, 89, 97, 110, 113, 114,
    105, 100, 95, 96, 92, 88, 94, 107, 113, 110, 114, 100, 93, 93, 88,
    90, 86, 89, 91, 109, 118, 117, 121, 117, 114, 107, 110, 114, 115,
    123, 138, 148, 161, 161, 166, 175, 185, 197, 202, 211, 216, 222, 222,
    226, 228, 230 ]
