%YAML:1.0
---
videoName: "RHShake16.mp4"
gestureLabel: 2
fps: 29
pixelSizeInCmTemp: 3.2808219178082193e-01
faceCenterPointX: 281
faceCenterPointY: 44
LHandPositionsX: [ 371, 369, 371, 373, 373, 372, 369, 373, 370, 370, 370,
    369, 369, 373, 372, 370, 372, 370, 371, 373, 372, 370, 370, 370, 371,
    372, 371, 369, 369, 369, 372, 371, 372, 369, 369, 373, 371, 373, 369,
    371, 370, 370, 371, 372, 372, 369, 369, 372, 370, 370, 373, 371, 369,
    373, 370, 369, 369, 369, 371, 369, 371, 370, 372, 372, 371, 371, 373,
    372, 369, 372, 373, 372, 372, 372, 369, 371, 369, 369, 371, 372, 369,
    369, 371, 373, 371, 369, 369, 370 ]
LHandPositionsY: [ 231, 232, 232, 234, 234, 232, 234, 234, 232, 234, 230,
    233, 232, 233, 234, 231, 230, 233, 231, 233, 232, 231, 234, 230, 233,
    234, 232, 232, 233, 232, 233, 234, 233, 230, 234, 234, 232, 230, 230,
    232, 231, 231, 230, 234, 230, 232, 233, 232, 234, 233, 231, 234, 233,
    229, 233, 233, 230, 230, 231, 232, 230, 231, 232, 229, 232, 232, 232,
    229, 233, 229, 231, 233, 231, 231, 230, 233, 230, 229, 229, 231, 229,
    229, 230, 233, 231, 233, 229, 229 ]
RHandPositionsX: [ 169, 170, 167, 171, 171, 171, 167, 168, 168, 169, 169,
    167, 169, 170, 170, 168, 171, 167, 165, 153, 154, 146, 136, 131, 124,
    123, 116, 122, 122, 121, 127, 129, 139, 140, 144, 140, 135, 138, 138,
    138, 142, 142, 148, 149, 148, 148, 147, 149, 147, 145, 151, 154, 153,
    149, 146, 147, 147, 146, 145, 151, 154, 158, 156, 155, 154, 153, 148,
    151, 152, 161, 167, 169, 172, 176, 177, 173, 176, 172, 170, 168, 170,
    171, 171, 170, 168, 172, 170, 171 ]
RHandPositionsY: [ 269, 265, 267, 269, 267, 268, 266, 268, 265, 265, 265,
    269, 266, 266, 269, 267, 267, 265, 258, 241, 218, 201, 179, 160, 142,
    129, 117, 116, 111, 107, 107, 104, 101, 94, 97, 94, 93, 90, 89, 86,
    87, 89, 88, 90, 88, 87, 87, 87, 89, 88, 86, 88, 86, 86, 88, 87, 84,
    88, 88, 91, 92, 91, 91, 90, 90, 89, 92, 95, 104, 120, 131, 149, 158,
    172, 186, 188, 194, 202, 211, 215, 221, 225, 223, 234, 235, 236, 234,
    239 ]
