%YAML:1.0
---
videoName: "RHShake09.mp4"
gestureLabel: 2
fps: 29
pixelSizeInCmTemp: 3.1103896103896100e-01
faceCenterPointX: 296
faceCenterPointY: 48
LHandPositionsX: [ 327, 323, 324, 325, 323, 323, 322, 324, 320, 316, 320,
    315, 315, 310, 312, 309, 313, 311, 308, 307, 308, 309, 309, 308, 309,
    307, 308, 306, 306, 308, 307, 306, 310, 312, 309, 310, 309, 309, 309,
    310, 308, 311, 307, 308, 311, 313, 311, 312, 312, 313, 314, 312, 315,
    313, 312, 312, 315, 315, 315, 313, 313, 314, 315, 314, 314, 313, 315,
    316, 314, 318, 318, 317, 316, 314, 317, 313, 315, 314, 315, 313, 313,
    316, 317, 316, 315, 317, 315, 316 ]
LHandPositionsY: [ 269, 265, 267, 269, 269, 269, 271, 269, 271, 272, 271,
    275, 271, 276, 273, 273, 276, 272, 275, 274, 276, 275, 274, 276, 275,
    274, 275, 276, 277, 274, 275, 273, 276, 277, 274, 277, 274, 276, 276,
    273, 276, 275, 277, 273, 276, 273, 274, 275, 277, 276, 273, 275, 275,
    277, 272, 275, 273, 276, 274, 274, 274, 272, 276, 273, 275, 275, 275,
    274, 274, 273, 276, 272, 273, 272, 274, 274, 275, 272, 276, 273, 272,
    276, 273, 275, 272, 275, 271, 272 ]
RHandPositionsX: [ 262, 265, 262, 265, 262, 265, 262, 265, 263, 259, 260,
    262, 258, 258, 259, 259, 257, 259, 258, 258, 255, 255, 255, 255, 257,
    257, 254, 256, 254, 256, 266, 263, 253, 244, 226, 202, 187, 176, 168,
    170, 173, 173, 180, 183, 185, 187, 180, 178, 181, 174, 187, 190, 191,
    199, 195, 186, 182, 174, 177, 185, 181, 185, 197, 189, 186, 184, 178,
    174, 173, 180, 184, 187, 188, 180, 180, 180, 181, 180, 186, 193, 193,
    193, 199, 202, 208, 217, 228, 237 ]
RHandPositionsY: [ 260, 262, 266, 263, 263, 265, 265, 266, 268, 269, 265,
    268, 265, 267, 269, 265, 266, 269, 269, 267, 266, 266, 266, 268, 265,
    268, 266, 268, 268, 268, 270, 258, 247, 231, 213, 199, 174, 158, 138,
    134, 117, 111, 108, 110, 107, 103, 97, 88, 86, 88, 86, 95, 97, 96,
    95, 93, 90, 90, 85, 89, 96, 95, 100, 96, 90, 84, 86, 88, 91, 97, 97,
    99, 96, 96, 90, 89, 88, 90, 95, 107, 105, 107, 123, 135, 143, 156,
    170, 185 ]
