%YAML:1.0
---
videoName: "RHShake03.mp4"
gestureLabel: 2
fps: 29
pixelSizeInCmTemp: 3.1103896103896100e-01
faceCenterPointX: 294
faceCenterPointY: 48
LHandPositionsX: [ 410, 408, 410, 409, 409, 410, 409, 409, 412, 408, 412,
    410, 410, 410, 409, 408, 412, 409, 408, 411, 408, 411, 412, 410, 412,
    411, 411, 409, 408, 408, 411, 410, 412, 411, 408, 408, 410, 409, 409,
    412, 410, 408, 409, 410, 412, 410, 412, 409, 408, 410, 408, 408, 409,
    412, 411, 410, 412, 411, 410, 411, 409, 409, 408, 411, 409, 408, 409,
    410, 410, 411, 407, 409, 411, 410, 411, 410, 407, 410, 408, 409, 411,
    411, 407, 407, 407, 409, 407, 411 ]
LHandPositionsY: [ 264, 262, 262, 264, 260, 264, 264, 264, 261, 260, 264,
    262, 262, 264, 260, 264, 264, 264, 264, 262, 260, 262, 262, 264, 261,
    262, 264, 262, 264, 263, 263, 264, 260, 261, 260, 262, 262, 261, 262,
    264, 263, 264, 260, 264, 263, 262, 263, 261, 262, 262, 262, 263, 261,
    262, 262, 261, 260, 261, 263, 263, 261, 262, 262, 261, 262, 263, 264,
    261, 263, 262, 260, 263, 263, 264, 261, 261, 262, 261, 260, 264, 262,
    261, 263, 262, 262, 261, 263, 260 ]
RHandPositionsX: [ 179, 177, 180, 178, 179, 176, 177, 178, 175, 177, 176,
    175, 172, 176, 173, 175, 171, 172, 173, 172, 172, 173, 173, 175, 175,
    173, 174, 171, 174, 174, 172, 173, 173, 173, 166, 156, 152, 149, 149,
    149, 153, 167, 177, 184, 191, 192, 182, 177, 175, 172, 174, 178, 182,
    183, 181, 176, 171, 169, 168, 171, 177, 186, 198, 208, 197, 190, 188,
    187, 182, 180, 186, 192, 200, 207, 209, 207, 199, 198, 194, 183, 183,
    182, 185, 181, 181, 182, 180, 179 ]
RHandPositionsY: [ 260, 261, 261, 260, 259, 262, 262, 262, 261, 262, 261,
    262, 260, 262, 259, 262, 260, 262, 261, 261, 258, 260, 260, 262, 260,
    259, 262, 259, 262, 259, 266, 263, 256, 238, 221, 198, 176, 160, 147,
    129, 121, 118, 120, 120, 110, 107, 103, 99, 97, 98, 102, 107, 105,
    103, 105, 103, 99, 101, 95, 94, 100, 109, 111, 111, 108, 105, 106,
    105, 98, 98, 104, 119, 129, 140, 160, 177, 201, 210, 216, 243, 241,
    245, 243, 251, 252, 254, 251, 251 ]
