%YAML:1.0
---
videoName: "RHShake23.mp4"
gestureLabel: 2
fps: 29
pixelSizeInCmTemp: 3.3263888888888887e-01
faceCenterPointX: 298
faceCenterPointY: 49
LHandPositionsX: [ 387, 391, 387, 390, 387, 387, 390, 389, 390, 387, 389,
    391, 387, 388, 390, 389, 388, 388, 388, 387, 389, 391, 391, 387, 390,
    388, 389, 390, 391, 389, 391, 388, 389, 390, 387, 391, 390, 388, 389,
    390, 388, 387, 388, 389, 389, 389, 389, 388, 390, 391, 388, 389, 388,
    388, 388, 390, 390, 391, 391, 391, 390, 391, 391, 387, 387, 388, 390,
    391, 391, 387, 389, 390, 391, 388, 387, 391, 387, 391, 388, 389, 390,
    388, 391, 387, 389, 389, 387, 391 ]
LHandPositionsY: [ 226, 227, 225, 226, 227, 227, 224, 227, 228, 224, 226,
    225, 226, 225, 228, 225, 224, 228, 227, 225, 226, 224, 225, 225, 227,
    228, 228, 224, 225, 228, 227, 226, 226, 225, 226, 225, 225, 228, 226,
    227, 225, 228, 225, 224, 225, 225, 225, 227, 225, 227, 225, 224, 225,
    228, 225, 226, 224, 225, 226, 228, 228, 224, 225, 227, 225, 227, 227,
    224, 227, 226, 225, 226, 225, 224, 227, 227, 225, 227, 227, 225, 228,
    226, 228, 225, 228, 227, 224, 225 ]
RHandPositionsX: [ 169, 168, 177, 188, 191, 186, 196, 190, 182, 177, 175,
    173, 172, 180, 188, 195, 195, 200, 198, 196, 186, 184, 178, 177, 173,
    169, 173, 176, 194, 202, 199, 199, 198, 194, 192, 186, 182, 182, 179,
    184, 184, 199, 203, 203, 206, 203, 199, 188, 184, 178, 174, 178, 178,
    185, 193, 200, 207, 210, 211, 208, 208, 212, 207, 211, 208, 207, 207,
    208, 205, 206, 207, 205, 206, 203, 204, 200, 202, 201, 200, 200, 203,
    201, 200, 202, 200, 197, 197, 198 ]
RHandPositionsY: [ 96, 92, 101, 114, 116, 114, 118, 113, 102, 103, 98,
    98, 97, 105, 115, 122, 125, 124, 123, 109, 101, 100, 99, 101, 99, 97,
    97, 99, 115, 122, 122, 121, 124, 110, 106, 104, 103, 100, 99, 101,
    114, 120, 122, 122, 125, 126, 125, 107, 108, 105, 103, 100, 99, 118,
    127, 136, 144, 149, 148, 152, 159, 168, 174, 183, 192, 200, 208, 217,
    213, 213, 218, 221, 220, 223, 225, 226, 225, 225, 225, 225, 227, 227,
    228, 228, 225, 225, 225, 226 ]
