%YAML:1.0
---
videoName: "RHShake04.mp4"
gestureLabel: 2
fps: 29
pixelSizeInCmTemp: 3.1513157894736843e-01
faceCenterPointX: 292
faceCenterPointY: 47
LHandPositionsX: [ 412, 412, 411, 410, 412, 410, 409, 412, 412, 412, 411,
    413, 412, 411, 409, 409, 408, 409, 408, 408, 411, 408, 409, 408, 408,
    406, 409, 408, 407, 409, 405, 409, 406, 407, 409, 407, 405, 409, 407,
    405, 407, 408, 409, 409, 409, 409, 406, 408, 408, 408, 407, 407, 406,
    406, 405, 409, 405, 405, 406, 408, 407, 408, 405, 403, 403, 403, 406,
    405, 405, 402, 406, 404, 405, 404, 404, 405, 403, 403, 406, 403, 404,
    404, 403, 401, 404, 404, 404, 401 ]
LHandPositionsY: [ 263, 266, 266, 265, 264, 264, 265, 261, 263, 266, 265,
    262, 263, 262, 264, 263, 265, 263, 262, 262, 262, 263, 262, 261, 261,
    263, 263, 264, 262, 262, 262, 264, 262, 261, 261, 263, 264, 262, 262,
    260, 262, 263, 260, 264, 262, 264, 263, 260, 260, 260, 260, 260, 262,
    261, 263, 261, 261, 264, 262, 260, 261, 260, 262, 262, 261, 261, 263,
    261, 261, 259, 262, 259, 258, 260, 259, 259, 262, 259, 262, 257, 259,
    258, 260, 259, 257, 260, 258, 258 ]
RHandPositionsX: [ 181, 182, 183, 181, 182, 180, 179, 181, 181, 177, 181,
    180, 179, 181, 180, 176, 180, 178, 176, 175, 176, 178, 176, 181, 181,
    174, 168, 166, 162, 163, 162, 166, 179, 188, 194, 189, 187, 183, 173,
    168, 165, 166, 173, 174, 176, 179, 179, 172, 166, 167, 167, 170, 175,
    178, 179, 178, 173, 170, 168, 173, 168, 175, 176, 181, 196, 190, 181,
    177, 175, 174, 171, 169, 171, 177, 185, 190, 192, 191, 192, 186, 185,
    185, 187, 177, 176, 174, 177, 173 ]
RHandPositionsY: [ 264, 268, 264, 265, 267, 262, 267, 265, 264, 268, 268,
    269, 267, 270, 266, 267, 269, 267, 267, 268, 272, 270, 265, 248, 222,
    197, 171, 147, 127, 124, 121, 105, 96, 102, 106, 100, 100, 97, 95,
    93, 88, 89, 94, 96, 95, 98, 96, 95, 94, 91, 91, 95, 98, 99, 96, 97,
    98, 95, 91, 93, 94, 98, 95, 99, 95, 95, 95, 96, 94, 92, 94, 97, 102,
    106, 119, 132, 142, 151, 163, 178, 194, 211, 222, 228, 236, 243, 247,
    248 ]
