%YAML:1.0
---
videoName: "RHShake18.mp4"
gestureLabel: 2
fps: 30
pixelSizeInCmTemp: 3.3732394366197183e-01
faceCenterPointX: 275
faceCenterPointY: 40
LHandPositionsX: [ 375, 379, 376, 378, 376, 378, 378, 377, 376, 377, 375,
    375, 379, 378, 375, 375, 375, 376, 379, 376, 379, 377, 378, 377, 379,
    376, 379, 378, 378, 376, 377, 379, 375, 377, 375, 379, 377, 375, 377,
    375, 377, 375, 378, 379, 379, 377, 379, 378, 372, 372, 373, 370, 364,
    356, 353, 350, 339, 333, 324, 318, 302, 298, 299, 302, 298, 287, 289,
    291, 294, 295, 292, 293, 289, 290, 289, 289, 289, 290, 288, 290, 289,
    290, 290, 290, 287, 289, 285, 285, 288, 288, 288 ]
LHandPositionsY: [ 232, 231, 230, 232, 232, 231, 231, 232, 231, 230, 233,
    230, 229, 233, 232, 231, 230, 233, 229, 232, 230, 232, 232, 233, 229,
    233, 230, 231, 233, 231, 230, 229, 229, 231, 230, 232, 231, 230, 230,
    231, 233, 231, 232, 232, 233, 230, 229, 232, 229, 230, 232, 239, 240,
    236, 237, 234, 235, 231, 231, 228, 232, 231, 234, 233, 233, 236, 237,
    236, 238, 239, 243, 240, 239, 242, 242, 243, 241, 239, 242, 239, 239,
    240, 239, 243, 240, 243, 240, 242, 241, 240, 240 ]
RHandPositionsX: [ 158, 155, 150, 147, 145, 150, 153, 161, 162, 162, 167,
    163, 157, 151, 153, 149, 155, 162, 167, 168, 170, 162, 158, 156, 157,
    156, 158, 161, 162, 168, 164, 162, 157, 158, 158, 163, 172, 174, 172,
    168, 164, 159, 160, 158, 160, 167, 173, 182, 189, 197, 206, 221, 230,
    244, 256, 262, 268, 257, 253, 250, 244, 240, 241, 240, 235, 234, 233,
    234, 236, 238, 242, 239, 238, 237, 239, 237, 238, 237, 237, 236, 237,
    237, 240, 239, 238, 237, 239, 237, 240, 238, 236 ]
RHandPositionsY: [ 71, 73, 70, 68, 70, 65, 68, 71, 74, 74, 69, 70, 69,
    69, 66, 67, 67, 73, 72, 74, 71, 71, 66, 66, 69, 71, 73, 77, 79, 74,
    77, 73, 75, 75, 76, 79, 92, 90, 95, 90, 90, 87, 87, 85, 87, 89, 96,
    102, 113, 121, 132, 143, 155, 161, 171, 184, 188, 195, 194, 201, 202,
    204, 207, 209, 214, 216, 218, 219, 223, 226, 230, 229, 226, 226, 225,
    224, 224, 228, 227, 225, 226, 228, 228, 225, 228, 224, 224, 227, 227,
    228, 225 ]
