%YAML:1.0
---
videoName: "RHShake15.mp4"
gestureLabel: 2
fps: 29
pixelSizeInCmTemp: 3.2808219178082193e-01
faceCenterPointX: 279
faceCenterPointY: 41
LHandPositionsX: [ 369, 369, 368, 368, 371, 368, 371, 370, 370, 369, 371,
    371, 372, 369, 368, 371, 370, 372, 368, 370, 372, 372, 368, 368, 368,
    372, 369, 370, 370, 369, 372, 370, 372, 369, 371, 370, 370, 369, 372,
    369, 369, 369, 372, 371, 370, 372, 370, 371, 368, 370, 370, 368, 371,
    369, 369, 371, 370, 368, 370, 372, 368, 369, 369, 372, 372, 370, 369,
    372, 372, 368, 371, 370, 368, 369, 370, 370, 371, 369, 372, 372, 368,
    371, 368, 371, 369, 368, 368, 368 ]
LHandPositionsY: [ 234, 233, 234, 233, 235, 236, 235, 233, 236, 232, 233,
    233, 232, 234, 233, 234, 236, 234, 236, 235, 232, 236, 233, 236, 233,
    233, 234, 236, 234, 235, 234, 234, 236, 233, 233, 233, 236, 232, 234,
    234, 233, 235, 233, 233, 235, 233, 231, 234, 234, 234, 231, 234, 232,
    234, 235, 233, 231, 232, 232, 231, 231, 235, 233, 231, 234, 234, 232,
    234, 233, 234, 231, 232, 231, 234, 234, 235, 235, 232, 234, 232, 235,
    234, 232, 233, 232, 235, 232, 235 ]
RHandPositionsX: [ 136, 126, 114, 112, 112, 110, 107, 106, 106, 110, 113,
    116, 112, 111, 109, 110, 115, 108, 109, 109, 116, 119, 115, 111, 109,
    105, 112, 110, 108, 107, 112, 116, 115, 114, 112, 113, 111, 109, 110,
    116, 113, 111, 114, 115, 121, 123, 120, 124, 124, 120, 117, 120, 125,
    129, 124, 127, 124, 126, 124, 118, 119, 122, 127, 135, 138, 141, 140,
    136, 141, 141, 142, 146, 149, 153, 157, 155, 158, 159, 160, 158, 161,
    159, 160, 159, 157, 161, 157, 160 ]
RHandPositionsY: [ 191, 172, 155, 144, 145, 139, 132, 128, 121, 116, 113,
    109, 102, 100, 98, 98, 94, 95, 92, 92, 95, 92, 92, 92, 94, 92, 96,
    93, 95, 98, 99, 105, 106, 103, 100, 101, 104, 103, 103, 105, 103,
    107, 111, 113, 110, 105, 102, 107, 107, 105, 104, 109, 111, 113, 119,
    114, 113, 112, 109, 113, 112, 121, 124, 137, 152, 162, 174, 179, 193,
    199, 210, 221, 230, 238, 238, 237, 247, 246, 248, 246, 249, 249, 248,
    247, 247, 249, 245, 247 ]
