%YAML:1.0
---
videoName: "RHShake19.mp4"
gestureLabel: 2
fps: 29
pixelSizeInCmTemp: 3.2808219178082193e-01
faceCenterPointX: 283
faceCenterPointY: 48
LHandPositionsX: [ 390, 388, 389, 391, 392, 392, 391, 391, 389, 390, 388,
    390, 389, 391, 388, 392, 391, 388, 391, 390, 391, 388, 389, 388, 388,
    392, 388, 390, 390, 390, 389, 389, 388, 389, 388, 390, 389, 390, 392,
    390, 388, 390, 388, 388, 388, 391, 388, 391, 390, 391, 391, 390, 388,
    388, 390, 390, 388, 389, 392, 392, 391, 388, 388, 390, 392, 391, 392,
    390, 388, 389, 389, 388, 389, 391, 392, 391, 390, 392, 392, 388, 392,
    389, 392, 392, 389, 392, 390, 389 ]
LHandPositionsY: [ 244, 243, 244, 242, 241, 244, 241, 242, 243, 240, 244,
    240, 242, 243, 242, 240, 240, 241, 243, 242, 243, 242, 240, 244, 240,
    242, 240, 241, 242, 241, 244, 243, 242, 242, 240, 241, 241, 242, 243,
    242, 241, 244, 244, 240, 244, 242, 241, 241, 242, 241, 242, 242, 243,
    242, 244, 244, 244, 241, 240, 242, 243, 240, 241, 243, 242, 244, 240,
    243, 243, 243, 243, 243, 241, 241, 244, 243, 240, 244, 242, 244, 244,
    243, 243, 241, 242, 241, 244, 243 ]
RHandPositionsX: [ 156, 174, 181, 182, 187, 185, 174, 173, 168, 160, 161,
    162, 168, 177, 186, 185, 187, 178, 177, 170, 166, 159, 161, 163, 167,
    173, 173, 172, 171, 167, 163, 159, 158, 164, 168, 178, 177, 179, 178,
    171, 169, 163, 164, 161, 165, 168, 174, 177, 179, 184, 179, 173, 170,
    167, 167, 169, 172, 180, 178, 178, 179, 178, 173, 170, 167, 167, 171,
    177, 177, 182, 188, 190, 188, 185, 184, 187, 186, 181, 180, 180, 182,
    178, 180, 181, 180, 180, 181, 180 ]
RHandPositionsY: [ 90, 91, 94, 93, 95, 90, 84, 80, 77, 79, 75, 72, 80,
    83, 90, 89, 89, 85, 80, 76, 79, 75, 74, 77, 85, 88, 92, 88, 86, 87,
    85, 82, 81, 83, 87, 91, 95, 94, 95, 93, 87, 84, 84, 85, 82, 84, 94,
    95, 102, 103, 99, 97, 94, 97, 93, 95, 98, 102, 108, 107, 107, 100,
    103, 97, 102, 101, 111, 127, 137, 148, 161, 175, 189, 191, 199, 208,
    217, 225, 231, 235, 238, 238, 238, 240, 240, 240, 240, 243 ]
