%YAML:1.0
---
videoName: "RHShake13.mp4"
gestureLabel: 2
fps: 30
pixelSizeInCmTemp: 3.2808219178082193e-01
faceCenterPointX: 278
faceCenterPointY: 45
LHandPositionsX: [ 307, 307, 309, 305, 305, 306, 308, 309, 307, 308, 309,
    306, 306, 305, 309, 305, 305, 307, 309, 308, 307, 305, 309, 305, 306,
    305, 307, 306, 306, 308, 305, 308, 308, 306, 305, 305, 307, 309, 309,
    308, 305, 306, 306, 307, 309, 306, 306, 308, 308, 306, 307, 307, 305,
    306, 309, 309, 307, 309, 306, 308, 307, 307, 308, 305, 307, 309, 309,
    309, 308, 308, 309, 306, 309, 307, 309, 306, 307, 308, 306, 305, 303,
    304, 306, 304, 305, 307, 303, 303, 307, 303, 307 ]
LHandPositionsY: [ 244, 244, 242, 242, 244, 242, 245, 245, 241, 243, 243,
    241, 243, 244, 241, 240, 243, 242, 241, 242, 240, 240, 242, 241, 239,
    239, 243, 240, 241, 239, 241, 239, 243, 240, 241, 241, 241, 239, 242,
    240, 239, 240, 241, 239, 240, 238, 240, 240, 241, 238, 240, 238, 240,
    241, 242, 240, 242, 238, 241, 242, 238, 238, 238, 242, 240, 238, 239,
    242, 241, 238, 239, 241, 241, 240, 235, 238, 233, 234, 235, 233, 233,
    234, 235, 237, 239, 240, 242, 243, 245, 246, 245 ]
RHandPositionsX: [ 169, 152, 138, 142, 144, 140, 144, 141, 146, 148, 146,
    148, 139, 136, 133, 140, 142, 142, 147, 145, 138, 133, 129, 130, 130,
    134, 136, 138, 140, 137, 135, 132, 131, 131, 132, 135, 138, 138, 135,
    137, 135, 134, 134, 134, 138, 146, 147, 150, 145, 144, 141, 138, 135,
    140, 141, 140, 141, 143, 140, 138, 133, 134, 131, 133, 136, 140, 144,
    145, 152, 161, 167, 177, 188, 200, 212, 226, 237, 244, 251, 250, 251,
    255, 255, 261, 260, 258, 261, 257, 260, 258, 261 ]
RHandPositionsY: [ 155, 136, 118, 116, 117, 107, 105, 101, 98, 93, 90,
    91, 90, 89, 85, 86, 86, 88, 89, 88, 89, 85, 88, 87, 84, 85, 87, 92,
    89, 90, 89, 90, 90, 90, 89, 92, 91, 91, 91, 89, 92, 89, 88, 89, 90,
    96, 93, 97, 92, 91, 91, 95, 94, 92, 96, 101, 99, 98, 101, 98, 99, 97,
    98, 96, 100, 103, 110, 108, 120, 125, 136, 144, 156, 165, 179, 188,
    198, 206, 217, 214, 217, 218, 227, 234, 234, 239, 241, 237, 237, 239,
    241 ]
