%YAML:1.0
---
videoName: "RHShake20.mp4"
gestureLabel: 2
fps: 29
pixelSizeInCmTemp: 3.3263888888888887e-01
faceCenterPointX: 286
faceCenterPointY: 45
LHandPositionsX: [ 393, 394, 393, 390, 391, 392, 393, 391, 393, 390, 390,
    390, 392, 392, 391, 393, 394, 393, 392, 393, 392, 390, 393, 391, 394,
    392, 391, 391, 390, 391, 393, 393, 390, 390, 394, 393, 391, 393, 393,
    393, 394, 394, 394, 390, 392, 391, 394, 390, 391, 391, 392, 393, 390,
    392, 391, 393, 392, 394, 390, 391, 392, 390, 390, 394, 394, 391, 392,
    393, 394, 392, 390, 391, 394, 392, 393, 394, 392, 390, 394, 394, 394,
    391, 390, 391, 391, 393, 392, 390 ]
LHandPositionsY: [ 246, 243, 245, 246, 245, 244, 241, 242, 244, 243, 242,
    240, 240, 239, 241, 240, 243, 242, 240, 241, 243, 240, 242, 242, 243,
    240, 242, 242, 241, 239, 240, 241, 241, 240, 239, 242, 240, 242, 239,
    242, 240, 242, 241, 241, 243, 240, 241, 241, 239, 242, 242, 241, 241,
    239, 239, 240, 241, 243, 242, 239, 239, 241, 242, 241, 241, 240, 243,
    241, 243, 241, 239, 241, 239, 241, 240, 243, 242, 241, 241, 241, 241,
    241, 242, 243, 240, 239, 241, 239 ]
RHandPositionsX: [ 166, 162, 161, 157, 155, 155, 153, 154, 156, 159, 160,
    159, 161, 156, 150, 149, 151, 151, 160, 163, 164, 164, 160, 156, 154,
    155, 150, 154, 158, 162, 164, 163, 157, 154, 156, 154, 150, 148, 158,
    167, 164, 166, 166, 163, 159, 152, 154, 153, 160, 160, 166, 169, 165,
    170, 167, 169, 162, 163, 161, 158, 161, 167, 172, 175, 184, 186, 184,
    184, 185, 185, 186, 184, 181, 181, 180, 176, 179, 178, 178, 179, 180,
    178, 177, 179, 178, 176, 178, 180 ]
RHandPositionsY: [ 109, 107, 101, 100, 102, 97, 97, 101, 103, 100, 100,
    99, 99, 96, 96, 97, 101, 105, 115, 112, 117, 115, 110, 112, 106, 106,
    107, 110, 118, 116, 120, 112, 109, 109, 106, 102, 106, 108, 112, 120,
    123, 124, 121, 118, 115, 114, 112, 110, 111, 118, 126, 122, 123, 126,
    125, 121, 116, 116, 111, 113, 117, 124, 133, 136, 148, 155, 167, 176,
    187, 191, 201, 212, 217, 228, 231, 234, 240, 241, 239, 240, 243, 243,
    245, 243, 246, 245, 247, 247 ]
