%YAML:1.0
---
videoName: "RHShake15.mp4"
gestureLabel: 2
fps: 29
pixelSizeInCmTemp: 3.2808219178082193e-01
faceCenterPointX: 279
faceCenterPointY: 41
LHandPositionsX: [ 368, 369, 370, 370, 368, 369, 369, 371, 371, 371, 369,
    370, 368, 371, 369, 368, 371, 371, 372, 371, 369, 369, 370, 370, 368,
    368, 368, 371, 372, 371, 368, 369, 368, 370, 370, 371, 370, 372, 371,
    370, 371, 372, 372, 372, 368, 370, 372, 368, 370, 370, 372, 368, 368,
    371, 368, 370, 372, 371, 369, 368, 369, 371, 368, 370, 368, 369, 368,
    370, 372, 369, 369, 368, 370, 372, 369, 368, 372, 370, 371, 371, 368,
    371, 368, 368, 370, 368, 369, 371 ]
LHandPositionsY: [ 234, 232, 235, 232, 232, 235, 233, 232, 233, 234, 233,
    236, 235, 233, 235, 232, 235, 232, 234, 233, 234, 233, 236, 236, 233,
    235, 235, 233, 236, 233, 232, 234, 236, 236, 232, 236, 233, 232, 233,
    236, 233, 232, 236, 233, 231, 234, 235, 233, 233, 231, 231, 232, 233,
    232, 231, 231, 232, 233, 232, 232, 233, 231, 235, 232, 231, 232, 233,
    232, 231, 232, 231, 234, 235, 234, 235, 234, 232, 233, 234, 235, 233,
    234, 232, 231, 233, 235, 234, 234 ]
RHandPositionsX: [ 135, 125, 114, 109, 110, 109, 108, 105, 107, 111, 110,
    115, 112, 113, 110, 114, 111, 107, 109, 106, 113, 118, 117, 113, 112,
    105, 110, 108, 108, 107, 112, 116, 116, 116, 113, 110, 109, 113, 112,
    114, 112, 113, 114, 114, 123, 123, 119, 125, 121, 119, 116, 123, 127,
    129, 122, 124, 128, 127, 121, 121, 119, 123, 128, 132, 138, 145, 137,
    138, 139, 144, 145, 146, 150, 155, 157, 156, 160, 157, 158, 162, 157,
    158, 159, 160, 160, 161, 159, 157 ]
RHandPositionsY: [ 191, 170, 154, 144, 143, 139, 131, 127, 121, 114, 112,
    108, 101, 99, 99, 95, 94, 95, 94, 93, 93, 90, 92, 94, 93, 92, 95, 95,
    95, 95, 99, 102, 102, 103, 104, 101, 101, 103, 103, 104, 103, 106,
    110, 113, 109, 106, 105, 107, 103, 104, 103, 107, 111, 114, 115, 112,
    113, 109, 108, 109, 111, 121, 128, 137, 148, 162, 172, 179, 192, 201,
    207, 222, 231, 236, 240, 238, 247, 246, 246, 247, 246, 248, 246, 249,
    245, 248, 246, 249 ]
