%YAML:1.0
---
videoName: "RHShake08.mp4"
gestureLabel: 2
fps: 29
pixelSizeInCmTemp: 3.2808219178082193e-01
faceCenterPointX: 290
faceCenterPointY: 45
LHandPositionsX: [ 315, 313, 315, 314, 316, 317, 315, 316, 313, 313, 311,
    310, 312, 309, 310, 311, 309, 308, 308, 310, 308, 308, 307, 307, 308,
    306, 307, 307, 306, 309, 310, 310, 309, 308, 310, 310, 310, 307, 308,
    310, 308, 307, 307, 306, 308, 306, 308, 305, 309, 305, 306, 305, 308,
    306, 309, 307, 308, 305, 307, 307, 309, 306, 309, 308, 307, 309, 309,
    306, 307, 309, 305, 309, 308, 306, 308, 308, 306, 308, 308, 305, 308,
    309, 307, 307, 311, 308, 308, 309 ]
LHandPositionsY: [ 279, 282, 280, 280, 281, 281, 283, 282, 283, 283, 284,
    285, 282, 281, 285, 285, 281, 281, 284, 283, 285, 284, 283, 284, 282,
    284, 283, 282, 285, 281, 283, 285, 285, 281, 283, 283, 282, 281, 283,
    284, 285, 284, 282, 284, 282, 280, 284, 284, 281, 284, 284, 284, 281,
    284, 281, 284, 282, 283, 284, 284, 284, 283, 283, 283, 282, 280, 284,
    282, 281, 284, 281, 280, 284, 284, 283, 281, 281, 280, 282, 280, 283,
    284, 280, 282, 281, 281, 281, 282 ]
RHandPositionsX: [ 266, 270, 272, 269, 270, 273, 274, 276, 268, 259, 259,
    255, 248, 236, 221, 200, 186, 162, 154, 162, 166, 173, 198, 196, 207,
    200, 193, 188, 181, 180, 188, 193, 202, 199, 194, 193, 187, 182, 179,
    179, 193, 189, 189, 187, 184, 176, 174, 174, 173, 182, 185, 189, 189,
    187, 191, 190, 188, 202, 202, 217, 212, 208, 203, 198, 197, 194, 204,
    207, 213, 214, 211, 214, 224, 228, 238, 246, 253, 263, 262, 264, 264,
    266, 270, 271, 274, 273, 274, 272 ]
RHandPositionsY: [ 266, 270, 270, 269, 268, 270, 267, 266, 265, 265, 256,
    242, 231, 217, 204, 182, 175, 153, 129, 126, 116, 109, 107, 107, 110,
    102, 99, 92, 94, 94, 89, 93, 97, 94, 96, 89, 91, 86, 85, 91, 93, 92,
    93, 94, 91, 88, 86, 85, 90, 92, 97, 97, 98, 99, 92, 90, 92, 91, 98,
    97, 99, 97, 97, 91, 92, 95, 95, 100, 106, 107, 112, 127, 132, 145,
    160, 174, 194, 217, 227, 244, 260, 262, 257, 262, 263, 265, 265, 264 ]
