%YAML:1.0
---
videoName: "RHShake02.mp4"
gestureLabel: 2
fps: 29
pixelSizeInCmTemp: 3.1933333333333330e-01
faceCenterPointX: 291
faceCenterPointY: 51
LHandPositionsX: [ 408, 405, 407, 409, 409, 406, 407, 405, 409, 405, 409,
    407, 409, 405, 405, 408, 407, 407, 404, 404, 407, 406, 405, 408, 405,
    405, 407, 403, 404, 405, 406, 403, 404, 404, 402, 402, 402, 401, 403,
    401, 400, 402, 402, 402, 401, 403, 401, 398, 401, 398, 399, 400, 399,
    398, 397, 397, 396, 396, 396, 396, 398, 397, 397, 400, 398, 397, 399,
    399, 395, 398, 396, 398, 396, 399, 396, 396, 397, 398, 395, 397, 398,
    395, 399, 399, 398, 398, 396, 399 ]
LHandPositionsY: [ 262, 261, 264, 264, 263, 265, 261, 261, 264, 265, 262,
    261, 261, 261, 265, 265, 264, 261, 263, 260, 262, 261, 263, 261, 263,
    264, 263, 263, 263, 263, 262, 260, 264, 262, 262, 260, 262, 264, 261,
    262, 260, 261, 262, 264, 260, 261, 261, 261, 261, 264, 260, 264, 263,
    264, 263, 262, 264, 264, 264, 262, 261, 260, 262, 262, 263, 260, 260,
    263, 262, 263, 264, 262, 261, 260, 263, 262, 260, 262, 260, 263, 260,
    263, 263, 264, 260, 261, 263, 261 ]
RHandPositionsX: [ 173, 175, 175, 172, 173, 170, 171, 171, 174, 171, 171,
    171, 174, 172, 170, 174, 172, 173, 170, 174, 171, 172, 173, 174, 174,
    172, 176, 179, 174, 174, 166, 163, 160, 153, 152, 156, 162, 176, 184,
    181, 182, 175, 169, 164, 163, 160, 162, 168, 179, 184, 194, 186, 184,
    177, 169, 169, 162, 165, 176, 183, 181, 181, 179, 179, 177, 173, 171,
    168, 170, 178, 181, 193, 197, 203, 201, 196, 195, 184, 184, 183, 180,
    175, 178, 177, 177, 177, 176, 173 ]
RHandPositionsY: [ 265, 267, 263, 263, 267, 265, 263, 267, 264, 267, 264,
    263, 267, 267, 266, 267, 264, 266, 263, 264, 263, 266, 267, 265, 268,
    269, 265, 248, 228, 207, 187, 168, 142, 125, 112, 101, 96, 96, 97,
    96, 93, 91, 93, 92, 89, 90, 88, 94, 96, 100, 97, 97, 94, 91, 87, 85,
    86, 90, 94, 102, 97, 98, 96, 95, 93, 94, 92, 91, 93, 97, 105, 119,
    128, 144, 160, 175, 192, 212, 228, 232, 237, 243, 246, 251, 251, 253,
    255, 253 ]
