%YAML:1.0
---
videoName: "RHShake10.mp4"
gestureLabel: 2
fps: 29
pixelSizeInCmTemp: 3.1933333333333330e-01
faceCenterPointX: 295
faceCenterPointY: 45
LHandPositionsX: [ 338, 342, 339, 341, 342, 339, 336, 334, 335, 332, 335,
    330, 329, 329, 328, 327, 329, 327, 328, 326, 327, 327, 327, 330, 330,
    327, 327, 327, 327, 328, 330, 329, 326, 328, 330, 328, 329, 327, 328,
    328, 327, 327, 326, 330, 330, 328, 327, 326, 330, 327, 328, 327, 327,
    330, 326, 330, 327, 326, 329, 328, 327, 328, 327, 326, 326, 326, 329,
    328, 330, 330, 327, 326, 327, 328, 331, 327, 328, 330, 328, 327, 330,
    328, 328, 329, 330, 328, 328, 326 ]
LHandPositionsY: [ 263, 267, 267, 265, 266, 268, 269, 270, 269, 269, 270,
    271, 273, 270, 273, 271, 272, 273, 273, 273, 270, 271, 271, 270, 270,
    270, 271, 271, 270, 269, 272, 272, 271, 271, 270, 270, 270, 271, 270,
    269, 269, 269, 268, 268, 271, 268, 269, 272, 269, 271, 268, 271, 270,
    271, 268, 269, 269, 269, 268, 271, 272, 270, 272, 270, 269, 268, 270,
    271, 268, 271, 271, 268, 272, 269, 270, 270, 271, 267, 267, 270, 268,
    270, 269, 267, 269, 270, 272, 273 ]
RHandPositionsX: [ 260, 259, 262, 260, 260, 261, 260, 261, 260, 261, 261,
    259, 259, 259, 260, 263, 258, 255, 259, 249, 241, 220, 202, 185, 166,
    156, 138, 138, 138, 137, 146, 152, 153, 164, 166, 161, 158, 157, 159,
    159, 161, 174, 178, 180, 177, 175, 170, 170, 169, 170, 173, 185, 191,
    193, 191, 183, 176, 178, 173, 181, 178, 188, 192, 191, 191, 185, 177,
    177, 175, 179, 177, 192, 195, 203, 213, 217, 228, 231, 235, 242, 250,
    250, 251, 260, 262, 263, 260, 259 ]
RHandPositionsY: [ 266, 268, 267, 264, 266, 265, 266, 266, 267, 266, 268,
    267, 266, 267, 268, 268, 266, 266, 265, 255, 243, 230, 211, 192, 173,
    152, 131, 117, 112, 99, 88, 89, 89, 87, 85, 81, 81, 78, 78, 77, 80,
    82, 87, 85, 81, 77, 77, 78, 78, 79, 85, 90, 91, 92, 87, 84, 82, 83,
    81, 83, 87, 92, 90, 95, 88, 88, 81, 84, 81, 86, 94, 106, 124, 146,
    164, 181, 196, 214, 225, 245, 258, 260, 260, 263, 266, 267, 268, 267 ]
