%YAML:1.0
---
videoName: "RHShake21.mp4"
gestureLabel: 2
fps: 29
pixelSizeInCmTemp: 3.3732394366197183e-01
faceCenterPointX: 293
faceCenterPointY: 47
LHandPositionsX: [ 396, 394, 395, 394, 395, 396, 395, 394, 395, 394, 396,
    397, 395, 395, 395, 397, 397, 397, 394, 394, 396, 396, 394, 395, 394,
    395, 394, 394, 398, 394, 395, 394, 398, 398, 396, 398, 396, 397, 396,
    396, 398, 396, 398, 398, 398, 394, 395, 394, 396, 396, 396, 395, 394,
    395, 395, 398, 395, 395, 396, 395, 398, 396, 394, 398, 395, 395, 394,
    394, 395, 396, 397, 397, 394, 395, 396, 396, 395, 398, 398, 395, 395,
    396, 395, 397, 397, 398, 394, 397 ]
LHandPositionsY: [ 242, 240, 241, 238, 240, 239, 239, 242, 239, 238, 240,
    242, 238, 242, 238, 238, 238, 239, 240, 242, 242, 239, 240, 241, 241,
    239, 241, 239, 239, 242, 238, 239, 239, 242, 238, 241, 242, 239, 241,
    242, 241, 238, 240, 239, 239, 238, 240, 240, 240, 241, 238, 241, 241,
    239, 241, 239, 242, 240, 239, 241, 241, 239, 241, 242, 240, 241, 239,
    239, 241, 240, 241, 239, 239, 239, 241, 238, 241, 242, 241, 241, 241,
    241, 241, 240, 239, 240, 241, 241 ]
RHandPositionsX: [ 135, 140, 142, 143, 147, 146, 143, 138, 137, 136, 135,
    141, 146, 150, 148, 149, 147, 144, 139, 137, 136, 135, 140, 145, 146,
    152, 149, 151, 146, 142, 138, 137, 139, 141, 139, 144, 149, 151, 150,
    144, 141, 135, 137, 133, 135, 141, 145, 149, 152, 150, 147, 144, 140,
    134, 131, 135, 138, 145, 152, 163, 171, 176, 177, 178, 184, 185, 189,
    186, 185, 189, 190, 187, 185, 187, 187, 188, 186, 186, 185, 185, 188,
    189, 189, 189, 185, 186, 187, 186 ]
RHandPositionsY: [ 83, 85, 87, 90, 90, 85, 83, 79, 83, 82, 79, 85, 87,
    89, 91, 92, 92, 87, 87, 84, 86, 83, 83, 88, 89, 90, 92, 94, 88, 88,
    85, 84, 82, 86, 88, 88, 94, 94, 91, 88, 86, 85, 86, 85, 85, 92, 99,
    97, 96, 100, 97, 95, 95, 91, 93, 91, 95, 104, 114, 129, 138, 150,
    152, 149, 160, 171, 177, 192, 198, 209, 215, 214, 218, 225, 227, 224,
    229, 229, 228, 230, 231, 229, 231, 230, 230, 231, 230, 228 ]
