%YAML:1.0
---
videoName: "RHShake11.mp4"
gestureLabel: 2
fps: 29
pixelSizeInCmTemp: 3.3263888888888887e-01
faceCenterPointX: 274
faceCenterPointY: 53
LHandPositionsX: [ 312, 309, 307, 309, 310, 311, 310, 310, 309, 309, 311,
    308, 309, 310, 311, 311, 308, 307, 308, 307, 311, 309, 307, 310, 310,
    308, 307, 307, 308, 308, 311, 308, 307, 309, 307, 311, 310, 310, 309,
    310, 308, 307, 309, 309, 307, 307, 307, 309, 307, 311, 310, 308, 308,
    309, 308, 311, 309, 310, 311, 310, 309, 307, 309, 307, 307, 309, 311,
    309, 311, 311, 307, 308, 309, 310, 310, 308, 309, 306, 309, 307, 305,
    306, 304, 307, 303, 304, 305, 306 ]
LHandPositionsY: [ 247, 246, 246, 247, 246, 247, 249, 245, 248, 246, 248,
    245, 247, 249, 249, 249, 247, 248, 246, 246, 248, 249, 248, 249, 247,
    245, 248, 246, 249, 246, 247, 245, 248, 249, 247, 245, 249, 249, 248,
    247, 248, 249, 247, 246, 249, 248, 247, 246, 246, 248, 245, 249, 246,
    245, 245, 245, 246, 246, 246, 249, 249, 245, 245, 249, 245, 246, 247,
    249, 245, 245, 247, 243, 245, 243, 244, 247, 245, 246, 243, 247, 246,
    245, 244, 247, 246, 243, 246, 244 ]
RHandPositionsX: [ 250, 248, 247, 243, 237, 227, 208, 191, 173, 159, 145,
    142, 147, 143, 152, 158, 163, 166, 169, 173, 172, 164, 158, 152, 152,
    152, 159, 167, 170, 167, 169, 167, 164, 159, 159, 159, 154, 153, 157,
    165, 167, 166, 172, 171, 166, 159, 159, 160, 158, 157, 164, 170, 175,
    180, 177, 179, 174, 169, 163, 164, 159, 155, 160, 167, 171, 179, 194,
    206, 220, 228, 242, 246, 254, 260, 264, 260, 261, 263, 263, 259, 262,
    262, 260, 261, 260, 262, 261, 261 ]
RHandPositionsY: [ 245, 245, 246, 242, 229, 219, 207, 193, 175, 162, 144,
    129, 124, 111, 105, 103, 107, 103, 105, 101, 100, 102, 101, 98, 93,
    94, 93, 99, 101, 100, 102, 100, 96, 94, 94, 94, 95, 96, 102, 106,
    104, 102, 105, 105, 101, 104, 101, 101, 96, 100, 100, 105, 106, 109,
    108, 106, 105, 104, 102, 103, 99, 102, 101, 105, 116, 131, 143, 159,
    175, 188, 200, 211, 223, 228, 235, 236, 236, 239, 242, 240, 239, 241,
    239, 242, 240, 238, 242, 241 ]
