%YAML:1.0
---
videoName: "RHShake03.mp4"
gestureLabel: 2
fps: 29
pixelSizeInCmTemp: 3.1103896103896100e-01
faceCenterPointX: 294
faceCenterPointY: 48
LHandPositionsX: [ 409, 412, 409, 408, 408, 409, 409, 412, 410, 409, 409,
    412, 411, 410, 409, 410, 411, 408, 412, 412, 411, 410, 410, 411, 411,
    411, 410, 409, 408, 411, 412, 412, 410, 412, 410, 409, 412, 410, 412,
    408, 411, 408, 408, 411, 411, 408, 409, 408, 411, 409, 410, 408, 408,
    412, 411, 409, 409, 412, 412, 411, 412, 411, 409, 412, 411, 412, 409,
    409, 408, 410, 409, 410, 410, 409, 411, 410, 407, 407, 410, 411, 409,
    411, 408, 410, 407, 411, 411, 409 ]
LHandPositionsY: [ 261, 261, 264, 261, 263, 262, 264, 263, 261, 262, 261,
    264, 263, 263, 263, 261, 263, 262, 261, 260, 261, 264, 262, 262, 260,
    262, 262, 262, 261, 264, 260, 264, 264, 260, 264, 260, 264, 264, 264,
    262, 261, 264, 261, 263, 263, 262, 264, 262, 263, 263, 263, 262, 261,
    264, 260, 262, 263, 261, 260, 260, 261, 264, 261, 263, 263, 262, 260,
    260, 261, 264, 260, 262, 261, 264, 262, 260, 263, 264, 261, 263, 264,
    263, 260, 262, 264, 264, 260, 260 ]
RHandPositionsX: [ 179, 180, 178, 180, 177, 178, 176, 177, 177, 176, 174,
    174, 172, 172, 173, 176, 175, 175, 173, 174, 171, 172, 175, 175, 175,
    172, 175, 174, 171, 172, 172, 169, 173, 170, 166, 159, 153, 151, 150,
    152, 154, 164, 178, 184, 191, 190, 183, 174, 173, 171, 171, 178, 182,
    184, 181, 176, 170, 171, 169, 172, 177, 186, 199, 208, 199, 192, 187,
    188, 182, 183, 183, 193, 199, 207, 210, 206, 200, 194, 192, 183, 184,
    181, 185, 184, 182, 183, 179, 181 ]
RHandPositionsY: [ 257, 260, 258, 259, 258, 261, 259, 258, 261, 262, 258,
    259, 259, 258, 261, 258, 258, 259, 261, 262, 259, 258, 262, 261, 258,
    261, 258, 258, 258, 260, 267, 266, 258, 240, 219, 196, 177, 159, 145,
    130, 124, 118, 119, 116, 114, 107, 104, 100, 100, 99, 104, 106, 106,
    105, 105, 102, 102, 98, 95, 94, 101, 110, 108, 113, 111, 107, 106,
    105, 101, 101, 103, 117, 130, 140, 160, 181, 203, 207, 218, 243, 241,
    246, 244, 249, 251, 254, 250, 254 ]
