%YAML:1.0
---
videoName: "RHShake01.mp4"
gestureLabel: 2
fps: 29
pixelSizeInCmTemp: 3.1513157894736843e-01
faceCenterPointX: 292
faceCenterPointY: 51
LHandPositionsX: [ 394, 395, 394, 395, 394, 394, 393, 392, 394, 392, 395,
    396, 392, 392, 395, 391, 395, 392, 391, 393, 391, 393, 391, 394, 391,
    392, 393, 394, 394, 393, 392, 394, 393, 393, 393, 393, 394, 394, 393,
    394, 395, 393, 395, 393, 394, 394, 394, 391, 393, 392, 393, 391, 395,
    394, 392, 395, 394, 391, 394, 391, 394, 391, 394, 391, 394, 394, 392,
    392, 392, 394, 393, 393, 393, 392, 391, 395, 395, 391, 391, 391, 395,
    393, 393, 391, 391, 391, 395, 391 ]
LHandPositionsY: [ 256, 254, 254, 257, 257, 255, 253, 257, 256, 256, 254,
    254, 254, 254, 253, 256, 256, 255, 254, 253, 255, 257, 253, 254, 254,
    256, 257, 257, 257, 253, 256, 257, 253, 255, 254, 257, 257, 253, 255,
    254, 256, 254, 257, 254, 253, 255, 256, 255, 253, 254, 256, 255, 256,
    254, 256, 256, 253, 255, 257, 253, 253, 254, 255, 255, 255, 257, 253,
    256, 257, 256, 254, 255, 256, 255, 254, 257, 254, 256, 257, 253, 254,
    255, 255, 256, 254, 255, 253, 255 ]
RHandPositionsX: [ 167, 170, 167, 171, 170, 170, 168, 167, 171, 168, 169,
    171, 169, 171, 171, 168, 169, 167, 169, 167, 169, 171, 172, 170, 169,
    169, 172, 175, 176, 170, 164, 160, 157, 151, 157, 159, 171, 182, 194,
    190, 189, 189, 182, 178, 178, 174, 173, 186, 197, 194, 191, 189, 183,
    178, 179, 179, 178, 183, 186, 192, 190, 196, 194, 186, 182, 176, 176,
    180, 187, 193, 195, 200, 199, 198, 192, 187, 188, 188, 187, 181, 178,
    174, 175, 171, 172, 173, 175, 176 ]
RHandPositionsY: [ 277, 278, 276, 277, 277, 278, 280, 279, 276, 276, 279,
    279, 280, 277, 276, 277, 276, 279, 280, 277, 276, 280, 277, 276, 278,
    274, 266, 248, 227, 205, 187, 170, 151, 134, 129, 114, 106, 109, 113,
    112, 107, 106, 101, 100, 100, 97, 99, 99, 99, 101, 100, 94, 96, 95,
    92, 92, 93, 100, 98, 103, 101, 100, 101, 99, 95, 98, 96, 97, 104,
    109, 111, 124, 136, 148, 162, 179, 190, 203, 202, 214, 220, 225, 236,
    240, 240, 245, 244, 246 ]
