%YAML:1.0
---
videoName: "RHShake23.mp4"
gestureLabel: 2
fps: 29
pixelSizeInCmTemp: 3.3263888888888887e-01
faceCenterPointX: 298
faceCenterPointY: 49
LHandPositionsX: [ 389, 390, 389, 391, 391, 390, 389, 390, 387, 390, 391,
    387, 388, 388, 390, 388, 388, 390, 390, 391, 387, 389, 390, 387, 389,
    387, 387, 390, 387, 389, 387, 391, 389, 388, 387, 388, 391, 388, 389,
    388, 389, 390, 389, 390, 390, 390, 389, 388, 390, 390, 391, 388, 389,
    390, 391, 387, 389, 389, 389, 387, 389, 390, 391, 387, 389, 390, 389,
    387, 390, 387, 391, 389, 390, 387, 389, 389, 387, 388, 387, 391, 390,
    391, 388, 389, 389, 388, 387, 389 ]
LHandPositionsY: [ 224, 224, 227, 227, 228, 227, 224, 225, 225, 224, 227,
    228, 227, 225, 225, 228, 225, 228, 228, 226, 225, 225, 225, 226, 225,
    227, 228, 225, 226, 226, 227, 227, 224, 227, 224, 226, 227, 228, 227,
    224, 227, 224, 224, 228, 226, 228, 225, 228, 228, 227, 228, 225, 228,
    228, 227, 226, 225, 226, 224, 225, 227, 225, 224, 227, 224, 227, 226,
    224, 227, 226, 224, 224, 224, 228, 225, 224, 224, 227, 226, 228, 224,
    226, 226, 224, 228, 227, 226, 227 ]
RHandPositionsX: [ 171, 168, 177, 189, 190, 190, 196, 187, 181, 180, 176,
    176, 171, 179, 187, 198, 197, 200, 200, 195, 186, 182, 174, 177, 173,
    173, 172, 177, 192, 203, 198, 199, 202, 194, 194, 187, 184, 179, 181,
    184, 184, 197, 203, 205, 205, 202, 197, 189, 184, 181, 178, 177, 178,
    186, 194, 200, 206, 207, 207, 212, 208, 208, 211, 210, 211, 206, 209,
    205, 206, 205, 203, 203, 202, 202, 200, 200, 204, 201, 200, 199, 199,
    200, 201, 202, 201, 201, 198, 199 ]
RHandPositionsY: [ 95, 95, 97, 111, 114, 113, 122, 110, 102, 100, 100,
    102, 100, 104, 114, 121, 123, 123, 125, 110, 101, 99, 101, 98, 99,
    97, 93, 98, 114, 122, 120, 123, 122, 110, 107, 105, 105, 101, 100,
    99, 112, 119, 122, 124, 125, 125, 124, 110, 108, 108, 105, 100, 100,
    115, 129, 135, 141, 147, 148, 156, 160, 164, 175, 181, 189, 201, 206,
    216, 216, 213, 215, 219, 219, 223, 227, 226, 228, 228, 226, 227, 226,
    228, 227, 228, 225, 228, 228, 225 ]
