%YAML:1.0
---
videoName: "RHShake05.mp4"
gestureLabel: 2
fps: 30
pixelSizeInCmTemp: 3.1103896103896100e-01
faceCenterPointX: 295
faceCenterPointY: 47
LHandPositionsX: [ 412, 412, 408, 410, 411, 412, 409, 410, 411, 411, 410,
    412, 410, 411, 410, 409, 411, 411, 408, 408, 409, 409, 410, 409, 412,
    409, 409, 412, 408, 410, 409, 408, 412, 410, 409, 408, 408, 409, 411,
    409, 412, 409, 408, 408, 409, 410, 410, 409, 410, 409, 410, 412, 410,
    410, 410, 412, 411, 410, 408, 410, 409, 410, 408, 409, 410, 411, 409,
    409, 410, 411, 410, 410, 412, 409, 410, 411, 409, 408, 410, 410, 412,
    408, 409, 412, 411, 410, 409, 411, 411, 412, 409 ]
LHandPositionsY: [ 260, 261, 259, 260, 261, 259, 260, 259, 259, 260, 260,
    258, 261, 261, 261, 259, 259, 260, 259, 261, 259, 260, 259, 258, 261,
    258, 259, 260, 260, 258, 257, 257, 257, 261, 261, 261, 260, 258, 257,
    259, 261, 260, 259, 259, 261, 258, 260, 260, 259, 259, 258, 258, 260,
    259, 259, 258, 257, 259, 258, 260, 258, 261, 258, 260, 258, 259, 261,
    258, 259, 259, 259, 259, 261, 258, 260, 261, 260, 257, 257, 261, 258,
    261, 260, 258, 259, 257, 261, 260, 257, 258, 260 ]
RHandPositionsX: [ 176, 174, 174, 175, 174, 173, 175, 174, 177, 176, 174,
    175, 174, 173, 172, 173, 174, 174, 172, 173, 171, 173, 174, 178, 175,
    177, 181, 179, 174, 164, 151, 156, 154, 160, 165, 174, 187, 199, 188,
    183, 175, 175, 170, 168, 175, 176, 187, 184, 176, 173, 170, 168, 167,
    174, 180, 192, 182, 178, 175, 168, 168, 168, 174, 188, 194, 190, 187,
    181, 179, 181, 179, 179, 191, 191, 195, 188, 184, 174, 169, 172, 173,
    175, 181, 184, 192, 192, 183, 180, 179, 177, 177 ]
RHandPositionsY: [ 258, 258, 260, 261, 258, 261, 258, 262, 262, 262, 261,
    258, 258, 259, 259, 261, 258, 262, 260, 259, 261, 261, 260, 261, 260,
    251, 232, 205, 180, 154, 132, 127, 108, 94, 86, 89, 92, 91, 89, 86,
    81, 81, 79, 82, 87, 86, 82, 81, 79, 74, 74, 77, 80, 84, 83, 92, 88,
    84, 86, 83, 84, 82, 89, 90, 92, 93, 91, 87, 82, 83, 81, 87, 89, 92,
    92, 90, 90, 88, 88, 93, 112, 132, 159, 182, 206, 220, 224, 234, 243,
    251, 250 ]
