%YAML:1.0
---
videoName: "RHShake15.mp4"
gestureLabel: 2
fps: 29
pixelSizeInCmTemp: 3.2808219178082193e-01
faceCenterPointX: 279
faceCenterPointY: 41
LHandPositionsX: [ 369, 369, 372, 372, 371, 369, 372, 372, 371, 372, 370,
    369, 371, 368, 368, 369, 371, 371, 369, 370, 369, 371, 371, 369, 369,
    368, 370, 372, 370, 369, 368, 371, 370, 370, 371, 372, 369, 370, 370,
    372, 370, 372, 369, 369, 372, 370, 368, 369, 372, 368, 371, 369, 370,
    370, 372, 368, 368, 369, 369, 371, 368, 372, 368, 371, 370, 372, 369,
    368, 371, 370, 370, 370, 371, 371, 370, 369, 368, 372, 368, 369, 372,
    371, 372, 371, 369, 372, 368, 371 ]
LHandPositionsY: [ 233, 232, 236, 235, 232, 235, 235, 234, 235, 235, 235,
    235, 235, 233, 234, 232, 232, 233, 234, 235, 234, 234, 236, 235, 234,
    235, 232, 233, 235, 232, 234, 235, 236, 233, 233, 234, 236, 232, 235,
    235, 235, 232, 234, 232, 233, 231, 234, 233, 233, 231, 234, 233, 235,
    233, 234, 235, 232, 231, 233, 234, 231, 234, 233, 234, 234, 233, 231,
    233, 232, 234, 234, 233, 232, 232, 235, 235, 233, 232, 235, 233, 235,
    231, 231, 232, 235, 232, 232, 233 ]
RHandPositionsX: [ 135, 123, 111, 112, 111, 111, 109, 106, 107, 111, 110,
    114, 112, 111, 111, 113, 112, 110, 106, 108, 112, 119, 114, 111, 109,
    107, 110, 111, 107, 109, 113, 117, 116, 113, 114, 112, 108, 112, 111,
    117, 110, 113, 118, 117, 122, 120, 122, 122, 123, 122, 120, 123, 127,
    129, 126, 126, 128, 128, 124, 120, 120, 125, 131, 134, 139, 144, 140,
    136, 137, 142, 145, 147, 153, 155, 155, 155, 156, 156, 157, 161, 159,
    161, 159, 157, 160, 161, 157, 157 ]
RHandPositionsY: [ 191, 173, 155, 144, 144, 139, 134, 125, 120, 116, 111,
    107, 103, 101, 99, 98, 94, 92, 95, 94, 96, 90, 91, 92, 95, 95, 93,
    93, 93, 96, 99, 103, 104, 104, 102, 101, 100, 101, 103, 105, 105,
    105, 112, 111, 110, 105, 104, 107, 103, 102, 107, 109, 111, 111, 115,
    113, 110, 111, 110, 110, 110, 121, 127, 136, 150, 166, 172, 181, 194,
    203, 210, 220, 231, 234, 240, 241, 248, 248, 247, 249, 248, 249, 245,
    249, 249, 245, 246, 246 ]
