%YAML:1.0
---
videoName: "RHShake12.mp4"
gestureLabel: 2
fps: 29
pixelSizeInCmTemp: 3.3732394366197183e-01
faceCenterPointX: 299
faceCenterPointY: 45
LHandPositionsX: [ 408, 408, 407, 406, 408, 406, 408, 407, 407, 408, 407,
    406, 407, 405, 408, 405, 408, 407, 404, 406, 407, 407, 406, 407, 404,
    408, 406, 404, 404, 407, 408, 407, 404, 408, 404, 405, 407, 406, 408,
    404, 408, 408, 406, 404, 404, 404, 407, 408, 405, 407, 405, 406, 405,
    405, 408, 405, 408, 404, 408, 406, 408, 407, 408, 408, 406, 405, 408,
    406, 404, 406, 405, 404, 407, 407, 406, 404, 405, 404, 407, 405, 404,
    405, 404, 404, 406, 408, 404, 405 ]
LHandPositionsY: [ 239, 243, 242, 240, 243, 243, 240, 240, 240, 239, 240,
    240, 241, 241, 241, 241, 242, 243, 241, 242, 241, 240, 241, 243, 242,
    240, 243, 240, 241, 241, 240, 240, 239, 243, 243, 242, 239, 240, 241,
    240, 241, 243, 241, 243, 241, 243, 241, 242, 242, 243, 239, 241, 240,
    242, 239, 240, 242, 243, 240, 242, 240, 240, 241, 239, 239, 241, 241,
    242, 241, 239, 243, 243, 240, 241, 241, 241, 239, 239, 242, 242, 239,
    243, 240, 239, 241, 239, 239, 239 ]
RHandPositionsX: [ 171, 168, 160, 161, 163, 173, 183, 190, 191, 197, 195,
    183, 179, 174, 172, 170, 173, 179, 187, 186, 189, 182, 179, 175, 170,
    168, 170, 173, 187, 194, 190, 189, 182, 178, 174, 175, 171, 174, 180,
    193, 198, 192, 185, 178, 173, 175, 172, 173, 179, 193, 192, 194, 197,
    189, 186, 180, 177, 176, 171, 175, 182, 191, 198, 199, 204, 201, 193,
    191, 186, 187, 185, 183, 188, 192, 200, 198, 200, 200, 201, 202, 201,
    200, 197, 196, 199, 197, 202, 200 ]
RHandPositionsY: [ 138, 126, 121, 110, 108, 91, 96, 104, 106, 110, 100,
    93, 93, 91, 87, 83, 81, 89, 102, 104, 108, 96, 89, 87, 86, 86, 83,
    91, 103, 110, 113, 109, 98, 98, 92, 95, 91, 86, 96, 110, 115, 115,
    104, 97, 94, 93, 92, 89, 94, 109, 111, 113, 113, 100, 93, 89, 88, 92,
    87, 87, 95, 110, 121, 119, 119, 118, 113, 107, 114, 115, 116, 125,
    134, 147, 162, 165, 168, 175, 184, 197, 200, 209, 213, 219, 222, 228,
    228, 232 ]
