%YAML:1.0
---
videoName: "RHShake13.mp4"
gestureLabel: 2
fps: 30
pixelSizeInCmTemp: 3.2808219178082193e-01
faceCenterPointX: 278
faceCenterPointY: 45
LHandPositionsX: [ 309, 306, 307, 305, 306, 309, 307, 305, 305, 306, 306,
    305, 306, 309, 309, 308, 305, 307, 309, 307, 307, 306, 307, 305, 308,
    308, 305, 305, 305, 306, 306, 309, 307, 307, 308, 307, 305, 308, 307,
    306, 307, 309, 306, 309, 306, 306, 305, 309, 309, 309, 307, 308, 305,
    306, 308, 308, 309, 306, 308, 308, 306, 305, 309, 307, 305, 309, 305,
    306, 307, 305, 305, 308, 309, 306, 310, 307, 310, 307, 306, 306, 301,
    302, 304, 305, 305, 304, 306, 304, 307, 305, 303 ]
LHandPositionsY: [ 246, 246, 244, 242, 242, 245, 242, 242, 242, 241, 241,
    241, 245, 241, 244, 243, 244, 240, 243, 241, 241, 240, 243, 241, 241,
    241, 239, 240, 239, 243, 243, 239, 239, 240, 242, 241, 240, 238, 242,
    241, 241, 241, 241, 240, 239, 239, 240, 242, 239, 238, 240, 242, 239,
    239, 240, 241, 239, 242, 239, 242, 240, 238, 240, 238, 238, 239, 238,
    241, 238, 242, 240, 239, 241, 238, 239, 236, 234, 232, 235, 234, 233,
    233, 236, 240, 240, 242, 244, 245, 246, 245, 247 ]
RHandPositionsX: [ 167, 152, 137, 142, 140, 139, 145, 143, 147, 148, 147,
    146, 140, 135, 136, 139, 142, 140, 145, 144, 135, 130, 133, 132, 129,
    133, 136, 139, 141, 135, 137, 132, 131, 130, 129, 132, 137, 137, 138,
    135, 134, 132, 134, 135, 140, 149, 151, 148, 146, 145, 143, 137, 134,
    140, 139, 142, 142, 140, 144, 137, 134, 130, 129, 133, 138, 142, 145,
    144, 156, 160, 171, 178, 191, 200, 213, 226, 237, 244, 255, 250, 250,
    251, 259, 261, 258, 257, 261, 259, 261, 260, 258 ]
RHandPositionsY: [ 157, 138, 122, 118, 113, 111, 103, 100, 99, 95, 90,
    89, 89, 86, 85, 89, 87, 88, 87, 86, 88, 88, 85, 85, 85, 86, 87, 88,
    90, 91, 89, 87, 90, 87, 89, 90, 90, 94, 93, 93, 92, 90, 90, 88, 89,
    95, 96, 95, 96, 94, 91, 94, 93, 92, 94, 98, 97, 101, 101, 97, 98, 96,
    95, 97, 99, 104, 110, 112, 119, 126, 138, 147, 156, 163, 178, 186,
    197, 207, 215, 213, 219, 219, 228, 235, 237, 235, 240, 238, 237, 240,
    242 ]
