%YAML:1.0
---
videoName: "RHShake23.mp4"
gestureLabel: 2
fps: 29
pixelSizeInCmTemp: 3.3263888888888887e-01
faceCenterPointX: 298
faceCenterPointY: 49
LHandPositionsX: [ 390, 388, 391, 391, 388, 389, 388, 388, 390, 390, 387,
    388, 388, 388, 390, 387, 389, 389, 387, 391, 390, 387, 389, 389, 387,
    387, 388, 388, 387, 391, 387, 389, 389, 388, 389, 388, 389, 389, 387,
    389, 389, 387, 388, 388, 388, 389, 389, 391, 390, 391, 388, 391, 388,
    391, 387, 389, 391, 391, 388, 391, 389, 391, 389, 391, 388, 389, 389,
    388, 388, 387, 389, 390, 391, 388, 390, 389, 391, 388, 387, 387, 391,
    390, 387, 387, 391, 390, 387, 389 ]
LHandPositionsY: [ 225, 225, 228, 227, 228, 225, 224, 226, 224, 224, 227,
    225, 225, 226, 225, 228, 228, 226, 226, 228, 225, 225, 225, 228, 226,
    227, 227, 228, 224, 226, 224, 224, 225, 227, 227, 227, 224, 228, 228,
    228, 227, 228, 224, 225, 227, 225, 225, 228, 228, 224, 226, 226, 225,
    224, 226, 226, 226, 225, 225, 227, 227, 224, 224, 224, 226, 224, 227,
    225, 226, 226, 227, 228, 226, 228, 227, 226, 228, 226, 226, 224, 225,
    228, 227, 225, 226, 226, 228, 224 ]
RHandPositionsX: [ 170, 169, 178, 189, 191, 189, 196, 191, 181, 179, 174,
    173, 175, 180, 186, 199, 197, 200, 199, 195, 185, 180, 178, 176, 170,
    171, 170, 179, 194, 203, 198, 199, 202, 195, 190, 187, 183, 182, 179,
    182, 185, 201, 203, 203, 204, 204, 196, 191, 183, 177, 174, 179, 181,
    186, 195, 200, 204, 211, 211, 212, 212, 209, 208, 209, 212, 209, 208,
    207, 206, 206, 206, 204, 204, 203, 202, 201, 203, 203, 201, 200, 200,
    200, 200, 202, 201, 200, 197, 198 ]
RHandPositionsY: [ 98, 93, 98, 113, 116, 115, 122, 110, 105, 103, 99, 98,
    100, 104, 113, 122, 124, 124, 124, 110, 100, 103, 102, 101, 100, 96,
    97, 97, 115, 123, 124, 122, 123, 107, 106, 106, 103, 101, 99, 100,
    116, 120, 120, 123, 128, 127, 122, 109, 105, 104, 102, 100, 103, 115,
    128, 134, 140, 150, 150, 155, 161, 164, 172, 184, 191, 199, 208, 213,
    215, 216, 219, 221, 221, 224, 227, 229, 227, 228, 226, 228, 226, 225,
    224, 226, 226, 228, 227, 227 ]
