%YAML:1.0
---
videoName: "RHShake15.mp4"
gestureLabel: 2
fps: 29
pixelSizeInCmTemp: 3.2808219178082193e-01
faceCenterPointX: 279
faceCenterPointY: 41
LHandPositionsX: [ 368, 371, 371, 372, 371, 368, 369, 369, 368, 370, 368,
    370, 371, 368, 372, 371, 371, 368, 368, 368, 369, 371, 368, 371, 372,
    370, 368, 370, 372, 372, 369, 372, 370, 372, 368, 368, 372, 370, 371,
    372, 369, 370, 371, 368, 371, 368, 368, 369, 369, 368, 369, 369, 370,
    370, 371, 368, 372, 368, 372, 368, 369, 371, 368, 371, 368, 371, 368,
    370, 371, 370, 372, 370, 371, 370, 369, 368, 370, 372, 370, 370, 370,
    371, 371, 371, 372, 370, 372, 369 ]
LHandPositionsY: [ 233, 232, 235, 234, 235, 234, 236, 234, 236, 233, 236,
    236, 235, 235, 232, 235, 234, 233, 234, 235, 232, 234, 235, 235, 233,
    235, 236, 232, 234, 235, 233, 236, 236, 236, 232, 233, 235, 235, 232,
    234, 236, 236, 232, 234, 234, 231, 231, 232, 232, 232, 231, 235, 233,
    233, 231, 231, 235, 234, 234, 234, 234, 232, 233, 233, 235, 231, 234,
    232, 232, 232, 234, 232, 233, 234, 235, 234, 232, 232, 231, 234, 232,
    234, 231, 232, 235, 234, 231, 233 ]
RHandPositionsX: [ 138, 124, 112, 109, 112, 112, 110, 104, 107, 112, 110,
    116, 115, 114, 110, 110, 112, 107, 106, 107, 113, 115, 116, 114, 112,
    108, 108, 111, 109, 107, 115, 117, 118, 117, 112, 113, 107, 112, 110,
    114, 111, 110, 118, 114, 123, 123, 118, 125, 124, 118, 116, 121, 126,
    125, 126, 126, 125, 126, 120, 120, 119, 125, 127, 132, 141, 142, 141,
    137, 137, 141, 143, 147, 151, 153, 159, 157, 157, 159, 157, 160, 157,
    161, 161, 158, 157, 160, 159, 158 ]
RHandPositionsY: [ 192, 172, 154, 147, 146, 140, 132, 129, 119, 117, 111,
    107, 101, 100, 96, 98, 95, 94, 93, 91, 93, 90, 92, 91, 94, 95, 93,
    92, 96, 95, 98, 105, 105, 101, 104, 103, 100, 103, 104, 106, 106,
    107, 112, 110, 107, 105, 104, 106, 106, 105, 103, 108, 109, 114, 119,
    113, 112, 113, 109, 109, 114, 120, 124, 138, 150, 163, 170, 182, 193,
    203, 207, 221, 229, 238, 242, 238, 246, 244, 245, 248, 248, 247, 247,
    248, 248, 245, 249, 245 ]
