%YAML:1.0
---
videoName: "RHShake03.mp4"
gestureLabel: 2
fps: 29
pixelSizeInCmTemp: 3.1103896103896100e-01
faceCenterPointX: 294
faceCenterPointY: 48
LHandPositionsX: [ 411, 411, 409, 412, 408, 412, 410, 408, 409, 410, 412,
    409, 411, 411, 412, 410, 408, 410, 411, 411, 410, 408, 409, 410, 412,
    409, 412, 411, 411, 411, 408, 411, 409, 408, 408, 412, 411, 409, 411,
    410, 412, 412, 410, 409, 411, 408, 408, 410, 411, 408, 410, 409, 412,
    412, 409, 409, 410, 409, 412, 409, 410, 408, 408, 409, 412, 409, 410,
    412, 409, 412, 407, 408, 408, 410, 410, 409, 407, 408, 407, 407, 411,
    410, 407, 408, 408, 411, 409, 409 ]
LHandPositionsY: [ 262, 264, 262, 261, 262, 264, 263, 260, 262, 260, 264,
    262, 262, 264, 261, 263, 264, 262, 263, 262, 260, 264, 262, 260, 264,
    263, 260, 264, 262, 260, 264, 263, 261, 261, 260, 263, 261, 261, 263,
    260, 263, 262, 264, 263, 262, 263, 261, 260, 261, 263, 262, 262, 261,
    261, 261, 262, 263, 263, 260, 263, 260, 262, 262, 263, 261, 264, 262,
    262, 262, 260, 264, 262, 263, 261, 260, 262, 263, 263, 260, 262, 260,
    263, 262, 264, 260, 264, 264, 262 ]
RHandPositionsX: [ 178, 181, 178, 180, 179, 177, 178, 177, 176, 176, 177,
    173, 176, 176, 176, 172, 173, 173, 175, 173, 173, 172, 173, 172, 174,
    171, 172, 175, 174, 174, 174, 170, 172, 174, 163, 156, 150, 149, 153,
    153, 156, 165, 177, 185, 193, 190, 182, 178, 173, 172, 172, 180, 179,
    183, 181, 176, 172, 172, 166, 171, 180, 188, 201, 207, 200, 190, 187,
    189, 184, 184, 185, 192, 200, 210, 210, 210, 198, 195, 191, 184, 182,
    181, 183, 180, 180, 179, 179, 182 ]
RHandPositionsY: [ 259, 261, 259, 260, 260, 262, 260, 262, 262, 258, 261,
    262, 261, 261, 259, 258, 259, 262, 258, 258, 261, 259, 258, 260, 260,
    260, 258, 260, 259, 263, 267, 266, 258, 240, 220, 197, 179, 158, 144,
    126, 123, 120, 117, 120, 111, 105, 101, 101, 97, 102, 100, 103, 104,
    105, 103, 101, 100, 99, 97, 95, 100, 110, 112, 110, 111, 109, 103,
    105, 101, 98, 105, 118, 126, 141, 158, 177, 201, 207, 215, 239, 239,
    246, 244, 251, 253, 253, 250, 253 ]
