%YAML:1.0
---
videoName: "RHShake00.mp4"
gestureLabel: 2
fps: 29
pixelSizeInCmTemp: 3.4710144927536229e-01
faceCenterPointX: 283
faceCenterPointY: 97
LHandPositionsX: [ 345, 345, 346, 343, 346, 345, 345, 342, 344, 345, 345,
    342, 345, 343, 344, 343, 346, 344, 342, 344, 345, 343, 345, 342, 346,
    345, 343, 346, 343, 343, 344, 346, 342, 342, 345, 344, 342, 343, 342,
    346, 343, 344, 342, 343, 345, 342, 345, 343, 346, 344, 343, 345, 346,
    345, 345, 343, 343, 342, 346, 342, 345, 346, 343, 345, 343, 346, 344,
    342, 346, 342, 346, 346, 345, 345, 344, 345, 342, 342, 345, 345, 344,
    346, 345, 344, 343, 342, 346, 346 ]
LHandPositionsY: [ 275, 275, 275, 276, 276, 276, 273, 275, 272, 273, 272,
    272, 273, 273, 276, 275, 275, 276, 272, 276, 275, 275, 274, 274, 272,
    275, 274, 275, 275, 273, 272, 276, 272, 274, 272, 272, 276, 276, 275,
    274, 276, 275, 275, 275, 275, 273, 272, 273, 273, 274, 275, 272, 273,
    272, 273, 276, 276, 276, 274, 276, 276, 275, 274, 275, 274, 275, 272,
    273, 273, 274, 274, 273, 274, 272, 276, 274, 276, 273, 273, 276, 275,
    275, 273, 272, 274, 275, 275, 275 ]
RHandPositionsX: [ 180, 172, 168, 153, 151, 144, 148, 144, 144, 141, 143,
    149, 153, 166, 168, 164, 167, 168, 163, 161, 155, 153, 146, 149, 154,
    165, 163, 166, 165, 165, 157, 149, 149, 148, 149, 155, 164, 164, 162,
    165, 162, 156, 150, 143, 139, 144, 148, 150, 156, 156, 160, 160, 158,
    149, 145, 144, 142, 149, 156, 160, 160, 164, 169, 161, 159, 151, 144,
    141, 144, 145, 150, 151, 157, 158, 164, 165, 168, 172, 177, 181, 183,
    185, 190, 192, 192, 194, 196, 199 ]
RHandPositionsY: [ 256, 253, 241, 220, 204, 189, 177, 166, 160, 150, 143,
    134, 133, 136, 140, 140, 132, 131, 125, 124, 120, 120, 120, 121, 126,
    132, 136, 135, 135, 132, 129, 124, 128, 123, 132, 137, 139, 142, 141,
    136, 139, 137, 134, 129, 131, 132, 131, 134, 140, 140, 136, 141, 136,
    131, 129, 132, 132, 132, 141, 143, 146, 144, 149, 146, 142, 136, 137,
    135, 139, 148, 156, 160, 167, 173, 184, 191, 199, 208, 216, 220, 228,
    235, 242, 246, 252, 260, 263, 263 ]
