%YAML:1.0
---
videoName: "RHShake15.mp4"
gestureLabel: 2
fps: 29
pixelSizeInCmTemp: 3.2808219178082193e-01
faceCenterPointX: 279
faceCenterPointY: 41
LHandPositionsX: [ 372, 369, 371, 370, 372, 369, 372, 370, 371, 368, 370,
    370, 372, 371, 372, 370, 370, 370, 372, 369, 368, 368, 370, 368, 372,
    372, 371, 371, 371, 370, 368, 372, 370, 368, 371, 370, 372, 369, 369,
    372, 368, 371, 368, 371, 371, 369, 370, 371, 370, 370, 372, 368, 369,
    368, 370, 370, 368, 368, 371, 371, 372, 368, 369, 368, 369, 369, 369,
    370, 371, 369, 372, 372, 371, 370, 368, 372, 368, 371, 370, 370, 368,
    369, 372, 371, 369, 372, 369, 370 ]
LHandPositionsY: [ 234, 234, 234, 232, 235, 233, 235, 235, 234, 233, 236,
    236, 233, 233, 232, 235, 233, 235, 232, 232, 236, 236, 235, 232, 234,
    232, 235, 234, 232, 233, 233, 234, 235, 233, 232, 236, 233, 235, 234,
    236, 233, 232, 235, 235, 231, 235, 235, 233, 234, 235, 231, 234, 232,
    234, 233, 235, 232, 235, 231, 232, 233, 232, 235, 235, 235, 235, 233,
    231, 234, 231, 231, 232, 234, 235, 235, 233, 235, 234, 232, 233, 234,
    232, 233, 233, 233, 233, 233, 231 ]
RHandPositionsX: [ 135, 124, 114, 109, 111, 112, 110, 106, 105, 112, 114,
    118, 113, 114, 109, 114, 111, 107, 105, 108, 113, 115, 117, 115, 109,
    106, 109, 109, 107, 106, 116, 115, 114, 113, 114, 111, 108, 110, 112,
    115, 110, 109, 118, 117, 120, 119, 121, 126, 121, 121, 118, 120, 123,
    126, 123, 128, 126, 127, 123, 119, 119, 122, 129, 135, 140, 142, 137,
    140, 138, 142, 144, 150, 152, 153, 155, 156, 158, 156, 159, 162, 161,
    161, 161, 158, 161, 160, 159, 160 ]
RHandPositionsY: [ 191, 174, 155, 146, 144, 139, 131, 127, 121, 117, 110,
    105, 101, 101, 97, 96, 96, 95, 92, 93, 93, 93, 93, 95, 95, 92, 92,
    96, 92, 96, 98, 106, 103, 104, 102, 103, 103, 103, 102, 102, 105,
    105, 111, 113, 107, 104, 102, 106, 106, 106, 107, 109, 109, 112, 115,
    112, 112, 110, 109, 113, 111, 118, 125, 137, 149, 162, 172, 179, 190,
    203, 209, 222, 230, 238, 242, 241, 245, 246, 245, 245, 246, 249, 248,
    249, 246, 247, 245, 248 ]
