%YAML:1.0
---
videoName: "RHShake09.mp4"
gestureLabel: 2
fps: 29
pixelSizeInCmTemp: 3.1103896103896100e-01
faceCenterPointX: 296
faceCenterPointY: 48
LHandPositionsX: [ 324, 327, 324, 324, 326, 325, 322, 320, 318, 315, 317,
    317, 316, 310, 312, 309, 312, 309, 310, 308, 307, 309, 307, 305, 305,
    309, 306, 308, 304, 308, 308, 308, 310, 310, 308, 311, 309, 308, 308,
    309, 311, 310, 308, 308, 312, 311, 310, 314, 311, 314, 310, 313, 313,
    314, 312, 316, 316, 314, 313, 317, 314, 315, 313, 313, 313, 314, 318,
    314, 315, 316, 315, 316, 316, 315, 315, 313, 314, 316, 314, 314, 315,
    317, 318, 318, 317, 316, 315, 316 ]
LHandPositionsY: [ 269, 267, 269, 270, 269, 270, 272, 273, 270, 274, 271,
    274, 275, 274, 272, 274, 276, 275, 273, 272, 275, 276, 272, 276, 276,
    272, 273, 276, 276, 273, 277, 275, 274, 277, 275, 276, 276, 277, 276,
    277, 277, 275, 275, 273, 275, 277, 274, 274, 277, 275, 276, 275, 275,
    275, 273, 275, 273, 277, 276, 272, 272, 272, 273, 276, 276, 276, 273,
    274, 274, 274, 275, 274, 276, 273, 273, 273, 276, 276, 272, 275, 274,
    272, 274, 274, 272, 272, 272, 271 ]
RHandPositionsX: [ 262, 264, 263, 262, 264, 264, 264, 265, 264, 262, 260,
    262, 257, 258, 258, 259, 257, 260, 259, 256, 255, 257, 256, 258, 256,
    254, 254, 253, 254, 257, 264, 261, 253, 243, 224, 204, 188, 176, 171,
    173, 174, 174, 179, 186, 187, 187, 183, 181, 180, 177, 189, 189, 187,
    201, 195, 185, 182, 176, 181, 184, 184, 186, 194, 190, 186, 180, 177,
    171, 171, 179, 184, 189, 187, 183, 180, 178, 182, 180, 182, 193, 190,
    190, 198, 200, 207, 217, 227, 236 ]
RHandPositionsY: [ 263, 262, 266, 264, 265, 268, 266, 264, 266, 265, 266,
    265, 268, 266, 267, 268, 266, 265, 268, 265, 267, 267, 268, 269, 269,
    267, 266, 269, 269, 269, 266, 259, 244, 230, 213, 199, 176, 158, 139,
    134, 117, 110, 108, 110, 110, 102, 101, 89, 90, 90, 89, 95, 98, 96,
    94, 93, 90, 87, 85, 87, 92, 95, 96, 94, 89, 85, 87, 86, 89, 94, 99,
    95, 97, 92, 92, 90, 90, 94, 96, 104, 106, 106, 124, 134, 145, 155,
    169, 185 ]
