%YAML:1.0
---
videoName: "RHShake09.mp4"
gestureLabel: 2
fps: 29
pixelSizeInCmTemp: 3.1103896103896100e-01
faceCenterPointX: 296
faceCenterPointY: 48
LHandPositionsX: [ 326, 325, 322, 322, 325, 325, 325, 324, 317, 317, 318,
    317, 314, 314, 311, 313, 313, 310, 311, 308, 310, 308, 309, 309, 307,
    306, 304, 308, 306, 306, 305, 309, 307, 309, 309, 311, 310, 307, 307,
    311, 311, 311, 307, 310, 312, 311, 313, 310, 314, 314, 313, 315, 313,
    315, 313, 314, 313, 313, 314, 316, 313, 315, 317, 313, 317, 317, 316,
    316, 315, 314, 316, 314, 317, 318, 313, 317, 317, 317, 316, 315, 316,
    314, 314, 314, 314, 317, 315, 317 ]
LHandPositionsY: [ 266, 265, 267, 267, 268, 271, 269, 269, 273, 272, 271,
    271, 273, 272, 274, 275, 275, 276, 276, 275, 272, 273, 276, 276, 272,
    275, 274, 276, 273, 277, 277, 277, 277, 277, 276, 273, 275, 277, 276,
    274, 275, 274, 277, 274, 274, 274, 274, 275, 276, 276, 273, 276, 274,
    276, 272, 275, 276, 276, 273, 274, 276, 276, 273, 273, 275, 276, 276,
    272, 272, 273, 272, 276, 272, 275, 272, 274, 275, 275, 273, 276, 272,
    273, 274, 275, 274, 276, 275, 275 ]
RHandPositionsX: [ 266, 265, 265, 262, 263, 265, 262, 265, 262, 260, 263,
    259, 260, 258, 257, 257, 259, 260, 258, 259, 257, 255, 256, 255, 254,
    257, 254, 256, 253, 255, 266, 263, 255, 244, 225, 202, 188, 179, 169,
    171, 175, 172, 179, 186, 187, 186, 184, 178, 178, 175, 185, 191, 187,
    202, 192, 187, 180, 177, 179, 184, 183, 185, 193, 189, 186, 184, 174,
    175, 174, 179, 183, 187, 186, 181, 180, 181, 181, 180, 184, 191, 191,
    191, 199, 204, 207, 216, 225, 238 ]
RHandPositionsY: [ 261, 262, 263, 262, 266, 264, 264, 266, 268, 269, 266,
    269, 268, 266, 266, 265, 269, 266, 269, 268, 267, 268, 266, 267, 267,
    265, 267, 269, 268, 268, 270, 259, 244, 229, 213, 197, 178, 156, 139,
    135, 117, 107, 108, 109, 111, 102, 101, 88, 89, 90, 87, 97, 95, 96,
    94, 91, 88, 87, 87, 87, 93, 97, 99, 95, 90, 85, 85, 88, 88, 94, 99,
    99, 93, 95, 91, 90, 87, 94, 99, 103, 105, 110, 124, 132, 143, 155,
    169, 184 ]
