%YAML:1.0
---
videoName: "RHShake03.mp4"
gestureLabel: 2
fps: 29
pixelSizeInCmTemp: 3.1103896103896100e-01
faceCenterPointX: 294
faceCenterPointY: 48
LHandPositionsX: [ 411, 412, 410, 408, 409, 412, 409, 412, 408, 411, 408,
    412, 408, 412, 412, 410, 410, 410, 411, 409, 410, 411, 411, 411, 408,
    409, 410, 412, 410, 408, 410, 412, 409, 411, 411, 408, 410, 412, 408,
    409, 412, 409, 408, 408, 410, 409, 411, 412, 409, 412, 411, 409, 410,
    411, 408, 412, 409, 411, 412, 408, 410, 410, 409, 409, 412, 409, 409,
    410, 412, 412, 407, 408, 408, 410, 409, 410, 410, 410, 408, 409, 408,
    407, 408, 409, 409, 408, 408, 407 ]
LHandPositionsY: [ 262, 262, 264, 260, 261, 263, 263, 264, 260, 260, 264,
    262, 261, 264, 262, 262, 262, 263, 264, 263, 263, 263, 263, 262, 260,
    260, 263, 263, 260, 260, 263, 264, 264, 263, 264, 264, 262, 263, 260,
    261, 260, 263, 260, 263, 261, 261, 264, 262, 262, 263, 261, 262, 264,
    263, 260, 260, 261, 264, 262, 261, 263, 260, 261, 260, 262, 263, 263,
    264, 260, 264, 262, 264, 260, 261, 263, 264, 264, 262, 264, 260, 263,
    261, 264, 262, 264, 261, 260, 262 ]
RHandPositionsX: [ 178, 181, 179, 177, 175, 175, 177, 176, 175, 174, 173,
    175, 176, 174, 175, 175, 171, 172, 174, 171, 175, 172, 172, 171, 174,
    174, 174, 173, 173, 174, 174, 170, 173, 174, 163, 157, 151, 149, 151,
    152, 156, 163, 178, 183, 189, 191, 183, 175, 174, 174, 171, 181, 182,
    181, 182, 174, 174, 172, 166, 175, 179, 185, 199, 206, 200, 191, 187,
    187, 182, 184, 186, 194, 203, 210, 210, 207, 197, 196, 192, 181, 184,
    185, 181, 181, 183, 181, 180, 180 ]
RHandPositionsY: [ 258, 262, 258, 262, 258, 259, 263, 258, 261, 260, 262,
    262, 259, 262, 259, 258, 261, 259, 258, 259, 262, 258, 262, 260, 259,
    261, 261, 258, 258, 261, 266, 267, 256, 238, 218, 196, 178, 156, 144,
    126, 121, 118, 119, 119, 111, 106, 102, 100, 99, 98, 101, 104, 107,
    104, 103, 103, 102, 101, 94, 97, 100, 108, 109, 112, 111, 106, 106,
    106, 98, 102, 106, 116, 127, 143, 159, 178, 202, 210, 215, 240, 243,
    246, 245, 252, 253, 252, 253, 251 ]
