%YAML:1.0
---
videoName: "RHShake06.mp4"
gestureLabel: 2
fps: 30
pixelSizeInCmTemp: 3.2808219178082193e-01
faceCenterPointX: 293
faceCenterPointY: 43
LHandPositionsX: [ 310, 309, 310, 307, 309, 308, 306, 306, 306, 309, 308,
    308, 309, 309, 307, 308, 312, 312, 312, 319, 321, 322, 322, 322, 319,
    319, 323, 320, 320, 323, 322, 319, 322, 324, 326, 325, 325, 325, 323,
    322, 326, 325, 326, 325, 326, 325, 326, 325, 326, 322, 323, 326, 325,
    326, 323, 323, 325, 322, 326, 326, 323, 324, 323, 325, 325, 322, 324,
    322, 324, 325, 324, 323, 325, 322, 326, 322, 324, 323, 323, 325, 322,
    325, 325, 317, 316, 317, 313, 312, 312, 310, 313 ]
LHandPositionsY: [ 270, 269, 269, 266, 270, 269, 267, 268, 266, 266, 267,
    266, 270, 268, 266, 267, 268, 269, 267, 266, 263, 261, 264, 262, 261,
    261, 261, 259, 261, 262, 258, 261, 262, 259, 260, 261, 261, 262, 261,
    261, 259, 259, 261, 258, 261, 261, 258, 260, 261, 258, 259, 258, 262,
    262, 261, 262, 258, 258, 261, 262, 262, 258, 260, 260, 262, 260, 262,
    260, 258, 262, 262, 260, 262, 258, 261, 258, 260, 262, 260, 260, 259,
    260, 262, 264, 263, 266, 265, 266, 266, 263, 264 ]
RHandPositionsX: [ 288, 289, 288, 286, 286, 287, 286, 286, 284, 288, 285,
    286, 286, 288, 285, 285, 286, 283, 278, 266, 242, 225, 202, 181, 159,
    145, 139, 132, 139, 137, 141, 148, 162, 166, 161, 163, 162, 159, 158,
    156, 159, 169, 184, 188, 188, 185, 180, 172, 167, 172, 167, 166, 172,
    181, 184, 185, 180, 187, 178, 173, 169, 165, 165, 181, 178, 177, 173,
    171, 163, 159, 165, 165, 173, 179, 190, 194, 211, 224, 231, 239, 248,
    255, 253, 248, 249, 254, 253, 254, 254, 253, 257 ]
RHandPositionsY: [ 270, 267, 268, 267, 267, 266, 270, 266, 269, 270, 268,
    267, 266, 270, 268, 269, 271, 267, 266, 260, 246, 232, 218, 200, 182,
    161, 139, 125, 113, 107, 113, 119, 130, 116, 111, 102, 99, 90, 89,
    90, 90, 96, 97, 99, 100, 97, 96, 93, 89, 89, 86, 90, 92, 102, 101,
    98, 95, 99, 94, 92, 90, 89, 93, 100, 101, 102, 104, 101, 104, 104,
    114, 130, 146, 163, 178, 183, 193, 203, 217, 225, 230, 238, 237, 237,
    239, 243, 242, 244, 245, 244, 242 ]
