%YAML:1.0
---
videoName: "RHShake05.mp4"
gestureLabel: 2
fps: 30
pixelSizeInCmTemp: 3.1103896103896100e-01
faceCenterPointX: 295
faceCenterPointY: 47
LHandPositionsX: [ 409, 410, 409, 408, 412, 410, 408, 411, 411, 408, 412,
    412, 412, 411, 411, 409, 409, 411, 408, 410, 412, 412, 408, 409, 409,
    410, 411, 409, 409, 412, 411, 408, 408, 410, 412, 409, 412, 408, 410,
    412, 408, 412, 408, 412, 409, 412, 412, 411, 412, 411, 411, 408, 411,
    408, 408, 409, 409, 408, 410, 408, 411, 411, 412, 409, 408, 409, 412,
    412, 411, 408, 409, 412, 411, 412, 410, 409, 410, 409, 408, 409, 409,
    410, 411, 408, 410, 410, 412, 412, 410, 409, 410 ]
LHandPositionsY: [ 257, 261, 258, 257, 257, 259, 261, 258, 259, 259, 258,
    261, 257, 257, 260, 258, 259, 261, 257, 260, 258, 258, 260, 259, 258,
    259, 259, 260, 258, 257, 259, 259, 259, 259, 259, 259, 260, 257, 258,
    260, 258, 260, 260, 257, 259, 261, 257, 258, 261, 260, 258, 257, 257,
    261, 259, 257, 257, 261, 260, 257, 257, 259, 261, 260, 261, 258, 259,
    258, 259, 259, 259, 260, 259, 257, 259, 259, 261, 259, 261, 260, 258,
    258, 259, 260, 260, 260, 260, 258, 257, 258, 260 ]
RHandPositionsX: [ 177, 177, 176, 174, 177, 176, 173, 177, 175, 176, 174,
    172, 174, 172, 172, 175, 173, 172, 173, 174, 174, 172, 170, 176, 176,
    179, 183, 178, 171, 164, 148, 158, 156, 159, 165, 176, 189, 200, 189,
    180, 175, 172, 170, 167, 175, 179, 188, 184, 175, 174, 171, 168, 171,
    173, 178, 192, 182, 179, 171, 171, 166, 168, 174, 188, 191, 191, 185,
    181, 180, 179, 182, 179, 190, 191, 195, 192, 180, 175, 173, 171, 171,
    174, 182, 185, 190, 188, 184, 180, 176, 177, 179 ]
RHandPositionsY: [ 258, 262, 261, 262, 260, 262, 261, 259, 261, 258, 261,
    258, 261, 262, 260, 262, 261, 259, 262, 260, 259, 261, 263, 259, 257,
    253, 232, 207, 180, 157, 132, 130, 107, 91, 88, 89, 96, 95, 87, 83,
    81, 78, 80, 82, 86, 86, 84, 83, 78, 76, 72, 74, 78, 86, 86, 92, 88,
    87, 86, 80, 83, 84, 86, 90, 94, 90, 87, 86, 84, 83, 85, 85, 88, 91,
    94, 91, 90, 87, 88, 95, 111, 131, 155, 182, 203, 223, 227, 234, 241,
    251, 246 ]
