%YAML:1.0
---
videoName: "RHShake03.mp4"
gestureLabel: 2
fps: 29
pixelSizeInCmTemp: 3.1103896103896100e-01
faceCenterPointX: 294
faceCenterPointY: 48
LHandPositionsX: [ 412, 411, 411, 408, 411, 408, 412, 412, 412, 408, 411,
    409, 411, 412, 410, 412, 410, 411, 412, 408, 412, 412, 408, 408, 409,
    408, 411, 411, 411, 409, 410, 412, 408, 412, 412, 412, 412, 409, 411,
    411, 412, 412, 411, 408, 411, 411, 411, 411, 410, 409, 409, 410, 408,
    411, 410, 412, 408, 408, 409, 410, 412, 411, 411, 412, 408, 411, 412,
    409, 411, 409, 407, 409, 408, 411, 411, 409, 408, 410, 408, 408, 411,
    410, 410, 409, 409, 407, 408, 410 ]
LHandPositionsY: [ 260, 260, 263, 264, 260, 264, 260, 261, 263, 262, 264,
    264, 261, 260, 262, 263, 260, 264, 264, 263, 261, 262, 262, 261, 260,
    264, 264, 263, 264, 264, 263, 263, 261, 262, 264, 260, 260, 260, 260,
    264, 260, 260, 263, 261, 264, 263, 260, 261, 264, 262, 263, 263, 260,
    263, 261, 261, 262, 260, 261, 262, 264, 261, 261, 263, 263, 260, 264,
    261, 261, 260, 263, 261, 260, 260, 261, 263, 261, 263, 263, 263, 264,
    262, 261, 260, 261, 263, 262, 263 ]
RHandPositionsX: [ 178, 180, 179, 179, 177, 174, 178, 177, 175, 177, 176,
    176, 173, 173, 174, 174, 172, 174, 175, 174, 171, 172, 171, 173, 173,
    175, 173, 172, 175, 172, 173, 172, 175, 173, 165, 157, 152, 148, 152,
    151, 156, 166, 179, 182, 192, 189, 182, 175, 173, 170, 175, 179, 179,
    181, 180, 176, 171, 170, 168, 174, 178, 186, 202, 208, 199, 190, 190,
    187, 182, 183, 185, 194, 201, 206, 212, 209, 200, 195, 191, 185, 183,
    182, 183, 182, 179, 182, 182, 179 ]
RHandPositionsY: [ 258, 258, 262, 260, 261, 261, 260, 258, 258, 258, 259,
    262, 262, 260, 259, 259, 259, 258, 258, 259, 260, 261, 260, 258, 262,
    258, 258, 262, 260, 262, 265, 263, 259, 239, 219, 195, 179, 160, 146,
    128, 120, 117, 117, 119, 110, 103, 103, 101, 101, 98, 104, 103, 105,
    105, 104, 102, 100, 98, 97, 98, 103, 107, 109, 112, 110, 105, 104,
    104, 98, 100, 103, 115, 127, 140, 159, 181, 200, 209, 215, 240, 242,
    246, 246, 250, 250, 255, 250, 253 ]
