%YAML:1.0
---
videoName: "RHShake09.mp4"
gestureLabel: 2
fps: 29
pixelSizeInCmTemp: 3.1103896103896100e-01
faceCenterPointX: 296
faceCenterPointY: 48
LHandPositionsX: [ 326, 324, 322, 326, 322, 325, 321, 320, 317, 315, 317,
    314, 316, 311, 310, 312, 311, 312, 309, 308, 309, 307, 308, 307, 307,
    305, 305, 306, 308, 308, 305, 307, 309, 308, 308, 308, 309, 308, 307,
    308, 310, 310, 309, 310, 309, 312, 309, 310, 314, 312, 311, 315, 314,
    314, 313, 316, 312, 316, 314, 315, 313, 316, 317, 315, 314, 317, 317,
    318, 316, 316, 317, 314, 318, 316, 316, 316, 317, 314, 316, 317, 317,
    314, 316, 314, 313, 316, 318, 316 ]
LHandPositionsY: [ 268, 266, 269, 271, 268, 267, 268, 270, 271, 271, 271,
    275, 272, 275, 273, 272, 275, 276, 273, 274, 273, 274, 275, 274, 274,
    274, 275, 272, 273, 274, 274, 276, 277, 275, 274, 277, 276, 274, 276,
    274, 275, 274, 273, 276, 275, 277, 274, 276, 274, 275, 275, 274, 274,
    273, 272, 272, 277, 273, 275, 275, 276, 275, 275, 274, 275, 275, 273,
    272, 273, 272, 276, 273, 273, 273, 276, 276, 274, 275, 276, 276, 274,
    275, 273, 273, 272, 276, 275, 275 ]
RHandPositionsX: [ 264, 262, 265, 262, 263, 261, 262, 264, 263, 261, 260,
    263, 260, 257, 261, 258, 258, 260, 260, 255, 259, 257, 258, 255, 254,
    256, 258, 256, 255, 259, 263, 260, 253, 241, 226, 205, 190, 178, 170,
    173, 173, 171, 182, 184, 185, 184, 184, 179, 177, 174, 185, 189, 189,
    201, 194, 184, 180, 178, 180, 185, 185, 182, 197, 188, 188, 184, 177,
    173, 174, 182, 185, 189, 185, 181, 178, 178, 182, 178, 186, 190, 193,
    194, 199, 201, 207, 218, 227, 237 ]
RHandPositionsY: [ 262, 265, 262, 266, 264, 264, 266, 268, 265, 266, 268,
    268, 266, 269, 267, 269, 269, 266, 268, 266, 265, 269, 266, 265, 269,
    266, 265, 269, 268, 268, 268, 261, 246, 231, 213, 195, 177, 157, 139,
    135, 115, 108, 106, 109, 108, 103, 101, 91, 90, 87, 87, 94, 94, 97,
    95, 92, 88, 90, 87, 90, 95, 96, 96, 93, 92, 85, 88, 88, 90, 97, 98,
    97, 93, 95, 93, 89, 87, 92, 97, 105, 103, 110, 123, 131, 141, 155,
    167, 186 ]
