%YAML:1.0
---
videoName: "RHShake03.mp4"
gestureLabel: 2
fps: 29
pixelSizeInCmTemp: 3.1103896103896100e-01
faceCenterPointX: 294
faceCenterPointY: 48
LHandPositionsX: [ 411, 408, 408, 411, 409, 409, 408, 409, 409, 410, 408,
    412, 410, 408, 410, 410, 412, 410, 411, 408, 410, 408, 410, 410, 412,
    409, 409, 412, 409, 410, 408, 408, 410, 411, 411, 411, 412, 412, 412,
    412, 412, 410, 411, 409, 408, 409, 412, 412, 412, 411, 408, 411, 410,
    411, 409, 410, 409, 409, 411, 408, 408, 412, 411, 409, 408, 412, 408,
    409, 411, 409, 407, 409, 410, 408, 411, 409, 411, 407, 410, 407, 410,
    411, 407, 410, 408, 408, 410, 407 ]
LHandPositionsY: [ 260, 260, 262, 262, 263, 261, 262, 261, 260, 263, 263,
    262, 263, 263, 262, 262, 261, 262, 260, 261, 263, 264, 260, 263, 261,
    261, 261, 264, 262, 260, 264, 264, 262, 262, 263, 261, 260, 262, 260,
    264, 261, 262, 263, 264, 260, 260, 263, 263, 264, 261, 262, 260, 260,
    264, 261, 264, 263, 263, 262, 260, 261, 261, 261, 263, 261, 262, 261,
    262, 264, 261, 264, 264, 262, 262, 262, 264, 261, 262, 264, 262, 261,
    263, 261, 263, 261, 260, 260, 263 ]
RHandPositionsX: [ 181, 181, 179, 176, 177, 174, 174, 175, 175, 174, 176,
    173, 172, 172, 174, 174, 172, 172, 174, 173, 171, 172, 175, 172, 173,
    173, 173, 175, 175, 173, 174, 173, 176, 172, 163, 156, 153, 148, 153,
    149, 156, 163, 181, 184, 193, 193, 182, 178, 175, 173, 172, 178, 180,
    182, 180, 178, 174, 170, 170, 173, 180, 185, 202, 207, 198, 194, 186,
    186, 182, 181, 186, 193, 199, 208, 211, 210, 201, 196, 192, 185, 182,
    181, 182, 180, 179, 180, 181, 181 ]
RHandPositionsY: [ 261, 260, 261, 259, 262, 262, 262, 261, 262, 261, 258,
    259, 260, 258, 259, 260, 258, 258, 258, 259, 258, 260, 258, 261, 261,
    261, 262, 259, 258, 262, 263, 265, 255, 242, 217, 197, 178, 158, 145,
    129, 122, 121, 119, 118, 111, 105, 101, 99, 100, 100, 102, 105, 108,
    106, 105, 102, 103, 99, 95, 95, 102, 106, 111, 110, 109, 109, 106,
    103, 98, 102, 102, 118, 127, 140, 161, 178, 200, 211, 217, 242, 241,
    246, 243, 251, 253, 253, 253, 254 ]
