%YAML:1.0
---
videoName: "RHShake07.mp4"
gestureLabel: 2
fps: 29
pixelSizeInCmTemp: 3.2364864864864862e-01
faceCenterPointX: 292
faceCenterPointY: 44
LHandPositionsX: [ 308, 308, 308, 307, 309, 306, 306, 307, 308, 305, 308,
    310, 309, 309, 312, 311, 310, 312, 313, 312, 313, 311, 314, 311, 312,
    311, 314, 312, 314, 312, 311, 314, 314, 316, 315, 311, 314, 313, 313,
    313, 316, 313, 315, 312, 314, 312, 313, 313, 312, 314, 314, 313, 312,
    313, 313, 313, 313, 313, 315, 316, 315, 316, 313, 313, 314, 313, 316,
    313, 316, 314, 313, 317, 317, 313, 313, 316, 313, 313, 314, 312, 307,
    310, 308, 310, 312, 310, 312, 309 ]
LHandPositionsY: [ 270, 270, 269, 268, 269, 269, 267, 270, 274, 275, 273,
    269, 269, 273, 270, 270, 269, 267, 267, 268, 268, 269, 267, 267, 271,
    268, 269, 270, 269, 268, 268, 271, 271, 270, 268, 269, 268, 268, 271,
    271, 271, 268, 270, 270, 267, 271, 269, 271, 268, 270, 268, 267, 268,
    270, 270, 271, 268, 270, 268, 271, 271, 269, 267, 269, 269, 270, 269,
    271, 270, 268, 268, 266, 267, 268, 266, 269, 270, 268, 268, 272, 272,
    271, 273, 274, 274, 271, 273, 274 ]
RHandPositionsX: [ 263, 265, 266, 266, 266, 264, 264, 266, 262, 268, 266,
    264, 256, 234, 216, 194, 178, 163, 154, 157, 157, 153, 157, 159, 162,
    180, 192, 184, 175, 171, 168, 167, 180, 179, 186, 187, 182, 174, 171,
    166, 173, 173, 183, 186, 185, 183, 175, 174, 166, 163, 168, 185, 185,
    200, 193, 190, 185, 179, 171, 169, 168, 163, 170, 176, 171, 181, 177,
    173, 171, 169, 158, 166, 178, 195, 216, 230, 245, 257, 271, 277, 270,
    270, 271, 265, 262, 266, 266, 268 ]
RHandPositionsY: [ 253, 252, 251, 253, 251, 252, 255, 254, 253, 257, 249,
    240, 232, 216, 202, 185, 167, 153, 135, 131, 128, 111, 120, 124, 126,
    116, 102, 100, 92, 94, 85, 90, 110, 102, 102, 99, 96, 92, 93, 92, 91,
    92, 99, 96, 95, 94, 95, 89, 90, 87, 83, 91, 94, 103, 101, 96, 93, 91,
    90, 87, 87, 88, 90, 92, 91, 91, 86, 89, 87, 89, 94, 117, 138, 147,
    165, 186, 205, 227, 234, 242, 243, 248, 252, 253, 255, 256, 255, 255 ]
