%YAML:1.0
---
videoName: "RHShake24.mp4"
gestureLabel: 2
fps: 30
pixelSizeInCmTemp: 3.3732394366197183e-01
faceCenterPointX: 304
faceCenterPointY: 46
LHandPositionsX: [ 393, 389, 390, 391, 389, 392, 391, 393, 389, 389, 389,
    391, 392, 389, 392, 389, 389, 390, 390, 391, 390, 391, 392, 389, 389,
    393, 392, 392, 392, 389, 389, 389, 389, 391, 391, 389, 392, 393, 393,
    390, 391, 389, 389, 390, 391, 389, 393, 391, 389, 391, 393, 392, 393,
    390, 389, 393, 393, 392, 392, 389, 393, 393, 391, 392, 392, 391, 389,
    390, 393, 389, 389, 392, 393, 390, 392, 392, 390, 393, 393, 389, 393,
    391, 392, 391, 389, 389, 390, 391, 391, 393, 392 ]
LHandPositionsY: [ 227, 226, 227, 226, 229, 226, 228, 229, 228, 226, 225,
    229, 228, 227, 226, 228, 227, 228, 225, 228, 229, 227, 227, 229, 229,
    225, 229, 229, 228, 226, 227, 228, 225, 227, 228, 227, 228, 228, 226,
    226, 226, 229, 227, 226, 229, 225, 226, 225, 229, 228, 228, 225, 228,
    225, 225, 229, 225, 228, 229, 228, 227, 228, 225, 225, 228, 229, 227,
    225, 225, 226, 229, 229, 226, 228, 226, 227, 229, 228, 227, 226, 227,
    225, 228, 229, 227, 227, 229, 227, 228, 227, 229 ]
RHandPositionsX: [ 144, 149, 151, 149, 154, 156, 155, 149, 148, 141, 139,
    135, 144, 151, 164, 164, 160, 163, 160, 155, 149, 145, 144, 142, 142,
    148, 156, 160, 157, 158, 154, 153, 150, 146, 140, 145, 147, 152, 158,
    158, 162, 162, 159, 153, 150, 143, 142, 141, 141, 149, 159, 166, 166,
    173, 169, 165, 159, 150, 151, 145, 148, 149, 150, 164, 167, 167, 169,
    173, 173, 177, 180, 180, 186, 186, 187, 189, 193, 193, 194, 194, 194,
    192, 193, 196, 196, 196, 195, 195, 192, 194, 196 ]
RHandPositionsY: [ 98, 103, 99, 98, 105, 99, 95, 90, 88, 85, 86, 87, 86,
    100, 108, 112, 112, 114, 108, 100, 98, 97, 97, 95, 90, 102, 112, 109,
    114, 111, 106, 99, 96, 96, 94, 90, 92, 97, 101, 105, 106, 112, 110,
    103, 99, 101, 97, 93, 92, 107, 120, 119, 122, 122, 118, 107, 99, 99,
    102, 97, 94, 96, 104, 114, 113, 118, 120, 124, 131, 142, 148, 151,
    151, 159, 167, 172, 176, 188, 197, 203, 209, 211, 213, 214, 218, 217,
    221, 222, 223, 227, 225 ]
