%YAML:1.0
---
videoName: "RHShake18.mp4"
gestureLabel: 2
fps: 30
pixelSizeInCmTemp: 3.3732394366197183e-01
faceCenterPointX: 275
faceCenterPointY: 40
LHandPositionsX: [ 376, 375, 375, 378, 378, 376, 379, 377, 375, 378, 379,
    377, 375, 375, 377, 376, 375, 377, 375, 378, 376, 375, 379, 377, 376,
    375, 377, 379, 375, 378, 375, 375, 379, 375, 378, 378, 377, 378, 378,
    377, 376, 376, 378, 378, 379, 379, 379, 375, 376, 374, 374, 369, 365,
    358, 352, 347, 340, 332, 322, 318, 305, 300, 300, 300, 295, 288, 290,
    292, 292, 294, 293, 291, 290, 290, 292, 290, 289, 291, 290, 291, 288,
    290, 288, 287, 287, 288, 288, 286, 287, 287, 288 ]
LHandPositionsY: [ 229, 232, 231, 231, 232, 232, 230, 233, 229, 232, 233,
    232, 230, 233, 230, 229, 229, 229, 231, 230, 229, 231, 232, 233, 233,
    230, 229, 231, 231, 233, 232, 233, 229, 229, 233, 231, 229, 233, 233,
    231, 229, 229, 232, 231, 233, 231, 229, 230, 229, 230, 232, 239, 239,
    236, 237, 235, 234, 231, 229, 227, 228, 230, 231, 231, 234, 232, 237,
    238, 237, 238, 242, 243, 240, 242, 243, 242, 241, 239, 243, 240, 241,
    241, 240, 239, 241, 240, 243, 243, 243, 243, 243 ]
RHandPositionsX: [ 156, 154, 150, 146, 147, 148, 153, 161, 161, 166, 164,
    163, 156, 154, 152, 149, 158, 163, 167, 167, 171, 165, 161, 156, 159,
    155, 157, 163, 166, 165, 162, 160, 159, 154, 154, 164, 173, 172, 171,
    170, 166, 159, 156, 154, 160, 167, 174, 180, 188, 197, 206, 219, 234,
    241, 252, 260, 268, 257, 250, 248, 245, 241, 238, 239, 235, 238, 236,
    235, 235, 237, 240, 241, 240, 236, 236, 238, 237, 237, 240, 239, 239,
    238, 237, 240, 238, 238, 238, 237, 239, 239, 236 ]
RHandPositionsY: [ 73, 73, 68, 71, 70, 69, 66, 71, 74, 76, 69, 71, 70,
    67, 67, 66, 71, 71, 72, 73, 73, 71, 67, 67, 65, 70, 71, 73, 78, 77,
    77, 74, 72, 74, 73, 79, 94, 93, 95, 92, 90, 88, 83, 83, 84, 87, 99,
    100, 109, 124, 134, 143, 152, 164, 175, 183, 191, 191, 196, 198, 205,
    208, 209, 209, 215, 215, 218, 221, 220, 224, 229, 227, 225, 225, 227,
    226, 225, 226, 224, 226, 228, 224, 226, 227, 228, 226, 226, 227, 228,
    226, 224 ]
