%YAML:1.0
---
videoName: "RHShake08.mp4"
gestureLabel: 2
fps: 29
pixelSizeInCmTemp: 3.2808219178082193e-01
faceCenterPointX: 290
faceCenterPointY: 45
LHandPositionsX: [ 314, 313, 317, 313, 314, 315, 316, 316, 312, 312, 309,
    311, 313, 311, 310, 308, 311, 307, 308, 308, 307, 310, 310, 307, 309,
    306, 310, 309, 306, 308, 309, 309, 306, 306, 311, 309, 310, 307, 306,
    310, 310, 310, 309, 306, 305, 306, 307, 305, 308, 306, 306, 309, 305,
    309, 306, 309, 309, 305, 306, 306, 306, 309, 307, 307, 305, 307, 307,
    305, 305, 308, 305, 306, 305, 309, 308, 307, 309, 307, 305, 307, 307,
    308, 306, 310, 308, 308, 308, 311 ]
LHandPositionsY: [ 282, 281, 281, 283, 282, 279, 281, 281, 282, 281, 283,
    281, 284, 282, 281, 284, 283, 282, 285, 282, 283, 283, 283, 285, 285,
    283, 285, 282, 282, 282, 284, 281, 283, 282, 281, 281, 281, 281, 284,
    284, 281, 285, 283, 281, 281, 283, 281, 284, 282, 282, 280, 280, 281,
    282, 284, 282, 283, 284, 280, 280, 281, 280, 282, 283, 283, 280, 283,
    282, 282, 282, 280, 282, 282, 281, 283, 282, 283, 281, 284, 284, 281,
    284, 284, 282, 280, 282, 283, 284 ]
RHandPositionsX: [ 270, 269, 269, 272, 272, 271, 272, 276, 268, 260, 257,
    257, 248, 237, 219, 201, 185, 166, 157, 162, 163, 176, 199, 197, 207,
    201, 192, 188, 185, 177, 187, 191, 203, 202, 197, 196, 186, 183, 178,
    176, 189, 191, 188, 186, 181, 176, 173, 175, 175, 180, 187, 187, 193,
    187, 194, 188, 189, 201, 202, 219, 211, 208, 203, 197, 198, 193, 200,
    205, 215, 210, 212, 216, 223, 230, 238, 249, 251, 263, 263, 262, 265,
    266, 269, 273, 275, 276, 275, 270 ]
RHandPositionsY: [ 267, 267, 268, 270, 269, 269, 268, 270, 266, 263, 254,
    244, 231, 220, 202, 182, 175, 152, 131, 130, 113, 109, 104, 104, 111,
    105, 98, 96, 93, 94, 89, 93, 97, 97, 92, 89, 87, 87, 87, 90, 93, 91,
    93, 94, 91, 89, 87, 87, 90, 93, 93, 95, 100, 99, 95, 91, 91, 91, 97,
    95, 98, 99, 94, 92, 92, 96, 93, 101, 107, 108, 111, 125, 133, 141,
    157, 175, 194, 214, 229, 247, 256, 262, 258, 261, 261, 266, 266, 266 ]
