%YAML:1.0
---
videoName: "RHShake11.mp4"
gestureLabel: 2
fps: 29
pixelSizeInCmTemp: 3.3263888888888887e-01
faceCenterPointX: 274
faceCenterPointY: 53
LHandPositionsX: [ 310, 310, 311, 309, 310, 309, 308, 309, 308, 308, 309,
    308, 311, 310, 307, 309, 309, 308, 308, 308, 310, 311, 307, 309, 307,
    311, 309, 308, 308, 307, 307, 308, 310, 309, 309, 310, 311, 307, 308,
    311, 311, 309, 309, 309, 307, 309, 307, 308, 311, 310, 311, 310, 311,
    311, 308, 309, 311, 311, 309, 309, 308, 307, 311, 311, 310, 311, 311,
    311, 307, 309, 309, 311, 307, 310, 308, 308, 308, 305, 309, 307, 306,
    306, 307, 307, 306, 303, 306, 305 ]
LHandPositionsY: [ 248, 246, 246, 247, 245, 249, 247, 247, 247, 248, 246,
    246, 245, 249, 249, 249, 246, 245, 245, 247, 245, 249, 248, 249, 248,
    245, 246, 246, 245, 246, 248, 245, 248, 249, 245, 249, 245, 248, 248,
    249, 248, 245, 247, 248, 247, 245, 247, 249, 249, 248, 248, 249, 248,
    248, 246, 247, 249, 245, 249, 245, 249, 246, 247, 249, 245, 245, 247,
    245, 246, 245, 247, 245, 247, 243, 245, 244, 245, 247, 244, 245, 243,
    245, 246, 244, 247, 247, 246, 246 ]
RHandPositionsX: [ 248, 249, 248, 243, 237, 224, 209, 194, 175, 161, 149,
    138, 144, 145, 149, 157, 161, 167, 168, 175, 171, 161, 158, 155, 152,
    152, 159, 167, 168, 169, 170, 167, 162, 160, 156, 156, 154, 154, 159,
    166, 170, 170, 171, 167, 163, 161, 158, 158, 159, 158, 164, 173, 176,
    179, 178, 177, 174, 167, 163, 163, 158, 159, 160, 163, 170, 179, 193,
    205, 219, 230, 241, 250, 256, 259, 260, 260, 260, 261, 261, 259, 260,
    262, 261, 260, 260, 260, 262, 260 ]
RHandPositionsY: [ 247, 245, 248, 240, 232, 222, 206, 189, 174, 162, 140,
    129, 126, 113, 106, 103, 103, 105, 103, 99, 103, 101, 97, 96, 93, 96,
    96, 98, 99, 99, 98, 99, 99, 96, 94, 97, 94, 96, 98, 105, 103, 102,
    104, 104, 103, 105, 100, 101, 97, 96, 100, 105, 107, 108, 109, 107,
    106, 100, 100, 100, 99, 99, 105, 108, 116, 128, 145, 157, 173, 190,
    201, 212, 221, 230, 237, 236, 235, 237, 242, 240, 239, 240, 238, 239,
    241, 241, 241, 240 ]
