%YAML:1.0
---
videoName: "RHShake18.mp4"
gestureLabel: 2
fps: 30
pixelSizeInCmTemp: 3.3732394366197183e-01
faceCenterPointX: 275
faceCenterPointY: 40
LHandPositionsX: [ 377, 376, 377, 377, 376, 377, 379, 378, 377, 376, 375,
    375, 378, 376, 376, 376, 376, 375, 376, 378, 379, 378, 375, 376, 379,
    376, 378, 376, 379, 376, 378, 378, 376, 376, 379, 379, 379, 375, 378,
    376, 376, 377, 377, 375, 379, 377, 375, 376, 373, 375, 375, 369, 367,
    359, 352, 346, 339, 335, 324, 314, 304, 300, 299, 299, 299, 288, 290,
    289, 292, 294, 294, 289, 293, 289, 292, 291, 292, 290, 292, 290, 288,
    291, 290, 289, 289, 289, 286, 286, 288, 289, 289 ]
LHandPositionsY: [ 233, 230, 229, 233, 229, 232, 231, 232, 230, 230, 232,
    230, 230, 233, 231, 233, 229, 232, 230, 229, 231, 231, 229, 230, 231,
    233, 231, 233, 231, 230, 231, 233, 230, 229, 230, 232, 229, 230, 232,
    231, 229, 229, 230, 233, 230, 231, 229, 231, 229, 230, 234, 236, 239,
    239, 238, 234, 235, 233, 231, 227, 230, 230, 230, 232, 235, 236, 234,
    235, 239, 238, 244, 244, 241, 239, 239, 239, 241, 242, 240, 242, 243,
    242, 240, 241, 243, 240, 240, 243, 242, 241, 240 ]
RHandPositionsX: [ 158, 155, 150, 147, 146, 151, 152, 158, 161, 166, 167,
    163, 158, 153, 152, 150, 157, 161, 170, 170, 169, 164, 157, 159, 157,
    154, 156, 164, 163, 165, 164, 158, 156, 154, 155, 163, 176, 173, 171,
    169, 162, 158, 157, 156, 160, 166, 170, 182, 189, 200, 210, 219, 232,
    245, 255, 261, 270, 259, 249, 250, 244, 242, 242, 238, 236, 234, 237,
    236, 237, 237, 238, 238, 240, 238, 240, 240, 239, 237, 236, 240, 239,
    236, 239, 240, 238, 239, 240, 239, 236, 240, 239 ]
RHandPositionsY: [ 74, 71, 71, 68, 69, 69, 67, 68, 73, 73, 69, 71, 67,
    67, 65, 67, 71, 73, 71, 70, 73, 71, 66, 67, 67, 70, 70, 76, 80, 76,
    75, 76, 73, 71, 76, 79, 94, 91, 92, 89, 86, 89, 86, 85, 87, 88, 97,
    103, 113, 122, 133, 145, 153, 161, 174, 181, 188, 195, 198, 200, 205,
    207, 206, 209, 212, 217, 216, 222, 221, 225, 230, 228, 225, 225, 224,
    228, 227, 227, 227, 225, 225, 225, 227, 224, 224, 228, 227, 226, 228,
    227, 226 ]
