%YAML:1.0
---
videoName: "RHShake23.mp4"
gestureLabel: 2
fps: 29
pixelSizeInCmTemp: 3.3263888888888887e-01
faceCenterPointX: 298
faceCenterPointY: 49
LHandPositionsX: [ 390, 390, 390, 389, 390, 391, 387, 388, 391, 388, 391,
    391, 390, 390, 388, 391, 390, 387, 390, 389, 390, 388, 388, 387, 390,
    389, 391, 387, 387, 387, 388, 389, 391, 391, 388, 390, 388, 388, 390,
    388, 387, 390, 387, 388, 389, 390, 390, 387, 387, 388, 390, 389, 389,
    389, 390, 387, 390, 391, 387, 390, 391, 387, 388, 388, 388, 387, 390,
    390, 390, 390, 390, 388, 387, 390, 390, 391, 390, 389, 387, 390, 391,
    391, 387, 391, 391, 387, 387, 391 ]
LHandPositionsY: [ 228, 226, 224, 226, 227, 225, 225, 226, 224, 226, 228,
    225, 228, 225, 224, 226, 224, 228, 226, 224, 224, 228, 224, 225, 226,
    225, 224, 224, 225, 228, 225, 228, 228, 224, 224, 226, 226, 225, 225,
    225, 224, 225, 225, 227, 225, 226, 228, 228, 227, 224, 227, 225, 224,
    225, 228, 227, 227, 224, 228, 224, 224, 225, 228, 226, 224, 226, 228,
    228, 226, 228, 226, 224, 227, 227, 224, 227, 228, 224, 224, 224, 226,
    228, 225, 225, 227, 228, 225, 225 ]
RHandPositionsX: [ 172, 168, 175, 188, 192, 190, 192, 191, 180, 176, 174,
    175, 173, 180, 189, 199, 199, 198, 199, 194, 185, 182, 174, 173, 170,
    170, 173, 178, 190, 200, 201, 199, 202, 193, 191, 186, 184, 180, 180,
    181, 188, 199, 199, 202, 204, 205, 196, 192, 185, 177, 174, 177, 180,
    185, 195, 200, 204, 207, 211, 209, 209, 210, 210, 211, 210, 207, 208,
    205, 205, 207, 205, 203, 202, 202, 204, 200, 202, 201, 202, 202, 201,
    199, 202, 199, 202, 197, 197, 197 ]
RHandPositionsY: [ 96, 95, 99, 113, 117, 113, 121, 113, 102, 102, 102,
    101, 99, 105, 114, 123, 124, 125, 127, 111, 100, 102, 99, 101, 96,
    97, 97, 99, 114, 121, 120, 124, 122, 107, 107, 106, 105, 104, 98,
    103, 114, 121, 122, 121, 127, 124, 125, 109, 107, 106, 106, 104, 103,
    118, 129, 137, 141, 151, 148, 153, 161, 167, 172, 182, 191, 202, 208,
    213, 213, 213, 218, 221, 219, 223, 225, 229, 225, 225, 227, 228, 226,
    227, 225, 228, 228, 225, 228, 225 ]
