%YAML:1.0
---
videoName: "RHShake23.mp4"
gestureLabel: 2
fps: 29
pixelSizeInCmTemp: 3.3263888888888887e-01
faceCenterPointX: 298
faceCenterPointY: 49
LHandPositionsX: [ 390, 389, 391, 391, 389, 388, 387, 389, 389, 390, 389,
    388, 389, 389, 391, 391, 389, 387, 388, 387, 389, 390, 387, 389, 389,
    390, 389, 387, 387, 391, 387, 390, 387, 391, 387, 388, 387, 387, 388,
    387, 390, 387, 390, 389, 390, 389, 389, 388, 388, 389, 389, 390, 388,
    388, 387, 388, 388, 387, 391, 387, 387, 388, 391, 388, 390, 388, 391,
    387, 390, 388, 389, 389, 387, 391, 391, 391, 391, 388, 391, 390, 389,
    391, 387, 389, 390, 390, 390, 387 ]
LHandPositionsY: [ 226, 227, 228, 225, 225, 228, 226, 227, 228, 225, 224,
    226, 228, 228, 226, 227, 227, 224, 225, 228, 226, 228, 225, 226, 228,
    224, 225, 225, 227, 228, 227, 228, 225, 227, 226, 226, 224, 224, 225,
    225, 227, 225, 226, 227, 225, 227, 227, 228, 227, 225, 226, 228, 228,
    227, 226, 227, 228, 224, 224, 227, 225, 226, 228, 224, 226, 225, 227,
    226, 225, 224, 228, 225, 224, 224, 225, 226, 227, 228, 227, 224, 228,
    228, 228, 224, 227, 225, 227, 228 ]
RHandPositionsX: [ 170, 168, 174, 186, 189, 190, 192, 187, 182, 176, 174,
    172, 175, 178, 187, 199, 195, 200, 200, 196, 186, 182, 175, 173, 172,
    169, 173, 177, 192, 200, 199, 200, 202, 193, 193, 184, 183, 181, 179,
    180, 188, 199, 201, 203, 204, 201, 196, 188, 183, 179, 174, 179, 180,
    187, 192, 199, 203, 211, 209, 210, 209, 210, 210, 208, 210, 208, 207,
    205, 204, 204, 205, 202, 206, 203, 202, 202, 200, 200, 203, 201, 202,
    201, 198, 202, 200, 201, 198, 201 ]
RHandPositionsY: [ 98, 92, 98, 110, 114, 115, 120, 110, 101, 100, 99,
    101, 99, 103, 114, 122, 121, 124, 125, 112, 100, 99, 102, 98, 99, 95,
    95, 100, 116, 125, 123, 124, 121, 109, 105, 107, 105, 104, 100, 99,
    113, 123, 119, 122, 124, 128, 126, 109, 105, 104, 103, 102, 102, 117,
    127, 136, 143, 151, 151, 156, 158, 167, 172, 180, 191, 202, 208, 216,
    213, 213, 217, 219, 221, 224, 226, 228, 226, 228, 225, 227, 225, 228,
    224, 228, 225, 227, 225, 224 ]
