%YAML:1.0
---
videoName: "RHShake21.mp4"
gestureLabel: 2
fps: 29
pixelSizeInCmTemp: 3.3732394366197183e-01
faceCenterPointX: 293
faceCenterPointY: 47
LHandPositionsX: [ 398, 398, 394, 396, 395, 394, 394, 397, 396, 396, 396,
    397, 398, 397, 395, 396, 395, 398, 396, 396, 397, 397, 397, 394, 398,
    396, 397, 394, 398, 396, 394, 397, 396, 397, 396, 395, 395, 394, 396,
    396, 395, 395, 397, 398, 398, 394, 397, 398, 397, 394, 395, 396, 395,
    396, 394, 395, 394, 398, 395, 397, 398, 394, 398, 396, 396, 397, 398,
    394, 398, 397, 396, 394, 394, 395, 396, 398, 394, 395, 397, 396, 398,
    397, 396, 394, 396, 394, 396, 395 ]
LHandPositionsY: [ 239, 241, 240, 242, 241, 240, 238, 241, 241, 238, 242,
    238, 241, 239, 238, 242, 241, 242, 240, 238, 242, 240, 238, 240, 241,
    239, 242, 242, 241, 242, 238, 241, 241, 240, 238, 241, 240, 238, 241,
    242, 242, 241, 238, 238, 238, 238, 240, 242, 242, 241, 241, 240, 241,
    239, 241, 238, 242, 239, 242, 241, 238, 242, 241, 242, 240, 242, 242,
    242, 239, 242, 239, 242, 239, 239, 241, 239, 239, 241, 238, 241, 240,
    239, 238, 239, 241, 241, 238, 241 ]
RHandPositionsX: [ 134, 139, 141, 143, 147, 145, 144, 140, 138, 134, 132,
    141, 146, 147, 148, 149, 149, 146, 138, 139, 136, 134, 137, 145, 148,
    150, 153, 152, 145, 143, 140, 139, 137, 138, 140, 144, 149, 150, 149,
    144, 144, 139, 137, 133, 138, 140, 148, 149, 151, 151, 146, 143, 136,
    133, 135, 136, 139, 147, 154, 164, 169, 176, 179, 181, 182, 182, 185,
    185, 185, 186, 188, 191, 186, 190, 189, 188, 185, 185, 186, 185, 189,
    189, 185, 185, 186, 187, 189, 188 ]
RHandPositionsY: [ 81, 85, 89, 89, 87, 84, 85, 81, 84, 82, 82, 83, 90,
    91, 92, 93, 92, 85, 83, 88, 84, 82, 82, 85, 90, 89, 94, 90, 89, 87,
    88, 84, 84, 84, 87, 89, 93, 93, 93, 91, 88, 86, 89, 84, 85, 93, 98,
    95, 100, 97, 97, 96, 94, 93, 92, 92, 94, 107, 113, 125, 138, 150,
    150, 150, 159, 169, 180, 192, 202, 208, 214, 214, 220, 224, 224, 224,
    226, 229, 231, 231, 227, 231, 229, 231, 231, 229, 230, 231 ]
