%YAML:1.0
---
videoName: "RHShake21.mp4"
gestureLabel: 2
fps: 29
pixelSizeInCmTemp: 3.3732394366197183e-01
faceCenterPointX: 293
faceCenterPointY: 47
LHandPositionsX: [ 397, 396, 397, 395, 396, 396, 396, 396, 397, 396, 395,
    397, 394, 395, 396, 395, 396, 398, 397, 398, 398, 398, 394, 395, 397,
    398, 398, 397, 396, 394, 397, 395, 394, 395, 397, 397, 398, 395, 395,
    397, 397, 395, 396, 398, 395, 394, 396, 394, 398, 398, 397, 395, 396,
    398, 394, 394, 397, 397, 398, 395, 396, 398, 397, 395, 398, 396, 394,
    394, 396, 395, 396, 396, 394, 394, 394, 396, 394, 394, 398, 397, 398,
    397, 394, 394, 398, 394, 398, 398 ]
LHandPositionsY: [ 241, 241, 242, 239, 239, 242, 240, 240, 238, 239, 240,
    242, 238, 240, 242, 239, 238, 242, 242, 241, 239, 241, 240, 238, 241,
    240, 238, 239, 242, 239, 242, 242, 238, 240, 242, 239, 241, 240, 238,
    238, 240, 238, 239, 240, 238, 240, 238, 241, 241, 240, 241, 238, 242,
    238, 241, 241, 238, 238, 238, 241, 241, 238, 241, 238, 239, 241, 241,
    240, 240, 239, 241, 242, 240, 241, 240, 238, 241, 241, 239, 242, 238,
    238, 239, 242, 238, 240, 242, 241 ]
RHandPositionsX: [ 134, 140, 140, 146, 147, 145, 146, 138, 137, 132, 136,
    140, 147, 150, 150, 150, 145, 144, 138, 136, 135, 135, 141, 146, 147,
    150, 149, 150, 144, 145, 138, 138, 138, 141, 141, 147, 150, 150, 150,
    146, 140, 136, 135, 133, 138, 140, 144, 147, 149, 150, 146, 143, 140,
    134, 135, 134, 137, 144, 154, 160, 172, 177, 176, 180, 184, 185, 187,
    186, 186, 188, 188, 191, 185, 188, 189, 189, 189, 186, 188, 189, 189,
    186, 189, 185, 188, 186, 188, 186 ]
RHandPositionsY: [ 79, 89, 87, 91, 87, 84, 85, 83, 83, 80, 81, 84, 91,
    90, 93, 92, 92, 86, 87, 87, 84, 82, 82, 86, 87, 89, 92, 93, 91, 85,
    86, 85, 81, 86, 85, 87, 94, 94, 92, 90, 89, 86, 88, 84, 82, 91, 99,
    97, 98, 96, 97, 95, 92, 95, 94, 90, 93, 107, 116, 127, 141, 150, 154,
    150, 161, 171, 180, 189, 199, 209, 215, 216, 219, 224, 227, 228, 229,
    227, 231, 227, 227, 228, 231, 229, 231, 227, 228, 229 ]
