%YAML:1.0
---
videoName: "RHShake20.mp4"
gestureLabel: 2
fps: 29
pixelSizeInCmTemp: 3.3263888888888887e-01
faceCenterPointX: 286
faceCenterPointY: 45
LHandPositionsX: [ 390, 390, 394, 391, 390, 390, 393, 390, 392, 392, 394,
    394, 390, 392, 392, 394, 393, 391, 392, 393, 394, 390, 394, 392, 394,
    392, 392, 394, 391, 390, 390, 391, 390, 393, 394, 391, 394, 390, 390,
    394, 390, 391, 394, 392, 394, 391, 394, 390, 391, 393, 390, 392, 392,
    390, 391, 394, 394, 391, 393, 394, 394, 392, 393, 394, 392, 391, 392,
    392, 393, 390, 390, 393, 394, 390, 391, 392, 392, 394, 391, 391, 394,
    392, 394, 390, 393, 394, 390, 392 ]
LHandPositionsY: [ 244, 246, 244, 243, 245, 244, 243, 241, 241, 242, 240,
    241, 243, 241, 241, 243, 243, 241, 243, 243, 241, 241, 240, 242, 239,
    242, 239, 242, 240, 240, 240, 239, 242, 243, 243, 241, 242, 239, 243,
    239, 240, 239, 243, 241, 241, 241, 241, 239, 239, 243, 243, 240, 241,
    240, 243, 242, 243, 242, 241, 242, 242, 239, 239, 240, 239, 240, 243,
    241, 239, 240, 240, 242, 239, 243, 241, 241, 240, 243, 243, 241, 242,
    241, 241, 240, 242, 242, 239, 239 ]
RHandPositionsX: [ 164, 160, 158, 154, 152, 152, 151, 157, 156, 160, 159,
    160, 159, 156, 152, 151, 149, 149, 158, 159, 163, 164, 156, 155, 155,
    152, 150, 154, 162, 163, 164, 161, 157, 156, 157, 156, 152, 148, 157,
    165, 165, 166, 167, 160, 157, 151, 151, 153, 159, 160, 164, 165, 168,
    167, 168, 170, 163, 163, 161, 158, 164, 168, 173, 175, 181, 185, 185,
    184, 185, 181, 185, 183, 179, 178, 178, 180, 180, 178, 176, 177, 178,
    176, 178, 180, 180, 179, 176, 177 ]
RHandPositionsY: [ 111, 106, 104, 104, 102, 99, 100, 98, 102, 101, 101,
    103, 100, 97, 96, 99, 101, 104, 115, 113, 113, 114, 114, 110, 106,
    106, 106, 109, 116, 119, 119, 112, 109, 106, 106, 104, 106, 108, 115,
    121, 120, 123, 120, 119, 116, 112, 111, 108, 112, 116, 124, 126, 121,
    124, 123, 122, 117, 116, 114, 114, 119, 124, 130, 139, 144, 157, 167,
    177, 187, 191, 201, 208, 219, 228, 234, 231, 241, 239, 240, 240, 245,
    245, 247, 245, 246, 243, 243, 246 ]
