%YAML:1.0
---
videoName: "RHShake07.mp4"
gestureLabel: 2
fps: 29
pixelSizeInCmTemp: 3.2364864864864862e-01
faceCenterPointX: 292
faceCenterPointY: 44
LHandPositionsX: [ 307, 308, 308, 310, 307, 307, 307, 309, 310, 307, 309,
    312, 311, 308, 310, 311, 313, 310, 313, 313, 311, 312, 311, 312, 314,
    312, 311, 314, 310, 313, 311, 314, 315, 315, 314, 311, 314, 314, 315,
    312, 313, 312, 315, 315, 315, 316, 314, 316, 315, 315, 312, 312, 312,
    316, 316, 313, 315, 312, 314, 315, 316, 316, 313, 316, 316, 315, 313,
    316, 315, 316, 315, 317, 317, 314, 316, 314, 314, 315, 313, 312, 307,
    311, 310, 312, 312, 311, 310, 311 ]
LHandPositionsY: [ 271, 269, 271, 270, 270, 271, 267, 269, 274, 271, 271,
    269, 272, 269, 272, 269, 268, 271, 267, 271, 269, 270, 270, 267, 268,
    269, 268, 269, 270, 270, 271, 269, 269, 270, 270, 269, 270, 269, 270,
    269, 269, 267, 269, 267, 267, 267, 268, 269, 269, 269, 267, 267, 269,
    271, 269, 267, 270, 267, 270, 268, 269, 270, 269, 268, 267, 268, 267,
    270, 269, 267, 267, 270, 270, 268, 268, 267, 266, 270, 272, 270, 273,
    270, 272, 275, 273, 271, 274, 275 ]
RHandPositionsX: [ 264, 263, 267, 265, 263, 266, 266, 265, 263, 267, 268,
    264, 254, 235, 217, 197, 175, 161, 152, 157, 159, 153, 159, 158, 165,
    180, 189, 185, 178, 169, 169, 168, 180, 181, 183, 188, 179, 173, 171,
    168, 175, 172, 180, 186, 185, 180, 175, 170, 167, 165, 168, 183, 185,
    202, 196, 186, 183, 177, 172, 169, 168, 163, 169, 173, 174, 182, 177,
    174, 172, 166, 158, 168, 180, 198, 216, 232, 245, 256, 272, 279, 269,
    270, 268, 264, 262, 266, 264, 265 ]
RHandPositionsY: [ 253, 255, 254, 253, 252, 251, 255, 255, 253, 255, 252,
    240, 232, 216, 202, 184, 165, 154, 132, 132, 125, 112, 118, 125, 125,
    115, 105, 99, 90, 95, 85, 90, 110, 105, 101, 100, 94, 92, 91, 91, 92,
    96, 98, 98, 97, 97, 96, 89, 90, 88, 86, 92, 98, 104, 99, 98, 92, 94,
    93, 88, 89, 90, 91, 90, 90, 94, 90, 88, 89, 88, 95, 118, 138, 148,
    165, 188, 206, 225, 238, 245, 244, 247, 249, 253, 252, 256, 255, 256 ]
