%YAML:1.0
---
videoName: "RHShake01.mp4"
gestureLabel: 2
fps: 29
pixelSizeInCmTemp: 3.1513157894736843e-01
faceCenterPointX: 292
faceCenterPointY: 51
LHandPositionsX: [ 394, 396, 395, 393, 394, 393, 396, 392, 395, 396, 393,
    396, 396, 395, 393, 395, 395, 391, 391, 391, 392, 391, 391, 395, 393,
    395, 393, 394, 393, 395, 391, 392, 395, 392, 391, 391, 393, 392, 391,
    392, 393, 393, 393, 392, 394, 394, 391, 395, 395, 392, 394, 392, 393,
    394, 395, 391, 394, 395, 392, 394, 394, 393, 392, 395, 391, 393, 392,
    394, 391, 393, 391, 392, 394, 392, 395, 391, 391, 395, 392, 394, 393,
    394, 395, 394, 392, 391, 394, 391 ]
LHandPositionsY: [ 256, 256, 254, 257, 257, 256, 257, 254, 253, 257, 256,
    255, 257, 257, 255, 253, 256, 254, 253, 257, 256, 254, 257, 257, 255,
    257, 253, 255, 257, 253, 253, 254, 255, 254, 254, 254, 257, 256, 255,
    257, 257, 254, 254, 257, 255, 255, 253, 257, 253, 256, 256, 256, 256,
    257, 253, 255, 254, 255, 255, 257, 256, 256, 254, 255, 253, 255, 253,
    257, 256, 253, 257, 257, 257, 256, 253, 253, 257, 256, 255, 253, 255,
    253, 253, 254, 257, 253, 256, 253 ]
RHandPositionsX: [ 167, 168, 170, 168, 171, 171, 171, 171, 168, 170, 167,
    171, 171, 171, 170, 167, 171, 169, 170, 170, 168, 170, 171, 170, 171,
    170, 170, 176, 177, 168, 166, 162, 155, 152, 157, 162, 172, 178, 194,
    191, 191, 189, 180, 178, 174, 173, 177, 187, 197, 194, 192, 192, 184,
    180, 177, 180, 176, 184, 184, 194, 190, 192, 196, 184, 179, 175, 176,
    181, 189, 194, 193, 200, 195, 195, 195, 190, 187, 188, 189, 184, 176,
    175, 172, 175, 174, 171, 174, 174 ]
RHandPositionsY: [ 280, 277, 276, 276, 280, 280, 276, 276, 279, 276, 276,
    279, 276, 277, 278, 279, 276, 276, 278, 279, 280, 277, 277, 278, 275,
    276, 268, 244, 227, 209, 189, 167, 152, 135, 132, 118, 109, 109, 113,
    111, 106, 102, 101, 101, 98, 98, 100, 97, 103, 100, 99, 97, 93, 91,
    94, 91, 97, 98, 102, 102, 102, 99, 101, 98, 96, 94, 96, 99, 102, 109,
    110, 123, 134, 147, 161, 175, 192, 204, 206, 211, 221, 229, 233, 243,
    240, 244, 246, 245 ]
