%YAML:1.0
---
videoName: "RHShake18.mp4"
gestureLabel: 2
fps: 30
pixelSizeInCmTemp: 3.3732394366197183e-01
faceCenterPointX: 275
faceCenterPointY: 40
LHandPositionsX: [ 376, 376, 379, 377, 377, 376, 379, 379, 379, 376, 378,
    378, 378, 375, 378, 375, 376, 377, 378, 379, 376, 377, 376, 378, 377,
    375, 377, 379, 376, 379, 376, 376, 376, 379, 377, 379, 378, 377, 377,
    379, 375, 377, 376, 379, 375, 375, 376, 375, 372, 372, 375, 368, 366,
    359, 350, 348, 336, 334, 325, 317, 304, 299, 302, 302, 297, 288, 287,
    289, 296, 297, 290, 292, 293, 291, 291, 290, 291, 290, 288, 288, 291,
    291, 288, 287, 290, 289, 286, 285, 287, 289, 286 ]
LHandPositionsY: [ 230, 231, 230, 233, 230, 232, 231, 233, 232, 233, 229,
    231, 232, 232, 229, 229, 233, 230, 233, 231, 229, 232, 229, 232, 232,
    230, 230, 233, 231, 231, 233, 229, 231, 230, 232, 232, 231, 230, 230,
    233, 232, 232, 229, 230, 229, 232, 230, 233, 230, 228, 232, 236, 240,
    235, 236, 234, 233, 231, 231, 229, 229, 233, 232, 231, 233, 236, 237,
    236, 240, 238, 243, 243, 243, 242, 243, 242, 242, 242, 240, 239, 242,
    242, 239, 240, 243, 242, 242, 241, 241, 243, 240 ]
RHandPositionsX: [ 157, 156, 152, 148, 145, 151, 154, 159, 165, 164, 166,
    165, 157, 152, 149, 147, 155, 164, 168, 169, 169, 162, 159, 160, 158,
    156, 159, 164, 166, 167, 166, 162, 157, 154, 154, 162, 172, 175, 174,
    168, 163, 158, 160, 155, 161, 167, 173, 181, 192, 200, 209, 218, 233,
    244, 255, 260, 267, 255, 250, 249, 245, 243, 241, 236, 238, 238, 235,
    234, 235, 237, 239, 241, 238, 240, 239, 237, 236, 236, 238, 239, 239,
    239, 240, 238, 237, 237, 239, 236, 239, 237, 239 ]
RHandPositionsY: [ 75, 71, 67, 71, 69, 68, 66, 71, 70, 72, 70, 68, 70,
    66, 69, 70, 67, 73, 72, 71, 71, 72, 68, 67, 66, 70, 70, 73, 80, 73,
    73, 76, 71, 74, 74, 80, 94, 92, 95, 88, 89, 88, 84, 85, 85, 88, 97,
    100, 109, 125, 134, 143, 151, 164, 175, 182, 191, 194, 198, 199, 205,
    205, 209, 210, 211, 217, 216, 219, 224, 226, 230, 227, 225, 227, 228,
    228, 224, 228, 227, 225, 228, 226, 225, 227, 227, 224, 226, 226, 225,
    226, 225 ]
