%YAML:1.0
---
videoName: "RHShake14.mp4"
gestureLabel: 2
fps: 30
pixelSizeInCmTemp: 3.2808219178082193e-01
faceCenterPointX: 277
faceCenterPointY: 42
LHandPositionsX: [ 375, 376, 379, 377, 376, 377, 379, 379, 376, 376, 375,
    378, 378, 375, 375, 376, 373, 373, 375, 373, 376, 372, 373, 373, 375,
    376, 375, 376, 373, 375, 372, 373, 373, 376, 373, 375, 374, 372, 376,
    376, 372, 374, 373, 376, 373, 375, 375, 372, 374, 374, 373, 372, 375,
    373, 373, 373, 373, 373, 373, 372, 376, 373, 375, 375, 376, 372, 376,
    372, 373, 374, 373, 375, 374, 374, 372, 373, 376, 373, 374, 375, 373,
    374, 374, 374, 372, 373, 373, 373, 376, 372, 376 ]
LHandPositionsY: [ 229, 232, 233, 230, 233, 233, 233, 231, 229, 233, 231,
    232, 229, 232, 233, 230, 229, 233, 233, 233, 233, 230, 230, 232, 231,
    229, 232, 231, 231, 231, 229, 232, 232, 229, 233, 229, 229, 230, 229,
    232, 232, 230, 233, 232, 232, 232, 229, 233, 232, 232, 233, 231, 231,
    230, 232, 231, 229, 233, 232, 231, 233, 232, 229, 232, 232, 229, 232,
    230, 229, 230, 233, 231, 233, 232, 230, 229, 230, 233, 230, 233, 233,
    233, 232, 231, 229, 229, 230, 231, 232, 233, 231 ]
RHandPositionsX: [ 171, 173, 170, 172, 173, 174, 172, 174, 172, 171, 174,
    173, 170, 174, 170, 170, 171, 170, 170, 171, 170, 173, 172, 173, 169,
    171, 171, 167, 161, 147, 137, 128, 123, 114, 116, 123, 126, 129, 133,
    138, 143, 145, 146, 144, 148, 144, 151, 155, 155, 163, 158, 156, 153,
    152, 154, 159, 161, 169, 166, 164, 158, 154, 156, 156, 157, 166, 164,
    172, 175, 177, 180, 177, 177, 181, 171, 170, 179, 177, 173, 174, 173,
    170, 173, 173, 173, 172, 171, 170, 171, 170, 173 ]
RHandPositionsY: [ 240, 239, 242, 240, 240, 241, 243, 241, 243, 239, 240,
    243, 239, 240, 241, 240, 240, 243, 243, 242, 241, 242, 240, 239, 242,
    242, 247, 235, 212, 197, 172, 152, 135, 117, 116, 109, 106, 110, 116,
    115, 118, 106, 96, 90, 89, 84, 84, 82, 85, 83, 82, 78, 77, 78, 76,
    74, 80, 81, 80, 77, 78, 75, 77, 78, 80, 80, 84, 105, 118, 134, 145,
    159, 169, 183, 191, 195, 199, 205, 214, 219, 219, 220, 221, 226, 233,
    235, 235, 233, 236, 233, 235 ]
