%YAML:1.0
---
videoName: "RHShake05.mp4"
gestureLabel: 2
fps: 30
pixelSizeInCmTemp: 3.1103896103896100e-01
faceCenterPointX: 295
faceCenterPointY: 47
LHandPositionsX: [ 411, 410, 409, 409, 408, 410, 410, 408, 412, 411, 408,
    408, 410, 408, 408, 410, 410, 409, 408, 408, 409, 411, 410, 410, 408,
    412, 410, 409, 411, 411, 409, 408, 409, 410, 411, 409, 411, 411, 412,
    412, 408, 411, 410, 409, 408, 408, 409, 409, 411, 411, 410, 410, 410,
    411, 408, 409, 408, 409, 408, 408, 412, 410, 408, 409, 412, 410, 408,
    412, 411, 410, 410, 412, 408, 409, 411, 412, 412, 412, 411, 412, 408,
    409, 411, 408, 410, 411, 408, 411, 409, 411, 410 ]
LHandPositionsY: [ 257, 258, 259, 259, 257, 261, 261, 261, 259, 259, 261,
    260, 258, 258, 260, 257, 258, 257, 257, 260, 258, 258, 261, 259, 259,
    261, 261, 259, 260, 258, 259, 257, 258, 260, 258, 261, 258, 260, 260,
    257, 259, 257, 258, 257, 261, 260, 260, 257, 257, 257, 260, 257, 260,
    257, 261, 257, 261, 260, 257, 261, 259, 261, 260, 261, 258, 259, 260,
    260, 257, 259, 258, 259, 261, 258, 260, 259, 257, 261, 261, 260, 260,
    258, 257, 261, 261, 259, 260, 257, 260, 261, 259 ]
RHandPositionsX: [ 175, 174, 176, 176, 173, 173, 175, 177, 176, 175, 173,
    174, 172, 173, 175, 171, 171, 172, 173, 173, 171, 170, 174, 175, 177,
    176, 183, 177, 175, 167, 152, 155, 153, 161, 166, 177, 190, 200, 191,
    182, 177, 173, 169, 167, 175, 177, 190, 184, 175, 174, 170, 170, 170,
    175, 177, 188, 185, 178, 171, 170, 168, 171, 177, 189, 191, 190, 184,
    183, 178, 181, 179, 178, 188, 191, 196, 192, 181, 172, 171, 173, 174,
    175, 181, 186, 188, 189, 185, 180, 179, 177, 177 ]
RHandPositionsY: [ 261, 259, 259, 259, 261, 258, 262, 260, 261, 259, 262,
    259, 262, 261, 262, 259, 259, 261, 261, 262, 260, 261, 263, 258, 257,
    249, 233, 209, 183, 158, 133, 129, 107, 94, 88, 92, 92, 93, 89, 84,
    80, 77, 78, 83, 87, 87, 82, 80, 77, 73, 74, 76, 80, 85, 85, 90, 86,
    86, 86, 82, 83, 82, 89, 94, 95, 93, 91, 87, 81, 82, 85, 85, 90, 89,
    94, 90, 88, 88, 86, 92, 110, 135, 159, 183, 204, 223, 228, 234, 243,
    250, 246 ]
