%YAML:1.0
---
videoName: "RHShake17.mp4"
gestureLabel: 2
fps: 29
pixelSizeInCmTemp: 3.3732394366197183e-01
faceCenterPointX: 282
faceCenterPointY: 40
LHandPositionsX: [ 309, 305, 307, 305, 308, 309, 307, 308, 306, 307, 305,
    305, 309, 309, 306, 307, 306, 305, 305, 305, 306, 306, 309, 309, 309,
    309, 307, 308, 306, 309, 305, 305, 308, 306, 306, 306, 306, 309, 308,
    310, 306, 308, 306, 310, 306, 306, 309, 306, 306, 307, 310, 309, 310,
    310, 310, 309, 308, 308, 308, 311, 307, 311, 311, 308, 310, 307, 309,
    311, 309, 309, 309, 310, 306, 309, 309, 306, 308, 309, 308, 308, 308,
    306, 309, 306, 307, 306, 307, 309 ]
LHandPositionsY: [ 233, 231, 234, 232, 233, 234, 233, 235, 231, 231, 235,
    231, 233, 233, 231, 233, 235, 233, 231, 232, 235, 232, 231, 233, 231,
    234, 234, 234, 234, 232, 232, 235, 231, 231, 231, 233, 233, 233, 231,
    233, 235, 235, 235, 233, 235, 234, 231, 233, 232, 233, 231, 234, 231,
    234, 233, 232, 232, 231, 232, 233, 235, 232, 233, 234, 234, 235, 233,
    234, 231, 232, 231, 231, 235, 233, 235, 233, 233, 232, 234, 233, 234,
    232, 232, 233, 232, 231, 234, 233 ]
RHandPositionsX: [ 211, 198, 176, 161, 140, 141, 142, 147, 142, 144, 145,
    150, 158, 155, 148, 145, 144, 143, 143, 146, 163, 158, 155, 150, 149,
    147, 145, 143, 145, 153, 153, 160, 160, 154, 149, 146, 140, 140, 140,
    156, 151, 156, 157, 160, 152, 152, 147, 153, 159, 158, 173, 168, 164,
    163, 161, 158, 148, 150, 146, 150, 153, 162, 170, 177, 178, 176, 179,
    175, 172, 171, 174, 169, 169, 170, 171, 168, 173, 172, 169, 171, 169,
    169, 169, 168, 166, 167, 169, 166 ]
RHandPositionsY: [ 201, 186, 168, 149, 126, 111, 106, 103, 94, 92, 97,
    90, 82, 78, 73, 73, 70, 67, 69, 75, 78, 75, 72, 72, 70, 68, 66, 67,
    67, 67, 70, 66, 67, 64, 66, 65, 63, 66, 68, 82, 83, 79, 79, 77, 77,
    76, 73, 71, 72, 77, 91, 90, 84, 80, 77, 78, 80, 77, 79, 81, 94, 104,
    118, 134, 148, 160, 168, 182, 191, 197, 206, 214, 222, 228, 236, 234,
    237, 240, 240, 240, 242, 240, 242, 240, 241, 243, 246, 242 ]
