%YAML:1.0
---
videoName: "RHShake03.mp4"
gestureLabel: 2
fps: 29
pixelSizeInCmTemp: 3.1103896103896100e-01
faceCenterPointX: 294
faceCenterPointY: 48
LHandPositionsX: [ 411, 409, 408, 410, 410, 408, 409, 409, 411, 408, 411,
    409, 412, 409, 408, 409, 412, 411, 412, 411, 411, 411, 412, 412, 412,
    409, 410, 409, 410, 410, 408, 411, 412, 410, 410, 412, 411, 411, 408,
    410, 409, 410, 408, 408, 408, 409, 411, 408, 411, 410, 412, 410, 409,
    408, 411, 410, 409, 409, 409, 409, 411, 411, 411, 410, 410, 412, 408,
    410, 411, 409, 410, 411, 411, 409, 411, 407, 411, 409, 410, 411, 407,
    410, 410, 408, 407, 407, 409, 409 ]
LHandPositionsY: [ 263, 261, 261, 260, 260, 264, 264, 264, 261, 262, 264,
    260, 262, 260, 264, 260, 261, 264, 260, 260, 264, 262, 264, 264, 263,
    262, 261, 262, 262, 262, 264, 262, 261, 262, 264, 260, 260, 262, 263,
    264, 260, 260, 262, 263, 264, 263, 260, 263, 260, 262, 260, 261, 262,
    261, 260, 264, 262, 261, 261, 262, 261, 261, 261, 264, 264, 260, 263,
    262, 261, 262, 263, 263, 263, 264, 263, 260, 264, 262, 263, 260, 264,
    261, 263, 262, 262, 264, 260, 260 ]
RHandPositionsX: [ 180, 177, 180, 178, 178, 176, 176, 174, 176, 173, 173,
    173, 175, 176, 173, 172, 173, 173, 175, 171, 173, 175, 175, 172, 175,
    172, 171, 171, 173, 174, 172, 173, 174, 173, 166, 156, 152, 149, 151,
    153, 157, 167, 180, 183, 191, 192, 181, 176, 174, 171, 171, 180, 183,
    184, 182, 176, 171, 170, 170, 172, 176, 188, 198, 206, 198, 190, 186,
    190, 182, 183, 183, 192, 202, 208, 210, 208, 198, 197, 193, 181, 185,
    183, 185, 181, 181, 182, 181, 179 ]
RHandPositionsY: [ 258, 258, 259, 258, 261, 259, 263, 260, 261, 258, 260,
    258, 259, 260, 261, 259, 258, 261, 259, 260, 262, 259, 261, 258, 262,
    258, 259, 259, 261, 262, 264, 264, 255, 239, 221, 196, 179, 156, 147,
    130, 123, 118, 119, 120, 112, 106, 101, 99, 97, 99, 103, 106, 104,
    106, 106, 103, 100, 99, 96, 95, 102, 108, 111, 110, 107, 107, 102,
    104, 99, 101, 105, 117, 127, 139, 157, 177, 203, 209, 216, 239, 243,
    244, 242, 250, 253, 253, 254, 254 ]
