%YAML:1.0
---
videoName: "RHShake02.mp4"
gestureLabel: 2
fps: 29
pixelSizeInCmTemp: 3.1933333333333330e-01
faceCenterPointX: 291
faceCenterPointY: 51
LHandPositionsX: [ 408, 408, 405, 408, 407, 409, 406, 406, 405, 408, 409,
    408, 407, 406, 409, 409, 408, 404, 408, 407, 405, 405, 407, 404, 405,
    406, 403, 405, 406, 406, 406, 404, 405, 405, 405, 404, 404, 403, 403,
    401, 402, 404, 402, 402, 402, 403, 399, 398, 402, 399, 401, 401, 401,
    400, 399, 398, 399, 399, 400, 400, 400, 398, 397, 396, 396, 397, 395,
    395, 399, 399, 395, 398, 399, 396, 397, 398, 396, 398, 398, 397, 396,
    398, 399, 398, 399, 396, 399, 398 ]
LHandPositionsY: [ 265, 261, 263, 262, 261, 263, 265, 264, 264, 263, 261,
    265, 265, 264, 262, 261, 264, 264, 263, 263, 264, 263, 264, 260, 263,
    264, 260, 264, 262, 262, 261, 263, 262, 261, 260, 264, 264, 264, 261,
    261, 262, 261, 262, 262, 262, 264, 260, 264, 260, 262, 260, 261, 263,
    262, 261, 262, 262, 261, 263, 264, 260, 262, 260, 264, 262, 260, 260,
    264, 264, 262, 263, 263, 263, 260, 262, 264, 263, 262, 262, 262, 263,
    264, 263, 263, 262, 260, 260, 264 ]
RHandPositionsX: [ 174, 171, 174, 174, 174, 171, 171, 173, 172, 174, 172,
    172, 174, 171, 174, 174, 170, 174, 174, 174, 171, 173, 173, 170, 175,
    173, 174, 178, 177, 171, 169, 163, 159, 155, 148, 157, 160, 177, 182,
    178, 182, 175, 172, 166, 160, 160, 158, 168, 178, 186, 194, 186, 181,
    178, 169, 167, 164, 164, 174, 180, 183, 180, 180, 175, 174, 173, 171,
    166, 169, 176, 181, 193, 198, 202, 197, 198, 194, 186, 188, 184, 179,
    178, 177, 175, 174, 174, 175, 173 ]
RHandPositionsY: [ 265, 263, 264, 267, 267, 267, 267, 264, 265, 263, 263,
    264, 263, 265, 265, 263, 266, 266, 264, 267, 267, 267, 264, 264, 264,
    268, 264, 247, 231, 207, 189, 168, 146, 122, 110, 100, 97, 97, 98,
    97, 93, 92, 91, 90, 88, 90, 88, 95, 97, 98, 98, 97, 93, 89, 88, 84,
    87, 90, 94, 101, 100, 99, 99, 97, 93, 91, 94, 92, 92, 96, 104, 117,
    131, 142, 157, 176, 191, 212, 225, 232, 237, 243, 244, 251, 253, 254,
    253, 254 ]
