%YAML:1.0
---
videoName: "RHShake14.mp4"
gestureLabel: 2
fps: 30
pixelSizeInCmTemp: 3.2808219178082193e-01
faceCenterPointX: 277
faceCenterPointY: 42
LHandPositionsX: [ 376, 375, 375, 376, 379, 377, 376, 378, 378, 379, 378,
    378, 376, 376, 375, 376, 376, 373, 374, 374, 374, 373, 373, 372, 373,
    374, 374, 374, 373, 374, 376, 376, 373, 376, 372, 375, 372, 375, 375,
    373, 372, 376, 372, 374, 373, 376, 374, 372, 374, 372, 373, 374, 372,
    373, 375, 375, 376, 375, 372, 376, 372, 374, 374, 373, 374, 374, 373,
    372, 375, 372, 372, 373, 376, 375, 373, 376, 373, 376, 373, 372, 372,
    373, 375, 372, 374, 376, 372, 372, 373, 375, 373 ]
LHandPositionsY: [ 231, 229, 230, 230, 233, 231, 230, 232, 230, 231, 232,
    232, 229, 230, 233, 231, 230, 231, 231, 232, 229, 231, 230, 229, 230,
    229, 233, 231, 233, 231, 232, 231, 232, 229, 233, 232, 230, 233, 231,
    233, 231, 232, 229, 229, 230, 230, 230, 231, 231, 231, 232, 232, 231,
    229, 232, 233, 232, 233, 233, 229, 232, 232, 230, 232, 229, 229, 229,
    232, 233, 233, 231, 232, 229, 230, 232, 233, 231, 233, 232, 229, 230,
    230, 230, 230, 233, 229, 233, 229, 233, 232, 229 ]
RHandPositionsX: [ 171, 171, 174, 174, 174, 174, 170, 171, 170, 172, 174,
    171, 173, 171, 171, 173, 174, 174, 172, 173, 174, 170, 172, 173, 171,
    174, 170, 168, 158, 148, 137, 125, 125, 118, 116, 122, 129, 132, 137,
    141, 144, 145, 146, 141, 148, 146, 151, 155, 157, 160, 156, 155, 155,
    153, 156, 158, 162, 167, 169, 162, 157, 157, 158, 155, 155, 163, 166,
    169, 172, 175, 178, 178, 177, 177, 173, 173, 176, 177, 175, 175, 172,
    173, 170, 172, 174, 171, 172, 171, 171, 173, 171 ]
RHandPositionsY: [ 243, 239, 239, 239, 240, 239, 239, 241, 242, 241, 243,
    240, 243, 240, 240, 242, 241, 240, 242, 241, 243, 239, 242, 241, 241,
    243, 246, 234, 212, 193, 175, 155, 133, 118, 114, 109, 102, 110, 114,
    117, 117, 104, 96, 91, 89, 86, 86, 86, 83, 81, 79, 77, 75, 75, 76,
    77, 78, 82, 78, 79, 80, 77, 75, 75, 80, 83, 85, 107, 122, 131, 144,
    157, 171, 181, 191, 193, 197, 203, 211, 219, 215, 221, 222, 227, 235,
    235, 231, 232, 235, 236, 235 ]
