%YAML:1.0
---
videoName: "RHShake13.mp4"
gestureLabel: 2
fps: 30
pixelSizeInCmTemp: 3.2808219178082193e-01
faceCenterPointX: 278
faceCenterPointY: 45
LHandPositionsX: [ 307, 306, 307, 307, 309, 306, 309, 306, 305, 309, 305,
    308, 308, 305, 305, 305, 305, 308, 308, 305, 309, 307, 306, 308, 307,
    308, 305, 309, 306, 309, 305, 305, 307, 305, 305, 306, 307, 307, 307,
    308, 305, 306, 309, 309, 308, 307, 309, 308, 309, 309, 308, 305, 305,
    306, 306, 306, 305, 306, 308, 309, 305, 307, 306, 309, 308, 308, 306,
    309, 309, 307, 309, 309, 309, 309, 307, 308, 308, 306, 308, 307, 301,
    304, 303, 304, 305, 306, 307, 307, 307, 304, 306 ]
LHandPositionsY: [ 243, 244, 245, 243, 245, 242, 243, 243, 242, 242, 241,
    242, 243, 240, 241, 240, 241, 239, 241, 243, 243, 243, 240, 241, 242,
    242, 240, 240, 239, 242, 241, 240, 239, 240, 239, 242, 240, 240, 242,
    238, 242, 240, 241, 241, 238, 242, 240, 242, 240, 238, 242, 242, 242,
    239, 238, 238, 242, 241, 238, 242, 240, 240, 239, 242, 241, 242, 242,
    239, 242, 238, 240, 241, 241, 236, 236, 237, 234, 233, 234, 231, 231,
    235, 236, 237, 237, 239, 242, 243, 246, 246, 243 ]
RHandPositionsX: [ 167, 151, 137, 140, 143, 140, 143, 142, 147, 146, 145,
    148, 141, 136, 133, 137, 140, 144, 144, 142, 138, 134, 129, 131, 129,
    134, 135, 137, 141, 137, 134, 134, 131, 133, 132, 133, 135, 137, 137,
    137, 135, 132, 133, 135, 137, 148, 149, 150, 147, 148, 142, 136, 134,
    141, 141, 139, 141, 140, 143, 139, 135, 134, 130, 131, 136, 143, 143,
    144, 155, 162, 169, 180, 188, 201, 213, 223, 239, 247, 251, 250, 253,
    253, 258, 257, 261, 257, 259, 259, 257, 259, 258 ]
RHandPositionsY: [ 157, 140, 121, 120, 115, 110, 107, 103, 99, 97, 91,
    89, 87, 89, 87, 87, 87, 87, 87, 89, 89, 86, 85, 84, 88, 87, 90, 92,
    92, 90, 90, 90, 87, 91, 90, 92, 91, 91, 94, 92, 91, 91, 91, 88, 89,
    97, 94, 96, 92, 93, 94, 92, 94, 94, 94, 98, 101, 100, 99, 97, 97, 95,
    95, 97, 101, 103, 108, 110, 120, 125, 134, 145, 155, 167, 178, 186,
    197, 209, 214, 215, 219, 218, 227, 235, 236, 238, 239, 240, 239, 242,
    241 ]
