%YAML:1.0
---
videoName: "RHShake16.mp4"
gestureLabel: 2
fps: 29
pixelSizeInCmTemp: 3.2808219178082193e-01
faceCenterPointX: 281
faceCenterPointY: 44
LHandPositionsX: [ 371, 371, 370, 371, 369, 370, 373, 372, 369, 369, 369,
    371, 369, 369, 372, 372, 373, 371, 372, 369, 370, 372, 370, 369, 373,
    372, 373, 369, 369, 371, 369, 370, 373, 371, 369, 372, 373, 369, 372,
    370, 371, 372, 370, 369, 373, 371, 370, 370, 371, 372, 373, 369, 369,
    372, 369, 369, 372, 369, 370, 371, 370, 372, 372, 372, 369, 373, 373,
    372, 369, 373, 372, 373, 370, 369, 370, 371, 369, 369, 373, 372, 370,
    371, 372, 370, 371, 370, 370, 372 ]
LHandPositionsY: [ 231, 232, 233, 233, 232, 233, 233, 232, 232, 232, 234,
    234, 233, 233, 231, 232, 230, 231, 231, 232, 234, 232, 231, 233, 232,
    232, 232, 233, 232, 232, 232, 231, 232, 233, 231, 234, 232, 233, 230,
    234, 231, 230, 234, 231, 234, 234, 232, 232, 230, 233, 233, 231, 231,
    232, 230, 230, 230, 231, 231, 232, 230, 230, 230, 232, 230, 229, 229,
    233, 230, 233, 232, 229, 229, 232, 230, 231, 229, 231, 232, 233, 233,
    230, 232, 233, 231, 229, 231, 231 ]
RHandPositionsX: [ 168, 171, 171, 168, 167, 169, 168, 169, 170, 167, 167,
    171, 167, 170, 167, 171, 169, 170, 162, 153, 151, 149, 139, 130, 126,
    121, 116, 124, 124, 124, 129, 131, 137, 140, 142, 139, 139, 138, 135,
    138, 139, 145, 151, 151, 149, 148, 147, 147, 147, 146, 152, 154, 151,
    149, 150, 146, 148, 146, 146, 152, 153, 159, 154, 151, 153, 150, 150,
    151, 152, 160, 165, 173, 173, 175, 176, 172, 177, 173, 173, 168, 171,
    172, 169, 168, 169, 170, 170, 171 ]
RHandPositionsY: [ 269, 268, 265, 266, 267, 267, 266, 265, 265, 266, 265,
    267, 265, 267, 268, 269, 266, 263, 257, 241, 219, 200, 180, 161, 146,
    128, 118, 116, 111, 104, 106, 102, 100, 95, 97, 93, 92, 92, 89, 87,
    90, 88, 91, 91, 89, 88, 87, 86, 85, 85, 87, 86, 90, 87, 89, 86, 87,
    88, 89, 89, 93, 91, 90, 87, 88, 88, 91, 93, 101, 120, 132, 149, 160,
    171, 184, 191, 193, 204, 209, 218, 222, 221, 222, 234, 239, 235, 238,
    236 ]
