%YAML:1.0
---
videoName: "RHShake18.mp4"
gestureLabel: 2
fps: 30
pixelSizeInCmTemp: 3.3732394366197183e-01
faceCenterPointX: 275
faceCenterPointY: 40
LHandPositionsX: [ 377, 378, 378, 376, 375, 379, 378, 379, 377, 377, 377,
    377, 376, 378, 377, 379, 379, 378, 375, 375, 378, 379, 378, 378, 377,
    378, 375, 377, 377, 377, 379, 376, 379, 378, 376, 378, 376, 376, 376,
    377, 379, 378, 377, 375, 379, 377, 379, 374, 375, 371, 372, 371, 364,
    357, 351, 349, 337, 332, 326, 317, 304, 298, 298, 300, 296, 291, 287,
    290, 296, 295, 293, 289, 292, 292, 292, 290, 288, 288, 291, 287, 288,
    289, 289, 289, 287, 286, 285, 286, 289, 286, 288 ]
LHandPositionsY: [ 231, 231, 229, 232, 232, 229, 233, 233, 229, 233, 230,
    229, 229, 231, 230, 230, 229, 233, 229, 231, 230, 231, 231, 233, 229,
    233, 231, 229, 230, 229, 229, 230, 231, 230, 231, 231, 231, 232, 231,
    233, 232, 230, 231, 229, 229, 233, 230, 231, 231, 230, 234, 236, 238,
    239, 235, 236, 235, 234, 227, 231, 232, 234, 231, 234, 234, 236, 233,
    239, 236, 242, 241, 240, 242, 240, 241, 239, 239, 241, 243, 240, 241,
    243, 243, 243, 243, 243, 239, 240, 240, 242, 242 ]
RHandPositionsX: [ 159, 155, 154, 148, 147, 151, 150, 158, 162, 163, 163,
    163, 155, 153, 152, 149, 158, 164, 170, 170, 169, 162, 157, 156, 157,
    158, 156, 165, 162, 168, 166, 159, 158, 158, 156, 163, 172, 174, 173,
    168, 162, 161, 158, 156, 158, 168, 174, 180, 191, 199, 206, 221, 233,
    244, 254, 263, 268, 259, 251, 249, 247, 241, 238, 238, 238, 236, 235,
    236, 236, 237, 239, 241, 236, 238, 239, 238, 239, 236, 238, 238, 239,
    236, 236, 240, 236, 236, 239, 238, 238, 237, 237 ]
RHandPositionsY: [ 73, 73, 68, 68, 66, 68, 67, 68, 71, 76, 72, 69, 70,
    69, 68, 66, 71, 70, 71, 74, 73, 69, 68, 68, 69, 68, 70, 74, 77, 73,
    75, 76, 72, 73, 74, 78, 93, 90, 91, 92, 87, 87, 84, 84, 87, 87, 100,
    104, 113, 121, 135, 141, 155, 165, 172, 181, 188, 191, 195, 198, 201,
    208, 206, 213, 211, 213, 220, 220, 222, 224, 228, 228, 224, 228, 225,
    226, 225, 225, 227, 224, 226, 226, 224, 228, 224, 227, 227, 228, 224,
    224, 226 ]
