%YAML:1.0
---
videoName: "RHShake12.mp4"
gestureLabel: 2
fps: 29
pixelSizeInCmTemp: 3.3732394366197183e-01
faceCenterPointX: 299
faceCenterPointY: 45
LHandPositionsX: [ 407, 404, 405, 406, 406, 408, 408, 406, 404, 408, 405,
    408, 408, 407, 408, 407, 407, 405, 406, 408, 407, 406, 404, 408, 404,
    404, 404, 404, 406, 404, 406, 408, 406, 406, 408, 405, 407, 408, 406,
    408, 406, 406, 405, 407, 404, 406, 408, 408, 405, 405, 404, 404, 408,
    408, 408, 406, 404, 406, 404, 407, 407, 406, 405, 407, 405, 408, 405,
    406, 406, 408, 407, 408, 408, 406, 407, 407, 406, 405, 408, 408, 404,
    404, 404, 406, 408, 406, 406, 408 ]
LHandPositionsY: [ 243, 239, 240, 243, 243, 241, 241, 241, 243, 242, 240,
    239, 240, 242, 240, 241, 241, 241, 242, 240, 242, 241, 240, 243, 240,
    240, 240, 239, 241, 240, 242, 242, 242, 241, 241, 241, 240, 242, 241,
    241, 241, 243, 242, 243, 242, 242, 243, 240, 239, 239, 241, 241, 243,
    242, 241, 240, 241, 241, 240, 243, 242, 242, 242, 240, 242, 240, 243,
    239, 242, 243, 241, 243, 240, 240, 242, 240, 240, 242, 239, 240, 241,
    242, 241, 239, 243, 241, 243, 239 ]
RHandPositionsX: [ 171, 167, 162, 161, 164, 172, 180, 193, 191, 197, 191,
    183, 178, 173, 172, 168, 170, 177, 188, 185, 190, 185, 179, 174, 170,
    166, 166, 174, 187, 192, 191, 191, 182, 179, 177, 177, 171, 175, 178,
    193, 196, 196, 186, 180, 175, 175, 174, 173, 179, 191, 190, 192, 195,
    189, 184, 181, 178, 178, 171, 176, 180, 194, 200, 202, 201, 201, 194,
    191, 186, 187, 183, 184, 190, 194, 200, 196, 198, 202, 201, 201, 200,
    198, 196, 198, 200, 198, 200, 197 ]
RHandPositionsY: [ 138, 125, 117, 112, 106, 94, 94, 105, 107, 111, 102,
    91, 93, 87, 91, 86, 81, 90, 99, 102, 108, 95, 91, 86, 87, 85, 82, 90,
    103, 112, 110, 107, 99, 95, 95, 94, 87, 88, 95, 113, 116, 113, 102,
    99, 94, 96, 91, 88, 95, 109, 109, 113, 115, 101, 94, 90, 88, 90, 87,
    87, 92, 111, 118, 117, 119, 118, 113, 110, 113, 111, 118, 123, 134,
    149, 159, 163, 169, 176, 184, 196, 202, 210, 216, 221, 221, 226, 231,
    230 ]
