%YAML:1.0
---
videoName: "RHShake09.mp4"
gestureLabel: 2
fps: 29
pixelSizeInCmTemp: 3.1103896103896100e-01
faceCenterPointX: 296
faceCenterPointY: 48
LHandPositionsX: [ 327, 324, 323, 323, 325, 323, 322, 324, 318, 319, 318,
    316, 315, 314, 313, 313, 312, 312, 308, 308, 311, 309, 310, 309, 308,
    305, 308, 304, 305, 308, 305, 308, 310, 309, 307, 307, 308, 311, 307,
    309, 307, 307, 311, 309, 309, 309, 309, 313, 314, 314, 310, 313, 311,
    312, 312, 314, 314, 313, 313, 313, 314, 315, 317, 316, 316, 313, 316,
    315, 318, 317, 315, 314, 317, 316, 313, 317, 315, 314, 316, 313, 314,
    316, 318, 318, 316, 318, 317, 314 ]
LHandPositionsY: [ 268, 265, 270, 267, 267, 268, 271, 270, 273, 274, 270,
    271, 275, 274, 272, 276, 276, 272, 276, 275, 272, 275, 272, 273, 273,
    276, 274, 275, 273, 273, 277, 273, 275, 277, 275, 274, 273, 276, 277,
    276, 276, 273, 277, 276, 277, 276, 276, 275, 277, 277, 275, 276, 273,
    277, 275, 272, 277, 276, 276, 273, 274, 273, 274, 273, 276, 276, 273,
    275, 272, 272, 275, 273, 274, 272, 274, 273, 276, 275, 275, 274, 276,
    272, 272, 274, 275, 272, 275, 275 ]
RHandPositionsX: [ 262, 265, 266, 265, 264, 263, 265, 265, 260, 262, 262,
    260, 260, 258, 260, 257, 256, 258, 259, 258, 255, 256, 255, 257, 254,
    258, 256, 257, 256, 258, 264, 260, 255, 244, 226, 206, 188, 177, 169,
    174, 173, 173, 181, 186, 186, 186, 182, 182, 180, 176, 189, 191, 187,
    199, 194, 185, 180, 175, 179, 184, 184, 186, 197, 187, 186, 180, 176,
    171, 172, 182, 184, 187, 186, 183, 181, 178, 181, 181, 183, 192, 191,
    190, 201, 201, 210, 217, 227, 239 ]
RHandPositionsY: [ 262, 266, 266, 265, 263, 267, 268, 266, 264, 269, 268,
    266, 268, 269, 269, 265, 266, 265, 268, 268, 268, 267, 266, 265, 267,
    266, 268, 267, 265, 266, 269, 261, 246, 230, 214, 196, 177, 155, 139,
    133, 117, 110, 105, 110, 109, 106, 99, 87, 90, 88, 88, 97, 95, 98,
    92, 94, 89, 90, 87, 91, 93, 95, 97, 96, 92, 88, 87, 87, 91, 98, 98,
    96, 94, 92, 93, 90, 90, 93, 95, 107, 103, 108, 122, 131, 145, 154,
    170, 184 ]
