%YAML:1.0
---
videoName: "RHShake18.mp4"
gestureLabel: 2
fps: 30
pixelSizeInCmTemp: 3.3732394366197183e-01
faceCenterPointX: 275
faceCenterPointY: 40
LHandPositionsX: [ 375, 377, 376, 376, 379, 375, 377, 377, 377, 377, 379,
    378, 378, 377, 377, 377, 375, 378, 375, 378, 379, 379, 377, 375, 378,
    377, 377, 375, 377, 375, 375, 377, 377, 378, 379, 379, 377, 375, 375,
    377, 375, 377, 378, 376, 377, 378, 378, 375, 373, 372, 373, 370, 366,
    357, 350, 346, 339, 332, 324, 318, 302, 301, 299, 298, 298, 289, 290,
    292, 294, 295, 290, 291, 289, 290, 293, 291, 291, 290, 290, 291, 291,
    287, 290, 290, 290, 285, 286, 288, 285, 287, 289 ]
LHandPositionsY: [ 230, 233, 232, 232, 232, 230, 229, 229, 229, 230, 231,
    233, 232, 230, 231, 230, 233, 229, 231, 232, 232, 231, 233, 233, 229,
    232, 229, 230, 233, 232, 229, 231, 231, 229, 230, 233, 232, 233, 230,
    231, 233, 229, 231, 233, 232, 231, 233, 229, 230, 230, 234, 238, 240,
    237, 237, 236, 235, 233, 230, 229, 232, 234, 230, 233, 234, 236, 237,
    237, 239, 241, 242, 244, 241, 239, 240, 240, 240, 240, 242, 240, 239,
    240, 242, 243, 240, 242, 241, 243, 243, 241, 240 ]
RHandPositionsX: [ 156, 153, 152, 146, 147, 147, 150, 160, 161, 163, 164,
    165, 155, 155, 150, 147, 154, 162, 167, 169, 167, 165, 161, 157, 160,
    155, 155, 165, 162, 165, 165, 158, 160, 155, 158, 163, 174, 172, 171,
    170, 165, 158, 157, 154, 160, 166, 171, 179, 190, 201, 209, 222, 231,
    242, 255, 260, 268, 257, 249, 250, 243, 241, 240, 237, 235, 238, 234,
    236, 233, 237, 238, 238, 240, 239, 237, 238, 236, 240, 236, 238, 238,
    239, 236, 238, 238, 237, 237, 237, 240, 238, 240 ]
RHandPositionsY: [ 71, 69, 69, 67, 69, 66, 67, 69, 72, 73, 69, 67, 68,
    66, 68, 68, 68, 72, 69, 71, 74, 70, 69, 69, 65, 67, 73, 76, 76, 76,
    76, 73, 74, 71, 73, 77, 92, 92, 94, 88, 90, 87, 86, 84, 87, 90, 100,
    101, 110, 124, 132, 143, 151, 163, 173, 183, 188, 195, 194, 197, 203,
    205, 209, 211, 213, 213, 220, 221, 220, 223, 227, 229, 225, 225, 224,
    224, 228, 226, 224, 228, 226, 228, 225, 226, 226, 227, 224, 228, 225,
    228, 227 ]
