%YAML:1.0
---
videoName: "RHShake07.mp4"
gestureLabel: 2
fps: 29
pixelSizeInCmTemp: 3.2364864864864862e-01
faceCenterPointX: 292
faceCenterPointY: 44
LHandPositionsX: [ 309, 306, 306, 307, 307, 306, 310, 306, 310, 309, 310,
    311, 309, 312, 312, 312, 314, 312, 314, 311, 314, 312, 310, 312, 312,
    311, 311, 310, 312, 310, 311, 312, 313, 316, 315, 315, 312, 312, 316,
    313, 312, 316, 315, 313, 312, 313, 312, 313, 314, 316, 316, 313, 316,
    312, 315, 313, 313, 316, 315, 313, 314, 312, 313, 315, 315, 315, 315,
    313, 312, 314, 313, 314, 313, 313, 317, 314, 315, 314, 312, 313, 309,
    308, 311, 309, 308, 308, 310, 308 ]
LHandPositionsY: [ 268, 269, 271, 269, 267, 268, 269, 272, 270, 273, 271,
    273, 273, 271, 269, 272, 270, 269, 271, 268, 267, 269, 267, 268, 269,
    268, 267, 271, 267, 267, 271, 270, 271, 271, 269, 270, 268, 269, 269,
    267, 268, 269, 267, 268, 271, 271, 271, 267, 268, 270, 269, 270, 269,
    268, 270, 269, 270, 270, 269, 270, 269, 268, 271, 270, 271, 268, 268,
    270, 270, 269, 270, 267, 268, 269, 267, 269, 269, 267, 268, 272, 269,
    272, 270, 274, 275, 275, 272, 271 ]
RHandPositionsX: [ 263, 264, 267, 266, 263, 266, 267, 269, 265, 270, 269,
    261, 252, 238, 215, 194, 178, 162, 151, 153, 158, 154, 159, 160, 162,
    181, 190, 183, 178, 170, 168, 168, 181, 180, 185, 187, 179, 173, 168,
    168, 171, 176, 183, 184, 185, 183, 177, 172, 164, 164, 166, 184, 184,
    199, 195, 188, 185, 175, 168, 171, 168, 166, 169, 175, 175, 185, 179,
    173, 171, 169, 159, 168, 176, 198, 213, 232, 243, 256, 269, 275, 269,
    269, 268, 267, 263, 264, 268, 264 ]
RHandPositionsY: [ 252, 251, 251, 252, 251, 251, 252, 255, 253, 257, 249,
    244, 230, 220, 200, 184, 165, 154, 136, 133, 124, 114, 120, 123, 128,
    115, 105, 99, 92, 93, 88, 92, 107, 103, 105, 97, 97, 94, 94, 93, 93,
    94, 100, 100, 97, 98, 92, 89, 91, 84, 84, 89, 97, 104, 98, 94, 94,
    91, 91, 87, 90, 87, 92, 93, 93, 94, 87, 85, 87, 90, 94, 117, 138,
    147, 166, 184, 206, 226, 238, 245, 243, 249, 249, 251, 252, 252, 254,
    258 ]
