%YAML:1.0
---
videoName: "RHShake21.mp4"
gestureLabel: 2
fps: 29
pixelSizeInCmTemp: 3.3732394366197183e-01
faceCenterPointX: 293
faceCenterPointY: 47
LHandPositionsX: [ 394, 396, 394, 397, 396, 396, 395, 395, 397, 395, 396,
    396, 395, 397, 398, 398, 394, 397, 398, 395, 394, 396, 395, 397, 396,
    395, 397, 398, 396, 394, 395, 396, 395, 397, 394, 398, 396, 395, 396,
    396, 396, 397, 398, 395, 398, 395, 395, 395, 396, 396, 396, 395, 396,
    397, 394, 398, 394, 398, 397, 397, 395, 398, 398, 398, 394, 398, 397,
    394, 398, 394, 395, 397, 394, 395, 398, 395, 396, 394, 396, 397, 398,
    395, 395, 398, 398, 395, 397, 394 ]
LHandPositionsY: [ 242, 240, 241, 241, 241, 239, 241, 240, 242, 239, 240,
    240, 239, 240, 240, 240, 239, 242, 239, 241, 241, 241, 240, 242, 241,
    238, 240, 239, 241, 238, 238, 238, 238, 239, 238, 242, 241, 239, 241,
    239, 242, 242, 241, 240, 239, 242, 242, 240, 239, 239, 240, 239, 239,
    238, 240, 241, 239, 241, 238, 239, 238, 241, 239, 240, 240, 238, 238,
    241, 240, 241, 239, 238, 238, 238, 238, 238, 241, 238, 239, 240, 240,
    242, 239, 240, 238, 242, 238, 239 ]
RHandPositionsX: [ 136, 139, 142, 144, 146, 146, 145, 139, 138, 135, 132,
    141, 144, 151, 151, 151, 148, 145, 139, 136, 135, 134, 137, 144, 148,
    152, 152, 148, 148, 145, 141, 138, 135, 139, 141, 148, 148, 152, 148,
    147, 144, 135, 139, 135, 136, 138, 146, 149, 150, 152, 149, 145, 140,
    135, 134, 137, 138, 147, 154, 163, 169, 178, 175, 182, 181, 184, 186,
    185, 189, 185, 189, 190, 188, 187, 188, 188, 189, 189, 185, 185, 187,
    189, 186, 187, 188, 187, 187, 188 ]
RHandPositionsY: [ 83, 87, 90, 90, 89, 86, 82, 79, 84, 80, 82, 86, 88,
    90, 92, 94, 90, 86, 85, 86, 83, 85, 80, 87, 90, 90, 94, 90, 91, 88,
    88, 87, 82, 85, 88, 90, 91, 93, 94, 88, 87, 89, 86, 84, 85, 90, 97,
    97, 96, 99, 98, 96, 94, 91, 94, 93, 96, 104, 115, 128, 141, 153, 152,
    149, 158, 169, 180, 189, 201, 208, 213, 216, 220, 225, 226, 224, 225,
    227, 229, 227, 229, 229, 227, 228, 231, 231, 228, 229 ]
