%YAML:1.0
---
videoName: "RHShake14.mp4"
gestureLabel: 2
fps: 30
pixelSizeInCmTemp: 3.2808219178082193e-01
faceCenterPointX: 277
faceCenterPointY: 42
LHandPositionsX: [ 377, 377, 379, 377, 377, 379, 375, 378, 376, 379, 376,
    375, 375, 377, 376, 374, 377, 373, 373, 374, 372, 376, 374, 374, 376,
    372, 376, 376, 374, 375, 376, 376, 376, 373, 374, 375, 373, 373, 374,
    373, 373, 376, 373, 372, 374, 372, 373, 375, 376, 375, 375, 375, 375,
    373, 376, 374, 375, 376, 373, 373, 376, 372, 373, 372, 372, 372, 373,
    375, 376, 375, 376, 373, 372, 372, 373, 376, 375, 374, 372, 374, 376,
    372, 374, 372, 376, 374, 374, 372, 374, 374, 376 ]
LHandPositionsY: [ 230, 232, 232, 230, 233, 231, 229, 230, 229, 233, 229,
    232, 231, 232, 229, 232, 233, 231, 231, 232, 233, 233, 231, 231, 229,
    229, 231, 233, 230, 229, 232, 230, 232, 229, 232, 229, 232, 229, 229,
    232, 233, 230, 229, 229, 231, 233, 230, 229, 231, 232, 229, 231, 232,
    232, 231, 231, 230, 232, 232, 230, 230, 233, 229, 233, 233, 233, 229,
    229, 230, 230, 232, 229, 230, 232, 233, 229, 232, 233, 229, 231, 229,
    232, 233, 231, 232, 233, 232, 233, 233, 232, 233 ]
RHandPositionsX: [ 173, 170, 173, 174, 170, 173, 170, 171, 174, 170, 173,
    174, 174, 172, 173, 170, 172, 174, 171, 172, 171, 172, 172, 170, 172,
    173, 170, 169, 161, 147, 135, 126, 123, 117, 116, 123, 128, 132, 136,
    141, 143, 148, 143, 143, 148, 147, 149, 151, 156, 159, 159, 157, 154,
    153, 154, 157, 159, 167, 168, 161, 156, 153, 157, 159, 156, 164, 163,
    172, 174, 178, 177, 178, 177, 177, 174, 174, 176, 180, 175, 172, 171,
    172, 171, 170, 174, 172, 172, 170, 170, 172, 173 ]
RHandPositionsY: [ 239, 242, 243, 240, 239, 240, 242, 240, 243, 240, 243,
    240, 243, 239, 241, 241, 241, 240, 243, 240, 243, 243, 240, 240, 242,
    242, 243, 233, 216, 194, 172, 154, 134, 115, 116, 110, 104, 111, 114,
    115, 117, 105, 96, 94, 90, 86, 87, 84, 82, 81, 81, 76, 79, 77, 78,
    75, 79, 81, 77, 80, 77, 78, 77, 78, 77, 83, 85, 108, 119, 132, 146,
    157, 170, 180, 192, 195, 199, 205, 212, 218, 217, 222, 224, 226, 234,
    232, 235, 233, 235, 234, 235 ]
