%YAML:1.0
---
videoName: "RHShake00.mp4"
gestureLabel: 2
fps: 29
pixelSizeInCmTemp: 3.4710144927536229e-01
faceCenterPointX: 283
faceCenterPointY: 97
LHandPositionsX: [ 342, 345, 346, 342, 343, 342, 345, 343, 343, 346, 342,
    343, 346, 343, 345, 343, 346, 346, 344, 346, 345, 345, 344, 344, 343,
    346, 343, 343, 345, 346, 343, 342, 346, 345, 344, 346, 346, 342, 342,
    342, 342, 343, 343, 343, 344, 343, 343, 343, 345, 346, 344, 342, 344,
    343, 346, 345, 342, 343, 346, 345, 345, 344, 342, 345, 345, 346, 342,
    343, 346, 346, 343, 345, 344, 344, 344, 344, 344, 343, 346, 342, 343,
    344, 344, 343, 344, 346, 345, 344 ]
LHandPositionsY: [ 273, 273, 274, 275, 274, 273, 272, 274, 274, 276, 274,
    275, 272, 273, 272, 273, 272, 274, 275, 276, 272, 272, 273, 276, 273,
    275, 273, 274, 273, 272, 275, 274, 272, 273, 276, 276, 275, 276, 272,
    274, 273, 275, 273, 274, 276, 273, 276, 274, 272, 275, 275, 273, 274,
    273, 274, 272, 272, 276, 272, 274, 275, 274, 272, 276, 276, 275, 272,
    272, 274, 276, 275, 274, 276, 272, 273, 275, 276, 274, 274, 274, 275,
    272, 272, 275, 276, 272, 274, 272 ]
RHandPositionsX: [ 178, 175, 165, 154, 150, 144, 147, 144, 145, 141, 143,
    147, 149, 168, 169, 164, 167, 166, 163, 159, 155, 153, 150, 149, 155,
    163, 165, 168, 165, 166, 155, 151, 151, 147, 150, 154, 163, 161, 165,
    164, 160, 158, 151, 143, 141, 147, 147, 152, 154, 157, 161, 160, 155,
    149, 145, 144, 144, 148, 155, 160, 159, 161, 168, 160, 157, 153, 146,
    142, 141, 147, 151, 155, 157, 160, 162, 167, 168, 174, 177, 182, 183,
    185, 190, 191, 195, 195, 199, 196 ]
RHandPositionsY: [ 257, 252, 243, 221, 201, 187, 178, 168, 161, 148, 141,
    135, 134, 132, 139, 138, 135, 131, 127, 126, 121, 120, 121, 121, 126,
    133, 132, 133, 137, 129, 126, 126, 124, 122, 130, 134, 136, 141, 141,
    138, 139, 134, 134, 130, 130, 136, 135, 136, 136, 136, 140, 142, 134,
    131, 128, 130, 131, 133, 139, 145, 146, 143, 148, 144, 143, 136, 137,
    139, 142, 147, 155, 160, 167, 175, 183, 190, 196, 205, 215, 223, 230,
    237, 243, 249, 252, 256, 264, 260 ]
