%YAML:1.0
---
videoName: "RHShake09.mp4"
gestureLabel: 2
fps: 29
pixelSizeInCmTemp: 3.1103896103896100e-01
faceCenterPointX: 296
faceCenterPointY: 48
LHandPositionsX: [ 326, 326, 324, 323, 326, 323, 322, 321, 317, 318, 318,
    317, 313, 311, 310, 309, 313, 309, 311, 311, 308, 307, 307, 307, 308,
    305, 304, 304, 308, 307, 305, 309, 309, 312, 309, 309, 307, 307, 310,
    310, 311, 307, 309, 310, 309, 309, 309, 310, 311, 314, 312, 314, 315,
    311, 315, 316, 316, 316, 314, 317, 313, 313, 317, 317, 317, 315, 316,
    315, 315, 317, 314, 317, 315, 316, 313, 314, 316, 315, 314, 316, 315,
    313, 318, 315, 315, 317, 317, 316 ]
LHandPositionsY: [ 266, 265, 270, 267, 269, 267, 269, 272, 272, 273, 272,
    272, 274, 272, 275, 272, 276, 275, 273, 272, 276, 272, 276, 275, 274,
    273, 275, 272, 273, 275, 274, 274, 275, 276, 275, 275, 275, 276, 276,
    277, 273, 274, 277, 273, 277, 275, 273, 276, 276, 275, 275, 277, 274,
    274, 275, 275, 276, 276, 276, 275, 275, 276, 272, 274, 273, 272, 273,
    274, 272, 276, 273, 273, 273, 273, 275, 273, 272, 275, 275, 274, 275,
    272, 275, 275, 275, 273, 272, 273 ]
RHandPositionsX: [ 266, 263, 263, 263, 265, 263, 264, 261, 261, 262, 262,
    261, 259, 259, 257, 258, 257, 260, 258, 255, 259, 258, 258, 254, 258,
    258, 258, 256, 256, 258, 263, 260, 257, 244, 223, 206, 191, 178, 171,
    171, 175, 174, 182, 186, 186, 184, 181, 182, 179, 178, 185, 191, 187,
    202, 195, 184, 180, 175, 177, 188, 184, 184, 196, 189, 189, 181, 177,
    175, 174, 183, 181, 190, 185, 183, 181, 179, 183, 179, 184, 191, 193,
    193, 197, 202, 208, 215, 227, 240 ]
RHandPositionsY: [ 263, 265, 263, 263, 263, 266, 267, 266, 267, 267, 269,
    269, 265, 268, 269, 265, 266, 265, 268, 267, 269, 266, 266, 267, 267,
    269, 266, 268, 266, 268, 270, 259, 247, 232, 216, 198, 177, 155, 137,
    135, 114, 107, 108, 108, 110, 102, 97, 90, 86, 89, 90, 95, 96, 95,
    92, 93, 88, 86, 85, 88, 95, 94, 99, 97, 89, 84, 89, 88, 91, 96, 98,
    98, 96, 92, 94, 89, 90, 92, 97, 106, 103, 107, 122, 131, 143, 154,
    166, 188 ]
