%YAML:1.0
---
videoName: "RHShake23.mp4"
gestureLabel: 2
fps: 29
pixelSizeInCmTemp: 3.3263888888888887e-01
faceCenterPointX: 298
faceCenterPointY: 49
LHandPositionsX: [ 388, 388, 391, 391, 390, 389, 389, 389, 389, 391, 389,
    388, 390, 388, 388, 390, 387, 387, 391, 389, 391, 387, 387, 388, 388,
    387, 390, 387, 389, 389, 387, 390, 389, 389, 388, 388, 389, 387, 388,
    389, 389, 388, 388, 390, 387, 391, 389, 387, 387, 388, 390, 388, 389,
    389, 387, 389, 390, 391, 389, 388, 391, 388, 389, 387, 389, 390, 387,
    391, 389, 391, 388, 390, 390, 390, 387, 391, 391, 391, 388, 390, 388,
    388, 387, 391, 387, 391, 387, 388 ]
LHandPositionsY: [ 225, 224, 224, 228, 227, 228, 226, 224, 227, 226, 227,
    228, 227, 224, 228, 228, 224, 227, 224, 224, 228, 225, 228, 228, 228,
    224, 227, 226, 227, 226, 226, 227, 226, 228, 225, 225, 228, 228, 226,
    228, 228, 225, 224, 225, 227, 228, 226, 225, 226, 227, 225, 225, 224,
    225, 224, 225, 227, 227, 227, 228, 225, 227, 228, 225, 227, 227, 228,
    227, 228, 225, 225, 225, 227, 227, 227, 227, 225, 226, 226, 224, 226,
    226, 227, 228, 225, 225, 225, 227 ]
RHandPositionsX: [ 169, 172, 177, 188, 189, 187, 195, 191, 180, 178, 173,
    173, 175, 179, 189, 198, 197, 199, 197, 193, 187, 183, 174, 176, 172,
    173, 170, 179, 190, 202, 200, 199, 201, 193, 192, 184, 184, 182, 178,
    181, 187, 197, 200, 205, 207, 203, 198, 192, 182, 181, 176, 179, 180,
    186, 191, 202, 206, 208, 208, 208, 210, 211, 207, 212, 210, 206, 209,
    204, 203, 205, 203, 206, 205, 203, 200, 202, 201, 202, 199, 202, 202,
    198, 200, 200, 200, 200, 200, 199 ]
RHandPositionsY: [ 99, 95, 97, 114, 115, 112, 121, 109, 101, 100, 100,
    102, 101, 101, 113, 122, 122, 122, 125, 111, 102, 99, 101, 101, 97,
    98, 93, 101, 115, 123, 123, 124, 121, 108, 105, 104, 107, 100, 102,
    102, 113, 123, 121, 123, 124, 124, 124, 107, 109, 106, 102, 103, 101,
    119, 126, 134, 140, 150, 148, 152, 161, 166, 175, 180, 190, 203, 206,
    213, 214, 217, 219, 217, 219, 221, 226, 226, 224, 228, 227, 228, 225,
    224, 227, 224, 227, 227, 227, 227 ]
