%YAML:1.0
---
videoName: "RHShake24.mp4"
gestureLabel: 2
fps: 30
pixelSizeInCmTemp: 3.3732394366197183e-01
faceCenterPointX: 304
faceCenterPointY: 46
LHandPositionsX: [ 391, 390, 392, 389, 390, 392, 390, 389, 391, 389, 392,
    389, 389, 391, 389, 391, 390, 390, 391, 390, 391, 391, 389, 393, 390,
    391, 392, 390, 392, 393, 389, 389, 393, 392, 389, 392, 393, 392, 393,
    392, 391, 391, 393, 393, 393, 391, 391, 389, 393, 392, 393, 393, 393,
    391, 392, 389, 389, 389, 393, 390, 390, 390, 392, 392, 391, 390, 390,
    390, 389, 393, 389, 389, 391, 390, 389, 389, 391, 389, 389, 393, 389,
    389, 391, 389, 389, 392, 393, 389, 392, 391, 390 ]
LHandPositionsY: [ 229, 229, 227, 229, 228, 229, 227, 228, 229, 227, 227,
    225, 226, 226, 228, 226, 228, 225, 225, 226, 228, 226, 226, 228, 228,
    225, 225, 225, 227, 229, 226, 229, 227, 225, 226, 226, 229, 226, 227,
    229, 225, 227, 225, 225, 228, 228, 227, 229, 226, 227, 229, 225, 227,
    228, 228, 229, 225, 228, 226, 227, 228, 229, 225, 227, 226, 225, 225,
    228, 229, 225, 227, 226, 227, 227, 228, 228, 228, 229, 228, 227, 228,
    225, 226, 228, 229, 227, 229, 227, 228, 229, 226 ]
RHandPositionsX: [ 143, 146, 150, 149, 153, 155, 153, 147, 148, 141, 136,
    137, 144, 153, 163, 163, 162, 160, 161, 154, 148, 144, 142, 143, 139,
    145, 159, 159, 158, 159, 158, 153, 152, 147, 143, 143, 149, 153, 154,
    157, 158, 161, 158, 157, 148, 145, 143, 142, 145, 150, 160, 164, 164,
    170, 170, 162, 158, 151, 152, 146, 149, 150, 150, 162, 167, 169, 171,
    170, 173, 178, 182, 179, 187, 187, 190, 193, 194, 192, 191, 191, 192,
    194, 196, 195, 192, 194, 196, 192, 193, 192, 197 ]
RHandPositionsY: [ 98, 104, 101, 100, 101, 97, 94, 88, 87, 88, 85, 85,
    84, 102, 112, 109, 112, 114, 107, 102, 97, 94, 94, 96, 91, 98, 111,
    113, 112, 111, 108, 101, 96, 95, 94, 90, 91, 98, 102, 109, 109, 111,
    109, 102, 100, 100, 98, 93, 93, 108, 122, 120, 121, 122, 117, 103,
    103, 100, 101, 98, 97, 95, 104, 112, 115, 118, 121, 123, 131, 141,
    149, 153, 149, 158, 164, 172, 178, 188, 197, 205, 212, 208, 212, 215,
    219, 221, 222, 221, 225, 224, 225 ]
