%YAML:1.0
---
videoName: "RHShake01.mp4"
gestureLabel: 2
fps: 29
pixelSizeInCmTemp: 3.1513157894736843e-01
faceCenterPointX: 292
faceCenterPointY: 51
LHandPositionsX: [ 393, 395, 396, 392, 393, 396, 395, 392, 396, 396, 396,
    393, 392, 395, 391, 392, 393, 391, 395, 392, 392, 394, 391, 393, 394,
    394, 393, 391, 392, 394, 392, 391, 395, 395, 392, 391, 394, 391, 391,
    395, 394, 393, 395, 394, 395, 393, 393, 394, 394, 394, 393, 393, 391,
    392, 395, 395, 395, 395, 395, 391, 393, 394, 392, 394, 395, 393, 395,
    395, 395, 392, 393, 391, 392, 391, 391, 395, 395, 392, 395, 392, 393,
    392, 393, 391, 395, 393, 391, 391 ]
LHandPositionsY: [ 254, 254, 255, 253, 256, 257, 254, 257, 256, 255, 254,
    257, 253, 257, 253, 255, 253, 255, 253, 253, 256, 253, 254, 253, 256,
    254, 254, 256, 257, 254, 253, 257, 254, 256, 253, 257, 257, 254, 253,
    256, 257, 256, 255, 254, 253, 254, 255, 253, 256, 255, 257, 257, 254,
    253, 254, 256, 257, 255, 257, 253, 257, 255, 257, 253, 253, 256, 255,
    256, 253, 256, 257, 253, 253, 256, 257, 255, 256, 254, 254, 257, 254,
    254, 253, 257, 254, 256, 257, 253 ]
RHandPositionsX: [ 167, 171, 169, 170, 171, 170, 170, 168, 169, 171, 171,
    170, 167, 168, 169, 170, 168, 168, 168, 168, 172, 170, 169, 171, 173,
    169, 169, 175, 177, 171, 166, 159, 155, 155, 156, 159, 171, 178, 194,
    192, 191, 186, 183, 175, 177, 173, 174, 185, 193, 196, 188, 189, 185,
    181, 176, 181, 178, 183, 186, 194, 193, 194, 197, 186, 179, 176, 175,
    180, 186, 194, 193, 197, 196, 199, 193, 190, 187, 187, 188, 180, 178,
    175, 175, 175, 171, 175, 176, 173 ]
RHandPositionsY: [ 280, 279, 278, 280, 279, 278, 279, 279, 277, 276, 280,
    279, 278, 276, 276, 280, 279, 278, 280, 277, 277, 277, 279, 277, 278,
    274, 266, 244, 225, 207, 186, 168, 149, 132, 132, 118, 107, 106, 111,
    112, 108, 106, 103, 98, 98, 100, 97, 97, 103, 98, 98, 94, 94, 94, 93,
    91, 96, 100, 100, 101, 103, 99, 99, 97, 98, 98, 94, 98, 100, 106,
    112, 124, 133, 147, 160, 179, 192, 203, 202, 210, 220, 225, 233, 242,
    244, 243, 242, 248 ]
