%YAML:1.0
---
videoName: "RHShake24.mp4"
gestureLabel: 2
fps: 30
pixelSizeInCmTemp: 3.3732394366197183e-01
faceCenterPointX: 304
faceCenterPointY: 46
LHandPositionsX: [ 393, 390, 390, 391, 391, 389, 392, 393, 393, 391, 392,
    391, 392, 392, 392, 390, 389, 390, 389, 389, 391, 393, 393, 393, 393,
    393, 391, 390, 392, 390, 390, 390, 392, 391, 389, 392, 391, 392, 393,
    392, 390, 391, 390, 393, 391, 389, 392, 391, 389, 389, 393, 392, 389,
    392, 392, 389, 390, 389, 393, 393, 392, 391, 393, 391, 389, 392, 392,
    392, 389, 392, 393, 391, 393, 393, 392, 393, 392, 390, 389, 389, 391,
    389, 393, 393, 389, 389, 393, 393, 389, 390, 389 ]
LHandPositionsY: [ 225, 228, 226, 229, 226, 225, 226, 226, 228, 227, 227,
    228, 226, 228, 228, 228, 227, 229, 226, 228, 229, 229, 228, 229, 227,
    226, 228, 228, 227, 226, 227, 226, 225, 227, 229, 226, 227, 226, 226,
    227, 226, 225, 229, 225, 226, 228, 225, 227, 225, 225, 226, 226, 228,
    228, 229, 227, 229, 226, 225, 226, 229, 229, 227, 226, 227, 225, 226,
    228, 226, 229, 229, 225, 225, 227, 226, 226, 226, 227, 227, 227, 229,
    227, 226, 225, 228, 225, 227, 227, 227, 225, 226 ]
RHandPositionsX: [ 144, 148, 150, 152, 155, 155, 151, 150, 147, 141, 139,
    138, 144, 154, 163, 163, 161, 161, 158, 155, 152, 143, 146, 140, 140,
    147, 155, 160, 160, 161, 155, 155, 152, 144, 141, 145, 147, 155, 156,
    157, 161, 162, 156, 154, 151, 142, 141, 142, 144, 149, 160, 162, 164,
    170, 167, 166, 156, 149, 153, 145, 147, 147, 152, 166, 166, 168, 170,
    169, 173, 178, 182, 180, 183, 187, 191, 190, 195, 194, 192, 194, 192,
    195, 194, 192, 193, 192, 192, 196, 195, 196, 193 ]
RHandPositionsY: [ 97, 102, 99, 98, 104, 98, 95, 91, 89, 88, 87, 86, 88,
    102, 111, 113, 114, 113, 106, 103, 99, 95, 95, 92, 91, 99, 110, 112,
    114, 111, 108, 103, 99, 98, 93, 91, 89, 96, 101, 106, 106, 112, 107,
    103, 99, 99, 99, 94, 96, 110, 118, 121, 120, 124, 119, 107, 99, 101,
    99, 97, 97, 94, 105, 111, 116, 117, 121, 122, 132, 140, 151, 154,
    153, 157, 165, 172, 179, 190, 198, 201, 210, 212, 214, 215, 216, 219,
    222, 221, 225, 226, 229 ]
