%YAML:1.0
---
videoName: "RHShake22.mp4"
gestureLabel: 2
fps: 29
pixelSizeInCmTemp: 3.3263888888888887e-01
faceCenterPointX: 290
faceCenterPointY: 48
LHandPositionsX: [ 392, 392, 394, 395, 394, 396, 393, 394, 393, 394, 393,
    396, 392, 394, 396, 396, 393, 394, 393, 392, 396, 395, 394, 393, 392,
    393, 393, 393, 392, 395, 395, 395, 393, 394, 392, 396, 396, 394, 396,
    396, 396, 396, 393, 394, 393, 392, 396, 395, 394, 392, 392, 395, 393,
    395, 392, 395, 395, 393, 393, 396, 395, 394, 392, 394, 394, 392, 395,
    394, 394, 392, 396, 392, 393, 392, 392, 393, 394, 394, 396, 395, 395,
    392, 392, 394, 394, 393, 395, 393 ]
LHandPositionsY: [ 230, 232, 230, 233, 234, 233, 230, 233, 232, 234, 233,
    230, 234, 231, 232, 233, 232, 233, 232, 231, 234, 233, 232, 231, 232,
    230, 232, 230, 234, 234, 232, 234, 230, 231, 231, 230, 233, 233, 232,
    233, 231, 231, 231, 231, 233, 232, 232, 233, 231, 231, 234, 233, 233,
    231, 232, 232, 232, 234, 233, 234, 233, 233, 234, 230, 230, 234, 230,
    233, 232, 232, 232, 233, 234, 231, 234, 234, 234, 232, 232, 230, 230,
    233, 231, 233, 232, 231, 231, 231 ]
RHandPositionsX: [ 151, 138, 130, 131, 130, 135, 143, 159, 164, 163, 166,
    163, 160, 159, 150, 148, 142, 143, 145, 153, 162, 170, 171, 170, 168,
    165, 162, 158, 157, 155, 152, 158, 164, 171, 171, 171, 173, 170, 163,
    163, 158, 159, 158, 167, 171, 172, 174, 174, 174, 168, 163, 159, 156,
    156, 158, 163, 170, 176, 177, 179, 179, 172, 169, 162, 156, 154, 151,
    156, 167, 177, 177, 177, 182, 179, 179, 180, 180, 180, 185, 186, 186,
    191, 189, 189, 188, 186, 190, 191 ]
RHandPositionsY: [ 139, 118, 101, 99, 96, 93, 82, 86, 90, 90, 91, 88, 87,
    82, 79, 78, 77, 75, 76, 83, 92, 94, 98, 94, 95, 91, 84, 82, 85, 83,
    81, 91, 94, 100, 100, 98, 93, 90, 87, 89, 86, 85, 85, 91, 97, 101,
    103, 101, 97, 89, 91, 90, 86, 86, 85, 86, 89, 101, 100, 103, 97, 96,
    93, 94, 94, 92, 93, 87, 90, 106, 106, 109, 112, 119, 122, 125, 135,
    150, 160, 169, 180, 194, 199, 203, 212, 221, 224, 223 ]
