%YAML:1.0
---
videoName: "RHShake21.mp4"
gestureLabel: 2
fps: 29
pixelSizeInCmTemp: 3.3732394366197183e-01
faceCenterPointX: 293
faceCenterPointY: 47
LHandPositionsX: [ 394, 397, 398, 394, 396, 397, 396, 396, 398, 394, 394,
    398, 394, 397, 394, 396, 396, 397, 396, 397, 398, 398, 397, 394, 395,
    394, 394, 397, 394, 397, 398, 396, 394, 397, 396, 395, 394, 397, 395,
    396, 394, 398, 396, 396, 396, 398, 396, 395, 396, 397, 395, 394, 395,
    397, 394, 396, 394, 397, 394, 395, 396, 398, 396, 395, 398, 395, 395,
    397, 394, 394, 398, 398, 394, 394, 394, 397, 397, 398, 396, 395, 397,
    397, 398, 398, 397, 394, 394, 397 ]
LHandPositionsY: [ 240, 241, 240, 240, 241, 239, 241, 240, 239, 242, 241,
    241, 238, 241, 241, 242, 242, 241, 242, 240, 240, 238, 240, 239, 238,
    241, 242, 239, 239, 240, 240, 241, 241, 241, 240, 242, 242, 239, 242,
    239, 240, 238, 240, 240, 238, 242, 241, 241, 240, 238, 242, 241, 242,
    239, 241, 240, 238, 240, 241, 238, 239, 238, 242, 240, 239, 241, 239,
    242, 241, 240, 239, 239, 238, 242, 238, 239, 240, 240, 240, 238, 238,
    240, 241, 240, 238, 239, 238, 241 ]
RHandPositionsX: [ 135, 138, 141, 146, 144, 145, 145, 138, 138, 136, 136,
    139, 144, 148, 151, 150, 145, 143, 141, 136, 134, 133, 141, 145, 150,
    150, 152, 150, 146, 146, 138, 139, 139, 141, 143, 145, 150, 153, 151,
    147, 140, 136, 137, 135, 139, 139, 145, 146, 152, 152, 149, 145, 140,
    135, 133, 137, 138, 148, 153, 160, 171, 178, 177, 178, 184, 183, 189,
    185, 186, 187, 189, 190, 188, 189, 187, 187, 189, 189, 186, 186, 189,
    189, 188, 186, 187, 186, 187, 185 ]
RHandPositionsY: [ 79, 87, 88, 88, 89, 87, 81, 82, 83, 83, 81, 85, 87,
    91, 92, 90, 91, 88, 83, 86, 86, 83, 84, 88, 89, 93, 93, 91, 90, 86,
    84, 85, 81, 83, 88, 90, 90, 96, 91, 92, 88, 89, 85, 88, 86, 93, 96,
    96, 98, 99, 98, 96, 94, 91, 94, 89, 95, 105, 115, 127, 137, 149, 152,
    149, 161, 167, 180, 189, 199, 211, 215, 216, 221, 225, 226, 224, 225,
    229, 230, 231, 230, 229, 228, 229, 231, 230, 229, 229 ]
