%YAML:1.0
---
videoName: "RHShake09.mp4"
gestureLabel: 2
fps: 29
pixelSizeInCmTemp: 3.1103896103896100e-01
faceCenterPointX: 296
faceCenterPointY: 48
LHandPositionsX: [ 326, 324, 324, 323, 323, 326, 322, 321, 318, 316, 318,
    314, 312, 313, 314, 309, 312, 312, 312, 311, 309, 307, 306, 307, 305,
    309, 306, 305, 305, 309, 305, 310, 308, 311, 310, 309, 311, 310, 308,
    311, 307, 309, 307, 310, 313, 313, 312, 314, 311, 313, 312, 314, 313,
    315, 315, 314, 313, 314, 312, 316, 315, 314, 316, 317, 317, 317, 316,
    315, 314, 316, 315, 318, 318, 315, 313, 316, 314, 318, 314, 316, 317,
    313, 317, 318, 313, 316, 315, 316 ]
LHandPositionsY: [ 267, 268, 269, 271, 271, 268, 268, 273, 271, 273, 271,
    271, 274, 275, 274, 272, 275, 275, 275, 274, 275, 276, 272, 273, 275,
    272, 275, 275, 277, 273, 273, 273, 275, 275, 273, 276, 273, 273, 275,
    277, 274, 275, 275, 273, 276, 275, 276, 273, 274, 273, 277, 275, 276,
    273, 275, 272, 273, 274, 275, 274, 272, 273, 272, 273, 276, 275, 273,
    274, 275, 272, 275, 272, 276, 274, 276, 277, 273, 274, 273, 273, 273,
    272, 271, 275, 276, 273, 271, 275 ]
RHandPositionsX: [ 266, 264, 265, 263, 261, 262, 263, 263, 263, 260, 263,
    263, 260, 259, 261, 258, 259, 258, 256, 258, 259, 257, 257, 255, 258,
    254, 257, 257, 255, 257, 262, 260, 255, 241, 223, 205, 189, 179, 170,
    174, 172, 175, 181, 183, 187, 186, 181, 182, 181, 178, 186, 191, 191,
    201, 193, 185, 180, 174, 177, 185, 185, 186, 195, 188, 188, 184, 178,
    173, 174, 179, 182, 187, 184, 181, 177, 181, 181, 180, 184, 193, 193,
    192, 200, 204, 206, 214, 228, 240 ]
RHandPositionsY: [ 259, 262, 263, 264, 267, 267, 265, 266, 268, 267, 266,
    268, 267, 269, 266, 267, 265, 267, 267, 265, 268, 266, 268, 268, 268,
    266, 266, 268, 267, 267, 269, 257, 246, 230, 215, 198, 175, 158, 138,
    135, 117, 111, 108, 109, 111, 105, 97, 91, 90, 88, 90, 98, 97, 99,
    93, 94, 86, 86, 87, 91, 93, 96, 96, 96, 91, 84, 89, 90, 89, 96, 98,
    95, 96, 93, 91, 92, 89, 92, 97, 104, 104, 107, 122, 134, 145, 152,
    168, 188 ]
