%YAML:1.0
---
videoName: "RHShake10.mp4"
gestureLabel: 2
fps: 29
pixelSizeInCmTemp: 3.1933333333333330e-01
faceCenterPointX: 295
faceCenterPointY: 45
LHandPositionsX: [ 342, 343, 340, 342, 338, 337, 336, 335, 335, 329, 335,
    332, 329, 326, 325, 324, 327, 329, 325, 330, 327, 326, 326, 330, 327,
    328, 329, 327, 330, 330, 327, 329, 327, 330, 329, 328, 327, 330, 329,
    327, 329, 328, 329, 329, 330, 327, 330, 329, 329, 327, 326, 326, 327,
    327, 327, 330, 327, 330, 327, 326, 327, 330, 329, 330, 327, 330, 329,
    328, 326, 330, 328, 330, 330, 330, 328, 329, 327, 328, 328, 330, 329,
    328, 331, 330, 328, 331, 329, 327 ]
LHandPositionsY: [ 262, 266, 268, 268, 268, 268, 266, 269, 267, 269, 269,
    269, 272, 274, 274, 274, 270, 271, 272, 270, 271, 270, 271, 270, 274,
    272, 272, 270, 273, 273, 273, 269, 273, 273, 270, 270, 269, 272, 270,
    272, 269, 270, 272, 269, 270, 269, 268, 268, 269, 271, 269, 272, 271,
    271, 272, 272, 269, 270, 271, 271, 269, 268, 272, 270, 269, 268, 268,
    272, 271, 271, 270, 270, 270, 270, 269, 271, 271, 267, 270, 271, 269,
    271, 268, 270, 269, 272, 271, 272 ]
RHandPositionsX: [ 263, 259, 261, 260, 260, 263, 261, 263, 258, 257, 259,
    258, 258, 260, 259, 261, 261, 253, 258, 253, 238, 220, 202, 185, 167,
    155, 135, 137, 135, 135, 145, 150, 153, 164, 163, 162, 159, 158, 161,
    157, 161, 174, 179, 181, 178, 179, 174, 168, 171, 170, 174, 186, 190,
    195, 192, 182, 178, 177, 173, 180, 178, 187, 193, 194, 191, 183, 180,
    175, 176, 181, 178, 190, 198, 203, 213, 218, 227, 232, 236, 244, 250,
    254, 251, 257, 264, 261, 259, 263 ]
RHandPositionsY: [ 266, 266, 263, 264, 266, 265, 264, 265, 267, 266, 267,
    269, 266, 268, 269, 266, 265, 266, 265, 258, 242, 230, 212, 192, 169,
    149, 130, 113, 113, 99, 86, 85, 90, 88, 87, 83, 80, 79, 78, 79, 77,
    81, 88, 83, 80, 78, 77, 75, 76, 80, 86, 88, 89, 95, 87, 86, 80, 82,
    81, 85, 90, 93, 90, 93, 89, 87, 82, 84, 81, 84, 97, 106, 126, 143,
    160, 180, 198, 212, 225, 244, 258, 260, 258, 265, 264, 264, 265, 268 ]
