%YAML:1.0
---
videoName: "RHShake19.mp4"
gestureLabel: 2
fps: 29
pixelSizeInCmTemp: 3.2808219178082193e-01
faceCenterPointX: 283
faceCenterPointY: 48
LHandPositionsX: [ 392, 391, 389, 388, 388, 388, 388, 390, 392, 392, 388,
    389, 390, 391, 392, 389, 388, 389, 390, 392, 391, 389, 391, 391, 388,
    392, 392, 391, 389, 388, 388, 390, 392, 390, 392, 391, 389, 388, 392,
    392, 388, 389, 390, 391, 389, 390, 392, 390, 389, 389, 391, 392, 392,
    390, 388, 389, 391, 388, 388, 389, 391, 390, 390, 390, 389, 389, 388,
    389, 388, 391, 390, 392, 390, 392, 391, 388, 389, 390, 390, 391, 388,
    392, 389, 388, 388, 390, 392, 389 ]
LHandPositionsY: [ 244, 242, 243, 242, 243, 243, 241, 240, 244, 244, 242,
    244, 243, 242, 244, 244, 243, 244, 243, 242, 243, 244, 241, 243, 240,
    240, 244, 241, 240, 242, 240, 240, 243, 242, 242, 240, 244, 240, 243,
    241, 244, 241, 243, 241, 243, 241, 243, 241, 244, 242, 242, 240, 240,
    243, 242, 242, 243, 244, 242, 244, 243, 242, 243, 240, 241, 243, 241,
    241, 243, 242, 242, 240, 243, 242, 244, 240, 241, 242, 240, 240, 243,
    243, 240, 241, 242, 242, 244, 244 ]
RHandPositionsX: [ 157, 173, 182, 183, 185, 186, 175, 173, 167, 162, 164,
    162, 168, 178, 184, 183, 186, 180, 177, 169, 163, 160, 162, 164, 167,
    173, 174, 173, 170, 163, 163, 160, 157, 165, 171, 177, 178, 177, 180,
    175, 169, 163, 163, 159, 163, 167, 176, 181, 179, 183, 178, 173, 169,
    170, 168, 169, 169, 178, 181, 181, 180, 177, 174, 170, 168, 168, 173,
    176, 181, 182, 185, 189, 188, 188, 184, 183, 184, 184, 182, 182, 180,
    182, 180, 181, 178, 179, 179, 182 ]
RHandPositionsY: [ 90, 94, 96, 96, 91, 91, 85, 79, 77, 77, 74, 72, 79,
    83, 89, 92, 89, 86, 81, 77, 79, 77, 76, 74, 84, 91, 92, 88, 90, 89,
    86, 81, 82, 85, 88, 91, 95, 94, 95, 91, 89, 87, 84, 86, 84, 86, 92,
    97, 99, 103, 101, 96, 96, 94, 94, 93, 102, 102, 105, 107, 105, 99,
    100, 98, 102, 101, 109, 125, 139, 149, 164, 173, 187, 193, 197, 212,
    217, 225, 232, 238, 236, 238, 240, 241, 241, 240, 242, 240 ]
