%YAML:1.0
---
videoName: "RHShake10.mp4"
gestureLabel: 2
fps: 29
pixelSizeInCmTemp: 3.1933333333333330e-01
faceCenterPointX: 295
faceCenterPointY: 45
LHandPositionsX: [ 341, 343, 341, 340, 342, 340, 339, 336, 334, 333, 334,
    333, 327, 326, 327, 325, 329, 328, 326, 328, 330, 328, 328, 330, 328,
    328, 326, 327, 328, 328, 326, 326, 330, 328, 330, 330, 326, 330, 326,
    328, 330, 330, 326, 327, 327, 326, 326, 330, 327, 326, 330, 329, 329,
    326, 330, 327, 328, 328, 329, 330, 327, 326, 326, 330, 328, 329, 329,
    330, 330, 330, 328, 329, 330, 327, 329, 329, 328, 331, 330, 331, 329,
    331, 330, 330, 327, 331, 329, 327 ]
LHandPositionsY: [ 264, 266, 269, 265, 268, 267, 268, 268, 269, 268, 272,
    271, 269, 274, 271, 272, 270, 272, 274, 274, 272, 274, 274, 274, 272,
    271, 270, 272, 272, 273, 273, 269, 273, 269, 273, 272, 271, 268, 270,
    272, 270, 269, 268, 270, 271, 268, 268, 272, 269, 269, 271, 272, 272,
    270, 268, 272, 269, 270, 268, 270, 270, 272, 272, 272, 269, 270, 270,
    272, 268, 269, 270, 271, 272, 271, 267, 271, 268, 270, 267, 269, 268,
    269, 267, 267, 271, 271, 272, 270 ]
RHandPositionsX: [ 261, 259, 264, 261, 259, 259, 263, 260, 257, 257, 260,
    258, 259, 257, 262, 259, 260, 256, 260, 251, 238, 222, 202, 181, 167,
    156, 134, 138, 137, 135, 143, 153, 156, 160, 166, 164, 161, 157, 160,
    159, 161, 174, 178, 183, 175, 179, 174, 168, 170, 169, 176, 189, 189,
    194, 192, 184, 178, 176, 174, 178, 180, 190, 189, 195, 189, 184, 177,
    175, 175, 177, 178, 192, 195, 203, 213, 217, 227, 233, 238, 243, 251,
    251, 252, 258, 263, 261, 258, 262 ]
RHandPositionsY: [ 267, 266, 265, 264, 266, 263, 266, 263, 265, 268, 265,
    268, 267, 267, 266, 267, 266, 268, 265, 258, 243, 228, 210, 189, 172,
    150, 132, 117, 114, 96, 90, 85, 89, 89, 85, 85, 82, 76, 80, 78, 77,
    83, 86, 86, 80, 80, 79, 74, 74, 82, 86, 87, 91, 96, 85, 86, 84, 84,
    81, 85, 90, 92, 90, 92, 89, 87, 82, 84, 83, 87, 93, 103, 125, 143,
    161, 180, 197, 212, 227, 244, 258, 256, 258, 265, 267, 266, 269, 266 ]
