%YAML:1.0
---
videoName: "RHShake07.mp4"
gestureLabel: 2
fps: 29
pixelSizeInCmTemp: 3.2364864864864862e-01
faceCenterPointX: 292
faceCenterPointY: 44
LHandPositionsX: [ 309, 307, 310, 306, 306, 308, 309, 310, 308, 307, 307,
    311, 311, 308, 312, 314, 313, 311, 312, 313, 313, 310, 311, 311, 312,
    314, 310, 313, 314, 313, 313, 310, 312, 316, 315, 312, 313, 313, 315,
    315, 314, 314, 313, 316, 314, 313, 316, 315, 312, 312, 316, 312, 313,
    315, 315, 316, 315, 314, 315, 312, 315, 316, 316, 312, 313, 313, 312,
    316, 312, 314, 312, 313, 317, 314, 313, 313, 314, 315, 316, 312, 309,
    311, 308, 312, 308, 311, 308, 311 ]
LHandPositionsY: [ 271, 267, 269, 267, 267, 269, 270, 270, 274, 273, 271,
    272, 272, 271, 269, 270, 269, 271, 271, 269, 269, 269, 269, 270, 270,
    267, 268, 270, 267, 269, 271, 269, 268, 270, 267, 267, 267, 270, 271,
    269, 267, 268, 271, 268, 268, 271, 271, 269, 270, 271, 268, 269, 267,
    271, 271, 269, 267, 268, 268, 267, 267, 267, 269, 270, 267, 268, 268,
    271, 267, 267, 270, 270, 266, 267, 268, 269, 266, 270, 272, 272, 269,
    272, 272, 272, 274, 274, 275, 272 ]
RHandPositionsX: [ 264, 266, 265, 263, 263, 265, 265, 265, 263, 268, 265,
    264, 253, 235, 215, 195, 175, 164, 153, 155, 157, 156, 157, 160, 161,
    182, 191, 183, 178, 170, 166, 167, 178, 180, 183, 188, 179, 176, 171,
    170, 171, 173, 183, 184, 185, 181, 178, 171, 165, 166, 167, 184, 185,
    199, 194, 187, 182, 179, 169, 170, 164, 166, 173, 176, 172, 181, 179,
    173, 173, 167, 159, 170, 178, 196, 213, 232, 242, 260, 273, 278, 272,
    273, 271, 265, 266, 263, 266, 264 ]
RHandPositionsY: [ 252, 255, 255, 253, 251, 251, 253, 253, 257, 255, 250,
    243, 231, 216, 203, 186, 165, 154, 135, 130, 126, 113, 119, 126, 128,
    117, 105, 97, 94, 91, 88, 92, 110, 106, 101, 96, 97, 92, 91, 91, 90,
    96, 96, 99, 97, 96, 95, 89, 93, 86, 85, 90, 95, 103, 97, 98, 94, 90,
    90, 89, 89, 91, 92, 91, 91, 95, 87, 87, 86, 87, 93, 119, 135, 148,
    168, 187, 204, 228, 237, 242, 245, 248, 251, 255, 254, 256, 256, 256 ]
