%YAML:1.0
---
videoName: "RHShake01.mp4"
gestureLabel: 2
fps: 29
pixelSizeInCmTemp: 3.1513157894736843e-01
faceCenterPointX: 292
faceCenterPointY: 51
LHandPositionsX: [ 394, 394, 396, 394, 394, 392, 394, 395, 396, 392, 393,
    396, 395, 393, 395, 394, 395, 395, 395, 394, 391, 395, 392, 391, 395,
    395, 392, 393, 393, 392, 392, 395, 391, 391, 394, 391, 395, 392, 392,
    394, 391, 393, 392, 394, 391, 394, 394, 392, 394, 393, 391, 394, 395,
    394, 395, 393, 393, 391, 394, 393, 392, 392, 392, 395, 392, 394, 394,
    391, 395, 394, 393, 395, 395, 391, 391, 394, 393, 393, 393, 391, 395,
    393, 394, 393, 395, 393, 394, 392 ]
LHandPositionsY: [ 255, 254, 254, 253, 255, 254, 257, 254, 254, 255, 254,
    255, 255, 253, 254, 256, 257, 255, 255, 256, 254, 255, 254, 253, 257,
    254, 256, 255, 257, 256, 255, 257, 255, 253, 255, 255, 253, 255, 253,
    256, 253, 256, 254, 257, 253, 256, 254, 256, 253, 255, 256, 257, 256,
    254, 257, 256, 253, 253, 254, 257, 254, 254, 253, 256, 255, 255, 253,
    257, 256, 254, 254, 253, 257, 253, 256, 254, 256, 256, 255, 256, 257,
    255, 253, 255, 253, 255, 255, 253 ]
RHandPositionsX: [ 170, 170, 170, 170, 167, 170, 170, 170, 168, 168, 168,
    168, 170, 171, 168, 171, 167, 171, 167, 167, 170, 169, 172, 172, 173,
    169, 173, 177, 175, 171, 162, 159, 155, 152, 157, 161, 170, 182, 191,
    191, 190, 187, 182, 174, 178, 173, 176, 186, 196, 195, 190, 190, 185,
    180, 179, 178, 177, 185, 188, 192, 193, 192, 196, 187, 179, 179, 179,
    183, 186, 194, 196, 200, 197, 196, 193, 191, 186, 187, 190, 184, 176,
    174, 175, 171, 171, 174, 176, 176 ]
RHandPositionsY: [ 279, 279, 278, 280, 279, 278, 279, 280, 279, 277, 276,
    280, 276, 279, 280, 276, 277, 277, 277, 279, 279, 278, 279, 276, 279,
    274, 268, 245, 225, 209, 185, 170, 150, 135, 132, 118, 107, 109, 112,
    110, 108, 105, 100, 100, 101, 96, 96, 96, 101, 102, 98, 96, 95, 94,
    94, 90, 93, 101, 102, 101, 101, 98, 101, 99, 97, 94, 94, 95, 101,
    106, 111, 125, 135, 147, 158, 175, 192, 202, 203, 212, 220, 228, 232,
    242, 244, 241, 242, 248 ]
