%YAML:1.0
---
videoName: "RHShake13.mp4"
gestureLabel: 2
fps: 30
pixelSizeInCmTemp: 3.2808219178082193e-01
faceCenterPointX: 278
faceCenterPointY: 45
LHandPositionsX: [ 307, 307, 307, 305, 307, 307, 306, 308, 306, 306, 306,
    306, 308, 306, 308, 308, 305, 308, 308, 306, 305, 309, 305, 308, 307,
    308, 309, 307, 308, 309, 305, 307, 305, 305, 306, 308, 307, 308, 305,
    308, 305, 306, 305, 306, 306, 306, 305, 306, 309, 307, 307, 308, 309,
    305, 306, 305, 305, 305, 305, 309, 305, 306, 309, 305, 306, 305, 308,
    305, 307, 308, 309, 307, 310, 307, 307, 310, 308, 310, 309, 305, 300,
    302, 306, 307, 304, 303, 307, 307, 303, 305, 305 ]
LHandPositionsY: [ 246, 245, 246, 242, 242, 243, 241, 244, 244, 243, 241,
    241, 241, 241, 240, 240, 242, 240, 240, 241, 239, 239, 240, 242, 240,
    241, 243, 241, 240, 240, 243, 242, 241, 243, 242, 243, 240, 239, 239,
    241, 238, 242, 241, 239, 239, 240, 240, 242, 240, 241, 239, 239, 239,
    242, 238, 238, 242, 242, 241, 238, 241, 239, 242, 242, 239, 240, 238,
    239, 238, 242, 239, 239, 241, 238, 236, 234, 234, 233, 236, 233, 232,
    232, 234, 240, 240, 240, 241, 247, 245, 246, 243 ]
RHandPositionsX: [ 167, 152, 138, 141, 144, 143, 143, 144, 144, 146, 146,
    147, 141, 134, 135, 137, 144, 143, 147, 141, 138, 131, 129, 129, 128,
    135, 133, 137, 140, 138, 134, 133, 130, 133, 128, 132, 136, 136, 135,
    138, 132, 134, 135, 134, 137, 146, 148, 148, 147, 146, 141, 137, 137,
    137, 141, 141, 143, 143, 141, 139, 133, 132, 131, 135, 138, 140, 144,
    144, 152, 160, 170, 176, 189, 202, 214, 226, 238, 247, 253, 250, 251,
    252, 258, 257, 260, 259, 258, 260, 261, 258, 258 ]
RHandPositionsY: [ 158, 137, 119, 119, 117, 110, 106, 102, 98, 96, 94,
    88, 88, 86, 87, 88, 89, 89, 89, 86, 87, 84, 85, 85, 86, 87, 87, 91,
    90, 92, 88, 90, 87, 87, 90, 92, 90, 91, 90, 92, 88, 90, 89, 90, 89,
    95, 94, 93, 96, 95, 94, 92, 91, 96, 98, 97, 99, 102, 99, 97, 97, 97,
    94, 96, 101, 105, 109, 108, 119, 126, 135, 144, 156, 165, 179, 190,
    197, 209, 214, 216, 219, 220, 226, 236, 235, 239, 237, 240, 241, 238,
    241 ]
