%YAML:1.0
---
videoName: "RHShake13.mp4"
gestureLabel: 2
fps: 30
pixelSizeInCmTemp: 3.2808219178082193e-01
faceCenterPointX: 278
faceCenterPointY: 45
LHandPositionsX: [ 306, 306, 305, 305, 308, 305, 307, 305, 307, 308, 308,
    308, 306, 309, 306, 309, 305, 309, 308, 309, 308, 309, 308, 309, 308,
    309, 306, 305, 309, 306, 309, 305, 305, 308, 307, 306, 306, 307, 307,
    309, 308, 305, 308, 308, 308, 307, 305, 308, 308, 307, 306, 309, 309,
    305, 305, 306, 307, 305, 309, 308, 306, 307, 309, 309, 305, 305, 306,
    309, 309, 307, 305, 307, 308, 306, 309, 309, 307, 307, 307, 308, 300,
    301, 302, 303, 303, 307, 303, 303, 303, 303, 304 ]
LHandPositionsY: [ 244, 242, 246, 241, 244, 242, 244, 244, 241, 241, 245,
    242, 242, 244, 244, 241, 242, 239, 239, 242, 240, 242, 239, 239, 243,
    242, 240, 239, 240, 241, 240, 239, 243, 241, 240, 241, 243, 238, 238,
    241, 241, 239, 242, 238, 242, 242, 241, 239, 241, 240, 241, 240, 238,
    241, 238, 239, 241, 239, 241, 240, 239, 238, 241, 240, 241, 238, 242,
    242, 242, 242, 241, 241, 240, 240, 235, 237, 233, 233, 235, 233, 232,
    235, 234, 240, 239, 241, 244, 244, 245, 244, 245 ]
RHandPositionsX: [ 169, 151, 138, 141, 143, 140, 144, 143, 144, 146, 146,
    145, 142, 138, 134, 139, 140, 142, 144, 145, 139, 130, 132, 128, 130,
    135, 136, 138, 139, 134, 134, 130, 130, 133, 128, 132, 138, 137, 138,
    136, 133, 134, 133, 134, 136, 146, 150, 147, 149, 145, 145, 136, 136,
    137, 140, 142, 141, 143, 143, 138, 134, 132, 131, 135, 136, 142, 141,
    148, 155, 158, 170, 178, 190, 201, 211, 224, 238, 246, 252, 251, 253,
    252, 259, 261, 261, 260, 257, 259, 260, 259, 261 ]
RHandPositionsY: [ 154, 140, 120, 117, 114, 109, 105, 101, 100, 96, 93,
    91, 86, 88, 87, 87, 85, 87, 90, 88, 85, 86, 85, 84, 87, 88, 90, 88,
    91, 90, 88, 89, 88, 91, 90, 91, 92, 93, 92, 92, 90, 91, 91, 88, 92,
    96, 94, 93, 95, 95, 91, 91, 91, 92, 95, 97, 101, 98, 100, 98, 98, 97,
    94, 96, 101, 105, 106, 111, 120, 127, 135, 147, 153, 166, 178, 187,
    200, 207, 217, 213, 215, 220, 229, 237, 237, 239, 240, 240, 237, 241,
    242 ]
