%YAML:1.0
---
videoName: "RHShake06.mp4"
gestureLabel: 2
fps: 30
pixelSizeInCmTemp: 3.2808219178082193e-01
faceCenterPointX: 293
faceCenterPointY: 43
LHandPositionsX: [ 309, 308, 308, 308, 306, 306, 309, 306, 308, 309, 310,
    308, 309, 309, 309, 309, 313, 310, 314, 317, 321, 323, 322, 319, 323,
    322, 321, 322, 323, 323, 320, 319, 322, 325, 322, 324, 323, 326, 325,
    322, 323, 326, 325, 323, 323, 326, 325, 322, 322, 323, 322, 325, 325,
    322, 326, 326, 322, 323, 323, 326, 324, 325, 324, 323, 322, 323, 325,
    326, 322, 325, 326, 322, 324, 324, 325, 322, 325, 326, 322, 323, 324,
    326, 322, 319, 314, 316, 312, 311, 310, 310, 313 ]
LHandPositionsY: [ 267, 268, 266, 266, 270, 266, 269, 267, 268, 270, 269,
    269, 269, 266, 270, 270, 270, 271, 267, 265, 261, 262, 260, 261, 263,
    259, 259, 258, 259, 261, 259, 258, 260, 258, 259, 262, 260, 260, 262,
    261, 261, 258, 261, 259, 262, 262, 262, 259, 260, 261, 258, 258, 262,
    259, 258, 259, 259, 261, 260, 262, 261, 262, 259, 258, 262, 260, 259,
    261, 261, 258, 261, 261, 260, 261, 258, 260, 261, 259, 260, 258, 261,
    260, 258, 263, 263, 262, 263, 266, 262, 266, 263 ]
RHandPositionsX: [ 288, 288, 284, 284, 286, 287, 284, 286, 287, 287, 287,
    284, 288, 285, 287, 286, 285, 284, 280, 265, 244, 225, 202, 178, 162,
    145, 139, 134, 141, 138, 142, 145, 162, 162, 163, 163, 160, 162, 159,
    156, 163, 173, 181, 191, 189, 184, 181, 172, 170, 174, 170, 166, 172,
    183, 183, 183, 180, 190, 181, 172, 168, 165, 168, 182, 179, 179, 176,
    174, 162, 159, 167, 164, 170, 181, 193, 190, 209, 224, 232, 239, 249,
    251, 251, 250, 245, 255, 253, 253, 252, 252, 256 ]
RHandPositionsY: [ 270, 269, 267, 270, 268, 268, 269, 269, 268, 268, 268,
    269, 266, 266, 268, 267, 271, 267, 267, 260, 246, 235, 216, 201, 179,
    159, 136, 124, 114, 107, 113, 118, 130, 117, 107, 105, 100, 89, 90,
    89, 90, 92, 99, 98, 96, 94, 94, 92, 87, 91, 84, 88, 92, 100, 101, 99,
    99, 99, 95, 92, 93, 90, 93, 99, 100, 100, 105, 103, 104, 106, 115,
    129, 147, 163, 176, 181, 195, 206, 215, 223, 229, 239, 238, 236, 236,
    244, 242, 243, 245, 242, 242 ]
