%YAML:1.0
---
videoName: "RHShake05.mp4"
gestureLabel: 2
fps: 30
pixelSizeInCmTemp: 3.1103896103896100e-01
faceCenterPointX: 295
faceCenterPointY: 47
LHandPositionsX: [ 409, 409, 409, 410, 410, 412, 409, 410, 408, 411, 409,
    410, 410, 409, 412, 412, 409, 412, 412, 408, 410, 410, 412, 408, 410,
    408, 410, 410, 408, 410, 411, 411, 411, 408, 410, 410, 409, 412, 409,
    412, 410, 410, 412, 412, 409, 408, 410, 412, 410, 409, 408, 412, 411,
    411, 409, 408, 408, 408, 412, 409, 409, 409, 410, 411, 410, 412, 408,
    411, 412, 410, 409, 408, 408, 412, 408, 408, 408, 408, 412, 408, 408,
    409, 412, 412, 409, 411, 409, 411, 410, 408, 408 ]
LHandPositionsY: [ 259, 257, 261, 261, 261, 257, 257, 259, 260, 260, 260,
    261, 257, 259, 260, 260, 260, 260, 261, 257, 261, 259, 257, 259, 259,
    258, 259, 257, 261, 261, 260, 260, 259, 258, 257, 259, 257, 259, 261,
    261, 259, 261, 257, 258, 258, 261, 258, 261, 259, 261, 257, 257, 259,
    260, 258, 260, 258, 260, 259, 259, 257, 257, 259, 257, 261, 258, 260,
    257, 259, 261, 261, 257, 260, 257, 259, 260, 258, 261, 261, 261, 261,
    259, 260, 259, 257, 261, 259, 258, 258, 261, 260 ]
RHandPositionsX: [ 174, 175, 175, 177, 175, 176, 176, 176, 174, 175, 172,
    175, 174, 173, 172, 171, 175, 174, 171, 174, 171, 174, 171, 177, 175,
    179, 182, 178, 175, 166, 149, 156, 155, 158, 162, 176, 188, 199, 191,
    182, 177, 171, 168, 168, 174, 179, 189, 184, 176, 171, 173, 167, 167,
    175, 177, 188, 183, 181, 172, 168, 169, 171, 173, 191, 190, 191, 188,
    183, 180, 179, 180, 177, 191, 195, 195, 189, 181, 174, 173, 174, 172,
    176, 182, 187, 191, 188, 184, 180, 178, 178, 179 ]
RHandPositionsY: [ 261, 261, 260, 258, 259, 258, 261, 262, 258, 259, 258,
    260, 260, 259, 262, 262, 259, 259, 259, 261, 258, 263, 261, 259, 256,
    249, 232, 209, 183, 156, 130, 128, 105, 93, 88, 90, 92, 91, 90, 86,
    84, 79, 77, 80, 87, 86, 81, 80, 79, 74, 74, 76, 79, 84, 84, 93, 87,
    83, 82, 84, 83, 85, 88, 94, 91, 92, 90, 87, 84, 83, 83, 88, 91, 91,
    93, 87, 90, 85, 88, 94, 111, 134, 158, 180, 202, 221, 228, 235, 241,
    250, 249 ]
