%YAML:1.0
---
videoName: "RHShake05.mp4"
gestureLabel: 2
fps: 30
pixelSizeInCmTemp: 3.1103896103896100e-01
faceCenterPointX: 295
faceCenterPointY: 47
LHandPositionsX: [ 409, 412, 412, 409, 410, 409, 409, 410, 408, 410, 411,
    409, 408, 408, 411, 412, 409, 409, 412, 408, 409, 409, 409, 409, 412,
    411, 409, 409, 411, 410, 409, 408, 410, 410, 408, 412, 411, 408, 412,
    410, 409, 408, 410, 409, 410, 410, 412, 410, 411, 411, 411, 409, 411,
    409, 408, 408, 412, 411, 410, 411, 408, 410, 408, 408, 411, 409, 409,
    410, 409, 412, 410, 412, 409, 408, 412, 412, 412, 410, 409, 412, 408,
    408, 411, 408, 412, 410, 408, 409, 409, 409, 409 ]
LHandPositionsY: [ 258, 258, 258, 257, 257, 261, 260, 257, 261, 257, 261,
    258, 259, 261, 260, 259, 260, 261, 258, 257, 260, 260, 260, 261, 258,
    258, 258, 259, 257, 258, 261, 259, 258, 257, 257, 258, 261, 257, 259,
    259, 258, 259, 261, 257, 260, 258, 259, 257, 258, 261, 261, 257, 261,
    258, 260, 258, 260, 261, 258, 260, 259, 257, 261, 259, 259, 258, 259,
    261, 261, 259, 261, 261, 259, 261, 261, 257, 258, 257, 259, 258, 257,
    257, 258, 259, 257, 260, 260, 259, 257, 258, 258 ]
RHandPositionsX: [ 176, 174, 173, 174, 176, 176, 174, 176, 173, 174, 175,
    173, 173, 172, 172, 171, 172, 175, 173, 171, 171, 170, 171, 178, 177,
    176, 180, 180, 174, 165, 149, 155, 156, 160, 166, 174, 188, 199, 189,
    181, 176, 171, 171, 170, 178, 178, 189, 181, 175, 175, 172, 169, 170,
    176, 180, 190, 184, 177, 171, 170, 170, 169, 175, 188, 193, 194, 184,
    183, 178, 180, 182, 181, 189, 195, 193, 190, 181, 173, 169, 175, 171,
    177, 182, 186, 189, 190, 184, 178, 180, 175, 177 ]
RHandPositionsY: [ 259, 261, 260, 258, 262, 258, 259, 262, 262, 259, 260,
    261, 260, 262, 258, 262, 259, 261, 261, 258, 259, 259, 263, 257, 256,
    250, 234, 208, 183, 157, 131, 129, 104, 93, 86, 89, 92, 93, 89, 85,
    81, 77, 79, 83, 83, 87, 83, 82, 81, 73, 74, 73, 77, 87, 84, 89, 87,
    87, 86, 84, 84, 85, 86, 90, 92, 90, 88, 86, 85, 84, 83, 88, 87, 89,
    94, 91, 89, 85, 87, 94, 111, 133, 155, 180, 206, 219, 227, 234, 244,
    247, 246 ]
