%YAML:1.0
---
videoName: "RHShake23.mp4"
gestureLabel: 2
fps: 29
pixelSizeInCmTemp: 3.3263888888888887e-01
faceCenterPointX: 298
faceCenterPointY: 49
LHandPositionsX: [ 387, 390, 389, 388, 388, 390, 389, 390, 390, 388, 389,
    389, 389, 390, 389, 390, 391, 391, 388, 387, 389, 389, 387, 388, 389,
    391, 390, 390, 391, 389, 387, 388, 391, 387, 387, 387, 388, 391, 390,
    389, 387, 387, 388, 391, 391, 391, 391, 390, 387, 391, 388, 389, 391,
    388, 391, 388, 391, 391, 390, 391, 390, 388, 391, 391, 387, 391, 387,
    390, 388, 387, 389, 391, 389, 387, 388, 387, 389, 389, 387, 389, 387,
    390, 391, 389, 390, 388, 388, 387 ]
LHandPositionsY: [ 227, 225, 224, 227, 226, 225, 225, 227, 227, 225, 225,
    225, 226, 224, 227, 224, 225, 227, 225, 224, 224, 228, 228, 228, 228,
    226, 227, 224, 227, 228, 224, 225, 228, 227, 225, 227, 228, 225, 227,
    228, 224, 224, 226, 224, 228, 226, 226, 226, 225, 224, 228, 226, 225,
    227, 227, 226, 227, 225, 227, 225, 225, 228, 227, 226, 228, 226, 228,
    224, 227, 227, 228, 227, 224, 226, 226, 225, 225, 227, 226, 226, 227,
    228, 226, 226, 228, 227, 227, 224 ]
RHandPositionsX: [ 170, 169, 174, 186, 189, 186, 192, 189, 179, 176, 176,
    173, 172, 181, 187, 198, 199, 199, 200, 196, 186, 181, 174, 173, 169,
    169, 174, 178, 192, 201, 200, 202, 202, 195, 191, 183, 186, 180, 181,
    182, 187, 198, 199, 204, 204, 201, 196, 189, 185, 179, 178, 176, 181,
    189, 194, 201, 204, 209, 209, 209, 210, 212, 208, 210, 208, 207, 207,
    206, 205, 204, 204, 203, 203, 205, 200, 200, 202, 202, 200, 202, 203,
    199, 200, 202, 202, 201, 198, 198 ]
RHandPositionsY: [ 98, 92, 99, 114, 116, 114, 119, 113, 101, 103, 101,
    101, 101, 104, 112, 125, 121, 122, 123, 111, 100, 102, 98, 100, 98,
    98, 97, 99, 114, 121, 122, 124, 124, 107, 108, 107, 107, 102, 102,
    101, 113, 122, 122, 122, 125, 125, 124, 106, 106, 105, 102, 100, 99,
    118, 130, 136, 141, 150, 151, 155, 160, 167, 171, 182, 190, 202, 209,
    214, 214, 215, 218, 218, 220, 221, 226, 225, 224, 227, 228, 226, 224,
    227, 227, 228, 226, 226, 227, 226 ]
