%YAML:1.0
---
videoName: "RHShake11.mp4"
gestureLabel: 2
fps: 29
pixelSizeInCmTemp: 3.3263888888888887e-01
faceCenterPointX: 274
faceCenterPointY: 53
LHandPositionsX: [ 311, 309, 309, 310, 308, 311, 308, 310, 309, 311, 309,
    311, 307, 308, 308, 307, 308, 308, 309, 307, 308, 310, 307, 311, 308,
    311, 310, 307, 310, 309, 310, 310, 308, 311, 308, 308, 311, 308, 307,
    310, 309, 308, 309, 310, 309, 307, 308, 310, 310, 308, 310, 307, 309,
    308, 309, 309, 307, 307, 308, 310, 309, 309, 311, 311, 307, 308, 307,
    307, 307, 309, 309, 308, 307, 308, 311, 309, 308, 307, 309, 304, 306,
    305, 307, 303, 306, 305, 303, 303 ]
LHandPositionsY: [ 248, 247, 247, 249, 248, 248, 248, 248, 246, 245, 246,
    248, 249, 249, 247, 247, 247, 248, 246, 249, 245, 249, 248, 247, 247,
    246, 245, 249, 247, 247, 248, 248, 249, 248, 247, 248, 247, 249, 248,
    249, 247, 249, 249, 246, 246, 247, 246, 248, 247, 246, 246, 247, 247,
    248, 248, 249, 247, 248, 245, 248, 247, 246, 245, 247, 248, 249, 246,
    248, 245, 246, 246, 244, 243, 245, 244, 243, 245, 246, 246, 246, 246,
    243, 247, 244, 244, 247, 245, 245 ]
RHandPositionsX: [ 250, 248, 249, 244, 237, 226, 210, 193, 172, 159, 145,
    139, 146, 145, 151, 158, 161, 165, 172, 172, 170, 164, 155, 156, 152,
    151, 161, 164, 167, 169, 168, 169, 163, 159, 158, 155, 153, 155, 158,
    168, 168, 167, 174, 169, 167, 161, 156, 160, 159, 160, 165, 171, 173,
    179, 175, 177, 173, 167, 164, 164, 160, 158, 159, 165, 170, 180, 195,
    205, 219, 232, 239, 250, 253, 261, 263, 258, 260, 259, 259, 261, 258,
    261, 260, 258, 259, 259, 260, 258 ]
RHandPositionsY: [ 249, 248, 247, 239, 233, 221, 208, 190, 173, 159, 142,
    128, 128, 111, 106, 102, 104, 107, 103, 101, 104, 98, 97, 97, 96, 94,
    96, 98, 103, 101, 102, 97, 96, 94, 97, 93, 97, 97, 101, 105, 106,
    104, 105, 106, 104, 105, 97, 100, 97, 99, 100, 104, 109, 108, 109,
    107, 106, 103, 100, 100, 103, 102, 101, 106, 119, 131, 145, 159, 174,
    190, 202, 213, 221, 229, 235, 234, 235, 237, 238, 239, 240, 242, 238,
    242, 241, 240, 241, 238 ]
