%YAML:1.0
---
videoName: "RHShake14.mp4"
gestureLabel: 2
fps: 30
pixelSizeInCmTemp: 3.2808219178082193e-01
faceCenterPointX: 277
faceCenterPointY: 42
LHandPositionsX: [ 375, 377, 376, 376, 375, 375, 379, 378, 376, 376, 379,
    376, 376, 378, 377, 374, 374, 377, 374, 373, 375, 375, 376, 374, 373,
    372, 375, 375, 375, 373, 374, 372, 374, 376, 375, 374, 372, 375, 375,
    373, 376, 374, 375, 376, 376, 372, 373, 375, 374, 375, 372, 374, 375,
    373, 373, 375, 372, 372, 373, 374, 372, 376, 372, 372, 376, 374, 373,
    372, 373, 374, 376, 374, 373, 374, 376, 376, 376, 373, 373, 376, 376,
    376, 374, 374, 375, 376, 376, 375, 375, 373, 373 ]
LHandPositionsY: [ 231, 232, 232, 230, 231, 230, 229, 231, 232, 232, 230,
    229, 231, 233, 232, 232, 231, 231, 231, 232, 230, 233, 230, 229, 233,
    231, 232, 232, 232, 232, 233, 230, 232, 233, 231, 233, 232, 230, 231,
    229, 233, 230, 231, 230, 230, 230, 229, 230, 230, 229, 233, 232, 229,
    232, 231, 233, 231, 233, 232, 232, 229, 229, 230, 231, 232, 230, 229,
    232, 231, 229, 229, 229, 231, 233, 229, 230, 232, 233, 231, 231, 229,
    231, 231, 232, 232, 231, 233, 229, 229, 233, 231 ]
RHandPositionsX: [ 171, 170, 173, 170, 171, 171, 171, 173, 171, 174, 170,
    170, 171, 171, 172, 173, 170, 172, 172, 171, 174, 171, 173, 172, 172,
    170, 170, 170, 158, 148, 134, 128, 122, 114, 117, 121, 126, 130, 136,
    141, 142, 147, 147, 142, 144, 147, 149, 155, 156, 159, 157, 159, 151,
    149, 156, 157, 160, 168, 168, 163, 157, 153, 157, 159, 158, 166, 163,
    169, 176, 179, 178, 179, 177, 179, 173, 173, 175, 179, 177, 174, 174,
    171, 170, 170, 171, 174, 172, 171, 174, 170, 172 ]
RHandPositionsY: [ 243, 239, 241, 239, 243, 242, 243, 242, 239, 240, 241,
    242, 242, 240, 241, 240, 241, 240, 241, 240, 240, 241, 239, 242, 241,
    242, 247, 233, 212, 196, 175, 152, 137, 117, 113, 107, 106, 110, 116,
    116, 118, 104, 96, 90, 89, 84, 85, 84, 84, 82, 82, 78, 77, 76, 77,
    76, 79, 82, 78, 80, 77, 79, 76, 77, 81, 80, 87, 108, 118, 135, 145,
    157, 169, 179, 193, 197, 197, 204, 211, 218, 219, 223, 223, 227, 232,
    232, 231, 236, 234, 233, 234 ]
