%YAML:1.0
---
videoName: "RHShake12.mp4"
gestureLabel: 2
fps: 29
pixelSizeInCmTemp: 3.3732394366197183e-01
faceCenterPointX: 299
faceCenterPointY: 45
LHandPositionsX: [ 406, 408, 408, 406, 408, 406, 407, 405, 408, 408, 405,
    406, 404, 408, 406, 408, 407, 407, 408, 407, 404, 405, 406, 407, 404,
    404, 406, 404, 408, 407, 406, 404, 404, 404, 406, 406, 408, 405, 406,
    404, 405, 406, 408, 406, 405, 408, 406, 407, 405, 408, 406, 407, 407,
    405, 408, 405, 407, 404, 404, 408, 406, 407, 406, 408, 406, 406, 405,
    408, 408, 404, 405, 405, 406, 407, 406, 407, 407, 404, 407, 407, 404,
    405, 407, 406, 405, 407, 408, 408 ]
LHandPositionsY: [ 242, 239, 243, 240, 239, 242, 242, 241, 240, 239, 242,
    243, 242, 240, 240, 243, 243, 240, 239, 239, 243, 240, 240, 241, 242,
    241, 240, 240, 240, 242, 242, 241, 243, 242, 240, 242, 242, 240, 241,
    241, 240, 243, 239, 241, 241, 240, 242, 239, 243, 239, 241, 239, 243,
    239, 239, 240, 242, 239, 240, 242, 242, 242, 242, 243, 239, 241, 240,
    243, 240, 243, 242, 243, 243, 241, 242, 242, 241, 243, 239, 242, 240,
    242, 240, 243, 242, 239, 242, 239 ]
RHandPositionsX: [ 167, 164, 163, 160, 163, 171, 183, 194, 191, 194, 192,
    182, 179, 172, 171, 168, 171, 178, 185, 189, 188, 183, 180, 175, 167,
    168, 169, 176, 188, 192, 190, 189, 185, 181, 175, 178, 175, 174, 181,
    190, 196, 193, 186, 178, 173, 178, 173, 175, 181, 192, 193, 193, 194,
    191, 182, 180, 178, 176, 173, 176, 179, 193, 200, 201, 204, 202, 197,
    190, 187, 188, 187, 185, 189, 193, 196, 196, 197, 200, 204, 202, 202,
    200, 199, 198, 197, 200, 201, 198 ]
RHandPositionsY: [ 139, 129, 121, 110, 107, 95, 96, 105, 105, 110, 100,
    94, 90, 90, 87, 86, 81, 88, 99, 103, 109, 97, 92, 86, 87, 86, 84, 91,
    100, 111, 110, 106, 98, 97, 93, 95, 87, 89, 98, 111, 115, 116, 102,
    97, 97, 93, 90, 88, 93, 111, 110, 110, 115, 103, 93, 93, 88, 88, 85,
    85, 91, 109, 118, 121, 118, 118, 114, 109, 110, 111, 114, 126, 135,
    147, 159, 162, 167, 173, 184, 193, 203, 210, 217, 221, 223, 228, 230,
    232 ]
