%YAML:1.0
---
videoName: "RHShake05.mp4"
gestureLabel: 2
fps: 30
pixelSizeInCmTemp: 3.1103896103896100e-01
faceCenterPointX: 295
faceCenterPointY: 47
LHandPositionsX: [ 408, 411, 409, 412, 412, 409, 411, 408, 410, 412, 409,
    408, 411, 411, 412, 408, 412, 411, 408, 408, 409, 410, 412, 409, 411,
    409, 411, 410, 410, 412, 412, 412, 411, 412, 412, 408, 412, 410, 409,
    409, 411, 408, 409, 412, 409, 409, 408, 408, 410, 408, 411, 409, 409,
    410, 410, 411, 411, 410, 408, 412, 409, 410, 412, 408, 408, 410, 410,
    408, 409, 411, 409, 412, 410, 410, 410, 409, 411, 410, 410, 412, 411,
    410, 412, 409, 411, 411, 409, 411, 412, 409, 412 ]
LHandPositionsY: [ 260, 257, 260, 258, 260, 261, 258, 259, 259, 257, 258,
    261, 257, 261, 258, 259, 258, 258, 260, 257, 260, 261, 260, 260, 259,
    258, 261, 259, 261, 259, 259, 261, 259, 260, 261, 258, 257, 258, 258,
    257, 261, 261, 260, 260, 261, 257, 260, 259, 257, 261, 260, 257, 260,
    259, 261, 257, 259, 259, 258, 257, 261, 259, 259, 261, 259, 261, 259,
    260, 257, 260, 257, 258, 259, 257, 258, 260, 259, 260, 257, 257, 260,
    258, 261, 259, 258, 257, 258, 260, 261, 257, 260 ]
RHandPositionsX: [ 173, 177, 176, 176, 176, 176, 175, 174, 176, 174, 174,
    173, 172, 174, 172, 171, 173, 174, 172, 171, 173, 173, 172, 176, 173,
    179, 182, 177, 173, 165, 152, 154, 156, 159, 165, 173, 187, 201, 190,
    181, 177, 175, 172, 169, 176, 177, 187, 184, 176, 175, 172, 166, 167,
    176, 177, 191, 185, 178, 175, 168, 170, 170, 177, 192, 191, 193, 187,
    182, 180, 178, 180, 180, 187, 191, 193, 191, 181, 172, 172, 174, 171,
    176, 184, 186, 189, 189, 184, 179, 176, 176, 178 ]
RHandPositionsY: [ 260, 258, 259, 261, 258, 261, 260, 261, 261, 262, 259,
    259, 260, 262, 260, 261, 260, 262, 258, 260, 260, 263, 260, 260, 257,
    249, 230, 208, 181, 156, 132, 129, 104, 92, 88, 92, 96, 93, 91, 84,
    83, 77, 80, 81, 86, 84, 80, 81, 78, 72, 75, 77, 79, 83, 83, 89, 87,
    86, 83, 80, 81, 83, 86, 93, 94, 93, 89, 86, 81, 82, 84, 85, 91, 91,
    94, 90, 90, 86, 86, 93, 109, 132, 156, 179, 204, 222, 224, 232, 242,
    250, 250 ]
