%YAML:1.0
---
videoName: "RHShake11.mp4"
gestureLabel: 2
fps: 29
pixelSizeInCmTemp: 3.3263888888888887e-01
faceCenterPointX: 274
faceCenterPointY: 53
LHandPositionsX: [ 309, 308, 311, 311, 308, 307, 311, 310, 308, 307, 309,
    309, 309, 307, 308, 309, 307, 310, 310, 307, 308, 307, 309, 307, 310,
    307, 307, 311, 309, 308, 310, 311, 308, 310, 310, 308, 310, 307, 307,
    309, 310, 307, 308, 311, 308, 309, 309, 308, 310, 307, 308, 309, 310,
    308, 309, 311, 308, 310, 308, 309, 308, 310, 310, 311, 310, 309, 311,
    309, 307, 308, 308, 307, 311, 311, 307, 306, 305, 306, 307, 304, 303,
    303, 304, 306, 305, 303, 305, 303 ]
LHandPositionsY: [ 245, 247, 245, 247, 246, 248, 249, 245, 248, 246, 246,
    246, 245, 247, 248, 247, 247, 246, 246, 248, 247, 248, 246, 246, 247,
    246, 248, 246, 248, 248, 247, 248, 248, 247, 245, 245, 246, 245, 246,
    246, 249, 245, 247, 247, 249, 247, 246, 248, 247, 246, 248, 249, 249,
    246, 245, 247, 247, 248, 245, 246, 245, 249, 248, 245, 247, 249, 247,
    247, 247, 248, 246, 246, 244, 243, 245, 247, 243, 246, 247, 244, 244,
    244, 246, 245, 244, 246, 246, 246 ]
RHandPositionsX: [ 249, 249, 248, 246, 234, 228, 210, 191, 174, 161, 146,
    138, 147, 147, 149, 156, 163, 163, 168, 172, 171, 162, 158, 153, 152,
    151, 160, 167, 166, 165, 168, 168, 162, 158, 158, 159, 156, 153, 158,
    166, 168, 166, 170, 170, 164, 161, 160, 159, 157, 158, 163, 174, 173,
    180, 175, 178, 170, 171, 166, 167, 158, 158, 161, 166, 169, 179, 191,
    205, 221, 231, 239, 250, 253, 260, 264, 262, 262, 263, 261, 262, 259,
    261, 260, 258, 261, 260, 261, 258 ]
RHandPositionsY: [ 249, 248, 246, 242, 233, 218, 208, 190, 176, 159, 141,
    127, 128, 115, 104, 102, 104, 103, 102, 102, 100, 102, 101, 98, 95,
    97, 94, 100, 102, 99, 99, 96, 97, 94, 94, 93, 93, 96, 100, 107, 105,
    104, 105, 104, 101, 102, 97, 100, 100, 100, 103, 104, 105, 107, 107,
    108, 105, 103, 101, 102, 101, 101, 105, 108, 118, 130, 142, 157, 173,
    188, 203, 211, 223, 227, 237, 235, 238, 236, 238, 242, 241, 240, 240,
    238, 241, 238, 238, 238 ]
