%YAML:1.0
---
videoName: "RHShake06.mp4"
gestureLabel: 2
fps: 30
pixelSizeInCmTemp: 3.2808219178082193e-01
faceCenterPointX: 293
faceCenterPointY: 43
LHandPositionsX: [ 309, 307, 306, 309, 309, 307, 309, 308, 306, 309, 307,
    306, 307, 310, 309, 308, 309, 314, 315, 316, 320, 321, 322, 322, 319,
    323, 323, 320, 323, 323, 321, 320, 323, 322, 325, 325, 322, 323, 322,
    323, 323, 326, 324, 325, 323, 324, 324, 323, 324, 322, 322, 324, 324,
    326, 322, 325, 325, 326, 323, 325, 325, 326, 323, 323, 324, 324, 323,
    323, 326, 323, 325, 323, 325, 323, 324, 326, 324, 324, 324, 322, 322,
    324, 326, 318, 317, 315, 310, 309, 312, 311, 310 ]
LHandPositionsY: [ 269, 267, 269, 268, 266, 269, 270, 268, 269, 268, 270,
    269, 266, 270, 269, 269, 266, 270, 268, 265, 265, 263, 263, 261, 262,
    260, 259, 258, 258, 261, 260, 258, 258, 259, 260, 258, 262, 260, 260,
    259, 258, 262, 258, 258, 261, 261, 259, 262, 258, 259, 261, 260, 259,
    260, 258, 258, 259, 260, 261, 259, 259, 260, 261, 262, 261, 262, 261,
    260, 259, 258, 261, 258, 259, 260, 261, 262, 259, 260, 262, 262, 260,
    262, 259, 260, 263, 265, 264, 266, 262, 265, 264 ]
RHandPositionsX: [ 287, 289, 286, 288, 284, 288, 287, 286, 288, 284, 288,
    285, 287, 287, 287, 286, 286, 287, 278, 266, 244, 226, 200, 177, 158,
    144, 137, 135, 139, 139, 141, 146, 163, 163, 165, 163, 163, 160, 161,
    159, 162, 169, 182, 188, 189, 183, 180, 171, 168, 172, 168, 167, 172,
    184, 184, 182, 182, 188, 177, 172, 168, 166, 166, 181, 181, 176, 177,
    172, 165, 162, 165, 168, 170, 180, 191, 190, 208, 224, 230, 240, 247,
    253, 253, 247, 246, 253, 256, 254, 255, 254, 256 ]
RHandPositionsY: [ 267, 267, 267, 266, 268, 266, 266, 268, 267, 269, 268,
    268, 270, 268, 267, 268, 270, 268, 266, 260, 248, 234, 218, 197, 178,
    161, 137, 125, 112, 105, 115, 117, 127, 116, 111, 106, 101, 89, 89,
    89, 89, 96, 98, 101, 96, 96, 96, 89, 89, 90, 86, 91, 94, 98, 100,
    101, 96, 101, 94, 93, 94, 90, 92, 102, 101, 103, 102, 100, 102, 107,
    115, 127, 146, 162, 178, 181, 194, 203, 216, 225, 231, 239, 236, 237,
    240, 241, 243, 240, 245, 244, 244 ]
