%YAML:1.0
---
videoName: "RHShake17.mp4"
gestureLabel: 2
fps: 29
pixelSizeInCmTemp: 3.3732394366197183e-01
faceCenterPointX: 282
faceCenterPointY: 40
LHandPositionsX: [ 308, 308, 305, 305, 308, 308, 307, 308, 308, 306, 307,
    308, 305, 307, 306, 309, 305, 307, 309, 307, 309, 306, 308, 306, 307,
    309, 307, 308, 305, 305, 306, 308, 306, 308, 307, 308, 307, 305, 305,
    308, 307, 306, 310, 310, 310, 306, 307, 308, 308, 309, 309, 311, 308,
    307, 307, 311, 309, 307, 308, 307, 308, 307, 311, 309, 307, 310, 311,
    309, 308, 308, 307, 308, 309, 306, 306, 308, 309, 306, 305, 308, 309,
    309, 307, 306, 308, 309, 306, 305 ]
LHandPositionsY: [ 233, 231, 234, 231, 234, 231, 234, 231, 232, 232, 234,
    231, 235, 231, 231, 232, 231, 232, 232, 233, 235, 235, 235, 232, 231,
    234, 231, 232, 235, 233, 233, 233, 233, 235, 231, 235, 234, 234, 235,
    234, 231, 231, 233, 235, 232, 231, 233, 232, 232, 235, 231, 233, 234,
    231, 233, 234, 235, 232, 232, 235, 235, 235, 231, 231, 233, 234, 232,
    232, 233, 234, 233, 234, 232, 231, 232, 235, 233, 231, 232, 234, 233,
    231, 233, 233, 231, 231, 235, 233 ]
RHandPositionsX: [ 214, 196, 176, 160, 138, 142, 143, 147, 143, 142, 145,
    149, 155, 155, 150, 146, 143, 141, 144, 147, 164, 160, 156, 154, 150,
    146, 148, 145, 145, 155, 156, 157, 161, 154, 147, 144, 144, 139, 140,
    154, 152, 154, 155, 159, 154, 149, 149, 150, 158, 159, 170, 170, 166,
    164, 157, 159, 148, 152, 147, 149, 153, 163, 172, 174, 176, 179, 178,
    177, 174, 171, 177, 173, 171, 168, 171, 167, 172, 172, 169, 170, 167,
    170, 168, 169, 169, 169, 167, 169 ]
RHandPositionsY: [ 200, 185, 166, 150, 129, 110, 110, 105, 96, 93, 98,
    92, 80, 79, 77, 72, 72, 67, 71, 75, 79, 78, 73, 71, 67, 68, 67, 66,
    67, 65, 68, 67, 66, 68, 68, 67, 66, 62, 65, 82, 80, 82, 81, 80, 78,
    72, 73, 74, 71, 74, 91, 92, 85, 82, 81, 80, 80, 80, 78, 85, 90, 107,
    118, 132, 145, 158, 168, 182, 188, 197, 210, 215, 222, 228, 236, 235,
    239, 239, 237, 241, 242, 242, 240, 241, 240, 243, 246, 245 ]
