%YAML:1.0
---
videoName: "RHShake04.mp4"
gestureLabel: 2
fps: 29
pixelSizeInCmTemp: 3.1513157894736843e-01
faceCenterPointX: 292
faceCenterPointY: 47
LHandPositionsX: [ 411, 410, 412, 413, 410, 412, 409, 412, 409, 412, 413,
    413, 409, 411, 412, 410, 411, 412, 411, 409, 408, 409, 408, 408, 408,
    409, 405, 407, 406, 409, 408, 406, 407, 409, 409, 409, 407, 405, 408,
    407, 409, 408, 405, 409, 409, 408, 405, 405, 409, 409, 409, 408, 406,
    409, 409, 406, 405, 408, 405, 409, 406, 404, 405, 405, 405, 405, 406,
    404, 406, 406, 405, 406, 406, 406, 404, 402, 404, 406, 406, 404, 401,
    404, 404, 404, 403, 401, 401, 401 ]
LHandPositionsY: [ 265, 264, 265, 263, 266, 263, 263, 263, 265, 263, 264,
    265, 264, 263, 264, 263, 261, 261, 260, 263, 264, 263, 261, 261, 262,
    264, 264, 263, 264, 263, 263, 264, 260, 260, 261, 263, 260, 262, 261,
    264, 261, 263, 261, 261, 263, 260, 264, 262, 264, 264, 262, 263, 263,
    260, 262, 263, 260, 261, 263, 263, 263, 261, 260, 262, 259, 259, 260,
    261, 260, 260, 262, 258, 261, 261, 262, 262, 260, 258, 262, 261, 258,
    259, 259, 258, 261, 261, 259, 261 ]
RHandPositionsX: [ 180, 180, 180, 179, 179, 183, 179, 179, 177, 178, 178,
    180, 177, 178, 177, 179, 178, 178, 175, 179, 179, 179, 176, 182, 179,
    176, 170, 163, 161, 166, 164, 168, 181, 186, 195, 192, 185, 180, 176,
    168, 167, 170, 173, 173, 179, 179, 180, 173, 168, 169, 164, 169, 178,
    180, 180, 179, 177, 170, 168, 170, 168, 173, 178, 182, 195, 188, 184,
    179, 175, 173, 168, 172, 174, 176, 187, 189, 191, 192, 190, 190, 186,
    186, 186, 179, 177, 174, 176, 174 ]
RHandPositionsY: [ 264, 264, 264, 268, 263, 264, 263, 265, 264, 269, 265,
    265, 268, 269, 270, 268, 268, 269, 271, 268, 272, 274, 267, 247, 222,
    196, 171, 147, 126, 124, 117, 102, 96, 101, 103, 102, 98, 96, 94, 93,
    89, 91, 95, 96, 98, 99, 96, 94, 93, 94, 94, 96, 97, 99, 96, 98, 94,
    93, 92, 91, 92, 97, 96, 98, 93, 97, 96, 93, 92, 92, 93, 96, 102, 109,
    121, 133, 143, 152, 162, 181, 193, 210, 222, 229, 238, 245, 248, 247 ]
