%YAML:1.0
---
videoName: "RHShake09.mp4"
gestureLabel: 2
fps: 29
pixelSizeInCmTemp: 3.1103896103896100e-01
faceCenterPointX: 296
faceCenterPointY: 48
LHandPositionsX: [ 325, 324, 326, 326, 323, 324, 323, 320, 319, 317, 316,
    317, 312, 310, 311, 310, 311, 308, 308, 308, 307, 308, 310, 305, 307,
    306, 304, 305, 305, 307, 308, 308, 307, 312, 311, 309, 307, 310, 309,
    309, 310, 307, 308, 310, 312, 309, 309, 312, 310, 311, 313, 311, 315,
    311, 314, 312, 314, 314, 315, 317, 317, 316, 317, 317, 316, 317, 317,
    316, 317, 315, 318, 317, 318, 315, 316, 316, 313, 316, 316, 316, 315,
    314, 318, 317, 314, 314, 318, 315 ]
LHandPositionsY: [ 269, 267, 268, 267, 269, 267, 270, 272, 270, 274, 271,
    275, 273, 276, 275, 275, 273, 276, 274, 273, 276, 272, 272, 274, 276,
    274, 276, 273, 276, 277, 276, 276, 275, 276, 273, 273, 277, 273, 273,
    274, 273, 275, 274, 274, 273, 277, 274, 273, 275, 274, 274, 274, 273,
    275, 275, 276, 273, 277, 272, 272, 272, 276, 276, 272, 272, 274, 273,
    274, 274, 272, 275, 273, 275, 274, 275, 277, 275, 274, 273, 275, 272,
    273, 275, 271, 276, 274, 275, 272 ]
RHandPositionsX: [ 265, 263, 264, 263, 261, 265, 263, 263, 262, 259, 259,
    260, 261, 260, 261, 257, 260, 256, 258, 257, 256, 256, 257, 254, 256,
    257, 255, 257, 255, 257, 265, 260, 254, 240, 222, 204, 187, 177, 167,
    171, 175, 175, 180, 183, 187, 186, 184, 180, 178, 176, 186, 191, 190,
    198, 195, 186, 178, 177, 181, 185, 182, 186, 193, 188, 187, 183, 176,
    174, 173, 179, 183, 189, 185, 182, 178, 177, 180, 180, 184, 190, 193,
    194, 197, 204, 208, 215, 228, 238 ]
RHandPositionsY: [ 262, 263, 265, 266, 266, 264, 266, 268, 264, 269, 267,
    267, 265, 265, 266, 269, 268, 268, 268, 265, 266, 269, 268, 266, 265,
    269, 265, 268, 266, 267, 268, 260, 244, 232, 214, 197, 176, 156, 139,
    132, 116, 107, 105, 109, 108, 102, 97, 90, 86, 88, 88, 96, 95, 96,
    96, 95, 86, 89, 86, 90, 96, 98, 96, 93, 89, 86, 89, 88, 91, 96, 95,
    99, 97, 92, 94, 92, 87, 92, 98, 103, 104, 110, 122, 132, 141, 155,
    168, 188 ]
