%YAML:1.0
---
videoName: "RHShake14.mp4"
gestureLabel: 2
fps: 30
pixelSizeInCmTemp: 3.2808219178082193e-01
faceCenterPointX: 277
faceCenterPointY: 42
LHandPositionsX: [ 375, 379, 376, 377, 375, 378, 378, 379, 376, 376, 377,
    376, 377, 374, 373, 375, 373, 374, 375, 374, 375, 376, 372, 376, 376,
    375, 374, 372, 375, 373, 372, 376, 374, 373, 375, 373, 374, 374, 375,
    372, 373, 374, 376, 376, 372, 373, 376, 374, 376, 376, 374, 374, 374,
    372, 376, 372, 372, 373, 373, 372, 372, 376, 375, 374, 373, 374, 374,
    376, 372, 374, 376, 374, 375, 376, 372, 372, 376, 375, 373, 375, 372,
    375, 373, 376, 376, 376, 376, 376, 375, 372, 374 ]
LHandPositionsY: [ 230, 233, 232, 232, 231, 233, 231, 233, 231, 232, 233,
    230, 232, 233, 233, 230, 230, 229, 229, 229, 229, 229, 231, 233, 229,
    229, 232, 230, 229, 232, 233, 231, 233, 229, 232, 231, 232, 232, 229,
    232, 233, 231, 233, 231, 229, 231, 232, 229, 231, 232, 231, 229, 229,
    230, 232, 230, 229, 232, 229, 232, 231, 230, 231, 230, 231, 230, 232,
    233, 229, 230, 231, 231, 232, 233, 231, 229, 230, 232, 231, 230, 231,
    230, 232, 232, 233, 231, 232, 229, 229, 229, 230 ]
RHandPositionsX: [ 170, 174, 170, 172, 172, 172, 172, 173, 173, 170, 170,
    174, 172, 170, 173, 173, 174, 174, 173, 173, 173, 172, 174, 172, 169,
    172, 171, 167, 159, 150, 134, 128, 124, 117, 118, 124, 128, 129, 137,
    137, 145, 145, 144, 141, 147, 144, 149, 154, 158, 160, 159, 156, 154,
    153, 155, 159, 163, 166, 170, 163, 157, 157, 160, 159, 156, 164, 164,
    173, 174, 176, 177, 178, 179, 181, 171, 170, 179, 178, 174, 171, 171,
    171, 170, 174, 173, 172, 171, 171, 170, 172, 173 ]
RHandPositionsY: [ 239, 240, 243, 242, 241, 241, 239, 239, 242, 243, 242,
    241, 242, 240, 241, 240, 242, 241, 243, 239, 239, 239, 241, 239, 243,
    246, 246, 231, 216, 193, 172, 154, 136, 118, 115, 109, 104, 110, 112,
    118, 116, 104, 98, 92, 89, 84, 83, 82, 83, 80, 79, 80, 75, 75, 74,
    74, 82, 80, 78, 77, 80, 76, 76, 76, 77, 84, 87, 107, 118, 135, 144,
    160, 170, 182, 192, 196, 198, 204, 210, 218, 215, 221, 222, 230, 236,
    234, 233, 233, 233, 234, 237 ]
