%YAML:1.0
---
videoName: "RHShake24.mp4"
gestureLabel: 2
fps: 30
pixelSizeInCmTemp: 3.3732394366197183e-01
faceCenterPointX: 304
faceCenterPointY: 46
LHandPositionsX: [ 391, 389, 390, 391, 392, 389, 390, 390, 392, 389, 392,
    392, 392, 392, 393, 390, 393, 392, 390, 390, 392, 392, 389, 392, 389,
    393, 389, 393, 389, 392, 390, 392, 389, 389, 389, 392, 390, 390, 392,
    391, 390, 393, 391, 390, 389, 392, 391, 393, 393, 389, 392, 392, 389,
    390, 391, 391, 392, 393, 391, 393, 391, 389, 391, 390, 390, 390, 390,
    393, 391, 390, 391, 391, 391, 389, 391, 393, 393, 389, 391, 389, 392,
    390, 391, 392, 392, 393, 389, 391, 392, 389, 390 ]
LHandPositionsY: [ 226, 228, 227, 225, 229, 228, 229, 225, 226, 228, 225,
    228, 229, 226, 229, 225, 226, 229, 226, 229, 227, 228, 226, 226, 228,
    228, 229, 226, 229, 229, 229, 225, 227, 226, 225, 225, 226, 228, 227,
    228, 226, 228, 227, 227, 227, 227, 226, 228, 229, 228, 226, 225, 228,
    227, 228, 225, 226, 229, 227, 225, 225, 229, 228, 227, 228, 226, 226,
    228, 229, 229, 226, 227, 229, 226, 225, 228, 225, 226, 228, 227, 228,
    226, 229, 229, 226, 225, 227, 225, 227, 229, 229 ]
RHandPositionsX: [ 142, 149, 152, 149, 153, 156, 154, 148, 146, 142, 137,
    139, 141, 151, 162, 162, 162, 164, 159, 156, 151, 145, 145, 143, 143,
    145, 159, 159, 157, 160, 156, 153, 152, 146, 140, 145, 149, 153, 156,
    160, 161, 164, 160, 157, 151, 144, 143, 142, 143, 149, 160, 166, 168,
    170, 171, 164, 160, 153, 150, 149, 150, 148, 150, 166, 166, 166, 172,
    170, 177, 178, 178, 180, 184, 188, 188, 189, 191, 192, 194, 195, 195,
    194, 192, 195, 195, 195, 194, 194, 195, 192, 193 ]
RHandPositionsY: [ 98, 100, 101, 99, 104, 100, 93, 90, 89, 88, 84, 87,
    85, 100, 111, 110, 111, 113, 105, 102, 99, 98, 96, 93, 91, 98, 110,
    113, 114, 111, 105, 99, 99, 96, 93, 93, 93, 94, 104, 107, 107, 111,
    106, 104, 101, 100, 99, 97, 92, 111, 118, 118, 118, 121, 118, 104,
    103, 99, 102, 98, 94, 96, 105, 114, 115, 117, 122, 124, 132, 140,
    151, 151, 153, 160, 164, 174, 178, 186, 195, 202, 211, 212, 214, 217,
    218, 217, 222, 225, 224, 228, 225 ]
