%YAML:1.0
---
videoName: "RHShake10.mp4"
gestureLabel: 2
fps: 29
pixelSizeInCmTemp: 3.1933333333333330e-01
faceCenterPointX: 295
faceCenterPointY: 45
LHandPositionsX: [ 338, 341, 342, 341, 341, 338, 337, 335, 335, 332, 335,
    330, 330, 328, 329, 326, 326, 326, 329, 330, 326, 329, 330, 326, 327,
    330, 327, 327, 328, 327, 329, 326, 329, 329, 326, 327, 327, 330, 328,
    328, 326, 328, 327, 329, 329, 330, 328, 329, 328, 329, 327, 329, 327,
    328, 330, 330, 327, 329, 328, 330, 327, 330, 326, 330, 330, 329, 326,
    327, 330, 327, 326, 330, 328, 327, 329, 331, 329, 327, 331, 329, 331,
    330, 330, 330, 327, 329, 328, 327 ]
LHandPositionsY: [ 262, 267, 269, 267, 266, 269, 269, 270, 271, 272, 271,
    270, 273, 272, 274, 272, 271, 272, 274, 273, 271, 274, 273, 273, 274,
    270, 274, 270, 270, 271, 273, 269, 272, 273, 271, 271, 272, 268, 268,
    271, 268, 272, 269, 270, 268, 269, 269, 270, 272, 272, 270, 269, 268,
    270, 271, 269, 272, 272, 268, 269, 270, 269, 271, 272, 268, 270, 270,
    271, 269, 269, 270, 272, 272, 269, 270, 267, 267, 269, 269, 268, 269,
    269, 270, 269, 271, 269, 268, 271 ]
RHandPositionsX: [ 259, 263, 261, 260, 261, 263, 263, 262, 261, 259, 260,
    260, 261, 259, 261, 262, 259, 253, 258, 249, 239, 220, 201, 185, 169,
    155, 138, 138, 136, 139, 144, 149, 153, 161, 165, 164, 157, 160, 158,
    159, 163, 173, 180, 182, 174, 177, 173, 171, 169, 168, 172, 189, 188,
    193, 190, 183, 179, 175, 176, 182, 178, 188, 191, 192, 191, 183, 180,
    174, 173, 181, 176, 193, 199, 205, 214, 220, 226, 230, 234, 243, 250,
    253, 249, 260, 261, 259, 258, 261 ]
RHandPositionsY: [ 265, 266, 264, 266, 263, 262, 267, 264, 266, 267, 264,
    266, 269, 269, 267, 269, 269, 268, 265, 255, 241, 230, 212, 193, 173,
    153, 132, 113, 115, 99, 87, 87, 87, 88, 87, 85, 80, 76, 76, 78, 79,
    81, 85, 83, 82, 77, 77, 75, 76, 78, 83, 89, 88, 93, 87, 83, 81, 82,
    83, 86, 88, 93, 90, 91, 90, 87, 85, 81, 81, 88, 93, 106, 126, 146,
    161, 177, 199, 211, 229, 242, 256, 260, 258, 261, 265, 264, 269, 269 ]
