%YAML:1.0
---
videoName: "RHShake00.mp4"
gestureLabel: 2
fps: 29
pixelSizeInCmTemp: 3.4710144927536229e-01
faceCenterPointX: 283
faceCenterPointY: 97
LHandPositionsX: [ 346, 344, 344, 344, 342, 346, 343, 346, 344, 343, 342,
    346, 345, 342, 346, 344, 345, 346, 345, 343, 346, 346, 343, 344, 346,
    343, 343, 344, 346, 342, 342, 344, 342, 342, 343, 343, 345, 346, 346,
    344, 344, 345, 346, 342, 344, 344, 342, 346, 345, 345, 343, 346, 344,
    343, 345, 346, 346, 346, 343, 343, 344, 345, 343, 346, 343, 346, 345,
    346, 345, 345, 344, 342, 346, 345, 343, 345, 346, 342, 342, 346, 345,
    346, 342, 342, 344, 344, 345, 345 ]
LHandPositionsY: [ 275, 276, 274, 273, 276, 276, 275, 275, 274, 273, 273,
    276, 275, 276, 272, 276, 275, 274, 273, 276, 275, 274, 276, 273, 276,
    273, 276, 273, 274, 273, 274, 273, 275, 273, 276, 276, 273, 273, 274,
    272, 273, 275, 272, 273, 275, 275, 276, 273, 272, 272, 276, 276, 276,
    272, 272, 274, 275, 273, 273, 275, 272, 275, 272, 274, 272, 275, 273,
    272, 275, 276, 274, 276, 274, 272, 272, 276, 276, 274, 276, 274, 274,
    272, 276, 274, 276, 276, 273, 276 ]
RHandPositionsX: [ 178, 173, 167, 157, 149, 148, 145, 146, 142, 140, 142,
    148, 153, 165, 166, 165, 171, 169, 165, 157, 155, 154, 150, 151, 152,
    166, 166, 165, 165, 164, 158, 148, 148, 149, 153, 154, 161, 160, 163,
    162, 163, 155, 148, 141, 137, 146, 151, 150, 155, 155, 161, 164, 157,
    151, 144, 145, 142, 150, 157, 161, 162, 162, 167, 160, 159, 150, 146,
    142, 143, 146, 148, 152, 155, 162, 162, 169, 170, 173, 175, 181, 183,
    186, 188, 193, 194, 193, 199, 198 ]
RHandPositionsY: [ 256, 250, 241, 217, 202, 185, 178, 169, 161, 152, 141,
    135, 134, 133, 139, 139, 132, 132, 129, 126, 123, 124, 121, 122, 127,
    135, 136, 135, 137, 132, 127, 128, 125, 126, 132, 136, 137, 141, 138,
    140, 138, 134, 131, 129, 127, 132, 135, 135, 136, 137, 140, 142, 136,
    133, 132, 132, 131, 132, 138, 144, 147, 147, 145, 147, 141, 137, 140,
    138, 143, 148, 154, 164, 167, 174, 182, 189, 198, 205, 213, 221, 229,
    236, 242, 249, 252, 259, 260, 261 ]
