%YAML:1.0
---
videoName: "RHShake14.mp4"
gestureLabel: 2
fps: 30
pixelSizeInCmTemp: 3.2808219178082193e-01
faceCenterPointX: 277
faceCenterPointY: 42
LHandPositionsX: [ 379, 376, 376, 377, 375, 377, 379, 375, 375, 375, 379,
    377, 378, 376, 374, 375, 374, 373, 372, 376, 373, 375, 375, 375, 374,
    374, 373, 373, 372, 376, 374, 376, 374, 375, 375, 376, 373, 376, 372,
    376, 375, 376, 372, 372, 375, 373, 374, 372, 376, 375, 375, 373, 372,
    375, 376, 373, 372, 376, 372, 376, 373, 376, 376, 372, 375, 373, 373,
    373, 376, 376, 375, 376, 373, 376, 375, 376, 376, 372, 376, 376, 374,
    375, 374, 373, 372, 374, 374, 372, 375, 373, 372 ]
LHandPositionsY: [ 230, 229, 231, 230, 231, 230, 230, 229, 232, 232, 229,
    233, 229, 232, 232, 232, 229, 230, 232, 232, 230, 233, 229, 230, 229,
    229, 229, 233, 230, 230, 233, 233, 231, 229, 229, 229, 233, 231, 232,
    230, 231, 231, 232, 230, 230, 229, 231, 232, 230, 232, 230, 232, 229,
    229, 233, 230, 230, 231, 233, 229, 229, 231, 233, 230, 229, 231, 231,
    231, 229, 229, 233, 230, 230, 231, 230, 232, 229, 233, 229, 229, 230,
    231, 230, 230, 233, 232, 230, 230, 232, 232, 231 ]
RHandPositionsX: [ 171, 171, 174, 173, 170, 173, 174, 173, 172, 174, 170,
    172, 170, 174, 174, 173, 172, 172, 171, 173, 172, 170, 173, 170, 171,
    172, 169, 168, 160, 147, 138, 128, 122, 116, 119, 122, 128, 131, 136,
    141, 142, 148, 143, 144, 148, 147, 149, 152, 157, 160, 157, 155, 155,
    153, 154, 159, 161, 167, 166, 162, 160, 156, 159, 155, 159, 166, 162,
    169, 173, 178, 177, 178, 179, 177, 175, 173, 179, 181, 174, 174, 172,
    170, 173, 174, 173, 173, 173, 170, 170, 170, 173 ]
RHandPositionsY: [ 240, 240, 240, 242, 241, 242, 241, 242, 242, 240, 240,
    241, 242, 243, 239, 241, 243, 242, 241, 239, 242, 240, 242, 241, 242,
    246, 243, 231, 214, 195, 173, 155, 134, 117, 115, 110, 102, 111, 114,
    117, 119, 106, 96, 91, 90, 84, 86, 85, 83, 80, 80, 76, 77, 79, 74,
    78, 81, 81, 77, 76, 77, 75, 75, 79, 79, 80, 85, 107, 122, 135, 148,
    157, 170, 183, 194, 194, 200, 201, 213, 217, 218, 224, 223, 226, 236,
    231, 235, 235, 235, 233, 238 ]
