%YAML:1.0
---
videoName: "RHShake19.mp4"
gestureLabel: 2
fps: 29
pixelSizeInCmTemp: 3.2808219178082193e-01
faceCenterPointX: 283
faceCenterPointY: 48
LHandPositionsX: [ 388, 391, 390, 389, 392, 390, 390, 388, 390, 392, 389,
    390, 388, 388, 392, 391, 388, 392, 390, 388, 391, 391, 390, 390, 392,
    392, 390, 389, 392, 389, 391, 390, 389, 390, 390, 391, 388, 392, 390,
    392, 389, 388, 388, 390, 392, 391, 390, 388, 388, 391, 392, 388, 390,
    388, 391, 392, 392, 389, 392, 388, 389, 388, 388, 391, 388, 388, 389,
    392, 388, 391, 391, 388, 392, 392, 389, 392, 388, 390, 388, 392, 389,
    392, 392, 392, 392, 389, 390, 388 ]
LHandPositionsY: [ 243, 242, 244, 244, 242, 240, 243, 241, 240, 243, 244,
    242, 243, 240, 243, 244, 244, 240, 243, 240, 242, 243, 243, 244, 244,
    244, 242, 243, 244, 244, 240, 240, 243, 241, 243, 243, 242, 242, 242,
    241, 244, 242, 244, 242, 243, 244, 244, 243, 242, 243, 242, 244, 241,
    240, 244, 244, 241, 243, 241, 240, 241, 242, 240, 244, 241, 240, 240,
    243, 240, 243, 243, 243, 240, 240, 241, 243, 241, 241, 243, 240, 241,
    244, 241, 241, 240, 243, 243, 243 ]
RHandPositionsX: [ 158, 175, 183, 181, 185, 183, 178, 169, 166, 163, 163,
    163, 164, 177, 183, 185, 187, 176, 176, 169, 162, 158, 160, 166, 171,
    176, 174, 173, 169, 163, 160, 160, 158, 166, 170, 177, 180, 180, 178,
    174, 169, 161, 163, 160, 162, 166, 175, 179, 177, 186, 180, 176, 170,
    168, 165, 167, 172, 180, 182, 182, 180, 178, 174, 171, 170, 167, 173,
    176, 178, 181, 189, 187, 192, 185, 183, 185, 186, 182, 181, 182, 180,
    179, 182, 180, 181, 178, 178, 178 ]
RHandPositionsY: [ 90, 91, 97, 94, 91, 90, 86, 79, 77, 76, 75, 75, 80,
    85, 91, 92, 90, 83, 82, 77, 79, 75, 73, 76, 82, 90, 92, 90, 88, 86,
    83, 85, 78, 85, 84, 90, 94, 94, 95, 90, 87, 85, 85, 85, 84, 86, 90,
    97, 102, 101, 102, 96, 98, 95, 95, 94, 102, 106, 106, 111, 105, 100,
    100, 98, 99, 98, 111, 127, 139, 152, 163, 176, 189, 192, 197, 208,
    219, 226, 233, 238, 238, 239, 237, 243, 243, 240, 243, 240 ]
