%YAML:1.0
---
videoName: "RHShake08.mp4"
gestureLabel: 2
fps: 29
pixelSizeInCmTemp: 3.2808219178082193e-01
faceCenterPointX: 290
faceCenterPointY: 45
LHandPositionsX: [ 313, 315, 313, 313, 315, 317, 316, 313, 313, 311, 311,
    311, 310, 312, 311, 311, 310, 308, 307, 307, 307, 310, 310, 306, 310,
    310, 308, 306, 309, 306, 310, 310, 309, 310, 310, 310, 307, 308, 310,
    308, 309, 309, 307, 308, 308, 307, 310, 308, 307, 306, 308, 309, 305,
    307, 308, 305, 305, 307, 306, 309, 307, 307, 306, 308, 307, 305, 306,
    306, 308, 308, 309, 308, 306, 307, 307, 309, 308, 309, 305, 309, 308,
    305, 309, 309, 309, 309, 308, 311 ]
LHandPositionsY: [ 278, 281, 281, 280, 279, 279, 280, 282, 284, 281, 281,
    282, 283, 284, 283, 285, 285, 284, 285, 285, 283, 285, 281, 284, 285,
    285, 281, 284, 281, 282, 285, 285, 283, 283, 281, 281, 282, 282, 282,
    281, 282, 285, 281, 281, 280, 280, 282, 280, 284, 280, 280, 282, 283,
    280, 283, 282, 281, 280, 280, 282, 281, 282, 282, 282, 280, 284, 284,
    284, 280, 283, 281, 284, 281, 283, 281, 283, 284, 280, 282, 284, 284,
    282, 280, 281, 282, 280, 283, 283 ]
RHandPositionsX: [ 266, 269, 268, 273, 273, 271, 272, 278, 265, 259, 259,
    254, 250, 237, 221, 201, 185, 163, 157, 160, 163, 175, 200, 197, 203,
    199, 195, 190, 183, 177, 190, 191, 202, 200, 197, 196, 187, 182, 180,
    178, 193, 188, 186, 184, 185, 177, 174, 172, 176, 183, 183, 189, 189,
    190, 192, 189, 189, 204, 203, 215, 210, 205, 205, 201, 196, 196, 200,
    206, 216, 212, 212, 215, 221, 231, 240, 250, 251, 264, 260, 262, 267,
    268, 269, 272, 272, 274, 275, 272 ]
RHandPositionsY: [ 270, 266, 270, 267, 267, 266, 268, 267, 264, 262, 254,
    242, 232, 217, 202, 185, 174, 153, 131, 129, 113, 107, 107, 108, 108,
    106, 100, 92, 92, 93, 90, 95, 96, 93, 95, 90, 88, 88, 89, 89, 90, 95,
    91, 91, 87, 85, 84, 84, 89, 96, 97, 93, 97, 98, 92, 90, 93, 95, 100,
    96, 101, 98, 97, 91, 96, 94, 97, 100, 105, 106, 111, 127, 133, 144,
    159, 177, 191, 217, 226, 244, 259, 259, 259, 258, 260, 264, 262, 263 ]
