%YAML:1.0
---
videoName: "RHShake05.mp4"
gestureLabel: 2
fps: 30
pixelSizeInCmTemp: 3.1103896103896100e-01
faceCenterPointX: 295
faceCenterPointY: 47
LHandPositionsX: [ 411, 412, 411, 412, 408, 409, 412, 411, 408, 412, 410,
    409, 409, 410, 408, 410, 408, 408, 409, 411, 408, 411, 410, 409, 408,
    408, 412, 408, 411, 411, 409, 411, 412, 408, 411, 412, 412, 410, 408,
    412, 411, 411, 411, 408, 412, 411, 411, 411, 409, 408, 408, 408, 411,
    410, 410, 412, 412, 411, 411, 410, 411, 410, 412, 412, 410, 410, 412,
    410, 409, 412, 412, 409, 410, 411, 408, 412, 409, 408, 410, 412, 410,
    410, 409, 410, 411, 410, 410, 409, 409, 408, 412 ]
LHandPositionsY: [ 257, 258, 258, 261, 261, 258, 257, 258, 257, 258, 257,
    261, 258, 258, 258, 260, 259, 258, 258, 261, 258, 257, 260, 259, 259,
    258, 261, 257, 261, 259, 260, 257, 259, 259, 259, 257, 261, 261, 257,
    261, 257, 260, 261, 261, 258, 257, 257, 258, 261, 258, 257, 261, 259,
    258, 259, 259, 258, 261, 260, 261, 259, 259, 258, 259, 261, 257, 260,
    257, 259, 258, 258, 261, 260, 257, 258, 261, 259, 260, 260, 261, 257,
    260, 258, 257, 259, 257, 258, 258, 257, 257, 258 ]
RHandPositionsX: [ 176, 173, 174, 177, 175, 173, 174, 177, 177, 176, 175,
    176, 174, 172, 172, 171, 173, 173, 174, 174, 171, 170, 172, 175, 175,
    177, 181, 179, 175, 165, 149, 155, 153, 157, 162, 175, 191, 200, 190,
    180, 177, 173, 169, 168, 178, 179, 189, 184, 176, 174, 173, 168, 169,
    176, 177, 190, 186, 178, 175, 168, 166, 168, 174, 189, 191, 192, 184,
    182, 179, 182, 182, 179, 190, 194, 194, 188, 180, 173, 170, 172, 172,
    177, 184, 187, 189, 189, 184, 181, 177, 177, 177 ]
RHandPositionsY: [ 262, 262, 258, 258, 260, 259, 262, 260, 260, 261, 261,
    261, 261, 260, 258, 260, 261, 262, 259, 261, 259, 259, 261, 258, 260,
    252, 232, 207, 182, 158, 131, 129, 106, 92, 88, 93, 96, 92, 89, 83,
    81, 80, 81, 80, 87, 86, 83, 80, 77, 73, 74, 76, 81, 85, 84, 89, 86,
    85, 82, 80, 84, 83, 90, 92, 93, 94, 91, 84, 84, 84, 81, 85, 89, 91,
    93, 88, 87, 85, 87, 95, 112, 134, 157, 182, 203, 222, 228, 232, 241,
    251, 246 ]
