%YAML:1.0
---
videoName: "RHShake21.mp4"
gestureLabel: 2
fps: 29
pixelSizeInCmTemp: 3.3732394366197183e-01
faceCenterPointX: 293
faceCenterPointY: 47
LHandPositionsX: [ 395, 394, 396, 397, 397, 395, 394, 398, 396, 396, 398,
    395, 398, 396, 396, 397, 395, 398, 394, 398, 397, 394, 396, 398, 395,
    397, 395, 398, 394, 394, 398, 396, 396, 394, 395, 396, 397, 396, 396,
    398, 398, 396, 396, 394, 396, 394, 398, 397, 396, 395, 396, 398, 394,
    397, 395, 397, 396, 397, 397, 394, 395, 397, 397, 394, 395, 397, 396,
    396, 396, 395, 398, 394, 395, 394, 396, 395, 398, 398, 396, 396, 396,
    396, 397, 396, 397, 394, 397, 397 ]
LHandPositionsY: [ 238, 239, 242, 239, 239, 239, 241, 238, 238, 242, 241,
    241, 240, 241, 238, 242, 240, 239, 239, 241, 242, 241, 242, 241, 242,
    242, 239, 242, 238, 239, 241, 241, 239, 240, 239, 239, 239, 238, 240,
    241, 241, 239, 239, 242, 241, 239, 240, 239, 238, 240, 239, 241, 241,
    242, 242, 238, 240, 240, 238, 241, 242, 240, 239, 241, 240, 241, 241,
    239, 242, 238, 242, 238, 238, 238, 239, 238, 242, 242, 240, 241, 240,
    239, 242, 240, 241, 240, 240, 238 ]
RHandPositionsX: [ 136, 139, 141, 144, 148, 144, 146, 139, 139, 136, 135,
    142, 144, 151, 149, 147, 149, 145, 138, 139, 133, 137, 137, 147, 147,
    152, 151, 148, 146, 145, 141, 135, 136, 140, 139, 147, 152, 153, 151,
    148, 141, 136, 139, 137, 136, 142, 145, 148, 150, 151, 146, 143, 138,
    135, 131, 133, 140, 148, 155, 164, 169, 178, 177, 182, 184, 184, 186,
    187, 188, 185, 190, 191, 185, 187, 188, 188, 188, 185, 186, 189, 186,
    188, 187, 187, 187, 187, 185, 187 ]
RHandPositionsY: [ 82, 85, 89, 90, 86, 87, 85, 81, 82, 80, 81, 84, 90,
    89, 89, 90, 92, 87, 85, 87, 83, 84, 82, 86, 87, 89, 90, 90, 89, 88,
    85, 85, 85, 85, 85, 88, 94, 95, 91, 92, 87, 89, 88, 86, 85, 91, 97,
    95, 96, 97, 96, 95, 94, 92, 94, 92, 95, 107, 113, 129, 141, 152, 153,
    153, 158, 169, 179, 190, 201, 209, 215, 216, 219, 226, 226, 225, 227,
    230, 229, 229, 230, 227, 231, 231, 227, 229, 229, 229 ]
