%YAML:1.0
---
videoName: "RHShake11.mp4"
gestureLabel: 2
fps: 29
pixelSizeInCmTemp: 3.3263888888888887e-01
faceCenterPointX: 274
faceCenterPointY: 53
LHandPositionsX: [ 308, 308, 308, 308, 307, 311, 308, 310, 309, 308, 309,
    307, 309, 311, 311, 311, 307, 309, 308, 311, 307, 310, 308, 310, 309,
    309, 309, 309, 307, 309, 310, 311, 307, 307, 309, 309, 310, 307, 309,
    311, 310, 309, 308, 311, 311, 308, 309, 311, 307, 309, 311, 309, 310,
    311, 311, 310, 310, 307, 310, 310, 310, 308, 310, 311, 310, 311, 310,
    307, 310, 308, 310, 309, 310, 311, 309, 310, 306, 306, 306, 305, 307,
    303, 303, 305, 306, 306, 306, 306 ]
LHandPositionsY: [ 248, 246, 249, 246, 248, 245, 247, 245, 248, 247, 245,
    245, 245, 246, 247, 246, 249, 246, 249, 247, 246, 249, 249, 249, 245,
    248, 247, 245, 246, 249, 248, 246, 249, 247, 248, 246, 245, 248, 249,
    247, 248, 245, 249, 246, 246, 245, 248, 248, 248, 248, 246, 246, 248,
    247, 248, 247, 249, 249, 247, 246, 246, 248, 247, 249, 245, 247, 247,
    247, 246, 248, 248, 247, 243, 247, 244, 246, 244, 243, 244, 247, 247,
    245, 244, 245, 247, 247, 247, 246 ]
RHandPositionsX: [ 251, 251, 249, 244, 234, 224, 212, 190, 173, 159, 147,
    142, 146, 146, 149, 159, 163, 166, 171, 174, 169, 163, 158, 156, 154,
    154, 161, 164, 167, 165, 168, 170, 165, 162, 159, 158, 154, 154, 160,
    165, 170, 167, 170, 170, 164, 159, 158, 157, 158, 159, 164, 173, 175,
    176, 176, 177, 171, 170, 163, 165, 162, 158, 162, 166, 169, 181, 195,
    205, 220, 231, 238, 247, 255, 257, 260, 260, 258, 263, 259, 260, 259,
    260, 260, 261, 261, 261, 258, 258 ]
RHandPositionsY: [ 247, 246, 246, 242, 233, 219, 207, 192, 177, 163, 144,
    126, 128, 111, 104, 104, 107, 106, 105, 103, 100, 99, 100, 94, 93,
    94, 95, 101, 103, 98, 98, 98, 97, 95, 93, 94, 96, 96, 102, 106, 106,
    105, 106, 105, 102, 104, 98, 100, 98, 98, 104, 108, 106, 108, 105,
    107, 107, 103, 102, 99, 101, 102, 104, 108, 118, 131, 145, 156, 175,
    188, 203, 214, 220, 230, 235, 238, 235, 238, 239, 240, 239, 241, 238,
    242, 238, 240, 242, 242 ]
