%YAML:1.0
---
videoName: "RHShake24.mp4"
gestureLabel: 2
fps: 30
pixelSizeInCmTemp: 3.3732394366197183e-01
faceCenterPointX: 304
faceCenterPointY: 46
LHandPositionsX: [ 389, 392, 391, 392, 391, 389, 389, 389, 391, 391, 392,
    392, 391, 393, 393, 389, 393, 393, 393, 392, 393, 393, 391, 393, 392,
    392, 393, 391, 392, 390, 393, 392, 393, 390, 392, 393, 391, 389, 392,
    389, 393, 389, 390, 389, 390, 391, 392, 393, 392, 391, 392, 390, 390,
    389, 390, 393, 393, 392, 391, 390, 392, 391, 391, 390, 391, 393, 390,
    391, 390, 389, 390, 393, 391, 390, 391, 392, 392, 391, 393, 393, 389,
    391, 390, 392, 393, 393, 391, 393, 390, 389, 391 ]
LHandPositionsY: [ 228, 226, 228, 229, 226, 228, 226, 227, 226, 225, 227,
    227, 227, 226, 228, 227, 226, 229, 228, 227, 229, 226, 229, 228, 229,
    226, 227, 229, 225, 225, 227, 225, 226, 228, 227, 228, 225, 225, 226,
    226, 225, 226, 226, 229, 229, 229, 228, 227, 227, 229, 226, 226, 226,
    228, 226, 227, 226, 229, 228, 226, 228, 229, 229, 228, 228, 228, 229,
    229, 227, 226, 225, 227, 228, 226, 227, 228, 228, 225, 226, 225, 229,
    229, 227, 227, 227, 229, 227, 229, 225, 225, 226 ]
RHandPositionsX: [ 141, 147, 148, 151, 153, 156, 153, 151, 148, 142, 139,
    135, 142, 152, 163, 162, 164, 162, 158, 158, 152, 146, 146, 139, 139,
    145, 159, 160, 160, 160, 155, 153, 152, 147, 142, 141, 145, 155, 157,
    160, 160, 162, 160, 153, 147, 145, 142, 144, 141, 149, 162, 166, 166,
    169, 167, 166, 157, 149, 152, 149, 147, 148, 152, 166, 164, 166, 171,
    171, 177, 176, 180, 181, 185, 188, 187, 189, 194, 192, 191, 192, 193,
    194, 193, 195, 194, 192, 195, 196, 193, 192, 194 ]
RHandPositionsY: [ 95, 102, 102, 97, 101, 99, 93, 89, 85, 89, 85, 85, 86,
    98, 108, 112, 111, 114, 104, 102, 98, 96, 98, 93, 90, 100, 111, 113,
    113, 111, 105, 102, 95, 94, 94, 91, 90, 96, 101, 107, 108, 111, 106,
    103, 102, 100, 95, 96, 96, 108, 118, 122, 118, 122, 121, 107, 99,
    103, 102, 97, 95, 98, 105, 113, 116, 118, 122, 123, 133, 139, 148,
    154, 150, 160, 165, 170, 178, 190, 194, 201, 211, 210, 214, 216, 219,
    218, 219, 223, 227, 228, 229 ]
