%YAML:1.0
---
videoName: "RHShake20.mp4"
gestureLabel: 2
fps: 29
pixelSizeInCmTemp: 3.3263888888888887e-01
faceCenterPointX: 286
faceCenterPointY: 45
LHandPositionsX: [ 393, 391, 390, 390, 392, 392, 394, 394, 391, 393, 394,
    390, 392, 394, 392, 393, 392, 390, 391, 390, 393, 394, 393, 392, 390,
    390, 390, 392, 393, 392, 394, 392, 393, 390, 390, 393, 390, 391, 392,
    392, 390, 391, 392, 393, 390, 394, 392, 391, 391, 391, 394, 394, 390,
    394, 390, 392, 391, 392, 391, 393, 392, 393, 390, 392, 392, 393, 391,
    394, 393, 392, 393, 393, 394, 394, 390, 391, 394, 392, 393, 392, 391,
    392, 394, 390, 390, 394, 392, 390 ]
LHandPositionsY: [ 245, 242, 243, 244, 244, 244, 241, 242, 240, 242, 241,
    242, 243, 243, 241, 242, 243, 240, 239, 239, 241, 241, 243, 242, 239,
    242, 243, 239, 242, 240, 240, 240, 239, 241, 243, 241, 241, 242, 242,
    243, 242, 241, 242, 240, 239, 242, 243, 240, 240, 240, 242, 239, 243,
    240, 240, 240, 243, 242, 243, 240, 241, 241, 239, 241, 239, 239, 243,
    240, 240, 241, 239, 242, 242, 242, 239, 243, 239, 240, 241, 242, 240,
    239, 239, 241, 239, 243, 239, 240 ]
RHandPositionsX: [ 164, 161, 159, 156, 151, 153, 153, 156, 156, 158, 162,
    159, 159, 153, 154, 150, 149, 152, 157, 162, 163, 162, 160, 156, 151,
    155, 152, 153, 161, 162, 162, 162, 158, 153, 157, 154, 149, 150, 157,
    166, 165, 165, 167, 161, 156, 154, 155, 153, 159, 162, 166, 168, 166,
    168, 166, 169, 165, 164, 160, 160, 164, 168, 171, 176, 184, 186, 188,
    186, 186, 183, 185, 182, 182, 179, 177, 177, 177, 180, 177, 178, 177,
    177, 176, 180, 180, 177, 177, 180 ]
RHandPositionsY: [ 108, 110, 103, 104, 101, 97, 97, 100, 103, 103, 101,
    102, 99, 100, 99, 99, 98, 103, 115, 114, 113, 116, 110, 108, 110,
    105, 107, 111, 116, 116, 117, 112, 109, 109, 105, 105, 103, 104, 112,
    120, 121, 120, 122, 119, 114, 113, 114, 109, 109, 116, 126, 126, 122,
    126, 121, 122, 116, 115, 110, 114, 117, 122, 132, 139, 148, 154, 167,
    178, 184, 193, 199, 210, 219, 229, 233, 233, 239, 240, 243, 244, 244,
    245, 244, 243, 244, 243, 244, 247 ]
