%YAML:1.0
---
videoName: "RHShake22.mp4"
gestureLabel: 2
fps: 29
pixelSizeInCmTemp: 3.3263888888888887e-01
faceCenterPointX: 290
faceCenterPointY: 48
LHandPositionsX: [ 392, 394, 396, 392, 395, 392, 393, 395, 395, 395, 392,
    396, 393, 395, 394, 392, 395, 395, 396, 396, 395, 393, 396, 394, 392,
    393, 392, 395, 392, 393, 393, 392, 396, 396, 394, 392, 395, 395, 394,
    396, 394, 392, 392, 394, 396, 396, 393, 392, 396, 395, 392, 393, 392,
    392, 396, 396, 393, 392, 394, 393, 394, 392, 392, 396, 395, 396, 392,
    394, 392, 392, 393, 395, 393, 395, 396, 395, 394, 395, 392, 394, 395,
    394, 392, 396, 394, 393, 395, 395 ]
LHandPositionsY: [ 230, 231, 230, 233, 230, 233, 231, 230, 230, 232, 230,
    234, 231, 230, 232, 233, 234, 232, 232, 230, 233, 234, 233, 232, 232,
    233, 233, 234, 231, 230, 234, 233, 230, 231, 232, 234, 233, 234, 233,
    231, 231, 230, 230, 230, 232, 234, 230, 230, 233, 233, 231, 230, 232,
    231, 231, 230, 233, 234, 230, 232, 233, 230, 233, 233, 231, 231, 231,
    233, 231, 234, 234, 233, 234, 232, 232, 231, 232, 234, 230, 230, 232,
    231, 232, 231, 233, 232, 233, 232 ]
RHandPositionsX: [ 147, 137, 129, 128, 132, 136, 144, 155, 164, 165, 167,
    163, 160, 156, 150, 147, 143, 145, 148, 155, 162, 169, 171, 170, 170,
    164, 161, 156, 155, 154, 155, 158, 165, 171, 170, 171, 171, 170, 167,
    162, 160, 159, 161, 168, 173, 173, 176, 171, 172, 170, 164, 157, 155,
    155, 159, 163, 170, 177, 176, 180, 175, 172, 167, 162, 155, 153, 154,
    158, 168, 176, 179, 176, 178, 181, 178, 178, 182, 180, 186, 184, 187,
    188, 190, 190, 191, 187, 188, 188 ]
RHandPositionsY: [ 141, 117, 102, 101, 97, 90, 85, 86, 88, 93, 90, 91,
    83, 79, 77, 77, 80, 78, 76, 87, 90, 95, 98, 97, 91, 91, 88, 85, 82,
    79, 79, 91, 94, 97, 100, 99, 95, 91, 88, 89, 88, 83, 82, 88, 95, 98,
    101, 99, 94, 91, 91, 90, 90, 87, 85, 85, 90, 100, 104, 102, 99, 97,
    92, 92, 92, 92, 92, 91, 89, 102, 108, 112, 112, 120, 121, 125, 139,
    149, 161, 172, 180, 191, 201, 207, 214, 219, 223, 227 ]
