%YAML:1.0
---
videoName: "RHShake06.mp4"
gestureLabel: 2
fps: 30
pixelSizeInCmTemp: 3.2808219178082193e-01
faceCenterPointX: 293
faceCenterPointY: 43
LHandPositionsX: [ 306, 309, 306, 310, 306, 308, 306, 309, 306, 310, 306,
    310, 307, 310, 306, 309, 313, 312, 312, 317, 321, 320, 323, 322, 320,
    322, 319, 321, 319, 321, 320, 321, 324, 322, 325, 322, 326, 322, 323,
    324, 322, 323, 325, 323, 326, 322, 324, 322, 325, 322, 322, 323, 325,
    326, 323, 324, 325, 323, 326, 324, 325, 324, 326, 325, 322, 322, 322,
    326, 325, 325, 324, 326, 324, 326, 323, 325, 324, 326, 326, 325, 322,
    325, 322, 321, 317, 316, 312, 312, 309, 313, 311 ]
LHandPositionsY: [ 269, 269, 270, 267, 267, 267, 270, 269, 266, 270, 270,
    269, 270, 270, 270, 270, 270, 267, 265, 262, 261, 261, 264, 262, 259,
    259, 260, 260, 259, 259, 262, 259, 262, 259, 261, 262, 262, 260, 259,
    261, 262, 261, 260, 260, 258, 260, 259, 262, 261, 262, 261, 260, 262,
    261, 259, 258, 261, 258, 258, 260, 258, 259, 259, 260, 262, 261, 258,
    262, 260, 259, 262, 262, 260, 261, 261, 261, 259, 262, 258, 258, 262,
    260, 260, 264, 261, 262, 265, 266, 264, 265, 266 ]
RHandPositionsX: [ 288, 285, 285, 287, 287, 288, 286, 287, 287, 287, 286,
    288, 288, 288, 288, 285, 284, 287, 276, 264, 244, 223, 200, 180, 158,
    145, 140, 134, 138, 138, 144, 146, 161, 165, 164, 163, 162, 160, 158,
    158, 159, 170, 180, 187, 190, 183, 178, 175, 170, 172, 167, 168, 175,
    180, 184, 181, 179, 187, 180, 169, 172, 165, 165, 182, 181, 176, 176,
    174, 162, 163, 164, 166, 173, 181, 194, 190, 211, 221, 230, 239, 247,
    253, 252, 246, 245, 253, 257, 251, 256, 252, 255 ]
RHandPositionsY: [ 268, 267, 270, 268, 270, 269, 270, 270, 267, 269, 269,
    270, 267, 267, 267, 266, 267, 267, 263, 261, 250, 232, 219, 197, 182,
    159, 137, 124, 111, 106, 115, 117, 129, 117, 108, 105, 101, 91, 92,
    90, 90, 92, 96, 99, 99, 98, 96, 89, 90, 91, 87, 91, 92, 98, 101, 98,
    95, 102, 95, 95, 92, 88, 91, 101, 101, 103, 102, 99, 102, 108, 116,
    126, 144, 163, 174, 180, 194, 204, 216, 223, 229, 235, 239, 240, 240,
    240, 240, 242, 245, 245, 242 ]
