%YAML:1.0
---
videoName: "RHShake13.mp4"
gestureLabel: 2
fps: 30
pixelSizeInCmTemp: 3.2808219178082193e-01
faceCenterPointX: 278
faceCenterPointY: 45
LHandPositionsX: [ 307, 305, 305, 307, 307, 307, 306, 308, 307, 309, 306,
    308, 307, 308, 305, 306, 307, 309, 308, 308, 306, 305, 306, 308, 305,
    309, 308, 307, 307, 308, 309, 305, 305, 308, 309, 305, 305, 305, 307,
    306, 305, 308, 306, 309, 308, 309, 305, 306, 309, 308, 306, 309, 307,
    306, 308, 307, 307, 305, 306, 309, 307, 307, 308, 307, 305, 308, 307,
    307, 307, 308, 306, 306, 310, 308, 309, 309, 308, 306, 306, 305, 303,
    303, 305, 306, 306, 306, 307, 303, 307, 304, 304 ]
LHandPositionsY: [ 246, 246, 244, 242, 242, 244, 245, 242, 242, 244, 245,
    241, 244, 241, 244, 240, 241, 243, 240, 242, 242, 241, 243, 242, 241,
    240, 243, 240, 242, 239, 240, 243, 239, 240, 241, 240, 239, 241, 239,
    241, 239, 238, 242, 242, 242, 239, 241, 240, 238, 242, 238, 239, 240,
    239, 238, 241, 242, 239, 241, 238, 239, 240, 241, 240, 242, 238, 241,
    238, 242, 242, 237, 237, 240, 237, 239, 234, 237, 234, 236, 231, 233,
    235, 235, 237, 237, 243, 244, 243, 247, 243, 246 ]
RHandPositionsX: [ 169, 153, 136, 142, 141, 139, 142, 144, 144, 148, 149,
    146, 142, 137, 136, 139, 141, 144, 146, 142, 135, 132, 129, 128, 129,
    135, 133, 137, 141, 134, 138, 132, 127, 130, 131, 134, 136, 134, 138,
    139, 132, 133, 133, 134, 136, 145, 151, 147, 145, 144, 144, 139, 136,
    139, 139, 143, 142, 142, 141, 139, 135, 134, 129, 134, 136, 140, 142,
    146, 152, 161, 168, 176, 190, 200, 212, 224, 239, 245, 253, 253, 249,
    253, 257, 258, 261, 260, 261, 257, 258, 257, 261 ]
RHandPositionsY: [ 156, 139, 118, 118, 115, 109, 106, 103, 100, 93, 91,
    90, 90, 88, 89, 87, 86, 91, 89, 88, 88, 85, 87, 84, 84, 87, 91, 89,
    89, 92, 88, 89, 87, 91, 88, 90, 90, 92, 93, 93, 88, 90, 89, 89, 91,
    96, 95, 95, 92, 92, 91, 94, 94, 93, 95, 98, 97, 98, 101, 100, 99, 94,
    96, 97, 101, 106, 110, 109, 117, 128, 138, 145, 154, 164, 175, 190,
    200, 208, 216, 214, 218, 218, 230, 237, 237, 238, 237, 240, 237, 239,
    240 ]
