%YAML:1.0
---
videoName: "RHShake19.mp4"
gestureLabel: 2
fps: 29
pixelSizeInCmTemp: 3.2808219178082193e-01
faceCenterPointX: 283
faceCenterPointY: 48
LHandPositionsX: [ 392, 391, 390, 391, 391, 391, 388, 392, 390, 391, 391,
    391, 390, 389, 392, 388, 388, 391, 389, 390, 388, 390, 392, 390, 388,
    388, 388, 388, 391, 389, 391, 391, 388, 390, 390, 392, 389, 388, 390,
    392, 391, 392, 390, 390, 392, 390, 388, 389, 389, 388, 390, 388, 392,
    390, 392, 389, 389, 389, 392, 392, 390, 390, 389, 391, 389, 390, 390,
    390, 389, 390, 391, 392, 391, 392, 392, 392, 391, 388, 389, 388, 388,
    390, 389, 390, 389, 390, 391, 392 ]
LHandPositionsY: [ 243, 242, 244, 242, 241, 242, 242, 243, 244, 240, 240,
    243, 243, 241, 240, 244, 244, 244, 240, 240, 243, 243, 244, 240, 241,
    243, 244, 242, 240, 243, 243, 240, 241, 244, 244, 241, 243, 244, 240,
    240, 244, 240, 244, 244, 244, 242, 242, 242, 244, 240, 243, 240, 243,
    242, 240, 240, 241, 242, 243, 243, 244, 244, 242, 243, 244, 242, 244,
    243, 244, 240, 244, 240, 244, 243, 242, 242, 242, 240, 243, 244, 240,
    241, 243, 244, 240, 244, 242, 243 ]
RHandPositionsX: [ 159, 175, 183, 182, 186, 186, 177, 170, 164, 161, 161,
    161, 167, 178, 184, 184, 185, 180, 175, 169, 165, 158, 160, 164, 168,
    176, 172, 173, 171, 163, 161, 160, 157, 166, 170, 178, 178, 178, 181,
    172, 166, 165, 165, 161, 165, 166, 174, 181, 177, 182, 179, 176, 167,
    170, 169, 171, 170, 180, 178, 180, 183, 179, 173, 173, 167, 167, 173,
    177, 179, 184, 188, 191, 190, 185, 185, 185, 185, 181, 180, 180, 180,
    178, 178, 182, 179, 181, 180, 181 ]
RHandPositionsY: [ 88, 91, 96, 94, 92, 92, 83, 81, 77, 79, 74, 74, 79,
    82, 92, 92, 89, 85, 81, 79, 79, 75, 74, 73, 81, 92, 91, 92, 86, 87,
    84, 81, 81, 83, 85, 89, 93, 95, 96, 91, 90, 86, 87, 85, 84, 84, 94,
    96, 101, 103, 100, 97, 98, 96, 95, 97, 99, 102, 109, 109, 104, 100,
    99, 101, 101, 100, 113, 125, 136, 150, 164, 173, 186, 191, 200, 208,
    220, 222, 229, 236, 234, 239, 241, 242, 244, 242, 241, 242 ]
