%YAML:1.0
---
videoName: "RHShake20.mp4"
gestureLabel: 2
fps: 29
pixelSizeInCmTemp: 3.3263888888888887e-01
faceCenterPointX: 286
faceCenterPointY: 45
LHandPositionsX: [ 390, 394, 391, 394, 393, 393, 394, 390, 391, 390, 390,
    393, 394, 390, 391, 393, 394, 391, 390, 394, 390, 393, 392, 393, 392,
    394, 391, 391, 390, 392, 391, 390, 393, 394, 393, 392, 393, 393, 392,
    390, 392, 392, 391, 390, 394, 391, 393, 393, 392, 394, 391, 394, 394,
    390, 391, 392, 393, 392, 392, 392, 392, 392, 394, 393, 393, 391, 392,
    392, 394, 394, 393, 394, 393, 393, 393, 393, 392, 394, 390, 392, 392,
    394, 393, 393, 394, 390, 392, 391 ]
LHandPositionsY: [ 247, 243, 246, 246, 243, 241, 244, 242, 243, 243, 240,
    240, 239, 241, 240, 240, 242, 240, 240, 243, 243, 242, 239, 243, 243,
    243, 243, 242, 242, 242, 239, 242, 239, 240, 243, 243, 242, 239, 239,
    243, 241, 240, 241, 242, 239, 243, 243, 239, 240, 240, 243, 243, 240,
    243, 243, 241, 240, 242, 243, 240, 242, 239, 240, 242, 242, 240, 241,
    241, 243, 240, 241, 239, 243, 242, 239, 241, 243, 239, 239, 243, 243,
    240, 240, 243, 239, 243, 242, 243 ]
RHandPositionsX: [ 164, 159, 161, 154, 154, 155, 153, 158, 158, 157, 160,
    158, 159, 157, 153, 150, 148, 150, 157, 161, 160, 162, 160, 154, 151,
    152, 149, 153, 161, 162, 164, 163, 156, 155, 155, 154, 151, 150, 158,
    166, 167, 165, 164, 162, 156, 153, 153, 153, 156, 162, 168, 166, 165,
    169, 170, 167, 163, 167, 162, 158, 163, 167, 175, 178, 181, 183, 186,
    185, 186, 184, 182, 181, 182, 179, 177, 176, 178, 180, 178, 178, 176,
    178, 176, 180, 176, 180, 177, 180 ]
RHandPositionsY: [ 112, 106, 103, 100, 99, 99, 100, 99, 101, 103, 102,
    101, 96, 96, 97, 98, 100, 106, 115, 116, 115, 116, 114, 112, 110,
    105, 109, 107, 117, 117, 117, 115, 113, 107, 109, 104, 105, 107, 114,
    122, 121, 120, 120, 119, 113, 112, 111, 109, 111, 117, 124, 124, 123,
    124, 123, 119, 114, 113, 110, 114, 119, 122, 132, 135, 144, 153, 166,
    178, 184, 194, 203, 211, 218, 226, 233, 232, 239, 239, 239, 240, 242,
    243, 246, 244, 247, 245, 243, 245 ]
