%YAML:1.0
---
videoName: "RHShake16.mp4"
gestureLabel: 2
fps: 29
pixelSizeInCmTemp: 3.2808219178082193e-01
faceCenterPointX: 281
faceCenterPointY: 44
LHandPositionsX: [ 373, 369, 372, 373, 373, 371, 370, 370, 370, 372, 372,
    370, 372, 373, 370, 369, 369, 372, 372, 369, 369, 372, 370, 372, 369,
    373, 372, 373, 372, 371, 370, 369, 372, 371, 371, 372, 371, 373, 370,
    372, 369, 371, 369, 370, 369, 371, 372, 372, 373, 370, 371, 373, 372,
    371, 373, 371, 373, 373, 369, 369, 371, 369, 372, 372, 373, 373, 373,
    371, 372, 371, 373, 373, 372, 372, 372, 371, 369, 372, 370, 370, 370,
    372, 373, 370, 371, 372, 373, 372 ]
LHandPositionsY: [ 232, 232, 233, 232, 231, 233, 230, 231, 230, 232, 234,
    232, 232, 232, 234, 233, 232, 230, 234, 231, 232, 231, 230, 234, 234,
    230, 232, 232, 231, 234, 232, 234, 231, 232, 233, 232, 232, 231, 234,
    234, 231, 232, 233, 232, 233, 232, 232, 234, 233, 231, 233, 233, 232,
    232, 232, 232, 233, 231, 231, 231, 230, 231, 229, 233, 229, 230, 233,
    229, 230, 229, 229, 232, 229, 229, 231, 233, 230, 233, 232, 229, 233,
    230, 230, 231, 231, 229, 233, 231 ]
RHandPositionsX: [ 170, 170, 171, 171, 167, 168, 171, 169, 168, 169, 171,
    169, 171, 167, 167, 171, 170, 169, 162, 153, 155, 148, 139, 132, 127,
    122, 118, 122, 122, 125, 127, 131, 137, 139, 146, 141, 135, 136, 138,
    139, 140, 142, 148, 150, 148, 148, 146, 148, 144, 149, 148, 150, 153,
    150, 146, 144, 146, 144, 147, 154, 154, 158, 153, 152, 154, 153, 148,
    150, 154, 162, 167, 171, 175, 178, 175, 175, 176, 176, 174, 172, 169,
    168, 168, 172, 172, 169, 168, 168 ]
RHandPositionsY: [ 268, 269, 266, 266, 267, 269, 269, 266, 268, 268, 268,
    266, 267, 268, 268, 269, 264, 267, 257, 243, 221, 200, 178, 161, 146,
    128, 116, 113, 112, 105, 107, 101, 101, 96, 94, 96, 90, 92, 90, 90,
    89, 89, 90, 88, 89, 86, 85, 88, 89, 85, 90, 90, 87, 87, 87, 88, 88,
    88, 87, 87, 91, 90, 91, 90, 90, 89, 91, 92, 104, 117, 134, 146, 159,
    171, 183, 191, 196, 204, 212, 215, 223, 225, 222, 234, 238, 236, 238,
    238 ]
