%YAML:1.0
---
videoName: "RHShake12.mp4"
gestureLabel: 2
fps: 29
pixelSizeInCmTemp: 3.3732394366197183e-01
faceCenterPointX: 299
faceCenterPointY: 45
LHandPositionsX: [ 406, 406, 405, 405, 408, 405, 407, 405, 405, 406, 408,
    405, 405, 405, 406, 407, 405, 407, 404, 406, 408, 404, 406, 408, 405,
    406, 408, 406, 408, 408, 405, 407, 405, 408, 404, 404, 405, 407, 406,
    407, 406, 404, 404, 404, 408, 408, 404, 407, 408, 405, 407, 406, 404,
    407, 406, 407, 405, 406, 408, 405, 407, 408, 406, 404, 405, 407, 407,
    407, 407, 406, 407, 405, 405, 406, 408, 408, 407, 408, 404, 407, 406,
    408, 405, 404, 406, 406, 405, 407 ]
LHandPositionsY: [ 239, 239, 243, 240, 242, 240, 243, 242, 239, 243, 239,
    240, 242, 239, 240, 240, 240, 241, 240, 239, 242, 240, 241, 239, 240,
    243, 241, 240, 243, 239, 242, 241, 239, 242, 241, 243, 243, 243, 242,
    241, 242, 239, 240, 239, 241, 243, 241, 242, 239, 242, 242, 241, 239,
    243, 240, 240, 240, 243, 241, 242, 240, 239, 242, 239, 240, 239, 239,
    239, 243, 243, 240, 240, 239, 243, 241, 242, 240, 240, 239, 240, 242,
    242, 239, 241, 243, 243, 243, 241 ]
RHandPositionsX: [ 168, 168, 161, 164, 162, 174, 183, 193, 191, 195, 195,
    183, 177, 171, 171, 170, 170, 178, 189, 185, 187, 184, 182, 172, 169,
    166, 169, 174, 185, 195, 192, 189, 184, 182, 175, 176, 171, 173, 178,
    193, 196, 196, 186, 178, 174, 175, 174, 173, 181, 192, 190, 192, 194,
    188, 184, 181, 178, 177, 171, 175, 180, 190, 202, 199, 204, 201, 194,
    191, 189, 186, 185, 184, 191, 193, 197, 199, 200, 199, 202, 201, 199,
    199, 196, 196, 197, 199, 201, 201 ]
RHandPositionsY: [ 137, 129, 121, 110, 105, 94, 95, 106, 106, 108, 101,
    91, 91, 89, 88, 86, 84, 88, 102, 103, 109, 98, 89, 88, 89, 86, 83,
    92, 101, 110, 109, 107, 98, 95, 95, 93, 88, 85, 97, 112, 116, 114,
    105, 101, 95, 93, 88, 86, 95, 110, 112, 113, 114, 100, 93, 90, 89,
    90, 86, 87, 95, 110, 122, 121, 121, 121, 110, 107, 110, 111, 116,
    123, 134, 146, 159, 165, 167, 174, 186, 197, 203, 207, 215, 222, 220,
    224, 228, 228 ]
