%YAML:1.0
---
videoName: "RHShake03.mp4"
gestureLabel: 2
fps: 29
pixelSizeInCmTemp: 3.1103896103896100e-01
faceCenterPointX: 294
faceCenterPointY: 48
LHandPositionsX: [ 409, 412, 410, 411, 409, 412, 408, 411, 412, 409, 410,
    408, 412, 409, 411, 408, 411, 410, 410, 408, 410, 408, 409, 409, 408,
    410, 411, 408, 412, 410, 411, 410, 412, 412, 412, 411, 409, 408, 409,
    409, 408, 408, 409, 410, 410, 412, 411, 412, 408, 412, 409, 409, 409,
    410, 411, 411, 412, 408, 408, 412, 408, 411, 411, 409, 410, 410, 411,
    410, 408, 411, 407, 407, 411, 407, 407, 410, 411, 410, 411, 410, 411,
    411, 407, 407, 407, 407, 408, 411 ]
LHandPositionsY: [ 262, 262, 262, 262, 260, 261, 261, 264, 262, 264, 263,
    260, 262, 263, 264, 261, 264, 262, 264, 260, 263, 260, 260, 260, 261,
    263, 260, 260, 264, 260, 263, 260, 261, 264, 261, 261, 261, 262, 264,
    262, 261, 263, 260, 262, 262, 263, 264, 264, 261, 260, 263, 260, 264,
    263, 261, 264, 260, 263, 264, 264, 261, 260, 264, 262, 260, 260, 263,
    261, 262, 263, 262, 263, 263, 264, 261, 261, 260, 260, 264, 261, 261,
    261, 262, 262, 260, 264, 261, 261 ]
RHandPositionsX: [ 181, 178, 177, 179, 178, 174, 175, 176, 174, 174, 173,
    175, 173, 172, 173, 176, 173, 171, 173, 175, 172, 172, 173, 175, 174,
    171, 173, 172, 173, 171, 172, 169, 174, 173, 165, 158, 152, 149, 153,
    150, 157, 166, 178, 186, 191, 193, 185, 177, 173, 172, 173, 179, 181,
    182, 180, 176, 172, 171, 166, 171, 180, 188, 201, 206, 201, 191, 186,
    187, 183, 181, 183, 196, 203, 206, 210, 208, 198, 194, 191, 181, 183,
    184, 182, 183, 181, 183, 180, 180 ]
RHandPositionsY: [ 261, 259, 258, 262, 262, 259, 261, 261, 260, 262, 262,
    258, 260, 258, 261, 258, 258, 262, 261, 262, 259, 258, 262, 261, 262,
    260, 258, 258, 261, 262, 265, 267, 256, 241, 221, 198, 175, 158, 147,
    130, 124, 119, 120, 120, 112, 105, 103, 101, 98, 101, 102, 105, 104,
    104, 102, 104, 99, 100, 96, 94, 101, 107, 111, 111, 108, 106, 104,
    106, 97, 100, 105, 118, 130, 140, 161, 179, 203, 210, 219, 242, 243,
    245, 242, 251, 250, 253, 253, 251 ]
