%YAML:1.0
---
videoName: "RHShake10.mp4"
gestureLabel: 2
fps: 29
pixelSizeInCmTemp: 3.1933333333333330e-01
faceCenterPointX: 295
faceCenterPointY: 45
LHandPositionsX: [ 338, 343, 339, 338, 338, 339, 337, 336, 331, 330, 331,
    332, 331, 330, 328, 327, 326, 325, 329, 327, 327, 329, 328, 326, 328,
    330, 329, 329, 329, 330, 329, 327, 328, 329, 328, 326, 328, 329, 328,
    328, 327, 330, 329, 327, 328, 327, 327, 329, 329, 328, 329, 328, 329,
    327, 328, 329, 327, 330, 330, 328, 328, 329, 327, 328, 328, 329, 326,
    326, 328, 326, 326, 327, 326, 330, 329, 328, 330, 329, 331, 328, 331,
    329, 328, 328, 330, 327, 328, 327 ]
LHandPositionsY: [ 265, 267, 265, 264, 266, 265, 268, 270, 267, 271, 268,
    272, 273, 270, 271, 270, 274, 271, 270, 273, 274, 272, 270, 270, 274,
    274, 271, 274, 272, 273, 273, 271, 271, 269, 272, 269, 268, 270, 271,
    271, 272, 271, 270, 270, 269, 272, 269, 268, 271, 269, 269, 268, 270,
    270, 270, 270, 269, 272, 269, 269, 269, 272, 270, 271, 272, 268, 270,
    270, 272, 268, 271, 271, 269, 268, 269, 268, 267, 270, 271, 267, 268,
    270, 269, 268, 269, 268, 270, 269 ]
RHandPositionsX: [ 259, 261, 264, 259, 260, 261, 259, 260, 261, 257, 260,
    261, 257, 258, 262, 262, 260, 253, 261, 250, 239, 220, 202, 185, 165,
    156, 136, 138, 137, 136, 143, 151, 155, 164, 163, 165, 160, 157, 160,
    156, 164, 172, 178, 183, 174, 175, 173, 169, 170, 167, 173, 188, 192,
    195, 191, 184, 178, 178, 176, 179, 179, 191, 189, 192, 190, 183, 179,
    173, 174, 181, 178, 189, 199, 204, 213, 221, 225, 232, 236, 244, 249,
    254, 249, 257, 262, 259, 261, 263 ]
RHandPositionsY: [ 268, 264, 265, 267, 265, 262, 264, 267, 266, 266, 267,
    265, 267, 267, 266, 265, 266, 264, 268, 256, 245, 228, 213, 192, 173,
    151, 130, 113, 112, 96, 87, 85, 88, 90, 84, 83, 80, 78, 76, 80, 80,
    85, 89, 86, 81, 80, 75, 75, 78, 82, 84, 90, 91, 95, 88, 85, 83, 83,
    82, 83, 87, 94, 94, 91, 87, 89, 83, 81, 80, 87, 96, 104, 128, 145,
    162, 181, 199, 214, 226, 244, 258, 258, 257, 262, 268, 266, 267, 266 ]
