%YAML:1.0
---
videoName: "RHShake00.mp4"
gestureLabel: 2
fps: 29
pixelSizeInCmTemp: 3.4710144927536229e-01
faceCenterPointX: 283
faceCenterPointY: 97
LHandPositionsX: [ 346, 342, 343, 344, 342, 342, 346, 343, 343, 344, 345,
    342, 344, 342, 346, 343, 344, 345, 345, 344, 346, 345, 342, 343, 342,
    344, 344, 344, 344, 342, 345, 344, 344, 343, 344, 345, 346, 342, 345,
    345, 345, 344, 345, 346, 346, 342, 345, 345, 344, 346, 346, 346, 343,
    345, 344, 346, 344, 345, 343, 344, 343, 345, 343, 342, 345, 344, 346,
    344, 343, 345, 344, 345, 343, 342, 343, 342, 345, 342, 342, 345, 344,
    342, 346, 346, 343, 345, 345, 346 ]
LHandPositionsY: [ 273, 272, 272, 273, 274, 274, 273, 274, 272, 274, 276,
    274, 275, 273, 275, 272, 272, 273, 275, 273, 273, 276, 274, 273, 274,
    276, 272, 272, 273, 274, 275, 274, 273, 276, 272, 274, 273, 276, 275,
    274, 275, 273, 272, 272, 272, 272, 276, 276, 272, 276, 273, 276, 274,
    272, 273, 272, 275, 275, 272, 275, 273, 275, 273, 276, 274, 272, 275,
    274, 275, 273, 274, 273, 274, 276, 273, 273, 273, 273, 273, 276, 274,
    273, 274, 274, 272, 274, 272, 274 ]
RHandPositionsX: [ 179, 172, 165, 154, 150, 144, 146, 146, 144, 140, 145,
    148, 152, 167, 168, 163, 171, 168, 166, 161, 154, 151, 149, 147, 154,
    163, 165, 164, 168, 166, 158, 148, 149, 148, 152, 156, 164, 162, 162,
    162, 164, 158, 150, 143, 141, 145, 151, 150, 156, 157, 159, 164, 155,
    152, 146, 146, 142, 150, 155, 162, 162, 164, 166, 164, 158, 150, 147,
    144, 140, 144, 151, 155, 155, 162, 163, 168, 171, 175, 175, 178, 184,
    187, 187, 189, 193, 195, 197, 195 ]
RHandPositionsY: [ 259, 251, 240, 219, 201, 189, 177, 169, 162, 150, 143,
    136, 132, 134, 136, 141, 132, 130, 129, 123, 122, 122, 122, 120, 129,
    133, 133, 132, 135, 133, 126, 127, 126, 124, 133, 135, 138, 142, 138,
    139, 139, 133, 130, 130, 128, 132, 134, 137, 136, 140, 137, 140, 132,
    131, 129, 129, 131, 129, 139, 145, 148, 147, 147, 148, 142, 137, 138,
    138, 139, 147, 155, 161, 168, 173, 182, 191, 196, 207, 214, 220, 228,
    236, 243, 248, 254, 256, 262, 262 ]
