%YAML:1.0
---
videoName: "RHShake22.mp4"
gestureLabel: 2
fps: 29
pixelSizeInCmTemp: 3.3263888888888887e-01
faceCenterPointX: 290
faceCenterPointY: 48
LHandPositionsX: [ 395, 392, 393, 395, 394, 395, 396, 392, 394, 393, 396,
    396, 396, 392, 394, 394, 392, 394, 393, 393, 394, 394, 392, 395, 393,
    395, 395, 393, 395, 395, 392, 394, 396, 396, 396, 396, 396, 392, 393,
    394, 394, 394, 393, 394, 394, 396, 396, 393, 395, 395, 394, 393, 396,
    396, 396, 393, 395, 396, 392, 393, 395, 392, 396, 394, 392, 396, 392,
    393, 395, 392, 396, 393, 396, 392, 394, 395, 392, 394, 396, 392, 396,
    395, 392, 395, 395, 395, 395, 392 ]
LHandPositionsY: [ 230, 230, 232, 234, 233, 232, 232, 234, 231, 232, 234,
    233, 233, 233, 231, 233, 233, 233, 232, 234, 234, 233, 230, 230, 231,
    233, 232, 231, 230, 231, 232, 231, 230, 232, 232, 231, 232, 231, 230,
    233, 234, 234, 234, 233, 233, 230, 230, 231, 231, 230, 233, 230, 234,
    234, 232, 232, 233, 232, 231, 234, 233, 233, 230, 231, 231, 231, 230,
    231, 230, 232, 233, 230, 230, 230, 232, 231, 231, 234, 232, 232, 232,
    232, 234, 234, 233, 231, 233, 231 ]
RHandPositionsX: [ 151, 135, 131, 132, 133, 135, 144, 158, 164, 163, 164,
    162, 162, 156, 152, 149, 144, 145, 144, 154, 161, 172, 170, 171, 171,
    164, 165, 157, 155, 151, 155, 161, 167, 170, 174, 174, 171, 172, 165,
    164, 159, 158, 159, 169, 172, 174, 176, 174, 174, 169, 161, 155, 154,
    156, 156, 163, 170, 177, 178, 177, 179, 174, 171, 162, 159, 155, 155,
    158, 167, 175, 179, 176, 182, 183, 180, 178, 180, 184, 182, 187, 190,
    191, 189, 187, 189, 190, 190, 190 ]
RHandPositionsY: [ 140, 115, 100, 100, 94, 92, 85, 85, 91, 90, 90, 92,
    85, 82, 79, 80, 76, 75, 77, 83, 92, 93, 98, 98, 92, 88, 86, 82, 85,
    79, 82, 90, 93, 101, 104, 100, 95, 93, 87, 89, 85, 84, 86, 88, 93,
    98, 103, 100, 97, 92, 88, 89, 88, 86, 85, 84, 88, 98, 102, 105, 101,
    98, 91, 91, 94, 90, 93, 90, 92, 103, 110, 112, 112, 119, 120, 124,
    136, 150, 158, 172, 181, 194, 198, 205, 214, 220, 225, 227 ]
