%YAML:1.0
---
videoName: "RHShake21.mp4"
gestureLabel: 2
fps: 29
pixelSizeInCmTemp: 3.3732394366197183e-01
faceCenterPointX: 293
faceCenterPointY: 47
LHandPositionsX: [ 395, 394, 398, 395, 395, 398, 396, 397, 397, 394, 395,
    395, 395, 398, 398, 397, 394, 396, 397, 394, 394, 397, 394, 394, 395,
    395, 395, 396, 398, 396, 398, 397, 395, 396, 398, 396, 394, 398, 395,
    397, 394, 397, 397, 395, 397, 397, 398, 395, 395, 396, 395, 394, 398,
    398, 394, 398, 394, 395, 396, 395, 398, 394, 395, 394, 394, 395, 398,
    398, 397, 395, 398, 398, 398, 397, 398, 394, 394, 397, 394, 394, 397,
    396, 398, 394, 397, 394, 398, 395 ]
LHandPositionsY: [ 241, 240, 242, 240, 242, 239, 240, 242, 238, 240, 242,
    238, 239, 238, 239, 241, 239, 242, 242, 239, 242, 238, 239, 239, 238,
    240, 240, 239, 239, 239, 241, 239, 240, 242, 240, 241, 239, 241, 241,
    241, 241, 241, 242, 239, 241, 238, 242, 238, 242, 241, 238, 239, 241,
    241, 238, 241, 241, 238, 238, 239, 242, 239, 241, 239, 239, 238, 242,
    240, 239, 239, 241, 242, 239, 240, 238, 241, 238, 238, 241, 241, 240,
    240, 239, 239, 242, 239, 241, 241 ]
RHandPositionsX: [ 135, 139, 141, 144, 144, 147, 142, 142, 138, 133, 134,
    139, 145, 150, 148, 148, 149, 144, 138, 140, 135, 137, 138, 147, 149,
    149, 152, 150, 147, 144, 141, 137, 136, 141, 141, 146, 149, 151, 149,
    146, 140, 139, 139, 134, 137, 138, 145, 146, 152, 149, 146, 145, 136,
    137, 132, 136, 138, 144, 152, 162, 172, 179, 177, 180, 180, 185, 186,
    189, 186, 186, 188, 187, 186, 188, 186, 186, 186, 186, 188, 185, 189,
    188, 189, 185, 186, 185, 187, 189 ]
RHandPositionsY: [ 80, 85, 88, 91, 88, 84, 84, 82, 81, 83, 83, 83, 89,
    92, 92, 93, 92, 85, 85, 84, 87, 85, 84, 86, 88, 89, 93, 91, 91, 87,
    85, 85, 83, 87, 86, 91, 91, 96, 92, 90, 87, 88, 87, 86, 86, 90, 95,
    98, 96, 99, 98, 96, 93, 94, 94, 93, 97, 107, 116, 126, 141, 149, 150,
    153, 159, 170, 181, 190, 201, 207, 214, 212, 222, 228, 226, 225, 226,
    227, 228, 231, 227, 229, 228, 230, 228, 230, 231, 229 ]
