%YAML:1.0
---
videoName: "RHShake22.mp4"
gestureLabel: 2
fps: 29
pixelSizeInCmTemp: 3.3263888888888887e-01
faceCenterPointX: 290
faceCenterPointY: 48
LHandPositionsX: [ 392, 393, 393, 394, 395, 394, 392, 392, 394, 395, 393,
    396, 394, 393, 396, 396, 396, 395, 392, 395, 396, 395, 393, 392, 395,
    394, 392, 395, 396, 393, 395, 396, 395, 395, 396, 393, 393, 394, 396,
    394, 392, 394, 396, 393, 392, 396, 392, 392, 395, 394, 394, 393, 396,
    393, 394, 396, 396, 396, 395, 393, 392, 396, 392, 395, 392, 394, 395,
    393, 393, 396, 396, 396, 396, 396, 394, 392, 395, 392, 392, 393, 393,
    396, 396, 392, 394, 393, 396, 393 ]
LHandPositionsY: [ 232, 230, 231, 233, 233, 234, 230, 233, 233, 230, 230,
    233, 230, 234, 231, 234, 232, 234, 232, 231, 233, 231, 231, 230, 231,
    232, 232, 234, 232, 234, 230, 231, 233, 231, 231, 231, 230, 233, 231,
    230, 232, 230, 232, 233, 234, 233, 234, 231, 234, 231, 231, 233, 232,
    233, 233, 233, 233, 230, 231, 234, 230, 234, 232, 230, 231, 233, 231,
    230, 231, 233, 233, 233, 231, 230, 234, 232, 231, 233, 230, 230, 232,
    232, 234, 230, 230, 230, 234, 233 ]
RHandPositionsX: [ 148, 138, 129, 130, 131, 136, 146, 159, 165, 167, 163,
    166, 161, 157, 152, 145, 142, 142, 148, 154, 163, 171, 173, 171, 167,
    166, 163, 157, 155, 153, 151, 161, 165, 170, 173, 170, 173, 171, 163,
    161, 158, 156, 158, 165, 170, 172, 177, 171, 174, 167, 162, 157, 156,
    154, 155, 163, 171, 178, 178, 179, 178, 172, 168, 163, 156, 156, 152,
    155, 168, 176, 177, 178, 182, 181, 179, 178, 181, 183, 183, 185, 189,
    192, 191, 187, 189, 188, 190, 190 ]
RHandPositionsY: [ 140, 118, 103, 100, 97, 89, 81, 86, 90, 94, 92, 88,
    87, 78, 78, 80, 77, 76, 74, 87, 89, 94, 99, 97, 92, 89, 84, 85, 84,
    82, 81, 91, 91, 98, 102, 102, 95, 92, 89, 87, 86, 85, 84, 88, 95,
    100, 102, 99, 93, 92, 90, 89, 87, 88, 86, 86, 88, 102, 103, 104, 98,
    96, 91, 94, 94, 92, 91, 87, 88, 106, 108, 110, 114, 117, 119, 127,
    137, 150, 160, 170, 183, 191, 201, 203, 213, 217, 226, 227 ]
