%YAML:1.0
---
videoName: "RHShake12.mp4"
gestureLabel: 2
fps: 29
pixelSizeInCmTemp: 3.3732394366197183e-01
faceCenterPointX: 299
faceCenterPointY: 45
LHandPositionsX: [ 407, 407, 408, 407, 407, 406, 404, 404, 404, 405, 407,
    408, 407, 407, 407, 407, 407, 405, 406, 404, 407, 408, 408, 408, 408,
    406, 404, 405, 405, 408, 405, 404, 407, 406, 407, 406, 407, 406, 406,
    407, 404, 404, 408, 407, 406, 408, 407, 407, 408, 405, 406, 407, 407,
    407, 408, 405, 405, 408, 408, 407, 408, 407, 404, 407, 407, 404, 407,
    405, 404, 407, 405, 406, 406, 406, 408, 407, 408, 408, 406, 406, 408,
    408, 406, 405, 404, 407, 408, 404 ]
LHandPositionsY: [ 241, 241, 242, 243, 241, 241, 240, 242, 241, 240, 241,
    239, 242, 239, 243, 242, 243, 242, 239, 241, 240, 239, 242, 240, 240,
    242, 240, 242, 239, 239, 240, 242, 241, 243, 242, 243, 242, 241, 241,
    242, 239, 241, 239, 240, 242, 243, 242, 241, 240, 240, 241, 242, 239,
    240, 243, 242, 239, 243, 242, 240, 240, 243, 239, 240, 241, 241, 241,
    243, 239, 240, 242, 241, 241, 242, 243, 241, 241, 239, 243, 239, 242,
    242, 241, 243, 240, 243, 239, 243 ]
RHandPositionsX: [ 168, 164, 163, 163, 162, 171, 179, 192, 193, 195, 194,
    182, 179, 170, 174, 166, 172, 176, 188, 187, 191, 182, 178, 173, 168,
    164, 167, 176, 184, 194, 194, 190, 181, 181, 176, 177, 172, 174, 179,
    193, 197, 193, 187, 179, 175, 175, 174, 173, 178, 192, 194, 192, 198,
    192, 184, 179, 175, 176, 173, 174, 180, 194, 202, 200, 202, 198, 196,
    190, 190, 188, 187, 187, 190, 195, 198, 200, 201, 202, 200, 201, 202,
    198, 200, 198, 196, 196, 199, 197 ]
RHandPositionsY: [ 137, 129, 120, 112, 107, 91, 94, 103, 105, 111, 101,
    93, 92, 90, 87, 87, 82, 90, 99, 101, 107, 95, 93, 89, 89, 82, 84, 88,
    100, 110, 109, 105, 99, 95, 93, 92, 88, 88, 97, 114, 117, 113, 101,
    99, 95, 94, 89, 88, 93, 109, 110, 113, 115, 101, 93, 89, 89, 90, 88,
    89, 92, 111, 121, 118, 121, 121, 110, 109, 112, 112, 114, 124, 135,
    150, 159, 164, 169, 174, 186, 193, 202, 211, 216, 218, 222, 226, 228,
    230 ]
