%YAML:1.0
---
videoName: "RHShake15.mp4"
gestureLabel: 2
fps: 29
pixelSizeInCmTemp: 3.2808219178082193e-01
faceCenterPointX: 279
faceCenterPointY: 41
LHandPositionsX: [ 372, 370, 369, 370, 369, 372, 370, 368, 369, 368, 371,
    372, 372, 368, 369, 372, 370, 370, 372, 368, 372, 370, 371, 368, 371,
    372, 370, 370, 372, 370, 372, 368, 368, 372, 370, 371, 371, 371, 372,
    368, 371, 371, 372, 371, 370, 371, 368, 369, 372, 372, 370, 370, 370,
    368, 368, 372, 371, 372, 371, 368, 369, 369, 371, 368, 368, 371, 370,
    372, 370, 372, 371, 369, 368, 369, 372, 372, 372, 369, 372, 370, 372,
    369, 371, 369, 372, 372, 371, 368 ]
LHandPositionsY: [ 234, 235, 234, 232, 232, 234, 233, 235, 236, 236, 234,
    233, 232, 233, 236, 236, 233, 235, 234, 232, 233, 234, 233, 236, 233,
    234, 234, 232, 234, 236, 232, 234, 232, 236, 232, 234, 233, 235, 235,
    232, 232, 235, 232, 235, 233, 232, 231, 235, 231, 231, 234, 234, 232,
    231, 233, 231, 233, 235, 234, 235, 234, 231, 234, 234, 233, 233, 232,
    233, 232, 233, 231, 235, 232, 231, 233, 231, 235, 235, 231, 232, 232,
    234, 232, 235, 234, 235, 235, 231 ]
RHandPositionsX: [ 139, 122, 115, 109, 112, 112, 110, 104, 106, 109, 112,
    116, 113, 112, 111, 113, 114, 108, 107, 106, 113, 115, 117, 113, 108,
    108, 109, 108, 108, 106, 116, 116, 116, 113, 113, 110, 111, 111, 112,
    113, 112, 111, 116, 117, 122, 123, 119, 123, 123, 120, 119, 121, 124,
    129, 122, 128, 128, 129, 123, 122, 121, 123, 127, 133, 139, 142, 139,
    139, 141, 144, 143, 147, 153, 155, 158, 158, 160, 159, 160, 161, 159,
    161, 159, 158, 159, 161, 161, 158 ]
RHandPositionsY: [ 192, 174, 155, 146, 143, 138, 134, 126, 118, 114, 110,
    108, 101, 101, 99, 97, 96, 92, 95, 94, 92, 93, 94, 91, 95, 94, 93,
    95, 94, 96, 96, 104, 104, 104, 100, 104, 100, 101, 103, 103, 106,
    104, 111, 112, 109, 106, 105, 106, 103, 102, 106, 107, 111, 111, 116,
    114, 109, 113, 109, 109, 113, 117, 126, 135, 150, 162, 171, 183, 194,
    200, 209, 222, 227, 236, 238, 237, 244, 245, 248, 247, 247, 245, 249,
    249, 248, 249, 246, 246 ]
