%YAML:1.0
---
videoName: "RHShake14.mp4"
gestureLabel: 2
fps: 30
pixelSizeInCmTemp: 3.2808219178082193e-01
faceCenterPointX: 277
faceCenterPointY: 42
LHandPositionsX: [ 377, 377, 376, 379, 379, 379, 377, 379, 375, 379, 375,
    377, 378, 378, 374, 376, 377, 373, 375, 375, 373, 372, 372, 376, 376,
    375, 374, 376, 372, 373, 372, 374, 375, 373, 372, 376, 374, 376, 372,
    375, 372, 372, 375, 376, 373, 374, 373, 374, 376, 374, 374, 372, 373,
    372, 375, 372, 374, 376, 372, 373, 372, 376, 373, 374, 376, 375, 372,
    374, 372, 374, 372, 372, 375, 376, 372, 374, 376, 373, 374, 373, 373,
    373, 373, 372, 373, 374, 372, 374, 374, 372, 372 ]
LHandPositionsY: [ 232, 232, 232, 233, 229, 233, 233, 229, 229, 232, 230,
    231, 230, 230, 231, 233, 232, 233, 229, 233, 231, 230, 232, 230, 232,
    232, 231, 232, 232, 229, 232, 230, 232, 233, 231, 230, 229, 230, 233,
    233, 229, 230, 233, 230, 232, 231, 232, 229, 229, 233, 233, 230, 230,
    231, 230, 233, 230, 229, 233, 233, 230, 231, 232, 231, 230, 233, 232,
    229, 230, 231, 231, 233, 229, 230, 229, 232, 230, 230, 231, 232, 232,
    230, 230, 231, 232, 230, 232, 232, 231, 230, 230 ]
RHandPositionsX: [ 173, 173, 170, 173, 174, 173, 171, 170, 172, 171, 172,
    173, 174, 174, 170, 171, 173, 170, 171, 170, 170, 173, 173, 170, 173,
    171, 167, 168, 157, 147, 136, 126, 123, 116, 117, 121, 128, 129, 136,
    137, 143, 149, 144, 145, 146, 144, 147, 155, 154, 163, 157, 158, 153,
    152, 157, 159, 162, 169, 170, 163, 160, 157, 156, 158, 157, 164, 165,
    171, 172, 176, 176, 178, 176, 177, 174, 173, 176, 177, 174, 173, 171,
    170, 171, 171, 172, 170, 172, 171, 173, 170, 173 ]
RHandPositionsY: [ 239, 243, 241, 241, 241, 240, 241, 243, 242, 242, 240,
    240, 241, 242, 239, 243, 241, 242, 241, 242, 240, 240, 239, 239, 242,
    246, 246, 233, 216, 194, 171, 152, 133, 117, 116, 109, 104, 112, 113,
    118, 118, 104, 96, 90, 86, 84, 84, 82, 86, 83, 79, 78, 78, 76, 74,
    78, 81, 83, 78, 76, 77, 78, 76, 79, 80, 82, 88, 107, 121, 132, 145,
    157, 169, 182, 191, 196, 198, 203, 213, 219, 219, 224, 224, 227, 235,
    234, 232, 232, 233, 235, 236 ]
