%YAML:1.0
---
videoName: "RHShake03.mp4"
gestureLabel: 2
fps: 29
pixelSizeInCmTemp: 3.1103896103896100e-01
faceCenterPointX: 294
faceCenterPointY: 48
LHandPositionsX: [ 410, 410, 412, 411, 411, 409, 410, 408, 411, 412, 412,
    409, 411, 411, 410, 412, 410, 411, 411, 411, 408, 410, 409, 412, 409,
    408, 412, 408, 411, 411, 408, 411, 409, 411, 408, 409, 412, 410, 412,
    409, 410, 410, 412, 410, 410, 411, 408, 408, 412, 412, 409, 412, 410,
    408, 408, 408, 412, 410, 408, 411, 412, 410, 408, 409, 411, 411, 412,
    408, 410, 410, 407, 411, 409, 409, 411, 407, 410, 410, 409, 408, 410,
    409, 407, 411, 407, 408, 410, 407 ]
LHandPositionsY: [ 263, 264, 260, 261, 262, 264, 263, 260, 260, 262, 264,
    262, 261, 261, 260, 260, 261, 262, 264, 263, 264, 264, 261, 264, 262,
    261, 260, 262, 264, 264, 261, 261, 261, 262, 260, 264, 260, 262, 262,
    263, 260, 261, 264, 262, 262, 261, 263, 264, 261, 261, 260, 263, 261,
    263, 261, 260, 264, 263, 264, 261, 263, 264, 263, 262, 261, 261, 260,
    260, 262, 261, 262, 263, 264, 262, 263, 261, 264, 262, 262, 264, 263,
    261, 261, 264, 264, 263, 262, 260 ]
RHandPositionsX: [ 178, 177, 180, 177, 175, 177, 174, 174, 174, 174, 177,
    177, 174, 176, 175, 174, 171, 173, 175, 172, 173, 173, 175, 172, 173,
    175, 173, 173, 173, 170, 172, 173, 173, 170, 163, 158, 152, 150, 153,
    153, 157, 163, 181, 182, 193, 192, 182, 178, 174, 174, 174, 180, 182,
    181, 180, 174, 174, 168, 167, 174, 177, 189, 199, 207, 199, 190, 190,
    187, 184, 182, 186, 193, 202, 207, 208, 208, 198, 195, 190, 184, 185,
    185, 185, 181, 183, 181, 182, 180 ]
RHandPositionsY: [ 259, 261, 259, 259, 260, 260, 263, 262, 259, 262, 260,
    259, 261, 262, 258, 259, 260, 259, 261, 260, 260, 261, 262, 260, 262,
    260, 261, 262, 261, 263, 263, 263, 258, 241, 220, 199, 179, 157, 147,
    130, 120, 118, 120, 118, 112, 104, 103, 101, 97, 100, 101, 106, 108,
    106, 105, 102, 100, 101, 98, 96, 104, 106, 112, 111, 109, 107, 103,
    103, 101, 98, 102, 119, 128, 140, 159, 179, 202, 209, 217, 241, 240,
    246, 245, 250, 251, 251, 253, 254 ]
