%YAML:1.0
---
videoName: "RHShake13.mp4"
gestureLabel: 2
fps: 30
pixelSizeInCmTemp: 3.2808219178082193e-01
faceCenterPointX: 278
faceCenterPointY: 45
LHandPositionsX: [ 309, 306, 306, 309, 309, 307, 308, 307, 308, 308, 309,
    307, 306, 309, 307, 305, 306, 305, 307, 305, 306, 309, 309, 308, 309,
    305, 308, 306, 306, 307, 307, 308, 307, 309, 309, 305, 308, 306, 306,
    306, 307, 306, 306, 306, 307, 306, 308, 305, 308, 307, 307, 309, 307,
    307, 305, 306, 305, 307, 308, 308, 306, 305, 306, 306, 305, 305, 309,
    305, 305, 307, 306, 306, 306, 307, 308, 310, 308, 307, 307, 308, 301,
    305, 306, 307, 304, 305, 307, 304, 304, 303, 306 ]
LHandPositionsY: [ 242, 245, 242, 244, 245, 242, 241, 243, 242, 245, 242,
    244, 242, 243, 240, 244, 242, 243, 242, 239, 240, 239, 239, 241, 242,
    239, 241, 239, 239, 243, 241, 243, 243, 241, 243, 240, 240, 240, 241,
    242, 239, 242, 240, 240, 240, 238, 240, 242, 241, 241, 242, 241, 242,
    242, 238, 242, 239, 242, 242, 238, 238, 238, 242, 241, 240, 238, 239,
    241, 240, 238, 240, 237, 241, 239, 235, 236, 233, 235, 234, 235, 231,
    231, 233, 236, 238, 242, 241, 245, 243, 245, 245 ]
RHandPositionsX: [ 165, 153, 139, 139, 143, 142, 144, 140, 145, 146, 147,
    144, 139, 138, 135, 136, 144, 140, 145, 141, 136, 133, 130, 129, 128,
    134, 134, 139, 141, 134, 138, 130, 128, 132, 131, 133, 134, 136, 135,
    135, 132, 133, 134, 133, 139, 149, 148, 151, 145, 148, 144, 136, 135,
    139, 139, 143, 143, 141, 141, 136, 134, 132, 131, 135, 138, 141, 144,
    147, 152, 158, 167, 178, 188, 198, 213, 227, 236, 245, 253, 251, 251,
    255, 255, 258, 258, 257, 257, 258, 261, 257, 259 ]
RHandPositionsY: [ 154, 136, 121, 116, 116, 110, 104, 100, 100, 97, 91,
    90, 86, 86, 88, 89, 89, 90, 87, 85, 86, 84, 87, 88, 86, 86, 90, 92,
    90, 89, 88, 87, 87, 88, 92, 91, 93, 90, 91, 92, 89, 89, 88, 88, 93,
    95, 97, 97, 94, 93, 92, 95, 95, 96, 97, 100, 99, 101, 99, 101, 96,
    98, 97, 96, 101, 105, 106, 109, 119, 126, 137, 144, 154, 167, 179,
    188, 199, 207, 213, 216, 216, 220, 226, 234, 237, 235, 241, 239, 239,
    241, 239 ]
