%YAML:1.0
---
videoName: "RHShake08.mp4"
gestureLabel: 2
fps: 29
pixelSizeInCmTemp: 3.2808219178082193e-01
faceCenterPointX: 290
faceCenterPointY: 45
LHandPositionsX: [ 317, 313, 316, 315, 317, 316, 313, 313, 311, 310, 311,
    313, 309, 311, 310, 307, 307, 309, 306, 310, 308, 307, 306, 307, 306,
    306, 309, 306, 308, 307, 307, 307, 310, 310, 310, 306, 309, 310, 306,
    306, 306, 310, 307, 309, 307, 307, 310, 309, 306, 305, 305, 309, 309,
    306, 308, 306, 306, 308, 308, 306, 305, 309, 307, 307, 309, 309, 305,
    305, 308, 308, 308, 305, 306, 306, 308, 305, 305, 305, 306, 307, 307,
    305, 306, 306, 311, 310, 307, 308 ]
LHandPositionsY: [ 282, 280, 280, 281, 279, 282, 280, 285, 283, 281, 285,
    284, 282, 281, 281, 284, 284, 283, 284, 284, 281, 285, 281, 284, 285,
    282, 281, 285, 284, 285, 284, 282, 282, 281, 283, 285, 282, 281, 284,
    284, 284, 283, 284, 281, 280, 282, 283, 281, 283, 280, 281, 280, 284,
    281, 283, 283, 283, 284, 281, 283, 281, 281, 281, 280, 284, 281, 282,
    283, 282, 284, 283, 282, 281, 284, 284, 282, 284, 284, 283, 283, 281,
    281, 280, 283, 281, 283, 281, 283 ]
RHandPositionsX: [ 266, 269, 271, 273, 272, 273, 275, 277, 265, 261, 261,
    258, 250, 235, 221, 202, 184, 165, 154, 158, 165, 176, 197, 200, 206,
    199, 192, 188, 181, 178, 189, 193, 202, 201, 195, 195, 187, 182, 179,
    178, 193, 189, 187, 187, 181, 178, 176, 175, 176, 183, 186, 186, 191,
    187, 191, 190, 186, 204, 205, 215, 214, 207, 205, 199, 197, 193, 201,
    205, 213, 213, 210, 214, 222, 228, 239, 249, 251, 263, 261, 262, 266,
    266, 269, 270, 274, 274, 271, 268 ]
RHandPositionsY: [ 266, 266, 268, 267, 268, 269, 267, 267, 265, 265, 255,
    245, 231, 218, 203, 184, 172, 150, 132, 126, 115, 108, 105, 108, 110,
    102, 99, 93, 92, 90, 89, 95, 97, 97, 95, 88, 90, 88, 89, 91, 94, 93,
    91, 93, 91, 89, 87, 84, 89, 94, 97, 96, 97, 99, 94, 91, 92, 95, 96,
    97, 98, 100, 94, 95, 92, 95, 95, 99, 106, 109, 114, 126, 129, 145,
    160, 178, 194, 215, 227, 243, 257, 259, 258, 259, 260, 265, 263, 264 ]
