%YAML:1.0
---
videoName: "RHShake15.mp4"
gestureLabel: 2
fps: 29
pixelSizeInCmTemp: 3.2808219178082193e-01
faceCenterPointX: 279
faceCenterPointY: 41
LHandPositionsX: [ 370, 369, 372, 368, 370, 372, 371, 371, 372, 372, 372,
    369, 372, 372, 369, 372, 370, 370, 372, 368, 368, 372, 371, 370, 368,
    370, 372, 369, 372, 372, 371, 368, 370, 368, 370, 369, 368, 369, 369,
    370, 372, 370, 372, 371, 368, 369, 370, 369, 370, 372, 370, 370, 370,
    369, 368, 368, 368, 370, 371, 368, 372, 370, 369, 369, 372, 372, 368,
    371, 369, 370, 368, 368, 370, 370, 368, 370, 370, 369, 368, 371, 368,
    372, 372, 368, 368, 371, 371, 372 ]
LHandPositionsY: [ 234, 232, 233, 233, 233, 233, 236, 235, 232, 234, 232,
    234, 232, 234, 235, 232, 233, 235, 234, 235, 233, 232, 232, 233, 232,
    233, 233, 233, 236, 234, 232, 236, 233, 234, 232, 233, 233, 232, 234,
    234, 234, 234, 233, 232, 231, 232, 232, 234, 231, 233, 233, 231, 234,
    233, 232, 231, 235, 235, 231, 235, 231, 235, 234, 234, 234, 235, 232,
    235, 231, 235, 234, 235, 234, 232, 231, 234, 234, 235, 235, 232, 232,
    233, 231, 234, 235, 233, 231, 231 ]
RHandPositionsX: [ 136, 125, 111, 110, 111, 110, 109, 107, 109, 111, 110,
    114, 116, 114, 108, 114, 113, 110, 109, 106, 116, 119, 116, 111, 108,
    108, 112, 110, 109, 105, 116, 115, 116, 114, 113, 112, 107, 112, 113,
    114, 110, 109, 115, 116, 123, 122, 121, 126, 122, 119, 117, 124, 127,
    128, 124, 128, 127, 128, 120, 118, 120, 125, 128, 134, 138, 144, 141,
    138, 141, 142, 145, 147, 153, 152, 156, 156, 156, 159, 161, 159, 161,
    161, 157, 160, 161, 159, 157, 159 ]
RHandPositionsY: [ 193, 174, 157, 147, 146, 140, 132, 127, 121, 116, 113,
    107, 102, 101, 96, 95, 97, 96, 92, 95, 93, 90, 92, 91, 95, 92, 95,
    95, 93, 96, 100, 103, 104, 104, 102, 100, 103, 104, 103, 105, 106,
    108, 112, 111, 110, 108, 102, 103, 105, 102, 106, 110, 110, 112, 117,
    112, 111, 109, 110, 109, 111, 119, 126, 135, 150, 164, 171, 180, 193,
    202, 209, 221, 229, 237, 241, 241, 244, 247, 246, 247, 246, 246, 245,
    247, 249, 248, 247, 246 ]
