%YAML:1.0
---
videoName: "RHShake06.mp4"
gestureLabel: 2
fps: 30
pixelSizeInCmTemp: 3.2808219178082193e-01
faceCenterPointX: 293
faceCenterPointY: 43
LHandPositionsX: [ 308, 307, 310, 308, 310, 307, 309, 306, 306, 310, 306,
    310, 307, 308, 309, 311, 313, 312, 313, 316, 319, 319, 323, 320, 323,
    321, 321, 320, 319, 319, 321, 321, 322, 323, 322, 324, 326, 324, 326,
    323, 324, 326, 323, 323, 325, 323, 324, 326, 324, 324, 322, 325, 323,
    322, 323, 325, 325, 322, 323, 326, 324, 323, 322, 325, 322, 323, 326,
    324, 324, 326, 324, 322, 325, 322, 322, 325, 323, 325, 323, 322, 326,
    323, 323, 319, 315, 313, 311, 313, 312, 313, 313 ]
LHandPositionsY: [ 268, 267, 269, 270, 268, 268, 266, 269, 268, 267, 268,
    270, 269, 270, 268, 268, 266, 269, 266, 266, 261, 262, 260, 260, 260,
    259, 262, 260, 262, 261, 259, 261, 262, 261, 259, 259, 258, 260, 259,
    262, 259, 260, 258, 258, 262, 259, 262, 262, 261, 258, 258, 258, 259,
    260, 260, 261, 259, 260, 258, 262, 258, 258, 259, 262, 259, 258, 260,
    261, 262, 259, 261, 258, 262, 262, 262, 259, 258, 260, 259, 262, 261,
    259, 258, 263, 262, 265, 266, 267, 263, 264, 263 ]
RHandPositionsX: [ 288, 288, 285, 285, 286, 288, 285, 285, 285, 288, 285,
    286, 288, 288, 288, 285, 286, 286, 276, 266, 242, 227, 203, 177, 160,
    146, 136, 133, 137, 141, 141, 145, 162, 162, 164, 159, 163, 163, 158,
    155, 163, 173, 184, 188, 188, 187, 182, 175, 169, 174, 170, 165, 172,
    183, 181, 182, 181, 187, 177, 173, 172, 165, 168, 182, 179, 180, 175,
    170, 166, 162, 163, 167, 170, 179, 190, 192, 211, 224, 232, 241, 248,
    255, 251, 249, 247, 255, 256, 253, 253, 255, 253 ]
RHandPositionsY: [ 269, 270, 268, 270, 268, 268, 270, 268, 266, 268, 270,
    270, 269, 266, 267, 267, 269, 269, 263, 262, 246, 234, 215, 201, 178,
    160, 135, 123, 111, 104, 115, 119, 129, 116, 109, 104, 99, 88, 92,
    89, 93, 96, 98, 99, 96, 97, 95, 91, 89, 87, 85, 89, 92, 102, 102,
    101, 96, 102, 96, 92, 94, 90, 92, 102, 102, 103, 105, 99, 105, 106,
    114, 126, 145, 163, 178, 182, 195, 206, 217, 223, 230, 239, 237, 236,
    237, 243, 241, 241, 243, 243, 242 ]
