%YAML:1.0
---
videoName: "RHShake08.mp4"
gestureLabel: 2
fps: 29
pixelSizeInCmTemp: 3.2808219178082193e-01
faceCenterPointX: 290
faceCenterPointY: 45
LHandPositionsX: [ 317, 316, 317, 314, 314, 316, 315, 314, 313, 309, 309,
    311, 311, 312, 311, 310, 307, 308, 306, 306, 306, 308, 306, 306, 307,
    310, 310, 309, 309, 307, 306, 310, 306, 310, 310, 310, 306, 308, 306,
    308, 308, 310, 310, 306, 308, 310, 309, 307, 305, 309, 309, 309, 306,
    309, 306, 309, 307, 307, 306, 307, 305, 309, 307, 305, 305, 308, 307,
    307, 307, 305, 306, 305, 309, 307, 309, 305, 309, 305, 305, 309, 306,
    308, 310, 306, 310, 311, 307, 310 ]
LHandPositionsY: [ 280, 281, 281, 281, 283, 280, 282, 281, 283, 285, 281,
    281, 283, 282, 285, 285, 283, 284, 285, 285, 282, 284, 284, 281, 283,
    285, 281, 282, 282, 285, 285, 282, 285, 281, 284, 284, 285, 282, 283,
    285, 282, 284, 285, 283, 281, 280, 283, 280, 280, 280, 284, 280, 281,
    284, 284, 281, 283, 281, 282, 280, 283, 284, 283, 281, 282, 280, 281,
    283, 282, 282, 281, 283, 284, 280, 282, 281, 281, 281, 284, 280, 283,
    281, 280, 284, 282, 281, 284, 283 ]
RHandPositionsX: [ 266, 269, 269, 272, 273, 269, 275, 278, 264, 258, 257,
    256, 251, 238, 220, 200, 186, 164, 155, 161, 165, 174, 198, 198, 203,
    202, 196, 192, 182, 181, 188, 191, 202, 201, 194, 196, 188, 184, 177,
    177, 191, 192, 186, 183, 184, 177, 172, 172, 176, 182, 184, 187, 191,
    190, 195, 191, 189, 201, 202, 217, 211, 207, 204, 197, 199, 196, 202,
    204, 213, 211, 210, 214, 222, 231, 240, 246, 251, 265, 260, 264, 265,
    268, 268, 270, 275, 273, 272, 272 ]
RHandPositionsY: [ 269, 268, 267, 268, 268, 268, 269, 269, 264, 265, 255,
    245, 233, 219, 202, 184, 175, 152, 130, 129, 116, 110, 107, 108, 107,
    102, 97, 92, 94, 93, 89, 92, 96, 97, 93, 88, 88, 86, 85, 90, 90, 94,
    92, 90, 91, 87, 87, 86, 91, 96, 97, 95, 100, 99, 91, 91, 89, 91, 97,
    94, 101, 101, 94, 95, 96, 95, 93, 101, 107, 109, 111, 124, 129, 143,
    159, 177, 191, 215, 226, 243, 257, 260, 257, 259, 261, 266, 266, 265 ]
