%YAML:1.0
---
videoName: "RHShake18.mp4"
gestureLabel: 2
fps: 30
pixelSizeInCmTemp: 3.3732394366197183e-01
faceCenterPointX: 275
faceCenterPointY: 40
LHandPositionsX: [ 377, 375, 377, 378, 378, 379, 375, 376, 377, 375, 376,
    375, 376, 376, 375, 375, 375, 379, 375, 376, 379, 376, 375, 376, 378,
    379, 376, 376, 376, 378, 375, 378, 379, 378, 377, 379, 379, 378, 377,
    375, 379, 376, 379, 376, 377, 378, 376, 374, 372, 371, 374, 372, 364,
    358, 354, 347, 337, 335, 323, 318, 305, 302, 298, 298, 296, 288, 288,
    291, 295, 295, 293, 291, 293, 293, 293, 293, 289, 289, 289, 291, 287,
    290, 286, 288, 287, 286, 289, 289, 286, 286, 288 ]
LHandPositionsY: [ 232, 232, 231, 229, 230, 233, 231, 233, 232, 229, 233,
    230, 232, 230, 231, 230, 232, 230, 229, 231, 233, 229, 231, 229, 231,
    233, 229, 229, 231, 231, 233, 231, 231, 233, 233, 231, 229, 232, 231,
    232, 229, 233, 232, 233, 230, 232, 231, 230, 231, 228, 236, 237, 238,
    235, 234, 235, 234, 234, 231, 229, 231, 232, 230, 234, 233, 233, 234,
    235, 240, 239, 242, 240, 241, 240, 243, 243, 242, 240, 239, 239, 239,
    241, 242, 243, 239, 239, 240, 241, 239, 242, 241 ]
RHandPositionsX: [ 155, 156, 154, 148, 147, 148, 152, 158, 161, 165, 167,
    163, 157, 151, 150, 151, 156, 162, 166, 166, 171, 164, 158, 157, 160,
    157, 155, 162, 164, 166, 166, 160, 158, 155, 154, 161, 172, 174, 173,
    168, 165, 157, 159, 158, 161, 166, 171, 179, 191, 201, 210, 222, 230,
    242, 253, 263, 269, 255, 253, 246, 244, 240, 242, 237, 238, 234, 237,
    234, 233, 237, 242, 241, 240, 236, 239, 236, 237, 239, 240, 237, 236,
    240, 236, 239, 238, 239, 236, 240, 238, 240, 240 ]
RHandPositionsY: [ 75, 71, 68, 70, 70, 65, 68, 70, 72, 72, 71, 67, 67,
    68, 68, 66, 68, 71, 69, 74, 71, 73, 67, 67, 67, 69, 71, 74, 76, 77,
    76, 75, 75, 74, 77, 77, 94, 90, 91, 92, 87, 89, 84, 82, 83, 86, 96,
    100, 111, 121, 134, 142, 155, 162, 172, 184, 191, 195, 197, 200, 205,
    208, 208, 209, 214, 216, 219, 219, 223, 227, 230, 229, 224, 227, 224,
    225, 225, 224, 227, 226, 227, 226, 227, 225, 228, 226, 224, 226, 228,
    224, 227 ]
