%YAML:1.0
---
videoName: "RHShake01.mp4"
gestureLabel: 2
fps: 29
pixelSizeInCmTemp: 3.1513157894736843e-01
faceCenterPointX: 292
faceCenterPointY: 51
LHandPositionsX: [ 394, 395, 394, 393, 395, 392, 394, 396, 395, 396, 396,
    393, 394, 395, 391, 392, 391, 395, 392, 394, 391, 391, 391, 391, 394,
    391, 393, 392, 391, 393, 395, 392, 395, 395, 393, 393, 394, 392, 393,
    391, 393, 391, 395, 395, 392, 392, 392, 395, 394, 395, 393, 394, 394,
    393, 394, 395, 395, 391, 393, 395, 392, 392, 391, 395, 393, 391, 394,
    394, 392, 394, 391, 392, 391, 394, 393, 395, 394, 393, 395, 393, 392,
    393, 393, 393, 394, 395, 392, 395 ]
LHandPositionsY: [ 253, 255, 254, 255, 253, 254, 256, 253, 253, 257, 256,
    256, 253, 254, 256, 253, 255, 257, 256, 255, 256, 254, 253, 253, 257,
    253, 253, 256, 254, 254, 255, 253, 255, 254, 256, 255, 255, 256, 257,
    253, 256, 255, 256, 255, 255, 254, 256, 257, 255, 256, 257, 255, 256,
    253, 257, 253, 254, 253, 257, 256, 255, 254, 255, 254, 255, 255, 257,
    256, 254, 254, 255, 253, 254, 257, 255, 253, 256, 257, 255, 257, 255,
    255, 253, 254, 255, 256, 255, 256 ]
RHandPositionsX: [ 171, 169, 169, 171, 168, 167, 167, 169, 171, 170, 170,
    167, 168, 170, 171, 168, 170, 171, 170, 167, 171, 170, 171, 169, 171,
    170, 173, 175, 175, 168, 163, 162, 159, 152, 155, 162, 168, 181, 192,
    193, 189, 186, 182, 177, 178, 175, 174, 188, 197, 196, 190, 192, 184,
    181, 177, 182, 178, 182, 185, 191, 193, 195, 193, 187, 179, 175, 176,
    179, 189, 193, 193, 198, 197, 199, 193, 190, 190, 188, 187, 182, 177,
    178, 172, 175, 175, 174, 173, 175 ]
RHandPositionsY: [ 277, 277, 279, 278, 277, 277, 277, 280, 280, 276, 280,
    278, 276, 279, 279, 279, 276, 276, 277, 279, 280, 278, 277, 277, 278,
    276, 268, 248, 226, 209, 186, 166, 150, 132, 131, 116, 109, 106, 111,
    109, 109, 104, 99, 101, 101, 99, 98, 98, 100, 101, 100, 97, 94, 91,
    95, 94, 93, 97, 102, 102, 101, 101, 101, 96, 95, 97, 95, 99, 101,
    106, 111, 122, 132, 145, 159, 177, 193, 205, 206, 213, 218, 229, 235,
    243, 240, 243, 244, 248 ]
