%YAML:1.0
---
videoName: "RHShake01.mp4"
gestureLabel: 2
fps: 29
pixelSizeInCmTemp: 3.1513157894736843e-01
faceCenterPointX: 292
faceCenterPointY: 51
LHandPositionsX: [ 392, 392, 394, 392, 396, 393, 394, 396, 395, 395, 396,
    393, 396, 394, 391, 392, 394, 391, 392, 393, 394, 392, 395, 393, 395,
    393, 395, 391, 394, 392, 393, 394, 395, 394, 395, 392, 393, 391, 395,
    393, 395, 392, 392, 395, 394, 391, 391, 395, 392, 394, 392, 393, 394,
    393, 393, 392, 392, 392, 394, 395, 392, 392, 394, 393, 392, 391, 394,
    395, 393, 391, 393, 392, 394, 391, 395, 395, 394, 394, 393, 394, 394,
    391, 395, 393, 392, 392, 393, 392 ]
LHandPositionsY: [ 255, 254, 257, 255, 255, 255, 257, 255, 254, 257, 257,
    256, 253, 254, 256, 257, 254, 254, 254, 257, 256, 253, 256, 253, 257,
    257, 254, 253, 257, 254, 255, 254, 257, 253, 253, 254, 256, 255, 256,
    253, 254, 257, 257, 255, 256, 254, 253, 253, 254, 255, 254, 254, 254,
    256, 255, 253, 254, 256, 256, 254, 253, 253, 253, 253, 253, 253, 254,
    253, 257, 254, 253, 253, 253, 254, 254, 254, 257, 254, 256, 253, 255,
    255, 255, 255, 257, 257, 255, 253 ]
RHandPositionsX: [ 169, 167, 167, 167, 171, 171, 168, 168, 171, 167, 171,
    167, 167, 170, 171, 168, 170, 167, 169, 167, 171, 172, 172, 170, 169,
    172, 170, 173, 174, 168, 163, 161, 159, 154, 158, 162, 169, 181, 191,
    193, 189, 188, 183, 175, 176, 174, 177, 188, 197, 195, 189, 188, 181,
    179, 179, 182, 178, 185, 184, 191, 193, 193, 195, 185, 180, 175, 178,
    180, 189, 192, 196, 197, 197, 199, 195, 189, 186, 190, 188, 181, 178,
    175, 174, 175, 175, 175, 172, 173 ]
RHandPositionsY: [ 279, 276, 277, 279, 276, 276, 279, 278, 277, 279, 277,
    277, 276, 278, 280, 276, 280, 279, 276, 276, 280, 279, 278, 279, 277,
    276, 267, 247, 227, 208, 187, 169, 151, 135, 131, 115, 106, 110, 110,
    110, 108, 105, 99, 98, 97, 99, 100, 97, 103, 100, 100, 97, 93, 94,
    91, 94, 96, 97, 100, 101, 101, 99, 99, 98, 99, 97, 94, 99, 101, 108,
    114, 121, 136, 145, 160, 176, 191, 201, 205, 211, 221, 225, 234, 243,
    240, 245, 244, 246 ]
