%YAML:1.0
---
videoName: "RHShake16.mp4"
gestureLabel: 2
fps: 29
pixelSizeInCmTemp: 3.2808219178082193e-01
faceCenterPointX: 281
faceCenterPointY: 44
LHandPositionsX: [ 370, 369, 370, 369, 370, 370, 373, 369, 372, 372, 371,
    369, 371, 372, 373, 369, 370, 369, 369, 371, 370, 372, 369, 369, 371,
    371, 369, 370, 370, 372, 373, 370, 371, 371, 369, 370, 372, 372, 372,
    372, 370, 371, 373, 373, 369, 370, 371, 372, 369, 372, 371, 370, 369,
    371, 371, 371, 372, 371, 373, 372, 372, 370, 373, 369, 369, 370, 369,
    371, 369, 370, 372, 371, 372, 371, 369, 370, 370, 373, 370, 371, 373,
    371, 369, 369, 369, 370, 373, 373 ]
LHandPositionsY: [ 230, 231, 230, 234, 232, 232, 233, 233, 231, 234, 230,
    232, 232, 232, 233, 233, 231, 231, 231, 232, 233, 234, 230, 230, 234,
    231, 230, 234, 231, 234, 230, 231, 230, 230, 233, 230, 230, 230, 233,
    232, 232, 232, 233, 233, 231, 233, 234, 232, 233, 234, 232, 234, 231,
    229, 231, 233, 231, 230, 230, 232, 231, 231, 230, 232, 232, 229, 230,
    233, 229, 232, 232, 229, 231, 230, 233, 231, 231, 233, 231, 230, 232,
    230, 232, 233, 229, 232, 231, 232 ]
RHandPositionsX: [ 170, 168, 167, 168, 170, 167, 169, 167, 171, 169, 170,
    170, 171, 171, 167, 167, 167, 168, 162, 154, 153, 147, 136, 132, 125,
    121, 117, 121, 125, 124, 125, 131, 139, 142, 142, 141, 136, 135, 139,
    141, 140, 145, 150, 150, 147, 145, 146, 148, 147, 145, 150, 153, 152,
    150, 148, 146, 146, 143, 149, 151, 153, 156, 156, 154, 156, 151, 147,
    153, 151, 160, 166, 173, 176, 174, 179, 174, 176, 173, 173, 171, 169,
    169, 168, 168, 169, 170, 171, 171 ]
RHandPositionsY: [ 268, 266, 267, 266, 267, 269, 267, 266, 265, 268, 265,
    267, 269, 268, 269, 266, 264, 264, 256, 243, 221, 200, 177, 158, 144,
    131, 116, 116, 110, 104, 106, 101, 101, 95, 96, 94, 91, 89, 88, 86,
    87, 88, 90, 87, 88, 88, 86, 87, 87, 89, 88, 90, 87, 85, 86, 88, 84,
    86, 90, 88, 92, 87, 88, 90, 90, 88, 88, 96, 105, 121, 132, 146, 162,
    173, 185, 192, 193, 205, 210, 216, 225, 221, 223, 232, 239, 238, 237,
    235 ]
