%YAML:1.0
---
videoName: "RHShake19.mp4"
gestureLabel: 2
fps: 29
pixelSizeInCmTemp: 3.2808219178082193e-01
faceCenterPointX: 283
faceCenterPointY: 48
LHandPositionsX: [ 391, 389, 388, 390, 389, 389, 392, 388, 391, 388, 388,
    388, 392, 388, 389, 391, 389, 391, 388, 390, 391, 391, 391, 391, 388,
    392, 391, 389, 389, 389, 388, 390, 388, 390, 391, 388, 388, 390, 388,
    392, 390, 391, 392, 388, 391, 391, 388, 391, 392, 392, 390, 389, 389,
    388, 389, 389, 392, 388, 388, 392, 391, 390, 388, 389, 389, 388, 388,
    388, 391, 389, 392, 388, 391, 391, 392, 390, 392, 391, 391, 389, 389,
    392, 390, 389, 390, 388, 391, 389 ]
LHandPositionsY: [ 242, 244, 242, 241, 240, 242, 242, 244, 240, 243, 242,
    243, 241, 240, 242, 243, 240, 241, 241, 241, 242, 241, 243, 241, 242,
    243, 240, 242, 241, 243, 244, 243, 240, 244, 242, 241, 241, 241, 240,
    242, 244, 244, 242, 241, 244, 241, 244, 243, 241, 241, 244, 241, 243,
    244, 242, 241, 242, 240, 241, 240, 242, 242, 243, 242, 242, 244, 241,
    244, 242, 241, 244, 240, 242, 240, 243, 243, 241, 242, 240, 243, 241,
    241, 240, 241, 244, 244, 240, 241 ]
RHandPositionsX: [ 159, 174, 182, 181, 188, 184, 175, 171, 166, 164, 164,
    162, 165, 180, 182, 184, 187, 177, 174, 169, 162, 161, 162, 165, 169,
    175, 172, 174, 171, 166, 160, 161, 158, 165, 171, 177, 177, 179, 178,
    171, 166, 165, 165, 158, 165, 168, 174, 179, 177, 184, 179, 174, 171,
    168, 166, 168, 170, 177, 178, 178, 181, 179, 173, 174, 169, 167, 171,
    176, 178, 182, 188, 188, 190, 188, 183, 187, 185, 183, 178, 179, 178,
    182, 181, 180, 180, 181, 179, 181 ]
RHandPositionsY: [ 90, 93, 96, 96, 92, 92, 85, 79, 79, 75, 77, 75, 79,
    84, 88, 92, 92, 85, 78, 77, 78, 78, 77, 75, 83, 91, 92, 88, 88, 85,
    85, 83, 81, 84, 86, 92, 93, 94, 96, 93, 89, 87, 88, 86, 82, 85, 92,
    99, 99, 101, 100, 97, 95, 95, 93, 96, 98, 106, 107, 108, 103, 99,
    103, 101, 102, 97, 112, 125, 136, 149, 163, 174, 188, 193, 201, 211,
    220, 223, 231, 235, 236, 238, 238, 243, 243, 240, 241, 243 ]
