%YAML:1.0
---
videoName: "RHShake02.mp4"
gestureLabel: 2
fps: 29
pixelSizeInCmTemp: 3.1933333333333330e-01
faceCenterPointX: 291
faceCenterPointY: 51
LHandPositionsX: [ 408, 405, 409, 407, 406, 409, 406, 408, 407, 407, 409,
    407, 409, 408, 405, 408, 408, 404, 405, 408, 405, 406, 404, 408, 407,
    407, 407, 405, 404, 406, 406, 402, 405, 403, 404, 404, 404, 401, 401,
    400, 402, 400, 403, 399, 402, 400, 399, 402, 401, 401, 401, 401, 398,
    399, 401, 398, 400, 396, 398, 398, 398, 399, 399, 397, 395, 399, 396,
    397, 398, 397, 399, 398, 395, 399, 399, 399, 395, 396, 396, 396, 396,
    395, 395, 398, 397, 399, 399, 399 ]
LHandPositionsY: [ 264, 263, 265, 265, 261, 264, 265, 262, 263, 265, 262,
    264, 263, 261, 265, 264, 261, 262, 260, 260, 261, 264, 263, 262, 260,
    260, 260, 261, 261, 262, 262, 264, 263, 263, 262, 263, 264, 260, 263,
    263, 264, 263, 260, 262, 260, 260, 260, 260, 262, 261, 262, 262, 260,
    260, 260, 262, 261, 262, 260, 264, 261, 261, 262, 262, 262, 260, 264,
    261, 263, 262, 263, 264, 262, 262, 263, 262, 264, 260, 261, 263, 261,
    262, 261, 261, 264, 264, 261, 261 ]
RHandPositionsX: [ 175, 174, 175, 174, 172, 172, 170, 173, 172, 173, 170,
    172, 173, 172, 172, 170, 174, 173, 170, 172, 173, 174, 170, 172, 171,
    171, 176, 177, 178, 173, 166, 161, 158, 153, 148, 157, 161, 175, 183,
    181, 181, 178, 170, 163, 160, 158, 162, 170, 177, 182, 191, 185, 183,
    179, 170, 166, 163, 164, 174, 184, 185, 181, 178, 179, 178, 171, 170,
    170, 172, 178, 183, 192, 197, 199, 200, 199, 193, 183, 185, 180, 180,
    178, 176, 176, 178, 177, 176, 174 ]
RHandPositionsY: [ 264, 263, 264, 263, 267, 265, 266, 265, 266, 266, 264,
    263, 266, 266, 263, 263, 263, 266, 265, 267, 263, 267, 263, 267, 268,
    270, 265, 247, 230, 208, 186, 167, 143, 125, 110, 102, 98, 94, 97,
    99, 95, 95, 91, 90, 89, 89, 87, 94, 95, 97, 101, 99, 91, 91, 87, 85,
    86, 92, 94, 99, 98, 98, 98, 94, 93, 95, 93, 95, 94, 98, 104, 119,
    130, 143, 157, 174, 195, 212, 227, 228, 238, 242, 246, 251, 252, 250,
    253, 255 ]
