%YAML:1.0
---
videoName: "RHShake20.mp4"
gestureLabel: 2
fps: 29
pixelSizeInCmTemp: 3.3263888888888887e-01
faceCenterPointX: 286
faceCenterPointY: 45
LHandPositionsX: [ 392, 394, 390, 390, 392, 393, 390, 392, 393, 391, 391,
    393, 393, 393, 391, 394, 392, 392, 392, 390, 393, 391, 392, 393, 392,
    390, 393, 390, 390, 393, 392, 391, 390, 393, 392, 393, 394, 393, 393,
    391, 392, 392, 393, 390, 393, 393, 394, 392, 390, 393, 392, 393, 394,
    392, 394, 390, 393, 391, 392, 394, 393, 392, 390, 390, 391, 392, 392,
    391, 393, 392, 390, 394, 391, 393, 391, 391, 390, 393, 394, 392, 392,
    390, 393, 394, 393, 391, 394, 392 ]
LHandPositionsY: [ 247, 244, 242, 245, 244, 241, 241, 245, 243, 243, 244,
    240, 239, 239, 241, 239, 240, 242, 242, 243, 243, 239, 243, 239, 239,
    243, 239, 239, 242, 241, 241, 243, 241, 243, 241, 240, 239, 239, 243,
    240, 242, 241, 240, 243, 241, 240, 242, 243, 241, 243, 243, 243, 241,
    239, 242, 239, 241, 243, 240, 241, 241, 239, 239, 240, 240, 239, 239,
    243, 240, 241, 243, 241, 243, 239, 243, 239, 241, 239, 243, 240, 242,
    241, 241, 242, 243, 243, 241, 241 ]
RHandPositionsX: [ 163, 162, 160, 154, 154, 155, 152, 155, 157, 157, 160,
    160, 157, 154, 151, 150, 151, 151, 160, 161, 160, 160, 158, 155, 154,
    153, 152, 151, 160, 160, 160, 161, 159, 152, 159, 154, 153, 149, 160,
    167, 164, 165, 167, 160, 159, 153, 155, 150, 158, 164, 166, 168, 165,
    166, 168, 171, 166, 163, 163, 157, 161, 168, 175, 177, 182, 185, 188,
    187, 188, 185, 186, 182, 180, 181, 180, 180, 181, 179, 179, 180, 177,
    180, 180, 178, 179, 176, 178, 177 ]
RHandPositionsY: [ 110, 108, 102, 102, 98, 99, 101, 98, 99, 104, 104,
    101, 96, 100, 96, 99, 99, 102, 111, 114, 113, 116, 114, 112, 106,
    105, 106, 110, 118, 116, 117, 114, 112, 107, 106, 104, 103, 108, 116,
    121, 122, 123, 122, 119, 114, 113, 111, 112, 112, 117, 124, 124, 125,
    123, 121, 121, 116, 113, 113, 110, 119, 126, 129, 135, 148, 157, 165,
    178, 186, 193, 199, 212, 220, 227, 233, 234, 238, 242, 241, 241, 244,
    244, 247, 245, 247, 246, 245, 245 ]
