%YAML:1.0
---
videoName: "RHShake20.mp4"
gestureLabel: 2
fps: 29
pixelSizeInCmTemp: 3.3263888888888887e-01
faceCenterPointX: 286
faceCenterPointY: 45
LHandPositionsX: [ 392, 391, 392, 390, 394, 390, 392, 392, 390, 393, 392,
    390, 392, 393, 391, 390, 390, 390, 392, 391, 394, 391, 390, 392, 390,
    393, 391, 393, 391, 391, 393, 390, 394, 392, 394, 392, 390, 394, 392,
    392, 393, 390, 390, 391, 392, 392, 390, 390, 393, 394, 390, 390, 394,
    391, 391, 393, 392, 393, 394, 393, 394, 391, 394, 390, 391, 393, 391,
    393, 391, 390, 390, 392, 392, 391, 392, 394, 393, 392, 391, 394, 394,
    391, 393, 393, 392, 393, 390, 392 ]
LHandPositionsY: [ 244, 244, 242, 242, 243, 244, 242, 243, 243, 241, 240,
    244, 243, 240, 239, 243, 240, 240, 241, 241, 241, 243, 239, 240, 241,
    241, 240, 240, 242, 243, 243, 239, 241, 241, 243, 241, 240, 241, 243,
    243, 239, 242, 242, 240, 242, 242, 241, 242, 239, 243, 241, 242, 239,
    243, 242, 242, 239, 241, 243, 243, 241, 243, 242, 240, 242, 239, 243,
    240, 243, 239, 243, 240, 239, 242, 242, 239, 242, 242, 242, 242, 241,
    241, 241, 243, 239, 239, 243, 243 ]
RHandPositionsX: [ 166, 162, 162, 156, 151, 153, 154, 154, 159, 158, 162,
    161, 158, 153, 154, 153, 149, 150, 157, 161, 164, 160, 156, 156, 151,
    154, 152, 150, 158, 164, 164, 163, 159, 154, 156, 155, 152, 152, 160,
    167, 164, 166, 165, 162, 159, 153, 153, 150, 158, 164, 166, 167, 164,
    168, 166, 170, 163, 167, 161, 157, 163, 170, 172, 175, 181, 184, 184,
    185, 186, 184, 183, 183, 180, 177, 176, 179, 177, 179, 178, 176, 177,
    178, 177, 177, 177, 178, 177, 180 ]
RHandPositionsY: [ 111, 110, 102, 102, 99, 99, 101, 100, 100, 100, 104,
    101, 96, 98, 96, 97, 98, 102, 112, 113, 116, 113, 112, 110, 107, 108,
    108, 110, 118, 120, 116, 112, 112, 106, 105, 104, 102, 104, 112, 120,
    120, 122, 121, 120, 113, 114, 113, 110, 113, 118, 123, 122, 125, 123,
    121, 119, 114, 117, 111, 112, 118, 125, 131, 135, 147, 153, 165, 177,
    186, 191, 201, 211, 220, 228, 235, 235, 237, 239, 240, 242, 244, 244,
    246, 244, 243, 243, 244, 243 ]
