%YAML:1.0
---
videoName: "RHShake15.mp4"
gestureLabel: 2
fps: 29
pixelSizeInCmTemp: 3.2808219178082193e-01
faceCenterPointX: 279
faceCenterPointY: 41
LHandPositionsX: [ 372, 368, 369, 370, 372, 371, 369, 371, 368, 369, 369,
    371, 369, 370, 368, 369, 369, 371, 369, 368, 370, 369, 370, 368, 369,
    369, 371, 370, 370, 370, 372, 372, 371, 370, 369, 371, 368, 368, 368,
    372, 368, 371, 369, 372, 371, 369, 370, 371, 369, 370, 372, 369, 370,
    368, 370, 372, 369, 370, 369, 368, 369, 370, 370, 368, 372, 370, 368,
    368, 368, 372, 372, 368, 369, 369, 369, 372, 370, 368, 368, 372, 371,
    372, 371, 372, 368, 370, 368, 369 ]
LHandPositionsY: [ 234, 236, 235, 234, 234, 236, 232, 233, 234, 236, 236,
    234, 235, 236, 235, 235, 236, 235, 233, 234, 235, 233, 232, 236, 236,
    232, 234, 236, 236, 234, 233, 235, 236, 234, 232, 236, 232, 235, 235,
    233, 233, 234, 234, 233, 234, 232, 231, 231, 234, 234, 235, 231, 234,
    235, 234, 234, 235, 234, 231, 232, 231, 231, 235, 233, 235, 233, 233,
    232, 233, 231, 234, 233, 235, 233, 233, 233, 235, 234, 232, 234, 231,
    232, 234, 235, 232, 234, 235, 232 ]
RHandPositionsX: [ 136, 123, 113, 112, 109, 110, 107, 103, 106, 112, 113,
    114, 114, 112, 109, 114, 111, 107, 107, 109, 115, 115, 117, 114, 109,
    109, 110, 109, 106, 106, 115, 119, 118, 115, 112, 111, 110, 113, 110,
    114, 112, 109, 118, 116, 121, 120, 118, 126, 121, 120, 117, 123, 123,
    126, 126, 125, 126, 125, 124, 119, 119, 125, 129, 136, 141, 142, 137,
    137, 138, 143, 143, 149, 151, 155, 155, 154, 156, 157, 157, 162, 161,
    160, 159, 160, 160, 161, 157, 160 ]
RHandPositionsY: [ 190, 173, 154, 144, 143, 142, 134, 128, 119, 117, 110,
    107, 102, 97, 99, 94, 96, 92, 93, 93, 92, 90, 92, 94, 94, 92, 96, 96,
    96, 98, 100, 104, 106, 101, 103, 101, 104, 102, 102, 102, 106, 105,
    111, 110, 109, 107, 106, 106, 103, 106, 106, 106, 112, 112, 118, 114,
    111, 110, 111, 110, 110, 118, 128, 137, 148, 164, 170, 183, 192, 203,
    210, 218, 230, 236, 239, 237, 244, 244, 249, 248, 245, 246, 249, 248,
    247, 247, 249, 248 ]
