%YAML:1.0
---
videoName: "RHShake08.mp4"
gestureLabel: 2
fps: 29
pixelSizeInCmTemp: 3.2808219178082193e-01
faceCenterPointX: 290
faceCenterPointY: 45
LHandPositionsX: [ 314, 315, 313, 313, 313, 315, 314, 316, 314, 312, 310,
    311, 312, 311, 308, 311, 311, 308, 309, 308, 309, 306, 307, 309, 308,
    309, 308, 308, 309, 310, 309, 309, 310, 310, 309, 308, 309, 308, 309,
    309, 309, 308, 309, 308, 306, 308, 309, 306, 308, 306, 307, 308, 307,
    305, 309, 307, 308, 307, 309, 305, 308, 308, 305, 305, 306, 305, 305,
    309, 306, 306, 306, 305, 307, 307, 308, 305, 307, 305, 308, 309, 308,
    306, 307, 307, 307, 307, 307, 310 ]
LHandPositionsY: [ 281, 282, 283, 280, 281, 282, 282, 285, 284, 281, 282,
    285, 281, 283, 285, 282, 285, 285, 284, 284, 282, 284, 285, 283, 284,
    285, 283, 285, 281, 284, 281, 282, 283, 285, 281, 283, 281, 282, 282,
    285, 285, 285, 282, 283, 282, 281, 280, 282, 280, 281, 282, 282, 282,
    283, 283, 283, 283, 283, 280, 284, 281, 282, 283, 282, 281, 280, 282,
    280, 280, 283, 282, 283, 280, 282, 282, 280, 284, 282, 281, 284, 284,
    281, 284, 282, 280, 284, 280, 281 ]
RHandPositionsX: [ 266, 270, 272, 269, 269, 271, 271, 275, 265, 260, 259,
    256, 250, 237, 219, 202, 184, 162, 155, 159, 164, 172, 198, 200, 204,
    200, 192, 191, 185, 177, 188, 189, 205, 200, 193, 192, 186, 183, 177,
    177, 190, 190, 189, 187, 185, 176, 174, 171, 173, 184, 187, 188, 192,
    186, 195, 190, 186, 203, 206, 219, 213, 207, 203, 199, 197, 197, 202,
    206, 217, 213, 210, 214, 222, 227, 239, 248, 251, 265, 261, 265, 268,
    267, 270, 272, 274, 277, 273, 268 ]
RHandPositionsY: [ 266, 266, 266, 267, 269, 266, 268, 266, 264, 262, 253,
    244, 231, 220, 201, 182, 173, 153, 131, 128, 116, 107, 105, 107, 111,
    106, 99, 95, 91, 90, 89, 91, 95, 93, 94, 92, 89, 88, 88, 89, 90, 95,
    93, 90, 87, 86, 85, 87, 90, 95, 93, 96, 97, 96, 91, 93, 89, 95, 100,
    94, 99, 98, 95, 94, 95, 92, 96, 101, 104, 107, 111, 125, 132, 144,
    160, 178, 191, 216, 230, 244, 260, 259, 260, 262, 260, 263, 265, 262 ]
