%YAML:1.0
---
videoName: "RHShake22.mp4"
gestureLabel: 2
fps: 29
pixelSizeInCmTemp: 3.3263888888888887e-01
faceCenterPointX: 290
faceCenterPointY: 48
LHandPositionsX: [ 392, 393, 396, 395, 396, 396, 394, 396, 394, 396, 393,
    394, 395, 393, 393, 393, 395, 396, 394, 395, 394, 395, 394, 392, 392,
    394, 396, 395, 392, 395, 395, 396, 392, 395, 393, 396, 393, 393, 392,
    392, 396, 395, 393, 395, 396, 394, 396, 393, 396, 395, 393, 392, 394,
    395, 393, 392, 396, 395, 392, 393, 392, 393, 396, 395, 393, 396, 396,
    393, 393, 396, 394, 394, 395, 395, 392, 393, 396, 392, 395, 394, 396,
    393, 393, 393, 393, 396, 395, 393 ]
LHandPositionsY: [ 230, 234, 232, 234, 233, 232, 232, 231, 233, 231, 232,
    232, 234, 233, 231, 232, 233, 230, 233, 233, 232, 230, 234, 233, 234,
    233, 232, 231, 230, 230, 234, 234, 231, 232, 231, 233, 233, 231, 230,
    230, 234, 230, 232, 230, 234, 233, 234, 231, 233, 233, 233, 232, 231,
    234, 230, 234, 234, 232, 231, 234, 232, 231, 233, 231, 231, 231, 232,
    233, 234, 231, 231, 233, 230, 230, 230, 232, 232, 234, 231, 234, 234,
    234, 234, 230, 232, 232, 233, 232 ]
RHandPositionsX: [ 150, 138, 131, 129, 134, 137, 143, 159, 163, 163, 166,
    165, 163, 159, 152, 148, 142, 144, 147, 153, 160, 172, 171, 168, 168,
    166, 161, 155, 154, 152, 153, 159, 166, 174, 173, 173, 172, 171, 163,
    162, 159, 160, 159, 168, 170, 174, 174, 172, 172, 170, 162, 158, 156,
    155, 159, 163, 170, 175, 177, 177, 179, 171, 169, 161, 158, 153, 151,
    155, 166, 174, 175, 177, 182, 183, 178, 180, 181, 183, 183, 183, 189,
    192, 190, 189, 190, 188, 191, 188 ]
RHandPositionsY: [ 138, 118, 102, 100, 95, 92, 85, 85, 89, 92, 94, 89,
    86, 79, 81, 77, 79, 74, 74, 87, 91, 93, 97, 94, 92, 88, 84, 86, 84,
    82, 80, 92, 92, 100, 103, 101, 95, 92, 88, 89, 87, 84, 86, 90, 97,
    99, 103, 98, 96, 91, 88, 90, 87, 84, 85, 86, 90, 98, 102, 104, 98,
    94, 93, 94, 94, 93, 90, 91, 88, 105, 109, 109, 113, 118, 120, 125,
    138, 150, 161, 168, 184, 193, 200, 206, 211, 221, 223, 225 ]
