%YAML:1.0
---
videoName: "RHShake24.mp4"
gestureLabel: 2
fps: 30
pixelSizeInCmTemp: 3.3732394366197183e-01
faceCenterPointX: 304
faceCenterPointY: 46
LHandPositionsX: [ 392, 391, 392, 392, 391, 393, 392, 391, 392, 393, 390,
    389, 390, 392, 389, 389, 389, 393, 391, 389, 391, 392, 393, 393, 389,
    392, 390, 391, 390, 392, 389, 389, 393, 390, 392, 393, 390, 391, 390,
    392, 389, 392, 389, 391, 393, 391, 389, 392, 393, 392, 391, 390, 389,
    389, 391, 393, 392, 391, 392, 389, 393, 392, 393, 393, 389, 393, 392,
    389, 391, 393, 389, 391, 393, 389, 389, 390, 389, 392, 390, 390, 389,
    390, 393, 392, 392, 391, 389, 393, 392, 392, 390 ]
LHandPositionsY: [ 229, 229, 226, 228, 227, 229, 229, 227, 229, 228, 225,
    225, 225, 226, 225, 225, 228, 226, 225, 226, 225, 229, 227, 229, 228,
    225, 229, 227, 225, 228, 229, 226, 227, 225, 229, 228, 226, 227, 228,
    227, 228, 228, 226, 229, 228, 226, 229, 227, 228, 227, 227, 229, 228,
    229, 226, 228, 225, 227, 226, 227, 227, 226, 227, 228, 228, 226, 227,
    229, 228, 225, 228, 228, 229, 227, 225, 228, 228, 228, 225, 226, 227,
    225, 225, 226, 228, 225, 227, 227, 227, 225, 228 ]
RHandPositionsX: [ 141, 148, 152, 152, 155, 157, 154, 147, 144, 141, 137,
    136, 145, 151, 161, 163, 160, 160, 158, 156, 150, 142, 145, 143, 143,
    149, 158, 159, 161, 157, 155, 157, 149, 143, 142, 145, 146, 154, 155,
    156, 162, 163, 160, 155, 151, 145, 142, 143, 142, 149, 161, 165, 165,
    173, 168, 165, 156, 153, 149, 149, 146, 147, 152, 165, 164, 167, 170,
    169, 177, 175, 178, 180, 184, 186, 190, 192, 192, 195, 192, 194, 194,
    193, 196, 192, 192, 192, 192, 195, 193, 192, 195 ]
RHandPositionsY: [ 96, 101, 100, 99, 101, 97, 93, 91, 89, 89, 87, 87, 86,
    102, 111, 109, 114, 115, 106, 101, 99, 97, 96, 92, 92, 101, 112, 109,
    113, 113, 108, 102, 97, 97, 96, 90, 90, 98, 100, 106, 107, 113, 110,
    103, 99, 97, 99, 93, 95, 108, 120, 122, 119, 121, 119, 107, 100, 100,
    100, 101, 96, 96, 104, 111, 116, 116, 118, 120, 133, 140, 152, 152,
    152, 158, 164, 174, 179, 187, 198, 201, 212, 208, 214, 214, 218, 219,
    220, 222, 226, 224, 227 ]
