%YAML:1.0
---
videoName: "RHShake19.mp4"
gestureLabel: 2
fps: 29
pixelSizeInCmTemp: 3.2808219178082193e-01
faceCenterPointX: 283
faceCenterPointY: 48
LHandPositionsX: [ 390, 388, 390, 392, 389, 389, 388, 391, 390, 389, 389,
    392, 388, 392, 392, 388, 390, 390, 388, 391, 390, 388, 388, 390, 389,
    388, 389, 388, 392, 392, 390, 390, 390, 390, 391, 390, 392, 388, 389,
    392, 391, 389, 392, 392, 389, 388, 388, 388, 390, 388, 389, 391, 388,
    390, 391, 388, 389, 389, 388, 392, 388, 391, 390, 392, 391, 390, 390,
    392, 392, 390, 391, 392, 389, 389, 388, 392, 391, 388, 389, 392, 392,
    388, 389, 389, 389, 388, 391, 389 ]
LHandPositionsY: [ 244, 240, 243, 243, 240, 243, 241, 240, 242, 241, 240,
    244, 242, 240, 244, 243, 240, 243, 244, 241, 244, 241, 240, 240, 241,
    243, 244, 240, 243, 244, 240, 240, 241, 244, 243, 241, 243, 241, 242,
    241, 244, 244, 243, 240, 241, 244, 242, 243, 241, 244, 243, 240, 244,
    244, 241, 242, 243, 241, 240, 241, 244, 242, 243, 240, 244, 243, 242,
    244, 240, 242, 243, 244, 243, 241, 241, 241, 244, 241, 242, 242, 244,
    244, 242, 244, 240, 241, 244, 242 ]
RHandPositionsX: [ 159, 171, 182, 180, 188, 184, 178, 172, 167, 164, 160,
    162, 166, 177, 184, 184, 186, 176, 177, 170, 166, 161, 160, 163, 170,
    173, 174, 174, 171, 164, 162, 158, 161, 162, 167, 180, 177, 178, 180,
    174, 167, 164, 162, 160, 161, 167, 178, 177, 181, 186, 176, 177, 169,
    169, 165, 171, 171, 177, 180, 181, 179, 181, 172, 171, 167, 169, 171,
    175, 180, 182, 187, 190, 189, 187, 186, 184, 185, 184, 180, 178, 180,
    181, 179, 180, 180, 182, 179, 182 ]
RHandPositionsY: [ 90, 94, 95, 97, 93, 92, 83, 80, 79, 78, 75, 73, 76,
    83, 90, 91, 91, 82, 79, 78, 76, 78, 77, 75, 83, 91, 90, 88, 89, 85,
    82, 81, 81, 85, 88, 88, 94, 95, 96, 91, 89, 88, 84, 85, 84, 86, 90,
    96, 102, 102, 102, 93, 97, 96, 93, 96, 99, 102, 109, 109, 104, 99,
    99, 101, 100, 97, 110, 126, 138, 152, 165, 177, 187, 193, 200, 210,
    217, 225, 230, 235, 235, 239, 237, 239, 241, 239, 240, 241 ]
