%YAML:1.0
---
videoName: "RHShake11.mp4"
gestureLabel: 2
fps: 29
pixelSizeInCmTemp: 3.3263888888888887e-01
faceCenterPointX: 274
faceCenterPointY: 53
LHandPositionsX: [ 311, 307, 311, 309, 309, 307, 309, 308, 310, 309, 307,
    307, 310, 307, 311, 309, 307, 310, 308, 307, 307, 309, 311, 311, 307,
    310, 307, 309, 308, 308, 311, 308, 309, 310, 309, 308, 311, 307, 307,
    307, 307, 311, 310, 309, 311, 309, 308, 311, 307, 307, 311, 311, 310,
    307, 310, 308, 309, 308, 311, 307, 309, 311, 308, 308, 310, 310, 310,
    311, 311, 308, 308, 307, 310, 311, 310, 309, 306, 308, 306, 305, 304,
    303, 305, 305, 307, 305, 306, 307 ]
LHandPositionsY: [ 246, 247, 246, 249, 248, 246, 246, 245, 246, 245, 249,
    248, 249, 248, 246, 248, 248, 248, 246, 246, 249, 248, 246, 247, 249,
    247, 248, 249, 245, 247, 249, 248, 246, 245, 249, 247, 249, 245, 248,
    248, 245, 246, 245, 248, 245, 248, 247, 245, 247, 248, 245, 246, 245,
    245, 245, 246, 246, 245, 245, 247, 249, 246, 245, 246, 245, 249, 249,
    247, 244, 247, 247, 245, 247, 246, 244, 243, 247, 244, 245, 244, 243,
    247, 247, 244, 245, 247, 243, 246 ]
RHandPositionsX: [ 249, 249, 248, 244, 237, 226, 212, 194, 173, 157, 146,
    138, 144, 146, 151, 160, 163, 164, 170, 175, 168, 163, 157, 155, 153,
    152, 162, 164, 166, 168, 168, 168, 163, 161, 156, 159, 156, 151, 160,
    165, 169, 168, 173, 168, 164, 159, 156, 156, 159, 157, 165, 172, 176,
    177, 177, 177, 174, 169, 167, 165, 160, 155, 163, 164, 173, 183, 193,
    206, 220, 230, 240, 250, 253, 257, 263, 258, 261, 259, 262, 261, 260,
    261, 262, 261, 261, 261, 262, 259 ]
RHandPositionsY: [ 249, 248, 246, 241, 229, 218, 205, 190, 177, 160, 143,
    128, 126, 111, 105, 103, 105, 107, 104, 102, 102, 99, 99, 97, 95, 94,
    95, 101, 101, 102, 100, 98, 100, 96, 96, 96, 93, 94, 100, 104, 105,
    105, 105, 105, 104, 102, 99, 99, 96, 97, 103, 104, 107, 107, 108,
    107, 104, 101, 99, 100, 101, 100, 104, 108, 120, 130, 142, 156, 172,
    187, 200, 210, 222, 229, 234, 235, 237, 237, 242, 239, 240, 241, 238,
    238, 242, 239, 239, 240 ]
