%YAML:1.0
---
videoName: "RHShake19.mp4"
gestureLabel: 2
fps: 29
pixelSizeInCmTemp: 3.2808219178082193e-01
faceCenterPointX: 283
faceCenterPointY: 48
LHandPositionsX: [ 392, 388, 391, 391, 391, 392, 390, 388, 392, 391, 391,
    388, 388, 389, 388, 392, 390, 390, 389, 388, 391, 391, 388, 390, 388,
    389, 391, 389, 391, 390, 390, 391, 389, 389, 391, 391, 389, 390, 391,
    392, 389, 392, 392, 392, 389, 392, 389, 392, 392, 391, 391, 391, 389,
    388, 390, 392, 392, 391, 390, 390, 391, 391, 392, 389, 391, 392, 390,
    389, 390, 391, 390, 389, 389, 389, 389, 392, 388, 390, 389, 390, 392,
    390, 388, 392, 390, 389, 389, 388 ]
LHandPositionsY: [ 244, 244, 241, 244, 244, 243, 243, 241, 241, 244, 240,
    241, 243, 243, 244, 241, 240, 243, 243, 242, 242, 244, 240, 244, 241,
    243, 240, 242, 241, 242, 240, 240, 241, 243, 244, 240, 244, 241, 243,
    242, 242, 243, 242, 243, 244, 244, 241, 241, 241, 242, 241, 244, 244,
    242, 240, 242, 240, 240, 241, 240, 243, 242, 242, 240, 242, 244, 240,
    243, 244, 243, 241, 242, 242, 242, 242, 240, 241, 241, 243, 243, 242,
    244, 241, 240, 242, 242, 244, 240 ]
RHandPositionsX: [ 159, 172, 183, 183, 186, 185, 174, 170, 164, 160, 163,
    162, 166, 176, 183, 182, 186, 177, 177, 171, 165, 159, 161, 165, 171,
    177, 176, 175, 171, 163, 162, 161, 158, 162, 169, 176, 178, 178, 180,
    175, 170, 164, 165, 158, 162, 166, 174, 180, 177, 185, 178, 176, 170,
    168, 166, 171, 168, 180, 181, 182, 183, 180, 173, 171, 169, 165, 170,
    173, 178, 181, 189, 189, 192, 186, 185, 187, 183, 182, 182, 181, 178,
    180, 180, 180, 181, 182, 179, 182 ]
RHandPositionsY: [ 89, 90, 95, 94, 93, 89, 85, 82, 79, 79, 77, 71, 77,
    83, 89, 89, 90, 84, 79, 75, 77, 78, 76, 75, 85, 91, 90, 89, 86, 87,
    83, 85, 82, 84, 87, 89, 96, 96, 93, 93, 87, 87, 84, 86, 82, 84, 90,
    97, 101, 101, 100, 94, 98, 96, 97, 94, 101, 102, 107, 108, 104, 103,
    101, 100, 100, 101, 112, 127, 140, 150, 163, 175, 187, 194, 199, 211,
    217, 224, 233, 236, 235, 236, 240, 242, 242, 241, 239, 243 ]
