%YAML:1.0
---
videoName: "RHShake14.mp4"
gestureLabel: 2
fps: 30
pixelSizeInCmTemp: 3.2808219178082193e-01
faceCenterPointX: 277
faceCenterPointY: 42
LHandPositionsX: [ 378, 375, 375, 378, 378, 376, 377, 379, 375, 375, 375,
    374, 376, 377, 373, 377, 373, 373, 376, 374, 372, 374, 374, 374, 374,
    374, 376, 372, 374, 373, 376, 375, 376, 372, 376, 375, 372, 376, 376,
    372, 373, 374, 375, 376, 373, 373, 373, 372, 376, 374, 374, 372, 375,
    373, 372, 376, 372, 376, 372, 372, 372, 376, 374, 372, 376, 373, 372,
    376, 376, 373, 376, 372, 373, 375, 376, 372, 372, 375, 376, 372, 373,
    375, 372, 373, 372, 376, 373, 375, 372, 376, 376 ]
LHandPositionsY: [ 233, 230, 229, 232, 230, 233, 229, 229, 229, 229, 230,
    233, 230, 231, 231, 231, 232, 233, 230, 232, 232, 233, 233, 229, 231,
    233, 230, 229, 229, 231, 232, 231, 230, 232, 231, 233, 230, 232, 229,
    233, 232, 230, 231, 232, 230, 232, 231, 233, 231, 229, 233, 230, 229,
    233, 233, 230, 233, 230, 233, 231, 231, 231, 233, 230, 231, 233, 231,
    232, 229, 232, 232, 232, 230, 231, 233, 233, 229, 233, 229, 231, 232,
    229, 230, 232, 229, 230, 229, 232, 233, 230, 233 ]
RHandPositionsX: [ 170, 171, 171, 172, 172, 172, 172, 172, 172, 174, 172,
    174, 171, 173, 174, 171, 173, 172, 173, 172, 174, 170, 174, 173, 172,
    174, 170, 169, 157, 151, 138, 126, 121, 115, 118, 122, 126, 132, 137,
    137, 141, 147, 145, 145, 145, 147, 151, 151, 157, 161, 158, 159, 155,
    149, 155, 159, 163, 169, 167, 162, 156, 154, 159, 159, 155, 166, 162,
    172, 174, 177, 177, 179, 178, 179, 174, 170, 176, 181, 177, 172, 174,
    170, 174, 171, 171, 171, 171, 170, 174, 170, 173 ]
RHandPositionsY: [ 243, 242, 243, 243, 240, 242, 242, 241, 242, 240, 241,
    243, 242, 242, 239, 240, 243, 243, 241, 240, 240, 242, 242, 239, 239,
    246, 247, 233, 213, 194, 171, 155, 134, 117, 115, 107, 102, 110, 114,
    117, 119, 103, 96, 93, 90, 87, 84, 83, 85, 83, 82, 78, 79, 78, 77,
    78, 81, 80, 81, 78, 77, 77, 77, 78, 77, 80, 84, 108, 120, 132, 146,
    157, 168, 180, 194, 196, 199, 205, 211, 218, 217, 223, 224, 228, 233,
    233, 235, 236, 234, 234, 234 ]
