%YAML:1.0
---
videoName: "RHShake09.mp4"
gestureLabel: 2
fps: 29
pixelSizeInCmTemp: 3.1103896103896100e-01
faceCenterPointX: 296
faceCenterPointY: 48
LHandPositionsX: [ 325, 324, 326, 322, 323, 326, 325, 323, 318, 319, 316,
    314, 312, 313, 314, 311, 312, 312, 311, 308, 310, 308, 307, 307, 308,
    307, 307, 306, 306, 308, 308, 308, 307, 311, 311, 307, 309, 308, 308,
    307, 310, 308, 310, 309, 313, 309, 313, 312, 310, 311, 312, 312, 312,
    312, 314, 312, 312, 314, 316, 314, 315, 317, 316, 316, 315, 316, 318,
    316, 316, 317, 317, 316, 315, 314, 316, 316, 316, 314, 315, 315, 314,
    317, 318, 316, 313, 314, 316, 318 ]
LHandPositionsY: [ 265, 268, 271, 271, 270, 267, 270, 269, 270, 271, 271,
    275, 271, 276, 275, 273, 273, 275, 272, 276, 275, 273, 275, 276, 274,
    275, 274, 275, 273, 275, 277, 273, 277, 277, 274, 277, 274, 274, 277,
    274, 274, 274, 276, 275, 276, 274, 273, 276, 276, 274, 273, 275, 273,
    274, 276, 275, 274, 275, 275, 275, 273, 276, 272, 275, 275, 275, 275,
    275, 275, 274, 276, 274, 275, 273, 272, 274, 273, 273, 273, 273, 272,
    274, 273, 273, 274, 275, 271, 274 ]
RHandPositionsX: [ 263, 264, 266, 263, 264, 264, 264, 265, 263, 262, 261,
    261, 258, 257, 257, 260, 260, 257, 256, 258, 256, 255, 257, 254, 256,
    255, 257, 257, 253, 255, 263, 260, 255, 241, 223, 205, 191, 177, 167,
    170, 173, 175, 181, 184, 188, 184, 184, 182, 181, 175, 185, 190, 189,
    200, 194, 184, 179, 176, 177, 187, 184, 185, 193, 188, 189, 181, 174,
    174, 171, 182, 181, 189, 188, 182, 177, 180, 179, 178, 185, 189, 192,
    193, 198, 201, 208, 216, 228, 239 ]
RHandPositionsY: [ 262, 266, 264, 264, 263, 264, 266, 268, 266, 265, 269,
    265, 268, 265, 269, 267, 265, 268, 267, 269, 268, 269, 265, 267, 267,
    267, 266, 265, 266, 269, 267, 260, 247, 229, 214, 196, 178, 155, 137,
    133, 115, 107, 106, 109, 109, 103, 100, 88, 86, 86, 88, 98, 95, 99,
    92, 92, 89, 88, 87, 91, 93, 94, 98, 94, 90, 87, 88, 89, 88, 97, 97,
    99, 97, 94, 92, 93, 91, 94, 97, 103, 104, 110, 120, 134, 141, 153,
    170, 185 ]
