%YAML:1.0
---
videoName: "RHShake00.mp4"
gestureLabel: 2
fps: 29
pixelSizeInCmTemp: 3.4710144927536229e-01
faceCenterPointX: 283
faceCenterPointY: 97
LHandPositionsX: [ 343, 344, 345, 343, 346, 346, 342, 343, 343, 344, 344,
    344, 344, 345, 343, 345, 345, 346, 345, 344, 345, 342, 344, 346, 346,
    343, 344, 346, 345, 344, 343, 346, 345, 342, 343, 345, 343, 344, 342,
    343, 343, 345, 346, 345, 345, 346, 343, 344, 344, 343, 342, 343, 342,
    342, 343, 343, 343, 346, 344, 343, 344, 343, 345, 342, 344, 342, 346,
    342, 342, 344, 345, 342, 346, 345, 345, 346, 346, 342, 343, 342, 342,
    343, 344, 343, 342, 344, 342, 344 ]
LHandPositionsY: [ 276, 273, 272, 276, 276, 275, 276, 272, 276, 273, 272,
    275, 276, 275, 275, 274, 272, 275, 275, 272, 274, 275, 272, 275, 273,
    275, 273, 274, 273, 274, 272, 274, 272, 273, 276, 273, 274, 275, 273,
    274, 273, 275, 276, 272, 274, 276, 275, 274, 276, 274, 273, 273, 275,
    274, 274, 275, 272, 272, 275, 273, 276, 273, 275, 272, 273, 275, 275,
    275, 276, 276, 272, 274, 273, 276, 274, 274, 276, 275, 274, 272, 275,
    272, 274, 275, 273, 276, 272, 276 ]
RHandPositionsX: [ 177, 171, 168, 156, 150, 144, 148, 145, 142, 143, 144,
    149, 152, 167, 166, 165, 167, 167, 164, 157, 153, 154, 146, 147, 151,
    163, 166, 164, 166, 165, 156, 151, 149, 149, 152, 156, 161, 162, 163,
    165, 163, 155, 149, 142, 137, 144, 147, 154, 156, 154, 157, 163, 155,
    151, 147, 146, 143, 147, 153, 161, 160, 162, 166, 161, 156, 150, 148,
    143, 143, 145, 152, 151, 155, 158, 162, 167, 169, 176, 177, 181, 183,
    188, 188, 193, 194, 194, 198, 195 ]
RHandPositionsY: [ 257, 252, 240, 221, 202, 187, 175, 170, 158, 152, 143,
    135, 130, 134, 137, 139, 134, 131, 126, 125, 122, 123, 122, 121, 126,
    132, 132, 133, 136, 132, 129, 125, 128, 125, 133, 133, 140, 141, 141,
    136, 138, 133, 130, 133, 129, 136, 133, 138, 137, 140, 138, 142, 134,
    130, 128, 132, 133, 133, 141, 147, 144, 147, 149, 148, 143, 137, 140,
    136, 139, 151, 155, 163, 166, 174, 184, 190, 200, 205, 215, 220, 230,
    236, 243, 250, 251, 259, 263, 263 ]
