%YAML:1.0
---
videoName: "RHShake19.mp4"
gestureLabel: 2
fps: 29
pixelSizeInCmTemp: 3.2808219178082193e-01
faceCenterPointX: 283
faceCenterPointY: 48
LHandPositionsX: [ 389, 389, 388, 388, 389, 392, 389, 391, 392, 391, 388,
    389, 389, 391, 391, 392, 392, 391, 388, 392, 388, 388, 390, 388, 391,
    389, 392, 388, 388, 391, 388, 389, 389, 389, 392, 392, 390, 389, 392,
    392, 391, 392, 391, 389, 391, 388, 390, 388, 390, 388, 391, 391, 392,
    388, 390, 389, 388, 391, 391, 388, 389, 391, 389, 388, 388, 391, 392,
    389, 391, 392, 392, 389, 389, 391, 388, 389, 389, 390, 389, 392, 392,
    388, 390, 392, 389, 389, 392, 391 ]
LHandPositionsY: [ 243, 244, 240, 243, 244, 244, 243, 240, 244, 240, 243,
    244, 241, 242, 243, 241, 242, 240, 244, 243, 244, 242, 242, 242, 241,
    240, 240, 240, 241, 242, 240, 242, 242, 243, 242, 241, 240, 244, 243,
    240, 241, 241, 243, 244, 242, 242, 240, 242, 243, 243, 242, 241, 240,
    242, 240, 243, 241, 242, 244, 243, 243, 243, 241, 241, 244, 241, 240,
    242, 240, 240, 242, 241, 244, 242, 241, 241, 242, 240, 243, 242, 242,
    244, 243, 242, 244, 242, 241, 243 ]
RHandPositionsX: [ 158, 175, 180, 182, 185, 186, 178, 170, 168, 164, 161,
    160, 168, 178, 186, 185, 184, 178, 175, 169, 166, 162, 162, 165, 167,
    173, 175, 171, 169, 166, 160, 161, 160, 162, 171, 179, 178, 178, 178,
    175, 170, 165, 162, 161, 163, 166, 174, 180, 181, 183, 178, 173, 168,
    169, 167, 169, 172, 177, 178, 180, 180, 181, 173, 170, 168, 169, 172,
    176, 179, 183, 185, 189, 191, 189, 183, 186, 184, 184, 182, 178, 181,
    182, 178, 180, 178, 181, 181, 182 ]
RHandPositionsY: [ 88, 94, 97, 97, 95, 88, 86, 83, 79, 77, 75, 72, 76,
    85, 92, 90, 90, 82, 82, 77, 77, 78, 75, 76, 81, 91, 91, 90, 87, 85,
    85, 85, 78, 82, 87, 91, 93, 98, 94, 93, 88, 86, 87, 82, 83, 83, 91,
    98, 103, 102, 102, 96, 97, 98, 96, 93, 98, 103, 105, 108, 103, 99,
    100, 101, 99, 97, 113, 127, 139, 148, 163, 177, 189, 191, 200, 210,
    219, 222, 230, 235, 235, 236, 240, 239, 240, 240, 241, 239 ]
