%YAML:1.0
---
videoName: "RHShake18.mp4"
gestureLabel: 2
fps: 30
pixelSizeInCmTemp: 3.3732394366197183e-01
faceCenterPointX: 275
faceCenterPointY: 40
LHandPositionsX: [ 375, 375, 379, 375, 379, 379, 377, 375, 378, 377, 376,
    376, 376, 377, 378, 375, 376, 377, 376, 379, 378, 375, 377, 375, 375,
    375, 377, 377, 376, 379, 379, 379, 378, 375, 377, 375, 375, 378, 376,
    379, 376, 379, 378, 375, 375, 379, 378, 376, 375, 373, 372, 368, 367,
    358, 354, 346, 339, 335, 325, 316, 301, 302, 298, 301, 296, 287, 291,
    288, 295, 298, 292, 289, 289, 291, 289, 290, 288, 289, 288, 289, 287,
    290, 286, 287, 287, 286, 289, 289, 288, 289, 289 ]
LHandPositionsY: [ 232, 230, 231, 230, 233, 231, 230, 232, 232, 233, 231,
    230, 232, 231, 229, 232, 231, 232, 233, 231, 232, 231, 233, 230, 233,
    233, 229, 230, 232, 232, 231, 232, 232, 233, 229, 232, 231, 231, 233,
    232, 230, 231, 231, 233, 229, 231, 230, 231, 229, 229, 236, 238, 238,
    235, 238, 237, 231, 231, 229, 229, 231, 234, 233, 234, 233, 235, 233,
    238, 240, 242, 243, 242, 241, 243, 239, 240, 240, 243, 243, 240, 242,
    242, 242, 242, 240, 240, 241, 242, 239, 241, 239 ]
RHandPositionsX: [ 159, 153, 152, 148, 146, 147, 150, 160, 162, 164, 164,
    165, 154, 155, 152, 147, 155, 164, 166, 168, 167, 165, 158, 157, 159,
    154, 159, 165, 165, 168, 163, 160, 156, 154, 158, 160, 173, 173, 175,
    171, 165, 159, 156, 157, 158, 167, 171, 180, 189, 199, 206, 221, 234,
    245, 255, 260, 270, 259, 249, 249, 247, 240, 239, 238, 237, 237, 236,
    234, 235, 237, 241, 240, 238, 239, 237, 238, 238, 237, 240, 236, 236,
    239, 238, 237, 236, 236, 238, 237, 238, 237, 237 ]
RHandPositionsY: [ 73, 69, 67, 68, 69, 67, 67, 71, 71, 74, 73, 67, 68,
    67, 67, 68, 71, 72, 73, 71, 73, 73, 66, 69, 66, 67, 70, 76, 77, 75,
    77, 75, 72, 72, 74, 77, 90, 90, 93, 91, 86, 89, 85, 86, 85, 89, 99,
    104, 111, 122, 132, 142, 154, 162, 171, 180, 190, 192, 194, 200, 204,
    204, 210, 210, 213, 215, 216, 219, 223, 224, 230, 227, 225, 224, 225,
    224, 224, 228, 225, 224, 224, 227, 224, 224, 226, 224, 225, 227, 228,
    228, 227 ]
