%YAML:1.0
---
videoName: "RHShake13.mp4"
gestureLabel: 2
fps: 30
pixelSizeInCmTemp: 3.2808219178082193e-01
faceCenterPointX: 278
faceCenterPointY: 45
LHandPositionsX: [ 308, 305, 306, 305, 306, 307, 306, 306, 307, 305, 308,
    309, 307, 308, 307, 307, 308, 305, 307, 308, 306, 309, 305, 309, 309,
    305, 308, 309, 305, 306, 307, 307, 309, 307, 306, 306, 307, 306, 309,
    306, 306, 306, 308, 309, 309, 309, 307, 308, 306, 307, 308, 306, 309,
    309, 308, 305, 308, 307, 305, 309, 305, 308, 307, 306, 309, 308, 306,
    307, 309, 308, 305, 307, 310, 310, 309, 306, 307, 309, 307, 304, 302,
    301, 303, 307, 306, 304, 305, 307, 303, 305, 307 ]
LHandPositionsY: [ 246, 242, 246, 243, 244, 242, 241, 244, 243, 245, 245,
    243, 242, 241, 242, 244, 241, 242, 243, 241, 241, 239, 241, 241, 242,
    239, 242, 240, 241, 240, 241, 239, 242, 243, 239, 243, 242, 238, 238,
    241, 241, 239, 240, 238, 241, 239, 242, 240, 242, 238, 240, 238, 242,
    240, 240, 241, 242, 238, 241, 238, 241, 242, 240, 242, 241, 239, 242,
    238, 240, 238, 240, 241, 239, 238, 237, 235, 236, 236, 235, 231, 234,
    234, 235, 238, 238, 239, 244, 246, 246, 246, 245 ]
RHandPositionsX: [ 167, 149, 140, 140, 144, 139, 142, 140, 146, 146, 145,
    144, 143, 137, 137, 137, 141, 143, 145, 145, 138, 130, 129, 130, 132,
    132, 133, 139, 141, 138, 138, 133, 129, 131, 131, 135, 137, 136, 137,
    135, 135, 136, 133, 133, 137, 147, 151, 149, 146, 146, 142, 136, 137,
    138, 141, 140, 143, 141, 143, 139, 134, 134, 132, 134, 137, 143, 141,
    147, 153, 162, 167, 176, 188, 201, 214, 225, 239, 245, 251, 251, 251,
    255, 255, 258, 258, 260, 257, 261, 257, 258, 258 ]
RHandPositionsY: [ 157, 139, 118, 119, 116, 111, 106, 101, 98, 96, 94,
    90, 90, 89, 85, 86, 88, 88, 87, 85, 85, 86, 85, 87, 87, 86, 89, 92,
    92, 89, 91, 87, 88, 87, 92, 90, 93, 92, 92, 92, 89, 92, 89, 91, 89,
    96, 97, 93, 96, 95, 94, 92, 95, 94, 97, 101, 100, 102, 101, 97, 95,
    97, 94, 98, 98, 105, 107, 109, 117, 129, 138, 143, 155, 164, 175,
    187, 199, 207, 213, 214, 219, 220, 227, 233, 236, 236, 241, 237, 240,
    239, 242 ]
