%YAML:1.0
---
videoName: "RHShake17.mp4"
gestureLabel: 2
fps: 29
pixelSizeInCmTemp: 3.3732394366197183e-01
faceCenterPointX: 282
faceCenterPointY: 40
LHandPositionsX: [ 308, 309, 305, 309, 308, 306, 306, 305, 305, 308, 305,
    309, 309, 306, 306, 309, 307, 309, 308, 305, 308, 307, 306, 305, 305,
    306, 308, 307, 309, 306, 308, 306, 308, 305, 305, 305, 305, 308, 306,
    308, 308, 306, 307, 308, 307, 306, 310, 309, 310, 306, 308, 311, 309,
    307, 311, 307, 308, 311, 308, 311, 308, 308, 309, 311, 307, 307, 311,
    308, 310, 308, 308, 307, 308, 306, 307, 309, 306, 308, 309, 305, 305,
    309, 305, 306, 308, 308, 307, 307 ]
LHandPositionsY: [ 232, 233, 232, 235, 234, 233, 235, 235, 234, 231, 235,
    234, 231, 233, 232, 233, 232, 235, 234, 231, 232, 231, 234, 233, 234,
    234, 235, 232, 234, 234, 231, 234, 235, 232, 234, 235, 233, 233, 233,
    232, 231, 232, 232, 232, 235, 232, 233, 234, 233, 231, 231, 232, 234,
    232, 235, 234, 232, 232, 232, 234, 235, 235, 233, 231, 231, 235, 232,
    234, 232, 232, 232, 235, 233, 234, 231, 232, 234, 233, 232, 233, 233,
    231, 234, 232, 233, 233, 235, 233 ]
RHandPositionsX: [ 214, 197, 175, 158, 139, 143, 143, 146, 145, 143, 145,
    151, 158, 151, 148, 144, 144, 142, 143, 145, 164, 160, 156, 150, 151,
    147, 147, 144, 145, 151, 154, 157, 158, 157, 147, 146, 140, 140, 136,
    155, 155, 156, 153, 160, 156, 153, 148, 153, 156, 155, 169, 168, 164,
    165, 157, 157, 149, 153, 147, 150, 154, 165, 172, 174, 175, 179, 177,
    178, 170, 170, 174, 173, 167, 169, 167, 169, 171, 170, 172, 169, 170,
    171, 170, 170, 169, 169, 168, 169 ]
RHandPositionsY: [ 201, 187, 167, 150, 129, 111, 108, 105, 94, 89, 97,
    89, 80, 81, 76, 73, 70, 66, 71, 73, 79, 78, 72, 70, 69, 66, 69, 69,
    64, 66, 69, 67, 65, 66, 67, 63, 65, 64, 65, 82, 80, 79, 81, 77, 77,
    74, 73, 74, 73, 76, 91, 89, 84, 83, 81, 80, 77, 77, 78, 83, 91, 106,
    118, 135, 146, 158, 168, 183, 190, 196, 210, 217, 222, 230, 233, 234,
    238, 237, 240, 242, 240, 240, 242, 241, 240, 242, 244, 246 ]
