%YAML:1.0
---
videoName: "RHShake03.mp4"
gestureLabel: 2
fps: 29
pixelSizeInCmTemp: 3.1103896103896100e-01
faceCenterPointX: 294
faceCenterPointY: 48
LHandPositionsX: [ 411, 410, 411, 410, 410, 412, 412, 412, 409, 411, 411,
    410, 408, 412, 411, 412, 411, 408, 412, 408, 408, 408, 410, 409, 410,
    410, 410, 408, 410, 411, 409, 408, 409, 411, 411, 409, 409, 412, 408,
    412, 410, 412, 411, 412, 411, 409, 412, 410, 409, 409, 409, 412, 411,
    412, 412, 412, 411, 408, 409, 408, 408, 411, 408, 408, 409, 409, 409,
    408, 408, 411, 407, 409, 408, 408, 411, 408, 411, 409, 407, 411, 408,
    411, 408, 409, 410, 410, 407, 408 ]
LHandPositionsY: [ 260, 263, 263, 260, 260, 261, 261, 262, 263, 264, 262,
    264, 260, 263, 264, 263, 264, 262, 261, 262, 262, 263, 261, 261, 261,
    261, 264, 261, 262, 264, 263, 260, 264, 260, 260, 263, 263, 262, 263,
    261, 263, 263, 263, 263, 261, 261, 260, 264, 260, 264, 261, 260, 260,
    260, 261, 262, 264, 264, 260, 260, 261, 260, 263, 263, 260, 261, 264,
    263, 260, 261, 261, 264, 262, 262, 260, 262, 264, 262, 260, 264, 263,
    262, 263, 264, 264, 262, 262, 261 ]
RHandPositionsX: [ 180, 180, 178, 177, 178, 178, 178, 175, 177, 174, 174,
    175, 175, 175, 176, 175, 175, 173, 173, 172, 171, 173, 173, 173, 171,
    172, 174, 173, 172, 171, 172, 169, 172, 172, 165, 159, 151, 147, 153,
    150, 156, 165, 178, 184, 191, 191, 181, 178, 172, 170, 173, 181, 181,
    185, 181, 175, 171, 170, 170, 175, 179, 186, 202, 205, 198, 192, 189,
    189, 186, 183, 187, 193, 202, 208, 209, 209, 198, 194, 191, 185, 184,
    184, 183, 182, 179, 183, 182, 181 ]
RHandPositionsY: [ 258, 260, 260, 259, 262, 263, 262, 262, 259, 259, 259,
    259, 262, 261, 261, 261, 258, 262, 262, 262, 259, 261, 260, 259, 262,
    258, 260, 259, 259, 259, 267, 263, 255, 242, 220, 198, 175, 157, 147,
    130, 120, 117, 116, 118, 111, 104, 102, 101, 98, 102, 103, 107, 108,
    104, 102, 100, 99, 99, 98, 94, 104, 106, 110, 110, 110, 105, 106,
    102, 99, 98, 102, 117, 128, 140, 158, 180, 203, 211, 215, 242, 240,
    242, 242, 251, 250, 253, 254, 253 ]
