%YAML:1.0
---
videoName: "RHShake18.mp4"
gestureLabel: 2
fps: 30
pixelSizeInCmTemp: 3.3732394366197183e-01
faceCenterPointX: 275
faceCenterPointY: 40
LHandPositionsX: [ 375, 378, 379, 377, 375, 376, 378, 378, 379, 376, 378,
    378, 378, 376, 379, 379, 376, 379, 376, 376, 379, 379, 378, 379, 376,
    375, 377, 376, 379, 376, 379, 379, 379, 378, 376, 376, 375, 376, 376,
    376, 376, 377, 377, 379, 377, 376, 377, 378, 372, 371, 375, 369, 367,
    360, 354, 348, 336, 331, 323, 317, 301, 300, 298, 301, 295, 287, 291,
    289, 293, 298, 290, 290, 293, 290, 289, 289, 290, 290, 288, 291, 291,
    288, 287, 289, 289, 287, 289, 286, 285, 286, 286 ]
LHandPositionsY: [ 229, 233, 229, 232, 233, 233, 233, 231, 232, 233, 230,
    230, 230, 233, 232, 233, 230, 233, 233, 232, 232, 232, 229, 233, 231,
    231, 233, 229, 229, 230, 231, 233, 230, 231, 231, 230, 232, 229, 229,
    231, 231, 229, 233, 230, 230, 232, 231, 233, 230, 228, 233, 239, 236,
    239, 234, 237, 233, 231, 230, 227, 231, 231, 231, 234, 231, 234, 237,
    237, 239, 242, 244, 241, 242, 242, 240, 243, 239, 242, 243, 239, 243,
    241, 239, 242, 240, 242, 240, 242, 243, 239, 241 ]
RHandPositionsX: [ 159, 155, 154, 145, 148, 147, 154, 158, 161, 166, 163,
    164, 158, 153, 149, 148, 156, 161, 168, 168, 167, 165, 159, 156, 158,
    158, 155, 165, 164, 169, 164, 158, 157, 156, 156, 164, 172, 175, 171,
    170, 162, 161, 159, 154, 159, 169, 172, 182, 191, 198, 208, 220, 230,
    245, 255, 260, 268, 259, 250, 247, 246, 241, 240, 239, 237, 237, 235,
    237, 234, 237, 240, 239, 239, 237, 237, 239, 240, 238, 238, 240, 240,
    236, 239, 237, 240, 238, 236, 237, 239, 238, 239 ]
RHandPositionsY: [ 74, 70, 70, 68, 70, 65, 67, 67, 71, 73, 72, 68, 67,
    67, 69, 68, 70, 70, 69, 71, 73, 69, 67, 66, 69, 68, 70, 73, 78, 74,
    75, 73, 74, 75, 74, 77, 93, 92, 95, 89, 90, 85, 84, 85, 84, 87, 97,
    104, 113, 124, 131, 145, 152, 161, 172, 184, 192, 192, 197, 201, 203,
    204, 206, 211, 215, 214, 219, 222, 224, 226, 227, 225, 226, 225, 225,
    226, 224, 228, 225, 227, 224, 227, 226, 227, 228, 226, 225, 225, 224,
    227, 224 ]
