%YAML:1.0
---
videoName: "RHShake13.mp4"
gestureLabel: 2
fps: 30
pixelSizeInCmTemp: 3.2808219178082193e-01
faceCenterPointX: 278
faceCenterPointY: 45
LHandPositionsX: [ 305, 307, 306, 305, 306, 306, 308, 309, 305, 305, 309,
    307, 307, 309, 309, 309, 309, 308, 307, 306, 309, 306, 306, 308, 309,
    305, 308, 305, 308, 308, 309, 308, 305, 306, 306, 305, 307, 309, 309,
    305, 307, 309, 308, 308, 307, 307, 305, 307, 306, 306, 305, 306, 305,
    309, 306, 308, 307, 306, 308, 305, 308, 307, 305, 305, 307, 305, 306,
    307, 308, 305, 307, 309, 307, 307, 307, 308, 306, 310, 305, 304, 300,
    301, 302, 306, 307, 303, 304, 303, 306, 303, 307 ]
LHandPositionsY: [ 243, 243, 246, 243, 243, 245, 241, 243, 241, 242, 245,
    241, 243, 240, 244, 244, 244, 241, 239, 243, 241, 240, 239, 240, 243,
    239, 239, 242, 239, 239, 239, 243, 239, 241, 239, 240, 243, 240, 240,
    239, 241, 242, 242, 240, 239, 238, 241, 241, 239, 242, 242, 242, 241,
    238, 238, 241, 239, 241, 239, 239, 241, 238, 238, 238, 241, 241, 240,
    239, 241, 242, 237, 237, 240, 237, 239, 237, 235, 235, 235, 232, 231,
    231, 235, 237, 241, 239, 244, 245, 245, 247, 244 ]
RHandPositionsX: [ 165, 150, 138, 138, 140, 143, 142, 143, 145, 146, 146,
    144, 142, 138, 135, 139, 143, 140, 146, 145, 137, 131, 132, 128, 131,
    131, 135, 140, 141, 138, 136, 131, 131, 133, 128, 132, 137, 138, 134,
    136, 135, 135, 135, 135, 137, 149, 147, 147, 148, 144, 142, 136, 136,
    141, 138, 143, 142, 142, 143, 136, 135, 133, 132, 131, 139, 143, 143,
    147, 153, 161, 170, 177, 188, 202, 213, 223, 236, 244, 254, 252, 249,
    253, 256, 260, 258, 258, 261, 258, 259, 261, 260 ]
RHandPositionsY: [ 154, 136, 119, 117, 115, 110, 105, 100, 100, 94, 92,
    89, 86, 89, 89, 88, 87, 90, 87, 88, 86, 85, 88, 85, 85, 89, 91, 91,
    92, 91, 89, 89, 89, 90, 90, 88, 92, 91, 91, 89, 88, 90, 90, 89, 90,
    96, 93, 95, 96, 95, 94, 94, 95, 96, 94, 99, 101, 99, 101, 100, 98,
    98, 97, 95, 100, 104, 110, 112, 118, 125, 135, 145, 155, 167, 175,
    189, 198, 208, 217, 216, 219, 218, 230, 234, 234, 238, 237, 240, 237,
    238, 243 ]
