%YAML:1.0
---
videoName: "RHShake17.mp4"
gestureLabel: 2
fps: 29
pixelSizeInCmTemp: 3.3732394366197183e-01
faceCenterPointX: 282
faceCenterPointY: 40
LHandPositionsX: [ 309, 309, 309, 308, 308, 307, 307, 306, 306, 305, 309,
    308, 305, 308, 307, 305, 309, 307, 307, 305, 307, 306, 308, 308, 305,
    309, 306, 306, 308, 306, 305, 309, 308, 309, 306, 308, 306, 305, 305,
    309, 307, 310, 307, 309, 306, 306, 308, 310, 310, 309, 309, 310, 309,
    307, 307, 309, 307, 309, 308, 311, 307, 307, 307, 311, 310, 310, 309,
    310, 311, 307, 309, 309, 307, 310, 307, 309, 309, 309, 305, 305, 305,
    308, 309, 308, 305, 306, 306, 309 ]
LHandPositionsY: [ 234, 233, 233, 234, 231, 232, 233, 231, 235, 232, 234,
    234, 234, 232, 235, 233, 234, 235, 234, 234, 234, 235, 235, 234, 231,
    231, 232, 231, 233, 233, 231, 233, 232, 234, 232, 231, 232, 231, 231,
    233, 232, 233, 231, 233, 232, 234, 231, 235, 232, 231, 234, 234, 232,
    233, 233, 235, 234, 234, 233, 233, 235, 235, 232, 231, 234, 232, 234,
    235, 233, 231, 235, 234, 234, 235, 232, 232, 232, 233, 232, 233, 232,
    235, 234, 234, 232, 231, 232, 231 ]
RHandPositionsX: [ 214, 197, 175, 161, 141, 144, 142, 147, 142, 141, 145,
    150, 156, 152, 149, 147, 142, 141, 141, 145, 162, 158, 155, 152, 151,
    147, 146, 143, 147, 151, 155, 158, 160, 153, 147, 147, 141, 142, 139,
    152, 154, 153, 153, 159, 156, 150, 147, 152, 158, 156, 171, 170, 168,
    161, 159, 158, 152, 154, 149, 152, 151, 164, 171, 178, 179, 176, 175,
    174, 174, 168, 176, 171, 169, 170, 168, 169, 171, 168, 169, 168, 169,
    167, 170, 168, 169, 166, 166, 170 ]
RHandPositionsY: [ 203, 184, 167, 150, 128, 113, 106, 101, 96, 91, 96,
    92, 83, 80, 75, 72, 70, 68, 70, 72, 80, 76, 73, 72, 68, 67, 66, 67,
    67, 65, 69, 70, 67, 67, 65, 64, 67, 63, 67, 81, 81, 80, 80, 79, 75,
    74, 74, 74, 72, 75, 91, 89, 87, 80, 78, 76, 78, 81, 77, 84, 90, 107,
    119, 133, 145, 160, 169, 181, 188, 194, 210, 214, 220, 231, 233, 236,
    238, 237, 239, 240, 239, 243, 241, 243, 244, 245, 245, 243 ]
