%YAML:1.0
---
videoName: "RHShake03.mp4"
gestureLabel: 2
fps: 29
pixelSizeInCmTemp: 3.1103896103896100e-01
faceCenterPointX: 294
faceCenterPointY: 48
LHandPositionsX: [ 409, 409, 412, 410, 409, 410, 412, 410, 409, 408, 410,
    411, 411, 411, 409, 410, 412, 408, 408, 412, 408, 411, 409, 410, 410,
    408, 410, 409, 410, 410, 411, 410, 411, 409, 409, 409, 410, 409, 410,
    411, 410, 408, 409, 409, 409, 410, 409, 411, 412, 411, 408, 408, 411,
    410, 412, 410, 412, 411, 408, 410, 411, 410, 412, 409, 411, 408, 408,
    410, 408, 411, 411, 411, 411, 409, 408, 407, 409, 410, 411, 408, 407,
    411, 407, 411, 411, 407, 407, 409 ]
LHandPositionsY: [ 262, 261, 261, 261, 263, 260, 261, 264, 260, 264, 264,
    261, 262, 264, 261, 264, 262, 263, 261, 260, 261, 261, 263, 263, 261,
    261, 260, 263, 262, 261, 260, 263, 260, 264, 263, 261, 262, 262, 262,
    264, 263, 262, 263, 262, 262, 263, 262, 264, 260, 261, 264, 261, 262,
    262, 261, 262, 261, 261, 264, 264, 264, 264, 264, 264, 264, 264, 260,
    264, 261, 260, 264, 262, 260, 261, 261, 262, 261, 264, 264, 260, 262,
    262, 261, 260, 262, 261, 264, 261 ]
RHandPositionsX: [ 180, 180, 178, 179, 178, 174, 174, 178, 175, 173, 177,
    175, 175, 175, 174, 174, 174, 171, 175, 173, 174, 173, 171, 174, 172,
    175, 175, 174, 172, 174, 174, 169, 172, 172, 162, 158, 153, 149, 150,
    151, 153, 163, 180, 182, 193, 192, 181, 178, 174, 172, 173, 178, 179,
    185, 181, 174, 174, 170, 167, 172, 177, 187, 202, 209, 199, 194, 186,
    186, 186, 184, 186, 193, 199, 207, 211, 207, 198, 194, 192, 182, 185,
    182, 185, 182, 179, 179, 182, 181 ]
RHandPositionsY: [ 260, 262, 258, 261, 258, 261, 260, 262, 258, 261, 262,
    258, 259, 262, 261, 260, 258, 258, 258, 258, 259, 259, 258, 262, 262,
    262, 258, 258, 259, 263, 263, 267, 255, 239, 219, 197, 176, 157, 144,
    130, 120, 118, 116, 118, 110, 107, 104, 99, 97, 101, 100, 103, 105,
    103, 105, 104, 102, 100, 97, 97, 103, 106, 110, 114, 111, 105, 102,
    106, 97, 101, 106, 117, 130, 140, 157, 179, 201, 208, 216, 239, 240,
    245, 244, 249, 253, 251, 254, 253 ]
