%YAML:1.0
---
videoName: "RHShake19.mp4"
gestureLabel: 2
fps: 29
pixelSizeInCmTemp: 3.2808219178082193e-01
faceCenterPointX: 283
faceCenterPointY: 48
LHandPositionsX: [ 392, 388, 392, 391, 392, 390, 391, 388, 389, 391, 388,
    389, 390, 389, 389, 390, 391, 388, 392, 391, 391, 388, 391, 389, 391,
    391, 392, 392, 392, 390, 391, 389, 392, 392, 390, 392, 388, 388, 392,
    390, 389, 391, 390, 390, 391, 392, 392, 388, 389, 388, 389, 390, 391,
    391, 389, 389, 391, 391, 392, 388, 389, 390, 391, 391, 391, 388, 390,
    392, 392, 389, 392, 388, 388, 391, 392, 389, 389, 389, 392, 391, 391,
    389, 392, 392, 389, 390, 389, 388 ]
LHandPositionsY: [ 244, 240, 240, 241, 244, 240, 243, 244, 240, 244, 244,
    240, 242, 244, 242, 244, 244, 240, 243, 242, 241, 242, 243, 242, 243,
    241, 240, 242, 243, 240, 242, 243, 241, 241, 243, 243, 243, 244, 244,
    243, 240, 242, 240, 240, 240, 240, 241, 242, 242, 242, 241, 244, 242,
    240, 241, 240, 242, 243, 244, 241, 244, 242, 243, 241, 242, 243, 241,
    241, 241, 242, 243, 242, 240, 241, 242, 242, 241, 240, 242, 241, 242,
    241, 240, 241, 243, 240, 240, 241 ]
RHandPositionsX: [ 159, 171, 181, 181, 186, 186, 176, 171, 165, 160, 160,
    162, 164, 176, 185, 185, 188, 176, 175, 171, 165, 160, 160, 164, 171,
    174, 176, 174, 172, 164, 160, 157, 160, 164, 170, 177, 180, 177, 181,
    173, 169, 162, 165, 160, 161, 166, 178, 181, 178, 186, 179, 174, 169,
    170, 168, 171, 172, 178, 182, 182, 179, 177, 172, 172, 167, 169, 170,
    175, 180, 185, 188, 191, 192, 189, 184, 186, 182, 184, 179, 180, 179,
    180, 182, 179, 178, 181, 178, 181 ]
RHandPositionsY: [ 92, 93, 93, 96, 93, 90, 84, 79, 80, 79, 77, 75, 79,
    84, 88, 89, 92, 86, 82, 79, 78, 79, 76, 75, 82, 90, 90, 91, 86, 85,
    85, 85, 81, 82, 86, 91, 97, 94, 95, 94, 87, 85, 86, 84, 81, 85, 91,
    95, 100, 102, 99, 94, 97, 95, 94, 93, 101, 102, 105, 111, 106, 103,
    101, 100, 102, 101, 110, 124, 137, 150, 165, 176, 188, 194, 199, 210,
    218, 225, 232, 236, 238, 235, 239, 242, 240, 243, 241, 241 ]
