%YAML:1.0
---
videoName: "RHShake21.mp4"
gestureLabel: 2
fps: 29
pixelSizeInCmTemp: 3.3732394366197183e-01
faceCenterPointX: 293
faceCenterPointY: 47
LHandPositionsX: [ 395, 395, 397, 396, 398, 396, 395, 394, 397, 394, 394,
    395, 398, 395, 395, 398, 398, 398, 395, 397, 398, 395, 394, 398, 394,
    394, 394, 398, 395, 398, 394, 398, 397, 396, 398, 394, 394, 395, 394,
    397, 395, 396, 395, 398, 396, 394, 395, 398, 397, 396, 397, 398, 395,
    395, 398, 396, 395, 398, 395, 394, 396, 398, 396, 398, 397, 395, 397,
    394, 397, 396, 394, 394, 395, 395, 398, 394, 396, 397, 394, 395, 395,
    394, 395, 394, 395, 395, 394, 394 ]
LHandPositionsY: [ 239, 238, 242, 241, 242, 242, 241, 239, 241, 240, 242,
    240, 242, 239, 240, 239, 242, 241, 238, 238, 242, 242, 240, 240, 242,
    242, 239, 239, 239, 242, 238, 238, 240, 241, 239, 240, 242, 239, 238,
    238, 240, 240, 240, 241, 238, 240, 242, 238, 241, 240, 240, 239, 240,
    239, 241, 239, 238, 240, 238, 238, 239, 239, 242, 242, 240, 240, 239,
    242, 242, 242, 242, 239, 240, 238, 240, 242, 239, 238, 240, 239, 240,
    239, 239, 242, 239, 242, 242, 238 ]
RHandPositionsX: [ 132, 140, 144, 146, 144, 144, 146, 142, 139, 132, 136,
    143, 143, 150, 147, 150, 149, 142, 141, 136, 137, 134, 139, 147, 150,
    150, 149, 151, 145, 142, 138, 138, 136, 139, 143, 146, 150, 152, 149,
    148, 141, 135, 137, 137, 136, 139, 144, 150, 150, 152, 146, 141, 139,
    133, 133, 135, 137, 146, 153, 161, 171, 179, 178, 181, 181, 185, 189,
    185, 189, 188, 191, 191, 185, 187, 189, 188, 187, 186, 186, 186, 189,
    188, 187, 189, 189, 185, 185, 188 ]
RHandPositionsY: [ 82, 85, 86, 91, 88, 85, 83, 81, 84, 80, 79, 84, 89,
    92, 93, 94, 91, 86, 87, 87, 85, 85, 81, 87, 89, 92, 90, 90, 89, 86,
    84, 84, 84, 86, 86, 90, 90, 94, 93, 92, 88, 89, 89, 88, 82, 93, 98,
    97, 96, 100, 97, 97, 95, 94, 94, 93, 97, 106, 115, 126, 138, 152,
    153, 151, 160, 168, 179, 191, 198, 210, 213, 215, 219, 227, 225, 228,
    228, 230, 232, 227, 227, 229, 228, 228, 229, 229, 230, 228 ]
