%YAML:1.0
---
videoName: "RHShake03.mp4"
gestureLabel: 2
fps: 29
pixelSizeInCmTemp: 3.1103896103896100e-01
faceCenterPointX: 294
faceCenterPointY: 48
LHandPositionsX: [ 408, 408, 412, 410, 411, 408, 411, 408, 409, 411, 408,
    409, 410, 408, 412, 409, 412, 409, 411, 408, 411, 408, 410, 408, 410,
    410, 412, 412, 412, 411, 411, 408, 410, 412, 408, 412, 412, 412, 412,
    412, 410, 412, 410, 412, 412, 409, 408, 409, 408, 412, 409, 410, 412,
    408, 411, 409, 411, 411, 410, 409, 412, 410, 410, 410, 409, 412, 410,
    408, 412, 410, 407, 411, 410, 407, 408, 410, 410, 407, 408, 408, 409,
    407, 408, 409, 410, 410, 407, 408 ]
LHandPositionsY: [ 260, 261, 260, 263, 262, 262, 262, 261, 264, 260, 260,
    262, 262, 260, 264, 261, 262, 264, 260, 264, 264, 262, 263, 263, 264,
    260, 260, 263, 261, 264, 260, 260, 263, 261, 263, 260, 262, 261, 260,
    262, 261, 263, 264, 264, 261, 262, 260, 263, 260, 262, 260, 263, 261,
    264, 260, 263, 261, 260, 263, 261, 263, 261, 263, 260, 264, 263, 261,
    260, 262, 261, 261, 262, 264, 264, 262, 264, 264, 264, 264, 264, 261,
    261, 262, 263, 260, 264, 261, 260 ]
RHandPositionsX: [ 181, 178, 176, 178, 178, 175, 175, 176, 177, 175, 177,
    174, 173, 175, 173, 172, 173, 172, 172, 172, 173, 175, 171, 172, 173,
    175, 171, 172, 174, 172, 173, 170, 176, 174, 163, 159, 154, 150, 152,
    149, 153, 167, 177, 182, 193, 193, 184, 178, 173, 170, 174, 178, 182,
    181, 180, 176, 170, 169, 170, 175, 179, 187, 198, 206, 201, 194, 188,
    190, 184, 183, 187, 194, 199, 206, 209, 207, 199, 198, 191, 182, 184,
    183, 183, 180, 182, 181, 179, 179 ]
RHandPositionsY: [ 261, 258, 259, 259, 259, 260, 262, 262, 261, 259, 262,
    262, 259, 262, 259, 259, 262, 262, 260, 260, 259, 261, 262, 258, 261,
    261, 258, 258, 260, 261, 266, 264, 257, 238, 220, 195, 178, 156, 146,
    128, 120, 117, 116, 117, 111, 104, 102, 100, 98, 98, 104, 103, 104,
    106, 102, 101, 99, 101, 94, 96, 103, 110, 112, 114, 111, 107, 105,
    106, 99, 99, 105, 115, 126, 142, 159, 180, 199, 209, 219, 240, 243,
    242, 245, 250, 251, 252, 252, 251 ]
