%YAML:1.0
---
videoName: "RHShake07.mp4"
gestureLabel: 2
fps: 29
pixelSizeInCmTemp: 3.2364864864864862e-01
faceCenterPointX: 292
faceCenterPointY: 44
LHandPositionsX: [ 307, 306, 306, 306, 309, 310, 310, 310, 309, 308, 308,
    312, 309, 308, 310, 314, 310, 311, 310, 312, 313, 310, 310, 311, 314,
    312, 311, 313, 312, 312, 310, 310, 315, 316, 316, 313, 315, 312, 312,
    315, 316, 312, 314, 314, 314, 313, 314, 315, 316, 316, 315, 313, 313,
    312, 315, 312, 315, 315, 313, 315, 316, 312, 316, 316, 316, 314, 313,
    316, 312, 315, 315, 315, 316, 314, 317, 313, 313, 315, 314, 313, 311,
    308, 311, 312, 310, 310, 310, 312 ]
LHandPositionsY: [ 271, 267, 269, 269, 267, 269, 271, 270, 274, 274, 270,
    270, 273, 271, 269, 269, 270, 268, 270, 268, 269, 268, 270, 267, 271,
    268, 269, 269, 270, 270, 269, 270, 267, 268, 271, 267, 268, 267, 269,
    271, 267, 269, 269, 268, 271, 268, 268, 271, 270, 267, 269, 269, 269,
    268, 267, 269, 271, 270, 269, 267, 269, 267, 270, 271, 271, 267, 268,
    268, 267, 268, 270, 269, 267, 266, 269, 268, 270, 269, 269, 272, 272,
    274, 272, 273, 273, 272, 272, 272 ]
RHandPositionsX: [ 266, 265, 265, 265, 265, 264, 267, 269, 264, 270, 266,
    262, 255, 238, 216, 197, 175, 163, 153, 155, 161, 154, 159, 160, 161,
    179, 191, 183, 177, 171, 167, 168, 181, 179, 185, 185, 179, 174, 170,
    168, 174, 176, 183, 186, 184, 184, 179, 172, 167, 164, 165, 184, 186,
    199, 195, 187, 184, 177, 168, 169, 167, 165, 173, 175, 173, 184, 177,
    177, 171, 168, 158, 168, 178, 196, 215, 228, 244, 257, 270, 277, 271,
    273, 269, 267, 266, 263, 266, 266 ]
RHandPositionsY: [ 251, 251, 255, 255, 253, 251, 252, 255, 254, 256, 250,
    244, 232, 218, 204, 184, 166, 157, 136, 132, 124, 114, 122, 123, 125,
    114, 105, 98, 93, 95, 88, 91, 107, 106, 102, 99, 98, 95, 91, 93, 91,
    94, 96, 100, 98, 97, 94, 90, 90, 84, 83, 88, 95, 101, 98, 95, 96, 90,
    90, 90, 90, 90, 91, 90, 92, 93, 88, 89, 88, 89, 96, 119, 136, 149,
    167, 188, 207, 225, 236, 243, 242, 246, 250, 255, 254, 253, 255, 257 ]
