%YAML:1.0
---
videoName: "RHShake18.mp4"
gestureLabel: 2
fps: 30
pixelSizeInCmTemp: 3.3732394366197183e-01
faceCenterPointX: 275
faceCenterPointY: 40
LHandPositionsX: [ 375, 376, 377, 375, 377, 379, 376, 379, 378, 378, 378,
    379, 378, 376, 379, 379, 379, 377, 379, 377, 377, 376, 379, 379, 378,
    378, 375, 376, 375, 376, 375, 378, 377, 375, 377, 378, 376, 379, 377,
    376, 379, 375, 379, 375, 377, 376, 376, 374, 375, 374, 373, 372, 364,
    360, 352, 348, 337, 331, 324, 316, 305, 298, 300, 302, 295, 289, 289,
    288, 293, 296, 294, 293, 291, 290, 289, 293, 288, 291, 289, 287, 290,
    290, 286, 288, 289, 285, 285, 285, 285, 286, 285 ]
LHandPositionsY: [ 232, 230, 229, 232, 232, 233, 232, 230, 231, 232, 230,
    232, 232, 233, 232, 231, 229, 229, 230, 232, 230, 231, 233, 233, 229,
    232, 230, 233, 229, 229, 232, 232, 230, 231, 232, 230, 232, 229, 229,
    233, 232, 233, 232, 230, 233, 231, 233, 230, 230, 229, 233, 238, 238,
    238, 237, 237, 233, 231, 228, 227, 229, 232, 234, 231, 234, 234, 236,
    235, 239, 239, 242, 243, 242, 239, 240, 242, 239, 240, 239, 241, 242,
    242, 239, 241, 243, 242, 239, 242, 239, 239, 240 ]
RHandPositionsX: [ 156, 153, 154, 148, 148, 149, 154, 160, 162, 166, 165,
    165, 158, 154, 153, 147, 156, 165, 166, 170, 168, 165, 160, 160, 160,
    156, 158, 162, 165, 167, 165, 158, 157, 155, 156, 160, 175, 174, 175,
    169, 163, 158, 159, 154, 160, 167, 174, 183, 190, 197, 210, 218, 234,
    241, 256, 262, 269, 257, 249, 247, 244, 240, 238, 237, 235, 236, 235,
    234, 233, 236, 241, 240, 240, 237, 238, 239, 239, 237, 239, 239, 240,
    240, 238, 239, 236, 237, 236, 236, 236, 238, 239 ]
RHandPositionsY: [ 72, 72, 70, 67, 69, 66, 67, 71, 74, 74, 72, 70, 67,
    69, 68, 68, 71, 71, 69, 71, 70, 70, 68, 66, 65, 69, 73, 74, 78, 75,
    75, 74, 72, 75, 74, 78, 92, 89, 94, 88, 89, 89, 83, 84, 83, 88, 98,
    102, 110, 123, 135, 145, 153, 165, 175, 184, 188, 193, 198, 198, 202,
    206, 209, 210, 214, 213, 219, 221, 223, 224, 228, 227, 224, 228, 227,
    227, 227, 227, 224, 228, 226, 228, 227, 226, 225, 227, 226, 226, 224,
    226, 225 ]
