%YAML:1.0
---
videoName: "RHShake15.mp4"
gestureLabel: 2
fps: 29
pixelSizeInCmTemp: 3.2808219178082193e-01
faceCenterPointX: 279
faceCenterPointY: 41
LHandPositionsX: [ 370, 369, 369, 370, 371, 370, 370, 369, 370, 369, 368,
    368, 370, 371, 369, 372, 371, 370, 369, 372, 371, 371, 369, 369, 368,
    369, 369, 370, 371, 372, 370, 371, 371, 369, 369, 368, 369, 371, 371,
    372, 369, 369, 368, 369, 368, 371, 372, 371, 370, 369, 371, 369, 370,
    370, 369, 372, 371, 368, 371, 369, 372, 372, 371, 369, 372, 368, 372,
    372, 369, 372, 370, 372, 371, 370, 371, 368, 369, 372, 372, 371, 369,
    371, 368, 370, 371, 370, 372, 368 ]
LHandPositionsY: [ 235, 232, 232, 232, 233, 232, 233, 234, 234, 236, 232,
    236, 234, 234, 233, 233, 235, 235, 233, 236, 234, 232, 236, 235, 235,
    232, 232, 236, 236, 235, 233, 236, 235, 232, 235, 236, 236, 234, 235,
    234, 234, 236, 233, 232, 235, 234, 233, 232, 233, 233, 231, 231, 231,
    233, 233, 232, 234, 235, 233, 232, 235, 235, 235, 231, 234, 233, 232,
    232, 231, 235, 235, 235, 232, 234, 235, 234, 234, 232, 233, 232, 232,
    235, 231, 234, 234, 233, 233, 232 ]
RHandPositionsX: [ 138, 123, 113, 109, 110, 110, 107, 104, 107, 108, 114,
    118, 113, 112, 109, 111, 111, 111, 105, 109, 114, 116, 117, 115, 109,
    106, 110, 111, 108, 107, 115, 117, 115, 114, 113, 110, 110, 110, 114,
    115, 112, 113, 115, 118, 120, 121, 118, 122, 122, 118, 120, 124, 125,
    128, 124, 124, 124, 129, 124, 120, 122, 123, 129, 133, 139, 142, 140,
    140, 140, 143, 145, 149, 149, 152, 158, 157, 159, 159, 159, 158, 161,
    159, 159, 159, 161, 157, 159, 161 ]
RHandPositionsY: [ 190, 174, 154, 144, 145, 138, 133, 129, 121, 116, 110,
    107, 103, 99, 97, 96, 95, 96, 95, 91, 96, 90, 92, 91, 95, 92, 96, 94,
    96, 98, 99, 103, 105, 105, 100, 102, 101, 104, 105, 102, 104, 108,
    108, 110, 107, 105, 106, 103, 104, 106, 104, 110, 113, 114, 119, 113,
    113, 113, 109, 109, 111, 119, 128, 138, 152, 164, 172, 180, 192, 201,
    210, 222, 229, 235, 239, 240, 247, 245, 246, 248, 249, 245, 248, 247,
    245, 249, 246, 245 ]
