%YAML:1.0
---
videoName: "RHShake09.mp4"
gestureLabel: 2
fps: 29
pixelSizeInCmTemp: 3.1103896103896100e-01
faceCenterPointX: 296
faceCenterPointY: 48
LHandPositionsX: [ 326, 323, 323, 324, 324, 326, 321, 324, 320, 318, 317,
    314, 315, 311, 314, 312, 313, 311, 310, 311, 310, 306, 308, 306, 308,
    308, 304, 307, 306, 308, 306, 309, 308, 312, 308, 308, 310, 307, 310,
    309, 311, 310, 309, 310, 312, 309, 310, 312, 313, 311, 314, 313, 314,
    313, 313, 314, 313, 315, 314, 315, 315, 316, 315, 317, 313, 317, 315,
    315, 315, 317, 316, 314, 318, 314, 316, 313, 315, 318, 318, 313, 317,
    313, 314, 315, 316, 317, 314, 318 ]
LHandPositionsY: [ 268, 267, 271, 268, 269, 271, 270, 273, 273, 270, 273,
    274, 272, 274, 271, 273, 272, 272, 275, 275, 273, 274, 276, 276, 274,
    272, 276, 275, 276, 276, 273, 275, 276, 274, 274, 273, 276, 276, 273,
    275, 275, 275, 275, 276, 274, 277, 274, 273, 276, 274, 273, 273, 277,
    275, 275, 273, 274, 275, 276, 276, 272, 272, 276, 272, 273, 273, 276,
    276, 273, 273, 273, 276, 275, 275, 272, 275, 272, 272, 274, 272, 274,
    273, 272, 275, 272, 276, 272, 275 ]
RHandPositionsX: [ 262, 264, 264, 263, 265, 265, 264, 263, 264, 260, 262,
    261, 258, 260, 258, 258, 260, 257, 256, 258, 259, 259, 255, 257, 255,
    255, 258, 256, 256, 257, 265, 261, 253, 240, 223, 206, 191, 175, 167,
    174, 175, 171, 179, 185, 184, 187, 184, 178, 177, 176, 188, 187, 187,
    200, 191, 186, 179, 178, 181, 185, 182, 182, 194, 187, 189, 182, 175,
    174, 172, 180, 184, 189, 188, 183, 179, 180, 182, 178, 183, 192, 191,
    194, 199, 200, 208, 217, 229, 236 ]
RHandPositionsY: [ 262, 263, 265, 266, 265, 268, 267, 268, 264, 269, 267,
    267, 268, 265, 267, 269, 268, 267, 265, 265, 265, 265, 268, 268, 268,
    265, 265, 265, 268, 266, 270, 257, 247, 229, 214, 199, 178, 158, 137,
    134, 115, 107, 108, 109, 110, 104, 98, 87, 87, 89, 89, 95, 97, 99,
    96, 94, 88, 88, 85, 90, 94, 98, 96, 96, 93, 88, 89, 87, 90, 94, 95,
    97, 96, 95, 93, 89, 88, 94, 95, 105, 107, 107, 122, 135, 143, 152,
    167, 186 ]
