%YAML:1.0
---
videoName: "RHShake07.mp4"
gestureLabel: 2
fps: 29
pixelSizeInCmTemp: 3.2364864864864862e-01
faceCenterPointX: 292
faceCenterPointY: 44
LHandPositionsX: [ 308, 308, 306, 307, 309, 307, 307, 310, 309, 309, 311,
    309, 312, 312, 309, 311, 314, 311, 312, 314, 311, 310, 310, 314, 310,
    310, 314, 313, 313, 311, 312, 314, 316, 313, 315, 312, 316, 312, 312,
    313, 313, 313, 312, 313, 313, 316, 313, 313, 312, 312, 312, 316, 316,
    316, 314, 314, 312, 314, 314, 314, 312, 316, 314, 315, 312, 316, 315,
    313, 316, 315, 312, 313, 314, 316, 314, 316, 315, 316, 313, 313, 309,
    311, 311, 310, 312, 309, 308, 310 ]
LHandPositionsY: [ 270, 270, 271, 271, 267, 271, 271, 271, 271, 273, 274,
    271, 273, 270, 269, 268, 270, 267, 267, 268, 270, 271, 271, 268, 270,
    268, 271, 271, 268, 267, 270, 270, 267, 268, 268, 270, 268, 268, 269,
    270, 271, 269, 271, 268, 270, 271, 269, 268, 269, 269, 268, 269, 271,
    270, 267, 269, 267, 270, 267, 269, 269, 267, 271, 271, 271, 267, 271,
    271, 269, 268, 270, 270, 266, 269, 268, 268, 270, 267, 272, 271, 271,
    271, 273, 271, 273, 274, 275, 274 ]
RHandPositionsX: [ 266, 266, 268, 263, 266, 267, 263, 265, 266, 270, 269,
    261, 252, 238, 217, 195, 179, 162, 153, 154, 160, 153, 157, 158, 164,
    181, 189, 185, 179, 172, 169, 166, 181, 180, 187, 187, 183, 174, 169,
    170, 174, 176, 180, 182, 188, 183, 176, 170, 168, 164, 169, 183, 184,
    198, 193, 189, 183, 177, 168, 168, 164, 167, 170, 173, 171, 185, 176,
    177, 174, 167, 156, 167, 177, 195, 215, 229, 244, 256, 272, 276, 270,
    271, 269, 265, 264, 265, 268, 264 ]
RHandPositionsY: [ 253, 253, 253, 255, 251, 255, 254, 255, 256, 254, 251,
    242, 229, 216, 201, 187, 165, 156, 133, 131, 126, 115, 119, 125, 129,
    114, 104, 99, 91, 94, 87, 88, 106, 103, 101, 98, 95, 93, 93, 89, 89,
    96, 99, 96, 95, 96, 92, 91, 91, 84, 83, 92, 98, 104, 97, 95, 93, 92,
    91, 90, 90, 91, 93, 91, 93, 93, 90, 87, 87, 90, 94, 119, 137, 148,
    167, 188, 207, 227, 238, 242, 244, 249, 251, 254, 251, 252, 256, 254 ]
