%YAML:1.0
---
videoName: "RHShake23.mp4"
gestureLabel: 2
fps: 29
pixelSizeInCmTemp: 3.3263888888888887e-01
faceCenterPointX: 298
faceCenterPointY: 49
LHandPositionsX: [ 388, 391, 388, 391, 388, 391, 390, 387, 389, 388, 388,
    387, 389, 390, 390, 391, 387, 388, 387, 387, 390, 389, 390, 391, 387,
    387, 387, 391, 388, 390, 387, 387, 388, 389, 389, 389, 389, 388, 389,
    391, 391, 391, 391, 388, 389, 388, 390, 388, 390, 388, 389, 387, 389,
    387, 389, 387, 387, 391, 391, 388, 388, 390, 387, 387, 389, 389, 391,
    389, 388, 387, 390, 388, 390, 390, 388, 389, 387, 390, 390, 389, 388,
    387, 389, 389, 389, 388, 390, 389 ]
LHandPositionsY: [ 226, 228, 226, 226, 226, 227, 225, 225, 225, 228, 226,
    227, 225, 224, 227, 228, 227, 227, 225, 226, 225, 225, 226, 224, 227,
    226, 228, 228, 224, 225, 227, 226, 224, 224, 226, 224, 224, 226, 224,
    227, 227, 224, 225, 226, 227, 228, 225, 227, 227, 225, 226, 227, 224,
    228, 225, 228, 226, 227, 224, 225, 227, 226, 225, 227, 224, 224, 224,
    224, 226, 225, 226, 226, 225, 228, 226, 228, 226, 228, 224, 227, 225,
    224, 228, 225, 224, 227, 227, 226 ]
RHandPositionsX: [ 168, 168, 175, 190, 191, 190, 193, 190, 180, 177, 175,
    173, 172, 181, 186, 197, 198, 197, 196, 195, 185, 183, 177, 174, 172,
    173, 172, 177, 191, 200, 202, 201, 199, 194, 192, 186, 186, 179, 181,
    183, 188, 199, 201, 204, 205, 201, 196, 190, 182, 179, 178, 178, 182,
    189, 194, 199, 204, 209, 209, 208, 209, 208, 208, 208, 212, 209, 209,
    204, 205, 207, 207, 203, 205, 203, 203, 204, 202, 203, 203, 200, 201,
    201, 198, 202, 202, 200, 198, 201 ]
RHandPositionsY: [ 99, 96, 97, 112, 118, 116, 122, 113, 101, 100, 101,
    100, 99, 101, 114, 123, 122, 123, 123, 113, 104, 103, 98, 102, 100,
    98, 97, 99, 116, 123, 123, 121, 125, 106, 108, 107, 106, 100, 100,
    99, 116, 121, 123, 121, 127, 125, 126, 110, 109, 104, 102, 100, 100,
    117, 130, 133, 140, 149, 149, 155, 159, 168, 175, 184, 193, 201, 206,
    213, 213, 214, 216, 218, 220, 224, 226, 228, 224, 227, 224, 228, 228,
    227, 226, 224, 228, 225, 228, 227 ]
