%YAML:1.0
---
videoName: "RHShake06.mp4"
gestureLabel: 2
fps: 30
pixelSizeInCmTemp: 3.2808219178082193e-01
faceCenterPointX: 293
faceCenterPointY: 43
LHandPositionsX: [ 309, 307, 307, 309, 307, 310, 308, 309, 307, 307, 306,
    310, 306, 308, 310, 309, 311, 311, 315, 317, 320, 322, 322, 321, 320,
    319, 321, 322, 319, 319, 322, 319, 323, 324, 324, 322, 324, 326, 322,
    326, 326, 325, 323, 325, 322, 326, 323, 324, 326, 326, 322, 324, 326,
    322, 325, 323, 325, 326, 324, 325, 326, 322, 322, 322, 324, 324, 323,
    326, 326, 322, 324, 324, 325, 323, 325, 322, 326, 326, 326, 323, 326,
    326, 323, 320, 315, 317, 311, 310, 309, 313, 313 ]
LHandPositionsY: [ 269, 268, 269, 266, 269, 270, 269, 270, 268, 269, 270,
    268, 270, 266, 267, 267, 268, 269, 267, 264, 261, 264, 264, 261, 259,
    263, 259, 262, 262, 258, 258, 259, 259, 260, 261, 262, 259, 260, 261,
    260, 262, 260, 262, 258, 260, 261, 259, 260, 260, 262, 261, 262, 260,
    259, 259, 258, 261, 261, 261, 260, 261, 260, 258, 259, 260, 262, 262,
    261, 262, 258, 259, 258, 260, 259, 259, 260, 262, 262, 260, 258, 261,
    262, 259, 260, 261, 266, 266, 265, 264, 263, 262 ]
RHandPositionsX: [ 287, 288, 288, 284, 286, 285, 287, 284, 287, 288, 285,
    286, 284, 288, 287, 287, 288, 283, 280, 266, 246, 226, 204, 177, 158,
    148, 137, 133, 137, 137, 145, 146, 161, 164, 162, 162, 164, 161, 158,
    158, 162, 172, 184, 190, 188, 185, 182, 172, 168, 173, 167, 167, 174,
    180, 185, 181, 180, 188, 181, 171, 170, 166, 165, 179, 182, 179, 174,
    171, 163, 159, 166, 168, 170, 180, 192, 194, 208, 223, 232, 239, 249,
    254, 254, 248, 245, 256, 256, 254, 255, 251, 253 ]
RHandPositionsY: [ 268, 266, 267, 270, 266, 269, 267, 268, 269, 268, 268,
    270, 266, 269, 269, 270, 268, 267, 264, 262, 246, 233, 215, 200, 182,
    159, 136, 125, 114, 105, 115, 118, 127, 119, 108, 106, 98, 88, 90,
    93, 90, 92, 97, 101, 96, 94, 95, 93, 86, 91, 85, 89, 96, 99, 99, 98,
    97, 101, 97, 96, 94, 89, 94, 101, 102, 102, 103, 103, 103, 107, 114,
    126, 148, 160, 175, 180, 193, 206, 217, 226, 229, 235, 239, 239, 238,
    243, 240, 240, 241, 241, 244 ]
