%YAML:1.0
---
videoName: "RHShake16.mp4"
gestureLabel: 2
fps: 29
pixelSizeInCmTemp: 3.2808219178082193e-01
faceCenterPointX: 281
faceCenterPointY: 44
LHandPositionsX: [ 372, 373, 372, 373, 372, 371, 371, 371, 369, 371, 370,
    370, 373, 370, 369, 372, 370, 373, 373, 371, 370, 371, 371, 369, 370,
    370, 373, 372, 371, 369, 371, 369, 371, 373, 372, 369, 370, 372, 371,
    371, 372, 371, 369, 373, 371, 373, 373, 373, 373, 369, 370, 370, 372,
    370, 369, 372, 370, 372, 372, 372, 371, 370, 372, 373, 370, 373, 373,
    371, 372, 370, 373, 371, 370, 373, 373, 373, 373, 370, 369, 372, 373,
    369, 373, 371, 373, 371, 370, 369 ]
LHandPositionsY: [ 234, 234, 233, 232, 233, 232, 231, 234, 231, 231, 231,
    232, 232, 231, 230, 233, 234, 233, 231, 230, 230, 231, 232, 233, 234,
    233, 234, 234, 231, 232, 231, 234, 233, 231, 232, 234, 231, 234, 230,
    231, 231, 233, 231, 233, 230, 234, 233, 232, 233, 231, 231, 231, 232,
    229, 231, 233, 229, 230, 232, 229, 230, 230, 231, 233, 230, 229, 230,
    229, 230, 229, 233, 231, 230, 229, 229, 230, 230, 233, 230, 232, 229,
    233, 229, 232, 230, 229, 229, 230 ]
RHandPositionsX: [ 168, 169, 168, 168, 171, 169, 171, 168, 171, 171, 168,
    169, 167, 170, 168, 169, 170, 168, 163, 157, 152, 146, 140, 131, 128,
    122, 116, 123, 122, 121, 125, 128, 137, 143, 142, 140, 139, 137, 135,
    138, 143, 142, 151, 150, 147, 148, 149, 146, 146, 149, 151, 150, 151,
    150, 148, 145, 149, 143, 147, 150, 152, 155, 153, 151, 156, 154, 147,
    151, 150, 161, 165, 173, 174, 177, 177, 173, 176, 175, 172, 171, 172,
    168, 170, 171, 169, 172, 169, 170 ]
RHandPositionsY: [ 265, 269, 268, 267, 269, 265, 265, 266, 265, 265, 267,
    267, 265, 267, 268, 265, 266, 267, 256, 242, 217, 198, 178, 162, 143,
    131, 114, 115, 112, 104, 106, 101, 101, 98, 94, 95, 90, 90, 87, 87,
    91, 90, 91, 89, 90, 86, 88, 85, 86, 86, 86, 88, 89, 89, 87, 84, 85,
    86, 88, 90, 90, 89, 91, 90, 87, 90, 89, 94, 104, 117, 135, 147, 159,
    174, 185, 192, 195, 201, 210, 219, 222, 221, 226, 232, 237, 234, 238,
    239 ]
