%YAML:1.0
---
videoName: "RHShake14.mp4"
gestureLabel: 2
fps: 30
pixelSizeInCmTemp: 3.2808219178082193e-01
faceCenterPointX: 277
faceCenterPointY: 42
LHandPositionsX: [ 375, 375, 378, 377, 375, 377, 376, 376, 378, 375, 378,
    376, 377, 376, 373, 373, 375, 373, 375, 374, 373, 373, 372, 373, 375,
    374, 375, 375, 374, 373, 376, 375, 374, 373, 374, 375, 376, 373, 373,
    372, 375, 374, 374, 375, 373, 376, 375, 376, 372, 375, 373, 376, 372,
    373, 375, 374, 373, 372, 372, 374, 374, 372, 372, 372, 372, 375, 375,
    373, 373, 376, 373, 373, 373, 372, 373, 376, 372, 374, 376, 373, 373,
    376, 375, 374, 374, 372, 375, 376, 373, 375, 373 ]
LHandPositionsY: [ 233, 232, 232, 232, 229, 229, 233, 231, 229, 232, 233,
    232, 230, 232, 231, 233, 231, 233, 229, 229, 232, 233, 229, 230, 229,
    229, 230, 229, 230, 231, 232, 231, 232, 230, 232, 229, 229, 230, 233,
    229, 230, 229, 232, 233, 229, 232, 232, 233, 230, 230, 231, 229, 233,
    229, 232, 230, 231, 232, 232, 233, 233, 233, 231, 233, 231, 229, 229,
    232, 232, 229, 230, 233, 231, 230, 233, 231, 229, 233, 230, 232, 233,
    230, 229, 233, 232, 233, 233, 232, 230, 232, 229 ]
RHandPositionsX: [ 174, 173, 170, 172, 174, 170, 171, 172, 171, 172, 174,
    174, 170, 171, 174, 174, 171, 174, 173, 172, 170, 173, 170, 173, 172,
    172, 168, 169, 158, 150, 137, 129, 122, 118, 118, 122, 128, 133, 134,
    141, 141, 149, 146, 144, 144, 146, 149, 152, 156, 163, 157, 159, 151,
    152, 155, 155, 163, 167, 169, 165, 157, 156, 158, 157, 159, 163, 162,
    170, 174, 179, 178, 180, 180, 181, 171, 174, 178, 181, 174, 171, 173,
    172, 171, 171, 174, 170, 170, 173, 174, 171, 173 ]
RHandPositionsY: [ 243, 243, 241, 243, 239, 240, 241, 240, 242, 243, 240,
    242, 243, 241, 241, 243, 243, 239, 242, 242, 242, 243, 243, 241, 240,
    246, 245, 232, 213, 194, 175, 151, 133, 114, 116, 107, 106, 110, 116,
    117, 117, 106, 96, 94, 90, 85, 86, 83, 84, 84, 81, 80, 77, 76, 78,
    76, 78, 83, 80, 79, 77, 77, 77, 78, 80, 84, 86, 108, 118, 131, 148,
    160, 171, 182, 194, 193, 200, 204, 213, 216, 218, 220, 223, 229, 232,
    234, 234, 232, 235, 237, 236 ]
