%YAML:1.0
---
videoName: "RHShake10.mp4"
gestureLabel: 2
fps: 29
pixelSizeInCmTemp: 3.1933333333333330e-01
faceCenterPointX: 295
faceCenterPointY: 45
LHandPositionsX: [ 340, 343, 341, 338, 339, 340, 336, 337, 334, 329, 332,
    333, 329, 326, 327, 325, 327, 326, 325, 326, 329, 329, 328, 327, 330,
    329, 326, 329, 326, 327, 329, 330, 328, 326, 329, 327, 329, 326, 328,
    327, 327, 329, 329, 329, 328, 327, 326, 330, 327, 328, 326, 329, 329,
    328, 326, 326, 330, 329, 330, 328, 326, 330, 326, 328, 326, 330, 326,
    328, 330, 330, 328, 327, 326, 329, 327, 329, 328, 327, 327, 329, 331,
    330, 327, 328, 330, 331, 328, 330 ]
LHandPositionsY: [ 262, 264, 266, 268, 267, 266, 270, 269, 270, 269, 271,
    271, 269, 270, 273, 272, 270, 271, 270, 271, 271, 270, 271, 272, 272,
    270, 274, 271, 269, 269, 270, 269, 269, 271, 270, 273, 269, 269, 269,
    272, 271, 271, 269, 270, 269, 268, 268, 270, 270, 269, 272, 269, 269,
    269, 269, 271, 272, 268, 272, 269, 270, 272, 272, 269, 271, 272, 272,
    268, 268, 271, 271, 269, 268, 270, 269, 267, 268, 268, 271, 269, 267,
    270, 270, 270, 272, 269, 272, 271 ]
RHandPositionsX: [ 262, 259, 261, 263, 263, 261, 261, 260, 260, 258, 262,
    261, 261, 259, 262, 260, 257, 254, 262, 253, 239, 221, 199, 181, 169,
    153, 137, 137, 137, 139, 144, 149, 152, 160, 164, 163, 159, 159, 162,
    157, 161, 172, 179, 181, 174, 179, 172, 169, 169, 170, 172, 189, 190,
    196, 192, 182, 177, 176, 173, 182, 178, 188, 193, 192, 192, 184, 178,
    175, 173, 180, 178, 192, 198, 202, 214, 218, 226, 232, 237, 246, 251,
    252, 248, 259, 261, 260, 258, 263 ]
RHandPositionsY: [ 266, 264, 264, 267, 263, 263, 266, 267, 264, 266, 267,
    268, 269, 265, 269, 267, 269, 268, 265, 257, 243, 228, 210, 191, 169,
    151, 132, 116, 115, 98, 86, 88, 89, 90, 87, 81, 81, 77, 76, 79, 79,
    82, 85, 84, 84, 76, 78, 76, 78, 82, 85, 90, 89, 92, 85, 85, 84, 83,
    79, 85, 91, 93, 93, 91, 90, 87, 83, 84, 84, 88, 97, 104, 125, 143,
    163, 180, 196, 214, 229, 246, 257, 256, 258, 261, 264, 265, 268, 268 ]
