%YAML:1.0
---
videoName: "RHShake08.mp4"
gestureLabel: 2
fps: 29
pixelSizeInCmTemp: 3.2808219178082193e-01
faceCenterPointX: 290
faceCenterPointY: 45
LHandPositionsX: [ 316, 316, 317, 315, 317, 313, 313, 315, 312, 310, 310,
    312, 311, 309, 309, 308, 308, 308, 307, 310, 309, 308, 307, 306, 309,
    307, 306, 307, 308, 308, 307, 310, 307, 306, 309, 309, 310, 310, 308,
    309, 306, 308, 308, 308, 305, 306, 306, 306, 305, 307, 306, 305, 309,
    307, 308, 309, 305, 306, 309, 307, 305, 305, 307, 306, 307, 307, 308,
    309, 308, 306, 305, 307, 309, 309, 307, 305, 309, 307, 308, 306, 308,
    308, 307, 309, 307, 310, 307, 308 ]
LHandPositionsY: [ 282, 280, 279, 281, 282, 283, 283, 281, 281, 283, 284,
    282, 285, 281, 282, 283, 285, 282, 285, 281, 281, 282, 284, 285, 281,
    282, 284, 284, 282, 284, 285, 284, 283, 281, 283, 281, 285, 281, 284,
    283, 282, 284, 284, 284, 284, 282, 284, 281, 282, 282, 281, 281, 284,
    283, 284, 283, 280, 283, 280, 282, 282, 281, 280, 284, 283, 280, 283,
    281, 280, 284, 284, 284, 283, 280, 282, 282, 283, 281, 282, 280, 284,
    281, 282, 280, 281, 284, 282, 283 ]
RHandPositionsX: [ 266, 270, 272, 269, 272, 271, 273, 279, 267, 258, 260,
    256, 250, 234, 222, 202, 186, 163, 157, 161, 165, 172, 199, 200, 206,
    199, 195, 189, 182, 178, 188, 192, 206, 202, 197, 196, 185, 184, 177,
    180, 193, 191, 187, 184, 185, 180, 173, 172, 175, 183, 185, 189, 189,
    187, 195, 190, 190, 203, 203, 218, 211, 205, 206, 199, 200, 193, 201,
    208, 216, 214, 212, 218, 222, 231, 241, 246, 250, 262, 264, 265, 268,
    266, 267, 269, 273, 274, 275, 269 ]
RHandPositionsY: [ 266, 268, 269, 270, 269, 266, 268, 266, 268, 261, 255,
    243, 232, 216, 203, 186, 172, 151, 131, 126, 115, 107, 106, 106, 107,
    106, 98, 93, 93, 92, 92, 95, 97, 95, 92, 91, 90, 89, 86, 91, 94, 92,
    91, 94, 87, 87, 87, 88, 88, 96, 95, 97, 99, 95, 94, 90, 91, 94, 99,
    95, 100, 99, 94, 94, 93, 96, 94, 102, 107, 107, 112, 123, 130, 144,
    160, 176, 192, 213, 229, 244, 256, 259, 257, 260, 263, 266, 263, 263 ]
