%YAML:1.0
---
videoName: "RHShake21.mp4"
gestureLabel: 2
fps: 29
pixelSizeInCmTemp: 3.3732394366197183e-01
faceCenterPointX: 293
faceCenterPointY: 47
LHandPositionsX: [ 394, 396, 397, 394, 397, 394, 394, 398, 397, 396, 395,
    394, 397, 394, 397, 394, 394, 397, 396, 396, 396, 397, 395, 396, 398,
    398, 397, 397, 395, 398, 397, 396, 397, 394, 398, 398, 398, 395, 395,
    396, 397, 394, 395, 397, 398, 395, 395, 398, 398, 397, 395, 395, 397,
    398, 394, 394, 396, 398, 395, 396, 394, 398, 396, 397, 394, 398, 394,
    395, 394, 395, 397, 394, 396, 397, 398, 396, 396, 394, 395, 397, 397,
    397, 394, 396, 396, 395, 398, 396 ]
LHandPositionsY: [ 239, 238, 238, 240, 239, 242, 241, 240, 242, 241, 239,
    239, 242, 238, 241, 239, 241, 239, 238, 239, 242, 242, 240, 239, 241,
    239, 241, 238, 240, 239, 240, 240, 240, 238, 241, 239, 239, 241, 241,
    238, 238, 241, 238, 238, 239, 242, 240, 240, 241, 238, 238, 238, 239,
    242, 242, 239, 242, 242, 241, 239, 242, 238, 241, 242, 241, 240, 241,
    240, 240, 242, 239, 239, 238, 241, 238, 239, 241, 242, 238, 240, 240,
    241, 242, 239, 241, 242, 238, 239 ]
RHandPositionsX: [ 132, 138, 144, 146, 145, 144, 145, 139, 136, 135, 135,
    141, 146, 148, 147, 148, 148, 143, 140, 137, 135, 137, 140, 145, 149,
    150, 152, 151, 144, 146, 139, 138, 136, 137, 143, 148, 150, 153, 148,
    144, 142, 136, 137, 135, 139, 140, 147, 150, 152, 151, 149, 145, 139,
    134, 134, 135, 140, 146, 156, 162, 170, 175, 176, 180, 180, 182, 185,
    187, 188, 186, 190, 187, 187, 190, 186, 187, 186, 189, 186, 189, 185,
    185, 185, 189, 185, 189, 186, 186 ]
RHandPositionsY: [ 79, 86, 87, 91, 90, 84, 82, 80, 80, 80, 81, 85, 89,
    89, 92, 94, 93, 85, 87, 88, 86, 84, 83, 86, 91, 92, 93, 92, 89, 89,
    87, 85, 84, 84, 84, 91, 94, 92, 95, 91, 89, 85, 89, 85, 86, 93, 97,
    95, 96, 96, 96, 94, 91, 92, 92, 90, 97, 104, 116, 128, 138, 153, 153,
    150, 158, 168, 179, 188, 198, 208, 214, 215, 218, 228, 225, 226, 225,
    227, 232, 230, 229, 228, 229, 227, 231, 227, 230, 230 ]
