%YAML:1.0
---
videoName: "RHShake17.mp4"
gestureLabel: 2
fps: 29
pixelSizeInCmTemp: 3.3732394366197183e-01
faceCenterPointX: 282
faceCenterPointY: 40
LHandPositionsX: [ 306, 306, 306, 305, 307, 308, 307, 308, 309, 305, 308,
    307, 308, 309, 308, 305, 307, 306, 309, 308, 309, 309, 308, 305, 306,
    309, 309, 307, 305, 306, 307, 305, 306, 308, 307, 305, 308, 308, 306,
    309, 307, 310, 307, 310, 307, 306, 309, 308, 308, 306, 310, 310, 311,
    309, 307, 311, 309, 309, 311, 307, 311, 311, 308, 311, 309, 311, 308,
    311, 311, 311, 308, 310, 307, 307, 309, 306, 307, 308, 305, 306, 306,
    306, 308, 309, 305, 307, 307, 305 ]
LHandPositionsY: [ 233, 231, 234, 232, 234, 235, 233, 235, 233, 233, 234,
    231, 231, 235, 233, 235, 232, 231, 235, 233, 232, 232, 233, 235, 231,
    232, 231, 231, 233, 232, 235, 233, 235, 232, 232, 231, 234, 231, 231,
    235, 234, 232, 232, 231, 234, 234, 233, 233, 233, 234, 233, 231, 234,
    232, 235, 234, 234, 231, 235, 233, 232, 234, 235, 232, 232, 232, 234,
    235, 231, 231, 231, 231, 232, 235, 231, 233, 232, 235, 233, 231, 234,
    234, 233, 233, 235, 232, 235, 233 ]
RHandPositionsX: [ 214, 196, 175, 160, 142, 143, 142, 148, 141, 144, 144,
    148, 157, 152, 147, 144, 144, 144, 143, 148, 162, 159, 155, 153, 148,
    149, 145, 144, 148, 152, 153, 161, 158, 154, 147, 143, 142, 139, 139,
    156, 151, 156, 157, 162, 154, 152, 148, 151, 157, 157, 171, 172, 168,
    164, 158, 158, 150, 154, 147, 150, 154, 165, 173, 178, 179, 179, 176,
    176, 170, 172, 177, 170, 171, 169, 167, 166, 172, 172, 170, 170, 171,
    168, 171, 168, 167, 167, 167, 166 ]
RHandPositionsY: [ 204, 183, 168, 147, 126, 113, 106, 105, 96, 92, 98,
    92, 82, 79, 77, 72, 70, 67, 67, 71, 79, 78, 74, 69, 68, 65, 68, 67,
    68, 65, 70, 66, 66, 65, 68, 67, 67, 66, 68, 83, 80, 79, 80, 76, 78,
    76, 73, 74, 75, 75, 91, 88, 86, 80, 81, 78, 81, 79, 78, 82, 94, 108,
    118, 133, 145, 158, 170, 182, 187, 198, 210, 214, 223, 230, 235, 233,
    240, 239, 239, 238, 239, 243, 243, 240, 240, 242, 247, 244 ]
