%YAML:1.0
---
videoName: "RHShake04.mp4"
gestureLabel: 2
fps: 29
pixelSizeInCmTemp: 3.1513157894736843e-01
faceCenterPointX: 292
faceCenterPointY: 47
LHandPositionsX: [ 410, 410, 410, 411, 412, 413, 412, 412, 411, 411, 410,
    410, 412, 410, 410, 410, 411, 409, 411, 410, 411, 410, 407, 408, 409,
    406, 409, 407, 409, 405, 409, 408, 406, 409, 409, 407, 408, 406, 406,
    408, 408, 408, 405, 405, 405, 408, 405, 408, 406, 406, 406, 408, 408,
    408, 405, 405, 409, 408, 405, 407, 408, 405, 405, 403, 403, 406, 406,
    406, 406, 405, 402, 406, 404, 404, 402, 404, 402, 406, 405, 405, 405,
    404, 403, 402, 402, 403, 405, 403 ]
LHandPositionsY: [ 266, 264, 262, 264, 264, 262, 262, 264, 265, 263, 266,
    263, 262, 262, 261, 261, 261, 261, 262, 262, 260, 264, 261, 263, 261,
    262, 260, 263, 264, 261, 264, 262, 263, 260, 260, 261, 261, 264, 261,
    261, 261, 264, 262, 263, 264, 262, 262, 260, 260, 261, 260, 263, 263,
    263, 263, 264, 261, 263, 262, 261, 262, 261, 259, 260, 262, 263, 259,
    260, 259, 260, 260, 259, 260, 262, 260, 262, 262, 261, 261, 260, 260,
    257, 261, 260, 258, 259, 257, 260 ]
RHandPositionsX: [ 180, 179, 182, 180, 179, 181, 181, 179, 179, 180, 177,
    180, 180, 180, 177, 180, 177, 180, 175, 178, 176, 177, 177, 181, 183,
    174, 168, 165, 165, 162, 162, 165, 180, 188, 192, 190, 185, 181, 174,
    169, 166, 170, 174, 177, 176, 178, 180, 172, 167, 169, 168, 168, 175,
    177, 179, 176, 177, 170, 168, 169, 171, 176, 177, 185, 194, 187, 185,
    179, 171, 171, 170, 168, 170, 178, 185, 191, 191, 193, 189, 186, 188,
    189, 184, 179, 174, 176, 173, 173 ]
RHandPositionsY: [ 267, 268, 267, 267, 267, 263, 266, 264, 266, 269, 266,
    268, 266, 267, 267, 269, 269, 270, 268, 271, 269, 273, 269, 248, 224,
    194, 173, 149, 127, 123, 118, 103, 97, 99, 106, 102, 100, 93, 93, 91,
    91, 88, 95, 98, 99, 96, 95, 94, 93, 90, 93, 96, 99, 97, 99, 97, 94,
    95, 91, 93, 90, 96, 98, 95, 96, 93, 95, 95, 96, 94, 94, 95, 102, 106,
    121, 133, 144, 152, 164, 177, 193, 210, 225, 226, 234, 243, 250, 250 ]
