%YAML:1.0
---
videoName: "RHShake06.mp4"
gestureLabel: 2
fps: 30
pixelSizeInCmTemp: 3.2808219178082193e-01
faceCenterPointX: 293
faceCenterPointY: 43
LHandPositionsX: [ 307, 309, 307, 308, 306, 307, 309, 309, 307, 306, 309,
    308, 308, 306, 309, 310, 312, 314, 316, 317, 317, 321, 321, 320, 319,
    320, 322, 321, 321, 322, 322, 320, 323, 326, 324, 322, 322, 326, 323,
    324, 326, 324, 324, 323, 323, 322, 323, 324, 322, 326, 326, 323, 323,
    324, 326, 324, 324, 325, 326, 322, 325, 323, 326, 325, 326, 322, 323,
    322, 322, 326, 325, 324, 325, 326, 325, 323, 323, 326, 326, 324, 322,
    325, 326, 321, 314, 316, 310, 312, 309, 309, 310 ]
LHandPositionsY: [ 267, 268, 269, 269, 268, 268, 270, 269, 269, 266, 270,
    268, 269, 266, 268, 267, 266, 267, 264, 265, 264, 263, 262, 262, 263,
    260, 263, 261, 258, 260, 261, 260, 259, 261, 262, 260, 262, 258, 259,
    258, 262, 258, 262, 258, 258, 262, 259, 260, 259, 259, 262, 258, 260,
    258, 262, 258, 261, 260, 258, 262, 260, 262, 259, 262, 258, 261, 259,
    262, 260, 261, 260, 259, 259, 261, 259, 261, 261, 261, 260, 261, 259,
    259, 262, 262, 263, 265, 263, 267, 263, 265, 265 ]
RHandPositionsX: [ 288, 289, 284, 285, 285, 285, 285, 287, 288, 288, 287,
    286, 287, 286, 286, 285, 288, 283, 279, 265, 242, 223, 201, 179, 159,
    148, 140, 134, 140, 137, 144, 147, 161, 162, 163, 161, 164, 162, 158,
    157, 161, 171, 181, 189, 189, 184, 182, 171, 167, 174, 167, 169, 173,
    184, 182, 181, 179, 188, 177, 172, 172, 164, 165, 178, 182, 176, 176,
    170, 166, 161, 164, 168, 171, 179, 193, 191, 209, 223, 232, 240, 247,
    255, 252, 248, 245, 255, 257, 253, 253, 252, 257 ]
RHandPositionsY: [ 269, 270, 267, 268, 270, 270, 267, 269, 266, 268, 266,
    267, 266, 269, 270, 268, 268, 270, 264, 261, 248, 235, 219, 200, 178,
    161, 138, 122, 111, 104, 113, 115, 131, 115, 111, 106, 98, 90, 91,
    91, 93, 95, 97, 100, 99, 97, 96, 93, 90, 91, 84, 91, 93, 98, 99, 100,
    95, 98, 95, 93, 91, 87, 91, 103, 99, 102, 104, 102, 106, 104, 116,
    127, 146, 163, 176, 180, 193, 206, 213, 222, 230, 239, 235, 240, 240,
    243, 241, 244, 242, 244, 246 ]
