%YAML:1.0
---
videoName: "RHShake03.mp4"
gestureLabel: 2
fps: 29
pixelSizeInCmTemp: 3.1103896103896100e-01
faceCenterPointX: 294
faceCenterPointY: 48
LHandPositionsX: [ 409, 408, 412, 412, 408, 408, 410, 410, 411, 410, 410,
    412, 412, 412, 411, 408, 412, 411, 408, 412, 411, 409, 410, 411, 410,
    409, 412, 408, 411, 411, 410, 410, 408, 410, 408, 412, 412, 411, 410,
    409, 412, 411, 409, 412, 409, 411, 408, 408, 409, 409, 411, 409, 411,
    409, 411, 409, 412, 409, 412, 411, 411, 408, 409, 412, 412, 409, 410,
    412, 412, 410, 411, 409, 408, 410, 407, 411, 409, 408, 410, 411, 407,
    411, 409, 411, 409, 409, 409, 408 ]
LHandPositionsY: [ 261, 261, 262, 263, 262, 261, 264, 260, 263, 260, 263,
    262, 260, 263, 264, 260, 261, 261, 260, 260, 264, 264, 262, 263, 262,
    264, 264, 263, 262, 263, 262, 263, 263, 264, 263, 261, 264, 261, 260,
    263, 260, 261, 264, 261, 261, 263, 261, 264, 260, 262, 262, 261, 264,
    261, 261, 261, 260, 263, 261, 261, 262, 262, 264, 264, 260, 264, 262,
    261, 262, 263, 260, 260, 261, 261, 263, 262, 263, 261, 263, 264, 263,
    261, 260, 262, 260, 260, 260, 262 ]
RHandPositionsX: [ 178, 177, 177, 179, 175, 176, 175, 177, 174, 174, 174,
    177, 173, 172, 175, 172, 172, 171, 175, 173, 172, 172, 173, 175, 173,
    171, 174, 172, 175, 173, 170, 171, 174, 170, 163, 158, 152, 149, 150,
    149, 153, 164, 178, 184, 190, 189, 183, 177, 174, 170, 172, 178, 180,
    182, 180, 177, 174, 169, 169, 171, 176, 189, 201, 205, 201, 194, 189,
    190, 183, 183, 183, 192, 201, 208, 209, 206, 198, 194, 194, 183, 181,
    182, 185, 184, 179, 182, 183, 178 ]
RHandPositionsY: [ 257, 262, 259, 261, 261, 263, 259, 258, 262, 262, 258,
    259, 259, 259, 259, 260, 260, 259, 261, 259, 261, 261, 260, 262, 262,
    259, 260, 260, 259, 263, 267, 267, 257, 242, 217, 198, 178, 156, 143,
    126, 124, 121, 119, 116, 110, 107, 102, 99, 97, 102, 104, 106, 105,
    107, 104, 101, 102, 99, 96, 98, 101, 107, 109, 114, 108, 105, 106,
    103, 100, 98, 105, 118, 130, 142, 159, 177, 200, 211, 216, 243, 240,
    246, 242, 251, 251, 255, 254, 253 ]
