%YAML:1.0
---
videoName: "RHShake01.mp4"
gestureLabel: 2
fps: 29
pixelSizeInCmTemp: 3.1513157894736843e-01
faceCenterPointX: 292
faceCenterPointY: 51
LHandPositionsX: [ 396, 395, 394, 393, 392, 395, 394, 392, 395, 396, 395,
    392, 395, 392, 392, 391, 392, 395, 392, 393, 394, 395, 392, 393, 393,
    392, 394, 392, 395, 391, 393, 391, 391, 395, 392, 395, 392, 391, 394,
    395, 391, 395, 393, 395, 391, 395, 395, 394, 393, 391, 393, 393, 393,
    395, 391, 394, 394, 391, 394, 395, 393, 394, 391, 392, 391, 393, 394,
    393, 395, 392, 392, 393, 391, 392, 395, 394, 394, 393, 394, 392, 392,
    393, 393, 391, 391, 391, 393, 393 ]
LHandPositionsY: [ 256, 257, 257, 257, 253, 256, 253, 254, 254, 255, 254,
    255, 257, 257, 255, 256, 253, 255, 256, 256, 253, 253, 255, 257, 254,
    254, 253, 253, 254, 253, 254, 253, 255, 255, 254, 255, 255, 254, 255,
    257, 253, 256, 253, 256, 254, 255, 254, 254, 255, 255, 254, 254, 257,
    256, 253, 256, 255, 255, 254, 254, 257, 257, 254, 257, 257, 256, 254,
    253, 255, 253, 253, 255, 254, 254, 253, 256, 256, 255, 254, 256, 253,
    256, 257, 253, 256, 254, 255, 256 ]
RHandPositionsX: [ 168, 168, 170, 168, 170, 169, 168, 170, 170, 168, 169,
    171, 167, 168, 169, 167, 167, 170, 170, 171, 170, 168, 169, 172, 172,
    172, 170, 174, 175, 171, 166, 161, 155, 154, 158, 162, 168, 179, 193,
    194, 192, 188, 184, 175, 175, 173, 177, 185, 193, 196, 191, 189, 185,
    178, 180, 180, 178, 184, 188, 193, 190, 195, 197, 187, 181, 179, 175,
    182, 186, 192, 196, 199, 196, 199, 193, 187, 186, 189, 189, 184, 179,
    176, 175, 172, 172, 173, 176, 173 ]
RHandPositionsY: [ 280, 278, 277, 279, 276, 279, 276, 277, 279, 280, 278,
    277, 276, 278, 279, 276, 277, 277, 276, 278, 276, 276, 278, 280, 276,
    275, 268, 248, 228, 205, 187, 168, 149, 133, 131, 116, 107, 108, 112,
    111, 109, 103, 103, 97, 101, 97, 96, 100, 100, 102, 98, 97, 94, 94,
    95, 90, 96, 98, 100, 100, 102, 98, 99, 97, 97, 97, 95, 98, 102, 108,
    114, 123, 132, 145, 161, 179, 189, 202, 204, 212, 218, 228, 235, 244,
    244, 245, 243, 249 ]
