%YAML:1.0
---
videoName: "RHShake12.mp4"
gestureLabel: 2
fps: 29
pixelSizeInCmTemp: 3.3732394366197183e-01
faceCenterPointX: 299
faceCenterPointY: 45
LHandPositionsX: [ 404, 407, 405, 408, 407, 404, 405, 406, 405, 407, 406,
    407, 406, 407, 408, 405, 407, 404, 405, 408, 406, 407, 406, 406, 406,
    408, 408, 404, 408, 408, 404, 406, 406, 408, 407, 406, 405, 404, 408,
    407, 408, 408, 408, 406, 406, 408, 407, 405, 404, 408, 407, 405, 404,
    407, 407, 408, 408, 407, 405, 406, 407, 404, 408, 406, 407, 407, 407,
    407, 408, 404, 405, 406, 407, 407, 408, 407, 407, 408, 407, 404, 408,
    405, 405, 405, 404, 404, 404, 408 ]
LHandPositionsY: [ 243, 243, 241, 241, 241, 241, 239, 242, 241, 242, 241,
    239, 240, 242, 240, 241, 241, 240, 240, 242, 243, 243, 240, 242, 239,
    243, 242, 243, 242, 239, 242, 243, 239, 243, 240, 241, 242, 240, 243,
    242, 243, 243, 239, 242, 239, 239, 243, 243, 239, 242, 241, 242, 242,
    239, 242, 242, 239, 243, 239, 243, 239, 239, 239, 241, 239, 240, 239,
    240, 242, 243, 239, 240, 243, 239, 239, 243, 241, 239, 243, 242, 243,
    243, 240, 243, 239, 240, 239, 240 ]
RHandPositionsX: [ 168, 166, 161, 163, 163, 172, 180, 191, 194, 195, 191,
    185, 180, 173, 170, 166, 172, 178, 185, 185, 189, 184, 178, 175, 170,
    167, 168, 176, 188, 195, 193, 189, 182, 181, 176, 174, 171, 172, 181,
    191, 196, 194, 184, 179, 174, 178, 172, 172, 180, 191, 192, 191, 194,
    192, 186, 178, 177, 174, 171, 173, 179, 192, 201, 202, 203, 202, 196,
    191, 189, 185, 185, 187, 187, 195, 197, 200, 199, 200, 203, 200, 198,
    201, 197, 198, 198, 200, 201, 201 ]
RHandPositionsY: [ 138, 128, 119, 110, 107, 93, 98, 106, 108, 110, 101,
    91, 93, 87, 90, 84, 82, 87, 99, 105, 106, 98, 93, 85, 88, 83, 82, 88,
    100, 110, 110, 105, 101, 94, 91, 95, 89, 89, 98, 111, 116, 114, 101,
    100, 96, 95, 90, 86, 94, 108, 111, 110, 111, 100, 90, 92, 90, 91, 89,
    86, 93, 110, 118, 118, 122, 118, 114, 107, 110, 115, 118, 127, 137,
    148, 158, 163, 167, 177, 186, 197, 204, 211, 213, 220, 222, 225, 228,
    229 ]
