%YAML:1.0
---
videoName: "RHShake23.mp4"
gestureLabel: 2
fps: 29
pixelSizeInCmTemp: 3.3263888888888887e-01
faceCenterPointX: 298
faceCenterPointY: 49
LHandPositionsX: [ 389, 389, 391, 389, 389, 388, 389, 388, 390, 389, 389,
    391, 390, 388, 390, 391, 390, 387, 388, 388, 388, 387, 389, 387, 389,
    390, 388, 387, 387, 388, 389, 389, 391, 387, 391, 388, 389, 389, 388,
    391, 389, 387, 389, 390, 391, 389, 390, 387, 391, 388, 389, 389, 391,
    388, 389, 391, 391, 391, 387, 391, 391, 391, 391, 391, 389, 387, 388,
    390, 388, 390, 391, 391, 387, 389, 391, 391, 387, 390, 391, 389, 389,
    391, 390, 391, 387, 387, 391, 390 ]
LHandPositionsY: [ 226, 227, 226, 226, 224, 228, 227, 227, 226, 226, 226,
    226, 224, 224, 225, 228, 228, 227, 224, 227, 224, 228, 224, 228, 228,
    227, 225, 224, 224, 227, 225, 226, 228, 225, 225, 227, 224, 226, 224,
    226, 226, 227, 226, 227, 225, 224, 225, 224, 227, 228, 225, 228, 224,
    227, 227, 228, 227, 227, 228, 228, 224, 228, 228, 224, 227, 227, 224,
    228, 227, 224, 227, 228, 226, 228, 228, 227, 228, 225, 227, 225, 224,
    224, 224, 225, 228, 227, 226, 228 ]
RHandPositionsX: [ 168, 168, 175, 186, 192, 186, 195, 191, 181, 176, 174,
    173, 171, 179, 190, 195, 198, 200, 198, 196, 185, 180, 174, 177, 172,
    173, 174, 180, 191, 201, 202, 202, 200, 196, 193, 184, 184, 180, 178,
    180, 185, 199, 200, 202, 206, 202, 199, 191, 185, 181, 174, 177, 182,
    185, 194, 201, 207, 207, 208, 212, 210, 210, 209, 209, 208, 208, 208,
    206, 204, 206, 207, 206, 202, 204, 202, 202, 203, 203, 200, 199, 200,
    199, 201, 198, 198, 197, 197, 200 ]
RHandPositionsY: [ 95, 95, 99, 113, 115, 114, 122, 113, 102, 101, 101,
    100, 101, 101, 115, 125, 124, 125, 126, 112, 102, 103, 99, 99, 97,
    98, 97, 99, 115, 123, 120, 122, 124, 108, 106, 107, 103, 100, 99,
    100, 113, 119, 122, 122, 126, 126, 126, 110, 106, 104, 105, 101, 103,
    116, 126, 134, 144, 147, 150, 155, 160, 166, 171, 180, 193, 203, 207,
    215, 213, 214, 217, 218, 220, 221, 225, 227, 224, 227, 226, 224, 228,
    227, 226, 228, 225, 226, 228, 226 ]
