%YAML:1.0
---
videoName: "RHShake18.mp4"
gestureLabel: 2
fps: 30
pixelSizeInCmTemp: 3.3732394366197183e-01
faceCenterPointX: 275
faceCenterPointY: 40
LHandPositionsX: [ 376, 379, 375, 377, 376, 375, 375, 375, 378, 375, 375,
    377, 379, 378, 376, 377, 378, 375, 375, 378, 377, 376, 377, 375, 379,
    378, 377, 375, 376, 377, 376, 376, 379, 378, 376, 377, 378, 378, 376,
    379, 377, 376, 375, 376, 375, 375, 376, 376, 374, 374, 371, 370, 364,
    359, 351, 350, 338, 332, 325, 317, 305, 301, 302, 298, 296, 287, 289,
    290, 296, 296, 292, 291, 290, 292, 291, 290, 292, 289, 288, 288, 289,
    291, 288, 287, 288, 285, 285, 287, 285, 286, 286 ]
LHandPositionsY: [ 231, 229, 230, 231, 232, 230, 232, 231, 229, 232, 230,
    231, 232, 233, 229, 233, 231, 233, 231, 231, 232, 232, 232, 231, 233,
    231, 233, 229, 230, 230, 231, 233, 229, 230, 231, 231, 229, 233, 230,
    231, 231, 229, 232, 232, 230, 229, 230, 232, 231, 231, 236, 239, 236,
    238, 235, 235, 234, 235, 230, 231, 228, 232, 232, 230, 235, 233, 233,
    239, 238, 240, 242, 240, 243, 242, 243, 242, 240, 242, 239, 241, 240,
    243, 243, 242, 243, 240, 240, 242, 243, 241, 240 ]
RHandPositionsX: [ 155, 152, 151, 146, 148, 147, 150, 157, 161, 162, 166,
    161, 154, 151, 149, 149, 158, 163, 169, 170, 169, 162, 160, 159, 157,
    158, 157, 163, 162, 169, 163, 161, 157, 154, 155, 164, 173, 173, 171,
    169, 166, 158, 159, 154, 160, 168, 170, 180, 189, 199, 208, 222, 233,
    241, 256, 260, 269, 255, 252, 248, 247, 241, 238, 238, 237, 237, 233,
    234, 234, 235, 240, 238, 238, 240, 237, 237, 239, 239, 237, 239, 236,
    237, 239, 238, 238, 239, 239, 238, 238, 237, 237 ]
RHandPositionsY: [ 72, 73, 68, 68, 66, 65, 69, 71, 72, 72, 73, 71, 69,
    66, 68, 67, 69, 72, 73, 74, 70, 73, 67, 69, 68, 70, 72, 76, 78, 73,
    77, 72, 74, 75, 75, 79, 92, 90, 93, 88, 89, 86, 86, 83, 83, 90, 96,
    102, 109, 123, 132, 144, 152, 163, 171, 184, 192, 195, 196, 199, 203,
    208, 207, 212, 213, 217, 219, 219, 223, 224, 226, 225, 228, 226, 225,
    226, 224, 227, 225, 228, 226, 227, 227, 228, 224, 226, 227, 228, 226,
    226, 224 ]
