%YAML:1.0
---
videoName: "RHShake10.mp4"
gestureLabel: 2
fps: 29
pixelSizeInCmTemp: 3.1933333333333330e-01
faceCenterPointX: 295
faceCenterPointY: 45
LHandPositionsX: [ 341, 339, 343, 342, 338, 337, 339, 337, 334, 331, 331,
    333, 330, 327, 328, 326, 326, 327, 327, 328, 327, 330, 330, 330, 327,
    329, 329, 329, 327, 330, 330, 330, 329, 327, 330, 329, 327, 327, 328,
    330, 326, 329, 330, 330, 329, 326, 329, 327, 329, 327, 329, 327, 329,
    326, 330, 326, 326, 329, 326, 328, 330, 327, 329, 327, 327, 326, 330,
    326, 326, 329, 326, 329, 330, 328, 327, 328, 330, 330, 331, 329, 329,
    329, 329, 331, 329, 327, 328, 328 ]
LHandPositionsY: [ 262, 264, 267, 266, 264, 266, 266, 267, 270, 268, 272,
    273, 269, 272, 270, 274, 270, 274, 273, 270, 271, 273, 271, 274, 271,
    272, 274, 273, 269, 270, 269, 272, 272, 273, 273, 271, 269, 268, 270,
    268, 269, 271, 271, 270, 268, 270, 269, 268, 272, 268, 268, 270, 268,
    269, 270, 268, 269, 269, 272, 269, 268, 272, 269, 270, 272, 269, 269,
    268, 272, 272, 268, 270, 272, 271, 267, 269, 271, 270, 271, 267, 270,
    267, 267, 268, 271, 271, 270, 269 ]
RHandPositionsX: [ 261, 263, 261, 259, 262, 260, 262, 261, 257, 258, 259,
    261, 261, 258, 262, 261, 257, 256, 261, 251, 240, 224, 199, 182, 169,
    152, 136, 138, 138, 136, 144, 149, 152, 162, 167, 164, 157, 157, 159,
    158, 161, 170, 177, 179, 178, 176, 170, 170, 173, 170, 176, 188, 188,
    194, 190, 182, 178, 175, 177, 179, 182, 189, 190, 195, 192, 183, 176,
    176, 173, 177, 179, 190, 196, 206, 212, 218, 225, 229, 237, 243, 250,
    252, 251, 258, 260, 263, 261, 260 ]
RHandPositionsY: [ 264, 267, 266, 266, 264, 265, 264, 264, 267, 266, 264,
    269, 265, 267, 267, 269, 268, 268, 266, 258, 245, 229, 211, 191, 173,
    153, 130, 116, 114, 98, 88, 86, 87, 87, 86, 84, 79, 78, 78, 77, 78,
    81, 86, 86, 84, 76, 78, 74, 78, 82, 84, 88, 89, 96, 87, 84, 82, 81,
    81, 83, 87, 91, 94, 95, 88, 89, 83, 82, 82, 85, 94, 107, 125, 146,
    162, 177, 195, 215, 229, 242, 257, 257, 261, 262, 266, 266, 266, 266 ]
