%YAML:1.0
---
videoName: "RHShake05.mp4"
gestureLabel: 2
fps: 30
pixelSizeInCmTemp: 3.1103896103896100e-01
faceCenterPointX: 295
faceCenterPointY: 47
LHandPositionsX: [ 410, 409, 408, 410, 410, 409, 410, 412, 408, 412, 411,
    412, 412, 411, 412, 410, 411, 410, 412, 412, 410, 410, 411, 410, 412,
    408, 411, 409, 410, 409, 412, 412, 411, 412, 410, 411, 409, 412, 412,
    411, 412, 410, 410, 408, 409, 410, 409, 410, 408, 410, 408, 409, 410,
    412, 408, 410, 412, 411, 411, 409, 408, 412, 412, 409, 411, 412, 412,
    408, 408, 408, 410, 409, 409, 412, 411, 412, 410, 408, 409, 412, 410,
    411, 411, 408, 409, 408, 412, 409, 412, 410, 410 ]
LHandPositionsY: [ 260, 257, 261, 257, 261, 261, 261, 258, 258, 259, 261,
    258, 260, 261, 261, 260, 257, 261, 258, 259, 259, 257, 257, 258, 259,
    261, 261, 257, 259, 261, 259, 261, 260, 260, 260, 257, 257, 257, 257,
    261, 257, 261, 258, 259, 261, 259, 258, 257, 261, 261, 259, 259, 261,
    258, 260, 259, 258, 260, 257, 261, 260, 258, 260, 257, 258, 260, 261,
    259, 259, 258, 260, 261, 257, 259, 259, 258, 257, 258, 260, 260, 260,
    261, 260, 258, 260, 261, 257, 257, 260, 258, 258 ]
RHandPositionsX: [ 176, 176, 173, 177, 173, 173, 175, 176, 177, 176, 173,
    172, 173, 175, 174, 172, 172, 173, 173, 171, 170, 172, 170, 176, 176,
    175, 180, 180, 172, 164, 151, 155, 152, 161, 164, 173, 187, 200, 190,
    183, 173, 173, 172, 170, 174, 176, 190, 185, 177, 175, 171, 169, 169,
    176, 179, 191, 182, 177, 173, 170, 168, 167, 174, 188, 193, 194, 186,
    183, 179, 182, 182, 179, 191, 192, 194, 192, 181, 175, 169, 175, 173,
    177, 183, 186, 188, 192, 182, 180, 176, 177, 179 ]
RHandPositionsY: [ 261, 262, 261, 259, 259, 260, 260, 259, 261, 262, 259,
    261, 261, 261, 262, 258, 261, 259, 259, 258, 260, 261, 263, 258, 260,
    249, 231, 205, 179, 156, 130, 130, 106, 90, 89, 90, 95, 92, 89, 85,
    83, 78, 77, 79, 86, 87, 82, 83, 79, 72, 73, 73, 78, 87, 86, 91, 87,
    86, 86, 83, 82, 85, 89, 92, 92, 90, 90, 85, 83, 83, 81, 87, 91, 91,
    90, 88, 89, 88, 86, 93, 112, 134, 159, 181, 203, 222, 227, 235, 245,
    250, 246 ]
