%YAML:1.0
---
videoName: "RHShake18.mp4"
gestureLabel: 2
fps: 30
pixelSizeInCmTemp: 3.3732394366197183e-01
faceCenterPointX: 275
faceCenterPointY: 40
LHandPositionsX: [ 379, 376, 376, 377, 375, 379, 378, 377, 375, 376, 379,
    377, 379, 377, 375, 377, 379, 377, 377, 377, 375, 377, 375, 376, 379,
    375, 376, 376, 378, 376, 377, 377, 376, 378, 375, 377, 376, 377, 376,
    378, 376, 376, 379, 375, 378, 375, 377, 377, 375, 373, 372, 372, 363,
    358, 350, 350, 338, 333, 326, 315, 305, 302, 299, 300, 297, 288, 290,
    290, 295, 294, 292, 289, 291, 290, 289, 291, 288, 291, 288, 291, 287,
    291, 289, 288, 287, 287, 288, 288, 289, 285, 285 ]
LHandPositionsY: [ 232, 231, 233, 231, 230, 229, 229, 230, 229, 230, 231,
    231, 230, 233, 233, 232, 232, 232, 230, 230, 233, 229, 232, 232, 231,
    232, 232, 230, 231, 229, 229, 233, 232, 233, 229, 229, 232, 232, 231,
    231, 231, 231, 233, 231, 233, 230, 229, 233, 228, 230, 233, 236, 239,
    236, 238, 237, 232, 231, 230, 228, 229, 231, 233, 231, 234, 235, 235,
    239, 236, 242, 240, 244, 241, 241, 239, 240, 239, 243, 241, 239, 242,
    242, 243, 240, 240, 239, 241, 239, 243, 241, 243 ]
RHandPositionsX: [ 156, 152, 153, 149, 146, 150, 152, 161, 165, 166, 167,
    161, 155, 153, 153, 150, 154, 163, 166, 170, 169, 163, 161, 158, 158,
    155, 158, 165, 164, 166, 164, 159, 160, 156, 157, 162, 176, 173, 174,
    167, 165, 159, 158, 156, 162, 167, 172, 181, 188, 198, 208, 221, 230,
    244, 253, 261, 269, 255, 250, 250, 246, 242, 242, 237, 237, 238, 233,
    234, 234, 234, 239, 240, 238, 238, 239, 236, 238, 240, 238, 236, 239,
    239, 240, 238, 238, 238, 237, 238, 237, 240, 237 ]
RHandPositionsY: [ 71, 69, 67, 71, 68, 65, 66, 67, 72, 76, 72, 70, 70,
    66, 69, 69, 69, 69, 70, 70, 71, 70, 70, 69, 66, 71, 70, 73, 77, 73,
    76, 73, 72, 75, 73, 81, 92, 90, 95, 91, 90, 87, 85, 83, 84, 87, 100,
    101, 111, 124, 134, 141, 153, 162, 174, 180, 190, 192, 198, 199, 203,
    207, 210, 213, 213, 214, 220, 221, 224, 225, 228, 229, 226, 225, 225,
    225, 228, 225, 224, 226, 226, 226, 225, 227, 224, 227, 228, 225, 225,
    228, 227 ]
