%YAML:1.0
---
videoName: "RHShake03.mp4"
gestureLabel: 2
fps: 29
pixelSizeInCmTemp: 3.1103896103896100e-01
faceCenterPointX: 294
faceCenterPointY: 48
LHandPositionsX: [ 412, 410, 411, 409, 412, 409, 408, 408, 411, 412, 410,
    411, 411, 410, 408, 409, 409, 409, 412, 411, 409, 408, 410, 412, 411,
    412, 410, 411, 408, 411, 409, 410, 409, 412, 411, 412, 412, 408, 412,
    409, 410, 411, 409, 411, 408, 411, 411, 409, 411, 408, 411, 408, 409,
    412, 409, 410, 408, 409, 411, 410, 411, 410, 410, 408, 410, 411, 412,
    411, 409, 410, 411, 408, 410, 409, 410, 409, 410, 409, 410, 410, 408,
    407, 411, 408, 409, 410, 411, 408 ]
LHandPositionsY: [ 264, 260, 260, 260, 264, 261, 261, 260, 260, 260, 263,
    261, 261, 264, 260, 263, 264, 263, 264, 263, 262, 264, 264, 264, 260,
    260, 260, 264, 260, 263, 263, 262, 261, 264, 263, 264, 260, 261, 263,
    262, 262, 260, 260, 264, 264, 260, 260, 263, 263, 261, 263, 260, 261,
    263, 260, 260, 263, 263, 263, 262, 263, 261, 262, 264, 264, 264, 264,
    262, 263, 261, 261, 264, 260, 262, 261, 264, 263, 260, 262, 264, 263,
    263, 263, 262, 261, 260, 260, 261 ]
RHandPositionsX: [ 180, 181, 180, 179, 175, 176, 174, 177, 174, 173, 176,
    177, 172, 176, 172, 176, 171, 174, 174, 173, 173, 171, 172, 175, 171,
    172, 174, 174, 173, 173, 172, 170, 173, 170, 162, 158, 150, 151, 149,
    149, 156, 165, 180, 186, 190, 190, 184, 177, 175, 172, 173, 179, 182,
    184, 182, 174, 174, 172, 167, 171, 177, 189, 201, 208, 198, 193, 190,
    186, 185, 182, 184, 192, 199, 210, 211, 207, 201, 195, 192, 182, 182,
    182, 185, 181, 180, 180, 183, 182 ]
RHandPositionsY: [ 257, 259, 261, 261, 258, 260, 263, 261, 259, 261, 258,
    262, 260, 262, 260, 259, 262, 262, 260, 258, 262, 262, 261, 260, 260,
    260, 261, 258, 259, 260, 267, 266, 255, 241, 220, 198, 178, 157, 144,
    129, 121, 121, 117, 116, 111, 106, 105, 100, 97, 101, 100, 103, 106,
    107, 104, 100, 101, 99, 97, 94, 103, 109, 110, 110, 108, 105, 102,
    106, 100, 102, 105, 115, 127, 140, 157, 177, 202, 210, 216, 239, 239,
    242, 246, 251, 251, 255, 254, 251 ]
