%YAML:1.0
---
videoName: "RHShake12.mp4"
gestureLabel: 2
fps: 29
pixelSizeInCmTemp: 3.3732394366197183e-01
faceCenterPointX: 299
faceCenterPointY: 45
LHandPositionsX: [ 407, 406, 407, 408, 404, 406, 404, 406, 408, 408, 408,
    405, 406, 405, 405, 408, 406, 404, 404, 404, 404, 405, 405, 407, 404,
    405, 404, 405, 408, 405, 404, 408, 405, 408, 406, 408, 406, 406, 407,
    407, 405, 407, 407, 404, 408, 404, 407, 406, 408, 404, 404, 408, 406,
    406, 407, 404, 406, 408, 408, 408, 408, 408, 407, 407, 405, 405, 407,
    405, 407, 405, 408, 404, 405, 405, 405, 404, 405, 405, 404, 404, 404,
    404, 406, 408, 404, 405, 407, 406 ]
LHandPositionsY: [ 242, 239, 239, 240, 243, 243, 241, 242, 239, 241, 239,
    242, 241, 240, 243, 241, 240, 240, 241, 243, 242, 243, 242, 240, 241,
    240, 243, 241, 241, 243, 243, 240, 241, 242, 240, 239, 239, 242, 242,
    241, 240, 240, 242, 242, 240, 242, 239, 241, 242, 243, 243, 243, 240,
    241, 241, 239, 243, 239, 240, 243, 240, 241, 243, 239, 243, 243, 239,
    241, 241, 243, 243, 240, 239, 239, 239, 242, 240, 240, 242, 242, 241,
    243, 239, 239, 240, 240, 240, 240 ]
RHandPositionsX: [ 171, 168, 162, 163, 164, 174, 180, 191, 190, 197, 191,
    185, 176, 172, 171, 167, 171, 178, 185, 185, 189, 182, 181, 172, 171,
    168, 167, 173, 186, 195, 192, 191, 183, 182, 177, 176, 171, 173, 182,
    190, 198, 196, 187, 180, 173, 174, 174, 173, 179, 189, 194, 195, 194,
    192, 186, 181, 176, 175, 174, 175, 179, 191, 199, 200, 203, 198, 193,
    191, 186, 184, 183, 184, 190, 194, 196, 196, 199, 200, 202, 201, 198,
    200, 199, 200, 196, 199, 199, 201 ]
RHandPositionsY: [ 138, 126, 117, 112, 107, 92, 98, 104, 107, 110, 100,
    91, 93, 89, 90, 83, 81, 89, 102, 103, 108, 95, 89, 87, 85, 86, 85,
    90, 99, 113, 112, 107, 102, 94, 93, 94, 91, 89, 94, 113, 114, 116,
    104, 101, 94, 96, 91, 89, 95, 111, 109, 110, 114, 104, 92, 90, 88,
    92, 88, 87, 94, 107, 121, 120, 121, 118, 110, 106, 110, 114, 117,
    127, 138, 147, 162, 161, 166, 173, 186, 194, 200, 211, 215, 218, 221,
    227, 228, 230 ]
