%YAML:1.0
---
videoName: "RHShake16.mp4"
gestureLabel: 2
fps: 29
pixelSizeInCmTemp: 3.2808219178082193e-01
faceCenterPointX: 281
faceCenterPointY: 44
LHandPositionsX: [ 371, 373, 373, 369, 370, 370, 372, 370, 371, 373, 370,
    373, 370, 373, 371, 372, 372, 372, 369, 369, 371, 372, 373, 373, 369,
    371, 371, 371, 373, 372, 373, 369, 372, 373, 373, 373, 373, 372, 373,
    369, 371, 371, 370, 369, 373, 371, 369, 369, 369, 369, 373, 370, 371,
    373, 369, 370, 369, 373, 369, 369, 373, 369, 373, 371, 369, 369, 370,
    373, 370, 369, 373, 372, 370, 372, 372, 373, 369, 371, 371, 369, 373,
    369, 372, 372, 369, 372, 371, 369 ]
LHandPositionsY: [ 232, 232, 230, 234, 232, 231, 233, 234, 230, 234, 232,
    234, 231, 231, 231, 233, 232, 233, 233, 234, 233, 231, 230, 233, 234,
    233, 230, 232, 234, 230, 233, 230, 232, 232, 231, 232, 234, 233, 231,
    232, 231, 230, 231, 232, 230, 233, 230, 230, 234, 232, 230, 234, 232,
    233, 231, 233, 232, 231, 230, 233, 232, 232, 230, 233, 232, 231, 230,
    229, 230, 232, 231, 232, 229, 231, 230, 230, 233, 231, 229, 232, 231,
    230, 230, 231, 232, 229, 232, 233 ]
RHandPositionsX: [ 168, 169, 169, 170, 167, 171, 168, 171, 168, 167, 167,
    171, 167, 169, 168, 168, 170, 168, 161, 153, 152, 147, 136, 129, 127,
    124, 119, 123, 123, 124, 125, 130, 137, 141, 146, 142, 135, 134, 136,
    140, 139, 145, 150, 152, 150, 148, 147, 149, 147, 149, 151, 153, 152,
    152, 146, 145, 149, 144, 146, 152, 152, 155, 157, 155, 152, 150, 147,
    151, 152, 163, 166, 172, 172, 174, 179, 172, 178, 174, 174, 170, 169,
    169, 170, 170, 172, 171, 171, 171 ]
RHandPositionsY: [ 269, 269, 267, 266, 267, 265, 267, 268, 268, 265, 267,
    268, 267, 267, 265, 269, 264, 266, 257, 243, 220, 200, 177, 160, 146,
    130, 114, 115, 110, 105, 105, 102, 98, 94, 94, 93, 93, 90, 90, 86,
    90, 91, 92, 90, 90, 86, 86, 87, 86, 86, 88, 87, 87, 87, 86, 84, 84,
    86, 89, 87, 91, 88, 90, 90, 88, 87, 92, 92, 101, 120, 135, 145, 162,
    173, 183, 188, 197, 203, 209, 218, 222, 224, 225, 233, 238, 234, 236,
    237 ]
