%YAML:1.0
---
videoName: "RHShake04.mp4"
gestureLabel: 2
fps: 29
pixelSizeInCmTemp: 3.1513157894736843e-01
faceCenterPointX: 292
faceCenterPointY: 47
LHandPositionsX: [ 412, 410, 412, 410, 412, 412, 412, 408, 408, 409, 411,
    410, 409, 408, 408, 408, 412, 411, 411, 409, 408, 408, 408, 407, 407,
    408, 405, 408, 408, 408, 408, 406, 405, 407, 407, 407, 408, 408, 407,
    408, 406, 409, 407, 407, 408, 408, 409, 409, 406, 405, 409, 405, 409,
    408, 406, 407, 407, 407, 406, 408, 406, 408, 403, 407, 407, 405, 404,
    403, 404, 405, 406, 406, 404, 402, 404, 404, 403, 405, 403, 403, 402,
    401, 401, 401, 405, 405, 404, 405 ]
LHandPositionsY: [ 266, 265, 263, 264, 262, 263, 261, 265, 265, 264, 264,
    265, 264, 263, 265, 262, 264, 262, 260, 262, 262, 261, 262, 261, 260,
    261, 263, 261, 264, 264, 261, 262, 262, 261, 261, 260, 261, 262, 263,
    263, 262, 260, 263, 264, 260, 260, 261, 264, 261, 260, 264, 262, 260,
    260, 264, 261, 263, 261, 263, 260, 262, 259, 263, 259, 259, 262, 262,
    260, 259, 258, 261, 258, 259, 258, 262, 258, 258, 258, 262, 261, 261,
    260, 258, 261, 261, 260, 260, 258 ]
RHandPositionsX: [ 179, 179, 182, 180, 180, 182, 180, 181, 178, 181, 181,
    177, 177, 177, 177, 180, 177, 177, 179, 179, 179, 176, 179, 184, 181,
    173, 171, 164, 165, 163, 164, 166, 181, 189, 195, 188, 187, 181, 172,
    168, 167, 166, 172, 174, 178, 175, 180, 174, 169, 166, 166, 170, 178,
    179, 179, 180, 173, 171, 169, 173, 169, 176, 178, 183, 195, 189, 185,
    179, 171, 172, 171, 171, 172, 175, 185, 188, 191, 189, 188, 190, 185,
    188, 185, 178, 178, 175, 177, 174 ]
RHandPositionsY: [ 267, 266, 268, 264, 266, 264, 265, 267, 264, 267, 265,
    265, 267, 271, 270, 268, 269, 269, 271, 267, 268, 273, 265, 244, 222,
    196, 171, 149, 127, 123, 120, 103, 100, 101, 102, 103, 96, 94, 93,
    95, 91, 89, 93, 98, 96, 96, 96, 95, 93, 93, 92, 96, 97, 98, 96, 98,
    96, 97, 94, 91, 93, 94, 97, 96, 95, 97, 93, 95, 93, 96, 92, 97, 102,
    108, 122, 131, 140, 152, 164, 178, 195, 211, 222, 229, 237, 247, 250,
    247 ]
