%YAML:1.0
---
videoName: "RHShake15.mp4"
gestureLabel: 2
fps: 29
pixelSizeInCmTemp: 3.2808219178082193e-01
faceCenterPointX: 279
faceCenterPointY: 41
LHandPositionsX: [ 372, 369, 368, 368, 372, 371, 372, 369, 368, 370, 368,
    368, 370, 370, 372, 372, 371, 370, 371, 371, 368, 368, 370, 371, 368,
    372, 372, 371, 370, 372, 370, 372, 372, 368, 370, 370, 368, 372, 370,
    372, 370, 369, 370, 369, 371, 371, 372, 369, 369, 369, 370, 372, 371,
    368, 368, 371, 370, 368, 372, 369, 371, 371, 371, 370, 371, 370, 371,
    369, 370, 371, 368, 372, 371, 372, 372, 370, 371, 372, 371, 372, 368,
    370, 368, 369, 371, 372, 371, 369 ]
LHandPositionsY: [ 232, 233, 235, 235, 236, 236, 236, 235, 234, 235, 236,
    232, 235, 236, 235, 232, 236, 235, 235, 232, 233, 234, 236, 235, 234,
    236, 236, 232, 234, 236, 236, 232, 234, 232, 236, 234, 236, 232, 232,
    232, 233, 233, 236, 233, 235, 234, 234, 235, 234, 234, 231, 232, 232,
    233, 233, 233, 232, 234, 235, 232, 232, 231, 231, 235, 232, 231, 234,
    232, 232, 233, 231, 234, 234, 234, 232, 231, 231, 232, 234, 232, 232,
    231, 231, 231, 233, 235, 234, 232 ]
RHandPositionsX: [ 139, 126, 113, 109, 110, 112, 110, 103, 106, 110, 110,
    114, 114, 112, 110, 110, 112, 107, 107, 110, 116, 115, 116, 111, 108,
    106, 109, 107, 109, 107, 112, 116, 114, 117, 111, 112, 108, 112, 114,
    117, 111, 111, 118, 116, 122, 123, 120, 126, 123, 121, 119, 120, 126,
    129, 125, 124, 126, 129, 120, 118, 123, 124, 129, 135, 137, 143, 140,
    139, 139, 140, 145, 148, 151, 152, 156, 155, 159, 160, 159, 159, 158,
    159, 157, 160, 157, 160, 160, 161 ]
RHandPositionsY: [ 189, 170, 157, 146, 144, 140, 132, 125, 121, 114, 111,
    106, 102, 97, 97, 97, 98, 96, 94, 92, 93, 91, 94, 91, 94, 93, 96, 93,
    92, 96, 99, 105, 105, 102, 100, 103, 104, 105, 103, 106, 103, 106,
    111, 113, 107, 104, 106, 105, 103, 106, 105, 107, 113, 115, 116, 114,
    109, 113, 110, 113, 112, 117, 127, 134, 150, 163, 170, 183, 194, 202,
    207, 219, 229, 236, 241, 241, 247, 248, 249, 248, 249, 249, 245, 245,
    246, 247, 246, 249 ]
