%YAML:1.0
---
videoName: "RHShake02.mp4"
gestureLabel: 2
fps: 29
pixelSizeInCmTemp: 3.1933333333333330e-01
faceCenterPointX: 291
faceCenterPointY: 51
LHandPositionsX: [ 405, 408, 405, 406, 409, 407, 405, 407, 406, 407, 406,
    407, 409, 409, 405, 406, 404, 407, 404, 408, 405, 406, 407, 408, 408,
    407, 403, 403, 403, 406, 405, 403, 402, 404, 403, 401, 405, 402, 402,
    404, 401, 403, 400, 402, 402, 399, 399, 399, 398, 401, 400, 398, 399,
    399, 397, 397, 399, 400, 397, 397, 399, 398, 396, 398, 396, 396, 397,
    399, 397, 397, 395, 397, 398, 398, 399, 395, 399, 399, 395, 398, 396,
    398, 398, 396, 397, 396, 396, 397 ]
LHandPositionsY: [ 261, 261, 265, 264, 265, 261, 262, 262, 264, 263, 265,
    262, 265, 264, 262, 265, 263, 263, 262, 263, 263, 261, 264, 260, 261,
    260, 262, 264, 262, 261, 262, 261, 263, 263, 260, 262, 260, 262, 263,
    264, 260, 260, 261, 263, 261, 264, 260, 263, 264, 263, 260, 260, 261,
    263, 264, 260, 264, 263, 262, 261, 262, 264, 261, 263, 261, 264, 260,
    262, 263, 263, 262, 261, 261, 263, 260, 262, 264, 260, 264, 261, 260,
    263, 261, 263, 260, 263, 260, 263 ]
RHandPositionsX: [ 175, 172, 171, 174, 172, 170, 171, 170, 174, 174, 170,
    170, 171, 170, 172, 170, 170, 170, 173, 171, 170, 173, 174, 171, 173,
    173, 176, 176, 177, 173, 169, 162, 161, 153, 152, 155, 160, 176, 184,
    180, 179, 176, 173, 164, 161, 160, 162, 170, 180, 184, 190, 186, 185,
    180, 166, 165, 164, 164, 172, 183, 184, 182, 182, 175, 176, 173, 168,
    169, 172, 176, 184, 194, 197, 202, 201, 195, 193, 184, 187, 183, 179,
    175, 176, 178, 175, 175, 173, 174 ]
RHandPositionsY: [ 266, 266, 267, 263, 265, 263, 266, 265, 264, 265, 264,
    266, 267, 265, 267, 263, 263, 266, 267, 264, 267, 265, 265, 265, 265,
    267, 264, 247, 228, 208, 187, 167, 144, 125, 110, 102, 98, 95, 100,
    96, 97, 94, 92, 88, 90, 87, 87, 92, 99, 99, 100, 99, 90, 90, 86, 85,
    86, 92, 94, 98, 101, 99, 100, 95, 95, 92, 92, 92, 92, 96, 105, 116,
    130, 144, 156, 176, 193, 214, 227, 229, 235, 246, 243, 250, 253, 254,
    254, 256 ]
