%YAML:1.0
---
videoName: "RHShake00.mp4"
gestureLabel: 2
fps: 29
pixelSizeInCmTemp: 3.4710144927536229e-01
faceCenterPointX: 283
faceCenterPointY: 97
LHandPositionsX: [ 343, 345, 344, 345, 344, 343, 342, 345, 345, 342, 343,
    343, 346, 346, 346, 342, 342, 342, 345, 342, 343, 343, 344, 342, 345,
    345, 345, 343, 344, 346, 344, 342, 346, 342, 345, 342, 342, 346, 345,
    346, 343, 344, 343, 344, 344, 345, 346, 345, 345, 342, 342, 342, 346,
    346, 346, 342, 342, 344, 342, 346, 346, 343, 345, 343, 344, 343, 344,
    344, 343, 342, 344, 344, 343, 344, 345, 343, 342, 344, 342, 342, 346,
    344, 342, 345, 344, 346, 342, 343 ]
LHandPositionsY: [ 273, 276, 273, 274, 275, 274, 275, 274, 276, 276, 275,
    272, 273, 273, 274, 272, 276, 272, 273, 273, 274, 275, 274, 274, 273,
    274, 275, 273, 274, 276, 276, 274, 275, 272, 274, 272, 276, 275, 276,
    276, 275, 272, 275, 276, 275, 275, 272, 275, 275, 275, 274, 276, 276,
    274, 273, 272, 273, 274, 274, 275, 275, 275, 272, 276, 274, 273, 274,
    276, 276, 276, 275, 275, 273, 274, 274, 275, 272, 272, 275, 273, 276,
    274, 273, 274, 275, 276, 272, 273 ]
RHandPositionsX: [ 179, 173, 165, 157, 151, 147, 144, 144, 143, 140, 142,
    149, 153, 167, 168, 165, 169, 169, 165, 157, 151, 154, 147, 148, 154,
    163, 165, 167, 168, 165, 159, 149, 150, 148, 150, 157, 162, 162, 163,
    162, 164, 154, 151, 142, 139, 146, 150, 150, 152, 156, 157, 162, 158,
    151, 143, 143, 144, 148, 153, 161, 163, 163, 168, 162, 156, 151, 147,
    143, 143, 145, 152, 151, 156, 159, 162, 168, 172, 174, 176, 182, 185,
    186, 188, 193, 191, 197, 196, 195 ]
RHandPositionsY: [ 258, 249, 242, 221, 203, 185, 178, 167, 160, 151, 140,
    134, 132, 134, 140, 140, 134, 130, 127, 123, 122, 122, 122, 119, 128,
    133, 132, 131, 136, 132, 126, 125, 124, 125, 133, 133, 140, 139, 140,
    138, 142, 135, 134, 131, 131, 133, 132, 138, 139, 139, 137, 138, 135,
    129, 131, 129, 134, 133, 139, 144, 147, 146, 148, 145, 142, 137, 136,
    135, 142, 147, 154, 163, 170, 176, 182, 192, 200, 204, 212, 221, 227,
    238, 243, 248, 251, 257, 261, 262 ]
