%YAML:1.0
---
videoName: "RHShake18.mp4"
gestureLabel: 2
fps: 30
pixelSizeInCmTemp: 3.3732394366197183e-01
faceCenterPointX: 275
faceCenterPointY: 40
LHandPositionsX: [ 376, 377, 378, 377, 375, 377, 379, 376, 376, 379, 379,
    378, 377, 379, 376, 376, 375, 379, 375, 375, 375, 377, 375, 379, 377,
    376, 376, 379, 376, 377, 375, 378, 377, 375, 378, 379, 377, 378, 377,
    375, 375, 378, 375, 375, 377, 379, 376, 378, 376, 375, 372, 370, 364,
    356, 354, 349, 338, 332, 323, 314, 301, 300, 302, 298, 295, 288, 290,
    292, 292, 296, 291, 293, 289, 289, 293, 291, 288, 289, 288, 288, 287,
    291, 290, 287, 288, 285, 287, 286, 288, 285, 286 ]
LHandPositionsY: [ 230, 233, 230, 230, 233, 232, 229, 232, 231, 231, 231,
    231, 229, 231, 229, 232, 231, 233, 232, 231, 231, 229, 230, 229, 229,
    230, 233, 232, 229, 232, 229, 232, 232, 232, 233, 230, 230, 231, 233,
    233, 231, 232, 232, 230, 231, 232, 231, 230, 229, 227, 232, 235, 239,
    239, 234, 234, 232, 231, 231, 231, 232, 230, 230, 232, 234, 235, 233,
    239, 239, 241, 240, 240, 240, 243, 243, 240, 240, 243, 239, 240, 243,
    240, 240, 243, 241, 239, 242, 241, 242, 239, 243 ]
RHandPositionsX: [ 157, 153, 154, 147, 149, 148, 153, 157, 165, 166, 166,
    162, 158, 152, 152, 150, 155, 163, 166, 168, 169, 163, 159, 159, 160,
    156, 157, 163, 166, 167, 162, 158, 160, 154, 157, 162, 174, 175, 173,
    168, 162, 159, 156, 156, 160, 165, 172, 182, 190, 201, 209, 218, 231,
    245, 253, 263, 266, 257, 250, 249, 247, 240, 240, 238, 236, 234, 234,
    236, 237, 236, 242, 237, 239, 238, 239, 237, 238, 236, 237, 238, 237,
    240, 237, 238, 236, 237, 239, 238, 237, 240, 238 ]
RHandPositionsY: [ 74, 69, 69, 67, 68, 67, 67, 70, 71, 74, 73, 67, 68,
    70, 69, 67, 70, 71, 73, 73, 71, 70, 68, 70, 65, 67, 72, 75, 80, 74,
    77, 76, 71, 73, 77, 79, 92, 92, 95, 90, 86, 88, 87, 83, 83, 87, 97,
    102, 111, 124, 134, 143, 152, 161, 174, 184, 188, 192, 198, 199, 202,
    207, 210, 211, 215, 215, 219, 220, 223, 226, 229, 229, 224, 225, 227,
    226, 226, 227, 225, 225, 225, 228, 227, 227, 227, 225, 228, 224, 227,
    224, 227 ]
