%YAML:1.0
---
videoName: "RHShake02.mp4"
gestureLabel: 2
fps: 29
pixelSizeInCmTemp: 3.1933333333333330e-01
faceCenterPointX: 291
faceCenterPointY: 51
LHandPositionsX: [ 409, 407, 406, 408, 405, 405, 408, 409, 406, 405, 409,
    407, 405, 405, 406, 407, 407, 405, 404, 406, 408, 408, 404, 406, 405,
    404, 405, 405, 406, 402, 406, 405, 402, 402, 402, 401, 405, 403, 404,
    403, 401, 400, 404, 403, 400, 399, 402, 400, 399, 402, 401, 398, 398,
    400, 399, 399, 398, 399, 399, 397, 400, 400, 398, 397, 397, 397, 395,
    399, 395, 398, 397, 397, 398, 396, 398, 397, 399, 397, 395, 397, 399,
    398, 398, 395, 396, 397, 396, 398 ]
LHandPositionsY: [ 261, 265, 262, 264, 265, 263, 265, 261, 261, 262, 264,
    263, 263, 264, 263, 261, 263, 262, 263, 261, 260, 262, 264, 262, 264,
    263, 264, 264, 262, 263, 264, 263, 261, 262, 261, 261, 264, 264, 260,
    260, 261, 262, 260, 264, 262, 264, 262, 264, 260, 261, 264, 260, 260,
    260, 261, 262, 264, 263, 264, 262, 261, 262, 262, 263, 263, 260, 262,
    262, 261, 261, 264, 260, 261, 264, 263, 263, 262, 261, 263, 260, 264,
    264, 261, 264, 262, 262, 264, 264 ]
RHandPositionsX: [ 175, 174, 174, 171, 171, 170, 172, 172, 170, 170, 172,
    174, 172, 171, 172, 172, 172, 174, 174, 173, 174, 171, 171, 172, 172,
    171, 176, 178, 175, 173, 166, 159, 159, 154, 151, 153, 159, 177, 185,
    179, 181, 177, 172, 163, 163, 157, 159, 166, 178, 186, 191, 186, 182,
    180, 167, 169, 164, 167, 173, 180, 185, 183, 178, 179, 176, 173, 168,
    169, 168, 176, 183, 193, 198, 202, 200, 199, 194, 186, 186, 184, 180,
    179, 179, 174, 174, 175, 173, 177 ]
RHandPositionsY: [ 267, 264, 266, 264, 263, 265, 263, 267, 265, 264, 267,
    267, 266, 264, 263, 264, 263, 265, 264, 264, 265, 265, 263, 263, 267,
    266, 266, 246, 230, 209, 189, 167, 145, 124, 113, 99, 96, 93, 99, 99,
    94, 91, 92, 91, 89, 88, 88, 92, 95, 98, 98, 97, 93, 91, 87, 86, 86,
    91, 93, 102, 97, 101, 96, 97, 92, 91, 91, 93, 96, 96, 104, 118, 131,
    142, 158, 174, 195, 211, 224, 232, 237, 242, 243, 251, 251, 253, 255,
    253 ]
