%YAML:1.0
---
videoName: "RHShake24.mp4"
gestureLabel: 2
fps: 30
pixelSizeInCmTemp: 3.3732394366197183e-01
faceCenterPointX: 304
faceCenterPointY: 46
LHandPositionsX: [ 392, 391, 392, 391, 389, 393, 393, 392, 390, 393, 391,
    389, 391, 393, 391, 389, 389, 393, 392, 392, 393, 389, 391, 393, 391,
    390, 392, 391, 390, 393, 392, 390, 393, 389, 391, 391, 390, 390, 390,
    393, 389, 390, 391, 392, 390, 391, 390, 389, 389, 390, 389, 391, 391,
    389, 390, 393, 393, 391, 390, 391, 389, 392, 393, 392, 389, 389, 391,
    393, 392, 393, 389, 392, 392, 391, 390, 389, 390, 390, 392, 389, 389,
    389, 389, 391, 389, 393, 391, 393, 390, 392, 390 ]
LHandPositionsY: [ 227, 226, 225, 226, 229, 227, 227, 226, 227, 227, 226,
    225, 225, 225, 227, 229, 227, 228, 225, 226, 226, 228, 228, 226, 229,
    227, 228, 225, 229, 226, 228, 228, 227, 226, 227, 229, 227, 227, 228,
    228, 229, 225, 226, 228, 225, 228, 229, 228, 227, 227, 228, 229, 229,
    229, 225, 228, 228, 226, 228, 225, 227, 227, 228, 229, 227, 225, 226,
    228, 225, 228, 229, 225, 229, 228, 226, 225, 227, 227, 227, 229, 226,
    226, 226, 229, 227, 229, 229, 225, 229, 227, 229 ]
RHandPositionsX: [ 144, 148, 148, 149, 155, 157, 152, 148, 148, 140, 140,
    137, 145, 155, 164, 160, 164, 161, 158, 157, 148, 144, 146, 139, 139,
    148, 156, 156, 161, 159, 158, 153, 150, 145, 141, 145, 149, 155, 158,
    157, 158, 164, 157, 153, 149, 145, 143, 140, 141, 149, 159, 164, 167,
    170, 170, 165, 159, 150, 150, 147, 147, 148, 151, 163, 165, 167, 171,
    170, 175, 177, 178, 182, 187, 187, 188, 192, 193, 192, 193, 191, 195,
    193, 194, 192, 194, 192, 196, 192, 195, 195, 193 ]
RHandPositionsY: [ 95, 104, 101, 99, 105, 98, 95, 88, 87, 89, 87, 87, 86,
    101, 111, 113, 114, 113, 105, 99, 98, 95, 94, 94, 93, 99, 112, 110,
    113, 115, 107, 99, 96, 98, 94, 93, 90, 94, 102, 109, 108, 115, 106,
    102, 99, 98, 97, 95, 93, 109, 122, 119, 122, 122, 118, 104, 103, 103,
    101, 97, 96, 95, 102, 112, 114, 115, 122, 124, 132, 140, 151, 150,
    150, 160, 166, 170, 180, 186, 198, 203, 208, 208, 214, 213, 216, 221,
    222, 224, 226, 225, 229 ]
