%YAML:1.0
---
videoName: "RHShake21.mp4"
gestureLabel: 2
fps: 29
pixelSizeInCmTemp: 3.3732394366197183e-01
faceCenterPointX: 293
faceCenterPointY: 47
LHandPositionsX: [ 398, 397, 397, 396, 397, 395, 395, 396, 398, 394, 397,
    397, 397, 397, 395, 398, 394, 395, 398, 396, 396, 395, 394, 395, 398,
    394, 396, 398, 397, 394, 397, 396, 398, 396, 398, 394, 398, 395, 395,
    398, 398, 395, 394, 395, 395, 394, 397, 395, 398, 398, 395, 394, 397,
    398, 397, 397, 398, 397, 394, 398, 398, 395, 394, 398, 394, 397, 394,
    397, 394, 396, 395, 395, 394, 398, 397, 396, 397, 397, 396, 396, 397,
    394, 397, 396, 398, 395, 397, 396 ]
LHandPositionsY: [ 238, 239, 240, 240, 238, 240, 239, 241, 242, 242, 241,
    241, 242, 239, 242, 239, 240, 238, 242, 240, 242, 240, 239, 238, 240,
    240, 239, 238, 241, 240, 238, 242, 238, 240, 241, 242, 242, 241, 238,
    241, 240, 242, 240, 241, 241, 242, 240, 240, 238, 238, 239, 241, 238,
    242, 242, 241, 241, 241, 239, 241, 240, 240, 238, 240, 239, 240, 240,
    241, 238, 240, 240, 242, 240, 241, 241, 239, 240, 241, 242, 238, 239,
    240, 241, 240, 240, 242, 239, 240 ]
RHandPositionsX: [ 134, 140, 140, 142, 146, 146, 143, 138, 139, 136, 132,
    139, 145, 147, 150, 148, 147, 145, 138, 138, 137, 135, 137, 143, 146,
    151, 151, 148, 145, 142, 137, 137, 139, 138, 141, 148, 149, 152, 150,
    147, 142, 139, 137, 133, 137, 138, 144, 146, 152, 150, 146, 144, 138,
    137, 133, 135, 141, 146, 153, 161, 170, 175, 177, 180, 181, 182, 185,
    189, 189, 188, 188, 191, 188, 186, 189, 188, 185, 185, 189, 188, 189,
    188, 188, 187, 187, 186, 187, 185 ]
RHandPositionsY: [ 81, 86, 89, 91, 86, 83, 81, 81, 81, 82, 82, 87, 89,
    89, 93, 91, 93, 85, 86, 84, 84, 83, 80, 89, 90, 93, 94, 90, 91, 85,
    84, 84, 83, 86, 85, 90, 90, 96, 94, 88, 86, 87, 85, 84, 86, 90, 99,
    95, 98, 96, 98, 96, 95, 95, 94, 91, 94, 106, 116, 129, 138, 153, 151,
    151, 159, 169, 181, 188, 198, 209, 213, 212, 221, 227, 226, 226, 226,
    230, 231, 227, 228, 229, 231, 227, 231, 229, 231, 228 ]
