%YAML:1.0
---
videoName: "RHShake04.mp4"
gestureLabel: 2
fps: 29
pixelSizeInCmTemp: 3.1513157894736843e-01
faceCenterPointX: 292
faceCenterPointY: 47
LHandPositionsX: [ 413, 410, 411, 412, 411, 409, 410, 410, 410, 410, 413,
    410, 412, 411, 411, 410, 408, 410, 407, 408, 410, 408, 408, 406, 409,
    409, 406, 407, 409, 408, 406, 408, 408, 407, 405, 407, 409, 405, 406,
    405, 407, 406, 406, 405, 407, 407, 406, 408, 406, 406, 406, 407, 407,
    405, 408, 409, 409, 408, 405, 409, 406, 406, 404, 405, 404, 405, 407,
    406, 405, 402, 404, 406, 402, 405, 405, 405, 403, 404, 406, 404, 404,
    404, 402, 401, 405, 401, 402, 404 ]
LHandPositionsY: [ 266, 264, 263, 264, 266, 266, 265, 261, 263, 266, 263,
    263, 264, 265, 262, 263, 262, 261, 260, 262, 264, 263, 264, 260, 261,
    263, 260, 260, 262, 262, 262, 262, 261, 261, 262, 263, 260, 261, 260,
    262, 260, 263, 263, 260, 264, 264, 264, 260, 263, 263, 261, 263, 262,
    260, 261, 263, 260, 261, 263, 264, 262, 261, 260, 259, 262, 259, 260,
    262, 259, 258, 262, 260, 258, 258, 261, 262, 258, 258, 258, 261, 258,
    261, 258, 261, 257, 258, 260, 259 ]
RHandPositionsX: [ 178, 178, 182, 181, 181, 180, 179, 177, 181, 181, 180,
    180, 180, 181, 180, 180, 180, 180, 177, 179, 176, 177, 179, 181, 180,
    176, 170, 167, 161, 165, 166, 165, 179, 188, 194, 192, 187, 181, 173,
    169, 167, 166, 170, 173, 180, 175, 181, 172, 169, 166, 165, 171, 177,
    180, 180, 177, 176, 172, 168, 171, 169, 177, 178, 185, 196, 187, 184,
    177, 171, 174, 169, 169, 170, 176, 185, 190, 194, 190, 190, 189, 189,
    187, 186, 177, 177, 173, 173, 176 ]
RHandPositionsY: [ 267, 266, 266, 268, 264, 264, 264, 267, 267, 267, 265,
    265, 269, 271, 270, 270, 268, 268, 267, 268, 270, 272, 269, 248, 224,
    195, 169, 149, 123, 121, 119, 102, 97, 102, 104, 100, 100, 94, 96,
    91, 88, 92, 93, 97, 95, 98, 95, 93, 92, 90, 92, 94, 100, 96, 98, 95,
    96, 95, 91, 93, 93, 97, 96, 99, 97, 95, 96, 97, 92, 94, 93, 94, 99,
    109, 121, 131, 142, 154, 165, 178, 193, 210, 223, 228, 237, 245, 247,
    251 ]
