%YAML:1.0
---
videoName: "RHShake11.mp4"
gestureLabel: 2
fps: 29
pixelSizeInCmTemp: 3.3263888888888887e-01
faceCenterPointX: 274
faceCenterPointY: 53
LHandPositionsX: [ 308, 310, 307, 309, 308, 308, 310, 309, 309, 308, 310,
    310, 307, 308, 311, 308, 307, 307, 311, 309, 310, 310, 311, 310, 308,
    307, 311, 311, 308, 310, 311, 310, 308, 308, 310, 309, 307, 307, 311,
    309, 310, 311, 307, 309, 310, 307, 311, 307, 307, 307, 308, 311, 310,
    310, 309, 307, 308, 307, 309, 307, 309, 307, 307, 307, 308, 310, 307,
    311, 310, 311, 308, 307, 310, 308, 308, 309, 309, 306, 306, 305, 304,
    306, 306, 306, 303, 304, 305, 304 ]
LHandPositionsY: [ 248, 246, 248, 247, 246, 249, 247, 249, 245, 249, 245,
    246, 245, 245, 245, 245, 248, 248, 248, 247, 247, 249, 248, 248, 248,
    248, 247, 245, 248, 248, 247, 245, 245, 248, 249, 247, 248, 248, 246,
    249, 249, 245, 246, 245, 249, 246, 247, 248, 245, 246, 245, 245, 245,
    249, 248, 245, 246, 247, 246, 245, 245, 248, 247, 247, 249, 249, 246,
    248, 248, 247, 244, 243, 245, 244, 244, 243, 246, 245, 246, 245, 244,
    243, 247, 243, 243, 246, 247, 246 ]
RHandPositionsX: [ 247, 247, 248, 247, 235, 226, 209, 190, 172, 158, 149,
    140, 148, 144, 149, 156, 159, 164, 171, 173, 169, 165, 157, 156, 154,
    154, 161, 166, 169, 167, 170, 166, 164, 158, 156, 159, 154, 152, 159,
    167, 169, 166, 172, 168, 167, 158, 159, 156, 155, 160, 163, 172, 175,
    177, 177, 179, 174, 169, 163, 167, 161, 158, 160, 163, 169, 180, 195,
    208, 218, 231, 242, 249, 256, 261, 264, 262, 262, 263, 260, 260, 258,
    260, 262, 259, 261, 258, 260, 260 ]
RHandPositionsY: [ 245, 249, 247, 243, 230, 220, 206, 192, 177, 162, 143,
    125, 125, 113, 104, 103, 106, 104, 101, 102, 103, 98, 98, 95, 94, 93,
    94, 100, 103, 102, 101, 98, 100, 97, 97, 95, 95, 96, 101, 104, 106,
    104, 106, 105, 105, 105, 97, 98, 99, 98, 102, 105, 107, 108, 105,
    107, 104, 100, 100, 101, 103, 101, 101, 109, 119, 131, 145, 156, 172,
    187, 201, 213, 223, 227, 235, 237, 238, 238, 242, 239, 240, 241, 239,
    240, 239, 240, 238, 241 ]
