%YAML:1.0
---
videoName: "RHShake07.mp4"
gestureLabel: 2
fps: 29
pixelSizeInCmTemp: 3.2364864864864862e-01
faceCenterPointX: 292
faceCenterPointY: 44
LHandPositionsX: [ 309, 307, 307, 309, 308, 310, 308, 307, 306, 307, 311,
    310, 311, 312, 309, 314, 312, 314, 311, 314, 314, 313, 312, 314, 314,
    314, 310, 312, 310, 313, 312, 314, 313, 312, 316, 315, 315, 316, 313,
    313, 315, 316, 314, 312, 315, 313, 313, 312, 312, 314, 312, 312, 315,
    313, 315, 312, 315, 314, 313, 312, 312, 313, 312, 312, 312, 314, 312,
    316, 314, 314, 313, 316, 314, 313, 316, 317, 317, 315, 314, 315, 309,
    311, 308, 312, 308, 311, 309, 311 ]
LHandPositionsY: [ 270, 271, 271, 271, 269, 271, 269, 270, 273, 272, 270,
    272, 272, 272, 270, 270, 271, 268, 269, 270, 271, 271, 268, 270, 271,
    269, 267, 268, 267, 268, 269, 268, 268, 271, 271, 271, 270, 267, 268,
    267, 270, 268, 271, 271, 267, 267, 269, 267, 267, 268, 270, 270, 271,
    269, 271, 270, 267, 271, 267, 268, 270, 268, 267, 270, 267, 268, 271,
    269, 269, 271, 269, 266, 267, 268, 270, 268, 270, 267, 271, 270, 272,
    272, 273, 274, 275, 274, 271, 272 ]
RHandPositionsX: [ 264, 263, 267, 266, 267, 263, 264, 268, 264, 268, 267,
    261, 256, 237, 217, 197, 176, 161, 155, 157, 157, 154, 156, 161, 162,
    181, 191, 183, 176, 171, 167, 166, 179, 179, 185, 187, 183, 177, 170,
    167, 174, 175, 183, 183, 185, 182, 177, 174, 167, 166, 169, 181, 184,
    200, 192, 186, 181, 175, 170, 172, 166, 163, 169, 174, 173, 185, 177,
    177, 174, 166, 157, 168, 179, 194, 213, 232, 245, 258, 269, 276, 272,
    271, 270, 264, 266, 265, 266, 267 ]
RHandPositionsY: [ 255, 253, 253, 253, 253, 253, 254, 252, 253, 258, 250,
    244, 230, 216, 204, 183, 165, 154, 133, 129, 124, 115, 118, 126, 126,
    116, 101, 97, 91, 91, 87, 89, 110, 103, 102, 100, 98, 94, 91, 93, 92,
    94, 97, 97, 96, 98, 94, 91, 91, 84, 83, 89, 97, 102, 97, 97, 96, 93,
    93, 88, 90, 87, 92, 93, 89, 94, 90, 89, 88, 89, 95, 117, 137, 148,
    166, 188, 203, 228, 237, 243, 244, 250, 251, 254, 251, 256, 257, 257 ]
