%YAML:1.0
---
videoName: "RHShake14.mp4"
gestureLabel: 2
fps: 30
pixelSizeInCmTemp: 3.2808219178082193e-01
faceCenterPointX: 277
faceCenterPointY: 42
LHandPositionsX: [ 376, 375, 377, 375, 375, 378, 377, 379, 375, 377, 375,
    375, 377, 376, 373, 377, 373, 376, 372, 372, 375, 375, 376, 372, 375,
    376, 375, 374, 374, 376, 376, 374, 376, 372, 375, 376, 373, 372, 373,
    373, 376, 374, 372, 376, 372, 372, 375, 372, 375, 372, 374, 376, 373,
    372, 374, 374, 376, 376, 375, 373, 372, 372, 374, 374, 375, 372, 373,
    372, 374, 375, 376, 373, 372, 376, 375, 374, 373, 376, 374, 375, 375,
    375, 376, 372, 375, 372, 375, 374, 372, 375, 372 ]
LHandPositionsY: [ 231, 233, 233, 233, 233, 230, 233, 232, 233, 229, 230,
    232, 229, 233, 233, 229, 232, 232, 230, 230, 229, 232, 230, 232, 230,
    233, 230, 233, 230, 230, 232, 230, 230, 230, 229, 233, 230, 231, 231,
    233, 232, 229, 229, 229, 230, 232, 233, 230, 233, 230, 230, 233, 230,
    232, 229, 230, 231, 231, 229, 232, 233, 233, 229, 233, 229, 233, 232,
    232, 230, 229, 229, 233, 230, 229, 229, 231, 230, 229, 229, 233, 231,
    233, 232, 233, 233, 233, 231, 231, 229, 229, 233 ]
RHandPositionsX: [ 171, 172, 173, 173, 173, 174, 172, 173, 172, 174, 170,
    174, 171, 173, 173, 174, 173, 174, 174, 173, 174, 172, 172, 171, 170,
    173, 171, 169, 161, 149, 137, 127, 125, 118, 116, 121, 129, 131, 136,
    141, 142, 146, 146, 144, 145, 144, 148, 152, 157, 161, 157, 159, 155,
    150, 155, 155, 159, 168, 167, 164, 160, 156, 158, 158, 159, 162, 163,
    172, 172, 177, 179, 178, 176, 177, 175, 171, 178, 179, 174, 172, 173,
    173, 174, 171, 174, 172, 170, 170, 170, 170, 171 ]
RHandPositionsY: [ 243, 243, 242, 242, 239, 239, 243, 243, 243, 243, 239,
    241, 239, 240, 242, 240, 239, 239, 239, 241, 243, 240, 242, 242, 241,
    244, 247, 234, 216, 196, 173, 154, 136, 116, 115, 110, 105, 108, 113,
    116, 119, 104, 99, 93, 86, 87, 86, 83, 84, 80, 80, 77, 78, 77, 78,
    78, 81, 81, 77, 76, 80, 75, 74, 76, 78, 83, 85, 104, 119, 134, 144,
    156, 170, 179, 194, 195, 197, 201, 214, 219, 215, 223, 222, 227, 234,
    234, 235, 236, 233, 237, 237 ]
