%YAML:1.0
---
videoName: "RHShake07.mp4"
gestureLabel: 2
fps: 29
pixelSizeInCmTemp: 3.2364864864864862e-01
faceCenterPointX: 292
faceCenterPointY: 44
LHandPositionsX: [ 311, 310, 308, 306, 306, 308, 310, 308, 308, 305, 308,
    308, 312, 310, 311, 311, 314, 314, 312, 310, 312, 310, 314, 311, 311,
    312, 312, 311, 312, 313, 314, 314, 315, 314, 315, 313, 316, 313, 316,
    314, 313, 312, 313, 316, 314, 316, 316, 313, 315, 313, 313, 313, 314,
    315, 314, 314, 316, 315, 314, 313, 313, 315, 316, 314, 316, 315, 316,
    316, 312, 315, 312, 317, 317, 316, 315, 317, 314, 315, 316, 311, 308,
    308, 311, 308, 309, 312, 310, 312 ]
LHandPositionsY: [ 269, 271, 271, 270, 271, 271, 268, 269, 270, 272, 272,
    270, 270, 269, 271, 268, 269, 271, 268, 267, 268, 270, 269, 271, 271,
    269, 270, 270, 271, 269, 268, 268, 271, 267, 270, 269, 269, 270, 269,
    267, 270, 267, 270, 267, 269, 268, 268, 267, 270, 267, 271, 270, 268,
    271, 269, 267, 270, 267, 267, 271, 268, 271, 267, 268, 271, 269, 267,
    271, 269, 267, 270, 268, 269, 270, 268, 269, 270, 268, 271, 268, 273,
    270, 272, 275, 273, 272, 271, 272 ]
RHandPositionsX: [ 265, 263, 268, 266, 263, 263, 266, 268, 264, 270, 267,
    261, 255, 235, 218, 198, 178, 164, 153, 155, 159, 153, 156, 158, 163,
    182, 188, 183, 176, 169, 167, 166, 182, 179, 186, 184, 182, 176, 168,
    169, 171, 173, 183, 182, 186, 183, 178, 172, 166, 163, 168, 183, 187,
    200, 196, 186, 184, 175, 172, 169, 166, 163, 170, 176, 173, 182, 177,
    176, 172, 168, 156, 168, 178, 197, 216, 229, 244, 257, 270, 277, 273,
    271, 268, 267, 264, 264, 268, 268 ]
RHandPositionsY: [ 255, 255, 255, 251, 251, 255, 255, 253, 256, 258, 252,
    242, 230, 216, 202, 185, 166, 153, 135, 131, 126, 111, 122, 123, 128,
    116, 103, 97, 94, 94, 86, 88, 107, 106, 104, 97, 98, 92, 91, 91, 92,
    95, 98, 96, 96, 95, 95, 89, 90, 88, 85, 90, 96, 104, 100, 98, 95, 92,
    92, 89, 89, 87, 91, 94, 91, 94, 89, 85, 86, 91, 92, 119, 138, 147,
    164, 184, 207, 227, 234, 241, 246, 246, 253, 254, 254, 255, 253, 257 ]
