%YAML:1.0
---
videoName: "RHShake17.mp4"
gestureLabel: 2
fps: 29
pixelSizeInCmTemp: 3.3732394366197183e-01
faceCenterPointX: 282
faceCenterPointY: 40
LHandPositionsX: [ 309, 307, 308, 305, 308, 308, 309, 305, 305, 308, 308,
    307, 306, 309, 306, 308, 307, 309, 308, 309, 306, 306, 307, 307, 306,
    306, 308, 305, 307, 307, 309, 307, 306, 308, 307, 309, 305, 309, 308,
    308, 308, 306, 310, 307, 307, 308, 306, 306, 309, 309, 312, 307, 308,
    310, 309, 307, 311, 311, 309, 311, 311, 308, 308, 307, 308, 310, 308,
    310, 307, 307, 311, 309, 308, 307, 309, 310, 307, 309, 308, 308, 309,
    305, 308, 307, 308, 307, 308, 307 ]
LHandPositionsY: [ 233, 233, 231, 233, 231, 233, 233, 231, 232, 232, 231,
    235, 232, 231, 232, 234, 231, 235, 234, 234, 235, 235, 233, 234, 235,
    233, 235, 231, 235, 234, 235, 235, 231, 233, 231, 234, 232, 235, 233,
    233, 235, 234, 234, 232, 234, 232, 234, 235, 233, 231, 235, 231, 231,
    233, 235, 233, 232, 231, 231, 233, 235, 234, 232, 232, 233, 233, 234,
    231, 233, 232, 235, 234, 231, 234, 234, 235, 233, 234, 234, 234, 232,
    233, 233, 232, 232, 232, 233, 234 ]
RHandPositionsX: [ 214, 198, 175, 158, 140, 142, 143, 149, 145, 141, 144,
    152, 154, 151, 147, 147, 145, 144, 144, 147, 162, 160, 157, 152, 148,
    149, 145, 142, 146, 152, 154, 157, 159, 155, 150, 145, 143, 141, 140,
    153, 152, 152, 153, 162, 154, 153, 151, 152, 156, 159, 171, 170, 167,
    161, 158, 155, 151, 152, 146, 150, 151, 165, 172, 178, 179, 177, 178,
    174, 174, 172, 176, 169, 169, 167, 170, 170, 172, 169, 169, 169, 171,
    169, 169, 170, 167, 170, 168, 169 ]
RHandPositionsY: [ 200, 183, 169, 148, 128, 113, 110, 101, 96, 93, 97,
    90, 83, 81, 76, 71, 68, 70, 68, 75, 77, 74, 72, 72, 67, 68, 65, 69,
    65, 66, 66, 69, 65, 68, 65, 65, 64, 65, 68, 81, 83, 83, 78, 78, 77,
    76, 75, 75, 72, 77, 90, 92, 86, 80, 77, 76, 81, 80, 79, 81, 94, 108,
    118, 133, 146, 158, 170, 184, 189, 198, 209, 214, 220, 229, 232, 233,
    238, 240, 237, 240, 241, 244, 240, 244, 240, 244, 246, 244 ]
