%YAML:1.0
---
videoName: "RHShake14.mp4"
gestureLabel: 2
fps: 30
pixelSizeInCmTemp: 3.2808219178082193e-01
faceCenterPointX: 277
faceCenterPointY: 42
LHandPositionsX: [ 377, 379, 375, 377, 378, 378, 379, 378, 377, 377, 379,
    374, 376, 378, 377, 377, 377, 376, 373, 376, 374, 375, 374, 372, 373,
    376, 374, 375, 376, 372, 373, 373, 374, 374, 373, 372, 376, 373, 376,
    375, 375, 375, 376, 376, 376, 372, 375, 374, 372, 376, 375, 375, 373,
    372, 376, 372, 375, 375, 374, 376, 373, 373, 375, 375, 372, 372, 374,
    374, 373, 372, 373, 375, 372, 372, 375, 375, 374, 372, 372, 372, 373,
    373, 376, 373, 374, 372, 372, 375, 376, 374, 376 ]
LHandPositionsY: [ 231, 232, 233, 231, 229, 230, 230, 233, 233, 230, 230,
    233, 231, 229, 233, 231, 230, 229, 233, 230, 231, 231, 231, 232, 231,
    232, 231, 232, 229, 233, 232, 233, 230, 233, 230, 230, 231, 232, 230,
    229, 229, 233, 229, 230, 230, 233, 231, 229, 233, 233, 229, 233, 230,
    231, 232, 233, 231, 230, 233, 232, 230, 230, 230, 230, 230, 229, 232,
    232, 232, 231, 232, 232, 230, 231, 233, 231, 229, 230, 233, 231, 230,
    229, 231, 233, 231, 232, 230, 229, 231, 229, 232 ]
RHandPositionsX: [ 172, 170, 172, 174, 171, 173, 171, 171, 172, 173, 174,
    173, 173, 174, 171, 171, 171, 171, 172, 170, 173, 174, 171, 173, 170,
    171, 169, 171, 161, 151, 134, 128, 125, 115, 115, 123, 129, 130, 134,
    139, 145, 149, 144, 145, 145, 147, 151, 155, 155, 161, 156, 158, 151,
    149, 156, 159, 162, 167, 168, 162, 157, 155, 157, 159, 155, 165, 162,
    169, 174, 179, 178, 180, 176, 180, 175, 174, 177, 177, 176, 171, 173,
    173, 172, 172, 173, 173, 173, 173, 174, 170, 173 ]
RHandPositionsY: [ 240, 239, 240, 240, 239, 243, 243, 239, 239, 242, 241,
    242, 240, 240, 243, 242, 240, 243, 241, 241, 243, 242, 241, 242, 243,
    244, 244, 232, 212, 193, 171, 155, 135, 118, 112, 111, 102, 108, 115,
    114, 119, 107, 95, 92, 86, 88, 86, 82, 82, 84, 81, 80, 79, 75, 74,
    78, 82, 80, 81, 79, 79, 76, 76, 78, 81, 80, 84, 106, 120, 133, 146,
    156, 168, 181, 193, 194, 201, 203, 211, 219, 218, 220, 220, 229, 233,
    233, 233, 232, 233, 233, 238 ]
