%YAML:1.0
---
videoName: "RHShake18.mp4"
gestureLabel: 2
fps: 30
pixelSizeInCmTemp: 3.3732394366197183e-01
faceCenterPointX: 275
faceCenterPointY: 40
LHandPositionsX: [ 377, 376, 377, 377, 379, 379, 377, 377, 376, 378, 376,
    375, 377, 376, 376, 377, 376, 375, 377, 377, 375, 375, 379, 377, 379,
    379, 375, 379, 377, 378, 376, 376, 379, 378, 378, 378, 377, 379, 379,
    377, 376, 376, 375, 379, 377, 376, 375, 374, 373, 371, 372, 368, 365,
    360, 353, 346, 339, 332, 325, 318, 304, 300, 298, 299, 298, 287, 291,
    290, 296, 297, 293, 291, 291, 292, 293, 289, 290, 292, 291, 289, 291,
    289, 289, 286, 287, 287, 288, 285, 289, 288, 288 ]
LHandPositionsY: [ 232, 233, 229, 230, 229, 230, 229, 231, 231, 232, 232,
    232, 231, 231, 229, 232, 233, 232, 230, 231, 233, 229, 233, 230, 233,
    231, 231, 232, 233, 230, 229, 231, 229, 232, 233, 231, 232, 229, 230,
    229, 232, 229, 233, 233, 232, 233, 230, 231, 230, 229, 232, 237, 239,
    235, 234, 235, 235, 235, 229, 228, 230, 233, 232, 230, 235, 232, 233,
    238, 239, 242, 241, 240, 239, 243, 243, 241, 240, 239, 239, 240, 242,
    242, 239, 239, 239, 240, 242, 242, 239, 242, 242 ]
RHandPositionsX: [ 159, 155, 153, 148, 147, 149, 151, 158, 162, 162, 163,
    164, 154, 155, 151, 147, 154, 161, 170, 168, 171, 163, 161, 156, 158,
    155, 159, 163, 164, 166, 165, 161, 160, 155, 156, 162, 176, 173, 175,
    171, 162, 161, 157, 157, 161, 166, 172, 181, 192, 199, 210, 220, 234,
    244, 252, 262, 267, 259, 249, 249, 247, 242, 240, 236, 237, 234, 235,
    234, 235, 238, 240, 237, 237, 236, 238, 239, 239, 239, 239, 236, 237,
    237, 239, 239, 237, 237, 238, 240, 238, 236, 236 ]
RHandPositionsY: [ 75, 73, 68, 70, 67, 69, 68, 69, 72, 73, 73, 71, 69,
    69, 67, 70, 70, 69, 72, 74, 71, 71, 67, 70, 68, 68, 72, 75, 78, 74,
    75, 73, 74, 73, 74, 79, 93, 89, 95, 89, 87, 87, 84, 83, 87, 89, 100,
    100, 111, 124, 133, 143, 152, 161, 172, 180, 190, 191, 197, 200, 201,
    208, 206, 211, 215, 216, 220, 218, 222, 224, 229, 229, 227, 225, 227,
    225, 226, 226, 226, 228, 226, 228, 225, 226, 224, 228, 225, 224, 227,
    225, 228 ]
