%YAML:1.0
---
videoName: "RHShake04.mp4"
gestureLabel: 2
fps: 29
pixelSizeInCmTemp: 3.1513157894736843e-01
faceCenterPointX: 292
faceCenterPointY: 47
LHandPositionsX: [ 411, 409, 411, 412, 411, 413, 409, 411, 412, 413, 412,
    411, 410, 410, 409, 409, 412, 412, 408, 410, 411, 408, 406, 409, 408,
    407, 405, 409, 406, 406, 405, 407, 408, 405, 409, 406, 409, 409, 407,
    409, 408, 409, 409, 409, 405, 406, 409, 406, 405, 406, 407, 405, 409,
    406, 406, 406, 408, 407, 407, 409, 406, 407, 404, 406, 403, 403, 403,
    405, 402, 405, 404, 402, 406, 403, 403, 406, 403, 402, 404, 404, 403,
    402, 402, 404, 401, 402, 404, 403 ]
LHandPositionsY: [ 262, 263, 266, 264, 265, 262, 262, 262, 264, 262, 264,
    262, 264, 263, 265, 261, 261, 261, 264, 260, 263, 263, 263, 263, 260,
    263, 260, 262, 263, 264, 261, 262, 260, 262, 261, 262, 262, 263, 260,
    263, 263, 262, 263, 264, 262, 264, 264, 263, 260, 260, 263, 263, 262,
    262, 262, 264, 261, 262, 264, 263, 261, 261, 259, 263, 263, 261, 262,
    259, 258, 259, 262, 258, 261, 260, 262, 260, 261, 260, 261, 261, 260,
    260, 260, 257, 257, 261, 258, 260 ]
RHandPositionsX: [ 181, 179, 183, 183, 183, 181, 180, 177, 177, 181, 177,
    177, 180, 180, 177, 176, 178, 180, 179, 175, 177, 177, 178, 182, 180,
    174, 168, 164, 164, 165, 162, 168, 179, 186, 191, 188, 188, 183, 174,
    171, 168, 168, 170, 176, 180, 177, 183, 174, 166, 166, 168, 172, 176,
    180, 178, 178, 174, 171, 167, 173, 171, 177, 179, 184, 194, 187, 184,
    179, 174, 171, 168, 169, 171, 177, 186, 190, 190, 193, 192, 189, 189,
    186, 186, 179, 174, 173, 175, 175 ]
RHandPositionsY: [ 266, 264, 265, 267, 264, 265, 264, 263, 264, 267, 266,
    265, 267, 267, 267, 268, 271, 270, 267, 270, 271, 274, 265, 246, 223,
    196, 173, 147, 127, 122, 121, 101, 96, 102, 104, 99, 96, 96, 94, 93,
    89, 92, 94, 96, 98, 98, 97, 93, 95, 92, 91, 95, 96, 100, 97, 96, 97,
    97, 91, 91, 93, 94, 98, 97, 94, 97, 94, 93, 96, 96, 96, 95, 100, 105,
    122, 133, 143, 154, 165, 179, 193, 209, 224, 227, 234, 243, 247, 250 ]
