%YAML:1.0
---
videoName: "RHShake02.mp4"
gestureLabel: 2
fps: 29
pixelSizeInCmTemp: 3.1933333333333330e-01
faceCenterPointX: 291
faceCenterPointY: 51
LHandPositionsX: [ 409, 409, 406, 408, 406, 405, 409, 405, 405, 409, 407,
    408, 406, 405, 405, 408, 408, 404, 406, 404, 407, 406, 406, 405, 404,
    406, 406, 406, 403, 406, 406, 402, 402, 401, 403, 401, 401, 405, 404,
    401, 400, 401, 401, 400, 403, 400, 400, 398, 401, 401, 401, 397, 399,
    399, 399, 397, 400, 400, 399, 396, 397, 399, 397, 398, 399, 396, 398,
    395, 398, 397, 395, 395, 398, 399, 396, 397, 398, 399, 396, 396, 395,
    398, 396, 396, 399, 396, 395, 399 ]
LHandPositionsY: [ 262, 265, 264, 264, 263, 264, 263, 261, 261, 261, 263,
    262, 264, 262, 263, 262, 264, 260, 263, 261, 264, 264, 260, 263, 260,
    263, 260, 261, 261, 261, 263, 260, 261, 263, 264, 263, 263, 260, 263,
    263, 260, 262, 261, 263, 261, 262, 262, 264, 263, 260, 264, 260, 264,
    263, 264, 264, 262, 260, 264, 260, 261, 260, 261, 263, 262, 262, 261,
    261, 264, 261, 261, 263, 261, 264, 261, 264, 261, 260, 261, 263, 260,
    264, 263, 263, 261, 264, 261, 264 ]
RHandPositionsX: [ 174, 174, 173, 174, 172, 174, 173, 170, 173, 174, 173,
    172, 171, 172, 171, 170, 173, 173, 174, 170, 172, 172, 172, 171, 174,
    173, 175, 180, 175, 173, 165, 162, 161, 156, 151, 155, 161, 175, 183,
    180, 182, 178, 172, 165, 161, 158, 158, 168, 181, 184, 194, 187, 181,
    177, 170, 169, 162, 168, 175, 181, 184, 184, 181, 179, 174, 173, 171,
    168, 169, 177, 183, 192, 195, 203, 199, 195, 196, 186, 187, 183, 179,
    177, 175, 175, 178, 173, 176, 175 ]
RHandPositionsY: [ 266, 267, 266, 267, 264, 265, 266, 266, 263, 264, 264,
    266, 266, 267, 267, 266, 265, 265, 265, 267, 266, 265, 263, 264, 267,
    266, 264, 246, 231, 211, 187, 169, 144, 122, 110, 101, 98, 94, 99,
    96, 93, 95, 93, 90, 89, 86, 90, 95, 95, 96, 100, 96, 92, 91, 87, 86,
    84, 88, 95, 98, 101, 97, 97, 97, 91, 93, 91, 92, 93, 96, 102, 117,
    131, 144, 160, 177, 194, 212, 228, 230, 238, 246, 246, 249, 249, 252,
    252, 256 ]
