%YAML:1.0
---
videoName: "RHShake18.mp4"
gestureLabel: 2
fps: 30
pixelSizeInCmTemp: 3.3732394366197183e-01
faceCenterPointX: 275
faceCenterPointY: 40
LHandPositionsX: [ 377, 376, 379, 375, 377, 377, 375, 375, 379, 378, 377,
    376, 376, 379, 376, 379, 377, 378, 377, 377, 377, 375, 378, 379, 379,
    379, 377, 377, 378, 377, 376, 376, 379, 376, 379, 375, 379, 377, 376,
    378, 378, 379, 375, 379, 377, 378, 377, 377, 373, 371, 373, 370, 363,
    357, 351, 347, 340, 334, 323, 316, 302, 298, 298, 299, 298, 288, 287,
    290, 293, 298, 294, 290, 292, 293, 293, 291, 288, 289, 292, 289, 288,
    291, 289, 289, 290, 285, 287, 285, 286, 286, 287 ]
LHandPositionsY: [ 231, 229, 231, 230, 233, 229, 233, 232, 229, 229, 230,
    232, 231, 231, 232, 232, 230, 232, 230, 232, 233, 230, 229, 230, 229,
    233, 230, 230, 230, 231, 230, 233, 231, 230, 233, 233, 233, 229, 229,
    233, 231, 231, 232, 230, 231, 230, 230, 231, 230, 230, 236, 236, 240,
    237, 238, 237, 232, 232, 231, 228, 228, 232, 233, 232, 234, 236, 237,
    237, 236, 238, 241, 244, 240, 242, 242, 243, 241, 242, 243, 240, 240,
    240, 241, 242, 241, 239, 242, 242, 239, 241, 241 ]
RHandPositionsX: [ 156, 156, 152, 145, 145, 148, 153, 161, 164, 163, 167,
    162, 157, 152, 151, 149, 157, 165, 167, 168, 169, 161, 161, 157, 160,
    155, 158, 162, 163, 166, 166, 160, 158, 157, 156, 160, 173, 173, 174,
    170, 166, 158, 157, 155, 158, 167, 171, 179, 188, 201, 210, 218, 231,
    244, 254, 259, 269, 258, 249, 247, 244, 242, 241, 240, 237, 237, 234,
    236, 234, 235, 240, 240, 240, 240, 237, 237, 237, 236, 238, 240, 237,
    237, 237, 236, 240, 236, 240, 240, 236, 237, 236 ]
RHandPositionsY: [ 74, 72, 69, 71, 66, 65, 68, 69, 74, 76, 73, 71, 71,
    67, 66, 67, 67, 69, 72, 71, 73, 72, 70, 67, 66, 71, 72, 73, 79, 74,
    75, 76, 75, 72, 74, 80, 92, 93, 94, 88, 89, 88, 87, 83, 85, 87, 100,
    101, 112, 122, 133, 143, 151, 161, 174, 181, 191, 193, 198, 201, 203,
    205, 208, 212, 215, 217, 218, 219, 224, 227, 227, 228, 227, 224, 227,
    226, 224, 227, 224, 227, 225, 226, 228, 228, 225, 228, 225, 226, 225,
    228, 225 ]
