%YAML:1.0
---
videoName: "RHShake18.mp4"
gestureLabel: 2
fps: 30
pixelSizeInCmTemp: 3.3732394366197183e-01
faceCenterPointX: 275
faceCenterPointY: 40
LHandPositionsX: [ 379, 375, 377, 378, 376, 377, 376, 375, 376, 376, 377,
    376, 376, 375, 375, 376, 378, 376, 376, 375, 376, 376, 377, 375, 377,
    375, 376, 378, 376, 378, 378, 378, 379, 377, 376, 378, 375, 378, 378,
    378, 377, 378, 375, 378, 377, 376, 379, 377, 374, 373, 374, 370, 364,
    359, 352, 347, 336, 334, 325, 315, 304, 298, 300, 300, 297, 290, 288,
    291, 293, 294, 293, 289, 290, 290, 289, 292, 292, 291, 288, 291, 287,
    291, 287, 290, 287, 289, 286, 287, 287, 287, 289 ]
LHandPositionsY: [ 231, 231, 230, 230, 230, 232, 233, 231, 232, 232, 230,
    229, 231, 233, 231, 229, 233, 229, 229, 230, 230, 233, 231, 231, 233,
    232, 232, 231, 230, 231, 229, 233, 229, 230, 229, 230, 230, 230, 233,
    233, 231, 229, 229, 233, 231, 232, 229, 231, 231, 227, 236, 235, 240,
    237, 236, 234, 233, 235, 227, 228, 230, 230, 234, 233, 231, 233, 237,
    235, 240, 242, 241, 240, 239, 241, 239, 241, 242, 242, 243, 239, 240,
    241, 243, 240, 240, 242, 239, 241, 243, 243, 240 ]
RHandPositionsX: [ 155, 154, 152, 147, 146, 148, 154, 158, 161, 163, 165,
    164, 154, 154, 152, 149, 155, 165, 170, 170, 169, 161, 161, 160, 156,
    157, 156, 162, 163, 169, 162, 160, 159, 154, 156, 161, 176, 175, 175,
    170, 165, 159, 157, 155, 159, 169, 171, 181, 191, 197, 206, 218, 230,
    244, 254, 261, 268, 259, 251, 248, 243, 244, 239, 240, 239, 235, 236,
    234, 236, 236, 240, 238, 239, 236, 239, 239, 239, 240, 240, 240, 236,
    239, 240, 238, 238, 238, 239, 236, 240, 239, 240 ]
RHandPositionsY: [ 74, 73, 68, 68, 66, 65, 68, 71, 73, 72, 72, 69, 71,
    67, 66, 67, 67, 69, 70, 71, 74, 69, 70, 69, 65, 70, 71, 73, 79, 77,
    75, 76, 71, 74, 76, 78, 91, 89, 92, 91, 86, 88, 86, 83, 84, 88, 98,
    104, 112, 123, 132, 144, 153, 163, 175, 180, 190, 192, 195, 199, 201,
    207, 208, 209, 213, 213, 217, 222, 224, 227, 229, 226, 226, 224, 227,
    225, 228, 228, 227, 225, 227, 225, 224, 228, 224, 227, 228, 224, 227,
    226, 224 ]
