%YAML:1.0
---
videoName: "RHShake13.mp4"
gestureLabel: 2
fps: 30
pixelSizeInCmTemp: 3.2808219178082193e-01
faceCenterPointX: 278
faceCenterPointY: 45
LHandPositionsX: [ 306, 308, 307, 305, 306, 305, 307, 306, 306, 309, 308,
    309, 307, 309, 305, 308, 305, 306, 306, 305, 307, 309, 309, 306, 309,
    309, 306, 309, 306, 307, 305, 306, 305, 305, 308, 308, 306, 307, 309,
    305, 306, 308, 309, 305, 309, 305, 309, 308, 307, 309, 307, 308, 307,
    306, 306, 307, 307, 307, 307, 308, 305, 305, 305, 306, 307, 308, 306,
    309, 306, 308, 305, 306, 307, 307, 306, 308, 306, 308, 307, 306, 302,
    304, 304, 303, 307, 303, 305, 306, 305, 304, 306 ]
LHandPositionsY: [ 242, 245, 245, 241, 245, 243, 242, 243, 241, 243, 241,
    242, 245, 243, 240, 242, 241, 243, 241, 243, 243, 241, 242, 242, 240,
    240, 239, 242, 241, 240, 241, 240, 239, 241, 240, 239, 243, 240, 241,
    242, 240, 240, 242, 239, 239, 241, 241, 238, 241, 239, 239, 239, 239,
    240, 240, 240, 240, 238, 239, 241, 241, 238, 238, 240, 239, 241, 241,
    240, 238, 242, 237, 238, 239, 239, 238, 235, 237, 235, 233, 235, 232,
    235, 232, 237, 241, 239, 243, 245, 243, 243, 246 ]
RHandPositionsX: [ 168, 153, 140, 140, 144, 143, 145, 142, 148, 147, 145,
    147, 141, 134, 135, 140, 144, 144, 147, 143, 135, 131, 131, 132, 128,
    132, 136, 138, 139, 137, 136, 131, 131, 133, 131, 135, 134, 136, 134,
    136, 134, 132, 134, 136, 137, 146, 147, 151, 148, 144, 143, 139, 137,
    137, 141, 143, 143, 142, 140, 138, 132, 131, 130, 134, 137, 140, 143,
    148, 155, 162, 167, 179, 188, 202, 212, 225, 235, 246, 255, 250, 249,
    251, 259, 260, 258, 258, 259, 261, 259, 261, 259 ]
RHandPositionsY: [ 154, 138, 122, 119, 116, 109, 103, 102, 100, 97, 92,
    91, 89, 88, 89, 86, 85, 91, 89, 89, 89, 86, 84, 85, 88, 85, 88, 89,
    88, 90, 89, 87, 91, 90, 88, 92, 91, 93, 90, 92, 89, 92, 88, 89, 89,
    95, 94, 96, 94, 93, 94, 93, 94, 95, 97, 100, 101, 98, 99, 97, 99, 97,
    94, 98, 102, 105, 107, 112, 120, 125, 137, 147, 157, 165, 176, 190,
    196, 209, 215, 215, 216, 219, 228, 236, 235, 239, 239, 238, 239, 241,
    242 ]
