%YAML:1.0
---
videoName: "RHShake23.mp4"
gestureLabel: 2
fps: 29
pixelSizeInCmTemp: 3.3263888888888887e-01
faceCenterPointX: 298
faceCenterPointY: 49
LHandPositionsX: [ 391, 390, 391, 388, 390, 389, 387, 390, 388, 389, 390,
    388, 388, 389, 387, 388, 389, 390, 388, 389, 390, 388, 388, 388, 387,
    387, 388, 387, 387, 389, 387, 388, 388, 389, 388, 391, 389, 390, 391,
    391, 387, 388, 390, 389, 391, 391, 389, 391, 388, 388, 389, 391, 387,
    391, 389, 391, 389, 390, 390, 390, 389, 387, 387, 388, 390, 391, 389,
    387, 390, 387, 391, 391, 391, 390, 389, 390, 388, 390, 390, 391, 389,
    389, 391, 391, 389, 387, 388, 387 ]
LHandPositionsY: [ 227, 224, 226, 227, 226, 225, 224, 225, 224, 226, 228,
    225, 225, 228, 225, 227, 227, 226, 226, 227, 225, 224, 227, 226, 224,
    227, 225, 226, 227, 225, 228, 227, 225, 224, 227, 227, 227, 225, 227,
    226, 226, 228, 225, 224, 225, 228, 226, 226, 224, 228, 224, 226, 224,
    224, 225, 227, 227, 227, 225, 228, 227, 225, 226, 228, 224, 226, 227,
    227, 225, 226, 228, 226, 225, 224, 228, 226, 224, 224, 226, 228, 224,
    224, 227, 224, 224, 226, 226, 225 ]
RHandPositionsX: [ 168, 169, 174, 186, 192, 189, 194, 189, 180, 180, 176,
    173, 171, 181, 186, 198, 197, 198, 200, 192, 184, 181, 178, 173, 170,
    169, 171, 179, 194, 200, 201, 201, 200, 195, 193, 187, 185, 182, 178,
    184, 188, 197, 201, 203, 205, 201, 200, 191, 186, 181, 174, 176, 180,
    185, 194, 199, 206, 209, 210, 211, 210, 210, 209, 209, 210, 206, 209,
    208, 204, 203, 203, 203, 203, 203, 201, 201, 200, 201, 200, 200, 201,
    201, 200, 199, 202, 200, 199, 197 ]
RHandPositionsY: [ 99, 93, 100, 112, 116, 113, 119, 112, 105, 99, 101,
    98, 97, 101, 114, 125, 124, 124, 127, 109, 101, 101, 98, 101, 97, 94,
    96, 100, 116, 124, 122, 123, 121, 106, 105, 106, 105, 103, 100, 103,
    114, 119, 123, 121, 124, 127, 126, 110, 109, 106, 103, 103, 102, 117,
    129, 136, 140, 148, 152, 152, 157, 166, 173, 182, 191, 202, 209, 216,
    212, 217, 219, 220, 223, 225, 223, 229, 227, 224, 226, 225, 227, 225,
    228, 228, 224, 224, 227, 225 ]
