%YAML:1.0
---
videoName: "RHShake17.mp4"
gestureLabel: 2
fps: 29
pixelSizeInCmTemp: 3.3732394366197183e-01
faceCenterPointX: 282
faceCenterPointY: 40
LHandPositionsX: [ 308, 305, 309, 307, 309, 309, 309, 306, 307, 306, 305,
    306, 309, 308, 307, 309, 309, 306, 305, 308, 308, 308, 306, 307, 307,
    308, 308, 306, 307, 305, 306, 307, 309, 309, 307, 305, 306, 307, 307,
    310, 309, 309, 308, 307, 310, 308, 306, 309, 310, 308, 311, 309, 309,
    309, 309, 309, 310, 309, 309, 311, 308, 307, 310, 309, 307, 309, 309,
    310, 309, 311, 307, 309, 306, 309, 306, 310, 309, 309, 306, 305, 306,
    306, 305, 309, 307, 307, 309, 307 ]
LHandPositionsY: [ 233, 233, 233, 233, 232, 231, 234, 234, 232, 235, 234,
    233, 231, 232, 233, 231, 234, 234, 232, 231, 232, 233, 231, 235, 233,
    231, 235, 234, 232, 231, 233, 234, 231, 233, 232, 232, 235, 235, 231,
    231, 234, 234, 233, 234, 233, 232, 231, 233, 232, 235, 234, 232, 235,
    233, 233, 233, 234, 234, 234, 235, 231, 233, 234, 234, 234, 235, 232,
    234, 234, 234, 235, 232, 231, 234, 231, 233, 232, 232, 234, 231, 232,
    231, 235, 234, 235, 235, 234, 235 ]
RHandPositionsX: [ 212, 197, 176, 160, 139, 145, 142, 145, 143, 141, 148,
    149, 155, 153, 149, 148, 143, 143, 143, 144, 164, 158, 155, 150, 149,
    146, 148, 143, 146, 152, 152, 161, 161, 157, 148, 146, 140, 139, 137,
    155, 151, 152, 156, 158, 156, 153, 148, 150, 158, 159, 170, 171, 164,
    165, 158, 156, 152, 151, 147, 148, 154, 165, 172, 176, 176, 176, 179,
    177, 171, 171, 173, 169, 167, 171, 169, 168, 173, 170, 168, 167, 167,
    168, 170, 170, 169, 166, 169, 168 ]
RHandPositionsY: [ 200, 187, 167, 149, 128, 110, 107, 105, 98, 93, 96,
    91, 84, 79, 76, 71, 70, 70, 67, 71, 79, 75, 74, 73, 69, 68, 68, 65,
    66, 66, 70, 67, 67, 66, 67, 65, 65, 64, 66, 84, 82, 82, 82, 78, 77,
    73, 72, 75, 71, 73, 88, 92, 85, 82, 78, 76, 77, 81, 76, 81, 94, 108,
    117, 136, 148, 157, 168, 183, 191, 198, 207, 217, 222, 231, 232, 233,
    237, 238, 237, 238, 240, 241, 242, 242, 241, 242, 245, 246 ]
