%YAML:1.0
---
videoName: "RHShake19.mp4"
gestureLabel: 2
fps: 29
pixelSizeInCmTemp: 3.2808219178082193e-01
faceCenterPointX: 283
faceCenterPointY: 48
LHandPositionsX: [ 389, 388, 391, 390, 391, 388, 388, 392, 389, 388, 392,
    390, 389, 391, 392, 389, 389, 391, 389, 389, 390, 389, 389, 388, 389,
    390, 390, 388, 392, 391, 390, 392, 390, 392, 392, 391, 392, 391, 391,
    391, 388, 389, 389, 389, 389, 391, 390, 389, 389, 392, 392, 392, 388,
    392, 389, 389, 388, 391, 389, 390, 392, 392, 391, 390, 388, 392, 392,
    389, 391, 390, 391, 392, 390, 392, 390, 389, 389, 389, 389, 391, 391,
    391, 390, 388, 390, 390, 390, 389 ]
LHandPositionsY: [ 243, 244, 244, 243, 243, 244, 242, 243, 243, 243, 243,
    242, 242, 244, 242, 242, 244, 243, 242, 244, 242, 244, 242, 244, 240,
    244, 243, 241, 243, 241, 240, 242, 241, 243, 241, 241, 241, 241, 240,
    240, 244, 241, 242, 243, 242, 240, 244, 244, 244, 243, 241, 242, 242,
    242, 241, 244, 243, 243, 242, 241, 242, 242, 243, 244, 242, 240, 240,
    243, 242, 240, 240, 241, 244, 241, 244, 241, 243, 240, 240, 240, 243,
    242, 240, 241, 241, 242, 243, 241 ]
RHandPositionsX: [ 159, 171, 180, 184, 187, 184, 178, 169, 165, 160, 162,
    162, 168, 180, 185, 181, 186, 180, 174, 170, 162, 158, 160, 164, 168,
    174, 174, 171, 168, 167, 162, 157, 160, 163, 170, 178, 181, 178, 177,
    172, 170, 165, 165, 159, 161, 167, 177, 179, 181, 183, 179, 176, 171,
    171, 169, 171, 172, 180, 178, 182, 183, 180, 175, 173, 170, 167, 169,
    176, 178, 181, 187, 189, 189, 188, 184, 187, 184, 180, 181, 178, 182,
    182, 181, 182, 179, 182, 179, 182 ]
RHandPositionsY: [ 88, 92, 95, 97, 91, 92, 84, 79, 78, 76, 74, 72, 78,
    82, 92, 90, 89, 86, 78, 78, 75, 77, 77, 73, 84, 92, 92, 89, 86, 88,
    85, 84, 81, 86, 86, 91, 94, 98, 96, 91, 88, 84, 85, 83, 81, 86, 94,
    97, 101, 102, 103, 93, 95, 94, 96, 93, 99, 106, 105, 108, 107, 101,
    103, 98, 100, 98, 111, 125, 136, 148, 163, 174, 188, 192, 199, 209,
    219, 222, 229, 238, 237, 235, 241, 243, 244, 242, 239, 240 ]
