%YAML:1.0
---
videoName: "RHShake16.mp4"
gestureLabel: 2
fps: 29
pixelSizeInCmTemp: 3.2808219178082193e-01
faceCenterPointX: 281
faceCenterPointY: 44
LHandPositionsX: [ 370, 371, 370, 369, 370, 372, 371, 370, 372, 372, 372,
    372, 370, 373, 372, 372, 371, 373, 371, 371, 373, 372, 372, 372, 369,
    369, 371, 372, 369, 373, 371, 372, 371, 370, 369, 373, 371, 369, 371,
    372, 369, 373, 369, 372, 370, 373, 372, 373, 371, 370, 371, 371, 370,
    371, 370, 371, 369, 370, 373, 373, 369, 372, 372, 370, 371, 370, 372,
    370, 373, 373, 372, 369, 369, 370, 373, 369, 373, 371, 370, 369, 371,
    371, 370, 371, 370, 370, 369, 373 ]
LHandPositionsY: [ 231, 233, 231, 230, 234, 230, 231, 230, 233, 232, 232,
    232, 233, 232, 233, 232, 231, 234, 233, 230, 232, 233, 232, 232, 230,
    232, 233, 230, 232, 233, 232, 231, 230, 234, 234, 231, 231, 232, 234,
    230, 230, 234, 231, 230, 233, 233, 231, 230, 230, 234, 233, 234, 233,
    231, 233, 231, 233, 231, 229, 231, 232, 229, 231, 230, 229, 232, 232,
    229, 233, 231, 229, 233, 233, 231, 229, 231, 229, 233, 233, 230, 230,
    229, 229, 229, 230, 229, 230, 229 ]
RHandPositionsX: [ 169, 171, 171, 171, 168, 170, 170, 170, 170, 169, 167,
    167, 168, 169, 167, 167, 170, 166, 163, 153, 154, 148, 137, 130, 126,
    122, 116, 124, 125, 122, 129, 132, 135, 142, 143, 138, 136, 136, 135,
    138, 141, 142, 151, 148, 149, 149, 148, 146, 147, 148, 148, 152, 153,
    152, 149, 147, 148, 147, 147, 152, 155, 155, 155, 151, 155, 151, 148,
    152, 150, 161, 167, 173, 174, 175, 179, 174, 175, 175, 173, 168, 170,
    170, 169, 169, 172, 169, 172, 169 ]
RHandPositionsY: [ 265, 269, 267, 267, 269, 265, 265, 267, 267, 265, 268,
    265, 269, 267, 265, 266, 267, 264, 256, 244, 220, 200, 179, 160, 143,
    132, 117, 113, 112, 104, 104, 101, 101, 94, 94, 93, 91, 89, 91, 89,
    91, 90, 88, 91, 88, 85, 87, 87, 87, 86, 89, 87, 90, 88, 88, 86, 86,
    87, 88, 89, 94, 87, 88, 86, 87, 86, 91, 92, 104, 121, 135, 146, 160,
    174, 184, 190, 194, 205, 210, 216, 221, 225, 225, 233, 239, 235, 238,
    237 ]
