%YAML:1.0
---
videoName: "RHShake11.mp4"
gestureLabel: 2
fps: 29
pixelSizeInCmTemp: 3.3263888888888887e-01
faceCenterPointX: 274
faceCenterPointY: 53
LHandPositionsX: [ 311, 309, 311, 307, 311, 309, 309, 309, 309, 308, 311,
    311, 307, 311, 307, 310, 311, 311, 310, 309, 309, 311, 308, 309, 310,
    307, 310, 310, 307, 311, 311, 310, 308, 308, 307, 307, 308, 307, 309,
    309, 308, 311, 310, 309, 307, 310, 307, 309, 309, 307, 307, 309, 308,
    308, 307, 311, 307, 310, 307, 310, 310, 311, 311, 311, 311, 311, 310,
    311, 310, 307, 310, 307, 308, 310, 311, 309, 309, 306, 308, 307, 305,
    303, 303, 304, 303, 305, 305, 305 ]
LHandPositionsY: [ 246, 245, 249, 248, 249, 246, 246, 249, 245, 246, 247,
    246, 245, 245, 248, 248, 246, 246, 247, 248, 249, 247, 249, 248, 247,
    249, 248, 246, 245, 248, 247, 247, 246, 249, 249, 247, 249, 245, 246,
    248, 248, 247, 249, 248, 246, 246, 248, 247, 246, 247, 245, 245, 249,
    248, 245, 246, 249, 248, 247, 248, 248, 246, 248, 246, 246, 246, 248,
    249, 247, 244, 244, 243, 244, 246, 244, 243, 244, 247, 243, 246, 244,
    244, 247, 246, 244, 245, 247, 245 ]
RHandPositionsX: [ 249, 249, 249, 245, 238, 226, 208, 190, 175, 157, 146,
    140, 145, 146, 150, 157, 162, 163, 172, 174, 168, 162, 159, 153, 152,
    155, 160, 165, 169, 167, 170, 167, 162, 160, 158, 156, 155, 152, 156,
    168, 167, 170, 173, 169, 166, 161, 159, 159, 159, 159, 164, 170, 172,
    179, 178, 175, 174, 167, 165, 164, 159, 159, 162, 166, 172, 181, 191,
    207, 218, 231, 242, 249, 254, 260, 263, 261, 261, 262, 261, 259, 259,
    258, 259, 262, 259, 262, 260, 261 ]
RHandPositionsY: [ 245, 248, 249, 241, 232, 221, 207, 191, 176, 159, 144,
    126, 125, 115, 105, 102, 105, 103, 101, 102, 104, 102, 99, 95, 97,
    94, 97, 98, 103, 100, 102, 100, 99, 98, 94, 94, 96, 95, 100, 104,
    105, 105, 102, 102, 101, 101, 98, 101, 100, 100, 102, 108, 108, 108,
    109, 107, 106, 103, 100, 103, 101, 103, 104, 105, 120, 130, 143, 158,
    172, 190, 201, 211, 220, 229, 236, 237, 239, 237, 238, 240, 241, 241,
    240, 242, 242, 240, 241, 239 ]
