%YAML:1.0
---
videoName: "RHShake19.mp4"
gestureLabel: 2
fps: 29
pixelSizeInCmTemp: 3.2808219178082193e-01
faceCenterPointX: 283
faceCenterPointY: 48
LHandPositionsX: [ 390, 388, 389, 389, 388, 392, 389, 391, 389, 388, 388,
    389, 388, 389, 388, 390, 390, 389, 388, 391, 392, 392, 388, 391, 391,
    392, 392, 392, 391, 392, 388, 390, 391, 390, 389, 391, 389, 388, 392,
    388, 388, 391, 390, 388, 389, 390, 392, 391, 388, 390, 390, 392, 390,
    390, 389, 390, 389, 390, 391, 389, 389, 391, 392, 392, 389, 390, 392,
    390, 391, 391, 388, 388, 390, 389, 390, 390, 390, 391, 392, 390, 390,
    391, 388, 389, 391, 388, 392, 389 ]
LHandPositionsY: [ 242, 240, 244, 240, 243, 244, 241, 241, 244, 241, 244,
    240, 241, 244, 242, 243, 240, 240, 241, 242, 244, 241, 242, 240, 243,
    244, 241, 240, 241, 240, 242, 241, 242, 243, 242, 242, 241, 244, 241,
    240, 243, 243, 240, 241, 240, 243, 241, 244, 242, 241, 243, 242, 244,
    244, 243, 244, 240, 244, 241, 240, 244, 240, 242, 243, 241, 243, 241,
    242, 241, 244, 244, 244, 241, 241, 240, 244, 244, 244, 244, 240, 244,
    242, 241, 244, 241, 243, 240, 243 ]
RHandPositionsX: [ 158, 171, 182, 184, 188, 184, 177, 173, 165, 161, 161,
    162, 165, 177, 183, 181, 188, 176, 177, 171, 164, 159, 160, 164, 170,
    173, 176, 171, 171, 167, 163, 160, 157, 164, 167, 177, 181, 180, 180,
    174, 167, 163, 164, 162, 163, 167, 176, 179, 179, 185, 179, 175, 170,
    167, 169, 171, 169, 181, 180, 180, 181, 179, 173, 173, 170, 169, 173,
    173, 181, 184, 189, 191, 188, 186, 184, 187, 185, 183, 179, 178, 179,
    182, 179, 181, 179, 180, 181, 180 ]
RHandPositionsY: [ 88, 92, 96, 93, 93, 89, 86, 81, 78, 79, 76, 73, 78,
    82, 92, 90, 92, 82, 82, 79, 76, 76, 74, 76, 82, 89, 91, 91, 87, 86,
    83, 81, 82, 83, 85, 91, 94, 98, 94, 90, 87, 87, 84, 82, 83, 84, 92,
    96, 102, 101, 99, 95, 97, 96, 93, 94, 102, 102, 107, 111, 107, 103,
    99, 99, 100, 98, 111, 124, 140, 152, 161, 176, 186, 193, 200, 208,
    217, 225, 230, 235, 237, 237, 239, 243, 240, 239, 242, 242 ]
