%YAML:1.0
---
videoName: "RHShake22.mp4"
gestureLabel: 2
fps: 29
pixelSizeInCmTemp: 3.3263888888888887e-01
faceCenterPointX: 290
faceCenterPointY: 48
LHandPositionsX: [ 396, 394, 393, 393, 396, 392, 395, 392, 395, 396, 393,
    394, 394, 394, 395, 396, 393, 393, 394, 392, 392, 392, 396, 396, 393,
    392, 394, 394, 395, 395, 396, 393, 392, 396, 396, 394, 394, 394, 396,
    395, 393, 392, 396, 393, 394, 393, 393, 393, 396, 394, 394, 396, 392,
    396, 395, 396, 393, 393, 393, 395, 395, 392, 393, 396, 395, 394, 396,
    395, 396, 394, 396, 394, 393, 393, 396, 395, 394, 395, 392, 392, 396,
    392, 394, 394, 395, 396, 393, 395 ]
LHandPositionsY: [ 230, 234, 231, 234, 234, 230, 233, 233, 231, 233, 230,
    234, 234, 233, 231, 233, 234, 234, 234, 233, 234, 231, 233, 233, 232,
    233, 230, 231, 231, 230, 233, 232, 230, 232, 233, 231, 234, 232, 233,
    232, 231, 234, 232, 233, 233, 233, 232, 230, 232, 234, 230, 233, 234,
    233, 232, 232, 233, 230, 231, 233, 230, 234, 230, 234, 230, 233, 230,
    232, 233, 232, 230, 231, 234, 234, 234, 230, 230, 234, 230, 232, 231,
    231, 230, 231, 231, 230, 231, 234 ]
RHandPositionsX: [ 151, 138, 128, 129, 133, 135, 144, 158, 164, 167, 166,
    162, 160, 157, 152, 145, 144, 146, 148, 156, 160, 172, 170, 168, 168,
    165, 164, 157, 156, 151, 153, 157, 168, 171, 171, 174, 174, 171, 166,
    162, 156, 159, 162, 168, 170, 173, 174, 171, 172, 168, 163, 157, 156,
    154, 157, 166, 172, 174, 179, 179, 177, 172, 167, 163, 159, 153, 152,
    155, 169, 175, 177, 177, 178, 180, 181, 178, 182, 182, 185, 183, 188,
    189, 191, 190, 188, 188, 188, 187 ]
RHandPositionsY: [ 138, 117, 102, 102, 95, 90, 81, 85, 88, 94, 94, 89,
    86, 82, 77, 79, 79, 74, 77, 85, 89, 95, 99, 97, 95, 89, 85, 86, 82,
    79, 82, 89, 93, 98, 101, 102, 95, 90, 89, 87, 87, 84, 82, 90, 97, 98,
    103, 102, 95, 89, 88, 87, 89, 84, 85, 84, 91, 100, 104, 104, 101, 95,
    94, 94, 91, 93, 92, 89, 91, 104, 110, 109, 113, 118, 120, 123, 137,
    149, 161, 172, 183, 195, 199, 204, 213, 218, 223, 223 ]
