%YAML:1.0
---
videoName: "RHShake16.mp4"
gestureLabel: 2
fps: 29
pixelSizeInCmTemp: 3.2808219178082193e-01
faceCenterPointX: 281
faceCenterPointY: 44
LHandPositionsX: [ 370, 369, 370, 373, 370, 369, 373, 373, 373, 371, 371,
    370, 373, 372, 372, 373, 373, 371, 373, 369, 371, 371, 369, 372, 372,
    370, 373, 370, 370, 371, 373, 371, 369, 369, 371, 369, 371, 373, 372,
    373, 372, 373, 372, 370, 372, 373, 373, 373, 373, 371, 371, 372, 369,
    370, 371, 373, 373, 371, 370, 372, 369, 370, 373, 373, 369, 373, 371,
    373, 373, 369, 373, 369, 369, 373, 372, 370, 369, 373, 373, 369, 372,
    373, 372, 370, 372, 373, 369, 369 ]
LHandPositionsY: [ 233, 231, 232, 234, 234, 231, 233, 233, 231, 234, 231,
    234, 230, 232, 231, 231, 234, 234, 230, 234, 232, 232, 231, 232, 230,
    233, 231, 230, 231, 230, 230, 234, 230, 234, 233, 230, 233, 233, 232,
    230, 231, 234, 230, 230, 234, 233, 234, 233, 233, 232, 232, 234, 234,
    230, 232, 231, 231, 230, 231, 230, 232, 231, 231, 230, 231, 229, 232,
    229, 229, 232, 231, 230, 231, 233, 231, 231, 230, 231, 229, 229, 231,
    230, 232, 229, 229, 233, 229, 232 ]
RHandPositionsX: [ 171, 168, 168, 167, 169, 167, 168, 169, 169, 167, 170,
    170, 167, 169, 169, 168, 171, 166, 164, 154, 152, 147, 138, 130, 124,
    121, 115, 121, 124, 122, 126, 129, 138, 140, 145, 138, 135, 137, 137,
    138, 140, 143, 147, 148, 147, 148, 146, 149, 145, 146, 150, 153, 151,
    152, 146, 146, 149, 143, 147, 151, 156, 159, 156, 151, 156, 150, 148,
    154, 152, 163, 166, 173, 176, 174, 178, 175, 174, 173, 172, 170, 169,
    172, 170, 169, 168, 170, 168, 172 ]
RHandPositionsY: [ 267, 266, 266, 268, 268, 265, 267, 267, 265, 266, 267,
    266, 268, 268, 265, 266, 264, 266, 257, 245, 220, 201, 178, 161, 143,
    132, 115, 116, 109, 107, 107, 102, 100, 94, 97, 96, 90, 91, 90, 89,
    88, 90, 88, 89, 86, 87, 87, 84, 88, 85, 90, 87, 90, 87, 89, 84, 87,
    87, 86, 89, 94, 91, 91, 89, 87, 86, 92, 93, 101, 118, 133, 146, 161,
    173, 184, 188, 196, 201, 212, 216, 222, 225, 226, 234, 237, 236, 236,
    235 ]
