%YAML:1.0
---
videoName: "RHShake13.mp4"
gestureLabel: 2
fps: 30
pixelSizeInCmTemp: 3.2808219178082193e-01
faceCenterPointX: 278
faceCenterPointY: 45
LHandPositionsX: [ 306, 308, 306, 305, 308, 309, 308, 307, 309, 308, 309,
    305, 305, 308, 305, 305, 308, 306, 307, 306, 307, 307, 309, 306, 309,
    306, 307, 309, 306, 309, 307, 305, 306, 306, 305, 307, 305, 305, 307,
    305, 309, 306, 305, 307, 306, 308, 309, 306, 306, 305, 306, 309, 307,
    306, 308, 307, 309, 306, 309, 306, 306, 305, 307, 309, 305, 305, 307,
    306, 308, 305, 306, 305, 306, 309, 309, 307, 307, 308, 307, 305, 303,
    304, 304, 304, 305, 306, 305, 304, 307, 303, 303 ]
LHandPositionsY: [ 246, 245, 242, 244, 243, 241, 242, 245, 245, 242, 245,
    245, 243, 243, 241, 244, 244, 243, 240, 243, 242, 243, 240, 240, 241,
    243, 240, 239, 243, 239, 243, 242, 239, 241, 239, 241, 241, 239, 238,
    241, 241, 239, 242, 241, 241, 241, 241, 241, 242, 241, 240, 242, 239,
    242, 240, 242, 241, 241, 241, 241, 241, 242, 238, 241, 239, 238, 239,
    240, 242, 238, 238, 237, 237, 239, 239, 236, 234, 234, 236, 233, 234,
    234, 232, 237, 238, 243, 243, 243, 244, 245, 244 ]
RHandPositionsX: [ 167, 151, 140, 138, 142, 143, 141, 143, 144, 147, 145,
    144, 139, 136, 137, 136, 144, 141, 145, 141, 137, 132, 130, 132, 130,
    131, 133, 140, 140, 138, 135, 131, 130, 130, 132, 135, 136, 135, 137,
    135, 135, 136, 133, 134, 138, 147, 151, 148, 148, 146, 145, 140, 136,
    139, 140, 141, 143, 141, 143, 135, 135, 133, 128, 135, 138, 141, 145,
    147, 156, 161, 171, 177, 189, 202, 214, 223, 239, 246, 251, 253, 252,
    253, 255, 260, 257, 261, 261, 258, 261, 257, 257 ]
RHandPositionsY: [ 157, 136, 118, 119, 115, 107, 104, 101, 100, 94, 94,
    92, 87, 90, 89, 85, 85, 90, 88, 85, 89, 87, 86, 84, 88, 89, 89, 90,
    90, 89, 88, 87, 90, 90, 91, 91, 90, 91, 90, 89, 91, 91, 91, 88, 91,
    94, 97, 93, 95, 95, 92, 93, 91, 92, 94, 100, 97, 98, 100, 98, 98, 97,
    94, 98, 98, 103, 109, 111, 118, 128, 138, 145, 157, 166, 177, 189,
    198, 207, 216, 217, 215, 222, 228, 234, 237, 239, 240, 241, 239, 241,
    241 ]
