%YAML:1.0
---
videoName: "RHShake04.mp4"
gestureLabel: 2
fps: 29
pixelSizeInCmTemp: 3.1513157894736843e-01
faceCenterPointX: 292
faceCenterPointY: 47
LHandPositionsX: [ 413, 409, 413, 411, 412, 409, 412, 412, 410, 412, 413,
    410, 409, 409, 410, 412, 408, 412, 408, 409, 411, 408, 410, 409, 410,
    409, 405, 409, 407, 408, 405, 405, 408, 405, 406, 407, 408, 405, 406,
    405, 406, 407, 409, 408, 405, 406, 405, 407, 408, 407, 408, 406, 409,
    406, 409, 405, 406, 409, 407, 408, 406, 405, 406, 406, 404, 405, 406,
    403, 405, 404, 405, 402, 402, 406, 403, 402, 404, 403, 405, 402, 404,
    403, 404, 403, 403, 405, 403, 402 ]
LHandPositionsY: [ 262, 266, 266, 266, 265, 264, 262, 263, 263, 266, 264,
    265, 262, 264, 265, 262, 264, 263, 262, 263, 263, 264, 263, 264, 263,
    261, 261, 262, 260, 263, 260, 263, 261, 264, 260, 263, 261, 261, 264,
    262, 261, 260, 264, 262, 260, 260, 264, 261, 261, 261, 263, 263, 263,
    264, 262, 264, 263, 264, 261, 260, 263, 263, 260, 261, 262, 260, 263,
    262, 262, 261, 261, 261, 261, 262, 261, 259, 261, 262, 258, 257, 261,
    259, 261, 260, 260, 259, 257, 261 ]
RHandPositionsX: [ 179, 180, 179, 180, 179, 180, 181, 178, 178, 179, 181,
    179, 180, 177, 179, 178, 177, 180, 175, 178, 177, 177, 176, 183, 180,
    177, 170, 164, 163, 164, 166, 168, 180, 190, 191, 192, 185, 180, 175,
    167, 164, 169, 171, 173, 180, 178, 180, 175, 169, 165, 168, 171, 175,
    178, 177, 177, 173, 172, 167, 172, 172, 174, 180, 183, 195, 188, 181,
    179, 175, 171, 170, 170, 172, 174, 187, 189, 190, 192, 189, 187, 188,
    185, 183, 179, 178, 174, 177, 175 ]
RHandPositionsY: [ 266, 268, 264, 267, 267, 263, 267, 263, 266, 265, 265,
    267, 269, 271, 266, 270, 269, 268, 267, 269, 271, 271, 266, 246, 225,
    194, 171, 149, 124, 124, 118, 104, 100, 99, 104, 102, 96, 95, 94, 94,
    89, 89, 96, 96, 97, 95, 93, 96, 95, 94, 93, 94, 96, 96, 100, 95, 96,
    94, 93, 90, 93, 97, 98, 97, 95, 94, 96, 96, 94, 93, 94, 93, 99, 109,
    119, 131, 143, 150, 163, 179, 193, 211, 223, 229, 237, 247, 249, 248 ]
