%YAML:1.0
---
videoName: "RHShake01.mp4"
gestureLabel: 2
fps: 29
pixelSizeInCmTemp: 3.1513157894736843e-01
faceCenterPointX: 292
faceCenterPointY: 51
LHandPositionsX: [ 395, 396, 396, 393, 394, 395, 393, 395, 393, 394, 394,
    396, 392, 394, 394, 392, 394, 394, 392, 395, 395, 395, 392, 391, 394,
    394, 393, 395, 395, 391, 392, 395, 392, 391, 392, 391, 392, 391, 392,
    394, 395, 393, 395, 391, 395, 393, 394, 394, 394, 393, 393, 391, 394,
    393, 392, 393, 392, 392, 392, 391, 391, 393, 391, 394, 393, 395, 392,
    393, 394, 394, 392, 394, 393, 391, 393, 391, 394, 395, 392, 391, 392,
    392, 394, 392, 395, 394, 391, 392 ]
LHandPositionsY: [ 256, 256, 253, 255, 253, 254, 256, 254, 256, 256, 255,
    253, 257, 253, 253, 254, 256, 256, 254, 257, 255, 255, 254, 257, 256,
    253, 256, 257, 254, 256, 256, 255, 253, 255, 255, 254, 255, 257, 257,
    257, 255, 253, 256, 257, 255, 254, 257, 254, 253, 256, 255, 255, 255,
    253, 257, 256, 256, 256, 253, 256, 256, 255, 255, 257, 257, 257, 257,
    254, 255, 257, 256, 253, 257, 256, 253, 254, 255, 254, 254, 254, 255,
    257, 255, 254, 255, 253, 253, 254 ]
RHandPositionsX: [ 170, 168, 169, 170, 171, 169, 167, 167, 170, 171, 170,
    169, 168, 170, 169, 167, 169, 169, 171, 169, 172, 169, 172, 168, 171,
    170, 169, 177, 175, 169, 165, 162, 156, 151, 155, 160, 168, 182, 191,
    191, 189, 188, 184, 175, 177, 172, 175, 186, 195, 194, 188, 192, 182,
    179, 176, 181, 178, 185, 185, 192, 191, 192, 194, 187, 179, 175, 179,
    179, 189, 191, 196, 198, 196, 195, 192, 188, 187, 187, 188, 183, 179,
    175, 175, 175, 175, 175, 175, 176 ]
RHandPositionsY: [ 280, 278, 279, 276, 278, 278, 279, 277, 276, 277, 280,
    276, 278, 280, 279, 276, 277, 277, 278, 276, 276, 277, 276, 277, 276,
    274, 266, 246, 225, 207, 188, 170, 150, 134, 128, 116, 106, 106, 109,
    112, 107, 105, 99, 99, 101, 99, 98, 98, 102, 101, 101, 93, 93, 95,
    92, 90, 93, 99, 101, 104, 102, 101, 102, 98, 99, 96, 95, 98, 103,
    105, 114, 122, 132, 146, 160, 177, 192, 205, 206, 214, 222, 229, 235,
    240, 242, 241, 245, 248 ]
