%YAML:1.0
---
videoName: "RHShake16.mp4"
gestureLabel: 2
fps: 29
pixelSizeInCmTemp: 3.2808219178082193e-01
faceCenterPointX: 281
faceCenterPointY: 44
LHandPositionsX: [ 370, 373, 372, 372, 371, 370, 372, 369, 373, 370, 371,
    371, 371, 373, 372, 369, 373, 370, 372, 369, 372, 372, 373, 369, 369,
    369, 372, 369, 370, 373, 371, 371, 373, 371, 370, 369, 372, 369, 373,
    369, 370, 370, 370, 373, 369, 373, 371, 369, 369, 372, 372, 369, 370,
    369, 369, 371, 369, 372, 370, 371, 371, 373, 372, 372, 373, 369, 371,
    373, 369, 370, 369, 369, 371, 370, 370, 369, 373, 373, 372, 371, 372,
    370, 372, 370, 371, 369, 370, 371 ]
LHandPositionsY: [ 231, 233, 230, 230, 234, 233, 230, 231, 230, 233, 230,
    232, 232, 232, 233, 234, 231, 232, 231, 233, 232, 234, 232, 231, 232,
    230, 234, 232, 231, 232, 234, 234, 231, 234, 230, 234, 233, 232, 234,
    231, 233, 233, 231, 230, 232, 232, 230, 231, 230, 230, 230, 234, 232,
    231, 231, 232, 232, 233, 233, 229, 232, 230, 233, 230, 229, 232, 232,
    231, 230, 233, 229, 231, 230, 229, 230, 232, 230, 231, 229, 232, 229,
    231, 229, 232, 231, 232, 233, 233 ]
RHandPositionsX: [ 167, 167, 167, 167, 168, 169, 168, 168, 167, 171, 169,
    167, 167, 167, 167, 168, 169, 167, 161, 154, 151, 148, 140, 130, 127,
    124, 117, 120, 125, 122, 126, 130, 135, 140, 144, 142, 137, 136, 136,
    137, 139, 145, 148, 149, 150, 147, 150, 147, 144, 148, 152, 154, 152,
    148, 148, 145, 147, 145, 149, 152, 153, 156, 153, 155, 154, 154, 149,
    152, 153, 161, 165, 172, 175, 175, 178, 173, 176, 173, 172, 172, 172,
    172, 172, 171, 170, 169, 169, 171 ]
RHandPositionsY: [ 267, 266, 266, 268, 269, 267, 266, 268, 265, 265, 269,
    269, 266, 269, 268, 266, 264, 265, 256, 242, 218, 197, 178, 162, 142,
    129, 117, 117, 111, 108, 107, 105, 100, 95, 93, 92, 92, 92, 91, 88,
    88, 90, 89, 89, 87, 85, 87, 86, 89, 86, 88, 87, 88, 89, 88, 88, 87,
    87, 88, 87, 92, 87, 90, 86, 89, 87, 90, 93, 103, 119, 133, 149, 158,
    173, 183, 190, 196, 201, 209, 218, 225, 223, 225, 234, 237, 237, 236,
    235 ]
