%YAML:1.0
---
videoName: "RHShake19.mp4"
gestureLabel: 2
fps: 29
pixelSizeInCmTemp: 3.2808219178082193e-01
faceCenterPointX: 283
faceCenterPointY: 48
LHandPositionsX: [ 390, 389, 390, 392, 391, 389, 390, 390, 392, 389, 390,
    389, 389, 390, 391, 391, 391, 388, 390, 389, 392, 390, 391, 390, 391,
    390, 390, 389, 388, 392, 392, 389, 392, 389, 391, 390, 390, 392, 388,
    389, 392, 392, 388, 391, 388, 391, 391, 389, 391, 389, 388, 390, 388,
    389, 389, 392, 392, 390, 392, 392, 391, 390, 390, 389, 389, 390, 388,
    391, 391, 391, 391, 389, 389, 389, 391, 390, 390, 389, 389, 388, 388,
    390, 388, 391, 392, 391, 390, 388 ]
LHandPositionsY: [ 240, 240, 240, 240, 243, 244, 242, 241, 243, 244, 243,
    241, 240, 243, 240, 241, 242, 240, 242, 241, 244, 243, 240, 241, 243,
    240, 240, 243, 243, 244, 242, 243, 241, 242, 240, 242, 240, 240, 240,
    242, 241, 244, 243, 244, 241, 240, 241, 241, 240, 241, 244, 243, 240,
    244, 243, 243, 241, 240, 241, 242, 241, 241, 242, 243, 242, 243, 241,
    242, 244, 241, 241, 244, 242, 240, 242, 243, 242, 244, 242, 240, 241,
    240, 244, 241, 243, 242, 242, 242 ]
RHandPositionsX: [ 157, 171, 180, 182, 189, 184, 178, 171, 167, 162, 162,
    160, 166, 178, 183, 185, 185, 176, 177, 172, 165, 161, 160, 164, 168,
    176, 172, 174, 171, 164, 160, 160, 159, 164, 167, 180, 178, 177, 180,
    173, 170, 161, 161, 162, 165, 167, 175, 180, 179, 184, 180, 173, 169,
    169, 169, 170, 169, 179, 181, 181, 182, 181, 173, 171, 169, 169, 173,
    177, 177, 181, 188, 188, 190, 188, 185, 187, 182, 180, 178, 179, 178,
    182, 181, 180, 179, 181, 181, 181 ]
RHandPositionsY: [ 89, 94, 95, 95, 94, 89, 86, 81, 78, 75, 73, 72, 78,
    85, 92, 88, 89, 86, 78, 78, 76, 78, 73, 74, 81, 89, 90, 88, 88, 87,
    84, 84, 80, 84, 87, 90, 94, 98, 92, 94, 88, 85, 85, 83, 82, 87, 90,
    99, 103, 101, 102, 93, 97, 94, 95, 95, 102, 102, 105, 107, 103, 100,
    99, 97, 102, 97, 111, 127, 139, 148, 164, 174, 185, 193, 197, 211,
    219, 224, 231, 237, 234, 237, 241, 242, 243, 243, 240, 243 ]
