%YAML:1.0
---
videoName: "RHShake11.mp4"
gestureLabel: 2
fps: 29
pixelSizeInCmTemp: 3.3263888888888887e-01
faceCenterPointX: 274
faceCenterPointY: 53
LHandPositionsX: [ 312, 308, 308, 309, 309, 307, 309, 308, 307, 311, 308,
    310, 309, 307, 309, 309, 309, 308, 309, 310, 310, 309, 308, 309, 308,
    311, 311, 309, 311, 308, 311, 308, 307, 310, 309, 311, 308, 308, 309,
    309, 307, 310, 311, 308, 307, 307, 308, 309, 308, 307, 310, 310, 308,
    307, 311, 310, 308, 307, 310, 311, 308, 308, 307, 309, 307, 310, 307,
    307, 308, 310, 310, 308, 309, 309, 310, 306, 306, 306, 309, 303, 304,
    303, 303, 306, 306, 306, 303, 307 ]
LHandPositionsY: [ 248, 246, 249, 249, 248, 248, 249, 247, 245, 249, 245,
    247, 247, 249, 245, 248, 247, 248, 246, 249, 249, 247, 245, 245, 248,
    247, 246, 245, 248, 245, 249, 248, 247, 248, 246, 247, 247, 247, 245,
    245, 249, 245, 247, 246, 249, 246, 247, 248, 249, 245, 245, 247, 249,
    246, 245, 248, 249, 249, 245, 247, 246, 247, 246, 247, 247, 247, 245,
    249, 244, 245, 247, 244, 245, 247, 242, 246, 244, 243, 247, 243, 243,
    247, 244, 246, 243, 247, 243, 245 ]
RHandPositionsX: [ 247, 250, 248, 247, 236, 226, 208, 191, 174, 157, 146,
    138, 147, 145, 151, 157, 159, 164, 170, 173, 170, 165, 159, 152, 150,
    153, 161, 166, 167, 167, 170, 170, 165, 159, 158, 159, 154, 153, 157,
    167, 171, 170, 173, 167, 165, 159, 160, 158, 159, 158, 164, 172, 173,
    180, 175, 176, 172, 170, 167, 166, 158, 157, 160, 164, 173, 181, 193,
    207, 218, 228, 241, 247, 253, 259, 263, 261, 260, 259, 263, 258, 261,
    259, 261, 258, 262, 261, 260, 258 ]
RHandPositionsY: [ 249, 246, 245, 239, 232, 220, 205, 192, 176, 163, 144,
    128, 125, 111, 102, 104, 107, 103, 104, 101, 103, 100, 97, 94, 97,
    93, 95, 101, 101, 101, 98, 99, 100, 97, 96, 97, 94, 97, 100, 103,
    104, 106, 103, 105, 101, 104, 98, 101, 100, 96, 102, 108, 106, 107,
    109, 105, 104, 101, 99, 102, 102, 100, 103, 106, 116, 131, 144, 155,
    171, 187, 199, 212, 221, 228, 236, 236, 237, 238, 238, 241, 238, 241,
    239, 241, 242, 239, 238, 238 ]
