%YAML:1.0
---
videoName: "RHShake11.mp4"
gestureLabel: 2
fps: 29
pixelSizeInCmTemp: 3.3263888888888887e-01
faceCenterPointX: 274
faceCenterPointY: 53
LHandPositionsX: [ 308, 311, 308, 308, 307, 311, 309, 310, 307, 311, 308,
    308, 311, 309, 310, 310, 310, 308, 308, 308, 307, 310, 307, 307, 310,
    308, 308, 308, 309, 310, 309, 309, 310, 311, 308, 308, 308, 310, 308,
    307, 311, 309, 310, 309, 311, 307, 308, 309, 311, 308, 307, 310, 309,
    308, 307, 311, 309, 308, 311, 309, 310, 309, 308, 307, 311, 308, 311,
    309, 309, 311, 308, 307, 307, 308, 309, 310, 305, 309, 305, 305, 307,
    303, 306, 303, 306, 305, 306, 304 ]
LHandPositionsY: [ 247, 249, 245, 245, 246, 247, 246, 245, 246, 249, 246,
    247, 248, 248, 249, 249, 245, 249, 246, 246, 248, 247, 247, 248, 249,
    247, 247, 248, 247, 245, 247, 245, 246, 247, 248, 248, 247, 245, 245,
    249, 245, 249, 249, 249, 248, 248, 245, 245, 249, 247, 247, 246, 246,
    247, 248, 245, 245, 246, 246, 247, 245, 245, 247, 249, 249, 248, 247,
    247, 247, 246, 245, 243, 243, 246, 245, 244, 246, 244, 246, 246, 244,
    244, 243, 245, 244, 244, 243, 245 ]
RHandPositionsX: [ 248, 250, 249, 243, 235, 226, 210, 191, 174, 160, 148,
    138, 148, 145, 149, 156, 162, 163, 168, 174, 170, 162, 158, 153, 151,
    154, 158, 168, 168, 169, 168, 169, 165, 162, 158, 155, 153, 154, 157,
    168, 167, 167, 170, 170, 163, 161, 160, 156, 157, 159, 165, 170, 175,
    178, 176, 176, 174, 168, 164, 166, 162, 159, 162, 166, 173, 180, 195,
    208, 220, 228, 238, 248, 256, 259, 262, 262, 259, 261, 262, 259, 262,
    260, 262, 262, 261, 261, 262, 258 ]
RHandPositionsY: [ 247, 245, 245, 241, 231, 220, 209, 190, 173, 161, 141,
    129, 127, 111, 103, 103, 106, 105, 103, 101, 102, 101, 98, 97, 96,
    97, 97, 99, 103, 101, 101, 97, 100, 95, 97, 97, 95, 96, 100, 105,
    105, 106, 104, 105, 101, 103, 100, 99, 97, 99, 103, 105, 109, 109,
    109, 105, 104, 101, 101, 101, 100, 100, 102, 107, 117, 131, 141, 155,
    174, 186, 201, 212, 222, 231, 236, 237, 235, 239, 239, 240, 238, 239,
    239, 242, 241, 239, 241, 239 ]
