%YAML:1.0
---
videoName: "RHShake01.mp4"
gestureLabel: 2
fps: 29
pixelSizeInCmTemp: 3.1513157894736843e-01
faceCenterPointX: 292
faceCenterPointY: 51
LHandPositionsX: [ 394, 394, 395, 394, 393, 394, 393, 395, 396, 395, 394,
    395, 393, 395, 393, 395, 392, 395, 394, 394, 391, 395, 393, 391, 393,
    394, 392, 391, 393, 394, 393, 391, 393, 395, 391, 392, 393, 395, 393,
    394, 393, 391, 393, 395, 392, 391, 394, 395, 391, 391, 391, 393, 391,
    395, 394, 391, 392, 393, 393, 393, 394, 395, 391, 394, 394, 392, 392,
    392, 395, 393, 391, 392, 393, 395, 391, 392, 391, 392, 391, 395, 391,
    394, 395, 392, 394, 394, 391, 395 ]
LHandPositionsY: [ 253, 253, 253, 255, 256, 253, 254, 253, 253, 256, 253,
    255, 253, 254, 255, 257, 255, 255, 255, 254, 253, 255, 254, 253, 253,
    253, 255, 257, 254, 257, 255, 257, 257, 257, 255, 256, 254, 253, 257,
    256, 257, 253, 256, 257, 255, 253, 254, 257, 257, 254, 255, 253, 257,
    257, 257, 257, 254, 256, 254, 255, 253, 257, 256, 257, 255, 257, 255,
    257, 255, 253, 254, 257, 253, 253, 257, 253, 255, 257, 256, 256, 255,
    254, 253, 257, 253, 255, 257, 255 ]
RHandPositionsX: [ 171, 171, 167, 167, 167, 169, 170, 171, 170, 169, 171,
    169, 167, 168, 169, 167, 170, 170, 170, 169, 170, 169, 171, 172, 171,
    172, 169, 177, 175, 167, 162, 160, 159, 152, 155, 161, 171, 179, 193,
    193, 190, 185, 180, 177, 174, 176, 173, 186, 196, 197, 190, 190, 181,
    181, 179, 178, 178, 182, 184, 192, 191, 196, 196, 186, 182, 179, 178,
    179, 188, 191, 193, 200, 198, 199, 192, 191, 188, 191, 187, 180, 180,
    174, 176, 174, 171, 171, 175, 174 ]
RHandPositionsY: [ 276, 276, 276, 276, 277, 279, 279, 279, 277, 277, 279,
    277, 276, 276, 280, 280, 276, 280, 276, 280, 278, 278, 276, 279, 276,
    275, 264, 245, 229, 208, 185, 168, 150, 133, 131, 117, 107, 110, 113,
    112, 106, 106, 100, 99, 101, 97, 97, 99, 102, 101, 101, 95, 97, 92,
    91, 92, 97, 98, 98, 100, 100, 97, 102, 99, 96, 97, 96, 95, 101, 109,
    112, 123, 134, 147, 162, 178, 193, 201, 206, 211, 218, 225, 235, 240,
    244, 242, 243, 248 ]
