%YAML:1.0
---
videoName: "RHShake10.mp4"
gestureLabel: 2
fps: 29
pixelSizeInCmTemp: 3.1933333333333330e-01
faceCenterPointX: 295
faceCenterPointY: 45
LHandPositionsX: [ 338, 341, 340, 339, 341, 341, 336, 337, 331, 330, 334,
    331, 330, 330, 326, 324, 327, 326, 329, 326, 327, 329, 326, 329, 330,
    327, 328, 329, 330, 329, 326, 329, 330, 327, 328, 330, 330, 327, 326,
    326, 330, 327, 330, 329, 326, 329, 327, 329, 330, 328, 328, 330, 330,
    326, 329, 329, 326, 327, 327, 327, 330, 328, 328, 330, 330, 326, 330,
    329, 328, 327, 330, 329, 327, 329, 328, 328, 329, 329, 328, 327, 332,
    330, 328, 331, 331, 330, 328, 326 ]
LHandPositionsY: [ 266, 265, 265, 264, 265, 265, 267, 271, 270, 270, 272,
    272, 272, 272, 271, 273, 270, 271, 272, 272, 271, 270, 274, 274, 273,
    272, 274, 274, 269, 270, 269, 269, 273, 271, 273, 269, 269, 272, 270,
    270, 272, 271, 270, 272, 268, 271, 271, 270, 270, 272, 271, 268, 272,
    269, 272, 269, 269, 268, 272, 270, 271, 272, 271, 270, 270, 272, 271,
    268, 268, 271, 269, 270, 270, 269, 270, 268, 271, 269, 271, 270, 269,
    267, 271, 268, 269, 268, 271, 272 ]
RHandPositionsX: [ 260, 261, 264, 260, 261, 260, 262, 259, 259, 257, 259,
    261, 258, 261, 262, 262, 261, 254, 259, 253, 241, 223, 202, 184, 167,
    155, 137, 135, 137, 136, 145, 150, 155, 164, 167, 163, 158, 161, 161,
    158, 163, 170, 181, 181, 177, 176, 170, 170, 173, 167, 174, 187, 190,
    194, 193, 180, 179, 177, 173, 178, 178, 188, 193, 194, 192, 185, 178,
    176, 177, 181, 177, 189, 198, 206, 213, 219, 224, 230, 234, 244, 250,
    254, 250, 256, 262, 263, 260, 263 ]
RHandPositionsY: [ 268, 264, 266, 264, 263, 266, 267, 265, 263, 268, 265,
    267, 267, 267, 265, 269, 266, 266, 268, 256, 242, 226, 211, 190, 172,
    152, 130, 113, 115, 100, 86, 87, 90, 88, 85, 83, 81, 77, 79, 80, 77,
    82, 89, 86, 82, 77, 76, 74, 78, 82, 85, 87, 91, 95, 86, 82, 82, 81,
    81, 86, 87, 92, 91, 91, 89, 88, 81, 82, 81, 84, 93, 103, 125, 146,
    160, 180, 197, 211, 228, 244, 258, 256, 260, 264, 268, 266, 268, 267 ]
