%YAML:1.0
---
videoName: "RHShake22.mp4"
gestureLabel: 2
fps: 29
pixelSizeInCmTemp: 3.3263888888888887e-01
faceCenterPointX: 290
faceCenterPointY: 48
LHandPositionsX: [ 393, 392, 395, 394, 393, 393, 395, 392, 392, 392, 395,
    393, 394, 396, 394, 394, 395, 394, 392, 395, 394, 393, 396, 395, 394,
    393, 395, 395, 394, 394, 393, 395, 396, 393, 396, 393, 392, 396, 393,
    395, 396, 394, 395, 393, 392, 394, 393, 392, 393, 396, 393, 394, 394,
    394, 392, 394, 394, 392, 395, 393, 392, 393, 395, 392, 392, 393, 396,
    392, 392, 392, 393, 393, 394, 392, 394, 396, 393, 392, 393, 395, 395,
    396, 393, 393, 396, 392, 395, 393 ]
LHandPositionsY: [ 231, 232, 230, 234, 230, 230, 234, 231, 234, 232, 232,
    234, 232, 234, 233, 232, 231, 231, 231, 233, 232, 233, 230, 234, 233,
    233, 233, 230, 230, 232, 233, 232, 232, 230, 231, 232, 233, 234, 231,
    234, 234, 233, 234, 233, 232, 233, 234, 230, 233, 234, 233, 232, 233,
    231, 233, 231, 230, 234, 231, 234, 232, 231, 232, 233, 233, 232, 233,
    233, 231, 233, 233, 234, 231, 232, 231, 233, 233, 234, 234, 233, 232,
    230, 231, 232, 230, 230, 234, 231 ]
RHandPositionsX: [ 148, 138, 128, 131, 131, 134, 146, 159, 166, 166, 164,
    162, 159, 158, 151, 147, 142, 142, 147, 154, 163, 171, 170, 170, 170,
    165, 161, 155, 155, 152, 155, 158, 164, 171, 174, 172, 172, 168, 164,
    160, 156, 158, 161, 166, 173, 175, 175, 175, 171, 168, 163, 157, 152,
    155, 155, 166, 171, 175, 176, 178, 178, 175, 169, 163, 157, 152, 153,
    154, 166, 175, 178, 179, 181, 182, 180, 182, 180, 180, 183, 186, 190,
    189, 190, 188, 191, 188, 188, 191 ]
RHandPositionsY: [ 140, 118, 103, 101, 96, 90, 82, 87, 92, 90, 91, 88,
    83, 79, 80, 78, 80, 75, 73, 83, 90, 92, 95, 97, 93, 90, 88, 86, 84,
    83, 81, 88, 94, 97, 104, 101, 94, 90, 90, 88, 85, 84, 82, 91, 95,
    100, 101, 102, 96, 93, 91, 87, 87, 86, 83, 82, 90, 101, 100, 104,
    101, 94, 90, 92, 91, 93, 92, 89, 88, 103, 108, 113, 113, 120, 120,
    123, 136, 149, 159, 172, 181, 191, 201, 207, 214, 217, 224, 226 ]
