%YAML:1.0
---
videoName: "RHShake00.mp4"
gestureLabel: 2
fps: 29
pixelSizeInCmTemp: 3.4710144927536229e-01
faceCenterPointX: 283
faceCenterPointY: 97
LHandPositionsX: [ 345, 344, 346, 346, 346, 343, 342, 344, 344, 345, 344,
    343, 342, 346, 346, 343, 342, 344, 345, 346, 343, 346, 343, 342, 345,
    346, 343, 345, 344, 344, 342, 344, 343, 342, 346, 346, 343, 342, 343,
    342, 346, 344, 344, 346, 345, 344, 342, 346, 343, 343, 343, 344, 345,
    345, 344, 342, 345, 343, 346, 343, 344, 343, 345, 343, 343, 346, 344,
    343, 345, 345, 346, 346, 344, 343, 342, 345, 346, 343, 346, 343, 346,
    343, 344, 342, 343, 342, 345, 346 ]
LHandPositionsY: [ 273, 272, 272, 274, 272, 276, 272, 276, 274, 272, 275,
    274, 273, 273, 274, 276, 275, 272, 276, 272, 274, 276, 275, 272, 275,
    273, 272, 276, 276, 272, 273, 274, 272, 274, 274, 274, 275, 273, 276,
    272, 274, 274, 275, 272, 273, 274, 273, 275, 275, 273, 274, 274, 275,
    276, 273, 272, 275, 275, 272, 274, 272, 273, 272, 272, 272, 275, 272,
    275, 275, 276, 272, 276, 272, 272, 275, 276, 275, 273, 276, 273, 273,
    276, 273, 276, 276, 272, 272, 272 ]
RHandPositionsX: [ 177, 171, 168, 157, 150, 145, 145, 146, 142, 140, 142,
    147, 149, 168, 167, 166, 169, 166, 163, 161, 154, 150, 148, 150, 155,
    163, 164, 168, 169, 162, 158, 148, 152, 149, 149, 153, 163, 162, 166,
    161, 161, 155, 150, 144, 138, 144, 151, 151, 153, 153, 159, 163, 159,
    151, 145, 146, 142, 148, 153, 163, 163, 162, 167, 163, 156, 150, 144,
    144, 144, 146, 149, 154, 157, 162, 163, 166, 170, 174, 179, 178, 185,
    186, 188, 191, 195, 197, 195, 197 ]
RHandPositionsY: [ 258, 251, 240, 218, 200, 185, 176, 166, 160, 150, 144,
    138, 133, 132, 138, 141, 134, 130, 127, 122, 124, 121, 122, 118, 127,
    133, 134, 134, 136, 132, 128, 127, 125, 123, 132, 134, 139, 141, 140,
    138, 138, 136, 134, 129, 129, 135, 135, 137, 138, 140, 139, 140, 136,
    131, 129, 132, 134, 131, 137, 147, 145, 146, 149, 148, 143, 140, 136,
    138, 143, 147, 157, 164, 168, 174, 183, 189, 197, 204, 214, 221, 229,
    236, 244, 248, 252, 259, 264, 260 ]
