%YAML:1.0
---
videoName: "RHShake10.mp4"
gestureLabel: 2
fps: 29
pixelSizeInCmTemp: 3.1933333333333330e-01
faceCenterPointX: 295
faceCenterPointY: 45
LHandPositionsX: [ 342, 341, 340, 339, 342, 340, 337, 337, 333, 331, 331,
    329, 327, 330, 329, 327, 329, 328, 327, 329, 327, 327, 327, 330, 326,
    330, 330, 329, 327, 330, 326, 327, 328, 326, 326, 327, 329, 326, 330,
    327, 326, 327, 326, 327, 330, 326, 329, 327, 329, 326, 330, 330, 326,
    329, 327, 330, 327, 326, 330, 330, 327, 329, 327, 327, 328, 326, 328,
    327, 326, 327, 326, 329, 329, 328, 330, 331, 331, 331, 331, 330, 331,
    332, 327, 329, 330, 329, 330, 326 ]
LHandPositionsY: [ 263, 267, 267, 265, 268, 266, 268, 271, 271, 270, 269,
    269, 271, 273, 273, 272, 272, 273, 270, 272, 272, 271, 273, 270, 273,
    270, 270, 273, 273, 273, 271, 273, 273, 270, 269, 270, 272, 271, 270,
    268, 268, 268, 268, 268, 270, 271, 269, 269, 268, 269, 269, 271, 271,
    269, 270, 269, 272, 270, 271, 268, 270, 272, 269, 268, 270, 268, 270,
    271, 270, 269, 272, 270, 272, 270, 269, 267, 270, 271, 271, 269, 270,
    271, 271, 269, 270, 269, 271, 271 ]
RHandPositionsX: [ 261, 261, 262, 263, 259, 262, 261, 261, 261, 259, 262,
    261, 260, 259, 260, 261, 261, 252, 262, 251, 242, 220, 203, 183, 166,
    153, 136, 138, 137, 138, 146, 152, 155, 164, 165, 164, 160, 160, 161,
    157, 161, 173, 181, 179, 174, 175, 171, 169, 169, 171, 172, 185, 189,
    197, 191, 184, 178, 177, 173, 181, 182, 189, 190, 195, 191, 181, 176,
    173, 175, 177, 175, 193, 199, 206, 212, 221, 224, 231, 234, 243, 251,
    254, 248, 256, 264, 261, 261, 260 ]
RHandPositionsY: [ 266, 266, 264, 266, 266, 266, 263, 266, 265, 264, 265,
    267, 268, 266, 269, 265, 265, 266, 265, 255, 245, 227, 212, 192, 171,
    150, 132, 117, 111, 96, 90, 85, 87, 87, 84, 84, 80, 80, 78, 79, 80,
    85, 86, 85, 82, 78, 78, 74, 78, 80, 82, 88, 91, 94, 89, 85, 82, 85,
    79, 84, 90, 93, 90, 91, 89, 86, 82, 84, 80, 85, 96, 104, 127, 147,
    163, 179, 198, 215, 226, 246, 258, 259, 258, 262, 265, 264, 267, 270 ]
