%YAML:1.0
---
videoName: "RHShake20.mp4"
gestureLabel: 2
fps: 29
pixelSizeInCmTemp: 3.3263888888888887e-01
faceCenterPointX: 286
faceCenterPointY: 45
LHandPositionsX: [ 392, 392, 390, 393, 390, 393, 390, 394, 394, 392, 393,
    392, 392, 393, 393, 394, 393, 390, 391, 393, 394, 392, 393, 391, 393,
    392, 394, 393, 393, 394, 393, 393, 391, 391, 393, 392, 394, 390, 390,
    394, 392, 390, 393, 390, 390, 394, 393, 392, 393, 393, 393, 393, 391,
    394, 393, 392, 392, 394, 393, 394, 390, 391, 391, 393, 391, 392, 390,
    391, 392, 394, 392, 394, 390, 390, 390, 392, 393, 394, 390, 394, 394,
    390, 390, 393, 392, 390, 392, 394 ]
LHandPositionsY: [ 245, 246, 243, 244, 245, 243, 245, 245, 242, 240, 243,
    241, 243, 239, 241, 241, 240, 240, 243, 240, 243, 243, 239, 239, 242,
    241, 239, 240, 242, 242, 243, 241, 243, 243, 240, 242, 241, 239, 241,
    239, 243, 243, 243, 243, 243, 243, 241, 241, 239, 240, 241, 242, 240,
    243, 239, 242, 243, 239, 242, 241, 242, 243, 242, 241, 243, 242, 243,
    241, 241, 243, 239, 242, 243, 243, 242, 243, 240, 239, 240, 239, 243,
    239, 240, 243, 241, 239, 241, 243 ]
RHandPositionsX: [ 166, 160, 160, 158, 151, 153, 153, 157, 159, 157, 160,
    158, 160, 156, 150, 152, 151, 151, 161, 160, 164, 161, 159, 154, 153,
    153, 153, 150, 158, 161, 164, 159, 155, 152, 156, 153, 150, 152, 157,
    168, 165, 165, 163, 164, 156, 153, 151, 154, 158, 160, 164, 168, 167,
    168, 169, 169, 162, 164, 160, 160, 165, 167, 172, 177, 183, 186, 186,
    184, 184, 181, 184, 183, 178, 177, 179, 176, 179, 177, 177, 179, 179,
    178, 178, 178, 177, 180, 176, 176 ]
RHandPositionsY: [ 108, 110, 104, 104, 101, 100, 99, 99, 99, 103, 104,
    100, 96, 97, 99, 99, 101, 104, 113, 113, 113, 113, 111, 110, 110,
    109, 108, 109, 119, 119, 120, 116, 112, 109, 107, 102, 105, 108, 115,
    122, 122, 124, 121, 120, 113, 114, 113, 111, 111, 115, 125, 123, 122,
    123, 125, 122, 114, 113, 113, 112, 118, 125, 130, 139, 144, 154, 164,
    176, 183, 191, 203, 208, 221, 226, 235, 231, 241, 242, 240, 241, 245,
    246, 246, 244, 245, 243, 243, 245 ]
