%YAML:1.0
---
videoName: "RHShake19.mp4"
gestureLabel: 2
fps: 29
pixelSizeInCmTemp: 3.2808219178082193e-01
faceCenterPointX: 283
faceCenterPointY: 48
LHandPositionsX: [ 391, 390, 390, 388, 388, 389, 388, 388, 389, 392, 391,
    392, 390, 392, 390, 388, 390, 389, 391, 389, 388, 389, 391, 392, 388,
    388, 388, 388, 391, 390, 388, 392, 391, 392, 391, 388, 388, 392, 389,
    389, 388, 389, 389, 388, 389, 392, 389, 388, 392, 390, 389, 391, 391,
    390, 388, 389, 388, 391, 392, 389, 389, 388, 388, 389, 388, 388, 391,
    392, 391, 392, 391, 390, 392, 388, 389, 390, 388, 389, 390, 388, 388,
    389, 390, 391, 389, 389, 390, 389 ]
LHandPositionsY: [ 244, 244, 244, 240, 241, 242, 241, 242, 241, 242, 244,
    240, 242, 243, 241, 244, 240, 243, 240, 240, 240, 242, 243, 243, 244,
    243, 242, 242, 240, 244, 241, 240, 241, 241, 241, 242, 244, 244, 240,
    244, 244, 243, 240, 240, 242, 244, 242, 240, 242, 240, 244, 241, 240,
    244, 240, 240, 243, 240, 242, 241, 243, 242, 243, 243, 241, 240, 244,
    242, 241, 243, 241, 242, 242, 243, 241, 243, 242, 242, 243, 241, 243,
    242, 240, 243, 243, 244, 244, 240 ]
RHandPositionsX: [ 156, 174, 182, 182, 187, 186, 178, 171, 164, 162, 160,
    164, 168, 176, 184, 183, 187, 178, 175, 171, 162, 161, 160, 165, 168,
    175, 173, 173, 172, 163, 163, 160, 158, 163, 171, 180, 177, 178, 180,
    175, 169, 164, 165, 158, 162, 167, 178, 180, 179, 182, 176, 175, 169,
    168, 167, 170, 168, 177, 181, 178, 182, 178, 171, 170, 170, 168, 173,
    177, 177, 182, 185, 189, 188, 186, 185, 185, 183, 183, 179, 181, 180,
    178, 182, 181, 180, 179, 181, 178 ]
RHandPositionsY: [ 91, 93, 96, 94, 94, 92, 87, 82, 78, 78, 76, 74, 78,
    83, 90, 91, 88, 85, 79, 76, 75, 79, 73, 73, 84, 92, 92, 88, 89, 89,
    82, 85, 78, 82, 85, 88, 97, 98, 93, 90, 90, 85, 85, 82, 81, 86, 91,
    98, 102, 103, 99, 95, 96, 95, 94, 93, 102, 102, 106, 107, 106, 99,
    103, 99, 99, 99, 111, 126, 136, 149, 163, 174, 185, 190, 198, 210,
    218, 225, 232, 239, 235, 235, 238, 243, 244, 240, 242, 243 ]
