%YAML:1.0
---
videoName: "RHShake19.mp4"
gestureLabel: 2
fps: 29
pixelSizeInCmTemp: 3.2808219178082193e-01
faceCenterPointX: 283
faceCenterPointY: 48
LHandPositionsX: [ 391, 391, 389, 388, 388, 389, 388, 390, 391, 388, 392,
    390, 388, 392, 389, 391, 388, 389, 388, 391, 388, 390, 392, 391, 388,
    391, 390, 391, 391, 389, 388, 389, 389, 389, 392, 392, 392, 389, 391,
    388, 391, 389, 388, 390, 389, 392, 390, 390, 390, 391, 391, 391, 392,
    388, 391, 389, 391, 391, 392, 390, 389, 389, 389, 389, 390, 391, 392,
    390, 388, 390, 388, 390, 390, 390, 389, 390, 390, 390, 392, 392, 390,
    390, 388, 389, 388, 390, 392, 388 ]
LHandPositionsY: [ 240, 244, 244, 241, 244, 240, 242, 241, 242, 240, 243,
    243, 240, 240, 241, 241, 244, 244, 242, 242, 241, 240, 244, 243, 243,
    240, 242, 241, 242, 241, 244, 242, 243, 242, 240, 241, 240, 244, 240,
    242, 242, 244, 240, 242, 241, 242, 241, 240, 240, 244, 240, 244, 241,
    240, 241, 242, 243, 240, 240, 244, 242, 244, 244, 241, 242, 240, 242,
    241, 241, 241, 241, 243, 241, 242, 244, 244, 240, 243, 243, 242, 241,
    243, 242, 240, 244, 242, 241, 240 ]
RHandPositionsX: [ 156, 172, 182, 184, 187, 186, 176, 172, 168, 162, 162,
    163, 166, 178, 185, 185, 184, 179, 177, 170, 166, 158, 162, 165, 168,
    175, 172, 172, 171, 165, 161, 160, 161, 164, 167, 180, 178, 178, 181,
    175, 170, 164, 163, 162, 165, 165, 177, 180, 177, 185, 178, 174, 167,
    169, 168, 168, 169, 178, 178, 179, 183, 179, 174, 174, 166, 169, 171,
    175, 177, 184, 189, 187, 192, 189, 183, 186, 184, 181, 181, 182, 178,
    180, 179, 178, 181, 178, 181, 179 ]
RHandPositionsY: [ 88, 94, 96, 93, 92, 92, 83, 80, 76, 78, 77, 71, 77,
    82, 89, 92, 90, 83, 79, 75, 75, 78, 76, 77, 81, 89, 92, 92, 87, 87,
    82, 83, 78, 83, 88, 88, 95, 94, 94, 94, 88, 84, 87, 83, 81, 87, 93,
    96, 99, 102, 101, 95, 98, 98, 95, 94, 99, 104, 109, 110, 107, 101,
    102, 97, 99, 100, 113, 127, 136, 151, 161, 176, 185, 193, 200, 210,
    220, 224, 232, 235, 238, 235, 241, 242, 241, 239, 240, 240 ]
