%YAML:1.0
---
videoName: "RHShake01.mp4"
gestureLabel: 2
fps: 29
pixelSizeInCmTemp: 3.1513157894736843e-01
faceCenterPointX: 292
faceCenterPointY: 51
LHandPositionsX: [ 393, 395, 393, 394, 394, 395, 392, 393, 394, 396, 396,
    393, 393, 393, 394, 391, 391, 392, 391, 393, 393, 391, 395, 395, 391,
    393, 393, 395, 395, 395, 392, 395, 395, 395, 392, 391, 394, 395, 393,
    394, 391, 392, 393, 395, 394, 395, 393, 392, 391, 394, 391, 391, 392,
    394, 394, 395, 394, 393, 395, 391, 394, 394, 393, 395, 393, 394, 392,
    393, 395, 394, 395, 395, 394, 395, 391, 391, 391, 392, 392, 392, 391,
    391, 391, 395, 392, 394, 395, 395 ]
LHandPositionsY: [ 255, 256, 255, 254, 253, 254, 257, 254, 254, 255, 257,
    254, 257, 256, 255, 255, 255, 254, 257, 254, 254, 254, 256, 255, 254,
    255, 256, 254, 254, 256, 256, 253, 254, 255, 255, 253, 256, 253, 257,
    254, 257, 256, 256, 256, 257, 254, 253, 254, 253, 253, 257, 255, 255,
    254, 254, 254, 253, 255, 254, 257, 257, 253, 256, 253, 253, 254, 253,
    255, 255, 255, 254, 257, 254, 255, 255, 253, 254, 257, 253, 255, 257,
    254, 256, 256, 256, 256, 257, 253 ]
RHandPositionsX: [ 171, 170, 169, 170, 168, 168, 168, 169, 168, 171, 171,
    168, 170, 168, 167, 169, 170, 167, 167, 170, 168, 172, 170, 172, 169,
    168, 170, 175, 175, 171, 163, 159, 157, 154, 156, 159, 168, 178, 190,
    193, 193, 188, 184, 177, 177, 174, 176, 185, 195, 194, 190, 190, 184,
    177, 176, 182, 176, 182, 187, 194, 189, 196, 195, 187, 178, 176, 176,
    183, 186, 192, 195, 199, 199, 195, 193, 191, 187, 190, 187, 180, 176,
    178, 176, 171, 175, 172, 176, 173 ]
RHandPositionsY: [ 276, 276, 279, 280, 278, 278, 279, 277, 278, 279, 276,
    279, 278, 277, 279, 277, 278, 276, 279, 277, 278, 276, 279, 279, 275,
    277, 265, 248, 226, 208, 188, 168, 152, 131, 129, 114, 109, 110, 112,
    112, 107, 105, 103, 99, 98, 96, 96, 100, 102, 102, 98, 94, 95, 93,
    92, 93, 94, 98, 102, 100, 99, 100, 102, 100, 99, 95, 95, 98, 103,
    107, 110, 121, 132, 144, 159, 175, 189, 201, 204, 213, 222, 227, 236,
    243, 244, 244, 244, 247 ]
