%YAML:1.0
---
videoName: "RHShake09.mp4"
gestureLabel: 2
fps: 29
pixelSizeInCmTemp: 3.1103896103896100e-01
faceCenterPointX: 296
faceCenterPointY: 48
LHandPositionsX: [ 324, 325, 322, 323, 325, 324, 322, 322, 320, 316, 317,
    316, 312, 314, 312, 312, 311, 308, 310, 311, 308, 310, 307, 309, 307,
    306, 307, 308, 307, 309, 309, 308, 311, 309, 311, 310, 310, 311, 307,
    308, 307, 309, 309, 310, 309, 312, 310, 312, 310, 313, 311, 311, 312,
    313, 312, 314, 314, 312, 315, 314, 314, 317, 314, 315, 316, 315, 317,
    316, 316, 316, 317, 317, 318, 317, 313, 313, 314, 316, 316, 313, 317,
    317, 318, 316, 314, 317, 315, 316 ]
LHandPositionsY: [ 267, 266, 268, 268, 267, 268, 272, 273, 273, 274, 273,
    271, 273, 273, 274, 274, 275, 272, 276, 272, 274, 273, 274, 273, 275,
    275, 274, 276, 274, 275, 276, 274, 274, 275, 275, 273, 273, 277, 273,
    273, 274, 277, 277, 277, 273, 274, 274, 277, 273, 275, 274, 277, 274,
    273, 273, 275, 275, 274, 272, 273, 273, 274, 272, 276, 276, 276, 275,
    272, 272, 274, 275, 276, 274, 273, 272, 273, 275, 274, 272, 272, 276,
    276, 273, 271, 276, 272, 273, 274 ]
RHandPositionsX: [ 262, 266, 262, 264, 262, 265, 263, 264, 263, 259, 262,
    263, 257, 259, 258, 258, 258, 257, 260, 258, 256, 259, 258, 258, 258,
    256, 258, 256, 255, 256, 264, 264, 255, 240, 223, 206, 191, 175, 169,
    173, 171, 175, 182, 186, 188, 188, 182, 181, 177, 175, 186, 188, 188,
    199, 195, 184, 178, 176, 178, 188, 185, 183, 197, 187, 185, 180, 175,
    175, 172, 181, 182, 190, 185, 181, 180, 180, 181, 179, 185, 191, 193,
    194, 197, 204, 209, 217, 227, 237 ]
RHandPositionsY: [ 261, 262, 266, 264, 264, 266, 266, 267, 267, 269, 267,
    268, 266, 265, 267, 266, 269, 268, 267, 266, 265, 265, 267, 268, 266,
    268, 268, 265, 268, 269, 267, 259, 247, 229, 216, 198, 177, 155, 135,
    134, 114, 110, 106, 111, 109, 103, 100, 89, 89, 86, 89, 96, 95, 96,
    96, 95, 87, 90, 89, 91, 95, 98, 99, 94, 90, 84, 87, 86, 92, 95, 98,
    98, 97, 93, 91, 92, 87, 91, 96, 104, 105, 106, 122, 135, 142, 155,
    166, 187 ]
