%YAML:1.0
---
videoName: "RHShake23.mp4"
gestureLabel: 2
fps: 29
pixelSizeInCmTemp: 3.3263888888888887e-01
faceCenterPointX: 298
faceCenterPointY: 49
LHandPositionsX: [ 390, 389, 387, 391, 387, 389, 390, 391, 390, 391, 391,
    387, 389, 388, 387, 389, 391, 387, 391, 388, 388, 388, 388, 390, 390,
    387, 390, 391, 387, 388, 390, 388, 387, 389, 388, 390, 389, 391, 389,
    387, 389, 388, 390, 391, 388, 391, 388, 387, 388, 391, 387, 387, 390,
    387, 387, 387, 389, 389, 388, 390, 388, 390, 390, 391, 387, 387, 387,
    391, 389, 388, 391, 391, 389, 391, 389, 391, 390, 389, 387, 389, 388,
    390, 388, 388, 387, 388, 390, 391 ]
LHandPositionsY: [ 226, 226, 225, 227, 226, 227, 225, 227, 227, 227, 224,
    224, 224, 224, 226, 224, 226, 228, 226, 224, 225, 224, 225, 228, 224,
    225, 227, 228, 227, 227, 225, 227, 227, 228, 225, 228, 227, 224, 225,
    228, 227, 228, 225, 228, 224, 227, 226, 224, 228, 226, 226, 224, 225,
    225, 227, 227, 226, 225, 226, 228, 227, 226, 225, 224, 224, 227, 228,
    224, 225, 227, 228, 227, 228, 228, 228, 227, 227, 227, 226, 227, 224,
    227, 227, 226, 228, 228, 224, 226 ]
RHandPositionsX: [ 168, 169, 177, 190, 190, 188, 194, 187, 181, 178, 172,
    173, 171, 180, 187, 199, 197, 199, 196, 194, 186, 181, 175, 175, 173,
    170, 170, 177, 193, 202, 199, 201, 199, 195, 192, 183, 183, 179, 181,
    180, 185, 201, 199, 205, 204, 201, 199, 190, 183, 178, 176, 177, 178,
    188, 195, 199, 205, 208, 207, 208, 212, 211, 208, 209, 211, 208, 210,
    206, 206, 205, 204, 203, 205, 201, 200, 200, 200, 203, 201, 199, 203,
    200, 200, 201, 201, 201, 199, 197 ]
RHandPositionsY: [ 98, 93, 98, 114, 114, 112, 119, 112, 104, 101, 102,
    98, 99, 103, 112, 123, 125, 122, 126, 111, 100, 102, 100, 99, 97, 94,
    93, 99, 117, 122, 122, 121, 121, 106, 106, 103, 106, 104, 101, 99,
    113, 123, 120, 124, 127, 126, 124, 107, 107, 107, 102, 102, 100, 115,
    126, 136, 140, 149, 151, 156, 160, 165, 175, 182, 192, 202, 208, 216,
    215, 214, 218, 218, 219, 225, 223, 225, 227, 227, 224, 226, 226, 228,
    224, 227, 224, 227, 225, 227 ]
