%YAML:1.0
---
videoName: "RHShake01.mp4"
gestureLabel: 2
fps: 29
pixelSizeInCmTemp: 3.1513157894736843e-01
faceCenterPointX: 292
faceCenterPointY: 51
LHandPositionsX: [ 394, 394, 396, 392, 392, 396, 393, 393, 394, 394, 394,
    394, 394, 394, 391, 394, 395, 392, 394, 394, 391, 391, 394, 392, 393,
    393, 393, 395, 392, 391, 394, 391, 395, 392, 392, 392, 392, 392, 391,
    393, 392, 395, 392, 394, 393, 392, 392, 395, 392, 395, 392, 393, 394,
    394, 392, 395, 394, 391, 391, 391, 391, 395, 394, 393, 393, 391, 394,
    392, 395, 393, 392, 394, 391, 394, 394, 391, 393, 395, 391, 395, 393,
    393, 394, 394, 392, 395, 395, 394 ]
LHandPositionsY: [ 254, 257, 255, 255, 257, 256, 255, 257, 255, 256, 256,
    256, 255, 256, 257, 254, 254, 254, 255, 255, 255, 253, 255, 257, 254,
    257, 256, 255, 254, 255, 253, 255, 255, 255, 254, 256, 254, 253, 253,
    253, 256, 255, 253, 257, 253, 257, 255, 255, 256, 256, 256, 255, 254,
    256, 254, 253, 255, 256, 254, 253, 253, 253, 257, 256, 257, 257, 253,
    254, 254, 256, 255, 255, 256, 255, 255, 256, 256, 253, 257, 255, 255,
    256, 253, 256, 255, 253, 254, 253 ]
RHandPositionsX: [ 169, 167, 170, 169, 169, 171, 169, 170, 167, 168, 170,
    169, 171, 169, 167, 167, 170, 167, 171, 171, 171, 170, 172, 172, 170,
    170, 169, 177, 173, 171, 162, 160, 157, 152, 156, 162, 172, 181, 194,
    190, 193, 189, 181, 178, 176, 174, 173, 188, 194, 196, 189, 190, 184,
    180, 179, 181, 180, 184, 188, 191, 191, 193, 194, 186, 181, 177, 179,
    182, 188, 194, 192, 200, 199, 199, 191, 191, 186, 191, 188, 180, 179,
    176, 172, 171, 172, 172, 175, 174 ]
RHandPositionsY: [ 276, 279, 277, 276, 280, 279, 277, 276, 278, 276, 276,
    277, 276, 280, 276, 280, 276, 277, 280, 278, 276, 280, 277, 277, 279,
    275, 266, 246, 227, 206, 188, 166, 149, 134, 132, 118, 106, 108, 110,
    108, 105, 106, 100, 99, 99, 99, 97, 98, 101, 101, 100, 93, 97, 95,
    92, 92, 96, 100, 100, 101, 99, 100, 102, 96, 98, 96, 97, 98, 100,
    106, 112, 124, 135, 145, 159, 177, 191, 203, 203, 210, 219, 226, 235,
    243, 244, 243, 244, 246 ]
