%YAML:1.0
---
videoName: "RHShake00.mp4"
gestureLabel: 2
fps: 29
pixelSizeInCmTemp: 3.4710144927536229e-01
faceCenterPointX: 283
faceCenterPointY: 97
LHandPositionsX: [ 342, 345, 345, 343, 342, 345, 344, 344, 345, 344, 343,
    344, 344, 343, 344, 343, 344, 342, 344, 345, 344, 345, 344, 344, 345,
    344, 343, 342, 344, 343, 344, 346, 345, 345, 342, 343, 345, 345, 342,
    344, 343, 346, 342, 342, 346, 345, 345, 345, 342, 344, 345, 346, 345,
    345, 344, 345, 344, 342, 344, 346, 346, 345, 342, 346, 342, 346, 344,
    342, 345, 346, 342, 342, 345, 346, 345, 344, 346, 342, 344, 342, 346,
    346, 346, 344, 342, 345, 344, 343 ]
LHandPositionsY: [ 272, 272, 275, 275, 275, 276, 274, 272, 273, 272, 274,
    273, 273, 275, 276, 275, 272, 273, 273, 273, 275, 275, 274, 274, 274,
    274, 275, 276, 276, 276, 275, 274, 274, 275, 272, 273, 274, 275, 273,
    274, 274, 274, 273, 275, 274, 273, 276, 272, 275, 273, 273, 276, 276,
    273, 274, 272, 274, 276, 276, 276, 274, 276, 273, 274, 275, 275, 272,
    272, 276, 276, 272, 276, 276, 275, 276, 274, 275, 276, 276, 276, 274,
    276, 273, 276, 274, 272, 276, 272 ]
RHandPositionsX: [ 179, 172, 167, 154, 149, 144, 145, 142, 145, 142, 142,
    149, 150, 166, 167, 167, 167, 167, 163, 161, 155, 150, 149, 150, 152,
    163, 163, 167, 168, 166, 158, 148, 149, 149, 152, 154, 163, 164, 166,
    165, 164, 154, 149, 142, 140, 147, 151, 153, 155, 155, 159, 160, 155,
    151, 145, 147, 142, 149, 157, 161, 162, 163, 167, 160, 155, 149, 145,
    140, 143, 145, 149, 151, 155, 159, 165, 168, 170, 172, 176, 180, 185,
    187, 188, 192, 192, 196, 199, 195 ]
RHandPositionsY: [ 257, 251, 242, 217, 204, 188, 177, 169, 158, 149, 140,
    138, 132, 134, 138, 137, 133, 133, 125, 122, 120, 120, 119, 121, 129,
    133, 132, 135, 137, 130, 129, 125, 128, 125, 131, 136, 138, 140, 137,
    137, 141, 134, 132, 131, 130, 136, 135, 134, 136, 140, 136, 139, 136,
    130, 129, 130, 132, 132, 140, 144, 148, 143, 146, 144, 139, 138, 140,
    135, 141, 147, 156, 162, 170, 175, 180, 188, 198, 207, 214, 221, 230,
    236, 243, 249, 255, 257, 263, 260 ]
