%YAML:1.0
---
videoName: "RHShake21.mp4"
gestureLabel: 2
fps: 29
pixelSizeInCmTemp: 3.3732394366197183e-01
faceCenterPointX: 293
faceCenterPointY: 47
LHandPositionsX: [ 394, 394, 396, 397, 394, 397, 396, 394, 397, 395, 397,
    398, 398, 398, 394, 394, 398, 398, 398, 396, 394, 395, 398, 394, 397,
    394, 395, 398, 398, 398, 394, 394, 396, 397, 394, 397, 395, 395, 395,
    398, 398, 394, 398, 398, 395, 398, 398, 398, 397, 398, 394, 395, 396,
    396, 396, 394, 395, 398, 396, 394, 395, 394, 394, 396, 395, 395, 396,
    398, 394, 395, 395, 395, 395, 397, 396, 394, 394, 394, 395, 395, 394,
    395, 397, 397, 396, 397, 397, 396 ]
LHandPositionsY: [ 238, 239, 240, 238, 242, 242, 241, 240, 242, 241, 241,
    240, 242, 242, 238, 242, 238, 242, 238, 242, 241, 240, 242, 240, 238,
    241, 239, 241, 242, 242, 238, 241, 242, 239, 239, 242, 240, 242, 241,
    242, 242, 238, 239, 240, 238, 239, 238, 238, 238, 240, 239, 239, 239,
    240, 242, 239, 238, 242, 239, 238, 239, 242, 239, 241, 240, 242, 242,
    241, 239, 240, 242, 239, 238, 242, 240, 240, 240, 238, 242, 242, 239,
    240, 238, 241, 242, 242, 239, 240 ]
RHandPositionsX: [ 136, 142, 140, 143, 147, 148, 142, 138, 138, 134, 135,
    139, 144, 150, 150, 151, 148, 144, 139, 137, 134, 137, 140, 144, 149,
    148, 153, 152, 147, 142, 141, 135, 136, 138, 139, 145, 148, 151, 150,
    147, 141, 135, 136, 137, 137, 142, 146, 149, 148, 149, 146, 145, 140,
    133, 134, 137, 140, 147, 156, 162, 171, 177, 176, 182, 181, 182, 186,
    186, 188, 185, 192, 188, 189, 186, 189, 190, 186, 189, 185, 187, 185,
    187, 188, 185, 189, 188, 185, 186 ]
RHandPositionsY: [ 82, 87, 89, 89, 87, 87, 81, 82, 80, 79, 82, 87, 89,
    92, 93, 92, 93, 86, 83, 86, 87, 81, 82, 87, 87, 93, 90, 94, 89, 88,
    88, 84, 84, 83, 86, 91, 94, 96, 92, 91, 85, 86, 88, 87, 86, 90, 97,
    96, 96, 98, 95, 95, 95, 94, 93, 89, 94, 104, 117, 125, 139, 152, 151,
    149, 159, 167, 177, 188, 199, 209, 214, 214, 220, 228, 227, 226, 227,
    229, 228, 227, 227, 227, 231, 228, 228, 227, 227, 227 ]
