%YAML:1.0
---
videoName: "RHShake14.mp4"
gestureLabel: 2
fps: 30
pixelSizeInCmTemp: 3.2808219178082193e-01
faceCenterPointX: 277
faceCenterPointY: 42
LHandPositionsX: [ 375, 376, 375, 379, 375, 377, 375, 375, 376, 376, 378,
    374, 378, 378, 375, 374, 375, 377, 374, 376, 375, 375, 372, 376, 372,
    375, 373, 373, 372, 373, 372, 374, 374, 374, 376, 374, 373, 373, 374,
    376, 374, 376, 374, 373, 375, 375, 376, 374, 374, 375, 372, 375, 374,
    376, 372, 375, 375, 373, 376, 374, 376, 373, 372, 376, 375, 374, 374,
    373, 373, 373, 374, 373, 375, 372, 376, 375, 374, 372, 375, 373, 372,
    376, 374, 374, 374, 376, 372, 374, 375, 373, 376 ]
LHandPositionsY: [ 232, 230, 231, 230, 233, 232, 231, 229, 232, 230, 232,
    229, 231, 230, 230, 231, 232, 230, 230, 229, 231, 230, 230, 232, 230,
    233, 229, 230, 231, 233, 230, 231, 229, 233, 230, 233, 231, 232, 232,
    232, 233, 232, 233, 230, 231, 230, 233, 232, 233, 229, 230, 230, 229,
    229, 230, 230, 233, 232, 232, 232, 232, 230, 231, 229, 232, 232, 232,
    230, 230, 230, 232, 231, 229, 232, 229, 233, 229, 230, 232, 229, 232,
    230, 231, 229, 231, 231, 233, 230, 229, 232, 231 ]
RHandPositionsX: [ 172, 170, 172, 174, 172, 173, 171, 174, 171, 170, 172,
    171, 173, 174, 171, 170, 172, 172, 172, 171, 173, 172, 171, 171, 171,
    172, 170, 170, 160, 148, 137, 127, 124, 116, 117, 122, 125, 130, 137,
    137, 141, 147, 146, 143, 145, 146, 150, 155, 158, 160, 159, 158, 153,
    149, 156, 158, 161, 170, 168, 163, 160, 157, 159, 159, 158, 166, 163,
    169, 175, 179, 178, 177, 179, 177, 175, 171, 178, 181, 173, 173, 173,
    173, 171, 174, 172, 170, 170, 172, 173, 171, 172 ]
RHandPositionsY: [ 243, 241, 242, 240, 243, 242, 241, 243, 242, 241, 239,
    242, 240, 242, 239, 240, 240, 240, 243, 239, 243, 239, 240, 243, 242,
    242, 243, 235, 215, 196, 171, 152, 136, 118, 113, 107, 105, 109, 115,
    118, 115, 103, 96, 93, 86, 85, 83, 82, 86, 81, 81, 78, 77, 75, 76,
    75, 82, 84, 81, 77, 80, 75, 78, 76, 81, 83, 85, 105, 118, 134, 148,
    160, 172, 179, 193, 193, 198, 203, 213, 215, 215, 221, 221, 229, 235,
    235, 232, 232, 237, 237, 236 ]
