%YAML:1.0
---
videoName: "RHShake19.mp4"
gestureLabel: 2
fps: 29
pixelSizeInCmTemp: 3.2808219178082193e-01
faceCenterPointX: 283
faceCenterPointY: 48
LHandPositionsX: [ 392, 388, 391, 390, 391, 392, 391, 388, 391, 388, 390,
    390, 391, 391, 390, 390, 390, 388, 389, 390, 389, 390, 388, 389, 388,
    389, 392, 390, 388, 390, 391, 388, 392, 390, 389, 390, 388, 389, 388,
    391, 392, 391, 392, 390, 389, 388, 392, 392, 391, 389, 390, 388, 391,
    392, 392, 389, 391, 388, 388, 388, 388, 391, 389, 390, 391, 392, 392,
    392, 391, 389, 390, 388, 389, 388, 391, 388, 389, 390, 391, 388, 392,
    389, 388, 392, 392, 389, 388, 392 ]
LHandPositionsY: [ 240, 241, 240, 241, 240, 243, 244, 243, 241, 244, 243,
    244, 240, 241, 244, 242, 242, 241, 243, 243, 243, 242, 243, 241, 244,
    240, 244, 241, 242, 240, 244, 243, 242, 243, 241, 243, 244, 240, 240,
    241, 242, 242, 244, 243, 240, 241, 243, 244, 244, 242, 241, 241, 243,
    244, 241, 243, 240, 243, 242, 243, 241, 240, 242, 241, 242, 241, 244,
    240, 243, 244, 243, 243, 240, 241, 243, 243, 242, 244, 244, 241, 240,
    242, 244, 244, 243, 243, 242, 244 ]
RHandPositionsX: [ 157, 173, 181, 180, 187, 184, 175, 171, 164, 161, 161,
    161, 168, 177, 183, 183, 184, 176, 177, 170, 162, 160, 162, 164, 169,
    174, 174, 174, 168, 167, 160, 158, 159, 162, 169, 178, 178, 179, 181,
    172, 170, 163, 165, 161, 163, 165, 174, 179, 179, 183, 176, 177, 167,
    167, 166, 169, 168, 180, 178, 181, 181, 181, 175, 173, 167, 169, 172,
    174, 180, 181, 188, 187, 192, 185, 187, 187, 185, 183, 181, 178, 178,
    178, 182, 180, 178, 179, 179, 179 ]
RHandPositionsY: [ 89, 91, 95, 93, 91, 88, 86, 81, 80, 77, 74, 75, 80,
    84, 92, 92, 90, 83, 78, 77, 75, 78, 73, 77, 82, 92, 90, 92, 90, 89,
    84, 85, 81, 85, 85, 90, 94, 95, 93, 94, 87, 88, 84, 86, 82, 85, 90,
    99, 102, 103, 103, 96, 97, 98, 96, 94, 100, 105, 109, 110, 107, 103,
    103, 101, 99, 99, 112, 123, 138, 151, 164, 176, 188, 190, 200, 211,
    218, 224, 231, 237, 236, 238, 237, 241, 240, 239, 240, 241 ]
