%YAML:1.0
---
videoName: "RHShake09.mp4"
gestureLabel: 2
fps: 29
pixelSizeInCmTemp: 3.1103896103896100e-01
faceCenterPointX: 296
faceCenterPointY: 48
LHandPositionsX: [ 327, 326, 323, 324, 323, 325, 324, 323, 320, 318, 317,
    316, 312, 311, 311, 312, 312, 312, 312, 311, 309, 306, 310, 305, 306,
    305, 304, 305, 306, 305, 307, 309, 308, 309, 308, 310, 310, 307, 310,
    307, 310, 310, 309, 311, 311, 310, 310, 312, 310, 315, 312, 313, 314,
    311, 311, 316, 314, 315, 316, 316, 316, 316, 317, 314, 317, 317, 315,
    317, 318, 316, 314, 318, 317, 314, 313, 315, 315, 315, 315, 314, 314,
    316, 317, 314, 314, 315, 315, 316 ]
LHandPositionsY: [ 267, 266, 270, 269, 271, 268, 272, 270, 273, 271, 271,
    271, 271, 272, 272, 272, 276, 276, 274, 273, 272, 274, 272, 275, 273,
    274, 276, 276, 273, 273, 273, 273, 273, 274, 277, 275, 277, 277, 275,
    275, 277, 274, 275, 273, 274, 275, 273, 277, 276, 274, 274, 277, 273,
    273, 275, 272, 273, 276, 273, 272, 272, 273, 276, 274, 274, 273, 272,
    276, 275, 274, 275, 276, 273, 274, 274, 274, 276, 275, 274, 275, 275,
    274, 271, 272, 276, 276, 271, 273 ]
RHandPositionsX: [ 264, 265, 262, 263, 262, 261, 261, 263, 262, 263, 262,
    262, 257, 260, 259, 257, 257, 258, 260, 258, 258, 255, 256, 258, 254,
    258, 258, 256, 254, 255, 266, 264, 253, 240, 223, 203, 191, 176, 170,
    171, 175, 173, 181, 185, 186, 185, 181, 180, 180, 177, 185, 191, 191,
    199, 195, 185, 181, 178, 177, 187, 181, 183, 197, 187, 188, 183, 174,
    173, 173, 181, 184, 187, 185, 183, 180, 178, 180, 178, 185, 192, 192,
    191, 201, 204, 210, 214, 228, 239 ]
RHandPositionsY: [ 261, 264, 265, 262, 263, 264, 267, 265, 267, 267, 266,
    266, 268, 266, 268, 268, 269, 265, 266, 266, 269, 268, 266, 268, 268,
    266, 269, 267, 265, 267, 268, 257, 248, 232, 216, 196, 178, 157, 136,
    136, 117, 109, 105, 110, 109, 105, 99, 87, 89, 86, 90, 96, 95, 95,
    96, 91, 86, 90, 86, 91, 96, 97, 97, 97, 93, 84, 88, 90, 91, 95, 99,
    97, 96, 93, 90, 92, 91, 93, 97, 106, 105, 110, 121, 131, 143, 156,
    170, 185 ]
