%YAML:1.0
---
videoName: "RHShake23.mp4"
gestureLabel: 2
fps: 29
pixelSizeInCmTemp: 3.3263888888888887e-01
faceCenterPointX: 298
faceCenterPointY: 49
LHandPositionsX: [ 388, 391, 391, 387, 391, 388, 387, 388, 390, 387, 390,
    390, 391, 388, 390, 387, 391, 389, 391, 387, 388, 391, 389, 387, 389,
    388, 391, 390, 388, 391, 388, 390, 389, 387, 389, 390, 388, 389, 391,
    388, 389, 390, 391, 389, 388, 388, 391, 391, 390, 391, 391, 389, 388,
    390, 390, 390, 388, 390, 391, 390, 391, 388, 389, 391, 391, 387, 390,
    389, 389, 390, 391, 391, 387, 388, 388, 388, 387, 387, 389, 387, 389,
    391, 391, 387, 390, 391, 390, 390 ]
LHandPositionsY: [ 225, 228, 225, 228, 224, 228, 224, 228, 224, 225, 225,
    226, 228, 225, 227, 224, 224, 225, 227, 224, 227, 225, 227, 224, 225,
    224, 224, 226, 228, 228, 227, 228, 224, 224, 226, 228, 226, 225, 228,
    224, 224, 225, 228, 227, 226, 224, 224, 224, 227, 226, 227, 225, 228,
    224, 224, 224, 228, 226, 228, 227, 227, 228, 226, 226, 227, 224, 228,
    224, 228, 226, 225, 225, 228, 226, 228, 225, 226, 224, 225, 226, 227,
    224, 225, 224, 228, 225, 224, 225 ]
RHandPositionsX: [ 172, 168, 175, 186, 190, 188, 193, 188, 182, 176, 172,
    173, 171, 182, 190, 197, 196, 198, 200, 194, 187, 183, 176, 174, 171,
    173, 171, 176, 193, 202, 202, 198, 199, 195, 191, 184, 182, 179, 178,
    180, 185, 201, 200, 201, 206, 205, 197, 190, 183, 180, 178, 175, 178,
    186, 195, 201, 205, 209, 211, 211, 209, 208, 207, 208, 212, 207, 208,
    206, 203, 207, 204, 206, 202, 205, 200, 200, 204, 200, 203, 202, 201,
    200, 200, 198, 198, 198, 197, 201 ]
RHandPositionsY: [ 98, 92, 98, 113, 118, 113, 121, 112, 102, 100, 99,
    101, 97, 104, 113, 121, 123, 123, 123, 113, 103, 102, 98, 101, 98,
    98, 94, 100, 114, 124, 122, 124, 125, 110, 106, 103, 103, 100, 98,
    101, 112, 121, 121, 123, 127, 128, 122, 108, 107, 106, 102, 101, 100,
    118, 128, 134, 142, 151, 150, 155, 159, 167, 174, 180, 191, 200, 209,
    215, 215, 216, 216, 221, 223, 222, 226, 227, 228, 224, 224, 225, 227,
    224, 226, 226, 226, 227, 228, 224 ]
