%YAML:1.0
---
videoName: "RHShake11.mp4"
gestureLabel: 2
fps: 29
pixelSizeInCmTemp: 3.3263888888888887e-01
faceCenterPointX: 274
faceCenterPointY: 53
LHandPositionsX: [ 310, 308, 308, 311, 310, 307, 310, 310, 308, 310, 308,
    310, 308, 308, 308, 309, 309, 307, 309, 309, 307, 311, 307, 308, 310,
    308, 310, 309, 307, 310, 310, 307, 311, 308, 309, 311, 309, 311, 307,
    308, 311, 310, 309, 310, 307, 310, 310, 308, 307, 309, 307, 308, 309,
    309, 310, 311, 310, 309, 310, 309, 310, 308, 308, 308, 311, 309, 307,
    307, 308, 308, 311, 308, 310, 308, 308, 306, 305, 309, 305, 303, 304,
    304, 305, 306, 307, 304, 303, 305 ]
LHandPositionsY: [ 246, 245, 245, 246, 249, 246, 247, 247, 247, 246, 248,
    249, 245, 245, 248, 249, 249, 245, 248, 245, 247, 245, 248, 245, 246,
    246, 247, 245, 247, 246, 249, 249, 249, 246, 249, 249, 249, 246, 248,
    246, 249, 246, 245, 247, 245, 245, 246, 247, 245, 247, 247, 245, 246,
    246, 246, 245, 245, 245, 247, 245, 246, 248, 245, 247, 246, 249, 247,
    247, 246, 247, 246, 244, 246, 246, 243, 246, 243, 247, 247, 243, 245,
    243, 245, 243, 244, 245, 243, 247 ]
RHandPositionsX: [ 249, 247, 249, 243, 235, 224, 211, 191, 175, 161, 148,
    140, 147, 144, 149, 156, 163, 167, 168, 172, 170, 165, 159, 153, 152,
    151, 159, 166, 166, 169, 170, 170, 163, 158, 157, 158, 152, 153, 158,
    167, 167, 166, 170, 171, 163, 161, 158, 159, 156, 156, 166, 172, 175,
    179, 177, 179, 172, 170, 163, 163, 161, 156, 161, 165, 171, 183, 191,
    207, 217, 228, 240, 248, 257, 258, 264, 259, 261, 262, 261, 259, 261,
    258, 260, 262, 260, 260, 262, 259 ]
RHandPositionsY: [ 248, 248, 248, 241, 229, 219, 205, 190, 176, 161, 143,
    126, 126, 111, 103, 105, 104, 107, 102, 99, 103, 102, 101, 94, 95,
    93, 95, 100, 102, 100, 101, 98, 96, 96, 95, 97, 93, 95, 100, 106,
    105, 102, 105, 105, 101, 102, 97, 99, 100, 99, 104, 108, 108, 107,
    107, 104, 103, 103, 101, 101, 101, 101, 104, 106, 119, 131, 144, 156,
    173, 188, 203, 214, 222, 230, 237, 238, 237, 238, 240, 242, 240, 241,
    239, 238, 242, 240, 240, 242 ]
