%YAML:1.0
---
videoName: "RHShake02.mp4"
gestureLabel: 2
fps: 29
pixelSizeInCmTemp: 3.1933333333333330e-01
faceCenterPointX: 291
faceCenterPointY: 51
LHandPositionsX: [ 405, 405, 406, 405, 405, 407, 409, 405, 406, 408, 409,
    408, 408, 408, 406, 405, 408, 405, 405, 404, 406, 408, 406, 404, 405,
    408, 406, 404, 403, 406, 404, 405, 404, 402, 402, 404, 405, 404, 405,
    401, 404, 401, 404, 399, 403, 401, 399, 399, 398, 401, 399, 397, 399,
    397, 399, 400, 400, 400, 398, 400, 400, 397, 397, 396, 398, 396, 396,
    396, 399, 396, 395, 396, 395, 397, 399, 398, 396, 397, 398, 396, 397,
    398, 398, 397, 399, 398, 398, 397 ]
LHandPositionsY: [ 263, 263, 264, 265, 261, 263, 265, 265, 261, 264, 263,
    264, 262, 262, 261, 265, 261, 263, 261, 264, 263, 264, 263, 260, 262,
    264, 263, 260, 260, 263, 261, 262, 261, 262, 260, 261, 261, 262, 263,
    261, 260, 264, 264, 263, 264, 260, 264, 263, 260, 264, 260, 260, 261,
    264, 264, 264, 262, 264, 261, 263, 264, 262, 261, 263, 260, 262, 263,
    261, 260, 261, 264, 262, 262, 264, 262, 262, 264, 261, 262, 264, 263,
    261, 262, 264, 261, 263, 261, 264 ]
RHandPositionsX: [ 175, 174, 171, 174, 171, 172, 174, 171, 172, 174, 170,
    173, 173, 171, 171, 172, 172, 173, 173, 172, 173, 174, 173, 171, 174,
    170, 176, 178, 177, 170, 167, 163, 161, 156, 150, 156, 162, 175, 185,
    178, 179, 179, 169, 163, 159, 160, 160, 168, 181, 185, 193, 187, 185,
    176, 170, 165, 163, 165, 172, 184, 184, 181, 180, 175, 174, 170, 169,
    169, 172, 178, 184, 193, 196, 201, 201, 197, 194, 182, 184, 184, 178,
    178, 178, 174, 174, 175, 177, 177 ]
RHandPositionsY: [ 265, 264, 264, 266, 265, 264, 265, 266, 264, 266, 264,
    264, 263, 263, 263, 267, 266, 266, 265, 267, 264, 267, 264, 264, 268,
    267, 263, 246, 232, 210, 190, 169, 144, 123, 109, 99, 96, 94, 100,
    97, 97, 95, 90, 89, 90, 88, 89, 91, 99, 100, 99, 99, 93, 88, 88, 84,
    86, 88, 94, 100, 99, 98, 96, 97, 95, 91, 91, 93, 96, 100, 106, 117,
    130, 145, 158, 178, 192, 213, 224, 228, 239, 245, 243, 251, 249, 254,
    252, 254 ]
