%YAML:1.0
---
videoName: "RHShake11.mp4"
gestureLabel: 2
fps: 29
pixelSizeInCmTemp: 3.3263888888888887e-01
faceCenterPointX: 274
faceCenterPointY: 53
LHandPositionsX: [ 309, 307, 309, 310, 311, 311, 309, 307, 311, 310, 310,
    311, 311, 307, 310, 310, 308, 311, 311, 307, 310, 309, 311, 308, 307,
    309, 309, 307, 309, 311, 308, 308, 309, 310, 309, 308, 308, 308, 311,
    310, 309, 309, 311, 311, 310, 309, 308, 311, 307, 308, 311, 309, 308,
    311, 311, 309, 310, 311, 309, 311, 308, 311, 311, 311, 308, 310, 307,
    308, 310, 310, 310, 310, 310, 310, 309, 307, 308, 309, 308, 303, 303,
    305, 304, 304, 307, 304, 304, 306 ]
LHandPositionsY: [ 245, 249, 245, 249, 249, 247, 247, 248, 249, 245, 249,
    249, 245, 248, 246, 247, 248, 248, 247, 245, 247, 246, 246, 247, 245,
    249, 248, 247, 248, 248, 246, 248, 246, 247, 247, 249, 248, 246, 249,
    246, 247, 245, 246, 248, 248, 246, 245, 248, 245, 245, 248, 246, 248,
    246, 245, 246, 248, 246, 248, 245, 245, 246, 249, 249, 249, 247, 248,
    249, 247, 244, 246, 245, 244, 243, 245, 246, 246, 244, 246, 247, 243,
    243, 247, 243, 245, 243, 245, 243 ]
RHandPositionsX: [ 247, 248, 247, 247, 236, 226, 211, 190, 176, 160, 145,
    141, 148, 146, 152, 156, 161, 164, 168, 174, 172, 162, 158, 155, 152,
    153, 160, 166, 167, 168, 166, 169, 165, 159, 156, 157, 156, 151, 157,
    168, 168, 167, 174, 168, 165, 158, 157, 160, 158, 159, 163, 173, 173,
    180, 177, 177, 174, 167, 165, 163, 162, 156, 161, 167, 170, 180, 194,
    208, 219, 229, 238, 249, 254, 257, 263, 259, 258, 263, 262, 258, 261,
    258, 261, 260, 259, 258, 261, 258 ]
RHandPositionsY: [ 249, 246, 247, 242, 229, 221, 205, 192, 175, 162, 141,
    125, 127, 111, 104, 104, 103, 103, 104, 103, 104, 101, 98, 95, 94,
    93, 94, 98, 102, 101, 102, 97, 100, 98, 95, 97, 93, 95, 98, 107, 105,
    106, 103, 106, 105, 102, 100, 99, 99, 96, 102, 108, 109, 108, 109,
    106, 107, 104, 99, 103, 100, 102, 103, 108, 116, 129, 143, 157, 171,
    187, 202, 210, 223, 229, 236, 235, 239, 238, 241, 238, 240, 241, 242,
    241, 241, 241, 238, 238 ]
