%YAML:1.0
---
videoName: "RHShake01.mp4"
gestureLabel: 2
fps: 29
pixelSizeInCmTemp: 3.1513157894736843e-01
faceCenterPointX: 292
faceCenterPointY: 51
LHandPositionsX: [ 392, 394, 393, 392, 393, 392, 393, 396, 393, 396, 393,
    392, 396, 391, 391, 395, 393, 395, 394, 392, 394, 393, 391, 395, 391,
    391, 393, 393, 395, 391, 393, 395, 394, 394, 392, 393, 391, 391, 393,
    391, 391, 393, 392, 394, 393, 395, 393, 393, 393, 395, 393, 391, 394,
    394, 391, 392, 395, 391, 395, 395, 394, 394, 395, 391, 391, 392, 394,
    394, 391, 392, 394, 392, 392, 393, 392, 392, 391, 394, 393, 394, 391,
    393, 392, 394, 394, 395, 394, 393 ]
LHandPositionsY: [ 255, 256, 255, 257, 255, 253, 255, 256, 254, 254, 257,
    257, 254, 255, 257, 256, 256, 256, 254, 255, 255, 257, 254, 253, 253,
    254, 255, 255, 257, 255, 255, 253, 254, 256, 257, 254, 253, 255, 257,
    254, 254, 253, 255, 254, 257, 256, 254, 256, 253, 257, 256, 256, 254,
    255, 256, 253, 255, 257, 256, 253, 255, 255, 257, 256, 254, 253, 257,
    255, 256, 255, 253, 256, 254, 256, 256, 254, 253, 257, 256, 254, 256,
    255, 254, 254, 257, 254, 254, 255 ]
RHandPositionsX: [ 168, 167, 171, 171, 170, 170, 169, 167, 168, 169, 167,
    167, 168, 171, 169, 167, 169, 168, 171, 167, 172, 168, 168, 171, 169,
    171, 172, 177, 177, 168, 163, 159, 155, 151, 157, 160, 172, 179, 192,
    194, 192, 185, 183, 176, 176, 174, 174, 188, 193, 197, 191, 190, 183,
    181, 178, 180, 176, 182, 184, 192, 191, 193, 195, 186, 179, 177, 177,
    180, 185, 191, 196, 199, 197, 199, 194, 187, 188, 190, 186, 184, 178,
    177, 174, 171, 172, 172, 173, 173 ]
RHandPositionsY: [ 280, 276, 278, 279, 279, 280, 276, 278, 280, 279, 279,
    277, 278, 278, 280, 278, 278, 276, 280, 276, 276, 278, 276, 280, 278,
    276, 265, 244, 227, 209, 188, 170, 153, 132, 129, 116, 107, 108, 113,
    112, 106, 106, 103, 97, 100, 100, 98, 97, 103, 98, 99, 93, 96, 95,
    95, 93, 97, 101, 99, 103, 103, 101, 102, 96, 95, 97, 97, 97, 103,
    109, 114, 122, 133, 144, 162, 177, 192, 201, 203, 211, 221, 227, 235,
    241, 244, 243, 243, 248 ]
