%YAML:1.0
---
videoName: "RHShake04.mp4"
gestureLabel: 2
fps: 29
pixelSizeInCmTemp: 3.1513157894736843e-01
faceCenterPointX: 292
faceCenterPointY: 47
LHandPositionsX: [ 410, 412, 411, 409, 409, 412, 410, 408, 411, 413, 412,
    410, 410, 411, 408, 412, 408, 408, 407, 409, 411, 408, 408, 408, 406,
    409, 409, 406, 408, 407, 409, 406, 408, 409, 406, 406, 409, 406, 405,
    405, 408, 407, 408, 405, 405, 409, 406, 408, 408, 407, 405, 406, 407,
    408, 406, 409, 406, 408, 408, 406, 406, 408, 405, 406, 406, 406, 403,
    402, 403, 406, 405, 403, 402, 406, 404, 404, 403, 402, 405, 405, 403,
    401, 402, 401, 405, 401, 402, 403 ]
LHandPositionsY: [ 263, 263, 264, 265, 262, 265, 261, 262, 263, 265, 264,
    261, 264, 264, 263, 264, 262, 265, 263, 264, 263, 263, 260, 260, 261,
    263, 261, 264, 264, 261, 263, 263, 264, 261, 261, 262, 261, 263, 264,
    261, 264, 261, 260, 263, 264, 260, 264, 263, 260, 264, 260, 261, 262,
    264, 263, 261, 264, 262, 261, 262, 261, 261, 259, 263, 263, 259, 263,
    259, 260, 258, 260, 258, 259, 258, 262, 259, 258, 260, 262, 261, 258,
    260, 259, 259, 258, 261, 259, 258 ]
RHandPositionsX: [ 180, 180, 183, 181, 180, 183, 179, 178, 180, 178, 180,
    179, 180, 177, 177, 176, 178, 177, 175, 179, 176, 178, 180, 181, 179,
    173, 171, 164, 163, 164, 166, 167, 178, 186, 194, 191, 189, 181, 175,
    167, 164, 168, 173, 177, 180, 175, 180, 172, 170, 166, 166, 168, 176,
    180, 178, 180, 177, 171, 169, 170, 170, 176, 179, 183, 196, 190, 184,
    180, 172, 173, 171, 171, 170, 175, 184, 192, 193, 189, 188, 188, 185,
    188, 183, 178, 177, 177, 175, 172 ]
RHandPositionsY: [ 264, 264, 265, 265, 265, 266, 264, 265, 268, 268, 267,
    265, 270, 271, 270, 266, 271, 267, 269, 270, 271, 274, 266, 247, 224,
    196, 170, 149, 125, 122, 120, 101, 96, 103, 103, 102, 100, 97, 94,
    93, 90, 92, 94, 97, 97, 97, 97, 93, 96, 90, 95, 93, 98, 99, 98, 99,
    98, 94, 91, 93, 93, 94, 96, 97, 95, 93, 97, 93, 95, 95, 96, 95, 99,
    109, 123, 131, 141, 154, 163, 177, 193, 211, 225, 227, 235, 247, 250,
    247 ]
