%YAML:1.0
---
videoName: "RHShake00.mp4"
gestureLabel: 2
fps: 29
pixelSizeInCmTemp: 3.4710144927536229e-01
faceCenterPointX: 283
faceCenterPointY: 97
LHandPositionsX: [ 344, 345, 342, 343, 342, 344, 345, 343, 342, 346, 343,
    343, 342, 345, 345, 343, 346, 344, 344, 344, 344, 346, 345, 343, 342,
    344, 344, 343, 345, 343, 345, 342, 342, 342, 345, 345, 346, 345, 346,
    343, 342, 342, 343, 342, 345, 345, 344, 345, 342, 343, 346, 343, 346,
    342, 342, 342, 345, 346, 346, 345, 344, 343, 346, 342, 344, 344, 346,
    342, 346, 342, 343, 346, 343, 344, 343, 345, 342, 346, 345, 344, 346,
    342, 342, 344, 342, 346, 345, 342 ]
LHandPositionsY: [ 272, 276, 276, 275, 274, 276, 273, 272, 274, 273, 276,
    274, 275, 275, 273, 274, 274, 276, 272, 276, 273, 272, 274, 275, 273,
    273, 272, 276, 275, 272, 274, 272, 275, 273, 272, 275, 274, 272, 276,
    276, 275, 275, 273, 275, 275, 274, 276, 274, 275, 273, 276, 274, 272,
    272, 276, 273, 272, 276, 273, 274, 272, 272, 275, 275, 273, 273, 272,
    274, 273, 274, 276, 274, 274, 276, 273, 272, 273, 272, 276, 273, 275,
    276, 276, 272, 275, 273, 276, 273 ]
RHandPositionsX: [ 180, 173, 168, 157, 150, 146, 145, 145, 141, 143, 145,
    147, 152, 168, 167, 166, 167, 165, 166, 158, 155, 151, 149, 147, 154,
    166, 166, 165, 168, 166, 157, 152, 148, 148, 151, 156, 162, 162, 164,
    162, 160, 155, 151, 143, 137, 145, 149, 150, 154, 156, 157, 161, 155,
    150, 145, 146, 143, 149, 153, 161, 161, 164, 166, 161, 157, 150, 148,
    141, 144, 144, 150, 151, 154, 160, 162, 165, 168, 176, 175, 181, 185,
    185, 187, 191, 194, 194, 197, 195 ]
RHandPositionsY: [ 256, 249, 241, 220, 203, 187, 177, 166, 158, 148, 144,
    137, 131, 134, 137, 140, 133, 129, 125, 126, 124, 121, 119, 121, 128,
    134, 134, 131, 136, 132, 126, 125, 125, 126, 131, 137, 138, 142, 138,
    138, 140, 134, 132, 130, 128, 134, 135, 134, 137, 138, 140, 139, 136,
    133, 130, 128, 133, 133, 139, 146, 148, 145, 146, 144, 141, 139, 136,
    135, 142, 148, 158, 163, 167, 173, 182, 189, 200, 205, 212, 219, 231,
    238, 242, 247, 252, 257, 264, 262 ]
