%YAML:1.0
---
videoName: "RHShake23.mp4"
gestureLabel: 2
fps: 29
pixelSizeInCmTemp: 3.3263888888888887e-01
faceCenterPointX: 298
faceCenterPointY: 49
LHandPositionsX: [ 387, 391, 390, 389, 390, 387, 391, 388, 387, 391, 387,
    390, 389, 388, 388, 387, 390, 387, 389, 390, 389, 387, 389, 387, 390,
    389, 391, 390, 391, 389, 388, 388, 387, 387, 391, 389, 387, 388, 387,
    388, 390, 388, 388, 387, 387, 387, 388, 387, 390, 387, 391, 390, 388,
    389, 390, 387, 389, 390, 387, 387, 388, 390, 389, 388, 387, 390, 387,
    389, 387, 388, 388, 389, 390, 387, 390, 389, 389, 390, 388, 389, 388,
    391, 387, 390, 388, 391, 389, 387 ]
LHandPositionsY: [ 224, 228, 226, 228, 226, 225, 224, 227, 226, 225, 224,
    225, 225, 228, 228, 226, 224, 228, 226, 225, 227, 226, 225, 226, 225,
    224, 226, 225, 228, 225, 225, 225, 225, 226, 226, 226, 226, 226, 225,
    227, 224, 224, 226, 224, 228, 224, 228, 227, 228, 226, 224, 228, 224,
    225, 227, 226, 224, 224, 226, 225, 226, 226, 227, 227, 227, 227, 224,
    228, 228, 227, 226, 224, 228, 227, 226, 224, 228, 226, 227, 228, 228,
    224, 228, 224, 228, 228, 225, 226 ]
RHandPositionsX: [ 171, 169, 178, 190, 189, 190, 195, 190, 180, 177, 174,
    176, 174, 180, 190, 198, 195, 196, 196, 196, 186, 182, 176, 174, 171,
    172, 173, 178, 191, 200, 199, 201, 201, 196, 193, 183, 182, 182, 178,
    182, 187, 201, 203, 204, 207, 205, 197, 190, 183, 177, 176, 179, 179,
    186, 194, 200, 207, 208, 209, 209, 212, 210, 207, 212, 209, 209, 207,
    205, 207, 205, 206, 205, 206, 201, 200, 203, 200, 202, 201, 201, 203,
    201, 200, 200, 198, 198, 201, 200 ]
RHandPositionsY: [ 97, 94, 98, 110, 117, 116, 121, 111, 103, 101, 98,
    102, 99, 104, 115, 123, 123, 121, 123, 110, 102, 102, 102, 98, 100,
    97, 95, 99, 115, 123, 124, 124, 124, 110, 105, 106, 103, 103, 102,
    103, 116, 121, 120, 121, 124, 126, 123, 106, 105, 107, 106, 102, 100,
    119, 128, 135, 144, 150, 152, 155, 161, 165, 173, 180, 193, 202, 206,
    214, 215, 217, 215, 218, 219, 225, 227, 229, 227, 224, 227, 224, 228,
    228, 227, 228, 225, 228, 225, 224 ]
