%YAML:1.0
---
videoName: "RHShake18.mp4"
gestureLabel: 2
fps: 30
pixelSizeInCmTemp: 3.3732394366197183e-01
faceCenterPointX: 275
faceCenterPointY: 40
LHandPositionsX: [ 376, 378, 379, 375, 375, 378, 375, 375, 376, 377, 379,
    379, 376, 376, 378, 377, 378, 375, 379, 378, 376, 376, 377, 378, 377,
    375, 379, 378, 379, 376, 379, 377, 376, 379, 377, 375, 378, 375, 378,
    376, 377, 375, 375, 376, 377, 377, 378, 376, 374, 372, 373, 372, 363,
    360, 353, 348, 336, 335, 326, 318, 305, 300, 299, 301, 299, 291, 291,
    291, 294, 294, 292, 293, 290, 290, 289, 293, 291, 290, 289, 290, 291,
    290, 290, 286, 286, 289, 288, 288, 285, 287, 287 ]
LHandPositionsY: [ 229, 231, 229, 229, 231, 231, 232, 233, 233, 230, 230,
    230, 232, 231, 229, 231, 230, 233, 233, 233, 231, 233, 229, 229, 231,
    229, 230, 230, 232, 230, 232, 229, 230, 231, 231, 233, 232, 230, 230,
    231, 229, 229, 231, 229, 232, 233, 231, 232, 232, 228, 232, 238, 238,
    238, 237, 235, 235, 233, 231, 230, 230, 233, 234, 230, 233, 233, 235,
    239, 238, 239, 241, 244, 242, 241, 243, 239, 240, 242, 242, 240, 242,
    240, 240, 243, 243, 239, 239, 241, 243, 240, 241 ]
RHandPositionsX: [ 155, 153, 152, 147, 145, 147, 152, 159, 165, 164, 166,
    164, 155, 154, 153, 151, 155, 161, 166, 170, 167, 161, 157, 157, 158,
    158, 159, 161, 162, 169, 162, 162, 156, 158, 158, 163, 176, 174, 174,
    168, 165, 159, 159, 157, 159, 166, 173, 179, 189, 199, 206, 220, 230,
    244, 253, 259, 268, 255, 249, 246, 245, 243, 241, 236, 235, 235, 234,
    236, 236, 236, 240, 238, 237, 236, 237, 237, 236, 240, 238, 238, 236,
    239, 240, 237, 237, 238, 240, 238, 240, 237, 237 ]
RHandPositionsY: [ 74, 69, 70, 68, 68, 67, 67, 70, 72, 75, 69, 69, 67,
    66, 67, 67, 67, 70, 72, 74, 70, 73, 66, 66, 69, 67, 71, 75, 78, 76,
    74, 76, 71, 72, 75, 79, 93, 91, 94, 88, 87, 85, 83, 83, 86, 89, 99,
    101, 109, 123, 134, 144, 151, 165, 174, 180, 190, 195, 197, 201, 204,
    204, 206, 213, 215, 215, 216, 219, 224, 227, 230, 228, 225, 226, 227,
    227, 225, 227, 228, 228, 228, 225, 227, 225, 225, 226, 227, 224, 224,
    227, 224 ]
