%YAML:1.0
---
videoName: "RHShake11.mp4"
gestureLabel: 2
fps: 29
pixelSizeInCmTemp: 3.3263888888888887e-01
faceCenterPointX: 274
faceCenterPointY: 53
LHandPositionsX: [ 309, 307, 309, 307, 308, 310, 308, 310, 307, 307, 311,
    311, 308, 309, 310, 311, 311, 310, 309, 308, 307, 308, 307, 309, 311,
    308, 309, 311, 307, 307, 307, 308, 310, 309, 311, 309, 310, 307, 307,
    307, 311, 310, 310, 310, 308, 310, 309, 307, 308, 311, 310, 309, 310,
    307, 309, 311, 307, 308, 307, 307, 309, 311, 307, 311, 307, 309, 310,
    311, 309, 310, 310, 308, 308, 308, 307, 310, 308, 308, 305, 306, 307,
    306, 307, 307, 303, 306, 304, 305 ]
LHandPositionsY: [ 247, 249, 249, 245, 245, 249, 245, 246, 246, 249, 246,
    248, 248, 246, 247, 248, 245, 245, 247, 249, 246, 247, 245, 249, 248,
    247, 249, 245, 246, 249, 245, 246, 245, 246, 248, 248, 247, 249, 249,
    246, 247, 246, 249, 248, 245, 249, 248, 247, 248, 247, 248, 247, 249,
    249, 248, 246, 247, 249, 248, 249, 245, 245, 245, 249, 248, 249, 247,
    245, 248, 247, 247, 247, 243, 244, 245, 243, 247, 245, 243, 244, 244,
    243, 244, 245, 245, 245, 247, 244 ]
RHandPositionsX: [ 249, 250, 247, 244, 235, 224, 209, 191, 175, 161, 148,
    142, 146, 147, 153, 159, 161, 163, 170, 172, 171, 165, 157, 155, 153,
    155, 159, 164, 166, 165, 169, 169, 163, 160, 155, 159, 152, 152, 156,
    166, 168, 167, 174, 171, 167, 162, 159, 157, 158, 156, 163, 174, 174,
    180, 178, 179, 171, 169, 164, 163, 161, 155, 163, 166, 172, 183, 191,
    205, 219, 231, 238, 248, 254, 261, 261, 258, 261, 260, 259, 261, 259,
    261, 260, 262, 258, 261, 261, 260 ]
RHandPositionsY: [ 245, 247, 248, 239, 232, 220, 208, 189, 177, 161, 141,
    127, 126, 113, 106, 101, 105, 106, 101, 102, 101, 101, 101, 94, 97,
    96, 97, 101, 99, 102, 102, 100, 100, 94, 97, 93, 94, 95, 101, 104,
    107, 102, 102, 102, 103, 105, 97, 99, 98, 100, 101, 107, 109, 106,
    107, 108, 105, 101, 100, 103, 100, 103, 101, 105, 117, 131, 141, 157,
    172, 186, 200, 210, 223, 231, 237, 236, 239, 236, 239, 239, 242, 240,
    240, 238, 239, 238, 241, 241 ]
