%YAML:1.0
---
videoName: "RHShake00.mp4"
gestureLabel: 2
fps: 29
pixelSizeInCmTemp: 3.4710144927536229e-01
faceCenterPointX: 283
faceCenterPointY: 97
LHandPositionsX: [ 342, 342, 346, 344, 345, 346, 344, 346, 346, 346, 342,
    345, 343, 346, 345, 346, 345, 343, 344, 343, 344, 345, 342, 345, 345,
    343, 342, 342, 344, 342, 344, 344, 346, 346, 345, 342, 346, 344, 344,
    346, 346, 342, 343, 344, 343, 346, 344, 346, 342, 342, 343, 346, 342,
    342, 342, 344, 342, 344, 345, 343, 346, 345, 345, 344, 345, 343, 345,
    345, 345, 346, 342, 344, 343, 343, 342, 342, 344, 346, 346, 344, 342,
    342, 342, 342, 344, 344, 345, 345 ]
LHandPositionsY: [ 274, 273, 274, 275, 275, 276, 275, 274, 273, 274, 273,
    272, 276, 273, 276, 272, 276, 274, 273, 274, 272, 273, 272, 274, 276,
    272, 272, 274, 272, 273, 273, 273, 272, 275, 274, 275, 274, 273, 274,
    273, 272, 276, 274, 276, 274, 273, 273, 273, 275, 274, 273, 273, 273,
    272, 272, 274, 274, 272, 273, 274, 272, 275, 274, 272, 275, 272, 274,
    274, 272, 272, 274, 273, 274, 272, 276, 273, 274, 272, 276, 273, 275,
    276, 273, 274, 273, 272, 272, 272 ]
RHandPositionsX: [ 177, 174, 168, 157, 149, 144, 147, 146, 143, 142, 144,
    146, 149, 168, 166, 166, 169, 169, 164, 161, 155, 153, 148, 148, 155,
    166, 166, 165, 167, 164, 155, 152, 148, 149, 152, 153, 162, 161, 166,
    164, 164, 157, 148, 144, 141, 144, 149, 151, 155, 154, 161, 164, 158,
    151, 144, 147, 142, 149, 156, 162, 160, 163, 166, 161, 155, 153, 147,
    141, 140, 146, 148, 155, 154, 162, 165, 167, 168, 173, 175, 180, 184,
    185, 191, 190, 192, 196, 199, 195 ]
RHandPositionsY: [ 256, 249, 242, 219, 201, 185, 176, 166, 159, 149, 141,
    138, 132, 135, 138, 141, 135, 131, 125, 122, 120, 120, 121, 120, 126,
    135, 135, 134, 135, 133, 128, 126, 125, 125, 130, 134, 140, 140, 141,
    138, 138, 134, 134, 133, 128, 134, 131, 138, 137, 137, 137, 141, 133,
    132, 128, 129, 133, 132, 137, 147, 145, 146, 147, 145, 141, 140, 136,
    137, 140, 147, 157, 162, 170, 175, 180, 192, 198, 208, 215, 219, 229,
    234, 242, 246, 251, 257, 260, 263 ]
