%YAML:1.0
---
videoName: "RHShake11.mp4"
gestureLabel: 2
fps: 29
pixelSizeInCmTemp: 3.3263888888888887e-01
faceCenterPointX: 274
faceCenterPointY: 53
LHandPositionsX: [ 311, 309, 311, 309, 309, 307, 308, 308, 308, 308, 309,
    307, 308, 311, 311, 310, 307, 308, 310, 308, 307, 308, 309, 308, 308,
    309, 309, 310, 309, 309, 308, 308, 308, 309, 307, 309, 307, 308, 307,
    311, 310, 308, 307, 307, 310, 307, 309, 309, 309, 307, 308, 309, 309,
    307, 308, 311, 311, 310, 307, 310, 308, 309, 310, 310, 310, 309, 308,
    307, 308, 307, 308, 310, 311, 309, 307, 307, 305, 307, 308, 304, 306,
    306, 306, 306, 306, 306, 307, 306 ]
LHandPositionsY: [ 247, 245, 248, 246, 245, 245, 248, 246, 245, 245, 249,
    246, 249, 246, 245, 245, 248, 247, 245, 249, 245, 246, 247, 249, 246,
    247, 245, 249, 249, 249, 248, 247, 247, 248, 245, 247, 247, 246, 246,
    248, 249, 248, 246, 246, 246, 248, 249, 247, 247, 249, 245, 245, 248,
    249, 249, 249, 245, 249, 249, 246, 246, 245, 249, 247, 247, 246, 246,
    247, 246, 245, 244, 244, 245, 243, 244, 245, 246, 243, 244, 243, 245,
    245, 243, 243, 247, 243, 245, 243 ]
RHandPositionsX: [ 251, 247, 248, 245, 234, 226, 209, 192, 173, 158, 146,
    142, 144, 143, 153, 157, 159, 164, 171, 173, 172, 165, 157, 156, 154,
    153, 158, 165, 167, 165, 169, 169, 161, 162, 157, 156, 156, 153, 156,
    168, 170, 167, 173, 170, 163, 159, 157, 158, 155, 158, 166, 170, 174,
    180, 176, 175, 174, 171, 163, 165, 159, 159, 163, 164, 171, 179, 193,
    208, 219, 228, 239, 247, 253, 260, 263, 258, 259, 263, 263, 262, 258,
    261, 262, 259, 262, 260, 260, 261 ]
RHandPositionsY: [ 246, 249, 247, 241, 232, 220, 207, 193, 176, 162, 140,
    126, 128, 112, 105, 105, 105, 105, 102, 100, 100, 99, 100, 97, 95,
    94, 94, 101, 103, 101, 102, 98, 96, 97, 96, 94, 93, 96, 99, 103, 104,
    103, 103, 106, 102, 104, 99, 97, 100, 99, 103, 105, 108, 109, 107,
    106, 104, 103, 98, 100, 102, 102, 104, 109, 119, 127, 144, 157, 175,
    189, 199, 210, 224, 227, 238, 237, 238, 239, 240, 242, 241, 241, 242,
    240, 239, 242, 241, 239 ]
