%YAML:1.0
---
videoName: "RHShake22.mp4"
gestureLabel: 2
fps: 29
pixelSizeInCmTemp: 3.3263888888888887e-01
faceCenterPointX: 290
faceCenterPointY: 48
LHandPositionsX: [ 393, 396, 392, 392, 392, 394, 396, 396, 392, 394, 395,
    395, 392, 395, 392, 394, 395, 395, 393, 395, 395, 393, 392, 392, 394,
    392, 394, 394, 393, 393, 395, 394, 393, 393, 394, 396, 393, 396, 396,
    394, 392, 393, 393, 394, 395, 394, 395, 392, 394, 394, 392, 395, 393,
    395, 394, 396, 396, 395, 392, 393, 394, 393, 392, 394, 393, 392, 392,
    396, 394, 392, 392, 393, 393, 392, 394, 393, 392, 394, 396, 396, 395,
    395, 396, 394, 395, 395, 392, 393 ]
LHandPositionsY: [ 231, 233, 234, 232, 234, 230, 234, 230, 230, 230, 234,
    232, 233, 234, 230, 233, 230, 230, 231, 231, 230, 230, 233, 232, 234,
    230, 231, 233, 230, 233, 234, 233, 230, 234, 231, 234, 231, 232, 232,
    233, 233, 233, 231, 230, 232, 231, 234, 231, 232, 234, 233, 232, 233,
    231, 234, 234, 233, 230, 230, 233, 231, 232, 231, 234, 230, 232, 230,
    234, 233, 232, 233, 230, 234, 233, 231, 233, 232, 231, 232, 233, 233,
    232, 230, 233, 230, 231, 230, 230 ]
RHandPositionsX: [ 147, 136, 128, 131, 131, 134, 147, 156, 167, 163, 163,
    166, 159, 158, 152, 148, 143, 142, 144, 153, 164, 171, 169, 172, 169,
    166, 165, 156, 154, 155, 153, 159, 166, 171, 172, 173, 171, 168, 163,
    162, 160, 156, 161, 166, 173, 176, 173, 175, 174, 167, 163, 159, 152,
    155, 158, 164, 169, 175, 177, 180, 176, 171, 171, 161, 155, 153, 154,
    156, 167, 176, 176, 180, 182, 179, 180, 179, 182, 182, 182, 187, 187,
    190, 191, 186, 189, 190, 187, 189 ]
RHandPositionsY: [ 138, 118, 103, 103, 94, 91, 84, 87, 92, 92, 94, 90,
    84, 82, 78, 77, 80, 78, 75, 83, 89, 95, 98, 97, 93, 91, 86, 86, 84,
    79, 79, 88, 93, 101, 104, 100, 94, 93, 87, 87, 88, 82, 82, 88, 95,
    99, 101, 102, 95, 92, 91, 90, 89, 85, 86, 83, 89, 102, 103, 104, 99,
    95, 90, 92, 92, 92, 89, 89, 90, 105, 109, 113, 114, 117, 120, 126,
    138, 151, 158, 170, 181, 192, 199, 205, 214, 217, 224, 224 ]
