%YAML:1.0
---
videoName: "RHShake24.mp4"
gestureLabel: 2
fps: 30
pixelSizeInCmTemp: 3.3732394366197183e-01
faceCenterPointX: 304
faceCenterPointY: 46
LHandPositionsX: [ 393, 390, 393, 393, 391, 392, 393, 389, 389, 392, 389,
    393, 393, 389, 392, 392, 389, 393, 390, 392, 393, 389, 393, 390, 390,
    391, 389, 390, 389, 392, 392, 392, 389, 390, 390, 393, 391, 393, 389,
    389, 392, 390, 390, 390, 390, 393, 389, 392, 392, 389, 392, 392, 392,
    391, 393, 390, 392, 393, 390, 389, 391, 392, 390, 391, 393, 391, 391,
    393, 393, 392, 389, 392, 389, 389, 389, 389, 391, 392, 392, 390, 391,
    392, 390, 390, 391, 389, 390, 390, 389, 391, 391 ]
LHandPositionsY: [ 228, 229, 227, 229, 225, 225, 228, 225, 228, 229, 225,
    226, 228, 229, 228, 227, 228, 227, 227, 227, 226, 229, 227, 228, 227,
    227, 229, 229, 226, 228, 227, 228, 225, 227, 225, 226, 229, 228, 225,
    225, 229, 226, 226, 226, 225, 225, 229, 225, 225, 225, 226, 228, 225,
    225, 225, 227, 226, 229, 228, 228, 229, 229, 226, 225, 226, 228, 226,
    229, 228, 227, 225, 228, 228, 225, 225, 229, 228, 226, 228, 227, 225,
    227, 228, 225, 226, 228, 229, 228, 229, 228, 228 ]
RHandPositionsX: [ 143, 146, 150, 149, 157, 155, 153, 148, 147, 142, 139,
    139, 143, 154, 162, 164, 164, 162, 160, 156, 149, 146, 144, 143, 142,
    149, 157, 159, 159, 161, 155, 155, 150, 147, 143, 142, 148, 155, 156,
    157, 162, 161, 158, 157, 150, 146, 141, 140, 144, 149, 162, 164, 168,
    169, 170, 162, 156, 151, 150, 149, 148, 150, 150, 163, 164, 167, 172,
    170, 174, 175, 179, 182, 184, 189, 188, 193, 193, 192, 193, 193, 193,
    196, 196, 193, 192, 195, 194, 194, 194, 196, 197 ]
RHandPositionsY: [ 98, 100, 103, 97, 104, 98, 91, 91, 86, 88, 86, 84, 88,
    101, 109, 113, 114, 115, 108, 99, 99, 97, 97, 92, 90, 100, 109, 110,
    111, 113, 105, 103, 96, 98, 93, 91, 92, 94, 100, 107, 106, 112, 109,
    102, 98, 97, 96, 95, 96, 109, 120, 122, 122, 121, 120, 107, 101, 103,
    101, 98, 95, 94, 105, 113, 115, 117, 121, 121, 134, 140, 152, 150,
    152, 159, 166, 172, 179, 186, 198, 203, 211, 212, 212, 216, 216, 220,
    222, 221, 223, 228, 225 ]
