%YAML:1.0
---
videoName: "RHShake11.mp4"
gestureLabel: 2
fps: 29
pixelSizeInCmTemp: 3.3263888888888887e-01
faceCenterPointX: 274
faceCenterPointY: 53
LHandPositionsX: [ 312, 309, 308, 307, 310, 309, 311, 310, 311, 310, 308,
    307, 308, 311, 311, 310, 309, 310, 309, 308, 309, 310, 310, 309, 311,
    308, 308, 309, 310, 309, 310, 310, 311, 307, 308, 311, 309, 307, 310,
    310, 311, 307, 311, 311, 309, 309, 308, 308, 311, 308, 311, 308, 311,
    307, 310, 307, 311, 311, 308, 310, 310, 310, 310, 308, 311, 309, 309,
    311, 311, 310, 307, 307, 311, 310, 310, 306, 307, 307, 305, 305, 307,
    306, 304, 303, 306, 306, 305, 306 ]
LHandPositionsY: [ 245, 249, 247, 249, 247, 247, 249, 249, 245, 249, 246,
    248, 249, 245, 249, 246, 247, 247, 249, 246, 246, 247, 245, 246, 246,
    247, 246, 248, 247, 248, 247, 248, 245, 248, 246, 249, 248, 245, 249,
    247, 246, 247, 248, 247, 245, 246, 249, 247, 246, 246, 246, 248, 249,
    248, 245, 246, 245, 249, 246, 248, 249, 247, 247, 249, 246, 245, 248,
    247, 248, 244, 245, 246, 246, 243, 242, 245, 245, 247, 243, 247, 243,
    245, 246, 246, 244, 243, 247, 246 ]
RHandPositionsX: [ 248, 247, 248, 243, 238, 224, 211, 190, 173, 160, 146,
    139, 144, 145, 152, 156, 161, 164, 172, 171, 168, 161, 158, 153, 150,
    154, 160, 167, 170, 169, 167, 166, 161, 162, 156, 156, 156, 153, 157,
    165, 171, 167, 170, 171, 166, 161, 158, 159, 159, 159, 166, 173, 174,
    180, 177, 177, 171, 167, 166, 163, 159, 157, 160, 167, 170, 180, 195,
    205, 218, 231, 238, 248, 255, 261, 263, 259, 261, 259, 260, 259, 259,
    261, 259, 258, 259, 259, 259, 261 ]
RHandPositionsY: [ 246, 247, 245, 241, 233, 220, 207, 192, 173, 161, 143,
    128, 125, 115, 106, 103, 106, 103, 102, 100, 100, 98, 99, 98, 95, 93,
    94, 101, 99, 100, 98, 97, 97, 98, 96, 96, 96, 94, 98, 106, 107, 106,
    104, 106, 101, 105, 97, 99, 96, 99, 102, 105, 107, 106, 105, 108,
    106, 100, 98, 103, 101, 102, 103, 106, 117, 127, 143, 156, 171, 188,
    199, 214, 222, 230, 237, 238, 236, 237, 241, 239, 238, 242, 241, 240,
    240, 239, 240, 239 ]
