%YAML:1.0
---
videoName: "RHShake24.mp4"
gestureLabel: 2
fps: 30
pixelSizeInCmTemp: 3.3732394366197183e-01
faceCenterPointX: 304
faceCenterPointY: 46
LHandPositionsX: [ 390, 390, 393, 391, 392, 389, 393, 392, 392, 392, 389,
    391, 392, 390, 393, 392, 389, 393, 392, 391, 393, 389, 393, 391, 393,
    389, 393, 390, 391, 389, 391, 393, 390, 389, 392, 393, 390, 390, 390,
    392, 390, 390, 391, 391, 391, 390, 393, 391, 391, 393, 390, 393, 392,
    393, 392, 392, 393, 392, 393, 391, 392, 389, 393, 390, 390, 392, 392,
    390, 390, 393, 392, 391, 392, 391, 391, 393, 389, 389, 390, 390, 389,
    391, 393, 390, 393, 389, 392, 393, 389, 392, 393 ]
LHandPositionsY: [ 226, 225, 229, 225, 225, 226, 229, 227, 227, 226, 228,
    226, 225, 225, 225, 228, 227, 229, 227, 226, 225, 225, 227, 225, 226,
    226, 225, 227, 229, 226, 227, 228, 225, 228, 225, 228, 229, 228, 227,
    227, 226, 226, 225, 229, 229, 227, 229, 226, 226, 229, 229, 229, 226,
    227, 228, 227, 225, 229, 228, 227, 228, 225, 228, 226, 227, 225, 228,
    226, 226, 229, 229, 226, 229, 228, 228, 227, 228, 229, 228, 227, 227,
    228, 229, 226, 228, 226, 229, 228, 225, 226, 228 ]
RHandPositionsX: [ 141, 147, 148, 148, 156, 155, 152, 150, 148, 143, 136,
    139, 141, 155, 161, 161, 164, 160, 162, 154, 150, 145, 146, 139, 143,
    149, 156, 159, 160, 160, 157, 156, 148, 145, 142, 145, 146, 155, 157,
    159, 161, 163, 157, 153, 149, 146, 141, 140, 141, 147, 159, 162, 165,
    171, 169, 165, 158, 149, 151, 146, 146, 146, 154, 162, 164, 167, 170,
    170, 175, 175, 178, 183, 186, 186, 188, 189, 192, 192, 194, 192, 195,
    196, 192, 194, 193, 195, 195, 193, 195, 195, 193 ]
RHandPositionsY: [ 98, 104, 102, 101, 102, 100, 94, 92, 89, 88, 84, 86,
    88, 98, 112, 109, 111, 113, 107, 100, 95, 98, 97, 92, 92, 102, 108,
    109, 111, 112, 109, 99, 96, 98, 93, 93, 90, 94, 104, 105, 109, 115,
    106, 104, 99, 98, 95, 93, 93, 108, 120, 121, 119, 120, 120, 103, 102,
    100, 102, 100, 95, 96, 106, 111, 114, 114, 120, 121, 133, 142, 152,
    154, 151, 157, 168, 172, 179, 188, 195, 205, 212, 209, 210, 216, 216,
    219, 220, 222, 227, 224, 228 ]
