%YAML:1.0
---
videoName: "RHShake15.mp4"
gestureLabel: 2
fps: 29
pixelSizeInCmTemp: 3.2808219178082193e-01
faceCenterPointX: 279
faceCenterPointY: 41
LHandPositionsX: [ 371, 371, 372, 369, 372, 369, 369, 368, 372, 370, 368,
    372, 371, 368, 369, 368, 372, 368, 370, 369, 369, 370, 372, 371, 369,
    369, 371, 368, 372, 369, 371, 369, 371, 368, 372, 369, 371, 368, 369,
    372, 370, 372, 370, 371, 371, 371, 369, 372, 372, 371, 368, 372, 372,
    370, 368, 368, 368, 370, 370, 370, 372, 371, 368, 372, 370, 371, 369,
    368, 372, 371, 372, 371, 372, 369, 369, 368, 372, 371, 371, 370, 368,
    371, 370, 372, 369, 369, 371, 368 ]
LHandPositionsY: [ 236, 234, 234, 234, 235, 234, 234, 233, 235, 235, 235,
    236, 232, 234, 233, 234, 232, 233, 236, 234, 234, 235, 234, 232, 233,
    233, 232, 235, 235, 235, 232, 235, 235, 232, 236, 232, 232, 234, 235,
    234, 234, 233, 234, 232, 232, 232, 231, 234, 234, 231, 232, 232, 231,
    231, 235, 231, 235, 234, 232, 232, 232, 233, 233, 233, 233, 235, 233,
    235, 235, 234, 231, 231, 232, 232, 233, 233, 234, 232, 233, 235, 234,
    234, 232, 233, 231, 231, 232, 234 ]
RHandPositionsX: [ 136, 124, 114, 112, 110, 110, 107, 105, 108, 111, 111,
    117, 116, 113, 109, 114, 111, 110, 105, 107, 113, 119, 115, 115, 109,
    107, 111, 111, 108, 105, 113, 119, 116, 114, 113, 110, 110, 113, 110,
    115, 113, 110, 116, 115, 120, 119, 121, 126, 122, 119, 117, 124, 127,
    125, 123, 128, 128, 125, 122, 119, 122, 125, 129, 136, 141, 143, 139,
    137, 139, 144, 144, 149, 153, 152, 155, 155, 159, 157, 158, 159, 159,
    161, 157, 158, 158, 160, 158, 157 ]
RHandPositionsY: [ 191, 174, 157, 143, 146, 142, 133, 126, 119, 116, 112,
    109, 102, 101, 98, 97, 96, 95, 92, 91, 93, 92, 94, 94, 93, 96, 96,
    95, 92, 94, 98, 102, 105, 101, 101, 101, 102, 103, 105, 105, 103,
    104, 110, 109, 110, 106, 103, 105, 105, 106, 103, 110, 113, 113, 115,
    116, 111, 111, 108, 111, 113, 121, 127, 134, 150, 162, 173, 180, 193,
    202, 210, 220, 228, 234, 238, 241, 244, 247, 248, 246, 249, 249, 248,
    247, 246, 246, 249, 248 ]
