%YAML:1.0
---
videoName: "RHShake21.mp4"
gestureLabel: 2
fps: 29
pixelSizeInCmTemp: 3.3732394366197183e-01
faceCenterPointX: 293
faceCenterPointY: 47
LHandPositionsX: [ 397, 398, 397, 395, 396, 396, 398, 395, 394, 398, 396,
    394, 394, 396, 395, 395, 396, 396, 395, 397, 397, 394, 394, 396, 396,
    395, 394, 398, 396, 398, 397, 398, 397, 395, 398, 395, 397, 396, 394,
    398, 395, 397, 398, 398, 397, 394, 396, 396, 396, 394, 395, 397, 396,
    394, 396, 397, 394, 397, 398, 398, 397, 395, 398, 396, 397, 396, 396,
    398, 394, 396, 397, 394, 394, 398, 394, 395, 396, 396, 395, 398, 394,
    396, 397, 398, 397, 397, 398, 396 ]
LHandPositionsY: [ 242, 239, 241, 240, 242, 238, 241, 242, 240, 239, 240,
    238, 241, 242, 241, 238, 239, 238, 240, 240, 240, 241, 242, 240, 240,
    242, 241, 238, 241, 238, 240, 239, 240, 242, 239, 239, 241, 240, 238,
    242, 240, 241, 239, 242, 238, 241, 242, 241, 242, 242, 240, 240, 238,
    239, 241, 241, 239, 240, 240, 241, 238, 238, 242, 242, 240, 241, 241,
    242, 240, 241, 238, 240, 239, 240, 238, 238, 241, 239, 241, 239, 240,
    241, 241, 240, 238, 239, 239, 242 ]
RHandPositionsX: [ 136, 139, 142, 142, 146, 145, 145, 141, 137, 135, 132,
    142, 143, 149, 151, 151, 146, 142, 138, 140, 136, 134, 137, 144, 150,
    149, 150, 150, 144, 145, 140, 139, 137, 141, 141, 145, 149, 154, 148,
    146, 140, 137, 135, 136, 138, 142, 144, 146, 149, 150, 147, 142, 137,
    135, 132, 136, 139, 145, 153, 161, 169, 179, 179, 180, 184, 184, 186,
    189, 185, 188, 190, 188, 188, 187, 186, 190, 189, 189, 185, 188, 186,
    188, 188, 188, 186, 189, 189, 187 ]
RHandPositionsY: [ 79, 88, 90, 90, 90, 83, 84, 82, 83, 80, 80, 84, 89,
    92, 93, 92, 89, 87, 86, 84, 83, 84, 82, 89, 91, 92, 94, 90, 91, 88,
    84, 84, 85, 87, 88, 91, 92, 92, 91, 92, 85, 87, 86, 85, 84, 92, 98,
    97, 100, 100, 98, 94, 95, 92, 94, 92, 93, 103, 113, 128, 138, 150,
    152, 150, 159, 171, 178, 192, 200, 207, 213, 216, 218, 226, 227, 227,
    225, 230, 230, 227, 231, 229, 228, 230, 229, 230, 227, 229 ]
