%YAML:1.0
---
videoName: "RHShake12.mp4"
gestureLabel: 2
fps: 29
pixelSizeInCmTemp: 3.3732394366197183e-01
faceCenterPointX: 299
faceCenterPointY: 45
LHandPositionsX: [ 404, 406, 407, 405, 408, 406, 404, 406, 405, 404, 405,
    407, 405, 408, 406, 405, 408, 407, 405, 405, 407, 405, 404, 405, 407,
    404, 408, 406, 404, 407, 404, 405, 405, 408, 408, 405, 407, 404, 406,
    408, 407, 407, 405, 407, 407, 406, 406, 405, 407, 408, 405, 407, 408,
    407, 405, 404, 405, 406, 408, 404, 405, 408, 404, 407, 407, 406, 408,
    408, 408, 404, 408, 404, 406, 404, 404, 405, 408, 405, 407, 406, 405,
    407, 406, 408, 406, 407, 407, 407 ]
LHandPositionsY: [ 242, 243, 239, 240, 242, 239, 240, 239, 243, 242, 239,
    243, 239, 240, 241, 242, 242, 242, 241, 241, 241, 241, 243, 240, 240,
    241, 242, 243, 240, 241, 241, 239, 241, 242, 241, 241, 241, 239, 243,
    242, 240, 240, 239, 240, 242, 241, 241, 243, 240, 239, 240, 242, 242,
    243, 240, 243, 240, 240, 239, 239, 239, 241, 242, 239, 240, 240, 243,
    240, 239, 240, 239, 239, 241, 241, 242, 242, 241, 242, 240, 241, 241,
    242, 243, 243, 241, 239, 239, 242 ]
RHandPositionsX: [ 168, 164, 164, 161, 164, 172, 180, 192, 193, 197, 192,
    181, 180, 172, 172, 169, 172, 175, 186, 189, 190, 181, 182, 176, 171,
    164, 169, 176, 186, 193, 194, 192, 181, 178, 174, 175, 171, 173, 178,
    191, 197, 193, 187, 180, 177, 174, 172, 173, 180, 191, 193, 191, 195,
    188, 183, 182, 177, 174, 174, 175, 179, 190, 201, 199, 202, 201, 193,
    190, 189, 185, 183, 185, 191, 191, 198, 199, 198, 201, 201, 201, 201,
    197, 199, 197, 197, 198, 199, 200 ]
RHandPositionsY: [ 139, 127, 119, 113, 105, 91, 94, 104, 105, 110, 100,
    93, 90, 89, 87, 85, 84, 87, 102, 101, 109, 98, 90, 87, 87, 84, 82,
    89, 100, 111, 113, 106, 100, 97, 95, 95, 89, 89, 98, 110, 113, 113,
    104, 98, 93, 97, 90, 85, 95, 109, 110, 112, 112, 101, 92, 92, 92, 91,
    86, 88, 93, 108, 122, 121, 121, 119, 110, 110, 114, 111, 115, 123,
    134, 149, 158, 162, 168, 176, 185, 195, 201, 211, 216, 219, 219, 225,
    229, 231 ]
