%YAML:1.0
---
videoName: "RHShake04.mp4"
gestureLabel: 2
fps: 29
pixelSizeInCmTemp: 3.1513157894736843e-01
faceCenterPointX: 292
faceCenterPointY: 47
LHandPositionsX: [ 413, 413, 409, 410, 412, 411, 410, 411, 409, 412, 414,
    411, 410, 411, 409, 410, 408, 410, 410, 411, 407, 407, 406, 408, 408,
    407, 405, 408, 408, 406, 406, 408, 409, 409, 406, 408, 406, 408, 405,
    408, 409, 405, 405, 406, 405, 405, 409, 408, 405, 409, 407, 405, 406,
    408, 408, 407, 407, 405, 408, 409, 408, 408, 405, 405, 406, 404, 407,
    403, 406, 404, 404, 402, 403, 406, 405, 404, 406, 406, 405, 402, 405,
    402, 403, 401, 402, 403, 404, 404 ]
LHandPositionsY: [ 263, 264, 266, 264, 264, 266, 264, 262, 261, 265, 264,
    264, 264, 262, 264, 263, 264, 263, 262, 262, 262, 261, 263, 262, 260,
    261, 263, 264, 263, 264, 263, 264, 262, 264, 260, 264, 263, 261, 263,
    263, 262, 261, 262, 264, 262, 264, 264, 263, 262, 263, 261, 261, 261,
    262, 263, 264, 262, 264, 262, 260, 261, 263, 263, 259, 259, 259, 262,
    258, 260, 261, 259, 262, 258, 261, 260, 261, 258, 260, 261, 259, 258,
    261, 260, 260, 258, 257, 261, 258 ]
RHandPositionsX: [ 182, 178, 179, 183, 179, 179, 182, 179, 179, 178, 179,
    178, 179, 177, 176, 180, 177, 180, 177, 175, 175, 176, 180, 181, 179,
    173, 171, 167, 163, 163, 164, 166, 181, 190, 192, 192, 189, 182, 176,
    170, 167, 167, 174, 174, 178, 179, 180, 174, 169, 167, 168, 169, 177,
    179, 178, 178, 176, 172, 170, 171, 170, 176, 176, 181, 193, 187, 184,
    177, 175, 171, 171, 170, 174, 177, 186, 192, 190, 192, 190, 186, 188,
    187, 184, 178, 176, 177, 174, 173 ]
RHandPositionsY: [ 267, 268, 268, 267, 265, 266, 263, 265, 268, 266, 268,
    268, 266, 271, 266, 266, 270, 268, 267, 267, 272, 273, 265, 247, 224,
    197, 169, 147, 123, 122, 121, 103, 100, 103, 102, 102, 97, 94, 95,
    95, 91, 92, 94, 98, 97, 95, 95, 94, 94, 91, 94, 95, 97, 96, 97, 95,
    97, 93, 93, 92, 93, 96, 97, 96, 96, 97, 94, 97, 93, 96, 94, 96, 100,
    105, 123, 132, 140, 153, 163, 177, 193, 212, 225, 226, 237, 243, 246,
    251 ]
