%YAML:1.0
---
videoName: "RHShake02.mp4"
gestureLabel: 2
fps: 29
pixelSizeInCmTemp: 3.1933333333333330e-01
faceCenterPointX: 291
faceCenterPointY: 51
LHandPositionsX: [ 405, 408, 409, 406, 409, 407, 406, 407, 409, 407, 405,
    406, 409, 409, 408, 409, 407, 406, 404, 404, 406, 408, 405, 405, 406,
    405, 407, 406, 406, 406, 404, 402, 403, 402, 405, 403, 403, 401, 403,
    403, 401, 401, 404, 403, 402, 400, 402, 402, 402, 400, 401, 398, 401,
    399, 399, 396, 396, 399, 400, 400, 397, 399, 398, 399, 399, 398, 396,
    398, 397, 399, 395, 398, 398, 398, 396, 396, 396, 397, 399, 396, 397,
    398, 398, 398, 398, 397, 397, 398 ]
LHandPositionsY: [ 262, 264, 264, 265, 262, 262, 265, 262, 263, 262, 262,
    265, 265, 263, 262, 263, 260, 261, 263, 263, 264, 262, 264, 262, 260,
    263, 261, 262, 261, 263, 261, 262, 261, 264, 262, 260, 263, 264, 262,
    260, 264, 262, 264, 260, 260, 261, 262, 264, 261, 261, 261, 264, 260,
    262, 264, 261, 260, 261, 260, 260, 261, 263, 260, 262, 264, 263, 262,
    264, 262, 261, 263, 262, 261, 262, 262, 260, 261, 261, 262, 264, 260,
    264, 263, 260, 264, 260, 262, 261 ]
RHandPositionsX: [ 172, 171, 171, 175, 174, 173, 173, 172, 170, 172, 172,
    172, 174, 170, 173, 170, 172, 174, 171, 174, 172, 170, 174, 171, 175,
    171, 175, 178, 178, 171, 167, 162, 162, 156, 150, 156, 161, 178, 184,
    178, 183, 175, 169, 163, 160, 160, 161, 166, 177, 182, 191, 186, 183,
    177, 166, 165, 164, 166, 172, 182, 183, 180, 178, 177, 175, 173, 169,
    170, 170, 177, 181, 190, 197, 202, 198, 196, 197, 185, 186, 180, 181,
    177, 178, 177, 174, 177, 173, 176 ]
RHandPositionsY: [ 263, 265, 263, 266, 263, 263, 264, 265, 267, 265, 266,
    267, 265, 263, 265, 267, 265, 265, 264, 264, 265, 265, 263, 266, 268,
    266, 262, 246, 231, 208, 187, 165, 144, 125, 112, 103, 96, 97, 97,
    99, 93, 94, 89, 90, 90, 87, 89, 95, 97, 100, 97, 96, 92, 90, 85, 87,
    86, 91, 96, 100, 99, 98, 100, 97, 93, 91, 94, 92, 96, 96, 106, 120,
    131, 144, 160, 176, 193, 210, 226, 230, 237, 244, 242, 252, 252, 252,
    252, 253 ]
