%YAML:1.0
---
videoName: "RHShake11.mp4"
gestureLabel: 2
fps: 29
pixelSizeInCmTemp: 3.3263888888888887e-01
faceCenterPointX: 274
faceCenterPointY: 53
LHandPositionsX: [ 308, 307, 311, 307, 311, 311, 308, 307, 311, 311, 311,
    309, 307, 311, 311, 311, 307, 310, 308, 308, 311, 307, 309, 308, 309,
    307, 307, 310, 310, 308, 307, 311, 308, 309, 311, 307, 307, 311, 308,
    311, 310, 307, 311, 311, 311, 311, 310, 310, 310, 311, 310, 310, 307,
    308, 308, 310, 311, 307, 308, 307, 311, 308, 308, 309, 311, 311, 308,
    307, 309, 311, 311, 310, 309, 310, 308, 307, 306, 305, 307, 304, 306,
    307, 307, 307, 305, 304, 305, 303 ]
LHandPositionsY: [ 249, 246, 247, 246, 248, 246, 246, 245, 245, 246, 249,
    245, 248, 245, 249, 247, 249, 247, 247, 246, 247, 247, 249, 247, 247,
    247, 249, 246, 249, 246, 246, 247, 245, 248, 248, 246, 247, 248, 245,
    245, 246, 246, 246, 246, 249, 246, 245, 247, 245, 248, 248, 246, 249,
    245, 245, 248, 246, 246, 245, 248, 247, 246, 246, 247, 248, 249, 247,
    248, 248, 248, 248, 245, 243, 246, 244, 246, 246, 245, 245, 245, 245,
    247, 245, 247, 244, 243, 247, 244 ]
RHandPositionsX: [ 249, 250, 248, 245, 236, 226, 208, 194, 173, 158, 149,
    142, 145, 143, 152, 158, 159, 165, 171, 172, 169, 163, 159, 152, 150,
    151, 161, 168, 170, 169, 167, 167, 161, 159, 159, 159, 155, 154, 159,
    165, 167, 169, 170, 170, 163, 161, 157, 157, 159, 156, 166, 173, 176,
    178, 177, 179, 174, 168, 164, 166, 159, 159, 161, 163, 171, 180, 195,
    207, 221, 228, 239, 247, 253, 257, 260, 259, 260, 262, 260, 261, 260,
    261, 259, 260, 258, 259, 262, 262 ]
RHandPositionsY: [ 245, 248, 245, 239, 230, 220, 208, 193, 173, 162, 144,
    129, 126, 114, 106, 102, 103, 103, 102, 101, 100, 102, 98, 94, 93,
    95, 95, 101, 103, 101, 99, 98, 97, 95, 94, 96, 93, 94, 99, 106, 107,
    102, 106, 105, 105, 102, 100, 100, 97, 96, 103, 107, 109, 105, 106,
    106, 103, 100, 102, 103, 103, 102, 105, 108, 118, 131, 144, 159, 175,
    190, 202, 214, 222, 231, 237, 237, 239, 236, 239, 238, 239, 240, 238,
    240, 239, 239, 238, 238 ]
