%YAML:1.0
---
videoName: "RHShake11.mp4"
gestureLabel: 2
fps: 29
pixelSizeInCmTemp: 3.3263888888888887e-01
faceCenterPointX: 274
faceCenterPointY: 53
LHandPositionsX: [ 311, 311, 310, 311, 307, 309, 310, 307, 307, 311, 309,
    309, 311, 308, 308, 311, 310, 310, 309, 310, 308, 308, 311, 309, 311,
    310, 309, 310, 307, 307, 309, 307, 308, 308, 311, 308, 307, 308, 309,
    307, 310, 311, 308, 307, 308, 310, 310, 311, 311, 310, 311, 307, 310,
    307, 308, 307, 307, 311, 308, 309, 311, 307, 309, 309, 310, 308, 309,
    310, 309, 309, 309, 307, 311, 309, 310, 309, 307, 305, 305, 303, 303,
    305, 306, 306, 307, 304, 307, 304 ]
LHandPositionsY: [ 249, 248, 245, 247, 247, 246, 248, 245, 248, 247, 245,
    246, 248, 249, 246, 247, 245, 247, 247, 249, 245, 246, 247, 246, 248,
    247, 247, 245, 248, 245, 249, 247, 246, 249, 245, 249, 249, 246, 247,
    249, 249, 246, 245, 248, 248, 247, 246, 249, 249, 249, 246, 248, 246,
    245, 249, 245, 245, 249, 245, 249, 249, 246, 248, 248, 249, 245, 248,
    248, 248, 247, 248, 247, 247, 244, 245, 244, 243, 245, 245, 246, 247,
    244, 244, 246, 244, 243, 244, 244 ]
RHandPositionsX: [ 251, 249, 250, 243, 237, 226, 210, 191, 175, 159, 146,
    138, 147, 146, 151, 157, 160, 167, 170, 173, 171, 165, 156, 152, 153,
    151, 161, 167, 166, 166, 170, 169, 161, 160, 155, 157, 154, 155, 158,
    169, 169, 170, 172, 171, 167, 158, 159, 159, 158, 156, 163, 173, 174,
    180, 177, 177, 173, 171, 166, 167, 161, 155, 160, 166, 173, 180, 193,
    208, 221, 228, 238, 250, 255, 259, 263, 258, 261, 261, 261, 260, 262,
    258, 261, 258, 261, 258, 261, 262 ]
RHandPositionsY: [ 247, 247, 246, 242, 229, 221, 209, 189, 174, 161, 143,
    126, 124, 113, 104, 102, 107, 106, 101, 99, 103, 98, 99, 96, 95, 94,
    97, 100, 100, 100, 102, 99, 100, 97, 95, 94, 95, 94, 100, 103, 105,
    104, 102, 102, 102, 101, 100, 98, 97, 96, 101, 108, 106, 105, 107,
    105, 103, 100, 99, 103, 100, 103, 104, 108, 120, 131, 145, 158, 171,
    187, 200, 213, 224, 227, 235, 235, 236, 239, 241, 241, 242, 241, 242,
    238, 241, 240, 242, 240 ]
