%YAML:1.0
---
videoName: "RHShake08.mp4"
gestureLabel: 2
fps: 29
pixelSizeInCmTemp: 3.2808219178082193e-01
faceCenterPointX: 290
faceCenterPointY: 45
LHandPositionsX: [ 314, 314, 314, 315, 314, 317, 312, 312, 311, 309, 312,
    309, 310, 309, 310, 307, 307, 307, 307, 310, 306, 309, 307, 307, 308,
    310, 307, 310, 308, 310, 310, 308, 307, 310, 309, 310, 310, 307, 307,
    310, 310, 308, 309, 305, 309, 307, 309, 306, 307, 309, 308, 306, 309,
    308, 309, 305, 308, 306, 307, 307, 307, 306, 309, 306, 308, 309, 308,
    306, 308, 307, 305, 309, 309, 306, 308, 306, 309, 308, 309, 305, 305,
    309, 310, 307, 307, 310, 306, 308 ]
LHandPositionsY: [ 281, 280, 280, 281, 280, 280, 284, 282, 284, 284, 282,
    284, 284, 283, 285, 284, 281, 281, 283, 284, 284, 283, 285, 283, 283,
    281, 283, 282, 281, 282, 285, 281, 285, 282, 281, 284, 282, 281, 281,
    281, 284, 282, 283, 284, 284, 280, 284, 281, 281, 282, 283, 283, 283,
    284, 280, 282, 282, 281, 281, 281, 280, 282, 282, 283, 280, 281, 281,
    280, 283, 281, 282, 284, 284, 283, 282, 281, 282, 284, 283, 283, 280,
    284, 283, 282, 281, 283, 284, 282 ]
RHandPositionsX: [ 268, 268, 268, 270, 270, 273, 275, 279, 264, 259, 261,
    256, 250, 234, 219, 199, 187, 164, 154, 160, 164, 175, 200, 197, 204,
    201, 192, 191, 181, 180, 188, 193, 206, 198, 197, 196, 186, 184, 181,
    177, 193, 191, 186, 186, 184, 180, 173, 171, 177, 184, 184, 188, 189,
    189, 193, 188, 186, 203, 204, 217, 213, 206, 203, 201, 197, 196, 204,
    208, 214, 212, 214, 215, 223, 231, 240, 247, 249, 264, 264, 264, 268,
    266, 269, 269, 274, 274, 273, 270 ]
RHandPositionsY: [ 267, 267, 270, 270, 266, 270, 266, 267, 267, 261, 256,
    243, 233, 217, 203, 186, 172, 151, 129, 128, 112, 107, 107, 104, 111,
    102, 98, 96, 93, 90, 88, 92, 93, 96, 92, 89, 87, 87, 88, 88, 93, 93,
    91, 92, 90, 88, 84, 88, 88, 94, 96, 93, 99, 99, 95, 93, 93, 94, 100,
    98, 100, 98, 94, 94, 94, 92, 97, 102, 105, 109, 112, 126, 129, 142,
    157, 174, 195, 215, 230, 243, 257, 260, 260, 259, 262, 264, 266, 262 ]
