%YAML:1.0
---
videoName: "RHShake07.mp4"
gestureLabel: 2
fps: 29
pixelSizeInCmTemp: 3.2364864864864862e-01
faceCenterPointX: 292
faceCenterPointY: 44
LHandPositionsX: [ 307, 309, 309, 306, 306, 308, 308, 310, 309, 306, 308,
    308, 308, 309, 310, 311, 310, 310, 311, 311, 311, 312, 313, 314, 310,
    310, 313, 311, 312, 312, 311, 310, 314, 316, 313, 315, 316, 313, 314,
    313, 315, 316, 315, 315, 316, 313, 314, 316, 314, 313, 314, 312, 315,
    315, 315, 312, 315, 316, 314, 316, 312, 315, 313, 316, 312, 313, 313,
    312, 315, 314, 314, 313, 315, 314, 314, 313, 317, 317, 313, 315, 307,
    309, 308, 312, 310, 312, 309, 309 ]
LHandPositionsY: [ 269, 271, 269, 268, 267, 267, 271, 270, 274, 271, 270,
    270, 271, 270, 270, 270, 267, 270, 267, 269, 268, 268, 270, 268, 268,
    271, 269, 269, 270, 268, 268, 268, 268, 267, 269, 270, 268, 268, 268,
    271, 271, 269, 267, 267, 267, 269, 270, 268, 269, 270, 270, 268, 267,
    267, 268, 267, 269, 268, 267, 267, 270, 271, 269, 271, 268, 268, 267,
    267, 267, 268, 268, 266, 266, 266, 266, 266, 268, 267, 271, 272, 271,
    270, 274, 272, 274, 274, 271, 274 ]
RHandPositionsX: [ 267, 264, 267, 266, 267, 265, 264, 268, 262, 267, 268,
    264, 252, 235, 215, 197, 175, 163, 151, 156, 159, 156, 155, 158, 164,
    182, 188, 186, 178, 169, 165, 167, 179, 180, 187, 186, 180, 174, 169,
    170, 173, 176, 182, 182, 186, 180, 178, 173, 164, 165, 169, 185, 186,
    200, 192, 188, 185, 178, 170, 170, 164, 166, 173, 176, 174, 183, 180,
    174, 173, 167, 160, 168, 177, 194, 216, 229, 244, 259, 270, 278, 269,
    272, 269, 264, 262, 263, 267, 267 ]
RHandPositionsY: [ 255, 253, 254, 254, 252, 255, 254, 253, 253, 255, 250,
    240, 230, 216, 204, 185, 165, 156, 135, 132, 128, 115, 118, 124, 126,
    116, 102, 99, 91, 94, 89, 89, 109, 103, 104, 98, 94, 96, 93, 93, 93,
    92, 97, 99, 98, 98, 96, 89, 89, 86, 84, 90, 94, 100, 98, 96, 93, 92,
    90, 90, 89, 90, 90, 90, 92, 94, 89, 89, 86, 88, 94, 119, 138, 148,
    165, 184, 206, 225, 235, 245, 243, 250, 253, 251, 254, 256, 254, 256 ]
