%YAML:1.0
---
videoName: "RHShake10.mp4"
gestureLabel: 2
fps: 29
pixelSizeInCmTemp: 3.1933333333333330e-01
faceCenterPointX: 295
faceCenterPointY: 45
LHandPositionsX: [ 338, 341, 339, 338, 340, 340, 336, 337, 333, 332, 334,
    330, 328, 326, 325, 324, 328, 328, 329, 330, 328, 327, 330, 327, 328,
    329, 326, 327, 327, 327, 330, 329, 327, 330, 326, 329, 327, 330, 330,
    328, 327, 329, 330, 327, 328, 329, 330, 330, 326, 327, 327, 330, 326,
    330, 326, 330, 329, 326, 328, 327, 327, 330, 329, 329, 329, 327, 330,
    327, 329, 326, 330, 328, 330, 327, 329, 331, 328, 330, 329, 327, 330,
    329, 331, 329, 328, 330, 329, 327 ]
LHandPositionsY: [ 265, 266, 269, 266, 264, 268, 268, 268, 268, 268, 269,
    273, 273, 274, 274, 271, 270, 270, 274, 273, 271, 271, 274, 274, 274,
    272, 273, 273, 272, 269, 271, 271, 270, 270, 271, 272, 270, 270, 269,
    268, 269, 271, 270, 268, 269, 268, 268, 272, 271, 272, 268, 272, 272,
    271, 270, 269, 269, 269, 272, 269, 272, 268, 271, 272, 272, 268, 269,
    271, 270, 271, 268, 269, 270, 268, 269, 271, 270, 270, 267, 268, 270,
    269, 270, 270, 268, 272, 271, 271 ]
RHandPositionsX: [ 260, 262, 260, 260, 263, 259, 263, 261, 259, 258, 259,
    259, 258, 259, 258, 261, 261, 252, 260, 249, 242, 220, 203, 182, 166,
    154, 136, 135, 137, 137, 146, 152, 154, 161, 165, 161, 158, 158, 160,
    157, 163, 170, 181, 180, 177, 176, 173, 170, 169, 167, 176, 187, 190,
    193, 191, 184, 176, 175, 177, 182, 180, 188, 189, 193, 191, 184, 176,
    175, 173, 179, 176, 193, 198, 202, 211, 217, 227, 232, 238, 243, 251,
    251, 251, 256, 263, 260, 260, 261 ]
RHandPositionsY: [ 265, 268, 264, 265, 264, 265, 264, 264, 267, 265, 267,
    266, 267, 266, 266, 265, 267, 264, 268, 255, 243, 227, 209, 192, 172,
    149, 128, 117, 114, 98, 90, 86, 89, 88, 88, 83, 83, 77, 76, 76, 78,
    85, 89, 85, 81, 76, 79, 78, 77, 78, 83, 87, 91, 96, 87, 84, 82, 82,
    79, 85, 87, 95, 91, 93, 88, 90, 85, 84, 81, 88, 93, 106, 127, 144,
    163, 180, 197, 215, 225, 245, 258, 259, 261, 264, 268, 268, 265, 268 ]
