%YAML:1.0
---
videoName: "RHShake08.mp4"
gestureLabel: 2
fps: 29
pixelSizeInCmTemp: 3.2808219178082193e-01
faceCenterPointX: 290
faceCenterPointY: 45
LHandPositionsX: [ 314, 315, 315, 314, 317, 317, 314, 315, 312, 309, 308,
    310, 310, 312, 307, 308, 308, 311, 308, 309, 308, 308, 308, 307, 307,
    306, 307, 307, 308, 306, 306, 306, 309, 309, 307, 309, 309, 310, 307,
    306, 310, 310, 306, 309, 305, 307, 307, 305, 307, 308, 309, 305, 308,
    308, 309, 305, 306, 307, 307, 308, 306, 307, 308, 305, 308, 309, 306,
    309, 308, 305, 307, 308, 309, 309, 305, 308, 307, 308, 305, 307, 308,
    305, 308, 309, 309, 310, 306, 309 ]
LHandPositionsY: [ 280, 279, 279, 280, 279, 279, 283, 282, 282, 284, 283,
    282, 283, 285, 281, 282, 283, 281, 285, 285, 283, 283, 285, 284, 284,
    281, 285, 282, 283, 281, 284, 282, 281, 284, 282, 281, 282, 285, 281,
    283, 282, 281, 285, 282, 280, 280, 283, 282, 282, 281, 280, 282, 284,
    283, 280, 283, 283, 283, 281, 280, 280, 282, 283, 282, 282, 283, 282,
    281, 282, 281, 281, 280, 283, 281, 283, 283, 283, 280, 284, 284, 281,
    281, 284, 284, 281, 280, 283, 283 ]
RHandPositionsX: [ 268, 271, 272, 271, 272, 271, 274, 277, 266, 257, 257,
    255, 250, 235, 220, 202, 186, 166, 157, 160, 165, 176, 200, 199, 205,
    198, 195, 192, 185, 178, 188, 190, 203, 200, 193, 194, 186, 182, 180,
    180, 190, 191, 188, 183, 185, 180, 173, 175, 175, 182, 186, 187, 189,
    188, 191, 190, 186, 200, 204, 215, 210, 205, 203, 198, 200, 195, 202,
    208, 215, 212, 211, 214, 224, 228, 241, 246, 249, 263, 263, 265, 268,
    270, 271, 273, 276, 276, 274, 271 ]
RHandPositionsY: [ 267, 266, 267, 270, 269, 270, 269, 266, 267, 261, 252,
    242, 229, 216, 203, 183, 172, 152, 131, 129, 114, 109, 105, 105, 108,
    102, 101, 96, 94, 94, 91, 91, 94, 94, 92, 90, 87, 89, 87, 87, 93, 94,
    93, 93, 88, 87, 87, 85, 87, 94, 93, 97, 101, 99, 94, 91, 89, 93, 99,
    98, 98, 98, 93, 93, 95, 92, 94, 101, 107, 107, 110, 127, 130, 141,
    156, 178, 193, 216, 227, 247, 260, 258, 259, 259, 262, 265, 266, 263 ]
