%YAML:1.0
---
videoName: "RHShake01.mp4"
gestureLabel: 2
fps: 29
pixelSizeInCmTemp: 3.1513157894736843e-01
faceCenterPointX: 292
faceCenterPointY: 51
LHandPositionsX: [ 392, 395, 395, 395, 392, 396, 393, 392, 394, 394, 395,
    395, 395, 392, 392, 393, 393, 391, 393, 391, 395, 391, 391, 391, 391,
    391, 392, 391, 392, 393, 394, 395, 391, 394, 392, 394, 395, 391, 391,
    391, 392, 392, 394, 394, 393, 393, 392, 394, 395, 393, 393, 394, 392,
    392, 394, 391, 392, 392, 391, 394, 395, 395, 392, 395, 393, 394, 392,
    392, 393, 393, 393, 391, 391, 395, 391, 391, 395, 393, 392, 391, 394,
    392, 395, 394, 391, 393, 394, 395 ]
LHandPositionsY: [ 253, 257, 253, 257, 257, 255, 257, 253, 255, 255, 254,
    257, 254, 254, 254, 253, 257, 257, 255, 254, 253, 256, 254, 257, 253,
    257, 254, 257, 254, 256, 256, 254, 256, 255, 256, 253, 253, 255, 255,
    255, 253, 253, 255, 257, 256, 253, 254, 256, 256, 256, 255, 254, 255,
    257, 255, 256, 257, 257, 255, 256, 257, 256, 257, 253, 256, 257, 257,
    253, 255, 253, 255, 254, 256, 254, 253, 256, 255, 254, 255, 253, 253,
    257, 254, 255, 253, 253, 253, 257 ]
RHandPositionsX: [ 171, 168, 170, 167, 168, 171, 167, 168, 169, 167, 170,
    170, 170, 170, 167, 171, 169, 170, 171, 171, 170, 169, 171, 169, 171,
    169, 173, 177, 177, 170, 166, 158, 157, 155, 159, 160, 172, 179, 194,
    191, 189, 186, 182, 178, 176, 174, 176, 189, 196, 193, 191, 188, 181,
    177, 176, 181, 178, 185, 188, 192, 189, 196, 194, 187, 178, 178, 177,
    181, 187, 193, 192, 199, 198, 196, 195, 191, 187, 187, 186, 184, 177,
    176, 176, 172, 175, 172, 173, 175 ]
RHandPositionsY: [ 280, 278, 279, 279, 278, 278, 277, 278, 280, 280, 279,
    279, 277, 276, 279, 278, 280, 279, 277, 276, 279, 278, 276, 279, 279,
    277, 264, 247, 225, 208, 189, 167, 149, 134, 131, 117, 107, 108, 110,
    108, 109, 104, 103, 101, 99, 98, 99, 98, 99, 100, 99, 94, 94, 93, 95,
    94, 97, 100, 100, 101, 100, 99, 98, 98, 99, 94, 98, 95, 104, 109,
    113, 122, 133, 148, 161, 177, 189, 204, 204, 210, 222, 228, 234, 241,
    243, 243, 242, 248 ]
