%YAML:1.0
---
videoName: "RHShake19.mp4"
gestureLabel: 2
fps: 29
pixelSizeInCmTemp: 3.2808219178082193e-01
faceCenterPointX: 283
faceCenterPointY: 48
LHandPositionsX: [ 389, 389, 388, 389, 391, 392, 390, 390, 392, 391, 391,
    390, 388, 392, 389, 389, 390, 391, 391, 389, 389, 388, 391, 391, 390,
    390, 388, 389, 389, 392, 388, 389, 390, 392, 390, 389, 390, 389, 389,
    389, 388, 392, 389, 389, 391, 392, 391, 390, 392, 389, 390, 391, 391,
    391, 391, 389, 392, 392, 391, 391, 389, 392, 392, 390, 392, 391, 390,
    392, 389, 390, 389, 392, 390, 391, 390, 390, 390, 391, 388, 392, 392,
    391, 389, 390, 391, 392, 388, 390 ]
LHandPositionsY: [ 244, 242, 241, 240, 243, 243, 244, 242, 244, 242, 242,
    240, 244, 243, 242, 242, 242, 243, 244, 242, 244, 240, 242, 241, 240,
    243, 243, 242, 240, 244, 244, 244, 241, 244, 241, 241, 240, 241, 244,
    241, 241, 240, 240, 244, 244, 243, 242, 241, 242, 240, 241, 242, 241,
    242, 244, 241, 241, 240, 240, 244, 244, 241, 243, 240, 240, 243, 242,
    243, 241, 242, 240, 242, 240, 242, 241, 242, 240, 243, 244, 243, 240,
    242, 241, 242, 242, 241, 242, 242 ]
RHandPositionsX: [ 157, 173, 183, 183, 187, 184, 177, 173, 165, 164, 162,
    162, 165, 179, 184, 185, 186, 177, 176, 168, 166, 161, 158, 165, 169,
    175, 174, 172, 168, 164, 160, 158, 160, 166, 169, 178, 180, 176, 177,
    172, 170, 161, 163, 162, 162, 169, 177, 181, 178, 185, 177, 176, 170,
    170, 167, 169, 171, 178, 181, 182, 180, 179, 172, 170, 169, 165, 169,
    173, 181, 183, 186, 188, 192, 185, 187, 187, 182, 182, 182, 179, 179,
    181, 181, 178, 182, 178, 180, 182 ]
RHandPositionsY: [ 91, 90, 93, 97, 92, 92, 86, 81, 77, 77, 75, 71, 80,
    86, 89, 90, 88, 83, 80, 78, 77, 76, 75, 76, 84, 88, 92, 90, 90, 89,
    84, 85, 79, 82, 87, 88, 97, 98, 95, 90, 89, 84, 88, 83, 83, 86, 93,
    96, 99, 104, 102, 93, 97, 96, 97, 95, 101, 104, 108, 109, 105, 101,
    102, 99, 100, 99, 111, 126, 137, 149, 161, 177, 186, 193, 201, 210,
    221, 223, 233, 237, 238, 236, 238, 240, 240, 242, 243, 243 ]
