%YAML:1.0
---
videoName: "RHShake03.mp4"
gestureLabel: 2
fps: 29
pixelSizeInCmTemp: 3.1103896103896100e-01
faceCenterPointX: 294
faceCenterPointY: 48
LHandPositionsX: [ 409, 408, 408, 410, 412, 409, 409, 410, 412, 411, 408,
    408, 412, 412, 411, 410, 408, 412, 410, 412, 410, 412, 411, 408, 411,
    409, 412, 410, 412, 411, 410, 410, 412, 410, 409, 411, 410, 408, 409,
    408, 408, 411, 411, 409, 411, 412, 411, 411, 408, 409, 409, 408, 408,
    408, 410, 410, 408, 408, 411, 411, 412, 408, 411, 412, 411, 410, 410,
    412, 410, 408, 408, 409, 411, 408, 411, 411, 411, 411, 407, 408, 411,
    411, 407, 408, 407, 408, 410, 408 ]
LHandPositionsY: [ 260, 264, 261, 260, 260, 264, 260, 261, 260, 263, 263,
    264, 262, 264, 262, 260, 264, 262, 264, 264, 261, 263, 260, 264, 261,
    261, 263, 260, 264, 260, 260, 263, 260, 261, 261, 260, 262, 260, 261,
    261, 260, 261, 263, 264, 261, 263, 260, 262, 264, 263, 262, 261, 264,
    261, 260, 261, 261, 262, 262, 261, 261, 262, 261, 264, 262, 262, 260,
    262, 262, 261, 264, 261, 261, 263, 263, 262, 264, 263, 262, 260, 262,
    263, 260, 264, 260, 263, 261, 260 ]
RHandPositionsX: [ 181, 179, 178, 180, 179, 178, 178, 175, 176, 174, 176,
    176, 176, 176, 173, 176, 171, 173, 173, 171, 174, 174, 173, 171, 175,
    173, 174, 174, 172, 173, 174, 171, 176, 172, 165, 159, 150, 149, 151,
    152, 156, 164, 181, 186, 193, 191, 185, 177, 175, 170, 171, 178, 180,
    184, 182, 176, 171, 171, 168, 172, 179, 188, 200, 205, 197, 191, 187,
    186, 186, 180, 185, 195, 199, 209, 209, 209, 199, 197, 194, 182, 184,
    185, 184, 181, 179, 179, 179, 181 ]
RHandPositionsY: [ 258, 262, 260, 259, 261, 261, 261, 261, 260, 260, 259,
    262, 261, 259, 260, 259, 261, 262, 260, 260, 259, 258, 262, 262, 261,
    260, 258, 262, 261, 261, 267, 265, 255, 241, 217, 195, 178, 156, 144,
    129, 123, 120, 119, 118, 113, 103, 103, 100, 101, 99, 103, 106, 105,
    103, 102, 104, 100, 101, 96, 97, 102, 107, 111, 111, 110, 106, 103,
    106, 100, 98, 104, 118, 129, 139, 160, 179, 201, 209, 215, 241, 240,
    243, 245, 252, 250, 255, 254, 252 ]
