%YAML:1.0
---
videoName: "RHShake04.mp4"
gestureLabel: 2
fps: 29
pixelSizeInCmTemp: 3.1513157894736843e-01
faceCenterPointX: 292
faceCenterPointY: 47
LHandPositionsX: [ 410, 409, 410, 412, 412, 409, 411, 410, 410, 412, 413,
    409, 410, 409, 411, 408, 412, 412, 407, 410, 410, 408, 409, 409, 406,
    408, 406, 409, 406, 408, 407, 409, 408, 409, 405, 409, 408, 409, 407,
    409, 409, 408, 405, 406, 409, 407, 409, 408, 407, 405, 406, 407, 407,
    406, 409, 406, 409, 409, 407, 407, 406, 405, 405, 404, 403, 405, 403,
    406, 406, 404, 406, 405, 402, 403, 406, 403, 402, 403, 403, 405, 405,
    401, 405, 405, 402, 402, 405, 402 ]
LHandPositionsY: [ 263, 266, 266, 266, 263, 262, 265, 261, 263, 263, 266,
    263, 263, 261, 261, 264, 261, 263, 260, 262, 264, 260, 263, 262, 262,
    261, 263, 260, 261, 263, 264, 262, 263, 263, 263, 261, 264, 260, 261,
    264, 262, 262, 264, 264, 263, 262, 263, 262, 262, 261, 261, 260, 261,
    263, 261, 262, 264, 261, 264, 264, 264, 263, 259, 259, 260, 262, 262,
    262, 259, 260, 260, 258, 260, 261, 258, 261, 259, 261, 262, 257, 261,
    258, 257, 257, 257, 259, 259, 259 ]
RHandPositionsX: [ 178, 182, 179, 180, 183, 181, 178, 180, 177, 178, 179,
    179, 177, 179, 179, 180, 178, 179, 176, 178, 179, 179, 176, 184, 180,
    173, 172, 167, 165, 163, 166, 165, 182, 188, 191, 188, 187, 183, 176,
    170, 166, 169, 174, 173, 177, 178, 182, 173, 168, 166, 164, 171, 178,
    176, 181, 178, 174, 173, 170, 169, 172, 175, 180, 185, 196, 189, 182,
    176, 171, 171, 169, 172, 171, 177, 186, 188, 194, 190, 188, 189, 185,
    186, 183, 177, 178, 173, 177, 174 ]
RHandPositionsY: [ 266, 266, 267, 264, 264, 263, 267, 266, 264, 265, 267,
    268, 270, 269, 266, 268, 268, 271, 270, 268, 272, 272, 267, 248, 222,
    197, 172, 149, 125, 125, 120, 102, 96, 100, 106, 103, 96, 95, 93, 93,
    91, 88, 93, 96, 97, 95, 94, 92, 96, 90, 91, 93, 96, 98, 98, 98, 98,
    94, 92, 92, 90, 94, 95, 99, 95, 97, 97, 96, 93, 95, 93, 97, 98, 109,
    120, 131, 143, 153, 162, 177, 196, 213, 222, 228, 238, 243, 246, 250 ]
