%YAML:1.0
---
videoName: "RHShake24.mp4"
gestureLabel: 2
fps: 30
pixelSizeInCmTemp: 3.3732394366197183e-01
faceCenterPointX: 304
faceCenterPointY: 46
LHandPositionsX: [ 390, 389, 389, 389, 391, 390, 390, 390, 393, 390, 390,
    392, 391, 391, 391, 392, 393, 390, 392, 393, 392, 389, 392, 389, 390,
    390, 392, 393, 390, 391, 391, 389, 390, 390, 393, 390, 393, 390, 390,
    391, 392, 393, 389, 390, 391, 392, 391, 392, 389, 392, 389, 389, 390,
    391, 390, 389, 392, 390, 392, 393, 393, 391, 392, 393, 389, 389, 390,
    393, 393, 392, 392, 390, 391, 391, 390, 392, 390, 389, 389, 393, 389,
    391, 391, 393, 393, 393, 390, 393, 392, 389, 389 ]
LHandPositionsY: [ 227, 229, 225, 225, 225, 225, 227, 227, 227, 226, 226,
    228, 227, 226, 225, 229, 228, 228, 228, 228, 227, 227, 225, 229, 225,
    225, 225, 227, 227, 226, 226, 228, 228, 226, 225, 228, 227, 227, 227,
    226, 229, 225, 229, 226, 229, 229, 227, 229, 228, 225, 225, 227, 225,
    228, 227, 225, 228, 227, 229, 227, 228, 226, 228, 228, 229, 228, 227,
    229, 226, 226, 228, 226, 228, 229, 228, 227, 228, 227, 227, 226, 229,
    225, 227, 225, 228, 228, 227, 228, 225, 229, 228 ]
RHandPositionsX: [ 142, 145, 151, 150, 155, 155, 151, 149, 148, 140, 136,
    137, 141, 154, 161, 164, 163, 160, 161, 156, 150, 145, 146, 141, 141,
    145, 158, 157, 160, 157, 155, 153, 148, 146, 140, 143, 148, 153, 154,
    160, 158, 164, 160, 155, 148, 143, 141, 144, 141, 148, 163, 162, 167,
    170, 169, 166, 158, 153, 149, 147, 147, 150, 151, 163, 164, 168, 168,
    170, 175, 178, 178, 182, 183, 186, 191, 193, 192, 191, 194, 191, 193,
    196, 192, 194, 193, 192, 193, 195, 193, 196, 195 ]
RHandPositionsY: [ 97, 100, 99, 100, 105, 98, 95, 89, 88, 85, 84, 88, 86,
    101, 109, 110, 111, 115, 105, 103, 99, 97, 96, 95, 93, 101, 110, 113,
    114, 112, 105, 103, 96, 97, 94, 90, 91, 98, 103, 109, 110, 112, 109,
    103, 98, 99, 98, 94, 92, 107, 122, 120, 119, 122, 117, 104, 101, 99,
    102, 101, 95, 98, 102, 110, 114, 116, 122, 122, 130, 141, 148, 153,
    152, 156, 168, 172, 180, 186, 197, 205, 208, 210, 210, 214, 217, 220,
    220, 223, 223, 225, 225 ]
