%YAML:1.0
---
videoName: "RHShake01.mp4"
gestureLabel: 2
fps: 29
pixelSizeInCmTemp: 3.1513157894736843e-01
faceCenterPointX: 292
faceCenterPointY: 51
LHandPositionsX: [ 396, 395, 395, 394, 394, 394, 393, 396, 396, 392, 395,
    395, 396, 394, 395, 391, 392, 391, 394, 391, 391, 395, 392, 391, 394,
    395, 393, 393, 393, 394, 393, 391, 391, 391, 394, 395, 392, 391, 395,
    391, 393, 395, 393, 393, 393, 395, 391, 394, 392, 394, 394, 393, 394,
    392, 394, 391, 392, 391, 391, 392, 393, 393, 392, 394, 395, 392, 391,
    395, 394, 395, 395, 393, 394, 393, 394, 395, 392, 392, 393, 393, 394,
    392, 394, 391, 395, 391, 393, 391 ]
LHandPositionsY: [ 255, 254, 256, 257, 253, 257, 254, 254, 256, 253, 254,
    255, 255, 257, 253, 256, 257, 255, 254, 256, 257, 257, 255, 253, 254,
    253, 257, 256, 255, 253, 253, 253, 253, 257, 254, 253, 256, 256, 255,
    255, 253, 254, 255, 254, 253, 255, 255, 256, 253, 257, 257, 254, 257,
    255, 257, 256, 255, 257, 256, 253, 256, 254, 257, 256, 254, 253, 255,
    255, 254, 253, 256, 255, 257, 255, 256, 254, 253, 257, 254, 253, 256,
    255, 257, 256, 255, 253, 254, 256 ]
RHandPositionsX: [ 167, 169, 167, 168, 171, 167, 168, 170, 171, 171, 170,
    170, 167, 169, 168, 169, 169, 169, 168, 167, 172, 170, 170, 169, 173,
    172, 171, 175, 177, 169, 165, 161, 156, 152, 158, 159, 172, 181, 194,
    190, 193, 187, 180, 178, 177, 172, 173, 186, 197, 194, 190, 191, 181,
    180, 179, 178, 179, 185, 188, 192, 193, 193, 194, 188, 178, 178, 175,
    183, 189, 193, 194, 199, 199, 199, 195, 190, 186, 190, 189, 182, 179,
    177, 174, 175, 175, 171, 176, 174 ]
RHandPositionsY: [ 277, 277, 277, 278, 280, 279, 278, 276, 278, 277, 277,
    277, 277, 277, 277, 276, 277, 280, 276, 276, 276, 276, 280, 279, 278,
    277, 265, 246, 228, 206, 189, 166, 151, 132, 131, 116, 109, 109, 113,
    111, 109, 106, 103, 97, 101, 97, 99, 100, 101, 98, 97, 97, 97, 94,
    93, 92, 97, 101, 100, 104, 103, 98, 98, 97, 95, 96, 97, 97, 102, 108,
    110, 122, 135, 146, 158, 179, 190, 203, 204, 213, 219, 227, 233, 240,
    242, 245, 246, 245 ]
