%YAML:1.0
---
videoName: "RHShake12.mp4"
gestureLabel: 2
fps: 29
pixelSizeInCmTemp: 3.3732394366197183e-01
faceCenterPointX: 299
faceCenterPointY: 45
LHandPositionsX: [ 404, 406, 408, 406, 408, 407, 408, 406, 404, 405, 407,
    408, 405, 404, 405, 404, 407, 405, 404, 406, 404, 408, 404, 405, 408,
    407, 407, 406, 405, 404, 406, 405, 406, 404, 408, 408, 407, 407, 404,
    404, 408, 407, 404, 404, 404, 405, 407, 406, 405, 404, 406, 408, 407,
    408, 408, 406, 408, 407, 408, 405, 404, 404, 406, 406, 408, 408, 404,
    407, 408, 405, 408, 405, 407, 407, 404, 408, 407, 404, 407, 405, 407,
    407, 405, 408, 405, 408, 407, 405 ]
LHandPositionsY: [ 242, 243, 242, 239, 240, 241, 240, 241, 242, 241, 240,
    241, 240, 240, 239, 240, 239, 240, 240, 239, 241, 242, 241, 241, 241,
    240, 239, 239, 243, 241, 240, 239, 241, 241, 243, 242, 239, 243, 242,
    242, 240, 239, 243, 241, 241, 239, 243, 239, 240, 242, 243, 243, 242,
    239, 240, 239, 243, 241, 241, 240, 242, 239, 241, 239, 239, 240, 239,
    242, 243, 239, 243, 240, 243, 241, 243, 239, 243, 241, 243, 241, 242,
    243, 242, 240, 243, 242, 243, 239 ]
RHandPositionsX: [ 169, 168, 160, 160, 163, 170, 182, 194, 194, 194, 193,
    182, 178, 172, 172, 170, 169, 177, 185, 186, 187, 185, 180, 173, 168,
    166, 168, 177, 184, 193, 193, 189, 185, 182, 174, 177, 175, 175, 182,
    192, 195, 193, 184, 180, 176, 175, 170, 171, 179, 191, 192, 194, 194,
    192, 184, 178, 179, 178, 174, 173, 182, 193, 198, 198, 205, 200, 196,
    187, 190, 187, 186, 186, 189, 193, 199, 196, 198, 201, 204, 200, 200,
    199, 198, 196, 200, 198, 199, 201 ]
RHandPositionsY: [ 141, 125, 118, 113, 104, 94, 97, 102, 106, 109, 99,
    95, 90, 90, 87, 86, 85, 90, 103, 102, 108, 95, 90, 88, 85, 84, 82,
    91, 101, 114, 109, 106, 99, 94, 95, 92, 90, 89, 98, 114, 115, 115,
    104, 99, 95, 94, 88, 89, 94, 111, 111, 114, 113, 104, 90, 90, 90, 90,
    89, 89, 91, 107, 120, 117, 122, 119, 112, 108, 110, 111, 117, 127,
    137, 148, 162, 163, 170, 177, 187, 196, 201, 208, 217, 220, 220, 224,
    230, 230 ]
