%YAML:1.0
---
videoName: "RHShake11.mp4"
gestureLabel: 2
fps: 29
pixelSizeInCmTemp: 3.3263888888888887e-01
faceCenterPointX: 274
faceCenterPointY: 53
LHandPositionsX: [ 312, 307, 309, 307, 307, 308, 308, 308, 311, 307, 308,
    309, 308, 307, 311, 307, 307, 310, 307, 310, 310, 311, 309, 311, 307,
    311, 311, 311, 308, 308, 310, 307, 309, 308, 310, 307, 308, 310, 311,
    308, 307, 310, 310, 310, 307, 310, 311, 309, 309, 307, 311, 308, 309,
    307, 307, 308, 307, 311, 308, 307, 307, 308, 310, 307, 310, 311, 307,
    307, 311, 310, 307, 307, 308, 307, 310, 310, 308, 309, 307, 307, 307,
    306, 303, 307, 306, 303, 306, 307 ]
LHandPositionsY: [ 245, 248, 247, 245, 247, 249, 249, 248, 247, 246, 246,
    247, 249, 247, 249, 245, 249, 248, 248, 247, 247, 249, 246, 248, 245,
    247, 245, 245, 245, 248, 249, 249, 247, 246, 246, 248, 246, 245, 249,
    246, 245, 247, 249, 246, 245, 246, 247, 247, 248, 245, 248, 248, 248,
    249, 246, 248, 246, 247, 248, 246, 248, 247, 247, 247, 248, 246, 246,
    248, 247, 247, 246, 246, 246, 243, 245, 243, 246, 244, 247, 243, 245,
    246, 247, 247, 244, 243, 247, 246 ]
RHandPositionsX: [ 247, 247, 250, 243, 234, 228, 209, 192, 173, 159, 149,
    141, 146, 146, 149, 159, 161, 166, 168, 172, 168, 165, 156, 154, 150,
    152, 161, 166, 167, 168, 167, 166, 163, 160, 155, 159, 152, 154, 160,
    169, 168, 168, 173, 167, 167, 158, 157, 159, 159, 157, 165, 174, 172,
    180, 178, 177, 170, 167, 163, 163, 162, 156, 161, 163, 171, 180, 194,
    204, 221, 231, 242, 246, 256, 258, 264, 258, 259, 263, 260, 260, 258,
    258, 261, 258, 258, 262, 260, 259 ]
RHandPositionsY: [ 249, 249, 247, 240, 229, 222, 209, 191, 174, 162, 144,
    126, 126, 114, 103, 103, 107, 103, 101, 103, 102, 101, 98, 98, 93,
    96, 96, 101, 101, 99, 100, 100, 97, 94, 96, 93, 95, 94, 102, 103,
    106, 106, 104, 106, 103, 102, 101, 97, 96, 100, 103, 108, 108, 105,
    108, 105, 107, 102, 101, 103, 103, 102, 103, 105, 118, 128, 143, 159,
    173, 186, 201, 213, 221, 228, 236, 234, 238, 237, 242, 238, 239, 240,
    238, 240, 242, 239, 241, 240 ]
