%YAML:1.0
---
videoName: "RHShake22.mp4"
gestureLabel: 2
fps: 29
pixelSizeInCmTemp: 3.3263888888888887e-01
faceCenterPointX: 290
faceCenterPointY: 48
LHandPositionsX: [ 393, 395, 395, 396, 395, 392, 393, 392, 394, 393, 396,
    394, 393, 395, 396, 395, 393, 395, 396, 395, 395, 394, 392, 394, 393,
    396, 395, 393, 396, 393, 392, 394, 392, 393, 392, 395, 396, 392, 394,
    393, 395, 394, 392, 396, 392, 394, 394, 392, 396, 396, 393, 394, 393,
    395, 393, 395, 395, 392, 392, 393, 392, 393, 396, 394, 392, 394, 392,
    396, 395, 393, 393, 395, 394, 394, 394, 395, 395, 392, 392, 393, 394,
    394, 393, 393, 394, 393, 396, 395 ]
LHandPositionsY: [ 231, 231, 231, 233, 234, 230, 232, 233, 232, 231, 234,
    234, 233, 231, 231, 231, 230, 231, 232, 233, 234, 231, 232, 231, 233,
    232, 234, 232, 231, 230, 232, 232, 231, 230, 233, 230, 233, 234, 232,
    230, 234, 233, 230, 231, 230, 230, 233, 234, 234, 233, 232, 232, 232,
    233, 230, 232, 232, 232, 234, 230, 230, 234, 233, 234, 230, 232, 230,
    233, 231, 231, 230, 232, 232, 230, 231, 233, 231, 234, 233, 233, 231,
    233, 231, 234, 230, 230, 231, 230 ]
RHandPositionsX: [ 149, 138, 129, 128, 133, 137, 144, 157, 167, 167, 166,
    165, 160, 160, 151, 146, 146, 146, 148, 156, 164, 172, 171, 168, 169,
    166, 165, 156, 156, 155, 153, 161, 166, 174, 172, 173, 171, 168, 163,
    160, 159, 160, 159, 165, 172, 173, 174, 173, 173, 170, 164, 156, 152,
    153, 158, 162, 171, 178, 176, 181, 175, 174, 168, 163, 155, 152, 154,
    157, 168, 178, 178, 176, 180, 183, 178, 178, 182, 182, 183, 186, 188,
    188, 191, 186, 190, 188, 190, 187 ]
RHandPositionsY: [ 138, 115, 100, 100, 96, 90, 85, 86, 91, 91, 91, 89,
    87, 79, 77, 81, 77, 77, 77, 85, 92, 91, 95, 98, 93, 91, 87, 85, 85,
    82, 78, 88, 92, 98, 104, 98, 93, 89, 86, 88, 87, 86, 85, 88, 95, 100,
    103, 100, 95, 89, 89, 90, 88, 85, 85, 86, 90, 101, 104, 105, 100, 98,
    91, 94, 91, 94, 90, 91, 88, 106, 106, 109, 114, 117, 121, 126, 137,
    151, 160, 171, 183, 194, 199, 206, 211, 221, 225, 226 ]
