%YAML:1.0
---
videoName: "RHShake13.mp4"
gestureLabel: 2
fps: 30
pixelSizeInCmTemp: 3.2808219178082193e-01
faceCenterPointX: 278
faceCenterPointY: 45
LHandPositionsX: [ 305, 309, 308, 305, 305, 306, 309, 309, 308, 308, 308,
    305, 308, 309, 308, 306, 308, 306, 308, 309, 306, 307, 305, 308, 308,
    308, 305, 306, 307, 308, 306, 305, 308, 309, 305, 309, 306, 308, 305,
    309, 306, 308, 309, 309, 309, 305, 309, 305, 306, 305, 305, 309, 305,
    307, 306, 308, 306, 306, 306, 305, 306, 309, 307, 308, 308, 308, 308,
    308, 307, 306, 308, 308, 310, 307, 308, 310, 310, 310, 306, 308, 300,
    303, 304, 304, 306, 307, 304, 306, 306, 306, 303 ]
LHandPositionsY: [ 245, 245, 243, 245, 242, 245, 245, 243, 242, 245, 241,
    242, 244, 240, 243, 244, 241, 242, 241, 239, 242, 241, 241, 240, 239,
    242, 241, 242, 243, 240, 239, 243, 239, 243, 240, 240, 243, 241, 242,
    239, 240, 239, 240, 242, 240, 238, 239, 239, 240, 238, 240, 242, 238,
    239, 238, 240, 238, 240, 239, 241, 242, 238, 242, 239, 240, 241, 242,
    238, 239, 240, 240, 237, 239, 239, 235, 235, 235, 232, 234, 235, 231,
    233, 234, 236, 237, 243, 243, 244, 247, 245, 244 ]
RHandPositionsX: [ 166, 153, 137, 142, 141, 139, 145, 141, 144, 149, 149,
    148, 141, 138, 134, 140, 143, 140, 145, 141, 139, 131, 132, 128, 129,
    132, 134, 140, 139, 137, 134, 132, 130, 130, 132, 134, 136, 137, 136,
    135, 132, 132, 134, 134, 136, 147, 147, 149, 148, 147, 144, 139, 135,
    140, 140, 139, 141, 142, 142, 139, 135, 132, 128, 133, 136, 141, 145,
    145, 155, 159, 168, 179, 187, 198, 212, 225, 238, 247, 255, 254, 249,
    252, 255, 257, 258, 260, 257, 258, 259, 260, 258 ]
RHandPositionsY: [ 158, 137, 119, 119, 116, 107, 105, 104, 97, 93, 90,
    92, 87, 87, 89, 87, 86, 88, 87, 88, 87, 87, 85, 84, 85, 89, 88, 91,
    92, 92, 88, 90, 90, 91, 90, 91, 92, 93, 90, 90, 89, 91, 90, 91, 92,
    95, 96, 97, 92, 93, 92, 94, 93, 92, 98, 97, 97, 98, 97, 101, 96, 96,
    95, 95, 101, 106, 110, 109, 120, 126, 136, 143, 153, 164, 175, 189,
    200, 207, 215, 216, 216, 220, 226, 233, 236, 239, 239, 238, 241, 240,
    241 ]
