%YAML:1.0
---
videoName: "RHShake12.mp4"
gestureLabel: 2
fps: 29
pixelSizeInCmTemp: 3.3732394366197183e-01
faceCenterPointX: 299
faceCenterPointY: 45
LHandPositionsX: [ 404, 404, 408, 405, 405, 406, 408, 404, 406, 407, 408,
    405, 407, 405, 407, 407, 407, 404, 408, 405, 407, 406, 408, 407, 406,
    405, 408, 405, 408, 407, 407, 405, 405, 405, 408, 405, 404, 408, 406,
    408, 404, 405, 406, 404, 408, 405, 404, 408, 408, 404, 408, 407, 407,
    404, 406, 405, 406, 407, 408, 405, 407, 404, 407, 405, 405, 405, 407,
    405, 405, 407, 406, 406, 404, 405, 404, 404, 405, 405, 408, 407, 408,
    405, 408, 406, 404, 405, 405, 407 ]
LHandPositionsY: [ 242, 240, 243, 239, 243, 239, 242, 242, 240, 243, 242,
    242, 240, 242, 239, 239, 242, 240, 241, 241, 243, 240, 240, 239, 240,
    239, 242, 242, 240, 239, 240, 241, 242, 240, 242, 241, 239, 241, 242,
    240, 241, 242, 243, 239, 240, 243, 239, 242, 242, 241, 243, 242, 240,
    241, 239, 242, 242, 240, 239, 240, 239, 239, 239, 240, 239, 242, 243,
    241, 241, 239, 241, 242, 239, 241, 240, 239, 242, 239, 243, 239, 240,
    241, 239, 241, 242, 239, 243, 242 ]
RHandPositionsX: [ 169, 167, 164, 163, 163, 172, 183, 191, 191, 197, 194,
    181, 176, 173, 174, 168, 171, 175, 185, 186, 190, 181, 178, 175, 169,
    166, 166, 174, 185, 191, 192, 190, 181, 182, 177, 177, 173, 173, 178,
    189, 195, 196, 187, 178, 175, 178, 171, 173, 181, 193, 193, 193, 194,
    188, 184, 179, 175, 175, 174, 176, 182, 193, 202, 201, 205, 199, 197,
    187, 187, 184, 187, 184, 189, 191, 198, 197, 200, 198, 201, 201, 199,
    199, 197, 197, 200, 199, 202, 200 ]
RHandPositionsY: [ 138, 128, 118, 112, 108, 95, 98, 102, 108, 109, 101,
    92, 91, 88, 88, 84, 81, 88, 101, 104, 106, 99, 92, 89, 87, 84, 82,
    92, 101, 111, 110, 105, 101, 98, 93, 95, 91, 86, 98, 110, 113, 116,
    103, 99, 95, 93, 90, 89, 93, 107, 111, 114, 114, 102, 92, 90, 92, 90,
    87, 87, 95, 111, 121, 120, 119, 120, 111, 106, 112, 115, 116, 124,
    134, 146, 159, 165, 168, 176, 186, 197, 201, 207, 217, 219, 220, 227,
    228, 231 ]
