%YAML:1.0
---
videoName: "RHShake16.mp4"
gestureLabel: 2
fps: 29
pixelSizeInCmTemp: 3.2808219178082193e-01
faceCenterPointX: 281
faceCenterPointY: 44
LHandPositionsX: [ 372, 371, 370, 371, 372, 369, 371, 370, 373, 373, 373,
    373, 370, 369, 373, 372, 371, 372, 370, 373, 370, 371, 370, 372, 369,
    369, 369, 370, 370, 370, 370, 372, 371, 369, 369, 371, 372, 371, 372,
    373, 369, 373, 371, 370, 369, 372, 371, 373, 373, 370, 373, 370, 369,
    369, 373, 372, 372, 373, 370, 372, 373, 373, 370, 372, 371, 371, 371,
    370, 373, 369, 371, 369, 369, 373, 370, 371, 373, 371, 371, 371, 372,
    370, 371, 370, 370, 373, 369, 372 ]
LHandPositionsY: [ 232, 232, 230, 234, 233, 232, 232, 232, 233, 234, 234,
    231, 233, 231, 234, 231, 231, 230, 231, 230, 232, 230, 230, 230, 231,
    233, 232, 234, 232, 234, 233, 233, 231, 230, 230, 233, 231, 231, 230,
    230, 232, 230, 234, 234, 230, 231, 231, 230, 230, 230, 232, 230, 232,
    230, 232, 230, 232, 230, 230, 233, 232, 231, 233, 232, 232, 233, 232,
    229, 231, 232, 230, 231, 229, 229, 231, 229, 230, 231, 231, 233, 229,
    232, 233, 229, 232, 233, 232, 229 ]
RHandPositionsX: [ 170, 167, 168, 170, 167, 169, 170, 170, 168, 169, 168,
    169, 170, 169, 168, 167, 168, 166, 165, 153, 155, 147, 136, 130, 126,
    123, 117, 120, 124, 123, 128, 131, 136, 141, 143, 140, 135, 138, 138,
    139, 143, 144, 147, 151, 147, 145, 146, 147, 144, 148, 149, 150, 152,
    152, 146, 148, 148, 143, 148, 153, 156, 155, 154, 152, 153, 150, 147,
    150, 152, 162, 164, 169, 173, 176, 179, 176, 175, 174, 171, 170, 172,
    172, 172, 172, 172, 168, 170, 170 ]
RHandPositionsY: [ 265, 269, 267, 269, 269, 268, 269, 268, 268, 267, 269,
    265, 268, 268, 267, 268, 267, 264, 258, 242, 217, 200, 176, 158, 144,
    132, 118, 115, 108, 107, 105, 102, 99, 97, 93, 93, 90, 89, 91, 90,
    87, 90, 90, 88, 89, 86, 88, 84, 87, 89, 89, 89, 86, 89, 85, 84, 88,
    88, 86, 88, 91, 87, 88, 87, 88, 88, 91, 92, 102, 117, 135, 149, 161,
    174, 185, 190, 197, 201, 213, 217, 222, 222, 223, 234, 235, 235, 234,
    238 ]
