%YAML:1.0
---
videoName: "RHShake14.mp4"
gestureLabel: 2
fps: 30
pixelSizeInCmTemp: 3.2808219178082193e-01
faceCenterPointX: 277
faceCenterPointY: 42
LHandPositionsX: [ 377, 377, 378, 375, 378, 376, 377, 377, 378, 376, 376,
    378, 377, 378, 373, 374, 375, 375, 376, 375, 372, 373, 375, 375, 372,
    372, 374, 374, 375, 376, 373, 374, 372, 372, 372, 372, 375, 372, 375,
    372, 372, 372, 372, 375, 374, 376, 372, 374, 373, 374, 372, 375, 374,
    375, 375, 372, 374, 373, 375, 373, 374, 374, 373, 374, 372, 373, 375,
    376, 376, 376, 374, 372, 376, 375, 372, 376, 375, 376, 375, 374, 376,
    372, 374, 373, 372, 375, 376, 374, 373, 375, 373 ]
LHandPositionsY: [ 230, 229, 232, 229, 231, 233, 230, 232, 233, 230, 231,
    232, 229, 231, 232, 232, 230, 231, 232, 233, 230, 232, 233, 233, 233,
    229, 232, 233, 230, 233, 233, 233, 230, 232, 231, 231, 229, 229, 229,
    231, 229, 233, 233, 231, 232, 230, 232, 232, 230, 233, 232, 230, 233,
    229, 232, 229, 232, 230, 231, 231, 230, 232, 231, 233, 231, 231, 230,
    231, 230, 232, 230, 232, 231, 233, 231, 230, 232, 231, 232, 233, 231,
    231, 232, 230, 229, 232, 233, 231, 230, 231, 231 ]
RHandPositionsX: [ 172, 173, 171, 173, 172, 170, 171, 170, 170, 172, 171,
    174, 171, 173, 172, 170, 171, 170, 173, 171, 172, 173, 170, 174, 170,
    174, 169, 171, 158, 148, 136, 125, 121, 118, 119, 121, 126, 131, 137,
    140, 142, 148, 146, 143, 148, 145, 150, 154, 157, 163, 156, 158, 154,
    150, 157, 155, 159, 170, 167, 163, 156, 157, 157, 157, 158, 162, 165,
    172, 173, 177, 177, 180, 178, 180, 172, 174, 177, 181, 177, 173, 172,
    172, 170, 173, 174, 171, 170, 171, 174, 170, 170 ]
RHandPositionsY: [ 240, 242, 243, 243, 243, 241, 242, 239, 243, 239, 241,
    241, 239, 240, 242, 239, 242, 241, 243, 240, 239, 243, 241, 243, 243,
    243, 245, 234, 213, 197, 171, 151, 134, 116, 114, 109, 106, 111, 116,
    116, 115, 106, 99, 93, 88, 85, 84, 85, 84, 81, 78, 77, 76, 75, 78,
    75, 78, 80, 79, 80, 79, 75, 77, 79, 77, 84, 84, 108, 122, 135, 146,
    157, 168, 179, 191, 195, 199, 203, 211, 216, 219, 224, 222, 228, 233,
    235, 232, 234, 235, 233, 234 ]
