%YAML:1.0
---
videoName: "RHShake10.mp4"
gestureLabel: 2
fps: 29
pixelSizeInCmTemp: 3.1933333333333330e-01
faceCenterPointX: 295
faceCenterPointY: 45
LHandPositionsX: [ 338, 341, 340, 341, 340, 340, 336, 336, 334, 330, 335,
    333, 328, 327, 328, 328, 328, 329, 326, 330, 327, 330, 328, 328, 327,
    328, 329, 328, 330, 326, 328, 330, 326, 327, 327, 327, 328, 330, 330,
    326, 330, 330, 326, 330, 327, 330, 327, 329, 328, 329, 330, 327, 328,
    326, 328, 328, 327, 329, 328, 326, 326, 329, 329, 326, 329, 330, 326,
    326, 328, 330, 326, 330, 330, 330, 327, 331, 331, 329, 331, 327, 328,
    330, 330, 327, 331, 328, 329, 326 ]
LHandPositionsY: [ 263, 265, 265, 266, 267, 265, 266, 270, 269, 270, 269,
    273, 269, 272, 270, 270, 274, 273, 273, 274, 274, 274, 272, 270, 273,
    270, 272, 271, 270, 271, 270, 272, 272, 271, 271, 269, 271, 268, 272,
    268, 269, 268, 272, 272, 269, 268, 269, 272, 268, 272, 272, 269, 272,
    268, 271, 270, 270, 270, 268, 272, 271, 272, 271, 272, 271, 272, 269,
    268, 271, 269, 268, 272, 271, 270, 271, 271, 270, 269, 270, 271, 269,
    270, 271, 270, 271, 272, 268, 270 ]
RHandPositionsX: [ 260, 260, 262, 261, 259, 261, 261, 259, 258, 260, 259,
    258, 260, 261, 258, 259, 261, 255, 260, 253, 239, 222, 201, 183, 167,
    152, 134, 137, 136, 136, 143, 151, 154, 163, 163, 164, 160, 160, 161,
    160, 163, 173, 177, 179, 176, 175, 173, 172, 173, 169, 175, 189, 191,
    194, 191, 181, 178, 177, 175, 181, 179, 187, 192, 193, 188, 181, 179,
    174, 174, 180, 178, 189, 196, 204, 211, 219, 227, 231, 238, 246, 249,
    251, 250, 257, 264, 261, 261, 259 ]
RHandPositionsY: [ 267, 265, 267, 263, 264, 263, 265, 265, 264, 268, 266,
    267, 265, 266, 265, 266, 265, 266, 267, 256, 242, 227, 209, 192, 173,
    149, 128, 116, 114, 97, 86, 89, 88, 90, 88, 83, 81, 80, 77, 76, 77,
    81, 88, 84, 84, 80, 79, 74, 74, 81, 86, 90, 90, 94, 88, 86, 82, 82,
    80, 85, 90, 91, 93, 93, 89, 90, 85, 83, 80, 87, 95, 104, 124, 144,
    162, 179, 195, 213, 225, 246, 260, 259, 259, 264, 264, 264, 265, 267 ]
