%YAML:1.0
---
videoName: "RHShake02.mp4"
gestureLabel: 2
fps: 29
pixelSizeInCmTemp: 3.1933333333333330e-01
faceCenterPointX: 291
faceCenterPointY: 51
LHandPositionsX: [ 406, 409, 407, 409, 406, 405, 406, 407, 409, 405, 407,
    408, 406, 406, 407, 407, 405, 408, 408, 407, 405, 405, 408, 406, 404,
    405, 405, 404, 405, 403, 405, 402, 405, 402, 401, 405, 401, 401, 405,
    403, 401, 404, 404, 403, 403, 399, 402, 402, 398, 400, 400, 401, 400,
    397, 401, 397, 400, 397, 400, 398, 397, 397, 399, 400, 397, 398, 398,
    398, 395, 396, 398, 399, 397, 397, 397, 397, 398, 395, 398, 399, 395,
    396, 399, 398, 398, 398, 397, 399 ]
LHandPositionsY: [ 265, 261, 261, 265, 263, 263, 262, 264, 263, 265, 262,
    261, 261, 265, 262, 263, 262, 263, 263, 261, 264, 261, 263, 264, 263,
    260, 261, 264, 261, 261, 264, 263, 260, 263, 263, 263, 262, 264, 260,
    264, 264, 264, 262, 260, 260, 262, 262, 264, 262, 264, 260, 261, 263,
    263, 262, 260, 263, 261, 260, 262, 260, 261, 264, 262, 260, 263, 264,
    260, 262, 260, 264, 261, 264, 260, 264, 262, 260, 264, 260, 262, 262,
    262, 262, 263, 263, 262, 263, 260 ]
RHandPositionsX: [ 172, 175, 171, 175, 174, 172, 171, 173, 170, 170, 173,
    170, 172, 172, 173, 173, 171, 172, 174, 174, 174, 172, 174, 174, 171,
    173, 176, 179, 175, 173, 167, 161, 159, 152, 148, 155, 158, 178, 184,
    181, 181, 175, 169, 167, 159, 158, 161, 166, 181, 186, 194, 184, 181,
    179, 166, 167, 163, 167, 174, 184, 182, 182, 182, 175, 176, 169, 169,
    169, 171, 178, 181, 192, 197, 202, 200, 195, 197, 182, 187, 180, 177,
    178, 177, 176, 175, 174, 173, 173 ]
RHandPositionsY: [ 266, 267, 267, 264, 265, 266, 265, 263, 264, 266, 263,
    263, 267, 265, 267, 266, 267, 264, 263, 267, 265, 265, 263, 264, 265,
    266, 262, 249, 231, 210, 187, 165, 145, 123, 111, 103, 97, 95, 98,
    98, 97, 94, 93, 92, 89, 88, 89, 92, 97, 98, 99, 98, 94, 89, 84, 85,
    85, 92, 93, 98, 98, 97, 98, 95, 91, 95, 95, 92, 96, 97, 105, 118,
    131, 141, 158, 174, 192, 211, 225, 230, 238, 245, 245, 253, 250, 250,
    254, 256 ]
