%YAML:1.0
---
videoName: "RHShake19.mp4"
gestureLabel: 2
fps: 29
pixelSizeInCmTemp: 3.2808219178082193e-01
faceCenterPointX: 283
faceCenterPointY: 48
LHandPositionsX: [ 390, 389, 388, 390, 391, 388, 388, 390, 388, 389, 390,
    389, 391, 388, 392, 392, 392, 388, 391, 391, 391, 388, 389, 392, 388,
    391, 389, 389, 388, 390, 392, 388, 392, 388, 392, 388, 388, 389, 389,
    390, 390, 388, 391, 390, 392, 390, 390, 392, 389, 390, 391, 389, 392,
    388, 391, 390, 391, 388, 388, 388, 392, 392, 389, 391, 391, 391, 389,
    391, 390, 391, 390, 391, 390, 391, 392, 388, 391, 389, 390, 392, 391,
    388, 391, 392, 389, 391, 389, 389 ]
LHandPositionsY: [ 243, 240, 240, 241, 240, 243, 243, 240, 242, 243, 241,
    240, 242, 243, 244, 243, 240, 241, 240, 244, 243, 242, 241, 244, 244,
    240, 242, 244, 244, 241, 242, 242, 240, 240, 242, 242, 240, 241, 241,
    241, 241, 242, 244, 242, 240, 244, 244, 242, 242, 243, 242, 241, 242,
    240, 244, 240, 243, 241, 244, 240, 242, 241, 241, 244, 244, 242, 241,
    241, 243, 244, 240, 243, 244, 244, 240, 241, 244, 240, 243, 242, 240,
    243, 242, 240, 244, 243, 240, 240 ]
RHandPositionsX: [ 155, 172, 184, 183, 188, 187, 174, 169, 164, 160, 163,
    163, 165, 180, 183, 183, 187, 177, 175, 168, 166, 161, 160, 165, 171,
    175, 172, 173, 172, 166, 163, 157, 161, 166, 169, 177, 178, 179, 180,
    171, 170, 165, 161, 158, 161, 169, 174, 180, 179, 186, 177, 173, 170,
    167, 168, 168, 169, 181, 178, 181, 182, 179, 172, 174, 169, 166, 171,
    175, 179, 184, 186, 190, 191, 187, 186, 183, 185, 182, 179, 180, 178,
    181, 178, 181, 179, 178, 179, 178 ]
RHandPositionsY: [ 92, 93, 95, 94, 95, 91, 84, 79, 78, 75, 73, 72, 80,
    82, 89, 90, 92, 83, 79, 75, 76, 78, 75, 75, 85, 92, 93, 91, 87, 87,
    84, 85, 82, 86, 84, 91, 94, 96, 93, 91, 88, 85, 86, 84, 83, 84, 91,
    98, 99, 105, 99, 94, 95, 94, 97, 95, 99, 104, 105, 111, 105, 102,
    103, 97, 101, 101, 113, 127, 138, 152, 164, 177, 187, 193, 199, 211,
    221, 225, 229, 237, 235, 237, 239, 242, 243, 239, 240, 241 ]
