%YAML:1.0
---
videoName: "RHShake24.mp4"
gestureLabel: 2
fps: 30
pixelSizeInCmTemp: 3.3732394366197183e-01
faceCenterPointX: 304
faceCenterPointY: 46
LHandPositionsX: [ 393, 390, 392, 392, 393, 391, 389, 390, 390, 392, 393,
    391, 392, 390, 390, 393, 393, 389, 393, 390, 393, 390, 389, 393, 390,
    391, 391, 393, 391, 392, 393, 391, 393, 390, 393, 390, 389, 392, 393,
    393, 389, 391, 392, 392, 391, 389, 393, 392, 389, 389, 390, 391, 392,
    389, 393, 391, 389, 392, 391, 392, 389, 391, 391, 391, 389, 389, 393,
    390, 393, 389, 389, 393, 389, 393, 391, 389, 393, 392, 390, 389, 391,
    393, 393, 393, 392, 390, 393, 392, 389, 390, 389 ]
LHandPositionsY: [ 225, 228, 227, 226, 228, 225, 228, 228, 226, 228, 228,
    226, 228, 228, 225, 226, 228, 226, 228, 228, 228, 226, 226, 227, 226,
    229, 229, 228, 228, 228, 228, 227, 225, 226, 225, 225, 228, 229, 228,
    228, 228, 226, 228, 226, 225, 228, 225, 227, 225, 228, 226, 225, 226,
    228, 227, 228, 227, 226, 226, 225, 229, 228, 229, 228, 227, 227, 226,
    227, 226, 226, 225, 228, 228, 228, 229, 227, 225, 229, 229, 229, 228,
    228, 227, 227, 225, 227, 227, 229, 226, 227, 228 ]
RHandPositionsX: [ 144, 148, 150, 148, 156, 155, 154, 150, 146, 142, 140,
    138, 142, 153, 162, 164, 160, 162, 162, 155, 150, 142, 145, 140, 141,
    148, 158, 157, 159, 158, 158, 154, 149, 145, 141, 143, 145, 154, 158,
    157, 159, 161, 156, 157, 151, 142, 139, 144, 143, 149, 160, 162, 165,
    170, 170, 163, 157, 150, 151, 146, 147, 150, 153, 162, 168, 167, 171,
    170, 173, 179, 180, 183, 186, 189, 191, 192, 193, 193, 193, 195, 196,
    193, 194, 193, 192, 195, 196, 194, 196, 193, 194 ]
RHandPositionsY: [ 96, 102, 101, 100, 103, 98, 94, 88, 85, 86, 88, 88,
    87, 102, 111, 109, 113, 114, 107, 101, 96, 94, 94, 92, 92, 99, 109,
    111, 110, 111, 109, 100, 96, 97, 92, 91, 91, 95, 104, 106, 107, 112,
    110, 103, 101, 98, 97, 93, 94, 107, 118, 119, 121, 121, 121, 104,
    101, 103, 99, 100, 95, 97, 103, 111, 116, 117, 122, 122, 131, 141,
    150, 152, 153, 157, 168, 171, 178, 188, 195, 204, 209, 208, 214, 214,
    217, 221, 221, 221, 227, 226, 228 ]
