%YAML:1.0
---
videoName: "RHShake03.mp4"
gestureLabel: 2
fps: 29
pixelSizeInCmTemp: 3.1103896103896100e-01
faceCenterPointX: 294
faceCenterPointY: 48
LHandPositionsX: [ 412, 409, 409, 412, 411, 409, 410, 410, 411, 409, 412,
    408, 409, 410, 412, 409, 408, 411, 411, 411, 409, 408, 411, 409, 412,
    410, 408, 409, 408, 408, 411, 410, 409, 408, 412, 408, 409, 411, 409,
    410, 408, 412, 408, 410, 412, 411, 410, 409, 411, 412, 409, 411, 408,
    409, 410, 409, 410, 412, 411, 411, 412, 411, 410, 412, 410, 408, 411,
    408, 410, 409, 410, 409, 411, 409, 410, 409, 409, 411, 409, 411, 410,
    407, 410, 408, 411, 408, 411, 411 ]
LHandPositionsY: [ 262, 260, 264, 264, 260, 262, 264, 260, 262, 262, 263,
    260, 262, 261, 263, 264, 261, 263, 262, 264, 260, 263, 261, 260, 263,
    262, 261, 261, 263, 261, 264, 260, 260, 264, 260, 262, 264, 260, 260,
    264, 261, 260, 264, 262, 261, 261, 263, 262, 264, 262, 260, 262, 261,
    264, 261, 263, 261, 261, 263, 260, 263, 263, 263, 262, 262, 262, 263,
    262, 260, 262, 264, 262, 264, 264, 261, 262, 261, 261, 262, 262, 262,
    260, 261, 264, 261, 264, 260, 261 ]
RHandPositionsX: [ 182, 179, 176, 177, 176, 174, 174, 174, 176, 177, 177,
    177, 174, 173, 176, 172, 174, 174, 173, 172, 175, 174, 171, 173, 172,
    175, 174, 172, 171, 170, 173, 173, 176, 170, 163, 155, 154, 147, 149,
    151, 157, 165, 181, 186, 190, 191, 183, 174, 173, 172, 172, 181, 182,
    185, 179, 178, 172, 168, 170, 175, 178, 187, 199, 209, 200, 194, 190,
    190, 184, 183, 183, 193, 201, 207, 212, 209, 199, 197, 194, 183, 184,
    181, 182, 180, 183, 179, 182, 181 ]
RHandPositionsY: [ 257, 261, 261, 258, 262, 263, 259, 262, 258, 262, 259,
    260, 258, 259, 262, 261, 260, 260, 259, 259, 260, 258, 260, 258, 260,
    262, 261, 262, 258, 262, 263, 264, 257, 240, 219, 199, 178, 157, 145,
    126, 123, 120, 119, 118, 113, 105, 102, 99, 100, 100, 103, 103, 104,
    105, 106, 102, 102, 97, 94, 97, 101, 110, 108, 110, 109, 105, 104,
    106, 100, 100, 103, 118, 129, 139, 159, 178, 201, 209, 217, 243, 239,
    243, 242, 250, 251, 255, 252, 253 ]
