%YAML:1.0
---
videoName: "RHShake09.mp4"
gestureLabel: 2
fps: 29
pixelSizeInCmTemp: 3.1103896103896100e-01
faceCenterPointX: 296
faceCenterPointY: 48
LHandPositionsX: [ 328, 327, 323, 326, 324, 322, 321, 322, 318, 319, 316,
    318, 314, 311, 310, 313, 310, 308, 312, 310, 307, 309, 306, 305, 305,
    305, 305, 308, 304, 309, 306, 309, 309, 309, 307, 310, 309, 309, 309,
    309, 309, 308, 311, 308, 312, 311, 309, 314, 314, 311, 311, 314, 313,
    311, 312, 313, 314, 314, 316, 313, 314, 317, 313, 317, 314, 314, 316,
    318, 314, 317, 314, 315, 316, 314, 313, 313, 315, 314, 314, 315, 317,
    317, 317, 318, 315, 318, 318, 316 ]
LHandPositionsY: [ 269, 267, 269, 267, 267, 271, 272, 271, 272, 271, 270,
    274, 272, 276, 271, 274, 274, 275, 275, 275, 275, 275, 273, 276, 273,
    273, 276, 272, 273, 277, 277, 274, 277, 273, 277, 273, 273, 276, 276,
    277, 275, 274, 276, 274, 275, 274, 273, 276, 275, 277, 273, 273, 276,
    277, 274, 274, 275, 274, 273, 276, 272, 272, 275, 273, 273, 274, 276,
    272, 273, 275, 272, 274, 274, 274, 273, 274, 276, 275, 273, 272, 274,
    273, 272, 275, 273, 276, 272, 274 ]
RHandPositionsX: [ 262, 263, 266, 263, 262, 263, 265, 264, 261, 262, 259,
    262, 261, 257, 257, 257, 259, 256, 256, 256, 256, 258, 255, 258, 254,
    254, 254, 257, 255, 256, 266, 264, 257, 241, 223, 202, 187, 176, 171,
    174, 173, 175, 183, 184, 184, 188, 181, 181, 178, 175, 185, 187, 189,
    202, 195, 187, 178, 175, 179, 188, 181, 184, 196, 189, 185, 182, 178,
    175, 174, 181, 183, 188, 184, 183, 180, 177, 181, 180, 183, 192, 193,
    190, 197, 201, 207, 216, 227, 238 ]
RHandPositionsY: [ 263, 266, 262, 266, 263, 268, 266, 265, 267, 265, 268,
    267, 267, 269, 269, 266, 265, 269, 265, 265, 268, 265, 266, 266, 266,
    267, 269, 265, 267, 266, 268, 259, 244, 229, 215, 199, 175, 156, 135,
    134, 117, 111, 108, 108, 108, 104, 101, 89, 87, 88, 87, 98, 96, 99,
    96, 91, 88, 90, 89, 91, 92, 95, 98, 95, 91, 87, 89, 86, 91, 95, 98,
    98, 94, 96, 93, 92, 91, 94, 99, 105, 103, 106, 121, 131, 143, 152,
    167, 186 ]
