%YAML:1.0
---
videoName: "RHShake10.mp4"
gestureLabel: 2
fps: 29
pixelSizeInCmTemp: 3.1933333333333330e-01
faceCenterPointX: 295
faceCenterPointY: 45
LHandPositionsX: [ 340, 339, 342, 342, 342, 340, 339, 337, 331, 329, 331,
    331, 330, 330, 325, 328, 325, 326, 325, 330, 326, 327, 329, 330, 328,
    330, 328, 330, 329, 326, 327, 330, 328, 330, 326, 329, 329, 329, 327,
    330, 330, 327, 326, 330, 327, 327, 329, 327, 326, 329, 328, 329, 329,
    326, 328, 327, 326, 329, 326, 326, 328, 329, 330, 330, 327, 329, 328,
    326, 329, 327, 326, 330, 328, 329, 330, 329, 328, 331, 329, 328, 331,
    331, 327, 329, 327, 328, 331, 328 ]
LHandPositionsY: [ 262, 264, 268, 267, 267, 267, 268, 268, 267, 268, 271,
    270, 269, 274, 274, 272, 270, 273, 270, 273, 272, 270, 272, 271, 272,
    272, 274, 274, 273, 273, 273, 271, 272, 271, 273, 273, 268, 272, 272,
    270, 269, 268, 270, 270, 270, 270, 269, 269, 268, 269, 271, 269, 268,
    268, 269, 269, 269, 268, 271, 270, 268, 271, 272, 272, 268, 271, 268,
    269, 271, 268, 270, 272, 271, 270, 268, 270, 269, 271, 271, 267, 267,
    269, 269, 271, 269, 272, 270, 273 ]
RHandPositionsX: [ 262, 262, 261, 259, 262, 259, 259, 261, 260, 261, 261,
    258, 258, 261, 258, 261, 258, 255, 260, 253, 238, 220, 203, 183, 168,
    156, 137, 135, 138, 135, 144, 151, 155, 160, 166, 164, 159, 158, 160,
    157, 163, 174, 180, 180, 176, 179, 171, 168, 169, 171, 175, 189, 188,
    195, 190, 182, 180, 178, 174, 180, 178, 191, 189, 191, 192, 181, 177,
    175, 174, 179, 177, 193, 195, 205, 214, 218, 225, 233, 235, 242, 251,
    253, 249, 256, 261, 260, 259, 262 ]
RHandPositionsY: [ 266, 264, 266, 265, 267, 262, 266, 266, 265, 265, 265,
    269, 265, 265, 268, 266, 267, 268, 264, 255, 241, 229, 211, 192, 172,
    152, 131, 116, 112, 98, 87, 87, 90, 87, 87, 82, 81, 79, 80, 76, 81,
    85, 89, 85, 80, 77, 78, 77, 76, 81, 83, 88, 91, 96, 88, 82, 81, 84,
    82, 83, 88, 95, 94, 93, 88, 86, 82, 82, 80, 86, 93, 107, 127, 146,
    162, 177, 196, 213, 228, 246, 260, 258, 261, 263, 265, 266, 266, 270 ]
