%YAML:1.0
---
videoName: "RHShake18.mp4"
gestureLabel: 2
fps: 30
pixelSizeInCmTemp: 3.3732394366197183e-01
faceCenterPointX: 275
faceCenterPointY: 40
LHandPositionsX: [ 375, 378, 376, 375, 378, 376, 379, 377, 379, 378, 375,
    376, 377, 378, 376, 377, 377, 377, 379, 379, 377, 376, 376, 377, 376,
    377, 375, 375, 376, 379, 375, 377, 375, 375, 376, 376, 379, 378, 376,
    375, 377, 375, 376, 377, 376, 378, 376, 376, 372, 375, 374, 368, 364,
    356, 354, 347, 337, 333, 323, 315, 302, 301, 300, 298, 295, 291, 287,
    290, 294, 296, 290, 290, 289, 289, 289, 290, 290, 291, 289, 289, 291,
    288, 288, 290, 290, 289, 289, 286, 289, 287, 286 ]
LHandPositionsY: [ 231, 232, 230, 230, 231, 229, 229, 230, 230, 231, 233,
    229, 233, 229, 231, 232, 232, 230, 230, 229, 231, 229, 232, 232, 233,
    231, 233, 229, 233, 231, 229, 233, 230, 230, 229, 233, 229, 233, 230,
    233, 232, 230, 230, 229, 233, 233, 233, 232, 230, 229, 235, 235, 240,
    238, 234, 238, 233, 234, 230, 228, 230, 230, 232, 234, 235, 235, 234,
    236, 240, 241, 241, 244, 243, 240, 240, 242, 241, 241, 242, 242, 242,
    242, 243, 239, 239, 240, 240, 243, 239, 240, 242 ]
RHandPositionsX: [ 158, 155, 152, 149, 148, 151, 154, 158, 161, 166, 164,
    164, 154, 155, 153, 151, 154, 163, 167, 167, 167, 163, 160, 160, 159,
    156, 157, 161, 162, 166, 166, 161, 156, 154, 156, 164, 174, 176, 172,
    170, 163, 161, 156, 155, 161, 167, 173, 183, 192, 197, 206, 222, 232,
    241, 254, 262, 270, 256, 251, 247, 244, 244, 241, 238, 239, 234, 237,
    236, 235, 236, 241, 240, 239, 239, 239, 236, 238, 240, 240, 237, 240,
    238, 237, 237, 238, 238, 240, 236, 236, 240, 240 ]
RHandPositionsY: [ 73, 72, 68, 68, 67, 69, 69, 71, 70, 72, 70, 68, 68,
    66, 65, 69, 68, 71, 73, 70, 74, 69, 68, 67, 68, 71, 72, 74, 79, 76,
    75, 74, 74, 74, 76, 78, 94, 93, 93, 91, 90, 88, 86, 83, 83, 88, 99,
    100, 110, 122, 135, 141, 154, 164, 172, 184, 188, 192, 195, 197, 202,
    205, 206, 213, 212, 216, 219, 218, 224, 223, 229, 225, 228, 227, 224,
    227, 227, 226, 228, 227, 226, 227, 225, 228, 225, 227, 228, 226, 226,
    225, 224 ]
