%YAML:1.0
---
videoName: "RHShake20.mp4"
gestureLabel: 2
fps: 29
pixelSizeInCmTemp: 3.3263888888888887e-01
faceCenterPointX: 286
faceCenterPointY: 45
LHandPositionsX: [ 391, 390, 393, 394, 392, 394, 392, 390, 394, 394, 391,
    394, 392, 391, 393, 390, 394, 391, 391, 391, 392, 390, 394, 392, 390,
    392, 392, 390, 390, 390, 390, 394, 390, 391, 391, 391, 394, 390, 392,
    390, 393, 394, 393, 392, 394, 394, 394, 394, 392, 394, 394, 390, 392,
    394, 390, 390, 393, 392, 393, 391, 391, 394, 393, 393, 394, 393, 393,
    392, 394, 392, 392, 394, 393, 394, 390, 393, 394, 391, 393, 394, 393,
    390, 394, 392, 392, 393, 391, 392 ]
LHandPositionsY: [ 244, 245, 245, 244, 245, 245, 244, 243, 243, 243, 243,
    243, 243, 240, 241, 240, 239, 243, 241, 243, 242, 242, 239, 241, 241,
    239, 243, 239, 239, 243, 240, 242, 240, 241, 239, 242, 241, 241, 239,
    239, 243, 241, 241, 239, 240, 241, 239, 243, 239, 242, 240, 241, 239,
    241, 241, 239, 241, 243, 240, 239, 240, 242, 243, 239, 239, 243, 241,
    242, 242, 243, 243, 240, 242, 242, 239, 242, 239, 239, 239, 242, 242,
    239, 240, 241, 241, 243, 239, 241 ]
RHandPositionsX: [ 165, 163, 161, 154, 155, 153, 151, 157, 156, 159, 161,
    159, 160, 155, 154, 152, 150, 148, 160, 162, 163, 163, 158, 154, 152,
    152, 152, 153, 160, 162, 164, 163, 157, 152, 157, 155, 151, 148, 158,
    167, 167, 165, 164, 160, 158, 154, 151, 150, 158, 160, 167, 167, 168,
    169, 167, 169, 166, 163, 162, 158, 163, 170, 173, 179, 180, 185, 184,
    188, 186, 185, 185, 184, 182, 178, 180, 177, 180, 181, 177, 179, 178,
    179, 177, 179, 177, 176, 177, 179 ]
RHandPositionsY: [ 112, 109, 103, 103, 102, 98, 98, 100, 100, 100, 104,
    102, 99, 99, 99, 95, 98, 106, 113, 112, 116, 117, 112, 109, 109, 106,
    106, 107, 119, 117, 118, 112, 109, 108, 109, 105, 103, 106, 112, 123,
    124, 121, 124, 120, 116, 113, 113, 112, 111, 119, 123, 123, 125, 126,
    125, 120, 118, 117, 114, 110, 119, 125, 131, 138, 144, 154, 166, 177,
    183, 191, 199, 210, 221, 228, 231, 234, 239, 241, 241, 240, 243, 243,
    246, 245, 243, 244, 247, 243 ]
