%YAML:1.0
---
videoName: "RHShake16.mp4"
gestureLabel: 2
fps: 29
pixelSizeInCmTemp: 3.2808219178082193e-01
faceCenterPointX: 281
faceCenterPointY: 44
LHandPositionsX: [ 373, 372, 371, 369, 373, 370, 372, 372, 373, 369, 372,
    371, 370, 370, 369, 372, 372, 372, 370, 371, 369, 370, 369, 369, 369,
    370, 369, 372, 371, 372, 369, 373, 372, 372, 370, 370, 369, 371, 369,
    370, 371, 370, 371, 372, 371, 371, 372, 371, 372, 370, 371, 370, 373,
    369, 372, 369, 372, 370, 372, 371, 373, 371, 370, 369, 369, 372, 372,
    372, 371, 373, 373, 370, 373, 369, 371, 370, 372, 371, 372, 369, 369,
    370, 372, 370, 370, 373, 373, 373 ]
LHandPositionsY: [ 232, 230, 231, 230, 233, 231, 233, 234, 230, 234, 233,
    232, 232, 232, 230, 233, 234, 234, 232, 231, 234, 230, 231, 234, 233,
    234, 231, 233, 231, 230, 232, 231, 233, 230, 234, 232, 230, 233, 232,
    234, 232, 233, 231, 233, 234, 230, 234, 230, 234, 233, 232, 231, 231,
    229, 229, 229, 231, 229, 232, 231, 231, 229, 231, 233, 233, 230, 232,
    229, 229, 231, 229, 231, 231, 232, 229, 229, 231, 230, 230, 233, 231,
    229, 233, 229, 233, 231, 233, 233 ]
RHandPositionsX: [ 168, 171, 170, 167, 168, 168, 169, 170, 171, 168, 167,
    168, 169, 168, 168, 169, 171, 169, 162, 157, 154, 147, 138, 130, 126,
    125, 119, 123, 123, 121, 125, 129, 138, 140, 143, 140, 139, 137, 139,
    139, 143, 144, 151, 150, 150, 149, 148, 146, 144, 145, 148, 151, 150,
    150, 146, 144, 148, 145, 145, 150, 154, 155, 154, 151, 156, 152, 150,
    153, 151, 162, 166, 172, 173, 178, 179, 175, 175, 172, 170, 171, 169,
    170, 172, 169, 171, 168, 169, 170 ]
RHandPositionsY: [ 267, 265, 266, 269, 269, 269, 266, 267, 267, 266, 268,
    265, 265, 269, 265, 267, 266, 264, 254, 244, 219, 199, 179, 158, 143,
    132, 114, 115, 110, 104, 108, 103, 101, 97, 94, 92, 94, 91, 89, 88,
    91, 88, 90, 88, 87, 85, 86, 86, 85, 85, 90, 89, 87, 87, 88, 86, 86,
    85, 88, 91, 92, 89, 90, 88, 88, 87, 88, 96, 101, 120, 132, 145, 162,
    171, 182, 190, 197, 203, 210, 218, 225, 223, 223, 233, 235, 234, 238,
    239 ]
