%YAML:1.0
---
videoName: "RHShake11.mp4"
gestureLabel: 2
fps: 29
pixelSizeInCmTemp: 3.3263888888888887e-01
faceCenterPointX: 274
faceCenterPointY: 53
LHandPositionsX: [ 311, 307, 310, 308, 310, 307, 309, 310, 309, 308, 308,
    307, 311, 308, 310, 310, 310, 309, 310, 309, 307, 308, 310, 309, 308,
    311, 308, 310, 308, 311, 308, 307, 310, 308, 307, 308, 309, 308, 310,
    308, 307, 311, 308, 307, 308, 308, 310, 310, 308, 310, 309, 309, 307,
    307, 308, 307, 310, 311, 311, 307, 307, 310, 308, 311, 311, 307, 310,
    311, 307, 311, 310, 309, 311, 311, 308, 306, 308, 307, 307, 305, 306,
    307, 303, 305, 303, 306, 307, 305 ]
LHandPositionsY: [ 245, 247, 249, 245, 248, 245, 245, 248, 248, 246, 246,
    248, 245, 249, 245, 245, 246, 245, 249, 248, 249, 249, 248, 248, 245,
    249, 245, 248, 248, 248, 247, 249, 245, 248, 245, 247, 247, 249, 247,
    246, 245, 246, 246, 246, 248, 247, 246, 245, 246, 248, 245, 246, 249,
    247, 245, 245, 248, 248, 247, 249, 248, 249, 245, 247, 246, 245, 247,
    248, 247, 248, 246, 245, 243, 247, 242, 244, 246, 245, 244, 247, 246,
    246, 247, 247, 247, 243, 244, 244 ]
RHandPositionsX: [ 249, 247, 247, 244, 235, 228, 210, 190, 176, 160, 149,
    140, 146, 145, 152, 158, 162, 163, 171, 171, 171, 164, 155, 154, 154,
    154, 159, 168, 170, 169, 168, 167, 163, 159, 155, 155, 154, 151, 157,
    166, 169, 170, 171, 171, 163, 160, 160, 157, 157, 157, 166, 171, 176,
    176, 176, 179, 171, 167, 167, 165, 161, 158, 162, 164, 169, 183, 192,
    206, 218, 229, 242, 247, 257, 258, 264, 259, 258, 261, 261, 261, 259,
    261, 261, 259, 260, 259, 260, 259 ]
RHandPositionsY: [ 249, 245, 249, 240, 229, 218, 206, 192, 175, 163, 140,
    126, 128, 112, 102, 103, 105, 103, 101, 100, 104, 99, 100, 95, 93,
    94, 97, 100, 99, 100, 100, 99, 98, 94, 94, 95, 94, 98, 101, 103, 103,
    103, 103, 102, 101, 102, 97, 100, 96, 100, 100, 106, 105, 105, 107,
    107, 103, 103, 98, 99, 99, 102, 104, 109, 116, 130, 145, 157, 171,
    188, 201, 214, 220, 231, 238, 237, 236, 236, 241, 242, 238, 240, 242,
    239, 240, 239, 238, 240 ]
