%YAML:1.0
---
videoName: "RHShake23.mp4"
gestureLabel: 2
fps: 29
pixelSizeInCmTemp: 3.3263888888888887e-01
faceCenterPointX: 298
faceCenterPointY: 49
LHandPositionsX: [ 389, 387, 388, 388, 391, 390, 390, 389, 389, 390, 390,
    387, 389, 388, 388, 387, 390, 390, 390, 388, 388, 390, 387, 390, 389,
    389, 387, 391, 390, 389, 388, 388, 391, 387, 389, 389, 390, 388, 388,
    387, 391, 389, 391, 391, 388, 390, 391, 388, 391, 387, 387, 391, 387,
    387, 387, 389, 388, 389, 389, 389, 391, 391, 390, 389, 391, 387, 387,
    388, 390, 391, 387, 388, 390, 391, 390, 389, 390, 388, 389, 387, 391,
    391, 389, 389, 391, 390, 389, 391 ]
LHandPositionsY: [ 225, 224, 224, 227, 224, 226, 228, 227, 225, 227, 227,
    227, 227, 225, 227, 227, 225, 225, 227, 225, 228, 224, 227, 224, 227,
    226, 225, 226, 225, 228, 228, 226, 228, 226, 225, 225, 225, 226, 224,
    226, 226, 224, 225, 226, 224, 225, 224, 227, 225, 226, 226, 224, 225,
    225, 228, 228, 227, 226, 226, 225, 228, 224, 225, 228, 228, 224, 227,
    228, 228, 227, 225, 227, 225, 225, 225, 228, 228, 225, 228, 224, 227,
    227, 227, 225, 227, 226, 224, 228 ]
RHandPositionsX: [ 170, 170, 178, 188, 190, 186, 192, 188, 181, 179, 172,
    173, 173, 179, 188, 195, 196, 198, 197, 193, 183, 184, 177, 175, 173,
    169, 173, 180, 193, 203, 198, 200, 200, 195, 194, 183, 183, 179, 180,
    182, 188, 198, 200, 204, 204, 201, 197, 188, 186, 178, 174, 177, 180,
    185, 195, 201, 203, 211, 208, 211, 211, 208, 207, 209, 211, 209, 206,
    205, 203, 204, 205, 205, 204, 202, 202, 203, 202, 201, 202, 200, 201,
    198, 202, 198, 199, 197, 198, 199 ]
RHandPositionsY: [ 98, 93, 98, 112, 115, 114, 118, 113, 102, 101, 100,
    102, 97, 101, 115, 123, 125, 122, 127, 112, 101, 100, 102, 100, 96,
    97, 94, 97, 118, 124, 120, 125, 125, 107, 106, 106, 103, 101, 102,
    102, 113, 122, 120, 121, 126, 127, 124, 110, 105, 106, 103, 103, 102,
    119, 128, 133, 141, 147, 148, 155, 160, 165, 171, 180, 191, 199, 210,
    215, 215, 213, 219, 220, 223, 221, 226, 225, 225, 226, 228, 225, 226,
    224, 225, 227, 227, 225, 224, 224 ]
