%YAML:1.0
---
videoName: "RHShake04.mp4"
gestureLabel: 2
fps: 29
pixelSizeInCmTemp: 3.1513157894736843e-01
faceCenterPointX: 292
faceCenterPointY: 47
LHandPositionsX: [ 411, 411, 411, 411, 409, 411, 412, 409, 409, 412, 411,
    409, 412, 409, 411, 411, 410, 408, 410, 408, 409, 410, 406, 410, 409,
    406, 407, 409, 405, 406, 406, 405, 409, 407, 409, 405, 405, 409, 408,
    408, 406, 405, 407, 406, 405, 407, 405, 409, 409, 406, 405, 409, 405,
    405, 405, 408, 405, 408, 405, 407, 405, 406, 407, 406, 406, 404, 407,
    405, 405, 404, 403, 405, 403, 403, 402, 405, 406, 405, 404, 401, 403,
    404, 404, 405, 404, 402, 402, 404 ]
LHandPositionsY: [ 263, 265, 266, 262, 266, 263, 264, 265, 264, 262, 263,
    262, 263, 263, 262, 262, 265, 264, 264, 264, 261, 263, 261, 263, 264,
    263, 264, 262, 261, 264, 263, 262, 264, 263, 262, 261, 263, 264, 260,
    264, 263, 263, 260, 262, 264, 262, 261, 262, 264, 263, 261, 261, 260,
    264, 264, 261, 264, 262, 264, 260, 262, 263, 259, 260, 262, 259, 259,
    262, 260, 258, 259, 262, 262, 258, 260, 260, 258, 260, 261, 261, 260,
    258, 260, 257, 260, 260, 261, 258 ]
RHandPositionsX: [ 181, 181, 183, 179, 179, 181, 182, 179, 181, 178, 181,
    179, 179, 179, 176, 179, 177, 178, 177, 175, 175, 178, 180, 182, 180,
    174, 172, 165, 161, 164, 164, 165, 180, 190, 194, 192, 188, 179, 175,
    171, 168, 168, 173, 174, 176, 176, 181, 174, 166, 165, 168, 171, 175,
    177, 177, 178, 176, 172, 171, 173, 169, 174, 179, 185, 196, 191, 182,
    180, 173, 171, 169, 171, 174, 178, 187, 192, 192, 190, 189, 190, 189,
    187, 187, 177, 174, 173, 175, 174 ]
RHandPositionsY: [ 265, 266, 268, 268, 265, 262, 265, 267, 268, 269, 267,
    266, 267, 269, 269, 270, 268, 269, 267, 271, 269, 273, 265, 247, 221,
    193, 169, 147, 126, 122, 119, 105, 98, 99, 102, 99, 98, 95, 94, 91,
    89, 92, 93, 97, 97, 96, 93, 93, 93, 92, 93, 95, 100, 96, 100, 99, 94,
    97, 94, 93, 90, 96, 98, 96, 97, 96, 95, 93, 93, 92, 96, 97, 99, 105,
    120, 133, 143, 152, 164, 178, 195, 209, 222, 227, 234, 247, 247, 251 ]
