%YAML:1.0
---
videoName: "RHShake17.mp4"
gestureLabel: 2
fps: 29
pixelSizeInCmTemp: 3.3732394366197183e-01
faceCenterPointX: 282
faceCenterPointY: 40
LHandPositionsX: [ 305, 307, 305, 307, 308, 307, 308, 305, 308, 305, 306,
    305, 307, 309, 309, 309, 309, 309, 305, 309, 307, 305, 307, 306, 307,
    307, 309, 307, 305, 309, 309, 306, 309, 307, 308, 308, 306, 309, 309,
    307, 307, 310, 308, 309, 307, 306, 309, 309, 309, 309, 312, 311, 309,
    308, 310, 309, 308, 307, 308, 308, 311, 308, 310, 307, 309, 310, 311,
    307, 307, 308, 311, 309, 310, 309, 309, 309, 310, 308, 309, 306, 305,
    308, 306, 307, 308, 306, 307, 307 ]
LHandPositionsY: [ 231, 231, 232, 233, 235, 235, 232, 232, 234, 231, 234,
    233, 231, 232, 233, 232, 232, 233, 231, 235, 232, 235, 233, 233, 233,
    231, 235, 231, 235, 231, 235, 235, 231, 231, 235, 235, 235, 232, 234,
    234, 233, 235, 231, 234, 232, 235, 234, 231, 232, 234, 234, 233, 232,
    235, 231, 233, 233, 232, 234, 232, 233, 233, 234, 235, 231, 233, 233,
    232, 233, 234, 232, 233, 233, 231, 234, 235, 234, 232, 235, 233, 231,
    234, 231, 231, 235, 233, 234, 232 ]
RHandPositionsX: [ 210, 194, 174, 159, 138, 144, 142, 149, 142, 140, 144,
    152, 157, 151, 148, 147, 141, 140, 142, 146, 162, 158, 157, 150, 152,
    146, 147, 142, 147, 154, 152, 159, 158, 157, 151, 146, 141, 142, 136,
    153, 153, 152, 154, 159, 154, 151, 148, 152, 156, 157, 170, 171, 166,
    161, 161, 159, 149, 152, 148, 151, 152, 165, 172, 178, 175, 176, 178,
    175, 173, 168, 175, 173, 171, 171, 167, 167, 170, 171, 170, 170, 167,
    167, 167, 167, 169, 167, 169, 167 ]
RHandPositionsY: [ 203, 187, 166, 148, 126, 109, 106, 105, 96, 92, 98,
    92, 84, 78, 74, 71, 71, 67, 71, 72, 79, 74, 74, 70, 70, 68, 69, 69,
    64, 67, 69, 68, 66, 64, 66, 63, 65, 66, 68, 82, 79, 80, 78, 77, 76,
    73, 73, 73, 71, 75, 91, 91, 83, 81, 77, 76, 78, 78, 79, 82, 91, 107,
    120, 133, 148, 161, 168, 182, 188, 196, 206, 217, 223, 228, 235, 235,
    239, 241, 237, 242, 242, 244, 242, 243, 240, 245, 247, 242 ]
