%YAML:1.0
---
videoName: "RHShake13.mp4"
gestureLabel: 2
fps: 30
pixelSizeInCmTemp: 3.2808219178082193e-01
faceCenterPointX: 278
faceCenterPointY: 45
LHandPositionsX: [ 305, 305, 305, 305, 305, 305, 305, 307, 306, 309, 306,
    308, 309, 305, 309, 306, 307, 305, 309, 307, 307, 305, 307, 305, 307,
    309, 307, 306, 305, 309, 307, 308, 309, 306, 308, 309, 306, 309, 307,
    307, 305, 307, 309, 306, 306, 309, 305, 308, 309, 308, 305, 309, 308,
    306, 305, 305, 307, 306, 305, 307, 305, 306, 305, 309, 308, 309, 309,
    308, 307, 308, 308, 309, 307, 310, 308, 309, 307, 307, 308, 308, 303,
    303, 304, 304, 304, 303, 303, 307, 304, 306, 304 ]
LHandPositionsY: [ 242, 245, 242, 244, 243, 243, 244, 244, 243, 244, 242,
    244, 245, 244, 240, 241, 241, 241, 241, 241, 240, 239, 240, 242, 243,
    242, 241, 240, 240, 239, 243, 243, 242, 240, 243, 243, 241, 241, 238,
    242, 240, 241, 239, 238, 240, 240, 238, 240, 238, 242, 240, 238, 242,
    238, 242, 238, 238, 238, 241, 241, 238, 242, 239, 238, 241, 242, 241,
    242, 241, 241, 238, 239, 241, 239, 235, 237, 235, 233, 232, 233, 235,
    232, 235, 236, 238, 243, 243, 243, 244, 247, 243 ]
RHandPositionsX: [ 165, 153, 138, 141, 143, 139, 142, 143, 146, 146, 148,
    146, 139, 136, 133, 140, 142, 144, 144, 144, 139, 131, 129, 132, 132,
    131, 135, 140, 141, 138, 136, 132, 130, 130, 132, 136, 138, 134, 135,
    135, 136, 135, 135, 135, 137, 145, 151, 148, 145, 146, 141, 139, 136,
    139, 138, 139, 139, 142, 141, 136, 134, 133, 132, 135, 137, 142, 142,
    144, 155, 160, 168, 176, 189, 199, 211, 227, 239, 245, 251, 251, 249,
    252, 258, 260, 260, 259, 261, 259, 261, 258, 261 ]
RHandPositionsY: [ 157, 137, 120, 119, 113, 109, 103, 101, 96, 95, 93,
    91, 86, 87, 88, 89, 88, 87, 89, 85, 88, 86, 87, 88, 87, 89, 88, 88,
    88, 92, 89, 89, 87, 90, 88, 92, 92, 90, 92, 92, 89, 91, 87, 87, 92,
    97, 94, 95, 96, 93, 92, 92, 94, 96, 94, 97, 101, 100, 100, 101, 96,
    94, 98, 99, 98, 105, 109, 110, 121, 125, 135, 143, 155, 167, 175,
    186, 196, 210, 213, 216, 215, 219, 226, 237, 235, 237, 237, 238, 240,
    241, 240 ]
