%YAML:1.0
---
videoName: "RHShake16.mp4"
gestureLabel: 2
fps: 29
pixelSizeInCmTemp: 3.2808219178082193e-01
faceCenterPointX: 281
faceCenterPointY: 44
LHandPositionsX: [ 369, 372, 372, 369, 369, 372, 373, 369, 371, 373, 369,
    372, 372, 373, 370, 371, 373, 370, 369, 371, 369, 373, 371, 371, 371,
    369, 371, 372, 370, 372, 373, 372, 369, 369, 370, 372, 371, 372, 372,
    371, 373, 369, 369, 369, 373, 373, 370, 371, 373, 373, 369, 369, 371,
    370, 369, 369, 370, 369, 369, 372, 370, 369, 370, 373, 370, 370, 373,
    371, 370, 372, 371, 369, 372, 370, 372, 370, 372, 370, 370, 371, 370,
    370, 369, 371, 371, 369, 369, 370 ]
LHandPositionsY: [ 231, 230, 234, 231, 234, 230, 232, 230, 233, 230, 232,
    232, 232, 230, 231, 232, 234, 230, 234, 233, 234, 232, 231, 230, 233,
    230, 231, 230, 234, 233, 232, 233, 231, 232, 232, 233, 231, 231, 230,
    234, 230, 232, 234, 232, 231, 233, 234, 234, 234, 234, 230, 233, 230,
    232, 229, 230, 230, 232, 230, 229, 231, 232, 232, 231, 231, 233, 230,
    232, 230, 230, 229, 233, 233, 231, 232, 229, 232, 231, 233, 229, 230,
    232, 233, 229, 230, 231, 231, 232 ]
RHandPositionsX: [ 171, 170, 170, 167, 169, 170, 169, 171, 170, 168, 170,
    168, 167, 169, 170, 168, 170, 168, 165, 153, 155, 147, 140, 131, 124,
    121, 116, 122, 123, 121, 129, 129, 139, 139, 145, 142, 136, 136, 136,
    137, 141, 145, 151, 150, 149, 145, 148, 146, 145, 149, 151, 151, 150,
    148, 148, 144, 148, 143, 146, 152, 152, 159, 154, 152, 155, 152, 148,
    150, 152, 159, 164, 172, 172, 175, 179, 172, 176, 173, 170, 172, 169,
    168, 172, 171, 170, 168, 170, 172 ]
RHandPositionsY: [ 265, 266, 269, 269, 267, 266, 268, 268, 269, 269, 269,
    268, 266, 269, 268, 265, 267, 263, 255, 243, 220, 199, 176, 160, 146,
    131, 117, 117, 112, 104, 108, 102, 99, 95, 97, 92, 90, 91, 88, 90,
    91, 88, 92, 88, 88, 85, 87, 84, 87, 87, 89, 86, 89, 85, 85, 86, 88,
    88, 86, 90, 92, 88, 91, 86, 88, 90, 91, 95, 101, 119, 132, 146, 160,
    173, 186, 189, 196, 203, 210, 219, 221, 225, 223, 235, 235, 234, 238,
    238 ]
