%YAML:1.0
---
videoName: "RHShake19.mp4"
gestureLabel: 2
fps: 29
pixelSizeInCmTemp: 3.2808219178082193e-01
faceCenterPointX: 283
faceCenterPointY: 48
LHandPositionsX: [ 390, 390, 392, 392, 390, 390, 390, 388, 389, 390, 389,
    389, 390, 391, 390, 390, 391, 392, 389, 389, 391, 391, 391, 388, 391,
    392, 392, 388, 389, 390, 389, 389, 389, 392, 392, 388, 389, 389, 392,
    390, 388, 390, 391, 392, 389, 390, 389, 391, 388, 390, 388, 390, 391,
    390, 390, 392, 390, 392, 390, 388, 392, 388, 392, 389, 390, 392, 389,
    388, 392, 392, 389, 391, 391, 388, 390, 392, 389, 390, 390, 389, 390,
    388, 390, 390, 391, 390, 390, 388 ]
LHandPositionsY: [ 244, 244, 240, 242, 243, 242, 241, 243, 241, 241, 240,
    243, 243, 242, 244, 244, 244, 243, 240, 243, 240, 242, 240, 244, 244,
    240, 240, 241, 242, 241, 240, 243, 241, 244, 243, 243, 240, 242, 242,
    243, 243, 240, 244, 241, 244, 240, 243, 244, 242, 242, 242, 242, 241,
    244, 241, 240, 241, 244, 241, 240, 240, 242, 242, 243, 242, 244, 241,
    240, 242, 244, 243, 240, 241, 241, 240, 242, 244, 242, 240, 244, 243,
    243, 240, 244, 240, 243, 242, 244 ]
RHandPositionsX: [ 158, 175, 182, 184, 187, 185, 176, 172, 164, 160, 161,
    164, 166, 176, 183, 181, 186, 179, 173, 172, 164, 162, 162, 167, 169,
    176, 176, 171, 169, 164, 162, 161, 158, 163, 171, 179, 178, 177, 180,
    174, 167, 162, 165, 161, 163, 166, 178, 179, 179, 184, 177, 176, 171,
    168, 169, 171, 168, 177, 180, 179, 179, 180, 172, 170, 169, 165, 172,
    176, 178, 181, 189, 190, 188, 188, 186, 183, 184, 183, 180, 181, 178,
    179, 182, 179, 179, 180, 181, 179 ]
RHandPositionsY: [ 88, 94, 95, 95, 93, 92, 84, 83, 79, 76, 76, 72, 80,
    82, 90, 88, 91, 83, 78, 75, 79, 78, 74, 74, 84, 89, 91, 89, 87, 85,
    86, 85, 78, 84, 86, 88, 97, 94, 96, 93, 87, 86, 84, 84, 85, 86, 94,
    96, 103, 101, 102, 97, 95, 94, 97, 96, 99, 104, 108, 110, 104, 100,
    102, 100, 100, 100, 110, 126, 136, 149, 162, 176, 189, 191, 200, 211,
    217, 226, 232, 239, 235, 235, 240, 243, 240, 240, 242, 242 ]
