%YAML:1.0
---
videoName: "RHShake24.mp4"
gestureLabel: 2
fps: 30
pixelSizeInCmTemp: 3.3732394366197183e-01
faceCenterPointX: 304
faceCenterPointY: 46
LHandPositionsX: [ 390, 389, 390, 389, 393, 391, 390, 392, 392, 390, 390,
    389, 393, 392, 391, 390, 392, 393, 389, 389, 389, 393, 393, 391, 392,
    392, 389, 390, 391, 389, 392, 392, 391, 393, 390, 393, 393, 390, 389,
    389, 393, 389, 392, 391, 390, 389, 391, 393, 391, 390, 393, 389, 393,
    390, 393, 393, 393, 389, 392, 390, 390, 391, 391, 391, 391, 391, 392,
    392, 389, 390, 389, 390, 390, 391, 390, 392, 392, 393, 392, 392, 392,
    391, 390, 390, 390, 392, 390, 393, 392, 391, 390 ]
LHandPositionsY: [ 226, 228, 225, 226, 227, 226, 228, 225, 226, 227, 229,
    228, 228, 228, 228, 229, 225, 229, 229, 225, 229, 225, 228, 228, 229,
    225, 227, 228, 227, 228, 225, 228, 225, 226, 229, 228, 229, 226, 226,
    227, 227, 227, 226, 227, 228, 229, 225, 227, 225, 227, 229, 227, 226,
    229, 227, 227, 226, 226, 229, 225, 229, 226, 227, 228, 226, 227, 228,
    228, 226, 226, 225, 227, 227, 228, 227, 225, 229, 227, 225, 228, 229,
    225, 228, 227, 225, 225, 227, 229, 226, 227, 227 ]
RHandPositionsX: [ 143, 149, 152, 149, 155, 157, 155, 150, 148, 139, 137,
    138, 144, 154, 164, 161, 161, 163, 162, 155, 151, 142, 143, 140, 140,
    148, 157, 160, 158, 161, 155, 157, 149, 147, 140, 141, 147, 154, 157,
    156, 159, 161, 157, 153, 148, 142, 142, 140, 141, 149, 163, 165, 167,
    170, 168, 162, 160, 153, 150, 148, 148, 148, 150, 163, 166, 169, 168,
    173, 176, 176, 181, 183, 186, 186, 187, 191, 195, 191, 193, 195, 194,
    195, 194, 193, 194, 193, 193, 196, 194, 195, 195 ]
RHandPositionsY: [ 98, 101, 99, 97, 104, 100, 95, 92, 86, 88, 85, 88, 84,
    98, 112, 111, 113, 114, 106, 102, 99, 98, 95, 92, 91, 102, 111, 112,
    112, 115, 106, 100, 97, 95, 93, 93, 89, 97, 104, 109, 107, 115, 109,
    103, 102, 100, 99, 97, 93, 111, 121, 120, 119, 120, 118, 107, 101,
    101, 100, 101, 96, 98, 105, 111, 113, 117, 122, 123, 130, 139, 150,
    150, 152, 160, 166, 173, 177, 188, 195, 202, 208, 210, 211, 216, 217,
    218, 219, 222, 225, 225, 227 ]
