%YAML:1.0
---
videoName: "RHShake24.mp4"
gestureLabel: 2
fps: 30
pixelSizeInCmTemp: 3.3732394366197183e-01
faceCenterPointX: 304
faceCenterPointY: 46
LHandPositionsX: [ 392, 391, 392, 390, 392, 390, 392, 390, 389, 391, 393,
    390, 391, 391, 389, 391, 389, 392, 391, 391, 392, 389, 393, 390, 390,
    390, 393, 391, 393, 389, 393, 390, 391, 390, 392, 389, 393, 390, 390,
    389, 391, 392, 391, 390, 390, 389, 389, 391, 391, 392, 393, 392, 389,
    393, 393, 392, 390, 393, 393, 392, 391, 390, 393, 392, 390, 389, 390,
    389, 392, 391, 389, 389, 392, 389, 390, 390, 392, 392, 393, 391, 393,
    390, 392, 393, 392, 390, 392, 391, 390, 389, 390 ]
LHandPositionsY: [ 228, 229, 228, 226, 229, 228, 227, 229, 228, 226, 229,
    226, 229, 228, 226, 227, 225, 229, 225, 229, 227, 228, 229, 229, 229,
    227, 228, 229, 228, 226, 227, 229, 228, 225, 229, 229, 225, 228, 226,
    229, 226, 227, 226, 229, 228, 228, 228, 226, 229, 225, 227, 226, 225,
    228, 226, 228, 227, 226, 225, 227, 226, 227, 228, 228, 229, 226, 229,
    225, 228, 228, 229, 226, 227, 227, 227, 225, 227, 228, 229, 229, 228,
    226, 229, 228, 229, 225, 229, 229, 228, 226, 225 ]
RHandPositionsX: [ 141, 149, 152, 149, 156, 154, 151, 151, 144, 140, 139,
    138, 142, 154, 160, 162, 161, 163, 158, 157, 150, 143, 142, 139, 141,
    149, 156, 157, 161, 157, 155, 156, 149, 143, 142, 141, 145, 153, 156,
    160, 159, 165, 157, 157, 150, 143, 142, 144, 144, 150, 163, 163, 168,
    172, 170, 166, 158, 150, 150, 146, 148, 150, 151, 163, 164, 168, 172,
    171, 176, 177, 179, 179, 186, 188, 191, 193, 193, 192, 192, 194, 192,
    192, 193, 193, 195, 192, 193, 195, 194, 194, 196 ]
RHandPositionsY: [ 97, 104, 102, 99, 105, 99, 95, 88, 88, 89, 84, 87, 84,
    100, 112, 109, 110, 113, 106, 103, 95, 97, 95, 95, 93, 99, 112, 112,
    111, 114, 106, 101, 97, 96, 92, 93, 89, 94, 103, 108, 108, 112, 106,
    102, 98, 98, 99, 96, 95, 108, 119, 119, 122, 123, 117, 107, 102, 100,
    101, 97, 95, 95, 103, 113, 113, 118, 118, 123, 131, 141, 150, 152,
    151, 157, 168, 174, 176, 187, 196, 205, 209, 209, 212, 216, 218, 221,
    221, 224, 227, 225, 229 ]
