%YAML:1.0
---
videoName: "RHShake21.mp4"
gestureLabel: 2
fps: 29
pixelSizeInCmTemp: 3.3732394366197183e-01
faceCenterPointX: 293
faceCenterPointY: 47
LHandPositionsX: [ 394, 394, 395, 394, 398, 398, 395, 396, 396, 398, 396,
    398, 397, 395, 396, 398, 397, 394, 397, 398, 398, 396, 396, 394, 396,
    394, 396, 394, 394, 396, 394, 394, 398, 396, 397, 396, 395, 398, 394,
    397, 396, 398, 395, 395, 395, 398, 396, 397, 394, 398, 396, 395, 395,
    398, 397, 395, 398, 395, 395, 396, 395, 394, 397, 395, 397, 396, 397,
    394, 397, 398, 397, 398, 394, 398, 394, 398, 396, 395, 397, 398, 397,
    395, 398, 398, 397, 394, 397, 394 ]
LHandPositionsY: [ 240, 238, 239, 241, 242, 238, 239, 241, 238, 238, 241,
    239, 242, 241, 238, 241, 239, 242, 238, 240, 238, 242, 242, 241, 240,
    240, 242, 242, 241, 240, 241, 239, 240, 241, 239, 238, 238, 242, 239,
    239, 238, 238, 240, 241, 242, 242, 241, 239, 240, 240, 240, 239, 239,
    238, 242, 242, 238, 240, 241, 240, 241, 240, 240, 238, 238, 240, 240,
    239, 238, 238, 242, 239, 240, 238, 239, 242, 241, 242, 241, 242, 239,
    242, 238, 239, 242, 239, 239, 238 ]
RHandPositionsX: [ 134, 140, 140, 145, 147, 144, 146, 139, 138, 133, 133,
    139, 146, 150, 147, 147, 146, 145, 137, 136, 133, 135, 140, 147, 147,
    150, 151, 149, 147, 146, 141, 138, 139, 140, 142, 147, 150, 150, 150,
    145, 141, 135, 137, 136, 139, 141, 146, 146, 149, 149, 148, 145, 138,
    137, 132, 134, 138, 147, 154, 164, 168, 179, 177, 179, 184, 182, 189,
    189, 185, 189, 192, 191, 187, 190, 189, 188, 186, 186, 185, 185, 189,
    189, 185, 187, 189, 187, 188, 186 ]
RHandPositionsY: [ 81, 85, 87, 89, 89, 84, 85, 83, 80, 81, 80, 86, 87,
    89, 93, 92, 89, 86, 83, 86, 86, 83, 82, 89, 87, 91, 91, 91, 91, 89,
    87, 84, 85, 83, 87, 89, 90, 92, 95, 90, 89, 85, 85, 87, 82, 91, 99,
    98, 97, 96, 96, 96, 93, 95, 90, 92, 93, 103, 117, 126, 140, 152, 152,
    150, 159, 168, 177, 191, 201, 208, 214, 213, 220, 224, 226, 228, 225,
    227, 231, 230, 230, 229, 231, 231, 227, 227, 230, 227 ]
