%YAML:1.0
---
videoName: "RHShake18.mp4"
gestureLabel: 2
fps: 30
pixelSizeInCmTemp: 3.3732394366197183e-01
faceCenterPointX: 275
faceCenterPointY: 40
LHandPositionsX: [ 376, 376, 378, 379, 375, 375, 379, 375, 375, 376, 375,
    379, 375, 377, 379, 379, 377, 379, 375, 379, 376, 377, 379, 379, 375,
    375, 379, 379, 375, 375, 377, 379, 377, 376, 379, 377, 379, 377, 379,
    376, 378, 377, 379, 379, 377, 376, 378, 374, 375, 374, 371, 371, 366,
    356, 350, 346, 336, 335, 323, 317, 303, 300, 300, 302, 298, 290, 289,
    291, 294, 295, 293, 292, 290, 293, 292, 291, 289, 288, 292, 288, 287,
    287, 288, 287, 286, 287, 289, 289, 287, 289, 289 ]
LHandPositionsY: [ 229, 230, 229, 230, 233, 232, 233, 232, 230, 230, 231,
    232, 232, 232, 232, 231, 230, 232, 230, 229, 232, 230, 232, 230, 229,
    229, 232, 231, 229, 232, 233, 233, 230, 233, 230, 231, 233, 229, 231,
    230, 232, 231, 232, 233, 231, 233, 230, 229, 229, 230, 232, 235, 238,
    237, 237, 237, 231, 233, 229, 231, 230, 231, 234, 233, 233, 233, 233,
    235, 236, 240, 241, 244, 241, 242, 240, 241, 241, 240, 239, 240, 242,
    239, 242, 242, 240, 242, 240, 243, 242, 243, 242 ]
RHandPositionsX: [ 159, 155, 154, 148, 145, 148, 154, 161, 164, 162, 164,
    161, 155, 153, 151, 150, 154, 161, 167, 167, 169, 165, 161, 160, 158,
    154, 155, 163, 165, 168, 162, 161, 158, 154, 155, 160, 174, 175, 174,
    167, 164, 161, 156, 156, 162, 166, 170, 179, 191, 197, 208, 218, 233,
    242, 256, 260, 266, 257, 252, 249, 245, 241, 241, 237, 237, 235, 236,
    237, 233, 237, 239, 240, 239, 237, 236, 237, 236, 240, 239, 237, 238,
    237, 239, 239, 239, 238, 240, 239, 236, 239, 236 ]
RHandPositionsY: [ 72, 70, 70, 67, 67, 65, 65, 68, 72, 75, 73, 67, 68,
    66, 68, 70, 70, 69, 70, 72, 71, 69, 70, 66, 68, 70, 70, 73, 80, 75,
    74, 75, 75, 71, 73, 81, 91, 92, 94, 89, 90, 87, 87, 86, 87, 87, 96,
    102, 112, 121, 135, 145, 154, 165, 173, 183, 192, 194, 197, 197, 202,
    206, 210, 213, 212, 215, 217, 218, 224, 225, 228, 228, 227, 225, 226,
    226, 224, 225, 225, 226, 228, 228, 227, 226, 228, 226, 225, 224, 228,
    224, 225 ]
