%YAML:1.0
---
videoName: "RHShake01.mp4"
gestureLabel: 2
fps: 29
pixelSizeInCmTemp: 3.1513157894736843e-01
faceCenterPointX: 292
faceCenterPointY: 51
LHandPositionsX: [ 393, 395, 394, 395, 394, 395, 392, 395, 394, 393, 392,
    396, 395, 393, 392, 391, 391, 392, 394, 394, 393, 394, 393, 391, 391,
    395, 392, 393, 391, 393, 394, 394, 394, 392, 393, 391, 392, 395, 392,
    393, 392, 391, 394, 394, 391, 395, 393, 391, 394, 395, 394, 391, 392,
    393, 391, 392, 393, 392, 394, 395, 391, 393, 393, 395, 393, 391, 393,
    394, 394, 392, 392, 395, 395, 393, 391, 391, 391, 394, 394, 392, 392,
    393, 392, 394, 395, 393, 394, 394 ]
LHandPositionsY: [ 253, 253, 257, 256, 254, 254, 254, 254, 257, 254, 255,
    256, 256, 257, 253, 253, 253, 254, 256, 256, 256, 256, 257, 257, 254,
    253, 256, 257, 256, 256, 255, 257, 256, 253, 256, 256, 257, 255, 255,
    253, 254, 253, 254, 253, 253, 253, 255, 257, 255, 253, 254, 253, 255,
    254, 257, 255, 255, 256, 257, 253, 257, 256, 255, 253, 253, 254, 254,
    257, 254, 254, 255, 253, 254, 253, 254, 256, 254, 254, 256, 255, 257,
    255, 256, 254, 253, 253, 254, 256 ]
RHandPositionsX: [ 168, 171, 167, 168, 170, 170, 169, 169, 167, 171, 170,
    167, 167, 171, 170, 171, 167, 170, 171, 168, 171, 171, 170, 172, 169,
    168, 170, 174, 177, 168, 165, 160, 156, 151, 157, 160, 169, 182, 192,
    191, 190, 189, 184, 177, 177, 172, 174, 189, 197, 193, 191, 191, 181,
    180, 179, 182, 176, 184, 185, 192, 192, 193, 194, 186, 180, 176, 176,
    183, 187, 194, 193, 196, 197, 196, 191, 188, 187, 188, 188, 184, 178,
    176, 173, 171, 171, 172, 172, 173 ]
RHandPositionsY: [ 278, 278, 280, 278, 280, 280, 280, 278, 280, 279, 278,
    277, 278, 276, 277, 277, 280, 278, 278, 279, 280, 280, 278, 280, 279,
    275, 268, 245, 226, 209, 186, 167, 149, 132, 129, 114, 109, 107, 109,
    112, 108, 105, 102, 100, 97, 99, 96, 97, 99, 102, 98, 93, 95, 92, 92,
    93, 96, 100, 98, 104, 103, 99, 102, 100, 95, 98, 98, 96, 101, 108,
    114, 121, 132, 147, 161, 176, 190, 205, 204, 213, 222, 225, 235, 243,
    243, 242, 242, 248 ]
