%YAML:1.0
---
videoName: "RHShake04.mp4"
gestureLabel: 2
fps: 29
pixelSizeInCmTemp: 3.1513157894736843e-01
faceCenterPointX: 292
faceCenterPointY: 47
LHandPositionsX: [ 413, 409, 409, 410, 410, 410, 412, 408, 412, 410, 410,
    413, 411, 409, 408, 412, 411, 408, 409, 411, 409, 410, 408, 406, 407,
    407, 409, 407, 406, 406, 409, 406, 407, 409, 405, 407, 408, 407, 407,
    408, 407, 406, 405, 406, 409, 407, 405, 405, 405, 407, 405, 406, 408,
    407, 407, 407, 408, 408, 409, 405, 405, 406, 404, 406, 405, 405, 404,
    405, 406, 404, 406, 402, 406, 406, 404, 406, 403, 404, 405, 402, 401,
    405, 402, 403, 402, 405, 405, 405 ]
LHandPositionsY: [ 264, 262, 265, 266, 262, 265, 265, 263, 264, 264, 263,
    262, 265, 262, 265, 263, 261, 265, 263, 264, 264, 263, 260, 264, 264,
    263, 263, 261, 263, 262, 263, 263, 261, 263, 260, 260, 260, 264, 261,
    264, 264, 261, 264, 264, 264, 260, 260, 264, 263, 263, 261, 260, 261,
    264, 263, 264, 260, 262, 262, 262, 264, 261, 259, 260, 261, 263, 260,
    258, 262, 261, 259, 261, 259, 261, 258, 260, 260, 262, 260, 260, 260,
    259, 260, 259, 261, 259, 259, 258 ]
RHandPositionsX: [ 179, 178, 179, 183, 183, 180, 179, 177, 181, 178, 177,
    179, 177, 181, 179, 177, 176, 177, 176, 177, 178, 177, 176, 181, 180,
    176, 171, 164, 161, 162, 165, 164, 181, 187, 192, 192, 188, 180, 173,
    170, 165, 167, 172, 174, 176, 176, 180, 172, 170, 166, 164, 172, 178,
    179, 181, 178, 176, 173, 170, 171, 170, 177, 180, 181, 193, 191, 184,
    178, 172, 172, 172, 168, 174, 175, 186, 191, 193, 191, 190, 187, 187,
    189, 184, 180, 175, 175, 173, 172 ]
RHandPositionsY: [ 264, 265, 264, 267, 263, 263, 266, 263, 265, 268, 265,
    266, 268, 268, 267, 267, 267, 270, 271, 268, 269, 273, 269, 248, 221,
    196, 170, 150, 127, 122, 119, 102, 100, 103, 105, 100, 100, 93, 92,
    94, 92, 91, 95, 94, 97, 98, 95, 93, 92, 90, 95, 93, 97, 98, 97, 99,
    95, 97, 95, 89, 94, 97, 95, 97, 96, 95, 95, 96, 93, 92, 95, 95, 101,
    108, 119, 132, 142, 152, 164, 178, 193, 211, 225, 230, 238, 244, 249,
    251 ]
