%YAML:1.0
---
videoName: "RHShake01.mp4"
gestureLabel: 2
fps: 29
pixelSizeInCmTemp: 3.1513157894736843e-01
faceCenterPointX: 292
faceCenterPointY: 51
LHandPositionsX: [ 392, 395, 393, 395, 395, 396, 395, 392, 392, 393, 395,
    394, 393, 392, 394, 391, 391, 391, 395, 393, 394, 392, 393, 393, 394,
    391, 394, 395, 391, 393, 393, 393, 393, 395, 395, 394, 391, 391, 394,
    391, 391, 395, 391, 393, 391, 395, 391, 391, 391, 393, 392, 391, 393,
    394, 393, 395, 394, 394, 392, 392, 395, 392, 395, 392, 395, 395, 393,
    393, 394, 394, 391, 395, 395, 394, 395, 392, 392, 395, 393, 391, 395,
    391, 394, 393, 391, 393, 394, 395 ]
LHandPositionsY: [ 253, 253, 257, 253, 253, 256, 253, 257, 257, 257, 255,
    256, 253, 254, 254, 256, 255, 253, 255, 256, 255, 255, 257, 255, 257,
    254, 254, 253, 257, 255, 255, 257, 253, 253, 254, 256, 256, 254, 256,
    257, 257, 257, 257, 253, 253, 256, 253, 257, 253, 256, 253, 255, 257,
    254, 256, 253, 257, 257, 254, 257, 253, 254, 255, 256, 254, 254, 254,
    257, 256, 254, 254, 254, 257, 253, 255, 257, 255, 254, 255, 253, 255,
    256, 253, 257, 253, 253, 253, 254 ]
RHandPositionsX: [ 170, 167, 170, 168, 169, 170, 170, 171, 168, 171, 171,
    167, 168, 170, 169, 169, 168, 168, 167, 167, 172, 170, 169, 171, 173,
    172, 171, 173, 174, 169, 166, 160, 156, 155, 157, 161, 172, 180, 190,
    192, 192, 186, 183, 176, 177, 174, 175, 187, 194, 193, 191, 188, 184,
    177, 176, 179, 178, 183, 186, 191, 192, 194, 193, 188, 178, 178, 179,
    179, 188, 194, 192, 199, 196, 198, 195, 190, 186, 188, 189, 184, 179,
    175, 176, 173, 173, 175, 172, 173 ]
RHandPositionsY: [ 277, 279, 276, 277, 278, 277, 278, 278, 276, 276, 280,
    276, 276, 280, 280, 277, 276, 277, 280, 278, 278, 278, 277, 278, 277,
    275, 265, 246, 228, 207, 189, 169, 149, 132, 130, 118, 106, 106, 109,
    111, 109, 105, 102, 101, 99, 96, 98, 96, 100, 99, 97, 93, 97, 94, 93,
    93, 95, 100, 102, 102, 100, 99, 98, 96, 97, 97, 95, 97, 103, 108,
    113, 125, 134, 146, 160, 179, 192, 201, 202, 211, 219, 227, 234, 242,
    243, 241, 242, 247 ]
