%YAML:1.0
---
videoName: "RHShake09.mp4"
gestureLabel: 2
fps: 29
pixelSizeInCmTemp: 3.1103896103896100e-01
faceCenterPointX: 296
faceCenterPointY: 48
LHandPositionsX: [ 327, 324, 322, 326, 326, 326, 323, 320, 318, 315, 316,
    317, 313, 312, 312, 310, 312, 310, 309, 311, 309, 310, 307, 309, 308,
    307, 306, 306, 308, 307, 308, 308, 308, 309, 311, 311, 310, 310, 311,
    310, 310, 309, 307, 310, 310, 309, 309, 310, 311, 313, 311, 313, 311,
    311, 315, 316, 312, 313, 313, 315, 317, 316, 314, 315, 315, 316, 316,
    315, 317, 318, 318, 316, 314, 316, 316, 317, 317, 318, 314, 317, 316,
    313, 314, 318, 313, 314, 314, 315 ]
LHandPositionsY: [ 268, 266, 269, 267, 271, 269, 269, 272, 269, 270, 272,
    274, 273, 275, 272, 275, 272, 275, 274, 275, 275, 272, 274, 275, 272,
    273, 276, 272, 273, 276, 274, 276, 273, 273, 274, 274, 276, 277, 273,
    277, 276, 276, 273, 274, 273, 274, 274, 273, 276, 273, 275, 274, 276,
    276, 272, 274, 273, 274, 275, 272, 273, 275, 276, 272, 273, 276, 276,
    273, 273, 274, 275, 274, 272, 273, 272, 274, 273, 273, 273, 273, 275,
    273, 275, 272, 275, 273, 272, 273 ]
RHandPositionsX: [ 264, 263, 266, 263, 264, 262, 261, 262, 262, 263, 259,
    259, 258, 259, 260, 258, 259, 256, 259, 257, 257, 255, 254, 255, 254,
    256, 256, 255, 254, 259, 265, 261, 254, 240, 225, 204, 189, 178, 168,
    170, 173, 175, 179, 183, 185, 184, 181, 181, 179, 178, 188, 189, 191,
    199, 194, 187, 182, 178, 181, 188, 181, 185, 194, 189, 187, 182, 176,
    173, 173, 180, 182, 190, 184, 182, 180, 180, 181, 177, 185, 192, 192,
    193, 199, 203, 210, 216, 227, 240 ]
RHandPositionsY: [ 261, 265, 263, 266, 265, 264, 267, 267, 266, 265, 265,
    269, 268, 266, 266, 265, 269, 269, 265, 265, 265, 269, 265, 269, 266,
    269, 269, 265, 265, 268, 266, 260, 245, 232, 215, 196, 174, 158, 135,
    135, 117, 107, 106, 109, 111, 104, 99, 88, 87, 89, 87, 94, 98, 96,
    93, 91, 87, 88, 88, 91, 93, 97, 97, 93, 92, 86, 85, 88, 92, 98, 96,
    98, 95, 95, 90, 89, 91, 94, 95, 104, 104, 107, 122, 134, 145, 155,
    169, 186 ]
