%YAML:1.0
---
videoName: "RHShake11.mp4"
gestureLabel: 2
fps: 29
pixelSizeInCmTemp: 3.3263888888888887e-01
faceCenterPointX: 274
faceCenterPointY: 53
LHandPositionsX: [ 309, 310, 308, 310, 307, 308, 307, 308, 308, 311, 307,
    311, 309, 308, 309, 308, 308, 307, 311, 311, 310, 310, 309, 309, 308,
    308, 310, 308, 307, 308, 311, 308, 308, 311, 307, 307, 308, 307, 309,
    311, 311, 310, 310, 310, 311, 311, 307, 307, 308, 311, 307, 311, 310,
    310, 307, 311, 309, 307, 311, 311, 310, 311, 308, 311, 308, 308, 309,
    310, 307, 311, 311, 309, 309, 307, 308, 310, 306, 309, 306, 306, 306,
    303, 304, 307, 305, 303, 306, 306 ]
LHandPositionsY: [ 247, 247, 245, 249, 246, 249, 245, 249, 247, 249, 247,
    247, 246, 246, 245, 248, 248, 245, 245, 245, 247, 246, 245, 247, 249,
    249, 249, 248, 246, 247, 247, 249, 248, 247, 249, 247, 247, 245, 249,
    246, 249, 249, 247, 248, 249, 246, 247, 247, 248, 246, 245, 248, 249,
    246, 247, 245, 245, 247, 248, 247, 248, 245, 247, 247, 249, 249, 245,
    248, 248, 244, 246, 243, 245, 244, 246, 245, 246, 247, 244, 244, 243,
    247, 246, 246, 244, 245, 247, 247 ]
RHandPositionsX: [ 249, 249, 250, 247, 235, 224, 211, 193, 172, 157, 148,
    138, 144, 146, 150, 160, 163, 166, 171, 175, 170, 161, 156, 155, 154,
    151, 162, 167, 168, 166, 170, 166, 163, 162, 157, 158, 154, 153, 160,
    165, 167, 166, 170, 169, 165, 161, 158, 160, 159, 160, 163, 171, 173,
    178, 175, 176, 174, 168, 166, 164, 160, 158, 161, 164, 169, 180, 193,
    206, 221, 228, 242, 248, 257, 257, 264, 258, 262, 262, 262, 261, 259,
    260, 262, 262, 262, 261, 259, 261 ]
RHandPositionsY: [ 245, 249, 246, 239, 230, 222, 208, 190, 175, 162, 144,
    125, 124, 114, 105, 101, 105, 106, 103, 99, 102, 100, 101, 98, 97,
    93, 95, 99, 103, 98, 99, 98, 100, 97, 97, 97, 94, 95, 98, 106, 106,
    102, 102, 103, 101, 104, 99, 97, 99, 100, 103, 108, 107, 108, 106,
    107, 105, 104, 102, 99, 101, 102, 105, 105, 117, 127, 144, 155, 171,
    188, 202, 212, 224, 230, 238, 236, 235, 240, 241, 239, 241, 239, 242,
    240, 238, 240, 239, 239 ]
