%YAML:1.0
---
videoName: "RHShake01.mp4"
gestureLabel: 2
fps: 29
pixelSizeInCmTemp: 3.1513157894736843e-01
faceCenterPointX: 292
faceCenterPointY: 51
LHandPositionsX: [ 395, 392, 392, 395, 393, 394, 394, 395, 393, 395, 395,
    394, 393, 395, 391, 394, 394, 395, 392, 392, 393, 394, 392, 395, 393,
    393, 391, 394, 395, 394, 395, 391, 391, 394, 391, 395, 393, 392, 393,
    392, 391, 391, 392, 395, 393, 392, 393, 391, 395, 395, 392, 391, 392,
    395, 394, 395, 392, 394, 393, 392, 394, 395, 395, 395, 393, 393, 393,
    392, 395, 395, 391, 395, 393, 394, 394, 395, 395, 392, 393, 393, 391,
    394, 392, 394, 391, 391, 391, 394 ]
LHandPositionsY: [ 256, 254, 257, 256, 254, 254, 255, 257, 257, 253, 253,
    257, 256, 253, 254, 254, 254, 255, 257, 255, 256, 257, 253, 256, 256,
    253, 255, 256, 254, 254, 256, 256, 257, 253, 256, 256, 253, 255, 254,
    255, 256, 253, 254, 255, 254, 256, 255, 255, 257, 256, 255, 256, 255,
    253, 253, 254, 257, 255, 257, 257, 255, 256, 255, 255, 255, 255, 257,
    253, 256, 256, 257, 255, 257, 254, 255, 256, 254, 254, 255, 253, 255,
    253, 255, 253, 255, 255, 255, 253 ]
RHandPositionsX: [ 170, 171, 169, 169, 169, 169, 168, 169, 171, 169, 169,
    171, 167, 171, 167, 171, 170, 169, 170, 167, 169, 168, 170, 170, 173,
    171, 169, 174, 173, 168, 166, 160, 157, 152, 159, 163, 172, 180, 190,
    194, 191, 186, 182, 176, 175, 172, 173, 188, 195, 197, 192, 192, 181,
    181, 177, 180, 178, 185, 186, 194, 192, 195, 197, 185, 179, 177, 176,
    180, 189, 190, 195, 198, 197, 195, 191, 187, 189, 191, 189, 181, 179,
    178, 175, 171, 174, 173, 172, 176 ]
RHandPositionsY: [ 278, 279, 280, 280, 277, 279, 279, 277, 279, 276, 279,
    276, 278, 276, 277, 276, 279, 279, 279, 277, 280, 277, 276, 279, 279,
    277, 265, 245, 225, 206, 186, 168, 152, 131, 129, 116, 106, 108, 112,
    110, 106, 102, 102, 99, 97, 100, 99, 98, 100, 102, 99, 93, 96, 93,
    93, 94, 95, 97, 100, 100, 99, 101, 100, 98, 97, 94, 96, 99, 102, 107,
    113, 121, 135, 145, 159, 179, 191, 201, 204, 210, 220, 225, 232, 243,
    244, 241, 244, 247 ]
