%YAML:1.0
---
videoName: "RHShake10.mp4"
gestureLabel: 2
fps: 29
pixelSizeInCmTemp: 3.1933333333333330e-01
faceCenterPointX: 295
faceCenterPointY: 45
LHandPositionsX: [ 342, 341, 339, 339, 341, 339, 338, 337, 334, 330, 334,
    330, 331, 328, 325, 327, 329, 328, 326, 328, 329, 328, 328, 326, 326,
    326, 330, 329, 328, 327, 327, 327, 329, 329, 326, 327, 328, 326, 329,
    328, 326, 328, 326, 330, 330, 326, 326, 330, 327, 326, 326, 330, 326,
    328, 330, 328, 326, 330, 326, 330, 330, 326, 328, 326, 330, 330, 328,
    330, 328, 329, 327, 327, 327, 327, 329, 330, 328, 330, 328, 329, 331,
    330, 329, 328, 330, 328, 331, 330 ]
LHandPositionsY: [ 264, 265, 268, 264, 266, 265, 267, 269, 270, 270, 268,
    272, 273, 273, 274, 271, 272, 270, 274, 273, 274, 274, 273, 273, 272,
    274, 273, 270, 273, 272, 271, 273, 270, 272, 273, 273, 271, 269, 272,
    270, 268, 272, 272, 268, 270, 268, 268, 268, 269, 269, 268, 270, 269,
    268, 272, 271, 268, 268, 269, 271, 271, 268, 268, 272, 271, 269, 269,
    270, 272, 272, 272, 269, 270, 269, 269, 270, 271, 271, 267, 269, 267,
    268, 270, 267, 269, 271, 268, 270 ]
RHandPositionsX: [ 259, 263, 261, 262, 259, 261, 262, 261, 258, 258, 260,
    257, 259, 261, 258, 259, 261, 255, 259, 251, 241, 220, 203, 184, 165,
    154, 137, 137, 136, 138, 142, 149, 152, 163, 166, 161, 157, 159, 162,
    156, 161, 170, 180, 180, 174, 179, 172, 169, 169, 167, 176, 186, 191,
    194, 189, 181, 178, 177, 173, 182, 180, 188, 193, 193, 188, 181, 178,
    176, 176, 181, 179, 190, 197, 204, 212, 217, 224, 233, 237, 243, 251,
    250, 251, 257, 263, 259, 262, 262 ]
RHandPositionsY: [ 266, 266, 267, 264, 266, 265, 267, 263, 267, 266, 265,
    267, 269, 269, 266, 268, 268, 264, 267, 258, 243, 226, 213, 193, 170,
    150, 132, 114, 113, 99, 86, 87, 86, 87, 87, 82, 83, 76, 76, 80, 79,
    81, 85, 83, 81, 79, 78, 76, 75, 78, 82, 89, 90, 94, 87, 82, 83, 81,
    79, 84, 88, 92, 93, 95, 88, 89, 81, 83, 81, 86, 93, 103, 124, 143,
    160, 181, 198, 214, 226, 242, 259, 258, 259, 264, 266, 266, 269, 269 ]
