%YAML:1.0
---
videoName: "RHShake17.mp4"
gestureLabel: 2
fps: 29
pixelSizeInCmTemp: 3.3732394366197183e-01
faceCenterPointX: 282
faceCenterPointY: 40
LHandPositionsX: [ 308, 305, 305, 307, 308, 306, 308, 305, 305, 306, 305,
    308, 307, 306, 306, 305, 307, 305, 309, 306, 306, 309, 305, 309, 306,
    308, 309, 306, 309, 309, 305, 306, 305, 307, 305, 308, 305, 305, 305,
    307, 310, 307, 307, 306, 309, 306, 308, 306, 307, 307, 312, 307, 310,
    310, 307, 307, 308, 307, 307, 307, 307, 310, 307, 308, 309, 309, 307,
    308, 307, 307, 308, 308, 309, 309, 309, 309, 306, 308, 309, 308, 309,
    306, 307, 307, 308, 306, 308, 306 ]
LHandPositionsY: [ 232, 233, 232, 234, 234, 231, 233, 233, 234, 232, 231,
    235, 234, 231, 233, 232, 232, 235, 232, 233, 231, 231, 235, 232, 232,
    234, 234, 234, 231, 234, 231, 232, 233, 234, 233, 235, 235, 231, 233,
    233, 234, 235, 231, 235, 233, 234, 231, 232, 233, 233, 232, 234, 233,
    234, 231, 233, 233, 235, 232, 231, 232, 234, 233, 233, 232, 235, 232,
    235, 233, 235, 232, 234, 231, 231, 235, 232, 231, 235, 232, 235, 232,
    234, 235, 233, 234, 231, 234, 231 ]
RHandPositionsX: [ 212, 196, 174, 159, 138, 141, 143, 145, 143, 142, 146,
    149, 156, 154, 147, 148, 145, 143, 142, 144, 163, 159, 154, 150, 150,
    147, 147, 145, 145, 155, 155, 158, 161, 154, 149, 146, 143, 140, 136,
    152, 153, 156, 157, 160, 152, 149, 150, 151, 156, 158, 170, 168, 167,
    163, 160, 159, 151, 152, 148, 149, 151, 163, 172, 178, 175, 180, 179,
    176, 172, 171, 175, 169, 171, 167, 168, 169, 169, 170, 170, 167, 171,
    167, 171, 169, 167, 166, 168, 170 ]
RHandPositionsY: [ 202, 185, 168, 151, 128, 113, 109, 105, 94, 90, 99,
    89, 84, 77, 75, 70, 69, 69, 68, 72, 76, 77, 73, 69, 67, 65, 66, 65,
    68, 67, 66, 67, 68, 67, 64, 64, 64, 65, 65, 82, 80, 79, 79, 79, 77,
    72, 75, 71, 75, 73, 89, 88, 85, 81, 78, 76, 77, 78, 78, 85, 91, 106,
    120, 136, 145, 161, 171, 182, 190, 194, 206, 214, 221, 229, 235, 234,
    238, 237, 240, 241, 243, 243, 244, 241, 244, 245, 247, 246 ]
