%YAML:1.0
---
videoName: "RHShake16.mp4"
gestureLabel: 2
fps: 29
pixelSizeInCmTemp: 3.2808219178082193e-01
faceCenterPointX: 281
faceCenterPointY: 44
LHandPositionsX: [ 370, 372, 370, 371, 369, 371, 372, 369, 372, 370, 372,
    372, 370, 372, 370, 372, 369, 371, 371, 370, 369, 372, 373, 370, 370,
    373, 371, 372, 371, 373, 370, 371, 371, 369, 371, 371, 372, 372, 373,
    370, 372, 372, 371, 370, 372, 369, 372, 370, 371, 369, 369, 369, 370,
    371, 370, 370, 373, 372, 370, 372, 372, 371, 371, 373, 372, 372, 372,
    371, 372, 371, 371, 373, 372, 369, 369, 371, 373, 370, 373, 373, 371,
    370, 372, 371, 372, 371, 369, 372 ]
LHandPositionsY: [ 230, 232, 231, 232, 231, 230, 230, 231, 232, 230, 234,
    231, 230, 230, 231, 234, 234, 231, 231, 234, 233, 233, 233, 233, 233,
    233, 230, 230, 232, 231, 230, 230, 231, 233, 234, 233, 234, 233, 233,
    234, 232, 231, 230, 230, 230, 231, 230, 230, 233, 230, 233, 232, 232,
    231, 233, 231, 231, 231, 231, 231, 231, 230, 229, 231, 229, 229, 233,
    231, 230, 232, 232, 232, 233, 233, 233, 231, 233, 232, 229, 229, 231,
    233, 232, 229, 231, 231, 231, 229 ]
RHandPositionsX: [ 168, 171, 171, 169, 168, 170, 171, 167, 170, 168, 167,
    170, 169, 168, 169, 170, 171, 166, 164, 157, 151, 146, 136, 130, 127,
    125, 119, 122, 125, 124, 126, 132, 136, 142, 145, 138, 135, 135, 137,
    141, 141, 142, 151, 151, 149, 149, 149, 149, 147, 146, 150, 152, 152,
    149, 146, 148, 148, 147, 145, 150, 152, 158, 153, 153, 153, 153, 150,
    152, 152, 162, 168, 172, 172, 175, 176, 176, 178, 173, 171, 168, 171,
    171, 169, 170, 170, 169, 169, 171 ]
RHandPositionsY: [ 269, 265, 269, 269, 267, 268, 268, 268, 266, 266, 269,
    267, 265, 269, 267, 269, 265, 267, 258, 244, 219, 199, 176, 160, 146,
    132, 114, 114, 112, 106, 107, 104, 100, 95, 95, 96, 92, 92, 89, 88,
    87, 92, 92, 90, 88, 87, 86, 88, 87, 87, 88, 90, 89, 86, 89, 84, 85,
    85, 89, 91, 94, 87, 89, 86, 89, 89, 91, 96, 102, 120, 134, 147, 162,
    173, 184, 188, 193, 203, 212, 216, 222, 223, 226, 235, 239, 237, 238,
    237 ]
