%YAML:1.0
---
videoName: "RHShake07.mp4"
gestureLabel: 2
fps: 29
pixelSizeInCmTemp: 3.2364864864864862e-01
faceCenterPointX: 292
faceCenterPointY: 44
LHandPositionsX: [ 311, 306, 306, 307, 310, 307, 310, 307, 308, 307, 309,
    308, 309, 309, 310, 312, 310, 312, 310, 310, 312, 311, 314, 310, 313,
    313, 314, 312, 310, 314, 314, 312, 315, 316, 316, 311, 313, 316, 316,
    312, 313, 315, 315, 312, 315, 315, 315, 313, 313, 312, 312, 316, 314,
    312, 313, 316, 313, 316, 316, 315, 314, 312, 313, 314, 312, 316, 313,
    316, 313, 315, 315, 314, 317, 317, 316, 317, 313, 315, 314, 315, 308,
    310, 310, 310, 310, 309, 311, 312 ]
LHandPositionsY: [ 270, 271, 272, 268, 269, 271, 269, 272, 272, 274, 273,
    273, 269, 273, 269, 270, 269, 270, 271, 270, 269, 271, 268, 268, 270,
    269, 267, 268, 268, 268, 270, 270, 269, 269, 270, 271, 270, 268, 268,
    268, 271, 268, 268, 267, 269, 267, 267, 268, 271, 270, 268, 271, 271,
    267, 267, 268, 267, 268, 270, 269, 270, 269, 270, 270, 269, 271, 271,
    268, 267, 271, 268, 268, 266, 270, 268, 270, 269, 266, 270, 271, 271,
    274, 271, 273, 272, 275, 273, 275 ]
RHandPositionsX: [ 265, 267, 266, 264, 265, 265, 266, 265, 262, 267, 265,
    264, 256, 238, 218, 197, 175, 160, 155, 153, 159, 152, 156, 160, 164,
    182, 190, 186, 177, 171, 165, 168, 179, 183, 185, 185, 181, 175, 170,
    166, 175, 174, 182, 186, 187, 184, 178, 172, 166, 166, 166, 185, 186,
    199, 194, 186, 182, 175, 169, 168, 164, 165, 170, 172, 172, 181, 178,
    174, 172, 168, 160, 168, 179, 194, 215, 230, 241, 257, 271, 275, 269,
    270, 272, 267, 263, 263, 266, 265 ]
RHandPositionsY: [ 255, 253, 251, 254, 251, 253, 254, 254, 253, 256, 249,
    241, 231, 220, 202, 184, 166, 157, 136, 132, 125, 113, 118, 126, 126,
    117, 104, 101, 90, 91, 88, 92, 106, 106, 101, 100, 98, 92, 94, 89,
    90, 94, 98, 96, 95, 96, 94, 93, 91, 84, 82, 88, 95, 104, 97, 97, 92,
    92, 91, 88, 87, 91, 94, 92, 93, 92, 88, 86, 90, 88, 94, 119, 138,
    149, 167, 186, 207, 226, 235, 244, 246, 249, 249, 253, 252, 252, 255,
    258 ]
