%YAML:1.0
---
videoName: "RHShake12.mp4"
gestureLabel: 2
fps: 29
pixelSizeInCmTemp: 3.3732394366197183e-01
faceCenterPointX: 299
faceCenterPointY: 45
LHandPositionsX: [ 406, 406, 405, 404, 407, 404, 404, 405, 404, 404, 408,
    404, 408, 404, 404, 407, 406, 404, 408, 405, 408, 408, 405, 407, 407,
    408, 404, 404, 407, 404, 408, 406, 405, 404, 406, 407, 404, 404, 406,
    404, 405, 408, 405, 407, 405, 408, 407, 405, 408, 407, 404, 407, 407,
    406, 407, 405, 406, 408, 407, 405, 408, 406, 404, 405, 404, 406, 407,
    407, 407, 405, 407, 404, 406, 405, 408, 404, 408, 404, 406, 404, 408,
    406, 404, 408, 404, 408, 404, 404 ]
LHandPositionsY: [ 241, 243, 241, 243, 241, 239, 239, 239, 239, 242, 239,
    241, 242, 239, 240, 241, 241, 239, 240, 243, 243, 243, 242, 239, 242,
    243, 241, 243, 239, 243, 240, 240, 241, 242, 240, 239, 241, 240, 240,
    241, 241, 242, 240, 240, 242, 240, 240, 243, 239, 243, 241, 240, 243,
    241, 241, 241, 240, 242, 242, 240, 242, 239, 239, 239, 241, 241, 243,
    242, 242, 240, 239, 242, 242, 243, 241, 243, 239, 241, 241, 241, 243,
    241, 239, 239, 240, 239, 243, 242 ]
RHandPositionsX: [ 170, 166, 161, 161, 165, 170, 183, 192, 193, 198, 195,
    184, 177, 172, 170, 167, 172, 176, 187, 186, 187, 181, 178, 172, 170,
    167, 168, 177, 188, 191, 191, 189, 182, 182, 177, 178, 175, 172, 181,
    193, 195, 194, 187, 179, 177, 177, 173, 174, 180, 190, 194, 195, 196,
    190, 184, 180, 179, 178, 171, 177, 180, 193, 199, 201, 201, 198, 194,
    187, 186, 184, 185, 186, 187, 192, 200, 200, 199, 202, 200, 200, 200,
    200, 199, 196, 200, 199, 202, 199 ]
RHandPositionsY: [ 139, 128, 119, 114, 104, 93, 96, 105, 109, 112, 103,
    94, 91, 89, 89, 85, 83, 89, 101, 102, 108, 95, 91, 87, 86, 84, 85,
    88, 99, 114, 109, 108, 102, 96, 95, 95, 88, 85, 94, 112, 116, 117,
    103, 101, 94, 95, 91, 89, 94, 110, 113, 114, 114, 100, 91, 90, 92,
    92, 89, 85, 95, 107, 122, 118, 120, 120, 113, 110, 114, 115, 118,
    127, 134, 148, 161, 163, 168, 173, 187, 196, 203, 209, 214, 221, 219,
    228, 231, 228 ]
