%YAML:1.0
---
videoName: "RHShake05.mp4"
gestureLabel: 2
fps: 30
pixelSizeInCmTemp: 3.1103896103896100e-01
faceCenterPointX: 295
faceCenterPointY: 47
LHandPositionsX: [ 409, 411, 409, 412, 409, 410, 408, 408, 408, 410, 411,
    412, 412, 412, 409, 411, 408, 409, 412, 412, 412, 410, 412, 412, 412,
    412, 410, 412, 409, 412, 411, 410, 409, 410, 410, 409, 409, 410, 409,
    408, 409, 408, 412, 408, 408, 411, 408, 411, 410, 411, 408, 409, 409,
    410, 411, 408, 409, 409, 412, 409, 408, 409, 410, 411, 408, 409, 411,
    409, 409, 408, 408, 410, 411, 411, 411, 410, 410, 408, 408, 408, 411,
    411, 412, 412, 408, 411, 412, 409, 408, 410, 411 ]
LHandPositionsY: [ 257, 261, 259, 260, 260, 259, 261, 258, 260, 257, 257,
    261, 261, 258, 257, 260, 258, 258, 259, 261, 260, 257, 257, 258, 257,
    261, 257, 261, 261, 257, 259, 259, 258, 257, 261, 260, 261, 259, 258,
    258, 257, 257, 258, 257, 258, 257, 258, 257, 259, 257, 258, 258, 258,
    261, 260, 257, 258, 259, 259, 261, 261, 259, 261, 258, 257, 259, 259,
    260, 261, 257, 258, 261, 258, 261, 257, 258, 260, 258, 257, 257, 257,
    260, 258, 260, 258, 257, 259, 259, 261, 260, 259 ]
RHandPositionsX: [ 176, 175, 176, 177, 173, 175, 175, 176, 176, 175, 175,
    172, 175, 176, 175, 173, 174, 175, 174, 173, 171, 174, 173, 178, 176,
    179, 183, 181, 173, 167, 149, 155, 155, 160, 166, 174, 187, 200, 189,
    183, 174, 171, 168, 168, 178, 176, 187, 183, 179, 174, 170, 168, 171,
    175, 178, 189, 185, 178, 173, 170, 169, 171, 174, 188, 190, 193, 186,
    181, 180, 182, 182, 179, 188, 193, 196, 188, 183, 176, 169, 175, 173,
    175, 183, 187, 192, 192, 183, 180, 176, 175, 178 ]
RHandPositionsY: [ 259, 259, 258, 258, 260, 260, 261, 258, 259, 260, 258,
    261, 258, 261, 260, 262, 260, 260, 258, 259, 258, 261, 261, 260, 256,
    252, 231, 208, 179, 154, 131, 127, 107, 90, 86, 91, 95, 95, 91, 87,
    81, 81, 81, 82, 84, 85, 83, 83, 80, 72, 75, 77, 80, 86, 84, 89, 87,
    85, 86, 81, 82, 86, 86, 92, 91, 91, 89, 84, 82, 84, 84, 85, 88, 91,
    91, 91, 90, 85, 87, 95, 110, 135, 155, 181, 205, 222, 227, 233, 245,
    249, 246 ]
