%YAML:1.0
---
videoName: "RHShake02.mp4"
gestureLabel: 2
fps: 29
pixelSizeInCmTemp: 3.1933333333333330e-01
faceCenterPointX: 291
faceCenterPointY: 51
LHandPositionsX: [ 406, 407, 409, 408, 407, 407, 409, 405, 407, 409, 405,
    407, 406, 408, 405, 409, 406, 407, 408, 406, 408, 408, 405, 404, 407,
    405, 404, 405, 403, 402, 405, 405, 405, 403, 402, 403, 401, 402, 402,
    402, 401, 403, 401, 400, 403, 403, 400, 401, 398, 398, 398, 397, 398,
    398, 398, 397, 400, 400, 396, 398, 400, 400, 397, 396, 397, 397, 395,
    395, 395, 398, 398, 396, 398, 399, 396, 399, 395, 398, 396, 397, 396,
    395, 399, 396, 399, 398, 399, 396 ]
LHandPositionsY: [ 261, 264, 262, 264, 264, 264, 265, 262, 262, 262, 265,
    265, 261, 263, 263, 264, 264, 261, 264, 261, 263, 260, 262, 261, 264,
    264, 264, 263, 261, 263, 264, 264, 262, 261, 260, 262, 264, 264, 264,
    263, 262, 263, 263, 261, 264, 262, 260, 264, 262, 260, 264, 261, 263,
    261, 264, 261, 261, 264, 261, 260, 260, 264, 262, 262, 263, 260, 264,
    264, 264, 260, 262, 260, 260, 261, 262, 264, 264, 261, 263, 263, 260,
    263, 263, 261, 260, 263, 263, 260 ]
RHandPositionsX: [ 173, 173, 172, 171, 174, 173, 170, 174, 173, 171, 170,
    171, 171, 174, 172, 170, 170, 174, 172, 170, 171, 173, 171, 173, 171,
    174, 177, 178, 177, 170, 169, 159, 161, 154, 148, 154, 161, 175, 183,
    180, 180, 176, 171, 166, 160, 159, 159, 169, 180, 185, 190, 183, 183,
    176, 168, 167, 164, 167, 176, 182, 182, 183, 178, 178, 178, 169, 171,
    169, 171, 176, 182, 190, 195, 201, 197, 197, 194, 186, 187, 181, 178,
    179, 177, 176, 174, 175, 173, 174 ]
RHandPositionsY: [ 267, 263, 267, 263, 266, 265, 267, 263, 267, 266, 264,
    264, 264, 263, 263, 267, 265, 264, 267, 266, 264, 263, 267, 265, 266,
    269, 265, 250, 230, 207, 188, 165, 142, 123, 113, 103, 100, 97, 101,
    99, 96, 91, 89, 90, 87, 86, 88, 93, 96, 97, 101, 99, 93, 90, 88, 88,
    87, 88, 95, 98, 99, 101, 99, 97, 94, 93, 93, 94, 93, 97, 102, 120,
    131, 145, 156, 174, 192, 210, 227, 231, 236, 244, 245, 252, 252, 253,
    256, 252 ]
