%YAML:1.0
---
videoName: "RHShake01.mp4"
gestureLabel: 2
fps: 29
pixelSizeInCmTemp: 3.1513157894736843e-01
faceCenterPointX: 292
faceCenterPointY: 51
LHandPositionsX: [ 393, 392, 396, 393, 394, 395, 393, 392, 396, 392, 394,
    394, 392, 394, 393, 391, 391, 391, 395, 393, 395, 392, 392, 394, 394,
    394, 391, 392, 394, 395, 392, 392, 391, 395, 392, 391, 392, 394, 395,
    394, 394, 394, 391, 391, 395, 392, 394, 392, 393, 393, 395, 394, 394,
    395, 392, 391, 391, 393, 395, 394, 394, 392, 393, 394, 394, 393, 395,
    392, 393, 393, 394, 393, 393, 391, 394, 395, 394, 394, 391, 393, 395,
    393, 394, 391, 391, 395, 395, 391 ]
LHandPositionsY: [ 256, 257, 257, 254, 255, 256, 253, 256, 256, 254, 254,
    256, 256, 253, 253, 253, 255, 253, 253, 257, 256, 256, 256, 254, 253,
    253, 253, 255, 257, 255, 255, 255, 257, 253, 257, 255, 257, 257, 254,
    257, 254, 257, 255, 254, 253, 254, 257, 254, 254, 256, 257, 256, 253,
    255, 254, 255, 257, 254, 254, 255, 255, 255, 257, 253, 256, 256, 254,
    253, 253, 254, 253, 253, 255, 256, 256, 255, 254, 254, 257, 255, 255,
    256, 254, 256, 256, 253, 253, 255 ]
RHandPositionsX: [ 167, 168, 171, 170, 167, 171, 169, 168, 167, 170, 167,
    171, 169, 169, 170, 169, 168, 169, 167, 169, 170, 168, 169, 171, 171,
    169, 170, 175, 173, 171, 162, 159, 159, 153, 158, 162, 168, 178, 191,
    194, 190, 188, 184, 175, 175, 175, 175, 186, 194, 194, 189, 190, 184,
    178, 179, 180, 177, 186, 186, 191, 190, 193, 193, 185, 181, 177, 179,
    180, 188, 192, 196, 200, 197, 199, 191, 190, 190, 191, 186, 180, 177,
    174, 174, 175, 174, 171, 176, 172 ]
RHandPositionsY: [ 276, 280, 280, 276, 278, 278, 277, 278, 277, 277, 280,
    276, 276, 276, 278, 276, 277, 278, 278, 277, 279, 278, 280, 279, 276,
    275, 265, 244, 227, 208, 185, 169, 152, 132, 131, 116, 109, 110, 113,
    111, 105, 103, 100, 98, 99, 98, 98, 96, 103, 99, 98, 96, 95, 93, 93,
    90, 93, 97, 101, 102, 99, 98, 100, 100, 95, 96, 95, 97, 102, 109,
    113, 125, 133, 145, 158, 179, 192, 205, 206, 214, 222, 226, 232, 243,
    244, 245, 242, 249 ]
