%YAML:1.0
---
videoName: "RHShake22.mp4"
gestureLabel: 2
fps: 29
pixelSizeInCmTemp: 3.3263888888888887e-01
faceCenterPointX: 290
faceCenterPointY: 48
LHandPositionsX: [ 392, 392, 392, 392, 393, 392, 395, 395, 392, 395, 393,
    394, 393, 393, 395, 395, 392, 396, 392, 396, 393, 392, 396, 394, 395,
    396, 392, 394, 396, 393, 393, 396, 395, 396, 395, 396, 394, 392, 393,
    396, 392, 395, 392, 392, 395, 392, 395, 396, 393, 396, 392, 392, 392,
    393, 394, 396, 392, 393, 396, 392, 393, 394, 393, 394, 396, 392, 394,
    392, 392, 395, 393, 394, 393, 393, 393, 396, 395, 395, 393, 393, 392,
    395, 395, 393, 392, 395, 392, 395 ]
LHandPositionsY: [ 230, 230, 231, 230, 232, 234, 234, 231, 233, 234, 230,
    231, 230, 232, 232, 234, 233, 231, 231, 232, 234, 230, 232, 232, 231,
    232, 234, 233, 231, 230, 233, 232, 230, 232, 234, 234, 230, 230, 231,
    233, 233, 233, 234, 232, 233, 230, 231, 230, 232, 231, 230, 232, 230,
    231, 231, 234, 231, 233, 230, 232, 233, 232, 230, 230, 230, 230, 231,
    234, 230, 231, 233, 233, 233, 231, 232, 233, 231, 234, 234, 231, 234,
    233, 234, 234, 231, 230, 230, 233 ]
RHandPositionsX: [ 151, 139, 131, 130, 133, 138, 146, 155, 167, 163, 167,
    164, 162, 156, 151, 146, 146, 146, 144, 153, 164, 169, 171, 170, 171,
    163, 162, 159, 158, 154, 154, 158, 167, 171, 173, 171, 173, 168, 167,
    164, 158, 156, 160, 166, 172, 172, 173, 172, 171, 170, 164, 159, 154,
    156, 157, 163, 169, 176, 177, 179, 178, 175, 168, 162, 155, 154, 154,
    155, 165, 174, 177, 179, 180, 181, 180, 180, 179, 183, 186, 185, 187,
    191, 189, 190, 189, 188, 187, 191 ]
RHandPositionsY: [ 139, 115, 102, 101, 97, 91, 81, 87, 90, 93, 93, 88,
    86, 79, 77, 80, 79, 74, 77, 83, 89, 93, 99, 97, 94, 90, 87, 82, 84,
    80, 78, 91, 93, 99, 104, 101, 94, 91, 87, 89, 85, 82, 82, 89, 96,
    100, 101, 102, 95, 91, 92, 91, 87, 87, 84, 82, 91, 98, 102, 103, 98,
    94, 91, 90, 91, 91, 92, 91, 90, 102, 110, 110, 114, 116, 122, 127,
    135, 147, 158, 169, 180, 192, 201, 203, 213, 217, 226, 227 ]
