%YAML:1.0
---
videoName: "RHShake09.mp4"
gestureLabel: 2
fps: 29
pixelSizeInCmTemp: 3.1103896103896100e-01
faceCenterPointX: 296
faceCenterPointY: 48
LHandPositionsX: [ 326, 326, 322, 324, 324, 326, 324, 321, 321, 316, 317,
    318, 316, 313, 313, 309, 312, 311, 308, 311, 309, 309, 308, 309, 305,
    305, 304, 308, 306, 306, 309, 308, 311, 308, 307, 310, 308, 310, 309,
    307, 307, 311, 307, 312, 312, 312, 312, 311, 312, 311, 312, 311, 312,
    314, 314, 315, 314, 316, 316, 316, 315, 314, 315, 315, 316, 314, 317,
    316, 316, 316, 318, 315, 315, 314, 314, 317, 316, 317, 315, 316, 317,
    314, 314, 314, 315, 318, 315, 315 ]
LHandPositionsY: [ 266, 269, 269, 271, 269, 269, 270, 269, 272, 271, 271,
    275, 272, 273, 272, 273, 273, 272, 275, 275, 272, 276, 273, 272, 274,
    276, 273, 274, 277, 277, 276, 275, 275, 275, 276, 276, 273, 277, 276,
    274, 274, 277, 275, 277, 273, 274, 275, 273, 275, 274, 276, 274, 274,
    275, 275, 276, 276, 276, 272, 276, 273, 275, 276, 275, 272, 272, 275,
    276, 273, 275, 275, 274, 275, 274, 274, 277, 273, 274, 272, 272, 273,
    274, 274, 275, 276, 276, 273, 272 ]
RHandPositionsX: [ 266, 262, 264, 264, 261, 261, 262, 262, 262, 262, 262,
    259, 257, 258, 259, 258, 258, 259, 258, 257, 256, 258, 255, 254, 258,
    256, 256, 255, 255, 257, 266, 263, 254, 243, 225, 203, 191, 176, 167,
    170, 173, 172, 179, 184, 188, 185, 183, 180, 181, 177, 185, 191, 187,
    202, 192, 184, 180, 178, 178, 188, 181, 184, 194, 191, 187, 182, 177,
    171, 173, 180, 182, 187, 187, 179, 178, 181, 182, 180, 184, 192, 189,
    194, 200, 200, 208, 217, 226, 240 ]
RHandPositionsY: [ 262, 262, 262, 264, 264, 265, 264, 265, 266, 268, 266,
    265, 267, 269, 267, 267, 266, 266, 269, 269, 267, 269, 269, 268, 268,
    269, 268, 266, 266, 270, 268, 257, 244, 230, 213, 196, 176, 155, 136,
    134, 117, 111, 104, 109, 109, 106, 97, 88, 89, 86, 88, 97, 96, 97,
    94, 92, 87, 88, 87, 87, 95, 94, 96, 95, 93, 85, 87, 88, 91, 94, 99,
    97, 96, 94, 90, 89, 88, 91, 98, 105, 107, 108, 122, 132, 141, 153,
    167, 186 ]
