%YAML:1.0
---
videoName: "RHShake19.mp4"
gestureLabel: 2
fps: 29
pixelSizeInCmTemp: 3.2808219178082193e-01
faceCenterPointX: 283
faceCenterPointY: 48
LHandPositionsX: [ 392, 391, 388, 390, 388, 388, 388, 389, 390, 390, 391,
    390, 390, 389, 390, 388, 391, 389, 388, 391, 391, 392, 390, 392, 391,
    392, 392, 388, 391, 391, 391, 392, 388, 392, 390, 392, 388, 392, 392,
    389, 388, 389, 388, 388, 391, 389, 388, 389, 388, 391, 391, 391, 392,
    392, 390, 392, 389, 392, 390, 390, 391, 388, 390, 391, 392, 391, 389,
    390, 389, 392, 389, 390, 392, 392, 390, 392, 390, 392, 390, 392, 389,
    389, 392, 391, 388, 392, 392, 388 ]
LHandPositionsY: [ 240, 243, 242, 244, 242, 244, 241, 241, 243, 243, 240,
    244, 243, 242, 244, 241, 244, 240, 243, 243, 242, 241, 242, 243, 243,
    242, 241, 244, 241, 243, 240, 243, 243, 241, 243, 243, 243, 242, 242,
    240, 242, 240, 242, 240, 244, 241, 241, 240, 241, 242, 240, 244, 244,
    241, 244, 240, 243, 241, 242, 243, 243, 242, 241, 243, 241, 244, 240,
    240, 243, 242, 244, 241, 240, 244, 241, 241, 242, 242, 241, 241, 242,
    242, 244, 241, 240, 244, 243, 240 ]
RHandPositionsX: [ 159, 172, 181, 180, 188, 186, 177, 170, 165, 160, 164,
    160, 164, 180, 184, 182, 185, 178, 174, 169, 164, 162, 160, 165, 168,
    174, 176, 175, 172, 165, 163, 160, 160, 166, 171, 178, 177, 180, 178,
    175, 169, 165, 161, 160, 165, 166, 178, 177, 180, 183, 179, 175, 169,
    170, 169, 170, 168, 178, 179, 180, 183, 179, 175, 170, 167, 165, 172,
    173, 177, 183, 187, 188, 188, 186, 183, 186, 184, 183, 182, 180, 178,
    179, 179, 182, 182, 181, 182, 181 ]
RHandPositionsY: [ 92, 93, 96, 95, 93, 88, 87, 79, 76, 78, 77, 72, 79,
    83, 92, 89, 88, 85, 80, 75, 76, 76, 77, 76, 81, 90, 90, 88, 89, 89,
    84, 85, 80, 85, 87, 92, 94, 96, 93, 92, 88, 85, 87, 86, 81, 84, 94,
    97, 103, 105, 102, 93, 95, 96, 94, 93, 102, 105, 105, 109, 103, 102,
    99, 101, 101, 100, 109, 123, 140, 151, 165, 175, 189, 191, 199, 208,
    221, 224, 233, 237, 235, 236, 239, 239, 240, 243, 239, 243 ]
