%YAML:1.0
---
videoName: "RHShake14.mp4"
gestureLabel: 2
fps: 30
pixelSizeInCmTemp: 3.2808219178082193e-01
faceCenterPointX: 277
faceCenterPointY: 42
LHandPositionsX: [ 376, 379, 375, 379, 378, 378, 375, 378, 378, 379, 377,
    377, 378, 375, 373, 373, 376, 373, 376, 375, 376, 375, 372, 375, 375,
    374, 374, 376, 372, 373, 372, 373, 375, 376, 376, 374, 373, 372, 373,
    372, 374, 376, 374, 374, 373, 372, 376, 375, 373, 372, 373, 376, 372,
    374, 373, 372, 375, 372, 372, 376, 376, 374, 374, 376, 375, 372, 375,
    373, 374, 373, 373, 372, 374, 374, 373, 376, 374, 374, 372, 372, 374,
    372, 376, 372, 374, 372, 374, 376, 376, 375, 372 ]
LHandPositionsY: [ 232, 231, 229, 231, 232, 230, 229, 229, 229, 233, 231,
    229, 233, 232, 232, 230, 229, 229, 229, 229, 229, 232, 229, 232, 233,
    229, 232, 229, 231, 230, 231, 229, 230, 230, 232, 232, 233, 232, 229,
    233, 233, 229, 232, 232, 230, 233, 231, 233, 229, 232, 233, 232, 233,
    233, 232, 230, 229, 233, 232, 229, 231, 232, 230, 232, 233, 229, 232,
    231, 230, 229, 230, 232, 233, 232, 231, 232, 232, 233, 229, 229, 233,
    229, 229, 231, 230, 230, 230, 233, 231, 230, 230 ]
RHandPositionsX: [ 170, 171, 172, 174, 173, 170, 173, 174, 174, 170, 174,
    171, 172, 172, 170, 173, 172, 173, 172, 174, 173, 171, 172, 172, 171,
    173, 167, 168, 158, 147, 134, 129, 122, 114, 116, 121, 128, 133, 134,
    137, 145, 149, 144, 143, 145, 144, 147, 153, 156, 161, 160, 158, 152,
    150, 155, 155, 159, 170, 167, 165, 158, 155, 156, 156, 159, 165, 162,
    169, 174, 178, 178, 177, 176, 177, 172, 170, 176, 181, 175, 172, 175,
    170, 171, 173, 173, 170, 174, 173, 174, 170, 174 ]
RHandPositionsY: [ 239, 243, 241, 241, 242, 243, 240, 243, 243, 239, 240,
    242, 242, 239, 240, 240, 243, 241, 243, 243, 240, 240, 243, 242, 241,
    244, 243, 233, 215, 195, 171, 155, 133, 114, 112, 107, 102, 108, 114,
    116, 116, 105, 96, 93, 87, 84, 85, 86, 84, 82, 82, 76, 79, 78, 76,
    74, 82, 83, 79, 78, 80, 75, 74, 76, 79, 80, 85, 105, 120, 133, 144,
    158, 172, 183, 193, 195, 201, 204, 214, 218, 215, 220, 221, 228, 235,
    235, 233, 235, 236, 236, 234 ]
