%YAML:1.0
---
videoName: "RHShake00.mp4"
gestureLabel: 2
fps: 29
pixelSizeInCmTemp: 3.4710144927536229e-01
faceCenterPointX: 283
faceCenterPointY: 97
LHandPositionsX: [ 343, 345, 344, 346, 345, 346, 342, 346, 345, 344, 342,
    344, 346, 346, 342, 343, 342, 345, 346, 343, 342, 346, 345, 345, 342,
    342, 345, 342, 345, 346, 344, 344, 346, 343, 346, 346, 344, 344, 344,
    342, 343, 345, 342, 345, 345, 342, 343, 343, 343, 344, 344, 342, 344,
    343, 346, 346, 346, 343, 342, 342, 342, 343, 344, 343, 344, 342, 342,
    346, 343, 342, 343, 344, 343, 342, 346, 343, 345, 342, 342, 346, 346,
    342, 346, 345, 343, 343, 344, 344 ]
LHandPositionsY: [ 276, 275, 273, 274, 274, 273, 273, 272, 274, 273, 273,
    276, 273, 276, 276, 273, 272, 273, 276, 272, 275, 274, 276, 272, 273,
    273, 276, 273, 274, 276, 276, 274, 275, 272, 273, 272, 272, 272, 275,
    276, 273, 274, 273, 276, 276, 276, 275, 276, 272, 276, 273, 273, 275,
    275, 276, 276, 275, 276, 273, 272, 275, 273, 275, 276, 276, 275, 273,
    273, 272, 272, 275, 272, 273, 276, 272, 273, 274, 276, 276, 276, 272,
    273, 275, 273, 272, 275, 276, 275 ]
RHandPositionsX: [ 180, 171, 165, 157, 150, 145, 146, 145, 142, 141, 144,
    145, 151, 166, 169, 165, 167, 165, 162, 158, 153, 153, 148, 150, 153,
    166, 167, 165, 166, 164, 159, 152, 148, 146, 153, 157, 161, 160, 163,
    165, 161, 155, 147, 141, 137, 144, 151, 153, 154, 153, 159, 161, 155,
    150, 143, 145, 144, 148, 155, 161, 163, 160, 165, 161, 158, 152, 147,
    141, 142, 144, 150, 153, 154, 159, 163, 165, 171, 175, 176, 179, 182,
    186, 189, 191, 195, 197, 198, 197 ]
RHandPositionsY: [ 260, 249, 241, 217, 203, 187, 176, 170, 159, 148, 144,
    136, 131, 132, 137, 141, 135, 129, 127, 123, 124, 124, 120, 119, 126,
    131, 132, 132, 137, 133, 125, 128, 124, 126, 132, 133, 138, 139, 140,
    137, 140, 133, 130, 129, 130, 133, 135, 138, 137, 140, 137, 138, 132,
    133, 129, 131, 133, 129, 138, 146, 146, 146, 145, 145, 142, 136, 136,
    139, 139, 147, 155, 164, 170, 176, 184, 188, 197, 208, 213, 223, 230,
    234, 244, 250, 252, 256, 260, 260 ]
