%YAML:1.0
---
videoName: "RHShake01.mp4"
gestureLabel: 2
fps: 29
pixelSizeInCmTemp: 3.1513157894736843e-01
faceCenterPointX: 292
faceCenterPointY: 51
LHandPositionsX: [ 392, 394, 392, 395, 393, 392, 392, 393, 393, 392, 392,
    395, 394, 395, 392, 395, 395, 393, 391, 394, 393, 395, 391, 394, 393,
    392, 392, 395, 394, 392, 393, 392, 395, 393, 393, 393, 394, 393, 394,
    395, 391, 391, 395, 395, 394, 394, 395, 394, 393, 392, 392, 394, 393,
    395, 394, 395, 391, 394, 393, 393, 392, 392, 394, 393, 392, 393, 393,
    394, 393, 392, 393, 394, 391, 392, 394, 395, 394, 391, 391, 393, 393,
    393, 394, 391, 393, 394, 391, 392 ]
LHandPositionsY: [ 254, 257, 255, 255, 254, 254, 255, 253, 255, 253, 255,
    256, 255, 256, 256, 255, 255, 254, 257, 253, 254, 254, 254, 257, 256,
    256, 257, 253, 253, 254, 257, 255, 253, 255, 257, 257, 253, 253, 255,
    253, 256, 253, 254, 253, 255, 254, 255, 257, 254, 257, 257, 256, 256,
    253, 253, 254, 257, 253, 253, 257, 256, 253, 253, 254, 257, 256, 253,
    256, 254, 256, 253, 254, 255, 253, 255, 257, 257, 257, 256, 255, 255,
    254, 254, 257, 254, 253, 256, 257 ]
RHandPositionsX: [ 167, 169, 171, 170, 168, 167, 171, 168, 170, 168, 169,
    170, 171, 170, 168, 170, 171, 169, 167, 169, 172, 171, 169, 171, 171,
    170, 173, 174, 173, 170, 163, 162, 155, 152, 156, 163, 172, 179, 194,
    190, 193, 188, 184, 176, 176, 172, 174, 188, 193, 194, 192, 189, 182,
    178, 178, 181, 179, 186, 187, 194, 190, 193, 195, 188, 180, 178, 179,
    181, 189, 194, 192, 199, 199, 197, 195, 187, 187, 191, 186, 180, 180,
    176, 173, 174, 173, 172, 172, 172 ]
RHandPositionsY: [ 280, 280, 279, 277, 277, 278, 280, 280, 279, 279, 278,
    277, 279, 278, 276, 278, 279, 277, 279, 277, 276, 276, 276, 276, 278,
    276, 268, 244, 228, 206, 189, 169, 153, 131, 129, 118, 109, 106, 112,
    110, 109, 106, 103, 98, 98, 97, 96, 96, 102, 100, 99, 95, 96, 91, 92,
    90, 95, 101, 102, 103, 102, 101, 100, 97, 96, 98, 97, 95, 100, 108,
    112, 125, 133, 144, 162, 176, 192, 204, 206, 210, 222, 228, 236, 243,
    242, 242, 244, 247 ]
