%YAML:1.0
---
videoName: "RHShake20.mp4"
gestureLabel: 2
fps: 29
pixelSizeInCmTemp: 3.3263888888888887e-01
faceCenterPointX: 286
faceCenterPointY: 45
LHandPositionsX: [ 391, 394, 392, 394, 392, 394, 393, 391, 390, 393, 393,
    391, 394, 393, 390, 393, 390, 390, 391, 393, 392, 392, 392, 391, 392,
    393, 391, 392, 392, 393, 394, 390, 393, 394, 394, 392, 392, 392, 390,
    392, 394, 394, 393, 390, 393, 393, 394, 393, 390, 390, 393, 391, 393,
    391, 391, 393, 390, 392, 392, 390, 391, 394, 391, 394, 392, 393, 390,
    391, 390, 393, 393, 393, 391, 394, 393, 390, 394, 394, 390, 394, 391,
    390, 394, 394, 393, 391, 391, 393 ]
LHandPositionsY: [ 243, 244, 242, 244, 244, 245, 243, 244, 240, 244, 242,
    244, 241, 239, 239, 242, 240, 242, 242, 240, 242, 241, 239, 242, 243,
    242, 242, 243, 240, 243, 239, 243, 243, 242, 243, 243, 239, 242, 242,
    240, 240, 239, 241, 240, 240, 242, 242, 240, 240, 243, 241, 242, 239,
    239, 242, 243, 240, 239, 242, 240, 239, 243, 243, 242, 242, 242, 241,
    242, 241, 243, 241, 240, 243, 241, 239, 240, 241, 241, 243, 242, 243,
    240, 240, 242, 240, 241, 241, 241 ]
RHandPositionsX: [ 165, 161, 159, 155, 151, 154, 154, 158, 159, 158, 160,
    161, 160, 155, 151, 153, 151, 151, 158, 160, 162, 160, 160, 155, 154,
    152, 152, 154, 161, 162, 160, 159, 155, 156, 157, 153, 151, 149, 159,
    165, 165, 166, 165, 160, 156, 155, 153, 152, 160, 162, 168, 166, 168,
    166, 168, 168, 163, 163, 161, 159, 162, 167, 172, 175, 183, 186, 185,
    186, 185, 183, 183, 180, 180, 179, 178, 178, 177, 180, 180, 176, 176,
    176, 178, 179, 177, 180, 180, 179 ]
RHandPositionsY: [ 109, 110, 104, 102, 99, 100, 97, 97, 99, 101, 101,
    102, 97, 96, 96, 97, 97, 103, 115, 112, 114, 113, 112, 112, 108, 106,
    105, 111, 116, 120, 118, 116, 113, 108, 107, 104, 102, 106, 113, 119,
    120, 122, 120, 117, 117, 112, 111, 111, 109, 115, 125, 122, 125, 123,
    121, 120, 117, 115, 114, 112, 115, 124, 132, 137, 147, 157, 165, 175,
    187, 192, 201, 210, 219, 227, 233, 232, 238, 241, 239, 243, 244, 246,
    247, 245, 245, 243, 243, 247 ]
