%YAML:1.0
---
videoName: "RHShake05.mp4"
gestureLabel: 2
fps: 30
pixelSizeInCmTemp: 3.1103896103896100e-01
faceCenterPointX: 295
faceCenterPointY: 47
LHandPositionsX: [ 410, 412, 412, 411, 408, 409, 408, 411, 409, 410, 410,
    409, 409, 409, 411, 410, 410, 412, 409, 408, 410, 411, 409, 411, 408,
    408, 410, 408, 411, 409, 412, 411, 409, 411, 409, 410, 409, 412, 410,
    408, 409, 410, 412, 408, 408, 408, 412, 410, 411, 412, 408, 411, 412,
    408, 409, 409, 408, 410, 411, 410, 408, 409, 412, 412, 411, 408, 408,
    409, 408, 408, 412, 409, 409, 408, 412, 411, 409, 412, 411, 408, 410,
    408, 412, 410, 408, 412, 412, 408, 412, 412, 408 ]
LHandPositionsY: [ 261, 261, 259, 257, 261, 260, 259, 261, 261, 260, 260,
    260, 259, 258, 257, 258, 260, 257, 258, 257, 259, 257, 260, 261, 260,
    259, 261, 258, 260, 257, 261, 258, 257, 260, 261, 258, 259, 259, 260,
    257, 261, 257, 259, 258, 259, 261, 261, 260, 257, 261, 260, 260, 261,
    260, 259, 258, 259, 260, 261, 261, 257, 260, 260, 261, 261, 260, 259,
    261, 260, 260, 258, 258, 258, 258, 261, 260, 259, 258, 257, 260, 261,
    260, 257, 260, 259, 260, 260, 259, 259, 258, 261 ]
RHandPositionsX: [ 175, 175, 176, 177, 177, 177, 173, 174, 173, 174, 174,
    176, 172, 172, 175, 174, 173, 171, 173, 172, 172, 173, 172, 175, 175,
    176, 182, 177, 171, 166, 150, 154, 153, 161, 165, 173, 190, 199, 190,
    182, 176, 173, 169, 167, 177, 178, 190, 181, 177, 172, 173, 169, 169,
    173, 179, 189, 182, 181, 173, 169, 170, 170, 177, 191, 193, 194, 184,
    181, 177, 178, 182, 178, 187, 193, 197, 189, 180, 175, 169, 175, 172,
    174, 181, 187, 190, 191, 184, 178, 179, 178, 176 ]
RHandPositionsY: [ 258, 262, 261, 261, 259, 260, 258, 260, 258, 261, 258,
    260, 262, 260, 261, 258, 261, 261, 262, 261, 258, 262, 259, 259, 256,
    250, 230, 206, 183, 155, 132, 130, 107, 93, 90, 93, 92, 93, 91, 83,
    82, 80, 81, 81, 87, 87, 82, 80, 77, 73, 74, 74, 77, 84, 87, 90, 90,
    83, 82, 83, 83, 84, 90, 91, 92, 94, 91, 85, 83, 86, 81, 84, 91, 89,
    94, 87, 89, 86, 85, 94, 113, 131, 155, 182, 202, 223, 226, 236, 241,
    251, 250 ]
