%YAML:1.0
---
videoName: "RHShake22.mp4"
gestureLabel: 2
fps: 29
pixelSizeInCmTemp: 3.3263888888888887e-01
faceCenterPointX: 290
faceCenterPointY: 48
LHandPositionsX: [ 396, 393, 396, 395, 396, 394, 396, 392, 394, 393, 392,
    392, 394, 392, 396, 392, 392, 392, 395, 393, 395, 396, 393, 394, 395,
    396, 395, 394, 393, 395, 392, 396, 393, 392, 393, 392, 396, 394, 396,
    394, 396, 394, 392, 394, 395, 393, 396, 396, 395, 395, 393, 394, 394,
    396, 393, 395, 395, 396, 395, 393, 394, 393, 392, 392, 395, 393, 395,
    394, 393, 392, 395, 393, 396, 394, 392, 395, 392, 396, 396, 392, 395,
    393, 393, 394, 395, 393, 396, 395 ]
LHandPositionsY: [ 232, 232, 231, 234, 230, 230, 233, 231, 231, 232, 234,
    232, 231, 230, 234, 234, 232, 231, 234, 231, 230, 231, 233, 231, 231,
    233, 231, 234, 232, 230, 232, 232, 231, 230, 230, 232, 233, 230, 233,
    230, 231, 233, 230, 234, 230, 234, 234, 231, 234, 230, 231, 233, 233,
    232, 231, 233, 231, 230, 230, 234, 232, 234, 230, 230, 232, 230, 232,
    231, 233, 231, 230, 231, 233, 230, 231, 233, 233, 230, 233, 231, 231,
    234, 230, 230, 232, 230, 231, 232 ]
RHandPositionsX: [ 150, 138, 130, 128, 131, 138, 143, 157, 165, 163, 165,
    165, 160, 158, 150, 145, 145, 143, 144, 156, 162, 171, 173, 168, 168,
    167, 161, 158, 154, 151, 154, 161, 166, 172, 170, 172, 171, 169, 166,
    160, 160, 156, 160, 165, 174, 172, 177, 173, 170, 166, 160, 157, 156,
    156, 158, 165, 172, 175, 176, 178, 179, 174, 169, 164, 158, 152, 155,
    157, 166, 178, 176, 180, 179, 183, 182, 182, 178, 181, 184, 185, 187,
    192, 188, 188, 191, 188, 188, 191 ]
RHandPositionsY: [ 141, 114, 102, 101, 95, 93, 84, 85, 88, 92, 91, 91,
    84, 78, 77, 78, 80, 74, 74, 83, 90, 95, 98, 94, 91, 89, 86, 84, 85,
    81, 78, 88, 92, 99, 100, 99, 94, 91, 86, 85, 84, 84, 84, 90, 97, 99,
    102, 102, 95, 92, 89, 89, 87, 87, 85, 86, 91, 99, 103, 103, 101, 97,
    91, 92, 90, 94, 92, 89, 92, 102, 110, 111, 114, 118, 119, 125, 138,
    149, 160, 170, 182, 191, 198, 206, 212, 218, 223, 223 ]
