%YAML:1.0
---
videoName: "RHShake04.mp4"
gestureLabel: 2
fps: 29
pixelSizeInCmTemp: 3.1513157894736843e-01
faceCenterPointX: 292
faceCenterPointY: 47
LHandPositionsX: [ 412, 412, 409, 410, 410, 410, 408, 412, 409, 409, 412,
    413, 411, 410, 411, 410, 408, 412, 410, 409, 410, 411, 410, 410, 407,
    407, 406, 406, 407, 409, 405, 407, 407, 405, 405, 405, 409, 408, 409,
    406, 408, 408, 407, 407, 409, 409, 407, 408, 408, 407, 409, 409, 408,
    405, 408, 406, 407, 405, 406, 408, 406, 406, 407, 403, 406, 407, 407,
    406, 406, 406, 405, 406, 404, 405, 404, 406, 405, 404, 404, 404, 401,
    404, 405, 405, 403, 402, 402, 403 ]
LHandPositionsY: [ 266, 263, 266, 264, 265, 262, 261, 264, 265, 263, 262,
    262, 263, 264, 263, 265, 263, 265, 261, 260, 261, 263, 264, 261, 264,
    261, 264, 263, 260, 263, 260, 261, 263, 263, 261, 261, 260, 263, 260,
    263, 261, 261, 263, 261, 261, 260, 262, 260, 260, 264, 260, 261, 261,
    263, 262, 262, 260, 264, 263, 262, 263, 260, 262, 260, 260, 261, 260,
    258, 260, 258, 261, 262, 262, 261, 259, 258, 261, 261, 260, 259, 261,
    258, 261, 259, 258, 258, 261, 260 ]
RHandPositionsX: [ 178, 178, 179, 183, 179, 182, 181, 180, 178, 180, 181,
    181, 179, 180, 179, 180, 179, 176, 178, 177, 177, 175, 177, 181, 182,
    177, 169, 164, 161, 164, 166, 166, 182, 189, 191, 191, 189, 183, 176,
    168, 165, 169, 174, 176, 176, 179, 181, 176, 169, 169, 165, 172, 176,
    177, 178, 179, 173, 171, 167, 172, 171, 174, 178, 181, 195, 189, 183,
    176, 172, 172, 171, 169, 173, 178, 186, 188, 194, 189, 188, 186, 187,
    187, 186, 177, 178, 176, 175, 173 ]
RHandPositionsY: [ 265, 264, 266, 264, 267, 262, 263, 266, 264, 269, 264,
    269, 270, 267, 268, 266, 271, 268, 271, 268, 270, 273, 266, 245, 223,
    194, 170, 146, 124, 124, 119, 101, 99, 101, 104, 103, 99, 95, 96, 93,
    89, 92, 97, 97, 98, 95, 97, 96, 94, 94, 94, 96, 100, 98, 97, 99, 94,
    93, 93, 89, 93, 98, 98, 97, 94, 97, 93, 97, 94, 92, 92, 95, 100, 106,
    120, 134, 142, 154, 165, 179, 195, 213, 221, 227, 238, 243, 247, 248 ]
