%YAML:1.0
---
videoName: "RHShake10.mp4"
gestureLabel: 2
fps: 29
pixelSizeInCmTemp: 3.1933333333333330e-01
faceCenterPointX: 295
faceCenterPointY: 45
LHandPositionsX: [ 342, 340, 340, 339, 338, 337, 337, 335, 333, 329, 335,
    329, 329, 329, 325, 328, 329, 329, 329, 329, 328, 327, 326, 329, 329,
    327, 328, 330, 330, 327, 330, 329, 330, 330, 327, 326, 329, 328, 326,
    328, 328, 326, 330, 330, 327, 328, 326, 326, 326, 328, 328, 327, 327,
    328, 327, 328, 326, 328, 327, 330, 330, 326, 326, 329, 327, 329, 326,
    327, 330, 327, 327, 326, 326, 329, 328, 328, 330, 331, 328, 328, 328,
    328, 328, 327, 331, 331, 331, 328 ]
LHandPositionsY: [ 264, 264, 268, 267, 266, 268, 267, 271, 271, 272, 270,
    273, 269, 273, 272, 274, 273, 274, 271, 272, 272, 271, 274, 272, 270,
    273, 272, 273, 273, 273, 271, 271, 272, 273, 273, 272, 271, 269, 270,
    269, 272, 272, 270, 271, 272, 270, 270, 270, 269, 271, 268, 272, 270,
    270, 269, 269, 272, 272, 272, 268, 270, 269, 272, 272, 271, 271, 268,
    269, 271, 269, 268, 269, 270, 271, 269, 268, 271, 270, 270, 267, 267,
    269, 267, 267, 271, 271, 271, 272 ]
RHandPositionsX: [ 259, 261, 263, 261, 261, 260, 263, 261, 261, 259, 260,
    259, 257, 261, 262, 263, 257, 252, 262, 250, 238, 223, 200, 183, 168,
    154, 134, 138, 139, 135, 144, 150, 154, 163, 163, 162, 157, 158, 161,
    160, 161, 171, 177, 180, 178, 178, 173, 172, 169, 167, 173, 187, 191,
    194, 191, 183, 180, 176, 175, 181, 181, 189, 190, 194, 191, 182, 177,
    175, 176, 177, 178, 192, 198, 204, 212, 219, 226, 233, 234, 242, 249,
    250, 248, 260, 262, 262, 261, 260 ]
RHandPositionsY: [ 264, 268, 263, 267, 267, 262, 263, 263, 263, 264, 266,
    268, 267, 268, 265, 267, 267, 266, 264, 255, 245, 227, 210, 191, 169,
    151, 131, 115, 112, 100, 88, 88, 88, 87, 87, 85, 79, 80, 77, 76, 79,
    85, 86, 84, 82, 76, 79, 74, 77, 81, 84, 90, 88, 95, 85, 86, 82, 83,
    81, 83, 88, 92, 93, 93, 87, 88, 83, 84, 84, 86, 94, 107, 128, 143,
    164, 177, 199, 213, 228, 242, 259, 260, 257, 261, 266, 265, 268, 266 ]
