%YAML:1.0
---
videoName: "RHShake09.mp4"
gestureLabel: 2
fps: 29
pixelSizeInCmTemp: 3.1103896103896100e-01
faceCenterPointX: 296
faceCenterPointY: 48
LHandPositionsX: [ 325, 327, 322, 326, 323, 324, 323, 324, 317, 315, 320,
    315, 312, 310, 313, 312, 313, 311, 308, 309, 307, 306, 306, 307, 307,
    307, 305, 305, 308, 308, 306, 308, 309, 311, 307, 310, 309, 309, 310,
    308, 308, 309, 311, 309, 310, 310, 309, 313, 313, 315, 313, 311, 315,
    311, 313, 313, 315, 312, 313, 313, 316, 313, 317, 316, 313, 315, 317,
    314, 315, 314, 315, 314, 315, 315, 314, 314, 315, 316, 317, 314, 315,
    317, 316, 318, 313, 314, 317, 314 ]
LHandPositionsY: [ 266, 265, 270, 267, 267, 268, 272, 273, 270, 271, 271,
    272, 273, 276, 271, 273, 275, 275, 275, 273, 273, 276, 272, 272, 273,
    272, 274, 275, 274, 273, 275, 274, 274, 275, 276, 273, 277, 274, 276,
    277, 276, 273, 276, 273, 273, 274, 276, 273, 276, 276, 274, 274, 273,
    273, 274, 275, 274, 277, 273, 276, 276, 273, 273, 273, 276, 274, 275,
    274, 272, 274, 275, 274, 272, 274, 273, 275, 276, 276, 273, 273, 272,
    275, 275, 274, 274, 276, 272, 272 ]
RHandPositionsX: [ 265, 262, 264, 261, 261, 263, 265, 263, 261, 259, 262,
    259, 258, 259, 257, 261, 256, 256, 260, 255, 257, 257, 257, 255, 258,
    257, 258, 253, 253, 257, 266, 261, 257, 242, 224, 205, 187, 175, 168,
    173, 175, 172, 181, 186, 186, 186, 182, 181, 180, 178, 186, 188, 189,
    202, 192, 188, 180, 178, 179, 187, 182, 186, 193, 188, 185, 181, 176,
    174, 174, 183, 185, 190, 184, 183, 178, 180, 183, 181, 183, 189, 193,
    193, 200, 200, 209, 216, 225, 239 ]
RHandPositionsY: [ 259, 265, 262, 262, 267, 268, 268, 266, 266, 266, 268,
    265, 268, 265, 265, 265, 269, 269, 265, 269, 266, 265, 267, 267, 266,
    268, 268, 269, 266, 267, 270, 258, 248, 232, 214, 196, 175, 158, 137,
    132, 116, 110, 106, 109, 111, 104, 100, 88, 88, 87, 88, 97, 94, 96,
    94, 91, 86, 87, 87, 89, 92, 96, 99, 93, 91, 88, 87, 90, 92, 96, 98,
    98, 94, 96, 93, 90, 88, 94, 97, 106, 103, 107, 122, 131, 144, 155,
    169, 187 ]
