%YAML:1.0
---
videoName: "RHShake20.mp4"
gestureLabel: 2
fps: 29
pixelSizeInCmTemp: 3.3263888888888887e-01
faceCenterPointX: 286
faceCenterPointY: 45
LHandPositionsX: [ 390, 394, 394, 390, 392, 390, 391, 394, 392, 394, 393,
    392, 393, 392, 393, 394, 391, 392, 393, 390, 393, 392, 390, 392, 392,
    391, 390, 390, 392, 394, 391, 392, 391, 392, 390, 392, 392, 393, 390,
    391, 391, 391, 394, 393, 392, 391, 392, 392, 390, 393, 394, 391, 390,
    394, 394, 393, 392, 394, 391, 394, 394, 394, 390, 391, 392, 393, 394,
    393, 390, 390, 394, 393, 393, 392, 391, 394, 393, 393, 390, 393, 391,
    392, 390, 393, 394, 394, 394, 393 ]
LHandPositionsY: [ 245, 246, 243, 244, 243, 245, 242, 245, 244, 242, 242,
    243, 243, 241, 240, 242, 240, 242, 242, 240, 240, 239, 240, 241, 240,
    241, 239, 240, 239, 241, 243, 239, 241, 242, 241, 243, 239, 242, 239,
    243, 239, 242, 242, 241, 239, 239, 242, 240, 241, 240, 243, 240, 242,
    241, 243, 243, 243, 243, 241, 242, 240, 242, 241, 242, 243, 240, 241,
    240, 240, 240, 239, 240, 243, 240, 240, 242, 242, 241, 242, 242, 243,
    239, 239, 240, 239, 241, 240, 241 ]
RHandPositionsX: [ 164, 162, 160, 154, 153, 153, 153, 157, 159, 157, 160,
    160, 157, 156, 154, 152, 151, 150, 158, 163, 160, 164, 156, 154, 153,
    151, 153, 153, 162, 160, 164, 159, 156, 154, 156, 153, 149, 149, 161,
    164, 168, 164, 164, 160, 156, 154, 152, 151, 160, 160, 166, 165, 165,
    169, 167, 168, 165, 163, 164, 157, 161, 168, 173, 177, 184, 183, 186,
    185, 188, 181, 182, 181, 182, 177, 178, 178, 180, 179, 178, 180, 176,
    177, 176, 178, 179, 179, 178, 180 ]
RHandPositionsY: [ 111, 108, 103, 104, 98, 98, 97, 101, 101, 101, 100,
    102, 100, 100, 98, 95, 99, 103, 113, 115, 113, 116, 113, 111, 109,
    106, 108, 107, 120, 118, 120, 114, 110, 108, 106, 103, 102, 108, 116,
    119, 122, 123, 123, 117, 116, 115, 115, 109, 111, 117, 122, 123, 121,
    125, 122, 120, 115, 116, 112, 113, 117, 125, 133, 137, 146, 156, 165,
    178, 184, 192, 202, 210, 219, 226, 234, 235, 239, 242, 243, 244, 242,
    244, 247, 244, 244, 247, 245, 247 ]
