%YAML:1.0
---
videoName: "RHShake14.mp4"
gestureLabel: 2
fps: 30
pixelSizeInCmTemp: 3.2808219178082193e-01
faceCenterPointX: 277
faceCenterPointY: 42
LHandPositionsX: [ 378, 376, 376, 379, 376, 377, 378, 377, 378, 375, 378,
    377, 375, 375, 373, 374, 373, 377, 373, 376, 372, 374, 374, 372, 372,
    374, 374, 374, 376, 376, 376, 373, 375, 376, 372, 373, 372, 374, 375,
    372, 376, 373, 372, 375, 373, 372, 374, 372, 372, 372, 375, 376, 372,
    376, 375, 375, 376, 376, 374, 375, 376, 376, 373, 372, 373, 374, 375,
    376, 376, 376, 375, 375, 375, 372, 373, 374, 373, 372, 373, 375, 372,
    374, 376, 374, 375, 372, 376, 374, 374, 372, 376 ]
LHandPositionsY: [ 231, 230, 232, 232, 232, 230, 230, 231, 232, 230, 230,
    233, 231, 231, 233, 231, 233, 231, 229, 233, 233, 232, 229, 231, 232,
    229, 230, 232, 232, 230, 229, 231, 231, 229, 231, 231, 230, 230, 230,
    231, 231, 229, 232, 229, 231, 230, 233, 233, 233, 230, 233, 231, 229,
    233, 232, 232, 233, 230, 229, 233, 231, 229, 233, 231, 233, 232, 232,
    233, 229, 233, 229, 232, 232, 230, 232, 233, 229, 230, 232, 232, 230,
    233, 231, 232, 231, 229, 232, 232, 233, 229, 230 ]
RHandPositionsX: [ 174, 171, 174, 171, 171, 172, 174, 172, 171, 173, 174,
    170, 171, 174, 171, 174, 174, 174, 172, 172, 173, 170, 174, 171, 171,
    171, 168, 168, 160, 151, 136, 128, 123, 118, 119, 121, 127, 130, 134,
    140, 144, 145, 147, 145, 148, 146, 150, 152, 154, 161, 156, 156, 151,
    149, 154, 155, 162, 166, 169, 162, 159, 157, 159, 156, 155, 164, 165,
    172, 174, 177, 176, 177, 176, 180, 173, 173, 179, 180, 175, 172, 174,
    170, 170, 170, 170, 174, 172, 174, 172, 174, 173 ]
RHandPositionsY: [ 242, 242, 241, 241, 240, 239, 241, 243, 242, 240, 239,
    240, 243, 243, 241, 241, 242, 240, 243, 241, 242, 240, 239, 241, 239,
    245, 247, 231, 212, 195, 175, 155, 136, 116, 114, 109, 105, 109, 116,
    114, 117, 103, 97, 91, 86, 87, 85, 86, 85, 82, 78, 78, 79, 79, 74,
    76, 79, 80, 80, 79, 80, 79, 75, 79, 77, 82, 84, 104, 120, 132, 148,
    159, 169, 180, 191, 193, 201, 203, 212, 218, 216, 223, 223, 226, 233,
    234, 235, 235, 234, 234, 235 ]
