%YAML:1.0
---
videoName: "RHShake00.mp4"
gestureLabel: 2
fps: 29
pixelSizeInCmTemp: 3.4710144927536229e-01
faceCenterPointX: 283
faceCenterPointY: 97
LHandPositionsX: [ 345, 344, 343, 346, 345, 342, 346, 345, 342, 346, 345,
    343, 345, 343, 343, 344, 344, 344, 346, 342, 345, 342, 342, 342, 345,
    345, 345, 344, 346, 345, 343, 345, 343, 345, 344, 342, 343, 345, 344,
    346, 343, 344, 343, 346, 344, 345, 342, 344, 343, 344, 342, 346, 343,
    342, 346, 346, 346, 346, 345, 342, 344, 343, 344, 346, 346, 346, 343,
    342, 343, 343, 345, 343, 345, 343, 343, 345, 346, 346, 344, 345, 342,
    346, 346, 345, 346, 344, 344, 343 ]
LHandPositionsY: [ 273, 274, 275, 275, 275, 272, 276, 276, 275, 275, 274,
    273, 273, 274, 276, 276, 274, 274, 274, 272, 275, 275, 275, 275, 273,
    272, 273, 274, 275, 275, 273, 274, 276, 275, 273, 272, 272, 276, 272,
    274, 273, 273, 274, 272, 272, 274, 273, 273, 274, 272, 275, 276, 274,
    273, 274, 272, 276, 276, 272, 274, 275, 274, 273, 272, 276, 274, 272,
    275, 272, 276, 276, 276, 276, 276, 272, 273, 274, 274, 272, 275, 272,
    276, 272, 272, 273, 274, 273, 273 ]
RHandPositionsX: [ 178, 174, 169, 154, 148, 148, 148, 146, 143, 140, 146,
    148, 150, 165, 165, 165, 168, 166, 162, 157, 152, 153, 146, 151, 155,
    163, 163, 167, 166, 165, 158, 149, 152, 146, 153, 153, 165, 164, 164,
    164, 160, 156, 149, 143, 138, 145, 149, 154, 152, 157, 160, 160, 157,
    152, 146, 147, 143, 150, 156, 159, 160, 160, 166, 163, 157, 152, 146,
    142, 144, 146, 149, 151, 157, 162, 165, 169, 170, 176, 178, 181, 184,
    186, 187, 190, 193, 195, 199, 199 ]
RHandPositionsY: [ 256, 253, 243, 217, 203, 189, 175, 167, 160, 150, 143,
    136, 134, 133, 138, 137, 134, 130, 129, 125, 120, 120, 120, 119, 125,
    131, 134, 131, 134, 132, 128, 127, 124, 126, 130, 134, 137, 141, 137,
    138, 142, 133, 130, 132, 127, 135, 134, 136, 138, 136, 138, 139, 135,
    133, 129, 130, 133, 130, 139, 147, 145, 146, 146, 144, 143, 137, 136,
    139, 141, 147, 156, 164, 167, 177, 181, 192, 200, 207, 216, 222, 229,
    237, 244, 249, 253, 256, 263, 260 ]
