%YAML:1.0
---
videoName: "RHShake18.mp4"
gestureLabel: 2
fps: 30
pixelSizeInCmTemp: 3.3732394366197183e-01
faceCenterPointX: 275
faceCenterPointY: 40
LHandPositionsX: [ 376, 375, 379, 375, 378, 376, 379, 378, 379, 379, 378,
    379, 379, 376, 376, 375, 378, 376, 377, 376, 378, 376, 377, 378, 376,
    378, 375, 375, 378, 375, 377, 378, 378, 377, 379, 377, 375, 378, 375,
    378, 377, 379, 375, 375, 377, 375, 379, 374, 373, 373, 374, 371, 363,
    358, 352, 349, 340, 334, 324, 318, 303, 299, 301, 298, 299, 289, 290,
    289, 296, 298, 291, 290, 292, 290, 291, 292, 292, 290, 290, 288, 288,
    289, 290, 286, 289, 287, 289, 287, 285, 288, 287 ]
LHandPositionsY: [ 230, 232, 230, 230, 232, 229, 230, 232, 229, 232, 232,
    229, 232, 229, 229, 229, 230, 231, 230, 232, 233, 230, 231, 229, 232,
    231, 233, 232, 229, 231, 230, 232, 233, 230, 230, 231, 232, 229, 231,
    229, 231, 232, 229, 232, 229, 230, 231, 230, 228, 228, 235, 235, 240,
    236, 235, 237, 231, 235, 228, 231, 232, 233, 234, 234, 232, 233, 235,
    237, 239, 239, 244, 244, 243, 239, 242, 243, 243, 241, 243, 241, 239,
    242, 243, 241, 239, 241, 243, 241, 239, 241, 242 ]
RHandPositionsX: [ 155, 153, 153, 148, 146, 151, 154, 161, 165, 163, 167,
    161, 155, 153, 153, 149, 156, 161, 170, 167, 167, 165, 159, 157, 156,
    157, 155, 165, 164, 169, 162, 160, 157, 155, 158, 164, 175, 175, 174,
    171, 166, 159, 159, 157, 161, 168, 173, 179, 192, 198, 206, 222, 233,
    241, 254, 260, 270, 256, 252, 247, 244, 241, 240, 238, 235, 236, 234,
    237, 233, 236, 241, 241, 240, 240, 238, 239, 236, 237, 236, 236, 236,
    236, 239, 236, 237, 238, 236, 236, 239, 240, 238 ]
RHandPositionsY: [ 71, 69, 71, 67, 69, 65, 69, 67, 73, 74, 70, 68, 69,
    66, 66, 68, 71, 73, 73, 70, 70, 73, 69, 68, 66, 71, 69, 75, 79, 75,
    73, 72, 74, 72, 77, 79, 91, 92, 94, 91, 86, 87, 86, 86, 83, 88, 97,
    102, 110, 123, 131, 143, 155, 162, 174, 181, 188, 195, 194, 199, 203,
    207, 209, 211, 215, 213, 218, 218, 224, 223, 227, 225, 228, 225, 225,
    224, 225, 225, 225, 225, 226, 227, 224, 226, 224, 227, 227, 227, 226,
    225, 228 ]
