%YAML:1.0
---
videoName: "RHShake09.mp4"
gestureLabel: 2
fps: 29
pixelSizeInCmTemp: 3.1103896103896100e-01
faceCenterPointX: 296
faceCenterPointY: 48
LHandPositionsX: [ 324, 326, 323, 323, 326, 323, 323, 320, 319, 319, 319,
    314, 316, 314, 312, 313, 310, 310, 312, 311, 308, 307, 306, 308, 307,
    306, 308, 305, 308, 308, 305, 307, 307, 310, 311, 310, 308, 310, 307,
    311, 307, 311, 309, 311, 313, 310, 313, 310, 313, 314, 312, 314, 315,
    313, 313, 313, 315, 314, 316, 314, 313, 316, 314, 316, 313, 314, 317,
    314, 317, 316, 314, 314, 316, 315, 314, 315, 314, 316, 315, 313, 314,
    316, 316, 314, 314, 318, 314, 318 ]
LHandPositionsY: [ 265, 268, 267, 269, 268, 269, 269, 271, 272, 273, 274,
    275, 271, 276, 271, 275, 276, 274, 275, 274, 273, 274, 275, 275, 275,
    272, 276, 274, 275, 273, 273, 276, 277, 274, 276, 275, 277, 276, 276,
    275, 277, 274, 275, 277, 276, 273, 277, 276, 273, 274, 275, 276, 273,
    277, 272, 276, 277, 276, 276, 275, 276, 273, 274, 274, 273, 274, 275,
    274, 273, 274, 275, 274, 275, 272, 276, 277, 272, 276, 272, 275, 274,
    274, 272, 273, 275, 276, 272, 273 ]
RHandPositionsX: [ 266, 266, 263, 264, 264, 264, 265, 262, 263, 259, 260,
    260, 260, 258, 260, 258, 259, 259, 257, 258, 257, 258, 256, 254, 255,
    258, 257, 257, 252, 256, 264, 261, 254, 244, 225, 202, 189, 178, 171,
    172, 173, 172, 181, 184, 187, 187, 182, 179, 177, 174, 188, 188, 191,
    199, 193, 186, 178, 176, 177, 188, 184, 185, 194, 190, 187, 184, 178,
    171, 172, 181, 183, 190, 187, 183, 178, 180, 180, 180, 183, 192, 191,
    191, 200, 202, 209, 214, 227, 240 ]
RHandPositionsY: [ 259, 266, 266, 265, 267, 266, 264, 268, 264, 265, 268,
    268, 266, 265, 268, 268, 266, 269, 266, 268, 268, 267, 267, 266, 268,
    269, 267, 265, 265, 270, 270, 259, 245, 232, 212, 196, 175, 156, 136,
    134, 114, 110, 104, 112, 111, 104, 98, 90, 90, 89, 87, 94, 96, 98,
    94, 91, 90, 90, 89, 90, 92, 98, 100, 97, 92, 87, 85, 90, 90, 95, 97,
    97, 95, 96, 92, 93, 91, 92, 95, 105, 106, 109, 124, 133, 144, 154,
    168, 186 ]
