%YAML:1.0
---
videoName: "RHShake06.mp4"
gestureLabel: 2
fps: 30
pixelSizeInCmTemp: 3.2808219178082193e-01
faceCenterPointX: 293
faceCenterPointY: 43
LHandPositionsX: [ 306, 307, 306, 307, 306, 309, 307, 310, 306, 310, 309,
    309, 310, 310, 307, 310, 313, 312, 315, 317, 319, 321, 322, 320, 322,
    323, 319, 319, 322, 322, 323, 323, 326, 326, 326, 326, 322, 322, 322,
    324, 324, 322, 323, 322, 325, 323, 322, 324, 322, 324, 326, 325, 325,
    322, 326, 325, 322, 325, 322, 325, 322, 324, 325, 322, 326, 324, 324,
    324, 322, 325, 324, 322, 322, 325, 324, 325, 323, 322, 324, 324, 326,
    324, 322, 321, 317, 315, 311, 309, 313, 310, 312 ]
LHandPositionsY: [ 270, 269, 269, 266, 270, 270, 268, 268, 269, 266, 268,
    269, 266, 267, 269, 268, 269, 269, 264, 265, 264, 262, 261, 261, 260,
    262, 262, 261, 259, 260, 260, 261, 262, 261, 261, 261, 261, 260, 260,
    260, 259, 260, 262, 260, 261, 258, 261, 259, 260, 261, 260, 261, 260,
    261, 261, 262, 259, 262, 258, 261, 262, 262, 260, 262, 261, 261, 261,
    262, 262, 260, 260, 260, 258, 262, 262, 258, 259, 262, 258, 258, 260,
    261, 261, 262, 262, 262, 265, 264, 262, 265, 264 ]
RHandPositionsX: [ 288, 288, 288, 286, 286, 287, 285, 284, 284, 286, 285,
    285, 284, 287, 285, 285, 287, 286, 276, 264, 246, 226, 203, 179, 158,
    148, 136, 134, 140, 138, 142, 146, 162, 162, 162, 159, 160, 163, 161,
    157, 163, 172, 180, 187, 190, 184, 180, 175, 168, 174, 169, 169, 174,
    182, 183, 185, 182, 189, 180, 169, 170, 163, 165, 180, 178, 179, 173,
    172, 166, 161, 167, 166, 173, 183, 190, 191, 207, 222, 234, 243, 250,
    254, 255, 249, 248, 254, 255, 254, 256, 253, 253 ]
RHandPositionsY: [ 269, 269, 266, 269, 270, 269, 267, 269, 269, 266, 269,
    269, 267, 268, 266, 270, 270, 267, 267, 258, 250, 236, 215, 197, 180,
    159, 136, 124, 114, 104, 112, 118, 127, 115, 111, 102, 97, 89, 93,
    92, 92, 94, 98, 98, 99, 98, 94, 90, 90, 91, 85, 89, 94, 100, 101, 97,
    98, 102, 94, 94, 92, 90, 95, 102, 100, 101, 101, 100, 103, 105, 118,
    127, 146, 161, 175, 182, 195, 203, 214, 222, 230, 237, 236, 240, 236,
    243, 240, 241, 244, 244, 242 ]
