%YAML:1.0
---
videoName: "RHShake21.mp4"
gestureLabel: 2
fps: 29
pixelSizeInCmTemp: 3.3732394366197183e-01
faceCenterPointX: 293
faceCenterPointY: 47
LHandPositionsX: [ 396, 395, 396, 398, 395, 398, 396, 398, 398, 396, 395,
    396, 394, 394, 394, 395, 394, 394, 396, 395, 394, 397, 397, 397, 394,
    394, 394, 396, 394, 397, 398, 396, 397, 394, 398, 397, 394, 396, 394,
    394, 398, 396, 394, 398, 396, 397, 397, 395, 394, 395, 394, 396, 398,
    394, 394, 394, 395, 396, 396, 398, 395, 396, 396, 396, 398, 397, 395,
    398, 394, 398, 397, 396, 394, 396, 397, 398, 396, 395, 395, 395, 398,
    395, 398, 395, 396, 397, 395, 396 ]
LHandPositionsY: [ 242, 240, 238, 240, 238, 242, 240, 242, 239, 238, 239,
    242, 238, 239, 240, 242, 241, 242, 241, 242, 241, 240, 239, 238, 241,
    239, 239, 240, 240, 239, 241, 239, 240, 242, 242, 242, 242, 241, 239,
    240, 239, 242, 240, 240, 238, 242, 240, 241, 239, 239, 240, 239, 242,
    239, 242, 242, 240, 239, 238, 239, 240, 238, 238, 240, 241, 240, 239,
    238, 241, 240, 238, 238, 241, 238, 238, 238, 239, 239, 241, 241, 240,
    240, 238, 239, 241, 239, 239, 238 ]
RHandPositionsX: [ 132, 141, 142, 142, 147, 147, 145, 141, 138, 135, 136,
    142, 145, 150, 148, 150, 146, 144, 140, 138, 136, 134, 141, 144, 146,
    149, 152, 152, 145, 144, 137, 139, 139, 139, 143, 148, 151, 153, 151,
    148, 142, 139, 136, 136, 139, 139, 147, 146, 151, 152, 145, 141, 140,
    136, 132, 134, 137, 146, 156, 164, 170, 179, 177, 182, 181, 182, 188,
    188, 186, 188, 189, 189, 186, 187, 188, 188, 185, 186, 185, 186, 185,
    185, 188, 189, 187, 188, 186, 189 ]
RHandPositionsY: [ 82, 87, 90, 90, 88, 86, 84, 83, 84, 81, 83, 83, 89,
    90, 90, 90, 90, 86, 86, 88, 83, 85, 81, 86, 88, 90, 90, 91, 89, 85,
    88, 83, 85, 85, 88, 87, 93, 93, 95, 92, 89, 85, 88, 88, 82, 90, 96,
    98, 96, 100, 95, 97, 91, 94, 90, 89, 95, 104, 113, 129, 137, 151,
    151, 149, 162, 170, 178, 190, 202, 210, 215, 216, 222, 228, 224, 228,
    227, 230, 230, 229, 228, 227, 229, 231, 231, 230, 230, 229 ]
