%YAML:1.0
---
videoName: "RHShake10.mp4"
gestureLabel: 2
fps: 29
pixelSizeInCmTemp: 3.1933333333333330e-01
faceCenterPointX: 295
faceCenterPointY: 45
LHandPositionsX: [ 341, 342, 341, 342, 340, 340, 337, 334, 334, 329, 334,
    331, 327, 327, 328, 325, 325, 327, 326, 328, 330, 328, 329, 327, 330,
    330, 329, 329, 327, 327, 326, 326, 326, 330, 329, 329, 329, 329, 330,
    328, 330, 329, 328, 330, 326, 326, 326, 326, 327, 326, 329, 328, 330,
    329, 326, 327, 328, 328, 329, 326, 326, 330, 330, 326, 330, 330, 329,
    329, 326, 330, 330, 326, 327, 328, 327, 329, 327, 330, 331, 327, 330,
    332, 331, 327, 331, 328, 327, 330 ]
LHandPositionsY: [ 262, 265, 267, 265, 266, 268, 268, 268, 270, 268, 272,
    273, 270, 273, 274, 271, 274, 270, 274, 274, 272, 272, 274, 270, 271,
    272, 271, 271, 269, 271, 272, 271, 273, 273, 270, 271, 271, 269, 271,
    270, 271, 271, 270, 270, 270, 272, 269, 270, 268, 269, 272, 270, 271,
    271, 272, 268, 269, 269, 270, 270, 268, 272, 268, 268, 272, 272, 271,
    269, 270, 271, 271, 270, 268, 270, 270, 268, 270, 271, 268, 270, 268,
    267, 271, 271, 268, 272, 270, 270 ]
RHandPositionsX: [ 262, 260, 264, 263, 262, 259, 260, 263, 258, 259, 261,
    257, 261, 259, 261, 262, 261, 255, 261, 250, 238, 222, 202, 183, 165,
    156, 135, 139, 139, 137, 142, 151, 155, 161, 166, 165, 158, 161, 161,
    158, 162, 173, 177, 181, 178, 179, 170, 171, 171, 167, 173, 188, 190,
    193, 191, 182, 179, 177, 174, 181, 180, 190, 193, 193, 190, 183, 179,
    176, 173, 181, 175, 192, 198, 203, 211, 219, 224, 230, 237, 243, 249,
    254, 252, 259, 264, 261, 260, 263 ]
RHandPositionsY: [ 264, 264, 266, 265, 264, 265, 267, 266, 263, 265, 267,
    265, 267, 269, 268, 267, 265, 264, 268, 257, 241, 228, 209, 192, 171,
    153, 130, 117, 112, 100, 89, 87, 86, 88, 84, 84, 81, 77, 78, 79, 81,
    81, 85, 85, 84, 79, 79, 76, 77, 80, 83, 89, 88, 95, 86, 84, 83, 82,
    82, 86, 87, 91, 94, 94, 88, 88, 81, 81, 82, 85, 96, 106, 126, 146,
    163, 177, 199, 211, 226, 244, 260, 260, 261, 264, 266, 267, 265, 266 ]
