%YAML:1.0
---
videoName: "RHShake14.mp4"
gestureLabel: 2
fps: 30
pixelSizeInCmTemp: 3.2808219178082193e-01
faceCenterPointX: 277
faceCenterPointY: 42
LHandPositionsX: [ 375, 376, 379, 379, 379, 376, 378, 377, 378, 376, 377,
    375, 378, 374, 375, 376, 373, 374, 373, 375, 375, 372, 372, 372, 374,
    373, 374, 374, 373, 372, 375, 373, 374, 374, 372, 374, 375, 376, 372,
    375, 372, 372, 373, 372, 373, 376, 374, 375, 373, 372, 372, 375, 374,
    374, 372, 374, 374, 376, 375, 372, 375, 374, 373, 375, 376, 373, 373,
    376, 376, 375, 374, 372, 374, 372, 375, 374, 372, 375, 373, 374, 372,
    372, 376, 373, 376, 375, 374, 375, 372, 372, 374 ]
LHandPositionsY: [ 233, 231, 231, 229, 233, 233, 232, 231, 230, 230, 233,
    233, 230, 232, 233, 233, 230, 231, 229, 229, 232, 232, 232, 232, 233,
    230, 230, 233, 232, 231, 232, 233, 233, 232, 231, 230, 232, 233, 233,
    232, 232, 230, 232, 229, 233, 229, 231, 233, 231, 231, 229, 233, 229,
    233, 230, 232, 233, 230, 230, 233, 231, 231, 230, 233, 233, 231, 231,
    232, 231, 231, 230, 229, 233, 231, 233, 231, 232, 231, 231, 232, 229,
    233, 233, 229, 231, 231, 231, 233, 233, 230, 233 ]
RHandPositionsX: [ 173, 170, 174, 173, 173, 174, 172, 170, 171, 170, 172,
    174, 173, 174, 173, 172, 172, 174, 171, 172, 171, 172, 170, 172, 172,
    173, 171, 168, 159, 148, 138, 126, 122, 118, 115, 124, 126, 132, 136,
    139, 141, 145, 143, 142, 145, 146, 149, 151, 154, 163, 159, 155, 153,
    152, 156, 157, 163, 169, 166, 162, 158, 156, 160, 156, 159, 163, 162,
    173, 176, 177, 180, 180, 178, 179, 171, 173, 177, 179, 176, 171, 173,
    170, 174, 173, 172, 170, 172, 173, 173, 173, 172 ]
RHandPositionsY: [ 242, 240, 240, 241, 240, 243, 240, 239, 242, 240, 240,
    240, 240, 239, 241, 241, 239, 241, 240, 240, 242, 239, 240, 242, 241,
    244, 243, 233, 212, 195, 174, 151, 133, 114, 115, 111, 104, 112, 114,
    116, 118, 107, 97, 90, 90, 86, 87, 84, 84, 82, 82, 80, 79, 78, 78,
    78, 79, 83, 77, 80, 80, 78, 74, 79, 77, 82, 88, 104, 119, 135, 147,
    159, 172, 183, 194, 197, 197, 201, 214, 218, 218, 222, 223, 228, 232,
    235, 235, 234, 237, 234, 235 ]
