%YAML:1.0
---
videoName: "RHShake17.mp4"
gestureLabel: 2
fps: 29
pixelSizeInCmTemp: 3.3732394366197183e-01
faceCenterPointX: 282
faceCenterPointY: 40
LHandPositionsX: [ 308, 307, 306, 305, 305, 309, 307, 307, 305, 306, 305,
    309, 306, 306, 309, 305, 307, 306, 309, 309, 306, 306, 309, 305, 307,
    309, 309, 308, 309, 306, 308, 308, 306, 306, 309, 308, 308, 305, 306,
    310, 308, 306, 310, 306, 310, 309, 306, 310, 306, 309, 309, 308, 310,
    311, 309, 310, 311, 309, 310, 310, 308, 308, 309, 311, 310, 310, 309,
    308, 311, 311, 311, 307, 310, 308, 306, 310, 309, 309, 309, 309, 309,
    307, 306, 309, 305, 305, 308, 309 ]
LHandPositionsY: [ 235, 231, 233, 234, 235, 231, 234, 234, 233, 232, 232,
    235, 235, 235, 233, 234, 231, 231, 235, 234, 233, 231, 234, 232, 232,
    231, 231, 232, 232, 235, 234, 231, 234, 233, 232, 234, 232, 234, 233,
    233, 233, 232, 233, 231, 235, 231, 234, 235, 232, 231, 235, 231, 234,
    232, 233, 233, 234, 234, 235, 232, 231, 231, 231, 234, 233, 234, 234,
    234, 235, 231, 235, 231, 235, 231, 235, 234, 232, 234, 234, 234, 233,
    234, 234, 232, 234, 233, 234, 234 ]
RHandPositionsX: [ 214, 197, 177, 160, 142, 142, 142, 147, 141, 143, 144,
    149, 155, 155, 149, 145, 141, 143, 144, 146, 161, 159, 157, 150, 151,
    146, 145, 144, 149, 154, 153, 160, 161, 153, 148, 146, 140, 140, 139,
    153, 151, 152, 156, 158, 154, 151, 151, 150, 157, 155, 170, 168, 164,
    165, 158, 158, 150, 150, 148, 148, 155, 164, 171, 176, 175, 176, 179,
    177, 174, 172, 176, 171, 168, 170, 168, 166, 171, 172, 171, 167, 167,
    170, 170, 167, 169, 168, 167, 170 ]
RHandPositionsY: [ 200, 185, 169, 149, 129, 112, 106, 102, 95, 91, 96,
    90, 81, 79, 73, 70, 71, 69, 68, 71, 76, 76, 73, 73, 71, 67, 68, 65,
    68, 67, 70, 68, 66, 66, 67, 63, 67, 63, 67, 82, 81, 81, 80, 80, 74,
    75, 71, 75, 72, 73, 88, 90, 87, 81, 77, 78, 78, 81, 77, 81, 93, 106,
    119, 134, 145, 161, 169, 181, 189, 198, 208, 215, 224, 227, 233, 232,
    239, 238, 237, 242, 243, 240, 244, 241, 243, 243, 245, 246 ]
