%YAML:1.0
---
videoName: "RHShake19.mp4"
gestureLabel: 2
fps: 29
pixelSizeInCmTemp: 3.2808219178082193e-01
faceCenterPointX: 283
faceCenterPointY: 48
LHandPositionsX: [ 391, 388, 388, 389, 390, 391, 388, 388, 390, 392, 388,
    391, 390, 392, 389, 389, 388, 389, 389, 388, 388, 391, 390, 392, 391,
    391, 390, 388, 392, 391, 391, 391, 392, 390, 389, 389, 392, 392, 392,
    390, 389, 388, 389, 392, 388, 388, 388, 389, 391, 389, 392, 390, 388,
    392, 392, 391, 391, 389, 388, 388, 388, 392, 389, 391, 389, 390, 388,
    391, 390, 389, 389, 392, 391, 391, 389, 388, 391, 391, 390, 390, 389,
    392, 389, 388, 388, 390, 391, 388 ]
LHandPositionsY: [ 243, 243, 242, 240, 243, 244, 242, 242, 243, 243, 241,
    241, 243, 241, 242, 244, 244, 244, 240, 241, 241, 242, 240, 244, 244,
    244, 243, 240, 243, 240, 242, 242, 244, 242, 240, 241, 240, 243, 240,
    241, 241, 242, 240, 244, 243, 244, 243, 241, 241, 242, 242, 244, 240,
    242, 240, 244, 240, 243, 244, 243, 242, 240, 243, 244, 243, 242, 244,
    242, 242, 241, 240, 241, 243, 242, 242, 242, 240, 242, 240, 243, 241,
    242, 243, 243, 243, 241, 244, 243 ]
RHandPositionsX: [ 158, 174, 181, 182, 188, 185, 177, 173, 164, 161, 164,
    164, 166, 176, 182, 184, 187, 180, 173, 171, 166, 162, 160, 166, 171,
    175, 175, 174, 169, 166, 163, 159, 158, 166, 171, 176, 178, 180, 179,
    172, 167, 161, 162, 161, 165, 167, 175, 179, 180, 183, 176, 175, 170,
    169, 165, 169, 169, 180, 182, 179, 183, 180, 175, 170, 169, 166, 171,
    174, 178, 183, 188, 188, 189, 189, 187, 185, 182, 183, 182, 178, 179,
    178, 181, 182, 179, 179, 182, 182 ]
RHandPositionsY: [ 88, 92, 97, 93, 92, 92, 85, 80, 77, 78, 73, 71, 78,
    85, 88, 90, 89, 84, 82, 79, 79, 78, 73, 75, 85, 92, 91, 89, 86, 85,
    84, 81, 79, 84, 87, 92, 93, 94, 92, 94, 91, 85, 84, 83, 82, 87, 91,
    99, 100, 104, 102, 97, 96, 96, 96, 96, 99, 106, 109, 110, 106, 103,
    103, 100, 98, 98, 109, 124, 140, 148, 165, 177, 188, 192, 197, 208,
    218, 223, 230, 236, 238, 238, 238, 241, 241, 239, 242, 243 ]
