%YAML:1.0
---
videoName: "RHShake08.mp4"
gestureLabel: 2
fps: 29
pixelSizeInCmTemp: 3.2808219178082193e-01
faceCenterPointX: 290
faceCenterPointY: 45
LHandPositionsX: [ 313, 315, 316, 314, 314, 313, 314, 314, 315, 311, 309,
    312, 311, 310, 307, 311, 309, 309, 308, 307, 308, 306, 307, 310, 307,
    308, 310, 308, 307, 306, 309, 307, 306, 307, 309, 307, 307, 308, 309,
    308, 309, 308, 306, 306, 305, 309, 310, 308, 305, 308, 305, 305, 307,
    307, 308, 306, 307, 307, 305, 305, 308, 305, 306, 309, 305, 307, 306,
    308, 306, 305, 305, 307, 306, 308, 305, 309, 309, 306, 308, 305, 309,
    306, 306, 307, 309, 310, 307, 308 ]
LHandPositionsY: [ 280, 279, 281, 283, 279, 282, 280, 285, 283, 281, 282,
    285, 283, 281, 284, 284, 281, 283, 281, 282, 281, 281, 285, 284, 282,
    282, 281, 281, 281, 281, 281, 282, 282, 282, 285, 283, 283, 283, 285,
    281, 283, 281, 283, 280, 282, 284, 281, 284, 284, 282, 280, 282, 280,
    280, 281, 284, 281, 284, 284, 282, 280, 282, 280, 283, 282, 284, 281,
    280, 284, 280, 281, 280, 284, 281, 284, 280, 284, 281, 284, 280, 282,
    284, 283, 284, 281, 281, 282, 283 ]
RHandPositionsX: [ 267, 271, 269, 271, 273, 269, 271, 275, 267, 261, 257,
    254, 252, 234, 220, 200, 188, 162, 156, 161, 165, 173, 197, 198, 203,
    201, 196, 189, 183, 180, 187, 193, 202, 199, 193, 194, 187, 181, 181,
    178, 189, 188, 188, 184, 184, 179, 173, 175, 173, 184, 183, 189, 191,
    188, 191, 189, 188, 202, 203, 218, 213, 205, 205, 198, 198, 193, 201,
    207, 215, 212, 214, 218, 223, 231, 238, 250, 251, 262, 264, 266, 265,
    269, 271, 270, 273, 276, 273, 268 ]
RHandPositionsY: [ 268, 267, 268, 267, 268, 269, 268, 268, 267, 263, 255,
    243, 233, 218, 204, 185, 172, 153, 130, 129, 116, 107, 104, 107, 109,
    104, 99, 94, 91, 92, 89, 93, 95, 96, 94, 91, 91, 86, 88, 90, 91, 91,
    92, 94, 87, 85, 84, 86, 87, 94, 95, 95, 98, 97, 94, 92, 93, 93, 100,
    95, 99, 100, 94, 95, 92, 92, 95, 99, 105, 109, 112, 125, 129, 144,
    156, 177, 192, 215, 227, 245, 257, 262, 261, 258, 262, 263, 266, 265 ]
