%YAML:1.0
---
videoName: "RHShake18.mp4"
gestureLabel: 2
fps: 30
pixelSizeInCmTemp: 3.3732394366197183e-01
faceCenterPointX: 275
faceCenterPointY: 40
LHandPositionsX: [ 379, 379, 379, 375, 375, 375, 379, 376, 377, 376, 379,
    376, 377, 376, 377, 379, 379, 379, 376, 376, 376, 379, 378, 375, 376,
    376, 376, 376, 375, 376, 378, 376, 379, 375, 378, 378, 375, 379, 375,
    377, 376, 375, 379, 379, 375, 378, 379, 378, 376, 371, 374, 369, 367,
    358, 351, 346, 338, 334, 322, 314, 302, 301, 301, 301, 297, 291, 288,
    292, 295, 295, 290, 291, 289, 292, 290, 290, 291, 292, 289, 289, 288,
    290, 289, 287, 286, 287, 289, 288, 287, 288, 286 ]
LHandPositionsY: [ 231, 233, 232, 232, 229, 233, 232, 233, 232, 229, 233,
    230, 230, 229, 232, 232, 232, 230, 231, 233, 231, 229, 230, 232, 232,
    232, 233, 229, 229, 233, 232, 233, 233, 230, 232, 231, 229, 231, 230,
    230, 232, 231, 233, 230, 231, 231, 233, 231, 230, 227, 235, 238, 238,
    237, 238, 237, 231, 234, 229, 229, 228, 234, 234, 232, 231, 235, 235,
    237, 239, 241, 242, 240, 240, 239, 243, 243, 241, 241, 242, 242, 239,
    241, 243, 242, 240, 241, 242, 240, 243, 241, 239 ]
RHandPositionsX: [ 156, 156, 153, 149, 146, 149, 153, 158, 164, 164, 166,
    161, 158, 154, 149, 151, 156, 163, 168, 169, 168, 165, 161, 158, 158,
    156, 155, 164, 164, 169, 162, 162, 160, 158, 154, 164, 173, 172, 172,
    170, 166, 159, 160, 155, 159, 168, 174, 182, 188, 199, 209, 220, 231,
    244, 255, 261, 269, 256, 253, 247, 247, 244, 239, 237, 237, 237, 233,
    233, 233, 237, 242, 238, 240, 240, 238, 239, 239, 237, 240, 240, 239,
    236, 239, 239, 238, 237, 239, 239, 237, 239, 236 ]
RHandPositionsY: [ 71, 69, 68, 67, 70, 69, 65, 71, 74, 73, 73, 67, 70,
    66, 68, 66, 70, 71, 72, 74, 70, 70, 68, 66, 69, 67, 70, 73, 79, 73,
    73, 75, 71, 73, 77, 80, 94, 92, 94, 90, 88, 89, 85, 83, 85, 88, 98,
    101, 112, 121, 135, 142, 154, 164, 172, 182, 192, 194, 197, 198, 201,
    206, 208, 213, 211, 216, 220, 219, 224, 224, 229, 226, 224, 227, 226,
    228, 227, 224, 228, 226, 226, 227, 225, 225, 228, 228, 224, 225, 224,
    228, 225 ]
