%YAML:1.0
---
videoName: "RHShake01.mp4"
gestureLabel: 2
fps: 29
pixelSizeInCmTemp: 3.1513157894736843e-01
faceCenterPointX: 292
faceCenterPointY: 51
LHandPositionsX: [ 392, 394, 396, 395, 394, 394, 392, 395, 395, 394, 392,
    394, 394, 392, 394, 392, 391, 395, 394, 393, 395, 391, 391, 391, 393,
    394, 391, 395, 393, 394, 393, 395, 391, 392, 395, 394, 392, 395, 393,
    395, 394, 392, 394, 393, 391, 394, 393, 391, 391, 391, 395, 394, 391,
    391, 394, 391, 393, 393, 394, 395, 394, 395, 395, 394, 395, 393, 395,
    393, 393, 394, 395, 395, 394, 394, 391, 395, 394, 394, 395, 395, 393,
    392, 393, 391, 391, 392, 395, 392 ]
LHandPositionsY: [ 253, 254, 257, 255, 256, 254, 256, 255, 257, 254, 253,
    256, 256, 255, 255, 253, 254, 254, 253, 253, 253, 257, 254, 254, 255,
    254, 254, 257, 255, 254, 253, 253, 256, 256, 256, 255, 253, 254, 254,
    254, 256, 254, 256, 257, 257, 256, 257, 255, 254, 255, 253, 253, 256,
    257, 254, 253, 257, 257, 256, 255, 254, 254, 257, 255, 257, 254, 255,
    253, 253, 255, 253, 257, 253, 253, 255, 256, 254, 253, 256, 256, 255,
    253, 255, 256, 255, 256, 257, 257 ]
RHandPositionsX: [ 168, 169, 169, 171, 171, 168, 168, 168, 171, 168, 167,
    168, 170, 168, 170, 170, 170, 167, 169, 171, 170, 168, 171, 171, 170,
    170, 170, 177, 176, 168, 164, 159, 155, 151, 158, 160, 170, 179, 193,
    191, 191, 188, 184, 177, 174, 174, 177, 187, 194, 197, 189, 188, 183,
    178, 176, 180, 180, 183, 184, 193, 189, 192, 196, 187, 182, 176, 176,
    179, 185, 192, 194, 199, 199, 197, 192, 187, 186, 189, 186, 183, 178,
    174, 176, 172, 175, 174, 175, 173 ]
RHandPositionsY: [ 278, 280, 278, 277, 280, 278, 280, 279, 276, 280, 276,
    279, 278, 276, 276, 278, 278, 280, 276, 280, 280, 278, 280, 279, 276,
    274, 266, 245, 229, 207, 188, 166, 149, 132, 131, 118, 109, 108, 113,
    108, 109, 106, 101, 101, 98, 97, 98, 96, 102, 102, 100, 97, 96, 94,
    95, 90, 93, 101, 98, 104, 101, 101, 100, 100, 95, 98, 98, 97, 102,
    106, 112, 121, 136, 147, 158, 178, 189, 203, 203, 214, 221, 229, 233,
    241, 241, 245, 243, 246 ]
