%YAML:1.0
---
videoName: "RHShake04.mp4"
gestureLabel: 2
fps: 29
pixelSizeInCmTemp: 3.1513157894736843e-01
faceCenterPointX: 292
faceCenterPointY: 47
LHandPositionsX: [ 412, 412, 409, 411, 409, 410, 409, 409, 411, 411, 410,
    409, 411, 412, 411, 411, 409, 411, 410, 407, 411, 411, 407, 409, 410,
    410, 405, 407, 407, 407, 405, 407, 405, 409, 409, 405, 405, 408, 407,
    407, 405, 405, 405, 409, 407, 407, 406, 407, 406, 406, 408, 406, 409,
    407, 409, 408, 405, 406, 406, 409, 408, 408, 407, 406, 404, 403, 405,
    402, 405, 402, 402, 403, 403, 402, 403, 405, 405, 402, 404, 403, 402,
    401, 401, 405, 405, 403, 403, 404 ]
LHandPositionsY: [ 265, 263, 263, 262, 264, 266, 263, 264, 265, 266, 265,
    261, 262, 262, 262, 263, 262, 263, 264, 263, 262, 262, 261, 262, 264,
    264, 263, 260, 262, 262, 262, 261, 264, 264, 264, 260, 261, 261, 264,
    261, 262, 260, 263, 260, 260, 264, 263, 260, 262, 260, 261, 260, 263,
    262, 261, 262, 264, 261, 260, 262, 261, 260, 259, 262, 263, 262, 261,
    261, 260, 260, 261, 259, 261, 262, 259, 262, 262, 258, 259, 261, 257,
    258, 261, 261, 260, 258, 261, 260 ]
RHandPositionsX: [ 179, 179, 182, 179, 181, 182, 180, 180, 177, 179, 179,
    181, 179, 179, 176, 176, 180, 180, 176, 179, 179, 176, 179, 183, 183,
    174, 169, 166, 161, 166, 165, 167, 182, 186, 195, 188, 188, 179, 174,
    171, 167, 170, 173, 175, 179, 179, 183, 175, 169, 166, 167, 170, 179,
    176, 180, 180, 175, 171, 171, 169, 170, 177, 176, 182, 196, 189, 184,
    177, 171, 173, 170, 171, 172, 176, 187, 191, 192, 189, 189, 189, 188,
    188, 187, 180, 177, 176, 177, 176 ]
RHandPositionsY: [ 268, 267, 264, 264, 265, 266, 265, 264, 265, 269, 264,
    268, 270, 268, 267, 267, 268, 268, 270, 267, 270, 272, 265, 247, 225,
    194, 173, 147, 123, 123, 120, 103, 97, 99, 104, 100, 98, 94, 96, 91,
    92, 89, 97, 95, 98, 96, 96, 94, 93, 90, 93, 94, 97, 97, 96, 97, 98,
    95, 91, 89, 90, 94, 99, 98, 96, 94, 96, 97, 93, 93, 94, 96, 101, 105,
    119, 133, 141, 152, 164, 178, 196, 209, 224, 227, 238, 243, 248, 247 ]
