%YAML:1.0
---
videoName: "RHShake13.mp4"
gestureLabel: 2
fps: 30
pixelSizeInCmTemp: 3.2808219178082193e-01
faceCenterPointX: 278
faceCenterPointY: 45
LHandPositionsX: [ 305, 306, 308, 308, 307, 307, 306, 305, 309, 308, 306,
    309, 309, 305, 308, 306, 305, 307, 307, 309, 307, 306, 305, 305, 307,
    306, 308, 308, 306, 305, 305, 306, 306, 306, 306, 307, 306, 307, 305,
    308, 307, 309, 309, 308, 309, 306, 305, 309, 309, 307, 306, 307, 309,
    306, 307, 307, 308, 309, 307, 305, 305, 307, 305, 305, 309, 306, 305,
    305, 307, 307, 307, 305, 306, 308, 309, 306, 310, 309, 309, 305, 302,
    304, 302, 304, 307, 306, 307, 305, 307, 307, 307 ]
LHandPositionsY: [ 245, 244, 244, 241, 242, 241, 243, 242, 245, 241, 242,
    244, 244, 242, 242, 241, 244, 242, 241, 240, 239, 241, 242, 239, 243,
    239, 243, 241, 243, 240, 240, 239, 243, 242, 240, 240, 242, 240, 238,
    239, 239, 238, 241, 239, 241, 241, 238, 239, 238, 240, 242, 242, 239,
    238, 238, 241, 241, 242, 238, 239, 240, 242, 242, 242, 238, 242, 239,
    241, 238, 242, 241, 238, 237, 238, 238, 236, 235, 233, 234, 234, 233,
    235, 232, 239, 239, 241, 242, 246, 247, 246, 245 ]
RHandPositionsX: [ 169, 151, 140, 139, 141, 141, 143, 142, 148, 148, 145,
    147, 139, 135, 137, 140, 140, 144, 147, 143, 139, 130, 133, 128, 129,
    133, 135, 140, 139, 136, 136, 133, 128, 132, 130, 134, 138, 136, 136,
    139, 135, 136, 134, 132, 139, 146, 148, 148, 149, 148, 142, 137, 137,
    139, 139, 140, 142, 143, 140, 138, 133, 130, 130, 132, 136, 142, 143,
    145, 153, 160, 171, 176, 188, 198, 212, 225, 238, 246, 253, 253, 250,
    255, 256, 260, 261, 261, 261, 260, 257, 257, 260 ]
RHandPositionsY: [ 155, 138, 119, 118, 113, 108, 106, 104, 100, 95, 93,
    90, 86, 90, 88, 87, 86, 87, 86, 86, 88, 85, 88, 86, 85, 86, 88, 89,
    89, 90, 92, 89, 91, 90, 92, 88, 91, 93, 94, 92, 91, 88, 91, 87, 91,
    97, 96, 93, 94, 95, 92, 94, 95, 92, 97, 101, 100, 99, 99, 99, 99, 94,
    95, 96, 102, 102, 109, 109, 117, 125, 138, 146, 157, 165, 177, 188,
    199, 208, 213, 213, 218, 222, 228, 237, 238, 239, 237, 238, 237, 242,
    242 ]
