%YAML:1.0
---
videoName: "RHShake20.mp4"
gestureLabel: 2
fps: 29
pixelSizeInCmTemp: 3.3263888888888887e-01
faceCenterPointX: 286
faceCenterPointY: 45
LHandPositionsX: [ 394, 392, 392, 391, 393, 392, 391, 392, 393, 392, 394,
    394, 392, 392, 392, 394, 392, 390, 393, 391, 392, 392, 394, 393, 392,
    394, 392, 392, 393, 392, 394, 390, 394, 393, 391, 391, 390, 391, 391,
    391, 393, 390, 390, 394, 394, 393, 393, 392, 392, 392, 390, 392, 392,
    394, 394, 390, 390, 391, 391, 391, 390, 393, 393, 392, 392, 392, 393,
    390, 391, 392, 393, 392, 391, 393, 391, 392, 394, 391, 390, 391, 391,
    394, 392, 392, 391, 393, 391, 392 ]
LHandPositionsY: [ 243, 242, 242, 246, 245, 244, 245, 243, 243, 240, 241,
    244, 243, 239, 239, 240, 243, 240, 240, 240, 242, 240, 239, 240, 240,
    240, 242, 241, 241, 239, 242, 242, 242, 243, 242, 243, 243, 240, 243,
    243, 241, 242, 243, 242, 241, 239, 240, 242, 243, 239, 239, 240, 239,
    239, 239, 243, 243, 240, 239, 241, 240, 243, 241, 241, 241, 241, 243,
    239, 243, 239, 242, 243, 241, 243, 242, 241, 241, 239, 239, 242, 242,
    241, 240, 240, 242, 241, 241, 239 ]
RHandPositionsX: [ 166, 159, 162, 157, 152, 156, 151, 155, 159, 156, 159,
    158, 161, 154, 150, 152, 151, 152, 158, 160, 163, 164, 156, 153, 151,
    152, 150, 153, 162, 160, 161, 160, 159, 152, 156, 153, 151, 150, 158,
    164, 168, 166, 165, 164, 159, 155, 155, 151, 156, 162, 166, 165, 167,
    170, 168, 168, 163, 165, 162, 159, 165, 166, 175, 175, 181, 186, 184,
    187, 184, 181, 186, 182, 180, 181, 176, 179, 181, 179, 176, 177, 177,
    178, 179, 179, 177, 176, 178, 178 ]
RHandPositionsY: [ 111, 109, 101, 102, 101, 99, 100, 99, 103, 102, 102,
    100, 98, 98, 95, 96, 97, 104, 112, 113, 113, 113, 112, 110, 108, 108,
    105, 110, 118, 118, 120, 114, 109, 107, 106, 103, 103, 107, 114, 121,
    123, 122, 123, 120, 113, 111, 113, 108, 111, 118, 126, 125, 122, 125,
    125, 119, 115, 113, 114, 113, 117, 122, 133, 136, 147, 157, 168, 175,
    183, 195, 202, 212, 220, 228, 232, 231, 237, 242, 242, 241, 246, 243,
    246, 243, 246, 246, 247, 247 ]
