%YAML:1.0
---
videoName: "RHShake22.mp4"
gestureLabel: 2
fps: 29
pixelSizeInCmTemp: 3.3263888888888887e-01
faceCenterPointX: 290
faceCenterPointY: 48
LHandPositionsX: [ 393, 393, 392, 392, 396, 396, 396, 392, 395, 396, 393,
    392, 393, 396, 394, 392, 393, 393, 393, 396, 396, 394, 396, 395, 393,
    395, 396, 394, 396, 394, 396, 394, 396, 392, 392, 392, 393, 393, 393,
    393, 395, 393, 396, 396, 394, 394, 392, 395, 393, 393, 393, 395, 396,
    395, 392, 395, 393, 394, 392, 396, 395, 394, 396, 396, 392, 394, 392,
    392, 396, 392, 393, 392, 396, 395, 395, 394, 392, 393, 395, 394, 392,
    392, 395, 396, 393, 393, 392, 392 ]
LHandPositionsY: [ 231, 234, 230, 230, 230, 233, 232, 232, 232, 232, 230,
    234, 234, 231, 231, 233, 230, 234, 234, 231, 230, 231, 232, 231, 234,
    234, 230, 232, 232, 232, 230, 233, 230, 234, 230, 230, 231, 230, 230,
    234, 232, 230, 231, 232, 233, 233, 231, 232, 230, 233, 234, 233, 233,
    234, 232, 233, 234, 234, 230, 231, 234, 232, 234, 230, 234, 232, 232,
    233, 234, 234, 230, 234, 234, 231, 230, 234, 234, 232, 232, 231, 232,
    232, 231, 233, 234, 233, 234, 233 ]
RHandPositionsX: [ 150, 139, 132, 131, 130, 137, 144, 157, 167, 165, 163,
    165, 163, 160, 151, 145, 143, 146, 145, 156, 163, 170, 171, 169, 170,
    167, 164, 158, 158, 152, 151, 157, 164, 173, 173, 172, 171, 172, 165,
    162, 160, 159, 158, 169, 170, 172, 176, 175, 174, 169, 162, 157, 153,
    154, 155, 166, 169, 176, 180, 179, 176, 174, 169, 163, 158, 153, 152,
    154, 167, 174, 177, 178, 178, 179, 180, 182, 178, 181, 186, 186, 187,
    189, 190, 188, 187, 190, 191, 189 ]
RHandPositionsY: [ 142, 116, 103, 103, 98, 91, 83, 83, 90, 92, 94, 91,
    85, 79, 78, 80, 79, 75, 77, 84, 89, 93, 95, 97, 93, 87, 84, 83, 84,
    81, 81, 91, 91, 99, 102, 99, 95, 93, 89, 87, 87, 83, 83, 89, 97, 100,
    103, 100, 94, 89, 88, 91, 88, 87, 87, 86, 92, 101, 104, 103, 101, 95,
    92, 94, 94, 91, 91, 87, 90, 102, 110, 113, 112, 117, 122, 126, 136,
    148, 159, 168, 182, 191, 198, 205, 214, 217, 227, 223 ]
