%YAML:1.0
---
videoName: "RHShake11.mp4"
gestureLabel: 2
fps: 29
pixelSizeInCmTemp: 3.3263888888888887e-01
faceCenterPointX: 274
faceCenterPointY: 53
LHandPositionsX: [ 309, 310, 309, 309, 307, 311, 310, 310, 309, 311, 308,
    308, 309, 309, 307, 311, 308, 307, 310, 308, 307, 311, 310, 311, 311,
    310, 310, 307, 311, 307, 307, 307, 311, 311, 310, 308, 309, 311, 307,
    307, 310, 311, 311, 309, 309, 308, 309, 311, 310, 307, 309, 311, 311,
    308, 310, 311, 308, 307, 307, 308, 311, 307, 309, 308, 309, 307, 309,
    308, 308, 309, 308, 308, 308, 307, 310, 309, 307, 309, 308, 307, 306,
    303, 307, 303, 304, 304, 303, 304 ]
LHandPositionsY: [ 245, 245, 248, 248, 249, 247, 246, 245, 248, 246, 249,
    247, 246, 247, 247, 245, 249, 245, 246, 246, 247, 249, 248, 247, 246,
    248, 248, 245, 246, 248, 245, 245, 246, 245, 248, 248, 248, 247, 248,
    249, 245, 245, 246, 245, 249, 247, 247, 248, 249, 245, 248, 249, 245,
    246, 246, 246, 249, 246, 247, 245, 245, 246, 248, 245, 249, 246, 248,
    245, 245, 244, 245, 245, 244, 243, 244, 247, 245, 246, 246, 247, 245,
    245, 246, 246, 247, 243, 244, 244 ]
RHandPositionsX: [ 247, 250, 248, 247, 236, 226, 209, 191, 175, 160, 147,
    138, 147, 143, 151, 156, 162, 164, 171, 171, 172, 162, 155, 152, 154,
    155, 158, 167, 170, 169, 168, 169, 162, 161, 158, 158, 154, 152, 160,
    169, 169, 168, 174, 168, 167, 160, 156, 159, 156, 156, 162, 171, 176,
    176, 179, 176, 172, 168, 165, 165, 161, 155, 159, 163, 172, 183, 191,
    204, 218, 229, 241, 250, 253, 261, 264, 261, 260, 263, 263, 259, 262,
    259, 262, 258, 259, 260, 262, 261 ]
RHandPositionsY: [ 247, 245, 245, 241, 232, 222, 206, 190, 176, 160, 140,
    128, 124, 111, 104, 105, 103, 106, 103, 102, 102, 101, 97, 98, 96,
    96, 95, 99, 103, 99, 102, 96, 96, 94, 95, 95, 93, 97, 98, 104, 104,
    106, 106, 106, 105, 103, 100, 100, 98, 96, 103, 104, 109, 107, 109,
    107, 103, 101, 101, 102, 101, 99, 105, 105, 118, 127, 142, 156, 175,
    188, 199, 210, 222, 229, 234, 237, 236, 237, 242, 238, 239, 241, 239,
    241, 239, 241, 241, 242 ]
