%YAML:1.0
---
videoName: "RHShake24.mp4"
gestureLabel: 2
fps: 30
pixelSizeInCmTemp: 3.3732394366197183e-01
faceCenterPointX: 304
faceCenterPointY: 46
LHandPositionsX: [ 391, 389, 391, 391, 392, 391, 391, 391, 389, 391, 393,
    390, 393, 390, 389, 392, 392, 389, 389, 393, 389, 392, 389, 389, 391,
    393, 393, 389, 390, 391, 390, 390, 390, 392, 393, 392, 389, 389, 391,
    393, 391, 392, 391, 389, 392, 392, 390, 390, 393, 390, 393, 392, 392,
    391, 392, 389, 389, 390, 391, 392, 393, 389, 391, 391, 393, 389, 389,
    389, 391, 390, 391, 389, 389, 391, 393, 393, 389, 390, 391, 392, 392,
    393, 392, 391, 390, 389, 391, 391, 393, 392, 390 ]
LHandPositionsY: [ 227, 227, 227, 227, 225, 228, 226, 229, 229, 228, 225,
    228, 225, 228, 227, 229, 229, 227, 226, 226, 227, 226, 228, 225, 226,
    227, 228, 225, 228, 226, 228, 228, 227, 227, 228, 226, 228, 229, 225,
    225, 229, 229, 229, 229, 226, 226, 227, 229, 228, 228, 229, 229, 225,
    225, 228, 228, 229, 225, 226, 227, 226, 227, 226, 226, 226, 228, 226,
    228, 227, 227, 229, 228, 228, 228, 227, 225, 229, 228, 226, 226, 225,
    227, 226, 227, 226, 225, 226, 227, 228, 229, 227 ]
RHandPositionsX: [ 142, 149, 149, 148, 156, 157, 155, 149, 148, 142, 136,
    136, 145, 155, 160, 162, 160, 161, 160, 157, 148, 143, 143, 142, 141,
    149, 158, 157, 159, 158, 155, 155, 152, 145, 141, 143, 148, 152, 156,
    160, 159, 164, 159, 153, 148, 145, 142, 140, 141, 148, 162, 165, 168,
    170, 168, 162, 157, 150, 150, 146, 147, 147, 153, 166, 167, 168, 170,
    173, 175, 175, 179, 182, 186, 186, 189, 190, 195, 192, 194, 191, 196,
    196, 195, 194, 195, 194, 194, 194, 194, 195, 196 ]
RHandPositionsY: [ 94, 103, 99, 99, 101, 98, 91, 90, 87, 88, 85, 87, 86,
    102, 109, 112, 114, 115, 108, 103, 98, 98, 98, 92, 94, 101, 110, 109,
    112, 115, 107, 99, 99, 95, 94, 90, 92, 94, 100, 107, 107, 112, 106,
    105, 102, 101, 99, 95, 96, 110, 122, 118, 121, 122, 120, 107, 102,
    100, 99, 98, 97, 97, 102, 114, 115, 116, 119, 123, 133, 140, 150,
    150, 153, 156, 167, 170, 176, 186, 198, 201, 211, 212, 210, 216, 216,
    218, 221, 221, 223, 228, 225 ]
