%YAML:1.0
---
videoName: "RHShake18.mp4"
gestureLabel: 2
fps: 30
pixelSizeInCmTemp: 3.3732394366197183e-01
faceCenterPointX: 275
faceCenterPointY: 40
LHandPositionsX: [ 378, 375, 376, 378, 377, 379, 377, 379, 376, 376, 379,
    376, 377, 377, 375, 378, 378, 376, 379, 379, 375, 379, 377, 375, 375,
    375, 375, 376, 379, 376, 379, 379, 376, 377, 379, 377, 378, 377, 376,
    379, 376, 375, 379, 379, 376, 379, 376, 374, 374, 372, 372, 372, 363,
    357, 351, 348, 336, 334, 322, 315, 302, 298, 301, 300, 295, 288, 288,
    291, 294, 297, 292, 292, 290, 289, 291, 293, 291, 290, 292, 289, 291,
    288, 290, 289, 288, 288, 288, 285, 288, 287, 288 ]
LHandPositionsY: [ 232, 231, 229, 230, 231, 231, 231, 230, 229, 232, 233,
    231, 230, 233, 232, 229, 230, 230, 230, 233, 230, 231, 230, 232, 233,
    232, 230, 233, 233, 231, 231, 232, 229, 229, 229, 233, 233, 231, 232,
    233, 231, 232, 233, 231, 229, 232, 229, 231, 228, 229, 233, 237, 236,
    237, 238, 237, 234, 233, 229, 230, 230, 231, 233, 234, 235, 234, 237,
    236, 239, 241, 240, 240, 240, 240, 243, 241, 241, 240, 243, 242, 239,
    243, 243, 242, 242, 240, 239, 242, 242, 241, 241 ]
RHandPositionsX: [ 159, 154, 151, 148, 146, 150, 153, 159, 163, 164, 166,
    164, 157, 151, 151, 149, 155, 161, 168, 169, 169, 162, 160, 158, 160,
    156, 156, 164, 162, 166, 163, 158, 159, 155, 154, 163, 175, 176, 173,
    171, 162, 157, 158, 158, 162, 167, 173, 180, 192, 200, 208, 220, 233,
    245, 252, 259, 270, 257, 252, 249, 247, 244, 242, 240, 236, 237, 236,
    234, 234, 234, 239, 239, 238, 240, 238, 238, 236, 236, 237, 238, 237,
    237, 239, 239, 238, 237, 237, 238, 240, 238, 237 ]
RHandPositionsY: [ 72, 71, 67, 67, 69, 67, 67, 71, 73, 74, 72, 70, 67,
    67, 67, 69, 68, 73, 71, 70, 74, 70, 67, 67, 65, 68, 69, 77, 76, 74,
    73, 73, 72, 73, 76, 79, 93, 93, 91, 90, 88, 85, 83, 84, 84, 90, 99,
    104, 111, 121, 132, 141, 153, 164, 172, 182, 188, 192, 195, 200, 205,
    208, 206, 213, 215, 214, 217, 221, 223, 227, 227, 225, 228, 226, 224,
    226, 228, 226, 228, 226, 227, 228, 225, 226, 224, 224, 224, 224, 224,
    227, 224 ]
