%YAML:1.0
---
videoName: "RHShake18.mp4"
gestureLabel: 2
fps: 30
pixelSizeInCmTemp: 3.3732394366197183e-01
faceCenterPointX: 275
faceCenterPointY: 40
LHandPositionsX: [ 377, 379, 378, 375, 378, 375, 377, 378, 379, 379, 379,
    375, 378, 377, 379, 375, 378, 375, 379, 379, 376, 375, 376, 376, 377,
    375, 376, 376, 377, 375, 378, 377, 378, 377, 378, 378, 376, 376, 375,
    376, 378, 378, 379, 377, 377, 378, 378, 376, 372, 375, 375, 371, 365,
    357, 351, 347, 339, 332, 324, 314, 301, 300, 300, 302, 295, 287, 287,
    292, 292, 297, 293, 289, 291, 291, 293, 290, 289, 289, 290, 291, 289,
    291, 287, 289, 290, 289, 288, 285, 288, 285, 289 ]
LHandPositionsY: [ 231, 233, 231, 231, 231, 229, 229, 233, 229, 229, 231,
    233, 232, 231, 231, 229, 229, 233, 232, 229, 232, 231, 232, 232, 231,
    232, 231, 231, 233, 231, 233, 230, 230, 231, 229, 230, 233, 232, 231,
    233, 233, 229, 231, 229, 230, 229, 230, 230, 231, 229, 236, 239, 237,
    236, 238, 238, 232, 233, 230, 227, 228, 230, 233, 230, 235, 234, 236,
    236, 238, 242, 243, 241, 241, 243, 243, 241, 239, 242, 242, 243, 241,
    243, 242, 243, 243, 242, 243, 243, 239, 239, 241 ]
RHandPositionsX: [ 158, 156, 150, 146, 149, 149, 154, 158, 161, 166, 164,
    161, 158, 152, 149, 151, 156, 164, 167, 168, 168, 163, 157, 159, 159,
    158, 159, 161, 165, 167, 165, 160, 159, 157, 155, 162, 175, 176, 172,
    170, 163, 160, 159, 156, 161, 165, 174, 183, 189, 197, 208, 220, 231,
    243, 256, 262, 270, 258, 251, 247, 245, 244, 241, 236, 237, 237, 237,
    237, 234, 238, 239, 237, 240, 239, 237, 239, 239, 240, 238, 237, 236,
    239, 239, 237, 237, 238, 240, 239, 240, 240, 237 ]
RHandPositionsY: [ 75, 70, 67, 69, 67, 65, 68, 67, 71, 72, 71, 68, 68,
    70, 69, 67, 69, 73, 71, 71, 70, 72, 70, 68, 66, 68, 70, 74, 77, 73,
    73, 75, 74, 75, 74, 80, 92, 89, 91, 90, 88, 85, 85, 85, 86, 86, 98,
    104, 110, 123, 135, 145, 152, 161, 171, 182, 192, 194, 198, 201, 204,
    208, 209, 211, 213, 214, 216, 221, 221, 223, 230, 229, 227, 226, 226,
    228, 227, 227, 224, 226, 225, 224, 226, 227, 226, 227, 224, 227, 224,
    224, 226 ]
