%YAML:1.0
---
videoName: "RHShake10.mp4"
gestureLabel: 2
fps: 29
pixelSizeInCmTemp: 3.1933333333333330e-01
faceCenterPointX: 295
faceCenterPointY: 45
LHandPositionsX: [ 342, 343, 340, 339, 342, 337, 339, 333, 334, 331, 334,
    330, 331, 326, 328, 326, 328, 326, 327, 326, 327, 330, 326, 327, 326,
    326, 327, 330, 330, 327, 330, 327, 326, 329, 327, 326, 326, 329, 327,
    328, 327, 327, 329, 326, 326, 326, 329, 329, 328, 326, 330, 329, 326,
    328, 328, 326, 326, 328, 326, 327, 329, 329, 326, 327, 327, 326, 327,
    328, 327, 329, 329, 328, 326, 326, 330, 328, 328, 327, 331, 327, 328,
    331, 329, 331, 330, 328, 329, 329 ]
LHandPositionsY: [ 262, 265, 267, 265, 264, 265, 268, 269, 269, 268, 271,
    269, 271, 273, 272, 273, 271, 273, 274, 273, 274, 270, 273, 274, 274,
    270, 273, 270, 272, 273, 271, 271, 270, 271, 272, 271, 270, 268, 271,
    270, 270, 270, 268, 268, 270, 268, 270, 270, 272, 269, 269, 272, 272,
    270, 270, 269, 272, 271, 270, 272, 270, 272, 271, 272, 271, 270, 268,
    270, 269, 269, 271, 268, 271, 268, 267, 271, 270, 271, 268, 268, 271,
    270, 270, 271, 271, 271, 270, 269 ]
RHandPositionsX: [ 263, 263, 263, 259, 261, 261, 262, 261, 258, 257, 260,
    261, 257, 260, 260, 263, 261, 253, 262, 252, 241, 221, 203, 182, 167,
    154, 136, 136, 136, 136, 144, 152, 153, 161, 165, 161, 157, 157, 160,
    160, 162, 174, 181, 179, 177, 179, 170, 171, 170, 169, 175, 187, 192,
    193, 192, 181, 179, 176, 176, 181, 182, 188, 191, 191, 191, 185, 177,
    174, 177, 180, 176, 189, 197, 204, 211, 220, 225, 230, 236, 244, 249,
    250, 251, 256, 261, 261, 262, 260 ]
RHandPositionsY: [ 265, 265, 265, 264, 263, 265, 266, 267, 265, 265, 268,
    265, 267, 269, 265, 268, 265, 265, 266, 258, 242, 229, 213, 193, 173,
    152, 131, 116, 113, 96, 89, 88, 88, 89, 87, 83, 82, 79, 79, 79, 80,
    82, 86, 84, 80, 79, 79, 75, 74, 79, 83, 87, 87, 96, 88, 85, 81, 85,
    80, 84, 87, 93, 93, 92, 87, 87, 85, 82, 80, 85, 96, 107, 128, 143,
    164, 179, 195, 213, 229, 242, 257, 258, 258, 264, 267, 266, 269, 269 ]
