%YAML:1.0
---
videoName: "RHShake15.mp4"
gestureLabel: 2
fps: 29
pixelSizeInCmTemp: 3.2808219178082193e-01
faceCenterPointX: 279
faceCenterPointY: 41
LHandPositionsX: [ 370, 370, 368, 372, 369, 370, 371, 369, 372, 372, 369,
    369, 368, 369, 372, 370, 370, 370, 370, 370, 372, 368, 370, 369, 372,
    371, 371, 371, 369, 370, 371, 371, 370, 371, 368, 370, 368, 369, 370,
    368, 372, 369, 372, 372, 368, 370, 371, 368, 371, 368, 370, 368, 372,
    371, 372, 369, 371, 372, 369, 370, 371, 369, 371, 372, 370, 369, 371,
    370, 371, 370, 368, 369, 369, 369, 370, 368, 369, 372, 368, 369, 371,
    371, 370, 371, 372, 368, 368, 369 ]
LHandPositionsY: [ 233, 236, 233, 232, 235, 234, 232, 236, 236, 234, 235,
    235, 233, 234, 234, 232, 234, 234, 236, 236, 235, 232, 232, 235, 233,
    233, 232, 234, 232, 233, 234, 233, 232, 234, 233, 234, 233, 234, 235,
    236, 236, 236, 232, 235, 231, 231, 234, 233, 232, 235, 231, 235, 235,
    232, 231, 231, 232, 234, 231, 235, 231, 232, 235, 231, 231, 231, 231,
    231, 233, 233, 232, 232, 231, 231, 235, 234, 235, 231, 232, 234, 231,
    231, 233, 234, 233, 232, 232, 233 ]
RHandPositionsX: [ 139, 122, 115, 109, 112, 111, 110, 106, 109, 110, 111,
    114, 113, 112, 108, 111, 113, 110, 108, 110, 114, 118, 117, 114, 108,
    109, 112, 110, 105, 107, 115, 119, 114, 116, 112, 109, 111, 112, 110,
    117, 112, 109, 116, 118, 119, 123, 121, 124, 122, 120, 120, 122, 125,
    127, 126, 126, 125, 125, 123, 118, 121, 122, 131, 132, 141, 143, 138,
    139, 137, 142, 142, 147, 153, 155, 156, 155, 158, 157, 161, 160, 160,
    158, 159, 160, 157, 157, 161, 158 ]
RHandPositionsY: [ 189, 170, 157, 145, 144, 142, 131, 125, 121, 116, 109,
    107, 101, 101, 99, 94, 97, 95, 92, 92, 92, 94, 95, 92, 93, 95, 95,
    95, 94, 95, 100, 102, 104, 103, 103, 100, 103, 102, 104, 106, 104,
    107, 112, 113, 109, 108, 104, 107, 104, 104, 107, 106, 113, 114, 117,
    113, 113, 113, 111, 113, 110, 118, 128, 136, 150, 165, 170, 180, 191,
    201, 210, 219, 230, 235, 238, 240, 244, 248, 247, 248, 245, 245, 247,
    247, 249, 249, 249, 245 ]
