%YAML:1.0
---
videoName: "RHShake22.mp4"
gestureLabel: 2
fps: 29
pixelSizeInCmTemp: 3.3263888888888887e-01
faceCenterPointX: 290
faceCenterPointY: 48
LHandPositionsX: [ 392, 394, 396, 396, 393, 394, 393, 396, 394, 396, 396,
    394, 392, 393, 393, 392, 396, 393, 392, 392, 395, 396, 393, 392, 392,
    395, 395, 395, 392, 392, 392, 396, 395, 394, 395, 393, 392, 394, 393,
    395, 396, 394, 392, 393, 395, 394, 394, 396, 396, 396, 392, 392, 393,
    396, 396, 395, 393, 394, 392, 396, 395, 393, 396, 395, 394, 394, 396,
    395, 392, 392, 395, 393, 393, 396, 393, 395, 394, 393, 395, 393, 392,
    393, 394, 393, 395, 396, 393, 395 ]
LHandPositionsY: [ 233, 233, 230, 231, 234, 232, 233, 234, 233, 230, 232,
    234, 233, 233, 233, 232, 231, 233, 232, 230, 233, 231, 233, 231, 234,
    232, 232, 234, 232, 233, 231, 232, 234, 232, 232, 232, 233, 232, 232,
    231, 234, 233, 232, 234, 232, 230, 230, 232, 232, 231, 234, 234, 233,
    232, 232, 232, 231, 230, 233, 233, 232, 233, 232, 230, 231, 233, 234,
    233, 232, 232, 233, 232, 234, 233, 232, 230, 232, 232, 231, 233, 231,
    232, 232, 230, 232, 231, 230, 231 ]
RHandPositionsX: [ 151, 135, 129, 128, 133, 136, 147, 159, 163, 163, 167,
    166, 161, 158, 150, 146, 146, 142, 144, 152, 164, 171, 172, 170, 171,
    166, 164, 158, 155, 151, 151, 161, 168, 170, 171, 171, 171, 170, 165,
    161, 160, 159, 158, 165, 171, 173, 174, 172, 174, 167, 161, 156, 156,
    155, 159, 163, 173, 175, 179, 181, 176, 174, 170, 165, 156, 154, 152,
    157, 169, 175, 179, 178, 181, 181, 180, 179, 181, 184, 182, 183, 187,
    192, 188, 186, 189, 187, 191, 188 ]
RHandPositionsY: [ 142, 117, 100, 100, 97, 89, 83, 86, 92, 91, 90, 92,
    84, 82, 79, 80, 76, 76, 74, 83, 91, 92, 98, 98, 94, 90, 88, 82, 85,
    83, 81, 91, 94, 100, 101, 100, 96, 92, 88, 88, 86, 83, 86, 89, 94,
    100, 101, 102, 94, 92, 90, 90, 86, 86, 83, 85, 91, 99, 101, 104, 98,
    98, 92, 93, 91, 93, 90, 90, 91, 105, 108, 109, 115, 120, 121, 127,
    135, 148, 159, 169, 183, 194, 198, 206, 213, 221, 224, 226 ]
