%YAML:1.0
---
videoName: "RHShake23.mp4"
gestureLabel: 2
fps: 29
pixelSizeInCmTemp: 3.3263888888888887e-01
faceCenterPointX: 298
faceCenterPointY: 49
LHandPositionsX: [ 391, 387, 390, 390, 387, 390, 388, 388, 390, 389, 391,
    390, 387, 390, 391, 389, 389, 388, 389, 389, 387, 387, 391, 389, 388,
    390, 389, 391, 391, 387, 387, 391, 389, 388, 387, 391, 390, 387, 388,
    389, 387, 387, 391, 387, 389, 389, 391, 387, 389, 387, 390, 387, 391,
    391, 389, 388, 391, 390, 390, 391, 389, 388, 391, 391, 387, 391, 390,
    388, 389, 388, 391, 388, 387, 387, 390, 387, 390, 388, 389, 391, 388,
    389, 388, 387, 389, 389, 390, 388 ]
LHandPositionsY: [ 226, 224, 226, 226, 226, 225, 226, 224, 226, 227, 228,
    225, 225, 227, 225, 227, 226, 226, 226, 225, 225, 227, 227, 226, 228,
    227, 228, 228, 227, 228, 225, 227, 227, 226, 225, 225, 226, 224, 225,
    227, 226, 224, 227, 224, 226, 228, 227, 227, 225, 227, 227, 224, 224,
    224, 225, 227, 224, 226, 227, 224, 224, 225, 224, 225, 228, 228, 225,
    228, 224, 225, 226, 225, 227, 225, 227, 226, 225, 226, 224, 227, 228,
    225, 226, 224, 225, 227, 224, 224 ]
RHandPositionsX: [ 168, 169, 174, 187, 188, 189, 195, 190, 179, 176, 174,
    172, 175, 180, 189, 198, 195, 197, 196, 194, 183, 181, 175, 176, 171,
    173, 171, 179, 191, 200, 202, 199, 200, 196, 190, 186, 185, 180, 179,
    183, 186, 200, 201, 202, 208, 205, 197, 191, 185, 181, 176, 178, 181,
    188, 192, 199, 207, 208, 208, 209, 212, 212, 208, 209, 211, 210, 210,
    204, 206, 207, 204, 204, 202, 203, 203, 204, 200, 202, 203, 199, 199,
    200, 201, 202, 199, 200, 200, 200 ]
RHandPositionsY: [ 97, 96, 99, 110, 116, 112, 121, 109, 105, 101, 98,
    101, 100, 103, 112, 125, 123, 124, 123, 113, 103, 103, 102, 99, 96,
    96, 93, 101, 117, 125, 121, 123, 125, 108, 108, 106, 103, 102, 100,
    101, 114, 123, 120, 124, 126, 125, 125, 108, 109, 107, 105, 103, 101,
    116, 129, 134, 140, 148, 151, 154, 159, 168, 175, 180, 193, 200, 207,
    215, 216, 216, 215, 218, 220, 222, 226, 229, 225, 228, 225, 228, 226,
    227, 224, 228, 225, 224, 227, 227 ]
