%YAML:1.0
---
videoName: "RHShake12.mp4"
gestureLabel: 2
fps: 29
pixelSizeInCmTemp: 3.3732394366197183e-01
faceCenterPointX: 299
faceCenterPointY: 45
LHandPositionsX: [ 404, 407, 404, 408, 407, 406, 408, 408, 405, 404, 407,
    407, 407, 407, 407, 406, 404, 405, 408, 408, 408, 408, 404, 406, 408,
    404, 404, 404, 404, 408, 407, 407, 407, 407, 407, 404, 405, 404, 404,
    405, 404, 406, 404, 408, 405, 407, 406, 404, 406, 408, 407, 408, 405,
    406, 405, 406, 406, 407, 406, 407, 408, 406, 408, 404, 407, 404, 405,
    408, 404, 407, 405, 408, 406, 407, 407, 408, 407, 404, 404, 408, 405,
    404, 404, 407, 408, 408, 407, 405 ]
LHandPositionsY: [ 243, 243, 240, 239, 240, 242, 241, 241, 239, 240, 239,
    239, 241, 240, 242, 241, 243, 243, 242, 239, 239, 239, 241, 243, 239,
    241, 239, 243, 239, 243, 243, 240, 240, 241, 241, 239, 243, 242, 241,
    243, 240, 240, 241, 240, 239, 242, 239, 242, 239, 240, 242, 239, 241,
    243, 243, 242, 242, 242, 243, 240, 241, 241, 243, 239, 243, 241, 241,
    241, 242, 241, 242, 241, 243, 240, 240, 240, 240, 239, 240, 240, 241,
    240, 243, 239, 239, 242, 242, 240 ]
RHandPositionsX: [ 169, 166, 163, 160, 164, 174, 183, 193, 192, 194, 193,
    185, 179, 173, 172, 169, 173, 176, 186, 187, 187, 185, 182, 173, 167,
    167, 168, 177, 184, 192, 194, 193, 184, 182, 175, 178, 172, 172, 182,
    189, 194, 193, 186, 178, 177, 178, 171, 174, 178, 193, 193, 192, 198,
    188, 182, 179, 179, 176, 174, 176, 182, 191, 199, 201, 202, 202, 195,
    191, 188, 185, 186, 185, 189, 192, 198, 200, 198, 202, 204, 202, 201,
    199, 196, 196, 197, 198, 199, 198 ]
RHandPositionsY: [ 139, 126, 119, 113, 104, 95, 94, 102, 108, 108, 101,
    94, 92, 91, 91, 87, 81, 88, 101, 102, 106, 99, 92, 88, 85, 85, 82,
    89, 99, 111, 110, 108, 102, 96, 95, 93, 88, 88, 94, 111, 114, 114,
    105, 98, 93, 93, 90, 89, 95, 111, 113, 113, 112, 103, 93, 92, 92, 90,
    85, 89, 94, 109, 120, 120, 121, 117, 113, 109, 112, 114, 115, 123,
    136, 148, 159, 161, 170, 175, 183, 194, 202, 211, 214, 218, 220, 224,
    228, 230 ]
