%YAML:1.0
---
videoName: "RHShake16.mp4"
gestureLabel: 2
fps: 29
pixelSizeInCmTemp: 3.2808219178082193e-01
faceCenterPointX: 281
faceCenterPointY: 44
LHandPositionsX: [ 370, 369, 369, 370, 372, 370, 371, 373, 370, 369, 370,
    371, 371, 369, 373, 371, 369, 372, 373, 372, 371, 369, 371, 370, 371,
    373, 371, 370, 369, 369, 370, 371, 370, 372, 371, 372, 370, 371, 372,
    372, 370, 370, 370, 370, 373, 371, 371, 372, 371, 370, 371, 372, 373,
    372, 371, 369, 372, 372, 370, 372, 371, 373, 373, 372, 369, 372, 370,
    369, 373, 372, 370, 372, 371, 369, 370, 369, 371, 372, 369, 372, 369,
    372, 372, 370, 370, 372, 372, 370 ]
LHandPositionsY: [ 232, 230, 232, 233, 233, 233, 231, 231, 233, 230, 233,
    231, 230, 234, 233, 231, 232, 232, 230, 230, 231, 234, 230, 231, 231,
    232, 233, 233, 233, 232, 233, 234, 233, 232, 232, 232, 233, 231, 232,
    234, 234, 230, 230, 232, 231, 233, 230, 232, 231, 230, 230, 232, 232,
    231, 233, 232, 231, 233, 229, 232, 230, 232, 230, 231, 231, 232, 233,
    229, 233, 230, 232, 230, 232, 233, 229, 233, 233, 232, 230, 230, 229,
    231, 231, 230, 233, 230, 233, 230 ]
RHandPositionsX: [ 171, 168, 171, 170, 171, 170, 171, 170, 171, 170, 167,
    170, 167, 171, 171, 168, 169, 168, 163, 153, 151, 147, 138, 130, 128,
    121, 119, 120, 125, 125, 129, 130, 137, 139, 142, 141, 137, 134, 138,
    140, 142, 144, 150, 151, 147, 147, 146, 146, 146, 147, 152, 154, 152,
    151, 146, 147, 147, 146, 145, 151, 155, 159, 154, 155, 155, 152, 150,
    154, 153, 161, 166, 171, 173, 176, 177, 172, 175, 172, 174, 169, 170,
    172, 172, 171, 169, 172, 170, 169 ]
RHandPositionsY: [ 268, 267, 267, 266, 266, 269, 269, 265, 268, 268, 266,
    266, 269, 265, 269, 268, 268, 263, 255, 243, 218, 197, 179, 162, 144,
    128, 115, 113, 112, 108, 106, 104, 97, 95, 97, 94, 93, 89, 87, 90,
    89, 88, 88, 88, 86, 89, 87, 85, 87, 87, 86, 88, 89, 88, 89, 86, 88,
    85, 90, 90, 94, 91, 88, 88, 86, 89, 89, 95, 103, 119, 131, 149, 158,
    171, 186, 189, 196, 201, 209, 218, 224, 222, 225, 235, 235, 235, 236,
    236 ]
