%YAML:1.0
---
videoName: "RHShake04.mp4"
gestureLabel: 2
fps: 29
pixelSizeInCmTemp: 3.1513157894736843e-01
faceCenterPointX: 292
faceCenterPointY: 47
LHandPositionsX: [ 410, 409, 409, 410, 413, 409, 411, 412, 412, 410, 414,
    412, 411, 412, 408, 412, 408, 408, 411, 411, 409, 407, 406, 409, 407,
    409, 407, 406, 405, 407, 407, 408, 409, 407, 408, 407, 405, 407, 405,
    405, 407, 409, 406, 408, 408, 408, 409, 407, 409, 406, 406, 407, 409,
    408, 406, 408, 407, 407, 405, 406, 408, 405, 407, 406, 404, 406, 404,
    405, 405, 403, 405, 402, 402, 406, 402, 405, 402, 402, 405, 405, 403,
    405, 404, 403, 404, 403, 402, 403 ]
LHandPositionsY: [ 263, 265, 265, 264, 262, 265, 265, 261, 261, 264, 265,
    263, 263, 261, 263, 263, 261, 264, 263, 262, 263, 261, 262, 262, 263,
    262, 264, 264, 261, 260, 263, 264, 262, 264, 261, 263, 261, 263, 261,
    264, 264, 260, 261, 262, 264, 262, 260, 261, 263, 264, 263, 263, 263,
    262, 260, 264, 262, 263, 261, 263, 263, 262, 262, 261, 263, 261, 260,
    260, 259, 259, 260, 261, 258, 260, 262, 259, 261, 260, 260, 259, 259,
    257, 260, 260, 261, 260, 260, 261 ]
RHandPositionsX: [ 182, 178, 182, 182, 179, 183, 180, 181, 181, 177, 179,
    179, 179, 178, 176, 180, 176, 176, 177, 177, 178, 179, 177, 183, 179,
    174, 171, 167, 165, 165, 163, 164, 178, 186, 193, 188, 188, 179, 172,
    168, 165, 168, 170, 177, 176, 177, 183, 174, 170, 166, 164, 168, 178,
    177, 179, 179, 173, 169, 170, 169, 168, 173, 176, 184, 195, 189, 182,
    180, 171, 174, 170, 171, 172, 177, 187, 189, 192, 191, 191, 189, 185,
    189, 184, 177, 175, 173, 174, 176 ]
RHandPositionsY: [ 264, 264, 267, 267, 266, 262, 265, 267, 267, 266, 267,
    267, 268, 269, 266, 267, 269, 268, 270, 267, 269, 270, 269, 244, 225,
    194, 171, 150, 124, 123, 121, 105, 97, 100, 106, 103, 100, 94, 92,
    94, 89, 89, 97, 94, 99, 97, 94, 94, 96, 93, 92, 96, 96, 100, 99, 95,
    94, 93, 92, 91, 93, 98, 96, 99, 93, 96, 94, 95, 95, 92, 94, 95, 102,
    107, 120, 131, 141, 154, 166, 178, 196, 212, 223, 226, 238, 245, 248,
    251 ]
