%YAML:1.0
---
videoName: "RHShake17.mp4"
gestureLabel: 2
fps: 29
pixelSizeInCmTemp: 3.3732394366197183e-01
faceCenterPointX: 282
faceCenterPointY: 40
LHandPositionsX: [ 307, 308, 308, 307, 308, 309, 307, 306, 309, 305, 305,
    306, 306, 309, 305, 308, 309, 309, 308, 307, 308, 305, 306, 309, 306,
    307, 309, 306, 308, 308, 306, 307, 309, 305, 306, 305, 308, 308, 305,
    310, 307, 309, 307, 306, 307, 309, 306, 310, 307, 310, 312, 311, 309,
    310, 308, 307, 309, 308, 308, 308, 311, 308, 308, 307, 310, 309, 307,
    307, 309, 309, 308, 310, 307, 306, 308, 309, 310, 307, 305, 309, 308,
    306, 307, 305, 307, 306, 305, 305 ]
LHandPositionsY: [ 232, 235, 235, 231, 233, 231, 234, 231, 235, 232, 232,
    234, 233, 235, 233, 233, 233, 231, 235, 235, 233, 235, 232, 231, 231,
    233, 235, 231, 234, 235, 233, 232, 232, 232, 232, 231, 232, 235, 232,
    234, 231, 235, 231, 234, 232, 231, 232, 232, 233, 234, 232, 233, 232,
    235, 232, 234, 235, 234, 232, 232, 232, 232, 235, 234, 232, 235, 233,
    232, 235, 231, 234, 233, 231, 232, 232, 231, 234, 231, 233, 234, 233,
    232, 231, 232, 232, 235, 234, 232 ]
RHandPositionsX: [ 212, 194, 175, 162, 141, 145, 146, 145, 142, 143, 148,
    152, 158, 153, 146, 148, 141, 142, 142, 148, 163, 158, 155, 153, 149,
    147, 148, 142, 147, 151, 152, 159, 159, 157, 147, 146, 141, 140, 140,
    152, 153, 154, 157, 160, 156, 150, 147, 153, 157, 159, 170, 172, 164,
    162, 161, 159, 152, 150, 146, 151, 154, 162, 169, 176, 175, 176, 179,
    176, 172, 169, 177, 169, 168, 171, 169, 170, 173, 172, 171, 169, 169,
    167, 167, 169, 169, 168, 169, 169 ]
RHandPositionsY: [ 203, 187, 169, 149, 129, 113, 108, 104, 96, 93, 97,
    92, 84, 80, 75, 72, 69, 68, 67, 73, 80, 76, 71, 72, 68, 67, 66, 65,
    66, 67, 69, 66, 64, 66, 65, 66, 63, 62, 65, 84, 79, 83, 79, 76, 76,
    76, 75, 71, 75, 76, 90, 91, 83, 82, 77, 77, 78, 79, 79, 85, 93, 104,
    121, 135, 145, 157, 171, 180, 189, 197, 209, 216, 220, 227, 236, 236,
    237, 241, 241, 240, 240, 243, 242, 241, 240, 244, 246, 243 ]
