%YAML:1.0
---
videoName: "RHShake05.mp4"
gestureLabel: 2
fps: 30
pixelSizeInCmTemp: 3.1103896103896100e-01
faceCenterPointX: 295
faceCenterPointY: 47
LHandPositionsX: [ 411, 412, 409, 411, 411, 411, 412, 408, 412, 409, 410,
    408, 409, 410, 408, 410, 412, 409, 412, 412, 412, 410, 410, 412, 411,
    408, 412, 412, 411, 410, 410, 410, 411, 409, 411, 412, 412, 410, 408,
    412, 409, 408, 410, 410, 410, 411, 410, 408, 411, 408, 412, 410, 408,
    412, 411, 410, 411, 412, 409, 408, 410, 411, 408, 409, 408, 410, 412,
    412, 408, 410, 410, 409, 409, 408, 411, 410, 411, 412, 411, 409, 412,
    411, 409, 410, 412, 409, 408, 408, 410, 410, 409 ]
LHandPositionsY: [ 257, 257, 257, 258, 257, 257, 260, 261, 258, 258, 261,
    258, 258, 258, 260, 258, 259, 257, 257, 261, 258, 259, 258, 261, 261,
    261, 261, 261, 260, 258, 258, 257, 260, 261, 261, 259, 257, 257, 257,
    260, 260, 258, 259, 260, 259, 261, 257, 260, 259, 257, 257, 260, 258,
    261, 260, 258, 258, 259, 260, 261, 257, 257, 257, 259, 257, 259, 261,
    259, 261, 258, 259, 261, 261, 261, 260, 261, 260, 259, 261, 260, 259,
    257, 260, 259, 257, 260, 259, 257, 257, 259, 260 ]
RHandPositionsX: [ 174, 175, 173, 173, 173, 175, 175, 175, 177, 176, 176,
    173, 174, 173, 173, 172, 175, 171, 172, 170, 170, 174, 171, 177, 176,
    175, 182, 181, 174, 164, 152, 156, 154, 160, 164, 177, 187, 201, 192,
    181, 176, 175, 170, 170, 177, 178, 187, 181, 179, 173, 173, 170, 171,
    172, 179, 190, 186, 179, 171, 172, 169, 169, 175, 188, 193, 191, 186,
    182, 180, 178, 182, 180, 190, 194, 194, 191, 181, 174, 169, 174, 174,
    174, 183, 185, 188, 189, 184, 178, 180, 178, 177 ]
RHandPositionsY: [ 262, 262, 261, 260, 262, 258, 262, 262, 259, 258, 259,
    260, 258, 262, 259, 262, 259, 260, 260, 259, 262, 259, 259, 260, 259,
    249, 230, 208, 182, 156, 132, 126, 106, 92, 86, 93, 93, 91, 89, 83,
    84, 80, 77, 82, 87, 87, 80, 79, 81, 75, 76, 77, 81, 86, 83, 91, 86,
    85, 84, 81, 82, 85, 88, 93, 94, 90, 88, 84, 83, 86, 81, 84, 88, 90,
    91, 88, 89, 85, 85, 95, 113, 133, 156, 180, 206, 219, 225, 234, 243,
    250, 248 ]
