%YAML:1.0
---
videoName: "RHShake11.mp4"
gestureLabel: 2
fps: 29
pixelSizeInCmTemp: 3.3263888888888887e-01
faceCenterPointX: 274
faceCenterPointY: 53
LHandPositionsX: [ 308, 307, 311, 310, 309, 309, 307, 308, 309, 307, 308,
    310, 308, 307, 311, 310, 308, 311, 307, 308, 308, 308, 311, 308, 309,
    311, 308, 311, 311, 311, 307, 307, 309, 307, 307, 308, 310, 309, 307,
    308, 307, 309, 308, 307, 311, 310, 311, 307, 310, 310, 311, 309, 308,
    308, 307, 309, 310, 311, 307, 309, 309, 309, 307, 308, 309, 310, 310,
    308, 308, 308, 310, 307, 311, 310, 308, 306, 309, 308, 309, 306, 307,
    305, 307, 304, 304, 307, 303, 305 ]
LHandPositionsY: [ 245, 245, 247, 246, 245, 249, 247, 247, 245, 247, 247,
    247, 245, 247, 246, 245, 247, 249, 246, 249, 249, 245, 245, 245, 246,
    249, 245, 249, 246, 249, 247, 248, 248, 247, 245, 248, 249, 245, 246,
    245, 248, 246, 246, 245, 248, 249, 246, 246, 249, 247, 246, 245, 248,
    248, 247, 248, 245, 248, 247, 245, 248, 245, 248, 248, 249, 249, 245,
    245, 248, 248, 248, 246, 245, 243, 244, 243, 244, 243, 245, 246, 245,
    247, 245, 243, 243, 247, 245, 246 ]
RHandPositionsX: [ 251, 247, 248, 247, 237, 226, 210, 192, 174, 161, 147,
    138, 146, 143, 152, 160, 160, 166, 172, 173, 172, 163, 155, 155, 154,
    154, 160, 165, 166, 168, 169, 169, 163, 161, 158, 155, 156, 155, 160,
    168, 171, 166, 170, 168, 165, 159, 156, 158, 156, 159, 162, 174, 172,
    179, 178, 177, 174, 168, 163, 163, 160, 156, 163, 164, 170, 183, 193,
    204, 218, 228, 238, 250, 253, 259, 262, 259, 259, 263, 259, 261, 260,
    260, 260, 261, 260, 258, 259, 262 ]
RHandPositionsY: [ 249, 246, 247, 242, 232, 222, 207, 190, 173, 159, 143,
    128, 125, 112, 102, 105, 103, 104, 102, 101, 101, 98, 101, 98, 96,
    94, 94, 100, 100, 99, 100, 99, 100, 96, 95, 95, 94, 95, 102, 107,
    105, 103, 103, 104, 105, 103, 98, 97, 100, 98, 102, 108, 109, 106,
    109, 106, 107, 102, 100, 100, 101, 99, 104, 109, 117, 128, 143, 158,
    172, 187, 201, 213, 222, 227, 238, 236, 237, 240, 238, 239, 240, 242,
    242, 239, 239, 238, 238, 238 ]
