%YAML:1.0
---
videoName: "RHShake10.mp4"
gestureLabel: 2
fps: 29
pixelSizeInCmTemp: 3.1933333333333330e-01
faceCenterPointX: 295
faceCenterPointY: 45
LHandPositionsX: [ 338, 340, 339, 338, 340, 341, 339, 334, 334, 329, 332,
    330, 331, 327, 329, 327, 325, 326, 326, 330, 326, 326, 328, 328, 327,
    326, 330, 327, 329, 329, 330, 326, 330, 330, 330, 328, 326, 328, 330,
    329, 328, 330, 327, 326, 328, 326, 328, 327, 326, 326, 329, 330, 326,
    329, 330, 327, 330, 330, 330, 326, 330, 329, 329, 328, 327, 327, 330,
    328, 329, 327, 326, 329, 327, 329, 330, 331, 331, 331, 328, 330, 330,
    332, 329, 331, 327, 330, 329, 326 ]
LHandPositionsY: [ 265, 265, 265, 266, 268, 266, 268, 267, 269, 271, 268,
    270, 270, 273, 273, 271, 271, 270, 271, 271, 271, 270, 274, 270, 272,
    273, 272, 274, 273, 273, 273, 269, 273, 271, 271, 269, 270, 270, 270,
    269, 268, 269, 271, 268, 271, 271, 272, 271, 270, 270, 272, 271, 271,
    272, 270, 271, 269, 268, 270, 272, 268, 270, 269, 272, 269, 269, 271,
    270, 270, 271, 272, 269, 272, 271, 270, 269, 270, 271, 270, 268, 270,
    271, 267, 268, 268, 268, 268, 273 ]
RHandPositionsX: [ 260, 263, 261, 259, 259, 260, 262, 260, 260, 261, 261,
    261, 259, 260, 260, 261, 259, 254, 262, 253, 241, 222, 202, 181, 165,
    152, 137, 137, 139, 138, 144, 149, 153, 161, 166, 164, 159, 159, 158,
    159, 163, 171, 181, 179, 177, 177, 170, 169, 169, 170, 176, 189, 189,
    194, 191, 183, 176, 179, 174, 178, 180, 188, 193, 193, 188, 183, 178,
    174, 174, 178, 175, 193, 198, 203, 213, 218, 225, 231, 235, 245, 251,
    253, 249, 256, 260, 259, 259, 259 ]
RHandPositionsY: [ 267, 266, 266, 267, 264, 263, 265, 265, 264, 268, 264,
    266, 265, 265, 265, 267, 265, 264, 264, 257, 245, 228, 212, 193, 170,
    149, 128, 117, 113, 96, 86, 86, 87, 90, 88, 84, 79, 76, 76, 78, 78,
    81, 85, 84, 84, 77, 76, 78, 74, 79, 85, 89, 87, 94, 88, 84, 81, 84,
    81, 85, 89, 95, 91, 92, 87, 89, 85, 80, 84, 85, 95, 107, 127, 146,
    162, 178, 195, 215, 228, 246, 260, 258, 260, 264, 266, 268, 267, 269 ]
