%YAML:1.0
---
videoName: "RHShake24.mp4"
gestureLabel: 2
fps: 30
pixelSizeInCmTemp: 3.3732394366197183e-01
faceCenterPointX: 304
faceCenterPointY: 46
LHandPositionsX: [ 390, 390, 392, 389, 391, 392, 389, 389, 391, 390, 391,
    389, 390, 390, 391, 390, 393, 391, 389, 392, 393, 391, 390, 389, 391,
    391, 393, 390, 392, 392, 392, 390, 390, 393, 392, 389, 390, 391, 389,
    389, 391, 391, 389, 391, 390, 390, 389, 390, 392, 392, 390, 389, 389,
    389, 389, 391, 391, 389, 390, 389, 389, 392, 389, 392, 393, 391, 389,
    391, 391, 389, 390, 392, 389, 393, 393, 391, 392, 393, 393, 389, 392,
    392, 393, 392, 390, 389, 390, 393, 390, 392, 390 ]
LHandPositionsY: [ 226, 228, 226, 226, 228, 227, 227, 225, 225, 229, 229,
    229, 227, 229, 228, 226, 229, 228, 228, 225, 229, 229, 228, 228, 227,
    229, 227, 225, 226, 228, 227, 225, 225, 227, 228, 228, 226, 229, 227,
    226, 228, 229, 228, 225, 229, 227, 228, 229, 227, 227, 229, 226, 226,
    228, 225, 228, 227, 228, 227, 227, 228, 226, 225, 228, 229, 225, 225,
    225, 229, 225, 229, 227, 227, 226, 227, 226, 229, 228, 229, 227, 225,
    228, 226, 227, 225, 229, 226, 228, 229, 226, 229 ]
RHandPositionsX: [ 142, 149, 152, 151, 153, 154, 151, 147, 147, 142, 138,
    135, 142, 154, 161, 164, 160, 161, 159, 154, 152, 142, 145, 143, 141,
    147, 155, 160, 158, 159, 157, 154, 151, 144, 143, 145, 145, 151, 155,
    156, 160, 165, 160, 157, 150, 143, 141, 144, 144, 151, 161, 166, 168,
    169, 170, 162, 157, 149, 151, 146, 150, 148, 150, 164, 164, 166, 172,
    171, 177, 175, 181, 179, 184, 186, 190, 189, 193, 191, 191, 193, 192,
    193, 195, 194, 192, 194, 193, 194, 193, 194, 196 ]
RHandPositionsY: [ 98, 101, 101, 99, 105, 99, 95, 88, 85, 87, 88, 84, 88,
    98, 109, 109, 111, 113, 106, 100, 96, 98, 98, 94, 93, 102, 112, 110,
    111, 113, 105, 101, 99, 94, 94, 93, 89, 98, 100, 106, 107, 111, 107,
    103, 99, 101, 96, 93, 96, 110, 122, 120, 120, 124, 121, 104, 102,
    103, 102, 99, 94, 95, 103, 113, 112, 118, 118, 121, 131, 139, 149,
    150, 153, 158, 165, 172, 177, 189, 198, 201, 209, 211, 210, 217, 219,
    217, 219, 223, 224, 227, 229 ]
