%YAML:1.0
---
videoName: "RHShake09.mp4"
gestureLabel: 2
fps: 29
pixelSizeInCmTemp: 3.1103896103896100e-01
faceCenterPointX: 296
faceCenterPointY: 48
LHandPositionsX: [ 328, 326, 323, 324, 326, 326, 325, 320, 318, 319, 318,
    317, 314, 312, 311, 310, 309, 309, 311, 310, 310, 306, 306, 307, 306,
    308, 307, 304, 305, 309, 309, 309, 308, 310, 308, 308, 308, 309, 309,
    311, 310, 311, 308, 309, 313, 311, 311, 310, 310, 313, 314, 315, 312,
    313, 315, 315, 312, 316, 315, 314, 313, 313, 313, 314, 316, 313, 315,
    314, 314, 316, 317, 316, 318, 314, 317, 313, 313, 314, 318, 316, 315,
    314, 315, 317, 313, 314, 316, 315 ]
LHandPositionsY: [ 269, 265, 267, 267, 268, 269, 272, 269, 270, 273, 272,
    274, 275, 273, 272, 275, 276, 275, 274, 273, 274, 275, 273, 275, 275,
    272, 275, 273, 273, 274, 273, 276, 276, 275, 275, 275, 276, 273, 275,
    274, 277, 277, 277, 273, 273, 274, 273, 276, 277, 273, 273, 277, 277,
    273, 275, 274, 273, 274, 276, 272, 276, 275, 273, 272, 275, 275, 273,
    272, 274, 274, 274, 275, 276, 274, 272, 273, 276, 274, 273, 276, 272,
    275, 272, 272, 276, 275, 275, 272 ]
RHandPositionsX: [ 263, 263, 266, 262, 264, 261, 265, 265, 263, 261, 259,
    260, 258, 260, 260, 260, 256, 260, 257, 257, 257, 255, 256, 257, 255,
    254, 254, 255, 253, 256, 263, 262, 255, 243, 223, 206, 187, 175, 169,
    171, 175, 172, 180, 182, 185, 188, 180, 181, 180, 176, 187, 189, 187,
    198, 192, 186, 182, 176, 179, 184, 181, 184, 195, 189, 186, 183, 177,
    173, 172, 183, 181, 187, 187, 181, 177, 177, 182, 180, 186, 190, 189,
    190, 201, 204, 209, 216, 226, 237 ]
RHandPositionsY: [ 262, 263, 265, 262, 266, 268, 266, 268, 264, 267, 266,
    266, 269, 267, 268, 266, 268, 266, 266, 268, 266, 268, 265, 266, 269,
    268, 266, 267, 265, 269, 269, 259, 244, 230, 212, 197, 176, 155, 139,
    134, 116, 111, 107, 111, 110, 102, 97, 90, 86, 86, 89, 97, 98, 98,
    95, 93, 87, 86, 89, 91, 93, 95, 97, 96, 91, 87, 87, 88, 88, 94, 96,
    99, 96, 96, 90, 91, 87, 90, 98, 107, 105, 107, 122, 131, 144, 153,
    170, 187 ]
