%YAML:1.0
---
videoName: "RHShake08.mp4"
gestureLabel: 2
fps: 29
pixelSizeInCmTemp: 3.2808219178082193e-01
faceCenterPointX: 290
faceCenterPointY: 45
LHandPositionsX: [ 313, 313, 314, 313, 317, 314, 312, 315, 314, 311, 309,
    313, 312, 312, 309, 310, 311, 307, 309, 306, 308, 306, 308, 308, 307,
    306, 309, 308, 308, 310, 309, 308, 307, 310, 311, 307, 307, 309, 308,
    310, 309, 307, 306, 306, 307, 307, 306, 308, 308, 308, 307, 308, 307,
    308, 306, 309, 305, 307, 305, 307, 309, 309, 306, 306, 305, 305, 309,
    308, 307, 308, 306, 306, 305, 309, 309, 305, 309, 306, 307, 306, 309,
    308, 306, 307, 307, 311, 306, 310 ]
LHandPositionsY: [ 279, 280, 282, 280, 282, 282, 280, 284, 285, 285, 284,
    284, 281, 283, 281, 284, 282, 282, 282, 281, 281, 284, 283, 282, 281,
    282, 284, 282, 285, 284, 285, 285, 283, 283, 285, 282, 284, 281, 285,
    285, 284, 284, 281, 281, 283, 281, 284, 283, 282, 281, 283, 283, 280,
    284, 282, 280, 282, 282, 283, 280, 282, 282, 281, 283, 281, 282, 283,
    282, 283, 283, 283, 284, 281, 281, 282, 282, 282, 284, 281, 283, 282,
    284, 283, 284, 281, 283, 283, 282 ]
RHandPositionsX: [ 267, 271, 272, 273, 269, 272, 275, 276, 267, 260, 259,
    255, 252, 237, 220, 201, 185, 163, 157, 162, 167, 172, 201, 200, 204,
    202, 195, 190, 185, 180, 190, 190, 206, 199, 196, 194, 188, 181, 181,
    176, 189, 191, 189, 185, 181, 176, 175, 172, 177, 181, 183, 186, 191,
    186, 192, 191, 189, 202, 205, 215, 211, 208, 202, 199, 196, 194, 201,
    206, 215, 213, 214, 217, 222, 230, 240, 248, 252, 265, 262, 263, 264,
    269, 271, 269, 272, 276, 274, 269 ]
RHandPositionsY: [ 266, 270, 269, 266, 266, 270, 266, 266, 268, 263, 253,
    242, 231, 217, 205, 186, 172, 150, 130, 128, 112, 108, 107, 105, 109,
    103, 97, 92, 91, 93, 92, 92, 95, 97, 94, 89, 87, 88, 88, 87, 92, 93,
    95, 93, 87, 88, 87, 84, 89, 93, 95, 95, 97, 97, 91, 90, 89, 94, 99,
    98, 102, 99, 96, 93, 92, 93, 95, 99, 106, 107, 111, 125, 130, 143,
    156, 174, 193, 217, 229, 245, 259, 258, 259, 261, 263, 263, 265, 263 ]
