%YAML:1.0
---
videoName: "RHShake04.mp4"
gestureLabel: 2
fps: 29
pixelSizeInCmTemp: 3.1513157894736843e-01
faceCenterPointX: 292
faceCenterPointY: 47
LHandPositionsX: [ 412, 410, 413, 413, 413, 412, 412, 410, 412, 411, 410,
    413, 409, 410, 408, 412, 412, 412, 408, 411, 410, 408, 410, 409, 406,
    407, 408, 406, 409, 409, 408, 407, 406, 405, 405, 408, 408, 409, 405,
    405, 407, 407, 406, 405, 407, 406, 408, 406, 405, 405, 409, 409, 406,
    407, 406, 407, 407, 408, 407, 409, 406, 404, 405, 406, 403, 404, 406,
    406, 405, 406, 403, 406, 403, 405, 404, 405, 405, 402, 403, 403, 402,
    402, 402, 403, 405, 404, 403, 404 ]
LHandPositionsY: [ 262, 264, 265, 262, 262, 265, 262, 264, 264, 264, 263,
    262, 262, 265, 262, 262, 261, 262, 260, 261, 261, 263, 261, 263, 262,
    261, 264, 261, 262, 263, 263, 261, 262, 264, 261, 262, 261, 262, 262,
    262, 262, 264, 261, 261, 264, 262, 261, 262, 261, 262, 262, 263, 264,
    263, 262, 261, 262, 261, 260, 264, 263, 261, 262, 260, 259, 259, 259,
    261, 258, 260, 260, 259, 262, 258, 258, 262, 258, 262, 261, 259, 257,
    259, 259, 257, 259, 258, 260, 258 ]
RHandPositionsX: [ 179, 179, 180, 183, 179, 181, 180, 179, 180, 178, 181,
    177, 178, 177, 179, 180, 176, 178, 178, 177, 179, 176, 178, 180, 179,
    177, 170, 163, 163, 164, 164, 167, 180, 190, 194, 188, 186, 181, 174,
    171, 167, 170, 171, 176, 179, 179, 181, 172, 166, 165, 168, 172, 179,
    180, 181, 179, 175, 170, 168, 170, 172, 173, 177, 181, 195, 191, 182,
    177, 171, 173, 170, 169, 172, 176, 186, 192, 191, 191, 190, 188, 186,
    187, 187, 180, 174, 175, 176, 172 ]
RHandPositionsY: [ 266, 265, 266, 267, 267, 265, 267, 265, 265, 265, 265,
    266, 270, 271, 268, 270, 271, 270, 270, 271, 269, 271, 265, 245, 221,
    194, 170, 150, 123, 123, 121, 101, 98, 101, 104, 99, 100, 96, 92, 95,
    90, 88, 94, 97, 98, 98, 94, 93, 92, 93, 94, 95, 100, 96, 100, 96, 98,
    94, 94, 89, 93, 98, 98, 96, 95, 95, 97, 96, 93, 95, 96, 96, 102, 108,
    120, 131, 141, 150, 162, 179, 193, 212, 224, 226, 235, 246, 250, 250 ]
