%YAML:1.0
---
videoName: "RHShake22.mp4"
gestureLabel: 2
fps: 29
pixelSizeInCmTemp: 3.3263888888888887e-01
faceCenterPointX: 290
faceCenterPointY: 48
LHandPositionsX: [ 392, 394, 394, 392, 393, 395, 394, 392, 396, 392, 393,
    392, 395, 393, 396, 392, 394, 395, 393, 394, 392, 392, 396, 396, 395,
    392, 395, 396, 395, 396, 393, 394, 396, 393, 392, 395, 393, 394, 395,
    396, 395, 392, 396, 395, 395, 395, 393, 392, 395, 393, 396, 392, 392,
    395, 394, 395, 392, 393, 394, 394, 394, 394, 393, 394, 395, 392, 394,
    394, 393, 392, 396, 395, 396, 393, 394, 393, 393, 394, 396, 392, 396,
    395, 394, 396, 394, 394, 396, 396 ]
LHandPositionsY: [ 234, 233, 233, 230, 234, 231, 234, 232, 232, 233, 233,
    234, 230, 233, 233, 232, 230, 232, 233, 233, 232, 234, 230, 230, 230,
    234, 230, 231, 233, 231, 232, 231, 234, 234, 232, 232, 232, 232, 230,
    233, 231, 230, 230, 233, 230, 231, 233, 232, 233, 231, 233, 233, 232,
    233, 233, 233, 234, 233, 234, 234, 233, 230, 231, 231, 230, 234, 231,
    232, 230, 231, 231, 231, 231, 231, 230, 233, 230, 233, 232, 231, 231,
    232, 231, 231, 230, 230, 232, 230 ]
RHandPositionsX: [ 149, 137, 131, 132, 130, 136, 145, 157, 165, 167, 167,
    164, 161, 160, 150, 147, 144, 146, 146, 154, 162, 170, 169, 172, 168,
    163, 164, 157, 156, 152, 153, 158, 168, 171, 174, 170, 174, 172, 167,
    163, 157, 156, 158, 166, 173, 176, 173, 171, 171, 167, 161, 155, 154,
    156, 159, 164, 172, 178, 178, 180, 179, 173, 167, 165, 158, 156, 155,
    155, 168, 175, 175, 178, 182, 181, 181, 178, 179, 180, 184, 186, 190,
    188, 188, 188, 190, 189, 187, 189 ]
RHandPositionsY: [ 138, 114, 102, 103, 95, 90, 81, 87, 91, 90, 92, 92,
    84, 82, 77, 77, 77, 74, 73, 83, 88, 91, 95, 95, 93, 87, 84, 83, 85,
    82, 78, 88, 92, 98, 102, 98, 93, 92, 86, 88, 86, 82, 85, 88, 93, 98,
    101, 100, 96, 90, 91, 90, 90, 87, 83, 85, 88, 100, 101, 104, 99, 98,
    90, 92, 91, 92, 92, 90, 90, 103, 106, 110, 116, 116, 122, 123, 139,
    147, 157, 168, 181, 194, 201, 203, 215, 219, 225, 225 ]
