%YAML:1.0
---
videoName: "RHShake23.mp4"
gestureLabel: 2
fps: 29
pixelSizeInCmTemp: 3.3263888888888887e-01
faceCenterPointX: 298
faceCenterPointY: 49
LHandPositionsX: [ 391, 389, 387, 391, 390, 389, 390, 387, 388, 390, 389,
    387, 388, 390, 389, 388, 391, 391, 391, 387, 390, 387, 387, 391, 387,
    387, 388, 391, 391, 388, 391, 388, 391, 389, 391, 388, 390, 388, 389,
    391, 387, 387, 387, 389, 390, 388, 390, 388, 389, 391, 391, 387, 389,
    388, 387, 389, 388, 388, 388, 390, 387, 388, 388, 391, 387, 390, 388,
    387, 391, 387, 391, 387, 389, 389, 387, 391, 390, 389, 388, 387, 391,
    390, 388, 387, 390, 390, 388, 388 ]
LHandPositionsY: [ 224, 225, 228, 228, 227, 227, 225, 224, 225, 228, 228,
    226, 228, 226, 228, 227, 226, 227, 228, 228, 226, 228, 224, 226, 228,
    224, 225, 228, 225, 224, 226, 225, 227, 225, 224, 226, 226, 227, 228,
    225, 227, 225, 228, 226, 226, 224, 224, 226, 225, 228, 224, 226, 225,
    228, 227, 227, 225, 227, 226, 227, 227, 228, 227, 226, 228, 225, 227,
    226, 228, 226, 227, 225, 226, 224, 224, 228, 226, 228, 225, 224, 224,
    224, 225, 226, 226, 228, 227, 224 ]
RHandPositionsX: [ 168, 172, 174, 189, 192, 186, 196, 190, 180, 180, 174,
    175, 174, 179, 188, 195, 196, 200, 196, 193, 184, 182, 175, 177, 171,
    172, 173, 177, 190, 200, 200, 200, 200, 195, 190, 185, 186, 180, 178,
    184, 186, 201, 201, 202, 208, 202, 198, 189, 183, 180, 176, 177, 182,
    189, 191, 202, 204, 211, 210, 209, 212, 210, 210, 211, 212, 208, 208,
    207, 204, 205, 203, 202, 202, 205, 203, 204, 203, 202, 202, 200, 203,
    201, 199, 198, 198, 199, 197, 198 ]
RHandPositionsY: [ 95, 93, 97, 110, 114, 116, 120, 112, 102, 103, 98, 99,
    97, 101, 114, 124, 124, 123, 127, 113, 101, 101, 100, 98, 100, 96,
    93, 98, 115, 122, 122, 122, 121, 108, 108, 103, 107, 104, 101, 103,
    116, 119, 123, 121, 125, 124, 124, 106, 107, 108, 106, 103, 99, 116,
    126, 135, 142, 151, 149, 152, 159, 168, 175, 181, 191, 201, 207, 216,
    214, 214, 215, 219, 222, 223, 225, 227, 225, 227, 227, 227, 226, 227,
    226, 225, 224, 224, 224, 224 ]
