%YAML:1.0
---
videoName: "RHShake08.mp4"
gestureLabel: 2
fps: 29
pixelSizeInCmTemp: 3.2808219178082193e-01
faceCenterPointX: 290
faceCenterPointY: 45
LHandPositionsX: [ 313, 314, 314, 316, 314, 314, 316, 313, 311, 312, 308,
    310, 309, 310, 307, 307, 307, 311, 307, 308, 308, 307, 307, 306, 309,
    309, 306, 310, 307, 306, 306, 308, 306, 306, 309, 306, 309, 309, 308,
    310, 308, 308, 309, 305, 306, 306, 308, 308, 309, 309, 307, 308, 305,
    305, 308, 309, 305, 305, 308, 308, 307, 305, 309, 308, 309, 308, 309,
    306, 309, 305, 305, 309, 308, 305, 305, 307, 309, 308, 308, 306, 306,
    309, 309, 306, 307, 309, 308, 307 ]
LHandPositionsY: [ 282, 278, 281, 283, 281, 283, 280, 284, 282, 285, 285,
    284, 283, 285, 284, 281, 281, 283, 281, 285, 283, 285, 283, 281, 281,
    284, 282, 285, 282, 281, 284, 283, 283, 283, 283, 282, 285, 285, 282,
    284, 284, 283, 285, 284, 281, 283, 283, 281, 283, 283, 283, 281, 280,
    280, 284, 283, 281, 284, 280, 284, 283, 280, 280, 284, 281, 282, 281,
    283, 284, 281, 284, 283, 280, 280, 281, 280, 284, 284, 284, 281, 281,
    283, 280, 281, 283, 282, 280, 280 ]
RHandPositionsX: [ 269, 271, 270, 270, 270, 273, 275, 276, 265, 258, 257,
    256, 251, 237, 221, 202, 186, 166, 156, 160, 165, 175, 199, 196, 203,
    198, 193, 191, 185, 178, 189, 191, 202, 202, 193, 194, 186, 181, 180,
    178, 190, 190, 186, 187, 181, 180, 176, 173, 175, 183, 184, 189, 193,
    190, 192, 191, 186, 203, 203, 216, 213, 208, 203, 198, 197, 196, 203,
    206, 214, 210, 214, 218, 225, 231, 240, 249, 249, 264, 262, 262, 268,
    269, 269, 271, 276, 275, 273, 270 ]
RHandPositionsY: [ 266, 266, 270, 267, 267, 269, 269, 269, 264, 264, 252,
    243, 232, 218, 201, 184, 175, 151, 132, 126, 113, 107, 105, 106, 109,
    105, 97, 93, 91, 92, 91, 94, 96, 93, 96, 88, 90, 85, 89, 88, 94, 93,
    95, 90, 89, 86, 88, 87, 90, 92, 94, 93, 98, 96, 93, 89, 91, 93, 99,
    95, 101, 97, 96, 95, 92, 93, 96, 98, 105, 107, 110, 124, 133, 145,
    157, 175, 192, 217, 227, 244, 256, 261, 261, 262, 262, 263, 265, 265 ]
