%YAML:1.0
---
videoName: "RHShake07.mp4"
gestureLabel: 2
fps: 29
pixelSizeInCmTemp: 3.2364864864864862e-01
faceCenterPointX: 292
faceCenterPointY: 44
LHandPositionsX: [ 310, 307, 307, 310, 310, 306, 309, 309, 308, 307, 310,
    309, 309, 310, 313, 311, 313, 313, 314, 314, 313, 310, 312, 310, 310,
    311, 311, 310, 311, 311, 314, 310, 316, 314, 313, 312, 312, 315, 316,
    313, 316, 314, 313, 316, 312, 316, 313, 315, 316, 312, 315, 316, 314,
    313, 314, 314, 313, 312, 315, 312, 312, 316, 313, 312, 312, 314, 314,
    312, 313, 312, 314, 313, 314, 317, 313, 315, 314, 313, 313, 315, 308,
    308, 310, 308, 312, 308, 308, 311 ]
LHandPositionsY: [ 268, 268, 269, 270, 267, 267, 270, 268, 270, 275, 272,
    273, 269, 270, 271, 272, 270, 270, 269, 270, 267, 270, 269, 269, 269,
    267, 267, 269, 267, 271, 269, 267, 269, 268, 268, 268, 271, 268, 270,
    271, 268, 267, 269, 270, 267, 267, 269, 270, 270, 271, 271, 268, 271,
    271, 270, 270, 271, 269, 267, 268, 271, 268, 269, 267, 267, 268, 267,
    268, 269, 267, 271, 267, 270, 269, 270, 266, 270, 267, 272, 269, 270,
    274, 271, 274, 273, 272, 275, 272 ]
RHandPositionsX: [ 264, 267, 267, 267, 264, 267, 263, 265, 263, 270, 265,
    265, 255, 237, 214, 197, 178, 164, 154, 157, 161, 154, 159, 160, 162,
    182, 192, 186, 178, 170, 168, 164, 181, 182, 187, 187, 182, 176, 167,
    168, 174, 175, 179, 184, 185, 183, 177, 170, 168, 167, 166, 181, 185,
    201, 194, 189, 184, 176, 169, 172, 164, 166, 173, 174, 174, 181, 178,
    173, 170, 170, 157, 166, 178, 197, 215, 230, 244, 258, 270, 279, 270,
    271, 271, 267, 262, 266, 268, 264 ]
RHandPositionsY: [ 252, 255, 252, 254, 255, 255, 255, 255, 257, 258, 248,
    240, 230, 216, 204, 187, 166, 153, 136, 133, 128, 114, 121, 123, 129,
    117, 104, 98, 93, 91, 86, 89, 107, 106, 103, 97, 97, 93, 94, 91, 90,
    95, 98, 100, 96, 96, 92, 89, 93, 87, 82, 91, 96, 103, 98, 95, 93, 92,
    90, 89, 88, 90, 94, 94, 90, 94, 86, 89, 90, 90, 93, 120, 139, 149,
    165, 188, 207, 225, 235, 243, 243, 248, 252, 254, 252, 252, 257, 258 ]
