%YAML:1.0
---
videoName: "RHShake05.mp4"
gestureLabel: 2
fps: 30
pixelSizeInCmTemp: 3.1103896103896100e-01
faceCenterPointX: 295
faceCenterPointY: 47
LHandPositionsX: [ 408, 408, 412, 410, 411, 411, 411, 409, 410, 411, 408,
    411, 409, 411, 410, 410, 412, 409, 409, 408, 412, 412, 411, 408, 408,
    412, 412, 409, 411, 410, 409, 410, 411, 409, 408, 408, 410, 409, 409,
    412, 412, 410, 411, 409, 408, 409, 412, 408, 409, 410, 410, 410, 412,
    408, 412, 409, 411, 412, 412, 409, 409, 411, 408, 411, 409, 412, 412,
    410, 409, 408, 408, 412, 411, 411, 409, 411, 410, 411, 410, 408, 412,
    408, 411, 410, 410, 410, 412, 409, 409, 409, 410 ]
LHandPositionsY: [ 260, 259, 261, 261, 258, 259, 258, 261, 260, 257, 259,
    260, 261, 259, 260, 259, 260, 258, 258, 257, 257, 260, 257, 258, 260,
    260, 257, 261, 258, 261, 259, 258, 258, 259, 257, 261, 259, 259, 260,
    258, 258, 260, 258, 261, 261, 257, 259, 261, 259, 261, 260, 257, 261,
    261, 261, 258, 259, 257, 257, 257, 257, 260, 259, 261, 257, 258, 261,
    259, 257, 258, 260, 257, 261, 259, 258, 257, 257, 258, 257, 260, 259,
    260, 259, 259, 261, 257, 260, 261, 261, 258, 257 ]
RHandPositionsX: [ 177, 176, 177, 174, 173, 174, 176, 174, 176, 177, 175,
    173, 175, 175, 171, 175, 172, 175, 174, 174, 174, 171, 173, 176, 173,
    177, 179, 180, 171, 164, 148, 156, 152, 161, 166, 175, 187, 199, 189,
    183, 175, 171, 170, 168, 177, 180, 188, 183, 177, 174, 173, 170, 167,
    175, 178, 191, 184, 180, 173, 170, 167, 169, 177, 188, 192, 191, 185,
    181, 181, 178, 180, 178, 188, 194, 195, 192, 183, 172, 172, 175, 173,
    177, 180, 183, 191, 190, 182, 177, 179, 175, 178 ]
RHandPositionsY: [ 262, 258, 258, 262, 261, 258, 262, 258, 260, 258, 261,
    258, 258, 260, 262, 261, 262, 262, 261, 260, 261, 260, 262, 257, 260,
    252, 230, 206, 180, 158, 130, 130, 108, 90, 87, 93, 95, 91, 90, 86,
    81, 81, 77, 83, 86, 86, 82, 81, 78, 74, 72, 77, 77, 84, 84, 92, 89,
    87, 86, 80, 80, 84, 86, 93, 91, 92, 91, 84, 85, 82, 85, 88, 89, 89,
    91, 91, 88, 88, 85, 95, 112, 135, 159, 180, 205, 223, 228, 236, 242,
    250, 246 ]
