%YAML:1.0
---
videoName: "RHShake16.mp4"
gestureLabel: 2
fps: 29
pixelSizeInCmTemp: 3.2808219178082193e-01
faceCenterPointX: 281
faceCenterPointY: 44
LHandPositionsX: [ 372, 371, 369, 370, 371, 369, 369, 370, 372, 369, 371,
    369, 371, 370, 373, 371, 371, 372, 369, 372, 372, 373, 372, 370, 372,
    370, 371, 369, 373, 371, 369, 369, 371, 373, 371, 370, 369, 372, 370,
    370, 372, 372, 370, 372, 370, 372, 370, 373, 370, 373, 372, 372, 370,
    370, 370, 373, 369, 369, 371, 369, 371, 371, 373, 370, 373, 371, 371,
    371, 372, 372, 373, 372, 371, 373, 373, 371, 370, 370, 373, 369, 372,
    369, 371, 371, 370, 370, 369, 371 ]
LHandPositionsY: [ 231, 230, 230, 232, 232, 232, 231, 230, 230, 234, 232,
    230, 232, 234, 231, 230, 230, 233, 231, 232, 234, 231, 234, 230, 230,
    234, 231, 231, 230, 230, 234, 232, 233, 232, 234, 230, 234, 233, 232,
    233, 233, 232, 233, 232, 234, 234, 231, 230, 233, 230, 234, 234, 232,
    229, 233, 232, 230, 229, 232, 231, 231, 230, 231, 229, 229, 230, 232,
    233, 233, 233, 232, 229, 231, 233, 233, 229, 229, 232, 232, 230, 230,
    233, 229, 232, 233, 229, 230, 233 ]
RHandPositionsX: [ 170, 168, 168, 171, 171, 171, 169, 169, 169, 170, 168,
    169, 171, 169, 168, 169, 171, 169, 165, 157, 152, 147, 136, 131, 128,
    121, 119, 124, 124, 122, 125, 132, 138, 140, 146, 139, 136, 137, 135,
    140, 143, 144, 151, 152, 150, 148, 148, 146, 147, 145, 150, 152, 152,
    152, 148, 145, 149, 143, 147, 152, 152, 158, 155, 152, 156, 154, 151,
    152, 153, 162, 166, 170, 175, 175, 179, 172, 177, 176, 170, 170, 172,
    171, 170, 168, 170, 170, 169, 168 ]
RHandPositionsY: [ 268, 265, 265, 267, 265, 265, 266, 269, 267, 267, 269,
    266, 268, 267, 266, 268, 265, 266, 255, 243, 217, 198, 178, 162, 142,
    132, 115, 115, 111, 106, 108, 104, 100, 96, 96, 94, 92, 91, 87, 87,
    90, 91, 89, 87, 89, 88, 86, 86, 85, 86, 89, 86, 90, 85, 85, 88, 86,
    85, 88, 87, 94, 90, 88, 86, 86, 90, 91, 95, 101, 120, 134, 146, 160,
    172, 186, 192, 194, 204, 213, 215, 223, 225, 226, 231, 239, 234, 237,
    237 ]
