%YAML:1.0
---
videoName: "RHShake15.mp4"
gestureLabel: 2
fps: 29
pixelSizeInCmTemp: 3.2808219178082193e-01
faceCenterPointX: 279
faceCenterPointY: 41
LHandPositionsX: [ 369, 372, 369, 371, 369, 369, 371, 370, 370, 370, 368,
    371, 371, 369, 371, 369, 371, 372, 372, 369, 369, 368, 371, 370, 372,
    369, 370, 370, 368, 371, 370, 372, 370, 372, 369, 369, 369, 370, 369,
    368, 372, 370, 372, 368, 370, 370, 368, 370, 368, 369, 370, 370, 368,
    372, 370, 370, 370, 372, 372, 371, 371, 372, 369, 369, 372, 369, 369,
    370, 371, 372, 370, 371, 369, 370, 370, 370, 369, 368, 371, 370, 372,
    372, 369, 368, 372, 368, 370, 370 ]
LHandPositionsY: [ 232, 232, 232, 236, 234, 232, 235, 234, 234, 236, 234,
    233, 233, 234, 233, 236, 234, 235, 234, 232, 234, 233, 235, 233, 236,
    232, 232, 234, 232, 233, 232, 232, 232, 232, 235, 232, 233, 233, 236,
    235, 233, 236, 236, 235, 235, 234, 231, 231, 231, 233, 232, 232, 231,
    235, 231, 231, 231, 231, 231, 233, 232, 231, 232, 235, 233, 232, 233,
    234, 233, 232, 232, 233, 232, 232, 233, 234, 231, 234, 234, 234, 233,
    234, 235, 235, 235, 231, 234, 231 ]
RHandPositionsX: [ 139, 122, 113, 108, 112, 111, 106, 107, 105, 109, 110,
    116, 113, 113, 109, 110, 111, 108, 109, 106, 112, 119, 114, 112, 111,
    109, 111, 109, 106, 106, 113, 117, 118, 113, 115, 111, 109, 113, 113,
    117, 109, 113, 116, 114, 122, 121, 120, 126, 122, 120, 117, 124, 124,
    128, 126, 125, 124, 126, 123, 122, 123, 124, 129, 133, 140, 143, 139,
    140, 141, 140, 142, 148, 149, 152, 159, 155, 156, 158, 160, 160, 160,
    158, 161, 159, 158, 158, 160, 160 ]
RHandPositionsY: [ 192, 172, 157, 146, 143, 141, 133, 125, 120, 113, 110,
    109, 103, 97, 96, 97, 96, 95, 94, 91, 93, 92, 91, 91, 95, 95, 94, 96,
    92, 95, 100, 102, 105, 101, 101, 103, 102, 103, 104, 103, 107, 104,
    108, 112, 111, 105, 106, 103, 107, 105, 103, 108, 110, 112, 117, 112,
    110, 112, 110, 109, 113, 117, 125, 136, 151, 163, 172, 180, 191, 200,
    209, 219, 230, 234, 239, 237, 246, 246, 247, 247, 246, 249, 246, 247,
    246, 247, 247, 249 ]
