%YAML:1.0
---
videoName: "RHShake03.mp4"
gestureLabel: 2
fps: 29
pixelSizeInCmTemp: 3.1103896103896100e-01
faceCenterPointX: 294
faceCenterPointY: 48
LHandPositionsX: [ 412, 411, 409, 411, 411, 412, 408, 411, 409, 408, 410,
    412, 410, 410, 408, 412, 412, 409, 410, 409, 412, 412, 409, 409, 408,
    408, 412, 408, 408, 409, 410, 408, 412, 408, 408, 409, 412, 410, 412,
    408, 412, 408, 410, 411, 410, 412, 410, 410, 412, 411, 410, 408, 409,
    408, 411, 410, 411, 408, 411, 410, 409, 412, 409, 409, 410, 412, 408,
    412, 410, 408, 411, 410, 411, 408, 409, 410, 410, 409, 410, 410, 408,
    409, 409, 407, 411, 408, 408, 408 ]
LHandPositionsY: [ 260, 261, 260, 261, 264, 263, 261, 260, 263, 262, 264,
    262, 264, 264, 263, 262, 262, 264, 263, 264, 264, 260, 261, 260, 261,
    261, 260, 263, 262, 262, 262, 262, 260, 264, 260, 264, 262, 264, 264,
    263, 262, 262, 262, 262, 263, 262, 263, 264, 264, 261, 263, 263, 264,
    262, 264, 263, 262, 264, 264, 263, 262, 260, 262, 262, 263, 261, 261,
    262, 260, 264, 260, 260, 261, 260, 261, 264, 262, 262, 263, 262, 264,
    264, 261, 260, 263, 264, 263, 262 ]
RHandPositionsX: [ 178, 178, 177, 179, 175, 176, 176, 177, 175, 177, 177,
    173, 175, 172, 172, 174, 172, 175, 171, 171, 173, 174, 175, 172, 174,
    174, 175, 171, 171, 171, 173, 173, 172, 172, 162, 155, 152, 149, 152,
    152, 153, 165, 180, 186, 193, 192, 182, 177, 174, 170, 174, 181, 183,
    185, 179, 175, 174, 170, 166, 172, 179, 185, 202, 206, 198, 193, 189,
    187, 182, 184, 184, 192, 202, 208, 212, 209, 198, 197, 191, 184, 181,
    182, 184, 181, 180, 180, 182, 179 ]
RHandPositionsY: [ 257, 260, 261, 261, 260, 259, 260, 259, 261, 258, 258,
    260, 258, 260, 261, 260, 259, 260, 262, 258, 260, 261, 260, 258, 260,
    260, 260, 261, 259, 261, 265, 266, 258, 242, 221, 199, 178, 159, 147,
    127, 124, 119, 119, 117, 112, 106, 105, 101, 99, 102, 101, 104, 106,
    105, 105, 104, 99, 97, 98, 96, 102, 107, 108, 110, 109, 108, 104,
    105, 101, 98, 105, 117, 128, 142, 158, 179, 202, 208, 216, 241, 241,
    242, 246, 252, 251, 253, 254, 252 ]
