%YAML:1.0
---
videoName: "RHShake20.mp4"
gestureLabel: 2
fps: 29
pixelSizeInCmTemp: 3.3263888888888887e-01
faceCenterPointX: 286
faceCenterPointY: 45
LHandPositionsX: [ 392, 393, 392, 392, 391, 390, 390, 390, 390, 394, 390,
    390, 393, 390, 391, 394, 391, 393, 392, 391, 390, 393, 394, 391, 391,
    390, 392, 393, 390, 390, 390, 394, 392, 393, 392, 392, 390, 394, 391,
    393, 390, 391, 390, 390, 392, 392, 393, 392, 394, 392, 390, 390, 394,
    392, 390, 394, 391, 390, 392, 390, 393, 391, 391, 391, 391, 393, 394,
    394, 392, 391, 390, 391, 392, 393, 393, 394, 394, 393, 393, 392, 391,
    392, 391, 390, 394, 390, 392, 391 ]
LHandPositionsY: [ 243, 243, 243, 245, 241, 245, 245, 242, 242, 243, 244,
    243, 242, 241, 239, 240, 242, 243, 241, 240, 240, 241, 241, 239, 240,
    239, 242, 240, 242, 239, 242, 240, 239, 243, 239, 239, 239, 240, 243,
    241, 239, 241, 242, 240, 241, 241, 239, 241, 240, 240, 242, 243, 240,
    240, 240, 243, 240, 240, 239, 240, 239, 239, 241, 242, 240, 242, 241,
    243, 242, 240, 239, 239, 241, 243, 240, 243, 239, 241, 242, 241, 242,
    242, 240, 239, 239, 241, 240, 241 ]
RHandPositionsX: [ 162, 163, 162, 155, 153, 153, 154, 158, 158, 159, 160,
    162, 159, 155, 154, 150, 149, 149, 160, 161, 161, 161, 158, 155, 155,
    153, 151, 154, 162, 164, 164, 161, 155, 152, 159, 152, 149, 152, 161,
    166, 164, 168, 167, 161, 156, 153, 154, 153, 160, 162, 166, 169, 168,
    166, 169, 171, 165, 163, 162, 160, 162, 170, 175, 178, 181, 184, 185,
    188, 188, 182, 183, 182, 179, 177, 178, 179, 178, 177, 176, 179, 180,
    177, 180, 178, 179, 178, 179, 179 ]
RHandPositionsY: [ 109, 108, 103, 102, 98, 97, 98, 98, 101, 102, 102, 99,
    99, 96, 95, 98, 101, 105, 112, 116, 113, 114, 110, 112, 108, 109,
    109, 110, 118, 116, 119, 115, 109, 108, 106, 106, 105, 106, 116, 120,
    123, 120, 121, 116, 117, 114, 111, 108, 109, 116, 126, 124, 123, 123,
    124, 118, 115, 115, 113, 112, 116, 125, 131, 139, 148, 153, 165, 177,
    187, 192, 201, 212, 218, 227, 235, 233, 241, 238, 243, 241, 244, 247,
    247, 243, 247, 244, 247, 245 ]
