%YAML:1.0
---
videoName: "RHShake03.mp4"
gestureLabel: 2
fps: 29
pixelSizeInCmTemp: 3.1103896103896100e-01
faceCenterPointX: 294
faceCenterPointY: 48
LHandPositionsX: [ 408, 408, 411, 410, 411, 412, 412, 409, 412, 411, 410,
    412, 411, 408, 409, 410, 408, 408, 408, 410, 408, 409, 408, 409, 408,
    410, 409, 412, 412, 410, 411, 408, 408, 410, 410, 408, 410, 409, 410,
    410, 409, 409, 412, 408, 411, 409, 408, 409, 409, 409, 411, 411, 410,
    409, 411, 410, 410, 408, 411, 408, 408, 409, 410, 409, 409, 412, 408,
    412, 409, 408, 407, 407, 407, 410, 411, 409, 411, 411, 410, 409, 411,
    409, 411, 408, 407, 409, 410, 411 ]
LHandPositionsY: [ 261, 263, 264, 260, 260, 261, 264, 261, 260, 263, 262,
    262, 262, 264, 264, 262, 263, 262, 262, 261, 263, 264, 261, 260, 261,
    264, 262, 264, 260, 264, 264, 261, 263, 263, 264, 264, 260, 262, 260,
    263, 262, 263, 263, 263, 263, 262, 260, 260, 263, 262, 261, 261, 260,
    261, 262, 262, 264, 262, 260, 264, 263, 261, 262, 264, 261, 261, 260,
    261, 264, 262, 262, 262, 261, 262, 261, 262, 262, 261, 260, 260, 263,
    262, 264, 264, 260, 260, 260, 264 ]
RHandPositionsX: [ 181, 179, 180, 179, 176, 177, 174, 178, 174, 177, 174,
    177, 175, 176, 174, 174, 171, 171, 171, 172, 173, 172, 171, 175, 174,
    171, 171, 175, 173, 174, 173, 169, 176, 170, 166, 156, 154, 149, 150,
    150, 153, 165, 179, 183, 191, 192, 182, 175, 173, 170, 172, 179, 181,
    181, 181, 177, 171, 168, 166, 171, 180, 188, 199, 207, 197, 190, 186,
    187, 185, 182, 185, 194, 202, 206, 209, 206, 197, 195, 193, 182, 183,
    182, 182, 180, 180, 180, 181, 180 ]
RHandPositionsY: [ 257, 260, 260, 260, 260, 260, 261, 260, 262, 259, 260,
    259, 260, 258, 261, 260, 260, 258, 260, 261, 261, 260, 259, 260, 258,
    259, 260, 261, 262, 262, 267, 266, 256, 240, 218, 198, 179, 159, 143,
    126, 123, 118, 117, 120, 114, 106, 103, 99, 99, 100, 100, 107, 106,
    103, 104, 100, 102, 101, 97, 94, 103, 106, 108, 114, 109, 107, 102,
    104, 100, 100, 105, 119, 130, 140, 158, 177, 200, 209, 219, 239, 241,
    243, 245, 249, 250, 254, 253, 252 ]
