%YAML:1.0
---
videoName: "RHShake07.mp4"
gestureLabel: 2
fps: 29
pixelSizeInCmTemp: 3.2364864864864862e-01
faceCenterPointX: 292
faceCenterPointY: 44
LHandPositionsX: [ 307, 307, 308, 309, 307, 306, 308, 310, 310, 306, 308,
    312, 311, 311, 311, 310, 311, 311, 314, 314, 312, 311, 314, 313, 311,
    312, 314, 311, 314, 310, 314, 312, 312, 315, 312, 312, 316, 314, 315,
    314, 314, 315, 315, 313, 316, 312, 316, 313, 313, 316, 314, 312, 312,
    312, 312, 315, 315, 316, 313, 314, 312, 314, 312, 316, 313, 316, 316,
    313, 316, 313, 316, 315, 314, 315, 314, 316, 313, 317, 312, 314, 307,
    311, 310, 312, 311, 311, 312, 311 ]
LHandPositionsY: [ 269, 271, 268, 269, 269, 268, 267, 270, 273, 273, 272,
    272, 273, 272, 268, 272, 269, 267, 269, 271, 268, 268, 267, 269, 269,
    268, 267, 271, 269, 269, 267, 271, 269, 267, 267, 269, 267, 270, 269,
    268, 268, 269, 268, 271, 268, 269, 269, 269, 271, 271, 270, 269, 271,
    268, 269, 270, 269, 271, 267, 270, 269, 271, 269, 270, 267, 269, 268,
    269, 267, 270, 268, 267, 269, 269, 269, 267, 270, 266, 272, 272, 270,
    273, 273, 275, 273, 274, 272, 274 ]
RHandPositionsX: [ 266, 265, 268, 264, 266, 265, 266, 266, 262, 267, 266,
    262, 256, 238, 215, 196, 176, 161, 154, 154, 159, 152, 158, 160, 165,
    181, 188, 184, 178, 168, 166, 166, 179, 182, 183, 184, 183, 176, 171,
    166, 174, 176, 183, 185, 185, 183, 176, 173, 168, 164, 169, 183, 186,
    201, 192, 189, 184, 179, 170, 168, 165, 164, 169, 172, 173, 182, 176,
    174, 174, 169, 159, 167, 180, 195, 215, 229, 244, 258, 272, 276, 272,
    270, 270, 266, 264, 264, 264, 264 ]
RHandPositionsY: [ 252, 254, 254, 252, 254, 253, 252, 251, 253, 257, 252,
    244, 232, 220, 203, 186, 168, 155, 132, 133, 128, 113, 118, 123, 127,
    113, 103, 98, 94, 94, 86, 92, 107, 103, 103, 98, 97, 92, 93, 90, 89,
    92, 96, 100, 95, 98, 96, 91, 89, 86, 82, 92, 94, 104, 101, 98, 96,
    93, 92, 90, 86, 90, 90, 90, 89, 91, 89, 88, 86, 91, 93, 116, 137,
    148, 167, 185, 205, 226, 234, 244, 243, 247, 251, 255, 252, 253, 253,
    258 ]
