%YAML:1.0
---
videoName: "RHShake19.mp4"
gestureLabel: 2
fps: 29
pixelSizeInCmTemp: 3.2808219178082193e-01
faceCenterPointX: 283
faceCenterPointY: 48
LHandPositionsX: [ 390, 388, 388, 390, 390, 389, 392, 391, 391, 389, 390,
    388, 389, 392, 388, 391, 391, 390, 388, 388, 392, 388, 389, 389, 388,
    389, 391, 392, 388, 391, 388, 388, 392, 388, 391, 392, 392, 391, 392,
    389, 391, 391, 392, 390, 389, 389, 390, 388, 391, 388, 390, 390, 392,
    391, 392, 389, 392, 391, 389, 391, 388, 391, 391, 392, 390, 388, 389,
    389, 390, 390, 389, 390, 392, 392, 392, 392, 390, 388, 391, 388, 390,
    388, 389, 390, 389, 390, 391, 389 ]
LHandPositionsY: [ 244, 244, 240, 241, 244, 242, 243, 244, 241, 242, 241,
    241, 242, 240, 240, 240, 240, 244, 241, 242, 243, 241, 240, 243, 242,
    242, 241, 244, 242, 240, 241, 242, 241, 244, 241, 241, 243, 240, 241,
    241, 244, 240, 243, 243, 244, 242, 242, 240, 243, 242, 241, 241, 244,
    240, 243, 241, 243, 243, 242, 240, 242, 244, 243, 241, 241, 241, 241,
    244, 244, 244, 242, 240, 240, 244, 244, 243, 243, 242, 241, 242, 240,
    241, 244, 244, 244, 244, 242, 240 ]
RHandPositionsX: [ 155, 173, 181, 182, 187, 185, 176, 172, 168, 163, 162,
    162, 166, 179, 183, 184, 187, 179, 174, 172, 163, 158, 159, 163, 170,
    174, 174, 173, 168, 165, 161, 159, 161, 162, 170, 179, 180, 180, 181,
    173, 168, 165, 163, 161, 162, 167, 175, 177, 181, 184, 178, 175, 167,
    170, 166, 169, 172, 179, 182, 181, 180, 180, 173, 172, 167, 166, 172,
    177, 179, 185, 186, 187, 192, 187, 186, 183, 186, 184, 178, 179, 181,
    180, 179, 181, 180, 178, 179, 178 ]
RHandPositionsY: [ 89, 92, 93, 94, 93, 92, 87, 80, 76, 78, 73, 73, 77,
    82, 92, 91, 89, 83, 82, 78, 79, 79, 77, 74, 81, 90, 91, 92, 90, 85,
    82, 81, 82, 84, 86, 90, 95, 96, 92, 92, 90, 86, 85, 82, 84, 84, 92,
    95, 102, 103, 102, 97, 96, 97, 93, 97, 102, 102, 107, 107, 103, 101,
    101, 98, 98, 101, 110, 125, 138, 148, 165, 177, 186, 190, 198, 208,
    219, 226, 229, 237, 238, 239, 238, 239, 244, 242, 242, 240 ]
