%YAML:1.0
---
videoName: "RHShake20.mp4"
gestureLabel: 2
fps: 29
pixelSizeInCmTemp: 3.3263888888888887e-01
faceCenterPointX: 286
faceCenterPointY: 45
LHandPositionsX: [ 394, 390, 391, 390, 393, 393, 390, 394, 391, 394, 392,
    394, 394, 390, 394, 393, 391, 394, 393, 394, 392, 394, 393, 390, 392,
    393, 392, 390, 391, 394, 390, 391, 393, 394, 393, 394, 393, 390, 390,
    390, 393, 394, 392, 390, 390, 392, 394, 394, 393, 391, 392, 392, 393,
    392, 392, 391, 394, 393, 390, 390, 392, 390, 393, 391, 391, 391, 393,
    394, 390, 394, 394, 391, 390, 390, 392, 394, 390, 394, 390, 392, 393,
    390, 393, 394, 394, 391, 394, 390 ]
LHandPositionsY: [ 244, 244, 243, 245, 242, 244, 241, 244, 242, 241, 240,
    241, 242, 241, 240, 239, 239, 241, 240, 243, 243, 240, 239, 240, 243,
    243, 241, 241, 243, 239, 242, 241, 242, 240, 243, 239, 243, 241, 241,
    239, 243, 239, 239, 242, 239, 243, 242, 239, 240, 240, 240, 239, 241,
    241, 243, 243, 243, 242, 243, 242, 243, 241, 241, 242, 241, 241, 242,
    243, 240, 241, 243, 242, 240, 239, 242, 243, 242, 243, 240, 243, 239,
    243, 241, 239, 241, 242, 240, 240 ]
RHandPositionsX: [ 165, 162, 158, 155, 151, 156, 150, 156, 158, 160, 161,
    158, 158, 153, 150, 152, 148, 151, 160, 162, 163, 162, 158, 155, 153,
    155, 151, 154, 158, 160, 161, 159, 159, 152, 156, 156, 149, 150, 159,
    165, 167, 167, 167, 161, 157, 153, 153, 154, 159, 161, 167, 167, 164,
    168, 166, 170, 166, 164, 163, 160, 161, 169, 174, 177, 183, 184, 186,
    185, 185, 185, 183, 184, 182, 180, 177, 180, 177, 178, 176, 176, 179,
    180, 176, 176, 180, 176, 178, 177 ]
RHandPositionsY: [ 112, 109, 105, 104, 98, 99, 97, 100, 101, 104, 100,
    103, 100, 100, 98, 95, 100, 105, 112, 114, 113, 115, 114, 111, 109,
    109, 105, 107, 117, 118, 120, 114, 111, 109, 109, 104, 106, 104, 115,
    122, 121, 123, 121, 118, 113, 115, 111, 112, 110, 118, 126, 123, 121,
    123, 123, 121, 117, 115, 110, 112, 116, 122, 129, 139, 144, 157, 168,
    179, 184, 191, 201, 211, 221, 225, 234, 234, 241, 238, 240, 240, 242,
    243, 244, 246, 244, 246, 245, 244 ]
