%YAML:1.0
---
videoName: "RHShake05.mp4"
gestureLabel: 2
fps: 30
pixelSizeInCmTemp: 3.1103896103896100e-01
faceCenterPointX: 295
faceCenterPointY: 47
LHandPositionsX: [ 409, 409, 410, 409, 410, 409, 410, 408, 411, 411, 411,
    409, 411, 412, 408, 409, 409, 410, 409, 411, 409, 411, 409, 412, 412,
    411, 410, 412, 410, 412, 412, 410, 412, 408, 412, 408, 410, 408, 410,
    411, 409, 411, 411, 411, 412, 410, 412, 410, 408, 410, 412, 408, 408,
    412, 411, 411, 408, 411, 411, 410, 410, 411, 411, 412, 408, 408, 412,
    409, 409, 412, 412, 408, 409, 411, 410, 412, 409, 408, 408, 411, 409,
    412, 411, 409, 409, 410, 410, 412, 411, 409, 409 ]
LHandPositionsY: [ 257, 261, 257, 258, 261, 257, 261, 259, 259, 261, 258,
    260, 259, 261, 258, 259, 259, 261, 257, 258, 258, 259, 261, 257, 258,
    257, 258, 261, 261, 259, 258, 260, 259, 261, 258, 259, 260, 261, 261,
    259, 261, 257, 258, 260, 258, 258, 260, 260, 260, 260, 260, 258, 259,
    257, 257, 258, 260, 260, 257, 261, 260, 258, 260, 258, 257, 261, 260,
    257, 257, 260, 257, 259, 259, 258, 259, 261, 257, 257, 259, 258, 260,
    260, 261, 257, 259, 260, 260, 259, 257, 261, 257 ]
RHandPositionsX: [ 177, 177, 177, 176, 175, 175, 177, 175, 174, 176, 176,
    175, 175, 175, 175, 173, 171, 174, 170, 171, 171, 171, 172, 177, 177,
    176, 183, 181, 174, 165, 150, 155, 154, 159, 163, 173, 187, 198, 192,
    182, 176, 172, 168, 168, 175, 179, 189, 184, 179, 171, 169, 170, 170,
    176, 179, 191, 184, 177, 172, 170, 169, 167, 176, 192, 190, 194, 188,
    183, 177, 178, 181, 177, 190, 191, 197, 191, 181, 173, 171, 171, 173,
    177, 184, 186, 190, 191, 184, 177, 177, 175, 178 ]
RHandPositionsY: [ 260, 259, 260, 258, 262, 262, 260, 262, 260, 258, 258,
    258, 260, 258, 258, 260, 261, 258, 262, 258, 260, 261, 261, 259, 258,
    250, 231, 205, 179, 157, 130, 128, 105, 90, 87, 89, 94, 94, 91, 84,
    83, 77, 81, 80, 85, 87, 81, 82, 79, 72, 72, 75, 78, 83, 87, 93, 86,
    83, 85, 80, 81, 86, 87, 92, 91, 94, 88, 87, 81, 86, 85, 88, 91, 90,
    94, 89, 87, 89, 85, 94, 111, 132, 159, 182, 204, 222, 225, 234, 244,
    249, 246 ]
