%YAML:1.0
---
videoName: "RHShake01.mp4"
gestureLabel: 2
fps: 29
pixelSizeInCmTemp: 3.1513157894736843e-01
faceCenterPointX: 292
faceCenterPointY: 51
LHandPositionsX: [ 393, 393, 395, 393, 392, 393, 395, 392, 395, 396, 393,
    394, 393, 391, 393, 393, 394, 395, 391, 391, 391, 393, 391, 391, 395,
    392, 392, 394, 394, 393, 394, 391, 395, 394, 394, 395, 394, 395, 394,
    393, 391, 392, 394, 395, 395, 393, 394, 392, 391, 395, 394, 391, 393,
    393, 391, 395, 391, 394, 395, 395, 394, 394, 393, 393, 394, 392, 391,
    392, 391, 394, 392, 394, 394, 394, 392, 395, 392, 395, 394, 394, 394,
    394, 392, 392, 392, 392, 394, 394 ]
LHandPositionsY: [ 256, 255, 253, 257, 253, 256, 255, 253, 253, 255, 253,
    257, 257, 253, 256, 257, 253, 257, 254, 256, 254, 253, 256, 255, 256,
    255, 256, 255, 254, 257, 255, 256, 256, 256, 257, 253, 253, 257, 257,
    255, 254, 254, 253, 253, 255, 257, 253, 253, 253, 257, 257, 257, 253,
    253, 254, 253, 254, 253, 253, 257, 256, 256, 256, 254, 256, 254, 254,
    257, 257, 253, 256, 253, 254, 257, 253, 256, 255, 257, 254, 254, 256,
    254, 256, 254, 256, 254, 253, 255 ]
RHandPositionsX: [ 171, 171, 170, 171, 168, 167, 171, 169, 171, 169, 171,
    169, 170, 171, 170, 169, 169, 170, 168, 169, 172, 169, 170, 171, 169,
    170, 172, 174, 173, 171, 166, 160, 159, 152, 159, 161, 169, 181, 194,
    194, 192, 186, 180, 176, 175, 173, 176, 189, 193, 197, 191, 192, 183,
    181, 176, 181, 178, 183, 186, 195, 191, 196, 193, 188, 182, 175, 179,
    183, 186, 192, 193, 199, 199, 198, 195, 187, 189, 189, 189, 183, 180,
    174, 174, 172, 173, 172, 172, 173 ]
RHandPositionsY: [ 279, 280, 278, 280, 279, 279, 277, 276, 276, 277, 277,
    276, 278, 279, 279, 278, 278, 280, 278, 278, 280, 279, 276, 276, 277,
    277, 267, 245, 229, 209, 186, 170, 151, 135, 129, 114, 107, 110, 113,
    109, 108, 104, 99, 100, 98, 96, 99, 99, 102, 98, 101, 96, 97, 92, 93,
    93, 95, 98, 100, 101, 103, 97, 99, 98, 98, 98, 94, 96, 100, 108, 112,
    121, 132, 146, 158, 176, 190, 201, 205, 214, 222, 226, 236, 243, 243,
    243, 244, 248 ]
