%YAML:1.0
---
videoName: "RHShake17.mp4"
gestureLabel: 2
fps: 29
pixelSizeInCmTemp: 3.3732394366197183e-01
faceCenterPointX: 282
faceCenterPointY: 40
LHandPositionsX: [ 307, 308, 307, 308, 306, 306, 307, 305, 306, 308, 309,
    306, 308, 307, 307, 309, 306, 308, 309, 305, 307, 307, 307, 305, 306,
    308, 305, 307, 308, 309, 305, 307, 309, 309, 309, 307, 307, 306, 307,
    308, 306, 309, 310, 308, 310, 310, 307, 310, 310, 308, 310, 309, 310,
    307, 307, 308, 311, 308, 310, 307, 308, 309, 310, 309, 309, 310, 311,
    311, 310, 308, 311, 307, 307, 309, 308, 307, 306, 310, 308, 308, 308,
    306, 309, 307, 307, 308, 305, 306 ]
LHandPositionsY: [ 232, 232, 232, 234, 233, 233, 235, 234, 235, 232, 232,
    231, 234, 232, 232, 235, 232, 235, 231, 232, 233, 231, 234, 234, 233,
    234, 231, 235, 233, 231, 234, 231, 234, 235, 234, 231, 233, 231, 234,
    235, 233, 235, 234, 233, 235, 235, 235, 234, 233, 232, 234, 231, 232,
    233, 235, 234, 231, 232, 232, 231, 231, 231, 235, 235, 231, 232, 235,
    232, 233, 234, 233, 232, 235, 231, 231, 232, 231, 231, 235, 232, 235,
    233, 235, 231, 234, 232, 231, 233 ]
RHandPositionsX: [ 212, 196, 177, 162, 141, 144, 143, 149, 143, 144, 146,
    152, 157, 151, 149, 146, 145, 144, 143, 145, 162, 157, 158, 150, 152,
    148, 145, 144, 149, 151, 155, 157, 159, 153, 147, 146, 142, 140, 137,
    155, 155, 154, 157, 158, 152, 153, 150, 150, 157, 157, 171, 170, 164,
    162, 157, 159, 151, 152, 146, 152, 152, 162, 172, 177, 177, 178, 176,
    175, 173, 172, 173, 173, 167, 169, 170, 170, 173, 171, 172, 170, 169,
    168, 169, 169, 168, 170, 167, 166 ]
RHandPositionsY: [ 200, 186, 170, 150, 126, 109, 109, 105, 94, 90, 96,
    90, 81, 78, 74, 73, 71, 68, 71, 75, 78, 78, 73, 71, 67, 69, 66, 68,
    65, 69, 70, 66, 66, 68, 64, 63, 64, 66, 69, 81, 79, 82, 81, 80, 77,
    72, 74, 75, 72, 75, 88, 92, 85, 80, 80, 79, 79, 80, 76, 83, 92, 106,
    121, 133, 146, 160, 169, 184, 187, 197, 209, 216, 220, 228, 233, 233,
    240, 241, 239, 238, 243, 240, 242, 243, 244, 244, 244, 244 ]
