%YAML:1.0
---
videoName: "RHShake12.mp4"
gestureLabel: 2
fps: 29
pixelSizeInCmTemp: 3.3732394366197183e-01
faceCenterPointX: 299
faceCenterPointY: 45
LHandPositionsX: [ 406, 404, 404, 404, 406, 407, 408, 406, 407, 406, 408,
    408, 405, 408, 404, 408, 405, 407, 408, 406, 405, 405, 406, 407, 405,
    408, 408, 408, 405, 404, 408, 404, 407, 405, 404, 405, 408, 408, 408,
    404, 408, 405, 407, 408, 407, 405, 406, 404, 405, 407, 407, 404, 406,
    406, 407, 405, 407, 404, 404, 406, 405, 408, 407, 404, 408, 407, 405,
    404, 408, 405, 406, 404, 406, 405, 404, 407, 407, 406, 408, 406, 404,
    406, 404, 406, 407, 407, 405, 404 ]
LHandPositionsY: [ 243, 242, 242, 240, 242, 242, 243, 242, 243, 242, 242,
    239, 240, 240, 240, 239, 242, 242, 239, 241, 241, 241, 242, 241, 242,
    242, 243, 242, 241, 241, 241, 242, 243, 239, 242, 242, 240, 243, 242,
    239, 239, 240, 242, 240, 242, 243, 243, 242, 243, 242, 239, 241, 240,
    243, 240, 243, 242, 240, 243, 240, 240, 240, 239, 242, 243, 241, 243,
    240, 240, 241, 242, 241, 243, 243, 243, 243, 242, 243, 240, 243, 242,
    241, 243, 242, 240, 239, 241, 241 ]
RHandPositionsX: [ 170, 166, 162, 162, 161, 173, 179, 192, 191, 194, 193,
    185, 176, 171, 171, 168, 169, 177, 188, 186, 189, 185, 180, 176, 170,
    166, 169, 177, 187, 193, 194, 193, 184, 182, 175, 175, 175, 173, 178,
    189, 198, 194, 184, 181, 177, 178, 173, 174, 180, 192, 190, 195, 198,
    191, 185, 182, 178, 177, 174, 176, 183, 193, 198, 198, 201, 199, 194,
    189, 186, 188, 186, 187, 189, 195, 198, 199, 199, 202, 201, 203, 200,
    198, 199, 198, 197, 199, 199, 200 ]
RHandPositionsY: [ 139, 125, 117, 111, 106, 91, 94, 106, 105, 112, 101,
    91, 93, 87, 90, 87, 85, 89, 100, 103, 108, 97, 89, 87, 89, 83, 85,
    90, 101, 112, 111, 108, 100, 97, 95, 95, 89, 87, 94, 113, 113, 115,
    102, 97, 97, 97, 91, 87, 92, 110, 111, 111, 111, 101, 91, 93, 90, 91,
    86, 89, 93, 109, 120, 118, 122, 119, 114, 107, 114, 114, 115, 124,
    136, 147, 158, 164, 167, 177, 185, 194, 201, 207, 213, 218, 220, 226,
    228, 231 ]
