%YAML:1.0
---
videoName: "RHShake10.mp4"
gestureLabel: 2
fps: 29
pixelSizeInCmTemp: 3.1933333333333330e-01
faceCenterPointX: 295
faceCenterPointY: 45
LHandPositionsX: [ 341, 341, 339, 342, 342, 341, 336, 337, 332, 330, 335,
    333, 328, 326, 326, 327, 326, 326, 327, 328, 326, 329, 326, 326, 326,
    326, 326, 327, 326, 327, 330, 330, 330, 328, 328, 328, 329, 328, 328,
    329, 329, 326, 329, 330, 330, 326, 326, 327, 330, 326, 326, 330, 329,
    326, 330, 328, 330, 329, 327, 329, 328, 329, 327, 330, 327, 326, 328,
    328, 329, 329, 327, 330, 326, 330, 328, 329, 330, 331, 329, 327, 331,
    329, 330, 330, 329, 329, 328, 329 ]
LHandPositionsY: [ 264, 268, 265, 265, 265, 267, 266, 267, 271, 271, 270,
    269, 273, 272, 273, 274, 271, 272, 273, 271, 272, 273, 272, 272, 274,
    272, 270, 273, 272, 270, 272, 272, 272, 271, 273, 271, 270, 270, 269,
    268, 271, 272, 272, 271, 272, 271, 272, 269, 270, 268, 270, 272, 272,
    271, 271, 269, 269, 270, 269, 269, 272, 268, 271, 272, 270, 270, 272,
    271, 270, 271, 272, 269, 271, 268, 267, 268, 270, 270, 270, 271, 268,
    267, 270, 268, 270, 272, 271, 272 ]
RHandPositionsX: [ 263, 259, 263, 263, 260, 260, 262, 260, 257, 258, 259,
    259, 257, 260, 260, 259, 259, 255, 258, 249, 241, 223, 202, 183, 165,
    152, 138, 139, 138, 135, 143, 153, 155, 164, 166, 161, 159, 161, 162,
    158, 163, 171, 181, 182, 178, 175, 170, 169, 173, 168, 176, 188, 192,
    193, 189, 180, 180, 179, 175, 178, 180, 191, 193, 194, 191, 181, 178,
    175, 174, 180, 178, 193, 199, 206, 215, 218, 226, 233, 236, 244, 252,
    251, 250, 256, 264, 261, 262, 263 ]
RHandPositionsY: [ 265, 264, 266, 264, 267, 262, 266, 265, 266, 268, 266,
    269, 269, 265, 267, 269, 269, 264, 268, 258, 241, 226, 213, 190, 170,
    151, 132, 117, 111, 100, 89, 87, 87, 89, 88, 81, 80, 79, 77, 80, 81,
    84, 87, 84, 84, 78, 76, 78, 76, 82, 84, 88, 89, 95, 85, 84, 84, 83,
    83, 85, 89, 95, 91, 95, 91, 89, 82, 82, 81, 87, 97, 103, 127, 146,
    160, 181, 195, 211, 225, 242, 258, 259, 259, 263, 267, 267, 269, 267 ]
