%YAML:1.0
---
videoName: "RHShake06.mp4"
gestureLabel: 2
fps: 30
pixelSizeInCmTemp: 3.2808219178082193e-01
faceCenterPointX: 293
faceCenterPointY: 43
LHandPositionsX: [ 309, 309, 308, 309, 306, 306, 307, 309, 309, 310, 310,
    308, 307, 306, 308, 307, 313, 314, 315, 317, 320, 321, 321, 320, 320,
    319, 322, 322, 322, 321, 321, 322, 324, 324, 322, 325, 323, 324, 325,
    324, 326, 322, 326, 324, 324, 324, 324, 322, 323, 325, 324, 325, 323,
    322, 324, 322, 322, 325, 324, 326, 324, 322, 325, 326, 323, 323, 325,
    324, 324, 324, 324, 324, 325, 323, 322, 326, 325, 324, 326, 323, 324,
    324, 325, 321, 314, 316, 313, 311, 309, 309, 313 ]
LHandPositionsY: [ 270, 267, 266, 268, 269, 269, 269, 268, 266, 266, 268,
    266, 268, 267, 266, 268, 269, 268, 266, 266, 264, 260, 263, 261, 263,
    263, 261, 260, 258, 261, 262, 258, 262, 260, 262, 261, 259, 258, 261,
    262, 262, 258, 261, 261, 258, 258, 259, 259, 259, 262, 258, 261, 260,
    258, 258, 260, 261, 261, 259, 258, 262, 260, 261, 262, 262, 259, 260,
    261, 262, 258, 262, 261, 258, 258, 261, 259, 259, 259, 261, 258, 260,
    258, 260, 261, 264, 263, 264, 263, 263, 262, 264 ]
RHandPositionsX: [ 290, 289, 286, 285, 284, 284, 287, 287, 288, 284, 284,
    284, 287, 284, 288, 287, 285, 284, 278, 265, 246, 227, 201, 181, 162,
    146, 137, 133, 138, 137, 144, 145, 164, 163, 162, 159, 163, 163, 160,
    156, 161, 170, 184, 187, 190, 187, 181, 172, 170, 172, 170, 168, 175,
    184, 185, 181, 180, 189, 181, 172, 172, 167, 165, 180, 182, 178, 175,
    172, 163, 159, 165, 166, 170, 180, 193, 191, 210, 224, 234, 240, 246,
    253, 253, 249, 247, 255, 254, 254, 256, 252, 254 ]
RHandPositionsY: [ 266, 270, 269, 266, 270, 270, 267, 267, 268, 269, 267,
    269, 270, 266, 268, 266, 270, 268, 265, 259, 249, 233, 215, 198, 180,
    158, 137, 124, 113, 105, 113, 118, 130, 119, 110, 106, 101, 87, 93,
    90, 90, 94, 97, 100, 97, 94, 96, 92, 86, 90, 85, 91, 94, 102, 102,
    100, 95, 99, 98, 95, 90, 89, 91, 103, 100, 100, 101, 101, 106, 105,
    118, 127, 145, 162, 175, 182, 195, 205, 214, 224, 233, 235, 239, 240,
    240, 242, 240, 240, 245, 244, 246 ]
