%YAML:1.0
---
videoName: "RHShake05.mp4"
gestureLabel: 2
fps: 30
pixelSizeInCmTemp: 3.1103896103896100e-01
faceCenterPointX: 295
faceCenterPointY: 47
LHandPositionsX: [ 408, 409, 412, 412, 408, 408, 410, 410, 408, 411, 409,
    411, 411, 409, 412, 412, 411, 412, 411, 411, 411, 412, 409, 409, 412,
    412, 411, 409, 408, 408, 409, 409, 408, 410, 412, 409, 408, 409, 411,
    411, 408, 410, 412, 412, 410, 408, 411, 411, 412, 408, 409, 409, 412,
    412, 408, 410, 409, 408, 409, 410, 411, 410, 409, 411, 411, 410, 411,
    410, 408, 408, 412, 410, 408, 408, 408, 411, 410, 408, 412, 412, 410,
    411, 409, 408, 410, 408, 409, 408, 408, 410, 412 ]
LHandPositionsY: [ 259, 259, 260, 257, 258, 259, 259, 259, 260, 259, 261,
    259, 258, 261, 259, 257, 259, 257, 260, 259, 257, 261, 260, 259, 259,
    259, 259, 261, 259, 257, 258, 260, 257, 260, 258, 257, 261, 257, 258,
    261, 259, 259, 258, 257, 259, 258, 261, 261, 257, 257, 260, 261, 261,
    257, 259, 258, 260, 257, 257, 260, 258, 259, 261, 259, 261, 260, 260,
    261, 261, 260, 258, 257, 257, 260, 261, 259, 257, 259, 257, 258, 260,
    261, 259, 257, 257, 257, 259, 261, 259, 260, 261 ]
RHandPositionsX: [ 174, 175, 173, 177, 175, 177, 176, 177, 175, 177, 176,
    173, 176, 175, 175, 172, 171, 172, 171, 174, 173, 172, 173, 174, 174,
    179, 182, 179, 172, 166, 152, 154, 154, 160, 164, 177, 189, 197, 190,
    180, 173, 171, 172, 167, 177, 178, 187, 181, 176, 173, 171, 166, 171,
    173, 177, 191, 184, 179, 173, 171, 167, 169, 175, 191, 194, 191, 187,
    180, 178, 180, 182, 180, 188, 192, 193, 189, 181, 176, 173, 171, 172,
    174, 184, 183, 190, 191, 185, 177, 176, 178, 178 ]
RHandPositionsY: [ 259, 261, 262, 260, 259, 259, 260, 261, 259, 260, 258,
    262, 261, 259, 262, 258, 262, 259, 258, 260, 261, 259, 262, 261, 256,
    251, 233, 208, 181, 155, 130, 128, 107, 90, 90, 90, 93, 92, 91, 86,
    84, 79, 80, 83, 87, 84, 84, 81, 78, 76, 75, 74, 78, 84, 83, 93, 89,
    85, 86, 80, 83, 82, 89, 92, 92, 92, 90, 87, 83, 82, 83, 88, 89, 91,
    92, 87, 88, 89, 89, 91, 112, 134, 157, 179, 203, 222, 225, 232, 243,
    250, 247 ]
