%YAML:1.0
---
videoName: "RHShake16.mp4"
gestureLabel: 2
fps: 29
pixelSizeInCmTemp: 3.2808219178082193e-01
faceCenterPointX: 281
faceCenterPointY: 44
LHandPositionsX: [ 371, 370, 370, 372, 373, 369, 373, 372, 371, 370, 373,
    369, 371, 373, 371, 371, 371, 369, 369, 369, 373, 373, 369, 370, 371,
    373, 372, 370, 373, 370, 373, 369, 371, 371, 373, 373, 371, 369, 372,
    369, 372, 369, 373, 370, 373, 370, 372, 372, 372, 372, 370, 371, 373,
    373, 373, 370, 369, 373, 370, 369, 372, 373, 372, 373, 369, 373, 373,
    372, 373, 371, 371, 373, 372, 370, 370, 369, 371, 372, 372, 369, 370,
    372, 372, 369, 370, 369, 371, 370 ]
LHandPositionsY: [ 232, 232, 231, 232, 233, 234, 231, 234, 234, 230, 231,
    233, 234, 230, 231, 234, 230, 230, 234, 231, 234, 234, 233, 232, 232,
    232, 233, 230, 231, 234, 232, 234, 234, 233, 233, 234, 230, 232, 231,
    234, 231, 231, 231, 231, 234, 230, 231, 234, 231, 234, 230, 231, 233,
    229, 229, 233, 230, 229, 231, 229, 230, 231, 229, 232, 230, 231, 233,
    229, 232, 229, 231, 229, 231, 230, 229, 231, 232, 232, 233, 232, 231,
    232, 232, 233, 233, 231, 231, 231 ]
RHandPositionsX: [ 169, 167, 168, 170, 168, 171, 168, 169, 167, 167, 167,
    170, 169, 167, 170, 171, 167, 167, 164, 156, 155, 148, 138, 129, 125,
    123, 117, 123, 125, 122, 129, 130, 138, 143, 144, 138, 139, 135, 135,
    138, 142, 143, 147, 149, 150, 146, 148, 148, 145, 148, 151, 152, 152,
    148, 150, 146, 145, 146, 148, 153, 156, 157, 155, 154, 152, 153, 149,
    152, 153, 160, 168, 171, 176, 176, 176, 174, 177, 172, 174, 169, 170,
    168, 172, 168, 170, 168, 172, 170 ]
RHandPositionsY: [ 265, 267, 269, 269, 266, 265, 269, 267, 266, 269, 265,
    266, 266, 265, 267, 268, 265, 266, 254, 244, 221, 198, 177, 160, 146,
    128, 115, 115, 109, 106, 104, 103, 100, 95, 97, 94, 93, 89, 88, 88,
    89, 90, 91, 90, 88, 85, 88, 87, 86, 87, 88, 90, 86, 85, 88, 87, 86,
    86, 90, 90, 92, 91, 91, 87, 86, 90, 91, 92, 104, 119, 135, 149, 158,
    173, 185, 190, 196, 201, 213, 217, 224, 224, 223, 234, 238, 237, 234,
    239 ]
