%YAML:1.0
---
videoName: "RHShake04.mp4"
gestureLabel: 2
fps: 29
pixelSizeInCmTemp: 3.1513157894736843e-01
faceCenterPointX: 292
faceCenterPointY: 47
LHandPositionsX: [ 412, 412, 410, 411, 413, 411, 409, 408, 411, 409, 414,
    411, 411, 411, 411, 412, 409, 412, 411, 409, 407, 408, 409, 410, 406,
    408, 406, 405, 408, 409, 405, 406, 405, 406, 407, 407, 407, 408, 407,
    408, 409, 408, 409, 407, 406, 409, 408, 407, 407, 406, 408, 407, 405,
    406, 407, 409, 405, 408, 408, 407, 405, 408, 406, 406, 407, 406, 406,
    405, 403, 402, 403, 406, 406, 406, 405, 406, 406, 402, 403, 405, 404,
    402, 404, 404, 404, 401, 401, 404 ]
LHandPositionsY: [ 263, 265, 264, 262, 265, 265, 262, 261, 265, 264, 263,
    262, 265, 263, 263, 261, 263, 265, 263, 263, 264, 260, 262, 264, 260,
    261, 264, 260, 263, 260, 264, 264, 260, 263, 263, 260, 264, 264, 263,
    260, 262, 262, 261, 264, 262, 263, 260, 264, 261, 261, 264, 264, 260,
    261, 262, 264, 264, 262, 264, 262, 264, 263, 260, 263, 261, 263, 259,
    260, 261, 258, 258, 259, 259, 261, 261, 261, 260, 258, 261, 260, 258,
    260, 259, 259, 258, 260, 260, 261 ]
RHandPositionsX: [ 182, 180, 181, 180, 183, 182, 180, 178, 179, 181, 177,
    177, 181, 177, 180, 177, 176, 176, 176, 178, 176, 175, 178, 180, 181,
    174, 172, 164, 163, 162, 163, 167, 178, 187, 191, 192, 189, 183, 173,
    169, 168, 166, 171, 177, 177, 179, 180, 175, 167, 166, 165, 171, 176,
    176, 177, 178, 174, 169, 170, 172, 168, 174, 177, 185, 192, 189, 185,
    180, 172, 172, 169, 171, 171, 175, 183, 192, 193, 191, 191, 186, 185,
    185, 183, 179, 174, 176, 175, 175 ]
RHandPositionsY: [ 266, 268, 266, 264, 267, 263, 266, 265, 266, 266, 266,
    268, 267, 268, 267, 267, 268, 267, 268, 269, 268, 270, 266, 245, 225,
    196, 172, 147, 126, 124, 117, 103, 96, 102, 103, 102, 99, 97, 93, 92,
    89, 89, 97, 97, 96, 95, 95, 95, 95, 94, 92, 93, 99, 98, 96, 97, 95,
    96, 91, 93, 90, 95, 98, 95, 97, 94, 97, 96, 94, 94, 96, 94, 101, 108,
    122, 133, 142, 150, 164, 178, 196, 212, 223, 227, 238, 244, 246, 248 ]
