%YAML:1.0
---
videoName: "RHShake07.mp4"
gestureLabel: 2
fps: 29
pixelSizeInCmTemp: 3.2364864864864862e-01
faceCenterPointX: 292
faceCenterPointY: 44
LHandPositionsX: [ 309, 309, 307, 308, 309, 306, 309, 309, 308, 308, 311,
    311, 311, 310, 311, 310, 313, 312, 310, 311, 311, 310, 313, 314, 312,
    311, 313, 313, 311, 310, 310, 313, 312, 312, 314, 312, 312, 316, 313,
    313, 316, 314, 314, 316, 316, 312, 313, 316, 316, 315, 316, 316, 313,
    314, 316, 314, 313, 315, 314, 316, 314, 315, 313, 315, 312, 312, 315,
    316, 316, 315, 313, 317, 315, 317, 317, 313, 317, 316, 315, 311, 310,
    310, 310, 308, 311, 311, 311, 312 ]
LHandPositionsY: [ 267, 271, 269, 271, 270, 271, 271, 268, 273, 272, 274,
    271, 269, 270, 270, 268, 267, 270, 269, 267, 269, 267, 267, 267, 269,
    267, 268, 268, 271, 268, 270, 269, 267, 271, 271, 270, 269, 269, 271,
    270, 267, 269, 271, 268, 268, 268, 271, 267, 271, 271, 269, 268, 268,
    271, 271, 270, 269, 269, 267, 271, 267, 268, 268, 270, 269, 270, 267,
    267, 269, 268, 268, 268, 270, 266, 270, 268, 269, 267, 269, 270, 273,
    271, 270, 271, 273, 273, 275, 271 ]
RHandPositionsX: [ 267, 264, 266, 267, 265, 267, 263, 268, 266, 268, 266,
    262, 256, 236, 218, 197, 179, 161, 152, 156, 159, 155, 159, 161, 165,
    180, 191, 185, 178, 169, 165, 167, 179, 183, 183, 186, 181, 177, 169,
    170, 172, 175, 181, 183, 186, 181, 178, 170, 167, 164, 165, 183, 183,
    198, 196, 187, 183, 176, 170, 169, 168, 167, 172, 172, 173, 185, 176,
    177, 171, 170, 158, 166, 177, 194, 215, 231, 244, 256, 272, 278, 270,
    270, 268, 267, 266, 265, 266, 264 ]
RHandPositionsY: [ 254, 253, 252, 252, 251, 252, 255, 253, 257, 258, 252,
    242, 233, 217, 201, 183, 169, 153, 134, 130, 127, 115, 122, 126, 126,
    117, 102, 101, 93, 92, 85, 91, 107, 104, 101, 96, 96, 93, 94, 93, 92,
    95, 100, 99, 99, 98, 92, 90, 89, 84, 82, 91, 94, 104, 99, 96, 94, 94,
    91, 89, 87, 91, 92, 90, 91, 93, 87, 87, 86, 88, 94, 119, 135, 150,
    164, 188, 204, 226, 238, 244, 243, 248, 252, 254, 252, 252, 257, 255 ]
