%YAML:1.0
---
videoName: "RHShake10.mp4"
gestureLabel: 2
fps: 29
pixelSizeInCmTemp: 3.1933333333333330e-01
faceCenterPointX: 295
faceCenterPointY: 45
LHandPositionsX: [ 338, 342, 342, 341, 340, 341, 338, 334, 332, 329, 333,
    333, 327, 326, 325, 326, 327, 329, 328, 327, 327, 330, 330, 330, 326,
    326, 328, 329, 329, 326, 327, 326, 330, 328, 326, 330, 327, 327, 329,
    326, 329, 328, 328, 326, 326, 327, 330, 326, 330, 330, 328, 327, 330,
    329, 329, 329, 328, 330, 326, 329, 326, 326, 328, 329, 327, 330, 327,
    329, 329, 326, 328, 330, 329, 328, 328, 329, 327, 328, 331, 330, 328,
    332, 331, 329, 331, 329, 327, 330 ]
LHandPositionsY: [ 262, 265, 267, 266, 266, 266, 266, 267, 269, 268, 271,
    271, 270, 272, 272, 271, 273, 270, 272, 273, 273, 273, 274, 273, 272,
    273, 271, 274, 270, 270, 272, 271, 270, 273, 269, 273, 269, 270, 271,
    268, 271, 269, 268, 270, 268, 270, 269, 271, 270, 270, 272, 270, 269,
    271, 270, 269, 272, 270, 271, 270, 268, 268, 268, 270, 271, 271, 269,
    270, 272, 269, 270, 268, 269, 271, 267, 267, 268, 269, 270, 268, 271,
    271, 271, 271, 268, 269, 270, 272 ]
RHandPositionsX: [ 263, 261, 261, 259, 263, 263, 260, 259, 261, 260, 261,
    261, 261, 260, 258, 262, 260, 253, 259, 250, 242, 224, 199, 181, 166,
    153, 134, 136, 135, 138, 146, 150, 152, 164, 166, 164, 158, 157, 161,
    160, 162, 170, 181, 180, 178, 175, 173, 171, 171, 171, 173, 189, 191,
    194, 189, 183, 179, 176, 175, 181, 180, 188, 191, 191, 190, 182, 176,
    176, 173, 180, 179, 191, 195, 205, 212, 218, 225, 230, 236, 245, 252,
    250, 251, 257, 263, 259, 262, 261 ]
RHandPositionsY: [ 264, 265, 265, 265, 264, 263, 263, 264, 264, 265, 268,
    266, 268, 268, 265, 269, 265, 265, 264, 257, 244, 226, 212, 189, 170,
    153, 132, 117, 112, 100, 89, 85, 90, 88, 87, 85, 83, 76, 78, 76, 81,
    82, 87, 85, 80, 77, 79, 74, 77, 79, 84, 87, 89, 94, 88, 86, 80, 84,
    80, 86, 91, 94, 91, 93, 87, 87, 83, 82, 81, 84, 96, 105, 127, 146,
    162, 180, 197, 213, 226, 242, 258, 259, 260, 264, 265, 265, 269, 266 ]
