%YAML:1.0
---
videoName: "RHShake09.mp4"
gestureLabel: 2
fps: 29
pixelSizeInCmTemp: 3.1103896103896100e-01
faceCenterPointX: 296
faceCenterPointY: 48
LHandPositionsX: [ 328, 326, 324, 324, 322, 322, 321, 321, 318, 319, 317,
    316, 314, 312, 310, 310, 309, 309, 309, 308, 311, 306, 308, 307, 307,
    307, 305, 305, 304, 309, 308, 307, 309, 309, 308, 309, 310, 310, 311,
    307, 307, 307, 308, 311, 313, 312, 311, 314, 313, 315, 312, 312, 315,
    311, 311, 314, 314, 314, 313, 315, 314, 313, 316, 315, 315, 314, 315,
    316, 314, 315, 316, 318, 318, 316, 316, 315, 316, 318, 315, 316, 315,
    317, 317, 317, 314, 315, 317, 317 ]
LHandPositionsY: [ 268, 266, 268, 269, 269, 268, 271, 272, 273, 273, 272,
    272, 273, 275, 275, 275, 273, 272, 276, 273, 276, 272, 274, 276, 274,
    272, 274, 276, 274, 276, 275, 275, 274, 273, 275, 273, 275, 277, 276,
    274, 273, 274, 275, 275, 273, 277, 276, 273, 274, 273, 275, 277, 275,
    275, 276, 276, 274, 274, 276, 274, 273, 274, 275, 274, 272, 276, 272,
    272, 276, 274, 273, 276, 273, 272, 272, 277, 275, 273, 273, 275, 272,
    273, 273, 273, 274, 276, 272, 274 ]
RHandPositionsX: [ 263, 266, 264, 265, 265, 265, 261, 264, 263, 259, 261,
    263, 258, 261, 257, 260, 257, 257, 258, 259, 255, 256, 257, 255, 256,
    258, 255, 253, 253, 255, 262, 260, 255, 244, 224, 205, 187, 178, 167,
    172, 173, 171, 179, 182, 188, 186, 184, 182, 178, 176, 185, 189, 190,
    200, 191, 186, 179, 177, 180, 186, 182, 186, 195, 189, 186, 180, 174,
    173, 175, 179, 183, 188, 188, 182, 181, 178, 179, 181, 185, 192, 193,
    191, 198, 202, 208, 216, 225, 240 ]
RHandPositionsY: [ 261, 263, 266, 263, 264, 264, 264, 265, 268, 269, 268,
    265, 269, 268, 265, 265, 268, 267, 267, 266, 268, 265, 266, 269, 265,
    267, 268, 267, 266, 267, 266, 260, 248, 232, 216, 197, 175, 155, 139,
    134, 115, 107, 108, 111, 110, 104, 101, 90, 90, 88, 89, 96, 96, 96,
    96, 94, 87, 88, 87, 87, 92, 97, 100, 94, 92, 87, 86, 87, 92, 95, 96,
    98, 94, 95, 91, 93, 89, 94, 97, 104, 106, 108, 122, 135, 142, 152,
    168, 188 ]
