%YAML:1.0
---
videoName: "RHShake15.mp4"
gestureLabel: 2
fps: 29
pixelSizeInCmTemp: 3.2808219178082193e-01
faceCenterPointX: 279
faceCenterPointY: 41
LHandPositionsX: [ 368, 370, 370, 370, 369, 372, 371, 371, 372, 370, 372,
    370, 369, 372, 372, 370, 369, 372, 371, 368, 371, 371, 371, 370, 368,
    368, 371, 372, 369, 370, 369, 372, 372, 369, 370, 371, 370, 368, 369,
    369, 372, 368, 371, 368, 370, 371, 368, 372, 372, 372, 368, 372, 372,
    372, 369, 369, 368, 372, 370, 369, 368, 370, 371, 368, 372, 372, 371,
    369, 369, 371, 372, 372, 372, 368, 372, 370, 370, 371, 372, 372, 371,
    368, 372, 372, 372, 370, 369, 370 ]
LHandPositionsY: [ 232, 235, 233, 234, 232, 234, 236, 232, 233, 235, 235,
    234, 236, 235, 234, 236, 236, 236, 233, 233, 232, 232, 232, 233, 232,
    233, 232, 235, 234, 236, 236, 235, 236, 235, 235, 234, 232, 235, 232,
    233, 234, 234, 232, 234, 235, 235, 234, 231, 231, 233, 235, 234, 232,
    235, 233, 233, 235, 234, 233, 231, 234, 232, 232, 235, 235, 232, 232,
    233, 233, 232, 232, 235, 234, 233, 233, 231, 231, 235, 232, 233, 233,
    234, 233, 235, 231, 235, 235, 234 ]
RHandPositionsX: [ 137, 125, 112, 108, 109, 112, 110, 106, 106, 108, 113,
    115, 115, 114, 107, 111, 115, 107, 109, 109, 114, 116, 116, 112, 111,
    108, 108, 111, 106, 108, 115, 118, 118, 115, 112, 112, 108, 109, 112,
    117, 111, 112, 117, 116, 122, 120, 119, 122, 120, 121, 118, 121, 127,
    128, 126, 127, 125, 125, 120, 122, 120, 125, 129, 133, 137, 142, 140,
    140, 139, 141, 145, 147, 149, 153, 157, 154, 156, 158, 158, 161, 157,
    157, 161, 158, 159, 160, 159, 158 ]
RHandPositionsY: [ 193, 170, 154, 147, 144, 138, 133, 128, 120, 113, 109,
    109, 102, 100, 98, 97, 97, 93, 94, 95, 96, 93, 95, 91, 91, 92, 95,
    94, 93, 97, 98, 103, 102, 102, 100, 102, 102, 101, 104, 102, 103,
    105, 109, 109, 109, 107, 104, 103, 104, 104, 106, 109, 112, 111, 118,
    114, 109, 110, 112, 113, 110, 118, 124, 134, 151, 166, 171, 182, 190,
    200, 208, 222, 228, 234, 242, 240, 245, 246, 247, 246, 246, 247, 245,
    246, 249, 248, 246, 249 ]
