%YAML:1.0
---
videoName: "RHShake20.mp4"
gestureLabel: 2
fps: 29
pixelSizeInCmTemp: 3.3263888888888887e-01
faceCenterPointX: 286
faceCenterPointY: 45
LHandPositionsX: [ 390, 390, 392, 392, 392, 391, 394, 391, 390, 391, 392,
    391, 392, 393, 394, 391, 392, 390, 393, 394, 392, 394, 390, 390, 393,
    394, 394, 392, 391, 390, 393, 394, 390, 394, 394, 394, 391, 393, 392,
    394, 392, 394, 392, 390, 390, 390, 391, 391, 390, 392, 390, 392, 394,
    393, 391, 391, 392, 394, 390, 394, 390, 391, 394, 390, 391, 393, 391,
    390, 392, 392, 390, 391, 391, 392, 392, 390, 391, 390, 391, 394, 394,
    394, 391, 393, 391, 393, 391, 394 ]
LHandPositionsY: [ 245, 245, 246, 242, 242, 242, 242, 244, 243, 244, 241,
    240, 242, 240, 242, 243, 240, 239, 243, 241, 239, 240, 242, 240, 242,
    239, 241, 239, 242, 241, 239, 243, 239, 242, 240, 243, 240, 242, 240,
    239, 240, 242, 242, 243, 241, 243, 239, 241, 239, 243, 242, 240, 239,
    242, 242, 242, 242, 243, 241, 242, 243, 242, 241, 243, 239, 241, 242,
    242, 243, 240, 241, 241, 241, 239, 242, 242, 241, 241, 239, 239, 240,
    239, 239, 239, 241, 243, 243, 243 ]
RHandPositionsX: [ 165, 159, 159, 158, 155, 153, 153, 157, 157, 160, 159,
    159, 160, 157, 153, 150, 151, 148, 158, 163, 160, 164, 158, 153, 151,
    154, 150, 152, 160, 161, 163, 159, 155, 153, 156, 156, 150, 148, 157,
    166, 166, 167, 166, 163, 158, 152, 154, 153, 158, 164, 166, 167, 168,
    170, 168, 167, 165, 163, 160, 160, 161, 166, 172, 177, 180, 185, 187,
    188, 184, 181, 186, 182, 182, 180, 180, 177, 180, 180, 177, 178, 180,
    178, 178, 180, 177, 179, 180, 177 ]
RHandPositionsY: [ 109, 110, 101, 101, 100, 100, 100, 97, 100, 101, 101,
    102, 97, 99, 97, 97, 98, 102, 114, 114, 116, 116, 112, 110, 109, 109,
    108, 108, 117, 120, 117, 115, 112, 107, 108, 105, 102, 107, 114, 120,
    121, 122, 124, 120, 117, 111, 115, 108, 109, 119, 124, 125, 121, 125,
    123, 120, 117, 113, 110, 110, 118, 126, 132, 138, 145, 157, 165, 178,
    187, 194, 200, 212, 220, 225, 233, 235, 239, 241, 240, 240, 246, 247,
    245, 243, 246, 247, 244, 245 ]
