%YAML:1.0
---
videoName: "RHShake22.mp4"
gestureLabel: 2
fps: 29
pixelSizeInCmTemp: 3.3263888888888887e-01
faceCenterPointX: 290
faceCenterPointY: 48
LHandPositionsX: [ 395, 395, 396, 393, 392, 396, 394, 392, 396, 392, 394,
    392, 394, 392, 392, 393, 395, 394, 396, 393, 393, 392, 395, 392, 395,
    395, 396, 392, 395, 393, 394, 394, 393, 395, 394, 395, 396, 392, 393,
    396, 395, 396, 392, 395, 396, 396, 393, 396, 395, 392, 393, 393, 396,
    396, 393, 396, 394, 395, 394, 393, 392, 393, 395, 395, 394, 395, 392,
    392, 395, 396, 394, 393, 395, 392, 395, 392, 395, 396, 396, 396, 393,
    394, 392, 394, 392, 396, 393, 392 ]
LHandPositionsY: [ 231, 234, 231, 230, 230, 234, 234, 234, 232, 234, 230,
    233, 230, 233, 231, 234, 232, 232, 231, 234, 230, 231, 232, 234, 231,
    233, 234, 233, 233, 233, 231, 230, 230, 232, 232, 234, 231, 234, 233,
    230, 232, 232, 230, 234, 231, 230, 231, 232, 231, 233, 231, 232, 231,
    230, 232, 230, 231, 230, 233, 234, 231, 231, 231, 231, 233, 234, 230,
    231, 230, 233, 234, 232, 233, 231, 230, 234, 232, 230, 231, 232, 234,
    234, 230, 231, 230, 230, 231, 231 ]
RHandPositionsX: [ 150, 135, 129, 132, 130, 137, 146, 155, 163, 167, 164,
    162, 163, 156, 153, 147, 143, 145, 147, 152, 163, 173, 170, 169, 171,
    164, 163, 156, 154, 151, 152, 157, 164, 170, 172, 171, 174, 171, 163,
    164, 158, 159, 162, 168, 170, 176, 177, 172, 171, 170, 162, 158, 154,
    156, 157, 166, 171, 174, 177, 181, 179, 171, 170, 162, 157, 154, 154,
    155, 166, 177, 175, 178, 181, 181, 180, 178, 179, 181, 183, 187, 186,
    191, 189, 187, 191, 188, 189, 187 ]
RHandPositionsY: [ 140, 117, 102, 103, 94, 90, 82, 85, 89, 94, 91, 91,
    83, 80, 77, 77, 77, 74, 77, 85, 92, 91, 99, 96, 92, 90, 84, 86, 82,
    83, 82, 91, 93, 99, 103, 99, 93, 91, 90, 85, 84, 82, 84, 90, 93, 100,
    102, 102, 96, 90, 92, 88, 88, 87, 86, 85, 88, 102, 103, 103, 99, 96,
    90, 92, 90, 90, 93, 89, 89, 106, 107, 110, 114, 118, 123, 126, 138,
    149, 159, 170, 181, 191, 201, 207, 214, 219, 227, 223 ]
