%YAML:1.0
---
videoName: "RHShake12.mp4"
gestureLabel: 2
fps: 29
pixelSizeInCmTemp: 3.3732394366197183e-01
faceCenterPointX: 299
faceCenterPointY: 45
LHandPositionsX: [ 408, 404, 407, 406, 404, 408, 405, 406, 406, 405, 404,
    407, 408, 408, 406, 407, 406, 404, 408, 405, 406, 408, 407, 405, 404,
    407, 408, 408, 408, 404, 406, 407, 404, 407, 408, 406, 405, 405, 405,
    407, 408, 404, 404, 407, 408, 407, 404, 407, 407, 407, 404, 407, 404,
    407, 408, 408, 405, 407, 405, 404, 405, 405, 406, 405, 408, 406, 408,
    405, 406, 404, 407, 404, 405, 406, 407, 405, 408, 406, 407, 405, 406,
    407, 406, 404, 405, 406, 406, 405 ]
LHandPositionsY: [ 243, 243, 243, 239, 241, 243, 240, 240, 243, 241, 239,
    240, 239, 239, 239, 243, 239, 243, 240, 239, 240, 243, 242, 240, 240,
    240, 239, 242, 241, 243, 241, 239, 240, 239, 243, 239, 242, 241, 239,
    242, 243, 241, 239, 242, 242, 242, 239, 241, 241, 243, 242, 241, 239,
    241, 240, 240, 241, 243, 240, 240, 240, 240, 242, 243, 241, 242, 243,
    241, 242, 243, 243, 242, 242, 240, 241, 240, 240, 243, 239, 242, 239,
    241, 240, 241, 241, 239, 242, 239 ]
RHandPositionsX: [ 168, 168, 163, 161, 164, 173, 180, 191, 191, 194, 193,
    181, 180, 174, 170, 170, 173, 178, 186, 188, 191, 182, 181, 174, 170,
    168, 169, 174, 186, 193, 193, 189, 183, 178, 178, 174, 171, 172, 180,
    191, 198, 194, 183, 180, 173, 175, 174, 174, 178, 193, 192, 191, 197,
    188, 182, 179, 178, 175, 175, 174, 180, 193, 199, 202, 202, 198, 196,
    191, 186, 188, 186, 187, 188, 193, 196, 197, 201, 198, 200, 200, 198,
    201, 200, 199, 198, 197, 199, 199 ]
RHandPositionsY: [ 137, 129, 117, 110, 108, 94, 98, 102, 109, 109, 99,
    91, 93, 89, 90, 84, 83, 89, 101, 104, 107, 98, 90, 85, 88, 82, 81,
    89, 100, 114, 112, 106, 98, 94, 94, 96, 88, 87, 94, 111, 114, 117,
    105, 99, 93, 94, 91, 85, 92, 111, 110, 114, 114, 100, 92, 89, 92, 89,
    85, 87, 93, 109, 122, 120, 122, 119, 111, 109, 110, 113, 115, 125,
    137, 150, 159, 163, 168, 176, 183, 193, 201, 208, 214, 220, 220, 228,
    228, 232 ]
