%YAML:1.0
---
videoName: "RHShake12.mp4"
gestureLabel: 2
fps: 29
pixelSizeInCmTemp: 3.3732394366197183e-01
faceCenterPointX: 299
faceCenterPointY: 45
LHandPositionsX: [ 406, 406, 405, 405, 406, 408, 407, 406, 406, 408, 407,
    404, 404, 404, 404, 405, 405, 407, 408, 405, 406, 404, 406, 404, 405,
    406, 404, 406, 406, 407, 408, 405, 404, 408, 406, 408, 404, 404, 406,
    406, 404, 406, 408, 406, 404, 408, 405, 404, 405, 406, 407, 407, 404,
    406, 407, 404, 408, 404, 404, 407, 408, 407, 405, 404, 406, 407, 407,
    405, 407, 406, 404, 404, 408, 408, 404, 407, 408, 407, 407, 408, 404,
    404, 408, 405, 405, 406, 404, 406 ]
LHandPositionsY: [ 242, 240, 240, 241, 241, 243, 243, 243, 242, 239, 242,
    241, 243, 239, 242, 240, 241, 241, 241, 242, 241, 239, 242, 240, 242,
    240, 243, 242, 241, 241, 239, 241, 243, 240, 243, 241, 242, 239, 241,
    239, 241, 243, 243, 242, 239, 241, 240, 243, 242, 242, 242, 243, 239,
    239, 243, 239, 243, 241, 241, 239, 241, 241, 243, 242, 242, 241, 242,
    240, 243, 242, 241, 240, 243, 240, 239, 239, 241, 241, 243, 242, 240,
    239, 242, 240, 242, 239, 240, 240 ]
RHandPositionsX: [ 167, 165, 164, 161, 165, 170, 183, 190, 190, 194, 192,
    185, 176, 171, 174, 166, 171, 175, 185, 186, 190, 181, 179, 174, 169,
    167, 169, 176, 187, 192, 192, 191, 182, 182, 177, 177, 175, 172, 178,
    193, 198, 196, 183, 182, 176, 176, 170, 175, 181, 193, 194, 195, 198,
    189, 185, 179, 177, 178, 173, 174, 182, 191, 201, 202, 204, 202, 196,
    190, 188, 185, 183, 184, 188, 191, 197, 198, 197, 202, 203, 200, 202,
    199, 200, 200, 199, 199, 202, 200 ]
RHandPositionsY: [ 141, 127, 120, 113, 107, 92, 96, 104, 107, 110, 99,
    92, 92, 88, 87, 84, 85, 88, 99, 104, 108, 97, 92, 89, 87, 85, 84, 92,
    100, 114, 113, 109, 102, 98, 95, 95, 87, 87, 98, 114, 115, 117, 104,
    98, 95, 94, 91, 87, 96, 110, 112, 111, 113, 104, 90, 90, 90, 92, 85,
    89, 94, 109, 118, 117, 118, 118, 111, 106, 111, 115, 115, 124, 137,
    149, 162, 161, 168, 174, 183, 193, 203, 211, 213, 219, 223, 224, 231,
    230 ]
