%YAML:1.0
---
videoName: "RHShake15.mp4"
gestureLabel: 2
fps: 29
pixelSizeInCmTemp: 3.2808219178082193e-01
faceCenterPointX: 279
faceCenterPointY: 41
LHandPositionsX: [ 371, 369, 372, 370, 372, 370, 368, 369, 372, 370, 369,
    369, 372, 368, 369, 369, 372, 369, 370, 372, 371, 372, 370, 369, 368,
    369, 371, 368, 368, 368, 372, 369, 371, 368, 370, 369, 372, 372, 369,
    371, 368, 369, 370, 368, 371, 369, 368, 369, 369, 371, 370, 371, 369,
    371, 372, 370, 372, 370, 372, 371, 369, 371, 371, 369, 368, 368, 370,
    368, 371, 369, 369, 372, 368, 372, 369, 372, 371, 371, 371, 368, 368,
    370, 369, 368, 370, 371, 368, 372 ]
LHandPositionsY: [ 236, 234, 233, 235, 236, 232, 234, 232, 232, 234, 233,
    232, 233, 235, 235, 236, 234, 235, 232, 232, 232, 232, 236, 236, 236,
    235, 234, 232, 235, 234, 232, 233, 233, 236, 235, 236, 233, 232, 233,
    233, 234, 234, 236, 235, 235, 234, 231, 231, 233, 234, 231, 235, 235,
    233, 235, 231, 232, 233, 231, 235, 232, 232, 234, 231, 233, 231, 232,
    235, 231, 231, 235, 233, 231, 233, 232, 232, 233, 233, 232, 233, 234,
    232, 235, 235, 233, 235, 233, 233 ]
RHandPositionsX: [ 137, 126, 111, 108, 109, 111, 107, 104, 109, 111, 114,
    114, 113, 114, 110, 110, 112, 110, 105, 109, 116, 115, 117, 114, 109,
    108, 110, 111, 106, 106, 115, 116, 114, 115, 114, 110, 107, 113, 112,
    113, 113, 109, 118, 114, 123, 119, 122, 122, 121, 122, 119, 124, 125,
    127, 122, 127, 127, 128, 121, 121, 122, 126, 128, 134, 141, 144, 140,
    137, 137, 143, 144, 149, 150, 156, 157, 156, 159, 156, 158, 162, 161,
    161, 158, 158, 157, 157, 159, 157 ]
RHandPositionsY: [ 190, 171, 155, 143, 146, 140, 131, 129, 119, 114, 109,
    107, 105, 100, 98, 95, 94, 93, 92, 95, 92, 94, 94, 92, 95, 94, 92,
    94, 93, 98, 97, 103, 105, 105, 101, 102, 100, 104, 101, 104, 107,
    107, 110, 109, 110, 104, 105, 105, 107, 102, 103, 110, 111, 114, 116,
    114, 109, 111, 112, 112, 113, 121, 125, 137, 151, 165, 170, 183, 194,
    202, 208, 219, 228, 234, 242, 240, 247, 244, 247, 246, 248, 249, 247,
    249, 247, 247, 248, 246 ]
