%YAML:1.0
---
videoName: "RHShake23.mp4"
gestureLabel: 2
fps: 29
pixelSizeInCmTemp: 3.3263888888888887e-01
faceCenterPointX: 298
faceCenterPointY: 49
LHandPositionsX: [ 389, 388, 390, 391, 389, 390, 388, 389, 391, 388, 390,
    391, 391, 390, 391, 389, 387, 388, 391, 389, 388, 390, 387, 391, 390,
    387, 387, 389, 389, 391, 389, 387, 387, 391, 389, 389, 390, 389, 387,
    390, 388, 390, 391, 389, 389, 387, 391, 390, 389, 391, 391, 388, 387,
    387, 391, 388, 390, 388, 387, 388, 389, 390, 389, 391, 387, 388, 390,
    387, 391, 389, 387, 389, 391, 387, 391, 389, 388, 390, 387, 388, 388,
    388, 389, 391, 391, 388, 387, 390 ]
LHandPositionsY: [ 227, 227, 224, 226, 228, 224, 224, 228, 227, 226, 225,
    227, 225, 225, 227, 227, 226, 225, 227, 226, 228, 225, 226, 225, 226,
    226, 226, 226, 227, 227, 225, 225, 226, 228, 227, 227, 228, 228, 224,
    226, 227, 228, 225, 227, 226, 224, 225, 227, 225, 228, 225, 227, 226,
    228, 228, 225, 225, 225, 226, 228, 228, 226, 225, 226, 227, 225, 227,
    227, 228, 224, 224, 225, 225, 227, 225, 224, 224, 227, 225, 226, 227,
    228, 226, 224, 227, 228, 227, 228 ]
RHandPositionsX: [ 170, 169, 175, 189, 190, 189, 194, 188, 183, 178, 172,
    174, 171, 180, 186, 195, 197, 198, 199, 192, 183, 182, 178, 173, 171,
    172, 173, 176, 190, 203, 199, 201, 199, 193, 190, 187, 186, 181, 180,
    184, 184, 199, 203, 201, 205, 203, 199, 191, 186, 177, 174, 176, 179,
    185, 195, 198, 205, 210, 210, 211, 209, 209, 207, 208, 208, 209, 210,
    204, 206, 205, 204, 202, 202, 202, 202, 202, 200, 199, 203, 203, 200,
    201, 198, 201, 200, 199, 199, 199 ]
RHandPositionsY: [ 98, 92, 98, 114, 116, 113, 119, 110, 102, 99, 102,
    102, 100, 102, 114, 122, 122, 121, 123, 109, 104, 101, 102, 102, 100,
    94, 94, 99, 114, 123, 121, 124, 125, 108, 104, 107, 106, 100, 100,
    99, 112, 122, 122, 123, 126, 124, 122, 110, 108, 107, 104, 102, 101,
    117, 130, 135, 141, 150, 148, 155, 157, 166, 175, 184, 193, 202, 208,
    214, 213, 213, 218, 219, 223, 221, 224, 229, 224, 225, 228, 228, 228,
    225, 228, 226, 225, 226, 226, 224 ]
