%YAML:1.0
---
videoName: "RHShake20.mp4"
gestureLabel: 2
fps: 29
pixelSizeInCmTemp: 3.3263888888888887e-01
faceCenterPointX: 286
faceCenterPointY: 45
LHandPositionsX: [ 392, 394, 392, 392, 393, 391, 393, 393, 392, 394, 394,
    394, 391, 391, 393, 391, 393, 392, 394, 393, 391, 394, 394, 393, 394,
    394, 393, 392, 392, 394, 392, 393, 390, 390, 392, 393, 392, 391, 392,
    392, 394, 393, 390, 393, 390, 394, 394, 394, 390, 394, 391, 393, 394,
    392, 392, 394, 390, 392, 390, 394, 390, 393, 390, 390, 394, 394, 393,
    390, 391, 392, 391, 391, 393, 392, 393, 393, 390, 394, 390, 391, 393,
    394, 390, 393, 393, 394, 394, 393 ]
LHandPositionsY: [ 245, 242, 243, 245, 243, 243, 245, 243, 243, 244, 242,
    244, 240, 243, 239, 239, 243, 240, 239, 239, 242, 241, 239, 243, 240,
    240, 243, 242, 239, 243, 241, 240, 242, 243, 242, 240, 239, 243, 239,
    241, 240, 239, 243, 242, 242, 239, 239, 240, 241, 242, 239, 242, 240,
    241, 240, 243, 242, 240, 243, 240, 239, 242, 240, 239, 239, 240, 239,
    243, 242, 239, 242, 239, 239, 240, 239, 243, 240, 239, 241, 243, 240,
    239, 241, 240, 243, 243, 239, 242 ]
RHandPositionsX: [ 164, 159, 160, 158, 152, 154, 150, 157, 159, 156, 163,
    160, 161, 155, 150, 151, 151, 149, 159, 159, 163, 160, 159, 153, 152,
    154, 151, 152, 160, 162, 164, 162, 159, 153, 157, 153, 150, 152, 158,
    165, 167, 168, 164, 162, 158, 153, 153, 151, 160, 160, 165, 168, 168,
    167, 166, 167, 162, 166, 162, 158, 162, 169, 171, 177, 182, 185, 184,
    187, 185, 183, 184, 183, 180, 180, 176, 178, 178, 181, 180, 179, 176,
    179, 180, 177, 177, 179, 178, 176 ]
RHandPositionsY: [ 108, 109, 102, 101, 99, 97, 97, 98, 103, 104, 101,
    100, 98, 96, 99, 97, 100, 102, 112, 112, 114, 116, 113, 111, 109,
    105, 109, 108, 117, 117, 120, 116, 111, 107, 108, 105, 105, 106, 112,
    119, 123, 120, 124, 118, 117, 114, 111, 111, 109, 116, 126, 126, 125,
    125, 125, 122, 117, 113, 110, 110, 115, 125, 133, 137, 147, 156, 164,
    178, 184, 193, 201, 209, 221, 226, 234, 232, 240, 238, 239, 242, 242,
    245, 245, 243, 243, 243, 246, 243 ]
