%YAML:1.0
---
videoName: "RHShake22.mp4"
gestureLabel: 2
fps: 29
pixelSizeInCmTemp: 3.3263888888888887e-01
faceCenterPointX: 290
faceCenterPointY: 48
LHandPositionsX: [ 394, 392, 395, 396, 393, 394, 395, 393, 396, 395, 393,
    396, 396, 395, 392, 395, 393, 393, 396, 392, 395, 392, 393, 393, 394,
    396, 396, 395, 395, 393, 394, 392, 393, 394, 394, 396, 396, 396, 392,
    395, 396, 396, 392, 393, 394, 394, 394, 393, 393, 395, 392, 393, 393,
    396, 396, 393, 396, 395, 396, 393, 393, 393, 392, 392, 396, 395, 395,
    396, 392, 392, 393, 392, 396, 395, 393, 396, 393, 395, 392, 394, 392,
    392, 396, 396, 396, 394, 396, 396 ]
LHandPositionsY: [ 230, 233, 231, 234, 231, 230, 234, 230, 234, 233, 234,
    231, 231, 232, 231, 231, 234, 230, 232, 234, 231, 234, 230, 234, 231,
    230, 233, 232, 231, 234, 234, 230, 232, 231, 232, 233, 233, 233, 230,
    230, 232, 233, 233, 232, 231, 232, 232, 231, 234, 233, 232, 230, 230,
    232, 233, 232, 230, 230, 234, 232, 231, 232, 230, 233, 234, 234, 233,
    231, 232, 230, 234, 232, 230, 231, 233, 232, 230, 231, 232, 233, 233,
    231, 232, 233, 231, 233, 233, 232 ]
RHandPositionsX: [ 151, 136, 130, 129, 130, 136, 147, 155, 164, 164, 167,
    162, 159, 156, 150, 148, 143, 145, 146, 152, 163, 173, 172, 168, 169,
    166, 165, 156, 158, 151, 155, 160, 166, 170, 170, 173, 172, 170, 164,
    164, 156, 157, 160, 169, 171, 173, 173, 174, 174, 169, 160, 158, 156,
    154, 158, 166, 173, 174, 178, 178, 178, 173, 167, 161, 155, 155, 152,
    154, 165, 176, 177, 177, 182, 182, 182, 178, 179, 180, 183, 187, 186,
    190, 187, 189, 189, 189, 191, 191 ]
RHandPositionsY: [ 140, 118, 100, 99, 96, 91, 81, 85, 88, 92, 94, 89, 85,
    78, 77, 78, 79, 77, 77, 85, 92, 93, 98, 94, 94, 89, 84, 82, 86, 80,
    78, 88, 95, 97, 103, 98, 95, 93, 89, 87, 88, 83, 84, 91, 97, 99, 100,
    102, 93, 91, 91, 87, 86, 86, 86, 83, 90, 101, 103, 103, 99, 97, 90,
    90, 93, 94, 89, 88, 92, 104, 106, 111, 112, 120, 122, 125, 137, 149,
    157, 172, 181, 191, 200, 207, 215, 221, 224, 223 ]
