%YAML:1.0
---
videoName: "RHShake04.mp4"
gestureLabel: 2
fps: 29
pixelSizeInCmTemp: 3.1513157894736843e-01
faceCenterPointX: 292
faceCenterPointY: 47
LHandPositionsX: [ 411, 409, 413, 413, 410, 410, 409, 409, 409, 411, 410,
    412, 411, 408, 412, 408, 412, 412, 407, 410, 409, 410, 409, 410, 406,
    408, 407, 405, 408, 409, 408, 408, 409, 409, 405, 409, 409, 409, 408,
    406, 406, 408, 408, 405, 409, 409, 409, 408, 407, 409, 406, 408, 405,
    408, 409, 405, 405, 407, 409, 408, 405, 407, 405, 406, 406, 405, 406,
    403, 405, 402, 406, 404, 402, 403, 402, 406, 405, 405, 404, 402, 405,
    402, 402, 405, 403, 405, 403, 404 ]
LHandPositionsY: [ 264, 263, 263, 262, 264, 262, 262, 261, 261, 266, 265,
    262, 261, 262, 263, 261, 262, 263, 260, 263, 262, 263, 262, 264, 262,
    263, 264, 261, 260, 261, 262, 260, 261, 264, 262, 262, 264, 260, 261,
    260, 264, 264, 264, 260, 264, 261, 263, 261, 261, 263, 260, 263, 263,
    260, 262, 263, 264, 262, 263, 261, 264, 263, 259, 259, 259, 261, 263,
    259, 259, 261, 261, 262, 261, 261, 262, 260, 259, 258, 259, 259, 257,
    258, 261, 261, 257, 259, 260, 260 ]
RHandPositionsX: [ 181, 181, 183, 183, 181, 180, 182, 181, 178, 178, 179,
    181, 179, 180, 178, 178, 179, 177, 179, 177, 177, 178, 176, 180, 180,
    177, 170, 164, 161, 165, 163, 166, 182, 187, 192, 189, 188, 183, 173,
    167, 168, 170, 171, 175, 180, 178, 183, 173, 166, 165, 168, 170, 175,
    180, 181, 180, 175, 172, 170, 171, 169, 176, 178, 183, 193, 187, 184,
    176, 175, 172, 169, 168, 173, 174, 186, 189, 190, 191, 192, 188, 185,
    185, 183, 177, 177, 176, 174, 173 ]
RHandPositionsY: [ 266, 266, 264, 266, 266, 264, 267, 264, 268, 265, 266,
    269, 266, 269, 266, 270, 267, 268, 270, 269, 272, 271, 267, 245, 221,
    195, 169, 148, 126, 124, 118, 105, 98, 101, 105, 100, 98, 96, 94, 95,
    91, 89, 96, 96, 99, 97, 93, 92, 93, 94, 92, 95, 98, 97, 99, 97, 97,
    97, 91, 93, 92, 95, 97, 97, 97, 94, 96, 95, 96, 96, 96, 97, 102, 107,
    122, 131, 142, 154, 166, 181, 196, 213, 224, 228, 238, 247, 248, 249 ]
