%YAML:1.0
---
videoName: "RHShake24.mp4"
gestureLabel: 2
fps: 30
pixelSizeInCmTemp: 3.3732394366197183e-01
faceCenterPointX: 304
faceCenterPointY: 46
LHandPositionsX: [ 389, 391, 389, 392, 390, 390, 393, 392, 389, 393, 391,
    393, 392, 392, 391, 391, 392, 392, 390, 393, 391, 389, 392, 392, 392,
    391, 393, 392, 390, 391, 393, 392, 392, 393, 393, 393, 389, 391, 393,
    389, 390, 393, 391, 392, 390, 390, 392, 390, 392, 393, 391, 391, 390,
    390, 389, 389, 389, 393, 389, 389, 393, 389, 389, 393, 393, 389, 389,
    389, 393, 389, 393, 392, 391, 390, 389, 393, 393, 390, 393, 391, 392,
    389, 392, 392, 390, 389, 390, 392, 390, 393, 391 ]
LHandPositionsY: [ 225, 226, 228, 229, 225, 225, 228, 228, 229, 229, 226,
    228, 227, 227, 228, 226, 226, 225, 225, 225, 229, 227, 227, 226, 226,
    228, 225, 225, 226, 225, 228, 225, 228, 226, 229, 226, 229, 227, 227,
    225, 228, 225, 227, 229, 225, 227, 225, 225, 228, 228, 225, 225, 227,
    227, 228, 228, 227, 229, 227, 225, 225, 226, 229, 225, 227, 227, 225,
    229, 226, 225, 227, 227, 229, 229, 225, 229, 227, 225, 225, 229, 227,
    226, 227, 227, 227, 227, 225, 225, 227, 226, 229 ]
RHandPositionsX: [ 141, 147, 151, 151, 155, 154, 155, 148, 147, 143, 137,
    137, 145, 155, 162, 163, 161, 164, 159, 156, 148, 143, 145, 140, 141,
    145, 155, 160, 158, 157, 158, 153, 152, 147, 143, 143, 146, 151, 158,
    157, 158, 161, 160, 154, 150, 144, 143, 141, 142, 148, 160, 164, 168,
    170, 168, 162, 158, 150, 153, 148, 147, 150, 150, 165, 164, 170, 168,
    171, 173, 178, 182, 183, 183, 187, 188, 191, 193, 195, 191, 192, 196,
    196, 193, 194, 196, 196, 192, 196, 194, 192, 193 ]
RHandPositionsY: [ 98, 103, 101, 101, 104, 99, 94, 88, 88, 86, 84, 88,
    85, 100, 112, 109, 113, 113, 104, 101, 96, 94, 98, 93, 94, 98, 108,
    113, 110, 112, 106, 99, 99, 97, 94, 93, 92, 97, 100, 109, 108, 113,
    109, 101, 100, 101, 99, 97, 95, 109, 118, 121, 122, 124, 119, 105,
    102, 102, 100, 101, 97, 95, 105, 113, 116, 118, 120, 120, 130, 142,
    152, 151, 151, 157, 167, 171, 179, 188, 196, 204, 211, 212, 212, 214,
    218, 220, 223, 224, 223, 225, 229 ]
