%YAML:1.0
---
videoName: "RHShake17.mp4"
gestureLabel: 2
fps: 29
pixelSizeInCmTemp: 3.3732394366197183e-01
faceCenterPointX: 282
faceCenterPointY: 40
LHandPositionsX: [ 308, 306, 305, 308, 309, 307, 309, 307, 305, 308, 305,
    309, 308, 308, 308, 307, 309, 308, 309, 305, 308, 308, 306, 305, 305,
    307, 306, 307, 309, 307, 307, 305, 309, 309, 309, 307, 308, 308, 307,
    308, 306, 309, 308, 310, 310, 306, 307, 306, 307, 307, 309, 307, 309,
    311, 307, 308, 311, 308, 311, 309, 308, 310, 308, 311, 309, 311, 309,
    307, 308, 310, 311, 310, 306, 308, 308, 308, 308, 307, 305, 305, 309,
    306, 307, 306, 305, 307, 307, 307 ]
LHandPositionsY: [ 235, 234, 231, 232, 233, 233, 233, 235, 232, 233, 232,
    235, 231, 233, 234, 234, 231, 233, 234, 231, 235, 234, 234, 234, 231,
    235, 235, 234, 234, 233, 233, 234, 232, 231, 233, 231, 233, 235, 234,
    235, 234, 232, 231, 233, 232, 235, 231, 233, 233, 235, 232, 231, 231,
    235, 233, 231, 232, 235, 233, 235, 233, 232, 233, 232, 234, 234, 233,
    231, 232, 231, 231, 232, 232, 235, 234, 234, 231, 231, 232, 235, 231,
    232, 232, 235, 233, 235, 234, 234 ]
RHandPositionsX: [ 210, 197, 178, 161, 141, 143, 146, 145, 142, 142, 145,
    150, 158, 152, 147, 146, 143, 143, 143, 148, 161, 158, 157, 153, 148,
    147, 147, 141, 148, 154, 154, 159, 158, 157, 149, 144, 141, 141, 137,
    156, 152, 156, 156, 158, 154, 151, 148, 151, 157, 156, 172, 170, 166,
    161, 159, 159, 148, 153, 149, 149, 154, 166, 170, 178, 179, 178, 179,
    175, 174, 168, 177, 172, 171, 169, 170, 169, 172, 168, 168, 168, 171,
    171, 171, 168, 170, 169, 170, 166 ]
RHandPositionsY: [ 201, 185, 170, 148, 129, 112, 106, 103, 96, 90, 98,
    89, 80, 79, 73, 70, 70, 67, 69, 71, 76, 75, 73, 72, 68, 67, 65, 68,
    67, 65, 70, 69, 67, 64, 66, 64, 66, 65, 67, 84, 81, 81, 78, 77, 77,
    75, 73, 73, 75, 73, 89, 88, 83, 82, 80, 80, 79, 78, 79, 84, 92, 104,
    120, 133, 149, 161, 172, 182, 187, 195, 206, 217, 223, 229, 235, 236,
    239, 237, 237, 242, 243, 242, 244, 241, 243, 244, 243, 246 ]
