%YAML:1.0
---
videoName: "RHShake00.mp4"
gestureLabel: 2
fps: 29
pixelSizeInCmTemp: 3.4710144927536229e-01
faceCenterPointX: 283
faceCenterPointY: 97
LHandPositionsX: [ 345, 343, 346, 345, 346, 346, 343, 343, 344, 345, 343,
    343, 345, 344, 343, 346, 342, 342, 345, 342, 343, 343, 344, 344, 344,
    345, 346, 343, 346, 345, 346, 344, 346, 342, 344, 344, 345, 346, 344,
    342, 345, 343, 346, 342, 342, 346, 342, 344, 346, 342, 342, 343, 343,
    344, 342, 346, 344, 345, 343, 343, 345, 343, 346, 346, 344, 345, 346,
    344, 346, 343, 344, 346, 343, 342, 345, 343, 342, 342, 342, 344, 344,
    342, 345, 342, 343, 344, 342, 344 ]
LHandPositionsY: [ 273, 275, 272, 276, 275, 275, 275, 273, 272, 272, 272,
    273, 276, 273, 273, 272, 275, 273, 276, 274, 272, 273, 275, 276, 273,
    274, 276, 276, 274, 275, 274, 274, 273, 274, 276, 273, 275, 276, 274,
    276, 274, 275, 274, 272, 272, 276, 273, 276, 276, 274, 273, 273, 274,
    274, 276, 276, 276, 273, 276, 273, 272, 276, 276, 276, 276, 275, 274,
    275, 272, 274, 275, 274, 272, 272, 273, 276, 273, 272, 276, 275, 275,
    274, 276, 275, 272, 275, 274, 275 ]
RHandPositionsX: [ 176, 173, 169, 156, 147, 147, 147, 142, 144, 140, 146,
    146, 151, 165, 165, 164, 167, 165, 162, 160, 153, 150, 150, 150, 151,
    165, 166, 166, 167, 164, 159, 150, 148, 148, 150, 153, 164, 161, 164,
    163, 164, 158, 148, 142, 140, 146, 150, 150, 156, 156, 160, 162, 158,
    149, 143, 146, 144, 147, 155, 162, 159, 160, 166, 160, 155, 151, 148,
    140, 140, 148, 151, 155, 156, 160, 162, 167, 170, 174, 178, 180, 183,
    188, 191, 189, 195, 193, 196, 199 ]
RHandPositionsY: [ 259, 253, 243, 219, 202, 188, 176, 168, 158, 150, 140,
    136, 134, 135, 137, 138, 135, 130, 127, 123, 124, 122, 120, 118, 126,
    131, 134, 131, 134, 133, 126, 124, 128, 122, 134, 133, 138, 140, 137,
    137, 142, 133, 131, 131, 130, 132, 134, 134, 139, 137, 137, 139, 133,
    130, 129, 130, 134, 131, 139, 145, 148, 143, 149, 144, 143, 139, 137,
    135, 143, 150, 155, 160, 168, 173, 182, 191, 198, 208, 213, 222, 228,
    235, 241, 247, 255, 258, 260, 261 ]
