%YAML:1.0
---
videoName: "RHShake20.mp4"
gestureLabel: 2
fps: 29
pixelSizeInCmTemp: 3.3263888888888887e-01
faceCenterPointX: 286
faceCenterPointY: 45
LHandPositionsX: [ 393, 391, 394, 390, 390, 394, 394, 391, 392, 390, 394,
    394, 390, 394, 392, 390, 394, 390, 391, 392, 391, 392, 394, 390, 394,
    391, 393, 391, 392, 390, 391, 392, 390, 393, 390, 391, 390, 391, 391,
    390, 390, 394, 393, 394, 394, 393, 392, 390, 394, 390, 394, 392, 390,
    391, 391, 392, 390, 394, 390, 392, 394, 394, 392, 393, 391, 393, 393,
    393, 394, 394, 391, 391, 392, 391, 390, 393, 390, 393, 394, 394, 393,
    391, 393, 393, 390, 390, 390, 394 ]
LHandPositionsY: [ 247, 243, 246, 242, 244, 244, 242, 244, 244, 243, 242,
    241, 240, 239, 243, 241, 239, 242, 242, 242, 240, 241, 243, 240, 243,
    243, 243, 240, 243, 242, 243, 241, 240, 241, 243, 240, 240, 240, 240,
    243, 239, 243, 240, 243, 239, 241, 240, 240, 241, 239, 240, 241, 240,
    239, 241, 242, 240, 240, 243, 242, 241, 241, 239, 242, 243, 242, 241,
    240, 240, 242, 240, 239, 239, 240, 242, 239, 243, 241, 241, 240, 243,
    239, 239, 240, 240, 240, 242, 243 ]
RHandPositionsX: [ 166, 162, 161, 157, 151, 155, 153, 158, 155, 160, 160,
    159, 158, 156, 154, 149, 149, 149, 160, 160, 164, 163, 158, 154, 151,
    152, 152, 150, 158, 161, 164, 162, 156, 155, 159, 153, 151, 151, 157,
    164, 168, 166, 165, 160, 158, 155, 154, 150, 157, 164, 166, 165, 164,
    169, 169, 169, 163, 164, 162, 157, 165, 166, 173, 177, 182, 185, 185,
    187, 184, 184, 183, 182, 182, 177, 176, 180, 177, 181, 176, 179, 179,
    180, 177, 179, 179, 179, 179, 178 ]
RHandPositionsY: [ 110, 108, 102, 103, 101, 98, 98, 101, 101, 100, 100,
    101, 98, 99, 96, 99, 101, 106, 112, 113, 114, 114, 113, 111, 106,
    109, 108, 111, 116, 119, 118, 115, 112, 109, 105, 104, 102, 107, 114,
    123, 122, 120, 121, 119, 114, 115, 111, 112, 113, 116, 123, 124, 123,
    126, 122, 122, 116, 113, 112, 114, 117, 124, 133, 137, 144, 154, 167,
    179, 185, 195, 202, 209, 219, 225, 234, 232, 241, 239, 242, 240, 244,
    244, 247, 247, 246, 246, 244, 243 ]
