%YAML:1.0
---
videoName: "RHShake19.mp4"
gestureLabel: 2
fps: 29
pixelSizeInCmTemp: 3.2808219178082193e-01
faceCenterPointX: 283
faceCenterPointY: 48
LHandPositionsX: [ 390, 388, 390, 390, 390, 392, 391, 392, 392, 390, 389,
    389, 388, 392, 392, 392, 392, 390, 391, 388, 389, 390, 389, 392, 392,
    390, 388, 388, 388, 388, 390, 388, 389, 388, 390, 389, 391, 388, 389,
    390, 391, 389, 389, 392, 388, 392, 389, 389, 388, 390, 391, 391, 391,
    389, 392, 392, 391, 391, 390, 390, 390, 390, 392, 390, 389, 390, 391,
    391, 391, 388, 390, 390, 388, 391, 388, 392, 392, 391, 389, 389, 389,
    389, 389, 390, 392, 392, 392, 392 ]
LHandPositionsY: [ 243, 244, 244, 243, 244, 244, 241, 243, 240, 242, 244,
    240, 240, 240, 241, 241, 243, 244, 240, 242, 240, 244, 242, 244, 242,
    243, 240, 243, 244, 242, 244, 241, 243, 241, 240, 243, 244, 244, 240,
    243, 241, 244, 244, 243, 243, 244, 243, 243, 243, 241, 243, 243, 240,
    241, 242, 243, 241, 242, 243, 240, 241, 243, 240, 240, 243, 240, 240,
    241, 244, 241, 243, 241, 242, 243, 241, 244, 240, 240, 244, 241, 241,
    240, 242, 242, 240, 241, 244, 242 ]
RHandPositionsX: [ 158, 175, 182, 180, 186, 187, 176, 171, 167, 162, 162,
    163, 167, 178, 185, 181, 188, 180, 173, 169, 163, 160, 158, 163, 168,
    173, 176, 171, 171, 166, 160, 158, 160, 166, 169, 180, 178, 176, 179,
    175, 167, 161, 162, 162, 163, 167, 177, 180, 178, 185, 179, 175, 171,
    169, 167, 169, 168, 177, 179, 182, 181, 177, 174, 170, 168, 166, 169,
    177, 181, 181, 187, 188, 190, 186, 184, 183, 182, 184, 181, 179, 180,
    179, 179, 179, 178, 178, 181, 178 ]
RHandPositionsY: [ 89, 90, 97, 94, 94, 88, 87, 82, 78, 76, 74, 75, 78,
    84, 92, 89, 90, 84, 82, 75, 75, 79, 74, 77, 83, 91, 94, 89, 89, 87,
    85, 85, 81, 85, 87, 92, 95, 95, 93, 91, 88, 88, 87, 83, 85, 83, 92,
    97, 101, 104, 102, 94, 98, 94, 94, 96, 101, 103, 108, 107, 104, 101,
    99, 101, 101, 100, 111, 124, 139, 151, 161, 174, 185, 193, 197, 209,
    221, 224, 230, 239, 235, 239, 241, 243, 243, 241, 243, 240 ]
