%YAML:1.0
---
videoName: "RHShake13.mp4"
gestureLabel: 2
fps: 30
pixelSizeInCmTemp: 3.2808219178082193e-01
faceCenterPointX: 278
faceCenterPointY: 45
LHandPositionsX: [ 307, 306, 305, 307, 309, 305, 305, 308, 308, 305, 309,
    307, 306, 307, 305, 308, 305, 309, 309, 309, 307, 309, 306, 308, 305,
    308, 308, 306, 307, 306, 308, 305, 305, 309, 308, 307, 308, 308, 305,
    309, 308, 308, 309, 305, 309, 308, 306, 305, 305, 305, 309, 307, 307,
    309, 306, 307, 309, 309, 307, 307, 305, 307, 307, 305, 306, 308, 308,
    306, 308, 307, 306, 307, 310, 308, 310, 306, 306, 307, 307, 307, 300,
    302, 303, 306, 303, 305, 306, 306, 307, 303, 304 ]
LHandPositionsY: [ 242, 244, 246, 242, 243, 243, 244, 242, 243, 242, 244,
    241, 244, 244, 243, 244, 240, 241, 243, 241, 242, 240, 242, 242, 241,
    243, 242, 243, 242, 243, 239, 239, 241, 243, 241, 239, 241, 239, 241,
    239, 239, 240, 240, 239, 242, 239, 242, 239, 238, 238, 242, 239, 242,
    241, 241, 238, 239, 241, 240, 239, 240, 238, 242, 238, 239, 239, 238,
    240, 238, 241, 238, 238, 239, 239, 239, 236, 235, 234, 234, 232, 232,
    234, 233, 239, 239, 239, 241, 244, 243, 246, 244 ]
RHandPositionsX: [ 169, 149, 138, 142, 144, 139, 143, 143, 146, 148, 149,
    146, 141, 134, 136, 139, 143, 143, 144, 141, 139, 134, 133, 132, 128,
    134, 134, 139, 140, 138, 137, 134, 129, 132, 131, 135, 134, 136, 137,
    138, 135, 132, 133, 135, 137, 149, 150, 150, 148, 144, 141, 139, 135,
    140, 140, 142, 139, 141, 143, 137, 133, 132, 128, 131, 137, 143, 141,
    147, 153, 162, 167, 178, 190, 198, 213, 224, 235, 244, 252, 250, 250,
    252, 259, 257, 260, 261, 259, 261, 261, 258, 259 ]
RHandPositionsY: [ 155, 139, 120, 117, 113, 107, 106, 104, 97, 96, 92,
    89, 90, 90, 89, 87, 87, 91, 86, 86, 88, 85, 87, 85, 86, 85, 91, 91,
    89, 88, 88, 90, 89, 89, 92, 88, 94, 93, 94, 93, 90, 92, 87, 88, 91,
    95, 95, 94, 94, 91, 95, 91, 91, 92, 94, 100, 98, 98, 97, 98, 95, 97,
    96, 99, 101, 103, 110, 109, 117, 129, 135, 146, 155, 164, 178, 186,
    197, 208, 216, 217, 217, 222, 228, 236, 234, 237, 241, 241, 240, 241,
    242 ]
