%YAML:1.0
---
videoName: "RHShake17.mp4"
gestureLabel: 2
fps: 29
pixelSizeInCmTemp: 3.3732394366197183e-01
faceCenterPointX: 282
faceCenterPointY: 40
LHandPositionsX: [ 308, 307, 309, 305, 308, 308, 306, 308, 309, 308, 305,
    306, 305, 305, 309, 308, 308, 307, 308, 309, 309, 308, 305, 306, 309,
    306, 309, 309, 308, 306, 305, 307, 306, 307, 305, 305, 308, 308, 305,
    310, 307, 308, 310, 307, 310, 306, 306, 306, 310, 308, 309, 307, 309,
    311, 308, 307, 309, 310, 308, 310, 307, 311, 310, 309, 308, 307, 308,
    309, 310, 311, 311, 307, 307, 306, 307, 308, 309, 307, 305, 305, 308,
    305, 305, 309, 308, 305, 307, 306 ]
LHandPositionsY: [ 234, 232, 234, 232, 232, 231, 235, 234, 232, 235, 231,
    233, 231, 232, 235, 232, 233, 234, 233, 234, 231, 232, 234, 235, 234,
    235, 233, 232, 231, 235, 232, 233, 232, 232, 235, 234, 232, 235, 235,
    232, 234, 233, 231, 232, 232, 231, 235, 231, 232, 233, 234, 233, 232,
    232, 233, 234, 233, 232, 231, 235, 235, 235, 233, 232, 233, 231, 234,
    232, 231, 231, 235, 235, 231, 234, 231, 233, 235, 233, 235, 231, 233,
    231, 231, 232, 233, 232, 234, 232 ]
RHandPositionsX: [ 214, 196, 175, 159, 138, 143, 146, 145, 141, 143, 146,
    149, 156, 155, 149, 147, 145, 143, 140, 146, 163, 157, 154, 154, 151,
    145, 145, 144, 145, 153, 152, 159, 162, 157, 149, 145, 142, 138, 139,
    155, 153, 152, 157, 162, 155, 149, 148, 153, 156, 159, 173, 169, 168,
    163, 157, 158, 151, 153, 145, 151, 152, 165, 170, 174, 179, 176, 177,
    177, 174, 169, 174, 170, 169, 168, 168, 169, 170, 172, 169, 168, 171,
    170, 170, 168, 166, 168, 167, 166 ]
RHandPositionsY: [ 202, 183, 168, 148, 129, 113, 106, 103, 95, 91, 99,
    90, 82, 80, 75, 74, 72, 70, 69, 74, 76, 74, 71, 70, 69, 68, 68, 68,
    68, 67, 66, 67, 67, 66, 66, 65, 66, 64, 68, 84, 80, 82, 82, 78, 74,
    76, 71, 72, 71, 76, 89, 90, 85, 80, 78, 79, 80, 77, 80, 81, 93, 105,
    119, 132, 146, 158, 172, 181, 190, 194, 207, 213, 222, 229, 232, 236,
    236, 240, 239, 242, 240, 240, 244, 244, 243, 243, 245, 242 ]
