%YAML:1.0
---
videoName: "RHShake09.mp4"
gestureLabel: 2
fps: 29
pixelSizeInCmTemp: 3.1103896103896100e-01
faceCenterPointX: 296
faceCenterPointY: 48
LHandPositionsX: [ 324, 327, 325, 323, 325, 324, 323, 323, 318, 316, 319,
    315, 314, 310, 314, 309, 312, 311, 311, 311, 308, 306, 307, 307, 308,
    308, 308, 307, 304, 306, 309, 308, 310, 308, 309, 309, 309, 310, 310,
    310, 310, 307, 310, 311, 310, 310, 312, 314, 310, 313, 310, 315, 311,
    314, 315, 315, 313, 313, 316, 316, 313, 314, 315, 317, 315, 313, 318,
    316, 315, 314, 315, 317, 316, 318, 317, 316, 316, 318, 318, 314, 317,
    314, 318, 314, 317, 316, 315, 316 ]
LHandPositionsY: [ 269, 266, 270, 271, 268, 269, 270, 273, 269, 272, 273,
    274, 273, 273, 274, 273, 276, 274, 276, 273, 275, 275, 274, 276, 274,
    273, 272, 273, 277, 273, 277, 273, 277, 275, 277, 273, 273, 273, 274,
    277, 275, 276, 277, 276, 276, 276, 277, 275, 276, 274, 276, 276, 275,
    274, 274, 274, 273, 274, 272, 276, 276, 272, 272, 272, 274, 274, 276,
    273, 274, 272, 274, 272, 275, 272, 273, 273, 273, 274, 273, 272, 275,
    273, 273, 275, 276, 275, 273, 275 ]
RHandPositionsX: [ 262, 264, 265, 262, 261, 261, 262, 265, 261, 260, 259,
    263, 257, 261, 257, 259, 259, 257, 257, 259, 255, 255, 258, 257, 258,
    258, 255, 256, 254, 255, 264, 261, 255, 241, 222, 204, 190, 179, 167,
    172, 171, 174, 183, 183, 185, 185, 182, 180, 181, 177, 189, 189, 191,
    202, 191, 186, 180, 176, 179, 185, 184, 185, 194, 191, 186, 181, 177,
    175, 171, 180, 183, 188, 184, 180, 181, 178, 180, 177, 186, 191, 192,
    191, 200, 201, 207, 214, 228, 240 ]
RHandPositionsY: [ 262, 263, 264, 263, 265, 265, 267, 267, 267, 268, 267,
    268, 269, 267, 266, 268, 268, 269, 265, 265, 266, 266, 269, 265, 266,
    266, 266, 269, 266, 270, 269, 257, 244, 231, 216, 197, 176, 155, 138,
    133, 114, 108, 105, 110, 107, 105, 101, 90, 89, 86, 88, 95, 94, 98,
    95, 93, 88, 90, 87, 89, 94, 95, 96, 95, 92, 85, 89, 90, 91, 95, 95,
    99, 97, 94, 91, 92, 88, 94, 95, 103, 106, 109, 123, 132, 144, 154,
    169, 187 ]
