%YAML:1.0
---
videoName: "RHShake01.mp4"
gestureLabel: 2
fps: 29
pixelSizeInCmTemp: 3.1513157894736843e-01
faceCenterPointX: 292
faceCenterPointY: 51
LHandPositionsX: [ 396, 393, 393, 394, 392, 396, 393, 394, 393, 392, 392,
    392, 392, 394, 391, 393, 395, 392, 391, 391, 393, 391, 394, 391, 391,
    392, 394, 391, 391, 392, 393, 395, 393, 394, 393, 392, 391, 395, 391,
    391, 393, 395, 392, 394, 391, 395, 391, 393, 393, 395, 393, 395, 392,
    392, 395, 392, 395, 391, 395, 392, 393, 392, 391, 391, 391, 393, 394,
    395, 395, 395, 391, 394, 394, 393, 395, 392, 395, 393, 392, 392, 391,
    392, 392, 393, 391, 392, 392, 391 ]
LHandPositionsY: [ 255, 255, 255, 255, 255, 255, 255, 254, 254, 255, 255,
    254, 255, 256, 256, 257, 253, 254, 257, 257, 254, 257, 253, 256, 256,
    254, 256, 256, 253, 253, 253, 256, 257, 257, 256, 256, 253, 254, 256,
    254, 254, 253, 254, 257, 253, 256, 257, 253, 257, 257, 255, 255, 257,
    257, 254, 255, 254, 256, 255, 253, 254, 255, 254, 257, 256, 257, 257,
    254, 255, 255, 254, 257, 254, 255, 257, 257, 253, 255, 256, 254, 253,
    253, 257, 257, 254, 257, 255, 253 ]
RHandPositionsX: [ 168, 168, 169, 171, 170, 171, 167, 167, 169, 171, 167,
    168, 170, 169, 169, 171, 170, 171, 167, 167, 170, 169, 172, 168, 171,
    168, 172, 175, 174, 170, 165, 161, 155, 153, 158, 163, 170, 179, 193,
    194, 190, 187, 184, 174, 176, 176, 175, 189, 196, 195, 189, 192, 185,
    181, 180, 182, 177, 184, 187, 195, 191, 195, 197, 184, 182, 179, 176,
    183, 188, 190, 193, 197, 198, 195, 192, 189, 190, 191, 190, 181, 176,
    178, 176, 171, 172, 171, 176, 172 ]
RHandPositionsY: [ 280, 280, 277, 277, 279, 278, 278, 280, 277, 277, 279,
    276, 278, 276, 278, 277, 279, 278, 280, 278, 277, 279, 278, 278, 275,
    273, 265, 244, 229, 209, 188, 169, 151, 132, 132, 118, 106, 110, 113,
    110, 107, 105, 103, 101, 99, 99, 100, 97, 100, 100, 100, 94, 94, 92,
    92, 92, 94, 99, 101, 104, 100, 98, 101, 96, 99, 97, 98, 98, 104, 107,
    113, 122, 136, 144, 160, 176, 192, 205, 206, 211, 221, 229, 233, 240,
    240, 241, 246, 246 ]
