%YAML:1.0
---
videoName: "RHShake06.mp4"
gestureLabel: 2
fps: 30
pixelSizeInCmTemp: 3.2808219178082193e-01
faceCenterPointX: 293
faceCenterPointY: 43
LHandPositionsX: [ 306, 310, 309, 307, 309, 308, 310, 307, 310, 308, 306,
    310, 310, 306, 309, 309, 311, 311, 312, 315, 317, 323, 320, 322, 322,
    320, 319, 322, 322, 321, 321, 319, 322, 326, 322, 323, 323, 324, 325,
    322, 326, 326, 324, 322, 323, 323, 324, 326, 324, 326, 324, 322, 325,
    322, 324, 325, 324, 326, 323, 326, 323, 326, 322, 326, 325, 323, 324,
    322, 323, 323, 322, 326, 324, 326, 326, 323, 322, 326, 324, 322, 322,
    326, 326, 318, 318, 317, 311, 309, 313, 310, 310 ]
LHandPositionsY: [ 266, 270, 268, 268, 266, 268, 267, 270, 267, 267, 269,
    266, 266, 268, 267, 270, 267, 267, 267, 263, 263, 260, 264, 260, 260,
    260, 259, 262, 259, 260, 258, 260, 259, 262, 259, 262, 262, 259, 259,
    261, 259, 258, 260, 258, 259, 258, 260, 258, 261, 261, 261, 260, 261,
    258, 260, 262, 262, 259, 258, 261, 258, 260, 261, 260, 259, 258, 260,
    259, 258, 260, 258, 260, 262, 258, 258, 261, 262, 258, 260, 258, 261,
    260, 261, 261, 264, 263, 267, 266, 266, 265, 266 ]
RHandPositionsX: [ 286, 289, 285, 284, 284, 287, 287, 285, 288, 287, 287,
    286, 285, 284, 286, 285, 284, 283, 276, 262, 244, 223, 201, 180, 160,
    146, 139, 135, 140, 137, 141, 148, 161, 162, 161, 160, 163, 162, 157,
    156, 161, 170, 182, 190, 191, 187, 178, 174, 170, 174, 169, 165, 173,
    183, 182, 181, 180, 186, 181, 169, 169, 166, 165, 179, 180, 177, 175,
    173, 164, 162, 164, 166, 172, 183, 193, 190, 211, 220, 230, 240, 248,
    253, 253, 246, 245, 253, 253, 251, 253, 253, 254 ]
RHandPositionsY: [ 267, 269, 269, 268, 266, 266, 270, 268, 269, 268, 267,
    270, 268, 270, 268, 268, 270, 270, 265, 259, 248, 234, 215, 201, 179,
    160, 138, 125, 112, 105, 112, 117, 130, 115, 108, 106, 99, 87, 93,
    91, 93, 94, 96, 101, 99, 98, 96, 91, 86, 90, 88, 90, 95, 98, 101, 99,
    96, 102, 94, 95, 90, 87, 94, 99, 102, 104, 104, 99, 102, 106, 118,
    128, 148, 160, 178, 183, 192, 206, 214, 225, 230, 239, 235, 236, 239,
    244, 242, 241, 243, 241, 244 ]
