%YAML:1.0
---
videoName: "RHShake22.mp4"
gestureLabel: 2
fps: 29
pixelSizeInCmTemp: 3.3263888888888887e-01
faceCenterPointX: 290
faceCenterPointY: 48
LHandPositionsX: [ 392, 395, 393, 395, 395, 393, 395, 394, 394, 395, 396,
    393, 392, 393, 392, 392, 396, 395, 394, 394, 394, 393, 394, 393, 396,
    396, 394, 393, 394, 396, 394, 396, 394, 394, 395, 395, 395, 394, 392,
    394, 394, 393, 395, 394, 394, 393, 394, 396, 392, 395, 394, 392, 396,
    393, 394, 396, 394, 393, 392, 396, 394, 394, 392, 396, 396, 392, 395,
    396, 394, 393, 393, 396, 394, 395, 396, 393, 392, 396, 395, 393, 394,
    396, 395, 393, 392, 392, 392, 394 ]
LHandPositionsY: [ 230, 230, 231, 231, 232, 232, 234, 234, 232, 231, 233,
    234, 234, 234, 232, 231, 234, 230, 233, 230, 232, 234, 233, 232, 231,
    232, 234, 232, 231, 234, 234, 232, 230, 234, 233, 232, 231, 234, 234,
    232, 230, 233, 234, 230, 233, 232, 233, 231, 233, 233, 230, 233, 231,
    230, 230, 232, 234, 230, 233, 230, 233, 233, 233, 231, 233, 233, 233,
    234, 231, 232, 231, 233, 233, 230, 234, 233, 234, 233, 232, 234, 232,
    233, 230, 234, 233, 231, 234, 230 ]
RHandPositionsX: [ 147, 135, 130, 130, 131, 134, 146, 158, 166, 163, 164,
    162, 163, 158, 150, 147, 145, 144, 146, 152, 161, 170, 172, 172, 167,
    167, 164, 159, 154, 155, 155, 158, 166, 171, 171, 173, 171, 170, 167,
    164, 156, 156, 162, 165, 171, 175, 173, 175, 173, 170, 161, 157, 153,
    153, 159, 165, 172, 175, 177, 181, 179, 171, 169, 161, 158, 152, 152,
    157, 169, 176, 179, 177, 181, 181, 178, 178, 182, 183, 182, 185, 186,
    190, 190, 187, 189, 190, 191, 191 ]
RHandPositionsY: [ 142, 116, 100, 100, 96, 91, 84, 83, 91, 93, 92, 90,
    84, 78, 81, 78, 80, 78, 77, 86, 90, 92, 95, 96, 91, 89, 84, 86, 83,
    79, 78, 91, 93, 98, 103, 98, 94, 92, 90, 85, 85, 84, 84, 87, 94, 97,
    104, 100, 96, 89, 90, 91, 89, 85, 86, 82, 91, 100, 102, 102, 97, 96,
    93, 94, 94, 91, 90, 90, 88, 106, 110, 112, 112, 118, 120, 124, 135,
    148, 161, 172, 181, 195, 201, 206, 211, 221, 227, 223 ]
