%YAML:1.0
---
videoName: "RHShake10.mp4"
gestureLabel: 2
fps: 29
pixelSizeInCmTemp: 3.1933333333333330e-01
faceCenterPointX: 295
faceCenterPointY: 45
LHandPositionsX: [ 338, 339, 341, 339, 341, 337, 336, 337, 333, 330, 332,
    330, 330, 327, 328, 324, 328, 326, 327, 326, 328, 326, 328, 329, 326,
    327, 327, 327, 327, 326, 329, 330, 326, 329, 329, 327, 328, 328, 330,
    329, 328, 327, 326, 330, 328, 328, 328, 326, 329, 328, 329, 326, 330,
    328, 329, 326, 326, 328, 328, 330, 330, 330, 326, 326, 329, 329, 327,
    328, 330, 328, 326, 326, 329, 330, 327, 330, 327, 327, 331, 329, 330,
    328, 331, 328, 331, 331, 329, 328 ]
LHandPositionsY: [ 264, 264, 266, 266, 266, 265, 266, 269, 269, 269, 271,
    273, 269, 270, 272, 271, 273, 274, 273, 274, 273, 272, 272, 273, 272,
    274, 274, 274, 271, 273, 272, 273, 270, 269, 273, 269, 268, 269, 272,
    269, 272, 269, 269, 272, 272, 272, 268, 271, 271, 270, 270, 272, 269,
    271, 272, 269, 271, 270, 269, 270, 268, 268, 272, 272, 272, 270, 271,
    268, 269, 271, 272, 269, 270, 267, 270, 270, 268, 267, 269, 267, 268,
    267, 269, 267, 268, 268, 271, 270 ]
RHandPositionsX: [ 262, 262, 263, 259, 260, 260, 263, 263, 261, 259, 258,
    258, 258, 259, 260, 263, 260, 252, 260, 249, 238, 221, 199, 181, 165,
    155, 136, 136, 136, 139, 145, 149, 152, 163, 165, 165, 157, 161, 160,
    157, 161, 170, 181, 183, 176, 176, 172, 169, 173, 168, 174, 189, 191,
    196, 192, 183, 176, 179, 176, 180, 179, 189, 189, 194, 191, 185, 178,
    175, 174, 177, 175, 193, 199, 203, 211, 217, 227, 233, 234, 246, 250,
    252, 249, 259, 263, 260, 258, 261 ]
RHandPositionsY: [ 268, 264, 265, 264, 266, 263, 263, 265, 267, 267, 266,
    268, 267, 268, 269, 268, 269, 268, 267, 255, 245, 230, 209, 191, 172,
    153, 132, 116, 113, 96, 89, 86, 86, 91, 84, 81, 81, 79, 77, 80, 80,
    85, 87, 86, 82, 77, 77, 78, 75, 78, 83, 89, 87, 92, 89, 83, 83, 82,
    83, 85, 88, 93, 90, 95, 90, 90, 82, 81, 83, 84, 95, 107, 125, 143,
    160, 180, 199, 215, 226, 242, 258, 256, 259, 264, 266, 265, 266, 269 ]
