%YAML:1.0
---
videoName: "RHShake10.mp4"
gestureLabel: 2
fps: 29
pixelSizeInCmTemp: 3.1933333333333330e-01
faceCenterPointX: 295
faceCenterPointY: 45
LHandPositionsX: [ 342, 342, 341, 342, 340, 341, 336, 337, 333, 329, 333,
    331, 329, 326, 329, 325, 328, 329, 328, 329, 330, 327, 330, 328, 328,
    330, 329, 328, 326, 330, 330, 326, 330, 326, 330, 328, 329, 326, 326,
    326, 329, 329, 329, 329, 329, 328, 328, 330, 326, 327, 329, 326, 326,
    328, 326, 329, 327, 328, 329, 326, 330, 328, 329, 326, 326, 326, 329,
    327, 328, 330, 328, 326, 326, 328, 328, 327, 331, 328, 327, 328, 330,
    329, 327, 328, 327, 331, 330, 326 ]
LHandPositionsY: [ 264, 268, 269, 264, 267, 265, 266, 271, 267, 268, 271,
    270, 270, 272, 273, 270, 270, 272, 272, 274, 272, 270, 273, 274, 271,
    271, 274, 273, 272, 270, 271, 273, 273, 271, 271, 271, 271, 271, 272,
    271, 272, 270, 272, 268, 270, 268, 272, 271, 269, 268, 269, 270, 268,
    269, 270, 270, 271, 272, 272, 269, 271, 272, 271, 272, 268, 272, 268,
    270, 270, 268, 268, 270, 268, 267, 268, 267, 271, 271, 268, 268, 267,
    267, 271, 269, 270, 268, 269, 269 ]
RHandPositionsX: [ 259, 262, 262, 262, 260, 260, 260, 260, 261, 258, 258,
    257, 257, 259, 259, 261, 257, 254, 259, 251, 242, 221, 202, 181, 165,
    153, 134, 137, 138, 135, 144, 153, 155, 162, 165, 162, 158, 161, 159,
    158, 161, 171, 180, 183, 174, 177, 172, 169, 173, 170, 175, 185, 191,
    195, 189, 184, 179, 178, 176, 181, 180, 189, 192, 194, 189, 185, 178,
    177, 174, 178, 175, 189, 196, 203, 211, 221, 225, 230, 234, 246, 249,
    250, 251, 257, 260, 261, 258, 262 ]
RHandPositionsY: [ 266, 264, 267, 263, 263, 266, 266, 266, 263, 265, 264,
    265, 268, 265, 266, 269, 267, 265, 267, 258, 242, 230, 211, 193, 172,
    150, 130, 113, 115, 97, 87, 89, 90, 87, 87, 81, 79, 78, 80, 80, 81,
    82, 88, 83, 83, 80, 77, 74, 76, 80, 85, 90, 89, 94, 88, 85, 83, 85,
    80, 86, 87, 94, 93, 93, 91, 88, 83, 82, 81, 87, 96, 104, 125, 145,
    162, 180, 195, 212, 229, 243, 257, 259, 260, 262, 266, 268, 268, 269 ]
