%YAML:1.0
---
videoName: "RHShake00.mp4"
gestureLabel: 2
fps: 29
pixelSizeInCmTemp: 3.4710144927536229e-01
faceCenterPointX: 283
faceCenterPointY: 97
LHandPositionsX: [ 345, 346, 344, 345, 344, 342, 344, 346, 344, 342, 346,
    342, 343, 345, 346, 342, 342, 345, 344, 342, 346, 342, 342, 343, 345,
    342, 346, 345, 344, 346, 342, 344, 342, 345, 346, 343, 343, 343, 342,
    343, 344, 342, 346, 344, 342, 346, 345, 346, 346, 346, 342, 343, 345,
    344, 342, 344, 343, 344, 346, 343, 344, 344, 343, 343, 344, 344, 346,
    342, 343, 344, 346, 344, 344, 345, 342, 344, 342, 346, 343, 345, 345,
    342, 346, 342, 345, 343, 345, 342 ]
LHandPositionsY: [ 275, 273, 276, 274, 273, 275, 274, 274, 272, 273, 272,
    273, 273, 273, 275, 274, 272, 275, 274, 276, 274, 272, 273, 275, 276,
    275, 274, 273, 275, 274, 275, 276, 273, 276, 274, 274, 272, 272, 272,
    272, 275, 275, 275, 275, 275, 275, 275, 275, 276, 273, 274, 276, 273,
    276, 273, 272, 275, 275, 275, 273, 274, 273, 272, 275, 275, 276, 274,
    276, 272, 274, 274, 276, 273, 272, 274, 274, 275, 272, 276, 274, 275,
    276, 275, 276, 273, 276, 275, 273 ]
RHandPositionsX: [ 179, 175, 167, 153, 150, 146, 144, 143, 145, 144, 145,
    146, 152, 168, 168, 164, 170, 167, 162, 159, 151, 153, 148, 147, 155,
    166, 167, 164, 165, 163, 158, 151, 149, 147, 152, 153, 164, 162, 162,
    164, 163, 156, 147, 142, 140, 147, 149, 153, 156, 155, 157, 161, 159,
    152, 145, 144, 142, 149, 154, 161, 162, 164, 167, 164, 158, 149, 147,
    142, 143, 147, 149, 154, 158, 158, 164, 166, 169, 173, 177, 182, 186,
    187, 191, 193, 195, 194, 199, 195 ]
RHandPositionsY: [ 258, 253, 242, 218, 202, 187, 175, 167, 159, 150, 141,
    135, 132, 134, 138, 141, 132, 130, 126, 124, 122, 121, 118, 118, 128,
    131, 136, 135, 138, 129, 125, 124, 127, 126, 131, 137, 138, 138, 138,
    137, 142, 134, 132, 133, 130, 133, 134, 138, 138, 139, 136, 138, 132,
    131, 128, 129, 131, 133, 137, 146, 144, 147, 149, 145, 141, 138, 136,
    138, 140, 147, 154, 160, 170, 177, 184, 189, 197, 208, 216, 220, 231,
    236, 242, 249, 251, 257, 261, 264 ]
