%YAML:1.0
---
videoName: "RHShake01.mp4"
gestureLabel: 2
fps: 29
pixelSizeInCmTemp: 3.1513157894736843e-01
faceCenterPointX: 292
faceCenterPointY: 51
LHandPositionsX: [ 394, 394, 394, 395, 396, 393, 396, 393, 396, 394, 393,
    395, 393, 395, 392, 391, 392, 393, 392, 394, 394, 395, 394, 394, 395,
    393, 393, 393, 393, 391, 394, 392, 392, 393, 395, 395, 395, 392, 392,
    392, 395, 394, 394, 394, 392, 392, 391, 393, 391, 395, 391, 392, 394,
    391, 394, 393, 391, 393, 395, 395, 395, 395, 391, 393, 392, 394, 392,
    393, 393, 392, 393, 391, 392, 393, 391, 392, 391, 395, 394, 391, 392,
    393, 395, 393, 395, 392, 394, 391 ]
LHandPositionsY: [ 255, 253, 257, 255, 256, 253, 255, 257, 253, 257, 257,
    253, 256, 253, 253, 253, 253, 254, 253, 257, 254, 256, 255, 257, 256,
    253, 256, 257, 256, 256, 257, 255, 253, 257, 256, 257, 255, 254, 257,
    257, 255, 255, 255, 254, 254, 255, 254, 257, 255, 254, 254, 257, 253,
    255, 253, 254, 256, 254, 255, 255, 255, 255, 257, 256, 257, 253, 255,
    254, 253, 256, 256, 254, 253, 256, 256, 257, 255, 256, 253, 256, 253,
    256, 253, 254, 256, 253, 254, 256 ]
RHandPositionsX: [ 171, 171, 169, 171, 168, 171, 171, 167, 167, 169, 169,
    171, 169, 170, 167, 170, 171, 170, 171, 171, 172, 170, 172, 170, 172,
    170, 170, 174, 173, 167, 164, 162, 158, 153, 156, 162, 171, 181, 191,
    194, 189, 189, 183, 176, 178, 174, 175, 187, 196, 194, 191, 190, 185,
    178, 179, 180, 180, 184, 186, 193, 190, 196, 197, 188, 180, 179, 176,
    179, 188, 191, 195, 199, 197, 196, 195, 187, 186, 191, 188, 180, 179,
    174, 176, 174, 171, 172, 175, 173 ]
RHandPositionsY: [ 276, 276, 278, 280, 280, 279, 280, 277, 280, 276, 278,
    277, 279, 276, 277, 276, 277, 280, 279, 278, 278, 276, 279, 276, 275,
    275, 266, 245, 225, 208, 185, 169, 153, 131, 130, 116, 107, 107, 112,
    109, 106, 103, 100, 98, 97, 96, 96, 96, 102, 99, 98, 94, 96, 95, 91,
    92, 93, 98, 98, 103, 99, 99, 102, 98, 96, 94, 95, 97, 103, 105, 113,
    122, 135, 144, 162, 178, 193, 201, 206, 211, 218, 229, 233, 243, 242,
    242, 246, 245 ]
