%YAML:1.0
---
videoName: "RHShake01.mp4"
gestureLabel: 2
fps: 29
pixelSizeInCmTemp: 3.1513157894736843e-01
faceCenterPointX: 292
faceCenterPointY: 51
LHandPositionsX: [ 392, 396, 395, 395, 394, 393, 392, 396, 394, 392, 396,
    394, 393, 393, 391, 391, 392, 395, 393, 391, 391, 392, 395, 393, 395,
    392, 391, 391, 392, 392, 391, 392, 393, 395, 395, 393, 394, 392, 391,
    393, 394, 395, 393, 392, 395, 394, 393, 393, 394, 393, 395, 392, 395,
    395, 392, 393, 393, 394, 394, 393, 392, 392, 394, 392, 391, 392, 391,
    393, 395, 395, 395, 394, 394, 394, 394, 391, 393, 395, 395, 394, 391,
    392, 391, 392, 395, 395, 394, 391 ]
LHandPositionsY: [ 256, 253, 253, 254, 256, 255, 253, 255, 254, 255, 257,
    253, 253, 257, 255, 254, 257, 256, 255, 253, 257, 257, 254, 257, 257,
    253, 257, 253, 253, 253, 253, 253, 254, 254, 257, 254, 255, 257, 256,
    253, 255, 254, 253, 254, 254, 253, 255, 256, 253, 256, 254, 254, 253,
    253, 254, 254, 253, 254, 257, 255, 257, 257, 254, 254, 254, 254, 254,
    255, 256, 256, 254, 253, 257, 254, 254, 255, 255, 253, 253, 253, 253,
    254, 254, 254, 257, 255, 255, 257 ]
RHandPositionsX: [ 167, 168, 167, 168, 171, 169, 168, 170, 168, 169, 167,
    170, 170, 171, 167, 169, 169, 170, 169, 167, 172, 170, 169, 169, 173,
    171, 171, 173, 174, 169, 164, 159, 157, 151, 157, 160, 168, 181, 193,
    190, 193, 185, 180, 175, 175, 174, 174, 185, 196, 195, 189, 189, 185,
    178, 179, 181, 177, 184, 185, 193, 193, 192, 195, 186, 179, 176, 176,
    179, 186, 190, 195, 197, 198, 199, 195, 189, 187, 189, 187, 182, 177,
    177, 173, 172, 172, 175, 174, 172 ]
RHandPositionsY: [ 279, 276, 279, 278, 279, 280, 277, 279, 277, 277, 278,
    278, 277, 277, 278, 278, 280, 277, 278, 278, 276, 278, 277, 277, 279,
    273, 265, 245, 229, 206, 185, 166, 151, 134, 129, 114, 109, 109, 111,
    111, 107, 106, 100, 99, 99, 96, 100, 96, 103, 98, 98, 94, 96, 94, 93,
    94, 97, 98, 102, 100, 102, 100, 98, 96, 96, 95, 98, 98, 100, 107,
    110, 123, 135, 145, 160, 177, 192, 203, 204, 210, 222, 228, 235, 240,
    240, 241, 242, 249 ]
