%YAML:1.0
---
videoName: "RHShake16.mp4"
gestureLabel: 2
fps: 29
pixelSizeInCmTemp: 3.2808219178082193e-01
faceCenterPointX: 281
faceCenterPointY: 44
LHandPositionsX: [ 372, 372, 370, 372, 369, 372, 373, 369, 369, 370, 369,
    369, 369, 373, 370, 369, 373, 371, 369, 371, 370, 370, 369, 371, 369,
    373, 372, 369, 373, 371, 371, 372, 371, 371, 372, 370, 369, 369, 371,
    370, 371, 369, 369, 371, 370, 370, 369, 369, 372, 372, 369, 371, 369,
    372, 369, 373, 369, 370, 371, 373, 372, 370, 372, 370, 370, 372, 371,
    371, 373, 372, 372, 369, 373, 371, 371, 371, 373, 370, 372, 373, 370,
    369, 373, 373, 372, 371, 373, 370 ]
LHandPositionsY: [ 230, 232, 231, 234, 234, 230, 232, 232, 231, 234, 230,
    230, 234, 233, 234, 231, 230, 234, 234, 231, 233, 231, 232, 232, 233,
    230, 233, 231, 230, 231, 230, 233, 231, 234, 231, 232, 233, 232, 234,
    232, 234, 232, 233, 232, 234, 234, 230, 233, 231, 233, 230, 231, 231,
    231, 233, 233, 229, 232, 231, 231, 229, 229, 233, 233, 230, 233, 230,
    230, 232, 230, 230, 233, 230, 232, 232, 230, 231, 229, 230, 232, 229,
    231, 232, 229, 229, 232, 230, 230 ]
RHandPositionsX: [ 167, 171, 171, 170, 168, 167, 169, 169, 171, 171, 168,
    169, 169, 171, 168, 171, 168, 167, 163, 153, 151, 146, 138, 133, 124,
    125, 116, 124, 122, 123, 126, 129, 136, 139, 145, 140, 136, 138, 137,
    140, 141, 144, 148, 152, 150, 146, 146, 148, 144, 145, 148, 152, 152,
    150, 147, 144, 147, 143, 145, 153, 155, 156, 157, 155, 155, 153, 148,
    153, 153, 160, 164, 170, 174, 177, 177, 173, 174, 174, 173, 170, 173,
    168, 172, 168, 171, 168, 168, 168 ]
RHandPositionsY: [ 266, 267, 269, 268, 266, 265, 265, 267, 266, 267, 265,
    265, 267, 269, 268, 267, 266, 263, 256, 245, 220, 201, 178, 158, 142,
    131, 114, 114, 112, 107, 108, 101, 97, 98, 93, 92, 90, 89, 87, 89,
    89, 88, 92, 90, 87, 86, 86, 88, 85, 89, 89, 90, 89, 85, 89, 85, 85,
    88, 87, 90, 93, 90, 89, 89, 90, 88, 91, 92, 104, 119, 133, 146, 160,
    171, 182, 191, 193, 201, 211, 218, 225, 222, 226, 232, 236, 236, 236,
    237 ]
