%YAML:1.0
---
videoName: "RHShake14.mp4"
gestureLabel: 2
fps: 30
pixelSizeInCmTemp: 3.2808219178082193e-01
faceCenterPointX: 277
faceCenterPointY: 42
LHandPositionsX: [ 379, 376, 375, 377, 377, 378, 378, 376, 377, 376, 376,
    377, 376, 377, 377, 373, 373, 375, 373, 375, 374, 376, 373, 376, 376,
    376, 373, 374, 373, 376, 375, 372, 376, 372, 374, 375, 375, 374, 375,
    373, 375, 373, 375, 376, 375, 372, 376, 372, 373, 375, 372, 372, 375,
    372, 373, 375, 375, 374, 376, 373, 376, 375, 376, 376, 372, 376, 376,
    372, 372, 375, 376, 372, 375, 375, 374, 374, 375, 374, 372, 373, 372,
    375, 376, 372, 376, 372, 372, 374, 376, 375, 375 ]
LHandPositionsY: [ 230, 232, 229, 229, 229, 232, 229, 232, 232, 233, 230,
    229, 231, 229, 230, 231, 231, 231, 233, 233, 230, 233, 231, 231, 230,
    233, 233, 230, 230, 230, 232, 229, 231, 230, 229, 230, 232, 230, 231,
    231, 233, 230, 232, 233, 232, 230, 229, 230, 230, 232, 232, 230, 231,
    232, 233, 230, 231, 232, 230, 229, 233, 232, 233, 233, 230, 230, 231,
    230, 233, 230, 231, 233, 229, 231, 231, 232, 232, 232, 231, 233, 229,
    233, 231, 229, 232, 233, 230, 230, 233, 230, 232 ]
RHandPositionsX: [ 171, 171, 174, 174, 171, 173, 173, 171, 170, 171, 171,
    171, 174, 173, 173, 171, 174, 171, 172, 173, 170, 174, 172, 170, 170,
    172, 169, 168, 158, 150, 136, 126, 122, 117, 116, 124, 127, 132, 134,
    139, 143, 149, 147, 144, 145, 147, 147, 155, 158, 159, 158, 157, 151,
    149, 155, 158, 163, 167, 166, 165, 158, 156, 158, 156, 156, 162, 163,
    172, 175, 178, 179, 178, 176, 179, 173, 174, 179, 181, 175, 173, 173,
    174, 170, 171, 170, 171, 172, 173, 170, 170, 172 ]
RHandPositionsY: [ 243, 241, 243, 241, 239, 242, 242, 239, 240, 242, 239,
    242, 243, 242, 243, 240, 243, 243, 242, 240, 242, 243, 239, 241, 239,
    243, 243, 234, 212, 196, 171, 152, 137, 115, 112, 108, 103, 109, 116,
    118, 118, 105, 98, 94, 89, 84, 84, 84, 82, 82, 79, 80, 76, 76, 77,
    75, 82, 81, 80, 80, 78, 75, 75, 75, 81, 84, 88, 104, 121, 132, 148,
    156, 168, 181, 192, 197, 199, 201, 210, 218, 219, 224, 223, 229, 232,
    231, 235, 235, 237, 235, 238 ]
