%YAML:1.0
---
videoName: "RHShake21.mp4"
gestureLabel: 2
fps: 29
pixelSizeInCmTemp: 3.3732394366197183e-01
faceCenterPointX: 293
faceCenterPointY: 47
LHandPositionsX: [ 398, 395, 398, 398, 396, 394, 396, 395, 394, 398, 395,
    396, 394, 394, 395, 395, 395, 397, 396, 395, 396, 397, 396, 397, 396,
    395, 396, 395, 398, 396, 394, 397, 395, 394, 397, 397, 395, 396, 398,
    394, 397, 396, 395, 397, 398, 396, 396, 398, 397, 395, 397, 395, 396,
    396, 396, 395, 394, 397, 398, 396, 397, 397, 395, 396, 396, 395, 394,
    394, 395, 395, 394, 398, 394, 394, 395, 397, 396, 394, 396, 396, 398,
    394, 398, 395, 394, 396, 396, 398 ]
LHandPositionsY: [ 239, 242, 238, 241, 240, 241, 240, 239, 238, 241, 238,
    239, 240, 241, 239, 240, 239, 238, 239, 241, 239, 240, 240, 241, 238,
    238, 240, 238, 238, 242, 239, 239, 238, 240, 239, 241, 238, 240, 242,
    242, 238, 239, 242, 238, 239, 239, 239, 239, 241, 241, 238, 241, 239,
    240, 238, 241, 239, 241, 238, 239, 240, 240, 242, 238, 239, 242, 241,
    239, 238, 238, 238, 238, 239, 240, 241, 241, 241, 238, 240, 241, 238,
    242, 238, 242, 239, 240, 238, 238 ]
RHandPositionsX: [ 136, 142, 140, 143, 147, 145, 143, 142, 137, 135, 135,
    142, 146, 151, 151, 148, 149, 143, 141, 139, 134, 137, 140, 147, 150,
    150, 149, 148, 147, 145, 138, 136, 139, 141, 139, 144, 149, 152, 152,
    144, 143, 135, 137, 137, 137, 142, 147, 146, 150, 152, 146, 144, 140,
    134, 135, 135, 137, 146, 152, 160, 172, 178, 177, 181, 183, 183, 189,
    186, 187, 189, 192, 188, 188, 189, 187, 189, 185, 186, 185, 187, 189,
    186, 186, 188, 188, 185, 186, 186 ]
RHandPositionsY: [ 81, 86, 86, 90, 86, 83, 85, 82, 82, 80, 82, 87, 88,
    92, 90, 91, 92, 88, 86, 86, 87, 83, 84, 86, 90, 92, 94, 91, 91, 85,
    87, 84, 82, 85, 88, 89, 93, 95, 91, 90, 89, 88, 89, 85, 84, 90, 99,
    98, 100, 99, 97, 96, 93, 95, 90, 90, 96, 105, 113, 125, 138, 150,
    153, 153, 161, 170, 181, 188, 200, 210, 217, 216, 222, 225, 224, 224,
    229, 228, 230, 228, 228, 231, 228, 229, 231, 229, 229, 227 ]
