%YAML:1.0
---
videoName: "RHShake01.mp4"
gestureLabel: 2
fps: 29
pixelSizeInCmTemp: 3.1513157894736843e-01
faceCenterPointX: 292
faceCenterPointY: 51
LHandPositionsX: [ 392, 392, 394, 393, 396, 396, 392, 394, 392, 392, 395,
    395, 392, 392, 395, 394, 393, 394, 395, 395, 395, 393, 393, 392, 395,
    393, 394, 395, 392, 393, 391, 395, 391, 394, 395, 393, 391, 391, 393,
    391, 394, 391, 395, 392, 393, 394, 395, 395, 395, 393, 391, 392, 392,
    393, 392, 392, 392, 393, 393, 391, 395, 393, 392, 392, 392, 394, 395,
    391, 392, 392, 395, 391, 395, 393, 392, 391, 393, 392, 393, 394, 391,
    393, 392, 392, 392, 394, 392, 392 ]
LHandPositionsY: [ 254, 257, 256, 254, 254, 255, 257, 253, 256, 253, 254,
    257, 255, 257, 254, 253, 254, 256, 253, 253, 256, 254, 257, 257, 254,
    253, 257, 256, 255, 253, 256, 256, 257, 255, 256, 256, 257, 253, 257,
    253, 256, 253, 253, 256, 253, 253, 254, 257, 256, 257, 254, 253, 256,
    254, 255, 255, 253, 257, 255, 254, 257, 257, 254, 256, 254, 257, 255,
    255, 254, 253, 257, 253, 257, 255, 254, 256, 254, 253, 255, 254, 255,
    255, 253, 255, 256, 255, 255, 254 ]
RHandPositionsX: [ 167, 168, 171, 170, 171, 169, 171, 167, 171, 167, 169,
    169, 171, 170, 168, 167, 169, 171, 171, 170, 170, 170, 172, 171, 171,
    169, 171, 173, 173, 170, 166, 162, 158, 154, 157, 162, 170, 181, 191,
    190, 191, 185, 184, 175, 176, 176, 176, 185, 197, 197, 188, 191, 183,
    178, 178, 181, 180, 183, 187, 191, 192, 192, 194, 188, 178, 179, 179,
    181, 187, 194, 192, 200, 197, 197, 195, 191, 189, 190, 186, 182, 179,
    174, 172, 172, 172, 172, 173, 173 ]
RHandPositionsY: [ 276, 277, 278, 276, 278, 276, 278, 276, 278, 276, 279,
    276, 277, 276, 276, 279, 276, 280, 279, 279, 280, 278, 277, 277, 275,
    277, 267, 245, 228, 205, 185, 169, 149, 134, 131, 115, 105, 106, 109,
    110, 108, 103, 100, 100, 101, 98, 98, 99, 102, 101, 98, 93, 96, 95,
    95, 91, 95, 97, 102, 100, 101, 101, 99, 98, 96, 94, 95, 97, 101, 106,
    111, 125, 135, 148, 160, 176, 192, 201, 204, 212, 219, 228, 236, 244,
    243, 244, 243, 245 ]
