%YAML:1.0
---
videoName: "RHShake08.mp4"
gestureLabel: 2
fps: 29
pixelSizeInCmTemp: 3.2808219178082193e-01
faceCenterPointX: 290
faceCenterPointY: 45
LHandPositionsX: [ 314, 317, 315, 315, 317, 314, 312, 314, 315, 310, 308,
    311, 310, 311, 308, 309, 308, 310, 310, 310, 308, 307, 310, 308, 309,
    310, 310, 307, 308, 308, 310, 307, 306, 306, 308, 309, 306, 308, 306,
    307, 308, 307, 307, 305, 307, 306, 306, 307, 307, 307, 309, 306, 307,
    308, 306, 309, 308, 307, 306, 305, 305, 307, 309, 305, 307, 309, 308,
    308, 308, 307, 307, 306, 306, 307, 308, 308, 309, 308, 309, 309, 309,
    308, 309, 306, 307, 310, 309, 311 ]
LHandPositionsY: [ 282, 281, 282, 279, 280, 282, 283, 281, 282, 282, 284,
    284, 285, 285, 284, 285, 283, 285, 284, 283, 283, 282, 285, 283, 285,
    283, 284, 281, 283, 281, 284, 283, 282, 285, 283, 284, 285, 283, 281,
    281, 284, 281, 282, 284, 283, 284, 283, 283, 281, 282, 280, 283, 281,
    281, 282, 281, 283, 283, 280, 283, 280, 282, 282, 280, 284, 281, 281,
    281, 281, 284, 281, 280, 280, 283, 282, 281, 280, 283, 280, 283, 281,
    283, 282, 283, 284, 282, 281, 283 ]
RHandPositionsX: [ 270, 271, 268, 273, 269, 269, 272, 275, 267, 260, 261,
    258, 251, 234, 221, 202, 184, 164, 156, 158, 167, 174, 197, 199, 203,
    198, 192, 189, 184, 181, 190, 189, 202, 198, 193, 193, 187, 184, 180,
    177, 193, 190, 189, 184, 181, 180, 173, 171, 174, 182, 184, 189, 192,
    186, 192, 192, 189, 204, 204, 215, 212, 208, 202, 197, 200, 195, 201,
    208, 217, 210, 212, 214, 225, 228, 238, 246, 253, 264, 261, 266, 264,
    269, 267, 272, 274, 276, 275, 268 ]
RHandPositionsY: [ 266, 266, 268, 268, 269, 267, 269, 269, 267, 264, 254,
    243, 229, 216, 201, 182, 174, 151, 130, 127, 112, 108, 105, 108, 107,
    106, 100, 94, 91, 90, 90, 93, 96, 95, 94, 90, 87, 89, 85, 91, 94, 94,
    92, 92, 91, 85, 87, 86, 90, 93, 97, 96, 100, 98, 92, 91, 91, 95, 96,
    94, 101, 97, 96, 94, 94, 93, 97, 99, 107, 106, 110, 127, 131, 144,
    160, 176, 194, 215, 227, 247, 256, 258, 260, 262, 260, 265, 262, 266 ]
