%YAML:1.0
---
videoName: "RHShake11.mp4"
gestureLabel: 2
fps: 29
pixelSizeInCmTemp: 3.3263888888888887e-01
faceCenterPointX: 274
faceCenterPointY: 53
LHandPositionsX: [ 310, 307, 310, 311, 310, 311, 311, 308, 311, 307, 307,
    309, 308, 308, 308, 311, 309, 308, 307, 307, 310, 307, 310, 310, 311,
    311, 308, 307, 311, 307, 308, 310, 309, 308, 308, 308, 310, 311, 307,
    308, 309, 310, 310, 311, 307, 308, 308, 308, 310, 309, 309, 309, 309,
    311, 309, 307, 311, 309, 309, 308, 307, 310, 310, 311, 310, 311, 310,
    309, 308, 311, 307, 311, 308, 307, 309, 310, 305, 305, 306, 304, 304,
    303, 307, 307, 304, 307, 303, 303 ]
LHandPositionsY: [ 249, 248, 248, 248, 245, 245, 249, 245, 249, 248, 247,
    249, 248, 248, 249, 247, 249, 247, 249, 247, 247, 245, 248, 249, 245,
    249, 245, 246, 247, 248, 248, 248, 246, 249, 245, 246, 247, 249, 246,
    245, 245, 249, 249, 246, 248, 249, 247, 248, 245, 249, 247, 247, 249,
    247, 246, 248, 248, 248, 249, 246, 247, 247, 246, 247, 246, 245, 246,
    246, 246, 246, 246, 247, 243, 245, 244, 243, 246, 245, 247, 243, 247,
    245, 244, 247, 243, 244, 245, 243 ]
RHandPositionsX: [ 251, 251, 248, 243, 238, 225, 212, 192, 176, 158, 148,
    141, 147, 143, 151, 157, 163, 163, 168, 174, 169, 161, 157, 152, 154,
    151, 159, 166, 169, 165, 168, 169, 165, 161, 158, 155, 152, 155, 159,
    167, 171, 166, 172, 168, 163, 161, 156, 158, 158, 156, 166, 171, 173,
    176, 177, 177, 172, 167, 164, 164, 159, 157, 161, 166, 173, 182, 193,
    205, 220, 231, 240, 250, 255, 260, 261, 259, 260, 262, 263, 259, 259,
    259, 260, 261, 261, 260, 258, 261 ]
RHandPositionsY: [ 245, 249, 248, 243, 233, 218, 207, 190, 173, 161, 142,
    126, 128, 114, 103, 101, 105, 105, 102, 99, 100, 100, 101, 97, 96,
    96, 94, 99, 101, 101, 100, 100, 98, 96, 97, 95, 94, 96, 100, 107,
    106, 102, 104, 102, 101, 104, 99, 99, 98, 96, 102, 106, 106, 109,
    109, 105, 106, 101, 102, 103, 101, 100, 104, 107, 116, 127, 144, 155,
    171, 189, 200, 213, 220, 228, 237, 237, 235, 240, 239, 239, 240, 239,
    242, 242, 238, 241, 238, 241 ]
