%YAML:1.0
---
videoName: "RHShake19.mp4"
gestureLabel: 2
fps: 29
pixelSizeInCmTemp: 3.2808219178082193e-01
faceCenterPointX: 283
faceCenterPointY: 48
LHandPositionsX: [ 388, 388, 391, 392, 391, 389, 392, 391, 389, 392, 390,
    389, 388, 389, 392, 390, 391, 392, 392, 388, 392, 392, 389, 391, 391,
    388, 390, 388, 391, 390, 392, 392, 392, 391, 388, 388, 388, 392, 388,
    389, 389, 391, 390, 388, 390, 392, 391, 391, 391, 390, 389, 392, 390,
    389, 391, 391, 388, 391, 390, 391, 392, 388, 392, 388, 389, 388, 391,
    389, 390, 390, 389, 388, 388, 390, 388, 390, 389, 391, 392, 392, 390,
    388, 390, 390, 391, 388, 391, 391 ]
LHandPositionsY: [ 241, 241, 244, 242, 241, 242, 244, 243, 244, 241, 241,
    240, 240, 242, 241, 244, 244, 242, 244, 240, 242, 242, 242, 242, 241,
    243, 243, 240, 243, 243, 242, 243, 241, 244, 240, 243, 243, 244, 243,
    240, 243, 240, 241, 241, 241, 240, 242, 242, 242, 242, 242, 242, 240,
    240, 242, 244, 241, 244, 243, 244, 244, 241, 244, 242, 240, 242, 244,
    243, 240, 244, 241, 240, 242, 244, 241, 244, 241, 243, 243, 240, 243,
    244, 240, 242, 244, 244, 240, 241 ]
RHandPositionsX: [ 158, 173, 182, 184, 188, 183, 176, 173, 166, 161, 164,
    162, 166, 177, 184, 183, 186, 178, 174, 171, 166, 160, 160, 165, 167,
    177, 174, 174, 171, 164, 159, 160, 160, 164, 170, 177, 181, 180, 181,
    173, 167, 161, 163, 159, 164, 166, 174, 181, 180, 184, 176, 175, 168,
    168, 165, 171, 171, 178, 178, 178, 179, 181, 174, 174, 170, 165, 172,
    177, 180, 185, 189, 188, 191, 186, 185, 186, 184, 181, 180, 178, 180,
    182, 180, 180, 180, 179, 182, 178 ]
RHandPositionsY: [ 92, 92, 93, 93, 94, 92, 86, 82, 76, 77, 76, 74, 76,
    85, 90, 92, 88, 85, 80, 79, 78, 76, 74, 75, 81, 90, 93, 90, 90, 89,
    82, 82, 78, 85, 88, 89, 93, 97, 94, 91, 88, 87, 88, 85, 83, 83, 91,
    99, 101, 103, 103, 97, 96, 98, 95, 93, 100, 102, 106, 108, 107, 101,
    99, 101, 101, 97, 113, 125, 140, 149, 164, 176, 186, 193, 197, 209,
    219, 225, 232, 235, 235, 235, 238, 243, 244, 239, 240, 239 ]
