%YAML:1.0
---
videoName: "RHShake20.mp4"
gestureLabel: 2
fps: 29
pixelSizeInCmTemp: 3.3263888888888887e-01
faceCenterPointX: 286
faceCenterPointY: 45
LHandPositionsX: [ 392, 391, 394, 391, 393, 390, 391, 394, 394, 391, 391,
    391, 392, 391, 394, 394, 393, 391, 394, 391, 392, 390, 393, 393, 392,
    391, 394, 393, 390, 392, 393, 393, 391, 393, 390, 393, 393, 391, 392,
    394, 394, 390, 394, 394, 390, 391, 393, 390, 392, 394, 391, 392, 393,
    392, 393, 392, 394, 390, 390, 390, 393, 394, 391, 394, 393, 393, 392,
    391, 394, 390, 394, 392, 393, 390, 391, 390, 390, 394, 390, 392, 391,
    392, 391, 390, 394, 393, 391, 394 ]
LHandPositionsY: [ 247, 244, 243, 245, 241, 241, 245, 242, 242, 242, 241,
    243, 240, 241, 242, 240, 243, 243, 243, 243, 239, 239, 243, 243, 242,
    240, 243, 243, 242, 242, 240, 243, 240, 242, 239, 240, 241, 243, 242,
    239, 241, 241, 239, 239, 240, 240, 240, 240, 241, 239, 240, 239, 239,
    239, 242, 241, 240, 240, 243, 240, 242, 240, 243, 241, 241, 239, 240,
    241, 242, 240, 242, 242, 239, 243, 241, 243, 239, 242, 240, 240, 241,
    240, 240, 243, 241, 241, 241, 239 ]
RHandPositionsX: [ 163, 160, 161, 154, 154, 156, 154, 154, 155, 157, 162,
    158, 160, 153, 154, 151, 147, 152, 159, 161, 162, 161, 156, 153, 154,
    154, 151, 151, 161, 163, 164, 162, 157, 152, 155, 156, 150, 148, 159,
    166, 165, 168, 167, 162, 156, 152, 152, 150, 159, 164, 165, 169, 168,
    169, 169, 171, 165, 166, 160, 158, 165, 170, 172, 176, 180, 186, 186,
    188, 184, 182, 186, 180, 180, 178, 179, 177, 177, 179, 178, 180, 180,
    180, 178, 176, 178, 178, 178, 177 ]
RHandPositionsY: [ 110, 109, 104, 102, 98, 100, 100, 98, 99, 100, 103,
    100, 100, 96, 99, 99, 97, 102, 115, 114, 116, 115, 111, 109, 106,
    106, 109, 111, 118, 119, 116, 116, 113, 106, 105, 104, 102, 107, 112,
    122, 122, 120, 121, 119, 117, 111, 113, 110, 112, 115, 125, 123, 121,
    124, 123, 122, 115, 116, 114, 112, 118, 124, 130, 136, 146, 153, 167,
    177, 184, 193, 199, 209, 218, 225, 233, 232, 239, 238, 242, 243, 245,
    246, 247, 243, 246, 244, 245, 243 ]
