%YAML:1.0
---
videoName: "RHShake08.mp4"
gestureLabel: 2
fps: 29
pixelSizeInCmTemp: 3.2808219178082193e-01
faceCenterPointX: 290
faceCenterPointY: 45
LHandPositionsX: [ 313, 313, 316, 315, 317, 315, 313, 313, 314, 313, 309,
    312, 313, 311, 308, 309, 309, 307, 308, 310, 310, 307, 306, 307, 309,
    310, 308, 308, 308, 310, 310, 308, 308, 310, 307, 308, 306, 307, 307,
    310, 308, 306, 307, 307, 306, 306, 307, 307, 306, 305, 309, 305, 305,
    306, 305, 305, 307, 305, 305, 309, 308, 306, 307, 309, 309, 308, 305,
    307, 307, 308, 308, 306, 305, 309, 307, 308, 305, 308, 305, 306, 309,
    309, 310, 307, 311, 310, 309, 310 ]
LHandPositionsY: [ 281, 280, 279, 283, 281, 283, 281, 283, 283, 285, 283,
    283, 285, 285, 281, 281, 282, 285, 284, 281, 282, 284, 282, 285, 285,
    282, 284, 281, 283, 282, 281, 285, 282, 283, 285, 282, 283, 285, 283,
    282, 281, 285, 281, 284, 280, 280, 282, 282, 283, 281, 284, 284, 284,
    280, 283, 282, 280, 282, 283, 284, 282, 283, 280, 281, 282, 281, 283,
    282, 281, 282, 284, 282, 282, 283, 280, 284, 283, 280, 284, 282, 283,
    281, 280, 281, 283, 283, 281, 282 ]
RHandPositionsX: [ 267, 268, 272, 271, 272, 273, 273, 278, 267, 261, 258,
    254, 248, 238, 222, 199, 188, 162, 155, 160, 166, 176, 201, 198, 205,
    200, 194, 190, 182, 180, 189, 189, 202, 202, 193, 194, 188, 180, 178,
    176, 193, 192, 189, 187, 182, 180, 176, 175, 174, 183, 187, 188, 192,
    186, 192, 189, 186, 204, 204, 218, 211, 208, 202, 201, 198, 197, 200,
    205, 215, 213, 213, 214, 222, 229, 241, 248, 252, 265, 260, 265, 267,
    268, 267, 271, 273, 276, 275, 272 ]
RHandPositionsY: [ 266, 268, 268, 269, 269, 270, 266, 268, 265, 263, 255,
    244, 232, 218, 202, 185, 175, 154, 129, 128, 115, 109, 105, 108, 108,
    102, 100, 96, 94, 92, 88, 93, 96, 96, 92, 91, 90, 85, 85, 91, 92, 95,
    94, 93, 91, 87, 88, 86, 88, 95, 96, 97, 99, 95, 92, 93, 91, 95, 96,
    96, 101, 99, 93, 91, 93, 94, 93, 101, 105, 107, 110, 125, 133, 145,
    157, 176, 194, 214, 230, 247, 259, 262, 257, 258, 261, 266, 264, 263 ]
