%YAML:1.0
---
videoName: "RHShake14.mp4"
gestureLabel: 2
fps: 30
pixelSizeInCmTemp: 3.2808219178082193e-01
faceCenterPointX: 277
faceCenterPointY: 42
LHandPositionsX: [ 379, 376, 379, 377, 375, 377, 375, 376, 375, 375, 378,
    374, 377, 376, 376, 377, 374, 376, 375, 372, 376, 372, 376, 375, 375,
    372, 376, 376, 376, 375, 375, 375, 373, 372, 375, 376, 374, 375, 376,
    374, 376, 372, 373, 376, 375, 376, 376, 375, 373, 374, 372, 372, 376,
    373, 372, 376, 375, 373, 373, 373, 372, 375, 372, 375, 375, 372, 373,
    376, 372, 376, 375, 376, 372, 375, 373, 373, 373, 374, 375, 375, 372,
    376, 372, 372, 373, 376, 374, 376, 372, 374, 375 ]
LHandPositionsY: [ 230, 229, 229, 232, 231, 231, 233, 233, 229, 230, 230,
    230, 233, 231, 233, 232, 231, 229, 229, 232, 229, 233, 231, 231, 233,
    232, 233, 230, 231, 233, 229, 231, 229, 230, 232, 229, 229, 233, 232,
    229, 229, 230, 231, 232, 232, 233, 232, 233, 231, 232, 231, 229, 231,
    229, 231, 231, 231, 229, 229, 231, 233, 232, 232, 230, 230, 230, 229,
    229, 231, 232, 232, 231, 230, 229, 232, 229, 229, 230, 231, 230, 230,
    230, 229, 232, 232, 232, 231, 230, 233, 229, 231 ]
RHandPositionsX: [ 173, 173, 173, 170, 172, 173, 174, 172, 171, 174, 170,
    172, 171, 172, 173, 172, 170, 170, 172, 170, 172, 174, 173, 172, 169,
    171, 169, 169, 160, 151, 135, 127, 125, 115, 118, 121, 126, 129, 133,
    140, 144, 148, 147, 144, 144, 144, 148, 151, 158, 163, 158, 158, 153,
    150, 156, 157, 162, 169, 169, 162, 157, 157, 156, 158, 158, 162, 163,
    169, 173, 177, 179, 177, 177, 180, 171, 172, 176, 181, 173, 171, 172,
    172, 170, 174, 170, 170, 173, 172, 172, 173, 173 ]
RHandPositionsY: [ 242, 239, 242, 243, 239, 242, 239, 242, 241, 239, 242,
    242, 241, 240, 242, 240, 241, 239, 241, 242, 242, 239, 239, 240, 243,
    242, 244, 233, 215, 195, 174, 155, 134, 114, 115, 111, 103, 112, 112,
    118, 115, 106, 97, 91, 89, 88, 84, 84, 84, 83, 80, 76, 79, 77, 77,
    77, 82, 81, 81, 77, 76, 78, 76, 77, 80, 80, 87, 105, 120, 133, 146,
    157, 170, 182, 194, 195, 198, 202, 213, 218, 216, 221, 224, 230, 235,
    231, 232, 232, 233, 233, 236 ]
