%YAML:1.0
---
videoName: "RHShake14.mp4"
gestureLabel: 2
fps: 30
pixelSizeInCmTemp: 3.2808219178082193e-01
faceCenterPointX: 277
faceCenterPointY: 42
LHandPositionsX: [ 379, 376, 375, 378, 378, 375, 377, 378, 376, 379, 375,
    374, 374, 376, 373, 377, 375, 375, 372, 372, 376, 376, 375, 372, 375,
    372, 375, 373, 376, 376, 376, 373, 375, 372, 376, 374, 376, 372, 376,
    374, 374, 376, 374, 375, 372, 376, 373, 372, 374, 372, 375, 374, 373,
    374, 375, 376, 372, 372, 375, 373, 376, 372, 372, 376, 372, 373, 374,
    376, 374, 372, 375, 374, 373, 374, 374, 375, 374, 375, 373, 374, 372,
    372, 376, 372, 375, 372, 373, 375, 375, 375, 372 ]
LHandPositionsY: [ 230, 229, 230, 233, 232, 231, 232, 233, 233, 230, 233,
    230, 233, 229, 232, 232, 232, 233, 230, 233, 232, 229, 232, 233, 229,
    233, 232, 229, 230, 233, 231, 232, 231, 230, 233, 230, 230, 230, 230,
    232, 230, 231, 233, 231, 230, 230, 233, 232, 231, 232, 231, 231, 232,
    230, 231, 231, 231, 229, 231, 230, 229, 229, 229, 229, 233, 229, 231,
    231, 233, 230, 233, 231, 229, 232, 233, 233, 231, 229, 231, 232, 230,
    230, 231, 233, 233, 230, 233, 233, 229, 233, 231 ]
RHandPositionsX: [ 172, 171, 173, 171, 174, 173, 171, 171, 174, 174, 171,
    173, 173, 172, 171, 174, 173, 171, 174, 171, 170, 174, 170, 174, 170,
    170, 169, 170, 157, 149, 137, 128, 124, 117, 118, 124, 125, 133, 133,
    137, 143, 148, 146, 143, 146, 145, 150, 152, 156, 163, 160, 156, 155,
    150, 155, 158, 162, 166, 169, 165, 159, 156, 160, 159, 157, 164, 162,
    173, 172, 176, 180, 180, 179, 177, 174, 173, 176, 178, 176, 175, 175,
    173, 173, 170, 174, 171, 174, 171, 173, 171, 174 ]
RHandPositionsY: [ 239, 240, 242, 243, 239, 243, 240, 241, 241, 242, 239,
    242, 239, 239, 242, 241, 240, 242, 240, 240, 240, 242, 243, 240, 242,
    245, 245, 233, 216, 197, 171, 153, 137, 115, 116, 107, 102, 110, 113,
    115, 116, 105, 97, 91, 86, 88, 86, 82, 82, 80, 81, 78, 77, 77, 77,
    75, 81, 83, 80, 78, 76, 77, 75, 79, 80, 82, 85, 104, 121, 134, 148,
    158, 171, 181, 191, 195, 200, 203, 212, 215, 215, 223, 223, 230, 232,
    235, 232, 232, 236, 235, 235 ]
