%YAML:1.0
---
videoName: "RHShake14.mp4"
gestureLabel: 2
fps: 30
pixelSizeInCmTemp: 3.2808219178082193e-01
faceCenterPointX: 277
faceCenterPointY: 42
LHandPositionsX: [ 378, 378, 378, 379, 378, 378, 379, 378, 375, 377, 375,
    377, 374, 374, 374, 374, 377, 374, 373, 374, 376, 375, 376, 373, 375,
    373, 372, 372, 374, 376, 376, 376, 372, 374, 372, 376, 373, 372, 373,
    376, 372, 372, 376, 375, 376, 376, 372, 376, 376, 372, 376, 374, 373,
    376, 375, 376, 373, 374, 373, 376, 372, 374, 373, 375, 373, 375, 374,
    374, 376, 375, 375, 374, 376, 375, 374, 372, 375, 373, 375, 375, 374,
    372, 376, 376, 372, 375, 374, 375, 372, 373, 375 ]
LHandPositionsY: [ 229, 231, 233, 232, 229, 233, 230, 231, 232, 229, 229,
    231, 233, 229, 232, 231, 229, 233, 232, 231, 232, 232, 229, 230, 232,
    233, 231, 231, 229, 231, 230, 230, 233, 230, 233, 233, 231, 233, 229,
    230, 230, 233, 231, 231, 229, 230, 230, 231, 232, 233, 232, 233, 232,
    231, 232, 230, 233, 232, 229, 231, 233, 230, 231, 230, 232, 229, 230,
    232, 233, 232, 231, 232, 229, 231, 230, 230, 233, 233, 230, 230, 229,
    230, 230, 232, 229, 229, 231, 230, 232, 233, 230 ]
RHandPositionsX: [ 170, 173, 174, 171, 174, 173, 173, 170, 174, 170, 172,
    172, 173, 174, 172, 170, 173, 172, 174, 172, 174, 170, 172, 171, 171,
    172, 170, 169, 158, 148, 138, 125, 122, 115, 117, 125, 129, 133, 133,
    137, 142, 148, 147, 143, 144, 144, 151, 152, 158, 160, 158, 156, 155,
    152, 154, 156, 159, 167, 167, 165, 156, 156, 160, 159, 157, 166, 166,
    173, 176, 175, 179, 178, 178, 177, 173, 171, 175, 181, 174, 173, 171,
    170, 174, 172, 170, 174, 170, 174, 172, 170, 171 ]
RHandPositionsY: [ 239, 243, 240, 242, 240, 242, 240, 243, 241, 242, 243,
    241, 240, 240, 243, 243, 239, 240, 240, 240, 240, 243, 239, 240, 240,
    245, 247, 232, 213, 193, 173, 152, 133, 117, 114, 111, 104, 108, 115,
    116, 115, 106, 95, 92, 89, 88, 83, 84, 84, 82, 81, 77, 79, 77, 75,
    78, 79, 81, 80, 78, 80, 77, 78, 75, 77, 81, 88, 107, 118, 132, 144,
    160, 170, 183, 191, 196, 197, 201, 211, 215, 218, 223, 220, 230, 232,
    233, 231, 235, 237, 237, 236 ]
