%YAML:1.0
---
videoName: "RHShake08.mp4"
gestureLabel: 2
fps: 29
pixelSizeInCmTemp: 3.2808219178082193e-01
faceCenterPointX: 290
faceCenterPointY: 45
LHandPositionsX: [ 313, 314, 317, 315, 317, 317, 315, 313, 313, 309, 311,
    309, 310, 312, 307, 311, 310, 308, 307, 310, 309, 308, 309, 309, 308,
    309, 309, 309, 309, 306, 306, 309, 306, 308, 309, 307, 307, 306, 307,
    307, 308, 308, 310, 307, 309, 309, 309, 307, 307, 306, 308, 306, 306,
    306, 308, 309, 307, 307, 308, 307, 306, 306, 308, 307, 305, 309, 306,
    305, 306, 307, 306, 305, 306, 306, 308, 309, 307, 309, 308, 305, 307,
    309, 310, 308, 311, 307, 307, 310 ]
LHandPositionsY: [ 280, 282, 280, 282, 281, 280, 282, 281, 282, 283, 284,
    283, 282, 285, 284, 282, 285, 281, 283, 285, 282, 283, 283, 282, 283,
    283, 284, 285, 284, 285, 285, 283, 285, 285, 282, 282, 284, 282, 283,
    282, 283, 283, 284, 281, 284, 282, 282, 282, 282, 281, 283, 281, 282,
    282, 282, 284, 281, 282, 282, 283, 284, 282, 282, 284, 283, 283, 280,
    283, 282, 280, 284, 284, 282, 282, 284, 280, 284, 284, 280, 284, 280,
    282, 284, 281, 281, 283, 282, 282 ]
RHandPositionsX: [ 267, 270, 270, 271, 269, 269, 274, 275, 268, 259, 260,
    255, 252, 238, 221, 202, 186, 162, 158, 158, 167, 173, 199, 200, 205,
    198, 193, 189, 184, 178, 187, 192, 205, 201, 196, 192, 188, 183, 179,
    180, 193, 192, 189, 187, 183, 177, 175, 171, 174, 181, 187, 187, 189,
    190, 194, 188, 187, 201, 202, 215, 210, 208, 204, 198, 197, 195, 202,
    207, 213, 210, 213, 215, 224, 227, 241, 249, 252, 262, 262, 265, 265,
    268, 270, 269, 272, 273, 273, 272 ]
RHandPositionsY: [ 266, 269, 269, 266, 270, 270, 266, 267, 264, 261, 253,
    243, 232, 219, 202, 183, 171, 151, 132, 129, 112, 111, 106, 108, 109,
    102, 100, 92, 95, 91, 89, 95, 97, 97, 94, 92, 91, 89, 86, 88, 90, 95,
    91, 92, 89, 86, 85, 88, 87, 92, 93, 95, 99, 95, 95, 89, 93, 95, 99,
    94, 98, 97, 94, 94, 92, 93, 94, 99, 103, 105, 110, 123, 131, 144,
    157, 176, 191, 215, 229, 243, 256, 259, 260, 261, 261, 266, 262, 264 ]
