%YAML:1.0
---
videoName: "RHShake10.mp4"
gestureLabel: 2
fps: 29
pixelSizeInCmTemp: 3.1933333333333330e-01
faceCenterPointX: 295
faceCenterPointY: 45
LHandPositionsX: [ 341, 341, 339, 340, 339, 339, 337, 337, 335, 332, 333,
    331, 328, 327, 328, 324, 328, 326, 329, 330, 327, 330, 330, 328, 328,
    327, 328, 327, 326, 328, 329, 329, 327, 327, 326, 326, 328, 327, 327,
    327, 330, 327, 330, 327, 329, 330, 326, 330, 328, 327, 326, 329, 328,
    327, 329, 328, 329, 326, 327, 327, 326, 326, 327, 327, 327, 326, 330,
    330, 328, 328, 327, 326, 329, 326, 329, 331, 330, 329, 329, 329, 330,
    332, 331, 329, 331, 330, 329, 327 ]
LHandPositionsY: [ 264, 268, 268, 268, 268, 267, 270, 268, 269, 268, 269,
    272, 269, 271, 274, 271, 270, 271, 274, 270, 274, 274, 274, 271, 273,
    271, 272, 273, 273, 270, 269, 270, 271, 272, 269, 271, 269, 268, 268,
    268, 270, 270, 270, 268, 271, 271, 269, 268, 268, 271, 271, 271, 268,
    272, 270, 272, 269, 269, 268, 272, 271, 269, 270, 270, 270, 268, 268,
    269, 271, 269, 268, 270, 271, 268, 267, 267, 269, 268, 267, 269, 267,
    269, 268, 270, 269, 270, 268, 270 ]
RHandPositionsX: [ 263, 262, 260, 262, 263, 262, 262, 260, 259, 259, 261,
    258, 257, 259, 262, 261, 258, 252, 262, 252, 242, 222, 203, 184, 167,
    153, 138, 135, 136, 135, 146, 153, 156, 163, 164, 163, 157, 160, 161,
    159, 161, 171, 179, 183, 178, 175, 172, 171, 173, 169, 173, 185, 191,
    193, 193, 184, 177, 176, 176, 180, 178, 191, 191, 194, 192, 184, 177,
    174, 177, 177, 176, 193, 196, 202, 213, 219, 224, 231, 235, 244, 252,
    251, 250, 256, 264, 259, 261, 259 ]
RHandPositionsY: [ 268, 264, 265, 266, 267, 265, 265, 266, 263, 264, 264,
    268, 265, 266, 268, 268, 267, 265, 264, 256, 241, 230, 210, 193, 172,
    150, 131, 115, 111, 100, 89, 89, 88, 90, 86, 84, 81, 76, 77, 80, 80,
    81, 87, 82, 84, 80, 76, 78, 77, 82, 84, 89, 90, 94, 89, 84, 80, 82,
    79, 85, 88, 92, 90, 92, 88, 87, 82, 82, 81, 88, 96, 104, 128, 143,
    163, 177, 197, 212, 226, 242, 260, 256, 261, 265, 266, 265, 267, 269 ]
