%YAML:1.0
---
videoName: "RHShake04.mp4"
gestureLabel: 2
fps: 29
pixelSizeInCmTemp: 3.1513157894736843e-01
faceCenterPointX: 292
faceCenterPointY: 47
LHandPositionsX: [ 410, 409, 412, 412, 409, 410, 409, 409, 411, 413, 413,
    413, 410, 411, 408, 410, 412, 408, 408, 409, 408, 409, 408, 408, 409,
    409, 408, 405, 408, 406, 405, 408, 406, 408, 408, 406, 409, 409, 406,
    408, 408, 408, 409, 405, 409, 408, 405, 409, 407, 408, 405, 406, 408,
    406, 406, 405, 406, 409, 406, 405, 406, 408, 406, 407, 405, 406, 403,
    403, 402, 404, 406, 402, 405, 403, 403, 403, 405, 406, 404, 402, 401,
    405, 403, 401, 401, 403, 405, 404 ]
LHandPositionsY: [ 266, 262, 266, 263, 262, 263, 265, 264, 261, 265, 262,
    265, 265, 264, 261, 262, 261, 265, 260, 264, 260, 261, 260, 261, 260,
    261, 261, 264, 263, 262, 264, 263, 262, 262, 263, 260, 263, 263, 263,
    262, 262, 264, 263, 263, 264, 264, 264, 263, 260, 261, 260, 261, 264,
    262, 264, 264, 261, 263, 261, 260, 264, 260, 261, 261, 261, 263, 263,
    258, 259, 262, 259, 259, 259, 260, 258, 259, 258, 262, 258, 259, 260,
    258, 261, 260, 259, 258, 261, 258 ]
RHandPositionsX: [ 181, 178, 179, 179, 179, 182, 180, 181, 178, 177, 179,
    180, 179, 177, 178, 179, 179, 180, 177, 176, 176, 177, 179, 182, 183,
    175, 169, 163, 165, 162, 163, 165, 180, 186, 194, 188, 186, 183, 176,
    170, 167, 168, 173, 173, 179, 177, 181, 174, 169, 169, 168, 171, 179,
    178, 180, 180, 176, 171, 170, 171, 168, 176, 176, 183, 194, 188, 182,
    177, 175, 175, 168, 170, 174, 175, 183, 189, 193, 192, 191, 186, 187,
    187, 184, 179, 176, 174, 177, 176 ]
RHandPositionsY: [ 266, 268, 267, 264, 265, 265, 267, 266, 267, 266, 266,
    267, 269, 267, 267, 266, 269, 270, 267, 271, 271, 272, 265, 247, 225,
    196, 172, 146, 127, 123, 121, 103, 98, 100, 106, 103, 96, 93, 93, 95,
    89, 90, 94, 94, 97, 96, 93, 94, 96, 92, 91, 93, 97, 96, 100, 99, 96,
    94, 92, 93, 91, 94, 95, 99, 93, 97, 96, 97, 92, 96, 96, 93, 99, 106,
    120, 130, 140, 150, 165, 178, 197, 209, 224, 227, 236, 246, 248, 247 ]
