%YAML:1.0
---
videoName: "RHShake23.mp4"
gestureLabel: 2
fps: 29
pixelSizeInCmTemp: 3.3263888888888887e-01
faceCenterPointX: 298
faceCenterPointY: 49
LHandPositionsX: [ 391, 390, 390, 389, 389, 388, 390, 391, 389, 387, 390,
    389, 389, 391, 389, 387, 387, 387, 387, 391, 390, 387, 389, 387, 391,
    387, 388, 389, 391, 387, 391, 388, 390, 391, 391, 388, 387, 389, 388,
    389, 390, 388, 388, 387, 387, 389, 387, 387, 389, 389, 387, 387, 387,
    389, 388, 389, 388, 388, 391, 387, 388, 387, 388, 388, 389, 389, 387,
    391, 388, 391, 389, 388, 391, 390, 391, 388, 391, 388, 390, 390, 391,
    387, 387, 391, 389, 387, 390, 391 ]
LHandPositionsY: [ 227, 226, 226, 228, 224, 226, 228, 225, 227, 224, 226,
    225, 228, 227, 228, 228, 228, 228, 227, 224, 225, 227, 227, 227, 225,
    224, 228, 224, 225, 224, 224, 224, 224, 225, 228, 225, 227, 227, 227,
    225, 226, 228, 225, 226, 226, 224, 224, 224, 227, 224, 224, 226, 225,
    226, 226, 228, 226, 224, 226, 225, 226, 225, 224, 228, 226, 228, 228,
    224, 226, 226, 224, 228, 225, 226, 226, 225, 226, 226, 227, 225, 227,
    224, 224, 225, 227, 228, 227, 226 ]
RHandPositionsX: [ 168, 170, 177, 189, 191, 189, 196, 189, 181, 177, 174,
    172, 174, 179, 186, 197, 196, 198, 196, 192, 186, 184, 178, 175, 172,
    173, 170, 179, 194, 199, 199, 199, 200, 193, 190, 185, 184, 180, 178,
    182, 185, 198, 200, 204, 204, 201, 198, 190, 182, 180, 176, 179, 179,
    185, 193, 202, 206, 210, 208, 211, 209, 210, 209, 211, 208, 210, 208,
    207, 207, 206, 205, 204, 202, 205, 201, 201, 204, 201, 202, 199, 202,
    201, 198, 202, 202, 197, 197, 198 ]
RHandPositionsY: [ 95, 95, 100, 113, 116, 113, 122, 112, 105, 99, 99, 99,
    99, 103, 115, 123, 122, 122, 126, 110, 104, 99, 101, 101, 99, 95, 97,
    97, 115, 122, 122, 121, 125, 110, 105, 107, 107, 100, 99, 103, 114,
    119, 123, 125, 126, 124, 125, 109, 105, 107, 102, 104, 102, 118, 127,
    135, 142, 147, 152, 154, 160, 167, 174, 180, 191, 200, 210, 215, 215,
    216, 217, 220, 221, 222, 224, 225, 224, 225, 226, 227, 226, 225, 226,
    225, 224, 224, 225, 224 ]
