%YAML:1.0
---
videoName: "RHShake11.mp4"
gestureLabel: 2
fps: 29
pixelSizeInCmTemp: 3.3263888888888887e-01
faceCenterPointX: 274
faceCenterPointY: 53
LHandPositionsX: [ 309, 309, 311, 307, 311, 310, 308, 310, 310, 311, 311,
    309, 310, 311, 310, 311, 307, 311, 309, 310, 311, 307, 308, 308, 311,
    311, 307, 308, 309, 307, 310, 309, 309, 307, 310, 311, 309, 311, 310,
    310, 307, 308, 310, 311, 308, 308, 307, 307, 307, 310, 310, 309, 310,
    308, 308, 311, 307, 307, 308, 307, 309, 309, 307, 311, 311, 308, 309,
    311, 311, 309, 310, 309, 310, 307, 308, 307, 309, 309, 307, 306, 304,
    306, 304, 307, 305, 305, 304, 303 ]
LHandPositionsY: [ 248, 248, 245, 245, 246, 245, 248, 247, 245, 247, 248,
    248, 246, 246, 249, 247, 248, 246, 245, 249, 247, 247, 249, 248, 246,
    248, 248, 246, 246, 245, 245, 246, 245, 249, 248, 246, 245, 247, 246,
    248, 248, 249, 249, 246, 247, 249, 247, 248, 249, 248, 245, 245, 246,
    248, 245, 249, 248, 249, 248, 247, 246, 245, 246, 249, 247, 249, 248,
    248, 244, 248, 244, 247, 244, 246, 242, 244, 244, 246, 245, 247, 246,
    243, 247, 245, 247, 243, 244, 244 ]
RHandPositionsX: [ 250, 251, 248, 245, 236, 226, 209, 190, 176, 159, 146,
    142, 145, 144, 153, 158, 162, 167, 170, 175, 169, 162, 155, 155, 150,
    151, 158, 167, 170, 168, 168, 169, 165, 158, 155, 155, 156, 154, 157,
    165, 168, 166, 171, 171, 165, 159, 158, 156, 159, 160, 163, 171, 176,
    180, 178, 176, 174, 168, 165, 164, 160, 156, 159, 163, 170, 180, 195,
    204, 220, 232, 239, 247, 256, 260, 264, 262, 260, 261, 260, 260, 261,
    260, 262, 261, 261, 261, 261, 258 ]
RHandPositionsY: [ 249, 249, 246, 241, 229, 218, 209, 190, 175, 162, 144,
    126, 124, 114, 106, 103, 106, 106, 105, 99, 103, 98, 100, 94, 96, 95,
    97, 99, 102, 99, 98, 100, 96, 98, 94, 95, 95, 95, 100, 104, 104, 103,
    104, 102, 103, 102, 100, 98, 99, 99, 104, 104, 106, 106, 109, 104,
    104, 101, 102, 100, 101, 99, 102, 108, 119, 131, 141, 156, 171, 189,
    200, 214, 220, 230, 238, 238, 239, 240, 238, 239, 238, 241, 238, 239,
    241, 242, 241, 242 ]
