%YAML:1.0
---
videoName: "RHShake05.mp4"
gestureLabel: 2
fps: 30
pixelSizeInCmTemp: 3.1103896103896100e-01
faceCenterPointX: 295
faceCenterPointY: 47
LHandPositionsX: [ 412, 410, 409, 409, 412, 409, 411, 409, 409, 412, 410,
    411, 410, 412, 409, 409, 411, 411, 409, 412, 408, 409, 410, 411, 410,
    410, 409, 411, 410, 410, 410, 411, 412, 412, 411, 411, 410, 408, 409,
    409, 412, 412, 410, 412, 410, 410, 411, 410, 412, 409, 408, 412, 410,
    408, 409, 411, 409, 412, 408, 408, 410, 408, 409, 412, 410, 411, 410,
    410, 408, 412, 409, 411, 408, 412, 411, 410, 408, 409, 412, 412, 408,
    411, 411, 412, 412, 411, 410, 411, 411, 408, 408 ]
LHandPositionsY: [ 261, 261, 257, 261, 260, 260, 258, 258, 259, 261, 259,
    258, 257, 259, 260, 257, 259, 257, 260, 261, 257, 260, 261, 258, 261,
    260, 261, 259, 259, 261, 260, 257, 257, 261, 261, 259, 261, 259, 260,
    261, 259, 260, 257, 258, 261, 260, 257, 261, 261, 258, 258, 257, 257,
    258, 257, 261, 258, 258, 261, 261, 260, 261, 260, 257, 257, 260, 259,
    258, 261, 257, 261, 259, 257, 259, 261, 257, 258, 257, 261, 258, 259,
    259, 261, 261, 258, 261, 260, 261, 261, 257, 257 ]
RHandPositionsX: [ 175, 175, 175, 177, 177, 177, 174, 175, 174, 176, 175,
    174, 176, 173, 175, 173, 172, 174, 170, 172, 171, 171, 170, 174, 177,
    177, 182, 181, 174, 167, 151, 155, 153, 157, 162, 177, 187, 201, 192,
    182, 175, 172, 170, 168, 174, 176, 190, 182, 176, 175, 171, 166, 171,
    176, 179, 189, 186, 180, 172, 172, 168, 171, 174, 191, 190, 193, 185,
    182, 178, 178, 180, 178, 187, 191, 197, 190, 181, 173, 173, 174, 174,
    176, 183, 183, 192, 188, 183, 180, 177, 179, 178 ]
RHandPositionsY: [ 259, 260, 259, 260, 260, 262, 261, 260, 261, 262, 258,
    260, 262, 261, 258, 262, 259, 260, 259, 259, 259, 262, 261, 261, 260,
    249, 230, 206, 179, 158, 129, 128, 106, 91, 87, 93, 94, 91, 89, 84,
    81, 81, 79, 82, 85, 84, 83, 80, 77, 73, 73, 77, 79, 85, 85, 91, 89,
    87, 84, 81, 84, 83, 90, 92, 92, 93, 87, 84, 81, 85, 84, 85, 88, 92,
    92, 87, 88, 88, 86, 91, 113, 135, 155, 180, 202, 220, 228, 236, 241,
    249, 250 ]
