%YAML:1.0
---
videoName: "RHShake13.mp4"
gestureLabel: 2
fps: 30
pixelSizeInCmTemp: 3.2808219178082193e-01
faceCenterPointX: 278
faceCenterPointY: 45
LHandPositionsX: [ 305, 307, 307, 307, 306, 306, 305, 305, 307, 308, 305,
    306, 306, 305, 307, 306, 308, 307, 308, 305, 309, 307, 307, 305, 308,
    308, 309, 309, 307, 306, 307, 308, 306, 305, 306, 308, 307, 307, 309,
    308, 307, 308, 305, 309, 306, 308, 307, 307, 308, 306, 306, 307, 309,
    308, 307, 305, 309, 305, 309, 307, 306, 305, 307, 308, 307, 305, 305,
    309, 305, 306, 308, 305, 307, 308, 310, 306, 308, 310, 309, 305, 300,
    305, 304, 305, 304, 304, 306, 304, 303, 304, 304 ]
LHandPositionsY: [ 243, 243, 243, 245, 242, 243, 242, 243, 243, 242, 243,
    244, 244, 242, 242, 241, 242, 243, 242, 240, 242, 240, 239, 242, 241,
    242, 239, 239, 239, 243, 243, 239, 241, 242, 242, 240, 240, 240, 242,
    238, 239, 239, 240, 241, 241, 239, 240, 242, 241, 238, 242, 242, 238,
    240, 242, 240, 242, 242, 239, 242, 238, 240, 239, 242, 241, 238, 240,
    239, 242, 240, 239, 240, 240, 240, 238, 236, 237, 233, 234, 231, 235,
    232, 236, 240, 238, 243, 245, 246, 244, 246, 247 ]
RHandPositionsX: [ 166, 151, 136, 139, 140, 140, 141, 144, 146, 147, 149,
    145, 142, 138, 134, 138, 143, 140, 144, 144, 136, 130, 131, 128, 132,
    135, 132, 136, 141, 137, 136, 131, 129, 131, 132, 136, 138, 138, 138,
    138, 132, 134, 132, 136, 139, 146, 151, 149, 149, 148, 143, 139, 137,
    139, 140, 139, 140, 143, 144, 136, 135, 132, 129, 131, 135, 142, 141,
    145, 156, 159, 167, 177, 191, 198, 213, 224, 236, 247, 253, 254, 250,
    252, 259, 257, 260, 259, 258, 258, 257, 257, 258 ]
RHandPositionsY: [ 155, 140, 119, 116, 113, 110, 103, 101, 96, 93, 94,
    91, 88, 86, 87, 86, 86, 87, 90, 87, 85, 86, 87, 86, 86, 87, 88, 89,
    88, 90, 89, 90, 89, 87, 88, 91, 91, 91, 93, 91, 89, 91, 90, 89, 91,
    96, 93, 96, 96, 91, 94, 93, 91, 92, 94, 97, 100, 100, 98, 101, 98,
    94, 98, 98, 99, 106, 106, 111, 120, 125, 136, 143, 153, 164, 175,
    188, 199, 207, 216, 217, 216, 218, 228, 237, 237, 236, 238, 237, 240,
    241, 242 ]
