%YAML:1.0
---
videoName: "RHShake24.mp4"
gestureLabel: 2
fps: 30
pixelSizeInCmTemp: 3.3732394366197183e-01
faceCenterPointX: 304
faceCenterPointY: 46
LHandPositionsX: [ 393, 389, 391, 390, 389, 389, 392, 391, 389, 391, 391,
    389, 389, 390, 391, 392, 390, 391, 392, 390, 392, 391, 391, 389, 393,
    393, 389, 391, 390, 390, 392, 391, 389, 390, 391, 390, 390, 389, 393,
    389, 390, 389, 389, 391, 392, 389, 392, 390, 391, 392, 391, 392, 391,
    390, 391, 390, 390, 393, 393, 393, 393, 393, 391, 391, 390, 390, 389,
    391, 389, 392, 393, 390, 392, 391, 391, 389, 390, 393, 393, 392, 391,
    392, 390, 389, 392, 389, 390, 393, 391, 390, 390 ]
LHandPositionsY: [ 228, 227, 226, 225, 226, 227, 228, 227, 227, 229, 227,
    227, 229, 227, 226, 226, 229, 225, 228, 226, 225, 227, 227, 227, 228,
    228, 229, 227, 228, 228, 226, 227, 226, 226, 227, 227, 228, 225, 226,
    229, 229, 226, 226, 229, 229, 225, 227, 229, 225, 228, 225, 225, 228,
    226, 227, 228, 229, 228, 229, 228, 226, 226, 229, 227, 228, 227, 225,
    229, 226, 227, 229, 228, 225, 225, 227, 228, 225, 229, 225, 226, 225,
    229, 225, 229, 227, 226, 226, 228, 225, 228, 225 ]
RHandPositionsX: [ 143, 148, 150, 149, 157, 157, 154, 150, 144, 141, 138,
    137, 143, 154, 160, 160, 162, 162, 159, 158, 149, 143, 142, 141, 139,
    146, 159, 158, 157, 159, 154, 157, 151, 146, 140, 142, 149, 152, 158,
    156, 158, 163, 156, 153, 150, 146, 139, 140, 143, 151, 161, 166, 167,
    171, 167, 164, 158, 150, 150, 148, 146, 148, 154, 165, 167, 169, 168,
    172, 174, 176, 178, 181, 187, 188, 191, 192, 192, 192, 193, 191, 192,
    192, 195, 192, 195, 196, 194, 192, 195, 195, 196 ]
RHandPositionsY: [ 94, 102, 101, 97, 102, 98, 93, 89, 88, 88, 88, 85, 86,
    100, 112, 113, 111, 115, 108, 102, 97, 95, 97, 93, 90, 102, 109, 109,
    113, 115, 106, 103, 95, 97, 94, 92, 90, 96, 100, 105, 107, 113, 106,
    101, 102, 99, 97, 97, 94, 110, 121, 122, 122, 124, 118, 103, 103,
    102, 103, 99, 98, 97, 106, 113, 116, 117, 119, 123, 133, 140, 149,
    154, 153, 157, 167, 171, 180, 188, 194, 201, 211, 211, 212, 215, 218,
    218, 223, 224, 223, 224, 227 ]
