%YAML:1.0
---
videoName: "RHShake23.mp4"
gestureLabel: 2
fps: 29
pixelSizeInCmTemp: 3.3263888888888887e-01
faceCenterPointX: 298
faceCenterPointY: 49
LHandPositionsX: [ 389, 390, 390, 388, 391, 391, 391, 391, 391, 388, 390,
    390, 391, 390, 391, 388, 390, 387, 390, 387, 387, 387, 388, 389, 391,
    391, 391, 389, 388, 391, 387, 387, 390, 390, 387, 390, 387, 388, 390,
    391, 388, 389, 389, 388, 390, 391, 391, 390, 388, 389, 388, 389, 387,
    391, 389, 388, 391, 389, 387, 388, 390, 387, 389, 391, 389, 387, 389,
    390, 390, 387, 387, 388, 390, 387, 391, 391, 389, 389, 388, 387, 389,
    390, 387, 388, 391, 391, 387, 388 ]
LHandPositionsY: [ 225, 228, 227, 225, 227, 224, 225, 226, 226, 224, 224,
    228, 227, 226, 224, 226, 228, 225, 225, 225, 228, 226, 226, 228, 227,
    225, 226, 226, 227, 227, 224, 227, 225, 227, 226, 224, 228, 227, 224,
    228, 226, 225, 224, 227, 225, 228, 227, 225, 224, 227, 225, 227, 227,
    228, 227, 224, 226, 226, 228, 228, 227, 228, 224, 226, 225, 228, 226,
    224, 225, 224, 225, 228, 224, 224, 227, 227, 228, 228, 224, 228, 226,
    228, 228, 226, 228, 228, 227, 228 ]
RHandPositionsX: [ 171, 171, 175, 189, 188, 189, 193, 191, 181, 178, 173,
    172, 171, 179, 189, 198, 199, 200, 199, 196, 184, 181, 175, 176, 172,
    170, 170, 177, 192, 201, 202, 200, 198, 193, 192, 184, 182, 178, 177,
    180, 186, 199, 203, 201, 204, 202, 196, 191, 183, 181, 177, 175, 180,
    185, 192, 200, 204, 209, 208, 211, 208, 208, 207, 208, 212, 209, 209,
    208, 205, 205, 204, 204, 205, 205, 200, 203, 201, 203, 202, 203, 202,
    201, 200, 198, 202, 197, 200, 197 ]
RHandPositionsY: [ 97, 95, 101, 114, 114, 112, 121, 110, 101, 102, 101,
    98, 98, 103, 111, 122, 123, 121, 123, 112, 104, 99, 102, 98, 96, 96,
    94, 101, 118, 121, 121, 121, 121, 109, 106, 106, 107, 104, 100, 100,
    114, 121, 119, 124, 127, 127, 122, 107, 107, 108, 106, 101, 101, 118,
    129, 137, 141, 147, 152, 153, 161, 164, 174, 182, 191, 199, 208, 213,
    214, 213, 219, 220, 223, 221, 225, 228, 226, 227, 226, 227, 224, 224,
    224, 226, 227, 224, 227, 226 ]
