%YAML:1.0
---
videoName: "RHShake04.mp4"
gestureLabel: 2
fps: 29
pixelSizeInCmTemp: 3.1513157894736843e-01
faceCenterPointX: 292
faceCenterPointY: 47
LHandPositionsX: [ 411, 409, 413, 411, 410, 412, 409, 412, 408, 413, 410,
    411, 412, 411, 409, 411, 410, 409, 407, 407, 411, 409, 407, 406, 407,
    406, 406, 409, 407, 407, 406, 408, 405, 408, 406, 407, 409, 405, 406,
    408, 408, 407, 407, 405, 407, 407, 406, 408, 408, 405, 406, 405, 405,
    406, 409, 405, 409, 406, 409, 407, 407, 404, 406, 405, 405, 407, 405,
    405, 406, 402, 403, 402, 403, 402, 404, 404, 405, 402, 403, 403, 403,
    403, 405, 405, 402, 405, 402, 405 ]
LHandPositionsY: [ 266, 263, 264, 262, 266, 264, 264, 261, 263, 266, 262,
    262, 261, 262, 262, 262, 261, 265, 264, 260, 260, 260, 261, 263, 260,
    263, 261, 260, 264, 260, 261, 261, 261, 264, 261, 264, 262, 264, 263,
    262, 263, 260, 260, 261, 261, 262, 264, 262, 262, 261, 262, 262, 264,
    264, 261, 264, 264, 262, 263, 262, 262, 262, 260, 263, 261, 262, 263,
    262, 258, 258, 259, 259, 262, 258, 258, 260, 262, 260, 262, 261, 259,
    258, 261, 260, 258, 257, 260, 258 ]
RHandPositionsX: [ 178, 178, 183, 182, 180, 182, 182, 178, 179, 177, 180,
    178, 179, 178, 177, 178, 177, 176, 175, 179, 179, 179, 178, 180, 179,
    176, 168, 163, 164, 166, 165, 167, 179, 189, 195, 192, 186, 181, 176,
    169, 166, 168, 174, 174, 176, 176, 181, 175, 166, 167, 164, 172, 176,
    178, 180, 179, 176, 169, 168, 169, 171, 177, 180, 184, 193, 190, 182,
    179, 175, 175, 172, 169, 172, 175, 183, 192, 192, 192, 191, 188, 188,
    187, 187, 179, 177, 176, 174, 174 ]
RHandPositionsY: [ 266, 266, 268, 268, 263, 266, 266, 263, 267, 269, 264,
    266, 266, 269, 268, 270, 267, 270, 270, 268, 271, 270, 266, 244, 223,
    194, 169, 147, 124, 125, 118, 103, 98, 100, 104, 100, 96, 97, 96, 95,
    89, 90, 97, 97, 96, 96, 96, 93, 94, 90, 93, 94, 97, 100, 96, 95, 97,
    96, 94, 93, 90, 96, 98, 96, 94, 93, 94, 97, 95, 94, 96, 96, 102, 105,
    119, 134, 141, 151, 162, 181, 195, 213, 221, 229, 234, 246, 250, 251 ]
