%YAML:1.0
---
videoName: "RHShake22.mp4"
gestureLabel: 2
fps: 29
pixelSizeInCmTemp: 3.3263888888888887e-01
faceCenterPointX: 290
faceCenterPointY: 48
LHandPositionsX: [ 392, 393, 396, 394, 395, 394, 394, 393, 395, 396, 394,
    395, 393, 394, 396, 392, 393, 393, 394, 395, 396, 393, 395, 393, 392,
    396, 393, 394, 392, 394, 393, 393, 394, 396, 395, 394, 396, 393, 394,
    394, 392, 393, 395, 396, 392, 392, 393, 394, 396, 394, 392, 393, 393,
    395, 393, 395, 392, 393, 396, 396, 392, 392, 395, 396, 395, 395, 392,
    392, 393, 392, 392, 392, 392, 396, 395, 393, 394, 392, 396, 392, 393,
    393, 395, 395, 395, 393, 393, 395 ]
LHandPositionsY: [ 233, 234, 234, 232, 231, 230, 232, 232, 233, 234, 230,
    234, 231, 230, 234, 230, 232, 234, 232, 234, 232, 233, 232, 233, 231,
    231, 232, 234, 234, 232, 231, 231, 232, 234, 233, 233, 234, 234, 230,
    233, 234, 233, 232, 232, 230, 230, 230, 233, 231, 231, 230, 230, 233,
    233, 233, 232, 233, 234, 234, 232, 232, 233, 230, 230, 233, 230, 231,
    230, 231, 234, 232, 231, 234, 231, 231, 230, 232, 231, 230, 234, 233,
    233, 231, 232, 232, 234, 233, 231 ]
RHandPositionsX: [ 148, 136, 131, 130, 131, 134, 144, 158, 164, 164, 167,
    164, 160, 160, 153, 147, 145, 146, 146, 156, 164, 173, 169, 169, 169,
    163, 164, 156, 154, 153, 154, 159, 168, 174, 173, 172, 172, 170, 166,
    161, 158, 159, 160, 165, 172, 173, 176, 173, 170, 168, 161, 158, 153,
    155, 159, 162, 172, 177, 177, 181, 179, 175, 167, 161, 156, 152, 153,
    158, 169, 177, 175, 179, 178, 179, 178, 182, 181, 181, 184, 183, 190,
    190, 189, 188, 190, 188, 189, 188 ]
RHandPositionsY: [ 142, 115, 102, 102, 97, 89, 81, 83, 89, 93, 93, 88,
    85, 81, 81, 79, 80, 78, 75, 84, 91, 95, 96, 95, 94, 87, 86, 83, 82,
    79, 82, 90, 92, 99, 102, 100, 96, 93, 90, 85, 84, 83, 86, 89, 94,
    100, 102, 100, 96, 90, 92, 89, 90, 84, 86, 82, 91, 102, 104, 105,
    101, 96, 92, 90, 91, 90, 92, 90, 92, 104, 106, 113, 116, 118, 122,
    127, 139, 150, 161, 169, 180, 191, 198, 207, 215, 218, 225, 224 ]
