%YAML:1.0
---
videoName: "RHShake20.mp4"
gestureLabel: 2
fps: 29
pixelSizeInCmTemp: 3.3263888888888887e-01
faceCenterPointX: 286
faceCenterPointY: 45
LHandPositionsX: [ 391, 390, 394, 392, 391, 391, 391, 393, 394, 392, 392,
    391, 390, 393, 391, 392, 392, 390, 391, 394, 391, 394, 393, 392, 391,
    394, 392, 390, 390, 392, 394, 390, 390, 390, 390, 393, 390, 391, 390,
    390, 390, 390, 391, 393, 392, 390, 391, 390, 391, 390, 391, 391, 392,
    394, 393, 390, 392, 394, 392, 394, 392, 394, 394, 390, 390, 392, 394,
    392, 394, 394, 391, 392, 393, 391, 391, 394, 393, 391, 390, 390, 390,
    392, 394, 393, 392, 393, 393, 394 ]
LHandPositionsY: [ 245, 242, 245, 246, 242, 242, 242, 243, 244, 242, 240,
    240, 242, 239, 242, 242, 241, 241, 240, 243, 240, 241, 242, 242, 241,
    242, 241, 239, 242, 241, 239, 242, 243, 240, 241, 241, 239, 239, 239,
    243, 241, 242, 243, 242, 240, 242, 241, 239, 240, 239, 240, 241, 240,
    242, 240, 241, 243, 241, 241, 240, 240, 241, 239, 241, 243, 240, 242,
    239, 243, 242, 242, 240, 240, 239, 241, 241, 243, 240, 240, 239, 240,
    242, 240, 242, 243, 239, 240, 239 ]
RHandPositionsX: [ 162, 163, 161, 155, 154, 153, 150, 155, 158, 157, 159,
    158, 157, 156, 150, 151, 150, 148, 158, 163, 164, 163, 156, 152, 153,
    155, 151, 151, 158, 162, 163, 159, 159, 154, 158, 153, 150, 148, 158,
    166, 166, 164, 167, 162, 159, 151, 152, 150, 157, 163, 168, 165, 166,
    168, 168, 169, 163, 165, 161, 158, 162, 167, 173, 177, 182, 183, 187,
    188, 188, 181, 185, 181, 178, 177, 178, 177, 179, 179, 179, 176, 179,
    178, 180, 177, 179, 176, 180, 178 ]
RHandPositionsY: [ 108, 107, 104, 104, 100, 99, 99, 97, 101, 102, 103,
    100, 96, 98, 95, 99, 98, 104, 113, 112, 116, 113, 113, 108, 107, 108,
    107, 111, 118, 117, 119, 113, 112, 110, 105, 106, 104, 105, 112, 122,
    121, 122, 120, 117, 117, 115, 113, 110, 111, 118, 126, 125, 123, 127,
    121, 119, 114, 114, 113, 110, 117, 122, 129, 135, 144, 153, 164, 178,
    186, 192, 199, 209, 221, 225, 234, 232, 239, 238, 240, 243, 244, 246,
    247, 243, 244, 245, 243, 243 ]
