%YAML:1.0
---
videoName: "RHShake16.mp4"
gestureLabel: 2
fps: 29
pixelSizeInCmTemp: 3.2808219178082193e-01
faceCenterPointX: 281
faceCenterPointY: 44
LHandPositionsX: [ 371, 369, 372, 371, 371, 369, 370, 369, 369, 369, 372,
    369, 369, 370, 373, 373, 371, 373, 372, 370, 371, 373, 371, 373, 372,
    369, 373, 371, 371, 371, 370, 370, 370, 372, 372, 371, 370, 371, 370,
    369, 372, 372, 373, 370, 372, 370, 371, 369, 371, 370, 370, 369, 370,
    369, 372, 371, 371, 372, 370, 372, 372, 369, 371, 373, 371, 373, 369,
    370, 372, 369, 369, 373, 369, 371, 371, 371, 371, 370, 371, 371, 371,
    370, 372, 371, 373, 369, 371, 369 ]
LHandPositionsY: [ 231, 232, 233, 234, 233, 234, 232, 234, 233, 234, 231,
    231, 232, 230, 234, 232, 231, 231, 230, 230, 234, 233, 234, 232, 231,
    231, 232, 230, 233, 231, 231, 233, 231, 231, 232, 232, 230, 230, 231,
    234, 233, 233, 232, 232, 230, 233, 231, 230, 230, 233, 231, 231, 233,
    232, 231, 231, 232, 229, 230, 231, 231, 233, 231, 233, 230, 231, 232,
    230, 232, 229, 231, 232, 231, 233, 229, 231, 230, 232, 233, 230, 231,
    229, 231, 230, 229, 232, 231, 232 ]
RHandPositionsX: [ 170, 168, 168, 169, 171, 167, 169, 168, 168, 171, 168,
    169, 169, 171, 169, 171, 168, 169, 161, 156, 152, 149, 136, 132, 124,
    124, 115, 120, 123, 123, 126, 132, 136, 143, 146, 140, 136, 135, 137,
    139, 142, 144, 147, 151, 149, 149, 149, 149, 144, 149, 149, 151, 154,
    148, 146, 146, 149, 143, 149, 150, 152, 157, 156, 152, 156, 150, 148,
    151, 150, 160, 167, 169, 175, 177, 176, 176, 174, 172, 171, 172, 173,
    172, 170, 170, 168, 171, 169, 168 ]
RHandPositionsY: [ 267, 269, 267, 266, 266, 269, 269, 267, 265, 267, 269,
    269, 269, 269, 265, 265, 266, 265, 254, 241, 220, 199, 180, 162, 146,
    132, 117, 113, 112, 107, 107, 104, 98, 95, 97, 93, 90, 88, 91, 90,
    90, 89, 90, 90, 86, 87, 84, 85, 85, 89, 90, 86, 89, 88, 85, 86, 86,
    85, 86, 91, 93, 91, 88, 86, 88, 88, 89, 93, 101, 119, 135, 148, 159,
    171, 186, 191, 197, 201, 211, 217, 224, 221, 224, 235, 239, 236, 238,
    238 ]
