%YAML:1.0
---
videoName: "RHShake15.mp4"
gestureLabel: 2
fps: 29
pixelSizeInCmTemp: 3.2808219178082193e-01
faceCenterPointX: 279
faceCenterPointY: 41
LHandPositionsX: [ 368, 370, 370, 371, 369, 370, 370, 371, 372, 371, 371,
    370, 368, 371, 368, 368, 372, 369, 371, 370, 369, 368, 368, 369, 370,
    369, 369, 370, 372, 369, 372, 370, 369, 369, 371, 370, 368, 369, 368,
    368, 370, 370, 369, 368, 371, 370, 369, 372, 370, 372, 370, 371, 370,
    372, 372, 371, 368, 370, 369, 370, 371, 371, 372, 372, 369, 370, 368,
    370, 369, 370, 371, 369, 369, 369, 370, 368, 370, 372, 371, 372, 369,
    369, 370, 372, 372, 370, 370, 372 ]
LHandPositionsY: [ 233, 236, 233, 236, 232, 236, 232, 236, 235, 234, 236,
    233, 235, 232, 233, 235, 232, 234, 235, 233, 233, 233, 236, 233, 232,
    235, 235, 234, 233, 234, 235, 232, 236, 233, 234, 235, 236, 232, 236,
    235, 232, 233, 234, 234, 232, 235, 235, 234, 234, 231, 235, 233, 233,
    232, 234, 231, 232, 231, 232, 235, 235, 231, 233, 234, 235, 235, 235,
    232, 233, 231, 231, 233, 232, 234, 234, 232, 235, 234, 235, 235, 235,
    231, 233, 234, 233, 234, 234, 231 ]
RHandPositionsX: [ 136, 125, 113, 111, 111, 108, 106, 103, 108, 110, 110,
    114, 114, 112, 110, 112, 115, 111, 106, 109, 116, 115, 117, 114, 112,
    107, 111, 111, 109, 109, 116, 117, 115, 117, 111, 112, 110, 112, 113,
    117, 111, 109, 117, 115, 123, 119, 121, 124, 120, 121, 116, 121, 125,
    127, 125, 124, 128, 127, 122, 119, 122, 123, 130, 135, 137, 142, 139,
    139, 140, 142, 144, 147, 149, 153, 156, 156, 160, 157, 158, 161, 161,
    161, 161, 157, 161, 158, 158, 161 ]
RHandPositionsY: [ 192, 174, 153, 143, 144, 140, 132, 127, 121, 117, 109,
    109, 103, 101, 97, 95, 95, 95, 93, 93, 93, 94, 93, 95, 94, 94, 94,
    95, 94, 98, 100, 102, 105, 101, 104, 104, 103, 102, 103, 104, 107,
    108, 108, 112, 109, 106, 102, 107, 105, 105, 107, 107, 109, 115, 116,
    112, 112, 111, 110, 109, 112, 121, 126, 138, 150, 166, 170, 183, 191,
    201, 211, 218, 228, 237, 241, 241, 248, 244, 249, 248, 245, 245, 248,
    248, 249, 248, 245, 248 ]
