%YAML:1.0
---
videoName: "RHShake15.mp4"
gestureLabel: 2
fps: 29
pixelSizeInCmTemp: 3.2808219178082193e-01
faceCenterPointX: 279
faceCenterPointY: 41
LHandPositionsX: [ 370, 368, 371, 372, 369, 372, 369, 371, 370, 369, 370,
    369, 370, 370, 372, 368, 368, 369, 369, 371, 369, 372, 370, 368, 369,
    371, 372, 371, 372, 368, 370, 371, 370, 369, 368, 369, 368, 371, 369,
    369, 370, 369, 369, 372, 369, 371, 372, 369, 372, 371, 370, 368, 372,
    371, 371, 371, 369, 372, 372, 371, 372, 371, 369, 370, 370, 369, 368,
    371, 370, 368, 369, 371, 370, 370, 372, 368, 371, 369, 369, 372, 370,
    372, 372, 371, 368, 370, 368, 370 ]
LHandPositionsY: [ 234, 233, 232, 232, 232, 235, 233, 236, 232, 235, 233,
    234, 233, 233, 236, 234, 236, 234, 232, 232, 235, 236, 236, 236, 235,
    235, 234, 235, 236, 236, 236, 235, 234, 233, 233, 232, 236, 236, 232,
    232, 236, 236, 235, 232, 235, 234, 231, 233, 231, 231, 234, 231, 231,
    233, 231, 232, 235, 235, 234, 233, 232, 235, 232, 232, 234, 235, 233,
    234, 231, 233, 234, 233, 234, 235, 231, 233, 232, 234, 231, 234, 233,
    234, 232, 235, 232, 235, 234, 234 ]
RHandPositionsX: [ 138, 125, 113, 112, 111, 111, 108, 106, 109, 111, 113,
    117, 113, 112, 111, 111, 114, 107, 108, 107, 114, 118, 116, 114, 109,
    107, 112, 109, 108, 105, 112, 116, 116, 116, 111, 109, 108, 109, 111,
    115, 113, 109, 118, 116, 121, 120, 118, 126, 121, 121, 116, 121, 124,
    127, 125, 128, 125, 126, 121, 119, 121, 124, 129, 135, 141, 143, 139,
    136, 138, 142, 146, 149, 151, 155, 159, 156, 158, 160, 157, 161, 159,
    159, 157, 159, 159, 157, 157, 161 ]
RHandPositionsY: [ 193, 170, 157, 143, 144, 141, 133, 129, 119, 115, 109,
    107, 101, 97, 97, 97, 94, 92, 92, 95, 95, 93, 91, 93, 95, 96, 96, 96,
    92, 97, 97, 104, 102, 101, 102, 100, 102, 101, 105, 106, 106, 108,
    108, 110, 110, 107, 102, 105, 107, 105, 105, 109, 113, 111, 117, 114,
    113, 109, 108, 110, 112, 120, 124, 136, 149, 163, 173, 183, 192, 203,
    207, 219, 228, 234, 240, 241, 248, 245, 246, 247, 245, 245, 245, 249,
    246, 249, 249, 246 ]
