%YAML:1.0
---
videoName: "RHShake21.mp4"
gestureLabel: 2
fps: 29
pixelSizeInCmTemp: 3.3732394366197183e-01
faceCenterPointX: 293
faceCenterPointY: 47
LHandPositionsX: [ 398, 394, 396, 398, 397, 396, 397, 397, 396, 397, 396,
    398, 394, 394, 398, 397, 398, 398, 398, 397, 397, 397, 398, 394, 395,
    394, 396, 394, 398, 394, 394, 396, 395, 397, 397, 398, 398, 396, 396,
    398, 398, 398, 398, 397, 398, 394, 395, 398, 397, 394, 398, 395, 398,
    395, 396, 394, 397, 398, 398, 397, 396, 398, 398, 394, 398, 394, 395,
    394, 398, 396, 395, 394, 397, 395, 395, 396, 398, 397, 396, 397, 396,
    395, 396, 396, 396, 398, 395, 398 ]
LHandPositionsY: [ 241, 242, 242, 240, 242, 242, 242, 239, 241, 241, 239,
    238, 242, 240, 239, 241, 238, 238, 238, 238, 241, 240, 241, 242, 240,
    240, 240, 242, 241, 240, 238, 242, 242, 239, 238, 239, 239, 240, 240,
    242, 239, 241, 242, 239, 239, 240, 240, 241, 241, 242, 238, 241, 241,
    240, 242, 240, 241, 239, 242, 242, 239, 241, 241, 241, 242, 240, 239,
    241, 238, 242, 242, 240, 238, 239, 242, 240, 239, 242, 239, 242, 242,
    242, 238, 239, 240, 240, 242, 241 ]
RHandPositionsX: [ 134, 140, 144, 142, 145, 148, 146, 142, 136, 136, 136,
    141, 143, 150, 150, 147, 147, 146, 140, 140, 134, 134, 137, 147, 146,
    149, 152, 150, 148, 142, 141, 139, 136, 140, 140, 146, 152, 151, 150,
    147, 143, 139, 139, 133, 138, 139, 146, 150, 148, 152, 145, 144, 138,
    137, 134, 134, 138, 147, 154, 164, 168, 179, 176, 180, 180, 182, 185,
    187, 186, 187, 190, 190, 186, 186, 190, 186, 189, 187, 189, 187, 187,
    185, 189, 186, 189, 186, 185, 185 ]
RHandPositionsY: [ 83, 87, 88, 88, 90, 86, 85, 83, 81, 81, 79, 87, 90,
    90, 92, 91, 93, 88, 86, 87, 85, 85, 83, 89, 90, 92, 92, 93, 90, 87,
    85, 87, 85, 87, 87, 90, 91, 96, 93, 92, 89, 87, 89, 84, 83, 92, 98,
    96, 100, 100, 95, 94, 95, 91, 92, 92, 97, 106, 114, 128, 140, 149,
    152, 150, 161, 168, 179, 189, 200, 208, 217, 215, 218, 224, 226, 226,
    225, 228, 232, 227, 227, 227, 227, 230, 228, 229, 228, 231 ]
