%YAML:1.0
---
videoName: "RHShake21.mp4"
gestureLabel: 2
fps: 29
pixelSizeInCmTemp: 3.3732394366197183e-01
faceCenterPointX: 293
faceCenterPointY: 47
LHandPositionsX: [ 395, 395, 398, 396, 396, 398, 395, 397, 395, 397, 398,
    395, 394, 394, 397, 396, 397, 398, 398, 397, 397, 397, 396, 398, 398,
    394, 395, 395, 398, 395, 397, 396, 395, 394, 396, 398, 394, 398, 394,
    396, 395, 395, 396, 398, 398, 398, 395, 398, 396, 397, 394, 397, 396,
    395, 396, 397, 396, 396, 398, 394, 397, 398, 397, 395, 397, 396, 394,
    397, 396, 397, 395, 397, 398, 396, 397, 395, 397, 396, 398, 398, 395,
    394, 394, 395, 396, 398, 395, 397 ]
LHandPositionsY: [ 238, 241, 239, 241, 240, 240, 239, 238, 242, 239, 240,
    240, 240, 241, 241, 239, 239, 238, 240, 240, 240, 242, 240, 241, 241,
    238, 239, 242, 239, 238, 239, 242, 241, 240, 242, 241, 242, 242, 240,
    240, 241, 242, 238, 238, 240, 240, 242, 239, 242, 239, 240, 239, 238,
    241, 240, 240, 238, 240, 239, 242, 239, 240, 239, 239, 242, 239, 241,
    239, 241, 240, 238, 238, 242, 242, 240, 242, 239, 240, 238, 240, 238,
    241, 239, 241, 241, 240, 239, 240 ]
RHandPositionsX: [ 134, 142, 140, 144, 144, 148, 142, 142, 138, 132, 136,
    143, 143, 149, 148, 148, 149, 145, 137, 136, 135, 135, 140, 146, 149,
    149, 149, 152, 146, 145, 141, 138, 137, 137, 141, 147, 151, 152, 152,
    144, 143, 135, 135, 134, 137, 139, 144, 146, 149, 150, 149, 142, 139,
    136, 134, 137, 139, 148, 152, 164, 169, 177, 178, 178, 183, 183, 189,
    188, 188, 187, 192, 191, 185, 186, 190, 186, 187, 189, 185, 188, 186,
    187, 187, 187, 187, 188, 186, 186 ]
RHandPositionsY: [ 80, 88, 86, 91, 90, 87, 83, 80, 81, 83, 81, 84, 91,
    92, 91, 94, 89, 88, 85, 85, 83, 84, 81, 89, 91, 91, 91, 94, 91, 86,
    85, 83, 82, 85, 88, 90, 94, 94, 93, 92, 87, 88, 88, 87, 85, 91, 97,
    99, 97, 98, 96, 94, 93, 92, 90, 91, 97, 106, 113, 126, 138, 149, 151,
    150, 159, 168, 181, 190, 199, 210, 216, 215, 221, 226, 224, 228, 226,
    230, 231, 230, 231, 231, 230, 227, 228, 228, 229, 228 ]
