%YAML:1.0
---
videoName: "RHShake02.mp4"
gestureLabel: 2
fps: 29
pixelSizeInCmTemp: 3.1933333333333330e-01
faceCenterPointX: 291
faceCenterPointY: 51
LHandPositionsX: [ 408, 409, 406, 408, 406, 405, 407, 406, 405, 409, 407,
    405, 409, 406, 405, 405, 406, 404, 407, 405, 405, 406, 404, 405, 407,
    406, 405, 404, 405, 405, 402, 403, 403, 401, 401, 405, 403, 402, 401,
    403, 400, 402, 404, 403, 403, 400, 399, 402, 400, 401, 401, 397, 398,
    397, 399, 399, 399, 400, 400, 399, 400, 399, 400, 396, 397, 395, 397,
    399, 399, 396, 399, 396, 398, 397, 399, 399, 396, 395, 399, 396, 399,
    396, 397, 396, 397, 396, 398, 396 ]
LHandPositionsY: [ 262, 262, 263, 261, 262, 263, 262, 263, 262, 261, 261,
    264, 265, 261, 265, 263, 263, 261, 262, 260, 262, 263, 261, 260, 263,
    261, 264, 260, 260, 264, 262, 262, 263, 261, 263, 260, 261, 262, 263,
    263, 260, 263, 264, 260, 262, 262, 262, 262, 263, 263, 261, 264, 262,
    260, 264, 264, 262, 262, 263, 263, 261, 264, 262, 262, 261, 262, 262,
    262, 261, 264, 262, 263, 264, 261, 262, 262, 260, 263, 260, 261, 260,
    263, 262, 261, 260, 262, 260, 260 ]
RHandPositionsX: [ 172, 171, 174, 175, 170, 170, 174, 171, 171, 173, 170,
    173, 170, 170, 172, 171, 174, 170, 173, 173, 173, 173, 170, 172, 175,
    174, 176, 178, 176, 173, 166, 160, 162, 155, 148, 156, 161, 177, 184,
    180, 181, 178, 169, 166, 161, 159, 160, 170, 179, 183, 192, 186, 181,
    178, 167, 169, 162, 167, 176, 183, 185, 184, 181, 175, 177, 172, 169,
    167, 170, 175, 185, 192, 195, 202, 200, 197, 195, 183, 184, 180, 179,
    177, 175, 175, 177, 175, 174, 173 ]
RHandPositionsY: [ 267, 266, 266, 264, 264, 265, 267, 264, 266, 264, 266,
    267, 266, 267, 267, 266, 263, 263, 267, 263, 265, 263, 266, 264, 264,
    268, 263, 249, 228, 208, 188, 168, 144, 121, 110, 100, 99, 94, 100,
    97, 94, 93, 89, 90, 86, 88, 89, 91, 95, 96, 98, 95, 92, 92, 88, 85,
    85, 92, 95, 98, 97, 99, 97, 98, 93, 94, 93, 91, 93, 96, 104, 117,
    129, 145, 159, 176, 191, 210, 224, 230, 239, 243, 242, 252, 249, 252,
    253, 254 ]
