%YAML:1.0
---
videoName: "RHShake22.mp4"
gestureLabel: 2
fps: 29
pixelSizeInCmTemp: 3.3263888888888887e-01
faceCenterPointX: 290
faceCenterPointY: 48
LHandPositionsX: [ 395, 394, 394, 396, 394, 395, 396, 395, 396, 394, 393,
    392, 393, 395, 395, 394, 393, 394, 395, 395, 395, 395, 396, 395, 393,
    392, 394, 394, 396, 395, 394, 396, 392, 394, 392, 395, 392, 395, 396,
    392, 396, 393, 396, 394, 392, 393, 393, 395, 395, 392, 393, 396, 395,
    393, 393, 395, 396, 395, 395, 394, 395, 395, 396, 396, 396, 393, 396,
    394, 395, 395, 394, 393, 392, 395, 392, 395, 395, 393, 394, 392, 396,
    393, 392, 396, 392, 396, 392, 394 ]
LHandPositionsY: [ 234, 232, 234, 233, 232, 233, 234, 230, 230, 231, 234,
    232, 232, 231, 233, 233, 230, 230, 231, 231, 233, 233, 234, 233, 233,
    230, 231, 233, 234, 234, 230, 231, 232, 232, 234, 230, 230, 230, 233,
    230, 230, 231, 231, 231, 232, 233, 230, 233, 230, 231, 230, 230, 230,
    230, 231, 232, 230, 232, 233, 232, 234, 233, 230, 230, 233, 232, 230,
    231, 232, 233, 233, 234, 230, 230, 231, 234, 232, 230, 232, 233, 233,
    233, 234, 231, 230, 231, 231, 234 ]
RHandPositionsX: [ 147, 139, 131, 128, 132, 138, 144, 159, 167, 167, 167,
    164, 159, 158, 151, 146, 144, 146, 144, 154, 164, 171, 170, 169, 167,
    165, 164, 155, 157, 155, 151, 159, 168, 171, 174, 170, 172, 169, 166,
    162, 158, 160, 158, 165, 170, 172, 173, 174, 173, 168, 160, 157, 152,
    156, 158, 165, 171, 178, 179, 178, 175, 172, 167, 164, 157, 152, 155,
    157, 166, 178, 175, 178, 180, 181, 182, 178, 182, 184, 184, 184, 187,
    191, 188, 188, 190, 190, 189, 191 ]
RHandPositionsY: [ 141, 115, 101, 99, 94, 92, 85, 87, 90, 90, 93, 89, 86,
    78, 79, 77, 78, 74, 74, 83, 88, 93, 98, 94, 92, 89, 84, 83, 82, 80,
    82, 89, 91, 97, 100, 102, 92, 92, 87, 85, 87, 83, 86, 90, 93, 101,
    104, 98, 94, 89, 88, 89, 90, 85, 83, 82, 90, 102, 100, 105, 98, 95,
    92, 93, 90, 93, 93, 87, 89, 102, 106, 111, 114, 119, 121, 127, 138,
    151, 158, 171, 180, 193, 200, 205, 215, 217, 225, 225 ]
