%YAML:1.0
---
videoName: "RHShake10.mp4"
gestureLabel: 2
fps: 29
pixelSizeInCmTemp: 3.1933333333333330e-01
faceCenterPointX: 295
faceCenterPointY: 45
LHandPositionsX: [ 338, 342, 342, 340, 338, 339, 335, 337, 332, 329, 331,
    332, 328, 329, 325, 327, 326, 329, 326, 329, 326, 327, 329, 329, 327,
    327, 326, 326, 329, 329, 330, 327, 329, 330, 326, 329, 329, 329, 329,
    329, 329, 328, 328, 326, 330, 330, 328, 330, 330, 326, 327, 327, 330,
    328, 329, 327, 326, 329, 328, 328, 327, 327, 326, 326, 330, 326, 327,
    327, 326, 326, 326, 329, 326, 328, 330, 327, 331, 329, 330, 330, 331,
    329, 328, 330, 329, 327, 328, 330 ]
LHandPositionsY: [ 262, 266, 268, 265, 265, 269, 270, 268, 270, 268, 268,
    269, 272, 270, 273, 270, 270, 274, 272, 271, 274, 272, 273, 273, 274,
    274, 273, 270, 270, 273, 271, 273, 270, 269, 271, 270, 270, 271, 271,
    269, 269, 271, 269, 272, 269, 269, 269, 270, 268, 269, 272, 272, 271,
    270, 272, 272, 269, 269, 268, 269, 272, 271, 272, 271, 269, 269, 272,
    268, 270, 272, 271, 268, 271, 271, 270, 267, 270, 269, 268, 270, 270,
    270, 269, 268, 270, 270, 270, 269 ]
RHandPositionsX: [ 262, 259, 264, 260, 263, 262, 261, 263, 257, 261, 262,
    258, 259, 261, 258, 260, 259, 255, 262, 251, 241, 224, 202, 181, 165,
    156, 134, 138, 137, 138, 145, 151, 153, 161, 166, 163, 158, 160, 158,
    158, 165, 172, 180, 179, 174, 177, 172, 168, 170, 168, 173, 185, 190,
    194, 193, 184, 179, 175, 174, 180, 178, 189, 191, 193, 190, 181, 176,
    175, 177, 181, 176, 193, 198, 205, 214, 217, 228, 232, 236, 246, 253,
    254, 252, 258, 260, 263, 262, 261 ]
RHandPositionsY: [ 268, 265, 263, 267, 263, 266, 264, 264, 266, 268, 264,
    265, 268, 268, 269, 269, 269, 266, 265, 255, 243, 228, 211, 190, 170,
    152, 131, 113, 114, 96, 90, 87, 88, 87, 88, 85, 80, 76, 76, 80, 78,
    81, 89, 84, 81, 77, 79, 77, 78, 81, 83, 86, 89, 93, 86, 83, 83, 85,
    82, 86, 90, 94, 90, 93, 88, 87, 81, 83, 84, 88, 93, 104, 128, 144,
    161, 178, 198, 214, 229, 244, 260, 260, 259, 265, 267, 267, 265, 269 ]
