%YAML:1.0
---
videoName: "RHShake21.mp4"
gestureLabel: 2
fps: 29
pixelSizeInCmTemp: 3.3732394366197183e-01
faceCenterPointX: 293
faceCenterPointY: 47
LHandPositionsX: [ 396, 396, 396, 395, 396, 395, 395, 397, 394, 397, 395,
    398, 394, 397, 395, 395, 394, 394, 394, 396, 396, 395, 398, 395, 397,
    396, 395, 396, 396, 394, 394, 396, 395, 395, 394, 398, 398, 395, 396,
    398, 395, 397, 394, 394, 394, 397, 395, 395, 394, 395, 396, 395, 394,
    398, 394, 396, 395, 397, 397, 395, 397, 394, 395, 397, 394, 397, 398,
    398, 398, 397, 395, 394, 398, 396, 397, 395, 398, 395, 397, 396, 396,
    395, 395, 394, 394, 395, 398, 394 ]
LHandPositionsY: [ 238, 241, 242, 241, 241, 239, 242, 239, 242, 239, 241,
    240, 239, 242, 240, 239, 241, 238, 240, 241, 240, 241, 242, 240, 238,
    241, 239, 241, 239, 239, 240, 241, 238, 240, 239, 240, 241, 239, 242,
    241, 241, 239, 242, 242, 238, 240, 240, 239, 240, 239, 239, 240, 239,
    239, 240, 241, 241, 239, 239, 240, 238, 238, 241, 241, 242, 239, 242,
    238, 240, 239, 241, 241, 242, 238, 238, 240, 241, 238, 241, 238, 239,
    240, 242, 240, 240, 239, 240, 239 ]
RHandPositionsX: [ 135, 140, 141, 145, 145, 147, 146, 142, 136, 132, 133,
    139, 143, 150, 151, 147, 145, 142, 139, 136, 135, 134, 140, 145, 146,
    148, 149, 150, 145, 146, 139, 138, 136, 138, 139, 144, 149, 154, 152,
    145, 144, 139, 137, 135, 139, 139, 144, 148, 151, 150, 148, 145, 137,
    136, 133, 137, 139, 147, 152, 162, 172, 179, 178, 181, 183, 185, 189,
    186, 189, 186, 188, 187, 185, 187, 186, 189, 186, 186, 188, 187, 189,
    185, 185, 185, 189, 187, 187, 189 ]
RHandPositionsY: [ 80, 88, 87, 89, 87, 85, 83, 81, 81, 80, 80, 87, 88,
    91, 92, 92, 90, 86, 85, 86, 87, 81, 84, 85, 88, 93, 92, 92, 88, 85,
    85, 86, 85, 86, 87, 87, 94, 92, 92, 91, 87, 89, 89, 85, 85, 93, 96,
    96, 100, 98, 97, 95, 92, 94, 94, 89, 93, 107, 116, 125, 139, 151,
    151, 150, 162, 169, 178, 188, 200, 209, 213, 214, 219, 225, 225, 228,
    226, 229, 229, 229, 231, 228, 230, 229, 230, 228, 227, 228 ]
