%YAML:1.0
---
videoName: "RHShake08.mp4"
gestureLabel: 2
fps: 29
pixelSizeInCmTemp: 3.2808219178082193e-01
faceCenterPointX: 290
faceCenterPointY: 45
LHandPositionsX: [ 313, 315, 316, 314, 316, 316, 315, 312, 315, 313, 310,
    310, 312, 312, 311, 310, 310, 307, 307, 306, 306, 310, 306, 310, 310,
    307, 307, 309, 307, 306, 308, 306, 306, 310, 311, 307, 307, 310, 310,
    306, 310, 306, 310, 306, 305, 307, 309, 309, 309, 308, 309, 305, 308,
    309, 308, 306, 307, 305, 307, 305, 305, 307, 309, 306, 305, 308, 308,
    306, 306, 309, 309, 305, 307, 309, 307, 307, 308, 309, 307, 309, 305,
    309, 310, 309, 309, 307, 309, 311 ]
LHandPositionsY: [ 282, 280, 281, 279, 280, 281, 282, 281, 283, 284, 284,
    284, 283, 281, 284, 281, 284, 283, 281, 285, 283, 281, 282, 285, 283,
    281, 281, 284, 284, 284, 284, 281, 285, 283, 284, 283, 281, 285, 285,
    282, 283, 281, 284, 280, 282, 281, 283, 282, 284, 283, 280, 280, 280,
    283, 283, 282, 281, 282, 280, 284, 281, 283, 282, 284, 280, 283, 283,
    283, 284, 282, 283, 281, 283, 284, 282, 280, 281, 284, 283, 283, 280,
    284, 281, 282, 282, 283, 280, 283 ]
RHandPositionsX: [ 267, 270, 269, 272, 273, 270, 275, 275, 264, 260, 257,
    254, 252, 238, 220, 199, 187, 162, 155, 161, 166, 172, 198, 197, 203,
    198, 196, 188, 181, 179, 191, 189, 203, 198, 193, 194, 187, 182, 179,
    176, 192, 191, 187, 183, 184, 180, 176, 175, 174, 183, 186, 190, 192,
    187, 192, 189, 188, 203, 203, 216, 211, 205, 203, 198, 196, 196, 202,
    205, 216, 211, 210, 215, 222, 230, 238, 248, 253, 261, 264, 263, 265,
    268, 269, 272, 275, 275, 273, 270 ]
RHandPositionsY: [ 266, 268, 266, 267, 270, 268, 267, 269, 266, 263, 252,
    246, 230, 218, 203, 182, 174, 153, 129, 127, 114, 108, 108, 104, 108,
    106, 97, 95, 91, 94, 89, 94, 95, 97, 96, 88, 88, 86, 88, 87, 94, 95,
    91, 94, 88, 88, 86, 87, 90, 92, 96, 95, 98, 96, 91, 90, 92, 91, 98,
    94, 101, 98, 97, 93, 95, 92, 96, 98, 104, 107, 114, 123, 132, 144,
    160, 174, 192, 213, 230, 247, 258, 261, 258, 259, 261, 262, 265, 264 ]
