%YAML:1.0
---
videoName: "RHShake03.mp4"
gestureLabel: 2
fps: 29
pixelSizeInCmTemp: 3.1103896103896100e-01
faceCenterPointX: 294
faceCenterPointY: 48
LHandPositionsX: [ 412, 409, 410, 411, 410, 412, 412, 409, 411, 409, 412,
    409, 411, 409, 408, 409, 409, 408, 411, 411, 408, 409, 410, 411, 412,
    410, 408, 409, 412, 412, 408, 412, 411, 408, 408, 411, 410, 409, 409,
    408, 410, 410, 409, 412, 411, 410, 412, 409, 411, 409, 409, 412, 408,
    410, 411, 408, 411, 409, 410, 409, 411, 410, 412, 408, 409, 408, 410,
    411, 411, 412, 408, 408, 407, 409, 407, 409, 408, 408, 408, 408, 408,
    409, 408, 408, 410, 408, 411, 410 ]
LHandPositionsY: [ 262, 260, 263, 263, 264, 260, 264, 261, 262, 261, 263,
    264, 262, 260, 261, 264, 260, 262, 264, 263, 260, 262, 260, 260, 260,
    264, 263, 261, 261, 264, 263, 263, 261, 264, 260, 264, 260, 261, 263,
    261, 263, 260, 262, 260, 263, 264, 262, 261, 263, 260, 261, 262, 260,
    263, 263, 264, 262, 263, 264, 260, 261, 263, 262, 260, 262, 263, 260,
    263, 262, 264, 260, 263, 260, 263, 260, 264, 263, 260, 263, 261, 260,
    260, 263, 260, 264, 261, 263, 261 ]
RHandPositionsX: [ 181, 180, 178, 177, 178, 176, 175, 178, 176, 177, 177,
    173, 174, 176, 175, 174, 175, 175, 172, 172, 171, 175, 171, 173, 174,
    175, 172, 171, 174, 173, 174, 170, 172, 172, 165, 155, 151, 147, 149,
    152, 153, 165, 181, 183, 193, 190, 184, 176, 173, 171, 173, 180, 179,
    182, 182, 176, 170, 172, 168, 171, 177, 189, 201, 205, 197, 190, 187,
    187, 182, 184, 187, 195, 202, 208, 211, 207, 201, 198, 190, 182, 184,
    185, 181, 181, 179, 181, 183, 178 ]
RHandPositionsY: [ 257, 258, 261, 258, 261, 261, 261, 259, 260, 261, 260,
    258, 260, 258, 262, 258, 259, 262, 258, 259, 259, 261, 261, 261, 261,
    261, 261, 261, 259, 263, 265, 266, 258, 240, 219, 198, 176, 156, 146,
    130, 122, 118, 118, 119, 114, 106, 105, 100, 98, 101, 101, 104, 106,
    104, 103, 101, 101, 100, 98, 98, 102, 110, 109, 111, 108, 108, 105,
    103, 101, 101, 105, 116, 128, 141, 158, 177, 199, 210, 217, 243, 241,
    243, 242, 249, 253, 251, 252, 254 ]
