%YAML:1.0
---
videoName: "RHShake16.mp4"
gestureLabel: 2
fps: 29
pixelSizeInCmTemp: 3.2808219178082193e-01
faceCenterPointX: 281
faceCenterPointY: 44
LHandPositionsX: [ 372, 371, 369, 373, 373, 369, 371, 369, 369, 373, 370,
    370, 372, 373, 371, 373, 369, 373, 369, 373, 370, 370, 373, 369, 371,
    371, 371, 370, 371, 369, 370, 371, 370, 370, 370, 372, 371, 370, 370,
    370, 373, 369, 372, 373, 372, 369, 372, 372, 370, 372, 371, 370, 371,
    369, 372, 372, 372, 371, 369, 372, 372, 369, 369, 370, 371, 370, 373,
    373, 369, 371, 373, 373, 372, 372, 371, 373, 372, 370, 369, 373, 373,
    370, 371, 371, 369, 371, 369, 369 ]
LHandPositionsY: [ 230, 234, 234, 234, 230, 230, 231, 232, 230, 231, 231,
    230, 233, 230, 231, 232, 231, 232, 230, 233, 233, 233, 232, 232, 234,
    231, 234, 231, 233, 231, 232, 231, 232, 232, 232, 231, 233, 230, 231,
    231, 234, 233, 232, 233, 233, 234, 233, 232, 233, 230, 230, 233, 232,
    232, 229, 230, 229, 229, 231, 230, 229, 233, 231, 232, 229, 230, 230,
    231, 232, 231, 231, 231, 233, 229, 231, 232, 233, 231, 233, 233, 231,
    233, 233, 232, 233, 230, 230, 230 ]
RHandPositionsX: [ 170, 170, 171, 171, 168, 167, 168, 171, 169, 170, 171,
    169, 168, 169, 167, 170, 168, 166, 161, 156, 154, 150, 140, 133, 125,
    121, 115, 122, 125, 123, 127, 132, 138, 142, 143, 139, 136, 138, 138,
    138, 142, 145, 147, 150, 147, 147, 148, 148, 148, 148, 150, 154, 151,
    152, 149, 145, 146, 144, 147, 153, 152, 159, 154, 153, 155, 153, 149,
    154, 151, 162, 168, 170, 176, 174, 178, 176, 174, 176, 173, 170, 173,
    169, 170, 169, 170, 171, 169, 168 ]
RHandPositionsY: [ 269, 267, 265, 267, 266, 265, 269, 267, 266, 265, 267,
    267, 266, 267, 269, 269, 268, 266, 256, 244, 219, 199, 178, 160, 144,
    131, 118, 113, 111, 108, 105, 102, 98, 95, 95, 94, 90, 89, 88, 90,
    87, 92, 92, 87, 87, 85, 84, 87, 86, 88, 87, 90, 90, 89, 88, 86, 86,
    89, 88, 88, 93, 91, 90, 87, 87, 90, 91, 92, 103, 120, 133, 149, 158,
    171, 185, 191, 193, 201, 213, 219, 222, 222, 223, 233, 239, 237, 236,
    235 ]
