%YAML:1.0
---
videoName: "RHShake05.mp4"
gestureLabel: 2
fps: 30
pixelSizeInCmTemp: 3.1103896103896100e-01
faceCenterPointX: 295
faceCenterPointY: 47
LHandPositionsX: [ 409, 411, 408, 412, 410, 410, 410, 410, 409, 412, 411,
    409, 411, 409, 408, 409, 409, 411, 409, 408, 408, 411, 412, 409, 411,
    410, 412, 408, 411, 410, 412, 408, 409, 411, 410, 411, 408, 410, 412,
    408, 408, 412, 410, 408, 411, 409, 410, 410, 408, 409, 410, 410, 408,
    411, 411, 410, 408, 408, 411, 412, 411, 411, 409, 410, 412, 412, 412,
    412, 410, 411, 411, 412, 411, 408, 409, 410, 412, 409, 409, 411, 409,
    412, 412, 411, 410, 408, 410, 411, 410, 409, 412 ]
LHandPositionsY: [ 260, 258, 257, 261, 259, 258, 258, 260, 261, 257, 259,
    261, 260, 261, 258, 258, 257, 261, 257, 257, 261, 260, 259, 261, 259,
    260, 258, 258, 260, 257, 258, 260, 258, 261, 259, 259, 258, 259, 259,
    261, 259, 258, 261, 260, 258, 258, 259, 261, 261, 260, 259, 258, 260,
    257, 258, 260, 261, 257, 259, 259, 260, 259, 257, 260, 261, 261, 257,
    261, 260, 258, 257, 258, 260, 257, 260, 261, 258, 259, 261, 259, 260,
    260, 257, 261, 258, 261, 257, 260, 260, 259, 261 ]
RHandPositionsX: [ 177, 177, 173, 175, 175, 173, 176, 174, 176, 175, 175,
    172, 175, 172, 175, 173, 171, 172, 172, 170, 173, 171, 170, 175, 175,
    176, 179, 181, 171, 163, 148, 157, 152, 159, 164, 174, 189, 197, 189,
    181, 176, 171, 172, 171, 177, 178, 191, 183, 177, 172, 170, 169, 168,
    175, 179, 190, 184, 179, 172, 169, 168, 169, 175, 192, 193, 193, 188,
    179, 177, 182, 183, 177, 187, 193, 194, 191, 180, 174, 172, 173, 172,
    177, 181, 184, 189, 191, 184, 180, 180, 176, 178 ]
RHandPositionsY: [ 259, 259, 260, 261, 259, 259, 261, 258, 260, 259, 262,
    258, 262, 262, 261, 258, 259, 258, 260, 259, 261, 261, 259, 260, 260,
    253, 231, 209, 180, 156, 133, 130, 107, 91, 88, 90, 93, 93, 91, 85,
    80, 81, 80, 81, 86, 84, 81, 80, 78, 72, 76, 76, 79, 87, 86, 90, 87,
    87, 84, 82, 81, 85, 87, 92, 91, 94, 89, 84, 82, 82, 85, 84, 90, 92,
    92, 90, 87, 88, 86, 91, 112, 135, 157, 182, 205, 220, 228, 233, 242,
    249, 248 ]
