%YAML:1.0
---
videoName: "RHShake06.mp4"
gestureLabel: 2
fps: 30
pixelSizeInCmTemp: 3.2808219178082193e-01
faceCenterPointX: 293
faceCenterPointY: 43
LHandPositionsX: [ 309, 310, 307, 310, 307, 310, 307, 307, 309, 310, 307,
    310, 310, 306, 306, 310, 313, 311, 316, 315, 320, 323, 321, 323, 319,
    319, 322, 321, 320, 322, 323, 319, 326, 323, 322, 325, 323, 323, 325,
    322, 326, 322, 324, 324, 324, 322, 323, 323, 325, 325, 325, 324, 324,
    323, 323, 324, 322, 325, 326, 326, 322, 324, 323, 324, 322, 324, 325,
    322, 322, 325, 323, 325, 325, 323, 322, 323, 326, 323, 325, 322, 322,
    325, 326, 318, 317, 317, 313, 312, 311, 313, 313 ]
LHandPositionsY: [ 267, 269, 268, 266, 270, 270, 270, 268, 269, 268, 270,
    270, 266, 267, 268, 269, 268, 270, 265, 266, 264, 261, 260, 262, 261,
    260, 262, 260, 262, 258, 260, 261, 261, 261, 258, 258, 259, 262, 258,
    261, 259, 262, 261, 260, 259, 259, 260, 259, 259, 261, 261, 262, 260,
    259, 258, 259, 262, 261, 258, 262, 260, 262, 262, 258, 261, 262, 258,
    262, 258, 259, 259, 262, 258, 259, 261, 261, 261, 259, 259, 259, 258,
    258, 261, 261, 261, 266, 263, 265, 265, 265, 266 ]
RHandPositionsX: [ 290, 287, 285, 286, 286, 287, 285, 285, 288, 287, 287,
    284, 285, 285, 286, 287, 285, 285, 280, 264, 242, 224, 204, 181, 159,
    146, 139, 132, 138, 139, 142, 145, 161, 162, 161, 163, 161, 159, 158,
    159, 159, 170, 183, 187, 190, 185, 181, 174, 169, 170, 169, 168, 174,
    184, 185, 181, 180, 189, 181, 173, 171, 165, 168, 180, 179, 179, 173,
    171, 165, 162, 163, 168, 174, 181, 192, 194, 208, 223, 233, 241, 248,
    251, 252, 246, 248, 254, 254, 252, 256, 253, 255 ]
RHandPositionsY: [ 269, 267, 266, 270, 268, 269, 270, 270, 267, 266, 270,
    269, 267, 269, 270, 269, 267, 271, 267, 259, 246, 232, 218, 200, 178,
    159, 136, 124, 111, 104, 114, 119, 129, 118, 111, 105, 101, 89, 90,
    90, 92, 93, 98, 99, 97, 98, 92, 93, 90, 91, 86, 91, 92, 101, 99, 99,
    98, 101, 95, 95, 92, 91, 91, 100, 101, 100, 105, 99, 102, 105, 114,
    130, 147, 162, 178, 179, 194, 203, 217, 222, 229, 238, 237, 237, 238,
    243, 244, 242, 244, 242, 246 ]
