%YAML:1.0
---
videoName: "RHShake24.mp4"
gestureLabel: 2
fps: 30
pixelSizeInCmTemp: 3.3732394366197183e-01
faceCenterPointX: 304
faceCenterPointY: 46
LHandPositionsX: [ 389, 393, 390, 390, 393, 389, 391, 391, 390, 390, 391,
    393, 390, 391, 390, 390, 391, 389, 390, 390, 393, 391, 393, 389, 390,
    391, 392, 390, 391, 392, 392, 393, 393, 391, 391, 392, 392, 389, 390,
    389, 389, 391, 389, 390, 390, 392, 393, 389, 389, 392, 391, 393, 390,
    393, 391, 389, 389, 389, 391, 392, 390, 390, 392, 392, 390, 393, 391,
    393, 392, 392, 392, 391, 393, 391, 390, 391, 389, 390, 392, 389, 390,
    391, 391, 391, 389, 389, 389, 393, 393, 392, 391 ]
LHandPositionsY: [ 227, 228, 227, 227, 227, 227, 228, 227, 226, 229, 225,
    229, 228, 229, 229, 227, 227, 229, 227, 225, 228, 225, 227, 225, 227,
    227, 229, 225, 227, 225, 226, 227, 227, 226, 227, 227, 228, 228, 226,
    226, 228, 228, 228, 229, 226, 228, 229, 228, 227, 228, 225, 227, 227,
    228, 228, 225, 226, 225, 225, 226, 228, 226, 229, 227, 225, 226, 229,
    229, 228, 229, 227, 226, 229, 225, 228, 229, 229, 227, 229, 225, 225,
    227, 226, 226, 225, 228, 226, 227, 226, 228, 228 ]
RHandPositionsX: [ 143, 145, 149, 151, 156, 153, 153, 151, 146, 140, 136,
    135, 144, 154, 164, 162, 160, 163, 159, 155, 152, 145, 145, 142, 140,
    147, 159, 160, 161, 158, 154, 153, 151, 146, 144, 145, 149, 155, 154,
    160, 160, 162, 160, 153, 148, 143, 141, 143, 145, 150, 160, 162, 165,
    173, 170, 165, 156, 153, 151, 146, 149, 150, 151, 165, 168, 170, 172,
    170, 173, 179, 181, 182, 185, 189, 189, 190, 193, 194, 191, 191, 194,
    192, 194, 192, 196, 194, 192, 196, 193, 192, 195 ]
RHandPositionsY: [ 95, 100, 99, 100, 102, 97, 93, 91, 87, 88, 86, 84, 86,
    102, 110, 112, 112, 117, 108, 99, 96, 94, 98, 94, 93, 99, 112, 109,
    111, 114, 109, 101, 99, 97, 92, 92, 92, 95, 101, 106, 106, 115, 109,
    104, 100, 99, 99, 94, 96, 111, 118, 122, 121, 122, 121, 105, 103, 99,
    102, 101, 96, 96, 103, 111, 116, 115, 121, 121, 134, 141, 152, 154,
    151, 160, 164, 174, 179, 187, 198, 203, 211, 211, 212, 215, 219, 220,
    223, 223, 227, 228, 227 ]
