%YAML:1.0
---
videoName: "RHShake17.mp4"
gestureLabel: 2
fps: 29
pixelSizeInCmTemp: 3.3732394366197183e-01
faceCenterPointX: 282
faceCenterPointY: 40
LHandPositionsX: [ 307, 306, 306, 307, 307, 308, 307, 308, 308, 308, 306,
    308, 307, 308, 309, 309, 305, 306, 305, 308, 309, 307, 305, 308, 309,
    308, 308, 307, 306, 305, 309, 307, 306, 305, 306, 306, 308, 308, 307,
    310, 309, 309, 306, 307, 306, 310, 308, 307, 309, 306, 308, 310, 307,
    308, 311, 310, 311, 311, 311, 311, 310, 308, 308, 311, 307, 309, 311,
    311, 309, 310, 311, 309, 310, 310, 308, 308, 308, 308, 308, 308, 305,
    305, 305, 306, 308, 308, 307, 305 ]
LHandPositionsY: [ 235, 232, 233, 231, 233, 235, 233, 234, 235, 234, 232,
    231, 233, 234, 231, 233, 235, 233, 234, 232, 231, 233, 234, 232, 234,
    235, 233, 234, 233, 234, 234, 233, 233, 231, 234, 235, 231, 231, 232,
    231, 231, 235, 232, 235, 234, 235, 234, 234, 235, 232, 235, 234, 231,
    231, 234, 232, 233, 233, 231, 233, 235, 235, 234, 234, 233, 235, 231,
    231, 234, 231, 232, 234, 231, 232, 234, 234, 234, 231, 234, 231, 233,
    232, 232, 232, 235, 231, 234, 233 ]
RHandPositionsX: [ 214, 194, 175, 158, 142, 144, 143, 148, 144, 143, 146,
    151, 158, 155, 146, 147, 143, 140, 140, 148, 165, 160, 158, 151, 148,
    145, 149, 144, 147, 154, 153, 161, 162, 155, 149, 144, 142, 138, 138,
    153, 155, 153, 157, 161, 156, 153, 149, 151, 157, 157, 169, 169, 164,
    163, 160, 155, 149, 150, 146, 148, 153, 165, 171, 176, 176, 179, 178,
    176, 170, 171, 174, 173, 170, 167, 167, 167, 173, 169, 168, 170, 171,
    170, 168, 168, 167, 167, 166, 168 ]
RHandPositionsY: [ 204, 186, 168, 148, 130, 113, 110, 102, 96, 89, 95,
    92, 80, 78, 77, 74, 70, 70, 71, 71, 76, 74, 71, 72, 69, 66, 66, 68,
    68, 69, 69, 70, 64, 68, 68, 63, 66, 66, 69, 83, 80, 80, 78, 79, 78,
    75, 75, 73, 72, 74, 89, 91, 87, 84, 79, 80, 80, 77, 78, 84, 94, 106,
    121, 133, 146, 160, 170, 182, 189, 197, 206, 217, 220, 231, 234, 233,
    240, 237, 241, 240, 239, 241, 241, 240, 244, 246, 247, 244 ]
