%YAML:1.0
---
videoName: "RHShake02.mp4"
gestureLabel: 2
fps: 29
pixelSizeInCmTemp: 3.1933333333333330e-01
faceCenterPointX: 291
faceCenterPointY: 51
LHandPositionsX: [ 409, 406, 406, 407, 406, 408, 409, 409, 408, 409, 405,
    406, 409, 405, 405, 409, 404, 405, 407, 404, 405, 407, 406, 406, 405,
    407, 403, 403, 406, 405, 405, 404, 405, 405, 402, 405, 403, 403, 405,
    402, 404, 400, 401, 401, 401, 403, 402, 398, 402, 400, 399, 401, 400,
    401, 400, 397, 398, 400, 397, 398, 400, 400, 397, 400, 396, 399, 396,
    396, 395, 397, 399, 395, 396, 395, 399, 397, 397, 398, 397, 395, 399,
    397, 397, 399, 395, 398, 395, 398 ]
LHandPositionsY: [ 261, 264, 263, 261, 264, 265, 263, 264, 264, 263, 264,
    265, 265, 265, 264, 265, 263, 262, 263, 261, 264, 260, 261, 263, 264,
    260, 263, 263, 261, 262, 264, 261, 263, 264, 264, 261, 261, 262, 261,
    262, 263, 264, 260, 263, 263, 260, 264, 260, 260, 263, 263, 261, 264,
    264, 261, 263, 262, 261, 260, 261, 260, 264, 262, 263, 263, 264, 263,
    264, 262, 262, 260, 260, 262, 264, 262, 264, 262, 261, 264, 263, 263,
    260, 262, 261, 263, 260, 264, 263 ]
RHandPositionsX: [ 174, 174, 172, 174, 170, 174, 172, 170, 174, 174, 171,
    170, 172, 170, 173, 172, 170, 172, 173, 173, 171, 170, 173, 174, 175,
    173, 175, 180, 177, 174, 167, 159, 162, 155, 151, 155, 162, 177, 184,
    181, 179, 178, 172, 165, 159, 158, 159, 169, 181, 184, 193, 186, 182,
    176, 168, 165, 163, 165, 173, 184, 184, 182, 181, 175, 176, 172, 171,
    166, 168, 174, 183, 192, 196, 202, 199, 195, 193, 185, 186, 184, 178,
    176, 179, 176, 175, 173, 177, 174 ]
RHandPositionsY: [ 267, 265, 264, 264, 264, 267, 263, 264, 264, 267, 265,
    265, 265, 265, 266, 263, 264, 265, 263, 266, 263, 267, 263, 264, 266,
    267, 264, 249, 228, 207, 186, 167, 145, 125, 113, 100, 99, 93, 97,
    99, 97, 95, 93, 91, 86, 87, 90, 92, 96, 98, 98, 98, 90, 88, 84, 86,
    86, 91, 94, 101, 98, 100, 97, 97, 92, 92, 92, 95, 92, 100, 104, 118,
    130, 141, 158, 174, 193, 212, 226, 229, 239, 243, 242, 252, 252, 251,
    252, 253 ]
