%YAML:1.0
---
videoName: "RHShake12.mp4"
gestureLabel: 2
fps: 29
pixelSizeInCmTemp: 3.3732394366197183e-01
faceCenterPointX: 299
faceCenterPointY: 45
LHandPositionsX: [ 408, 407, 404, 408, 407, 404, 406, 406, 408, 407, 404,
    406, 407, 404, 407, 404, 405, 406, 404, 404, 408, 407, 407, 408, 408,
    404, 408, 406, 408, 406, 406, 407, 405, 408, 408, 408, 404, 406, 406,
    406, 404, 406, 407, 407, 404, 404, 408, 404, 404, 406, 407, 408, 405,
    406, 404, 404, 406, 408, 405, 406, 405, 404, 406, 406, 405, 406, 404,
    407, 408, 407, 405, 407, 406, 405, 406, 406, 408, 405, 408, 408, 406,
    404, 406, 408, 407, 408, 404, 404 ]
LHandPositionsY: [ 242, 241, 239, 241, 239, 241, 242, 243, 242, 239, 243,
    242, 242, 239, 242, 243, 243, 243, 242, 241, 240, 239, 241, 240, 242,
    240, 242, 243, 240, 240, 241, 243, 242, 241, 241, 240, 243, 243, 239,
    239, 239, 241, 243, 241, 239, 239, 240, 239, 240, 239, 243, 239, 243,
    242, 240, 241, 243, 239, 242, 240, 239, 241, 242, 240, 242, 242, 240,
    240, 240, 240, 242, 240, 239, 242, 243, 243, 243, 242, 241, 240, 241,
    243, 240, 239, 240, 239, 242, 240 ]
RHandPositionsX: [ 171, 164, 161, 162, 163, 171, 182, 194, 193, 196, 194,
    184, 176, 171, 172, 166, 172, 175, 188, 187, 191, 182, 181, 175, 167,
    165, 169, 177, 187, 193, 192, 193, 181, 180, 177, 176, 175, 172, 178,
    190, 198, 196, 185, 178, 174, 174, 171, 173, 179, 189, 193, 195, 197,
    191, 182, 180, 179, 176, 174, 175, 180, 192, 201, 201, 205, 200, 197,
    190, 190, 188, 186, 183, 191, 194, 197, 199, 199, 202, 201, 202, 202,
    199, 199, 197, 197, 199, 201, 198 ]
RHandPositionsY: [ 140, 128, 118, 114, 107, 94, 98, 106, 105, 112, 100,
    94, 93, 88, 88, 87, 84, 88, 103, 101, 108, 95, 93, 89, 89, 86, 85,
    90, 101, 110, 109, 108, 101, 98, 91, 93, 91, 85, 95, 114, 116, 115,
    104, 101, 94, 96, 90, 89, 94, 108, 112, 110, 113, 102, 90, 93, 89,
    92, 88, 89, 95, 110, 121, 118, 119, 120, 113, 110, 110, 111, 118,
    123, 138, 147, 158, 164, 167, 177, 185, 195, 201, 211, 215, 218, 223,
    226, 231, 231 ]
