%YAML:1.0
---
videoName: "RHShake13.mp4"
gestureLabel: 2
fps: 30
pixelSizeInCmTemp: 3.2808219178082193e-01
faceCenterPointX: 278
faceCenterPointY: 45
LHandPositionsX: [ 307, 307, 305, 309, 306, 308, 307, 305, 306, 308, 306,
    308, 308, 307, 306, 306, 309, 309, 306, 307, 305, 308, 307, 305, 308,
    307, 306, 308, 306, 309, 308, 309, 308, 306, 309, 305, 307, 307, 308,
    306, 305, 305, 307, 305, 306, 308, 307, 309, 308, 309, 305, 308, 306,
    309, 309, 306, 305, 308, 308, 306, 308, 309, 305, 308, 305, 308, 309,
    309, 307, 306, 309, 307, 310, 309, 310, 306, 307, 310, 308, 307, 304,
    302, 305, 307, 307, 306, 306, 307, 305, 305, 303 ]
LHandPositionsY: [ 246, 245, 245, 242, 245, 245, 242, 244, 245, 245, 242,
    243, 243, 244, 241, 241, 243, 242, 243, 240, 239, 243, 239, 240, 240,
    243, 241, 239, 240, 242, 243, 240, 241, 239, 240, 242, 239, 239, 239,
    239, 239, 239, 241, 242, 239, 241, 240, 241, 239, 242, 241, 240, 240,
    240, 242, 241, 242, 242, 241, 238, 239, 241, 242, 241, 242, 240, 238,
    242, 241, 240, 238, 241, 239, 237, 236, 235, 237, 234, 234, 232, 231,
    234, 236, 239, 241, 242, 242, 243, 245, 243, 247 ]
RHandPositionsX: [ 166, 152, 139, 139, 142, 140, 142, 144, 145, 148, 147,
    147, 143, 136, 136, 137, 143, 144, 147, 144, 138, 132, 131, 129, 130,
    132, 134, 136, 141, 138, 138, 133, 127, 130, 130, 133, 135, 136, 138,
    135, 135, 135, 136, 134, 138, 146, 147, 150, 148, 144, 142, 137, 134,
    138, 137, 140, 142, 141, 143, 138, 134, 134, 130, 135, 139, 142, 143,
    144, 152, 160, 168, 177, 188, 198, 213, 224, 236, 244, 252, 254, 252,
    253, 259, 258, 257, 258, 259, 258, 258, 258, 259 ]
RHandPositionsY: [ 158, 139, 120, 120, 116, 107, 104, 101, 97, 97, 92,
    90, 88, 86, 86, 86, 85, 90, 90, 88, 89, 84, 84, 87, 84, 89, 87, 88,
    89, 91, 92, 88, 87, 88, 91, 92, 93, 92, 93, 92, 88, 91, 88, 90, 89,
    95, 96, 97, 94, 94, 92, 95, 95, 93, 94, 98, 100, 101, 98, 99, 98, 94,
    96, 95, 99, 103, 109, 109, 120, 127, 136, 144, 156, 167, 177, 189,
    198, 206, 216, 215, 218, 220, 229, 236, 238, 235, 239, 238, 238, 241,
    240 ]
