%YAML:1.0
---
videoName: "RHShake09.mp4"
gestureLabel: 2
fps: 29
pixelSizeInCmTemp: 3.1103896103896100e-01
faceCenterPointX: 296
faceCenterPointY: 48
LHandPositionsX: [ 327, 325, 323, 326, 322, 323, 322, 323, 318, 319, 318,
    315, 316, 311, 314, 310, 313, 312, 312, 308, 307, 307, 309, 309, 305,
    306, 304, 305, 306, 305, 306, 308, 309, 310, 310, 311, 307, 311, 307,
    310, 310, 307, 307, 311, 309, 313, 311, 313, 312, 313, 310, 311, 313,
    312, 312, 314, 315, 315, 314, 315, 313, 313, 317, 313, 316, 314, 314,
    316, 318, 317, 315, 318, 318, 316, 314, 314, 314, 318, 317, 314, 317,
    317, 314, 318, 316, 315, 315, 318 ]
LHandPositionsY: [ 265, 268, 268, 270, 270, 271, 272, 273, 273, 272, 274,
    271, 275, 272, 274, 275, 273, 272, 275, 276, 273, 274, 276, 276, 274,
    275, 272, 272, 277, 275, 274, 273, 277, 277, 274, 273, 277, 277, 273,
    273, 274, 275, 276, 276, 273, 274, 274, 276, 274, 275, 277, 274, 274,
    275, 274, 274, 276, 274, 276, 272, 274, 274, 276, 274, 275, 274, 274,
    272, 272, 274, 276, 272, 276, 276, 276, 275, 273, 274, 272, 272, 272,
    273, 273, 275, 276, 272, 273, 274 ]
RHandPositionsX: [ 265, 264, 266, 262, 264, 264, 261, 263, 261, 261, 261,
    259, 261, 259, 261, 257, 258, 256, 256, 257, 255, 256, 254, 256, 255,
    256, 255, 257, 254, 256, 265, 262, 253, 241, 223, 202, 191, 179, 171,
    172, 174, 171, 180, 185, 186, 184, 181, 179, 178, 178, 189, 190, 188,
    198, 191, 184, 181, 174, 180, 186, 181, 186, 195, 187, 187, 181, 175,
    175, 174, 182, 185, 188, 185, 183, 178, 181, 181, 178, 184, 192, 190,
    190, 200, 203, 210, 215, 226, 237 ]
RHandPositionsY: [ 260, 266, 264, 263, 266, 267, 264, 265, 265, 269, 267,
    266, 268, 268, 265, 269, 265, 268, 268, 269, 268, 265, 269, 269, 269,
    266, 267, 268, 268, 268, 266, 257, 247, 230, 212, 195, 174, 157, 137,
    135, 115, 110, 104, 111, 109, 102, 98, 89, 90, 89, 88, 98, 97, 97,
    96, 91, 87, 90, 86, 90, 93, 96, 100, 96, 92, 84, 85, 90, 89, 98, 99,
    95, 93, 95, 93, 92, 91, 90, 98, 103, 104, 106, 124, 133, 145, 154,
    169, 188 ]
