%YAML:1.0
---
videoName: "RHShake03.mp4"
gestureLabel: 2
fps: 29
pixelSizeInCmTemp: 3.1103896103896100e-01
faceCenterPointX: 294
faceCenterPointY: 48
LHandPositionsX: [ 410, 409, 409, 409, 408, 410, 411, 410, 411, 409, 409,
    411, 410, 411, 412, 409, 412, 411, 409, 410, 412, 412, 412, 409, 412,
    412, 409, 408, 411, 411, 411, 410, 408, 408, 412, 412, 412, 409, 410,
    411, 410, 412, 411, 408, 410, 411, 412, 408, 410, 411, 411, 408, 411,
    411, 409, 409, 409, 412, 408, 411, 408, 412, 410, 409, 409, 412, 411,
    410, 410, 410, 408, 408, 409, 410, 411, 407, 409, 408, 407, 410, 408,
    411, 411, 408, 408, 410, 411, 410 ]
LHandPositionsY: [ 260, 264, 263, 260, 263, 262, 261, 263, 261, 261, 262,
    263, 262, 264, 260, 261, 263, 262, 261, 260, 261, 262, 260, 260, 264,
    261, 264, 264, 263, 261, 262, 264, 260, 263, 263, 262, 262, 261, 264,
    264, 263, 262, 261, 261, 262, 262, 261, 264, 260, 262, 260, 264, 263,
    264, 260, 261, 261, 262, 261, 263, 262, 264, 262, 262, 261, 263, 263,
    263, 261, 261, 264, 262, 264, 260, 264, 262, 262, 263, 262, 263, 260,
    262, 261, 264, 263, 264, 260, 261 ]
RHandPositionsX: [ 180, 177, 179, 177, 179, 178, 177, 176, 177, 173, 176,
    174, 172, 172, 175, 173, 173, 171, 174, 174, 174, 172, 174, 173, 172,
    171, 172, 173, 174, 174, 170, 172, 173, 171, 165, 158, 154, 149, 152,
    150, 157, 166, 178, 184, 190, 193, 182, 174, 173, 171, 172, 178, 180,
    181, 180, 174, 170, 171, 170, 174, 177, 185, 200, 207, 200, 190, 189,
    188, 182, 180, 183, 194, 203, 208, 211, 209, 200, 196, 193, 182, 185,
    185, 184, 180, 182, 181, 183, 180 ]
RHandPositionsY: [ 257, 260, 258, 259, 259, 261, 261, 259, 259, 262, 259,
    259, 262, 258, 259, 259, 258, 262, 260, 259, 260, 258, 259, 259, 262,
    259, 261, 258, 258, 259, 266, 264, 258, 241, 217, 195, 177, 157, 145,
    128, 121, 118, 120, 116, 110, 104, 103, 101, 99, 99, 104, 104, 108,
    103, 106, 100, 103, 101, 98, 97, 100, 110, 108, 110, 111, 108, 105,
    105, 100, 99, 102, 117, 126, 140, 158, 178, 200, 210, 218, 243, 241,
    246, 243, 249, 252, 254, 251, 252 ]
