%YAML:1.0
---
videoName: "RHShake01.mp4"
gestureLabel: 2
fps: 29
pixelSizeInCmTemp: 3.1513157894736843e-01
faceCenterPointX: 292
faceCenterPointY: 51
LHandPositionsX: [ 395, 392, 393, 392, 396, 392, 392, 395, 392, 396, 395,
    396, 393, 393, 394, 392, 392, 393, 395, 391, 391, 392, 393, 394, 391,
    394, 394, 393, 391, 394, 394, 391, 393, 392, 393, 395, 391, 392, 392,
    393, 395, 394, 393, 393, 393, 394, 395, 391, 395, 392, 395, 392, 392,
    393, 391, 394, 394, 393, 393, 393, 394, 391, 394, 394, 392, 394, 393,
    395, 395, 391, 395, 391, 395, 391, 395, 391, 394, 395, 394, 393, 392,
    394, 394, 391, 392, 391, 394, 391 ]
LHandPositionsY: [ 257, 254, 257, 256, 253, 254, 254, 257, 253, 256, 255,
    254, 257, 257, 253, 254, 255, 254, 254, 255, 254, 257, 256, 256, 254,
    254, 256, 254, 256, 255, 257, 255, 253, 254, 256, 254, 256, 254, 254,
    254, 253, 256, 256, 254, 253, 255, 255, 255, 254, 255, 254, 256, 255,
    255, 256, 254, 254, 253, 254, 254, 257, 257, 255, 253, 255, 257, 256,
    257, 257, 253, 254, 256, 255, 256, 254, 256, 254, 256, 254, 253, 254,
    255, 256, 257, 254, 257, 256, 253 ]
RHandPositionsX: [ 168, 167, 169, 168, 168, 170, 170, 168, 168, 171, 168,
    171, 170, 171, 170, 168, 170, 169, 169, 169, 172, 170, 168, 170, 170,
    172, 170, 176, 173, 171, 166, 162, 159, 154, 158, 163, 169, 180, 191,
    193, 190, 187, 181, 177, 174, 173, 174, 185, 196, 196, 191, 189, 182,
    177, 180, 181, 180, 182, 185, 195, 192, 196, 197, 187, 179, 176, 175,
    181, 187, 191, 194, 200, 195, 197, 195, 189, 187, 188, 186, 182, 176,
    176, 174, 174, 172, 172, 172, 172 ]
RHandPositionsY: [ 277, 276, 278, 278, 276, 279, 280, 278, 276, 276, 277,
    276, 280, 278, 279, 278, 279, 279, 276, 280, 276, 278, 279, 276, 276,
    275, 265, 246, 229, 208, 189, 170, 149, 132, 129, 116, 106, 109, 113,
    109, 107, 103, 100, 98, 99, 96, 99, 99, 101, 99, 97, 94, 95, 92, 95,
    90, 96, 98, 98, 102, 103, 99, 100, 98, 95, 94, 96, 97, 103, 108, 110,
    124, 133, 144, 160, 175, 192, 202, 203, 210, 218, 227, 234, 242, 243,
    244, 245, 246 ]
