%YAML:1.0
---
videoName: "RHShake04.mp4"
gestureLabel: 2
fps: 29
pixelSizeInCmTemp: 3.1513157894736843e-01
faceCenterPointX: 292
faceCenterPointY: 47
LHandPositionsX: [ 409, 413, 410, 413, 410, 409, 411, 410, 409, 413, 412,
    412, 410, 412, 411, 412, 409, 412, 409, 411, 409, 407, 406, 408, 406,
    409, 407, 407, 409, 409, 409, 406, 408, 406, 407, 408, 406, 407, 407,
    409, 405, 405, 407, 405, 405, 409, 406, 408, 408, 407, 405, 409, 409,
    406, 407, 405, 408, 409, 406, 409, 406, 405, 405, 405, 405, 404, 405,
    405, 402, 405, 402, 405, 404, 406, 402, 402, 402, 403, 404, 404, 402,
    405, 401, 401, 403, 401, 405, 403 ]
LHandPositionsY: [ 264, 264, 266, 263, 263, 263, 263, 263, 265, 263, 263,
    261, 261, 264, 261, 263, 263, 262, 263, 262, 260, 260, 264, 261, 264,
    260, 264, 261, 264, 261, 261, 263, 260, 261, 261, 262, 260, 263, 263,
    260, 260, 262, 262, 263, 263, 262, 260, 260, 261, 263, 261, 262, 262,
    262, 261, 260, 261, 260, 262, 260, 263, 260, 263, 260, 261, 261, 263,
    261, 262, 262, 259, 259, 262, 262, 261, 262, 260, 261, 258, 260, 258,
    257, 261, 258, 257, 261, 259, 257 ]
RHandPositionsX: [ 178, 180, 182, 181, 183, 179, 181, 181, 177, 180, 179,
    180, 180, 180, 179, 178, 178, 179, 177, 175, 177, 175, 176, 183, 183,
    176, 171, 163, 162, 162, 163, 164, 182, 187, 193, 188, 187, 181, 174,
    169, 165, 168, 170, 174, 177, 175, 179, 176, 168, 165, 165, 172, 176,
    176, 178, 178, 174, 171, 170, 171, 171, 176, 176, 184, 195, 191, 181,
    178, 171, 173, 169, 170, 174, 177, 186, 191, 193, 190, 189, 189, 185,
    189, 185, 181, 174, 176, 176, 176 ]
RHandPositionsY: [ 265, 267, 266, 265, 266, 265, 267, 266, 265, 267, 267,
    267, 266, 271, 268, 270, 269, 267, 271, 269, 272, 272, 265, 244, 222,
    194, 170, 146, 126, 122, 117, 105, 99, 101, 104, 100, 97, 95, 95, 94,
    88, 88, 94, 96, 98, 97, 94, 95, 94, 90, 95, 96, 98, 97, 98, 96, 96,
    93, 91, 89, 92, 98, 99, 99, 93, 95, 97, 95, 96, 93, 96, 97, 98, 105,
    119, 130, 144, 154, 166, 181, 195, 210, 224, 227, 234, 247, 249, 250 ]
