%YAML:1.0
---
videoName: "RHShake05.mp4"
gestureLabel: 2
fps: 30
pixelSizeInCmTemp: 3.1103896103896100e-01
faceCenterPointX: 295
faceCenterPointY: 47
LHandPositionsX: [ 408, 412, 410, 410, 409, 410, 410, 410, 411, 409, 409,
    408, 408, 409, 412, 410, 412, 411, 411, 411, 412, 409, 410, 411, 410,
    412, 408, 412, 412, 409, 411, 412, 410, 410, 412, 411, 408, 409, 410,
    412, 412, 408, 409, 409, 409, 411, 409, 412, 411, 409, 409, 412, 411,
    412, 409, 408, 410, 410, 410, 411, 410, 409, 410, 411, 412, 412, 409,
    409, 411, 410, 411, 410, 408, 410, 410, 412, 412, 412, 411, 410, 410,
    411, 411, 408, 408, 409, 411, 412, 409, 408, 410 ]
LHandPositionsY: [ 261, 259, 258, 257, 257, 258, 257, 260, 258, 260, 259,
    261, 257, 259, 259, 257, 261, 258, 257, 258, 258, 258, 258, 260, 259,
    260, 257, 257, 257, 260, 260, 257, 261, 259, 261, 258, 261, 258, 257,
    259, 259, 260, 261, 257, 258, 257, 257, 261, 257, 258, 260, 257, 259,
    261, 259, 257, 257, 259, 260, 260, 257, 259, 261, 259, 261, 261, 257,
    259, 258, 260, 258, 257, 257, 257, 259, 261, 260, 257, 259, 257, 260,
    259, 260, 257, 258, 257, 261, 257, 258, 261, 258 ]
RHandPositionsX: [ 176, 173, 176, 175, 177, 174, 176, 176, 173, 177, 175,
    174, 174, 176, 173, 172, 172, 175, 171, 171, 172, 170, 171, 176, 177,
    177, 180, 181, 175, 164, 151, 156, 153, 158, 166, 174, 187, 200, 190,
    183, 173, 171, 172, 167, 178, 179, 187, 182, 178, 172, 173, 170, 171,
    176, 178, 188, 185, 181, 173, 172, 166, 170, 173, 189, 191, 191, 187,
    182, 178, 182, 183, 180, 187, 194, 193, 190, 180, 173, 169, 174, 173,
    177, 180, 185, 188, 188, 184, 178, 176, 179, 176 ]
RHandPositionsY: [ 260, 262, 260, 260, 262, 259, 260, 258, 260, 260, 258,
    262, 260, 261, 262, 260, 261, 261, 260, 261, 259, 260, 261, 257, 260,
    252, 232, 205, 183, 154, 133, 127, 108, 92, 86, 89, 95, 92, 87, 85,
    84, 78, 79, 79, 84, 85, 83, 80, 81, 73, 73, 74, 81, 87, 85, 90, 90,
    83, 83, 84, 83, 84, 88, 92, 95, 90, 91, 86, 81, 84, 84, 86, 91, 89,
    93, 91, 88, 89, 85, 91, 113, 135, 159, 182, 205, 221, 225, 234, 243,
    248, 248 ]
