%YAML:1.0
---
videoName: "RHShake11.mp4"
gestureLabel: 2
fps: 29
pixelSizeInCmTemp: 3.3263888888888887e-01
faceCenterPointX: 274
faceCenterPointY: 53
LHandPositionsX: [ 310, 307, 307, 307, 307, 310, 308, 311, 309, 307, 309,
    307, 308, 309, 308, 308, 308, 309, 309, 308, 307, 308, 308, 310, 309,
    308, 307, 310, 308, 311, 309, 310, 308, 307, 309, 308, 310, 307, 310,
    311, 309, 309, 307, 309, 308, 309, 308, 308, 308, 311, 311, 311, 308,
    311, 308, 311, 309, 307, 309, 311, 310, 308, 308, 309, 309, 309, 311,
    308, 311, 311, 310, 308, 308, 310, 311, 306, 305, 308, 306, 303, 306,
    305, 306, 303, 305, 306, 303, 307 ]
LHandPositionsY: [ 247, 245, 248, 248, 245, 245, 247, 248, 247, 245, 247,
    247, 249, 248, 248, 248, 249, 246, 249, 247, 248, 246, 245, 246, 246,
    245, 249, 245, 248, 246, 247, 248, 248, 248, 249, 247, 245, 245, 248,
    248, 246, 246, 249, 248, 245, 247, 245, 245, 247, 249, 245, 247, 248,
    247, 245, 249, 245, 246, 249, 249, 246, 248, 245, 249, 247, 248, 247,
    246, 246, 248, 244, 243, 243, 244, 246, 244, 245, 243, 245, 247, 243,
    247, 244, 245, 244, 245, 243, 244 ]
RHandPositionsX: [ 250, 249, 247, 246, 237, 224, 212, 191, 176, 160, 148,
    139, 145, 146, 151, 158, 161, 163, 172, 172, 172, 163, 155, 152, 150,
    151, 159, 168, 167, 166, 170, 170, 164, 159, 159, 156, 152, 153, 156,
    167, 168, 166, 173, 169, 163, 159, 160, 156, 156, 160, 164, 171, 174,
    179, 175, 175, 174, 167, 167, 167, 160, 158, 159, 164, 172, 181, 191,
    208, 219, 232, 240, 249, 254, 258, 260, 258, 260, 261, 261, 258, 262,
    260, 258, 258, 262, 259, 262, 258 ]
RHandPositionsY: [ 246, 247, 246, 243, 231, 221, 206, 191, 176, 160, 142,
    129, 126, 111, 102, 101, 103, 106, 103, 103, 101, 99, 99, 94, 95, 94,
    95, 98, 99, 98, 100, 99, 97, 94, 96, 96, 93, 98, 102, 104, 103, 103,
    106, 106, 103, 103, 99, 99, 98, 96, 104, 108, 106, 105, 107, 107,
    103, 103, 98, 103, 101, 101, 105, 105, 117, 131, 143, 155, 173, 189,
    203, 211, 222, 230, 237, 238, 235, 238, 239, 241, 242, 239, 240, 242,
    240, 238, 239, 242 ]
