%YAML:1.0
---
videoName: "RHShake05.mp4"
gestureLabel: 2
fps: 30
pixelSizeInCmTemp: 3.1103896103896100e-01
faceCenterPointX: 295
faceCenterPointY: 47
LHandPositionsX: [ 410, 411, 409, 411, 412, 410, 409, 408, 412, 411, 408,
    410, 409, 410, 412, 408, 412, 409, 409, 411, 408, 411, 411, 408, 412,
    412, 408, 409, 408, 408, 410, 409, 412, 411, 411, 410, 408, 411, 409,
    408, 410, 409, 410, 411, 412, 409, 412, 409, 408, 408, 410, 408, 409,
    409, 410, 412, 408, 411, 410, 410, 411, 412, 412, 411, 411, 408, 411,
    411, 409, 410, 410, 410, 411, 410, 410, 411, 409, 409, 409, 409, 411,
    409, 412, 410, 410, 412, 410, 411, 411, 411, 409 ]
LHandPositionsY: [ 257, 257, 260, 257, 257, 259, 261, 257, 258, 260, 257,
    259, 259, 257, 260, 258, 261, 259, 258, 261, 257, 257, 258, 258, 261,
    260, 258, 259, 260, 257, 260, 258, 261, 261, 261, 259, 259, 258, 259,
    257, 261, 257, 259, 260, 261, 260, 258, 258, 258, 259, 260, 260, 257,
    258, 259, 261, 258, 257, 258, 258, 257, 258, 257, 261, 261, 260, 261,
    257, 257, 258, 257, 261, 258, 261, 259, 257, 259, 261, 257, 259, 258,
    257, 258, 260, 257, 259, 259, 257, 260, 258, 261 ]
RHandPositionsX: [ 177, 176, 174, 176, 177, 176, 174, 174, 176, 174, 176,
    176, 172, 174, 172, 171, 173, 175, 170, 171, 172, 174, 172, 176, 173,
    176, 183, 179, 171, 164, 151, 154, 156, 160, 163, 173, 188, 199, 190,
    181, 177, 172, 168, 169, 178, 177, 188, 181, 177, 174, 169, 168, 167,
    176, 176, 191, 184, 179, 174, 169, 168, 169, 174, 190, 190, 192, 188,
    181, 180, 181, 180, 177, 187, 195, 193, 192, 181, 175, 170, 174, 172,
    174, 184, 184, 191, 188, 183, 180, 180, 178, 176 ]
RHandPositionsY: [ 260, 258, 258, 259, 258, 258, 259, 259, 259, 261, 259,
    259, 258, 262, 261, 260, 260, 261, 260, 260, 262, 262, 263, 257, 258,
    249, 232, 205, 179, 156, 132, 127, 108, 94, 88, 90, 93, 91, 91, 85,
    80, 78, 78, 80, 87, 86, 81, 79, 81, 76, 75, 75, 79, 84, 87, 89, 88,
    87, 85, 83, 81, 85, 87, 91, 94, 93, 87, 88, 82, 82, 83, 86, 89, 93,
    93, 87, 91, 88, 85, 91, 113, 134, 158, 180, 205, 223, 227, 233, 241,
    248, 247 ]
