%YAML:1.0
---
videoName: "RHShake23.mp4"
gestureLabel: 2
fps: 29
pixelSizeInCmTemp: 3.3263888888888887e-01
faceCenterPointX: 298
faceCenterPointY: 49
LHandPositionsX: [ 389, 390, 387, 388, 390, 389, 387, 390, 388, 387, 389,
    387, 391, 389, 390, 391, 390, 391, 391, 389, 388, 391, 389, 391, 390,
    387, 390, 391, 391, 387, 391, 390, 388, 390, 390, 391, 390, 390, 391,
    388, 388, 387, 389, 390, 391, 387, 387, 389, 391, 388, 390, 391, 387,
    388, 389, 390, 391, 388, 388, 389, 387, 391, 390, 390, 391, 391, 389,
    390, 388, 387, 391, 389, 389, 389, 388, 388, 390, 387, 387, 390, 387,
    391, 390, 387, 391, 391, 391, 389 ]
LHandPositionsY: [ 227, 227, 225, 227, 228, 228, 226, 227, 225, 226, 227,
    225, 225, 224, 224, 225, 226, 227, 227, 226, 227, 224, 227, 225, 228,
    227, 225, 227, 226, 225, 228, 228, 228, 228, 225, 226, 226, 225, 224,
    224, 224, 226, 227, 227, 224, 228, 228, 225, 226, 227, 224, 224, 228,
    226, 224, 225, 224, 226, 228, 227, 224, 226, 226, 228, 227, 228, 225,
    226, 225, 225, 226, 224, 225, 224, 228, 228, 226, 224, 228, 226, 227,
    226, 228, 224, 226, 224, 226, 224 ]
RHandPositionsX: [ 171, 169, 175, 189, 190, 188, 195, 191, 180, 180, 174,
    172, 175, 179, 187, 195, 197, 200, 197, 194, 184, 183, 174, 176, 173,
    170, 172, 178, 190, 203, 198, 201, 198, 197, 191, 183, 185, 179, 180,
    182, 185, 197, 202, 201, 207, 201, 200, 192, 184, 181, 174, 176, 179,
    187, 193, 198, 206, 208, 209, 210, 209, 208, 208, 210, 212, 207, 207,
    206, 203, 207, 203, 203, 203, 204, 201, 203, 202, 199, 201, 200, 199,
    200, 202, 199, 199, 199, 197, 200 ]
RHandPositionsY: [ 95, 96, 101, 113, 115, 116, 121, 112, 105, 100, 102,
    98, 97, 103, 113, 121, 124, 123, 126, 112, 103, 99, 100, 98, 99, 95,
    96, 98, 114, 125, 123, 124, 124, 107, 106, 103, 107, 102, 100, 100,
    114, 120, 119, 125, 125, 125, 122, 109, 106, 107, 106, 102, 101, 117,
    129, 136, 142, 149, 150, 152, 157, 168, 172, 181, 192, 199, 209, 217,
    212, 215, 218, 217, 220, 223, 227, 225, 226, 225, 227, 226, 227, 228,
    225, 225, 226, 226, 226, 224 ]
