%YAML:1.0
---
videoName: "RHShake04.mp4"
gestureLabel: 2
fps: 29
pixelSizeInCmTemp: 3.1513157894736843e-01
faceCenterPointX: 292
faceCenterPointY: 47
LHandPositionsX: [ 411, 410, 412, 410, 410, 410, 409, 410, 411, 409, 413,
    411, 411, 411, 412, 410, 408, 410, 409, 411, 408, 410, 406, 409, 409,
    408, 407, 406, 407, 409, 408, 408, 409, 405, 409, 408, 406, 406, 405,
    409, 406, 409, 405, 408, 408, 409, 407, 409, 407, 409, 405, 405, 409,
    406, 406, 408, 406, 407, 409, 406, 408, 405, 405, 404, 403, 405, 405,
    404, 403, 405, 402, 405, 406, 406, 404, 405, 404, 402, 406, 404, 404,
    404, 402, 403, 402, 403, 405, 403 ]
LHandPositionsY: [ 264, 264, 264, 265, 264, 266, 262, 261, 262, 262, 266,
    264, 261, 261, 261, 264, 265, 261, 260, 264, 260, 264, 263, 260, 260,
    263, 262, 262, 260, 262, 260, 262, 260, 264, 264, 262, 262, 261, 260,
    264, 261, 261, 263, 264, 263, 264, 263, 264, 264, 264, 264, 263, 262,
    264, 263, 261, 260, 264, 260, 263, 261, 260, 263, 260, 260, 260, 259,
    260, 260, 258, 261, 258, 259, 261, 259, 261, 262, 258, 262, 259, 257,
    260, 259, 260, 259, 259, 259, 258 ]
RHandPositionsX: [ 180, 182, 182, 180, 182, 182, 182, 179, 180, 181, 179,
    181, 178, 179, 180, 178, 180, 177, 176, 179, 177, 176, 180, 181, 183,
    174, 170, 167, 161, 165, 164, 166, 180, 190, 195, 191, 188, 183, 175,
    171, 168, 166, 172, 176, 177, 175, 179, 175, 168, 166, 166, 171, 177,
    177, 178, 178, 176, 171, 171, 169, 171, 176, 179, 183, 192, 187, 185,
    176, 171, 171, 168, 172, 172, 178, 185, 188, 191, 193, 188, 187, 185,
    189, 186, 177, 176, 175, 176, 172 ]
RHandPositionsY: [ 266, 266, 268, 267, 263, 264, 267, 266, 268, 266, 265,
    268, 267, 267, 269, 267, 267, 271, 269, 268, 271, 271, 267, 245, 224,
    194, 171, 149, 127, 121, 117, 105, 98, 102, 106, 102, 99, 95, 95, 93,
    90, 90, 93, 95, 96, 99, 97, 94, 96, 91, 92, 96, 96, 97, 96, 96, 95,
    95, 93, 93, 91, 96, 95, 95, 95, 96, 94, 96, 96, 95, 93, 93, 100, 108,
    121, 131, 143, 154, 164, 180, 196, 211, 222, 230, 237, 243, 246, 247 ]
