%YAML:1.0
---
videoName: "RHShake05.mp4"
gestureLabel: 2
fps: 30
pixelSizeInCmTemp: 3.1103896103896100e-01
faceCenterPointX: 295
faceCenterPointY: 47
LHandPositionsX: [ 412, 408, 411, 411, 409, 409, 408, 411, 410, 410, 410,
    409, 412, 411, 411, 411, 410, 410, 410, 412, 411, 410, 408, 408, 410,
    412, 409, 408, 411, 408, 408, 408, 410, 412, 408, 412, 409, 409, 412,
    412, 408, 411, 409, 412, 409, 411, 411, 409, 409, 408, 410, 412, 409,
    412, 412, 409, 408, 410, 409, 411, 412, 412, 411, 411, 410, 409, 412,
    411, 409, 410, 412, 411, 411, 409, 412, 408, 409, 410, 411, 408, 408,
    409, 408, 410, 410, 412, 411, 411, 411, 412, 409 ]
LHandPositionsY: [ 261, 259, 259, 259, 257, 259, 258, 261, 257, 258, 261,
    258, 259, 259, 257, 258, 257, 258, 257, 257, 260, 258, 260, 258, 261,
    258, 261, 259, 260, 260, 260, 259, 258, 259, 257, 257, 260, 261, 260,
    258, 261, 259, 259, 261, 257, 260, 261, 257, 258, 260, 257, 258, 260,
    258, 260, 258, 260, 257, 257, 257, 259, 259, 259, 259, 258, 260, 257,
    260, 257, 257, 257, 257, 257, 258, 259, 260, 257, 260, 257, 258, 258,
    261, 258, 257, 260, 258, 258, 261, 258, 261, 258 ]
RHandPositionsX: [ 175, 175, 174, 177, 176, 175, 177, 176, 174, 173, 176,
    175, 176, 176, 171, 172, 171, 173, 173, 173, 172, 174, 173, 176, 177,
    179, 183, 178, 173, 163, 151, 157, 153, 158, 162, 176, 190, 199, 188,
    184, 176, 174, 170, 169, 174, 177, 191, 183, 179, 175, 170, 169, 171,
    173, 177, 189, 183, 177, 175, 168, 167, 167, 176, 191, 193, 190, 186,
    183, 180, 179, 180, 177, 191, 191, 197, 192, 183, 173, 173, 175, 172,
    175, 181, 185, 188, 189, 185, 181, 177, 177, 177 ]
RHandPositionsY: [ 259, 260, 261, 260, 262, 258, 262, 262, 260, 259, 262,
    262, 259, 262, 262, 260, 262, 262, 261, 258, 259, 262, 259, 258, 258,
    253, 233, 207, 183, 158, 131, 127, 104, 90, 86, 93, 92, 92, 87, 87,
    83, 81, 77, 82, 85, 86, 84, 82, 81, 75, 76, 73, 78, 86, 83, 90, 86,
    85, 83, 84, 81, 83, 87, 94, 95, 91, 88, 86, 81, 83, 81, 88, 88, 89,
    94, 89, 90, 88, 88, 95, 109, 133, 157, 181, 205, 222, 227, 234, 243,
    249, 248 ]
