%YAML:1.0
---
videoName: "RHShake15.mp4"
gestureLabel: 2
fps: 29
pixelSizeInCmTemp: 3.2808219178082193e-01
faceCenterPointX: 279
faceCenterPointY: 41
LHandPositionsX: [ 368, 369, 372, 371, 370, 369, 368, 369, 372, 369, 370,
    368, 368, 371, 371, 368, 372, 369, 369, 370, 370, 368, 369, 369, 368,
    369, 372, 368, 368, 370, 371, 369, 371, 368, 369, 369, 370, 371, 372,
    370, 369, 372, 371, 370, 369, 370, 368, 368, 372, 370, 368, 371, 372,
    370, 369, 372, 368, 368, 368, 370, 370, 368, 368, 370, 370, 371, 368,
    371, 370, 370, 372, 368, 371, 370, 371, 368, 368, 371, 369, 370, 368,
    370, 368, 369, 368, 368, 368, 371 ]
LHandPositionsY: [ 235, 236, 232, 236, 236, 233, 234, 232, 236, 236, 235,
    236, 235, 236, 235, 234, 235, 236, 232, 235, 233, 234, 233, 235, 232,
    234, 234, 236, 233, 235, 236, 232, 235, 234, 236, 235, 234, 233, 234,
    232, 233, 232, 232, 231, 233, 231, 235, 235, 235, 231, 232, 231, 232,
    233, 234, 234, 235, 232, 235, 234, 235, 231, 235, 234, 232, 232, 231,
    235, 232, 235, 232, 234, 231, 231, 231, 231, 234, 234, 232, 235, 233,
    232, 235, 232, 231, 234, 232, 234 ]
RHandPositionsX: [ 137, 126, 111, 111, 111, 109, 108, 103, 108, 110, 111,
    118, 114, 110, 109, 112, 114, 109, 109, 106, 115, 116, 113, 115, 108,
    107, 112, 107, 109, 105, 113, 116, 118, 113, 112, 111, 108, 111, 113,
    115, 111, 109, 115, 115, 120, 120, 121, 124, 123, 119, 120, 121, 125,
    129, 123, 124, 126, 127, 121, 121, 119, 123, 128, 136, 140, 142, 138,
    140, 138, 142, 146, 146, 152, 152, 155, 157, 160, 157, 160, 158, 161,
    161, 160, 157, 159, 161, 158, 161 ]
RHandPositionsY: [ 191, 172, 155, 147, 144, 140, 132, 128, 119, 113, 110,
    108, 101, 99, 99, 97, 95, 95, 92, 93, 95, 94, 93, 95, 91, 93, 96, 95,
    94, 96, 96, 104, 106, 104, 103, 101, 102, 105, 102, 103, 107, 107,
    109, 111, 107, 107, 105, 105, 104, 106, 107, 110, 111, 113, 118, 116,
    113, 109, 111, 113, 111, 121, 125, 134, 148, 162, 170, 182, 190, 203,
    208, 218, 230, 234, 242, 239, 246, 248, 247, 249, 246, 246, 245, 247,
    245, 245, 245, 249 ]
