%YAML:1.0
---
videoName: "RHShake05.mp4"
gestureLabel: 2
fps: 30
pixelSizeInCmTemp: 3.1103896103896100e-01
faceCenterPointX: 295
faceCenterPointY: 47
LHandPositionsX: [ 412, 410, 408, 408, 408, 412, 408, 410, 411, 412, 409,
    412, 411, 410, 408, 412, 409, 412, 409, 409, 412, 409, 409, 411, 411,
    412, 408, 412, 412, 412, 410, 409, 408, 410, 409, 412, 408, 410, 411,
    410, 410, 411, 410, 409, 412, 408, 408, 409, 412, 411, 409, 411, 412,
    412, 412, 409, 412, 408, 410, 409, 410, 409, 409, 409, 408, 411, 411,
    411, 408, 409, 409, 412, 409, 410, 409, 411, 410, 412, 412, 409, 412,
    411, 411, 410, 409, 412, 409, 408, 410, 412, 410 ]
LHandPositionsY: [ 259, 261, 257, 260, 259, 259, 259, 258, 258, 259, 258,
    259, 257, 261, 261, 261, 258, 261, 261, 257, 261, 258, 258, 259, 257,
    258, 261, 259, 259, 259, 260, 260, 260, 257, 257, 261, 261, 261, 260,
    257, 258, 259, 261, 258, 260, 258, 259, 258, 260, 261, 259, 257, 260,
    261, 259, 258, 260, 260, 259, 258, 259, 257, 260, 257, 260, 257, 260,
    259, 258, 257, 257, 261, 258, 258, 258, 259, 259, 259, 261, 259, 257,
    258, 261, 258, 257, 257, 258, 257, 261, 258, 261 ]
RHandPositionsX: [ 173, 175, 176, 173, 173, 173, 175, 174, 175, 175, 176,
    175, 174, 175, 174, 172, 174, 174, 170, 172, 173, 172, 173, 177, 173,
    176, 179, 181, 174, 164, 150, 154, 153, 161, 162, 173, 188, 197, 190,
    183, 175, 171, 168, 169, 178, 178, 188, 184, 177, 175, 172, 169, 171,
    174, 176, 191, 186, 179, 172, 172, 167, 169, 174, 188, 191, 193, 187,
    183, 181, 180, 182, 181, 187, 191, 194, 192, 180, 175, 170, 171, 171,
    175, 183, 183, 188, 192, 185, 179, 177, 175, 176 ]
RHandPositionsY: [ 262, 260, 258, 259, 259, 261, 261, 262, 262, 258, 259,
    258, 259, 261, 262, 262, 261, 261, 261, 261, 258, 259, 262, 257, 260,
    250, 233, 208, 183, 154, 130, 130, 105, 94, 86, 93, 96, 93, 87, 86,
    83, 79, 81, 81, 84, 85, 81, 83, 77, 73, 74, 74, 78, 85, 85, 90, 87,
    85, 85, 83, 82, 85, 86, 90, 95, 90, 87, 86, 83, 85, 81, 87, 89, 90,
    92, 87, 88, 86, 87, 94, 111, 133, 157, 181, 204, 222, 225, 235, 242,
    250, 249 ]
