%YAML:1.0
---
videoName: "RHShake15.mp4"
gestureLabel: 2
fps: 29
pixelSizeInCmTemp: 3.2808219178082193e-01
faceCenterPointX: 279
faceCenterPointY: 41
LHandPositionsX: [ 371, 370, 369, 372, 371, 370, 371, 370, 371, 368, 371,
    368, 372, 371, 370, 370, 369, 369, 372, 372, 370, 369, 372, 370, 370,
    370, 369, 372, 369, 371, 372, 371, 372, 372, 368, 369, 372, 370, 372,
    370, 371, 368, 372, 368, 368, 369, 371, 372, 372, 371, 370, 369, 372,
    368, 369, 370, 368, 368, 372, 371, 368, 371, 370, 368, 369, 372, 368,
    368, 372, 368, 368, 368, 369, 371, 372, 372, 369, 371, 368, 372, 369,
    371, 372, 372, 371, 368, 372, 369 ]
LHandPositionsY: [ 234, 235, 236, 234, 235, 232, 232, 234, 236, 232, 232,
    232, 232, 235, 236, 235, 234, 234, 233, 235, 236, 232, 233, 236, 232,
    236, 234, 233, 232, 232, 234, 233, 234, 235, 235, 232, 233, 236, 233,
    236, 234, 235, 233, 234, 232, 234, 234, 234, 231, 233, 232, 233, 233,
    235, 234, 235, 232, 235, 235, 235, 233, 231, 233, 235, 234, 233, 232,
    231, 231, 235, 235, 233, 231, 232, 232, 233, 235, 233, 231, 235, 234,
    233, 233, 231, 231, 233, 232, 234 ]
RHandPositionsX: [ 139, 124, 113, 112, 111, 110, 109, 107, 107, 111, 111,
    115, 113, 113, 111, 113, 113, 108, 107, 108, 115, 117, 115, 111, 109,
    107, 111, 109, 108, 108, 113, 116, 114, 116, 111, 112, 110, 112, 110,
    114, 111, 111, 115, 115, 121, 123, 121, 125, 122, 119, 119, 120, 124,
    126, 124, 124, 126, 125, 120, 122, 122, 122, 127, 136, 139, 144, 137,
    138, 139, 140, 144, 149, 152, 154, 156, 158, 160, 156, 160, 160, 160,
    161, 157, 161, 158, 161, 159, 158 ]
RHandPositionsY: [ 191, 172, 153, 143, 144, 141, 135, 128, 121, 117, 109,
    109, 104, 99, 97, 98, 96, 95, 94, 94, 93, 91, 92, 92, 91, 95, 95, 92,
    94, 98, 96, 104, 103, 101, 101, 103, 101, 103, 102, 106, 103, 106,
    108, 113, 109, 108, 102, 104, 106, 105, 105, 109, 109, 111, 116, 112,
    109, 111, 110, 110, 111, 118, 128, 134, 151, 165, 172, 180, 194, 203,
    208, 221, 230, 237, 241, 240, 244, 244, 246, 245, 246, 248, 245, 245,
    246, 248, 245, 246 ]
