%YAML:1.0
---
videoName: "RHShake16.mp4"
gestureLabel: 2
fps: 29
pixelSizeInCmTemp: 3.2808219178082193e-01
faceCenterPointX: 281
faceCenterPointY: 44
LHandPositionsX: [ 371, 369, 371, 373, 370, 370, 371, 369, 371, 371, 372,
    371, 369, 373, 371, 373, 372, 373, 369, 373, 373, 369, 372, 373, 372,
    370, 370, 370, 370, 372, 372, 373, 373, 372, 371, 369, 369, 370, 371,
    371, 371, 373, 369, 372, 372, 373, 373, 369, 371, 373, 370, 372, 373,
    369, 373, 371, 373, 369, 372, 369, 372, 372, 372, 371, 373, 373, 369,
    369, 371, 369, 373, 372, 371, 373, 373, 372, 372, 372, 373, 369, 369,
    369, 369, 373, 370, 369, 373, 372 ]
LHandPositionsY: [ 231, 233, 230, 232, 232, 234, 234, 233, 233, 233, 232,
    232, 230, 230, 230, 231, 232, 233, 233, 231, 232, 230, 232, 232, 234,
    231, 231, 231, 234, 232, 234, 234, 230, 232, 232, 230, 230, 234, 232,
    234, 231, 230, 230, 230, 233, 231, 232, 230, 230, 231, 234, 233, 232,
    233, 232, 230, 232, 233, 233, 229, 229, 231, 230, 230, 229, 229, 229,
    231, 229, 230, 233, 230, 232, 229, 230, 232, 231, 230, 230, 231, 231,
    230, 231, 232, 230, 231, 232, 229 ]
RHandPositionsX: [ 169, 170, 169, 167, 170, 171, 171, 171, 169, 168, 170,
    170, 170, 167, 168, 169, 169, 170, 161, 156, 151, 146, 138, 129, 125,
    124, 116, 120, 123, 121, 125, 130, 136, 139, 146, 142, 135, 136, 137,
    141, 140, 144, 148, 151, 146, 145, 148, 149, 146, 147, 148, 150, 153,
    150, 150, 147, 149, 146, 147, 154, 154, 156, 155, 153, 153, 154, 148,
    150, 154, 163, 167, 170, 175, 175, 176, 172, 176, 174, 170, 171, 171,
    169, 171, 170, 172, 171, 172, 171 ]
RHandPositionsY: [ 269, 265, 269, 267, 268, 269, 266, 265, 267, 269, 268,
    266, 265, 269, 267, 265, 267, 267, 257, 245, 217, 200, 178, 158, 142,
    131, 115, 116, 112, 106, 105, 102, 99, 94, 95, 93, 90, 92, 87, 88,
    89, 91, 88, 87, 87, 85, 88, 87, 85, 85, 88, 88, 86, 89, 87, 86, 88,
    86, 86, 88, 92, 90, 88, 87, 86, 90, 90, 95, 105, 119, 134, 148, 162,
    173, 185, 188, 196, 201, 209, 215, 222, 221, 226, 231, 236, 238, 238,
    238 ]
