%YAML:1.0
---
videoName: "RHShake21.mp4"
gestureLabel: 2
fps: 29
pixelSizeInCmTemp: 3.3732394366197183e-01
faceCenterPointX: 293
faceCenterPointY: 47
LHandPositionsX: [ 398, 395, 395, 395, 395, 394, 394, 395, 394, 394, 395,
    396, 395, 396, 397, 397, 395, 398, 394, 394, 394, 398, 394, 396, 394,
    396, 397, 397, 397, 394, 395, 395, 396, 398, 396, 394, 395, 398, 398,
    398, 397, 395, 397, 395, 395, 397, 395, 396, 397, 396, 398, 397, 394,
    395, 396, 398, 398, 398, 397, 394, 396, 396, 396, 396, 398, 398, 396,
    397, 396, 395, 398, 396, 397, 396, 398, 397, 396, 398, 398, 398, 394,
    397, 394, 396, 397, 395, 398, 398 ]
LHandPositionsY: [ 242, 240, 238, 241, 238, 240, 238, 241, 242, 241, 239,
    238, 240, 239, 238, 242, 238, 241, 242, 241, 242, 239, 241, 238, 240,
    240, 241, 238, 242, 241, 238, 238, 240, 239, 238, 239, 239, 242, 238,
    241, 239, 240, 241, 238, 238, 242, 240, 238, 240, 242, 238, 239, 242,
    241, 240, 241, 240, 240, 240, 242, 240, 241, 241, 241, 239, 239, 240,
    240, 240, 240, 239, 238, 239, 241, 238, 240, 238, 242, 239, 241, 239,
    241, 238, 241, 240, 239, 238, 239 ]
RHandPositionsX: [ 133, 139, 143, 143, 144, 144, 146, 140, 137, 133, 132,
    141, 143, 151, 151, 147, 147, 146, 140, 140, 134, 134, 138, 147, 148,
    152, 153, 150, 147, 144, 141, 139, 137, 139, 143, 147, 148, 150, 150,
    145, 140, 135, 136, 133, 136, 138, 146, 148, 148, 151, 149, 143, 139,
    136, 135, 137, 139, 146, 153, 162, 170, 178, 176, 178, 183, 184, 189,
    187, 188, 186, 190, 191, 185, 190, 187, 188, 186, 185, 187, 188, 188,
    188, 185, 188, 188, 185, 187, 185 ]
RHandPositionsY: [ 81, 89, 86, 87, 90, 84, 84, 82, 83, 81, 83, 85, 88,
    88, 93, 94, 90, 88, 83, 88, 84, 83, 80, 88, 90, 90, 91, 91, 89, 88,
    88, 85, 83, 86, 84, 89, 91, 93, 94, 89, 89, 85, 89, 86, 83, 93, 97,
    95, 97, 99, 96, 98, 94, 95, 90, 90, 94, 104, 113, 128, 138, 152, 151,
    151, 158, 169, 179, 192, 200, 209, 215, 212, 220, 224, 227, 225, 226,
    230, 230, 231, 231, 230, 229, 231, 227, 231, 231, 227 ]
