%YAML:1.0
---
videoName: "RHShake22.mp4"
gestureLabel: 2
fps: 29
pixelSizeInCmTemp: 3.3263888888888887e-01
faceCenterPointX: 290
faceCenterPointY: 48
LHandPositionsX: [ 395, 394, 396, 396, 392, 396, 393, 393, 395, 393, 393,
    394, 392, 393, 393, 396, 392, 396, 395, 392, 396, 392, 394, 393, 394,
    393, 396, 393, 392, 392, 392, 395, 395, 396, 393, 396, 394, 392, 393,
    394, 393, 395, 396, 396, 392, 393, 393, 393, 392, 393, 393, 395, 393,
    395, 395, 394, 392, 392, 393, 393, 395, 394, 395, 394, 395, 396, 394,
    395, 393, 392, 393, 395, 392, 392, 395, 395, 395, 396, 392, 396, 392,
    394, 395, 393, 394, 393, 393, 394 ]
LHandPositionsY: [ 230, 230, 232, 233, 231, 234, 232, 234, 233, 233, 233,
    233, 234, 231, 231, 230, 233, 232, 232, 233, 231, 234, 234, 231, 232,
    233, 230, 232, 234, 234, 233, 232, 231, 233, 233, 231, 233, 233, 231,
    231, 233, 232, 230, 234, 231, 233, 230, 234, 231, 233, 233, 231, 233,
    231, 234, 232, 233, 231, 233, 233, 231, 232, 231, 230, 234, 234, 232,
    230, 234, 233, 230, 234, 231, 234, 233, 231, 230, 230, 232, 231, 232,
    233, 231, 233, 232, 232, 230, 233 ]
RHandPositionsX: [ 151, 138, 130, 129, 134, 137, 144, 156, 166, 167, 163,
    163, 162, 159, 152, 148, 143, 145, 147, 152, 164, 173, 169, 169, 169,
    164, 164, 159, 156, 153, 152, 161, 165, 172, 174, 173, 172, 168, 164,
    160, 157, 156, 162, 168, 173, 174, 173, 175, 170, 170, 162, 156, 154,
    153, 155, 166, 170, 175, 180, 179, 179, 175, 170, 162, 155, 153, 151,
    156, 166, 177, 176, 177, 178, 182, 181, 180, 178, 181, 186, 187, 190,
    189, 187, 187, 191, 187, 191, 191 ]
RHandPositionsY: [ 139, 114, 100, 101, 97, 90, 85, 87, 92, 91, 92, 89,
    86, 81, 77, 79, 79, 74, 76, 84, 88, 95, 99, 98, 95, 89, 88, 85, 86,
    80, 78, 92, 95, 98, 104, 100, 92, 90, 89, 89, 84, 84, 84, 90, 94,
    100, 101, 98, 94, 90, 91, 91, 90, 86, 83, 82, 88, 99, 104, 102, 98,
    97, 93, 91, 93, 94, 91, 91, 90, 106, 107, 112, 112, 116, 123, 124,
    137, 149, 160, 170, 181, 193, 201, 203, 214, 218, 225, 224 ]
