%YAML:1.0
---
videoName: "RHShake16.mp4"
gestureLabel: 2
fps: 29
pixelSizeInCmTemp: 3.2808219178082193e-01
faceCenterPointX: 281
faceCenterPointY: 44
LHandPositionsX: [ 370, 369, 370, 373, 372, 373, 371, 370, 371, 369, 371,
    373, 369, 369, 371, 373, 372, 369, 372, 372, 369, 369, 372, 370, 373,
    372, 373, 373, 373, 373, 369, 370, 373, 373, 369, 370, 372, 370, 369,
    371, 369, 371, 371, 370, 373, 372, 371, 371, 373, 369, 370, 370, 370,
    372, 372, 371, 373, 371, 369, 371, 372, 373, 369, 373, 369, 369, 373,
    370, 373, 370, 370, 372, 369, 370, 370, 370, 371, 370, 372, 371, 369,
    369, 369, 369, 373, 370, 369, 371 ]
LHandPositionsY: [ 233, 232, 234, 231, 233, 230, 234, 233, 232, 232, 232,
    230, 232, 231, 231, 230, 232, 232, 232, 234, 234, 233, 232, 230, 234,
    233, 230, 230, 233, 232, 234, 230, 231, 232, 231, 230, 230, 231, 234,
    234, 230, 233, 233, 234, 234, 233, 230, 230, 231, 230, 230, 233, 234,
    231, 233, 229, 233, 233, 231, 229, 231, 233, 230, 230, 233, 229, 230,
    230, 231, 232, 231, 230, 232, 232, 233, 231, 232, 229, 230, 229, 233,
    231, 233, 229, 233, 233, 231, 231 ]
RHandPositionsX: [ 169, 169, 170, 168, 169, 169, 171, 171, 167, 170, 170,
    170, 169, 169, 169, 171, 171, 168, 161, 153, 153, 147, 140, 133, 125,
    124, 118, 120, 122, 124, 127, 130, 139, 140, 145, 138, 138, 137, 135,
    138, 140, 142, 149, 150, 146, 145, 149, 148, 148, 148, 152, 153, 153,
    152, 148, 147, 146, 146, 149, 153, 152, 156, 154, 151, 154, 153, 150,
    154, 153, 163, 164, 172, 175, 177, 175, 172, 175, 173, 171, 169, 170,
    168, 171, 172, 169, 169, 172, 171 ]
RHandPositionsY: [ 265, 266, 265, 269, 265, 268, 268, 266, 265, 269, 265,
    268, 266, 266, 265, 269, 265, 266, 257, 243, 220, 199, 177, 162, 145,
    131, 117, 115, 112, 104, 106, 105, 99, 98, 94, 95, 91, 89, 90, 86,
    90, 90, 91, 89, 90, 86, 88, 88, 88, 88, 90, 88, 90, 86, 85, 84, 85,
    88, 87, 91, 92, 88, 89, 88, 90, 86, 91, 93, 101, 117, 134, 146, 158,
    174, 186, 192, 194, 201, 212, 219, 224, 223, 226, 233, 237, 237, 234,
    238 ]
