%YAML:1.0
---
videoName: "RHShake18.mp4"
gestureLabel: 2
fps: 30
pixelSizeInCmTemp: 3.3732394366197183e-01
faceCenterPointX: 275
faceCenterPointY: 40
LHandPositionsX: [ 375, 375, 378, 376, 375, 377, 376, 375, 379, 378, 377,
    377, 376, 378, 378, 379, 379, 379, 376, 378, 376, 378, 378, 378, 375,
    376, 378, 375, 379, 377, 375, 377, 377, 379, 379, 375, 377, 375, 376,
    379, 376, 379, 378, 379, 376, 378, 376, 374, 374, 375, 374, 368, 364,
    358, 350, 346, 339, 334, 324, 314, 301, 300, 299, 300, 295, 290, 290,
    291, 295, 296, 292, 292, 293, 290, 293, 293, 289, 290, 291, 288, 288,
    290, 288, 287, 287, 287, 287, 286, 286, 288, 289 ]
LHandPositionsY: [ 229, 232, 229, 233, 229, 232, 229, 232, 229, 233, 232,
    230, 229, 231, 230, 231, 231, 230, 230, 230, 230, 232, 230, 232, 229,
    230, 229, 230, 231, 232, 233, 232, 231, 233, 230, 232, 233, 230, 232,
    229, 231, 232, 230, 229, 229, 231, 233, 232, 231, 231, 232, 236, 238,
    237, 234, 234, 234, 233, 230, 227, 228, 234, 231, 230, 235, 236, 237,
    239, 239, 240, 242, 242, 240, 242, 240, 242, 242, 242, 239, 240, 242,
    240, 239, 241, 239, 240, 239, 239, 243, 242, 243 ]
RHandPositionsX: [ 156, 152, 154, 148, 146, 148, 154, 159, 165, 162, 167,
    164, 157, 154, 151, 151, 154, 163, 168, 170, 168, 163, 157, 159, 160,
    156, 158, 162, 163, 166, 164, 159, 157, 157, 157, 160, 173, 175, 171,
    170, 166, 161, 156, 154, 159, 166, 174, 179, 188, 200, 207, 219, 233,
    241, 255, 259, 270, 255, 250, 247, 246, 244, 240, 240, 237, 234, 237,
    236, 235, 237, 239, 238, 239, 238, 238, 239, 236, 239, 237, 237, 237,
    236, 238, 237, 239, 236, 240, 238, 238, 237, 240 ]
RHandPositionsY: [ 72, 73, 69, 70, 70, 67, 65, 71, 72, 72, 69, 67, 69,
    69, 68, 66, 69, 73, 72, 73, 71, 73, 68, 66, 65, 70, 73, 74, 80, 77,
    75, 74, 75, 72, 76, 77, 90, 93, 92, 92, 87, 86, 85, 86, 86, 90, 99,
    104, 112, 124, 135, 141, 153, 162, 172, 182, 189, 194, 196, 197, 205,
    207, 210, 211, 212, 216, 217, 218, 222, 223, 228, 228, 226, 228, 225,
    225, 228, 228, 224, 228, 224, 227, 228, 228, 224, 226, 224, 224, 226,
    226, 227 ]
