%YAML:1.0
---
videoName: "RHShake04.mp4"
gestureLabel: 2
fps: 29
pixelSizeInCmTemp: 3.1513157894736843e-01
faceCenterPointX: 292
faceCenterPointY: 47
LHandPositionsX: [ 409, 411, 413, 411, 409, 409, 411, 409, 409, 412, 410,
    412, 409, 411, 411, 408, 409, 408, 407, 409, 409, 410, 407, 410, 410,
    406, 409, 408, 407, 406, 405, 408, 408, 405, 409, 408, 408, 409, 408,
    406, 409, 407, 407, 409, 409, 409, 407, 408, 405, 407, 405, 405, 406,
    408, 408, 407, 406, 408, 406, 407, 405, 407, 407, 407, 405, 404, 405,
    402, 404, 406, 403, 406, 404, 404, 402, 405, 405, 406, 404, 404, 404,
    405, 401, 404, 404, 402, 403, 405 ]
LHandPositionsY: [ 266, 264, 263, 266, 266, 266, 265, 262, 263, 266, 265,
    262, 262, 264, 263, 264, 263, 263, 262, 260, 264, 262, 263, 260, 261,
    262, 260, 262, 262, 264, 263, 263, 261, 263, 260, 264, 261, 262, 263,
    260, 263, 260, 260, 262, 262, 262, 261, 260, 263, 261, 262, 264, 263,
    261, 263, 260, 261, 261, 261, 263, 264, 259, 263, 262, 263, 263, 262,
    259, 260, 259, 261, 258, 258, 258, 261, 260, 261, 259, 259, 257, 257,
    261, 260, 261, 259, 260, 259, 257 ]
RHandPositionsX: [ 181, 182, 183, 182, 180, 183, 182, 179, 180, 180, 180,
    179, 178, 177, 176, 180, 179, 177, 177, 176, 176, 176, 180, 183, 181,
    174, 172, 164, 165, 163, 163, 167, 180, 187, 194, 189, 187, 183, 173,
    167, 166, 168, 171, 174, 180, 175, 183, 175, 169, 167, 167, 171, 177,
    178, 178, 180, 174, 171, 168, 172, 171, 174, 178, 185, 192, 188, 185,
    179, 173, 173, 170, 172, 171, 176, 186, 188, 191, 190, 190, 190, 188,
    185, 185, 181, 176, 175, 173, 173 ]
RHandPositionsY: [ 264, 267, 264, 267, 263, 266, 266, 267, 268, 267, 267,
    265, 268, 269, 267, 267, 269, 268, 270, 269, 268, 272, 269, 248, 222,
    195, 169, 146, 127, 123, 117, 101, 100, 100, 105, 100, 100, 97, 95,
    93, 92, 92, 95, 95, 99, 96, 94, 96, 93, 90, 93, 96, 99, 100, 100, 98,
    97, 94, 92, 89, 94, 96, 95, 95, 93, 97, 94, 93, 96, 94, 93, 97, 100,
    107, 119, 131, 143, 151, 165, 181, 193, 211, 222, 230, 237, 245, 250,
    250 ]
