%YAML:1.0
---
videoName: "RHShake13.mp4"
gestureLabel: 2
fps: 30
pixelSizeInCmTemp: 3.2808219178082193e-01
faceCenterPointX: 278
faceCenterPointY: 45
LHandPositionsX: [ 307, 309, 309, 306, 308, 305, 307, 309, 308, 307, 306,
    306, 308, 306, 309, 307, 305, 305, 306, 309, 307, 309, 308, 307, 307,
    309, 305, 309, 307, 306, 305, 306, 305, 309, 305, 305, 305, 307, 309,
    307, 309, 309, 306, 309, 309, 309, 309, 305, 309, 307, 307, 306, 306,
    305, 306, 309, 308, 309, 309, 305, 307, 308, 306, 307, 307, 305, 309,
    309, 309, 309, 305, 305, 307, 307, 307, 308, 310, 306, 306, 306, 301,
    304, 304, 307, 305, 305, 305, 303, 306, 306, 307 ]
LHandPositionsY: [ 244, 244, 245, 243, 245, 242, 245, 244, 243, 245, 243,
    244, 243, 243, 242, 243, 240, 240, 239, 243, 243, 243, 239, 241, 241,
    240, 240, 243, 242, 240, 241, 241, 242, 243, 241, 243, 241, 241, 238,
    241, 238, 241, 242, 239, 240, 242, 238, 238, 242, 241, 239, 239, 240,
    241, 238, 239, 241, 240, 239, 240, 238, 240, 240, 241, 241, 240, 242,
    239, 238, 241, 237, 238, 241, 238, 236, 236, 235, 232, 236, 235, 235,
    233, 233, 236, 241, 241, 245, 247, 243, 243, 246 ]
RHandPositionsX: [ 169, 149, 140, 140, 141, 141, 141, 141, 145, 146, 149,
    145, 140, 134, 134, 137, 141, 140, 145, 145, 139, 131, 129, 131, 131,
    134, 133, 139, 140, 137, 138, 133, 129, 132, 130, 134, 138, 134, 135,
    138, 132, 134, 135, 132, 136, 148, 147, 149, 148, 147, 142, 140, 134,
    139, 140, 139, 140, 142, 144, 135, 133, 131, 129, 133, 137, 140, 143,
    147, 156, 160, 170, 176, 189, 198, 212, 225, 238, 244, 255, 253, 251,
    251, 258, 258, 258, 260, 259, 259, 261, 261, 261 ]
RHandPositionsY: [ 155, 139, 122, 116, 113, 107, 105, 101, 100, 94, 92,
    92, 88, 86, 89, 85, 89, 90, 87, 86, 85, 85, 86, 88, 85, 88, 91, 89,
    91, 91, 92, 89, 91, 89, 88, 88, 90, 93, 93, 92, 89, 88, 88, 89, 91,
    95, 94, 94, 93, 94, 94, 92, 95, 94, 98, 100, 100, 98, 100, 101, 97,
    94, 95, 96, 100, 102, 106, 110, 120, 126, 135, 144, 154, 163, 176,
    188, 199, 210, 215, 216, 218, 220, 228, 235, 236, 235, 241, 237, 240,
    241, 241 ]
