%YAML:1.0
---
videoName: "RHShake22.mp4"
gestureLabel: 2
fps: 29
pixelSizeInCmTemp: 3.3263888888888887e-01
faceCenterPointX: 290
faceCenterPointY: 48
LHandPositionsX: [ 395, 393, 396, 392, 396, 395, 395, 392, 395, 395, 396,
    394, 394, 394, 396, 395, 393, 395, 396, 395, 395, 396, 396, 396, 392,
    394, 392, 393, 395, 395, 396, 394, 392, 392, 395, 394, 394, 393, 394,
    396, 395, 393, 394, 396, 393, 393, 392, 396, 394, 393, 396, 396, 395,
    395, 396, 395, 393, 394, 394, 393, 395, 396, 392, 395, 392, 396, 394,
    393, 394, 396, 395, 394, 393, 395, 393, 393, 395, 392, 395, 395, 394,
    396, 395, 393, 392, 395, 392, 395 ]
LHandPositionsY: [ 230, 233, 230, 231, 231, 234, 230, 230, 232, 232, 230,
    231, 234, 232, 233, 234, 232, 232, 234, 233, 232, 233, 233, 230, 234,
    234, 232, 231, 232, 234, 231, 230, 230, 231, 234, 230, 233, 231, 230,
    232, 232, 233, 233, 230, 234, 230, 232, 232, 234, 231, 230, 230, 234,
    230, 233, 233, 231, 230, 234, 234, 232, 232, 233, 231, 230, 233, 233,
    234, 231, 231, 234, 230, 232, 230, 232, 232, 234, 231, 230, 232, 232,
    230, 232, 230, 234, 234, 234, 231 ]
RHandPositionsX: [ 151, 136, 130, 128, 130, 135, 146, 158, 163, 167, 163,
    163, 163, 160, 150, 149, 146, 145, 148, 155, 160, 173, 171, 168, 169,
    164, 164, 156, 157, 154, 153, 161, 165, 173, 171, 170, 174, 172, 163,
    164, 160, 159, 159, 165, 174, 174, 173, 175, 173, 167, 164, 155, 153,
    153, 155, 165, 170, 178, 177, 181, 176, 173, 171, 165, 157, 153, 152,
    155, 166, 174, 177, 176, 182, 181, 182, 178, 181, 183, 182, 183, 189,
    192, 189, 186, 191, 189, 190, 191 ]
RHandPositionsY: [ 138, 114, 101, 103, 96, 92, 84, 86, 92, 91, 92, 90,
    84, 78, 78, 79, 80, 77, 73, 83, 91, 92, 99, 98, 92, 89, 84, 83, 84,
    83, 80, 89, 92, 101, 100, 101, 93, 89, 88, 89, 84, 84, 84, 90, 96,
    98, 101, 99, 97, 93, 89, 87, 90, 85, 85, 84, 88, 102, 101, 102, 97,
    96, 94, 91, 92, 91, 93, 89, 92, 104, 107, 113, 115, 118, 121, 123,
    135, 149, 160, 169, 180, 192, 197, 204, 213, 221, 224, 226 ]
