%YAML:1.0
---
videoName: "RHShake01.mp4"
gestureLabel: 2
fps: 29
pixelSizeInCmTemp: 3.1513157894736843e-01
faceCenterPointX: 292
faceCenterPointY: 51
LHandPositionsX: [ 394, 392, 396, 395, 395, 395, 394, 394, 393, 396, 396,
    393, 395, 391, 393, 395, 395, 394, 391, 392, 392, 393, 391, 391, 395,
    392, 392, 394, 391, 394, 392, 393, 392, 393, 395, 392, 393, 391, 392,
    393, 394, 391, 394, 395, 391, 395, 392, 393, 391, 391, 393, 393, 393,
    391, 393, 392, 392, 393, 392, 395, 391, 393, 394, 395, 393, 395, 393,
    391, 395, 395, 392, 393, 394, 391, 391, 392, 393, 395, 393, 394, 391,
    391, 393, 393, 392, 392, 394, 391 ]
LHandPositionsY: [ 253, 255, 256, 255, 256, 256, 257, 255, 255, 253, 254,
    256, 255, 253, 256, 256, 254, 257, 253, 256, 256, 254, 257, 256, 254,
    257, 257, 255, 253, 256, 255, 254, 255, 257, 255, 256, 257, 253, 254,
    256, 253, 257, 257, 253, 257, 253, 254, 255, 257, 257, 254, 253, 257,
    253, 256, 253, 257, 253, 255, 257, 254, 255, 254, 256, 253, 255, 256,
    257, 255, 253, 257, 255, 254, 257, 257, 257, 254, 257, 254, 253, 257,
    256, 257, 253, 257, 256, 253, 253 ]
RHandPositionsX: [ 168, 169, 171, 168, 170, 171, 171, 170, 170, 167, 171,
    171, 168, 170, 167, 169, 167, 168, 168, 169, 171, 170, 170, 170, 170,
    170, 172, 174, 175, 168, 166, 161, 156, 154, 156, 162, 170, 178, 193,
    193, 189, 189, 182, 177, 176, 173, 173, 188, 194, 197, 189, 192, 181,
    179, 178, 181, 179, 186, 185, 193, 189, 194, 195, 187, 178, 177, 176,
    183, 187, 191, 192, 199, 199, 196, 194, 188, 190, 188, 187, 183, 179,
    176, 176, 172, 175, 174, 172, 173 ]
RHandPositionsY: [ 278, 277, 280, 276, 276, 276, 277, 276, 280, 280, 279,
    278, 276, 280, 276, 279, 279, 277, 279, 279, 279, 280, 279, 278, 277,
    275, 265, 245, 228, 209, 189, 168, 153, 131, 128, 117, 107, 106, 110,
    111, 108, 104, 103, 97, 100, 98, 100, 96, 102, 99, 101, 94, 93, 94,
    91, 93, 95, 99, 98, 100, 103, 98, 101, 96, 97, 96, 98, 96, 102, 106,
    113, 125, 136, 145, 158, 179, 190, 205, 202, 210, 222, 225, 232, 242,
    241, 243, 242, 245 ]
