%YAML:1.0
---
videoName: "RHShake17.mp4"
gestureLabel: 2
fps: 29
pixelSizeInCmTemp: 3.3732394366197183e-01
faceCenterPointX: 282
faceCenterPointY: 40
LHandPositionsX: [ 307, 306, 306, 307, 308, 306, 308, 308, 307, 308, 308,
    307, 305, 308, 308, 305, 305, 305, 308, 308, 308, 308, 307, 306, 305,
    306, 306, 308, 308, 307, 305, 308, 307, 309, 307, 309, 309, 307, 308,
    309, 308, 310, 306, 308, 307, 310, 306, 310, 307, 309, 309, 311, 309,
    310, 307, 310, 309, 308, 308, 308, 311, 310, 310, 308, 311, 310, 309,
    308, 311, 311, 309, 309, 308, 306, 306, 308, 309, 308, 305, 305, 306,
    305, 305, 307, 307, 305, 308, 306 ]
LHandPositionsY: [ 233, 235, 235, 232, 234, 232, 235, 235, 234, 231, 235,
    235, 234, 231, 234, 235, 231, 231, 231, 235, 235, 231, 232, 234, 231,
    231, 234, 235, 232, 234, 231, 232, 233, 233, 231, 232, 233, 232, 232,
    234, 233, 231, 233, 234, 234, 234, 233, 233, 232, 233, 234, 233, 232,
    234, 232, 235, 233, 234, 233, 232, 232, 234, 232, 235, 235, 234, 235,
    233, 231, 235, 234, 233, 234, 235, 232, 235, 235, 232, 233, 234, 235,
    233, 233, 233, 231, 235, 233, 231 ]
RHandPositionsX: [ 212, 195, 174, 161, 138, 142, 144, 148, 144, 142, 148,
    152, 157, 153, 146, 147, 141, 142, 140, 147, 163, 157, 155, 152, 149,
    145, 146, 144, 149, 151, 156, 159, 158, 156, 147, 144, 144, 139, 138,
    154, 153, 154, 156, 159, 154, 149, 151, 154, 157, 156, 171, 171, 166,
    165, 157, 158, 149, 150, 149, 151, 155, 163, 172, 175, 178, 177, 177,
    177, 174, 169, 173, 171, 168, 169, 168, 169, 169, 170, 168, 167, 168,
    170, 168, 170, 170, 170, 167, 170 ]
RHandPositionsY: [ 202, 183, 169, 151, 128, 111, 107, 102, 94, 89, 95,
    88, 84, 79, 74, 72, 69, 68, 69, 71, 76, 77, 74, 69, 68, 69, 69, 66,
    65, 67, 68, 66, 68, 66, 66, 66, 66, 66, 68, 84, 81, 83, 79, 78, 77,
    74, 75, 74, 75, 76, 90, 89, 84, 80, 79, 78, 80, 81, 78, 83, 91, 104,
    120, 132, 149, 161, 171, 184, 189, 197, 208, 216, 220, 231, 232, 235,
    237, 237, 238, 238, 239, 240, 244, 243, 243, 242, 245, 245 ]
