%YAML:1.0
---
videoName: "RHShake21.mp4"
gestureLabel: 2
fps: 29
pixelSizeInCmTemp: 3.3732394366197183e-01
faceCenterPointX: 293
faceCenterPointY: 47
LHandPositionsX: [ 395, 398, 397, 394, 395, 394, 395, 395, 394, 394, 396,
    396, 398, 396, 395, 396, 394, 394, 397, 395, 394, 398, 397, 397, 394,
    398, 397, 397, 394, 398, 394, 395, 398, 397, 398, 397, 398, 396, 396,
    398, 395, 396, 398, 395, 395, 396, 394, 398, 395, 397, 394, 398, 398,
    395, 396, 396, 394, 398, 397, 395, 396, 397, 398, 396, 394, 394, 397,
    394, 397, 396, 395, 397, 398, 398, 397, 395, 394, 394, 396, 396, 397,
    397, 398, 395, 394, 396, 395, 396 ]
LHandPositionsY: [ 242, 242, 240, 241, 242, 242, 242, 239, 241, 238, 242,
    239, 238, 239, 241, 241, 241, 242, 239, 242, 239, 238, 240, 242, 240,
    242, 238, 238, 242, 241, 242, 242, 241, 242, 239, 238, 242, 238, 242,
    238, 239, 242, 241, 242, 238, 239, 239, 240, 241, 241, 241, 242, 240,
    239, 238, 238, 240, 242, 240, 238, 241, 241, 242, 240, 238, 239, 238,
    240, 239, 239, 240, 241, 241, 239, 241, 238, 239, 238, 241, 239, 239,
    238, 239, 240, 241, 240, 241, 240 ]
RHandPositionsX: [ 132, 140, 143, 143, 148, 145, 146, 140, 138, 132, 132,
    141, 147, 151, 149, 149, 147, 143, 139, 140, 134, 136, 139, 146, 149,
    151, 150, 150, 148, 146, 139, 138, 135, 140, 142, 146, 151, 153, 150,
    144, 142, 138, 138, 134, 138, 139, 147, 149, 149, 149, 145, 143, 139,
    137, 132, 134, 137, 146, 156, 161, 171, 175, 176, 179, 182, 185, 185,
    189, 187, 189, 188, 191, 187, 190, 186, 188, 188, 189, 186, 185, 188,
    187, 187, 187, 185, 186, 189, 187 ]
RHandPositionsY: [ 81, 88, 89, 90, 90, 85, 84, 79, 82, 80, 81, 84, 88,
    92, 90, 92, 93, 87, 83, 86, 87, 82, 83, 89, 91, 90, 90, 91, 89, 89,
    86, 83, 85, 84, 84, 90, 92, 94, 91, 88, 85, 89, 85, 87, 86, 93, 98,
    95, 98, 99, 95, 94, 95, 93, 91, 93, 95, 105, 117, 127, 141, 153, 150,
    152, 161, 170, 180, 188, 202, 210, 213, 212, 219, 226, 225, 224, 226,
    230, 228, 229, 229, 227, 228, 229, 227, 228, 229, 230 ]
