%YAML:1.0
---
videoName: "RHShake03.mp4"
gestureLabel: 2
fps: 29
pixelSizeInCmTemp: 3.1103896103896100e-01
faceCenterPointX: 294
faceCenterPointY: 48
LHandPositionsX: [ 408, 408, 410, 408, 412, 408, 412, 412, 411, 411, 411,
    411, 411, 408, 411, 411, 412, 409, 411, 410, 408, 411, 409, 409, 409,
    409, 412, 411, 408, 409, 411, 410, 408, 409, 408, 412, 408, 412, 411,
    411, 409, 411, 411, 411, 410, 410, 411, 409, 411, 409, 412, 412, 411,
    409, 410, 409, 408, 408, 409, 409, 410, 409, 408, 412, 409, 411, 410,
    411, 410, 411, 410, 408, 411, 411, 409, 409, 409, 409, 409, 410, 409,
    407, 408, 409, 408, 409, 410, 407 ]
LHandPositionsY: [ 260, 260, 260, 263, 263, 263, 264, 262, 264, 264, 262,
    264, 263, 263, 263, 260, 261, 262, 263, 264, 263, 260, 261, 261, 261,
    262, 263, 260, 264, 262, 260, 262, 262, 262, 262, 264, 263, 262, 263,
    260, 261, 264, 261, 261, 264, 262, 262, 260, 261, 261, 261, 262, 263,
    263, 262, 264, 264, 260, 264, 262, 260, 263, 260, 260, 263, 264, 263,
    260, 261, 262, 262, 262, 264, 261, 263, 260, 262, 262, 262, 262, 262,
    262, 264, 262, 260, 261, 262, 263 ]
RHandPositionsX: [ 181, 180, 176, 180, 179, 177, 178, 178, 175, 177, 173,
    174, 176, 172, 172, 173, 171, 175, 173, 171, 175, 172, 173, 173, 171,
    173, 171, 172, 172, 174, 171, 171, 174, 173, 164, 156, 150, 148, 149,
    150, 156, 167, 179, 182, 193, 192, 184, 175, 173, 171, 174, 181, 180,
    182, 182, 177, 173, 170, 170, 174, 178, 187, 199, 207, 201, 191, 190,
    187, 182, 184, 185, 192, 201, 208, 211, 207, 197, 197, 194, 182, 184,
    182, 185, 181, 182, 179, 179, 181 ]
RHandPositionsY: [ 259, 259, 260, 258, 258, 259, 262, 258, 262, 260, 260,
    259, 259, 259, 260, 262, 260, 262, 262, 262, 261, 258, 258, 261, 258,
    261, 258, 262, 261, 263, 266, 263, 257, 238, 220, 197, 178, 156, 145,
    130, 120, 121, 119, 120, 110, 103, 105, 103, 98, 98, 104, 107, 108,
    107, 103, 104, 100, 99, 96, 96, 100, 108, 112, 110, 107, 105, 105,
    106, 97, 99, 102, 117, 129, 139, 160, 179, 202, 207, 219, 243, 243,
    244, 246, 251, 253, 252, 253, 250 ]
