%YAML:1.0
---
videoName: "RHShake13.mp4"
gestureLabel: 2
fps: 30
pixelSizeInCmTemp: 3.2808219178082193e-01
faceCenterPointX: 278
faceCenterPointY: 45
LHandPositionsX: [ 307, 305, 308, 309, 307, 309, 309, 309, 308, 305, 305,
    308, 305, 308, 308, 309, 306, 309, 305, 309, 307, 306, 309, 308, 306,
    308, 309, 306, 307, 308, 308, 309, 307, 307, 306, 308, 309, 309, 308,
    309, 305, 308, 306, 307, 309, 308, 307, 307, 308, 307, 306, 308, 307,
    309, 306, 305, 309, 309, 307, 306, 309, 305, 305, 306, 309, 308, 306,
    307, 307, 307, 307, 308, 306, 308, 310, 307, 306, 309, 309, 308, 303,
    302, 302, 305, 307, 306, 307, 307, 304, 304, 307 ]
LHandPositionsY: [ 245, 246, 244, 244, 241, 245, 241, 243, 242, 241, 245,
    245, 245, 241, 244, 240, 240, 240, 240, 242, 239, 243, 243, 240, 240,
    240, 240, 243, 239, 243, 239, 242, 239, 239, 242, 239, 242, 238, 242,
    238, 238, 242, 239, 240, 239, 242, 242, 241, 238, 240, 240, 240, 238,
    241, 238, 242, 240, 239, 241, 240, 241, 241, 238, 241, 239, 239, 241,
    240, 239, 238, 237, 239, 238, 237, 235, 234, 233, 236, 232, 231, 231,
    231, 234, 239, 239, 239, 245, 246, 243, 244, 247 ]
RHandPositionsX: [ 166, 151, 136, 138, 143, 143, 145, 141, 146, 148, 147,
    147, 139, 134, 136, 136, 144, 140, 143, 141, 136, 132, 130, 132, 132,
    131, 133, 138, 138, 134, 135, 134, 131, 130, 132, 133, 138, 137, 135,
    136, 133, 136, 134, 132, 136, 145, 147, 150, 148, 148, 145, 136, 138,
    137, 140, 142, 142, 142, 140, 139, 135, 131, 130, 131, 135, 141, 142,
    147, 155, 160, 168, 176, 191, 201, 213, 224, 239, 243, 253, 252, 251,
    254, 256, 261, 260, 257, 258, 261, 259, 258, 259 ]
RHandPositionsY: [ 155, 138, 122, 118, 117, 109, 106, 100, 97, 95, 94,
    88, 86, 89, 85, 87, 87, 90, 88, 88, 89, 86, 87, 85, 86, 88, 88, 92,
    92, 91, 90, 88, 88, 89, 91, 88, 92, 93, 93, 89, 88, 91, 88, 90, 89,
    96, 93, 94, 94, 94, 94, 94, 95, 95, 98, 101, 100, 102, 99, 100, 98,
    96, 94, 98, 99, 106, 106, 112, 118, 127, 136, 147, 156, 163, 178,
    186, 196, 206, 214, 217, 218, 221, 230, 233, 236, 237, 241, 238, 239,
    238, 240 ]
