%YAML:1.0
---
videoName: "RHShake03.mp4"
gestureLabel: 2
fps: 29
pixelSizeInCmTemp: 3.1103896103896100e-01
faceCenterPointX: 294
faceCenterPointY: 48
LHandPositionsX: [ 411, 412, 408, 409, 408, 412, 409, 412, 410, 408, 411,
    409, 409, 412, 412, 412, 409, 410, 412, 409, 410, 411, 410, 412, 410,
    408, 411, 409, 410, 410, 412, 408, 412, 412, 408, 411, 410, 410, 412,
    411, 409, 410, 409, 408, 410, 411, 412, 411, 412, 410, 410, 410, 411,
    412, 410, 412, 409, 410, 410, 412, 410, 410, 409, 409, 411, 412, 412,
    412, 408, 408, 408, 407, 410, 407, 407, 410, 409, 410, 409, 407, 409,
    407, 408, 408, 408, 411, 407, 407 ]
LHandPositionsY: [ 261, 260, 261, 260, 260, 260, 261, 263, 263, 262, 260,
    264, 263, 263, 263, 261, 261, 263, 264, 260, 262, 264, 261, 260, 262,
    262, 263, 260, 264, 263, 264, 264, 263, 262, 260, 264, 262, 262, 263,
    260, 264, 263, 260, 260, 260, 261, 260, 264, 264, 262, 260, 262, 260,
    263, 263, 263, 261, 263, 264, 263, 260, 263, 261, 261, 264, 260, 260,
    263, 263, 264, 264, 261, 262, 261, 260, 260, 262, 261, 260, 260, 262,
    261, 263, 264, 262, 263, 264, 260 ]
RHandPositionsX: [ 182, 181, 179, 178, 177, 177, 177, 176, 173, 176, 176,
    175, 174, 173, 174, 175, 172, 174, 173, 173, 173, 173, 171, 172, 173,
    174, 174, 173, 173, 170, 171, 171, 175, 174, 164, 155, 153, 147, 152,
    149, 155, 163, 177, 186, 189, 189, 182, 174, 176, 170, 172, 178, 183,
    181, 180, 174, 171, 172, 166, 173, 178, 185, 200, 206, 198, 193, 188,
    186, 185, 183, 184, 194, 202, 206, 208, 207, 200, 196, 193, 183, 184,
    185, 182, 184, 183, 182, 179, 181 ]
RHandPositionsY: [ 260, 260, 260, 261, 261, 259, 259, 260, 259, 262, 260,
    261, 261, 260, 261, 259, 262, 260, 261, 258, 260, 261, 262, 259, 262,
    259, 258, 258, 262, 263, 265, 266, 255, 242, 221, 199, 179, 159, 145,
    128, 123, 118, 116, 118, 112, 106, 103, 103, 99, 102, 101, 103, 104,
    105, 105, 103, 99, 98, 94, 95, 101, 106, 108, 110, 108, 107, 105,
    104, 101, 100, 106, 115, 126, 142, 157, 179, 200, 210, 218, 240, 243,
    244, 244, 250, 252, 252, 251, 250 ]
