%YAML:1.0
---
videoName: "RHShake15.mp4"
gestureLabel: 2
fps: 29
pixelSizeInCmTemp: 3.2808219178082193e-01
faceCenterPointX: 279
faceCenterPointY: 41
LHandPositionsX: [ 372, 372, 371, 371, 371, 370, 371, 370, 370, 372, 370,
    368, 370, 370, 371, 368, 372, 368, 368, 368, 368, 371, 369, 372, 372,
    368, 372, 370, 370, 369, 372, 372, 369, 369, 371, 372, 370, 369, 369,
    372, 370, 372, 368, 369, 368, 372, 368, 368, 372, 370, 371, 368, 370,
    371, 368, 371, 370, 372, 371, 369, 372, 369, 369, 371, 370, 372, 370,
    372, 369, 370, 368, 372, 371, 372, 369, 369, 369, 368, 368, 371, 371,
    372, 372, 370, 371, 368, 370, 371 ]
LHandPositionsY: [ 234, 233, 232, 234, 236, 234, 233, 233, 233, 236, 233,
    233, 234, 234, 233, 236, 235, 236, 233, 235, 233, 232, 233, 233, 234,
    235, 233, 233, 236, 234, 233, 236, 233, 232, 234, 233, 234, 232, 234,
    234, 234, 235, 235, 231, 233, 232, 232, 235, 232, 235, 234, 231, 235,
    231, 234, 233, 235, 235, 234, 234, 235, 233, 234, 233, 233, 234, 233,
    235, 234, 232, 231, 231, 231, 233, 233, 234, 233, 233, 233, 233, 234,
    231, 235, 231, 232, 235, 235, 234 ]
RHandPositionsX: [ 137, 124, 112, 109, 109, 110, 110, 103, 107, 108, 113,
    117, 113, 111, 109, 110, 114, 108, 105, 108, 112, 116, 113, 115, 108,
    107, 112, 110, 106, 106, 112, 119, 115, 114, 113, 111, 111, 111, 114,
    117, 110, 113, 115, 117, 121, 119, 121, 123, 121, 122, 117, 120, 126,
    126, 125, 125, 126, 126, 123, 120, 119, 123, 127, 136, 139, 143, 140,
    139, 137, 141, 146, 149, 149, 156, 158, 154, 159, 160, 160, 162, 157,
    160, 160, 157, 160, 159, 159, 161 ]
RHandPositionsY: [ 189, 174, 153, 143, 143, 142, 135, 128, 121, 113, 112,
    105, 104, 101, 97, 94, 97, 93, 92, 95, 96, 92, 95, 92, 92, 94, 93,
    92, 93, 97, 99, 104, 104, 101, 103, 104, 103, 101, 101, 104, 104,
    107, 112, 112, 107, 106, 104, 107, 105, 104, 103, 108, 112, 114, 115,
    114, 112, 112, 109, 113, 111, 117, 128, 137, 150, 166, 173, 183, 194,
    202, 207, 220, 230, 235, 240, 238, 246, 247, 249, 246, 249, 249, 249,
    247, 248, 246, 245, 249 ]
