%YAML:1.0
---
videoName: "RHShake01.mp4"
gestureLabel: 2
fps: 29
pixelSizeInCmTemp: 3.1513157894736843e-01
faceCenterPointX: 292
faceCenterPointY: 51
LHandPositionsX: [ 392, 392, 396, 396, 393, 394, 396, 392, 394, 393, 393,
    395, 392, 392, 395, 393, 393, 391, 395, 394, 393, 393, 394, 395, 394,
    391, 395, 394, 393, 392, 392, 393, 391, 393, 393, 394, 394, 393, 394,
    395, 392, 393, 393, 394, 393, 394, 391, 394, 394, 395, 392, 394, 395,
    393, 393, 395, 395, 393, 392, 391, 393, 395, 393, 392, 394, 393, 391,
    395, 395, 392, 395, 394, 393, 394, 395, 391, 394, 393, 392, 395, 394,
    391, 392, 395, 395, 392, 391, 394 ]
LHandPositionsY: [ 254, 254, 257, 254, 255, 257, 256, 255, 253, 256, 254,
    254, 257, 257, 253, 254, 256, 253, 254, 256, 256, 257, 254, 254, 256,
    257, 254, 255, 253, 255, 254, 256, 255, 256, 254, 253, 253, 256, 253,
    256, 255, 256, 257, 255, 255, 257, 254, 256, 254, 257, 257, 253, 256,
    257, 253, 255, 254, 255, 253, 256, 254, 254, 256, 253, 253, 257, 254,
    256, 256, 257, 253, 253, 254, 257, 254, 254, 255, 257, 257, 255, 255,
    255, 254, 257, 256, 257, 254, 257 ]
RHandPositionsX: [ 168, 170, 171, 167, 171, 170, 171, 170, 167, 168, 169,
    168, 170, 168, 169, 168, 167, 167, 167, 169, 171, 170, 168, 169, 171,
    171, 171, 177, 177, 167, 162, 158, 159, 155, 159, 163, 169, 179, 192,
    194, 190, 188, 182, 175, 178, 174, 175, 188, 195, 197, 190, 189, 184,
    178, 179, 179, 180, 183, 187, 192, 190, 192, 195, 186, 181, 175, 179,
    181, 187, 193, 194, 198, 196, 199, 194, 189, 187, 188, 188, 181, 176,
    175, 176, 172, 175, 175, 173, 175 ]
RHandPositionsY: [ 278, 279, 276, 276, 278, 278, 277, 277, 278, 280, 277,
    279, 276, 277, 280, 278, 276, 278, 277, 278, 279, 278, 278, 280, 275,
    275, 268, 247, 226, 206, 187, 169, 149, 131, 129, 116, 106, 107, 109,
    109, 109, 105, 99, 98, 98, 98, 98, 100, 103, 98, 100, 93, 94, 94, 94,
    92, 97, 100, 98, 104, 101, 98, 100, 97, 96, 94, 95, 96, 102, 107,
    110, 121, 133, 145, 158, 177, 190, 204, 203, 211, 220, 228, 232, 241,
    241, 245, 245, 249 ]
