%YAML:1.0
---
videoName: "RHShake01.mp4"
gestureLabel: 2
fps: 29
pixelSizeInCmTemp: 3.1513157894736843e-01
faceCenterPointX: 292
faceCenterPointY: 51
LHandPositionsX: [ 392, 393, 393, 393, 394, 396, 393, 395, 396, 395, 393,
    394, 393, 392, 391, 394, 391, 391, 394, 392, 395, 393, 395, 391, 392,
    393, 393, 394, 392, 391, 395, 394, 394, 393, 392, 394, 392, 392, 391,
    393, 392, 393, 395, 392, 394, 394, 393, 395, 391, 391, 393, 395, 392,
    393, 392, 391, 394, 394, 394, 393, 391, 394, 393, 394, 391, 394, 393,
    393, 395, 395, 392, 393, 393, 394, 392, 391, 393, 394, 391, 395, 393,
    395, 395, 392, 392, 395, 392, 391 ]
LHandPositionsY: [ 257, 256, 256, 254, 253, 257, 254, 256, 255, 256, 253,
    253, 253, 256, 255, 255, 254, 255, 256, 255, 254, 256, 254, 254, 253,
    256, 256, 254, 254, 254, 257, 255, 255, 256, 257, 256, 254, 253, 254,
    254, 254, 253, 256, 256, 257, 257, 253, 257, 256, 254, 256, 257, 254,
    254, 254, 256, 254, 256, 254, 257, 253, 253, 256, 253, 254, 254, 254,
    256, 256, 257, 257, 257, 254, 257, 254, 253, 255, 256, 256, 257, 257,
    257, 256, 256, 255, 254, 257, 257 ]
RHandPositionsX: [ 167, 167, 171, 167, 169, 169, 168, 169, 168, 167, 171,
    169, 169, 169, 168, 167, 168, 169, 171, 170, 169, 169, 168, 169, 173,
    172, 169, 173, 176, 169, 164, 162, 155, 153, 155, 159, 171, 182, 194,
    193, 192, 189, 184, 177, 176, 172, 175, 189, 195, 197, 189, 189, 184,
    177, 180, 182, 179, 183, 184, 193, 189, 195, 194, 187, 182, 178, 176,
    182, 185, 194, 194, 196, 197, 196, 193, 189, 190, 189, 189, 181, 178,
    174, 176, 171, 171, 174, 175, 174 ]
RHandPositionsY: [ 280, 278, 278, 276, 276, 280, 278, 277, 277, 277, 276,
    279, 276, 279, 280, 277, 277, 280, 278, 277, 277, 276, 277, 279, 279,
    274, 265, 247, 229, 209, 185, 170, 149, 133, 130, 116, 105, 109, 112,
    111, 106, 106, 102, 101, 101, 96, 97, 98, 100, 101, 100, 94, 97, 94,
    94, 93, 95, 97, 102, 102, 102, 97, 100, 96, 95, 94, 95, 98, 101, 109,
    110, 124, 134, 145, 158, 176, 193, 204, 204, 211, 220, 227, 235, 244,
    241, 242, 243, 248 ]
