%YAML:1.0
---
videoName: "RHShake09.mp4"
gestureLabel: 2
fps: 29
pixelSizeInCmTemp: 3.1103896103896100e-01
faceCenterPointX: 296
faceCenterPointY: 48
LHandPositionsX: [ 324, 325, 325, 325, 322, 324, 321, 321, 320, 317, 320,
    317, 312, 311, 311, 311, 310, 309, 309, 309, 308, 308, 309, 306, 308,
    305, 306, 305, 305, 308, 305, 309, 310, 310, 307, 309, 309, 310, 311,
    311, 308, 307, 309, 312, 309, 309, 311, 311, 313, 311, 311, 313, 314,
    314, 315, 315, 316, 315, 313, 313, 317, 317, 317, 313, 313, 314, 314,
    315, 317, 317, 314, 317, 317, 318, 313, 317, 313, 318, 317, 314, 313,
    316, 315, 318, 317, 318, 318, 314 ]
LHandPositionsY: [ 265, 267, 268, 271, 271, 267, 269, 269, 270, 272, 272,
    274, 273, 276, 273, 273, 274, 276, 276, 274, 276, 275, 273, 275, 276,
    273, 275, 273, 273, 273, 277, 273, 274, 276, 273, 274, 273, 277, 275,
    273, 275, 275, 276, 276, 274, 276, 275, 273, 273, 275, 276, 277, 276,
    273, 272, 276, 275, 275, 276, 275, 272, 273, 274, 272, 275, 273, 276,
    275, 276, 276, 275, 275, 272, 276, 272, 275, 272, 276, 275, 273, 274,
    276, 273, 274, 276, 275, 274, 273 ]
RHandPositionsX: [ 263, 265, 265, 265, 263, 263, 262, 263, 260, 260, 260,
    261, 258, 259, 260, 259, 259, 257, 258, 256, 255, 258, 255, 256, 256,
    256, 258, 256, 255, 257, 266, 260, 257, 243, 226, 204, 187, 178, 168,
    172, 174, 174, 180, 182, 186, 184, 181, 178, 179, 177, 188, 188, 188,
    199, 195, 187, 181, 174, 180, 184, 182, 183, 193, 190, 189, 180, 174,
    174, 174, 183, 184, 189, 187, 183, 178, 177, 182, 178, 186, 189, 191,
    194, 200, 204, 210, 215, 226, 238 ]
RHandPositionsY: [ 261, 264, 262, 264, 267, 265, 267, 266, 268, 269, 266,
    265, 269, 267, 266, 268, 268, 266, 268, 268, 265, 268, 269, 265, 269,
    269, 265, 267, 266, 269, 267, 257, 247, 231, 215, 195, 176, 158, 138,
    133, 117, 108, 107, 110, 109, 102, 97, 90, 89, 86, 86, 98, 95, 97,
    93, 93, 88, 87, 89, 89, 95, 97, 97, 96, 90, 88, 89, 88, 89, 96, 96,
    96, 96, 93, 93, 93, 88, 92, 96, 103, 103, 108, 121, 131, 144, 156,
    167, 184 ]
