%YAML:1.0
---
videoName: "RHShake20.mp4"
gestureLabel: 2
fps: 29
pixelSizeInCmTemp: 3.3263888888888887e-01
faceCenterPointX: 286
faceCenterPointY: 45
LHandPositionsX: [ 392, 390, 390, 390, 391, 392, 394, 391, 390, 392, 390,
    394, 393, 390, 394, 390, 393, 391, 390, 392, 393, 393, 391, 391, 391,
    394, 391, 390, 390, 392, 391, 390, 390, 393, 391, 390, 393, 392, 393,
    394, 392, 394, 394, 394, 393, 391, 391, 392, 391, 394, 392, 391, 392,
    392, 392, 394, 390, 390, 393, 390, 392, 391, 394, 391, 390, 392, 392,
    390, 391, 391, 394, 391, 392, 391, 391, 392, 393, 392, 390, 392, 393,
    393, 391, 391, 392, 391, 391, 394 ]
LHandPositionsY: [ 247, 246, 243, 246, 245, 244, 241, 244, 242, 243, 241,
    240, 241, 239, 241, 242, 243, 240, 241, 239, 241, 243, 243, 240, 242,
    240, 242, 242, 241, 243, 242, 239, 240, 240, 243, 240, 243, 239, 242,
    242, 240, 241, 240, 241, 241, 243, 240, 243, 243, 243, 240, 242, 243,
    239, 239, 243, 241, 240, 239, 240, 239, 242, 239, 239, 239, 242, 239,
    239, 241, 243, 240, 240, 240, 239, 239, 243, 243, 242, 239, 243, 241,
    241, 240, 240, 241, 242, 240, 242 ]
RHandPositionsX: [ 164, 160, 158, 154, 155, 152, 150, 156, 155, 159, 163,
    159, 161, 154, 152, 153, 150, 151, 160, 161, 163, 161, 156, 155, 155,
    155, 153, 151, 160, 161, 161, 163, 158, 154, 157, 152, 150, 149, 159,
    168, 164, 166, 167, 163, 158, 152, 152, 152, 158, 163, 167, 165, 168,
    169, 169, 167, 164, 163, 163, 157, 164, 170, 174, 177, 181, 187, 188,
    188, 184, 181, 185, 181, 178, 177, 180, 179, 179, 178, 180, 180, 177,
    180, 179, 179, 179, 179, 177, 179 ]
RHandPositionsY: [ 110, 109, 101, 103, 99, 99, 100, 100, 99, 103, 102,
    101, 96, 98, 99, 99, 97, 103, 113, 112, 115, 115, 113, 111, 109, 106,
    108, 108, 119, 117, 118, 115, 109, 109, 105, 103, 103, 105, 114, 120,
    121, 120, 120, 116, 114, 111, 111, 111, 113, 119, 123, 124, 124, 124,
    121, 118, 115, 117, 111, 113, 116, 123, 129, 135, 148, 153, 164, 176,
    187, 192, 199, 210, 218, 228, 233, 232, 241, 241, 241, 241, 246, 245,
    243, 243, 243, 246, 247, 244 ]
