%YAML:1.0
---
videoName: "RHShake19.mp4"
gestureLabel: 2
fps: 29
pixelSizeInCmTemp: 3.2808219178082193e-01
faceCenterPointX: 283
faceCenterPointY: 48
LHandPositionsX: [ 388, 388, 391, 388, 389, 388, 389, 388, 391, 389, 392,
    391, 392, 389, 392, 388, 391, 388, 391, 390, 389, 388, 388, 390, 388,
    388, 391, 389, 391, 392, 389, 389, 389, 389, 392, 389, 388, 391, 391,
    390, 391, 388, 391, 392, 390, 391, 392, 392, 390, 391, 389, 388, 391,
    390, 392, 391, 392, 389, 389, 390, 391, 392, 389, 391, 389, 390, 391,
    388, 389, 392, 389, 392, 388, 389, 389, 389, 391, 388, 388, 392, 388,
    391, 388, 392, 392, 389, 392, 391 ]
LHandPositionsY: [ 241, 240, 242, 244, 240, 240, 240, 241, 244, 241, 243,
    243, 241, 243, 241, 241, 242, 244, 240, 240, 241, 241, 241, 241, 242,
    244, 240, 243, 243, 243, 242, 240, 242, 241, 243, 242, 240, 240, 244,
    242, 243, 243, 244, 241, 244, 242, 240, 240, 243, 242, 244, 244, 242,
    244, 244, 242, 244, 242, 242, 243, 243, 240, 240, 242, 242, 242, 240,
    244, 240, 243, 243, 242, 243, 244, 241, 243, 240, 241, 244, 241, 244,
    241, 244, 244, 241, 244, 241, 244 ]
RHandPositionsX: [ 159, 171, 183, 182, 189, 184, 177, 172, 166, 162, 163,
    163, 168, 178, 182, 181, 184, 178, 174, 170, 164, 159, 162, 166, 168,
    176, 173, 174, 168, 166, 161, 158, 161, 164, 171, 177, 177, 179, 180,
    172, 167, 164, 162, 158, 165, 169, 178, 180, 181, 184, 176, 176, 171,
    169, 165, 169, 171, 179, 180, 179, 181, 178, 173, 173, 170, 167, 171,
    177, 179, 181, 188, 188, 190, 189, 185, 184, 186, 184, 182, 180, 178,
    178, 180, 180, 182, 180, 178, 179 ]
RHandPositionsY: [ 88, 91, 95, 96, 94, 88, 86, 83, 80, 75, 76, 75, 80,
    85, 89, 91, 89, 84, 79, 75, 76, 76, 73, 73, 85, 91, 91, 92, 86, 88,
    86, 84, 81, 84, 86, 91, 94, 97, 93, 93, 87, 87, 86, 86, 81, 83, 90,
    96, 102, 101, 99, 96, 96, 95, 96, 97, 99, 106, 105, 111, 106, 102,
    99, 100, 101, 98, 111, 124, 139, 151, 162, 177, 189, 192, 198, 212,
    219, 224, 231, 236, 237, 236, 238, 240, 244, 241, 239, 239 ]
