%YAML:1.0
---
videoName: "RHShake11.mp4"
gestureLabel: 2
fps: 29
pixelSizeInCmTemp: 3.3263888888888887e-01
faceCenterPointX: 274
faceCenterPointY: 53
LHandPositionsX: [ 308, 307, 309, 307, 310, 307, 311, 308, 311, 310, 311,
    308, 307, 307, 311, 311, 309, 307, 308, 308, 308, 310, 308, 311, 308,
    311, 311, 308, 311, 310, 311, 309, 309, 310, 307, 309, 310, 308, 308,
    308, 311, 310, 311, 307, 308, 308, 311, 310, 308, 310, 307, 310, 307,
    308, 311, 311, 310, 307, 311, 308, 311, 307, 309, 309, 309, 307, 309,
    308, 310, 308, 310, 309, 310, 307, 310, 308, 306, 305, 308, 307, 305,
    304, 305, 303, 306, 307, 307, 306 ]
LHandPositionsY: [ 249, 249, 246, 249, 246, 249, 247, 248, 249, 248, 245,
    249, 245, 246, 249, 247, 248, 245, 245, 246, 249, 246, 247, 249, 246,
    247, 249, 247, 247, 245, 249, 248, 249, 247, 246, 249, 246, 248, 248,
    248, 246, 246, 248, 245, 247, 247, 246, 245, 245, 245, 247, 248, 249,
    248, 245, 246, 245, 246, 246, 246, 246, 246, 246, 246, 249, 248, 249,
    247, 245, 246, 244, 247, 243, 243, 245, 246, 247, 244, 245, 243, 246,
    244, 246, 246, 247, 245, 244, 243 ]
RHandPositionsX: [ 248, 251, 248, 244, 234, 228, 211, 190, 174, 157, 149,
    139, 146, 146, 153, 158, 161, 163, 170, 171, 169, 165, 156, 153, 154,
    154, 161, 164, 169, 167, 166, 167, 162, 160, 158, 159, 156, 153, 157,
    165, 168, 168, 170, 170, 167, 161, 159, 156, 156, 159, 166, 171, 172,
    176, 179, 176, 173, 168, 167, 167, 162, 159, 159, 167, 172, 179, 193,
    207, 220, 228, 238, 246, 253, 257, 262, 261, 260, 259, 261, 260, 261,
    259, 260, 260, 258, 262, 261, 259 ]
RHandPositionsY: [ 246, 245, 249, 242, 230, 222, 206, 191, 173, 163, 140,
    128, 126, 115, 103, 101, 106, 107, 102, 101, 103, 101, 97, 95, 96,
    95, 96, 102, 100, 100, 99, 98, 100, 98, 94, 96, 96, 94, 100, 106,
    107, 102, 104, 102, 104, 105, 100, 101, 98, 98, 100, 107, 106, 109,
    106, 105, 107, 101, 100, 102, 103, 102, 105, 107, 116, 127, 142, 157,
    173, 188, 200, 211, 220, 230, 238, 235, 239, 240, 240, 242, 242, 241,
    242, 242, 241, 240, 238, 238 ]
