%YAML:1.0
---
videoName: "RHShake03.mp4"
gestureLabel: 2
fps: 29
pixelSizeInCmTemp: 3.1103896103896100e-01
faceCenterPointX: 294
faceCenterPointY: 48
LHandPositionsX: [ 408, 408, 409, 411, 412, 410, 411, 409, 412, 409, 410,
    408, 408, 412, 412, 408, 410, 411, 411, 410, 409, 408, 408, 408, 409,
    408, 408, 410, 408, 412, 408, 412, 410, 410, 412, 410, 411, 409, 409,
    410, 410, 409, 411, 412, 410, 410, 408, 409, 410, 411, 411, 411, 411,
    408, 408, 411, 408, 409, 411, 410, 409, 409, 409, 412, 410, 411, 411,
    411, 412, 410, 410, 411, 409, 411, 409, 407, 410, 409, 408, 408, 409,
    410, 408, 409, 409, 410, 410, 409 ]
LHandPositionsY: [ 263, 263, 264, 260, 262, 261, 264, 262, 264, 261, 262,
    264, 263, 261, 261, 260, 264, 262, 262, 260, 261, 261, 264, 262, 261,
    260, 262, 263, 260, 263, 264, 262, 262, 262, 264, 262, 260, 261, 264,
    260, 264, 262, 263, 264, 260, 261, 260, 263, 260, 262, 264, 260, 263,
    262, 263, 263, 263, 261, 262, 264, 263, 263, 261, 264, 262, 263, 264,
    264, 263, 261, 260, 264, 262, 262, 261, 260, 264, 264, 263, 260, 264,
    263, 264, 260, 261, 264, 262, 261 ]
RHandPositionsX: [ 182, 178, 180, 180, 177, 178, 174, 174, 174, 173, 176,
    174, 173, 175, 173, 174, 175, 171, 172, 174, 175, 175, 171, 174, 173,
    174, 173, 171, 173, 173, 170, 172, 174, 174, 163, 155, 154, 150, 153,
    150, 154, 167, 178, 182, 193, 191, 182, 178, 173, 173, 175, 178, 181,
    185, 180, 178, 173, 172, 168, 172, 176, 185, 202, 209, 198, 193, 186,
    187, 183, 180, 186, 193, 199, 208, 209, 209, 199, 196, 193, 182, 183,
    183, 181, 181, 181, 182, 180, 179 ]
RHandPositionsY: [ 258, 262, 260, 261, 260, 261, 262, 258, 258, 259, 262,
    262, 262, 258, 259, 258, 262, 261, 260, 258, 258, 262, 262, 260, 259,
    258, 261, 261, 261, 261, 264, 266, 257, 241, 217, 196, 175, 157, 147,
    130, 122, 118, 116, 118, 111, 107, 103, 103, 100, 98, 100, 103, 107,
    104, 106, 102, 102, 101, 97, 96, 100, 108, 109, 112, 111, 108, 105,
    102, 98, 99, 104, 118, 127, 139, 158, 178, 200, 208, 215, 240, 242,
    246, 245, 249, 252, 254, 251, 250 ]
