%YAML:1.0
---
videoName: "RHShake19.mp4"
gestureLabel: 2
fps: 29
pixelSizeInCmTemp: 3.2808219178082193e-01
faceCenterPointX: 283
faceCenterPointY: 48
LHandPositionsX: [ 388, 389, 390, 390, 389, 390, 390, 391, 390, 392, 390,
    388, 389, 392, 390, 388, 391, 388, 388, 388, 391, 388, 391, 392, 389,
    392, 389, 389, 392, 390, 392, 390, 391, 391, 388, 388, 388, 391, 391,
    391, 390, 388, 389, 389, 389, 389, 388, 390, 390, 390, 392, 390, 391,
    389, 391, 390, 389, 392, 390, 388, 392, 392, 389, 391, 389, 390, 392,
    388, 391, 390, 388, 389, 392, 391, 388, 391, 390, 391, 391, 388, 392,
    392, 392, 391, 389, 392, 389, 391 ]
LHandPositionsY: [ 241, 242, 244, 243, 240, 241, 244, 243, 240, 243, 242,
    241, 240, 243, 244, 242, 241, 242, 242, 241, 244, 240, 242, 241, 242,
    243, 240, 240, 242, 243, 242, 244, 241, 240, 241, 240, 242, 242, 244,
    244, 241, 240, 241, 241, 242, 242, 243, 244, 243, 240, 242, 243, 240,
    241, 243, 240, 240, 243, 240, 243, 243, 243, 240, 240, 244, 240, 240,
    244, 241, 244, 243, 244, 241, 243, 242, 244, 240, 240, 243, 244, 244,
    242, 244, 240, 240, 243, 242, 243 ]
RHandPositionsX: [ 157, 171, 180, 180, 185, 183, 178, 169, 165, 161, 164,
    162, 165, 180, 182, 183, 186, 180, 173, 171, 163, 162, 160, 165, 167,
    174, 175, 172, 169, 163, 160, 158, 160, 165, 168, 176, 177, 179, 180,
    175, 167, 163, 162, 159, 161, 168, 174, 179, 181, 184, 180, 173, 167,
    171, 165, 168, 172, 178, 179, 179, 182, 181, 171, 172, 166, 168, 170,
    174, 178, 182, 187, 191, 189, 186, 184, 186, 185, 183, 178, 182, 178,
    182, 179, 180, 178, 181, 181, 180 ]
RHandPositionsY: [ 90, 93, 97, 97, 94, 91, 84, 80, 78, 78, 77, 71, 76,
    82, 89, 91, 89, 82, 81, 76, 76, 75, 74, 74, 85, 88, 94, 88, 88, 88,
    82, 85, 78, 85, 85, 90, 96, 94, 96, 93, 91, 85, 86, 84, 85, 85, 90,
    96, 100, 101, 101, 96, 94, 97, 95, 96, 99, 105, 105, 111, 103, 99,
    99, 97, 101, 97, 113, 123, 138, 152, 162, 175, 185, 190, 197, 209,
    220, 226, 233, 236, 235, 239, 240, 239, 241, 243, 242, 240 ]
