%YAML:1.0
---
videoName: "RHShake20.mp4"
gestureLabel: 2
fps: 29
pixelSizeInCmTemp: 3.3263888888888887e-01
faceCenterPointX: 286
faceCenterPointY: 45
LHandPositionsX: [ 391, 392, 392, 393, 394, 392, 390, 392, 390, 390, 390,
    393, 391, 392, 391, 392, 393, 392, 390, 390, 392, 394, 390, 394, 391,
    391, 390, 392, 393, 391, 392, 391, 390, 392, 391, 392, 393, 392, 393,
    390, 394, 394, 391, 394, 391, 391, 391, 390, 391, 391, 394, 393, 390,
    390, 393, 391, 391, 391, 394, 391, 391, 391, 391, 391, 390, 391, 393,
    394, 392, 390, 394, 393, 393, 392, 392, 393, 391, 391, 391, 391, 391,
    392, 392, 390, 391, 391, 391, 390 ]
LHandPositionsY: [ 246, 243, 245, 246, 241, 242, 241, 243, 240, 244, 242,
    244, 242, 242, 239, 243, 240, 243, 241, 239, 241, 242, 241, 240, 243,
    242, 241, 240, 239, 243, 241, 239, 242, 243, 243, 242, 240, 242, 241,
    241, 241, 239, 239, 239, 243, 241, 242, 239, 241, 239, 240, 240, 242,
    240, 239, 242, 243, 240, 240, 240, 243, 240, 241, 239, 242, 242, 240,
    242, 241, 243, 243, 239, 241, 239, 243, 241, 241, 240, 242, 242, 239,
    239, 242, 240, 242, 240, 240, 239 ]
RHandPositionsX: [ 163, 162, 162, 155, 154, 156, 150, 157, 155, 156, 160,
    162, 159, 154, 152, 152, 150, 152, 158, 162, 161, 161, 157, 154, 152,
    154, 151, 152, 162, 164, 160, 163, 156, 153, 159, 153, 150, 148, 160,
    166, 165, 168, 165, 162, 155, 152, 152, 151, 157, 164, 167, 165, 166,
    170, 167, 168, 162, 163, 161, 160, 165, 168, 174, 175, 182, 183, 187,
    187, 187, 182, 186, 182, 178, 178, 176, 179, 179, 179, 176, 177, 180,
    178, 176, 179, 180, 178, 178, 176 ]
RHandPositionsY: [ 112, 107, 105, 104, 99, 97, 97, 98, 100, 103, 102, 99,
    96, 98, 96, 99, 97, 103, 111, 113, 117, 113, 111, 108, 107, 108, 107,
    107, 120, 118, 116, 113, 113, 108, 106, 106, 106, 107, 114, 120, 123,
    122, 121, 120, 115, 111, 113, 109, 109, 117, 123, 124, 125, 125, 121,
    121, 118, 116, 110, 114, 117, 123, 131, 139, 146, 153, 167, 176, 184,
    193, 200, 211, 221, 227, 232, 235, 239, 242, 240, 243, 244, 243, 243,
    243, 246, 246, 246, 245 ]
