%YAML:1.0
---
videoName: "RHShake16.mp4"
gestureLabel: 2
fps: 29
pixelSizeInCmTemp: 3.2808219178082193e-01
faceCenterPointX: 281
faceCenterPointY: 44
LHandPositionsX: [ 372, 372, 373, 373, 372, 371, 371, 370, 370, 372, 371,
    369, 370, 370, 369, 370, 373, 371, 371, 369, 372, 370, 369, 371, 369,
    370, 369, 373, 371, 369, 372, 372, 370, 370, 369, 371, 372, 370, 370,
    369, 370, 370, 371, 370, 372, 372, 370, 373, 371, 370, 370, 369, 373,
    370, 371, 369, 369, 372, 369, 370, 369, 369, 369, 371, 370, 371, 373,
    373, 373, 373, 372, 372, 373, 370, 372, 369, 370, 373, 372, 370, 371,
    372, 369, 370, 373, 373, 370, 370 ]
LHandPositionsY: [ 231, 232, 230, 232, 231, 230, 230, 230, 234, 233, 233,
    230, 232, 232, 233, 231, 231, 231, 230, 231, 234, 234, 231, 230, 230,
    231, 234, 230, 232, 233, 234, 231, 234, 233, 233, 230, 233, 230, 230,
    230, 234, 231, 234, 231, 232, 231, 234, 231, 234, 230, 234, 231, 234,
    229, 229, 233, 232, 230, 233, 232, 231, 232, 233, 231, 230, 230, 232,
    231, 230, 233, 233, 229, 229, 229, 231, 232, 232, 231, 232, 233, 229,
    231, 232, 233, 229, 231, 232, 232 ]
RHandPositionsX: [ 168, 170, 169, 168, 167, 169, 167, 170, 169, 168, 167,
    170, 171, 167, 171, 170, 170, 170, 163, 154, 153, 148, 136, 130, 128,
    124, 116, 124, 123, 121, 125, 129, 135, 139, 143, 138, 135, 135, 137,
    141, 139, 143, 147, 152, 147, 145, 147, 148, 145, 148, 152, 150, 153,
    149, 150, 147, 149, 146, 148, 154, 156, 156, 154, 151, 154, 151, 149,
    154, 151, 160, 166, 169, 175, 176, 175, 172, 178, 173, 172, 171, 169,
    172, 172, 169, 171, 170, 170, 172 ]
RHandPositionsY: [ 269, 268, 265, 269, 267, 266, 266, 266, 265, 266, 266,
    266, 267, 268, 268, 266, 266, 264, 255, 244, 218, 201, 177, 159, 145,
    128, 115, 115, 109, 105, 104, 105, 98, 96, 96, 96, 90, 88, 90, 88,
    90, 89, 92, 91, 90, 89, 85, 84, 88, 88, 88, 87, 90, 85, 89, 85, 84,
    89, 88, 88, 90, 88, 90, 90, 88, 87, 90, 94, 101, 121, 134, 146, 161,
    171, 182, 192, 197, 203, 211, 218, 223, 222, 222, 235, 238, 237, 234,
    236 ]
