%YAML:1.0
---
videoName: "RHShake06.mp4"
gestureLabel: 2
fps: 30
pixelSizeInCmTemp: 3.2808219178082193e-01
faceCenterPointX: 293
faceCenterPointY: 43
LHandPositionsX: [ 307, 309, 309, 307, 308, 310, 310, 308, 306, 308, 309,
    310, 310, 308, 306, 309, 313, 314, 312, 317, 317, 322, 322, 320, 322,
    322, 320, 319, 322, 322, 323, 323, 326, 324, 325, 326, 324, 323, 324,
    324, 326, 325, 325, 323, 325, 325, 323, 323, 326, 322, 322, 324, 325,
    326, 324, 326, 323, 325, 326, 325, 325, 324, 322, 325, 325, 322, 326,
    326, 323, 326, 324, 325, 323, 322, 322, 325, 326, 326, 323, 325, 326,
    325, 326, 318, 315, 316, 310, 312, 310, 309, 309 ]
LHandPositionsY: [ 266, 269, 270, 270, 270, 266, 266, 267, 267, 266, 266,
    268, 269, 267, 266, 268, 267, 269, 264, 266, 265, 263, 263, 260, 263,
    260, 261, 261, 258, 260, 259, 258, 258, 260, 259, 260, 260, 259, 259,
    261, 259, 258, 261, 261, 258, 262, 262, 258, 260, 260, 259, 262, 258,
    262, 261, 259, 261, 259, 262, 262, 259, 259, 260, 259, 262, 260, 260,
    260, 262, 262, 259, 260, 262, 259, 258, 260, 260, 262, 258, 262, 260,
    260, 258, 261, 263, 265, 266, 263, 262, 264, 265 ]
RHandPositionsX: [ 289, 289, 288, 285, 284, 286, 287, 284, 287, 285, 284,
    285, 284, 284, 284, 284, 284, 287, 280, 264, 242, 224, 203, 177, 159,
    148, 140, 135, 138, 140, 144, 147, 164, 162, 162, 161, 163, 161, 159,
    159, 162, 172, 182, 188, 187, 186, 182, 172, 167, 170, 169, 167, 175,
    182, 181, 181, 181, 189, 178, 171, 169, 165, 167, 181, 178, 176, 175,
    170, 166, 161, 166, 168, 174, 179, 190, 191, 208, 222, 232, 243, 247,
    252, 252, 247, 248, 254, 257, 252, 252, 251, 257 ]
RHandPositionsY: [ 267, 266, 266, 266, 266, 269, 269, 268, 270, 269, 267,
    267, 268, 270, 270, 266, 268, 268, 264, 260, 249, 236, 215, 197, 179,
    158, 139, 121, 114, 107, 113, 117, 129, 117, 111, 102, 101, 89, 92,
    92, 90, 92, 97, 101, 98, 98, 95, 89, 88, 91, 85, 90, 95, 102, 102,
    100, 95, 98, 95, 95, 93, 89, 93, 100, 99, 102, 105, 99, 106, 107,
    118, 130, 147, 161, 177, 182, 193, 206, 214, 223, 229, 239, 236, 240,
    236, 244, 241, 244, 241, 245, 242 ]
