%YAML:1.0
---
videoName: "RHShake16.mp4"
gestureLabel: 2
fps: 29
pixelSizeInCmTemp: 3.2808219178082193e-01
faceCenterPointX: 281
faceCenterPointY: 44
LHandPositionsX: [ 370, 372, 372, 373, 370, 370, 370, 370, 370, 370, 373,
    373, 369, 371, 371, 370, 371, 371, 372, 369, 371, 373, 372, 370, 371,
    372, 371, 370, 372, 370, 370, 370, 369, 373, 372, 370, 372, 372, 373,
    369, 371, 372, 370, 370, 373, 371, 373, 373, 373, 370, 370, 372, 369,
    373, 369, 373, 372, 373, 371, 372, 371, 371, 371, 369, 371, 371, 373,
    371, 371, 370, 372, 369, 371, 370, 373, 370, 369, 371, 369, 371, 371,
    372, 370, 373, 373, 372, 371, 370 ]
LHandPositionsY: [ 232, 234, 233, 232, 233, 232, 232, 230, 234, 230, 230,
    231, 234, 231, 230, 234, 233, 230, 230, 233, 231, 234, 234, 234, 233,
    233, 230, 234, 234, 233, 230, 233, 233, 234, 233, 231, 230, 230, 233,
    234, 232, 232, 230, 233, 232, 232, 234, 230, 234, 233, 230, 233, 233,
    229, 231, 232, 231, 230, 233, 229, 229, 230, 229, 233, 229, 233, 230,
    232, 229, 233, 229, 232, 231, 231, 233, 233, 232, 232, 232, 233, 231,
    229, 230, 231, 233, 232, 233, 230 ]
RHandPositionsX: [ 169, 170, 167, 168, 169, 169, 171, 168, 169, 169, 168,
    167, 171, 167, 167, 167, 168, 170, 162, 153, 152, 147, 139, 133, 126,
    123, 117, 121, 125, 122, 126, 128, 135, 143, 144, 140, 137, 134, 135,
    139, 140, 144, 148, 150, 146, 146, 146, 150, 148, 147, 148, 151, 150,
    148, 150, 147, 149, 144, 146, 151, 154, 155, 157, 154, 153, 150, 150,
    150, 153, 160, 167, 173, 173, 176, 175, 172, 177, 172, 174, 172, 171,
    169, 172, 172, 171, 168, 171, 171 ]
RHandPositionsY: [ 266, 268, 265, 268, 265, 269, 269, 266, 269, 265, 266,
    265, 265, 268, 267, 269, 265, 267, 255, 242, 218, 200, 177, 158, 145,
    131, 114, 113, 109, 105, 108, 102, 101, 95, 95, 92, 92, 90, 91, 88,
    90, 88, 92, 89, 86, 86, 84, 87, 89, 87, 87, 86, 89, 87, 86, 87, 86,
    88, 86, 90, 90, 87, 90, 86, 88, 86, 91, 95, 104, 120, 132, 146, 162,
    170, 185, 188, 193, 204, 212, 217, 223, 225, 223, 235, 239, 236, 238,
    239 ]
