%YAML:1.0
---
videoName: "RHShake20.mp4"
gestureLabel: 2
fps: 29
pixelSizeInCmTemp: 3.3263888888888887e-01
faceCenterPointX: 286
faceCenterPointY: 45
LHandPositionsX: [ 393, 390, 393, 393, 393, 390, 393, 394, 393, 393, 390,
    391, 391, 391, 394, 390, 391, 391, 394, 393, 391, 390, 391, 390, 394,
    392, 391, 394, 391, 393, 393, 393, 394, 391, 390, 394, 393, 392, 394,
    392, 393, 392, 391, 391, 391, 391, 392, 393, 393, 390, 392, 390, 393,
    391, 390, 392, 391, 392, 392, 393, 391, 392, 393, 390, 392, 393, 392,
    394, 391, 391, 391, 394, 393, 390, 390, 394, 390, 393, 392, 391, 391,
    393, 392, 394, 392, 391, 394, 390 ]
LHandPositionsY: [ 245, 243, 243, 245, 245, 243, 242, 245, 243, 242, 241,
    243, 241, 240, 243, 243, 239, 242, 243, 242, 239, 240, 240, 241, 242,
    242, 243, 241, 243, 240, 243, 243, 243, 241, 239, 239, 241, 241, 241,
    243, 242, 243, 242, 241, 243, 239, 240, 240, 241, 243, 243, 241, 240,
    242, 239, 241, 241, 243, 243, 242, 239, 239, 240, 241, 240, 243, 243,
    242, 240, 242, 239, 241, 241, 239, 240, 239, 242, 242, 242, 240, 242,
    243, 242, 241, 242, 243, 240, 241 ]
RHandPositionsX: [ 164, 163, 162, 156, 151, 154, 153, 156, 159, 160, 160,
    161, 158, 153, 150, 151, 151, 152, 157, 160, 162, 162, 160, 153, 155,
    154, 149, 153, 162, 164, 161, 163, 158, 153, 155, 153, 152, 150, 161,
    166, 166, 164, 165, 160, 158, 154, 153, 151, 160, 164, 166, 167, 165,
    166, 167, 169, 164, 166, 161, 158, 163, 166, 172, 176, 181, 185, 188,
    187, 186, 183, 182, 182, 178, 180, 177, 176, 177, 178, 180, 176, 178,
    180, 176, 178, 176, 177, 179, 179 ]
RHandPositionsY: [ 112, 108, 104, 103, 98, 99, 99, 99, 103, 104, 102,
    100, 97, 97, 96, 99, 97, 104, 113, 116, 117, 115, 114, 110, 106, 106,
    107, 111, 120, 117, 116, 116, 111, 107, 106, 106, 106, 105, 115, 120,
    120, 124, 120, 118, 115, 114, 111, 109, 110, 115, 123, 122, 121, 126,
    122, 119, 118, 113, 111, 114, 117, 122, 132, 135, 147, 156, 164, 176,
    185, 192, 202, 211, 221, 226, 235, 232, 239, 242, 243, 241, 246, 245,
    245, 243, 245, 247, 246, 245 ]
