%YAML:1.0
---
videoName: "RHShake06.mp4"
gestureLabel: 2
fps: 30
pixelSizeInCmTemp: 3.2808219178082193e-01
faceCenterPointX: 293
faceCenterPointY: 43
LHandPositionsX: [ 310, 306, 307, 306, 308, 310, 307, 309, 309, 308, 310,
    307, 308, 306, 306, 309, 310, 310, 316, 318, 317, 321, 320, 320, 319,
    323, 321, 320, 321, 321, 320, 320, 324, 323, 322, 322, 324, 323, 322,
    324, 324, 323, 323, 322, 322, 324, 326, 323, 322, 322, 322, 322, 324,
    322, 322, 323, 325, 323, 326, 323, 323, 324, 325, 325, 326, 322, 325,
    323, 324, 325, 325, 323, 326, 324, 325, 323, 323, 322, 324, 324, 325,
    322, 324, 318, 317, 315, 313, 313, 312, 312, 312 ]
LHandPositionsY: [ 268, 267, 268, 269, 266, 266, 268, 267, 270, 269, 270,
    268, 270, 268, 269, 269, 269, 268, 265, 264, 265, 261, 262, 261, 260,
    261, 263, 258, 260, 258, 260, 259, 261, 258, 262, 261, 258, 258, 262,
    258, 258, 260, 261, 261, 261, 261, 261, 259, 262, 259, 262, 261, 258,
    261, 259, 258, 260, 261, 260, 262, 260, 260, 258, 260, 261, 260, 259,
    258, 258, 258, 261, 262, 258, 262, 259, 260, 261, 258, 261, 261, 259,
    258, 258, 262, 261, 265, 264, 266, 263, 264, 264 ]
RHandPositionsX: [ 288, 286, 286, 286, 285, 286, 285, 285, 288, 286, 287,
    286, 287, 287, 286, 285, 286, 286, 276, 264, 244, 224, 204, 181, 161,
    146, 138, 132, 141, 140, 141, 147, 164, 162, 164, 160, 163, 160, 160,
    159, 161, 171, 184, 189, 188, 183, 180, 175, 169, 174, 166, 167, 174,
    181, 185, 181, 183, 190, 178, 172, 171, 165, 167, 181, 178, 177, 173,
    173, 162, 163, 165, 166, 171, 182, 194, 191, 208, 221, 232, 242, 248,
    253, 255, 247, 246, 252, 254, 250, 256, 254, 255 ]
RHandPositionsY: [ 269, 267, 267, 268, 266, 269, 269, 270, 269, 269, 268,
    270, 269, 269, 266, 269, 271, 268, 267, 258, 247, 235, 218, 197, 180,
    160, 136, 121, 114, 106, 114, 118, 127, 117, 110, 104, 100, 87, 91,
    89, 89, 95, 96, 98, 100, 94, 94, 89, 90, 89, 86, 91, 95, 101, 102,
    100, 96, 99, 97, 94, 91, 88, 94, 103, 103, 102, 105, 102, 103, 107,
    116, 127, 144, 162, 176, 181, 193, 207, 214, 222, 231, 236, 239, 240,
    236, 244, 244, 241, 241, 243, 245 ]
