%YAML:1.0
---
videoName: "RHShake18.mp4"
gestureLabel: 2
fps: 30
pixelSizeInCmTemp: 3.3732394366197183e-01
faceCenterPointX: 275
faceCenterPointY: 40
LHandPositionsX: [ 376, 375, 376, 379, 375, 376, 377, 379, 379, 378, 377,
    376, 379, 375, 375, 377, 376, 375, 378, 377, 375, 378, 379, 376, 379,
    376, 377, 376, 379, 376, 377, 378, 375, 377, 375, 378, 377, 375, 377,
    376, 375, 376, 379, 377, 379, 377, 378, 377, 374, 373, 371, 370, 367,
    357, 354, 350, 336, 334, 326, 317, 301, 299, 298, 300, 296, 290, 289,
    291, 295, 295, 294, 291, 290, 290, 291, 289, 291, 291, 292, 291, 290,
    287, 286, 290, 289, 287, 289, 285, 286, 287, 286 ]
LHandPositionsY: [ 230, 232, 229, 230, 232, 230, 229, 232, 229, 231, 229,
    231, 230, 230, 231, 230, 231, 233, 232, 230, 231, 229, 229, 233, 229,
    232, 232, 230, 229, 232, 233, 230, 229, 229, 233, 232, 232, 232, 233,
    233, 230, 233, 229, 230, 233, 233, 233, 232, 228, 231, 233, 238, 238,
    236, 234, 235, 235, 234, 230, 227, 229, 230, 234, 231, 234, 235, 236,
    237, 237, 241, 242, 241, 242, 243, 241, 239, 240, 240, 241, 239, 242,
    241, 241, 241, 241, 239, 243, 241, 243, 242, 241 ]
RHandPositionsX: [ 155, 152, 153, 146, 149, 151, 151, 160, 164, 164, 163,
    161, 158, 153, 149, 150, 157, 165, 167, 170, 170, 161, 159, 160, 160,
    154, 155, 162, 164, 169, 163, 161, 157, 156, 156, 162, 174, 172, 172,
    168, 164, 157, 159, 156, 158, 165, 170, 183, 189, 199, 207, 218, 234,
    241, 255, 259, 268, 259, 253, 250, 246, 242, 239, 240, 235, 238, 235,
    234, 235, 236, 239, 239, 238, 237, 238, 236, 237, 238, 236, 238, 239,
    237, 237, 239, 236, 237, 237, 236, 236, 240, 240 ]
RHandPositionsY: [ 71, 71, 68, 71, 70, 65, 69, 70, 73, 74, 72, 69, 70,
    67, 67, 66, 70, 71, 72, 72, 73, 73, 66, 69, 65, 69, 70, 75, 76, 77,
    74, 75, 72, 75, 77, 79, 94, 89, 92, 91, 87, 87, 85, 82, 85, 88, 99,
    103, 110, 122, 131, 141, 153, 162, 175, 183, 191, 194, 198, 201, 201,
    205, 210, 213, 215, 217, 219, 219, 220, 224, 226, 225, 228, 225, 226,
    228, 228, 225, 227, 226, 224, 224, 227, 224, 224, 226, 228, 224, 226,
    224, 225 ]
