%YAML:1.0
---
videoName: "RHShake12.mp4"
gestureLabel: 2
fps: 29
pixelSizeInCmTemp: 3.3732394366197183e-01
faceCenterPointX: 299
faceCenterPointY: 45
LHandPositionsX: [ 408, 405, 404, 406, 407, 408, 407, 405, 407, 405, 406,
    406, 407, 408, 405, 405, 407, 404, 407, 404, 405, 407, 405, 406, 407,
    406, 404, 407, 405, 408, 405, 405, 404, 405, 404, 405, 408, 406, 404,
    407, 406, 408, 407, 408, 408, 406, 405, 405, 404, 405, 408, 408, 406,
    407, 406, 406, 405, 406, 407, 406, 408, 404, 404, 407, 406, 405, 407,
    407, 405, 404, 405, 407, 406, 407, 407, 406, 404, 404, 404, 405, 407,
    405, 407, 407, 404, 406, 406, 406 ]
LHandPositionsY: [ 241, 239, 242, 243, 239, 242, 243, 239, 241, 242, 243,
    243, 243, 240, 243, 243, 242, 241, 242, 241, 242, 241, 240, 240, 243,
    241, 239, 239, 243, 243, 241, 240, 243, 242, 240, 243, 240, 242, 239,
    243, 240, 240, 241, 240, 241, 239, 241, 242, 239, 240, 243, 241, 243,
    241, 243, 242, 239, 241, 242, 240, 241, 240, 240, 242, 242, 240, 242,
    240, 241, 242, 241, 239, 240, 239, 243, 239, 243, 239, 243, 240, 241,
    240, 239, 240, 240, 243, 241, 240 ]
RHandPositionsX: [ 170, 165, 161, 163, 161, 172, 182, 194, 190, 197, 191,
    183, 180, 173, 174, 167, 171, 175, 188, 186, 191, 182, 181, 174, 169,
    167, 166, 173, 188, 194, 194, 193, 185, 181, 178, 176, 171, 174, 182,
    189, 196, 195, 186, 179, 173, 177, 171, 175, 179, 192, 190, 193, 195,
    189, 186, 182, 176, 178, 175, 173, 180, 190, 200, 198, 201, 198, 196,
    188, 190, 186, 186, 184, 190, 195, 197, 200, 201, 201, 201, 200, 200,
    201, 196, 198, 198, 200, 200, 197 ]
RHandPositionsY: [ 139, 126, 119, 111, 104, 95, 97, 103, 106, 112, 99,
    94, 89, 89, 89, 83, 81, 89, 102, 105, 109, 99, 92, 88, 86, 83, 81,
    91, 102, 111, 113, 106, 100, 97, 91, 96, 87, 87, 95, 111, 115, 117,
    102, 99, 95, 96, 90, 85, 93, 110, 110, 111, 113, 100, 92, 91, 89, 90,
    87, 88, 94, 111, 122, 121, 121, 121, 111, 107, 113, 113, 114, 126,
    134, 147, 158, 163, 166, 177, 185, 194, 203, 209, 216, 221, 222, 227,
    230, 231 ]
