%YAML:1.0
---
videoName: "RHShake04.mp4"
gestureLabel: 2
fps: 29
pixelSizeInCmTemp: 3.1513157894736843e-01
faceCenterPointX: 292
faceCenterPointY: 47
LHandPositionsX: [ 409, 412, 410, 409, 413, 412, 411, 409, 409, 412, 412,
    412, 412, 412, 409, 410, 409, 412, 410, 407, 411, 411, 409, 406, 409,
    410, 406, 406, 406, 406, 409, 406, 405, 406, 406, 409, 409, 408, 409,
    409, 406, 407, 406, 409, 408, 409, 409, 407, 407, 406, 407, 405, 407,
    406, 406, 408, 409, 405, 409, 406, 409, 405, 404, 403, 406, 406, 404,
    403, 405, 405, 403, 404, 403, 406, 405, 406, 403, 405, 402, 404, 405,
    404, 401, 404, 403, 402, 401, 403 ]
LHandPositionsY: [ 264, 263, 265, 262, 265, 262, 262, 265, 261, 264, 264,
    261, 265, 265, 264, 264, 261, 261, 264, 262, 264, 260, 260, 262, 261,
    261, 263, 262, 263, 263, 261, 262, 263, 264, 263, 264, 263, 261, 264,
    260, 260, 262, 264, 261, 260, 264, 262, 260, 262, 262, 261, 264, 264,
    261, 260, 262, 262, 263, 261, 264, 264, 259, 260, 261, 260, 259, 260,
    261, 260, 260, 259, 258, 260, 258, 260, 262, 260, 261, 262, 259, 258,
    260, 260, 260, 261, 259, 257, 261 ]
RHandPositionsX: [ 181, 178, 179, 179, 181, 182, 182, 177, 177, 177, 179,
    180, 179, 179, 179, 178, 180, 180, 178, 176, 178, 176, 178, 184, 183,
    173, 172, 167, 161, 163, 163, 165, 179, 188, 192, 192, 189, 180, 172,
    169, 168, 169, 170, 173, 177, 177, 181, 175, 169, 165, 165, 169, 176,
    178, 181, 177, 176, 169, 168, 173, 172, 173, 176, 185, 196, 187, 182,
    176, 175, 173, 171, 172, 170, 177, 187, 192, 192, 191, 190, 186, 189,
    185, 185, 178, 174, 177, 174, 175 ]
RHandPositionsY: [ 265, 267, 266, 268, 264, 266, 267, 265, 264, 268, 264,
    268, 269, 271, 270, 267, 270, 268, 271, 267, 272, 272, 266, 246, 221,
    195, 170, 147, 126, 124, 118, 103, 98, 99, 105, 102, 96, 97, 96, 94,
    91, 91, 95, 98, 95, 97, 94, 94, 92, 91, 92, 93, 97, 100, 96, 99, 98,
    94, 93, 90, 90, 97, 99, 98, 97, 93, 96, 94, 93, 95, 94, 96, 98, 107,
    122, 133, 142, 152, 162, 178, 194, 209, 225, 230, 235, 245, 248, 249 ]
