%YAML:1.0
---
videoName: "RHShake13.mp4"
gestureLabel: 2
fps: 30
pixelSizeInCmTemp: 3.2808219178082193e-01
faceCenterPointX: 278
faceCenterPointY: 45
LHandPositionsX: [ 308, 306, 307, 309, 306, 309, 307, 309, 305, 307, 308,
    307, 305, 306, 305, 305, 306, 309, 306, 305, 307, 305, 307, 305, 305,
    305, 309, 305, 307, 308, 306, 305, 305, 309, 305, 309, 307, 308, 307,
    306, 306, 305, 308, 306, 308, 308, 307, 309, 309, 305, 309, 308, 309,
    305, 306, 309, 306, 307, 308, 306, 306, 306, 307, 306, 305, 307, 305,
    305, 308, 305, 307, 305, 307, 306, 308, 308, 307, 306, 306, 308, 300,
    305, 302, 305, 303, 307, 305, 304, 306, 304, 305 ]
LHandPositionsY: [ 244, 243, 245, 244, 242, 243, 242, 241, 241, 245, 245,
    241, 242, 241, 240, 244, 242, 242, 240, 243, 239, 242, 241, 242, 243,
    242, 243, 242, 240, 241, 242, 241, 241, 241, 240, 241, 243, 242, 242,
    238, 241, 240, 240, 239, 239, 241, 242, 238, 238, 238, 241, 238, 242,
    239, 240, 240, 239, 238, 240, 239, 238, 242, 241, 238, 241, 238, 242,
    238, 240, 240, 239, 241, 237, 240, 235, 234, 234, 233, 235, 235, 233,
    231, 232, 239, 237, 243, 242, 243, 243, 246, 243 ]
RHandPositionsX: [ 168, 150, 137, 139, 140, 140, 141, 143, 147, 148, 145,
    148, 143, 137, 134, 140, 141, 142, 144, 143, 135, 130, 133, 130, 131,
    132, 135, 137, 137, 138, 135, 130, 131, 129, 128, 134, 137, 134, 134,
    136, 133, 136, 135, 135, 138, 148, 150, 148, 147, 144, 145, 137, 135,
    138, 137, 142, 139, 139, 142, 136, 133, 132, 128, 133, 136, 139, 142,
    144, 152, 159, 169, 180, 188, 201, 210, 226, 238, 245, 254, 250, 253,
    254, 257, 258, 259, 257, 259, 260, 261, 257, 258 ]
RHandPositionsY: [ 157, 138, 120, 117, 113, 111, 106, 102, 96, 93, 93,
    91, 87, 88, 89, 86, 85, 91, 89, 89, 86, 88, 84, 88, 87, 86, 91, 89,
    88, 91, 91, 91, 90, 91, 89, 92, 94, 91, 93, 93, 92, 92, 88, 87, 92,
    97, 97, 93, 95, 95, 93, 92, 91, 92, 96, 100, 98, 100, 100, 100, 96,
    94, 96, 97, 100, 105, 109, 109, 121, 125, 138, 145, 154, 164, 179,
    187, 198, 206, 215, 217, 218, 220, 227, 235, 235, 237, 237, 241, 241,
    241, 239 ]
