%YAML:1.0
---
videoName: "RHShake11.mp4"
gestureLabel: 2
fps: 29
pixelSizeInCmTemp: 3.3263888888888887e-01
faceCenterPointX: 274
faceCenterPointY: 53
LHandPositionsX: [ 309, 311, 309, 308, 309, 310, 311, 307, 309, 311, 309,
    310, 311, 308, 307, 308, 308, 308, 310, 310, 309, 311, 307, 309, 311,
    309, 307, 311, 311, 309, 307, 309, 311, 308, 307, 310, 308, 310, 311,
    310, 309, 310, 309, 309, 308, 310, 311, 308, 307, 309, 308, 310, 309,
    308, 311, 311, 308, 308, 311, 309, 308, 309, 310, 308, 307, 310, 311,
    308, 308, 311, 311, 309, 311, 308, 307, 308, 308, 306, 309, 305, 304,
    305, 303, 303, 305, 305, 307, 303 ]
LHandPositionsY: [ 248, 249, 247, 249, 245, 247, 248, 249, 247, 246, 249,
    247, 248, 245, 248, 245, 245, 248, 249, 245, 249, 248, 245, 247, 246,
    248, 248, 246, 247, 247, 248, 245, 246, 248, 247, 248, 249, 245, 247,
    247, 245, 247, 249, 249, 246, 246, 249, 246, 249, 245, 246, 246, 248,
    248, 245, 246, 245, 247, 248, 245, 249, 248, 248, 247, 246, 249, 248,
    245, 245, 244, 246, 243, 244, 243, 244, 244, 247, 247, 243, 243, 246,
    243, 243, 247, 247, 246, 247, 244 ]
RHandPositionsX: [ 249, 247, 250, 246, 238, 225, 209, 194, 176, 158, 149,
    141, 144, 146, 153, 160, 159, 165, 172, 172, 170, 164, 155, 155, 151,
    154, 161, 166, 170, 165, 169, 167, 163, 160, 157, 157, 155, 155, 157,
    167, 171, 170, 173, 167, 167, 161, 158, 158, 156, 158, 166, 174, 175,
    180, 175, 177, 174, 171, 163, 167, 159, 159, 163, 165, 172, 179, 195,
    206, 220, 231, 241, 249, 253, 257, 261, 259, 259, 262, 263, 259, 260,
    258, 259, 259, 258, 261, 258, 261 ]
RHandPositionsY: [ 245, 248, 246, 239, 233, 221, 205, 192, 174, 160, 144,
    125, 125, 115, 103, 105, 105, 104, 104, 102, 102, 101, 99, 97, 96,
    93, 94, 99, 102, 102, 102, 100, 97, 98, 94, 97, 95, 98, 99, 107, 105,
    106, 106, 106, 101, 102, 99, 100, 97, 96, 104, 105, 107, 109, 107,
    108, 107, 103, 101, 100, 100, 100, 104, 105, 119, 128, 144, 159, 172,
    190, 202, 213, 221, 228, 235, 238, 235, 240, 239, 241, 238, 240, 238,
    242, 239, 238, 239, 238 ]
