%YAML:1.0
---
videoName: "RHShake15.mp4"
gestureLabel: 2
fps: 29
pixelSizeInCmTemp: 3.2808219178082193e-01
faceCenterPointX: 279
faceCenterPointY: 41
LHandPositionsX: [ 371, 371, 372, 372, 370, 368, 372, 369, 369, 368, 371,
    370, 371, 368, 372, 369, 368, 370, 371, 372, 368, 371, 370, 372, 372,
    370, 369, 369, 372, 368, 369, 369, 370, 371, 368, 369, 368, 368, 372,
    370, 370, 368, 368, 370, 370, 369, 372, 369, 371, 368, 370, 370, 368,
    372, 368, 370, 372, 369, 369, 371, 370, 371, 368, 370, 369, 371, 369,
    370, 368, 369, 368, 371, 368, 369, 368, 371, 370, 370, 372, 368, 372,
    369, 371, 369, 369, 368, 372, 368 ]
LHandPositionsY: [ 236, 235, 235, 235, 233, 233, 232, 234, 235, 233, 235,
    233, 232, 236, 233, 236, 233, 234, 236, 232, 235, 234, 232, 235, 236,
    232, 235, 232, 233, 232, 233, 236, 235, 235, 234, 236, 235, 233, 236,
    233, 236, 235, 236, 235, 231, 235, 233, 232, 232, 234, 231, 231, 235,
    235, 235, 235, 235, 234, 233, 231, 233, 231, 232, 232, 234, 235, 231,
    235, 234, 232, 232, 235, 235, 233, 234, 232, 233, 235, 232, 233, 234,
    231, 235, 232, 235, 235, 232, 233 ]
RHandPositionsX: [ 139, 126, 112, 108, 113, 108, 107, 107, 107, 111, 112,
    116, 112, 112, 108, 114, 113, 109, 106, 110, 113, 118, 117, 114, 111,
    106, 111, 108, 105, 108, 112, 116, 117, 117, 114, 109, 108, 113, 111,
    115, 112, 113, 116, 116, 123, 121, 118, 125, 120, 119, 118, 120, 123,
    129, 124, 127, 127, 129, 120, 120, 122, 122, 130, 135, 138, 142, 137,
    136, 140, 142, 143, 149, 150, 156, 156, 157, 160, 159, 161, 161, 159,
    159, 158, 161, 157, 158, 158, 160 ]
RHandPositionsY: [ 193, 171, 154, 145, 146, 142, 135, 129, 119, 115, 109,
    105, 101, 100, 96, 94, 98, 96, 93, 95, 96, 92, 92, 93, 91, 94, 94,
    92, 93, 95, 98, 105, 104, 104, 100, 101, 103, 104, 105, 102, 105,
    104, 108, 112, 109, 106, 105, 105, 105, 103, 104, 106, 110, 115, 117,
    112, 110, 109, 110, 109, 111, 118, 127, 134, 148, 166, 171, 180, 192,
    201, 208, 222, 231, 234, 239, 237, 248, 245, 247, 246, 245, 245, 249,
    246, 247, 245, 248, 245 ]
