%YAML:1.0
---
videoName: "RHShake18.mp4"
gestureLabel: 2
fps: 30
pixelSizeInCmTemp: 3.3732394366197183e-01
faceCenterPointX: 275
faceCenterPointY: 40
LHandPositionsX: [ 375, 375, 379, 377, 379, 378, 378, 378, 377, 376, 379,
    377, 377, 377, 377, 376, 375, 376, 379, 377, 377, 375, 377, 378, 379,
    375, 379, 378, 379, 375, 377, 375, 375, 376, 379, 378, 379, 377, 376,
    375, 377, 377, 376, 377, 379, 376, 379, 377, 373, 372, 372, 369, 366,
    360, 351, 346, 337, 333, 326, 315, 304, 301, 298, 300, 296, 288, 290,
    291, 296, 297, 294, 291, 289, 293, 293, 289, 288, 288, 289, 289, 290,
    290, 288, 287, 289, 286, 285, 287, 288, 285, 285 ]
LHandPositionsY: [ 232, 232, 229, 232, 229, 231, 232, 233, 232, 230, 233,
    233, 231, 230, 230, 231, 231, 231, 232, 232, 231, 230, 233, 230, 233,
    232, 232, 229, 233, 229, 232, 230, 231, 232, 233, 232, 231, 231, 232,
    229, 229, 229, 233, 231, 229, 232, 229, 231, 229, 228, 235, 236, 240,
    239, 235, 238, 232, 232, 230, 231, 229, 233, 232, 230, 235, 235, 233,
    235, 239, 241, 244, 241, 243, 241, 239, 241, 241, 242, 242, 240, 240,
    242, 240, 239, 240, 243, 243, 242, 240, 239, 242 ]
RHandPositionsX: [ 156, 153, 152, 145, 148, 147, 152, 157, 163, 164, 165,
    161, 156, 153, 149, 150, 158, 165, 167, 167, 167, 162, 158, 159, 159,
    157, 155, 161, 164, 168, 162, 158, 156, 158, 156, 164, 175, 172, 175,
    168, 163, 158, 159, 158, 161, 169, 171, 179, 190, 200, 208, 222, 230,
    243, 256, 263, 266, 258, 253, 249, 243, 240, 238, 238, 235, 236, 237,
    237, 237, 235, 241, 241, 237, 236, 238, 240, 239, 237, 239, 238, 236,
    236, 237, 236, 239, 237, 237, 239, 237, 238, 237 ]
RHandPositionsY: [ 75, 70, 69, 68, 68, 65, 66, 67, 71, 74, 73, 67, 69,
    69, 67, 69, 69, 72, 70, 74, 72, 70, 67, 69, 66, 67, 70, 73, 76, 74,
    77, 75, 72, 73, 75, 79, 94, 90, 92, 91, 86, 85, 86, 84, 85, 89, 98,
    104, 113, 124, 134, 143, 153, 163, 174, 183, 192, 195, 195, 201, 205,
    204, 206, 212, 214, 216, 220, 219, 224, 223, 227, 229, 225, 224, 227,
    224, 224, 227, 228, 226, 225, 225, 226, 226, 226, 226, 225, 227, 224,
    225, 227 ]
