%YAML:1.0
---
videoName: "RHShake00.mp4"
gestureLabel: 2
fps: 29
pixelSizeInCmTemp: 3.4710144927536229e-01
faceCenterPointX: 283
faceCenterPointY: 97
LHandPositionsX: [ 343, 346, 344, 343, 345, 345, 346, 342, 344, 344, 342,
    344, 345, 346, 345, 343, 345, 343, 346, 346, 343, 345, 345, 342, 345,
    343, 346, 346, 344, 342, 342, 342, 342, 346, 342, 345, 346, 345, 346,
    346, 346, 342, 342, 343, 343, 345, 346, 343, 346, 344, 346, 342, 342,
    345, 344, 343, 343, 344, 343, 344, 342, 344, 345, 345, 344, 345, 346,
    344, 345, 344, 346, 342, 346, 346, 345, 345, 345, 343, 343, 343, 343,
    344, 342, 342, 346, 346, 346, 342 ]
LHandPositionsY: [ 272, 272, 276, 273, 274, 272, 276, 274, 274, 276, 273,
    272, 276, 275, 272, 274, 275, 274, 273, 272, 272, 276, 273, 273, 274,
    272, 272, 274, 272, 274, 272, 273, 274, 275, 272, 272, 275, 276, 275,
    276, 275, 273, 273, 275, 274, 273, 275, 272, 276, 273, 272, 274, 272,
    272, 273, 276, 276, 275, 273, 275, 276, 275, 275, 273, 274, 274, 273,
    272, 272, 274, 273, 273, 275, 274, 276, 272, 272, 275, 275, 275, 275,
    276, 273, 273, 276, 273, 275, 274 ]
RHandPositionsX: [ 179, 174, 167, 153, 151, 148, 145, 145, 144, 142, 146,
    149, 150, 165, 167, 163, 171, 168, 165, 159, 151, 150, 149, 148, 153,
    163, 165, 165, 167, 164, 156, 151, 148, 148, 153, 156, 163, 162, 165,
    163, 163, 157, 148, 141, 141, 146, 151, 154, 156, 154, 158, 163, 156,
    150, 145, 146, 145, 151, 153, 162, 161, 162, 166, 164, 157, 151, 146,
    142, 141, 147, 152, 151, 155, 160, 162, 165, 171, 175, 178, 179, 185,
    189, 188, 192, 195, 196, 198, 198 ]
RHandPositionsY: [ 260, 253, 243, 221, 201, 189, 178, 167, 158, 151, 144,
    138, 133, 132, 140, 138, 135, 132, 127, 122, 121, 120, 120, 120, 128,
    134, 134, 135, 136, 131, 129, 126, 127, 122, 130, 134, 139, 139, 137,
    139, 142, 135, 134, 133, 127, 136, 133, 134, 140, 136, 140, 139, 135,
    133, 129, 132, 131, 132, 140, 144, 145, 143, 148, 148, 142, 136, 140,
    137, 139, 151, 158, 163, 169, 175, 180, 189, 197, 206, 215, 219, 228,
    236, 242, 249, 252, 257, 263, 262 ]
