%YAML:1.0
---
videoName: "RHShake20.mp4"
gestureLabel: 2
fps: 29
pixelSizeInCmTemp: 3.3263888888888887e-01
faceCenterPointX: 286
faceCenterPointY: 45
LHandPositionsX: [ 391, 391, 390, 390, 391, 393, 394, 390, 390, 390, 393,
    394, 394, 393, 392, 392, 390, 394, 391, 393, 390, 394, 393, 390, 394,
    390, 394, 390, 393, 394, 394, 394, 393, 392, 391, 391, 391, 393, 391,
    393, 391, 390, 393, 394, 392, 390, 391, 393, 391, 394, 394, 393, 394,
    392, 392, 393, 391, 390, 391, 394, 390, 393, 392, 393, 392, 392, 393,
    393, 394, 393, 392, 390, 391, 393, 391, 392, 390, 394, 391, 391, 394,
    392, 392, 394, 394, 390, 394, 394 ]
LHandPositionsY: [ 243, 245, 244, 242, 243, 241, 241, 245, 241, 242, 241,
    241, 243, 242, 243, 241, 241, 243, 241, 243, 243, 240, 239, 240, 243,
    239, 241, 241, 239, 241, 242, 242, 242, 239, 240, 243, 242, 242, 241,
    239, 243, 243, 243, 241, 241, 242, 242, 243, 242, 239, 239, 239, 243,
    243, 242, 239, 242, 239, 240, 241, 241, 243, 240, 241, 240, 243, 241,
    240, 240, 239, 240, 241, 241, 241, 242, 241, 241, 241, 240, 240, 241,
    241, 243, 240, 243, 240, 240, 241 ]
RHandPositionsX: [ 166, 159, 159, 158, 153, 154, 152, 155, 157, 157, 162,
    160, 157, 156, 150, 153, 148, 152, 160, 162, 161, 163, 159, 155, 153,
    153, 151, 152, 162, 162, 162, 162, 156, 152, 157, 155, 150, 152, 161,
    165, 165, 167, 164, 164, 155, 151, 154, 153, 157, 161, 166, 165, 166,
    170, 166, 169, 165, 164, 163, 158, 165, 170, 174, 176, 184, 183, 184,
    186, 185, 183, 182, 184, 179, 177, 176, 179, 178, 181, 176, 179, 176,
    178, 177, 180, 177, 177, 177, 180 ]
RHandPositionsY: [ 110, 106, 105, 104, 102, 101, 99, 101, 101, 103, 104,
    99, 96, 99, 95, 95, 100, 104, 114, 113, 115, 115, 113, 110, 109, 107,
    109, 111, 120, 117, 120, 113, 113, 108, 105, 106, 105, 108, 112, 120,
    124, 123, 124, 120, 113, 112, 113, 110, 109, 116, 122, 122, 124, 127,
    123, 120, 117, 115, 114, 112, 118, 122, 132, 137, 144, 155, 167, 175,
    183, 193, 202, 210, 217, 228, 235, 234, 240, 238, 239, 242, 246, 246,
    247, 245, 244, 243, 245, 243 ]
