%YAML:1.0
---
videoName: "RHShake21.mp4"
gestureLabel: 2
fps: 29
pixelSizeInCmTemp: 3.3732394366197183e-01
faceCenterPointX: 293
faceCenterPointY: 47
LHandPositionsX: [ 398, 398, 395, 394, 396, 398, 394, 398, 397, 398, 396,
    398, 398, 397, 398, 394, 394, 396, 397, 394, 394, 398, 398, 397, 396,
    397, 394, 394, 396, 396, 394, 397, 397, 396, 396, 395, 394, 396, 397,
    394, 397, 397, 398, 394, 397, 398, 398, 395, 398, 398, 398, 395, 397,
    396, 395, 395, 398, 398, 394, 397, 397, 396, 395, 396, 397, 398, 394,
    394, 397, 398, 395, 397, 394, 395, 396, 397, 395, 394, 394, 398, 398,
    395, 396, 396, 395, 395, 396, 397 ]
LHandPositionsY: [ 241, 239, 241, 241, 238, 242, 242, 238, 238, 239, 240,
    239, 238, 239, 238, 241, 240, 242, 240, 240, 241, 239, 238, 241, 242,
    241, 238, 238, 240, 239, 241, 238, 238, 242, 239, 240, 241, 242, 241,
    239, 240, 238, 240, 241, 241, 240, 239, 238, 241, 242, 240, 239, 239,
    238, 239, 241, 239, 242, 242, 242, 242, 239, 239, 241, 242, 240, 240,
    242, 240, 238, 239, 240, 241, 240, 239, 241, 239, 238, 240, 240, 241,
    239, 242, 242, 241, 242, 239, 242 ]
RHandPositionsX: [ 133, 141, 143, 142, 147, 144, 142, 138, 136, 134, 133,
    141, 144, 149, 147, 151, 149, 145, 140, 138, 133, 134, 141, 146, 147,
    152, 151, 152, 145, 142, 139, 139, 136, 138, 141, 144, 151, 152, 149,
    145, 140, 138, 135, 133, 136, 139, 146, 149, 152, 150, 146, 145, 138,
    136, 134, 137, 138, 146, 156, 160, 171, 179, 178, 182, 184, 183, 189,
    188, 186, 185, 190, 188, 188, 186, 189, 190, 187, 186, 187, 189, 185,
    186, 189, 189, 186, 187, 186, 187 ]
RHandPositionsY: [ 81, 88, 88, 88, 86, 85, 83, 79, 83, 82, 79, 86, 91,
    89, 92, 94, 92, 88, 83, 86, 85, 81, 80, 86, 87, 91, 91, 91, 91, 86,
    85, 83, 84, 85, 88, 88, 93, 93, 91, 88, 88, 88, 88, 84, 86, 93, 96,
    99, 97, 98, 98, 98, 92, 94, 94, 90, 94, 104, 113, 127, 141, 149, 151,
    151, 161, 170, 181, 192, 202, 210, 216, 215, 221, 228, 227, 225, 229,
    228, 231, 229, 227, 228, 230, 230, 231, 229, 230, 229 ]
