%YAML:1.0
---
videoName: "RHShake08.mp4"
gestureLabel: 2
fps: 29
pixelSizeInCmTemp: 3.2808219178082193e-01
faceCenterPointX: 290
faceCenterPointY: 45
LHandPositionsX: [ 315, 317, 315, 314, 314, 315, 316, 315, 313, 309, 312,
    310, 313, 309, 308, 309, 308, 311, 308, 308, 308, 307, 307, 306, 307,
    307, 308, 308, 310, 309, 308, 306, 310, 306, 309, 310, 309, 310, 310,
    310, 309, 306, 310, 308, 306, 310, 307, 305, 307, 308, 307, 306, 307,
    305, 305, 306, 305, 308, 309, 307, 306, 307, 308, 308, 308, 307, 305,
    305, 309, 308, 308, 308, 308, 309, 305, 307, 308, 305, 305, 309, 309,
    308, 310, 310, 309, 308, 306, 308 ]
LHandPositionsY: [ 282, 280, 279, 281, 283, 283, 280, 282, 281, 282, 281,
    282, 283, 283, 282, 285, 283, 284, 284, 283, 281, 284, 285, 284, 282,
    283, 284, 281, 281, 283, 285, 283, 284, 283, 284, 281, 285, 283, 282,
    282, 283, 285, 283, 281, 284, 282, 284, 284, 281, 280, 280, 281, 283,
    283, 282, 280, 284, 284, 280, 283, 281, 282, 284, 282, 282, 282, 283,
    283, 282, 283, 282, 280, 281, 281, 283, 281, 283, 283, 280, 284, 282,
    283, 280, 284, 282, 282, 282, 284 ]
RHandPositionsX: [ 267, 268, 268, 271, 269, 273, 273, 278, 265, 258, 257,
    258, 248, 237, 218, 200, 188, 163, 154, 161, 165, 175, 197, 200, 205,
    198, 194, 192, 181, 179, 191, 190, 205, 198, 193, 195, 185, 180, 181,
    179, 191, 189, 189, 187, 184, 176, 172, 174, 176, 184, 183, 187, 191,
    190, 194, 189, 187, 203, 203, 219, 212, 207, 203, 200, 199, 197, 200,
    208, 217, 213, 214, 215, 221, 227, 241, 248, 251, 261, 263, 265, 266,
    266, 267, 270, 273, 275, 274, 268 ]
RHandPositionsY: [ 268, 266, 269, 267, 267, 267, 269, 268, 267, 264, 253,
    246, 233, 218, 205, 184, 171, 151, 130, 127, 113, 111, 105, 107, 109,
    105, 101, 95, 94, 92, 89, 94, 94, 96, 94, 92, 87, 89, 86, 88, 90, 91,
    93, 90, 88, 89, 85, 87, 91, 94, 93, 96, 101, 95, 95, 90, 93, 92, 100,
    98, 100, 98, 93, 94, 95, 92, 95, 99, 106, 108, 113, 127, 131, 142,
    159, 176, 194, 213, 227, 246, 259, 259, 258, 259, 264, 266, 262, 262 ]
