%YAML:1.0
---
videoName: "RHShake21.mp4"
gestureLabel: 2
fps: 29
pixelSizeInCmTemp: 3.3732394366197183e-01
faceCenterPointX: 293
faceCenterPointY: 47
LHandPositionsX: [ 396, 396, 395, 395, 398, 395, 394, 397, 395, 394, 394,
    396, 398, 395, 396, 398, 398, 396, 397, 398, 395, 398, 398, 394, 397,
    398, 397, 396, 398, 398, 394, 394, 397, 397, 395, 398, 398, 395, 395,
    397, 398, 398, 394, 395, 394, 397, 398, 395, 398, 398, 398, 395, 394,
    394, 398, 395, 397, 395, 398, 398, 397, 396, 394, 396, 396, 398, 396,
    395, 395, 396, 397, 398, 396, 395, 397, 394, 398, 394, 398, 398, 395,
    397, 397, 395, 397, 396, 398, 394 ]
LHandPositionsY: [ 240, 239, 238, 239, 239, 242, 238, 238, 241, 240, 241,
    238, 238, 242, 242, 239, 240, 239, 238, 239, 238, 241, 239, 240, 242,
    241, 240, 240, 241, 241, 239, 239, 240, 242, 242, 241, 239, 240, 242,
    238, 239, 241, 242, 239, 238, 238, 242, 239, 240, 240, 241, 242, 242,
    240, 241, 239, 241, 242, 238, 241, 240, 239, 239, 241, 238, 238, 238,
    239, 239, 240, 240, 239, 240, 241, 238, 238, 239, 241, 241, 242, 238,
    240, 242, 239, 238, 242, 239, 239 ]
RHandPositionsX: [ 135, 142, 142, 146, 146, 146, 146, 138, 138, 133, 134,
    140, 147, 150, 150, 147, 147, 142, 139, 137, 134, 133, 140, 146, 150,
    149, 149, 150, 145, 146, 141, 136, 139, 140, 140, 145, 152, 154, 151,
    145, 143, 139, 136, 133, 135, 141, 144, 148, 148, 149, 145, 143, 136,
    137, 135, 136, 138, 147, 156, 160, 170, 178, 179, 179, 180, 183, 186,
    186, 187, 188, 189, 188, 185, 188, 188, 187, 187, 187, 187, 188, 185,
    185, 189, 189, 185, 185, 188, 188 ]
RHandPositionsY: [ 79, 87, 86, 88, 90, 83, 83, 80, 84, 81, 83, 83, 87,
    89, 92, 92, 92, 86, 86, 85, 86, 81, 83, 89, 87, 93, 90, 91, 88, 89,
    86, 85, 84, 85, 87, 87, 91, 93, 92, 90, 86, 85, 87, 87, 86, 91, 95,
    98, 99, 99, 97, 94, 93, 91, 90, 93, 93, 107, 113, 129, 138, 149, 151,
    152, 160, 170, 179, 190, 198, 207, 215, 213, 220, 228, 225, 224, 228,
    231, 229, 230, 227, 230, 227, 230, 227, 230, 227, 229 ]
