%YAML:1.0
---
videoName: "RHShake00.mp4"
gestureLabel: 2
fps: 29
pixelSizeInCmTemp: 3.4710144927536229e-01
faceCenterPointX: 283
faceCenterPointY: 97
LHandPositionsX: [ 346, 342, 345, 346, 343, 345, 345, 344, 345, 342, 346,
    346, 346, 346, 343, 345, 342, 346, 343, 342, 346, 346, 345, 344, 344,
    344, 342, 342, 342, 342, 345, 343, 342, 342, 344, 343, 342, 342, 343,
    346, 346, 343, 342, 345, 344, 344, 343, 344, 344, 345, 343, 345, 346,
    345, 343, 342, 344, 346, 344, 344, 346, 346, 343, 342, 346, 342, 344,
    343, 345, 346, 345, 345, 342, 346, 346, 342, 345, 344, 342, 346, 342,
    345, 342, 344, 345, 345, 343, 342 ]
LHandPositionsY: [ 273, 274, 272, 274, 272, 276, 274, 276, 275, 274, 276,
    272, 274, 276, 274, 274, 276, 274, 275, 276, 274, 272, 273, 274, 275,
    276, 272, 276, 275, 276, 272, 273, 272, 273, 275, 273, 273, 272, 274,
    275, 276, 272, 274, 276, 276, 275, 276, 272, 275, 274, 274, 274, 273,
    275, 273, 273, 273, 276, 276, 273, 272, 276, 272, 273, 273, 276, 275,
    274, 272, 276, 273, 273, 274, 276, 275, 272, 276, 276, 272, 274, 272,
    272, 274, 274, 273, 275, 273, 276 ]
RHandPositionsX: [ 177, 171, 167, 156, 147, 146, 147, 142, 145, 141, 146,
    146, 152, 167, 168, 165, 170, 167, 163, 158, 152, 153, 148, 147, 155,
    166, 163, 164, 167, 164, 155, 151, 152, 145, 152, 155, 165, 162, 164,
    163, 163, 155, 150, 143, 140, 148, 150, 151, 156, 157, 158, 164, 158,
    152, 144, 145, 143, 149, 154, 163, 159, 160, 165, 161, 155, 150, 146,
    140, 140, 145, 151, 151, 156, 159, 163, 168, 169, 172, 175, 181, 183,
    185, 189, 192, 194, 193, 197, 195 ]
RHandPositionsY: [ 258, 252, 240, 221, 203, 186, 176, 170, 159, 152, 140,
    135, 133, 132, 137, 141, 133, 131, 127, 122, 121, 124, 119, 122, 126,
    134, 132, 134, 134, 131, 127, 126, 126, 125, 132, 135, 138, 141, 139,
    140, 138, 133, 133, 131, 128, 132, 131, 134, 136, 136, 136, 138, 132,
    129, 128, 131, 131, 132, 138, 146, 145, 144, 146, 147, 143, 139, 139,
    135, 143, 147, 156, 160, 167, 173, 181, 189, 196, 206, 214, 220, 228,
    236, 240, 250, 254, 257, 262, 261 ]
