%YAML:1.0
---
videoName: "RHShake17.mp4"
gestureLabel: 2
fps: 29
pixelSizeInCmTemp: 3.3732394366197183e-01
faceCenterPointX: 282
faceCenterPointY: 40
LHandPositionsX: [ 308, 309, 308, 305, 307, 307, 309, 305, 308, 305, 306,
    307, 305, 305, 307, 305, 305, 309, 309, 308, 308, 305, 307, 309, 309,
    308, 309, 307, 308, 305, 306, 307, 309, 305, 308, 306, 309, 307, 305,
    308, 306, 308, 307, 309, 309, 309, 308, 306, 309, 306, 309, 307, 307,
    307, 311, 307, 307, 310, 307, 310, 307, 311, 311, 310, 309, 309, 309,
    307, 311, 311, 308, 308, 308, 309, 310, 306, 308, 306, 306, 307, 305,
    308, 305, 309, 305, 306, 308, 309 ]
LHandPositionsY: [ 234, 235, 231, 235, 232, 232, 231, 235, 233, 231, 233,
    232, 233, 232, 231, 234, 232, 234, 234, 231, 235, 235, 234, 231, 231,
    233, 234, 234, 232, 232, 235, 231, 234, 232, 233, 233, 231, 233, 234,
    234, 231, 231, 234, 231, 234, 234, 231, 234, 234, 233, 233, 235, 231,
    231, 235, 235, 233, 231, 234, 232, 231, 231, 234, 232, 233, 233, 235,
    231, 235, 235, 234, 234, 232, 235, 235, 235, 231, 233, 234, 233, 233,
    234, 235, 233, 231, 232, 235, 234 ]
RHandPositionsX: [ 212, 198, 174, 160, 138, 145, 146, 147, 142, 144, 144,
    148, 156, 154, 150, 146, 144, 142, 144, 147, 162, 157, 155, 152, 151,
    146, 149, 144, 147, 155, 156, 157, 160, 157, 151, 146, 141, 142, 138,
    152, 152, 153, 157, 162, 153, 153, 149, 153, 155, 158, 171, 170, 166,
    162, 158, 159, 150, 153, 149, 150, 151, 165, 173, 178, 176, 176, 179,
    178, 172, 168, 175, 170, 167, 170, 169, 167, 171, 168, 171, 169, 169,
    171, 167, 167, 168, 166, 169, 168 ]
RHandPositionsY: [ 203, 185, 168, 147, 130, 111, 109, 102, 96, 93, 99,
    89, 84, 81, 76, 74, 69, 70, 71, 72, 80, 75, 72, 73, 67, 67, 69, 69,
    64, 69, 69, 67, 64, 67, 68, 64, 66, 65, 68, 81, 81, 80, 81, 79, 77,
    73, 75, 71, 75, 76, 92, 89, 85, 83, 77, 79, 79, 81, 78, 82, 93, 108,
    119, 134, 148, 158, 170, 183, 190, 198, 208, 217, 222, 231, 233, 233,
    236, 240, 239, 242, 239, 241, 242, 241, 242, 244, 243, 244 ]
