%YAML:1.0
---
videoName: "RHShake23.mp4"
gestureLabel: 2
fps: 29
pixelSizeInCmTemp: 3.3263888888888887e-01
faceCenterPointX: 298
faceCenterPointY: 49
LHandPositionsX: [ 388, 389, 387, 391, 389, 391, 388, 389, 389, 390, 387,
    391, 389, 388, 387, 391, 390, 387, 389, 388, 388, 389, 391, 391, 389,
    388, 387, 388, 388, 390, 391, 387, 390, 387, 387, 388, 387, 387, 388,
    390, 391, 389, 388, 387, 391, 387, 388, 387, 389, 388, 390, 388, 389,
    387, 391, 387, 391, 391, 390, 391, 388, 390, 387, 391, 389, 389, 388,
    388, 388, 389, 387, 390, 388, 390, 389, 387, 387, 387, 389, 388, 391,
    388, 388, 391, 391, 389, 388, 389 ]
LHandPositionsY: [ 224, 225, 225, 226, 224, 228, 226, 226, 224, 224, 224,
    227, 225, 224, 224, 224, 226, 226, 227, 224, 224, 224, 227, 226, 228,
    227, 227, 227, 225, 226, 224, 225, 226, 227, 224, 224, 226, 228, 225,
    226, 228, 227, 228, 227, 224, 224, 227, 227, 227, 228, 224, 227, 225,
    227, 225, 226, 225, 225, 227, 226, 225, 226, 226, 224, 225, 228, 227,
    226, 226, 228, 226, 227, 224, 225, 227, 227, 225, 225, 226, 228, 224,
    228, 227, 228, 224, 224, 228, 227 ]
RHandPositionsX: [ 170, 168, 175, 187, 191, 187, 196, 191, 182, 176, 172,
    175, 172, 179, 190, 197, 197, 199, 200, 192, 183, 183, 175, 175, 170,
    172, 173, 179, 193, 201, 201, 199, 198, 195, 193, 185, 182, 182, 177,
    183, 184, 197, 200, 201, 207, 203, 199, 188, 182, 179, 177, 177, 179,
    188, 192, 201, 203, 210, 209, 211, 212, 211, 208, 209, 212, 206, 206,
    204, 203, 203, 203, 204, 203, 202, 203, 204, 204, 203, 203, 201, 202,
    202, 200, 202, 201, 197, 199, 197 ]
RHandPositionsY: [ 97, 96, 97, 113, 118, 114, 119, 111, 104, 99, 100,
    100, 97, 101, 111, 123, 123, 122, 127, 110, 104, 103, 101, 100, 99,
    98, 97, 97, 114, 121, 121, 121, 121, 110, 107, 106, 104, 103, 102,
    102, 115, 119, 123, 121, 124, 128, 125, 109, 109, 106, 105, 101, 99,
    115, 130, 134, 140, 147, 151, 153, 159, 168, 172, 182, 190, 200, 208,
    214, 215, 217, 219, 219, 223, 223, 226, 228, 226, 225, 224, 225, 227,
    226, 227, 225, 227, 226, 228, 227 ]
