%YAML:1.0
---
videoName: "RHShake08.mp4"
gestureLabel: 2
fps: 29
pixelSizeInCmTemp: 3.2808219178082193e-01
faceCenterPointX: 290
faceCenterPointY: 45
LHandPositionsX: [ 317, 316, 314, 313, 314, 315, 316, 312, 313, 309, 312,
    309, 312, 309, 309, 307, 309, 310, 306, 308, 308, 306, 309, 309, 306,
    309, 309, 306, 307, 309, 308, 308, 307, 308, 311, 310, 310, 308, 308,
    310, 306, 310, 308, 307, 309, 308, 308, 309, 309, 309, 306, 305, 306,
    306, 307, 307, 308, 307, 307, 306, 305, 309, 306, 308, 309, 307, 309,
    307, 306, 305, 306, 306, 309, 306, 309, 307, 309, 305, 306, 307, 307,
    307, 308, 309, 311, 308, 306, 310 ]
LHandPositionsY: [ 280, 280, 281, 283, 279, 282, 282, 285, 285, 285, 285,
    282, 285, 281, 283, 282, 284, 282, 282, 281, 282, 281, 281, 282, 285,
    282, 284, 285, 282, 284, 285, 282, 284, 285, 281, 285, 284, 281, 284,
    282, 285, 285, 285, 281, 280, 283, 282, 281, 283, 284, 284, 284, 281,
    282, 284, 280, 281, 283, 284, 281, 283, 280, 282, 282, 282, 282, 282,
    280, 281, 283, 280, 282, 283, 281, 282, 280, 283, 283, 283, 281, 281,
    280, 282, 284, 281, 283, 281, 281 ]
RHandPositionsX: [ 268, 270, 270, 271, 269, 271, 273, 278, 268, 258, 258,
    257, 250, 235, 220, 200, 187, 163, 155, 160, 166, 173, 199, 199, 203,
    200, 196, 189, 185, 179, 191, 192, 205, 202, 197, 196, 185, 181, 177,
    179, 193, 190, 186, 184, 184, 180, 176, 173, 173, 184, 184, 188, 191,
    189, 194, 189, 186, 203, 203, 218, 213, 204, 203, 200, 200, 193, 203,
    206, 213, 210, 213, 218, 225, 227, 239, 249, 252, 262, 261, 262, 267,
    269, 268, 269, 273, 276, 274, 268 ]
RHandPositionsY: [ 266, 267, 268, 268, 270, 269, 268, 269, 266, 264, 253,
    243, 229, 219, 201, 183, 173, 154, 131, 127, 112, 107, 106, 104, 108,
    104, 99, 93, 91, 91, 90, 94, 94, 97, 95, 89, 90, 88, 89, 89, 90, 93,
    94, 92, 89, 87, 86, 88, 91, 93, 94, 93, 100, 97, 94, 92, 91, 93, 96,
    96, 100, 98, 96, 92, 96, 92, 95, 98, 103, 109, 110, 124, 130, 142,
    158, 174, 191, 217, 227, 246, 258, 258, 260, 260, 262, 262, 262, 263 ]
