%YAML:1.0
---
videoName: "RHShake09.mp4"
gestureLabel: 2
fps: 29
pixelSizeInCmTemp: 3.1103896103896100e-01
faceCenterPointX: 296
faceCenterPointY: 48
LHandPositionsX: [ 326, 323, 322, 323, 323, 322, 324, 320, 318, 319, 318,
    317, 312, 314, 313, 309, 309, 311, 312, 308, 310, 307, 307, 307, 306,
    306, 305, 304, 304, 305, 309, 308, 310, 310, 307, 310, 307, 309, 311,
    308, 310, 307, 307, 309, 309, 313, 311, 313, 314, 313, 314, 315, 312,
    315, 312, 316, 314, 313, 315, 317, 314, 314, 314, 316, 317, 317, 316,
    317, 318, 317, 314, 318, 316, 317, 314, 314, 313, 316, 317, 315, 315,
    314, 314, 316, 314, 315, 316, 317 ]
LHandPositionsY: [ 269, 265, 270, 271, 269, 269, 268, 273, 269, 270, 270,
    274, 274, 273, 273, 274, 274, 275, 274, 275, 276, 272, 275, 276, 272,
    274, 275, 275, 277, 273, 275, 275, 273, 274, 273, 277, 276, 273, 273,
    277, 277, 274, 276, 274, 275, 274, 276, 277, 277, 274, 274, 275, 274,
    276, 272, 273, 275, 276, 274, 275, 273, 276, 272, 274, 274, 274, 273,
    272, 275, 274, 275, 273, 275, 273, 276, 275, 272, 272, 275, 275, 274,
    272, 275, 275, 272, 274, 274, 275 ]
RHandPositionsX: [ 264, 263, 266, 265, 261, 261, 265, 263, 260, 260, 263,
    260, 261, 259, 260, 258, 257, 257, 256, 257, 257, 259, 255, 257, 257,
    256, 257, 257, 253, 256, 263, 262, 255, 244, 225, 202, 188, 179, 169,
    170, 175, 173, 181, 185, 187, 186, 180, 179, 177, 176, 186, 190, 191,
    199, 192, 188, 181, 176, 180, 186, 185, 182, 193, 190, 188, 182, 177,
    171, 174, 179, 185, 187, 187, 182, 177, 179, 182, 181, 183, 190, 192,
    190, 199, 204, 207, 216, 226, 238 ]
RHandPositionsY: [ 259, 262, 262, 265, 267, 265, 264, 266, 268, 265, 269,
    269, 269, 267, 265, 269, 268, 269, 265, 267, 268, 266, 269, 268, 268,
    268, 267, 269, 267, 268, 266, 259, 248, 231, 215, 198, 175, 159, 139,
    134, 118, 108, 105, 112, 107, 105, 101, 90, 87, 87, 88, 96, 97, 97,
    96, 93, 87, 88, 89, 89, 93, 98, 96, 97, 91, 88, 87, 89, 89, 96, 97,
    95, 96, 92, 93, 93, 88, 93, 97, 106, 107, 106, 121, 135, 144, 152,
    170, 186 ]
