%YAML:1.0
---
videoName: "RHShake07.mp4"
gestureLabel: 2
fps: 29
pixelSizeInCmTemp: 3.2364864864864862e-01
faceCenterPointX: 292
faceCenterPointY: 44
LHandPositionsX: [ 307, 307, 308, 307, 308, 308, 309, 306, 306, 308, 310,
    311, 310, 311, 309, 313, 310, 312, 312, 311, 314, 311, 312, 310, 311,
    311, 311, 313, 312, 310, 311, 314, 312, 316, 314, 314, 316, 315, 316,
    314, 313, 312, 316, 312, 312, 312, 313, 315, 314, 312, 313, 316, 312,
    315, 315, 315, 314, 316, 314, 312, 314, 312, 316, 312, 316, 314, 314,
    314, 313, 316, 312, 315, 313, 315, 313, 317, 313, 315, 315, 313, 307,
    309, 312, 308, 312, 308, 310, 308 ]
LHandPositionsY: [ 268, 269, 268, 270, 270, 268, 271, 272, 272, 274, 272,
    270, 272, 269, 271, 271, 270, 270, 267, 270, 270, 268, 267, 270, 271,
    268, 271, 270, 268, 267, 270, 267, 270, 267, 267, 267, 270, 268, 267,
    270, 267, 271, 270, 269, 269, 269, 268, 269, 267, 269, 267, 267, 267,
    270, 271, 270, 271, 268, 270, 268, 271, 270, 271, 268, 271, 267, 268,
    268, 269, 271, 269, 266, 268, 266, 270, 267, 268, 267, 270, 272, 273,
    271, 271, 272, 274, 275, 275, 272 ]
RHandPositionsX: [ 267, 264, 267, 265, 267, 263, 265, 269, 263, 269, 267,
    263, 252, 236, 218, 198, 178, 162, 151, 155, 161, 153, 158, 160, 163,
    179, 188, 184, 178, 168, 168, 165, 178, 183, 186, 185, 180, 174, 168,
    169, 174, 175, 182, 182, 185, 182, 179, 174, 166, 167, 165, 185, 185,
    201, 193, 186, 183, 175, 171, 172, 164, 167, 173, 174, 175, 181, 177,
    176, 171, 167, 156, 166, 180, 196, 216, 229, 243, 258, 272, 279, 273,
    270, 272, 267, 266, 266, 265, 267 ]
RHandPositionsY: [ 255, 252, 254, 252, 254, 252, 251, 252, 256, 255, 250,
    242, 233, 219, 203, 185, 168, 156, 136, 132, 125, 113, 119, 124, 128,
    113, 103, 99, 91, 92, 86, 88, 106, 106, 104, 100, 96, 95, 94, 90, 89,
    95, 96, 97, 99, 94, 94, 91, 91, 87, 83, 89, 95, 100, 100, 96, 96, 90,
    91, 89, 87, 89, 94, 90, 91, 95, 87, 87, 89, 89, 92, 117, 136, 150,
    168, 184, 207, 226, 237, 245, 245, 250, 250, 252, 251, 255, 257, 258 ]
