%YAML:1.0
---
videoName: "RHShake17.mp4"
gestureLabel: 2
fps: 29
pixelSizeInCmTemp: 3.3732394366197183e-01
faceCenterPointX: 282
faceCenterPointY: 40
LHandPositionsX: [ 309, 306, 309, 306, 306, 306, 309, 306, 309, 306, 305,
    309, 307, 306, 308, 306, 306, 307, 308, 305, 308, 309, 308, 305, 305,
    305, 308, 307, 305, 305, 308, 309, 309, 307, 308, 305, 309, 308, 306,
    306, 306, 310, 306, 306, 307, 307, 309, 307, 309, 309, 309, 308, 307,
    307, 308, 309, 308, 308, 307, 309, 311, 311, 311, 309, 309, 310, 307,
    310, 310, 307, 311, 309, 308, 306, 309, 310, 308, 310, 306, 306, 309,
    308, 307, 308, 306, 307, 305, 306 ]
LHandPositionsY: [ 234, 232, 233, 231, 235, 231, 231, 235, 234, 233, 235,
    235, 232, 232, 235, 234, 235, 234, 234, 232, 233, 232, 231, 234, 235,
    232, 235, 235, 234, 233, 234, 231, 233, 233, 233, 235, 235, 235, 232,
    235, 231, 234, 233, 231, 232, 235, 231, 231, 235, 233, 233, 234, 235,
    234, 232, 234, 231, 233, 235, 234, 234, 232, 235, 231, 231, 234, 235,
    233, 234, 235, 233, 235, 234, 231, 231, 235, 232, 234, 231, 234, 233,
    235, 233, 235, 233, 233, 234, 235 ]
RHandPositionsX: [ 210, 197, 175, 158, 141, 141, 143, 145, 142, 140, 145,
    149, 156, 155, 148, 144, 142, 144, 140, 147, 164, 160, 157, 154, 150,
    145, 145, 144, 149, 153, 154, 157, 162, 157, 149, 144, 143, 139, 136,
    154, 154, 152, 156, 159, 156, 149, 149, 152, 155, 158, 172, 168, 167,
    161, 157, 158, 152, 154, 147, 151, 155, 166, 170, 176, 179, 179, 179,
    177, 173, 171, 175, 169, 169, 168, 171, 170, 172, 172, 170, 167, 168,
    169, 168, 168, 167, 169, 170, 169 ]
RHandPositionsY: [ 204, 186, 168, 148, 127, 112, 106, 105, 95, 92, 96,
    88, 83, 80, 73, 72, 68, 68, 71, 71, 79, 74, 72, 70, 69, 67, 67, 68,
    65, 67, 67, 69, 68, 66, 67, 63, 63, 63, 65, 81, 82, 83, 78, 79, 74,
    72, 75, 74, 75, 74, 88, 90, 84, 83, 78, 76, 80, 78, 77, 83, 90, 108,
    117, 135, 149, 161, 169, 180, 191, 198, 207, 217, 224, 228, 236, 235,
    236, 239, 237, 242, 243, 241, 243, 240, 241, 245, 243, 242 ]
