%YAML:1.0
---
videoName: "RHShake21.mp4"
gestureLabel: 2
fps: 29
pixelSizeInCmTemp: 3.3732394366197183e-01
faceCenterPointX: 293
faceCenterPointY: 47
LHandPositionsX: [ 397, 395, 394, 394, 394, 397, 398, 398, 398, 396, 394,
    396, 398, 396, 395, 394, 397, 395, 397, 398, 394, 396, 395, 394, 394,
    398, 397, 398, 397, 397, 397, 396, 397, 397, 397, 398, 394, 395, 396,
    398, 398, 396, 397, 394, 397, 397, 397, 394, 398, 394, 397, 394, 395,
    397, 397, 397, 396, 395, 397, 397, 395, 395, 394, 394, 396, 395, 398,
    398, 394, 398, 398, 395, 394, 394, 398, 398, 396, 398, 398, 396, 398,
    396, 396, 396, 398, 394, 395, 396 ]
LHandPositionsY: [ 242, 241, 240, 240, 241, 239, 239, 242, 240, 242, 241,
    238, 238, 241, 241, 238, 241, 239, 240, 238, 239, 241, 242, 242, 240,
    242, 241, 240, 242, 242, 239, 242, 238, 241, 239, 239, 240, 239, 242,
    240, 240, 240, 238, 242, 240, 238, 239, 242, 238, 242, 238, 238, 240,
    242, 240, 241, 239, 241, 238, 240, 238, 239, 240, 242, 241, 239, 238,
    239, 238, 242, 239, 239, 241, 240, 241, 239, 240, 242, 241, 242, 241,
    242, 239, 240, 239, 239, 238, 238 ]
RHandPositionsX: [ 136, 138, 141, 143, 147, 145, 146, 139, 139, 134, 133,
    139, 145, 151, 150, 148, 147, 145, 137, 138, 136, 136, 139, 145, 150,
    149, 152, 152, 146, 143, 141, 135, 139, 138, 140, 146, 148, 152, 149,
    147, 144, 138, 137, 137, 136, 138, 146, 147, 149, 148, 145, 145, 140,
    134, 132, 136, 141, 144, 153, 160, 170, 177, 179, 182, 181, 186, 187,
    185, 188, 187, 189, 189, 187, 186, 186, 189, 189, 187, 188, 187, 186,
    186, 185, 187, 185, 189, 188, 186 ]
RHandPositionsY: [ 83, 86, 88, 88, 86, 83, 82, 79, 80, 80, 82, 85, 91,
    90, 91, 92, 92, 87, 85, 87, 87, 83, 83, 89, 90, 92, 90, 91, 88, 87,
    87, 84, 85, 85, 85, 88, 92, 96, 94, 88, 86, 85, 86, 86, 83, 93, 95,
    95, 98, 98, 98, 98, 94, 95, 90, 92, 95, 103, 113, 127, 140, 149, 152,
    152, 160, 171, 181, 190, 200, 208, 216, 213, 218, 224, 227, 225, 229,
    231, 228, 231, 230, 231, 231, 227, 228, 227, 227, 229 ]
