%YAML:1.0
---
videoName: "RHShake18.mp4"
gestureLabel: 2
fps: 30
pixelSizeInCmTemp: 3.3732394366197183e-01
faceCenterPointX: 275
faceCenterPointY: 40
LHandPositionsX: [ 379, 375, 379, 379, 376, 378, 375, 378, 376, 377, 379,
    379, 376, 376, 379, 375, 378, 379, 376, 377, 377, 379, 378, 378, 379,
    376, 378, 375, 375, 378, 375, 378, 375, 379, 377, 379, 378, 377, 378,
    376, 376, 378, 376, 377, 376, 375, 379, 377, 374, 371, 372, 368, 367,
    358, 353, 350, 339, 331, 326, 317, 304, 298, 299, 299, 298, 289, 290,
    288, 296, 295, 291, 289, 290, 293, 293, 291, 289, 288, 291, 289, 289,
    291, 286, 287, 289, 288, 287, 287, 289, 285, 287 ]
LHandPositionsY: [ 229, 231, 233, 233, 229, 233, 232, 229, 231, 231, 229,
    229, 231, 232, 231, 231, 230, 232, 230, 231, 231, 233, 231, 232, 230,
    229, 231, 232, 230, 229, 231, 233, 232, 233, 232, 231, 230, 231, 233,
    229, 229, 231, 232, 229, 232, 229, 232, 233, 230, 230, 234, 239, 240,
    237, 235, 236, 234, 233, 231, 228, 232, 234, 231, 233, 235, 235, 237,
    238, 236, 240, 244, 240, 243, 243, 241, 239, 239, 241, 239, 239, 239,
    241, 243, 239, 243, 243, 241, 242, 239, 242, 243 ]
RHandPositionsX: [ 159, 153, 151, 147, 148, 147, 151, 161, 161, 166, 165,
    163, 154, 151, 152, 149, 157, 163, 166, 168, 170, 162, 160, 157, 158,
    156, 157, 165, 164, 167, 165, 160, 160, 158, 157, 164, 176, 176, 171,
    168, 165, 159, 159, 157, 158, 165, 174, 180, 192, 197, 207, 222, 232,
    242, 255, 260, 269, 258, 252, 250, 246, 242, 240, 238, 235, 234, 236,
    233, 234, 237, 238, 237, 237, 238, 240, 239, 237, 236, 238, 240, 237,
    238, 237, 240, 237, 240, 240, 239, 240, 240, 240 ]
RHandPositionsY: [ 72, 69, 69, 71, 69, 67, 66, 68, 74, 73, 73, 67, 71,
    69, 65, 66, 67, 73, 70, 73, 71, 71, 68, 68, 69, 67, 72, 74, 77, 77,
    77, 73, 71, 71, 74, 80, 92, 92, 92, 92, 90, 86, 86, 85, 84, 87, 99,
    100, 110, 123, 131, 144, 151, 165, 171, 184, 189, 194, 195, 198, 204,
    207, 210, 211, 212, 214, 216, 220, 223, 224, 226, 228, 228, 228, 224,
    225, 224, 226, 224, 228, 224, 225, 228, 226, 225, 227, 227, 228, 225,
    228, 228 ]
