%YAML:1.0
---
videoName: "RHShake11.mp4"
gestureLabel: 2
fps: 29
pixelSizeInCmTemp: 3.3263888888888887e-01
faceCenterPointX: 274
faceCenterPointY: 53
LHandPositionsX: [ 309, 310, 311, 307, 309, 307, 309, 308, 307, 308, 308,
    307, 308, 308, 310, 307, 310, 308, 308, 310, 309, 309, 311, 311, 310,
    307, 309, 307, 307, 308, 308, 309, 311, 310, 310, 307, 311, 309, 309,
    310, 309, 311, 309, 307, 311, 310, 307, 310, 307, 307, 310, 307, 311,
    309, 310, 307, 307, 307, 310, 308, 310, 310, 308, 307, 307, 310, 311,
    310, 308, 309, 311, 309, 311, 311, 310, 308, 309, 306, 309, 307, 304,
    307, 306, 307, 303, 303, 304, 306 ]
LHandPositionsY: [ 249, 246, 245, 249, 246, 248, 247, 248, 248, 249, 247,
    249, 249, 245, 245, 248, 245, 249, 249, 246, 249, 248, 249, 247, 247,
    247, 246, 245, 248, 248, 246, 246, 246, 249, 246, 248, 245, 248, 245,
    249, 246, 246, 248, 245, 247, 249, 245, 246, 247, 245, 246, 248, 249,
    249, 248, 248, 245, 247, 246, 246, 247, 246, 248, 245, 245, 246, 245,
    246, 246, 247, 245, 244, 244, 244, 246, 245, 244, 243, 243, 247, 246,
    247, 244, 245, 246, 246, 245, 245 ]
RHandPositionsX: [ 248, 248, 247, 245, 236, 225, 210, 191, 173, 157, 147,
    138, 146, 147, 150, 156, 160, 166, 168, 174, 168, 161, 156, 154, 154,
    154, 159, 168, 169, 167, 166, 170, 163, 161, 155, 158, 156, 154, 158,
    169, 170, 168, 174, 169, 167, 158, 158, 159, 158, 160, 166, 174, 174,
    177, 178, 176, 170, 170, 166, 163, 160, 159, 162, 165, 173, 180, 192,
    205, 217, 232, 239, 248, 256, 259, 264, 261, 258, 263, 263, 260, 261,
    261, 261, 258, 262, 259, 260, 262 ]
RHandPositionsY: [ 245, 245, 249, 240, 229, 220, 209, 189, 176, 160, 143,
    128, 128, 112, 104, 105, 105, 107, 101, 99, 101, 102, 98, 98, 95, 95,
    95, 100, 100, 100, 99, 96, 100, 95, 95, 93, 93, 94, 102, 105, 107,
    105, 106, 106, 102, 102, 98, 98, 100, 96, 102, 108, 105, 106, 109,
    105, 106, 104, 102, 100, 100, 99, 105, 109, 118, 128, 143, 156, 172,
    190, 203, 211, 223, 231, 238, 234, 237, 236, 238, 239, 241, 241, 241,
    240, 242, 241, 239, 239 ]
