%YAML:1.0
---
videoName: "RHShake20.mp4"
gestureLabel: 2
fps: 29
pixelSizeInCmTemp: 3.3263888888888887e-01
faceCenterPointX: 286
faceCenterPointY: 45
LHandPositionsX: [ 394, 391, 391, 394, 391, 394, 393, 390, 392, 391, 392,
    394, 392, 391, 390, 392, 391, 394, 393, 394, 390, 391, 393, 391, 394,
    390, 393, 394, 394, 394, 390, 392, 392, 393, 391, 393, 393, 392, 392,
    393, 390, 394, 390, 393, 391, 391, 392, 390, 394, 392, 393, 393, 391,
    391, 393, 394, 390, 390, 390, 391, 391, 394, 391, 391, 394, 390, 393,
    393, 393, 392, 392, 391, 394, 391, 390, 391, 391, 391, 394, 392, 394,
    391, 391, 391, 391, 391, 392, 390 ]
LHandPositionsY: [ 245, 246, 242, 243, 245, 244, 245, 243, 240, 240, 243,
    240, 241, 243, 239, 242, 241, 243, 240, 239, 241, 243, 243, 242, 240,
    242, 239, 242, 241, 242, 241, 239, 243, 239, 242, 240, 240, 239, 241,
    241, 243, 243, 242, 241, 240, 242, 243, 239, 243, 239, 241, 242, 243,
    243, 242, 241, 242, 241, 241, 243, 239, 241, 241, 243, 242, 242, 241,
    243, 239, 241, 243, 242, 241, 241, 241, 239, 243, 243, 239, 242, 241,
    239, 242, 240, 240, 241, 239, 241 ]
RHandPositionsX: [ 165, 160, 162, 154, 154, 155, 150, 158, 158, 159, 160,
    162, 158, 156, 154, 151, 151, 149, 157, 160, 161, 162, 160, 152, 153,
    152, 153, 154, 162, 160, 160, 163, 155, 156, 155, 153, 150, 149, 160,
    168, 166, 168, 165, 164, 158, 151, 152, 150, 157, 160, 166, 165, 167,
    166, 170, 171, 164, 163, 164, 157, 162, 167, 174, 178, 183, 185, 187,
    184, 185, 184, 183, 182, 182, 177, 176, 180, 180, 178, 178, 179, 179,
    180, 180, 178, 178, 177, 176, 176 ]
RHandPositionsY: [ 110, 109, 102, 104, 102, 97, 98, 97, 102, 102, 102,
    99, 100, 98, 96, 98, 99, 103, 115, 115, 117, 115, 112, 112, 110, 108,
    107, 107, 117, 116, 117, 113, 113, 107, 107, 106, 102, 108, 114, 120,
    122, 123, 123, 119, 113, 111, 112, 108, 110, 116, 124, 122, 122, 125,
    122, 119, 118, 117, 111, 110, 115, 124, 133, 139, 144, 154, 165, 176,
    186, 194, 200, 208, 218, 225, 233, 231, 240, 240, 242, 241, 242, 244,
    246, 246, 246, 247, 244, 243 ]
