%YAML:1.0
---
videoName: "RHShake13.mp4"
gestureLabel: 2
fps: 30
pixelSizeInCmTemp: 3.2808219178082193e-01
faceCenterPointX: 278
faceCenterPointY: 45
LHandPositionsX: [ 308, 306, 306, 306, 305, 306, 309, 308, 309, 308, 309,
    305, 308, 306, 306, 307, 307, 306, 308, 308, 306, 309, 309, 305, 309,
    309, 306, 308, 305, 308, 307, 306, 308, 309, 309, 308, 307, 308, 306,
    308, 309, 309, 308, 307, 307, 305, 308, 305, 308, 306, 305, 309, 308,
    307, 308, 305, 309, 306, 305, 306, 305, 305, 306, 309, 305, 308, 308,
    306, 306, 305, 309, 308, 308, 306, 310, 306, 309, 306, 306, 306, 303,
    302, 302, 303, 306, 306, 306, 304, 303, 306, 305 ]
LHandPositionsY: [ 246, 246, 243, 242, 244, 244, 245, 243, 241, 245, 245,
    241, 241, 243, 244, 240, 243, 239, 243, 241, 242, 243, 239, 239, 243,
    243, 240, 242, 243, 242, 239, 243, 239, 243, 240, 240, 243, 238, 239,
    240, 242, 240, 239, 239, 238, 240, 242, 240, 238, 239, 242, 241, 241,
    240, 240, 242, 241, 238, 238, 239, 241, 238, 242, 238, 239, 240, 241,
    241, 241, 239, 238, 237, 239, 236, 237, 234, 234, 233, 235, 233, 235,
    232, 234, 239, 241, 239, 242, 246, 247, 246, 245 ]
RHandPositionsX: [ 166, 149, 140, 138, 141, 139, 141, 140, 146, 147, 148,
    146, 140, 135, 133, 139, 144, 141, 144, 141, 138, 134, 132, 128, 131,
    132, 134, 137, 140, 135, 136, 131, 131, 132, 132, 133, 135, 136, 135,
    136, 135, 136, 132, 136, 140, 146, 148, 150, 149, 145, 142, 137, 135,
    140, 139, 142, 141, 143, 143, 138, 135, 130, 129, 135, 136, 139, 141,
    145, 155, 161, 171, 180, 188, 198, 213, 224, 235, 247, 252, 254, 251,
    255, 259, 259, 260, 260, 260, 259, 261, 261, 261 ]
RHandPositionsY: [ 158, 136, 122, 119, 113, 110, 103, 101, 98, 94, 90,
    90, 88, 89, 85, 87, 87, 91, 88, 88, 87, 84, 86, 84, 88, 87, 91, 88,
    89, 91, 91, 89, 89, 88, 89, 88, 93, 92, 92, 90, 90, 88, 87, 90, 93,
    93, 95, 96, 94, 92, 95, 95, 94, 94, 97, 100, 99, 99, 101, 101, 96,
    94, 96, 97, 101, 106, 107, 108, 118, 128, 138, 145, 155, 165, 175,
    187, 197, 208, 213, 215, 218, 218, 230, 237, 235, 235, 237, 241, 237,
    242, 242 ]
