%YAML:1.0
---
videoName: "RHShake15.mp4"
gestureLabel: 2
fps: 29
pixelSizeInCmTemp: 3.2808219178082193e-01
faceCenterPointX: 279
faceCenterPointY: 41
LHandPositionsX: [ 370, 369, 368, 370, 369, 370, 371, 368, 369, 368, 369,
    368, 371, 372, 370, 371, 370, 372, 370, 371, 370, 369, 371, 369, 371,
    372, 372, 370, 368, 371, 368, 369, 370, 370, 368, 371, 371, 372, 368,
    370, 369, 368, 372, 372, 368, 369, 371, 369, 368, 370, 368, 369, 371,
    371, 372, 370, 370, 370, 370, 372, 372, 370, 369, 371, 370, 372, 372,
    369, 371, 368, 372, 369, 372, 369, 370, 371, 372, 371, 372, 369, 368,
    369, 369, 369, 368, 368, 372, 368 ]
LHandPositionsY: [ 233, 233, 234, 234, 232, 234, 233, 233, 232, 236, 235,
    234, 234, 234, 235, 233, 235, 236, 233, 234, 233, 236, 233, 236, 232,
    236, 234, 235, 236, 234, 233, 232, 235, 234, 232, 232, 232, 232, 235,
    234, 232, 234, 233, 232, 233, 233, 235, 232, 232, 232, 231, 235, 231,
    234, 233, 235, 231, 233, 232, 233, 231, 234, 234, 234, 231, 235, 235,
    232, 231, 233, 233, 235, 232, 231, 235, 232, 234, 232, 233, 235, 234,
    235, 235, 231, 233, 232, 234, 234 ]
RHandPositionsX: [ 136, 125, 113, 112, 112, 108, 106, 107, 105, 108, 114,
    118, 114, 114, 110, 111, 113, 107, 108, 106, 115, 117, 117, 111, 112,
    109, 110, 110, 109, 107, 116, 115, 117, 115, 113, 112, 111, 112, 114,
    114, 111, 109, 118, 117, 120, 120, 118, 122, 121, 122, 119, 123, 125,
    125, 125, 125, 126, 126, 122, 122, 119, 125, 129, 136, 137, 144, 140,
    136, 137, 142, 143, 149, 151, 152, 156, 156, 159, 157, 159, 160, 158,
    158, 158, 159, 160, 160, 159, 159 ]
RHandPositionsY: [ 193, 172, 156, 147, 145, 138, 133, 126, 121, 116, 112,
    105, 101, 101, 97, 96, 94, 94, 93, 92, 95, 90, 94, 94, 92, 93, 94,
    93, 96, 95, 99, 102, 105, 102, 100, 102, 100, 105, 105, 102, 107,
    104, 108, 113, 108, 106, 106, 107, 105, 106, 107, 107, 112, 111, 116,
    116, 111, 111, 112, 109, 114, 118, 128, 135, 152, 162, 172, 181, 191,
    200, 209, 222, 228, 237, 239, 238, 244, 244, 246, 248, 247, 249, 246,
    246, 248, 246, 245, 248 ]
