%YAML:1.0
---
videoName: "RHShake07.mp4"
gestureLabel: 2
fps: 29
pixelSizeInCmTemp: 3.2364864864864862e-01
faceCenterPointX: 292
faceCenterPointY: 44
LHandPositionsX: [ 309, 308, 307, 307, 307, 308, 310, 306, 310, 308, 307,
    311, 308, 310, 312, 314, 313, 314, 312, 313, 310, 314, 312, 313, 313,
    311, 312, 311, 313, 313, 313, 313, 312, 312, 315, 313, 316, 316, 314,
    314, 312, 312, 313, 313, 312, 314, 314, 315, 315, 313, 314, 313, 314,
    314, 313, 313, 312, 312, 316, 314, 314, 313, 315, 316, 312, 314, 314,
    313, 312, 312, 313, 315, 316, 316, 314, 317, 314, 314, 314, 313, 307,
    309, 310, 310, 310, 311, 309, 312 ]
LHandPositionsY: [ 270, 267, 268, 271, 268, 267, 268, 271, 272, 271, 273,
    272, 270, 270, 272, 268, 270, 267, 271, 269, 271, 271, 268, 267, 271,
    267, 267, 270, 270, 267, 267, 268, 270, 269, 270, 271, 267, 269, 267,
    269, 271, 269, 269, 269, 270, 267, 267, 270, 270, 271, 270, 267, 268,
    270, 269, 270, 268, 269, 267, 268, 269, 271, 268, 267, 269, 270, 271,
    269, 270, 270, 271, 268, 268, 267, 268, 269, 268, 267, 271, 271, 271,
    270, 272, 274, 271, 271, 275, 274 ]
RHandPositionsX: [ 264, 264, 268, 266, 265, 267, 267, 268, 262, 271, 267,
    263, 255, 236, 218, 197, 179, 160, 154, 156, 157, 153, 159, 159, 165,
    180, 191, 184, 176, 168, 166, 164, 179, 183, 185, 184, 180, 174, 169,
    168, 174, 175, 179, 182, 184, 182, 178, 170, 168, 165, 166, 184, 186,
    199, 195, 186, 181, 176, 170, 168, 168, 165, 172, 174, 171, 185, 176,
    173, 174, 168, 158, 166, 176, 197, 215, 230, 245, 256, 273, 275, 272,
    269, 271, 263, 265, 267, 267, 265 ]
RHandPositionsY: [ 251, 254, 255, 254, 252, 252, 255, 251, 255, 257, 250,
    241, 229, 220, 202, 187, 166, 157, 134, 131, 127, 115, 120, 127, 126,
    114, 104, 101, 94, 94, 86, 89, 109, 102, 104, 98, 94, 94, 94, 89, 89,
    92, 99, 98, 98, 94, 94, 91, 92, 85, 85, 90, 98, 104, 99, 96, 93, 90,
    89, 86, 89, 89, 90, 91, 92, 91, 86, 88, 88, 87, 92, 118, 135, 150,
    167, 185, 204, 226, 234, 242, 246, 250, 250, 251, 253, 255, 253, 254 ]
