%YAML:1.0
---
videoName: "RHShake15.mp4"
gestureLabel: 2
fps: 29
pixelSizeInCmTemp: 3.2808219178082193e-01
faceCenterPointX: 279
faceCenterPointY: 41
LHandPositionsX: [ 369, 369, 369, 369, 372, 370, 372, 368, 371, 372, 370,
    370, 372, 371, 372, 370, 370, 372, 370, 371, 372, 368, 369, 368, 368,
    370, 369, 371, 371, 372, 368, 368, 372, 371, 371, 370, 368, 370, 368,
    370, 370, 369, 372, 370, 370, 369, 371, 369, 372, 368, 369, 372, 368,
    369, 369, 371, 369, 371, 372, 372, 372, 368, 372, 371, 368, 369, 369,
    370, 368, 371, 369, 368, 372, 371, 372, 370, 372, 372, 368, 372, 368,
    369, 368, 372, 372, 370, 370, 368 ]
LHandPositionsY: [ 232, 234, 233, 234, 234, 232, 234, 234, 236, 232, 232,
    234, 235, 233, 234, 232, 236, 232, 234, 234, 236, 233, 234, 235, 235,
    233, 236, 233, 234, 233, 236, 234, 232, 235, 233, 233, 232, 236, 233,
    233, 236, 235, 235, 232, 232, 232, 232, 235, 235, 231, 233, 234, 235,
    231, 231, 233, 232, 232, 232, 232, 233, 234, 232, 234, 234, 232, 232,
    234, 235, 234, 234, 235, 233, 234, 231, 231, 234, 232, 233, 231, 232,
    234, 234, 232, 234, 235, 235, 235 ]
RHandPositionsX: [ 135, 123, 115, 108, 113, 111, 109, 107, 105, 111, 112,
    114, 112, 112, 110, 110, 113, 107, 105, 109, 115, 117, 117, 112, 110,
    107, 112, 108, 105, 105, 114, 118, 115, 116, 111, 112, 111, 112, 112,
    117, 110, 113, 118, 116, 121, 121, 121, 125, 122, 119, 119, 123, 125,
    125, 125, 125, 124, 127, 122, 121, 123, 124, 130, 134, 139, 142, 139,
    140, 137, 143, 146, 149, 152, 154, 155, 156, 157, 156, 161, 161, 158,
    159, 161, 157, 158, 159, 161, 158 ]
RHandPositionsY: [ 189, 171, 154, 147, 142, 139, 134, 128, 122, 115, 110,
    109, 104, 101, 97, 96, 95, 95, 92, 95, 92, 93, 94, 95, 91, 92, 92,
    95, 93, 96, 98, 103, 104, 105, 101, 102, 104, 104, 103, 102, 107,
    108, 108, 109, 107, 106, 104, 103, 104, 103, 104, 106, 110, 112, 116,
    116, 113, 111, 112, 113, 110, 117, 127, 138, 148, 163, 172, 182, 190,
    201, 209, 218, 227, 234, 239, 241, 244, 244, 248, 246, 249, 249, 248,
    246, 248, 248, 249, 247 ]
