%YAML:1.0
---
videoName: "RHShake15.mp4"
gestureLabel: 2
fps: 29
pixelSizeInCmTemp: 3.2808219178082193e-01
faceCenterPointX: 279
faceCenterPointY: 41
LHandPositionsX: [ 372, 371, 369, 371, 369, 368, 370, 370, 369, 370, 372,
    368, 369, 370, 371, 368, 371, 370, 369, 372, 370, 372, 369, 369, 371,
    369, 370, 372, 368, 370, 371, 370, 369, 372, 371, 370, 372, 372, 368,
    371, 372, 372, 370, 368, 372, 371, 372, 371, 371, 369, 372, 369, 371,
    368, 371, 370, 368, 372, 369, 372, 370, 370, 369, 372, 370, 369, 372,
    372, 369, 368, 368, 368, 371, 370, 370, 369, 371, 371, 372, 372, 369,
    368, 370, 368, 369, 370, 368, 368 ]
LHandPositionsY: [ 233, 232, 232, 236, 232, 236, 233, 234, 233, 233, 235,
    236, 236, 233, 233, 232, 232, 232, 234, 233, 232, 236, 233, 236, 236,
    232, 235, 235, 233, 232, 234, 233, 233, 234, 236, 234, 234, 235, 234,
    235, 236, 236, 232, 232, 232, 235, 235, 234, 231, 235, 231, 235, 231,
    235, 231, 232, 234, 231, 231, 234, 234, 232, 233, 235, 231, 233, 231,
    234, 235, 233, 234, 232, 233, 235, 233, 233, 235, 232, 232, 231, 234,
    234, 233, 235, 232, 233, 233, 234 ]
RHandPositionsX: [ 139, 125, 111, 111, 112, 108, 108, 103, 107, 112, 112,
    118, 112, 113, 108, 110, 112, 107, 107, 109, 114, 116, 113, 114, 109,
    108, 109, 110, 107, 108, 116, 119, 115, 114, 111, 109, 108, 110, 112,
    116, 109, 110, 118, 114, 119, 119, 119, 123, 120, 121, 116, 124, 127,
    127, 123, 127, 128, 129, 122, 119, 119, 126, 127, 134, 141, 144, 141,
    140, 138, 143, 143, 147, 151, 156, 155, 158, 157, 157, 160, 159, 161,
    158, 159, 159, 160, 161, 160, 160 ]
RHandPositionsY: [ 189, 173, 153, 143, 146, 141, 135, 127, 119, 115, 111,
    108, 105, 99, 97, 96, 95, 93, 92, 91, 95, 94, 93, 94, 91, 94, 92, 95,
    94, 97, 98, 104, 102, 105, 101, 102, 104, 102, 101, 106, 105, 105,
    110, 113, 107, 106, 103, 107, 104, 103, 105, 107, 112, 114, 118, 112,
    112, 111, 109, 109, 114, 121, 124, 134, 150, 164, 172, 182, 190, 201,
    210, 219, 228, 234, 240, 237, 248, 248, 247, 248, 246, 248, 248, 247,
    247, 247, 247, 249 ]
