%YAML:1.0
---
videoName: "RHShake03.mp4"
gestureLabel: 2
fps: 29
pixelSizeInCmTemp: 3.1103896103896100e-01
faceCenterPointX: 294
faceCenterPointY: 48
LHandPositionsX: [ 408, 408, 409, 411, 411, 408, 408, 410, 412, 411, 411,
    409, 408, 410, 412, 409, 412, 408, 409, 408, 411, 409, 411, 410, 410,
    411, 409, 412, 410, 408, 409, 409, 409, 411, 410, 411, 411, 412, 411,
    411, 412, 410, 409, 410, 410, 412, 410, 409, 410, 410, 410, 410, 409,
    412, 408, 409, 409, 410, 408, 412, 409, 412, 409, 412, 409, 409, 410,
    408, 412, 412, 410, 407, 411, 408, 409, 407, 410, 410, 407, 408, 407,
    411, 407, 407, 408, 408, 408, 410 ]
LHandPositionsY: [ 260, 264, 261, 262, 261, 264, 260, 263, 262, 263, 261,
    260, 264, 260, 264, 262, 260, 263, 263, 260, 264, 263, 262, 261, 260,
    261, 263, 263, 262, 260, 261, 264, 261, 263, 260, 264, 262, 260, 260,
    263, 261, 260, 261, 263, 260, 263, 263, 262, 264, 264, 260, 263, 260,
    260, 262, 264, 263, 260, 264, 263, 262, 262, 264, 261, 264, 264, 264,
    264, 260, 264, 261, 264, 264, 264, 262, 262, 261, 261, 261, 264, 263,
    260, 264, 261, 260, 260, 260, 264 ]
RHandPositionsX: [ 179, 181, 178, 179, 177, 178, 177, 176, 177, 174, 174,
    175, 175, 175, 174, 174, 172, 173, 171, 172, 174, 172, 173, 172, 173,
    173, 173, 175, 174, 173, 173, 169, 175, 170, 163, 155, 152, 148, 149,
    151, 153, 166, 177, 186, 193, 193, 185, 178, 175, 171, 171, 180, 179,
    183, 179, 178, 173, 169, 170, 174, 180, 189, 201, 206, 201, 192, 190,
    186, 183, 184, 187, 195, 200, 208, 212, 208, 197, 196, 193, 185, 182,
    185, 184, 183, 180, 182, 181, 182 ]
RHandPositionsY: [ 257, 258, 262, 261, 260, 259, 260, 261, 261, 258, 259,
    261, 260, 261, 259, 262, 259, 258, 258, 261, 259, 259, 262, 260, 261,
    259, 259, 258, 260, 262, 266, 265, 259, 240, 217, 196, 177, 157, 146,
    127, 124, 121, 116, 120, 111, 107, 103, 100, 98, 100, 104, 107, 106,
    106, 104, 101, 99, 97, 95, 95, 102, 110, 112, 112, 111, 109, 103,
    105, 98, 101, 106, 117, 127, 141, 157, 181, 200, 207, 218, 240, 240,
    245, 246, 253, 254, 255, 253, 251 ]
