%YAML:1.0
---
videoName: "RHShake02.mp4"
gestureLabel: 2
fps: 29
pixelSizeInCmTemp: 3.1933333333333330e-01
faceCenterPointX: 291
faceCenterPointY: 51
LHandPositionsX: [ 409, 406, 409, 408, 405, 405, 408, 406, 408, 408, 409,
    408, 407, 405, 408, 408, 404, 404, 407, 408, 404, 404, 407, 404, 407,
    407, 406, 406, 406, 403, 405, 402, 402, 401, 405, 403, 404, 402, 405,
    404, 403, 401, 400, 400, 399, 403, 401, 401, 400, 398, 400, 400, 401,
    398, 400, 400, 400, 396, 397, 398, 400, 399, 397, 397, 395, 397, 396,
    399, 397, 395, 395, 396, 397, 398, 397, 398, 398, 398, 398, 398, 398,
    396, 396, 398, 397, 396, 396, 395 ]
LHandPositionsY: [ 261, 263, 262, 265, 263, 264, 261, 261, 263, 264, 261,
    262, 262, 265, 263, 263, 263, 261, 260, 260, 263, 261, 262, 262, 260,
    261, 264, 264, 260, 261, 262, 263, 263, 263, 260, 263, 262, 264, 260,
    260, 264, 264, 263, 264, 263, 261, 262, 264, 263, 262, 263, 263, 261,
    261, 260, 264, 262, 261, 261, 261, 260, 261, 260, 262, 262, 261, 263,
    264, 260, 264, 262, 260, 262, 260, 261, 261, 262, 263, 261, 261, 262,
    261, 260, 260, 260, 260, 263, 262 ]
RHandPositionsX: [ 173, 171, 172, 174, 173, 170, 172, 173, 173, 174, 174,
    171, 174, 170, 172, 170, 173, 172, 174, 170, 170, 172, 171, 174, 172,
    170, 173, 179, 177, 173, 167, 159, 161, 153, 148, 155, 160, 177, 185,
    180, 179, 175, 172, 163, 161, 161, 161, 167, 181, 186, 194, 183, 185,
    179, 168, 169, 164, 166, 174, 181, 181, 184, 182, 179, 177, 172, 171,
    169, 172, 178, 182, 193, 195, 201, 198, 199, 194, 182, 186, 183, 180,
    177, 175, 177, 178, 175, 174, 176 ]
RHandPositionsY: [ 267, 263, 265, 265, 264, 265, 264, 266, 264, 264, 266,
    266, 265, 267, 264, 267, 266, 265, 267, 265, 266, 264, 263, 264, 265,
    268, 263, 248, 232, 208, 189, 165, 144, 123, 112, 101, 99, 97, 98,
    96, 97, 93, 91, 88, 88, 87, 90, 91, 95, 98, 101, 99, 93, 90, 87, 85,
    84, 89, 94, 99, 99, 97, 99, 95, 93, 95, 95, 93, 94, 98, 106, 120,
    131, 145, 156, 174, 195, 214, 227, 229, 238, 245, 242, 251, 253, 250,
    254, 255 ]
