%YAML:1.0
---
videoName: "RHShake15.mp4"
gestureLabel: 2
fps: 29
pixelSizeInCmTemp: 3.2808219178082193e-01
faceCenterPointX: 279
faceCenterPointY: 41
LHandPositionsX: [ 369, 368, 370, 368, 368, 372, 368, 368, 371, 371, 372,
    370, 370, 370, 370, 371, 371, 371, 371, 370, 371, 369, 370, 371, 370,
    368, 372, 368, 372, 372, 371, 370, 370, 370, 370, 372, 372, 371, 369,
    368, 368, 371, 371, 368, 369, 369, 368, 372, 372, 372, 368, 371, 368,
    372, 370, 372, 371, 368, 371, 371, 369, 372, 370, 370, 370, 368, 372,
    369, 372, 370, 371, 370, 369, 369, 371, 372, 369, 371, 368, 369, 370,
    371, 371, 369, 368, 372, 372, 370 ]
LHandPositionsY: [ 236, 236, 232, 234, 233, 235, 236, 236, 233, 236, 234,
    235, 236, 234, 236, 232, 234, 233, 235, 236, 234, 235, 236, 233, 235,
    233, 235, 236, 236, 236, 233, 235, 235, 234, 236, 233, 235, 234, 235,
    232, 236, 236, 234, 232, 232, 234, 234, 234, 234, 231, 234, 231, 232,
    233, 234, 233, 231, 233, 232, 235, 235, 231, 232, 231, 231, 234, 234,
    235, 234, 233, 233, 232, 232, 232, 235, 234, 231, 231, 234, 233, 234,
    233, 231, 232, 233, 235, 233, 231 ]
RHandPositionsX: [ 136, 125, 112, 112, 110, 109, 107, 106, 108, 110, 111,
    117, 114, 114, 109, 114, 115, 108, 108, 107, 112, 119, 114, 111, 111,
    107, 111, 110, 107, 109, 115, 118, 115, 115, 115, 109, 108, 111, 110,
    114, 113, 111, 117, 118, 123, 120, 122, 122, 121, 122, 118, 121, 123,
    126, 122, 125, 126, 128, 122, 118, 123, 125, 128, 132, 139, 141, 138,
    140, 140, 140, 146, 147, 151, 155, 159, 154, 157, 159, 158, 160, 161,
    160, 161, 160, 161, 158, 158, 160 ]
RHandPositionsY: [ 189, 170, 153, 143, 144, 142, 131, 126, 118, 114, 111,
    106, 104, 99, 97, 96, 98, 92, 91, 92, 93, 91, 92, 93, 93, 94, 93, 96,
    93, 96, 98, 106, 104, 105, 102, 100, 102, 105, 101, 103, 107, 106,
    110, 109, 110, 108, 102, 107, 106, 104, 105, 108, 112, 115, 117, 116,
    112, 113, 110, 110, 114, 120, 125, 138, 152, 165, 172, 181, 193, 201,
    207, 218, 230, 234, 239, 239, 246, 248, 246, 246, 246, 247, 245, 247,
    248, 247, 249, 249 ]
