%YAML:1.0
---
videoName: "RHShake18.mp4"
gestureLabel: 2
fps: 30
pixelSizeInCmTemp: 3.3732394366197183e-01
faceCenterPointX: 275
faceCenterPointY: 40
LHandPositionsX: [ 375, 375, 378, 377, 379, 379, 376, 375, 376, 378, 379,
    379, 379, 379, 377, 376, 379, 379, 378, 376, 376, 375, 376, 376, 379,
    379, 377, 377, 375, 375, 375, 377, 379, 375, 375, 377, 376, 377, 376,
    377, 377, 379, 376, 375, 377, 375, 375, 375, 375, 371, 375, 369, 367,
    357, 351, 346, 338, 333, 324, 314, 304, 300, 301, 299, 295, 291, 288,
    289, 294, 298, 292, 290, 291, 289, 291, 290, 292, 290, 289, 289, 290,
    288, 289, 287, 288, 288, 285, 287, 286, 286, 287 ]
LHandPositionsY: [ 229, 229, 230, 229, 230, 230, 230, 233, 229, 229, 229,
    229, 231, 231, 231, 229, 229, 230, 229, 233, 232, 233, 229, 230, 229,
    230, 232, 229, 232, 231, 230, 231, 231, 232, 233, 232, 230, 232, 229,
    232, 233, 232, 230, 229, 233, 229, 231, 231, 229, 229, 232, 235, 239,
    235, 235, 236, 235, 231, 231, 230, 230, 232, 232, 234, 232, 234, 234,
    238, 239, 240, 244, 244, 240, 241, 242, 239, 243, 240, 242, 240, 240,
    243, 240, 241, 241, 243, 239, 242, 240, 242, 242 ]
RHandPositionsX: [ 155, 156, 152, 149, 147, 150, 152, 157, 165, 166, 164,
    165, 158, 154, 152, 151, 154, 161, 167, 169, 170, 161, 159, 160, 159,
    157, 157, 162, 166, 169, 166, 159, 158, 156, 158, 162, 174, 174, 173,
    167, 166, 161, 158, 154, 159, 169, 172, 179, 188, 197, 208, 222, 232,
    242, 254, 262, 269, 255, 249, 246, 244, 243, 241, 239, 235, 234, 234,
    235, 235, 235, 241, 240, 238, 239, 237, 240, 236, 237, 237, 240, 238,
    240, 236, 236, 237, 239, 240, 240, 239, 237, 239 ]
RHandPositionsY: [ 73, 73, 68, 69, 70, 68, 67, 71, 70, 74, 72, 67, 69,
    66, 67, 69, 67, 70, 73, 70, 74, 72, 66, 70, 68, 70, 69, 74, 78, 76,
    75, 76, 73, 75, 76, 81, 92, 90, 92, 88, 90, 88, 86, 85, 87, 90, 98,
    100, 109, 122, 132, 145, 155, 161, 172, 181, 189, 192, 196, 201, 204,
    207, 210, 213, 213, 217, 220, 220, 221, 227, 227, 226, 224, 226, 225,
    226, 224, 225, 226, 228, 227, 225, 226, 226, 226, 226, 226, 224, 225,
    225, 224 ]
