%YAML:1.0
---
videoName: "RHShake23.mp4"
gestureLabel: 2
fps: 29
pixelSizeInCmTemp: 3.3263888888888887e-01
faceCenterPointX: 298
faceCenterPointY: 49
LHandPositionsX: [ 389, 387, 391, 391, 390, 390, 389, 387, 389, 389, 388,
    387, 387, 388, 390, 387, 388, 388, 389, 389, 387, 391, 388, 391, 389,
    390, 387, 391, 390, 388, 389, 388, 391, 391, 389, 389, 391, 389, 388,
    391, 387, 387, 387, 389, 389, 387, 391, 389, 388, 389, 388, 389, 390,
    390, 388, 389, 390, 390, 388, 391, 388, 389, 391, 387, 388, 390, 388,
    389, 387, 388, 389, 388, 387, 390, 387, 389, 389, 390, 390, 388, 388,
    391, 387, 390, 390, 388, 389, 388 ]
LHandPositionsY: [ 226, 228, 225, 228, 227, 225, 227, 226, 228, 226, 225,
    226, 225, 225, 226, 228, 224, 227, 224, 224, 225, 227, 227, 228, 225,
    224, 224, 224, 224, 224, 226, 225, 228, 228, 227, 225, 224, 227, 227,
    228, 224, 225, 226, 227, 226, 224, 226, 225, 224, 226, 225, 226, 227,
    226, 228, 226, 228, 224, 224, 225, 226, 225, 226, 225, 228, 228, 225,
    227, 226, 228, 226, 228, 224, 225, 225, 224, 225, 227, 224, 226, 224,
    224, 224, 228, 228, 228, 226, 225 ]
RHandPositionsX: [ 170, 168, 175, 188, 190, 188, 196, 191, 182, 178, 175,
    173, 175, 180, 187, 197, 196, 198, 197, 193, 184, 183, 176, 177, 173,
    172, 171, 180, 190, 199, 199, 198, 199, 194, 193, 186, 185, 181, 178,
    181, 184, 200, 202, 202, 208, 205, 199, 192, 184, 179, 177, 179, 180,
    189, 193, 201, 207, 208, 210, 211, 210, 208, 209, 209, 209, 210, 209,
    206, 204, 206, 207, 204, 204, 203, 204, 202, 202, 201, 199, 200, 202,
    198, 199, 200, 201, 197, 199, 201 ]
RHandPositionsY: [ 98, 96, 99, 110, 117, 115, 119, 112, 101, 102, 99,
    101, 101, 103, 113, 125, 125, 122, 127, 109, 103, 99, 99, 100, 97,
    98, 94, 97, 117, 124, 120, 123, 123, 110, 108, 107, 107, 103, 102,
    99, 114, 122, 119, 123, 128, 128, 124, 110, 109, 108, 106, 104, 100,
    116, 126, 133, 143, 150, 149, 155, 157, 166, 172, 182, 191, 203, 207,
    215, 214, 216, 216, 218, 219, 225, 224, 228, 227, 225, 225, 228, 225,
    225, 225, 228, 224, 228, 227, 228 ]
