%YAML:1.0
---
videoName: "RHShake14.mp4"
gestureLabel: 2
fps: 30
pixelSizeInCmTemp: 3.2808219178082193e-01
faceCenterPointX: 277
faceCenterPointY: 42
LHandPositionsX: [ 375, 378, 379, 375, 376, 377, 379, 377, 378, 376, 375,
    376, 375, 378, 374, 375, 376, 374, 376, 373, 372, 373, 374, 374, 374,
    374, 374, 372, 373, 374, 372, 374, 372, 374, 374, 374, 375, 374, 375,
    374, 374, 372, 373, 373, 376, 374, 374, 376, 373, 376, 375, 373, 374,
    375, 376, 373, 373, 374, 376, 374, 376, 372, 376, 373, 373, 372, 372,
    373, 375, 375, 372, 372, 376, 376, 374, 376, 375, 373, 376, 372, 373,
    373, 374, 374, 375, 375, 375, 374, 374, 376, 372 ]
LHandPositionsY: [ 229, 229, 233, 230, 232, 232, 231, 233, 233, 231, 229,
    232, 231, 230, 232, 232, 232, 230, 231, 229, 231, 230, 230, 230, 233,
    233, 233, 232, 231, 229, 229, 230, 233, 230, 230, 231, 232, 230, 232,
    230, 229, 230, 231, 229, 230, 229, 230, 232, 232, 229, 231, 231, 233,
    233, 229, 230, 231, 232, 229, 229, 230, 230, 232, 231, 232, 232, 229,
    232, 233, 229, 232, 229, 232, 229, 229, 231, 230, 229, 229, 232, 232,
    232, 230, 229, 232, 233, 229, 232, 230, 232, 232 ]
RHandPositionsX: [ 173, 171, 174, 174, 170, 170, 172, 170, 174, 172, 170,
    171, 174, 173, 173, 172, 174, 171, 172, 171, 173, 172, 174, 173, 169,
    173, 167, 169, 160, 148, 135, 125, 121, 115, 119, 121, 127, 132, 134,
    140, 144, 148, 147, 144, 148, 144, 150, 152, 155, 160, 156, 156, 153,
    150, 154, 157, 160, 169, 168, 165, 160, 153, 158, 156, 156, 162, 164,
    169, 172, 178, 177, 179, 178, 178, 174, 170, 176, 178, 177, 171, 173,
    173, 171, 172, 174, 173, 170, 174, 172, 171, 170 ]
RHandPositionsY: [ 241, 243, 242, 239, 239, 240, 243, 241, 241, 240, 242,
    243, 240, 242, 241, 242, 240, 240, 239, 241, 243, 242, 240, 242, 242,
    246, 244, 234, 214, 195, 174, 152, 135, 115, 112, 110, 106, 109, 114,
    114, 117, 104, 96, 91, 86, 86, 84, 86, 86, 82, 78, 79, 79, 75, 74,
    78, 78, 80, 80, 76, 77, 79, 78, 79, 80, 82, 86, 107, 122, 132, 148,
    157, 171, 183, 193, 196, 199, 205, 211, 216, 219, 224, 221, 230, 235,
    234, 232, 233, 237, 236, 236 ]
