%YAML:1.0
---
videoName: "RHShake09.mp4"
gestureLabel: 2
fps: 29
pixelSizeInCmTemp: 3.1103896103896100e-01
faceCenterPointX: 296
faceCenterPointY: 48
LHandPositionsX: [ 326, 324, 326, 322, 326, 326, 324, 323, 321, 318, 320,
    316, 314, 314, 310, 312, 310, 310, 310, 307, 311, 309, 309, 308, 305,
    309, 304, 307, 305, 307, 309, 310, 309, 312, 307, 310, 309, 308, 308,
    307, 308, 308, 307, 310, 312, 312, 312, 310, 311, 313, 313, 312, 315,
    312, 314, 315, 316, 314, 313, 317, 315, 316, 315, 317, 313, 316, 318,
    316, 314, 314, 316, 316, 315, 314, 314, 314, 317, 318, 315, 314, 317,
    316, 318, 317, 316, 317, 318, 317 ]
LHandPositionsY: [ 265, 269, 267, 268, 271, 269, 268, 271, 271, 272, 273,
    272, 271, 276, 274, 274, 274, 272, 276, 275, 275, 273, 273, 274, 275,
    272, 273, 273, 274, 275, 273, 276, 275, 276, 274, 277, 276, 277, 275,
    276, 274, 274, 277, 275, 274, 274, 277, 277, 275, 274, 273, 276, 275,
    276, 274, 274, 273, 275, 273, 274, 272, 273, 274, 272, 272, 276, 276,
    276, 274, 275, 276, 275, 273, 274, 274, 277, 276, 274, 272, 274, 272,
    273, 275, 272, 273, 273, 273, 273 ]
RHandPositionsX: [ 266, 264, 262, 262, 264, 261, 262, 261, 260, 259, 260,
    263, 261, 257, 258, 259, 257, 256, 259, 259, 256, 255, 255, 258, 255,
    256, 256, 256, 254, 257, 263, 263, 257, 242, 226, 206, 191, 176, 171,
    172, 173, 172, 182, 183, 187, 187, 182, 178, 178, 174, 185, 191, 190,
    199, 195, 186, 179, 178, 178, 184, 181, 183, 193, 191, 189, 181, 175,
    174, 174, 182, 182, 189, 185, 182, 181, 179, 183, 180, 185, 192, 189,
    191, 198, 203, 206, 218, 228, 240 ]
RHandPositionsY: [ 262, 262, 263, 263, 265, 267, 267, 266, 264, 265, 265,
    269, 266, 265, 269, 266, 269, 266, 268, 266, 266, 268, 267, 269, 268,
    267, 265, 266, 268, 266, 270, 258, 245, 229, 215, 195, 176, 158, 135,
    133, 114, 110, 104, 112, 111, 102, 99, 91, 90, 87, 86, 98, 97, 95,
    93, 93, 88, 88, 87, 88, 94, 94, 100, 97, 92, 85, 89, 86, 90, 94, 95,
    95, 97, 95, 94, 90, 87, 90, 99, 104, 105, 106, 122, 134, 142, 155,
    167, 185 ]
