%YAML:1.0
---
videoName: "RHShake20.mp4"
gestureLabel: 2
fps: 29
pixelSizeInCmTemp: 3.3263888888888887e-01
faceCenterPointX: 286
faceCenterPointY: 45
LHandPositionsX: [ 392, 393, 394, 392, 391, 390, 391, 393, 394, 390, 394,
    391, 392, 394, 391, 394, 394, 390, 394, 394, 394, 393, 391, 392, 393,
    394, 392, 393, 394, 392, 390, 394, 392, 394, 392, 390, 394, 391, 390,
    393, 394, 390, 390, 390, 391, 390, 391, 391, 392, 393, 391, 390, 392,
    394, 390, 394, 390, 393, 392, 391, 393, 394, 391, 394, 391, 390, 391,
    392, 390, 390, 391, 393, 394, 390, 391, 394, 394, 392, 390, 394, 393,
    393, 391, 390, 392, 391, 393, 393 ]
LHandPositionsY: [ 245, 245, 245, 245, 242, 241, 241, 245, 244, 240, 244,
    244, 240, 241, 241, 242, 242, 242, 242, 239, 240, 239, 241, 239, 239,
    239, 241, 242, 240, 239, 243, 241, 239, 240, 243, 239, 242, 241, 243,
    242, 240, 240, 241, 241, 241, 243, 243, 241, 242, 243, 240, 242, 243,
    240, 240, 241, 241, 241, 242, 239, 240, 240, 242, 242, 242, 239, 243,
    240, 241, 239, 242, 240, 243, 243, 240, 243, 239, 239, 242, 239, 242,
    242, 241, 240, 240, 239, 240, 240 ]
RHandPositionsX: [ 163, 162, 160, 155, 154, 153, 154, 154, 159, 156, 162,
    161, 159, 155, 151, 149, 151, 148, 157, 163, 162, 160, 159, 153, 151,
    155, 150, 150, 160, 164, 162, 160, 158, 154, 157, 154, 149, 150, 160,
    165, 165, 164, 165, 160, 159, 154, 155, 151, 157, 163, 166, 166, 167,
    169, 170, 168, 165, 165, 163, 157, 164, 168, 172, 176, 183, 186, 186,
    185, 187, 182, 184, 183, 180, 178, 180, 178, 178, 179, 178, 178, 178,
    176, 179, 177, 179, 177, 178, 179 ]
RHandPositionsY: [ 110, 107, 101, 100, 101, 100, 101, 100, 100, 102, 104,
    101, 99, 96, 96, 95, 101, 104, 112, 116, 117, 114, 111, 108, 107,
    108, 109, 110, 116, 116, 117, 116, 111, 106, 105, 104, 106, 107, 112,
    123, 121, 121, 123, 116, 113, 114, 115, 110, 110, 118, 122, 124, 124,
    125, 125, 119, 117, 117, 110, 112, 115, 124, 132, 136, 148, 155, 164,
    177, 185, 194, 201, 209, 221, 229, 235, 232, 237, 238, 243, 243, 244,
    247, 246, 245, 245, 244, 243, 247 ]
