%YAML:1.0
---
videoName: "RHShake17.mp4"
gestureLabel: 2
fps: 29
pixelSizeInCmTemp: 3.3732394366197183e-01
faceCenterPointX: 282
faceCenterPointY: 40
LHandPositionsX: [ 305, 309, 306, 305, 305, 306, 306, 305, 309, 306, 307,
    307, 305, 305, 308, 305, 306, 306, 307, 306, 306, 306, 307, 305, 305,
    309, 309, 308, 306, 305, 308, 309, 308, 309, 306, 309, 308, 308, 307,
    310, 306, 306, 310, 307, 307, 306, 310, 309, 307, 310, 310, 310, 309,
    310, 308, 308, 310, 309, 310, 311, 310, 310, 310, 310, 311, 307, 310,
    307, 307, 309, 309, 307, 306, 310, 310, 309, 308, 306, 307, 309, 308,
    305, 308, 307, 306, 307, 309, 306 ]
LHandPositionsY: [ 233, 232, 234, 233, 234, 234, 235, 232, 233, 235, 235,
    232, 235, 232, 231, 232, 234, 232, 233, 232, 231, 231, 233, 232, 235,
    233, 231, 235, 231, 234, 232, 234, 233, 232, 231, 232, 231, 235, 235,
    234, 233, 235, 231, 234, 234, 234, 233, 235, 232, 234, 234, 234, 233,
    232, 233, 234, 235, 234, 233, 233, 232, 233, 232, 231, 234, 231, 234,
    234, 233, 231, 233, 233, 233, 232, 235, 235, 235, 235, 231, 233, 234,
    231, 231, 234, 234, 235, 233, 235 ]
RHandPositionsX: [ 213, 196, 175, 159, 140, 141, 145, 148, 142, 143, 146,
    151, 158, 153, 150, 146, 145, 144, 142, 145, 163, 161, 154, 154, 151,
    147, 145, 142, 148, 155, 154, 159, 162, 154, 147, 146, 144, 142, 138,
    155, 155, 153, 154, 162, 155, 150, 151, 153, 158, 155, 173, 168, 166,
    164, 161, 159, 148, 153, 148, 152, 152, 164, 172, 176, 178, 178, 178,
    175, 174, 170, 177, 172, 169, 170, 167, 167, 169, 171, 168, 170, 169,
    170, 169, 169, 166, 166, 170, 166 ]
RHandPositionsY: [ 204, 187, 166, 149, 128, 109, 110, 105, 94, 92, 95,
    89, 81, 77, 77, 70, 72, 68, 70, 72, 77, 75, 71, 70, 68, 66, 69, 68,
    66, 67, 66, 70, 66, 68, 64, 67, 64, 63, 67, 84, 80, 83, 80, 78, 77,
    73, 72, 71, 75, 77, 92, 90, 85, 83, 80, 77, 78, 81, 76, 85, 91, 105,
    119, 135, 146, 157, 170, 181, 190, 196, 208, 215, 221, 228, 235, 234,
    236, 239, 238, 239, 243, 242, 242, 241, 240, 242, 244, 243 ]
