%YAML:1.0
---
videoName: "RHShake05.mp4"
gestureLabel: 2
fps: 30
pixelSizeInCmTemp: 3.1103896103896100e-01
faceCenterPointX: 295
faceCenterPointY: 47
LHandPositionsX: [ 409, 408, 410, 411, 412, 409, 408, 412, 412, 412, 409,
    408, 412, 408, 409, 409, 408, 411, 412, 411, 408, 408, 412, 408, 408,
    411, 408, 412, 412, 412, 412, 411, 412, 408, 412, 409, 408, 410, 408,
    411, 410, 411, 409, 411, 408, 411, 410, 408, 409, 409, 410, 412, 408,
    411, 411, 412, 408, 408, 409, 409, 410, 409, 409, 409, 411, 409, 410,
    412, 410, 412, 409, 409, 409, 408, 412, 411, 409, 412, 410, 409, 412,
    408, 411, 412, 409, 410, 409, 409, 412, 410, 408 ]
LHandPositionsY: [ 257, 259, 261, 258, 260, 261, 259, 261, 260, 260, 257,
    258, 258, 257, 258, 258, 260, 260, 258, 259, 260, 258, 261, 260, 260,
    260, 261, 260, 260, 259, 261, 257, 261, 258, 261, 260, 257, 257, 261,
    258, 259, 259, 261, 257, 259, 259, 257, 257, 257, 257, 261, 259, 261,
    258, 258, 259, 259, 258, 260, 259, 259, 261, 257, 259, 259, 260, 261,
    257, 258, 257, 260, 260, 260, 261, 260, 257, 257, 260, 257, 259, 261,
    257, 259, 257, 258, 258, 257, 260, 257, 260, 259 ]
RHandPositionsX: [ 177, 177, 177, 177, 175, 175, 173, 173, 177, 177, 175,
    172, 174, 175, 171, 172, 174, 172, 171, 171, 170, 171, 174, 178, 177,
    178, 182, 177, 171, 166, 152, 158, 156, 157, 166, 177, 190, 201, 191,
    183, 174, 171, 169, 171, 174, 179, 190, 181, 175, 175, 169, 166, 171,
    172, 179, 190, 186, 180, 171, 168, 169, 170, 173, 191, 193, 193, 185,
    181, 179, 178, 180, 177, 189, 192, 195, 188, 181, 176, 172, 173, 172,
    174, 181, 186, 189, 191, 183, 181, 180, 176, 175 ]
RHandPositionsY: [ 259, 259, 261, 258, 261, 260, 258, 261, 258, 262, 261,
    261, 260, 261, 259, 261, 258, 262, 260, 259, 262, 259, 261, 260, 260,
    249, 230, 205, 182, 154, 129, 126, 106, 94, 90, 91, 95, 92, 89, 84,
    82, 78, 81, 79, 86, 84, 84, 79, 77, 74, 73, 76, 80, 83, 84, 91, 90,
    84, 85, 80, 82, 82, 88, 92, 95, 92, 91, 84, 82, 86, 84, 88, 87, 90,
    91, 87, 89, 87, 87, 93, 110, 133, 156, 182, 204, 222, 227, 232, 241,
    249, 246 ]
