%YAML:1.0
---
videoName: "RHShake02.mp4"
gestureLabel: 2
fps: 29
pixelSizeInCmTemp: 3.1933333333333330e-01
faceCenterPointX: 291
faceCenterPointY: 51
LHandPositionsX: [ 409, 408, 409, 406, 407, 408, 407, 406, 409, 405, 407,
    405, 408, 407, 405, 405, 405, 404, 406, 405, 404, 407, 407, 407, 408,
    406, 405, 404, 405, 403, 403, 403, 402, 404, 401, 403, 403, 405, 401,
    403, 401, 401, 403, 403, 401, 402, 401, 401, 399, 402, 400, 397, 399,
    400, 401, 400, 398, 397, 398, 400, 400, 397, 396, 399, 399, 398, 396,
    397, 397, 395, 397, 399, 395, 396, 395, 399, 396, 396, 395, 395, 395,
    395, 399, 397, 395, 398, 397, 399 ]
LHandPositionsY: [ 262, 261, 265, 263, 263, 261, 263, 262, 265, 265, 263,
    263, 265, 261, 265, 264, 260, 263, 261, 261, 264, 263, 261, 260, 264,
    260, 264, 262, 261, 260, 264, 263, 260, 263, 261, 263, 263, 264, 261,
    261, 264, 264, 263, 263, 262, 262, 264, 264, 262, 262, 262, 260, 261,
    261, 262, 262, 261, 264, 260, 263, 262, 261, 260, 263, 261, 260, 262,
    260, 260, 263, 263, 260, 260, 262, 262, 262, 264, 261, 260, 263, 262,
    261, 264, 264, 260, 260, 263, 260 ]
RHandPositionsX: [ 174, 173, 172, 171, 170, 170, 170, 173, 172, 174, 172,
    170, 173, 174, 170, 170, 170, 170, 172, 173, 170, 174, 173, 173, 173,
    170, 175, 177, 176, 171, 169, 160, 159, 155, 151, 157, 161, 175, 181,
    180, 182, 178, 171, 166, 159, 158, 158, 170, 179, 186, 191, 186, 184,
    178, 166, 165, 164, 165, 174, 180, 181, 182, 182, 178, 178, 170, 169,
    166, 169, 178, 182, 193, 198, 201, 201, 199, 194, 184, 186, 180, 178,
    175, 179, 174, 177, 175, 175, 176 ]
RHandPositionsY: [ 263, 267, 263, 263, 266, 265, 263, 265, 264, 263, 263,
    265, 266, 266, 264, 265, 266, 265, 267, 263, 263, 266, 266, 265, 264,
    266, 266, 249, 228, 210, 189, 167, 145, 125, 112, 99, 98, 94, 99, 96,
    96, 93, 92, 91, 89, 89, 90, 95, 96, 100, 101, 99, 92, 89, 84, 84, 86,
    89, 93, 99, 98, 101, 100, 97, 95, 93, 92, 92, 95, 100, 102, 116, 128,
    143, 158, 175, 193, 214, 225, 231, 236, 244, 243, 250, 253, 250, 255,
    252 ]
