%YAML:1.0
---
videoName: "RHShake06.mp4"
gestureLabel: 2
fps: 30
pixelSizeInCmTemp: 3.2808219178082193e-01
faceCenterPointX: 293
faceCenterPointY: 43
LHandPositionsX: [ 306, 308, 308, 307, 309, 307, 307, 306, 308, 306, 310,
    306, 306, 306, 310, 311, 309, 314, 316, 319, 318, 323, 319, 319, 319,
    321, 320, 323, 322, 323, 320, 320, 324, 325, 323, 326, 326, 323, 322,
    325, 323, 323, 325, 326, 326, 326, 323, 325, 326, 323, 322, 324, 326,
    325, 324, 325, 326, 324, 322, 325, 326, 322, 326, 322, 323, 323, 324,
    325, 322, 326, 325, 325, 322, 325, 325, 322, 326, 324, 322, 326, 325,
    325, 326, 319, 316, 316, 310, 312, 313, 313, 312 ]
LHandPositionsY: [ 268, 270, 267, 267, 269, 268, 266, 267, 266, 267, 266,
    268, 267, 270, 270, 269, 266, 271, 266, 266, 265, 261, 263, 261, 263,
    260, 262, 258, 258, 262, 259, 258, 261, 261, 259, 260, 259, 260, 262,
    261, 260, 261, 261, 259, 259, 261, 259, 261, 261, 262, 262, 260, 258,
    261, 260, 262, 262, 260, 261, 262, 258, 262, 261, 258, 262, 258, 260,
    258, 262, 259, 261, 259, 259, 259, 258, 262, 258, 260, 259, 262, 261,
    261, 262, 260, 264, 263, 265, 266, 264, 263, 265 ]
RHandPositionsX: [ 290, 286, 288, 286, 288, 284, 285, 287, 288, 287, 284,
    284, 286, 286, 286, 288, 286, 286, 280, 264, 242, 223, 203, 181, 159,
    144, 136, 134, 138, 140, 143, 145, 163, 162, 162, 161, 162, 159, 157,
    158, 161, 172, 183, 188, 188, 186, 182, 171, 167, 173, 168, 165, 176,
    181, 183, 183, 180, 186, 180, 171, 172, 166, 164, 180, 178, 178, 177,
    171, 165, 159, 167, 165, 174, 179, 193, 193, 209, 222, 234, 242, 248,
    251, 252, 247, 246, 254, 253, 252, 254, 252, 257 ]
RHandPositionsY: [ 270, 269, 268, 270, 269, 267, 269, 267, 267, 267, 267,
    267, 268, 267, 268, 266, 269, 268, 264, 262, 249, 235, 216, 197, 178,
    159, 139, 121, 110, 103, 112, 115, 129, 116, 110, 103, 97, 88, 90,
    89, 91, 95, 95, 100, 100, 94, 94, 91, 86, 91, 87, 89, 95, 101, 100,
    98, 96, 102, 98, 94, 93, 88, 93, 100, 103, 103, 104, 99, 103, 104,
    117, 129, 144, 160, 176, 179, 192, 205, 214, 223, 231, 236, 236, 236,
    237, 243, 240, 241, 242, 243, 246 ]
