%YAML:1.0
---
videoName: "RHShake07.mp4"
gestureLabel: 2
fps: 29
pixelSizeInCmTemp: 3.2364864864864862e-01
faceCenterPointX: 292
faceCenterPointY: 44
LHandPositionsX: [ 307, 310, 308, 307, 306, 306, 306, 310, 306, 305, 308,
    310, 312, 311, 309, 313, 310, 314, 312, 310, 310, 313, 310, 313, 311,
    310, 312, 311, 312, 310, 314, 311, 312, 312, 313, 312, 313, 314, 314,
    316, 314, 314, 316, 314, 313, 314, 313, 316, 312, 314, 315, 314, 314,
    316, 313, 315, 316, 313, 315, 312, 312, 314, 314, 315, 312, 312, 314,
    312, 313, 316, 315, 313, 314, 314, 316, 315, 317, 316, 316, 312, 311,
    310, 310, 312, 310, 308, 309, 312 ]
LHandPositionsY: [ 267, 269, 268, 270, 270, 270, 271, 270, 273, 272, 273,
    271, 272, 270, 269, 270, 267, 267, 270, 270, 268, 270, 268, 270, 267,
    269, 271, 269, 268, 270, 271, 271, 267, 270, 267, 268, 268, 267, 271,
    271, 271, 271, 268, 267, 269, 267, 267, 267, 267, 269, 271, 270, 268,
    270, 271, 268, 270, 270, 267, 270, 268, 267, 269, 267, 270, 271, 270,
    271, 269, 267, 267, 268, 268, 270, 266, 267, 268, 267, 269, 269, 273,
    273, 271, 274, 271, 273, 275, 275 ]
RHandPositionsX: [ 264, 263, 264, 266, 264, 267, 267, 265, 266, 271, 268,
    263, 255, 236, 217, 194, 177, 161, 151, 157, 157, 154, 157, 161, 164,
    180, 188, 186, 178, 170, 165, 168, 179, 180, 186, 184, 181, 177, 170,
    167, 172, 173, 179, 182, 188, 180, 175, 172, 164, 166, 168, 185, 184,
    198, 192, 190, 185, 179, 170, 170, 164, 165, 171, 173, 175, 182, 180,
    175, 171, 170, 156, 167, 176, 194, 212, 230, 245, 256, 269, 276, 272,
    272, 271, 265, 264, 266, 265, 266 ]
RHandPositionsY: [ 255, 255, 251, 254, 254, 252, 251, 255, 256, 257, 250,
    243, 232, 220, 200, 187, 166, 153, 134, 132, 124, 113, 120, 127, 126,
    115, 105, 98, 93, 95, 86, 89, 108, 103, 104, 97, 97, 92, 94, 89, 90,
    93, 96, 98, 99, 98, 93, 92, 90, 85, 85, 91, 94, 101, 98, 98, 94, 94,
    90, 88, 88, 88, 94, 94, 90, 94, 87, 85, 88, 90, 92, 120, 137, 148,
    164, 184, 206, 228, 234, 241, 242, 248, 249, 252, 251, 253, 254, 254 ]
