%YAML:1.0
---
videoName: "RHShake20.mp4"
gestureLabel: 2
fps: 29
pixelSizeInCmTemp: 3.3263888888888887e-01
faceCenterPointX: 286
faceCenterPointY: 45
LHandPositionsX: [ 392, 391, 392, 394, 393, 394, 391, 392, 390, 394, 390,
    393, 391, 390, 392, 393, 391, 390, 390, 393, 391, 393, 393, 393, 392,
    392, 393, 393, 394, 393, 392, 390, 391, 390, 392, 393, 392, 393, 393,
    391, 391, 390, 393, 393, 390, 393, 390, 394, 391, 394, 394, 392, 391,
    392, 390, 390, 393, 394, 392, 391, 390, 392, 393, 393, 393, 394, 391,
    390, 394, 394, 393, 390, 392, 393, 390, 390, 393, 394, 393, 392, 391,
    394, 394, 391, 392, 391, 393, 393 ]
LHandPositionsY: [ 246, 245, 244, 245, 243, 243, 242, 243, 240, 241, 243,
    243, 243, 240, 241, 242, 243, 242, 242, 241, 243, 242, 243, 243, 242,
    242, 240, 242, 239, 241, 241, 240, 241, 241, 242, 240, 239, 242, 243,
    240, 241, 242, 242, 242, 243, 243, 240, 241, 242, 243, 242, 241, 241,
    239, 243, 241, 239, 240, 241, 243, 239, 243, 241, 239, 239, 240, 241,
    242, 240, 240, 240, 243, 243, 242, 242, 240, 242, 240, 239, 240, 242,
    242, 242, 241, 239, 243, 239, 241 ]
RHandPositionsX: [ 162, 160, 160, 155, 152, 152, 152, 158, 155, 158, 160,
    162, 161, 157, 153, 152, 147, 149, 158, 161, 162, 164, 156, 155, 151,
    152, 151, 154, 161, 164, 160, 162, 157, 155, 158, 153, 150, 149, 161,
    166, 164, 168, 165, 164, 155, 152, 153, 150, 159, 162, 167, 167, 165,
    167, 170, 167, 165, 167, 164, 157, 165, 167, 173, 178, 183, 184, 184,
    186, 186, 183, 182, 182, 179, 181, 179, 180, 177, 181, 177, 176, 178,
    177, 179, 176, 179, 178, 177, 179 ]
RHandPositionsY: [ 110, 110, 102, 102, 101, 97, 97, 101, 102, 102, 104,
    100, 98, 98, 96, 98, 98, 106, 111, 114, 113, 115, 112, 111, 108, 108,
    106, 111, 116, 116, 117, 114, 111, 110, 107, 105, 102, 104, 113, 120,
    122, 121, 120, 120, 117, 115, 111, 109, 109, 115, 123, 122, 122, 125,
    123, 118, 118, 115, 112, 111, 118, 124, 132, 137, 147, 153, 165, 177,
    183, 192, 203, 209, 220, 229, 233, 234, 237, 242, 242, 240, 244, 247,
    243, 245, 243, 246, 244, 247 ]
