%YAML:1.0
---
videoName: "RHShake15.mp4"
gestureLabel: 2
fps: 29
pixelSizeInCmTemp: 3.2808219178082193e-01
faceCenterPointX: 279
faceCenterPointY: 41
LHandPositionsX: [ 371, 368, 372, 368, 370, 372, 371, 371, 369, 368, 370,
    369, 368, 371, 371, 370, 368, 370, 370, 372, 370, 368, 371, 368, 372,
    370, 369, 370, 368, 368, 369, 369, 369, 372, 370, 371, 370, 370, 372,
    371, 371, 370, 371, 369, 368, 372, 372, 370, 368, 369, 372, 368, 370,
    370, 369, 371, 372, 369, 371, 369, 372, 369, 369, 369, 369, 369, 368,
    369, 370, 371, 369, 371, 371, 372, 368, 372, 369, 370, 369, 372, 371,
    369, 369, 371, 370, 369, 368, 368 ]
LHandPositionsY: [ 233, 235, 232, 232, 235, 232, 234, 233, 233, 236, 235,
    236, 234, 234, 235, 232, 236, 236, 233, 232, 232, 232, 232, 236, 232,
    235, 233, 235, 236, 233, 235, 232, 232, 232, 234, 236, 232, 233, 233,
    232, 236, 236, 232, 231, 233, 231, 235, 233, 233, 235, 233, 234, 232,
    235, 231, 233, 233, 235, 234, 232, 235, 234, 231, 231, 233, 234, 232,
    231, 232, 235, 232, 232, 231, 235, 231, 232, 233, 235, 232, 235, 234,
    231, 233, 232, 232, 233, 233, 235 ]
RHandPositionsX: [ 137, 122, 112, 112, 109, 112, 107, 103, 105, 109, 111,
    116, 116, 110, 111, 110, 114, 107, 107, 109, 113, 117, 113, 114, 108,
    105, 112, 111, 107, 106, 113, 119, 115, 115, 114, 109, 109, 110, 114,
    116, 111, 111, 114, 118, 122, 121, 121, 124, 124, 122, 116, 121, 124,
    128, 124, 126, 124, 129, 122, 118, 121, 124, 130, 135, 141, 145, 137,
    139, 139, 143, 144, 147, 151, 154, 158, 157, 159, 157, 160, 159, 161,
    160, 161, 160, 160, 159, 157, 157 ]
RHandPositionsY: [ 190, 173, 156, 145, 142, 141, 132, 128, 119, 114, 112,
    109, 104, 98, 99, 96, 95, 93, 95, 93, 94, 90, 92, 91, 93, 93, 93, 92,
    96, 98, 98, 106, 103, 102, 100, 100, 103, 103, 105, 102, 103, 107,
    109, 111, 110, 104, 105, 103, 105, 106, 107, 108, 109, 112, 116, 115,
    112, 112, 111, 109, 111, 121, 128, 135, 151, 164, 174, 180, 193, 200,
    209, 221, 227, 238, 238, 238, 247, 246, 245, 247, 247, 246, 249, 247,
    247, 247, 249, 249 ]
