%YAML:1.0
---
videoName: "RHShake24.mp4"
gestureLabel: 2
fps: 30
pixelSizeInCmTemp: 3.3732394366197183e-01
faceCenterPointX: 304
faceCenterPointY: 46
LHandPositionsX: [ 391, 390, 393, 390, 390, 392, 392, 390, 392, 391, 393,
    390, 389, 392, 393, 392, 390, 391, 391, 391, 391, 393, 389, 390, 390,
    392, 390, 389, 393, 390, 391, 391, 389, 389, 390, 393, 391, 393, 389,
    391, 393, 390, 390, 392, 393, 393, 393, 390, 392, 391, 393, 392, 393,
    389, 393, 391, 393, 391, 392, 392, 392, 389, 391, 392, 389, 391, 390,
    391, 392, 393, 392, 391, 390, 389, 393, 391, 392, 393, 391, 389, 392,
    390, 392, 389, 389, 392, 389, 389, 391, 389, 393 ]
LHandPositionsY: [ 225, 228, 226, 229, 227, 228, 229, 228, 226, 229, 228,
    228, 227, 225, 228, 225, 227, 227, 229, 225, 228, 227, 228, 226, 228,
    227, 229, 227, 229, 227, 229, 225, 229, 225, 229, 226, 226, 227, 229,
    229, 227, 228, 228, 228, 227, 229, 229, 227, 227, 227, 226, 228, 227,
    229, 228, 229, 226, 226, 226, 229, 227, 229, 226, 228, 226, 225, 227,
    228, 225, 226, 227, 229, 225, 228, 227, 225, 226, 229, 229, 228, 226,
    226, 229, 228, 227, 227, 228, 229, 229, 225, 225 ]
RHandPositionsX: [ 143, 145, 149, 151, 153, 155, 151, 147, 145, 141, 137,
    136, 145, 155, 163, 161, 164, 161, 162, 156, 152, 146, 146, 140, 141,
    145, 155, 160, 160, 157, 155, 156, 150, 144, 144, 142, 146, 152, 158,
    158, 160, 164, 157, 157, 147, 146, 140, 140, 145, 147, 162, 166, 168,
    170, 169, 163, 157, 149, 150, 146, 148, 148, 152, 163, 164, 166, 171,
    171, 173, 176, 181, 183, 187, 189, 187, 189, 193, 193, 191, 192, 195,
    195, 196, 194, 193, 194, 195, 192, 195, 193, 194 ]
RHandPositionsY: [ 97, 101, 99, 100, 103, 97, 91, 89, 87, 89, 88, 86, 87,
    102, 111, 112, 114, 117, 105, 103, 97, 97, 98, 94, 90, 102, 112, 113,
    112, 114, 109, 102, 97, 95, 95, 92, 92, 97, 100, 105, 106, 113, 110,
    105, 100, 97, 98, 94, 95, 107, 119, 119, 122, 124, 120, 104, 102,
    103, 100, 100, 94, 94, 105, 113, 113, 114, 122, 120, 133, 142, 148,
    151, 149, 160, 168, 174, 177, 190, 194, 204, 211, 210, 210, 216, 219,
    221, 219, 223, 224, 228, 227 ]
