%YAML:1.0
---
videoName: "RHShake04.mp4"
gestureLabel: 2
fps: 29
pixelSizeInCmTemp: 3.1513157894736843e-01
faceCenterPointX: 292
faceCenterPointY: 47
LHandPositionsX: [ 411, 411, 413, 411, 409, 411, 411, 409, 411, 411, 411,
    410, 409, 410, 410, 409, 411, 408, 408, 409, 408, 410, 407, 407, 406,
    406, 407, 406, 408, 407, 408, 406, 405, 408, 406, 407, 408, 406, 405,
    407, 408, 407, 408, 408, 405, 405, 409, 409, 405, 406, 408, 406, 408,
    408, 406, 405, 408, 408, 409, 409, 409, 404, 406, 407, 403, 407, 404,
    402, 406, 405, 404, 404, 402, 405, 406, 406, 402, 404, 404, 402, 404,
    401, 404, 404, 403, 404, 404, 404 ]
LHandPositionsY: [ 265, 263, 263, 263, 265, 263, 265, 263, 261, 264, 262,
    263, 262, 262, 263, 262, 265, 264, 261, 262, 261, 261, 263, 263, 263,
    261, 264, 261, 264, 260, 262, 260, 262, 263, 262, 262, 261, 261, 264,
    264, 264, 260, 262, 261, 264, 261, 264, 263, 262, 262, 260, 260, 264,
    262, 261, 260, 262, 263, 263, 262, 260, 259, 263, 262, 263, 260, 260,
    259, 258, 260, 261, 259, 261, 262, 261, 262, 260, 261, 260, 257, 260,
    259, 261, 258, 257, 260, 260, 258 ]
RHandPositionsX: [ 178, 182, 179, 179, 181, 180, 182, 181, 178, 180, 181,
    179, 180, 181, 179, 178, 176, 176, 177, 175, 178, 176, 176, 181, 181,
    177, 169, 165, 162, 165, 164, 164, 182, 187, 191, 190, 187, 182, 173,
    170, 166, 169, 172, 175, 176, 175, 182, 176, 167, 167, 166, 170, 179,
    178, 180, 177, 177, 171, 170, 173, 168, 174, 177, 184, 194, 191, 185,
    180, 173, 171, 169, 172, 174, 174, 187, 192, 194, 191, 188, 188, 187,
    188, 184, 181, 177, 173, 175, 175 ]
RHandPositionsY: [ 268, 265, 267, 264, 266, 266, 266, 266, 264, 266, 268,
    265, 268, 269, 267, 266, 267, 268, 267, 270, 268, 273, 266, 245, 221,
    195, 172, 150, 126, 124, 117, 105, 97, 101, 106, 103, 97, 93, 92, 95,
    92, 90, 96, 97, 95, 97, 96, 95, 92, 94, 94, 93, 97, 100, 100, 99, 98,
    95, 93, 90, 90, 96, 96, 99, 94, 94, 94, 96, 95, 94, 93, 97, 100, 105,
    121, 132, 141, 152, 165, 177, 194, 209, 222, 227, 237, 246, 248, 251 ]
