%YAML:1.0
---
videoName: "RHShake17.mp4"
gestureLabel: 2
fps: 29
pixelSizeInCmTemp: 3.3732394366197183e-01
faceCenterPointX: 282
faceCenterPointY: 40
LHandPositionsX: [ 305, 305, 307, 305, 305, 308, 307, 306, 308, 309, 306,
    305, 308, 308, 305, 305, 306, 308, 308, 306, 307, 309, 309, 306, 309,
    306, 306, 309, 305, 309, 306, 305, 306, 307, 307, 305, 307, 309, 307,
    310, 310, 308, 307, 307, 308, 308, 306, 306, 309, 308, 310, 311, 307,
    309, 311, 309, 309, 309, 307, 310, 307, 311, 311, 309, 309, 307, 308,
    308, 310, 309, 310, 309, 307, 308, 306, 309, 309, 307, 305, 307, 307,
    306, 309, 305, 308, 306, 309, 307 ]
LHandPositionsY: [ 233, 232, 231, 231, 233, 232, 234, 231, 231, 231, 233,
    232, 234, 231, 232, 232, 232, 231, 231, 234, 234, 231, 235, 235, 234,
    234, 231, 232, 234, 234, 233, 234, 231, 235, 233, 235, 234, 233, 233,
    233, 231, 234, 231, 233, 233, 231, 234, 233, 233, 235, 235, 233, 232,
    232, 233, 231, 233, 234, 235, 235, 232, 233, 232, 233, 232, 232, 234,
    235, 231, 234, 232, 233, 235, 231, 235, 232, 232, 233, 234, 231, 231,
    232, 231, 234, 235, 234, 234, 234 ]
RHandPositionsX: [ 212, 197, 175, 162, 138, 144, 142, 149, 142, 144, 144,
    151, 156, 155, 146, 148, 142, 143, 141, 146, 161, 160, 157, 150, 151,
    148, 148, 143, 145, 151, 156, 158, 158, 154, 147, 147, 142, 140, 137,
    153, 154, 155, 156, 159, 152, 153, 147, 153, 157, 157, 172, 172, 167,
    163, 159, 157, 152, 150, 147, 149, 152, 166, 172, 177, 177, 176, 178,
    175, 171, 171, 173, 169, 167, 171, 171, 168, 170, 168, 170, 169, 168,
    171, 167, 168, 169, 170, 167, 167 ]
RHandPositionsY: [ 203, 183, 166, 149, 130, 113, 106, 104, 94, 90, 99,
    90, 81, 79, 73, 71, 70, 69, 68, 74, 79, 74, 73, 72, 71, 66, 68, 68,
    64, 69, 69, 70, 64, 64, 68, 63, 67, 64, 69, 83, 82, 79, 82, 78, 74,
    74, 75, 74, 74, 75, 88, 89, 85, 84, 80, 78, 81, 77, 80, 82, 91, 105,
    117, 134, 147, 158, 170, 182, 190, 198, 210, 214, 220, 229, 235, 233,
    240, 237, 237, 242, 243, 244, 240, 241, 241, 245, 243, 246 ]
