%YAML:1.0
---
videoName: "RHShake14.mp4"
gestureLabel: 2
fps: 30
pixelSizeInCmTemp: 3.2808219178082193e-01
faceCenterPointX: 277
faceCenterPointY: 42
LHandPositionsX: [ 379, 375, 375, 376, 375, 379, 375, 376, 378, 375, 377,
    374, 378, 376, 374, 374, 377, 376, 374, 372, 373, 373, 376, 375, 373,
    374, 372, 375, 376, 373, 376, 374, 376, 373, 372, 372, 374, 374, 375,
    376, 374, 372, 372, 373, 375, 373, 373, 375, 373, 372, 373, 372, 372,
    372, 372, 372, 373, 373, 373, 373, 374, 375, 376, 372, 376, 372, 376,
    373, 376, 376, 373, 376, 373, 374, 376, 372, 373, 375, 374, 372, 374,
    372, 376, 374, 374, 372, 375, 376, 372, 373, 373 ]
LHandPositionsY: [ 231, 233, 233, 230, 230, 229, 230, 232, 231, 229, 231,
    229, 229, 232, 233, 233, 232, 230, 229, 230, 233, 229, 231, 232, 233,
    231, 230, 229, 231, 230, 229, 233, 233, 230, 229, 229, 229, 233, 233,
    230, 229, 229, 232, 231, 230, 233, 230, 230, 229, 230, 231, 231, 230,
    229, 233, 231, 230, 233, 232, 233, 232, 231, 231, 232, 232, 229, 229,
    230, 229, 231, 229, 232, 232, 233, 231, 232, 232, 229, 231, 231, 233,
    231, 229, 232, 230, 230, 230, 231, 232, 231, 232 ]
RHandPositionsX: [ 171, 171, 174, 171, 170, 170, 174, 173, 172, 171, 172,
    170, 173, 170, 172, 172, 174, 171, 173, 173, 170, 173, 171, 170, 173,
    172, 168, 170, 159, 147, 137, 125, 124, 117, 117, 123, 125, 130, 136,
    140, 144, 146, 143, 142, 148, 144, 147, 151, 154, 162, 159, 156, 151,
    152, 155, 155, 163, 166, 170, 162, 160, 156, 157, 159, 155, 165, 163,
    170, 175, 177, 178, 179, 178, 179, 174, 170, 175, 181, 174, 171, 175,
    173, 172, 174, 172, 171, 171, 172, 173, 172, 173 ]
RHandPositionsY: [ 240, 242, 240, 241, 239, 243, 242, 242, 243, 240, 242,
    239, 241, 240, 242, 241, 242, 241, 239, 241, 243, 243, 240, 241, 242,
    245, 247, 231, 213, 197, 172, 153, 137, 114, 115, 111, 104, 109, 115,
    116, 118, 105, 97, 91, 88, 88, 87, 82, 85, 83, 78, 76, 75, 76, 77,
    75, 79, 82, 77, 77, 79, 77, 77, 77, 77, 80, 87, 107, 118, 134, 145,
    157, 169, 183, 192, 193, 197, 202, 212, 219, 218, 222, 220, 227, 234,
    234, 235, 236, 237, 237, 236 ]
