%YAML:1.0
---
videoName: "RHShake09.mp4"
gestureLabel: 2
fps: 29
pixelSizeInCmTemp: 3.1103896103896100e-01
faceCenterPointX: 296
faceCenterPointY: 48
LHandPositionsX: [ 327, 324, 323, 322, 324, 324, 323, 324, 318, 319, 319,
    314, 315, 312, 311, 312, 309, 310, 312, 311, 309, 308, 308, 309, 306,
    307, 305, 307, 307, 307, 309, 308, 309, 310, 310, 309, 311, 311, 309,
    307, 309, 311, 310, 308, 309, 310, 310, 310, 311, 311, 311, 314, 311,
    312, 314, 316, 314, 314, 313, 313, 316, 315, 317, 313, 313, 313, 317,
    318, 317, 314, 318, 314, 315, 314, 316, 316, 315, 314, 318, 313, 317,
    315, 314, 316, 315, 315, 318, 318 ]
LHandPositionsY: [ 268, 269, 271, 269, 268, 268, 270, 273, 272, 274, 270,
    272, 274, 275, 273, 273, 272, 272, 272, 273, 273, 274, 273, 275, 276,
    272, 272, 275, 273, 276, 276, 276, 273, 275, 275, 273, 273, 275, 274,
    276, 275, 273, 276, 275, 273, 277, 277, 273, 274, 275, 273, 275, 277,
    273, 274, 276, 275, 275, 276, 276, 276, 272, 274, 275, 275, 275, 274,
    276, 274, 276, 272, 274, 276, 276, 274, 273, 274, 273, 272, 275, 273,
    274, 271, 271, 276, 273, 274, 271 ]
RHandPositionsX: [ 264, 264, 262, 264, 261, 261, 264, 264, 263, 261, 260,
    260, 260, 261, 257, 259, 259, 259, 260, 256, 257, 259, 258, 258, 257,
    254, 254, 257, 255, 257, 263, 264, 253, 240, 223, 202, 190, 177, 171,
    174, 174, 175, 182, 185, 184, 187, 180, 180, 180, 174, 186, 189, 188,
    202, 191, 188, 178, 178, 178, 186, 183, 185, 196, 189, 189, 182, 175,
    174, 174, 179, 182, 190, 188, 180, 181, 181, 179, 177, 185, 193, 190,
    194, 200, 204, 208, 218, 226, 240 ]
RHandPositionsY: [ 262, 262, 266, 265, 266, 266, 267, 268, 268, 267, 268,
    267, 267, 269, 268, 268, 268, 265, 268, 268, 267, 268, 266, 267, 269,
    269, 266, 265, 265, 269, 266, 260, 245, 233, 214, 197, 178, 157, 136,
    132, 114, 110, 106, 108, 111, 106, 98, 87, 86, 90, 86, 97, 97, 96,
    94, 92, 90, 90, 87, 90, 92, 96, 99, 97, 89, 88, 87, 89, 91, 94, 96,
    99, 96, 93, 94, 90, 87, 90, 98, 106, 104, 106, 120, 131, 143, 156,
    169, 185 ]
