%YAML:1.0
---
videoName: "RHShake12.mp4"
gestureLabel: 2
fps: 29
pixelSizeInCmTemp: 3.3732394366197183e-01
faceCenterPointX: 299
faceCenterPointY: 45
LHandPositionsX: [ 404, 405, 405, 408, 405, 408, 407, 404, 404, 405, 407,
    407, 406, 407, 405, 405, 408, 408, 404, 406, 405, 405, 406, 407, 408,
    408, 405, 406, 408, 408, 405, 407, 408, 406, 404, 404, 407, 406, 408,
    404, 407, 407, 408, 408, 408, 406, 404, 406, 408, 405, 408, 404, 408,
    406, 404, 404, 408, 406, 404, 405, 407, 408, 407, 407, 404, 408, 408,
    408, 405, 407, 404, 407, 404, 408, 404, 408, 406, 404, 404, 407, 407,
    407, 406, 407, 405, 407, 404, 408 ]
LHandPositionsY: [ 243, 239, 241, 243, 241, 240, 242, 242, 242, 241, 242,
    242, 240, 241, 242, 241, 240, 239, 240, 242, 240, 242, 240, 241, 241,
    241, 242, 241, 240, 243, 241, 243, 242, 239, 242, 242, 239, 241, 239,
    239, 243, 241, 240, 240, 240, 242, 242, 239, 241, 243, 239, 241, 242,
    240, 241, 243, 243, 240, 243, 241, 243, 241, 242, 241, 242, 241, 240,
    242, 241, 239, 242, 240, 243, 239, 243, 241, 239, 242, 241, 239, 239,
    239, 242, 241, 240, 240, 241, 240 ]
RHandPositionsX: [ 168, 167, 161, 163, 163, 173, 179, 192, 190, 197, 191,
    184, 176, 173, 173, 168, 173, 179, 185, 185, 189, 182, 181, 175, 171,
    164, 170, 176, 184, 194, 190, 193, 184, 178, 176, 174, 171, 173, 181,
    189, 195, 193, 184, 180, 176, 176, 174, 171, 181, 190, 192, 195, 198,
    190, 182, 181, 177, 178, 172, 174, 180, 191, 200, 198, 203, 200, 194,
    187, 188, 186, 183, 183, 190, 191, 196, 196, 198, 199, 200, 204, 200,
    198, 198, 198, 196, 200, 200, 197 ]
RHandPositionsY: [ 137, 125, 120, 111, 108, 92, 97, 106, 107, 111, 102,
    93, 91, 90, 91, 85, 81, 89, 102, 104, 108, 96, 89, 86, 87, 82, 84,
    92, 102, 111, 109, 105, 98, 97, 94, 96, 90, 86, 97, 110, 116, 115,
    105, 98, 96, 93, 91, 89, 96, 109, 109, 114, 115, 102, 93, 90, 89, 88,
    85, 87, 95, 107, 122, 121, 118, 121, 110, 108, 114, 111, 117, 124,
    136, 150, 160, 161, 169, 175, 186, 196, 204, 208, 215, 219, 220, 226,
    231, 228 ]
