%YAML:1.0
---
videoName: "RHShake06.mp4"
gestureLabel: 2
fps: 30
pixelSizeInCmTemp: 3.2808219178082193e-01
faceCenterPointX: 293
faceCenterPointY: 43
LHandPositionsX: [ 307, 308, 307, 306, 309, 308, 306, 307, 310, 310, 309,
    307, 308, 307, 308, 309, 311, 310, 316, 315, 317, 322, 322, 320, 322,
    321, 322, 322, 319, 323, 322, 323, 322, 324, 326, 325, 322, 322, 323,
    324, 326, 322, 323, 324, 325, 325, 326, 326, 323, 323, 326, 323, 325,
    325, 323, 323, 323, 324, 326, 326, 325, 323, 324, 326, 322, 325, 326,
    325, 326, 324, 323, 323, 322, 325, 324, 325, 323, 322, 323, 323, 325,
    324, 323, 317, 317, 313, 312, 309, 313, 312, 312 ]
LHandPositionsY: [ 266, 270, 269, 267, 270, 266, 268, 267, 270, 266, 267,
    270, 268, 266, 267, 269, 269, 268, 265, 263, 262, 264, 263, 259, 260,
    263, 262, 258, 260, 261, 260, 258, 262, 261, 260, 258, 261, 260, 261,
    261, 258, 259, 261, 262, 259, 262, 262, 260, 258, 261, 261, 262, 261,
    259, 262, 261, 261, 260, 259, 259, 262, 262, 262, 258, 262, 262, 260,
    261, 258, 261, 259, 260, 261, 261, 258, 262, 258, 258, 258, 262, 259,
    260, 261, 262, 261, 262, 266, 265, 264, 264, 263 ]
RHandPositionsX: [ 289, 287, 286, 288, 286, 284, 286, 284, 286, 284, 287,
    285, 287, 287, 285, 286, 284, 285, 278, 266, 243, 226, 203, 179, 161,
    148, 137, 134, 138, 137, 144, 144, 163, 165, 162, 163, 162, 162, 158,
    156, 161, 169, 184, 188, 187, 183, 178, 175, 168, 174, 170, 169, 173,
    184, 185, 184, 180, 186, 178, 173, 171, 167, 164, 179, 181, 176, 173,
    171, 166, 159, 165, 168, 171, 179, 193, 190, 210, 221, 232, 239, 250,
    254, 252, 246, 245, 256, 255, 250, 255, 255, 257 ]
RHandPositionsY: [ 270, 269, 270, 270, 270, 267, 269, 268, 266, 270, 269,
    266, 270, 266, 270, 266, 268, 270, 266, 259, 250, 235, 218, 197, 180,
    159, 139, 122, 110, 107, 111, 117, 128, 119, 108, 105, 98, 91, 92,
    93, 91, 92, 95, 98, 99, 96, 95, 89, 88, 91, 85, 87, 93, 101, 98, 99,
    98, 101, 98, 92, 91, 88, 95, 101, 102, 103, 101, 103, 102, 104, 118,
    128, 146, 161, 177, 182, 193, 205, 214, 223, 232, 236, 235, 236, 237,
    240, 241, 242, 243, 241, 243 ]
