%YAML:1.0
---
videoName: "RHShake03.mp4"
gestureLabel: 2
fps: 29
pixelSizeInCmTemp: 3.1103896103896100e-01
faceCenterPointX: 294
faceCenterPointY: 48
LHandPositionsX: [ 412, 409, 409, 411, 409, 411, 409, 409, 411, 408, 408,
    409, 410, 412, 410, 411, 410, 412, 409, 408, 410, 412, 408, 412, 410,
    409, 410, 408, 412, 408, 411, 412, 410, 410, 411, 408, 410, 412, 411,
    412, 408, 411, 412, 410, 409, 409, 412, 409, 412, 410, 409, 409, 409,
    408, 412, 409, 412, 410, 410, 408, 410, 409, 412, 412, 408, 409, 409,
    409, 408, 412, 408, 409, 409, 409, 407, 411, 410, 407, 411, 408, 407,
    408, 409, 408, 410, 407, 411, 410 ]
LHandPositionsY: [ 260, 260, 260, 260, 262, 264, 260, 261, 261, 264, 263,
    264, 260, 261, 263, 260, 262, 264, 263, 262, 263, 262, 261, 260, 262,
    262, 260, 262, 263, 262, 261, 260, 264, 263, 260, 260, 262, 261, 262,
    260, 261, 261, 261, 261, 262, 264, 264, 262, 262, 263, 262, 264, 263,
    260, 264, 264, 264, 260, 262, 264, 262, 263, 264, 262, 263, 262, 264,
    261, 261, 262, 263, 262, 261, 264, 264, 261, 264, 263, 262, 261, 263,
    262, 263, 263, 264, 262, 260, 264 ]
RHandPositionsX: [ 181, 180, 178, 179, 175, 175, 176, 176, 176, 174, 174,
    173, 172, 176, 172, 176, 175, 173, 173, 171, 173, 172, 173, 172, 175,
    173, 172, 174, 171, 172, 174, 169, 176, 173, 162, 157, 154, 148, 152,
    151, 157, 165, 178, 186, 193, 190, 185, 175, 173, 171, 175, 179, 180,
    183, 179, 175, 173, 169, 167, 171, 179, 187, 198, 208, 200, 190, 187,
    187, 182, 184, 186, 195, 201, 210, 210, 210, 198, 197, 192, 184, 185,
    185, 181, 182, 181, 179, 179, 179 ]
RHandPositionsY: [ 261, 258, 258, 262, 261, 261, 263, 260, 262, 259, 260,
    262, 262, 262, 258, 261, 258, 259, 260, 259, 261, 258, 259, 260, 262,
    259, 258, 262, 259, 261, 263, 263, 258, 240, 219, 195, 176, 157, 146,
    129, 124, 121, 119, 120, 114, 105, 102, 100, 97, 99, 104, 105, 104,
    103, 104, 101, 103, 100, 95, 97, 104, 107, 108, 112, 111, 109, 104,
    104, 101, 100, 103, 115, 130, 143, 160, 177, 201, 211, 218, 242, 240,
    244, 243, 253, 253, 252, 253, 253 ]
