%YAML:1.0
---
videoName: "RHShake21.mp4"
gestureLabel: 2
fps: 29
pixelSizeInCmTemp: 3.3732394366197183e-01
faceCenterPointX: 293
faceCenterPointY: 47
LHandPositionsX: [ 398, 394, 398, 394, 398, 395, 394, 394, 397, 398, 398,
    397, 398, 395, 395, 397, 398, 397, 394, 396, 394, 395, 396, 396, 396,
    394, 397, 397, 395, 396, 398, 397, 397, 398, 397, 398, 398, 394, 396,
    394, 398, 398, 396, 398, 394, 398, 395, 395, 398, 394, 396, 394, 396,
    396, 395, 398, 398, 394, 397, 394, 397, 397, 394, 397, 398, 394, 396,
    395, 398, 396, 394, 398, 396, 398, 396, 398, 396, 396, 398, 397, 395,
    397, 397, 398, 396, 394, 395, 396 ]
LHandPositionsY: [ 242, 238, 240, 242, 241, 239, 241, 238, 240, 242, 241,
    242, 239, 242, 238, 241, 239, 239, 238, 238, 240, 240, 239, 242, 238,
    242, 242, 241, 238, 239, 242, 239, 240, 241, 240, 242, 238, 242, 239,
    242, 240, 239, 240, 242, 242, 240, 239, 242, 239, 239, 242, 241, 238,
    239, 242, 241, 240, 239, 238, 239, 239, 238, 242, 241, 239, 241, 242,
    239, 241, 241, 239, 239, 241, 238, 241, 242, 238, 240, 238, 238, 240,
    240, 242, 238, 239, 240, 239, 240 ]
RHandPositionsX: [ 134, 140, 144, 146, 148, 144, 146, 142, 135, 134, 136,
    143, 144, 150, 149, 150, 147, 145, 138, 139, 135, 134, 141, 146, 147,
    148, 153, 151, 145, 142, 137, 138, 136, 139, 140, 148, 152, 154, 150,
    148, 144, 139, 136, 137, 138, 142, 146, 147, 151, 151, 146, 143, 138,
    137, 134, 133, 137, 148, 152, 164, 168, 175, 176, 179, 184, 184, 187,
    186, 185, 185, 188, 190, 188, 188, 190, 188, 186, 186, 187, 187, 188,
    188, 186, 188, 185, 187, 185, 189 ]
RHandPositionsY: [ 83, 85, 89, 88, 88, 86, 85, 82, 82, 80, 82, 86, 90,
    92, 90, 91, 93, 86, 86, 87, 84, 82, 84, 87, 90, 89, 94, 92, 88, 87,
    84, 86, 82, 86, 85, 89, 92, 93, 92, 92, 86, 88, 88, 84, 86, 90, 99,
    98, 100, 97, 96, 98, 93, 93, 92, 92, 94, 104, 114, 126, 139, 151,
    151, 149, 159, 167, 178, 190, 198, 207, 213, 215, 222, 227, 228, 226,
    225, 229, 229, 230, 228, 227, 228, 230, 227, 230, 227, 229 ]
