%YAML:1.0
---
videoName: "RHShake17.mp4"
gestureLabel: 2
fps: 29
pixelSizeInCmTemp: 3.3732394366197183e-01
faceCenterPointX: 282
faceCenterPointY: 40
LHandPositionsX: [ 307, 308, 305, 305, 307, 306, 306, 306, 305, 308, 307,
    307, 309, 308, 305, 305, 306, 307, 309, 305, 306, 305, 306, 305, 305,
    307, 309, 306, 305, 308, 306, 307, 306, 309, 305, 306, 305, 305, 306,
    308, 306, 307, 309, 308, 307, 307, 309, 309, 308, 308, 310, 309, 308,
    308, 307, 309, 311, 307, 308, 309, 307, 307, 309, 309, 310, 311, 311,
    308, 308, 311, 311, 310, 307, 309, 308, 306, 310, 306, 306, 309, 308,
    309, 307, 305, 308, 308, 308, 309 ]
LHandPositionsY: [ 234, 232, 231, 235, 231, 233, 235, 234, 234, 231, 231,
    234, 233, 232, 235, 235, 234, 232, 231, 232, 231, 233, 233, 234, 233,
    231, 235, 233, 233, 235, 233, 235, 233, 231, 231, 231, 232, 233, 232,
    231, 232, 232, 231, 231, 234, 232, 233, 234, 235, 235, 234, 234, 235,
    232, 232, 233, 234, 235, 233, 233, 231, 233, 235, 232, 233, 233, 232,
    235, 234, 234, 231, 234, 235, 231, 235, 232, 231, 235, 234, 232, 235,
    231, 234, 235, 235, 234, 231, 233 ]
RHandPositionsX: [ 214, 195, 177, 158, 142, 143, 145, 149, 143, 141, 147,
    150, 158, 154, 149, 148, 142, 142, 140, 147, 165, 159, 157, 152, 152,
    149, 145, 143, 145, 154, 153, 160, 158, 157, 148, 146, 142, 141, 139,
    155, 151, 152, 154, 162, 152, 150, 151, 152, 158, 158, 171, 170, 164,
    164, 157, 158, 151, 151, 146, 151, 151, 162, 171, 175, 178, 180, 177,
    177, 171, 168, 176, 171, 167, 170, 167, 169, 173, 170, 172, 168, 169,
    169, 169, 166, 167, 168, 167, 166 ]
RHandPositionsY: [ 202, 185, 166, 149, 130, 113, 110, 103, 96, 89, 95,
    90, 81, 81, 76, 73, 68, 70, 69, 73, 79, 74, 75, 73, 69, 67, 68, 65,
    64, 68, 70, 68, 67, 66, 64, 67, 63, 62, 69, 81, 80, 80, 79, 80, 74,
    72, 73, 73, 71, 74, 92, 89, 87, 81, 81, 79, 78, 80, 79, 82, 91, 108,
    118, 132, 146, 161, 171, 183, 191, 198, 206, 216, 224, 229, 236, 235,
    236, 239, 241, 238, 243, 241, 244, 240, 244, 242, 245, 242 ]
