%YAML:1.0
---
videoName: "RHShake00.mp4"
gestureLabel: 2
fps: 29
pixelSizeInCmTemp: 3.4710144927536229e-01
faceCenterPointX: 283
faceCenterPointY: 97
LHandPositionsX: [ 345, 343, 345, 344, 345, 344, 346, 343, 343, 346, 344,
    342, 342, 342, 343, 343, 343, 343, 342, 345, 345, 345, 345, 345, 345,
    345, 342, 346, 346, 342, 343, 342, 345, 342, 345, 346, 342, 342, 346,
    342, 343, 345, 345, 346, 343, 345, 342, 342, 343, 344, 344, 342, 342,
    342, 346, 342, 342, 345, 345, 342, 346, 345, 342, 343, 343, 344, 346,
    345, 346, 342, 346, 342, 342, 345, 345, 342, 346, 344, 343, 343, 344,
    342, 343, 345, 342, 345, 343, 346 ]
LHandPositionsY: [ 274, 276, 275, 274, 273, 274, 275, 274, 274, 272, 273,
    274, 273, 272, 275, 275, 273, 275, 275, 273, 274, 275, 273, 276, 273,
    272, 276, 272, 273, 276, 273, 275, 274, 273, 276, 275, 272, 272, 273,
    272, 273, 276, 276, 275, 273, 274, 273, 276, 276, 274, 273, 272, 273,
    273, 276, 272, 272, 273, 273, 274, 276, 275, 273, 274, 275, 276, 274,
    272, 272, 275, 272, 273, 272, 272, 272, 275, 274, 274, 276, 276, 274,
    276, 273, 275, 273, 274, 275, 274 ]
RHandPositionsX: [ 176, 174, 167, 157, 150, 147, 147, 142, 142, 140, 144,
    147, 150, 167, 165, 166, 168, 165, 166, 158, 155, 150, 149, 151, 155,
    163, 167, 165, 169, 164, 157, 151, 150, 147, 149, 156, 161, 162, 166,
    165, 160, 158, 150, 143, 137, 144, 150, 154, 155, 157, 158, 162, 155,
    152, 147, 147, 145, 150, 155, 162, 161, 163, 166, 163, 157, 152, 145,
    140, 142, 147, 152, 155, 158, 160, 165, 165, 168, 176, 178, 181, 182,
    189, 191, 191, 195, 193, 197, 197 ]
RHandPositionsY: [ 259, 250, 240, 220, 202, 187, 176, 169, 160, 148, 140,
    138, 134, 133, 140, 138, 134, 129, 126, 125, 121, 124, 118, 118, 125,
    131, 132, 134, 138, 130, 129, 127, 128, 125, 132, 134, 140, 140, 137,
    137, 139, 136, 134, 131, 128, 133, 135, 135, 136, 137, 139, 139, 134,
    133, 131, 131, 132, 131, 137, 143, 144, 144, 147, 146, 141, 138, 138,
    135, 142, 150, 155, 160, 167, 174, 180, 191, 198, 206, 212, 220, 229,
    235, 244, 250, 255, 258, 264, 263 ]
