%YAML:1.0
---
videoName: "RHShake05.mp4"
gestureLabel: 2
fps: 30
pixelSizeInCmTemp: 3.1103896103896100e-01
faceCenterPointX: 295
faceCenterPointY: 47
LHandPositionsX: [ 408, 410, 410, 411, 411, 410, 412, 412, 411, 410, 411,
    411, 410, 412, 412, 408, 412, 412, 411, 409, 408, 409, 409, 411, 408,
    410, 409, 409, 411, 410, 411, 411, 409, 410, 409, 412, 411, 409, 409,
    409, 412, 410, 410, 412, 408, 410, 411, 412, 408, 410, 412, 408, 409,
    410, 412, 411, 408, 409, 410, 412, 410, 411, 409, 410, 409, 409, 410,
    410, 408, 411, 410, 409, 410, 408, 408, 408, 411, 408, 411, 409, 412,
    410, 410, 410, 412, 410, 408, 409, 409, 408, 411 ]
LHandPositionsY: [ 258, 261, 257, 258, 261, 258, 257, 258, 258, 261, 258,
    257, 258, 261, 258, 257, 259, 260, 257, 261, 260, 257, 260, 259, 257,
    260, 259, 257, 261, 260, 258, 259, 257, 261, 259, 257, 259, 260, 259,
    260, 261, 261, 258, 260, 257, 257, 261, 259, 258, 257, 257, 259, 258,
    258, 258, 259, 259, 260, 261, 260, 261, 257, 261, 257, 260, 257, 260,
    261, 259, 261, 260, 261, 260, 258, 259, 257, 258, 258, 260, 261, 258,
    258, 258, 261, 257, 258, 261, 257, 261, 257, 258 ]
RHandPositionsX: [ 173, 176, 176, 176, 176, 173, 175, 173, 173, 175, 176,
    174, 175, 172, 175, 174, 171, 174, 174, 173, 170, 173, 172, 175, 177,
    179, 182, 178, 173, 166, 150, 158, 156, 160, 164, 174, 187, 199, 190,
    180, 176, 174, 170, 170, 175, 176, 190, 185, 175, 172, 170, 167, 168,
    173, 180, 191, 185, 180, 173, 168, 166, 168, 173, 190, 190, 192, 187,
    180, 181, 182, 182, 178, 191, 192, 194, 190, 182, 173, 172, 171, 172,
    177, 182, 185, 191, 191, 183, 181, 179, 178, 178 ]
RHandPositionsY: [ 260, 261, 259, 261, 261, 261, 258, 259, 261, 262, 262,
    260, 262, 259, 258, 260, 262, 262, 261, 261, 260, 260, 260, 257, 256,
    251, 232, 209, 182, 156, 129, 129, 105, 90, 89, 89, 92, 94, 88, 84,
    81, 78, 77, 82, 86, 86, 83, 79, 77, 72, 73, 76, 79, 86, 84, 90, 86,
    86, 86, 84, 83, 83, 89, 91, 93, 91, 88, 86, 83, 84, 85, 88, 88, 93,
    92, 89, 91, 87, 85, 92, 109, 134, 156, 182, 204, 221, 225, 233, 242,
    251, 250 ]
