%YAML:1.0
---
videoName: "RHShake17.mp4"
gestureLabel: 2
fps: 29
pixelSizeInCmTemp: 3.3732394366197183e-01
faceCenterPointX: 282
faceCenterPointY: 40
LHandPositionsX: [ 308, 308, 307, 308, 307, 307, 308, 308, 305, 307, 308,
    307, 308, 309, 306, 309, 307, 305, 305, 306, 305, 305, 307, 309, 308,
    305, 309, 305, 308, 309, 308, 309, 307, 305, 306, 305, 305, 307, 308,
    306, 306, 310, 309, 308, 310, 308, 310, 309, 309, 306, 309, 310, 310,
    307, 309, 308, 308, 309, 308, 308, 310, 311, 308, 310, 307, 307, 307,
    310, 311, 309, 310, 310, 310, 310, 308, 309, 308, 308, 308, 306, 308,
    308, 309, 309, 308, 305, 305, 309 ]
LHandPositionsY: [ 234, 233, 234, 231, 231, 234, 232, 233, 231, 232, 232,
    234, 231, 235, 232, 234, 233, 231, 232, 234, 233, 231, 235, 232, 235,
    235, 231, 234, 231, 233, 232, 233, 231, 234, 232, 235, 235, 234, 232,
    234, 235, 233, 234, 233, 233, 232, 233, 232, 231, 233, 231, 234, 234,
    234, 233, 234, 232, 234, 231, 233, 233, 233, 231, 234, 233, 234, 235,
    233, 234, 231, 235, 235, 231, 234, 232, 235, 235, 231, 232, 232, 231,
    233, 233, 235, 235, 234, 233, 235 ]
RHandPositionsX: [ 212, 197, 175, 158, 142, 142, 143, 146, 145, 143, 148,
    152, 157, 155, 147, 145, 142, 141, 144, 148, 163, 159, 156, 150, 149,
    146, 145, 143, 146, 155, 154, 161, 160, 154, 149, 147, 144, 138, 136,
    152, 155, 155, 154, 161, 153, 151, 147, 154, 155, 157, 169, 168, 167,
    164, 159, 156, 150, 153, 146, 150, 154, 164, 171, 176, 176, 179, 177,
    176, 172, 168, 175, 172, 170, 171, 169, 169, 171, 172, 168, 168, 170,
    168, 171, 168, 167, 170, 168, 166 ]
RHandPositionsY: [ 204, 183, 167, 150, 127, 112, 109, 105, 94, 92, 97,
    88, 81, 80, 77, 71, 68, 69, 70, 73, 76, 76, 72, 73, 71, 65, 69, 68,
    66, 68, 68, 69, 66, 68, 64, 66, 66, 62, 66, 84, 83, 83, 79, 76, 76,
    74, 72, 74, 71, 73, 90, 91, 85, 82, 77, 78, 77, 77, 77, 81, 91, 108,
    120, 134, 146, 161, 171, 182, 191, 194, 209, 217, 222, 229, 235, 233,
    240, 238, 238, 241, 239, 242, 244, 244, 244, 246, 246, 242 ]
