%YAML:1.0
---
videoName: "RHShake12.mp4"
gestureLabel: 2
fps: 29
pixelSizeInCmTemp: 3.3732394366197183e-01
faceCenterPointX: 299
faceCenterPointY: 45
LHandPositionsX: [ 407, 404, 408, 407, 405, 406, 406, 406, 406, 408, 404,
    405, 406, 404, 405, 406, 408, 405, 405, 405, 408, 407, 406, 407, 408,
    406, 405, 404, 408, 406, 404, 408, 408, 407, 406, 408, 408, 405, 405,
    404, 405, 407, 408, 408, 408, 408, 405, 407, 407, 407, 408, 406, 404,
    404, 408, 407, 404, 406, 408, 404, 406, 404, 408, 408, 406, 404, 406,
    404, 407, 405, 404, 408, 408, 407, 408, 406, 407, 408, 404, 406, 404,
    408, 405, 408, 408, 405, 405, 405 ]
LHandPositionsY: [ 240, 241, 242, 242, 239, 241, 241, 241, 240, 239, 239,
    240, 242, 242, 242, 239, 243, 242, 242, 243, 239, 239, 240, 242, 242,
    242, 239, 243, 241, 243, 243, 240, 240, 241, 241, 241, 242, 240, 243,
    239, 239, 243, 239, 239, 239, 241, 242, 240, 241, 240, 239, 241, 243,
    239, 243, 239, 239, 242, 242, 240, 239, 243, 239, 243, 243, 241, 239,
    243, 241, 240, 242, 241, 243, 242, 240, 241, 242, 242, 242, 240, 241,
    241, 240, 240, 243, 239, 243, 241 ]
RHandPositionsX: [ 168, 165, 161, 164, 161, 173, 183, 194, 190, 195, 192,
    182, 176, 170, 173, 169, 169, 179, 189, 186, 187, 185, 180, 176, 171,
    164, 169, 176, 186, 194, 193, 193, 183, 180, 177, 175, 173, 174, 180,
    192, 195, 196, 187, 179, 177, 176, 171, 173, 178, 190, 190, 192, 194,
    190, 186, 181, 176, 176, 175, 174, 183, 193, 202, 202, 203, 200, 194,
    187, 187, 187, 184, 186, 187, 191, 197, 200, 197, 200, 204, 200, 202,
    197, 200, 196, 196, 196, 202, 197 ]
RHandPositionsY: [ 139, 127, 117, 110, 106, 93, 98, 104, 106, 112, 100,
    94, 92, 90, 89, 84, 83, 87, 103, 104, 108, 96, 93, 89, 86, 84, 82,
    91, 99, 113, 110, 106, 100, 97, 93, 94, 87, 88, 98, 111, 114, 117,
    101, 97, 93, 94, 89, 87, 92, 108, 111, 111, 114, 101, 91, 91, 91, 89,
    89, 86, 93, 111, 121, 118, 119, 121, 110, 107, 113, 115, 115, 126,
    134, 146, 160, 165, 169, 173, 183, 193, 203, 209, 214, 222, 222, 224,
    228, 232 ]
