%YAML:1.0
---
videoName: "RHShake17.mp4"
gestureLabel: 2
fps: 29
pixelSizeInCmTemp: 3.3732394366197183e-01
faceCenterPointX: 282
faceCenterPointY: 40
LHandPositionsX: [ 308, 306, 306, 308, 307, 308, 306, 309, 308, 305, 308,
    308, 308, 306, 306, 305, 309, 305, 309, 309, 309, 305, 308, 306, 306,
    309, 307, 308, 309, 308, 307, 308, 309, 309, 306, 308, 306, 308, 305,
    310, 307, 307, 306, 307, 310, 307, 310, 307, 310, 309, 308, 307, 307,
    309, 308, 308, 308, 310, 309, 308, 311, 308, 307, 307, 308, 311, 309,
    311, 310, 311, 308, 307, 308, 310, 307, 307, 310, 308, 307, 309, 308,
    308, 309, 305, 306, 306, 306, 306 ]
LHandPositionsY: [ 232, 235, 235, 235, 233, 232, 235, 235, 235, 233, 232,
    234, 234, 232, 235, 233, 235, 231, 235, 234, 232, 231, 232, 234, 232,
    233, 231, 231, 234, 235, 235, 233, 235, 235, 234, 232, 232, 231, 234,
    232, 231, 234, 234, 234, 231, 235, 235, 235, 233, 233, 235, 235, 235,
    233, 232, 235, 231, 235, 233, 234, 235, 234, 231, 231, 232, 235, 233,
    235, 232, 233, 234, 233, 233, 231, 235, 233, 231, 235, 235, 231, 233,
    231, 234, 231, 235, 235, 234, 235 ]
RHandPositionsX: [ 212, 196, 176, 161, 142, 145, 146, 145, 141, 142, 148,
    152, 158, 155, 150, 146, 142, 140, 143, 147, 161, 158, 154, 153, 149,
    149, 148, 141, 145, 152, 155, 160, 160, 156, 149, 145, 143, 138, 140,
    152, 155, 153, 154, 162, 156, 150, 149, 152, 159, 156, 169, 171, 166,
    161, 159, 156, 148, 151, 148, 152, 154, 165, 173, 174, 176, 179, 179,
    178, 170, 171, 176, 170, 167, 170, 169, 166, 173, 169, 172, 169, 169,
    170, 168, 167, 168, 166, 170, 168 ]
RHandPositionsY: [ 203, 186, 169, 149, 130, 110, 107, 104, 94, 92, 95,
    91, 82, 78, 73, 71, 69, 69, 68, 73, 77, 78, 75, 69, 70, 66, 68, 65,
    66, 66, 67, 66, 64, 65, 67, 65, 63, 62, 68, 82, 79, 83, 78, 78, 76,
    76, 71, 71, 71, 76, 90, 91, 84, 80, 81, 78, 77, 79, 78, 82, 92, 104,
    118, 132, 148, 159, 170, 181, 191, 195, 209, 217, 221, 228, 234, 232,
    239, 240, 241, 238, 239, 240, 241, 240, 242, 245, 244, 245 ]
