%YAML:1.0
---
videoName: "RHShake15.mp4"
gestureLabel: 2
fps: 29
pixelSizeInCmTemp: 3.2808219178082193e-01
faceCenterPointX: 279
faceCenterPointY: 41
LHandPositionsX: [ 372, 371, 369, 370, 370, 371, 372, 370, 368, 371, 370,
    372, 368, 368, 369, 369, 370, 372, 368, 371, 370, 369, 369, 369, 368,
    370, 370, 368, 368, 370, 370, 371, 370, 369, 372, 371, 368, 370, 371,
    372, 370, 370, 372, 371, 370, 369, 371, 372, 370, 372, 371, 372, 370,
    371, 372, 368, 368, 369, 371, 370, 372, 372, 370, 370, 370, 372, 371,
    369, 371, 371, 371, 368, 371, 371, 370, 369, 370, 372, 368, 368, 368,
    369, 370, 369, 371, 369, 368, 370 ]
LHandPositionsY: [ 232, 236, 233, 236, 233, 235, 236, 234, 235, 235, 232,
    232, 233, 232, 235, 233, 233, 234, 233, 236, 232, 233, 235, 233, 236,
    235, 234, 235, 235, 232, 235, 235, 235, 233, 236, 233, 233, 232, 233,
    232, 233, 232, 232, 233, 231, 235, 233, 232, 231, 234, 232, 232, 233,
    235, 233, 235, 235, 231, 232, 232, 231, 233, 232, 232, 232, 231, 231,
    232, 235, 234, 234, 233, 234, 235, 234, 235, 232, 232, 234, 235, 232,
    233, 235, 232, 231, 232, 233, 235 ]
RHandPositionsX: [ 135, 122, 114, 112, 110, 112, 106, 103, 108, 111, 111,
    115, 116, 114, 108, 110, 111, 107, 107, 110, 114, 115, 116, 114, 111,
    106, 110, 111, 105, 107, 114, 119, 117, 113, 111, 112, 107, 112, 112,
    114, 110, 109, 116, 116, 120, 119, 121, 126, 122, 120, 118, 123, 124,
    126, 124, 125, 128, 126, 124, 118, 122, 126, 128, 136, 140, 143, 141,
    137, 140, 142, 144, 150, 151, 156, 159, 154, 157, 158, 159, 159, 157,
    159, 157, 157, 159, 160, 160, 159 ]
RHandPositionsY: [ 190, 173, 155, 146, 143, 141, 134, 126, 119, 114, 110,
    105, 104, 97, 98, 94, 98, 95, 93, 94, 94, 90, 92, 91, 93, 94, 92, 95,
    94, 97, 99, 103, 104, 105, 102, 101, 100, 105, 105, 106, 104, 106,
    112, 109, 107, 105, 105, 104, 103, 104, 103, 109, 111, 113, 115, 113,
    113, 113, 112, 110, 110, 119, 124, 137, 150, 162, 173, 179, 193, 203,
    209, 222, 228, 235, 239, 239, 246, 244, 248, 248, 245, 247, 247, 249,
    246, 246, 245, 249 ]
