%YAML:1.0
---
videoName: "RHShake07.mp4"
gestureLabel: 2
fps: 29
pixelSizeInCmTemp: 3.2364864864864862e-01
faceCenterPointX: 292
faceCenterPointY: 44
LHandPositionsX: [ 310, 310, 308, 306, 309, 308, 309, 310, 307, 308, 309,
    309, 311, 309, 311, 311, 313, 312, 314, 311, 310, 314, 311, 313, 311,
    310, 310, 310, 310, 312, 313, 312, 316, 314, 316, 312, 315, 312, 315,
    316, 314, 313, 316, 312, 312, 314, 315, 314, 312, 313, 313, 312, 316,
    313, 312, 316, 313, 312, 315, 315, 316, 315, 312, 315, 315, 313, 316,
    313, 314, 313, 314, 317, 317, 316, 317, 313, 317, 313, 314, 313, 311,
    308, 308, 312, 311, 308, 312, 309 ]
LHandPositionsY: [ 268, 267, 271, 268, 268, 269, 271, 268, 274, 274, 270,
    269, 270, 270, 272, 272, 267, 270, 267, 269, 269, 267, 268, 270, 271,
    270, 271, 267, 269, 271, 267, 269, 268, 267, 269, 270, 271, 270, 268,
    271, 269, 271, 270, 267, 270, 270, 267, 270, 271, 271, 270, 271, 271,
    267, 271, 269, 271, 270, 269, 268, 268, 267, 270, 269, 268, 271, 271,
    268, 268, 269, 269, 268, 266, 267, 270, 270, 267, 269, 270, 268, 271,
    273, 270, 272, 273, 275, 273, 272 ]
RHandPositionsX: [ 266, 266, 266, 265, 263, 263, 266, 267, 266, 267, 265,
    264, 253, 238, 218, 195, 178, 163, 154, 156, 158, 155, 156, 162, 163,
    182, 191, 184, 177, 170, 169, 168, 178, 183, 186, 184, 182, 173, 170,
    166, 175, 175, 182, 184, 187, 182, 176, 173, 164, 163, 165, 182, 186,
    201, 196, 189, 185, 175, 172, 170, 164, 167, 169, 172, 171, 183, 177,
    176, 170, 167, 158, 170, 177, 196, 216, 232, 243, 259, 271, 279, 269,
    270, 271, 264, 264, 264, 266, 264 ]
RHandPositionsY: [ 253, 254, 252, 253, 252, 255, 253, 254, 253, 255, 251,
    242, 231, 218, 202, 183, 166, 153, 133, 133, 124, 111, 122, 123, 129,
    115, 104, 98, 92, 94, 89, 92, 110, 105, 105, 99, 96, 92, 92, 90, 91,
    93, 97, 97, 95, 97, 93, 93, 93, 87, 82, 91, 97, 101, 98, 95, 95, 90,
    91, 88, 90, 90, 92, 94, 93, 92, 87, 88, 88, 88, 96, 116, 136, 150,
    164, 188, 207, 229, 235, 243, 243, 250, 250, 253, 252, 254, 254, 255 ]
