%YAML:1.0
---
videoName: "RHShake14.mp4"
gestureLabel: 2
fps: 30
pixelSizeInCmTemp: 3.2808219178082193e-01
faceCenterPointX: 277
faceCenterPointY: 42
LHandPositionsX: [ 376, 377, 376, 379, 376, 377, 376, 378, 376, 379, 376,
    375, 374, 378, 373, 374, 377, 375, 375, 374, 374, 374, 373, 373, 376,
    374, 376, 372, 372, 375, 373, 375, 372, 372, 375, 374, 376, 373, 374,
    374, 374, 376, 372, 376, 375, 375, 373, 374, 375, 376, 374, 374, 372,
    375, 375, 376, 375, 372, 376, 375, 372, 375, 376, 372, 372, 373, 375,
    373, 372, 376, 376, 376, 375, 375, 373, 372, 374, 375, 376, 372, 373,
    376, 374, 374, 375, 376, 374, 372, 374, 376, 375 ]
LHandPositionsY: [ 231, 233, 229, 230, 231, 231, 229, 229, 229, 232, 229,
    230, 230, 232, 229, 229, 231, 233, 230, 231, 229, 231, 230, 233, 229,
    233, 231, 230, 233, 229, 230, 231, 232, 230, 230, 229, 231, 231, 231,
    233, 230, 232, 230, 233, 229, 230, 230, 232, 229, 230, 230, 232, 232,
    229, 231, 232, 232, 233, 233, 230, 232, 231, 230, 229, 229, 230, 233,
    230, 232, 233, 229, 233, 232, 233, 230, 232, 232, 229, 231, 232, 229,
    230, 229, 233, 233, 232, 232, 232, 232, 229, 232 ]
RHandPositionsX: [ 170, 171, 173, 174, 170, 173, 174, 173, 171, 174, 173,
    172, 170, 172, 171, 170, 174, 174, 170, 170, 170, 170, 172, 171, 169,
    170, 168, 171, 157, 148, 138, 129, 125, 115, 119, 124, 126, 133, 135,
    141, 143, 145, 145, 144, 145, 144, 148, 151, 157, 163, 160, 156, 153,
    153, 156, 159, 162, 169, 169, 164, 157, 154, 156, 158, 156, 163, 164,
    170, 173, 179, 180, 180, 177, 178, 175, 171, 175, 181, 176, 173, 174,
    170, 174, 173, 173, 173, 174, 170, 174, 170, 172 ]
RHandPositionsY: [ 242, 241, 243, 243, 240, 241, 243, 243, 239, 242, 243,
    239, 243, 239, 240, 242, 239, 240, 242, 243, 239, 239, 242, 239, 239,
    245, 243, 232, 213, 194, 175, 154, 136, 117, 113, 110, 106, 108, 113,
    116, 117, 106, 98, 94, 89, 86, 84, 83, 85, 84, 81, 76, 76, 79, 74,
    76, 81, 84, 78, 79, 80, 79, 75, 78, 77, 82, 87, 104, 120, 132, 148,
    157, 168, 180, 191, 196, 197, 204, 210, 217, 216, 224, 221, 228, 236,
    235, 233, 236, 234, 237, 237 ]
