%YAML:1.0
---
videoName: "RHShake00.mp4"
gestureLabel: 2
fps: 29
pixelSizeInCmTemp: 3.4710144927536229e-01
faceCenterPointX: 283
faceCenterPointY: 97
LHandPositionsX: [ 343, 345, 342, 342, 344, 345, 343, 343, 344, 346, 346,
    345, 344, 344, 344, 344, 344, 343, 346, 346, 342, 343, 346, 346, 344,
    345, 346, 343, 346, 345, 342, 345, 345, 343, 345, 346, 345, 343, 344,
    346, 343, 342, 342, 345, 346, 342, 342, 343, 345, 342, 344, 345, 343,
    346, 344, 342, 344, 344, 342, 346, 344, 343, 343, 342, 345, 346, 346,
    342, 345, 345, 345, 343, 343, 344, 344, 343, 345, 343, 343, 344, 342,
    345, 342, 342, 343, 345, 345, 345 ]
LHandPositionsY: [ 273, 273, 272, 274, 276, 274, 275, 274, 274, 275, 272,
    276, 274, 275, 272, 275, 275, 272, 274, 274, 274, 275, 274, 276, 273,
    275, 272, 276, 274, 276, 274, 275, 274, 274, 276, 273, 273, 276, 274,
    276, 275, 272, 275, 273, 276, 274, 272, 273, 273, 272, 275, 275, 276,
    273, 274, 274, 275, 276, 272, 273, 273, 275, 272, 274, 275, 273, 276,
    276, 274, 273, 275, 273, 273, 273, 276, 273, 276, 272, 273, 273, 274,
    272, 276, 274, 272, 276, 275, 274 ]
RHandPositionsX: [ 178, 171, 166, 157, 147, 145, 148, 142, 145, 140, 143,
    147, 150, 166, 169, 163, 167, 165, 164, 159, 155, 150, 146, 148, 153,
    162, 164, 165, 166, 164, 155, 152, 152, 149, 149, 156, 162, 164, 165,
    164, 164, 157, 148, 145, 139, 144, 148, 153, 156, 156, 159, 161, 159,
    149, 143, 147, 146, 150, 157, 161, 160, 164, 168, 161, 157, 149, 146,
    143, 142, 144, 151, 152, 158, 159, 165, 168, 169, 174, 178, 178, 183,
    189, 191, 192, 193, 195, 197, 198 ]
RHandPositionsY: [ 257, 250, 244, 218, 202, 189, 175, 169, 158, 150, 140,
    135, 130, 136, 136, 140, 134, 132, 127, 124, 124, 122, 120, 122, 129,
    134, 134, 133, 138, 133, 129, 124, 127, 122, 130, 137, 137, 138, 137,
    137, 138, 134, 131, 132, 127, 135, 134, 138, 140, 137, 138, 138, 134,
    132, 132, 130, 132, 130, 141, 147, 145, 147, 148, 146, 143, 140, 139,
    136, 142, 151, 154, 163, 167, 176, 184, 190, 197, 207, 213, 222, 229,
    237, 244, 250, 255, 260, 263, 263 ]
