%YAML:1.0
---
videoName: "RHShake17.mp4"
gestureLabel: 2
fps: 29
pixelSizeInCmTemp: 3.3732394366197183e-01
faceCenterPointX: 282
faceCenterPointY: 40
LHandPositionsX: [ 307, 306, 307, 307, 306, 306, 305, 308, 309, 306, 306,
    305, 308, 308, 309, 308, 309, 305, 307, 309, 309, 305, 309, 309, 309,
    309, 308, 308, 305, 305, 308, 309, 306, 305, 305, 309, 307, 309, 306,
    307, 310, 308, 309, 306, 306, 308, 306, 310, 307, 308, 310, 311, 310,
    311, 307, 310, 310, 309, 309, 307, 311, 311, 310, 308, 307, 310, 307,
    308, 310, 308, 308, 307, 306, 306, 308, 310, 309, 308, 308, 307, 309,
    307, 308, 309, 307, 305, 309, 309 ]
LHandPositionsY: [ 235, 231, 234, 232, 232, 235, 233, 231, 234, 235, 234,
    235, 232, 231, 232, 231, 234, 232, 233, 233, 234, 232, 232, 232, 235,
    235, 232, 235, 234, 235, 233, 233, 231, 235, 231, 233, 235, 234, 234,
    232, 235, 231, 234, 232, 235, 233, 235, 231, 232, 233, 231, 234, 231,
    235, 231, 233, 232, 233, 235, 235, 232, 234, 231, 235, 234, 234, 234,
    231, 235, 233, 234, 234, 231, 233, 233, 235, 234, 232, 235, 234, 232,
    235, 234, 234, 235, 231, 231, 231 ]
RHandPositionsX: [ 214, 195, 176, 158, 142, 143, 143, 145, 144, 142, 147,
    151, 157, 152, 146, 144, 142, 141, 143, 147, 162, 157, 157, 154, 152,
    146, 149, 143, 146, 154, 153, 157, 161, 157, 150, 147, 142, 140, 136,
    155, 154, 153, 157, 158, 152, 152, 149, 153, 159, 158, 169, 169, 164,
    161, 157, 156, 151, 154, 145, 150, 152, 164, 172, 175, 176, 178, 175,
    174, 174, 168, 174, 171, 171, 167, 167, 167, 169, 172, 172, 169, 171,
    171, 169, 166, 168, 166, 167, 169 ]
RHandPositionsY: [ 202, 186, 169, 148, 129, 112, 106, 104, 97, 90, 96,
    89, 82, 81, 75, 72, 72, 66, 69, 73, 80, 76, 74, 69, 69, 68, 69, 66,
    65, 65, 70, 68, 64, 64, 64, 65, 67, 66, 67, 84, 81, 83, 81, 78, 75,
    72, 72, 71, 72, 75, 92, 90, 85, 82, 78, 76, 78, 81, 80, 82, 90, 108,
    120, 136, 149, 161, 169, 181, 187, 195, 210, 216, 221, 227, 232, 236,
    238, 239, 237, 239, 241, 244, 244, 243, 241, 245, 247, 246 ]
