%YAML:1.0
---
videoName: "RHShake17.mp4"
gestureLabel: 2
fps: 29
pixelSizeInCmTemp: 3.3732394366197183e-01
faceCenterPointX: 282
faceCenterPointY: 40
LHandPositionsX: [ 308, 307, 306, 308, 306, 307, 308, 307, 305, 305, 305,
    307, 309, 309, 308, 306, 309, 305, 305, 308, 309, 309, 308, 308, 306,
    305, 305, 309, 309, 307, 309, 309, 305, 309, 307, 305, 306, 307, 307,
    306, 307, 308, 310, 309, 310, 308, 307, 307, 310, 309, 310, 309, 310,
    310, 308, 311, 310, 311, 311, 309, 311, 307, 310, 311, 310, 310, 308,
    310, 310, 308, 309, 307, 309, 310, 310, 310, 306, 306, 307, 308, 305,
    306, 305, 309, 306, 308, 306, 306 ]
LHandPositionsY: [ 235, 231, 235, 232, 233, 233, 234, 232, 232, 233, 232,
    235, 234, 233, 235, 231, 234, 231, 231, 232, 234, 233, 235, 233, 233,
    234, 234, 234, 233, 234, 231, 235, 231, 234, 232, 234, 234, 234, 234,
    234, 235, 231, 231, 235, 234, 232, 234, 234, 234, 231, 234, 235, 234,
    232, 234, 234, 232, 235, 234, 232, 231, 233, 235, 234, 235, 234, 231,
    232, 234, 235, 234, 232, 235, 235, 231, 235, 233, 233, 235, 234, 235,
    234, 232, 232, 234, 232, 234, 234 ]
RHandPositionsX: [ 213, 198, 176, 162, 139, 145, 142, 146, 144, 144, 145,
    148, 158, 155, 148, 145, 142, 142, 142, 145, 162, 159, 158, 152, 152,
    149, 148, 142, 147, 154, 155, 157, 160, 157, 149, 146, 143, 139, 139,
    152, 152, 154, 155, 160, 154, 153, 148, 154, 156, 156, 173, 171, 168,
    161, 160, 157, 149, 151, 146, 150, 152, 163, 170, 177, 177, 177, 177,
    177, 172, 168, 175, 171, 170, 171, 167, 169, 172, 172, 169, 170, 169,
    171, 171, 167, 166, 167, 168, 169 ]
RHandPositionsY: [ 201, 187, 168, 147, 128, 110, 107, 101, 96, 92, 95,
    89, 83, 78, 77, 74, 72, 66, 69, 75, 79, 77, 71, 72, 68, 69, 69, 69,
    68, 68, 70, 69, 66, 64, 67, 65, 66, 66, 67, 81, 79, 79, 80, 77, 75,
    75, 72, 72, 75, 77, 92, 90, 83, 80, 77, 79, 79, 81, 76, 85, 92, 108,
    117, 136, 145, 161, 168, 183, 191, 197, 210, 216, 220, 229, 235, 232,
    236, 239, 240, 239, 242, 240, 240, 243, 243, 243, 246, 242 ]
