%YAML:1.0
---
videoName: "RHShake14.mp4"
gestureLabel: 2
fps: 30
pixelSizeInCmTemp: 3.2808219178082193e-01
faceCenterPointX: 277
faceCenterPointY: 42
LHandPositionsX: [ 379, 377, 377, 378, 377, 377, 378, 377, 376, 379, 375,
    375, 378, 378, 377, 375, 375, 375, 376, 375, 375, 376, 373, 372, 376,
    376, 375, 375, 375, 372, 374, 372, 376, 376, 372, 372, 376, 373, 372,
    373, 373, 375, 375, 374, 372, 376, 376, 373, 374, 373, 376, 374, 373,
    373, 375, 376, 373, 374, 375, 372, 372, 373, 375, 373, 374, 374, 375,
    375, 374, 375, 374, 375, 374, 373, 375, 372, 375, 373, 373, 376, 373,
    374, 372, 375, 376, 373, 376, 373, 373, 376, 373 ]
LHandPositionsY: [ 229, 232, 231, 232, 232, 232, 231, 230, 229, 231, 231,
    232, 233, 229, 231, 231, 231, 230, 230, 230, 231, 231, 231, 233, 232,
    229, 233, 231, 231, 229, 230, 229, 230, 230, 229, 232, 230, 231, 232,
    230, 229, 229, 231, 233, 229, 230, 233, 232, 233, 232, 229, 229, 233,
    230, 229, 232, 231, 230, 229, 230, 232, 232, 229, 233, 229, 233, 230,
    233, 231, 231, 230, 231, 229, 229, 231, 229, 233, 232, 233, 232, 231,
    229, 233, 230, 232, 230, 233, 233, 232, 231, 231 ]
RHandPositionsX: [ 173, 171, 171, 173, 172, 173, 174, 174, 172, 174, 170,
    172, 173, 174, 174, 170, 171, 172, 173, 173, 174, 174, 173, 172, 171,
    170, 171, 169, 161, 148, 138, 128, 122, 118, 118, 124, 128, 132, 136,
    139, 141, 145, 147, 141, 146, 147, 149, 153, 157, 163, 157, 159, 155,
    151, 154, 157, 162, 168, 168, 165, 159, 155, 156, 155, 157, 164, 162,
    171, 174, 176, 178, 176, 178, 179, 171, 172, 178, 179, 177, 174, 174,
    172, 174, 172, 173, 172, 170, 172, 170, 173, 171 ]
RHandPositionsY: [ 242, 239, 243, 242, 239, 240, 241, 243, 240, 243, 242,
    239, 241, 242, 240, 239, 241, 242, 241, 242, 242, 242, 239, 240, 243,
    243, 244, 235, 216, 195, 173, 153, 133, 117, 115, 110, 103, 110, 112,
    118, 118, 106, 98, 93, 87, 87, 83, 85, 83, 83, 81, 78, 79, 76, 75,
    76, 80, 83, 79, 76, 80, 76, 74, 75, 79, 80, 87, 106, 121, 131, 145,
    159, 168, 181, 193, 195, 197, 202, 212, 216, 218, 224, 224, 227, 235,
    235, 232, 233, 234, 237, 234 ]
