%YAML:1.0
---
videoName: "RHShake13.mp4"
gestureLabel: 2
fps: 30
pixelSizeInCmTemp: 3.2808219178082193e-01
faceCenterPointX: 278
faceCenterPointY: 45
LHandPositionsX: [ 305, 308, 309, 308, 306, 305, 306, 308, 308, 309, 305,
    307, 306, 305, 307, 306, 305, 309, 305, 306, 307, 306, 308, 306, 309,
    306, 308, 307, 305, 305, 307, 305, 306, 308, 308, 306, 309, 307, 308,
    306, 307, 306, 307, 305, 308, 309, 309, 307, 309, 306, 306, 308, 309,
    306, 305, 305, 307, 309, 306, 307, 306, 307, 305, 306, 305, 309, 308,
    307, 306, 309, 309, 306, 310, 308, 308, 309, 307, 310, 307, 306, 303,
    305, 302, 303, 305, 304, 306, 303, 304, 306, 303 ]
LHandPositionsY: [ 242, 245, 244, 244, 243, 245, 245, 245, 243, 242, 242,
    245, 243, 242, 241, 240, 240, 241, 240, 243, 240, 242, 241, 241, 241,
    243, 239, 242, 239, 241, 243, 243, 240, 242, 240, 239, 241, 241, 242,
    240, 241, 239, 240, 239, 240, 240, 239, 239, 238, 241, 242, 242, 239,
    238, 239, 238, 242, 242, 239, 240, 241, 242, 239, 240, 239, 238, 240,
    241, 238, 242, 238, 241, 238, 237, 236, 234, 235, 234, 233, 233, 231,
    231, 234, 238, 237, 243, 243, 243, 245, 247, 245 ]
RHandPositionsX: [ 166, 152, 138, 142, 140, 143, 143, 140, 144, 148, 149,
    145, 141, 138, 137, 136, 142, 143, 144, 143, 135, 133, 130, 132, 130,
    135, 134, 138, 139, 134, 135, 131, 128, 132, 132, 134, 135, 134, 137,
    138, 136, 133, 135, 136, 137, 146, 148, 148, 145, 148, 143, 138, 137,
    139, 137, 141, 140, 141, 141, 139, 135, 132, 128, 131, 135, 143, 143,
    147, 153, 161, 170, 178, 191, 201, 211, 226, 236, 247, 255, 251, 251,
    255, 258, 261, 258, 261, 260, 258, 260, 261, 259 ]
RHandPositionsY: [ 156, 138, 121, 120, 114, 107, 103, 102, 99, 94, 93,
    90, 89, 86, 87, 88, 87, 88, 89, 87, 88, 86, 88, 84, 87, 85, 89, 91,
    91, 91, 92, 91, 89, 87, 90, 88, 93, 90, 91, 93, 89, 91, 87, 87, 90,
    97, 97, 93, 94, 94, 94, 93, 94, 96, 94, 97, 100, 101, 98, 99, 96, 94,
    98, 95, 102, 106, 109, 109, 117, 127, 137, 145, 153, 165, 176, 190,
    200, 210, 216, 215, 217, 219, 228, 236, 234, 235, 237, 241, 238, 239,
    241 ]
