%YAML:1.0
---
videoName: "RHShake08.mp4"
gestureLabel: 2
fps: 29
pixelSizeInCmTemp: 3.2808219178082193e-01
faceCenterPointX: 290
faceCenterPointY: 45
LHandPositionsX: [ 317, 315, 317, 317, 316, 313, 312, 316, 315, 312, 311,
    311, 310, 312, 308, 307, 310, 308, 309, 306, 308, 308, 310, 307, 307,
    306, 308, 306, 309, 307, 310, 308, 309, 310, 307, 309, 306, 310, 306,
    306, 308, 310, 306, 307, 309, 310, 308, 308, 306, 307, 307, 308, 309,
    305, 308, 308, 306, 308, 307, 308, 308, 309, 305, 305, 305, 308, 305,
    308, 309, 307, 306, 308, 307, 305, 306, 308, 306, 306, 309, 306, 308,
    306, 309, 308, 308, 309, 308, 309 ]
LHandPositionsY: [ 282, 280, 279, 283, 283, 282, 282, 281, 285, 281, 281,
    284, 284, 281, 281, 281, 281, 284, 283, 281, 281, 282, 285, 285, 283,
    282, 285, 284, 284, 284, 284, 281, 284, 283, 282, 285, 284, 283, 284,
    283, 282, 284, 285, 281, 280, 283, 280, 283, 284, 283, 284, 280, 281,
    282, 284, 280, 284, 281, 284, 283, 281, 282, 282, 281, 281, 283, 283,
    282, 284, 283, 281, 284, 284, 284, 280, 284, 282, 282, 283, 281, 283,
    281, 280, 281, 280, 284, 282, 283 ]
RHandPositionsX: [ 266, 269, 269, 270, 269, 269, 274, 279, 267, 258, 260,
    255, 251, 236, 222, 203, 185, 165, 157, 162, 164, 172, 201, 198, 203,
    201, 192, 190, 184, 179, 187, 190, 202, 198, 194, 196, 188, 183, 180,
    179, 193, 191, 187, 183, 184, 178, 176, 175, 177, 181, 184, 189, 191,
    186, 195, 192, 189, 203, 205, 216, 213, 204, 205, 198, 200, 197, 204,
    206, 217, 213, 214, 218, 221, 230, 241, 250, 250, 265, 262, 264, 267,
    268, 269, 270, 273, 277, 275, 268 ]
RHandPositionsY: [ 267, 266, 267, 270, 268, 268, 268, 269, 265, 261, 254,
    244, 229, 219, 204, 186, 175, 154, 130, 127, 115, 111, 108, 104, 111,
    103, 101, 94, 95, 90, 92, 95, 95, 95, 96, 89, 87, 86, 87, 88, 93, 92,
    94, 91, 89, 87, 87, 86, 91, 94, 96, 97, 101, 96, 91, 90, 91, 95, 97,
    98, 100, 100, 94, 93, 96, 96, 96, 100, 106, 105, 112, 124, 130, 141,
    160, 177, 193, 214, 226, 245, 258, 262, 259, 260, 261, 262, 263, 266 ]
