%YAML:1.0
---
videoName: "RHShake07.mp4"
gestureLabel: 2
fps: 29
pixelSizeInCmTemp: 3.2364864864864862e-01
faceCenterPointX: 292
faceCenterPointY: 44
LHandPositionsX: [ 311, 309, 309, 307, 309, 307, 307, 308, 307, 309, 311,
    309, 308, 309, 313, 310, 312, 312, 313, 313, 312, 311, 314, 313, 313,
    313, 310, 314, 313, 310, 313, 312, 313, 315, 315, 312, 312, 314, 313,
    315, 315, 314, 316, 314, 312, 316, 313, 313, 316, 316, 316, 315, 313,
    314, 312, 314, 312, 316, 314, 312, 313, 315, 312, 315, 313, 314, 316,
    314, 316, 314, 313, 317, 314, 314, 313, 315, 313, 313, 313, 313, 310,
    307, 311, 312, 310, 309, 311, 309 ]
LHandPositionsY: [ 269, 271, 269, 270, 269, 268, 267, 270, 271, 275, 272,
    273, 272, 272, 272, 268, 270, 270, 270, 268, 271, 268, 271, 268, 271,
    269, 271, 268, 268, 270, 270, 267, 269, 269, 267, 268, 269, 271, 267,
    271, 268, 268, 269, 271, 270, 268, 269, 269, 271, 268, 268, 271, 271,
    269, 269, 268, 267, 271, 270, 268, 269, 269, 269, 267, 270, 267, 269,
    270, 269, 271, 267, 266, 268, 268, 267, 269, 268, 268, 269, 269, 271,
    270, 271, 275, 275, 272, 272, 271 ]
RHandPositionsX: [ 267, 263, 264, 265, 267, 266, 263, 266, 262, 270, 266,
    264, 255, 236, 217, 196, 176, 160, 153, 154, 160, 155, 159, 161, 163,
    181, 189, 185, 179, 168, 168, 167, 181, 180, 186, 188, 182, 175, 168,
    169, 173, 172, 182, 182, 187, 180, 176, 171, 167, 164, 167, 183, 183,
    201, 196, 187, 184, 178, 169, 171, 168, 164, 169, 174, 174, 183, 177,
    174, 173, 168, 158, 170, 177, 197, 214, 229, 245, 257, 270, 277, 269,
    270, 269, 265, 262, 264, 266, 265 ]
RHandPositionsY: [ 252, 253, 253, 255, 255, 255, 251, 251, 254, 254, 249,
    240, 233, 220, 201, 186, 166, 154, 136, 129, 128, 115, 121, 125, 128,
    116, 105, 101, 94, 92, 88, 89, 110, 105, 102, 98, 95, 95, 94, 92, 89,
    96, 98, 97, 96, 97, 94, 93, 92, 84, 84, 92, 98, 100, 101, 95, 93, 91,
    92, 89, 87, 91, 92, 92, 91, 91, 89, 86, 90, 87, 93, 119, 139, 147,
    168, 187, 203, 226, 235, 244, 244, 247, 252, 255, 254, 252, 254, 254 ]
