%YAML:1.0
---
videoName: "RHShake16.mp4"
gestureLabel: 2
fps: 29
pixelSizeInCmTemp: 3.2808219178082193e-01
faceCenterPointX: 281
faceCenterPointY: 44
LHandPositionsX: [ 371, 369, 370, 372, 369, 373, 369, 373, 370, 373, 371,
    370, 369, 371, 370, 371, 373, 371, 369, 373, 372, 372, 372, 370, 369,
    369, 369, 371, 370, 369, 369, 371, 370, 371, 369, 373, 369, 370, 369,
    372, 369, 372, 370, 373, 373, 369, 370, 370, 369, 372, 369, 373, 369,
    372, 373, 369, 373, 373, 369, 369, 371, 372, 371, 372, 373, 373, 372,
    373, 370, 373, 369, 371, 372, 373, 372, 369, 370, 369, 373, 373, 370,
    371, 370, 371, 373, 371, 371, 372 ]
LHandPositionsY: [ 231, 234, 230, 234, 231, 233, 234, 233, 230, 230, 231,
    230, 234, 231, 230, 230, 230, 233, 231, 231, 232, 233, 230, 231, 234,
    234, 231, 232, 234, 233, 232, 233, 233, 231, 234, 232, 232, 234, 234,
    233, 233, 231, 230, 232, 234, 233, 233, 232, 232, 232, 231, 231, 231,
    231, 232, 229, 230, 231, 232, 233, 233, 230, 232, 230, 233, 229, 231,
    231, 231, 233, 231, 231, 230, 232, 230, 230, 232, 230, 233, 231, 233,
    229, 232, 231, 231, 232, 229, 232 ]
RHandPositionsX: [ 169, 170, 167, 170, 169, 168, 170, 171, 167, 167, 170,
    169, 167, 171, 170, 168, 171, 169, 161, 154, 154, 146, 137, 132, 124,
    121, 118, 124, 123, 125, 129, 132, 137, 143, 144, 138, 136, 134, 139,
    141, 143, 146, 149, 150, 146, 145, 146, 146, 145, 149, 149, 153, 150,
    148, 149, 144, 146, 147, 149, 150, 153, 157, 155, 153, 153, 152, 151,
    151, 154, 159, 165, 171, 175, 176, 175, 176, 174, 172, 170, 168, 173,
    170, 171, 172, 170, 170, 169, 170 ]
RHandPositionsY: [ 266, 268, 268, 267, 266, 269, 267, 265, 269, 269, 269,
    269, 266, 267, 268, 265, 266, 264, 255, 244, 218, 199, 178, 161, 145,
    130, 116, 113, 108, 105, 104, 103, 98, 98, 97, 94, 92, 90, 88, 90,
    88, 91, 88, 88, 89, 86, 86, 86, 88, 85, 88, 86, 87, 86, 88, 88, 85,
    86, 90, 87, 90, 87, 88, 90, 88, 86, 88, 92, 103, 121, 132, 148, 162,
    173, 183, 192, 194, 205, 211, 216, 222, 222, 226, 235, 236, 235, 236,
    238 ]
