%YAML:1.0
---
videoName: "RHShake23.mp4"
gestureLabel: 2
fps: 29
pixelSizeInCmTemp: 3.3263888888888887e-01
faceCenterPointX: 298
faceCenterPointY: 49
LHandPositionsX: [ 387, 389, 388, 389, 388, 387, 389, 391, 389, 387, 387,
    388, 388, 391, 391, 391, 389, 388, 390, 391, 389, 389, 387, 388, 391,
    387, 390, 390, 388, 389, 388, 388, 391, 390, 389, 389, 391, 388, 389,
    388, 390, 387, 388, 387, 390, 390, 389, 389, 391, 390, 387, 387, 388,
    389, 388, 387, 388, 388, 389, 390, 391, 388, 388, 391, 391, 388, 391,
    389, 390, 391, 390, 391, 388, 391, 390, 389, 389, 387, 390, 390, 388,
    388, 388, 387, 389, 389, 390, 391 ]
LHandPositionsY: [ 226, 228, 225, 224, 227, 227, 225, 227, 226, 225, 228,
    224, 224, 228, 227, 225, 226, 227, 224, 226, 226, 228, 226, 227, 228,
    225, 225, 226, 228, 226, 226, 226, 225, 227, 227, 226, 226, 225, 225,
    228, 226, 225, 225, 225, 227, 228, 225, 224, 226, 224, 228, 225, 228,
    226, 227, 228, 228, 224, 228, 225, 225, 225, 228, 226, 228, 225, 227,
    227, 228, 225, 226, 227, 224, 227, 226, 227, 227, 224, 227, 226, 225,
    226, 225, 227, 228, 226, 224, 227 ]
RHandPositionsX: [ 168, 172, 174, 190, 188, 186, 194, 187, 181, 176, 173,
    174, 175, 179, 187, 199, 195, 199, 199, 193, 187, 181, 175, 176, 173,
    169, 172, 179, 192, 202, 202, 199, 199, 193, 193, 186, 182, 180, 178,
    184, 184, 199, 202, 205, 206, 202, 200, 192, 186, 179, 177, 179, 181,
    189, 195, 202, 204, 209, 211, 208, 211, 208, 210, 211, 210, 206, 208,
    206, 203, 205, 203, 203, 206, 203, 201, 201, 204, 201, 201, 199, 200,
    198, 201, 200, 202, 200, 201, 199 ]
RHandPositionsY: [ 96, 96, 98, 110, 114, 114, 120, 109, 102, 101, 102,
    101, 100, 102, 113, 125, 123, 124, 125, 109, 102, 99, 102, 101, 99,
    95, 93, 97, 118, 122, 120, 125, 125, 107, 108, 107, 106, 101, 102,
    102, 115, 119, 119, 122, 128, 127, 122, 108, 108, 105, 105, 100, 99,
    119, 128, 135, 142, 149, 152, 155, 161, 166, 172, 182, 192, 201, 209,
    216, 212, 216, 216, 217, 222, 222, 227, 229, 228, 227, 224, 226, 226,
    227, 228, 224, 224, 228, 224, 228 ]
