%YAML:1.0
---
videoName: "RHShake00.mp4"
gestureLabel: 2
fps: 29
pixelSizeInCmTemp: 3.4710144927536229e-01
faceCenterPointX: 283
faceCenterPointY: 97
LHandPositionsX: [ 345, 344, 346, 345, 343, 344, 343, 346, 343, 344, 343,
    345, 342, 343, 342, 342, 346, 344, 345, 343, 346, 345, 343, 346, 345,
    346, 342, 345, 344, 346, 343, 343, 344, 343, 345, 342, 343, 343, 344,
    342, 346, 343, 346, 342, 344, 346, 346, 346, 345, 343, 346, 345, 344,
    346, 346, 346, 345, 344, 346, 344, 346, 342, 342, 344, 346, 344, 342,
    343, 344, 343, 344, 344, 343, 345, 343, 345, 346, 346, 346, 345, 342,
    346, 342, 345, 344, 345, 343, 344 ]
LHandPositionsY: [ 272, 276, 276, 273, 272, 272, 275, 274, 274, 276, 274,
    273, 275, 274, 275, 274, 274, 273, 273, 275, 272, 272, 273, 274, 273,
    272, 275, 276, 275, 276, 276, 273, 272, 275, 274, 272, 275, 273, 276,
    273, 272, 272, 274, 275, 276, 273, 274, 274, 276, 272, 274, 275, 274,
    274, 272, 273, 275, 272, 274, 275, 276, 272, 276, 275, 274, 275, 272,
    275, 274, 274, 274, 273, 274, 276, 276, 273, 273, 272, 274, 275, 272,
    275, 273, 275, 275, 274, 272, 274 ]
RHandPositionsX: [ 179, 173, 167, 153, 150, 148, 146, 142, 142, 144, 142,
    148, 149, 169, 166, 166, 168, 169, 163, 159, 155, 150, 146, 148, 151,
    162, 165, 166, 167, 163, 158, 148, 151, 148, 149, 157, 164, 163, 165,
    162, 162, 155, 150, 144, 140, 144, 149, 153, 156, 157, 161, 163, 156,
    152, 147, 147, 142, 148, 156, 161, 161, 160, 167, 161, 158, 151, 146,
    143, 141, 144, 149, 151, 154, 158, 164, 168, 171, 174, 178, 179, 183,
    186, 191, 190, 193, 196, 199, 199 ]
RHandPositionsY: [ 256, 249, 243, 217, 200, 189, 179, 167, 161, 148, 143,
    135, 132, 133, 138, 138, 135, 132, 125, 123, 124, 121, 122, 119, 128,
    135, 135, 132, 136, 129, 125, 125, 127, 126, 130, 133, 137, 138, 139,
    140, 139, 133, 131, 132, 130, 136, 133, 135, 139, 139, 138, 142, 135,
    133, 130, 130, 130, 131, 141, 143, 146, 145, 149, 146, 140, 139, 140,
    138, 140, 151, 154, 160, 166, 175, 184, 188, 200, 205, 215, 220, 231,
    235, 243, 249, 254, 260, 261, 262 ]
