%YAML:1.0
---
videoName: "RHShake24.mp4"
gestureLabel: 2
fps: 30
pixelSizeInCmTemp: 3.3732394366197183e-01
faceCenterPointX: 304
faceCenterPointY: 46
LHandPositionsX: [ 391, 390, 389, 391, 390, 389, 392, 389, 393, 390, 392,
    390, 389, 391, 393, 393, 393, 392, 389, 389, 392, 392, 389, 393, 389,
    390, 389, 393, 391, 389, 389, 389, 390, 392, 391, 390, 390, 391, 391,
    391, 390, 389, 392, 392, 393, 391, 391, 393, 393, 391, 391, 390, 390,
    392, 389, 391, 393, 392, 391, 393, 391, 393, 391, 393, 390, 389, 390,
    390, 389, 390, 389, 392, 391, 389, 393, 391, 392, 390, 391, 392, 391,
    392, 392, 393, 390, 389, 391, 391, 391, 392, 389 ]
LHandPositionsY: [ 225, 228, 228, 229, 228, 228, 229, 228, 228, 226, 229,
    227, 226, 229, 225, 225, 228, 229, 226, 227, 226, 226, 225, 228, 229,
    228, 225, 226, 229, 226, 226, 228, 228, 225, 228, 225, 225, 227, 229,
    228, 228, 226, 225, 227, 226, 225, 229, 228, 226, 225, 229, 228, 228,
    225, 227, 229, 225, 225, 225, 229, 225, 226, 228, 227, 225, 227, 227,
    225, 226, 225, 228, 229, 228, 228, 225, 225, 226, 229, 225, 226, 228,
    226, 228, 226, 229, 227, 228, 229, 229, 226, 229 ]
RHandPositionsX: [ 144, 147, 148, 151, 157, 154, 153, 149, 146, 141, 137,
    136, 144, 153, 162, 163, 161, 161, 159, 155, 148, 142, 145, 142, 142,
    146, 156, 157, 158, 158, 156, 155, 152, 146, 140, 144, 148, 154, 154,
    159, 162, 162, 158, 153, 148, 145, 143, 141, 142, 150, 159, 166, 164,
    170, 170, 165, 157, 153, 149, 147, 149, 148, 153, 164, 166, 169, 170,
    169, 173, 178, 182, 182, 186, 185, 191, 191, 195, 195, 194, 193, 196,
    196, 195, 196, 193, 192, 192, 192, 196, 192, 196 ]
RHandPositionsY: [ 95, 102, 99, 101, 104, 97, 95, 92, 89, 87, 85, 87, 84,
    98, 111, 111, 113, 113, 105, 99, 99, 98, 97, 92, 91, 102, 108, 112,
    112, 114, 109, 101, 96, 97, 93, 93, 93, 97, 101, 106, 106, 115, 108,
    104, 99, 100, 98, 94, 93, 111, 119, 118, 118, 121, 119, 104, 99, 101,
    101, 101, 94, 97, 102, 114, 113, 115, 118, 122, 131, 140, 148, 154,
    149, 159, 168, 174, 177, 190, 197, 203, 210, 209, 210, 216, 219, 218,
    222, 222, 226, 224, 228 ]
