%YAML:1.0
---
videoName: "RHShake16.mp4"
gestureLabel: 2
fps: 29
pixelSizeInCmTemp: 3.2808219178082193e-01
faceCenterPointX: 281
faceCenterPointY: 44
LHandPositionsX: [ 373, 369, 373, 370, 369, 372, 373, 372, 371, 373, 369,
    372, 369, 371, 369, 369, 369, 370, 371, 370, 370, 372, 370, 370, 370,
    373, 369, 371, 370, 373, 370, 373, 370, 372, 372, 372, 372, 372, 372,
    370, 372, 371, 372, 373, 371, 370, 373, 370, 370, 371, 370, 372, 373,
    370, 369, 371, 372, 373, 373, 372, 371, 370, 370, 369, 372, 370, 372,
    373, 371, 370, 370, 373, 372, 369, 373, 371, 371, 373, 369, 369, 369,
    371, 371, 373, 371, 369, 373, 373 ]
LHandPositionsY: [ 231, 232, 233, 233, 234, 233, 230, 233, 233, 232, 234,
    234, 233, 230, 234, 232, 231, 233, 231, 233, 231, 234, 230, 230, 234,
    230, 233, 232, 231, 231, 231, 231, 234, 233, 230, 231, 232, 231, 231,
    231, 232, 234, 231, 233, 230, 233, 231, 233, 231, 230, 233, 233, 231,
    231, 229, 230, 231, 232, 232, 233, 233, 231, 231, 233, 231, 230, 233,
    232, 232, 229, 229, 229, 232, 229, 229, 229, 230, 233, 230, 230, 230,
    229, 229, 229, 230, 232, 230, 231 ]
RHandPositionsX: [ 170, 169, 169, 169, 168, 171, 170, 170, 167, 168, 167,
    169, 169, 167, 168, 170, 167, 170, 164, 153, 153, 149, 136, 129, 127,
    125, 115, 121, 124, 122, 129, 129, 136, 143, 142, 142, 137, 136, 139,
    141, 139, 146, 147, 150, 147, 148, 149, 148, 146, 148, 151, 153, 154,
    150, 149, 148, 149, 146, 145, 153, 154, 159, 153, 151, 155, 151, 147,
    154, 154, 163, 166, 170, 175, 177, 177, 175, 177, 173, 170, 170, 171,
    169, 169, 170, 170, 169, 168, 168 ]
RHandPositionsY: [ 268, 267, 267, 267, 265, 268, 269, 267, 266, 268, 265,
    266, 269, 268, 265, 265, 264, 267, 254, 244, 218, 199, 178, 162, 143,
    128, 115, 115, 112, 106, 108, 105, 99, 98, 96, 95, 92, 89, 88, 87,
    91, 88, 88, 91, 86, 89, 88, 85, 88, 85, 86, 88, 90, 88, 86, 85, 84,
    85, 87, 89, 91, 91, 87, 89, 89, 86, 92, 94, 102, 120, 131, 146, 159,
    170, 185, 192, 195, 201, 212, 216, 224, 223, 222, 234, 237, 234, 234,
    239 ]
