%YAML:1.0
---
videoName: "RHShake11.mp4"
gestureLabel: 2
fps: 29
pixelSizeInCmTemp: 3.3263888888888887e-01
faceCenterPointX: 274
faceCenterPointY: 53
LHandPositionsX: [ 311, 310, 307, 307, 309, 310, 310, 309, 309, 311, 311,
    310, 310, 307, 309, 311, 308, 307, 310, 309, 308, 307, 307, 307, 310,
    311, 309, 307, 309, 307, 309, 309, 310, 311, 311, 307, 308, 309, 311,
    310, 311, 311, 310, 310, 309, 307, 308, 307, 307, 309, 308, 307, 308,
    308, 307, 309, 311, 311, 311, 309, 310, 310, 310, 307, 311, 308, 307,
    307, 308, 308, 307, 307, 309, 307, 311, 306, 306, 306, 307, 304, 307,
    304, 304, 304, 304, 303, 304, 303 ]
LHandPositionsY: [ 245, 247, 246, 247, 248, 245, 248, 247, 249, 246, 249,
    249, 247, 245, 246, 247, 247, 247, 246, 247, 247, 245, 247, 248, 247,
    245, 248, 246, 249, 249, 246, 249, 248, 245, 247, 249, 246, 248, 248,
    249, 248, 246, 246, 246, 249, 246, 249, 247, 248, 247, 245, 247, 245,
    245, 248, 248, 247, 245, 247, 249, 249, 248, 249, 245, 246, 246, 245,
    248, 247, 244, 244, 243, 244, 243, 243, 243, 245, 243, 247, 243, 246,
    247, 246, 243, 247, 246, 246, 245 ]
RHandPositionsX: [ 251, 248, 251, 245, 234, 226, 211, 194, 175, 161, 149,
    138, 147, 143, 152, 157, 163, 163, 169, 172, 170, 163, 155, 153, 151,
    153, 162, 168, 166, 166, 169, 168, 163, 158, 159, 156, 153, 151, 157,
    168, 167, 167, 171, 169, 163, 162, 160, 158, 158, 157, 165, 174, 175,
    178, 179, 179, 170, 168, 166, 163, 159, 157, 160, 165, 172, 183, 191,
    207, 220, 229, 242, 250, 257, 258, 264, 261, 262, 260, 259, 261, 260,
    259, 259, 261, 261, 259, 261, 258 ]
RHandPositionsY: [ 249, 249, 248, 241, 232, 219, 205, 193, 173, 163, 143,
    125, 128, 111, 106, 101, 106, 103, 103, 103, 101, 102, 101, 96, 95,
    94, 97, 98, 100, 99, 100, 96, 99, 98, 95, 94, 96, 97, 102, 104, 106,
    104, 102, 105, 104, 105, 101, 97, 96, 96, 102, 108, 105, 108, 107,
    108, 104, 102, 100, 100, 101, 102, 101, 109, 120, 129, 145, 159, 171,
    190, 202, 210, 222, 230, 238, 234, 238, 239, 241, 242, 242, 241, 240,
    242, 241, 242, 242, 242 ]
