%YAML:1.0
---
videoName: "RHShake16.mp4"
gestureLabel: 2
fps: 29
pixelSizeInCmTemp: 3.2808219178082193e-01
faceCenterPointX: 281
faceCenterPointY: 44
LHandPositionsX: [ 372, 371, 373, 372, 373, 369, 373, 373, 370, 373, 372,
    373, 370, 371, 373, 371, 371, 373, 370, 371, 370, 372, 370, 370, 372,
    373, 372, 371, 372, 369, 371, 373, 369, 371, 373, 371, 372, 372, 373,
    373, 373, 369, 372, 371, 373, 369, 372, 371, 372, 370, 371, 372, 370,
    370, 369, 369, 371, 372, 369, 371, 370, 373, 371, 370, 371, 370, 373,
    373, 369, 373, 372, 372, 373, 370, 369, 371, 372, 369, 369, 369, 369,
    371, 371, 369, 370, 371, 371, 370 ]
LHandPositionsY: [ 233, 234, 233, 231, 232, 231, 231, 232, 231, 234, 230,
    234, 230, 234, 234, 232, 234, 232, 233, 230, 234, 231, 232, 230, 232,
    230, 232, 230, 232, 230, 230, 230, 234, 234, 233, 230, 233, 234, 233,
    233, 231, 234, 230, 231, 232, 230, 234, 230, 231, 231, 230, 231, 232,
    231, 232, 230, 229, 231, 231, 232, 230, 229, 230, 229, 230, 229, 229,
    229, 232, 230, 233, 232, 229, 232, 231, 233, 231, 229, 231, 229, 231,
    230, 230, 232, 232, 233, 230, 230 ]
RHandPositionsX: [ 170, 169, 170, 170, 167, 167, 168, 167, 170, 168, 169,
    169, 170, 168, 171, 169, 168, 170, 162, 154, 153, 150, 136, 133, 127,
    124, 116, 123, 121, 122, 128, 128, 138, 143, 146, 141, 136, 136, 135,
    138, 143, 146, 151, 148, 147, 148, 147, 148, 148, 145, 151, 153, 153,
    150, 147, 148, 145, 145, 147, 153, 152, 158, 156, 153, 153, 150, 147,
    153, 151, 159, 167, 172, 176, 177, 179, 172, 177, 176, 171, 168, 170,
    169, 168, 168, 171, 171, 171, 170 ]
RHandPositionsY: [ 265, 269, 267, 269, 267, 266, 265, 269, 269, 269, 267,
    268, 269, 266, 265, 269, 264, 264, 256, 242, 218, 198, 178, 158, 145,
    132, 114, 117, 110, 108, 104, 101, 100, 94, 94, 96, 93, 89, 89, 90,
    88, 91, 88, 90, 86, 85, 84, 85, 89, 88, 88, 87, 89, 88, 89, 88, 87,
    89, 86, 88, 90, 87, 88, 87, 86, 87, 91, 93, 101, 119, 133, 148, 159,
    172, 182, 189, 197, 204, 209, 218, 224, 223, 225, 234, 236, 236, 236,
    237 ]
