%YAML:1.0
---
videoName: "RHShake13.mp4"
gestureLabel: 2
fps: 30
pixelSizeInCmTemp: 3.2808219178082193e-01
faceCenterPointX: 278
faceCenterPointY: 45
LHandPositionsX: [ 305, 309, 308, 308, 309, 308, 309, 307, 307, 307, 307,
    306, 306, 309, 309, 305, 307, 309, 306, 306, 307, 305, 305, 307, 305,
    308, 305, 308, 307, 309, 308, 305, 305, 309, 309, 307, 308, 309, 309,
    305, 306, 305, 307, 309, 306, 305, 305, 306, 305, 309, 307, 307, 309,
    306, 309, 306, 307, 309, 307, 306, 307, 307, 309, 306, 306, 309, 305,
    306, 308, 306, 308, 305, 308, 310, 307, 306, 309, 307, 307, 305, 301,
    301, 305, 303, 307, 307, 305, 304, 306, 307, 303 ]
LHandPositionsY: [ 243, 244, 243, 245, 242, 242, 244, 242, 245, 244, 241,
    241, 244, 240, 244, 243, 244, 239, 242, 240, 242, 243, 240, 242, 243,
    240, 239, 241, 239, 242, 242, 242, 242, 243, 239, 243, 240, 239, 240,
    240, 240, 239, 242, 238, 240, 238, 241, 242, 241, 238, 241, 238, 241,
    238, 238, 239, 240, 239, 239, 238, 242, 238, 242, 239, 241, 241, 242,
    242, 242, 238, 238, 240, 240, 237, 236, 234, 237, 236, 233, 235, 231,
    231, 233, 239, 241, 242, 242, 244, 245, 246, 245 ]
RHandPositionsX: [ 166, 149, 139, 142, 143, 141, 141, 140, 144, 149, 147,
    147, 142, 138, 137, 136, 140, 141, 146, 141, 137, 133, 129, 131, 132,
    135, 136, 140, 139, 137, 134, 130, 128, 131, 132, 134, 135, 135, 137,
    139, 132, 136, 133, 132, 138, 146, 147, 148, 146, 146, 142, 136, 138,
    141, 138, 141, 139, 140, 144, 136, 136, 134, 130, 132, 137, 139, 145,
    148, 156, 162, 170, 176, 188, 200, 212, 226, 239, 243, 251, 254, 251,
    252, 257, 258, 261, 257, 257, 260, 258, 258, 260 ]
RHandPositionsY: [ 158, 138, 119, 118, 113, 108, 104, 101, 99, 96, 92,
    90, 86, 86, 85, 85, 89, 89, 86, 85, 88, 85, 84, 85, 88, 87, 87, 92,
    89, 92, 88, 91, 89, 90, 88, 92, 92, 91, 91, 93, 91, 91, 88, 88, 92,
    97, 97, 97, 93, 95, 93, 91, 93, 94, 96, 100, 99, 99, 100, 97, 96, 94,
    98, 97, 100, 106, 107, 112, 118, 126, 135, 146, 155, 167, 178, 190,
    200, 206, 216, 217, 215, 221, 229, 233, 238, 238, 239, 237, 239, 239,
    243 ]
