%YAML:1.0
---
videoName: "RHShake03.mp4"
gestureLabel: 2
fps: 29
pixelSizeInCmTemp: 3.1103896103896100e-01
faceCenterPointX: 294
faceCenterPointY: 48
LHandPositionsX: [ 408, 408, 412, 409, 408, 411, 410, 408, 411, 412, 412,
    411, 410, 409, 412, 408, 408, 409, 409, 411, 411, 411, 410, 410, 410,
    412, 409, 411, 412, 408, 410, 412, 411, 409, 408, 408, 412, 411, 411,
    412, 409, 411, 412, 409, 411, 411, 411, 411, 409, 410, 409, 411, 411,
    410, 409, 410, 409, 411, 412, 411, 411, 410, 408, 409, 410, 410, 408,
    411, 409, 409, 407, 411, 410, 409, 411, 409, 411, 409, 410, 410, 407,
    407, 408, 407, 408, 410, 409, 409 ]
LHandPositionsY: [ 262, 264, 261, 262, 260, 264, 263, 260, 264, 263, 263,
    261, 261, 263, 264, 260, 261, 262, 262, 264, 260, 262, 264, 262, 264,
    264, 260, 262, 260, 264, 262, 262, 263, 263, 263, 261, 263, 263, 261,
    264, 263, 262, 262, 264, 261, 261, 264, 262, 261, 260, 261, 262, 260,
    264, 261, 262, 262, 260, 264, 262, 264, 260, 260, 261, 264, 262, 260,
    261, 263, 262, 260, 264, 264, 261, 264, 260, 261, 264, 261, 264, 264,
    263, 263, 262, 260, 264, 263, 261 ]
RHandPositionsX: [ 182, 178, 180, 180, 177, 176, 174, 177, 173, 174, 173,
    177, 176, 173, 173, 176, 172, 174, 173, 171, 171, 172, 171, 171, 171,
    175, 172, 175, 173, 173, 170, 171, 175, 173, 165, 155, 153, 147, 152,
    149, 153, 165, 181, 186, 189, 192, 182, 178, 172, 172, 173, 180, 182,
    181, 178, 174, 173, 171, 166, 174, 177, 188, 198, 209, 197, 194, 189,
    188, 183, 183, 183, 192, 202, 210, 210, 208, 200, 196, 192, 181, 185,
    182, 182, 182, 183, 182, 180, 182 ]
RHandPositionsY: [ 259, 261, 262, 262, 261, 262, 260, 258, 258, 261, 259,
    261, 258, 259, 260, 262, 259, 258, 259, 259, 259, 258, 259, 259, 260,
    261, 258, 258, 262, 261, 265, 265, 256, 241, 220, 196, 176, 159, 145,
    126, 121, 121, 117, 116, 110, 103, 103, 101, 97, 99, 102, 104, 106,
    105, 103, 104, 100, 99, 96, 96, 101, 106, 111, 110, 109, 105, 106,
    102, 97, 102, 103, 119, 129, 143, 157, 178, 199, 210, 216, 242, 243,
    243, 242, 251, 251, 253, 250, 252 ]
