%YAML:1.0
---
videoName: "RHShake21.mp4"
gestureLabel: 2
fps: 29
pixelSizeInCmTemp: 3.3732394366197183e-01
faceCenterPointX: 293
faceCenterPointY: 47
LHandPositionsX: [ 397, 397, 394, 395, 398, 398, 394, 397, 395, 395, 394,
    398, 397, 398, 398, 398, 396, 397, 397, 398, 394, 394, 395, 397, 394,
    397, 398, 395, 396, 397, 395, 397, 394, 397, 394, 394, 398, 398, 396,
    397, 397, 398, 398, 398, 394, 398, 396, 396, 396, 395, 398, 398, 398,
    394, 396, 395, 394, 395, 395, 394, 395, 394, 397, 398, 394, 394, 394,
    398, 394, 397, 394, 395, 397, 395, 396, 394, 397, 396, 394, 395, 395,
    394, 396, 394, 397, 397, 396, 394 ]
LHandPositionsY: [ 241, 238, 239, 239, 241, 239, 242, 238, 239, 239, 241,
    238, 241, 241, 241, 241, 240, 239, 240, 241, 241, 242, 241, 239, 238,
    239, 238, 242, 242, 239, 238, 242, 241, 241, 238, 242, 240, 241, 242,
    240, 240, 239, 239, 239, 242, 238, 238, 240, 239, 242, 242, 239, 240,
    238, 240, 242, 240, 239, 242, 241, 238, 238, 239, 238, 242, 239, 240,
    239, 241, 242, 242, 238, 238, 240, 239, 240, 238, 241, 239, 241, 239,
    238, 239, 242, 241, 238, 241, 242 ]
RHandPositionsX: [ 135, 141, 144, 143, 147, 144, 146, 142, 139, 136, 134,
    141, 145, 148, 148, 147, 145, 145, 138, 136, 136, 136, 141, 144, 149,
    152, 151, 149, 148, 143, 139, 139, 137, 138, 142, 145, 151, 152, 149,
    145, 144, 137, 136, 133, 138, 140, 145, 148, 151, 148, 147, 144, 139,
    134, 134, 134, 138, 147, 154, 160, 168, 179, 175, 180, 180, 185, 187,
    186, 188, 187, 188, 189, 185, 186, 188, 189, 189, 185, 185, 185, 187,
    185, 185, 185, 186, 188, 185, 188 ]
RHandPositionsY: [ 80, 87, 88, 87, 87, 86, 81, 81, 81, 81, 81, 85, 90,
    92, 92, 93, 89, 84, 86, 85, 86, 84, 83, 86, 91, 91, 92, 90, 91, 85,
    84, 87, 83, 84, 85, 90, 93, 93, 91, 90, 85, 88, 87, 85, 86, 90, 99,
    95, 99, 97, 96, 94, 94, 95, 93, 90, 96, 106, 114, 125, 141, 153, 154,
    150, 162, 167, 178, 191, 198, 209, 213, 215, 218, 226, 226, 228, 228,
    227, 230, 228, 227, 228, 228, 229, 227, 228, 230, 231 ]
