%YAML:1.0
---
videoName: "RHShake19.mp4"
gestureLabel: 2
fps: 29
pixelSizeInCmTemp: 3.2808219178082193e-01
faceCenterPointX: 283
faceCenterPointY: 48
LHandPositionsX: [ 392, 392, 392, 391, 389, 390, 388, 389, 388, 391, 388,
    392, 391, 390, 392, 392, 391, 391, 391, 392, 392, 389, 388, 391, 390,
    391, 391, 389, 391, 388, 389, 392, 388, 390, 390, 392, 392, 391, 389,
    388, 390, 388, 388, 389, 391, 390, 392, 390, 389, 389, 388, 391, 389,
    390, 392, 388, 389, 389, 392, 388, 390, 391, 390, 389, 391, 391, 391,
    389, 390, 392, 391, 389, 391, 388, 391, 392, 392, 391, 392, 390, 388,
    388, 390, 389, 392, 388, 391, 391 ]
LHandPositionsY: [ 240, 240, 243, 244, 243, 240, 244, 243, 241, 242, 244,
    242, 241, 243, 240, 241, 244, 244, 241, 240, 243, 240, 240, 244, 242,
    243, 244, 243, 240, 242, 242, 243, 243, 242, 243, 241, 242, 241, 240,
    244, 240, 243, 243, 244, 241, 241, 241, 241, 242, 244, 243, 240, 242,
    243, 241, 240, 242, 241, 244, 243, 241, 243, 242, 241, 241, 244, 240,
    240, 244, 243, 241, 243, 244, 241, 241, 242, 244, 240, 244, 241, 243,
    243, 244, 243, 240, 241, 240, 242 ]
RHandPositionsX: [ 155, 173, 181, 182, 186, 183, 174, 171, 168, 162, 162,
    161, 165, 178, 184, 184, 188, 179, 173, 172, 162, 162, 160, 167, 167,
    174, 172, 174, 169, 164, 161, 160, 161, 165, 167, 177, 181, 176, 178,
    174, 168, 162, 162, 158, 165, 168, 178, 177, 180, 185, 178, 175, 169,
    167, 169, 169, 171, 180, 179, 178, 181, 179, 172, 171, 169, 165, 173,
    173, 178, 182, 186, 187, 190, 187, 183, 186, 183, 181, 179, 181, 181,
    181, 178, 182, 178, 180, 180, 180 ]
RHandPositionsY: [ 89, 92, 95, 95, 91, 88, 86, 81, 78, 76, 76, 74, 80,
    85, 90, 88, 88, 84, 78, 77, 79, 77, 77, 74, 85, 88, 91, 90, 89, 89,
    82, 82, 80, 85, 86, 88, 96, 97, 92, 90, 88, 86, 87, 82, 83, 87, 94,
    99, 103, 103, 101, 97, 97, 98, 95, 93, 102, 103, 105, 110, 104, 103,
    99, 100, 98, 99, 109, 124, 139, 148, 161, 177, 189, 192, 200, 212,
    217, 225, 229, 237, 236, 237, 239, 243, 241, 242, 241, 242 ]
