%YAML:1.0
---
videoName: "RHShake13.mp4"
gestureLabel: 2
fps: 30
pixelSizeInCmTemp: 3.2808219178082193e-01
faceCenterPointX: 278
faceCenterPointY: 45
LHandPositionsX: [ 306, 308, 308, 305, 307, 306, 309, 309, 309, 305, 309,
    308, 308, 307, 308, 306, 306, 307, 305, 306, 305, 307, 305, 307, 309,
    308, 308, 307, 306, 309, 309, 307, 308, 308, 306, 309, 308, 305, 305,
    305, 309, 309, 306, 307, 308, 305, 306, 306, 309, 305, 306, 305, 308,
    306, 305, 309, 305, 307, 306, 308, 308, 307, 307, 308, 309, 308, 306,
    306, 305, 306, 309, 307, 306, 307, 307, 310, 309, 309, 306, 308, 303,
    304, 305, 307, 306, 305, 305, 306, 303, 305, 304 ]
LHandPositionsY: [ 245, 244, 242, 243, 244, 244, 245, 242, 244, 241, 243,
    245, 241, 244, 244, 240, 244, 243, 240, 242, 239, 243, 241, 241, 243,
    243, 240, 240, 243, 243, 241, 243, 241, 241, 240, 243, 240, 239, 241,
    239, 242, 239, 242, 240, 241, 240, 238, 242, 239, 242, 242, 240, 240,
    239, 241, 239, 241, 241, 241, 238, 240, 238, 239, 239, 242, 239, 240,
    238, 240, 240, 238, 237, 238, 238, 239, 234, 233, 234, 234, 234, 233,
    231, 234, 240, 238, 241, 243, 247, 243, 246, 244 ]
RHandPositionsX: [ 165, 151, 140, 142, 144, 143, 142, 141, 148, 149, 145,
    146, 140, 135, 137, 138, 144, 143, 145, 141, 139, 133, 133, 129, 131,
    131, 133, 136, 137, 134, 137, 133, 129, 133, 128, 134, 134, 134, 138,
    139, 133, 132, 135, 135, 136, 146, 149, 151, 147, 146, 145, 137, 136,
    139, 138, 141, 142, 140, 143, 135, 136, 131, 128, 134, 136, 139, 141,
    144, 155, 158, 167, 178, 188, 200, 213, 227, 236, 247, 255, 252, 249,
    252, 257, 260, 261, 260, 257, 259, 257, 260, 260 ]
RHandPositionsY: [ 154, 138, 120, 120, 117, 111, 106, 104, 100, 93, 90,
    89, 89, 86, 87, 88, 86, 87, 88, 88, 87, 86, 88, 86, 87, 89, 90, 92,
    90, 91, 90, 89, 89, 91, 88, 92, 90, 90, 91, 91, 90, 91, 91, 87, 91,
    95, 96, 97, 96, 93, 94, 94, 92, 93, 94, 101, 97, 100, 97, 100, 96,
    98, 96, 96, 101, 106, 108, 110, 117, 126, 138, 146, 157, 167, 177,
    187, 198, 209, 213, 217, 219, 222, 229, 237, 237, 235, 240, 238, 239,
    240, 242 ]
