%YAML:1.0
---
videoName: "RHShake12.mp4"
gestureLabel: 2
fps: 29
pixelSizeInCmTemp: 3.3732394366197183e-01
faceCenterPointX: 299
faceCenterPointY: 45
LHandPositionsX: [ 408, 408, 405, 408, 404, 408, 404, 408, 404, 406, 407,
    406, 406, 404, 405, 404, 406, 408, 407, 407, 407, 405, 408, 405, 405,
    406, 405, 404, 406, 405, 408, 405, 407, 405, 405, 404, 406, 407, 408,
    408, 407, 408, 407, 408, 404, 406, 408, 404, 404, 404, 407, 405, 407,
    408, 404, 408, 404, 404, 404, 406, 408, 407, 407, 406, 404, 405, 407,
    408, 404, 407, 408, 406, 405, 408, 404, 408, 407, 404, 407, 404, 408,
    408, 407, 407, 407, 406, 404, 406 ]
LHandPositionsY: [ 243, 241, 242, 241, 239, 242, 243, 239, 241, 239, 240,
    239, 243, 241, 239, 241, 240, 243, 240, 240, 243, 242, 240, 243, 243,
    239, 241, 242, 241, 242, 240, 242, 243, 243, 239, 241, 242, 240, 243,
    239, 243, 242, 239, 239, 241, 239, 243, 242, 241, 240, 241, 241, 242,
    239, 240, 242, 243, 240, 241, 242, 239, 242, 240, 243, 241, 241, 241,
    243, 241, 239, 240, 240, 241, 239, 239, 240, 243, 240, 239, 243, 242,
    239, 242, 242, 240, 242, 242, 243 ]
RHandPositionsX: [ 171, 166, 161, 160, 164, 173, 181, 192, 193, 197, 194,
    182, 178, 174, 174, 167, 170, 178, 189, 187, 187, 182, 180, 176, 167,
    165, 166, 176, 185, 192, 193, 193, 181, 178, 178, 176, 173, 173, 180,
    189, 196, 192, 187, 180, 173, 175, 171, 172, 178, 190, 194, 193, 195,
    190, 186, 182, 176, 177, 173, 174, 182, 194, 199, 202, 203, 198, 195,
    188, 187, 184, 185, 183, 189, 193, 199, 200, 201, 201, 204, 201, 198,
    201, 200, 196, 197, 197, 201, 197 ]
RHandPositionsY: [ 141, 127, 119, 114, 108, 93, 96, 106, 106, 112, 99,
    93, 91, 89, 91, 86, 81, 89, 103, 103, 107, 95, 93, 85, 86, 83, 82,
    90, 99, 112, 113, 105, 101, 97, 95, 93, 90, 88, 95, 111, 115, 115,
    102, 101, 97, 95, 92, 88, 96, 108, 113, 114, 115, 102, 90, 90, 90,
    90, 85, 89, 92, 108, 121, 119, 121, 120, 113, 107, 112, 115, 114,
    125, 138, 148, 160, 161, 169, 175, 187, 194, 203, 208, 216, 218, 219,
    227, 229, 232 ]
