%YAML:1.0
---
videoName: "RHShake21.mp4"
gestureLabel: 2
fps: 29
pixelSizeInCmTemp: 3.3732394366197183e-01
faceCenterPointX: 293
faceCenterPointY: 47
LHandPositionsX: [ 396, 398, 398, 397, 395, 396, 398, 394, 398, 396, 398,
    394, 394, 395, 394, 396, 396, 397, 395, 395, 396, 398, 395, 395, 398,
    396, 398, 395, 395, 396, 395, 398, 396, 397, 394, 395, 398, 395, 397,
    397, 398, 394, 395, 397, 394, 397, 398, 396, 397, 396, 397, 395, 394,
    397, 398, 395, 395, 396, 395, 396, 394, 396, 397, 395, 398, 396, 398,
    394, 398, 395, 396, 397, 394, 395, 396, 396, 397, 398, 397, 396, 398,
    395, 395, 396, 398, 398, 396, 394 ]
LHandPositionsY: [ 240, 240, 240, 239, 238, 239, 242, 239, 240, 239, 241,
    242, 239, 239, 242, 241, 240, 239, 241, 242, 242, 239, 239, 238, 238,
    242, 238, 239, 241, 240, 239, 239, 238, 242, 241, 240, 242, 240, 240,
    238, 238, 238, 239, 241, 239, 238, 240, 241, 242, 241, 240, 239, 239,
    238, 241, 242, 239, 242, 239, 240, 242, 238, 242, 239, 238, 238, 240,
    239, 242, 240, 242, 242, 240, 239, 238, 242, 241, 239, 241, 239, 239,
    238, 241, 241, 240, 241, 240, 240 ]
RHandPositionsX: [ 133, 138, 142, 142, 148, 146, 146, 142, 139, 135, 136,
    139, 145, 149, 150, 150, 146, 143, 137, 138, 136, 135, 138, 144, 146,
    150, 150, 149, 146, 144, 137, 138, 136, 138, 141, 144, 151, 151, 152,
    148, 144, 139, 139, 135, 137, 140, 148, 149, 150, 152, 149, 145, 139,
    136, 135, 135, 137, 146, 154, 163, 170, 175, 176, 182, 184, 182, 189,
    186, 189, 185, 192, 191, 187, 187, 186, 190, 189, 188, 186, 189, 188,
    186, 186, 189, 188, 185, 189, 187 ]
RHandPositionsY: [ 83, 88, 86, 90, 88, 86, 84, 79, 81, 80, 83, 87, 91,
    91, 92, 90, 93, 88, 85, 87, 86, 82, 82, 88, 90, 93, 91, 90, 90, 85,
    84, 85, 81, 86, 84, 88, 93, 92, 94, 91, 88, 86, 87, 87, 85, 93, 97,
    98, 99, 98, 94, 96, 93, 92, 91, 93, 93, 107, 117, 128, 139, 152, 152,
    150, 162, 170, 177, 191, 201, 211, 214, 216, 222, 224, 227, 226, 229,
    228, 231, 230, 230, 227, 227, 227, 229, 227, 231, 227 ]
