%YAML:1.0
---
videoName: "RHShake22.mp4"
gestureLabel: 2
fps: 29
pixelSizeInCmTemp: 3.3263888888888887e-01
faceCenterPointX: 290
faceCenterPointY: 48
LHandPositionsX: [ 392, 394, 396, 395, 395, 396, 392, 396, 395, 392, 393,
    395, 392, 394, 392, 396, 396, 395, 396, 394, 395, 394, 394, 396, 395,
    392, 396, 394, 394, 394, 395, 393, 392, 396, 394, 393, 395, 396, 394,
    396, 394, 396, 394, 393, 396, 393, 392, 393, 393, 394, 393, 394, 395,
    393, 395, 393, 392, 393, 392, 394, 392, 396, 394, 393, 396, 393, 393,
    395, 396, 396, 396, 395, 393, 392, 393, 393, 392, 394, 395, 392, 395,
    395, 393, 396, 396, 394, 394, 394 ]
LHandPositionsY: [ 231, 231, 231, 233, 231, 234, 230, 233, 233, 232, 233,
    232, 234, 234, 233, 232, 232, 233, 231, 232, 230, 234, 232, 230, 232,
    232, 234, 230, 231, 231, 234, 230, 233, 234, 234, 231, 230, 232, 233,
    231, 233, 231, 230, 231, 231, 232, 234, 230, 233, 230, 232, 231, 234,
    231, 233, 232, 231, 231, 234, 234, 233, 232, 233, 231, 232, 231, 234,
    230, 233, 234, 234, 232, 231, 232, 231, 233, 232, 232, 232, 232, 232,
    230, 231, 234, 231, 234, 233, 233 ]
RHandPositionsX: [ 147, 139, 130, 131, 131, 138, 144, 155, 163, 164, 165,
    163, 161, 156, 151, 148, 145, 146, 145, 155, 163, 170, 172, 171, 170,
    163, 164, 159, 154, 152, 155, 159, 166, 172, 170, 174, 173, 170, 165,
    164, 158, 159, 158, 165, 170, 176, 175, 173, 172, 168, 163, 157, 156,
    153, 158, 164, 171, 176, 178, 179, 176, 174, 167, 162, 157, 156, 154,
    155, 169, 178, 178, 180, 179, 179, 181, 181, 182, 181, 186, 186, 190,
    190, 191, 190, 187, 187, 190, 190 ]
RHandPositionsY: [ 140, 115, 103, 101, 96, 91, 82, 85, 92, 92, 94, 92,
    85, 78, 81, 78, 79, 78, 77, 83, 92, 91, 96, 96, 93, 90, 87, 85, 82,
    83, 82, 88, 94, 100, 103, 99, 94, 91, 89, 88, 84, 86, 83, 87, 96,
    101, 100, 100, 94, 91, 88, 90, 87, 85, 85, 86, 90, 101, 104, 102,
    101, 97, 93, 94, 94, 91, 93, 88, 92, 104, 109, 113, 115, 119, 120,
    127, 136, 148, 157, 170, 182, 191, 201, 204, 215, 217, 227, 225 ]
