%YAML:1.0
---
videoName: "RHShake07.mp4"
gestureLabel: 2
fps: 29
pixelSizeInCmTemp: 3.2364864864864862e-01
faceCenterPointX: 292
faceCenterPointY: 44
LHandPositionsX: [ 308, 307, 308, 310, 307, 307, 307, 306, 307, 305, 307,
    312, 312, 310, 310, 312, 310, 314, 312, 314, 313, 314, 311, 314, 313,
    314, 311, 313, 312, 310, 313, 314, 315, 316, 315, 313, 314, 313, 315,
    316, 316, 313, 315, 315, 315, 315, 315, 313, 313, 314, 316, 315, 316,
    313, 315, 313, 314, 314, 316, 312, 313, 313, 313, 312, 316, 314, 314,
    316, 313, 315, 312, 314, 315, 314, 313, 316, 317, 313, 315, 312, 309,
    307, 312, 312, 308, 310, 311, 309 ]
LHandPositionsY: [ 268, 269, 269, 269, 267, 267, 267, 270, 270, 271, 273,
    269, 271, 270, 272, 271, 267, 268, 270, 267, 270, 270, 269, 271, 270,
    269, 270, 267, 267, 271, 269, 271, 267, 271, 270, 269, 271, 271, 269,
    267, 270, 271, 271, 271, 269, 269, 267, 268, 267, 267, 271, 271, 267,
    271, 269, 267, 271, 269, 268, 269, 271, 271, 271, 271, 267, 269, 270,
    269, 268, 269, 269, 266, 267, 268, 266, 269, 268, 267, 272, 270, 272,
    273, 271, 275, 273, 275, 272, 274 ]
RHandPositionsX: [ 264, 266, 265, 267, 264, 263, 263, 265, 262, 268, 267,
    263, 252, 237, 216, 196, 179, 161, 155, 154, 159, 156, 159, 159, 161,
    179, 188, 182, 175, 168, 166, 168, 179, 180, 185, 187, 179, 174, 169,
    166, 171, 176, 181, 185, 188, 182, 175, 174, 168, 166, 168, 185, 187,
    199, 196, 190, 184, 179, 170, 168, 166, 165, 172, 172, 171, 185, 178,
    174, 173, 169, 159, 166, 180, 196, 213, 230, 243, 258, 272, 278, 271,
    273, 269, 266, 262, 265, 266, 266 ]
RHandPositionsY: [ 252, 253, 255, 253, 251, 255, 254, 252, 253, 257, 249,
    241, 229, 219, 200, 185, 167, 153, 133, 132, 124, 112, 119, 126, 129,
    114, 105, 98, 90, 94, 85, 90, 109, 103, 104, 96, 96, 93, 91, 92, 92,
    95, 98, 98, 96, 94, 92, 91, 89, 84, 83, 90, 95, 103, 101, 94, 95, 91,
    90, 86, 87, 88, 91, 93, 91, 92, 86, 86, 87, 90, 95, 116, 137, 151,
    168, 185, 204, 226, 238, 241, 242, 250, 249, 255, 255, 252, 257, 254 ]
