%YAML:1.0
---
videoName: "RHShake04.mp4"
gestureLabel: 2
fps: 29
pixelSizeInCmTemp: 3.1513157894736843e-01
faceCenterPointX: 292
faceCenterPointY: 47
LHandPositionsX: [ 412, 411, 413, 409, 412, 411, 411, 412, 411, 410, 411,
    411, 410, 410, 410, 408, 411, 410, 410, 407, 409, 407, 410, 408, 408,
    408, 406, 406, 408, 406, 409, 406, 409, 408, 409, 405, 406, 407, 408,
    405, 406, 407, 405, 405, 408, 406, 409, 409, 405, 406, 406, 407, 409,
    407, 407, 408, 407, 409, 408, 406, 405, 406, 406, 407, 404, 405, 403,
    405, 404, 406, 406, 403, 406, 402, 402, 402, 402, 406, 406, 405, 401,
    403, 403, 401, 401, 405, 404, 404 ]
LHandPositionsY: [ 264, 264, 263, 266, 265, 263, 264, 261, 265, 264, 264,
    265, 262, 263, 262, 262, 261, 264, 263, 260, 261, 262, 264, 261, 264,
    262, 261, 260, 262, 261, 261, 262, 263, 262, 263, 261, 260, 260, 264,
    262, 262, 261, 262, 262, 263, 264, 260, 260, 264, 261, 262, 263, 264,
    263, 263, 261, 260, 262, 261, 264, 260, 260, 259, 263, 261, 263, 259,
    259, 261, 259, 258, 262, 261, 258, 258, 260, 260, 259, 259, 257, 258,
    258, 258, 257, 258, 257, 257, 257 ]
RHandPositionsX: [ 178, 178, 179, 183, 179, 180, 178, 177, 181, 178, 179,
    181, 177, 181, 176, 176, 180, 179, 179, 175, 178, 179, 178, 180, 181,
    176, 170, 166, 164, 166, 164, 167, 182, 189, 194, 189, 187, 179, 174,
    171, 168, 170, 172, 174, 179, 176, 180, 172, 168, 167, 168, 169, 177,
    180, 181, 179, 177, 171, 171, 173, 172, 173, 177, 181, 194, 189, 184,
    177, 171, 173, 172, 168, 173, 177, 185, 190, 191, 189, 190, 186, 185,
    186, 186, 178, 176, 175, 177, 175 ]
RHandPositionsY: [ 264, 264, 264, 264, 264, 265, 267, 264, 265, 269, 266,
    265, 268, 267, 267, 268, 268, 269, 267, 271, 272, 273, 268, 248, 222,
    197, 169, 148, 123, 124, 117, 105, 100, 102, 102, 102, 98, 96, 93,
    93, 91, 89, 94, 96, 95, 96, 93, 95, 93, 91, 91, 93, 99, 100, 100, 95,
    95, 93, 95, 90, 93, 94, 96, 99, 95, 97, 95, 94, 94, 96, 92, 93, 98,
    109, 120, 131, 140, 150, 165, 179, 195, 210, 222, 226, 234, 243, 246,
    251 ]
