%YAML:1.0
---
videoName: "RHShake06.mp4"
gestureLabel: 2
fps: 30
pixelSizeInCmTemp: 3.2808219178082193e-01
faceCenterPointX: 293
faceCenterPointY: 43
LHandPositionsX: [ 306, 307, 306, 310, 307, 308, 306, 308, 308, 307, 309,
    309, 306, 307, 308, 308, 313, 310, 313, 319, 318, 322, 320, 319, 323,
    322, 319, 321, 322, 319, 319, 321, 323, 323, 323, 325, 325, 324, 326,
    326, 325, 325, 323, 322, 323, 325, 322, 326, 322, 326, 323, 325, 326,
    323, 325, 326, 324, 325, 324, 325, 322, 324, 326, 322, 323, 322, 325,
    325, 324, 322, 322, 326, 326, 326, 322, 325, 324, 326, 326, 323, 322,
    326, 326, 320, 317, 313, 314, 312, 313, 310, 313 ]
LHandPositionsY: [ 270, 267, 270, 270, 270, 269, 267, 269, 267, 270, 266,
    269, 267, 269, 266, 269, 267, 270, 265, 265, 261, 262, 262, 263, 259,
    261, 261, 258, 259, 259, 260, 262, 261, 262, 262, 259, 262, 260, 258,
    262, 260, 259, 258, 259, 261, 260, 258, 261, 259, 261, 259, 262, 259,
    259, 259, 261, 260, 258, 258, 259, 261, 259, 261, 260, 260, 260, 261,
    262, 258, 261, 261, 260, 260, 259, 259, 262, 262, 262, 258, 259, 262,
    261, 261, 260, 265, 265, 267, 265, 266, 264, 262 ]
RHandPositionsX: [ 290, 289, 284, 284, 288, 288, 286, 287, 288, 288, 286,
    288, 285, 288, 285, 286, 285, 287, 280, 263, 244, 225, 203, 177, 162,
    145, 137, 132, 140, 137, 143, 147, 162, 166, 161, 161, 162, 163, 160,
    159, 161, 172, 184, 191, 188, 185, 182, 171, 171, 171, 170, 168, 172,
    180, 184, 185, 181, 186, 180, 172, 169, 164, 168, 181, 180, 179, 173,
    174, 163, 163, 166, 168, 173, 181, 193, 192, 208, 222, 230, 241, 248,
    255, 252, 247, 245, 253, 256, 253, 252, 253, 256 ]
RHandPositionsY: [ 269, 267, 268, 267, 269, 266, 267, 268, 268, 269, 270,
    270, 270, 269, 268, 266, 271, 271, 266, 261, 248, 233, 218, 197, 180,
    158, 139, 122, 111, 107, 114, 115, 128, 117, 108, 102, 101, 90, 91,
    89, 90, 95, 96, 101, 96, 94, 95, 89, 89, 87, 88, 90, 96, 102, 101,
    101, 98, 100, 97, 95, 90, 91, 94, 100, 103, 101, 103, 99, 105, 106,
    114, 129, 145, 162, 175, 179, 193, 205, 214, 222, 230, 236, 239, 236,
    236, 242, 242, 242, 241, 244, 243 ]
