%YAML:1.0
---
videoName: "RHShake23.mp4"
gestureLabel: 2
fps: 29
pixelSizeInCmTemp: 3.3263888888888887e-01
faceCenterPointX: 298
faceCenterPointY: 49
LHandPositionsX: [ 389, 391, 391, 390, 391, 391, 390, 391, 391, 391, 390,
    388, 387, 387, 389, 388, 388, 391, 389, 389, 387, 390, 391, 390, 391,
    388, 391, 390, 387, 387, 387, 387, 390, 390, 391, 390, 389, 387, 391,
    389, 390, 387, 390, 387, 390, 389, 391, 387, 387, 389, 387, 389, 387,
    391, 387, 390, 388, 388, 387, 390, 387, 390, 390, 389, 391, 389, 390,
    389, 391, 391, 387, 390, 389, 388, 390, 390, 391, 389, 390, 387, 387,
    388, 388, 391, 388, 388, 391, 389 ]
LHandPositionsY: [ 226, 226, 224, 224, 227, 228, 228, 224, 224, 225, 225,
    224, 226, 224, 226, 224, 227, 227, 225, 228, 226, 224, 225, 225, 228,
    228, 228, 224, 228, 225, 225, 227, 228, 226, 224, 227, 228, 224, 228,
    226, 227, 227, 228, 228, 224, 227, 226, 224, 225, 227, 228, 226, 224,
    226, 224, 227, 225, 224, 225, 227, 224, 224, 225, 225, 227, 228, 225,
    227, 226, 227, 224, 225, 228, 224, 227, 228, 224, 228, 225, 227, 225,
    227, 227, 225, 227, 227, 226, 227 ]
RHandPositionsX: [ 169, 171, 177, 187, 192, 187, 194, 188, 181, 179, 173,
    172, 174, 181, 187, 198, 199, 197, 198, 195, 183, 181, 175, 177, 171,
    173, 173, 179, 191, 200, 202, 202, 201, 196, 190, 185, 182, 181, 178,
    180, 184, 200, 199, 201, 204, 204, 198, 190, 182, 177, 177, 176, 181,
    185, 195, 198, 204, 211, 209, 208, 212, 211, 207, 212, 211, 207, 209,
    207, 205, 207, 205, 204, 205, 202, 204, 202, 200, 201, 201, 201, 199,
    200, 200, 200, 199, 200, 199, 198 ]
RHandPositionsY: [ 99, 93, 98, 112, 118, 112, 121, 113, 102, 99, 99, 101,
    101, 103, 114, 122, 124, 124, 127, 111, 102, 99, 100, 98, 98, 98, 95,
    98, 114, 122, 120, 125, 121, 109, 104, 107, 106, 103, 98, 100, 114,
    119, 120, 121, 128, 124, 126, 107, 105, 107, 104, 101, 101, 119, 130,
    136, 144, 147, 149, 154, 158, 166, 171, 182, 191, 199, 209, 214, 216,
    217, 216, 219, 222, 223, 223, 228, 226, 225, 227, 226, 225, 228, 226,
    226, 224, 226, 228, 227 ]
