%YAML:1.0
---
videoName: "RHShake22.mp4"
gestureLabel: 2
fps: 29
pixelSizeInCmTemp: 3.3263888888888887e-01
faceCenterPointX: 290
faceCenterPointY: 48
LHandPositionsX: [ 393, 395, 392, 393, 393, 395, 395, 394, 392, 396, 394,
    396, 396, 396, 392, 392, 394, 396, 393, 393, 392, 394, 393, 394, 396,
    394, 393, 393, 396, 394, 394, 395, 392, 392, 394, 396, 392, 393, 394,
    396, 393, 396, 394, 394, 393, 392, 394, 396, 394, 396, 396, 394, 396,
    396, 392, 392, 396, 394, 395, 393, 396, 394, 395, 395, 394, 394, 394,
    396, 394, 394, 393, 394, 394, 394, 395, 395, 395, 392, 396, 396, 395,
    393, 395, 395, 395, 395, 393, 395 ]
LHandPositionsY: [ 232, 232, 232, 232, 230, 230, 231, 231, 232, 234, 230,
    231, 234, 234, 234, 233, 230, 231, 233, 232, 232, 230, 234, 234, 233,
    233, 233, 231, 233, 231, 231, 230, 231, 230, 232, 234, 231, 231, 230,
    230, 230, 233, 231, 231, 230, 230, 230, 230, 233, 233, 232, 234, 233,
    233, 231, 234, 232, 234, 233, 230, 233, 232, 234, 231, 231, 234, 232,
    232, 233, 233, 231, 231, 232, 232, 231, 230, 232, 230, 230, 234, 231,
    231, 233, 233, 233, 230, 232, 230 ]
RHandPositionsX: [ 149, 136, 130, 129, 134, 137, 147, 159, 164, 166, 163,
    164, 161, 156, 150, 145, 144, 142, 147, 155, 163, 171, 169, 172, 171,
    166, 162, 155, 156, 151, 151, 159, 167, 174, 173, 173, 173, 170, 164,
    162, 160, 160, 162, 169, 172, 172, 177, 172, 170, 168, 162, 155, 153,
    155, 158, 166, 170, 176, 180, 179, 178, 174, 170, 162, 155, 153, 151,
    158, 165, 174, 178, 180, 182, 180, 182, 179, 181, 183, 182, 183, 188,
    191, 190, 187, 191, 188, 190, 190 ]
RHandPositionsY: [ 142, 115, 102, 100, 97, 90, 83, 85, 90, 93, 92, 90,
    87, 78, 78, 80, 77, 75, 77, 83, 92, 91, 95, 98, 92, 90, 85, 86, 86,
    81, 78, 91, 93, 99, 102, 99, 96, 92, 86, 87, 86, 82, 82, 89, 94, 99,
    104, 102, 96, 93, 91, 88, 87, 84, 85, 82, 90, 101, 103, 101, 99, 95,
    94, 93, 94, 94, 90, 87, 90, 106, 107, 113, 116, 118, 121, 125, 139,
    151, 158, 171, 180, 192, 199, 207, 213, 220, 224, 227 ]
