%YAML:1.0
---
videoName: "RHShake09.mp4"
gestureLabel: 2
fps: 29
pixelSizeInCmTemp: 3.1103896103896100e-01
faceCenterPointX: 296
faceCenterPointY: 48
LHandPositionsX: [ 326, 325, 326, 323, 324, 325, 322, 321, 320, 318, 320,
    318, 314, 313, 312, 312, 311, 311, 312, 308, 308, 308, 307, 309, 307,
    308, 304, 304, 304, 307, 305, 308, 309, 309, 307, 311, 308, 310, 309,
    308, 307, 308, 307, 309, 310, 313, 309, 312, 310, 315, 314, 315, 313,
    315, 311, 312, 314, 315, 315, 314, 315, 315, 316, 314, 315, 313, 315,
    316, 318, 315, 318, 317, 318, 317, 313, 313, 313, 315, 317, 315, 316,
    314, 318, 318, 315, 318, 314, 317 ]
LHandPositionsY: [ 266, 267, 271, 270, 267, 269, 268, 270, 272, 273, 270,
    275, 273, 273, 272, 273, 275, 272, 275, 275, 273, 272, 276, 273, 272,
    274, 275, 275, 274, 273, 273, 273, 275, 277, 274, 273, 276, 276, 275,
    276, 275, 274, 277, 274, 273, 274, 273, 275, 276, 273, 276, 274, 276,
    274, 272, 274, 275, 276, 276, 273, 275, 275, 275, 275, 273, 275, 274,
    275, 273, 276, 275, 272, 274, 275, 275, 275, 276, 275, 275, 276, 272,
    276, 273, 273, 274, 274, 273, 272 ]
RHandPositionsX: [ 264, 264, 262, 264, 265, 264, 262, 261, 260, 263, 263,
    261, 259, 260, 259, 258, 256, 257, 257, 258, 257, 255, 257, 257, 257,
    254, 257, 254, 252, 259, 266, 261, 255, 242, 225, 204, 188, 176, 168,
    171, 173, 173, 179, 184, 187, 184, 182, 180, 181, 174, 188, 188, 187,
    199, 194, 186, 179, 177, 177, 188, 184, 184, 197, 189, 189, 184, 174,
    172, 174, 179, 185, 188, 184, 183, 178, 181, 183, 181, 183, 193, 189,
    190, 198, 203, 209, 215, 226, 236 ]
RHandPositionsY: [ 263, 263, 264, 264, 266, 267, 267, 267, 268, 269, 268,
    265, 269, 269, 266, 269, 265, 267, 265, 265, 267, 267, 268, 269, 266,
    266, 268, 266, 268, 267, 268, 260, 244, 230, 214, 196, 174, 156, 138,
    136, 115, 108, 104, 110, 107, 103, 99, 89, 89, 90, 87, 98, 96, 97,
    93, 93, 86, 90, 87, 90, 96, 97, 96, 97, 89, 88, 88, 88, 88, 94, 97,
    97, 97, 96, 93, 91, 87, 94, 95, 107, 104, 107, 123, 134, 145, 156,
    167, 186 ]
