%YAML:1.0
---
videoName: "RHShake00.mp4"
gestureLabel: 2
fps: 29
pixelSizeInCmTemp: 3.4710144927536229e-01
faceCenterPointX: 283
faceCenterPointY: 97
LHandPositionsX: [ 342, 345, 346, 345, 342, 345, 343, 343, 344, 345, 342,
    342, 343, 346, 343, 342, 346, 346, 343, 346, 344, 345, 342, 342, 345,
    344, 344, 344, 343, 343, 346, 343, 346, 343, 345, 346, 342, 344, 344,
    344, 346, 345, 345, 342, 343, 345, 342, 343, 346, 345, 346, 344, 344,
    345, 342, 343, 344, 345, 343, 342, 346, 343, 345, 346, 344, 342, 343,
    344, 342, 345, 342, 346, 345, 343, 344, 343, 345, 346, 344, 346, 342,
    342, 345, 346, 346, 343, 342, 346 ]
LHandPositionsY: [ 272, 275, 274, 276, 276, 272, 276, 273, 273, 272, 273,
    274, 276, 275, 276, 272, 273, 276, 272, 276, 275, 273, 272, 276, 276,
    274, 272, 273, 275, 273, 273, 274, 274, 272, 275, 276, 275, 273, 275,
    272, 273, 275, 273, 273, 275, 276, 274, 274, 273, 275, 273, 274, 272,
    273, 273, 272, 272, 276, 276, 274, 276, 275, 276, 276, 273, 276, 274,
    273, 274, 275, 273, 273, 273, 276, 276, 274, 276, 272, 273, 275, 275,
    276, 276, 272, 272, 276, 273, 274 ]
RHandPositionsX: [ 176, 174, 165, 157, 149, 145, 144, 142, 141, 144, 145,
    146, 151, 167, 165, 166, 168, 165, 163, 160, 153, 154, 148, 148, 151,
    162, 165, 165, 167, 162, 156, 151, 148, 149, 153, 156, 165, 162, 165,
    162, 160, 158, 147, 144, 141, 147, 147, 152, 153, 157, 158, 161, 158,
    149, 144, 144, 143, 151, 154, 163, 163, 162, 167, 162, 156, 150, 146,
    140, 140, 146, 148, 154, 154, 161, 163, 165, 171, 172, 177, 178, 183,
    188, 187, 192, 195, 193, 198, 195 ]
RHandPositionsY: [ 258, 251, 244, 217, 201, 186, 175, 167, 158, 152, 141,
    134, 132, 132, 137, 138, 136, 133, 129, 126, 123, 120, 118, 121, 125,
    135, 136, 132, 134, 130, 125, 128, 124, 122, 134, 136, 140, 142, 139,
    138, 142, 135, 130, 133, 129, 136, 134, 134, 139, 140, 136, 141, 133,
    132, 131, 132, 131, 129, 138, 145, 144, 145, 145, 147, 143, 137, 138,
    138, 140, 151, 155, 164, 170, 175, 182, 189, 198, 205, 214, 222, 227,
    234, 244, 248, 253, 256, 260, 263 ]
