%YAML:1.0
---
videoName: "RHShake09.mp4"
gestureLabel: 2
fps: 29
pixelSizeInCmTemp: 3.1103896103896100e-01
faceCenterPointX: 296
faceCenterPointY: 48
LHandPositionsX: [ 325, 327, 323, 322, 324, 323, 322, 323, 320, 318, 318,
    315, 316, 311, 313, 313, 311, 312, 309, 309, 307, 309, 309, 307, 305,
    306, 304, 306, 304, 308, 307, 310, 307, 310, 308, 310, 311, 311, 308,
    308, 307, 310, 308, 309, 313, 312, 313, 313, 312, 312, 310, 315, 314,
    312, 314, 313, 312, 313, 315, 313, 316, 315, 317, 315, 317, 314, 315,
    315, 318, 316, 316, 316, 317, 315, 313, 316, 316, 314, 318, 314, 316,
    314, 318, 318, 315, 316, 317, 314 ]
LHandPositionsY: [ 269, 268, 267, 268, 270, 267, 271, 273, 270, 272, 272,
    272, 273, 274, 273, 274, 273, 273, 275, 272, 272, 275, 274, 273, 275,
    273, 275, 274, 276, 274, 276, 275, 273, 277, 275, 275, 277, 273, 277,
    274, 274, 273, 273, 273, 273, 274, 276, 274, 274, 275, 277, 274, 276,
    277, 274, 275, 277, 276, 272, 276, 274, 273, 275, 272, 273, 274, 275,
    273, 272, 276, 272, 274, 275, 274, 274, 277, 272, 275, 274, 274, 276,
    272, 271, 272, 273, 276, 274, 271 ]
RHandPositionsX: [ 266, 266, 264, 264, 262, 265, 263, 262, 262, 261, 261,
    261, 260, 259, 259, 259, 256, 258, 258, 258, 258, 255, 256, 258, 258,
    258, 258, 257, 253, 256, 265, 263, 254, 241, 224, 203, 189, 175, 168,
    170, 175, 175, 183, 185, 188, 188, 183, 179, 180, 178, 186, 187, 191,
    200, 195, 185, 180, 176, 180, 185, 185, 186, 197, 190, 186, 181, 174,
    174, 172, 181, 182, 190, 188, 181, 177, 178, 183, 177, 183, 190, 189,
    194, 201, 203, 208, 218, 229, 238 ]
RHandPositionsY: [ 260, 264, 264, 264, 266, 266, 268, 268, 267, 269, 267,
    268, 265, 268, 268, 267, 268, 267, 266, 265, 265, 268, 266, 269, 269,
    269, 268, 266, 267, 267, 270, 259, 246, 230, 213, 197, 177, 155, 139,
    132, 117, 108, 104, 110, 108, 102, 99, 91, 90, 87, 89, 96, 96, 95,
    96, 95, 86, 88, 89, 91, 94, 97, 97, 95, 91, 84, 88, 88, 89, 94, 95,
    99, 94, 95, 93, 92, 88, 90, 95, 103, 104, 106, 122, 134, 144, 153,
    170, 184 ]
