%YAML:1.0
---
videoName: "RHShake11.mp4"
gestureLabel: 2
fps: 29
pixelSizeInCmTemp: 3.3263888888888887e-01
faceCenterPointX: 274
faceCenterPointY: 53
LHandPositionsX: [ 310, 311, 310, 307, 309, 311, 311, 310, 308, 307, 308,
    308, 307, 310, 308, 311, 307, 311, 307, 310, 311, 311, 309, 311, 311,
    308, 310, 310, 308, 309, 311, 311, 308, 311, 311, 307, 307, 308, 309,
    310, 311, 309, 311, 309, 310, 309, 307, 308, 310, 310, 309, 311, 308,
    307, 311, 309, 308, 309, 307, 308, 309, 308, 311, 309, 307, 308, 311,
    307, 309, 309, 311, 309, 310, 310, 307, 310, 308, 308, 308, 306, 305,
    304, 303, 307, 306, 303, 305, 303 ]
LHandPositionsY: [ 245, 245, 249, 249, 245, 245, 248, 249, 246, 246, 248,
    248, 245, 247, 249, 248, 245, 249, 249, 245, 248, 245, 249, 248, 249,
    245, 245, 247, 245, 246, 248, 247, 249, 247, 248, 248, 245, 245, 249,
    248, 249, 247, 248, 248, 249, 248, 245, 249, 248, 249, 246, 246, 245,
    247, 245, 248, 245, 245, 249, 249, 249, 247, 247, 248, 247, 249, 248,
    249, 244, 248, 246, 244, 247, 245, 242, 245, 243, 243, 245, 245, 247,
    246, 243, 245, 244, 247, 247, 245 ]
RHandPositionsX: [ 249, 250, 249, 247, 236, 228, 210, 194, 173, 159, 147,
    142, 145, 143, 149, 156, 159, 165, 168, 173, 168, 161, 159, 156, 150,
    155, 162, 166, 167, 167, 170, 169, 165, 159, 155, 159, 153, 155, 156,
    165, 169, 168, 172, 169, 166, 160, 157, 160, 157, 158, 166, 172, 176,
    176, 178, 176, 173, 167, 164, 164, 158, 159, 159, 165, 172, 183, 192,
    207, 219, 230, 240, 249, 256, 257, 262, 259, 259, 261, 262, 262, 259,
    259, 259, 258, 259, 262, 259, 262 ]
RHandPositionsY: [ 248, 247, 249, 243, 233, 221, 209, 189, 175, 160, 143,
    128, 124, 113, 102, 105, 105, 103, 101, 102, 103, 99, 100, 95, 94,
    95, 96, 99, 100, 99, 99, 99, 100, 96, 96, 94, 97, 97, 101, 106, 105,
    104, 104, 104, 101, 104, 101, 97, 100, 100, 104, 104, 105, 108, 109,
    106, 107, 104, 100, 100, 103, 99, 102, 108, 117, 131, 141, 157, 174,
    187, 200, 210, 224, 227, 238, 234, 236, 237, 239, 238, 238, 241, 238,
    242, 239, 238, 240, 242 ]
