%YAML:1.0
---
videoName: "RHShake22.mp4"
gestureLabel: 2
fps: 29
pixelSizeInCmTemp: 3.3263888888888887e-01
faceCenterPointX: 290
faceCenterPointY: 48
LHandPositionsX: [ 396, 394, 395, 393, 396, 393, 395, 394, 392, 394, 394,
    393, 396, 395, 395, 395, 392, 395, 395, 393, 392, 392, 392, 394, 392,
    395, 396, 394, 393, 395, 392, 395, 395, 392, 395, 393, 396, 395, 394,
    393, 396, 395, 396, 396, 393, 392, 392, 393, 394, 394, 395, 395, 396,
    395, 396, 395, 393, 392, 395, 393, 392, 396, 396, 392, 394, 394, 395,
    392, 394, 395, 392, 395, 393, 395, 392, 393, 392, 393, 396, 392, 396,
    394, 392, 392, 396, 396, 395, 393 ]
LHandPositionsY: [ 230, 230, 233, 231, 231, 230, 234, 230, 233, 230, 234,
    232, 233, 230, 234, 233, 234, 232, 232, 232, 233, 232, 233, 231, 231,
    231, 231, 233, 233, 234, 234, 230, 232, 232, 230, 231, 230, 234, 231,
    232, 231, 230, 234, 231, 230, 230, 233, 230, 232, 234, 232, 231, 232,
    232, 234, 232, 233, 231, 231, 230, 232, 230, 233, 233, 230, 231, 234,
    230, 233, 231, 233, 234, 231, 230, 233, 230, 233, 230, 231, 232, 232,
    231, 231, 231, 233, 234, 230, 233 ]
RHandPositionsX: [ 149, 139, 129, 131, 133, 137, 146, 155, 165, 164, 166,
    164, 159, 159, 153, 145, 146, 143, 146, 154, 163, 170, 173, 170, 167,
    163, 165, 156, 154, 155, 153, 161, 168, 173, 170, 172, 171, 171, 167,
    160, 160, 156, 158, 166, 174, 172, 173, 174, 174, 167, 162, 155, 156,
    155, 155, 166, 172, 176, 177, 180, 178, 173, 167, 161, 159, 156, 152,
    157, 167, 175, 177, 179, 178, 182, 181, 181, 181, 182, 183, 186, 186,
    192, 189, 186, 189, 188, 190, 189 ]
RHandPositionsY: [ 140, 115, 100, 101, 94, 93, 85, 86, 91, 92, 90, 90,
    85, 82, 81, 77, 76, 76, 73, 84, 89, 93, 98, 96, 91, 89, 86, 85, 86,
    83, 80, 91, 91, 101, 101, 100, 93, 91, 87, 89, 88, 84, 82, 88, 95,
    99, 100, 99, 97, 89, 89, 91, 87, 86, 85, 86, 92, 101, 101, 102, 98,
    97, 91, 92, 90, 93, 92, 91, 89, 104, 108, 111, 113, 119, 119, 124,
    135, 151, 157, 168, 180, 191, 198, 206, 213, 221, 223, 226 ]
