%YAML:1.0
---
videoName: "RHShake12.mp4"
gestureLabel: 2
fps: 29
pixelSizeInCmTemp: 3.3732394366197183e-01
faceCenterPointX: 299
faceCenterPointY: 45
LHandPositionsX: [ 404, 408, 404, 407, 408, 406, 406, 407, 406, 406, 408,
    406, 404, 408, 407, 407, 408, 405, 407, 405, 407, 404, 407, 406, 405,
    408, 404, 405, 404, 405, 408, 405, 406, 405, 405, 408, 406, 406, 405,
    406, 405, 407, 405, 408, 405, 408, 407, 404, 408, 406, 405, 405, 406,
    407, 404, 404, 408, 406, 405, 407, 406, 408, 408, 408, 404, 407, 406,
    407, 404, 408, 408, 406, 406, 406, 405, 406, 405, 408, 408, 405, 408,
    406, 405, 405, 407, 405, 408, 406 ]
LHandPositionsY: [ 241, 239, 240, 243, 243, 239, 243, 240, 240, 241, 242,
    243, 243, 242, 243, 239, 240, 243, 241, 241, 240, 240, 243, 239, 242,
    239, 239, 243, 240, 242, 239, 239, 241, 239, 243, 242, 239, 243, 242,
    239, 242, 241, 239, 242, 242, 239, 242, 241, 239, 242, 241, 242, 241,
    239, 241, 243, 242, 241, 242, 242, 243, 241, 241, 240, 243, 239, 241,
    239, 239, 243, 241, 241, 243, 242, 239, 242, 240, 241, 240, 239, 239,
    241, 242, 242, 242, 241, 239, 241 ]
RHandPositionsX: [ 168, 166, 160, 164, 165, 172, 180, 193, 191, 194, 195,
    185, 178, 174, 171, 168, 169, 176, 186, 188, 189, 181, 180, 175, 170,
    167, 167, 177, 188, 193, 193, 193, 182, 181, 175, 177, 175, 173, 182,
    190, 194, 192, 185, 179, 177, 176, 171, 174, 179, 189, 192, 193, 195,
    189, 182, 181, 179, 174, 173, 176, 183, 194, 200, 199, 203, 200, 197,
    191, 190, 184, 186, 183, 187, 193, 200, 197, 197, 202, 203, 203, 202,
    199, 197, 199, 198, 199, 198, 200 ]
RHandPositionsY: [ 141, 125, 120, 114, 106, 92, 96, 102, 106, 109, 101,
    94, 90, 91, 90, 83, 85, 89, 99, 104, 106, 98, 90, 88, 86, 84, 81, 92,
    100, 112, 113, 107, 101, 94, 91, 96, 91, 87, 97, 111, 117, 115, 102,
    100, 96, 95, 88, 88, 92, 110, 111, 112, 113, 100, 91, 93, 91, 88, 86,
    89, 95, 111, 120, 121, 121, 120, 114, 109, 112, 112, 117, 127, 134,
    149, 161, 162, 169, 177, 187, 196, 203, 209, 216, 218, 219, 227, 228,
    230 ]
