%YAML:1.0
---
videoName: "RHShake08.mp4"
gestureLabel: 2
fps: 29
pixelSizeInCmTemp: 3.2808219178082193e-01
faceCenterPointX: 290
faceCenterPointY: 45
LHandPositionsX: [ 314, 316, 317, 315, 313, 313, 314, 312, 313, 311, 311,
    313, 310, 310, 309, 307, 310, 309, 309, 307, 308, 306, 307, 310, 308,
    306, 306, 306, 307, 310, 307, 307, 308, 310, 311, 306, 309, 308, 307,
    308, 310, 308, 309, 306, 308, 308, 310, 305, 309, 307, 309, 309, 307,
    305, 307, 308, 306, 306, 305, 305, 309, 308, 306, 306, 307, 308, 307,
    308, 308, 305, 308, 306, 306, 308, 305, 308, 306, 309, 307, 306, 306,
    309, 308, 310, 311, 307, 307, 311 ]
LHandPositionsY: [ 279, 281, 281, 283, 279, 280, 281, 283, 282, 285, 281,
    285, 281, 284, 281, 285, 284, 285, 282, 281, 281, 285, 282, 282, 282,
    284, 281, 282, 285, 283, 283, 285, 283, 285, 284, 284, 281, 283, 284,
    283, 283, 282, 281, 280, 281, 284, 283, 283, 284, 280, 282, 282, 282,
    280, 283, 281, 283, 283, 284, 284, 284, 283, 280, 281, 281, 283, 281,
    282, 284, 283, 284, 282, 282, 282, 284, 281, 282, 280, 283, 283, 281,
    284, 281, 280, 281, 281, 280, 280 ]
RHandPositionsX: [ 270, 269, 269, 270, 272, 270, 273, 279, 264, 258, 259,
    257, 252, 237, 221, 203, 187, 165, 154, 159, 165, 172, 199, 196, 207,
    198, 195, 192, 184, 179, 189, 193, 206, 201, 193, 194, 186, 182, 177,
    179, 192, 189, 187, 184, 184, 176, 175, 173, 176, 182, 185, 186, 192,
    187, 192, 188, 186, 201, 204, 218, 210, 204, 202, 197, 200, 196, 204,
    204, 214, 211, 210, 214, 223, 228, 238, 248, 252, 262, 263, 265, 267,
    269, 271, 271, 274, 275, 272, 270 ]
RHandPositionsY: [ 267, 270, 269, 270, 270, 267, 266, 268, 267, 262, 254,
    246, 229, 217, 205, 185, 171, 151, 133, 130, 115, 108, 106, 108, 109,
    106, 100, 94, 92, 94, 88, 95, 94, 96, 96, 90, 88, 88, 85, 88, 94, 94,
    93, 94, 87, 88, 88, 85, 88, 94, 96, 94, 97, 98, 94, 92, 89, 93, 97,
    98, 100, 99, 93, 95, 94, 95, 93, 100, 107, 105, 113, 123, 131, 141,
    158, 178, 193, 217, 230, 245, 258, 259, 259, 258, 260, 265, 264, 265 ]
