%YAML:1.0
---
videoName: "RHShake07.mp4"
gestureLabel: 2
fps: 29
pixelSizeInCmTemp: 3.2364864864864862e-01
faceCenterPointX: 292
faceCenterPointY: 44
LHandPositionsX: [ 309, 308, 310, 310, 307, 308, 306, 310, 306, 308, 311,
    309, 310, 311, 311, 312, 311, 313, 312, 310, 311, 314, 310, 314, 314,
    310, 313, 310, 314, 311, 311, 311, 312, 312, 312, 312, 314, 314, 313,
    312, 313, 314, 312, 316, 314, 312, 314, 314, 315, 314, 316, 312, 315,
    316, 316, 315, 312, 314, 314, 312, 316, 316, 316, 315, 316, 315, 314,
    316, 313, 313, 312, 315, 316, 317, 315, 315, 317, 313, 316, 315, 307,
    311, 312, 310, 310, 312, 308, 309 ]
LHandPositionsY: [ 271, 267, 269, 268, 269, 268, 269, 268, 274, 271, 271,
    273, 271, 272, 269, 270, 270, 271, 270, 271, 267, 269, 268, 267, 268,
    269, 270, 269, 268, 268, 269, 267, 270, 271, 269, 267, 271, 270, 269,
    270, 269, 271, 271, 267, 269, 267, 269, 270, 268, 267, 268, 268, 271,
    270, 270, 267, 271, 267, 271, 268, 269, 267, 267, 268, 271, 269, 267,
    269, 268, 268, 267, 268, 268, 269, 270, 267, 267, 270, 269, 268, 271,
    274, 273, 275, 275, 275, 273, 273 ]
RHandPositionsX: [ 266, 266, 264, 267, 265, 263, 264, 269, 262, 268, 269,
    265, 253, 234, 218, 195, 179, 162, 153, 153, 160, 156, 157, 161, 163,
    182, 189, 185, 177, 172, 165, 164, 182, 182, 184, 186, 181, 176, 170,
    167, 175, 176, 182, 185, 186, 181, 175, 171, 164, 165, 165, 182, 183,
    200, 195, 189, 185, 177, 168, 168, 166, 167, 173, 174, 173, 181, 176,
    176, 171, 169, 156, 170, 178, 196, 215, 229, 242, 258, 270, 276, 270,
    273, 268, 266, 264, 265, 266, 264 ]
RHandPositionsY: [ 251, 255, 255, 255, 254, 254, 255, 251, 254, 257, 250,
    242, 233, 216, 202, 186, 169, 156, 132, 130, 124, 114, 121, 127, 125,
    117, 105, 99, 92, 94, 86, 90, 108, 105, 104, 99, 95, 95, 91, 90, 89,
    93, 100, 97, 98, 96, 96, 89, 92, 84, 84, 91, 98, 101, 97, 97, 92, 92,
    92, 89, 86, 89, 94, 92, 92, 94, 88, 89, 89, 91, 95, 120, 138, 147,
    168, 187, 203, 227, 237, 242, 244, 247, 253, 254, 253, 253, 254, 256 ]
