%YAML:1.0
---
videoName: "RHShake08.mp4"
gestureLabel: 2
fps: 29
pixelSizeInCmTemp: 3.2808219178082193e-01
faceCenterPointX: 290
faceCenterPointY: 45
LHandPositionsX: [ 317, 313, 315, 317, 316, 316, 313, 315, 314, 310, 312,
    311, 310, 311, 310, 311, 310, 311, 309, 309, 306, 310, 307, 308, 308,
    306, 307, 310, 310, 309, 308, 308, 309, 308, 308, 309, 307, 306, 307,
    309, 306, 309, 309, 307, 306, 307, 308, 307, 308, 308, 306, 307, 308,
    309, 305, 307, 306, 309, 307, 309, 309, 306, 305, 308, 308, 309, 306,
    308, 307, 307, 306, 308, 307, 308, 309, 309, 309, 308, 307, 308, 305,
    307, 306, 307, 311, 310, 306, 307 ]
LHandPositionsY: [ 280, 278, 283, 279, 283, 281, 281, 282, 281, 284, 283,
    281, 281, 284, 285, 284, 285, 285, 281, 284, 282, 285, 282, 283, 284,
    284, 283, 281, 283, 285, 281, 283, 285, 281, 283, 281, 284, 282, 283,
    281, 281, 285, 285, 283, 281, 282, 280, 284, 281, 284, 284, 280, 281,
    280, 284, 283, 282, 284, 280, 282, 280, 280, 284, 284, 281, 282, 280,
    282, 281, 281, 282, 281, 283, 284, 283, 282, 282, 283, 284, 280, 280,
    284, 284, 280, 280, 283, 282, 280 ]
RHandPositionsX: [ 267, 270, 271, 270, 273, 272, 273, 275, 268, 261, 261,
    257, 250, 237, 218, 201, 187, 165, 154, 159, 163, 175, 200, 197, 203,
    202, 194, 190, 182, 178, 191, 193, 202, 200, 196, 192, 188, 182, 180,
    178, 189, 188, 189, 187, 185, 180, 176, 175, 176, 184, 185, 190, 189,
    187, 195, 189, 187, 200, 205, 219, 211, 205, 202, 197, 199, 193, 203,
    205, 214, 211, 212, 218, 224, 230, 238, 246, 251, 262, 262, 265, 264,
    270, 269, 272, 275, 273, 273, 271 ]
RHandPositionsY: [ 267, 268, 270, 269, 269, 268, 267, 266, 268, 263, 253,
    244, 231, 217, 204, 186, 171, 154, 129, 130, 114, 109, 106, 104, 111,
    103, 97, 93, 92, 94, 88, 93, 95, 94, 93, 89, 88, 89, 85, 89, 94, 93,
    91, 92, 91, 88, 86, 87, 90, 95, 94, 97, 99, 99, 94, 92, 91, 93, 96,
    95, 100, 101, 95, 92, 95, 92, 97, 98, 105, 105, 113, 127, 133, 143,
    157, 175, 195, 217, 226, 244, 256, 262, 261, 260, 260, 264, 266, 262 ]
