%YAML:1.0
---
videoName: "RHShake12.mp4"
gestureLabel: 2
fps: 29
pixelSizeInCmTemp: 3.3732394366197183e-01
faceCenterPointX: 299
faceCenterPointY: 45
LHandPositionsX: [ 406, 404, 408, 406, 404, 405, 406, 408, 404, 408, 406,
    406, 408, 404, 406, 406, 404, 408, 408, 407, 404, 404, 405, 405, 404,
    405, 406, 408, 408, 406, 406, 405, 408, 407, 407, 404, 407, 405, 407,
    405, 408, 408, 404, 407, 404, 405, 406, 407, 406, 405, 405, 404, 404,
    407, 405, 406, 405, 404, 405, 406, 404, 405, 404, 408, 407, 405, 408,
    404, 408, 404, 408, 405, 406, 408, 405, 406, 408, 408, 405, 406, 407,
    406, 407, 405, 406, 407, 406, 408 ]
LHandPositionsY: [ 242, 243, 242, 239, 241, 240, 241, 242, 242, 239, 242,
    242, 241, 240, 242, 240, 239, 241, 243, 239, 239, 241, 239, 243, 240,
    239, 243, 240, 241, 239, 239, 240, 243, 242, 243, 241, 240, 240, 240,
    242, 242, 242, 243, 242, 239, 243, 239, 241, 239, 240, 241, 240, 239,
    241, 240, 243, 243, 239, 239, 240, 240, 241, 239, 243, 239, 241, 240,
    240, 240, 242, 241, 243, 240, 241, 243, 243, 240, 239, 243, 241, 243,
    242, 239, 240, 241, 240, 243, 242 ]
RHandPositionsX: [ 167, 164, 160, 160, 165, 170, 181, 190, 191, 197, 194,
    182, 176, 171, 174, 169, 173, 177, 185, 186, 190, 184, 181, 172, 167,
    166, 167, 176, 184, 194, 190, 192, 183, 180, 175, 176, 175, 175, 178,
    190, 196, 192, 187, 180, 173, 176, 174, 174, 180, 189, 191, 194, 195,
    189, 184, 181, 176, 176, 172, 177, 182, 190, 200, 202, 202, 198, 196,
    190, 188, 186, 185, 185, 190, 193, 197, 197, 200, 201, 200, 202, 198,
    201, 198, 200, 197, 196, 202, 198 ]
RHandPositionsY: [ 141, 125, 117, 114, 105, 93, 94, 102, 105, 109, 101,
    93, 93, 88, 88, 85, 83, 90, 100, 103, 105, 97, 90, 87, 87, 83, 84,
    92, 103, 112, 112, 108, 99, 97, 95, 94, 88, 89, 96, 114, 114, 114,
    102, 99, 97, 93, 90, 85, 92, 111, 109, 110, 111, 103, 93, 91, 91, 90,
    85, 87, 91, 111, 120, 120, 121, 120, 113, 109, 114, 115, 115, 123,
    136, 148, 159, 164, 169, 174, 186, 193, 201, 211, 215, 218, 219, 227,
    230, 228 ]
