%YAML:1.0
---
videoName: "RHShake06.mp4"
gestureLabel: 2
fps: 30
pixelSizeInCmTemp: 3.2808219178082193e-01
faceCenterPointX: 293
faceCenterPointY: 43
LHandPositionsX: [ 307, 308, 307, 310, 310, 306, 307, 309, 307, 307, 307,
    310, 308, 308, 310, 311, 309, 312, 312, 315, 319, 322, 323, 319, 321,
    322, 322, 319, 323, 321, 323, 323, 326, 326, 325, 322, 325, 325, 326,
    322, 324, 326, 323, 324, 324, 323, 326, 326, 324, 326, 323, 326, 326,
    323, 322, 325, 323, 326, 325, 326, 326, 325, 322, 326, 325, 322, 322,
    326, 322, 324, 323, 324, 326, 325, 326, 322, 322, 324, 323, 326, 325,
    322, 324, 317, 315, 313, 314, 313, 311, 311, 309 ]
LHandPositionsY: [ 269, 268, 270, 269, 269, 269, 269, 268, 269, 266, 267,
    269, 267, 268, 268, 268, 267, 268, 264, 265, 264, 264, 260, 259, 261,
    259, 262, 259, 258, 262, 259, 259, 258, 261, 262, 261, 262, 261, 260,
    258, 260, 262, 258, 262, 259, 260, 262, 259, 260, 262, 260, 260, 259,
    261, 259, 260, 261, 262, 259, 258, 259, 261, 259, 261, 259, 262, 260,
    258, 259, 260, 258, 262, 261, 261, 262, 262, 258, 261, 260, 262, 259,
    262, 260, 261, 262, 266, 266, 264, 262, 262, 263 ]
RHandPositionsX: [ 286, 288, 287, 284, 286, 288, 284, 286, 288, 286, 287,
    288, 288, 284, 286, 286, 286, 286, 276, 264, 246, 227, 203, 178, 160,
    144, 137, 132, 141, 137, 143, 146, 160, 165, 163, 162, 164, 161, 157,
    155, 163, 170, 180, 189, 191, 186, 181, 171, 170, 174, 170, 169, 174,
    180, 185, 181, 179, 190, 177, 171, 171, 165, 164, 178, 179, 177, 177,
    170, 162, 160, 163, 168, 171, 183, 190, 191, 210, 221, 234, 243, 249,
    254, 251, 246, 245, 255, 254, 251, 252, 254, 257 ]
RHandPositionsY: [ 270, 269, 267, 266, 270, 268, 269, 268, 266, 269, 267,
    269, 266, 266, 268, 267, 271, 268, 267, 262, 249, 235, 215, 199, 182,
    158, 135, 124, 113, 105, 113, 118, 129, 115, 111, 102, 97, 88, 90,
    90, 91, 95, 96, 97, 97, 96, 96, 93, 86, 87, 87, 90, 95, 100, 100,
    100, 97, 101, 95, 96, 92, 87, 93, 100, 100, 100, 103, 101, 103, 104,
    117, 129, 146, 162, 176, 183, 192, 203, 216, 226, 231, 236, 235, 236,
    238, 242, 240, 240, 244, 242, 243 ]
