%YAML:1.0
---
videoName: "RHShake11.mp4"
gestureLabel: 2
fps: 29
pixelSizeInCmTemp: 3.3263888888888887e-01
faceCenterPointX: 274
faceCenterPointY: 53
LHandPositionsX: [ 309, 311, 311, 308, 311, 308, 310, 308, 307, 311, 308,
    311, 308, 311, 309, 309, 307, 307, 309, 311, 310, 309, 308, 308, 310,
    307, 310, 309, 311, 310, 309, 309, 310, 311, 310, 309, 307, 309, 309,
    307, 311, 311, 307, 310, 310, 309, 309, 309, 307, 309, 309, 308, 307,
    309, 311, 310, 311, 307, 309, 309, 310, 308, 308, 311, 310, 311, 310,
    308, 310, 311, 311, 309, 309, 309, 311, 306, 305, 308, 305, 305, 305,
    304, 306, 304, 306, 307, 305, 307 ]
LHandPositionsY: [ 245, 249, 245, 247, 246, 246, 248, 247, 246, 247, 247,
    249, 247, 247, 246, 249, 248, 246, 247, 249, 245, 245, 246, 249, 247,
    249, 245, 245, 248, 245, 248, 249, 249, 245, 247, 249, 245, 245, 248,
    246, 246, 247, 245, 246, 245, 248, 247, 246, 245, 248, 246, 247, 248,
    245, 249, 249, 245, 248, 247, 248, 247, 246, 247, 249, 249, 247, 245,
    246, 248, 244, 248, 244, 246, 247, 244, 246, 245, 244, 243, 243, 247,
    247, 247, 246, 247, 247, 247, 245 ]
RHandPositionsX: [ 251, 248, 250, 245, 234, 225, 210, 191, 174, 161, 147,
    140, 144, 145, 152, 159, 163, 166, 172, 172, 168, 164, 159, 152, 154,
    155, 159, 166, 166, 165, 166, 170, 161, 159, 155, 156, 155, 155, 156,
    166, 168, 167, 170, 169, 164, 161, 156, 158, 156, 159, 162, 172, 172,
    177, 177, 176, 172, 168, 163, 167, 159, 156, 163, 163, 171, 181, 191,
    208, 220, 228, 239, 250, 255, 259, 262, 260, 261, 260, 259, 258, 258,
    259, 261, 258, 261, 261, 261, 262 ]
RHandPositionsY: [ 247, 246, 248, 242, 233, 219, 208, 192, 173, 161, 142,
    125, 124, 114, 103, 103, 104, 104, 103, 102, 102, 99, 98, 96, 94, 93,
    95, 99, 103, 99, 100, 97, 96, 95, 95, 94, 95, 95, 101, 106, 104, 103,
    102, 106, 103, 102, 98, 99, 100, 97, 102, 108, 105, 108, 105, 108,
    105, 101, 102, 99, 100, 101, 105, 108, 120, 131, 143, 158, 171, 187,
    203, 210, 221, 230, 236, 238, 239, 238, 240, 240, 242, 238, 240, 240,
    242, 238, 238, 238 ]
