%YAML:1.0
---
videoName: "RHShake05.mp4"
gestureLabel: 2
fps: 30
pixelSizeInCmTemp: 3.1103896103896100e-01
faceCenterPointX: 295
faceCenterPointY: 47
LHandPositionsX: [ 411, 412, 410, 411, 409, 411, 409, 411, 412, 411, 412,
    411, 409, 410, 412, 412, 412, 410, 412, 412, 410, 411, 409, 409, 408,
    409, 412, 410, 411, 409, 412, 409, 411, 408, 409, 408, 412, 412, 411,
    408, 408, 409, 411, 410, 411, 412, 408, 412, 410, 409, 409, 411, 412,
    409, 409, 410, 410, 411, 409, 408, 409, 412, 410, 408, 410, 411, 411,
    410, 409, 408, 409, 410, 412, 412, 412, 412, 412, 410, 410, 411, 411,
    412, 410, 409, 412, 412, 411, 409, 409, 411, 410 ]
LHandPositionsY: [ 259, 257, 258, 257, 258, 259, 259, 259, 260, 260, 261,
    260, 258, 259, 260, 258, 261, 261, 261, 258, 261, 258, 257, 259, 261,
    257, 261, 257, 259, 260, 261, 257, 257, 258, 261, 259, 261, 258, 258,
    257, 257, 260, 261, 257, 259, 259, 261, 257, 260, 261, 257, 259, 261,
    257, 258, 260, 261, 260, 260, 257, 257, 258, 258, 260, 258, 259, 257,
    258, 260, 261, 257, 259, 259, 260, 260, 257, 261, 259, 260, 260, 259,
    259, 260, 259, 257, 259, 257, 261, 261, 261, 258 ]
RHandPositionsX: [ 173, 177, 175, 173, 177, 176, 175, 176, 174, 176, 173,
    173, 176, 175, 172, 173, 175, 172, 172, 173, 172, 172, 170, 174, 173,
    179, 180, 177, 174, 163, 148, 156, 153, 161, 166, 177, 187, 198, 191,
    183, 175, 174, 170, 169, 177, 180, 188, 183, 177, 173, 171, 167, 167,
    174, 180, 190, 182, 181, 173, 168, 167, 170, 177, 190, 192, 191, 184,
    183, 177, 182, 181, 180, 187, 192, 196, 192, 182, 176, 169, 172, 171,
    175, 182, 184, 188, 188, 185, 177, 178, 176, 176 ]
RHandPositionsY: [ 260, 259, 261, 259, 260, 261, 258, 261, 260, 258, 259,
    258, 261, 258, 260, 262, 258, 261, 259, 260, 262, 262, 260, 257, 259,
    252, 231, 205, 180, 158, 129, 129, 104, 91, 86, 93, 92, 92, 89, 84,
    81, 81, 81, 83, 83, 86, 84, 82, 81, 72, 75, 75, 80, 84, 84, 91, 89,
    84, 82, 81, 81, 86, 86, 94, 95, 94, 91, 88, 83, 83, 83, 84, 90, 92,
    93, 87, 87, 85, 86, 93, 109, 133, 157, 183, 206, 221, 225, 235, 244,
    249, 250 ]
