%YAML:1.0
---
videoName: "RHShake04.mp4"
gestureLabel: 2
fps: 29
pixelSizeInCmTemp: 3.1513157894736843e-01
faceCenterPointX: 292
faceCenterPointY: 47
LHandPositionsX: [ 411, 410, 413, 412, 409, 409, 408, 411, 408, 409, 413,
    413, 411, 412, 410, 410, 410, 409, 411, 407, 409, 409, 407, 409, 409,
    408, 406, 409, 405, 406, 407, 409, 408, 407, 405, 407, 405, 406, 407,
    406, 405, 408, 405, 405, 408, 408, 405, 405, 408, 407, 407, 407, 406,
    405, 405, 407, 409, 407, 405, 408, 405, 407, 405, 406, 403, 407, 406,
    404, 406, 406, 406, 403, 406, 402, 406, 404, 403, 404, 406, 404, 404,
    403, 401, 402, 404, 401, 405, 401 ]
LHandPositionsY: [ 263, 265, 262, 266, 263, 266, 261, 262, 262, 265, 266,
    261, 264, 264, 261, 261, 262, 263, 264, 261, 260, 262, 264, 262, 263,
    264, 261, 261, 263, 260, 264, 264, 263, 263, 263, 264, 260, 261, 262,
    261, 264, 262, 261, 261, 260, 264, 261, 264, 264, 264, 261, 260, 263,
    264, 262, 264, 261, 261, 263, 263, 264, 263, 263, 259, 260, 262, 260,
    259, 261, 258, 261, 261, 259, 258, 259, 258, 260, 259, 262, 261, 259,
    260, 258, 260, 258, 259, 257, 259 ]
RHandPositionsX: [ 180, 182, 182, 181, 180, 183, 179, 178, 177, 180, 178,
    179, 177, 181, 180, 177, 179, 180, 176, 175, 177, 178, 176, 182, 180,
    176, 170, 164, 162, 166, 162, 167, 180, 186, 195, 192, 187, 183, 174,
    169, 165, 169, 174, 174, 177, 175, 180, 174, 167, 166, 167, 170, 179,
    179, 181, 177, 177, 172, 169, 173, 172, 175, 180, 181, 195, 188, 181,
    179, 175, 175, 172, 169, 172, 176, 187, 191, 190, 189, 190, 189, 186,
    185, 183, 178, 176, 174, 174, 174 ]
RHandPositionsY: [ 268, 267, 268, 267, 266, 262, 267, 266, 267, 267, 267,
    268, 267, 271, 267, 267, 271, 271, 270, 271, 269, 273, 266, 248, 223,
    197, 170, 146, 126, 122, 117, 102, 96, 100, 104, 102, 96, 97, 96, 91,
    91, 90, 93, 94, 95, 97, 95, 92, 93, 94, 93, 94, 98, 96, 96, 99, 94,
    95, 94, 90, 94, 95, 97, 99, 93, 97, 93, 93, 92, 92, 96, 93, 102, 109,
    119, 134, 144, 152, 162, 181, 194, 210, 225, 230, 238, 247, 249, 251 ]
