%YAML:1.0
---
videoName: "RHShake20.mp4"
gestureLabel: 2
fps: 29
pixelSizeInCmTemp: 3.3263888888888887e-01
faceCenterPointX: 286
faceCenterPointY: 45
LHandPositionsX: [ 391, 393, 390, 393, 393, 391, 391, 390, 394, 391, 391,
    394, 394, 391, 392, 391, 390, 393, 393, 391, 390, 392, 391, 393, 390,
    393, 390, 392, 393, 390, 392, 394, 390, 391, 391, 391, 394, 394, 390,
    393, 394, 391, 390, 392, 391, 391, 390, 390, 394, 392, 392, 393, 394,
    393, 392, 390, 392, 391, 393, 392, 391, 391, 394, 391, 394, 394, 393,
    390, 390, 390, 392, 392, 390, 392, 393, 394, 390, 390, 394, 394, 390,
    393, 393, 392, 394, 394, 390, 393 ]
LHandPositionsY: [ 244, 243, 242, 243, 242, 245, 241, 242, 243, 241, 242,
    243, 239, 242, 239, 243, 243, 240, 240, 241, 239, 240, 239, 240, 240,
    242, 241, 242, 239, 240, 242, 241, 241, 239, 239, 241, 241, 240, 241,
    241, 243, 242, 241, 239, 239, 241, 241, 239, 242, 240, 242, 239, 240,
    241, 239, 239, 240, 239, 240, 242, 241, 239, 240, 243, 241, 239, 239,
    243, 240, 239, 241, 242, 240, 242, 242, 242, 241, 239, 239, 243, 239,
    242, 243, 242, 239, 241, 241, 243 ]
RHandPositionsX: [ 164, 159, 160, 156, 155, 152, 153, 156, 158, 156, 160,
    158, 158, 157, 150, 149, 151, 149, 161, 159, 160, 164, 158, 153, 155,
    154, 153, 151, 158, 163, 162, 162, 157, 154, 157, 154, 149, 148, 160,
    166, 166, 168, 166, 160, 155, 155, 151, 152, 159, 160, 166, 169, 164,
    170, 167, 170, 165, 165, 164, 159, 162, 166, 174, 178, 184, 183, 186,
    185, 187, 183, 183, 183, 180, 178, 177, 180, 179, 177, 180, 178, 178,
    178, 178, 179, 180, 178, 177, 177 ]
RHandPositionsY: [ 112, 110, 103, 104, 101, 101, 100, 101, 101, 100, 100,
    99, 97, 100, 98, 96, 100, 103, 114, 115, 117, 114, 110, 112, 107,
    109, 108, 110, 117, 117, 116, 116, 111, 109, 105, 103, 105, 108, 113,
    123, 122, 122, 121, 116, 113, 112, 115, 109, 111, 115, 122, 125, 121,
    124, 124, 121, 117, 114, 111, 114, 115, 124, 130, 139, 145, 155, 167,
    176, 184, 194, 203, 210, 219, 227, 231, 232, 237, 242, 240, 243, 243,
    244, 244, 243, 244, 245, 245, 246 ]
