%YAML:1.0
---
videoName: "RHShake03.mp4"
gestureLabel: 2
fps: 29
pixelSizeInCmTemp: 3.1103896103896100e-01
faceCenterPointX: 294
faceCenterPointY: 48
LHandPositionsX: [ 410, 412, 411, 409, 410, 411, 409, 411, 408, 412, 408,
    409, 408, 412, 409, 409, 412, 409, 410, 411, 408, 410, 412, 409, 412,
    408, 408, 410, 408, 409, 411, 409, 411, 409, 410, 412, 409, 408, 412,
    409, 411, 408, 412, 408, 410, 408, 408, 408, 412, 408, 412, 408, 412,
    411, 409, 409, 410, 410, 411, 411, 408, 411, 411, 411, 410, 411, 409,
    411, 409, 410, 409, 411, 411, 409, 407, 408, 407, 407, 409, 410, 408,
    407, 409, 411, 410, 409, 410, 411 ]
LHandPositionsY: [ 264, 261, 263, 261, 262, 260, 264, 264, 264, 264, 264,
    263, 261, 261, 264, 263, 264, 264, 260, 263, 262, 261, 262, 260, 262,
    261, 261, 261, 262, 264, 260, 263, 260, 260, 264, 262, 264, 263, 261,
    260, 260, 261, 263, 261, 264, 262, 260, 261, 264, 264, 264, 261, 261,
    261, 263, 260, 264, 261, 262, 262, 264, 261, 264, 263, 263, 263, 260,
    261, 260, 261, 264, 264, 263, 262, 262, 260, 263, 263, 263, 261, 263,
    262, 260, 263, 262, 262, 262, 262 ]
RHandPositionsX: [ 182, 180, 176, 179, 177, 178, 176, 176, 174, 176, 174,
    173, 174, 175, 173, 172, 171, 175, 175, 172, 175, 171, 174, 171, 173,
    174, 173, 173, 173, 170, 171, 171, 173, 174, 164, 156, 151, 151, 149,
    150, 153, 166, 181, 186, 189, 190, 185, 174, 175, 170, 174, 180, 179,
    182, 181, 178, 174, 171, 168, 172, 178, 188, 199, 208, 198, 194, 187,
    186, 184, 180, 187, 195, 202, 210, 211, 207, 199, 198, 190, 185, 184,
    181, 183, 182, 180, 183, 179, 181 ]
RHandPositionsY: [ 259, 260, 259, 258, 258, 263, 261, 262, 258, 259, 261,
    262, 258, 262, 259, 258, 259, 258, 260, 258, 259, 258, 258, 262, 258,
    262, 259, 258, 260, 260, 264, 266, 257, 241, 217, 199, 175, 156, 144,
    126, 124, 117, 116, 118, 112, 105, 102, 102, 99, 100, 104, 106, 108,
    103, 103, 102, 100, 100, 94, 97, 103, 109, 111, 113, 108, 106, 105,
    106, 100, 100, 103, 115, 128, 143, 158, 180, 202, 208, 215, 241, 241,
    242, 242, 251, 251, 252, 254, 251 ]
