%YAML:1.0
---
videoName: "RHShake15.mp4"
gestureLabel: 2
fps: 29
pixelSizeInCmTemp: 3.2808219178082193e-01
faceCenterPointX: 279
faceCenterPointY: 41
LHandPositionsX: [ 372, 369, 372, 369, 371, 368, 372, 372, 371, 369, 372,
    371, 368, 371, 369, 368, 370, 370, 368, 368, 371, 371, 372, 370, 368,
    370, 371, 372, 371, 368, 372, 368, 369, 370, 370, 368, 368, 370, 371,
    372, 372, 368, 371, 369, 369, 370, 371, 369, 369, 369, 371, 372, 369,
    371, 371, 368, 370, 368, 369, 368, 368, 370, 371, 372, 370, 370, 370,
    369, 369, 369, 371, 372, 369, 369, 368, 372, 372, 368, 372, 369, 368,
    370, 369, 371, 369, 368, 372, 371 ]
LHandPositionsY: [ 234, 232, 235, 236, 234, 234, 236, 235, 236, 235, 234,
    232, 232, 233, 235, 234, 234, 235, 233, 236, 236, 233, 234, 234, 234,
    235, 233, 235, 236, 233, 235, 235, 232, 235, 235, 236, 233, 234, 232,
    235, 232, 234, 234, 232, 231, 234, 234, 231, 235, 235, 235, 235, 232,
    234, 234, 232, 235, 233, 231, 231, 235, 233, 232, 231, 235, 234, 235,
    231, 232, 231, 235, 235, 233, 231, 235, 233, 231, 232, 234, 231, 235,
    234, 231, 232, 233, 232, 233, 231 ]
RHandPositionsX: [ 135, 124, 111, 111, 109, 108, 109, 107, 107, 108, 111,
    117, 114, 110, 111, 112, 112, 110, 106, 109, 113, 118, 114, 113, 111,
    106, 111, 107, 105, 105, 115, 115, 118, 115, 112, 113, 108, 109, 110,
    115, 113, 109, 116, 115, 122, 120, 122, 124, 122, 119, 117, 120, 127,
    126, 126, 127, 124, 126, 123, 121, 122, 126, 131, 134, 141, 141, 137,
    136, 138, 143, 145, 150, 150, 156, 155, 158, 160, 160, 160, 159, 157,
    161, 157, 157, 161, 157, 158, 157 ]
RHandPositionsY: [ 191, 171, 156, 146, 144, 139, 131, 128, 118, 116, 113,
    107, 103, 101, 97, 96, 98, 94, 94, 92, 94, 92, 92, 91, 92, 96, 95,
    95, 95, 98, 99, 104, 102, 105, 103, 100, 101, 102, 104, 103, 107,
    104, 109, 112, 108, 104, 103, 105, 103, 102, 104, 109, 113, 111, 115,
    112, 111, 109, 111, 112, 112, 120, 126, 134, 150, 165, 173, 183, 194,
    200, 211, 218, 230, 237, 239, 241, 248, 248, 245, 249, 249, 249, 246,
    245, 245, 246, 247, 246 ]
