%YAML:1.0
---
videoName: "RHShake02.mp4"
gestureLabel: 2
fps: 29
pixelSizeInCmTemp: 3.1933333333333330e-01
faceCenterPointX: 291
faceCenterPointY: 51
LHandPositionsX: [ 405, 405, 405, 406, 406, 406, 407, 408, 409, 405, 408,
    405, 407, 406, 406, 408, 405, 406, 407, 408, 405, 408, 406, 406, 408,
    406, 404, 403, 404, 403, 402, 405, 405, 404, 402, 402, 401, 403, 405,
    402, 403, 402, 400, 403, 400, 402, 401, 401, 400, 402, 398, 399, 398,
    400, 401, 397, 400, 400, 397, 400, 398, 399, 398, 398, 395, 395, 395,
    398, 398, 395, 399, 399, 397, 398, 399, 396, 398, 396, 396, 398, 396,
    396, 395, 397, 395, 399, 397, 396 ]
LHandPositionsY: [ 264, 265, 262, 264, 261, 264, 264, 262, 261, 264, 264,
    262, 261, 261, 265, 265, 261, 262, 261, 263, 262, 262, 262, 264, 262,
    263, 260, 262, 260, 262, 263, 264, 261, 260, 263, 263, 263, 261, 260,
    262, 261, 261, 262, 262, 261, 261, 264, 263, 263, 263, 263, 260, 261,
    263, 262, 261, 264, 260, 260, 263, 261, 261, 264, 263, 260, 264, 263,
    261, 260, 260, 263, 261, 262, 261, 262, 263, 262, 260, 261, 260, 262,
    264, 263, 264, 260, 263, 261, 264 ]
RHandPositionsX: [ 171, 175, 171, 175, 172, 171, 172, 172, 170, 170, 172,
    171, 173, 174, 173, 171, 174, 172, 173, 173, 170, 174, 172, 170, 174,
    171, 173, 176, 176, 172, 167, 161, 159, 154, 152, 153, 161, 178, 184,
    177, 179, 178, 173, 164, 161, 160, 161, 166, 179, 184, 193, 184, 184,
    179, 170, 165, 162, 165, 176, 180, 181, 180, 180, 178, 174, 173, 168,
    169, 169, 175, 183, 191, 195, 201, 198, 197, 196, 184, 184, 183, 180,
    175, 175, 177, 175, 176, 174, 177 ]
RHandPositionsY: [ 266, 265, 267, 264, 263, 263, 266, 264, 265, 265, 265,
    266, 263, 265, 263, 266, 264, 265, 265, 267, 263, 267, 267, 265, 265,
    269, 266, 248, 228, 207, 190, 166, 145, 122, 110, 100, 96, 93, 99,
    100, 96, 91, 93, 91, 88, 89, 90, 92, 96, 100, 99, 95, 90, 88, 87, 84,
    86, 88, 97, 101, 101, 101, 97, 97, 94, 92, 92, 95, 92, 99, 106, 120,
    132, 143, 157, 174, 191, 211, 224, 230, 238, 246, 245, 249, 250, 252,
    253, 254 ]
