%YAML:1.0
---
videoName: "RHShake16.mp4"
gestureLabel: 2
fps: 29
pixelSizeInCmTemp: 3.2808219178082193e-01
faceCenterPointX: 281
faceCenterPointY: 44
LHandPositionsX: [ 369, 372, 373, 371, 373, 369, 373, 372, 371, 371, 372,
    371, 370, 373, 372, 369, 370, 372, 370, 369, 369, 373, 372, 370, 371,
    373, 371, 371, 369, 372, 369, 372, 371, 369, 373, 369, 369, 372, 369,
    370, 369, 369, 373, 372, 371, 370, 369, 372, 371, 372, 369, 373, 369,
    373, 370, 370, 370, 369, 372, 373, 370, 369, 372, 369, 371, 372, 370,
    372, 370, 370, 370, 373, 373, 371, 372, 372, 373, 371, 373, 373, 370,
    372, 370, 371, 372, 373, 372, 371 ]
LHandPositionsY: [ 230, 232, 233, 234, 234, 231, 233, 232, 231, 230, 234,
    230, 230, 232, 233, 230, 232, 231, 230, 230, 234, 232, 231, 233, 231,
    233, 233, 231, 231, 234, 232, 233, 234, 233, 232, 232, 232, 232, 230,
    234, 231, 233, 233, 234, 233, 230, 233, 234, 234, 234, 231, 230, 231,
    230, 231, 232, 231, 229, 229, 232, 229, 232, 232, 232, 232, 233, 229,
    232, 229, 232, 233, 230, 230, 232, 229, 230, 233, 232, 233, 233, 230,
    233, 229, 231, 233, 230, 233, 232 ]
RHandPositionsX: [ 169, 167, 171, 171, 170, 168, 167, 170, 168, 167, 171,
    170, 167, 170, 167, 168, 167, 170, 162, 157, 151, 149, 140, 129, 125,
    122, 117, 121, 121, 123, 125, 128, 135, 142, 146, 142, 136, 138, 139,
    138, 140, 146, 151, 148, 150, 149, 148, 150, 145, 146, 151, 151, 153,
    149, 150, 148, 148, 146, 147, 151, 152, 158, 154, 152, 154, 153, 149,
    153, 153, 159, 167, 172, 173, 174, 175, 173, 174, 176, 170, 168, 173,
    170, 171, 171, 169, 169, 168, 169 ]
RHandPositionsY: [ 267, 266, 266, 269, 269, 265, 266, 269, 267, 265, 268,
    268, 269, 265, 267, 269, 264, 263, 254, 244, 218, 197, 179, 160, 143,
    131, 118, 115, 112, 106, 107, 101, 98, 98, 97, 96, 92, 92, 88, 89,
    91, 88, 88, 91, 89, 86, 87, 88, 89, 88, 87, 90, 86, 88, 85, 85, 88,
    85, 90, 91, 90, 87, 87, 89, 86, 90, 92, 96, 102, 121, 131, 148, 158,
    173, 182, 191, 194, 203, 212, 219, 223, 223, 222, 235, 235, 237, 234,
    235 ]
