%YAML:1.0
---
videoName: "RHShake01.mp4"
gestureLabel: 2
fps: 29
pixelSizeInCmTemp: 3.1513157894736843e-01
faceCenterPointX: 292
faceCenterPointY: 51
LHandPositionsX: [ 396, 392, 392, 396, 395, 392, 392, 396, 394, 392, 393,
    392, 396, 395, 392, 391, 394, 393, 395, 393, 394, 393, 394, 394, 392,
    391, 392, 395, 391, 395, 391, 393, 393, 393, 393, 392, 395, 395, 394,
    392, 393, 391, 395, 392, 394, 393, 391, 395, 394, 391, 394, 395, 393,
    392, 395, 393, 394, 391, 393, 393, 393, 393, 394, 394, 391, 395, 391,
    394, 391, 391, 394, 393, 391, 394, 395, 392, 393, 392, 395, 391, 395,
    395, 395, 394, 394, 395, 395, 394 ]
LHandPositionsY: [ 253, 255, 253, 253, 253, 256, 254, 257, 257, 255, 256,
    253, 256, 255, 253, 257, 256, 253, 256, 256, 254, 254, 257, 254, 253,
    253, 253, 255, 253, 253, 253, 253, 254, 253, 257, 253, 255, 257, 257,
    256, 253, 255, 257, 257, 253, 253, 253, 257, 257, 253, 257, 255, 257,
    254, 254, 255, 256, 254, 257, 256, 257, 254, 254, 255, 254, 255, 253,
    257, 255, 254, 257, 256, 255, 256, 253, 253, 255, 253, 253, 257, 256,
    255, 255, 257, 257, 253, 254, 257 ]
RHandPositionsX: [ 171, 171, 170, 170, 170, 167, 169, 171, 169, 170, 171,
    170, 171, 169, 171, 171, 170, 170, 168, 169, 171, 171, 172, 171, 170,
    170, 172, 175, 175, 169, 164, 158, 155, 151, 159, 162, 170, 181, 194,
    192, 193, 186, 183, 177, 176, 174, 177, 186, 193, 197, 188, 188, 181,
    180, 176, 179, 177, 183, 185, 193, 189, 192, 197, 187, 182, 179, 178,
    181, 186, 194, 196, 199, 196, 197, 191, 191, 190, 188, 188, 181, 180,
    178, 175, 174, 174, 173, 172, 172 ]
RHandPositionsY: [ 277, 279, 280, 279, 280, 279, 279, 277, 276, 279, 279,
    277, 279, 277, 280, 279, 277, 278, 280, 277, 276, 280, 278, 280, 279,
    273, 268, 244, 227, 205, 189, 166, 150, 134, 131, 118, 108, 110, 113,
    108, 109, 103, 102, 97, 98, 99, 97, 96, 102, 98, 98, 97, 95, 93, 93,
    90, 94, 100, 100, 103, 101, 101, 101, 97, 96, 97, 94, 98, 102, 108,
    111, 125, 135, 144, 162, 176, 191, 203, 205, 210, 221, 228, 234, 244,
    241, 245, 245, 249 ]
