%YAML:1.0
---
videoName: "RHShake06.mp4"
gestureLabel: 2
fps: 30
pixelSizeInCmTemp: 3.2808219178082193e-01
faceCenterPointX: 293
faceCenterPointY: 43
LHandPositionsX: [ 309, 308, 307, 306, 308, 308, 307, 310, 308, 310, 307,
    309, 306, 306, 306, 309, 309, 310, 313, 317, 317, 320, 323, 323, 323,
    321, 321, 320, 321, 320, 319, 319, 326, 326, 323, 325, 325, 324, 324,
    325, 326, 324, 325, 322, 324, 325, 324, 324, 323, 325, 324, 324, 322,
    322, 324, 323, 324, 324, 326, 325, 324, 322, 323, 324, 325, 322, 324,
    323, 326, 325, 322, 322, 322, 326, 324, 326, 325, 323, 325, 325, 323,
    324, 322, 318, 314, 314, 311, 311, 313, 313, 312 ]
LHandPositionsY: [ 266, 270, 269, 267, 268, 268, 270, 268, 268, 267, 269,
    270, 267, 270, 268, 267, 266, 270, 264, 264, 265, 264, 264, 261, 259,
    259, 263, 260, 258, 261, 260, 261, 259, 259, 258, 259, 258, 261, 260,
    260, 260, 259, 258, 260, 258, 261, 258, 261, 261, 258, 258, 260, 259,
    261, 262, 259, 261, 258, 259, 260, 261, 262, 260, 260, 260, 260, 259,
    259, 262, 262, 260, 258, 261, 260, 259, 258, 259, 260, 260, 259, 258,
    261, 261, 260, 264, 262, 266, 267, 265, 265, 263 ]
RHandPositionsX: [ 289, 288, 285, 287, 284, 284, 284, 287, 288, 285, 284,
    287, 288, 288, 287, 284, 287, 284, 276, 264, 245, 224, 204, 178, 158,
    148, 137, 133, 139, 138, 142, 144, 163, 162, 164, 162, 164, 163, 157,
    156, 159, 169, 183, 187, 187, 186, 179, 174, 171, 170, 167, 166, 176,
    183, 181, 182, 183, 186, 179, 170, 170, 165, 166, 182, 178, 177, 176,
    174, 165, 163, 164, 164, 173, 179, 193, 191, 209, 222, 232, 241, 249,
    253, 253, 250, 245, 255, 257, 252, 254, 251, 253 ]
RHandPositionsY: [ 266, 269, 268, 269, 268, 266, 268, 269, 269, 266, 268,
    266, 266, 270, 267, 269, 271, 269, 267, 259, 248, 235, 216, 198, 178,
    160, 139, 124, 111, 106, 113, 119, 128, 119, 110, 104, 97, 89, 90,
    90, 92, 93, 98, 101, 99, 94, 96, 91, 87, 91, 87, 87, 92, 100, 98, 97,
    97, 102, 98, 93, 92, 88, 91, 102, 100, 101, 102, 99, 105, 105, 116,
    127, 147, 164, 178, 182, 192, 206, 216, 223, 229, 236, 238, 239, 238,
    242, 243, 242, 243, 245, 242 ]
