%YAML:1.0
---
videoName: "RHShake20.mp4"
gestureLabel: 2
fps: 29
pixelSizeInCmTemp: 3.3263888888888887e-01
faceCenterPointX: 286
faceCenterPointY: 45
LHandPositionsX: [ 394, 391, 391, 392, 390, 390, 394, 391, 394, 394, 394,
    390, 390, 391, 391, 393, 391, 390, 391, 392, 390, 394, 394, 391, 393,
    393, 394, 391, 390, 393, 390, 394, 392, 394, 392, 392, 391, 390, 393,
    394, 390, 392, 392, 392, 392, 393, 393, 391, 390, 394, 392, 394, 392,
    394, 394, 394, 393, 393, 391, 390, 391, 390, 392, 392, 390, 394, 393,
    392, 391, 390, 393, 393, 390, 394, 393, 393, 391, 390, 392, 394, 392,
    390, 390, 393, 392, 393, 390, 390 ]
LHandPositionsY: [ 243, 244, 244, 244, 241, 241, 245, 242, 243, 241, 240,
    240, 239, 241, 240, 243, 243, 243, 242, 240, 241, 243, 243, 241, 243,
    241, 243, 239, 243, 242, 241, 243, 242, 241, 242, 241, 243, 239, 240,
    241, 240, 243, 240, 241, 239, 242, 239, 243, 243, 239, 240, 243, 241,
    241, 241, 241, 240, 239, 239, 240, 239, 242, 242, 239, 242, 242, 241,
    242, 241, 239, 243, 239, 240, 240, 243, 243, 242, 240, 242, 241, 240,
    240, 239, 243, 242, 240, 243, 240 ]
RHandPositionsX: [ 163, 163, 159, 157, 155, 154, 154, 155, 155, 156, 159,
    162, 157, 155, 151, 152, 150, 150, 157, 163, 161, 164, 159, 152, 151,
    152, 151, 154, 158, 161, 160, 163, 155, 152, 159, 153, 151, 149, 160,
    164, 168, 168, 165, 161, 159, 154, 155, 150, 160, 163, 167, 165, 166,
    167, 168, 171, 166, 165, 163, 157, 165, 167, 175, 178, 181, 187, 187,
    185, 188, 182, 183, 181, 180, 177, 176, 177, 180, 179, 177, 179, 179,
    179, 178, 180, 178, 178, 180, 179 ]
RHandPositionsY: [ 111, 109, 104, 104, 102, 100, 98, 98, 99, 101, 100,
    100, 96, 99, 98, 97, 99, 106, 115, 115, 115, 116, 114, 112, 110, 105,
    107, 111, 119, 120, 116, 116, 110, 107, 108, 104, 104, 104, 116, 120,
    123, 123, 123, 118, 117, 112, 111, 108, 112, 118, 123, 122, 121, 123,
    121, 120, 115, 116, 114, 111, 117, 125, 133, 138, 146, 157, 166, 178,
    183, 192, 203, 208, 221, 225, 231, 234, 238, 242, 243, 243, 243, 246,
    244, 243, 244, 246, 247, 247 ]
