%YAML:1.0
---
videoName: "RHShake22.mp4"
gestureLabel: 2
fps: 29
pixelSizeInCmTemp: 3.3263888888888887e-01
faceCenterPointX: 290
faceCenterPointY: 48
LHandPositionsX: [ 392, 392, 392, 395, 395, 392, 396, 394, 393, 392, 395,
    392, 392, 395, 393, 394, 392, 392, 392, 393, 392, 394, 393, 394, 393,
    392, 395, 395, 392, 393, 395, 393, 394, 396, 396, 394, 395, 392, 392,
    394, 392, 394, 396, 396, 392, 392, 393, 396, 396, 393, 394, 392, 395,
    394, 393, 392, 393, 396, 395, 393, 393, 396, 393, 396, 393, 394, 396,
    393, 392, 393, 392, 393, 393, 392, 396, 394, 392, 396, 393, 392, 395,
    394, 396, 395, 394, 392, 395, 393 ]
LHandPositionsY: [ 233, 231, 232, 232, 230, 232, 233, 232, 231, 230, 230,
    233, 231, 233, 231, 231, 232, 230, 232, 231, 231, 234, 230, 231, 234,
    233, 233, 233, 230, 233, 234, 230, 232, 232, 232, 231, 232, 231, 231,
    230, 233, 230, 234, 231, 233, 233, 230, 234, 234, 234, 230, 230, 231,
    233, 233, 233, 230, 232, 233, 232, 231, 234, 230, 230, 234, 233, 232,
    230, 234, 231, 233, 230, 230, 230, 232, 232, 233, 232, 230, 232, 233,
    230, 231, 230, 231, 232, 230, 233 ]
RHandPositionsX: [ 147, 137, 128, 129, 134, 138, 146, 157, 163, 163, 167,
    162, 161, 160, 154, 145, 146, 143, 146, 155, 161, 172, 173, 171, 170,
    163, 162, 157, 158, 152, 151, 158, 165, 173, 170, 170, 170, 171, 164,
    164, 160, 156, 162, 167, 170, 172, 176, 175, 174, 168, 161, 155, 154,
    157, 156, 163, 173, 174, 180, 177, 176, 171, 169, 164, 159, 153, 154,
    157, 167, 174, 179, 178, 181, 181, 180, 182, 180, 181, 185, 187, 188,
    189, 188, 186, 190, 186, 191, 191 ]
RHandPositionsY: [ 138, 115, 100, 99, 94, 91, 82, 87, 92, 90, 94, 92, 87,
    81, 80, 81, 79, 74, 76, 86, 92, 92, 95, 96, 91, 89, 88, 82, 85, 79,
    81, 89, 92, 98, 103, 101, 96, 90, 86, 86, 87, 85, 82, 91, 96, 97,
    104, 102, 93, 92, 92, 91, 89, 87, 84, 82, 90, 99, 103, 103, 97, 97,
    91, 94, 91, 92, 89, 87, 90, 103, 109, 110, 115, 116, 120, 126, 136,
    151, 160, 168, 180, 194, 199, 203, 213, 220, 226, 226 ]
