%YAML:1.0
---
videoName: "RHShake06.mp4"
gestureLabel: 2
fps: 30
pixelSizeInCmTemp: 3.2808219178082193e-01
faceCenterPointX: 293
faceCenterPointY: 43
LHandPositionsX: [ 310, 307, 308, 307, 306, 310, 307, 307, 308, 309, 306,
    306, 307, 309, 308, 309, 310, 313, 314, 318, 318, 322, 321, 322, 323,
    321, 323, 322, 322, 320, 322, 320, 325, 325, 326, 322, 324, 325, 325,
    325, 324, 322, 324, 326, 322, 322, 326, 323, 322, 324, 326, 323, 323,
    325, 326, 322, 323, 324, 326, 325, 322, 326, 326, 324, 322, 323, 323,
    326, 326, 325, 323, 322, 322, 322, 322, 324, 323, 326, 324, 323, 326,
    326, 326, 317, 318, 316, 312, 310, 310, 312, 312 ]
LHandPositionsY: [ 266, 267, 269, 268, 267, 269, 267, 266, 269, 268, 267,
    267, 270, 267, 268, 269, 267, 267, 268, 262, 263, 262, 264, 261, 261,
    259, 263, 261, 262, 260, 258, 262, 261, 259, 258, 258, 260, 258, 259,
    261, 260, 262, 261, 262, 261, 260, 261, 260, 262, 261, 260, 262, 260,
    259, 258, 260, 259, 262, 262, 258, 259, 262, 261, 260, 258, 262, 258,
    261, 258, 259, 259, 259, 262, 261, 259, 260, 259, 261, 261, 261, 259,
    258, 259, 260, 264, 263, 267, 263, 263, 263, 265 ]
RHandPositionsX: [ 286, 288, 286, 284, 286, 287, 285, 285, 286, 284, 287,
    287, 286, 288, 287, 288, 286, 283, 279, 263, 246, 227, 203, 180, 158,
    145, 138, 133, 139, 138, 142, 147, 162, 166, 163, 162, 162, 159, 158,
    156, 163, 172, 180, 191, 188, 184, 180, 171, 169, 171, 167, 166, 175,
    184, 184, 181, 183, 187, 178, 170, 172, 167, 164, 182, 180, 178, 174,
    171, 162, 163, 165, 164, 173, 179, 191, 194, 210, 224, 231, 240, 250,
    254, 255, 250, 245, 255, 255, 251, 254, 255, 256 ]
RHandPositionsY: [ 269, 269, 269, 268, 266, 270, 267, 268, 266, 266, 267,
    267, 270, 270, 266, 269, 269, 270, 265, 262, 249, 236, 215, 200, 182,
    161, 139, 125, 114, 104, 113, 118, 130, 119, 108, 103, 97, 87, 91,
    89, 93, 92, 98, 98, 98, 97, 95, 91, 90, 87, 84, 90, 93, 102, 102,
    100, 95, 98, 96, 94, 92, 89, 92, 103, 103, 100, 102, 99, 103, 106,
    114, 129, 145, 164, 176, 182, 193, 206, 214, 222, 233, 236, 239, 237,
    237, 241, 244, 242, 241, 241, 245 ]
