%YAML:1.0
---
videoName: "RHShake20.mp4"
gestureLabel: 2
fps: 29
pixelSizeInCmTemp: 3.3263888888888887e-01
faceCenterPointX: 286
faceCenterPointY: 45
LHandPositionsX: [ 391, 394, 394, 393, 393, 391, 393, 391, 392, 391, 390,
    394, 390, 393, 394, 391, 390, 393, 391, 393, 393, 390, 393, 390, 391,
    393, 393, 394, 390, 393, 392, 393, 392, 390, 391, 391, 393, 392, 391,
    394, 392, 392, 391, 394, 391, 390, 392, 393, 392, 393, 393, 390, 393,
    392, 393, 394, 391, 391, 391, 393, 390, 393, 391, 392, 394, 392, 391,
    394, 391, 391, 391, 393, 394, 394, 391, 393, 394, 392, 393, 394, 392,
    394, 390, 390, 392, 391, 390, 393 ]
LHandPositionsY: [ 244, 245, 245, 244, 243, 243, 241, 243, 243, 240, 240,
    243, 243, 239, 243, 240, 243, 243, 242, 240, 242, 242, 242, 240, 242,
    242, 242, 240, 243, 242, 240, 243, 239, 239, 241, 239, 243, 242, 241,
    240, 241, 242, 240, 243, 241, 242, 242, 242, 243, 240, 240, 241, 242,
    240, 243, 243, 239, 239, 242, 240, 240, 240, 243, 241, 241, 242, 240,
    239, 243, 241, 239, 242, 240, 240, 239, 240, 240, 240, 243, 243, 241,
    243, 239, 243, 239, 240, 243, 243 ]
RHandPositionsX: [ 162, 160, 159, 157, 155, 154, 151, 157, 158, 156, 159,
    162, 160, 156, 153, 153, 150, 151, 159, 162, 162, 162, 158, 156, 154,
    152, 149, 150, 162, 162, 163, 161, 159, 154, 159, 156, 153, 150, 158,
    166, 165, 168, 163, 164, 156, 155, 154, 152, 156, 163, 166, 168, 167,
    168, 167, 170, 162, 166, 162, 156, 161, 166, 174, 177, 184, 184, 187,
    188, 184, 185, 184, 183, 181, 177, 178, 179, 178, 178, 176, 178, 176,
    178, 178, 177, 176, 179, 178, 178 ]
RHandPositionsY: [ 109, 108, 101, 100, 101, 100, 99, 101, 102, 100, 103,
    101, 97, 100, 96, 95, 101, 104, 112, 115, 117, 114, 112, 109, 106,
    108, 108, 111, 119, 118, 120, 112, 110, 107, 106, 106, 104, 104, 112,
    121, 120, 122, 122, 116, 116, 114, 113, 109, 111, 117, 122, 122, 122,
    124, 121, 121, 118, 114, 111, 113, 115, 125, 130, 135, 147, 155, 165,
    179, 187, 192, 199, 212, 217, 225, 232, 235, 239, 239, 242, 241, 245,
    243, 243, 244, 245, 243, 243, 247 ]
