%YAML:1.0
---
videoName: "RHShake04.mp4"
gestureLabel: 2
fps: 29
pixelSizeInCmTemp: 3.1513157894736843e-01
faceCenterPointX: 292
faceCenterPointY: 47
LHandPositionsX: [ 413, 409, 413, 410, 410, 412, 412, 410, 412, 412, 412,
    412, 410, 409, 410, 409, 410, 408, 407, 410, 410, 410, 406, 407, 408,
    407, 405, 409, 406, 406, 405, 408, 405, 407, 407, 406, 408, 405, 406,
    409, 405, 409, 408, 406, 406, 407, 407, 408, 409, 409, 405, 409, 408,
    407, 407, 407, 408, 408, 407, 408, 406, 404, 403, 405, 404, 403, 404,
    402, 404, 402, 405, 406, 404, 402, 403, 405, 406, 405, 403, 404, 405,
    403, 401, 404, 405, 403, 403, 405 ]
LHandPositionsY: [ 263, 265, 265, 266, 262, 264, 265, 264, 262, 264, 262,
    263, 265, 261, 261, 264, 261, 261, 262, 261, 262, 260, 263, 260, 264,
    260, 264, 261, 264, 260, 260, 262, 262, 264, 262, 262, 264, 261, 262,
    262, 262, 261, 264, 262, 261, 264, 262, 262, 264, 260, 264, 263, 264,
    262, 260, 260, 264, 264, 263, 263, 264, 259, 260, 259, 262, 259, 259,
    262, 261, 261, 259, 261, 262, 261, 258, 261, 261, 258, 259, 257, 258,
    258, 258, 261, 258, 259, 259, 259 ]
RHandPositionsX: [ 181, 178, 180, 180, 183, 180, 181, 177, 178, 181, 179,
    177, 180, 179, 179, 178, 176, 177, 175, 175, 179, 177, 180, 184, 181,
    173, 172, 163, 163, 164, 164, 168, 181, 190, 194, 188, 186, 183, 172,
    169, 164, 170, 173, 175, 178, 178, 180, 174, 167, 166, 165, 169, 177,
    176, 179, 180, 177, 171, 167, 171, 170, 176, 178, 182, 192, 190, 184,
    177, 172, 174, 168, 171, 171, 174, 187, 190, 191, 193, 191, 187, 188,
    187, 187, 179, 177, 176, 177, 174 ]
RHandPositionsY: [ 265, 264, 265, 264, 264, 263, 264, 264, 266, 265, 265,
    269, 270, 268, 269, 268, 269, 267, 270, 268, 272, 270, 267, 246, 225,
    194, 173, 146, 123, 124, 120, 103, 100, 102, 104, 100, 98, 93, 94,
    93, 90, 91, 96, 95, 96, 95, 97, 96, 93, 94, 95, 97, 100, 97, 99, 99,
    97, 94, 94, 89, 92, 97, 95, 95, 96, 95, 94, 96, 95, 93, 94, 97, 98,
    108, 122, 133, 142, 151, 166, 177, 193, 210, 223, 226, 236, 243, 247,
    249 ]
