%YAML:1.0
---
videoName: "RHShake08.mp4"
gestureLabel: 2
fps: 29
pixelSizeInCmTemp: 3.2808219178082193e-01
faceCenterPointX: 290
faceCenterPointY: 45
LHandPositionsX: [ 314, 316, 313, 316, 314, 313, 315, 316, 313, 310, 308,
    310, 309, 309, 311, 311, 308, 309, 308, 310, 307, 307, 306, 309, 309,
    308, 306, 306, 310, 309, 310, 310, 309, 309, 309, 309, 309, 310, 306,
    308, 309, 309, 310, 309, 308, 308, 309, 305, 306, 305, 309, 305, 305,
    306, 305, 306, 308, 309, 307, 308, 308, 308, 305, 306, 306, 308, 309,
    308, 308, 308, 306, 306, 307, 306, 307, 305, 306, 305, 306, 305, 309,
    306, 306, 309, 309, 308, 310, 311 ]
LHandPositionsY: [ 279, 278, 279, 281, 279, 280, 280, 284, 282, 282, 282,
    283, 282, 281, 282, 284, 284, 284, 282, 285, 284, 285, 285, 282, 285,
    284, 282, 282, 285, 283, 283, 284, 281, 284, 284, 284, 281, 284, 284,
    282, 285, 281, 283, 282, 282, 282, 283, 283, 283, 282, 282, 282, 283,
    282, 283, 280, 283, 284, 284, 283, 284, 281, 281, 281, 282, 281, 281,
    283, 284, 281, 283, 284, 281, 281, 281, 281, 281, 283, 284, 281, 282,
    282, 280, 282, 280, 284, 284, 280 ]
RHandPositionsX: [ 266, 271, 271, 273, 271, 269, 273, 277, 268, 260, 258,
    258, 248, 237, 222, 202, 187, 165, 156, 161, 166, 176, 199, 198, 207,
    200, 193, 189, 182, 179, 190, 192, 205, 199, 194, 196, 186, 180, 177,
    179, 191, 190, 186, 183, 183, 179, 173, 173, 174, 181, 186, 190, 189,
    190, 195, 188, 190, 204, 204, 216, 211, 206, 203, 197, 198, 196, 203,
    205, 215, 210, 210, 218, 221, 227, 240, 250, 250, 261, 264, 262, 265,
    268, 268, 273, 272, 277, 274, 271 ]
RHandPositionsY: [ 268, 266, 270, 270, 268, 269, 266, 270, 267, 263, 255,
    246, 231, 216, 202, 186, 171, 150, 133, 129, 114, 111, 104, 107, 108,
    106, 101, 96, 91, 94, 92, 92, 95, 95, 92, 90, 89, 89, 85, 88, 92, 93,
    93, 90, 89, 88, 84, 87, 91, 92, 93, 93, 99, 98, 93, 90, 92, 93, 96,
    94, 99, 101, 94, 92, 92, 92, 95, 101, 105, 109, 111, 127, 132, 145,
    157, 178, 195, 214, 226, 247, 256, 261, 259, 261, 260, 263, 265, 266 ]
