%YAML:1.0
---
videoName: "RHShake20.mp4"
gestureLabel: 2
fps: 29
pixelSizeInCmTemp: 3.3263888888888887e-01
faceCenterPointX: 286
faceCenterPointY: 45
LHandPositionsX: [ 391, 394, 391, 393, 390, 394, 393, 391, 390, 390, 392,
    394, 394, 390, 394, 392, 392, 393, 392, 390, 391, 391, 394, 394, 393,
    391, 390, 392, 394, 392, 393, 391, 391, 390, 394, 390, 393, 390, 390,
    393, 394, 393, 393, 394, 392, 392, 391, 392, 392, 394, 392, 392, 392,
    390, 391, 392, 393, 392, 393, 393, 394, 393, 391, 393, 393, 392, 392,
    391, 392, 390, 392, 394, 392, 393, 390, 393, 390, 393, 391, 392, 390,
    393, 393, 391, 392, 394, 393, 392 ]
LHandPositionsY: [ 246, 244, 244, 244, 242, 241, 242, 244, 240, 242, 244,
    241, 239, 243, 243, 240, 240, 243, 239, 243, 239, 242, 239, 243, 239,
    243, 243, 241, 240, 243, 239, 239, 241, 243, 239, 243, 242, 240, 243,
    242, 243, 242, 241, 240, 240, 241, 240, 240, 241, 243, 240, 241, 239,
    243, 243, 242, 240, 239, 241, 242, 240, 239, 239, 240, 241, 241, 239,
    239, 240, 243, 239, 241, 243, 241, 242, 243, 243, 243, 240, 243, 242,
    242, 242, 242, 243, 243, 241, 242 ]
RHandPositionsX: [ 164, 160, 160, 157, 152, 153, 151, 154, 158, 157, 160,
    159, 158, 155, 151, 153, 150, 150, 160, 161, 163, 160, 157, 152, 155,
    153, 150, 151, 159, 163, 163, 162, 157, 154, 158, 156, 150, 148, 161,
    168, 167, 168, 164, 161, 156, 153, 154, 150, 160, 163, 164, 167, 168,
    168, 170, 168, 166, 166, 164, 159, 162, 166, 172, 175, 180, 185, 187,
    186, 184, 184, 186, 182, 181, 179, 178, 180, 177, 181, 177, 180, 177,
    180, 180, 176, 179, 179, 177, 180 ]
RHandPositionsY: [ 108, 106, 101, 103, 100, 98, 97, 100, 99, 103, 102,
    100, 99, 100, 97, 95, 98, 102, 112, 112, 114, 114, 110, 108, 108,
    107, 109, 108, 119, 119, 118, 116, 112, 110, 105, 103, 106, 105, 116,
    121, 123, 121, 124, 119, 114, 113, 111, 108, 109, 119, 123, 125, 123,
    123, 125, 121, 117, 114, 113, 111, 116, 124, 132, 135, 145, 153, 164,
    176, 184, 191, 203, 212, 219, 225, 233, 233, 240, 242, 240, 243, 246,
    244, 243, 243, 247, 245, 246, 246 ]
