%YAML:1.0
---
videoName: "RHShake21.mp4"
gestureLabel: 2
fps: 29
pixelSizeInCmTemp: 3.3732394366197183e-01
faceCenterPointX: 293
faceCenterPointY: 47
LHandPositionsX: [ 394, 397, 398, 396, 398, 397, 396, 395, 394, 397, 398,
    395, 395, 398, 394, 396, 397, 395, 395, 398, 398, 397, 398, 394, 394,
    397, 395, 398, 397, 396, 394, 396, 396, 396, 396, 396, 394, 395, 394,
    396, 397, 398, 395, 395, 395, 395, 398, 394, 398, 394, 396, 397, 398,
    394, 396, 395, 396, 396, 398, 397, 394, 398, 395, 396, 398, 394, 396,
    396, 397, 398, 396, 398, 394, 396, 398, 397, 395, 395, 394, 396, 394,
    397, 398, 397, 396, 395, 397, 398 ]
LHandPositionsY: [ 239, 238, 242, 242, 242, 239, 239, 238, 242, 238, 242,
    241, 240, 238, 239, 240, 241, 242, 238, 242, 242, 242, 239, 240, 240,
    241, 240, 240, 239, 242, 238, 241, 239, 240, 242, 242, 242, 239, 242,
    242, 241, 240, 242, 241, 239, 239, 238, 241, 241, 239, 238, 239, 242,
    240, 240, 241, 238, 240, 238, 242, 239, 239, 239, 239, 238, 239, 239,
    242, 239, 242, 238, 240, 242, 241, 238, 238, 241, 239, 242, 240, 239,
    239, 240, 241, 239, 240, 242, 239 ]
RHandPositionsX: [ 132, 142, 144, 146, 144, 145, 144, 141, 136, 132, 135,
    141, 146, 149, 147, 147, 145, 145, 139, 140, 134, 137, 139, 143, 146,
    152, 151, 150, 146, 143, 140, 135, 138, 141, 139, 146, 151, 152, 148,
    144, 144, 137, 139, 135, 138, 138, 148, 150, 149, 152, 145, 141, 136,
    135, 134, 134, 138, 145, 155, 163, 169, 176, 176, 179, 182, 182, 187,
    189, 187, 185, 190, 189, 185, 186, 190, 190, 189, 188, 188, 187, 187,
    189, 185, 186, 185, 189, 189, 187 ]
RHandPositionsY: [ 81, 88, 90, 90, 87, 87, 84, 82, 80, 83, 79, 83, 91,
    90, 92, 94, 92, 87, 85, 88, 83, 85, 84, 89, 90, 92, 91, 91, 89, 88,
    87, 86, 85, 87, 86, 89, 90, 94, 95, 90, 88, 89, 86, 84, 85, 90, 96,
    96, 97, 97, 95, 94, 92, 95, 90, 90, 95, 103, 117, 128, 138, 149, 151,
    153, 161, 168, 180, 192, 201, 210, 214, 215, 219, 227, 224, 228, 226,
    227, 229, 228, 231, 227, 231, 229, 229, 231, 227, 231 ]
