%YAML:1.0
---
videoName: "RHShake06.mp4"
gestureLabel: 2
fps: 30
pixelSizeInCmTemp: 3.2808219178082193e-01
faceCenterPointX: 293
faceCenterPointY: 43
LHandPositionsX: [ 308, 306, 310, 306, 309, 310, 308, 308, 308, 307, 307,
    308, 306, 308, 308, 309, 310, 311, 315, 316, 321, 321, 321, 322, 320,
    321, 320, 319, 319, 321, 321, 322, 325, 325, 325, 326, 325, 325, 324,
    324, 326, 323, 323, 326, 322, 322, 322, 323, 324, 325, 326, 323, 325,
    325, 324, 322, 322, 322, 322, 324, 323, 325, 324, 323, 322, 326, 325,
    323, 325, 326, 324, 324, 322, 323, 322, 326, 324, 325, 325, 326, 325,
    323, 326, 321, 314, 316, 314, 311, 310, 311, 312 ]
LHandPositionsY: [ 270, 268, 268, 269, 266, 269, 266, 269, 267, 270, 266,
    269, 270, 270, 269, 266, 266, 270, 265, 264, 261, 263, 262, 259, 262,
    262, 261, 258, 258, 259, 258, 262, 258, 259, 259, 260, 260, 259, 260,
    260, 258, 261, 262, 260, 259, 259, 259, 260, 260, 259, 258, 261, 261,
    258, 258, 262, 260, 262, 258, 260, 262, 261, 259, 258, 258, 259, 262,
    258, 260, 259, 259, 260, 261, 262, 258, 260, 258, 261, 259, 259, 260,
    262, 262, 263, 265, 262, 264, 267, 263, 263, 262 ]
RHandPositionsX: [ 289, 289, 284, 288, 287, 285, 286, 284, 284, 286, 284,
    286, 284, 288, 287, 288, 286, 284, 280, 263, 244, 223, 200, 181, 161,
    145, 139, 134, 140, 140, 144, 144, 162, 166, 164, 161, 161, 163, 158,
    157, 161, 173, 181, 187, 191, 186, 179, 171, 168, 171, 170, 168, 176,
    180, 185, 182, 179, 186, 181, 171, 171, 166, 164, 181, 178, 177, 175,
    171, 165, 162, 166, 164, 171, 183, 192, 191, 207, 220, 233, 240, 248,
    251, 252, 246, 245, 255, 257, 251, 252, 255, 253 ]
RHandPositionsY: [ 268, 269, 269, 267, 270, 269, 268, 269, 270, 267, 266,
    268, 270, 269, 269, 268, 270, 271, 263, 262, 250, 234, 218, 200, 178,
    158, 137, 122, 113, 105, 114, 116, 131, 119, 110, 104, 99, 88, 91,
    91, 89, 93, 98, 99, 96, 95, 92, 90, 87, 88, 85, 87, 92, 100, 101, 98,
    95, 99, 98, 92, 92, 87, 92, 103, 103, 100, 101, 100, 104, 104, 118,
    130, 146, 161, 175, 179, 193, 204, 214, 224, 231, 235, 235, 237, 239,
    243, 240, 244, 243, 241, 245 ]
