%YAML:1.0
---
videoName: "RHShake17.mp4"
gestureLabel: 2
fps: 29
pixelSizeInCmTemp: 3.3732394366197183e-01
faceCenterPointX: 282
faceCenterPointY: 40
LHandPositionsX: [ 305, 309, 305, 306, 305, 307, 306, 306, 309, 306, 307,
    305, 305, 305, 307, 307, 306, 309, 309, 305, 308, 309, 306, 306, 308,
    306, 306, 306, 308, 306, 307, 308, 308, 309, 306, 306, 308, 306, 305,
    310, 309, 310, 307, 308, 307, 310, 310, 308, 309, 307, 310, 308, 308,
    307, 311, 308, 309, 307, 309, 310, 310, 308, 310, 309, 309, 307, 310,
    307, 309, 307, 311, 310, 309, 310, 307, 310, 306, 310, 307, 305, 305,
    305, 306, 307, 306, 308, 305, 306 ]
LHandPositionsY: [ 235, 235, 234, 231, 235, 233, 232, 234, 235, 231, 233,
    231, 232, 231, 234, 234, 234, 234, 235, 231, 234, 232, 231, 235, 231,
    235, 235, 235, 233, 233, 233, 233, 231, 235, 235, 232, 235, 234, 233,
    231, 231, 235, 232, 233, 233, 233, 235, 234, 234, 232, 235, 235, 233,
    235, 233, 234, 234, 232, 233, 234, 234, 234, 235, 232, 233, 231, 234,
    235, 235, 235, 234, 232, 234, 234, 231, 233, 233, 232, 232, 235, 231,
    231, 231, 232, 231, 231, 231, 235 ]
RHandPositionsX: [ 211, 197, 174, 161, 138, 145, 143, 146, 145, 144, 148,
    151, 156, 152, 149, 147, 144, 142, 142, 146, 165, 161, 158, 151, 149,
    146, 147, 143, 148, 151, 156, 160, 162, 157, 151, 146, 143, 141, 138,
    152, 155, 154, 154, 161, 152, 150, 150, 150, 157, 155, 169, 169, 166,
    165, 158, 158, 148, 150, 147, 148, 155, 162, 170, 176, 176, 176, 176,
    178, 173, 171, 173, 170, 167, 168, 169, 166, 171, 170, 169, 169, 170,
    169, 170, 168, 168, 167, 170, 168 ]
RHandPositionsY: [ 202, 186, 166, 148, 130, 112, 107, 101, 94, 90, 97,
    89, 80, 77, 77, 72, 71, 66, 71, 75, 79, 75, 73, 71, 70, 65, 69, 68,
    67, 65, 70, 66, 64, 64, 64, 67, 66, 66, 67, 85, 81, 82, 81, 79, 77,
    74, 73, 71, 72, 74, 88, 92, 84, 82, 79, 79, 79, 79, 80, 84, 90, 105,
    121, 134, 147, 158, 169, 184, 191, 197, 206, 217, 223, 229, 232, 234,
    236, 241, 240, 240, 242, 243, 240, 244, 242, 243, 245, 246 ]
