%YAML:1.0
---
videoName: "RHShake07.mp4"
gestureLabel: 2
fps: 29
pixelSizeInCmTemp: 3.2364864864864862e-01
faceCenterPointX: 292
faceCenterPointY: 44
LHandPositionsX: [ 309, 310, 307, 309, 310, 307, 309, 307, 309, 307, 307,
    308, 309, 309, 313, 310, 313, 313, 312, 310, 311, 311, 313, 311, 310,
    310, 310, 312, 312, 311, 310, 312, 315, 313, 315, 311, 316, 315, 313,
    315, 315, 313, 316, 314, 315, 314, 316, 314, 314, 313, 313, 314, 315,
    314, 313, 315, 315, 314, 315, 314, 312, 313, 315, 316, 312, 314, 313,
    312, 315, 313, 315, 314, 313, 315, 317, 317, 313, 314, 315, 315, 309,
    308, 308, 310, 312, 312, 312, 309 ]
LHandPositionsY: [ 267, 267, 272, 271, 269, 268, 271, 268, 270, 274, 274,
    271, 272, 270, 269, 269, 269, 267, 268, 269, 269, 269, 268, 270, 267,
    270, 270, 267, 268, 271, 271, 267, 271, 271, 271, 268, 268, 270, 268,
    270, 268, 268, 267, 269, 269, 268, 267, 268, 271, 267, 270, 271, 269,
    267, 267, 270, 271, 271, 267, 268, 267, 271, 271, 271, 269, 269, 271,
    269, 271, 270, 271, 270, 266, 267, 270, 268, 269, 267, 271, 272, 271,
    273, 271, 272, 271, 274, 274, 272 ]
RHandPositionsX: [ 263, 267, 265, 267, 264, 264, 267, 265, 265, 269, 268,
    263, 252, 236, 215, 194, 176, 162, 151, 156, 159, 155, 158, 162, 163,
    178, 190, 182, 177, 171, 168, 165, 181, 182, 187, 185, 182, 173, 171,
    169, 173, 174, 180, 186, 186, 180, 175, 171, 168, 164, 169, 181, 183,
    201, 192, 190, 185, 179, 171, 168, 165, 165, 169, 176, 172, 184, 178,
    176, 173, 170, 160, 169, 179, 195, 213, 232, 245, 256, 272, 275, 269,
    270, 268, 267, 263, 267, 264, 267 ]
RHandPositionsY: [ 252, 252, 254, 255, 254, 252, 251, 251, 253, 257, 252,
    240, 232, 219, 204, 185, 169, 155, 133, 129, 125, 114, 122, 123, 129,
    115, 101, 100, 93, 94, 89, 89, 110, 104, 104, 98, 97, 93, 94, 90, 92,
    92, 98, 99, 95, 95, 95, 91, 92, 84, 83, 91, 97, 104, 98, 95, 92, 90,
    90, 89, 86, 88, 93, 90, 90, 92, 87, 88, 87, 90, 93, 116, 135, 151,
    167, 184, 205, 228, 234, 244, 243, 248, 253, 252, 251, 252, 255, 258 ]
