%YAML:1.0
---
videoName: "RHShake05.mp4"
gestureLabel: 2
fps: 30
pixelSizeInCmTemp: 3.1103896103896100e-01
faceCenterPointX: 295
faceCenterPointY: 47
LHandPositionsX: [ 408, 410, 408, 409, 410, 409, 409, 412, 409, 410, 409,
    410, 409, 411, 412, 409, 411, 410, 412, 411, 412, 412, 409, 408, 411,
    412, 412, 410, 409, 412, 409, 409, 411, 411, 408, 409, 412, 412, 411,
    409, 411, 411, 408, 411, 409, 412, 408, 410, 410, 412, 412, 408, 409,
    410, 411, 412, 410, 410, 409, 409, 410, 411, 411, 410, 409, 412, 410,
    412, 409, 408, 409, 408, 409, 412, 408, 411, 410, 412, 412, 412, 409,
    408, 410, 408, 410, 412, 409, 411, 410, 410, 409 ]
LHandPositionsY: [ 260, 261, 259, 261, 257, 257, 257, 257, 257, 257, 257,
    260, 258, 258, 259, 261, 258, 261, 261, 258, 261, 261, 257, 258, 259,
    259, 261, 261, 259, 261, 259, 258, 258, 257, 257, 258, 258, 258, 257,
    258, 259, 259, 259, 258, 259, 258, 260, 260, 258, 260, 261, 260, 260,
    259, 258, 257, 259, 258, 258, 261, 257, 261, 261, 260, 260, 259, 260,
    260, 257, 259, 258, 260, 259, 258, 257, 261, 259, 260, 258, 260, 257,
    257, 260, 260, 261, 261, 261, 260, 261, 257, 261 ]
RHandPositionsX: [ 175, 174, 173, 176, 173, 177, 175, 177, 173, 174, 174,
    175, 172, 173, 172, 171, 173, 172, 174, 173, 171, 173, 172, 176, 173,
    177, 179, 177, 171, 165, 149, 154, 155, 157, 162, 177, 187, 201, 188,
    182, 173, 174, 170, 169, 177, 176, 190, 181, 178, 172, 169, 168, 167,
    173, 179, 190, 185, 179, 171, 168, 168, 170, 174, 188, 193, 193, 185,
    179, 181, 179, 182, 179, 188, 193, 197, 192, 183, 176, 169, 174, 175,
    174, 181, 186, 188, 191, 185, 179, 179, 177, 177 ]
RHandPositionsY: [ 262, 259, 262, 262, 262, 259, 261, 262, 261, 261, 262,
    262, 261, 259, 258, 258, 261, 259, 258, 262, 262, 262, 261, 258, 260,
    252, 233, 207, 179, 154, 133, 126, 108, 94, 87, 89, 92, 95, 87, 87,
    83, 77, 77, 83, 84, 86, 82, 80, 79, 73, 76, 75, 77, 85, 85, 92, 87,
    86, 82, 80, 81, 86, 88, 91, 92, 90, 89, 88, 81, 84, 81, 85, 87, 93,
    92, 88, 88, 87, 86, 95, 113, 131, 158, 179, 202, 221, 225, 233, 245,
    250, 246 ]
