%YAML:1.0
---
videoName: "RHShake15.mp4"
gestureLabel: 2
fps: 29
pixelSizeInCmTemp: 3.2808219178082193e-01
faceCenterPointX: 279
faceCenterPointY: 41
LHandPositionsX: [ 372, 368, 368, 369, 369, 369, 370, 372, 370, 368, 368,
    370, 370, 369, 370, 369, 371, 372, 369, 370, 372, 371, 368, 372, 368,
    372, 370, 368, 371, 370, 369, 369, 369, 371, 371, 368, 369, 372, 372,
    371, 370, 372, 368, 372, 371, 370, 370, 372, 371, 370, 372, 368, 368,
    369, 372, 371, 369, 371, 372, 369, 372, 370, 371, 370, 372, 372, 371,
    369, 368, 368, 372, 371, 370, 368, 369, 369, 372, 369, 369, 369, 368,
    371, 368, 369, 370, 369, 370, 369 ]
LHandPositionsY: [ 232, 236, 236, 235, 235, 236, 233, 235, 235, 235, 232,
    235, 235, 232, 233, 235, 236, 233, 236, 232, 232, 234, 232, 233, 233,
    233, 233, 235, 235, 232, 235, 232, 236, 236, 233, 234, 235, 232, 234,
    232, 236, 235, 232, 232, 232, 234, 232, 233, 234, 233, 235, 232, 231,
    234, 232, 235, 231, 232, 234, 235, 231, 231, 235, 235, 235, 233, 232,
    231, 234, 232, 235, 232, 234, 232, 232, 235, 234, 232, 232, 231, 233,
    233, 234, 234, 235, 234, 234, 232 ]
RHandPositionsX: [ 136, 126, 111, 111, 109, 112, 110, 105, 106, 112, 113,
    118, 114, 113, 108, 111, 112, 111, 109, 109, 115, 117, 113, 113, 110,
    108, 111, 107, 108, 105, 115, 118, 117, 115, 111, 111, 110, 113, 113,
    116, 111, 110, 115, 118, 119, 119, 120, 122, 124, 120, 117, 124, 125,
    126, 124, 127, 124, 126, 121, 120, 123, 122, 130, 133, 141, 142, 141,
    139, 140, 144, 143, 149, 149, 154, 159, 154, 160, 156, 158, 160, 157,
    160, 161, 159, 159, 157, 161, 161 ]
RHandPositionsY: [ 189, 172, 155, 144, 146, 141, 131, 128, 122, 113, 111,
    108, 103, 97, 99, 98, 98, 96, 92, 92, 92, 94, 93, 95, 95, 93, 93, 93,
    95, 95, 98, 106, 104, 101, 100, 102, 100, 101, 101, 102, 104, 105,
    112, 111, 111, 104, 104, 105, 103, 104, 105, 106, 111, 113, 118, 113,
    109, 112, 112, 109, 114, 119, 126, 138, 148, 162, 173, 180, 192, 200,
    207, 218, 230, 238, 241, 241, 245, 248, 245, 249, 246, 246, 249, 245,
    249, 247, 245, 248 ]
