%YAML:1.0
---
videoName: "RHShake24.mp4"
gestureLabel: 2
fps: 30
pixelSizeInCmTemp: 3.3732394366197183e-01
faceCenterPointX: 304
faceCenterPointY: 46
LHandPositionsX: [ 389, 393, 391, 392, 391, 389, 389, 389, 389, 389, 393,
    390, 391, 391, 391, 392, 390, 389, 389, 393, 389, 390, 391, 392, 390,
    389, 392, 392, 389, 392, 392, 389, 389, 392, 391, 391, 392, 389, 392,
    391, 393, 393, 392, 392, 390, 391, 390, 393, 389, 392, 390, 392, 392,
    391, 392, 389, 391, 393, 391, 393, 392, 389, 389, 392, 389, 389, 392,
    389, 393, 392, 390, 389, 391, 390, 392, 391, 392, 392, 390, 393, 393,
    393, 389, 393, 390, 391, 393, 393, 393, 391, 390 ]
LHandPositionsY: [ 227, 228, 229, 227, 225, 228, 227, 229, 226, 227, 226,
    228, 227, 229, 226, 226, 229, 227, 228, 227, 226, 225, 226, 227, 228,
    225, 229, 226, 226, 226, 225, 227, 225, 225, 229, 228, 229, 229, 225,
    229, 225, 227, 227, 229, 225, 225, 229, 229, 225, 227, 225, 227, 227,
    226, 228, 225, 228, 226, 226, 228, 225, 225, 225, 228, 228, 228, 227,
    229, 229, 226, 228, 227, 225, 226, 228, 227, 226, 228, 229, 225, 229,
    226, 228, 227, 229, 228, 228, 226, 226, 229, 227 ]
RHandPositionsX: [ 140, 149, 150, 151, 153, 156, 151, 149, 147, 142, 138,
    135, 145, 151, 160, 162, 163, 163, 159, 158, 148, 144, 145, 142, 140,
    147, 158, 159, 160, 159, 157, 157, 148, 147, 144, 142, 146, 151, 156,
    160, 160, 163, 160, 156, 148, 144, 140, 140, 144, 147, 161, 163, 167,
    169, 171, 163, 156, 152, 153, 145, 146, 148, 151, 162, 164, 170, 168,
    169, 176, 178, 181, 181, 183, 185, 187, 189, 194, 195, 191, 193, 196,
    195, 193, 196, 196, 193, 195, 194, 195, 196, 195 ]
RHandPositionsY: [ 95, 102, 103, 99, 101, 97, 91, 90, 85, 87, 85, 88, 84,
    101, 112, 109, 113, 116, 107, 99, 98, 96, 97, 94, 94, 99, 111, 113,
    112, 113, 107, 103, 98, 98, 95, 90, 90, 96, 102, 108, 109, 111, 106,
    102, 102, 99, 97, 94, 93, 110, 122, 118, 119, 124, 119, 105, 103,
    100, 101, 98, 94, 94, 104, 110, 112, 116, 119, 120, 132, 142, 151,
    151, 152, 157, 165, 173, 179, 190, 198, 205, 212, 211, 213, 213, 217,
    220, 220, 223, 225, 224, 228 ]
