%YAML:1.0
---
videoName: "RHShake10.mp4"
gestureLabel: 2
fps: 29
pixelSizeInCmTemp: 3.1933333333333330e-01
faceCenterPointX: 295
faceCenterPointY: 45
LHandPositionsX: [ 338, 343, 339, 340, 342, 339, 336, 334, 332, 332, 333,
    331, 331, 326, 329, 325, 326, 326, 325, 330, 328, 330, 329, 328, 329,
    327, 326, 330, 330, 330, 330, 330, 328, 326, 330, 326, 326, 330, 326,
    329, 326, 326, 330, 328, 326, 328, 330, 330, 329, 329, 327, 329, 329,
    329, 326, 328, 330, 328, 328, 329, 327, 326, 327, 327, 328, 329, 329,
    328, 329, 328, 330, 328, 329, 327, 327, 327, 330, 329, 330, 329, 328,
    328, 331, 327, 330, 327, 331, 330 ]
LHandPositionsY: [ 263, 266, 266, 264, 265, 268, 266, 269, 270, 272, 268,
    269, 271, 270, 274, 271, 274, 272, 274, 271, 274, 270, 274, 274, 272,
    273, 272, 270, 272, 271, 270, 269, 269, 270, 269, 270, 269, 268, 268,
    269, 268, 271, 272, 272, 268, 269, 268, 268, 268, 269, 269, 270, 270,
    272, 271, 269, 272, 269, 270, 269, 272, 271, 271, 268, 269, 270, 269,
    270, 269, 268, 270, 271, 268, 268, 271, 269, 270, 268, 271, 270, 271,
    271, 268, 269, 270, 272, 272, 270 ]
RHandPositionsX: [ 262, 263, 260, 259, 259, 261, 259, 259, 260, 260, 259,
    260, 260, 258, 261, 262, 257, 255, 258, 249, 242, 222, 203, 184, 169,
    156, 138, 138, 138, 136, 146, 151, 153, 160, 166, 163, 160, 161, 159,
    157, 162, 173, 178, 179, 177, 176, 171, 168, 172, 171, 173, 185, 188,
    194, 189, 183, 180, 178, 175, 181, 179, 189, 192, 193, 189, 184, 179,
    177, 174, 180, 175, 191, 197, 203, 214, 217, 225, 233, 237, 242, 251,
    254, 250, 256, 263, 262, 262, 262 ]
RHandPositionsY: [ 267, 265, 263, 266, 263, 264, 263, 265, 266, 266, 268,
    268, 269, 265, 265, 267, 267, 264, 266, 255, 243, 226, 212, 190, 170,
    151, 131, 117, 111, 98, 90, 88, 89, 89, 85, 84, 80, 80, 80, 76, 78,
    84, 85, 83, 82, 80, 78, 76, 77, 80, 83, 89, 87, 96, 86, 82, 84, 84,
    82, 84, 88, 95, 91, 94, 91, 86, 84, 80, 82, 88, 93, 104, 126, 144,
    162, 177, 197, 214, 225, 243, 260, 256, 261, 264, 267, 266, 267, 268 ]
