%YAML:1.0
---
videoName: "RHShake04.mp4"
gestureLabel: 2
fps: 29
pixelSizeInCmTemp: 3.1513157894736843e-01
faceCenterPointX: 292
faceCenterPointY: 47
LHandPositionsX: [ 413, 412, 412, 409, 412, 411, 408, 410, 410, 412, 410,
    409, 409, 411, 409, 411, 412, 410, 410, 411, 410, 409, 408, 406, 409,
    409, 408, 405, 405, 405, 409, 405, 407, 409, 408, 409, 405, 407, 408,
    408, 406, 406, 407, 406, 408, 408, 407, 408, 407, 405, 405, 409, 406,
    409, 407, 408, 405, 405, 409, 409, 409, 404, 406, 406, 404, 405, 403,
    404, 402, 403, 403, 403, 406, 406, 404, 406, 406, 402, 403, 405, 401,
    404, 404, 402, 402, 401, 405, 402 ]
LHandPositionsY: [ 262, 264, 266, 262, 262, 264, 261, 265, 262, 262, 265,
    264, 262, 261, 262, 263, 264, 261, 264, 262, 261, 260, 262, 260, 261,
    264, 263, 263, 264, 260, 260, 261, 264, 260, 263, 263, 261, 260, 263,
    261, 262, 264, 263, 264, 262, 262, 263, 261, 261, 262, 260, 264, 263,
    264, 260, 264, 260, 260, 263, 264, 264, 261, 263, 259, 260, 263, 262,
    258, 262, 261, 261, 258, 259, 260, 259, 260, 262, 260, 258, 260, 258,
    257, 259, 259, 259, 260, 257, 257 ]
RHandPositionsX: [ 180, 179, 180, 181, 183, 182, 178, 177, 181, 181, 179,
    178, 177, 179, 177, 178, 179, 177, 178, 178, 179, 177, 176, 181, 180,
    175, 170, 165, 163, 164, 165, 165, 178, 187, 194, 191, 189, 179, 174,
    169, 165, 168, 170, 174, 176, 179, 179, 173, 170, 165, 166, 171, 177,
    177, 180, 180, 174, 172, 170, 170, 169, 177, 176, 184, 195, 189, 184,
    176, 173, 172, 168, 172, 172, 175, 184, 192, 191, 189, 192, 187, 188,
    185, 183, 180, 178, 176, 174, 173 ]
RHandPositionsY: [ 264, 268, 266, 265, 263, 264, 263, 265, 264, 266, 267,
    268, 267, 271, 267, 269, 269, 267, 270, 268, 271, 270, 267, 247, 224,
    193, 173, 150, 127, 123, 118, 101, 97, 101, 103, 102, 99, 93, 94, 95,
    92, 90, 93, 96, 98, 95, 97, 94, 94, 94, 95, 95, 98, 99, 98, 98, 95,
    93, 93, 89, 91, 96, 98, 96, 94, 95, 93, 96, 96, 96, 94, 94, 99, 105,
    119, 132, 142, 152, 162, 179, 193, 212, 224, 228, 237, 243, 250, 250 ]
