%YAML:1.0
---
videoName: "RHShake09.mp4"
gestureLabel: 2
fps: 29
pixelSizeInCmTemp: 3.1103896103896100e-01
faceCenterPointX: 296
faceCenterPointY: 48
LHandPositionsX: [ 325, 324, 322, 326, 322, 323, 323, 320, 318, 317, 318,
    317, 314, 314, 310, 313, 309, 312, 308, 310, 309, 308, 306, 305, 307,
    308, 305, 304, 305, 305, 306, 310, 311, 308, 310, 310, 308, 310, 308,
    308, 311, 309, 309, 309, 313, 311, 313, 312, 312, 315, 314, 313, 312,
    315, 315, 312, 316, 312, 316, 314, 314, 314, 313, 314, 315, 316, 318,
    317, 314, 316, 315, 316, 316, 314, 315, 315, 316, 316, 315, 313, 314,
    314, 314, 316, 313, 318, 316, 318 ]
LHandPositionsY: [ 266, 265, 271, 267, 270, 270, 268, 269, 270, 272, 272,
    271, 273, 275, 271, 275, 275, 276, 275, 276, 274, 272, 276, 274, 275,
    274, 275, 272, 275, 274, 276, 276, 274, 275, 276, 273, 274, 277, 274,
    273, 276, 276, 274, 277, 277, 275, 277, 277, 277, 274, 274, 277, 276,
    275, 273, 273, 273, 273, 272, 275, 274, 272, 275, 272, 274, 275, 275,
    272, 273, 275, 276, 272, 274, 276, 272, 275, 272, 274, 275, 274, 274,
    273, 272, 273, 275, 273, 272, 273 ]
RHandPositionsX: [ 264, 264, 263, 263, 265, 261, 264, 261, 261, 260, 262,
    261, 258, 260, 257, 259, 256, 259, 258, 257, 258, 257, 258, 258, 254,
    257, 258, 254, 255, 257, 265, 264, 254, 241, 222, 206, 187, 177, 167,
    173, 173, 173, 183, 185, 188, 188, 180, 180, 181, 174, 187, 190, 188,
    202, 194, 186, 178, 176, 180, 187, 184, 184, 194, 187, 185, 180, 176,
    174, 173, 179, 183, 189, 187, 179, 178, 179, 179, 180, 183, 192, 190,
    191, 200, 204, 208, 216, 226, 236 ]
RHandPositionsY: [ 261, 265, 263, 262, 266, 265, 266, 268, 266, 267, 269,
    267, 266, 265, 269, 269, 268, 265, 269, 269, 266, 265, 268, 265, 266,
    269, 268, 268, 265, 266, 269, 257, 245, 229, 213, 198, 176, 156, 138,
    132, 118, 109, 105, 109, 111, 106, 100, 89, 88, 89, 88, 97, 95, 96,
    92, 94, 87, 87, 87, 89, 93, 95, 96, 94, 93, 87, 89, 86, 92, 95, 96,
    97, 93, 95, 90, 92, 87, 90, 97, 106, 104, 110, 122, 131, 143, 155,
    167, 187 ]
