%YAML:1.0
---
videoName: "RHShake01.mp4"
gestureLabel: 2
fps: 29
pixelSizeInCmTemp: 3.1513157894736843e-01
faceCenterPointX: 292
faceCenterPointY: 51
LHandPositionsX: [ 394, 393, 396, 396, 396, 395, 394, 393, 393, 396, 396,
    392, 395, 391, 394, 391, 392, 392, 393, 393, 391, 393, 392, 391, 394,
    393, 395, 392, 394, 392, 391, 391, 391, 391, 395, 395, 392, 391, 393,
    394, 391, 393, 393, 393, 394, 391, 394, 394, 395, 391, 395, 393, 394,
    393, 394, 394, 395, 392, 391, 395, 392, 394, 392, 395, 393, 394, 392,
    393, 393, 394, 394, 391, 395, 392, 391, 394, 393, 392, 392, 392, 393,
    395, 394, 393, 393, 394, 395, 393 ]
LHandPositionsY: [ 254, 257, 253, 255, 254, 256, 254, 255, 256, 253, 257,
    253, 257, 256, 256, 255, 255, 255, 255, 253, 255, 255, 256, 257, 256,
    255, 254, 254, 254, 254, 256, 254, 256, 256, 254, 256, 256, 257, 256,
    253, 256, 256, 253, 253, 253, 254, 255, 256, 257, 257, 256, 255, 255,
    253, 257, 254, 254, 254, 255, 256, 255, 254, 255, 256, 255, 256, 255,
    257, 253, 254, 255, 254, 254, 257, 257, 253, 253, 253, 256, 256, 256,
    257, 256, 256, 255, 255, 255, 254 ]
RHandPositionsX: [ 167, 170, 167, 168, 171, 168, 170, 168, 169, 171, 170,
    168, 170, 168, 167, 171, 171, 167, 169, 169, 169, 171, 172, 170, 170,
    168, 169, 173, 176, 168, 165, 158, 155, 152, 159, 161, 170, 179, 192,
    192, 192, 188, 183, 176, 178, 176, 174, 188, 193, 194, 189, 189, 183,
    181, 180, 180, 178, 185, 185, 194, 193, 195, 194, 187, 182, 177, 176,
    181, 189, 190, 196, 196, 199, 199, 191, 189, 188, 188, 189, 182, 177,
    177, 173, 171, 174, 173, 176, 173 ]
RHandPositionsY: [ 277, 278, 276, 280, 276, 277, 280, 278, 278, 278, 277,
    280, 276, 280, 276, 278, 277, 280, 279, 277, 280, 279, 277, 279, 276,
    277, 266, 247, 226, 208, 185, 167, 150, 132, 129, 117, 109, 108, 112,
    109, 108, 106, 100, 100, 100, 99, 98, 96, 101, 101, 100, 96, 94, 92,
    95, 92, 95, 100, 100, 104, 101, 98, 102, 98, 96, 98, 98, 95, 102,
    107, 110, 123, 135, 148, 160, 177, 192, 203, 204, 212, 222, 226, 236,
    240, 244, 242, 243, 246 ]
