%YAML:1.0
---
videoName: "RHShake19.mp4"
gestureLabel: 2
fps: 29
pixelSizeInCmTemp: 3.2808219178082193e-01
faceCenterPointX: 283
faceCenterPointY: 48
LHandPositionsX: [ 391, 391, 392, 389, 388, 392, 389, 392, 389, 390, 391,
    389, 391, 389, 392, 389, 389, 392, 388, 388, 390, 389, 388, 392, 392,
    392, 391, 388, 389, 389, 390, 391, 388, 389, 392, 389, 389, 392, 389,
    392, 390, 388, 390, 389, 388, 392, 389, 392, 391, 388, 389, 391, 390,
    392, 390, 388, 390, 392, 388, 392, 392, 389, 392, 392, 392, 388, 391,
    392, 391, 391, 388, 389, 390, 391, 391, 388, 390, 391, 392, 391, 392,
    392, 392, 392, 389, 390, 388, 392 ]
LHandPositionsY: [ 241, 242, 241, 244, 242, 240, 243, 241, 240, 244, 243,
    241, 244, 240, 240, 242, 241, 243, 241, 243, 242, 242, 244, 242, 244,
    241, 242, 243, 241, 243, 242, 242, 241, 240, 241, 242, 244, 242, 243,
    244, 241, 244, 241, 240, 244, 243, 243, 244, 241, 242, 242, 244, 241,
    244, 244, 242, 244, 240, 242, 242, 244, 243, 243, 242, 241, 241, 243,
    240, 240, 244, 242, 244, 244, 242, 240, 243, 243, 242, 241, 242, 243,
    241, 244, 241, 243, 244, 241, 241 ]
RHandPositionsX: [ 157, 173, 182, 181, 189, 186, 175, 172, 168, 162, 163,
    162, 166, 180, 183, 185, 186, 179, 175, 168, 166, 162, 161, 167, 170,
    176, 176, 172, 169, 163, 161, 160, 159, 163, 171, 179, 178, 180, 179,
    172, 170, 164, 163, 158, 162, 167, 178, 177, 178, 182, 180, 177, 169,
    169, 169, 170, 169, 180, 179, 182, 180, 179, 171, 172, 169, 168, 169,
    175, 181, 184, 185, 187, 192, 189, 185, 186, 182, 180, 179, 180, 181,
    180, 180, 181, 181, 182, 181, 182 ]
RHandPositionsY: [ 92, 91, 94, 96, 95, 91, 86, 83, 80, 79, 77, 72, 80,
    83, 91, 88, 92, 86, 81, 78, 79, 78, 76, 75, 81, 91, 92, 91, 89, 85,
    84, 83, 80, 84, 87, 90, 94, 95, 92, 91, 87, 85, 85, 84, 82, 84, 93,
    98, 100, 103, 102, 96, 97, 96, 96, 97, 101, 102, 109, 108, 107, 102,
    100, 97, 102, 97, 113, 123, 136, 152, 163, 176, 185, 190, 197, 212,
    221, 225, 233, 237, 234, 237, 239, 239, 241, 240, 239, 240 ]
