%YAML:1.0
---
videoName: "RHShake21.mp4"
gestureLabel: 2
fps: 29
pixelSizeInCmTemp: 3.3732394366197183e-01
faceCenterPointX: 293
faceCenterPointY: 47
LHandPositionsX: [ 398, 396, 397, 394, 398, 394, 396, 397, 397, 397, 397,
    394, 395, 395, 397, 396, 394, 395, 394, 394, 394, 396, 394, 394, 397,
    394, 396, 396, 396, 397, 395, 396, 397, 395, 397, 398, 398, 397, 395,
    398, 398, 397, 398, 396, 395, 396, 395, 394, 396, 398, 398, 396, 398,
    394, 397, 396, 394, 394, 397, 396, 394, 398, 398, 395, 396, 398, 394,
    397, 396, 395, 398, 394, 395, 394, 395, 395, 398, 398, 398, 396, 396,
    396, 395, 397, 397, 397, 394, 396 ]
LHandPositionsY: [ 241, 238, 242, 242, 240, 241, 238, 241, 241, 241, 242,
    238, 238, 241, 241, 239, 242, 240, 238, 240, 241, 242, 238, 239, 238,
    239, 238, 242, 242, 240, 241, 240, 239, 239, 241, 239, 242, 239, 238,
    239, 241, 238, 238, 241, 238, 238, 240, 242, 239, 241, 239, 239, 241,
    238, 238, 242, 240, 241, 242, 242, 239, 241, 241, 239, 240, 238, 238,
    239, 241, 242, 240, 238, 239, 238, 242, 241, 239, 242, 241, 239, 240,
    240, 238, 242, 240, 238, 239, 242 ]
RHandPositionsX: [ 132, 140, 143, 145, 146, 145, 144, 138, 137, 132, 134,
    140, 147, 147, 151, 151, 145, 143, 139, 139, 134, 134, 140, 144, 146,
    149, 153, 149, 147, 144, 139, 137, 136, 137, 142, 144, 149, 150, 152,
    145, 144, 139, 135, 134, 138, 142, 147, 146, 148, 148, 146, 142, 136,
    137, 133, 136, 140, 144, 155, 164, 169, 175, 177, 180, 180, 183, 187,
    185, 186, 187, 188, 191, 187, 188, 190, 186, 186, 185, 189, 187, 186,
    187, 188, 186, 189, 189, 187, 186 ]
RHandPositionsY: [ 81, 85, 87, 89, 86, 83, 82, 81, 82, 82, 82, 85, 87,
    88, 92, 94, 91, 84, 86, 87, 87, 83, 80, 89, 87, 90, 91, 90, 89, 86,
    84, 86, 81, 87, 87, 88, 93, 93, 93, 91, 85, 87, 89, 88, 84, 89, 99,
    95, 97, 99, 94, 94, 94, 93, 90, 93, 94, 103, 114, 129, 139, 151, 151,
    152, 158, 171, 178, 191, 202, 207, 214, 212, 222, 228, 225, 228, 226,
    229, 228, 229, 230, 230, 227, 230, 230, 229, 228, 229 ]
