%YAML:1.0
---
videoName: "RHShake22.mp4"
gestureLabel: 2
fps: 29
pixelSizeInCmTemp: 3.3263888888888887e-01
faceCenterPointX: 290
faceCenterPointY: 48
LHandPositionsX: [ 393, 394, 396, 394, 396, 392, 395, 395, 394, 395, 392,
    395, 395, 393, 395, 394, 396, 396, 395, 393, 396, 394, 393, 395, 394,
    394, 393, 395, 394, 393, 392, 393, 396, 395, 392, 396, 392, 396, 396,
    396, 396, 396, 393, 394, 392, 396, 395, 394, 394, 392, 394, 392, 396,
    395, 396, 392, 393, 392, 395, 395, 393, 394, 395, 392, 394, 396, 392,
    392, 392, 394, 396, 395, 396, 396, 395, 393, 394, 395, 392, 392, 396,
    392, 393, 393, 392, 393, 396, 392 ]
LHandPositionsY: [ 230, 233, 234, 232, 234, 231, 234, 234, 233, 233, 232,
    230, 231, 231, 230, 234, 230, 234, 234, 230, 233, 231, 231, 232, 231,
    231, 230, 230, 233, 233, 230, 234, 231, 230, 231, 232, 233, 234, 230,
    233, 234, 232, 233, 232, 232, 232, 231, 233, 231, 233, 230, 230, 232,
    232, 231, 234, 234, 231, 231, 230, 231, 233, 230, 233, 234, 230, 231,
    234, 231, 233, 232, 232, 232, 234, 232, 233, 231, 233, 231, 234, 233,
    230, 230, 234, 233, 234, 230, 234 ]
RHandPositionsX: [ 147, 137, 129, 128, 130, 136, 145, 159, 165, 165, 163,
    166, 160, 159, 152, 148, 144, 145, 145, 156, 163, 170, 170, 168, 171,
    166, 162, 155, 155, 155, 155, 158, 167, 171, 172, 174, 173, 168, 163,
    161, 158, 158, 161, 168, 171, 174, 175, 173, 172, 166, 163, 155, 154,
    155, 155, 165, 170, 176, 176, 177, 177, 175, 171, 162, 155, 156, 153,
    156, 167, 174, 178, 178, 178, 182, 182, 181, 180, 183, 184, 184, 190,
    192, 189, 186, 187, 189, 190, 188 ]
RHandPositionsY: [ 140, 114, 103, 102, 98, 92, 83, 86, 89, 92, 93, 92,
    85, 79, 77, 77, 80, 77, 76, 85, 89, 91, 95, 98, 93, 89, 88, 86, 82,
    81, 81, 89, 93, 98, 103, 102, 92, 90, 89, 86, 86, 84, 83, 87, 96, 98,
    100, 99, 96, 93, 90, 88, 90, 87, 86, 82, 90, 102, 104, 103, 100, 95,
    94, 91, 92, 93, 89, 89, 89, 105, 108, 109, 112, 119, 119, 127, 139,
    148, 159, 171, 180, 191, 201, 204, 213, 219, 226, 225 ]
