%YAML:1.0
---
videoName: "RHShake14.mp4"
gestureLabel: 2
fps: 30
pixelSizeInCmTemp: 3.2808219178082193e-01
faceCenterPointX: 277
faceCenterPointY: 42
LHandPositionsX: [ 379, 379, 377, 376, 379, 379, 376, 378, 376, 379, 378,
    377, 378, 374, 374, 375, 377, 376, 374, 375, 374, 373, 374, 372, 376,
    374, 373, 375, 372, 376, 374, 373, 372, 374, 374, 372, 373, 374, 372,
    376, 376, 372, 375, 375, 376, 375, 376, 376, 376, 376, 375, 376, 375,
    376, 375, 374, 374, 374, 376, 375, 374, 374, 374, 373, 372, 376, 372,
    376, 375, 374, 374, 373, 373, 374, 375, 374, 373, 372, 373, 372, 372,
    375, 372, 376, 373, 376, 375, 376, 374, 372, 372 ]
LHandPositionsY: [ 230, 233, 229, 231, 232, 232, 229, 233, 230, 232, 232,
    229, 229, 231, 231, 229, 233, 233, 230, 233, 230, 230, 232, 232, 232,
    233, 229, 230, 231, 229, 233, 230, 230, 229, 230, 229, 233, 229, 232,
    230, 231, 233, 229, 233, 231, 230, 232, 229, 230, 233, 230, 232, 233,
    231, 232, 232, 230, 233, 233, 230, 229, 230, 232, 230, 231, 231, 230,
    233, 230, 229, 231, 232, 231, 230, 229, 232, 230, 232, 232, 233, 231,
    231, 229, 229, 230, 229, 233, 232, 233, 233, 233 ]
RHandPositionsX: [ 172, 174, 174, 172, 174, 172, 172, 174, 173, 171, 171,
    170, 174, 172, 171, 174, 170, 172, 170, 173, 174, 171, 170, 174, 173,
    171, 167, 171, 159, 151, 136, 128, 124, 116, 115, 125, 125, 131, 133,
    139, 141, 146, 146, 145, 146, 147, 150, 153, 154, 161, 160, 159, 154,
    151, 155, 155, 160, 170, 166, 165, 160, 157, 157, 156, 155, 164, 163,
    172, 175, 178, 178, 178, 176, 178, 174, 174, 175, 181, 177, 175, 173,
    172, 172, 174, 174, 174, 174, 172, 173, 174, 171 ]
RHandPositionsY: [ 243, 243, 243, 240, 239, 241, 240, 243, 243, 239, 239,
    243, 240, 240, 243, 241, 243, 239, 242, 241, 239, 239, 240, 241, 241,
    242, 246, 235, 215, 196, 173, 155, 136, 116, 112, 109, 103, 111, 112,
    117, 116, 107, 95, 91, 87, 87, 85, 85, 82, 80, 82, 78, 77, 76, 77,
    74, 79, 80, 78, 78, 79, 77, 78, 77, 77, 83, 88, 105, 121, 134, 144,
    156, 172, 181, 191, 196, 198, 203, 214, 216, 218, 223, 224, 226, 232,
    232, 231, 233, 235, 235, 237 ]
