%YAML:1.0
---
videoName: "RHShake21.mp4"
gestureLabel: 2
fps: 29
pixelSizeInCmTemp: 3.3732394366197183e-01
faceCenterPointX: 293
faceCenterPointY: 47
LHandPositionsX: [ 396, 396, 394, 397, 396, 395, 398, 395, 395, 397, 395,
    394, 398, 397, 397, 395, 395, 396, 398, 398, 398, 398, 395, 396, 397,
    395, 396, 396, 398, 397, 395, 396, 397, 395, 397, 396, 398, 395, 398,
    397, 395, 397, 395, 395, 398, 398, 395, 398, 398, 394, 397, 396, 398,
    394, 398, 395, 394, 394, 398, 398, 398, 395, 397, 396, 397, 396, 396,
    397, 394, 395, 395, 395, 397, 395, 396, 395, 394, 396, 394, 397, 394,
    398, 395, 394, 397, 395, 396, 397 ]
LHandPositionsY: [ 242, 241, 242, 238, 240, 238, 239, 240, 242, 238, 240,
    240, 239, 238, 242, 240, 242, 238, 242, 242, 241, 238, 241, 239, 242,
    238, 240, 241, 242, 239, 238, 242, 238, 240, 241, 239, 238, 242, 238,
    241, 239, 242, 239, 240, 238, 238, 240, 240, 239, 240, 241, 239, 240,
    239, 240, 238, 238, 242, 239, 239, 241, 239, 239, 242, 239, 242, 240,
    239, 242, 242, 242, 241, 240, 239, 238, 240, 241, 241, 238, 239, 240,
    239, 238, 240, 238, 241, 240, 242 ]
RHandPositionsX: [ 134, 139, 144, 143, 144, 144, 142, 141, 138, 133, 132,
    139, 144, 148, 147, 151, 147, 143, 141, 139, 135, 133, 137, 143, 147,
    152, 149, 148, 144, 143, 139, 137, 136, 139, 142, 145, 148, 154, 150,
    148, 140, 135, 136, 134, 135, 140, 146, 149, 152, 149, 148, 142, 137,
    134, 132, 133, 139, 147, 156, 162, 171, 176, 177, 179, 182, 185, 185,
    185, 188, 189, 189, 189, 189, 190, 187, 187, 186, 187, 185, 187, 189,
    188, 188, 186, 189, 187, 189, 188 ]
RHandPositionsY: [ 80, 89, 86, 90, 90, 87, 83, 83, 80, 83, 83, 86, 88,
    90, 89, 93, 90, 84, 85, 84, 86, 83, 81, 86, 89, 90, 92, 91, 89, 86,
    86, 85, 83, 86, 84, 90, 93, 92, 92, 91, 85, 87, 86, 87, 85, 91, 95,
    96, 100, 98, 98, 96, 94, 92, 94, 90, 96, 104, 117, 129, 140, 151,
    154, 152, 159, 171, 177, 188, 201, 211, 216, 216, 221, 226, 228, 224,
    225, 228, 231, 230, 227, 229, 228, 231, 230, 227, 228, 230 ]
