%YAML:1.0
---
videoName: "RHShake07.mp4"
gestureLabel: 2
fps: 29
pixelSizeInCmTemp: 3.2364864864864862e-01
faceCenterPointX: 292
faceCenterPointY: 44
LHandPositionsX: [ 310, 308, 309, 310, 306, 307, 308, 308, 308, 305, 311,
    312, 309, 312, 312, 314, 311, 310, 312, 314, 314, 312, 313, 312, 314,
    313, 313, 310, 310, 314, 311, 314, 316, 313, 314, 314, 313, 314, 314,
    315, 313, 313, 315, 314, 314, 313, 314, 312, 312, 315, 312, 312, 315,
    315, 315, 314, 316, 313, 314, 314, 312, 313, 316, 315, 313, 314, 316,
    315, 316, 314, 314, 315, 315, 313, 317, 317, 314, 317, 312, 313, 311,
    309, 312, 310, 312, 311, 308, 311 ]
LHandPositionsY: [ 270, 267, 268, 270, 268, 267, 270, 270, 270, 272, 272,
    269, 269, 272, 272, 270, 267, 268, 268, 269, 269, 269, 271, 269, 271,
    267, 268, 268, 267, 268, 269, 270, 271, 269, 267, 269, 269, 271, 267,
    267, 267, 269, 267, 271, 269, 268, 270, 267, 271, 270, 270, 271, 271,
    269, 268, 270, 268, 268, 271, 268, 267, 270, 268, 268, 268, 270, 270,
    271, 267, 271, 271, 269, 269, 269, 266, 269, 266, 268, 269, 271, 272,
    270, 273, 272, 272, 272, 273, 272 ]
RHandPositionsX: [ 263, 267, 268, 264, 264, 264, 266, 268, 265, 268, 265,
    265, 256, 236, 217, 196, 179, 163, 151, 153, 157, 155, 155, 162, 165,
    180, 190, 184, 177, 172, 165, 168, 180, 183, 186, 185, 183, 176, 169,
    170, 174, 172, 179, 185, 186, 181, 175, 172, 165, 163, 165, 185, 187,
    200, 196, 187, 183, 176, 169, 171, 164, 167, 172, 174, 172, 182, 178,
    177, 174, 169, 160, 170, 180, 196, 215, 232, 241, 260, 273, 278, 271,
    271, 271, 264, 262, 264, 265, 265 ]
RHandPositionsY: [ 254, 254, 253, 253, 251, 252, 255, 255, 255, 256, 251,
    242, 232, 216, 204, 186, 166, 156, 132, 132, 128, 115, 119, 126, 128,
    116, 105, 101, 91, 92, 86, 90, 106, 102, 103, 100, 95, 92, 94, 91,
    90, 94, 97, 96, 96, 98, 94, 90, 90, 86, 86, 88, 95, 102, 98, 97, 93,
    92, 92, 89, 87, 88, 94, 91, 93, 95, 86, 87, 90, 90, 95, 119, 138,
    149, 166, 184, 204, 228, 235, 245, 243, 246, 253, 253, 254, 253, 253,
    255 ]
