%YAML:1.0
---
videoName: "RHShake00.mp4"
gestureLabel: 2
fps: 29
pixelSizeInCmTemp: 3.4710144927536229e-01
faceCenterPointX: 283
faceCenterPointY: 97
LHandPositionsX: [ 344, 345, 345, 344, 345, 345, 342, 345, 346, 343, 346,
    345, 344, 345, 342, 345, 342, 346, 344, 346, 345, 342, 343, 342, 342,
    345, 342, 345, 343, 342, 343, 342, 344, 344, 343, 344, 342, 346, 343,
    343, 344, 345, 344, 342, 346, 342, 346, 342, 343, 343, 343, 345, 343,
    344, 346, 342, 343, 343, 345, 343, 343, 342, 345, 345, 346, 342, 346,
    346, 345, 346, 344, 343, 342, 342, 346, 343, 345, 342, 343, 344, 344,
    342, 342, 345, 342, 346, 344, 346 ]
LHandPositionsY: [ 276, 274, 273, 272, 274, 275, 273, 276, 275, 273, 273,
    273, 273, 273, 274, 273, 274, 272, 273, 276, 273, 273, 272, 275, 274,
    276, 274, 272, 272, 272, 276, 275, 275, 275, 274, 274, 274, 275, 274,
    273, 274, 274, 273, 272, 273, 273, 276, 274, 273, 274, 275, 276, 272,
    275, 276, 274, 275, 275, 272, 275, 274, 276, 275, 274, 274, 274, 274,
    273, 274, 276, 275, 272, 274, 273, 276, 276, 273, 276, 272, 276, 272,
    276, 273, 276, 276, 273, 274, 274 ]
RHandPositionsX: [ 180, 174, 167, 155, 151, 144, 148, 145, 142, 141, 144,
    147, 150, 169, 168, 164, 171, 167, 166, 159, 152, 152, 146, 151, 155,
    162, 167, 168, 166, 162, 158, 152, 148, 148, 152, 157, 165, 164, 163,
    163, 163, 157, 149, 142, 138, 144, 147, 153, 155, 153, 158, 163, 159,
    152, 144, 146, 142, 147, 157, 161, 160, 162, 168, 163, 155, 149, 148,
    142, 144, 145, 151, 153, 156, 158, 162, 165, 168, 172, 176, 178, 184,
    187, 188, 193, 193, 194, 197, 198 ]
RHandPositionsY: [ 259, 250, 242, 218, 203, 186, 176, 166, 162, 148, 142,
    134, 130, 133, 137, 138, 134, 133, 127, 125, 124, 123, 121, 121, 127,
    134, 136, 132, 135, 133, 125, 125, 125, 125, 132, 136, 138, 140, 140,
    137, 139, 137, 132, 133, 128, 133, 134, 135, 136, 140, 138, 139, 132,
    131, 128, 130, 134, 131, 141, 147, 145, 143, 146, 147, 140, 137, 139,
    139, 142, 147, 155, 164, 166, 175, 181, 188, 196, 207, 212, 223, 231,
    235, 241, 250, 253, 260, 261, 264 ]
