%YAML:1.0
---
videoName: "RHShake23.mp4"
gestureLabel: 2
fps: 29
pixelSizeInCmTemp: 3.3263888888888887e-01
faceCenterPointX: 298
faceCenterPointY: 49
LHandPositionsX: [ 389, 387, 387, 390, 390, 389, 390, 390, 389, 390, 388,
    387, 389, 387, 390, 388, 387, 389, 391, 388, 389, 390, 387, 389, 390,
    388, 387, 388, 388, 389, 389, 390, 390, 388, 387, 391, 390, 391, 389,
    391, 387, 387, 391, 390, 391, 391, 391, 388, 388, 390, 391, 387, 388,
    387, 389, 390, 388, 388, 389, 387, 388, 387, 389, 389, 391, 390, 387,
    390, 387, 388, 391, 390, 388, 391, 389, 389, 389, 391, 391, 389, 389,
    390, 390, 387, 388, 388, 388, 388 ]
LHandPositionsY: [ 228, 228, 226, 224, 226, 225, 227, 227, 228, 225, 227,
    224, 225, 226, 228, 224, 227, 226, 225, 228, 227, 226, 224, 224, 225,
    228, 227, 225, 228, 227, 225, 228, 226, 224, 224, 224, 226, 224, 226,
    227, 226, 226, 228, 227, 226, 225, 225, 226, 224, 227, 227, 225, 225,
    226, 225, 226, 228, 227, 226, 227, 227, 225, 225, 225, 228, 224, 225,
    228, 226, 227, 224, 224, 228, 226, 225, 227, 228, 227, 226, 224, 228,
    226, 225, 227, 225, 226, 225, 225 ]
RHandPositionsX: [ 171, 168, 175, 190, 191, 188, 192, 188, 179, 178, 174,
    174, 174, 181, 188, 195, 198, 197, 200, 193, 185, 181, 178, 174, 171,
    171, 171, 179, 190, 201, 199, 202, 202, 194, 191, 187, 185, 178, 178,
    183, 187, 198, 202, 201, 207, 203, 200, 191, 183, 181, 177, 176, 182,
    186, 195, 202, 203, 210, 210, 212, 210, 210, 210, 211, 212, 206, 208,
    207, 204, 206, 204, 202, 202, 203, 201, 201, 201, 201, 200, 201, 199,
    200, 202, 202, 200, 201, 198, 201 ]
RHandPositionsY: [ 96, 95, 101, 113, 117, 113, 119, 110, 101, 102, 99,
    99, 99, 104, 111, 123, 123, 125, 123, 109, 104, 103, 99, 99, 96, 97,
    96, 98, 118, 121, 121, 123, 124, 109, 108, 103, 105, 103, 101, 101,
    116, 123, 120, 121, 128, 125, 125, 107, 105, 104, 102, 104, 103, 119,
    126, 136, 142, 150, 149, 152, 161, 166, 175, 180, 191, 200, 207, 217,
    214, 217, 217, 221, 219, 221, 226, 227, 227, 225, 224, 227, 227, 224,
    227, 227, 227, 224, 226, 228 ]
