%YAML:1.0
---
videoName: "RHShake18.mp4"
gestureLabel: 2
fps: 30
pixelSizeInCmTemp: 3.3732394366197183e-01
faceCenterPointX: 275
faceCenterPointY: 40
LHandPositionsX: [ 379, 376, 375, 377, 378, 375, 379, 375, 375, 379, 375,
    375, 377, 378, 377, 378, 379, 377, 375, 375, 377, 379, 378, 378, 378,
    379, 377, 377, 376, 377, 376, 378, 376, 375, 375, 375, 377, 378, 378,
    379, 375, 375, 375, 378, 376, 376, 375, 374, 373, 372, 373, 371, 366,
    357, 354, 349, 336, 334, 324, 318, 301, 299, 302, 299, 298, 288, 290,
    288, 292, 296, 292, 290, 290, 293, 292, 289, 292, 291, 291, 290, 291,
    287, 290, 286, 287, 285, 289, 289, 285, 286, 289 ]
LHandPositionsY: [ 232, 232, 232, 230, 233, 230, 230, 233, 229, 229, 230,
    229, 233, 231, 232, 229, 229, 229, 233, 233, 230, 230, 232, 232, 232,
    231, 229, 233, 230, 233, 229, 233, 232, 233, 229, 231, 231, 232, 231,
    232, 233, 231, 232, 232, 229, 229, 230, 233, 229, 227, 233, 236, 236,
    239, 236, 235, 231, 232, 230, 228, 232, 230, 230, 233, 231, 234, 234,
    237, 238, 241, 241, 240, 243, 242, 243, 241, 241, 241, 241, 239, 239,
    239, 239, 240, 242, 241, 242, 242, 243, 241, 242 ]
RHandPositionsX: [ 157, 155, 150, 149, 149, 151, 152, 159, 162, 166, 167,
    163, 156, 155, 151, 148, 157, 162, 169, 168, 171, 164, 161, 159, 157,
    155, 156, 165, 165, 169, 165, 161, 157, 158, 156, 162, 172, 175, 171,
    171, 162, 157, 158, 158, 159, 167, 171, 180, 188, 200, 206, 222, 231,
    242, 254, 263, 269, 256, 252, 247, 246, 241, 238, 239, 239, 236, 236,
    234, 236, 235, 241, 239, 240, 237, 238, 240, 238, 239, 237, 237, 240,
    238, 240, 237, 240, 236, 238, 236, 240, 240, 238 ]
RHandPositionsY: [ 71, 72, 67, 68, 68, 68, 67, 71, 74, 75, 69, 67, 69,
    67, 66, 69, 68, 69, 72, 74, 70, 71, 67, 70, 67, 71, 73, 74, 79, 77,
    76, 74, 72, 71, 74, 80, 93, 90, 91, 89, 88, 88, 87, 85, 83, 86, 98,
    102, 112, 122, 133, 141, 154, 161, 175, 180, 191, 195, 194, 199, 202,
    207, 209, 213, 215, 216, 220, 220, 220, 223, 230, 226, 224, 227, 227,
    228, 228, 228, 226, 225, 224, 224, 226, 225, 227, 225, 224, 227, 225,
    228, 224 ]
