%YAML:1.0
---
videoName: "RHShake01.mp4"
gestureLabel: 2
fps: 29
pixelSizeInCmTemp: 3.1513157894736843e-01
faceCenterPointX: 292
faceCenterPointY: 51
LHandPositionsX: [ 394, 394, 392, 396, 393, 394, 393, 394, 396, 393, 394,
    396, 394, 394, 393, 391, 395, 392, 395, 395, 392, 395, 394, 393, 395,
    393, 395, 393, 392, 394, 393, 394, 395, 395, 391, 391, 392, 395, 394,
    391, 391, 391, 393, 395, 395, 395, 394, 391, 394, 393, 392, 391, 395,
    391, 391, 393, 391, 392, 392, 391, 395, 392, 394, 391, 394, 391, 393,
    394, 395, 391, 391, 394, 392, 394, 393, 395, 395, 392, 392, 394, 395,
    395, 392, 392, 394, 393, 394, 391 ]
LHandPositionsY: [ 253, 254, 256, 256, 256, 257, 257, 255, 256, 257, 257,
    254, 256, 253, 254, 257, 255, 255, 254, 253, 254, 257, 255, 256, 253,
    255, 256, 255, 256, 256, 255, 254, 253, 253, 256, 256, 255, 256, 257,
    257, 257, 256, 253, 256, 255, 256, 254, 253, 257, 253, 254, 257, 256,
    257, 253, 257, 256, 253, 255, 256, 255, 257, 253, 253, 256, 255, 257,
    257, 257, 254, 256, 253, 253, 257, 255, 257, 256, 253, 253, 254, 257,
    256, 256, 257, 255, 257, 255, 256 ]
RHandPositionsX: [ 168, 167, 169, 170, 167, 167, 167, 169, 170, 171, 168,
    168, 167, 169, 167, 168, 171, 171, 167, 167, 170, 169, 172, 169, 169,
    169, 169, 176, 176, 167, 163, 160, 158, 151, 156, 160, 170, 181, 190,
    190, 191, 186, 181, 178, 175, 176, 174, 189, 193, 194, 189, 191, 184,
    180, 178, 180, 178, 182, 187, 193, 191, 195, 196, 186, 181, 178, 175,
    182, 189, 190, 196, 198, 196, 196, 195, 187, 186, 188, 189, 181, 176,
    177, 175, 173, 175, 173, 172, 176 ]
RHandPositionsY: [ 276, 276, 278, 277, 277, 279, 278, 277, 280, 276, 279,
    276, 279, 276, 277, 278, 280, 280, 276, 279, 277, 277, 277, 276, 276,
    275, 266, 245, 228, 206, 188, 170, 149, 132, 130, 118, 109, 109, 110,
    111, 105, 103, 101, 97, 100, 96, 100, 97, 100, 101, 97, 93, 97, 95,
    95, 91, 95, 99, 99, 104, 99, 101, 98, 99, 99, 96, 98, 99, 101, 107,
    111, 121, 136, 147, 160, 179, 192, 205, 203, 212, 220, 226, 233, 240,
    244, 242, 246, 248 ]
