%YAML:1.0
---
videoName: "RHShake06.mp4"
gestureLabel: 2
fps: 30
pixelSizeInCmTemp: 3.2808219178082193e-01
faceCenterPointX: 293
faceCenterPointY: 43
LHandPositionsX: [ 307, 306, 308, 307, 308, 308, 310, 306, 308, 310, 306,
    306, 308, 308, 306, 310, 311, 314, 313, 315, 318, 322, 323, 319, 320,
    319, 323, 319, 323, 322, 319, 321, 322, 326, 326, 322, 326, 324, 325,
    324, 322, 324, 324, 324, 323, 322, 324, 324, 324, 326, 326, 323, 323,
    322, 322, 326, 323, 323, 323, 325, 324, 326, 325, 322, 322, 325, 323,
    322, 324, 322, 325, 322, 323, 323, 324, 323, 322, 322, 324, 322, 322,
    326, 322, 318, 318, 317, 314, 311, 312, 311, 310 ]
LHandPositionsY: [ 266, 266, 269, 270, 267, 266, 266, 268, 268, 268, 268,
    269, 267, 268, 268, 269, 267, 268, 267, 266, 262, 260, 264, 263, 259,
    259, 260, 260, 258, 262, 258, 259, 258, 258, 260, 262, 261, 261, 261,
    259, 259, 262, 262, 262, 261, 259, 259, 258, 258, 262, 261, 258, 261,
    261, 261, 262, 258, 262, 258, 261, 260, 262, 260, 260, 261, 259, 262,
    260, 258, 260, 259, 258, 260, 262, 260, 262, 258, 260, 259, 260, 260,
    259, 260, 261, 262, 265, 265, 266, 266, 262, 265 ]
RHandPositionsX: [ 288, 285, 287, 286, 284, 284, 285, 288, 288, 284, 285,
    285, 288, 287, 286, 286, 285, 287, 277, 265, 246, 226, 204, 179, 158,
    144, 140, 135, 140, 138, 145, 148, 164, 165, 165, 163, 164, 163, 161,
    155, 161, 172, 184, 191, 190, 187, 179, 174, 167, 171, 166, 167, 175,
    183, 182, 185, 181, 186, 180, 169, 168, 164, 164, 182, 178, 180, 176,
    173, 163, 162, 165, 165, 173, 182, 194, 191, 210, 222, 230, 240, 246,
    255, 251, 249, 246, 255, 253, 254, 256, 252, 253 ]
RHandPositionsY: [ 267, 266, 267, 267, 267, 270, 270, 268, 266, 267, 266,
    267, 267, 266, 269, 270, 269, 267, 264, 258, 248, 236, 215, 200, 178,
    158, 135, 125, 111, 103, 115, 119, 131, 119, 111, 102, 100, 89, 89,
    93, 90, 92, 96, 98, 96, 94, 95, 89, 88, 89, 85, 90, 92, 101, 101,
    101, 95, 102, 95, 95, 91, 88, 94, 99, 100, 103, 103, 101, 103, 108,
    117, 128, 148, 160, 175, 180, 194, 203, 213, 223, 232, 237, 237, 238,
    236, 242, 242, 242, 242, 244, 242 ]
