%YAML:1.0
---
videoName: "RHShake18.mp4"
gestureLabel: 2
fps: 30
pixelSizeInCmTemp: 3.3732394366197183e-01
faceCenterPointX: 275
faceCenterPointY: 40
LHandPositionsX: [ 379, 376, 375, 377, 376, 376, 376, 379, 375, 375, 376,
    375, 375, 375, 379, 376, 377, 376, 375, 378, 376, 377, 378, 375, 376,
    376, 375, 379, 375, 377, 375, 379, 378, 376, 376, 377, 379, 378, 377,
    376, 377, 377, 375, 378, 376, 375, 378, 376, 375, 373, 374, 372, 367,
    359, 354, 350, 336, 333, 324, 317, 302, 298, 298, 298, 296, 287, 291,
    289, 294, 297, 291, 292, 291, 291, 292, 293, 291, 288, 291, 288, 289,
    287, 286, 288, 288, 286, 287, 289, 289, 285, 285 ]
LHandPositionsY: [ 230, 233, 229, 231, 232, 233, 232, 229, 231, 231, 232,
    233, 233, 231, 231, 229, 231, 232, 230, 229, 233, 232, 233, 230, 233,
    232, 232, 230, 232, 231, 233, 230, 230, 232, 231, 229, 229, 232, 230,
    230, 233, 230, 230, 231, 232, 231, 233, 229, 231, 230, 233, 236, 237,
    236, 234, 235, 235, 232, 230, 228, 229, 233, 232, 232, 231, 236, 234,
    239, 237, 240, 241, 240, 242, 240, 242, 240, 242, 239, 239, 239, 240,
    243, 240, 242, 240, 241, 243, 241, 243, 242, 240 ]
RHandPositionsX: [ 159, 153, 154, 147, 148, 151, 151, 161, 161, 166, 166,
    164, 157, 151, 153, 147, 156, 162, 168, 168, 170, 165, 159, 158, 156,
    155, 156, 161, 165, 165, 162, 160, 157, 158, 155, 160, 174, 173, 173,
    168, 165, 158, 156, 156, 158, 168, 170, 179, 191, 197, 210, 218, 234,
    245, 252, 263, 269, 257, 253, 247, 244, 244, 240, 237, 236, 236, 237,
    233, 233, 237, 239, 241, 236, 236, 239, 236, 239, 240, 238, 237, 236,
    237, 239, 238, 240, 238, 236, 239, 240, 240, 236 ]
RHandPositionsY: [ 74, 72, 71, 68, 67, 66, 69, 69, 74, 74, 71, 70, 68,
    66, 67, 68, 71, 73, 69, 73, 74, 70, 70, 70, 66, 68, 72, 77, 76, 75,
    75, 76, 73, 74, 77, 80, 94, 91, 93, 89, 87, 86, 83, 83, 83, 90, 99,
    104, 110, 121, 132, 141, 152, 162, 172, 184, 189, 193, 194, 201, 204,
    205, 210, 211, 211, 216, 220, 220, 222, 227, 226, 228, 225, 226, 227,
    227, 228, 227, 226, 228, 228, 225, 224, 228, 227, 227, 225, 226, 225,
    224, 224 ]
