%YAML:1.0
---
videoName: "RHShake21.mp4"
gestureLabel: 2
fps: 29
pixelSizeInCmTemp: 3.3732394366197183e-01
faceCenterPointX: 293
faceCenterPointY: 47
LHandPositionsX: [ 398, 397, 398, 394, 397, 397, 394, 394, 398, 397, 394,
    396, 397, 396, 396, 394, 395, 398, 394, 397, 397, 394, 395, 398, 394,
    397, 395, 397, 396, 394, 394, 394, 394, 398, 394, 395, 397, 397, 395,
    397, 394, 398, 394, 394, 394, 396, 395, 394, 394, 395, 395, 394, 396,
    397, 396, 398, 394, 396, 396, 395, 394, 397, 395, 396, 397, 396, 395,
    395, 398, 396, 396, 397, 398, 398, 396, 398, 394, 394, 398, 397, 397,
    396, 396, 395, 394, 396, 395, 398 ]
LHandPositionsY: [ 239, 241, 238, 239, 241, 242, 240, 240, 239, 239, 242,
    242, 239, 241, 241, 241, 239, 240, 239, 242, 242, 238, 240, 240, 242,
    242, 242, 238, 239, 239, 240, 238, 239, 242, 240, 240, 239, 239, 242,
    241, 238, 239, 240, 240, 240, 241, 241, 238, 238, 242, 240, 241, 240,
    241, 239, 239, 240, 239, 241, 238, 239, 241, 238, 242, 242, 239, 242,
    239, 239, 239, 241, 242, 240, 242, 239, 241, 242, 238, 238, 239, 242,
    240, 240, 240, 240, 242, 239, 242 ]
RHandPositionsX: [ 134, 142, 142, 146, 145, 148, 145, 141, 139, 136, 133,
    139, 143, 149, 148, 150, 149, 144, 140, 136, 137, 137, 139, 146, 149,
    151, 150, 148, 147, 143, 140, 138, 138, 141, 141, 147, 151, 151, 152,
    144, 144, 135, 136, 134, 135, 138, 145, 148, 151, 151, 147, 141, 138,
    135, 131, 135, 141, 145, 153, 162, 171, 177, 177, 179, 184, 184, 186,
    187, 186, 189, 189, 187, 186, 187, 189, 189, 188, 188, 188, 185, 187,
    189, 189, 185, 185, 186, 186, 189 ]
RHandPositionsY: [ 81, 85, 90, 88, 88, 87, 81, 81, 84, 80, 81, 86, 91,
    88, 91, 92, 92, 85, 84, 84, 85, 82, 82, 86, 89, 92, 90, 91, 89, 88,
    84, 85, 84, 85, 88, 88, 91, 94, 95, 88, 89, 87, 87, 87, 86, 90, 95,
    95, 96, 97, 94, 94, 93, 94, 93, 90, 94, 104, 114, 126, 137, 151, 153,
    149, 162, 167, 181, 189, 202, 208, 216, 212, 219, 225, 224, 225, 229,
    228, 232, 227, 228, 228, 228, 230, 229, 229, 227, 231 ]
