%YAML:1.0
---
videoName: "RHShake19.mp4"
gestureLabel: 2
fps: 29
pixelSizeInCmTemp: 3.2808219178082193e-01
faceCenterPointX: 283
faceCenterPointY: 48
LHandPositionsX: [ 391, 388, 392, 390, 388, 391, 390, 389, 388, 389, 391,
    389, 391, 390, 392, 390, 392, 390, 392, 390, 388, 391, 390, 389, 391,
    388, 389, 389, 390, 388, 391, 389, 389, 388, 389, 389, 391, 390, 388,
    392, 392, 389, 389, 388, 392, 392, 391, 392, 389, 392, 391, 389, 388,
    388, 389, 389, 389, 389, 390, 388, 392, 391, 389, 391, 390, 391, 391,
    389, 389, 392, 391, 392, 391, 390, 388, 389, 392, 392, 391, 391, 388,
    390, 388, 389, 389, 391, 388, 390 ]
LHandPositionsY: [ 242, 242, 240, 244, 240, 244, 241, 240, 240, 242, 242,
    241, 240, 242, 240, 243, 242, 242, 240, 240, 242, 241, 240, 242, 240,
    240, 240, 242, 243, 242, 243, 240, 241, 242, 241, 244, 243, 244, 242,
    243, 240, 243, 243, 241, 241, 243, 240, 242, 242, 243, 243, 244, 241,
    243, 242, 244, 244, 241, 240, 242, 243, 244, 241, 243, 243, 241, 240,
    240, 244, 241, 242, 242, 240, 242, 244, 240, 242, 242, 242, 241, 243,
    243, 242, 242, 244, 241, 242, 243 ]
RHandPositionsX: [ 156, 171, 180, 182, 188, 184, 174, 170, 166, 164, 160,
    162, 168, 180, 182, 182, 186, 179, 176, 168, 166, 160, 159, 167, 168,
    175, 172, 173, 172, 164, 160, 160, 161, 164, 171, 178, 178, 178, 178,
    171, 169, 161, 162, 160, 165, 166, 176, 181, 178, 183, 177, 173, 169,
    170, 169, 171, 169, 181, 182, 181, 179, 179, 175, 171, 167, 168, 173,
    173, 179, 185, 188, 190, 189, 188, 186, 185, 186, 180, 179, 182, 181,
    179, 179, 182, 178, 180, 179, 179 ]
RHandPositionsY: [ 90, 93, 95, 94, 92, 92, 85, 83, 76, 77, 77, 73, 78,
    83, 92, 88, 90, 84, 79, 78, 79, 77, 77, 75, 84, 88, 90, 92, 90, 85,
    86, 85, 82, 84, 88, 90, 94, 97, 96, 90, 88, 88, 84, 84, 81, 87, 91,
    97, 101, 102, 102, 94, 95, 95, 95, 97, 99, 103, 105, 109, 104, 102,
    101, 99, 102, 101, 113, 124, 140, 152, 162, 176, 187, 193, 201, 211,
    217, 226, 231, 239, 238, 238, 238, 243, 243, 239, 239, 241 ]
