%YAML:1.0
---
videoName: "RHShake08.mp4"
gestureLabel: 2
fps: 29
pixelSizeInCmTemp: 3.2808219178082193e-01
faceCenterPointX: 290
faceCenterPointY: 45
LHandPositionsX: [ 313, 317, 315, 317, 317, 315, 316, 314, 315, 311, 311,
    312, 313, 309, 307, 308, 307, 309, 307, 310, 310, 307, 309, 310, 306,
    308, 309, 310, 306, 306, 308, 306, 308, 310, 307, 310, 309, 308, 309,
    309, 310, 307, 310, 305, 308, 310, 308, 308, 309, 307, 308, 306, 307,
    308, 309, 306, 305, 306, 309, 306, 309, 307, 309, 308, 306, 308, 308,
    307, 305, 307, 307, 309, 308, 307, 309, 306, 309, 309, 305, 309, 308,
    308, 308, 306, 309, 309, 309, 310 ]
LHandPositionsY: [ 280, 278, 281, 283, 283, 281, 284, 283, 283, 285, 283,
    285, 282, 283, 282, 285, 283, 281, 282, 281, 284, 282, 281, 284, 284,
    282, 285, 285, 284, 281, 284, 282, 282, 284, 285, 281, 284, 281, 284,
    283, 281, 283, 281, 281, 282, 281, 280, 280, 284, 284, 282, 281, 280,
    281, 281, 281, 281, 280, 283, 283, 283, 280, 280, 281, 280, 281, 284,
    284, 282, 282, 280, 284, 280, 281, 282, 283, 281, 280, 281, 284, 283,
    284, 281, 282, 284, 283, 282, 283 ]
RHandPositionsX: [ 270, 268, 271, 272, 272, 271, 273, 277, 267, 259, 259,
    258, 248, 238, 220, 203, 185, 162, 156, 161, 167, 172, 200, 200, 207,
    200, 196, 189, 184, 179, 188, 189, 205, 202, 196, 192, 184, 182, 177,
    179, 190, 192, 186, 185, 181, 178, 173, 171, 174, 183, 186, 186, 193,
    186, 192, 191, 190, 200, 206, 216, 211, 208, 202, 197, 199, 197, 202,
    207, 216, 214, 214, 214, 225, 231, 242, 249, 249, 261, 260, 266, 265,
    267, 267, 271, 276, 275, 273, 269 ]
RHandPositionsY: [ 268, 266, 266, 269, 270, 270, 268, 266, 268, 264, 252,
    242, 231, 217, 203, 182, 171, 154, 129, 128, 116, 109, 105, 107, 109,
    102, 101, 94, 92, 91, 92, 91, 97, 93, 94, 91, 89, 86, 88, 89, 93, 92,
    91, 93, 88, 85, 86, 87, 88, 96, 97, 95, 98, 95, 93, 91, 93, 95, 97,
    94, 100, 100, 93, 94, 95, 93, 97, 98, 105, 108, 113, 123, 133, 143,
    160, 175, 193, 217, 228, 246, 259, 262, 259, 260, 264, 265, 266, 264 ]
