%YAML:1.0
---
videoName: "RHShake06.mp4"
gestureLabel: 2
fps: 30
pixelSizeInCmTemp: 3.2808219178082193e-01
faceCenterPointX: 293
faceCenterPointY: 43
LHandPositionsX: [ 310, 308, 310, 309, 306, 310, 307, 309, 306, 307, 306,
    307, 306, 309, 309, 308, 311, 310, 314, 317, 317, 323, 320, 323, 321,
    322, 321, 321, 323, 320, 319, 323, 326, 326, 322, 325, 323, 326, 324,
    322, 325, 325, 324, 326, 324, 323, 322, 326, 324, 322, 322, 324, 325,
    326, 322, 323, 324, 325, 323, 322, 324, 322, 324, 323, 324, 325, 324,
    324, 322, 322, 322, 324, 322, 322, 326, 325, 323, 325, 325, 324, 322,
    323, 325, 321, 314, 313, 311, 311, 309, 312, 310 ]
LHandPositionsY: [ 268, 266, 270, 268, 269, 270, 267, 268, 269, 267, 266,
    268, 270, 268, 270, 270, 267, 271, 267, 265, 261, 261, 263, 263, 261,
    262, 259, 260, 259, 261, 258, 260, 260, 259, 260, 259, 259, 258, 262,
    260, 260, 261, 259, 258, 258, 259, 261, 262, 261, 259, 258, 259, 260,
    261, 258, 259, 260, 258, 262, 262, 260, 261, 259, 261, 259, 259, 261,
    258, 259, 262, 261, 260, 259, 260, 261, 261, 258, 259, 259, 262, 262,
    260, 262, 260, 263, 265, 264, 267, 264, 265, 263 ]
RHandPositionsX: [ 286, 286, 284, 287, 284, 285, 286, 288, 285, 285, 285,
    285, 288, 287, 286, 286, 287, 285, 277, 265, 246, 226, 204, 181, 159,
    148, 136, 132, 141, 139, 145, 145, 161, 164, 163, 160, 161, 163, 161,
    159, 161, 169, 184, 190, 188, 183, 179, 174, 168, 172, 167, 168, 174,
    180, 181, 183, 182, 187, 177, 172, 168, 166, 167, 182, 178, 180, 177,
    170, 164, 163, 165, 168, 173, 183, 193, 192, 207, 224, 232, 240, 250,
    254, 253, 246, 248, 252, 256, 250, 256, 253, 255 ]
RHandPositionsY: [ 266, 267, 266, 269, 266, 268, 266, 268, 268, 267, 270,
    269, 266, 270, 268, 267, 270, 267, 265, 262, 249, 235, 219, 200, 181,
    159, 138, 121, 113, 106, 115, 118, 131, 118, 111, 104, 99, 91, 89,
    89, 91, 96, 96, 98, 98, 97, 95, 91, 86, 90, 87, 90, 95, 100, 102,
    100, 98, 101, 98, 96, 91, 90, 92, 103, 103, 102, 103, 100, 106, 107,
    115, 128, 145, 162, 178, 183, 195, 203, 216, 224, 233, 238, 237, 236,
    240, 242, 240, 242, 242, 245, 242 ]
