%YAML:1.0
---
videoName: "RHShake15.mp4"
gestureLabel: 2
fps: 29
pixelSizeInCmTemp: 3.2808219178082193e-01
faceCenterPointX: 279
faceCenterPointY: 41
LHandPositionsX: [ 372, 372, 371, 370, 368, 369, 372, 371, 370, 372, 368,
    369, 368, 371, 371, 368, 371, 369, 371, 370, 370, 372, 368, 371, 369,
    368, 368, 370, 372, 372, 371, 368, 369, 368, 368, 368, 368, 368, 368,
    369, 370, 368, 368, 371, 369, 372, 368, 371, 368, 370, 368, 372, 372,
    369, 368, 368, 368, 369, 369, 370, 372, 371, 370, 370, 368, 371, 372,
    372, 369, 371, 368, 370, 370, 371, 371, 372, 370, 370, 368, 370, 370,
    369, 369, 372, 371, 368, 370, 368 ]
LHandPositionsY: [ 232, 235, 234, 233, 235, 235, 235, 232, 232, 235, 232,
    233, 235, 232, 234, 234, 232, 235, 232, 232, 236, 233, 234, 233, 233,
    232, 233, 236, 236, 236, 232, 233, 236, 235, 235, 233, 232, 234, 232,
    232, 234, 236, 235, 232, 232, 232, 235, 233, 235, 231, 233, 235, 231,
    235, 235, 231, 231, 235, 233, 232, 235, 235, 233, 231, 233, 231, 235,
    232, 234, 231, 232, 235, 231, 235, 234, 234, 233, 232, 235, 234, 234,
    233, 235, 235, 232, 231, 235, 232 ]
RHandPositionsX: [ 137, 126, 112, 111, 109, 109, 110, 103, 109, 109, 113,
    116, 116, 110, 107, 110, 111, 108, 106, 110, 115, 116, 116, 111, 110,
    109, 109, 109, 107, 109, 114, 119, 115, 113, 111, 111, 110, 109, 113,
    115, 112, 109, 114, 117, 122, 121, 120, 125, 124, 119, 116, 124, 123,
    126, 124, 124, 125, 126, 121, 120, 121, 125, 129, 135, 137, 141, 139,
    139, 141, 140, 143, 147, 149, 152, 156, 156, 158, 156, 158, 162, 160,
    159, 159, 160, 157, 157, 158, 159 ]
RHandPositionsY: [ 189, 171, 154, 143, 145, 138, 134, 129, 119, 113, 111,
    105, 105, 100, 97, 95, 96, 92, 95, 92, 96, 90, 91, 91, 91, 93, 94,
    92, 92, 98, 97, 106, 102, 105, 102, 102, 104, 105, 101, 104, 105,
    108, 112, 111, 108, 108, 102, 106, 105, 105, 105, 108, 110, 115, 116,
    115, 112, 109, 108, 112, 113, 121, 128, 134, 151, 165, 170, 180, 191,
    200, 207, 218, 228, 235, 238, 240, 244, 248, 245, 247, 248, 247, 245,
    246, 247, 247, 245, 248 ]
