%YAML:1.0
---
videoName: "RHShake13.mp4"
gestureLabel: 2
fps: 30
pixelSizeInCmTemp: 3.2808219178082193e-01
faceCenterPointX: 278
faceCenterPointY: 45
LHandPositionsX: [ 308, 307, 308, 309, 309, 309, 309, 308, 309, 305, 307,
    305, 307, 309, 305, 309, 309, 307, 309, 306, 307, 306, 309, 307, 309,
    308, 308, 307, 309, 308, 306, 307, 309, 309, 308, 308, 305, 308, 309,
    307, 309, 308, 307, 306, 305, 309, 308, 305, 305, 309, 308, 307, 309,
    307, 307, 309, 308, 306, 305, 307, 308, 306, 305, 307, 305, 306, 305,
    306, 307, 306, 307, 308, 310, 310, 310, 309, 310, 308, 306, 305, 304,
    302, 304, 306, 307, 306, 306, 307, 303, 307, 305 ]
LHandPositionsY: [ 245, 244, 243, 242, 244, 242, 241, 244, 241, 242, 245,
    241, 245, 240, 244, 241, 244, 239, 243, 239, 240, 243, 242, 242, 242,
    243, 241, 239, 240, 240, 241, 240, 239, 240, 241, 243, 240, 239, 238,
    242, 242, 239, 242, 240, 241, 239, 242, 242, 240, 238, 240, 242, 238,
    241, 240, 240, 241, 239, 240, 242, 242, 238, 240, 242, 239, 240, 241,
    239, 241, 240, 237, 239, 239, 236, 236, 236, 236, 234, 235, 234, 232,
    231, 236, 240, 241, 243, 241, 246, 247, 245, 247 ]
RHandPositionsX: [ 168, 149, 136, 140, 140, 143, 145, 143, 144, 146, 146,
    146, 140, 135, 133, 136, 143, 144, 143, 144, 136, 132, 129, 131, 131,
    134, 134, 140, 140, 138, 135, 130, 130, 133, 130, 133, 135, 135, 136,
    136, 135, 136, 133, 134, 140, 147, 149, 150, 148, 147, 144, 139, 136,
    138, 141, 142, 143, 143, 143, 138, 136, 132, 130, 134, 139, 140, 141,
    147, 152, 162, 167, 178, 189, 198, 214, 227, 236, 247, 251, 253, 253,
    253, 257, 258, 259, 260, 258, 261, 258, 258, 261 ]
RHandPositionsY: [ 157, 140, 118, 117, 115, 111, 106, 103, 100, 97, 93,
    88, 88, 86, 87, 87, 88, 89, 90, 89, 85, 86, 85, 85, 87, 87, 88, 88,
    89, 91, 92, 91, 87, 91, 91, 88, 94, 93, 90, 91, 92, 91, 90, 87, 92,
    97, 97, 97, 94, 95, 91, 94, 91, 96, 98, 97, 98, 102, 99, 98, 97, 97,
    95, 96, 100, 102, 106, 112, 121, 127, 136, 146, 156, 165, 175, 187,
    198, 208, 214, 213, 216, 218, 229, 234, 238, 239, 237, 240, 237, 240,
    243 ]
