%YAML:1.0
---
videoName: "RHShake11.mp4"
gestureLabel: 2
fps: 29
pixelSizeInCmTemp: 3.3263888888888887e-01
faceCenterPointX: 274
faceCenterPointY: 53
LHandPositionsX: [ 310, 307, 309, 307, 309, 311, 307, 310, 311, 311, 307,
    307, 308, 310, 307, 308, 311, 308, 307, 307, 309, 311, 309, 311, 307,
    309, 308, 307, 308, 308, 308, 310, 310, 308, 307, 310, 309, 310, 309,
    309, 307, 307, 309, 308, 310, 309, 308, 307, 311, 310, 310, 310, 307,
    311, 309, 310, 310, 308, 309, 310, 310, 307, 310, 308, 311, 310, 308,
    307, 309, 310, 310, 309, 311, 310, 309, 309, 308, 305, 307, 303, 303,
    303, 307, 307, 307, 306, 306, 306 ]
LHandPositionsY: [ 249, 245, 248, 247, 247, 249, 247, 247, 248, 245, 249,
    245, 246, 248, 245, 246, 246, 246, 246, 248, 246, 246, 248, 248, 248,
    246, 249, 249, 246, 249, 248, 249, 249, 249, 248, 246, 247, 247, 248,
    248, 245, 245, 248, 246, 246, 248, 248, 245, 247, 248, 248, 249, 247,
    248, 246, 249, 248, 246, 248, 248, 247, 247, 249, 247, 245, 249, 249,
    245, 245, 245, 244, 243, 247, 247, 243, 244, 244, 247, 243, 243, 244,
    244, 245, 246, 247, 245, 243, 245 ]
RHandPositionsX: [ 247, 247, 250, 247, 234, 224, 208, 192, 174, 157, 146,
    138, 144, 145, 152, 156, 159, 163, 172, 175, 170, 161, 156, 152, 150,
    151, 160, 165, 166, 168, 169, 168, 165, 162, 158, 157, 154, 151, 160,
    167, 167, 170, 173, 170, 164, 158, 158, 157, 159, 159, 166, 174, 175,
    180, 178, 178, 174, 169, 167, 166, 158, 159, 162, 164, 172, 179, 194,
    207, 217, 229, 238, 248, 257, 259, 264, 260, 260, 262, 262, 260, 261,
    260, 261, 258, 259, 258, 259, 262 ]
RHandPositionsY: [ 246, 248, 246, 241, 232, 221, 205, 191, 175, 162, 144,
    128, 124, 113, 105, 105, 104, 103, 104, 100, 101, 101, 97, 98, 95,
    93, 96, 101, 99, 100, 102, 96, 99, 96, 97, 93, 94, 94, 101, 103, 104,
    103, 104, 104, 104, 103, 98, 101, 98, 96, 104, 107, 108, 107, 109,
    106, 107, 102, 101, 102, 99, 101, 101, 106, 118, 127, 145, 158, 174,
    186, 201, 210, 222, 230, 238, 238, 239, 240, 239, 242, 239, 238, 240,
    241, 238, 241, 238, 240 ]
