%YAML:1.0
---
videoName: "RHShake11.mp4"
gestureLabel: 2
fps: 29
pixelSizeInCmTemp: 3.3263888888888887e-01
faceCenterPointX: 274
faceCenterPointY: 53
LHandPositionsX: [ 308, 308, 311, 307, 309, 308, 307, 311, 310, 308, 309,
    307, 308, 307, 307, 309, 309, 310, 308, 310, 311, 307, 307, 309, 311,
    311, 311, 308, 311, 311, 309, 308, 309, 307, 311, 307, 308, 309, 311,
    307, 311, 310, 311, 311, 307, 308, 310, 307, 311, 311, 310, 311, 309,
    310, 310, 307, 309, 310, 308, 309, 307, 309, 308, 308, 310, 310, 308,
    310, 309, 307, 308, 311, 307, 311, 310, 310, 309, 305, 306, 303, 307,
    303, 305, 305, 305, 306, 304, 303 ]
LHandPositionsY: [ 245, 247, 248, 245, 248, 246, 246, 247, 247, 247, 248,
    248, 249, 246, 245, 245, 246, 247, 248, 247, 249, 246, 246, 249, 247,
    245, 246, 246, 246, 247, 248, 249, 249, 245, 248, 247, 245, 246, 247,
    246, 248, 247, 249, 246, 247, 249, 249, 247, 248, 248, 245, 248, 246,
    248, 246, 247, 247, 248, 249, 246, 245, 248, 248, 247, 247, 245, 248,
    247, 244, 247, 248, 247, 244, 247, 242, 243, 246, 246, 244, 245, 243,
    246, 247, 246, 244, 246, 247, 246 ]
RHandPositionsX: [ 250, 249, 247, 245, 237, 226, 209, 191, 173, 161, 145,
    141, 146, 146, 150, 156, 163, 163, 171, 174, 172, 162, 159, 152, 154,
    151, 162, 168, 169, 167, 167, 168, 162, 161, 155, 157, 152, 151, 156,
    167, 170, 169, 171, 169, 167, 162, 156, 157, 158, 156, 163, 170, 174,
    176, 177, 175, 170, 167, 165, 166, 162, 155, 160, 163, 170, 179, 193,
    207, 219, 229, 238, 247, 255, 260, 262, 261, 260, 261, 263, 259, 262,
    260, 260, 260, 261, 259, 262, 260 ]
RHandPositionsY: [ 248, 246, 247, 239, 233, 221, 208, 190, 176, 163, 144,
    126, 126, 115, 106, 104, 104, 106, 103, 100, 104, 101, 100, 95, 97,
    95, 96, 98, 101, 98, 102, 98, 96, 97, 93, 93, 94, 95, 101, 104, 104,
    105, 103, 104, 101, 101, 97, 100, 98, 99, 104, 104, 106, 105, 109,
    107, 105, 100, 100, 99, 102, 101, 102, 109, 116, 130, 145, 157, 175,
    186, 201, 210, 222, 231, 238, 238, 237, 236, 240, 241, 241, 241, 242,
    242, 242, 238, 238, 238 ]
