%YAML:1.0
---
videoName: "RHShake16.mp4"
gestureLabel: 2
fps: 29
pixelSizeInCmTemp: 3.2808219178082193e-01
faceCenterPointX: 281
faceCenterPointY: 44
LHandPositionsX: [ 373, 370, 370, 369, 369, 372, 372, 370, 371, 373, 372,
    369, 373, 369, 373, 372, 372, 371, 370, 370, 373, 369, 371, 369, 369,
    371, 371, 370, 369, 372, 369, 372, 370, 373, 369, 370, 372, 372, 372,
    372, 370, 369, 370, 369, 371, 370, 370, 373, 373, 372, 373, 370, 372,
    371, 373, 371, 370, 373, 371, 371, 369, 371, 369, 372, 369, 371, 370,
    371, 371, 372, 373, 370, 371, 370, 372, 370, 369, 371, 373, 369, 371,
    370, 373, 370, 372, 372, 371, 370 ]
LHandPositionsY: [ 233, 234, 233, 232, 232, 234, 230, 231, 230, 234, 230,
    230, 233, 234, 233, 233, 233, 234, 233, 232, 233, 234, 230, 230, 233,
    232, 231, 231, 230, 234, 233, 232, 232, 232, 234, 231, 233, 232, 234,
    230, 231, 230, 232, 233, 231, 231, 231, 232, 232, 232, 232, 233, 230,
    229, 232, 229, 233, 231, 230, 233, 230, 229, 230, 229, 232, 229, 229,
    231, 230, 230, 233, 231, 230, 231, 232, 230, 233, 233, 232, 233, 229,
    231, 231, 231, 231, 229, 232, 231 ]
RHandPositionsX: [ 168, 171, 170, 171, 169, 171, 168, 168, 171, 170, 167,
    168, 167, 169, 169, 168, 171, 170, 163, 157, 152, 148, 136, 129, 124,
    125, 115, 123, 125, 122, 126, 132, 136, 139, 145, 142, 137, 135, 136,
    140, 142, 143, 148, 152, 147, 148, 146, 149, 145, 146, 149, 150, 154,
    149, 149, 148, 147, 144, 145, 153, 156, 157, 154, 151, 153, 153, 147,
    150, 153, 162, 164, 172, 173, 176, 175, 173, 178, 176, 173, 169, 173,
    169, 170, 168, 170, 171, 169, 168 ]
RHandPositionsY: [ 267, 269, 265, 265, 269, 266, 267, 267, 269, 268, 268,
    266, 269, 268, 267, 267, 267, 263, 256, 244, 221, 198, 176, 159, 143,
    130, 115, 116, 111, 108, 107, 102, 100, 94, 95, 92, 94, 88, 91, 89,
    91, 89, 90, 90, 89, 88, 88, 87, 89, 85, 90, 87, 89, 85, 86, 88, 88,
    87, 90, 89, 93, 87, 90, 89, 86, 87, 88, 95, 103, 119, 132, 146, 158,
    172, 185, 188, 194, 205, 209, 219, 225, 225, 224, 231, 238, 237, 235,
    239 ]
