%YAML:1.0
---
videoName: "RHShake24.mp4"
gestureLabel: 2
fps: 30
pixelSizeInCmTemp: 3.3732394366197183e-01
faceCenterPointX: 304
faceCenterPointY: 46
LHandPositionsX: [ 392, 392, 390, 391, 390, 391, 391, 389, 391, 390, 390,
    389, 391, 390, 391, 393, 393, 389, 392, 390, 390, 389, 389, 389, 391,
    389, 392, 389, 393, 391, 393, 391, 392, 390, 389, 393, 392, 391, 392,
    391, 391, 389, 391, 391, 392, 391, 393, 393, 389, 391, 391, 393, 389,
    390, 393, 391, 390, 391, 390, 392, 389, 389, 392, 393, 393, 393, 391,
    390, 390, 391, 389, 391, 390, 393, 393, 393, 393, 391, 392, 391, 389,
    389, 393, 391, 393, 390, 390, 390, 391, 392, 393 ]
LHandPositionsY: [ 226, 226, 225, 227, 229, 226, 229, 225, 227, 228, 226,
    228, 227, 228, 229, 226, 226, 228, 225, 227, 226, 227, 228, 227, 225,
    229, 229, 226, 225, 226, 225, 229, 229, 226, 229, 228, 227, 225, 225,
    227, 227, 225, 226, 227, 228, 225, 227, 225, 227, 229, 227, 228, 229,
    227, 225, 226, 225, 225, 225, 227, 228, 225, 229, 225, 229, 228, 226,
    225, 226, 225, 226, 229, 228, 227, 225, 229, 228, 227, 227, 229, 229,
    226, 227, 227, 229, 228, 228, 228, 225, 225, 229 ]
RHandPositionsX: [ 141, 149, 150, 151, 154, 154, 152, 151, 144, 142, 140,
    138, 142, 155, 163, 164, 164, 163, 158, 156, 152, 144, 142, 143, 139,
    149, 159, 159, 161, 157, 154, 157, 149, 143, 140, 145, 149, 153, 156,
    159, 159, 163, 158, 156, 149, 143, 143, 143, 142, 149, 159, 162, 168,
    170, 171, 163, 160, 153, 152, 147, 149, 149, 153, 163, 165, 167, 172,
    173, 175, 179, 182, 183, 184, 185, 187, 189, 191, 192, 194, 193, 196,
    192, 196, 195, 196, 196, 195, 195, 195, 194, 197 ]
RHandPositionsY: [ 96, 104, 103, 99, 104, 101, 93, 91, 89, 89, 85, 85,
    86, 102, 110, 110, 110, 113, 104, 101, 97, 94, 94, 93, 93, 102, 111,
    109, 110, 113, 109, 102, 99, 97, 96, 91, 89, 97, 101, 109, 106, 114,
    109, 103, 98, 100, 99, 94, 93, 107, 122, 118, 118, 123, 117, 103,
    102, 99, 101, 97, 98, 97, 102, 113, 114, 114, 121, 120, 134, 139,
    149, 151, 153, 156, 166, 171, 179, 188, 194, 201, 208, 212, 214, 215,
    220, 217, 220, 224, 225, 224, 228 ]
