%YAML:1.0
---
videoName: "RHShake23.mp4"
gestureLabel: 2
fps: 29
pixelSizeInCmTemp: 3.3263888888888887e-01
faceCenterPointX: 298
faceCenterPointY: 49
LHandPositionsX: [ 391, 387, 389, 387, 389, 387, 388, 389, 388, 388, 391,
    388, 388, 391, 388, 388, 389, 388, 391, 391, 388, 387, 390, 388, 389,
    388, 387, 389, 389, 389, 388, 389, 388, 391, 388, 389, 387, 390, 388,
    387, 390, 389, 391, 390, 391, 388, 387, 391, 388, 390, 391, 389, 389,
    388, 388, 389, 391, 391, 390, 390, 387, 389, 387, 390, 391, 390, 388,
    388, 389, 389, 391, 390, 388, 388, 391, 390, 387, 391, 387, 390, 390,
    388, 389, 391, 391, 391, 390, 387 ]
LHandPositionsY: [ 227, 227, 228, 224, 228, 225, 227, 226, 225, 228, 227,
    224, 224, 226, 225, 227, 226, 227, 226, 226, 227, 225, 226, 226, 228,
    228, 224, 224, 228, 224, 224, 224, 228, 224, 224, 224, 225, 228, 227,
    224, 228, 228, 228, 226, 227, 224, 227, 226, 225, 224, 227, 225, 227,
    224, 224, 228, 225, 227, 224, 224, 225, 224, 225, 225, 226, 227, 224,
    225, 224, 224, 228, 225, 224, 226, 226, 225, 228, 225, 228, 224, 226,
    224, 225, 227, 225, 225, 228, 228 ]
RHandPositionsX: [ 171, 172, 175, 189, 188, 190, 192, 191, 182, 177, 175,
    172, 174, 179, 187, 195, 198, 200, 198, 194, 183, 180, 175, 174, 169,
    172, 170, 178, 191, 199, 202, 199, 200, 197, 190, 187, 185, 181, 181,
    182, 186, 197, 201, 202, 204, 203, 198, 191, 185, 180, 175, 176, 182,
    185, 192, 200, 207, 209, 211, 210, 212, 209, 208, 208, 210, 208, 206,
    204, 207, 203, 205, 206, 203, 202, 202, 204, 203, 201, 202, 200, 199,
    198, 202, 201, 202, 201, 197, 197 ]
RHandPositionsY: [ 99, 95, 100, 112, 117, 112, 122, 110, 103, 101, 101,
    98, 101, 101, 111, 125, 122, 122, 123, 112, 101, 99, 102, 98, 98, 95,
    97, 100, 114, 124, 123, 122, 124, 106, 105, 106, 105, 100, 101, 102,
    112, 119, 121, 123, 124, 126, 125, 106, 108, 104, 105, 102, 103, 116,
    126, 134, 142, 150, 148, 154, 160, 164, 175, 183, 190, 202, 209, 213,
    216, 217, 217, 219, 221, 225, 224, 226, 227, 224, 227, 225, 227, 228,
    226, 227, 228, 227, 226, 228 ]
