%YAML:1.0
---
videoName: "RHShake14.mp4"
gestureLabel: 2
fps: 30
pixelSizeInCmTemp: 3.2808219178082193e-01
faceCenterPointX: 277
faceCenterPointY: 42
LHandPositionsX: [ 378, 376, 375, 377, 375, 378, 377, 375, 379, 376, 375,
    378, 376, 378, 377, 374, 374, 376, 373, 373, 376, 376, 375, 376, 372,
    372, 376, 373, 375, 374, 372, 373, 373, 375, 376, 376, 374, 372, 374,
    372, 375, 373, 372, 375, 373, 373, 374, 373, 372, 375, 375, 373, 372,
    375, 375, 375, 376, 374, 376, 373, 375, 373, 374, 375, 375, 374, 374,
    375, 372, 373, 372, 374, 374, 376, 376, 372, 375, 376, 372, 373, 374,
    373, 375, 376, 372, 372, 376, 376, 373, 375, 374 ]
LHandPositionsY: [ 230, 231, 229, 232, 233, 231, 231, 229, 231, 230, 231,
    231, 231, 230, 229, 229, 231, 231, 233, 229, 232, 230, 232, 232, 232,
    230, 229, 230, 230, 230, 230, 233, 233, 233, 232, 232, 232, 230, 233,
    229, 229, 233, 233, 230, 232, 233, 229, 230, 232, 231, 230, 231, 232,
    232, 232, 231, 230, 233, 232, 231, 229, 230, 230, 232, 232, 230, 230,
    230, 232, 229, 232, 230, 231, 231, 230, 233, 231, 231, 233, 233, 229,
    232, 231, 230, 229, 229, 233, 230, 229, 232, 230 ]
RHandPositionsX: [ 173, 171, 170, 173, 172, 174, 174, 174, 174, 171, 171,
    171, 170, 170, 172, 171, 172, 170, 170, 173, 170, 174, 173, 173, 170,
    173, 170, 171, 160, 148, 136, 127, 125, 117, 116, 122, 129, 131, 136,
    139, 143, 147, 146, 144, 144, 148, 149, 151, 157, 163, 160, 158, 152,
    150, 154, 159, 163, 168, 169, 161, 157, 153, 158, 158, 158, 163, 163,
    169, 173, 177, 178, 180, 177, 181, 175, 173, 175, 181, 174, 173, 174,
    174, 174, 170, 171, 170, 171, 171, 174, 171, 170 ]
RHandPositionsY: [ 242, 240, 239, 239, 239, 240, 243, 240, 242, 241, 239,
    242, 241, 239, 240, 240, 240, 240, 240, 240, 240, 240, 242, 240, 243,
    244, 243, 231, 213, 193, 171, 151, 134, 115, 113, 110, 106, 109, 114,
    114, 117, 105, 97, 92, 89, 84, 84, 83, 85, 81, 78, 79, 78, 75, 76,
    76, 81, 83, 78, 76, 76, 78, 76, 77, 78, 80, 85, 107, 120, 132, 145,
    158, 171, 182, 191, 193, 200, 203, 210, 216, 217, 220, 223, 230, 233,
    232, 231, 233, 237, 235, 236 ]
