%YAML:1.0
---
videoName: "RHShake22.mp4"
gestureLabel: 2
fps: 29
pixelSizeInCmTemp: 3.3263888888888887e-01
faceCenterPointX: 290
faceCenterPointY: 48
LHandPositionsX: [ 393, 394, 392, 393, 395, 395, 395, 395, 393, 393, 392,
    396, 392, 396, 394, 396, 393, 394, 394, 394, 393, 393, 394, 394, 393,
    396, 393, 392, 392, 395, 396, 392, 395, 394, 394, 395, 396, 395, 396,
    393, 394, 393, 393, 394, 392, 396, 396, 396, 394, 392, 394, 393, 392,
    396, 394, 395, 393, 394, 396, 392, 394, 392, 396, 396, 393, 395, 396,
    392, 396, 392, 396, 392, 394, 393, 394, 392, 396, 396, 396, 396, 394,
    393, 396, 394, 393, 393, 396, 392 ]
LHandPositionsY: [ 230, 232, 231, 234, 233, 233, 232, 231, 232, 233, 233,
    233, 232, 230, 230, 232, 234, 234, 234, 230, 234, 230, 230, 232, 232,
    230, 230, 231, 232, 231, 232, 230, 233, 233, 234, 234, 232, 234, 230,
    231, 233, 232, 231, 233, 232, 233, 234, 231, 231, 232, 234, 231, 233,
    233, 232, 231, 232, 234, 234, 231, 232, 234, 231, 232, 233, 234, 234,
    230, 233, 234, 234, 234, 233, 232, 230, 234, 230, 233, 233, 232, 231,
    234, 231, 231, 232, 230, 233, 234 ]
RHandPositionsX: [ 148, 136, 128, 128, 131, 136, 147, 156, 164, 166, 165,
    164, 163, 156, 150, 147, 144, 143, 144, 155, 162, 169, 171, 170, 169,
    167, 162, 158, 157, 152, 151, 161, 165, 172, 173, 173, 172, 168, 164,
    162, 160, 156, 158, 169, 173, 175, 174, 175, 170, 168, 164, 158, 156,
    153, 157, 165, 172, 177, 176, 177, 177, 172, 170, 161, 158, 152, 154,
    158, 166, 176, 177, 177, 181, 182, 180, 181, 181, 183, 186, 183, 189,
    188, 191, 186, 189, 187, 190, 191 ]
RHandPositionsY: [ 141, 116, 104, 101, 96, 93, 84, 83, 92, 91, 94, 92,
    87, 78, 77, 80, 80, 76, 73, 86, 88, 92, 99, 98, 94, 88, 86, 82, 84,
    80, 79, 92, 94, 99, 104, 99, 94, 93, 87, 85, 88, 83, 83, 89, 93, 97,
    102, 98, 96, 92, 91, 87, 86, 86, 83, 86, 92, 98, 101, 101, 97, 97,
    91, 93, 92, 91, 90, 87, 88, 104, 106, 113, 112, 119, 122, 124, 135,
    149, 157, 171, 182, 193, 199, 203, 215, 221, 225, 225 ]
