%YAML:1.0
---
videoName: "RHShake00.mp4"
gestureLabel: 2
fps: 29
pixelSizeInCmTemp: 3.4710144927536229e-01
faceCenterPointX: 283
faceCenterPointY: 97
LHandPositionsX: [ 346, 345, 343, 345, 346, 344, 342, 346, 346, 344, 343,
    346, 343, 342, 344, 344, 344, 346, 343, 345, 346, 345, 344, 345, 344,
    344, 345, 346, 342, 343, 343, 345, 343, 342, 345, 342, 343, 343, 342,
    343, 346, 346, 346, 342, 343, 342, 342, 346, 342, 342, 345, 346, 344,
    342, 342, 344, 342, 344, 346, 346, 343, 346, 343, 345, 346, 342, 343,
    346, 345, 343, 344, 343, 343, 344, 345, 344, 346, 346, 344, 345, 344,
    343, 342, 346, 342, 344, 343, 342 ]
LHandPositionsY: [ 276, 272, 276, 274, 275, 276, 272, 273, 273, 274, 272,
    276, 273, 274, 274, 272, 273, 276, 274, 272, 275, 272, 275, 272, 272,
    276, 274, 275, 272, 275, 274, 275, 273, 276, 276, 272, 272, 273, 274,
    274, 276, 274, 274, 273, 275, 273, 273, 275, 272, 276, 276, 276, 272,
    274, 274, 273, 274, 275, 272, 274, 274, 272, 276, 272, 276, 273, 276,
    276, 272, 272, 273, 272, 276, 274, 274, 276, 274, 276, 275, 272, 273,
    274, 276, 274, 273, 272, 275, 276 ]
RHandPositionsX: [ 176, 171, 169, 157, 149, 147, 148, 144, 143, 144, 144,
    145, 150, 166, 167, 164, 171, 168, 162, 160, 153, 153, 147, 150, 154,
    163, 165, 164, 165, 163, 157, 152, 150, 146, 153, 154, 164, 160, 166,
    163, 163, 154, 148, 143, 138, 148, 150, 153, 155, 154, 160, 161, 159,
    148, 143, 147, 146, 150, 155, 162, 162, 162, 169, 161, 155, 150, 146,
    143, 140, 148, 150, 155, 155, 160, 162, 169, 172, 175, 176, 182, 185,
    189, 190, 190, 194, 193, 197, 199 ]
RHandPositionsY: [ 257, 252, 243, 219, 203, 187, 177, 168, 162, 151, 144,
    137, 130, 136, 140, 139, 135, 131, 129, 122, 121, 124, 120, 122, 129,
    133, 132, 132, 138, 129, 125, 124, 126, 124, 131, 137, 136, 138, 139,
    137, 142, 135, 133, 130, 128, 132, 135, 135, 140, 138, 139, 139, 135,
    130, 128, 132, 131, 132, 141, 143, 147, 144, 149, 144, 142, 140, 139,
    135, 143, 147, 155, 163, 166, 173, 181, 190, 197, 208, 216, 220, 230,
    235, 240, 248, 252, 259, 260, 260 ]
