%YAML:1.0
---
videoName: "RHShake12.mp4"
gestureLabel: 2
fps: 29
pixelSizeInCmTemp: 3.3732394366197183e-01
faceCenterPointX: 299
faceCenterPointY: 45
LHandPositionsX: [ 406, 406, 406, 405, 405, 407, 405, 407, 408, 407, 407,
    406, 407, 406, 406, 406, 406, 407, 404, 404, 407, 405, 408, 406, 406,
    404, 405, 405, 406, 406, 406, 407, 407, 405, 406, 408, 404, 407, 405,
    407, 408, 407, 407, 407, 407, 407, 405, 407, 405, 404, 408, 407, 408,
    408, 407, 406, 404, 405, 406, 405, 405, 405, 405, 404, 405, 407, 406,
    404, 405, 408, 408, 405, 406, 404, 404, 407, 406, 405, 404, 406, 407,
    407, 407, 408, 407, 407, 405, 404 ]
LHandPositionsY: [ 240, 242, 243, 239, 243, 243, 240, 240, 241, 243, 241,
    242, 241, 243, 240, 241, 239, 241, 243, 239, 240, 243, 239, 242, 242,
    239, 241, 241, 243, 240, 240, 241, 240, 240, 240, 243, 239, 241, 240,
    242, 239, 242, 240, 239, 241, 241, 240, 239, 239, 240, 242, 240, 243,
    240, 241, 241, 241, 242, 240, 243, 242, 240, 240, 240, 239, 242, 239,
    243, 240, 241, 241, 242, 242, 242, 239, 239, 240, 242, 240, 239, 243,
    243, 242, 240, 240, 242, 240, 243 ]
RHandPositionsX: [ 170, 167, 163, 160, 162, 174, 182, 194, 192, 194, 191,
    182, 180, 171, 171, 169, 171, 175, 188, 188, 191, 183, 180, 176, 169,
    164, 170, 175, 186, 195, 194, 190, 183, 178, 177, 177, 173, 174, 178,
    189, 196, 192, 184, 180, 177, 178, 171, 172, 180, 191, 192, 193, 195,
    188, 183, 180, 175, 176, 175, 174, 181, 190, 200, 200, 201, 199, 196,
    191, 187, 186, 186, 185, 190, 195, 199, 196, 197, 200, 201, 203, 202,
    198, 200, 197, 199, 198, 201, 201 ]
RHandPositionsY: [ 140, 127, 120, 112, 106, 92, 98, 103, 106, 112, 101,
    93, 92, 91, 88, 83, 81, 87, 101, 101, 109, 98, 91, 87, 89, 82, 85,
    89, 100, 113, 109, 107, 102, 97, 95, 96, 91, 88, 94, 111, 114, 114,
    105, 101, 96, 95, 90, 86, 95, 110, 109, 110, 113, 101, 93, 91, 89,
    88, 86, 87, 95, 107, 122, 117, 119, 120, 112, 107, 110, 111, 118,
    125, 137, 147, 160, 165, 169, 177, 183, 193, 201, 209, 213, 222, 219,
    226, 230, 232 ]
