%YAML:1.0
---
videoName: "RHShake04.mp4"
gestureLabel: 2
fps: 29
pixelSizeInCmTemp: 3.1513157894736843e-01
faceCenterPointX: 292
faceCenterPointY: 47
LHandPositionsX: [ 410, 412, 411, 412, 409, 411, 410, 410, 408, 413, 413,
    410, 410, 409, 410, 410, 411, 408, 409, 407, 407, 411, 410, 409, 407,
    406, 406, 408, 405, 407, 408, 407, 406, 407, 408, 406, 407, 406, 406,
    407, 409, 406, 406, 407, 408, 407, 407, 406, 405, 408, 405, 407, 405,
    408, 406, 408, 408, 408, 405, 409, 405, 405, 406, 406, 407, 406, 406,
    402, 405, 405, 403, 403, 403, 403, 406, 404, 406, 406, 402, 404, 403,
    403, 401, 403, 404, 405, 402, 401 ]
LHandPositionsY: [ 264, 266, 263, 262, 265, 264, 263, 265, 264, 263, 265,
    263, 265, 262, 265, 263, 262, 263, 261, 260, 260, 262, 264, 261, 262,
    262, 260, 264, 264, 264, 263, 264, 264, 262, 263, 262, 263, 261, 264,
    264, 260, 262, 264, 260, 260, 261, 264, 262, 264, 262, 263, 264, 260,
    263, 264, 261, 263, 261, 264, 264, 263, 263, 259, 260, 260, 261, 262,
    259, 261, 262, 258, 261, 260, 262, 261, 261, 259, 259, 261, 259, 261,
    257, 258, 257, 261, 258, 260, 261 ]
RHandPositionsX: [ 178, 179, 179, 180, 183, 180, 179, 178, 177, 179, 179,
    181, 178, 178, 180, 176, 176, 176, 176, 175, 176, 175, 177, 182, 179,
    173, 168, 164, 164, 164, 163, 168, 180, 186, 195, 191, 187, 180, 173,
    168, 164, 169, 170, 175, 176, 176, 183, 173, 167, 169, 165, 170, 179,
    180, 177, 180, 173, 170, 167, 170, 169, 177, 176, 181, 194, 187, 185,
    176, 171, 172, 172, 171, 170, 176, 185, 189, 191, 191, 190, 190, 189,
    185, 183, 181, 178, 175, 173, 175 ]
RHandPositionsY: [ 264, 264, 267, 267, 267, 265, 265, 264, 268, 265, 268,
    269, 267, 271, 267, 266, 268, 269, 270, 269, 270, 274, 265, 247, 225,
    195, 173, 148, 123, 122, 118, 101, 96, 100, 102, 99, 100, 96, 93, 95,
    88, 89, 93, 94, 98, 95, 97, 94, 94, 93, 94, 96, 97, 97, 100, 97, 94,
    94, 94, 91, 90, 95, 97, 95, 93, 94, 93, 93, 94, 95, 93, 96, 101, 107,
    119, 133, 143, 150, 166, 178, 193, 212, 221, 228, 238, 245, 246, 248 ]
