%YAML:1.0
---
videoName: "RHShake17.mp4"
gestureLabel: 2
fps: 29
pixelSizeInCmTemp: 3.3732394366197183e-01
faceCenterPointX: 282
faceCenterPointY: 40
LHandPositionsX: [ 309, 308, 309, 305, 309, 306, 305, 307, 308, 306, 306,
    308, 305, 306, 307, 309, 306, 309, 309, 305, 305, 308, 307, 307, 308,
    306, 306, 308, 309, 307, 308, 305, 306, 306, 306, 307, 308, 309, 305,
    310, 306, 306, 310, 310, 308, 307, 306, 309, 306, 307, 311, 307, 308,
    311, 307, 307, 309, 311, 311, 311, 308, 310, 311, 307, 309, 310, 308,
    308, 310, 308, 309, 308, 310, 308, 307, 310, 307, 307, 306, 305, 307,
    306, 305, 305, 307, 309, 306, 306 ]
LHandPositionsY: [ 234, 231, 232, 232, 233, 234, 235, 232, 234, 232, 233,
    233, 234, 232, 235, 233, 233, 234, 231, 232, 233, 231, 234, 235, 233,
    231, 235, 232, 232, 235, 234, 233, 232, 231, 235, 233, 233, 231, 234,
    231, 235, 235, 232, 231, 234, 231, 233, 231, 232, 233, 232, 232, 235,
    233, 231, 234, 231, 234, 232, 231, 231, 234, 232, 233, 234, 231, 234,
    235, 231, 232, 233, 231, 233, 231, 231, 232, 233, 234, 233, 234, 232,
    232, 235, 234, 234, 233, 231, 234 ]
RHandPositionsX: [ 214, 198, 176, 162, 141, 144, 143, 146, 144, 141, 148,
    152, 157, 152, 147, 148, 141, 140, 144, 145, 163, 160, 158, 151, 151,
    147, 148, 142, 147, 152, 153, 160, 159, 153, 150, 145, 143, 142, 138,
    153, 154, 153, 153, 158, 152, 149, 147, 150, 155, 158, 172, 169, 167,
    161, 161, 159, 149, 153, 147, 149, 153, 165, 169, 178, 175, 176, 177,
    178, 171, 170, 176, 171, 167, 167, 170, 169, 171, 172, 170, 168, 171,
    169, 168, 168, 168, 168, 170, 168 ]
RHandPositionsY: [ 202, 184, 170, 151, 130, 113, 109, 104, 96, 91, 97,
    90, 82, 77, 76, 72, 72, 70, 71, 71, 78, 77, 75, 69, 67, 69, 67, 68,
    66, 68, 66, 70, 67, 64, 67, 64, 66, 64, 66, 85, 82, 80, 79, 76, 76,
    73, 74, 74, 75, 73, 88, 90, 83, 84, 80, 80, 78, 79, 76, 85, 90, 104,
    120, 136, 149, 158, 171, 184, 190, 196, 207, 214, 220, 230, 232, 233,
    240, 240, 241, 238, 243, 242, 240, 241, 244, 245, 244, 243 ]
