%YAML:1.0
---
videoName: "RHShake16.mp4"
gestureLabel: 2
fps: 29
pixelSizeInCmTemp: 3.2808219178082193e-01
faceCenterPointX: 281
faceCenterPointY: 44
LHandPositionsX: [ 372, 370, 371, 369, 372, 370, 371, 369, 369, 373, 372,
    370, 372, 371, 373, 370, 369, 369, 371, 371, 369, 372, 371, 370, 373,
    370, 371, 372, 373, 373, 371, 371, 372, 370, 369, 369, 370, 371, 373,
    371, 372, 373, 370, 371, 370, 372, 371, 371, 371, 370, 373, 373, 370,
    371, 369, 369, 370, 369, 372, 369, 371, 373, 373, 373, 373, 369, 369,
    373, 369, 372, 373, 373, 371, 372, 371, 371, 370, 372, 373, 371, 369,
    373, 369, 373, 370, 372, 371, 373 ]
LHandPositionsY: [ 231, 234, 234, 233, 231, 230, 232, 230, 233, 230, 233,
    231, 234, 233, 232, 231, 230, 234, 231, 231, 234, 233, 232, 232, 234,
    230, 231, 232, 232, 233, 232, 234, 232, 231, 234, 234, 231, 232, 234,
    234, 233, 233, 231, 231, 231, 232, 234, 234, 231, 233, 234, 232, 230,
    230, 231, 231, 233, 229, 232, 231, 230, 229, 231, 229, 233, 229, 230,
    229, 231, 233, 233, 229, 229, 229, 232, 231, 231, 229, 232, 229, 231,
    231, 229, 233, 233, 230, 232, 231 ]
RHandPositionsX: [ 171, 171, 168, 169, 170, 167, 168, 168, 171, 171, 171,
    171, 171, 167, 167, 168, 170, 167, 165, 153, 151, 150, 136, 133, 125,
    121, 117, 123, 125, 122, 129, 131, 139, 141, 144, 139, 139, 137, 138,
    138, 140, 146, 148, 150, 148, 149, 149, 148, 146, 147, 148, 151, 154,
    148, 146, 147, 147, 146, 145, 150, 152, 156, 153, 155, 153, 151, 151,
    152, 150, 162, 164, 170, 176, 178, 179, 175, 175, 173, 173, 170, 169,
    170, 170, 169, 169, 171, 170, 172 ]
RHandPositionsY: [ 269, 266, 269, 266, 265, 266, 267, 267, 266, 266, 265,
    265, 266, 267, 266, 265, 266, 263, 258, 242, 217, 197, 178, 160, 145,
    130, 115, 113, 112, 104, 106, 105, 101, 97, 94, 92, 94, 88, 87, 89,
    89, 88, 91, 88, 88, 85, 87, 87, 89, 88, 87, 88, 88, 88, 87, 85, 86,
    86, 90, 91, 94, 89, 87, 89, 87, 86, 92, 95, 102, 118, 133, 149, 162,
    173, 186, 190, 197, 204, 211, 217, 222, 223, 225, 233, 238, 234, 237,
    235 ]
