%YAML:1.0
---
videoName: "RHShake12.mp4"
gestureLabel: 2
fps: 29
pixelSizeInCmTemp: 3.3732394366197183e-01
faceCenterPointX: 299
faceCenterPointY: 45
LHandPositionsX: [ 407, 405, 407, 408, 406, 406, 408, 407, 407, 404, 404,
    408, 406, 406, 404, 407, 404, 407, 408, 408, 408, 404, 404, 406, 404,
    404, 404, 404, 407, 406, 407, 408, 407, 405, 407, 405, 407, 407, 407,
    405, 408, 407, 405, 408, 407, 406, 406, 408, 405, 408, 407, 406, 407,
    408, 407, 406, 404, 407, 404, 408, 405, 407, 406, 406, 407, 407, 404,
    404, 405, 407, 405, 406, 405, 406, 405, 408, 408, 406, 404, 405, 408,
    405, 405, 408, 406, 408, 408, 407 ]
LHandPositionsY: [ 242, 239, 240, 240, 240, 242, 242, 243, 239, 239, 240,
    240, 241, 241, 241, 240, 239, 241, 243, 241, 241, 243, 241, 241, 239,
    241, 242, 243, 243, 241, 242, 241, 243, 240, 240, 239, 243, 241, 243,
    240, 241, 241, 239, 243, 240, 240, 239, 242, 239, 242, 241, 239, 241,
    239, 240, 243, 239, 240, 240, 240, 241, 243, 241, 243, 239, 242, 239,
    242, 239, 242, 241, 242, 239, 242, 242, 240, 243, 239, 240, 243, 240,
    239, 239, 240, 242, 240, 240, 239 ]
RHandPositionsX: [ 167, 164, 163, 163, 163, 171, 183, 192, 194, 197, 195,
    183, 179, 172, 171, 168, 171, 179, 186, 185, 191, 181, 178, 172, 171,
    166, 166, 177, 186, 195, 193, 191, 185, 180, 177, 174, 172, 175, 181,
    191, 195, 193, 186, 182, 175, 178, 172, 172, 178, 192, 193, 195, 195,
    188, 183, 181, 178, 177, 175, 176, 180, 190, 198, 200, 204, 198, 194,
    190, 187, 184, 187, 186, 188, 194, 200, 197, 201, 200, 204, 201, 200,
    198, 199, 200, 200, 200, 202, 201 ]
RHandPositionsY: [ 139, 129, 117, 114, 108, 95, 95, 103, 107, 108, 102,
    91, 91, 89, 90, 84, 81, 86, 103, 105, 109, 98, 90, 88, 87, 83, 83,
    92, 101, 110, 111, 108, 100, 95, 91, 94, 90, 88, 96, 111, 113, 115,
    102, 99, 97, 94, 88, 86, 93, 110, 113, 111, 112, 103, 93, 89, 89, 91,
    89, 88, 92, 110, 120, 120, 119, 117, 111, 110, 113, 114, 115, 125,
    136, 146, 158, 163, 166, 173, 185, 197, 202, 209, 215, 221, 220, 226,
    228, 231 ]
