%YAML:1.0
---
videoName: "RHShake12.mp4"
gestureLabel: 2
fps: 29
pixelSizeInCmTemp: 3.3732394366197183e-01
faceCenterPointX: 299
faceCenterPointY: 45
LHandPositionsX: [ 406, 408, 406, 408, 408, 406, 404, 404, 407, 408, 405,
    408, 404, 408, 405, 408, 406, 408, 405, 404, 404, 408, 407, 404, 407,
    408, 408, 408, 407, 406, 406, 407, 406, 405, 404, 406, 407, 407, 406,
    407, 404, 408, 406, 408, 408, 408, 404, 404, 407, 406, 408, 407, 408,
    404, 407, 405, 408, 407, 408, 408, 407, 406, 406, 405, 404, 404, 407,
    406, 406, 405, 404, 406, 407, 404, 406, 404, 408, 406, 408, 404, 404,
    408, 404, 406, 405, 408, 406, 408 ]
LHandPositionsY: [ 243, 241, 242, 239, 242, 243, 239, 243, 239, 240, 243,
    239, 242, 242, 240, 239, 240, 243, 240, 239, 240, 239, 240, 239, 243,
    242, 239, 243, 243, 241, 240, 242, 242, 239, 240, 243, 241, 239, 239,
    240, 241, 240, 239, 243, 241, 239, 241, 243, 241, 239, 241, 239, 242,
    240, 243, 243, 240, 243, 241, 243, 242, 240, 241, 241, 243, 243, 239,
    242, 239, 239, 241, 240, 242, 242, 242, 243, 241, 240, 239, 243, 243,
    241, 242, 242, 242, 243, 240, 242 ]
RHandPositionsX: [ 169, 165, 160, 164, 161, 174, 181, 193, 194, 196, 193,
    182, 178, 171, 173, 169, 170, 178, 187, 188, 191, 182, 179, 172, 170,
    165, 169, 174, 187, 194, 193, 193, 184, 179, 174, 175, 173, 175, 182,
    190, 196, 193, 184, 182, 175, 175, 173, 171, 178, 189, 193, 191, 196,
    188, 184, 178, 176, 177, 173, 173, 182, 191, 200, 199, 205, 202, 195,
    189, 187, 185, 186, 187, 187, 195, 200, 196, 198, 202, 204, 200, 199,
    201, 199, 200, 196, 197, 202, 201 ]
RHandPositionsY: [ 139, 129, 118, 110, 108, 91, 97, 103, 109, 108, 102,
    95, 93, 88, 87, 84, 82, 86, 99, 102, 105, 97, 89, 89, 85, 83, 83, 92,
    101, 112, 112, 107, 98, 98, 95, 94, 89, 85, 96, 114, 116, 114, 104,
    100, 95, 93, 88, 88, 95, 109, 112, 113, 114, 104, 94, 90, 92, 91, 87,
    86, 93, 111, 119, 118, 118, 119, 112, 106, 110, 113, 118, 124, 137,
    150, 158, 161, 167, 174, 185, 196, 202, 209, 214, 222, 220, 225, 229,
    231 ]
