%YAML:1.0
---
videoName: "RHShake17.mp4"
gestureLabel: 2
fps: 29
pixelSizeInCmTemp: 3.3732394366197183e-01
faceCenterPointX: 282
faceCenterPointY: 40
LHandPositionsX: [ 307, 309, 306, 308, 309, 308, 307, 308, 307, 306, 305,
    306, 305, 306, 306, 305, 309, 305, 307, 308, 307, 305, 306, 309, 306,
    308, 306, 308, 305, 306, 308, 309, 305, 305, 306, 305, 309, 307, 308,
    309, 308, 306, 307, 308, 306, 307, 310, 306, 310, 308, 312, 309, 307,
    310, 310, 311, 310, 310, 309, 310, 310, 310, 309, 310, 308, 307, 307,
    307, 307, 311, 311, 311, 307, 309, 309, 308, 310, 306, 305, 308, 307,
    307, 305, 308, 306, 308, 305, 308 ]
LHandPositionsY: [ 235, 235, 233, 235, 235, 231, 234, 234, 233, 234, 231,
    235, 232, 232, 233, 234, 233, 232, 233, 235, 232, 233, 232, 234, 232,
    232, 232, 234, 234, 233, 234, 232, 232, 234, 235, 234, 234, 235, 234,
    233, 232, 231, 232, 232, 233, 233, 234, 234, 231, 232, 235, 232, 233,
    234, 232, 234, 233, 235, 231, 235, 235, 233, 232, 233, 233, 233, 233,
    231, 234, 235, 233, 235, 233, 232, 234, 231, 234, 232, 233, 234, 234,
    233, 231, 232, 234, 232, 232, 231 ]
RHandPositionsX: [ 212, 194, 175, 162, 142, 143, 143, 147, 143, 143, 144,
    151, 158, 151, 148, 148, 143, 140, 140, 145, 161, 160, 158, 150, 151,
    146, 146, 144, 147, 151, 155, 157, 159, 155, 148, 145, 144, 141, 137,
    155, 153, 153, 153, 160, 153, 151, 151, 150, 159, 158, 170, 168, 168,
    163, 160, 156, 150, 153, 148, 149, 153, 163, 171, 178, 179, 177, 176,
    175, 171, 169, 177, 173, 169, 168, 168, 170, 172, 170, 171, 170, 171,
    167, 167, 170, 166, 166, 170, 167 ]
RHandPositionsY: [ 201, 183, 168, 147, 128, 112, 110, 102, 97, 90, 97,
    90, 81, 79, 76, 71, 72, 66, 68, 71, 77, 77, 71, 71, 71, 65, 66, 66,
    66, 67, 66, 69, 68, 66, 65, 63, 63, 64, 69, 81, 79, 83, 79, 77, 78,
    76, 73, 75, 75, 77, 92, 89, 87, 82, 81, 78, 78, 81, 77, 82, 94, 106,
    117, 132, 147, 157, 168, 183, 188, 194, 209, 213, 221, 229, 232, 235,
    237, 240, 241, 238, 241, 241, 243, 242, 242, 243, 243, 245 ]
