%YAML:1.0
---
videoName: "RHShake13.mp4"
gestureLabel: 2
fps: 30
pixelSizeInCmTemp: 3.2808219178082193e-01
faceCenterPointX: 278
faceCenterPointY: 45
LHandPositionsX: [ 308, 306, 306, 306, 305, 307, 306, 309, 307, 308, 307,
    305, 305, 308, 308, 307, 306, 305, 309, 305, 308, 308, 308, 305, 305,
    307, 309, 306, 308, 305, 306, 305, 309, 308, 306, 308, 308, 305, 305,
    306, 306, 306, 305, 307, 307, 307, 305, 305, 306, 306, 306, 309, 309,
    308, 307, 308, 305, 306, 307, 307, 309, 306, 306, 309, 307, 309, 308,
    309, 308, 308, 307, 305, 306, 309, 306, 307, 309, 309, 305, 307, 302,
    301, 302, 307, 306, 306, 306, 304, 303, 304, 307 ]
LHandPositionsY: [ 246, 246, 243, 243, 244, 243, 243, 242, 244, 244, 245,
    242, 241, 242, 240, 241, 240, 243, 239, 239, 239, 242, 243, 241, 240,
    243, 241, 239, 239, 243, 241, 242, 240, 241, 239, 242, 242, 240, 241,
    240, 240, 238, 238, 241, 241, 240, 238, 240, 242, 242, 242, 242, 239,
    241, 242, 241, 238, 239, 241, 240, 241, 238, 239, 238, 240, 241, 241,
    242, 239, 241, 240, 239, 241, 237, 238, 237, 235, 234, 235, 234, 231,
    231, 233, 238, 238, 240, 245, 244, 244, 247, 244 ]
RHandPositionsX: [ 167, 149, 140, 138, 143, 143, 141, 143, 146, 150, 149,
    144, 140, 135, 134, 136, 143, 142, 147, 145, 139, 132, 131, 129, 132,
    131, 133, 136, 137, 137, 135, 130, 127, 131, 132, 133, 134, 134, 138,
    139, 133, 136, 135, 135, 139, 145, 147, 148, 148, 148, 141, 140, 135,
    141, 138, 143, 141, 139, 141, 138, 133, 132, 128, 134, 135, 139, 141,
    148, 153, 159, 168, 180, 189, 200, 213, 226, 235, 243, 254, 251, 253,
    255, 259, 261, 258, 261, 258, 258, 257, 258, 260 ]
RHandPositionsY: [ 158, 137, 120, 117, 116, 110, 103, 101, 98, 95, 94,
    92, 86, 87, 85, 87, 89, 90, 88, 86, 88, 86, 84, 87, 84, 85, 89, 91,
    90, 90, 89, 90, 88, 91, 91, 91, 90, 92, 91, 89, 92, 92, 87, 90, 91,
    97, 93, 95, 96, 94, 93, 94, 94, 93, 96, 98, 99, 100, 97, 97, 95, 95,
    97, 97, 102, 103, 107, 110, 121, 128, 138, 145, 156, 163, 175, 188,
    198, 207, 215, 215, 216, 218, 226, 234, 234, 238, 240, 239, 240, 238,
    242 ]
