%YAML:1.0
---
videoName: "RHShake14.mp4"
gestureLabel: 2
fps: 30
pixelSizeInCmTemp: 3.2808219178082193e-01
faceCenterPointX: 277
faceCenterPointY: 42
LHandPositionsX: [ 379, 378, 379, 375, 375, 377, 379, 378, 375, 375, 379,
    374, 376, 375, 377, 377, 373, 375, 374, 373, 373, 373, 374, 372, 373,
    372, 376, 375, 376, 376, 376, 376, 373, 376, 372, 374, 375, 376, 376,
    376, 375, 375, 375, 375, 373, 373, 374, 372, 376, 375, 372, 374, 372,
    374, 374, 372, 374, 373, 374, 374, 375, 373, 374, 375, 375, 373, 375,
    375, 373, 376, 373, 374, 372, 372, 374, 375, 376, 374, 373, 375, 374,
    374, 375, 372, 374, 373, 376, 374, 376, 375, 376 ]
LHandPositionsY: [ 229, 230, 231, 231, 230, 232, 231, 230, 229, 233, 229,
    229, 232, 229, 232, 232, 232, 232, 232, 232, 231, 231, 229, 230, 229,
    230, 230, 232, 232, 231, 233, 232, 229, 233, 230, 233, 229, 229, 230,
    231, 230, 229, 232, 230, 232, 232, 230, 229, 231, 232, 229, 229, 232,
    229, 230, 231, 231, 231, 230, 231, 231, 229, 229, 232, 231, 231, 231,
    231, 230, 229, 232, 231, 230, 233, 230, 232, 230, 230, 233, 233, 231,
    230, 231, 232, 231, 232, 233, 232, 233, 232, 232 ]
RHandPositionsX: [ 171, 173, 172, 170, 171, 172, 172, 172, 170, 170, 170,
    173, 172, 171, 173, 170, 173, 174, 171, 171, 170, 171, 172, 174, 173,
    172, 170, 167, 161, 151, 138, 125, 123, 118, 116, 121, 126, 133, 135,
    139, 143, 145, 143, 144, 146, 146, 148, 154, 156, 161, 160, 155, 155,
    152, 155, 159, 163, 170, 169, 165, 160, 154, 156, 155, 159, 163, 162,
    172, 176, 177, 180, 180, 178, 181, 175, 170, 177, 181, 173, 175, 174,
    174, 172, 173, 171, 174, 171, 171, 172, 171, 171 ]
RHandPositionsY: [ 243, 242, 241, 242, 241, 239, 239, 242, 239, 243, 239,
    239, 242, 240, 242, 241, 241, 241, 239, 242, 243, 240, 239, 239, 243,
    244, 247, 234, 212, 196, 173, 154, 133, 116, 112, 110, 102, 112, 112,
    117, 118, 104, 96, 94, 87, 87, 85, 85, 82, 81, 79, 78, 75, 77, 74,
    76, 79, 82, 81, 77, 80, 79, 77, 77, 79, 82, 86, 108, 118, 132, 145,
    156, 172, 179, 194, 195, 198, 203, 210, 215, 215, 221, 220, 226, 232,
    233, 233, 235, 236, 236, 234 ]
