%YAML:1.0
---
videoName: "RHShake24.mp4"
gestureLabel: 2
fps: 30
pixelSizeInCmTemp: 3.3732394366197183e-01
faceCenterPointX: 304
faceCenterPointY: 46
LHandPositionsX: [ 390, 391, 392, 393, 389, 389, 390, 391, 393, 389, 393,
    390, 391, 392, 392, 390, 393, 390, 390, 392, 390, 392, 393, 392, 389,
    389, 389, 392, 391, 391, 392, 392, 392, 389, 390, 390, 393, 389, 392,
    391, 390, 393, 393, 390, 390, 391, 392, 390, 391, 389, 392, 393, 391,
    389, 392, 390, 391, 392, 392, 389, 393, 389, 392, 392, 390, 393, 391,
    393, 392, 391, 391, 393, 392, 389, 392, 390, 390, 390, 391, 393, 392,
    392, 391, 389, 391, 391, 392, 392, 391, 391, 391 ]
LHandPositionsY: [ 228, 225, 227, 229, 228, 229, 229, 229, 227, 227, 226,
    229, 228, 227, 229, 227, 227, 225, 226, 227, 228, 227, 229, 225, 226,
    226, 225, 225, 227, 228, 225, 229, 226, 226, 229, 227, 228, 227, 228,
    228, 226, 226, 228, 229, 229, 226, 227, 228, 227, 228, 229, 227, 225,
    228, 229, 228, 228, 226, 227, 227, 225, 228, 227, 228, 229, 229, 229,
    227, 225, 229, 228, 226, 226, 229, 228, 227, 227, 225, 229, 226, 226,
    225, 229, 229, 228, 228, 229, 229, 228, 227, 226 ]
RHandPositionsX: [ 141, 146, 150, 152, 157, 156, 154, 151, 145, 140, 140,
    136, 142, 155, 161, 164, 163, 160, 160, 154, 151, 142, 146, 139, 140,
    149, 156, 158, 159, 157, 155, 157, 151, 143, 144, 141, 149, 152, 158,
    157, 161, 163, 156, 154, 151, 142, 141, 140, 141, 150, 163, 162, 166,
    173, 171, 164, 156, 152, 153, 149, 148, 148, 153, 164, 168, 169, 171,
    173, 175, 177, 181, 183, 187, 189, 187, 190, 191, 191, 195, 192, 196,
    193, 192, 192, 196, 196, 192, 193, 193, 196, 197 ]
RHandPositionsY: [ 95, 101, 101, 101, 105, 97, 93, 90, 88, 88, 87, 87,
    84, 98, 112, 113, 110, 117, 104, 100, 97, 96, 94, 93, 90, 101, 112,
    109, 113, 113, 108, 100, 99, 95, 92, 92, 90, 94, 102, 106, 109, 112,
    108, 104, 100, 99, 97, 97, 96, 110, 118, 121, 118, 123, 119, 104,
    100, 100, 101, 100, 95, 94, 103, 114, 112, 117, 119, 124, 131, 143,
    152, 151, 153, 157, 165, 174, 176, 190, 197, 204, 211, 210, 213, 217,
    219, 220, 219, 221, 224, 228, 226 ]
