%YAML:1.0
---
videoName: "RHShake01.mp4"
gestureLabel: 2
fps: 29
pixelSizeInCmTemp: 3.1513157894736843e-01
faceCenterPointX: 292
faceCenterPointY: 51
LHandPositionsX: [ 393, 393, 393, 394, 393, 394, 396, 394, 394, 393, 395,
    396, 394, 394, 394, 392, 393, 394, 391, 391, 391, 393, 394, 394, 391,
    394, 393, 391, 393, 395, 395, 395, 393, 394, 391, 393, 393, 394, 391,
    395, 394, 392, 392, 394, 395, 392, 393, 394, 395, 394, 392, 392, 392,
    393, 392, 392, 394, 393, 393, 392, 395, 391, 395, 394, 392, 391, 391,
    392, 391, 393, 395, 392, 392, 394, 395, 391, 395, 395, 391, 392, 394,
    392, 391, 394, 394, 392, 392, 394 ]
LHandPositionsY: [ 256, 256, 257, 253, 254, 255, 253, 255, 253, 255, 255,
    255, 253, 257, 257, 254, 253, 253, 256, 253, 256, 256, 257, 256, 257,
    253, 254, 256, 253, 255, 257, 255, 257, 253, 255, 253, 256, 253, 254,
    254, 255, 257, 253, 256, 253, 256, 256, 257, 256, 254, 256, 254, 253,
    257, 255, 254, 256, 257, 253, 256, 256, 257, 256, 257, 254, 253, 257,
    255, 256, 256, 253, 255, 254, 255, 253, 257, 257, 255, 253, 257, 257,
    255, 255, 255, 257, 257, 254, 256 ]
RHandPositionsX: [ 170, 169, 170, 171, 170, 167, 167, 171, 169, 171, 169,
    169, 169, 169, 168, 167, 169, 169, 168, 169, 170, 172, 171, 171, 169,
    172, 169, 175, 174, 169, 164, 162, 155, 154, 155, 161, 169, 181, 192,
    190, 192, 185, 182, 174, 178, 174, 175, 187, 193, 197, 189, 189, 181,
    180, 177, 178, 177, 183, 186, 193, 193, 195, 194, 184, 180, 176, 175,
    179, 185, 194, 195, 199, 197, 198, 192, 187, 188, 187, 186, 183, 176,
    174, 173, 175, 174, 173, 176, 174 ]
RHandPositionsY: [ 277, 277, 279, 280, 278, 277, 280, 278, 279, 279, 277,
    277, 279, 276, 277, 280, 277, 280, 276, 276, 278, 276, 277, 280, 279,
    274, 265, 248, 226, 205, 185, 167, 153, 131, 129, 115, 107, 106, 112,
    110, 108, 102, 103, 98, 101, 99, 100, 99, 102, 101, 98, 95, 94, 91,
    92, 90, 94, 97, 99, 100, 101, 100, 100, 97, 98, 96, 94, 97, 102, 107,
    111, 125, 134, 145, 162, 176, 189, 201, 203, 210, 219, 225, 235, 241,
    240, 245, 245, 248 ]
