%YAML:1.0
---
videoName: "RHShake04.mp4"
gestureLabel: 2
fps: 29
pixelSizeInCmTemp: 3.1513157894736843e-01
faceCenterPointX: 292
faceCenterPointY: 47
LHandPositionsX: [ 410, 410, 409, 413, 413, 410, 408, 412, 410, 412, 413,
    410, 411, 412, 409, 408, 409, 409, 410, 409, 410, 411, 406, 406, 408,
    410, 406, 405, 407, 409, 406, 407, 409, 406, 405, 409, 408, 406, 406,
    405, 406, 405, 406, 409, 409, 407, 409, 406, 409, 406, 406, 407, 408,
    408, 406, 409, 406, 409, 409, 408, 409, 408, 403, 404, 407, 404, 407,
    402, 402, 403, 406, 402, 404, 402, 404, 404, 403, 404, 406, 401, 403,
    405, 405, 403, 401, 405, 403, 403 ]
LHandPositionsY: [ 266, 263, 262, 266, 264, 263, 262, 262, 262, 266, 265,
    261, 264, 261, 262, 263, 264, 265, 263, 264, 262, 261, 263, 263, 263,
    260, 263, 262, 260, 261, 264, 264, 260, 262, 263, 264, 260, 262, 264,
    264, 262, 262, 262, 263, 264, 261, 261, 263, 260, 262, 263, 264, 260,
    262, 262, 261, 260, 264, 261, 263, 261, 262, 261, 260, 259, 261, 259,
    261, 261, 261, 259, 258, 258, 261, 259, 260, 262, 262, 261, 260, 260,
    259, 257, 258, 260, 257, 258, 260 ]
RHandPositionsX: [ 182, 178, 180, 181, 183, 180, 181, 178, 179, 181, 181,
    177, 177, 180, 176, 178, 180, 177, 177, 179, 179, 176, 180, 181, 179,
    177, 170, 166, 165, 163, 163, 166, 180, 190, 191, 188, 186, 179, 173,
    168, 168, 166, 171, 177, 180, 177, 179, 173, 169, 166, 167, 168, 178,
    176, 177, 180, 174, 173, 170, 171, 168, 176, 177, 185, 194, 191, 182,
    176, 175, 171, 169, 170, 171, 178, 185, 189, 194, 192, 191, 187, 189,
    186, 185, 179, 176, 174, 176, 176 ]
RHandPositionsY: [ 268, 268, 267, 265, 266, 262, 265, 266, 268, 266, 264,
    266, 270, 271, 270, 270, 268, 271, 270, 268, 269, 270, 268, 247, 221,
    193, 173, 147, 123, 121, 117, 103, 99, 99, 103, 103, 97, 96, 93, 92,
    89, 89, 94, 98, 98, 99, 96, 92, 92, 94, 95, 95, 97, 98, 100, 99, 96,
    96, 95, 90, 91, 98, 97, 97, 93, 96, 97, 93, 94, 94, 92, 96, 101, 109,
    120, 134, 144, 150, 165, 177, 193, 209, 222, 226, 234, 246, 246, 250 ]
