%YAML:1.0
---
videoName: "RHShake01.mp4"
gestureLabel: 2
fps: 29
pixelSizeInCmTemp: 3.1513157894736843e-01
faceCenterPointX: 292
faceCenterPointY: 51
LHandPositionsX: [ 395, 396, 395, 393, 394, 396, 392, 394, 395, 396, 395,
    392, 395, 395, 392, 395, 392, 393, 393, 394, 394, 395, 394, 394, 394,
    392, 395, 395, 392, 395, 392, 394, 393, 395, 391, 394, 391, 394, 393,
    393, 395, 394, 391, 391, 395, 393, 391, 392, 395, 393, 393, 395, 395,
    395, 391, 392, 393, 395, 392, 395, 394, 393, 395, 395, 391, 395, 395,
    391, 391, 394, 393, 392, 395, 394, 391, 394, 391, 393, 392, 393, 394,
    391, 394, 393, 392, 393, 394, 393 ]
LHandPositionsY: [ 256, 257, 256, 256, 256, 257, 255, 255, 256, 256, 254,
    256, 257, 253, 254, 253, 255, 254, 255, 257, 257, 255, 254, 253, 256,
    257, 256, 257, 255, 257, 255, 254, 256, 256, 256, 257, 254, 254, 254,
    254, 253, 253, 257, 254, 256, 255, 253, 257, 255, 254, 255, 255, 253,
    256, 255, 253, 256, 256, 253, 256, 253, 254, 255, 257, 253, 254, 257,
    257, 257, 253, 255, 253, 255, 253, 253, 253, 257, 255, 257, 257, 255,
    256, 253, 253, 256, 254, 257, 256 ]
RHandPositionsX: [ 169, 168, 168, 171, 171, 167, 168, 169, 168, 169, 168,
    168, 169, 169, 170, 168, 170, 169, 169, 170, 172, 170, 168, 168, 171,
    172, 169, 177, 173, 169, 164, 158, 158, 152, 155, 160, 169, 181, 194,
    194, 189, 188, 182, 176, 176, 173, 177, 186, 193, 197, 191, 190, 183,
    181, 176, 181, 179, 184, 184, 192, 191, 193, 193, 188, 180, 178, 175,
    180, 186, 194, 196, 200, 198, 195, 191, 187, 190, 189, 187, 184, 179,
    176, 175, 175, 174, 172, 173, 175 ]
RHandPositionsY: [ 276, 276, 277, 276, 276, 278, 277, 276, 276, 279, 279,
    276, 279, 276, 278, 279, 277, 280, 277, 278, 278, 280, 277, 280, 277,
    277, 266, 248, 229, 206, 185, 167, 151, 134, 131, 116, 107, 109, 112,
    112, 108, 105, 101, 98, 99, 100, 98, 96, 101, 101, 98, 93, 94, 95,
    93, 90, 93, 98, 98, 104, 100, 98, 102, 99, 98, 97, 97, 96, 103, 109,
    114, 122, 132, 146, 162, 179, 192, 204, 202, 210, 220, 225, 236, 242,
    244, 244, 244, 249 ]
