%YAML:1.0
---
videoName: "RHShake10.mp4"
gestureLabel: 2
fps: 29
pixelSizeInCmTemp: 3.1933333333333330e-01
faceCenterPointX: 295
faceCenterPointY: 45
LHandPositionsX: [ 339, 339, 341, 340, 338, 339, 339, 337, 333, 331, 334,
    331, 329, 328, 326, 327, 329, 329, 326, 327, 330, 328, 327, 327, 329,
    327, 329, 326, 326, 328, 327, 328, 330, 329, 327, 329, 330, 328, 330,
    329, 329, 329, 329, 327, 328, 326, 327, 330, 326, 328, 328, 330, 326,
    326, 329, 327, 326, 326, 328, 326, 328, 330, 329, 328, 330, 327, 326,
    329, 326, 328, 327, 328, 327, 329, 331, 329, 330, 327, 331, 331, 328,
    331, 328, 327, 327, 330, 330, 328 ]
LHandPositionsY: [ 263, 266, 269, 267, 266, 266, 267, 269, 267, 271, 269,
    272, 273, 273, 270, 274, 270, 270, 272, 274, 272, 273, 270, 272, 272,
    271, 273, 274, 271, 272, 273, 272, 272, 273, 273, 269, 269, 270, 270,
    269, 272, 271, 269, 270, 268, 270, 272, 269, 272, 272, 268, 270, 272,
    268, 269, 270, 271, 268, 271, 272, 268, 270, 272, 270, 269, 269, 268,
    270, 268, 271, 270, 272, 271, 269, 269, 271, 268, 268, 268, 269, 270,
    269, 270, 267, 272, 272, 272, 271 ]
RHandPositionsX: [ 262, 262, 264, 260, 261, 260, 259, 263, 260, 259, 260,
    259, 260, 261, 261, 262, 260, 256, 260, 250, 241, 221, 203, 185, 167,
    154, 138, 138, 136, 139, 146, 149, 155, 161, 165, 161, 160, 159, 159,
    160, 163, 172, 178, 183, 177, 178, 170, 170, 170, 167, 175, 186, 190,
    193, 191, 182, 178, 177, 174, 180, 182, 188, 193, 193, 191, 181, 180,
    175, 173, 180, 175, 191, 198, 204, 215, 217, 226, 231, 237, 242, 253,
    250, 249, 257, 262, 260, 259, 263 ]
RHandPositionsY: [ 265, 267, 264, 265, 263, 264, 265, 267, 265, 268, 265,
    265, 267, 266, 267, 267, 269, 265, 264, 256, 241, 226, 213, 189, 173,
    153, 129, 115, 114, 97, 90, 88, 89, 88, 88, 82, 81, 78, 79, 77, 80,
    81, 89, 82, 80, 77, 75, 78, 77, 81, 86, 89, 89, 96, 85, 86, 82, 84,
    81, 85, 91, 91, 90, 95, 87, 87, 85, 83, 80, 85, 97, 103, 126, 143,
    164, 178, 199, 213, 225, 242, 259, 257, 261, 261, 264, 264, 269, 267 ]
