%YAML:1.0
---
videoName: "RHShake02.mp4"
gestureLabel: 2
fps: 29
pixelSizeInCmTemp: 3.1933333333333330e-01
faceCenterPointX: 291
faceCenterPointY: 51
LHandPositionsX: [ 406, 405, 409, 405, 409, 408, 407, 409, 409, 407, 407,
    409, 406, 406, 405, 409, 405, 405, 408, 407, 408, 408, 407, 404, 404,
    406, 407, 404, 403, 405, 405, 403, 406, 403, 403, 403, 404, 402, 402,
    401, 400, 403, 400, 399, 401, 400, 403, 402, 401, 398, 399, 400, 398,
    398, 398, 398, 397, 400, 400, 396, 396, 400, 396, 398, 399, 395, 399,
    398, 397, 399, 396, 397, 395, 397, 399, 399, 398, 395, 399, 398, 395,
    395, 398, 397, 396, 396, 396, 396 ]
LHandPositionsY: [ 264, 261, 261, 263, 264, 263, 262, 262, 263, 265, 265,
    265, 262, 265, 264, 263, 264, 263, 263, 261, 263, 262, 262, 264, 261,
    263, 264, 262, 263, 264, 264, 261, 261, 264, 262, 260, 263, 261, 261,
    263, 263, 261, 264, 260, 263, 260, 261, 264, 261, 263, 260, 264, 260,
    262, 260, 264, 262, 264, 261, 262, 260, 264, 262, 261, 261, 263, 264,
    262, 264, 263, 262, 262, 263, 261, 260, 260, 261, 264, 262, 264, 263,
    264, 262, 261, 262, 263, 261, 260 ]
RHandPositionsX: [ 171, 174, 173, 172, 170, 174, 171, 171, 170, 170, 174,
    173, 172, 172, 174, 171, 174, 174, 174, 173, 171, 170, 174, 174, 171,
    174, 175, 177, 176, 171, 167, 162, 159, 156, 148, 155, 159, 174, 183,
    179, 179, 176, 170, 167, 163, 158, 158, 168, 178, 185, 192, 187, 182,
    176, 168, 165, 166, 165, 174, 184, 184, 183, 182, 176, 177, 170, 168,
    166, 170, 174, 185, 190, 195, 199, 200, 197, 197, 182, 188, 184, 181,
    179, 176, 174, 177, 177, 174, 174 ]
RHandPositionsY: [ 265, 264, 266, 265, 266, 263, 266, 264, 267, 263, 266,
    264, 265, 265, 265, 266, 266, 266, 265, 265, 266, 267, 265, 265, 264,
    267, 262, 248, 229, 209, 187, 166, 146, 122, 109, 99, 96, 95, 99,
    100, 96, 92, 93, 88, 87, 89, 89, 93, 98, 98, 97, 99, 91, 89, 87, 85,
    87, 88, 97, 101, 100, 100, 96, 98, 95, 91, 95, 93, 95, 100, 105, 118,
    132, 144, 156, 178, 194, 210, 228, 230, 236, 242, 242, 250, 253, 254,
    253, 256 ]
