%YAML:1.0
---
videoName: "RHShake08.mp4"
gestureLabel: 2
fps: 29
pixelSizeInCmTemp: 3.2808219178082193e-01
faceCenterPointX: 290
faceCenterPointY: 45
LHandPositionsX: [ 316, 316, 314, 314, 314, 315, 316, 316, 313, 311, 312,
    311, 310, 309, 308, 308, 310, 309, 310, 306, 310, 307, 308, 310, 309,
    306, 307, 310, 306, 310, 307, 309, 309, 308, 308, 309, 307, 307, 308,
    306, 306, 306, 308, 308, 308, 310, 309, 308, 306, 305, 306, 305, 306,
    307, 307, 305, 309, 307, 307, 305, 308, 306, 307, 309, 308, 307, 305,
    308, 307, 307, 309, 305, 308, 307, 308, 309, 305, 305, 306, 305, 306,
    305, 309, 306, 307, 307, 310, 311 ]
LHandPositionsY: [ 281, 278, 281, 283, 282, 282, 284, 285, 281, 281, 284,
    281, 282, 283, 281, 281, 285, 281, 282, 282, 281, 284, 281, 283, 281,
    283, 282, 284, 281, 284, 284, 284, 283, 283, 284, 281, 284, 283, 282,
    284, 284, 283, 285, 280, 282, 280, 281, 280, 284, 280, 283, 282, 284,
    280, 281, 283, 280, 280, 284, 283, 284, 281, 280, 281, 280, 284, 282,
    281, 281, 283, 284, 282, 283, 281, 282, 280, 283, 284, 284, 284, 282,
    280, 281, 282, 280, 283, 284, 282 ]
RHandPositionsX: [ 267, 270, 268, 270, 270, 272, 272, 276, 264, 259, 257,
    255, 251, 236, 220, 202, 188, 163, 154, 158, 166, 173, 200, 196, 206,
    198, 195, 192, 181, 178, 190, 190, 206, 202, 193, 195, 186, 181, 178,
    180, 193, 188, 189, 185, 182, 180, 172, 172, 173, 181, 183, 187, 192,
    188, 192, 190, 188, 202, 206, 219, 213, 207, 203, 200, 196, 194, 201,
    207, 213, 210, 214, 214, 223, 230, 242, 247, 251, 263, 263, 263, 266,
    269, 270, 271, 272, 275, 272, 269 ]
RHandPositionsY: [ 269, 267, 267, 269, 267, 270, 270, 270, 265, 263, 256,
    245, 233, 217, 203, 186, 171, 153, 133, 127, 114, 109, 107, 107, 107,
    103, 98, 94, 94, 90, 90, 95, 94, 94, 95, 92, 91, 89, 88, 90, 94, 95,
    91, 94, 91, 87, 84, 85, 91, 92, 93, 94, 99, 96, 91, 89, 91, 93, 100,
    94, 101, 100, 96, 91, 95, 92, 94, 101, 106, 106, 110, 123, 133, 144,
    158, 175, 191, 217, 229, 243, 260, 259, 261, 262, 261, 264, 264, 262 ]
