%YAML:1.0
---
videoName: "RHShake24.mp4"
gestureLabel: 2
fps: 30
pixelSizeInCmTemp: 3.3732394366197183e-01
faceCenterPointX: 304
faceCenterPointY: 46
LHandPositionsX: [ 391, 391, 391, 392, 389, 391, 389, 391, 390, 393, 392,
    393, 391, 393, 391, 391, 389, 391, 393, 389, 393, 392, 389, 393, 391,
    389, 393, 392, 390, 389, 393, 390, 389, 390, 393, 391, 389, 392, 389,
    389, 391, 389, 391, 389, 391, 393, 390, 390, 392, 391, 390, 392, 392,
    393, 392, 391, 393, 392, 392, 393, 390, 389, 389, 391, 390, 391, 389,
    393, 391, 389, 393, 390, 393, 389, 391, 392, 391, 389, 389, 390, 390,
    393, 391, 390, 391, 390, 391, 391, 393, 392, 389 ]
LHandPositionsY: [ 227, 227, 229, 226, 227, 227, 225, 229, 229, 228, 225,
    228, 227, 225, 227, 226, 227, 225, 229, 225, 229, 228, 225, 229, 229,
    225, 229, 228, 226, 225, 225, 226, 226, 228, 227, 229, 227, 229, 228,
    226, 227, 226, 225, 228, 229, 225, 225, 226, 228, 227, 225, 229, 229,
    228, 227, 226, 227, 226, 227, 226, 229, 227, 229, 226, 228, 225, 228,
    227, 226, 227, 228, 226, 228, 228, 226, 227, 229, 227, 229, 227, 225,
    227, 228, 227, 225, 228, 228, 225, 228, 228, 227 ]
RHandPositionsX: [ 144, 148, 152, 148, 156, 157, 153, 150, 144, 140, 137,
    135, 143, 154, 161, 161, 161, 160, 160, 156, 152, 144, 143, 142, 140,
    147, 157, 160, 157, 159, 158, 155, 151, 143, 143, 141, 145, 152, 157,
    158, 161, 162, 157, 157, 148, 146, 141, 143, 143, 149, 159, 163, 168,
    173, 168, 164, 157, 150, 152, 146, 147, 150, 150, 165, 167, 169, 169,
    173, 177, 176, 179, 180, 187, 187, 188, 189, 193, 191, 192, 193, 196,
    193, 193, 192, 194, 192, 194, 194, 193, 196, 193 ]
RHandPositionsY: [ 95, 102, 102, 98, 101, 100, 95, 90, 87, 88, 87, 87,
    86, 98, 109, 113, 113, 115, 105, 101, 97, 98, 96, 93, 90, 98, 108,
    113, 114, 113, 108, 100, 97, 95, 95, 94, 91, 94, 104, 108, 109, 111,
    108, 101, 101, 98, 99, 94, 95, 108, 120, 122, 118, 123, 121, 103,
    101, 99, 103, 101, 98, 95, 105, 114, 112, 118, 122, 124, 132, 139,
    149, 151, 151, 160, 166, 174, 176, 187, 196, 204, 209, 210, 212, 216,
    219, 221, 220, 223, 224, 224, 227 ]
