%YAML:1.0
---
videoName: "RHShake00.mp4"
gestureLabel: 2
fps: 29
pixelSizeInCmTemp: 3.4710144927536229e-01
faceCenterPointX: 283
faceCenterPointY: 97
LHandPositionsX: [ 344, 343, 345, 344, 343, 345, 342, 342, 346, 343, 346,
    346, 345, 345, 345, 345, 343, 345, 344, 343, 344, 345, 342, 346, 345,
    342, 346, 343, 342, 344, 344, 346, 346, 346, 344, 344, 343, 344, 346,
    345, 342, 344, 346, 344, 343, 345, 346, 346, 345, 342, 344, 345, 342,
    342, 343, 344, 343, 345, 342, 342, 346, 342, 344, 343, 343, 346, 344,
    343, 346, 343, 345, 342, 346, 343, 342, 343, 342, 345, 345, 346, 344,
    344, 345, 342, 343, 346, 344, 344 ]
LHandPositionsY: [ 272, 274, 273, 275, 276, 274, 274, 272, 276, 276, 274,
    274, 272, 273, 276, 274, 275, 276, 276, 273, 275, 273, 274, 272, 273,
    273, 272, 274, 272, 275, 273, 274, 274, 273, 274, 273, 275, 276, 272,
    275, 275, 273, 274, 274, 275, 275, 275, 273, 274, 273, 272, 276, 272,
    274, 276, 276, 276, 275, 273, 276, 272, 273, 276, 273, 273, 276, 275,
    276, 276, 274, 275, 273, 274, 273, 276, 272, 276, 275, 273, 275, 275,
    272, 276, 276, 276, 276, 276, 276 ]
RHandPositionsX: [ 179, 171, 169, 155, 151, 145, 144, 146, 144, 141, 146,
    146, 153, 169, 168, 166, 168, 168, 166, 160, 154, 151, 150, 148, 155,
    164, 163, 167, 166, 162, 157, 149, 149, 146, 150, 154, 164, 162, 165,
    164, 164, 154, 150, 145, 138, 144, 150, 154, 155, 154, 157, 160, 157,
    148, 144, 145, 145, 149, 153, 160, 160, 162, 168, 164, 156, 150, 146,
    143, 140, 148, 151, 154, 157, 159, 161, 166, 171, 173, 175, 182, 186,
    185, 190, 193, 193, 194, 195, 199 ]
RHandPositionsY: [ 257, 249, 241, 220, 203, 186, 177, 168, 158, 150, 144,
    138, 133, 133, 136, 137, 135, 132, 127, 122, 124, 124, 120, 120, 127,
    133, 132, 133, 134, 129, 125, 124, 128, 123, 131, 133, 136, 142, 138,
    140, 142, 133, 132, 130, 128, 133, 134, 137, 138, 137, 139, 142, 132,
    129, 131, 131, 130, 133, 137, 146, 147, 147, 145, 147, 141, 140, 138,
    137, 142, 148, 158, 160, 168, 177, 180, 191, 198, 204, 212, 221, 229,
    235, 241, 246, 254, 256, 260, 263 ]
