%YAML:1.0
---
videoName: "RHShake22.mp4"
gestureLabel: 2
fps: 29
pixelSizeInCmTemp: 3.3263888888888887e-01
faceCenterPointX: 290
faceCenterPointY: 48
LHandPositionsX: [ 394, 392, 393, 393, 394, 394, 393, 393, 392, 392, 393,
    392, 394, 393, 392, 392, 394, 393, 395, 392, 396, 394, 393, 393, 394,
    394, 396, 394, 393, 393, 392, 392, 395, 392, 395, 395, 393, 392, 395,
    393, 393, 393, 396, 394, 395, 395, 394, 396, 395, 392, 392, 393, 396,
    392, 395, 393, 395, 392, 393, 395, 394, 393, 395, 392, 392, 392, 396,
    392, 394, 394, 396, 394, 395, 395, 394, 392, 395, 395, 396, 393, 395,
    395, 393, 394, 392, 396, 396, 394 ]
LHandPositionsY: [ 232, 230, 233, 232, 233, 232, 234, 231, 234, 232, 232,
    234, 230, 233, 231, 233, 233, 232, 234, 232, 233, 234, 234, 231, 234,
    234, 233, 232, 232, 231, 230, 231, 233, 234, 230, 232, 230, 230, 234,
    234, 233, 234, 234, 233, 234, 234, 233, 231, 234, 233, 234, 234, 233,
    232, 233, 230, 230, 233, 233, 233, 233, 234, 233, 232, 233, 231, 231,
    232, 234, 230, 234, 234, 232, 233, 234, 230, 230, 234, 234, 233, 230,
    233, 234, 234, 234, 233, 231, 234 ]
RHandPositionsX: [ 150, 136, 128, 129, 134, 134, 146, 156, 164, 166, 165,
    165, 160, 157, 150, 149, 144, 145, 147, 155, 164, 172, 170, 169, 169,
    167, 164, 159, 154, 152, 152, 158, 168, 174, 173, 170, 170, 171, 164,
    162, 158, 160, 161, 167, 173, 172, 176, 175, 171, 166, 163, 157, 156,
    156, 159, 165, 173, 174, 177, 177, 175, 172, 171, 163, 158, 155, 151,
    154, 165, 178, 178, 176, 180, 182, 181, 180, 182, 180, 185, 185, 186,
    190, 191, 187, 188, 188, 187, 189 ]
RHandPositionsY: [ 140, 117, 102, 99, 95, 92, 85, 83, 88, 93, 91, 88, 84,
    79, 77, 79, 80, 76, 76, 86, 91, 91, 98, 95, 92, 89, 87, 83, 85, 82,
    79, 89, 93, 99, 104, 98, 94, 91, 90, 89, 88, 86, 85, 87, 94, 100,
    103, 100, 93, 89, 91, 90, 88, 84, 85, 82, 90, 99, 101, 101, 97, 94,
    94, 90, 93, 93, 90, 88, 92, 104, 108, 109, 113, 116, 122, 126, 138,
    149, 157, 169, 182, 192, 199, 203, 214, 219, 223, 223 ]
