%YAML:1.0
---
videoName: "RHShake08.mp4"
gestureLabel: 2
fps: 29
pixelSizeInCmTemp: 3.2808219178082193e-01
faceCenterPointX: 290
faceCenterPointY: 45
LHandPositionsX: [ 316, 313, 314, 317, 315, 314, 316, 314, 314, 309, 309,
    309, 312, 312, 311, 309, 310, 308, 310, 306, 307, 306, 309, 309, 308,
    306, 308, 306, 307, 307, 310, 310, 309, 309, 311, 306, 306, 308, 308,
    307, 306, 310, 307, 307, 306, 309, 310, 305, 308, 306, 309, 308, 305,
    305, 307, 305, 306, 308, 309, 306, 306, 306, 306, 305, 308, 309, 306,
    306, 306, 307, 308, 309, 306, 305, 305, 306, 307, 308, 306, 306, 307,
    305, 307, 306, 311, 308, 308, 307 ]
LHandPositionsY: [ 280, 280, 283, 279, 281, 281, 280, 282, 281, 281, 285,
    282, 284, 281, 283, 282, 282, 281, 285, 284, 282, 283, 284, 283, 284,
    285, 283, 281, 281, 282, 285, 285, 281, 285, 284, 283, 281, 282, 284,
    282, 285, 285, 285, 280, 281, 284, 280, 281, 283, 282, 283, 281, 283,
    282, 281, 283, 283, 281, 281, 280, 284, 280, 280, 284, 281, 280, 280,
    281, 283, 281, 282, 281, 283, 284, 281, 282, 284, 280, 283, 282, 282,
    283, 280, 281, 283, 281, 284, 281 ]
RHandPositionsX: [ 267, 270, 271, 271, 271, 270, 273, 275, 266, 259, 258,
    255, 248, 235, 218, 203, 184, 166, 156, 158, 166, 176, 201, 200, 207,
    201, 193, 191, 182, 181, 189, 189, 206, 201, 196, 196, 188, 180, 181,
    179, 190, 189, 186, 187, 185, 176, 172, 171, 174, 182, 184, 186, 191,
    186, 191, 189, 187, 202, 206, 217, 214, 204, 204, 199, 200, 197, 203,
    205, 213, 212, 213, 218, 225, 229, 240, 246, 252, 265, 260, 265, 264,
    269, 270, 273, 274, 275, 273, 269 ]
RHandPositionsY: [ 268, 270, 267, 269, 270, 266, 266, 268, 267, 262, 254,
    242, 229, 217, 203, 182, 171, 150, 129, 129, 115, 111, 106, 105, 111,
    104, 97, 92, 92, 94, 89, 95, 94, 94, 96, 92, 89, 89, 86, 91, 90, 95,
    93, 93, 89, 85, 86, 88, 88, 94, 93, 95, 97, 99, 93, 93, 90, 93, 97,
    96, 98, 98, 96, 91, 95, 92, 95, 99, 104, 108, 111, 123, 132, 143,
    159, 177, 195, 213, 227, 247, 256, 258, 260, 262, 263, 265, 264, 264 ]
