%YAML:1.0
---
videoName: "RHShake21.mp4"
gestureLabel: 2
fps: 29
pixelSizeInCmTemp: 3.3732394366197183e-01
faceCenterPointX: 293
faceCenterPointY: 47
LHandPositionsX: [ 394, 396, 396, 394, 394, 394, 397, 396, 398, 398, 396,
    396, 394, 394, 396, 396, 395, 397, 398, 394, 397, 398, 395, 397, 394,
    394, 398, 398, 394, 395, 398, 397, 397, 395, 396, 396, 395, 398, 398,
    397, 396, 395, 397, 398, 394, 397, 395, 394, 394, 394, 395, 397, 394,
    397, 394, 395, 395, 397, 395, 397, 396, 395, 398, 394, 395, 394, 397,
    394, 395, 396, 397, 395, 397, 397, 398, 396, 397, 396, 398, 395, 397,
    397, 395, 397, 396, 395, 398, 398 ]
LHandPositionsY: [ 242, 240, 238, 240, 238, 241, 240, 242, 242, 242, 240,
    242, 240, 242, 240, 238, 240, 239, 242, 241, 240, 239, 239, 241, 240,
    238, 242, 238, 241, 241, 242, 238, 242, 241, 240, 241, 240, 240, 238,
    239, 239, 240, 240, 238, 240, 241, 238, 240, 241, 240, 241, 240, 238,
    238, 240, 241, 240, 241, 238, 239, 239, 238, 238, 241, 240, 241, 239,
    238, 242, 238, 238, 238, 242, 239, 242, 241, 241, 242, 241, 238, 241,
    239, 241, 238, 240, 238, 242, 239 ]
RHandPositionsX: [ 135, 138, 144, 146, 148, 146, 145, 142, 136, 132, 136,
    140, 144, 147, 148, 149, 147, 145, 137, 139, 137, 135, 141, 144, 146,
    151, 150, 152, 145, 145, 141, 137, 139, 138, 139, 144, 148, 151, 149,
    146, 141, 139, 136, 137, 138, 140, 147, 146, 152, 150, 149, 141, 138,
    133, 132, 133, 140, 145, 153, 164, 171, 176, 178, 179, 180, 182, 188,
    186, 187, 189, 192, 189, 185, 186, 188, 190, 188, 187, 185, 187, 185,
    189, 186, 185, 189, 187, 188, 188 ]
RHandPositionsY: [ 81, 86, 90, 89, 87, 86, 82, 79, 80, 82, 82, 83, 89,
    91, 90, 94, 91, 84, 84, 84, 87, 84, 82, 87, 88, 91, 94, 94, 90, 86,
    88, 87, 84, 83, 86, 88, 92, 93, 92, 92, 88, 86, 87, 84, 82, 90, 99,
    97, 98, 97, 95, 98, 92, 95, 93, 91, 96, 105, 114, 125, 140, 150, 154,
    153, 158, 167, 179, 190, 199, 210, 214, 214, 219, 225, 225, 228, 226,
    229, 232, 228, 229, 227, 230, 231, 231, 227, 229, 231 ]
