%YAML:1.0
---
videoName: "RHShake24.mp4"
gestureLabel: 2
fps: 30
pixelSizeInCmTemp: 3.3732394366197183e-01
faceCenterPointX: 304
faceCenterPointY: 46
LHandPositionsX: [ 392, 393, 391, 389, 392, 393, 389, 392, 390, 390, 393,
    392, 389, 390, 390, 391, 390, 390, 391, 392, 391, 393, 391, 389, 391,
    393, 389, 389, 393, 393, 393, 392, 389, 393, 392, 393, 389, 391, 390,
    393, 392, 390, 392, 392, 391, 389, 393, 389, 390, 391, 390, 389, 391,
    392, 392, 390, 392, 392, 392, 392, 392, 390, 389, 392, 393, 393, 393,
    393, 391, 391, 392, 390, 392, 389, 389, 389, 391, 391, 389, 392, 389,
    393, 392, 389, 390, 392, 390, 393, 392, 392, 390 ]
LHandPositionsY: [ 226, 228, 225, 228, 227, 225, 229, 227, 229, 226, 228,
    229, 228, 228, 227, 227, 229, 228, 226, 226, 229, 228, 225, 227, 228,
    228, 228, 229, 226, 226, 225, 226, 228, 227, 226, 225, 229, 227, 228,
    228, 226, 229, 229, 225, 228, 225, 227, 228, 225, 228, 226, 226, 229,
    229, 225, 228, 229, 228, 225, 229, 225, 228, 226, 226, 228, 225, 225,
    228, 225, 227, 226, 229, 226, 225, 229, 228, 226, 229, 227, 225, 227,
    229, 228, 227, 225, 226, 227, 227, 225, 229, 226 ]
RHandPositionsX: [ 143, 146, 151, 148, 156, 153, 151, 151, 147, 140, 136,
    135, 144, 154, 164, 160, 160, 162, 162, 157, 148, 146, 144, 143, 139,
    147, 156, 158, 159, 158, 156, 156, 152, 145, 143, 144, 149, 155, 158,
    156, 162, 161, 156, 156, 150, 142, 141, 143, 142, 148, 159, 165, 167,
    172, 170, 165, 157, 151, 152, 145, 149, 150, 150, 163, 167, 170, 169,
    171, 176, 177, 182, 181, 187, 187, 191, 190, 192, 194, 191, 193, 196,
    194, 192, 192, 193, 196, 196, 193, 192, 195, 193 ]
RHandPositionsY: [ 97, 102, 100, 98, 105, 97, 92, 89, 89, 89, 88, 87, 86,
    99, 112, 113, 111, 113, 108, 101, 95, 98, 95, 94, 94, 101, 112, 110,
    113, 115, 107, 100, 99, 96, 93, 93, 91, 97, 100, 105, 109, 112, 110,
    104, 100, 97, 98, 95, 94, 108, 118, 119, 118, 121, 118, 105, 101,
    103, 100, 99, 97, 98, 104, 113, 112, 118, 121, 122, 131, 143, 149,
    151, 149, 158, 166, 170, 180, 187, 196, 202, 210, 208, 213, 214, 220,
    218, 219, 224, 225, 224, 229 ]
