%YAML:1.0
---
videoName: "RHShake20.mp4"
gestureLabel: 2
fps: 29
pixelSizeInCmTemp: 3.3263888888888887e-01
faceCenterPointX: 286
faceCenterPointY: 45
LHandPositionsX: [ 390, 394, 390, 393, 390, 392, 393, 394, 394, 393, 390,
    393, 392, 392, 394, 393, 394, 393, 392, 394, 392, 390, 390, 391, 391,
    393, 393, 390, 392, 391, 390, 393, 392, 391, 390, 394, 393, 393, 393,
    391, 391, 391, 393, 392, 392, 391, 394, 391, 391, 391, 394, 393, 394,
    392, 394, 394, 394, 393, 391, 393, 391, 394, 392, 391, 391, 391, 394,
    391, 392, 393, 393, 390, 393, 394, 391, 391, 392, 391, 390, 394, 393,
    391, 393, 391, 394, 394, 393, 393 ]
LHandPositionsY: [ 245, 244, 243, 245, 242, 241, 243, 242, 240, 241, 244,
    241, 240, 243, 239, 242, 240, 242, 240, 241, 241, 240, 242, 241, 243,
    239, 242, 239, 240, 242, 243, 240, 242, 242, 239, 239, 239, 243, 243,
    239, 240, 243, 240, 242, 242, 241, 239, 239, 241, 242, 240, 239, 242,
    242, 240, 243, 240, 240, 240, 239, 243, 241, 240, 241, 239, 241, 242,
    241, 242, 239, 242, 243, 240, 239, 239, 240, 240, 242, 239, 239, 241,
    241, 243, 240, 241, 241, 241, 241 ]
RHandPositionsX: [ 165, 163, 162, 154, 153, 152, 150, 156, 157, 157, 159,
    158, 159, 153, 150, 153, 148, 152, 158, 160, 162, 164, 158, 155, 153,
    154, 150, 153, 162, 160, 160, 161, 158, 152, 157, 152, 150, 149, 160,
    165, 167, 167, 164, 164, 156, 153, 152, 151, 158, 160, 167, 168, 168,
    167, 169, 168, 166, 165, 162, 159, 161, 169, 173, 176, 180, 186, 184,
    187, 186, 184, 182, 180, 179, 177, 176, 179, 181, 180, 180, 177, 179,
    179, 176, 176, 176, 180, 180, 176 ]
RHandPositionsY: [ 109, 108, 103, 102, 98, 98, 97, 98, 103, 102, 103,
    101, 97, 97, 97, 97, 97, 104, 114, 116, 114, 113, 112, 110, 107, 105,
    108, 109, 117, 118, 120, 115, 112, 108, 107, 103, 105, 107, 116, 119,
    123, 120, 124, 119, 116, 114, 115, 110, 112, 115, 122, 125, 123, 125,
    125, 120, 117, 116, 110, 111, 115, 126, 133, 139, 144, 154, 164, 175,
    183, 193, 202, 208, 217, 225, 233, 231, 240, 239, 241, 241, 244, 247,
    245, 245, 244, 247, 244, 244 ]
