%YAML:1.0
---
videoName: "RHShake16.mp4"
gestureLabel: 2
fps: 29
pixelSizeInCmTemp: 3.2808219178082193e-01
faceCenterPointX: 281
faceCenterPointY: 44
LHandPositionsX: [ 370, 371, 369, 372, 373, 370, 369, 369, 373, 373, 373,
    373, 370, 369, 373, 373, 371, 372, 370, 373, 372, 372, 373, 370, 371,
    371, 369, 372, 371, 371, 372, 372, 370, 373, 372, 372, 369, 373, 372,
    372, 372, 370, 373, 372, 370, 371, 369, 372, 373, 369, 373, 372, 370,
    373, 370, 372, 373, 371, 371, 373, 373, 372, 371, 370, 369, 373, 372,
    369, 370, 371, 373, 372, 373, 371, 370, 372, 372, 373, 373, 373, 372,
    371, 373, 371, 373, 369, 370, 372 ]
LHandPositionsY: [ 231, 231, 233, 234, 233, 234, 231, 230, 231, 232, 234,
    231, 231, 234, 233, 232, 233, 232, 230, 233, 230, 231, 232, 231, 234,
    230, 233, 234, 230, 231, 234, 233, 234, 234, 232, 230, 230, 230, 230,
    231, 230, 234, 232, 230, 231, 234, 234, 234, 232, 233, 230, 232, 231,
    233, 233, 233, 229, 232, 230, 229, 230, 231, 231, 233, 233, 231, 229,
    233, 232, 232, 231, 230, 232, 232, 231, 231, 230, 229, 230, 233, 232,
    231, 230, 229, 229, 232, 233, 229 ]
RHandPositionsX: [ 171, 171, 169, 167, 169, 171, 171, 167, 170, 170, 170,
    168, 167, 170, 168, 167, 169, 168, 161, 156, 152, 149, 137, 132, 128,
    121, 119, 121, 124, 125, 127, 130, 135, 141, 144, 141, 135, 135, 135,
    138, 141, 144, 149, 149, 149, 147, 147, 150, 144, 147, 149, 152, 154,
    148, 148, 145, 146, 147, 148, 150, 155, 155, 154, 151, 156, 151, 150,
    153, 152, 159, 167, 173, 175, 177, 175, 172, 176, 174, 170, 168, 170,
    168, 170, 168, 171, 172, 169, 172 ]
RHandPositionsY: [ 265, 266, 266, 268, 268, 269, 267, 268, 265, 265, 268,
    266, 268, 265, 266, 268, 266, 267, 254, 245, 220, 201, 179, 161, 145,
    130, 115, 115, 110, 104, 108, 103, 98, 95, 95, 95, 94, 91, 89, 86,
    87, 88, 88, 89, 89, 85, 86, 86, 86, 86, 90, 86, 87, 89, 85, 87, 84,
    88, 89, 91, 90, 91, 88, 86, 87, 86, 88, 94, 104, 117, 134, 145, 158,
    174, 185, 190, 197, 202, 210, 215, 221, 224, 225, 234, 236, 238, 236,
    239 ]
