%YAML:1.0
---
videoName: "RHShake10.mp4"
gestureLabel: 2
fps: 29
pixelSizeInCmTemp: 3.1933333333333330e-01
faceCenterPointX: 295
faceCenterPointY: 45
LHandPositionsX: [ 342, 342, 339, 339, 342, 337, 335, 336, 332, 332, 335,
    329, 327, 329, 327, 324, 327, 326, 325, 326, 329, 327, 330, 326, 326,
    329, 330, 330, 327, 328, 327, 326, 328, 328, 328, 330, 327, 330, 329,
    326, 327, 328, 327, 330, 326, 327, 326, 330, 330, 330, 330, 327, 326,
    326, 330, 326, 327, 330, 330, 330, 328, 326, 330, 328, 330, 326, 328,
    329, 330, 330, 328, 329, 328, 330, 330, 327, 331, 330, 329, 330, 328,
    329, 329, 329, 331, 331, 327, 327 ]
LHandPositionsY: [ 263, 264, 266, 265, 267, 267, 267, 269, 270, 272, 272,
    269, 272, 273, 273, 273, 273, 274, 271, 270, 274, 270, 271, 274, 271,
    273, 274, 271, 273, 269, 271, 272, 270, 273, 270, 273, 272, 268, 272,
    272, 269, 272, 271, 271, 268, 271, 271, 270, 268, 271, 270, 270, 268,
    271, 272, 268, 269, 268, 271, 270, 271, 268, 272, 272, 270, 272, 270,
    272, 272, 270, 268, 271, 271, 269, 270, 267, 270, 270, 270, 267, 271,
    271, 267, 271, 268, 268, 271, 273 ]
RHandPositionsX: [ 259, 261, 261, 259, 259, 261, 260, 259, 261, 257, 262,
    257, 260, 260, 261, 260, 258, 256, 262, 253, 240, 223, 203, 184, 165,
    153, 136, 135, 139, 135, 145, 149, 152, 163, 165, 164, 158, 158, 162,
    157, 161, 171, 177, 183, 174, 179, 173, 172, 170, 170, 174, 188, 190,
    196, 190, 183, 180, 178, 177, 180, 181, 188, 192, 195, 188, 181, 176,
    173, 175, 177, 178, 191, 198, 205, 213, 217, 226, 229, 238, 244, 249,
    250, 250, 259, 264, 262, 259, 263 ]
RHandPositionsY: [ 264, 268, 265, 266, 263, 266, 264, 267, 267, 266, 267,
    268, 269, 268, 265, 269, 266, 266, 268, 255, 243, 230, 212, 191, 170,
    153, 129, 114, 115, 97, 89, 86, 86, 90, 87, 83, 82, 76, 76, 76, 80,
    81, 86, 85, 84, 79, 75, 78, 74, 79, 83, 89, 91, 95, 86, 82, 84, 82,
    83, 85, 90, 92, 92, 93, 88, 87, 85, 82, 83, 88, 94, 104, 126, 146,
    160, 180, 198, 211, 227, 244, 256, 256, 261, 262, 264, 267, 267, 268 ]
