%YAML:1.0
---
videoName: "RHShake08.mp4"
gestureLabel: 2
fps: 29
pixelSizeInCmTemp: 3.2808219178082193e-01
faceCenterPointX: 290
faceCenterPointY: 45
LHandPositionsX: [ 314, 313, 313, 317, 315, 313, 312, 314, 311, 313, 308,
    311, 313, 311, 308, 307, 309, 307, 308, 307, 307, 308, 308, 308, 310,
    310, 308, 309, 306, 309, 306, 308, 308, 309, 307, 308, 306, 308, 310,
    310, 306, 309, 306, 307, 309, 307, 307, 308, 305, 305, 309, 306, 307,
    309, 307, 308, 306, 309, 306, 306, 308, 309, 306, 308, 305, 309, 306,
    305, 307, 309, 307, 306, 309, 307, 309, 307, 306, 308, 307, 306, 308,
    306, 309, 307, 310, 307, 310, 310 ]
LHandPositionsY: [ 280, 281, 282, 282, 279, 282, 280, 284, 284, 285, 282,
    285, 285, 285, 284, 284, 283, 285, 283, 282, 284, 283, 281, 284, 281,
    285, 281, 285, 284, 282, 283, 285, 284, 284, 283, 281, 283, 285, 281,
    285, 284, 283, 285, 282, 283, 283, 284, 280, 280, 280, 281, 281, 281,
    280, 283, 284, 283, 283, 280, 282, 284, 280, 281, 280, 284, 281, 284,
    284, 283, 282, 282, 282, 280, 284, 284, 281, 283, 284, 284, 284, 280,
    282, 282, 280, 283, 281, 283, 283 ]
RHandPositionsX: [ 270, 267, 269, 273, 273, 269, 274, 278, 266, 258, 261,
    258, 252, 234, 218, 201, 186, 166, 157, 158, 163, 175, 201, 197, 204,
    201, 192, 191, 182, 178, 189, 193, 205, 202, 193, 195, 185, 184, 178,
    177, 190, 190, 188, 186, 184, 176, 175, 174, 173, 184, 186, 190, 189,
    190, 192, 189, 190, 200, 203, 218, 214, 208, 203, 201, 197, 197, 201,
    205, 214, 214, 210, 218, 223, 228, 240, 249, 249, 263, 263, 262, 268,
    268, 270, 273, 274, 274, 273, 271 ]
RHandPositionsY: [ 269, 267, 268, 270, 266, 266, 269, 266, 268, 263, 252,
    245, 230, 218, 205, 182, 173, 153, 133, 128, 113, 110, 107, 106, 109,
    102, 98, 93, 91, 91, 88, 91, 97, 96, 96, 92, 87, 88, 86, 87, 92, 94,
    94, 91, 91, 89, 84, 87, 91, 93, 97, 94, 101, 97, 93, 92, 93, 91, 97,
    97, 101, 101, 97, 93, 92, 94, 95, 101, 105, 106, 110, 126, 132, 145,
    157, 177, 195, 216, 228, 244, 258, 261, 257, 262, 260, 266, 264, 264 ]
