%YAML:1.0
---
videoName: "RHShake13.mp4"
gestureLabel: 2
fps: 30
pixelSizeInCmTemp: 3.2808219178082193e-01
faceCenterPointX: 278
faceCenterPointY: 45
LHandPositionsX: [ 305, 307, 306, 307, 308, 309, 309, 309, 305, 309, 308,
    306, 309, 309, 308, 305, 306, 307, 308, 308, 307, 306, 309, 305, 305,
    306, 309, 307, 309, 307, 309, 309, 308, 307, 309, 305, 309, 305, 307,
    309, 308, 306, 305, 309, 308, 307, 309, 308, 309, 305, 305, 309, 308,
    305, 305, 309, 307, 306, 306, 305, 305, 305, 309, 308, 307, 308, 307,
    307, 307, 308, 305, 308, 308, 308, 309, 308, 308, 307, 306, 308, 304,
    305, 305, 306, 305, 303, 303, 305, 304, 305, 304 ]
LHandPositionsY: [ 243, 246, 242, 245, 242, 241, 243, 243, 244, 245, 242,
    241, 245, 242, 240, 243, 243, 241, 243, 242, 240, 241, 243, 239, 242,
    241, 239, 241, 239, 243, 240, 240, 243, 240, 241, 242, 239, 239, 239,
    238, 238, 241, 238, 239, 238, 238, 241, 238, 241, 239, 241, 240, 242,
    241, 239, 240, 241, 241, 240, 242, 241, 240, 242, 238, 242, 241, 241,
    242, 239, 241, 237, 240, 241, 238, 237, 235, 236, 235, 234, 233, 235,
    234, 232, 236, 238, 239, 241, 246, 247, 243, 245 ]
RHandPositionsX: [ 166, 153, 136, 141, 140, 141, 142, 141, 148, 146, 149,
    148, 143, 136, 133, 140, 140, 144, 143, 143, 139, 134, 129, 129, 128,
    132, 134, 140, 137, 135, 134, 133, 128, 133, 128, 133, 137, 137, 134,
    139, 132, 133, 133, 133, 137, 147, 151, 148, 147, 146, 145, 139, 135,
    138, 137, 140, 142, 142, 141, 138, 135, 132, 130, 131, 138, 141, 142,
    145, 156, 161, 171, 176, 188, 198, 214, 226, 235, 245, 254, 254, 250,
    253, 258, 258, 258, 259, 257, 260, 259, 257, 259 ]
RHandPositionsY: [ 158, 140, 118, 117, 113, 110, 106, 101, 97, 93, 93,
    91, 89, 87, 88, 85, 88, 89, 90, 85, 87, 87, 88, 87, 86, 89, 88, 88,
    90, 88, 90, 87, 89, 91, 92, 89, 94, 94, 93, 92, 89, 91, 87, 89, 89,
    94, 95, 93, 94, 92, 95, 95, 95, 96, 94, 97, 101, 100, 100, 97, 99,
    94, 94, 97, 102, 104, 109, 112, 118, 125, 134, 146, 156, 163, 176,
    188, 200, 206, 215, 217, 216, 220, 230, 237, 235, 235, 238, 239, 239,
    238, 243 ]
