%YAML:1.0
---
videoName: "RHShake22.mp4"
gestureLabel: 2
fps: 29
pixelSizeInCmTemp: 3.3263888888888887e-01
faceCenterPointX: 290
faceCenterPointY: 48
LHandPositionsX: [ 392, 394, 395, 395, 395, 392, 392, 393, 395, 394, 396,
    393, 393, 396, 394, 392, 392, 393, 393, 394, 393, 392, 396, 394, 392,
    395, 392, 393, 392, 396, 393, 395, 393, 394, 393, 396, 395, 393, 393,
    396, 392, 394, 392, 392, 393, 393, 393, 395, 394, 394, 393, 393, 393,
    394, 396, 396, 396, 395, 396, 393, 394, 393, 396, 393, 395, 392, 396,
    396, 396, 395, 395, 395, 393, 393, 393, 395, 393, 393, 396, 392, 393,
    395, 392, 396, 393, 392, 394, 392 ]
LHandPositionsY: [ 233, 234, 233, 232, 234, 231, 232, 231, 230, 231, 231,
    230, 230, 232, 232, 231, 234, 231, 234, 234, 232, 234, 234, 234, 234,
    231, 232, 230, 234, 231, 232, 231, 232, 234, 231, 234, 231, 231, 233,
    231, 233, 231, 231, 230, 234, 230, 232, 234, 234, 233, 231, 233, 234,
    233, 231, 231, 233, 232, 230, 232, 231, 234, 231, 234, 232, 230, 233,
    231, 234, 233, 233, 232, 231, 231, 230, 231, 234, 234, 232, 233, 232,
    230, 233, 233, 234, 233, 230, 232 ]
RHandPositionsX: [ 148, 138, 131, 131, 134, 137, 145, 158, 164, 163, 165,
    166, 162, 159, 153, 149, 142, 146, 144, 152, 163, 170, 173, 171, 168,
    166, 161, 155, 154, 153, 155, 159, 164, 174, 171, 170, 174, 168, 167,
    162, 157, 159, 162, 167, 172, 176, 175, 175, 173, 170, 160, 157, 154,
    155, 157, 165, 170, 174, 179, 178, 178, 174, 169, 161, 158, 156, 155,
    155, 165, 175, 177, 178, 179, 182, 182, 181, 182, 184, 183, 183, 188,
    191, 189, 186, 190, 187, 190, 189 ]
RHandPositionsY: [ 141, 118, 104, 102, 94, 91, 81, 83, 90, 94, 93, 92,
    87, 79, 80, 79, 77, 75, 76, 86, 88, 95, 99, 98, 93, 90, 85, 82, 85,
    82, 78, 92, 93, 97, 101, 99, 95, 92, 87, 86, 84, 83, 83, 91, 94, 100,
    100, 101, 95, 89, 89, 91, 90, 85, 84, 83, 90, 98, 104, 103, 99, 94,
    92, 94, 90, 90, 93, 90, 89, 103, 106, 109, 112, 120, 120, 126, 137,
    149, 161, 169, 181, 193, 200, 203, 215, 220, 226, 225 ]
