%YAML:1.0
---
videoName: "RHShake08.mp4"
gestureLabel: 2
fps: 29
pixelSizeInCmTemp: 3.2808219178082193e-01
faceCenterPointX: 290
faceCenterPointY: 45
LHandPositionsX: [ 314, 314, 316, 315, 316, 316, 313, 313, 314, 309, 311,
    309, 311, 311, 309, 309, 309, 309, 307, 310, 306, 308, 308, 306, 308,
    306, 306, 309, 308, 306, 309, 310, 308, 309, 309, 307, 308, 306, 310,
    309, 308, 308, 308, 307, 305, 309, 307, 309, 306, 305, 308, 308, 307,
    306, 305, 308, 307, 305, 306, 308, 308, 308, 309, 307, 308, 308, 308,
    305, 308, 309, 308, 305, 307, 306, 309, 308, 308, 308, 305, 306, 307,
    305, 309, 309, 310, 311, 310, 308 ]
LHandPositionsY: [ 281, 279, 282, 282, 283, 280, 283, 283, 283, 281, 284,
    281, 285, 283, 283, 282, 282, 283, 285, 283, 281, 283, 282, 281, 283,
    284, 282, 284, 282, 283, 283, 281, 283, 284, 284, 282, 285, 283, 285,
    281, 281, 284, 281, 283, 282, 280, 283, 284, 280, 283, 282, 280, 280,
    283, 283, 282, 284, 280, 281, 280, 283, 281, 284, 280, 281, 283, 280,
    283, 284, 284, 282, 283, 281, 284, 281, 282, 281, 280, 280, 281, 281,
    284, 284, 282, 282, 281, 280, 283 ]
RHandPositionsX: [ 268, 267, 268, 272, 270, 269, 273, 278, 265, 259, 258,
    256, 251, 234, 222, 203, 187, 165, 157, 162, 163, 176, 201, 197, 205,
    198, 193, 190, 183, 179, 187, 193, 203, 199, 197, 196, 185, 184, 177,
    177, 189, 191, 186, 184, 183, 179, 176, 173, 175, 183, 186, 190, 190,
    187, 192, 189, 188, 204, 203, 218, 214, 207, 206, 201, 197, 194, 201,
    206, 215, 211, 213, 214, 224, 228, 240, 249, 253, 263, 264, 263, 264,
    270, 269, 272, 275, 277, 274, 269 ]
RHandPositionsY: [ 269, 269, 267, 269, 267, 268, 266, 266, 268, 263, 252,
    244, 229, 218, 202, 182, 174, 152, 131, 126, 116, 110, 108, 107, 107,
    102, 97, 93, 94, 94, 88, 92, 94, 95, 96, 89, 91, 89, 87, 89, 90, 91,
    93, 92, 89, 87, 84, 87, 91, 92, 97, 95, 99, 97, 93, 91, 91, 94, 97,
    95, 99, 100, 94, 95, 93, 96, 97, 101, 107, 105, 110, 125, 133, 145,
    160, 177, 195, 213, 230, 243, 259, 262, 259, 258, 262, 263, 266, 265 ]
