%YAML:1.0
---
videoName: "RHShake01.mp4"
gestureLabel: 2
fps: 29
pixelSizeInCmTemp: 3.1513157894736843e-01
faceCenterPointX: 292
faceCenterPointY: 51
LHandPositionsX: [ 394, 394, 394, 393, 395, 392, 393, 396, 394, 395, 396,
    395, 393, 393, 395, 391, 393, 393, 391, 395, 392, 391, 394, 394, 394,
    391, 391, 395, 393, 392, 393, 394, 395, 394, 391, 395, 392, 393, 394,
    392, 391, 393, 395, 393, 395, 394, 391, 394, 393, 395, 395, 393, 391,
    393, 391, 394, 394, 392, 395, 392, 392, 391, 394, 395, 391, 393, 393,
    394, 395, 395, 395, 393, 394, 392, 394, 392, 392, 393, 392, 392, 391,
    393, 393, 393, 395, 394, 395, 391 ]
LHandPositionsY: [ 257, 255, 255, 256, 253, 253, 255, 255, 257, 254, 257,
    256, 257, 254, 254, 255, 254, 257, 256, 257, 256, 254, 257, 255, 255,
    256, 256, 254, 256, 257, 255, 255, 255, 254, 254, 254, 253, 253, 254,
    256, 254, 257, 255, 256, 254, 256, 255, 257, 257, 255, 257, 257, 257,
    256, 254, 255, 256, 253, 256, 257, 256, 253, 255, 256, 253, 254, 253,
    256, 254, 257, 256, 257, 257, 253, 257, 253, 256, 254, 257, 257, 255,
    253, 256, 257, 253, 253, 255, 255 ]
RHandPositionsX: [ 170, 167, 168, 168, 167, 171, 169, 170, 167, 170, 169,
    168, 169, 168, 171, 170, 170, 169, 168, 169, 170, 169, 168, 171, 171,
    168, 169, 177, 177, 168, 163, 160, 155, 154, 156, 163, 170, 182, 194,
    193, 191, 186, 182, 177, 176, 174, 175, 188, 193, 193, 191, 189, 184,
    180, 179, 179, 178, 183, 185, 191, 189, 193, 193, 185, 180, 179, 176,
    180, 185, 193, 195, 197, 195, 198, 194, 190, 187, 187, 189, 183, 176,
    176, 174, 175, 175, 175, 173, 176 ]
RHandPositionsY: [ 280, 279, 276, 276, 278, 276, 279, 279, 280, 279, 280,
    276, 279, 278, 277, 277, 279, 277, 278, 276, 278, 278, 278, 280, 279,
    276, 268, 247, 229, 206, 188, 166, 153, 134, 132, 114, 106, 108, 111,
    108, 109, 102, 103, 100, 101, 97, 100, 99, 103, 99, 97, 94, 93, 95,
    92, 90, 93, 100, 99, 102, 102, 97, 101, 96, 96, 94, 95, 96, 103, 106,
    114, 123, 135, 145, 161, 179, 191, 201, 203, 210, 222, 228, 232, 244,
    244, 244, 244, 246 ]
