%YAML:1.0
---
videoName: "RHShake21.mp4"
gestureLabel: 2
fps: 29
pixelSizeInCmTemp: 3.3732394366197183e-01
faceCenterPointX: 293
faceCenterPointY: 47
LHandPositionsX: [ 395, 396, 398, 397, 395, 397, 394, 395, 397, 394, 394,
    397, 396, 395, 395, 396, 394, 396, 394, 396, 395, 398, 398, 398, 397,
    394, 395, 398, 396, 394, 396, 398, 398, 397, 395, 395, 398, 397, 397,
    396, 394, 398, 397, 398, 397, 397, 397, 396, 398, 397, 394, 397, 397,
    397, 396, 397, 396, 396, 397, 398, 396, 395, 395, 396, 396, 394, 396,
    398, 395, 395, 396, 395, 394, 397, 397, 398, 395, 394, 396, 395, 395,
    397, 395, 396, 396, 398, 395, 396 ]
LHandPositionsY: [ 238, 240, 242, 238, 240, 242, 241, 242, 242, 241, 242,
    241, 238, 240, 242, 242, 239, 240, 239, 238, 242, 242, 240, 241, 241,
    242, 240, 239, 241, 242, 239, 239, 238, 238, 242, 240, 242, 238, 239,
    239, 240, 242, 240, 238, 238, 240, 239, 242, 240, 239, 242, 241, 240,
    241, 242, 242, 238, 242, 240, 240, 240, 241, 241, 242, 238, 239, 238,
    242, 241, 238, 242, 240, 241, 240, 239, 241, 241, 242, 242, 238, 239,
    238, 240, 239, 239, 241, 242, 239 ]
RHandPositionsX: [ 133, 139, 140, 145, 147, 145, 145, 138, 137, 134, 135,
    142, 146, 147, 148, 151, 146, 143, 140, 137, 137, 137, 139, 146, 146,
    149, 151, 152, 147, 145, 140, 135, 137, 141, 139, 148, 150, 152, 150,
    146, 140, 137, 136, 135, 139, 140, 147, 147, 149, 152, 146, 144, 137,
    134, 132, 136, 140, 146, 156, 160, 168, 176, 176, 180, 180, 182, 187,
    188, 188, 187, 191, 191, 187, 186, 190, 188, 189, 186, 186, 186, 188,
    187, 187, 187, 186, 189, 186, 188 ]
RHandPositionsY: [ 81, 89, 88, 87, 86, 85, 82, 79, 81, 79, 79, 85, 89,
    88, 92, 93, 90, 87, 83, 84, 86, 81, 80, 87, 87, 90, 93, 91, 88, 86,
    85, 86, 81, 85, 85, 91, 92, 93, 94, 92, 89, 87, 89, 86, 82, 92, 98,
    99, 100, 100, 96, 98, 92, 92, 93, 91, 93, 104, 117, 125, 139, 149,
    150, 151, 161, 170, 181, 191, 200, 210, 217, 212, 221, 228, 224, 224,
    229, 229, 231, 227, 230, 228, 228, 227, 227, 231, 229, 230 ]
