%YAML:1.0
---
videoName: "RHShake12.mp4"
gestureLabel: 2
fps: 29
pixelSizeInCmTemp: 3.3732394366197183e-01
faceCenterPointX: 299
faceCenterPointY: 45
LHandPositionsX: [ 407, 407, 406, 405, 407, 407, 407, 404, 406, 406, 404,
    405, 407, 407, 404, 405, 405, 408, 404, 405, 406, 405, 406, 406, 404,
    408, 408, 407, 408, 405, 407, 406, 406, 404, 407, 404, 405, 404, 404,
    406, 404, 404, 407, 408, 404, 404, 405, 406, 406, 405, 408, 405, 406,
    406, 407, 404, 404, 408, 407, 406, 405, 408, 406, 404, 404, 406, 404,
    404, 407, 405, 406, 408, 404, 408, 407, 405, 405, 406, 407, 405, 406,
    407, 407, 407, 408, 406, 406, 406 ]
LHandPositionsY: [ 239, 240, 241, 242, 243, 243, 243, 240, 241, 242, 240,
    243, 240, 243, 243, 240, 240, 240, 243, 239, 239, 240, 243, 241, 243,
    239, 239, 239, 242, 241, 241, 242, 241, 241, 242, 239, 242, 242, 242,
    239, 241, 242, 239, 242, 241, 243, 243, 243, 243, 243, 243, 241, 242,
    242, 241, 239, 242, 242, 239, 240, 243, 243, 242, 241, 240, 242, 242,
    239, 239, 241, 240, 239, 243, 239, 242, 239, 241, 239, 243, 241, 243,
    243, 242, 240, 239, 239, 239, 239 ]
RHandPositionsX: [ 171, 168, 161, 164, 165, 171, 182, 193, 194, 197, 191,
    185, 177, 173, 173, 167, 169, 177, 188, 186, 191, 182, 181, 172, 170,
    164, 166, 176, 188, 195, 190, 193, 185, 181, 178, 174, 173, 175, 180,
    191, 195, 195, 184, 178, 174, 178, 173, 175, 180, 191, 190, 191, 194,
    192, 185, 179, 176, 178, 172, 177, 180, 193, 201, 202, 201, 202, 197,
    189, 186, 185, 186, 187, 190, 193, 199, 196, 198, 202, 200, 203, 199,
    201, 200, 197, 196, 196, 198, 198 ]
RHandPositionsY: [ 139, 127, 121, 111, 107, 92, 94, 104, 107, 110, 102,
    92, 91, 91, 88, 86, 82, 86, 103, 102, 108, 99, 91, 85, 87, 86, 85,
    92, 99, 113, 113, 109, 100, 97, 95, 92, 91, 89, 98, 113, 113, 117,
    102, 99, 95, 94, 88, 86, 95, 111, 109, 113, 115, 104, 92, 92, 91, 88,
    86, 87, 92, 108, 120, 118, 121, 118, 114, 109, 110, 113, 115, 123,
    134, 147, 162, 164, 167, 177, 183, 193, 204, 209, 215, 218, 219, 224,
    231, 229 ]
