%YAML:1.0
---
videoName: "RHShake05.mp4"
gestureLabel: 2
fps: 30
pixelSizeInCmTemp: 3.1103896103896100e-01
faceCenterPointX: 295
faceCenterPointY: 47
LHandPositionsX: [ 409, 411, 409, 410, 409, 408, 408, 411, 408, 409, 408,
    408, 408, 411, 411, 412, 411, 411, 412, 410, 409, 412, 411, 409, 410,
    408, 412, 412, 410, 412, 412, 412, 411, 409, 411, 408, 408, 411, 410,
    411, 409, 410, 412, 408, 408, 409, 410, 411, 411, 409, 408, 408, 412,
    408, 411, 410, 412, 410, 412, 412, 410, 410, 408, 410, 410, 408, 411,
    411, 410, 411, 411, 411, 411, 410, 409, 408, 408, 412, 411, 410, 412,
    412, 410, 409, 410, 412, 412, 411, 409, 411, 411 ]
LHandPositionsY: [ 257, 257, 260, 261, 258, 258, 260, 259, 259, 258, 257,
    258, 260, 257, 261, 260, 259, 258, 258, 257, 259, 257, 259, 257, 261,
    257, 259, 260, 258, 258, 261, 261, 257, 257, 259, 260, 257, 260, 261,
    258, 261, 260, 258, 260, 260, 259, 261, 261, 260, 260, 259, 259, 258,
    260, 258, 260, 259, 259, 257, 260, 261, 259, 258, 258, 257, 261, 259,
    257, 260, 258, 257, 259, 261, 261, 258, 261, 259, 259, 259, 259, 258,
    261, 260, 259, 257, 257, 258, 260, 260, 258, 259 ]
RHandPositionsX: [ 174, 175, 173, 175, 174, 176, 176, 176, 174, 176, 172,
    173, 174, 173, 174, 172, 174, 175, 173, 174, 170, 172, 171, 175, 174,
    179, 183, 178, 173, 167, 152, 158, 155, 158, 163, 174, 189, 201, 192,
    182, 173, 172, 169, 170, 176, 179, 190, 182, 175, 172, 171, 169, 167,
    173, 176, 191, 185, 178, 173, 169, 168, 168, 176, 191, 191, 193, 185,
    180, 179, 180, 183, 180, 187, 194, 194, 190, 182, 175, 172, 175, 173,
    177, 184, 186, 190, 190, 182, 179, 180, 178, 175 ]
RHandPositionsY: [ 261, 258, 258, 261, 259, 258, 261, 258, 260, 259, 258,
    261, 260, 259, 258, 259, 259, 261, 260, 261, 259, 261, 259, 260, 257,
    250, 230, 209, 179, 157, 131, 129, 105, 90, 88, 93, 95, 92, 89, 87,
    83, 77, 80, 82, 84, 86, 81, 81, 77, 73, 74, 77, 78, 87, 84, 93, 87,
    86, 85, 82, 84, 83, 89, 92, 91, 94, 90, 85, 83, 86, 81, 86, 89, 91,
    90, 88, 87, 88, 88, 95, 111, 132, 157, 180, 204, 223, 225, 233, 242,
    251, 249 ]
