%YAML:1.0
---
videoName: "RHShake21.mp4"
gestureLabel: 2
fps: 29
pixelSizeInCmTemp: 3.3732394366197183e-01
faceCenterPointX: 293
faceCenterPointY: 47
LHandPositionsX: [ 394, 398, 395, 395, 397, 395, 398, 398, 394, 396, 394,
    398, 397, 397, 398, 396, 394, 397, 397, 396, 394, 394, 395, 395, 398,
    394, 395, 398, 397, 396, 397, 396, 396, 396, 396, 398, 397, 396, 394,
    394, 396, 396, 395, 396, 397, 394, 397, 395, 396, 394, 395, 394, 394,
    397, 398, 394, 398, 397, 395, 395, 396, 398, 395, 394, 397, 394, 395,
    397, 396, 394, 397, 397, 396, 397, 394, 394, 394, 397, 397, 396, 394,
    397, 398, 396, 398, 397, 396, 397 ]
LHandPositionsY: [ 241, 242, 238, 240, 241, 238, 241, 241, 239, 240, 240,
    239, 240, 240, 242, 242, 240, 239, 238, 242, 242, 241, 241, 241, 240,
    239, 238, 242, 240, 241, 242, 238, 240, 239, 239, 239, 240, 242, 240,
    240, 240, 238, 240, 241, 238, 242, 239, 239, 239, 238, 240, 241, 240,
    241, 242, 239, 239, 241, 242, 239, 240, 238, 239, 242, 238, 239, 241,
    238, 242, 238, 239, 241, 240, 242, 239, 239, 242, 239, 238, 238, 239,
    238, 241, 242, 241, 242, 242, 241 ]
RHandPositionsX: [ 135, 141, 142, 144, 144, 145, 143, 142, 135, 132, 136,
    142, 146, 148, 148, 150, 147, 146, 138, 138, 133, 133, 141, 143, 148,
    152, 151, 152, 144, 146, 138, 136, 138, 138, 143, 146, 148, 154, 149,
    147, 140, 135, 139, 135, 136, 141, 147, 149, 150, 151, 149, 142, 136,
    134, 131, 136, 137, 146, 153, 163, 169, 175, 176, 181, 181, 185, 188,
    189, 189, 187, 188, 187, 188, 188, 188, 189, 185, 188, 188, 188, 187,
    189, 187, 187, 189, 187, 186, 188 ]
RHandPositionsY: [ 83, 89, 90, 89, 88, 83, 81, 83, 84, 81, 81, 84, 89,
    88, 92, 93, 90, 87, 84, 87, 87, 85, 80, 88, 89, 92, 92, 90, 90, 86,
    87, 84, 84, 83, 84, 88, 91, 96, 93, 91, 86, 89, 88, 87, 84, 90, 96,
    97, 96, 100, 94, 98, 91, 93, 94, 93, 93, 105, 116, 127, 137, 153,
    150, 151, 162, 171, 181, 188, 199, 209, 213, 216, 218, 226, 228, 224,
    225, 228, 230, 228, 230, 231, 227, 230, 231, 229, 228, 227 ]
