%YAML:1.0
---
videoName: "RHShake16.mp4"
gestureLabel: 2
fps: 29
pixelSizeInCmTemp: 3.2808219178082193e-01
faceCenterPointX: 281
faceCenterPointY: 44
LHandPositionsX: [ 372, 372, 373, 370, 369, 370, 373, 371, 370, 369, 373,
    372, 372, 373, 373, 372, 369, 373, 370, 370, 370, 370, 372, 371, 371,
    373, 370, 369, 370, 370, 369, 369, 373, 370, 369, 369, 371, 370, 372,
    372, 371, 369, 373, 371, 369, 370, 372, 371, 370, 372, 371, 370, 373,
    369, 372, 373, 369, 370, 370, 372, 369, 372, 370, 373, 371, 369, 372,
    370, 371, 369, 370, 370, 372, 369, 372, 370, 371, 371, 373, 373, 372,
    370, 371, 373, 372, 369, 372, 370 ]
LHandPositionsY: [ 231, 230, 231, 234, 233, 233, 232, 231, 232, 230, 232,
    231, 230, 230, 230, 231, 234, 233, 230, 233, 233, 231, 233, 230, 230,
    234, 233, 230, 232, 233, 230, 231, 232, 233, 232, 232, 232, 234, 231,
    231, 231, 231, 232, 233, 232, 231, 231, 234, 233, 230, 232, 234, 232,
    233, 233, 231, 229, 231, 231, 231, 230, 232, 230, 233, 230, 230, 231,
    231, 230, 230, 230, 230, 229, 233, 230, 232, 233, 230, 230, 230, 230,
    229, 231, 233, 232, 232, 229, 229 ]
RHandPositionsX: [ 171, 170, 169, 168, 167, 171, 168, 167, 171, 170, 168,
    170, 171, 171, 168, 168, 167, 170, 163, 153, 153, 147, 138, 129, 126,
    122, 115, 122, 125, 121, 128, 128, 139, 140, 143, 139, 137, 134, 137,
    137, 140, 145, 151, 149, 148, 147, 148, 146, 144, 146, 148, 152, 154,
    149, 146, 148, 145, 145, 149, 151, 155, 157, 155, 151, 153, 151, 150,
    154, 151, 159, 167, 171, 175, 175, 176, 173, 176, 176, 170, 171, 169,
    172, 168, 168, 171, 172, 168, 168 ]
RHandPositionsY: [ 265, 269, 269, 266, 267, 268, 268, 268, 267, 266, 269,
    266, 266, 268, 265, 267, 266, 264, 254, 243, 221, 199, 180, 158, 144,
    131, 116, 113, 111, 106, 104, 104, 99, 98, 94, 95, 91, 91, 91, 88,
    90, 88, 89, 91, 88, 88, 86, 85, 89, 86, 86, 88, 89, 88, 87, 85, 84,
    88, 86, 90, 94, 88, 88, 89, 88, 87, 90, 93, 103, 118, 135, 146, 160,
    171, 186, 192, 195, 203, 213, 217, 222, 224, 225, 231, 238, 237, 235,
    237 ]
