%YAML:1.0
---
videoName: "RHShake22.mp4"
gestureLabel: 2
fps: 29
pixelSizeInCmTemp: 3.3263888888888887e-01
faceCenterPointX: 290
faceCenterPointY: 48
LHandPositionsX: [ 393, 396, 396, 395, 393, 396, 392, 392, 394, 394, 396,
    396, 394, 393, 393, 393, 396, 392, 395, 396, 393, 394, 392, 393, 396,
    395, 394, 395, 393, 396, 393, 395, 394, 393, 394, 394, 395, 396, 395,
    396, 395, 396, 392, 393, 393, 392, 392, 392, 394, 396, 392, 396, 394,
    395, 396, 396, 395, 394, 395, 392, 393, 396, 394, 392, 394, 394, 392,
    392, 394, 395, 392, 395, 393, 395, 393, 393, 392, 393, 396, 394, 394,
    395, 393, 392, 394, 394, 393, 396 ]
LHandPositionsY: [ 234, 231, 233, 230, 234, 232, 230, 230, 234, 232, 233,
    233, 233, 233, 231, 232, 232, 230, 230, 232, 230, 231, 231, 231, 232,
    233, 232, 230, 230, 230, 230, 232, 233, 233, 230, 234, 230, 233, 231,
    231, 234, 231, 233, 233, 233, 232, 232, 234, 230, 231, 233, 234, 233,
    233, 232, 232, 232, 233, 231, 230, 234, 232, 231, 233, 233, 234, 233,
    232, 233, 233, 233, 232, 232, 234, 231, 230, 231, 231, 232, 231, 232,
    230, 232, 230, 232, 233, 233, 234 ]
RHandPositionsX: [ 147, 139, 129, 131, 130, 135, 145, 157, 166, 166, 165,
    164, 161, 156, 150, 147, 146, 143, 147, 156, 163, 172, 171, 168, 171,
    163, 162, 157, 155, 155, 152, 157, 164, 172, 173, 170, 171, 172, 163,
    164, 159, 158, 161, 166, 173, 172, 173, 174, 174, 167, 164, 155, 153,
    155, 156, 165, 173, 174, 176, 178, 178, 174, 169, 162, 158, 153, 151,
    158, 167, 178, 178, 177, 180, 180, 180, 182, 179, 181, 186, 186, 190,
    191, 189, 190, 188, 190, 188, 191 ]
RHandPositionsY: [ 141, 118, 101, 99, 95, 92, 81, 84, 91, 92, 90, 90, 85,
    78, 79, 78, 76, 76, 73, 83, 92, 95, 99, 94, 94, 90, 85, 84, 82, 83,
    79, 89, 91, 98, 102, 98, 94, 91, 89, 85, 84, 83, 84, 88, 96, 99, 100,
    99, 96, 91, 89, 87, 88, 88, 87, 86, 90, 99, 103, 103, 98, 97, 90, 94,
    92, 90, 89, 88, 92, 105, 110, 110, 113, 118, 123, 127, 137, 149, 157,
    170, 184, 194, 201, 204, 215, 220, 223, 225 ]
