%YAML:1.0
---
videoName: "RHShake14.mp4"
gestureLabel: 2
fps: 30
pixelSizeInCmTemp: 3.2808219178082193e-01
faceCenterPointX: 277
faceCenterPointY: 42
LHandPositionsX: [ 375, 377, 377, 376, 379, 377, 376, 375, 376, 379, 375,
    377, 377, 378, 377, 377, 374, 374, 373, 375, 372, 372, 374, 373, 374,
    372, 373, 373, 374, 376, 373, 372, 373, 375, 373, 376, 374, 372, 376,
    372, 374, 373, 373, 372, 375, 372, 374, 374, 375, 374, 374, 376, 372,
    373, 375, 373, 374, 373, 373, 372, 374, 375, 375, 375, 375, 372, 376,
    373, 372, 375, 376, 373, 375, 373, 376, 373, 373, 373, 376, 376, 373,
    372, 376, 372, 376, 376, 373, 373, 376, 375, 375 ]
LHandPositionsY: [ 230, 231, 229, 232, 232, 232, 229, 232, 231, 229, 230,
    230, 231, 229, 233, 233, 232, 232, 230, 229, 229, 229, 229, 229, 233,
    232, 231, 232, 229, 231, 233, 232, 231, 232, 230, 229, 231, 232, 229,
    231, 231, 231, 231, 231, 232, 232, 232, 230, 230, 233, 232, 231, 233,
    233, 231, 230, 232, 230, 229, 229, 232, 231, 229, 229, 233, 232, 230,
    229, 230, 230, 230, 229, 233, 229, 230, 230, 232, 230, 232, 229, 233,
    231, 231, 230, 229, 233, 229, 231, 233, 232, 230 ]
RHandPositionsX: [ 171, 173, 170, 173, 174, 171, 171, 170, 172, 174, 172,
    172, 172, 171, 173, 172, 172, 172, 170, 172, 170, 172, 172, 172, 170,
    173, 171, 168, 157, 149, 138, 127, 125, 116, 116, 123, 128, 133, 136,
    139, 144, 145, 144, 141, 145, 148, 147, 152, 156, 159, 158, 156, 151,
    149, 157, 156, 161, 167, 167, 165, 156, 157, 159, 159, 158, 165, 166,
    172, 173, 179, 176, 180, 177, 177, 175, 173, 178, 177, 174, 175, 174,
    170, 174, 172, 173, 170, 170, 171, 173, 171, 172 ]
RHandPositionsY: [ 243, 240, 239, 239, 241, 241, 241, 239, 243, 241, 242,
    243, 240, 242, 239, 240, 240, 239, 242, 240, 239, 243, 241, 241, 239,
    243, 247, 233, 215, 194, 173, 153, 137, 115, 114, 109, 105, 111, 116,
    115, 119, 104, 95, 91, 90, 88, 85, 85, 83, 82, 78, 76, 79, 76, 75,
    75, 79, 83, 78, 76, 78, 76, 78, 76, 80, 81, 85, 108, 121, 133, 147,
    159, 172, 182, 191, 196, 198, 202, 214, 218, 216, 222, 220, 228, 233,
    231, 235, 234, 236, 237, 234 ]
