%YAML:1.0
---
videoName: "RHShake01.mp4"
gestureLabel: 2
fps: 29
pixelSizeInCmTemp: 3.1513157894736843e-01
faceCenterPointX: 292
faceCenterPointY: 51
LHandPositionsX: [ 394, 394, 394, 393, 394, 392, 393, 392, 392, 396, 395,
    395, 396, 393, 393, 391, 395, 394, 392, 392, 395, 392, 391, 392, 391,
    392, 391, 395, 392, 393, 394, 395, 391, 391, 394, 393, 393, 392, 391,
    393, 395, 395, 391, 394, 395, 394, 393, 392, 394, 392, 391, 393, 395,
    392, 395, 391, 391, 392, 393, 395, 392, 394, 395, 393, 391, 392, 394,
    394, 395, 395, 391, 392, 392, 394, 393, 391, 392, 395, 392, 391, 394,
    392, 392, 391, 393, 391, 391, 392 ]
LHandPositionsY: [ 255, 253, 256, 257, 256, 254, 255, 253, 254, 256, 255,
    256, 256, 257, 255, 257, 254, 256, 256, 256, 256, 256, 253, 253, 257,
    254, 256, 257, 255, 256, 254, 255, 255, 256, 256, 257, 256, 254, 255,
    257, 253, 253, 255, 255, 257, 257, 257, 253, 257, 257, 257, 253, 255,
    256, 254, 256, 256, 255, 253, 257, 256, 256, 253, 256, 257, 253, 253,
    254, 257, 256, 255, 254, 257, 255, 255, 256, 253, 253, 256, 257, 256,
    254, 255, 253, 256, 255, 255, 255 ]
RHandPositionsX: [ 168, 169, 169, 168, 169, 170, 171, 167, 170, 167, 168,
    170, 167, 168, 169, 168, 170, 171, 169, 171, 170, 171, 168, 168, 170,
    168, 173, 174, 174, 169, 164, 161, 156, 155, 157, 161, 171, 179, 192,
    190, 192, 188, 181, 175, 177, 174, 175, 187, 196, 195, 190, 188, 181,
    177, 176, 178, 176, 185, 186, 191, 193, 195, 195, 187, 182, 176, 176,
    183, 185, 191, 194, 198, 199, 196, 194, 187, 189, 191, 187, 184, 176,
    174, 174, 174, 173, 172, 176, 173 ]
RHandPositionsY: [ 278, 278, 278, 279, 278, 278, 276, 279, 278, 279, 279,
    277, 276, 280, 276, 278, 276, 278, 280, 280, 280, 276, 276, 280, 277,
    276, 265, 244, 228, 206, 186, 166, 153, 134, 130, 117, 108, 107, 110,
    110, 106, 104, 102, 97, 101, 100, 99, 100, 100, 102, 98, 94, 97, 91,
    93, 90, 97, 101, 101, 103, 101, 99, 101, 98, 99, 97, 98, 96, 100,
    107, 113, 122, 132, 148, 160, 179, 189, 204, 205, 214, 220, 226, 235,
    240, 244, 241, 244, 248 ]
