%YAML:1.0
---
videoName: "RHShake18.mp4"
gestureLabel: 2
fps: 30
pixelSizeInCmTemp: 3.3732394366197183e-01
faceCenterPointX: 275
faceCenterPointY: 40
LHandPositionsX: [ 376, 375, 379, 378, 379, 378, 378, 377, 379, 376, 379,
    379, 376, 376, 377, 378, 375, 377, 377, 377, 377, 377, 375, 376, 378,
    376, 379, 376, 376, 376, 379, 378, 376, 379, 375, 376, 376, 376, 377,
    379, 379, 377, 376, 375, 376, 377, 376, 377, 372, 373, 373, 372, 367,
    356, 352, 350, 340, 331, 324, 316, 305, 298, 299, 301, 296, 287, 288,
    292, 294, 295, 292, 291, 292, 293, 292, 291, 290, 292, 289, 291, 289,
    289, 288, 290, 288, 288, 285, 285, 286, 286, 289 ]
LHandPositionsY: [ 230, 233, 232, 229, 233, 232, 229, 232, 231, 231, 232,
    231, 231, 229, 232, 229, 231, 233, 232, 230, 231, 231, 232, 233, 229,
    233, 233, 230, 229, 233, 231, 231, 232, 230, 230, 230, 233, 233, 233,
    230, 230, 233, 230, 230, 230, 232, 233, 231, 231, 228, 233, 235, 239,
    238, 235, 235, 233, 234, 231, 230, 229, 233, 234, 233, 232, 233, 233,
    238, 239, 241, 242, 243, 239, 239, 240, 240, 241, 239, 243, 241, 239,
    240, 239, 243, 243, 242, 239, 242, 242, 241, 241 ]
RHandPositionsX: [ 156, 155, 151, 145, 148, 149, 150, 157, 162, 166, 164,
    163, 157, 153, 153, 148, 157, 164, 168, 170, 168, 162, 161, 158, 158,
    154, 158, 161, 166, 166, 162, 161, 158, 157, 156, 164, 175, 176, 173,
    167, 163, 158, 159, 154, 161, 166, 172, 181, 189, 200, 206, 218, 231,
    242, 252, 262, 270, 259, 249, 250, 245, 242, 241, 238, 239, 236, 235,
    233, 236, 234, 238, 240, 239, 239, 237, 240, 240, 237, 236, 239, 238,
    237, 238, 239, 239, 236, 238, 237, 239, 239, 236 ]
RHandPositionsY: [ 71, 71, 70, 68, 68, 67, 68, 71, 71, 76, 73, 70, 71,
    70, 67, 67, 69, 70, 72, 73, 74, 70, 68, 69, 67, 68, 69, 76, 77, 77,
    77, 74, 73, 71, 74, 78, 91, 90, 93, 92, 88, 86, 87, 86, 86, 89, 100,
    104, 111, 122, 132, 143, 151, 164, 171, 182, 188, 191, 197, 199, 202,
    206, 207, 209, 212, 217, 219, 220, 221, 223, 228, 229, 224, 225, 228,
    226, 228, 226, 226, 225, 228, 225, 225, 224, 225, 228, 226, 226, 227,
    227, 228 ]
