%YAML:1.0
---
videoName: "RHShake01.mp4"
gestureLabel: 2
fps: 29
pixelSizeInCmTemp: 3.1513157894736843e-01
faceCenterPointX: 292
faceCenterPointY: 51
LHandPositionsX: [ 392, 392, 394, 396, 396, 393, 395, 396, 394, 395, 395,
    392, 396, 392, 391, 394, 392, 393, 393, 392, 394, 391, 395, 393, 394,
    391, 393, 391, 392, 392, 392, 392, 395, 391, 395, 391, 393, 392, 392,
    394, 392, 394, 391, 393, 395, 392, 392, 395, 395, 395, 393, 392, 392,
    393, 392, 394, 394, 395, 393, 392, 393, 391, 393, 391, 392, 392, 394,
    393, 394, 391, 392, 395, 394, 392, 392, 392, 391, 393, 392, 391, 394,
    395, 393, 391, 391, 394, 394, 394 ]
LHandPositionsY: [ 253, 253, 256, 254, 255, 257, 257, 253, 255, 255, 257,
    256, 253, 254, 257, 254, 257, 255, 257, 256, 257, 257, 257, 256, 256,
    257, 253, 255, 255, 256, 257, 254, 254, 256, 257, 256, 255, 257, 253,
    256, 254, 256, 255, 253, 253, 255, 256, 255, 254, 254, 253, 257, 254,
    253, 257, 253, 257, 255, 257, 257, 254, 255, 253, 253, 255, 253, 255,
    255, 254, 255, 256, 257, 255, 253, 256, 253, 255, 254, 253, 255, 256,
    255, 257, 253, 257, 257, 256, 257 ]
RHandPositionsX: [ 167, 168, 171, 168, 167, 169, 171, 168, 167, 170, 168,
    169, 171, 168, 167, 169, 171, 169, 168, 170, 169, 172, 169, 171, 170,
    171, 173, 177, 173, 169, 163, 160, 157, 152, 155, 159, 170, 181, 191,
    192, 192, 188, 183, 174, 175, 174, 174, 188, 193, 193, 188, 190, 181,
    177, 176, 178, 178, 184, 187, 195, 193, 193, 193, 188, 179, 177, 175,
    182, 188, 194, 193, 199, 198, 196, 191, 190, 189, 191, 190, 180, 177,
    177, 174, 174, 173, 174, 175, 172 ]
RHandPositionsY: [ 277, 278, 277, 280, 280, 279, 277, 277, 277, 277, 276,
    280, 277, 280, 280, 280, 277, 278, 279, 276, 279, 278, 276, 278, 277,
    273, 265, 246, 225, 208, 185, 167, 153, 131, 132, 118, 109, 106, 109,
    111, 109, 105, 102, 97, 100, 96, 96, 99, 100, 101, 98, 96, 95, 91,
    93, 92, 93, 99, 98, 103, 103, 99, 102, 97, 97, 96, 97, 95, 104, 108,
    111, 123, 133, 144, 162, 176, 191, 205, 204, 212, 218, 227, 234, 244,
    242, 244, 243, 249 ]
