%YAML:1.0
---
videoName: "RHShake09.mp4"
gestureLabel: 2
fps: 29
pixelSizeInCmTemp: 3.1103896103896100e-01
faceCenterPointX: 296
faceCenterPointY: 48
LHandPositionsX: [ 325, 323, 322, 326, 322, 326, 324, 323, 319, 319, 319,
    314, 313, 310, 312, 310, 311, 309, 308, 308, 311, 307, 310, 308, 309,
    308, 306, 306, 308, 306, 308, 309, 309, 309, 307, 307, 307, 307, 308,
    308, 307, 309, 307, 312, 313, 312, 309, 311, 312, 314, 311, 311, 315,
    311, 315, 315, 314, 315, 313, 316, 317, 313, 314, 315, 316, 313, 314,
    314, 314, 317, 314, 314, 316, 315, 317, 315, 313, 318, 316, 314, 314,
    317, 314, 318, 316, 317, 316, 316 ]
LHandPositionsY: [ 268, 265, 267, 270, 267, 271, 268, 271, 273, 274, 274,
    271, 273, 273, 275, 273, 275, 272, 273, 276, 273, 275, 275, 272, 274,
    276, 273, 275, 277, 273, 276, 275, 274, 277, 275, 275, 273, 275, 276,
    274, 277, 273, 274, 274, 273, 273, 274, 277, 274, 273, 273, 275, 276,
    273, 274, 274, 275, 276, 276, 273, 276, 276, 274, 275, 276, 274, 276,
    276, 276, 273, 273, 275, 276, 275, 274, 274, 276, 274, 272, 273, 275,
    273, 275, 272, 273, 274, 272, 274 ]
RHandPositionsX: [ 262, 265, 263, 261, 264, 261, 263, 261, 263, 261, 261,
    262, 257, 259, 259, 260, 260, 259, 258, 255, 258, 255, 254, 258, 257,
    258, 256, 257, 253, 258, 262, 260, 257, 242, 224, 203, 190, 178, 170,
    170, 172, 171, 183, 182, 187, 187, 181, 181, 180, 177, 187, 191, 189,
    198, 191, 184, 178, 175, 177, 186, 182, 182, 197, 190, 188, 182, 178,
    172, 171, 182, 181, 187, 188, 182, 180, 179, 183, 181, 185, 192, 192,
    192, 200, 200, 208, 216, 227, 236 ]
RHandPositionsY: [ 259, 265, 262, 263, 267, 266, 268, 268, 265, 268, 269,
    266, 269, 266, 269, 266, 269, 268, 266, 265, 266, 268, 269, 266, 269,
    269, 269, 265, 269, 266, 267, 258, 244, 233, 216, 199, 174, 157, 138,
    135, 114, 107, 107, 109, 110, 105, 99, 91, 90, 87, 88, 97, 95, 95,
    92, 94, 88, 86, 85, 88, 92, 95, 96, 96, 90, 88, 86, 87, 92, 94, 96,
    96, 93, 95, 91, 93, 91, 93, 96, 107, 107, 109, 123, 134, 141, 155,
    169, 186 ]
