%YAML:1.0
---
videoName: "RHShake23.mp4"
gestureLabel: 2
fps: 29
pixelSizeInCmTemp: 3.3263888888888887e-01
faceCenterPointX: 298
faceCenterPointY: 49
LHandPositionsX: [ 387, 389, 388, 388, 389, 388, 389, 391, 390, 388, 389,
    391, 388, 387, 391, 387, 387, 388, 390, 388, 390, 388, 387, 391, 391,
    390, 390, 391, 391, 388, 388, 390, 391, 390, 390, 390, 388, 389, 388,
    387, 389, 388, 387, 388, 388, 390, 388, 388, 387, 388, 389, 390, 390,
    388, 389, 390, 391, 389, 391, 389, 388, 387, 387, 390, 387, 390, 388,
    389, 388, 388, 390, 387, 391, 389, 390, 389, 388, 390, 389, 389, 387,
    388, 387, 388, 389, 389, 390, 389 ]
LHandPositionsY: [ 226, 224, 228, 228, 225, 227, 225, 226, 226, 225, 226,
    226, 226, 226, 228, 228, 227, 224, 225, 225, 226, 224, 225, 224, 224,
    226, 228, 225, 228, 228, 228, 227, 226, 226, 226, 226, 227, 225, 225,
    225, 228, 228, 226, 227, 228, 228, 227, 227, 227, 225, 226, 225, 227,
    225, 228, 224, 228, 226, 225, 226, 226, 227, 226, 227, 225, 225, 227,
    227, 227, 226, 224, 225, 224, 226, 225, 225, 228, 225, 228, 228, 225,
    224, 227, 227, 224, 226, 226, 227 ]
RHandPositionsX: [ 169, 172, 178, 189, 190, 187, 194, 187, 182, 177, 174,
    174, 171, 180, 189, 197, 195, 196, 197, 192, 187, 181, 174, 173, 173,
    173, 173, 178, 194, 199, 200, 200, 201, 193, 191, 185, 186, 180, 181,
    184, 185, 198, 200, 203, 206, 205, 200, 189, 184, 181, 178, 177, 180,
    188, 194, 200, 206, 210, 210, 208, 209, 208, 208, 212, 210, 208, 208,
    204, 204, 206, 205, 205, 204, 205, 204, 202, 200, 203, 203, 202, 199,
    202, 200, 202, 201, 198, 198, 201 ]
RHandPositionsY: [ 99, 94, 99, 114, 115, 114, 118, 109, 102, 101, 99,
    101, 101, 105, 112, 121, 123, 121, 123, 111, 104, 102, 102, 98, 99,
    94, 97, 101, 118, 125, 121, 125, 124, 108, 104, 107, 103, 104, 100,
    100, 115, 119, 122, 123, 128, 126, 124, 109, 107, 104, 103, 101, 102,
    118, 129, 135, 140, 149, 149, 156, 160, 168, 173, 184, 193, 201, 209,
    214, 212, 217, 215, 219, 221, 223, 225, 228, 224, 226, 227, 225, 224,
    225, 225, 225, 224, 228, 227, 227 ]
