%YAML:1.0
---
videoName: "RHShake23.mp4"
gestureLabel: 2
fps: 29
pixelSizeInCmTemp: 3.3263888888888887e-01
faceCenterPointX: 298
faceCenterPointY: 49
LHandPositionsX: [ 390, 387, 389, 388, 390, 390, 388, 389, 391, 388, 388,
    389, 390, 391, 389, 391, 387, 389, 387, 389, 388, 388, 391, 391, 387,
    388, 388, 390, 390, 389, 389, 389, 388, 387, 388, 387, 388, 389, 390,
    389, 388, 391, 389, 388, 387, 389, 387, 391, 391, 391, 387, 391, 387,
    391, 387, 389, 391, 390, 389, 390, 390, 391, 391, 389, 388, 391, 390,
    389, 390, 388, 389, 388, 388, 389, 390, 389, 389, 388, 387, 390, 391,
    390, 388, 390, 389, 389, 390, 391 ]
LHandPositionsY: [ 225, 227, 226, 224, 227, 225, 224, 224, 226, 228, 224,
    226, 225, 227, 225, 227, 226, 225, 227, 227, 227, 228, 224, 227, 227,
    225, 224, 224, 227, 225, 227, 225, 228, 224, 225, 226, 224, 224, 225,
    224, 226, 227, 228, 225, 225, 227, 225, 227, 225, 228, 224, 226, 227,
    228, 224, 227, 224, 227, 225, 227, 226, 224, 227, 228, 228, 225, 227,
    225, 228, 225, 226, 225, 224, 225, 224, 227, 227, 228, 225, 224, 224,
    224, 225, 224, 227, 226, 227, 228 ]
RHandPositionsX: [ 171, 168, 175, 186, 188, 187, 193, 187, 180, 178, 172,
    175, 174, 182, 189, 197, 199, 197, 197, 193, 184, 181, 178, 175, 171,
    170, 170, 179, 194, 201, 200, 201, 199, 197, 191, 186, 185, 180, 181,
    180, 188, 199, 200, 201, 208, 205, 200, 189, 183, 179, 174, 177, 180,
    187, 195, 202, 204, 210, 210, 208, 211, 209, 209, 208, 209, 208, 207,
    208, 204, 204, 203, 206, 204, 202, 201, 204, 203, 199, 203, 201, 203,
    199, 199, 202, 201, 201, 198, 199 ]
RHandPositionsY: [ 95, 93, 97, 111, 116, 113, 118, 110, 105, 101, 100,
    100, 99, 102, 111, 123, 125, 125, 127, 111, 102, 99, 102, 101, 99,
    96, 95, 98, 117, 121, 120, 122, 125, 108, 105, 105, 106, 104, 100,
    99, 116, 120, 121, 125, 127, 127, 125, 106, 108, 105, 103, 103, 100,
    117, 129, 133, 140, 148, 148, 152, 157, 168, 175, 180, 189, 202, 208,
    216, 215, 214, 217, 219, 223, 225, 225, 229, 226, 228, 228, 224, 226,
    228, 225, 225, 228, 224, 225, 228 ]
