%YAML:1.0
---
videoName: "RHShake16.mp4"
gestureLabel: 2
fps: 29
pixelSizeInCmTemp: 3.2808219178082193e-01
faceCenterPointX: 281
faceCenterPointY: 44
LHandPositionsX: [ 369, 373, 372, 373, 371, 373, 372, 371, 371, 372, 369,
    371, 371, 370, 372, 372, 372, 372, 372, 369, 371, 373, 369, 371, 372,
    370, 372, 370, 372, 370, 369, 372, 370, 371, 372, 370, 373, 370, 369,
    370, 370, 373, 369, 370, 373, 371, 371, 370, 370, 371, 369, 370, 371,
    371, 369, 373, 371, 369, 369, 369, 373, 371, 371, 372, 371, 372, 372,
    371, 369, 373, 372, 370, 371, 371, 371, 372, 372, 371, 370, 373, 372,
    369, 371, 373, 370, 370, 370, 369 ]
LHandPositionsY: [ 232, 231, 232, 234, 233, 233, 233, 232, 232, 232, 232,
    232, 232, 234, 231, 233, 232, 232, 231, 233, 231, 234, 231, 231, 230,
    230, 234, 233, 231, 234, 231, 234, 231, 232, 230, 231, 232, 234, 230,
    232, 234, 231, 230, 233, 231, 234, 231, 233, 233, 230, 230, 231, 234,
    233, 232, 230, 232, 230, 231, 232, 230, 229, 229, 232, 233, 233, 229,
    232, 233, 231, 231, 231, 231, 232, 233, 230, 230, 232, 231, 232, 230,
    233, 231, 233, 233, 229, 233, 233 ]
RHandPositionsX: [ 170, 168, 171, 168, 169, 171, 171, 168, 167, 169, 167,
    169, 169, 170, 170, 167, 169, 167, 163, 156, 154, 146, 137, 129, 125,
    122, 117, 120, 123, 121, 128, 130, 135, 142, 146, 140, 139, 137, 135,
    139, 142, 142, 147, 152, 150, 145, 148, 147, 145, 147, 150, 152, 150,
    150, 146, 147, 146, 144, 147, 150, 156, 158, 153, 155, 156, 152, 149,
    152, 152, 161, 166, 171, 175, 177, 175, 173, 178, 176, 170, 172, 170,
    170, 170, 170, 170, 168, 169, 169 ]
RHandPositionsY: [ 267, 267, 266, 266, 267, 267, 269, 266, 268, 267, 269,
    269, 266, 267, 269, 268, 267, 263, 255, 244, 218, 200, 176, 158, 145,
    132, 115, 115, 112, 104, 105, 105, 101, 94, 94, 94, 92, 92, 91, 86,
    90, 92, 90, 88, 86, 87, 84, 88, 89, 85, 87, 89, 86, 86, 86, 85, 86,
    88, 89, 90, 92, 91, 89, 89, 89, 89, 92, 93, 104, 117, 135, 148, 162,
    174, 182, 192, 196, 204, 213, 218, 225, 223, 225, 233, 239, 238, 238,
    235 ]
