%YAML:1.0
---
videoName: "RHShake15.mp4"
gestureLabel: 2
fps: 29
pixelSizeInCmTemp: 3.2808219178082193e-01
faceCenterPointX: 279
faceCenterPointY: 41
LHandPositionsX: [ 372, 371, 368, 371, 368, 371, 371, 371, 369, 368, 368,
    369, 369, 370, 371, 371, 372, 371, 372, 368, 368, 368, 370, 369, 368,
    372, 372, 368, 369, 369, 371, 370, 370, 369, 370, 370, 372, 372, 371,
    372, 370, 369, 372, 369, 372, 371, 369, 370, 368, 372, 370, 369, 368,
    371, 370, 368, 368, 372, 371, 372, 370, 369, 371, 369, 370, 372, 371,
    368, 372, 371, 369, 372, 369, 369, 371, 368, 370, 369, 368, 372, 370,
    370, 372, 368, 372, 369, 371, 372 ]
LHandPositionsY: [ 232, 232, 232, 234, 234, 234, 232, 235, 234, 233, 236,
    234, 234, 232, 233, 233, 232, 235, 236, 236, 233, 232, 232, 234, 236,
    233, 235, 234, 233, 236, 234, 235, 232, 232, 235, 233, 235, 235, 236,
    235, 235, 233, 233, 232, 235, 233, 233, 231, 235, 233, 235, 233, 231,
    234, 233, 231, 232, 232, 234, 233, 234, 232, 235, 233, 235, 233, 235,
    234, 233, 232, 233, 235, 233, 233, 232, 233, 233, 231, 233, 232, 233,
    235, 232, 231, 235, 232, 232, 234 ]
RHandPositionsX: [ 139, 125, 113, 110, 109, 111, 108, 103, 105, 112, 114,
    117, 115, 111, 109, 112, 111, 109, 108, 106, 114, 118, 116, 113, 112,
    109, 109, 109, 105, 107, 112, 119, 114, 117, 113, 111, 109, 112, 114,
    114, 110, 110, 114, 116, 122, 122, 121, 122, 124, 120, 117, 120, 124,
    129, 125, 124, 125, 129, 124, 120, 120, 125, 128, 136, 139, 142, 141,
    136, 138, 140, 144, 146, 149, 153, 158, 155, 158, 158, 157, 161, 159,
    158, 157, 160, 160, 161, 158, 159 ]
RHandPositionsY: [ 190, 170, 156, 144, 143, 140, 135, 126, 121, 117, 109,
    105, 101, 101, 96, 94, 96, 92, 93, 94, 95, 94, 91, 93, 95, 94, 93,
    93, 95, 95, 97, 104, 105, 102, 104, 102, 102, 101, 105, 104, 106,
    104, 110, 111, 107, 108, 106, 103, 105, 102, 103, 106, 110, 111, 117,
    116, 110, 110, 111, 109, 111, 119, 127, 138, 151, 165, 171, 181, 193,
    202, 210, 222, 229, 238, 242, 241, 245, 246, 245, 249, 247, 249, 248,
    247, 245, 246, 245, 249 ]
