%YAML:1.0
---
videoName: "RHShake03.mp4"
gestureLabel: 2
fps: 29
pixelSizeInCmTemp: 3.1103896103896100e-01
faceCenterPointX: 294
faceCenterPointY: 48
LHandPositionsX: [ 412, 408, 409, 410, 409, 409, 410, 409, 409, 408, 410,
    410, 411, 408, 408, 411, 408, 408, 411, 410, 409, 412, 409, 410, 408,
    408, 412, 409, 410, 408, 411, 411, 411, 409, 410, 412, 411, 410, 409,
    411, 412, 409, 408, 409, 409, 412, 408, 412, 411, 410, 410, 412, 410,
    411, 410, 410, 409, 409, 409, 409, 410, 411, 408, 409, 409, 409, 411,
    410, 408, 412, 407, 408, 407, 410, 407, 409, 407, 409, 410, 408, 408,
    411, 411, 407, 407, 408, 410, 410 ]
LHandPositionsY: [ 264, 260, 262, 264, 264, 264, 261, 264, 260, 263, 260,
    262, 262, 260, 262, 263, 260, 261, 261, 260, 261, 263, 261, 263, 260,
    262, 262, 262, 262, 263, 261, 260, 263, 263, 262, 262, 263, 264, 262,
    262, 260, 263, 263, 261, 262, 263, 264, 260, 264, 260, 264, 264, 262,
    262, 261, 264, 263, 260, 263, 261, 261, 260, 261, 263, 263, 263, 261,
    260, 261, 263, 262, 262, 264, 261, 264, 262, 261, 260, 263, 260, 262,
    263, 263, 264, 261, 262, 264, 263 ]
RHandPositionsX: [ 178, 181, 176, 180, 176, 174, 174, 174, 173, 177, 176,
    173, 174, 175, 176, 175, 174, 173, 174, 173, 172, 175, 175, 171, 175,
    172, 173, 174, 172, 171, 174, 171, 172, 173, 162, 158, 152, 147, 152,
    149, 155, 163, 181, 183, 192, 191, 181, 175, 176, 172, 173, 179, 183,
    184, 182, 178, 173, 169, 167, 172, 176, 188, 202, 205, 198, 194, 187,
    186, 183, 180, 186, 196, 202, 208, 211, 208, 201, 194, 193, 182, 181,
    184, 184, 184, 182, 182, 183, 182 ]
RHandPositionsY: [ 261, 259, 260, 261, 261, 263, 259, 262, 262, 259, 262,
    258, 262, 262, 259, 262, 260, 262, 261, 260, 261, 261, 258, 260, 262,
    259, 258, 261, 261, 263, 263, 263, 256, 242, 218, 196, 178, 160, 146,
    126, 120, 118, 120, 118, 114, 103, 103, 103, 101, 100, 102, 104, 107,
    104, 104, 104, 102, 97, 95, 95, 100, 110, 112, 114, 109, 106, 104,
    105, 98, 102, 103, 115, 128, 139, 158, 181, 199, 208, 216, 242, 242,
    244, 245, 253, 253, 251, 250, 252 ]
