%YAML:1.0
---
videoName: "RHShake06.mp4"
gestureLabel: 2
fps: 30
pixelSizeInCmTemp: 3.2808219178082193e-01
faceCenterPointX: 293
faceCenterPointY: 43
LHandPositionsX: [ 307, 309, 307, 310, 309, 309, 309, 306, 307, 310, 306,
    309, 307, 309, 309, 309, 313, 313, 315, 318, 317, 320, 319, 323, 321,
    323, 320, 320, 322, 321, 320, 323, 325, 323, 326, 326, 325, 322, 324,
    326, 325, 326, 326, 322, 324, 323, 324, 325, 326, 326, 325, 326, 325,
    324, 322, 325, 325, 326, 325, 326, 325, 325, 326, 323, 325, 323, 326,
    324, 325, 325, 324, 324, 324, 322, 323, 323, 325, 325, 325, 323, 324,
    325, 326, 318, 314, 316, 310, 311, 309, 312, 310 ]
LHandPositionsY: [ 267, 266, 269, 266, 269, 269, 268, 270, 269, 267, 269,
    266, 267, 268, 268, 269, 266, 267, 266, 266, 263, 261, 260, 262, 262,
    260, 262, 259, 261, 260, 260, 258, 259, 262, 258, 259, 258, 261, 260,
    262, 259, 258, 261, 262, 260, 260, 262, 259, 258, 259, 262, 262, 259,
    260, 262, 258, 260, 261, 258, 261, 258, 258, 260, 258, 262, 262, 262,
    261, 258, 260, 262, 258, 262, 262, 260, 262, 259, 259, 260, 262, 260,
    259, 259, 264, 262, 266, 263, 267, 263, 266, 263 ]
RHandPositionsX: [ 289, 289, 284, 288, 286, 288, 288, 288, 285, 285, 286,
    286, 288, 284, 285, 286, 287, 284, 277, 263, 242, 227, 203, 180, 162,
    145, 136, 136, 141, 137, 145, 146, 160, 165, 165, 160, 164, 162, 161,
    156, 159, 171, 183, 188, 189, 187, 181, 173, 171, 174, 167, 167, 174,
    183, 181, 185, 183, 186, 178, 171, 171, 165, 167, 180, 179, 178, 175,
    171, 166, 162, 165, 166, 172, 182, 192, 190, 208, 221, 232, 239, 247,
    254, 251, 250, 249, 253, 254, 250, 255, 252, 253 ]
RHandPositionsY: [ 269, 270, 266, 267, 266, 268, 269, 270, 266, 268, 270,
    270, 270, 266, 270, 270, 268, 267, 265, 260, 246, 235, 217, 199, 182,
    157, 135, 125, 114, 103, 114, 117, 130, 117, 111, 103, 101, 89, 93,
    92, 90, 94, 95, 101, 96, 95, 93, 89, 90, 90, 85, 89, 95, 99, 101,
    100, 96, 101, 94, 94, 93, 89, 93, 101, 102, 100, 101, 103, 104, 106,
    117, 130, 145, 162, 175, 182, 195, 206, 214, 224, 230, 237, 237, 240,
    240, 244, 241, 242, 244, 243, 245 ]
