%YAML:1.0
---
videoName: "RHShake14.mp4"
gestureLabel: 2
fps: 30
pixelSizeInCmTemp: 3.2808219178082193e-01
faceCenterPointX: 277
faceCenterPointY: 42
LHandPositionsX: [ 379, 379, 375, 375, 379, 378, 379, 375, 377, 376, 377,
    378, 377, 378, 374, 376, 375, 373, 374, 373, 373, 373, 372, 372, 372,
    374, 374, 374, 376, 372, 375, 372, 376, 374, 373, 372, 376, 375, 374,
    374, 376, 374, 374, 375, 375, 372, 376, 375, 373, 373, 375, 374, 376,
    373, 372, 373, 373, 375, 376, 373, 373, 375, 375, 372, 373, 372, 372,
    375, 372, 373, 376, 372, 376, 374, 374, 376, 372, 376, 375, 375, 373,
    373, 373, 373, 376, 376, 375, 375, 375, 373, 375 ]
LHandPositionsY: [ 229, 232, 230, 230, 233, 231, 231, 233, 229, 229, 230,
    230, 230, 231, 229, 230, 232, 232, 231, 231, 232, 232, 231, 231, 231,
    231, 229, 233, 233, 233, 231, 231, 231, 232, 232, 229, 229, 230, 229,
    230, 232, 233, 230, 230, 232, 229, 231, 230, 230, 229, 229, 229, 230,
    229, 231, 232, 229, 231, 230, 230, 229, 230, 230, 229, 232, 232, 229,
    230, 231, 231, 229, 231, 230, 232, 229, 232, 233, 233, 231, 233, 232,
    230, 232, 229, 232, 231, 232, 232, 233, 231, 230 ]
RHandPositionsX: [ 170, 172, 174, 171, 171, 171, 173, 170, 170, 174, 172,
    174, 172, 172, 173, 174, 173, 172, 172, 171, 170, 174, 174, 173, 169,
    174, 169, 170, 158, 150, 138, 127, 125, 114, 118, 122, 129, 130, 133,
    137, 141, 146, 146, 142, 146, 147, 149, 152, 156, 160, 157, 157, 154,
    150, 154, 159, 161, 169, 166, 163, 157, 155, 156, 155, 156, 164, 165,
    171, 172, 179, 176, 179, 178, 181, 171, 171, 176, 177, 175, 171, 171,
    171, 170, 172, 174, 171, 170, 170, 173, 172, 171 ]
RHandPositionsY: [ 243, 240, 239, 243, 241, 242, 241, 241, 243, 239, 239,
    241, 241, 243, 243, 241, 241, 240, 241, 242, 243, 242, 240, 239, 242,
    246, 246, 235, 214, 194, 173, 151, 134, 116, 116, 109, 105, 110, 115,
    115, 117, 106, 96, 90, 88, 85, 83, 85, 82, 83, 81, 79, 75, 79, 74,
    78, 80, 82, 79, 77, 79, 79, 74, 75, 80, 84, 85, 105, 120, 134, 147,
    160, 170, 179, 194, 196, 197, 202, 214, 217, 218, 222, 221, 228, 234,
    234, 234, 233, 234, 235, 237 ]
