%YAML:1.0
---
videoName: "RHShake08.mp4"
gestureLabel: 2
fps: 29
pixelSizeInCmTemp: 3.2808219178082193e-01
faceCenterPointX: 290
faceCenterPointY: 45
LHandPositionsX: [ 317, 317, 314, 315, 317, 314, 312, 313, 312, 310, 310,
    312, 312, 310, 310, 310, 311, 310, 307, 306, 308, 307, 307, 307, 310,
    307, 307, 310, 310, 310, 306, 310, 309, 307, 308, 308, 309, 310, 309,
    310, 307, 309, 307, 308, 306, 309, 307, 308, 309, 305, 309, 305, 306,
    308, 306, 307, 307, 307, 307, 309, 307, 305, 309, 307, 308, 305, 306,
    309, 305, 307, 308, 305, 309, 308, 305, 307, 306, 308, 308, 308, 305,
    307, 307, 307, 309, 308, 306, 308 ]
LHandPositionsY: [ 279, 281, 280, 283, 280, 280, 284, 281, 282, 283, 282,
    282, 284, 281, 283, 285, 281, 282, 281, 284, 283, 282, 281, 285, 284,
    285, 284, 285, 284, 281, 283, 285, 282, 281, 283, 283, 282, 284, 283,
    283, 281, 285, 283, 284, 280, 282, 284, 280, 280, 282, 283, 283, 282,
    281, 284, 284, 282, 283, 284, 280, 281, 282, 280, 280, 284, 282, 281,
    284, 283, 282, 281, 282, 281, 281, 282, 281, 282, 284, 282, 282, 281,
    282, 283, 282, 284, 284, 280, 283 ]
RHandPositionsX: [ 268, 269, 269, 273, 270, 271, 273, 276, 268, 259, 260,
    254, 248, 235, 221, 199, 185, 164, 154, 160, 163, 175, 200, 199, 204,
    200, 195, 191, 183, 177, 191, 190, 202, 199, 194, 195, 188, 182, 177,
    180, 191, 192, 188, 186, 185, 177, 174, 172, 176, 182, 185, 188, 193,
    186, 194, 189, 190, 202, 203, 215, 214, 205, 206, 197, 198, 196, 204,
    208, 216, 214, 211, 216, 221, 231, 241, 249, 252, 265, 263, 266, 268,
    269, 270, 273, 272, 276, 274, 270 ]
RHandPositionsY: [ 270, 269, 270, 268, 268, 267, 267, 266, 266, 264, 254,
    245, 229, 220, 205, 182, 173, 153, 132, 128, 116, 107, 107, 108, 107,
    103, 101, 95, 92, 93, 92, 91, 93, 94, 96, 90, 91, 87, 88, 91, 94, 94,
    92, 91, 89, 87, 86, 87, 87, 94, 96, 95, 100, 98, 93, 91, 91, 92, 99,
    96, 99, 99, 94, 91, 94, 93, 96, 98, 104, 107, 113, 124, 131, 145,
    156, 175, 193, 213, 227, 245, 257, 260, 261, 259, 263, 266, 266, 265 ]
