%YAML:1.0
---
videoName: "RHShake20.mp4"
gestureLabel: 2
fps: 29
pixelSizeInCmTemp: 3.3263888888888887e-01
faceCenterPointX: 286
faceCenterPointY: 45
LHandPositionsX: [ 390, 393, 392, 394, 392, 390, 393, 392, 390, 393, 393,
    391, 392, 391, 393, 393, 393, 393, 393, 393, 391, 391, 392, 394, 392,
    390, 393, 390, 394, 393, 390, 390, 392, 393, 390, 391, 393, 392, 392,
    393, 392, 391, 393, 393, 394, 394, 392, 390, 392, 394, 390, 394, 393,
    391, 394, 390, 393, 392, 390, 392, 391, 391, 390, 390, 390, 391, 392,
    390, 392, 394, 390, 393, 391, 394, 393, 391, 390, 394, 391, 394, 390,
    393, 391, 391, 391, 390, 391, 393 ]
LHandPositionsY: [ 246, 243, 242, 244, 241, 244, 244, 241, 243, 243, 241,
    244, 241, 242, 240, 241, 243, 239, 239, 242, 243, 243, 240, 242, 241,
    240, 239, 241, 241, 240, 241, 241, 239, 241, 243, 240, 242, 242, 243,
    241, 239, 241, 240, 243, 240, 243, 243, 242, 240, 241, 241, 239, 242,
    240, 239, 243, 239, 239, 242, 241, 242, 242, 240, 241, 243, 240, 242,
    243, 239, 243, 241, 241, 243, 243, 241, 241, 240, 242, 242, 243, 240,
    240, 241, 241, 241, 242, 239, 243 ]
RHandPositionsX: [ 165, 163, 158, 158, 153, 154, 150, 155, 158, 157, 159,
    161, 158, 157, 154, 153, 148, 151, 161, 159, 163, 164, 157, 152, 155,
    151, 151, 154, 158, 161, 160, 160, 155, 156, 156, 155, 152, 148, 161,
    165, 167, 164, 166, 163, 156, 154, 155, 153, 160, 160, 165, 165, 167,
    169, 169, 170, 165, 163, 160, 159, 164, 166, 175, 179, 184, 184, 184,
    185, 188, 181, 185, 180, 178, 177, 178, 180, 179, 177, 180, 178, 179,
    179, 176, 177, 179, 176, 176, 178 ]
RHandPositionsY: [ 111, 110, 102, 102, 98, 98, 99, 97, 101, 103, 101,
    100, 96, 99, 96, 99, 101, 103, 112, 113, 113, 114, 110, 110, 110,
    106, 105, 110, 117, 119, 116, 113, 111, 109, 106, 104, 105, 104, 112,
    120, 122, 120, 121, 117, 113, 112, 115, 108, 111, 115, 126, 126, 122,
    126, 122, 120, 115, 115, 111, 114, 119, 123, 133, 137, 145, 157, 166,
    178, 185, 191, 202, 208, 221, 225, 235, 231, 238, 238, 242, 243, 245,
    243, 247, 244, 245, 247, 245, 245 ]
