%YAML:1.0
---
videoName: "RHShake12.mp4"
gestureLabel: 2
fps: 29
pixelSizeInCmTemp: 3.3732394366197183e-01
faceCenterPointX: 299
faceCenterPointY: 45
LHandPositionsX: [ 406, 405, 407, 406, 405, 406, 405, 407, 405, 407, 405,
    408, 404, 404, 404, 407, 405, 404, 407, 407, 405, 405, 404, 407, 404,
    404, 405, 404, 405, 405, 407, 407, 406, 405, 404, 406, 408, 406, 406,
    404, 406, 404, 407, 407, 404, 404, 405, 407, 404, 406, 406, 408, 405,
    404, 405, 404, 407, 406, 406, 404, 407, 406, 408, 406, 407, 404, 404,
    407, 406, 407, 406, 407, 408, 408, 408, 406, 406, 407, 405, 405, 407,
    405, 405, 406, 406, 404, 404, 406 ]
LHandPositionsY: [ 241, 242, 239, 240, 239, 239, 241, 241, 243, 242, 240,
    239, 239, 239, 241, 243, 241, 239, 242, 240, 239, 241, 241, 239, 241,
    240, 243, 240, 243, 240, 239, 242, 241, 241, 241, 243, 242, 239, 243,
    242, 242, 239, 241, 239, 240, 242, 241, 241, 242, 243, 241, 241, 242,
    239, 241, 239, 241, 242, 239, 241, 239, 239, 240, 240, 239, 239, 240,
    243, 241, 240, 239, 241, 241, 240, 240, 241, 241, 240, 241, 241, 242,
    242, 241, 241, 241, 243, 243, 242 ]
RHandPositionsX: [ 168, 168, 162, 161, 165, 173, 183, 191, 192, 198, 193,
    183, 178, 173, 172, 170, 169, 177, 188, 186, 190, 185, 179, 173, 167,
    164, 169, 175, 184, 195, 191, 193, 185, 182, 175, 178, 174, 175, 181,
    191, 195, 195, 186, 182, 175, 178, 170, 174, 180, 189, 194, 194, 196,
    192, 182, 181, 175, 174, 174, 177, 179, 193, 200, 198, 203, 199, 195,
    188, 189, 187, 186, 185, 191, 192, 197, 199, 201, 200, 201, 201, 200,
    198, 198, 197, 197, 198, 202, 200 ]
RHandPositionsY: [ 138, 125, 117, 112, 108, 95, 97, 104, 108, 108, 103,
    93, 91, 88, 88, 83, 84, 89, 100, 101, 105, 96, 92, 85, 85, 85, 85,
    89, 99, 110, 113, 105, 101, 96, 92, 93, 91, 88, 95, 113, 115, 113,
    101, 97, 94, 94, 88, 87, 92, 111, 113, 110, 111, 100, 93, 89, 88, 89,
    85, 88, 92, 108, 119, 121, 121, 117, 113, 110, 111, 115, 118, 125,
    138, 150, 159, 164, 168, 173, 184, 194, 202, 209, 213, 221, 219, 228,
    230, 230 ]
