%YAML:1.0
---
videoName: "RHShake04.mp4"
gestureLabel: 2
fps: 29
pixelSizeInCmTemp: 3.1513157894736843e-01
faceCenterPointX: 292
faceCenterPointY: 47
LHandPositionsX: [ 409, 413, 410, 409, 409, 413, 411, 409, 411, 412, 412,
    409, 410, 411, 408, 412, 411, 409, 410, 408, 411, 407, 410, 407, 407,
    410, 405, 406, 408, 409, 407, 406, 406, 409, 406, 406, 408, 409, 405,
    405, 408, 406, 408, 405, 405, 405, 408, 406, 408, 408, 405, 406, 407,
    407, 405, 408, 408, 409, 409, 405, 406, 407, 404, 404, 406, 407, 406,
    404, 402, 404, 402, 403, 402, 402, 403, 404, 406, 406, 405, 401, 405,
    405, 403, 402, 401, 403, 402, 405 ]
LHandPositionsY: [ 264, 262, 264, 263, 265, 264, 263, 263, 265, 265, 263,
    263, 262, 265, 265, 265, 261, 265, 262, 260, 264, 260, 263, 261, 263,
    264, 260, 262, 262, 261, 264, 262, 262, 264, 264, 263, 261, 262, 260,
    264, 264, 263, 264, 263, 262, 263, 264, 260, 263, 263, 261, 263, 263,
    262, 264, 262, 263, 263, 262, 260, 260, 260, 261, 263, 259, 259, 259,
    262, 262, 260, 262, 262, 261, 259, 262, 262, 262, 258, 260, 261, 259,
    258, 261, 257, 261, 258, 261, 259 ]
RHandPositionsX: [ 180, 182, 181, 183, 182, 183, 182, 181, 180, 180, 180,
    177, 180, 180, 179, 179, 179, 180, 176, 179, 178, 175, 179, 184, 181,
    175, 169, 167, 161, 166, 165, 166, 181, 189, 192, 189, 186, 183, 175,
    167, 164, 166, 172, 177, 180, 178, 183, 172, 169, 168, 168, 172, 177,
    179, 181, 177, 176, 170, 171, 169, 169, 173, 179, 182, 195, 191, 184,
    180, 171, 175, 170, 170, 174, 175, 187, 190, 192, 190, 189, 187, 186,
    189, 186, 178, 178, 176, 175, 173 ]
RHandPositionsY: [ 265, 264, 264, 266, 265, 266, 265, 265, 264, 266, 264,
    265, 267, 270, 268, 268, 269, 268, 269, 271, 271, 270, 265, 245, 221,
    195, 173, 148, 123, 124, 121, 103, 98, 103, 106, 100, 100, 95, 94,
    92, 89, 90, 96, 97, 95, 97, 94, 93, 93, 92, 93, 94, 99, 99, 96, 95,
    97, 96, 91, 93, 90, 95, 95, 98, 97, 94, 93, 97, 96, 96, 92, 96, 100,
    109, 121, 131, 143, 150, 163, 179, 195, 213, 221, 226, 236, 243, 250,
    251 ]
