%YAML:1.0
---
videoName: "RHShake20.mp4"
gestureLabel: 2
fps: 29
pixelSizeInCmTemp: 3.3263888888888887e-01
faceCenterPointX: 286
faceCenterPointY: 45
LHandPositionsX: [ 390, 391, 394, 394, 390, 393, 394, 391, 392, 394, 391,
    394, 391, 392, 390, 391, 392, 390, 390, 390, 394, 393, 393, 390, 393,
    390, 390, 394, 390, 391, 394, 390, 393, 392, 393, 391, 392, 391, 390,
    394, 390, 390, 394, 394, 391, 393, 394, 391, 392, 394, 393, 394, 394,
    391, 394, 391, 392, 390, 392, 391, 392, 391, 390, 394, 394, 391, 392,
    391, 394, 391, 391, 390, 390, 394, 394, 392, 391, 390, 390, 394, 393,
    394, 394, 391, 393, 390, 392, 391 ]
LHandPositionsY: [ 244, 244, 245, 243, 241, 242, 241, 244, 243, 243, 243,
    240, 243, 243, 240, 242, 241, 242, 240, 241, 243, 242, 242, 241, 243,
    242, 242, 239, 242, 240, 242, 240, 240, 240, 239, 240, 241, 242, 241,
    242, 243, 243, 239, 239, 243, 239, 241, 240, 243, 243, 243, 242, 242,
    240, 240, 240, 241, 241, 240, 239, 240, 242, 240, 240, 242, 242, 243,
    239, 239, 239, 243, 239, 243, 240, 240, 241, 239, 243, 240, 240, 243,
    239, 243, 240, 239, 239, 240, 240 ]
RHandPositionsX: [ 165, 159, 158, 154, 155, 153, 152, 156, 156, 156, 162,
    162, 161, 157, 153, 151, 149, 152, 161, 159, 161, 160, 158, 155, 154,
    153, 151, 150, 158, 162, 161, 162, 159, 152, 157, 156, 151, 152, 161,
    165, 164, 167, 164, 161, 156, 152, 153, 153, 157, 160, 164, 169, 164,
    170, 168, 168, 163, 164, 161, 158, 165, 167, 172, 176, 182, 183, 188,
    186, 186, 185, 183, 183, 181, 179, 180, 180, 178, 179, 178, 179, 179,
    177, 176, 178, 178, 177, 176, 180 ]
RHandPositionsY: [ 108, 106, 102, 101, 100, 98, 100, 101, 103, 102, 101,
    101, 99, 97, 96, 99, 100, 104, 113, 112, 117, 116, 114, 112, 106,
    105, 106, 109, 118, 117, 117, 116, 109, 110, 106, 103, 103, 106, 116,
    122, 124, 124, 123, 117, 116, 114, 113, 110, 109, 117, 125, 122, 122,
    125, 125, 118, 118, 116, 110, 112, 117, 123, 131, 135, 145, 156, 166,
    178, 187, 192, 199, 211, 218, 227, 234, 234, 241, 241, 240, 241, 245,
    244, 243, 244, 244, 244, 244, 246 ]
