%YAML:1.0
---
videoName: "RHShake06.mp4"
gestureLabel: 2
fps: 30
pixelSizeInCmTemp: 3.2808219178082193e-01
faceCenterPointX: 293
faceCenterPointY: 43
LHandPositionsX: [ 309, 310, 307, 307, 306, 310, 310, 310, 306, 306, 307,
    309, 310, 306, 310, 307, 311, 313, 312, 315, 320, 322, 322, 323, 322,
    321, 323, 321, 320, 320, 322, 319, 322, 325, 322, 324, 326, 326, 325,
    323, 325, 325, 326, 322, 326, 325, 325, 326, 322, 324, 325, 326, 326,
    325, 324, 325, 324, 325, 325, 324, 322, 326, 324, 323, 325, 323, 326,
    324, 322, 323, 325, 325, 325, 322, 326, 322, 326, 322, 323, 325, 326,
    323, 326, 318, 317, 316, 313, 312, 309, 312, 312 ]
LHandPositionsY: [ 268, 269, 266, 269, 266, 270, 268, 266, 268, 266, 269,
    267, 268, 269, 268, 267, 267, 271, 264, 264, 264, 262, 260, 260, 262,
    262, 261, 262, 260, 260, 258, 260, 259, 260, 262, 261, 261, 261, 260,
    262, 260, 259, 258, 259, 260, 261, 261, 258, 260, 262, 259, 260, 262,
    259, 259, 261, 258, 259, 260, 258, 259, 261, 258, 258, 262, 262, 258,
    259, 259, 260, 261, 262, 258, 262, 258, 260, 259, 260, 261, 262, 261,
    262, 260, 260, 262, 265, 264, 267, 265, 266, 264 ]
RHandPositionsX: [ 287, 288, 286, 286, 284, 285, 288, 287, 285, 284, 286,
    286, 288, 287, 285, 287, 284, 286, 276, 264, 246, 226, 201, 179, 161,
    145, 140, 132, 137, 139, 145, 147, 161, 162, 165, 162, 164, 162, 158,
    156, 163, 169, 184, 191, 189, 185, 179, 175, 171, 171, 170, 165, 172,
    180, 183, 181, 180, 186, 177, 173, 170, 167, 164, 182, 178, 179, 176,
    172, 162, 162, 164, 168, 172, 179, 192, 192, 211, 224, 232, 239, 246,
    252, 251, 249, 248, 254, 255, 254, 256, 254, 255 ]
RHandPositionsY: [ 269, 266, 268, 267, 269, 267, 267, 266, 269, 269, 270,
    270, 266, 267, 269, 268, 267, 271, 265, 261, 248, 234, 216, 197, 179,
    161, 138, 124, 112, 104, 111, 117, 127, 117, 107, 102, 100, 91, 92,
    92, 93, 95, 97, 97, 96, 96, 94, 93, 90, 90, 87, 89, 94, 98, 101, 97,
    98, 102, 95, 93, 90, 89, 92, 102, 99, 100, 103, 101, 106, 108, 116,
    129, 146, 161, 178, 179, 193, 207, 214, 224, 230, 235, 238, 238, 238,
    242, 244, 241, 245, 245, 242 ]
