%YAML:1.0
---
videoName: "RHShake03.mp4"
gestureLabel: 2
fps: 29
pixelSizeInCmTemp: 3.1103896103896100e-01
faceCenterPointX: 294
faceCenterPointY: 48
LHandPositionsX: [ 408, 409, 408, 409, 412, 411, 412, 409, 412, 410, 412,
    410, 411, 410, 409, 409, 411, 410, 409, 409, 409, 412, 409, 412, 412,
    411, 410, 411, 412, 409, 411, 411, 408, 411, 408, 410, 409, 412, 408,
    409, 408, 412, 412, 411, 409, 411, 409, 412, 409, 409, 408, 408, 412,
    412, 408, 408, 412, 411, 409, 410, 411, 409, 412, 412, 411, 408, 412,
    408, 409, 411, 407, 411, 411, 411, 407, 411, 407, 411, 411, 408, 411,
    408, 409, 411, 409, 411, 411, 408 ]
LHandPositionsY: [ 261, 263, 261, 260, 264, 260, 264, 261, 263, 261, 260,
    260, 261, 263, 263, 260, 263, 260, 260, 261, 262, 262, 264, 260, 264,
    260, 260, 261, 260, 261, 260, 260, 264, 264, 261, 264, 260, 260, 262,
    260, 263, 264, 261, 261, 261, 261, 260, 260, 262, 262, 264, 264, 264,
    264, 264, 263, 261, 263, 261, 264, 262, 263, 261, 263, 264, 263, 261,
    263, 263, 260, 262, 260, 260, 260, 260, 264, 264, 263, 263, 260, 260,
    262, 262, 262, 262, 262, 262, 263 ]
RHandPositionsX: [ 179, 177, 180, 176, 178, 174, 175, 174, 175, 176, 176,
    175, 173, 175, 172, 174, 175, 175, 175, 173, 175, 172, 171, 172, 172,
    171, 174, 171, 172, 174, 174, 169, 172, 174, 165, 159, 152, 147, 152,
    153, 153, 163, 177, 183, 191, 191, 185, 177, 172, 174, 171, 181, 181,
    182, 179, 178, 173, 170, 166, 171, 180, 186, 202, 208, 200, 190, 188,
    187, 182, 184, 186, 195, 199, 206, 210, 208, 197, 195, 193, 184, 181,
    181, 181, 184, 183, 183, 182, 179 ]
RHandPositionsY: [ 261, 258, 260, 262, 258, 263, 261, 258, 258, 260, 262,
    262, 260, 262, 260, 258, 261, 259, 261, 258, 261, 258, 262, 258, 260,
    261, 261, 258, 258, 262, 266, 264, 259, 238, 219, 199, 179, 156, 146,
    128, 120, 121, 117, 116, 112, 106, 105, 101, 101, 99, 103, 106, 105,
    103, 106, 102, 102, 99, 97, 98, 103, 106, 108, 112, 111, 107, 105,
    102, 98, 102, 103, 118, 126, 140, 161, 177, 199, 210, 218, 239, 241,
    245, 246, 251, 254, 253, 253, 250 ]
