%YAML:1.0
---
videoName: "RHShake07.mp4"
gestureLabel: 2
fps: 29
pixelSizeInCmTemp: 3.2364864864864862e-01
faceCenterPointX: 292
faceCenterPointY: 44
LHandPositionsX: [ 307, 309, 309, 307, 308, 309, 310, 307, 310, 306, 307,
    311, 311, 311, 313, 310, 313, 310, 312, 314, 314, 313, 312, 314, 310,
    314, 312, 310, 310, 310, 311, 314, 314, 316, 314, 312, 312, 313, 312,
    315, 314, 316, 316, 314, 314, 315, 316, 314, 316, 314, 316, 316, 314,
    313, 316, 316, 312, 314, 314, 315, 316, 315, 316, 315, 315, 315, 313,
    316, 316, 316, 313, 317, 314, 315, 313, 316, 313, 313, 314, 315, 307,
    307, 310, 311, 309, 310, 311, 312 ]
LHandPositionsY: [ 267, 268, 269, 267, 271, 267, 268, 268, 274, 271, 272,
    272, 270, 271, 270, 270, 268, 268, 268, 268, 270, 267, 269, 271, 270,
    271, 268, 269, 270, 271, 268, 269, 269, 271, 269, 271, 267, 271, 269,
    267, 271, 270, 269, 267, 271, 267, 269, 267, 271, 271, 268, 271, 268,
    267, 269, 268, 270, 268, 267, 271, 271, 271, 269, 270, 268, 268, 269,
    270, 271, 268, 269, 269, 269, 270, 266, 266, 270, 268, 270, 269, 272,
    274, 274, 273, 274, 275, 275, 273 ]
RHandPositionsX: [ 266, 264, 265, 266, 266, 264, 263, 269, 263, 269, 266,
    261, 256, 236, 215, 196, 179, 161, 154, 156, 161, 152, 159, 161, 162,
    178, 191, 185, 179, 172, 167, 164, 179, 183, 187, 186, 183, 176, 169,
    166, 173, 175, 181, 183, 186, 184, 178, 173, 164, 167, 167, 185, 184,
    199, 196, 190, 183, 177, 172, 172, 168, 167, 170, 175, 174, 183, 178,
    175, 173, 166, 157, 170, 176, 196, 215, 230, 244, 256, 270, 276, 271,
    270, 271, 264, 263, 264, 265, 268 ]
RHandPositionsY: [ 252, 254, 254, 251, 255, 252, 254, 255, 256, 255, 249,
    241, 231, 217, 204, 184, 167, 153, 132, 133, 124, 114, 121, 123, 125,
    117, 101, 99, 91, 94, 86, 91, 106, 102, 102, 100, 97, 92, 94, 92, 91,
    96, 98, 97, 97, 97, 93, 90, 90, 84, 82, 91, 98, 101, 97, 96, 96, 94,
    93, 86, 87, 87, 91, 93, 89, 92, 90, 89, 86, 89, 92, 117, 137, 147,
    168, 185, 203, 226, 234, 244, 243, 249, 250, 251, 252, 252, 255, 256 ]
