%YAML:1.0
---
videoName: "RHShake06.mp4"
gestureLabel: 2
fps: 30
pixelSizeInCmTemp: 3.2808219178082193e-01
faceCenterPointX: 293
faceCenterPointY: 43
LHandPositionsX: [ 306, 309, 308, 310, 308, 308, 309, 310, 308, 306, 308,
    306, 306, 309, 308, 311, 311, 313, 313, 319, 317, 321, 323, 321, 322,
    322, 319, 319, 322, 320, 320, 323, 323, 323, 323, 323, 323, 325, 326,
    325, 323, 322, 325, 325, 325, 325, 322, 324, 323, 326, 324, 324, 326,
    322, 325, 326, 322, 322, 322, 326, 325, 324, 326, 324, 326, 325, 326,
    326, 326, 322, 323, 324, 326, 325, 324, 325, 323, 326, 322, 324, 322,
    323, 326, 318, 316, 314, 311, 311, 313, 310, 310 ]
LHandPositionsY: [ 269, 266, 268, 266, 269, 270, 270, 268, 266, 266, 270,
    269, 267, 269, 270, 269, 268, 267, 267, 262, 264, 260, 263, 261, 263,
    263, 260, 262, 262, 262, 258, 260, 262, 262, 262, 259, 261, 260, 262,
    258, 259, 258, 262, 258, 259, 261, 259, 260, 261, 258, 258, 262, 260,
    260, 261, 258, 262, 258, 259, 259, 258, 259, 262, 260, 258, 262, 260,
    262, 259, 262, 258, 258, 258, 261, 260, 259, 261, 262, 262, 262, 260,
    259, 261, 264, 263, 263, 266, 266, 263, 264, 262 ]
RHandPositionsX: [ 288, 289, 284, 287, 286, 284, 288, 286, 286, 285, 288,
    285, 284, 285, 285, 288, 284, 284, 277, 266, 243, 224, 203, 178, 160,
    144, 138, 132, 139, 140, 142, 144, 160, 163, 162, 160, 162, 161, 161,
    156, 159, 169, 182, 191, 189, 185, 182, 173, 167, 173, 170, 168, 176,
    183, 185, 182, 179, 188, 180, 173, 171, 167, 167, 182, 179, 178, 174,
    174, 162, 161, 163, 167, 173, 183, 191, 193, 211, 224, 230, 243, 249,
    255, 255, 249, 249, 255, 257, 254, 254, 253, 257 ]
RHandPositionsY: [ 270, 269, 269, 267, 268, 268, 267, 268, 266, 268, 266,
    270, 267, 267, 270, 268, 267, 268, 263, 262, 250, 234, 217, 200, 181,
    161, 137, 125, 111, 103, 111, 116, 131, 116, 109, 105, 100, 87, 92,
    89, 92, 94, 98, 99, 96, 97, 96, 90, 89, 88, 88, 87, 96, 102, 101,
    100, 95, 102, 95, 95, 94, 87, 93, 100, 99, 101, 103, 99, 105, 104,
    114, 126, 145, 161, 177, 182, 195, 204, 215, 225, 233, 239, 237, 238,
    237, 241, 242, 244, 244, 243, 242 ]
