%YAML:1.0
---
videoName: "RHShake07.mp4"
gestureLabel: 2
fps: 29
pixelSizeInCmTemp: 3.2364864864864862e-01
faceCenterPointX: 292
faceCenterPointY: 44
LHandPositionsX: [ 310, 306, 307, 307, 309, 307, 306, 308, 306, 307, 309,
    311, 310, 309, 310, 311, 314, 313, 312, 313, 314, 310, 311, 313, 311,
    313, 310, 312, 314, 310, 311, 314, 316, 316, 312, 313, 316, 312, 312,
    316, 313, 313, 313, 312, 316, 313, 312, 312, 313, 312, 314, 312, 314,
    313, 312, 314, 315, 313, 313, 314, 316, 315, 315, 313, 314, 312, 316,
    316, 312, 316, 316, 313, 317, 313, 317, 313, 315, 316, 316, 311, 309,
    307, 308, 310, 310, 311, 310, 312 ]
LHandPositionsY: [ 268, 269, 270, 269, 267, 269, 271, 268, 270, 275, 274,
    271, 269, 270, 268, 272, 270, 268, 271, 268, 268, 270, 271, 269, 268,
    267, 270, 267, 268, 267, 268, 267, 271, 269, 269, 268, 269, 267, 270,
    271, 270, 268, 270, 271, 269, 270, 270, 269, 269, 270, 271, 270, 271,
    267, 271, 271, 267, 268, 268, 269, 271, 268, 269, 267, 270, 271, 271,
    267, 270, 270, 267, 269, 266, 268, 268, 267, 266, 268, 270, 270, 273,
    270, 270, 272, 275, 272, 271, 271 ]
RHandPositionsX: [ 265, 265, 268, 265, 267, 266, 263, 269, 264, 268, 267,
    265, 253, 236, 217, 198, 179, 163, 151, 155, 161, 154, 157, 162, 161,
    182, 188, 183, 178, 170, 168, 167, 178, 181, 184, 184, 180, 176, 171,
    167, 174, 173, 183, 184, 186, 182, 177, 174, 167, 165, 165, 181, 183,
    200, 195, 186, 185, 178, 169, 172, 166, 165, 170, 175, 175, 181, 179,
    173, 172, 169, 156, 168, 176, 195, 215, 231, 241, 259, 270, 276, 271,
    270, 272, 266, 264, 264, 267, 268 ]
RHandPositionsY: [ 254, 252, 252, 253, 252, 252, 254, 255, 256, 257, 250,
    240, 230, 216, 201, 184, 166, 153, 135, 132, 125, 111, 121, 127, 125,
    115, 105, 101, 90, 95, 85, 90, 110, 106, 103, 97, 95, 95, 92, 90, 90,
    95, 97, 100, 96, 97, 96, 93, 93, 88, 83, 89, 95, 104, 101, 97, 94,
    93, 93, 88, 87, 91, 92, 90, 93, 95, 90, 88, 88, 91, 94, 118, 138,
    148, 168, 187, 204, 225, 237, 244, 244, 250, 250, 254, 255, 256, 254,
    255 ]
