%YAML:1.0
---
videoName: "RHShake05.mp4"
gestureLabel: 2
fps: 30
pixelSizeInCmTemp: 3.1103896103896100e-01
faceCenterPointX: 295
faceCenterPointY: 47
LHandPositionsX: [ 409, 408, 409, 409, 409, 410, 412, 409, 410, 410, 411,
    408, 412, 410, 409, 411, 410, 411, 409, 412, 412, 408, 408, 410, 411,
    410, 408, 408, 411, 409, 409, 411, 409, 411, 412, 410, 411, 411, 409,
    412, 408, 412, 412, 408, 409, 410, 410, 412, 410, 411, 412, 410, 408,
    410, 409, 409, 412, 412, 410, 412, 409, 412, 410, 408, 408, 411, 409,
    412, 411, 408, 411, 412, 409, 408, 409, 411, 409, 411, 410, 411, 408,
    412, 408, 412, 411, 409, 411, 408, 408, 409, 409 ]
LHandPositionsY: [ 260, 259, 259, 261, 261, 260, 257, 261, 259, 260, 258,
    257, 260, 257, 258, 258, 258, 258, 259, 257, 261, 260, 261, 261, 260,
    257, 260, 258, 258, 261, 261, 261, 261, 258, 260, 259, 259, 261, 259,
    259, 259, 258, 257, 259, 259, 259, 261, 259, 258, 261, 258, 258, 259,
    261, 260, 257, 258, 257, 261, 257, 261, 259, 257, 258, 258, 259, 260,
    259, 258, 258, 260, 258, 259, 259, 260, 261, 260, 260, 258, 257, 261,
    259, 261, 258, 257, 257, 258, 258, 261, 260, 258 ]
RHandPositionsX: [ 174, 173, 174, 176, 174, 176, 176, 173, 175, 174, 174,
    172, 174, 174, 175, 173, 175, 171, 170, 170, 173, 172, 172, 174, 174,
    175, 180, 181, 171, 167, 149, 158, 152, 161, 163, 173, 191, 197, 188,
    183, 174, 173, 170, 169, 177, 177, 187, 183, 176, 173, 172, 166, 168,
    172, 179, 189, 182, 180, 173, 169, 167, 168, 175, 191, 191, 190, 184,
    183, 179, 182, 182, 180, 191, 194, 194, 189, 181, 172, 173, 173, 174,
    176, 184, 184, 188, 189, 183, 178, 178, 176, 179 ]
RHandPositionsY: [ 259, 258, 258, 258, 262, 262, 258, 260, 258, 262, 260,
    262, 260, 258, 260, 261, 260, 258, 260, 260, 262, 262, 259, 260, 260,
    249, 231, 207, 179, 154, 129, 127, 104, 94, 86, 89, 95, 92, 90, 86,
    84, 81, 77, 79, 83, 86, 84, 80, 80, 74, 73, 75, 80, 83, 87, 93, 86,
    83, 84, 83, 84, 86, 86, 91, 92, 91, 89, 85, 85, 85, 82, 86, 91, 89,
    92, 87, 87, 88, 89, 93, 110, 131, 158, 182, 206, 222, 226, 235, 242,
    249, 246 ]
