%YAML:1.0
---
videoName: "RHShake23.mp4"
gestureLabel: 2
fps: 29
pixelSizeInCmTemp: 3.3263888888888887e-01
faceCenterPointX: 298
faceCenterPointY: 49
LHandPositionsX: [ 390, 391, 387, 388, 391, 388, 389, 388, 391, 387, 390,
    388, 390, 390, 387, 389, 389, 389, 388, 389, 391, 389, 391, 388, 388,
    387, 387, 387, 390, 391, 391, 387, 390, 390, 391, 388, 387, 390, 388,
    387, 388, 387, 387, 391, 390, 387, 389, 388, 390, 390, 388, 387, 388,
    388, 391, 391, 391, 391, 389, 388, 388, 389, 389, 387, 388, 388, 387,
    387, 389, 391, 388, 388, 388, 391, 391, 391, 389, 390, 391, 387, 387,
    389, 390, 390, 387, 390, 389, 389 ]
LHandPositionsY: [ 225, 226, 225, 226, 227, 225, 224, 224, 225, 224, 225,
    225, 226, 227, 226, 224, 224, 226, 228, 226, 226, 224, 227, 227, 228,
    225, 224, 227, 224, 226, 224, 227, 225, 227, 226, 226, 227, 224, 227,
    226, 228, 228, 224, 225, 226, 226, 226, 225, 227, 224, 227, 228, 226,
    228, 226, 228, 225, 228, 228, 227, 225, 227, 226, 226, 224, 227, 228,
    224, 227, 227, 228, 225, 225, 226, 225, 225, 226, 228, 228, 227, 224,
    225, 224, 227, 225, 227, 225, 226 ]
RHandPositionsX: [ 170, 170, 177, 187, 192, 189, 194, 190, 179, 179, 172,
    173, 173, 178, 190, 198, 196, 196, 196, 194, 187, 181, 178, 173, 169,
    173, 170, 178, 191, 203, 198, 201, 201, 194, 193, 186, 186, 182, 180,
    182, 186, 197, 200, 204, 205, 203, 196, 190, 183, 180, 176, 178, 178,
    187, 195, 200, 207, 210, 209, 211, 210, 209, 210, 212, 211, 209, 207,
    206, 205, 207, 203, 203, 203, 204, 201, 202, 204, 201, 200, 199, 200,
    198, 202, 201, 202, 201, 200, 197 ]
RHandPositionsY: [ 99, 94, 100, 111, 115, 112, 122, 111, 103, 100, 99,
    99, 99, 105, 115, 124, 122, 123, 123, 109, 101, 101, 102, 99, 100,
    98, 93, 100, 115, 125, 120, 124, 121, 106, 108, 106, 104, 100, 100,
    99, 114, 121, 122, 123, 126, 128, 122, 107, 109, 107, 103, 104, 100,
    118, 126, 137, 144, 147, 152, 155, 158, 166, 171, 183, 192, 200, 210,
    217, 216, 213, 219, 218, 220, 221, 224, 228, 225, 228, 227, 225, 224,
    225, 228, 227, 226, 225, 228, 228 ]
