%YAML:1.0
---
videoName: "RHShake09.mp4"
gestureLabel: 2
fps: 29
pixelSizeInCmTemp: 3.1103896103896100e-01
faceCenterPointX: 296
faceCenterPointY: 48
LHandPositionsX: [ 327, 327, 323, 325, 326, 324, 322, 321, 321, 316, 319,
    314, 315, 310, 311, 313, 310, 310, 308, 310, 309, 307, 308, 308, 306,
    306, 307, 304, 306, 305, 306, 307, 310, 312, 307, 308, 307, 309, 308,
    309, 311, 309, 308, 308, 313, 313, 312, 310, 313, 314, 313, 315, 311,
    311, 314, 315, 313, 315, 316, 314, 317, 313, 316, 316, 314, 313, 318,
    314, 316, 315, 317, 316, 315, 316, 313, 314, 313, 314, 316, 313, 315,
    317, 314, 315, 314, 315, 314, 318 ]
LHandPositionsY: [ 265, 269, 269, 269, 268, 270, 271, 273, 271, 274, 273,
    272, 271, 276, 271, 273, 272, 273, 273, 273, 273, 274, 272, 274, 276,
    273, 274, 273, 276, 277, 276, 273, 276, 276, 274, 276, 277, 277, 275,
    275, 276, 277, 273, 277, 275, 276, 273, 273, 275, 277, 276, 273, 274,
    277, 273, 274, 277, 273, 274, 274, 276, 272, 274, 276, 276, 273, 273,
    275, 276, 275, 274, 276, 275, 272, 273, 275, 272, 276, 272, 276, 274,
    274, 272, 275, 274, 274, 275, 271 ]
RHandPositionsX: [ 263, 263, 266, 261, 264, 261, 262, 264, 262, 263, 261,
    259, 261, 261, 258, 257, 258, 258, 257, 258, 259, 256, 257, 255, 256,
    255, 256, 257, 253, 255, 263, 263, 255, 243, 224, 204, 191, 178, 169,
    173, 171, 171, 181, 186, 186, 184, 182, 180, 180, 174, 185, 191, 187,
    202, 191, 188, 182, 177, 178, 186, 185, 186, 195, 188, 187, 182, 177,
    173, 175, 181, 184, 191, 187, 180, 180, 180, 180, 178, 185, 190, 193,
    193, 201, 204, 210, 214, 226, 237 ]
RHandPositionsY: [ 260, 263, 266, 262, 267, 267, 267, 267, 264, 268, 267,
    269, 268, 265, 267, 269, 266, 269, 267, 269, 266, 266, 266, 267, 265,
    265, 267, 266, 268, 269, 267, 257, 248, 229, 216, 199, 175, 156, 139,
    136, 118, 111, 105, 108, 111, 102, 101, 89, 86, 90, 87, 98, 94, 96,
    96, 94, 89, 88, 89, 89, 92, 94, 96, 96, 89, 86, 86, 87, 88, 97, 98,
    99, 94, 96, 92, 90, 87, 92, 97, 103, 104, 108, 124, 133, 143, 156,
    169, 184 ]
