%YAML:1.0
---
videoName: "RHShake14.mp4"
gestureLabel: 2
fps: 30
pixelSizeInCmTemp: 3.2808219178082193e-01
faceCenterPointX: 277
faceCenterPointY: 42
LHandPositionsX: [ 376, 375, 377, 379, 375, 378, 378, 377, 379, 378, 375,
    375, 378, 377, 374, 374, 377, 375, 373, 376, 376, 375, 372, 376, 374,
    374, 375, 373, 376, 374, 374, 373, 375, 375, 375, 374, 374, 372, 376,
    373, 376, 375, 375, 373, 375, 376, 373, 376, 374, 376, 376, 375, 372,
    375, 374, 373, 376, 374, 375, 376, 372, 373, 374, 372, 375, 372, 373,
    373, 375, 372, 373, 375, 376, 373, 376, 373, 375, 372, 373, 375, 374,
    372, 376, 375, 372, 372, 372, 372, 375, 372, 374 ]
LHandPositionsY: [ 231, 230, 231, 231, 231, 230, 230, 232, 229, 231, 230,
    231, 232, 230, 230, 233, 233, 229, 230, 231, 232, 232, 229, 233, 232,
    230, 230, 230, 230, 232, 229, 231, 229, 231, 232, 233, 230, 229, 233,
    232, 231, 233, 233, 231, 233, 230, 232, 230, 233, 230, 233, 231, 233,
    230, 230, 229, 229, 229, 229, 231, 231, 232, 231, 232, 230, 232, 233,
    232, 232, 233, 232, 229, 232, 229, 230, 231, 233, 229, 232, 229, 229,
    230, 230, 231, 230, 229, 231, 229, 233, 233, 233 ]
RHandPositionsX: [ 174, 173, 173, 172, 172, 173, 170, 173, 172, 174, 172,
    172, 173, 172, 174, 171, 171, 171, 170, 173, 173, 174, 174, 171, 172,
    174, 169, 169, 158, 148, 136, 129, 123, 117, 115, 122, 128, 133, 134,
    140, 143, 149, 147, 141, 145, 148, 147, 152, 157, 160, 158, 158, 153,
    150, 155, 159, 161, 169, 170, 164, 157, 155, 160, 158, 156, 165, 166,
    172, 172, 175, 177, 178, 178, 178, 171, 173, 177, 179, 173, 172, 174,
    174, 170, 171, 172, 171, 170, 170, 171, 172, 170 ]
RHandPositionsY: [ 240, 240, 242, 239, 241, 240, 240, 242, 241, 241, 239,
    240, 240, 240, 239, 242, 239, 241, 240, 240, 242, 242, 243, 240, 239,
    243, 247, 235, 215, 196, 171, 152, 137, 118, 112, 111, 102, 110, 116,
    117, 118, 104, 99, 92, 87, 87, 87, 82, 84, 83, 81, 77, 78, 75, 75,
    75, 81, 83, 79, 78, 76, 76, 78, 79, 78, 84, 88, 107, 121, 134, 146,
    159, 170, 181, 194, 193, 198, 205, 212, 217, 219, 220, 223, 230, 232,
    233, 234, 233, 233, 234, 234 ]
