%YAML:1.0
---
videoName: "RHShake13.mp4"
gestureLabel: 2
fps: 30
pixelSizeInCmTemp: 3.2808219178082193e-01
faceCenterPointX: 278
faceCenterPointY: 45
LHandPositionsX: [ 305, 309, 305, 306, 308, 309, 307, 307, 309, 306, 309,
    306, 308, 306, 306, 305, 308, 306, 307, 309, 307, 308, 307, 308, 305,
    307, 309, 307, 309, 309, 306, 309, 307, 307, 308, 306, 307, 308, 305,
    309, 307, 305, 305, 308, 305, 308, 306, 308, 305, 309, 308, 308, 308,
    305, 305, 309, 307, 306, 308, 308, 307, 305, 307, 306, 305, 309, 309,
    306, 305, 305, 305, 306, 309, 308, 306, 307, 310, 310, 309, 307, 304,
    301, 303, 306, 303, 305, 307, 303, 305, 304, 306 ]
LHandPositionsY: [ 243, 244, 246, 245, 244, 244, 244, 242, 244, 243, 244,
    243, 242, 243, 243, 242, 240, 240, 239, 240, 241, 243, 243, 243, 241,
    243, 243, 240, 241, 239, 243, 242, 239, 243, 241, 242, 240, 238, 239,
    241, 241, 240, 240, 241, 242, 238, 241, 241, 241, 242, 238, 238, 241,
    240, 239, 241, 239, 238, 241, 240, 239, 241, 241, 242, 239, 239, 241,
    238, 242, 242, 239, 241, 237, 238, 238, 236, 235, 232, 234, 233, 231,
    234, 234, 239, 241, 239, 245, 243, 247, 246, 245 ]
RHandPositionsX: [ 166, 153, 140, 142, 144, 140, 145, 142, 145, 146, 145,
    147, 140, 134, 136, 139, 143, 140, 145, 141, 136, 131, 129, 131, 131,
    132, 132, 136, 140, 135, 134, 131, 130, 133, 130, 135, 138, 134, 138,
    139, 136, 134, 136, 132, 140, 148, 148, 151, 148, 147, 145, 136, 136,
    137, 141, 141, 140, 139, 141, 138, 132, 132, 131, 134, 135, 141, 145,
    146, 152, 161, 171, 180, 189, 199, 214, 225, 235, 244, 253, 254, 250,
    252, 258, 258, 259, 259, 257, 257, 258, 258, 259 ]
RHandPositionsY: [ 158, 139, 120, 117, 115, 111, 104, 101, 98, 94, 92,
    89, 88, 88, 88, 89, 89, 91, 90, 88, 87, 86, 85, 86, 87, 88, 87, 88,
    90, 88, 89, 89, 89, 91, 91, 88, 92, 90, 94, 89, 90, 92, 88, 87, 91,
    96, 94, 93, 93, 91, 93, 91, 91, 93, 94, 97, 100, 102, 98, 101, 98,
    94, 94, 96, 99, 102, 108, 110, 121, 127, 134, 144, 156, 163, 176,
    187, 200, 208, 213, 215, 215, 218, 229, 233, 237, 236, 239, 239, 238,
    240, 240 ]
