%YAML:1.0
---
videoName: "RHShake03.mp4"
gestureLabel: 2
fps: 29
pixelSizeInCmTemp: 3.1103896103896100e-01
faceCenterPointX: 294
faceCenterPointY: 48
LHandPositionsX: [ 411, 410, 410, 411, 410, 409, 412, 410, 408, 412, 410,
    412, 410, 408, 409, 409, 411, 412, 411, 408, 412, 412, 412, 408, 411,
    410, 411, 412, 412, 412, 412, 411, 411, 409, 409, 410, 412, 412, 412,
    408, 410, 409, 408, 408, 410, 408, 411, 410, 408, 412, 410, 408, 411,
    409, 410, 412, 408, 410, 409, 410, 409, 411, 411, 411, 408, 411, 411,
    409, 409, 412, 411, 408, 411, 407, 410, 410, 408, 411, 409, 408, 410,
    409, 409, 411, 411, 411, 409, 407 ]
LHandPositionsY: [ 261, 260, 261, 262, 264, 261, 263, 264, 263, 262, 263,
    263, 262, 264, 264, 262, 261, 264, 260, 264, 262, 261, 260, 260, 262,
    260, 264, 264, 263, 261, 261, 264, 263, 263, 260, 261, 264, 262, 262,
    264, 263, 264, 261, 261, 262, 263, 264, 261, 261, 261, 260, 261, 261,
    263, 264, 264, 260, 261, 261, 263, 262, 262, 263, 261, 260, 261, 261,
    261, 261, 261, 262, 262, 261, 262, 263, 263, 262, 263, 260, 262, 263,
    260, 264, 262, 262, 260, 264, 264 ]
RHandPositionsX: [ 181, 178, 178, 176, 179, 174, 178, 174, 173, 175, 173,
    177, 173, 175, 174, 174, 172, 174, 174, 172, 172, 173, 174, 173, 174,
    172, 174, 172, 173, 173, 172, 173, 174, 172, 163, 157, 154, 147, 152,
    149, 157, 166, 180, 184, 191, 190, 184, 177, 175, 173, 174, 179, 182,
    185, 181, 178, 170, 170, 168, 173, 177, 185, 200, 207, 201, 190, 186,
    188, 183, 180, 185, 192, 200, 209, 212, 208, 201, 198, 191, 184, 184,
    183, 181, 184, 182, 183, 183, 182 ]
RHandPositionsY: [ 260, 261, 260, 262, 258, 259, 263, 261, 260, 260, 262,
    260, 261, 258, 259, 261, 262, 260, 259, 260, 262, 262, 261, 260, 261,
    258, 260, 261, 258, 260, 267, 267, 258, 240, 218, 195, 175, 159, 144,
    127, 120, 121, 120, 118, 114, 104, 104, 103, 101, 100, 104, 107, 106,
    103, 102, 103, 101, 101, 98, 98, 104, 107, 112, 110, 107, 108, 105,
    103, 97, 100, 102, 117, 130, 140, 158, 179, 199, 209, 215, 240, 241,
    243, 244, 252, 254, 253, 251, 252 ]
