%YAML:1.0
---
videoName: "RHShake11.mp4"
gestureLabel: 2
fps: 29
pixelSizeInCmTemp: 3.3263888888888887e-01
faceCenterPointX: 274
faceCenterPointY: 53
LHandPositionsX: [ 308, 311, 308, 307, 309, 307, 308, 308, 307, 307, 309,
    307, 307, 307, 311, 308, 311, 308, 311, 310, 307, 309, 311, 308, 311,
    310, 307, 308, 307, 307, 311, 308, 307, 311, 309, 308, 308, 310, 311,
    307, 310, 310, 309, 310, 308, 309, 308, 310, 309, 308, 307, 311, 309,
    307, 308, 307, 307, 310, 310, 308, 311, 307, 307, 309, 311, 308, 308,
    311, 309, 311, 310, 310, 311, 308, 309, 306, 305, 309, 308, 307, 306,
    306, 305, 306, 307, 303, 305, 307 ]
LHandPositionsY: [ 247, 248, 247, 246, 249, 248, 247, 248, 248, 245, 248,
    248, 245, 247, 245, 248, 245, 245, 248, 246, 245, 248, 246, 248, 246,
    247, 247, 249, 249, 249, 245, 246, 249, 248, 248, 246, 248, 246, 245,
    246, 246, 248, 246, 246, 245, 245, 248, 249, 248, 249, 246, 246, 247,
    248, 245, 249, 247, 247, 249, 249, 245, 247, 246, 245, 246, 247, 249,
    247, 245, 244, 246, 247, 247, 245, 244, 246, 246, 247, 243, 245, 246,
    247, 247, 243, 243, 244, 246, 247 ]
RHandPositionsX: [ 249, 250, 251, 246, 237, 226, 211, 190, 175, 160, 149,
    138, 147, 143, 153, 157, 160, 167, 168, 174, 168, 161, 159, 156, 153,
    151, 159, 167, 167, 165, 170, 166, 165, 162, 158, 156, 156, 151, 160,
    168, 167, 166, 170, 171, 167, 162, 157, 157, 156, 157, 166, 172, 172,
    179, 175, 179, 170, 169, 167, 164, 161, 156, 163, 165, 171, 180, 194,
    207, 218, 229, 242, 248, 254, 258, 264, 262, 262, 262, 263, 259, 262,
    262, 258, 260, 260, 262, 259, 258 ]
RHandPositionsY: [ 247, 245, 246, 239, 230, 220, 209, 190, 176, 161, 140,
    129, 126, 115, 105, 102, 105, 106, 103, 99, 101, 100, 101, 97, 94,
    94, 94, 99, 100, 102, 98, 100, 97, 98, 93, 97, 95, 97, 102, 104, 104,
    102, 106, 103, 102, 103, 97, 97, 98, 97, 103, 104, 107, 109, 107,
    106, 105, 104, 101, 103, 100, 99, 103, 105, 119, 129, 145, 157, 174,
    190, 199, 214, 221, 228, 238, 234, 236, 237, 239, 238, 241, 242, 242,
    240, 241, 240, 238, 238 ]
