%YAML:1.0
---
videoName: "RHShake18.mp4"
gestureLabel: 2
fps: 30
pixelSizeInCmTemp: 3.3732394366197183e-01
faceCenterPointX: 275
faceCenterPointY: 40
LHandPositionsX: [ 378, 376, 375, 376, 375, 376, 377, 376, 375, 375, 378,
    377, 378, 375, 375, 377, 376, 379, 378, 376, 378, 379, 378, 378, 378,
    376, 375, 378, 379, 379, 376, 378, 377, 379, 379, 376, 377, 377, 375,
    379, 379, 376, 376, 379, 376, 377, 377, 376, 372, 375, 375, 369, 364,
    357, 351, 347, 340, 335, 324, 317, 303, 302, 301, 300, 298, 291, 287,
    292, 295, 296, 291, 293, 293, 291, 292, 289, 291, 289, 289, 289, 291,
    289, 289, 286, 288, 288, 286, 288, 289, 289, 287 ]
LHandPositionsY: [ 230, 231, 229, 232, 230, 231, 231, 232, 230, 232, 230,
    230, 231, 231, 232, 231, 232, 232, 232, 230, 232, 229, 232, 232, 229,
    232, 231, 231, 232, 230, 230, 231, 232, 231, 231, 232, 232, 232, 230,
    229, 229, 233, 231, 233, 231, 232, 230, 229, 228, 230, 233, 239, 239,
    238, 235, 236, 231, 231, 230, 228, 228, 233, 234, 232, 233, 236, 235,
    238, 237, 241, 241, 243, 239, 241, 241, 240, 243, 241, 240, 241, 242,
    239, 239, 239, 242, 239, 239, 241, 241, 242, 239 ]
RHandPositionsX: [ 157, 152, 150, 147, 145, 151, 153, 160, 163, 163, 165,
    161, 157, 155, 153, 150, 155, 164, 168, 170, 171, 164, 161, 158, 158,
    158, 159, 164, 163, 166, 165, 162, 158, 154, 158, 162, 174, 175, 173,
    167, 163, 158, 156, 157, 158, 167, 174, 181, 191, 201, 208, 219, 234,
    245, 255, 260, 267, 255, 250, 247, 243, 240, 242, 239, 238, 237, 237,
    236, 236, 238, 239, 237, 240, 237, 237, 240, 236, 240, 236, 236, 239,
    240, 238, 237, 236, 236, 236, 239, 236, 236, 239 ]
RHandPositionsY: [ 75, 70, 67, 67, 66, 68, 67, 71, 70, 73, 70, 67, 70,
    68, 67, 66, 69, 72, 72, 74, 73, 69, 67, 69, 67, 71, 70, 75, 79, 75,
    73, 75, 72, 72, 74, 80, 92, 93, 95, 91, 89, 89, 86, 83, 84, 88, 96,
    101, 109, 122, 134, 145, 154, 165, 173, 181, 188, 192, 197, 200, 201,
    206, 209, 213, 212, 213, 220, 222, 222, 226, 229, 228, 224, 224, 225,
    226, 227, 227, 224, 227, 226, 228, 225, 226, 227, 225, 227, 224, 226,
    224, 225 ]
