%YAML:1.0
---
videoName: "RHShake02.mp4"
gestureLabel: 2
fps: 29
pixelSizeInCmTemp: 3.1933333333333330e-01
faceCenterPointX: 291
faceCenterPointY: 51
LHandPositionsX: [ 408, 408, 405, 405, 407, 405, 406, 408, 408, 409, 407,
    409, 409, 409, 405, 406, 406, 406, 408, 405, 406, 408, 407, 407, 408,
    408, 405, 405, 406, 405, 405, 406, 402, 404, 403, 402, 403, 402, 404,
    402, 400, 402, 401, 401, 402, 401, 399, 401, 398, 400, 402, 399, 400,
    397, 399, 397, 399, 400, 400, 398, 400, 399, 399, 398, 398, 396, 397,
    398, 395, 399, 395, 395, 395, 395, 399, 399, 397, 396, 395, 396, 395,
    397, 398, 399, 395, 399, 399, 395 ]
LHandPositionsY: [ 262, 262, 262, 261, 264, 264, 264, 261, 262, 262, 264,
    264, 264, 264, 264, 261, 262, 263, 264, 261, 263, 263, 264, 264, 262,
    261, 263, 262, 262, 260, 261, 261, 263, 260, 263, 261, 260, 260, 261,
    264, 263, 263, 261, 264, 263, 264, 264, 261, 263, 263, 261, 261, 262,
    260, 260, 263, 260, 260, 261, 263, 264, 264, 261, 264, 262, 262, 263,
    260, 260, 261, 262, 261, 263, 263, 262, 261, 260, 260, 264, 262, 262,
    263, 261, 262, 264, 261, 260, 262 ]
RHandPositionsX: [ 173, 173, 175, 174, 172, 171, 174, 172, 173, 174, 173,
    174, 171, 174, 172, 172, 172, 171, 171, 173, 173, 174, 171, 171, 174,
    171, 174, 178, 176, 170, 168, 162, 158, 156, 148, 155, 159, 176, 183,
    181, 180, 175, 171, 165, 162, 157, 159, 168, 180, 184, 192, 185, 183,
    177, 170, 169, 162, 168, 173, 182, 181, 181, 180, 179, 176, 169, 169,
    167, 168, 174, 185, 190, 199, 203, 200, 195, 197, 185, 184, 182, 178,
    179, 178, 176, 177, 175, 174, 177 ]
RHandPositionsY: [ 265, 266, 263, 264, 264, 264, 265, 263, 265, 264, 266,
    263, 267, 264, 264, 263, 266, 267, 264, 266, 266, 265, 265, 264, 268,
    269, 266, 247, 232, 208, 187, 167, 146, 123, 109, 102, 98, 96, 99,
    100, 93, 91, 93, 89, 89, 87, 90, 94, 97, 99, 98, 99, 92, 90, 88, 88,
    85, 89, 95, 99, 98, 98, 96, 98, 92, 95, 93, 93, 96, 97, 104, 118,
    128, 142, 156, 176, 193, 211, 228, 232, 236, 244, 244, 251, 250, 254,
    255, 255 ]
