%YAML:1.0
---
videoName: "RHShake13.mp4"
gestureLabel: 2
fps: 30
pixelSizeInCmTemp: 3.2808219178082193e-01
faceCenterPointX: 278
faceCenterPointY: 45
LHandPositionsX: [ 306, 305, 308, 308, 308, 308, 309, 307, 306, 308, 307,
    308, 305, 306, 307, 305, 305, 307, 308, 307, 305, 308, 309, 309, 309,
    306, 308, 305, 307, 306, 308, 306, 308, 306, 305, 306, 305, 305, 309,
    309, 309, 308, 306, 307, 308, 306, 306, 308, 309, 306, 309, 309, 305,
    308, 308, 309, 305, 309, 309, 308, 306, 308, 309, 308, 305, 307, 309,
    305, 309, 307, 306, 309, 306, 310, 307, 306, 309, 307, 306, 307, 303,
    304, 303, 307, 303, 303, 307, 305, 305, 303, 304 ]
LHandPositionsY: [ 245, 243, 246, 244, 245, 241, 245, 245, 242, 243, 241,
    244, 242, 242, 240, 241, 241, 241, 241, 240, 241, 239, 243, 240, 241,
    242, 240, 241, 241, 242, 243, 241, 240, 241, 242, 242, 239, 238, 238,
    241, 238, 242, 241, 239, 238, 241, 240, 240, 242, 242, 242, 242, 241,
    238, 241, 239, 240, 242, 238, 238, 241, 240, 241, 240, 241, 239, 239,
    241, 240, 239, 238, 239, 238, 239, 239, 238, 234, 232, 233, 234, 235,
    233, 234, 238, 239, 243, 242, 244, 244, 247, 246 ]
RHandPositionsX: [ 165, 150, 136, 140, 140, 141, 141, 143, 145, 146, 146,
    148, 143, 138, 137, 138, 141, 143, 145, 144, 138, 130, 130, 128, 128,
    131, 132, 139, 138, 137, 136, 132, 127, 132, 132, 135, 134, 136, 136,
    137, 132, 135, 135, 136, 139, 146, 150, 148, 148, 146, 143, 136, 137,
    140, 141, 142, 140, 140, 144, 137, 133, 131, 130, 134, 135, 141, 142,
    144, 153, 158, 171, 180, 190, 199, 211, 225, 235, 245, 255, 254, 250,
    254, 257, 261, 260, 258, 260, 259, 261, 258, 258 ]
RHandPositionsY: [ 155, 137, 120, 120, 116, 111, 107, 103, 99, 97, 92,
    92, 89, 89, 86, 89, 89, 90, 87, 87, 87, 88, 87, 87, 87, 88, 87, 90,
    92, 91, 88, 91, 90, 87, 88, 91, 93, 91, 91, 92, 88, 91, 90, 89, 91,
    96, 93, 96, 95, 94, 93, 94, 94, 95, 97, 100, 101, 102, 101, 100, 97,
    94, 98, 98, 101, 106, 110, 108, 118, 125, 134, 145, 154, 163, 175,
    187, 197, 209, 217, 216, 219, 220, 226, 237, 235, 237, 241, 241, 237,
    238, 239 ]
