%YAML:1.0
---
videoName: "RHShake20.mp4"
gestureLabel: 2
fps: 29
pixelSizeInCmTemp: 3.3263888888888887e-01
faceCenterPointX: 286
faceCenterPointY: 45
LHandPositionsX: [ 390, 392, 390, 391, 391, 392, 390, 390, 391, 392, 392,
    392, 390, 393, 394, 393, 391, 394, 393, 391, 391, 394, 393, 393, 394,
    394, 391, 392, 391, 390, 390, 394, 392, 392, 390, 391, 390, 393, 393,
    392, 392, 393, 393, 390, 394, 392, 394, 394, 391, 394, 394, 393, 390,
    391, 391, 393, 391, 390, 392, 394, 393, 392, 391, 394, 392, 391, 394,
    393, 391, 390, 392, 391, 391, 390, 392, 392, 394, 391, 390, 390, 391,
    394, 394, 394, 390, 394, 394, 393 ]
LHandPositionsY: [ 243, 246, 244, 243, 244, 244, 242, 245, 242, 244, 242,
    242, 241, 239, 239, 240, 239, 241, 242, 242, 242, 243, 243, 240, 243,
    239, 243, 239, 243, 239, 243, 240, 241, 241, 241, 243, 243, 242, 241,
    243, 242, 240, 243, 239, 243, 239, 240, 240, 240, 241, 239, 239, 243,
    241, 240, 242, 243, 239, 240, 240, 239, 243, 241, 242, 243, 243, 239,
    240, 242, 240, 239, 241, 242, 243, 240, 243, 239, 241, 241, 240, 240,
    239, 241, 243, 239, 239, 240, 243 ]
RHandPositionsX: [ 162, 161, 159, 154, 153, 152, 153, 157, 156, 159, 160,
    161, 161, 156, 150, 151, 148, 151, 157, 162, 162, 164, 158, 154, 153,
    153, 149, 152, 158, 160, 160, 162, 157, 154, 158, 154, 152, 152, 157,
    168, 164, 165, 166, 162, 158, 155, 155, 151, 160, 160, 167, 165, 166,
    166, 167, 169, 164, 167, 160, 160, 163, 166, 175, 175, 184, 184, 184,
    186, 184, 184, 182, 181, 178, 181, 178, 177, 178, 177, 178, 179, 178,
    179, 177, 180, 180, 176, 180, 180 ]
RHandPositionsY: [ 108, 108, 101, 102, 98, 101, 99, 97, 103, 101, 102,
    100, 97, 97, 96, 96, 97, 103, 113, 115, 117, 113, 112, 111, 110, 107,
    105, 110, 118, 119, 118, 113, 110, 110, 105, 105, 102, 107, 114, 122,
    123, 123, 122, 117, 115, 114, 115, 110, 112, 115, 122, 123, 122, 126,
    123, 121, 118, 113, 111, 112, 117, 124, 133, 137, 146, 156, 164, 177,
    184, 195, 202, 210, 218, 228, 232, 231, 238, 239, 241, 243, 244, 244,
    244, 245, 243, 243, 245, 245 ]
