%YAML:1.0
---
videoName: "RHShake04.mp4"
gestureLabel: 2
fps: 29
pixelSizeInCmTemp: 3.1513157894736843e-01
faceCenterPointX: 292
faceCenterPointY: 47
LHandPositionsX: [ 413, 412, 409, 410, 409, 410, 411, 412, 408, 411, 414,
    409, 409, 410, 410, 412, 412, 412, 410, 411, 408, 407, 406, 409, 408,
    407, 405, 408, 406, 408, 405, 407, 405, 408, 409, 407, 406, 407, 409,
    405, 405, 409, 407, 405, 408, 405, 405, 408, 405, 406, 409, 407, 406,
    406, 407, 407, 409, 408, 408, 406, 409, 404, 403, 404, 403, 406, 403,
    405, 405, 402, 402, 405, 402, 406, 404, 405, 405, 406, 406, 402, 404,
    405, 401, 404, 405, 403, 403, 405 ]
LHandPositionsY: [ 262, 265, 262, 262, 263, 266, 263, 261, 261, 266, 263,
    263, 262, 265, 263, 262, 264, 265, 262, 264, 263, 263, 261, 263, 262,
    261, 261, 261, 262, 263, 264, 262, 264, 264, 261, 262, 261, 263, 260,
    264, 264, 263, 264, 264, 264, 263, 262, 260, 264, 260, 263, 260, 261,
    262, 260, 260, 264, 262, 264, 264, 264, 259, 262, 262, 260, 261, 260,
    259, 258, 258, 262, 261, 261, 258, 262, 261, 259, 261, 258, 258, 261,
    261, 261, 258, 260, 258, 259, 258 ]
RHandPositionsX: [ 180, 180, 180, 182, 183, 181, 178, 177, 177, 179, 177,
    181, 179, 178, 177, 177, 179, 180, 176, 176, 177, 177, 176, 184, 180,
    174, 170, 163, 165, 166, 163, 167, 178, 189, 192, 190, 187, 182, 173,
    169, 168, 170, 174, 174, 179, 175, 179, 176, 166, 165, 167, 172, 176,
    176, 180, 177, 177, 169, 167, 171, 172, 174, 178, 184, 193, 190, 185,
    176, 174, 173, 169, 172, 173, 175, 187, 189, 192, 193, 189, 190, 189,
    187, 187, 177, 175, 174, 177, 176 ]
RHandPositionsY: [ 266, 268, 265, 265, 266, 266, 267, 263, 267, 267, 268,
    268, 266, 268, 268, 270, 269, 271, 270, 270, 271, 271, 265, 244, 225,
    197, 173, 149, 124, 125, 118, 102, 97, 99, 102, 103, 97, 97, 93, 93,
    89, 88, 93, 98, 96, 99, 93, 96, 96, 93, 91, 94, 98, 98, 99, 99, 94,
    93, 95, 89, 92, 98, 97, 99, 97, 93, 93, 95, 95, 93, 92, 95, 98, 105,
    123, 134, 144, 151, 166, 180, 193, 209, 224, 228, 237, 244, 250, 247 ]
