%YAML:1.0
---
videoName: "RHShake09.mp4"
gestureLabel: 2
fps: 29
pixelSizeInCmTemp: 3.1103896103896100e-01
faceCenterPointX: 296
faceCenterPointY: 48
LHandPositionsX: [ 327, 324, 326, 323, 323, 323, 323, 320, 318, 319, 316,
    316, 312, 314, 310, 309, 310, 308, 308, 309, 309, 307, 310, 309, 306,
    306, 308, 307, 304, 308, 305, 307, 310, 310, 311, 308, 309, 310, 311,
    310, 308, 309, 307, 312, 309, 309, 311, 310, 310, 313, 310, 314, 311,
    311, 311, 315, 314, 314, 313, 315, 314, 314, 315, 316, 315, 316, 318,
    318, 316, 318, 315, 317, 316, 316, 316, 313, 316, 314, 317, 317, 313,
    317, 315, 317, 313, 317, 318, 316 ]
LHandPositionsY: [ 265, 267, 268, 269, 270, 267, 271, 270, 269, 274, 271,
    274, 271, 272, 272, 274, 275, 275, 272, 276, 275, 274, 274, 275, 275,
    275, 273, 273, 275, 277, 273, 277, 275, 276, 277, 274, 275, 275, 273,
    273, 276, 273, 274, 273, 274, 275, 275, 275, 277, 274, 273, 277, 277,
    273, 276, 272, 276, 276, 272, 275, 275, 274, 275, 274, 276, 274, 274,
    274, 275, 273, 272, 276, 276, 276, 275, 277, 276, 274, 273, 273, 274,
    274, 273, 274, 272, 273, 274, 273 ]
RHandPositionsX: [ 265, 266, 263, 261, 263, 263, 264, 265, 263, 259, 261,
    263, 261, 260, 257, 259, 257, 260, 258, 257, 256, 258, 258, 254, 254,
    257, 256, 256, 255, 259, 265, 260, 254, 242, 226, 202, 191, 177, 169,
    174, 175, 171, 180, 185, 185, 184, 184, 180, 177, 176, 189, 187, 189,
    200, 191, 184, 180, 174, 181, 187, 185, 185, 196, 190, 188, 180, 175,
    171, 173, 182, 184, 189, 188, 182, 180, 180, 179, 180, 182, 191, 192,
    194, 198, 203, 209, 214, 225, 238 ]
RHandPositionsY: [ 263, 263, 266, 266, 263, 264, 267, 267, 265, 267, 267,
    267, 265, 268, 268, 268, 266, 266, 265, 269, 267, 267, 265, 266, 266,
    268, 265, 268, 267, 270, 266, 259, 247, 229, 215, 195, 178, 159, 137,
    133, 118, 111, 108, 112, 109, 106, 100, 89, 88, 88, 87, 96, 94, 97,
    94, 91, 86, 88, 88, 91, 94, 98, 99, 93, 92, 85, 85, 90, 89, 94, 95,
    96, 97, 92, 93, 92, 88, 93, 99, 107, 105, 109, 124, 132, 141, 154,
    169, 187 ]
