%YAML:1.0
---
videoName: "RHShake07.mp4"
gestureLabel: 2
fps: 29
pixelSizeInCmTemp: 3.2364864864864862e-01
faceCenterPointX: 292
faceCenterPointY: 44
LHandPositionsX: [ 307, 306, 306, 309, 307, 309, 310, 306, 306, 305, 310,
    310, 312, 309, 313, 311, 314, 310, 313, 312, 313, 314, 311, 314, 314,
    314, 312, 312, 311, 311, 313, 314, 312, 313, 316, 312, 316, 314, 315,
    313, 316, 316, 316, 314, 315, 315, 312, 313, 316, 316, 315, 316, 316,
    312, 313, 313, 316, 313, 315, 316, 313, 316, 313, 312, 313, 315, 316,
    315, 316, 313, 314, 316, 313, 317, 317, 313, 317, 316, 315, 312, 310,
    309, 309, 312, 309, 311, 308, 308 ]
LHandPositionsY: [ 268, 268, 272, 269, 271, 269, 270, 270, 274, 272, 271,
    269, 269, 272, 269, 272, 270, 271, 267, 270, 267, 271, 268, 270, 270,
    269, 270, 268, 267, 267, 270, 269, 270, 270, 269, 269, 270, 267, 267,
    268, 269, 270, 269, 271, 271, 271, 267, 269, 270, 271, 267, 269, 269,
    268, 271, 269, 267, 270, 267, 269, 271, 267, 269, 268, 270, 267, 267,
    270, 268, 269, 267, 269, 266, 267, 269, 268, 267, 267, 269, 271, 271,
    274, 270, 274, 275, 274, 274, 275 ]
RHandPositionsX: [ 267, 266, 267, 267, 264, 266, 265, 269, 262, 271, 267,
    264, 253, 236, 214, 198, 179, 161, 155, 156, 158, 153, 158, 160, 165,
    180, 190, 183, 179, 172, 168, 168, 180, 181, 186, 186, 182, 176, 171,
    167, 172, 174, 183, 186, 186, 180, 179, 173, 165, 167, 168, 184, 183,
    202, 193, 187, 185, 179, 169, 169, 164, 167, 169, 175, 174, 181, 176,
    176, 173, 168, 157, 167, 177, 195, 212, 232, 242, 258, 272, 279, 273,
    273, 269, 263, 262, 265, 266, 267 ]
RHandPositionsY: [ 252, 255, 252, 254, 253, 254, 255, 251, 257, 256, 250,
    243, 231, 217, 200, 187, 167, 153, 132, 129, 126, 112, 119, 125, 129,
    117, 101, 100, 94, 95, 85, 92, 106, 104, 101, 99, 94, 92, 95, 92, 90,
    96, 98, 99, 98, 95, 93, 93, 93, 85, 82, 89, 94, 101, 100, 97, 92, 94,
    93, 89, 90, 89, 93, 92, 92, 95, 89, 86, 90, 89, 96, 118, 137, 150,
    164, 188, 204, 227, 234, 242, 244, 247, 251, 253, 253, 255, 255, 257 ]
