%YAML:1.0
---
videoName: "RHShake20.mp4"
gestureLabel: 2
fps: 29
pixelSizeInCmTemp: 3.3263888888888887e-01
faceCenterPointX: 286
faceCenterPointY: 45
LHandPositionsX: [ 392, 391, 393, 391, 392, 394, 392, 392, 394, 391, 392,
    390, 393, 390, 392, 392, 394, 390, 393, 394, 394, 392, 391, 394, 391,
    390, 391, 394, 393, 390, 394, 394, 392, 390, 390, 391, 390, 394, 394,
    392, 394, 394, 390, 394, 393, 390, 391, 392, 392, 392, 394, 392, 390,
    392, 391, 392, 394, 393, 394, 391, 392, 394, 393, 390, 391, 391, 394,
    391, 391, 390, 394, 394, 392, 392, 391, 392, 394, 393, 394, 393, 393,
    392, 393, 391, 394, 392, 390, 391 ]
LHandPositionsY: [ 244, 244, 245, 245, 242, 243, 245, 242, 244, 240, 244,
    241, 239, 243, 242, 243, 242, 243, 242, 242, 240, 240, 239, 240, 242,
    242, 239, 241, 241, 242, 241, 239, 240, 241, 242, 240, 243, 240, 242,
    239, 241, 240, 239, 243, 242, 243, 241, 239, 239, 242, 240, 243, 241,
    241, 241, 241, 243, 241, 240, 241, 242, 243, 241, 243, 241, 240, 240,
    239, 241, 242, 242, 241, 240, 241, 240, 243, 243, 243, 241, 241, 242,
    240, 239, 241, 239, 239, 243, 240 ]
RHandPositionsX: [ 166, 160, 161, 157, 154, 152, 152, 158, 159, 160, 163,
    159, 159, 153, 151, 152, 151, 150, 161, 163, 160, 164, 159, 152, 154,
    152, 150, 152, 160, 164, 164, 162, 156, 154, 158, 154, 151, 152, 161,
    165, 168, 165, 163, 163, 158, 154, 152, 151, 158, 161, 167, 166, 165,
    169, 169, 171, 162, 167, 163, 158, 162, 166, 175, 175, 184, 183, 187,
    185, 187, 185, 183, 182, 180, 181, 177, 177, 179, 181, 176, 180, 176,
    179, 176, 180, 180, 176, 176, 177 ]
RHandPositionsY: [ 111, 107, 102, 103, 101, 101, 101, 98, 102, 100, 103,
    100, 96, 100, 95, 96, 100, 102, 115, 114, 114, 114, 114, 108, 107,
    105, 107, 109, 120, 117, 120, 115, 111, 107, 107, 102, 105, 107, 113,
    121, 120, 122, 124, 118, 115, 112, 113, 111, 112, 117, 123, 126, 124,
    126, 125, 122, 116, 116, 110, 110, 118, 123, 132, 137, 147, 154, 167,
    175, 187, 194, 202, 208, 221, 226, 235, 234, 240, 239, 239, 241, 244,
    246, 245, 244, 246, 246, 245, 245 ]
