%YAML:1.0
---
videoName: "RHShake07.mp4"
gestureLabel: 2
fps: 29
pixelSizeInCmTemp: 3.2364864864864862e-01
faceCenterPointX: 292
faceCenterPointY: 44
LHandPositionsX: [ 307, 308, 307, 310, 309, 308, 310, 308, 308, 309, 310,
    312, 312, 308, 309, 310, 311, 311, 313, 314, 312, 313, 310, 312, 310,
    313, 313, 314, 314, 310, 313, 311, 313, 314, 315, 315, 312, 313, 314,
    314, 314, 312, 312, 314, 316, 313, 314, 314, 312, 315, 313, 314, 315,
    312, 313, 313, 312, 312, 315, 315, 313, 314, 314, 313, 315, 314, 315,
    315, 316, 314, 313, 315, 313, 315, 315, 316, 316, 313, 312, 313, 308,
    309, 309, 309, 308, 309, 309, 308 ]
LHandPositionsY: [ 268, 271, 269, 267, 267, 270, 270, 269, 274, 271, 273,
    270, 272, 271, 271, 268, 270, 268, 268, 269, 271, 268, 270, 267, 270,
    269, 269, 270, 268, 269, 268, 268, 271, 267, 269, 268, 269, 269, 268,
    269, 271, 270, 267, 267, 269, 267, 267, 268, 268, 269, 269, 267, 270,
    271, 267, 267, 269, 267, 268, 267, 267, 268, 270, 269, 268, 269, 269,
    271, 268, 270, 268, 269, 267, 267, 270, 270, 268, 268, 271, 272, 270,
    272, 271, 273, 272, 273, 271, 271 ]
RHandPositionsX: [ 264, 266, 264, 265, 267, 264, 264, 269, 263, 268, 269,
    261, 255, 235, 217, 196, 177, 164, 151, 155, 161, 155, 156, 159, 165,
    178, 191, 182, 179, 169, 167, 165, 182, 180, 185, 188, 182, 174, 168,
    170, 172, 176, 179, 183, 188, 180, 176, 170, 166, 163, 167, 184, 183,
    200, 196, 186, 183, 178, 169, 168, 168, 167, 170, 176, 174, 182, 176,
    173, 172, 166, 158, 167, 176, 198, 214, 232, 244, 258, 272, 279, 270,
    271, 269, 265, 265, 266, 267, 268 ]
RHandPositionsY: [ 251, 251, 253, 255, 252, 253, 253, 253, 257, 257, 252,
    244, 233, 219, 202, 187, 167, 155, 134, 130, 127, 111, 122, 124, 129,
    114, 105, 97, 94, 92, 89, 92, 108, 103, 104, 96, 94, 92, 91, 90, 89,
    94, 96, 98, 98, 97, 94, 89, 93, 84, 85, 90, 96, 103, 99, 97, 94, 92,
    92, 89, 90, 89, 91, 92, 90, 91, 89, 86, 87, 87, 94, 116, 139, 149,
    164, 187, 206, 227, 235, 244, 244, 246, 253, 254, 254, 253, 255, 257 ]
