%YAML:1.0
---
videoName: "RHShake20.mp4"
gestureLabel: 2
fps: 29
pixelSizeInCmTemp: 3.3263888888888887e-01
faceCenterPointX: 286
faceCenterPointY: 45
LHandPositionsX: [ 390, 392, 390, 391, 390, 392, 393, 391, 392, 390, 394,
    391, 393, 391, 390, 392, 393, 393, 393, 394, 394, 390, 393, 391, 391,
    394, 390, 394, 392, 394, 394, 391, 390, 392, 392, 390, 394, 393, 393,
    392, 394, 394, 392, 392, 393, 391, 391, 392, 394, 391, 393, 392, 394,
    391, 394, 394, 390, 391, 390, 392, 391, 390, 392, 393, 391, 390, 391,
    391, 394, 393, 391, 390, 394, 394, 392, 391, 391, 391, 390, 390, 394,
    393, 390, 393, 393, 390, 390, 394 ]
LHandPositionsY: [ 247, 243, 242, 242, 243, 245, 245, 244, 244, 243, 242,
    244, 239, 241, 243, 241, 243, 239, 243, 241, 239, 239, 239, 241, 239,
    242, 240, 242, 243, 243, 240, 239, 240, 239, 242, 241, 239, 243, 240,
    243, 240, 243, 240, 243, 240, 241, 242, 241, 239, 240, 242, 242, 243,
    242, 242, 243, 241, 242, 239, 239, 241, 239, 240, 239, 240, 239, 239,
    239, 242, 241, 239, 243, 239, 242, 242, 240, 240, 240, 241, 242, 241,
    243, 239, 242, 240, 240, 239, 243 ]
RHandPositionsX: [ 164, 160, 158, 154, 152, 153, 152, 154, 159, 156, 162,
    160, 157, 153, 153, 151, 148, 148, 157, 162, 160, 162, 160, 153, 154,
    153, 153, 151, 161, 161, 160, 159, 158, 155, 156, 154, 150, 148, 157,
    165, 167, 164, 164, 160, 157, 154, 155, 154, 159, 160, 165, 169, 166,
    168, 166, 168, 164, 163, 163, 157, 161, 167, 172, 179, 180, 183, 186,
    184, 186, 181, 185, 184, 182, 179, 176, 176, 180, 179, 176, 177, 179,
    179, 180, 180, 178, 179, 177, 178 ]
RHandPositionsY: [ 111, 109, 103, 101, 99, 100, 100, 100, 101, 102, 100,
    99, 100, 96, 98, 95, 101, 104, 115, 115, 113, 115, 113, 109, 108,
    105, 108, 111, 119, 120, 118, 116, 111, 106, 108, 106, 102, 104, 114,
    122, 123, 124, 120, 120, 115, 111, 113, 109, 109, 115, 122, 126, 125,
    126, 124, 120, 114, 113, 111, 113, 119, 122, 131, 139, 144, 153, 168,
    177, 185, 192, 200, 210, 218, 226, 235, 231, 240, 238, 242, 242, 244,
    243, 246, 247, 247, 243, 247, 244 ]
