%YAML:1.0
---
videoName: "RHShake03.mp4"
gestureLabel: 2
fps: 29
pixelSizeInCmTemp: 3.1103896103896100e-01
faceCenterPointX: 294
faceCenterPointY: 48
LHandPositionsX: [ 409, 409, 408, 411, 409, 410, 408, 410, 408, 408, 411,
    408, 410, 409, 411, 410, 409, 409, 409, 408, 410, 408, 410, 408, 410,
    411, 408, 412, 411, 410, 411, 408, 409, 408, 409, 410, 412, 409, 409,
    408, 412, 409, 409, 409, 411, 408, 412, 410, 410, 411, 411, 409, 409,
    411, 409, 412, 408, 409, 412, 408, 409, 410, 411, 411, 411, 409, 410,
    412, 411, 410, 409, 410, 409, 410, 411, 410, 407, 411, 407, 407, 409,
    409, 409, 407, 407, 411, 411, 410 ]
LHandPositionsY: [ 264, 260, 264, 263, 263, 260, 263, 264, 263, 264, 264,
    260, 262, 262, 264, 263, 263, 263, 263, 262, 261, 260, 261, 262, 260,
    261, 262, 263, 260, 260, 261, 263, 261, 261, 261, 263, 260, 260, 262,
    261, 262, 260, 261, 264, 262, 262, 263, 261, 262, 261, 263, 261, 261,
    261, 263, 263, 264, 261, 262, 261, 264, 263, 261, 264, 264, 262, 260,
    260, 260, 260, 263, 261, 260, 261, 263, 262, 263, 261, 264, 263, 260,
    262, 260, 264, 262, 264, 262, 264 ]
RHandPositionsX: [ 181, 178, 177, 178, 178, 177, 177, 177, 173, 174, 173,
    176, 176, 173, 175, 173, 173, 171, 175, 173, 173, 175, 173, 174, 174,
    173, 174, 175, 174, 174, 172, 172, 176, 173, 166, 155, 151, 150, 149,
    151, 154, 165, 180, 185, 193, 189, 185, 178, 174, 170, 173, 181, 183,
    183, 180, 178, 173, 169, 168, 175, 176, 187, 200, 207, 199, 190, 188,
    187, 182, 180, 183, 193, 203, 206, 208, 206, 197, 198, 194, 184, 181,
    183, 181, 180, 181, 179, 183, 180 ]
RHandPositionsY: [ 261, 259, 262, 261, 258, 261, 261, 260, 258, 259, 259,
    261, 262, 260, 259, 261, 260, 258, 258, 259, 261, 259, 260, 259, 260,
    258, 262, 259, 258, 261, 265, 265, 255, 241, 221, 199, 176, 156, 143,
    129, 121, 121, 120, 116, 112, 103, 102, 102, 99, 101, 103, 103, 105,
    106, 106, 102, 100, 97, 94, 97, 101, 108, 111, 111, 107, 105, 105,
    105, 100, 98, 103, 119, 127, 141, 158, 180, 203, 208, 215, 242, 239,
    244, 243, 250, 250, 253, 252, 250 ]
