%YAML:1.0
---
videoName: "RHShake12.mp4"
gestureLabel: 2
fps: 29
pixelSizeInCmTemp: 3.3732394366197183e-01
faceCenterPointX: 299
faceCenterPointY: 45
LHandPositionsX: [ 404, 404, 408, 408, 408, 406, 405, 405, 408, 404, 405,
    408, 407, 407, 408, 406, 408, 407, 406, 405, 408, 405, 406, 404, 406,
    406, 406, 407, 404, 408, 407, 405, 407, 407, 405, 406, 406, 406, 404,
    408, 405, 405, 407, 408, 404, 406, 405, 405, 405, 405, 406, 408, 408,
    408, 408, 407, 406, 404, 406, 405, 406, 406, 408, 405, 407, 404, 407,
    406, 406, 406, 406, 405, 407, 406, 404, 405, 405, 408, 405, 404, 404,
    404, 406, 407, 405, 406, 408, 408 ]
LHandPositionsY: [ 242, 241, 239, 239, 243, 240, 239, 242, 239, 242, 239,
    239, 243, 243, 239, 239, 239, 240, 241, 239, 242, 243, 243, 239, 242,
    242, 243, 239, 239, 241, 242, 239, 239, 241, 239, 242, 243, 241, 243,
    242, 243, 241, 241, 240, 242, 239, 243, 240, 243, 241, 242, 240, 243,
    240, 242, 243, 240, 242, 242, 241, 243, 241, 239, 243, 239, 239, 242,
    239, 242, 243, 241, 239, 242, 242, 240, 242, 243, 242, 240, 241, 242,
    240, 240, 241, 243, 240, 243, 243 ]
RHandPositionsX: [ 168, 168, 160, 162, 165, 170, 181, 191, 194, 197, 193,
    185, 179, 174, 174, 168, 171, 177, 188, 185, 189, 181, 182, 172, 168,
    167, 167, 174, 184, 191, 194, 191, 182, 181, 176, 177, 175, 175, 182,
    189, 195, 195, 187, 182, 176, 174, 172, 171, 179, 192, 194, 194, 194,
    188, 184, 178, 177, 176, 175, 175, 179, 193, 201, 199, 201, 201, 195,
    189, 187, 187, 186, 185, 187, 194, 196, 198, 201, 202, 202, 203, 201,
    199, 199, 200, 197, 198, 202, 197 ]
RHandPositionsY: [ 141, 125, 121, 111, 107, 94, 94, 104, 105, 111, 100,
    91, 92, 87, 87, 86, 83, 90, 99, 102, 105, 99, 92, 86, 89, 84, 85, 89,
    100, 112, 109, 108, 98, 94, 95, 95, 88, 86, 95, 112, 114, 114, 105,
    99, 96, 93, 88, 87, 95, 108, 112, 110, 112, 103, 90, 90, 88, 90, 89,
    88, 93, 108, 119, 117, 118, 117, 111, 109, 112, 113, 117, 124, 138,
    146, 159, 163, 166, 176, 186, 193, 204, 211, 214, 220, 223, 225, 230,
    229 ]
