%YAML:1.0
---
videoName: "RHShake03.mp4"
gestureLabel: 2
fps: 29
pixelSizeInCmTemp: 3.1103896103896100e-01
faceCenterPointX: 294
faceCenterPointY: 48
LHandPositionsX: [ 412, 410, 412, 411, 409, 409, 411, 412, 408, 408, 411,
    408, 412, 411, 408, 410, 409, 409, 410, 411, 411, 408, 408, 409, 412,
    412, 408, 409, 411, 409, 411, 408, 410, 411, 412, 411, 409, 408, 408,
    410, 410, 409, 408, 411, 409, 412, 408, 409, 409, 409, 409, 412, 410,
    410, 409, 412, 411, 409, 411, 410, 410, 409, 409, 410, 410, 408, 412,
    409, 412, 408, 409, 411, 411, 407, 408, 408, 407, 411, 408, 410, 409,
    409, 407, 408, 408, 408, 409, 407 ]
LHandPositionsY: [ 263, 263, 260, 261, 264, 264, 262, 262, 260, 260, 263,
    264, 260, 262, 261, 264, 261, 262, 262, 261, 261, 264, 264, 261, 264,
    263, 263, 262, 262, 263, 263, 261, 261, 260, 263, 263, 262, 264, 262,
    262, 261, 263, 260, 262, 264, 262, 260, 264, 260, 263, 264, 261, 260,
    260, 264, 264, 262, 262, 262, 260, 263, 264, 261, 260, 262, 264, 260,
    262, 260, 260, 264, 260, 262, 261, 260, 260, 262, 264, 260, 261, 261,
    260, 260, 260, 263, 264, 261, 262 ]
RHandPositionsX: [ 179, 181, 179, 178, 179, 177, 178, 175, 175, 174, 176,
    175, 173, 173, 176, 172, 175, 172, 173, 171, 173, 172, 171, 175, 173,
    174, 175, 174, 173, 174, 170, 171, 176, 171, 165, 156, 150, 151, 149,
    149, 154, 166, 177, 186, 191, 190, 181, 175, 173, 171, 175, 180, 179,
    184, 182, 176, 173, 169, 170, 175, 179, 189, 198, 205, 197, 190, 190,
    188, 182, 181, 186, 193, 203, 207, 211, 207, 198, 196, 190, 181, 185,
    184, 182, 184, 180, 180, 179, 179 ]
RHandPositionsY: [ 260, 262, 258, 261, 261, 259, 263, 260, 260, 261, 259,
    261, 260, 261, 260, 260, 258, 259, 261, 261, 262, 261, 258, 261, 260,
    262, 258, 258, 260, 259, 265, 264, 256, 241, 220, 195, 179, 158, 145,
    128, 123, 119, 116, 118, 111, 107, 105, 99, 98, 101, 101, 107, 104,
    105, 102, 103, 101, 98, 94, 95, 103, 108, 110, 110, 108, 109, 104,
    106, 99, 99, 105, 115, 130, 139, 159, 178, 200, 207, 215, 243, 240,
    244, 244, 250, 252, 253, 251, 252 ]
