%YAML:1.0
---
videoName: "RHShake18.mp4"
gestureLabel: 2
fps: 30
pixelSizeInCmTemp: 3.3732394366197183e-01
faceCenterPointX: 275
faceCenterPointY: 40
LHandPositionsX: [ 376, 378, 376, 376, 377, 377, 375, 375, 378, 375, 375,
    375, 377, 379, 377, 375, 379, 377, 375, 379, 377, 375, 378, 376, 376,
    379, 379, 376, 375, 376, 378, 377, 376, 379, 376, 378, 378, 379, 378,
    377, 377, 378, 377, 375, 377, 378, 377, 375, 375, 371, 373, 372, 364,
    359, 351, 346, 336, 331, 322, 315, 305, 302, 298, 298, 297, 290, 290,
    288, 292, 295, 290, 290, 290, 290, 291, 293, 291, 290, 288, 289, 289,
    287, 287, 286, 286, 289, 288, 288, 289, 289, 287 ]
LHandPositionsY: [ 230, 232, 229, 230, 229, 231, 233, 232, 233, 231, 232,
    230, 229, 232, 231, 231, 231, 231, 232, 231, 233, 231, 232, 229, 231,
    229, 233, 229, 229, 230, 229, 230, 229, 232, 233, 229, 231, 230, 232,
    232, 232, 232, 233, 232, 233, 229, 233, 232, 232, 230, 234, 238, 238,
    237, 234, 238, 233, 232, 228, 231, 231, 231, 232, 231, 231, 232, 235,
    236, 239, 241, 244, 244, 242, 239, 240, 240, 241, 240, 240, 242, 243,
    239, 239, 242, 239, 242, 241, 239, 240, 240, 240 ]
RHandPositionsX: [ 157, 152, 150, 145, 145, 150, 152, 159, 161, 166, 167,
    164, 155, 154, 149, 148, 155, 161, 167, 167, 168, 161, 159, 160, 158,
    154, 155, 163, 164, 165, 164, 161, 158, 157, 156, 162, 176, 174, 172,
    169, 162, 160, 157, 158, 160, 169, 170, 180, 190, 201, 210, 220, 234,
    242, 255, 260, 270, 258, 249, 247, 243, 243, 239, 239, 238, 237, 233,
    236, 235, 238, 241, 240, 237, 239, 238, 240, 238, 239, 240, 239, 238,
    237, 236, 236, 237, 237, 240, 239, 238, 239, 238 ]
RHandPositionsY: [ 71, 73, 71, 71, 67, 66, 66, 68, 74, 72, 71, 70, 69,
    66, 65, 69, 70, 71, 72, 70, 71, 69, 70, 69, 69, 69, 71, 75, 77, 75,
    76, 74, 73, 73, 77, 79, 91, 91, 91, 91, 90, 87, 83, 86, 84, 89, 99,
    104, 111, 125, 131, 144, 151, 165, 171, 183, 188, 192, 198, 200, 204,
    205, 209, 209, 211, 214, 216, 218, 224, 227, 226, 229, 225, 226, 227,
    226, 224, 228, 226, 225, 225, 228, 225, 224, 224, 224, 224, 225, 226,
    227, 227 ]
