%YAML:1.0
---
videoName: "RHShake01.mp4"
gestureLabel: 2
fps: 29
pixelSizeInCmTemp: 3.1513157894736843e-01
faceCenterPointX: 292
faceCenterPointY: 51
LHandPositionsX: [ 392, 396, 392, 394, 396, 393, 396, 394, 393, 395, 393,
    395, 393, 391, 393, 392, 395, 391, 395, 393, 394, 391, 395, 393, 393,
    395, 391, 395, 391, 392, 394, 395, 393, 393, 395, 392, 391, 391, 391,
    391, 395, 391, 391, 395, 392, 391, 391, 393, 394, 391, 395, 394, 393,
    394, 395, 394, 393, 391, 392, 392, 394, 391, 392, 395, 393, 392, 393,
    395, 392, 393, 395, 391, 392, 394, 392, 391, 394, 391, 393, 391, 395,
    392, 393, 391, 395, 393, 394, 392 ]
LHandPositionsY: [ 253, 255, 254, 253, 253, 254, 253, 257, 253, 255, 254,
    255, 256, 257, 254, 257, 253, 254, 257, 253, 255, 256, 256, 256, 254,
    256, 255, 255, 256, 255, 254, 256, 255, 254, 254, 254, 257, 253, 256,
    257, 255, 253, 254, 255, 255, 254, 257, 253, 256, 257, 256, 255, 256,
    256, 256, 256, 256, 253, 255, 256, 254, 257, 254, 253, 255, 254, 253,
    257, 254, 253, 254, 257, 253, 256, 253, 254, 255, 256, 257, 256, 255,
    254, 253, 257, 254, 253, 257, 255 ]
RHandPositionsX: [ 171, 167, 167, 167, 169, 169, 168, 167, 167, 167, 170,
    167, 167, 169, 169, 168, 171, 169, 169, 171, 169, 171, 172, 171, 169,
    171, 171, 173, 177, 167, 164, 158, 156, 153, 158, 163, 169, 180, 191,
    191, 193, 185, 183, 178, 174, 173, 174, 185, 195, 193, 188, 191, 184,
    177, 179, 179, 180, 185, 188, 194, 189, 192, 195, 185, 182, 176, 178,
    181, 188, 192, 195, 197, 195, 198, 192, 191, 188, 191, 187, 180, 179,
    176, 172, 172, 174, 172, 176, 172 ]
RHandPositionsY: [ 279, 278, 277, 278, 280, 278, 277, 279, 276, 280, 279,
    280, 278, 276, 279, 278, 276, 280, 280, 278, 280, 278, 279, 278, 275,
    275, 264, 245, 227, 206, 189, 169, 151, 132, 129, 114, 109, 108, 113,
    109, 106, 102, 103, 97, 99, 97, 97, 98, 100, 100, 97, 97, 96, 91, 93,
    90, 94, 98, 98, 103, 102, 99, 99, 100, 98, 97, 94, 97, 102, 108, 110,
    121, 132, 146, 161, 176, 190, 201, 205, 213, 219, 225, 232, 242, 240,
    245, 243, 248 ]
