%YAML:1.0
---
videoName: "RHShake06.mp4"
gestureLabel: 2
fps: 30
pixelSizeInCmTemp: 3.2808219178082193e-01
faceCenterPointX: 293
faceCenterPointY: 43
LHandPositionsX: [ 309, 308, 307, 307, 306, 310, 308, 306, 306, 307, 306,
    306, 308, 307, 306, 309, 310, 311, 316, 319, 317, 322, 320, 319, 322,
    320, 320, 319, 323, 319, 321, 322, 324, 324, 323, 325, 326, 322, 326,
    325, 325, 325, 323, 322, 322, 324, 322, 326, 325, 324, 326, 326, 324,
    326, 322, 326, 322, 326, 325, 322, 322, 325, 322, 322, 323, 323, 325,
    326, 322, 325, 326, 323, 322, 322, 325, 324, 324, 324, 325, 322, 323,
    326, 325, 318, 318, 313, 314, 309, 312, 313, 311 ]
LHandPositionsY: [ 266, 270, 267, 270, 269, 267, 266, 269, 266, 268, 268,
    269, 267, 266, 269, 267, 268, 267, 265, 262, 262, 262, 261, 261, 263,
    261, 260, 258, 260, 261, 259, 262, 260, 258, 261, 259, 259, 261, 258,
    258, 261, 262, 258, 258, 261, 259, 261, 261, 262, 262, 259, 262, 260,
    262, 258, 261, 261, 258, 261, 258, 260, 258, 258, 261, 258, 259, 260,
    259, 258, 258, 261, 258, 261, 259, 259, 262, 261, 261, 259, 260, 261,
    262, 260, 262, 264, 263, 265, 265, 265, 264, 263 ]
RHandPositionsX: [ 286, 289, 285, 284, 284, 285, 284, 288, 285, 287, 286,
    285, 284, 285, 284, 285, 287, 283, 276, 264, 244, 224, 202, 180, 158,
    147, 139, 136, 138, 138, 141, 145, 163, 164, 165, 159, 164, 163, 159,
    157, 161, 169, 183, 191, 189, 183, 182, 173, 169, 170, 166, 166, 174,
    182, 181, 181, 182, 190, 180, 171, 168, 166, 164, 178, 182, 180, 176,
    170, 163, 163, 163, 164, 172, 179, 191, 192, 210, 223, 232, 240, 246,
    251, 252, 250, 245, 254, 255, 251, 255, 255, 255 ]
RHandPositionsY: [ 268, 269, 269, 266, 266, 268, 269, 270, 270, 270, 270,
    270, 270, 269, 266, 270, 268, 267, 264, 261, 250, 235, 218, 200, 179,
    159, 135, 121, 111, 104, 115, 118, 129, 119, 110, 104, 98, 88, 92,
    89, 89, 93, 98, 98, 100, 95, 95, 91, 86, 91, 86, 87, 96, 100, 100,
    100, 98, 99, 97, 96, 91, 88, 93, 102, 99, 102, 104, 100, 103, 108,
    115, 128, 144, 164, 178, 183, 193, 203, 213, 225, 229, 239, 235, 237,
    240, 243, 240, 243, 243, 242, 242 ]
