%YAML:1.0
---
videoName: "RHShake08.mp4"
gestureLabel: 2
fps: 29
pixelSizeInCmTemp: 3.2808219178082193e-01
faceCenterPointX: 290
faceCenterPointY: 45
LHandPositionsX: [ 315, 317, 315, 313, 314, 315, 312, 315, 312, 311, 308,
    309, 309, 309, 309, 308, 309, 307, 310, 306, 309, 310, 309, 309, 307,
    306, 309, 308, 309, 309, 310, 308, 307, 306, 309, 308, 308, 307, 310,
    306, 308, 308, 307, 307, 308, 307, 307, 308, 305, 308, 308, 309, 306,
    307, 308, 306, 309, 308, 308, 309, 308, 305, 307, 308, 309, 308, 308,
    309, 305, 305, 306, 307, 309, 308, 309, 308, 307, 306, 305, 309, 306,
    305, 308, 308, 311, 310, 310, 310 ]
LHandPositionsY: [ 278, 279, 282, 279, 283, 283, 283, 283, 281, 283, 282,
    283, 282, 281, 282, 285, 285, 281, 284, 283, 282, 281, 285, 281, 281,
    285, 282, 283, 281, 281, 285, 282, 281, 284, 283, 283, 284, 283, 285,
    282, 285, 284, 284, 284, 283, 282, 280, 284, 281, 284, 284, 284, 281,
    284, 283, 283, 283, 282, 283, 284, 282, 284, 281, 284, 281, 284, 280,
    281, 283, 283, 283, 283, 283, 282, 283, 284, 282, 283, 280, 284, 281,
    284, 282, 281, 280, 283, 280, 284 ]
RHandPositionsX: [ 266, 270, 269, 273, 273, 271, 275, 279, 265, 261, 260,
    255, 248, 234, 219, 200, 187, 162, 156, 158, 163, 172, 201, 196, 205,
    200, 196, 192, 183, 180, 190, 190, 202, 201, 196, 196, 185, 180, 180,
    179, 191, 188, 186, 186, 185, 179, 174, 173, 173, 183, 185, 186, 191,
    186, 191, 188, 189, 203, 206, 219, 213, 206, 202, 197, 196, 194, 202,
    206, 215, 214, 214, 216, 223, 228, 239, 248, 252, 264, 261, 266, 266,
    267, 271, 272, 275, 273, 275, 268 ]
RHandPositionsY: [ 269, 269, 268, 267, 266, 267, 270, 269, 265, 263, 256,
    244, 233, 218, 204, 186, 175, 153, 131, 129, 114, 111, 107, 107, 107,
    104, 99, 95, 92, 91, 91, 95, 96, 96, 92, 92, 90, 85, 86, 91, 91, 94,
    93, 90, 88, 85, 84, 86, 91, 95, 93, 94, 100, 99, 92, 91, 92, 92, 100,
    96, 100, 98, 97, 95, 92, 96, 96, 101, 105, 106, 113, 127, 131, 142,
    156, 177, 194, 215, 229, 243, 257, 259, 257, 259, 260, 263, 264, 266 ]
