%YAML:1.0
---
videoName: "RHShake23.mp4"
gestureLabel: 2
fps: 29
pixelSizeInCmTemp: 3.3263888888888887e-01
faceCenterPointX: 298
faceCenterPointY: 49
LHandPositionsX: [ 388, 390, 390, 388, 389, 388, 391, 387, 388, 391, 389,
    389, 391, 388, 388, 391, 390, 387, 387, 391, 387, 389, 387, 390, 387,
    390, 391, 391, 388, 389, 391, 387, 387, 387, 391, 388, 391, 387, 389,
    389, 389, 389, 389, 390, 391, 387, 391, 391, 388, 387, 389, 390, 389,
    390, 390, 391, 391, 389, 387, 388, 387, 390, 389, 391, 390, 391, 388,
    391, 391, 390, 391, 391, 390, 390, 388, 387, 390, 388, 389, 387, 389,
    389, 390, 388, 387, 389, 390, 391 ]
LHandPositionsY: [ 226, 228, 228, 228, 225, 225, 228, 224, 228, 224, 227,
    225, 228, 224, 228, 227, 224, 226, 224, 224, 227, 224, 227, 228, 227,
    227, 227, 228, 226, 226, 227, 227, 226, 226, 227, 228, 226, 225, 226,
    227, 224, 227, 228, 228, 225, 225, 225, 228, 226, 224, 226, 228, 225,
    224, 227, 228, 224, 227, 228, 228, 227, 224, 226, 227, 224, 227, 225,
    225, 224, 224, 224, 224, 228, 227, 228, 224, 227, 228, 227, 228, 226,
    225, 224, 227, 226, 224, 227, 228 ]
RHandPositionsX: [ 172, 168, 177, 188, 189, 187, 192, 189, 179, 179, 174,
    172, 172, 178, 190, 196, 196, 199, 199, 194, 183, 181, 177, 177, 172,
    171, 173, 178, 193, 200, 200, 201, 198, 194, 192, 185, 182, 178, 181,
    180, 184, 200, 202, 203, 208, 204, 198, 192, 183, 179, 175, 175, 179,
    188, 195, 201, 206, 210, 207, 209, 211, 211, 207, 209, 211, 207, 209,
    204, 205, 206, 205, 206, 202, 204, 200, 202, 200, 199, 200, 202, 201,
    202, 200, 201, 202, 198, 198, 201 ]
RHandPositionsY: [ 95, 92, 101, 111, 114, 114, 119, 113, 102, 101, 100,
    98, 97, 101, 114, 121, 124, 122, 124, 110, 104, 103, 102, 101, 97,
    98, 95, 98, 115, 124, 121, 121, 124, 108, 105, 104, 107, 100, 99, 99,
    114, 123, 122, 124, 128, 128, 126, 107, 106, 106, 104, 103, 100, 119,
    127, 133, 144, 149, 148, 155, 159, 168, 172, 184, 189, 199, 209, 215,
    216, 217, 215, 217, 220, 223, 224, 229, 227, 228, 225, 228, 226, 225,
    224, 224, 224, 224, 226, 226 ]
