%YAML:1.0
---
videoName: "RHShake06.mp4"
gestureLabel: 2
fps: 30
pixelSizeInCmTemp: 3.2808219178082193e-01
faceCenterPointX: 293
faceCenterPointY: 43
LHandPositionsX: [ 306, 309, 307, 310, 308, 306, 306, 307, 310, 310, 308,
    306, 309, 308, 308, 309, 309, 314, 312, 319, 321, 321, 323, 319, 323,
    323, 319, 320, 321, 323, 322, 320, 325, 326, 325, 326, 325, 323, 323,
    326, 324, 325, 326, 326, 326, 323, 324, 322, 322, 322, 326, 323, 325,
    323, 322, 326, 322, 323, 326, 323, 324, 323, 324, 322, 323, 326, 324,
    325, 326, 326, 322, 325, 326, 326, 324, 326, 324, 325, 324, 324, 324,
    323, 325, 319, 315, 315, 310, 313, 309, 312, 311 ]
LHandPositionsY: [ 268, 267, 270, 266, 267, 266, 268, 266, 269, 268, 269,
    269, 267, 267, 269, 269, 269, 269, 267, 265, 264, 262, 260, 262, 262,
    261, 259, 259, 261, 259, 261, 262, 262, 258, 260, 261, 261, 260, 258,
    258, 262, 261, 261, 261, 260, 262, 260, 262, 260, 262, 259, 258, 261,
    259, 261, 260, 258, 260, 262, 258, 261, 258, 259, 259, 258, 259, 262,
    260, 260, 258, 258, 260, 258, 262, 260, 262, 261, 259, 260, 262, 259,
    258, 260, 261, 261, 262, 267, 263, 264, 264, 266 ]
RHandPositionsX: [ 290, 289, 287, 285, 288, 288, 287, 288, 285, 285, 286,
    287, 284, 286, 285, 286, 288, 283, 276, 263, 245, 227, 201, 180, 159,
    147, 138, 133, 138, 141, 144, 147, 164, 165, 164, 161, 164, 160, 160,
    157, 162, 172, 182, 188, 191, 187, 182, 173, 171, 171, 170, 169, 173,
    181, 182, 183, 181, 186, 177, 170, 172, 163, 165, 179, 182, 177, 177,
    173, 163, 162, 167, 168, 171, 181, 193, 194, 207, 224, 234, 242, 247,
    252, 254, 249, 245, 255, 254, 254, 253, 251, 255 ]
RHandPositionsY: [ 269, 268, 266, 268, 266, 268, 269, 266, 266, 269, 267,
    266, 269, 268, 268, 266, 270, 270, 263, 260, 249, 236, 216, 200, 178,
    158, 135, 124, 111, 105, 114, 116, 129, 119, 111, 104, 98, 87, 90,
    91, 89, 93, 95, 101, 96, 96, 95, 90, 86, 90, 87, 87, 92, 102, 101,
    101, 95, 99, 97, 96, 93, 87, 91, 101, 100, 103, 105, 99, 104, 106,
    116, 127, 145, 160, 177, 179, 193, 207, 215, 226, 233, 235, 236, 240,
    238, 240, 243, 242, 245, 245, 246 ]
