%YAML:1.0
---
videoName: "RHShake02.mp4"
gestureLabel: 2
fps: 29
pixelSizeInCmTemp: 3.1933333333333330e-01
faceCenterPointX: 291
faceCenterPointY: 51
LHandPositionsX: [ 409, 406, 409, 405, 409, 405, 408, 406, 408, 405, 406,
    405, 407, 406, 405, 407, 407, 404, 405, 408, 408, 405, 408, 408, 404,
    407, 407, 407, 405, 402, 406, 404, 405, 402, 402, 404, 405, 403, 404,
    402, 402, 401, 400, 400, 401, 400, 401, 400, 399, 400, 398, 401, 399,
    401, 397, 399, 397, 396, 400, 398, 396, 399, 400, 396, 396, 395, 398,
    398, 399, 398, 397, 396, 398, 398, 398, 396, 398, 397, 398, 395, 396,
    396, 397, 395, 398, 397, 397, 399 ]
LHandPositionsY: [ 261, 262, 261, 265, 261, 262, 262, 261, 262, 263, 265,
    262, 265, 262, 263, 264, 261, 260, 262, 262, 260, 263, 260, 264, 260,
    262, 261, 262, 264, 260, 260, 264, 262, 262, 262, 261, 263, 260, 261,
    263, 264, 264, 261, 262, 262, 263, 264, 262, 263, 261, 262, 262, 260,
    262, 260, 262, 261, 261, 263, 263, 262, 264, 263, 260, 262, 262, 260,
    263, 261, 262, 261, 264, 264, 263, 263, 264, 264, 264, 260, 263, 264,
    264, 262, 262, 261, 262, 261, 262 ]
RHandPositionsX: [ 171, 171, 173, 175, 174, 172, 174, 172, 173, 171, 170,
    172, 170, 171, 172, 174, 171, 171, 172, 174, 174, 173, 171, 171, 173,
    174, 174, 179, 175, 170, 166, 163, 158, 156, 151, 157, 162, 174, 181,
    177, 181, 179, 173, 165, 159, 158, 159, 169, 177, 186, 192, 184, 184,
    177, 169, 167, 165, 168, 174, 180, 182, 181, 181, 175, 177, 171, 168,
    169, 169, 176, 182, 194, 196, 202, 197, 199, 195, 183, 184, 182, 178,
    175, 176, 177, 177, 176, 176, 177 ]
RHandPositionsY: [ 266, 265, 267, 263, 263, 263, 265, 267, 266, 265, 266,
    265, 264, 264, 265, 263, 267, 264, 265, 266, 263, 265, 267, 267, 264,
    268, 266, 249, 229, 210, 188, 165, 143, 122, 111, 100, 97, 93, 99,
    98, 93, 94, 90, 92, 87, 89, 87, 93, 97, 100, 99, 99, 92, 91, 87, 84,
    84, 92, 94, 98, 97, 100, 96, 97, 92, 91, 92, 93, 93, 100, 105, 119,
    129, 144, 159, 176, 195, 214, 225, 232, 236, 245, 244, 253, 249, 251,
    255, 252 ]
