%YAML:1.0
---
videoName: "RHShake20.mp4"
gestureLabel: 2
fps: 29
pixelSizeInCmTemp: 3.3263888888888887e-01
faceCenterPointX: 286
faceCenterPointY: 45
LHandPositionsX: [ 391, 391, 393, 390, 391, 394, 393, 392, 394, 390, 390,
    393, 393, 392, 394, 392, 392, 393, 390, 391, 394, 392, 394, 391, 391,
    394, 392, 394, 392, 394, 394, 391, 394, 394, 390, 394, 391, 393, 392,
    390, 390, 391, 394, 390, 392, 394, 391, 393, 394, 393, 393, 393, 392,
    394, 393, 393, 393, 392, 394, 390, 392, 390, 390, 393, 394, 394, 392,
    394, 394, 391, 392, 390, 391, 393, 393, 391, 393, 391, 392, 393, 393,
    393, 393, 392, 391, 394, 392, 390 ]
LHandPositionsY: [ 245, 242, 242, 242, 244, 245, 243, 241, 241, 244, 241,
    240, 239, 241, 241, 241, 239, 242, 243, 239, 241, 240, 240, 243, 243,
    242, 240, 241, 243, 239, 243, 243, 240, 243, 240, 239, 239, 241, 240,
    241, 241, 240, 239, 240, 241, 239, 240, 243, 241, 239, 241, 239, 243,
    243, 242, 240, 243, 241, 239, 242, 240, 243, 240, 242, 243, 240, 239,
    243, 239, 243, 242, 243, 243, 241, 239, 242, 241, 239, 239, 243, 241,
    239, 240, 242, 239, 242, 240, 239 ]
RHandPositionsX: [ 162, 159, 158, 156, 152, 152, 154, 154, 157, 156, 159,
    162, 157, 155, 152, 151, 147, 150, 161, 162, 163, 161, 159, 154, 153,
    153, 150, 153, 158, 163, 162, 159, 156, 156, 159, 153, 153, 148, 157,
    166, 168, 168, 167, 161, 159, 155, 155, 153, 157, 164, 165, 168, 166,
    167, 169, 169, 165, 164, 160, 160, 165, 168, 171, 177, 182, 183, 185,
    184, 188, 181, 182, 184, 178, 180, 180, 179, 177, 177, 178, 176, 176,
    180, 179, 180, 176, 178, 178, 177 ]
RHandPositionsY: [ 112, 108, 101, 103, 102, 97, 99, 101, 99, 101, 104,
    101, 100, 98, 99, 99, 100, 105, 111, 112, 115, 113, 110, 110, 109,
    106, 108, 111, 120, 118, 120, 113, 110, 109, 106, 104, 102, 108, 113,
    121, 121, 122, 124, 116, 113, 111, 115, 111, 111, 118, 126, 122, 122,
    127, 124, 118, 116, 117, 111, 112, 116, 125, 132, 136, 146, 154, 167,
    177, 183, 193, 203, 211, 219, 226, 234, 233, 237, 241, 241, 243, 243,
    243, 246, 245, 245, 245, 245, 245 ]
