%YAML:1.0
---
videoName: "RHShake11.mp4"
gestureLabel: 2
fps: 29
pixelSizeInCmTemp: 3.3263888888888887e-01
faceCenterPointX: 274
faceCenterPointY: 53
LHandPositionsX: [ 308, 307, 310, 311, 310, 308, 310, 310, 308, 309, 311,
    309, 307, 310, 310, 311, 309, 308, 307, 310, 307, 310, 311, 309, 309,
    307, 311, 311, 309, 308, 310, 311, 310, 310, 308, 309, 311, 309, 309,
    311, 307, 310, 309, 309, 310, 309, 308, 307, 308, 311, 308, 310, 311,
    310, 308, 310, 308, 308, 307, 310, 308, 307, 309, 311, 311, 311, 311,
    307, 309, 308, 311, 308, 309, 309, 309, 309, 308, 305, 307, 305, 307,
    304, 306, 306, 303, 306, 307, 305 ]
LHandPositionsY: [ 248, 247, 246, 249, 249, 245, 245, 248, 249, 249, 246,
    247, 246, 245, 248, 248, 248, 248, 246, 246, 247, 245, 246, 246, 245,
    248, 249, 247, 248, 249, 246, 245, 248, 248, 249, 245, 248, 246, 249,
    249, 247, 245, 247, 247, 248, 246, 247, 247, 246, 248, 247, 245, 249,
    246, 248, 245, 248, 247, 245, 249, 249, 245, 247, 248, 247, 248, 245,
    249, 248, 245, 248, 243, 246, 244, 244, 247, 246, 246, 243, 245, 244,
    244, 244, 247, 244, 243, 243, 246 ]
RHandPositionsX: [ 248, 247, 249, 243, 234, 224, 208, 193, 172, 161, 147,
    140, 145, 144, 152, 158, 159, 163, 170, 175, 170, 161, 159, 152, 154,
    155, 162, 164, 167, 166, 167, 170, 162, 159, 156, 156, 154, 151, 157,
    166, 169, 167, 173, 168, 165, 160, 160, 160, 157, 160, 164, 170, 174,
    178, 179, 176, 174, 167, 167, 164, 160, 155, 159, 165, 173, 181, 193,
    207, 221, 228, 242, 249, 255, 261, 262, 261, 258, 259, 263, 262, 261,
    258, 262, 258, 259, 260, 261, 262 ]
RHandPositionsY: [ 248, 246, 248, 241, 229, 219, 208, 189, 176, 160, 143,
    126, 125, 112, 105, 104, 106, 103, 102, 100, 101, 102, 99, 96, 96,
    94, 96, 101, 102, 99, 98, 98, 98, 94, 93, 94, 95, 98, 100, 103, 103,
    103, 103, 106, 103, 104, 99, 101, 98, 96, 103, 106, 106, 108, 107,
    104, 105, 104, 98, 103, 103, 102, 103, 105, 120, 127, 145, 157, 175,
    190, 201, 210, 222, 227, 234, 234, 238, 240, 240, 238, 240, 238, 241,
    241, 241, 242, 241, 241 ]
