%YAML:1.0
---
videoName: "RHShake07.mp4"
gestureLabel: 2
fps: 29
pixelSizeInCmTemp: 3.2364864864864862e-01
faceCenterPointX: 292
faceCenterPointY: 44
LHandPositionsX: [ 310, 306, 306, 309, 309, 310, 306, 309, 307, 309, 307,
    310, 310, 312, 309, 310, 311, 313, 311, 313, 313, 314, 311, 313, 311,
    311, 313, 311, 312, 310, 313, 312, 316, 315, 312, 314, 316, 313, 314,
    315, 316, 312, 316, 316, 312, 314, 316, 315, 316, 316, 315, 313, 314,
    312, 315, 314, 313, 312, 312, 315, 314, 315, 313, 315, 314, 313, 316,
    313, 314, 312, 314, 313, 314, 314, 317, 316, 317, 317, 316, 315, 308,
    310, 308, 311, 311, 311, 312, 312 ]
LHandPositionsY: [ 268, 271, 271, 271, 270, 271, 271, 270, 274, 272, 271,
    271, 273, 271, 268, 270, 268, 268, 270, 268, 269, 267, 268, 270, 269,
    271, 267, 268, 268, 270, 271, 270, 271, 271, 269, 270, 267, 270, 271,
    270, 270, 269, 271, 270, 268, 268, 271, 268, 269, 267, 271, 268, 267,
    268, 270, 268, 271, 271, 271, 268, 268, 271, 269, 271, 269, 270, 268,
    267, 269, 267, 268, 267, 270, 270, 269, 268, 266, 269, 270, 270, 271,
    272, 271, 274, 272, 274, 271, 275 ]
RHandPositionsX: [ 267, 266, 265, 264, 266, 266, 267, 266, 262, 271, 269,
    264, 254, 234, 216, 195, 176, 160, 154, 157, 161, 152, 155, 159, 163,
    180, 190, 183, 178, 169, 167, 166, 179, 182, 183, 185, 180, 176, 171,
    168, 174, 174, 180, 185, 187, 182, 177, 170, 164, 167, 167, 182, 187,
    201, 192, 188, 182, 176, 168, 169, 164, 165, 173, 175, 172, 183, 176,
    177, 170, 168, 157, 166, 176, 196, 212, 229, 244, 258, 271, 278, 273,
    273, 268, 267, 263, 266, 264, 266 ]
RHandPositionsY: [ 254, 252, 254, 253, 254, 253, 254, 252, 257, 254, 248,
    244, 230, 217, 203, 183, 166, 154, 136, 131, 124, 115, 120, 124, 125,
    117, 101, 97, 90, 93, 88, 92, 110, 106, 103, 97, 98, 96, 91, 92, 89,
    92, 96, 97, 97, 97, 94, 93, 93, 84, 84, 92, 96, 101, 100, 97, 96, 91,
    92, 89, 88, 90, 93, 94, 92, 91, 90, 86, 90, 89, 94, 117, 137, 151,
    167, 185, 207, 225, 235, 244, 245, 250, 253, 255, 254, 252, 253, 255 ]
