%YAML:1.0
---
videoName: "RHShake03.mp4"
gestureLabel: 2
fps: 29
pixelSizeInCmTemp: 3.1103896103896100e-01
faceCenterPointX: 294
faceCenterPointY: 48
LHandPositionsX: [ 408, 408, 409, 410, 410, 411, 408, 411, 411, 411, 410,
    412, 409, 411, 412, 410, 409, 412, 409, 411, 411, 411, 408, 410, 412,
    409, 411, 409, 409, 410, 410, 412, 412, 410, 412, 408, 408, 409, 410,
    411, 408, 412, 408, 412, 411, 409, 409, 408, 410, 409, 412, 408, 409,
    411, 412, 410, 410, 411, 409, 408, 409, 412, 412, 412, 411, 412, 412,
    411, 408, 410, 410, 411, 407, 409, 410, 408, 411, 408, 407, 407, 410,
    408, 410, 408, 408, 408, 410, 410 ]
LHandPositionsY: [ 260, 262, 261, 263, 260, 261, 262, 263, 262, 260, 264,
    264, 263, 261, 262, 264, 263, 261, 264, 264, 262, 261, 264, 262, 261,
    264, 261, 262, 262, 262, 260, 262, 263, 264, 262, 261, 263, 262, 262,
    261, 262, 262, 263, 260, 261, 261, 262, 260, 262, 264, 263, 260, 260,
    260, 262, 262, 264, 261, 260, 264, 262, 261, 262, 264, 264, 264, 260,
    262, 262, 262, 261, 262, 263, 262, 260, 260, 261, 261, 261, 262, 260,
    261, 260, 261, 264, 263, 260, 260 ]
RHandPositionsX: [ 182, 180, 177, 180, 179, 177, 175, 176, 175, 176, 176,
    174, 172, 172, 173, 174, 173, 172, 172, 172, 171, 171, 174, 175, 171,
    174, 171, 175, 171, 171, 170, 172, 176, 174, 166, 158, 154, 148, 153,
    149, 153, 163, 178, 183, 191, 190, 182, 176, 172, 173, 173, 178, 179,
    181, 181, 175, 172, 172, 168, 173, 178, 187, 200, 208, 200, 192, 186,
    190, 183, 180, 183, 194, 200, 209, 209, 207, 197, 194, 191, 184, 182,
    183, 184, 183, 180, 183, 181, 178 ]
RHandPositionsY: [ 260, 258, 260, 262, 260, 261, 259, 259, 262, 258, 258,
    259, 260, 258, 258, 261, 259, 260, 260, 261, 262, 258, 261, 258, 258,
    262, 262, 258, 261, 259, 264, 264, 258, 240, 218, 197, 176, 160, 143,
    127, 123, 117, 117, 117, 111, 103, 102, 101, 97, 98, 101, 106, 104,
    104, 104, 104, 102, 99, 95, 97, 102, 108, 109, 113, 107, 107, 102,
    104, 98, 99, 102, 119, 128, 142, 157, 178, 202, 208, 215, 242, 243,
    243, 242, 250, 251, 253, 254, 251 ]
