%YAML:1.0
---
videoName: "RHShake04.mp4"
gestureLabel: 2
fps: 29
pixelSizeInCmTemp: 3.1513157894736843e-01
faceCenterPointX: 292
faceCenterPointY: 47
LHandPositionsX: [ 413, 412, 413, 412, 410, 411, 412, 412, 408, 411, 414,
    413, 412, 412, 408, 410, 411, 409, 408, 409, 411, 410, 406, 409, 406,
    409, 406, 405, 409, 408, 407, 405, 407, 408, 406, 408, 406, 407, 409,
    406, 407, 408, 405, 405, 408, 409, 407, 409, 407, 408, 408, 406, 405,
    406, 406, 407, 405, 406, 406, 406, 408, 405, 406, 405, 405, 404, 404,
    406, 404, 402, 405, 405, 403, 406, 402, 402, 402, 404, 404, 405, 404,
    405, 405, 401, 404, 405, 403, 401 ]
LHandPositionsY: [ 263, 263, 264, 263, 264, 264, 261, 261, 263, 265, 266,
    264, 265, 262, 264, 261, 262, 265, 263, 261, 260, 264, 261, 261, 262,
    260, 260, 260, 260, 263, 263, 263, 260, 264, 260, 262, 261, 263, 263,
    264, 260, 261, 262, 263, 264, 260, 264, 260, 260, 263, 261, 261, 260,
    260, 262, 261, 260, 261, 260, 260, 264, 263, 263, 262, 262, 261, 259,
    259, 261, 260, 262, 259, 261, 259, 259, 259, 260, 260, 262, 258, 257,
    261, 258, 258, 258, 257, 260, 258 ]
RHandPositionsX: [ 180, 181, 181, 181, 182, 180, 180, 180, 180, 181, 177,
    178, 177, 177, 177, 180, 177, 179, 175, 178, 178, 175, 178, 183, 180,
    175, 172, 165, 163, 162, 165, 165, 180, 189, 192, 191, 188, 179, 173,
    167, 167, 167, 170, 177, 179, 179, 182, 174, 170, 165, 166, 170, 179,
    178, 181, 177, 176, 169, 169, 169, 172, 177, 176, 185, 193, 191, 183,
    180, 173, 175, 172, 168, 170, 178, 184, 192, 191, 193, 189, 190, 189,
    188, 186, 181, 174, 175, 175, 172 ]
RHandPositionsY: [ 267, 268, 264, 264, 267, 262, 267, 265, 266, 269, 267,
    269, 269, 271, 267, 269, 269, 271, 267, 269, 271, 274, 269, 244, 223,
    193, 172, 150, 127, 122, 119, 104, 97, 101, 104, 103, 100, 94, 94,
    95, 91, 90, 94, 96, 97, 96, 94, 96, 95, 92, 95, 93, 97, 96, 99, 96,
    97, 95, 95, 91, 94, 96, 97, 98, 96, 96, 96, 97, 95, 93, 94, 96, 99,
    106, 119, 132, 140, 150, 162, 181, 193, 209, 224, 229, 234, 245, 247,
    248 ]
