%YAML:1.0
---
videoName: "RHShake16.mp4"
gestureLabel: 2
fps: 29
pixelSizeInCmTemp: 3.2808219178082193e-01
faceCenterPointX: 281
faceCenterPointY: 44
LHandPositionsX: [ 369, 372, 372, 372, 371, 371, 372, 372, 373, 371, 369,
    369, 369, 373, 371, 372, 369, 372, 371, 370, 370, 371, 373, 373, 373,
    370, 373, 369, 369, 370, 369, 373, 370, 371, 370, 372, 370, 371, 372,
    372, 372, 371, 373, 373, 371, 372, 372, 372, 372, 371, 371, 370, 369,
    373, 372, 373, 372, 371, 373, 370, 373, 373, 369, 372, 372, 371, 370,
    369, 371, 370, 373, 372, 370, 370, 372, 372, 371, 372, 370, 371, 369,
    371, 372, 372, 370, 369, 371, 370 ]
LHandPositionsY: [ 232, 233, 231, 234, 234, 232, 234, 234, 233, 230, 231,
    231, 231, 232, 233, 232, 234, 231, 230, 234, 233, 234, 233, 231, 232,
    232, 233, 231, 231, 231, 233, 232, 231, 232, 233, 232, 233, 233, 232,
    232, 234, 231, 230, 233, 233, 232, 230, 234, 234, 233, 231, 232, 233,
    231, 231, 231, 233, 232, 233, 229, 229, 230, 229, 230, 229, 231, 229,
    232, 230, 232, 231, 229, 232, 230, 231, 229, 229, 229, 233, 232, 230,
    233, 230, 231, 230, 233, 233, 229 ]
RHandPositionsX: [ 169, 171, 170, 167, 169, 167, 168, 171, 168, 169, 168,
    170, 171, 170, 170, 169, 171, 168, 162, 154, 152, 146, 136, 130, 128,
    121, 119, 122, 124, 122, 126, 128, 137, 142, 145, 141, 137, 136, 136,
    141, 141, 145, 148, 151, 148, 148, 150, 148, 148, 146, 152, 152, 151,
    148, 150, 146, 149, 143, 148, 152, 154, 157, 157, 154, 154, 152, 148,
    151, 152, 162, 164, 170, 172, 178, 177, 175, 176, 175, 173, 171, 173,
    171, 170, 171, 168, 168, 171, 172 ]
RHandPositionsY: [ 268, 265, 265, 266, 266, 265, 267, 269, 267, 265, 266,
    269, 266, 269, 266, 269, 265, 267, 257, 245, 221, 201, 177, 161, 144,
    129, 116, 116, 112, 104, 108, 104, 100, 98, 94, 96, 91, 90, 91, 90,
    88, 91, 90, 90, 90, 89, 88, 88, 86, 88, 89, 87, 87, 87, 87, 88, 84,
    89, 86, 90, 91, 90, 88, 89, 86, 87, 92, 93, 104, 119, 133, 146, 159,
    172, 184, 192, 194, 202, 211, 218, 222, 222, 226, 234, 238, 238, 238,
    237 ]
