%YAML:1.0
---
videoName: "RHShake05.mp4"
gestureLabel: 2
fps: 30
pixelSizeInCmTemp: 3.1103896103896100e-01
faceCenterPointX: 295
faceCenterPointY: 47
LHandPositionsX: [ 412, 410, 408, 409, 409, 409, 410, 412, 410, 410, 411,
    409, 408, 408, 411, 409, 408, 412, 409, 408, 412, 412, 408, 412, 409,
    409, 412, 409, 408, 411, 409, 410, 408, 410, 410, 412, 412, 409, 410,
    409, 412, 409, 410, 409, 411, 409, 408, 410, 411, 410, 411, 408, 408,
    411, 409, 409, 410, 412, 411, 410, 408, 409, 410, 411, 409, 412, 412,
    411, 411, 409, 410, 409, 409, 411, 410, 408, 410, 409, 412, 412, 410,
    409, 408, 408, 410, 411, 410, 411, 411, 408, 408 ]
LHandPositionsY: [ 258, 261, 260, 260, 260, 260, 258, 257, 261, 261, 259,
    261, 258, 259, 260, 257, 258, 260, 257, 257, 260, 257, 259, 261, 261,
    258, 258, 260, 260, 257, 260, 257, 261, 259, 257, 261, 258, 261, 261,
    261, 259, 257, 257, 257, 260, 258, 261, 258, 261, 257, 260, 259, 259,
    260, 259, 258, 257, 261, 258, 258, 258, 258, 259, 257, 259, 259, 260,
    261, 259, 260, 261, 261, 258, 258, 261, 261, 260, 257, 257, 260, 259,
    261, 259, 261, 257, 257, 260, 257, 259, 258, 261 ]
RHandPositionsX: [ 173, 177, 174, 177, 177, 175, 173, 174, 175, 177, 173,
    174, 173, 175, 175, 175, 173, 173, 171, 171, 172, 172, 171, 178, 177,
    177, 182, 180, 175, 166, 148, 156, 154, 157, 164, 176, 189, 198, 191,
    183, 174, 174, 169, 169, 175, 177, 190, 184, 179, 171, 170, 167, 170,
    172, 177, 189, 185, 180, 174, 168, 166, 170, 175, 192, 192, 192, 185,
    179, 181, 179, 180, 181, 187, 195, 193, 189, 182, 174, 171, 173, 172,
    174, 182, 187, 189, 189, 184, 180, 180, 176, 176 ]
RHandPositionsY: [ 262, 258, 258, 258, 260, 261, 258, 260, 258, 260, 261,
    261, 258, 260, 262, 260, 258, 261, 260, 258, 262, 263, 259, 261, 260,
    253, 230, 205, 182, 158, 132, 126, 105, 94, 86, 91, 96, 93, 88, 83,
    81, 78, 81, 82, 84, 85, 81, 81, 81, 72, 73, 73, 81, 86, 86, 93, 86,
    84, 83, 83, 81, 84, 87, 92, 95, 94, 89, 88, 84, 82, 85, 84, 88, 93,
    94, 89, 90, 86, 88, 92, 110, 131, 158, 183, 203, 223, 227, 233, 243,
    250, 248 ]
