%YAML:1.0
---
videoName: "RHShake23.mp4"
gestureLabel: 2
fps: 29
pixelSizeInCmTemp: 3.3263888888888887e-01
faceCenterPointX: 298
faceCenterPointY: 49
LHandPositionsX: [ 387, 388, 390, 388, 387, 389, 389, 391, 389, 387, 390,
    388, 387, 388, 388, 387, 391, 389, 387, 387, 391, 390, 390, 388, 388,
    391, 388, 391, 391, 391, 387, 390, 389, 391, 390, 387, 391, 388, 388,
    388, 389, 390, 390, 387, 387, 388, 390, 391, 390, 387, 391, 389, 389,
    388, 388, 388, 390, 388, 391, 390, 388, 389, 388, 389, 388, 390, 388,
    390, 391, 389, 391, 388, 387, 388, 389, 391, 390, 390, 387, 387, 390,
    391, 387, 391, 390, 390, 389, 388 ]
LHandPositionsY: [ 228, 227, 224, 228, 224, 224, 225, 228, 225, 228, 225,
    226, 225, 224, 224, 225, 227, 224, 226, 228, 226, 224, 228, 225, 228,
    227, 224, 228, 224, 224, 228, 227, 224, 227, 224, 228, 224, 225, 224,
    226, 224, 227, 225, 228, 225, 227, 228, 224, 226, 228, 225, 225, 228,
    224, 227, 227, 224, 228, 226, 228, 226, 225, 227, 228, 224, 228, 227,
    226, 227, 225, 228, 227, 224, 227, 227, 225, 224, 226, 228, 225, 225,
    227, 224, 226, 228, 226, 227, 226 ]
RHandPositionsX: [ 172, 170, 174, 187, 192, 188, 194, 188, 180, 180, 172,
    176, 171, 180, 186, 198, 196, 196, 196, 194, 185, 181, 175, 175, 172,
    172, 174, 180, 191, 203, 198, 201, 201, 196, 192, 186, 182, 179, 181,
    184, 188, 200, 200, 201, 208, 201, 198, 189, 182, 181, 175, 179, 180,
    188, 192, 201, 205, 208, 207, 208, 212, 211, 210, 212, 212, 208, 206,
    204, 206, 203, 205, 204, 204, 205, 200, 204, 204, 202, 203, 202, 202,
    198, 200, 201, 200, 198, 200, 201 ]
RHandPositionsY: [ 98, 92, 99, 114, 116, 113, 120, 111, 104, 101, 101,
    101, 98, 103, 111, 121, 125, 123, 123, 109, 103, 101, 100, 98, 99,
    94, 97, 97, 115, 122, 123, 125, 125, 107, 104, 107, 106, 104, 98,
    103, 112, 120, 121, 124, 127, 124, 122, 109, 106, 107, 102, 104, 102,
    117, 127, 135, 141, 151, 148, 152, 158, 165, 175, 184, 189, 202, 210,
    217, 213, 215, 216, 217, 220, 222, 227, 229, 226, 226, 224, 224, 226,
    227, 227, 228, 225, 226, 227, 225 ]
