%YAML:1.0
---
videoName: "RHShake12.mp4"
gestureLabel: 2
fps: 29
pixelSizeInCmTemp: 3.3732394366197183e-01
faceCenterPointX: 299
faceCenterPointY: 45
LHandPositionsX: [ 405, 405, 405, 404, 405, 407, 404, 405, 405, 406, 405,
    408, 405, 407, 407, 404, 406, 407, 405, 404, 408, 407, 408, 406, 405,
    405, 407, 404, 404, 405, 405, 404, 406, 408, 404, 407, 405, 405, 407,
    404, 408, 405, 406, 405, 408, 407, 404, 407, 407, 408, 406, 406, 407,
    407, 405, 407, 404, 406, 405, 408, 404, 405, 407, 406, 405, 406, 404,
    406, 408, 405, 408, 405, 404, 404, 407, 408, 404, 408, 404, 404, 407,
    405, 407, 406, 404, 406, 407, 406 ]
LHandPositionsY: [ 242, 240, 243, 242, 242, 239, 240, 239, 239, 239, 239,
    239, 241, 239, 240, 241, 241, 240, 239, 239, 239, 240, 243, 243, 239,
    243, 239, 241, 240, 243, 239, 240, 242, 242, 243, 241, 243, 240, 239,
    243, 239, 240, 243, 239, 239, 242, 240, 239, 239, 239, 241, 241, 241,
    239, 240, 239, 243, 241, 239, 241, 241, 239, 241, 243, 241, 239, 242,
    240, 241, 242, 239, 240, 239, 240, 240, 240, 241, 243, 242, 241, 240,
    241, 241, 243, 240, 240, 242, 242 ]
RHandPositionsX: [ 168, 165, 161, 163, 161, 171, 182, 191, 194, 198, 195,
    182, 178, 173, 173, 170, 172, 179, 187, 186, 187, 184, 180, 174, 167,
    166, 170, 173, 188, 192, 193, 191, 182, 178, 178, 176, 175, 174, 181,
    189, 194, 195, 183, 181, 175, 177, 173, 173, 182, 193, 194, 195, 196,
    191, 184, 181, 178, 176, 173, 176, 181, 193, 199, 198, 202, 200, 195,
    190, 189, 185, 183, 185, 191, 193, 200, 199, 197, 200, 202, 204, 201,
    200, 197, 199, 196, 198, 198, 197 ]
RHandPositionsY: [ 140, 129, 118, 114, 108, 91, 94, 104, 109, 110, 100,
    94, 91, 91, 87, 86, 85, 89, 103, 105, 106, 99, 93, 85, 89, 85, 84,
    89, 101, 113, 110, 106, 100, 95, 93, 94, 90, 88, 97, 110, 116, 116,
    102, 101, 95, 96, 91, 85, 96, 111, 113, 111, 115, 101, 91, 91, 90,
    92, 88, 86, 95, 111, 120, 119, 120, 120, 110, 108, 111, 112, 116,
    124, 135, 147, 161, 161, 166, 176, 183, 194, 202, 208, 216, 219, 220,
    224, 228, 231 ]
