%YAML:1.0
---
videoName: "RHShake08.mp4"
gestureLabel: 2
fps: 29
pixelSizeInCmTemp: 3.2808219178082193e-01
faceCenterPointX: 290
faceCenterPointY: 45
LHandPositionsX: [ 313, 316, 316, 314, 316, 317, 314, 312, 311, 309, 308,
    309, 313, 312, 309, 307, 311, 310, 309, 306, 310, 310, 306, 306, 306,
    308, 307, 308, 309, 307, 306, 307, 306, 308, 311, 306, 306, 310, 306,
    310, 309, 306, 307, 308, 306, 307, 310, 305, 309, 307, 307, 305, 307,
    307, 306, 305, 307, 309, 308, 308, 308, 307, 307, 305, 309, 306, 309,
    308, 309, 306, 308, 306, 306, 308, 307, 309, 307, 305, 307, 306, 309,
    305, 307, 308, 311, 307, 306, 310 ]
LHandPositionsY: [ 280, 281, 281, 282, 279, 282, 283, 284, 284, 281, 285,
    281, 282, 283, 285, 283, 284, 282, 285, 284, 283, 284, 285, 283, 282,
    281, 283, 284, 284, 281, 285, 284, 285, 282, 282, 283, 283, 282, 283,
    282, 282, 282, 285, 284, 281, 281, 280, 280, 284, 284, 284, 281, 281,
    283, 281, 280, 280, 284, 283, 283, 283, 284, 280, 283, 284, 281, 280,
    283, 284, 281, 280, 280, 283, 282, 282, 281, 282, 284, 282, 280, 282,
    282, 284, 283, 281, 282, 283, 281 ]
RHandPositionsX: [ 270, 269, 268, 270, 269, 273, 272, 276, 264, 257, 261,
    255, 250, 235, 218, 203, 186, 163, 158, 162, 167, 174, 198, 196, 207,
    198, 193, 192, 183, 179, 190, 190, 203, 202, 193, 193, 184, 181, 177,
    178, 191, 189, 186, 183, 182, 178, 173, 173, 173, 184, 186, 186, 190,
    187, 192, 192, 190, 204, 202, 215, 212, 208, 203, 201, 197, 194, 204,
    205, 217, 212, 212, 214, 221, 231, 242, 249, 253, 262, 263, 266, 266,
    268, 268, 272, 272, 275, 271, 268 ]
RHandPositionsY: [ 269, 268, 268, 270, 269, 267, 266, 267, 264, 263, 255,
    245, 233, 219, 204, 184, 174, 154, 129, 129, 116, 109, 105, 108, 111,
    105, 101, 92, 95, 90, 88, 92, 97, 94, 96, 92, 90, 87, 89, 88, 94, 95,
    91, 94, 87, 85, 84, 85, 91, 96, 94, 97, 99, 95, 91, 90, 91, 91, 100,
    94, 100, 98, 94, 93, 93, 92, 93, 101, 106, 108, 113, 127, 131, 145,
    160, 178, 191, 214, 230, 245, 260, 262, 259, 258, 260, 265, 264, 266 ]
