%YAML:1.0
---
videoName: "RHShake11.mp4"
gestureLabel: 2
fps: 29
pixelSizeInCmTemp: 3.3263888888888887e-01
faceCenterPointX: 274
faceCenterPointY: 53
LHandPositionsX: [ 312, 307, 311, 308, 311, 308, 311, 310, 311, 307, 307,
    311, 310, 308, 310, 308, 311, 310, 311, 309, 307, 310, 310, 309, 308,
    310, 310, 310, 309, 307, 311, 307, 307, 309, 307, 307, 310, 311, 310,
    307, 307, 309, 307, 309, 307, 310, 308, 310, 311, 310, 308, 307, 311,
    307, 310, 308, 307, 308, 310, 307, 311, 310, 309, 309, 310, 310, 309,
    311, 309, 311, 311, 309, 311, 311, 309, 308, 307, 309, 307, 303, 303,
    306, 304, 307, 307, 305, 307, 305 ]
LHandPositionsY: [ 247, 248, 247, 247, 248, 245, 248, 247, 246, 245, 247,
    246, 249, 249, 246, 247, 248, 248, 249, 248, 247, 245, 245, 247, 245,
    247, 249, 247, 245, 248, 246, 249, 246, 249, 249, 248, 247, 249, 249,
    247, 247, 249, 249, 245, 247, 246, 247, 249, 249, 248, 248, 248, 248,
    248, 249, 249, 245, 245, 246, 247, 248, 248, 249, 249, 246, 248, 245,
    248, 248, 248, 247, 246, 243, 244, 242, 245, 247, 247, 243, 244, 243,
    244, 245, 246, 243, 246, 246, 245 ]
RHandPositionsX: [ 248, 247, 251, 247, 234, 227, 211, 191, 173, 161, 147,
    139, 144, 146, 149, 156, 163, 164, 171, 173, 171, 164, 157, 156, 153,
    155, 161, 167, 166, 166, 166, 166, 163, 162, 155, 157, 152, 153, 159,
    169, 171, 168, 171, 169, 166, 159, 158, 156, 158, 158, 164, 171, 172,
    176, 177, 175, 172, 170, 166, 164, 162, 155, 159, 166, 171, 180, 192,
    205, 218, 228, 239, 247, 255, 258, 260, 259, 260, 260, 259, 262, 261,
    259, 258, 262, 259, 258, 259, 259 ]
RHandPositionsY: [ 246, 246, 248, 240, 232, 222, 207, 192, 177, 160, 141,
    127, 126, 113, 105, 104, 105, 103, 103, 103, 102, 102, 101, 96, 93,
    94, 97, 101, 99, 101, 99, 97, 96, 96, 94, 96, 96, 98, 101, 107, 106,
    102, 105, 106, 104, 103, 101, 98, 100, 100, 104, 104, 105, 109, 108,
    107, 107, 103, 98, 99, 99, 99, 103, 108, 118, 128, 142, 155, 174,
    187, 201, 213, 224, 227, 236, 235, 235, 239, 239, 241, 241, 240, 238,
    238, 239, 241, 240, 238 ]
