%YAML:1.0
---
videoName: "RHShake06.mp4"
gestureLabel: 2
fps: 30
pixelSizeInCmTemp: 3.2808219178082193e-01
faceCenterPointX: 293
faceCenterPointY: 43
LHandPositionsX: [ 309, 307, 306, 306, 306, 307, 310, 306, 306, 310, 308,
    306, 306, 307, 308, 309, 310, 312, 314, 318, 319, 321, 319, 320, 321,
    321, 321, 323, 323, 321, 319, 322, 326, 322, 323, 323, 322, 325, 326,
    325, 322, 323, 325, 323, 323, 325, 322, 322, 324, 322, 322, 324, 324,
    322, 326, 323, 326, 322, 324, 326, 322, 325, 325, 326, 323, 322, 325,
    324, 323, 322, 323, 325, 324, 324, 324, 326, 325, 323, 323, 325, 325,
    322, 325, 321, 316, 314, 311, 309, 310, 309, 309 ]
LHandPositionsY: [ 267, 270, 266, 268, 267, 268, 266, 268, 268, 266, 267,
    267, 269, 267, 268, 268, 268, 270, 267, 264, 261, 262, 261, 261, 260,
    260, 262, 258, 261, 262, 258, 258, 261, 259, 260, 261, 258, 258, 259,
    260, 260, 259, 258, 262, 262, 260, 259, 259, 258, 261, 262, 260, 261,
    260, 261, 258, 261, 262, 258, 260, 261, 260, 258, 260, 261, 261, 261,
    262, 259, 258, 261, 262, 261, 261, 259, 261, 261, 262, 258, 260, 261,
    262, 260, 263, 265, 264, 267, 264, 265, 265, 266 ]
RHandPositionsX: [ 289, 289, 284, 285, 287, 284, 285, 288, 285, 287, 284,
    287, 288, 287, 287, 284, 287, 287, 278, 263, 246, 223, 203, 180, 161,
    146, 140, 133, 137, 139, 142, 144, 161, 166, 162, 161, 162, 159, 160,
    156, 159, 172, 182, 187, 190, 187, 181, 175, 170, 170, 168, 166, 173,
    181, 182, 184, 183, 186, 181, 170, 169, 163, 168, 182, 179, 177, 173,
    172, 163, 159, 164, 164, 172, 180, 194, 190, 209, 222, 231, 243, 249,
    254, 251, 248, 246, 252, 254, 254, 255, 251, 256 ]
RHandPositionsY: [ 267, 267, 268, 270, 268, 269, 268, 267, 266, 267, 267,
    268, 266, 268, 270, 267, 271, 270, 267, 259, 250, 235, 217, 198, 180,
    157, 137, 122, 110, 106, 114, 115, 130, 117, 110, 106, 100, 91, 89,
    92, 93, 93, 99, 101, 99, 95, 92, 92, 90, 91, 88, 90, 96, 98, 99, 98,
    96, 98, 94, 94, 94, 90, 94, 100, 101, 104, 101, 103, 104, 108, 114,
    130, 145, 163, 176, 183, 195, 207, 216, 224, 230, 239, 239, 238, 238,
    244, 241, 241, 243, 242, 246 ]
