%YAML:1.0
---
videoName: "RHShake08.mp4"
gestureLabel: 2
fps: 29
pixelSizeInCmTemp: 3.2808219178082193e-01
faceCenterPointX: 290
faceCenterPointY: 45
LHandPositionsX: [ 315, 313, 315, 317, 314, 313, 315, 315, 312, 312, 309,
    311, 309, 308, 307, 309, 310, 311, 306, 308, 306, 306, 308, 308, 310,
    309, 309, 306, 306, 308, 308, 309, 307, 306, 309, 307, 310, 307, 309,
    309, 308, 310, 308, 305, 306, 310, 306, 307, 307, 305, 306, 306, 306,
    307, 309, 306, 309, 306, 306, 309, 306, 307, 305, 307, 307, 308, 305,
    308, 307, 306, 306, 308, 308, 308, 305, 308, 307, 307, 309, 307, 309,
    306, 309, 307, 311, 308, 307, 310 ]
LHandPositionsY: [ 282, 282, 280, 283, 279, 283, 284, 284, 284, 285, 285,
    284, 282, 281, 282, 285, 284, 282, 283, 281, 282, 285, 282, 285, 285,
    283, 284, 284, 283, 284, 284, 282, 285, 281, 282, 285, 284, 285, 284,
    281, 285, 283, 285, 282, 284, 281, 283, 281, 281, 280, 284, 283, 281,
    281, 282, 283, 280, 280, 282, 282, 283, 284, 280, 283, 280, 282, 283,
    283, 281, 281, 281, 284, 280, 280, 280, 281, 283, 280, 282, 281, 280,
    283, 284, 281, 283, 280, 283, 284 ]
RHandPositionsX: [ 267, 270, 272, 269, 271, 269, 274, 279, 265, 258, 261,
    257, 248, 237, 220, 203, 188, 164, 155, 158, 165, 175, 201, 198, 206,
    198, 194, 189, 185, 178, 189, 189, 203, 201, 193, 195, 188, 180, 181,
    178, 189, 189, 187, 183, 183, 177, 174, 172, 174, 181, 186, 188, 192,
    187, 192, 190, 188, 204, 203, 217, 212, 206, 204, 199, 199, 197, 203,
    208, 216, 212, 211, 217, 223, 229, 239, 246, 249, 261, 264, 265, 265,
    270, 270, 272, 276, 274, 274, 272 ]
RHandPositionsY: [ 266, 266, 270, 270, 266, 266, 268, 266, 266, 263, 254,
    246, 231, 216, 204, 182, 174, 153, 131, 127, 116, 110, 106, 107, 110,
    103, 99, 96, 92, 93, 88, 92, 93, 97, 96, 89, 90, 88, 88, 87, 94, 95,
    94, 94, 91, 87, 87, 86, 87, 94, 97, 97, 98, 99, 92, 89, 93, 94, 99,
    95, 102, 101, 93, 92, 92, 95, 94, 102, 103, 106, 112, 125, 129, 145,
    160, 176, 191, 214, 226, 247, 257, 262, 260, 260, 262, 266, 263, 263 ]
