%YAML:1.0
---
videoName: "RHShake05.mp4"
gestureLabel: 2
fps: 30
pixelSizeInCmTemp: 3.1103896103896100e-01
faceCenterPointX: 295
faceCenterPointY: 47
LHandPositionsX: [ 409, 412, 412, 411, 409, 409, 408, 411, 409, 411, 408,
    410, 409, 410, 408, 410, 409, 410, 410, 408, 410, 408, 411, 412, 408,
    409, 409, 408, 410, 411, 412, 412, 409, 411, 408, 412, 411, 411, 411,
    409, 411, 412, 412, 409, 412, 411, 412, 408, 410, 412, 408, 410, 410,
    412, 408, 409, 408, 412, 410, 409, 408, 408, 410, 408, 410, 411, 411,
    411, 409, 412, 411, 410, 411, 410, 408, 409, 411, 410, 412, 411, 408,
    408, 408, 409, 410, 411, 412, 409, 410, 410, 408 ]
LHandPositionsY: [ 258, 257, 259, 257, 257, 261, 257, 261, 260, 257, 260,
    258, 259, 258, 260, 259, 261, 260, 260, 261, 261, 261, 257, 259, 258,
    257, 259, 260, 257, 259, 259, 258, 260, 260, 258, 261, 258, 259, 261,
    257, 261, 261, 258, 258, 261, 259, 259, 257, 261, 258, 261, 257, 260,
    261, 257, 261, 259, 258, 257, 258, 261, 260, 259, 261, 258, 261, 257,
    257, 257, 260, 258, 260, 261, 258, 260, 259, 260, 261, 261, 257, 259,
    260, 259, 260, 257, 257, 260, 261, 260, 261, 258 ]
RHandPositionsX: [ 177, 173, 175, 173, 176, 173, 177, 176, 175, 177, 176,
    174, 174, 174, 173, 173, 173, 172, 170, 171, 171, 174, 170, 178, 174,
    177, 179, 178, 174, 166, 149, 157, 154, 161, 162, 175, 191, 198, 192,
    183, 177, 171, 171, 168, 177, 179, 187, 181, 179, 171, 172, 166, 170,
    175, 179, 189, 182, 179, 172, 170, 166, 168, 176, 192, 190, 191, 187,
    181, 179, 178, 182, 177, 189, 193, 194, 188, 182, 175, 171, 171, 175,
    177, 182, 183, 190, 188, 184, 177, 176, 179, 178 ]
RHandPositionsY: [ 259, 258, 262, 262, 262, 259, 259, 260, 258, 262, 261,
    262, 258, 258, 258, 260, 259, 262, 259, 260, 259, 259, 260, 257, 258,
    252, 234, 207, 179, 158, 133, 127, 107, 92, 89, 90, 92, 93, 87, 86,
    82, 80, 79, 82, 85, 86, 83, 83, 77, 74, 72, 74, 81, 85, 84, 90, 86,
    83, 84, 83, 80, 83, 88, 93, 91, 94, 91, 84, 85, 86, 81, 85, 87, 91,
    92, 90, 89, 85, 87, 91, 109, 133, 157, 180, 204, 222, 225, 236, 244,
    249, 249 ]
