%YAML:1.0
---
videoName: "RHShake08.mp4"
gestureLabel: 2
fps: 29
pixelSizeInCmTemp: 3.2808219178082193e-01
faceCenterPointX: 290
faceCenterPointY: 45
LHandPositionsX: [ 313, 313, 313, 317, 315, 317, 315, 313, 311, 311, 308,
    312, 312, 309, 307, 309, 307, 309, 310, 307, 306, 310, 308, 307, 308,
    308, 306, 308, 306, 307, 309, 307, 307, 308, 307, 306, 309, 308, 308,
    308, 306, 308, 309, 307, 309, 306, 310, 305, 305, 305, 309, 309, 305,
    305, 306, 307, 307, 305, 308, 308, 309, 307, 305, 306, 307, 305, 308,
    306, 305, 305, 306, 305, 307, 309, 307, 306, 308, 308, 306, 309, 305,
    308, 309, 310, 307, 308, 309, 311 ]
LHandPositionsY: [ 278, 281, 283, 283, 281, 282, 282, 283, 281, 282, 281,
    284, 284, 281, 283, 281, 283, 284, 282, 281, 285, 281, 282, 285, 281,
    283, 284, 282, 283, 285, 281, 281, 283, 285, 284, 284, 283, 284, 282,
    284, 282, 281, 284, 284, 282, 280, 281, 282, 284, 283, 284, 284, 280,
    282, 284, 284, 280, 281, 280, 283, 284, 282, 282, 282, 280, 282, 282,
    281, 280, 282, 281, 280, 280, 280, 281, 282, 284, 281, 283, 284, 282,
    282, 284, 280, 281, 284, 284, 280 ]
RHandPositionsX: [ 269, 270, 270, 270, 269, 272, 271, 275, 265, 261, 260,
    255, 248, 234, 222, 202, 187, 164, 154, 162, 165, 172, 197, 197, 206,
    202, 196, 190, 184, 178, 190, 192, 202, 202, 195, 194, 187, 184, 181,
    177, 192, 190, 188, 183, 184, 176, 173, 171, 173, 181, 185, 189, 189,
    187, 194, 189, 187, 203, 206, 215, 213, 205, 204, 199, 199, 197, 203,
    205, 216, 211, 213, 216, 224, 229, 242, 250, 251, 265, 264, 265, 266,
    266, 268, 270, 273, 275, 273, 269 ]
RHandPositionsY: [ 267, 266, 269, 266, 269, 267, 266, 269, 266, 263, 253,
    242, 229, 219, 202, 183, 173, 151, 132, 128, 113, 111, 105, 106, 108,
    106, 98, 92, 95, 90, 92, 93, 93, 94, 93, 88, 90, 88, 86, 90, 92, 91,
    91, 90, 88, 86, 87, 85, 91, 93, 96, 93, 97, 98, 93, 92, 93, 93, 100,
    97, 100, 98, 97, 92, 95, 93, 97, 99, 107, 107, 113, 126, 131, 141,
    159, 175, 194, 214, 226, 244, 257, 259, 259, 259, 262, 262, 262, 266 ]
