%YAML:1.0
---
videoName: "RHShake22.mp4"
gestureLabel: 2
fps: 29
pixelSizeInCmTemp: 3.3263888888888887e-01
faceCenterPointX: 290
faceCenterPointY: 48
LHandPositionsX: [ 396, 396, 396, 394, 392, 394, 395, 394, 394, 393, 396,
    395, 395, 396, 392, 394, 396, 394, 396, 395, 392, 394, 395, 392, 392,
    396, 394, 396, 395, 394, 396, 392, 393, 395, 395, 395, 393, 396, 392,
    395, 396, 396, 395, 393, 396, 392, 394, 396, 392, 393, 392, 392, 396,
    396, 393, 396, 392, 396, 394, 393, 394, 395, 394, 396, 392, 392, 395,
    395, 392, 394, 393, 394, 392, 392, 394, 396, 396, 395, 394, 394, 392,
    395, 392, 393, 392, 396, 396, 393 ]
LHandPositionsY: [ 230, 230, 234, 232, 232, 231, 232, 233, 230, 232, 234,
    231, 230, 231, 230, 233, 230, 232, 234, 233, 231, 232, 232, 232, 232,
    231, 233, 230, 233, 230, 232, 234, 231, 232, 233, 231, 230, 232, 233,
    230, 234, 234, 232, 234, 234, 230, 232, 231, 234, 233, 234, 232, 230,
    231, 231, 234, 231, 231, 233, 230, 233, 233, 234, 234, 231, 234, 231,
    230, 233, 232, 230, 233, 232, 234, 230, 231, 232, 232, 231, 233, 232,
    231, 234, 230, 233, 232, 232, 234 ]
RHandPositionsX: [ 151, 137, 131, 130, 130, 135, 147, 157, 164, 164, 165,
    164, 163, 156, 154, 147, 144, 143, 148, 154, 164, 172, 170, 172, 171,
    167, 164, 157, 156, 155, 154, 160, 167, 173, 173, 174, 172, 170, 166,
    162, 156, 157, 159, 169, 172, 174, 175, 175, 174, 168, 161, 156, 156,
    156, 158, 166, 173, 177, 177, 177, 179, 172, 169, 161, 155, 156, 155,
    158, 167, 176, 178, 180, 178, 180, 179, 182, 178, 182, 184, 185, 186,
    188, 191, 186, 190, 187, 189, 190 ]
RHandPositionsY: [ 140, 116, 101, 101, 95, 90, 84, 85, 92, 94, 90, 88,
    86, 79, 79, 77, 76, 78, 75, 86, 91, 94, 95, 95, 93, 87, 85, 83, 85,
    79, 80, 90, 93, 99, 104, 99, 94, 89, 86, 88, 86, 84, 84, 89, 96, 100,
    103, 100, 95, 90, 92, 90, 89, 85, 84, 85, 89, 101, 100, 102, 97, 97,
    92, 92, 91, 94, 93, 88, 88, 102, 110, 112, 115, 118, 123, 123, 137,
    150, 158, 169, 181, 194, 198, 205, 215, 221, 223, 226 ]
