%YAML:1.0
---
videoName: "RHShake03.mp4"
gestureLabel: 2
fps: 29
pixelSizeInCmTemp: 3.1103896103896100e-01
faceCenterPointX: 294
faceCenterPointY: 48
LHandPositionsX: [ 412, 409, 410, 410, 408, 411, 412, 411, 412, 410, 410,
    411, 411, 408, 408, 412, 409, 409, 408, 408, 408, 412, 411, 412, 411,
    409, 408, 412, 408, 409, 409, 409, 409, 411, 409, 411, 408, 411, 408,
    408, 412, 408, 411, 412, 410, 408, 412, 412, 410, 410, 411, 410, 408,
    409, 409, 412, 412, 412, 410, 412, 408, 408, 408, 410, 411, 410, 408,
    412, 408, 412, 409, 408, 411, 407, 409, 407, 409, 410, 408, 408, 407,
    409, 411, 407, 408, 407, 407, 410 ]
LHandPositionsY: [ 262, 260, 263, 261, 263, 263, 263, 260, 262, 262, 261,
    261, 261, 263, 260, 260, 260, 263, 262, 264, 260, 264, 261, 260, 263,
    264, 264, 260, 261, 264, 263, 261, 263, 262, 264, 262, 262, 260, 264,
    261, 260, 262, 261, 262, 260, 263, 261, 264, 263, 263, 262, 260, 262,
    264, 262, 263, 263, 261, 263, 264, 262, 261, 262, 261, 260, 264, 260,
    261, 264, 260, 261, 264, 264, 262, 261, 260, 260, 263, 261, 264, 262,
    264, 263, 260, 261, 260, 260, 263 ]
RHandPositionsX: [ 179, 179, 179, 177, 179, 174, 175, 178, 173, 173, 175,
    175, 174, 172, 176, 173, 172, 175, 174, 174, 175, 173, 174, 174, 172,
    174, 171, 174, 175, 173, 171, 171, 176, 170, 162, 158, 152, 151, 152,
    151, 156, 166, 181, 183, 191, 193, 184, 177, 175, 174, 172, 178, 183,
    183, 182, 174, 173, 171, 169, 172, 178, 189, 201, 208, 197, 190, 190,
    190, 182, 180, 187, 192, 202, 210, 208, 207, 198, 198, 194, 185, 182,
    181, 184, 181, 179, 180, 181, 178 ]
RHandPositionsY: [ 258, 260, 259, 261, 261, 263, 262, 260, 262, 259, 259,
    258, 261, 258, 258, 262, 261, 260, 259, 262, 259, 262, 258, 258, 260,
    262, 259, 259, 260, 263, 265, 266, 259, 238, 217, 197, 175, 156, 147,
    129, 120, 117, 118, 120, 110, 105, 104, 103, 99, 101, 100, 106, 104,
    106, 105, 102, 102, 97, 96, 97, 103, 106, 110, 111, 111, 106, 105,
    104, 99, 99, 105, 119, 127, 141, 157, 177, 203, 207, 216, 240, 242,
    242, 243, 252, 250, 251, 253, 250 ]
