%YAML:1.0
---
videoName: "RHShake09.mp4"
gestureLabel: 2
fps: 29
pixelSizeInCmTemp: 3.1103896103896100e-01
faceCenterPointX: 296
faceCenterPointY: 48
LHandPositionsX: [ 327, 324, 322, 322, 324, 325, 324, 322, 321, 316, 316,
    314, 314, 313, 312, 309, 313, 309, 312, 307, 310, 308, 306, 308, 307,
    306, 308, 307, 305, 307, 307, 309, 307, 310, 309, 309, 307, 310, 309,
    307, 309, 307, 307, 311, 311, 311, 309, 311, 314, 311, 311, 312, 313,
    312, 314, 312, 313, 316, 315, 317, 314, 316, 315, 317, 314, 317, 315,
    314, 316, 316, 317, 317, 314, 318, 316, 314, 315, 318, 318, 317, 315,
    315, 316, 318, 315, 318, 316, 315 ]
LHandPositionsY: [ 268, 268, 269, 271, 267, 268, 268, 271, 273, 271, 273,
    274, 272, 273, 272, 273, 275, 274, 272, 275, 276, 273, 275, 273, 274,
    276, 273, 275, 277, 275, 274, 274, 273, 273, 274, 276, 275, 277, 275,
    277, 277, 274, 275, 273, 276, 273, 276, 274, 273, 274, 276, 277, 276,
    274, 273, 276, 277, 276, 273, 273, 275, 274, 272, 276, 273, 276, 274,
    274, 273, 273, 274, 273, 272, 272, 273, 273, 274, 274, 276, 273, 276,
    274, 273, 274, 272, 272, 275, 271 ]
RHandPositionsX: [ 266, 265, 262, 263, 262, 264, 262, 264, 263, 262, 259,
    261, 259, 260, 260, 258, 256, 257, 257, 255, 258, 256, 258, 254, 254,
    254, 255, 254, 254, 258, 266, 261, 253, 241, 222, 202, 190, 179, 167,
    170, 171, 172, 180, 184, 186, 187, 180, 182, 181, 176, 189, 191, 190,
    202, 193, 184, 181, 174, 179, 185, 184, 183, 195, 190, 189, 184, 177,
    172, 174, 180, 185, 191, 188, 183, 178, 178, 181, 178, 182, 192, 189,
    192, 199, 201, 210, 217, 228, 236 ]
RHandPositionsY: [ 260, 262, 266, 263, 263, 266, 267, 268, 267, 268, 269,
    267, 266, 269, 266, 267, 269, 265, 265, 269, 265, 268, 268, 266, 269,
    269, 269, 268, 265, 267, 268, 261, 244, 229, 215, 196, 178, 159, 137,
    134, 117, 109, 108, 109, 108, 104, 101, 87, 88, 87, 89, 98, 95, 97,
    95, 94, 89, 90, 88, 91, 95, 98, 98, 95, 90, 84, 87, 89, 92, 94, 98,
    95, 95, 95, 90, 91, 88, 90, 98, 103, 106, 108, 122, 131, 144, 155,
    168, 184 ]
