%YAML:1.0
---
videoName: "RHShake12.mp4"
gestureLabel: 2
fps: 29
pixelSizeInCmTemp: 3.3732394366197183e-01
faceCenterPointX: 299
faceCenterPointY: 45
LHandPositionsX: [ 404, 407, 404, 405, 406, 407, 405, 407, 406, 404, 406,
    405, 407, 408, 405, 405, 404, 407, 408, 407, 405, 404, 404, 406, 407,
    404, 404, 406, 404, 406, 406, 407, 407, 407, 405, 408, 408, 408, 406,
    407, 404, 407, 408, 407, 404, 404, 405, 404, 407, 404, 404, 405, 405,
    408, 407, 406, 405, 407, 404, 408, 408, 406, 405, 408, 404, 407, 407,
    406, 404, 408, 405, 404, 405, 406, 408, 404, 407, 404, 407, 406, 407,
    406, 407, 405, 408, 406, 405, 406 ]
LHandPositionsY: [ 241, 241, 240, 239, 243, 240, 243, 242, 242, 240, 243,
    240, 243, 241, 242, 241, 241, 239, 239, 242, 242, 242, 241, 241, 242,
    243, 243, 241, 240, 243, 240, 242, 239, 240, 242, 241, 241, 243, 243,
    243, 241, 241, 240, 243, 240, 242, 239, 241, 243, 241, 242, 242, 243,
    243, 240, 239, 240, 239, 242, 241, 241, 241, 239, 240, 242, 240, 243,
    239, 241, 242, 242, 242, 241, 239, 243, 243, 241, 241, 240, 241, 241,
    241, 242, 240, 239, 240, 240, 243 ]
RHandPositionsX: [ 168, 165, 160, 161, 163, 174, 180, 190, 194, 197, 193,
    181, 180, 170, 174, 169, 170, 179, 189, 186, 189, 184, 181, 174, 167,
    166, 167, 174, 187, 192, 191, 192, 183, 182, 177, 175, 174, 174, 182,
    189, 197, 196, 183, 181, 175, 177, 172, 172, 178, 193, 190, 194, 195,
    189, 182, 182, 175, 175, 173, 175, 181, 193, 202, 198, 203, 202, 194,
    191, 190, 185, 184, 184, 189, 193, 197, 200, 200, 200, 204, 201, 202,
    200, 198, 196, 197, 200, 201, 200 ]
RHandPositionsY: [ 140, 129, 120, 113, 105, 91, 97, 105, 105, 108, 100,
    94, 92, 89, 90, 83, 82, 88, 99, 102, 106, 95, 92, 88, 88, 83, 82, 90,
    101, 111, 109, 108, 100, 98, 95, 94, 91, 88, 97, 112, 113, 113, 105,
    99, 95, 95, 89, 89, 93, 111, 113, 110, 113, 104, 94, 93, 88, 90, 87,
    89, 92, 109, 121, 117, 118, 118, 111, 110, 113, 111, 114, 127, 135,
    148, 158, 162, 166, 174, 185, 197, 201, 211, 213, 221, 222, 227, 229,
    230 ]
