%YAML:1.0
---
videoName: "RHShake10.mp4"
gestureLabel: 2
fps: 29
pixelSizeInCmTemp: 3.1933333333333330e-01
faceCenterPointX: 295
faceCenterPointY: 45
LHandPositionsX: [ 342, 341, 343, 340, 341, 341, 336, 336, 331, 329, 333,
    330, 329, 330, 326, 326, 327, 325, 328, 330, 330, 328, 330, 327, 330,
    328, 328, 330, 328, 329, 327, 329, 326, 326, 327, 330, 326, 326, 326,
    327, 329, 328, 326, 327, 326, 330, 328, 328, 327, 329, 328, 329, 330,
    329, 326, 330, 330, 328, 329, 330, 328, 326, 326, 328, 328, 330, 328,
    329, 329, 326, 329, 326, 328, 328, 328, 328, 330, 329, 327, 329, 329,
    332, 331, 329, 329, 329, 330, 327 ]
LHandPositionsY: [ 262, 264, 268, 264, 268, 269, 267, 269, 271, 271, 271,
    270, 272, 270, 274, 272, 274, 272, 271, 270, 273, 273, 273, 272, 271,
    271, 272, 270, 273, 270, 272, 269, 271, 270, 271, 273, 270, 271, 270,
    268, 269, 271, 269, 271, 268, 270, 268, 268, 269, 269, 269, 270, 270,
    268, 270, 271, 272, 270, 269, 269, 271, 270, 272, 271, 272, 268, 269,
    272, 269, 268, 272, 268, 269, 270, 271, 268, 271, 270, 268, 268, 269,
    270, 268, 269, 271, 268, 270, 270 ]
RHandPositionsX: [ 262, 262, 261, 263, 260, 261, 263, 263, 258, 259, 258,
    259, 261, 259, 261, 261, 260, 256, 258, 252, 242, 221, 199, 183, 165,
    155, 134, 135, 135, 135, 142, 151, 152, 160, 167, 163, 157, 159, 158,
    156, 161, 174, 179, 180, 178, 176, 172, 169, 170, 169, 175, 185, 191,
    197, 190, 184, 176, 179, 176, 182, 178, 191, 193, 195, 188, 185, 180,
    176, 177, 179, 178, 189, 197, 202, 213, 218, 226, 230, 237, 243, 253,
    250, 248, 259, 262, 259, 259, 261 ]
RHandPositionsY: [ 266, 264, 264, 267, 263, 262, 267, 263, 267, 267, 267,
    268, 265, 268, 268, 265, 268, 267, 267, 258, 244, 228, 212, 189, 169,
    152, 128, 116, 112, 99, 86, 85, 87, 89, 87, 81, 83, 77, 78, 76, 77,
    84, 85, 82, 82, 79, 78, 78, 77, 78, 83, 89, 90, 92, 87, 85, 80, 84,
    80, 84, 88, 95, 92, 94, 87, 90, 83, 80, 82, 86, 94, 107, 127, 145,
    163, 177, 198, 215, 226, 242, 259, 257, 260, 262, 264, 266, 267, 268 ]
