%YAML:1.0
---
videoName: "RHShake17.mp4"
gestureLabel: 2
fps: 29
pixelSizeInCmTemp: 3.3732394366197183e-01
faceCenterPointX: 282
faceCenterPointY: 40
LHandPositionsX: [ 309, 309, 307, 306, 306, 306, 309, 309, 307, 307, 305,
    309, 305, 306, 306, 307, 306, 308, 306, 307, 305, 309, 306, 309, 305,
    306, 306, 307, 307, 306, 308, 305, 305, 305, 309, 305, 307, 308, 306,
    307, 310, 309, 310, 310, 309, 306, 308, 309, 306, 310, 308, 311, 308,
    307, 308, 311, 307, 311, 310, 311, 308, 311, 307, 311, 311, 309, 309,
    310, 307, 307, 310, 309, 307, 308, 306, 308, 306, 309, 306, 308, 306,
    309, 306, 308, 305, 305, 309, 308 ]
LHandPositionsY: [ 233, 231, 231, 233, 231, 232, 235, 234, 234, 235, 234,
    231, 235, 233, 235, 234, 233, 233, 233, 232, 233, 233, 234, 232, 231,
    234, 232, 235, 231, 232, 233, 235, 235, 235, 232, 235, 235, 233, 232,
    231, 231, 232, 235, 233, 235, 232, 234, 232, 234, 234, 235, 234, 235,
    232, 231, 231, 234, 231, 234, 232, 233, 235, 235, 234, 231, 233, 235,
    232, 232, 233, 232, 232, 232, 233, 231, 231, 233, 235, 231, 234, 235,
    231, 231, 235, 233, 233, 235, 231 ]
RHandPositionsX: [ 214, 195, 177, 161, 141, 141, 143, 148, 141, 142, 147,
    151, 154, 154, 147, 145, 144, 141, 141, 146, 164, 161, 155, 154, 151,
    146, 147, 141, 148, 152, 156, 160, 160, 154, 149, 144, 141, 142, 140,
    153, 155, 152, 154, 159, 154, 150, 151, 151, 156, 157, 171, 172, 164,
    161, 161, 155, 148, 154, 148, 151, 155, 165, 169, 175, 177, 176, 176,
    178, 172, 171, 174, 172, 171, 171, 169, 166, 169, 171, 171, 167, 170,
    168, 168, 168, 167, 166, 170, 168 ]
RHandPositionsY: [ 202, 186, 166, 148, 128, 109, 110, 103, 95, 89, 98,
    91, 81, 79, 73, 74, 70, 69, 71, 75, 76, 74, 75, 69, 68, 68, 68, 66,
    64, 68, 70, 70, 66, 67, 68, 64, 64, 66, 67, 83, 81, 82, 82, 78, 76,
    75, 73, 71, 75, 76, 88, 90, 83, 83, 80, 80, 78, 81, 77, 84, 91, 106,
    118, 136, 148, 157, 170, 180, 188, 198, 206, 215, 224, 230, 234, 232,
    237, 237, 239, 240, 243, 241, 241, 241, 243, 245, 243, 244 ]
