%YAML:1.0
---
videoName: "RHShake10.mp4"
gestureLabel: 2
fps: 29
pixelSizeInCmTemp: 3.1933333333333330e-01
faceCenterPointX: 295
faceCenterPointY: 45
LHandPositionsX: [ 340, 342, 339, 339, 338, 337, 338, 337, 332, 331, 332,
    332, 327, 327, 326, 326, 327, 325, 329, 327, 327, 326, 330, 329, 328,
    330, 328, 326, 329, 326, 328, 330, 330, 326, 330, 326, 327, 330, 330,
    327, 328, 329, 328, 326, 327, 330, 328, 328, 326, 326, 327, 330, 330,
    327, 326, 326, 328, 327, 326, 326, 330, 327, 329, 330, 326, 328, 330,
    328, 327, 326, 326, 327, 328, 328, 329, 331, 331, 328, 331, 331, 332,
    328, 329, 328, 327, 331, 331, 326 ]
LHandPositionsY: [ 262, 264, 269, 265, 265, 266, 266, 269, 270, 272, 271,
    272, 270, 271, 271, 271, 273, 270, 270, 273, 272, 274, 271, 272, 271,
    272, 270, 273, 270, 271, 271, 270, 273, 270, 273, 273, 270, 270, 272,
    268, 270, 271, 270, 271, 268, 269, 268, 268, 270, 270, 271, 269, 272,
    271, 272, 269, 270, 272, 272, 271, 269, 272, 270, 268, 271, 270, 272,
    269, 270, 270, 269, 269, 270, 270, 271, 269, 271, 269, 268, 269, 271,
    270, 268, 271, 269, 270, 268, 269 ]
RHandPositionsX: [ 261, 261, 263, 262, 263, 263, 261, 262, 260, 257, 261,
    258, 257, 260, 259, 260, 257, 252, 262, 253, 242, 223, 199, 185, 168,
    154, 136, 138, 136, 138, 142, 150, 153, 160, 166, 161, 160, 158, 161,
    156, 164, 171, 178, 180, 175, 176, 174, 170, 172, 169, 176, 186, 190,
    194, 190, 183, 176, 179, 176, 179, 181, 190, 190, 191, 189, 181, 180,
    176, 177, 179, 175, 189, 198, 205, 213, 217, 225, 233, 236, 246, 253,
    254, 248, 256, 262, 259, 260, 262 ]
RHandPositionsY: [ 267, 264, 267, 267, 263, 264, 263, 263, 263, 266, 266,
    266, 269, 266, 267, 267, 267, 266, 265, 258, 244, 230, 211, 190, 169,
    151, 130, 117, 113, 96, 88, 85, 87, 87, 85, 85, 81, 77, 78, 80, 81,
    85, 89, 82, 83, 78, 77, 78, 77, 78, 82, 87, 89, 94, 86, 83, 81, 85,
    79, 86, 89, 94, 90, 94, 88, 87, 83, 80, 80, 84, 94, 106, 127, 143,
    160, 180, 199, 215, 226, 246, 257, 259, 260, 265, 267, 266, 268, 270 ]
