%YAML:1.0
---
videoName: "RHShake18.mp4"
gestureLabel: 2
fps: 30
pixelSizeInCmTemp: 3.3732394366197183e-01
faceCenterPointX: 275
faceCenterPointY: 40
LHandPositionsX: [ 377, 378, 377, 376, 378, 379, 379, 377, 379, 376, 377,
    376, 375, 376, 376, 378, 377, 375, 378, 376, 377, 375, 377, 378, 377,
    376, 377, 377, 378, 375, 376, 379, 377, 377, 377, 379, 375, 378, 376,
    378, 375, 378, 377, 378, 375, 376, 378, 376, 372, 371, 371, 370, 365,
    358, 350, 346, 336, 335, 326, 315, 302, 299, 301, 298, 298, 289, 287,
    288, 296, 298, 293, 292, 292, 291, 293, 292, 291, 290, 288, 289, 291,
    289, 287, 287, 290, 286, 288, 289, 285, 286, 289 ]
LHandPositionsY: [ 229, 231, 230, 230, 232, 231, 233, 231, 232, 232, 231,
    230, 231, 229, 229, 233, 231, 231, 231, 230, 230, 232, 230, 231, 230,
    233, 233, 232, 233, 233, 231, 233, 229, 233, 231, 230, 231, 231, 229,
    231, 231, 231, 233, 230, 232, 233, 233, 229, 232, 231, 235, 236, 239,
    237, 235, 238, 231, 234, 227, 228, 232, 230, 230, 230, 231, 233, 236,
    235, 238, 240, 243, 240, 239, 242, 242, 242, 240, 240, 243, 239, 239,
    241, 242, 243, 241, 240, 240, 242, 242, 241, 241 ]
RHandPositionsX: [ 156, 156, 152, 148, 146, 148, 153, 159, 164, 165, 164,
    162, 154, 154, 153, 149, 157, 161, 168, 169, 170, 164, 157, 160, 158,
    155, 157, 163, 164, 166, 165, 162, 157, 158, 158, 160, 175, 176, 171,
    168, 162, 161, 158, 154, 160, 167, 174, 182, 189, 199, 207, 218, 230,
    245, 254, 259, 269, 257, 250, 246, 243, 242, 239, 240, 235, 234, 236,
    234, 233, 237, 239, 240, 237, 239, 237, 238, 237, 237, 237, 238, 240,
    240, 239, 236, 236, 237, 237, 240, 236, 238, 240 ]
RHandPositionsY: [ 71, 72, 69, 69, 67, 67, 66, 69, 71, 75, 69, 69, 68,
    66, 69, 66, 70, 70, 72, 73, 70, 71, 66, 70, 68, 67, 70, 75, 80, 77,
    73, 74, 72, 71, 73, 78, 94, 91, 93, 92, 89, 87, 86, 86, 87, 90, 99,
    104, 113, 124, 131, 144, 153, 162, 175, 184, 190, 191, 196, 197, 203,
    204, 208, 213, 213, 216, 219, 222, 221, 227, 228, 227, 224, 225, 224,
    225, 225, 227, 225, 227, 227, 226, 224, 228, 224, 228, 224, 227, 225,
    224, 226 ]
