%YAML:1.0
---
videoName: "RHShake22.mp4"
gestureLabel: 2
fps: 29
pixelSizeInCmTemp: 3.3263888888888887e-01
faceCenterPointX: 290
faceCenterPointY: 48
LHandPositionsX: [ 396, 396, 394, 395, 392, 394, 392, 395, 395, 395, 395,
    394, 394, 395, 395, 394, 394, 394, 396, 394, 396, 392, 394, 396, 396,
    393, 395, 394, 393, 392, 394, 394, 394, 393, 392, 393, 394, 394, 392,
    393, 394, 394, 394, 395, 395, 395, 393, 395, 393, 396, 394, 393, 395,
    392, 394, 393, 394, 392, 396, 394, 393, 396, 393, 392, 393, 394, 394,
    396, 395, 394, 396, 393, 396, 396, 393, 395, 392, 396, 393, 392, 394,
    396, 392, 394, 395, 396, 395, 392 ]
LHandPositionsY: [ 231, 231, 233, 233, 233, 233, 231, 234, 230, 234, 233,
    232, 234, 234, 230, 234, 231, 231, 234, 233, 232, 233, 230, 230, 234,
    230, 230, 231, 234, 232, 231, 231, 234, 233, 232, 231, 230, 230, 234,
    233, 233, 231, 231, 232, 233, 232, 232, 232, 230, 231, 232, 231, 233,
    234, 230, 231, 234, 232, 232, 230, 231, 231, 231, 230, 232, 232, 232,
    230, 231, 230, 230, 234, 234, 232, 230, 232, 230, 232, 231, 233, 234,
    232, 230, 231, 234, 232, 231, 231 ]
RHandPositionsX: [ 150, 135, 130, 129, 131, 136, 147, 158, 166, 164, 165,
    164, 160, 160, 154, 149, 143, 146, 147, 156, 162, 170, 171, 170, 171,
    164, 165, 157, 155, 153, 151, 159, 168, 173, 173, 171, 170, 169, 167,
    162, 158, 160, 158, 167, 172, 173, 175, 173, 172, 170, 162, 158, 154,
    153, 158, 162, 170, 174, 177, 179, 177, 171, 171, 161, 159, 156, 151,
    156, 169, 175, 175, 177, 178, 183, 180, 181, 181, 180, 186, 184, 187,
    190, 190, 190, 191, 186, 190, 189 ]
RHandPositionsY: [ 141, 114, 102, 99, 95, 91, 84, 84, 88, 94, 91, 92, 87,
    78, 80, 77, 80, 77, 77, 84, 90, 95, 96, 97, 95, 87, 88, 82, 86, 81,
    78, 89, 95, 97, 103, 102, 93, 92, 88, 89, 84, 83, 83, 87, 93, 97,
    102, 100, 97, 89, 91, 90, 90, 85, 86, 84, 88, 98, 101, 102, 99, 95,
    93, 91, 94, 90, 93, 90, 91, 103, 110, 109, 113, 116, 120, 126, 135,
    148, 158, 169, 180, 193, 200, 203, 213, 219, 226, 224 ]
