%YAML:1.0
---
videoName: "RHShake06.mp4"
gestureLabel: 2
fps: 30
pixelSizeInCmTemp: 3.2808219178082193e-01
faceCenterPointX: 293
faceCenterPointY: 43
LHandPositionsX: [ 309, 306, 308, 307, 309, 310, 307, 309, 307, 308, 310,
    309, 309, 306, 309, 310, 311, 313, 314, 319, 321, 323, 319, 322, 323,
    322, 322, 320, 322, 323, 323, 321, 326, 326, 326, 326, 325, 326, 325,
    326, 324, 322, 322, 326, 322, 326, 322, 325, 324, 326, 323, 326, 322,
    324, 323, 324, 326, 325, 325, 326, 326, 325, 325, 323, 324, 326, 326,
    326, 326, 322, 325, 322, 323, 325, 323, 322, 323, 322, 323, 325, 326,
    326, 325, 319, 315, 315, 314, 313, 309, 309, 311 ]
LHandPositionsY: [ 267, 266, 267, 268, 267, 269, 269, 269, 269, 266, 269,
    266, 270, 270, 267, 266, 266, 268, 265, 264, 262, 264, 263, 261, 261,
    263, 261, 258, 262, 261, 262, 262, 261, 259, 258, 262, 260, 262, 261,
    259, 258, 262, 258, 262, 259, 262, 258, 258, 260, 262, 261, 258, 260,
    261, 261, 260, 261, 260, 259, 258, 262, 261, 260, 262, 258, 260, 260,
    260, 260, 262, 262, 262, 262, 261, 258, 259, 261, 260, 259, 258, 258,
    259, 259, 262, 263, 263, 267, 265, 262, 265, 265 ]
RHandPositionsX: [ 286, 287, 284, 286, 286, 288, 288, 287, 288, 287, 287,
    284, 288, 288, 285, 286, 286, 284, 280, 264, 245, 223, 202, 178, 159,
    145, 138, 134, 138, 139, 142, 148, 164, 162, 164, 161, 161, 161, 157,
    156, 163, 170, 180, 191, 189, 185, 180, 172, 168, 173, 168, 165, 173,
    183, 181, 184, 182, 189, 181, 172, 169, 164, 166, 179, 182, 176, 175,
    171, 164, 161, 166, 166, 170, 183, 193, 190, 207, 224, 234, 243, 249,
    255, 252, 246, 245, 252, 256, 254, 252, 253, 253 ]
RHandPositionsY: [ 266, 268, 270, 266, 270, 266, 270, 267, 270, 270, 270,
    266, 270, 266, 266, 268, 269, 271, 265, 260, 247, 233, 218, 200, 181,
    161, 138, 123, 114, 107, 111, 116, 129, 117, 108, 104, 97, 89, 92,
    91, 91, 93, 98, 99, 98, 94, 93, 90, 88, 89, 87, 90, 95, 99, 98, 101,
    97, 102, 94, 95, 91, 91, 91, 100, 99, 100, 102, 102, 106, 108, 117,
    127, 146, 160, 174, 180, 193, 204, 213, 223, 232, 238, 235, 238, 240,
    241, 241, 241, 245, 245, 243 ]
