%YAML:1.0
---
videoName: "RHShake07.mp4"
gestureLabel: 2
fps: 29
pixelSizeInCmTemp: 3.2364864864864862e-01
faceCenterPointX: 292
faceCenterPointY: 44
LHandPositionsX: [ 311, 309, 310, 310, 306, 306, 309, 309, 309, 309, 309,
    308, 309, 312, 311, 311, 314, 311, 314, 312, 311, 314, 311, 311, 311,
    313, 313, 312, 314, 310, 314, 311, 313, 314, 313, 314, 312, 316, 312,
    316, 315, 313, 313, 315, 312, 315, 315, 316, 316, 314, 315, 313, 315,
    315, 312, 316, 315, 316, 312, 316, 314, 316, 313, 314, 314, 314, 313,
    312, 315, 314, 316, 313, 316, 315, 313, 313, 314, 314, 313, 313, 310,
    310, 309, 312, 310, 309, 310, 310 ]
LHandPositionsY: [ 269, 271, 268, 271, 271, 269, 268, 270, 271, 272, 274,
    272, 271, 270, 271, 271, 270, 270, 267, 271, 269, 271, 270, 269, 268,
    268, 267, 271, 269, 271, 268, 269, 270, 269, 268, 269, 269, 270, 270,
    271, 267, 271, 269, 269, 270, 268, 267, 271, 269, 270, 270, 270, 269,
    268, 269, 271, 267, 268, 270, 268, 271, 271, 270, 270, 269, 267, 268,
    269, 271, 271, 271, 266, 270, 267, 270, 268, 269, 266, 272, 268, 273,
    272, 272, 273, 273, 273, 273, 272 ]
RHandPositionsX: [ 265, 264, 268, 267, 265, 263, 264, 269, 262, 271, 269,
    262, 253, 237, 214, 195, 178, 164, 155, 156, 158, 155, 158, 159, 161,
    180, 189, 185, 177, 168, 169, 165, 179, 180, 185, 186, 180, 175, 168,
    170, 172, 175, 182, 185, 185, 182, 175, 170, 168, 167, 165, 183, 184,
    201, 195, 188, 183, 179, 168, 170, 166, 164, 169, 174, 171, 181, 179,
    175, 172, 170, 157, 170, 176, 194, 213, 228, 242, 259, 270, 276, 270,
    273, 271, 265, 263, 265, 267, 265 ]
RHandPositionsY: [ 254, 251, 251, 252, 255, 252, 252, 255, 256, 258, 252,
    243, 232, 217, 204, 183, 169, 154, 136, 130, 124, 113, 119, 126, 125,
    114, 102, 100, 94, 91, 87, 90, 107, 105, 105, 99, 95, 93, 94, 90, 93,
    92, 98, 100, 98, 98, 92, 93, 90, 87, 84, 91, 95, 103, 100, 98, 94,
    93, 89, 86, 89, 87, 92, 90, 93, 91, 86, 85, 88, 88, 94, 116, 139,
    148, 168, 187, 203, 229, 238, 244, 242, 250, 253, 252, 255, 254, 256,
    255 ]
