%YAML:1.0
---
videoName: "RHShake24.mp4"
gestureLabel: 2
fps: 30
pixelSizeInCmTemp: 3.3732394366197183e-01
faceCenterPointX: 304
faceCenterPointY: 46
LHandPositionsX: [ 391, 391, 393, 393, 393, 393, 389, 390, 393, 393, 393,
    391, 391, 393, 389, 392, 393, 391, 389, 389, 390, 392, 393, 390, 389,
    391, 389, 390, 389, 392, 389, 392, 389, 393, 391, 389, 391, 392, 391,
    391, 393, 392, 393, 389, 390, 390, 392, 389, 390, 391, 391, 389, 391,
    390, 390, 392, 390, 393, 391, 392, 390, 391, 392, 389, 391, 392, 393,
    391, 391, 390, 390, 390, 393, 393, 391, 389, 389, 393, 391, 390, 391,
    389, 393, 389, 389, 389, 389, 389, 389, 389, 391 ]
LHandPositionsY: [ 229, 226, 228, 229, 226, 225, 229, 229, 225, 227, 226,
    228, 227, 225, 227, 229, 229, 227, 229, 229, 229, 226, 229, 226, 225,
    227, 228, 225, 226, 226, 226, 225, 229, 229, 229, 227, 227, 227, 228,
    229, 226, 225, 229, 228, 227, 226, 226, 227, 226, 226, 227, 225, 226,
    226, 228, 225, 228, 229, 227, 226, 229, 225, 227, 227, 227, 229, 227,
    226, 228, 227, 226, 227, 229, 226, 228, 227, 227, 225, 226, 228, 228,
    226, 228, 226, 228, 226, 226, 228, 226, 229, 228 ]
RHandPositionsX: [ 143, 147, 149, 151, 154, 153, 153, 149, 148, 142, 137,
    137, 141, 152, 164, 164, 161, 161, 159, 155, 150, 143, 143, 143, 141,
    146, 159, 158, 160, 159, 158, 155, 148, 144, 141, 142, 149, 151, 156,
    156, 158, 165, 157, 155, 149, 142, 140, 141, 144, 147, 160, 166, 168,
    171, 169, 165, 158, 152, 150, 149, 148, 146, 154, 166, 164, 166, 172,
    169, 176, 178, 181, 182, 185, 185, 187, 193, 195, 193, 194, 193, 193,
    195, 195, 193, 193, 193, 192, 196, 192, 195, 193 ]
RHandPositionsY: [ 98, 104, 101, 100, 101, 99, 92, 89, 88, 88, 86, 84,
    86, 101, 110, 110, 114, 115, 104, 103, 97, 95, 97, 92, 94, 99, 108,
    109, 112, 111, 107, 101, 99, 94, 94, 94, 93, 97, 100, 109, 108, 114,
    107, 101, 102, 99, 99, 94, 92, 110, 121, 121, 118, 122, 118, 105,
    103, 102, 100, 98, 97, 94, 104, 112, 116, 114, 122, 124, 133, 141,
    148, 152, 153, 160, 168, 172, 178, 190, 195, 204, 211, 210, 214, 217,
    217, 220, 221, 224, 225, 224, 225 ]
