%YAML:1.0
---
videoName: "RHShake23.mp4"
gestureLabel: 2
fps: 29
pixelSizeInCmTemp: 3.3263888888888887e-01
faceCenterPointX: 298
faceCenterPointY: 49
LHandPositionsX: [ 391, 391, 387, 387, 389, 388, 391, 387, 388, 390, 388,
    390, 388, 390, 389, 389, 388, 389, 391, 390, 388, 388, 388, 389, 390,
    387, 387, 387, 390, 389, 388, 389, 390, 388, 389, 389, 391, 388, 388,
    389, 391, 391, 387, 389, 391, 389, 391, 389, 388, 387, 387, 388, 388,
    390, 390, 390, 388, 390, 387, 387, 389, 390, 388, 391, 390, 391, 387,
    390, 391, 390, 391, 387, 387, 388, 388, 390, 387, 391, 387, 387, 389,
    388, 387, 388, 390, 389, 389, 389 ]
LHandPositionsY: [ 225, 227, 224, 227, 225, 224, 225, 225, 226, 227, 228,
    226, 225, 227, 224, 225, 227, 224, 224, 225, 224, 226, 224, 225, 228,
    227, 226, 224, 224, 224, 226, 225, 226, 224, 224, 225, 225, 226, 228,
    227, 228, 226, 228, 225, 225, 227, 224, 226, 228, 227, 224, 225, 226,
    224, 227, 224, 225, 225, 228, 226, 228, 227, 227, 226, 228, 228, 228,
    227, 225, 224, 224, 228, 224, 226, 226, 225, 226, 226, 224, 224, 227,
    227, 226, 224, 226, 227, 224, 227 ]
RHandPositionsX: [ 171, 171, 175, 190, 188, 189, 196, 191, 182, 176, 175,
    175, 173, 182, 189, 198, 198, 196, 198, 194, 184, 181, 177, 176, 172,
    172, 174, 179, 191, 200, 199, 200, 202, 193, 191, 186, 184, 179, 178,
    182, 184, 199, 201, 201, 208, 203, 196, 192, 184, 177, 176, 179, 182,
    187, 191, 199, 206, 209, 210, 209, 210, 211, 208, 210, 211, 206, 209,
    207, 206, 205, 207, 205, 202, 205, 202, 204, 202, 203, 200, 201, 203,
    198, 199, 201, 198, 198, 198, 199 ]
RHandPositionsY: [ 96, 94, 100, 110, 114, 114, 118, 111, 101, 103, 100,
    98, 99, 102, 111, 121, 121, 124, 124, 112, 104, 100, 99, 101, 99, 95,
    97, 100, 117, 124, 123, 122, 121, 107, 104, 106, 105, 102, 98, 101,
    115, 120, 119, 125, 126, 126, 122, 106, 107, 106, 102, 102, 102, 117,
    130, 135, 142, 147, 148, 153, 161, 166, 175, 180, 190, 202, 209, 217,
    214, 217, 219, 220, 223, 224, 224, 229, 224, 228, 227, 225, 225, 224,
    224, 226, 225, 226, 227, 225 ]
