%YAML:1.0
---
videoName: "RHShake13.mp4"
gestureLabel: 2
fps: 30
pixelSizeInCmTemp: 3.2808219178082193e-01
faceCenterPointX: 278
faceCenterPointY: 45
LHandPositionsX: [ 306, 308, 305, 308, 308, 305, 308, 309, 305, 305, 309,
    309, 308, 305, 307, 308, 306, 309, 307, 305, 309, 309, 309, 305, 309,
    306, 308, 309, 307, 305, 305, 309, 309, 305, 307, 305, 308, 305, 305,
    307, 308, 307, 307, 305, 308, 308, 306, 309, 309, 307, 308, 305, 307,
    306, 307, 306, 307, 306, 309, 309, 309, 305, 305, 306, 308, 307, 306,
    309, 306, 306, 306, 307, 310, 308, 308, 309, 310, 308, 305, 304, 302,
    304, 306, 306, 304, 307, 303, 307, 305, 306, 306 ]
LHandPositionsY: [ 243, 246, 245, 243, 245, 243, 244, 242, 241, 242, 241,
    245, 243, 242, 243, 243, 240, 242, 239, 243, 242, 243, 240, 243, 239,
    239, 240, 239, 240, 242, 242, 242, 240, 241, 241, 239, 240, 242, 242,
    241, 240, 242, 240, 239, 240, 238, 240, 238, 242, 242, 238, 242, 239,
    242, 241, 239, 241, 241, 241, 242, 242, 240, 240, 239, 238, 239, 240,
    241, 240, 238, 240, 239, 237, 236, 238, 235, 237, 235, 232, 235, 231,
    234, 232, 236, 237, 243, 241, 244, 243, 247, 245 ]
RHandPositionsX: [ 166, 149, 140, 140, 142, 141, 145, 141, 147, 149, 145,
    144, 143, 138, 135, 137, 142, 143, 145, 141, 138, 134, 131, 130, 130,
    132, 132, 140, 139, 135, 138, 134, 127, 131, 132, 133, 134, 134, 135,
    136, 136, 136, 133, 132, 136, 146, 151, 151, 145, 145, 143, 138, 137,
    139, 140, 140, 139, 143, 144, 136, 136, 130, 128, 131, 137, 141, 143,
    145, 153, 159, 171, 178, 187, 199, 210, 226, 236, 246, 254, 251, 252,
    255, 257, 260, 259, 261, 258, 259, 259, 259, 260 ]
RHandPositionsY: [ 156, 139, 119, 120, 114, 107, 107, 100, 99, 96, 92,
    92, 88, 89, 88, 88, 85, 87, 87, 87, 86, 85, 88, 86, 88, 89, 90, 92,
    91, 91, 90, 88, 90, 88, 88, 92, 91, 91, 93, 92, 89, 91, 88, 87, 92,
    94, 94, 95, 96, 91, 91, 92, 92, 96, 95, 100, 98, 100, 101, 101, 97,
    95, 97, 95, 99, 102, 110, 108, 117, 129, 134, 145, 157, 163, 175,
    188, 196, 208, 213, 214, 217, 219, 230, 234, 235, 236, 238, 239, 239,
    242, 241 ]
