%YAML:1.0
---
videoName: "RHShake09.mp4"
gestureLabel: 2
fps: 29
pixelSizeInCmTemp: 3.1103896103896100e-01
faceCenterPointX: 296
faceCenterPointY: 48
LHandPositionsX: [ 328, 326, 322, 325, 323, 322, 323, 323, 321, 315, 319,
    314, 314, 310, 312, 309, 312, 309, 311, 311, 308, 310, 307, 308, 309,
    308, 304, 306, 304, 306, 308, 307, 309, 309, 311, 311, 308, 309, 309,
    307, 307, 308, 309, 312, 311, 310, 313, 312, 310, 313, 314, 311, 315,
    311, 311, 316, 313, 314, 316, 317, 316, 317, 314, 317, 317, 313, 314,
    317, 318, 316, 314, 316, 318, 314, 315, 317, 313, 317, 317, 315, 314,
    315, 317, 318, 314, 315, 317, 314 ]
LHandPositionsY: [ 268, 269, 270, 267, 271, 269, 269, 272, 271, 271, 270,
    273, 274, 276, 275, 273, 276, 274, 274, 272, 272, 276, 275, 273, 272,
    272, 274, 276, 277, 276, 274, 273, 273, 276, 277, 276, 274, 277, 277,
    274, 274, 275, 274, 276, 274, 273, 274, 276, 273, 275, 275, 277, 275,
    274, 273, 274, 274, 276, 273, 275, 273, 272, 274, 276, 272, 275, 272,
    276, 274, 274, 275, 274, 272, 274, 275, 275, 272, 275, 274, 276, 273,
    275, 271, 271, 273, 274, 271, 274 ]
RHandPositionsX: [ 265, 265, 264, 263, 261, 263, 265, 262, 261, 263, 259,
    259, 257, 257, 259, 260, 256, 257, 256, 259, 259, 258, 258, 255, 254,
    258, 257, 255, 255, 255, 266, 264, 255, 241, 225, 202, 191, 176, 171,
    171, 175, 171, 181, 183, 184, 186, 181, 178, 181, 175, 187, 190, 189,
    199, 195, 188, 182, 175, 180, 187, 182, 182, 195, 191, 188, 182, 178,
    171, 171, 183, 184, 191, 188, 181, 179, 179, 179, 180, 186, 191, 189,
    190, 198, 203, 206, 217, 228, 240 ]
RHandPositionsY: [ 261, 263, 264, 265, 265, 268, 268, 264, 265, 267, 266,
    266, 268, 269, 268, 269, 267, 269, 268, 269, 266, 265, 265, 268, 268,
    265, 269, 268, 267, 266, 269, 257, 248, 229, 215, 199, 176, 156, 139,
    133, 116, 108, 106, 112, 108, 106, 100, 90, 87, 88, 87, 98, 95, 99,
    95, 94, 86, 89, 85, 88, 94, 97, 99, 97, 90, 85, 88, 88, 91, 96, 96,
    96, 96, 93, 94, 92, 91, 91, 96, 107, 105, 110, 121, 133, 143, 156,
    168, 184 ]
