%YAML:1.0
---
videoName: "RHShake12.mp4"
gestureLabel: 2
fps: 29
pixelSizeInCmTemp: 3.3732394366197183e-01
faceCenterPointX: 299
faceCenterPointY: 45
LHandPositionsX: [ 408, 404, 407, 408, 404, 405, 406, 405, 407, 408, 407,
    404, 408, 405, 405, 407, 404, 406, 407, 406, 406, 407, 407, 407, 404,
    406, 407, 404, 407, 404, 406, 404, 408, 408, 407, 406, 405, 406, 406,
    404, 404, 404, 405, 405, 407, 405, 408, 408, 407, 408, 404, 408, 407,
    404, 405, 405, 407, 408, 407, 405, 407, 408, 404, 407, 406, 407, 404,
    407, 406, 405, 407, 404, 406, 407, 404, 408, 406, 405, 406, 405, 404,
    404, 408, 408, 406, 405, 407, 405 ]
LHandPositionsY: [ 242, 240, 239, 241, 243, 242, 242, 243, 243, 240, 242,
    240, 241, 242, 242, 241, 241, 241, 242, 240, 243, 243, 241, 240, 242,
    243, 240, 243, 243, 241, 243, 241, 239, 242, 243, 239, 242, 240, 240,
    239, 241, 239, 240, 240, 240, 241, 240, 240, 239, 240, 240, 242, 240,
    241, 241, 242, 243, 241, 242, 240, 239, 242, 242, 241, 243, 243, 241,
    243, 240, 240, 239, 239, 242, 243, 239, 243, 239, 241, 239, 240, 241,
    242, 242, 239, 243, 240, 243, 239 ]
RHandPositionsX: [ 170, 166, 164, 160, 163, 172, 181, 192, 193, 195, 191,
    185, 176, 173, 170, 166, 173, 179, 185, 187, 187, 184, 179, 174, 171,
    167, 170, 173, 184, 193, 191, 192, 184, 178, 178, 178, 174, 172, 180,
    192, 196, 194, 186, 179, 174, 176, 170, 175, 179, 192, 193, 195, 197,
    192, 182, 178, 175, 178, 174, 173, 181, 191, 199, 199, 202, 200, 193,
    191, 187, 187, 184, 185, 187, 195, 198, 196, 201, 200, 202, 200, 200,
    201, 199, 200, 197, 196, 198, 197 ]
RHandPositionsY: [ 140, 129, 121, 110, 106, 95, 95, 105, 109, 108, 101,
    91, 92, 87, 90, 87, 81, 89, 102, 104, 107, 96, 91, 88, 85, 83, 85,
    92, 99, 114, 113, 107, 101, 95, 95, 93, 89, 87, 94, 114, 117, 114,
    105, 100, 93, 93, 89, 89, 96, 109, 110, 112, 115, 101, 93, 89, 90,
    90, 88, 86, 93, 109, 120, 118, 120, 117, 111, 108, 112, 111, 116,
    126, 135, 149, 162, 161, 168, 177, 184, 194, 203, 208, 213, 219, 219,
    226, 231, 231 ]
