%YAML:1.0
---
videoName: "RHShake22.mp4"
gestureLabel: 2
fps: 29
pixelSizeInCmTemp: 3.3263888888888887e-01
faceCenterPointX: 290
faceCenterPointY: 48
LHandPositionsX: [ 395, 394, 392, 395, 392, 394, 392, 392, 394, 393, 393,
    394, 394, 394, 394, 395, 394, 396, 395, 394, 396, 394, 395, 392, 394,
    396, 394, 394, 392, 395, 393, 396, 392, 393, 394, 392, 395, 396, 393,
    393, 392, 393, 395, 395, 393, 395, 393, 392, 394, 393, 395, 393, 394,
    395, 395, 393, 392, 392, 393, 392, 395, 394, 395, 395, 395, 395, 396,
    393, 395, 392, 394, 394, 395, 393, 396, 393, 394, 394, 396, 395, 394,
    393, 392, 395, 395, 396, 395, 395 ]
LHandPositionsY: [ 232, 232, 234, 231, 230, 233, 234, 232, 233, 231, 234,
    233, 230, 232, 233, 234, 230, 233, 233, 231, 230, 231, 231, 234, 233,
    232, 230, 230, 231, 230, 230, 232, 234, 233, 233, 233, 231, 234, 233,
    233, 230, 234, 231, 234, 232, 234, 230, 230, 234, 230, 230, 233, 230,
    234, 230, 230, 234, 230, 232, 231, 234, 230, 230, 231, 231, 233, 231,
    230, 230, 232, 233, 232, 231, 232, 231, 230, 232, 233, 231, 232, 234,
    231, 233, 230, 230, 231, 233, 230 ]
RHandPositionsX: [ 151, 136, 128, 129, 130, 134, 146, 159, 165, 165, 164,
    163, 160, 157, 152, 145, 146, 142, 145, 153, 162, 171, 170, 171, 171,
    165, 165, 156, 157, 154, 154, 160, 165, 173, 173, 174, 171, 171, 164,
    162, 160, 157, 158, 165, 170, 173, 175, 175, 174, 166, 160, 155, 153,
    153, 157, 165, 171, 178, 176, 181, 179, 171, 171, 164, 155, 153, 154,
    157, 167, 177, 175, 180, 180, 180, 182, 180, 178, 183, 186, 186, 187,
    189, 188, 186, 191, 187, 187, 188 ]
RHandPositionsY: [ 139, 117, 101, 101, 94, 90, 85, 83, 91, 93, 91, 92,
    86, 78, 78, 78, 77, 78, 77, 87, 91, 95, 97, 97, 94, 89, 84, 83, 83,
    80, 79, 90, 94, 99, 101, 101, 95, 91, 88, 88, 86, 83, 82, 88, 94,
    101, 103, 98, 93, 89, 89, 89, 89, 84, 86, 84, 90, 99, 104, 105, 99,
    94, 93, 92, 91, 91, 93, 87, 89, 106, 109, 113, 112, 119, 121, 124,
    135, 150, 160, 170, 181, 192, 198, 206, 212, 219, 225, 224 ]
