%YAML:1.0
---
videoName: "RHShake08.mp4"
gestureLabel: 2
fps: 29
pixelSizeInCmTemp: 3.2808219178082193e-01
faceCenterPointX: 290
faceCenterPointY: 45
LHandPositionsX: [ 316, 317, 316, 317, 314, 316, 316, 313, 311, 310, 308,
    310, 309, 309, 307, 309, 307, 309, 309, 307, 307, 307, 306, 309, 309,
    309, 310, 308, 308, 306, 310, 307, 306, 306, 310, 306, 307, 310, 308,
    307, 307, 308, 306, 306, 307, 308, 308, 308, 305, 308, 306, 305, 305,
    306, 307, 309, 306, 305, 306, 308, 306, 305, 305, 306, 309, 308, 309,
    309, 305, 306, 308, 309, 308, 306, 306, 305, 309, 306, 308, 307, 309,
    305, 309, 306, 311, 309, 307, 311 ]
LHandPositionsY: [ 280, 279, 280, 281, 280, 283, 281, 285, 282, 283, 281,
    281, 281, 281, 283, 285, 282, 283, 285, 284, 282, 284, 281, 281, 285,
    285, 283, 284, 285, 281, 283, 285, 283, 281, 285, 284, 284, 281, 285,
    284, 282, 283, 283, 281, 283, 282, 281, 284, 281, 280, 284, 280, 282,
    281, 283, 280, 283, 284, 280, 284, 281, 280, 281, 280, 282, 281, 284,
    282, 282, 280, 284, 284, 281, 283, 282, 280, 282, 284, 281, 283, 283,
    282, 284, 282, 282, 283, 280, 284 ]
RHandPositionsX: [ 269, 269, 268, 269, 271, 273, 273, 277, 268, 257, 257,
    257, 250, 238, 220, 199, 185, 162, 158, 158, 166, 174, 197, 200, 204,
    198, 196, 192, 184, 181, 190, 190, 203, 201, 194, 192, 187, 181, 179,
    179, 190, 190, 186, 184, 181, 179, 176, 172, 176, 182, 183, 189, 190,
    186, 191, 188, 187, 204, 205, 218, 210, 205, 205, 200, 198, 194, 201,
    204, 217, 213, 211, 215, 222, 228, 241, 250, 250, 262, 263, 264, 268,
    267, 270, 269, 272, 276, 275, 271 ]
RHandPositionsY: [ 269, 268, 269, 270, 270, 269, 267, 266, 264, 265, 254,
    244, 229, 218, 201, 183, 173, 150, 132, 130, 113, 109, 106, 107, 107,
    104, 98, 94, 94, 91, 92, 94, 97, 94, 92, 90, 91, 86, 86, 89, 90, 91,
    91, 90, 90, 87, 87, 86, 91, 93, 95, 94, 97, 96, 91, 91, 89, 91, 96,
    95, 101, 101, 94, 92, 96, 96, 95, 99, 105, 108, 110, 127, 131, 141,
    157, 175, 195, 213, 230, 246, 260, 258, 261, 261, 263, 263, 266, 266 ]
