%YAML:1.0
---
videoName: "RHShake15.mp4"
gestureLabel: 2
fps: 29
pixelSizeInCmTemp: 3.2808219178082193e-01
faceCenterPointX: 279
faceCenterPointY: 41
LHandPositionsX: [ 369, 371, 371, 370, 370, 371, 371, 369, 370, 368, 371,
    371, 370, 369, 372, 368, 371, 369, 370, 368, 370, 368, 371, 370, 370,
    370, 370, 368, 368, 370, 372, 368, 371, 369, 372, 368, 368, 368, 369,
    371, 369, 369, 368, 370, 370, 369, 370, 371, 371, 369, 372, 372, 370,
    368, 369, 372, 370, 370, 371, 369, 368, 371, 369, 371, 372, 369, 369,
    371, 368, 371, 371, 370, 370, 371, 372, 371, 368, 372, 371, 371, 368,
    371, 371, 371, 372, 371, 372, 369 ]
LHandPositionsY: [ 233, 232, 236, 233, 234, 232, 235, 233, 235, 236, 232,
    235, 232, 234, 233, 236, 232, 233, 236, 233, 236, 236, 235, 232, 234,
    233, 234, 234, 236, 236, 234, 236, 233, 233, 236, 234, 234, 235, 234,
    233, 233, 232, 235, 235, 231, 235, 231, 232, 233, 235, 231, 232, 233,
    234, 231, 231, 235, 233, 232, 231, 232, 233, 233, 233, 234, 234, 232,
    234, 235, 232, 234, 232, 235, 233, 234, 231, 232, 234, 235, 232, 232,
    235, 235, 235, 235, 235, 234, 231 ]
RHandPositionsX: [ 136, 125, 112, 108, 110, 108, 106, 103, 107, 112, 112,
    116, 116, 114, 108, 110, 112, 109, 108, 108, 114, 117, 117, 115, 112,
    106, 108, 107, 107, 109, 115, 116, 115, 117, 113, 113, 111, 112, 114,
    115, 111, 111, 117, 117, 121, 121, 119, 126, 124, 121, 116, 120, 127,
    125, 125, 126, 125, 126, 124, 119, 121, 122, 129, 132, 141, 144, 138,
    137, 137, 140, 145, 146, 149, 153, 155, 154, 159, 157, 158, 160, 161,
    161, 159, 161, 160, 159, 161, 161 ]
RHandPositionsY: [ 191, 172, 155, 146, 144, 141, 134, 127, 121, 117, 109,
    109, 103, 101, 95, 97, 98, 95, 94, 91, 96, 92, 95, 94, 95, 94, 96,
    96, 96, 95, 97, 103, 102, 102, 100, 100, 100, 103, 105, 104, 104,
    105, 110, 113, 109, 105, 104, 107, 104, 103, 104, 106, 112, 113, 118,
    114, 110, 112, 111, 111, 114, 119, 127, 138, 152, 164, 174, 182, 190,
    202, 207, 220, 229, 236, 240, 240, 245, 248, 249, 248, 247, 247, 247,
    249, 246, 245, 246, 245 ]
