%YAML:1.0
---
videoName: "RHShake02.mp4"
gestureLabel: 2
fps: 29
pixelSizeInCmTemp: 3.1933333333333330e-01
faceCenterPointX: 291
faceCenterPointY: 51
LHandPositionsX: [ 406, 406, 409, 407, 408, 405, 405, 409, 407, 409, 409,
    406, 408, 408, 407, 407, 407, 408, 404, 407, 408, 405, 408, 405, 407,
    405, 405, 405, 403, 402, 402, 406, 404, 405, 402, 404, 404, 404, 404,
    402, 400, 402, 401, 401, 399, 399, 403, 402, 400, 402, 401, 398, 401,
    401, 398, 396, 398, 399, 397, 396, 396, 399, 397, 398, 399, 396, 397,
    399, 399, 395, 399, 398, 399, 396, 397, 395, 397, 395, 398, 397, 397,
    397, 395, 395, 398, 398, 397, 397 ]
LHandPositionsY: [ 265, 264, 264, 262, 265, 264, 265, 264, 263, 263, 261,
    261, 263, 264, 261, 263, 262, 261, 262, 262, 260, 260, 260, 263, 261,
    264, 264, 260, 263, 263, 261, 263, 261, 263, 264, 263, 260, 264, 263,
    264, 263, 262, 264, 262, 262, 262, 262, 264, 261, 260, 264, 263, 263,
    260, 263, 260, 264, 260, 262, 260, 264, 263, 262, 263, 262, 264, 262,
    261, 261, 262, 263, 260, 261, 264, 262, 262, 260, 260, 260, 260, 260,
    263, 261, 261, 260, 261, 264, 261 ]
RHandPositionsX: [ 172, 172, 174, 173, 170, 170, 173, 170, 171, 173, 172,
    174, 170, 174, 173, 174, 173, 172, 173, 170, 172, 171, 170, 174, 173,
    171, 177, 176, 177, 171, 169, 163, 160, 152, 148, 155, 161, 176, 185,
    178, 182, 176, 172, 163, 160, 157, 158, 167, 180, 185, 190, 184, 182,
    180, 169, 168, 166, 168, 176, 184, 181, 184, 181, 178, 174, 169, 172,
    167, 171, 175, 181, 192, 196, 203, 199, 196, 196, 182, 185, 184, 179,
    177, 179, 175, 175, 174, 173, 175 ]
RHandPositionsY: [ 263, 266, 265, 265, 266, 263, 267, 266, 265, 264, 263,
    266, 266, 267, 267, 263, 264, 265, 267, 267, 263, 263, 266, 263, 266,
    270, 264, 249, 232, 209, 186, 165, 143, 124, 112, 103, 96, 95, 101,
    100, 95, 91, 90, 90, 87, 87, 88, 92, 95, 98, 101, 98, 94, 92, 85, 88,
    87, 90, 93, 102, 98, 101, 100, 96, 91, 94, 91, 94, 93, 99, 102, 119,
    130, 141, 159, 177, 193, 211, 225, 229, 236, 246, 245, 250, 251, 251,
    253, 252 ]
