%YAML:1.0
---
videoName: "RHShake21.mp4"
gestureLabel: 2
fps: 29
pixelSizeInCmTemp: 3.3732394366197183e-01
faceCenterPointX: 293
faceCenterPointY: 47
LHandPositionsX: [ 398, 394, 396, 394, 394, 395, 398, 394, 397, 398, 398,
    397, 398, 394, 394, 396, 396, 396, 397, 396, 397, 398, 396, 398, 394,
    397, 398, 398, 395, 394, 398, 395, 394, 395, 396, 397, 396, 397, 396,
    397, 396, 395, 397, 397, 395, 396, 398, 398, 394, 395, 395, 396, 398,
    394, 394, 395, 397, 397, 394, 394, 394, 397, 398, 395, 396, 394, 398,
    395, 395, 396, 398, 395, 398, 397, 397, 395, 394, 396, 396, 397, 396,
    396, 397, 395, 394, 395, 398, 397 ]
LHandPositionsY: [ 240, 238, 241, 239, 239, 242, 242, 242, 239, 242, 241,
    239, 238, 242, 242, 240, 238, 239, 238, 238, 242, 238, 242, 238, 241,
    242, 241, 238, 240, 242, 238, 240, 241, 241, 242, 242, 241, 239, 239,
    239, 239, 241, 240, 239, 242, 238, 239, 239, 242, 242, 240, 240, 239,
    238, 241, 238, 242, 241, 239, 239, 238, 240, 241, 240, 238, 242, 242,
    240, 238, 239, 240, 239, 238, 240, 241, 242, 239, 241, 239, 242, 241,
    242, 241, 241, 238, 239, 238, 242 ]
RHandPositionsX: [ 136, 138, 143, 143, 144, 144, 142, 142, 139, 135, 132,
    139, 145, 147, 147, 151, 148, 142, 138, 138, 136, 135, 140, 145, 148,
    148, 151, 151, 148, 143, 139, 139, 135, 141, 140, 148, 149, 153, 152,
    145, 144, 139, 138, 133, 139, 141, 148, 147, 150, 152, 147, 142, 138,
    133, 135, 136, 140, 145, 155, 161, 172, 177, 179, 178, 180, 185, 189,
    189, 186, 187, 192, 187, 186, 187, 189, 189, 189, 185, 186, 186, 189,
    186, 186, 185, 185, 187, 189, 188 ]
RHandPositionsY: [ 82, 88, 87, 88, 90, 87, 81, 80, 83, 79, 81, 85, 89,
    92, 89, 90, 90, 84, 84, 86, 83, 81, 81, 86, 88, 93, 92, 93, 92, 85,
    84, 84, 83, 83, 84, 89, 94, 94, 94, 90, 86, 87, 89, 84, 84, 89, 95,
    95, 100, 98, 94, 95, 94, 93, 92, 93, 94, 106, 116, 127, 138, 150,
    154, 151, 160, 171, 178, 192, 201, 209, 217, 212, 221, 224, 224, 228,
    229, 227, 228, 227, 228, 231, 230, 227, 227, 227, 230, 231 ]
