%YAML:1.0
---
videoName: "RHShake11.mp4"
gestureLabel: 2
fps: 29
pixelSizeInCmTemp: 3.3263888888888887e-01
faceCenterPointX: 274
faceCenterPointY: 53
LHandPositionsX: [ 311, 308, 307, 308, 310, 309, 309, 310, 310, 310, 311,
    307, 307, 310, 309, 310, 310, 311, 309, 309, 310, 311, 309, 309, 308,
    309, 308, 307, 307, 310, 311, 309, 308, 309, 309, 310, 309, 311, 310,
    311, 309, 310, 309, 311, 308, 308, 310, 308, 311, 310, 310, 308, 307,
    309, 308, 309, 308, 309, 308, 309, 307, 308, 309, 308, 308, 311, 311,
    310, 310, 311, 310, 309, 307, 310, 308, 309, 307, 305, 308, 304, 307,
    303, 305, 306, 304, 306, 307, 305 ]
LHandPositionsY: [ 247, 249, 246, 246, 249, 248, 247, 248, 248, 246, 247,
    249, 245, 245, 246, 246, 248, 247, 248, 249, 247, 249, 245, 247, 247,
    249, 245, 245, 247, 248, 245, 246, 247, 246, 245, 245, 249, 245, 246,
    245, 246, 249, 249, 245, 246, 248, 248, 246, 248, 247, 248, 248, 247,
    248, 245, 245, 248, 246, 248, 249, 249, 245, 247, 248, 246, 248, 247,
    246, 244, 244, 248, 247, 243, 244, 242, 245, 244, 244, 246, 246, 245,
    244, 244, 247, 244, 245, 243, 244 ]
RHandPositionsX: [ 251, 247, 249, 245, 237, 227, 209, 191, 174, 157, 145,
    139, 145, 146, 153, 159, 162, 163, 170, 171, 171, 162, 155, 155, 150,
    154, 158, 164, 167, 166, 168, 170, 165, 158, 155, 155, 153, 151, 158,
    169, 169, 169, 172, 170, 165, 158, 157, 159, 158, 160, 162, 173, 174,
    177, 176, 177, 171, 169, 164, 163, 160, 155, 159, 165, 173, 183, 191,
    206, 219, 229, 241, 247, 257, 261, 263, 261, 261, 263, 260, 261, 260,
    262, 259, 258, 259, 258, 259, 261 ]
RHandPositionsY: [ 247, 249, 246, 240, 230, 220, 209, 191, 176, 163, 143,
    128, 124, 114, 104, 104, 103, 107, 102, 99, 104, 100, 100, 95, 97,
    95, 94, 99, 99, 100, 101, 97, 98, 95, 96, 94, 97, 94, 100, 106, 105,
    104, 103, 106, 103, 103, 99, 101, 97, 98, 101, 107, 107, 105, 107,
    107, 105, 104, 99, 102, 100, 100, 105, 105, 116, 128, 145, 157, 172,
    188, 200, 210, 223, 228, 236, 234, 235, 238, 239, 239, 240, 239, 242,
    240, 239, 242, 238, 242 ]
