%YAML:1.0
---
videoName: "RHShake14.mp4"
gestureLabel: 2
fps: 30
pixelSizeInCmTemp: 3.2808219178082193e-01
faceCenterPointX: 277
faceCenterPointY: 42
LHandPositionsX: [ 378, 377, 377, 378, 376, 378, 378, 375, 378, 375, 377,
    374, 374, 376, 373, 376, 374, 376, 373, 373, 376, 374, 376, 374, 372,
    376, 375, 372, 372, 374, 373, 373, 372, 374, 374, 374, 376, 372, 375,
    376, 372, 376, 376, 375, 374, 376, 375, 376, 375, 372, 372, 374, 376,
    374, 372, 376, 372, 372, 375, 375, 373, 374, 375, 376, 374, 372, 376,
    372, 375, 375, 375, 376, 373, 374, 376, 373, 374, 376, 372, 376, 373,
    372, 375, 374, 375, 372, 376, 372, 372, 373, 372 ]
LHandPositionsY: [ 231, 231, 229, 233, 230, 229, 233, 231, 230, 232, 233,
    230, 231, 230, 230, 229, 232, 230, 229, 233, 232, 230, 229, 230, 232,
    230, 229, 231, 233, 230, 229, 230, 231, 232, 229, 230, 229, 232, 229,
    229, 231, 231, 231, 233, 232, 233, 231, 229, 233, 233, 230, 230, 233,
    231, 231, 231, 232, 231, 231, 230, 231, 233, 233, 232, 230, 229, 229,
    229, 233, 233, 233, 232, 231, 231, 230, 232, 232, 232, 233, 230, 229,
    233, 229, 231, 231, 229, 229, 230, 231, 231, 231 ]
RHandPositionsX: [ 171, 172, 172, 171, 174, 173, 173, 172, 170, 173, 172,
    172, 172, 170, 173, 171, 172, 170, 172, 170, 174, 173, 173, 170, 172,
    171, 169, 169, 158, 149, 138, 127, 125, 115, 118, 124, 127, 129, 134,
    141, 142, 147, 144, 145, 145, 146, 150, 154, 155, 163, 159, 156, 151,
    153, 158, 156, 162, 170, 167, 162, 160, 156, 157, 157, 156, 163, 164,
    171, 174, 176, 178, 180, 180, 181, 171, 171, 176, 178, 173, 174, 174,
    173, 172, 170, 172, 173, 172, 172, 170, 174, 170 ]
RHandPositionsY: [ 242, 242, 242, 243, 242, 239, 243, 243, 239, 242, 239,
    241, 239, 243, 240, 243, 239, 242, 242, 240, 240, 241, 243, 240, 239,
    246, 244, 233, 216, 193, 174, 154, 136, 115, 114, 110, 105, 108, 113,
    114, 116, 103, 99, 94, 88, 87, 86, 84, 82, 83, 78, 80, 77, 78, 75,
    77, 81, 82, 80, 79, 77, 78, 77, 76, 77, 84, 84, 107, 121, 131, 145,
    158, 170, 181, 195, 195, 199, 204, 214, 215, 216, 222, 222, 230, 233,
    231, 231, 235, 236, 234, 234 ]
