%YAML:1.0
---
videoName: "RHShake07.mp4"
gestureLabel: 2
fps: 29
pixelSizeInCmTemp: 3.2364864864864862e-01
faceCenterPointX: 292
faceCenterPointY: 44
LHandPositionsX: [ 308, 308, 307, 310, 307, 306, 307, 306, 308, 306, 310,
    312, 310, 311, 312, 311, 311, 313, 313, 310, 314, 314, 314, 312, 314,
    314, 311, 314, 313, 310, 314, 313, 314, 315, 315, 315, 312, 315, 313,
    312, 313, 313, 314, 314, 315, 312, 312, 316, 316, 315, 316, 313, 316,
    316, 313, 315, 316, 313, 314, 314, 314, 314, 312, 316, 313, 315, 314,
    312, 313, 313, 312, 317, 315, 313, 315, 313, 313, 313, 315, 313, 307,
    307, 312, 310, 309, 309, 310, 312 ]
LHandPositionsY: [ 267, 267, 270, 269, 271, 267, 267, 269, 271, 273, 271,
    272, 270, 273, 272, 272, 269, 269, 267, 270, 271, 269, 267, 270, 268,
    270, 267, 269, 271, 270, 269, 268, 267, 271, 270, 271, 270, 271, 271,
    270, 267, 271, 269, 267, 269, 267, 269, 269, 270, 268, 268, 270, 267,
    267, 267, 267, 268, 268, 269, 268, 268, 270, 270, 270, 267, 269, 267,
    268, 267, 268, 267, 266, 267, 270, 270, 270, 269, 269, 271, 270, 271,
    272, 273, 275, 272, 271, 271, 274 ]
RHandPositionsX: [ 265, 267, 267, 266, 265, 265, 267, 265, 266, 268, 268,
    265, 254, 236, 216, 197, 178, 164, 151, 153, 160, 156, 157, 160, 165,
    178, 189, 184, 179, 172, 167, 165, 182, 179, 187, 188, 179, 177, 170,
    170, 175, 173, 180, 185, 184, 180, 178, 172, 165, 165, 167, 183, 186,
    200, 194, 189, 185, 175, 171, 171, 165, 166, 171, 173, 171, 184, 179,
    177, 171, 169, 158, 168, 180, 194, 215, 230, 241, 258, 269, 278, 271,
    273, 272, 264, 263, 263, 264, 265 ]
RHandPositionsY: [ 253, 252, 255, 251, 252, 251, 253, 252, 254, 257, 248,
    240, 231, 216, 201, 186, 165, 153, 135, 129, 124, 113, 122, 126, 127,
    117, 104, 101, 93, 91, 87, 90, 109, 105, 104, 99, 94, 92, 91, 89, 92,
    95, 96, 96, 96, 95, 95, 90, 91, 88, 86, 88, 94, 101, 97, 95, 93, 93,
    92, 90, 90, 90, 93, 93, 92, 92, 88, 85, 90, 90, 92, 116, 137, 149,
    164, 185, 207, 227, 235, 243, 242, 246, 249, 254, 255, 256, 254, 257 ]
