%YAML:1.0
---
videoName: "RHShake20.mp4"
gestureLabel: 2
fps: 29
pixelSizeInCmTemp: 3.3263888888888887e-01
faceCenterPointX: 286
faceCenterPointY: 45
LHandPositionsX: [ 393, 390, 393, 392, 394, 394, 391, 390, 394, 392, 392,
    391, 393, 392, 393, 394, 393, 392, 394, 391, 391, 394, 393, 394, 393,
    393, 394, 391, 394, 394, 393, 393, 392, 394, 394, 390, 394, 392, 390,
    393, 390, 390, 390, 392, 390, 391, 394, 393, 390, 393, 391, 392, 394,
    394, 391, 390, 393, 394, 393, 392, 393, 390, 392, 394, 394, 394, 392,
    392, 392, 393, 390, 393, 394, 393, 393, 394, 393, 390, 390, 392, 391,
    391, 391, 393, 393, 393, 394, 391 ]
LHandPositionsY: [ 246, 242, 245, 243, 245, 244, 245, 241, 240, 240, 242,
    242, 241, 239, 239, 241, 239, 239, 239, 239, 243, 243, 241, 239, 242,
    243, 242, 239, 241, 242, 241, 239, 242, 239, 240, 241, 242, 240, 241,
    242, 240, 239, 241, 241, 239, 239, 240, 242, 239, 241, 243, 240, 240,
    240, 242, 239, 242, 240, 243, 240, 241, 240, 240, 243, 239, 241, 241,
    239, 243, 241, 243, 241, 239, 239, 239, 242, 240, 239, 240, 242, 240,
    243, 242, 240, 239, 239, 241, 240 ]
RHandPositionsX: [ 164, 162, 161, 156, 155, 154, 152, 156, 155, 160, 160,
    159, 158, 157, 150, 153, 149, 150, 158, 159, 163, 162, 158, 155, 153,
    151, 149, 154, 159, 163, 161, 159, 156, 152, 158, 156, 152, 149, 159,
    164, 164, 167, 167, 163, 157, 153, 153, 151, 160, 163, 165, 167, 165,
    167, 168, 170, 163, 167, 160, 156, 162, 170, 175, 176, 181, 187, 187,
    186, 186, 181, 186, 182, 180, 179, 178, 179, 181, 180, 178, 179, 179,
    179, 178, 178, 179, 178, 177, 180 ]
RHandPositionsY: [ 111, 107, 103, 103, 101, 99, 101, 101, 101, 102, 103,
    102, 97, 98, 95, 99, 98, 104, 111, 115, 117, 114, 114, 110, 106, 108,
    106, 108, 117, 117, 120, 116, 112, 106, 106, 106, 105, 104, 112, 121,
    122, 123, 123, 117, 113, 114, 114, 109, 113, 115, 123, 124, 123, 127,
    122, 118, 114, 117, 110, 112, 115, 124, 132, 135, 148, 154, 168, 179,
    184, 192, 200, 211, 218, 225, 234, 233, 240, 242, 243, 243, 242, 247,
    245, 247, 244, 247, 246, 246 ]
