%YAML:1.0
---
videoName: "RHShake14.mp4"
gestureLabel: 2
fps: 30
pixelSizeInCmTemp: 3.2808219178082193e-01
faceCenterPointX: 277
faceCenterPointY: 42
LHandPositionsX: [ 377, 378, 376, 375, 376, 377, 378, 378, 377, 378, 375,
    376, 378, 378, 373, 377, 375, 375, 375, 375, 375, 376, 372, 372, 372,
    376, 376, 376, 372, 372, 374, 373, 372, 375, 376, 372, 372, 376, 374,
    376, 374, 373, 374, 376, 373, 375, 374, 373, 376, 372, 374, 375, 372,
    372, 372, 373, 373, 375, 373, 373, 375, 376, 375, 373, 376, 372, 374,
    375, 375, 373, 374, 374, 374, 374, 376, 375, 376, 375, 374, 376, 374,
    373, 374, 376, 375, 373, 372, 374, 376, 376, 376 ]
LHandPositionsY: [ 231, 232, 229, 229, 231, 230, 230, 231, 231, 232, 230,
    230, 231, 233, 230, 229, 233, 229, 230, 233, 229, 229, 231, 233, 229,
    231, 230, 229, 231, 230, 230, 232, 232, 232, 232, 229, 232, 233, 232,
    229, 230, 230, 230, 231, 229, 233, 230, 232, 232, 233, 232, 233, 231,
    233, 233, 231, 231, 229, 229, 233, 231, 229, 232, 230, 232, 231, 232,
    233, 229, 229, 233, 232, 229, 233, 229, 230, 233, 229, 231, 230, 229,
    231, 229, 230, 233, 232, 233, 233, 231, 229, 229 ]
RHandPositionsX: [ 171, 173, 174, 173, 171, 170, 174, 170, 170, 172, 172,
    173, 172, 170, 173, 172, 172, 174, 174, 172, 174, 172, 172, 170, 173,
    173, 171, 167, 161, 148, 134, 127, 125, 114, 119, 122, 129, 131, 134,
    139, 143, 148, 146, 142, 145, 145, 148, 154, 158, 162, 159, 159, 151,
    151, 156, 159, 163, 168, 170, 161, 157, 156, 157, 159, 156, 165, 165,
    172, 173, 176, 178, 180, 179, 179, 173, 173, 175, 177, 173, 172, 175,
    174, 171, 172, 171, 172, 170, 174, 171, 172, 170 ]
RHandPositionsY: [ 241, 241, 241, 243, 240, 243, 239, 243, 242, 239, 242,
    241, 243, 240, 239, 240, 241, 243, 240, 240, 241, 242, 239, 243, 242,
    242, 244, 235, 216, 196, 172, 151, 137, 117, 113, 110, 103, 111, 115,
    115, 119, 105, 98, 92, 90, 85, 86, 83, 83, 80, 82, 77, 75, 76, 76,
    75, 82, 82, 79, 78, 79, 75, 74, 78, 79, 80, 86, 104, 118, 134, 148,
    160, 172, 183, 191, 193, 201, 201, 211, 219, 218, 222, 221, 230, 236,
    235, 234, 233, 234, 236, 235 ]
