%YAML:1.0
---
videoName: "RHShake08.mp4"
gestureLabel: 2
fps: 29
pixelSizeInCmTemp: 3.2808219178082193e-01
faceCenterPointX: 290
faceCenterPointY: 45
LHandPositionsX: [ 317, 315, 313, 313, 315, 313, 315, 314, 311, 313, 311,
    311, 309, 308, 307, 308, 310, 308, 309, 306, 308, 308, 309, 310, 309,
    307, 309, 308, 307, 308, 306, 309, 309, 306, 309, 307, 306, 307, 310,
    308, 308, 310, 310, 306, 306, 309, 308, 309, 305, 307, 308, 308, 306,
    307, 309, 306, 309, 305, 308, 308, 305, 306, 307, 307, 305, 305, 307,
    308, 309, 305, 305, 308, 309, 306, 308, 309, 309, 309, 308, 308, 305,
    308, 307, 310, 310, 309, 307, 311 ]
LHandPositionsY: [ 281, 279, 282, 279, 283, 280, 284, 284, 283, 285, 281,
    284, 284, 281, 284, 281, 283, 283, 284, 281, 281, 283, 282, 282, 281,
    285, 284, 282, 282, 285, 281, 284, 282, 282, 281, 283, 281, 285, 283,
    283, 282, 281, 283, 284, 281, 284, 281, 281, 283, 283, 282, 282, 284,
    281, 284, 283, 283, 283, 282, 282, 283, 280, 283, 283, 283, 283, 281,
    280, 284, 282, 283, 280, 283, 280, 283, 282, 282, 284, 281, 284, 284,
    280, 283, 283, 281, 282, 283, 284 ]
RHandPositionsX: [ 268, 271, 271, 271, 269, 273, 272, 276, 267, 260, 259,
    258, 249, 238, 221, 202, 185, 162, 154, 159, 165, 176, 198, 197, 207,
    198, 195, 192, 184, 180, 190, 192, 204, 202, 196, 192, 186, 181, 180,
    180, 191, 190, 190, 185, 183, 180, 173, 171, 173, 183, 183, 187, 190,
    187, 191, 188, 188, 201, 206, 219, 213, 208, 206, 201, 197, 193, 204,
    204, 216, 211, 214, 215, 224, 227, 239, 249, 252, 261, 261, 262, 265,
    268, 270, 269, 274, 277, 271, 269 ]
RHandPositionsY: [ 266, 270, 267, 268, 268, 266, 268, 269, 264, 261, 255,
    244, 231, 217, 203, 184, 174, 152, 130, 130, 112, 107, 107, 105, 110,
    104, 97, 92, 92, 90, 89, 93, 96, 93, 96, 89, 91, 87, 88, 88, 92, 91,
    93, 93, 87, 89, 84, 88, 88, 93, 93, 96, 98, 98, 91, 93, 89, 93, 98,
    96, 102, 101, 94, 94, 93, 93, 95, 102, 103, 109, 110, 125, 131, 141,
    157, 175, 193, 215, 228, 244, 257, 261, 261, 261, 262, 265, 262, 264 ]
