%YAML:1.0
---
videoName: "RHShake13.mp4"
gestureLabel: 2
fps: 30
pixelSizeInCmTemp: 3.2808219178082193e-01
faceCenterPointX: 278
faceCenterPointY: 45
LHandPositionsX: [ 306, 307, 307, 308, 308, 305, 306, 307, 309, 308, 308,
    307, 307, 307, 308, 309, 306, 305, 307, 309, 309, 306, 306, 309, 307,
    309, 308, 308, 309, 307, 306, 305, 305, 307, 309, 309, 307, 309, 308,
    309, 309, 306, 308, 308, 305, 307, 307, 305, 308, 306, 309, 305, 309,
    307, 309, 309, 308, 306, 307, 306, 307, 309, 309, 307, 307, 307, 307,
    306, 305, 306, 305, 308, 308, 308, 310, 310, 309, 307, 309, 306, 302,
    301, 303, 306, 306, 304, 305, 303, 304, 305, 307 ]
LHandPositionsY: [ 242, 244, 246, 243, 244, 243, 242, 241, 245, 241, 243,
    242, 245, 241, 244, 243, 243, 243, 241, 240, 242, 240, 241, 242, 242,
    239, 243, 241, 242, 242, 240, 241, 242, 242, 239, 242, 243, 241, 241,
    238, 240, 240, 238, 238, 242, 239, 240, 238, 242, 242, 239, 240, 241,
    238, 238, 241, 238, 241, 239, 241, 240, 238, 238, 240, 240, 238, 239,
    242, 242, 241, 238, 237, 240, 239, 237, 238, 236, 236, 233, 232, 233,
    233, 236, 238, 241, 243, 242, 246, 247, 243, 246 ]
RHandPositionsX: [ 169, 149, 137, 140, 142, 140, 144, 144, 146, 147, 145,
    148, 139, 137, 136, 138, 141, 140, 143, 142, 136, 131, 133, 131, 129,
    133, 133, 136, 139, 135, 135, 134, 130, 132, 132, 135, 137, 134, 137,
    136, 132, 135, 135, 133, 140, 148, 149, 151, 145, 147, 142, 136, 136,
    140, 139, 141, 143, 140, 142, 135, 132, 132, 129, 131, 137, 141, 143,
    144, 153, 159, 167, 180, 191, 198, 211, 225, 235, 244, 254, 254, 251,
    255, 255, 261, 261, 258, 261, 259, 261, 257, 257 ]
RHandPositionsY: [ 157, 136, 118, 120, 113, 111, 107, 102, 100, 95, 94,
    88, 87, 87, 89, 88, 89, 90, 87, 86, 89, 88, 85, 84, 86, 86, 89, 89,
    91, 90, 92, 90, 87, 87, 92, 90, 90, 93, 94, 93, 89, 90, 90, 91, 92,
    97, 97, 96, 94, 94, 94, 93, 94, 93, 98, 100, 99, 100, 99, 101, 95,
    94, 94, 97, 102, 105, 110, 111, 117, 126, 136, 146, 156, 163, 178,
    189, 197, 206, 213, 217, 215, 220, 230, 237, 236, 235, 237, 239, 238,
    242, 242 ]
