%YAML:1.0
---
videoName: "RHShake23.mp4"
gestureLabel: 2
fps: 29
pixelSizeInCmTemp: 3.3263888888888887e-01
faceCenterPointX: 298
faceCenterPointY: 49
LHandPositionsX: [ 390, 387, 389, 387, 387, 389, 387, 388, 391, 387, 391,
    387, 390, 387, 387, 389, 391, 390, 390, 389, 388, 391, 387, 387, 387,
    387, 391, 389, 387, 391, 388, 389, 387, 389, 389, 389, 391, 390, 389,
    387, 387, 391, 388, 389, 387, 391, 391, 389, 391, 391, 390, 390, 390,
    389, 390, 390, 387, 387, 387, 388, 387, 390, 388, 390, 391, 391, 391,
    389, 390, 388, 388, 387, 390, 390, 388, 388, 387, 390, 390, 390, 390,
    391, 391, 388, 391, 390, 387, 389 ]
LHandPositionsY: [ 228, 227, 225, 225, 226, 224, 226, 226, 225, 224, 226,
    225, 226, 225, 228, 225, 224, 226, 224, 225, 225, 225, 225, 224, 228,
    225, 227, 225, 227, 226, 227, 226, 226, 225, 224, 227, 228, 227, 225,
    225, 228, 228, 225, 224, 226, 225, 225, 224, 226, 227, 225, 228, 225,
    226, 228, 228, 228, 226, 224, 227, 227, 227, 225, 224, 226, 227, 225,
    228, 226, 225, 227, 228, 225, 224, 224, 226, 224, 228, 226, 228, 227,
    226, 227, 224, 226, 224, 224, 225 ]
RHandPositionsX: [ 168, 169, 174, 186, 191, 188, 194, 189, 183, 178, 172,
    176, 173, 180, 187, 199, 195, 197, 198, 194, 187, 183, 177, 174, 173,
    172, 173, 177, 194, 202, 200, 199, 201, 197, 193, 183, 186, 178, 179,
    182, 186, 199, 201, 203, 207, 201, 197, 189, 185, 179, 178, 179, 178,
    189, 195, 199, 206, 208, 209, 208, 209, 208, 211, 210, 211, 209, 207,
    206, 207, 203, 203, 204, 204, 203, 204, 201, 202, 201, 203, 199, 202,
    199, 198, 201, 201, 198, 200, 198 ]
RHandPositionsY: [ 96, 94, 97, 111, 114, 113, 122, 109, 103, 100, 101,
    102, 99, 105, 112, 124, 123, 125, 126, 112, 100, 99, 99, 100, 100,
    96, 95, 98, 114, 122, 121, 125, 122, 108, 104, 107, 107, 104, 100,
    100, 112, 119, 123, 125, 127, 127, 125, 108, 108, 107, 102, 101, 102,
    118, 129, 136, 142, 147, 151, 155, 157, 165, 172, 184, 193, 200, 208,
    217, 216, 217, 216, 218, 220, 225, 227, 225, 226, 228, 226, 224, 225,
    224, 227, 224, 227, 228, 228, 228 ]
