%YAML:1.0
---
videoName: "RHShake09.mp4"
gestureLabel: 2
fps: 29
pixelSizeInCmTemp: 3.1103896103896100e-01
faceCenterPointX: 296
faceCenterPointY: 48
LHandPositionsX: [ 326, 327, 324, 324, 325, 322, 321, 322, 318, 317, 320,
    314, 316, 312, 313, 309, 311, 310, 311, 307, 311, 310, 308, 306, 306,
    309, 305, 306, 307, 307, 308, 310, 308, 310, 311, 308, 308, 308, 311,
    311, 308, 309, 311, 310, 310, 312, 312, 314, 314, 314, 311, 311, 315,
    315, 314, 314, 313, 315, 312, 316, 315, 316, 316, 315, 316, 315, 318,
    314, 318, 317, 315, 316, 315, 316, 316, 317, 317, 315, 314, 315, 315,
    317, 316, 318, 313, 318, 314, 317 ]
LHandPositionsY: [ 269, 267, 267, 267, 267, 269, 268, 271, 271, 271, 271,
    273, 274, 276, 274, 276, 275, 274, 272, 273, 274, 273, 276, 274, 272,
    272, 272, 272, 274, 273, 276, 276, 276, 276, 274, 277, 276, 273, 274,
    273, 277, 273, 277, 275, 274, 273, 277, 277, 274, 273, 273, 275, 277,
    275, 273, 276, 275, 273, 274, 274, 273, 275, 275, 273, 273, 273, 275,
    276, 273, 273, 274, 276, 275, 273, 276, 273, 272, 276, 276, 274, 275,
    272, 274, 273, 272, 275, 275, 271 ]
RHandPositionsX: [ 262, 262, 262, 264, 264, 265, 261, 263, 260, 260, 263,
    259, 259, 257, 257, 260, 258, 260, 257, 257, 255, 257, 256, 255, 256,
    257, 254, 256, 254, 257, 266, 263, 256, 240, 224, 206, 190, 179, 169,
    174, 172, 174, 179, 186, 186, 187, 180, 179, 181, 175, 187, 190, 191,
    199, 193, 184, 181, 177, 179, 186, 183, 183, 196, 187, 185, 184, 176,
    172, 172, 182, 183, 189, 187, 182, 179, 179, 181, 180, 183, 192, 191,
    194, 200, 200, 208, 214, 228, 236 ]
RHandPositionsY: [ 262, 264, 265, 265, 263, 265, 266, 266, 264, 267, 266,
    266, 267, 269, 265, 266, 265, 268, 269, 269, 266, 265, 267, 268, 267,
    268, 269, 268, 266, 266, 266, 261, 245, 232, 215, 195, 176, 157, 136,
    136, 115, 111, 104, 111, 111, 103, 101, 87, 89, 87, 90, 96, 96, 98,
    92, 94, 87, 86, 85, 87, 93, 96, 98, 96, 91, 84, 89, 89, 92, 98, 95,
    99, 96, 92, 93, 91, 89, 94, 98, 103, 107, 106, 124, 131, 143, 153,
    167, 186 ]
