%YAML:1.0
---
videoName: "RHShake22.mp4"
gestureLabel: 2
fps: 29
pixelSizeInCmTemp: 3.3263888888888887e-01
faceCenterPointX: 290
faceCenterPointY: 48
LHandPositionsX: [ 394, 395, 393, 394, 394, 395, 392, 394, 395, 392, 392,
    395, 393, 396, 395, 395, 396, 394, 393, 393, 394, 395, 392, 392, 396,
    395, 393, 395, 396, 396, 395, 393, 394, 394, 393, 392, 396, 395, 396,
    392, 392, 392, 396, 393, 396, 396, 392, 393, 392, 393, 396, 394, 393,
    392, 392, 395, 393, 395, 393, 393, 392, 392, 393, 396, 394, 396, 394,
    396, 396, 392, 396, 393, 395, 394, 392, 396, 395, 396, 394, 392, 392,
    393, 392, 392, 392, 392, 393, 393 ]
LHandPositionsY: [ 230, 234, 233, 233, 233, 232, 234, 230, 230, 233, 232,
    233, 232, 233, 234, 233, 234, 234, 231, 232, 231, 234, 233, 230, 231,
    230, 230, 234, 232, 232, 231, 232, 233, 230, 231, 233, 230, 230, 233,
    230, 233, 230, 231, 232, 231, 231, 231, 232, 231, 230, 233, 230, 233,
    233, 234, 234, 234, 230, 234, 230, 230, 231, 234, 232, 231, 232, 231,
    230, 231, 233, 233, 231, 231, 234, 230, 230, 232, 231, 230, 232, 232,
    234, 234, 233, 232, 234, 233, 231 ]
RHandPositionsX: [ 148, 136, 132, 128, 132, 134, 143, 158, 163, 164, 167,
    164, 162, 156, 151, 148, 145, 146, 145, 154, 162, 172, 172, 170, 169,
    164, 161, 155, 155, 151, 153, 159, 167, 170, 171, 174, 174, 169, 165,
    164, 159, 157, 161, 168, 173, 173, 173, 174, 173, 168, 161, 159, 153,
    155, 157, 166, 169, 176, 177, 180, 177, 173, 167, 162, 155, 152, 154,
    156, 165, 177, 179, 177, 180, 181, 178, 179, 180, 183, 186, 183, 189,
    190, 188, 187, 190, 186, 190, 187 ]
RHandPositionsY: [ 138, 114, 102, 102, 94, 91, 83, 87, 88, 94, 94, 91,
    86, 82, 80, 81, 80, 77, 77, 86, 88, 93, 96, 97, 91, 87, 87, 83, 82,
    80, 81, 90, 94, 101, 100, 102, 93, 91, 88, 89, 88, 84, 85, 90, 94,
    99, 100, 102, 95, 91, 88, 88, 88, 86, 87, 86, 89, 99, 104, 101, 100,
    94, 90, 94, 90, 93, 93, 90, 88, 106, 110, 111, 113, 120, 119, 126,
    135, 148, 159, 168, 180, 191, 198, 205, 212, 220, 223, 225 ]
