%YAML:1.0
---
videoName: "RHShake20.mp4"
gestureLabel: 2
fps: 29
pixelSizeInCmTemp: 3.3263888888888887e-01
faceCenterPointX: 286
faceCenterPointY: 45
LHandPositionsX: [ 391, 394, 390, 392, 393, 394, 392, 394, 391, 390, 391,
    391, 392, 391, 393, 393, 392, 391, 394, 393, 390, 394, 390, 391, 391,
    393, 394, 394, 394, 390, 394, 393, 390, 391, 392, 393, 393, 391, 393,
    394, 391, 392, 390, 392, 392, 392, 392, 393, 390, 390, 392, 391, 393,
    390, 392, 391, 393, 391, 393, 392, 392, 392, 391, 391, 394, 390, 392,
    392, 394, 390, 392, 390, 393, 390, 391, 391, 393, 392, 393, 393, 394,
    390, 392, 394, 394, 391, 394, 393 ]
LHandPositionsY: [ 246, 243, 242, 246, 243, 242, 243, 245, 240, 241, 241,
    241, 239, 242, 240, 239, 239, 242, 242, 242, 241, 240, 239, 239, 240,
    243, 239, 239, 240, 241, 241, 240, 239, 240, 242, 241, 243, 240, 242,
    239, 241, 242, 243, 243, 239, 241, 243, 243, 239, 243, 240, 241, 241,
    240, 239, 243, 242, 242, 242, 241, 242, 239, 239, 243, 240, 239, 242,
    242, 241, 239, 243, 241, 240, 242, 243, 240, 241, 239, 240, 240, 242,
    239, 241, 240, 239, 241, 241, 242 ]
RHandPositionsX: [ 166, 160, 161, 157, 155, 156, 153, 158, 157, 157, 160,
    160, 161, 154, 150, 150, 147, 149, 159, 163, 164, 160, 160, 155, 153,
    151, 153, 150, 162, 160, 162, 162, 158, 154, 157, 153, 149, 150, 160,
    166, 164, 167, 163, 163, 158, 155, 155, 151, 160, 160, 165, 166, 164,
    168, 166, 168, 165, 167, 160, 160, 163, 170, 173, 175, 183, 184, 186,
    184, 185, 182, 184, 181, 178, 178, 178, 180, 177, 177, 178, 180, 179,
    179, 179, 178, 178, 176, 178, 178 ]
RHandPositionsY: [ 109, 110, 101, 104, 98, 97, 101, 98, 103, 102, 104,
    103, 99, 96, 99, 99, 97, 105, 115, 112, 117, 113, 113, 110, 106, 105,
    108, 111, 117, 119, 117, 116, 112, 106, 105, 106, 106, 105, 113, 121,
    121, 123, 121, 118, 116, 114, 111, 112, 112, 116, 126, 123, 122, 126,
    122, 121, 118, 117, 114, 112, 116, 122, 132, 137, 148, 155, 167, 178,
    187, 191, 202, 208, 219, 225, 231, 233, 237, 240, 243, 243, 243, 243,
    244, 245, 245, 247, 245, 246 ]
