%YAML:1.0
---
videoName: "RHShake00.mp4"
gestureLabel: 2
fps: 29
pixelSizeInCmTemp: 3.4710144927536229e-01
faceCenterPointX: 283
faceCenterPointY: 97
LHandPositionsX: [ 344, 345, 346, 345, 343, 346, 345, 346, 343, 346, 346,
    345, 345, 344, 346, 342, 343, 344, 342, 344, 345, 343, 345, 344, 343,
    346, 342, 346, 346, 345, 342, 346, 345, 346, 343, 346, 344, 342, 346,
    343, 346, 345, 345, 344, 344, 346, 345, 346, 346, 342, 345, 344, 342,
    342, 344, 345, 342, 342, 344, 343, 342, 342, 343, 345, 344, 343, 342,
    345, 345, 343, 342, 345, 344, 344, 345, 342, 345, 345, 342, 345, 342,
    343, 343, 344, 343, 343, 343, 343 ]
LHandPositionsY: [ 273, 274, 273, 275, 276, 273, 272, 276, 276, 276, 275,
    273, 276, 276, 274, 276, 275, 276, 274, 275, 273, 274, 272, 276, 273,
    274, 275, 275, 276, 272, 274, 274, 272, 274, 272, 272, 272, 272, 274,
    275, 272, 275, 274, 274, 275, 274, 273, 275, 274, 272, 275, 274, 275,
    273, 276, 276, 275, 272, 274, 275, 276, 272, 273, 272, 272, 273, 276,
    276, 274, 272, 273, 273, 276, 273, 276, 276, 272, 275, 272, 272, 275,
    272, 274, 272, 275, 273, 276, 273 ]
RHandPositionsX: [ 178, 172, 165, 153, 147, 148, 144, 142, 141, 143, 144,
    147, 152, 167, 165, 167, 170, 166, 165, 160, 153, 153, 147, 148, 154,
    166, 165, 165, 167, 165, 158, 150, 150, 149, 152, 154, 164, 164, 164,
    163, 161, 158, 150, 143, 138, 148, 149, 150, 152, 153, 159, 160, 157,
    148, 147, 143, 142, 150, 156, 159, 159, 162, 168, 162, 159, 151, 147,
    141, 140, 146, 150, 154, 156, 161, 165, 169, 169, 172, 177, 182, 184,
    185, 187, 189, 192, 194, 196, 199 ]
RHandPositionsY: [ 260, 252, 241, 218, 204, 185, 176, 170, 159, 149, 143,
    136, 133, 135, 140, 137, 133, 131, 127, 124, 124, 121, 121, 120, 129,
    132, 135, 131, 136, 129, 127, 124, 125, 125, 131, 136, 140, 141, 138,
    136, 139, 133, 132, 133, 131, 133, 132, 138, 137, 136, 138, 141, 135,
    132, 130, 130, 132, 131, 138, 146, 146, 143, 148, 146, 139, 138, 138,
    138, 142, 148, 154, 162, 170, 173, 184, 190, 196, 205, 216, 220, 229,
    235, 243, 247, 255, 260, 261, 261 ]
