%YAML:1.0
---
videoName: "RHShake08.mp4"
gestureLabel: 2
fps: 29
pixelSizeInCmTemp: 3.2808219178082193e-01
faceCenterPointX: 290
faceCenterPointY: 45
LHandPositionsX: [ 316, 313, 316, 315, 317, 316, 316, 314, 314, 310, 310,
    310, 310, 308, 308, 308, 307, 310, 309, 307, 308, 308, 310, 307, 308,
    310, 310, 309, 308, 309, 309, 309, 308, 308, 308, 310, 308, 306, 306,
    306, 306, 306, 309, 307, 309, 309, 309, 306, 306, 308, 308, 305, 309,
    309, 307, 306, 307, 307, 306, 309, 308, 306, 309, 305, 306, 309, 308,
    307, 307, 308, 309, 305, 307, 307, 305, 306, 306, 308, 305, 308, 309,
    306, 307, 308, 309, 309, 306, 311 ]
LHandPositionsY: [ 280, 281, 280, 279, 281, 282, 281, 283, 285, 285, 281,
    285, 285, 285, 282, 285, 285, 283, 284, 282, 283, 281, 284, 285, 282,
    285, 281, 284, 284, 281, 282, 283, 285, 282, 285, 283, 281, 285, 283,
    283, 282, 281, 285, 282, 284, 284, 281, 283, 280, 282, 282, 281, 283,
    283, 280, 280, 283, 284, 283, 283, 280, 284, 280, 284, 284, 282, 281,
    282, 281, 280, 281, 280, 281, 281, 284, 282, 283, 282, 284, 282, 282,
    282, 284, 282, 281, 283, 280, 282 ]
RHandPositionsX: [ 266, 269, 271, 273, 271, 272, 271, 275, 266, 258, 259,
    254, 251, 234, 219, 202, 188, 162, 157, 159, 164, 175, 201, 198, 203,
    202, 194, 191, 181, 177, 188, 189, 205, 201, 196, 195, 185, 183, 180,
    177, 192, 188, 189, 185, 181, 176, 172, 173, 176, 181, 183, 188, 192,
    189, 193, 191, 187, 200, 206, 219, 214, 208, 204, 201, 197, 195, 204,
    204, 216, 212, 212, 214, 221, 228, 241, 247, 253, 265, 260, 265, 266,
    268, 270, 270, 274, 275, 272, 269 ]
RHandPositionsY: [ 269, 268, 269, 267, 266, 270, 269, 268, 267, 264, 255,
    244, 229, 219, 202, 185, 174, 153, 133, 129, 113, 108, 104, 104, 108,
    102, 99, 95, 91, 91, 90, 93, 93, 93, 94, 91, 90, 86, 87, 88, 94, 91,
    93, 94, 87, 88, 85, 87, 88, 92, 95, 94, 101, 95, 93, 89, 89, 93, 100,
    95, 102, 98, 95, 91, 96, 93, 96, 99, 105, 108, 113, 125, 132, 143,
    157, 178, 192, 215, 230, 247, 257, 259, 257, 260, 260, 264, 266, 262 ]
