%YAML:1.0
---
videoName: "RHShake17.mp4"
gestureLabel: 2
fps: 29
pixelSizeInCmTemp: 3.3732394366197183e-01
faceCenterPointX: 282
faceCenterPointY: 40
LHandPositionsX: [ 309, 308, 306, 309, 306, 305, 307, 307, 309, 306, 307,
    305, 307, 308, 308, 308, 306, 305, 309, 306, 308, 306, 306, 306, 309,
    307, 306, 309, 305, 308, 306, 307, 309, 307, 306, 305, 308, 308, 306,
    307, 309, 307, 309, 307, 307, 310, 308, 309, 308, 307, 311, 308, 310,
    311, 309, 311, 307, 310, 308, 308, 310, 311, 309, 309, 307, 307, 309,
    309, 310, 307, 309, 310, 307, 306, 307, 310, 307, 309, 306, 307, 308,
    306, 309, 308, 306, 307, 305, 306 ]
LHandPositionsY: [ 232, 234, 235, 232, 235, 235, 233, 234, 234, 231, 231,
    235, 231, 233, 235, 233, 232, 235, 232, 235, 233, 235, 234, 232, 231,
    234, 235, 231, 231, 231, 232, 233, 233, 234, 231, 233, 233, 234, 234,
    232, 234, 235, 231, 234, 234, 234, 232, 233, 235, 231, 231, 232, 232,
    234, 234, 234, 235, 234, 232, 232, 233, 233, 234, 234, 235, 231, 234,
    234, 232, 234, 231, 234, 234, 234, 231, 231, 234, 234, 235, 231, 235,
    233, 235, 232, 232, 234, 233, 235 ]
RHandPositionsX: [ 210, 194, 174, 159, 142, 143, 143, 149, 144, 144, 144,
    150, 158, 153, 148, 147, 144, 140, 142, 145, 161, 161, 156, 153, 151,
    148, 147, 143, 145, 153, 153, 159, 160, 153, 147, 145, 140, 140, 138,
    156, 154, 156, 153, 161, 153, 152, 148, 153, 156, 157, 170, 170, 164,
    164, 157, 155, 151, 151, 146, 149, 154, 162, 169, 177, 175, 179, 175,
    175, 170, 169, 175, 170, 170, 170, 167, 167, 172, 169, 172, 168, 170,
    170, 168, 169, 169, 170, 168, 170 ]
RHandPositionsY: [ 202, 185, 166, 151, 127, 111, 107, 103, 95, 92, 98,
    88, 81, 78, 74, 72, 71, 68, 69, 74, 77, 78, 74, 70, 68, 67, 66, 68,
    67, 68, 66, 66, 67, 66, 68, 65, 66, 65, 68, 82, 82, 83, 78, 79, 76,
    72, 71, 75, 72, 77, 88, 91, 87, 83, 81, 79, 77, 77, 80, 85, 92, 108,
    121, 135, 148, 159, 168, 184, 187, 196, 208, 213, 220, 231, 234, 235,
    236, 240, 240, 238, 240, 241, 243, 240, 243, 243, 246, 243 ]
