%YAML:1.0
---
videoName: "RHShake01.mp4"
gestureLabel: 2
fps: 29
pixelSizeInCmTemp: 3.1513157894736843e-01
faceCenterPointX: 292
faceCenterPointY: 51
LHandPositionsX: [ 395, 394, 392, 392, 394, 394, 394, 393, 393, 392, 392,
    394, 395, 394, 394, 392, 393, 393, 392, 393, 393, 393, 391, 392, 395,
    393, 393, 395, 395, 391, 393, 395, 394, 395, 393, 391, 393, 395, 395,
    392, 392, 391, 394, 391, 391, 392, 395, 391, 395, 393, 393, 394, 394,
    391, 393, 395, 393, 394, 393, 394, 392, 394, 394, 395, 395, 395, 391,
    393, 391, 391, 391, 392, 394, 391, 391, 394, 392, 392, 391, 393, 391,
    393, 392, 391, 393, 393, 393, 393 ]
LHandPositionsY: [ 253, 254, 255, 253, 257, 253, 254, 257, 255, 254, 253,
    254, 257, 253, 254, 254, 256, 257, 254, 255, 253, 257, 254, 256, 255,
    253, 256, 257, 255, 257, 253, 256, 257, 257, 254, 254, 256, 257, 254,
    257, 253, 255, 255, 257, 253, 256, 253, 255, 254, 256, 256, 255, 256,
    257, 255, 256, 254, 256, 254, 253, 257, 256, 254, 257, 254, 255, 255,
    256, 255, 257, 257, 255, 254, 253, 257, 254, 256, 255, 256, 254, 254,
    257, 257, 254, 255, 255, 256, 256 ]
RHandPositionsX: [ 168, 168, 170, 171, 169, 170, 168, 168, 170, 167, 168,
    169, 168, 169, 171, 167, 169, 169, 171, 171, 168, 168, 170, 171, 173,
    171, 170, 173, 173, 168, 165, 159, 157, 153, 157, 159, 168, 181, 192,
    193, 193, 185, 183, 174, 175, 173, 173, 187, 195, 193, 190, 192, 182,
    178, 177, 182, 178, 185, 185, 193, 191, 193, 197, 184, 182, 178, 177,
    179, 185, 191, 193, 196, 198, 198, 193, 191, 189, 190, 187, 180, 179,
    176, 174, 172, 172, 174, 174, 173 ]
RHandPositionsY: [ 276, 277, 277, 276, 278, 277, 279, 276, 278, 280, 278,
    276, 278, 279, 280, 278, 277, 278, 280, 277, 279, 277, 280, 277, 279,
    277, 266, 244, 225, 207, 186, 168, 149, 134, 132, 116, 108, 108, 112,
    112, 108, 104, 101, 101, 101, 96, 98, 97, 100, 99, 101, 96, 97, 93,
    95, 92, 95, 100, 102, 101, 101, 97, 101, 98, 96, 96, 94, 99, 100,
    108, 111, 122, 134, 148, 160, 176, 191, 202, 202, 210, 218, 225, 234,
    243, 244, 243, 242, 249 ]
