%YAML:1.0
---
videoName: "RHShake16.mp4"
gestureLabel: 2
fps: 29
pixelSizeInCmTemp: 3.2808219178082193e-01
faceCenterPointX: 281
faceCenterPointY: 44
LHandPositionsX: [ 371, 372, 372, 370, 372, 373, 373, 372, 369, 371, 371,
    370, 369, 369, 371, 370, 372, 373, 369, 372, 373, 369, 373, 370, 371,
    371, 371, 371, 372, 369, 373, 373, 369, 371, 371, 369, 373, 371, 369,
    372, 373, 373, 371, 372, 371, 369, 373, 371, 372, 372, 369, 372, 370,
    370, 373, 372, 371, 372, 369, 373, 373, 369, 370, 373, 371, 373, 371,
    370, 370, 372, 371, 369, 373, 371, 373, 370, 369, 372, 372, 370, 372,
    370, 373, 369, 372, 371, 371, 369 ]
LHandPositionsY: [ 231, 231, 232, 231, 234, 234, 232, 231, 232, 231, 233,
    233, 234, 233, 232, 234, 232, 232, 232, 231, 231, 234, 230, 234, 231,
    232, 232, 232, 232, 232, 232, 231, 230, 232, 231, 230, 233, 230, 231,
    233, 230, 233, 231, 234, 232, 231, 230, 232, 233, 234, 233, 234, 233,
    232, 229, 232, 232, 230, 229, 229, 230, 231, 232, 229, 233, 231, 231,
    232, 230, 231, 230, 232, 233, 231, 233, 233, 229, 231, 231, 231, 229,
    230, 231, 229, 233, 233, 232, 229 ]
RHandPositionsX: [ 170, 170, 168, 170, 168, 170, 168, 171, 170, 167, 169,
    167, 169, 170, 169, 169, 167, 168, 164, 154, 155, 146, 137, 131, 124,
    122, 117, 120, 125, 124, 127, 128, 137, 140, 146, 139, 136, 136, 139,
    138, 139, 144, 151, 148, 148, 149, 148, 147, 147, 147, 149, 154, 152,
    148, 146, 144, 145, 143, 145, 151, 156, 159, 156, 153, 153, 151, 147,
    153, 154, 161, 165, 172, 174, 175, 175, 173, 178, 173, 172, 170, 172,
    169, 171, 172, 171, 171, 171, 172 ]
RHandPositionsY: [ 268, 268, 265, 267, 268, 267, 269, 267, 269, 269, 269,
    269, 265, 267, 269, 265, 268, 267, 257, 244, 219, 198, 180, 161, 144,
    128, 118, 116, 109, 104, 107, 103, 101, 96, 97, 92, 90, 91, 89, 87,
    90, 91, 92, 89, 86, 89, 85, 84, 89, 85, 89, 86, 89, 89, 88, 84, 84,
    86, 87, 90, 93, 87, 91, 90, 89, 86, 92, 93, 105, 119, 134, 145, 159,
    174, 184, 190, 196, 202, 212, 218, 222, 221, 224, 231, 236, 238, 237,
    235 ]
