%YAML:1.0
---
videoName: "RHShake20.mp4"
gestureLabel: 2
fps: 29
pixelSizeInCmTemp: 3.3263888888888887e-01
faceCenterPointX: 286
faceCenterPointY: 45
LHandPositionsX: [ 390, 391, 394, 394, 392, 394, 391, 394, 392, 392, 394,
    393, 392, 391, 393, 391, 391, 390, 391, 391, 393, 390, 392, 394, 394,
    391, 390, 394, 390, 394, 391, 393, 394, 391, 392, 391, 390, 394, 394,
    392, 393, 391, 391, 394, 392, 390, 391, 392, 392, 394, 392, 391, 394,
    394, 394, 393, 394, 391, 392, 393, 390, 390, 390, 390, 393, 391, 394,
    391, 393, 394, 390, 392, 392, 391, 393, 393, 393, 393, 391, 392, 391,
    394, 394, 391, 392, 394, 394, 390 ]
LHandPositionsY: [ 246, 246, 242, 243, 244, 244, 245, 242, 241, 244, 240,
    240, 239, 243, 239, 239, 242, 243, 243, 240, 243, 243, 243, 242, 241,
    243, 243, 242, 242, 241, 242, 243, 242, 241, 243, 243, 239, 243, 243,
    240, 242, 240, 239, 242, 242, 240, 242, 243, 240, 241, 242, 241, 241,
    239, 240, 241, 241, 242, 242, 242, 239, 240, 240, 239, 243, 243, 243,
    241, 239, 243, 240, 241, 241, 240, 240, 239, 241, 240, 239, 240, 242,
    240, 239, 242, 243, 243, 240, 241 ]
RHandPositionsX: [ 164, 160, 159, 157, 153, 155, 151, 155, 158, 156, 160,
    162, 160, 156, 154, 153, 149, 150, 160, 163, 163, 163, 160, 156, 155,
    155, 149, 153, 162, 162, 160, 162, 159, 153, 155, 154, 149, 151, 159,
    164, 165, 164, 167, 164, 155, 154, 153, 154, 157, 164, 164, 167, 168,
    168, 168, 169, 162, 163, 161, 160, 163, 170, 175, 175, 182, 186, 186,
    186, 185, 185, 184, 183, 179, 177, 179, 179, 179, 181, 176, 177, 178,
    176, 179, 177, 180, 176, 180, 180 ]
RHandPositionsY: [ 110, 108, 103, 103, 99, 101, 99, 97, 100, 104, 103,
    101, 100, 96, 95, 98, 101, 106, 115, 112, 114, 116, 110, 108, 108,
    107, 107, 107, 118, 117, 117, 114, 110, 109, 106, 105, 106, 104, 115,
    121, 120, 124, 124, 116, 114, 113, 111, 111, 109, 118, 122, 122, 121,
    126, 125, 122, 117, 115, 114, 110, 115, 124, 131, 138, 146, 155, 166,
    176, 184, 192, 202, 209, 219, 226, 234, 231, 238, 239, 241, 240, 243,
    243, 245, 245, 243, 247, 245, 243 ]
