%YAML:1.0
---
videoName: "RHShake01.mp4"
gestureLabel: 2
fps: 29
pixelSizeInCmTemp: 3.1513157894736843e-01
faceCenterPointX: 292
faceCenterPointY: 51
LHandPositionsX: [ 393, 392, 392, 395, 392, 392, 394, 395, 395, 395, 392,
    395, 395, 391, 391, 392, 395, 395, 393, 392, 392, 391, 394, 391, 393,
    395, 395, 394, 393, 395, 391, 393, 395, 393, 395, 392, 392, 395, 391,
    395, 391, 392, 391, 394, 393, 392, 394, 394, 391, 394, 393, 393, 391,
    392, 392, 392, 395, 394, 391, 393, 392, 391, 393, 393, 393, 393, 395,
    395, 392, 393, 393, 393, 391, 392, 391, 395, 394, 394, 391, 391, 395,
    395, 394, 392, 393, 395, 394, 392 ]
LHandPositionsY: [ 257, 255, 256, 254, 257, 255, 257, 255, 257, 257, 253,
    256, 257, 257, 255, 254, 256, 254, 256, 255, 256, 256, 256, 253, 254,
    253, 255, 253, 254, 255, 255, 256, 256, 256, 254, 254, 253, 256, 253,
    253, 257, 253, 255, 253, 255, 255, 253, 257, 253, 255, 256, 254, 255,
    256, 254, 253, 257, 256, 257, 253, 254, 256, 253, 257, 255, 254, 256,
    255, 253, 253, 253, 256, 254, 257, 257, 255, 254, 253, 254, 253, 253,
    255, 257, 253, 253, 257, 257, 255 ]
RHandPositionsX: [ 169, 171, 171, 167, 170, 171, 168, 169, 171, 169, 168,
    167, 171, 167, 171, 167, 169, 169, 170, 168, 170, 170, 171, 172, 173,
    169, 173, 173, 177, 167, 164, 161, 155, 154, 156, 161, 172, 180, 192,
    191, 192, 187, 181, 177, 175, 175, 175, 185, 194, 197, 191, 190, 181,
    180, 178, 180, 177, 184, 187, 195, 191, 194, 197, 188, 180, 177, 179,
    180, 187, 194, 192, 196, 197, 195, 195, 188, 188, 189, 187, 183, 179,
    177, 176, 171, 173, 175, 176, 174 ]
RHandPositionsY: [ 278, 278, 279, 280, 279, 278, 277, 278, 280, 279, 276,
    277, 277, 279, 276, 276, 278, 278, 276, 279, 277, 280, 278, 278, 277,
    277, 265, 248, 228, 209, 186, 168, 152, 133, 128, 116, 105, 106, 112,
    110, 106, 105, 99, 101, 98, 98, 97, 97, 99, 102, 101, 97, 96, 94, 94,
    92, 96, 99, 99, 100, 100, 98, 98, 99, 97, 97, 94, 99, 103, 109, 111,
    125, 134, 144, 160, 178, 190, 201, 204, 212, 221, 229, 234, 240, 241,
    243, 243, 249 ]
