%YAML:1.0
---
videoName: "RHShake05.mp4"
gestureLabel: 2
fps: 30
pixelSizeInCmTemp: 3.1103896103896100e-01
faceCenterPointX: 295
faceCenterPointY: 47
LHandPositionsX: [ 410, 412, 410, 410, 409, 409, 411, 411, 411, 412, 410,
    408, 409, 409, 411, 408, 412, 410, 412, 410, 411, 412, 408, 409, 412,
    409, 411, 409, 411, 410, 410, 412, 412, 412, 411, 410, 408, 411, 412,
    409, 411, 409, 409, 408, 409, 410, 411, 411, 411, 409, 412, 408, 412,
    410, 412, 410, 408, 410, 411, 412, 410, 408, 411, 411, 409, 410, 410,
    410, 410, 412, 409, 412, 409, 412, 411, 408, 408, 411, 411, 408, 412,
    408, 409, 411, 412, 411, 408, 411, 409, 411, 409 ]
LHandPositionsY: [ 257, 257, 259, 259, 257, 259, 259, 257, 258, 259, 258,
    260, 257, 259, 261, 259, 260, 260, 257, 259, 258, 260, 260, 259, 260,
    257, 257, 261, 259, 259, 258, 258, 261, 260, 258, 257, 261, 261, 259,
    260, 259, 259, 258, 261, 260, 259, 257, 259, 257, 261, 258, 260, 259,
    258, 261, 260, 260, 257, 260, 260, 260, 258, 258, 257, 260, 257, 257,
    261, 258, 260, 257, 261, 257, 258, 257, 257, 260, 260, 259, 258, 258,
    261, 259, 261, 260, 259, 261, 258, 260, 259, 260 ]
RHandPositionsX: [ 173, 174, 176, 176, 173, 175, 176, 175, 177, 173, 175,
    173, 173, 172, 173, 174, 174, 173, 172, 170, 173, 170, 172, 178, 177,
    175, 180, 177, 171, 165, 150, 157, 154, 160, 165, 174, 187, 199, 190,
    180, 176, 171, 171, 167, 176, 178, 190, 181, 179, 172, 172, 168, 171,
    174, 177, 192, 182, 179, 172, 172, 169, 167, 177, 189, 194, 193, 188,
    183, 180, 178, 180, 178, 190, 192, 197, 190, 183, 175, 171, 174, 173,
    174, 180, 187, 189, 188, 184, 179, 176, 178, 178 ]
RHandPositionsY: [ 261, 261, 261, 259, 261, 262, 262, 258, 258, 261, 261,
    262, 258, 259, 259, 260, 261, 260, 261, 258, 258, 259, 259, 259, 257,
    253, 230, 205, 181, 154, 133, 127, 104, 94, 90, 89, 92, 95, 91, 84,
    84, 79, 81, 82, 86, 86, 84, 83, 81, 76, 76, 73, 79, 86, 87, 92, 86,
    86, 86, 84, 83, 86, 89, 90, 92, 92, 90, 87, 84, 82, 81, 88, 88, 91,
    94, 91, 88, 89, 89, 95, 112, 131, 157, 183, 204, 223, 224, 235, 241,
    248, 249 ]
