%YAML:1.0
---
videoName: "RHShake18.mp4"
gestureLabel: 2
fps: 30
pixelSizeInCmTemp: 3.3732394366197183e-01
faceCenterPointX: 275
faceCenterPointY: 40
LHandPositionsX: [ 379, 379, 378, 378, 379, 379, 379, 375, 379, 377, 377,
    379, 378, 375, 377, 377, 376, 379, 376, 376, 375, 378, 376, 376, 378,
    375, 379, 377, 376, 379, 375, 379, 378, 378, 376, 375, 378, 378, 376,
    379, 379, 375, 379, 375, 378, 378, 375, 376, 376, 375, 371, 369, 367,
    360, 350, 346, 339, 332, 322, 316, 304, 299, 300, 298, 299, 289, 288,
    291, 295, 296, 291, 290, 291, 290, 292, 292, 292, 288, 288, 287, 288,
    291, 287, 288, 289, 287, 289, 289, 287, 288, 288 ]
LHandPositionsY: [ 232, 229, 230, 232, 232, 232, 233, 233, 232, 229, 231,
    233, 229, 233, 231, 232, 233, 233, 229, 232, 230, 231, 230, 232, 232,
    232, 233, 230, 229, 231, 232, 231, 233, 233, 233, 229, 232, 231, 230,
    229, 231, 232, 233, 231, 231, 233, 233, 232, 228, 231, 234, 239, 239,
    239, 236, 235, 233, 232, 227, 228, 232, 230, 233, 234, 234, 236, 234,
    238, 239, 240, 240, 242, 241, 243, 241, 243, 240, 242, 239, 243, 240,
    241, 239, 241, 241, 242, 240, 239, 240, 241, 241 ]
RHandPositionsX: [ 157, 155, 151, 149, 146, 151, 151, 157, 162, 162, 166,
    165, 157, 153, 149, 149, 155, 165, 166, 169, 171, 164, 159, 156, 159,
    158, 157, 161, 162, 168, 164, 158, 159, 157, 155, 163, 176, 173, 175,
    167, 165, 158, 157, 158, 159, 166, 171, 179, 189, 201, 209, 219, 234,
    244, 255, 261, 268, 258, 250, 246, 247, 242, 238, 239, 239, 235, 233,
    236, 233, 237, 241, 241, 238, 236, 236, 237, 239, 236, 237, 237, 236,
    240, 237, 239, 236, 237, 239, 240, 238, 238, 237 ]
RHandPositionsY: [ 72, 72, 70, 68, 66, 65, 66, 69, 72, 75, 72, 68, 67,
    69, 67, 68, 69, 73, 69, 70, 72, 70, 66, 68, 65, 71, 69, 73, 77, 73,
    75, 76, 75, 74, 74, 77, 92, 93, 91, 88, 86, 86, 83, 82, 85, 87, 96,
    100, 112, 121, 134, 142, 153, 165, 171, 182, 189, 193, 195, 198, 205,
    206, 210, 210, 213, 215, 220, 218, 222, 227, 230, 229, 224, 224, 226,
    224, 226, 224, 224, 224, 228, 225, 224, 224, 224, 226, 224, 225, 228,
    226, 224 ]
