%YAML:1.0
---
videoName: "RHShake15.mp4"
gestureLabel: 2
fps: 29
pixelSizeInCmTemp: 3.2808219178082193e-01
faceCenterPointX: 279
faceCenterPointY: 41
LHandPositionsX: [ 370, 370, 368, 372, 368, 369, 372, 371, 370, 370, 368,
    370, 371, 371, 372, 369, 370, 372, 371, 371, 368, 368, 372, 368, 370,
    371, 371, 371, 370, 370, 368, 370, 369, 370, 370, 371, 368, 371, 369,
    369, 371, 369, 370, 372, 370, 369, 368, 369, 372, 370, 372, 369, 368,
    369, 372, 368, 369, 370, 369, 368, 368, 369, 369, 368, 372, 370, 372,
    372, 369, 372, 369, 368, 372, 372, 371, 371, 371, 368, 369, 372, 369,
    372, 371, 372, 368, 371, 371, 368 ]
LHandPositionsY: [ 234, 236, 235, 236, 234, 232, 233, 235, 234, 233, 233,
    232, 232, 236, 235, 233, 233, 233, 232, 232, 233, 236, 232, 233, 233,
    236, 233, 233, 234, 236, 236, 232, 234, 236, 233, 236, 235, 233, 236,
    235, 233, 234, 235, 232, 235, 232, 235, 232, 233, 234, 231, 231, 232,
    231, 232, 234, 231, 234, 234, 233, 234, 233, 231, 235, 232, 235, 231,
    235, 235, 232, 233, 235, 231, 234, 233, 231, 231, 233, 233, 233, 232,
    234, 233, 231, 235, 233, 231, 231 ]
RHandPositionsX: [ 136, 124, 111, 110, 113, 110, 107, 105, 107, 112, 113,
    116, 116, 110, 107, 112, 115, 111, 109, 108, 115, 115, 117, 113, 108,
    107, 111, 109, 107, 107, 116, 117, 114, 114, 115, 110, 107, 111, 111,
    113, 110, 111, 116, 116, 119, 120, 118, 126, 122, 120, 119, 124, 125,
    129, 126, 128, 126, 128, 120, 120, 123, 124, 128, 136, 140, 141, 139,
    136, 139, 143, 143, 146, 151, 152, 158, 155, 158, 156, 161, 160, 161,
    161, 161, 159, 159, 160, 160, 159 ]
RHandPositionsY: [ 193, 173, 153, 143, 146, 142, 131, 129, 121, 115, 112,
    108, 103, 101, 98, 95, 95, 95, 95, 95, 94, 90, 91, 91, 95, 96, 92,
    94, 92, 98, 98, 103, 102, 105, 103, 104, 103, 105, 101, 102, 107,
    106, 110, 113, 108, 104, 102, 107, 103, 106, 107, 107, 111, 114, 117,
    113, 111, 109, 109, 113, 113, 117, 125, 136, 151, 164, 173, 182, 193,
    203, 207, 218, 231, 235, 238, 241, 245, 245, 248, 249, 248, 249, 247,
    247, 246, 249, 248, 247 ]
