%YAML:1.0
---
videoName: "RHShake11.mp4"
gestureLabel: 2
fps: 29
pixelSizeInCmTemp: 3.3263888888888887e-01
faceCenterPointX: 274
faceCenterPointY: 53
LHandPositionsX: [ 312, 308, 308, 307, 308, 308, 310, 310, 311, 307, 310,
    307, 307, 309, 310, 311, 307, 310, 309, 308, 310, 311, 311, 308, 311,
    307, 311, 309, 308, 311, 311, 311, 310, 310, 307, 309, 310, 311, 307,
    307, 308, 311, 307, 311, 308, 308, 308, 308, 310, 308, 311, 307, 308,
    308, 311, 310, 307, 310, 309, 307, 308, 307, 311, 309, 311, 310, 311,
    310, 309, 310, 310, 310, 308, 309, 311, 308, 309, 306, 305, 306, 303,
    307, 304, 304, 305, 306, 306, 305 ]
LHandPositionsY: [ 249, 248, 249, 246, 245, 246, 249, 245, 246, 246, 249,
    247, 246, 245, 245, 245, 245, 246, 245, 246, 248, 247, 249, 249, 245,
    246, 245, 245, 247, 247, 247, 247, 245, 249, 247, 248, 248, 246, 245,
    245, 246, 246, 248, 247, 249, 245, 245, 245, 246, 249, 248, 245, 247,
    246, 245, 245, 249, 249, 246, 248, 245, 246, 247, 249, 249, 249, 246,
    247, 245, 245, 247, 246, 243, 247, 246, 246, 246, 244, 243, 246, 246,
    246, 246, 247, 246, 243, 246, 244 ]
RHandPositionsX: [ 250, 251, 251, 243, 238, 224, 212, 194, 173, 158, 145,
    140, 147, 145, 152, 158, 159, 164, 170, 175, 169, 164, 156, 155, 151,
    151, 160, 165, 169, 166, 168, 170, 161, 161, 159, 159, 152, 154, 156,
    168, 168, 168, 171, 169, 165, 158, 160, 158, 157, 160, 163, 172, 176,
    179, 175, 177, 171, 167, 167, 164, 162, 159, 160, 166, 169, 181, 195,
    207, 220, 231, 240, 246, 255, 258, 260, 260, 260, 259, 262, 258, 259,
    260, 260, 261, 262, 260, 262, 258 ]
RHandPositionsY: [ 249, 249, 246, 242, 231, 222, 205, 193, 176, 162, 144,
    128, 126, 114, 105, 102, 107, 104, 102, 101, 102, 102, 100, 97, 96,
    97, 97, 99, 100, 101, 100, 98, 97, 97, 97, 95, 93, 95, 101, 106, 103,
    104, 103, 104, 102, 102, 97, 98, 96, 97, 100, 104, 108, 109, 107,
    105, 105, 102, 100, 103, 103, 103, 103, 108, 118, 130, 141, 159, 173,
    188, 202, 212, 223, 231, 235, 238, 236, 236, 242, 239, 240, 242, 240,
    239, 238, 240, 240, 242 ]
