%YAML:1.0
---
videoName: "RHShake16.mp4"
gestureLabel: 2
fps: 29
pixelSizeInCmTemp: 3.2808219178082193e-01
faceCenterPointX: 281
faceCenterPointY: 44
LHandPositionsX: [ 373, 372, 370, 370, 373, 371, 369, 371, 369, 371, 369,
    370, 369, 373, 369, 371, 372, 370, 371, 369, 373, 370, 370, 373, 372,
    371, 372, 373, 371, 369, 373, 369, 370, 369, 369, 371, 371, 370, 370,
    371, 372, 370, 373, 372, 372, 373, 371, 370, 371, 373, 373, 369, 372,
    373, 373, 370, 370, 371, 372, 372, 369, 371, 371, 373, 372, 373, 370,
    372, 372, 371, 371, 373, 372, 372, 369, 372, 369, 370, 369, 372, 372,
    373, 369, 371, 369, 369, 369, 371 ]
LHandPositionsY: [ 230, 230, 234, 232, 231, 230, 234, 232, 233, 231, 232,
    230, 231, 230, 234, 233, 233, 230, 230, 231, 233, 230, 232, 231, 230,
    233, 234, 232, 234, 232, 232, 230, 232, 231, 234, 234, 233, 231, 233,
    230, 233, 232, 233, 232, 233, 234, 230, 233, 232, 230, 234, 230, 234,
    231, 231, 233, 229, 231, 229, 233, 232, 231, 229, 233, 230, 232, 233,
    230, 231, 232, 229, 229, 232, 231, 230, 232, 233, 229, 232, 231, 230,
    231, 231, 229, 230, 231, 233, 232 ]
RHandPositionsX: [ 171, 170, 171, 171, 169, 167, 167, 167, 171, 168, 170,
    171, 168, 167, 171, 170, 168, 168, 165, 156, 155, 147, 136, 132, 125,
    124, 119, 123, 124, 124, 128, 129, 135, 139, 144, 140, 137, 137, 135,
    137, 140, 142, 148, 150, 150, 148, 149, 147, 148, 147, 150, 154, 150,
    150, 146, 147, 149, 144, 146, 152, 154, 156, 154, 154, 156, 150, 151,
    151, 150, 160, 164, 173, 176, 176, 177, 173, 176, 174, 173, 168, 170,
    168, 168, 170, 169, 168, 168, 169 ]
RHandPositionsY: [ 269, 269, 267, 266, 267, 267, 266, 267, 266, 265, 265,
    266, 269, 268, 268, 265, 267, 265, 254, 241, 221, 200, 180, 161, 142,
    132, 115, 115, 109, 106, 106, 103, 101, 95, 94, 94, 94, 92, 87, 87,
    88, 91, 91, 89, 87, 89, 88, 86, 85, 88, 87, 87, 90, 89, 87, 86, 88,
    89, 88, 87, 92, 91, 89, 89, 90, 87, 92, 92, 104, 118, 132, 149, 159,
    172, 183, 192, 197, 205, 209, 216, 224, 224, 223, 234, 238, 234, 237,
    235 ]
