%YAML:1.0
---
videoName: "RHShake11.mp4"
gestureLabel: 2
fps: 29
pixelSizeInCmTemp: 3.3263888888888887e-01
faceCenterPointX: 274
faceCenterPointY: 53
LHandPositionsX: [ 311, 307, 311, 311, 309, 307, 311, 311, 308, 308, 307,
    307, 308, 307, 308, 310, 307, 311, 308, 308, 308, 308, 307, 308, 310,
    309, 310, 309, 311, 308, 307, 311, 308, 308, 307, 309, 308, 307, 309,
    307, 308, 307, 307, 310, 308, 309, 311, 307, 308, 309, 308, 308, 308,
    308, 311, 307, 311, 308, 308, 311, 311, 309, 308, 311, 311, 307, 310,
    309, 310, 307, 311, 308, 310, 311, 309, 310, 306, 305, 309, 305, 305,
    305, 307, 305, 303, 307, 307, 304 ]
LHandPositionsY: [ 246, 249, 246, 245, 246, 246, 247, 249, 245, 245, 249,
    248, 248, 245, 246, 246, 247, 249, 246, 246, 249, 245, 245, 249, 247,
    247, 246, 246, 245, 245, 247, 247, 247, 246, 246, 245, 246, 246, 247,
    245, 248, 245, 245, 246, 247, 245, 248, 247, 248, 247, 247, 246, 247,
    248, 248, 248, 245, 247, 247, 247, 247, 249, 249, 246, 249, 249, 249,
    245, 246, 245, 247, 243, 244, 243, 242, 244, 243, 243, 246, 247, 245,
    244, 245, 247, 245, 247, 245, 243 ]
RHandPositionsX: [ 248, 247, 249, 246, 237, 228, 209, 190, 172, 161, 145,
    138, 147, 145, 151, 156, 162, 163, 169, 175, 170, 162, 155, 152, 153,
    154, 158, 167, 166, 166, 170, 170, 161, 159, 155, 156, 154, 154, 157,
    166, 170, 170, 171, 170, 164, 159, 156, 157, 159, 160, 164, 170, 173,
    176, 177, 176, 173, 167, 167, 163, 159, 158, 159, 165, 173, 181, 194,
    207, 221, 228, 241, 246, 256, 259, 264, 258, 261, 261, 262, 258, 258,
    261, 258, 258, 258, 258, 259, 258 ]
RHandPositionsY: [ 248, 249, 247, 240, 229, 222, 208, 190, 174, 160, 143,
    128, 124, 112, 103, 102, 105, 104, 105, 100, 104, 99, 100, 95, 95,
    97, 93, 101, 100, 101, 101, 100, 100, 94, 93, 96, 94, 94, 98, 103,
    107, 105, 102, 105, 103, 101, 99, 100, 96, 96, 102, 107, 108, 109,
    106, 107, 106, 103, 102, 102, 101, 101, 102, 109, 120, 129, 142, 156,
    173, 186, 200, 210, 223, 231, 234, 234, 238, 236, 242, 241, 239, 239,
    242, 239, 240, 239, 240, 242 ]
