%YAML:1.0
---
videoName: "RHShake08.mp4"
gestureLabel: 2
fps: 29
pixelSizeInCmTemp: 3.2808219178082193e-01
faceCenterPointX: 290
faceCenterPointY: 45
LHandPositionsX: [ 313, 316, 313, 314, 314, 314, 316, 315, 313, 311, 310,
    313, 312, 310, 307, 308, 308, 307, 308, 306, 309, 307, 310, 309, 309,
    308, 310, 308, 309, 308, 310, 308, 306, 309, 308, 308, 308, 309, 309,
    309, 307, 307, 309, 306, 309, 306, 307, 308, 309, 307, 308, 306, 305,
    308, 308, 307, 306, 308, 308, 309, 306, 309, 308, 308, 307, 305, 306,
    305, 307, 307, 305, 308, 305, 308, 309, 307, 306, 305, 308, 306, 309,
    305, 309, 306, 307, 307, 310, 309 ]
LHandPositionsY: [ 279, 282, 279, 280, 283, 283, 283, 282, 285, 283, 285,
    285, 283, 284, 282, 285, 284, 281, 285, 281, 284, 281, 285, 283, 285,
    282, 284, 282, 284, 285, 284, 281, 284, 282, 282, 283, 285, 281, 281,
    283, 284, 283, 282, 282, 280, 280, 282, 283, 280, 284, 281, 280, 280,
    283, 284, 282, 280, 283, 281, 283, 284, 284, 284, 280, 284, 282, 284,
    283, 282, 280, 283, 280, 282, 283, 280, 284, 284, 284, 281, 283, 280,
    282, 283, 281, 284, 280, 280, 282 ]
RHandPositionsX: [ 268, 270, 272, 270, 270, 270, 272, 277, 267, 259, 261,
    254, 249, 235, 218, 199, 187, 163, 154, 159, 163, 174, 201, 200, 206,
    201, 193, 189, 182, 177, 187, 191, 206, 200, 194, 195, 188, 183, 179,
    179, 190, 192, 188, 183, 185, 179, 175, 173, 174, 182, 185, 189, 189,
    190, 194, 190, 189, 200, 202, 216, 213, 205, 202, 200, 200, 196, 201,
    206, 215, 210, 213, 218, 222, 228, 242, 246, 253, 262, 260, 265, 264,
    267, 271, 270, 273, 276, 273, 270 ]
RHandPositionsY: [ 267, 268, 269, 269, 270, 266, 268, 270, 267, 263, 256,
    244, 231, 217, 204, 183, 173, 152, 129, 127, 113, 108, 108, 108, 111,
    104, 97, 95, 91, 91, 88, 94, 93, 94, 93, 88, 91, 88, 88, 89, 94, 95,
    93, 93, 88, 88, 88, 88, 88, 93, 97, 94, 101, 95, 94, 91, 89, 93, 99,
    98, 99, 99, 96, 93, 95, 92, 95, 101, 103, 106, 110, 126, 129, 143,
    157, 174, 194, 214, 226, 243, 256, 258, 261, 262, 263, 263, 266, 263 ]
