%YAML:1.0
---
videoName: "RHShake08.mp4"
gestureLabel: 2
fps: 29
pixelSizeInCmTemp: 3.2808219178082193e-01
faceCenterPointX: 290
faceCenterPointY: 45
LHandPositionsX: [ 313, 313, 316, 313, 313, 313, 315, 314, 311, 311, 311,
    310, 310, 312, 308, 308, 311, 311, 307, 310, 306, 310, 308, 308, 308,
    307, 308, 309, 309, 307, 308, 309, 308, 309, 308, 309, 310, 306, 307,
    308, 309, 309, 310, 308, 306, 309, 307, 305, 306, 305, 306, 305, 307,
    305, 306, 308, 307, 307, 306, 308, 308, 305, 309, 305, 308, 308, 306,
    306, 309, 307, 306, 309, 308, 305, 305, 308, 306, 307, 305, 306, 309,
    308, 310, 309, 310, 308, 308, 308 ]
LHandPositionsY: [ 278, 280, 280, 282, 281, 279, 280, 281, 282, 284, 285,
    282, 283, 283, 283, 283, 283, 283, 283, 283, 284, 283, 281, 283, 281,
    284, 285, 282, 282, 284, 281, 282, 282, 282, 284, 282, 285, 281, 285,
    284, 282, 285, 284, 283, 283, 282, 280, 280, 282, 280, 284, 284, 283,
    284, 280, 283, 283, 284, 284, 281, 280, 283, 281, 284, 284, 284, 280,
    284, 282, 283, 283, 282, 280, 282, 283, 282, 280, 281, 283, 280, 284,
    283, 282, 283, 283, 284, 281, 283 ]
RHandPositionsX: [ 269, 270, 268, 273, 269, 271, 271, 275, 266, 260, 259,
    257, 249, 235, 222, 202, 185, 162, 155, 161, 165, 175, 199, 198, 204,
    201, 195, 189, 183, 178, 190, 192, 203, 200, 196, 192, 187, 181, 180,
    180, 189, 188, 186, 184, 183, 177, 173, 171, 174, 180, 186, 189, 193,
    186, 195, 192, 190, 202, 204, 216, 214, 204, 202, 200, 197, 195, 200,
    204, 214, 211, 210, 218, 223, 227, 242, 246, 253, 264, 263, 265, 264,
    266, 269, 273, 274, 274, 273, 272 ]
RHandPositionsY: [ 269, 269, 266, 269, 270, 267, 267, 266, 268, 263, 254,
    244, 229, 220, 201, 184, 174, 152, 130, 126, 115, 108, 108, 108, 111,
    104, 97, 94, 93, 93, 88, 94, 93, 95, 92, 89, 91, 86, 85, 91, 91, 93,
    91, 91, 90, 85, 85, 88, 89, 92, 94, 97, 99, 97, 91, 90, 90, 92, 97,
    98, 102, 100, 96, 95, 92, 95, 96, 101, 106, 106, 110, 127, 133, 141,
    157, 176, 192, 214, 228, 247, 258, 260, 259, 261, 264, 265, 266, 264 ]
