%YAML:1.0
---
videoName: "RHShake14.mp4"
gestureLabel: 2
fps: 30
pixelSizeInCmTemp: 3.2808219178082193e-01
faceCenterPointX: 277
faceCenterPointY: 42
LHandPositionsX: [ 376, 375, 376, 379, 376, 377, 375, 379, 378, 379, 378,
    376, 377, 377, 373, 375, 375, 373, 373, 375, 375, 373, 373, 372, 373,
    374, 375, 375, 375, 372, 376, 372, 376, 375, 373, 376, 375, 375, 374,
    372, 373, 373, 375, 375, 375, 376, 374, 376, 372, 373, 374, 372, 374,
    374, 376, 373, 376, 374, 376, 373, 375, 374, 375, 375, 373, 374, 373,
    374, 375, 372, 374, 375, 374, 372, 374, 373, 373, 376, 374, 372, 376,
    376, 376, 374, 372, 372, 374, 375, 373, 372, 375 ]
LHandPositionsY: [ 231, 231, 231, 233, 231, 233, 231, 230, 231, 232, 231,
    232, 232, 231, 232, 229, 232, 233, 230, 229, 229, 233, 231, 231, 230,
    232, 231, 232, 230, 233, 233, 230, 232, 229, 231, 230, 233, 230, 229,
    233, 229, 229, 233, 232, 230, 231, 230, 231, 229, 232, 231, 232, 231,
    233, 230, 232, 231, 232, 231, 231, 229, 233, 229, 231, 232, 233, 230,
    229, 229, 230, 231, 231, 230, 233, 233, 229, 229, 231, 230, 233, 232,
    230, 230, 229, 229, 232, 229, 232, 230, 233, 232 ]
RHandPositionsX: [ 173, 172, 171, 172, 171, 170, 173, 172, 171, 172, 170,
    172, 170, 171, 173, 174, 170, 173, 170, 173, 172, 173, 171, 171, 169,
    174, 168, 171, 158, 147, 137, 129, 122, 116, 118, 123, 127, 132, 137,
    139, 141, 145, 146, 144, 144, 147, 150, 151, 155, 162, 158, 158, 155,
    152, 155, 157, 160, 168, 167, 163, 157, 156, 156, 158, 155, 166, 162,
    172, 176, 178, 178, 178, 179, 178, 175, 174, 178, 178, 175, 171, 171,
    174, 170, 174, 170, 172, 174, 170, 170, 172, 173 ]
RHandPositionsY: [ 240, 240, 241, 240, 239, 239, 241, 239, 240, 242, 239,
    239, 242, 242, 241, 242, 240, 241, 239, 241, 242, 241, 240, 243, 240,
    244, 244, 233, 213, 196, 172, 153, 133, 117, 116, 107, 105, 111, 116,
    118, 116, 107, 99, 92, 90, 84, 84, 85, 83, 81, 81, 80, 78, 76, 78,
    77, 78, 82, 80, 76, 78, 79, 74, 77, 80, 81, 86, 104, 121, 135, 148,
    157, 171, 179, 193, 196, 199, 202, 213, 217, 219, 220, 223, 228, 236,
    234, 232, 233, 236, 233, 235 ]
