%YAML:1.0
---
videoName: "RHShake24.mp4"
gestureLabel: 2
fps: 30
pixelSizeInCmTemp: 3.3732394366197183e-01
faceCenterPointX: 304
faceCenterPointY: 46
LHandPositionsX: [ 391, 389, 392, 392, 391, 393, 392, 393, 390, 390, 390,
    392, 391, 391, 390, 390, 390, 390, 393, 390, 392, 389, 392, 393, 392,
    389, 390, 392, 392, 393, 393, 389, 392, 393, 393, 391, 393, 393, 390,
    391, 389, 392, 390, 393, 389, 391, 390, 389, 391, 389, 389, 389, 393,
    391, 391, 390, 389, 392, 390, 392, 392, 393, 390, 392, 391, 390, 389,
    393, 390, 391, 392, 390, 392, 392, 390, 390, 392, 393, 392, 393, 390,
    392, 391, 391, 393, 390, 393, 392, 393, 389, 393 ]
LHandPositionsY: [ 229, 228, 227, 227, 225, 226, 225, 225, 227, 229, 226,
    228, 229, 228, 225, 227, 227, 226, 228, 225, 225, 228, 225, 228, 226,
    227, 227, 227, 228, 229, 226, 229, 229, 228, 227, 226, 225, 229, 228,
    226, 225, 226, 227, 226, 225, 229, 228, 225, 226, 227, 228, 227, 225,
    228, 226, 226, 225, 228, 226, 225, 228, 227, 225, 229, 229, 227, 227,
    227, 227, 225, 227, 227, 229, 226, 226, 225, 225, 227, 226, 227, 225,
    228, 226, 228, 227, 225, 227, 226, 225, 225, 226 ]
RHandPositionsX: [ 140, 146, 150, 152, 154, 155, 153, 149, 148, 140, 137,
    138, 145, 155, 161, 164, 160, 164, 159, 154, 149, 144, 145, 139, 139,
    149, 159, 156, 160, 157, 154, 157, 151, 146, 140, 144, 148, 155, 157,
    160, 160, 161, 156, 154, 150, 142, 142, 144, 143, 151, 161, 165, 168,
    170, 170, 164, 159, 153, 151, 147, 149, 146, 151, 163, 164, 168, 171,
    172, 173, 176, 181, 179, 186, 189, 188, 189, 191, 192, 194, 193, 194,
    192, 196, 193, 192, 196, 192, 193, 192, 196, 197 ]
RHandPositionsY: [ 97, 104, 102, 97, 102, 97, 94, 90, 86, 85, 85, 88, 85,
    101, 109, 111, 112, 117, 107, 101, 98, 97, 95, 93, 90, 99, 108, 109,
    112, 115, 105, 102, 96, 94, 94, 90, 89, 95, 103, 105, 106, 114, 110,
    105, 101, 98, 99, 93, 94, 110, 120, 119, 120, 122, 120, 106, 100,
    102, 103, 100, 96, 97, 106, 111, 116, 115, 118, 122, 131, 141, 149,
    152, 151, 157, 165, 170, 179, 186, 196, 205, 210, 210, 211, 213, 218,
    221, 220, 224, 226, 228, 227 ]
