%YAML:1.0
---
videoName: "RHShake13.mp4"
gestureLabel: 2
fps: 30
pixelSizeInCmTemp: 3.2808219178082193e-01
faceCenterPointX: 278
faceCenterPointY: 45
LHandPositionsX: [ 309, 305, 309, 309, 309, 307, 305, 305, 308, 305, 307,
    309, 306, 309, 306, 308, 306, 307, 308, 307, 308, 306, 308, 305, 309,
    305, 306, 308, 306, 308, 305, 307, 308, 305, 309, 308, 307, 308, 309,
    309, 307, 308, 307, 306, 305, 306, 306, 305, 305, 307, 308, 305, 305,
    305, 306, 306, 309, 308, 306, 306, 308, 305, 307, 305, 308, 307, 305,
    308, 305, 308, 306, 307, 306, 310, 309, 306, 306, 310, 306, 306, 304,
    304, 306, 305, 304, 304, 307, 307, 307, 307, 307 ]
LHandPositionsY: [ 242, 245, 242, 241, 243, 242, 245, 242, 241, 242, 243,
    242, 244, 242, 240, 241, 240, 239, 239, 240, 241, 241, 240, 239, 243,
    239, 241, 243, 239, 240, 240, 242, 239, 240, 239, 242, 239, 239, 241,
    238, 238, 238, 242, 240, 239, 238, 241, 240, 238, 238, 242, 239, 241,
    241, 238, 241, 242, 239, 241, 240, 240, 242, 240, 241, 242, 239, 241,
    241, 238, 241, 240, 238, 240, 238, 236, 238, 237, 234, 236, 232, 232,
    232, 235, 239, 237, 240, 243, 245, 246, 245, 246 ]
RHandPositionsX: [ 166, 152, 138, 139, 144, 140, 142, 142, 147, 147, 145,
    148, 140, 138, 133, 136, 143, 141, 144, 143, 135, 133, 132, 129, 131,
    135, 132, 136, 139, 137, 136, 131, 129, 129, 129, 135, 137, 134, 135,
    137, 134, 134, 135, 135, 136, 146, 150, 151, 146, 145, 144, 136, 138,
    141, 141, 140, 142, 139, 144, 136, 132, 130, 131, 132, 136, 139, 144,
    148, 156, 158, 170, 180, 191, 199, 211, 227, 237, 244, 253, 252, 250,
    254, 258, 259, 257, 257, 260, 259, 257, 259, 261 ]
RHandPositionsY: [ 158, 140, 120, 117, 116, 109, 107, 101, 96, 97, 90,
    91, 87, 87, 89, 85, 88, 88, 86, 85, 86, 86, 88, 86, 86, 86, 89, 88,
    91, 88, 88, 88, 91, 89, 92, 88, 92, 94, 90, 90, 89, 89, 90, 88, 89,
    96, 95, 97, 93, 95, 92, 95, 93, 95, 97, 98, 98, 99, 97, 101, 95, 98,
    98, 99, 101, 104, 109, 109, 119, 127, 134, 146, 153, 163, 178, 187,
    197, 209, 213, 214, 216, 219, 226, 233, 238, 238, 237, 237, 240, 240,
    240 ]
