%YAML:1.0
---
videoName: "RHShake00.mp4"
gestureLabel: 2
fps: 29
pixelSizeInCmTemp: 3.4710144927536229e-01
faceCenterPointX: 283
faceCenterPointY: 97
LHandPositionsX: [ 342, 343, 343, 345, 346, 345, 342, 346, 344, 343, 346,
    343, 344, 344, 343, 344, 344, 345, 342, 346, 344, 345, 346, 343, 342,
    346, 342, 343, 343, 342, 342, 345, 343, 345, 342, 345, 345, 346, 346,
    342, 344, 342, 345, 343, 344, 343, 345, 342, 346, 346, 344, 344, 345,
    344, 344, 344, 342, 343, 344, 344, 342, 342, 344, 343, 345, 346, 346,
    345, 345, 344, 345, 346, 343, 346, 345, 345, 342, 346, 342, 343, 344,
    344, 344, 344, 344, 342, 346, 344 ]
LHandPositionsY: [ 274, 272, 274, 273, 274, 275, 272, 273, 272, 275, 273,
    272, 276, 272, 275, 273, 273, 272, 275, 276, 272, 276, 274, 274, 276,
    275, 273, 276, 274, 275, 274, 276, 276, 275, 273, 273, 274, 276, 274,
    275, 274, 275, 276, 272, 274, 273, 274, 276, 273, 274, 275, 273, 274,
    276, 274, 272, 273, 275, 276, 275, 274, 274, 274, 272, 272, 274, 274,
    272, 275, 275, 276, 274, 274, 273, 273, 274, 275, 274, 272, 273, 276,
    272, 276, 274, 276, 274, 274, 276 ]
RHandPositionsX: [ 180, 174, 165, 154, 148, 144, 144, 144, 143, 141, 143,
    148, 153, 168, 169, 167, 167, 165, 164, 159, 154, 153, 147, 150, 151,
    165, 163, 167, 168, 162, 155, 152, 151, 145, 152, 154, 162, 164, 163,
    165, 160, 155, 150, 143, 138, 148, 151, 150, 154, 157, 159, 163, 157,
    151, 145, 145, 145, 150, 156, 163, 163, 162, 165, 164, 157, 149, 144,
    142, 140, 145, 149, 155, 155, 160, 163, 166, 171, 175, 176, 179, 182,
    189, 190, 193, 195, 194, 196, 199 ]
RHandPositionsY: [ 256, 253, 241, 217, 202, 188, 175, 170, 162, 149, 144,
    138, 134, 135, 139, 138, 132, 131, 126, 125, 124, 121, 119, 118, 126,
    132, 132, 131, 135, 132, 129, 124, 127, 122, 132, 134, 140, 141, 138,
    139, 140, 135, 133, 129, 129, 133, 135, 138, 138, 137, 139, 138, 134,
    132, 129, 131, 130, 132, 137, 146, 146, 145, 146, 144, 142, 137, 139,
    138, 143, 150, 158, 162, 167, 176, 180, 190, 196, 204, 216, 219, 230,
    236, 241, 248, 254, 257, 261, 264 ]
