%YAML:1.0
---
videoName: "RHShake05.mp4"
gestureLabel: 2
fps: 30
pixelSizeInCmTemp: 3.1103896103896100e-01
faceCenterPointX: 295
faceCenterPointY: 47
LHandPositionsX: [ 411, 410, 412, 410, 412, 411, 408, 410, 412, 410, 412,
    411, 408, 408, 412, 411, 411, 410, 412, 409, 408, 410, 412, 410, 411,
    409, 408, 410, 408, 409, 409, 408, 409, 410, 412, 409, 412, 411, 409,
    412, 412, 411, 408, 410, 408, 410, 408, 410, 411, 411, 409, 409, 410,
    410, 410, 408, 410, 411, 412, 411, 408, 409, 412, 410, 412, 410, 408,
    409, 409, 408, 409, 411, 409, 409, 410, 411, 409, 412, 408, 408, 412,
    408, 409, 408, 408, 412, 408, 411, 409, 411, 411 ]
LHandPositionsY: [ 260, 261, 261, 260, 257, 257, 257, 260, 260, 257, 257,
    257, 260, 261, 259, 260, 260, 259, 260, 260, 260, 258, 261, 258, 259,
    258, 259, 258, 258, 258, 259, 258, 260, 259, 258, 257, 258, 260, 258,
    260, 259, 261, 258, 258, 257, 261, 260, 260, 260, 260, 257, 257, 260,
    261, 261, 261, 257, 258, 258, 257, 261, 260, 257, 258, 260, 261, 261,
    258, 260, 261, 258, 257, 258, 257, 261, 259, 259, 258, 261, 257, 259,
    261, 260, 258, 259, 259, 261, 257, 260, 258, 259 ]
RHandPositionsX: [ 174, 173, 176, 175, 177, 175, 173, 174, 177, 175, 173,
    176, 172, 173, 171, 175, 172, 175, 173, 173, 171, 170, 170, 178, 174,
    176, 179, 179, 172, 163, 151, 157, 152, 161, 164, 177, 188, 198, 188,
    183, 176, 173, 168, 171, 177, 177, 190, 182, 176, 174, 170, 166, 171,
    173, 180, 192, 184, 177, 175, 169, 167, 167, 173, 188, 193, 193, 187,
    181, 177, 179, 179, 177, 188, 191, 193, 188, 182, 173, 170, 175, 171,
    175, 184, 185, 192, 190, 185, 181, 176, 175, 176 ]
RHandPositionsY: [ 259, 258, 258, 261, 262, 260, 260, 262, 260, 258, 258,
    261, 261, 260, 258, 258, 261, 258, 261, 259, 258, 263, 263, 257, 259,
    252, 232, 207, 183, 155, 130, 126, 104, 94, 87, 92, 96, 92, 88, 83,
    80, 80, 80, 83, 85, 84, 82, 81, 78, 73, 72, 74, 78, 87, 86, 90, 89,
    85, 83, 84, 84, 86, 87, 90, 95, 94, 89, 85, 85, 83, 81, 87, 88, 93,
    92, 89, 87, 88, 87, 92, 109, 134, 156, 181, 206, 223, 224, 232, 241,
    251, 248 ]
