%YAML:1.0
---
videoName: "RHShake09.mp4"
gestureLabel: 2
fps: 29
pixelSizeInCmTemp: 3.1103896103896100e-01
faceCenterPointX: 296
faceCenterPointY: 48
LHandPositionsX: [ 326, 325, 326, 323, 326, 324, 321, 322, 320, 317, 320,
    317, 314, 312, 312, 313, 309, 312, 309, 308, 307, 309, 310, 305, 308,
    308, 307, 306, 308, 307, 307, 306, 308, 309, 307, 308, 308, 309, 307,
    308, 310, 311, 307, 311, 310, 309, 312, 314, 312, 314, 310, 312, 312,
    312, 313, 316, 313, 314, 316, 314, 315, 314, 317, 315, 316, 317, 314,
    316, 314, 314, 318, 316, 314, 314, 317, 314, 315, 314, 314, 314, 313,
    317, 315, 317, 316, 317, 317, 318 ]
LHandPositionsY: [ 265, 265, 270, 269, 270, 269, 269, 271, 273, 274, 271,
    272, 273, 272, 271, 273, 274, 274, 272, 272, 272, 274, 272, 274, 276,
    276, 276, 274, 273, 276, 276, 273, 276, 274, 274, 277, 274, 273, 277,
    274, 277, 273, 274, 275, 273, 277, 277, 273, 277, 277, 275, 277, 274,
    276, 274, 273, 276, 277, 272, 272, 274, 272, 273, 274, 273, 274, 274,
    274, 274, 272, 276, 275, 274, 276, 276, 276, 272, 272, 274, 275, 276,
    275, 273, 271, 276, 273, 271, 271 ]
RHandPositionsX: [ 264, 264, 262, 262, 264, 264, 263, 261, 263, 260, 263,
    262, 259, 259, 258, 261, 256, 258, 259, 255, 258, 259, 256, 257, 256,
    258, 254, 257, 252, 255, 263, 264, 256, 243, 225, 202, 190, 175, 170,
    170, 171, 173, 182, 186, 185, 185, 181, 179, 180, 177, 185, 189, 189,
    201, 192, 184, 180, 175, 179, 186, 183, 184, 193, 191, 186, 184, 176,
    171, 171, 182, 184, 187, 186, 182, 179, 181, 182, 179, 184, 191, 191,
    191, 199, 202, 209, 218, 228, 238 ]
RHandPositionsY: [ 261, 265, 265, 265, 263, 266, 264, 264, 267, 265, 265,
    265, 269, 265, 267, 267, 269, 267, 267, 266, 266, 267, 265, 267, 268,
    265, 268, 269, 266, 267, 267, 257, 247, 231, 215, 197, 178, 155, 139,
    135, 118, 111, 108, 109, 111, 102, 101, 89, 87, 87, 89, 98, 95, 99,
    96, 91, 89, 89, 86, 91, 92, 95, 97, 94, 93, 87, 85, 88, 92, 94, 96,
    96, 96, 96, 91, 93, 89, 91, 97, 103, 103, 110, 122, 134, 144, 152,
    169, 185 ]
