%YAML:1.0
---
videoName: "RHShake08.mp4"
gestureLabel: 2
fps: 29
pixelSizeInCmTemp: 3.2808219178082193e-01
faceCenterPointX: 290
faceCenterPointY: 45
LHandPositionsX: [ 314, 315, 317, 315, 314, 315, 313, 316, 313, 313, 311,
    312, 310, 312, 307, 310, 309, 308, 308, 310, 309, 307, 309, 310, 307,
    310, 306, 310, 306, 307, 306, 306, 309, 307, 308, 307, 306, 308, 309,
    306, 308, 310, 306, 306, 308, 307, 306, 306, 308, 308, 306, 305, 309,
    309, 309, 308, 305, 308, 308, 305, 309, 306, 308, 306, 305, 306, 309,
    307, 309, 305, 309, 306, 306, 306, 305, 309, 309, 308, 305, 309, 308,
    306, 308, 308, 308, 311, 310, 309 ]
LHandPositionsY: [ 280, 282, 280, 280, 282, 280, 280, 282, 284, 281, 283,
    285, 285, 285, 285, 281, 281, 284, 285, 283, 284, 282, 285, 282, 282,
    285, 285, 282, 283, 284, 283, 282, 282, 284, 284, 282, 284, 281, 284,
    283, 284, 283, 283, 282, 281, 280, 280, 280, 282, 283, 282, 283, 284,
    280, 283, 281, 281, 280, 281, 282, 282, 283, 283, 283, 282, 281, 283,
    283, 281, 280, 282, 280, 280, 284, 283, 284, 284, 284, 280, 282, 281,
    280, 281, 282, 282, 280, 284, 281 ]
RHandPositionsX: [ 267, 269, 269, 271, 269, 273, 275, 276, 267, 257, 261,
    257, 252, 237, 222, 199, 186, 162, 157, 160, 163, 175, 198, 199, 205,
    201, 193, 192, 183, 178, 189, 190, 203, 200, 193, 195, 186, 181, 177,
    176, 191, 189, 190, 186, 185, 176, 176, 173, 177, 184, 185, 190, 193,
    188, 191, 192, 190, 200, 204, 215, 212, 205, 204, 200, 198, 195, 200,
    204, 215, 213, 212, 217, 223, 231, 240, 249, 250, 262, 262, 265, 265,
    267, 268, 269, 275, 276, 273, 268 ]
RHandPositionsY: [ 269, 267, 270, 270, 269, 266, 266, 267, 268, 263, 252,
    244, 233, 219, 201, 183, 173, 154, 131, 130, 114, 111, 107, 104, 107,
    106, 98, 93, 94, 94, 88, 91, 95, 93, 94, 89, 87, 87, 89, 90, 90, 94,
    91, 90, 91, 86, 86, 87, 89, 93, 95, 95, 98, 97, 91, 93, 90, 92, 98,
    94, 100, 97, 94, 91, 94, 94, 96, 99, 103, 106, 110, 126, 130, 141,
    157, 177, 195, 214, 228, 245, 258, 258, 261, 261, 262, 262, 265, 262 ]
