%YAML:1.0
---
videoName: "RHShake20.mp4"
gestureLabel: 2
fps: 29
pixelSizeInCmTemp: 3.3263888888888887e-01
faceCenterPointX: 286
faceCenterPointY: 45
LHandPositionsX: [ 391, 394, 391, 390, 394, 390, 394, 393, 391, 392, 390,
    391, 391, 394, 393, 390, 390, 393, 393, 391, 394, 393, 390, 394, 391,
    391, 393, 393, 390, 393, 392, 393, 393, 393, 394, 391, 394, 394, 392,
    390, 393, 392, 392, 392, 392, 393, 390, 390, 394, 392, 390, 391, 390,
    391, 394, 390, 394, 390, 392, 392, 394, 393, 391, 392, 391, 393, 391,
    393, 393, 393, 394, 391, 393, 392, 392, 391, 394, 394, 392, 392, 391,
    391, 391, 393, 393, 392, 390, 393 ]
LHandPositionsY: [ 245, 242, 242, 245, 245, 243, 245, 243, 243, 241, 241,
    241, 242, 240, 242, 241, 241, 241, 241, 239, 243, 240, 243, 242, 239,
    239, 241, 239, 241, 243, 241, 239, 239, 240, 243, 241, 240, 240, 241,
    240, 241, 241, 240, 240, 241, 240, 242, 243, 240, 240, 241, 239, 241,
    243, 239, 241, 241, 242, 240, 241, 242, 243, 239, 243, 240, 239, 239,
    240, 243, 243, 243, 242, 241, 242, 240, 242, 240, 243, 239, 243, 243,
    241, 242, 239, 240, 240, 241, 241 ]
RHandPositionsX: [ 166, 162, 160, 158, 151, 156, 151, 158, 155, 158, 163,
    161, 157, 155, 154, 151, 147, 150, 159, 160, 164, 160, 157, 153, 152,
    155, 150, 151, 159, 164, 161, 161, 158, 154, 157, 154, 149, 148, 159,
    164, 167, 168, 167, 161, 156, 155, 153, 154, 160, 163, 164, 166, 164,
    170, 166, 169, 163, 163, 162, 159, 165, 170, 172, 177, 184, 183, 185,
    184, 184, 183, 186, 180, 179, 177, 177, 176, 178, 181, 176, 180, 176,
    178, 176, 178, 180, 177, 176, 178 ]
RHandPositionsY: [ 112, 110, 101, 104, 102, 98, 97, 100, 101, 101, 100,
    101, 97, 99, 98, 98, 101, 106, 115, 116, 113, 117, 113, 108, 108,
    108, 107, 110, 119, 120, 119, 112, 109, 108, 106, 103, 105, 108, 112,
    123, 121, 120, 121, 120, 117, 114, 114, 112, 113, 115, 123, 125, 124,
    127, 121, 122, 114, 113, 113, 112, 116, 124, 131, 135, 146, 155, 167,
    179, 183, 194, 200, 211, 221, 229, 235, 232, 240, 242, 243, 244, 245,
    247, 244, 245, 243, 243, 243, 245 ]
