%YAML:1.0
---
videoName: "RHShake09.mp4"
gestureLabel: 2
fps: 29
pixelSizeInCmTemp: 3.1103896103896100e-01
faceCenterPointX: 296
faceCenterPointY: 48
LHandPositionsX: [ 324, 326, 326, 323, 325, 322, 324, 321, 318, 317, 316,
    315, 315, 313, 314, 313, 312, 311, 311, 307, 310, 308, 309, 306, 307,
    307, 308, 307, 304, 309, 306, 309, 310, 310, 307, 310, 309, 307, 310,
    307, 311, 310, 309, 308, 309, 310, 310, 313, 313, 311, 311, 314, 314,
    315, 312, 313, 315, 312, 316, 313, 313, 313, 315, 316, 313, 314, 317,
    315, 316, 318, 317, 316, 317, 315, 314, 315, 317, 317, 317, 315, 315,
    314, 314, 315, 315, 318, 318, 317 ]
LHandPositionsY: [ 266, 266, 269, 268, 268, 267, 271, 269, 273, 271, 270,
    271, 274, 273, 273, 276, 275, 276, 274, 272, 272, 275, 273, 275, 274,
    272, 276, 274, 275, 275, 274, 273, 275, 274, 274, 273, 277, 273, 277,
    273, 275, 275, 274, 277, 276, 276, 275, 277, 274, 277, 277, 275, 273,
    277, 273, 274, 274, 273, 275, 275, 275, 275, 275, 272, 275, 272, 275,
    272, 272, 275, 275, 273, 275, 274, 274, 276, 276, 276, 273, 273, 274,
    274, 275, 275, 273, 276, 274, 275 ]
RHandPositionsX: [ 264, 264, 265, 262, 263, 263, 263, 262, 260, 262, 259,
    259, 259, 257, 258, 260, 257, 257, 259, 255, 259, 257, 257, 258, 256,
    258, 257, 255, 252, 257, 263, 263, 254, 240, 223, 204, 188, 176, 167,
    170, 172, 174, 179, 186, 184, 187, 182, 181, 178, 177, 186, 187, 187,
    198, 194, 187, 179, 175, 180, 184, 183, 184, 197, 190, 186, 183, 176,
    173, 171, 183, 181, 191, 188, 181, 179, 180, 183, 179, 186, 192, 190,
    194, 200, 200, 207, 218, 226, 236 ]
RHandPositionsY: [ 263, 262, 262, 264, 263, 265, 264, 264, 264, 266, 265,
    268, 267, 267, 266, 267, 267, 266, 267, 268, 265, 266, 269, 266, 266,
    268, 266, 266, 268, 267, 266, 259, 247, 231, 213, 196, 178, 159, 138,
    134, 114, 111, 107, 108, 109, 102, 98, 88, 86, 89, 87, 94, 95, 98,
    95, 93, 90, 89, 86, 89, 94, 98, 99, 95, 90, 84, 86, 87, 90, 96, 98,
    99, 97, 94, 91, 93, 88, 90, 95, 107, 103, 109, 124, 133, 144, 156,
    167, 187 ]
