%YAML:1.0
---
videoName: "RHShake14.mp4"
gestureLabel: 2
fps: 30
pixelSizeInCmTemp: 3.2808219178082193e-01
faceCenterPointX: 277
faceCenterPointY: 42
LHandPositionsX: [ 379, 375, 378, 376, 377, 379, 375, 376, 377, 379, 379,
    377, 374, 377, 374, 373, 377, 374, 376, 372, 375, 372, 375, 375, 374,
    373, 375, 372, 374, 373, 372, 372, 375, 372, 375, 373, 372, 374, 372,
    373, 373, 373, 374, 376, 372, 372, 376, 373, 376, 374, 374, 373, 373,
    376, 372, 373, 376, 372, 376, 374, 373, 375, 376, 375, 375, 372, 374,
    372, 372, 376, 375, 373, 374, 374, 373, 373, 374, 374, 375, 376, 375,
    376, 375, 375, 376, 372, 373, 373, 376, 373, 374 ]
LHandPositionsY: [ 231, 232, 231, 231, 230, 232, 233, 232, 230, 229, 231,
    229, 233, 231, 233, 233, 231, 233, 232, 230, 233, 232, 230, 231, 233,
    230, 232, 231, 231, 229, 230, 232, 232, 229, 231, 229, 229, 231, 231,
    233, 233, 229, 230, 232, 233, 229, 233, 229, 230, 230, 233, 231, 230,
    232, 233, 230, 233, 232, 231, 229, 230, 229, 233, 229, 230, 230, 230,
    230, 233, 230, 230, 230, 230, 233, 233, 233, 231, 231, 233, 229, 233,
    231, 231, 233, 233, 231, 231, 232, 233, 229, 231 ]
RHandPositionsX: [ 173, 174, 172, 173, 170, 174, 170, 173, 172, 173, 171,
    173, 174, 174, 174, 172, 172, 173, 171, 170, 174, 170, 170, 171, 173,
    170, 168, 169, 161, 149, 136, 128, 122, 115, 118, 122, 127, 131, 136,
    141, 144, 146, 146, 142, 145, 146, 151, 152, 158, 163, 158, 156, 151,
    151, 156, 156, 161, 170, 166, 165, 160, 153, 157, 158, 156, 163, 164,
    169, 173, 178, 176, 178, 180, 180, 175, 172, 178, 179, 177, 175, 172,
    170, 171, 174, 173, 172, 172, 171, 171, 174, 172 ]
RHandPositionsY: [ 241, 241, 242, 240, 243, 243, 240, 239, 243, 242, 243,
    242, 242, 242, 243, 240, 239, 239, 243, 239, 239, 239, 240, 242, 242,
    245, 247, 234, 213, 195, 171, 152, 133, 117, 112, 107, 103, 110, 112,
    115, 118, 106, 97, 90, 87, 87, 84, 82, 83, 81, 80, 78, 76, 76, 75,
    74, 80, 80, 81, 77, 76, 76, 75, 79, 79, 82, 86, 105, 119, 135, 147,
    159, 170, 180, 195, 197, 200, 202, 212, 219, 216, 223, 221, 230, 232,
    232, 232, 232, 237, 234, 238 ]
