%YAML:1.0
---
videoName: "RHShake12.mp4"
gestureLabel: 2
fps: 29
pixelSizeInCmTemp: 3.3732394366197183e-01
faceCenterPointX: 299
faceCenterPointY: 45
LHandPositionsX: [ 405, 405, 406, 406, 408, 408, 404, 407, 405, 407, 406,
    406, 407, 405, 404, 405, 406, 405, 408, 406, 408, 406, 406, 404, 406,
    407, 406, 407, 408, 408, 404, 405, 406, 406, 408, 405, 405, 407, 406,
    406, 404, 406, 405, 406, 405, 404, 404, 408, 406, 405, 406, 405, 407,
    408, 408, 408, 404, 404, 407, 404, 405, 404, 408, 404, 406, 408, 404,
    408, 404, 406, 404, 405, 405, 407, 407, 404, 407, 404, 404, 405, 406,
    405, 407, 407, 405, 405, 407, 404 ]
LHandPositionsY: [ 240, 242, 242, 242, 241, 242, 242, 240, 239, 243, 239,
    239, 240, 239, 239, 243, 241, 239, 243, 241, 243, 243, 240, 241, 242,
    239, 239, 241, 242, 243, 240, 241, 239, 240, 240, 243, 242, 241, 243,
    242, 239, 241, 243, 243, 241, 241, 239, 243, 241, 241, 239, 242, 242,
    242, 241, 242, 243, 243, 241, 242, 242, 243, 241, 240, 240, 240, 242,
    242, 242, 242, 239, 243, 239, 240, 239, 242, 242, 240, 243, 241, 239,
    241, 241, 239, 241, 240, 239, 241 ]
RHandPositionsX: [ 169, 167, 162, 163, 165, 170, 183, 192, 194, 194, 194,
    181, 176, 170, 174, 166, 171, 176, 187, 189, 187, 185, 182, 172, 167,
    167, 168, 177, 187, 191, 190, 191, 181, 179, 178, 176, 174, 176, 181,
    190, 198, 195, 185, 182, 174, 178, 173, 174, 180, 189, 191, 194, 196,
    192, 183, 180, 176, 176, 172, 173, 183, 193, 202, 200, 201, 202, 197,
    188, 188, 188, 187, 184, 189, 195, 196, 197, 198, 201, 201, 201, 199,
    198, 200, 199, 196, 199, 200, 201 ]
RHandPositionsY: [ 138, 127, 118, 111, 106, 91, 98, 103, 106, 111, 101,
    92, 92, 90, 89, 83, 85, 87, 100, 103, 105, 96, 89, 87, 85, 84, 85,
    90, 100, 112, 112, 108, 101, 96, 93, 93, 89, 88, 95, 113, 114, 117,
    105, 99, 97, 94, 90, 88, 96, 107, 112, 114, 113, 104, 93, 93, 90, 88,
    86, 87, 93, 109, 122, 118, 118, 117, 112, 109, 111, 115, 114, 127,
    134, 147, 160, 162, 169, 174, 183, 195, 200, 210, 216, 221, 223, 226,
    228, 232 ]
