%YAML:1.0
---
videoName: "RHShake07.mp4"
gestureLabel: 2
fps: 29
pixelSizeInCmTemp: 3.2364864864864862e-01
faceCenterPointX: 292
faceCenterPointY: 44
LHandPositionsX: [ 307, 307, 306, 307, 306, 310, 308, 306, 309, 305, 309,
    309, 310, 312, 310, 314, 314, 314, 311, 313, 313, 310, 314, 312, 314,
    312, 312, 313, 312, 312, 312, 314, 312, 313, 312, 311, 314, 313, 312,
    313, 315, 315, 315, 314, 314, 316, 312, 316, 316, 312, 312, 313, 315,
    314, 315, 314, 316, 314, 312, 314, 312, 313, 314, 313, 312, 312, 315,
    314, 314, 312, 313, 316, 317, 316, 315, 313, 316, 313, 316, 314, 310,
    307, 309, 311, 308, 312, 308, 309 ]
LHandPositionsY: [ 270, 267, 270, 271, 269, 267, 269, 271, 274, 275, 272,
    270, 269, 270, 268, 272, 270, 268, 269, 270, 271, 268, 267, 270, 268,
    270, 270, 270, 268, 268, 269, 271, 267, 271, 271, 269, 271, 269, 269,
    267, 271, 271, 271, 270, 271, 268, 267, 271, 268, 271, 271, 270, 271,
    271, 267, 270, 267, 267, 267, 271, 271, 267, 271, 268, 267, 270, 267,
    270, 269, 268, 268, 269, 268, 268, 269, 267, 270, 268, 269, 272, 273,
    270, 272, 271, 272, 272, 271, 272 ]
RHandPositionsX: [ 264, 263, 267, 264, 266, 264, 266, 267, 262, 268, 267,
    263, 256, 237, 215, 198, 179, 163, 153, 153, 160, 155, 157, 159, 161,
    182, 192, 185, 175, 172, 167, 165, 180, 182, 187, 186, 182, 173, 168,
    169, 174, 174, 181, 183, 186, 182, 178, 173, 165, 164, 169, 181, 187,
    201, 192, 189, 184, 178, 171, 172, 164, 167, 169, 176, 173, 182, 179,
    175, 172, 170, 157, 166, 176, 195, 212, 232, 243, 260, 270, 276, 271,
    273, 270, 265, 265, 263, 268, 267 ]
RHandPositionsY: [ 255, 253, 255, 253, 254, 252, 253, 255, 255, 258, 252,
    240, 233, 220, 202, 185, 167, 157, 135, 132, 126, 111, 122, 124, 128,
    115, 102, 100, 94, 95, 86, 88, 106, 102, 102, 97, 94, 92, 91, 91, 89,
    94, 100, 98, 96, 95, 92, 93, 89, 88, 86, 89, 94, 103, 99, 94, 92, 93,
    92, 89, 89, 87, 91, 93, 89, 95, 89, 89, 88, 90, 93, 118, 139, 150,
    164, 185, 205, 227, 234, 243, 242, 246, 253, 254, 253, 252, 256, 258 ]
