%YAML:1.0
---
videoName: "RHShake11.mp4"
gestureLabel: 2
fps: 29
pixelSizeInCmTemp: 3.3263888888888887e-01
faceCenterPointX: 274
faceCenterPointY: 53
LHandPositionsX: [ 308, 309, 311, 309, 309, 310, 310, 311, 308, 309, 310,
    308, 308, 307, 311, 311, 307, 307, 310, 311, 307, 307, 307, 311, 309,
    310, 307, 307, 307, 310, 309, 310, 309, 311, 309, 310, 307, 308, 311,
    311, 308, 311, 309, 309, 308, 311, 311, 310, 311, 309, 307, 309, 307,
    310, 307, 311, 310, 310, 307, 307, 309, 307, 309, 311, 310, 308, 309,
    310, 308, 309, 308, 307, 311, 307, 309, 308, 309, 309, 305, 303, 305,
    305, 306, 303, 306, 305, 305, 304 ]
LHandPositionsY: [ 247, 246, 247, 247, 248, 246, 247, 246, 248, 248, 249,
    247, 246, 245, 249, 246, 247, 248, 246, 246, 245, 245, 245, 249, 247,
    246, 247, 245, 247, 249, 247, 246, 248, 247, 249, 245, 248, 248, 247,
    246, 249, 246, 249, 245, 245, 245, 245, 245, 246, 247, 249, 248, 245,
    248, 248, 247, 247, 248, 247, 246, 247, 249, 247, 245, 249, 246, 246,
    245, 245, 244, 248, 246, 244, 246, 244, 245, 244, 244, 243, 243, 246,
    246, 245, 244, 244, 247, 246, 243 ]
RHandPositionsX: [ 251, 247, 251, 246, 237, 226, 209, 192, 173, 157, 149,
    140, 145, 143, 152, 159, 162, 164, 171, 173, 171, 163, 155, 154, 152,
    155, 158, 167, 167, 169, 170, 167, 161, 161, 158, 156, 155, 153, 159,
    168, 169, 168, 174, 169, 167, 162, 159, 156, 158, 157, 162, 174, 174,
    180, 178, 175, 172, 167, 163, 163, 162, 157, 159, 167, 173, 183, 192,
    207, 219, 230, 240, 249, 257, 258, 262, 262, 262, 259, 260, 258, 260,
    260, 260, 258, 259, 262, 258, 261 ]
RHandPositionsY: [ 249, 246, 248, 242, 230, 222, 207, 192, 174, 161, 144,
    128, 128, 114, 106, 101, 103, 107, 102, 99, 100, 99, 101, 97, 96, 94,
    95, 98, 99, 102, 100, 99, 98, 95, 93, 97, 93, 96, 101, 106, 107, 104,
    102, 102, 104, 102, 99, 97, 98, 99, 103, 106, 109, 106, 108, 105,
    105, 100, 101, 100, 102, 103, 105, 108, 118, 129, 143, 159, 175, 186,
    201, 210, 224, 231, 237, 235, 239, 239, 240, 241, 242, 240, 241, 241,
    239, 240, 240, 238 ]
