%YAML:1.0
---
videoName: "RHShake14.mp4"
gestureLabel: 2
fps: 30
pixelSizeInCmTemp: 3.2808219178082193e-01
faceCenterPointX: 277
faceCenterPointY: 42
LHandPositionsX: [ 375, 375, 379, 377, 377, 378, 378, 375, 377, 379, 377,
    374, 375, 378, 377, 376, 375, 375, 374, 372, 375, 375, 373, 374, 373,
    373, 374, 373, 372, 376, 375, 373, 375, 373, 372, 373, 374, 372, 376,
    373, 376, 373, 372, 376, 375, 376, 373, 373, 376, 376, 376, 374, 375,
    373, 372, 374, 375, 374, 374, 376, 375, 372, 374, 376, 372, 372, 376,
    373, 374, 375, 373, 373, 375, 374, 376, 374, 375, 373, 375, 374, 374,
    375, 373, 374, 376, 376, 373, 376, 373, 375, 372 ]
LHandPositionsY: [ 231, 230, 231, 230, 231, 232, 233, 231, 229, 231, 229,
    229, 229, 233, 229, 232, 232, 229, 230, 231, 230, 232, 232, 229, 230,
    232, 229, 231, 230, 229, 231, 230, 232, 230, 229, 230, 233, 233, 231,
    232, 232, 233, 231, 231, 232, 230, 230, 232, 231, 230, 231, 230, 230,
    230, 233, 231, 233, 231, 233, 232, 233, 231, 232, 233, 230, 232, 230,
    229, 233, 232, 230, 233, 233, 231, 229, 230, 232, 230, 232, 229, 230,
    229, 230, 233, 231, 230, 229, 231, 230, 229, 230 ]
RHandPositionsX: [ 170, 173, 173, 172, 173, 172, 174, 171, 173, 171, 172,
    174, 174, 170, 171, 171, 173, 171, 173, 171, 170, 174, 170, 173, 169,
    174, 167, 169, 160, 147, 136, 129, 121, 116, 115, 121, 126, 130, 137,
    140, 144, 145, 144, 145, 144, 144, 151, 155, 157, 160, 160, 159, 155,
    151, 157, 159, 161, 169, 166, 162, 157, 154, 160, 159, 155, 162, 166,
    172, 174, 178, 179, 180, 180, 180, 172, 171, 178, 178, 175, 171, 171,
    172, 170, 173, 174, 170, 174, 170, 174, 171, 174 ]
RHandPositionsY: [ 243, 242, 243, 243, 239, 243, 240, 239, 241, 241, 239,
    239, 241, 241, 243, 239, 239, 241, 240, 243, 243, 242, 243, 242, 243,
    245, 243, 235, 212, 193, 174, 154, 135, 114, 115, 111, 102, 109, 116,
    118, 115, 105, 99, 91, 90, 84, 84, 82, 82, 83, 81, 76, 79, 76, 77,
    74, 78, 80, 80, 80, 76, 75, 75, 79, 78, 80, 84, 105, 118, 134, 148,
    158, 171, 179, 191, 196, 197, 202, 211, 215, 219, 223, 220, 230, 234,
    235, 235, 233, 237, 236, 236 ]
