%YAML:1.0
---
videoName: "RHShake22.mp4"
gestureLabel: 2
fps: 29
pixelSizeInCmTemp: 3.3263888888888887e-01
faceCenterPointX: 290
faceCenterPointY: 48
LHandPositionsX: [ 396, 395, 395, 393, 395, 394, 395, 395, 392, 392, 393,
    395, 394, 396, 394, 396, 394, 396, 394, 392, 393, 393, 394, 394, 394,
    395, 396, 393, 395, 393, 395, 394, 395, 393, 396, 393, 393, 394, 393,
    392, 394, 392, 393, 392, 396, 395, 394, 392, 394, 394, 395, 395, 394,
    396, 393, 392, 394, 396, 394, 396, 392, 394, 393, 393, 395, 393, 396,
    395, 393, 393, 394, 394, 392, 392, 395, 394, 393, 395, 394, 394, 392,
    394, 394, 392, 395, 396, 393, 396 ]
LHandPositionsY: [ 232, 232, 232, 231, 231, 234, 234, 232, 234, 234, 233,
    232, 233, 234, 232, 230, 232, 231, 232, 232, 230, 231, 230, 231, 233,
    231, 231, 232, 233, 232, 232, 230, 234, 230, 231, 232, 233, 230, 233,
    232, 230, 233, 230, 230, 231, 230, 231, 232, 234, 230, 231, 232, 230,
    234, 234, 233, 231, 234, 232, 233, 231, 234, 232, 230, 233, 230, 232,
    230, 234, 232, 230, 231, 234, 233, 232, 234, 232, 233, 232, 230, 230,
    231, 233, 232, 232, 233, 234, 230 ]
RHandPositionsX: [ 151, 136, 131, 128, 133, 135, 146, 157, 167, 163, 164,
    164, 159, 157, 152, 146, 144, 144, 144, 154, 163, 173, 173, 170, 169,
    166, 165, 155, 155, 155, 153, 161, 166, 171, 171, 174, 173, 169, 167,
    163, 156, 156, 158, 165, 173, 173, 175, 174, 173, 168, 164, 158, 152,
    154, 157, 166, 169, 175, 176, 180, 178, 171, 169, 164, 156, 154, 151,
    155, 167, 178, 175, 176, 178, 182, 180, 182, 181, 182, 185, 184, 188,
    189, 189, 189, 191, 189, 190, 188 ]
RHandPositionsY: [ 141, 116, 104, 99, 94, 92, 82, 87, 88, 91, 92, 92, 84,
    81, 77, 81, 76, 78, 73, 83, 91, 94, 95, 95, 92, 91, 84, 83, 86, 81,
    78, 91, 91, 98, 103, 100, 94, 93, 90, 88, 85, 84, 85, 87, 96, 100,
    101, 98, 95, 91, 92, 88, 86, 88, 83, 86, 91, 100, 102, 105, 98, 96,
    92, 93, 91, 93, 91, 88, 89, 106, 107, 110, 116, 118, 123, 124, 137,
    148, 160, 168, 184, 194, 198, 206, 212, 217, 223, 226 ]
