%YAML:1.0
---
videoName: "RHShake15.mp4"
gestureLabel: 2
fps: 29
pixelSizeInCmTemp: 3.2808219178082193e-01
faceCenterPointX: 279
faceCenterPointY: 41
LHandPositionsX: [ 368, 370, 370, 369, 371, 370, 369, 371, 372, 370, 368,
    368, 371, 369, 371, 369, 370, 369, 371, 369, 369, 368, 369, 370, 371,
    369, 372, 372, 372, 372, 369, 370, 368, 369, 368, 370, 370, 369, 372,
    369, 370, 370, 370, 369, 369, 368, 372, 368, 371, 369, 370, 372, 371,
    368, 370, 371, 372, 372, 368, 370, 371, 371, 372, 370, 371, 370, 371,
    371, 368, 371, 370, 370, 369, 371, 372, 371, 370, 372, 369, 372, 370,
    372, 370, 369, 372, 372, 369, 369 ]
LHandPositionsY: [ 234, 233, 233, 233, 236, 233, 236, 235, 232, 232, 234,
    233, 233, 234, 236, 232, 232, 236, 236, 234, 232, 235, 235, 235, 234,
    236, 233, 235, 233, 234, 232, 234, 233, 232, 233, 235, 233, 236, 236,
    233, 236, 233, 235, 231, 235, 232, 235, 235, 232, 231, 235, 232, 233,
    232, 235, 235, 232, 232, 235, 232, 233, 234, 232, 235, 231, 231, 234,
    235, 231, 235, 233, 232, 233, 234, 231, 232, 234, 233, 234, 232, 235,
    233, 235, 235, 235, 234, 234, 232 ]
RHandPositionsX: [ 135, 126, 115, 112, 109, 109, 108, 104, 105, 109, 112,
    114, 116, 112, 108, 113, 114, 110, 106, 108, 114, 116, 116, 114, 112,
    108, 109, 110, 105, 108, 112, 117, 117, 113, 113, 109, 107, 113, 110,
    114, 112, 111, 115, 114, 120, 120, 118, 122, 121, 122, 117, 122, 123,
    126, 125, 126, 127, 126, 120, 122, 120, 124, 130, 132, 141, 144, 141,
    138, 140, 143, 146, 149, 151, 153, 155, 156, 160, 157, 161, 160, 161,
    158, 158, 159, 158, 157, 158, 157 ]
RHandPositionsY: [ 189, 174, 154, 146, 146, 140, 134, 129, 122, 115, 110,
    105, 102, 101, 97, 96, 95, 96, 95, 94, 95, 91, 93, 94, 92, 96, 94,
    94, 96, 95, 100, 102, 103, 102, 101, 100, 103, 102, 102, 105, 105,
    105, 110, 113, 110, 107, 106, 103, 103, 103, 103, 107, 109, 112, 117,
    112, 111, 111, 111, 113, 110, 121, 126, 136, 150, 164, 172, 180, 192,
    203, 207, 219, 227, 236, 239, 240, 248, 245, 247, 247, 248, 248, 249,
    247, 245, 248, 248, 245 ]
