%YAML:1.0
---
videoName: "RHShake21.mp4"
gestureLabel: 2
fps: 29
pixelSizeInCmTemp: 3.3732394366197183e-01
faceCenterPointX: 293
faceCenterPointY: 47
LHandPositionsX: [ 396, 398, 396, 397, 397, 394, 396, 398, 397, 395, 394,
    394, 397, 397, 397, 394, 395, 396, 397, 395, 398, 396, 397, 397, 394,
    396, 395, 394, 398, 396, 396, 397, 394, 394, 396, 398, 394, 395, 396,
    396, 397, 397, 398, 395, 396, 395, 396, 398, 397, 396, 397, 397, 398,
    397, 397, 398, 395, 394, 398, 397, 394, 395, 396, 396, 394, 395, 397,
    394, 396, 397, 394, 396, 398, 398, 394, 394, 394, 395, 397, 394, 395,
    395, 396, 396, 398, 394, 397, 395 ]
LHandPositionsY: [ 242, 242, 239, 239, 239, 241, 238, 238, 239, 242, 241,
    238, 241, 242, 240, 240, 238, 240, 240, 242, 239, 238, 239, 239, 240,
    240, 238, 241, 238, 239, 241, 238, 238, 239, 240, 240, 239, 239, 239,
    242, 240, 240, 238, 239, 242, 241, 241, 242, 240, 241, 239, 239, 242,
    240, 239, 238, 238, 239, 239, 240, 242, 239, 241, 239, 239, 242, 238,
    240, 238, 241, 239, 240, 242, 238, 242, 241, 240, 241, 241, 238, 240,
    240, 238, 242, 240, 240, 242, 238 ]
RHandPositionsX: [ 133, 141, 144, 145, 145, 144, 144, 139, 138, 134, 133,
    139, 144, 148, 147, 148, 147, 145, 140, 140, 137, 137, 138, 145, 147,
    149, 150, 150, 148, 143, 141, 139, 136, 140, 141, 144, 152, 153, 148,
    148, 140, 136, 136, 135, 135, 142, 144, 148, 152, 152, 147, 145, 140,
    134, 131, 135, 137, 147, 152, 164, 172, 175, 179, 180, 183, 182, 185,
    189, 185, 185, 192, 187, 187, 187, 186, 189, 187, 185, 187, 187, 187,
    186, 187, 189, 189, 187, 186, 187 ]
RHandPositionsY: [ 81, 86, 86, 89, 86, 84, 82, 81, 81, 82, 81, 84, 88,
    90, 89, 91, 90, 84, 87, 87, 83, 81, 81, 88, 88, 91, 91, 92, 89, 86,
    86, 83, 81, 84, 85, 91, 91, 96, 95, 90, 85, 88, 86, 88, 82, 93, 96,
    97, 98, 100, 94, 95, 93, 93, 94, 89, 97, 105, 115, 129, 141, 150,
    154, 152, 160, 170, 177, 190, 202, 207, 213, 216, 218, 226, 228, 228,
    228, 228, 232, 231, 228, 231, 228, 228, 230, 230, 227, 227 ]
