%YAML:1.0
---
videoName: "RHShake17.mp4"
gestureLabel: 2
fps: 29
pixelSizeInCmTemp: 3.3732394366197183e-01
faceCenterPointX: 282
faceCenterPointY: 40
LHandPositionsX: [ 307, 305, 307, 309, 308, 307, 309, 305, 305, 307, 308,
    305, 307, 306, 309, 308, 308, 308, 308, 308, 306, 306, 308, 307, 305,
    309, 307, 307, 309, 308, 306, 308, 307, 309, 306, 305, 305, 308, 309,
    306, 308, 307, 307, 308, 307, 310, 306, 309, 310, 309, 308, 311, 311,
    308, 310, 307, 307, 309, 310, 311, 311, 310, 308, 307, 308, 307, 308,
    308, 307, 311, 308, 307, 310, 309, 310, 306, 306, 306, 307, 308, 306,
    309, 308, 307, 308, 305, 309, 306 ]
LHandPositionsY: [ 235, 234, 235, 235, 234, 234, 231, 235, 231, 233, 234,
    233, 231, 233, 233, 235, 233, 232, 231, 233, 233, 234, 232, 231, 233,
    234, 232, 234, 234, 231, 233, 231, 235, 231, 232, 234, 234, 231, 234,
    233, 231, 231, 234, 235, 231, 235, 235, 235, 235, 234, 235, 231, 234,
    232, 231, 231, 234, 235, 233, 235, 233, 231, 232, 231, 231, 233, 233,
    234, 231, 232, 231, 235, 231, 235, 234, 233, 235, 232, 233, 235, 235,
    235, 232, 232, 232, 232, 232, 233 ]
RHandPositionsX: [ 213, 196, 176, 158, 139, 141, 144, 147, 142, 143, 148,
    150, 157, 151, 147, 148, 143, 140, 140, 145, 163, 159, 156, 151, 149,
    149, 148, 145, 148, 152, 156, 160, 158, 156, 150, 147, 144, 140, 136,
    152, 154, 154, 154, 160, 153, 149, 148, 151, 158, 155, 169, 169, 165,
    161, 158, 159, 149, 152, 149, 148, 153, 162, 173, 177, 175, 178, 175,
    174, 170, 168, 174, 171, 169, 170, 171, 166, 170, 169, 170, 168, 170,
    169, 169, 166, 169, 166, 167, 168 ]
RHandPositionsY: [ 200, 183, 170, 150, 126, 111, 110, 102, 95, 90, 99,
    92, 81, 80, 74, 73, 69, 66, 67, 75, 77, 77, 71, 69, 70, 68, 68, 67,
    64, 68, 66, 70, 67, 67, 65, 65, 66, 66, 65, 83, 83, 80, 82, 77, 76,
    73, 71, 71, 75, 76, 89, 91, 83, 83, 81, 78, 80, 78, 76, 84, 91, 106,
    118, 136, 147, 157, 172, 183, 187, 196, 206, 213, 223, 227, 234, 232,
    236, 238, 240, 242, 240, 240, 241, 243, 241, 244, 245, 243 ]
