%YAML:1.0
---
videoName: "RHShake10.mp4"
gestureLabel: 2
fps: 29
pixelSizeInCmTemp: 3.1933333333333330e-01
faceCenterPointX: 295
faceCenterPointY: 45
LHandPositionsX: [ 338, 340, 342, 338, 338, 341, 337, 335, 333, 329, 332,
    329, 330, 329, 329, 326, 328, 327, 327, 327, 330, 326, 328, 326, 327,
    327, 328, 328, 330, 327, 328, 330, 328, 328, 328, 330, 326, 328, 328,
    328, 327, 327, 326, 327, 330, 329, 327, 326, 330, 328, 329, 329, 328,
    327, 326, 328, 329, 328, 328, 327, 328, 329, 328, 326, 328, 329, 328,
    328, 330, 328, 330, 330, 330, 328, 331, 329, 328, 328, 331, 329, 329,
    328, 329, 327, 329, 328, 327, 327 ]
LHandPositionsY: [ 264, 267, 265, 268, 264, 265, 266, 268, 267, 271, 272,
    269, 270, 273, 274, 270, 274, 271, 273, 273, 274, 272, 271, 270, 274,
    273, 273, 273, 270, 269, 269, 269, 270, 271, 271, 273, 269, 272, 268,
    268, 268, 271, 269, 268, 270, 269, 271, 272, 268, 268, 271, 271, 269,
    270, 272, 268, 268, 270, 269, 272, 271, 272, 268, 270, 272, 272, 271,
    272, 269, 271, 270, 271, 271, 267, 267, 269, 270, 271, 267, 271, 270,
    268, 269, 267, 270, 268, 268, 270 ]
RHandPositionsX: [ 263, 260, 260, 261, 262, 260, 259, 262, 258, 259, 260,
    259, 259, 258, 259, 259, 258, 253, 259, 251, 239, 222, 202, 185, 165,
    156, 137, 139, 136, 137, 146, 153, 154, 160, 165, 164, 157, 161, 158,
    158, 162, 171, 181, 180, 176, 178, 174, 168, 171, 170, 173, 185, 189,
    196, 193, 182, 179, 176, 177, 178, 178, 189, 189, 193, 189, 181, 180,
    176, 176, 178, 176, 192, 198, 205, 215, 218, 227, 233, 237, 243, 253,
    253, 250, 257, 262, 263, 262, 262 ]
RHandPositionsY: [ 268, 266, 267, 267, 263, 263, 264, 263, 264, 265, 266,
    265, 268, 269, 267, 268, 266, 264, 264, 258, 242, 229, 212, 190, 170,
    153, 129, 117, 114, 100, 90, 88, 89, 91, 85, 84, 81, 79, 80, 76, 79,
    82, 88, 85, 82, 80, 79, 74, 75, 82, 85, 87, 90, 93, 85, 86, 83, 83,
    79, 86, 88, 94, 92, 95, 89, 90, 83, 82, 84, 88, 93, 105, 126, 145,
    163, 179, 197, 214, 228, 244, 257, 259, 258, 264, 264, 264, 266, 270 ]
