%YAML:1.0
---
videoName: "RHShake10.mp4"
gestureLabel: 2
fps: 29
pixelSizeInCmTemp: 3.1933333333333330e-01
faceCenterPointX: 295
faceCenterPointY: 45
LHandPositionsX: [ 340, 342, 339, 340, 338, 341, 335, 333, 331, 333, 332,
    330, 328, 330, 325, 326, 329, 325, 328, 327, 328, 329, 326, 326, 330,
    330, 328, 329, 330, 327, 326, 330, 328, 329, 329, 327, 329, 327, 327,
    329, 329, 327, 329, 328, 326, 327, 326, 328, 330, 328, 327, 327, 329,
    329, 327, 329, 326, 328, 329, 329, 328, 327, 326, 326, 327, 327, 326,
    328, 328, 329, 329, 330, 326, 327, 327, 328, 329, 330, 331, 327, 329,
    328, 327, 327, 330, 328, 331, 329 ]
LHandPositionsY: [ 265, 268, 267, 264, 267, 268, 268, 269, 267, 271, 269,
    270, 270, 274, 271, 271, 272, 274, 271, 272, 270, 271, 271, 272, 273,
    271, 272, 273, 269, 272, 270, 272, 270, 272, 270, 273, 271, 269, 271,
    269, 272, 270, 270, 272, 269, 271, 269, 272, 269, 268, 272, 270, 269,
    270, 268, 271, 270, 268, 270, 270, 269, 270, 269, 269, 271, 270, 270,
    270, 270, 269, 271, 270, 270, 267, 269, 268, 269, 268, 268, 271, 268,
    269, 270, 268, 272, 272, 269, 271 ]
RHandPositionsX: [ 262, 259, 261, 259, 260, 260, 260, 259, 261, 261, 259,
    259, 260, 259, 259, 262, 258, 255, 259, 249, 241, 220, 200, 184, 166,
    152, 136, 138, 139, 136, 144, 153, 156, 162, 166, 165, 159, 157, 158,
    159, 161, 173, 177, 181, 178, 176, 174, 169, 173, 169, 172, 189, 191,
    194, 192, 180, 180, 179, 173, 181, 179, 191, 191, 194, 190, 185, 180,
    177, 175, 180, 177, 190, 195, 204, 211, 220, 225, 230, 237, 246, 253,
    251, 248, 256, 261, 259, 261, 261 ]
RHandPositionsY: [ 266, 264, 264, 264, 264, 264, 265, 265, 266, 266, 266,
    268, 265, 265, 269, 266, 265, 264, 267, 254, 243, 227, 211, 190, 173,
    150, 131, 116, 115, 97, 86, 87, 87, 89, 86, 81, 80, 76, 78, 79, 79,
    83, 89, 82, 84, 77, 75, 76, 77, 81, 86, 87, 88, 93, 85, 84, 81, 81,
    80, 82, 90, 92, 91, 92, 89, 87, 83, 84, 82, 87, 97, 107, 125, 143,
    162, 179, 195, 212, 226, 245, 259, 257, 260, 265, 264, 265, 268, 266 ]
