%YAML:1.0
---
videoName: "RHShake19.mp4"
gestureLabel: 2
fps: 29
pixelSizeInCmTemp: 3.2808219178082193e-01
faceCenterPointX: 283
faceCenterPointY: 48
LHandPositionsX: [ 391, 392, 391, 390, 390, 389, 392, 389, 392, 390, 391,
    389, 388, 392, 390, 388, 389, 390, 391, 392, 390, 392, 389, 392, 391,
    388, 392, 391, 389, 391, 388, 389, 391, 388, 390, 392, 391, 388, 389,
    390, 391, 391, 392, 392, 392, 391, 391, 391, 390, 392, 390, 388, 392,
    392, 391, 391, 389, 389, 389, 388, 390, 388, 390, 388, 390, 389, 388,
    391, 390, 389, 388, 390, 389, 392, 389, 388, 388, 389, 389, 388, 389,
    388, 390, 388, 392, 391, 392, 392 ]
LHandPositionsY: [ 243, 244, 244, 242, 242, 244, 240, 242, 243, 243, 242,
    241, 244, 240, 240, 244, 244, 242, 243, 244, 242, 244, 240, 240, 244,
    242, 241, 241, 244, 240, 240, 244, 242, 243, 242, 244, 240, 240, 242,
    242, 244, 242, 244, 242, 243, 241, 241, 242, 240, 242, 243, 244, 241,
    242, 243, 244, 242, 240, 240, 242, 241, 240, 241, 242, 242, 241, 243,
    242, 244, 241, 241, 243, 243, 242, 241, 240, 241, 243, 242, 244, 244,
    241, 241, 244, 240, 242, 243, 244 ]
RHandPositionsX: [ 157, 171, 184, 184, 189, 187, 178, 169, 166, 164, 164,
    164, 164, 177, 184, 183, 188, 176, 174, 169, 165, 161, 160, 165, 168,
    173, 172, 172, 168, 163, 161, 157, 157, 166, 167, 180, 180, 179, 179,
    175, 167, 164, 165, 161, 161, 169, 175, 179, 177, 186, 178, 174, 169,
    167, 166, 167, 171, 178, 181, 178, 181, 179, 174, 171, 169, 169, 170,
    173, 179, 185, 189, 191, 191, 185, 184, 184, 182, 184, 180, 180, 182,
    178, 178, 179, 181, 181, 180, 180 ]
RHandPositionsY: [ 92, 91, 95, 97, 93, 88, 87, 80, 76, 79, 76, 75, 77,
    85, 91, 91, 89, 82, 78, 76, 75, 75, 75, 74, 83, 90, 92, 92, 90, 86,
    83, 81, 81, 84, 88, 88, 95, 96, 92, 93, 87, 84, 85, 82, 83, 85, 92,
    95, 100, 102, 99, 94, 98, 96, 95, 97, 102, 106, 106, 107, 107, 102,
    103, 100, 100, 101, 111, 124, 139, 148, 165, 173, 188, 193, 199, 209,
    219, 224, 229, 235, 238, 236, 237, 239, 244, 240, 243, 240 ]
