%YAML:1.0
---
videoName: "RHShake00.mp4"
gestureLabel: 2
fps: 29
pixelSizeInCmTemp: 3.4710144927536229e-01
faceCenterPointX: 283
faceCenterPointY: 97
LHandPositionsX: [ 343, 344, 343, 345, 344, 342, 344, 342, 342, 343, 342,
    344, 342, 342, 342, 345, 342, 342, 345, 342, 342, 343, 345, 343, 343,
    345, 346, 342, 345, 345, 346, 342, 342, 343, 342, 345, 345, 346, 345,
    343, 345, 342, 346, 346, 343, 345, 344, 344, 346, 342, 343, 342, 345,
    346, 342, 343, 342, 343, 342, 342, 344, 344, 346, 343, 344, 342, 342,
    344, 345, 343, 342, 343, 345, 344, 344, 345, 342, 345, 343, 346, 342,
    346, 346, 343, 346, 343, 344, 344 ]
LHandPositionsY: [ 276, 276, 276, 276, 275, 274, 273, 273, 274, 276, 276,
    275, 273, 276, 276, 272, 276, 273, 274, 272, 272, 273, 275, 273, 272,
    275, 275, 275, 272, 273, 273, 272, 273, 272, 273, 274, 273, 275, 275,
    272, 272, 272, 275, 273, 274, 275, 274, 276, 272, 272, 273, 273, 274,
    273, 275, 275, 276, 275, 274, 272, 275, 272, 273, 276, 272, 272, 276,
    275, 275, 275, 274, 275, 274, 276, 275, 276, 275, 276, 276, 276, 275,
    272, 276, 274, 272, 272, 275, 274 ]
RHandPositionsX: [ 179, 174, 169, 156, 147, 147, 144, 143, 145, 141, 145,
    147, 150, 165, 169, 164, 167, 166, 165, 159, 154, 152, 150, 149, 153,
    164, 166, 166, 169, 163, 155, 150, 151, 149, 152, 154, 162, 160, 166,
    162, 164, 157, 151, 143, 138, 144, 148, 152, 152, 155, 157, 160, 159,
    151, 146, 146, 142, 150, 156, 162, 161, 163, 166, 164, 156, 149, 145,
    142, 142, 144, 152, 152, 157, 160, 164, 166, 171, 174, 175, 180, 185,
    187, 189, 189, 193, 197, 195, 196 ]
RHandPositionsY: [ 259, 251, 244, 217, 202, 188, 179, 168, 162, 148, 144,
    134, 130, 134, 138, 140, 132, 131, 128, 124, 121, 123, 120, 118, 127,
    135, 136, 135, 138, 133, 129, 124, 128, 123, 130, 135, 139, 140, 139,
    140, 139, 133, 130, 129, 130, 136, 135, 136, 137, 137, 136, 142, 134,
    129, 130, 130, 130, 131, 139, 144, 146, 146, 146, 145, 140, 139, 139,
    138, 139, 148, 157, 160, 170, 174, 182, 188, 196, 207, 213, 222, 231,
    235, 244, 246, 255, 259, 264, 264 ]
