%YAML:1.0
---
videoName: "RHShake07.mp4"
gestureLabel: 2
fps: 29
pixelSizeInCmTemp: 3.2364864864864862e-01
faceCenterPointX: 292
faceCenterPointY: 44
LHandPositionsX: [ 310, 310, 308, 307, 306, 309, 310, 310, 310, 305, 307,
    309, 312, 309, 311, 313, 314, 312, 313, 312, 312, 311, 312, 313, 311,
    312, 312, 313, 314, 310, 312, 311, 315, 313, 312, 313, 316, 312, 314,
    315, 315, 313, 312, 316, 314, 316, 314, 313, 313, 312, 316, 312, 314,
    312, 312, 312, 312, 313, 312, 314, 312, 312, 316, 312, 312, 314, 312,
    313, 312, 313, 315, 317, 317, 313, 317, 313, 314, 315, 313, 313, 307,
    311, 309, 311, 309, 310, 308, 312 ]
LHandPositionsY: [ 270, 271, 269, 271, 270, 270, 268, 270, 271, 272, 270,
    273, 272, 270, 268, 269, 270, 267, 271, 268, 269, 267, 271, 270, 267,
    268, 269, 271, 271, 270, 270, 268, 270, 271, 267, 271, 271, 269, 268,
    271, 270, 267, 269, 270, 267, 271, 269, 271, 267, 270, 271, 267, 270,
    269, 268, 270, 269, 269, 268, 268, 268, 269, 270, 269, 270, 271, 270,
    268, 268, 269, 268, 269, 266, 270, 270, 267, 268, 269, 268, 269, 273,
    272, 271, 272, 271, 273, 274, 275 ]
RHandPositionsX: [ 263, 267, 265, 265, 265, 267, 264, 267, 263, 270, 265,
    263, 252, 236, 217, 194, 177, 161, 151, 156, 157, 153, 159, 159, 165,
    180, 188, 183, 175, 171, 168, 166, 178, 183, 187, 188, 183, 176, 170,
    167, 174, 174, 180, 183, 186, 181, 175, 171, 168, 165, 165, 185, 187,
    198, 192, 186, 181, 175, 169, 169, 165, 164, 173, 172, 172, 184, 180,
    173, 173, 166, 157, 170, 179, 195, 216, 230, 241, 258, 269, 276, 273,
    273, 268, 266, 264, 264, 265, 266 ]
RHandPositionsY: [ 255, 254, 255, 253, 252, 251, 252, 251, 256, 258, 250,
    244, 229, 218, 201, 185, 165, 153, 136, 129, 125, 113, 122, 124, 129,
    117, 105, 99, 92, 95, 87, 90, 106, 105, 105, 96, 97, 96, 92, 91, 89,
    95, 98, 98, 98, 97, 96, 93, 89, 88, 82, 88, 98, 100, 97, 94, 94, 92,
    93, 86, 87, 87, 90, 91, 91, 92, 86, 86, 90, 91, 92, 117, 137, 148,
    166, 187, 203, 225, 234, 244, 246, 246, 253, 253, 252, 253, 255, 258 ]
