%YAML:1.0
---
videoName: "RHShake21.mp4"
gestureLabel: 2
fps: 29
pixelSizeInCmTemp: 3.3732394366197183e-01
faceCenterPointX: 293
faceCenterPointY: 47
LHandPositionsX: [ 397, 398, 395, 397, 396, 397, 397, 395, 396, 395, 394,
    397, 397, 398, 394, 394, 395, 398, 394, 395, 394, 398, 394, 394, 394,
    397, 396, 397, 395, 398, 398, 394, 398, 398, 395, 395, 395, 397, 396,
    395, 396, 395, 398, 396, 394, 397, 397, 397, 394, 396, 398, 395, 398,
    397, 398, 398, 396, 396, 396, 396, 395, 398, 397, 397, 397, 398, 398,
    398, 394, 396, 396, 397, 394, 396, 397, 394, 396, 394, 396, 395, 398,
    394, 394, 396, 398, 396, 395, 394 ]
LHandPositionsY: [ 238, 239, 242, 240, 242, 239, 242, 242, 240, 241, 242,
    242, 241, 238, 241, 238, 241, 240, 242, 238, 240, 239, 240, 239, 242,
    238, 242, 241, 238, 239, 242, 239, 240, 241, 241, 238, 240, 239, 241,
    240, 240, 242, 239, 240, 242, 238, 238, 239, 240, 240, 242, 238, 240,
    240, 239, 241, 238, 240, 238, 240, 240, 241, 242, 239, 238, 238, 240,
    242, 242, 239, 239, 239, 239, 238, 239, 242, 242, 242, 242, 240, 239,
    242, 238, 242, 240, 238, 239, 241 ]
RHandPositionsX: [ 134, 140, 141, 146, 144, 147, 143, 140, 135, 135, 136,
    139, 143, 147, 148, 150, 146, 144, 140, 140, 136, 134, 141, 143, 147,
    150, 150, 149, 144, 145, 139, 139, 135, 141, 139, 145, 151, 151, 152,
    144, 140, 136, 136, 133, 135, 138, 147, 148, 148, 149, 145, 142, 140,
    134, 133, 134, 140, 145, 154, 163, 169, 179, 178, 179, 180, 186, 187,
    186, 188, 186, 192, 191, 185, 188, 187, 187, 189, 186, 188, 187, 188,
    187, 187, 188, 186, 189, 187, 189 ]
RHandPositionsY: [ 80, 88, 89, 88, 87, 84, 85, 81, 84, 79, 82, 85, 88,
    88, 90, 90, 89, 84, 84, 87, 83, 82, 80, 85, 91, 90, 91, 90, 88, 88,
    85, 85, 83, 85, 85, 90, 92, 96, 92, 91, 85, 86, 85, 88, 86, 92, 97,
    95, 96, 97, 94, 95, 95, 92, 93, 89, 94, 106, 115, 129, 137, 149, 153,
    153, 159, 170, 181, 191, 199, 211, 216, 212, 219, 225, 228, 227, 225,
    229, 230, 227, 229, 227, 230, 227, 229, 230, 228, 228 ]
