%YAML:1.0
---
videoName: "RHShake22.mp4"
gestureLabel: 2
fps: 29
pixelSizeInCmTemp: 3.3263888888888887e-01
faceCenterPointX: 290
faceCenterPointY: 48
LHandPositionsX: [ 392, 396, 392, 392, 393, 394, 393, 392, 393, 396, 394,
    392, 393, 395, 396, 393, 393, 395, 394, 395, 393, 394, 394, 396, 395,
    393, 393, 394, 392, 395, 392, 396, 392, 395, 392, 393, 394, 394, 395,
    392, 396, 394, 393, 393, 395, 394, 394, 394, 395, 396, 395, 395, 394,
    393, 394, 394, 395, 396, 392, 395, 395, 393, 394, 393, 396, 393, 393,
    392, 395, 395, 392, 394, 395, 393, 392, 395, 392, 392, 392, 396, 393,
    396, 394, 393, 396, 394, 394, 395 ]
LHandPositionsY: [ 234, 231, 234, 230, 230, 232, 232, 230, 230, 234, 233,
    230, 232, 232, 233, 230, 231, 230, 234, 232, 230, 230, 232, 232, 233,
    231, 234, 232, 233, 234, 233, 233, 231, 232, 234, 232, 233, 232, 234,
    233, 231, 232, 230, 234, 234, 231, 233, 233, 230, 234, 230, 230, 234,
    233, 232, 230, 234, 234, 232, 230, 230, 232, 234, 233, 231, 234, 233,
    231, 234, 234, 233, 234, 233, 231, 232, 230, 231, 230, 234, 234, 232,
    231, 231, 234, 231, 232, 232, 234 ]
RHandPositionsX: [ 150, 139, 129, 131, 132, 138, 143, 156, 163, 167, 166,
    163, 160, 156, 154, 149, 146, 146, 145, 156, 163, 170, 169, 172, 167,
    164, 165, 155, 154, 153, 152, 159, 168, 173, 172, 174, 173, 168, 166,
    164, 156, 156, 162, 166, 174, 175, 174, 171, 174, 167, 163, 156, 152,
    157, 157, 164, 173, 177, 180, 180, 179, 175, 171, 161, 156, 152, 155,
    157, 169, 177, 177, 178, 180, 180, 180, 178, 181, 183, 183, 184, 189,
    188, 187, 186, 190, 189, 188, 191 ]
RHandPositionsY: [ 139, 114, 102, 103, 98, 90, 84, 83, 90, 92, 90, 89,
    86, 80, 78, 78, 79, 78, 74, 87, 90, 93, 96, 97, 93, 87, 87, 84, 86,
    81, 79, 91, 91, 101, 102, 100, 94, 89, 86, 87, 84, 86, 85, 87, 95,
    97, 102, 99, 95, 93, 91, 91, 88, 84, 86, 84, 89, 102, 101, 103, 98,
    97, 93, 91, 94, 92, 89, 89, 90, 104, 106, 112, 116, 116, 120, 124,
    137, 149, 159, 168, 183, 194, 198, 203, 211, 221, 227, 224 ]
