%YAML:1.0
---
videoName: "RHShake06.mp4"
gestureLabel: 2
fps: 30
pixelSizeInCmTemp: 3.2808219178082193e-01
faceCenterPointX: 293
faceCenterPointY: 43
LHandPositionsX: [ 307, 306, 306, 310, 310, 307, 307, 308, 307, 309, 307,
    307, 309, 307, 309, 307, 312, 314, 316, 317, 317, 319, 320, 322, 319,
    321, 321, 319, 319, 319, 322, 322, 324, 322, 324, 325, 325, 323, 326,
    325, 323, 326, 322, 324, 323, 326, 325, 326, 326, 325, 324, 323, 325,
    322, 325, 322, 323, 324, 324, 326, 326, 325, 322, 323, 322, 324, 325,
    324, 323, 323, 324, 322, 326, 325, 326, 323, 324, 323, 324, 322, 326,
    326, 324, 318, 316, 316, 311, 310, 311, 311, 310 ]
LHandPositionsY: [ 269, 270, 269, 269, 267, 266, 270, 270, 270, 269, 269,
    267, 266, 270, 267, 269, 266, 269, 264, 263, 262, 261, 261, 259, 260,
    262, 260, 262, 262, 260, 260, 262, 258, 258, 261, 259, 262, 259, 258,
    262, 261, 261, 259, 259, 260, 258, 258, 258, 259, 260, 261, 260, 261,
    261, 260, 262, 261, 262, 262, 258, 259, 260, 258, 262, 260, 259, 261,
    259, 261, 260, 262, 262, 262, 259, 258, 259, 259, 260, 262, 258, 259,
    262, 258, 263, 264, 264, 267, 265, 264, 266, 264 ]
RHandPositionsX: [ 289, 288, 286, 284, 285, 288, 286, 287, 287, 286, 285,
    284, 287, 287, 287, 287, 287, 286, 276, 262, 242, 227, 200, 180, 161,
    148, 138, 133, 139, 140, 145, 144, 162, 164, 161, 160, 163, 163, 159,
    157, 160, 171, 184, 190, 187, 187, 182, 173, 167, 170, 168, 165, 175,
    184, 183, 182, 183, 188, 181, 173, 172, 163, 166, 181, 179, 176, 175,
    171, 163, 159, 163, 168, 171, 180, 194, 194, 209, 220, 231, 239, 248,
    251, 254, 248, 246, 256, 256, 254, 255, 254, 257 ]
RHandPositionsY: [ 267, 266, 270, 267, 270, 268, 268, 268, 268, 269, 267,
    267, 269, 270, 267, 266, 271, 269, 264, 261, 249, 233, 218, 197, 179,
    158, 138, 124, 114, 103, 111, 119, 129, 117, 107, 106, 99, 87, 89,
    92, 90, 93, 98, 99, 99, 95, 92, 89, 89, 89, 84, 90, 96, 99, 98, 101,
    98, 99, 97, 95, 91, 89, 95, 99, 101, 100, 104, 101, 103, 105, 116,
    129, 146, 161, 178, 182, 194, 205, 213, 224, 229, 237, 236, 238, 240,
    241, 240, 243, 244, 241, 246 ]
