%YAML:1.0
---
videoName: "RHShake21.mp4"
gestureLabel: 2
fps: 29
pixelSizeInCmTemp: 3.3732394366197183e-01
faceCenterPointX: 293
faceCenterPointY: 47
LHandPositionsX: [ 395, 394, 396, 396, 398, 396, 398, 398, 395, 395, 397,
    394, 397, 396, 397, 395, 395, 394, 394, 396, 396, 397, 395, 395, 398,
    397, 397, 398, 396, 397, 398, 394, 395, 394, 397, 398, 394, 394, 396,
    396, 397, 394, 394, 395, 397, 398, 395, 395, 398, 398, 395, 398, 394,
    396, 396, 398, 398, 397, 395, 394, 395, 395, 398, 396, 394, 398, 395,
    395, 397, 397, 396, 398, 394, 395, 395, 398, 398, 395, 397, 398, 396,
    397, 395, 395, 398, 396, 396, 398 ]
LHandPositionsY: [ 238, 242, 238, 240, 239, 242, 239, 240, 239, 240, 238,
    240, 242, 241, 241, 239, 242, 242, 238, 241, 242, 240, 241, 242, 239,
    239, 240, 239, 240, 238, 242, 241, 241, 239, 241, 240, 241, 242, 242,
    238, 238, 242, 238, 241, 241, 238, 238, 239, 239, 241, 242, 239, 242,
    239, 239, 238, 238, 238, 242, 242, 239, 239, 238, 241, 241, 240, 242,
    239, 241, 242, 242, 240, 239, 238, 240, 238, 240, 240, 241, 241, 242,
    242, 238, 239, 242, 239, 238, 239 ]
RHandPositionsX: [ 135, 141, 142, 142, 144, 144, 146, 140, 135, 136, 135,
    140, 145, 148, 149, 150, 149, 142, 138, 136, 134, 137, 139, 144, 148,
    149, 150, 150, 148, 144, 138, 138, 138, 138, 139, 146, 152, 151, 152,
    148, 140, 137, 135, 133, 137, 142, 144, 147, 150, 148, 148, 142, 138,
    134, 134, 133, 141, 148, 153, 164, 170, 175, 177, 181, 181, 182, 188,
    187, 187, 188, 190, 189, 188, 188, 190, 188, 187, 187, 187, 188, 186,
    188, 187, 189, 186, 188, 187, 187 ]
RHandPositionsY: [ 79, 87, 86, 88, 89, 86, 81, 83, 84, 79, 81, 83, 90,
    88, 92, 93, 92, 87, 87, 84, 87, 85, 82, 88, 88, 91, 92, 90, 88, 89,
    85, 83, 85, 84, 84, 88, 92, 95, 92, 92, 86, 85, 88, 86, 83, 93, 97,
    98, 96, 98, 97, 97, 94, 95, 91, 93, 94, 103, 115, 125, 138, 150, 154,
    149, 162, 167, 181, 188, 198, 209, 216, 212, 219, 226, 228, 228, 228,
    227, 229, 229, 227, 231, 230, 231, 230, 230, 230, 227 ]
