%YAML:1.0
---
videoName: "RHShake05.mp4"
gestureLabel: 2
fps: 30
pixelSizeInCmTemp: 3.1103896103896100e-01
faceCenterPointX: 295
faceCenterPointY: 47
LHandPositionsX: [ 410, 408, 412, 410, 411, 409, 412, 409, 408, 411, 410,
    409, 411, 410, 411, 412, 412, 409, 410, 410, 411, 411, 412, 411, 408,
    412, 408, 412, 412, 412, 412, 411, 412, 411, 411, 408, 409, 409, 408,
    411, 408, 410, 410, 411, 410, 408, 412, 408, 408, 412, 410, 410, 408,
    412, 409, 412, 411, 408, 411, 411, 412, 412, 412, 409, 410, 409, 409,
    412, 409, 411, 410, 410, 411, 412, 408, 412, 409, 411, 409, 409, 410,
    412, 410, 409, 410, 409, 408, 411, 410, 411, 410 ]
LHandPositionsY: [ 259, 258, 260, 258, 257, 258, 257, 258, 261, 258, 257,
    257, 258, 258, 261, 261, 257, 259, 258, 261, 260, 260, 259, 260, 261,
    259, 257, 259, 257, 260, 257, 260, 261, 259, 259, 261, 259, 257, 260,
    259, 261, 259, 260, 261, 261, 260, 260, 261, 258, 261, 260, 257, 257,
    258, 259, 258, 261, 260, 260, 260, 260, 260, 259, 257, 259, 261, 257,
    259, 259, 260, 260, 260, 261, 260, 260, 257, 260, 257, 259, 259, 258,
    259, 259, 261, 257, 257, 259, 261, 257, 260, 258 ]
RHandPositionsX: [ 176, 176, 176, 174, 174, 175, 177, 177, 173, 173, 176,
    174, 176, 173, 174, 172, 173, 172, 173, 171, 173, 174, 170, 175, 176,
    177, 182, 177, 173, 166, 151, 156, 154, 158, 165, 176, 190, 199, 188,
    182, 173, 175, 169, 170, 174, 179, 188, 185, 177, 173, 173, 170, 167,
    174, 179, 189, 185, 179, 171, 169, 168, 171, 176, 188, 193, 193, 185,
    182, 180, 181, 179, 179, 187, 193, 197, 190, 180, 174, 170, 171, 172,
    174, 182, 185, 188, 188, 181, 177, 176, 179, 179 ]
RHandPositionsY: [ 261, 260, 259, 260, 258, 262, 261, 261, 258, 262, 262,
    259, 259, 262, 262, 260, 262, 260, 261, 258, 260, 263, 263, 261, 258,
    251, 230, 209, 181, 156, 130, 128, 104, 94, 90, 91, 94, 92, 91, 87,
    83, 81, 78, 83, 83, 87, 84, 82, 77, 75, 74, 77, 80, 86, 85, 90, 89,
    86, 86, 83, 82, 83, 87, 94, 91, 91, 88, 86, 83, 84, 83, 86, 90, 89,
    93, 91, 88, 88, 89, 93, 110, 135, 157, 181, 204, 220, 224, 232, 242,
    247, 249 ]
