%YAML:1.0
---
videoName: "RHShake11.mp4"
gestureLabel: 2
fps: 29
pixelSizeInCmTemp: 3.3263888888888887e-01
faceCenterPointX: 274
faceCenterPointY: 53
LHandPositionsX: [ 309, 310, 307, 310, 310, 310, 309, 308, 308, 311, 309,
    310, 307, 311, 307, 310, 308, 311, 307, 307, 307, 311, 310, 309, 309,
    311, 307, 310, 309, 309, 307, 311, 309, 310, 311, 308, 309, 311, 310,
    308, 308, 307, 310, 311, 307, 311, 311, 311, 307, 307, 308, 310, 310,
    308, 311, 310, 308, 310, 310, 307, 307, 308, 308, 308, 307, 308, 310,
    311, 311, 308, 308, 307, 309, 309, 307, 308, 307, 305, 309, 306, 303,
    305, 306, 303, 307, 305, 307, 307 ]
LHandPositionsY: [ 246, 247, 248, 245, 247, 248, 245, 247, 246, 247, 248,
    249, 248, 248, 245, 247, 245, 247, 245, 248, 245, 248, 245, 249, 245,
    245, 248, 245, 247, 246, 248, 249, 245, 245, 249, 249, 248, 246, 246,
    245, 246, 248, 246, 245, 245, 247, 245, 245, 245, 245, 249, 248, 249,
    245, 245, 245, 245, 246, 249, 245, 249, 249, 247, 246, 246, 249, 246,
    245, 244, 246, 245, 243, 243, 246, 243, 246, 246, 245, 247, 247, 247,
    243, 244, 243, 244, 243, 247, 243 ]
RHandPositionsX: [ 249, 251, 247, 245, 238, 228, 212, 191, 174, 159, 149,
    140, 147, 143, 150, 156, 160, 165, 170, 172, 168, 164, 158, 155, 153,
    151, 158, 164, 170, 165, 166, 170, 164, 160, 156, 156, 155, 152, 158,
    168, 171, 167, 173, 168, 165, 159, 159, 156, 158, 160, 163, 174, 175,
    179, 178, 176, 174, 170, 166, 163, 161, 155, 162, 167, 173, 182, 194,
    208, 220, 229, 241, 247, 253, 261, 262, 262, 259, 261, 263, 262, 262,
    259, 262, 262, 259, 258, 262, 258 ]
RHandPositionsY: [ 247, 249, 249, 242, 230, 222, 208, 193, 177, 160, 142,
    126, 128, 113, 106, 103, 106, 105, 105, 101, 102, 99, 97, 95, 93, 93,
    93, 102, 101, 98, 98, 100, 99, 97, 93, 95, 93, 98, 100, 104, 107,
    104, 104, 103, 102, 104, 100, 98, 97, 97, 104, 107, 109, 108, 108,
    104, 103, 104, 100, 102, 100, 100, 105, 109, 117, 127, 141, 159, 171,
    188, 203, 211, 222, 229, 235, 236, 239, 238, 240, 242, 241, 240, 238,
    242, 239, 238, 242, 238 ]
