%YAML:1.0
---
videoName: "RHShake21.mp4"
gestureLabel: 2
fps: 29
pixelSizeInCmTemp: 3.3732394366197183e-01
faceCenterPointX: 293
faceCenterPointY: 47
LHandPositionsX: [ 397, 397, 395, 398, 395, 398, 394, 396, 396, 398, 396,
    394, 398, 398, 394, 394, 397, 395, 396, 394, 397, 394, 395, 397, 397,
    396, 394, 395, 395, 398, 398, 394, 394, 398, 397, 398, 398, 396, 397,
    398, 398, 398, 396, 397, 396, 395, 397, 394, 397, 396, 394, 394, 394,
    397, 396, 396, 396, 396, 396, 397, 398, 396, 395, 398, 396, 396, 398,
    395, 394, 394, 397, 394, 396, 397, 397, 394, 394, 397, 397, 394, 395,
    395, 394, 394, 394, 396, 395, 394 ]
LHandPositionsY: [ 240, 240, 242, 241, 242, 240, 241, 238, 238, 240, 239,
    239, 241, 242, 238, 241, 238, 241, 241, 238, 241, 241, 242, 242, 238,
    239, 241, 238, 242, 241, 242, 240, 242, 241, 241, 241, 242, 240, 239,
    240, 241, 239, 240, 239, 238, 240, 239, 242, 239, 241, 242, 239, 238,
    242, 241, 240, 238, 239, 241, 242, 242, 240, 240, 241, 240, 238, 239,
    239, 241, 241, 240, 239, 238, 241, 241, 238, 242, 242, 240, 241, 239,
    242, 240, 241, 239, 241, 241, 242 ]
RHandPositionsX: [ 134, 142, 141, 145, 148, 146, 146, 141, 138, 134, 133,
    141, 144, 149, 148, 147, 148, 144, 141, 137, 137, 133, 138, 144, 149,
    150, 150, 149, 144, 146, 138, 135, 136, 138, 139, 147, 150, 151, 151,
    148, 141, 135, 138, 137, 135, 139, 144, 150, 150, 149, 146, 144, 137,
    137, 131, 134, 138, 148, 152, 162, 168, 179, 178, 180, 182, 183, 187,
    189, 189, 188, 188, 191, 186, 186, 187, 189, 189, 185, 189, 186, 189,
    187, 186, 186, 187, 188, 187, 187 ]
RHandPositionsY: [ 79, 86, 89, 90, 89, 83, 82, 81, 83, 81, 81, 83, 88,
    91, 89, 93, 89, 87, 85, 84, 87, 83, 80, 85, 88, 93, 93, 92, 91, 85,
    86, 86, 81, 84, 87, 87, 90, 96, 95, 91, 88, 86, 87, 86, 85, 92, 99,
    97, 97, 100, 97, 97, 92, 93, 94, 91, 94, 105, 114, 126, 139, 152,
    154, 152, 158, 168, 177, 189, 198, 208, 213, 213, 222, 224, 226, 225,
    228, 230, 229, 231, 228, 228, 229, 229, 230, 229, 231, 228 ]
