%YAML:1.0
---
videoName: "RHShake16.mp4"
gestureLabel: 2
fps: 29
pixelSizeInCmTemp: 3.2808219178082193e-01
faceCenterPointX: 281
faceCenterPointY: 44
LHandPositionsX: [ 369, 370, 369, 372, 372, 370, 372, 372, 373, 373, 371,
    369, 372, 369, 371, 373, 369, 371, 372, 369, 369, 370, 373, 372, 373,
    373, 369, 370, 373, 372, 370, 371, 371, 373, 372, 370, 370, 372, 372,
    369, 369, 372, 373, 369, 373, 373, 370, 370, 372, 372, 371, 370, 369,
    371, 372, 371, 371, 369, 371, 371, 370, 372, 371, 370, 372, 372, 370,
    369, 369, 372, 371, 373, 369, 372, 371, 369, 370, 371, 371, 373, 373,
    373, 371, 372, 369, 371, 370, 370 ]
LHandPositionsY: [ 230, 234, 234, 231, 232, 234, 231, 231, 234, 230, 233,
    233, 231, 233, 234, 232, 230, 230, 231, 232, 234, 230, 233, 234, 233,
    232, 233, 232, 233, 230, 230, 234, 233, 232, 234, 233, 233, 231, 234,
    233, 233, 233, 230, 232, 230, 234, 233, 230, 234, 231, 231, 230, 231,
    230, 230, 231, 229, 230, 230, 232, 233, 233, 232, 233, 231, 232, 230,
    231, 230, 233, 229, 233, 229, 233, 230, 233, 232, 231, 230, 230, 232,
    230, 230, 233, 230, 230, 229, 230 ]
RHandPositionsX: [ 169, 167, 170, 171, 170, 169, 169, 168, 168, 171, 170,
    170, 168, 169, 171, 169, 167, 168, 165, 153, 152, 148, 138, 131, 124,
    122, 118, 120, 122, 123, 128, 128, 136, 143, 144, 140, 136, 138, 139,
    137, 141, 143, 149, 151, 150, 146, 150, 147, 146, 149, 151, 150, 154,
    148, 150, 146, 149, 145, 147, 153, 156, 156, 157, 152, 154, 153, 151,
    150, 154, 161, 168, 173, 172, 174, 176, 176, 175, 173, 171, 168, 170,
    172, 172, 172, 170, 170, 170, 172 ]
RHandPositionsY: [ 267, 269, 269, 268, 267, 267, 268, 266, 266, 266, 265,
    265, 268, 267, 267, 267, 267, 263, 254, 245, 221, 201, 176, 162, 145,
    131, 116, 117, 108, 104, 104, 104, 97, 95, 95, 95, 91, 90, 91, 89,
    91, 92, 90, 88, 87, 86, 86, 87, 89, 86, 88, 89, 87, 85, 88, 86, 84,
    86, 89, 89, 92, 87, 90, 86, 86, 88, 92, 95, 103, 117, 131, 148, 158,
    170, 182, 191, 197, 202, 212, 217, 222, 225, 225, 231, 239, 236, 234,
    238 ]
