%YAML:1.0
---
videoName: "RHShake08.mp4"
gestureLabel: 2
fps: 29
pixelSizeInCmTemp: 3.2808219178082193e-01
faceCenterPointX: 290
faceCenterPointY: 45
LHandPositionsX: [ 313, 314, 317, 317, 313, 315, 316, 316, 315, 311, 309,
    310, 310, 310, 309, 310, 310, 309, 308, 308, 309, 308, 306, 310, 308,
    308, 307, 306, 308, 307, 308, 306, 306, 309, 311, 309, 307, 309, 306,
    308, 310, 309, 310, 309, 308, 309, 309, 307, 305, 308, 306, 308, 307,
    306, 306, 306, 309, 306, 305, 306, 307, 305, 305, 306, 309, 309, 306,
    307, 305, 307, 305, 305, 307, 308, 306, 306, 305, 307, 306, 309, 305,
    307, 306, 310, 308, 308, 307, 311 ]
LHandPositionsY: [ 279, 280, 283, 280, 279, 283, 282, 285, 284, 283, 281,
    285, 281, 281, 282, 281, 284, 283, 284, 285, 284, 282, 284, 283, 284,
    281, 285, 281, 281, 281, 284, 285, 282, 285, 283, 283, 285, 281, 283,
    285, 282, 281, 282, 280, 282, 283, 284, 280, 280, 284, 282, 281, 284,
    283, 282, 282, 282, 281, 283, 284, 283, 284, 280, 283, 282, 280, 284,
    282, 281, 284, 282, 282, 284, 284, 280, 282, 282, 280, 281, 282, 283,
    280, 280, 283, 281, 282, 282, 282 ]
RHandPositionsX: [ 268, 271, 271, 270, 270, 269, 274, 277, 265, 260, 257,
    258, 249, 237, 218, 203, 184, 166, 158, 158, 165, 172, 199, 198, 207,
    198, 193, 188, 184, 177, 187, 189, 202, 202, 197, 194, 185, 180, 179,
    176, 191, 188, 187, 187, 181, 177, 176, 172, 177, 180, 184, 186, 190,
    186, 193, 189, 187, 202, 202, 216, 211, 204, 205, 197, 198, 197, 203,
    205, 217, 214, 210, 214, 222, 228, 240, 246, 250, 262, 262, 265, 265,
    270, 268, 271, 276, 277, 272, 272 ]
RHandPositionsY: [ 268, 268, 270, 269, 266, 269, 270, 270, 264, 263, 255,
    246, 232, 219, 203, 185, 174, 152, 131, 129, 114, 111, 107, 106, 111,
    102, 97, 94, 93, 90, 91, 93, 94, 93, 93, 89, 89, 89, 87, 90, 93, 91,
    93, 94, 87, 88, 86, 86, 90, 96, 96, 96, 101, 98, 92, 93, 93, 94, 98,
    96, 98, 97, 96, 91, 93, 92, 97, 99, 104, 109, 110, 124, 130, 144,
    159, 174, 191, 216, 228, 246, 259, 258, 260, 260, 261, 263, 262, 263 ]
