%YAML:1.0
---
videoName: "RHShake07.mp4"
gestureLabel: 2
fps: 29
pixelSizeInCmTemp: 3.2364864864864862e-01
faceCenterPointX: 292
faceCenterPointY: 44
LHandPositionsX: [ 307, 308, 310, 306, 307, 308, 308, 309, 307, 305, 309,
    310, 312, 312, 310, 314, 311, 314, 312, 310, 310, 313, 312, 314, 310,
    311, 310, 312, 310, 314, 313, 313, 313, 314, 312, 315, 316, 316, 316,
    312, 312, 313, 313, 315, 312, 316, 314, 313, 314, 312, 316, 316, 314,
    313, 316, 313, 312, 315, 312, 315, 316, 315, 314, 312, 313, 315, 312,
    314, 313, 312, 315, 316, 313, 317, 316, 314, 316, 315, 316, 312, 310,
    308, 308, 308, 310, 309, 309, 309 ]
LHandPositionsY: [ 268, 268, 270, 267, 268, 271, 269, 270, 274, 274, 274,
    269, 269, 269, 268, 269, 267, 269, 270, 269, 270, 269, 268, 270, 267,
    271, 267, 269, 271, 270, 268, 267, 268, 268, 269, 269, 271, 267, 268,
    271, 271, 271, 271, 270, 269, 268, 271, 268, 267, 270, 270, 271, 269,
    269, 267, 271, 270, 270, 268, 267, 268, 268, 271, 271, 269, 270, 270,
    268, 271, 267, 271, 266, 270, 268, 266, 270, 266, 267, 271, 271, 269,
    270, 270, 271, 272, 274, 271, 275 ]
RHandPositionsX: [ 265, 267, 265, 266, 267, 267, 267, 268, 262, 271, 267,
    261, 252, 235, 216, 197, 177, 162, 152, 153, 157, 156, 156, 159, 162,
    181, 191, 184, 179, 171, 168, 164, 180, 179, 186, 186, 182, 177, 169,
    170, 173, 174, 181, 183, 187, 182, 177, 173, 165, 167, 166, 185, 187,
    199, 193, 187, 181, 179, 172, 169, 165, 165, 169, 172, 175, 182, 177,
    175, 172, 166, 157, 166, 179, 195, 215, 228, 245, 257, 273, 277, 271,
    272, 269, 263, 262, 267, 267, 266 ]
RHandPositionsY: [ 255, 253, 251, 251, 252, 253, 252, 251, 256, 257, 249,
    242, 232, 219, 202, 183, 167, 155, 132, 133, 126, 114, 121, 127, 127,
    117, 105, 98, 90, 92, 89, 90, 109, 106, 101, 96, 96, 96, 94, 90, 90,
    94, 98, 98, 95, 98, 95, 93, 89, 84, 83, 91, 95, 102, 101, 96, 93, 93,
    91, 89, 87, 88, 91, 93, 93, 91, 86, 85, 86, 87, 93, 116, 139, 150,
    164, 184, 203, 229, 238, 241, 245, 246, 251, 252, 252, 253, 255, 256 ]
