%YAML:1.0
---
videoName: "RHShake05.mp4"
gestureLabel: 2
fps: 30
pixelSizeInCmTemp: 3.1103896103896100e-01
faceCenterPointX: 295
faceCenterPointY: 47
LHandPositionsX: [ 410, 408, 412, 409, 410, 412, 409, 410, 410, 408, 409,
    409, 408, 411, 410, 409, 410, 411, 409, 408, 412, 409, 408, 411, 412,
    408, 411, 412, 412, 411, 410, 410, 412, 409, 408, 408, 410, 412, 410,
    409, 412, 411, 411, 412, 412, 411, 412, 411, 412, 409, 412, 409, 409,
    409, 411, 410, 412, 408, 412, 412, 411, 411, 412, 412, 408, 411, 409,
    408, 408, 410, 411, 408, 409, 412, 410, 411, 411, 411, 412, 410, 408,
    410, 410, 408, 411, 408, 410, 408, 410, 411, 408 ]
LHandPositionsY: [ 260, 258, 258, 260, 257, 260, 259, 261, 258, 261, 261,
    260, 258, 258, 259, 260, 261, 260, 258, 258, 261, 258, 257, 257, 261,
    258, 258, 258, 257, 260, 257, 258, 257, 258, 258, 261, 259, 260, 257,
    259, 258, 261, 261, 258, 260, 261, 257, 257, 260, 259, 260, 258, 260,
    258, 259, 260, 260, 258, 257, 259, 261, 261, 260, 260, 260, 259, 261,
    258, 257, 261, 261, 258, 260, 258, 258, 260, 260, 259, 260, 260, 260,
    258, 260, 260, 261, 260, 257, 259, 258, 259, 259 ]
RHandPositionsX: [ 177, 175, 174, 174, 175, 175, 174, 176, 173, 175, 173,
    174, 174, 176, 172, 175, 175, 172, 172, 174, 172, 174, 171, 176, 176,
    176, 181, 179, 175, 163, 151, 155, 154, 157, 166, 174, 189, 197, 191,
    183, 176, 175, 171, 171, 175, 176, 187, 181, 176, 173, 173, 166, 169,
    172, 180, 190, 186, 181, 175, 171, 170, 167, 177, 189, 193, 191, 186,
    180, 177, 178, 181, 179, 189, 192, 196, 191, 183, 173, 173, 171, 171,
    175, 182, 184, 190, 190, 183, 177, 177, 178, 177 ]
RHandPositionsY: [ 262, 262, 259, 261, 262, 259, 261, 262, 259, 261, 258,
    258, 259, 259, 262, 262, 260, 259, 259, 258, 260, 263, 259, 260, 259,
    249, 232, 206, 181, 158, 129, 127, 105, 90, 87, 91, 96, 91, 90, 85,
    82, 80, 78, 81, 84, 86, 80, 81, 77, 72, 72, 76, 80, 87, 83, 92, 89,
    85, 85, 84, 84, 84, 90, 93, 92, 92, 90, 86, 81, 85, 81, 86, 89, 92,
    91, 87, 91, 86, 87, 94, 111, 131, 158, 179, 204, 221, 227, 232, 241,
    250, 248 ]
