%YAML:1.0
---
videoName: "RHShake12.mp4"
gestureLabel: 2
fps: 29
pixelSizeInCmTemp: 3.3732394366197183e-01
faceCenterPointX: 299
faceCenterPointY: 45
LHandPositionsX: [ 405, 407, 404, 407, 407, 407, 407, 407, 406, 404, 406,
    406, 408, 407, 406, 407, 406, 407, 404, 404, 405, 408, 408, 407, 404,
    408, 406, 408, 406, 405, 407, 405, 408, 404, 405, 406, 405, 406, 406,
    407, 407, 405, 407, 405, 408, 408, 408, 405, 406, 408, 405, 404, 404,
    405, 405, 407, 404, 406, 406, 405, 407, 405, 406, 405, 408, 404, 406,
    408, 404, 408, 407, 406, 406, 405, 404, 406, 406, 405, 404, 404, 408,
    408, 406, 404, 404, 405, 405, 408 ]
LHandPositionsY: [ 239, 241, 243, 241, 239, 243, 241, 239, 240, 242, 239,
    241, 243, 240, 243, 242, 243, 239, 240, 239, 242, 241, 242, 242, 243,
    243, 240, 242, 240, 240, 240, 239, 241, 239, 240, 241, 239, 240, 239,
    241, 240, 242, 241, 243, 242, 242, 239, 243, 240, 241, 239, 241, 240,
    241, 242, 243, 242, 243, 240, 242, 239, 239, 239, 241, 243, 241, 243,
    241, 243, 239, 241, 242, 243, 242, 242, 241, 243, 239, 241, 239, 242,
    242, 243, 242, 243, 241, 243, 240 ]
RHandPositionsX: [ 168, 165, 163, 162, 161, 170, 180, 193, 190, 197, 191,
    182, 178, 172, 171, 167, 171, 176, 185, 185, 187, 185, 181, 174, 171,
    168, 167, 173, 187, 194, 193, 193, 183, 182, 174, 176, 172, 176, 181,
    190, 197, 193, 186, 181, 175, 175, 170, 171, 178, 189, 194, 191, 195,
    189, 185, 178, 175, 176, 173, 175, 179, 192, 198, 201, 205, 202, 197,
    189, 188, 185, 185, 187, 188, 195, 197, 196, 197, 198, 203, 203, 198,
    198, 198, 196, 196, 196, 202, 200 ]
RHandPositionsY: [ 137, 129, 117, 114, 106, 95, 97, 102, 107, 111, 101,
    93, 91, 87, 89, 87, 84, 90, 99, 102, 106, 99, 90, 89, 89, 85, 82, 89,
    99, 113, 109, 109, 99, 94, 93, 94, 91, 87, 94, 110, 114, 113, 101,
    99, 93, 95, 91, 87, 93, 109, 111, 114, 114, 101, 93, 90, 90, 89, 85,
    88, 94, 108, 119, 117, 121, 117, 114, 106, 111, 111, 118, 126, 135,
    150, 159, 164, 168, 175, 186, 194, 200, 207, 213, 219, 221, 225, 232,
    231 ]
