%YAML:1.0
---
videoName: "RHShake19.mp4"
gestureLabel: 2
fps: 29
pixelSizeInCmTemp: 3.2808219178082193e-01
faceCenterPointX: 283
faceCenterPointY: 48
LHandPositionsX: [ 390, 389, 389, 391, 389, 389, 392, 391, 392, 389, 388,
    390, 389, 392, 390, 390, 388, 391, 390, 389, 388, 388, 392, 392, 390,
    388, 390, 392, 389, 389, 391, 390, 389, 390, 388, 390, 390, 392, 390,
    392, 388, 392, 392, 392, 388, 391, 390, 388, 388, 390, 390, 392, 392,
    391, 391, 391, 389, 392, 388, 388, 390, 388, 390, 392, 392, 389, 392,
    391, 388, 389, 390, 392, 390, 390, 388, 388, 391, 389, 391, 391, 392,
    391, 390, 391, 390, 391, 388, 389 ]
LHandPositionsY: [ 240, 243, 242, 242, 240, 244, 244, 241, 244, 243, 241,
    241, 240, 241, 243, 241, 242, 241, 242, 240, 242, 244, 241, 243, 243,
    241, 241, 241, 244, 240, 240, 242, 241, 243, 244, 240, 241, 243, 243,
    244, 243, 242, 244, 244, 241, 244, 242, 242, 241, 241, 242, 240, 243,
    240, 241, 243, 243, 244, 241, 240, 244, 242, 243, 243, 242, 243, 242,
    244, 241, 240, 244, 243, 240, 243, 240, 241, 242, 242, 240, 244, 243,
    244, 244, 243, 242, 240, 240, 243 ]
RHandPositionsX: [ 157, 174, 181, 182, 185, 184, 174, 172, 164, 160, 164,
    164, 168, 179, 182, 183, 184, 176, 177, 172, 162, 159, 161, 165, 169,
    177, 174, 175, 172, 165, 159, 157, 158, 166, 167, 176, 178, 180, 177,
    173, 169, 164, 161, 160, 161, 169, 178, 178, 180, 182, 179, 177, 167,
    169, 169, 168, 169, 179, 181, 181, 183, 180, 172, 174, 170, 167, 171,
    177, 177, 183, 187, 190, 191, 187, 187, 187, 182, 181, 180, 182, 179,
    181, 179, 180, 178, 178, 181, 179 ]
RHandPositionsY: [ 88, 93, 96, 96, 95, 90, 86, 83, 76, 78, 75, 74, 77,
    85, 90, 90, 88, 84, 80, 75, 76, 76, 74, 76, 81, 88, 94, 92, 90, 88,
    82, 82, 82, 84, 88, 91, 96, 94, 95, 93, 89, 87, 84, 86, 82, 83, 90,
    99, 100, 102, 100, 94, 94, 97, 96, 97, 101, 105, 105, 111, 104, 102,
    100, 99, 101, 99, 109, 124, 140, 148, 165, 175, 185, 190, 201, 211,
    218, 226, 232, 237, 236, 237, 240, 243, 242, 241, 239, 242 ]
