%YAML:1.0
---
videoName: "RHShake01.mp4"
gestureLabel: 2
fps: 29
pixelSizeInCmTemp: 3.1513157894736843e-01
faceCenterPointX: 292
faceCenterPointY: 51
LHandPositionsX: [ 392, 392, 394, 393, 396, 395, 393, 395, 396, 393, 393,
    392, 396, 393, 395, 393, 392, 393, 393, 394, 393, 395, 392, 395, 392,
    393, 393, 393, 393, 392, 392, 394, 395, 392, 393, 391, 392, 394, 395,
    395, 392, 392, 391, 392, 395, 394, 393, 392, 391, 394, 392, 392, 395,
    392, 395, 394, 391, 391, 391, 395, 392, 393, 391, 395, 391, 392, 391,
    393, 393, 393, 395, 394, 394, 394, 391, 393, 392, 393, 395, 392, 392,
    394, 392, 393, 392, 392, 392, 393 ]
LHandPositionsY: [ 255, 255, 256, 256, 256, 256, 256, 255, 257, 256, 257,
    256, 253, 254, 253, 253, 257, 256, 255, 255, 256, 254, 257, 253, 255,
    257, 257, 253, 256, 255, 255, 254, 253, 257, 254, 253, 256, 253, 257,
    254, 257, 255, 253, 257, 254, 256, 255, 255, 253, 253, 256, 256, 256,
    253, 257, 254, 255, 255, 253, 257, 256, 253, 257, 256, 253, 256, 253,
    254, 256, 254, 254, 257, 254, 256, 253, 256, 255, 254, 256, 253, 255,
    256, 256, 254, 257, 257, 253, 255 ]
RHandPositionsX: [ 171, 170, 168, 169, 171, 170, 167, 171, 171, 171, 168,
    170, 169, 171, 167, 169, 170, 168, 171, 167, 171, 168, 172, 169, 173,
    170, 171, 177, 176, 169, 166, 159, 155, 151, 156, 163, 171, 180, 193,
    190, 190, 186, 182, 175, 177, 172, 176, 187, 195, 194, 189, 192, 181,
    178, 177, 182, 177, 186, 187, 195, 189, 196, 196, 188, 182, 176, 177,
    181, 188, 194, 196, 196, 198, 197, 193, 190, 186, 190, 190, 184, 180,
    175, 174, 175, 171, 171, 174, 173 ]
RHandPositionsY: [ 276, 278, 278, 276, 276, 276, 277, 279, 276, 280, 279,
    279, 278, 276, 280, 278, 276, 276, 280, 278, 279, 277, 277, 278, 276,
    276, 267, 248, 228, 207, 185, 168, 153, 134, 130, 117, 107, 110, 113,
    111, 105, 104, 99, 98, 98, 99, 99, 98, 102, 100, 97, 94, 97, 94, 94,
    90, 97, 98, 99, 104, 101, 98, 100, 99, 98, 94, 94, 96, 100, 108, 113,
    123, 135, 148, 161, 178, 193, 203, 205, 211, 221, 229, 233, 243, 244,
    244, 244, 249 ]
