%YAML:1.0
---
videoName: "RHShake24.mp4"
gestureLabel: 2
fps: 30
pixelSizeInCmTemp: 3.3732394366197183e-01
faceCenterPointX: 304
faceCenterPointY: 46
LHandPositionsX: [ 389, 392, 390, 393, 391, 392, 392, 393, 392, 390, 391,
    393, 391, 391, 390, 391, 392, 391, 392, 391, 391, 392, 389, 389, 390,
    393, 392, 391, 393, 390, 390, 393, 390, 391, 393, 390, 389, 393, 391,
    393, 392, 390, 389, 389, 391, 391, 393, 389, 389, 389, 391, 389, 389,
    392, 393, 391, 391, 389, 390, 393, 391, 392, 389, 392, 393, 392, 393,
    393, 393, 391, 392, 391, 390, 390, 390, 392, 392, 389, 389, 393, 393,
    390, 389, 389, 391, 393, 392, 390, 391, 392, 389 ]
LHandPositionsY: [ 227, 226, 229, 229, 228, 227, 226, 227, 227, 226, 228,
    226, 225, 229, 229, 228, 226, 225, 228, 226, 228, 225, 225, 226, 227,
    227, 228, 226, 227, 225, 228, 228, 227, 226, 226, 228, 227, 227, 226,
    225, 227, 229, 225, 225, 225, 227, 227, 229, 225, 228, 229, 229, 228,
    226, 228, 226, 228, 229, 226, 225, 227, 227, 226, 227, 228, 228, 225,
    226, 227, 225, 227, 225, 226, 225, 226, 227, 225, 225, 225, 228, 229,
    228, 226, 229, 226, 225, 225, 225, 225, 227, 226 ]
RHandPositionsX: [ 143, 147, 150, 149, 156, 157, 153, 149, 145, 140, 139,
    137, 143, 154, 161, 161, 164, 160, 161, 157, 152, 143, 142, 139, 142,
    146, 156, 160, 161, 157, 155, 154, 149, 144, 144, 141, 149, 153, 158,
    159, 159, 164, 157, 156, 150, 144, 143, 143, 144, 148, 162, 164, 164,
    169, 171, 163, 160, 152, 153, 149, 146, 149, 153, 162, 168, 167, 171,
    171, 173, 178, 182, 181, 185, 188, 187, 192, 191, 194, 194, 194, 193,
    194, 193, 196, 192, 196, 196, 195, 195, 193, 193 ]
RHandPositionsY: [ 97, 102, 101, 100, 103, 100, 93, 89, 87, 89, 87, 86,
    85, 102, 108, 109, 111, 115, 106, 101, 98, 98, 96, 93, 90, 102, 112,
    110, 114, 111, 105, 100, 95, 97, 92, 94, 93, 96, 103, 109, 110, 114,
    110, 104, 102, 97, 96, 95, 96, 108, 121, 121, 121, 124, 118, 103,
    102, 101, 103, 99, 96, 97, 106, 110, 112, 117, 118, 124, 131, 141,
    152, 151, 153, 156, 164, 173, 180, 186, 197, 204, 212, 209, 213, 213,
    218, 218, 219, 224, 224, 225, 225 ]
