%YAML:1.0
---
videoName: "RHShake00.mp4"
gestureLabel: 2
fps: 29
pixelSizeInCmTemp: 3.4710144927536229e-01
faceCenterPointX: 283
faceCenterPointY: 97
LHandPositionsX: [ 343, 345, 343, 345, 342, 345, 346, 342, 345, 346, 342,
    343, 343, 345, 342, 346, 342, 342, 346, 343, 346, 346, 342, 345, 343,
    343, 342, 342, 345, 344, 344, 342, 345, 344, 343, 343, 346, 346, 345,
    344, 345, 343, 344, 346, 346, 342, 343, 344, 343, 346, 345, 343, 342,
    346, 345, 343, 346, 344, 342, 346, 343, 344, 345, 346, 345, 343, 345,
    345, 342, 345, 346, 342, 344, 343, 342, 343, 342, 345, 344, 344, 344,
    346, 344, 345, 344, 344, 343, 346 ]
LHandPositionsY: [ 274, 273, 273, 275, 273, 273, 273, 275, 273, 274, 275,
    274, 274, 273, 272, 274, 273, 275, 273, 273, 272, 273, 272, 273, 276,
    276, 275, 273, 276, 276, 276, 272, 272, 273, 274, 272, 275, 272, 272,
    276, 273, 275, 272, 273, 273, 275, 272, 275, 275, 274, 273, 272, 273,
    275, 272, 272, 276, 274, 272, 273, 272, 276, 275, 276, 274, 274, 272,
    273, 274, 275, 275, 272, 272, 272, 273, 272, 274, 274, 275, 274, 275,
    275, 276, 276, 276, 273, 273, 273 ]
RHandPositionsX: [ 180, 175, 166, 154, 147, 148, 147, 146, 143, 141, 143,
    146, 149, 169, 165, 166, 168, 168, 162, 159, 151, 150, 149, 149, 151,
    165, 163, 166, 167, 163, 155, 152, 149, 148, 150, 153, 162, 162, 163,
    164, 160, 156, 147, 145, 141, 145, 150, 153, 153, 156, 159, 161, 157,
    152, 143, 144, 144, 151, 155, 160, 162, 161, 167, 161, 156, 152, 148,
    140, 143, 144, 148, 155, 157, 159, 164, 167, 168, 173, 179, 179, 186,
    185, 191, 191, 191, 195, 199, 195 ]
RHandPositionsY: [ 259, 250, 240, 221, 203, 187, 175, 167, 160, 150, 143,
    135, 130, 132, 137, 138, 134, 130, 127, 123, 122, 121, 119, 121, 127,
    132, 132, 133, 136, 130, 126, 128, 124, 122, 131, 136, 139, 138, 139,
    138, 138, 135, 131, 130, 131, 132, 131, 136, 140, 139, 140, 142, 135,
    131, 129, 128, 130, 132, 139, 145, 144, 146, 149, 147, 142, 138, 136,
    136, 143, 147, 158, 163, 167, 175, 181, 191, 196, 206, 213, 220, 229,
    237, 244, 248, 251, 258, 264, 261 ]
