%YAML:1.0
---
videoName: "RHShake07.mp4"
gestureLabel: 2
fps: 29
pixelSizeInCmTemp: 3.2364864864864862e-01
faceCenterPointX: 292
faceCenterPointY: 44
LHandPositionsX: [ 307, 307, 307, 306, 307, 307, 310, 307, 309, 308, 310,
    309, 309, 310, 312, 314, 310, 311, 311, 312, 313, 311, 313, 310, 312,
    310, 310, 311, 312, 313, 312, 314, 316, 314, 316, 311, 312, 315, 312,
    315, 315, 312, 314, 316, 313, 313, 314, 312, 313, 313, 316, 313, 314,
    312, 312, 314, 314, 314, 315, 313, 313, 315, 316, 316, 316, 316, 312,
    312, 314, 314, 316, 315, 315, 315, 314, 317, 314, 315, 312, 314, 310,
    310, 311, 311, 311, 309, 311, 312 ]
LHandPositionsY: [ 268, 271, 269, 270, 270, 267, 271, 270, 270, 272, 270,
    270, 272, 269, 269, 268, 271, 271, 269, 268, 268, 268, 269, 268, 267,
    268, 268, 267, 267, 268, 271, 269, 267, 270, 269, 269, 268, 271, 270,
    268, 271, 267, 271, 267, 269, 268, 269, 269, 268, 271, 271, 270, 267,
    269, 271, 267, 271, 267, 271, 267, 270, 267, 267, 268, 268, 267, 267,
    268, 270, 269, 267, 268, 269, 266, 269, 266, 268, 266, 269, 269, 270,
    270, 272, 271, 271, 274, 274, 275 ]
RHandPositionsX: [ 263, 263, 265, 264, 264, 265, 266, 266, 263, 269, 267,
    264, 256, 235, 215, 194, 177, 162, 151, 156, 157, 154, 158, 161, 165,
    179, 192, 183, 179, 172, 168, 165, 179, 180, 184, 186, 183, 176, 171,
    167, 171, 174, 182, 184, 187, 181, 175, 174, 166, 164, 169, 185, 184,
    202, 195, 190, 183, 178, 170, 171, 164, 166, 170, 175, 174, 182, 180,
    175, 174, 168, 158, 167, 178, 195, 212, 232, 243, 256, 269, 277, 271,
    271, 271, 267, 262, 266, 266, 265 ]
RHandPositionsY: [ 254, 253, 253, 254, 251, 253, 251, 252, 257, 254, 249,
    241, 229, 219, 201, 185, 165, 154, 135, 130, 127, 113, 120, 124, 128,
    113, 103, 100, 90, 91, 86, 92, 109, 102, 101, 97, 97, 92, 92, 92, 91,
    94, 99, 96, 97, 98, 92, 91, 92, 84, 85, 92, 94, 101, 97, 97, 95, 92,
    91, 89, 86, 90, 93, 91, 90, 94, 86, 88, 90, 91, 96, 116, 138, 151,
    166, 184, 203, 229, 234, 242, 242, 250, 252, 254, 255, 256, 257, 255 ]
