%YAML:1.0
---
videoName: "RHShake15.mp4"
gestureLabel: 2
fps: 29
pixelSizeInCmTemp: 3.2808219178082193e-01
faceCenterPointX: 279
faceCenterPointY: 41
LHandPositionsX: [ 370, 368, 372, 372, 368, 368, 368, 370, 371, 371, 369,
    368, 370, 368, 368, 369, 370, 368, 371, 370, 372, 369, 368, 370, 371,
    372, 372, 371, 369, 371, 370, 371, 368, 371, 371, 369, 370, 369, 371,
    369, 369, 370, 368, 369, 368, 371, 368, 369, 369, 372, 368, 369, 369,
    372, 372, 372, 370, 371, 371, 368, 372, 370, 369, 370, 369, 370, 368,
    369, 369, 370, 368, 368, 369, 370, 368, 369, 368, 371, 371, 368, 368,
    372, 372, 369, 368, 371, 372, 372 ]
LHandPositionsY: [ 234, 236, 235, 234, 232, 233, 234, 234, 235, 234, 236,
    233, 232, 235, 232, 235, 232, 234, 232, 233, 232, 234, 233, 235, 234,
    235, 235, 234, 234, 233, 232, 232, 236, 235, 235, 232, 234, 233, 234,
    232, 236, 232, 233, 234, 232, 231, 235, 235, 234, 235, 233, 232, 231,
    232, 233, 235, 232, 232, 231, 232, 232, 234, 235, 234, 235, 232, 233,
    233, 234, 231, 233, 232, 232, 234, 233, 235, 231, 232, 234, 235, 235,
    232, 231, 232, 233, 235, 233, 231 ]
RHandPositionsX: [ 135, 122, 113, 108, 110, 111, 110, 105, 105, 111, 114,
    116, 112, 113, 110, 113, 115, 109, 107, 106, 112, 119, 113, 115, 108,
    107, 111, 111, 105, 108, 115, 116, 118, 113, 114, 110, 107, 113, 110,
    114, 112, 109, 114, 116, 120, 122, 121, 122, 121, 120, 118, 122, 123,
    128, 124, 127, 124, 126, 122, 119, 122, 124, 131, 136, 140, 145, 137,
    138, 141, 141, 145, 149, 149, 154, 157, 154, 156, 157, 161, 158, 161,
    159, 158, 161, 161, 158, 160, 158 ]
RHandPositionsY: [ 191, 173, 153, 143, 145, 138, 134, 128, 122, 116, 112,
    107, 101, 99, 97, 94, 97, 94, 93, 91, 95, 94, 95, 91, 93, 93, 94, 95,
    93, 97, 96, 106, 106, 103, 104, 103, 102, 103, 104, 102, 104, 106,
    110, 111, 108, 106, 103, 106, 107, 105, 103, 106, 113, 114, 116, 113,
    109, 110, 111, 111, 114, 118, 128, 135, 150, 165, 173, 180, 192, 200,
    211, 221, 230, 238, 239, 241, 246, 245, 246, 245, 247, 245, 245, 246,
    247, 246, 247, 247 ]
