%YAML:1.0
---
videoName: "RHShake05.mp4"
gestureLabel: 2
fps: 30
pixelSizeInCmTemp: 3.1103896103896100e-01
faceCenterPointX: 295
faceCenterPointY: 47
LHandPositionsX: [ 410, 409, 411, 408, 408, 411, 411, 410, 411, 411, 410,
    412, 412, 412, 409, 412, 409, 412, 410, 409, 408, 412, 412, 412, 411,
    409, 409, 411, 408, 412, 411, 409, 411, 412, 409, 408, 410, 410, 408,
    408, 411, 408, 412, 408, 412, 410, 408, 410, 410, 412, 409, 411, 412,
    412, 412, 409, 409, 412, 408, 408, 412, 412, 410, 411, 412, 411, 409,
    412, 412, 409, 411, 408, 410, 408, 408, 409, 409, 409, 410, 410, 410,
    410, 412, 409, 411, 409, 412, 412, 412, 408, 410 ]
LHandPositionsY: [ 257, 258, 261, 259, 259, 260, 258, 261, 259, 258, 261,
    259, 257, 261, 258, 260, 258, 257, 258, 257, 260, 259, 259, 258, 258,
    257, 257, 260, 261, 257, 260, 260, 259, 257, 259, 259, 260, 260, 258,
    259, 259, 259, 260, 258, 261, 261, 259, 257, 261, 258, 258, 257, 258,
    260, 260, 259, 257, 260, 261, 257, 261, 257, 259, 257, 257, 259, 259,
    261, 257, 257, 261, 259, 260, 261, 261, 261, 257, 258, 259, 261, 258,
    261, 258, 258, 260, 260, 261, 259, 258, 258, 259 ]
RHandPositionsX: [ 174, 177, 177, 175, 173, 175, 176, 175, 177, 176, 174,
    174, 176, 174, 173, 175, 172, 172, 171, 170, 174, 173, 173, 174, 175,
    179, 182, 181, 172, 165, 149, 156, 154, 161, 164, 176, 188, 199, 190,
    182, 176, 174, 170, 168, 177, 179, 189, 185, 177, 175, 169, 170, 167,
    172, 179, 189, 184, 178, 175, 171, 167, 167, 177, 191, 194, 190, 188,
    182, 181, 178, 183, 178, 188, 191, 193, 192, 183, 173, 173, 171, 175,
    174, 183, 183, 189, 190, 184, 177, 177, 175, 176 ]
RHandPositionsY: [ 261, 261, 261, 258, 258, 259, 259, 258, 258, 262, 258,
    259, 260, 259, 259, 258, 262, 258, 261, 261, 260, 260, 261, 259, 256,
    251, 232, 207, 182, 156, 131, 129, 105, 93, 90, 92, 93, 92, 90, 87,
    80, 80, 78, 83, 83, 87, 84, 83, 81, 72, 74, 77, 81, 84, 86, 93, 90,
    87, 83, 82, 83, 86, 89, 92, 95, 92, 88, 88, 81, 86, 82, 88, 87, 92,
    92, 90, 89, 88, 87, 93, 112, 131, 156, 182, 206, 219, 224, 236, 245,
    247, 246 ]
