%YAML:1.0
---
videoName: "RHShake04.mp4"
gestureLabel: 2
fps: 29
pixelSizeInCmTemp: 3.1513157894736843e-01
faceCenterPointX: 292
faceCenterPointY: 47
LHandPositionsX: [ 411, 413, 410, 411, 410, 409, 410, 411, 411, 409, 411,
    412, 411, 408, 408, 409, 408, 410, 410, 408, 409, 408, 408, 409, 407,
    410, 407, 406, 407, 405, 405, 407, 408, 409, 408, 408, 405, 407, 409,
    405, 405, 406, 405, 407, 406, 409, 409, 407, 405, 408, 408, 407, 406,
    408, 408, 409, 409, 407, 407, 406, 409, 405, 405, 404, 404, 403, 403,
    403, 404, 406, 403, 404, 405, 403, 404, 405, 405, 405, 402, 405, 402,
    404, 401, 402, 403, 405, 403, 405 ]
LHandPositionsY: [ 262, 263, 266, 264, 263, 266, 264, 262, 261, 265, 266,
    264, 265, 263, 263, 262, 264, 262, 264, 264, 262, 261, 262, 264, 264,
    261, 261, 263, 260, 263, 263, 263, 263, 261, 264, 261, 260, 262, 263,
    260, 261, 262, 261, 261, 260, 261, 264, 263, 261, 261, 262, 261, 262,
    263, 262, 263, 260, 260, 260, 264, 261, 262, 261, 263, 259, 261, 261,
    258, 259, 258, 260, 262, 258, 261, 262, 262, 260, 262, 259, 257, 259,
    260, 260, 257, 258, 261, 261, 260 ]
RHandPositionsX: [ 181, 181, 180, 180, 181, 179, 182, 178, 177, 181, 178,
    178, 177, 180, 177, 177, 178, 179, 176, 176, 179, 177, 180, 180, 180,
    173, 172, 164, 161, 162, 166, 164, 182, 187, 195, 191, 187, 182, 174,
    170, 164, 168, 171, 177, 177, 177, 181, 172, 170, 167, 168, 168, 176,
    177, 179, 180, 176, 172, 169, 172, 170, 177, 177, 183, 196, 191, 185,
    180, 174, 173, 170, 171, 174, 176, 183, 192, 193, 192, 189, 190, 186,
    187, 183, 178, 176, 177, 177, 173 ]
RHandPositionsY: [ 266, 264, 268, 265, 265, 265, 264, 265, 265, 268, 266,
    268, 268, 268, 269, 269, 268, 270, 270, 270, 268, 274, 268, 247, 221,
    195, 172, 150, 123, 121, 117, 103, 100, 103, 102, 101, 99, 93, 96,
    95, 88, 92, 95, 97, 95, 96, 93, 95, 95, 92, 94, 97, 96, 100, 100, 95,
    94, 96, 93, 90, 93, 95, 99, 99, 94, 93, 94, 95, 92, 93, 93, 97, 99,
    108, 123, 133, 143, 152, 162, 181, 196, 209, 223, 230, 238, 247, 246,
    247 ]
