%YAML:1.0
---
videoName: "RHShake11.mp4"
gestureLabel: 2
fps: 29
pixelSizeInCmTemp: 3.3263888888888887e-01
faceCenterPointX: 274
faceCenterPointY: 53
LHandPositionsX: [ 308, 310, 310, 311, 310, 310, 311, 310, 308, 307, 309,
    308, 311, 308, 311, 310, 307, 307, 308, 311, 307, 310, 310, 310, 308,
    308, 310, 310, 311, 307, 311, 309, 311, 310, 311, 310, 311, 311, 310,
    308, 308, 310, 310, 308, 307, 309, 309, 310, 307, 309, 311, 307, 310,
    308, 308, 311, 310, 308, 307, 309, 309, 309, 310, 307, 311, 309, 309,
    308, 309, 308, 309, 310, 308, 311, 308, 306, 308, 305, 305, 303, 304,
    304, 304, 303, 305, 303, 307, 306 ]
LHandPositionsY: [ 246, 249, 246, 246, 249, 249, 249, 247, 247, 245, 248,
    249, 248, 247, 249, 247, 249, 245, 248, 246, 248, 249, 249, 248, 248,
    248, 249, 247, 247, 245, 249, 249, 249, 248, 249, 249, 246, 247, 249,
    246, 247, 245, 248, 246, 248, 245, 246, 248, 247, 249, 248, 248, 245,
    245, 248, 249, 248, 246, 247, 248, 248, 247, 245, 246, 249, 248, 246,
    249, 248, 248, 248, 245, 246, 246, 242, 243, 245, 245, 243, 243, 246,
    246, 244, 244, 244, 246, 247, 246 ]
RHandPositionsX: [ 250, 250, 250, 247, 236, 228, 212, 193, 172, 160, 146,
    139, 148, 145, 149, 157, 161, 166, 169, 174, 172, 163, 159, 152, 152,
    152, 162, 164, 170, 168, 167, 170, 164, 158, 158, 159, 154, 152, 160,
    166, 169, 170, 171, 169, 166, 160, 158, 156, 156, 156, 163, 173, 175,
    178, 179, 177, 173, 168, 164, 167, 160, 155, 161, 164, 169, 183, 194,
    204, 217, 231, 242, 247, 257, 260, 262, 258, 262, 261, 260, 261, 258,
    261, 260, 262, 261, 259, 259, 261 ]
RHandPositionsY: [ 249, 245, 248, 242, 232, 222, 207, 190, 175, 163, 144,
    128, 124, 112, 104, 104, 103, 105, 105, 101, 102, 102, 100, 94, 94,
    96, 93, 102, 101, 98, 100, 97, 98, 96, 96, 94, 93, 96, 101, 104, 105,
    103, 103, 106, 101, 101, 99, 100, 100, 96, 101, 104, 106, 109, 106,
    106, 106, 101, 98, 102, 101, 103, 102, 108, 116, 130, 144, 158, 175,
    187, 203, 212, 221, 229, 235, 234, 238, 236, 242, 238, 239, 239, 240,
    242, 239, 238, 242, 239 ]
