%YAML:1.0
---
videoName: "RHShake05.mp4"
gestureLabel: 2
fps: 30
pixelSizeInCmTemp: 3.1103896103896100e-01
faceCenterPointX: 295
faceCenterPointY: 47
LHandPositionsX: [ 412, 410, 409, 410, 411, 408, 408, 409, 411, 412, 411,
    409, 409, 408, 412, 410, 411, 412, 408, 410, 408, 408, 408, 411, 409,
    411, 408, 411, 408, 408, 408, 411, 410, 409, 411, 408, 411, 412, 409,
    408, 409, 409, 410, 410, 411, 411, 411, 411, 408, 410, 412, 408, 409,
    410, 411, 408, 412, 408, 409, 410, 409, 408, 409, 412, 410, 409, 409,
    409, 410, 409, 409, 408, 412, 409, 408, 409, 409, 408, 411, 410, 408,
    409, 409, 409, 408, 412, 410, 411, 412, 412, 411 ]
LHandPositionsY: [ 258, 260, 261, 261, 259, 258, 258, 261, 261, 261, 257,
    257, 261, 257, 261, 258, 257, 261, 258, 257, 258, 261, 261, 260, 257,
    261, 260, 257, 257, 259, 260, 260, 260, 259, 261, 259, 259, 257, 258,
    258, 257, 260, 258, 260, 260, 260, 259, 257, 261, 258, 261, 258, 260,
    260, 259, 261, 258, 258, 261, 261, 258, 258, 260, 257, 257, 259, 260,
    258, 260, 260, 260, 261, 257, 257, 257, 260, 258, 259, 261, 261, 259,
    257, 260, 257, 260, 260, 257, 260, 257, 261, 257 ]
RHandPositionsX: [ 177, 176, 177, 177, 176, 175, 173, 174, 173, 176, 175,
    175, 175, 174, 173, 172, 174, 173, 173, 170, 172, 173, 171, 177, 177,
    176, 180, 178, 172, 163, 151, 158, 155, 161, 164, 175, 191, 199, 188,
    180, 176, 175, 169, 169, 175, 176, 189, 181, 179, 171, 172, 167, 169,
    173, 180, 191, 185, 181, 174, 170, 167, 167, 175, 190, 194, 193, 188,
    180, 179, 181, 181, 178, 187, 193, 196, 190, 183, 173, 173, 174, 173,
    178, 182, 184, 188, 190, 185, 181, 180, 179, 178 ]
RHandPositionsY: [ 261, 261, 260, 259, 258, 261, 260, 261, 258, 259, 260,
    258, 260, 258, 259, 260, 261, 261, 260, 258, 262, 260, 263, 260, 258,
    249, 230, 209, 179, 157, 132, 128, 106, 90, 89, 91, 96, 94, 89, 87,
    84, 81, 79, 80, 84, 86, 83, 81, 78, 75, 72, 76, 77, 83, 85, 89, 89,
    83, 86, 83, 84, 86, 87, 90, 93, 94, 90, 85, 83, 83, 85, 85, 88, 92,
    94, 87, 91, 88, 89, 91, 113, 131, 159, 183, 204, 223, 226, 232, 241,
    250, 249 ]
