%YAML:1.0
---
videoName: "RHShake15.mp4"
gestureLabel: 2
fps: 29
pixelSizeInCmTemp: 3.2808219178082193e-01
faceCenterPointX: 279
faceCenterPointY: 41
LHandPositionsX: [ 371, 369, 372, 368, 372, 372, 371, 372, 370, 371, 371,
    368, 371, 369, 372, 372, 370, 371, 368, 371, 369, 371, 371, 369, 370,
    369, 369, 370, 372, 371, 369, 370, 370, 368, 372, 371, 369, 372, 369,
    369, 370, 370, 370, 368, 368, 371, 370, 371, 368, 370, 370, 369, 369,
    368, 369, 370, 371, 369, 371, 370, 370, 369, 372, 368, 371, 370, 371,
    371, 371, 370, 369, 369, 370, 372, 371, 371, 371, 372, 368, 369, 368,
    372, 368, 372, 369, 371, 369, 371 ]
LHandPositionsY: [ 236, 232, 235, 236, 232, 234, 235, 235, 232, 236, 233,
    233, 232, 235, 236, 234, 236, 232, 233, 233, 234, 232, 233, 234, 235,
    234, 234, 235, 234, 232, 234, 235, 235, 233, 232, 235, 232, 234, 233,
    234, 232, 236, 234, 232, 233, 233, 232, 234, 231, 233, 235, 232, 235,
    231, 233, 231, 233, 232, 234, 231, 233, 231, 232, 233, 232, 234, 235,
    232, 231, 233, 233, 235, 235, 231, 231, 231, 232, 232, 233, 232, 231,
    231, 233, 234, 232, 234, 235, 232 ]
RHandPositionsX: [ 135, 125, 113, 112, 111, 109, 108, 107, 109, 111, 111,
    114, 115, 114, 108, 114, 115, 111, 107, 108, 113, 117, 116, 112, 108,
    106, 111, 111, 108, 108, 112, 119, 118, 114, 112, 111, 107, 109, 111,
    116, 113, 113, 114, 116, 121, 119, 120, 125, 122, 119, 120, 120, 123,
    126, 122, 128, 124, 125, 120, 121, 120, 125, 128, 135, 138, 144, 138,
    139, 141, 141, 143, 148, 149, 155, 156, 155, 158, 160, 158, 159, 158,
    161, 157, 160, 158, 158, 160, 157 ]
RHandPositionsY: [ 193, 171, 156, 143, 145, 138, 135, 126, 121, 117, 109,
    108, 105, 101, 99, 96, 94, 96, 92, 94, 95, 94, 94, 93, 92, 92, 92,
    96, 96, 95, 98, 105, 104, 102, 100, 103, 101, 102, 101, 105, 103,
    105, 111, 110, 107, 105, 105, 106, 104, 103, 106, 109, 113, 115, 115,
    114, 109, 112, 112, 110, 111, 117, 128, 138, 151, 162, 174, 182, 194,
    201, 209, 219, 229, 234, 238, 238, 244, 245, 246, 247, 247, 247, 247,
    246, 249, 247, 247, 246 ]
