%YAML:1.0
---
videoName: "RHShake04.mp4"
gestureLabel: 2
fps: 29
pixelSizeInCmTemp: 3.1513157894736843e-01
faceCenterPointX: 292
faceCenterPointY: 47
LHandPositionsX: [ 410, 409, 413, 413, 410, 413, 408, 410, 410, 412, 414,
    413, 410, 412, 409, 411, 412, 410, 409, 407, 409, 411, 406, 407, 408,
    407, 406, 409, 406, 407, 407, 407, 408, 405, 409, 405, 408, 408, 407,
    406, 405, 407, 405, 407, 406, 407, 408, 408, 406, 406, 406, 406, 409,
    407, 406, 407, 406, 406, 409, 407, 409, 408, 404, 405, 404, 405, 405,
    405, 404, 406, 405, 402, 402, 404, 406, 405, 406, 404, 405, 405, 405,
    401, 405, 405, 402, 401, 403, 404 ]
LHandPositionsY: [ 266, 264, 265, 264, 262, 266, 263, 265, 264, 265, 265,
    261, 265, 263, 264, 264, 263, 263, 261, 261, 264, 260, 262, 263, 261,
    261, 261, 262, 261, 261, 264, 264, 260, 262, 261, 262, 263, 263, 263,
    260, 261, 261, 264, 263, 260, 262, 264, 260, 263, 261, 263, 261, 262,
    261, 260, 263, 264, 260, 260, 263, 263, 260, 259, 263, 262, 261, 262,
    258, 260, 259, 260, 261, 260, 260, 260, 262, 260, 260, 261, 257, 257,
    261, 260, 257, 261, 257, 259, 261 ]
RHandPositionsX: [ 182, 180, 180, 181, 182, 181, 181, 178, 179, 179, 178,
    179, 177, 180, 177, 179, 179, 178, 177, 176, 176, 176, 179, 182, 179,
    176, 168, 164, 164, 164, 164, 166, 182, 189, 194, 190, 185, 182, 172,
    168, 167, 169, 171, 174, 180, 176, 182, 176, 168, 168, 165, 169, 176,
    179, 178, 177, 176, 169, 169, 171, 171, 173, 180, 185, 195, 189, 181,
    179, 175, 171, 168, 169, 171, 178, 184, 191, 191, 192, 188, 189, 188,
    186, 183, 178, 177, 173, 173, 175 ]
RHandPositionsY: [ 264, 266, 266, 264, 266, 265, 265, 263, 267, 267, 266,
    268, 267, 269, 268, 270, 271, 269, 271, 267, 271, 271, 267, 246, 225,
    193, 170, 149, 124, 124, 119, 101, 96, 101, 106, 101, 100, 97, 92,
    92, 92, 89, 96, 94, 99, 98, 96, 95, 92, 92, 95, 93, 97, 96, 96, 98,
    97, 95, 93, 89, 93, 97, 96, 95, 95, 93, 94, 97, 96, 95, 92, 94, 102,
    106, 122, 132, 140, 153, 165, 179, 195, 210, 224, 228, 236, 246, 248,
    247 ]
