%YAML:1.0
---
videoName: "RHShake07.mp4"
gestureLabel: 2
fps: 29
pixelSizeInCmTemp: 3.2364864864864862e-01
faceCenterPointX: 292
faceCenterPointY: 44
LHandPositionsX: [ 309, 310, 306, 309, 309, 308, 307, 310, 309, 305, 311,
    309, 309, 308, 313, 313, 310, 311, 313, 311, 313, 311, 310, 313, 310,
    312, 310, 312, 311, 310, 310, 314, 313, 312, 313, 314, 316, 313, 314,
    313, 316, 315, 314, 312, 313, 314, 313, 314, 315, 316, 315, 313, 314,
    315, 312, 312, 315, 312, 312, 315, 312, 314, 314, 312, 312, 315, 312,
    315, 316, 315, 315, 313, 316, 313, 317, 314, 315, 314, 314, 314, 310,
    309, 308, 310, 311, 308, 312, 312 ]
LHandPositionsY: [ 270, 268, 271, 267, 271, 270, 269, 270, 272, 271, 271,
    273, 273, 272, 271, 269, 268, 269, 267, 269, 269, 270, 267, 268, 270,
    269, 271, 270, 268, 268, 270, 271, 271, 270, 267, 271, 267, 271, 268,
    271, 269, 269, 271, 267, 269, 271, 267, 270, 271, 271, 268, 268, 268,
    270, 269, 270, 268, 270, 268, 267, 270, 268, 268, 267, 271, 268, 267,
    268, 271, 269, 271, 266, 268, 267, 266, 266, 267, 270, 268, 272, 270,
    271, 273, 273, 272, 272, 275, 275 ]
RHandPositionsX: [ 265, 266, 268, 265, 267, 265, 264, 266, 264, 267, 268,
    263, 255, 236, 217, 194, 175, 160, 151, 154, 159, 154, 159, 162, 165,
    182, 188, 184, 176, 171, 169, 168, 178, 179, 186, 186, 183, 175, 167,
    169, 171, 174, 181, 184, 188, 183, 175, 171, 164, 166, 168, 183, 184,
    202, 195, 189, 184, 175, 169, 172, 168, 167, 170, 175, 173, 182, 180,
    173, 172, 168, 160, 166, 180, 197, 215, 231, 244, 257, 271, 275, 272,
    270, 271, 266, 265, 265, 265, 264 ]
RHandPositionsY: [ 255, 252, 251, 251, 252, 253, 251, 254, 256, 258, 249,
    242, 231, 218, 200, 186, 166, 155, 135, 133, 125, 112, 121, 126, 128,
    114, 104, 98, 93, 92, 89, 92, 106, 102, 103, 100, 97, 96, 93, 93, 91,
    92, 98, 100, 95, 98, 93, 91, 93, 87, 85, 89, 94, 102, 101, 95, 96,
    94, 90, 89, 90, 88, 91, 94, 89, 94, 90, 87, 89, 89, 93, 118, 136,
    148, 166, 186, 205, 226, 238, 242, 245, 247, 249, 253, 254, 255, 257,
    257 ]
