%YAML:1.0
---
videoName: "RHShake06.mp4"
gestureLabel: 2
fps: 30
pixelSizeInCmTemp: 3.2808219178082193e-01
faceCenterPointX: 293
faceCenterPointY: 43
LHandPositionsX: [ 307, 306, 307, 307, 310, 307, 310, 309, 310, 307, 308,
    307, 307, 306, 309, 310, 313, 312, 314, 316, 317, 323, 319, 320, 323,
    320, 323, 321, 323, 319, 322, 320, 323, 324, 323, 324, 326, 325, 323,
    325, 323, 324, 325, 325, 322, 326, 323, 323, 325, 325, 324, 322, 322,
    323, 324, 324, 323, 324, 322, 324, 326, 323, 322, 326, 325, 322, 324,
    323, 324, 322, 323, 323, 325, 326, 325, 326, 326, 325, 322, 322, 325,
    322, 324, 318, 317, 313, 313, 312, 311, 310, 310 ]
LHandPositionsY: [ 268, 268, 267, 270, 266, 267, 269, 266, 270, 267, 266,
    267, 266, 269, 267, 268, 267, 267, 266, 263, 264, 263, 263, 259, 263,
    263, 260, 261, 258, 260, 261, 259, 261, 258, 258, 259, 260, 259, 262,
    262, 258, 261, 261, 262, 261, 260, 258, 259, 259, 262, 260, 259, 260,
    262, 262, 258, 259, 260, 260, 262, 262, 259, 258, 262, 258, 262, 258,
    258, 259, 258, 258, 262, 261, 259, 262, 258, 260, 260, 260, 260, 259,
    258, 260, 263, 265, 263, 265, 267, 264, 263, 264 ]
RHandPositionsX: [ 286, 288, 286, 286, 285, 287, 284, 284, 285, 288, 285,
    284, 285, 286, 288, 286, 287, 286, 277, 263, 244, 224, 200, 179, 162,
    146, 137, 135, 141, 139, 144, 148, 163, 162, 163, 161, 161, 162, 157,
    155, 160, 170, 180, 187, 188, 183, 181, 174, 167, 174, 169, 165, 175,
    180, 184, 182, 183, 190, 177, 172, 169, 167, 166, 179, 182, 178, 175,
    172, 166, 161, 167, 164, 170, 183, 191, 191, 207, 224, 234, 240, 247,
    255, 253, 250, 248, 256, 256, 252, 256, 254, 254 ]
RHandPositionsY: [ 269, 266, 269, 269, 269, 268, 269, 270, 269, 267, 267,
    267, 267, 269, 270, 266, 269, 267, 267, 259, 246, 233, 215, 198, 180,
    157, 135, 122, 113, 104, 111, 115, 129, 119, 108, 105, 98, 91, 92,
    92, 89, 95, 97, 98, 99, 96, 93, 89, 88, 87, 86, 91, 95, 99, 98, 100,
    98, 101, 95, 94, 94, 91, 93, 103, 101, 102, 104, 102, 106, 105, 118,
    126, 148, 162, 176, 179, 196, 206, 216, 222, 233, 235, 239, 237, 240,
    244, 241, 240, 243, 243, 243 ]
