%YAML:1.0
---
videoName: "RHShake08.mp4"
gestureLabel: 2
fps: 29
pixelSizeInCmTemp: 3.2808219178082193e-01
faceCenterPointX: 290
faceCenterPointY: 45
LHandPositionsX: [ 317, 317, 317, 316, 314, 316, 313, 312, 312, 313, 309,
    309, 311, 308, 310, 310, 311, 310, 307, 306, 308, 307, 308, 306, 307,
    309, 309, 309, 309, 308, 307, 306, 310, 308, 310, 306, 308, 308, 310,
    306, 310, 306, 310, 305, 307, 308, 309, 307, 307, 307, 306, 305, 305,
    305, 305, 306, 309, 308, 308, 307, 308, 306, 306, 306, 307, 305, 306,
    306, 309, 305, 307, 306, 309, 307, 308, 309, 309, 307, 305, 306, 308,
    307, 308, 307, 308, 307, 309, 307 ]
LHandPositionsY: [ 278, 280, 281, 279, 280, 283, 284, 282, 285, 281, 283,
    281, 281, 283, 284, 283, 281, 285, 284, 283, 283, 281, 281, 281, 281,
    285, 285, 282, 284, 281, 283, 283, 284, 285, 283, 282, 282, 284, 285,
    284, 283, 284, 285, 281, 282, 280, 283, 282, 281, 281, 280, 282, 282,
    283, 283, 282, 283, 282, 283, 282, 280, 281, 280, 282, 281, 281, 281,
    284, 284, 284, 280, 282, 283, 280, 283, 280, 284, 281, 282, 282, 281,
    283, 282, 283, 280, 282, 280, 284 ]
RHandPositionsX: [ 266, 271, 270, 269, 272, 269, 272, 278, 267, 257, 259,
    254, 250, 234, 218, 202, 186, 164, 155, 162, 164, 172, 197, 198, 206,
    201, 193, 188, 185, 177, 189, 191, 202, 201, 197, 196, 188, 184, 177,
    177, 191, 190, 190, 187, 185, 179, 176, 173, 174, 183, 184, 186, 189,
    186, 191, 191, 188, 201, 204, 216, 211, 205, 202, 198, 196, 197, 202,
    206, 215, 213, 214, 215, 223, 231, 241, 249, 253, 262, 261, 263, 265,
    267, 270, 271, 276, 276, 271, 270 ]
RHandPositionsY: [ 266, 268, 267, 267, 266, 267, 267, 266, 267, 263, 253,
    242, 232, 216, 205, 182, 174, 153, 130, 130, 112, 109, 106, 105, 111,
    103, 98, 93, 91, 90, 92, 94, 94, 97, 96, 92, 89, 86, 85, 89, 90, 91,
    95, 91, 89, 87, 88, 88, 90, 96, 93, 94, 97, 96, 94, 92, 92, 95, 100,
    95, 98, 99, 94, 93, 94, 95, 93, 99, 107, 108, 113, 125, 130, 145,
    157, 174, 193, 213, 230, 245, 260, 261, 260, 260, 264, 263, 263, 264 ]
