%YAML:1.0
---
videoName: "RHShake14.mp4"
gestureLabel: 2
fps: 30
pixelSizeInCmTemp: 3.2808219178082193e-01
faceCenterPointX: 277
faceCenterPointY: 42
LHandPositionsX: [ 377, 379, 377, 378, 377, 376, 375, 376, 376, 375, 375,
    377, 376, 377, 373, 374, 374, 377, 376, 374, 373, 374, 374, 374, 372,
    373, 376, 376, 376, 376, 373, 373, 374, 375, 374, 373, 373, 374, 372,
    376, 375, 374, 373, 372, 373, 376, 375, 375, 374, 375, 372, 374, 373,
    373, 372, 374, 372, 376, 372, 372, 376, 374, 373, 376, 375, 372, 375,
    376, 376, 373, 372, 376, 375, 376, 375, 374, 376, 376, 372, 375, 372,
    376, 376, 373, 373, 372, 374, 373, 376, 375, 374 ]
LHandPositionsY: [ 231, 231, 232, 229, 230, 232, 230, 230, 233, 230, 229,
    232, 232, 233, 232, 230, 231, 230, 232, 231, 229, 231, 230, 229, 231,
    233, 229, 232, 230, 229, 232, 233, 229, 229, 232, 229, 231, 233, 233,
    231, 229, 230, 232, 232, 231, 231, 229, 230, 229, 231, 229, 230, 233,
    232, 229, 230, 233, 233, 229, 233, 230, 230, 229, 229, 232, 233, 230,
    229, 233, 229, 229, 230, 233, 229, 230, 231, 231, 229, 229, 230, 232,
    231, 233, 232, 231, 229, 230, 229, 233, 229, 229 ]
RHandPositionsX: [ 174, 170, 170, 174, 173, 171, 172, 171, 172, 171, 171,
    170, 172, 174, 173, 171, 171, 170, 173, 172, 172, 172, 174, 171, 169,
    172, 170, 168, 160, 149, 137, 126, 124, 117, 119, 124, 126, 130, 136,
    141, 145, 148, 146, 141, 145, 146, 148, 151, 157, 163, 159, 158, 151,
    152, 154, 159, 161, 170, 167, 162, 157, 157, 156, 158, 157, 162, 165,
    172, 173, 178, 180, 176, 179, 180, 171, 172, 179, 177, 177, 173, 175,
    174, 171, 170, 170, 174, 174, 174, 174, 172, 172 ]
RHandPositionsY: [ 243, 242, 241, 240, 243, 242, 241, 243, 241, 241, 241,
    242, 239, 240, 242, 241, 242, 243, 239, 242, 242, 239, 242, 241, 242,
    246, 244, 234, 215, 195, 175, 153, 135, 117, 115, 109, 103, 111, 116,
    115, 117, 106, 95, 91, 90, 84, 86, 85, 86, 84, 79, 78, 79, 75, 76,
    74, 78, 82, 78, 77, 76, 78, 77, 79, 78, 82, 87, 106, 121, 134, 147,
    156, 169, 179, 194, 197, 199, 203, 213, 219, 215, 222, 221, 228, 233,
    231, 231, 235, 233, 234, 236 ]
