%YAML:1.0
---
videoName: "RHShake01.mp4"
gestureLabel: 2
fps: 29
pixelSizeInCmTemp: 3.1513157894736843e-01
faceCenterPointX: 292
faceCenterPointY: 51
LHandPositionsX: [ 394, 395, 394, 394, 395, 395, 392, 392, 393, 394, 394,
    394, 392, 391, 395, 394, 391, 391, 395, 392, 394, 395, 394, 394, 392,
    395, 393, 393, 392, 392, 392, 394, 395, 393, 392, 394, 392, 393, 392,
    394, 395, 392, 391, 393, 394, 392, 391, 391, 395, 395, 392, 395, 391,
    391, 392, 393, 391, 395, 395, 391, 394, 394, 393, 393, 395, 393, 393,
    391, 392, 394, 393, 392, 394, 395, 391, 392, 395, 393, 393, 391, 391,
    391, 395, 391, 394, 392, 392, 391 ]
LHandPositionsY: [ 255, 257, 255, 256, 253, 253, 257, 253, 254, 257, 254,
    255, 253, 254, 254, 254, 256, 256, 253, 257, 257, 253, 253, 254, 255,
    254, 254, 255, 253, 255, 255, 256, 257, 257, 257, 257, 253, 253, 256,
    257, 257, 254, 255, 254, 256, 254, 256, 255, 255, 256, 254, 253, 254,
    255, 256, 255, 256, 255, 256, 253, 257, 256, 257, 255, 257, 257, 257,
    255, 256, 257, 254, 256, 256, 255, 256, 257, 253, 256, 255, 254, 253,
    254, 254, 257, 253, 256, 254, 254 ]
RHandPositionsX: [ 168, 167, 168, 171, 168, 171, 167, 167, 169, 169, 170,
    167, 170, 169, 167, 168, 168, 170, 167, 170, 168, 169, 168, 169, 170,
    172, 173, 176, 174, 167, 164, 161, 159, 155, 155, 160, 169, 178, 193,
    193, 192, 188, 184, 175, 176, 176, 176, 187, 197, 195, 190, 190, 181,
    179, 179, 182, 179, 182, 184, 193, 193, 193, 195, 185, 181, 177, 179,
    181, 187, 194, 196, 200, 197, 196, 193, 189, 190, 191, 188, 182, 178,
    175, 172, 173, 174, 173, 172, 173 ]
RHandPositionsY: [ 280, 278, 280, 280, 279, 280, 278, 278, 277, 279, 278,
    277, 277, 280, 277, 278, 276, 280, 276, 277, 277, 280, 277, 278, 276,
    275, 265, 246, 226, 208, 188, 167, 149, 133, 128, 115, 107, 109, 111,
    108, 105, 106, 102, 97, 100, 99, 96, 96, 99, 102, 100, 97, 97, 91,
    94, 93, 95, 97, 98, 104, 100, 100, 99, 98, 97, 94, 97, 99, 100, 106,
    114, 125, 134, 145, 160, 176, 192, 201, 204, 212, 222, 225, 235, 241,
    240, 241, 242, 247 ]
