%YAML:1.0
---
videoName: "RHShake22.mp4"
gestureLabel: 2
fps: 29
pixelSizeInCmTemp: 3.3263888888888887e-01
faceCenterPointX: 290
faceCenterPointY: 48
LHandPositionsX: [ 395, 392, 392, 395, 396, 394, 393, 395, 392, 393, 396,
    396, 394, 392, 392, 392, 396, 392, 394, 392, 392, 393, 395, 396, 393,
    392, 395, 392, 394, 393, 393, 392, 395, 393, 394, 395, 392, 395, 396,
    393, 395, 396, 396, 394, 393, 395, 394, 396, 392, 393, 393, 396, 393,
    396, 393, 396, 394, 392, 394, 396, 392, 393, 396, 393, 396, 394, 396,
    395, 394, 393, 395, 392, 396, 392, 393, 394, 394, 395, 394, 394, 393,
    396, 394, 393, 392, 394, 394, 392 ]
LHandPositionsY: [ 234, 233, 232, 230, 234, 233, 232, 233, 234, 230, 230,
    234, 231, 234, 234, 230, 232, 234, 230, 233, 233, 231, 234, 230, 233,
    233, 230, 231, 233, 230, 231, 234, 230, 234, 230, 230, 230, 232, 231,
    233, 230, 231, 234, 232, 231, 233, 234, 233, 233, 233, 231, 231, 232,
    231, 231, 234, 230, 232, 234, 230, 234, 232, 232, 232, 233, 231, 232,
    231, 233, 232, 231, 230, 234, 230, 233, 231, 234, 232, 232, 231, 233,
    232, 230, 234, 231, 230, 230, 232 ]
RHandPositionsX: [ 151, 135, 129, 132, 132, 137, 147, 156, 163, 167, 164,
    163, 161, 158, 154, 146, 144, 146, 145, 155, 163, 171, 171, 171, 169,
    164, 162, 159, 155, 153, 153, 157, 165, 171, 174, 174, 170, 168, 167,
    162, 156, 160, 158, 169, 171, 173, 175, 171, 174, 170, 164, 159, 152,
    157, 159, 162, 169, 174, 178, 179, 177, 174, 169, 162, 159, 153, 154,
    156, 165, 176, 178, 179, 180, 180, 179, 181, 181, 181, 186, 185, 187,
    191, 191, 187, 190, 188, 190, 189 ]
RHandPositionsY: [ 139, 114, 100, 102, 96, 90, 85, 86, 89, 91, 92, 89,
    83, 80, 77, 81, 76, 78, 76, 83, 89, 95, 98, 96, 95, 89, 84, 85, 85,
    79, 78, 90, 91, 100, 102, 101, 93, 90, 90, 85, 85, 86, 86, 89, 95,
    99, 103, 102, 95, 91, 90, 89, 87, 88, 87, 83, 91, 102, 101, 103, 101,
    94, 94, 94, 93, 94, 91, 87, 92, 105, 106, 112, 113, 117, 120, 123,
    136, 147, 159, 168, 180, 195, 200, 207, 211, 217, 225, 225 ]
