%YAML:1.0
---
videoName: "RHShake05.mp4"
gestureLabel: 2
fps: 30
pixelSizeInCmTemp: 3.1103896103896100e-01
faceCenterPointX: 295
faceCenterPointY: 47
LHandPositionsX: [ 411, 411, 410, 412, 408, 411, 411, 412, 411, 408, 412,
    412, 412, 408, 412, 410, 411, 408, 409, 410, 408, 408, 412, 409, 412,
    411, 408, 409, 411, 411, 411, 410, 409, 409, 412, 410, 411, 412, 412,
    408, 410, 411, 410, 411, 412, 409, 412, 410, 411, 410, 409, 410, 410,
    410, 411, 411, 411, 412, 409, 411, 410, 408, 412, 411, 408, 410, 408,
    410, 408, 412, 412, 411, 409, 408, 410, 410, 408, 412, 410, 408, 412,
    408, 411, 410, 410, 411, 410, 411, 412, 409, 411 ]
LHandPositionsY: [ 259, 260, 261, 258, 261, 258, 258, 259, 261, 259, 260,
    260, 260, 257, 261, 257, 258, 257, 257, 261, 258, 257, 260, 259, 258,
    261, 260, 260, 261, 260, 260, 260, 258, 261, 261, 261, 257, 261, 260,
    258, 260, 257, 261, 259, 259, 260, 260, 258, 260, 258, 261, 259, 257,
    258, 260, 258, 259, 259, 258, 261, 258, 258, 260, 259, 261, 257, 258,
    257, 259, 260, 260, 258, 257, 257, 257, 259, 260, 257, 258, 259, 259,
    261, 259, 260, 261, 261, 257, 259, 261, 261, 261 ]
RHandPositionsX: [ 177, 176, 176, 176, 176, 173, 175, 175, 173, 174, 175,
    174, 175, 175, 173, 174, 175, 173, 173, 172, 171, 170, 170, 178, 173,
    177, 179, 180, 172, 165, 150, 157, 153, 159, 165, 176, 187, 201, 191,
    181, 174, 171, 170, 170, 177, 177, 191, 182, 179, 173, 172, 170, 171,
    176, 179, 190, 186, 181, 174, 171, 170, 167, 174, 189, 194, 190, 187,
    179, 178, 179, 180, 180, 190, 192, 194, 190, 182, 172, 173, 174, 175,
    176, 182, 187, 191, 190, 182, 177, 178, 176, 178 ]
RHandPositionsY: [ 260, 261, 258, 258, 261, 262, 259, 259, 261, 258, 260,
    261, 259, 262, 258, 260, 259, 261, 260, 259, 262, 261, 261, 257, 258,
    251, 231, 206, 182, 158, 131, 126, 105, 92, 88, 92, 93, 93, 87, 84,
    81, 79, 77, 82, 83, 88, 84, 79, 77, 73, 76, 74, 79, 85, 87, 93, 88,
    86, 82, 81, 84, 83, 89, 93, 91, 92, 91, 87, 85, 84, 83, 84, 87, 90,
    91, 88, 89, 88, 88, 95, 112, 131, 157, 180, 205, 222, 228, 234, 243,
    248, 247 ]
