%YAML:1.0
---
videoName: "RHShake22.mp4"
gestureLabel: 2
fps: 29
pixelSizeInCmTemp: 3.3263888888888887e-01
faceCenterPointX: 290
faceCenterPointY: 48
LHandPositionsX: [ 394, 395, 394, 394, 393, 395, 394, 394, 393, 392, 392,
    393, 396, 396, 393, 396, 394, 394, 392, 392, 395, 396, 392, 395, 393,
    393, 396, 392, 396, 396, 396, 395, 396, 395, 395, 394, 396, 393, 395,
    392, 393, 395, 396, 396, 394, 393, 395, 393, 392, 394, 393, 393, 396,
    394, 393, 393, 396, 396, 395, 395, 396, 394, 392, 392, 392, 394, 395,
    396, 392, 393, 396, 393, 396, 396, 394, 396, 394, 396, 393, 392, 394,
    394, 393, 394, 392, 394, 395, 395 ]
LHandPositionsY: [ 231, 234, 234, 233, 233, 234, 232, 230, 232, 231, 230,
    233, 234, 233, 233, 234, 230, 232, 233, 230, 234, 233, 230, 233, 231,
    230, 233, 230, 233, 232, 231, 234, 234, 233, 233, 230, 231, 234, 231,
    230, 233, 231, 231, 234, 234, 234, 232, 231, 231, 230, 233, 232, 231,
    234, 234, 230, 232, 232, 233, 231, 234, 231, 234, 230, 234, 232, 231,
    231, 232, 233, 232, 231, 233, 233, 234, 233, 234, 231, 230, 234, 233,
    232, 234, 230, 234, 231, 232, 234 ]
RHandPositionsX: [ 147, 139, 131, 131, 131, 138, 146, 159, 166, 165, 164,
    164, 161, 156, 153, 147, 143, 146, 148, 156, 161, 172, 172, 170, 171,
    164, 164, 156, 158, 154, 155, 158, 167, 171, 174, 174, 172, 171, 166,
    163, 157, 156, 161, 169, 172, 176, 174, 173, 172, 169, 161, 158, 156,
    156, 158, 162, 172, 175, 177, 181, 175, 171, 168, 161, 159, 154, 153,
    157, 166, 177, 176, 180, 181, 182, 181, 178, 179, 181, 185, 187, 187,
    189, 188, 187, 189, 186, 188, 189 ]
RHandPositionsY: [ 142, 116, 104, 102, 95, 89, 83, 86, 91, 90, 94, 92,
    83, 81, 78, 81, 80, 77, 76, 83, 91, 92, 95, 95, 94, 91, 86, 86, 82,
    81, 80, 92, 94, 100, 100, 100, 92, 92, 88, 85, 84, 84, 84, 89, 93,
    99, 100, 101, 94, 91, 88, 89, 87, 85, 83, 85, 90, 98, 101, 103, 97,
    94, 92, 90, 91, 93, 92, 91, 91, 105, 106, 113, 112, 116, 122, 126,
    138, 147, 157, 169, 180, 195, 198, 203, 215, 221, 227, 223 ]
