%YAML:1.0
---
videoName: "RHShake14.mp4"
gestureLabel: 2
fps: 30
pixelSizeInCmTemp: 3.2808219178082193e-01
faceCenterPointX: 277
faceCenterPointY: 42
LHandPositionsX: [ 378, 375, 377, 376, 379, 377, 375, 376, 379, 378, 375,
    374, 376, 374, 377, 374, 376, 376, 376, 376, 372, 375, 373, 373, 376,
    375, 373, 373, 373, 374, 376, 375, 376, 375, 374, 372, 372, 372, 374,
    373, 374, 374, 376, 373, 375, 375, 373, 372, 375, 375, 374, 376, 376,
    372, 376, 374, 376, 376, 373, 373, 372, 372, 375, 375, 372, 372, 376,
    375, 374, 374, 374, 373, 373, 372, 373, 373, 372, 376, 376, 375, 373,
    372, 373, 375, 375, 374, 373, 373, 376, 375, 373 ]
LHandPositionsY: [ 230, 231, 229, 230, 232, 230, 231, 232, 232, 229, 230,
    232, 232, 230, 229, 230, 230, 231, 229, 230, 233, 229, 231, 230, 231,
    233, 233, 229, 230, 229, 231, 229, 232, 232, 231, 229, 232, 229, 231,
    230, 230, 230, 229, 232, 232, 229, 229, 229, 229, 229, 232, 231, 230,
    233, 232, 233, 231, 231, 231, 229, 233, 231, 230, 233, 232, 231, 231,
    232, 231, 229, 232, 233, 232, 231, 231, 230, 232, 231, 229, 230, 230,
    232, 232, 232, 230, 230, 230, 229, 231, 232, 233 ]
RHandPositionsX: [ 174, 174, 174, 173, 171, 171, 173, 173, 173, 170, 171,
    171, 170, 174, 174, 173, 173, 173, 171, 170, 174, 171, 171, 172, 172,
    173, 171, 167, 157, 148, 135, 129, 124, 114, 117, 122, 127, 132, 136,
    141, 142, 148, 145, 143, 145, 144, 147, 153, 157, 162, 157, 158, 154,
    150, 156, 155, 160, 169, 168, 162, 159, 153, 156, 156, 159, 165, 165,
    170, 176, 179, 179, 178, 179, 179, 174, 173, 179, 181, 176, 172, 172,
    174, 174, 174, 171, 174, 170, 171, 171, 174, 174 ]
RHandPositionsY: [ 243, 242, 242, 241, 241, 241, 242, 241, 243, 243, 240,
    242, 240, 242, 242, 243, 240, 242, 243, 242, 243, 240, 242, 242, 240,
    245, 247, 235, 212, 195, 172, 154, 134, 116, 115, 107, 106, 108, 114,
    116, 116, 105, 99, 91, 86, 84, 84, 86, 86, 84, 78, 78, 78, 77, 78,
    74, 82, 83, 77, 78, 78, 77, 76, 75, 81, 82, 88, 106, 121, 134, 144,
    159, 168, 182, 195, 193, 199, 205, 210, 217, 217, 224, 221, 230, 236,
    233, 232, 234, 233, 233, 237 ]
