%YAML:1.0
---
videoName: "RHShake00.mp4"
gestureLabel: 2
fps: 29
pixelSizeInCmTemp: 3.4710144927536229e-01
faceCenterPointX: 283
faceCenterPointY: 97
LHandPositionsX: [ 343, 344, 345, 345, 344, 342, 342, 346, 346, 344, 345,
    344, 344, 345, 343, 344, 344, 346, 342, 346, 345, 342, 344, 345, 343,
    342, 345, 342, 343, 345, 342, 346, 345, 343, 344, 346, 345, 345, 343,
    342, 346, 345, 343, 346, 345, 344, 345, 345, 342, 342, 344, 343, 345,
    343, 342, 342, 343, 345, 346, 343, 343, 345, 344, 342, 346, 345, 346,
    344, 343, 343, 346, 343, 345, 342, 345, 344, 344, 342, 345, 343, 345,
    344, 342, 345, 343, 342, 343, 344 ]
LHandPositionsY: [ 275, 274, 276, 274, 276, 273, 275, 273, 274, 276, 272,
    272, 275, 274, 274, 276, 275, 272, 276, 274, 273, 276, 275, 275, 274,
    275, 276, 272, 272, 274, 274, 274, 276, 272, 272, 274, 274, 274, 275,
    275, 276, 272, 274, 275, 274, 276, 273, 272, 273, 274, 274, 274, 275,
    275, 276, 276, 274, 273, 276, 276, 275, 274, 275, 275, 274, 272, 275,
    272, 276, 273, 272, 276, 272, 276, 274, 275, 273, 272, 272, 275, 276,
    276, 275, 275, 275, 275, 276, 273 ]
RHandPositionsX: [ 176, 173, 166, 154, 148, 148, 144, 142, 141, 140, 143,
    147, 151, 167, 169, 165, 170, 169, 163, 159, 155, 154, 147, 150, 151,
    166, 164, 166, 166, 162, 157, 152, 148, 145, 149, 157, 165, 164, 163,
    164, 160, 155, 151, 141, 139, 144, 147, 154, 153, 157, 160, 161, 157,
    150, 145, 147, 146, 150, 153, 160, 160, 161, 167, 164, 159, 152, 146,
    140, 140, 145, 148, 154, 158, 158, 165, 169, 168, 175, 176, 180, 183,
    188, 190, 193, 192, 197, 198, 198 ]
RHandPositionsY: [ 257, 252, 243, 218, 204, 188, 175, 166, 158, 149, 141,
    135, 132, 134, 136, 137, 134, 133, 129, 123, 122, 123, 120, 122, 129,
    132, 136, 131, 135, 132, 125, 126, 124, 126, 133, 135, 140, 142, 137,
    137, 142, 136, 134, 130, 130, 133, 132, 136, 138, 139, 138, 139, 135,
    129, 132, 130, 130, 133, 141, 146, 145, 145, 146, 148, 139, 139, 137,
    138, 142, 150, 156, 161, 167, 176, 180, 188, 200, 204, 213, 219, 230,
    238, 243, 248, 254, 257, 260, 262 ]
