%YAML:1.0
---
videoName: "RHShake15.mp4"
gestureLabel: 2
fps: 29
pixelSizeInCmTemp: 3.2808219178082193e-01
faceCenterPointX: 279
faceCenterPointY: 41
LHandPositionsX: [ 371, 371, 371, 370, 370, 371, 370, 368, 369, 368, 368,
    372, 369, 371, 371, 368, 370, 369, 371, 369, 369, 371, 372, 369, 368,
    368, 372, 371, 372, 370, 371, 372, 370, 369, 371, 370, 371, 369, 368,
    370, 371, 370, 370, 370, 371, 368, 372, 371, 370, 370, 372, 369, 370,
    370, 369, 369, 372, 370, 372, 368, 372, 368, 371, 368, 370, 368, 370,
    369, 372, 369, 368, 369, 368, 369, 369, 368, 370, 368, 370, 371, 371,
    369, 368, 369, 368, 370, 371, 371 ]
LHandPositionsY: [ 234, 232, 234, 232, 234, 234, 232, 236, 233, 233, 234,
    234, 236, 234, 232, 232, 233, 236, 233, 236, 235, 234, 236, 233, 233,
    232, 234, 232, 232, 232, 233, 236, 232, 234, 236, 234, 232, 233, 232,
    232, 234, 234, 234, 234, 231, 233, 235, 233, 232, 231, 234, 234, 233,
    234, 232, 235, 235, 232, 235, 234, 234, 231, 234, 234, 233, 235, 234,
    234, 231, 232, 234, 231, 232, 234, 234, 233, 233, 235, 231, 231, 232,
    231, 231, 234, 234, 232, 233, 233 ]
RHandPositionsX: [ 137, 124, 115, 111, 112, 108, 108, 107, 105, 109, 112,
    117, 113, 110, 109, 111, 113, 107, 108, 110, 114, 118, 115, 113, 110,
    106, 108, 109, 107, 105, 114, 119, 115, 113, 114, 111, 109, 113, 110,
    115, 112, 113, 116, 117, 120, 121, 121, 122, 122, 120, 118, 122, 123,
    128, 125, 125, 124, 129, 124, 120, 120, 123, 127, 133, 137, 142, 138,
    136, 137, 140, 142, 148, 152, 155, 158, 154, 160, 156, 158, 158, 157,
    161, 158, 161, 158, 157, 161, 158 ]
RHandPositionsY: [ 192, 172, 156, 143, 143, 142, 135, 125, 118, 117, 112,
    109, 102, 101, 97, 98, 98, 93, 95, 91, 96, 93, 91, 94, 92, 94, 96,
    92, 94, 95, 99, 105, 105, 105, 101, 102, 102, 105, 102, 102, 104,
    104, 110, 112, 111, 108, 102, 106, 105, 102, 103, 108, 110, 113, 119,
    113, 112, 111, 112, 109, 114, 120, 127, 134, 150, 166, 170, 179, 193,
    202, 209, 219, 231, 235, 240, 237, 245, 246, 249, 245, 245, 247, 246,
    248, 249, 245, 247, 247 ]
