%YAML:1.0
---
videoName: "RHShake22.mp4"
gestureLabel: 2
fps: 29
pixelSizeInCmTemp: 3.3263888888888887e-01
faceCenterPointX: 290
faceCenterPointY: 48
LHandPositionsX: [ 396, 396, 393, 395, 396, 392, 394, 395, 395, 395, 394,
    392, 395, 393, 394, 395, 394, 393, 394, 393, 394, 393, 393, 396, 395,
    396, 393, 395, 394, 393, 394, 393, 394, 395, 396, 394, 394, 393, 393,
    396, 393, 394, 392, 396, 392, 393, 395, 395, 395, 395, 394, 394, 396,
    393, 396, 396, 393, 393, 393, 395, 396, 392, 394, 393, 393, 395, 393,
    396, 393, 396, 395, 392, 396, 394, 395, 392, 396, 395, 394, 395, 394,
    393, 394, 393, 392, 393, 394, 392 ]
LHandPositionsY: [ 234, 234, 234, 233, 234, 234, 230, 233, 231, 230, 232,
    231, 232, 230, 234, 231, 231, 232, 234, 231, 230, 234, 232, 230, 234,
    230, 234, 232, 234, 234, 233, 231, 232, 230, 234, 230, 233, 230, 232,
    231, 231, 232, 231, 234, 233, 232, 234, 233, 230, 230, 233, 233, 233,
    233, 230, 230, 232, 233, 230, 233, 231, 232, 233, 230, 231, 233, 230,
    231, 232, 233, 234, 234, 233, 230, 234, 231, 230, 234, 231, 231, 230,
    234, 232, 234, 234, 232, 233, 233 ]
RHandPositionsX: [ 151, 138, 132, 132, 131, 134, 144, 156, 163, 164, 163,
    165, 159, 157, 151, 148, 143, 144, 148, 156, 161, 169, 172, 172, 169,
    163, 165, 155, 158, 155, 151, 157, 167, 170, 174, 172, 173, 172, 165,
    161, 159, 160, 159, 169, 171, 175, 174, 171, 172, 169, 164, 155, 153,
    154, 155, 165, 171, 178, 176, 179, 175, 173, 171, 165, 156, 152, 153,
    155, 165, 176, 179, 179, 182, 182, 181, 181, 182, 181, 186, 186, 186,
    191, 189, 188, 188, 187, 187, 190 ]
RHandPositionsY: [ 139, 114, 100, 100, 98, 89, 81, 83, 90, 92, 91, 88,
    87, 79, 78, 77, 76, 74, 73, 84, 90, 92, 95, 98, 93, 91, 86, 86, 84,
    83, 82, 88, 94, 98, 104, 101, 94, 89, 86, 87, 86, 82, 82, 87, 94, 98,
    100, 99, 93, 92, 92, 90, 88, 86, 83, 86, 89, 100, 100, 101, 98, 98,
    92, 90, 94, 94, 91, 91, 92, 103, 109, 113, 116, 118, 120, 124, 139,
    151, 160, 170, 183, 195, 198, 206, 215, 221, 223, 227 ]
