%YAML:1.0
---
videoName: "RHShake03.mp4"
gestureLabel: 2
fps: 29
pixelSizeInCmTemp: 3.1103896103896100e-01
faceCenterPointX: 294
faceCenterPointY: 48
LHandPositionsX: [ 408, 412, 410, 410, 410, 412, 408, 411, 411, 412, 408,
    410, 412, 411, 409, 412, 408, 411, 409, 410, 409, 412, 410, 409, 412,
    409, 410, 408, 408, 411, 412, 408, 409, 412, 411, 409, 408, 408, 412,
    412, 412, 409, 410, 410, 410, 412, 409, 408, 408, 410, 408, 410, 408,
    412, 408, 412, 412, 411, 412, 409, 410, 408, 410, 409, 408, 408, 410,
    410, 410, 411, 407, 409, 408, 408, 410, 408, 409, 410, 408, 407, 409,
    410, 411, 411, 411, 408, 408, 410 ]
LHandPositionsY: [ 260, 263, 264, 263, 260, 263, 262, 264, 260, 262, 260,
    262, 263, 261, 264, 260, 262, 262, 260, 262, 264, 261, 261, 263, 264,
    260, 264, 263, 263, 262, 264, 261, 264, 264, 262, 264, 263, 263, 263,
    261, 263, 260, 263, 262, 261, 264, 260, 262, 261, 262, 260, 261, 260,
    264, 264, 263, 264, 264, 260, 263, 262, 262, 264, 260, 264, 264, 262,
    261, 264, 264, 260, 260, 263, 262, 260, 262, 261, 262, 264, 261, 260,
    260, 262, 262, 260, 261, 260, 261 ]
RHandPositionsX: [ 182, 177, 178, 177, 178, 176, 178, 178, 173, 176, 176,
    177, 173, 174, 176, 174, 172, 172, 173, 174, 174, 172, 175, 173, 171,
    171, 174, 172, 175, 172, 174, 172, 173, 170, 162, 155, 150, 148, 151,
    153, 156, 167, 178, 183, 189, 189, 183, 174, 175, 174, 174, 180, 180,
    183, 181, 178, 172, 171, 169, 172, 177, 189, 201, 208, 200, 192, 190,
    190, 185, 182, 184, 196, 201, 206, 209, 206, 197, 197, 192, 182, 185,
    185, 182, 180, 180, 181, 181, 178 ]
RHandPositionsY: [ 260, 258, 262, 259, 262, 261, 263, 259, 262, 260, 259,
    262, 258, 260, 259, 259, 260, 261, 258, 260, 261, 262, 258, 260, 261,
    260, 260, 258, 258, 261, 267, 265, 256, 239, 219, 196, 176, 157, 143,
    127, 120, 119, 116, 120, 110, 105, 104, 99, 100, 102, 104, 104, 104,
    106, 103, 102, 103, 100, 97, 94, 101, 109, 108, 110, 111, 107, 102,
    103, 97, 101, 105, 119, 126, 140, 158, 181, 201, 209, 217, 242, 239,
    245, 245, 249, 252, 255, 254, 253 ]
