%YAML:1.0
---
videoName: "RHShake20.mp4"
gestureLabel: 2
fps: 29
pixelSizeInCmTemp: 3.3263888888888887e-01
faceCenterPointX: 286
faceCenterPointY: 45
LHandPositionsX: [ 391, 391, 393, 394, 394, 393, 391, 392, 391, 393, 393,
    393, 393, 392, 394, 394, 393, 394, 392, 394, 391, 393, 393, 392, 391,
    390, 391, 394, 394, 393, 391, 390, 390, 390, 394, 390, 392, 390, 392,
    393, 390, 393, 392, 390, 394, 393, 391, 391, 394, 390, 394, 391, 391,
    393, 390, 392, 391, 393, 390, 390, 390, 393, 391, 394, 394, 391, 394,
    393, 392, 393, 391, 391, 391, 392, 390, 391, 392, 390, 391, 390, 391,
    394, 392, 391, 390, 393, 391, 393 ]
LHandPositionsY: [ 246, 243, 244, 244, 243, 245, 244, 245, 244, 242, 244,
    244, 243, 241, 242, 243, 239, 241, 242, 242, 243, 241, 240, 242, 243,
    239, 241, 241, 239, 240, 243, 240, 239, 239, 242, 243, 243, 242, 240,
    241, 239, 240, 243, 242, 241, 239, 242, 239, 243, 241, 239, 243, 242,
    243, 241, 242, 239, 242, 241, 241, 242, 243, 241, 239, 239, 240, 241,
    243, 242, 243, 240, 239, 240, 243, 241, 240, 240, 243, 241, 241, 243,
    243, 240, 240, 240, 240, 243, 241 ]
RHandPositionsX: [ 165, 162, 160, 156, 155, 155, 154, 157, 159, 156, 159,
    161, 160, 155, 153, 153, 150, 148, 158, 162, 161, 161, 160, 155, 155,
    153, 150, 154, 159, 162, 162, 159, 159, 155, 159, 153, 151, 150, 160,
    167, 168, 166, 163, 161, 155, 152, 151, 151, 156, 164, 167, 168, 164,
    170, 168, 169, 165, 163, 162, 158, 162, 166, 175, 175, 183, 185, 187,
    188, 186, 184, 183, 180, 178, 179, 180, 177, 178, 177, 177, 180, 179,
    180, 177, 176, 176, 176, 176, 177 ]
RHandPositionsY: [ 111, 110, 105, 101, 101, 99, 97, 98, 100, 102, 104,
    103, 96, 97, 96, 95, 98, 106, 112, 114, 113, 115, 114, 111, 109, 108,
    108, 108, 117, 118, 119, 116, 112, 107, 105, 104, 105, 108, 116, 122,
    122, 121, 123, 119, 114, 113, 114, 111, 112, 115, 122, 126, 122, 125,
    122, 122, 114, 117, 111, 110, 116, 122, 133, 135, 146, 155, 167, 175,
    183, 194, 203, 208, 220, 227, 234, 234, 240, 239, 241, 244, 245, 244,
    244, 245, 245, 244, 244, 247 ]
