%YAML:1.0
---
videoName: "RHShake08.mp4"
gestureLabel: 2
fps: 29
pixelSizeInCmTemp: 3.2808219178082193e-01
faceCenterPointX: 290
faceCenterPointY: 45
LHandPositionsX: [ 315, 316, 313, 313, 314, 314, 316, 315, 315, 311, 309,
    312, 313, 309, 310, 307, 309, 310, 307, 310, 310, 307, 310, 308, 308,
    309, 306, 306, 306, 306, 308, 309, 309, 306, 308, 308, 306, 309, 310,
    309, 310, 307, 306, 306, 309, 308, 307, 308, 308, 307, 305, 305, 305,
    305, 308, 307, 306, 308, 309, 305, 306, 306, 307, 306, 307, 309, 309,
    306, 307, 305, 305, 308, 306, 305, 306, 307, 305, 306, 306, 305, 308,
    307, 306, 308, 307, 311, 310, 311 ]
LHandPositionsY: [ 278, 280, 281, 281, 282, 280, 281, 284, 282, 281, 282,
    283, 282, 285, 284, 284, 281, 281, 281, 283, 285, 283, 281, 281, 283,
    282, 281, 281, 285, 284, 281, 285, 285, 283, 281, 285, 281, 281, 282,
    284, 283, 284, 281, 281, 282, 283, 281, 282, 281, 280, 282, 283, 283,
    280, 281, 282, 282, 280, 281, 282, 282, 284, 281, 283, 281, 283, 283,
    281, 281, 283, 280, 282, 284, 282, 282, 282, 281, 281, 280, 282, 280,
    283, 283, 280, 282, 282, 280, 282 ]
RHandPositionsX: [ 270, 270, 268, 269, 271, 272, 274, 276, 264, 257, 257,
    255, 251, 236, 222, 199, 186, 166, 158, 160, 166, 176, 197, 198, 206,
    199, 194, 189, 185, 181, 187, 189, 202, 202, 193, 192, 187, 183, 177,
    179, 191, 188, 187, 187, 183, 178, 172, 171, 177, 184, 185, 190, 190,
    189, 191, 192, 190, 200, 204, 216, 214, 206, 206, 200, 199, 194, 201,
    206, 214, 211, 214, 217, 223, 227, 238, 246, 253, 261, 260, 263, 267,
    267, 269, 272, 272, 277, 274, 270 ]
RHandPositionsY: [ 267, 269, 267, 270, 266, 266, 266, 267, 267, 263, 255,
    245, 232, 217, 204, 182, 175, 150, 132, 126, 113, 111, 108, 104, 111,
    106, 100, 92, 93, 94, 90, 94, 95, 95, 95, 91, 90, 88, 86, 91, 92, 91,
    95, 92, 88, 85, 87, 86, 88, 95, 94, 97, 97, 98, 92, 89, 91, 91, 96,
    96, 101, 97, 96, 95, 92, 96, 95, 101, 106, 105, 110, 125, 133, 143,
    157, 178, 194, 217, 230, 243, 259, 260, 257, 259, 261, 265, 262, 265 ]
