%YAML:1.0
---
videoName: "RHShake02.mp4"
gestureLabel: 2
fps: 29
pixelSizeInCmTemp: 3.1933333333333330e-01
faceCenterPointX: 291
faceCenterPointY: 51
LHandPositionsX: [ 405, 409, 405, 406, 409, 405, 406, 405, 406, 407, 406,
    409, 406, 408, 406, 407, 408, 408, 405, 405, 407, 405, 405, 405, 404,
    407, 403, 404, 403, 403, 406, 404, 403, 402, 401, 401, 405, 401, 404,
    400, 403, 401, 403, 401, 399, 403, 403, 398, 398, 402, 399, 401, 397,
    397, 399, 399, 400, 396, 399, 396, 400, 400, 397, 398, 399, 396, 396,
    395, 395, 399, 395, 396, 397, 395, 396, 397, 398, 395, 399, 398, 399,
    398, 395, 399, 398, 396, 399, 397 ]
LHandPositionsY: [ 262, 262, 265, 263, 262, 261, 261, 265, 261, 261, 263,
    262, 261, 261, 265, 262, 261, 264, 264, 264, 263, 264, 260, 262, 261,
    263, 261, 261, 263, 260, 262, 263, 262, 261, 262, 260, 262, 261, 263,
    260, 261, 260, 261, 264, 264, 260, 262, 263, 263, 261, 262, 262, 264,
    260, 260, 262, 260, 260, 260, 260, 260, 261, 263, 264, 262, 260, 261,
    262, 262, 263, 260, 264, 262, 260, 261, 264, 261, 264, 261, 261, 262,
    262, 263, 260, 263, 260, 261, 260 ]
RHandPositionsX: [ 171, 175, 172, 174, 173, 173, 171, 173, 170, 174, 170,
    174, 170, 170, 171, 172, 173, 172, 170, 173, 170, 174, 172, 170, 175,
    172, 177, 180, 174, 173, 169, 159, 158, 155, 152, 153, 160, 177, 182,
    180, 182, 178, 171, 164, 159, 160, 161, 170, 178, 183, 192, 185, 181,
    177, 168, 168, 166, 165, 175, 180, 185, 184, 179, 179, 175, 172, 172,
    170, 171, 175, 185, 194, 197, 200, 200, 196, 196, 183, 187, 183, 181,
    178, 178, 178, 175, 177, 177, 176 ]
RHandPositionsY: [ 263, 265, 267, 264, 267, 266, 265, 266, 263, 267, 263,
    266, 263, 265, 264, 266, 267, 265, 265, 263, 266, 266, 263, 267, 268,
    266, 266, 248, 229, 211, 189, 166, 146, 124, 111, 101, 96, 94, 101,
    97, 94, 91, 89, 91, 89, 86, 90, 93, 96, 100, 98, 97, 90, 89, 87, 85,
    87, 88, 97, 102, 99, 100, 100, 98, 91, 92, 95, 91, 96, 100, 102, 119,
    130, 143, 160, 178, 192, 213, 224, 230, 236, 243, 243, 253, 250, 254,
    254, 252 ]
