%YAML:1.0
---
videoName: "RHShake22.mp4"
gestureLabel: 2
fps: 29
pixelSizeInCmTemp: 3.3263888888888887e-01
faceCenterPointX: 290
faceCenterPointY: 48
LHandPositionsX: [ 392, 392, 392, 392, 396, 393, 396, 396, 396, 395, 394,
    392, 394, 393, 392, 396, 394, 395, 392, 393, 393, 393, 392, 395, 394,
    393, 394, 396, 393, 393, 393, 395, 392, 396, 393, 394, 394, 395, 392,
    392, 394, 395, 396, 394, 396, 394, 394, 396, 394, 396, 395, 394, 392,
    392, 392, 393, 393, 393, 396, 396, 393, 396, 393, 396, 393, 393, 395,
    396, 394, 394, 393, 394, 393, 394, 395, 395, 394, 393, 396, 394, 395,
    394, 393, 393, 392, 394, 394, 393 ]
LHandPositionsY: [ 231, 233, 231, 231, 232, 232, 233, 233, 234, 230, 230,
    234, 234, 233, 230, 231, 234, 230, 233, 231, 234, 232, 231, 234, 231,
    232, 230, 232, 233, 233, 232, 234, 230, 233, 231, 231, 231, 233, 233,
    233, 232, 234, 233, 234, 232, 232, 234, 234, 230, 233, 234, 231, 231,
    234, 231, 234, 230, 232, 231, 234, 231, 233, 232, 230, 232, 230, 232,
    234, 233, 232, 232, 233, 231, 233, 231, 231, 230, 232, 234, 231, 233,
    234, 230, 234, 234, 232, 230, 234 ]
RHandPositionsX: [ 148, 135, 128, 131, 131, 137, 146, 159, 167, 166, 165,
    163, 160, 159, 153, 145, 143, 143, 148, 152, 162, 172, 169, 171, 168,
    167, 163, 156, 157, 152, 151, 161, 164, 171, 174, 172, 171, 172, 164,
    163, 157, 157, 158, 168, 173, 173, 177, 171, 170, 170, 161, 156, 152,
    156, 158, 166, 173, 175, 179, 180, 177, 173, 171, 163, 155, 156, 152,
    157, 165, 174, 179, 178, 182, 180, 181, 180, 178, 183, 182, 185, 187,
    190, 187, 187, 187, 189, 190, 191 ]
RHandPositionsY: [ 141, 115, 102, 100, 95, 89, 81, 85, 90, 91, 90, 89,
    84, 82, 77, 78, 78, 74, 77, 86, 89, 92, 98, 95, 93, 88, 87, 83, 82,
    82, 81, 88, 93, 101, 101, 100, 94, 90, 88, 87, 87, 86, 83, 91, 96,
    100, 101, 101, 94, 91, 90, 91, 89, 87, 84, 84, 90, 101, 101, 101, 99,
    96, 90, 91, 93, 91, 89, 91, 92, 104, 110, 109, 114, 117, 123, 124,
    136, 147, 160, 172, 181, 192, 199, 207, 214, 217, 223, 227 ]
