%YAML:1.0
---
videoName: "RHShake03.mp4"
gestureLabel: 2
fps: 29
pixelSizeInCmTemp: 3.1103896103896100e-01
faceCenterPointX: 294
faceCenterPointY: 48
LHandPositionsX: [ 412, 410, 411, 412, 410, 412, 409, 410, 412, 411, 409,
    411, 412, 412, 408, 409, 409, 410, 412, 412, 412, 412, 408, 408, 412,
    411, 408, 409, 408, 412, 411, 409, 409, 410, 409, 408, 411, 409, 412,
    410, 409, 411, 408, 408, 408, 410, 410, 408, 410, 411, 409, 412, 409,
    409, 409, 409, 409, 408, 408, 410, 408, 410, 408, 412, 410, 412, 412,
    412, 410, 409, 408, 411, 409, 408, 408, 407, 411, 409, 408, 410, 410,
    411, 410, 410, 408, 407, 409, 409 ]
LHandPositionsY: [ 262, 264, 260, 260, 264, 264, 260, 263, 263, 260, 261,
    261, 260, 262, 264, 260, 263, 263, 262, 262, 264, 263, 260, 261, 264,
    263, 264, 263, 264, 261, 262, 260, 263, 262, 263, 264, 262, 264, 262,
    260, 264, 260, 264, 263, 260, 262, 260, 261, 264, 261, 260, 261, 260,
    262, 264, 260, 261, 261, 264, 264, 260, 263, 262, 264, 264, 260, 260,
    261, 262, 262, 263, 260, 264, 264, 260, 260, 263, 260, 264, 262, 264,
    262, 263, 260, 263, 263, 261, 260 ]
RHandPositionsX: [ 180, 178, 179, 176, 175, 175, 176, 178, 175, 174, 173,
    173, 172, 174, 176, 173, 172, 171, 174, 175, 174, 171, 171, 173, 173,
    171, 173, 175, 173, 170, 172, 169, 176, 170, 165, 157, 152, 147, 151,
    149, 153, 167, 179, 182, 190, 193, 183, 178, 175, 173, 174, 179, 182,
    184, 180, 178, 174, 168, 169, 175, 178, 189, 201, 209, 199, 193, 190,
    188, 185, 183, 187, 193, 203, 206, 208, 210, 201, 198, 193, 183, 181,
    184, 185, 184, 183, 180, 179, 180 ]
RHandPositionsY: [ 258, 258, 259, 258, 259, 259, 261, 260, 258, 258, 258,
    262, 262, 262, 262, 260, 260, 258, 262, 260, 261, 261, 260, 262, 260,
    259, 258, 258, 262, 262, 265, 264, 255, 240, 218, 198, 177, 160, 144,
    129, 121, 119, 119, 119, 111, 106, 101, 100, 99, 98, 104, 107, 106,
    107, 106, 103, 103, 97, 98, 97, 102, 109, 108, 110, 110, 105, 106,
    105, 98, 101, 105, 115, 126, 143, 158, 179, 199, 211, 217, 240, 239,
    244, 243, 250, 251, 253, 254, 250 ]
