%YAML:1.0
---
videoName: "RHShake08.mp4"
gestureLabel: 2
fps: 29
pixelSizeInCmTemp: 3.2808219178082193e-01
faceCenterPointX: 290
faceCenterPointY: 45
LHandPositionsX: [ 313, 313, 313, 315, 316, 317, 312, 313, 315, 311, 311,
    311, 311, 308, 310, 309, 310, 307, 307, 310, 306, 310, 307, 308, 307,
    308, 310, 306, 310, 310, 309, 307, 307, 307, 309, 306, 307, 309, 310,
    306, 309, 307, 306, 309, 309, 307, 307, 306, 309, 306, 307, 309, 305,
    308, 306, 308, 309, 306, 308, 309, 305, 306, 306, 306, 309, 309, 308,
    306, 308, 305, 307, 308, 305, 306, 308, 305, 307, 309, 307, 306, 307,
    309, 306, 310, 310, 311, 308, 309 ]
LHandPositionsY: [ 280, 281, 282, 281, 283, 282, 281, 284, 285, 282, 285,
    283, 285, 283, 281, 284, 282, 282, 284, 281, 282, 285, 284, 281, 283,
    284, 285, 282, 285, 282, 283, 284, 281, 285, 281, 285, 281, 281, 284,
    284, 285, 281, 285, 280, 282, 283, 280, 282, 284, 281, 281, 280, 281,
    280, 283, 282, 283, 284, 283, 281, 281, 280, 280, 281, 281, 284, 280,
    283, 280, 284, 280, 280, 281, 284, 282, 284, 281, 283, 282, 281, 282,
    283, 282, 283, 280, 282, 281, 281 ]
RHandPositionsX: [ 270, 270, 271, 273, 272, 273, 271, 278, 266, 259, 257,
    254, 250, 236, 218, 202, 185, 165, 156, 161, 165, 175, 201, 196, 205,
    200, 193, 191, 184, 180, 190, 192, 203, 199, 194, 193, 188, 183, 180,
    180, 189, 189, 188, 183, 185, 176, 173, 171, 176, 183, 185, 188, 189,
    188, 191, 188, 190, 202, 205, 219, 210, 205, 206, 197, 200, 194, 201,
    206, 214, 213, 214, 218, 223, 228, 242, 248, 253, 264, 262, 265, 264,
    267, 267, 271, 276, 275, 271, 271 ]
RHandPositionsY: [ 266, 267, 267, 268, 266, 270, 268, 266, 265, 261, 252,
    243, 229, 218, 202, 183, 175, 151, 130, 128, 113, 111, 104, 108, 108,
    106, 100, 92, 94, 91, 90, 93, 95, 93, 95, 90, 90, 89, 86, 87, 91, 91,
    91, 93, 87, 88, 88, 88, 89, 96, 93, 97, 99, 99, 94, 93, 93, 91, 99,
    98, 99, 98, 95, 91, 96, 95, 96, 99, 105, 105, 114, 124, 131, 143,
    159, 174, 195, 213, 230, 244, 260, 261, 261, 258, 263, 263, 262, 262 ]
