%YAML:1.0
---
videoName: "RHShake13.mp4"
gestureLabel: 2
fps: 30
pixelSizeInCmTemp: 3.2808219178082193e-01
faceCenterPointX: 278
faceCenterPointY: 45
LHandPositionsX: [ 305, 307, 306, 307, 305, 306, 307, 309, 307, 305, 309,
    306, 308, 306, 306, 306, 306, 307, 308, 306, 306, 305, 309, 309, 306,
    309, 305, 307, 306, 308, 309, 309, 305, 307, 306, 307, 307, 306, 307,
    306, 305, 309, 308, 306, 309, 309, 307, 308, 308, 306, 309, 309, 309,
    306, 305, 308, 305, 306, 309, 307, 307, 306, 309, 308, 307, 308, 309,
    306, 309, 307, 309, 309, 306, 310, 307, 308, 307, 307, 307, 304, 302,
    305, 302, 303, 306, 306, 303, 307, 303, 305, 306 ]
LHandPositionsY: [ 243, 242, 243, 242, 244, 245, 241, 243, 245, 245, 245,
    243, 243, 240, 242, 243, 242, 242, 239, 239, 243, 241, 241, 243, 240,
    242, 241, 242, 242, 243, 239, 242, 243, 240, 242, 240, 242, 239, 242,
    240, 242, 241, 242, 241, 240, 242, 240, 240, 238, 238, 242, 242, 239,
    239, 240, 241, 242, 238, 241, 240, 242, 241, 242, 240, 242, 240, 241,
    240, 241, 241, 239, 238, 241, 237, 236, 237, 236, 233, 234, 233, 232,
    234, 232, 237, 238, 243, 244, 245, 247, 245, 243 ]
RHandPositionsX: [ 166, 152, 136, 140, 141, 142, 141, 142, 147, 150, 145,
    146, 140, 137, 135, 139, 144, 143, 147, 141, 136, 130, 131, 132, 129,
    135, 133, 137, 139, 138, 135, 132, 128, 129, 131, 135, 138, 134, 138,
    136, 133, 132, 134, 136, 140, 145, 148, 150, 145, 148, 142, 140, 138,
    138, 138, 142, 140, 143, 142, 139, 133, 134, 131, 131, 135, 141, 144,
    147, 152, 162, 169, 179, 188, 201, 214, 227, 236, 245, 251, 251, 250,
    253, 257, 258, 259, 261, 259, 260, 261, 260, 257 ]
RHandPositionsY: [ 157, 137, 119, 117, 114, 110, 103, 102, 98, 95, 94,
    88, 88, 88, 85, 87, 88, 89, 88, 85, 85, 87, 86, 88, 86, 87, 87, 88,
    92, 90, 91, 89, 90, 90, 91, 88, 93, 92, 90, 92, 92, 90, 87, 90, 90,
    97, 95, 93, 93, 94, 91, 93, 93, 93, 94, 99, 99, 102, 100, 99, 96, 96,
    94, 97, 101, 105, 109, 108, 121, 127, 138, 143, 155, 164, 179, 187,
    196, 210, 213, 215, 217, 218, 229, 236, 238, 238, 237, 239, 237, 239,
    242 ]
