%YAML:1.0
---
videoName: "RHShake08.mp4"
gestureLabel: 2
fps: 29
pixelSizeInCmTemp: 3.2808219178082193e-01
faceCenterPointX: 290
faceCenterPointY: 45
LHandPositionsX: [ 313, 316, 316, 317, 316, 314, 312, 312, 314, 309, 309,
    309, 309, 312, 307, 309, 310, 311, 306, 309, 308, 310, 308, 306, 307,
    309, 308, 306, 308, 309, 306, 310, 310, 308, 309, 309, 310, 306, 310,
    306, 306, 308, 307, 308, 308, 306, 310, 305, 305, 307, 308, 309, 309,
    306, 305, 308, 305, 306, 306, 307, 306, 307, 309, 307, 306, 307, 305,
    307, 307, 305, 305, 306, 309, 308, 307, 305, 308, 306, 308, 305, 307,
    308, 307, 307, 311, 307, 308, 309 ]
LHandPositionsY: [ 278, 279, 279, 279, 281, 283, 284, 284, 285, 284, 285,
    282, 281, 283, 285, 283, 282, 284, 282, 281, 281, 282, 282, 285, 283,
    283, 284, 283, 285, 283, 284, 282, 284, 283, 282, 281, 282, 285, 284,
    285, 281, 283, 281, 283, 282, 280, 284, 280, 280, 284, 281, 284, 284,
    283, 280, 282, 283, 281, 284, 284, 284, 284, 284, 280, 280, 280, 280,
    280, 282, 281, 284, 281, 284, 280, 280, 281, 281, 281, 284, 282, 282,
    281, 283, 281, 284, 282, 284, 281 ]
RHandPositionsX: [ 270, 270, 271, 271, 271, 270, 274, 278, 267, 260, 258,
    254, 249, 237, 221, 202, 188, 163, 156, 159, 165, 174, 200, 200, 206,
    202, 192, 189, 184, 180, 189, 193, 205, 198, 195, 196, 184, 184, 179,
    179, 191, 188, 187, 185, 184, 177, 173, 172, 176, 180, 187, 190, 192,
    188, 195, 190, 187, 202, 203, 218, 211, 208, 203, 198, 200, 195, 203,
    205, 215, 214, 214, 216, 225, 228, 240, 247, 253, 261, 260, 266, 265,
    266, 269, 271, 276, 274, 273, 272 ]
RHandPositionsY: [ 267, 269, 269, 270, 270, 267, 269, 269, 268, 265, 254,
    245, 231, 220, 204, 186, 171, 152, 130, 128, 113, 107, 107, 104, 109,
    103, 100, 96, 94, 93, 91, 94, 95, 97, 94, 88, 90, 88, 88, 89, 90, 93,
    94, 93, 89, 88, 88, 85, 87, 96, 93, 93, 101, 95, 95, 89, 92, 95, 99,
    96, 99, 100, 95, 91, 92, 95, 95, 99, 107, 107, 110, 126, 132, 141,
    159, 175, 191, 216, 230, 246, 259, 258, 257, 258, 262, 263, 263, 266 ]
