%YAML:1.0
---
videoName: "RHShake06.mp4"
gestureLabel: 2
fps: 30
pixelSizeInCmTemp: 3.2808219178082193e-01
faceCenterPointX: 293
faceCenterPointY: 43
LHandPositionsX: [ 309, 307, 307, 308, 307, 310, 310, 306, 306, 310, 309,
    307, 308, 306, 306, 309, 313, 312, 313, 319, 317, 320, 322, 320, 321,
    319, 323, 319, 323, 319, 322, 320, 326, 324, 322, 322, 323, 324, 323,
    326, 325, 322, 322, 326, 322, 325, 326, 324, 324, 325, 325, 322, 322,
    325, 323, 323, 324, 326, 323, 323, 325, 322, 324, 322, 325, 326, 324,
    324, 325, 323, 326, 325, 322, 326, 325, 324, 323, 326, 323, 323, 325,
    326, 325, 318, 314, 316, 313, 310, 312, 309, 310 ]
LHandPositionsY: [ 267, 269, 269, 270, 268, 267, 270, 267, 270, 266, 268,
    266, 270, 267, 270, 266, 269, 270, 265, 266, 263, 261, 264, 259, 262,
    261, 262, 262, 260, 261, 258, 259, 258, 258, 260, 259, 259, 262, 262,
    260, 259, 259, 261, 261, 261, 260, 261, 260, 259, 262, 262, 260, 262,
    260, 260, 260, 261, 258, 261, 261, 260, 262, 261, 259, 258, 260, 258,
    258, 260, 262, 260, 258, 259, 260, 261, 258, 262, 258, 260, 259, 260,
    260, 258, 260, 262, 266, 264, 263, 265, 262, 263 ]
RHandPositionsX: [ 287, 286, 287, 288, 288, 284, 288, 286, 287, 284, 286,
    284, 285, 284, 286, 286, 288, 285, 280, 266, 244, 227, 204, 181, 159,
    148, 138, 132, 138, 141, 143, 146, 164, 162, 165, 160, 160, 161, 157,
    158, 159, 172, 184, 189, 191, 185, 181, 172, 167, 174, 170, 168, 174,
    182, 183, 185, 179, 188, 177, 171, 170, 164, 166, 178, 178, 179, 176,
    172, 164, 162, 167, 168, 171, 180, 191, 194, 207, 221, 233, 239, 248,
    251, 254, 247, 249, 253, 255, 253, 253, 251, 257 ]
RHandPositionsY: [ 270, 269, 268, 269, 269, 270, 268, 269, 270, 270, 266,
    266, 270, 269, 270, 270, 269, 268, 264, 261, 249, 232, 215, 198, 181,
    161, 139, 125, 110, 106, 114, 119, 128, 118, 111, 104, 101, 87, 90,
    89, 91, 94, 98, 99, 100, 96, 94, 92, 89, 90, 84, 90, 95, 101, 99, 97,
    97, 100, 97, 96, 90, 89, 94, 101, 101, 102, 102, 99, 103, 104, 117,
    128, 144, 162, 174, 182, 195, 203, 216, 222, 233, 237, 235, 239, 240,
    241, 241, 242, 244, 244, 243 ]
