%YAML:1.0
---
videoName: "RHShake14.mp4"
gestureLabel: 2
fps: 30
pixelSizeInCmTemp: 3.2808219178082193e-01
faceCenterPointX: 277
faceCenterPointY: 42
LHandPositionsX: [ 379, 375, 376, 376, 376, 379, 375, 379, 375, 375, 377,
    375, 374, 374, 373, 376, 377, 373, 373, 376, 375, 375, 376, 372, 374,
    374, 374, 375, 376, 372, 372, 374, 373, 375, 372, 375, 373, 373, 372,
    372, 374, 373, 373, 375, 372, 376, 372, 374, 376, 374, 373, 372, 372,
    372, 373, 374, 372, 376, 376, 373, 373, 376, 375, 376, 376, 374, 375,
    375, 372, 372, 372, 376, 376, 372, 375, 375, 376, 374, 372, 375, 373,
    372, 376, 372, 373, 376, 376, 376, 375, 376, 372 ]
LHandPositionsY: [ 231, 232, 233, 231, 232, 233, 233, 231, 232, 231, 231,
    233, 232, 231, 231, 229, 232, 230, 231, 231, 232, 230, 232, 229, 230,
    230, 232, 232, 233, 232, 230, 231, 233, 232, 229, 230, 230, 231, 231,
    229, 231, 233, 232, 230, 233, 229, 232, 230, 231, 231, 232, 230, 231,
    232, 230, 233, 229, 233, 230, 230, 230, 229, 229, 232, 231, 230, 232,
    232, 232, 232, 230, 233, 231, 229, 232, 231, 229, 232, 233, 229, 232,
    232, 229, 233, 232, 230, 231, 231, 232, 231, 233 ]
RHandPositionsX: [ 174, 170, 172, 171, 170, 171, 174, 172, 174, 171, 170,
    170, 173, 174, 173, 173, 172, 174, 174, 171, 173, 173, 170, 173, 169,
    174, 167, 170, 160, 148, 138, 125, 123, 117, 119, 122, 127, 133, 134,
    138, 144, 146, 147, 145, 146, 146, 148, 155, 158, 160, 160, 157, 153,
    152, 157, 157, 159, 170, 170, 165, 156, 154, 160, 155, 157, 162, 163,
    172, 174, 176, 179, 177, 178, 180, 171, 170, 175, 178, 174, 173, 172,
    170, 171, 171, 173, 172, 170, 173, 170, 171, 172 ]
RHandPositionsY: [ 240, 240, 240, 243, 240, 241, 243, 239, 242, 243, 243,
    242, 242, 240, 243, 240, 239, 242, 243, 240, 240, 242, 239, 240, 243,
    244, 246, 232, 215, 194, 172, 154, 134, 117, 115, 111, 106, 110, 114,
    118, 116, 107, 96, 93, 90, 86, 87, 84, 83, 82, 81, 78, 75, 75, 76,
    77, 79, 81, 77, 78, 77, 75, 77, 75, 80, 82, 86, 105, 120, 135, 148,
    158, 171, 180, 191, 194, 198, 204, 210, 216, 217, 222, 222, 229, 234,
    231, 234, 233, 233, 233, 238 ]
