%YAML:1.0
---
videoName: "RHShake04.mp4"
gestureLabel: 2
fps: 29
pixelSizeInCmTemp: 3.1513157894736843e-01
faceCenterPointX: 292
faceCenterPointY: 47
LHandPositionsX: [ 410, 411, 412, 410, 409, 411, 412, 410, 411, 409, 410,
    412, 408, 411, 408, 410, 412, 412, 410, 407, 409, 407, 408, 409, 409,
    410, 405, 406, 405, 405, 407, 407, 409, 407, 409, 408, 405, 406, 405,
    409, 409, 409, 406, 409, 408, 407, 407, 406, 406, 406, 406, 408, 406,
    407, 409, 408, 407, 408, 409, 408, 409, 406, 406, 406, 407, 404, 403,
    405, 405, 402, 404, 402, 402, 402, 405, 405, 406, 406, 404, 402, 403,
    403, 403, 401, 401, 401, 403, 403 ]
LHandPositionsY: [ 265, 262, 265, 262, 266, 262, 264, 264, 264, 263, 265,
    261, 263, 261, 265, 262, 263, 261, 263, 262, 261, 261, 260, 260, 262,
    262, 260, 262, 264, 260, 263, 264, 261, 260, 261, 261, 261, 260, 260,
    263, 263, 261, 262, 264, 263, 260, 262, 260, 260, 263, 261, 263, 260,
    261, 261, 263, 261, 264, 263, 260, 260, 262, 260, 260, 261, 261, 261,
    261, 260, 259, 261, 262, 260, 258, 258, 259, 262, 259, 261, 260, 259,
    258, 260, 259, 261, 257, 259, 261 ]
RHandPositionsX: [ 182, 180, 183, 182, 182, 181, 180, 178, 177, 178, 178,
    177, 180, 179, 178, 176, 177, 178, 179, 178, 179, 179, 180, 183, 179,
    174, 168, 167, 162, 162, 162, 164, 180, 189, 195, 192, 189, 180, 176,
    170, 165, 166, 171, 175, 178, 179, 180, 175, 170, 169, 165, 170, 177,
    176, 180, 179, 176, 169, 167, 173, 169, 175, 176, 182, 196, 188, 183,
    176, 174, 174, 169, 172, 171, 175, 184, 190, 192, 193, 192, 189, 187,
    188, 187, 181, 177, 177, 177, 174 ]
RHandPositionsY: [ 266, 264, 268, 265, 264, 266, 267, 267, 267, 265, 267,
    267, 266, 271, 269, 267, 271, 268, 268, 270, 268, 271, 269, 246, 221,
    196, 169, 147, 123, 125, 119, 104, 98, 100, 106, 102, 97, 93, 94, 94,
    88, 90, 96, 97, 99, 98, 97, 94, 95, 92, 95, 97, 96, 98, 100, 96, 96,
    96, 94, 89, 93, 97, 97, 96, 97, 96, 97, 95, 96, 92, 93, 97, 100, 105,
    122, 131, 141, 154, 165, 181, 196, 209, 225, 226, 238, 245, 247, 250 ]
