%YAML:1.0
---
videoName: "RHShake24.mp4"
gestureLabel: 2
fps: 30
pixelSizeInCmTemp: 3.3732394366197183e-01
faceCenterPointX: 304
faceCenterPointY: 46
LHandPositionsX: [ 391, 392, 392, 390, 391, 393, 390, 389, 391, 393, 392,
    393, 393, 389, 391, 390, 392, 391, 389, 391, 389, 393, 389, 390, 393,
    391, 389, 393, 390, 392, 389, 393, 389, 393, 389, 392, 393, 392, 392,
    392, 389, 393, 393, 392, 391, 390, 391, 392, 390, 390, 392, 390, 392,
    392, 389, 392, 392, 393, 389, 393, 390, 391, 392, 392, 391, 393, 391,
    393, 393, 391, 391, 390, 393, 392, 391, 391, 390, 391, 391, 389, 390,
    389, 390, 391, 390, 390, 391, 390, 390, 391, 389 ]
LHandPositionsY: [ 229, 229, 228, 227, 225, 229, 228, 229, 228, 228, 227,
    228, 228, 226, 226, 226, 229, 225, 229, 225, 229, 227, 227, 225, 225,
    228, 227, 228, 225, 228, 229, 229, 228, 229, 225, 228, 227, 227, 229,
    228, 228, 227, 228, 228, 226, 227, 227, 225, 228, 226, 229, 229, 226,
    228, 227, 226, 226, 225, 226, 225, 225, 226, 225, 226, 229, 225, 228,
    226, 226, 228, 227, 227, 229, 227, 226, 228, 227, 225, 225, 225, 226,
    227, 229, 227, 225, 226, 227, 228, 228, 228, 227 ]
RHandPositionsX: [ 140, 148, 150, 151, 155, 153, 154, 147, 148, 141, 138,
    139, 143, 152, 160, 163, 164, 164, 162, 157, 149, 143, 145, 139, 139,
    146, 157, 157, 161, 160, 158, 154, 152, 146, 141, 142, 147, 152, 157,
    160, 160, 162, 158, 154, 148, 143, 141, 142, 144, 148, 159, 163, 168,
    173, 170, 162, 158, 151, 149, 145, 149, 147, 152, 162, 164, 167, 168,
    173, 173, 176, 182, 181, 183, 189, 189, 191, 195, 192, 193, 195, 195,
    196, 195, 193, 196, 192, 195, 194, 193, 196, 196 ]
RHandPositionsY: [ 98, 100, 99, 101, 105, 101, 94, 89, 86, 87, 87, 88,
    85, 102, 112, 110, 114, 115, 104, 101, 97, 98, 95, 95, 94, 102, 109,
    113, 111, 113, 108, 103, 96, 98, 94, 94, 92, 98, 102, 107, 110, 115,
    108, 104, 100, 99, 96, 93, 93, 107, 120, 121, 121, 120, 118, 107,
    100, 99, 100, 99, 96, 97, 105, 113, 113, 116, 118, 124, 134, 142,
    151, 150, 151, 158, 165, 174, 179, 186, 195, 203, 212, 212, 213, 217,
    217, 217, 223, 224, 223, 228, 225 ]
