%YAML:1.0
---
videoName: "RHShake00.mp4"
gestureLabel: 2
fps: 29
pixelSizeInCmTemp: 3.4710144927536229e-01
faceCenterPointX: 283
faceCenterPointY: 97
LHandPositionsX: [ 345, 343, 342, 342, 344, 343, 346, 344, 346, 343, 342,
    344, 344, 346, 342, 345, 345, 344, 342, 345, 342, 343, 346, 344, 346,
    345, 342, 345, 344, 344, 345, 342, 343, 343, 346, 343, 345, 342, 345,
    344, 345, 343, 342, 345, 343, 346, 345, 343, 344, 345, 343, 346, 343,
    342, 343, 346, 346, 345, 343, 342, 344, 345, 345, 345, 345, 346, 346,
    342, 344, 346, 342, 346, 346, 344, 346, 344, 342, 346, 342, 346, 344,
    345, 344, 344, 346, 345, 342, 342 ]
LHandPositionsY: [ 275, 272, 272, 276, 273, 272, 274, 276, 275, 276, 276,
    276, 275, 275, 274, 273, 275, 272, 273, 273, 276, 276, 273, 276, 275,
    275, 275, 275, 272, 275, 272, 272, 276, 274, 273, 274, 275, 276, 276,
    274, 273, 272, 276, 272, 272, 273, 273, 275, 274, 273, 275, 275, 272,
    276, 274, 276, 274, 273, 276, 276, 275, 273, 272, 272, 274, 274, 276,
    273, 272, 275, 275, 274, 274, 276, 274, 276, 276, 276, 273, 274, 275,
    274, 276, 276, 276, 272, 273, 272 ]
RHandPositionsX: [ 180, 172, 167, 154, 151, 146, 146, 145, 145, 141, 143,
    149, 153, 165, 169, 163, 169, 169, 165, 160, 153, 151, 146, 147, 154,
    166, 165, 167, 168, 163, 155, 151, 149, 148, 150, 157, 164, 162, 166,
    161, 160, 154, 148, 142, 140, 148, 147, 153, 156, 157, 160, 161, 158,
    152, 147, 143, 142, 147, 155, 163, 161, 162, 165, 162, 158, 153, 145,
    141, 142, 144, 149, 151, 157, 160, 163, 168, 169, 172, 177, 179, 183,
    189, 187, 192, 193, 197, 195, 197 ]
RHandPositionsY: [ 256, 253, 240, 217, 200, 186, 178, 167, 162, 151, 142,
    137, 131, 136, 136, 140, 136, 131, 125, 122, 123, 123, 122, 121, 127,
    135, 136, 133, 135, 133, 126, 127, 128, 122, 132, 135, 138, 139, 137,
    138, 139, 136, 130, 130, 129, 132, 131, 137, 138, 136, 137, 141, 135,
    131, 129, 131, 133, 130, 138, 145, 148, 143, 147, 145, 139, 138, 139,
    136, 139, 148, 156, 161, 167, 173, 181, 192, 199, 207, 213, 221, 230,
    235, 244, 248, 251, 257, 260, 262 ]
