%YAML:1.0
---
videoName: "RHShake00.mp4"
gestureLabel: 2
fps: 29
pixelSizeInCmTemp: 3.4710144927536229e-01
faceCenterPointX: 283
faceCenterPointY: 97
LHandPositionsX: [ 345, 344, 345, 344, 342, 346, 343, 346, 343, 346, 346,
    343, 343, 344, 342, 344, 344, 344, 344, 345, 346, 343, 345, 342, 344,
    342, 345, 343, 342, 344, 346, 345, 345, 343, 346, 342, 346, 345, 346,
    346, 345, 342, 345, 343, 342, 345, 343, 346, 343, 342, 343, 346, 346,
    344, 345, 346, 345, 346, 343, 346, 345, 342, 342, 342, 342, 345, 344,
    343, 343, 346, 346, 346, 345, 343, 345, 342, 346, 345, 343, 343, 343,
    344, 345, 346, 342, 344, 343, 343 ]
LHandPositionsY: [ 273, 273, 272, 273, 273, 272, 276, 276, 274, 274, 275,
    275, 275, 272, 274, 276, 275, 275, 273, 274, 276, 274, 273, 274, 273,
    275, 276, 274, 272, 272, 272, 276, 273, 276, 274, 276, 275, 273, 272,
    272, 275, 273, 273, 275, 276, 276, 272, 275, 276, 276, 272, 273, 274,
    273, 272, 275, 274, 273, 272, 273, 273, 276, 275, 273, 272, 272, 276,
    275, 274, 276, 272, 274, 272, 272, 272, 273, 276, 273, 275, 275, 272,
    273, 273, 272, 275, 272, 272, 274 ]
RHandPositionsX: [ 180, 171, 169, 153, 151, 144, 145, 145, 143, 141, 145,
    147, 149, 168, 167, 164, 171, 165, 166, 157, 151, 153, 149, 149, 152,
    162, 163, 168, 168, 164, 159, 150, 148, 147, 150, 157, 165, 160, 166,
    162, 160, 158, 149, 145, 141, 147, 147, 154, 155, 156, 161, 164, 158,
    150, 143, 147, 142, 149, 157, 161, 160, 160, 165, 162, 158, 153, 144,
    143, 140, 144, 150, 154, 154, 161, 164, 165, 172, 175, 176, 179, 186,
    186, 191, 191, 193, 193, 197, 195 ]
RHandPositionsY: [ 257, 253, 240, 219, 200, 188, 177, 170, 159, 151, 141,
    136, 131, 132, 138, 140, 136, 129, 127, 123, 124, 121, 119, 121, 129,
    134, 133, 132, 135, 133, 127, 127, 128, 122, 132, 134, 138, 139, 138,
    139, 139, 137, 130, 131, 127, 132, 135, 134, 138, 136, 138, 142, 132,
    133, 130, 131, 134, 130, 139, 147, 146, 144, 145, 144, 139, 136, 138,
    139, 143, 148, 154, 164, 168, 175, 181, 191, 197, 206, 216, 223, 228,
    235, 244, 249, 255, 258, 262, 260 ]
