%YAML:1.0
---
videoName: "RHShake24.mp4"
gestureLabel: 2
fps: 30
pixelSizeInCmTemp: 3.3732394366197183e-01
faceCenterPointX: 304
faceCenterPointY: 46
LHandPositionsX: [ 389, 390, 391, 390, 390, 389, 393, 389, 392, 393, 392,
    392, 393, 389, 390, 389, 391, 390, 392, 392, 391, 389, 390, 392, 389,
    389, 389, 392, 390, 393, 393, 392, 389, 393, 389, 393, 390, 390, 389,
    390, 392, 393, 391, 392, 389, 392, 391, 389, 393, 393, 389, 389, 393,
    390, 389, 393, 390, 393, 392, 391, 392, 392, 392, 391, 389, 393, 392,
    391, 393, 389, 391, 392, 393, 392, 389, 391, 390, 390, 390, 391, 391,
    391, 392, 391, 389, 393, 391, 389, 390, 392, 391 ]
LHandPositionsY: [ 226, 225, 226, 225, 229, 225, 227, 227, 228, 226, 227,
    225, 229, 229, 227, 229, 226, 229, 229, 228, 229, 225, 225, 227, 226,
    228, 228, 227, 227, 225, 225, 225, 229, 226, 226, 227, 229, 227, 226,
    229, 229, 227, 227, 227, 227, 227, 226, 228, 229, 229, 228, 229, 229,
    229, 229, 228, 226, 229, 227, 228, 225, 227, 225, 228, 228, 225, 226,
    226, 225, 229, 228, 228, 229, 226, 226, 226, 229, 229, 226, 227, 226,
    229, 227, 226, 226, 227, 226, 225, 227, 227, 226 ]
RHandPositionsX: [ 142, 148, 152, 149, 153, 156, 154, 150, 147, 140, 136,
    139, 145, 151, 161, 163, 162, 160, 159, 156, 152, 144, 145, 143, 140,
    145, 159, 159, 161, 161, 158, 156, 152, 144, 144, 142, 146, 152, 158,
    158, 161, 163, 159, 157, 148, 142, 142, 143, 143, 149, 161, 162, 164,
    171, 168, 162, 157, 151, 152, 149, 146, 149, 151, 164, 166, 166, 168,
    172, 177, 176, 179, 182, 183, 185, 188, 190, 194, 191, 195, 193, 194,
    193, 196, 195, 194, 195, 192, 193, 194, 193, 196 ]
RHandPositionsY: [ 94, 103, 99, 97, 104, 100, 94, 90, 87, 89, 84, 88, 88,
    100, 112, 110, 112, 117, 107, 99, 96, 96, 96, 95, 90, 100, 110, 109,
    114, 112, 105, 99, 98, 95, 92, 90, 92, 94, 103, 108, 107, 113, 108,
    104, 99, 98, 98, 94, 93, 107, 122, 122, 120, 122, 121, 107, 100, 102,
    101, 101, 96, 98, 106, 112, 116, 115, 122, 123, 131, 141, 149, 151,
    153, 156, 166, 174, 180, 187, 196, 205, 212, 211, 211, 214, 219, 220,
    222, 221, 225, 225, 229 ]
