%YAML:1.0
---
videoName: "RHShake02.mp4"
gestureLabel: 2
fps: 29
pixelSizeInCmTemp: 3.1933333333333330e-01
faceCenterPointX: 291
faceCenterPointY: 51
LHandPositionsX: [ 408, 408, 408, 408, 406, 405, 406, 408, 408, 409, 407,
    408, 406, 405, 406, 406, 405, 404, 404, 404, 407, 408, 404, 404, 406,
    407, 407, 404, 407, 404, 403, 405, 406, 404, 402, 401, 401, 404, 402,
    400, 403, 402, 403, 400, 399, 399, 402, 402, 398, 402, 401, 399, 398,
    400, 401, 399, 398, 399, 400, 398, 397, 396, 398, 400, 399, 398, 396,
    399, 395, 396, 398, 395, 397, 398, 398, 396, 399, 395, 397, 395, 395,
    396, 398, 398, 395, 398, 395, 395 ]
LHandPositionsY: [ 264, 265, 263, 262, 263, 264, 261, 262, 265, 262, 264,
    261, 263, 261, 265, 263, 263, 262, 262, 260, 260, 260, 262, 262, 260,
    262, 261, 264, 262, 264, 264, 264, 261, 261, 262, 263, 263, 262, 262,
    263, 261, 262, 260, 263, 261, 263, 260, 262, 261, 264, 260, 263, 261,
    263, 262, 263, 262, 260, 261, 261, 262, 264, 261, 262, 262, 262, 263,
    264, 260, 262, 263, 262, 262, 262, 263, 261, 262, 260, 264, 262, 263,
    261, 262, 264, 260, 263, 262, 260 ]
RHandPositionsX: [ 172, 171, 172, 173, 172, 171, 172, 170, 174, 174, 173,
    170, 174, 172, 174, 170, 173, 173, 174, 174, 170, 173, 174, 173, 174,
    171, 176, 180, 175, 170, 165, 161, 159, 152, 151, 153, 162, 175, 184,
    181, 181, 175, 173, 164, 159, 159, 161, 169, 179, 184, 190, 183, 184,
    178, 168, 169, 164, 165, 175, 184, 184, 180, 182, 178, 174, 173, 172,
    167, 169, 175, 182, 193, 198, 202, 199, 196, 193, 186, 186, 183, 180,
    179, 178, 176, 174, 173, 175, 173 ]
RHandPositionsY: [ 263, 267, 264, 264, 263, 266, 267, 264, 267, 264, 263,
    266, 266, 263, 265, 267, 266, 266, 266, 263, 265, 263, 267, 266, 265,
    267, 264, 247, 230, 211, 189, 165, 145, 123, 110, 102, 99, 97, 100,
    98, 94, 93, 93, 88, 88, 87, 90, 92, 98, 97, 100, 96, 93, 91, 87, 84,
    86, 91, 95, 101, 98, 98, 100, 95, 92, 95, 92, 92, 92, 99, 106, 119,
    129, 144, 160, 176, 195, 213, 228, 230, 238, 242, 245, 249, 252, 252,
    253, 252 ]
