%YAML:1.0
---
videoName: "RHShake17.mp4"
gestureLabel: 2
fps: 29
pixelSizeInCmTemp: 3.3732394366197183e-01
faceCenterPointX: 282
faceCenterPointY: 40
LHandPositionsX: [ 307, 305, 305, 309, 306, 306, 308, 307, 306, 307, 309,
    308, 307, 308, 305, 306, 308, 306, 308, 306, 306, 305, 305, 305, 307,
    307, 305, 308, 305, 305, 306, 308, 305, 307, 309, 306, 309, 308, 308,
    310, 310, 309, 310, 309, 308, 309, 310, 309, 308, 310, 312, 310, 308,
    308, 311, 307, 307, 310, 308, 307, 309, 308, 311, 307, 310, 310, 307,
    310, 307, 310, 307, 311, 306, 309, 307, 307, 309, 309, 307, 308, 308,
    305, 309, 309, 306, 305, 307, 306 ]
LHandPositionsY: [ 235, 231, 234, 232, 233, 233, 231, 234, 232, 235, 231,
    233, 234, 234, 234, 234, 232, 235, 233, 231, 232, 234, 234, 233, 231,
    235, 235, 233, 231, 235, 235, 233, 234, 232, 231, 234, 234, 231, 232,
    234, 231, 232, 235, 231, 233, 234, 233, 235, 235, 231, 232, 232, 233,
    233, 232, 234, 233, 231, 235, 233, 232, 232, 231, 231, 231, 231, 232,
    231, 234, 234, 234, 231, 234, 231, 234, 232, 235, 235, 233, 231, 232,
    231, 235, 235, 234, 232, 232, 233 ]
RHandPositionsX: [ 213, 197, 175, 162, 138, 141, 145, 145, 142, 144, 147,
    150, 156, 151, 150, 147, 143, 141, 141, 145, 161, 161, 156, 150, 148,
    146, 148, 141, 148, 151, 154, 158, 161, 156, 150, 146, 141, 138, 137,
    152, 155, 153, 156, 162, 154, 151, 149, 152, 155, 157, 172, 170, 165,
    162, 161, 155, 149, 151, 145, 149, 152, 166, 173, 175, 177, 177, 175,
    178, 173, 170, 175, 172, 170, 168, 168, 166, 170, 168, 172, 171, 168,
    168, 167, 170, 167, 167, 170, 169 ]
RHandPositionsY: [ 201, 183, 168, 151, 127, 110, 108, 103, 98, 90, 97,
    89, 84, 80, 77, 74, 70, 67, 68, 73, 78, 74, 73, 71, 69, 67, 66, 66,
    67, 67, 67, 68, 67, 65, 64, 63, 67, 62, 66, 85, 80, 82, 78, 78, 78,
    76, 73, 71, 75, 77, 92, 92, 87, 81, 77, 76, 81, 79, 76, 83, 94, 104,
    117, 133, 147, 161, 170, 182, 190, 197, 209, 217, 224, 227, 234, 236,
    236, 241, 238, 240, 241, 242, 244, 242, 243, 244, 245, 243 ]
