%YAML:1.0
---
videoName: "RHShake20.mp4"
gestureLabel: 2
fps: 29
pixelSizeInCmTemp: 3.3263888888888887e-01
faceCenterPointX: 286
faceCenterPointY: 45
LHandPositionsX: [ 393, 394, 392, 394, 393, 394, 391, 390, 394, 391, 393,
    390, 393, 393, 390, 391, 391, 390, 393, 394, 392, 394, 393, 394, 392,
    393, 393, 393, 391, 394, 390, 391, 391, 390, 394, 393, 394, 394, 391,
    392, 390, 391, 392, 394, 393, 392, 394, 392, 392, 391, 391, 390, 393,
    390, 394, 390, 392, 394, 391, 394, 391, 390, 392, 392, 394, 390, 393,
    393, 393, 393, 391, 391, 394, 393, 392, 393, 390, 394, 393, 390, 394,
    393, 390, 394, 393, 393, 392, 393 ]
LHandPositionsY: [ 247, 242, 243, 245, 244, 241, 244, 241, 243, 242, 241,
    244, 243, 243, 239, 241, 240, 241, 241, 243, 239, 240, 239, 241, 239,
    240, 242, 241, 242, 240, 242, 240, 240, 241, 243, 240, 240, 243, 240,
    239, 242, 241, 239, 239, 240, 243, 240, 240, 243, 242, 240, 241, 240,
    239, 240, 241, 243, 243, 242, 242, 240, 243, 241, 242, 240, 241, 243,
    239, 240, 241, 242, 240, 239, 241, 242, 242, 239, 241, 241, 239, 239,
    240, 240, 241, 241, 241, 243, 243 ]
RHandPositionsX: [ 166, 162, 161, 155, 152, 155, 154, 158, 157, 156, 163,
    161, 160, 156, 150, 151, 148, 149, 159, 163, 163, 163, 157, 156, 151,
    153, 151, 150, 158, 161, 162, 163, 156, 154, 159, 152, 152, 151, 160,
    164, 167, 167, 163, 163, 155, 154, 153, 151, 156, 163, 164, 165, 166,
    167, 166, 168, 166, 167, 161, 156, 163, 170, 174, 177, 180, 184, 188,
    185, 186, 183, 184, 181, 178, 179, 179, 177, 177, 179, 180, 179, 177,
    178, 176, 179, 177, 180, 180, 178 ]
RHandPositionsY: [ 110, 107, 104, 100, 98, 101, 101, 100, 99, 101, 102,
    100, 98, 99, 95, 95, 97, 106, 113, 116, 116, 117, 112, 112, 108, 108,
    106, 107, 117, 118, 117, 112, 110, 110, 105, 106, 104, 105, 115, 122,
    121, 121, 120, 117, 114, 111, 115, 108, 110, 119, 123, 122, 124, 127,
    121, 121, 118, 117, 112, 112, 116, 122, 129, 136, 145, 157, 164, 177,
    185, 195, 200, 212, 220, 226, 233, 231, 241, 241, 242, 240, 244, 245,
    246, 246, 247, 243, 247, 245 ]
