%YAML:1.0
---
videoName: "RHShake15.mp4"
gestureLabel: 2
fps: 29
pixelSizeInCmTemp: 3.2808219178082193e-01
faceCenterPointX: 279
faceCenterPointY: 41
LHandPositionsX: [ 368, 368, 372, 371, 370, 372, 368, 372, 370, 369, 369,
    371, 371, 371, 369, 372, 368, 372, 369, 372, 372, 372, 370, 370, 368,
    369, 368, 369, 369, 369, 371, 368, 368, 371, 368, 372, 371, 372, 372,
    368, 370, 369, 370, 368, 370, 368, 372, 369, 368, 372, 368, 370, 372,
    368, 370, 372, 372, 372, 368, 368, 372, 370, 368, 368, 369, 368, 370,
    372, 371, 370, 368, 369, 368, 369, 370, 370, 368, 370, 369, 370, 369,
    372, 372, 368, 368, 368, 371, 369 ]
LHandPositionsY: [ 234, 236, 235, 234, 234, 236, 233, 236, 233, 232, 236,
    236, 233, 234, 235, 234, 234, 235, 233, 232, 233, 232, 236, 236, 232,
    233, 234, 235, 235, 233, 235, 232, 232, 234, 233, 233, 234, 234, 234,
    234, 232, 235, 236, 232, 235, 235, 231, 235, 232, 232, 231, 233, 231,
    235, 234, 234, 233, 234, 232, 235, 235, 233, 232, 234, 231, 232, 232,
    234, 233, 235, 235, 235, 234, 233, 232, 235, 233, 232, 231, 232, 234,
    235, 234, 233, 235, 234, 231, 232 ]
RHandPositionsX: [ 137, 123, 115, 110, 109, 110, 108, 103, 108, 111, 110,
    118, 113, 113, 107, 110, 112, 111, 105, 108, 112, 117, 113, 111, 110,
    106, 108, 107, 108, 108, 116, 116, 118, 114, 113, 110, 109, 112, 113,
    116, 111, 113, 117, 115, 123, 119, 122, 124, 121, 121, 120, 124, 123,
    128, 123, 128, 125, 128, 120, 122, 123, 122, 129, 134, 141, 141, 138,
    136, 140, 141, 142, 149, 153, 155, 155, 155, 156, 158, 161, 162, 160,
    161, 159, 161, 158, 161, 159, 158 ]
RHandPositionsY: [ 190, 170, 154, 145, 143, 139, 135, 128, 119, 117, 109,
    107, 104, 99, 95, 97, 95, 93, 91, 92, 95, 90, 94, 93, 92, 96, 94, 93,
    93, 98, 97, 103, 103, 104, 100, 102, 104, 104, 103, 102, 105, 106,
    110, 109, 108, 107, 104, 106, 105, 105, 104, 110, 109, 115, 115, 114,
    113, 111, 108, 112, 110, 121, 127, 137, 152, 164, 172, 183, 193, 201,
    208, 220, 229, 236, 241, 241, 244, 248, 245, 245, 247, 249, 249, 246,
    246, 246, 247, 248 ]
