%YAML:1.0
---
videoName: "RHShake11.mp4"
gestureLabel: 2
fps: 29
pixelSizeInCmTemp: 3.3263888888888887e-01
faceCenterPointX: 274
faceCenterPointY: 53
LHandPositionsX: [ 312, 310, 308, 307, 307, 311, 307, 310, 307, 307, 308,
    307, 311, 310, 310, 309, 307, 309, 311, 309, 310, 309, 308, 308, 308,
    308, 310, 309, 309, 308, 311, 310, 309, 308, 310, 309, 308, 310, 309,
    308, 308, 309, 309, 307, 311, 309, 310, 307, 310, 307, 308, 310, 310,
    310, 308, 310, 311, 310, 311, 310, 307, 307, 310, 307, 311, 310, 309,
    310, 308, 307, 307, 311, 307, 310, 310, 307, 305, 308, 307, 303, 304,
    307, 306, 303, 304, 305, 307, 304 ]
LHandPositionsY: [ 247, 249, 247, 249, 248, 245, 246, 246, 246, 249, 248,
    247, 247, 245, 246, 249, 248, 246, 245, 247, 249, 246, 245, 248, 249,
    245, 245, 245, 246, 249, 247, 249, 249, 248, 249, 245, 248, 247, 249,
    247, 246, 245, 245, 248, 249, 248, 246, 245, 247, 246, 246, 248, 246,
    247, 249, 247, 246, 248, 247, 249, 248, 247, 249, 247, 245, 246, 247,
    248, 248, 245, 244, 245, 244, 244, 244, 243, 243, 243, 245, 245, 245,
    244, 246, 245, 244, 245, 243, 244 ]
RHandPositionsX: [ 250, 248, 249, 245, 236, 227, 210, 193, 176, 158, 149,
    140, 145, 143, 152, 157, 160, 165, 170, 171, 169, 163, 159, 156, 153,
    155, 160, 168, 168, 165, 167, 170, 165, 160, 157, 159, 154, 151, 159,
    169, 169, 167, 172, 168, 166, 160, 160, 159, 155, 156, 166, 171, 174,
    179, 176, 178, 171, 168, 163, 164, 158, 155, 160, 167, 171, 183, 194,
    208, 217, 228, 238, 249, 253, 259, 264, 258, 260, 261, 261, 260, 261,
    262, 260, 259, 259, 261, 262, 258 ]
RHandPositionsY: [ 245, 248, 246, 240, 230, 218, 207, 192, 173, 163, 143,
    129, 126, 114, 104, 102, 106, 107, 103, 102, 102, 99, 100, 97, 94,
    97, 97, 101, 100, 100, 101, 99, 99, 97, 97, 96, 93, 96, 100, 105,
    106, 102, 106, 106, 101, 102, 98, 101, 96, 96, 104, 108, 108, 105,
    107, 105, 103, 100, 99, 103, 100, 99, 103, 108, 117, 127, 144, 159,
    173, 186, 203, 213, 224, 227, 236, 235, 235, 236, 238, 238, 241, 239,
    242, 240, 242, 242, 239, 240 ]
