%YAML:1.0
---
videoName: "RHShake04.mp4"
gestureLabel: 2
fps: 29
pixelSizeInCmTemp: 3.1513157894736843e-01
faceCenterPointX: 292
faceCenterPointY: 47
LHandPositionsX: [ 411, 413, 411, 413, 411, 410, 410, 408, 409, 409, 414,
    412, 412, 408, 412, 412, 408, 410, 409, 409, 408, 409, 410, 409, 407,
    410, 408, 408, 407, 407, 408, 407, 408, 407, 408, 405, 408, 406, 408,
    409, 408, 405, 408, 408, 407, 405, 408, 406, 409, 408, 407, 406, 406,
    406, 407, 409, 409, 405, 406, 407, 407, 405, 405, 404, 403, 404, 406,
    402, 405, 404, 403, 402, 402, 402, 402, 406, 406, 403, 406, 403, 401,
    402, 405, 404, 404, 405, 401, 401 ]
LHandPositionsY: [ 265, 265, 265, 262, 265, 265, 263, 261, 265, 266, 264,
    262, 261, 265, 265, 265, 265, 263, 262, 262, 264, 262, 261, 261, 262,
    262, 263, 263, 264, 264, 262, 260, 263, 261, 260, 260, 264, 264, 261,
    261, 262, 263, 264, 260, 263, 262, 263, 260, 262, 261, 263, 264, 261,
    262, 261, 261, 261, 260, 264, 262, 264, 260, 263, 259, 263, 261, 260,
    260, 262, 261, 261, 262, 260, 259, 260, 262, 258, 259, 262, 258, 261,
    258, 257, 261, 260, 259, 261, 258 ]
RHandPositionsX: [ 178, 180, 182, 182, 182, 181, 179, 177, 179, 180, 178,
    177, 178, 178, 179, 177, 179, 177, 176, 178, 175, 175, 180, 180, 183,
    177, 171, 166, 164, 166, 165, 165, 179, 190, 191, 188, 188, 181, 172,
    169, 164, 166, 173, 176, 178, 175, 179, 175, 166, 169, 164, 170, 176,
    179, 179, 179, 175, 171, 167, 172, 170, 175, 178, 182, 196, 191, 183,
    178, 172, 175, 172, 172, 172, 176, 186, 192, 194, 190, 191, 190, 186,
    187, 183, 180, 177, 173, 175, 174 ]
RHandPositionsY: [ 264, 265, 268, 264, 263, 266, 266, 265, 264, 269, 267,
    265, 267, 267, 270, 268, 270, 271, 271, 271, 272, 272, 266, 248, 222,
    196, 172, 148, 126, 125, 117, 105, 100, 102, 105, 100, 96, 95, 95,
    91, 91, 91, 95, 97, 95, 95, 93, 93, 96, 93, 92, 96, 97, 96, 98, 95,
    95, 97, 95, 89, 93, 94, 99, 96, 95, 96, 96, 96, 96, 93, 94, 97, 98,
    107, 123, 133, 141, 151, 166, 181, 196, 210, 222, 227, 237, 243, 249,
    248 ]
