%YAML:1.0
---
videoName: "RHShake11.mp4"
gestureLabel: 2
fps: 29
pixelSizeInCmTemp: 3.3263888888888887e-01
faceCenterPointX: 274
faceCenterPointY: 53
LHandPositionsX: [ 311, 307, 310, 311, 307, 311, 311, 311, 309, 308, 308,
    308, 311, 307, 309, 308, 307, 310, 310, 311, 307, 310, 311, 311, 311,
    308, 309, 310, 308, 308, 307, 309, 311, 309, 308, 309, 310, 309, 307,
    307, 309, 310, 310, 308, 307, 307, 311, 310, 309, 310, 309, 311, 311,
    309, 310, 311, 308, 308, 309, 309, 309, 309, 311, 311, 311, 309, 308,
    310, 311, 309, 311, 309, 308, 311, 311, 307, 308, 307, 306, 306, 306,
    307, 304, 306, 305, 306, 305, 303 ]
LHandPositionsY: [ 249, 246, 248, 249, 249, 246, 249, 245, 246, 248, 247,
    248, 248, 248, 247, 246, 245, 245, 245, 245, 246, 249, 246, 245, 245,
    249, 245, 248, 249, 248, 249, 248, 246, 249, 248, 245, 247, 247, 248,
    248, 249, 247, 245, 246, 246, 246, 246, 247, 247, 249, 247, 247, 245,
    249, 249, 249, 247, 246, 248, 245, 245, 248, 245, 248, 245, 246, 247,
    248, 247, 246, 248, 247, 247, 246, 245, 247, 246, 243, 245, 243, 244,
    246, 246, 246, 245, 246, 245, 245 ]
RHandPositionsX: [ 248, 247, 248, 243, 234, 227, 208, 191, 173, 157, 145,
    141, 146, 146, 153, 157, 161, 165, 172, 172, 169, 161, 159, 154, 152,
    155, 159, 166, 168, 169, 168, 166, 165, 162, 159, 156, 156, 153, 160,
    165, 171, 166, 172, 169, 164, 162, 157, 159, 157, 156, 162, 174, 174,
    177, 177, 175, 170, 168, 165, 164, 158, 158, 163, 165, 172, 180, 193,
    208, 220, 232, 238, 247, 254, 259, 263, 259, 259, 259, 261, 261, 259,
    260, 262, 258, 260, 261, 259, 259 ]
RHandPositionsY: [ 249, 245, 246, 243, 233, 220, 208, 190, 173, 159, 141,
    129, 126, 111, 105, 101, 105, 107, 101, 101, 101, 98, 97, 96, 95, 95,
    94, 98, 103, 101, 100, 96, 96, 98, 95, 94, 96, 94, 99, 103, 105, 103,
    103, 104, 103, 104, 100, 97, 96, 98, 104, 105, 106, 107, 108, 107,
    103, 104, 101, 99, 102, 101, 105, 107, 116, 131, 144, 155, 173, 189,
    202, 212, 222, 228, 237, 238, 235, 240, 242, 241, 241, 242, 238, 239,
    240, 242, 241, 238 ]
