%YAML:1.0
---
videoName: "RHShake13.mp4"
gestureLabel: 2
fps: 30
pixelSizeInCmTemp: 3.2808219178082193e-01
faceCenterPointX: 278
faceCenterPointY: 45
LHandPositionsX: [ 309, 307, 309, 306, 306, 308, 309, 307, 305, 309, 307,
    307, 305, 308, 306, 306, 309, 305, 309, 309, 307, 307, 309, 306, 306,
    308, 305, 306, 306, 309, 305, 308, 306, 306, 308, 307, 307, 307, 307,
    308, 307, 305, 307, 307, 309, 308, 309, 306, 308, 308, 305, 305, 308,
    306, 306, 307, 308, 309, 308, 307, 308, 306, 307, 305, 305, 305, 305,
    308, 307, 305, 305, 309, 306, 306, 309, 309, 309, 309, 306, 305, 304,
    303, 303, 304, 307, 307, 306, 305, 307, 306, 306 ]
LHandPositionsY: [ 244, 245, 242, 243, 241, 242, 243, 243, 242, 242, 244,
    245, 245, 240, 242, 241, 242, 242, 242, 241, 241, 241, 242, 239, 242,
    240, 242, 239, 240, 240, 240, 243, 242, 241, 239, 241, 242, 238, 238,
    239, 239, 242, 242, 238, 238, 241, 239, 242, 239, 240, 238, 242, 241,
    242, 242, 242, 242, 239, 239, 238, 242, 238, 242, 241, 238, 238, 242,
    242, 240, 241, 238, 237, 240, 240, 235, 234, 233, 235, 235, 232, 231,
    233, 232, 237, 238, 242, 245, 247, 244, 245, 243 ]
RHandPositionsX: [ 165, 153, 136, 139, 142, 141, 142, 144, 146, 150, 148,
    144, 139, 138, 135, 138, 140, 143, 144, 142, 135, 133, 131, 129, 132,
    135, 133, 137, 140, 138, 138, 132, 127, 132, 129, 135, 134, 135, 134,
    135, 136, 134, 136, 135, 136, 145, 148, 148, 148, 144, 141, 139, 138,
    141, 140, 142, 142, 139, 142, 137, 132, 132, 129, 131, 138, 142, 144,
    145, 156, 159, 168, 179, 190, 202, 212, 226, 236, 246, 253, 253, 251,
    253, 257, 258, 259, 261, 261, 258, 258, 257, 257 ]
RHandPositionsY: [ 155, 136, 120, 119, 114, 109, 106, 104, 100, 94, 93,
    90, 88, 86, 89, 88, 85, 88, 86, 87, 89, 84, 84, 85, 87, 88, 88, 92,
    90, 92, 92, 87, 90, 89, 89, 92, 93, 91, 93, 91, 88, 91, 87, 88, 91,
    94, 93, 94, 96, 92, 92, 94, 93, 92, 95, 99, 101, 100, 100, 100, 98,
    95, 97, 98, 101, 104, 108, 109, 119, 127, 138, 143, 156, 164, 175,
    188, 196, 209, 213, 216, 218, 221, 228, 235, 234, 236, 241, 240, 241,
    239, 240 ]
