%YAML:1.0
---
videoName: "RHShake21.mp4"
gestureLabel: 2
fps: 29
pixelSizeInCmTemp: 3.3732394366197183e-01
faceCenterPointX: 293
faceCenterPointY: 47
LHandPositionsX: [ 394, 394, 394, 394, 397, 394, 398, 396, 395, 395, 394,
    397, 397, 398, 394, 398, 394, 397, 396, 395, 394, 397, 398, 397, 394,
    398, 396, 396, 394, 397, 396, 395, 397, 396, 396, 396, 396, 396, 397,
    398, 397, 398, 394, 396, 398, 394, 398, 395, 395, 396, 395, 397, 396,
    398, 396, 394, 398, 397, 398, 395, 397, 396, 398, 397, 395, 394, 395,
    398, 396, 398, 394, 396, 394, 397, 394, 396, 394, 397, 394, 394, 396,
    395, 397, 398, 395, 395, 398, 395 ]
LHandPositionsY: [ 238, 239, 239, 241, 240, 240, 240, 241, 242, 240, 241,
    240, 239, 238, 238, 238, 239, 239, 239, 239, 242, 239, 240, 241, 239,
    240, 238, 238, 240, 241, 241, 240, 239, 239, 242, 239, 240, 240, 238,
    239, 239, 241, 240, 241, 240, 238, 241, 239, 240, 241, 239, 238, 238,
    239, 241, 239, 240, 239, 239, 238, 239, 239, 242, 239, 238, 240, 240,
    242, 238, 239, 241, 239, 241, 242, 238, 238, 241, 239, 238, 238, 241,
    242, 242, 239, 240, 242, 241, 241 ]
RHandPositionsX: [ 135, 142, 144, 143, 147, 145, 144, 140, 136, 135, 134,
    140, 146, 151, 150, 147, 145, 146, 141, 136, 136, 137, 141, 144, 149,
    148, 150, 152, 145, 142, 139, 139, 138, 137, 141, 148, 150, 154, 149,
    145, 140, 136, 136, 135, 136, 138, 144, 148, 152, 152, 148, 141, 140,
    134, 133, 133, 139, 147, 154, 162, 172, 179, 178, 178, 181, 182, 186,
    185, 188, 185, 189, 187, 189, 187, 190, 189, 186, 186, 188, 188, 188,
    188, 187, 189, 187, 186, 186, 188 ]
RHandPositionsY: [ 79, 89, 88, 90, 86, 83, 84, 83, 81, 83, 82, 84, 88,
    90, 92, 94, 92, 86, 83, 88, 83, 85, 84, 87, 89, 89, 93, 90, 90, 89,
    88, 86, 81, 87, 84, 89, 93, 95, 94, 88, 89, 88, 88, 88, 82, 90, 97,
    97, 98, 100, 94, 94, 92, 91, 90, 93, 94, 106, 115, 126, 138, 152,
    152, 150, 159, 170, 181, 191, 200, 210, 216, 213, 218, 228, 224, 225,
    226, 230, 232, 229, 229, 227, 227, 230, 228, 227, 231, 229 ]
