%YAML:1.0
---
videoName: "RHShake17.mp4"
gestureLabel: 2
fps: 29
pixelSizeInCmTemp: 3.3732394366197183e-01
faceCenterPointX: 282
faceCenterPointY: 40
LHandPositionsX: [ 307, 307, 305, 307, 309, 305, 308, 305, 305, 309, 306,
    306, 308, 306, 309, 309, 307, 309, 306, 308, 305, 305, 309, 306, 309,
    308, 306, 309, 308, 309, 309, 309, 307, 305, 305, 306, 308, 307, 306,
    306, 307, 309, 309, 309, 307, 307, 306, 309, 307, 310, 309, 307, 310,
    310, 307, 310, 308, 307, 310, 310, 307, 309, 311, 310, 309, 309, 311,
    309, 309, 310, 308, 311, 307, 310, 306, 308, 309, 308, 306, 305, 307,
    309, 307, 309, 308, 307, 309, 309 ]
LHandPositionsY: [ 235, 235, 231, 231, 232, 234, 234, 233, 231, 231, 235,
    235, 232, 232, 232, 231, 235, 234, 232, 233, 235, 233, 231, 232, 232,
    231, 231, 234, 235, 235, 233, 234, 232, 231, 232, 235, 232, 231, 231,
    235, 234, 235, 231, 231, 233, 232, 232, 235, 235, 232, 234, 232, 231,
    235, 233, 232, 232, 235, 234, 231, 232, 232, 234, 235, 232, 235, 233,
    234, 235, 233, 234, 235, 234, 231, 234, 233, 233, 234, 232, 234, 234,
    231, 234, 231, 231, 234, 233, 233 ]
RHandPositionsX: [ 213, 198, 174, 162, 138, 141, 144, 147, 142, 143, 146,
    151, 158, 154, 148, 144, 142, 144, 143, 148, 161, 159, 156, 153, 149,
    147, 147, 141, 149, 152, 153, 157, 160, 156, 149, 144, 143, 141, 140,
    153, 151, 154, 157, 160, 152, 152, 148, 151, 159, 156, 169, 172, 164,
    162, 158, 157, 149, 152, 145, 151, 154, 163, 169, 175, 175, 177, 175,
    177, 173, 170, 176, 171, 168, 171, 167, 169, 171, 172, 168, 171, 169,
    167, 167, 168, 166, 168, 168, 166 ]
RHandPositionsY: [ 201, 185, 169, 147, 130, 112, 107, 105, 97, 90, 99,
    92, 81, 80, 75, 73, 68, 67, 68, 73, 76, 77, 73, 72, 69, 67, 68, 69,
    66, 68, 68, 69, 65, 65, 64, 63, 67, 62, 68, 81, 83, 83, 82, 79, 74,
    74, 75, 71, 75, 73, 88, 90, 86, 83, 78, 80, 78, 77, 77, 84, 93, 106,
    121, 135, 147, 160, 171, 183, 188, 197, 210, 213, 220, 227, 236, 235,
    236, 237, 238, 242, 242, 241, 240, 241, 240, 243, 247, 245 ]
