%YAML:1.0
---
videoName: "RHShake22.mp4"
gestureLabel: 2
fps: 29
pixelSizeInCmTemp: 3.3263888888888887e-01
faceCenterPointX: 290
faceCenterPointY: 48
LHandPositionsX: [ 396, 396, 394, 393, 393, 396, 392, 396, 395, 392, 393,
    395, 392, 396, 392, 396, 395, 394, 392, 393, 394, 395, 392, 394, 395,
    395, 393, 393, 394, 395, 395, 396, 392, 394, 396, 395, 394, 394, 395,
    392, 393, 392, 395, 392, 394, 396, 394, 395, 393, 396, 396, 396, 394,
    395, 394, 395, 396, 396, 394, 396, 392, 392, 394, 395, 396, 392, 394,
    395, 394, 395, 395, 393, 392, 392, 392, 394, 392, 392, 394, 394, 392,
    394, 396, 393, 392, 393, 395, 392 ]
LHandPositionsY: [ 230, 234, 230, 233, 232, 234, 232, 233, 233, 231, 233,
    230, 230, 233, 232, 231, 234, 231, 230, 233, 234, 231, 230, 231, 234,
    230, 230, 234, 231, 231, 230, 230, 232, 231, 230, 234, 232, 230, 230,
    230, 231, 230, 234, 231, 234, 230, 234, 231, 230, 230, 233, 233, 233,
    233, 234, 234, 232, 233, 234, 232, 232, 233, 234, 231, 233, 232, 232,
    232, 233, 234, 230, 231, 231, 230, 231, 232, 230, 234, 232, 233, 232,
    231, 234, 233, 232, 234, 232, 230 ]
RHandPositionsX: [ 151, 135, 130, 128, 130, 137, 145, 159, 166, 164, 163,
    162, 161, 159, 154, 147, 144, 146, 148, 156, 160, 169, 173, 168, 169,
    164, 161, 156, 158, 151, 151, 158, 165, 173, 174, 172, 171, 171, 166,
    161, 157, 160, 162, 169, 174, 173, 174, 174, 172, 170, 161, 157, 156,
    157, 158, 165, 172, 178, 176, 177, 176, 175, 170, 161, 156, 153, 152,
    158, 168, 174, 179, 176, 181, 179, 181, 180, 179, 180, 182, 183, 186,
    192, 191, 188, 189, 186, 187, 191 ]
RHandPositionsY: [ 139, 118, 104, 103, 96, 90, 84, 86, 90, 91, 94, 92,
    87, 79, 79, 81, 80, 75, 77, 86, 91, 92, 97, 98, 91, 90, 88, 83, 84,
    82, 81, 90, 91, 97, 103, 99, 95, 93, 88, 85, 87, 83, 85, 88, 95, 99,
    101, 101, 93, 91, 90, 88, 87, 84, 87, 82, 89, 98, 100, 104, 101, 95,
    92, 91, 92, 91, 89, 90, 91, 106, 108, 109, 112, 120, 120, 124, 137,
    149, 160, 172, 180, 192, 197, 203, 213, 219, 227, 225 ]
