%YAML:1.0
---
videoName: "RHShake08.mp4"
gestureLabel: 2
fps: 29
pixelSizeInCmTemp: 3.2808219178082193e-01
faceCenterPointX: 290
faceCenterPointY: 45
LHandPositionsX: [ 313, 313, 316, 314, 316, 314, 315, 315, 311, 313, 308,
    309, 310, 310, 311, 309, 311, 307, 306, 309, 306, 309, 309, 310, 310,
    309, 310, 308, 308, 308, 307, 310, 308, 306, 307, 307, 309, 307, 306,
    309, 308, 306, 308, 308, 306, 308, 308, 305, 308, 306, 305, 308, 307,
    305, 305, 305, 307, 309, 307, 309, 308, 309, 306, 305, 309, 309, 307,
    306, 306, 305, 308, 305, 306, 305, 307, 305, 309, 308, 307, 307, 309,
    309, 306, 310, 307, 307, 306, 308 ]
LHandPositionsY: [ 279, 279, 279, 279, 281, 283, 284, 284, 283, 281, 281,
    284, 282, 282, 282, 283, 285, 282, 285, 281, 282, 281, 285, 282, 281,
    282, 282, 283, 284, 284, 282, 283, 285, 281, 281, 282, 285, 281, 284,
    285, 285, 283, 283, 281, 281, 281, 284, 283, 283, 284, 284, 283, 283,
    281, 281, 282, 282, 280, 283, 280, 281, 280, 280, 282, 280, 283, 281,
    280, 281, 284, 283, 281, 284, 284, 284, 282, 283, 281, 281, 280, 283,
    283, 281, 281, 281, 280, 283, 284 ]
RHandPositionsX: [ 270, 269, 269, 273, 270, 272, 272, 279, 265, 259, 261,
    254, 250, 236, 222, 199, 185, 166, 158, 161, 164, 174, 198, 197, 204,
    200, 196, 189, 184, 179, 191, 189, 203, 201, 197, 196, 187, 183, 181,
    177, 191, 192, 188, 184, 185, 179, 175, 175, 175, 182, 184, 186, 193,
    188, 194, 192, 189, 200, 202, 217, 214, 205, 202, 197, 199, 194, 202,
    205, 213, 214, 214, 217, 224, 227, 239, 250, 251, 265, 261, 265, 264,
    270, 267, 272, 274, 277, 275, 269 ]
RHandPositionsY: [ 268, 266, 270, 270, 267, 270, 267, 267, 268, 265, 256,
    242, 232, 218, 201, 185, 174, 152, 129, 130, 115, 109, 104, 104, 111,
    106, 98, 96, 95, 92, 92, 91, 94, 93, 92, 88, 89, 87, 89, 91, 93, 91,
    94, 90, 88, 87, 87, 85, 88, 92, 96, 97, 97, 96, 91, 91, 91, 91, 99,
    98, 102, 101, 94, 95, 95, 96, 93, 98, 103, 109, 111, 127, 131, 142,
    157, 176, 195, 217, 227, 244, 258, 261, 260, 258, 262, 262, 262, 265 ]
