%YAML:1.0
---
videoName: "RHShake07.mp4"
gestureLabel: 2
fps: 29
pixelSizeInCmTemp: 3.2364864864864862e-01
faceCenterPointX: 292
faceCenterPointY: 44
LHandPositionsX: [ 307, 310, 310, 309, 306, 307, 307, 306, 309, 306, 311,
    309, 308, 309, 311, 312, 310, 312, 314, 313, 312, 310, 310, 313, 313,
    311, 312, 313, 314, 312, 314, 312, 314, 312, 314, 314, 316, 313, 314,
    312, 316, 314, 314, 314, 314, 313, 315, 312, 316, 314, 316, 315, 314,
    313, 313, 314, 312, 312, 312, 315, 315, 314, 312, 312, 316, 313, 314,
    315, 312, 314, 312, 314, 317, 315, 315, 315, 315, 315, 314, 314, 309,
    307, 310, 309, 310, 311, 309, 308 ]
LHandPositionsY: [ 268, 267, 272, 267, 268, 268, 270, 272, 270, 273, 272,
    270, 270, 269, 271, 270, 270, 268, 271, 271, 267, 267, 268, 271, 269,
    268, 269, 269, 267, 268, 268, 268, 271, 267, 268, 269, 267, 270, 269,
    267, 267, 270, 271, 268, 268, 269, 269, 270, 269, 271, 270, 267, 267,
    271, 271, 269, 268, 268, 267, 270, 267, 268, 270, 269, 268, 268, 269,
    270, 270, 269, 267, 266, 269, 270, 270, 268, 268, 267, 268, 268, 273,
    273, 271, 273, 275, 273, 274, 272 ]
RHandPositionsX: [ 263, 267, 266, 263, 263, 265, 267, 269, 262, 267, 269,
    265, 253, 235, 218, 194, 179, 164, 151, 155, 157, 156, 156, 158, 163,
    180, 190, 186, 177, 168, 165, 164, 182, 179, 187, 185, 183, 173, 171,
    167, 173, 174, 183, 182, 186, 183, 176, 172, 168, 166, 165, 184, 185,
    200, 192, 187, 184, 179, 170, 170, 164, 167, 173, 175, 175, 181, 177,
    175, 173, 170, 158, 167, 180, 198, 215, 228, 243, 259, 272, 278, 269,
    272, 270, 265, 263, 266, 267, 268 ]
RHandPositionsY: [ 253, 253, 254, 254, 252, 255, 252, 253, 255, 257, 251,
    242, 232, 217, 200, 183, 166, 156, 134, 131, 125, 112, 118, 127, 126,
    116, 102, 100, 92, 95, 85, 89, 109, 104, 105, 96, 97, 96, 95, 92, 90,
    92, 96, 96, 97, 95, 92, 92, 90, 85, 84, 92, 98, 104, 97, 97, 96, 91,
    91, 88, 89, 89, 94, 93, 91, 92, 88, 85, 86, 91, 92, 116, 138, 149,
    165, 188, 205, 227, 237, 245, 244, 246, 251, 254, 253, 256, 257, 254 ]
