%YAML:1.0
---
videoName: "RHShake24.mp4"
gestureLabel: 2
fps: 30
pixelSizeInCmTemp: 3.3732394366197183e-01
faceCenterPointX: 304
faceCenterPointY: 46
LHandPositionsX: [ 391, 392, 391, 390, 391, 391, 389, 392, 391, 393, 393,
    392, 392, 393, 390, 390, 389, 389, 392, 390, 390, 389, 393, 392, 393,
    390, 392, 393, 389, 391, 389, 389, 389, 390, 391, 393, 393, 393, 390,
    390, 391, 390, 390, 390, 393, 389, 393, 391, 391, 390, 393, 391, 392,
    390, 390, 390, 389, 393, 389, 389, 393, 389, 391, 390, 392, 389, 393,
    391, 390, 392, 391, 392, 390, 391, 389, 391, 391, 393, 392, 389, 391,
    389, 393, 389, 390, 390, 393, 389, 389, 390, 392 ]
LHandPositionsY: [ 229, 228, 225, 225, 229, 229, 226, 226, 225, 226, 225,
    227, 228, 229, 225, 228, 225, 229, 226, 229, 228, 229, 226, 229, 227,
    226, 225, 229, 226, 227, 228, 225, 226, 228, 225, 226, 229, 228, 225,
    228, 226, 226, 225, 228, 228, 228, 228, 226, 228, 228, 229, 225, 227,
    228, 226, 229, 228, 228, 225, 227, 227, 229, 229, 225, 229, 227, 229,
    227, 227, 226, 227, 225, 229, 228, 225, 229, 226, 229, 225, 225, 229,
    228, 227, 225, 226, 229, 228, 225, 226, 227, 227 ]
RHandPositionsX: [ 140, 149, 148, 150, 156, 154, 153, 149, 144, 143, 140,
    135, 145, 152, 163, 162, 163, 160, 159, 156, 148, 145, 143, 143, 142,
    149, 159, 156, 159, 159, 157, 156, 151, 144, 143, 143, 145, 155, 156,
    156, 161, 164, 157, 156, 151, 143, 140, 140, 144, 149, 162, 164, 168,
    170, 171, 165, 158, 153, 149, 146, 147, 147, 150, 165, 165, 169, 171,
    171, 175, 179, 179, 181, 184, 189, 190, 190, 195, 193, 194, 193, 194,
    193, 192, 194, 193, 196, 195, 192, 194, 193, 194 ]
RHandPositionsY: [ 98, 104, 103, 98, 101, 99, 95, 88, 89, 89, 85, 87, 88,
    102, 111, 109, 110, 116, 106, 102, 99, 96, 95, 92, 94, 99, 111, 111,
    114, 111, 107, 102, 99, 98, 96, 91, 89, 98, 102, 107, 107, 113, 109,
    104, 102, 100, 96, 97, 93, 108, 121, 121, 122, 121, 117, 105, 100,
    103, 101, 98, 95, 95, 105, 114, 113, 116, 118, 122, 133, 142, 150,
    152, 150, 157, 164, 171, 179, 189, 198, 204, 209, 209, 212, 214, 219,
    221, 221, 221, 223, 226, 226 ]
