%YAML:1.0
---
videoName: "RHShake17.mp4"
gestureLabel: 2
fps: 29
pixelSizeInCmTemp: 3.3732394366197183e-01
faceCenterPointX: 282
faceCenterPointY: 40
LHandPositionsX: [ 309, 307, 308, 305, 308, 305, 307, 306, 307, 308, 307,
    307, 309, 307, 307, 307, 305, 309, 305, 305, 305, 305, 306, 308, 309,
    305, 308, 305, 309, 308, 307, 307, 307, 306, 305, 309, 305, 308, 307,
    306, 308, 307, 306, 308, 308, 310, 309, 307, 308, 307, 311, 310, 309,
    309, 308, 311, 309, 307, 307, 307, 308, 308, 310, 310, 310, 308, 311,
    310, 310, 307, 311, 311, 306, 306, 307, 307, 306, 309, 307, 307, 308,
    308, 306, 309, 306, 309, 305, 305 ]
LHandPositionsY: [ 232, 234, 231, 235, 233, 234, 235, 232, 233, 232, 231,
    232, 231, 231, 234, 231, 234, 231, 231, 233, 235, 233, 233, 234, 232,
    235, 235, 235, 233, 233, 233, 231, 235, 232, 234, 234, 233, 233, 231,
    235, 231, 232, 233, 234, 232, 232, 235, 231, 232, 231, 234, 233, 232,
    232, 232, 235, 234, 234, 233, 231, 233, 231, 235, 233, 235, 235, 233,
    234, 231, 235, 235, 232, 235, 233, 233, 232, 233, 235, 231, 234, 231,
    233, 233, 231, 232, 231, 234, 235 ]
RHandPositionsX: [ 212, 197, 175, 161, 142, 144, 145, 145, 142, 141, 145,
    152, 158, 152, 147, 146, 142, 143, 144, 147, 162, 158, 155, 154, 148,
    149, 149, 143, 145, 153, 155, 160, 160, 154, 151, 143, 141, 139, 139,
    153, 154, 152, 157, 160, 156, 153, 150, 153, 156, 156, 170, 172, 165,
    163, 158, 158, 150, 153, 147, 150, 154, 165, 173, 178, 177, 180, 178,
    175, 172, 168, 177, 173, 171, 171, 171, 170, 169, 168, 172, 171, 170,
    170, 169, 168, 169, 167, 166, 169 ]
RHandPositionsY: [ 203, 185, 170, 150, 130, 111, 108, 102, 97, 89, 99,
    89, 82, 81, 74, 70, 71, 69, 67, 73, 77, 76, 74, 70, 69, 68, 67, 68,
    67, 68, 67, 70, 65, 64, 64, 67, 64, 62, 67, 83, 83, 82, 82, 80, 74,
    75, 73, 74, 73, 75, 91, 90, 84, 82, 80, 76, 80, 80, 80, 84, 93, 108,
    121, 134, 148, 157, 172, 183, 189, 198, 208, 213, 222, 229, 236, 235,
    240, 241, 237, 238, 243, 244, 243, 244, 243, 242, 246, 245 ]
