%YAML:1.0
---
videoName: "RHShake05.mp4"
gestureLabel: 2
fps: 30
pixelSizeInCmTemp: 3.1103896103896100e-01
faceCenterPointX: 295
faceCenterPointY: 47
LHandPositionsX: [ 411, 412, 411, 409, 408, 408, 408, 410, 410, 408, 410,
    411, 411, 411, 411, 410, 411, 409, 411, 412, 408, 408, 410, 411, 412,
    408, 409, 410, 411, 409, 408, 412, 408, 409, 408, 409, 410, 411, 412,
    408, 409, 411, 408, 411, 410, 412, 408, 412, 408, 409, 411, 412, 411,
    411, 409, 411, 408, 411, 409, 409, 411, 410, 412, 410, 410, 411, 410,
    409, 409, 408, 408, 410, 409, 412, 412, 410, 412, 408, 412, 409, 409,
    410, 412, 412, 411, 411, 410, 408, 411, 408, 410 ]
LHandPositionsY: [ 260, 257, 260, 261, 260, 259, 261, 258, 260, 261, 260,
    260, 258, 260, 260, 259, 260, 261, 257, 258, 259, 257, 261, 257, 260,
    260, 257, 261, 259, 260, 257, 258, 257, 259, 260, 259, 257, 260, 257,
    257, 259, 258, 260, 258, 259, 257, 258, 258, 260, 259, 257, 257, 260,
    261, 258, 260, 261, 261, 257, 258, 261, 257, 260, 260, 261, 259, 259,
    259, 257, 258, 261, 257, 260, 259, 257, 258, 257, 261, 259, 258, 259,
    258, 258, 258, 259, 257, 261, 259, 258, 258, 261 ]
RHandPositionsX: [ 173, 173, 177, 173, 174, 176, 175, 175, 175, 173, 175,
    172, 175, 174, 172, 174, 173, 174, 174, 174, 172, 172, 173, 178, 173,
    176, 181, 180, 171, 164, 152, 156, 156, 159, 164, 174, 191, 200, 189,
    183, 174, 174, 172, 169, 176, 179, 190, 181, 179, 175, 172, 166, 167,
    176, 178, 190, 183, 179, 175, 169, 167, 169, 177, 192, 193, 191, 188,
    180, 178, 182, 181, 181, 189, 192, 195, 190, 183, 173, 171, 173, 172,
    175, 181, 185, 191, 189, 181, 177, 179, 178, 175 ]
RHandPositionsY: [ 262, 262, 261, 260, 260, 260, 262, 262, 259, 262, 260,
    262, 258, 260, 258, 262, 258, 261, 259, 258, 258, 260, 260, 257, 258,
    253, 233, 206, 179, 158, 129, 127, 106, 94, 88, 93, 92, 95, 88, 86,
    84, 78, 78, 81, 86, 84, 80, 83, 79, 75, 76, 73, 81, 83, 83, 92, 86,
    84, 82, 84, 83, 86, 88, 92, 92, 90, 88, 87, 82, 82, 82, 87, 89, 91,
    90, 91, 89, 89, 86, 93, 110, 135, 156, 183, 205, 223, 228, 232, 244,
    249, 247 ]
