%YAML:1.0
---
videoName: "RHShake00.mp4"
gestureLabel: 2
fps: 29
pixelSizeInCmTemp: 3.4710144927536229e-01
faceCenterPointX: 283
faceCenterPointY: 97
LHandPositionsX: [ 344, 343, 344, 344, 346, 346, 346, 343, 345, 344, 343,
    343, 344, 345, 343, 344, 343, 343, 342, 344, 345, 342, 346, 346, 346,
    345, 344, 343, 346, 346, 343, 345, 343, 342, 346, 344, 343, 343, 342,
    344, 344, 345, 343, 344, 345, 342, 342, 344, 346, 346, 343, 343, 344,
    345, 344, 344, 342, 344, 343, 343, 343, 345, 342, 342, 344, 345, 345,
    342, 345, 344, 342, 342, 344, 344, 343, 346, 342, 345, 342, 345, 346,
    343, 345, 345, 344, 342, 346, 343 ]
LHandPositionsY: [ 275, 276, 274, 276, 272, 274, 273, 273, 273, 273, 275,
    276, 276, 273, 275, 272, 272, 275, 274, 273, 272, 276, 276, 276, 273,
    272, 276, 276, 276, 275, 273, 276, 273, 272, 272, 276, 275, 275, 273,
    276, 274, 274, 274, 274, 275, 275, 273, 273, 276, 273, 276, 276, 276,
    276, 275, 273, 276, 276, 276, 275, 275, 272, 275, 272, 276, 273, 273,
    273, 276, 276, 276, 273, 274, 275, 274, 275, 272, 272, 274, 273, 273,
    273, 274, 275, 272, 275, 276, 273 ]
RHandPositionsX: [ 178, 173, 166, 156, 150, 146, 145, 146, 142, 143, 144,
    147, 151, 167, 165, 165, 169, 168, 166, 161, 151, 153, 148, 148, 155,
    163, 167, 164, 167, 163, 159, 149, 148, 145, 151, 154, 165, 161, 166,
    162, 164, 157, 150, 144, 140, 147, 151, 153, 152, 154, 160, 164, 158,
    151, 147, 146, 145, 149, 154, 160, 159, 160, 167, 164, 158, 152, 148,
    143, 141, 146, 150, 154, 156, 162, 161, 166, 171, 176, 176, 179, 182,
    189, 189, 193, 191, 193, 196, 196 ]
RHandPositionsY: [ 259, 251, 242, 220, 202, 189, 178, 168, 162, 150, 140,
    136, 131, 136, 137, 140, 135, 130, 129, 122, 120, 120, 122, 120, 127,
    134, 132, 131, 138, 130, 125, 126, 128, 124, 131, 137, 138, 141, 139,
    136, 142, 136, 133, 133, 129, 134, 135, 138, 137, 140, 138, 141, 133,
    131, 132, 129, 134, 131, 137, 147, 148, 146, 145, 148, 140, 136, 136,
    136, 142, 149, 158, 161, 167, 174, 181, 191, 198, 207, 213, 219, 229,
    238, 243, 247, 255, 260, 262, 263 ]
