%YAML:1.0
---
videoName: "RHShake24.mp4"
gestureLabel: 2
fps: 30
pixelSizeInCmTemp: 3.3732394366197183e-01
faceCenterPointX: 304
faceCenterPointY: 46
LHandPositionsX: [ 393, 392, 390, 389, 392, 393, 393, 390, 392, 393, 393,
    392, 389, 391, 389, 389, 393, 393, 391, 392, 389, 390, 393, 390, 391,
    393, 391, 389, 389, 391, 393, 389, 390, 393, 392, 389, 393, 390, 392,
    389, 393, 389, 392, 390, 389, 389, 392, 393, 392, 391, 391, 389, 389,
    393, 392, 390, 390, 389, 391, 389, 391, 393, 392, 393, 389, 389, 391,
    391, 390, 389, 390, 390, 389, 393, 392, 391, 390, 390, 389, 391, 392,
    392, 393, 391, 391, 389, 390, 391, 391, 393, 390 ]
LHandPositionsY: [ 228, 229, 225, 225, 228, 227, 227, 225, 229, 227, 227,
    229, 229, 229, 227, 226, 225, 227, 225, 229, 227, 226, 228, 226, 228,
    228, 226, 228, 227, 227, 225, 229, 228, 227, 228, 227, 225, 226, 229,
    229, 227, 225, 225, 226, 228, 227, 228, 225, 227, 225, 226, 226, 226,
    227, 227, 225, 226, 225, 227, 229, 226, 226, 226, 226, 225, 225, 228,
    228, 227, 228, 228, 229, 226, 229, 228, 226, 229, 226, 229, 227, 227,
    225, 225, 229, 226, 227, 227, 228, 227, 226, 227 ]
RHandPositionsX: [ 141, 145, 150, 148, 153, 155, 155, 151, 148, 143, 138,
    139, 141, 153, 164, 161, 160, 160, 158, 154, 151, 143, 144, 141, 141,
    145, 157, 158, 157, 159, 154, 157, 149, 146, 140, 143, 149, 154, 157,
    157, 160, 164, 159, 155, 149, 143, 142, 140, 144, 148, 159, 165, 168,
    169, 168, 166, 156, 153, 152, 146, 149, 147, 152, 165, 164, 166, 171,
    171, 175, 178, 181, 180, 184, 186, 188, 191, 192, 191, 192, 191, 196,
    192, 196, 194, 196, 193, 193, 192, 193, 193, 193 ]
RHandPositionsY: [ 95, 103, 99, 100, 103, 100, 95, 88, 88, 89, 86, 86,
    84, 102, 111, 113, 110, 114, 108, 101, 96, 98, 94, 95, 91, 99, 110,
    109, 112, 114, 107, 100, 96, 94, 95, 91, 91, 96, 104, 105, 110, 112,
    106, 103, 99, 97, 99, 95, 95, 110, 120, 118, 118, 122, 117, 107, 99,
    103, 102, 99, 95, 96, 102, 110, 112, 114, 119, 122, 132, 139, 150,
    154, 151, 156, 168, 170, 176, 188, 198, 202, 212, 211, 212, 217, 218,
    221, 219, 223, 225, 225, 226 ]
