%YAML:1.0
---
videoName: "RHShake08.mp4"
gestureLabel: 2
fps: 29
pixelSizeInCmTemp: 3.2808219178082193e-01
faceCenterPointX: 290
faceCenterPointY: 45
LHandPositionsX: [ 315, 317, 315, 313, 316, 313, 316, 316, 311, 311, 311,
    313, 309, 311, 310, 307, 310, 307, 308, 307, 308, 307, 310, 310, 308,
    306, 308, 310, 307, 306, 310, 308, 310, 306, 310, 308, 306, 306, 306,
    309, 306, 306, 309, 306, 308, 306, 307, 308, 308, 309, 305, 308, 306,
    305, 309, 305, 308, 308, 306, 309, 307, 308, 309, 307, 309, 307, 309,
    306, 306, 305, 306, 305, 305, 306, 305, 306, 306, 305, 305, 305, 306,
    308, 307, 306, 309, 307, 308, 309 ]
LHandPositionsY: [ 281, 278, 282, 281, 283, 279, 281, 281, 281, 284, 283,
    283, 282, 281, 283, 285, 281, 281, 282, 285, 284, 285, 284, 282, 283,
    285, 283, 283, 284, 285, 281, 282, 283, 281, 282, 283, 281, 285, 281,
    282, 284, 284, 283, 281, 281, 284, 282, 280, 283, 284, 283, 281, 280,
    283, 284, 281, 283, 283, 283, 281, 284, 282, 280, 281, 282, 283, 281,
    283, 280, 284, 281, 280, 282, 284, 284, 282, 281, 282, 284, 284, 284,
    281, 280, 281, 281, 282, 281, 282 ]
RHandPositionsX: [ 266, 268, 269, 273, 270, 269, 273, 279, 264, 257, 257,
    255, 252, 235, 222, 203, 187, 163, 157, 159, 167, 172, 200, 198, 203,
    198, 193, 190, 183, 179, 190, 189, 202, 199, 197, 196, 185, 180, 177,
    176, 192, 190, 187, 183, 181, 176, 173, 173, 174, 182, 185, 190, 193,
    188, 194, 188, 186, 200, 204, 216, 210, 208, 203, 199, 197, 197, 204,
    207, 216, 214, 213, 214, 223, 231, 241, 247, 252, 264, 263, 266, 268,
    268, 269, 271, 274, 273, 274, 271 ]
RHandPositionsY: [ 266, 266, 267, 267, 270, 269, 268, 268, 266, 263, 255,
    245, 231, 218, 201, 183, 175, 152, 129, 127, 112, 109, 106, 105, 107,
    104, 98, 95, 94, 94, 89, 95, 93, 94, 94, 91, 88, 86, 85, 88, 94, 94,
    94, 94, 91, 89, 88, 84, 88, 92, 94, 96, 99, 99, 94, 91, 92, 92, 100,
    95, 99, 100, 96, 94, 96, 94, 93, 100, 104, 106, 112, 123, 130, 142,
    156, 177, 192, 215, 230, 245, 259, 260, 257, 258, 264, 266, 263, 263 ]
