%YAML:1.0
---
videoName: "RHShake01.mp4"
gestureLabel: 2
fps: 29
pixelSizeInCmTemp: 3.1513157894736843e-01
faceCenterPointX: 292
faceCenterPointY: 51
LHandPositionsX: [ 392, 394, 396, 394, 395, 392, 395, 396, 392, 392, 392,
    393, 392, 392, 394, 391, 393, 392, 391, 394, 392, 391, 391, 395, 392,
    393, 395, 391, 393, 394, 395, 393, 393, 392, 392, 391, 391, 394, 394,
    392, 395, 391, 392, 394, 391, 391, 391, 392, 394, 391, 395, 391, 394,
    392, 392, 392, 393, 393, 393, 392, 394, 391, 391, 393, 393, 391, 391,
    391, 393, 394, 395, 395, 395, 393, 394, 394, 391, 392, 393, 392, 392,
    394, 394, 393, 391, 395, 393, 395 ]
LHandPositionsY: [ 255, 256, 256, 255, 255, 257, 254, 254, 255, 254, 256,
    255, 253, 257, 254, 253, 257, 254, 254, 254, 255, 255, 257, 256, 256,
    256, 257, 257, 253, 254, 257, 256, 257, 255, 254, 254, 255, 257, 254,
    256, 257, 257, 257, 253, 253, 257, 257, 256, 255, 254, 253, 255, 257,
    257, 253, 253, 257, 253, 255, 256, 256, 254, 255, 257, 255, 253, 257,
    257, 256, 253, 253, 256, 256, 255, 257, 254, 254, 254, 254, 254, 254,
    255, 255, 256, 254, 257, 253, 257 ]
RHandPositionsX: [ 169, 169, 170, 167, 169, 168, 168, 171, 167, 169, 171,
    169, 171, 171, 168, 171, 167, 167, 170, 169, 170, 168, 169, 172, 173,
    169, 172, 173, 177, 171, 166, 162, 156, 154, 158, 160, 171, 180, 191,
    191, 192, 186, 182, 175, 178, 174, 174, 189, 196, 193, 190, 192, 182,
    177, 178, 180, 176, 182, 187, 191, 192, 196, 197, 185, 178, 175, 175,
    181, 186, 194, 192, 200, 195, 195, 194, 189, 190, 190, 189, 180, 177,
    175, 173, 173, 174, 171, 174, 176 ]
RHandPositionsY: [ 280, 278, 278, 277, 280, 279, 280, 277, 277, 276, 276,
    277, 279, 276, 277, 279, 276, 278, 277, 279, 278, 280, 280, 277, 276,
    274, 267, 244, 227, 207, 188, 168, 150, 131, 128, 116, 105, 107, 110,
    109, 107, 104, 102, 97, 99, 98, 97, 97, 101, 102, 99, 96, 93, 94, 93,
    91, 93, 98, 102, 102, 102, 98, 98, 98, 97, 95, 94, 96, 101, 105, 111,
    121, 134, 148, 158, 179, 190, 202, 204, 210, 220, 225, 234, 243, 242,
    244, 243, 247 ]
