%YAML:1.0
---
videoName: "RHShake00.mp4"
gestureLabel: 2
fps: 29
pixelSizeInCmTemp: 3.4710144927536229e-01
faceCenterPointX: 283
faceCenterPointY: 97
LHandPositionsX: [ 342, 346, 343, 346, 342, 343, 343, 343, 344, 345, 346,
    342, 342, 346, 342, 343, 346, 342, 344, 346, 345, 345, 346, 343, 344,
    344, 342, 343, 346, 346, 344, 346, 343, 342, 344, 342, 346, 346, 342,
    346, 345, 343, 345, 346, 343, 344, 346, 344, 342, 346, 342, 345, 342,
    344, 346, 345, 345, 342, 346, 342, 344, 343, 345, 342, 346, 342, 345,
    342, 346, 345, 342, 343, 345, 342, 343, 345, 346, 345, 346, 344, 344,
    342, 345, 342, 344, 346, 344, 342 ]
LHandPositionsY: [ 275, 275, 274, 272, 272, 275, 273, 273, 273, 274, 275,
    275, 272, 276, 275, 272, 275, 275, 274, 275, 276, 272, 272, 275, 274,
    273, 272, 273, 272, 274, 273, 272, 276, 274, 273, 276, 272, 276, 276,
    274, 273, 275, 272, 274, 275, 274, 272, 272, 272, 275, 273, 275, 273,
    275, 276, 274, 274, 275, 275, 276, 276, 274, 273, 273, 276, 274, 274,
    274, 276, 272, 275, 276, 276, 276, 275, 272, 272, 273, 275, 275, 273,
    272, 276, 273, 273, 273, 274, 274 ]
RHandPositionsX: [ 177, 174, 165, 154, 150, 147, 145, 142, 141, 144, 144,
    148, 150, 165, 166, 164, 169, 166, 166, 161, 153, 151, 146, 149, 155,
    165, 166, 168, 168, 162, 158, 152, 152, 149, 153, 156, 164, 164, 166,
    161, 160, 156, 151, 141, 141, 148, 147, 152, 154, 155, 157, 162, 159,
    151, 145, 145, 143, 149, 156, 163, 160, 161, 169, 160, 158, 152, 147,
    144, 140, 146, 151, 151, 154, 158, 163, 168, 172, 176, 178, 179, 183,
    187, 187, 191, 195, 193, 196, 198 ]
RHandPositionsY: [ 260, 251, 240, 221, 203, 185, 177, 169, 158, 149, 140,
    138, 133, 133, 140, 140, 135, 129, 129, 124, 121, 120, 122, 121, 126,
    134, 134, 131, 136, 132, 125, 125, 125, 124, 133, 136, 138, 139, 137,
    140, 142, 136, 131, 131, 129, 136, 132, 134, 139, 136, 140, 140, 133,
    133, 128, 131, 133, 130, 137, 147, 145, 144, 148, 145, 143, 140, 140,
    136, 143, 151, 158, 163, 170, 175, 180, 190, 197, 207, 216, 220, 231,
    235, 242, 248, 252, 258, 262, 261 ]
