%YAML:1.0
---
videoName: "RHShake01.mp4"
gestureLabel: 2
fps: 29
pixelSizeInCmTemp: 3.1513157894736843e-01
faceCenterPointX: 292
faceCenterPointY: 51
LHandPositionsX: [ 395, 396, 392, 393, 392, 396, 394, 392, 394, 396, 394,
    392, 393, 393, 393, 393, 393, 392, 394, 391, 392, 391, 393, 395, 395,
    394, 391, 393, 393, 391, 394, 393, 394, 392, 392, 394, 392, 395, 393,
    393, 394, 395, 393, 392, 394, 393, 393, 391, 394, 394, 391, 393, 394,
    393, 394, 394, 392, 392, 391, 395, 392, 393, 394, 392, 393, 391, 392,
    394, 395, 394, 393, 394, 392, 395, 391, 391, 393, 392, 393, 391, 395,
    394, 392, 392, 393, 391, 394, 393 ]
LHandPositionsY: [ 254, 257, 253, 257, 253, 253, 255, 257, 256, 255, 253,
    253, 256, 255, 254, 255, 257, 253, 255, 257, 256, 254, 255, 257, 254,
    255, 253, 256, 257, 254, 256, 257, 257, 257, 253, 254, 255, 256, 255,
    253, 253, 253, 255, 257, 254, 255, 253, 255, 253, 257, 253, 257, 256,
    254, 256, 254, 253, 255, 254, 253, 254, 256, 257, 254, 256, 255, 254,
    257, 257, 253, 254, 257, 256, 255, 254, 257, 254, 256, 257, 253, 257,
    255, 256, 253, 254, 255, 253, 257 ]
RHandPositionsX: [ 171, 167, 167, 171, 167, 171, 167, 168, 169, 168, 171,
    169, 167, 167, 170, 171, 171, 170, 167, 170, 168, 171, 168, 170, 169,
    169, 169, 173, 177, 168, 166, 161, 156, 151, 156, 159, 168, 180, 190,
    194, 191, 188, 180, 176, 178, 172, 173, 188, 197, 197, 189, 190, 182,
    177, 179, 182, 180, 184, 186, 193, 193, 195, 193, 188, 178, 177, 175,
    181, 185, 191, 193, 199, 195, 196, 193, 191, 186, 191, 189, 182, 179,
    178, 172, 174, 175, 171, 174, 175 ]
RHandPositionsY: [ 279, 279, 276, 278, 276, 280, 276, 280, 276, 276, 276,
    277, 277, 279, 276, 276, 277, 277, 276, 276, 276, 277, 279, 277, 276,
    277, 266, 246, 226, 206, 189, 166, 149, 133, 128, 116, 108, 110, 112,
    110, 107, 103, 103, 99, 100, 97, 100, 98, 99, 101, 100, 96, 95, 91,
    92, 90, 97, 98, 102, 104, 101, 101, 101, 96, 96, 94, 98, 98, 103,
    105, 113, 121, 136, 144, 158, 179, 190, 205, 204, 210, 219, 229, 234,
    241, 242, 244, 245, 245 ]
