%YAML:1.0
---
videoName: "RHShake00.mp4"
gestureLabel: 2
fps: 29
pixelSizeInCmTemp: 3.4710144927536229e-01
faceCenterPointX: 283
faceCenterPointY: 97
LHandPositionsX: [ 342, 343, 344, 342, 344, 345, 343, 346, 345, 346, 346,
    343, 346, 344, 346, 344, 344, 345, 343, 344, 346, 346, 343, 345, 342,
    345, 345, 345, 346, 342, 346, 342, 345, 346, 345, 346, 344, 346, 344,
    343, 342, 342, 342, 342, 345, 343, 345, 342, 345, 344, 344, 343, 343,
    344, 345, 345, 343, 344, 345, 346, 343, 345, 343, 345, 345, 342, 346,
    342, 342, 342, 345, 342, 345, 344, 342, 344, 344, 344, 342, 346, 345,
    346, 342, 345, 342, 344, 343, 345 ]
LHandPositionsY: [ 272, 273, 273, 276, 276, 274, 274, 272, 275, 275, 273,
    273, 275, 273, 274, 274, 273, 272, 272, 273, 275, 274, 272, 272, 272,
    276, 273, 274, 276, 276, 275, 275, 275, 274, 273, 274, 273, 272, 274,
    276, 274, 272, 273, 276, 274, 272, 272, 272, 273, 275, 273, 273, 275,
    274, 273, 274, 275, 274, 272, 275, 275, 274, 273, 274, 276, 274, 272,
    276, 275, 272, 272, 276, 272, 276, 276, 272, 272, 273, 272, 276, 272,
    273, 276, 275, 275, 273, 274, 276 ]
RHandPositionsX: [ 179, 171, 168, 154, 151, 144, 144, 142, 141, 144, 146,
    148, 150, 167, 165, 164, 168, 166, 164, 158, 152, 154, 147, 147, 153,
    162, 165, 164, 168, 163, 155, 152, 151, 146, 153, 154, 163, 164, 162,
    161, 161, 158, 150, 145, 140, 144, 147, 151, 155, 156, 160, 161, 159,
    151, 145, 147, 146, 148, 157, 159, 160, 161, 169, 162, 155, 153, 146,
    141, 142, 146, 150, 152, 156, 160, 161, 165, 171, 174, 177, 182, 186,
    189, 189, 193, 192, 195, 199, 195 ]
RHandPositionsY: [ 257, 252, 243, 221, 204, 188, 179, 169, 161, 148, 140,
    137, 133, 136, 140, 141, 135, 133, 127, 125, 122, 122, 120, 118, 126,
    131, 136, 135, 136, 132, 129, 128, 128, 122, 131, 136, 136, 138, 140,
    139, 141, 135, 131, 133, 131, 136, 134, 134, 136, 136, 137, 138, 134,
    130, 130, 129, 130, 131, 141, 146, 145, 143, 149, 145, 142, 137, 139,
    135, 140, 148, 156, 162, 168, 173, 182, 191, 197, 206, 213, 222, 230,
    237, 244, 249, 251, 260, 261, 262 ]
