%YAML:1.0
---
videoName: "RHShake20.mp4"
gestureLabel: 2
fps: 29
pixelSizeInCmTemp: 3.3263888888888887e-01
faceCenterPointX: 286
faceCenterPointY: 45
LHandPositionsX: [ 392, 394, 390, 394, 390, 392, 393, 393, 394, 392, 390,
    393, 394, 391, 390, 391, 392, 392, 391, 393, 394, 394, 394, 393, 394,
    392, 390, 391, 392, 391, 394, 392, 390, 392, 390, 391, 392, 392, 392,
    391, 393, 393, 394, 393, 393, 394, 390, 390, 392, 393, 392, 394, 390,
    394, 390, 393, 390, 392, 390, 393, 394, 393, 394, 393, 391, 393, 392,
    394, 393, 390, 393, 394, 391, 392, 390, 393, 390, 390, 391, 392, 394,
    391, 392, 391, 392, 394, 394, 394 ]
LHandPositionsY: [ 244, 243, 242, 243, 245, 243, 242, 244, 243, 241, 240,
    241, 239, 242, 242, 242, 242, 240, 239, 239, 243, 241, 240, 241, 243,
    240, 243, 240, 239, 240, 241, 241, 243, 243, 239, 239, 240, 241, 239,
    241, 242, 240, 240, 241, 241, 239, 241, 240, 241, 239, 242, 241, 243,
    240, 242, 239, 240, 241, 239, 242, 243, 241, 241, 243, 240, 241, 241,
    239, 243, 241, 241, 242, 243, 239, 239, 240, 239, 242, 239, 240, 242,
    239, 242, 242, 242, 242, 239, 242 ]
RHandPositionsX: [ 166, 162, 162, 156, 152, 153, 151, 157, 159, 158, 161,
    158, 157, 156, 153, 151, 148, 152, 158, 160, 163, 161, 157, 152, 153,
    155, 150, 152, 161, 162, 162, 160, 155, 155, 158, 154, 150, 151, 158,
    168, 164, 167, 167, 161, 155, 155, 153, 151, 156, 163, 167, 169, 165,
    166, 167, 168, 163, 163, 160, 160, 161, 166, 175, 179, 184, 185, 185,
    184, 186, 181, 182, 180, 181, 178, 179, 180, 179, 178, 176, 177, 178,
    178, 176, 178, 180, 176, 177, 179 ]
RHandPositionsY: [ 112, 109, 105, 100, 101, 99, 97, 99, 102, 100, 103,
    101, 99, 97, 96, 97, 100, 102, 113, 115, 117, 115, 113, 112, 109,
    105, 109, 110, 117, 116, 116, 115, 113, 110, 109, 102, 104, 107, 115,
    122, 124, 123, 124, 120, 114, 115, 114, 111, 111, 116, 123, 126, 125,
    123, 122, 119, 118, 116, 114, 112, 115, 126, 133, 135, 148, 156, 168,
    179, 184, 191, 202, 210, 220, 226, 234, 234, 238, 241, 241, 240, 246,
    244, 246, 247, 245, 245, 246, 245 ]
