%YAML:1.0
---
videoName: "RHShake00.mp4"
gestureLabel: 2
fps: 29
pixelSizeInCmTemp: 3.4710144927536229e-01
faceCenterPointX: 283
faceCenterPointY: 97
LHandPositionsX: [ 346, 342, 345, 343, 342, 343, 344, 343, 344, 343, 342,
    344, 344, 345, 343, 342, 345, 346, 345, 342, 343, 343, 343, 345, 342,
    342, 342, 342, 343, 346, 342, 344, 344, 346, 342, 344, 344, 342, 345,
    345, 346, 344, 346, 342, 344, 344, 346, 346, 345, 343, 346, 346, 342,
    346, 343, 345, 342, 343, 344, 345, 344, 343, 345, 345, 346, 342, 342,
    342, 343, 342, 344, 343, 345, 346, 344, 343, 346, 343, 344, 344, 346,
    342, 345, 345, 342, 344, 342, 344 ]
LHandPositionsY: [ 276, 272, 276, 276, 273, 276, 272, 276, 273, 274, 276,
    273, 274, 272, 276, 274, 274, 276, 275, 275, 275, 272, 272, 272, 274,
    275, 276, 273, 275, 273, 272, 272, 273, 274, 274, 276, 276, 275, 274,
    272, 275, 274, 272, 276, 275, 272, 274, 274, 275, 272, 276, 276, 272,
    273, 272, 273, 276, 272, 276, 272, 275, 273, 272, 275, 273, 273, 276,
    273, 272, 273, 273, 274, 274, 276, 276, 272, 274, 275, 276, 274, 276,
    276, 272, 276, 274, 276, 273, 275 ]
RHandPositionsX: [ 178, 175, 168, 153, 150, 146, 144, 143, 145, 140, 144,
    145, 153, 168, 168, 163, 169, 169, 164, 160, 154, 152, 146, 148, 154,
    165, 166, 168, 168, 163, 155, 150, 149, 145, 150, 153, 161, 161, 166,
    161, 162, 155, 150, 142, 139, 147, 148, 154, 156, 153, 160, 160, 156,
    152, 143, 146, 142, 151, 155, 162, 159, 163, 169, 160, 157, 151, 148,
    143, 141, 148, 148, 151, 155, 160, 164, 167, 172, 173, 176, 182, 185,
    185, 188, 193, 194, 196, 199, 196 ]
RHandPositionsY: [ 259, 252, 243, 217, 204, 186, 175, 166, 159, 152, 143,
    134, 134, 133, 139, 140, 132, 131, 127, 123, 120, 123, 121, 120, 125,
    131, 132, 132, 138, 131, 129, 126, 124, 124, 134, 135, 139, 138, 141,
    139, 140, 137, 130, 133, 127, 132, 135, 134, 140, 136, 139, 138, 132,
    133, 131, 132, 133, 132, 141, 143, 147, 144, 147, 148, 140, 136, 137,
    136, 143, 151, 154, 163, 170, 173, 181, 189, 200, 205, 214, 219, 227,
    238, 241, 248, 254, 256, 263, 262 ]
