%YAML:1.0
---
videoName: "RHShake13.mp4"
gestureLabel: 2
fps: 30
pixelSizeInCmTemp: 3.2808219178082193e-01
faceCenterPointX: 278
faceCenterPointY: 45
LHandPositionsX: [ 308, 306, 306, 307, 309, 308, 305, 309, 305, 307, 308,
    309, 309, 305, 308, 309, 305, 305, 307, 308, 309, 305, 309, 308, 307,
    306, 307, 308, 309, 309, 308, 309, 308, 306, 308, 305, 307, 306, 309,
    306, 308, 306, 306, 309, 308, 307, 305, 309, 305, 309, 309, 308, 309,
    309, 309, 306, 308, 307, 308, 308, 308, 307, 309, 307, 306, 306, 306,
    309, 306, 305, 306, 309, 307, 309, 308, 307, 308, 306, 307, 306, 300,
    305, 304, 304, 305, 303, 306, 304, 304, 306, 304 ]
LHandPositionsY: [ 242, 246, 242, 241, 243, 242, 241, 244, 243, 245, 241,
    241, 245, 240, 241, 244, 241, 243, 243, 241, 242, 241, 239, 240, 243,
    242, 239, 240, 242, 241, 239, 243, 243, 241, 240, 240, 241, 242, 240,
    242, 238, 241, 239, 238, 241, 240, 241, 238, 238, 240, 238, 239, 240,
    241, 240, 239, 240, 242, 242, 238, 239, 242, 242, 240, 241, 238, 240,
    240, 239, 239, 237, 239, 238, 239, 235, 236, 234, 234, 232, 234, 232,
    231, 235, 240, 240, 240, 245, 243, 244, 246, 244 ]
RHandPositionsX: [ 167, 149, 136, 140, 143, 141, 142, 144, 147, 149, 148,
    144, 142, 138, 133, 136, 144, 144, 143, 145, 138, 133, 130, 129, 130,
    134, 132, 139, 141, 138, 136, 134, 127, 133, 128, 135, 137, 136, 137,
    138, 135, 136, 135, 136, 138, 145, 147, 147, 147, 144, 144, 139, 135,
    138, 140, 142, 139, 140, 140, 135, 136, 130, 130, 131, 138, 139, 144,
    144, 153, 161, 170, 180, 190, 198, 213, 224, 238, 245, 253, 250, 251,
    252, 255, 257, 261, 258, 258, 260, 259, 259, 260 ]
RHandPositionsY: [ 155, 136, 122, 118, 115, 108, 105, 104, 98, 96, 92,
    89, 90, 90, 87, 89, 87, 89, 87, 88, 85, 87, 85, 88, 84, 86, 89, 89,
    92, 89, 88, 91, 87, 89, 88, 90, 94, 90, 91, 90, 88, 92, 89, 90, 90,
    93, 93, 93, 93, 91, 95, 95, 91, 92, 95, 98, 97, 100, 99, 98, 99, 96,
    95, 98, 100, 102, 108, 108, 117, 128, 134, 145, 153, 166, 176, 190,
    196, 206, 216, 213, 215, 218, 227, 233, 237, 237, 237, 240, 241, 242,
    239 ]
