%YAML:1.0
---
videoName: "RHShake12.mp4"
gestureLabel: 2
fps: 29
pixelSizeInCmTemp: 3.3732394366197183e-01
faceCenterPointX: 299
faceCenterPointY: 45
LHandPositionsX: [ 404, 407, 405, 407, 405, 407, 405, 408, 406, 408, 405,
    406, 408, 405, 404, 408, 405, 406, 408, 407, 407, 408, 406, 406, 407,
    406, 407, 407, 404, 404, 408, 405, 407, 405, 407, 408, 408, 407, 405,
    408, 405, 404, 408, 406, 404, 406, 404, 406, 405, 408, 408, 404, 405,
    404, 404, 407, 405, 408, 408, 405, 404, 405, 404, 404, 407, 406, 408,
    404, 404, 408, 407, 408, 406, 408, 408, 408, 408, 407, 404, 407, 406,
    405, 404, 405, 407, 404, 405, 406 ]
LHandPositionsY: [ 240, 243, 243, 242, 240, 240, 240, 241, 243, 239, 240,
    239, 239, 242, 241, 242, 241, 241, 242, 239, 242, 241, 243, 243, 241,
    240, 242, 240, 240, 242, 243, 242, 239, 242, 240, 242, 243, 242, 242,
    241, 240, 241, 241, 241, 241, 240, 239, 242, 242, 239, 243, 240, 242,
    241, 240, 242, 242, 239, 241, 239, 241, 239, 242, 242, 240, 240, 241,
    240, 239, 240, 239, 243, 241, 239, 241, 242, 243, 241, 239, 239, 243,
    242, 240, 239, 243, 241, 241, 242 ]
RHandPositionsX: [ 171, 167, 160, 162, 161, 171, 183, 192, 190, 198, 193,
    184, 178, 171, 170, 167, 173, 177, 188, 188, 187, 185, 180, 174, 170,
    164, 169, 177, 188, 193, 194, 192, 185, 182, 175, 178, 174, 172, 180,
    192, 195, 193, 183, 178, 177, 175, 173, 175, 182, 189, 193, 194, 194,
    192, 186, 179, 177, 177, 175, 175, 182, 191, 199, 200, 205, 200, 196,
    191, 189, 188, 183, 183, 191, 192, 197, 199, 199, 198, 201, 201, 201,
    200, 199, 199, 199, 196, 200, 199 ]
RHandPositionsY: [ 137, 128, 117, 111, 104, 92, 98, 102, 107, 111, 101,
    93, 92, 87, 88, 85, 81, 86, 100, 105, 106, 98, 91, 89, 88, 83, 82,
    89, 100, 114, 113, 109, 101, 97, 95, 94, 89, 88, 96, 111, 113, 114,
    105, 99, 94, 96, 92, 89, 94, 109, 112, 112, 114, 100, 94, 89, 88, 91,
    86, 89, 91, 111, 120, 118, 121, 120, 111, 108, 111, 112, 114, 124,
    135, 150, 158, 163, 166, 175, 187, 197, 202, 209, 215, 221, 219, 226,
    230, 231 ]
