%YAML:1.0
---
videoName: "RHShake05.mp4"
gestureLabel: 2
fps: 30
pixelSizeInCmTemp: 3.1103896103896100e-01
faceCenterPointX: 295
faceCenterPointY: 47
LHandPositionsX: [ 408, 410, 412, 412, 408, 412, 410, 410, 411, 408, 411,
    411, 412, 409, 410, 409, 411, 410, 411, 411, 409, 408, 411, 411, 411,
    412, 409, 408, 411, 408, 412, 408, 410, 409, 411, 409, 412, 412, 409,
    410, 410, 408, 409, 412, 408, 412, 408, 409, 408, 408, 409, 410, 412,
    408, 409, 412, 409, 411, 411, 411, 408, 411, 408, 408, 410, 409, 412,
    410, 408, 409, 412, 411, 412, 408, 409, 410, 409, 410, 411, 411, 409,
    412, 408, 409, 408, 409, 409, 412, 409, 410, 411 ]
LHandPositionsY: [ 258, 258, 260, 260, 261, 259, 258, 261, 260, 259, 257,
    257, 257, 259, 258, 260, 260, 259, 258, 257, 260, 260, 261, 259, 259,
    259, 260, 257, 258, 257, 259, 260, 258, 258, 260, 259, 257, 257, 259,
    260, 258, 261, 258, 261, 260, 257, 260, 260, 258, 261, 261, 257, 258,
    261, 259, 259, 257, 259, 258, 260, 259, 261, 261, 257, 260, 258, 261,
    259, 259, 259, 261, 259, 259, 261, 259, 257, 261, 259, 257, 261, 261,
    257, 259, 260, 258, 259, 261, 260, 259, 261, 261 ]
RHandPositionsX: [ 177, 174, 176, 174, 176, 177, 174, 173, 176, 175, 174,
    172, 172, 174, 171, 172, 173, 172, 170, 172, 172, 173, 173, 177, 177,
    179, 181, 180, 173, 166, 151, 154, 155, 161, 166, 175, 187, 198, 188,
    181, 173, 173, 171, 169, 177, 176, 189, 184, 177, 173, 170, 168, 168,
    173, 179, 190, 183, 178, 175, 172, 166, 171, 177, 191, 193, 191, 184,
    179, 178, 180, 182, 180, 189, 191, 195, 188, 181, 174, 169, 172, 174,
    175, 181, 186, 190, 189, 185, 178, 177, 179, 175 ]
RHandPositionsY: [ 260, 260, 262, 258, 261, 258, 260, 260, 259, 258, 258,
    262, 258, 259, 262, 262, 261, 259, 262, 258, 261, 262, 262, 259, 258,
    253, 230, 208, 180, 155, 130, 129, 106, 94, 86, 92, 95, 95, 88, 84,
    84, 81, 79, 82, 83, 86, 82, 82, 79, 76, 75, 77, 81, 86, 86, 90, 90,
    83, 83, 82, 84, 83, 88, 92, 91, 91, 88, 85, 81, 82, 83, 84, 88, 92,
    92, 89, 89, 88, 86, 92, 110, 132, 155, 181, 205, 219, 228, 236, 241,
    247, 249 ]
