%YAML:1.0
---
videoName: "RHShake16.mp4"
gestureLabel: 2
fps: 29
pixelSizeInCmTemp: 3.2808219178082193e-01
faceCenterPointX: 281
faceCenterPointY: 44
LHandPositionsX: [ 371, 373, 370, 370, 370, 373, 373, 370, 370, 371, 370,
    369, 371, 372, 372, 371, 369, 370, 371, 373, 371, 370, 371, 369, 370,
    373, 371, 370, 371, 371, 370, 371, 372, 373, 373, 373, 372, 369, 372,
    369, 373, 371, 373, 373, 373, 373, 371, 369, 371, 372, 370, 372, 371,
    373, 370, 372, 370, 371, 373, 371, 373, 372, 373, 371, 373, 373, 371,
    371, 373, 373, 369, 370, 372, 369, 372, 370, 372, 370, 369, 369, 372,
    372, 370, 370, 370, 370, 369, 372 ]
LHandPositionsY: [ 234, 234, 231, 233, 233, 234, 231, 233, 234, 233, 232,
    232, 230, 233, 231, 232, 231, 230, 233, 231, 231, 231, 231, 232, 231,
    234, 233, 230, 234, 232, 234, 231, 233, 231, 234, 230, 230, 234, 234,
    230, 234, 233, 234, 233, 233, 230, 234, 232, 233, 231, 231, 234, 231,
    229, 229, 232, 231, 231, 233, 229, 232, 230, 233, 229, 232, 231, 230,
    231, 229, 230, 232, 230, 230, 229, 231, 231, 231, 230, 231, 232, 229,
    233, 232, 230, 232, 233, 232, 231 ]
RHandPositionsX: [ 171, 168, 167, 171, 168, 167, 168, 170, 171, 169, 170,
    171, 171, 168, 171, 167, 169, 170, 165, 156, 151, 150, 139, 133, 125,
    122, 115, 121, 125, 121, 129, 128, 139, 139, 143, 141, 138, 136, 137,
    141, 140, 144, 151, 152, 146, 145, 150, 146, 145, 146, 151, 153, 151,
    151, 146, 145, 145, 144, 147, 151, 152, 158, 154, 153, 156, 154, 148,
    151, 152, 161, 168, 171, 176, 176, 177, 172, 178, 176, 170, 172, 171,
    169, 169, 170, 170, 170, 169, 169 ]
RHandPositionsY: [ 269, 265, 266, 267, 265, 269, 269, 268, 265, 269, 266,
    265, 269, 268, 268, 269, 265, 264, 257, 243, 218, 198, 176, 162, 143,
    130, 118, 115, 109, 107, 107, 104, 98, 96, 93, 93, 94, 89, 89, 89,
    91, 91, 88, 90, 89, 86, 84, 88, 86, 89, 87, 86, 88, 85, 86, 88, 85,
    87, 87, 87, 93, 88, 91, 88, 86, 87, 89, 93, 101, 119, 131, 145, 162,
    171, 186, 190, 194, 204, 211, 218, 221, 224, 222, 232, 235, 238, 236,
    238 ]
