%YAML:1.0
---
videoName: "RHShake14.mp4"
gestureLabel: 2
fps: 30
pixelSizeInCmTemp: 3.2808219178082193e-01
faceCenterPointX: 277
faceCenterPointY: 42
LHandPositionsX: [ 376, 379, 377, 379, 376, 377, 377, 378, 375, 376, 379,
    375, 378, 378, 375, 377, 373, 376, 374, 372, 375, 373, 375, 376, 372,
    372, 372, 376, 372, 375, 373, 372, 374, 373, 375, 374, 372, 373, 375,
    374, 372, 373, 375, 374, 374, 375, 376, 374, 375, 375, 373, 372, 375,
    372, 376, 373, 374, 376, 373, 374, 376, 374, 375, 374, 376, 375, 376,
    376, 375, 373, 376, 372, 374, 373, 376, 372, 376, 373, 376, 373, 374,
    373, 376, 374, 374, 374, 373, 373, 372, 374, 376 ]
LHandPositionsY: [ 232, 229, 232, 229, 229, 230, 229, 230, 230, 231, 230,
    233, 232, 233, 233, 231, 233, 230, 231, 232, 230, 229, 229, 230, 231,
    231, 230, 229, 232, 230, 233, 232, 233, 229, 231, 232, 231, 230, 229,
    231, 232, 231, 233, 230, 231, 231, 233, 230, 229, 229, 229, 230, 229,
    230, 230, 232, 233, 229, 229, 231, 233, 231, 232, 232, 233, 232, 233,
    229, 231, 229, 233, 230, 232, 231, 232, 233, 229, 230, 230, 233, 229,
    229, 230, 233, 232, 232, 231, 229, 229, 230, 232 ]
RHandPositionsX: [ 174, 173, 173, 171, 174, 174, 173, 170, 173, 171, 173,
    170, 173, 173, 170, 171, 172, 173, 171, 174, 170, 170, 173, 172, 169,
    170, 170, 169, 158, 148, 135, 125, 124, 116, 116, 122, 127, 132, 134,
    140, 143, 149, 147, 143, 144, 146, 151, 153, 155, 161, 159, 159, 151,
    152, 158, 155, 160, 166, 166, 161, 158, 154, 158, 159, 158, 164, 166,
    173, 173, 175, 179, 178, 176, 180, 171, 170, 178, 177, 177, 174, 174,
    173, 171, 171, 171, 172, 174, 173, 174, 174, 172 ]
RHandPositionsY: [ 242, 243, 243, 242, 241, 242, 241, 240, 239, 243, 241,
    242, 240, 243, 239, 243, 243, 242, 241, 243, 240, 242, 239, 242, 241,
    242, 243, 231, 214, 194, 175, 154, 133, 116, 116, 110, 106, 108, 115,
    115, 115, 103, 95, 93, 87, 88, 85, 85, 85, 82, 80, 76, 75, 76, 75,
    78, 78, 81, 81, 80, 80, 75, 74, 77, 79, 80, 88, 105, 118, 135, 146,
    158, 171, 180, 193, 195, 200, 204, 213, 217, 215, 223, 221, 228, 232,
    235, 232, 235, 237, 237, 235 ]
