%YAML:1.0
---
videoName: "RHShake08.mp4"
gestureLabel: 2
fps: 29
pixelSizeInCmTemp: 3.2808219178082193e-01
faceCenterPointX: 290
faceCenterPointY: 45
LHandPositionsX: [ 315, 315, 316, 315, 314, 314, 316, 314, 314, 312, 311,
    312, 309, 312, 309, 308, 310, 308, 308, 309, 306, 309, 307, 309, 310,
    308, 307, 310, 307, 310, 308, 309, 309, 306, 310, 308, 309, 310, 308,
    306, 308, 309, 310, 306, 308, 307, 307, 309, 306, 309, 309, 305, 306,
    307, 307, 307, 308, 308, 306, 307, 307, 308, 305, 307, 305, 305, 307,
    305, 309, 307, 305, 309, 305, 306, 305, 308, 309, 307, 305, 309, 307,
    306, 307, 306, 310, 307, 307, 310 ]
LHandPositionsY: [ 279, 279, 281, 281, 279, 282, 282, 284, 284, 283, 282,
    284, 281, 282, 281, 282, 284, 283, 281, 285, 283, 283, 284, 281, 282,
    282, 281, 282, 283, 284, 281, 281, 281, 285, 284, 285, 281, 283, 285,
    284, 281, 282, 281, 284, 280, 283, 282, 280, 282, 280, 281, 280, 281,
    284, 284, 284, 282, 283, 281, 282, 284, 282, 284, 283, 281, 283, 282,
    283, 283, 282, 280, 283, 281, 283, 282, 283, 282, 284, 281, 284, 283,
    283, 281, 283, 281, 282, 280, 280 ]
RHandPositionsX: [ 267, 267, 272, 270, 270, 271, 274, 279, 265, 259, 260,
    256, 251, 238, 220, 199, 187, 162, 157, 161, 164, 174, 200, 197, 207,
    200, 195, 190, 183, 178, 189, 192, 203, 200, 195, 193, 185, 180, 178,
    179, 193, 190, 190, 183, 185, 176, 176, 173, 177, 184, 184, 186, 189,
    189, 191, 192, 186, 202, 205, 217, 212, 208, 202, 201, 197, 193, 200,
    208, 217, 213, 212, 218, 221, 227, 242, 246, 249, 265, 262, 263, 264,
    270, 267, 272, 274, 274, 271, 270 ]
RHandPositionsY: [ 267, 266, 268, 267, 266, 266, 267, 269, 268, 262, 254,
    242, 233, 218, 201, 184, 175, 150, 133, 128, 113, 111, 108, 105, 111,
    105, 101, 95, 94, 92, 91, 92, 95, 96, 93, 90, 89, 86, 88, 91, 94, 93,
    94, 93, 91, 88, 87, 86, 91, 96, 94, 94, 98, 99, 93, 90, 91, 92, 100,
    96, 100, 97, 97, 94, 96, 96, 96, 100, 106, 108, 112, 127, 129, 141,
    156, 176, 194, 214, 229, 244, 259, 258, 257, 262, 262, 265, 262, 263 ]
