%YAML:1.0
---
videoName: "RHShake13.mp4"
gestureLabel: 2
fps: 30
pixelSizeInCmTemp: 3.2808219178082193e-01
faceCenterPointX: 278
faceCenterPointY: 45
LHandPositionsX: [ 307, 305, 307, 306, 308, 306, 309, 309, 305, 309, 308,
    309, 309, 308, 307, 305, 305, 305, 306, 306, 306, 309, 307, 309, 309,
    305, 305, 308, 306, 308, 309, 309, 305, 308, 307, 305, 306, 308, 308,
    305, 307, 307, 305, 306, 305, 307, 307, 306, 307, 309, 307, 308, 308,
    307, 306, 307, 307, 309, 305, 306, 305, 309, 309, 309, 305, 309, 306,
    308, 305, 308, 306, 307, 309, 307, 309, 308, 306, 307, 309, 307, 301,
    302, 303, 303, 303, 303, 303, 305, 307, 303, 304 ]
LHandPositionsY: [ 242, 246, 244, 244, 243, 242, 242, 241, 243, 243, 243,
    241, 244, 240, 242, 241, 244, 243, 239, 241, 240, 241, 243, 239, 241,
    241, 242, 239, 243, 243, 242, 240, 242, 240, 242, 240, 242, 241, 239,
    240, 239, 242, 241, 241, 240, 239, 242, 241, 242, 240, 239, 241, 239,
    240, 241, 240, 242, 241, 242, 242, 240, 242, 238, 240, 241, 241, 238,
    240, 238, 239, 241, 239, 240, 236, 238, 238, 237, 234, 235, 234, 231,
    231, 232, 240, 237, 240, 244, 246, 243, 245, 247 ]
RHandPositionsX: [ 168, 152, 140, 141, 140, 143, 143, 140, 146, 149, 146,
    144, 141, 136, 134, 139, 140, 144, 146, 141, 139, 132, 133, 128, 130,
    135, 132, 138, 138, 134, 135, 134, 128, 130, 129, 136, 135, 134, 136,
    137, 136, 134, 136, 135, 140, 145, 150, 151, 146, 144, 142, 137, 135,
    141, 137, 143, 143, 142, 140, 136, 132, 134, 129, 131, 135, 142, 142,
    147, 154, 158, 169, 179, 187, 200, 210, 224, 239, 244, 252, 250, 252,
    255, 259, 257, 258, 259, 261, 260, 257, 260, 259 ]
RHandPositionsY: [ 155, 137, 119, 116, 115, 111, 107, 102, 99, 97, 93,
    92, 90, 86, 89, 86, 85, 88, 88, 87, 86, 86, 86, 84, 87, 87, 88, 88,
    92, 88, 92, 91, 89, 87, 92, 88, 90, 93, 93, 92, 90, 90, 87, 91, 91,
    97, 93, 95, 94, 91, 93, 92, 94, 96, 95, 97, 97, 98, 97, 97, 98, 97,
    94, 99, 99, 104, 110, 111, 117, 125, 135, 143, 154, 165, 179, 190,
    199, 209, 214, 214, 218, 221, 227, 233, 235, 237, 239, 239, 239, 241,
    240 ]
