%YAML:1.0
---
videoName: "RHShake00.mp4"
gestureLabel: 2
fps: 29
pixelSizeInCmTemp: 3.4710144927536229e-01
faceCenterPointX: 283
faceCenterPointY: 97
LHandPositionsX: [ 343, 343, 346, 344, 344, 346, 346, 342, 345, 343, 342,
    345, 345, 345, 345, 345, 344, 343, 344, 344, 342, 344, 346, 345, 345,
    346, 343, 345, 342, 346, 345, 344, 345, 342, 346, 346, 346, 342, 344,
    345, 346, 343, 345, 344, 346, 342, 346, 346, 344, 342, 342, 344, 342,
    344, 342, 345, 345, 346, 346, 346, 343, 344, 345, 343, 345, 345, 344,
    343, 344, 346, 345, 343, 342, 342, 345, 342, 346, 344, 344, 343, 343,
    344, 343, 342, 343, 342, 344, 346 ]
LHandPositionsY: [ 272, 275, 276, 276, 272, 275, 272, 274, 275, 272, 276,
    275, 276, 275, 273, 275, 274, 272, 276, 276, 274, 273, 276, 275, 274,
    272, 272, 273, 275, 275, 274, 275, 276, 272, 275, 274, 276, 272, 275,
    275, 275, 274, 273, 274, 274, 276, 272, 272, 276, 273, 272, 276, 272,
    276, 272, 275, 275, 273, 272, 276, 273, 273, 273, 276, 276, 275, 275,
    274, 273, 275, 274, 276, 273, 273, 272, 273, 272, 273, 274, 275, 273,
    272, 274, 275, 276, 276, 272, 275 ]
RHandPositionsX: [ 177, 175, 165, 156, 149, 146, 144, 142, 143, 142, 144,
    147, 149, 167, 165, 166, 167, 165, 163, 161, 155, 154, 149, 149, 153,
    164, 165, 168, 165, 165, 156, 151, 152, 147, 153, 157, 161, 161, 166,
    162, 161, 154, 147, 141, 141, 144, 149, 154, 152, 156, 160, 161, 157,
    152, 147, 144, 145, 149, 156, 159, 161, 160, 167, 161, 157, 153, 144,
    140, 143, 145, 150, 155, 158, 161, 162, 165, 170, 175, 176, 180, 186,
    185, 191, 193, 193, 194, 195, 196 ]
RHandPositionsY: [ 259, 252, 240, 219, 204, 187, 178, 170, 161, 152, 140,
    138, 131, 132, 136, 141, 133, 129, 129, 125, 123, 122, 120, 120, 128,
    133, 135, 133, 136, 133, 125, 126, 124, 125, 133, 136, 136, 139, 139,
    137, 140, 135, 134, 129, 127, 135, 134, 135, 140, 140, 136, 138, 133,
    131, 132, 131, 131, 132, 140, 147, 144, 145, 146, 145, 143, 138, 138,
    136, 141, 148, 155, 164, 166, 175, 184, 192, 200, 204, 214, 219, 231,
    235, 244, 246, 253, 259, 261, 262 ]
