%YAML:1.0
---
videoName: "RHShake05.mp4"
gestureLabel: 2
fps: 30
pixelSizeInCmTemp: 3.1103896103896100e-01
faceCenterPointX: 295
faceCenterPointY: 47
LHandPositionsX: [ 410, 409, 409, 411, 410, 410, 411, 412, 409, 408, 408,
    410, 410, 409, 410, 411, 408, 408, 411, 409, 409, 409, 410, 408, 410,
    410, 412, 412, 412, 411, 408, 408, 410, 410, 408, 409, 409, 412, 408,
    411, 410, 410, 411, 409, 408, 412, 410, 412, 412, 409, 412, 410, 409,
    412, 411, 412, 410, 408, 409, 411, 408, 411, 408, 412, 409, 409, 408,
    408, 411, 409, 412, 410, 412, 408, 410, 410, 408, 409, 412, 410, 408,
    412, 409, 412, 408, 408, 412, 412, 409, 410, 409 ]
LHandPositionsY: [ 259, 259, 261, 258, 257, 257, 259, 260, 258, 257, 257,
    258, 258, 258, 258, 261, 261, 261, 258, 260, 261, 259, 259, 261, 257,
    258, 261, 260, 258, 257, 260, 260, 260, 258, 261, 258, 261, 261, 257,
    261, 258, 258, 257, 258, 261, 258, 257, 261, 261, 257, 260, 260, 258,
    261, 261, 258, 259, 261, 260, 257, 260, 261, 260, 258, 259, 260, 260,
    259, 260, 259, 261, 257, 261, 257, 258, 261, 259, 260, 261, 261, 259,
    259, 259, 259, 261, 260, 259, 261, 261, 260, 257 ]
RHandPositionsX: [ 174, 177, 173, 177, 175, 174, 174, 175, 176, 176, 175,
    176, 172, 174, 172, 172, 174, 172, 171, 172, 172, 174, 170, 176, 174,
    177, 182, 180, 175, 163, 150, 158, 154, 158, 162, 176, 187, 197, 190,
    182, 177, 175, 170, 167, 177, 177, 190, 185, 176, 171, 172, 169, 171,
    173, 176, 192, 186, 179, 172, 168, 169, 169, 177, 188, 192, 192, 186,
    182, 180, 178, 181, 179, 190, 194, 193, 190, 184, 176, 171, 171, 173,
    177, 181, 185, 188, 191, 183, 177, 177, 175, 177 ]
RHandPositionsY: [ 262, 260, 258, 260, 260, 258, 261, 261, 258, 258, 262,
    261, 258, 262, 258, 262, 260, 261, 260, 261, 260, 263, 261, 257, 256,
    250, 234, 205, 179, 158, 132, 128, 106, 91, 90, 91, 92, 91, 91, 87,
    80, 79, 78, 81, 83, 86, 83, 81, 78, 72, 76, 74, 80, 84, 85, 92, 88,
    85, 85, 82, 82, 83, 90, 92, 91, 92, 88, 85, 82, 86, 84, 88, 89, 91,
    92, 88, 89, 85, 85, 91, 111, 134, 155, 182, 202, 222, 228, 233, 245,
    249, 250 ]
