%YAML:1.0
---
videoName: "RHShake07.mp4"
gestureLabel: 2
fps: 29
pixelSizeInCmTemp: 3.2364864864864862e-01
faceCenterPointX: 292
faceCenterPointY: 44
LHandPositionsX: [ 310, 308, 309, 307, 306, 310, 308, 309, 306, 307, 308,
    308, 312, 310, 313, 313, 313, 311, 312, 310, 314, 313, 314, 311, 310,
    314, 314, 311, 312, 312, 312, 313, 314, 313, 316, 313, 315, 316, 314,
    313, 313, 316, 314, 313, 315, 314, 314, 315, 313, 314, 316, 314, 314,
    316, 316, 315, 312, 312, 313, 315, 315, 316, 314, 314, 316, 316, 315,
    313, 312, 314, 314, 317, 316, 316, 315, 313, 313, 313, 314, 314, 310,
    307, 312, 308, 312, 310, 312, 308 ]
LHandPositionsY: [ 268, 268, 269, 268, 270, 267, 267, 268, 273, 274, 272,
    269, 270, 271, 271, 272, 269, 267, 271, 268, 270, 267, 269, 269, 269,
    270, 267, 271, 267, 270, 270, 269, 271, 269, 267, 271, 268, 267, 267,
    268, 269, 270, 268, 269, 269, 269, 271, 267, 269, 270, 271, 271, 271,
    270, 268, 267, 270, 271, 270, 268, 271, 267, 270, 267, 269, 268, 269,
    268, 271, 269, 271, 269, 270, 269, 267, 269, 267, 266, 271, 272, 269,
    270, 271, 273, 274, 274, 274, 272 ]
RHandPositionsX: [ 264, 264, 265, 265, 263, 265, 267, 269, 264, 271, 265,
    261, 255, 236, 218, 196, 179, 162, 154, 154, 158, 156, 155, 159, 161,
    182, 192, 186, 178, 171, 166, 166, 181, 182, 187, 188, 179, 176, 171,
    170, 175, 173, 182, 184, 188, 184, 175, 170, 164, 166, 166, 182, 183,
    198, 193, 188, 183, 177, 169, 170, 166, 163, 170, 174, 171, 183, 176,
    174, 172, 169, 159, 168, 178, 195, 215, 232, 242, 257, 272, 275, 272,
    270, 268, 264, 262, 266, 268, 264 ]
RHandPositionsY: [ 254, 253, 252, 252, 253, 255, 251, 251, 256, 256, 251,
    240, 231, 217, 203, 186, 168, 155, 133, 129, 126, 112, 119, 127, 129,
    113, 105, 99, 93, 95, 88, 89, 107, 102, 104, 97, 97, 92, 95, 90, 89,
    92, 97, 98, 96, 95, 93, 91, 91, 86, 82, 91, 98, 104, 101, 96, 95, 94,
    91, 87, 89, 87, 92, 93, 91, 94, 87, 85, 88, 89, 92, 118, 137, 147,
    167, 187, 206, 226, 235, 243, 242, 248, 249, 252, 252, 256, 255, 256 ]
