%YAML:1.0
---
videoName: "RHShake01.mp4"
gestureLabel: 2
fps: 29
pixelSizeInCmTemp: 3.1513157894736843e-01
faceCenterPointX: 292
faceCenterPointY: 51
LHandPositionsX: [ 392, 395, 393, 394, 395, 396, 394, 394, 396, 393, 393,
    395, 395, 392, 393, 395, 395, 391, 391, 391, 394, 392, 394, 391, 391,
    394, 393, 395, 394, 395, 392, 393, 391, 391, 391, 394, 393, 394, 392,
    395, 394, 391, 395, 395, 392, 391, 395, 395, 395, 392, 395, 393, 395,
    395, 395, 391, 393, 393, 395, 391, 395, 394, 394, 391, 391, 394, 393,
    392, 392, 395, 395, 393, 392, 394, 393, 391, 391, 392, 392, 394, 392,
    395, 391, 392, 391, 394, 394, 392 ]
LHandPositionsY: [ 254, 256, 253, 254, 256, 253, 254, 255, 257, 255, 253,
    255, 253, 253, 253, 254, 253, 254, 257, 255, 255, 255, 257, 255, 253,
    257, 253, 253, 254, 253, 254, 256, 254, 255, 257, 254, 253, 256, 255,
    253, 254, 254, 253, 254, 254, 254, 256, 255, 256, 257, 255, 254, 253,
    256, 254, 255, 256, 256, 256, 255, 256, 255, 255, 254, 255, 253, 255,
    253, 254, 253, 256, 257, 255, 255, 253, 253, 257, 253, 257, 253, 256,
    253, 255, 257, 253, 255, 256, 254 ]
RHandPositionsX: [ 170, 169, 168, 168, 168, 168, 170, 168, 167, 169, 167,
    170, 169, 170, 169, 168, 168, 169, 170, 170, 171, 169, 171, 169, 170,
    171, 171, 176, 177, 169, 162, 160, 158, 155, 155, 160, 171, 180, 190,
    193, 191, 185, 180, 176, 177, 176, 177, 189, 194, 194, 191, 192, 183,
    179, 178, 182, 180, 182, 186, 193, 190, 193, 195, 185, 180, 178, 175,
    180, 188, 192, 194, 197, 195, 198, 193, 189, 186, 191, 190, 181, 177,
    174, 172, 173, 172, 172, 175, 174 ]
RHandPositionsY: [ 279, 276, 278, 279, 278, 279, 280, 276, 276, 279, 276,
    277, 280, 279, 276, 278, 277, 277, 277, 278, 276, 277, 277, 276, 277,
    274, 268, 247, 226, 209, 186, 167, 151, 135, 131, 114, 107, 110, 110,
    112, 107, 106, 99, 100, 98, 97, 99, 96, 100, 102, 100, 94, 94, 92,
    94, 93, 94, 98, 102, 102, 103, 99, 101, 98, 99, 95, 96, 99, 102, 105,
    111, 123, 136, 144, 159, 175, 191, 205, 206, 210, 219, 225, 232, 243,
    242, 245, 243, 248 ]
