%YAML:1.0
---
videoName: "RHShake06.mp4"
gestureLabel: 2
fps: 30
pixelSizeInCmTemp: 3.2808219178082193e-01
faceCenterPointX: 293
faceCenterPointY: 43
LHandPositionsX: [ 306, 310, 310, 309, 310, 310, 309, 306, 310, 307, 308,
    307, 306, 310, 309, 307, 312, 311, 316, 316, 318, 322, 320, 320, 320,
    320, 321, 323, 323, 323, 321, 320, 322, 323, 325, 324, 323, 323, 322,
    324, 325, 324, 326, 325, 326, 325, 323, 326, 324, 324, 326, 324, 325,
    326, 325, 324, 324, 324, 324, 324, 324, 323, 323, 326, 322, 322, 322,
    323, 322, 325, 322, 326, 326, 323, 322, 324, 326, 322, 323, 322, 322,
    322, 324, 317, 318, 313, 312, 313, 310, 309, 312 ]
LHandPositionsY: [ 269, 269, 267, 269, 266, 270, 267, 266, 266, 270, 266,
    266, 268, 270, 269, 267, 266, 269, 268, 264, 265, 264, 262, 261, 259,
    263, 261, 258, 260, 260, 261, 262, 260, 261, 258, 262, 261, 259, 259,
    262, 259, 262, 261, 261, 258, 261, 260, 258, 259, 260, 260, 262, 258,
    261, 262, 259, 260, 259, 259, 259, 262, 258, 258, 259, 259, 261, 262,
    259, 262, 260, 260, 258, 258, 260, 260, 260, 259, 261, 258, 260, 259,
    262, 262, 263, 262, 264, 266, 266, 264, 265, 262 ]
RHandPositionsX: [ 290, 286, 284, 284, 284, 287, 287, 285, 284, 286, 284,
    284, 285, 287, 286, 287, 288, 287, 276, 262, 245, 225, 203, 178, 161,
    144, 136, 133, 139, 140, 142, 145, 161, 165, 161, 163, 161, 161, 161,
    155, 162, 171, 182, 191, 189, 183, 181, 175, 168, 171, 170, 165, 174,
    180, 181, 183, 180, 188, 178, 169, 171, 166, 168, 182, 178, 177, 173,
    173, 166, 161, 164, 168, 170, 182, 194, 192, 207, 224, 230, 240, 247,
    255, 254, 247, 248, 254, 255, 251, 255, 252, 255 ]
RHandPositionsY: [ 270, 270, 267, 267, 266, 267, 267, 266, 267, 266, 267,
    270, 267, 270, 268, 270, 270, 268, 266, 258, 246, 234, 215, 201, 180,
    159, 135, 122, 113, 106, 112, 116, 130, 116, 111, 104, 101, 91, 90,
    91, 89, 96, 98, 101, 99, 97, 92, 92, 87, 91, 85, 87, 94, 100, 99, 99,
    98, 100, 98, 92, 93, 90, 92, 103, 101, 102, 105, 101, 104, 106, 114,
    127, 147, 164, 178, 180, 196, 205, 216, 224, 232, 235, 238, 237, 237,
    243, 244, 244, 241, 245, 244 ]
