%YAML:1.0
---
videoName: "RHShake09.mp4"
gestureLabel: 2
fps: 29
pixelSizeInCmTemp: 3.1103896103896100e-01
faceCenterPointX: 296
faceCenterPointY: 48
LHandPositionsX: [ 326, 326, 324, 325, 324, 325, 325, 320, 319, 319, 319,
    314, 314, 314, 312, 313, 309, 311, 312, 309, 310, 307, 307, 308, 308,
    305, 304, 307, 304, 305, 306, 309, 311, 309, 309, 307, 311, 310, 310,
    310, 309, 310, 309, 312, 309, 313, 310, 314, 314, 311, 311, 315, 313,
    311, 315, 313, 313, 315, 313, 314, 316, 316, 317, 316, 314, 313, 316,
    314, 315, 317, 318, 314, 317, 315, 314, 317, 313, 317, 317, 315, 313,
    313, 318, 318, 317, 314, 318, 317 ]
LHandPositionsY: [ 268, 265, 267, 271, 269, 270, 271, 273, 272, 273, 273,
    272, 272, 274, 271, 274, 273, 272, 274, 276, 274, 275, 273, 275, 272,
    272, 274, 276, 277, 275, 273, 273, 276, 277, 275, 277, 277, 276, 274,
    276, 273, 275, 273, 277, 275, 275, 274, 274, 276, 273, 277, 273, 276,
    277, 272, 275, 275, 273, 274, 275, 275, 273, 275, 274, 272, 274, 274,
    276, 272, 272, 275, 276, 275, 273, 272, 276, 274, 272, 273, 276, 274,
    273, 275, 271, 273, 273, 272, 275 ]
RHandPositionsX: [ 264, 263, 262, 263, 265, 263, 264, 264, 262, 261, 262,
    260, 259, 258, 261, 259, 259, 259, 257, 259, 259, 258, 255, 256, 256,
    258, 256, 255, 255, 257, 266, 263, 253, 241, 224, 205, 189, 178, 170,
    173, 171, 174, 181, 184, 185, 186, 181, 179, 180, 176, 188, 190, 188,
    201, 191, 184, 179, 174, 178, 188, 182, 186, 197, 190, 188, 182, 178,
    173, 174, 183, 181, 189, 185, 183, 178, 177, 182, 179, 186, 193, 192,
    194, 198, 203, 209, 215, 225, 236 ]
RHandPositionsY: [ 260, 263, 263, 266, 266, 264, 265, 267, 264, 269, 269,
    267, 269, 269, 269, 267, 268, 266, 265, 268, 269, 269, 267, 268, 268,
    266, 265, 265, 267, 268, 270, 261, 244, 231, 213, 198, 177, 157, 137,
    133, 115, 109, 106, 109, 110, 104, 98, 91, 87, 87, 88, 98, 98, 97,
    94, 94, 89, 89, 86, 90, 93, 97, 97, 96, 92, 87, 85, 87, 88, 98, 97,
    98, 93, 93, 94, 92, 91, 94, 95, 105, 107, 109, 123, 133, 144, 153,
    167, 188 ]
