%YAML:1.0
---
videoName: "RHShake17.mp4"
gestureLabel: 2
fps: 29
pixelSizeInCmTemp: 3.3732394366197183e-01
faceCenterPointX: 282
faceCenterPointY: 40
LHandPositionsX: [ 306, 307, 309, 306, 307, 308, 306, 307, 306, 307, 305,
    309, 308, 308, 307, 305, 308, 309, 309, 305, 306, 307, 307, 306, 309,
    309, 307, 306, 305, 306, 308, 308, 308, 306, 307, 307, 308, 305, 306,
    308, 306, 310, 309, 307, 310, 308, 307, 309, 307, 309, 311, 307, 309,
    309, 311, 311, 310, 310, 309, 310, 311, 311, 307, 309, 308, 310, 307,
    308, 307, 307, 310, 311, 308, 308, 306, 307, 309, 309, 305, 306, 305,
    306, 306, 307, 305, 308, 309, 309 ]
LHandPositionsY: [ 231, 231, 233, 234, 232, 231, 233, 234, 235, 233, 233,
    231, 235, 231, 234, 233, 232, 235, 234, 233, 233, 235, 233, 235, 233,
    235, 235, 233, 231, 234, 233, 235, 235, 235, 233, 235, 235, 234, 234,
    232, 235, 233, 233, 231, 234, 231, 234, 231, 235, 232, 231, 231, 232,
    235, 232, 231, 235, 234, 235, 233, 235, 234, 231, 233, 234, 235, 231,
    234, 234, 231, 233, 232, 231, 233, 234, 233, 232, 232, 235, 235, 233,
    232, 232, 232, 233, 232, 232, 235 ]
RHandPositionsX: [ 213, 196, 176, 158, 141, 145, 142, 148, 144, 141, 147,
    152, 154, 155, 150, 145, 145, 143, 144, 144, 164, 161, 158, 153, 148,
    148, 149, 144, 147, 154, 152, 158, 158, 153, 148, 145, 141, 138, 140,
    155, 151, 153, 156, 160, 154, 151, 149, 153, 158, 155, 171, 168, 167,
    161, 158, 157, 148, 151, 149, 152, 155, 162, 172, 178, 179, 178, 176,
    178, 173, 169, 173, 169, 170, 168, 171, 166, 169, 168, 169, 167, 168,
    170, 168, 166, 167, 170, 169, 166 ]
RHandPositionsY: [ 200, 183, 168, 149, 130, 113, 108, 102, 94, 90, 99,
    92, 83, 79, 77, 74, 70, 70, 69, 71, 76, 77, 72, 72, 71, 65, 65, 67,
    66, 66, 69, 68, 66, 67, 66, 63, 67, 64, 67, 85, 83, 83, 80, 77, 75,
    73, 73, 75, 73, 76, 90, 92, 83, 83, 79, 77, 80, 77, 77, 85, 91, 106,
    120, 136, 148, 161, 171, 180, 189, 198, 210, 216, 223, 227, 236, 234,
    236, 238, 238, 240, 240, 243, 240, 243, 240, 243, 247, 246 ]
