%YAML:1.0
---
videoName: "RHShake02.mp4"
gestureLabel: 2
fps: 29
pixelSizeInCmTemp: 3.1933333333333330e-01
faceCenterPointX: 291
faceCenterPointY: 51
LHandPositionsX: [ 405, 409, 406, 409, 405, 408, 405, 406, 405, 405, 408,
    407, 409, 409, 409, 405, 404, 405, 405, 406, 406, 408, 407, 408, 406,
    408, 404, 403, 403, 406, 405, 406, 406, 404, 405, 402, 403, 404, 401,
    402, 403, 404, 400, 402, 403, 400, 401, 399, 402, 399, 399, 398, 401,
    399, 399, 396, 398, 399, 400, 396, 396, 397, 398, 396, 397, 395, 395,
    398, 398, 399, 395, 396, 395, 395, 395, 398, 397, 399, 399, 395, 398,
    397, 396, 396, 398, 396, 397, 395 ]
LHandPositionsY: [ 263, 262, 261, 265, 263, 264, 261, 264, 261, 264, 262,
    263, 264, 261, 265, 265, 263, 260, 262, 262, 261, 260, 260, 261, 264,
    264, 260, 263, 261, 263, 263, 262, 260, 263, 261, 261, 262, 263, 263,
    264, 261, 263, 263, 260, 264, 260, 264, 261, 260, 262, 262, 261, 261,
    262, 264, 260, 260, 264, 260, 262, 262, 263, 262, 264, 260, 261, 263,
    262, 260, 261, 264, 261, 262, 263, 261, 263, 260, 261, 260, 264, 262,
    262, 261, 263, 264, 263, 262, 263 ]
RHandPositionsX: [ 173, 172, 171, 173, 173, 171, 172, 170, 173, 171, 170,
    172, 171, 172, 173, 170, 171, 170, 173, 171, 172, 171, 172, 172, 171,
    173, 173, 179, 175, 173, 166, 161, 158, 153, 150, 153, 161, 175, 183,
    177, 179, 178, 169, 164, 162, 161, 162, 166, 177, 183, 190, 183, 184,
    176, 168, 168, 165, 166, 176, 181, 183, 181, 178, 177, 177, 173, 168,
    169, 168, 177, 181, 193, 198, 199, 198, 197, 194, 183, 186, 180, 181,
    176, 176, 178, 177, 173, 176, 173 ]
RHandPositionsY: [ 266, 266, 267, 267, 267, 267, 264, 263, 267, 267, 266,
    265, 263, 264, 267, 265, 263, 266, 264, 267, 266, 265, 264, 266, 266,
    270, 263, 246, 228, 208, 187, 169, 145, 122, 112, 101, 97, 97, 99,
    98, 94, 93, 92, 92, 90, 87, 88, 91, 96, 98, 101, 98, 93, 91, 88, 87,
    85, 91, 96, 98, 97, 98, 99, 98, 94, 92, 93, 93, 92, 96, 105, 118,
    129, 144, 159, 178, 195, 212, 226, 229, 239, 242, 245, 250, 251, 254,
    255, 252 ]
