%YAML:1.0
---
videoName: "RHShake23.mp4"
gestureLabel: 2
fps: 29
pixelSizeInCmTemp: 3.3263888888888887e-01
faceCenterPointX: 298
faceCenterPointY: 49
LHandPositionsX: [ 391, 391, 387, 390, 387, 388, 390, 389, 390, 391, 388,
    387, 390, 390, 391, 391, 388, 388, 390, 389, 389, 388, 388, 389, 387,
    387, 391, 391, 389, 391, 391, 390, 388, 390, 389, 390, 389, 390, 391,
    390, 389, 391, 387, 387, 387, 390, 390, 391, 388, 388, 388, 388, 389,
    390, 391, 391, 388, 387, 389, 390, 388, 389, 388, 388, 390, 390, 390,
    390, 390, 388, 391, 388, 391, 389, 391, 391, 389, 389, 391, 387, 387,
    387, 390, 387, 391, 388, 389, 390 ]
LHandPositionsY: [ 224, 225, 225, 225, 228, 227, 228, 227, 226, 225, 227,
    224, 227, 228, 228, 226, 226, 224, 225, 226, 228, 227, 228, 224, 227,
    228, 226, 224, 228, 226, 226, 224, 227, 228, 225, 225, 225, 224, 225,
    224, 226, 224, 226, 225, 224, 227, 228, 228, 225, 224, 228, 226, 226,
    225, 225, 225, 228, 228, 226, 225, 228, 228, 228, 227, 224, 224, 227,
    226, 225, 224, 227, 226, 227, 226, 225, 225, 226, 226, 226, 227, 227,
    225, 224, 225, 226, 227, 228, 227 ]
RHandPositionsX: [ 168, 169, 176, 186, 188, 187, 195, 187, 180, 177, 172,
    176, 173, 180, 190, 196, 198, 200, 198, 195, 184, 181, 176, 173, 170,
    170, 171, 180, 191, 201, 198, 199, 199, 196, 191, 183, 186, 178, 177,
    182, 184, 201, 201, 203, 207, 202, 198, 188, 182, 179, 177, 178, 182,
    185, 191, 202, 205, 210, 211, 210, 210, 210, 210, 210, 210, 210, 207,
    207, 207, 206, 207, 204, 206, 203, 200, 201, 201, 203, 201, 201, 200,
    199, 198, 198, 200, 199, 200, 197 ]
RHandPositionsY: [ 97, 95, 99, 111, 118, 116, 120, 111, 104, 99, 100,
    102, 99, 105, 115, 125, 121, 125, 123, 112, 103, 103, 99, 99, 100,
    94, 95, 98, 118, 125, 122, 125, 125, 108, 105, 106, 104, 102, 102,
    101, 113, 123, 121, 125, 124, 128, 126, 107, 105, 108, 102, 100, 99,
    116, 128, 134, 141, 150, 149, 153, 161, 165, 171, 184, 189, 200, 207,
    214, 212, 216, 218, 219, 222, 222, 224, 228, 226, 227, 224, 224, 225,
    226, 224, 226, 226, 228, 225, 226 ]
