%YAML:1.0
---
videoName: "RHShake07.mp4"
gestureLabel: 2
fps: 29
pixelSizeInCmTemp: 3.2364864864864862e-01
faceCenterPointX: 292
faceCenterPointY: 44
LHandPositionsX: [ 310, 308, 308, 307, 310, 309, 309, 307, 310, 309, 310,
    311, 309, 309, 310, 312, 312, 311, 312, 311, 311, 310, 313, 313, 311,
    310, 313, 312, 310, 311, 310, 310, 313, 314, 316, 312, 314, 312, 316,
    315, 315, 314, 314, 313, 314, 314, 316, 313, 315, 312, 313, 313, 314,
    313, 316, 316, 316, 313, 312, 314, 312, 314, 314, 314, 313, 312, 316,
    312, 315, 313, 315, 314, 317, 317, 315, 317, 317, 317, 316, 311, 308,
    309, 308, 310, 311, 310, 308, 311 ]
LHandPositionsY: [ 267, 268, 272, 270, 271, 268, 271, 272, 274, 275, 270,
    269, 272, 273, 269, 268, 269, 267, 271, 269, 271, 267, 267, 269, 270,
    267, 271, 267, 268, 268, 270, 270, 268, 269, 267, 270, 271, 271, 271,
    269, 270, 269, 269, 271, 268, 269, 271, 271, 267, 267, 267, 268, 269,
    268, 270, 271, 267, 269, 267, 267, 267, 269, 269, 268, 269, 267, 268,
    271, 270, 271, 267, 266, 267, 267, 270, 268, 266, 268, 272, 268, 273,
    273, 273, 275, 272, 272, 275, 273 ]
RHandPositionsX: [ 264, 265, 265, 264, 267, 266, 265, 269, 266, 267, 267,
    265, 255, 234, 214, 196, 176, 164, 155, 156, 158, 152, 158, 161, 163,
    180, 191, 185, 176, 171, 168, 167, 179, 181, 187, 186, 180, 176, 169,
    170, 173, 172, 180, 182, 188, 180, 179, 174, 165, 163, 168, 184, 184,
    198, 195, 186, 185, 175, 169, 170, 166, 164, 172, 176, 174, 181, 176,
    177, 172, 167, 160, 167, 177, 194, 214, 232, 243, 257, 271, 275, 269,
    270, 270, 265, 262, 266, 267, 267 ]
RHandPositionsY: [ 251, 253, 254, 251, 255, 252, 252, 252, 253, 255, 249,
    244, 231, 218, 200, 184, 169, 157, 134, 130, 128, 112, 120, 125, 127,
    116, 105, 99, 90, 92, 89, 88, 108, 106, 101, 97, 95, 92, 92, 93, 92,
    92, 100, 97, 97, 97, 92, 92, 90, 86, 84, 91, 98, 100, 97, 98, 95, 92,
    92, 86, 90, 91, 91, 91, 89, 93, 90, 86, 88, 89, 92, 117, 135, 151,
    167, 185, 207, 229, 234, 241, 242, 246, 253, 253, 255, 253, 257, 257 ]
