%YAML:1.0
---
videoName: "RHShake20.mp4"
gestureLabel: 2
fps: 29
pixelSizeInCmTemp: 3.3263888888888887e-01
faceCenterPointX: 286
faceCenterPointY: 45
LHandPositionsX: [ 394, 390, 390, 391, 394, 393, 394, 391, 394, 393, 391,
    391, 393, 390, 393, 392, 391, 394, 392, 394, 393, 394, 394, 391, 394,
    391, 394, 394, 390, 393, 390, 390, 392, 391, 392, 394, 391, 394, 392,
    390, 393, 394, 394, 391, 393, 393, 392, 393, 390, 391, 392, 390, 394,
    394, 394, 392, 392, 394, 391, 393, 394, 392, 392, 390, 391, 392, 391,
    391, 391, 392, 391, 394, 392, 392, 392, 390, 392, 394, 390, 394, 391,
    391, 394, 392, 390, 393, 394, 390 ]
LHandPositionsY: [ 246, 242, 246, 242, 242, 242, 241, 242, 243, 243, 241,
    242, 239, 243, 240, 239, 241, 240, 240, 243, 241, 240, 241, 239, 239,
    242, 242, 243, 240, 243, 243, 241, 242, 242, 243, 240, 240, 242, 240,
    240, 240, 239, 240, 241, 241, 240, 241, 241, 243, 243, 241, 242, 241,
    242, 241, 241, 239, 240, 243, 241, 243, 242, 241, 243, 239, 241, 240,
    243, 243, 243, 241, 242, 243, 242, 241, 242, 239, 241, 241, 241, 242,
    242, 239, 240, 241, 239, 240, 242 ]
RHandPositionsX: [ 165, 159, 160, 156, 155, 156, 154, 156, 156, 157, 161,
    158, 161, 154, 154, 150, 150, 152, 157, 159, 162, 164, 159, 153, 155,
    154, 150, 150, 162, 162, 163, 161, 155, 154, 156, 152, 151, 150, 159,
    168, 168, 168, 164, 161, 159, 151, 154, 153, 158, 162, 165, 165, 168,
    166, 170, 170, 166, 165, 163, 159, 165, 170, 171, 179, 181, 187, 188,
    188, 185, 182, 186, 182, 181, 178, 179, 180, 181, 181, 180, 178, 180,
    179, 179, 177, 177, 180, 180, 180 ]
RHandPositionsY: [ 110, 108, 105, 101, 98, 97, 97, 99, 103, 104, 103,
    103, 96, 98, 95, 98, 101, 103, 114, 115, 114, 113, 110, 111, 108,
    108, 106, 108, 117, 116, 119, 114, 111, 108, 109, 105, 103, 108, 115,
    121, 122, 120, 124, 116, 117, 111, 114, 111, 113, 119, 124, 122, 124,
    125, 122, 119, 114, 114, 111, 112, 116, 124, 131, 138, 147, 157, 166,
    178, 183, 194, 202, 211, 220, 229, 235, 232, 239, 240, 240, 244, 242,
    246, 244, 244, 247, 243, 246, 247 ]
