%YAML:1.0
---
videoName: "RHShake16.mp4"
gestureLabel: 2
fps: 29
pixelSizeInCmTemp: 3.2808219178082193e-01
faceCenterPointX: 281
faceCenterPointY: 44
LHandPositionsX: [ 371, 373, 369, 370, 369, 372, 372, 369, 372, 370, 369,
    369, 369, 372, 369, 371, 369, 372, 372, 370, 372, 373, 370, 370, 370,
    370, 370, 371, 371, 371, 371, 372, 369, 371, 372, 371, 372, 370, 369,
    373, 371, 370, 372, 370, 372, 373, 373, 369, 373, 371, 372, 370, 369,
    372, 371, 371, 370, 369, 370, 370, 370, 371, 373, 373, 370, 369, 369,
    373, 369, 373, 369, 372, 371, 370, 370, 373, 369, 372, 373, 373, 373,
    369, 370, 373, 369, 370, 370, 373 ]
LHandPositionsY: [ 232, 231, 232, 232, 233, 230, 231, 230, 233, 232, 232,
    230, 234, 231, 230, 233, 231, 230, 234, 234, 231, 234, 233, 232, 231,
    233, 232, 231, 231, 231, 234, 233, 231, 232, 230, 234, 233, 230, 234,
    234, 234, 231, 230, 230, 234, 233, 230, 230, 230, 230, 232, 232, 231,
    230, 232, 229, 230, 229, 232, 233, 229, 231, 233, 231, 231, 233, 232,
    231, 231, 233, 231, 233, 230, 232, 233, 233, 233, 232, 231, 231, 229,
    230, 232, 230, 229, 230, 231, 230 ]
RHandPositionsX: [ 171, 171, 168, 171, 167, 168, 169, 168, 167, 170, 171,
    168, 170, 170, 168, 169, 169, 166, 165, 153, 155, 146, 137, 133, 124,
    125, 117, 124, 123, 125, 129, 129, 135, 141, 145, 141, 139, 135, 137,
    138, 143, 143, 147, 149, 149, 147, 146, 148, 147, 147, 151, 150, 150,
    150, 147, 147, 146, 145, 146, 152, 152, 158, 155, 151, 155, 153, 151,
    154, 150, 161, 168, 170, 176, 177, 177, 176, 176, 176, 170, 172, 173,
    168, 172, 170, 168, 168, 168, 171 ]
RHandPositionsY: [ 267, 267, 265, 269, 267, 266, 265, 266, 266, 267, 268,
    265, 268, 266, 267, 266, 267, 264, 257, 242, 221, 198, 176, 158, 142,
    130, 116, 115, 109, 107, 104, 104, 97, 97, 93, 93, 94, 88, 91, 89,
    87, 88, 92, 88, 86, 88, 86, 85, 89, 87, 86, 90, 90, 86, 89, 85, 85,
    87, 86, 90, 93, 90, 87, 87, 86, 90, 90, 94, 102, 117, 135, 146, 158,
    172, 186, 190, 195, 202, 213, 216, 225, 222, 225, 232, 238, 235, 235,
    236 ]
