%YAML:1.0
---
videoName: "RHShake19.mp4"
gestureLabel: 2
fps: 29
pixelSizeInCmTemp: 3.2808219178082193e-01
faceCenterPointX: 283
faceCenterPointY: 48
LHandPositionsX: [ 392, 388, 390, 388, 388, 391, 392, 388, 390, 388, 391,
    390, 391, 392, 389, 392, 388, 389, 388, 391, 390, 388, 392, 388, 388,
    390, 392, 388, 390, 390, 390, 388, 392, 392, 391, 392, 388, 390, 391,
    391, 392, 391, 392, 389, 392, 388, 390, 392, 390, 390, 388, 390, 389,
    391, 390, 392, 388, 389, 392, 391, 390, 391, 388, 392, 392, 392, 388,
    391, 392, 390, 391, 388, 390, 391, 388, 391, 388, 390, 391, 391, 390,
    391, 392, 390, 390, 389, 388, 391 ]
LHandPositionsY: [ 241, 240, 244, 242, 240, 241, 243, 243, 240, 244, 242,
    242, 240, 243, 243, 241, 243, 240, 242, 243, 243, 240, 242, 241, 241,
    240, 243, 244, 243, 241, 242, 244, 240, 240, 243, 240, 241, 243, 242,
    242, 241, 241, 241, 241, 244, 242, 244, 240, 242, 243, 244, 241, 242,
    241, 241, 242, 240, 241, 243, 244, 241, 240, 243, 240, 244, 244, 240,
    242, 244, 243, 242, 240, 244, 241, 243, 240, 244, 242, 244, 243, 244,
    240, 243, 242, 241, 242, 243, 241 ]
RHandPositionsX: [ 156, 174, 181, 183, 188, 183, 177, 172, 166, 163, 163,
    160, 166, 177, 184, 181, 186, 178, 174, 168, 162, 160, 160, 164, 169,
    177, 173, 175, 169, 164, 163, 161, 157, 163, 169, 180, 181, 176, 181,
    171, 167, 165, 162, 161, 161, 169, 178, 179, 180, 182, 177, 175, 169,
    168, 168, 171, 169, 180, 180, 181, 181, 178, 175, 171, 166, 167, 169,
    174, 181, 185, 188, 187, 189, 188, 183, 184, 184, 184, 179, 179, 182,
    181, 179, 181, 178, 178, 179, 181 ]
RHandPositionsY: [ 89, 90, 93, 96, 92, 91, 86, 81, 77, 76, 74, 72, 79,
    86, 91, 88, 88, 86, 80, 77, 76, 78, 73, 76, 85, 90, 93, 90, 86, 85,
    86, 83, 81, 84, 87, 91, 94, 96, 96, 90, 91, 86, 87, 82, 85, 84, 94,
    98, 100, 104, 99, 93, 96, 95, 94, 97, 102, 103, 109, 110, 104, 102,
    101, 100, 98, 101, 112, 124, 137, 151, 165, 174, 187, 193, 199, 208,
    217, 222, 230, 235, 234, 238, 238, 242, 242, 243, 240, 243 ]
