%YAML:1.0
---
videoName: "RHShake12.mp4"
gestureLabel: 2
fps: 29
pixelSizeInCmTemp: 3.3732394366197183e-01
faceCenterPointX: 299
faceCenterPointY: 45
LHandPositionsX: [ 406, 408, 408, 406, 406, 404, 405, 405, 405, 408, 408,
    406, 404, 407, 405, 407, 407, 408, 405, 406, 408, 407, 406, 408, 408,
    406, 408, 404, 405, 408, 406, 408, 407, 405, 404, 405, 406, 404, 408,
    405, 404, 408, 408, 408, 405, 408, 408, 404, 406, 407, 407, 407, 406,
    405, 406, 407, 408, 405, 408, 405, 404, 408, 407, 407, 407, 407, 405,
    406, 405, 405, 408, 408, 404, 406, 406, 405, 406, 406, 405, 407, 407,
    404, 405, 405, 408, 408, 406, 404 ]
LHandPositionsY: [ 241, 243, 241, 239, 241, 239, 242, 241, 240, 239, 239,
    240, 242, 242, 243, 243, 240, 242, 241, 241, 243, 241, 243, 243, 240,
    241, 239, 240, 241, 241, 241, 242, 240, 243, 243, 242, 239, 241, 239,
    239, 242, 242, 242, 241, 240, 239, 239, 242, 243, 242, 240, 239, 240,
    242, 240, 241, 240, 239, 240, 242, 243, 242, 241, 243, 243, 239, 242,
    239, 243, 239, 240, 239, 242, 243, 242, 240, 241, 243, 242, 242, 240,
    242, 243, 243, 242, 239, 243, 242 ]
RHandPositionsX: [ 167, 166, 163, 162, 163, 172, 183, 191, 192, 198, 195,
    185, 177, 172, 171, 166, 172, 179, 185, 188, 188, 183, 182, 174, 170,
    164, 170, 174, 186, 191, 192, 190, 184, 180, 174, 178, 171, 176, 181,
    193, 198, 194, 183, 179, 173, 177, 171, 171, 180, 190, 190, 195, 195,
    190, 183, 180, 176, 176, 171, 177, 183, 191, 198, 198, 205, 200, 197,
    190, 187, 186, 183, 184, 187, 192, 199, 196, 197, 199, 200, 204, 201,
    200, 196, 197, 197, 198, 201, 199 ]
RHandPositionsY: [ 137, 129, 119, 112, 106, 92, 94, 106, 106, 110, 99,
    92, 93, 88, 89, 84, 85, 87, 103, 101, 107, 96, 91, 86, 88, 82, 83,
    90, 100, 112, 112, 107, 100, 98, 91, 93, 91, 86, 95, 112, 115, 115,
    104, 97, 97, 94, 88, 87, 92, 111, 112, 112, 112, 100, 94, 92, 90, 88,
    86, 87, 93, 108, 121, 119, 118, 118, 112, 106, 110, 113, 118, 123,
    135, 146, 158, 165, 167, 175, 185, 194, 202, 209, 217, 221, 221, 227,
    229, 229 ]
