%YAML:1.0
---
videoName: "RHShake07.mp4"
gestureLabel: 2
fps: 29
pixelSizeInCmTemp: 3.2364864864864862e-01
faceCenterPointX: 292
faceCenterPointY: 44
LHandPositionsX: [ 310, 310, 306, 308, 307, 308, 308, 310, 306, 307, 309,
    311, 311, 310, 309, 310, 312, 314, 312, 310, 313, 314, 314, 314, 314,
    312, 310, 314, 311, 311, 312, 311, 313, 312, 312, 315, 314, 313, 316,
    315, 312, 315, 316, 313, 314, 313, 314, 313, 314, 313, 316, 312, 314,
    312, 314, 312, 312, 313, 313, 316, 314, 316, 313, 315, 313, 315, 314,
    315, 313, 313, 314, 315, 316, 316, 317, 314, 313, 314, 315, 313, 311,
    309, 312, 311, 310, 309, 312, 311 ]
LHandPositionsY: [ 268, 269, 270, 269, 268, 267, 270, 268, 274, 273, 271,
    269, 273, 269, 272, 272, 269, 268, 271, 268, 269, 269, 267, 270, 270,
    269, 270, 270, 269, 269, 267, 271, 268, 269, 267, 269, 269, 271, 267,
    267, 267, 267, 271, 269, 271, 269, 267, 268, 270, 268, 269, 271, 269,
    268, 270, 271, 269, 269, 267, 271, 270, 268, 268, 271, 267, 271, 269,
    271, 269, 271, 267, 267, 266, 268, 267, 267, 266, 268, 269, 269, 271,
    272, 270, 273, 274, 272, 273, 271 ]
RHandPositionsX: [ 267, 267, 267, 263, 264, 265, 265, 269, 264, 271, 268,
    265, 253, 238, 218, 198, 179, 164, 153, 154, 159, 155, 158, 160, 164,
    181, 192, 184, 177, 168, 165, 167, 181, 180, 185, 184, 183, 177, 170,
    166, 172, 172, 183, 184, 184, 183, 175, 171, 167, 167, 167, 184, 187,
    199, 194, 189, 184, 176, 168, 168, 165, 167, 169, 172, 174, 182, 177,
    177, 174, 168, 158, 169, 180, 194, 215, 232, 245, 256, 270, 279, 271,
    273, 268, 265, 265, 265, 265, 268 ]
RHandPositionsY: [ 252, 253, 255, 254, 253, 253, 251, 252, 254, 256, 250,
    244, 231, 220, 201, 184, 168, 155, 135, 129, 128, 112, 122, 124, 127,
    115, 105, 101, 94, 91, 86, 90, 109, 102, 104, 98, 94, 96, 95, 91, 92,
    96, 98, 97, 99, 94, 96, 92, 92, 85, 84, 92, 94, 101, 100, 98, 96, 93,
    89, 86, 87, 89, 93, 92, 91, 94, 90, 87, 90, 91, 92, 117, 138, 151,
    167, 185, 207, 226, 237, 243, 245, 247, 250, 251, 255, 256, 254, 256 ]
