%YAML:1.0
---
videoName: "RHShake14.mp4"
gestureLabel: 2
fps: 30
pixelSizeInCmTemp: 3.2808219178082193e-01
faceCenterPointX: 277
faceCenterPointY: 42
LHandPositionsX: [ 378, 378, 376, 378, 375, 379, 375, 377, 379, 377, 378,
    376, 374, 377, 373, 375, 373, 375, 374, 374, 373, 376, 376, 374, 375,
    372, 372, 374, 374, 373, 376, 374, 372, 373, 372, 372, 374, 373, 373,
    376, 373, 372, 372, 374, 373, 374, 375, 372, 374, 373, 375, 373, 376,
    373, 372, 372, 374, 372, 376, 372, 372, 376, 375, 376, 372, 373, 375,
    374, 372, 375, 372, 373, 374, 372, 374, 373, 375, 372, 375, 376, 375,
    376, 372, 372, 375, 373, 374, 376, 375, 373, 374 ]
LHandPositionsY: [ 229, 230, 230, 233, 232, 229, 232, 233, 233, 231, 229,
    232, 231, 229, 229, 230, 230, 229, 233, 229, 231, 233, 230, 232, 231,
    233, 231, 230, 233, 230, 230, 229, 232, 232, 229, 233, 231, 232, 233,
    230, 232, 230, 230, 230, 230, 230, 231, 230, 230, 229, 233, 230, 230,
    230, 233, 232, 230, 232, 232, 232, 233, 233, 230, 231, 229, 231, 230,
    232, 230, 233, 230, 231, 233, 229, 231, 232, 233, 230, 233, 230, 232,
    233, 233, 230, 231, 233, 230, 233, 233, 229, 231 ]
RHandPositionsX: [ 174, 170, 172, 171, 172, 171, 172, 171, 171, 170, 173,
    170, 171, 170, 172, 174, 170, 174, 171, 174, 172, 172, 173, 170, 170,
    174, 170, 168, 160, 149, 136, 128, 123, 116, 115, 122, 128, 132, 134,
    138, 145, 147, 145, 142, 148, 144, 148, 153, 155, 161, 158, 157, 155,
    153, 155, 155, 159, 168, 167, 162, 156, 156, 156, 159, 157, 164, 165,
    171, 173, 176, 176, 176, 177, 180, 175, 172, 177, 178, 176, 171, 171,
    171, 174, 170, 174, 171, 173, 172, 171, 174, 170 ]
RHandPositionsY: [ 242, 243, 239, 242, 242, 240, 241, 241, 243, 240, 242,
    243, 241, 243, 240, 243, 240, 241, 242, 239, 240, 243, 242, 240, 240,
    244, 244, 235, 215, 194, 175, 155, 135, 114, 113, 110, 106, 110, 116,
    114, 118, 104, 99, 93, 87, 85, 84, 86, 85, 82, 78, 79, 78, 77, 76,
    75, 80, 80, 79, 77, 77, 77, 75, 75, 77, 84, 88, 105, 119, 131, 146,
    158, 168, 182, 194, 195, 199, 203, 211, 216, 219, 220, 224, 226, 234,
    231, 232, 234, 235, 235, 237 ]
