%YAML:1.0
---
videoName: "RHShake14.mp4"
gestureLabel: 2
fps: 30
pixelSizeInCmTemp: 3.2808219178082193e-01
faceCenterPointX: 277
faceCenterPointY: 42
LHandPositionsX: [ 378, 379, 376, 379, 376, 375, 378, 376, 378, 376, 377,
    376, 378, 375, 376, 374, 373, 373, 375, 372, 372, 374, 376, 375, 375,
    372, 374, 374, 375, 373, 372, 376, 374, 376, 372, 375, 373, 373, 375,
    376, 375, 374, 375, 374, 373, 373, 375, 376, 373, 374, 375, 375, 376,
    375, 372, 372, 372, 375, 374, 376, 374, 374, 372, 372, 376, 375, 374,
    375, 374, 372, 372, 373, 374, 372, 374, 374, 372, 376, 376, 372, 373,
    372, 376, 374, 375, 375, 372, 372, 373, 373, 372 ]
LHandPositionsY: [ 233, 231, 233, 231, 233, 231, 231, 231, 231, 232, 233,
    231, 230, 229, 231, 230, 230, 229, 229, 232, 232, 233, 232, 232, 231,
    230, 232, 232, 232, 231, 232, 229, 229, 231, 233, 233, 231, 229, 232,
    233, 233, 231, 229, 229, 229, 229, 233, 232, 231, 229, 231, 229, 230,
    232, 233, 232, 233, 233, 229, 230, 231, 231, 230, 230, 230, 233, 229,
    233, 231, 230, 231, 233, 233, 233, 231, 229, 232, 232, 230, 232, 229,
    229, 230, 231, 230, 229, 230, 229, 233, 232, 231 ]
RHandPositionsX: [ 171, 172, 170, 170, 170, 174, 173, 172, 174, 172, 171,
    172, 171, 173, 171, 170, 170, 172, 171, 170, 173, 171, 171, 170, 171,
    171, 169, 171, 157, 148, 136, 126, 121, 117, 116, 125, 126, 133, 133,
    138, 143, 146, 143, 143, 145, 148, 147, 152, 154, 159, 160, 159, 152,
    149, 156, 156, 159, 170, 170, 163, 158, 153, 160, 159, 155, 162, 164,
    172, 175, 179, 178, 178, 180, 180, 171, 171, 178, 178, 175, 174, 171,
    172, 170, 174, 172, 170, 171, 170, 174, 172, 174 ]
RHandPositionsY: [ 240, 240, 240, 242, 239, 242, 239, 240, 242, 241, 243,
    239, 240, 241, 243, 241, 243, 242, 242, 241, 239, 241, 241, 243, 239,
    245, 246, 233, 212, 194, 173, 153, 136, 115, 114, 111, 103, 112, 113,
    117, 116, 104, 99, 91, 90, 88, 87, 84, 82, 80, 79, 76, 77, 77, 78,
    75, 81, 81, 79, 76, 77, 75, 77, 79, 78, 81, 86, 106, 119, 132, 147,
    160, 170, 183, 194, 195, 198, 203, 213, 217, 216, 220, 223, 227, 234,
    234, 232, 232, 234, 235, 236 ]
