%YAML:1.0
---
videoName: "RHShake13.mp4"
gestureLabel: 2
fps: 30
pixelSizeInCmTemp: 3.2808219178082193e-01
faceCenterPointX: 278
faceCenterPointY: 45
LHandPositionsX: [ 306, 305, 308, 308, 308, 306, 308, 307, 309, 308, 305,
    309, 306, 306, 306, 308, 307, 307, 307, 309, 306, 305, 305, 309, 309,
    306, 306, 309, 308, 306, 309, 308, 308, 305, 306, 309, 308, 309, 305,
    309, 308, 305, 306, 306, 308, 306, 306, 305, 305, 307, 307, 305, 308,
    306, 305, 306, 307, 308, 306, 306, 308, 306, 307, 307, 308, 308, 306,
    309, 306, 307, 306, 308, 306, 309, 306, 309, 310, 306, 309, 305, 300,
    302, 303, 305, 305, 305, 306, 305, 303, 303, 307 ]
LHandPositionsY: [ 246, 245, 246, 241, 244, 241, 242, 245, 245, 241, 241,
    241, 244, 241, 242, 240, 243, 242, 240, 243, 241, 242, 243, 243, 243,
    240, 239, 242, 239, 239, 239, 239, 240, 239, 239, 241, 240, 239, 238,
    239, 238, 239, 238, 238, 239, 238, 241, 239, 239, 238, 238, 240, 240,
    241, 239, 238, 239, 242, 242, 242, 239, 242, 242, 242, 239, 241, 239,
    239, 238, 240, 237, 239, 237, 236, 236, 238, 236, 236, 233, 235, 231,
    234, 236, 238, 237, 239, 245, 247, 245, 244, 244 ]
RHandPositionsX: [ 167, 151, 138, 138, 144, 140, 145, 141, 148, 149, 147,
    146, 142, 136, 137, 136, 142, 140, 144, 144, 139, 133, 129, 131, 132,
    131, 132, 139, 138, 137, 138, 130, 131, 131, 130, 132, 138, 138, 138,
    137, 134, 132, 132, 132, 136, 149, 149, 147, 148, 147, 142, 138, 136,
    138, 137, 142, 139, 142, 142, 137, 133, 131, 129, 131, 136, 141, 144,
    144, 156, 161, 171, 178, 189, 201, 211, 227, 239, 243, 252, 254, 253,
    253, 256, 257, 259, 258, 259, 259, 261, 257, 261 ]
RHandPositionsY: [ 156, 138, 118, 118, 115, 108, 106, 102, 96, 96, 92,
    92, 88, 86, 89, 85, 89, 90, 89, 86, 88, 88, 85, 86, 88, 88, 87, 92,
    92, 88, 88, 87, 87, 88, 90, 91, 93, 91, 92, 89, 91, 89, 90, 87, 93,
    95, 97, 97, 92, 93, 91, 91, 92, 95, 98, 101, 97, 100, 99, 100, 96,
    94, 98, 95, 102, 102, 110, 108, 118, 127, 137, 147, 155, 165, 176,
    188, 200, 210, 215, 215, 215, 219, 229, 233, 234, 239, 239, 240, 240,
    241, 241 ]
