%YAML:1.0
---
videoName: "RHShake00.mp4"
gestureLabel: 2
fps: 29
pixelSizeInCmTemp: 3.4710144927536229e-01
faceCenterPointX: 283
faceCenterPointY: 97
LHandPositionsX: [ 346, 342, 345, 346, 345, 344, 344, 346, 343, 344, 343,
    344, 343, 346, 344, 346, 345, 342, 343, 342, 342, 344, 343, 342, 345,
    346, 345, 344, 344, 342, 344, 346, 342, 344, 346, 342, 343, 342, 345,
    345, 345, 343, 345, 346, 345, 344, 343, 343, 345, 343, 344, 344, 343,
    342, 344, 343, 342, 344, 344, 342, 343, 345, 345, 345, 345, 342, 346,
    345, 346, 345, 344, 344, 342, 346, 342, 345, 344, 344, 344, 344, 345,
    344, 345, 346, 342, 342, 346, 345 ]
LHandPositionsY: [ 273, 272, 274, 274, 276, 274, 272, 275, 272, 276, 272,
    274, 276, 276, 273, 275, 275, 273, 275, 275, 272, 273, 274, 276, 275,
    275, 273, 273, 272, 272, 274, 275, 276, 273, 272, 275, 272, 273, 272,
    272, 276, 275, 273, 275, 272, 275, 272, 273, 276, 273, 276, 273, 276,
    272, 276, 276, 274, 272, 272, 273, 275, 272, 274, 272, 272, 272, 274,
    274, 272, 275, 274, 275, 276, 275, 274, 274, 273, 274, 272, 276, 274,
    273, 273, 276, 274, 275, 274, 274 ]
RHandPositionsX: [ 179, 171, 165, 154, 148, 144, 148, 143, 144, 144, 143,
    149, 151, 169, 168, 165, 168, 169, 166, 160, 151, 151, 146, 149, 155,
    163, 166, 164, 166, 165, 158, 150, 148, 145, 150, 156, 161, 163, 166,
    163, 164, 155, 149, 141, 141, 148, 151, 150, 156, 156, 160, 164, 157,
    148, 145, 143, 146, 151, 157, 162, 159, 163, 166, 162, 156, 153, 146,
    141, 142, 148, 149, 152, 158, 158, 163, 167, 170, 176, 176, 182, 184,
    188, 188, 192, 193, 197, 196, 195 ]
RHandPositionsY: [ 258, 251, 242, 218, 200, 186, 178, 170, 160, 149, 142,
    138, 134, 133, 137, 138, 136, 130, 126, 123, 124, 120, 119, 122, 125,
    131, 132, 132, 135, 129, 127, 125, 128, 123, 133, 135, 139, 142, 140,
    136, 138, 136, 132, 129, 131, 133, 134, 136, 138, 139, 140, 142, 133,
    129, 131, 131, 134, 131, 137, 145, 148, 144, 149, 144, 143, 136, 136,
    136, 139, 148, 158, 164, 167, 173, 180, 190, 197, 206, 214, 219, 227,
    238, 242, 247, 254, 257, 260, 262 ]
