%YAML:1.0
---
videoName: "RHShake17.mp4"
gestureLabel: 2
fps: 29
pixelSizeInCmTemp: 3.3732394366197183e-01
faceCenterPointX: 282
faceCenterPointY: 40
LHandPositionsX: [ 307, 305, 308, 308, 305, 306, 306, 309, 306, 309, 307,
    305, 309, 307, 309, 309, 307, 307, 309, 308, 305, 307, 307, 309, 309,
    309, 305, 309, 308, 309, 307, 305, 308, 305, 309, 309, 305, 306, 309,
    306, 308, 307, 309, 306, 307, 306, 310, 310, 308, 306, 311, 310, 307,
    308, 311, 307, 307, 311, 308, 310, 307, 311, 309, 310, 309, 309, 310,
    310, 309, 311, 308, 310, 306, 306, 309, 309, 309, 306, 306, 308, 305,
    306, 308, 307, 306, 308, 308, 309 ]
LHandPositionsY: [ 232, 235, 231, 233, 235, 233, 232, 234, 233, 232, 231,
    231, 235, 235, 232, 235, 235, 235, 232, 234, 235, 233, 232, 233, 231,
    235, 235, 231, 235, 232, 231, 232, 231, 232, 232, 232, 232, 232, 231,
    232, 233, 232, 235, 233, 233, 233, 231, 232, 233, 232, 235, 234, 231,
    235, 231, 234, 232, 233, 231, 233, 231, 233, 234, 235, 233, 234, 233,
    235, 232, 231, 233, 233, 231, 233, 233, 234, 231, 233, 234, 233, 232,
    231, 234, 231, 234, 235, 232, 231 ]
RHandPositionsX: [ 213, 197, 175, 162, 140, 144, 146, 145, 145, 140, 144,
    151, 157, 152, 147, 146, 141, 141, 141, 145, 164, 159, 156, 153, 149,
    149, 145, 141, 149, 153, 153, 161, 160, 153, 147, 143, 144, 139, 140,
    156, 151, 152, 154, 159, 152, 151, 147, 151, 155, 155, 173, 171, 165,
    162, 157, 155, 148, 153, 148, 151, 152, 164, 171, 175, 176, 177, 176,
    175, 174, 168, 176, 173, 167, 170, 167, 166, 171, 169, 168, 170, 171,
    169, 167, 167, 168, 166, 170, 166 ]
RHandPositionsY: [ 203, 185, 170, 151, 129, 112, 108, 103, 94, 90, 98,
    89, 84, 79, 75, 71, 68, 70, 70, 73, 77, 74, 75, 72, 68, 65, 66, 69,
    65, 66, 68, 69, 67, 66, 65, 67, 64, 63, 66, 83, 80, 80, 82, 77, 75,
    73, 74, 73, 75, 75, 91, 91, 87, 80, 81, 77, 81, 79, 78, 81, 91, 105,
    118, 132, 148, 160, 170, 182, 191, 195, 206, 214, 220, 229, 234, 232,
    240, 239, 241, 238, 240, 241, 242, 240, 242, 245, 247, 244 ]
