%YAML:1.0
---
videoName: "RHShake04.mp4"
gestureLabel: 2
fps: 29
pixelSizeInCmTemp: 3.1513157894736843e-01
faceCenterPointX: 292
faceCenterPointY: 47
LHandPositionsX: [ 412, 413, 413, 413, 413, 410, 410, 408, 410, 412, 412,
    413, 410, 412, 409, 408, 408, 412, 409, 409, 411, 410, 408, 410, 406,
    408, 405, 406, 409, 406, 408, 406, 406, 406, 407, 408, 409, 407, 408,
    405, 406, 406, 405, 409, 409, 408, 407, 406, 408, 408, 407, 409, 406,
    408, 407, 405, 408, 405, 406, 408, 405, 408, 403, 403, 406, 403, 406,
    405, 406, 406, 405, 406, 405, 405, 403, 403, 406, 405, 402, 401, 403,
    405, 403, 405, 403, 402, 404, 403 ]
LHandPositionsY: [ 266, 262, 263, 266, 263, 263, 262, 262, 265, 262, 262,
    262, 262, 263, 262, 264, 262, 261, 264, 261, 260, 263, 262, 261, 263,
    264, 262, 263, 261, 264, 261, 263, 264, 264, 263, 264, 260, 262, 260,
    261, 262, 262, 262, 262, 263, 264, 263, 263, 264, 261, 263, 262, 263,
    261, 260, 264, 263, 264, 263, 261, 262, 260, 263, 260, 260, 261, 263,
    262, 262, 260, 260, 262, 258, 259, 260, 261, 262, 258, 259, 259, 259,
    258, 261, 261, 257, 258, 257, 259 ]
RHandPositionsX: [ 179, 181, 179, 182, 182, 181, 180, 178, 181, 178, 179,
    179, 178, 177, 178, 178, 179, 179, 175, 179, 179, 176, 178, 181, 180,
    177, 170, 166, 161, 165, 166, 165, 179, 188, 192, 188, 189, 181, 174,
    168, 167, 166, 173, 177, 176, 178, 180, 174, 169, 165, 165, 171, 179,
    179, 180, 178, 174, 173, 167, 173, 169, 176, 177, 185, 195, 188, 181,
    176, 171, 173, 170, 169, 173, 174, 183, 191, 194, 193, 192, 190, 188,
    186, 183, 181, 177, 176, 176, 176 ]
RHandPositionsY: [ 264, 265, 265, 264, 266, 264, 264, 264, 268, 269, 264,
    268, 267, 267, 270, 266, 270, 270, 269, 270, 270, 274, 267, 248, 224,
    197, 171, 150, 127, 123, 118, 103, 96, 102, 105, 102, 97, 93, 95, 91,
    88, 92, 94, 97, 96, 95, 97, 94, 95, 94, 93, 93, 97, 99, 97, 95, 94,
    96, 93, 89, 92, 96, 96, 95, 96, 97, 96, 93, 94, 94, 95, 95, 98, 109,
    122, 132, 141, 153, 163, 178, 193, 211, 221, 228, 237, 246, 247, 247 ]
