%YAML:1.0
---
videoName: "RHShake12.mp4"
gestureLabel: 2
fps: 29
pixelSizeInCmTemp: 3.3732394366197183e-01
faceCenterPointX: 299
faceCenterPointY: 45
LHandPositionsX: [ 406, 407, 408, 406, 408, 404, 405, 408, 408, 407, 408,
    406, 404, 404, 406, 405, 407, 406, 405, 408, 407, 406, 406, 405, 408,
    408, 405, 405, 407, 405, 405, 404, 406, 405, 404, 407, 408, 404, 407,
    405, 408, 404, 405, 404, 408, 407, 404, 404, 406, 405, 404, 408, 405,
    408, 405, 406, 406, 407, 404, 408, 408, 405, 404, 407, 408, 405, 407,
    404, 407, 406, 404, 405, 406, 406, 408, 405, 404, 404, 407, 404, 405,
    408, 405, 406, 405, 405, 404, 404 ]
LHandPositionsY: [ 239, 240, 242, 242, 239, 240, 243, 240, 243, 243, 242,
    242, 239, 239, 239, 241, 239, 241, 242, 241, 242, 240, 239, 242, 240,
    240, 239, 242, 243, 243, 242, 242, 241, 241, 243, 239, 243, 240, 242,
    239, 240, 241, 239, 243, 242, 239, 242, 240, 240, 239, 240, 240, 241,
    239, 240, 239, 242, 240, 241, 241, 242, 242, 242, 239, 240, 241, 240,
    242, 243, 240, 239, 239, 241, 239, 239, 243, 240, 239, 241, 241, 239,
    240, 240, 240, 241, 240, 243, 240 ]
RHandPositionsX: [ 167, 165, 162, 164, 164, 171, 179, 192, 194, 198, 193,
    184, 179, 174, 170, 166, 172, 179, 186, 186, 188, 182, 182, 173, 168,
    165, 170, 176, 187, 194, 191, 190, 184, 181, 174, 174, 172, 174, 178,
    192, 194, 193, 186, 181, 176, 174, 170, 173, 182, 190, 194, 194, 197,
    190, 186, 181, 177, 174, 175, 176, 182, 192, 200, 200, 201, 202, 194,
    188, 189, 186, 186, 185, 188, 193, 198, 197, 197, 200, 201, 204, 198,
    201, 198, 196, 200, 197, 202, 198 ]
RHandPositionsY: [ 141, 126, 120, 113, 107, 91, 97, 103, 108, 111, 103,
    95, 92, 91, 91, 86, 82, 89, 102, 104, 108, 97, 89, 89, 89, 83, 81,
    92, 99, 113, 109, 109, 101, 96, 93, 92, 88, 87, 97, 110, 114, 113,
    105, 101, 93, 97, 89, 89, 93, 111, 113, 114, 112, 100, 91, 91, 91,
    88, 89, 86, 92, 109, 122, 120, 122, 119, 110, 107, 113, 114, 117,
    124, 138, 146, 159, 163, 167, 175, 187, 194, 203, 208, 215, 220, 222,
    228, 231, 228 ]
