%YAML:1.0
---
videoName: "RHShake20.mp4"
gestureLabel: 2
fps: 29
pixelSizeInCmTemp: 3.3263888888888887e-01
faceCenterPointX: 286
faceCenterPointY: 45
LHandPositionsX: [ 392, 394, 394, 391, 393, 391, 390, 394, 392, 392, 393,
    390, 391, 390, 392, 390, 391, 392, 394, 391, 392, 394, 392, 391, 390,
    394, 394, 392, 392, 394, 390, 390, 393, 393, 392, 393, 391, 391, 393,
    390, 391, 394, 392, 390, 390, 394, 392, 392, 393, 391, 394, 391, 392,
    392, 394, 392, 390, 390, 392, 390, 391, 392, 394, 391, 391, 391, 394,
    390, 392, 390, 393, 392, 392, 393, 390, 391, 393, 390, 391, 391, 391,
    391, 393, 392, 393, 390, 394, 392 ]
LHandPositionsY: [ 243, 242, 242, 244, 243, 243, 245, 244, 241, 244, 240,
    244, 242, 241, 240, 239, 242, 241, 239, 243, 242, 242, 243, 242, 241,
    243, 241, 243, 241, 239, 243, 240, 240, 240, 239, 240, 240, 241, 243,
    239, 242, 239, 242, 243, 243, 241, 242, 239, 243, 241, 241, 243, 239,
    240, 242, 239, 239, 243, 242, 239, 241, 243, 242, 242, 241, 240, 243,
    243, 242, 243, 242, 241, 240, 241, 242, 243, 240, 239, 243, 239, 242,
    241, 239, 241, 243, 240, 239, 243 ]
RHandPositionsX: [ 164, 159, 161, 157, 153, 156, 150, 155, 155, 156, 161,
    159, 161, 157, 151, 150, 147, 151, 159, 162, 161, 161, 157, 154, 155,
    153, 152, 153, 160, 163, 162, 159, 155, 152, 155, 153, 152, 149, 160,
    168, 167, 165, 164, 163, 156, 152, 151, 152, 159, 163, 168, 165, 164,
    166, 166, 170, 163, 163, 160, 158, 161, 166, 173, 178, 180, 186, 187,
    185, 186, 181, 184, 182, 178, 180, 177, 180, 181, 180, 180, 177, 179,
    180, 179, 176, 176, 178, 177, 176 ]
RHandPositionsY: [ 108, 109, 105, 102, 100, 101, 97, 97, 101, 100, 103,
    102, 97, 100, 95, 99, 101, 103, 113, 115, 116, 114, 113, 110, 108,
    108, 105, 111, 119, 116, 117, 114, 111, 109, 106, 106, 104, 106, 116,
    121, 120, 121, 121, 116, 113, 112, 111, 109, 109, 119, 122, 122, 121,
    127, 122, 118, 116, 115, 114, 110, 115, 124, 132, 138, 146, 154, 167,
    176, 187, 191, 200, 211, 220, 228, 233, 233, 240, 239, 243, 242, 245,
    243, 244, 245, 247, 244, 247, 245 ]
