%YAML:1.0
---
videoName: "RHShake04.mp4"
gestureLabel: 2
fps: 29
pixelSizeInCmTemp: 3.1513157894736843e-01
faceCenterPointX: 292
faceCenterPointY: 47
LHandPositionsX: [ 412, 412, 413, 409, 413, 412, 409, 410, 410, 410, 411,
    411, 409, 412, 410, 409, 408, 412, 409, 411, 407, 409, 408, 406, 410,
    406, 408, 407, 406, 405, 409, 406, 406, 406, 408, 406, 407, 405, 405,
    406, 405, 406, 409, 407, 406, 405, 409, 409, 409, 405, 407, 409, 406,
    408, 409, 405, 406, 406, 409, 407, 408, 406, 407, 407, 403, 406, 406,
    405, 405, 404, 405, 406, 404, 406, 402, 406, 406, 406, 406, 403, 403,
    403, 404, 401, 402, 401, 401, 404 ]
LHandPositionsY: [ 262, 264, 262, 262, 264, 262, 262, 263, 263, 262, 262,
    262, 264, 264, 264, 265, 262, 262, 261, 260, 264, 264, 263, 262, 260,
    263, 263, 262, 260, 263, 260, 261, 264, 263, 261, 264, 261, 261, 260,
    262, 263, 262, 260, 260, 260, 261, 264, 262, 264, 264, 262, 260, 262,
    264, 261, 261, 264, 260, 263, 260, 261, 260, 261, 263, 263, 260, 260,
    260, 262, 258, 261, 258, 260, 258, 258, 261, 260, 259, 262, 259, 258,
    259, 260, 259, 258, 257, 261, 260 ]
RHandPositionsX: [ 181, 178, 181, 181, 179, 182, 178, 180, 177, 178, 179,
    181, 177, 178, 179, 180, 178, 177, 178, 176, 179, 178, 178, 180, 180,
    176, 172, 167, 164, 164, 165, 168, 180, 186, 192, 191, 185, 182, 174,
    168, 166, 169, 171, 173, 179, 178, 183, 172, 166, 166, 166, 172, 175,
    178, 178, 180, 176, 169, 169, 171, 170, 173, 176, 181, 195, 189, 184,
    179, 175, 174, 172, 168, 170, 175, 185, 188, 192, 193, 188, 190, 187,
    187, 183, 180, 176, 173, 177, 173 ]
RHandPositionsY: [ 264, 268, 264, 264, 265, 266, 266, 263, 265, 266, 264,
    266, 269, 270, 270, 266, 267, 269, 267, 271, 271, 272, 269, 244, 225,
    196, 170, 146, 125, 123, 121, 103, 99, 103, 105, 100, 98, 93, 94, 92,
    89, 89, 93, 94, 99, 98, 93, 96, 95, 94, 91, 95, 97, 99, 96, 95, 94,
    96, 92, 92, 92, 96, 98, 95, 96, 93, 97, 97, 94, 95, 96, 97, 98, 108,
    120, 134, 143, 150, 166, 179, 194, 209, 224, 230, 236, 243, 250, 251 ]
