%YAML:1.0
---
videoName: "RHShake14.mp4"
gestureLabel: 2
fps: 30
pixelSizeInCmTemp: 3.2808219178082193e-01
faceCenterPointX: 277
faceCenterPointY: 42
LHandPositionsX: [ 375, 376, 377, 375, 379, 379, 379, 377, 378, 375, 378,
    376, 376, 378, 377, 374, 373, 375, 374, 372, 372, 373, 374, 376, 376,
    372, 376, 372, 376, 374, 372, 375, 374, 374, 374, 374, 376, 375, 374,
    373, 372, 375, 373, 373, 376, 375, 373, 374, 374, 376, 374, 376, 373,
    374, 373, 374, 375, 374, 375, 372, 375, 372, 376, 375, 376, 373, 373,
    375, 375, 376, 372, 376, 373, 375, 374, 375, 372, 376, 372, 374, 373,
    374, 374, 376, 373, 373, 372, 376, 375, 375, 372 ]
LHandPositionsY: [ 232, 231, 229, 233, 230, 233, 231, 229, 231, 230, 231,
    233, 230, 231, 229, 232, 230, 230, 232, 233, 232, 229, 230, 229, 231,
    231, 231, 229, 230, 231, 230, 233, 232, 233, 229, 231, 231, 230, 230,
    229, 232, 233, 230, 233, 229, 233, 233, 231, 231, 233, 232, 232, 232,
    231, 231, 230, 229, 231, 231, 231, 229, 232, 232, 233, 231, 230, 233,
    231, 230, 233, 231, 232, 233, 231, 229, 231, 230, 231, 233, 229, 230,
    232, 229, 229, 232, 232, 232, 233, 232, 229, 231 ]
RHandPositionsX: [ 173, 170, 170, 170, 172, 170, 174, 172, 171, 170, 170,
    170, 171, 171, 173, 170, 170, 170, 173, 171, 170, 173, 173, 172, 170,
    172, 168, 171, 159, 149, 138, 125, 124, 114, 119, 125, 127, 133, 137,
    139, 142, 146, 146, 141, 144, 146, 149, 152, 157, 162, 157, 159, 154,
    153, 157, 155, 160, 166, 169, 161, 159, 154, 156, 155, 159, 162, 162,
    169, 176, 179, 177, 177, 180, 181, 171, 174, 179, 181, 174, 171, 175,
    170, 170, 171, 174, 174, 171, 172, 170, 171, 172 ]
RHandPositionsY: [ 243, 241, 239, 242, 239, 240, 239, 241, 242, 243, 242,
    242, 242, 239, 240, 243, 242, 239, 242, 239, 241, 239, 240, 243, 240,
    245, 246, 235, 215, 197, 175, 155, 136, 114, 113, 108, 102, 109, 115,
    117, 118, 106, 99, 94, 90, 84, 87, 85, 82, 84, 80, 76, 75, 76, 77,
    77, 78, 83, 81, 80, 80, 78, 76, 76, 80, 82, 84, 105, 120, 134, 144,
    159, 169, 183, 194, 196, 200, 201, 211, 219, 218, 223, 222, 228, 235,
    232, 232, 235, 235, 233, 237 ]
