%YAML:1.0
---
videoName: "RHShake14.mp4"
gestureLabel: 2
fps: 30
pixelSizeInCmTemp: 3.2808219178082193e-01
faceCenterPointX: 277
faceCenterPointY: 42
LHandPositionsX: [ 377, 377, 379, 376, 375, 377, 377, 378, 377, 376, 379,
    374, 375, 374, 376, 373, 376, 373, 375, 376, 375, 372, 372, 372, 374,
    375, 374, 375, 373, 372, 375, 373, 374, 375, 372, 376, 376, 376, 375,
    376, 376, 373, 372, 375, 375, 375, 372, 375, 373, 373, 373, 374, 375,
    374, 372, 375, 376, 376, 375, 375, 373, 375, 372, 373, 376, 374, 373,
    375, 375, 376, 376, 375, 373, 376, 376, 374, 375, 372, 372, 375, 372,
    372, 374, 374, 372, 375, 373, 373, 375, 374, 373 ]
LHandPositionsY: [ 230, 233, 232, 231, 229, 231, 233, 230, 231, 229, 233,
    231, 233, 231, 232, 230, 229, 230, 233, 229, 233, 229, 233, 229, 229,
    231, 229, 229, 233, 230, 233, 231, 231, 231, 231, 232, 232, 229, 232,
    232, 229, 229, 231, 232, 229, 230, 231, 233, 231, 232, 231, 232, 233,
    232, 229, 229, 232, 231, 230, 229, 233, 229, 233, 229, 230, 230, 233,
    232, 232, 232, 230, 229, 232, 229, 229, 230, 231, 233, 229, 229, 230,
    233, 232, 233, 232, 230, 233, 233, 233, 231, 229 ]
RHandPositionsX: [ 174, 170, 170, 170, 174, 172, 170, 172, 174, 172, 174,
    173, 173, 171, 170, 171, 172, 171, 172, 174, 172, 174, 172, 171, 170,
    170, 170, 167, 157, 147, 137, 127, 122, 115, 119, 121, 127, 132, 136,
    141, 144, 148, 144, 142, 144, 145, 147, 151, 156, 161, 159, 157, 152,
    150, 157, 157, 160, 170, 167, 164, 160, 154, 159, 156, 157, 162, 163,
    169, 173, 175, 178, 176, 176, 177, 173, 174, 175, 177, 173, 171, 173,
    170, 174, 173, 171, 173, 174, 170, 172, 172, 171 ]
RHandPositionsY: [ 239, 241, 240, 239, 240, 242, 240, 241, 240, 239, 239,
    243, 239, 242, 242, 240, 242, 243, 240, 243, 240, 240, 243, 243, 243,
    243, 247, 233, 215, 195, 174, 155, 133, 117, 115, 111, 102, 110, 116,
    114, 116, 106, 96, 91, 88, 84, 86, 84, 86, 80, 79, 80, 78, 77, 78,
    76, 78, 81, 81, 77, 79, 77, 74, 79, 79, 83, 84, 104, 120, 132, 146,
    156, 170, 181, 195, 195, 198, 202, 214, 218, 217, 224, 223, 226, 235,
    231, 234, 236, 235, 233, 238 ]
