%YAML:1.0
---
videoName: "RHShake19.mp4"
gestureLabel: 2
fps: 29
pixelSizeInCmTemp: 3.2808219178082193e-01
faceCenterPointX: 283
faceCenterPointY: 48
LHandPositionsX: [ 392, 392, 388, 392, 390, 389, 389, 390, 391, 388, 388,
    389, 391, 392, 388, 388, 388, 389, 392, 390, 389, 391, 389, 388, 388,
    388, 390, 390, 391, 391, 391, 392, 390, 389, 392, 389, 392, 388, 391,
    391, 390, 389, 392, 392, 388, 392, 390, 388, 391, 388, 388, 389, 391,
    391, 390, 390, 390, 389, 388, 389, 388, 392, 389, 388, 388, 390, 392,
    389, 390, 392, 390, 392, 389, 391, 390, 388, 391, 389, 391, 392, 390,
    389, 392, 388, 391, 392, 392, 390 ]
LHandPositionsY: [ 242, 244, 242, 244, 243, 243, 242, 241, 244, 240, 240,
    241, 242, 241, 243, 242, 244, 244, 244, 241, 240, 243, 241, 242, 241,
    242, 244, 241, 240, 242, 241, 244, 240, 241, 243, 243, 243, 243, 244,
    244, 244, 240, 240, 242, 243, 244, 243, 243, 242, 244, 242, 240, 241,
    241, 242, 240, 244, 244, 242, 243, 242, 241, 243, 242, 242, 241, 243,
    243, 242, 242, 240, 240, 243, 244, 244, 240, 241, 240, 242, 240, 243,
    242, 243, 240, 243, 242, 244, 244 ]
RHandPositionsX: [ 155, 175, 181, 184, 187, 185, 178, 169, 165, 164, 161,
    163, 167, 177, 185, 182, 185, 178, 174, 172, 164, 162, 159, 167, 171,
    177, 172, 174, 170, 163, 162, 157, 161, 166, 171, 179, 178, 180, 178,
    173, 170, 163, 162, 161, 161, 167, 178, 180, 177, 184, 179, 173, 170,
    170, 168, 167, 169, 179, 180, 180, 183, 179, 175, 170, 168, 166, 172,
    175, 178, 184, 185, 191, 191, 188, 187, 186, 183, 182, 182, 180, 180,
    181, 180, 178, 179, 181, 178, 181 ]
RHandPositionsY: [ 90, 94, 96, 96, 92, 92, 87, 83, 77, 78, 77, 73, 79,
    84, 88, 92, 90, 84, 79, 79, 77, 79, 74, 73, 82, 91, 90, 90, 88, 89,
    82, 85, 78, 84, 86, 92, 93, 97, 92, 94, 89, 85, 85, 84, 83, 85, 92,
    98, 103, 104, 102, 97, 97, 94, 95, 93, 101, 102, 108, 108, 104, 103,
    102, 99, 99, 100, 112, 123, 137, 150, 165, 175, 189, 193, 199, 212,
    218, 222, 231, 236, 237, 236, 238, 242, 241, 241, 242, 239 ]
