%YAML:1.0
---
videoName: "RHShake14.mp4"
gestureLabel: 2
fps: 30
pixelSizeInCmTemp: 3.2808219178082193e-01
faceCenterPointX: 277
faceCenterPointY: 42
LHandPositionsX: [ 379, 376, 375, 379, 375, 376, 378, 378, 375, 378, 375,
    374, 374, 375, 374, 376, 375, 374, 374, 375, 372, 372, 374, 374, 374,
    375, 374, 374, 373, 376, 372, 373, 376, 372, 372, 373, 375, 375, 373,
    375, 375, 372, 374, 373, 373, 376, 375, 372, 375, 373, 376, 372, 375,
    374, 375, 373, 376, 375, 374, 376, 375, 376, 372, 374, 372, 374, 372,
    375, 374, 376, 376, 373, 374, 373, 374, 375, 376, 372, 376, 375, 376,
    375, 373, 376, 375, 372, 373, 375, 372, 374, 376 ]
LHandPositionsY: [ 230, 232, 231, 232, 229, 231, 233, 233, 231, 231, 230,
    229, 232, 232, 230, 232, 230, 229, 233, 229, 233, 232, 229, 233, 232,
    229, 232, 230, 229, 233, 233, 232, 232, 230, 231, 232, 233, 229, 229,
    232, 231, 232, 231, 233, 233, 232, 229, 232, 232, 233, 229, 230, 229,
    229, 233, 232, 232, 230, 230, 233, 229, 233, 230, 232, 231, 230, 232,
    229, 229, 231, 230, 229, 233, 230, 231, 230, 230, 232, 230, 233, 230,
    230, 232, 230, 232, 232, 232, 233, 232, 229, 232 ]
RHandPositionsX: [ 170, 171, 172, 174, 171, 170, 171, 172, 171, 172, 172,
    173, 171, 174, 170, 172, 172, 173, 174, 172, 173, 172, 174, 174, 170,
    170, 167, 168, 158, 148, 138, 126, 123, 117, 115, 125, 127, 132, 134,
    140, 142, 146, 144, 144, 146, 145, 147, 153, 157, 160, 159, 156, 155,
    150, 155, 156, 159, 168, 170, 163, 159, 153, 158, 159, 157, 166, 162,
    170, 176, 179, 179, 177, 178, 177, 175, 170, 177, 177, 173, 174, 175,
    173, 173, 172, 170, 170, 171, 174, 172, 172, 172 ]
RHandPositionsY: [ 242, 242, 241, 242, 240, 239, 240, 243, 243, 243, 242,
    239, 242, 240, 242, 239, 242, 243, 241, 242, 243, 240, 241, 240, 242,
    244, 244, 232, 216, 196, 174, 154, 137, 114, 112, 107, 102, 108, 114,
    114, 117, 104, 98, 94, 90, 87, 86, 85, 86, 81, 80, 79, 79, 76, 76,
    75, 78, 84, 81, 77, 78, 78, 77, 79, 77, 82, 87, 108, 119, 132, 145,
    157, 171, 181, 194, 194, 197, 202, 214, 218, 217, 223, 223, 229, 234,
    234, 231, 234, 237, 235, 235 ]
