%YAML:1.0
---
videoName: "RHShake13.mp4"
gestureLabel: 2
fps: 30
pixelSizeInCmTemp: 3.2808219178082193e-01
faceCenterPointX: 278
faceCenterPointY: 45
LHandPositionsX: [ 306, 305, 308, 306, 308, 309, 306, 308, 307, 306, 307,
    305, 309, 305, 309, 305, 307, 308, 308, 305, 307, 305, 309, 306, 306,
    306, 307, 308, 309, 307, 308, 308, 308, 305, 306, 305, 305, 305, 309,
    308, 309, 306, 307, 307, 307, 308, 309, 306, 307, 307, 308, 306, 308,
    307, 305, 306, 307, 306, 309, 309, 308, 308, 305, 307, 306, 306, 306,
    308, 308, 305, 305, 306, 308, 310, 308, 307, 309, 310, 306, 306, 303,
    304, 302, 306, 304, 304, 307, 305, 306, 304, 305 ]
LHandPositionsY: [ 242, 243, 244, 244, 245, 244, 245, 245, 242, 245, 242,
    241, 241, 240, 244, 241, 241, 240, 242, 240, 240, 243, 239, 242, 243,
    242, 242, 239, 240, 239, 240, 239, 241, 242, 240, 239, 240, 242, 238,
    238, 241, 242, 239, 240, 241, 240, 240, 241, 242, 242, 238, 241, 240,
    240, 241, 241, 239, 240, 240, 238, 238, 242, 239, 240, 242, 242, 239,
    239, 242, 239, 237, 239, 237, 237, 237, 238, 234, 232, 236, 234, 231,
    232, 233, 236, 239, 242, 244, 243, 244, 245, 244 ]
RHandPositionsX: [ 168, 152, 136, 142, 142, 139, 141, 142, 147, 149, 147,
    148, 142, 134, 135, 136, 140, 141, 147, 141, 137, 134, 129, 131, 128,
    135, 134, 139, 140, 136, 137, 131, 128, 130, 131, 133, 135, 136, 135,
    137, 135, 136, 132, 134, 139, 148, 148, 149, 147, 148, 144, 140, 135,
    139, 138, 141, 140, 140, 143, 136, 135, 133, 132, 133, 136, 140, 145,
    146, 153, 162, 171, 176, 189, 201, 210, 227, 238, 246, 255, 253, 249,
    255, 257, 260, 259, 258, 258, 258, 261, 258, 259 ]
RHandPositionsY: [ 155, 138, 119, 116, 113, 108, 105, 101, 96, 96, 93,
    92, 90, 87, 86, 87, 86, 87, 88, 88, 89, 88, 88, 84, 88, 89, 87, 91,
    91, 91, 88, 91, 88, 88, 92, 88, 93, 93, 92, 92, 91, 88, 91, 89, 90,
    94, 97, 96, 95, 95, 91, 92, 95, 94, 94, 98, 99, 98, 100, 99, 99, 95,
    96, 97, 102, 106, 106, 109, 117, 129, 136, 143, 154, 167, 178, 190,
    199, 207, 215, 216, 219, 218, 227, 234, 238, 235, 241, 237, 239, 240,
    241 ]
