%YAML:1.0
---
videoName: "RHShake14.mp4"
gestureLabel: 2
fps: 30
pixelSizeInCmTemp: 3.2808219178082193e-01
faceCenterPointX: 277
faceCenterPointY: 42
LHandPositionsX: [ 379, 378, 378, 379, 379, 377, 377, 377, 375, 376, 375,
    374, 377, 378, 376, 376, 376, 374, 373, 375, 376, 375, 376, 373, 374,
    376, 376, 376, 372, 376, 375, 374, 376, 376, 372, 372, 375, 372, 375,
    375, 375, 372, 375, 372, 374, 374, 374, 374, 372, 374, 374, 373, 373,
    373, 375, 375, 375, 373, 375, 372, 372, 376, 374, 374, 372, 374, 372,
    375, 374, 373, 373, 372, 372, 373, 373, 376, 374, 375, 373, 375, 376,
    374, 374, 376, 374, 372, 375, 374, 374, 374, 373 ]
LHandPositionsY: [ 229, 233, 230, 233, 233, 231, 231, 230, 232, 233, 232,
    231, 232, 232, 233, 229, 230, 233, 230, 230, 231, 231, 229, 229, 232,
    230, 229, 230, 229, 232, 230, 230, 229, 232, 230, 232, 233, 229, 231,
    230, 229, 229, 229, 232, 230, 229, 232, 229, 232, 229, 232, 232, 232,
    232, 229, 233, 231, 230, 233, 230, 230, 233, 232, 233, 231, 229, 233,
    233, 232, 232, 229, 232, 229, 229, 230, 229, 231, 230, 233, 229, 233,
    231, 231, 231, 231, 233, 232, 229, 232, 233, 233 ]
RHandPositionsX: [ 174, 174, 174, 171, 172, 173, 170, 174, 171, 173, 174,
    173, 172, 174, 174, 173, 173, 174, 170, 171, 172, 173, 173, 171, 170,
    174, 169, 170, 159, 147, 138, 129, 121, 115, 115, 124, 128, 131, 134,
    137, 145, 145, 144, 145, 148, 145, 151, 152, 156, 163, 156, 157, 155,
    152, 154, 155, 160, 167, 168, 161, 158, 153, 160, 156, 157, 165, 165,
    171, 174, 176, 177, 179, 180, 178, 172, 172, 177, 178, 174, 175, 171,
    172, 174, 173, 174, 170, 171, 170, 171, 170, 174 ]
RHandPositionsY: [ 241, 239, 242, 239, 239, 241, 241, 243, 240, 242, 243,
    239, 242, 242, 239, 241, 239, 240, 239, 240, 243, 242, 239, 240, 241,
    245, 245, 234, 215, 193, 171, 153, 136, 116, 113, 108, 104, 110, 112,
    118, 115, 105, 97, 90, 86, 84, 84, 85, 83, 80, 79, 76, 75, 76, 76,
    75, 82, 80, 77, 79, 77, 78, 77, 79, 77, 81, 88, 107, 122, 134, 144,
    160, 168, 182, 194, 193, 200, 204, 214, 219, 217, 220, 222, 229, 232,
    234, 233, 235, 236, 237, 237 ]
