%YAML:1.0
---
videoName: "RHShake05.mp4"
gestureLabel: 2
fps: 30
pixelSizeInCmTemp: 3.1103896103896100e-01
faceCenterPointX: 295
faceCenterPointY: 47
LHandPositionsX: [ 408, 412, 410, 411, 408, 412, 408, 411, 409, 408, 410,
    412, 410, 408, 409, 412, 408, 411, 412, 411, 409, 411, 410, 412, 408,
    409, 409, 409, 409, 408, 412, 411, 411, 411, 412, 411, 408, 411, 410,
    409, 408, 411, 410, 412, 408, 409, 412, 412, 408, 408, 408, 408, 409,
    412, 411, 410, 412, 408, 412, 409, 411, 412, 408, 411, 408, 410, 409,
    408, 409, 408, 410, 411, 410, 410, 409, 411, 411, 410, 412, 412, 409,
    411, 411, 409, 408, 411, 410, 409, 412, 411, 410 ]
LHandPositionsY: [ 261, 260, 261, 259, 258, 258, 261, 258, 261, 261, 258,
    259, 259, 259, 257, 258, 261, 259, 257, 257, 257, 257, 260, 258, 260,
    257, 258, 259, 260, 259, 259, 258, 257, 260, 260, 257, 257, 258, 261,
    261, 259, 257, 259, 259, 259, 257, 261, 260, 259, 261, 257, 261, 261,
    260, 258, 259, 257, 257, 257, 257, 259, 257, 258, 259, 257, 257, 261,
    259, 261, 258, 260, 260, 261, 258, 257, 258, 260, 258, 258, 258, 257,
    258, 261, 258, 259, 258, 258, 260, 260, 261, 261 ]
RHandPositionsX: [ 176, 175, 176, 174, 176, 176, 175, 176, 175, 174, 176,
    173, 173, 175, 171, 175, 173, 174, 174, 171, 174, 173, 172, 175, 177,
    179, 182, 180, 175, 166, 148, 155, 153, 158, 162, 175, 191, 200, 190,
    184, 173, 172, 170, 169, 174, 180, 189, 183, 178, 172, 173, 167, 169,
    176, 178, 192, 185, 179, 173, 169, 166, 167, 176, 189, 190, 190, 185,
    181, 178, 182, 179, 180, 187, 194, 193, 192, 181, 173, 172, 173, 173,
    176, 182, 187, 191, 188, 182, 181, 179, 179, 178 ]
RHandPositionsY: [ 262, 262, 259, 261, 262, 258, 259, 259, 262, 259, 261,
    259, 261, 262, 258, 259, 258, 262, 260, 258, 259, 259, 263, 258, 259,
    252, 230, 208, 181, 157, 133, 126, 107, 90, 87, 89, 94, 93, 88, 84,
    82, 79, 77, 80, 83, 85, 81, 79, 78, 76, 76, 73, 77, 84, 87, 92, 88,
    85, 82, 80, 81, 83, 90, 90, 91, 92, 88, 85, 84, 85, 84, 87, 91, 93,
    94, 89, 90, 85, 87, 93, 111, 131, 159, 181, 204, 221, 227, 232, 244,
    248, 246 ]
