%YAML:1.0
---
videoName: "RHShake14.mp4"
gestureLabel: 2
fps: 30
pixelSizeInCmTemp: 3.2808219178082193e-01
faceCenterPointX: 277
faceCenterPointY: 42
LHandPositionsX: [ 376, 377, 379, 375, 379, 378, 379, 378, 378, 378, 379,
    376, 375, 375, 375, 377, 373, 374, 374, 376, 376, 374, 372, 376, 375,
    372, 375, 374, 376, 376, 374, 376, 373, 372, 376, 376, 375, 374, 373,
    374, 376, 372, 373, 372, 376, 375, 376, 373, 373, 374, 376, 373, 375,
    374, 376, 374, 376, 376, 373, 376, 373, 374, 376, 373, 372, 372, 375,
    372, 376, 375, 374, 373, 376, 373, 375, 376, 373, 375, 374, 373, 375,
    374, 374, 373, 372, 376, 373, 375, 374, 374, 375 ]
LHandPositionsY: [ 231, 231, 233, 232, 232, 231, 231, 229, 231, 231, 231,
    232, 231, 231, 233, 233, 229, 231, 229, 230, 230, 232, 229, 229, 230,
    233, 229, 229, 229, 229, 232, 230, 231, 231, 232, 232, 230, 229, 231,
    233, 230, 233, 233, 231, 233, 232, 230, 229, 232, 232, 231, 229, 231,
    233, 230, 230, 233, 229, 231, 231, 232, 230, 232, 232, 233, 230, 229,
    232, 233, 231, 231, 231, 233, 232, 230, 231, 233, 231, 230, 233, 233,
    229, 229, 230, 229, 233, 230, 232, 233, 233, 230 ]
RHandPositionsX: [ 172, 171, 173, 170, 173, 170, 172, 174, 170, 171, 172,
    171, 172, 174, 173, 170, 174, 174, 172, 174, 171, 172, 171, 173, 170,
    170, 169, 170, 159, 149, 135, 126, 125, 114, 116, 122, 125, 131, 137,
    140, 143, 149, 146, 141, 147, 148, 151, 154, 156, 162, 157, 159, 153,
    150, 155, 155, 161, 168, 170, 161, 157, 153, 157, 159, 155, 166, 162,
    172, 176, 175, 180, 178, 177, 180, 171, 170, 176, 180, 176, 172, 174,
    172, 172, 171, 173, 171, 174, 172, 174, 171, 170 ]
RHandPositionsY: [ 239, 240, 240, 241, 241, 243, 242, 239, 242, 241, 242,
    243, 243, 239, 243, 243, 243, 240, 242, 240, 243, 240, 243, 240, 243,
    245, 244, 231, 212, 197, 175, 152, 137, 115, 113, 110, 104, 112, 114,
    115, 115, 104, 95, 93, 86, 87, 83, 84, 83, 80, 82, 76, 79, 79, 74,
    76, 81, 83, 77, 76, 77, 79, 74, 78, 79, 82, 85, 107, 118, 135, 147,
    158, 172, 180, 195, 194, 200, 201, 212, 215, 218, 224, 221, 228, 236,
    232, 235, 236, 236, 237, 234 ]
