%YAML:1.0
---
videoName: "RHShake17.mp4"
gestureLabel: 2
fps: 29
pixelSizeInCmTemp: 3.3732394366197183e-01
faceCenterPointX: 282
faceCenterPointY: 40
LHandPositionsX: [ 307, 309, 308, 307, 308, 306, 307, 305, 305, 307, 309,
    308, 308, 309, 306, 305, 308, 306, 305, 309, 305, 309, 305, 306, 305,
    305, 309, 308, 309, 308, 309, 309, 309, 306, 306, 305, 309, 306, 306,
    307, 307, 306, 307, 307, 309, 307, 307, 306, 306, 308, 308, 308, 311,
    307, 308, 308, 308, 307, 308, 307, 311, 311, 309, 308, 307, 311, 311,
    308, 311, 309, 308, 309, 309, 309, 310, 309, 310, 306, 305, 308, 306,
    305, 308, 307, 305, 308, 309, 307 ]
LHandPositionsY: [ 232, 234, 233, 233, 231, 233, 233, 231, 234, 234, 234,
    235, 234, 231, 233, 235, 232, 235, 234, 234, 235, 231, 234, 231, 235,
    235, 234, 234, 232, 234, 235, 233, 234, 232, 231, 235, 234, 235, 235,
    232, 232, 234, 231, 233, 231, 235, 235, 232, 233, 234, 235, 234, 235,
    235, 234, 233, 231, 232, 235, 234, 235, 235, 232, 231, 234, 235, 233,
    234, 234, 233, 234, 234, 231, 235, 233, 231, 231, 234, 231, 233, 232,
    232, 232, 233, 231, 233, 235, 231 ]
RHandPositionsX: [ 214, 198, 178, 159, 138, 141, 142, 149, 144, 144, 144,
    150, 157, 152, 147, 144, 145, 143, 141, 147, 164, 157, 156, 150, 150,
    147, 148, 141, 147, 151, 154, 158, 160, 154, 149, 143, 142, 142, 136,
    156, 155, 155, 155, 158, 153, 151, 147, 153, 159, 159, 169, 169, 164,
    163, 161, 155, 151, 151, 145, 149, 155, 163, 171, 175, 175, 179, 177,
    178, 173, 168, 175, 169, 169, 167, 169, 170, 171, 172, 168, 167, 167,
    168, 169, 168, 170, 169, 168, 168 ]
RHandPositionsY: [ 200, 183, 166, 148, 129, 110, 108, 105, 97, 89, 97,
    88, 80, 78, 77, 73, 72, 70, 69, 74, 76, 75, 71, 69, 68, 67, 67, 66,
    68, 65, 70, 66, 65, 64, 67, 66, 66, 64, 65, 82, 82, 83, 79, 79, 76,
    74, 74, 71, 73, 76, 90, 92, 87, 81, 77, 79, 78, 78, 77, 83, 90, 107,
    119, 132, 148, 159, 172, 181, 188, 195, 207, 217, 224, 229, 235, 234,
    236, 237, 241, 240, 243, 242, 242, 243, 243, 243, 243, 244 ]
