%YAML:1.0
---
videoName: "RHShake01.mp4"
gestureLabel: 2
fps: 29
pixelSizeInCmTemp: 3.1513157894736843e-01
faceCenterPointX: 292
faceCenterPointY: 51
LHandPositionsX: [ 392, 396, 395, 393, 393, 393, 393, 395, 393, 393, 394,
    392, 395, 395, 391, 395, 391, 394, 392, 395, 394, 394, 395, 393, 393,
    391, 394, 392, 393, 393, 392, 391, 394, 395, 392, 392, 394, 391, 392,
    394, 392, 391, 394, 392, 393, 394, 392, 392, 394, 395, 395, 393, 394,
    391, 394, 393, 391, 394, 393, 393, 395, 392, 391, 392, 395, 392, 392,
    394, 392, 394, 394, 392, 395, 395, 393, 391, 395, 392, 394, 391, 395,
    393, 394, 393, 392, 394, 394, 395 ]
LHandPositionsY: [ 257, 253, 256, 255, 257, 255, 254, 254, 256, 254, 254,
    256, 254, 254, 255, 257, 257, 255, 254, 255, 255, 254, 256, 256, 254,
    255, 254, 254, 253, 255, 254, 255, 256, 254, 254, 256, 255, 256, 256,
    256, 254, 256, 256, 254, 256, 255, 254, 255, 254, 254, 253, 254, 255,
    254, 254, 256, 254, 256, 257, 256, 257, 254, 255, 254, 253, 257, 257,
    257, 255, 253, 255, 255, 253, 256, 256, 253, 257, 253, 257, 255, 257,
    254, 254, 253, 254, 255, 257, 254 ]
RHandPositionsX: [ 167, 168, 170, 168, 168, 169, 168, 170, 170, 167, 168,
    169, 167, 171, 170, 170, 171, 167, 170, 168, 168, 171, 172, 168, 170,
    168, 170, 174, 177, 168, 164, 162, 156, 151, 159, 163, 170, 178, 192,
    194, 189, 187, 184, 174, 174, 173, 174, 187, 196, 196, 192, 192, 183,
    179, 177, 180, 179, 185, 187, 191, 189, 195, 197, 186, 179, 176, 176,
    182, 185, 191, 192, 199, 199, 199, 191, 190, 189, 187, 189, 182, 180,
    177, 174, 175, 172, 171, 176, 176 ]
RHandPositionsY: [ 277, 276, 278, 280, 276, 276, 280, 276, 278, 279, 280,
    278, 276, 276, 276, 277, 276, 279, 280, 277, 280, 277, 277, 276, 276,
    273, 264, 247, 229, 207, 189, 166, 151, 133, 132, 115, 107, 107, 110,
    111, 106, 103, 101, 100, 101, 97, 100, 97, 103, 102, 101, 96, 93, 95,
    91, 91, 97, 97, 102, 103, 102, 100, 101, 98, 99, 95, 95, 98, 102,
    106, 113, 121, 133, 146, 160, 177, 193, 203, 204, 210, 219, 229, 234,
    244, 242, 241, 246, 247 ]
