%YAML:1.0
---
videoName: "RHShake23.mp4"
gestureLabel: 2
fps: 29
pixelSizeInCmTemp: 3.3263888888888887e-01
faceCenterPointX: 298
faceCenterPointY: 49
LHandPositionsX: [ 391, 388, 388, 387, 391, 387, 391, 389, 390, 390, 388,
    389, 391, 391, 391, 391, 388, 388, 391, 390, 389, 390, 388, 387, 390,
    391, 387, 388, 390, 388, 389, 387, 391, 389, 391, 387, 390, 389, 390,
    390, 389, 388, 388, 391, 388, 390, 388, 391, 387, 388, 388, 388, 388,
    388, 391, 390, 389, 389, 388, 389, 389, 390, 388, 390, 390, 387, 388,
    388, 389, 389, 389, 389, 389, 390, 391, 387, 387, 391, 390, 390, 387,
    390, 389, 388, 390, 388, 390, 391 ]
LHandPositionsY: [ 225, 226, 228, 226, 224, 227, 224, 225, 228, 228, 224,
    225, 228, 225, 224, 224, 227, 224, 225, 227, 226, 226, 227, 228, 225,
    228, 226, 226, 225, 228, 228, 228, 224, 226, 224, 225, 228, 225, 226,
    225, 227, 226, 226, 227, 225, 227, 228, 225, 227, 227, 226, 225, 224,
    227, 227, 228, 225, 224, 228, 226, 227, 226, 225, 226, 224, 227, 226,
    226, 226, 226, 225, 228, 227, 225, 227, 224, 225, 226, 227, 224, 225,
    227, 227, 225, 225, 226, 228, 226 ]
RHandPositionsX: [ 168, 169, 178, 189, 192, 187, 196, 191, 179, 176, 172,
    174, 175, 178, 189, 195, 198, 196, 198, 194, 185, 182, 176, 177, 171,
    172, 170, 180, 192, 203, 200, 199, 198, 195, 191, 186, 183, 181, 178,
    183, 188, 198, 203, 201, 206, 205, 197, 192, 184, 180, 175, 177, 180,
    189, 192, 202, 204, 208, 209, 212, 211, 212, 207, 210, 212, 209, 209,
    205, 204, 206, 203, 204, 205, 204, 201, 201, 203, 200, 202, 203, 199,
    200, 200, 200, 202, 197, 200, 198 ]
RHandPositionsY: [ 99, 94, 98, 114, 117, 116, 119, 112, 103, 102, 101,
    101, 99, 104, 111, 121, 124, 121, 124, 109, 102, 103, 100, 100, 100,
    98, 95, 97, 117, 125, 124, 121, 125, 109, 105, 106, 105, 103, 101,
    99, 112, 122, 123, 125, 126, 127, 122, 108, 108, 105, 104, 103, 103,
    117, 128, 137, 140, 151, 150, 156, 158, 164, 171, 184, 191, 201, 209,
    213, 214, 214, 219, 220, 220, 222, 224, 226, 226, 228, 225, 227, 226,
    228, 224, 224, 228, 224, 227, 224 ]
