%YAML:1.0
---
videoName: "RHShake04.mp4"
gestureLabel: 2
fps: 29
pixelSizeInCmTemp: 3.1513157894736843e-01
faceCenterPointX: 292
faceCenterPointY: 47
LHandPositionsX: [ 411, 410, 413, 412, 413, 413, 409, 410, 411, 413, 412,
    409, 408, 409, 409, 411, 408, 411, 409, 410, 410, 411, 410, 406, 408,
    407, 408, 405, 408, 407, 408, 409, 406, 408, 407, 406, 409, 405, 408,
    407, 406, 405, 406, 409, 408, 406, 405, 407, 409, 407, 408, 406, 406,
    408, 407, 408, 406, 409, 407, 408, 406, 405, 403, 405, 407, 406, 407,
    403, 405, 406, 403, 405, 403, 406, 402, 406, 405, 406, 402, 401, 401,
    403, 401, 403, 401, 405, 403, 404 ]
LHandPositionsY: [ 266, 265, 265, 264, 264, 264, 261, 263, 261, 263, 266,
    263, 263, 265, 265, 263, 261, 261, 264, 260, 260, 260, 263, 260, 262,
    263, 262, 263, 263, 264, 260, 260, 260, 263, 263, 261, 260, 263, 263,
    260, 264, 264, 264, 260, 262, 263, 263, 264, 261, 263, 262, 261, 262,
    260, 261, 261, 260, 262, 260, 264, 260, 260, 259, 260, 259, 261, 260,
    258, 262, 261, 262, 260, 260, 258, 259, 261, 262, 260, 262, 258, 260,
    259, 259, 258, 260, 261, 260, 261 ]
RHandPositionsX: [ 178, 179, 179, 179, 180, 179, 182, 180, 177, 178, 179,
    181, 180, 180, 176, 177, 178, 180, 178, 179, 178, 179, 180, 182, 180,
    176, 172, 167, 161, 162, 165, 167, 181, 186, 194, 188, 186, 182, 176,
    170, 165, 170, 172, 176, 176, 177, 179, 174, 167, 166, 164, 172, 179,
    180, 179, 180, 173, 169, 168, 169, 172, 177, 177, 183, 194, 189, 185,
    179, 174, 171, 171, 168, 170, 177, 187, 192, 192, 192, 190, 190, 188,
    189, 186, 177, 175, 177, 175, 174 ]
RHandPositionsY: [ 267, 266, 264, 267, 265, 265, 264, 263, 264, 268, 265,
    268, 270, 267, 270, 268, 269, 271, 267, 269, 271, 274, 265, 247, 222,
    197, 173, 150, 127, 124, 120, 102, 96, 99, 106, 101, 96, 97, 96, 95,
    91, 89, 93, 96, 98, 99, 94, 96, 96, 90, 95, 97, 98, 99, 100, 96, 95,
    95, 93, 89, 91, 96, 97, 96, 93, 95, 96, 96, 94, 94, 96, 97, 101, 109,
    123, 131, 141, 151, 164, 180, 197, 209, 224, 227, 234, 244, 250, 247 ]
