%YAML:1.0
---
videoName: "RHShake12.mp4"
gestureLabel: 2
fps: 29
pixelSizeInCmTemp: 3.3732394366197183e-01
faceCenterPointX: 299
faceCenterPointY: 45
LHandPositionsX: [ 405, 405, 406, 406, 405, 405, 408, 408, 406, 405, 406,
    406, 404, 404, 408, 406, 406, 407, 406, 406, 408, 404, 404, 406, 408,
    404, 407, 404, 407, 404, 404, 408, 407, 405, 408, 405, 408, 405, 404,
    404, 407, 404, 405, 407, 405, 408, 405, 407, 407, 407, 406, 405, 404,
    405, 408, 407, 404, 404, 407, 405, 407, 408, 407, 405, 404, 407, 408,
    408, 408, 405, 405, 404, 405, 407, 405, 404, 408, 407, 406, 407, 408,
    406, 407, 404, 405, 406, 408, 404 ]
LHandPositionsY: [ 239, 243, 240, 243, 239, 240, 243, 239, 243, 241, 241,
    243, 242, 241, 242, 239, 241, 243, 242, 243, 243, 242, 243, 239, 239,
    241, 241, 242, 242, 242, 242, 243, 242, 239, 243, 240, 243, 243, 242,
    243, 242, 242, 243, 243, 239, 241, 242, 241, 239, 241, 241, 240, 239,
    242, 239, 240, 240, 243, 243, 241, 243, 242, 242, 239, 242, 240, 243,
    240, 239, 240, 242, 241, 242, 242, 243, 239, 239, 239, 241, 243, 241,
    243, 243, 243, 241, 240, 240, 241 ]
RHandPositionsX: [ 167, 168, 162, 160, 161, 171, 181, 191, 193, 196, 191,
    181, 177, 174, 170, 169, 172, 176, 185, 189, 190, 185, 181, 176, 167,
    165, 169, 177, 185, 195, 192, 193, 184, 178, 176, 176, 175, 176, 181,
    192, 195, 195, 186, 178, 173, 178, 172, 171, 178, 190, 194, 195, 196,
    191, 186, 181, 176, 177, 173, 176, 182, 192, 200, 198, 203, 202, 193,
    188, 188, 188, 184, 186, 189, 195, 199, 196, 197, 198, 203, 203, 200,
    201, 196, 200, 196, 196, 201, 199 ]
RHandPositionsY: [ 139, 129, 119, 114, 108, 95, 98, 103, 109, 112, 100,
    94, 89, 88, 91, 84, 83, 89, 102, 104, 106, 97, 93, 87, 89, 83, 81,
    90, 101, 111, 111, 107, 101, 95, 92, 92, 90, 85, 96, 111, 113, 116,
    105, 99, 95, 93, 90, 88, 96, 109, 109, 112, 113, 102, 93, 92, 88, 88,
    89, 85, 95, 107, 120, 119, 120, 117, 114, 110, 110, 114, 114, 123,
    138, 147, 158, 165, 169, 177, 186, 195, 203, 210, 215, 220, 222, 228,
    228, 231 ]
