%YAML:1.0
---
videoName: "RHShake20.mp4"
gestureLabel: 2
fps: 29
pixelSizeInCmTemp: 3.3263888888888887e-01
faceCenterPointX: 286
faceCenterPointY: 45
LHandPositionsX: [ 390, 392, 391, 390, 392, 391, 390, 394, 391, 394, 390,
    393, 390, 392, 394, 390, 392, 393, 391, 392, 394, 390, 390, 394, 394,
    393, 393, 392, 390, 390, 391, 391, 393, 394, 394, 394, 390, 391, 394,
    391, 391, 392, 391, 391, 393, 393, 392, 394, 391, 391, 394, 393, 391,
    394, 390, 392, 391, 393, 390, 391, 390, 392, 393, 393, 390, 390, 391,
    391, 390, 392, 393, 391, 390, 392, 391, 393, 392, 394, 392, 394, 390,
    392, 390, 392, 392, 392, 392, 391 ]
LHandPositionsY: [ 244, 246, 244, 245, 242, 245, 241, 241, 242, 241, 244,
    242, 241, 239, 239, 243, 243, 239, 243, 242, 240, 240, 240, 242, 242,
    239, 243, 240, 242, 241, 240, 239, 240, 239, 241, 239, 239, 239, 240,
    243, 243, 241, 241, 243, 240, 239, 240, 242, 241, 243, 242, 243, 241,
    241, 240, 240, 240, 241, 243, 240, 239, 241, 240, 239, 241, 239, 242,
    243, 239, 239, 242, 243, 241, 239, 241, 241, 240, 243, 241, 243, 239,
    243, 243, 241, 243, 241, 240, 240 ]
RHandPositionsX: [ 164, 162, 161, 157, 151, 152, 153, 155, 158, 156, 163,
    162, 161, 157, 154, 153, 148, 150, 157, 161, 162, 163, 156, 156, 152,
    152, 150, 150, 160, 162, 163, 161, 155, 156, 156, 156, 152, 148, 159,
    165, 166, 167, 167, 161, 155, 152, 154, 151, 159, 160, 166, 167, 165,
    170, 168, 171, 164, 164, 164, 159, 165, 166, 174, 175, 180, 187, 188,
    188, 184, 183, 182, 182, 180, 180, 178, 180, 180, 181, 179, 177, 180,
    176, 177, 176, 179, 180, 180, 177 ]
RHandPositionsY: [ 112, 106, 104, 103, 99, 100, 97, 97, 101, 104, 103,
    102, 97, 98, 98, 95, 101, 105, 111, 114, 113, 116, 112, 111, 109,
    109, 105, 108, 120, 120, 120, 114, 111, 109, 109, 106, 104, 104, 113,
    120, 121, 121, 124, 116, 116, 113, 112, 110, 111, 119, 124, 124, 123,
    126, 124, 122, 117, 117, 113, 111, 119, 122, 131, 137, 148, 154, 165,
    176, 184, 192, 201, 209, 220, 225, 234, 231, 240, 242, 243, 244, 245,
    247, 245, 245, 244, 246, 246, 245 ]
