%YAML:1.0
---
videoName: "RHShake00.mp4"
gestureLabel: 2
fps: 29
pixelSizeInCmTemp: 3.4710144927536229e-01
faceCenterPointX: 283
faceCenterPointY: 97
LHandPositionsX: [ 343, 345, 344, 343, 343, 344, 344, 342, 344, 346, 346,
    345, 346, 344, 344, 342, 345, 343, 343, 345, 344, 345, 342, 345, 344,
    346, 346, 342, 343, 345, 344, 343, 344, 346, 345, 342, 346, 345, 344,
    345, 344, 344, 343, 345, 345, 342, 346, 346, 345, 345, 342, 343, 343,
    344, 342, 343, 342, 345, 344, 343, 343, 343, 343, 343, 346, 345, 343,
    345, 344, 344, 346, 343, 345, 346, 343, 346, 343, 346, 343, 343, 346,
    346, 344, 343, 344, 342, 344, 346 ]
LHandPositionsY: [ 273, 272, 272, 274, 276, 275, 274, 273, 274, 274, 274,
    275, 273, 272, 275, 274, 274, 275, 274, 274, 276, 272, 272, 276, 273,
    274, 273, 274, 274, 276, 272, 276, 273, 276, 274, 275, 275, 275, 272,
    272, 275, 272, 274, 275, 276, 276, 275, 275, 273, 276, 274, 274, 272,
    275, 274, 272, 273, 276, 275, 274, 272, 276, 272, 272, 274, 274, 274,
    273, 272, 274, 273, 275, 274, 272, 272, 273, 272, 274, 275, 274, 273,
    273, 272, 273, 274, 272, 276, 273 ]
RHandPositionsX: [ 180, 171, 167, 155, 151, 144, 147, 142, 141, 142, 143,
    146, 149, 167, 165, 166, 170, 165, 165, 157, 154, 152, 147, 151, 155,
    165, 165, 166, 166, 164, 158, 150, 150, 149, 151, 156, 162, 160, 165,
    162, 164, 157, 148, 143, 137, 148, 149, 152, 153, 155, 161, 163, 157,
    150, 146, 145, 144, 151, 157, 159, 162, 162, 167, 162, 157, 153, 145,
    141, 141, 144, 148, 154, 154, 162, 163, 167, 169, 173, 177, 180, 182,
    186, 191, 191, 191, 197, 198, 199 ]
RHandPositionsY: [ 260, 253, 241, 218, 201, 189, 179, 170, 159, 151, 144,
    135, 134, 134, 139, 141, 135, 132, 125, 125, 122, 124, 119, 120, 126,
    134, 132, 133, 136, 131, 125, 126, 125, 125, 131, 133, 136, 139, 139,
    138, 142, 137, 130, 130, 127, 136, 131, 137, 136, 138, 139, 140, 133,
    129, 129, 130, 132, 129, 141, 144, 147, 147, 148, 146, 143, 140, 137,
    137, 139, 147, 156, 160, 170, 173, 180, 188, 196, 208, 216, 219, 231,
    235, 240, 249, 252, 258, 263, 260 ]
