%YAML:1.0
---
videoName: "RHShake00.mp4"
gestureLabel: 2
fps: 29
pixelSizeInCmTemp: 3.4710144927536229e-01
faceCenterPointX: 283
faceCenterPointY: 97
LHandPositionsX: [ 343, 344, 346, 342, 345, 345, 343, 344, 344, 345, 346,
    346, 343, 344, 343, 342, 343, 344, 345, 344, 346, 346, 345, 342, 346,
    344, 346, 344, 342, 345, 346, 344, 345, 346, 342, 345, 343, 345, 346,
    343, 343, 346, 345, 344, 345, 342, 344, 346, 345, 346, 345, 346, 346,
    342, 346, 344, 345, 342, 346, 345, 343, 343, 344, 343, 342, 342, 345,
    346, 345, 342, 346, 344, 342, 346, 344, 342, 345, 344, 343, 345, 342,
    344, 343, 345, 342, 343, 346, 342 ]
LHandPositionsY: [ 276, 276, 276, 276, 274, 274, 275, 275, 276, 274, 274,
    272, 275, 274, 276, 274, 276, 272, 273, 275, 272, 275, 276, 272, 276,
    272, 272, 276, 273, 275, 276, 274, 273, 273, 276, 276, 276, 274, 275,
    272, 276, 272, 274, 272, 273, 274, 272, 274, 273, 272, 273, 276, 276,
    276, 272, 276, 273, 273, 272, 276, 272, 273, 275, 275, 276, 275, 276,
    275, 274, 275, 274, 274, 276, 274, 276, 275, 276, 276, 276, 275, 274,
    275, 274, 272, 276, 275, 272, 273 ]
RHandPositionsX: [ 180, 174, 166, 156, 148, 145, 148, 142, 144, 142, 143,
    145, 151, 168, 166, 163, 169, 169, 164, 158, 152, 151, 147, 147, 151,
    162, 164, 164, 166, 162, 156, 148, 151, 146, 149, 157, 165, 164, 166,
    164, 163, 158, 147, 144, 140, 144, 149, 153, 155, 156, 161, 160, 156,
    148, 147, 144, 144, 149, 153, 162, 162, 164, 169, 161, 157, 153, 148,
    141, 141, 148, 151, 152, 154, 158, 163, 168, 169, 176, 176, 180, 184,
    188, 190, 191, 192, 196, 195, 195 ]
RHandPositionsY: [ 258, 251, 240, 217, 203, 185, 176, 168, 158, 150, 143,
    135, 131, 135, 137, 139, 136, 131, 129, 125, 123, 120, 119, 120, 129,
    134, 134, 133, 135, 131, 126, 128, 125, 124, 133, 134, 136, 140, 137,
    137, 138, 136, 134, 133, 131, 135, 134, 137, 139, 138, 136, 140, 133,
    131, 129, 130, 134, 132, 141, 145, 146, 147, 145, 148, 141, 137, 139,
    136, 139, 147, 158, 160, 170, 177, 183, 189, 199, 207, 214, 219, 228,
    234, 242, 249, 253, 259, 261, 262 ]
