%YAML:1.0
---
videoName: "RHShake09.mp4"
gestureLabel: 2
fps: 29
pixelSizeInCmTemp: 3.1103896103896100e-01
faceCenterPointX: 296
faceCenterPointY: 48
LHandPositionsX: [ 324, 326, 325, 326, 322, 326, 324, 322, 320, 315, 318,
    316, 314, 311, 310, 312, 309, 312, 312, 311, 308, 309, 307, 306, 308,
    309, 307, 305, 304, 306, 305, 307, 307, 310, 309, 311, 311, 310, 310,
    309, 307, 310, 307, 312, 309, 313, 313, 314, 314, 311, 313, 313, 312,
    313, 311, 314, 313, 314, 312, 314, 314, 314, 314, 314, 314, 313, 317,
    316, 315, 315, 315, 316, 318, 317, 315, 317, 314, 314, 315, 313, 313,
    316, 316, 316, 313, 317, 318, 318 ]
LHandPositionsY: [ 265, 269, 268, 270, 267, 270, 270, 271, 270, 270, 270,
    274, 275, 276, 273, 272, 276, 276, 275, 275, 276, 276, 274, 275, 273,
    272, 276, 275, 273, 277, 273, 276, 274, 276, 276, 277, 273, 275, 273,
    277, 274, 277, 277, 274, 275, 275, 276, 276, 277, 275, 276, 274, 275,
    277, 276, 276, 274, 277, 276, 273, 272, 274, 273, 276, 272, 274, 276,
    273, 275, 276, 273, 274, 275, 274, 276, 277, 272, 274, 275, 274, 274,
    276, 272, 272, 272, 273, 274, 274 ]
RHandPositionsX: [ 266, 264, 264, 264, 262, 264, 263, 263, 262, 260, 261,
    263, 260, 257, 257, 257, 258, 260, 258, 257, 257, 259, 258, 257, 257,
    258, 257, 253, 252, 258, 264, 262, 255, 243, 223, 202, 189, 178, 168,
    172, 171, 171, 182, 184, 185, 186, 181, 181, 178, 178, 186, 187, 191,
    199, 194, 185, 180, 175, 180, 187, 182, 186, 193, 190, 185, 180, 178,
    175, 174, 179, 185, 189, 188, 181, 181, 181, 182, 181, 182, 190, 190,
    190, 200, 203, 210, 215, 225, 237 ]
RHandPositionsY: [ 259, 262, 262, 265, 267, 265, 265, 265, 264, 268, 268,
    268, 265, 265, 265, 265, 269, 265, 265, 267, 266, 267, 267, 269, 267,
    269, 267, 269, 269, 269, 269, 261, 244, 232, 212, 196, 174, 158, 135,
    133, 115, 110, 107, 109, 107, 106, 97, 87, 86, 90, 87, 97, 97, 97,
    93, 91, 88, 88, 89, 90, 93, 96, 96, 95, 93, 84, 89, 86, 91, 97, 96,
    95, 94, 93, 91, 92, 90, 90, 98, 103, 104, 106, 124, 131, 143, 154,
    166, 188 ]
