%YAML:1.0
---
videoName: "RHShake09.mp4"
gestureLabel: 2
fps: 29
pixelSizeInCmTemp: 3.1103896103896100e-01
faceCenterPointX: 296
faceCenterPointY: 48
LHandPositionsX: [ 325, 324, 325, 323, 322, 322, 322, 324, 319, 316, 316,
    314, 315, 311, 310, 313, 312, 312, 309, 310, 307, 306, 310, 308, 305,
    306, 304, 308, 308, 306, 305, 307, 311, 311, 308, 308, 310, 310, 307,
    309, 309, 309, 309, 308, 313, 309, 310, 311, 310, 314, 310, 315, 315,
    314, 313, 313, 316, 315, 313, 317, 315, 314, 314, 316, 317, 315, 315,
    314, 318, 315, 316, 316, 315, 318, 314, 313, 314, 314, 315, 313, 315,
    316, 318, 314, 315, 317, 318, 314 ]
LHandPositionsY: [ 269, 268, 271, 271, 267, 271, 268, 269, 271, 273, 270,
    275, 272, 273, 273, 274, 272, 276, 274, 274, 275, 275, 272, 275, 274,
    273, 273, 272, 273, 274, 274, 277, 274, 275, 273, 274, 276, 274, 277,
    277, 276, 274, 273, 273, 275, 274, 277, 275, 277, 274, 273, 273, 277,
    277, 274, 273, 274, 277, 273, 276, 275, 276, 274, 274, 273, 275, 276,
    273, 275, 272, 275, 275, 273, 275, 273, 275, 272, 275, 272, 273, 274,
    275, 271, 271, 275, 275, 275, 272 ]
RHandPositionsX: [ 262, 263, 265, 263, 261, 263, 263, 261, 262, 259, 263,
    262, 258, 258, 260, 259, 258, 260, 260, 255, 255, 259, 257, 254, 256,
    256, 255, 255, 252, 256, 263, 262, 255, 243, 223, 203, 188, 176, 169,
    172, 174, 175, 180, 185, 188, 187, 182, 182, 180, 176, 187, 190, 187,
    200, 195, 187, 178, 178, 178, 186, 184, 186, 195, 189, 185, 183, 177,
    171, 172, 179, 184, 188, 188, 179, 180, 179, 181, 178, 183, 193, 193,
    190, 198, 200, 210, 215, 227, 236 ]
RHandPositionsY: [ 261, 266, 262, 263, 263, 264, 266, 266, 265, 269, 269,
    268, 266, 265, 268, 267, 267, 266, 268, 266, 268, 269, 265, 269, 268,
    268, 265, 269, 269, 267, 267, 257, 248, 232, 215, 196, 177, 156, 137,
    133, 114, 108, 108, 112, 108, 104, 99, 89, 86, 87, 86, 97, 94, 98,
    93, 95, 86, 88, 88, 90, 95, 94, 98, 97, 91, 85, 88, 90, 92, 95, 95,
    99, 95, 96, 94, 91, 89, 90, 97, 105, 104, 110, 121, 133, 144, 152,
    168, 184 ]
