%YAML:1.0
---
videoName: "RHShake02.mp4"
gestureLabel: 2
fps: 29
pixelSizeInCmTemp: 3.1933333333333330e-01
faceCenterPointX: 291
faceCenterPointY: 51
LHandPositionsX: [ 408, 407, 409, 408, 409, 405, 406, 408, 408, 407, 408,
    408, 407, 407, 406, 408, 406, 407, 408, 406, 407, 408, 407, 407, 408,
    406, 406, 407, 407, 405, 403, 403, 403, 401, 405, 404, 401, 404, 404,
    400, 404, 404, 404, 400, 401, 403, 399, 401, 401, 401, 399, 398, 401,
    401, 399, 400, 398, 396, 398, 397, 400, 399, 399, 400, 395, 395, 399,
    397, 396, 395, 398, 399, 395, 395, 397, 398, 398, 395, 398, 396, 398,
    398, 397, 398, 395, 397, 399, 397 ]
LHandPositionsY: [ 262, 265, 262, 265, 263, 264, 262, 265, 262, 265, 262,
    262, 264, 264, 263, 264, 263, 264, 262, 263, 263, 263, 260, 264, 262,
    261, 264, 261, 261, 263, 262, 260, 263, 264, 260, 261, 264, 260, 260,
    264, 261, 261, 263, 260, 262, 260, 263, 264, 261, 261, 263, 264, 263,
    264, 260, 262, 260, 263, 261, 261, 260, 264, 264, 263, 260, 264, 262,
    262, 264, 264, 263, 261, 264, 262, 261, 260, 262, 260, 264, 260, 263,
    260, 260, 262, 261, 260, 261, 260 ]
RHandPositionsX: [ 171, 171, 174, 172, 173, 172, 173, 174, 173, 174, 171,
    173, 174, 174, 173, 173, 173, 172, 173, 173, 171, 172, 172, 172, 175,
    173, 175, 178, 177, 170, 169, 163, 158, 154, 149, 155, 158, 176, 185,
    178, 181, 176, 171, 165, 159, 161, 159, 168, 177, 185, 190, 186, 182,
    177, 167, 168, 164, 166, 175, 182, 181, 184, 178, 176, 176, 172, 169,
    166, 168, 174, 182, 191, 197, 201, 198, 197, 197, 183, 184, 181, 179,
    177, 177, 174, 174, 177, 176, 177 ]
RHandPositionsY: [ 264, 265, 264, 263, 265, 265, 264, 263, 266, 265, 265,
    267, 267, 263, 264, 264, 267, 266, 267, 265, 265, 267, 267, 264, 266,
    268, 262, 247, 230, 209, 187, 166, 145, 122, 111, 103, 97, 93, 101,
    97, 94, 95, 89, 90, 86, 87, 91, 91, 96, 98, 97, 96, 91, 88, 86, 87,
    88, 90, 93, 98, 99, 98, 96, 95, 95, 92, 92, 95, 94, 96, 102, 118,
    132, 144, 160, 174, 192, 213, 227, 228, 239, 242, 244, 252, 251, 254,
    255, 253 ]
