%YAML:1.0
---
videoName: "RHShake14.mp4"
gestureLabel: 2
fps: 30
pixelSizeInCmTemp: 3.2808219178082193e-01
faceCenterPointX: 277
faceCenterPointY: 42
LHandPositionsX: [ 375, 378, 377, 375, 378, 376, 375, 378, 376, 378, 377,
    375, 375, 374, 377, 376, 375, 373, 374, 375, 376, 376, 375, 372, 372,
    373, 374, 375, 372, 372, 372, 376, 373, 376, 374, 375, 372, 372, 373,
    373, 375, 372, 372, 375, 374, 372, 372, 373, 376, 374, 376, 374, 375,
    373, 372, 375, 373, 376, 375, 376, 374, 373, 376, 376, 374, 372, 375,
    375, 375, 373, 375, 374, 372, 375, 374, 372, 373, 374, 373, 373, 374,
    372, 376, 374, 373, 375, 373, 372, 375, 372, 375 ]
LHandPositionsY: [ 231, 231, 231, 231, 232, 231, 233, 230, 233, 231, 232,
    231, 233, 229, 231, 231, 229, 229, 233, 231, 230, 232, 233, 232, 232,
    229, 231, 233, 229, 229, 229, 232, 232, 229, 229, 233, 233, 232, 231,
    229, 229, 233, 229, 229, 232, 231, 229, 229, 231, 230, 231, 230, 231,
    233, 233, 229, 229, 230, 233, 230, 233, 231, 232, 233, 233, 231, 229,
    232, 230, 232, 230, 232, 232, 229, 232, 232, 233, 230, 231, 232, 231,
    230, 229, 229, 229, 232, 229, 229, 229, 230, 230 ]
RHandPositionsX: [ 172, 172, 171, 174, 174, 171, 170, 173, 174, 174, 170,
    171, 174, 174, 173, 170, 171, 170, 172, 172, 173, 172, 173, 174, 173,
    172, 171, 170, 161, 150, 134, 125, 123, 118, 117, 122, 129, 129, 135,
    139, 141, 146, 147, 145, 144, 148, 148, 151, 154, 159, 160, 159, 155,
    153, 158, 159, 161, 167, 170, 161, 158, 157, 158, 157, 157, 162, 162,
    170, 175, 178, 178, 180, 176, 180, 174, 171, 175, 181, 175, 175, 171,
    170, 172, 173, 172, 173, 173, 171, 174, 173, 174 ]
RHandPositionsY: [ 243, 240, 239, 243, 242, 242, 242, 239, 241, 241, 239,
    240, 242, 241, 240, 242, 239, 240, 240, 241, 239, 240, 239, 239, 241,
    246, 245, 235, 214, 197, 173, 154, 134, 118, 113, 108, 105, 111, 114,
    118, 119, 106, 98, 92, 90, 86, 86, 84, 82, 84, 79, 78, 77, 77, 78,
    74, 78, 84, 78, 76, 76, 76, 75, 78, 80, 81, 88, 104, 119, 135, 148,
    156, 172, 182, 191, 197, 199, 203, 210, 217, 215, 223, 223, 226, 232,
    232, 232, 233, 236, 233, 238 ]
