%YAML:1.0
---
videoName: "RHShake20.mp4"
gestureLabel: 2
fps: 29
pixelSizeInCmTemp: 3.3263888888888887e-01
faceCenterPointX: 286
faceCenterPointY: 45
LHandPositionsX: [ 392, 394, 394, 391, 390, 394, 394, 392, 392, 390, 392,
    394, 391, 392, 393, 392, 394, 391, 391, 394, 390, 390, 391, 390, 391,
    393, 391, 393, 391, 393, 393, 393, 390, 394, 394, 390, 390, 394, 393,
    393, 390, 393, 391, 390, 391, 390, 392, 393, 393, 391, 391, 393, 392,
    392, 392, 392, 391, 390, 390, 391, 394, 390, 391, 393, 391, 391, 391,
    391, 391, 394, 392, 391, 394, 390, 392, 393, 391, 390, 394, 394, 392,
    390, 390, 390, 394, 392, 391, 394 ]
LHandPositionsY: [ 245, 246, 244, 245, 241, 245, 245, 245, 240, 244, 244,
    244, 240, 240, 241, 240, 242, 241, 241, 240, 239, 243, 243, 242, 241,
    242, 242, 240, 241, 240, 239, 243, 242, 239, 241, 240, 242, 240, 242,
    243, 240, 240, 240, 242, 243, 239, 240, 242, 241, 239, 239, 240, 243,
    243, 241, 242, 239, 239, 239, 239, 242, 243, 243, 242, 240, 240, 239,
    243, 240, 243, 243, 241, 242, 242, 239, 241, 242, 243, 239, 242, 243,
    240, 242, 243, 243, 242, 240, 242 ]
RHandPositionsX: [ 164, 161, 160, 154, 155, 154, 151, 157, 156, 158, 159,
    158, 160, 153, 152, 152, 150, 149, 160, 163, 161, 162, 159, 155, 155,
    154, 152, 152, 162, 160, 163, 161, 157, 153, 156, 152, 150, 149, 157,
    166, 168, 168, 165, 162, 158, 154, 153, 154, 160, 164, 166, 168, 167,
    167, 167, 169, 166, 165, 163, 159, 164, 168, 175, 176, 184, 184, 188,
    184, 185, 183, 186, 181, 180, 181, 179, 176, 177, 178, 176, 177, 178,
    177, 177, 179, 178, 180, 177, 179 ]
RHandPositionsY: [ 111, 106, 104, 104, 100, 98, 100, 100, 102, 104, 102,
    101, 96, 100, 96, 96, 100, 105, 114, 116, 114, 116, 110, 110, 108,
    107, 108, 107, 119, 119, 117, 115, 111, 110, 109, 106, 104, 108, 114,
    122, 120, 122, 120, 116, 114, 111, 112, 108, 113, 116, 123, 125, 125,
    126, 123, 118, 115, 113, 110, 114, 115, 126, 130, 135, 145, 154, 167,
    175, 184, 195, 201, 212, 219, 229, 235, 235, 240, 239, 239, 241, 244,
    244, 244, 244, 243, 245, 246, 245 ]
