%YAML:1.0
---
videoName: "RHShake12.mp4"
gestureLabel: 2
fps: 29
pixelSizeInCmTemp: 3.3732394366197183e-01
faceCenterPointX: 299
faceCenterPointY: 45
LHandPositionsX: [ 406, 406, 406, 404, 405, 408, 404, 404, 408, 408, 408,
    407, 406, 407, 408, 406, 407, 406, 408, 406, 406, 406, 405, 405, 407,
    405, 408, 408, 407, 407, 404, 404, 406, 406, 406, 407, 404, 406, 404,
    406, 406, 405, 405, 408, 407, 404, 407, 406, 408, 404, 407, 407, 408,
    405, 405, 408, 406, 405, 408, 406, 405, 405, 406, 405, 405, 404, 408,
    404, 406, 406, 404, 408, 406, 406, 405, 407, 406, 408, 406, 404, 407,
    406, 405, 408, 408, 408, 405, 406 ]
LHandPositionsY: [ 242, 242, 242, 241, 241, 241, 241, 241, 239, 241, 240,
    243, 242, 240, 240, 243, 243, 241, 241, 241, 241, 239, 239, 241, 242,
    242, 243, 239, 242, 241, 241, 243, 242, 241, 239, 242, 241, 243, 240,
    241, 239, 242, 240, 239, 242, 243, 242, 241, 243, 243, 241, 243, 242,
    240, 239, 241, 240, 239, 242, 239, 243, 241, 242, 242, 242, 241, 243,
    242, 241, 242, 239, 239, 241, 239, 243, 242, 240, 239, 239, 241, 240,
    241, 242, 240, 242, 240, 241, 240 ]
RHandPositionsX: [ 170, 167, 164, 163, 162, 173, 180, 190, 190, 197, 193,
    183, 178, 170, 171, 168, 169, 175, 188, 185, 188, 183, 178, 175, 169,
    167, 168, 175, 185, 194, 193, 189, 182, 182, 176, 177, 173, 175, 179,
    192, 197, 193, 187, 182, 175, 175, 173, 174, 181, 191, 192, 193, 197,
    192, 184, 182, 177, 178, 172, 174, 179, 193, 199, 198, 201, 201, 194,
    187, 187, 184, 183, 186, 189, 193, 196, 199, 200, 202, 200, 200, 201,
    200, 198, 200, 197, 199, 201, 199 ]
RHandPositionsY: [ 138, 128, 121, 114, 105, 91, 94, 105, 107, 110, 103,
    95, 91, 87, 88, 85, 83, 89, 101, 105, 109, 98, 91, 86, 89, 84, 84,
    90, 103, 113, 110, 108, 99, 98, 92, 96, 88, 87, 95, 113, 113, 117,
    103, 100, 96, 96, 88, 85, 94, 107, 110, 114, 113, 103, 91, 92, 88,
    90, 86, 87, 94, 107, 121, 120, 118, 119, 111, 107, 110, 111, 114,
    125, 138, 146, 159, 165, 168, 173, 187, 197, 204, 211, 216, 220, 220,
    226, 230, 228 ]
