%YAML:1.0
---
videoName: "RHShake09.mp4"
gestureLabel: 2
fps: 29
pixelSizeInCmTemp: 3.1103896103896100e-01
faceCenterPointX: 296
faceCenterPointY: 48
LHandPositionsX: [ 326, 324, 325, 326, 325, 326, 325, 323, 319, 315, 320,
    315, 316, 314, 314, 309, 309, 311, 309, 308, 307, 310, 308, 306, 309,
    305, 306, 305, 306, 309, 309, 309, 308, 309, 310, 307, 310, 308, 311,
    309, 309, 311, 309, 310, 312, 311, 313, 314, 314, 311, 311, 311, 313,
    315, 313, 314, 313, 312, 316, 313, 317, 317, 314, 315, 315, 316, 315,
    317, 316, 314, 314, 314, 315, 318, 313, 314, 317, 317, 315, 313, 315,
    317, 316, 315, 313, 317, 318, 318 ]
LHandPositionsY: [ 266, 268, 267, 267, 271, 270, 272, 272, 272, 271, 273,
    272, 275, 272, 275, 275, 276, 276, 274, 274, 276, 274, 275, 272, 276,
    274, 272, 275, 275, 277, 273, 273, 273, 273, 275, 275, 276, 275, 277,
    275, 277, 273, 274, 275, 274, 273, 275, 273, 276, 275, 273, 275, 274,
    275, 275, 276, 274, 275, 273, 275, 273, 276, 272, 274, 276, 274, 275,
    272, 272, 272, 272, 276, 275, 275, 276, 277, 276, 275, 272, 272, 276,
    272, 271, 274, 275, 272, 275, 275 ]
RHandPositionsX: [ 264, 265, 263, 262, 261, 264, 261, 262, 262, 259, 263,
    259, 258, 259, 259, 261, 260, 259, 258, 258, 257, 257, 255, 258, 256,
    254, 254, 255, 256, 257, 265, 262, 255, 242, 224, 203, 190, 175, 169,
    171, 173, 171, 183, 185, 184, 185, 182, 178, 178, 174, 186, 190, 191,
    199, 194, 185, 181, 177, 177, 184, 181, 186, 196, 189, 189, 183, 177,
    173, 171, 179, 185, 189, 184, 181, 180, 179, 181, 180, 183, 191, 192,
    192, 197, 201, 209, 214, 229, 239 ]
RHandPositionsY: [ 260, 266, 265, 264, 265, 267, 264, 268, 264, 269, 267,
    265, 266, 267, 267, 265, 267, 266, 268, 265, 269, 267, 266, 267, 266,
    269, 266, 269, 266, 269, 270, 259, 246, 229, 212, 198, 175, 159, 135,
    136, 118, 108, 105, 108, 109, 104, 101, 87, 89, 87, 86, 97, 97, 99,
    93, 93, 89, 87, 88, 89, 92, 94, 96, 93, 92, 84, 85, 90, 89, 95, 96,
    97, 93, 92, 93, 90, 91, 92, 95, 106, 104, 107, 120, 131, 144, 154,
    168, 184 ]
