%YAML:1.0
---
videoName: "RHShake06.mp4"
gestureLabel: 2
fps: 30
pixelSizeInCmTemp: 3.2808219178082193e-01
faceCenterPointX: 293
faceCenterPointY: 43
LHandPositionsX: [ 306, 309, 310, 308, 307, 307, 308, 309, 307, 306, 307,
    308, 309, 307, 307, 308, 312, 311, 312, 315, 319, 322, 322, 322, 321,
    323, 321, 319, 322, 322, 321, 320, 322, 325, 323, 326, 326, 325, 326,
    322, 322, 326, 324, 325, 323, 322, 322, 325, 326, 322, 324, 322, 322,
    326, 322, 325, 322, 325, 325, 324, 326, 324, 323, 326, 323, 326, 325,
    325, 326, 323, 325, 323, 322, 323, 322, 326, 323, 324, 326, 323, 324,
    323, 322, 318, 317, 315, 312, 312, 312, 311, 309 ]
LHandPositionsY: [ 270, 268, 269, 266, 267, 266, 266, 268, 266, 270, 270,
    266, 266, 266, 270, 266, 269, 271, 265, 263, 263, 260, 264, 260, 263,
    263, 263, 261, 260, 261, 259, 261, 262, 259, 262, 261, 260, 259, 260,
    258, 261, 262, 260, 262, 259, 261, 261, 259, 261, 261, 262, 260, 258,
    261, 259, 259, 259, 262, 262, 259, 260, 258, 262, 259, 261, 262, 261,
    258, 261, 260, 261, 262, 261, 261, 259, 259, 261, 260, 260, 258, 259,
    259, 258, 262, 265, 262, 267, 266, 263, 264, 262 ]
RHandPositionsX: [ 287, 286, 286, 286, 287, 285, 284, 285, 285, 284, 287,
    284, 286, 286, 285, 284, 284, 285, 276, 262, 246, 226, 204, 177, 158,
    146, 138, 134, 139, 137, 145, 146, 163, 162, 162, 161, 161, 159, 157,
    155, 159, 172, 184, 188, 187, 186, 178, 173, 170, 172, 170, 168, 173,
    181, 182, 182, 182, 189, 178, 170, 172, 163, 168, 178, 182, 177, 176,
    170, 163, 160, 164, 164, 173, 183, 194, 190, 208, 222, 231, 240, 246,
    252, 255, 250, 248, 256, 257, 254, 253, 251, 257 ]
RHandPositionsY: [ 270, 269, 266, 266, 266, 270, 266, 268, 269, 266, 270,
    269, 267, 266, 269, 270, 267, 267, 264, 260, 250, 235, 216, 198, 180,
    157, 138, 122, 111, 105, 112, 115, 129, 117, 108, 102, 97, 87, 89,
    90, 91, 96, 96, 100, 99, 96, 94, 89, 90, 88, 85, 90, 96, 100, 102,
    100, 98, 101, 96, 96, 90, 90, 92, 103, 102, 100, 104, 101, 105, 106,
    115, 128, 145, 161, 176, 180, 196, 206, 216, 223, 231, 237, 236, 238,
    237, 244, 243, 240, 243, 244, 242 ]
