%YAML:1.0
---
videoName: "RHShake03.mp4"
gestureLabel: 2
fps: 29
pixelSizeInCmTemp: 3.1103896103896100e-01
faceCenterPointX: 294
faceCenterPointY: 48
LHandPositionsX: [ 412, 411, 408, 411, 410, 409, 411, 409, 408, 410, 412,
    409, 411, 410, 410, 409, 408, 411, 408, 412, 409, 411, 412, 409, 409,
    411, 409, 409, 412, 410, 410, 411, 410, 411, 410, 411, 409, 408, 412,
    412, 412, 412, 411, 409, 409, 409, 412, 412, 411, 412, 411, 408, 411,
    408, 411, 409, 409, 408, 408, 408, 408, 410, 408, 409, 411, 412, 409,
    410, 409, 410, 408, 409, 407, 411, 408, 411, 407, 410, 410, 409, 407,
    410, 408, 407, 407, 407, 409, 408 ]
LHandPositionsY: [ 264, 262, 260, 264, 262, 264, 263, 261, 261, 260, 263,
    263, 264, 263, 262, 260, 263, 263, 262, 260, 262, 261, 260, 260, 261,
    263, 262, 264, 262, 260, 261, 261, 260, 261, 263, 262, 262, 260, 261,
    262, 262, 261, 264, 262, 262, 263, 263, 260, 263, 263, 262, 264, 262,
    264, 262, 260, 261, 261, 262, 264, 264, 263, 262, 264, 263, 261, 264,
    264, 264, 260, 262, 264, 264, 260, 261, 261, 262, 263, 264, 264, 262,
    262, 262, 264, 260, 260, 260, 263 ]
RHandPositionsX: [ 178, 180, 177, 178, 179, 174, 176, 176, 175, 176, 177,
    175, 172, 176, 172, 172, 171, 172, 171, 175, 175, 171, 174, 172, 171,
    175, 174, 174, 172, 170, 173, 170, 176, 170, 165, 156, 153, 147, 149,
    153, 156, 163, 180, 182, 191, 192, 185, 175, 172, 171, 173, 179, 182,
    182, 179, 178, 171, 169, 166, 171, 177, 189, 200, 207, 200, 193, 190,
    187, 185, 183, 186, 193, 199, 207, 208, 207, 198, 196, 193, 185, 182,
    182, 182, 182, 183, 179, 179, 179 ]
RHandPositionsY: [ 257, 260, 262, 259, 260, 262, 261, 260, 262, 258, 260,
    262, 261, 260, 260, 258, 258, 259, 261, 261, 261, 262, 259, 259, 262,
    259, 262, 260, 259, 259, 264, 267, 259, 242, 221, 198, 178, 156, 147,
    127, 122, 117, 116, 119, 113, 106, 101, 102, 100, 98, 102, 106, 105,
    104, 104, 104, 102, 99, 94, 95, 104, 108, 110, 113, 111, 105, 103,
    103, 98, 99, 102, 117, 130, 142, 161, 178, 201, 208, 218, 243, 243,
    243, 243, 250, 254, 254, 250, 252 ]
