%YAML:1.0
---
videoName: "RHShake23.mp4"
gestureLabel: 2
fps: 29
pixelSizeInCmTemp: 3.3263888888888887e-01
faceCenterPointX: 298
faceCenterPointY: 49
LHandPositionsX: [ 389, 389, 391, 391, 388, 391, 387, 388, 387, 387, 391,
    389, 390, 387, 391, 391, 388, 387, 391, 390, 390, 387, 388, 387, 390,
    389, 391, 390, 387, 390, 391, 387, 389, 388, 389, 389, 391, 390, 389,
    390, 391, 387, 391, 388, 390, 389, 389, 390, 388, 390, 391, 389, 387,
    389, 388, 389, 390, 390, 390, 391, 387, 388, 391, 391, 390, 388, 388,
    389, 387, 390, 388, 390, 388, 387, 388, 387, 391, 391, 390, 388, 387,
    391, 391, 389, 390, 388, 388, 388 ]
LHandPositionsY: [ 225, 228, 225, 225, 226, 225, 227, 226, 226, 226, 225,
    226, 227, 225, 227, 228, 228, 226, 224, 227, 226, 227, 224, 228, 228,
    225, 224, 227, 228, 225, 226, 226, 227, 227, 225, 225, 225, 228, 224,
    228, 227, 226, 228, 228, 227, 227, 227, 228, 224, 226, 225, 228, 224,
    225, 226, 226, 228, 227, 224, 226, 228, 226, 225, 225, 227, 224, 226,
    226, 226, 225, 224, 225, 226, 228, 226, 227, 228, 226, 228, 226, 225,
    228, 227, 224, 226, 226, 228, 226 ]
RHandPositionsX: [ 172, 170, 178, 186, 191, 189, 193, 190, 180, 178, 175,
    172, 172, 182, 187, 199, 199, 197, 196, 194, 186, 180, 174, 173, 169,
    170, 172, 179, 193, 203, 202, 200, 201, 196, 191, 184, 182, 181, 181,
    184, 184, 201, 202, 202, 206, 203, 196, 188, 183, 178, 178, 175, 179,
    186, 191, 199, 203, 207, 209, 210, 209, 211, 210, 208, 211, 207, 210,
    206, 204, 207, 205, 205, 206, 204, 204, 200, 203, 199, 202, 202, 199,
    199, 198, 198, 200, 197, 198, 201 ]
RHandPositionsY: [ 95, 94, 99, 110, 115, 115, 120, 112, 103, 99, 99, 100,
    101, 103, 115, 121, 122, 125, 124, 109, 102, 101, 99, 101, 99, 98,
    93, 101, 115, 123, 123, 125, 123, 107, 104, 104, 107, 102, 100, 102,
    114, 123, 123, 122, 125, 127, 122, 109, 107, 105, 104, 102, 100, 119,
    126, 134, 143, 151, 152, 152, 157, 166, 175, 181, 190, 200, 209, 213,
    214, 215, 215, 218, 221, 222, 227, 225, 224, 224, 226, 224, 226, 226,
    224, 224, 226, 227, 227, 225 ]
