%YAML:1.0
---
videoName: "headLookLeft8.mp4"
gestureLabel: 203
fps: 29
pixelSizeInCmTemp: 3.6287878787878786e-01
faceCenterPointX: 273
faceCenterPointY: 69
headPositionsX: [ 273, 243, 241, 240, 239, 239, 240, 242, 242, 242, 242,
    240, 242, 243, 245, 246, 245, 245, 249, 246, 248, 247, 246, 249, 249,
    247, 246, 245, 247, 246, 248, 245, 248, 248, 245, 245, 244, 244, 248,
    248, 244, 244, 245, 246, 244, 245, 247, 244, 244, 244, 244, 248, 246,
    249, 251, 253, 252, 256, 260, 262, 262, 268, 267, 272, 271, 272, 274,
    283, 280, 273, 279, 278, 279, 274, 279, 278, 276, 274, 276, 278, 280,
    279, 280, 270, 273, 276, 278, 277, 277, 273, 273, 277, 273, 277, 278,
    272, 277, 273, 274, 273 ]
headPositionsY: [ 69, 67, 67, 67, 69, 70, 67, 69, 68, 67, 68, 65, 66, 69,
    66, 66, 69, 67, 67, 70, 69, 71, 70, 70, 71, 72, 70, 71, 71, 72, 69,
    69, 73, 74, 73, 70, 73, 71, 74, 72, 72, 69, 69, 71, 72, 70, 73, 70,
    74, 73, 73, 72, 74, 72, 72, 71, 70, 68, 69, 67, 72, 68, 68, 73, 68,
    68, 67, 70, 72, 69, 69, 71, 71, 69, 72, 70, 68, 68, 71, 69, 71, 68,
    70, 68, 67, 67, 69, 68, 67, 70, 69, 71, 70, 71, 73, 71, 71, 70, 69,
    71 ]
