%YAML:1.0
---
videoName: "headLookLeft3.mp4"
gestureLabel: 203
fps: 29
pixelSizeInCmTemp: 3.4214285714285714e-01
faceCenterPointX: 290
faceCenterPointY: 74
headPositionsX: [ 291, 266, 263, 265, 263, 266, 267, 269, 271, 268, 270,
    276, 279, 279, 281, 281, 282, 285, 287, 289, 287, 285, 291, 291, 284,
    286, 298, 288, 286, 285, 290, 292, 289, 293, 287, 288, 281, 291, 289,
    286, 287, 289, 291, 295, 290, 289, 289, 290, 291, 288, 290, 292, 288,
    287, 286, 289, 288, 288, 289, 292, 291, 289, 287, 287, 288, 285, 287,
    287, 284, 289, 288, 288, 289, 288, 287, 285, 287, 288, 288, 287, 287,
    287, 291, 285, 289, 287, 288, 286, 286, 287, 286, 288, 287, 286, 286,
    282, 288, 288, 290, 285 ]
headPositionsY: [ 74, 76, 74, 76, 78, 78, 78, 76, 76, 79, 75, 76, 76, 73,
    74, 76, 75, 76, 75, 72, 74, 72, 73, 73, 71, 70, 74, 74, 72, 72, 73,
    76, 74, 76, 73, 77, 72, 75, 73, 72, 71, 73, 74, 76, 75, 75, 75, 75,
    76, 73, 72, 71, 73, 75, 73, 73, 73, 75, 72, 76, 74, 71, 74, 73, 72,
    75, 72, 76, 71, 75, 72, 72, 72, 71, 74, 73, 73, 75, 74, 72, 72, 73,
    73, 72, 74, 72, 74, 73, 73, 75, 75, 76, 73, 77, 72, 75, 75, 74, 72,
    76 ]
