%YAML:1.0
---
videoName: "headLookLeft7.mp4"
gestureLabel: 203
fps: 29
pixelSizeInCmTemp: 3.4214285714285714e-01
faceCenterPointX: 268
faceCenterPointY: 68
headPositionsX: [ 267, 248, 248, 245, 246, 244, 247, 246, 247, 243, 245,
    243, 243, 246, 247, 245, 246, 245, 243, 246, 247, 244, 246, 244, 246,
    245, 244, 248, 248, 248, 249, 252, 254, 256, 257, 257, 259, 263, 261,
    263, 265, 265, 266, 263, 268, 269, 269, 268, 266, 269, 265, 267, 269,
    267, 268, 267, 266, 268, 269, 270, 264, 268, 265, 268, 268, 266, 266,
    269, 263, 265, 268, 265, 268, 266, 268, 266, 270, 266, 265, 271, 268,
    269, 271, 266, 267, 270, 268, 270, 264, 270, 272, 267, 267, 271, 269,
    270, 267, 269, 270, 270 ]
headPositionsY: [ 67, 68, 67, 67, 68, 68, 69, 68, 71, 69, 71, 70, 69, 71,
    73, 70, 68, 70, 69, 69, 70, 71, 72, 70, 68, 70, 72, 72, 68, 68, 72,
    67, 68, 67, 71, 70, 66, 68, 70, 66, 65, 68, 67, 68, 69, 70, 68, 67,
    68, 70, 70, 68, 67, 67, 70, 67, 69, 68, 67, 67, 70, 67, 67, 72, 67,
    68, 69, 68, 66, 70, 71, 70, 71, 68, 71, 71, 67, 69, 67, 69, 68, 71,
    69, 69, 71, 69, 70, 66, 68, 68, 71, 68, 68, 67, 68, 68, 70, 69, 72,
    67 ]
