%YAML:1.0
---
videoName: "headLookLeft4.mp4"
gestureLabel: 203
fps: 29
pixelSizeInCmTemp: 3.4710144927536229e-01
faceCenterPointX: 288
faceCenterPointY: 74
headPositionsX: [ 288, 264, 265, 263, 265, 266, 270, 269, 274, 274, 276,
    279, 281, 284, 285, 288, 294, 295, 295, 295, 297, 294, 297, 296, 291,
    293, 291, 295, 295, 295, 295, 294, 293, 291, 292, 295, 295, 296, 295,
    295, 293, 292, 295, 293, 293, 292, 287, 292, 292, 291, 294, 289, 292,
    290, 292, 290, 289, 290, 286, 289, 291, 290, 293, 289, 288, 294, 290,
    288, 285, 292, 286, 293, 290, 290, 289, 292, 290, 287, 295, 292, 290,
    290, 292, 292, 290, 292, 289, 289, 290, 290, 288, 289, 289, 286, 291,
    290, 292, 291, 286, 288 ]
headPositionsY: [ 72, 77, 81, 78, 77, 81, 80, 77, 80, 79, 78, 76, 78, 75,
    75, 76, 75, 75, 78, 78, 73, 78, 76, 76, 74, 75, 78, 81, 77, 79, 75,
    76, 76, 76, 73, 74, 78, 76, 74, 77, 78, 75, 75, 73, 73, 76, 75, 77,
    74, 73, 72, 73, 72, 72, 73, 73, 74, 73, 72, 77, 76, 74, 76, 74, 74,
    74, 76, 73, 72, 76, 74, 73, 77, 74, 72, 75, 79, 75, 76, 73, 76, 75,
    79, 74, 73, 76, 76, 73, 77, 77, 77, 75, 76, 73, 77, 75, 77, 73, 72,
    76 ]
