%YAML:1.0
---
videoName: "headLookLeft3.mp4"
gestureLabel: 203
fps: 29
pixelSizeInCmTemp: 3.4214285714285714e-01
faceCenterPointX: 290
faceCenterPointY: 74
headPositionsX: [ 292, 263, 264, 266, 262, 263, 266, 267, 268, 268, 273,
    272, 277, 276, 281, 282, 285, 289, 290, 287, 290, 285, 292, 289, 288,
    288, 297, 290, 290, 282, 291, 288, 290, 289, 286, 292, 283, 292, 290,
    286, 289, 285, 291, 296, 290, 290, 290, 289, 290, 290, 289, 293, 292,
    289, 286, 288, 291, 289, 288, 291, 290, 292, 291, 290, 285, 288, 287,
    290, 287, 287, 285, 288, 287, 286, 287, 287, 289, 288, 289, 286, 287,
    288, 287, 285, 290, 286, 292, 286, 288, 287, 288, 285, 289, 286, 287,
    285, 291, 285, 288, 284 ]
headPositionsY: [ 76, 76, 77, 77, 77, 77, 78, 78, 75, 77, 77, 77, 74, 77,
    77, 73, 75, 77, 76, 72, 76, 74, 75, 77, 74, 74, 74, 75, 73, 73, 74,
    72, 74, 76, 76, 73, 72, 76, 74, 72, 73, 73, 71, 77, 74, 74, 73, 74,
    75, 72, 75, 72, 72, 74, 73, 73, 72, 73, 71, 76, 76, 75, 76, 75, 75,
    72, 71, 76, 72, 73, 71, 75, 72, 72, 71, 76, 73, 75, 74, 71, 75, 76,
    74, 74, 73, 71, 73, 76, 71, 73, 74, 72, 75, 77, 73, 74, 74, 71, 73,
    75 ]
