%YAML:1.0
---
videoName: "headLookLeft2.mp4"
gestureLabel: 203
fps: 29
pixelSizeInCmTemp: 3.6846153846153845e-01
faceCenterPointX: 278
faceCenterPointY: 74
headPositionsX: [ 278, 257, 257, 259, 261, 257, 259, 261, 258, 258, 259,
    260, 259, 261, 261, 261, 260, 259, 262, 262, 264, 264, 267, 267, 269,
    272, 273, 275, 274, 276, 278, 277, 277, 281, 276, 280, 279, 283, 278,
    276, 280, 282, 284, 281, 281, 279, 281, 280, 285, 279, 279, 282, 280,
    281, 277, 280, 277, 274, 279, 281, 284, 275, 280, 281, 281, 281, 280,
    282, 282, 280, 279, 281, 280, 275, 275, 281, 275, 280, 279, 279, 277,
    281, 277, 280, 280, 278, 285, 279, 275, 282, 283, 281, 285, 282, 277,
    280, 281, 282, 288, 280 ]
headPositionsY: [ 74, 76, 73, 78, 74, 73, 75, 77, 75, 75, 76, 76, 77, 74,
    74, 77, 77, 75, 76, 78, 77, 75, 77, 75, 76, 76, 76, 75, 74, 72, 75,
    72, 72, 74, 73, 74, 72, 73, 76, 73, 73, 76, 76, 72, 75, 76, 74, 76,
    76, 75, 75, 76, 72, 75, 73, 73, 72, 76, 72, 74, 74, 74, 75, 76, 75,
    74, 76, 78, 76, 71, 76, 73, 77, 75, 72, 73, 73, 76, 74, 74, 76, 73,
    75, 74, 76, 72, 75, 73, 75, 76, 73, 76, 77, 75, 73, 75, 74, 76, 74,
    74 ]
