%YAML:1.0
---
videoName: "headLookLeft6.mp4"
gestureLabel: 203
fps: 29
pixelSizeInCmTemp: 3.2808219178082193e-01
faceCenterPointX: 267
faceCenterPointY: 69
headPositionsX: [ 265, 243, 243, 243, 245, 243, 248, 245, 247, 247, 247,
    246, 246, 243, 246, 247, 243, 246, 246, 248, 245, 243, 247, 244, 243,
    247, 247, 250, 249, 254, 253, 256, 260, 260, 263, 264, 265, 267, 266,
    270, 269, 270, 268, 267, 269, 269, 269, 269, 269, 268, 266, 268, 267,
    268, 267, 272, 265, 270, 266, 269, 266, 267, 269, 269, 268, 268, 269,
    268, 267, 269, 267, 267, 266, 266, 266, 269, 268, 268, 269, 271, 266,
    268, 266, 265, 265, 268, 269, 268, 265, 269, 266, 270, 265, 267, 270,
    268, 265, 266, 268, 267 ]
headPositionsY: [ 69, 70, 73, 74, 71, 72, 71, 69, 71, 72, 70, 71, 73, 71,
    70, 71, 73, 74, 74, 70, 71, 74, 70, 73, 73, 72, 71, 71, 70, 72, 72,
    72, 69, 71, 70, 68, 71, 70, 71, 71, 70, 72, 70, 69, 70, 69, 68, 68,
    68, 73, 70, 67, 68, 67, 73, 71, 72, 70, 69, 71, 71, 68, 71, 66, 68,
    68, 71, 71, 71, 68, 70, 69, 71, 70, 67, 70, 72, 71, 72, 72, 73, 71,
    71, 69, 72, 71, 69, 67, 72, 69, 69, 71, 70, 71, 70, 70, 69, 68, 68,
    66 ]
