%YAML:1.0
---
videoName: "headLookLeft3.mp4"
gestureLabel: 203
fps: 29
pixelSizeInCmTemp: 3.4214285714285714e-01
faceCenterPointX: 290
faceCenterPointY: 74
headPositionsX: [ 292, 264, 264, 266, 266, 262, 268, 270, 270, 270, 271,
    272, 276, 278, 282, 281, 284, 286, 286, 289, 288, 285, 291, 292, 285,
    287, 297, 290, 288, 282, 290, 290, 292, 292, 287, 291, 281, 289, 290,
    287, 290, 285, 290, 298, 289, 288, 289, 289, 292, 286, 291, 289, 290,
    291, 286, 285, 289, 286, 288, 290, 290, 288, 291, 287, 289, 289, 289,
    291, 287, 290, 287, 287, 286, 286, 286, 287, 288, 287, 286, 288, 286,
    285, 291, 286, 287, 286, 289, 287, 286, 286, 284, 284, 289, 288, 285,
    282, 291, 289, 287, 284 ]
headPositionsY: [ 75, 75, 76, 76, 75, 74, 78, 78, 79, 77, 77, 73, 73, 75,
    77, 73, 73, 75, 72, 76, 76, 72, 74, 77, 71, 72, 74, 76, 75, 72, 73,
    72, 73, 73, 73, 75, 74, 75, 76, 73, 71, 75, 71, 76, 74, 76, 74, 74,
    76, 74, 75, 74, 74, 76, 75, 74, 76, 75, 71, 77, 75, 71, 72, 73, 73,
    73, 75, 74, 75, 73, 72, 75, 75, 74, 74, 76, 74, 76, 77, 74, 75, 76,
    74, 75, 73, 74, 74, 72, 71, 74, 75, 74, 72, 76, 75, 74, 75, 71, 74,
    72 ]
