%YAML:1.0
---
videoName: "headLookLeft5.mp4"
gestureLabel: 203
fps: 30
pixelSizeInCmTemp: 3.5746268656716418e-01
faceCenterPointX: 284
faceCenterPointY: 67
headPositionsX: [ 284, 258, 260, 260, 262, 261, 260, 260, 259, 261, 260,
    263, 262, 262, 264, 264, 260, 265, 264, 261, 263, 264, 270, 269, 273,
    271, 273, 274, 277, 279, 280, 285, 285, 282, 283, 287, 286, 284, 284,
    285, 286, 287, 281, 285, 288, 285, 288, 284, 283, 283, 285, 282, 282,
    283, 282, 283, 283, 284, 284, 282, 284, 285, 283, 281, 285, 281, 287,
    281, 283, 282, 283, 284, 284, 284, 284, 287, 287, 285, 284, 284, 285,
    288, 286, 286, 285, 285, 286, 287, 285, 286, 286, 285, 286, 287, 285,
    284, 285, 285, 285, 282 ]
headPositionsY: [ 69, 72, 72, 73, 70, 69, 70, 71, 71, 71, 72, 69, 70, 70,
    73, 69, 71, 70, 70, 71, 74, 74, 74, 68, 71, 68, 69, 66, 70, 68, 70,
    67, 70, 69, 69, 68, 70, 67, 66, 67, 71, 71, 67, 69, 70, 69, 71, 68,
    66, 71, 70, 71, 71, 70, 66, 69, 67, 68, 69, 66, 68, 66, 67, 70, 66,
    68, 69, 69, 65, 71, 67, 69, 71, 66, 68, 70, 71, 69, 70, 68, 70, 68,
    68, 70, 70, 68, 67, 69, 68, 69, 69, 69, 68, 71, 69, 67, 70, 67, 66,
    70 ]
