%YAML:1.0
---
videoName: "headLookLeft6.mp4"
gestureLabel: 203
fps: 29
pixelSizeInCmTemp: 3.2808219178082193e-01
faceCenterPointX: 267
faceCenterPointY: 69
headPositionsX: [ 267, 246, 246, 245, 244, 247, 247, 245, 246, 248, 248,
    244, 246, 243, 243, 243, 244, 247, 244, 247, 246, 244, 246, 247, 243,
    247, 250, 252, 249, 254, 253, 257, 257, 262, 262, 265, 266, 270, 266,
    270, 266, 269, 269, 269, 270, 270, 268, 270, 270, 270, 269, 268, 267,
    267, 266, 271, 265, 271, 267, 269, 270, 267, 268, 266, 271, 267, 265,
    268, 268, 268, 266, 266, 268, 268, 267, 266, 267, 268, 272, 270, 264,
    268, 266, 265, 265, 268, 268, 265, 264, 267, 269, 266, 267, 266, 266,
    265, 266, 266, 269, 268 ]
headPositionsY: [ 69, 71, 69, 74, 70, 71, 72, 72, 69, 74, 71, 74, 72, 74,
    71, 71, 72, 71, 74, 71, 72, 71, 72, 73, 72, 73, 72, 74, 69, 71, 70,
    73, 69, 69, 69, 70, 69, 71, 72, 70, 67, 71, 69, 72, 70, 69, 67, 72,
    72, 70, 69, 70, 68, 70, 71, 71, 72, 72, 69, 70, 69, 67, 68, 69, 71,
    69, 71, 67, 70, 71, 72, 69, 69, 68, 69, 71, 69, 69, 71, 70, 70, 69,
    69, 70, 72, 68, 68, 71, 69, 72, 68, 69, 70, 69, 70, 69, 72, 68, 69,
    68 ]
