%YAML:1.0
---
videoName: "headLookLeft3.mp4"
gestureLabel: 203
fps: 29
pixelSizeInCmTemp: 3.4214285714285714e-01
faceCenterPointX: 290
faceCenterPointY: 74
headPositionsX: [ 290, 263, 265, 263, 262, 263, 268, 266, 267, 270, 273,
    272, 277, 278, 282, 282, 286, 289, 286, 289, 291, 288, 295, 293, 288,
    290, 294, 289, 286, 282, 287, 288, 292, 290, 288, 289, 284, 290, 289,
    289, 287, 288, 290, 297, 290, 291, 286, 290, 290, 288, 289, 290, 291,
    288, 286, 285, 287, 286, 289, 292, 288, 290, 287, 287, 289, 287, 290,
    287, 287, 288, 288, 289, 287, 286, 288, 286, 288, 290, 287, 284, 287,
    287, 287, 284, 287, 285, 288, 287, 288, 290, 288, 285, 289, 289, 286,
    285, 287, 288, 288, 284 ]
headPositionsY: [ 74, 78, 75, 76, 75, 74, 80, 76, 78, 76, 75, 75, 76, 76,
    76, 73, 73, 75, 75, 72, 75, 74, 75, 74, 70, 73, 77, 76, 73, 71, 72,
    72, 73, 73, 74, 77, 74, 75, 75, 75, 73, 75, 72, 77, 73, 74, 74, 73,
    77, 74, 72, 75, 75, 77, 74, 73, 73, 71, 75, 77, 74, 71, 76, 71, 76,
    72, 72, 73, 72, 75, 74, 73, 71, 72, 75, 74, 75, 76, 73, 75, 75, 75,
    73, 73, 73, 72, 76, 72, 74, 73, 73, 72, 73, 75, 72, 75, 73, 75, 75,
    72 ]
