%YAML:1.0
---
videoName: "headLookLeft0.mp4"
gestureLabel: 203
fps: 29
pixelSizeInCmTemp: 3.6287878787878786e-01
faceCenterPointX: 286
faceCenterPointY: 69
headPositionsX: [ 286, 257, 256, 255, 253, 252, 255, 256, 254, 253, 252,
    253, 255, 253, 252, 253, 253, 255, 254, 252, 256, 255, 253, 256, 255,
    256, 253, 255, 252, 252, 253, 255, 255, 254, 254, 253, 255, 258, 254,
    255, 254, 254, 255, 254, 258, 256, 254, 256, 255, 254, 256, 257, 254,
    254, 255, 253, 256, 254, 253, 254, 255, 255, 257, 257, 253, 257, 253,
    255, 255, 256, 253, 254, 254, 254, 256, 256, 254, 254, 258, 262, 258,
    263, 267, 267, 271, 272, 276, 276, 284, 277, 281, 275, 283, 280, 285,
    288, 284, 287, 286, 287 ]
headPositionsY: [ 71, 68, 68, 71, 68, 69, 68, 70, 70, 67, 69, 67, 69, 70,
    70, 71, 69, 68, 68, 70, 68, 69, 68, 70, 68, 69, 70, 72, 68, 71, 71,
    73, 68, 69, 69, 73, 73, 69, 72, 73, 70, 71, 70, 72, 73, 72, 72, 74,
    70, 71, 72, 73, 73, 71, 70, 72, 70, 70, 71, 70, 73, 71, 74, 71, 72,
    72, 70, 69, 70, 72, 70, 73, 73, 70, 71, 72, 70, 70, 70, 72, 69, 72,
    72, 72, 72, 69, 67, 69, 73, 66, 67, 69, 68, 66, 70, 71, 71, 70, 67,
    70 ]
