%YAML:1.0
---
videoName: "headLookLeft6.mp4"
gestureLabel: 203
fps: 29
pixelSizeInCmTemp: 3.2808219178082193e-01
faceCenterPointX: 267
faceCenterPointY: 69
headPositionsX: [ 269, 245, 246, 244, 242, 244, 248, 247, 244, 247, 247,
    247, 243, 243, 244, 244, 245, 245, 248, 246, 247, 243, 245, 246, 246,
    244, 249, 251, 252, 251, 253, 255, 259, 261, 261, 266, 268, 267, 267,
    269, 270, 270, 267, 269, 269, 267, 270, 267, 269, 270, 270, 266, 269,
    267, 269, 271, 267, 269, 266, 268, 267, 267, 270, 269, 271, 264, 269,
    266, 268, 269, 265, 267, 265, 268, 265, 267, 268, 267, 271, 269, 268,
    268, 266, 269, 265, 267, 266, 269, 267, 267, 265, 268, 267, 269, 270,
    265, 265, 268, 268, 265 ]
headPositionsY: [ 67, 73, 70, 71, 72, 74, 73, 69, 70, 74, 73, 72, 71, 73,
    70, 74, 73, 71, 74, 72, 74, 70, 72, 74, 70, 74, 72, 74, 69, 72, 70,
    73, 68, 71, 69, 71, 70, 69, 69, 72, 69, 69, 70, 68, 70, 72, 70, 72,
    72, 71, 68, 67, 72, 71, 73, 70, 69, 70, 71, 71, 70, 69, 70, 69, 69,
    68, 68, 69, 72, 70, 69, 70, 72, 70, 70, 69, 69, 69, 69, 70, 69, 71,
    70, 68, 69, 68, 70, 67, 72, 71, 70, 71, 68, 69, 72, 70, 72, 69, 70,
    68 ]
