%YAML:1.0
---
videoName: "headLookLeft5.mp4"
gestureLabel: 203
fps: 30
pixelSizeInCmTemp: 3.5746268656716418e-01
faceCenterPointX: 284
faceCenterPointY: 67
headPositionsX: [ 282, 261, 259, 262, 262, 258, 259, 259, 259, 262, 262,
    262, 260, 263, 262, 260, 260, 264, 265, 264, 266, 267, 270, 267, 270,
    271, 274, 275, 279, 278, 283, 282, 284, 280, 284, 284, 290, 284, 284,
    288, 284, 286, 284, 284, 288, 283, 288, 288, 287, 284, 287, 282, 286,
    284, 284, 285, 282, 282, 286, 282, 282, 281, 281, 282, 283, 281, 286,
    282, 281, 282, 286, 284, 283, 286, 285, 283, 288, 282, 283, 283, 286,
    285, 284, 286, 285, 284, 287, 286, 283, 287, 285, 284, 284, 287, 287,
    282, 286, 283, 283, 282 ]
headPositionsY: [ 67, 74, 73, 72, 72, 71, 69, 72, 72, 73, 70, 72, 73, 72,
    71, 69, 73, 72, 73, 70, 71, 73, 71, 71, 72, 72, 72, 70, 69, 71, 69,
    67, 70, 66, 70, 70, 66, 67, 68, 67, 71, 71, 66, 70, 66, 71, 71, 66,
    69, 70, 69, 71, 71, 68, 68, 69, 66, 69, 66, 70, 67, 70, 70, 66, 67,
    69, 70, 70, 68, 71, 69, 67, 70, 68, 66, 71, 69, 69, 70, 67, 66, 69,
    66, 68, 69, 70, 67, 66, 67, 66, 70, 68, 71, 71, 71, 68, 67, 66, 68,
    66 ]
