%YAML:1.0
---
videoName: "headLookLeft3.mp4"
gestureLabel: 203
fps: 29
pixelSizeInCmTemp: 3.4214285714285714e-01
faceCenterPointX: 290
faceCenterPointY: 74
headPositionsX: [ 291, 265, 265, 265, 263, 265, 267, 268, 267, 271, 271,
    275, 278, 276, 282, 280, 283, 287, 289, 287, 288, 285, 291, 291, 285,
    289, 295, 290, 289, 285, 291, 289, 289, 291, 285, 288, 283, 292, 293,
    287, 290, 288, 291, 297, 288, 287, 288, 288, 291, 287, 291, 292, 289,
    291, 289, 288, 290, 289, 291, 292, 292, 289, 287, 287, 289, 285, 288,
    291, 286, 289, 288, 285, 285, 287, 286, 287, 287, 286, 286, 285, 285,
    288, 289, 286, 290, 286, 291, 286, 287, 286, 285, 288, 289, 290, 288,
    285, 288, 289, 288, 286 ]
headPositionsY: [ 74, 76, 76, 78, 76, 74, 76, 77, 77, 75, 75, 76, 73, 75,
    73, 74, 74, 75, 72, 72, 75, 71, 76, 75, 70, 71, 73, 76, 73, 74, 72,
    72, 74, 74, 76, 77, 73, 73, 73, 76, 72, 74, 75, 78, 72, 72, 73, 74,
    77, 75, 75, 74, 72, 73, 72, 76, 76, 71, 71, 77, 76, 71, 74, 73, 76,
    75, 74, 76, 71, 76, 75, 73, 75, 75, 73, 74, 74, 73, 74, 72, 72, 76,
    75, 74, 73, 75, 74, 76, 75, 73, 72, 72, 75, 77, 76, 77, 73, 73, 76,
    72 ]
