%YAML:1.0
---
videoName: "headLookLeft5.mp4"
gestureLabel: 203
fps: 30
pixelSizeInCmTemp: 3.5746268656716418e-01
faceCenterPointX: 284
faceCenterPointY: 67
headPositionsX: [ 285, 259, 261, 259, 262, 258, 261, 259, 258, 258, 260,
    260, 261, 261, 261, 264, 262, 264, 261, 263, 264, 265, 270, 270, 270,
    272, 274, 276, 277, 280, 279, 282, 284, 283, 285, 285, 289, 288, 284,
    284, 284, 283, 281, 283, 287, 287, 286, 286, 284, 287, 288, 282, 284,
    281, 285, 284, 285, 285, 285, 283, 283, 283, 282, 283, 283, 284, 284,
    282, 283, 283, 287, 283, 282, 283, 283, 287, 286, 284, 286, 285, 287,
    284, 285, 288, 287, 287, 283, 283, 284, 285, 287, 284, 286, 284, 284,
    283, 286, 285, 286, 285 ]
headPositionsY: [ 68, 70, 70, 70, 71, 71, 73, 69, 73, 69, 70, 71, 72, 74,
    73, 69, 74, 73, 74, 69, 70, 70, 72, 68, 72, 71, 68, 68, 66, 67, 69,
    68, 70, 66, 68, 69, 70, 67, 68, 67, 71, 71, 66, 70, 68, 67, 71, 68,
    67, 69, 67, 69, 68, 67, 70, 68, 66, 67, 69, 66, 66, 67, 68, 66, 68,
    70, 67, 66, 65, 70, 70, 68, 68, 67, 66, 69, 70, 69, 67, 68, 68, 66,
    70, 69, 71, 70, 65, 70, 69, 67, 67, 67, 68, 67, 68, 67, 66, 65, 69,
    66 ]
