%YAML:1.0
---
videoName: "headLookLeft4.mp4"
gestureLabel: 203
fps: 29
pixelSizeInCmTemp: 3.4710144927536229e-01
faceCenterPointX: 288
faceCenterPointY: 74
headPositionsX: [ 289, 265, 265, 266, 265, 266, 268, 272, 275, 274, 275,
    277, 283, 283, 284, 288, 296, 296, 298, 294, 298, 291, 294, 298, 291,
    293, 294, 297, 295, 292, 292, 293, 294, 295, 294, 294, 295, 294, 296,
    294, 289, 288, 294, 295, 292, 290, 289, 291, 289, 290, 291, 291, 293,
    289, 290, 289, 291, 289, 286, 289, 291, 287, 290, 290, 291, 291, 287,
    288, 287, 288, 287, 289, 288, 290, 287, 291, 294, 289, 295, 291, 293,
    289, 290, 294, 288, 289, 288, 290, 290, 293, 291, 290, 292, 290, 288,
    289, 292, 289, 289, 290 ]
headPositionsY: [ 72, 80, 81, 77, 80, 77, 77, 78, 76, 75, 80, 78, 79, 77,
    78, 78, 78, 78, 76, 82, 75, 77, 73, 76, 73, 77, 78, 77, 76, 79, 76,
    79, 76, 74, 77, 74, 80, 73, 75, 74, 76, 76, 74, 73, 74, 75, 75, 74,
    75, 74, 73, 73, 72, 76, 74, 73, 72, 73, 74, 73, 76, 75, 76, 76, 76,
    75, 72, 74, 73, 74, 74, 73, 75, 74, 75, 77, 76, 72, 78, 73, 77, 74,
    75, 76, 73, 75, 72, 75, 76, 74, 75, 74, 74, 75, 75, 76, 75, 74, 72,
    77 ]
