%YAML:1.0
---
videoName: "headLookLeft7.mp4"
gestureLabel: 203
fps: 29
pixelSizeInCmTemp: 3.4214285714285714e-01
faceCenterPointX: 268
faceCenterPointY: 68
headPositionsX: [ 267, 248, 245, 243, 248, 244, 248, 246, 243, 246, 243,
    243, 246, 247, 246, 244, 245, 244, 247, 243, 243, 248, 246, 247, 247,
    247, 245, 246, 246, 247, 248, 251, 254, 255, 258, 260, 261, 264, 265,
    267, 268, 267, 270, 266, 264, 266, 269, 267, 267, 268, 266, 269, 269,
    270, 264, 267, 266, 268, 265, 270, 268, 268, 267, 269, 270, 269, 268,
    268, 267, 267, 267, 267, 266, 270, 266, 268, 268, 270, 264, 270, 269,
    268, 269, 269, 269, 269, 269, 271, 264, 268, 272, 270, 271, 268, 269,
    272, 269, 271, 267, 271 ]
headPositionsY: [ 66, 69, 69, 70, 69, 67, 69, 71, 69, 70, 70, 68, 68, 69,
    73, 73, 70, 69, 71, 72, 71, 68, 72, 72, 71, 68, 69, 71, 68, 71, 70,
    69, 67, 69, 67, 69, 66, 70, 68, 69, 69, 67, 67, 68, 68, 66, 69, 69,
    70, 66, 68, 70, 68, 71, 67, 68, 68, 70, 68, 67, 70, 69, 68, 70, 70,
    70, 71, 70, 68, 71, 68, 70, 70, 69, 71, 69, 69, 67, 66, 69, 68, 67,
    69, 70, 68, 70, 70, 70, 69, 70, 71, 71, 70, 69, 68, 71, 70, 69, 68,
    69 ]
