%YAML:1.0
---
videoName: "headLookLeft4.mp4"
gestureLabel: 203
fps: 29
pixelSizeInCmTemp: 3.4710144927536229e-01
faceCenterPointX: 288
faceCenterPointY: 74
headPositionsX: [ 287, 266, 267, 266, 264, 266, 268, 269, 273, 271, 278,
    277, 283, 282, 284, 290, 293, 293, 296, 296, 297, 291, 295, 294, 290,
    297, 291, 297, 296, 296, 295, 294, 293, 294, 294, 295, 292, 294, 295,
    295, 290, 289, 293, 297, 294, 291, 288, 291, 289, 290, 293, 289, 290,
    291, 288, 290, 290, 290, 289, 288, 290, 290, 292, 290, 287, 290, 289,
    290, 288, 289, 286, 293, 289, 291, 291, 290, 293, 288, 293, 288, 293,
    292, 292, 292, 291, 290, 290, 291, 291, 290, 289, 287, 288, 287, 289,
    290, 289, 287, 288, 289 ]
headPositionsY: [ 72, 77, 79, 78, 77, 81, 80, 76, 79, 76, 80, 78, 75, 79,
    76, 75, 78, 76, 74, 81, 73, 79, 74, 75, 73, 75, 77, 80, 75, 77, 78,
    79, 80, 77, 74, 75, 78, 72, 78, 78, 76, 76, 73, 77, 76, 73, 76, 75,
    75, 74, 72, 75, 72, 75, 75, 74, 72, 77, 71, 75, 73, 76, 75, 74, 76,
    73, 76, 73, 73, 73, 73, 74, 74, 78, 75, 75, 76, 75, 76, 75, 76, 76,
    76, 76, 73, 72, 73, 73, 75, 74, 77, 77, 74, 76, 73, 75, 74, 75, 75,
    73 ]
