%YAML:1.0
---
videoName: "headLookLeft3.mp4"
gestureLabel: 203
fps: 29
pixelSizeInCmTemp: 3.4214285714285714e-01
faceCenterPointX: 290
faceCenterPointY: 74
headPositionsX: [ 288, 263, 265, 265, 264, 262, 264, 267, 268, 268, 270,
    272, 277, 280, 280, 280, 286, 287, 287, 287, 288, 287, 291, 290, 284,
    289, 297, 289, 288, 282, 289, 292, 291, 289, 284, 291, 283, 292, 292,
    289, 290, 288, 287, 298, 288, 289, 287, 290, 290, 290, 293, 289, 288,
    287, 288, 285, 290, 289, 290, 293, 292, 290, 288, 289, 289, 288, 289,
    287, 284, 287, 286, 287, 289, 286, 284, 286, 289, 288, 285, 284, 285,
    289, 288, 288, 289, 287, 290, 286, 288, 289, 286, 286, 290, 289, 287,
    285, 289, 289, 289, 285 ]
headPositionsY: [ 75, 76, 74, 75, 78, 74, 77, 78, 78, 79, 77, 74, 76, 76,
    75, 75, 77, 77, 76, 74, 75, 74, 74, 74, 74, 70, 73, 74, 72, 72, 74,
    72, 74, 77, 73, 73, 75, 76, 73, 74, 71, 72, 72, 76, 76, 74, 75, 73,
    76, 73, 73, 71, 73, 75, 72, 75, 73, 71, 75, 76, 72, 75, 72, 73, 73,
    72, 73, 72, 74, 74, 72, 75, 72, 73, 75, 76, 74, 76, 74, 75, 73, 74,
    72, 71, 72, 74, 73, 73, 72, 75, 75, 76, 73, 73, 74, 76, 72, 73, 73,
    76 ]
