%YAML:1.0
---
videoName: "headLookLeft9.mp4"
gestureLabel: 203
fps: 30
pixelSizeInCmTemp: 3.2364864864864862e-01
faceCenterPointX: 273
faceCenterPointY: 69
headPositionsX: [ 272, 246, 247, 246, 247, 249, 248, 245, 245, 248, 247,
    246, 244, 247, 246, 245, 248, 244, 248, 245, 247, 246, 243, 246, 247,
    244, 243, 246, 246, 245, 246, 244, 250, 249, 252, 254, 256, 256, 259,
    260, 266, 266, 267, 269, 264, 269, 272, 272, 268, 270, 269, 273, 271,
    272, 271, 269, 275, 273, 272, 274, 273, 270, 270, 274, 273, 270, 271,
    272, 275, 269, 269, 269, 274, 272, 274, 270, 272, 270, 272, 270, 269,
    272, 267, 269, 270, 271, 269, 272, 271, 273, 274, 270, 271, 269, 271,
    272, 273, 273, 270, 271 ]
headPositionsY: [ 69, 73, 70, 69, 69, 70, 70, 70, 68, 69, 72, 73, 70, 69,
    71, 73, 71, 73, 70, 72, 69, 72, 70, 69, 73, 71, 70, 73, 70, 72, 72,
    72, 73, 73, 70, 70, 67, 69, 65, 66, 67, 67, 68, 70, 69, 67, 67, 67,
    70, 68, 68, 66, 67, 69, 67, 65, 69, 69, 70, 65, 68, 68, 68, 70, 66,
    67, 67, 70, 68, 69, 68, 68, 68, 69, 71, 69, 70, 68, 69, 67, 68, 69,
    66, 68, 68, 68, 67, 67, 70, 68, 69, 67, 69, 67, 69, 69, 68, 69, 69,
    69 ]
