%YAML:1.0
---
videoName: "headLookLeft8.mp4"
gestureLabel: 203
fps: 29
pixelSizeInCmTemp: 3.6287878787878786e-01
faceCenterPointX: 273
faceCenterPointY: 69
headPositionsX: [ 272, 243, 243, 239, 242, 240, 243, 239, 241, 242, 243,
    243, 244, 245, 242, 245, 244, 246, 245, 246, 247, 247, 247, 248, 247,
    249, 246, 245, 244, 249, 247, 246, 248, 247, 246, 246, 245, 246, 244,
    248, 243, 243, 247, 245, 247, 248, 246, 246, 248, 248, 244, 246, 250,
    250, 247, 251, 255, 258, 259, 259, 262, 267, 267, 274, 268, 272, 275,
    283, 282, 275, 279, 278, 278, 274, 279, 275, 272, 276, 275, 281, 277,
    280, 279, 269, 271, 276, 277, 278, 277, 277, 277, 275, 272, 273, 274,
    271, 273, 274, 271, 270 ]
headPositionsY: [ 67, 66, 68, 67, 67, 69, 66, 69, 70, 70, 69, 65, 68, 67,
    70, 70, 67, 67, 70, 71, 69, 70, 68, 67, 69, 69, 70, 71, 69, 69, 73,
    71, 72, 70, 72, 70, 71, 73, 72, 71, 73, 73, 70, 74, 75, 70, 71, 72,
    72, 73, 71, 75, 74, 74, 73, 74, 73, 68, 69, 67, 71, 69, 69, 71, 67,
    70, 71, 73, 70, 71, 68, 71, 69, 70, 68, 68, 67, 71, 69, 70, 69, 72,
    68, 67, 69, 69, 70, 71, 68, 70, 69, 70, 69, 68, 73, 68, 68, 71, 69,
    70 ]
