%YAML:1.0
---
videoName: "headLookLeft4.mp4"
gestureLabel: 203
fps: 29
pixelSizeInCmTemp: 3.4710144927536229e-01
faceCenterPointX: 288
faceCenterPointY: 74
headPositionsX: [ 286, 262, 267, 263, 268, 267, 270, 269, 275, 274, 274,
    279, 282, 284, 287, 288, 293, 294, 297, 298, 298, 291, 297, 298, 290,
    296, 292, 297, 296, 296, 292, 295, 294, 291, 292, 294, 294, 293, 297,
    292, 290, 289, 296, 294, 292, 289, 288, 294, 289, 288, 294, 291, 291,
    291, 290, 290, 290, 291, 290, 288, 289, 288, 290, 287, 289, 290, 289,
    289, 286, 292, 286, 292, 287, 293, 291, 290, 290, 289, 293, 292, 290,
    289, 291, 290, 288, 292, 289, 287, 290, 292, 290, 288, 289, 290, 288,
    290, 289, 289, 289, 291 ]
headPositionsY: [ 75, 81, 78, 78, 80, 80, 80, 76, 76, 77, 76, 79, 78, 76,
    76, 79, 76, 75, 76, 79, 74, 75, 75, 77, 77, 75, 76, 79, 79, 75, 79,
    80, 79, 77, 73, 74, 81, 72, 75, 74, 75, 73, 75, 75, 73, 74, 72, 74,
    73, 76, 72, 75, 74, 75, 76, 72, 76, 75, 71, 77, 76, 74, 75, 72, 76,
    73, 76, 73, 73, 72, 76, 74, 73, 75, 72, 74, 75, 76, 78, 75, 74, 76,
    77, 78, 75, 76, 72, 77, 74, 76, 77, 74, 75, 76, 76, 76, 77, 75, 74,
    76 ]
