%YAML:1.0
---
videoName: "headLookLeft4.mp4"
gestureLabel: 203
fps: 29
pixelSizeInCmTemp: 3.4710144927536229e-01
faceCenterPointX: 288
faceCenterPointY: 74
headPositionsX: [ 288, 264, 265, 267, 264, 266, 267, 270, 273, 273, 275,
    281, 281, 283, 288, 290, 296, 292, 294, 295, 297, 291, 295, 297, 290,
    297, 291, 299, 295, 292, 295, 294, 292, 292, 294, 292, 293, 295, 297,
    292, 293, 288, 294, 295, 294, 290, 288, 291, 291, 289, 290, 290, 289,
    292, 292, 286, 287, 292, 288, 289, 290, 290, 290, 289, 290, 290, 291,
    287, 287, 292, 287, 293, 288, 293, 287, 288, 291, 289, 295, 291, 293,
    290, 290, 293, 291, 293, 288, 289, 294, 292, 289, 290, 288, 289, 290,
    287, 288, 291, 287, 291 ]
headPositionsY: [ 76, 77, 82, 78, 77, 79, 79, 79, 78, 75, 80, 80, 78, 76,
    75, 77, 78, 76, 75, 80, 75, 77, 73, 78, 74, 77, 74, 78, 78, 75, 79,
    80, 80, 74, 76, 73, 79, 73, 74, 76, 75, 72, 72, 75, 75, 74, 73, 75,
    72, 74, 72, 74, 72, 75, 72, 75, 73, 74, 71, 76, 72, 76, 74, 73, 75,
    76, 72, 72, 76, 75, 73, 75, 74, 76, 75, 73, 78, 72, 76, 75, 78, 73,
    76, 78, 73, 74, 74, 73, 74, 74, 74, 77, 75, 75, 74, 74, 77, 75, 72,
    77 ]
