%YAML:1.0
---
videoName: "headLookLeft9.mp4"
gestureLabel: 203
fps: 30
pixelSizeInCmTemp: 3.2364864864864862e-01
faceCenterPointX: 273
faceCenterPointY: 69
headPositionsX: [ 272, 248, 246, 250, 248, 245, 248, 244, 248, 245, 246,
    248, 246, 244, 245, 245, 244, 248, 246, 244, 246, 244, 247, 247, 246,
    243, 244, 246, 245, 244, 245, 244, 248, 250, 252, 252, 253, 257, 259,
    263, 262, 263, 269, 269, 266, 271, 273, 272, 268, 270, 270, 272, 272,
    271, 270, 270, 274, 273, 272, 273, 273, 274, 269, 271, 274, 271, 269,
    272, 272, 270, 272, 270, 271, 273, 274, 273, 271, 268, 269, 272, 269,
    271, 271, 272, 272, 267, 270, 271, 272, 270, 273, 270, 271, 269, 269,
    273, 272, 270, 272, 269 ]
headPositionsY: [ 68, 72, 69, 69, 71, 68, 72, 68, 68, 70, 70, 69, 71, 71,
    69, 70, 73, 73, 72, 72, 72, 70, 73, 70, 69, 71, 70, 70, 69, 72, 70,
    69, 69, 71, 72, 72, 69, 68, 65, 70, 66, 67, 69, 70, 69, 69, 67, 69,
    67, 69, 70, 68, 67, 66, 68, 65, 69, 70, 70, 68, 67, 65, 69, 68, 70,
    70, 67, 68, 71, 66, 67, 67, 70, 69, 70, 68, 70, 67, 66, 66, 70, 70,
    66, 68, 70, 67, 68, 70, 66, 66, 66, 69, 66, 66, 68, 66, 71, 67, 71,
    69 ]
