%YAML:1.0
---
videoName: "headLookLeft5.mp4"
gestureLabel: 203
fps: 30
pixelSizeInCmTemp: 3.5746268656716418e-01
faceCenterPointX: 284
faceCenterPointY: 67
headPositionsX: [ 282, 257, 258, 262, 261, 262, 259, 258, 258, 261, 259,
    259, 261, 263, 264, 263, 260, 265, 264, 265, 266, 264, 267, 268, 271,
    273, 274, 277, 280, 278, 281, 281, 283, 281, 285, 286, 286, 285, 284,
    285, 285, 285, 285, 285, 289, 287, 287, 287, 284, 287, 289, 285, 285,
    284, 282, 285, 281, 282, 283, 285, 282, 285, 284, 283, 282, 285, 286,
    285, 282, 280, 286, 285, 282, 286, 281, 286, 285, 282, 283, 284, 287,
    284, 287, 287, 285, 287, 284, 286, 283, 285, 284, 283, 285, 286, 285,
    284, 285, 285, 282, 284 ]
headPositionsY: [ 66, 73, 73, 70, 72, 72, 73, 73, 70, 71, 74, 69, 70, 72,
    72, 73, 74, 74, 74, 71, 70, 73, 74, 72, 69, 71, 69, 69, 67, 69, 70,
    67, 70, 69, 71, 66, 68, 71, 65, 67, 71, 68, 68, 67, 67, 71, 69, 68,
    69, 71, 69, 67, 71, 68, 70, 66, 66, 69, 67, 70, 69, 70, 70, 68, 70,
    68, 70, 67, 68, 67, 68, 67, 69, 66, 66, 68, 71, 68, 69, 65, 66, 66,
    66, 67, 70, 68, 66, 70, 66, 66, 68, 70, 68, 71, 68, 70, 68, 68, 69,
    66 ]
