%YAML:1.0
---
videoName: "headLookLeft6.mp4"
gestureLabel: 203
fps: 29
pixelSizeInCmTemp: 3.2808219178082193e-01
faceCenterPointX: 267
faceCenterPointY: 69
headPositionsX: [ 265, 245, 246, 245, 243, 247, 244, 244, 245, 245, 246,
    244, 244, 245, 247, 243, 245, 245, 246, 247, 247, 245, 246, 243, 247,
    247, 247, 250, 253, 253, 256, 255, 260, 261, 261, 267, 266, 267, 267,
    269, 268, 269, 269, 268, 271, 271, 269, 268, 270, 271, 270, 268, 269,
    267, 269, 271, 267, 271, 266, 266, 266, 265, 266, 270, 269, 266, 267,
    268, 267, 266, 267, 266, 267, 267, 264, 267, 267, 268, 271, 271, 264,
    265, 264, 267, 265, 266, 269, 266, 266, 271, 267, 270, 266, 268, 269,
    265, 265, 268, 268, 266 ]
headPositionsY: [ 68, 71, 70, 70, 70, 71, 71, 70, 72, 75, 70, 72, 74, 70,
    70, 71, 71, 71, 74, 74, 71, 70, 73, 72, 72, 72, 72, 71, 70, 73, 71,
    69, 72, 73, 72, 71, 70, 68, 68, 72, 68, 72, 68, 71, 71, 71, 67, 69,
    70, 69, 66, 68, 71, 69, 69, 71, 70, 69, 71, 70, 70, 71, 68, 69, 71,
    68, 71, 69, 70, 72, 70, 69, 68, 68, 67, 70, 68, 71, 70, 69, 70, 68,
    69, 68, 72, 71, 70, 70, 71, 72, 71, 71, 70, 70, 70, 67, 70, 69, 69,
    68 ]
