%YAML:1.0
---
videoName: "headLookLeft9.mp4"
gestureLabel: 203
fps: 30
pixelSizeInCmTemp: 3.2364864864864862e-01
faceCenterPointX: 273
faceCenterPointY: 69
headPositionsX: [ 275, 248, 245, 248, 246, 248, 249, 247, 245, 244, 246,
    248, 244, 245, 245, 248, 244, 245, 244, 245, 245, 243, 247, 246, 248,
    246, 246, 247, 245, 245, 244, 246, 250, 249, 249, 254, 252, 256, 259,
    261, 262, 265, 268, 268, 267, 267, 272, 268, 268, 272, 272, 271, 269,
    272, 272, 269, 272, 273, 273, 272, 270, 274, 272, 272, 274, 274, 271,
    270, 272, 271, 269, 270, 273, 273, 271, 272, 274, 268, 272, 272, 272,
    268, 270, 271, 274, 270, 272, 273, 274, 270, 271, 271, 271, 270, 271,
    272, 269, 272, 269, 272 ]
headPositionsY: [ 67, 69, 69, 73, 71, 68, 71, 70, 68, 71, 70, 72, 69, 70,
    72, 71, 71, 69, 71, 72, 73, 69, 71, 69, 71, 72, 71, 71, 72, 70, 73,
    70, 72, 70, 70, 71, 68, 70, 65, 67, 67, 68, 70, 68, 68, 66, 68, 68,
    68, 68, 69, 64, 67, 65, 68, 67, 69, 66, 66, 69, 69, 65, 67, 68, 68,
    71, 66, 70, 68, 67, 66, 69, 68, 71, 71, 67, 69, 66, 68, 66, 70, 71,
    65, 71, 69, 65, 67, 69, 70, 66, 68, 66, 69, 68, 66, 66, 68, 68, 70,
    70 ]
