%YAML:1.0
---
videoName: "headLookLeft8.mp4"
gestureLabel: 203
fps: 29
pixelSizeInCmTemp: 3.6287878787878786e-01
faceCenterPointX: 273
faceCenterPointY: 69
headPositionsX: [ 273, 241, 244, 240, 243, 243, 243, 241, 241, 241, 241,
    240, 243, 245, 242, 243, 247, 247, 249, 248, 249, 245, 249, 249, 249,
    249, 245, 246, 244, 249, 247, 244, 245, 249, 249, 244, 243, 244, 244,
    248, 246, 247, 246, 244, 246, 247, 245, 247, 244, 245, 246, 247, 248,
    248, 247, 250, 252, 254, 258, 258, 260, 268, 269, 273, 270, 274, 273,
    280, 281, 272, 276, 276, 279, 275, 279, 276, 275, 274, 276, 280, 280,
    278, 279, 271, 271, 275, 280, 276, 274, 277, 275, 273, 273, 273, 275,
    273, 276, 277, 274, 273 ]
headPositionsY: [ 70, 66, 69, 69, 65, 68, 68, 66, 70, 68, 66, 65, 70, 70,
    69, 67, 66, 66, 71, 68, 68, 69, 70, 69, 71, 71, 68, 71, 71, 69, 72,
    70, 70, 70, 71, 72, 69, 70, 71, 71, 70, 71, 71, 74, 71, 70, 71, 72,
    73, 72, 71, 72, 74, 73, 71, 72, 71, 69, 68, 71, 69, 68, 71, 73, 71,
    69, 68, 73, 71, 70, 68, 71, 70, 68, 69, 68, 67, 68, 68, 70, 71, 72,
    68, 67, 66, 71, 68, 68, 68, 71, 70, 68, 70, 69, 70, 69, 70, 70, 67,
    70 ]
