%YAML:1.0
---
videoName: "headLookLeft6.mp4"
gestureLabel: 203
fps: 29
pixelSizeInCmTemp: 3.2808219178082193e-01
faceCenterPointX: 267
faceCenterPointY: 69
headPositionsX: [ 269, 243, 243, 247, 244, 247, 245, 247, 247, 245, 248,
    247, 247, 244, 245, 245, 243, 244, 245, 244, 246, 244, 245, 244, 247,
    248, 249, 252, 250, 253, 253, 255, 260, 259, 262, 264, 269, 270, 266,
    272, 266, 268, 267, 269, 268, 271, 267, 271, 268, 271, 270, 269, 267,
    268, 267, 269, 267, 268, 268, 266, 266, 267, 267, 268, 270, 268, 266,
    269, 265, 267, 269, 266, 267, 265, 267, 267, 264, 268, 272, 268, 266,
    266, 268, 266, 267, 269, 270, 265, 265, 271, 268, 266, 267, 266, 266,
    265, 263, 268, 267, 267 ]
headPositionsY: [ 67, 72, 70, 72, 72, 71, 72, 71, 72, 71, 74, 70, 74, 70,
    74, 72, 72, 74, 72, 74, 72, 72, 73, 74, 73, 71, 71, 72, 72, 69, 70,
    72, 69, 73, 70, 71, 72, 68, 68, 70, 70, 70, 70, 71, 70, 70, 67, 68,
    71, 71, 66, 68, 72, 71, 69, 72, 70, 72, 72, 68, 68, 67, 68, 67, 70,
    69, 68, 70, 72, 72, 68, 71, 68, 71, 68, 70, 69, 69, 73, 68, 72, 68,
    70, 67, 69, 69, 72, 70, 72, 71, 69, 70, 68, 70, 72, 70, 68, 70, 72,
    66 ]
