%YAML:1.0
---
videoName: "headLookLeft3.mp4"
gestureLabel: 203
fps: 29
pixelSizeInCmTemp: 3.4214285714285714e-01
faceCenterPointX: 290
faceCenterPointY: 74
headPositionsX: [ 292, 263, 262, 266, 263, 262, 268, 268, 268, 269, 274,
    274, 278, 279, 282, 282, 282, 286, 289, 287, 288, 288, 294, 291, 288,
    286, 298, 290, 287, 283, 289, 292, 293, 292, 286, 292, 285, 292, 291,
    288, 288, 288, 287, 296, 288, 291, 288, 289, 289, 287, 293, 293, 288,
    289, 288, 288, 287, 290, 290, 293, 288, 289, 289, 288, 287, 285, 291,
    287, 285, 287, 285, 285, 289, 288, 285, 287, 286, 290, 286, 285, 287,
    287, 288, 285, 289, 286, 288, 287, 286, 290, 288, 285, 290, 287, 285,
    285, 287, 288, 290, 285 ]
headPositionsY: [ 75, 79, 75, 79, 75, 75, 79, 78, 77, 76, 74, 75, 75, 77,
    75, 75, 73, 75, 74, 73, 74, 74, 76, 75, 71, 70, 73, 74, 73, 70, 75,
    76, 75, 76, 74, 73, 75, 76, 74, 73, 75, 73, 74, 77, 76, 76, 72, 76,
    76, 75, 74, 72, 73, 76, 75, 75, 76, 72, 75, 73, 74, 73, 73, 75, 74,
    74, 73, 72, 75, 74, 71, 71, 75, 73, 74, 77, 72, 77, 74, 74, 73, 76,
    74, 71, 75, 74, 73, 73, 75, 76, 73, 75, 73, 74, 73, 77, 74, 72, 73,
    74 ]
