%YAML:1.0
---
videoName: "headLookLeft9.mp4"
gestureLabel: 203
fps: 30
pixelSizeInCmTemp: 3.2364864864864862e-01
faceCenterPointX: 273
faceCenterPointY: 69
headPositionsX: [ 272, 246, 246, 247, 246, 248, 248, 246, 247, 247, 249,
    247, 245, 244, 246, 248, 248, 245, 244, 248, 245, 245, 247, 245, 248,
    245, 245, 247, 246, 247, 243, 244, 249, 249, 249, 253, 254, 259, 260,
    259, 265, 264, 268, 271, 268, 271, 270, 271, 272, 272, 273, 273, 269,
    271, 271, 269, 274, 273, 274, 270, 270, 270, 272, 272, 275, 272, 270,
    269, 276, 270, 273, 269, 273, 273, 273, 274, 273, 267, 269, 269, 273,
    271, 268, 272, 270, 269, 272, 269, 273, 272, 273, 272, 270, 269, 271,
    272, 273, 274, 270, 272 ]
headPositionsY: [ 69, 73, 72, 70, 72, 72, 72, 68, 69, 70, 70, 72, 71, 69,
    71, 71, 69, 71, 72, 70, 73, 70, 72, 70, 72, 71, 70, 70, 70, 70, 72,
    69, 73, 70, 69, 72, 67, 67, 69, 69, 68, 70, 66, 67, 67, 67, 67, 67,
    70, 69, 66, 64, 68, 69, 66, 68, 67, 67, 70, 67, 69, 67, 71, 68, 67,
    68, 66, 68, 71, 65, 65, 69, 68, 69, 69, 67, 70, 69, 69, 68, 66, 67,
    69, 70, 68, 65, 69, 71, 69, 66, 67, 67, 69, 68, 66, 70, 71, 67, 70,
    70 ]
