%YAML:1.0
---
videoName: "headLookLeft8.mp4"
gestureLabel: 203
fps: 29
pixelSizeInCmTemp: 3.6287878787878786e-01
faceCenterPointX: 273
faceCenterPointY: 69
headPositionsX: [ 275, 243, 241, 240, 239, 242, 239, 242, 241, 239, 243,
    241, 240, 242, 245, 244, 244, 245, 245, 245, 248, 249, 247, 247, 246,
    246, 247, 247, 246, 249, 244, 248, 246, 249, 246, 244, 247, 248, 248,
    247, 244, 243, 245, 246, 247, 248, 245, 245, 248, 246, 245, 247, 248,
    249, 251, 251, 252, 258, 256, 262, 262, 266, 266, 271, 270, 271, 277,
    281, 280, 276, 279, 279, 278, 277, 275, 276, 275, 275, 279, 277, 276,
    279, 280, 273, 273, 274, 280, 279, 275, 276, 277, 277, 275, 274, 276,
    271, 274, 275, 271, 272 ]
headPositionsY: [ 70, 68, 67, 66, 65, 66, 67, 66, 68, 69, 67, 66, 66, 70,
    66, 69, 70, 67, 71, 71, 71, 69, 71, 68, 68, 70, 71, 70, 72, 69, 71,
    73, 73, 72, 70, 71, 70, 74, 73, 70, 69, 72, 72, 71, 75, 74, 73, 70,
    72, 71, 73, 73, 71, 74, 74, 72, 70, 70, 68, 71, 68, 70, 68, 71, 71,
    72, 71, 71, 72, 71, 69, 68, 68, 71, 68, 68, 67, 71, 67, 69, 71, 72,
    71, 69, 68, 68, 68, 67, 67, 68, 69, 69, 69, 67, 72, 71, 67, 71, 69,
    68 ]
