%YAML:1.0
---
videoName: "headLookLeft8.mp4"
gestureLabel: 203
fps: 29
pixelSizeInCmTemp: 3.6287878787878786e-01
faceCenterPointX: 273
faceCenterPointY: 69
headPositionsX: [ 274, 242, 240, 240, 240, 243, 240, 242, 240, 240, 239,
    239, 244, 242, 243, 245, 245, 248, 246, 245, 248, 248, 245, 247, 246,
    247, 246, 249, 248, 247, 244, 248, 245, 245, 245, 246, 243, 248, 246,
    248, 247, 243, 243, 245, 248, 244, 247, 244, 247, 246, 244, 248, 250,
    247, 250, 252, 252, 257, 259, 258, 264, 267, 267, 271, 271, 272, 276,
    281, 283, 275, 276, 276, 278, 275, 275, 276, 276, 273, 278, 277, 280,
    280, 277, 272, 271, 273, 276, 278, 273, 276, 273, 275, 272, 277, 274,
    274, 276, 276, 271, 270 ]
headPositionsY: [ 68, 68, 68, 69, 65, 68, 66, 65, 68, 66, 66, 67, 69, 68,
    66, 66, 66, 68, 69, 69, 68, 68, 69, 70, 69, 69, 69, 69, 69, 69, 73,
    69, 73, 74, 74, 70, 72, 70, 70, 71, 71, 72, 70, 72, 74, 70, 71, 72,
    75, 75, 73, 72, 74, 72, 71, 71, 72, 68, 69, 69, 70, 70, 70, 71, 67,
    70, 71, 70, 69, 70, 71, 69, 69, 70, 72, 69, 69, 71, 70, 68, 71, 71,
    72, 69, 65, 71, 72, 69, 71, 71, 70, 68, 68, 68, 69, 67, 69, 68, 70,
    70 ]
