%YAML:1.0
---
videoName: "headLookLeft9.mp4"
gestureLabel: 203
fps: 30
pixelSizeInCmTemp: 3.2364864864864862e-01
faceCenterPointX: 273
faceCenterPointY: 69
headPositionsX: [ 274, 247, 248, 249, 246, 247, 245, 248, 246, 246, 249,
    244, 246, 244, 246, 247, 247, 245, 244, 247, 245, 246, 246, 246, 245,
    244, 243, 247, 246, 243, 246, 245, 250, 250, 250, 254, 254, 259, 259,
    260, 264, 264, 269, 270, 265, 269, 271, 269, 271, 273, 269, 272, 272,
    268, 271, 273, 273, 272, 273, 273, 271, 273, 269, 271, 275, 270, 269,
    269, 276, 272, 271, 271, 271, 274, 274, 273, 274, 269, 273, 271, 270,
    270, 270, 271, 272, 269, 270, 271, 271, 273, 274, 272, 271, 270, 271,
    276, 269, 271, 271, 269 ]
headPositionsY: [ 70, 69, 68, 72, 70, 71, 70, 70, 67, 72, 69, 70, 72, 71,
    68, 73, 72, 70, 72, 71, 71, 72, 72, 72, 69, 71, 71, 73, 73, 71, 73,
    71, 71, 70, 70, 68, 67, 69, 69, 69, 68, 67, 70, 67, 69, 68, 67, 65,
    68, 71, 66, 66, 68, 68, 69, 68, 69, 68, 66, 65, 67, 66, 67, 68, 67,
    69, 69, 67, 68, 65, 68, 67, 67, 72, 72, 67, 67, 66, 67, 66, 70, 71,
    69, 71, 71, 66, 68, 70, 67, 66, 70, 67, 68, 66, 67, 67, 72, 68, 68,
    68 ]
