%YAML:1.0
---
videoName: "headLookLeft3.mp4"
gestureLabel: 203
fps: 29
pixelSizeInCmTemp: 3.4214285714285714e-01
faceCenterPointX: 290
faceCenterPointY: 74
headPositionsX: [ 291, 263, 262, 266, 264, 264, 266, 270, 268, 270, 271,
    276, 278, 279, 282, 280, 283, 289, 286, 290, 287, 286, 294, 292, 284,
    286, 296, 288, 290, 283, 289, 288, 292, 293, 285, 288, 284, 293, 290,
    287, 289, 286, 291, 294, 290, 290, 290, 286, 293, 290, 292, 293, 292,
    287, 287, 285, 290, 288, 292, 291, 291, 290, 290, 288, 288, 289, 291,
    290, 284, 290, 288, 287, 287, 288, 287, 284, 289, 288, 285, 285, 288,
    286, 287, 284, 288, 286, 291, 289, 288, 286, 288, 288, 290, 288, 287,
    285, 290, 287, 290, 285 ]
headPositionsY: [ 73, 75, 78, 75, 75, 75, 76, 78, 77, 79, 77, 73, 77, 76,
    73, 76, 75, 73, 72, 72, 74, 74, 73, 73, 71, 73, 74, 76, 75, 73, 75,
    75, 76, 74, 75, 76, 73, 74, 74, 75, 73, 72, 71, 74, 76, 75, 75, 74,
    78, 75, 73, 74, 72, 77, 75, 72, 74, 73, 73, 73, 73, 72, 74, 73, 72,
    74, 75, 72, 73, 75, 74, 74, 73, 71, 73, 76, 75, 73, 74, 72, 72, 74,
    73, 71, 75, 75, 76, 72, 75, 75, 74, 76, 73, 74, 73, 73, 73, 75, 74,
    74 ]
