%YAML:1.0
---
videoName: "headLookLeft9.mp4"
gestureLabel: 203
fps: 30
pixelSizeInCmTemp: 3.2364864864864862e-01
faceCenterPointX: 273
faceCenterPointY: 69
headPositionsX: [ 275, 245, 247, 249, 248, 246, 247, 244, 245, 248, 246,
    245, 246, 246, 244, 245, 248, 244, 245, 248, 246, 244, 246, 246, 245,
    246, 246, 245, 244, 246, 245, 245, 250, 249, 249, 251, 253, 259, 259,
    262, 266, 263, 270, 267, 267, 271, 270, 272, 269, 272, 272, 273, 272,
    270, 272, 271, 274, 272, 273, 273, 271, 273, 272, 273, 275, 273, 269,
    270, 273, 273, 271, 273, 274, 270, 273, 274, 271, 271, 272, 269, 273,
    268, 269, 271, 270, 269, 271, 269, 274, 272, 274, 273, 273, 269, 271,
    275, 269, 272, 270, 272 ]
headPositionsY: [ 69, 73, 69, 73, 73, 71, 72, 71, 67, 72, 70, 69, 68, 69,
    71, 69, 70, 69, 69, 73, 70, 72, 71, 72, 70, 71, 69, 71, 70, 69, 71,
    69, 71, 69, 70, 68, 68, 70, 68, 69, 70, 66, 66, 67, 70, 65, 68, 68,
    70, 68, 66, 64, 69, 65, 70, 67, 65, 67, 69, 66, 67, 69, 69, 69, 69,
    71, 65, 66, 68, 67, 66, 70, 67, 71, 71, 66, 71, 67, 65, 68, 68, 70,
    68, 70, 67, 66, 68, 69, 66, 68, 68, 70, 70, 68, 65, 70, 69, 68, 70,
    68 ]
