%YAML:1.0
---
videoName: "headLookLeft4.mp4"
gestureLabel: 203
fps: 29
pixelSizeInCmTemp: 3.4710144927536229e-01
faceCenterPointX: 288
faceCenterPointY: 74
headPositionsX: [ 290, 262, 267, 266, 264, 264, 267, 271, 272, 271, 276,
    279, 282, 284, 285, 289, 296, 292, 296, 296, 296, 291, 296, 295, 290,
    296, 293, 297, 296, 296, 294, 295, 294, 293, 291, 294, 292, 292, 294,
    295, 292, 289, 294, 296, 295, 288, 288, 291, 290, 289, 291, 289, 292,
    291, 289, 286, 288, 291, 288, 289, 288, 290, 290, 288, 291, 290, 288,
    287, 289, 288, 290, 292, 287, 290, 291, 290, 290, 286, 293, 291, 292,
    289, 294, 294, 288, 290, 291, 287, 293, 291, 291, 291, 291, 286, 289,
    287, 291, 289, 286, 291 ]
headPositionsY: [ 75, 77, 82, 77, 80, 79, 80, 77, 78, 75, 78, 80, 75, 76,
    76, 76, 79, 78, 78, 81, 73, 79, 73, 74, 75, 74, 77, 77, 76, 79, 78,
    78, 80, 77, 76, 75, 79, 73, 75, 77, 74, 74, 73, 76, 76, 72, 73, 76,
    72, 77, 72, 72, 75, 75, 74, 72, 74, 77, 73, 75, 72, 73, 78, 76, 75,
    77, 73, 72, 72, 75, 75, 72, 74, 76, 74, 77, 77, 72, 75, 73, 77, 75,
    77, 75, 75, 73, 73, 74, 74, 76, 76, 75, 75, 73, 77, 72, 76, 73, 72,
    73 ]
