%YAML:1.0
---
videoName: "headLookLeft4.mp4"
gestureLabel: 203
fps: 29
pixelSizeInCmTemp: 3.4710144927536229e-01
faceCenterPointX: 288
faceCenterPointY: 74
headPositionsX: [ 287, 262, 265, 264, 268, 266, 268, 268, 275, 274, 276,
    280, 280, 284, 285, 290, 294, 294, 294, 295, 298, 291, 297, 298, 289,
    294, 291, 296, 295, 292, 294, 292, 292, 293, 293, 294, 292, 296, 293,
    294, 290, 289, 293, 295, 295, 292, 287, 290, 291, 288, 290, 291, 290,
    293, 288, 288, 288, 292, 289, 291, 287, 289, 291, 289, 291, 294, 289,
    287, 287, 290, 286, 291, 291, 292, 291, 288, 292, 287, 291, 288, 290,
    288, 290, 292, 289, 293, 287, 291, 290, 293, 289, 290, 292, 286, 289,
    289, 291, 288, 287, 290 ]
headPositionsY: [ 72, 78, 81, 79, 80, 79, 77, 79, 79, 78, 78, 78, 78, 79,
    78, 76, 76, 76, 78, 79, 74, 78, 74, 77, 74, 76, 78, 80, 79, 75, 75,
    79, 78, 77, 73, 73, 81, 75, 78, 78, 78, 75, 74, 74, 76, 74, 76, 76,
    72, 77, 75, 74, 74, 73, 74, 74, 72, 77, 71, 76, 72, 77, 78, 73, 73,
    75, 75, 75, 76, 75, 76, 75, 74, 77, 72, 73, 78, 73, 75, 74, 74, 76,
    75, 78, 72, 76, 72, 75, 74, 75, 76, 74, 75, 75, 74, 74, 76, 76, 76,
    74 ]
