%YAML:1.0
---
videoName: "headLookLeft0.mp4"
gestureLabel: 203
fps: 29
pixelSizeInCmTemp: 3.6287878787878786e-01
faceCenterPointX: 286
faceCenterPointY: 69
headPositionsX: [ 287, 256, 254, 255, 253, 254, 255, 252, 256, 251, 253,
    251, 251, 252, 252, 252, 253, 251, 256, 255, 253, 252, 252, 254, 256,
    254, 254, 254, 254, 252, 254, 255, 253, 256, 256, 256, 257, 254, 257,
    256, 254, 256, 258, 256, 257, 256, 254, 255, 256, 254, 257, 256, 254,
    253, 253, 255, 254, 256, 254, 255, 255, 255, 255, 255, 253, 254, 254,
    254, 254, 253, 255, 257, 256, 254, 256, 253, 257, 258, 259, 260, 258,
    266, 264, 267, 269, 272, 273, 274, 282, 277, 279, 276, 283, 282, 284,
    287, 287, 284, 286, 288 ]
headPositionsY: [ 70, 69, 66, 68, 66, 67, 67, 70, 67, 69, 70, 70, 70, 71,
    71, 68, 69, 70, 67, 68, 72, 68, 71, 69, 68, 72, 70, 68, 68, 68, 71,
    71, 68, 71, 71, 72, 73, 71, 71, 70, 68, 72, 72, 72, 73, 72, 72, 70,
    73, 69, 69, 70, 72, 71, 69, 69, 71, 69, 71, 70, 74, 72, 72, 70, 73,
    70, 71, 69, 71, 69, 71, 69, 73, 73, 70, 74, 73, 69, 70, 72, 72, 70,
    69, 71, 72, 70, 70, 69, 69, 69, 66, 68, 65, 67, 70, 71, 71, 67, 69,
    69 ]
