%YAML:1.0
---
videoName: "headLookLeft3.mp4"
gestureLabel: 203
fps: 29
pixelSizeInCmTemp: 3.4214285714285714e-01
faceCenterPointX: 290
faceCenterPointY: 74
headPositionsX: [ 288, 266, 261, 266, 262, 263, 268, 270, 268, 271, 273,
    274, 276, 277, 279, 283, 282, 287, 287, 288, 288, 289, 291, 292, 287,
    289, 294, 291, 289, 285, 289, 292, 293, 289, 284, 292, 285, 289, 292,
    286, 286, 285, 290, 298, 289, 290, 288, 286, 292, 288, 292, 293, 292,
    291, 289, 288, 291, 290, 288, 293, 291, 288, 291, 290, 287, 286, 291,
    291, 285, 287, 288, 286, 285, 286, 284, 288, 285, 286, 287, 286, 285,
    286, 289, 287, 286, 288, 289, 288, 287, 290, 287, 287, 289, 287, 287,
    283, 287, 285, 286, 286 ]
headPositionsY: [ 75, 77, 76, 78, 77, 75, 77, 80, 77, 78, 74, 74, 76, 74,
    74, 75, 76, 74, 73, 74, 74, 73, 73, 76, 74, 70, 75, 77, 75, 72, 74,
    76, 72, 75, 74, 74, 74, 76, 75, 72, 73, 71, 75, 75, 76, 72, 73, 75,
    74, 74, 71, 73, 72, 75, 76, 74, 72, 71, 72, 76, 76, 72, 72, 74, 73,
    74, 74, 76, 73, 73, 73, 73, 73, 74, 71, 73, 76, 77, 73, 73, 73, 73,
    71, 74, 74, 71, 74, 76, 74, 75, 76, 75, 72, 76, 74, 77, 75, 74, 74,
    73 ]
