%YAML:1.0
---
videoName: "headLookLeft4.mp4"
gestureLabel: 203
fps: 29
pixelSizeInCmTemp: 3.4710144927536229e-01
faceCenterPointX: 288
faceCenterPointY: 74
headPositionsX: [ 290, 265, 267, 267, 264, 268, 267, 270, 275, 271, 276,
    277, 282, 284, 284, 291, 295, 296, 297, 296, 296, 295, 295, 298, 292,
    297, 294, 296, 299, 295, 293, 296, 293, 291, 293, 294, 295, 294, 293,
    294, 293, 288, 292, 295, 294, 288, 289, 293, 288, 291, 291, 290, 292,
    291, 292, 286, 290, 291, 286, 289, 289, 290, 289, 290, 287, 292, 288,
    290, 289, 292, 286, 290, 289, 293, 291, 289, 293, 289, 291, 292, 289,
    292, 293, 294, 291, 293, 290, 288, 290, 291, 290, 291, 292, 290, 292,
    287, 288, 291, 289, 287 ]
headPositionsY: [ 73, 79, 81, 80, 77, 81, 78, 79, 80, 76, 77, 77, 79, 78,
    78, 79, 78, 76, 75, 82, 76, 79, 74, 77, 75, 73, 74, 79, 79, 76, 78,
    79, 77, 75, 75, 73, 80, 72, 74, 74, 78, 75, 75, 74, 74, 74, 74, 75,
    72, 76, 74, 75, 71, 73, 72, 74, 74, 73, 71, 74, 75, 73, 75, 75, 74,
    77, 73, 75, 74, 72, 74, 76, 73, 75, 74, 75, 77, 73, 75, 72, 78, 75,
    76, 77, 76, 73, 72, 75, 77, 77, 78, 74, 78, 74, 76, 73, 73, 74, 72,
    75 ]
