%YAML:1.0
---
videoName: "headLookLeft2.mp4"
gestureLabel: 203
fps: 29
pixelSizeInCmTemp: 3.6846153846153845e-01
faceCenterPointX: 278
faceCenterPointY: 74
headPositionsX: [ 276, 259, 260, 258, 259, 258, 259, 261, 257, 260, 260,
    261, 258, 261, 262, 261, 262, 261, 261, 262, 264, 267, 265, 268, 268,
    270, 273, 274, 273, 276, 275, 275, 274, 278, 278, 281, 281, 282, 277,
    280, 280, 281, 282, 280, 281, 281, 282, 282, 286, 279, 279, 280, 281,
    279, 278, 279, 278, 274, 280, 281, 282, 278, 278, 279, 280, 277, 279,
    281, 279, 281, 280, 282, 283, 273, 275, 280, 275, 282, 276, 279, 280,
    282, 280, 280, 283, 279, 286, 281, 276, 280, 283, 278, 283, 280, 278,
    279, 283, 281, 285, 280 ]
headPositionsY: [ 76, 73, 76, 75, 75, 77, 77, 78, 77, 78, 74, 75, 76, 75,
    76, 75, 77, 73, 78, 75, 76, 77, 76, 75, 74, 76, 72, 77, 76, 76, 74,
    73, 75, 73, 72, 76, 72, 75, 74, 75, 76, 74, 75, 75, 74, 73, 77, 73,
    76, 73, 73, 77, 75, 75, 73, 74, 75, 74, 74, 77, 74, 73, 75, 76, 76,
    75, 74, 76, 75, 74, 73, 76, 77, 74, 75, 73, 73, 76, 74, 74, 76, 75,
    73, 73, 73, 72, 76, 75, 72, 74, 74, 75, 75, 72, 72, 72, 72, 73, 75,
    72 ]
