%YAML:1.0
---
videoName: "headLookLeft4.mp4"
gestureLabel: 203
fps: 29
pixelSizeInCmTemp: 3.4710144927536229e-01
faceCenterPointX: 288
faceCenterPointY: 74
headPositionsX: [ 289, 262, 265, 265, 267, 265, 268, 272, 273, 275, 277,
    280, 283, 286, 288, 287, 294, 293, 295, 295, 295, 295, 295, 295, 293,
    293, 291, 297, 298, 296, 295, 295, 293, 295, 290, 292, 294, 295, 295,
    294, 292, 290, 293, 296, 292, 291, 288, 291, 288, 292, 292, 292, 292,
    292, 290, 289, 291, 290, 288, 291, 291, 289, 293, 287, 289, 293, 288,
    289, 288, 289, 290, 291, 291, 294, 291, 289, 294, 285, 292, 288, 289,
    288, 293, 294, 289, 289, 290, 288, 293, 292, 289, 287, 289, 286, 292,
    286, 288, 288, 286, 288 ]
headPositionsY: [ 74, 77, 80, 77, 77, 80, 79, 76, 79, 77, 77, 76, 75, 76,
    77, 78, 76, 77, 77, 78, 77, 76, 76, 76, 76, 75, 75, 81, 79, 78, 75,
    76, 80, 77, 77, 76, 80, 72, 76, 75, 77, 75, 75, 75, 76, 74, 74, 78,
    76, 76, 75, 73, 71, 72, 72, 74, 72, 73, 73, 75, 75, 74, 74, 75, 76,
    76, 72, 72, 76, 72, 76, 76, 76, 78, 74, 77, 76, 73, 76, 74, 75, 76,
    77, 76, 74, 76, 74, 74, 73, 76, 74, 75, 75, 74, 77, 73, 74, 76, 74,
    75 ]
