%YAML:1.0
---
videoName: "headLookLeft0.mp4"
gestureLabel: 203
fps: 29
pixelSizeInCmTemp: 3.6287878787878786e-01
faceCenterPointX: 286
faceCenterPointY: 69
headPositionsX: [ 287, 257, 252, 257, 255, 253, 252, 253, 256, 251, 253,
    255, 254, 252, 251, 252, 254, 253, 252, 255, 252, 253, 252, 254, 253,
    254, 253, 256, 252, 255, 255, 253, 256, 256, 256, 253, 255, 256, 256,
    255, 253, 254, 258, 257, 257, 257, 254, 257, 258, 256, 254, 256, 253,
    253, 253, 253, 256, 257, 257, 256, 257, 257, 256, 253, 255, 255, 256,
    253, 254, 253, 255, 256, 253, 254, 253, 256, 254, 258, 256, 261, 258,
    263, 268, 269, 268, 272, 274, 278, 284, 276, 280, 275, 283, 284, 284,
    286, 287, 287, 284, 284 ]
headPositionsY: [ 71, 70, 67, 71, 70, 67, 67, 69, 69, 67, 71, 67, 71, 72,
    71, 71, 69, 67, 67, 70, 70, 70, 69, 68, 69, 72, 69, 69, 68, 71, 70,
    72, 71, 70, 72, 73, 72, 71, 70, 70, 69, 72, 71, 71, 69, 72, 73, 71,
    73, 69, 70, 69, 71, 70, 70, 70, 72, 73, 73, 70, 74, 71, 70, 71, 74,
    70, 70, 73, 71, 73, 69, 69, 70, 73, 73, 73, 73, 71, 74, 73, 70, 70,
    69, 68, 70, 69, 71, 67, 71, 68, 64, 68, 66, 67, 69, 67, 70, 67, 71,
    68 ]
