%YAML:1.0
---
videoName: "headLookLeft7.mp4"
gestureLabel: 203
fps: 29
pixelSizeInCmTemp: 3.4214285714285714e-01
faceCenterPointX: 268
faceCenterPointY: 68
headPositionsX: [ 270, 246, 246, 246, 246, 244, 245, 244, 245, 246, 245,
    246, 243, 243, 245, 246, 247, 247, 246, 244, 243, 245, 248, 245, 246,
    247, 245, 244, 244, 246, 247, 249, 254, 253, 259, 259, 259, 263, 262,
    265, 268, 265, 270, 266, 265, 266, 270, 268, 269, 269, 266, 270, 270,
    270, 264, 270, 268, 267, 268, 268, 268, 270, 265, 270, 271, 266, 266,
    269, 265, 266, 271, 266, 270, 266, 267, 269, 270, 266, 267, 267, 268,
    269, 271, 265, 271, 268, 269, 270, 267, 272, 272, 268, 271, 268, 269,
    270, 268, 269, 268, 272 ]
headPositionsY: [ 66, 66, 70, 71, 69, 67, 68, 72, 68, 69, 67, 69, 71, 69,
    70, 73, 69, 71, 72, 72, 69, 70, 69, 71, 68, 71, 71, 72, 71, 71, 68,
    67, 68, 67, 71, 67, 67, 68, 70, 70, 67, 69, 70, 67, 65, 66, 71, 66,
    67, 66, 69, 71, 69, 71, 67, 71, 68, 66, 68, 67, 67, 70, 68, 70, 69,
    71, 67, 70, 67, 70, 68, 70, 67, 71, 70, 70, 71, 66, 68, 71, 68, 70,
    72, 67, 67, 69, 68, 66, 70, 72, 69, 67, 68, 68, 70, 70, 67, 67, 68,
    70 ]
