%YAML:1.0
---
videoName: "headLookLeft2.mp4"
gestureLabel: 203
fps: 29
pixelSizeInCmTemp: 3.6846153846153845e-01
faceCenterPointX: 278
faceCenterPointY: 74
headPositionsX: [ 277, 259, 260, 261, 261, 261, 260, 260, 258, 261, 261,
    261, 258, 262, 260, 262, 259, 262, 261, 262, 262, 264, 268, 269, 269,
    272, 271, 273, 275, 276, 278, 276, 277, 279, 276, 280, 279, 281, 279,
    276, 277, 282, 281, 280, 278, 282, 282, 280, 285, 281, 281, 281, 282,
    282, 276, 281, 279, 271, 280, 280, 283, 275, 279, 279, 280, 279, 280,
    281, 280, 281, 281, 282, 283, 276, 278, 283, 278, 279, 277, 281, 279,
    278, 279, 279, 282, 276, 283, 279, 275, 280, 283, 280, 285, 278, 276,
    277, 279, 280, 286, 280 ]
headPositionsY: [ 73, 72, 75, 75, 76, 75, 76, 78, 77, 75, 75, 76, 75, 77,
    77, 78, 75, 74, 75, 74, 73, 74, 75, 73, 74, 77, 72, 74, 75, 76, 73,
    74, 75, 75, 73, 76, 75, 72, 74, 73, 73, 76, 76, 72, 75, 73, 74, 73,
    77, 77, 73, 74, 72, 77, 72, 76, 73, 73, 73, 74, 77, 73, 75, 74, 76,
    72, 74, 78, 73, 72, 76, 72, 76, 74, 73, 76, 71, 75, 71, 75, 76, 75,
    72, 76, 74, 74, 75, 76, 76, 73, 77, 75, 75, 75, 71, 74, 72, 73, 76,
    74 ]
