%YAML:1.0
---
videoName: "headLookLeft6.mp4"
gestureLabel: 203
fps: 29
pixelSizeInCmTemp: 3.2808219178082193e-01
faceCenterPointX: 267
faceCenterPointY: 69
headPositionsX: [ 266, 245, 246, 245, 242, 247, 245, 246, 246, 244, 248,
    245, 245, 246, 244, 245, 245, 246, 248, 248, 243, 243, 246, 246, 247,
    245, 249, 251, 251, 255, 252, 258, 261, 262, 263, 267, 269, 268, 268,
    271, 269, 267, 271, 268, 271, 269, 270, 269, 267, 271, 268, 269, 270,
    266, 265, 271, 267, 267, 266, 269, 266, 268, 266, 269, 267, 268, 268,
    269, 268, 268, 265, 266, 265, 264, 267, 267, 265, 270, 271, 269, 266,
    267, 264, 268, 267, 267, 270, 267, 265, 268, 268, 267, 266, 268, 269,
    266, 266, 265, 266, 268 ]
headPositionsY: [ 68, 71, 72, 73, 70, 70, 72, 69, 70, 71, 72, 73, 71, 72,
    71, 71, 74, 73, 71, 73, 74, 70, 70, 71, 72, 73, 70, 73, 69, 71, 73,
    70, 72, 69, 73, 67, 70, 69, 70, 70, 67, 68, 68, 72, 67, 71, 69, 70,
    70, 71, 67, 68, 71, 70, 71, 71, 69, 71, 68, 71, 68, 71, 70, 70, 72,
    70, 69, 71, 70, 70, 72, 68, 69, 70, 67, 71, 72, 70, 69, 71, 71, 69,
    71, 71, 68, 67, 68, 67, 72, 70, 70, 69, 72, 68, 72, 67, 71, 70, 69,
    70 ]
