%YAML:1.0
---
videoName: "headLookLeft9.mp4"
gestureLabel: 203
fps: 30
pixelSizeInCmTemp: 3.2364864864864862e-01
faceCenterPointX: 273
faceCenterPointY: 69
headPositionsX: [ 274, 245, 248, 247, 245, 248, 247, 245, 248, 244, 245,
    248, 248, 245, 247, 245, 245, 245, 248, 246, 247, 243, 244, 246, 245,
    245, 245, 245, 247, 243, 243, 247, 247, 248, 252, 251, 256, 255, 259,
    259, 266, 265, 266, 268, 265, 271, 271, 271, 271, 270, 272, 272, 270,
    269, 270, 270, 275, 271, 271, 270, 272, 274, 270, 274, 272, 270, 270,
    270, 274, 270, 269, 270, 272, 271, 273, 270, 270, 268, 270, 270, 273,
    272, 267, 268, 274, 269, 270, 272, 271, 273, 274, 273, 273, 269, 270,
    274, 269, 271, 272, 268 ]
headPositionsY: [ 70, 72, 68, 73, 69, 72, 69, 72, 68, 70, 72, 69, 70, 71,
    72, 72, 69, 69, 72, 73, 72, 69, 73, 71, 69, 73, 73, 73, 70, 71, 73,
    70, 71, 71, 68, 71, 69, 66, 68, 68, 69, 70, 68, 68, 67, 69, 67, 66,
    68, 69, 67, 68, 67, 65, 67, 68, 67, 69, 70, 68, 69, 65, 67, 67, 70,
    70, 65, 66, 68, 68, 69, 67, 69, 69, 69, 69, 67, 65, 66, 69, 68, 71,
    66, 69, 70, 69, 66, 70, 67, 67, 67, 66, 67, 67, 66, 69, 72, 69, 69,
    67 ]
