%YAML:1.0
---
videoName: "headLookLeft6.mp4"
gestureLabel: 203
fps: 29
pixelSizeInCmTemp: 3.2808219178082193e-01
faceCenterPointX: 267
faceCenterPointY: 69
headPositionsX: [ 265, 242, 245, 244, 242, 247, 245, 248, 243, 248, 246,
    244, 243, 245, 246, 245, 244, 246, 248, 246, 245, 243, 243, 246, 243,
    246, 246, 252, 250, 251, 252, 255, 257, 263, 262, 263, 267, 269, 266,
    272, 267, 269, 267, 265, 269, 267, 268, 271, 267, 267, 267, 266, 271,
    270, 266, 269, 265, 270, 269, 268, 268, 265, 270, 269, 271, 266, 266,
    268, 269, 265, 267, 268, 266, 268, 266, 267, 264, 270, 268, 271, 267,
    269, 264, 265, 268, 266, 268, 266, 265, 270, 265, 266, 267, 269, 270,
    268, 265, 268, 266, 267 ]
headPositionsY: [ 67, 71, 72, 73, 72, 71, 72, 70, 71, 73, 72, 71, 72, 72,
    74, 74, 73, 73, 71, 74, 72, 73, 74, 71, 74, 73, 74, 71, 71, 73, 73,
    69, 69, 70, 73, 68, 70, 69, 70, 69, 67, 72, 68, 69, 70, 71, 66, 72,
    70, 72, 70, 71, 69, 70, 71, 69, 72, 70, 71, 70, 70, 69, 71, 67, 70,
    71, 68, 69, 69, 71, 70, 68, 71, 69, 67, 67, 69, 70, 70, 70, 70, 68,
    69, 71, 72, 68, 69, 69, 72, 73, 72, 67, 69, 67, 70, 67, 71, 70, 72,
    69 ]
