%YAML:1.0
---
videoName: "headLookLeft3.mp4"
gestureLabel: 203
fps: 29
pixelSizeInCmTemp: 3.4214285714285714e-01
faceCenterPointX: 290
faceCenterPointY: 74
headPositionsX: [ 289, 263, 264, 263, 262, 262, 266, 267, 267, 272, 270,
    275, 279, 277, 282, 282, 285, 289, 287, 290, 288, 289, 295, 289, 288,
    288, 295, 291, 289, 285, 287, 288, 292, 292, 288, 292, 282, 293, 289,
    289, 290, 286, 287, 296, 288, 290, 290, 290, 289, 290, 292, 292, 292,
    291, 285, 285, 287, 287, 291, 293, 291, 292, 289, 290, 289, 289, 290,
    287, 287, 289, 289, 285, 289, 286, 285, 284, 288, 289, 286, 285, 287,
    285, 290, 288, 286, 287, 291, 288, 287, 287, 286, 287, 288, 289, 285,
    283, 291, 288, 288, 284 ]
headPositionsY: [ 73, 78, 74, 79, 75, 74, 77, 79, 77, 77, 76, 74, 75, 76,
    76, 72, 73, 73, 76, 75, 74, 73, 77, 73, 71, 70, 73, 74, 76, 70, 71,
    74, 75, 75, 75, 74, 71, 77, 74, 75, 71, 73, 72, 75, 76, 75, 72, 73,
    77, 73, 75, 74, 74, 75, 73, 72, 76, 74, 72, 73, 75, 71, 73, 73, 72,
    72, 74, 76, 72, 75, 72, 71, 71, 75, 74, 74, 73, 73, 74, 73, 75, 74,
    71, 73, 74, 72, 74, 75, 73, 76, 73, 76, 73, 73, 74, 74, 72, 75, 74,
    72 ]
