%YAML:1.0
---
videoName: "headLookLeft3.mp4"
gestureLabel: 203
fps: 29
pixelSizeInCmTemp: 3.4214285714285714e-01
faceCenterPointX: 290
faceCenterPointY: 74
headPositionsX: [ 288, 265, 263, 265, 262, 262, 267, 268, 270, 272, 272,
    274, 278, 278, 280, 284, 286, 287, 287, 289, 290, 289, 294, 289, 284,
    288, 297, 292, 286, 281, 290, 291, 289, 292, 285, 292, 284, 291, 291,
    286, 287, 285, 287, 298, 292, 291, 287, 288, 289, 287, 292, 290, 290,
    290, 286, 289, 287, 289, 292, 294, 288, 290, 289, 288, 288, 289, 289,
    291, 287, 287, 285, 286, 289, 288, 286, 285, 287, 287, 288, 286, 285,
    289, 289, 285, 286, 288, 290, 289, 288, 286, 285, 286, 290, 287, 287,
    284, 291, 289, 286, 286 ]
headPositionsY: [ 76, 77, 74, 78, 75, 78, 77, 77, 76, 79, 78, 73, 75, 76,
    73, 76, 77, 77, 75, 74, 72, 71, 76, 76, 74, 72, 73, 75, 74, 72, 73,
    74, 72, 75, 73, 74, 73, 77, 73, 75, 72, 74, 74, 78, 74, 75, 72, 74,
    78, 74, 72, 72, 74, 75, 72, 75, 75, 72, 74, 73, 75, 71, 76, 72, 76,
    74, 71, 75, 71, 76, 73, 74, 75, 75, 72, 73, 74, 75, 74, 75, 73, 74,
    72, 71, 74, 74, 76, 76, 74, 73, 75, 76, 73, 73, 74, 75, 73, 73, 75,
    72 ]
