%YAML:1.0
---
videoName: "headLookLeft0.mp4"
gestureLabel: 203
fps: 29
pixelSizeInCmTemp: 3.6287878787878786e-01
faceCenterPointX: 286
faceCenterPointY: 69
headPositionsX: [ 288, 254, 254, 253, 253, 252, 252, 253, 252, 251, 253,
    252, 255, 255, 254, 256, 253, 255, 255, 251, 255, 255, 254, 257, 255,
    257, 254, 254, 256, 254, 257, 253, 253, 254, 256, 254, 257, 258, 255,
    257, 255, 257, 255, 258, 255, 254, 253, 256, 258, 253, 256, 253, 254,
    253, 256, 256, 258, 256, 257, 257, 253, 256, 256, 256, 253, 255, 255,
    255, 255, 253, 255, 257, 253, 253, 253, 256, 254, 255, 256, 260, 260,
    266, 264, 267, 268, 270, 272, 276, 285, 279, 282, 277, 280, 283, 287,
    286, 286, 284, 285, 287 ]
headPositionsY: [ 69, 69, 70, 67, 68, 71, 70, 68, 71, 66, 71, 68, 69, 70,
    68, 69, 68, 67, 69, 70, 72, 71, 68, 69, 71, 69, 70, 70, 67, 68, 68,
    70, 69, 68, 73, 69, 73, 69, 68, 69, 70, 68, 68, 69, 71, 71, 72, 73,
    71, 72, 71, 72, 72, 72, 72, 70, 73, 71, 73, 72, 71, 71, 73, 72, 72,
    72, 73, 69, 72, 69, 73, 72, 73, 72, 72, 70, 71, 73, 70, 74, 70, 71,
    69, 68, 69, 67, 71, 71, 71, 65, 67, 66, 67, 68, 70, 68, 69, 70, 67,
    69 ]
