%YAML:1.0
---
videoName: "headLookLeft9.mp4"
gestureLabel: 203
fps: 30
pixelSizeInCmTemp: 3.2364864864864862e-01
faceCenterPointX: 273
faceCenterPointY: 69
headPositionsX: [ 272, 245, 246, 248, 246, 249, 245, 246, 245, 247, 249,
    247, 245, 248, 244, 248, 246, 248, 247, 244, 244, 247, 244, 244, 244,
    244, 245, 247, 243, 243, 246, 247, 246, 251, 250, 254, 253, 256, 258,
    263, 263, 265, 270, 271, 267, 271, 270, 268, 268, 274, 269, 271, 273,
    270, 270, 272, 271, 270, 274, 271, 271, 273, 268, 273, 271, 272, 272,
    273, 272, 273, 273, 271, 272, 273, 272, 273, 272, 267, 272, 268, 269,
    272, 270, 272, 273, 267, 269, 271, 271, 270, 273, 270, 274, 271, 271,
    276, 270, 272, 268, 271 ]
headPositionsY: [ 67, 72, 68, 73, 72, 70, 73, 69, 67, 69, 70, 69, 70, 72,
    69, 72, 71, 71, 69, 73, 70, 68, 70, 70, 71, 70, 73, 72, 71, 71, 71,
    72, 72, 72, 69, 70, 67, 67, 69, 66, 66, 70, 66, 69, 67, 68, 67, 69,
    68, 70, 69, 65, 67, 69, 69, 65, 69, 66, 67, 69, 67, 66, 67, 70, 66,
    67, 69, 66, 69, 69, 67, 69, 66, 68, 70, 68, 68, 65, 65, 68, 66, 71,
    67, 68, 69, 67, 66, 68, 68, 66, 68, 68, 69, 69, 66, 67, 68, 69, 68,
    69 ]
