%YAML:1.0
---
videoName: "headLookLeft6.mp4"
gestureLabel: 203
fps: 29
pixelSizeInCmTemp: 3.2808219178082193e-01
faceCenterPointX: 267
faceCenterPointY: 69
headPositionsX: [ 265, 246, 244, 245, 246, 245, 246, 246, 245, 247, 246,
    245, 243, 243, 246, 247, 243, 244, 247, 245, 245, 247, 245, 247, 245,
    246, 246, 250, 251, 253, 256, 255, 257, 261, 263, 266, 267, 268, 269,
    271, 267, 269, 271, 268, 268, 267, 271, 267, 269, 271, 268, 268, 269,
    266, 266, 270, 268, 269, 265, 269, 267, 265, 266, 266, 271, 265, 266,
    265, 269, 269, 267, 268, 266, 266, 263, 268, 268, 269, 269, 267, 264,
    266, 267, 269, 265, 269, 270, 265, 264, 269, 267, 267, 266, 268, 270,
    267, 264, 265, 270, 266 ]
headPositionsY: [ 67, 74, 70, 70, 73, 70, 74, 71, 71, 73, 70, 71, 73, 74,
    74, 70, 70, 72, 74, 71, 74, 74, 74, 70, 72, 71, 71, 73, 71, 70, 69,
    70, 69, 72, 71, 71, 70, 69, 68, 70, 71, 72, 67, 72, 67, 70, 70, 71,
    68, 72, 67, 70, 71, 69, 71, 68, 69, 69, 69, 72, 69, 70, 71, 69, 69,
    72, 68, 67, 70, 72, 68, 67, 70, 70, 67, 70, 71, 70, 73, 68, 69, 70,
    68, 70, 70, 68, 68, 70, 70, 69, 70, 70, 72, 67, 68, 69, 71, 70, 71,
    68 ]
