%YAML:1.0
---
videoName: "headLookLeft4.mp4"
gestureLabel: 203
fps: 29
pixelSizeInCmTemp: 3.4710144927536229e-01
faceCenterPointX: 288
faceCenterPointY: 74
headPositionsX: [ 289, 264, 267, 264, 265, 266, 269, 271, 272, 275, 277,
    278, 282, 286, 284, 291, 296, 294, 296, 297, 298, 292, 293, 295, 289,
    296, 291, 298, 299, 294, 292, 294, 296, 295, 292, 293, 295, 292, 296,
    293, 292, 289, 294, 296, 293, 289, 290, 294, 292, 290, 290, 288, 293,
    293, 292, 286, 288, 292, 290, 290, 288, 288, 289, 288, 288, 293, 290,
    289, 289, 289, 289, 290, 291, 291, 291, 292, 291, 286, 293, 291, 290,
    290, 291, 290, 290, 289, 289, 289, 292, 290, 292, 291, 289, 287, 288,
    290, 290, 290, 289, 288 ]
headPositionsY: [ 76, 79, 82, 81, 79, 80, 81, 77, 79, 75, 80, 77, 77, 78,
    76, 79, 76, 78, 75, 80, 75, 77, 75, 75, 74, 75, 76, 78, 77, 79, 75,
    79, 79, 74, 77, 77, 82, 72, 76, 77, 76, 72, 75, 77, 77, 76, 75, 76,
    76, 75, 72, 75, 75, 72, 76, 74, 72, 75, 74, 76, 76, 76, 74, 73, 72,
    76, 76, 76, 72, 74, 75, 76, 74, 78, 74, 75, 78, 73, 76, 76, 77, 76,
    75, 74, 75, 76, 72, 77, 75, 77, 75, 73, 74, 72, 77, 72, 75, 73, 74,
    75 ]
