%YAML:1.0
---
videoName: "headLookLeft4.mp4"
gestureLabel: 203
fps: 29
pixelSizeInCmTemp: 3.4710144927536229e-01
faceCenterPointX: 288
faceCenterPointY: 74
headPositionsX: [ 288, 262, 264, 266, 265, 264, 267, 270, 272, 272, 276,
    280, 283, 286, 285, 291, 292, 293, 298, 296, 294, 291, 293, 294, 291,
    295, 293, 297, 295, 295, 292, 293, 294, 293, 291, 294, 296, 293, 294,
    293, 292, 291, 295, 294, 296, 289, 289, 294, 290, 291, 294, 288, 291,
    291, 289, 290, 289, 291, 288, 290, 287, 288, 291, 288, 289, 290, 289,
    290, 287, 288, 287, 290, 287, 290, 287, 290, 292, 288, 291, 289, 293,
    292, 293, 290, 291, 289, 288, 289, 292, 292, 288, 287, 291, 286, 288,
    290, 289, 291, 288, 287 ]
headPositionsY: [ 75, 81, 79, 79, 80, 81, 81, 77, 77, 75, 77, 78, 76, 76,
    79, 78, 79, 78, 76, 81, 73, 76, 73, 75, 74, 74, 78, 81, 76, 75, 77,
    77, 77, 76, 77, 74, 80, 74, 75, 77, 75, 72, 74, 74, 77, 73, 73, 78,
    76, 75, 73, 73, 72, 72, 73, 74, 74, 76, 75, 73, 74, 77, 76, 72, 74,
    77, 72, 72, 75, 72, 75, 75, 76, 76, 74, 75, 75, 72, 75, 73, 77, 72,
    78, 77, 74, 72, 75, 73, 77, 75, 78, 76, 77, 74, 76, 73, 77, 74, 73,
    76 ]
