%YAML:1.0
---
videoName: "headLookLeft4.mp4"
gestureLabel: 203
fps: 29
pixelSizeInCmTemp: 3.4710144927536229e-01
faceCenterPointX: 288
faceCenterPointY: 74
headPositionsX: [ 286, 264, 268, 266, 265, 266, 266, 270, 274, 274, 276,
    279, 280, 286, 285, 291, 296, 294, 294, 294, 294, 292, 295, 296, 289,
    295, 295, 296, 296, 293, 295, 295, 292, 291, 294, 294, 292, 296, 293,
    292, 289, 290, 294, 293, 295, 292, 290, 294, 292, 290, 290, 291, 290,
    293, 291, 286, 289, 291, 290, 292, 291, 291, 292, 288, 289, 292, 290,
    287, 289, 289, 286, 290, 290, 294, 288, 292, 290, 286, 295, 291, 293,
    289, 293, 291, 288, 290, 290, 290, 290, 293, 289, 289, 291, 288, 289,
    290, 289, 291, 289, 289 ]
headPositionsY: [ 76, 78, 79, 78, 79, 78, 78, 76, 78, 76, 80, 77, 77, 78,
    79, 79, 77, 76, 74, 82, 73, 78, 77, 75, 76, 77, 75, 77, 76, 78, 75,
    76, 76, 78, 74, 74, 78, 73, 75, 77, 78, 75, 74, 77, 74, 75, 75, 76,
    72, 74, 75, 74, 71, 73, 75, 73, 74, 73, 71, 77, 75, 73, 75, 74, 72,
    75, 76, 73, 75, 73, 74, 76, 77, 75, 73, 73, 77, 73, 75, 74, 75, 72,
    79, 77, 74, 74, 72, 75, 77, 75, 77, 77, 74, 73, 76, 75, 77, 72, 72,
    75 ]
