%YAML:1.0
---
videoName: "headLookLeft8.mp4"
gestureLabel: 203
fps: 29
pixelSizeInCmTemp: 3.6287878787878786e-01
faceCenterPointX: 273
faceCenterPointY: 69
headPositionsX: [ 272, 241, 241, 241, 239, 241, 241, 241, 242, 240, 239,
    241, 244, 244, 243, 246, 246, 246, 248, 245, 249, 245, 246, 246, 247,
    247, 246, 248, 247, 247, 245, 247, 248, 245, 248, 247, 243, 247, 244,
    245, 246, 247, 243, 247, 245, 248, 245, 245, 247, 244, 245, 247, 250,
    247, 249, 253, 254, 257, 257, 259, 260, 266, 270, 271, 267, 273, 277,
    280, 282, 274, 275, 279, 278, 278, 275, 276, 273, 273, 278, 279, 276,
    279, 279, 269, 274, 273, 279, 275, 276, 274, 273, 274, 275, 276, 274,
    272, 276, 275, 275, 273 ]
headPositionsY: [ 68, 67, 65, 68, 65, 69, 66, 68, 69, 69, 70, 66, 70, 67,
    67, 67, 66, 68, 67, 68, 67, 69, 71, 67, 67, 68, 71, 72, 70, 69, 73,
    71, 71, 72, 71, 70, 69, 73, 74, 73, 72, 70, 73, 73, 74, 73, 70, 71,
    72, 75, 71, 75, 73, 70, 71, 72, 74, 69, 69, 68, 70, 70, 70, 73, 71,
    72, 70, 70, 72, 67, 68, 70, 71, 68, 71, 71, 71, 68, 70, 70, 71, 71,
    71, 68, 69, 68, 71, 70, 69, 68, 69, 70, 68, 67, 72, 69, 70, 69, 70,
    71 ]
