%YAML:1.0
---
videoName: "headLookLeft8.mp4"
gestureLabel: 203
fps: 29
pixelSizeInCmTemp: 3.6287878787878786e-01
faceCenterPointX: 273
faceCenterPointY: 69
headPositionsX: [ 275, 244, 241, 243, 240, 240, 239, 242, 241, 242, 239,
    241, 240, 242, 244, 245, 244, 246, 245, 249, 246, 247, 249, 249, 245,
    245, 248, 249, 244, 248, 244, 245, 248, 248, 247, 248, 243, 247, 245,
    245, 246, 244, 243, 243, 247, 247, 248, 246, 245, 244, 244, 247, 250,
    249, 248, 253, 253, 258, 257, 260, 261, 269, 269, 271, 269, 274, 273,
    283, 283, 272, 277, 278, 280, 276, 279, 279, 273, 274, 276, 278, 277,
    278, 276, 270, 273, 277, 278, 276, 277, 275, 277, 274, 273, 275, 274,
    274, 276, 277, 273, 269 ]
headPositionsY: [ 68, 69, 65, 65, 68, 67, 69, 67, 69, 66, 69, 66, 70, 69,
    69, 67, 70, 68, 70, 71, 68, 71, 71, 68, 67, 70, 72, 72, 73, 70, 69,
    70, 71, 74, 72, 72, 71, 72, 72, 73, 69, 72, 70, 73, 72, 70, 74, 73,
    73, 71, 73, 72, 73, 70, 72, 72, 71, 68, 70, 67, 68, 71, 70, 73, 68,
    69, 67, 69, 70, 71, 70, 71, 71, 70, 69, 71, 68, 68, 67, 70, 72, 68,
    68, 68, 65, 67, 71, 67, 69, 69, 68, 68, 70, 68, 72, 68, 69, 68, 69,
    67 ]
