%YAML:1.0
---
videoName: "headLookLeft9.mp4"
gestureLabel: 203
fps: 30
pixelSizeInCmTemp: 3.2364864864864862e-01
faceCenterPointX: 273
faceCenterPointY: 69
headPositionsX: [ 271, 248, 245, 246, 245, 245, 246, 246, 245, 247, 249,
    247, 248, 244, 245, 245, 245, 245, 248, 248, 245, 244, 243, 244, 247,
    244, 244, 245, 243, 247, 244, 247, 247, 250, 249, 254, 253, 256, 260,
    263, 262, 263, 267, 270, 267, 267, 271, 272, 269, 273, 272, 274, 272,
    271, 272, 269, 274, 271, 272, 271, 269, 270, 269, 270, 275, 274, 272,
    271, 272, 271, 270, 273, 273, 273, 273, 271, 273, 268, 270, 268, 271,
    270, 271, 270, 271, 271, 270, 273, 272, 272, 271, 272, 270, 269, 272,
    273, 272, 271, 269, 269 ]
headPositionsY: [ 68, 72, 71, 72, 69, 69, 71, 68, 68, 71, 73, 72, 69, 69,
    72, 71, 70, 73, 70, 71, 69, 70, 70, 69, 72, 73, 69, 70, 71, 70, 72,
    73, 70, 71, 70, 69, 69, 68, 66, 67, 66, 66, 67, 71, 70, 65, 66, 68,
    66, 68, 67, 64, 67, 68, 69, 65, 65, 69, 70, 65, 69, 67, 69, 70, 68,
    67, 65, 69, 68, 67, 66, 68, 66, 68, 71, 66, 67, 67, 69, 69, 66, 71,
    65, 71, 68, 67, 70, 68, 67, 67, 66, 66, 70, 67, 68, 69, 70, 71, 71,
    68 ]
