%YAML:1.0
---
videoName: "headLookLeft0.mp4"
gestureLabel: 203
fps: 29
pixelSizeInCmTemp: 3.6287878787878786e-01
faceCenterPointX: 286
faceCenterPointY: 69
headPositionsX: [ 286, 256, 256, 256, 256, 252, 253, 255, 256, 251, 254,
    255, 253, 256, 254, 256, 251, 252, 254, 255, 252, 253, 254, 255, 254,
    253, 255, 253, 256, 253, 257, 256, 253, 252, 253, 256, 255, 255, 256,
    255, 253, 257, 257, 254, 258, 258, 254, 254, 256, 256, 253, 256, 256,
    256, 254, 253, 257, 254, 254, 257, 253, 254, 255, 253, 254, 256, 255,
    255, 256, 256, 257, 258, 255, 256, 257, 253, 254, 257, 260, 259, 258,
    265, 266, 265, 269, 272, 275, 278, 281, 276, 279, 274, 280, 281, 285,
    286, 285, 287, 288, 285 ]
headPositionsY: [ 69, 69, 70, 69, 66, 69, 70, 66, 70, 66, 70, 71, 72, 71,
    72, 70, 71, 67, 71, 67, 68, 68, 68, 69, 68, 68, 71, 69, 69, 72, 69,
    69, 70, 72, 70, 69, 69, 72, 69, 73, 71, 72, 71, 70, 69, 70, 72, 71,
    71, 72, 71, 72, 70, 72, 72, 69, 72, 73, 73, 71, 70, 69, 70, 71, 71,
    72, 69, 69, 71, 70, 72, 70, 72, 73, 71, 72, 73, 71, 70, 71, 73, 69,
    71, 69, 70, 69, 71, 69, 73, 69, 64, 68, 65, 69, 71, 71, 67, 71, 69,
    70 ]
