%YAML:1.0
---
videoName: "headLookLeft1.mp4"
gestureLabel: 203
fps: 30
pixelSizeInCmTemp: 3.6287878787878786e-01
faceCenterPointX: 276
faceCenterPointY: 73
headPositionsX: [ 275, 255, 258, 254, 257, 255, 259, 257, 256, 255, 255,
    256, 256, 257, 257, 254, 258, 258, 258, 254, 258, 257, 256, 257, 257,
    254, 254, 255, 257, 254, 258, 256, 256, 255, 257, 257, 258, 254, 258,
    256, 255, 258, 257, 255, 255, 254, 258, 254, 257, 257, 257, 256, 255,
    255, 257, 257, 255, 257, 258, 260, 258, 260, 264, 264, 268, 269, 273,
    274, 275, 276, 280, 279, 273, 274, 274, 279, 279, 277, 275, 277, 280,
    276, 279, 278, 281, 279, 278, 280, 279, 277, 281, 279, 279, 276, 272,
    274, 280, 275, 275, 273 ]
headPositionsY: [ 75, 75, 73, 75, 74, 76, 75, 75, 77, 73, 73, 74, 73, 74,
    75, 75, 76, 78, 79, 79, 79, 75, 76, 76, 75, 78, 79, 76, 79, 79, 76,
    79, 76, 78, 78, 77, 78, 81, 80, 77, 78, 79, 80, 80, 78, 79, 79, 80,
    79, 80, 78, 77, 78, 76, 76, 76, 80, 79, 78, 77, 77, 78, 77, 76, 79,
    77, 77, 79, 74, 81, 73, 77, 73, 74, 73, 74, 75, 75, 76, 75, 78, 76,
    73, 77, 78, 76, 74, 77, 77, 74, 76, 73, 74, 77, 74, 76, 78, 77, 76,
    73 ]
