%YAML:1.0
---
videoName: "headLookLeft0.mp4"
gestureLabel: 203
fps: 29
pixelSizeInCmTemp: 3.6287878787878786e-01
faceCenterPointX: 286
faceCenterPointY: 69
headPositionsX: [ 288, 257, 253, 256, 252, 252, 254, 254, 256, 251, 251,
    255, 255, 252, 254, 252, 254, 252, 252, 252, 253, 253, 254, 256, 254,
    255, 255, 255, 256, 254, 253, 254, 254, 256, 257, 254, 256, 255, 254,
    254, 257, 258, 256, 256, 257, 256, 253, 257, 256, 254, 257, 254, 254,
    253, 256, 256, 254, 255, 254, 257, 255, 253, 256, 253, 255, 253, 256,
    256, 255, 256, 255, 258, 257, 255, 254, 256, 257, 255, 256, 259, 258,
    263, 265, 269, 268, 272, 272, 277, 285, 276, 280, 275, 280, 282, 285,
    286, 288, 284, 285, 285 ]
headPositionsY: [ 69, 69, 69, 68, 67, 71, 67, 69, 67, 69, 71, 68, 72, 71,
    71, 68, 70, 68, 70, 68, 68, 71, 68, 68, 67, 69, 68, 72, 71, 71, 70,
    71, 69, 68, 73, 72, 70, 73, 70, 71, 70, 72, 69, 72, 72, 71, 72, 72,
    70, 71, 72, 69, 71, 71, 69, 71, 71, 71, 70, 69, 70, 69, 73, 71, 74,
    71, 69, 71, 73, 71, 71, 72, 70, 71, 71, 73, 72, 71, 73, 71, 70, 70,
    73, 69, 71, 68, 70, 70, 72, 65, 67, 67, 65, 68, 71, 68, 67, 71, 67,
    71 ]
