%YAML:1.0
---
videoName: "headLookLeft9.mp4"
gestureLabel: 203
fps: 30
pixelSizeInCmTemp: 3.2364864864864862e-01
faceCenterPointX: 273
faceCenterPointY: 69
headPositionsX: [ 274, 245, 248, 247, 248, 246, 249, 244, 246, 245, 249,
    248, 248, 248, 247, 245, 244, 247, 244, 246, 244, 245, 245, 244, 246,
    246, 243, 243, 243, 247, 247, 245, 248, 247, 249, 251, 253, 256, 261,
    259, 266, 266, 269, 270, 267, 271, 271, 271, 271, 272, 272, 272, 272,
    269, 273, 270, 274, 269, 271, 273, 269, 270, 268, 270, 275, 272, 272,
    271, 273, 273, 273, 271, 272, 270, 271, 274, 270, 269, 270, 272, 269,
    271, 269, 268, 272, 268, 269, 272, 270, 269, 271, 272, 273, 269, 272,
    276, 270, 270, 268, 270 ]
headPositionsY: [ 68, 71, 72, 69, 73, 71, 72, 72, 69, 68, 70, 71, 70, 71,
    70, 69, 71, 73, 70, 72, 69, 68, 72, 72, 73, 71, 70, 70, 69, 69, 73,
    69, 71, 72, 69, 68, 68, 70, 68, 69, 68, 68, 67, 70, 69, 65, 66, 66,
    69, 71, 69, 65, 68, 67, 70, 65, 68, 70, 66, 68, 67, 68, 68, 69, 67,
    70, 69, 68, 69, 69, 69, 67, 70, 70, 69, 69, 69, 68, 65, 67, 67, 68,
    67, 69, 67, 65, 66, 68, 69, 65, 66, 69, 70, 69, 69, 70, 72, 70, 68,
    68 ]
