%YAML:1.0
---
videoName: "headLookLeft8.mp4"
gestureLabel: 203
fps: 29
pixelSizeInCmTemp: 3.6287878787878786e-01
faceCenterPointX: 273
faceCenterPointY: 69
headPositionsX: [ 274, 242, 241, 241, 241, 241, 242, 243, 243, 242, 242,
    243, 240, 243, 243, 243, 244, 246, 246, 248, 248, 246, 246, 249, 247,
    247, 247, 248, 248, 248, 247, 247, 244, 246, 248, 246, 244, 247, 247,
    245, 245, 245, 243, 246, 247, 247, 248, 248, 245, 248, 247, 248, 247,
    246, 250, 250, 256, 258, 259, 260, 264, 265, 266, 272, 269, 272, 273,
    284, 282, 272, 276, 275, 276, 275, 278, 276, 273, 276, 275, 278, 280,
    279, 279, 272, 274, 277, 280, 277, 277, 274, 273, 277, 274, 277, 278,
    275, 275, 275, 271, 273 ]
headPositionsY: [ 67, 65, 69, 67, 69, 69, 68, 68, 68, 67, 67, 66, 66, 69,
    69, 68, 70, 67, 71, 67, 70, 67, 71, 71, 69, 68, 71, 70, 72, 71, 70,
    72, 72, 73, 71, 72, 71, 71, 72, 70, 70, 69, 71, 71, 71, 73, 74, 73,
    74, 74, 75, 74, 73, 70, 73, 71, 70, 70, 72, 70, 72, 70, 71, 70, 69,
    69, 69, 71, 72, 69, 67, 69, 71, 70, 70, 71, 68, 71, 68, 70, 72, 70,
    71, 69, 65, 70, 72, 68, 67, 70, 71, 71, 67, 70, 71, 67, 70, 67, 70,
    69 ]
