%YAML:1.0
---
videoName: "headLookLeft7.mp4"
gestureLabel: 203
fps: 29
pixelSizeInCmTemp: 3.4214285714285714e-01
faceCenterPointX: 268
faceCenterPointY: 68
headPositionsX: [ 269, 245, 246, 244, 247, 245, 245, 246, 243, 244, 246,
    246, 245, 244, 245, 245, 246, 246, 246, 243, 243, 246, 247, 246, 246,
    245, 245, 246, 247, 248, 250, 252, 253, 255, 255, 259, 263, 261, 261,
    266, 265, 267, 267, 265, 266, 270, 268, 267, 265, 267, 264, 267, 267,
    268, 268, 266, 269, 267, 268, 271, 268, 270, 266, 270, 269, 266, 268,
    271, 265, 267, 270, 268, 268, 269, 270, 267, 271, 266, 266, 267, 266,
    270, 268, 266, 270, 268, 266, 267, 267, 270, 272, 266, 271, 270, 267,
    268, 268, 269, 270, 268 ]
headPositionsY: [ 67, 66, 67, 71, 68, 69, 71, 68, 70, 69, 67, 72, 71, 68,
    69, 73, 72, 68, 69, 72, 70, 72, 68, 70, 71, 70, 71, 72, 69, 72, 68,
    69, 68, 67, 70, 69, 68, 68, 68, 69, 69, 66, 67, 66, 69, 69, 70, 70,
    71, 67, 70, 68, 66, 67, 67, 69, 71, 69, 69, 67, 71, 71, 67, 69, 71,
    69, 69, 72, 68, 70, 70, 69, 71, 68, 67, 67, 70, 66, 70, 70, 68, 68,
    72, 69, 71, 69, 66, 67, 71, 68, 71, 70, 70, 69, 68, 70, 67, 66, 71,
    70 ]
