%YAML:1.0
---
videoName: "headLookLeft8.mp4"
gestureLabel: 203
fps: 29
pixelSizeInCmTemp: 3.6287878787878786e-01
faceCenterPointX: 273
faceCenterPointY: 69
headPositionsX: [ 271, 244, 241, 243, 242, 242, 240, 242, 240, 239, 239,
    241, 244, 244, 241, 246, 244, 245, 249, 249, 249, 248, 245, 246, 248,
    246, 248, 245, 245, 247, 248, 245, 244, 245, 247, 247, 247, 248, 245,
    245, 244, 244, 243, 244, 245, 245, 246, 247, 244, 246, 244, 249, 249,
    247, 248, 250, 254, 257, 257, 262, 261, 266, 268, 275, 271, 275, 273,
    283, 282, 276, 277, 278, 276, 276, 276, 275, 275, 274, 277, 278, 280,
    278, 278, 271, 271, 276, 276, 277, 273, 277, 275, 277, 274, 275, 276,
    273, 273, 275, 275, 272 ]
headPositionsY: [ 71, 68, 66, 68, 65, 68, 68, 65, 67, 70, 67, 67, 69, 66,
    67, 70, 67, 67, 70, 69, 70, 68, 69, 68, 68, 72, 72, 71, 72, 72, 73,
    71, 74, 72, 73, 71, 70, 70, 70, 70, 69, 69, 72, 72, 75, 70, 71, 71,
    74, 75, 74, 71, 72, 70, 71, 72, 74, 72, 69, 69, 68, 70, 67, 74, 69,
    70, 71, 70, 72, 67, 71, 69, 71, 69, 68, 69, 67, 71, 71, 68, 72, 72,
    70, 67, 69, 68, 72, 71, 71, 70, 67, 67, 71, 70, 72, 69, 71, 68, 71,
    69 ]
