%YAML:1.0
---
videoName: "headLookLeft0.mp4"
gestureLabel: 203
fps: 29
pixelSizeInCmTemp: 3.6287878787878786e-01
faceCenterPointX: 286
faceCenterPointY: 69
headPositionsX: [ 286, 254, 253, 253, 253, 254, 255, 255, 256, 254, 252,
    252, 251, 256, 251, 255, 251, 253, 253, 255, 252, 254, 255, 254, 252,
    253, 255, 256, 255, 254, 253, 255, 253, 253, 255, 255, 256, 255, 253,
    255, 254, 254, 256, 255, 254, 256, 253, 256, 255, 254, 257, 257, 254,
    254, 257, 256, 254, 256, 254, 253, 253, 253, 255, 253, 254, 256, 253,
    257, 254, 254, 255, 257, 253, 257, 253, 256, 254, 258, 260, 263, 262,
    262, 268, 268, 270, 272, 273, 275, 284, 278, 278, 275, 283, 284, 285,
    285, 288, 284, 286, 285 ]
headPositionsY: [ 67, 70, 68, 70, 70, 68, 70, 70, 69, 67, 68, 68, 68, 70,
    70, 70, 70, 71, 69, 68, 68, 71, 71, 72, 71, 70, 68, 68, 70, 69, 70,
    72, 72, 72, 69, 70, 71, 72, 68, 73, 68, 68, 68, 71, 73, 70, 73, 73,
    69, 71, 70, 69, 70, 69, 70, 71, 74, 71, 72, 70, 71, 70, 70, 73, 74,
    70, 71, 71, 69, 71, 71, 71, 74, 72, 70, 71, 70, 70, 74, 74, 71, 69,
    70, 69, 72, 67, 68, 67, 70, 65, 66, 66, 66, 67, 69, 68, 68, 70, 69,
    69 ]
