%YAML:1.0
---
videoName: "headLookLeft4.mp4"
gestureLabel: 203
fps: 29
pixelSizeInCmTemp: 3.4710144927536229e-01
faceCenterPointX: 288
faceCenterPointY: 74
headPositionsX: [ 288, 264, 267, 266, 265, 266, 266, 268, 272, 273, 277,
    277, 281, 284, 287, 287, 295, 295, 295, 297, 294, 291, 293, 297, 291,
    296, 293, 298, 297, 293, 293, 292, 294, 295, 290, 295, 296, 293, 295,
    291, 292, 291, 294, 294, 296, 291, 288, 291, 289, 289, 292, 289, 289,
    290, 288, 289, 291, 289, 290, 289, 289, 290, 289, 286, 291, 292, 291,
    289, 287, 291, 288, 291, 287, 294, 291, 288, 294, 289, 291, 290, 291,
    290, 292, 290, 288, 291, 290, 288, 294, 289, 289, 289, 291, 289, 291,
    288, 292, 288, 288, 291 ]
headPositionsY: [ 74, 79, 78, 78, 79, 81, 79, 78, 79, 75, 78, 76, 79, 77,
    77, 79, 75, 76, 77, 82, 75, 75, 73, 75, 76, 73, 74, 78, 78, 77, 75,
    79, 77, 75, 75, 76, 80, 73, 75, 75, 77, 72, 74, 73, 77, 75, 75, 78,
    75, 76, 76, 73, 75, 76, 72, 74, 73, 76, 71, 74, 75, 74, 76, 74, 74,
    75, 75, 73, 76, 74, 74, 73, 77, 78, 73, 76, 75, 75, 77, 74, 75, 75,
    79, 76, 74, 74, 75, 76, 75, 76, 77, 75, 75, 72, 76, 73, 74, 75, 75,
    75 ]
