%YAML:1.0
---
videoName: "headLookLeft3.mp4"
gestureLabel: 203
fps: 29
pixelSizeInCmTemp: 3.4214285714285714e-01
faceCenterPointX: 290
faceCenterPointY: 74
headPositionsX: [ 292, 266, 262, 265, 265, 264, 265, 269, 271, 269, 270,
    273, 278, 280, 283, 284, 283, 288, 290, 289, 289, 285, 293, 289, 285,
    287, 294, 290, 287, 284, 290, 292, 292, 291, 287, 292, 285, 289, 292,
    289, 290, 286, 291, 297, 289, 290, 290, 289, 293, 289, 293, 290, 291,
    288, 288, 288, 290, 290, 291, 293, 291, 291, 287, 287, 289, 287, 289,
    290, 286, 287, 287, 289, 289, 288, 287, 285, 289, 287, 288, 286, 285,
    289, 289, 288, 289, 288, 290, 290, 287, 287, 284, 286, 288, 287, 285,
    282, 290, 286, 289, 288 ]
headPositionsY: [ 74, 78, 74, 78, 75, 75, 76, 76, 77, 79, 77, 74, 75, 73,
    76, 74, 77, 73, 75, 74, 74, 72, 77, 76, 71, 73, 73, 77, 73, 71, 72,
    73, 75, 76, 73, 73, 74, 74, 75, 76, 75, 71, 73, 77, 74, 72, 75, 72,
    74, 71, 75, 73, 71, 74, 74, 74, 76, 72, 72, 75, 75, 73, 74, 73, 74,
    73, 75, 74, 71, 74, 73, 72, 71, 73, 73, 77, 72, 75, 77, 72, 72, 72,
    72, 75, 75, 74, 74, 73, 72, 73, 76, 75, 75, 76, 76, 75, 72, 74, 75,
    75 ]
