%YAML:1.0
---
videoName: "headLookLeft6.mp4"
gestureLabel: 203
fps: 29
pixelSizeInCmTemp: 3.2808219178082193e-01
faceCenterPointX: 267
faceCenterPointY: 69
headPositionsX: [ 265, 245, 243, 243, 246, 243, 245, 246, 243, 246, 244,
    243, 244, 245, 247, 246, 247, 247, 244, 247, 244, 244, 247, 244, 246,
    246, 249, 251, 252, 253, 256, 255, 260, 262, 265, 265, 265, 266, 267,
    269, 267, 270, 270, 269, 270, 267, 269, 271, 266, 268, 269, 267, 269,
    270, 269, 269, 268, 269, 268, 268, 267, 265, 270, 266, 267, 265, 266,
    266, 265, 267, 266, 266, 267, 268, 265, 267, 265, 268, 268, 270, 264,
    265, 266, 268, 268, 270, 268, 268, 266, 270, 268, 268, 267, 265, 270,
    268, 263, 267, 268, 265 ]
headPositionsY: [ 67, 74, 70, 70, 70, 72, 74, 69, 72, 75, 74, 73, 71, 71,
    74, 72, 72, 74, 74, 73, 73, 73, 74, 72, 70, 74, 72, 73, 73, 69, 69,
    71, 72, 71, 72, 69, 70, 72, 69, 69, 68, 72, 68, 72, 67, 68, 68, 69,
    72, 70, 70, 70, 71, 67, 71, 69, 72, 71, 68, 68, 70, 71, 70, 70, 70,
    71, 69, 71, 70, 70, 71, 67, 69, 68, 66, 69, 69, 68, 70, 71, 72, 68,
    68, 71, 71, 70, 70, 71, 71, 70, 69, 69, 72, 67, 69, 71, 70, 67, 72,
    67 ]
