%YAML:1.0
---
videoName: "headLookLeft9.mp4"
gestureLabel: 203
fps: 30
pixelSizeInCmTemp: 3.2364864864864862e-01
faceCenterPointX: 273
faceCenterPointY: 69
headPositionsX: [ 273, 247, 245, 246, 248, 246, 247, 244, 246, 247, 247,
    246, 248, 244, 247, 246, 245, 245, 248, 246, 245, 245, 245, 243, 244,
    247, 247, 244, 246, 245, 243, 248, 248, 247, 251, 251, 255, 257, 258,
    262, 262, 266, 267, 271, 265, 271, 271, 271, 268, 274, 271, 272, 271,
    268, 272, 270, 274, 272, 273, 271, 270, 271, 270, 274, 271, 271, 268,
    272, 274, 270, 273, 270, 270, 272, 274, 274, 273, 268, 271, 271, 271,
    269, 267, 268, 274, 267, 270, 271, 272, 271, 273, 274, 270, 267, 273,
    275, 272, 273, 268, 268 ]
headPositionsY: [ 71, 72, 71, 71, 70, 70, 71, 69, 68, 69, 71, 73, 69, 70,
    71, 72, 69, 69, 71, 72, 73, 69, 71, 68, 69, 73, 70, 72, 69, 69, 70,
    73, 71, 72, 72, 68, 70, 67, 68, 70, 70, 69, 70, 67, 68, 66, 68, 69,
    69, 71, 70, 68, 67, 66, 67, 67, 67, 70, 70, 68, 67, 67, 67, 69, 69,
    69, 65, 66, 67, 69, 65, 69, 67, 70, 69, 68, 71, 66, 68, 69, 69, 69,
    69, 67, 68, 69, 66, 68, 68, 69, 69, 68, 70, 68, 69, 67, 68, 70, 71,
    71 ]
