%YAML:1.0
---
videoName: "headLookLeft4.mp4"
gestureLabel: 203
fps: 29
pixelSizeInCmTemp: 3.4710144927536229e-01
faceCenterPointX: 288
faceCenterPointY: 74
headPositionsX: [ 290, 264, 266, 266, 265, 264, 269, 270, 274, 273, 274,
    281, 280, 284, 284, 291, 295, 296, 294, 297, 294, 293, 297, 298, 290,
    294, 295, 298, 299, 295, 295, 292, 292, 294, 293, 293, 293, 295, 296,
    295, 292, 292, 295, 295, 296, 289, 290, 293, 292, 290, 291, 291, 289,
    292, 291, 287, 289, 289, 288, 290, 288, 291, 293, 290, 288, 294, 289,
    288, 285, 288, 286, 290, 288, 292, 287, 291, 291, 288, 293, 288, 292,
    288, 290, 292, 288, 293, 290, 289, 290, 290, 288, 288, 288, 287, 292,
    288, 290, 287, 287, 291 ]
headPositionsY: [ 75, 80, 80, 81, 81, 81, 81, 78, 76, 75, 79, 77, 75, 76,
    79, 77, 78, 76, 76, 80, 75, 78, 77, 76, 75, 74, 76, 78, 77, 77, 78,
    78, 79, 76, 77, 74, 81, 75, 77, 74, 77, 75, 72, 76, 77, 73, 72, 76,
    75, 77, 74, 73, 73, 72, 72, 74, 74, 76, 73, 75, 75, 73, 77, 74, 74,
    73, 75, 74, 74, 73, 75, 74, 74, 74, 73, 76, 75, 73, 76, 73, 77, 75,
    77, 78, 74, 76, 76, 74, 77, 77, 74, 73, 74, 72, 75, 75, 74, 72, 73,
    76 ]
