%YAML:1.0
---
videoName: "headLookLeft5.mp4"
gestureLabel: 203
fps: 30
pixelSizeInCmTemp: 3.5746268656716418e-01
faceCenterPointX: 284
faceCenterPointY: 67
headPositionsX: [ 285, 259, 261, 260, 262, 259, 261, 262, 261, 259, 258,
    260, 259, 259, 260, 260, 262, 261, 261, 265, 266, 267, 268, 268, 271,
    271, 275, 274, 277, 277, 279, 284, 287, 283, 285, 287, 290, 285, 283,
    286, 286, 286, 281, 283, 287, 283, 286, 286, 285, 285, 288, 282, 282,
    281, 283, 285, 283, 285, 284, 282, 283, 283, 283, 282, 285, 284, 284,
    281, 284, 282, 287, 286, 284, 286, 284, 284, 285, 286, 283, 285, 284,
    285, 288, 286, 284, 284, 286, 285, 282, 288, 285, 285, 283, 285, 283,
    284, 286, 281, 286, 284 ]
headPositionsY: [ 66, 72, 73, 73, 70, 70, 73, 71, 72, 73, 72, 70, 72, 73,
    72, 73, 74, 72, 73, 70, 73, 71, 73, 71, 72, 68, 68, 66, 69, 70, 70,
    67, 68, 69, 69, 69, 70, 69, 65, 69, 71, 69, 65, 70, 69, 67, 70, 70,
    70, 68, 68, 71, 67, 66, 69, 68, 65, 69, 65, 69, 68, 66, 67, 68, 68,
    70, 70, 69, 68, 70, 70, 70, 67, 66, 70, 72, 68, 70, 69, 65, 69, 69,
    68, 66, 67, 67, 69, 66, 70, 68, 69, 69, 68, 69, 70, 66, 67, 69, 70,
    68 ]
