%YAML:1.0
---
videoName: "headLookLeft0.mp4"
gestureLabel: 203
fps: 29
pixelSizeInCmTemp: 3.6287878787878786e-01
faceCenterPointX: 286
faceCenterPointY: 69
headPositionsX: [ 285, 256, 253, 253, 254, 256, 255, 252, 256, 255, 251,
    253, 253, 253, 251, 255, 251, 252, 252, 252, 254, 253, 256, 254, 253,
    253, 256, 257, 252, 252, 253, 257, 257, 254, 257, 254, 256, 257, 254,
    254, 253, 256, 256, 254, 255, 257, 256, 255, 256, 254, 256, 255, 253,
    256, 253, 255, 255, 257, 257, 256, 253, 257, 257, 254, 256, 257, 255,
    253, 254, 255, 253, 254, 254, 255, 254, 257, 256, 254, 258, 263, 258,
    263, 267, 267, 271, 273, 274, 274, 283, 275, 280, 275, 280, 284, 287,
    285, 285, 285, 287, 288 ]
headPositionsY: [ 68, 68, 70, 70, 67, 69, 67, 70, 70, 67, 67, 70, 72, 69,
    69, 70, 71, 71, 67, 68, 72, 68, 68, 71, 67, 70, 70, 72, 68, 68, 68,
    69, 68, 71, 70, 72, 71, 70, 71, 73, 68, 68, 69, 70, 71, 70, 72, 74,
    72, 73, 70, 69, 72, 69, 73, 70, 71, 72, 69, 69, 70, 72, 71, 69, 73,
    72, 69, 72, 69, 69, 71, 72, 72, 71, 69, 74, 69, 71, 71, 70, 70, 72,
    73, 68, 70, 71, 69, 67, 73, 67, 64, 68, 66, 66, 68, 70, 71, 71, 67,
    70 ]
