%YAML:1.0
---
videoName: "headLookLeft7.mp4"
gestureLabel: 203
fps: 29
pixelSizeInCmTemp: 3.4214285714285714e-01
faceCenterPointX: 268
faceCenterPointY: 68
headPositionsX: [ 270, 247, 246, 245, 247, 246, 247, 245, 247, 243, 244,
    243, 244, 244, 247, 244, 245, 246, 243, 243, 245, 246, 244, 246, 247,
    246, 246, 246, 245, 246, 246, 252, 255, 256, 257, 260, 262, 265, 262,
    267, 269, 267, 266, 266, 264, 269, 268, 268, 269, 268, 266, 270, 270,
    268, 268, 269, 265, 268, 268, 271, 267, 270, 268, 269, 271, 267, 264,
    270, 267, 269, 269, 267, 268, 270, 267, 266, 270, 269, 265, 271, 265,
    270, 270, 269, 271, 269, 268, 271, 265, 269, 269, 267, 268, 270, 271,
    270, 269, 270, 267, 268 ]
headPositionsY: [ 66, 68, 68, 67, 71, 71, 69, 68, 69, 68, 69, 69, 68, 70,
    70, 69, 70, 71, 72, 69, 68, 69, 69, 70, 69, 69, 72, 69, 70, 72, 71,
    71, 69, 70, 70, 70, 67, 70, 68, 69, 67, 68, 67, 67, 66, 67, 71, 70,
    70, 67, 70, 67, 67, 71, 66, 69, 71, 69, 67, 67, 69, 71, 67, 72, 70,
    69, 67, 70, 66, 67, 69, 66, 67, 68, 70, 71, 70, 67, 70, 70, 69, 68,
    68, 68, 71, 69, 67, 67, 67, 68, 68, 71, 71, 70, 67, 68, 68, 66, 71,
    67 ]
