%YAML:1.0
---
videoName: "headLookLeft7.mp4"
gestureLabel: 203
fps: 29
pixelSizeInCmTemp: 3.4214285714285714e-01
faceCenterPointX: 268
faceCenterPointY: 68
headPositionsX: [ 268, 244, 245, 247, 244, 243, 245, 247, 247, 243, 245,
    247, 245, 247, 247, 244, 244, 243, 244, 244, 247, 248, 246, 243, 243,
    244, 247, 245, 247, 250, 247, 252, 253, 254, 256, 261, 263, 261, 264,
    263, 268, 266, 266, 264, 266, 266, 269, 266, 266, 270, 264, 269, 267,
    268, 264, 267, 265, 267, 265, 270, 264, 270, 264, 268, 269, 269, 266,
    271, 264, 265, 267, 265, 267, 266, 270, 269, 267, 268, 268, 269, 269,
    269, 270, 268, 269, 268, 270, 268, 266, 271, 269, 267, 267, 268, 268,
    272, 268, 270, 271, 269 ]
headPositionsY: [ 68, 68, 69, 67, 72, 68, 69, 69, 67, 71, 71, 69, 72, 70,
    72, 70, 68, 71, 69, 72, 70, 71, 69, 72, 67, 72, 70, 70, 71, 70, 68,
    67, 69, 71, 68, 69, 67, 70, 68, 67, 68, 69, 67, 66, 66, 66, 68, 69,
    69, 70, 71, 71, 68, 70, 66, 67, 70, 69, 67, 71, 69, 69, 66, 68, 68,
    71, 69, 69, 69, 70, 67, 67, 70, 70, 71, 70, 68, 66, 68, 68, 67, 71,
    71, 67, 69, 69, 69, 68, 71, 72, 70, 68, 68, 68, 68, 68, 66, 68, 68,
    70 ]
