%YAML:1.0
---
videoName: "headLookLeft8.mp4"
gestureLabel: 203
fps: 29
pixelSizeInCmTemp: 3.6287878787878786e-01
faceCenterPointX: 273
faceCenterPointY: 69
headPositionsX: [ 272, 242, 244, 243, 240, 243, 240, 241, 241, 239, 243,
    242, 244, 244, 242, 246, 246, 244, 249, 245, 246, 249, 249, 246, 249,
    246, 244, 249, 247, 245, 247, 245, 244, 249, 246, 246, 246, 245, 247,
    248, 245, 247, 246, 245, 246, 247, 246, 248, 247, 247, 248, 249, 250,
    248, 247, 251, 252, 257, 257, 259, 261, 268, 266, 274, 267, 271, 274,
    284, 280, 275, 278, 276, 277, 278, 275, 276, 273, 273, 279, 278, 279,
    279, 279, 272, 273, 275, 276, 279, 276, 275, 275, 275, 272, 276, 276,
    272, 274, 277, 271, 273 ]
headPositionsY: [ 67, 67, 66, 65, 69, 67, 67, 68, 69, 67, 66, 68, 67, 67,
    68, 67, 67, 70, 67, 67, 70, 68, 68, 70, 68, 71, 70, 71, 72, 70, 72,
    70, 70, 70, 73, 72, 70, 72, 70, 71, 70, 71, 71, 72, 71, 73, 73, 73,
    73, 73, 73, 75, 73, 73, 72, 74, 70, 71, 68, 69, 71, 70, 69, 70, 71,
    68, 67, 72, 70, 69, 70, 70, 71, 72, 68, 70, 68, 67, 70, 68, 71, 71,
    72, 67, 66, 71, 68, 71, 71, 68, 67, 71, 70, 71, 73, 68, 71, 69, 68,
    71 ]
