%YAML:1.0
---
videoName: "headLookLeft9.mp4"
gestureLabel: 203
fps: 30
pixelSizeInCmTemp: 3.2364864864864862e-01
faceCenterPointX: 273
faceCenterPointY: 69
headPositionsX: [ 275, 245, 248, 246, 247, 248, 245, 248, 245, 244, 246,
    244, 246, 245, 245, 244, 246, 246, 247, 244, 248, 244, 244, 245, 248,
    247, 243, 247, 243, 246, 246, 244, 249, 250, 251, 252, 254, 258, 259,
    263, 266, 265, 270, 268, 267, 267, 274, 268, 270, 271, 273, 270, 272,
    270, 270, 269, 271, 272, 271, 273, 272, 270, 272, 271, 271, 273, 269,
    270, 274, 273, 271, 273, 270, 273, 273, 274, 270, 269, 269, 270, 272,
    269, 270, 269, 271, 269, 270, 270, 274, 269, 274, 274, 271, 268, 272,
    272, 270, 272, 269, 272 ]
headPositionsY: [ 70, 70, 69, 73, 71, 69, 73, 68, 71, 72, 70, 71, 72, 72,
    69, 71, 72, 69, 72, 72, 72, 68, 71, 72, 72, 71, 69, 73, 70, 72, 73,
    72, 72, 72, 70, 72, 71, 67, 67, 70, 67, 68, 66, 70, 66, 66, 68, 66,
    69, 67, 68, 68, 70, 68, 69, 68, 68, 70, 66, 66, 67, 68, 67, 69, 69,
    68, 65, 69, 67, 69, 68, 70, 66, 70, 69, 68, 71, 67, 67, 70, 69, 70,
    69, 68, 68, 68, 66, 71, 67, 66, 68, 66, 66, 68, 68, 69, 69, 68, 67,
    68 ]
