%YAML:1.0
---
videoName: "headLookLeft3.mp4"
gestureLabel: 203
fps: 29
pixelSizeInCmTemp: 3.4214285714285714e-01
faceCenterPointX: 290
faceCenterPointY: 74
headPositionsX: [ 291, 265, 261, 262, 266, 263, 268, 269, 271, 270, 274,
    275, 275, 278, 279, 284, 283, 288, 286, 291, 289, 287, 293, 292, 285,
    289, 296, 288, 288, 282, 289, 291, 290, 291, 288, 288, 281, 289, 291,
    288, 289, 285, 289, 297, 290, 289, 286, 288, 289, 290, 293, 291, 288,
    289, 288, 285, 289, 288, 290, 291, 288, 288, 291, 289, 288, 285, 287,
    289, 284, 289, 288, 288, 288, 288, 287, 285, 287, 287, 288, 285, 288,
    285, 288, 284, 290, 287, 289, 289, 289, 290, 285, 284, 288, 286, 285,
    284, 288, 287, 288, 284 ]
headPositionsY: [ 72, 77, 78, 75, 77, 77, 79, 77, 79, 77, 76, 76, 76, 77,
    74, 74, 75, 74, 76, 76, 74, 71, 74, 75, 73, 74, 75, 73, 73, 70, 73,
    73, 74, 77, 74, 77, 71, 77, 72, 76, 74, 75, 71, 74, 74, 72, 72, 72,
    75, 71, 71, 75, 75, 73, 74, 74, 74, 73, 74, 75, 72, 73, 73, 71, 73,
    75, 71, 74, 75, 74, 74, 72, 71, 75, 74, 74, 74, 73, 74, 75, 74, 74,
    73, 73, 76, 73, 73, 75, 74, 76, 73, 72, 73, 73, 75, 74, 75, 75, 72,
    75 ]
