%YAML:1.0
---
videoName: "headLookLeft4.mp4"
gestureLabel: 203
fps: 29
pixelSizeInCmTemp: 3.4710144927536229e-01
faceCenterPointX: 288
faceCenterPointY: 74
headPositionsX: [ 289, 266, 267, 264, 264, 266, 267, 270, 272, 272, 274,
    280, 280, 284, 288, 290, 296, 296, 297, 297, 295, 291, 297, 297, 292,
    297, 293, 296, 299, 294, 294, 293, 296, 293, 294, 292, 292, 295, 293,
    293, 291, 289, 293, 295, 292, 289, 291, 291, 288, 292, 290, 288, 293,
    292, 288, 286, 288, 289, 286, 292, 290, 291, 289, 286, 288, 294, 288,
    288, 285, 289, 290, 289, 291, 293, 290, 289, 291, 289, 294, 291, 290,
    292, 293, 292, 291, 289, 287, 287, 290, 293, 288, 290, 290, 289, 291,
    286, 292, 291, 289, 290 ]
headPositionsY: [ 76, 81, 79, 78, 78, 77, 79, 80, 77, 77, 78, 76, 75, 75,
    75, 76, 77, 76, 74, 78, 76, 78, 73, 77, 76, 76, 76, 79, 76, 79, 75,
    79, 79, 77, 77, 74, 80, 74, 76, 77, 77, 76, 72, 75, 74, 72, 74, 77,
    75, 74, 74, 74, 74, 72, 75, 76, 76, 73, 75, 75, 74, 73, 75, 73, 73,
    76, 75, 76, 74, 74, 73, 76, 75, 74, 74, 77, 76, 73, 79, 76, 75, 74,
    76, 76, 73, 72, 76, 74, 76, 75, 74, 75, 74, 72, 77, 74, 76, 73, 75,
    76 ]
