%YAML:1.0
---
videoName: "headLookLeft1.mp4"
gestureLabel: 203
fps: 30
pixelSizeInCmTemp: 3.6287878787878786e-01
faceCenterPointX: 276
faceCenterPointY: 73
headPositionsX: [ 276, 257, 255, 258, 258, 256, 255, 259, 258, 257, 258,
    258, 258, 254, 254, 257, 255, 257, 255, 255, 255, 255, 256, 255, 256,
    255, 256, 255, 257, 258, 255, 259, 257, 254, 254, 257, 257, 257, 257,
    256, 255, 256, 253, 255, 256, 253, 257, 256, 255, 257, 257, 256, 256,
    255, 256, 256, 256, 256, 258, 259, 261, 263, 261, 264, 268, 272, 272,
    275, 274, 274, 278, 275, 272, 271, 273, 278, 279, 277, 275, 276, 281,
    280, 279, 280, 280, 278, 277, 278, 278, 278, 280, 276, 276, 277, 273,
    277, 280, 277, 277, 274 ]
headPositionsY: [ 74, 74, 74, 74, 73, 78, 76, 75, 78, 73, 77, 73, 76, 74,
    75, 78, 76, 79, 75, 79, 79, 79, 75, 78, 75, 80, 79, 77, 78, 80, 80,
    79, 78, 77, 79, 79, 77, 78, 78, 80, 78, 80, 76, 79, 80, 78, 77, 81,
    76, 78, 80, 77, 77, 77, 80, 80, 80, 78, 78, 77, 80, 79, 79, 79, 78,
    78, 79, 75, 77, 78, 77, 76, 76, 76, 72, 76, 76, 75, 78, 75, 75, 75,
    74, 73, 75, 74, 76, 78, 75, 74, 74, 75, 75, 77, 73, 73, 74, 74, 72,
    75 ]
