%YAML:1.0
---
videoName: "headLookLeft5.mp4"
gestureLabel: 203
fps: 30
pixelSizeInCmTemp: 3.5746268656716418e-01
faceCenterPointX: 284
faceCenterPointY: 67
headPositionsX: [ 284, 258, 260, 262, 259, 261, 258, 258, 259, 262, 262,
    263, 262, 261, 262, 264, 261, 264, 264, 264, 263, 266, 266, 269, 273,
    275, 273, 274, 277, 281, 279, 283, 287, 280, 286, 285, 287, 287, 286,
    288, 287, 284, 285, 283, 289, 285, 285, 287, 286, 285, 287, 283, 283,
    284, 283, 285, 282, 282, 285, 284, 283, 282, 285, 281, 282, 285, 287,
    283, 281, 280, 284, 285, 284, 284, 282, 284, 289, 282, 287, 284, 284,
    286, 284, 284, 283, 284, 285, 287, 285, 288, 286, 283, 287, 285, 284,
    284, 286, 284, 283, 284 ]
headPositionsY: [ 68, 71, 73, 73, 73, 70, 69, 70, 74, 72, 70, 72, 69, 74,
    71, 69, 71, 71, 72, 69, 70, 74, 73, 68, 71, 69, 69, 67, 66, 68, 71,
    70, 71, 69, 69, 68, 70, 68, 69, 69, 69, 67, 65, 68, 67, 69, 68, 70,
    70, 70, 68, 67, 69, 67, 69, 70, 69, 66, 69, 68, 69, 68, 70, 70, 68,
    66, 68, 68, 66, 69, 71, 68, 68, 69, 70, 72, 70, 70, 68, 69, 69, 69,
    69, 68, 71, 70, 68, 67, 70, 66, 67, 70, 69, 70, 69, 69, 69, 68, 68,
    68 ]
