%YAML:1.0
---
videoName: "headLookLeft2.mp4"
gestureLabel: 203
fps: 29
pixelSizeInCmTemp: 3.6846153846153845e-01
faceCenterPointX: 278
faceCenterPointY: 74
headPositionsX: [ 276, 257, 261, 259, 260, 258, 258, 260, 259, 260, 258,
    259, 259, 259, 262, 261, 259, 262, 261, 262, 261, 266, 264, 266, 266,
    272, 272, 273, 276, 275, 277, 277, 277, 281, 277, 279, 277, 283, 280,
    279, 281, 281, 281, 280, 278, 282, 279, 280, 284, 279, 280, 281, 281,
    281, 280, 282, 277, 274, 277, 278, 285, 275, 280, 278, 277, 281, 280,
    283, 281, 279, 282, 283, 281, 274, 276, 283, 275, 280, 277, 279, 276,
    279, 280, 280, 284, 276, 284, 277, 275, 283, 280, 279, 281, 282, 277,
    277, 281, 282, 289, 282 ]
headPositionsY: [ 73, 74, 77, 75, 73, 73, 77, 74, 74, 76, 77, 74, 74, 76,
    78, 77, 77, 76, 75, 76, 74, 75, 77, 75, 73, 74, 76, 74, 73, 73, 72,
    76, 71, 73, 71, 74, 76, 72, 76, 73, 72, 77, 73, 75, 74, 74, 77, 74,
    77, 74, 74, 77, 73, 77, 74, 73, 74, 75, 73, 77, 76, 72, 76, 72, 72,
    76, 73, 78, 77, 72, 76, 76, 75, 72, 71, 73, 71, 75, 74, 74, 74, 72,
    75, 74, 77, 73, 72, 76, 72, 76, 76, 76, 78, 75, 71, 76, 76, 73, 77,
    75 ]
