%YAML:1.0
---
videoName: "headLookLeft6.mp4"
gestureLabel: 203
fps: 29
pixelSizeInCmTemp: 3.2808219178082193e-01
faceCenterPointX: 267
faceCenterPointY: 69
headPositionsX: [ 269, 246, 243, 246, 246, 243, 248, 244, 247, 246, 244,
    243, 244, 245, 244, 245, 247, 245, 248, 245, 245, 246, 247, 247, 245,
    245, 248, 249, 251, 254, 254, 259, 261, 260, 263, 263, 267, 267, 268,
    271, 268, 271, 268, 268, 271, 270, 269, 271, 268, 269, 268, 269, 271,
    268, 267, 271, 269, 269, 267, 270, 269, 264, 267, 269, 271, 264, 265,
    267, 269, 265, 268, 266, 269, 266, 266, 266, 265, 268, 271, 268, 266,
    268, 264, 268, 266, 267, 268, 266, 266, 267, 268, 269, 267, 269, 266,
    267, 267, 268, 268, 265 ]
headPositionsY: [ 67, 70, 69, 73, 73, 73, 74, 69, 69, 71, 71, 71, 70, 70,
    70, 71, 72, 74, 70, 73, 72, 74, 71, 73, 73, 73, 74, 73, 73, 72, 69,
    71, 70, 69, 72, 68, 70, 71, 70, 70, 71, 70, 68, 72, 70, 69, 66, 68,
    72, 73, 70, 70, 68, 68, 72, 70, 71, 72, 69, 69, 68, 67, 71, 69, 70,
    71, 70, 70, 68, 70, 72, 71, 72, 69, 67, 68, 72, 68, 71, 72, 73, 70,
    72, 67, 71, 71, 70, 68, 70, 69, 71, 70, 71, 68, 71, 70, 72, 69, 71,
    67 ]
