%YAML:1.0
---
videoName: "headLookLeft1.mp4"
gestureLabel: 203
fps: 30
pixelSizeInCmTemp: 3.6287878787878786e-01
faceCenterPointX: 276
faceCenterPointY: 73
headPositionsX: [ 274, 257, 256, 257, 258, 257, 258, 259, 254, 254, 256,
    257, 256, 254, 256, 256, 256, 257, 254, 256, 258, 255, 256, 256, 258,
    255, 257, 258, 255, 254, 258, 259, 257, 254, 254, 257, 256, 256, 258,
    256, 254, 258, 253, 256, 258, 255, 256, 257, 253, 254, 254, 255, 254,
    257, 254, 258, 257, 255, 258, 260, 262, 260, 261, 265, 265, 269, 270,
    275, 275, 274, 277, 277, 274, 271, 270, 278, 277, 278, 278, 277, 279,
    280, 278, 280, 281, 276, 278, 279, 280, 275, 280, 277, 276, 274, 274,
    275, 276, 275, 277, 276 ]
headPositionsY: [ 72, 75, 73, 77, 76, 76, 75, 78, 75, 73, 74, 76, 75, 75,
    76, 75, 78, 76, 77, 79, 79, 76, 77, 77, 78, 78, 75, 79, 77, 80, 76,
    79, 76, 80, 77, 77, 77, 78, 79, 78, 80, 76, 77, 78, 78, 79, 76, 81,
    77, 78, 77, 80, 79, 78, 79, 77, 81, 79, 77, 81, 79, 79, 77, 77, 79,
    79, 78, 79, 76, 81, 77, 74, 76, 75, 73, 76, 76, 74, 78, 75, 74, 74,
    76, 73, 78, 78, 74, 74, 73, 74, 77, 75, 76, 77, 75, 75, 78, 76, 72,
    72 ]
