%YAML:1.0
---
videoName: "headLookLeft8.mp4"
gestureLabel: 203
fps: 29
pixelSizeInCmTemp: 3.6287878787878786e-01
faceCenterPointX: 273
faceCenterPointY: 69
headPositionsX: [ 271, 244, 243, 242, 240, 243, 240, 240, 239, 243, 240,
    243, 244, 243, 245, 245, 244, 245, 249, 249, 249, 248, 246, 245, 246,
    247, 245, 246, 245, 245, 248, 245, 245, 245, 246, 248, 247, 245, 247,
    246, 245, 246, 243, 247, 246, 248, 247, 248, 244, 247, 245, 249, 248,
    248, 247, 253, 255, 255, 258, 262, 263, 269, 269, 271, 269, 271, 273,
    284, 280, 274, 275, 275, 278, 277, 276, 277, 273, 273, 276, 279, 277,
    280, 276, 270, 274, 276, 276, 277, 275, 277, 274, 276, 272, 274, 276,
    273, 275, 276, 275, 272 ]
headPositionsY: [ 67, 65, 67, 69, 66, 67, 66, 68, 68, 70, 67, 65, 68, 67,
    70, 69, 70, 67, 68, 70, 67, 68, 70, 68, 68, 71, 71, 73, 70, 70, 69,
    70, 70, 74, 72, 71, 72, 70, 74, 74, 69, 70, 71, 72, 72, 73, 71, 74,
    75, 73, 71, 74, 72, 71, 73, 72, 73, 69, 71, 69, 68, 68, 69, 71, 70,
    71, 68, 70, 72, 69, 71, 71, 72, 71, 68, 70, 67, 69, 68, 69, 70, 71,
    72, 70, 68, 67, 72, 70, 69, 71, 67, 68, 70, 70, 69, 67, 69, 71, 71,
    69 ]
