%YAML:1.0
---
videoName: "headLookLeft8.mp4"
gestureLabel: 203
fps: 29
pixelSizeInCmTemp: 3.6287878787878786e-01
faceCenterPointX: 273
faceCenterPointY: 69
headPositionsX: [ 271, 240, 240, 239, 243, 240, 243, 239, 240, 242, 243,
    243, 243, 241, 243, 245, 247, 248, 249, 245, 248, 249, 248, 245, 246,
    246, 245, 247, 248, 246, 245, 246, 244, 246, 246, 247, 243, 245, 245,
    249, 247, 243, 244, 245, 245, 245, 247, 245, 245, 246, 247, 248, 250,
    246, 248, 250, 255, 254, 258, 259, 262, 265, 270, 271, 271, 273, 276,
    284, 284, 275, 275, 276, 276, 276, 279, 279, 274, 276, 275, 279, 278,
    279, 279, 271, 271, 277, 276, 279, 277, 275, 273, 273, 273, 273, 277,
    275, 274, 275, 274, 269 ]
headPositionsY: [ 69, 65, 69, 66, 68, 67, 65, 65, 69, 66, 66, 69, 70, 67,
    68, 66, 68, 67, 70, 70, 71, 70, 69, 69, 71, 72, 68, 69, 73, 72, 69,
    70, 74, 70, 72, 73, 70, 71, 74, 70, 73, 69, 73, 70, 71, 71, 71, 73,
    75, 75, 72, 74, 74, 70, 71, 73, 74, 69, 70, 68, 71, 72, 68, 72, 68,
    70, 69, 73, 69, 68, 70, 70, 69, 70, 70, 71, 70, 71, 67, 69, 72, 71,
    69, 70, 65, 68, 72, 68, 67, 69, 69, 70, 69, 68, 70, 70, 68, 71, 70,
    69 ]
