%YAML:1.0
---
videoName: "headLookLeft5.mp4"
gestureLabel: 203
fps: 30
pixelSizeInCmTemp: 3.5746268656716418e-01
faceCenterPointX: 284
faceCenterPointY: 67
headPositionsX: [ 282, 257, 259, 259, 262, 259, 259, 258, 262, 259, 258,
    263, 260, 262, 262, 260, 264, 261, 264, 261, 262, 265, 266, 270, 270,
    274, 274, 277, 279, 277, 279, 282, 284, 284, 287, 284, 290, 285, 286,
    285, 284, 287, 285, 283, 287, 285, 288, 286, 286, 284, 288, 286, 282,
    281, 285, 282, 281, 281, 283, 282, 284, 281, 282, 282, 285, 285, 283,
    283, 283, 284, 284, 287, 283, 285, 283, 285, 288, 282, 286, 284, 285,
    286, 288, 286, 285, 287, 287, 285, 286, 286, 284, 285, 285, 283, 285,
    285, 286, 283, 283, 286 ]
headPositionsY: [ 65, 71, 69, 73, 73, 70, 71, 73, 70, 72, 73, 72, 69, 70,
    72, 73, 72, 72, 74, 73, 71, 73, 71, 69, 68, 68, 69, 70, 70, 69, 70,
    67, 67, 66, 67, 69, 68, 69, 67, 68, 72, 68, 68, 66, 70, 71, 69, 69,
    66, 70, 70, 67, 68, 67, 67, 68, 69, 66, 67, 66, 69, 66, 66, 70, 69,
    66, 69, 68, 69, 71, 69, 70, 67, 66, 69, 72, 68, 69, 68, 66, 69, 70,
    66, 70, 69, 71, 65, 68, 66, 68, 67, 68, 71, 71, 71, 66, 66, 69, 70,
    66 ]
