%YAML:1.0
---
videoName: "headLookLeft7.mp4"
gestureLabel: 203
fps: 29
pixelSizeInCmTemp: 3.4214285714285714e-01
faceCenterPointX: 268
faceCenterPointY: 68
headPositionsX: [ 270, 248, 244, 244, 248, 243, 246, 245, 245, 245, 243,
    247, 245, 246, 248, 244, 245, 244, 244, 246, 244, 247, 248, 243, 247,
    243, 247, 248, 246, 249, 248, 250, 251, 252, 259, 260, 259, 265, 261,
    266, 265, 265, 267, 263, 264, 267, 270, 269, 268, 266, 264, 268, 267,
    270, 264, 267, 267, 266, 268, 272, 266, 269, 264, 268, 270, 267, 266,
    271, 264, 265, 270, 266, 266, 266, 269, 266, 268, 269, 268, 268, 268,
    271, 269, 267, 271, 269, 268, 270, 268, 272, 270, 267, 270, 271, 268,
    272, 267, 271, 271, 271 ]
headPositionsY: [ 66, 68, 67, 67, 70, 69, 67, 70, 71, 69, 71, 69, 72, 70,
    69, 69, 71, 70, 69, 71, 70, 72, 72, 71, 68, 70, 72, 70, 70, 69, 72,
    68, 70, 71, 70, 67, 68, 68, 70, 69, 69, 65, 66, 69, 68, 67, 69, 70,
    71, 66, 71, 69, 66, 67, 70, 67, 68, 67, 68, 69, 68, 69, 66, 69, 69,
    70, 68, 69, 67, 71, 68, 66, 70, 72, 67, 70, 68, 70, 70, 72, 65, 70,
    71, 67, 71, 69, 67, 68, 68, 69, 71, 69, 68, 69, 69, 72, 69, 67, 69,
    71 ]
