%YAML:1.0
---
videoName: "headLookLeft7.mp4"
gestureLabel: 203
fps: 29
pixelSizeInCmTemp: 3.4214285714285714e-01
faceCenterPointX: 268
faceCenterPointY: 68
headPositionsX: [ 266, 247, 244, 243, 248, 243, 247, 246, 245, 244, 246,
    245, 246, 246, 245, 242, 244, 244, 243, 243, 245, 246, 244, 243, 245,
    245, 245, 246, 244, 250, 246, 248, 252, 256, 255, 260, 263, 265, 261,
    263, 269, 266, 268, 266, 266, 267, 268, 265, 268, 267, 266, 266, 270,
    268, 268, 267, 265, 266, 266, 270, 267, 271, 265, 270, 269, 265, 266,
    270, 266, 265, 270, 265, 267, 269, 267, 266, 270, 268, 266, 270, 269,
    267, 271, 266, 267, 266, 268, 270, 264, 268, 269, 270, 270, 271, 268,
    268, 270, 272, 270, 269 ]
headPositionsY: [ 68, 70, 67, 70, 68, 67, 68, 72, 68, 70, 71, 72, 72, 68,
    73, 70, 70, 71, 69, 69, 72, 72, 68, 71, 68, 71, 70, 70, 70, 69, 72,
    70, 68, 68, 67, 67, 69, 69, 68, 69, 67, 66, 70, 68, 65, 69, 71, 69,
    68, 69, 69, 68, 68, 68, 66, 70, 70, 68, 67, 68, 69, 68, 70, 69, 70,
    67, 68, 70, 69, 70, 71, 69, 71, 69, 67, 71, 71, 68, 68, 69, 65, 71,
    69, 67, 68, 69, 66, 66, 71, 68, 69, 71, 67, 67, 70, 68, 67, 68, 70,
    67 ]
