%YAML:1.0
---
videoName: "headLookLeft0.mp4"
gestureLabel: 203
fps: 29
pixelSizeInCmTemp: 3.6287878787878786e-01
faceCenterPointX: 286
faceCenterPointY: 69
headPositionsX: [ 286, 256, 253, 256, 256, 256, 253, 252, 256, 251, 253,
    255, 252, 256, 253, 253, 251, 253, 256, 252, 256, 256, 255, 254, 252,
    257, 254, 257, 255, 253, 255, 255, 255, 252, 254, 256, 256, 256, 257,
    256, 257, 257, 258, 254, 256, 257, 257, 254, 255, 253, 256, 257, 256,
    257, 253, 256, 256, 255, 257, 256, 254, 253, 255, 256, 257, 254, 252,
    253, 256, 256, 257, 254, 254, 256, 253, 253, 255, 258, 260, 261, 260,
    262, 268, 267, 270, 273, 273, 278, 282, 278, 279, 275, 280, 282, 287,
    286, 287, 285, 284, 288 ]
headPositionsY: [ 70, 71, 69, 68, 69, 68, 69, 67, 70, 66, 67, 67, 72, 71,
    70, 68, 68, 71, 70, 67, 72, 71, 71, 68, 69, 68, 71, 71, 70, 70, 68,
    73, 72, 71, 73, 71, 70, 72, 68, 71, 69, 70, 70, 70, 73, 72, 71, 71,
    71, 72, 70, 73, 70, 71, 72, 69, 73, 73, 69, 73, 73, 73, 73, 73, 74,
    69, 72, 73, 72, 70, 69, 73, 73, 70, 73, 73, 72, 72, 71, 71, 69, 69,
    73, 71, 72, 67, 68, 71, 71, 69, 65, 68, 65, 67, 70, 67, 70, 67, 71,
    68 ]
