%YAML:1.0
---
videoName: "headLookLeft4.mp4"
gestureLabel: 203
fps: 29
pixelSizeInCmTemp: 3.4710144927536229e-01
faceCenterPointX: 288
faceCenterPointY: 74
headPositionsX: [ 288, 266, 268, 265, 264, 268, 270, 270, 271, 272, 275,
    279, 282, 286, 286, 287, 296, 294, 295, 294, 296, 293, 295, 295, 293,
    297, 291, 296, 296, 294, 295, 292, 296, 292, 291, 293, 292, 292, 295,
    291, 292, 288, 296, 294, 296, 292, 288, 292, 292, 289, 291, 290, 289,
    293, 292, 287, 287, 288, 290, 292, 290, 287, 289, 290, 290, 293, 287,
    289, 288, 290, 286, 293, 290, 293, 291, 291, 290, 286, 291, 292, 292,
    291, 293, 292, 289, 293, 287, 291, 290, 290, 290, 288, 291, 288, 291,
    287, 290, 287, 290, 290 ]
headPositionsY: [ 72, 78, 80, 78, 79, 79, 79, 76, 78, 77, 76, 76, 79, 75,
    75, 79, 77, 78, 76, 80, 73, 75, 73, 75, 77, 75, 76, 80, 76, 77, 76,
    76, 80, 75, 76, 73, 82, 74, 77, 74, 78, 72, 76, 74, 76, 74, 74, 78,
    74, 74, 72, 76, 71, 72, 72, 76, 74, 74, 72, 77, 75, 73, 77, 75, 72,
    73, 72, 74, 72, 73, 76, 73, 75, 76, 75, 75, 76, 76, 78, 72, 76, 73,
    79, 78, 76, 75, 75, 74, 77, 75, 76, 77, 74, 75, 74, 73, 77, 73, 76,
    73 ]
