%YAML:1.0
---
videoName: "headLookLeft8.mp4"
gestureLabel: 203
fps: 29
pixelSizeInCmTemp: 3.6287878787878786e-01
faceCenterPointX: 273
faceCenterPointY: 69
headPositionsX: [ 272, 240, 240, 240, 242, 243, 240, 240, 241, 243, 240,
    239, 241, 245, 244, 244, 247, 244, 246, 248, 249, 246, 248, 247, 249,
    247, 244, 248, 247, 245, 246, 246, 248, 245, 246, 245, 245, 245, 246,
    246, 246, 246, 244, 246, 246, 247, 245, 245, 247, 246, 244, 246, 247,
    248, 247, 251, 255, 257, 257, 262, 263, 265, 266, 273, 270, 275, 275,
    282, 283, 276, 278, 278, 278, 277, 277, 277, 272, 274, 277, 277, 277,
    278, 278, 270, 271, 276, 276, 278, 275, 275, 273, 274, 276, 276, 276,
    275, 276, 277, 274, 270 ]
headPositionsY: [ 70, 66, 69, 69, 68, 68, 67, 65, 70, 66, 69, 69, 70, 69,
    69, 66, 70, 69, 67, 67, 67, 68, 68, 67, 68, 70, 69, 72, 72, 71, 69,
    72, 71, 72, 70, 73, 72, 71, 72, 73, 73, 69, 73, 72, 75, 73, 70, 72,
    72, 72, 72, 71, 73, 74, 74, 72, 71, 70, 72, 69, 70, 71, 69, 70, 71,
    68, 70, 73, 70, 67, 69, 68, 70, 71, 69, 70, 68, 67, 69, 69, 70, 72,
    71, 67, 65, 68, 68, 67, 70, 68, 71, 69, 68, 70, 72, 70, 71, 69, 70,
    70 ]
