%YAML:1.0
---
videoName: "headLookLeft0.mp4"
gestureLabel: 203
fps: 29
pixelSizeInCmTemp: 3.6287878787878786e-01
faceCenterPointX: 286
faceCenterPointY: 69
headPositionsX: [ 285, 256, 253, 253, 254, 254, 253, 255, 256, 251, 255,
    252, 255, 255, 255, 254, 251, 253, 256, 253, 254, 254, 254, 255, 252,
    255, 256, 254, 253, 256, 253, 255, 255, 252, 255, 253, 253, 255, 253,
    255, 254, 255, 254, 254, 254, 258, 256, 258, 254, 257, 256, 255, 253,
    253, 255, 256, 255, 253, 255, 254, 255, 257, 253, 253, 257, 255, 252,
    253, 254, 257, 253, 258, 253, 255, 256, 254, 256, 255, 258, 261, 261,
    263, 267, 268, 272, 274, 276, 275, 281, 279, 278, 277, 280, 281, 287,
    288, 287, 288, 288, 284 ]
headPositionsY: [ 67, 69, 69, 68, 68, 68, 70, 67, 70, 67, 67, 70, 70, 69,
    72, 69, 67, 69, 71, 67, 72, 67, 67, 69, 70, 70, 71, 70, 68, 69, 69,
    72, 68, 71, 71, 70, 72, 69, 70, 73, 72, 68, 68, 69, 70, 69, 71, 70,
    71, 69, 73, 73, 70, 73, 73, 73, 71, 73, 71, 70, 74, 70, 72, 69, 70,
    70, 72, 73, 72, 73, 71, 70, 70, 69, 72, 70, 73, 72, 72, 72, 70, 68,
    73, 68, 72, 67, 69, 71, 70, 69, 67, 67, 66, 68, 71, 71, 67, 70, 70,
    70 ]
