%YAML:1.0
---
videoName: "headLookLeft9.mp4"
gestureLabel: 203
fps: 30
pixelSizeInCmTemp: 3.2364864864864862e-01
faceCenterPointX: 273
faceCenterPointY: 69
headPositionsX: [ 273, 249, 249, 246, 246, 246, 249, 244, 244, 245, 249,
    248, 246, 245, 245, 244, 244, 248, 246, 247, 245, 243, 245, 243, 248,
    244, 247, 247, 246, 247, 243, 247, 249, 249, 250, 253, 252, 257, 258,
    260, 262, 267, 268, 271, 265, 270, 270, 271, 269, 274, 271, 273, 273,
    268, 271, 269, 275, 273, 273, 273, 271, 271, 272, 272, 275, 273, 269,
    269, 272, 273, 273, 272, 271, 272, 272, 273, 272, 271, 269, 269, 271,
    270, 271, 271, 271, 270, 269, 271, 274, 271, 274, 270, 274, 269, 273,
    274, 269, 272, 269, 271 ]
headPositionsY: [ 68, 69, 71, 73, 69, 72, 72, 68, 71, 68, 70, 73, 71, 71,
    72, 71, 70, 71, 71, 73, 73, 71, 73, 71, 73, 72, 73, 71, 70, 71, 69,
    69, 72, 71, 68, 70, 70, 69, 68, 70, 69, 66, 70, 68, 68, 67, 69, 69,
    68, 69, 66, 68, 68, 66, 69, 69, 67, 66, 69, 65, 67, 66, 68, 70, 66,
    69, 65, 69, 67, 69, 65, 68, 70, 71, 70, 69, 70, 65, 66, 69, 68, 67,
    66, 68, 71, 66, 67, 71, 68, 68, 66, 69, 70, 69, 68, 67, 72, 70, 71,
    70 ]
