%YAML:1.0
---
videoName: "headLookLeft3.mp4"
gestureLabel: 203
fps: 29
pixelSizeInCmTemp: 3.4214285714285714e-01
faceCenterPointX: 290
faceCenterPointY: 74
headPositionsX: [ 288, 266, 261, 264, 262, 264, 264, 268, 271, 271, 272,
    274, 277, 277, 280, 280, 283, 285, 290, 288, 289, 287, 294, 290, 286,
    289, 295, 288, 287, 283, 289, 290, 291, 290, 285, 292, 281, 292, 289,
    288, 290, 286, 289, 294, 292, 291, 289, 288, 290, 289, 293, 289, 288,
    290, 289, 286, 290, 287, 289, 291, 292, 291, 288, 288, 288, 285, 291,
    291, 286, 287, 286, 286, 289, 287, 288, 287, 287, 290, 289, 285, 288,
    285, 288, 286, 288, 286, 290, 288, 288, 286, 284, 286, 287, 287, 285,
    282, 291, 287, 286, 287 ]
headPositionsY: [ 76, 77, 76, 77, 75, 78, 76, 77, 78, 78, 78, 77, 77, 73,
    74, 72, 75, 74, 75, 74, 72, 74, 75, 76, 72, 72, 73, 77, 72, 73, 71,
    74, 74, 77, 76, 76, 75, 73, 76, 72, 74, 71, 75, 76, 72, 74, 75, 72,
    78, 74, 74, 72, 74, 73, 76, 73, 73, 75, 71, 73, 76, 72, 75, 72, 75,
    76, 75, 75, 71, 76, 72, 74, 74, 72, 73, 73, 76, 73, 75, 72, 72, 72,
    74, 74, 73, 72, 77, 74, 72, 73, 72, 76, 73, 74, 73, 75, 73, 73, 74,
    72 ]
