%YAML:1.0
---
videoName: "headLookLeft3.mp4"
gestureLabel: 203
fps: 29
pixelSizeInCmTemp: 3.4214285714285714e-01
faceCenterPointX: 290
faceCenterPointY: 74
headPositionsX: [ 290, 262, 262, 265, 262, 264, 267, 270, 271, 272, 274,
    276, 276, 276, 282, 282, 285, 285, 290, 291, 288, 286, 295, 293, 284,
    286, 297, 288, 289, 285, 289, 288, 292, 291, 286, 291, 283, 289, 293,
    288, 287, 289, 288, 295, 291, 288, 289, 290, 292, 287, 292, 289, 288,
    289, 287, 286, 289, 288, 292, 294, 289, 289, 291, 289, 289, 285, 291,
    287, 284, 288, 286, 289, 289, 284, 288, 284, 285, 288, 288, 286, 287,
    289, 289, 286, 287, 284, 289, 289, 287, 288, 284, 287, 289, 288, 284,
    282, 289, 285, 288, 287 ]
headPositionsY: [ 76, 76, 74, 75, 76, 77, 79, 77, 78, 75, 78, 73, 74, 73,
    77, 73, 77, 76, 75, 73, 76, 74, 73, 77, 72, 71, 74, 77, 74, 72, 72,
    72, 74, 74, 76, 76, 72, 77, 73, 73, 72, 75, 72, 74, 76, 76, 73, 73,
    74, 71, 72, 71, 72, 73, 74, 75, 76, 74, 74, 77, 73, 73, 74, 75, 75,
    74, 75, 72, 73, 75, 73, 74, 71, 74, 73, 73, 74, 75, 76, 75, 74, 75,
    71, 74, 73, 73, 77, 76, 74, 76, 74, 72, 76, 77, 74, 74, 72, 75, 73,
    74 ]
