%YAML:1.0
---
videoName: "headLookLeft4.mp4"
gestureLabel: 203
fps: 29
pixelSizeInCmTemp: 3.4710144927536229e-01
faceCenterPointX: 288
faceCenterPointY: 74
headPositionsX: [ 289, 264, 264, 265, 265, 268, 267, 272, 271, 272, 277,
    280, 282, 282, 288, 289, 293, 295, 294, 294, 294, 293, 295, 297, 290,
    297, 293, 295, 297, 294, 296, 296, 292, 292, 290, 293, 292, 293, 294,
    291, 292, 288, 295, 297, 295, 292, 290, 291, 288, 289, 294, 288, 289,
    290, 291, 289, 287, 289, 287, 288, 291, 288, 293, 289, 290, 294, 290,
    287, 287, 292, 288, 293, 287, 290, 289, 292, 293, 288, 295, 289, 291,
    292, 292, 293, 292, 292, 288, 289, 294, 291, 288, 291, 288, 286, 288,
    289, 290, 291, 290, 288 ]
headPositionsY: [ 75, 77, 82, 77, 81, 79, 80, 78, 78, 79, 80, 79, 76, 76,
    76, 77, 79, 79, 77, 81, 74, 76, 75, 78, 75, 74, 74, 79, 77, 79, 79,
    76, 78, 76, 75, 74, 82, 76, 78, 77, 75, 73, 76, 74, 76, 75, 74, 75,
    73, 74, 74, 73, 75, 73, 75, 76, 73, 74, 74, 76, 76, 73, 77, 72, 73,
    73, 72, 73, 74, 73, 72, 73, 75, 78, 75, 75, 75, 76, 75, 73, 77, 76,
    79, 75, 74, 75, 73, 77, 73, 75, 74, 76, 77, 74, 73, 76, 74, 74, 74,
    73 ]
