%YAML:1.0
---
videoName: "headLookLeft8.mp4"
gestureLabel: 203
fps: 29
pixelSizeInCmTemp: 3.6287878787878786e-01
faceCenterPointX: 273
faceCenterPointY: 69
headPositionsX: [ 273, 241, 241, 240, 243, 239, 243, 242, 242, 239, 240,
    239, 244, 241, 243, 243, 243, 247, 247, 245, 245, 245, 249, 246, 249,
    246, 247, 245, 245, 245, 247, 247, 244, 247, 248, 247, 246, 244, 248,
    249, 243, 243, 244, 247, 246, 244, 244, 248, 246, 247, 247, 249, 247,
    248, 248, 253, 255, 254, 260, 262, 262, 268, 269, 274, 268, 272, 274,
    282, 282, 274, 279, 278, 278, 277, 279, 275, 273, 272, 279, 281, 279,
    279, 276, 271, 270, 274, 279, 277, 275, 277, 274, 274, 275, 274, 275,
    271, 274, 276, 274, 270 ]
headPositionsY: [ 67, 68, 68, 69, 67, 67, 66, 66, 68, 67, 67, 67, 68, 68,
    69, 69, 66, 70, 67, 68, 71, 68, 68, 69, 70, 70, 69, 71, 71, 69, 70,
    69, 70, 72, 71, 71, 73, 71, 74, 70, 71, 72, 71, 73, 73, 73, 71, 70,
    74, 71, 72, 71, 75, 71, 73, 72, 72, 71, 69, 70, 68, 71, 67, 74, 71,
    69, 69, 70, 73, 69, 71, 69, 71, 72, 71, 71, 70, 69, 71, 69, 71, 68,
    70, 71, 69, 70, 69, 68, 69, 67, 71, 70, 67, 70, 71, 69, 68, 68, 67,
    69 ]
