%YAML:1.0
---
videoName: "headLookLeft8.mp4"
gestureLabel: 203
fps: 29
pixelSizeInCmTemp: 3.6287878787878786e-01
faceCenterPointX: 273
faceCenterPointY: 69
headPositionsX: [ 272, 241, 241, 239, 241, 243, 243, 239, 241, 240, 242,
    242, 242, 242, 243, 246, 244, 244, 247, 248, 247, 247, 245, 249, 245,
    249, 247, 246, 244, 245, 248, 244, 245, 245, 245, 244, 244, 245, 248,
    248, 245, 245, 245, 247, 245, 244, 247, 248, 247, 244, 248, 249, 248,
    248, 250, 252, 252, 257, 260, 258, 261, 269, 270, 274, 271, 272, 275,
    281, 284, 274, 279, 278, 278, 276, 279, 276, 275, 276, 276, 278, 279,
    279, 278, 270, 272, 273, 280, 275, 276, 277, 277, 274, 272, 276, 277,
    271, 276, 275, 272, 270 ]
headPositionsY: [ 67, 66, 69, 66, 66, 69, 69, 66, 67, 69, 69, 66, 68, 68,
    69, 69, 69, 70, 69, 68, 68, 69, 71, 71, 71, 68, 70, 73, 70, 71, 69,
    73, 70, 71, 71, 74, 69, 74, 73, 73, 73, 69, 69, 74, 71, 73, 70, 70,
    75, 74, 75, 74, 75, 72, 70, 70, 74, 68, 72, 67, 69, 68, 68, 73, 70,
    68, 69, 69, 71, 69, 68, 70, 70, 72, 72, 70, 67, 71, 68, 68, 70, 68,
    68, 70, 65, 68, 70, 67, 68, 71, 69, 70, 67, 71, 71, 70, 67, 67, 69,
    69 ]
