%YAML:1.0
---
videoName: "headLookLeft8.mp4"
gestureLabel: 203
fps: 29
pixelSizeInCmTemp: 3.6287878787878786e-01
faceCenterPointX: 273
faceCenterPointY: 69
headPositionsX: [ 274, 244, 242, 242, 243, 240, 242, 241, 240, 241, 240,
    240, 241, 243, 241, 246, 246, 246, 249, 247, 248, 246, 249, 245, 245,
    245, 246, 246, 247, 245, 247, 245, 245, 246, 245, 244, 245, 245, 248,
    245, 245, 244, 247, 246, 244, 245, 245, 247, 244, 248, 248, 245, 246,
    247, 250, 249, 254, 254, 256, 258, 263, 269, 267, 275, 269, 273, 277,
    284, 284, 272, 278, 277, 280, 276, 279, 278, 276, 276, 276, 277, 278,
    280, 278, 272, 272, 273, 279, 275, 273, 273, 275, 274, 275, 274, 275,
    274, 274, 273, 273, 270 ]
headPositionsY: [ 71, 67, 67, 68, 69, 67, 67, 68, 69, 66, 69, 68, 67, 68,
    66, 69, 67, 69, 70, 68, 71, 69, 69, 69, 71, 70, 71, 70, 71, 70, 72,
    73, 73, 71, 70, 74, 70, 73, 70, 72, 69, 73, 70, 72, 73, 73, 74, 74,
    71, 71, 74, 71, 74, 70, 72, 73, 72, 71, 68, 70, 68, 68, 68, 74, 71,
    69, 71, 71, 69, 69, 71, 68, 68, 69, 70, 71, 70, 67, 69, 70, 72, 70,
    69, 69, 69, 71, 71, 71, 71, 68, 70, 70, 71, 70, 71, 71, 67, 67, 71,
    69 ]
