%YAML:1.0
---
videoName: "headLookLeft6.mp4"
gestureLabel: 203
fps: 29
pixelSizeInCmTemp: 3.2808219178082193e-01
faceCenterPointX: 267
faceCenterPointY: 69
headPositionsX: [ 266, 246, 246, 245, 243, 247, 244, 248, 243, 246, 247,
    246, 243, 245, 243, 246, 243, 245, 246, 247, 243, 243, 246, 244, 246,
    245, 247, 252, 250, 255, 256, 257, 260, 262, 261, 266, 268, 269, 267,
    271, 270, 269, 271, 265, 268, 271, 271, 269, 268, 271, 267, 266, 268,
    266, 266, 268, 267, 269, 269, 267, 268, 267, 270, 267, 268, 264, 266,
    269, 267, 265, 266, 267, 266, 266, 266, 267, 264, 267, 270, 271, 268,
    265, 265, 269, 268, 267, 269, 269, 264, 270, 266, 267, 267, 268, 267,
    267, 266, 266, 268, 264 ]
headPositionsY: [ 70, 71, 71, 73, 72, 72, 73, 73, 70, 74, 74, 72, 72, 70,
    71, 74, 73, 71, 73, 74, 71, 73, 71, 72, 72, 72, 72, 70, 72, 72, 72,
    72, 68, 73, 73, 71, 70, 72, 69, 70, 69, 72, 68, 69, 69, 72, 66, 72,
    71, 70, 67, 68, 69, 67, 70, 69, 68, 70, 72, 69, 69, 69, 70, 70, 70,
    68, 68, 68, 72, 72, 70, 68, 68, 69, 66, 68, 68, 70, 73, 71, 69, 68,
    68, 70, 70, 68, 72, 67, 72, 70, 71, 71, 70, 70, 71, 68, 72, 66, 69,
    66 ]
