%YAML:1.0
---
videoName: "headLookLeft3.mp4"
gestureLabel: 203
fps: 29
pixelSizeInCmTemp: 3.4214285714285714e-01
faceCenterPointX: 290
faceCenterPointY: 74
headPositionsX: [ 291, 265, 264, 262, 264, 265, 264, 268, 269, 271, 271,
    273, 276, 280, 282, 284, 283, 288, 288, 290, 291, 285, 291, 290, 287,
    290, 298, 288, 289, 282, 291, 291, 291, 292, 285, 289, 285, 291, 289,
    286, 289, 288, 291, 295, 291, 287, 288, 290, 290, 289, 292, 293, 289,
    288, 287, 286, 291, 286, 290, 292, 290, 291, 287, 289, 289, 285, 289,
    287, 285, 289, 286, 287, 288, 286, 285, 286, 285, 286, 287, 288, 288,
    288, 291, 286, 288, 287, 289, 289, 287, 288, 285, 285, 286, 288, 284,
    283, 290, 288, 288, 287 ]
headPositionsY: [ 74, 79, 75, 76, 79, 75, 76, 78, 77, 79, 75, 75, 75, 77,
    77, 72, 75, 73, 76, 72, 73, 73, 74, 76, 70, 74, 75, 74, 74, 70, 72,
    76, 75, 74, 76, 73, 75, 76, 72, 76, 74, 73, 74, 75, 76, 73, 73, 75,
    76, 74, 75, 72, 71, 75, 76, 76, 76, 72, 71, 75, 73, 72, 75, 72, 75,
    76, 74, 75, 72, 74, 75, 74, 72, 73, 75, 76, 74, 77, 74, 73, 71, 73,
    71, 74, 75, 71, 77, 72, 74, 77, 73, 74, 73, 77, 74, 75, 72, 75, 73,
    73 ]
