%YAML:1.0
---
videoName: "headLookLeft3.mp4"
gestureLabel: 203
fps: 29
pixelSizeInCmTemp: 3.4214285714285714e-01
faceCenterPointX: 290
faceCenterPointY: 74
headPositionsX: [ 292, 265, 262, 263, 264, 264, 265, 267, 270, 268, 273,
    272, 278, 279, 280, 281, 283, 285, 287, 287, 288, 287, 294, 290, 286,
    286, 297, 289, 288, 282, 288, 289, 290, 292, 286, 291, 284, 293, 293,
    287, 288, 285, 289, 294, 291, 288, 290, 288, 291, 290, 293, 290, 289,
    287, 289, 289, 289, 290, 290, 291, 291, 289, 287, 287, 285, 288, 291,
    291, 284, 287, 285, 286, 289, 284, 285, 287, 288, 290, 285, 287, 285,
    286, 291, 285, 290, 288, 288, 288, 285, 287, 285, 286, 286, 288, 284,
    282, 287, 288, 290, 285 ]
headPositionsY: [ 76, 76, 77, 79, 77, 75, 79, 76, 76, 78, 77, 73, 74, 77,
    73, 74, 76, 73, 75, 74, 73, 72, 76, 77, 72, 70, 73, 74, 73, 72, 74,
    74, 73, 75, 75, 75, 75, 76, 75, 76, 74, 73, 73, 77, 73, 74, 75, 75,
    77, 75, 74, 75, 71, 75, 75, 75, 74, 71, 72, 74, 76, 73, 73, 71, 72,
    75, 73, 74, 73, 72, 74, 75, 73, 75, 73, 73, 76, 75, 74, 74, 72, 75,
    74, 71, 75, 71, 77, 74, 71, 75, 74, 73, 75, 74, 76, 76, 72, 75, 76,
    73 ]
