%YAML:1.0
---
videoName: "headLookLeft1.mp4"
gestureLabel: 203
fps: 30
pixelSizeInCmTemp: 3.6287878787878786e-01
faceCenterPointX: 276
faceCenterPointY: 73
headPositionsX: [ 277, 258, 256, 257, 258, 256, 258, 259, 256, 255, 255,
    255, 255, 254, 254, 255, 257, 256, 254, 254, 255, 256, 259, 258, 254,
    254, 256, 258, 257, 255, 254, 258, 258, 254, 256, 255, 257, 255, 259,
    255, 257, 259, 253, 257, 257, 255, 256, 256, 255, 256, 256, 257, 257,
    255, 255, 256, 259, 255, 258, 260, 260, 263, 263, 265, 268, 268, 272,
    274, 275, 276, 276, 278, 273, 271, 270, 279, 277, 278, 277, 277, 279,
    277, 279, 279, 279, 280, 274, 282, 278, 275, 280, 276, 280, 276, 276,
    277, 276, 274, 276, 275 ]
headPositionsY: [ 74, 78, 77, 74, 74, 75, 78, 75, 77, 76, 73, 77, 75, 76,
    76, 75, 78, 76, 77, 76, 79, 77, 77, 79, 77, 76, 75, 80, 75, 76, 80,
    76, 77, 77, 80, 77, 80, 78, 79, 79, 78, 77, 77, 78, 78, 81, 77, 79,
    80, 80, 78, 77, 79, 76, 78, 79, 78, 80, 77, 79, 79, 79, 75, 77, 75,
    76, 77, 78, 75, 81, 77, 77, 77, 76, 73, 76, 75, 78, 78, 76, 77, 74,
    73, 75, 79, 74, 75, 76, 77, 78, 73, 77, 74, 77, 76, 77, 75, 76, 74,
    71 ]
