%YAML:1.0
---
videoName: "headLookLeft2.mp4"
gestureLabel: 203
fps: 29
pixelSizeInCmTemp: 3.6846153846153845e-01
faceCenterPointX: 278
faceCenterPointY: 74
headPositionsX: [ 279, 258, 260, 258, 258, 259, 260, 260, 260, 259, 262,
    262, 259, 262, 263, 259, 259, 259, 261, 262, 264, 266, 264, 265, 270,
    271, 270, 271, 273, 278, 278, 278, 275, 280, 280, 279, 280, 282, 279,
    276, 279, 282, 281, 279, 282, 280, 282, 282, 286, 282, 279, 284, 281,
    282, 279, 280, 278, 270, 280, 280, 283, 275, 278, 281, 277, 281, 278,
    283, 279, 281, 281, 279, 279, 275, 275, 280, 278, 281, 276, 281, 277,
    279, 281, 282, 281, 277, 284, 277, 277, 281, 284, 277, 282, 279, 279,
    281, 279, 283, 285, 280 ]
headPositionsY: [ 75, 75, 73, 77, 77, 73, 77, 75, 75, 75, 74, 74, 75, 73,
    75, 74, 77, 73, 78, 75, 74, 74, 75, 73, 74, 77, 74, 74, 73, 76, 72,
    76, 75, 74, 71, 74, 76, 74, 76, 75, 75, 74, 76, 72, 72, 73, 76, 76,
    74, 77, 73, 74, 76, 76, 73, 73, 72, 76, 75, 74, 73, 73, 76, 75, 75,
    75, 75, 74, 77, 72, 76, 74, 73, 71, 75, 77, 75, 76, 72, 76, 74, 75,
    73, 72, 77, 70, 74, 74, 75, 73, 73, 72, 74, 76, 72, 76, 73, 75, 78,
    73 ]
