%YAML:1.0
---
videoName: "headLookLeft7.mp4"
gestureLabel: 203
fps: 29
pixelSizeInCmTemp: 3.4214285714285714e-01
faceCenterPointX: 268
faceCenterPointY: 68
headPositionsX: [ 267, 245, 247, 244, 246, 243, 245, 248, 247, 243, 244,
    247, 246, 244, 246, 242, 247, 247, 247, 245, 247, 246, 248, 244, 246,
    247, 248, 244, 248, 247, 248, 251, 251, 254, 255, 258, 259, 264, 263,
    264, 269, 265, 267, 267, 266, 269, 270, 267, 265, 266, 264, 270, 268,
    269, 264, 267, 269, 269, 269, 268, 267, 267, 265, 269, 269, 268, 264,
    269, 267, 268, 270, 268, 267, 267, 268, 267, 271, 268, 268, 270, 266,
    268, 268, 267, 271, 266, 270, 267, 268, 272, 271, 270, 268, 267, 271,
    268, 268, 269, 270, 271 ]
headPositionsY: [ 67, 70, 70, 70, 71, 70, 67, 68, 68, 67, 68, 72, 72, 70,
    70, 71, 69, 69, 70, 68, 72, 71, 69, 72, 71, 70, 68, 69, 71, 69, 71,
    67, 67, 69, 67, 70, 67, 70, 69, 66, 65, 69, 70, 68, 69, 70, 68, 69,
    67, 68, 69, 67, 70, 69, 69, 68, 71, 70, 65, 70, 69, 71, 66, 70, 69,
    70, 68, 72, 67, 68, 67, 66, 68, 72, 71, 68, 71, 70, 69, 68, 66, 67,
    68, 66, 67, 67, 67, 66, 69, 71, 70, 67, 67, 70, 69, 69, 66, 66, 69,
    69 ]
