%YAML:1.0
---
videoName: "headLookLeft5.mp4"
gestureLabel: 203
fps: 30
pixelSizeInCmTemp: 3.5746268656716418e-01
faceCenterPointX: 284
faceCenterPointY: 67
headPositionsX: [ 286, 260, 258, 259, 260, 259, 261, 261, 258, 260, 259,
    261, 261, 261, 264, 262, 261, 265, 261, 261, 266, 264, 269, 268, 272,
    272, 274, 275, 278, 280, 280, 284, 285, 283, 283, 288, 287, 287, 284,
    288, 287, 284, 285, 286, 286, 287, 286, 285, 284, 285, 287, 285, 284,
    281, 286, 281, 284, 285, 285, 284, 282, 281, 284, 284, 286, 284, 285,
    281, 284, 282, 286, 284, 286, 285, 282, 286, 289, 282, 283, 286, 283,
    284, 288, 284, 283, 286, 286, 284, 286, 285, 283, 286, 285, 286, 285,
    283, 285, 285, 283, 284 ]
headPositionsY: [ 68, 72, 72, 69, 71, 72, 69, 73, 70, 72, 70, 73, 70, 72,
    71, 70, 73, 71, 73, 70, 72, 72, 71, 69, 68, 69, 70, 67, 70, 67, 71,
    67, 71, 67, 68, 67, 67, 70, 69, 68, 72, 68, 69, 70, 67, 68, 67, 68,
    70, 67, 68, 68, 70, 66, 68, 69, 66, 69, 66, 66, 69, 68, 67, 67, 69,
    69, 66, 69, 68, 71, 68, 70, 68, 68, 68, 72, 71, 70, 70, 65, 69, 66,
    68, 66, 70, 70, 67, 70, 69, 67, 69, 66, 67, 68, 71, 69, 69, 65, 67,
    70 ]
