%YAML:1.0
---
videoName: "headLookLeft3.mp4"
gestureLabel: 203
fps: 29
pixelSizeInCmTemp: 3.4214285714285714e-01
faceCenterPointX: 290
faceCenterPointY: 74
headPositionsX: [ 292, 265, 263, 263, 263, 264, 265, 266, 267, 272, 274,
    272, 275, 277, 280, 280, 282, 289, 287, 291, 289, 289, 291, 290, 288,
    287, 298, 290, 289, 282, 291, 291, 290, 290, 287, 289, 284, 292, 290,
    288, 288, 287, 288, 298, 289, 291, 286, 286, 290, 289, 292, 289, 288,
    291, 287, 287, 290, 290, 290, 290, 288, 291, 290, 288, 287, 286, 289,
    287, 288, 291, 287, 287, 287, 288, 286, 287, 289, 289, 289, 285, 286,
    285, 289, 287, 286, 284, 292, 290, 288, 289, 285, 288, 287, 288, 287,
    286, 287, 286, 288, 287 ]
headPositionsY: [ 73, 77, 75, 76, 77, 78, 77, 78, 76, 75, 75, 77, 73, 76,
    74, 75, 75, 75, 73, 74, 76, 73, 74, 73, 74, 70, 76, 77, 72, 71, 72,
    73, 75, 74, 74, 75, 73, 76, 75, 76, 71, 74, 74, 74, 75, 76, 72, 73,
    75, 71, 71, 71, 74, 74, 76, 72, 76, 72, 75, 74, 73, 73, 72, 75, 76,
    73, 73, 76, 74, 75, 72, 73, 75, 71, 75, 75, 74, 75, 73, 71, 72, 74,
    71, 74, 73, 73, 77, 75, 73, 73, 72, 76, 76, 76, 72, 75, 74, 74, 73,
    74 ]
