%YAML:1.0
---
videoName: "headLookLeft5.mp4"
gestureLabel: 203
fps: 30
pixelSizeInCmTemp: 3.5746268656716418e-01
faceCenterPointX: 284
faceCenterPointY: 67
headPositionsX: [ 282, 259, 261, 261, 258, 260, 261, 260, 261, 261, 258,
    260, 259, 260, 263, 260, 264, 261, 262, 263, 264, 266, 269, 271, 271,
    273, 273, 278, 279, 280, 281, 285, 286, 281, 286, 286, 289, 284, 283,
    286, 286, 284, 282, 283, 287, 286, 286, 287, 287, 285, 288, 285, 282,
    281, 286, 281, 285, 282, 283, 283, 284, 284, 283, 282, 282, 283, 285,
    282, 282, 282, 287, 283, 285, 282, 285, 284, 289, 283, 284, 286, 284,
    285, 284, 284, 285, 283, 285, 285, 282, 289, 286, 286, 284, 286, 285,
    282, 282, 282, 286, 282 ]
headPositionsY: [ 67, 72, 69, 70, 70, 71, 72, 71, 71, 70, 71, 69, 69, 74,
    69, 70, 72, 72, 74, 73, 71, 71, 74, 72, 72, 69, 71, 70, 69, 70, 68,
    71, 71, 69, 67, 69, 70, 68, 67, 67, 70, 67, 68, 69, 69, 69, 70, 70,
    67, 67, 69, 69, 69, 67, 68, 67, 69, 68, 67, 68, 66, 66, 66, 70, 66,
    69, 68, 68, 69, 70, 71, 67, 70, 68, 67, 69, 68, 69, 71, 67, 67, 67,
    66, 68, 69, 68, 69, 66, 70, 70, 67, 68, 70, 70, 70, 70, 67, 67, 67,
    68 ]
