%YAML:1.0
---
videoName: "headLookLeft2.mp4"
gestureLabel: 203
fps: 29
pixelSizeInCmTemp: 3.6846153846153845e-01
faceCenterPointX: 278
faceCenterPointY: 74
headPositionsX: [ 278, 258, 259, 257, 259, 261, 261, 260, 261, 257, 262,
    258, 258, 261, 260, 258, 259, 262, 263, 262, 261, 265, 268, 265, 266,
    268, 273, 272, 274, 276, 279, 279, 276, 279, 280, 280, 280, 279, 279,
    280, 279, 280, 280, 279, 281, 278, 279, 284, 286, 280, 280, 283, 282,
    278, 277, 279, 281, 274, 277, 278, 285, 276, 280, 278, 279, 279, 281,
    283, 280, 282, 278, 280, 279, 275, 277, 281, 277, 282, 280, 279, 277,
    282, 278, 278, 282, 280, 283, 277, 278, 281, 282, 277, 283, 281, 279,
    280, 281, 280, 286, 281 ]
headPositionsY: [ 76, 76, 74, 77, 75, 74, 75, 74, 74, 75, 77, 75, 77, 73,
    77, 76, 78, 76, 75, 76, 77, 74, 74, 77, 77, 75, 73, 76, 74, 76, 72,
    74, 73, 76, 73, 75, 76, 73, 75, 72, 73, 73, 74, 73, 73, 75, 76, 75,
    74, 77, 76, 75, 74, 75, 75, 75, 74, 74, 71, 75, 75, 72, 73, 76, 72,
    72, 73, 74, 77, 75, 75, 75, 73, 75, 74, 74, 74, 77, 75, 74, 74, 73,
    74, 76, 75, 74, 75, 76, 73, 73, 76, 76, 77, 73, 73, 76, 75, 75, 77,
    74 ]
