%YAML:1.0
---
videoName: "headLookLeft4.mp4"
gestureLabel: 203
fps: 29
pixelSizeInCmTemp: 3.4710144927536229e-01
faceCenterPointX: 288
faceCenterPointY: 74
headPositionsX: [ 287, 263, 268, 265, 267, 268, 267, 272, 274, 274, 277,
    281, 279, 285, 285, 289, 292, 295, 297, 297, 298, 294, 296, 297, 289,
    293, 292, 299, 296, 292, 294, 293, 292, 295, 292, 296, 292, 295, 293,
    295, 292, 292, 292, 294, 293, 288, 287, 292, 288, 290, 291, 292, 291,
    291, 288, 288, 291, 288, 287, 290, 288, 287, 289, 289, 289, 294, 291,
    291, 288, 290, 287, 291, 290, 292, 290, 292, 294, 286, 295, 288, 290,
    288, 290, 292, 291, 293, 288, 287, 291, 292, 289, 288, 288, 288, 289,
    286, 291, 291, 288, 288 ]
headPositionsY: [ 76, 77, 79, 77, 77, 77, 78, 78, 79, 79, 79, 76, 75, 79,
    76, 79, 79, 75, 75, 82, 73, 76, 75, 76, 74, 73, 77, 80, 75, 76, 78,
    76, 80, 75, 73, 77, 79, 74, 74, 78, 77, 75, 74, 75, 75, 74, 72, 75,
    72, 77, 73, 74, 72, 72, 75, 72, 74, 76, 74, 77, 76, 73, 77, 73, 76,
    76, 76, 76, 75, 73, 75, 74, 77, 74, 75, 73, 78, 76, 79, 76, 76, 73,
    79, 75, 75, 76, 75, 76, 75, 74, 76, 75, 78, 72, 75, 74, 77, 74, 73,
    73 ]
