%YAML:1.0
---
videoName: "headLookLeft6.mp4"
gestureLabel: 203
fps: 29
pixelSizeInCmTemp: 3.2808219178082193e-01
faceCenterPointX: 267
faceCenterPointY: 69
headPositionsX: [ 267, 242, 245, 247, 245, 246, 248, 248, 245, 247, 246,
    246, 246, 246, 245, 247, 244, 245, 245, 248, 247, 246, 244, 244, 246,
    247, 250, 251, 252, 255, 256, 257, 258, 263, 262, 267, 267, 267, 266,
    272, 266, 267, 267, 266, 270, 267, 268, 267, 266, 268, 269, 268, 271,
    268, 268, 271, 268, 271, 268, 269, 268, 266, 268, 267, 268, 266, 265,
    265, 269, 267, 267, 265, 267, 267, 265, 268, 265, 269, 272, 267, 268,
    265, 264, 267, 265, 269, 267, 268, 264, 270, 269, 267, 268, 266, 268,
    268, 264, 266, 270, 265 ]
headPositionsY: [ 68, 73, 71, 72, 73, 73, 74, 70, 72, 74, 73, 72, 71, 70,
    73, 73, 73, 74, 71, 72, 71, 70, 73, 73, 70, 74, 70, 70, 70, 70, 69,
    70, 70, 69, 69, 71, 69, 69, 68, 72, 68, 68, 70, 70, 68, 70, 66, 70,
    72, 72, 67, 69, 68, 71, 72, 70, 71, 71, 68, 69, 71, 71, 69, 70, 72,
    70, 69, 67, 72, 72, 72, 71, 71, 69, 69, 69, 70, 68, 71, 68, 73, 71,
    72, 69, 69, 68, 70, 71, 71, 69, 72, 68, 72, 70, 69, 67, 72, 68, 72,
    70 ]
