%YAML:1.0
---
videoName: "headLookLeft6.mp4"
gestureLabel: 203
fps: 29
pixelSizeInCmTemp: 3.2808219178082193e-01
faceCenterPointX: 267
faceCenterPointY: 69
headPositionsX: [ 268, 242, 242, 246, 242, 243, 245, 248, 247, 246, 248,
    244, 247, 243, 243, 245, 247, 246, 247, 248, 247, 246, 244, 243, 247,
    248, 250, 250, 253, 253, 255, 255, 261, 263, 261, 263, 265, 270, 267,
    272, 269, 271, 268, 268, 270, 268, 270, 268, 269, 267, 266, 266, 270,
    269, 268, 269, 266, 269, 266, 266, 270, 265, 267, 266, 267, 266, 266,
    269, 265, 269, 266, 268, 266, 267, 264, 267, 268, 266, 272, 270, 264,
    269, 264, 269, 268, 269, 266, 266, 265, 268, 269, 266, 268, 268, 270,
    265, 265, 264, 266, 267 ]
headPositionsY: [ 69, 72, 73, 72, 71, 74, 72, 71, 69, 73, 74, 73, 70, 71,
    71, 70, 72, 74, 71, 70, 73, 70, 74, 74, 70, 71, 72, 72, 69, 71, 71,
    73, 68, 71, 70, 68, 71, 70, 72, 68, 69, 71, 69, 71, 71, 68, 69, 72,
    69, 72, 70, 67, 72, 70, 70, 69, 68, 68, 71, 69, 72, 67, 70, 69, 70,
    70, 72, 67, 69, 70, 69, 68, 70, 72, 67, 70, 70, 67, 69, 72, 70, 71,
    69, 69, 70, 71, 70, 68, 73, 73, 71, 71, 68, 68, 72, 71, 72, 66, 69,
    67 ]
