%YAML:1.0
---
videoName: "headLookLeft5.mp4"
gestureLabel: 203
fps: 30
pixelSizeInCmTemp: 3.5746268656716418e-01
faceCenterPointX: 284
faceCenterPointY: 67
headPositionsX: [ 285, 257, 260, 259, 260, 261, 257, 258, 261, 258, 259,
    263, 260, 262, 262, 261, 263, 263, 264, 263, 264, 268, 268, 269, 270,
    271, 275, 278, 278, 278, 280, 285, 287, 280, 285, 287, 289, 284, 282,
    286, 283, 283, 284, 283, 288, 285, 285, 286, 286, 287, 286, 282, 286,
    283, 285, 285, 283, 281, 285, 283, 284, 281, 283, 283, 282, 283, 287,
    281, 283, 283, 285, 287, 282, 285, 282, 286, 288, 286, 285, 284, 285,
    287, 287, 284, 285, 285, 287, 285, 283, 289, 283, 283, 285, 286, 285,
    284, 284, 281, 285, 285 ]
headPositionsY: [ 68, 72, 71, 73, 71, 72, 69, 72, 70, 72, 72, 73, 70, 71,
    73, 73, 72, 70, 71, 72, 72, 73, 70, 68, 68, 69, 70, 67, 70, 69, 67,
    69, 67, 66, 71, 67, 70, 69, 68, 69, 72, 67, 69, 66, 70, 70, 69, 68,
    68, 68, 67, 67, 67, 70, 68, 68, 69, 67, 67, 68, 70, 68, 69, 67, 70,
    68, 66, 69, 67, 68, 69, 70, 67, 66, 70, 71, 71, 69, 71, 65, 70, 69,
    66, 69, 69, 69, 66, 67, 69, 67, 69, 68, 68, 70, 68, 67, 69, 67, 69,
    66 ]
