%YAML:1.0
---
videoName: "headLookLeft0.mp4"
gestureLabel: 203
fps: 29
pixelSizeInCmTemp: 3.6287878787878786e-01
faceCenterPointX: 286
faceCenterPointY: 69
headPositionsX: [ 285, 257, 252, 257, 255, 254, 253, 254, 255, 253, 252,
    252, 252, 256, 254, 256, 251, 254, 255, 252, 254, 256, 254, 255, 254,
    256, 257, 253, 256, 256, 256, 256, 253, 255, 255, 255, 253, 258, 257,
    255, 257, 257, 258, 255, 258, 258, 257, 258, 256, 254, 253, 256, 255,
    253, 254, 257, 258, 255, 253, 254, 256, 257, 254, 257, 253, 254, 255,
    257, 254, 253, 255, 258, 254, 257, 255, 256, 255, 258, 257, 263, 262,
    264, 265, 267, 270, 270, 273, 278, 282, 275, 281, 276, 279, 281, 284,
    286, 286, 284, 286, 284 ]
headPositionsY: [ 70, 68, 67, 68, 69, 70, 66, 67, 67, 66, 70, 70, 72, 68,
    72, 68, 67, 68, 70, 70, 69, 67, 68, 69, 67, 70, 71, 71, 70, 69, 69,
    69, 72, 68, 71, 73, 69, 72, 71, 69, 71, 70, 71, 71, 69, 69, 69, 71,
    70, 69, 73, 69, 71, 72, 73, 72, 72, 69, 70, 70, 70, 71, 72, 70, 70,
    72, 70, 72, 72, 69, 71, 69, 71, 70, 69, 72, 69, 70, 72, 74, 71, 71,
    70, 68, 71, 69, 71, 70, 70, 68, 67, 66, 67, 67, 70, 67, 69, 71, 69,
    68 ]
