%YAML:1.0
---
videoName: "headLookLeft7.mp4"
gestureLabel: 203
fps: 29
pixelSizeInCmTemp: 3.4214285714285714e-01
faceCenterPointX: 268
faceCenterPointY: 68
headPositionsX: [ 266, 244, 246, 247, 247, 246, 245, 245, 246, 243, 246,
    247, 245, 244, 244, 246, 245, 244, 247, 247, 243, 248, 245, 247, 245,
    247, 244, 244, 244, 248, 248, 249, 253, 255, 259, 260, 262, 265, 265,
    265, 267, 266, 267, 265, 264, 269, 269, 268, 267, 266, 265, 266, 266,
    270, 266, 270, 265, 267, 265, 270, 264, 267, 267, 267, 270, 265, 267,
    270, 263, 265, 271, 268, 270, 266, 268, 269, 270, 268, 267, 267, 268,
    269, 271, 265, 270, 268, 268, 268, 266, 270, 270, 270, 268, 269, 268,
    272, 270, 269, 267, 271 ]
headPositionsY: [ 66, 68, 69, 70, 72, 67, 71, 71, 71, 67, 71, 70, 69, 68,
    71, 73, 70, 72, 72, 69, 70, 71, 72, 70, 68, 69, 72, 72, 69, 70, 69,
    70, 67, 69, 68, 67, 68, 67, 68, 69, 66, 67, 67, 68, 66, 67, 69, 67,
    69, 68, 71, 70, 69, 70, 69, 70, 70, 68, 68, 71, 67, 69, 70, 72, 67,
    69, 67, 68, 70, 68, 70, 68, 69, 70, 70, 68, 71, 67, 69, 68, 69, 70,
    72, 68, 69, 68, 69, 69, 71, 69, 67, 71, 70, 68, 67, 72, 68, 66, 68,
    71 ]
