%YAML:1.0
---
videoName: "headLookLeft9.mp4"
gestureLabel: 203
fps: 30
pixelSizeInCmTemp: 3.2364864864864862e-01
faceCenterPointX: 273
faceCenterPointY: 69
headPositionsX: [ 274, 246, 247, 247, 247, 248, 248, 245, 244, 245, 249,
    244, 244, 245, 245, 247, 244, 248, 246, 247, 247, 245, 246, 244, 247,
    243, 245, 244, 243, 244, 245, 246, 247, 249, 249, 253, 253, 257, 261,
    259, 266, 263, 267, 267, 265, 271, 270, 270, 270, 271, 269, 273, 269,
    272, 274, 269, 275, 273, 274, 274, 270, 272, 271, 272, 273, 272, 271,
    271, 274, 270, 271, 273, 271, 270, 272, 270, 274, 267, 269, 268, 269,
    268, 270, 272, 271, 268, 269, 269, 273, 272, 272, 272, 270, 268, 269,
    272, 272, 271, 268, 272 ]
headPositionsY: [ 70, 70, 72, 71, 69, 68, 72, 70, 69, 69, 70, 71, 72, 71,
    68, 71, 72, 70, 71, 72, 71, 72, 71, 71, 69, 69, 69, 70, 73, 72, 72,
    70, 70, 72, 68, 70, 71, 70, 65, 69, 66, 69, 67, 69, 66, 69, 68, 65,
    68, 71, 70, 68, 68, 68, 67, 68, 67, 68, 70, 68, 67, 67, 67, 69, 66,
    69, 68, 66, 67, 66, 65, 69, 68, 71, 70, 67, 71, 65, 67, 67, 70, 71,
    69, 69, 70, 65, 68, 69, 66, 68, 70, 69, 66, 69, 65, 69, 72, 71, 69,
    70 ]
