%YAML:1.0
---
videoName: "headLookLeft1.mp4"
gestureLabel: 203
fps: 30
pixelSizeInCmTemp: 3.6287878787878786e-01
faceCenterPointX: 276
faceCenterPointY: 73
headPositionsX: [ 275, 259, 258, 255, 255, 255, 257, 258, 258, 257, 258,
    255, 254, 256, 255, 256, 254, 255, 257, 254, 255, 255, 255, 255, 254,
    256, 254, 257, 258, 257, 254, 259, 258, 254, 257, 255, 257, 254, 257,
    258, 254, 257, 257, 254, 256, 253, 256, 256, 256, 254, 253, 256, 255,
    254, 253, 254, 258, 255, 259, 258, 258, 264, 261, 267, 267, 271, 272,
    273, 273, 274, 278, 278, 274, 271, 272, 280, 276, 274, 278, 278, 278,
    279, 277, 277, 281, 280, 278, 282, 279, 278, 279, 279, 280, 276, 273,
    275, 279, 275, 277, 276 ]
headPositionsY: [ 71, 78, 74, 74, 77, 75, 74, 78, 76, 75, 76, 77, 74, 76,
    75, 74, 78, 75, 77, 78, 76, 79, 76, 78, 76, 76, 75, 76, 75, 78, 79,
    80, 79, 81, 78, 75, 79, 77, 76, 78, 78, 77, 78, 77, 76, 81, 76, 81,
    78, 77, 78, 76, 80, 80, 76, 79, 81, 76, 81, 81, 77, 80, 75, 80, 75,
    76, 79, 78, 77, 81, 75, 75, 76, 74, 75, 73, 76, 74, 75, 77, 76, 73,
    76, 75, 75, 74, 76, 78, 74, 75, 75, 76, 76, 75, 73, 73, 74, 75, 74,
    74 ]
