%YAML:1.0
---
videoName: "headLookLeft6.mp4"
gestureLabel: 203
fps: 29
pixelSizeInCmTemp: 3.2808219178082193e-01
faceCenterPointX: 267
faceCenterPointY: 69
headPositionsX: [ 266, 242, 242, 244, 246, 246, 246, 244, 246, 248, 246,
    246, 246, 246, 243, 243, 243, 245, 246, 247, 247, 247, 243, 246, 246,
    248, 249, 249, 252, 253, 254, 255, 260, 261, 261, 265, 268, 269, 267,
    268, 266, 271, 269, 266, 268, 270, 269, 269, 269, 268, 268, 267, 267,
    267, 267, 271, 267, 267, 266, 266, 266, 265, 270, 268, 267, 268, 266,
    266, 269, 267, 269, 267, 269, 268, 264, 265, 268, 266, 269, 270, 264,
    265, 265, 268, 269, 269, 267, 268, 268, 270, 267, 268, 267, 269, 266,
    265, 267, 268, 268, 265 ]
headPositionsY: [ 69, 74, 71, 70, 71, 70, 72, 70, 73, 73, 73, 74, 73, 74,
    71, 72, 70, 71, 70, 70, 72, 71, 72, 74, 72, 71, 70, 71, 70, 70, 72,
    71, 69, 71, 70, 68, 70, 68, 68, 70, 68, 70, 69, 68, 70, 71, 70, 69,
    68, 69, 68, 68, 70, 67, 69, 69, 70, 68, 69, 72, 68, 68, 68, 66, 70,
    72, 71, 71, 68, 72, 72, 70, 68, 71, 70, 71, 68, 68, 71, 72, 70, 70,
    69, 68, 70, 69, 69, 70, 71, 71, 70, 67, 72, 70, 70, 71, 70, 69, 68,
    70 ]
