%YAML:1.0
---
videoName: "headLookLeft4.mp4"
gestureLabel: 203
fps: 29
pixelSizeInCmTemp: 3.4710144927536229e-01
faceCenterPointX: 288
faceCenterPointY: 74
headPositionsX: [ 286, 264, 266, 264, 265, 266, 266, 271, 274, 271, 278,
    278, 279, 282, 287, 288, 293, 292, 296, 295, 296, 293, 297, 297, 293,
    293, 292, 295, 297, 296, 294, 292, 294, 292, 294, 292, 296, 293, 294,
    295, 290, 289, 293, 293, 296, 288, 290, 292, 292, 292, 294, 288, 290,
    289, 290, 290, 290, 288, 287, 288, 289, 287, 292, 288, 288, 290, 289,
    289, 288, 288, 286, 292, 289, 291, 287, 291, 293, 287, 295, 291, 289,
    289, 291, 292, 292, 292, 288, 289, 290, 292, 291, 289, 292, 289, 290,
    287, 288, 291, 288, 289 ]
headPositionsY: [ 73, 81, 78, 77, 78, 79, 78, 80, 80, 79, 77, 78, 76, 78,
    77, 75, 79, 75, 75, 79, 73, 78, 73, 78, 77, 74, 74, 81, 79, 78, 77,
    78, 80, 76, 76, 74, 80, 76, 74, 78, 77, 74, 75, 77, 77, 76, 76, 76,
    73, 75, 73, 76, 71, 72, 74, 72, 73, 76, 74, 76, 72, 73, 74, 75, 72,
    74, 76, 76, 73, 76, 75, 73, 75, 77, 74, 73, 76, 76, 79, 75, 78, 72,
    75, 74, 73, 76, 76, 76, 75, 77, 74, 77, 74, 75, 73, 73, 77, 75, 76,
    75 ]
