%YAML:1.0
---
videoName: "headLookLeft1.mp4"
gestureLabel: 203
fps: 30
pixelSizeInCmTemp: 3.6287878787878786e-01
faceCenterPointX: 276
faceCenterPointY: 73
headPositionsX: [ 277, 257, 256, 255, 256, 258, 258, 258, 255, 253, 257,
    257, 256, 255, 256, 256, 255, 258, 256, 254, 259, 256, 259, 258, 254,
    257, 258, 255, 258, 257, 258, 256, 255, 256, 254, 256, 255, 255, 256,
    257, 256, 255, 256, 255, 255, 254, 255, 254, 254, 254, 254, 257, 257,
    256, 254, 258, 255, 257, 257, 257, 262, 262, 265, 266, 266, 268, 271,
    276, 273, 273, 276, 275, 272, 275, 273, 279, 277, 277, 275, 274, 278,
    276, 276, 279, 277, 278, 278, 281, 281, 275, 280, 278, 276, 274, 272,
    278, 278, 276, 277, 276 ]
headPositionsY: [ 73, 78, 73, 73, 73, 77, 78, 77, 78, 77, 75, 73, 75, 74,
    78, 78, 74, 76, 77, 76, 76, 76, 75, 77, 78, 77, 75, 76, 79, 78, 76,
    79, 80, 80, 80, 78, 80, 78, 80, 78, 81, 78, 78, 80, 80, 79, 76, 78,
    80, 76, 77, 76, 76, 77, 76, 78, 79, 79, 78, 78, 81, 78, 78, 79, 78,
    78, 79, 78, 74, 80, 75, 73, 73, 76, 73, 73, 73, 75, 77, 76, 74, 77,
    73, 75, 79, 78, 75, 78, 74, 77, 73, 73, 75, 74, 76, 75, 77, 75, 72,
    74 ]
