%YAML:1.0
---
videoName: "headLookLeft1.mp4"
gestureLabel: 203
fps: 30
pixelSizeInCmTemp: 3.6287878787878786e-01
faceCenterPointX: 276
faceCenterPointY: 73
headPositionsX: [ 277, 258, 257, 258, 255, 259, 258, 255, 257, 254, 258,
    257, 255, 254, 254, 257, 257, 254, 256, 254, 256, 256, 255, 256, 255,
    254, 257, 255, 259, 255, 254, 259, 256, 255, 254, 258, 257, 254, 258,
    254, 258, 258, 257, 255, 255, 254, 257, 254, 254, 256, 256, 256, 257,
    257, 256, 258, 255, 257, 256, 258, 260, 263, 264, 265, 267, 271, 271,
    274, 274, 273, 278, 278, 273, 271, 273, 280, 279, 278, 274, 277, 282,
    278, 276, 279, 280, 278, 276, 282, 278, 277, 277, 280, 279, 275, 276,
    274, 276, 274, 275, 272 ]
headPositionsY: [ 73, 76, 74, 74, 77, 78, 78, 75, 77, 76, 75, 74, 76, 77,
    76, 78, 75, 76, 75, 75, 76, 77, 79, 75, 75, 77, 75, 80, 79, 76, 80,
    78, 79, 81, 79, 79, 77, 77, 78, 77, 78, 77, 77, 76, 76, 81, 80, 81,
    76, 76, 80, 76, 77, 78, 76, 78, 80, 80, 81, 80, 77, 78, 76, 80, 77,
    76, 78, 79, 74, 77, 77, 75, 77, 74, 76, 77, 75, 75, 77, 78, 74, 74,
    74, 73, 78, 78, 73, 78, 77, 75, 74, 73, 72, 75, 75, 76, 74, 76, 73,
    75 ]
