%YAML:1.0
---
videoName: "headLookLeft7.mp4"
gestureLabel: 203
fps: 29
pixelSizeInCmTemp: 3.4214285714285714e-01
faceCenterPointX: 268
faceCenterPointY: 68
headPositionsX: [ 266, 246, 248, 247, 245, 246, 244, 245, 243, 245, 244,
    243, 243, 245, 247, 245, 247, 243, 244, 244, 245, 244, 246, 243, 247,
    245, 245, 248, 248, 249, 249, 251, 253, 252, 257, 261, 261, 262, 261,
    264, 269, 265, 267, 264, 268, 270, 267, 265, 268, 268, 268, 267, 268,
    268, 266, 270, 269, 267, 269, 270, 267, 269, 266, 267, 267, 269, 265,
    269, 264, 266, 270, 266, 268, 267, 266, 266, 268, 267, 266, 268, 268,
    269, 268, 267, 268, 268, 270, 267, 265, 271, 270, 267, 270, 269, 268,
    268, 268, 271, 268, 268 ]
headPositionsY: [ 67, 69, 70, 67, 68, 67, 71, 71, 69, 69, 69, 68, 68, 70,
    70, 70, 70, 72, 72, 71, 70, 68, 72, 69, 68, 70, 70, 69, 68, 70, 72,
    69, 67, 69, 69, 66, 66, 67, 68, 68, 66, 67, 69, 68, 68, 69, 67, 67,
    68, 69, 69, 68, 66, 71, 66, 67, 69, 67, 69, 70, 69, 67, 66, 70, 69,
    69, 71, 71, 69, 67, 70, 69, 70, 71, 69, 70, 71, 67, 67, 72, 65, 71,
    72, 69, 70, 70, 68, 70, 70, 68, 69, 70, 70, 70, 71, 69, 70, 68, 71,
    67 ]
