%YAML:1.0
---
videoName: "headLookLeft1.mp4"
gestureLabel: 203
fps: 30
pixelSizeInCmTemp: 3.6287878787878786e-01
faceCenterPointX: 276
faceCenterPointY: 73
headPositionsX: [ 278, 256, 256, 257, 255, 255, 255, 259, 254, 254, 256,
    255, 258, 254, 258, 253, 254, 256, 258, 254, 255, 255, 257, 257, 256,
    254, 254, 256, 257, 257, 257, 255, 257, 255, 257, 256, 256, 255, 255,
    256, 257, 256, 256, 258, 257, 256, 257, 258, 253, 253, 256, 257, 254,
    257, 254, 258, 258, 255, 258, 259, 258, 261, 264, 266, 266, 272, 274,
    273, 276, 273, 276, 276, 273, 273, 271, 278, 280, 276, 276, 275, 279,
    277, 276, 280, 280, 276, 277, 280, 278, 275, 281, 276, 278, 274, 275,
    277, 276, 274, 276, 274 ]
headPositionsY: [ 72, 75, 77, 76, 73, 75, 77, 76, 76, 73, 76, 73, 76, 77,
    75, 75, 76, 79, 79, 76, 76, 77, 76, 76, 76, 77, 75, 80, 77, 78, 77,
    78, 79, 79, 78, 79, 76, 78, 77, 79, 81, 77, 80, 79, 76, 77, 76, 81,
    78, 80, 79, 78, 78, 78, 78, 80, 77, 79, 79, 81, 77, 80, 76, 78, 75,
    75, 77, 77, 78, 79, 77, 73, 77, 77, 73, 74, 77, 74, 75, 78, 76, 77,
    75, 77, 78, 75, 75, 77, 75, 74, 76, 73, 74, 77, 75, 77, 77, 77, 75,
    71 ]
