%YAML:1.0
---
videoName: "headLookLeft5.mp4"
gestureLabel: 203
fps: 30
pixelSizeInCmTemp: 3.5746268656716418e-01
faceCenterPointX: 284
faceCenterPointY: 67
headPositionsX: [ 282, 261, 258, 262, 261, 258, 259, 262, 258, 262, 260,
    263, 262, 261, 261, 261, 263, 263, 262, 261, 263, 265, 266, 271, 270,
    275, 273, 274, 280, 277, 282, 284, 286, 283, 286, 284, 286, 288, 285,
    288, 283, 287, 284, 284, 286, 286, 285, 288, 283, 283, 286, 283, 286,
    284, 283, 282, 281, 281, 282, 285, 283, 285, 281, 282, 282, 285, 286,
    282, 283, 281, 286, 284, 284, 282, 285, 285, 289, 283, 287, 284, 283,
    284, 285, 288, 286, 283, 285, 285, 286, 285, 286, 284, 284, 287, 286,
    282, 284, 282, 285, 285 ]
headPositionsY: [ 68, 74, 71, 73, 73, 73, 69, 72, 70, 71, 72, 71, 69, 74,
    72, 71, 72, 72, 74, 71, 72, 72, 73, 71, 72, 71, 72, 66, 67, 68, 71,
    67, 67, 66, 68, 68, 68, 71, 67, 67, 70, 71, 65, 68, 68, 68, 67, 70,
    68, 71, 68, 70, 67, 70, 69, 69, 69, 68, 67, 67, 70, 70, 70, 68, 70,
    66, 68, 68, 66, 70, 68, 71, 69, 67, 69, 70, 69, 67, 68, 66, 69, 67,
    67, 69, 68, 71, 65, 66, 68, 67, 66, 68, 68, 71, 71, 67, 69, 67, 68,
    70 ]
