%YAML:1.0
---
videoName: "headLookLeft7.mp4"
gestureLabel: 203
fps: 29
pixelSizeInCmTemp: 3.4214285714285714e-01
faceCenterPointX: 268
faceCenterPointY: 68
headPositionsX: [ 269, 244, 248, 243, 244, 246, 245, 244, 243, 243, 245,
    243, 247, 243, 247, 244, 243, 246, 245, 243, 244, 247, 244, 244, 243,
    247, 245, 248, 246, 248, 250, 248, 251, 253, 257, 257, 262, 264, 262,
    263, 265, 263, 270, 263, 268, 269, 269, 265, 268, 269, 267, 267, 266,
    269, 267, 268, 269, 268, 269, 269, 266, 270, 267, 270, 269, 268, 266,
    269, 264, 269, 268, 265, 267, 269, 268, 270, 270, 270, 266, 269, 266,
    267, 270, 267, 270, 267, 266, 271, 264, 271, 269, 268, 269, 270, 271,
    268, 268, 271, 267, 269 ]
headPositionsY: [ 70, 67, 70, 68, 72, 68, 68, 72, 68, 67, 67, 72, 68, 70,
    73, 71, 71, 72, 70, 68, 71, 70, 71, 71, 70, 69, 71, 70, 68, 68, 71,
    67, 67, 67, 68, 68, 68, 69, 66, 68, 68, 67, 68, 66, 68, 68, 68, 67,
    71, 69, 68, 71, 70, 67, 67, 70, 71, 67, 66, 71, 68, 67, 69, 68, 68,
    69, 68, 68, 68, 71, 71, 70, 68, 72, 69, 68, 68, 69, 66, 71, 65, 71,
    72, 67, 69, 67, 70, 69, 67, 71, 71, 71, 69, 67, 68, 68, 66, 69, 69,
    69 ]
