%YAML:1.0
---
videoName: "headLookLeft0.mp4"
gestureLabel: 203
fps: 29
pixelSizeInCmTemp: 3.6287878787878786e-01
faceCenterPointX: 286
faceCenterPointY: 69
headPositionsX: [ 286, 256, 252, 257, 254, 256, 253, 252, 252, 254, 253,
    252, 253, 255, 251, 254, 252, 251, 254, 252, 256, 256, 254, 255, 252,
    256, 254, 253, 256, 253, 256, 253, 254, 254, 254, 256, 255, 257, 257,
    258, 256, 257, 257, 258, 257, 256, 253, 256, 257, 255, 256, 256, 254,
    253, 254, 256, 257, 256, 253, 253, 253, 254, 255, 253, 255, 254, 255,
    257, 254, 256, 256, 254, 255, 253, 257, 254, 257, 254, 257, 259, 261,
    264, 264, 269, 270, 274, 276, 274, 283, 277, 278, 276, 282, 283, 284,
    284, 286, 286, 287, 285 ]
headPositionsY: [ 71, 67, 70, 71, 70, 71, 67, 66, 70, 66, 70, 68, 72, 69,
    68, 70, 71, 68, 70, 68, 69, 68, 67, 69, 71, 71, 70, 69, 71, 71, 69,
    70, 70, 71, 70, 72, 70, 69, 71, 70, 72, 71, 72, 69, 70, 72, 73, 73,
    70, 70, 73, 69, 72, 71, 70, 71, 74, 73, 72, 71, 71, 71, 71, 72, 72,
    73, 71, 69, 73, 72, 72, 69, 70, 73, 73, 71, 70, 73, 74, 71, 72, 71,
    71, 70, 69, 70, 67, 71, 69, 66, 68, 68, 68, 65, 70, 67, 69, 70, 68,
    68 ]
