%YAML:1.0
---
videoName: "headLookLeft1.mp4"
gestureLabel: 203
fps: 30
pixelSizeInCmTemp: 3.6287878787878786e-01
faceCenterPointX: 276
faceCenterPointY: 73
headPositionsX: [ 278, 256, 255, 257, 259, 256, 255, 257, 255, 256, 255,
    256, 256, 255, 257, 253, 256, 257, 257, 254, 257, 258, 256, 254, 257,
    258, 258, 258, 255, 254, 257, 259, 256, 255, 254, 256, 254, 258, 256,
    258, 255, 258, 256, 255, 256, 254, 257, 255, 257, 257, 255, 255, 254,
    256, 256, 254, 259, 255, 256, 258, 261, 263, 264, 265, 266, 271, 272,
    273, 273, 273, 276, 277, 276, 273, 270, 281, 278, 276, 276, 278, 282,
    279, 276, 280, 280, 280, 276, 279, 280, 275, 277, 277, 280, 275, 274,
    278, 278, 277, 276, 273 ]
headPositionsY: [ 72, 77, 73, 73, 74, 74, 75, 74, 77, 77, 74, 73, 76, 75,
    76, 77, 76, 78, 77, 75, 79, 76, 78, 79, 77, 79, 79, 78, 77, 77, 79,
    77, 78, 81, 77, 79, 80, 79, 79, 77, 79, 76, 80, 79, 80, 79, 77, 81,
    78, 76, 78, 78, 76, 78, 79, 77, 81, 80, 80, 80, 78, 81, 75, 76, 75,
    76, 78, 76, 76, 79, 75, 76, 77, 76, 75, 73, 76, 77, 75, 78, 74, 73,
    76, 76, 78, 77, 72, 78, 73, 76, 73, 76, 72, 76, 76, 73, 74, 78, 72,
    73 ]
