%YAML:1.0
---
videoName: "headLookLeft8.mp4"
gestureLabel: 203
fps: 29
pixelSizeInCmTemp: 3.6287878787878786e-01
faceCenterPointX: 273
faceCenterPointY: 69
headPositionsX: [ 275, 240, 240, 242, 239, 239, 243, 239, 243, 242, 241,
    242, 244, 242, 244, 244, 245, 244, 248, 246, 246, 246, 248, 246, 245,
    247, 244, 245, 247, 247, 248, 246, 247, 247, 248, 244, 245, 247, 244,
    248, 243, 243, 246, 246, 248, 245, 245, 247, 246, 245, 246, 245, 249,
    249, 251, 250, 254, 258, 256, 258, 264, 265, 269, 275, 267, 274, 273,
    280, 280, 273, 277, 275, 279, 278, 277, 279, 272, 273, 277, 280, 279,
    276, 276, 273, 274, 277, 279, 279, 274, 276, 277, 275, 272, 276, 275,
    273, 276, 273, 275, 269 ]
headPositionsY: [ 69, 68, 65, 68, 66, 70, 66, 65, 66, 70, 70, 68, 67, 69,
    69, 66, 66, 66, 68, 68, 69, 67, 67, 70, 67, 72, 71, 71, 72, 73, 71,
    72, 71, 73, 73, 74, 70, 73, 70, 74, 70, 69, 72, 73, 75, 70, 71, 73,
    75, 75, 72, 72, 75, 72, 70, 70, 74, 68, 70, 70, 68, 71, 67, 70, 71,
    70, 70, 73, 70, 70, 70, 69, 72, 70, 72, 71, 68, 69, 68, 71, 71, 68,
    71, 67, 66, 69, 70, 69, 67, 70, 70, 71, 70, 68, 69, 68, 68, 68, 70,
    67 ]
