%YAML:1.0
---
videoName: "headLookLeft1.mp4"
gestureLabel: 203
fps: 30
pixelSizeInCmTemp: 3.6287878787878786e-01
faceCenterPointX: 276
faceCenterPointY: 73
headPositionsX: [ 276, 258, 256, 258, 255, 257, 257, 258, 254, 253, 256,
    255, 255, 255, 256, 254, 257, 255, 256, 258, 258, 257, 256, 257, 255,
    257, 257, 256, 257, 256, 254, 255, 254, 254, 256, 257, 258, 256, 255,
    256, 257, 258, 257, 255, 257, 255, 257, 257, 257, 253, 257, 253, 254,
    254, 257, 255, 257, 255, 257, 261, 262, 264, 262, 267, 266, 270, 273,
    276, 273, 274, 276, 278, 273, 272, 271, 279, 277, 278, 278, 275, 280,
    279, 276, 278, 280, 277, 275, 278, 280, 275, 278, 278, 278, 278, 273,
    274, 278, 277, 275, 272 ]
headPositionsY: [ 74, 77, 77, 77, 77, 78, 78, 77, 74, 75, 73, 74, 74, 77,
    74, 78, 77, 77, 76, 79, 78, 79, 77, 78, 79, 77, 79, 80, 77, 80, 76,
    80, 80, 77, 76, 75, 78, 81, 79, 80, 79, 78, 79, 77, 76, 77, 80, 81,
    79, 77, 80, 80, 79, 76, 80, 79, 80, 78, 80, 78, 78, 80, 76, 80, 77,
    75, 78, 78, 78, 81, 73, 75, 77, 74, 73, 75, 74, 78, 76, 77, 78, 74,
    73, 75, 75, 75, 76, 77, 75, 77, 77, 74, 74, 73, 77, 77, 76, 78, 74,
    72 ]
