%YAML:1.0
---
videoName: "headLookLeft5.mp4"
gestureLabel: 203
fps: 30
pixelSizeInCmTemp: 3.5746268656716418e-01
faceCenterPointX: 284
faceCenterPointY: 67
headPositionsX: [ 283, 259, 259, 259, 262, 261, 257, 262, 258, 262, 259,
    260, 261, 263, 264, 260, 261, 263, 263, 261, 263, 267, 269, 269, 273,
    271, 277, 275, 280, 277, 282, 282, 283, 282, 286, 286, 286, 287, 283,
    288, 283, 287, 284, 285, 290, 284, 288, 288, 285, 283, 288, 284, 286,
    282, 285, 282, 283, 282, 284, 282, 285, 282, 284, 283, 286, 284, 285,
    283, 282, 282, 284, 286, 283, 283, 285, 286, 289, 283, 285, 287, 285,
    288, 287, 287, 286, 287, 284, 283, 285, 287, 285, 285, 285, 286, 285,
    284, 283, 284, 285, 284 ]
headPositionsY: [ 69, 72, 73, 72, 74, 70, 69, 69, 70, 69, 70, 72, 69, 72,
    70, 73, 73, 71, 74, 70, 71, 70, 70, 70, 72, 70, 69, 68, 70, 68, 71,
    69, 67, 66, 68, 66, 67, 67, 66, 67, 71, 68, 66, 70, 70, 69, 70, 67,
    66, 69, 67, 71, 70, 69, 68, 68, 68, 68, 65, 66, 66, 66, 70, 68, 67,
    69, 66, 68, 65, 67, 68, 68, 69, 69, 68, 68, 67, 66, 70, 65, 67, 66,
    69, 69, 69, 67, 68, 66, 68, 66, 70, 66, 69, 71, 67, 67, 66, 69, 67,
    67 ]
