%YAML:1.0
---
videoName: "headLookLeft1.mp4"
gestureLabel: 203
fps: 30
pixelSizeInCmTemp: 3.6287878787878786e-01
faceCenterPointX: 276
faceCenterPointY: 73
headPositionsX: [ 277, 255, 254, 258, 259, 256, 256, 259, 257, 256, 254,
    255, 254, 254, 254, 255, 258, 254, 255, 258, 259, 258, 255, 254, 258,
    255, 255, 255, 259, 258, 254, 257, 258, 254, 256, 254, 258, 258, 255,
    256, 257, 258, 253, 257, 258, 256, 255, 255, 256, 257, 254, 254, 255,
    255, 253, 254, 258, 256, 257, 260, 262, 263, 261, 267, 269, 270, 270,
    276, 274, 275, 279, 277, 274, 272, 273, 278, 277, 277, 278, 275, 280,
    277, 280, 278, 280, 277, 276, 282, 277, 276, 280, 278, 276, 276, 275,
    274, 280, 276, 276, 276 ]
headPositionsY: [ 74, 74, 75, 76, 75, 74, 75, 77, 76, 74, 74, 76, 76, 78,
    74, 75, 75, 79, 77, 79, 79, 78, 78, 75, 77, 80, 79, 80, 76, 76, 76,
    78, 76, 78, 80, 77, 76, 77, 76, 79, 77, 76, 78, 76, 80, 79, 77, 78,
    76, 78, 80, 77, 80, 79, 80, 78, 77, 80, 77, 78, 78, 80, 78, 80, 75,
    77, 75, 79, 78, 81, 74, 73, 76, 74, 72, 77, 73, 75, 79, 76, 74, 75,
    76, 73, 77, 78, 72, 78, 73, 74, 74, 77, 74, 74, 75, 76, 76, 77, 72,
    75 ]
