%YAML:1.0
---
videoName: "headLookLeft0.mp4"
gestureLabel: 203
fps: 29
pixelSizeInCmTemp: 3.6287878787878786e-01
faceCenterPointX: 286
faceCenterPointY: 69
headPositionsX: [ 285, 257, 253, 257, 253, 253, 254, 252, 254, 252, 255,
    255, 253, 256, 251, 255, 252, 253, 254, 252, 256, 253, 254, 256, 255,
    254, 256, 256, 254, 252, 255, 255, 256, 253, 256, 257, 256, 256, 257,
    258, 253, 258, 258, 254, 258, 258, 253, 258, 254, 254, 253, 253, 257,
    254, 255, 254, 257, 254, 257, 256, 253, 256, 253, 253, 254, 257, 252,
    255, 257, 253, 254, 258, 254, 257, 257, 253, 255, 254, 258, 261, 261,
    266, 266, 268, 269, 272, 272, 274, 281, 275, 279, 277, 279, 284, 286,
    288, 285, 285, 284, 286 ]
headPositionsY: [ 68, 68, 69, 68, 68, 67, 67, 66, 70, 67, 69, 67, 71, 71,
    69, 72, 70, 71, 70, 68, 68, 71, 71, 70, 70, 70, 71, 69, 67, 69, 69,
    69, 72, 69, 72, 69, 69, 72, 69, 73, 68, 71, 68, 72, 73, 70, 71, 70,
    73, 72, 72, 70, 69, 70, 73, 71, 71, 70, 70, 73, 70, 71, 74, 71, 70,
    71, 73, 71, 73, 73, 73, 71, 74, 70, 71, 71, 73, 70, 72, 73, 70, 69,
    72, 72, 70, 68, 68, 71, 69, 68, 64, 67, 64, 65, 71, 67, 69, 68, 67,
    71 ]
