%YAML:1.0
---
videoName: "headLookLeft1.mp4"
gestureLabel: 203
fps: 30
pixelSizeInCmTemp: 3.6287878787878786e-01
faceCenterPointX: 276
faceCenterPointY: 73
headPositionsX: [ 278, 255, 256, 257, 258, 259, 258, 257, 257, 255, 254,
    255, 258, 254, 254, 257, 255, 257, 257, 255, 259, 257, 256, 255, 254,
    256, 258, 254, 259, 255, 258, 257, 256, 258, 254, 256, 258, 256, 256,
    254, 258, 258, 253, 254, 256, 257, 258, 257, 256, 257, 257, 256, 255,
    253, 257, 254, 256, 256, 257, 257, 261, 261, 263, 265, 267, 272, 270,
    275, 274, 277, 276, 279, 272, 273, 273, 280, 279, 277, 275, 275, 282,
    280, 279, 277, 280, 278, 277, 280, 281, 275, 280, 278, 276, 275, 276,
    274, 279, 274, 275, 275 ]
headPositionsY: [ 74, 78, 76, 73, 77, 76, 74, 75, 78, 77, 75, 75, 76, 76,
    74, 75, 78, 76, 79, 79, 76, 75, 76, 77, 79, 76, 77, 80, 76, 80, 78,
    77, 76, 80, 77, 78, 79, 80, 78, 80, 80, 78, 76, 78, 78, 77, 77, 78,
    79, 78, 80, 77, 80, 77, 77, 80, 79, 80, 80, 78, 78, 78, 76, 78, 78,
    79, 78, 78, 76, 80, 75, 73, 76, 76, 74, 74, 73, 74, 76, 78, 77, 76,
    76, 76, 79, 76, 72, 75, 74, 74, 77, 74, 74, 75, 73, 77, 74, 75, 75,
    75 ]
