%YAML:1.0
---
videoName: "headLookLeft6.mp4"
gestureLabel: 203
fps: 29
pixelSizeInCmTemp: 3.2808219178082193e-01
faceCenterPointX: 267
faceCenterPointY: 69
headPositionsX: [ 266, 244, 245, 244, 243, 245, 246, 246, 244, 248, 245,
    247, 245, 247, 246, 247, 245, 244, 244, 245, 246, 247, 243, 244, 244,
    246, 246, 248, 253, 254, 252, 258, 259, 261, 261, 267, 269, 269, 269,
    270, 268, 270, 269, 267, 268, 268, 267, 270, 267, 271, 267, 266, 269,
    269, 267, 272, 265, 268, 269, 266, 269, 264, 269, 270, 271, 265, 267,
    267, 267, 268, 267, 266, 266, 265, 263, 266, 268, 268, 270, 269, 266,
    267, 264, 267, 266, 266, 267, 267, 268, 269, 268, 267, 266, 268, 270,
    269, 266, 265, 268, 266 ]
headPositionsY: [ 70, 71, 70, 74, 70, 70, 72, 73, 70, 75, 73, 70, 72, 72,
    70, 70, 73, 74, 72, 72, 72, 73, 72, 70, 70, 71, 73, 71, 73, 69, 73,
    69, 68, 70, 72, 70, 72, 72, 71, 71, 67, 69, 67, 69, 69, 72, 68, 68,
    72, 71, 67, 69, 68, 67, 73, 70, 71, 69, 70, 69, 70, 70, 72, 67, 68,
    72, 69, 68, 70, 69, 71, 67, 72, 68, 69, 69, 70, 68, 69, 72, 71, 69,
    72, 68, 71, 68, 69, 71, 69, 72, 71, 69, 71, 69, 70, 68, 70, 70, 71,
    70 ]
