%YAML:1.0
---
videoName: "headLookLeft1.mp4"
gestureLabel: 203
fps: 30
pixelSizeInCmTemp: 3.6287878787878786e-01
faceCenterPointX: 276
faceCenterPointY: 73
headPositionsX: [ 276, 255, 258, 257, 258, 255, 258, 258, 255, 254, 254,
    258, 255, 255, 257, 255, 254, 258, 254, 255, 259, 255, 258, 258, 254,
    256, 255, 257, 258, 255, 254, 255, 258, 254, 255, 257, 257, 256, 257,
    256, 258, 258, 255, 254, 256, 253, 256, 254, 257, 257, 255, 254, 256,
    253, 257, 258, 256, 255, 255, 260, 260, 262, 264, 266, 265, 271, 271,
    274, 274, 274, 276, 279, 272, 272, 271, 279, 280, 275, 278, 274, 279,
    279, 279, 279, 280, 278, 278, 281, 277, 277, 279, 278, 279, 277, 274,
    274, 278, 276, 275, 274 ]
headPositionsY: [ 74, 76, 77, 75, 77, 74, 76, 74, 74, 75, 77, 77, 76, 76,
    74, 78, 75, 76, 75, 77, 75, 77, 75, 79, 79, 76, 76, 77, 79, 76, 79,
    79, 76, 79, 77, 77, 80, 81, 76, 80, 78, 79, 77, 77, 79, 79, 78, 79,
    76, 78, 80, 79, 80, 80, 80, 77, 80, 77, 81, 80, 78, 80, 76, 78, 77,
    79, 75, 79, 75, 80, 77, 76, 76, 77, 72, 74, 74, 77, 77, 74, 77, 74,
    74, 74, 78, 75, 73, 77, 74, 74, 77, 73, 73, 73, 76, 74, 76, 74, 75,
    73 ]
