%YAML:1.0
---
videoName: "headLookLeft1.mp4"
gestureLabel: 203
fps: 30
pixelSizeInCmTemp: 3.6287878787878786e-01
faceCenterPointX: 276
faceCenterPointY: 73
headPositionsX: [ 278, 255, 255, 255, 255, 258, 259, 255, 255, 257, 257,
    255, 257, 256, 256, 254, 256, 254, 256, 258, 255, 255, 257, 255, 257,
    257, 256, 256, 256, 255, 256, 257, 255, 255, 258, 256, 257, 258, 255,
    256, 257, 256, 254, 257, 255, 254, 256, 258, 255, 254, 253, 256, 254,
    254, 257, 254, 258, 255, 255, 261, 260, 262, 262, 264, 267, 268, 274,
    275, 275, 277, 277, 275, 273, 273, 271, 279, 280, 276, 276, 276, 282,
    280, 279, 279, 279, 280, 275, 282, 277, 277, 281, 278, 277, 278, 274,
    275, 277, 276, 275, 273 ]
headPositionsY: [ 71, 74, 74, 77, 77, 74, 77, 77, 75, 77, 73, 77, 73, 76,
    76, 76, 77, 75, 77, 79, 77, 77, 78, 79, 75, 76, 77, 77, 76, 79, 76,
    79, 80, 78, 79, 77, 80, 81, 79, 79, 80, 79, 76, 77, 76, 81, 79, 77,
    78, 77, 77, 76, 77, 77, 76, 76, 78, 78, 80, 77, 79, 80, 76, 76, 75,
    79, 77, 77, 76, 79, 76, 75, 75, 75, 74, 74, 77, 77, 76, 75, 75, 75,
    74, 77, 77, 78, 75, 75, 74, 75, 76, 77, 75, 73, 74, 74, 77, 78, 72,
    72 ]
