%YAML:1.0
---
videoName: "headLookLeft6.mp4"
gestureLabel: 203
fps: 29
pixelSizeInCmTemp: 3.2808219178082193e-01
faceCenterPointX: 267
faceCenterPointY: 69
headPositionsX: [ 266, 246, 245, 245, 245, 247, 248, 248, 243, 244, 244,
    243, 244, 246, 243, 247, 244, 246, 245, 248, 243, 245, 243, 243, 243,
    248, 246, 251, 250, 252, 254, 255, 260, 260, 264, 264, 269, 270, 267,
    272, 267, 268, 269, 269, 268, 268, 270, 267, 268, 268, 270, 266, 267,
    270, 265, 271, 266, 268, 266, 270, 269, 265, 266, 266, 269, 268, 265,
    268, 266, 268, 265, 265, 268, 266, 266, 268, 264, 269, 270, 270, 265,
    265, 264, 268, 267, 270, 266, 269, 268, 269, 265, 267, 268, 266, 267,
    268, 263, 267, 266, 264 ]
headPositionsY: [ 67, 72, 73, 71, 72, 70, 71, 72, 70, 74, 74, 70, 73, 74,
    72, 73, 70, 74, 71, 73, 74, 71, 74, 74, 73, 71, 72, 71, 71, 70, 70,
    72, 68, 70, 69, 70, 68, 70, 68, 68, 69, 72, 67, 72, 68, 70, 69, 68,
    70, 72, 68, 70, 72, 71, 73, 70, 68, 71, 72, 72, 72, 70, 72, 69, 72,
    68, 70, 68, 69, 70, 72, 69, 69, 71, 68, 71, 69, 69, 71, 71, 70, 70,
    72, 67, 72, 71, 69, 68, 69, 73, 68, 68, 70, 68, 72, 67, 71, 66, 72,
    68 ]
