%YAML:1.0
---
videoName: "headLookLeft5.mp4"
gestureLabel: 203
fps: 30
pixelSizeInCmTemp: 3.5746268656716418e-01
faceCenterPointX: 284
faceCenterPointY: 67
headPositionsX: [ 284, 261, 259, 258, 258, 259, 261, 262, 258, 260, 262,
    260, 260, 260, 264, 261, 261, 265, 263, 261, 264, 265, 270, 270, 273,
    272, 273, 275, 276, 278, 283, 281, 286, 281, 286, 288, 286, 285, 286,
    286, 287, 285, 281, 282, 288, 285, 286, 286, 286, 287, 289, 283, 285,
    282, 285, 281, 281, 284, 285, 283, 284, 283, 284, 285, 284, 281, 287,
    282, 284, 284, 283, 286, 284, 283, 284, 283, 289, 283, 285, 285, 285,
    287, 284, 286, 283, 286, 286, 283, 285, 289, 283, 283, 284, 285, 287,
    282, 284, 281, 282, 286 ]
headPositionsY: [ 66, 71, 73, 69, 72, 73, 69, 70, 72, 73, 70, 70, 69, 72,
    69, 72, 70, 71, 74, 70, 74, 71, 72, 72, 71, 69, 72, 70, 66, 68, 71,
    68, 70, 67, 67, 66, 66, 68, 67, 68, 70, 67, 69, 67, 69, 68, 69, 67,
    68, 68, 69, 67, 70, 67, 70, 69, 65, 68, 65, 69, 68, 68, 70, 70, 69,
    70, 69, 67, 69, 69, 70, 69, 70, 69, 69, 71, 69, 69, 71, 69, 66, 66,
    68, 67, 67, 71, 69, 69, 67, 70, 66, 68, 69, 71, 70, 68, 69, 67, 68,
    68 ]
