%YAML:1.0
---
videoName: "headLookLeft2.mp4"
gestureLabel: 203
fps: 29
pixelSizeInCmTemp: 3.6846153846153845e-01
faceCenterPointX: 278
faceCenterPointY: 74
headPositionsX: [ 278, 258, 257, 259, 257, 261, 257, 260, 261, 258, 258,
    259, 260, 261, 259, 260, 260, 259, 261, 261, 263, 266, 267, 266, 267,
    269, 272, 275, 275, 275, 276, 275, 277, 281, 280, 281, 281, 282, 280,
    277, 281, 279, 282, 280, 282, 282, 281, 280, 284, 280, 282, 282, 280,
    280, 279, 282, 278, 271, 280, 278, 285, 277, 279, 278, 280, 281, 279,
    285, 283, 279, 278, 282, 279, 277, 277, 281, 275, 279, 278, 283, 280,
    280, 277, 279, 280, 277, 285, 278, 275, 282, 284, 280, 285, 280, 278,
    279, 283, 280, 286, 281 ]
headPositionsY: [ 75, 76, 74, 74, 76, 76, 77, 76, 76, 76, 74, 78, 76, 73,
    75, 76, 74, 77, 78, 78, 77, 76, 75, 77, 76, 74, 73, 77, 73, 73, 73,
    72, 75, 73, 72, 74, 76, 74, 77, 75, 76, 76, 75, 76, 73, 73, 73, 76,
    75, 75, 74, 78, 73, 73, 74, 77, 74, 74, 73, 77, 73, 72, 73, 72, 75,
    72, 73, 77, 74, 71, 73, 76, 74, 74, 71, 74, 72, 76, 74, 76, 74, 73,
    75, 76, 77, 70, 73, 76, 74, 72, 75, 76, 78, 76, 75, 73, 76, 74, 76,
    73 ]
