%YAML:1.0
---
videoName: "headLookLeft6.mp4"
gestureLabel: 203
fps: 29
pixelSizeInCmTemp: 3.2808219178082193e-01
faceCenterPointX: 267
faceCenterPointY: 69
headPositionsX: [ 266, 244, 244, 243, 246, 246, 246, 246, 246, 245, 246,
    243, 246, 246, 247, 246, 246, 244, 245, 244, 243, 243, 245, 243, 243,
    245, 250, 251, 252, 253, 256, 257, 260, 262, 263, 265, 265, 269, 269,
    272, 267, 269, 270, 266, 269, 267, 267, 267, 270, 268, 269, 268, 270,
    267, 265, 270, 268, 268, 265, 266, 266, 265, 266, 266, 267, 265, 268,
    269, 268, 265, 265, 267, 266, 267, 264, 265, 265, 270, 268, 269, 264,
    265, 264, 266, 266, 269, 267, 269, 266, 271, 265, 268, 266, 268, 266,
    268, 266, 268, 266, 265 ]
headPositionsY: [ 69, 73, 70, 72, 72, 71, 72, 71, 73, 75, 74, 70, 73, 73,
    72, 73, 73, 71, 74, 70, 71, 74, 74, 74, 71, 74, 74, 72, 70, 70, 71,
    69, 68, 70, 71, 68, 72, 68, 69, 71, 67, 70, 68, 69, 70, 71, 67, 70,
    71, 73, 69, 71, 70, 71, 72, 72, 72, 72, 72, 70, 72, 69, 70, 67, 70,
    71, 71, 71, 71, 69, 70, 71, 69, 70, 70, 67, 72, 69, 73, 71, 72, 70,
    68, 69, 69, 71, 70, 69, 72, 70, 71, 68, 72, 69, 69, 68, 69, 68, 70,
    66 ]
