%YAML:1.0
---
videoName: "headLookLeft2.mp4"
gestureLabel: 203
fps: 29
pixelSizeInCmTemp: 3.6846153846153845e-01
faceCenterPointX: 278
faceCenterPointY: 74
headPositionsX: [ 279, 260, 257, 261, 259, 259, 261, 258, 260, 261, 262,
    262, 257, 260, 263, 261, 262, 260, 264, 260, 265, 263, 267, 269, 270,
    270, 272, 271, 274, 276, 277, 275, 278, 279, 278, 282, 280, 281, 279,
    279, 279, 278, 280, 280, 280, 278, 282, 284, 283, 281, 279, 280, 281,
    280, 279, 280, 278, 272, 278, 278, 281, 278, 280, 282, 278, 281, 278,
    282, 282, 282, 279, 281, 281, 275, 275, 282, 279, 278, 280, 280, 279,
    278, 277, 280, 284, 276, 283, 279, 275, 283, 280, 277, 281, 282, 277,
    281, 283, 280, 289, 278 ]
headPositionsY: [ 72, 74, 76, 74, 76, 77, 74, 77, 76, 77, 74, 77, 74, 77,
    76, 74, 75, 77, 75, 77, 74, 77, 76, 77, 77, 75, 75, 77, 74, 74, 73,
    75, 74, 75, 72, 75, 73, 72, 75, 76, 73, 77, 73, 75, 73, 75, 75, 76,
    77, 75, 72, 75, 75, 75, 75, 77, 75, 76, 73, 77, 73, 75, 72, 74, 75,
    72, 72, 77, 76, 72, 76, 72, 74, 72, 72, 74, 75, 77, 74, 75, 76, 75,
    73, 72, 73, 73, 76, 73, 72, 75, 77, 75, 76, 76, 73, 74, 73, 75, 76,
    72 ]
