%YAML:1.0
---
videoName: "headLookLeft8.mp4"
gestureLabel: 203
fps: 29
pixelSizeInCmTemp: 3.6287878787878786e-01
faceCenterPointX: 273
faceCenterPointY: 69
headPositionsX: [ 272, 243, 243, 241, 240, 241, 243, 243, 243, 241, 241,
    239, 241, 244, 242, 245, 244, 247, 249, 248, 247, 245, 246, 249, 248,
    245, 248, 249, 246, 249, 245, 246, 248, 249, 248, 247, 247, 246, 244,
    246, 245, 246, 247, 244, 247, 246, 247, 248, 245, 244, 247, 248, 248,
    246, 250, 249, 252, 254, 259, 260, 262, 269, 269, 271, 269, 272, 276,
    284, 281, 274, 279, 276, 280, 276, 277, 276, 275, 276, 275, 279, 276,
    280, 276, 269, 273, 273, 276, 275, 273, 273, 273, 277, 274, 276, 277,
    272, 275, 274, 273, 271 ]
headPositionsY: [ 68, 69, 65, 69, 68, 70, 66, 69, 66, 68, 68, 69, 69, 66,
    70, 69, 67, 68, 71, 70, 67, 67, 69, 70, 67, 72, 71, 70, 73, 73, 69,
    72, 74, 71, 72, 72, 70, 74, 73, 73, 72, 71, 73, 72, 73, 74, 73, 72,
    73, 71, 74, 73, 72, 71, 71, 72, 71, 69, 72, 71, 72, 68, 67, 72, 69,
    71, 70, 71, 72, 71, 68, 70, 70, 70, 72, 68, 69, 70, 69, 72, 70, 71,
    68, 68, 68, 69, 72, 69, 71, 70, 70, 69, 71, 70, 71, 71, 70, 69, 69,
    69 ]
