%YAML:1.0
---
videoName: "headLookLeft3.mp4"
gestureLabel: 203
fps: 29
pixelSizeInCmTemp: 3.4214285714285714e-01
faceCenterPointX: 290
faceCenterPointY: 74
headPositionsX: [ 290, 264, 265, 263, 264, 266, 268, 270, 267, 268, 273,
    276, 278, 279, 283, 281, 286, 288, 289, 290, 290, 289, 295, 290, 285,
    288, 296, 288, 289, 283, 289, 291, 289, 290, 286, 288, 281, 292, 293,
    290, 288, 287, 287, 296, 290, 289, 288, 289, 290, 288, 292, 289, 288,
    291, 286, 287, 291, 288, 292, 290, 290, 291, 289, 288, 287, 288, 289,
    290, 287, 291, 286, 288, 289, 284, 287, 285, 288, 290, 286, 287, 288,
    288, 287, 288, 286, 288, 289, 289, 286, 286, 287, 286, 290, 287, 284,
    285, 288, 289, 287, 285 ]
headPositionsY: [ 72, 76, 77, 79, 78, 77, 77, 77, 78, 78, 76, 74, 77, 76,
    75, 76, 75, 76, 72, 72, 74, 74, 77, 77, 71, 70, 73, 75, 74, 71, 74,
    72, 73, 74, 76, 77, 71, 76, 76, 76, 73, 73, 74, 78, 72, 76, 72, 72,
    76, 72, 75, 74, 71, 74, 75, 72, 75, 75, 75, 73, 76, 74, 73, 73, 75,
    75, 72, 73, 71, 72, 75, 71, 73, 72, 74, 73, 75, 73, 75, 72, 74, 73,
    74, 72, 75, 74, 74, 75, 72, 73, 73, 72, 73, 73, 75, 74, 73, 75, 74,
    75 ]
