%YAML:1.0
---
videoName: "headLookLeft1.mp4"
gestureLabel: 203
fps: 30
pixelSizeInCmTemp: 3.6287878787878786e-01
faceCenterPointX: 276
faceCenterPointY: 73
headPositionsX: [ 276, 256, 254, 256, 259, 255, 259, 258, 258, 254, 255,
    255, 255, 254, 256, 254, 256, 254, 255, 255, 259, 254, 258, 255, 258,
    257, 254, 255, 258, 258, 254, 258, 257, 256, 255, 258, 257, 255, 257,
    255, 255, 255, 255, 255, 258, 254, 255, 255, 254, 254, 256, 253, 256,
    255, 253, 256, 259, 255, 257, 260, 261, 261, 264, 266, 269, 271, 273,
    273, 272, 276, 277, 276, 273, 271, 274, 277, 277, 278, 274, 276, 278,
    278, 279, 277, 278, 279, 277, 281, 280, 277, 277, 279, 278, 278, 272,
    274, 278, 275, 276, 276 ]
headPositionsY: [ 72, 75, 77, 76, 74, 78, 74, 77, 77, 76, 75, 75, 74, 77,
    77, 77, 77, 78, 79, 75, 78, 79, 75, 75, 77, 78, 75, 79, 76, 77, 79,
    80, 76, 79, 79, 75, 80, 77, 79, 76, 81, 78, 80, 80, 76, 77, 80, 81,
    78, 76, 79, 78, 78, 77, 79, 79, 80, 77, 77, 81, 79, 80, 77, 77, 77,
    75, 77, 77, 75, 79, 75, 74, 73, 76, 73, 73, 74, 75, 77, 74, 75, 73,
    72, 75, 79, 77, 74, 76, 77, 74, 77, 76, 75, 75, 73, 77, 75, 74, 74,
    71 ]
