%YAML:1.0
---
videoName: "headLookLeft7.mp4"
gestureLabel: 203
fps: 29
pixelSizeInCmTemp: 3.4214285714285714e-01
faceCenterPointX: 268
faceCenterPointY: 68
headPositionsX: [ 269, 246, 248, 247, 248, 244, 245, 246, 245, 247, 243,
    246, 247, 247, 246, 245, 247, 246, 246, 245, 245, 247, 244, 247, 247,
    247, 246, 246, 245, 250, 249, 251, 252, 252, 256, 258, 260, 261, 263,
    264, 265, 265, 267, 265, 266, 267, 267, 265, 266, 267, 268, 266, 268,
    267, 267, 266, 268, 266, 265, 272, 266, 271, 267, 269, 268, 265, 264,
    270, 265, 265, 267, 265, 267, 266, 270, 269, 269, 270, 264, 271, 266,
    269, 271, 267, 268, 269, 266, 270, 264, 271, 270, 270, 268, 268, 269,
    269, 268, 269, 269, 272 ]
headPositionsY: [ 69, 70, 67, 68, 72, 67, 67, 68, 68, 69, 68, 68, 69, 71,
    72, 72, 72, 71, 70, 72, 68, 69, 69, 72, 70, 71, 68, 68, 68, 71, 69,
    71, 67, 67, 67, 69, 69, 71, 68, 70, 68, 66, 69, 70, 66, 69, 67, 70,
    71, 69, 68, 70, 70, 71, 70, 67, 69, 69, 68, 69, 69, 70, 70, 70, 68,
    69, 70, 68, 67, 68, 71, 66, 68, 69, 68, 67, 69, 66, 66, 69, 67, 70,
    71, 66, 71, 69, 70, 69, 69, 69, 67, 69, 68, 70, 68, 70, 69, 66, 71,
    70 ]
