%YAML:1.0
---
videoName: "headLookLeft0.mp4"
gestureLabel: 203
fps: 29
pixelSizeInCmTemp: 3.6287878787878786e-01
faceCenterPointX: 286
faceCenterPointY: 69
headPositionsX: [ 284, 255, 253, 257, 253, 253, 254, 254, 253, 254, 251,
    255, 253, 255, 254, 253, 250, 253, 256, 255, 256, 254, 255, 255, 253,
    254, 255, 256, 256, 252, 256, 256, 257, 254, 256, 257, 255, 257, 253,
    258, 254, 257, 254, 255, 254, 256, 255, 258, 256, 256, 254, 257, 257,
    253, 257, 254, 258, 253, 254, 254, 253, 254, 254, 257, 253, 256, 255,
    254, 255, 257, 254, 255, 256, 257, 256, 254, 256, 254, 256, 259, 260,
    262, 267, 269, 269, 270, 273, 278, 282, 275, 282, 277, 282, 282, 284,
    284, 285, 287, 284, 284 ]
headPositionsY: [ 71, 67, 69, 69, 69, 71, 69, 67, 70, 68, 68, 68, 72, 72,
    71, 70, 71, 71, 69, 68, 68, 68, 68, 69, 70, 69, 70, 70, 68, 68, 68,
    72, 71, 71, 71, 71, 69, 71, 71, 71, 68, 72, 68, 70, 73, 69, 73, 73,
    69, 71, 71, 70, 69, 72, 71, 70, 70, 70, 70, 71, 72, 72, 72, 70, 72,
    69, 73, 72, 72, 73, 71, 70, 70, 72, 69, 73, 72, 73, 70, 72, 69, 71,
    73, 68, 72, 67, 71, 69, 69, 66, 68, 67, 65, 67, 67, 69, 68, 67, 70,
    69 ]
