%YAML:1.0
---
videoName: "headLookLeft0.mp4"
gestureLabel: 203
fps: 29
pixelSizeInCmTemp: 3.6287878787878786e-01
faceCenterPointX: 286
faceCenterPointY: 69
headPositionsX: [ 286, 256, 256, 254, 253, 256, 255, 253, 254, 251, 255,
    252, 253, 254, 254, 252, 254, 254, 254, 255, 254, 254, 252, 253, 253,
    254, 256, 256, 256, 255, 257, 257, 254, 254, 257, 257, 254, 255, 255,
    257, 254, 255, 255, 258, 254, 255, 257, 254, 258, 257, 257, 257, 254,
    257, 256, 255, 257, 253, 255, 254, 255, 254, 253, 256, 255, 255, 253,
    253, 254, 254, 253, 254, 256, 254, 255, 255, 256, 257, 256, 263, 259,
    264, 265, 268, 271, 270, 272, 277, 281, 275, 280, 278, 281, 282, 284,
    287, 288, 286, 288, 284 ]
headPositionsY: [ 70, 67, 68, 67, 70, 69, 66, 70, 70, 70, 69, 71, 70, 69,
    69, 71, 69, 69, 70, 69, 69, 69, 67, 70, 71, 68, 70, 72, 67, 72, 72,
    71, 72, 70, 71, 70, 73, 69, 72, 69, 71, 71, 69, 70, 70, 73, 73, 74,
    69, 71, 70, 69, 73, 70, 73, 72, 74, 71, 72, 71, 74, 70, 72, 71, 73,
    71, 72, 70, 73, 70, 71, 69, 72, 70, 71, 72, 73, 71, 72, 74, 73, 71,
    72, 72, 69, 69, 71, 67, 72, 66, 64, 68, 64, 65, 69, 68, 67, 70, 67,
    71 ]
