%YAML:1.0
---
videoName: "headLookLeft3.mp4"
gestureLabel: 203
fps: 29
pixelSizeInCmTemp: 3.4214285714285714e-01
faceCenterPointX: 290
faceCenterPointY: 74
headPositionsX: [ 288, 265, 264, 264, 262, 262, 268, 268, 267, 268, 273,
    275, 277, 276, 281, 280, 284, 288, 287, 288, 290, 286, 295, 289, 286,
    286, 298, 291, 290, 282, 291, 289, 291, 291, 288, 290, 283, 291, 290,
    287, 290, 286, 290, 295, 289, 291, 286, 290, 291, 287, 291, 292, 289,
    288, 287, 286, 290, 290, 290, 291, 292, 288, 289, 288, 289, 287, 287,
    289, 287, 289, 285, 288, 286, 288, 284, 287, 289, 286, 285, 287, 287,
    289, 291, 287, 286, 284, 291, 288, 287, 290, 286, 286, 288, 288, 288,
    282, 288, 287, 289, 287 ]
headPositionsY: [ 73, 77, 77, 78, 76, 75, 76, 78, 79, 77, 78, 73, 77, 76,
    74, 76, 75, 75, 75, 72, 74, 74, 73, 77, 72, 71, 76, 74, 75, 74, 74,
    76, 76, 75, 72, 73, 75, 74, 73, 75, 74, 71, 71, 77, 73, 72, 76, 72,
    77, 75, 73, 72, 72, 76, 73, 73, 73, 73, 75, 76, 72, 73, 72, 75, 75,
    73, 73, 75, 75, 76, 74, 73, 73, 72, 71, 77, 74, 74, 75, 73, 73, 74,
    71, 71, 73, 74, 75, 76, 71, 75, 75, 72, 72, 73, 75, 73, 76, 74, 75,
    74 ]
