%YAML:1.0
---
videoName: "headLookLeft9.mp4"
gestureLabel: 203
fps: 30
pixelSizeInCmTemp: 3.2364864864864862e-01
faceCenterPointX: 273
faceCenterPointY: 69
headPositionsX: [ 274, 245, 249, 248, 249, 249, 248, 246, 247, 248, 249,
    244, 244, 247, 244, 247, 244, 245, 245, 244, 248, 246, 245, 247, 245,
    244, 246, 243, 247, 243, 245, 244, 248, 247, 253, 252, 252, 255, 257,
    259, 266, 267, 266, 269, 265, 270, 274, 272, 270, 274, 269, 273, 270,
    270, 270, 269, 271, 271, 273, 273, 273, 271, 272, 270, 275, 270, 268,
    271, 275, 271, 272, 271, 272, 273, 274, 271, 274, 267, 271, 270, 271,
    271, 269, 269, 271, 267, 268, 273, 270, 271, 273, 272, 270, 270, 273,
    275, 270, 273, 268, 270 ]
headPositionsY: [ 67, 73, 68, 71, 69, 69, 71, 68, 68, 68, 69, 72, 68, 71,
    68, 73, 72, 72, 72, 72, 71, 69, 71, 71, 70, 73, 69, 72, 70, 73, 69,
    70, 73, 72, 72, 72, 70, 66, 69, 68, 66, 67, 66, 67, 69, 66, 66, 67,
    68, 68, 69, 66, 69, 66, 68, 67, 67, 67, 67, 68, 68, 68, 71, 67, 67,
    69, 68, 66, 69, 67, 69, 69, 70, 71, 69, 68, 67, 65, 67, 67, 70, 70,
    66, 67, 68, 69, 68, 70, 67, 69, 66, 66, 68, 65, 69, 69, 70, 67, 67,
    67 ]
