%YAML:1.0
---
videoName: "headLookLeft9.mp4"
gestureLabel: 203
fps: 30
pixelSizeInCmTemp: 3.2364864864864862e-01
faceCenterPointX: 273
faceCenterPointY: 69
headPositionsX: [ 273, 248, 247, 249, 248, 245, 245, 246, 244, 246, 247,
    245, 246, 245, 246, 245, 244, 246, 248, 247, 244, 246, 243, 247, 246,
    247, 246, 247, 243, 246, 246, 248, 248, 250, 253, 250, 253, 259, 260,
    259, 265, 263, 270, 270, 267, 270, 272, 268, 270, 273, 269, 270, 269,
    271, 274, 269, 271, 270, 273, 272, 271, 271, 269, 271, 275, 271, 269,
    271, 272, 270, 273, 270, 272, 274, 273, 271, 273, 270, 270, 271, 272,
    271, 271, 270, 273, 270, 268, 271, 273, 271, 271, 272, 274, 270, 270,
    275, 270, 274, 271, 272 ]
headPositionsY: [ 70, 72, 72, 70, 70, 71, 69, 72, 71, 72, 72, 70, 70, 71,
    68, 69, 71, 70, 72, 72, 71, 71, 69, 72, 72, 73, 69, 71, 72, 71, 72,
    71, 73, 72, 70, 71, 71, 67, 69, 67, 67, 69, 70, 67, 68, 69, 69, 67,
    66, 70, 70, 66, 67, 65, 70, 69, 66, 70, 67, 66, 68, 68, 68, 70, 69,
    67, 66, 70, 68, 65, 69, 69, 70, 70, 69, 66, 70, 69, 66, 69, 70, 69,
    67, 68, 71, 66, 68, 69, 68, 67, 69, 67, 67, 65, 68, 67, 72, 67, 71,
    70 ]
