%YAML:1.0
---
videoName: "headLookLeft8.mp4"
gestureLabel: 203
fps: 29
pixelSizeInCmTemp: 3.6287878787878786e-01
faceCenterPointX: 273
faceCenterPointY: 69
headPositionsX: [ 272, 242, 240, 239, 243, 242, 241, 240, 239, 241, 243,
    240, 241, 244, 244, 243, 247, 246, 245, 247, 246, 247, 247, 246, 246,
    245, 246, 249, 244, 247, 245, 244, 246, 245, 247, 245, 246, 247, 247,
    245, 245, 245, 244, 244, 244, 246, 246, 245, 248, 247, 244, 249, 247,
    246, 249, 253, 253, 255, 260, 261, 262, 269, 267, 275, 271, 275, 275,
    281, 283, 272, 277, 275, 280, 276, 279, 278, 276, 272, 276, 281, 276,
    276, 276, 273, 270, 277, 279, 275, 277, 274, 273, 274, 276, 274, 277,
    275, 273, 275, 273, 270 ]
headPositionsY: [ 71, 68, 65, 67, 67, 68, 68, 65, 66, 69, 67, 69, 67, 69,
    66, 66, 68, 66, 71, 67, 71, 71, 68, 67, 67, 72, 72, 69, 72, 69, 71,
    70, 74, 74, 70, 70, 72, 70, 73, 70, 73, 70, 72, 74, 75, 74, 73, 73,
    74, 74, 73, 72, 75, 72, 74, 72, 74, 68, 68, 69, 71, 71, 67, 70, 68,
    72, 67, 69, 71, 70, 68, 71, 72, 69, 68, 67, 68, 70, 67, 72, 72, 68,
    68, 69, 65, 69, 71, 70, 71, 70, 69, 68, 71, 68, 71, 69, 68, 68, 67,
    70 ]
