%YAML:1.0
---
videoName: "headLookLeft7.mp4"
gestureLabel: 203
fps: 29
pixelSizeInCmTemp: 3.4214285714285714e-01
faceCenterPointX: 268
faceCenterPointY: 68
headPositionsX: [ 269, 244, 247, 244, 247, 246, 247, 248, 246, 247, 246,
    247, 243, 243, 244, 245, 246, 246, 245, 246, 245, 247, 244, 243, 246,
    246, 248, 248, 247, 246, 248, 248, 252, 255, 255, 261, 262, 265, 265,
    264, 269, 267, 270, 266, 268, 268, 271, 266, 266, 268, 267, 268, 269,
    268, 267, 267, 268, 269, 267, 268, 265, 270, 265, 269, 268, 267, 267,
    270, 263, 265, 270, 268, 266, 266, 270, 267, 268, 270, 264, 267, 267,
    267, 270, 266, 270, 269, 268, 270, 264, 270, 271, 269, 268, 269, 268,
    271, 268, 268, 270, 271 ]
headPositionsY: [ 66, 69, 68, 67, 72, 68, 69, 68, 67, 69, 67, 71, 71, 72,
    69, 69, 70, 68, 71, 70, 68, 71, 70, 71, 68, 72, 71, 68, 72, 72, 72,
    70, 70, 67, 68, 69, 70, 70, 67, 66, 67, 68, 68, 69, 65, 67, 67, 67,
    71, 68, 71, 70, 69, 67, 66, 68, 69, 68, 69, 69, 69, 71, 66, 72, 70,
    67, 69, 68, 67, 70, 67, 70, 68, 72, 70, 68, 71, 68, 68, 68, 69, 68,
    71, 69, 68, 70, 66, 66, 71, 70, 67, 69, 70, 69, 71, 70, 69, 70, 72,
    68 ]
