%YAML:1.0
---
videoName: "headLookLeft2.mp4"
gestureLabel: 203
fps: 29
pixelSizeInCmTemp: 3.6846153846153845e-01
faceCenterPointX: 278
faceCenterPointY: 74
headPositionsX: [ 279, 259, 258, 259, 257, 259, 258, 257, 261, 258, 262,
    262, 257, 261, 260, 260, 259, 259, 261, 263, 264, 266, 264, 267, 270,
    268, 272, 273, 275, 276, 279, 279, 278, 278, 277, 279, 280, 280, 278,
    277, 280, 278, 282, 280, 282, 278, 281, 281, 286, 278, 278, 280, 281,
    282, 280, 280, 277, 270, 281, 280, 284, 279, 281, 278, 279, 280, 278,
    284, 282, 280, 282, 280, 279, 277, 275, 279, 277, 278, 276, 281, 280,
    279, 278, 279, 284, 280, 284, 279, 276, 283, 284, 279, 281, 282, 278,
    280, 283, 283, 288, 282 ]
headPositionsY: [ 74, 76, 73, 74, 77, 74, 77, 78, 74, 76, 77, 76, 74, 77,
    76, 78, 74, 73, 79, 77, 76, 76, 74, 75, 74, 74, 73, 74, 76, 72, 73,
    75, 72, 72, 74, 76, 73, 76, 73, 72, 75, 73, 77, 75, 73, 76, 77, 74,
    74, 75, 76, 77, 72, 77, 76, 76, 75, 76, 73, 73, 73, 74, 74, 72, 76,
    73, 74, 74, 77, 71, 74, 72, 75, 71, 72, 77, 73, 74, 74, 74, 76, 74,
    76, 72, 77, 70, 72, 72, 76, 74, 77, 73, 78, 72, 72, 73, 73, 77, 75,
    71 ]
