%YAML:1.0
---
videoName: "headLookLeft2.mp4"
gestureLabel: 203
fps: 29
pixelSizeInCmTemp: 3.6846153846153845e-01
faceCenterPointX: 278
faceCenterPointY: 74
headPositionsX: [ 279, 256, 259, 257, 260, 258, 257, 259, 257, 257, 261,
    259, 260, 258, 260, 261, 258, 262, 261, 260, 264, 263, 268, 265, 269,
    272, 273, 271, 273, 277, 278, 278, 276, 280, 279, 282, 280, 282, 280,
    278, 279, 282, 283, 278, 281, 282, 282, 283, 287, 278, 281, 282, 281,
    282, 277, 281, 279, 273, 277, 280, 284, 279, 282, 281, 279, 281, 279,
    281, 280, 281, 282, 280, 281, 275, 276, 281, 277, 282, 277, 283, 278,
    279, 278, 282, 282, 280, 284, 281, 278, 280, 284, 280, 282, 281, 280,
    280, 282, 280, 287, 279 ]
headPositionsY: [ 73, 75, 73, 75, 77, 77, 75, 76, 75, 76, 75, 77, 76, 76,
    77, 76, 75, 77, 77, 78, 73, 74, 77, 74, 74, 73, 75, 77, 77, 75, 76,
    73, 71, 73, 74, 76, 74, 76, 77, 74, 76, 77, 73, 72, 72, 73, 76, 75,
    78, 74, 73, 77, 73, 73, 72, 77, 75, 75, 73, 75, 77, 71, 72, 75, 72,
    72, 76, 74, 77, 71, 75, 74, 77, 73, 74, 77, 71, 74, 72, 76, 73, 74,
    73, 73, 75, 71, 74, 72, 72, 72, 77, 72, 74, 74, 73, 74, 76, 75, 77,
    71 ]
