%YAML:1.0
---
videoName: "headLookLeft2.mp4"
gestureLabel: 203
fps: 29
pixelSizeInCmTemp: 3.6846153846153845e-01
faceCenterPointX: 278
faceCenterPointY: 74
headPositionsX: [ 277, 259, 261, 261, 257, 260, 261, 261, 257, 259, 259,
    261, 259, 262, 262, 262, 262, 261, 261, 264, 264, 264, 264, 265, 269,
    271, 271, 272, 274, 276, 277, 278, 278, 279, 279, 280, 277, 283, 279,
    279, 281, 280, 282, 282, 281, 281, 282, 284, 284, 282, 281, 283, 283,
    279, 280, 282, 281, 274, 278, 280, 281, 278, 281, 278, 281, 281, 281,
    285, 283, 280, 281, 281, 283, 275, 275, 279, 279, 279, 279, 280, 280,
    278, 279, 280, 280, 279, 283, 278, 279, 280, 281, 279, 284, 282, 280,
    278, 279, 282, 285, 282 ]
headPositionsY: [ 76, 73, 73, 75, 75, 77, 75, 77, 75, 78, 77, 76, 77, 76,
    76, 74, 74, 75, 79, 76, 76, 76, 75, 74, 73, 73, 75, 76, 77, 75, 72,
    75, 71, 76, 73, 78, 74, 75, 77, 72, 75, 76, 74, 76, 74, 74, 77, 77,
    77, 75, 76, 76, 73, 77, 75, 77, 73, 72, 74, 76, 73, 74, 72, 75, 75,
    73, 75, 75, 77, 75, 72, 72, 74, 73, 72, 74, 71, 74, 75, 76, 73, 73,
    76, 76, 76, 74, 74, 76, 72, 76, 77, 76, 77, 72, 72, 75, 72, 75, 74,
    74 ]
