%YAML:1.0
---
videoName: "headLookLeft4.mp4"
gestureLabel: 203
fps: 29
pixelSizeInCmTemp: 3.4710144927536229e-01
faceCenterPointX: 288
faceCenterPointY: 74
headPositionsX: [ 290, 265, 267, 265, 268, 265, 267, 268, 273, 272, 275,
    278, 279, 285, 287, 287, 294, 296, 295, 296, 294, 292, 297, 294, 290,
    294, 292, 298, 297, 296, 296, 296, 292, 293, 293, 296, 295, 293, 295,
    293, 291, 291, 293, 295, 295, 289, 287, 293, 290, 289, 291, 289, 289,
    290, 288, 289, 290, 288, 289, 290, 288, 291, 289, 289, 291, 291, 288,
    290, 286, 292, 287, 289, 290, 291, 291, 289, 294, 288, 295, 288, 292,
    292, 294, 294, 292, 289, 291, 290, 292, 292, 288, 290, 291, 289, 291,
    289, 291, 289, 287, 287 ]
headPositionsY: [ 74, 81, 82, 77, 77, 78, 80, 76, 79, 76, 79, 78, 77, 75,
    75, 78, 75, 76, 78, 81, 75, 79, 73, 78, 76, 75, 75, 78, 77, 77, 77,
    80, 79, 76, 76, 76, 80, 72, 76, 78, 75, 75, 76, 74, 74, 72, 72, 77,
    73, 76, 75, 75, 73, 72, 72, 75, 73, 76, 75, 74, 76, 76, 78, 75, 76,
    75, 73, 75, 75, 73, 74, 75, 75, 76, 75, 75, 76, 75, 76, 73, 77, 72,
    79, 75, 74, 73, 73, 77, 76, 73, 74, 73, 76, 74, 76, 74, 75, 76, 74,
    73 ]
