%YAML:1.0
---
videoName: "headLookLeft3.mp4"
gestureLabel: 203
fps: 29
pixelSizeInCmTemp: 3.4214285714285714e-01
faceCenterPointX: 290
faceCenterPointY: 74
headPositionsX: [ 289, 263, 264, 263, 266, 264, 264, 268, 271, 268, 272,
    274, 278, 278, 283, 283, 285, 286, 288, 291, 288, 286, 295, 293, 285,
    287, 298, 290, 289, 285, 290, 288, 291, 289, 284, 291, 284, 293, 292,
    289, 287, 287, 290, 294, 290, 289, 290, 290, 292, 288, 293, 289, 292,
    290, 286, 288, 288, 288, 289, 292, 288, 292, 287, 286, 288, 286, 289,
    287, 287, 289, 286, 286, 286, 285, 285, 285, 289, 288, 288, 285, 288,
    285, 291, 288, 290, 284, 291, 288, 287, 290, 287, 286, 287, 290, 287,
    286, 287, 288, 287, 285 ]
headPositionsY: [ 75, 76, 78, 78, 75, 76, 76, 78, 75, 79, 75, 75, 74, 73,
    75, 72, 73, 74, 74, 76, 74, 74, 73, 74, 74, 71, 76, 77, 75, 73, 72,
    72, 73, 75, 72, 76, 73, 73, 75, 76, 72, 74, 71, 74, 73, 72, 76, 76,
    76, 73, 74, 74, 73, 77, 74, 76, 74, 75, 73, 76, 73, 75, 75, 73, 72,
    73, 71, 75, 74, 72, 73, 73, 73, 72, 72, 73, 72, 75, 75, 71, 71, 74,
    73, 73, 73, 72, 74, 75, 71, 75, 74, 76, 76, 73, 75, 76, 72, 71, 75,
    75 ]
