%YAML:1.0
---
videoName: "headLookLeft4.mp4"
gestureLabel: 203
fps: 29
pixelSizeInCmTemp: 3.4710144927536229e-01
faceCenterPointX: 288
faceCenterPointY: 74
headPositionsX: [ 288, 266, 266, 263, 268, 266, 266, 272, 274, 275, 278,
    277, 282, 283, 285, 290, 295, 292, 298, 298, 298, 295, 295, 296, 291,
    293, 291, 296, 299, 292, 296, 296, 296, 295, 292, 294, 296, 292, 294,
    295, 289, 289, 293, 296, 296, 292, 287, 291, 291, 290, 292, 291, 291,
    291, 292, 287, 288, 290, 287, 288, 289, 289, 291, 289, 290, 291, 289,
    287, 289, 291, 289, 292, 289, 291, 288, 288, 291, 289, 292, 290, 290,
    290, 292, 292, 289, 293, 288, 289, 291, 289, 292, 289, 292, 289, 291,
    288, 289, 289, 287, 291 ]
headPositionsY: [ 74, 77, 81, 78, 77, 78, 79, 80, 80, 75, 80, 80, 75, 78,
    76, 79, 79, 79, 76, 81, 76, 79, 77, 76, 77, 74, 75, 80, 76, 79, 75,
    78, 76, 76, 76, 73, 82, 72, 76, 77, 75, 72, 75, 74, 74, 75, 73, 78,
    73, 77, 72, 73, 71, 74, 74, 76, 74, 74, 74, 75, 74, 77, 77, 75, 74,
    76, 72, 75, 72, 73, 75, 73, 74, 78, 76, 73, 79, 75, 79, 75, 75, 76,
    79, 78, 73, 74, 75, 73, 75, 74, 77, 73, 77, 74, 76, 73, 75, 73, 76,
    75 ]
