%YAML:1.0
---
videoName: "headLookLeft7.mp4"
gestureLabel: 203
fps: 29
pixelSizeInCmTemp: 3.4214285714285714e-01
faceCenterPointX: 268
faceCenterPointY: 68
headPositionsX: [ 266, 247, 248, 244, 248, 245, 247, 247, 244, 244, 243,
    245, 246, 243, 244, 245, 244, 247, 245, 244, 246, 247, 246, 243, 245,
    247, 244, 247, 248, 249, 246, 248, 255, 256, 256, 258, 262, 263, 263,
    263, 265, 265, 266, 267, 264, 266, 268, 268, 267, 266, 264, 266, 269,
    266, 268, 266, 269, 266, 269, 270, 265, 267, 268, 266, 269, 265, 266,
    272, 263, 266, 271, 265, 267, 270, 268, 267, 270, 268, 266, 269, 267,
    268, 269, 269, 268, 267, 270, 270, 268, 269, 272, 270, 267, 268, 270,
    270, 269, 272, 268, 271 ]
headPositionsY: [ 68, 66, 67, 71, 68, 71, 69, 72, 71, 69, 67, 68, 72, 71,
    69, 69, 70, 68, 70, 71, 72, 69, 68, 68, 70, 70, 71, 71, 70, 72, 70,
    69, 69, 69, 70, 66, 68, 67, 70, 66, 65, 68, 66, 69, 69, 69, 67, 69,
    68, 66, 67, 71, 66, 69, 66, 68, 69, 70, 66, 71, 71, 69, 70, 69, 68,
    70, 70, 72, 70, 71, 70, 67, 67, 71, 71, 69, 71, 67, 70, 69, 66, 71,
    72, 68, 67, 69, 70, 69, 68, 68, 67, 71, 67, 68, 69, 69, 70, 69, 71,
    71 ]
