%YAML:1.0
---
videoName: "headLookLeft6.mp4"
gestureLabel: 203
fps: 29
pixelSizeInCmTemp: 3.2808219178082193e-01
faceCenterPointX: 267
faceCenterPointY: 69
headPositionsX: [ 265, 243, 244, 246, 242, 247, 244, 245, 247, 244, 247,
    244, 245, 243, 247, 243, 244, 246, 244, 246, 247, 247, 245, 246, 246,
    244, 250, 252, 249, 255, 254, 255, 260, 262, 264, 265, 265, 270, 268,
    269, 269, 269, 268, 266, 269, 268, 268, 267, 268, 269, 267, 267, 269,
    267, 269, 269, 268, 271, 267, 266, 268, 265, 268, 267, 271, 266, 266,
    269, 265, 269, 268, 267, 268, 265, 263, 268, 266, 268, 270, 269, 266,
    265, 268, 267, 266, 268, 270, 269, 266, 270, 268, 270, 265, 265, 267,
    269, 266, 266, 266, 264 ]
headPositionsY: [ 67, 71, 72, 74, 73, 73, 71, 69, 73, 72, 71, 71, 71, 72,
    70, 74, 72, 72, 71, 70, 72, 73, 74, 73, 73, 74, 70, 72, 71, 73, 72,
    72, 70, 73, 72, 68, 68, 71, 69, 69, 69, 70, 67, 72, 68, 71, 69, 70,
    68, 69, 70, 68, 70, 68, 69, 70, 68, 70, 70, 71, 72, 70, 69, 70, 72,
    71, 71, 68, 70, 69, 69, 70, 69, 68, 68, 69, 69, 67, 72, 72, 70, 72,
    70, 68, 69, 70, 71, 70, 73, 71, 69, 70, 69, 69, 72, 71, 72, 68, 71,
    69 ]
