%YAML:1.0
---
videoName: "headLookLeft2.mp4"
gestureLabel: 203
fps: 29
pixelSizeInCmTemp: 3.6846153846153845e-01
faceCenterPointX: 278
faceCenterPointY: 74
headPositionsX: [ 276, 259, 257, 261, 260, 260, 258, 258, 257, 260, 262,
    261, 259, 262, 259, 261, 260, 260, 263, 262, 264, 266, 266, 267, 266,
    268, 272, 274, 276, 275, 278, 277, 274, 277, 276, 282, 281, 280, 276,
    280, 280, 282, 282, 278, 279, 279, 280, 282, 285, 278, 281, 284, 280,
    279, 278, 281, 279, 273, 278, 278, 281, 279, 281, 280, 280, 278, 280,
    284, 283, 279, 279, 282, 283, 274, 275, 283, 279, 278, 279, 282, 280,
    281, 278, 278, 281, 278, 282, 280, 279, 282, 280, 278, 281, 279, 280,
    279, 281, 280, 289, 280 ]
headPositionsY: [ 73, 75, 75, 78, 76, 76, 78, 76, 78, 74, 73, 75, 73, 75,
    74, 78, 75, 76, 77, 76, 76, 78, 74, 77, 74, 75, 72, 75, 74, 73, 75,
    75, 71, 75, 71, 75, 74, 75, 73, 74, 72, 73, 77, 73, 76, 75, 77, 75,
    78, 75, 73, 78, 73, 73, 75, 75, 76, 72, 72, 76, 75, 73, 76, 74, 75,
    74, 72, 75, 75, 71, 75, 75, 76, 74, 71, 77, 74, 76, 73, 76, 74, 73,
    72, 72, 77, 72, 72, 73, 72, 74, 74, 76, 78, 73, 72, 73, 73, 75, 75,
    71 ]
