%YAML:1.0
---
videoName: "headLookLeft0.mp4"
gestureLabel: 203
fps: 29
pixelSizeInCmTemp: 3.6287878787878786e-01
faceCenterPointX: 286
faceCenterPointY: 69
headPositionsX: [ 286, 254, 254, 253, 253, 253, 255, 253, 255, 254, 254,
    253, 255, 252, 254, 255, 251, 255, 254, 252, 256, 252, 256, 256, 253,
    257, 256, 255, 252, 255, 253, 257, 254, 253, 253, 253, 253, 255, 254,
    254, 257, 255, 254, 258, 257, 254, 253, 258, 258, 254, 253, 256, 256,
    253, 253, 253, 257, 253, 257, 256, 256, 257, 257, 254, 257, 255, 255,
    253, 256, 254, 253, 256, 255, 253, 256, 255, 255, 257, 259, 262, 260,
    262, 268, 269, 272, 274, 273, 274, 283, 279, 280, 277, 283, 280, 285,
    284, 284, 284, 288, 285 ]
headPositionsY: [ 69, 68, 70, 70, 69, 67, 68, 70, 70, 69, 70, 70, 68, 68,
    69, 69, 70, 69, 67, 67, 69, 70, 67, 71, 70, 68, 72, 71, 69, 68, 70,
    69, 69, 69, 69, 71, 70, 71, 72, 72, 72, 71, 71, 73, 70, 69, 70, 71,
    69, 72, 69, 69, 69, 73, 69, 72, 73, 70, 70, 70, 74, 71, 72, 71, 71,
    73, 69, 71, 71, 71, 69, 72, 70, 69, 69, 72, 71, 69, 74, 74, 72, 68,
    72, 69, 69, 69, 68, 69, 73, 69, 64, 65, 68, 65, 68, 70, 70, 68, 71,
    71 ]
