%YAML:1.0
---
videoName: "headLookLeft4.mp4"
gestureLabel: 203
fps: 29
pixelSizeInCmTemp: 3.4710144927536229e-01
faceCenterPointX: 288
faceCenterPointY: 74
headPositionsX: [ 288, 263, 266, 266, 265, 264, 270, 269, 271, 274, 278,
    281, 279, 285, 288, 291, 293, 294, 298, 296, 294, 295, 294, 294, 290,
    295, 292, 298, 299, 294, 294, 292, 294, 291, 293, 294, 295, 295, 293,
    294, 290, 292, 293, 295, 294, 289, 291, 294, 290, 291, 293, 290, 289,
    291, 290, 287, 290, 290, 286, 292, 289, 290, 290, 286, 291, 290, 288,
    290, 285, 288, 288, 293, 287, 293, 288, 290, 294, 288, 293, 290, 293,
    289, 291, 290, 289, 290, 291, 290, 291, 292, 291, 288, 291, 287, 292,
    290, 289, 291, 287, 288 ]
headPositionsY: [ 75, 79, 80, 80, 77, 78, 79, 76, 80, 76, 79, 77, 79, 78,
    75, 78, 78, 78, 77, 78, 76, 78, 73, 74, 77, 73, 75, 77, 77, 77, 78,
    78, 79, 75, 74, 77, 78, 76, 78, 74, 75, 74, 72, 75, 74, 72, 73, 78,
    76, 73, 76, 74, 74, 75, 73, 76, 73, 76, 74, 76, 72, 74, 74, 73, 72,
    75, 72, 73, 75, 75, 73, 73, 73, 75, 76, 74, 76, 74, 76, 72, 75, 73,
    78, 74, 73, 73, 75, 77, 74, 77, 78, 77, 74, 74, 73, 76, 76, 73, 76,
    77 ]
