%YAML:1.0
---
videoName: "headLookLeft1.mp4"
gestureLabel: 203
fps: 30
pixelSizeInCmTemp: 3.6287878787878786e-01
faceCenterPointX: 276
faceCenterPointY: 73
headPositionsX: [ 274, 258, 255, 258, 257, 259, 255, 256, 254, 257, 254,
    258, 254, 254, 255, 253, 254, 255, 258, 257, 257, 256, 258, 255, 258,
    256, 257, 258, 257, 257, 257, 255, 257, 257, 255, 255, 254, 255, 258,
    257, 258, 257, 255, 254, 256, 255, 256, 255, 254, 256, 256, 253, 255,
    254, 253, 256, 258, 254, 259, 260, 258, 263, 262, 266, 266, 271, 270,
    273, 276, 277, 278, 276, 273, 272, 274, 277, 280, 274, 274, 277, 282,
    279, 276, 279, 277, 280, 277, 279, 280, 277, 279, 278, 279, 277, 276,
    276, 279, 275, 277, 273 ]
headPositionsY: [ 74, 74, 75, 77, 73, 74, 77, 74, 77, 73, 75, 75, 74, 77,
    74, 78, 75, 78, 77, 78, 75, 75, 79, 76, 78, 77, 79, 79, 75, 76, 78,
    79, 77, 78, 80, 77, 77, 77, 79, 78, 78, 77, 78, 77, 77, 80, 79, 79,
    77, 78, 79, 78, 80, 77, 77, 79, 79, 76, 78, 81, 77, 77, 77, 79, 76,
    75, 78, 75, 75, 77, 76, 73, 74, 75, 76, 77, 75, 76, 75, 77, 75, 75,
    72, 73, 77, 76, 73, 75, 73, 77, 75, 73, 76, 77, 77, 77, 75, 77, 75,
    71 ]
