%YAML:1.0
---
videoName: "headLookLeft1.mp4"
gestureLabel: 203
fps: 30
pixelSizeInCmTemp: 3.6287878787878786e-01
faceCenterPointX: 276
faceCenterPointY: 73
headPositionsX: [ 275, 256, 254, 255, 255, 256, 258, 257, 257, 253, 255,
    255, 256, 257, 256, 254, 258, 256, 254, 256, 255, 255, 256, 254, 256,
    258, 254, 257, 258, 257, 256, 259, 256, 256, 254, 257, 256, 258, 256,
    258, 258, 257, 256, 257, 254, 253, 254, 254, 257, 256, 254, 257, 253,
    256, 254, 256, 259, 254, 255, 257, 262, 264, 265, 266, 266, 268, 270,
    275, 276, 277, 279, 278, 275, 275, 270, 278, 276, 276, 274, 277, 280,
    276, 276, 281, 277, 277, 277, 280, 281, 278, 279, 278, 276, 274, 274,
    278, 279, 276, 278, 272 ]
headPositionsY: [ 74, 74, 76, 76, 77, 74, 77, 77, 74, 75, 73, 77, 74, 74,
    78, 75, 78, 76, 78, 76, 76, 77, 77, 77, 78, 79, 78, 77, 75, 77, 80,
    80, 76, 78, 77, 77, 78, 77, 77, 77, 81, 77, 79, 80, 79, 81, 77, 80,
    80, 77, 78, 77, 76, 80, 76, 79, 79, 80, 77, 78, 80, 79, 77, 78, 78,
    76, 75, 78, 75, 77, 73, 74, 73, 74, 74, 73, 76, 78, 78, 75, 75, 73,
    74, 77, 78, 74, 73, 77, 74, 75, 77, 76, 74, 74, 77, 73, 76, 78, 73,
    72 ]
