%YAML:1.0
---
videoName: "headLookLeft1.mp4"
gestureLabel: 203
fps: 30
pixelSizeInCmTemp: 3.6287878787878786e-01
faceCenterPointX: 276
faceCenterPointY: 73
headPositionsX: [ 274, 257, 254, 256, 257, 259, 256, 257, 256, 254, 255,
    257, 254, 256, 255, 254, 256, 256, 254, 254, 257, 257, 256, 258, 254,
    256, 258, 254, 259, 257, 255, 259, 258, 254, 255, 256, 258, 255, 257,
    257, 254, 259, 256, 257, 256, 256, 258, 256, 257, 256, 256, 256, 257,
    254, 257, 255, 258, 258, 255, 261, 259, 261, 262, 267, 265, 268, 273,
    275, 276, 273, 276, 278, 275, 272, 273, 281, 276, 274, 278, 274, 281,
    279, 277, 277, 279, 278, 277, 279, 280, 278, 281, 278, 276, 278, 276,
    278, 280, 278, 277, 276 ]
headPositionsY: [ 73, 76, 75, 77, 74, 74, 76, 74, 77, 73, 75, 73, 73, 75,
    74, 77, 77, 76, 79, 79, 76, 79, 78, 76, 75, 80, 77, 78, 76, 79, 80,
    77, 79, 79, 76, 77, 78, 81, 76, 78, 79, 76, 77, 80, 76, 80, 77, 80,
    80, 79, 78, 78, 79, 77, 78, 77, 81, 76, 77, 78, 77, 79, 77, 77, 75,
    76, 78, 77, 75, 78, 74, 74, 74, 73, 72, 74, 74, 75, 75, 78, 78, 77,
    72, 74, 77, 78, 74, 74, 75, 76, 76, 74, 73, 75, 73, 73, 76, 77, 76,
    75 ]
