%YAML:1.0
---
videoName: "headLookLeft2.mp4"
gestureLabel: 203
fps: 29
pixelSizeInCmTemp: 3.6846153846153845e-01
faceCenterPointX: 278
faceCenterPointY: 74
headPositionsX: [ 278, 257, 260, 257, 261, 259, 261, 258, 259, 261, 260,
    258, 261, 258, 262, 262, 260, 261, 264, 262, 263, 267, 266, 266, 269,
    270, 273, 274, 276, 278, 276, 277, 277, 278, 276, 281, 277, 280, 279,
    279, 280, 278, 283, 278, 278, 280, 282, 284, 286, 282, 282, 282, 284,
    281, 277, 279, 278, 271, 280, 278, 283, 278, 281, 278, 277, 277, 281,
    283, 280, 282, 278, 279, 282, 274, 277, 282, 275, 279, 278, 283, 280,
    281, 280, 278, 283, 276, 282, 281, 277, 284, 284, 278, 285, 281, 278,
    277, 279, 279, 287, 281 ]
headPositionsY: [ 75, 73, 77, 75, 75, 74, 77, 74, 76, 74, 75, 74, 75, 75,
    75, 74, 74, 76, 77, 78, 74, 75, 74, 75, 75, 73, 73, 75, 75, 73, 74,
    76, 74, 74, 74, 77, 74, 73, 76, 76, 75, 76, 77, 72, 75, 73, 76, 75,
    76, 74, 75, 75, 75, 76, 73, 77, 75, 76, 71, 73, 76, 72, 74, 76, 72,
    75, 73, 74, 77, 73, 73, 74, 74, 71, 75, 73, 71, 73, 75, 77, 74, 75,
    73, 73, 75, 70, 75, 76, 72, 75, 73, 73, 78, 74, 73, 75, 73, 74, 78,
    74 ]
