%YAML:1.0
---
videoName: "headLookLeft8.mp4"
gestureLabel: 203
fps: 29
pixelSizeInCmTemp: 3.6287878787878786e-01
faceCenterPointX: 273
faceCenterPointY: 69
headPositionsX: [ 275, 243, 241, 239, 241, 241, 241, 241, 240, 243, 242,
    243, 240, 243, 241, 243, 245, 245, 246, 249, 248, 245, 249, 249, 245,
    249, 247, 246, 248, 245, 245, 247, 246, 246, 247, 246, 245, 245, 244,
    246, 244, 246, 246, 246, 248, 246, 244, 244, 245, 245, 246, 245, 248,
    246, 247, 251, 252, 256, 258, 262, 263, 266, 267, 271, 268, 273, 273,
    281, 280, 276, 279, 278, 276, 274, 275, 276, 275, 276, 276, 280, 276,
    277, 279, 272, 273, 275, 279, 277, 275, 277, 276, 276, 276, 275, 276,
    275, 274, 276, 275, 272 ]
headPositionsY: [ 70, 65, 67, 65, 67, 66, 68, 69, 67, 67, 66, 65, 69, 69,
    70, 69, 66, 68, 67, 68, 67, 67, 67, 67, 70, 72, 68, 70, 69, 70, 73,
    72, 71, 70, 72, 72, 71, 71, 74, 70, 69, 69, 73, 70, 74, 72, 70, 73,
    73, 74, 73, 71, 74, 70, 71, 74, 71, 69, 71, 70, 72, 69, 69, 71, 68,
    70, 71, 72, 71, 71, 71, 71, 71, 70, 68, 67, 71, 69, 70, 68, 72, 71,
    71, 69, 67, 69, 68, 69, 71, 71, 71, 71, 68, 69, 73, 69, 71, 67, 67,
    70 ]
