%YAML:1.0
---
videoName: "headLookLeft1.mp4"
gestureLabel: 203
fps: 30
pixelSizeInCmTemp: 3.6287878787878786e-01
faceCenterPointX: 276
faceCenterPointY: 73
headPositionsX: [ 275, 257, 255, 255, 256, 256, 257, 257, 255, 256, 255,
    256, 258, 258, 255, 254, 258, 256, 256, 254, 257, 256, 257, 257, 256,
    256, 254, 256, 259, 256, 254, 257, 254, 254, 257, 257, 258, 258, 255,
    256, 254, 256, 256, 258, 258, 254, 257, 257, 254, 253, 253, 256, 253,
    255, 255, 257, 256, 257, 258, 257, 262, 263, 265, 265, 267, 268, 272,
    274, 272, 276, 278, 276, 272, 271, 271, 281, 280, 276, 275, 278, 281,
    278, 276, 280, 278, 276, 276, 282, 278, 278, 280, 278, 276, 274, 272,
    274, 278, 277, 276, 273 ]
headPositionsY: [ 74, 77, 75, 76, 73, 78, 74, 77, 76, 76, 74, 77, 75, 74,
    78, 77, 77, 79, 76, 79, 75, 75, 79, 75, 79, 76, 78, 78, 75, 79, 79,
    76, 78, 79, 76, 79, 80, 77, 79, 76, 80, 77, 78, 77, 80, 80, 77, 80,
    76, 80, 76, 77, 80, 80, 76, 80, 81, 80, 79, 81, 80, 80, 77, 79, 78,
    77, 78, 75, 75, 78, 75, 73, 76, 76, 72, 75, 74, 76, 78, 78, 75, 74,
    76, 73, 77, 74, 75, 77, 73, 74, 73, 74, 72, 77, 73, 73, 77, 76, 73,
    74 ]
