%YAML:1.0
---
videoName: "headLookLeft8.mp4"
gestureLabel: 203
fps: 29
pixelSizeInCmTemp: 3.6287878787878786e-01
faceCenterPointX: 273
faceCenterPointY: 69
headPositionsX: [ 272, 243, 242, 241, 239, 242, 241, 239, 242, 243, 240,
    241, 242, 245, 242, 243, 247, 246, 247, 245, 248, 249, 246, 245, 248,
    246, 245, 245, 244, 245, 244, 248, 246, 249, 249, 245, 245, 246, 245,
    247, 245, 247, 245, 247, 245, 248, 247, 244, 246, 246, 247, 249, 246,
    248, 247, 252, 254, 254, 260, 259, 261, 266, 268, 273, 270, 271, 274,
    281, 282, 274, 275, 276, 280, 277, 279, 275, 276, 273, 275, 277, 277,
    279, 280, 270, 274, 274, 277, 275, 273, 275, 275, 273, 274, 273, 277,
    273, 274, 273, 274, 270 ]
headPositionsY: [ 70, 69, 68, 68, 65, 66, 69, 65, 66, 67, 70, 68, 66, 66,
    66, 70, 67, 70, 70, 70, 70, 67, 69, 71, 69, 71, 72, 69, 72, 73, 72,
    72, 74, 70, 72, 71, 69, 74, 70, 74, 70, 73, 69, 71, 72, 73, 71, 73,
    73, 72, 73, 74, 72, 71, 73, 72, 72, 68, 71, 69, 69, 68, 71, 74, 70,
    71, 71, 72, 72, 70, 67, 71, 68, 70, 71, 69, 67, 67, 68, 68, 69, 68,
    71, 69, 69, 68, 70, 68, 70, 67, 71, 69, 68, 68, 72, 69, 69, 68, 70,
    71 ]
