%YAML:1.0
---
videoName: "headLookLeft1.mp4"
gestureLabel: 203
fps: 30
pixelSizeInCmTemp: 3.6287878787878786e-01
faceCenterPointX: 276
faceCenterPointY: 73
headPositionsX: [ 278, 257, 255, 256, 259, 255, 255, 258, 255, 255, 258,
    257, 254, 256, 256, 257, 256, 255, 254, 255, 257, 257, 259, 256, 255,
    255, 257, 254, 255, 256, 255, 256, 257, 254, 254, 258, 255, 258, 258,
    257, 256, 255, 256, 256, 258, 257, 258, 255, 253, 253, 253, 255, 255,
    257, 254, 256, 257, 255, 257, 259, 261, 263, 263, 265, 268, 272, 273,
    272, 274, 277, 276, 276, 273, 273, 270, 278, 277, 274, 277, 276, 279,
    276, 276, 280, 278, 280, 277, 278, 279, 279, 278, 278, 277, 274, 273,
    276, 276, 275, 275, 276 ]
headPositionsY: [ 75, 77, 74, 77, 75, 75, 75, 77, 77, 73, 73, 73, 73, 78,
    75, 76, 76, 75, 76, 78, 77, 76, 75, 78, 79, 78, 79, 79, 77, 80, 78,
    79, 76, 79, 80, 77, 76, 81, 77, 76, 79, 78, 80, 80, 80, 78, 76, 78,
    79, 80, 80, 76, 76, 76, 77, 77, 80, 78, 78, 79, 80, 81, 79, 76, 75,
    75, 76, 76, 77, 78, 73, 73, 76, 76, 75, 77, 74, 77, 75, 75, 75, 74,
    75, 73, 76, 77, 73, 76, 75, 76, 77, 75, 73, 73, 73, 73, 74, 77, 72,
    71 ]
