%YAML:1.0
---
videoName: "headLookLeft0.mp4"
gestureLabel: 203
fps: 29
pixelSizeInCmTemp: 3.6287878787878786e-01
faceCenterPointX: 286
faceCenterPointY: 69
headPositionsX: [ 285, 254, 253, 253, 255, 255, 255, 253, 254, 252, 254,
    251, 255, 252, 254, 253, 252, 255, 256, 252, 256, 256, 252, 255, 254,
    255, 254, 254, 256, 253, 257, 254, 257, 256, 254, 256, 255, 257, 254,
    255, 257, 255, 254, 254, 258, 257, 254, 257, 258, 257, 254, 257, 253,
    253, 255, 255, 258, 255, 254, 255, 256, 255, 257, 257, 254, 255, 256,
    254, 253, 254, 256, 258, 255, 254, 256, 253, 255, 256, 258, 263, 262,
    262, 268, 265, 268, 272, 274, 277, 285, 276, 280, 277, 282, 280, 286,
    286, 285, 284, 288, 285 ]
headPositionsY: [ 69, 69, 66, 68, 67, 70, 68, 70, 67, 68, 69, 70, 72, 68,
    71, 70, 71, 71, 70, 70, 69, 70, 67, 69, 71, 71, 68, 72, 67, 71, 71,
    69, 71, 72, 69, 70, 69, 71, 68, 70, 71, 72, 70, 73, 69, 69, 71, 72,
    69, 69, 72, 70, 69, 70, 71, 72, 71, 72, 73, 70, 73, 72, 70, 72, 74,
    72, 69, 72, 72, 73, 69, 72, 70, 72, 69, 74, 72, 69, 74, 72, 71, 68,
    69, 71, 72, 70, 68, 71, 72, 69, 64, 67, 64, 66, 69, 68, 67, 67, 70,
    70 ]
