%YAML:1.0
---
videoName: "headLookLeft0.mp4"
gestureLabel: 203
fps: 29
pixelSizeInCmTemp: 3.6287878787878786e-01
faceCenterPointX: 286
faceCenterPointY: 69
headPositionsX: [ 286, 253, 255, 254, 254, 252, 255, 256, 254, 251, 251,
    251, 253, 256, 252, 252, 250, 254, 256, 254, 254, 254, 256, 254, 255,
    253, 256, 253, 252, 252, 253, 254, 255, 256, 256, 253, 255, 254, 253,
    256, 256, 254, 257, 258, 258, 254, 255, 255, 255, 256, 256, 255, 257,
    253, 257, 253, 256, 256, 254, 254, 253, 257, 255, 255, 256, 257, 256,
    256, 253, 257, 257, 256, 253, 254, 257, 255, 254, 256, 260, 260, 259,
    265, 265, 266, 270, 271, 274, 278, 285, 278, 280, 275, 280, 280, 287,
    284, 288, 285, 288, 287 ]
headPositionsY: [ 69, 68, 67, 71, 70, 70, 70, 68, 69, 66, 67, 67, 68, 70,
    69, 72, 68, 69, 71, 67, 72, 67, 71, 69, 71, 69, 71, 72, 67, 72, 68,
    71, 68, 68, 73, 73, 72, 70, 71, 73, 70, 72, 69, 73, 72, 72, 72, 74,
    69, 73, 69, 71, 72, 70, 70, 72, 72, 72, 73, 69, 71, 72, 71, 69, 72,
    70, 69, 69, 71, 70, 69, 73, 72, 72, 73, 72, 69, 70, 73, 73, 69, 69,
    69, 69, 70, 69, 69, 68, 73, 67, 65, 65, 65, 67, 67, 67, 69, 67, 68,
    71 ]
