%YAML:1.0
---
videoName: "headLookLeft7.mp4"
gestureLabel: 203
fps: 29
pixelSizeInCmTemp: 3.4214285714285714e-01
faceCenterPointX: 268
faceCenterPointY: 68
headPositionsX: [ 270, 245, 247, 247, 246, 245, 245, 245, 244, 247, 244,
    246, 245, 246, 248, 245, 246, 246, 244, 245, 244, 245, 244, 245, 244,
    243, 248, 245, 247, 247, 250, 249, 254, 252, 259, 258, 261, 261, 264,
    267, 269, 265, 266, 267, 265, 266, 269, 268, 268, 268, 268, 269, 267,
    270, 265, 269, 268, 266, 267, 272, 266, 270, 268, 270, 270, 267, 268,
    269, 267, 268, 269, 265, 269, 270, 267, 270, 268, 268, 268, 267, 266,
    268, 270, 268, 267, 270, 268, 271, 268, 270, 268, 270, 271, 268, 267,
    272, 268, 272, 271, 271 ]
headPositionsY: [ 70, 69, 70, 70, 68, 69, 71, 70, 70, 67, 71, 68, 72, 68,
    73, 72, 69, 70, 68, 68, 70, 72, 69, 71, 70, 69, 70, 71, 72, 70, 71,
    69, 70, 71, 67, 66, 67, 67, 66, 69, 66, 65, 70, 66, 69, 67, 71, 66,
    68, 70, 68, 68, 68, 68, 70, 70, 71, 66, 66, 70, 67, 68, 68, 68, 70,
    70, 67, 70, 66, 69, 67, 70, 67, 70, 68, 71, 71, 69, 68, 71, 68, 70,
    72, 66, 68, 70, 68, 67, 68, 68, 69, 67, 69, 69, 67, 71, 68, 67, 70,
    67 ]
