%YAML:1.0
---
videoName: "headLookLeft0.mp4"
gestureLabel: 203
fps: 29
pixelSizeInCmTemp: 3.6287878787878786e-01
faceCenterPointX: 286
faceCenterPointY: 69
headPositionsX: [ 288, 253, 254, 253, 254, 253, 254, 253, 252, 251, 253,
    255, 255, 256, 252, 254, 251, 251, 252, 251, 252, 256, 254, 255, 256,
    257, 256, 253, 255, 256, 255, 257, 254, 252, 253, 254, 257, 258, 255,
    255, 257, 258, 256, 256, 254, 258, 255, 257, 256, 254, 253, 257, 257,
    253, 254, 255, 254, 255, 256, 254, 253, 254, 256, 256, 256, 254, 253,
    254, 255, 255, 255, 256, 254, 254, 254, 257, 255, 256, 260, 263, 258,
    266, 264, 267, 268, 273, 273, 278, 285, 276, 279, 276, 282, 280, 285,
    287, 286, 288, 284, 284 ]
headPositionsY: [ 71, 70, 70, 67, 67, 68, 70, 67, 67, 70, 70, 67, 70, 68,
    71, 69, 70, 67, 68, 67, 68, 70, 68, 69, 70, 72, 71, 70, 68, 70, 72,
    73, 69, 72, 70, 70, 70, 71, 68, 69, 69, 69, 68, 73, 73, 69, 70, 72,
    72, 69, 70, 69, 69, 72, 71, 70, 71, 72, 69, 69, 72, 73, 72, 70, 73,
    71, 70, 71, 73, 73, 72, 71, 74, 73, 72, 72, 70, 70, 71, 70, 69, 70,
    71, 71, 70, 68, 70, 70, 71, 69, 65, 65, 68, 65, 67, 71, 71, 68, 67,
    70 ]
