%YAML:1.0
---
videoName: "headLookLeft8.mp4"
gestureLabel: 203
fps: 29
pixelSizeInCmTemp: 3.6287878787878786e-01
faceCenterPointX: 273
faceCenterPointY: 69
headPositionsX: [ 272, 243, 240, 241, 239, 242, 243, 240, 239, 241, 242,
    242, 243, 241, 241, 242, 245, 245, 246, 249, 247, 249, 247, 249, 245,
    246, 247, 249, 244, 248, 245, 247, 246, 249, 248, 248, 247, 246, 246,
    246, 246, 244, 245, 244, 244, 246, 246, 244, 248, 246, 247, 249, 249,
    248, 250, 252, 256, 256, 256, 260, 264, 266, 269, 273, 267, 272, 275,
    280, 282, 272, 277, 277, 277, 275, 278, 278, 276, 276, 277, 280, 276,
    278, 278, 269, 272, 274, 276, 275, 274, 273, 277, 277, 276, 274, 275,
    275, 276, 275, 273, 271 ]
headPositionsY: [ 68, 66, 67, 65, 66, 66, 65, 66, 69, 67, 66, 67, 69, 68,
    69, 68, 67, 67, 67, 70, 67, 69, 70, 71, 71, 70, 71, 73, 72, 72, 72,
    73, 73, 71, 72, 73, 71, 72, 71, 73, 72, 72, 73, 70, 73, 71, 73, 71,
    74, 71, 74, 72, 71, 74, 71, 70, 73, 70, 72, 71, 69, 72, 71, 73, 67,
    71, 71, 73, 71, 67, 70, 69, 69, 69, 69, 70, 69, 67, 69, 72, 68, 69,
    69, 71, 69, 68, 70, 71, 71, 68, 67, 67, 71, 69, 72, 68, 70, 71, 70,
    71 ]
