%YAML:1.0
---
videoName: "headLookLeft0.mp4"
gestureLabel: 203
fps: 29
pixelSizeInCmTemp: 3.6287878787878786e-01
faceCenterPointX: 286
faceCenterPointY: 69
headPositionsX: [ 286, 255, 255, 255, 256, 256, 255, 255, 255, 253, 255,
    254, 255, 256, 255, 254, 254, 251, 252, 253, 254, 255, 255, 253, 256,
    256, 255, 254, 256, 256, 256, 255, 256, 255, 257, 257, 254, 257, 256,
    255, 253, 255, 258, 255, 255, 257, 256, 255, 258, 254, 255, 253, 255,
    255, 253, 254, 257, 255, 253, 253, 254, 257, 254, 255, 253, 257, 253,
    253, 254, 255, 254, 256, 257, 255, 256, 256, 255, 255, 259, 260, 258,
    264, 266, 266, 269, 271, 272, 276, 281, 276, 279, 278, 281, 283, 287,
    288, 284, 284, 285, 286 ]
headPositionsY: [ 70, 68, 69, 69, 69, 68, 69, 69, 69, 70, 70, 71, 69, 72,
    68, 72, 70, 68, 71, 68, 68, 69, 71, 68, 69, 71, 68, 70, 69, 69, 70,
    73, 71, 70, 70, 72, 73, 70, 71, 73, 72, 69, 68, 71, 70, 72, 70, 73,
    69, 70, 71, 71, 70, 72, 72, 71, 70, 70, 70, 70, 70, 71, 73, 73, 73,
    69, 69, 73, 70, 72, 70, 70, 70, 73, 71, 73, 72, 69, 73, 74, 72, 72,
    71, 72, 72, 71, 67, 68, 71, 66, 65, 65, 64, 65, 68, 67, 70, 67, 70,
    71 ]
