%YAML:1.0
---
videoName: "headLookLeft9.mp4"
gestureLabel: 203
fps: 30
pixelSizeInCmTemp: 3.2364864864864862e-01
faceCenterPointX: 273
faceCenterPointY: 69
headPositionsX: [ 271, 245, 247, 250, 246, 246, 247, 246, 247, 245, 247,
    246, 245, 245, 248, 248, 247, 244, 248, 244, 248, 245, 246, 244, 246,
    247, 243, 246, 244, 246, 244, 244, 246, 248, 251, 253, 255, 258, 260,
    259, 266, 264, 268, 268, 266, 268, 271, 269, 272, 274, 270, 271, 273,
    271, 273, 273, 274, 273, 274, 272, 270, 271, 271, 271, 274, 271, 269,
    273, 273, 269, 270, 269, 273, 273, 274, 270, 271, 270, 271, 268, 270,
    268, 269, 268, 272, 268, 268, 272, 272, 270, 271, 273, 272, 269, 272,
    276, 271, 273, 268, 270 ]
headPositionsY: [ 71, 72, 69, 70, 73, 70, 72, 72, 67, 71, 69, 72, 68, 70,
    68, 69, 70, 72, 71, 71, 73, 70, 73, 72, 72, 69, 73, 73, 73, 70, 73,
    70, 71, 70, 71, 70, 69, 66, 65, 68, 69, 66, 66, 69, 66, 68, 65, 66,
    69, 69, 67, 67, 70, 69, 67, 68, 69, 66, 69, 68, 68, 65, 69, 67, 67,
    71, 65, 66, 69, 67, 67, 67, 67, 70, 71, 67, 71, 65, 69, 69, 67, 71,
    66, 69, 69, 66, 67, 70, 68, 66, 68, 69, 68, 69, 66, 66, 70, 71, 70,
    68 ]
