%YAML:1.0
---
videoName: "headLookLeft4.mp4"
gestureLabel: 203
fps: 29
pixelSizeInCmTemp: 3.4710144927536229e-01
faceCenterPointX: 288
faceCenterPointY: 74
headPositionsX: [ 287, 265, 266, 264, 265, 264, 267, 271, 273, 272, 278,
    281, 283, 282, 285, 288, 294, 294, 298, 295, 296, 293, 293, 296, 291,
    294, 295, 298, 296, 292, 295, 295, 295, 292, 290, 296, 293, 293, 295,
    291, 291, 291, 295, 296, 292, 292, 289, 290, 292, 289, 292, 289, 293,
    292, 289, 289, 288, 290, 286, 292, 287, 291, 293, 290, 290, 291, 290,
    287, 288, 289, 290, 290, 288, 294, 289, 288, 294, 287, 291, 291, 291,
    289, 292, 290, 288, 289, 287, 287, 292, 291, 292, 287, 290, 289, 289,
    290, 290, 289, 287, 288 ]
headPositionsY: [ 73, 81, 79, 78, 81, 81, 78, 76, 78, 77, 79, 76, 78, 78,
    77, 75, 77, 77, 76, 80, 76, 78, 76, 76, 75, 74, 74, 79, 76, 79, 77,
    80, 78, 74, 77, 76, 78, 75, 74, 77, 74, 75, 72, 77, 76, 76, 75, 75,
    73, 73, 76, 74, 71, 76, 72, 75, 75, 74, 71, 75, 75, 77, 76, 73, 76,
    77, 73, 73, 76, 73, 73, 73, 77, 77, 76, 73, 79, 74, 79, 76, 77, 72,
    78, 78, 75, 74, 74, 74, 75, 76, 78, 77, 78, 72, 75, 73, 77, 73, 72,
    75 ]
