%YAML:1.0
---
videoName: "headLookLeft6.mp4"
gestureLabel: 203
fps: 29
pixelSizeInCmTemp: 3.2808219178082193e-01
faceCenterPointX: 267
faceCenterPointY: 69
headPositionsX: [ 268, 242, 245, 245, 246, 246, 244, 248, 245, 248, 247,
    247, 244, 247, 244, 244, 246, 245, 246, 244, 247, 243, 247, 246, 246,
    245, 250, 248, 251, 251, 254, 256, 259, 261, 263, 267, 265, 270, 268,
    270, 268, 270, 269, 268, 269, 270, 268, 269, 268, 270, 269, 269, 267,
    269, 268, 268, 265, 270, 266, 266, 270, 265, 270, 269, 270, 267, 265,
    265, 266, 266, 269, 266, 266, 266, 266, 266, 267, 269, 269, 271, 267,
    267, 268, 268, 265, 267, 268, 266, 264, 268, 266, 266, 268, 266, 267,
    265, 266, 267, 270, 266 ]
headPositionsY: [ 69, 74, 71, 71, 72, 71, 73, 71, 72, 73, 70, 74, 74, 71,
    74, 73, 71, 74, 70, 71, 72, 71, 71, 70, 72, 75, 70, 71, 73, 69, 69,
    71, 70, 73, 71, 69, 68, 71, 72, 69, 70, 70, 71, 71, 70, 69, 66, 68,
    69, 70, 67, 68, 69, 70, 72, 68, 72, 69, 68, 68, 70, 69, 68, 69, 69,
    70, 68, 70, 69, 72, 70, 68, 71, 68, 69, 70, 70, 67, 72, 72, 72, 71,
    72, 68, 68, 69, 69, 67, 71, 69, 68, 71, 71, 68, 69, 69, 69, 66, 71,
    66 ]
