%YAML:1.0
---
videoName: "headLookLeft1.mp4"
gestureLabel: 203
fps: 30
pixelSizeInCmTemp: 3.6287878787878786e-01
faceCenterPointX: 276
faceCenterPointY: 73
headPositionsX: [ 278, 256, 255, 254, 259, 255, 257, 259, 256, 255, 257,
    257, 255, 257, 257, 253, 255, 257, 257, 256, 258, 257, 256, 256, 255,
    255, 254, 254, 255, 257, 256, 256, 254, 254, 257, 255, 256, 255, 255,
    258, 254, 259, 256, 254, 258, 255, 255, 258, 255, 256, 256, 256, 254,
    254, 255, 256, 258, 258, 257, 258, 258, 264, 264, 264, 267, 269, 270,
    273, 273, 273, 280, 275, 276, 274, 272, 278, 276, 275, 276, 278, 279,
    276, 280, 278, 279, 280, 275, 282, 281, 276, 277, 278, 280, 275, 274,
    275, 278, 275, 279, 274 ]
headPositionsY: [ 71, 77, 73, 77, 76, 75, 75, 76, 76, 76, 75, 76, 75, 76,
    77, 75, 75, 79, 79, 79, 77, 77, 76, 76, 77, 80, 79, 80, 79, 77, 80,
    76, 79, 78, 80, 76, 80, 78, 78, 76, 79, 79, 76, 80, 80, 78, 76, 77,
    77, 80, 78, 79, 80, 80, 76, 76, 78, 80, 81, 81, 77, 77, 79, 77, 77,
    79, 76, 78, 75, 81, 76, 74, 74, 77, 73, 75, 74, 75, 75, 77, 74, 76,
    75, 77, 78, 75, 76, 77, 75, 78, 75, 76, 76, 74, 77, 74, 74, 78, 73,
    75 ]
