%YAML:1.0
---
videoName: "headLookLeft4.mp4"
gestureLabel: 203
fps: 29
pixelSizeInCmTemp: 3.4710144927536229e-01
faceCenterPointX: 288
faceCenterPointY: 74
headPositionsX: [ 290, 265, 267, 263, 267, 266, 268, 268, 272, 274, 277,
    277, 281, 284, 285, 290, 296, 295, 294, 295, 297, 291, 295, 296, 293,
    297, 291, 297, 296, 296, 292, 293, 296, 293, 291, 293, 295, 293, 295,
    293, 290, 288, 292, 294, 295, 290, 287, 292, 292, 290, 293, 291, 290,
    293, 290, 289, 287, 288, 286, 292, 290, 287, 293, 286, 291, 292, 289,
    288, 286, 289, 288, 289, 289, 291, 287, 292, 293, 286, 293, 291, 291,
    288, 292, 292, 289, 291, 288, 289, 290, 289, 292, 291, 292, 288, 290,
    288, 292, 289, 287, 287 ]
headPositionsY: [ 75, 78, 81, 78, 80, 79, 81, 76, 77, 78, 77, 79, 75, 76,
    75, 77, 79, 77, 74, 82, 74, 76, 77, 75, 73, 75, 78, 79, 78, 78, 79,
    76, 80, 74, 77, 76, 80, 75, 78, 77, 77, 73, 72, 74, 74, 74, 75, 78,
    76, 73, 75, 76, 72, 73, 75, 74, 72, 74, 72, 76, 74, 77, 77, 76, 76,
    76, 76, 73, 75, 73, 72, 75, 73, 74, 72, 76, 76, 73, 78, 72, 76, 74,
    75, 74, 73, 75, 76, 76, 76, 75, 78, 73, 76, 73, 77, 74, 73, 73, 74,
    73 ]
