%YAML:1.0
---
videoName: "headLookLeft9.mp4"
gestureLabel: 203
fps: 30
pixelSizeInCmTemp: 3.2364864864864862e-01
faceCenterPointX: 273
faceCenterPointY: 69
headPositionsX: [ 273, 249, 246, 246, 248, 246, 247, 246, 245, 244, 249,
    248, 244, 244, 247, 245, 247, 248, 245, 248, 248, 244, 244, 243, 248,
    246, 243, 246, 244, 245, 243, 247, 248, 247, 249, 251, 252, 258, 258,
    262, 262, 266, 267, 270, 268, 268, 271, 269, 270, 273, 273, 271, 273,
    269, 270, 270, 274, 270, 271, 271, 270, 274, 271, 271, 274, 271, 271,
    269, 276, 269, 269, 269, 273, 274, 273, 272, 270, 271, 271, 268, 269,
    269, 269, 271, 274, 271, 272, 273, 273, 272, 273, 270, 273, 271, 269,
    275, 272, 271, 271, 269 ]
headPositionsY: [ 70, 70, 70, 69, 72, 68, 70, 71, 67, 69, 69, 70, 68, 72,
    68, 71, 72, 73, 72, 69, 72, 70, 71, 72, 71, 73, 72, 72, 73, 70, 72,
    69, 69, 72, 68, 70, 67, 69, 66, 66, 66, 66, 67, 71, 66, 69, 67, 69,
    66, 70, 67, 68, 69, 68, 66, 69, 67, 69, 66, 68, 67, 66, 69, 70, 68,
    67, 68, 70, 67, 67, 66, 66, 68, 72, 72, 66, 67, 65, 68, 70, 69, 71,
    66, 67, 68, 66, 70, 68, 66, 67, 66, 68, 70, 65, 69, 66, 71, 67, 70,
    69 ]
