%YAML:1.0
---
videoName: "headLookLeft7.mp4"
gestureLabel: 203
fps: 29
pixelSizeInCmTemp: 3.4214285714285714e-01
faceCenterPointX: 268
faceCenterPointY: 68
headPositionsX: [ 267, 248, 244, 246, 247, 243, 245, 244, 247, 246, 246,
    246, 246, 243, 246, 244, 244, 247, 246, 243, 247, 248, 247, 245, 246,
    246, 244, 245, 248, 250, 248, 249, 254, 254, 259, 258, 262, 262, 265,
    265, 268, 263, 266, 266, 264, 268, 270, 265, 267, 270, 268, 270, 268,
    267, 268, 268, 265, 265, 268, 269, 267, 268, 268, 269, 267, 268, 266,
    272, 267, 265, 271, 267, 268, 268, 267, 269, 270, 269, 267, 267, 267,
    269, 272, 266, 270, 267, 270, 271, 266, 269, 269, 267, 267, 270, 267,
    269, 270, 269, 268, 272 ]
headPositionsY: [ 70, 69, 68, 68, 68, 67, 71, 70, 70, 69, 68, 71, 69, 68,
    73, 69, 69, 72, 72, 69, 68, 72, 70, 69, 71, 68, 69, 71, 72, 68, 71,
    67, 69, 67, 70, 69, 69, 67, 70, 70, 67, 67, 70, 66, 66, 70, 69, 70,
    70, 70, 71, 71, 68, 70, 66, 68, 67, 69, 69, 68, 67, 68, 66, 71, 69,
    68, 69, 69, 69, 69, 69, 66, 67, 71, 69, 68, 70, 69, 66, 68, 66, 71,
    70, 67, 69, 68, 70, 66, 70, 69, 68, 67, 70, 71, 67, 70, 68, 66, 72,
    67 ]
