%YAML:1.0
---
videoName: "headLookLeft6.mp4"
gestureLabel: 203
fps: 29
pixelSizeInCmTemp: 3.2808219178082193e-01
faceCenterPointX: 267
faceCenterPointY: 69
headPositionsX: [ 265, 243, 246, 245, 242, 245, 244, 244, 246, 244, 246,
    247, 245, 247, 245, 247, 245, 244, 248, 244, 245, 246, 245, 245, 247,
    247, 248, 248, 250, 255, 255, 259, 259, 263, 265, 265, 267, 268, 269,
    272, 267, 268, 270, 269, 271, 268, 268, 268, 270, 269, 270, 267, 268,
    268, 265, 270, 269, 269, 265, 269, 270, 264, 270, 267, 271, 264, 265,
    269, 269, 268, 267, 267, 267, 266, 264, 265, 268, 267, 270, 270, 266,
    266, 266, 267, 269, 266, 270, 269, 266, 270, 267, 266, 267, 265, 269,
    267, 267, 266, 269, 267 ]
headPositionsY: [ 70, 72, 72, 73, 74, 71, 71, 70, 71, 75, 70, 71, 72, 72,
    70, 74, 71, 75, 71, 72, 70, 70, 73, 72, 71, 71, 72, 71, 71, 70, 69,
    72, 68, 71, 73, 69, 72, 70, 68, 69, 67, 68, 69, 68, 70, 72, 69, 69,
    72, 72, 70, 71, 71, 71, 72, 72, 72, 70, 70, 68, 71, 67, 69, 66, 69,
    69, 72, 67, 72, 68, 69, 70, 72, 69, 66, 68, 72, 67, 71, 69, 72, 70,
    70, 70, 72, 69, 69, 69, 73, 73, 71, 68, 70, 67, 72, 70, 72, 70, 69,
    66 ]
