%YAML:1.0
---
videoName: "headLookLeft5.mp4"
gestureLabel: 203
fps: 30
pixelSizeInCmTemp: 3.5746268656716418e-01
faceCenterPointX: 284
faceCenterPointY: 67
headPositionsX: [ 282, 258, 257, 260, 260, 262, 260, 259, 258, 259, 259,
    261, 258, 261, 262, 260, 262, 263, 261, 265, 263, 267, 270, 267, 273,
    273, 273, 278, 278, 277, 281, 282, 286, 284, 283, 287, 286, 287, 284,
    285, 283, 284, 281, 285, 288, 285, 287, 286, 284, 284, 286, 283, 283,
    281, 285, 285, 282, 283, 286, 283, 284, 284, 282, 285, 283, 281, 283,
    282, 281, 281, 284, 284, 283, 286, 281, 287, 287, 284, 283, 285, 283,
    288, 285, 287, 285, 285, 285, 286, 283, 288, 287, 284, 284, 283, 285,
    286, 282, 284, 282, 285 ]
headPositionsY: [ 65, 72, 73, 72, 70, 71, 69, 70, 73, 69, 73, 72, 72, 74,
    72, 69, 73, 74, 71, 69, 72, 74, 74, 72, 71, 71, 68, 69, 66, 70, 70,
    71, 70, 66, 67, 66, 69, 68, 67, 69, 69, 69, 69, 68, 68, 68, 69, 69,
    70, 69, 68, 69, 68, 70, 68, 69, 67, 67, 69, 69, 69, 69, 68, 70, 69,
    68, 70, 67, 69, 70, 68, 70, 69, 67, 67, 70, 70, 67, 71, 67, 66, 69,
    67, 70, 69, 70, 69, 66, 69, 70, 66, 69, 67, 69, 71, 69, 68, 65, 70,
    70 ]
