%YAML:1.0
---
videoName: "headLookLeft8.mp4"
gestureLabel: 203
fps: 29
pixelSizeInCmTemp: 3.6287878787878786e-01
faceCenterPointX: 273
faceCenterPointY: 69
headPositionsX: [ 271, 240, 241, 243, 243, 239, 242, 243, 241, 241, 240,
    240, 240, 245, 242, 243, 244, 247, 246, 246, 245, 248, 249, 248, 248,
    246, 246, 248, 247, 246, 248, 246, 247, 246, 247, 248, 247, 247, 244,
    245, 243, 243, 246, 246, 246, 245, 248, 247, 246, 244, 248, 249, 247,
    246, 248, 251, 254, 258, 260, 259, 264, 267, 270, 272, 269, 274, 275,
    282, 284, 274, 278, 277, 278, 274, 279, 277, 274, 275, 275, 280, 280,
    278, 278, 269, 271, 274, 276, 276, 277, 274, 276, 276, 275, 277, 278,
    273, 276, 276, 274, 269 ]
headPositionsY: [ 71, 68, 67, 68, 67, 66, 67, 67, 66, 70, 68, 65, 67, 70,
    66, 70, 67, 69, 69, 68, 68, 71, 68, 71, 70, 70, 72, 73, 73, 73, 69,
    69, 74, 71, 74, 71, 71, 73, 74, 70, 73, 73, 70, 70, 72, 74, 74, 74,
    72, 71, 75, 72, 73, 74, 70, 71, 72, 72, 72, 68, 72, 70, 69, 72, 68,
    68, 69, 72, 69, 70, 68, 68, 68, 71, 70, 70, 71, 67, 68, 70, 72, 70,
    71, 69, 67, 70, 69, 69, 70, 71, 69, 70, 68, 67, 72, 70, 71, 67, 70,
    69 ]
