%YAML:1.0
---
videoName: "headLookLeft3.mp4"
gestureLabel: 203
fps: 29
pixelSizeInCmTemp: 3.4214285714285714e-01
faceCenterPointX: 290
faceCenterPointY: 74
headPositionsX: [ 292, 266, 263, 263, 266, 265, 264, 267, 271, 268, 273,
    275, 279, 276, 279, 280, 284, 286, 286, 290, 288, 285, 295, 290, 285,
    286, 297, 290, 286, 283, 287, 290, 291, 289, 287, 288, 285, 289, 292,
    287, 288, 287, 288, 294, 292, 288, 290, 289, 290, 286, 292, 293, 288,
    287, 286, 286, 290, 288, 290, 292, 289, 288, 289, 286, 286, 286, 290,
    287, 287, 291, 289, 288, 285, 284, 287, 286, 287, 287, 285, 288, 287,
    289, 288, 287, 287, 288, 288, 287, 289, 288, 287, 285, 287, 286, 288,
    283, 287, 289, 286, 285 ]
headPositionsY: [ 72, 79, 77, 76, 78, 78, 79, 76, 78, 75, 75, 74, 75, 73,
    76, 75, 74, 73, 76, 75, 72, 72, 73, 74, 73, 74, 76, 76, 75, 70, 75,
    76, 72, 73, 76, 74, 74, 74, 76, 75, 74, 74, 74, 76, 72, 74, 73, 72,
    74, 71, 71, 74, 75, 73, 73, 72, 72, 71, 71, 74, 76, 75, 72, 75, 76,
    73, 75, 74, 75, 73, 72, 75, 74, 74, 72, 76, 76, 76, 77, 71, 75, 76,
    75, 75, 74, 71, 74, 75, 74, 77, 75, 73, 73, 73, 76, 75, 74, 72, 76,
    75 ]
