%YAML:1.0
---
videoName: "headLookLeft4.mp4"
gestureLabel: 203
fps: 29
pixelSizeInCmTemp: 3.4710144927536229e-01
faceCenterPointX: 288
faceCenterPointY: 74
headPositionsX: [ 289, 266, 265, 263, 264, 265, 267, 269, 274, 275, 274,
    278, 283, 285, 287, 288, 293, 292, 298, 294, 295, 293, 294, 298, 293,
    296, 291, 295, 298, 292, 292, 295, 296, 295, 292, 293, 296, 292, 294,
    295, 293, 289, 295, 295, 295, 290, 288, 294, 288, 288, 292, 288, 290,
    292, 292, 288, 291, 292, 287, 292, 287, 287, 291, 287, 289, 292, 288,
    291, 285, 291, 288, 291, 289, 292, 287, 292, 294, 285, 291, 292, 291,
    288, 294, 292, 291, 290, 290, 291, 291, 291, 292, 287, 288, 289, 292,
    289, 291, 290, 289, 287 ]
headPositionsY: [ 73, 78, 81, 79, 79, 79, 78, 78, 80, 76, 79, 77, 76, 76,
    76, 78, 78, 75, 75, 78, 73, 76, 76, 78, 74, 74, 75, 81, 79, 77, 77,
    80, 78, 78, 76, 73, 78, 74, 75, 74, 78, 75, 75, 76, 75, 73, 74, 77,
    75, 76, 76, 76, 75, 74, 72, 75, 75, 74, 71, 73, 75, 76, 77, 72, 72,
    75, 73, 72, 72, 72, 74, 76, 73, 75, 72, 76, 78, 74, 75, 73, 74, 74,
    76, 74, 72, 73, 75, 74, 77, 75, 76, 75, 77, 76, 77, 74, 73, 74, 73,
    75 ]
