%YAML:1.0
---
videoName: "headLookLeft1.mp4"
gestureLabel: 203
fps: 30
pixelSizeInCmTemp: 3.6287878787878786e-01
faceCenterPointX: 276
faceCenterPointY: 73
headPositionsX: [ 275, 256, 255, 256, 255, 256, 255, 256, 256, 254, 255,
    257, 257, 257, 257, 254, 258, 257, 254, 255, 255, 256, 255, 257, 256,
    256, 256, 257, 255, 254, 256, 255, 254, 258, 257, 254, 258, 254, 256,
    255, 258, 257, 254, 255, 254, 253, 256, 257, 256, 257, 254, 257, 256,
    257, 253, 257, 258, 256, 259, 258, 259, 260, 264, 268, 268, 269, 272,
    275, 275, 276, 279, 278, 275, 272, 272, 280, 280, 278, 276, 274, 279,
    280, 276, 279, 280, 279, 278, 282, 277, 276, 280, 276, 280, 274, 275,
    274, 276, 278, 276, 276 ]
headPositionsY: [ 71, 76, 76, 76, 76, 77, 74, 74, 75, 73, 74, 73, 77, 74,
    76, 75, 75, 76, 78, 79, 75, 76, 78, 77, 77, 77, 76, 80, 76, 79, 76,
    79, 79, 79, 76, 79, 80, 80, 76, 77, 78, 76, 78, 77, 77, 81, 78, 78,
    77, 79, 76, 78, 76, 79, 80, 77, 78, 78, 78, 80, 77, 77, 79, 76, 79,
    76, 78, 78, 76, 77, 74, 75, 75, 77, 75, 73, 77, 78, 78, 77, 75, 75,
    76, 76, 75, 78, 75, 77, 77, 77, 77, 76, 76, 75, 74, 75, 77, 77, 75,
    75 ]
