%YAML:1.0
---
videoName: "headLookLeft5.mp4"
gestureLabel: 203
fps: 30
pixelSizeInCmTemp: 3.5746268656716418e-01
faceCenterPointX: 284
faceCenterPointY: 67
headPositionsX: [ 286, 258, 258, 261, 262, 258, 258, 258, 260, 260, 258,
    262, 258, 260, 263, 261, 261, 262, 264, 262, 264, 267, 268, 267, 269,
    271, 276, 278, 278, 279, 281, 283, 285, 282, 283, 286, 287, 284, 284,
    288, 285, 286, 283, 283, 287, 284, 287, 284, 286, 284, 288, 283, 286,
    281, 285, 282, 281, 281, 283, 283, 284, 285, 284, 284, 285, 283, 287,
    285, 284, 280, 285, 284, 282, 284, 282, 287, 286, 285, 284, 283, 285,
    286, 287, 284, 284, 287, 284, 283, 283, 289, 286, 284, 283, 283, 285,
    284, 282, 285, 284, 283 ]
headPositionsY: [ 67, 71, 69, 72, 73, 69, 73, 72, 73, 73, 70, 72, 72, 74,
    72, 69, 74, 73, 72, 69, 73, 70, 73, 71, 72, 71, 68, 68, 67, 69, 67,
    70, 68, 66, 70, 67, 70, 69, 67, 71, 68, 67, 69, 70, 70, 71, 71, 69,
    66, 68, 70, 70, 70, 67, 68, 70, 66, 70, 65, 67, 67, 69, 67, 66, 66,
    68, 67, 70, 65, 69, 71, 71, 67, 70, 66, 71, 69, 68, 67, 66, 67, 67,
    69, 70, 71, 70, 69, 70, 66, 70, 67, 67, 69, 68, 70, 68, 69, 68, 68,
    69 ]
