%YAML:1.0
---
videoName: "headLookLeft6.mp4"
gestureLabel: 203
fps: 29
pixelSizeInCmTemp: 3.2808219178082193e-01
faceCenterPointX: 267
faceCenterPointY: 69
headPositionsX: [ 267, 242, 246, 245, 246, 243, 246, 246, 247, 246, 244,
    247, 244, 244, 244, 246, 247, 244, 246, 246, 244, 247, 247, 247, 245,
    247, 247, 252, 251, 253, 254, 257, 258, 259, 262, 263, 266, 269, 267,
    272, 268, 267, 269, 268, 269, 271, 267, 269, 269, 271, 268, 267, 270,
    267, 266, 272, 267, 268, 268, 268, 268, 265, 267, 267, 267, 268, 267,
    265, 268, 267, 266, 265, 266, 266, 263, 267, 265, 269, 268, 268, 264,
    267, 264, 265, 267, 269, 268, 268, 268, 269, 268, 267, 269, 267, 267,
    269, 267, 265, 269, 268 ]
headPositionsY: [ 67, 74, 71, 72, 71, 71, 72, 72, 71, 75, 73, 70, 73, 72,
    70, 72, 70, 74, 74, 71, 72, 74, 70, 72, 72, 73, 72, 70, 70, 73, 69,
    69, 71, 72, 70, 68, 72, 70, 69, 70, 67, 71, 71, 68, 71, 72, 68, 68,
    70, 69, 68, 67, 70, 69, 71, 68, 69, 68, 72, 70, 69, 68, 72, 66, 72,
    71, 68, 67, 69, 72, 69, 68, 68, 69, 66, 69, 69, 70, 73, 69, 71, 71,
    72, 70, 72, 69, 68, 67, 72, 72, 71, 71, 71, 71, 71, 71, 72, 66, 69,
    67 ]
