%YAML:1.0
---
videoName: "headLookLeft6.mp4"
gestureLabel: 203
fps: 29
pixelSizeInCmTemp: 3.2808219178082193e-01
faceCenterPointX: 267
faceCenterPointY: 69
headPositionsX: [ 267, 244, 244, 246, 244, 244, 246, 245, 246, 247, 245,
    243, 244, 246, 246, 246, 245, 247, 247, 247, 245, 247, 246, 244, 247,
    244, 247, 248, 250, 253, 252, 259, 257, 260, 264, 263, 267, 268, 266,
    268, 270, 269, 268, 269, 271, 267, 267, 269, 270, 271, 266, 265, 268,
    270, 266, 271, 265, 267, 265, 270, 267, 265, 268, 266, 267, 264, 268,
    266, 268, 267, 269, 269, 269, 267, 263, 269, 268, 268, 272, 270, 268,
    268, 264, 269, 269, 269, 267, 269, 266, 271, 266, 268, 266, 269, 270,
    267, 266, 267, 269, 268 ]
headPositionsY: [ 67, 74, 73, 73, 72, 71, 70, 73, 71, 73, 72, 70, 71, 73,
    70, 74, 74, 75, 71, 73, 70, 72, 71, 74, 71, 73, 72, 73, 70, 69, 73,
    72, 70, 73, 73, 71, 70, 69, 69, 72, 69, 70, 68, 69, 68, 70, 70, 70,
    72, 71, 68, 69, 71, 67, 71, 72, 71, 68, 72, 69, 69, 71, 68, 67, 71,
    70, 70, 67, 71, 72, 70, 71, 69, 70, 66, 70, 70, 68, 72, 72, 71, 69,
    72, 71, 69, 68, 71, 71, 70, 71, 71, 67, 71, 69, 68, 67, 71, 66, 72,
    70 ]
