%YAML:1.0
---
videoName: "headLookLeft8.mp4"
gestureLabel: 203
fps: 29
pixelSizeInCmTemp: 3.6287878787878786e-01
faceCenterPointX: 273
faceCenterPointY: 69
headPositionsX: [ 272, 243, 241, 243, 239, 241, 243, 239, 239, 241, 239,
    239, 243, 244, 245, 244, 244, 248, 246, 246, 245, 249, 249, 245, 249,
    248, 244, 249, 244, 249, 248, 245, 244, 246, 247, 245, 244, 248, 246,
    249, 243, 247, 245, 246, 248, 248, 248, 245, 245, 248, 248, 249, 249,
    248, 249, 253, 253, 255, 256, 259, 260, 268, 266, 272, 268, 275, 275,
    281, 283, 273, 278, 277, 276, 275, 279, 279, 273, 274, 278, 280, 279,
    280, 277, 269, 270, 276, 279, 276, 275, 275, 276, 276, 276, 277, 278,
    271, 274, 276, 274, 273 ]
headPositionsY: [ 67, 69, 65, 67, 69, 67, 66, 66, 67, 67, 66, 65, 70, 66,
    66, 68, 67, 69, 71, 68, 69, 68, 67, 71, 68, 71, 68, 71, 69, 70, 69,
    70, 70, 73, 74, 73, 69, 70, 73, 73, 72, 71, 72, 74, 72, 72, 74, 74,
    74, 74, 75, 75, 75, 71, 70, 71, 70, 68, 69, 71, 68, 70, 67, 73, 69,
    69, 67, 71, 72, 69, 67, 68, 70, 69, 69, 69, 69, 67, 67, 69, 68, 72,
    71, 69, 66, 70, 70, 71, 71, 67, 69, 69, 67, 70, 73, 71, 70, 70, 68,
    71 ]
