%YAML:1.0
---
videoName: "headLookLeft2.mp4"
gestureLabel: 203
fps: 29
pixelSizeInCmTemp: 3.6846153846153845e-01
faceCenterPointX: 278
faceCenterPointY: 74
headPositionsX: [ 279, 259, 257, 258, 260, 260, 260, 260, 257, 261, 260,
    258, 260, 259, 260, 258, 258, 262, 262, 263, 265, 264, 265, 267, 268,
    272, 272, 273, 272, 278, 278, 276, 278, 279, 280, 282, 281, 281, 278,
    277, 278, 282, 283, 281, 281, 281, 281, 283, 283, 282, 279, 284, 281,
    279, 280, 282, 278, 271, 277, 279, 283, 278, 281, 279, 281, 279, 279,
    282, 282, 280, 278, 280, 283, 275, 277, 280, 277, 278, 276, 282, 280,
    282, 279, 278, 280, 277, 286, 277, 275, 281, 282, 277, 281, 281, 278,
    281, 283, 282, 285, 281 ]
headPositionsY: [ 75, 75, 75, 76, 77, 73, 75, 77, 75, 74, 76, 77, 74, 77,
    76, 75, 75, 74, 79, 75, 73, 75, 77, 75, 75, 75, 75, 77, 77, 74, 76,
    76, 73, 72, 72, 74, 74, 76, 75, 74, 76, 76, 74, 75, 76, 73, 77, 73,
    75, 75, 74, 76, 72, 77, 75, 74, 74, 73, 73, 77, 73, 71, 72, 76, 74,
    73, 72, 77, 77, 71, 72, 75, 74, 74, 73, 74, 74, 74, 72, 75, 74, 74,
    75, 75, 74, 73, 76, 76, 73, 74, 75, 72, 76, 75, 71, 75, 75, 76, 77,
    71 ]
