%YAML:1.0
---
videoName: "headLookLeft6.mp4"
gestureLabel: 203
fps: 29
pixelSizeInCmTemp: 3.2808219178082193e-01
faceCenterPointX: 267
faceCenterPointY: 69
headPositionsX: [ 268, 243, 245, 244, 243, 246, 244, 246, 246, 245, 244,
    243, 243, 243, 244, 245, 243, 245, 244, 246, 243, 246, 246, 246, 244,
    245, 246, 249, 253, 254, 252, 255, 257, 262, 265, 265, 266, 270, 270,
    272, 267, 269, 269, 267, 270, 270, 271, 270, 267, 269, 267, 265, 268,
    270, 268, 272, 265, 268, 267, 266, 267, 265, 268, 268, 268, 266, 269,
    269, 265, 267, 266, 265, 268, 265, 265, 269, 267, 270, 271, 270, 266,
    267, 265, 269, 267, 270, 268, 265, 264, 268, 266, 269, 268, 269, 269,
    268, 266, 265, 269, 264 ]
headPositionsY: [ 71, 71, 73, 73, 73, 70, 73, 72, 70, 73, 72, 70, 70, 70,
    72, 72, 73, 75, 71, 74, 74, 72, 73, 70, 74, 71, 73, 70, 69, 69, 73,
    71, 69, 70, 69, 67, 70, 71, 72, 69, 71, 71, 68, 69, 68, 71, 66, 71,
    71, 70, 69, 71, 72, 68, 72, 72, 68, 72, 70, 72, 69, 70, 70, 66, 68,
    71, 68, 70, 72, 72, 71, 67, 70, 71, 70, 67, 72, 69, 70, 68, 70, 72,
    70, 69, 71, 68, 72, 71, 72, 69, 72, 70, 70, 68, 69, 69, 68, 70, 71,
    66 ]
