%YAML:1.0
---
videoName: "headLookLeft1.mp4"
gestureLabel: 203
fps: 30
pixelSizeInCmTemp: 3.6287878787878786e-01
faceCenterPointX: 276
faceCenterPointY: 73
headPositionsX: [ 277, 257, 258, 255, 257, 259, 258, 255, 257, 254, 254,
    256, 255, 255, 254, 253, 256, 256, 257, 254, 258, 257, 257, 257, 255,
    255, 258, 257, 256, 255, 255, 259, 256, 258, 256, 256, 255, 257, 257,
    255, 258, 259, 254, 258, 256, 254, 256, 256, 254, 253, 254, 254, 257,
    256, 254, 255, 258, 254, 258, 261, 262, 262, 265, 264, 265, 271, 272,
    275, 273, 273, 280, 275, 273, 273, 273, 281, 276, 274, 275, 277, 278,
    280, 279, 278, 279, 277, 276, 281, 280, 276, 277, 280, 279, 277, 274,
    275, 278, 274, 278, 272 ]
headPositionsY: [ 71, 77, 75, 75, 75, 74, 78, 75, 76, 74, 76, 74, 73, 78,
    75, 75, 77, 75, 77, 78, 78, 77, 78, 75, 79, 77, 79, 80, 78, 77, 77,
    77, 79, 79, 76, 77, 79, 79, 80, 78, 80, 76, 78, 76, 78, 77, 76, 78,
    79, 79, 78, 76, 80, 78, 79, 78, 77, 78, 78, 77, 80, 77, 77, 80, 77,
    77, 79, 78, 78, 80, 74, 76, 75, 76, 73, 74, 73, 77, 75, 76, 77, 75,
    75, 73, 77, 76, 74, 76, 74, 77, 73, 74, 75, 75, 77, 73, 76, 76, 75,
    74 ]
