%YAML:1.0
---
videoName: "headLookLeft8.mp4"
gestureLabel: 203
fps: 29
pixelSizeInCmTemp: 3.6287878787878786e-01
faceCenterPointX: 273
faceCenterPointY: 69
headPositionsX: [ 273, 242, 244, 243, 242, 243, 239, 239, 243, 242, 242,
    239, 242, 244, 243, 246, 247, 245, 249, 248, 249, 246, 248, 249, 245,
    249, 246, 247, 244, 245, 247, 244, 244, 249, 248, 244, 247, 248, 244,
    247, 246, 245, 246, 244, 244, 248, 246, 244, 246, 246, 247, 245, 248,
    250, 250, 253, 255, 256, 259, 260, 262, 265, 269, 274, 267, 274, 277,
    282, 284, 276, 276, 276, 280, 276, 275, 279, 275, 275, 278, 278, 277,
    280, 277, 271, 273, 273, 277, 275, 274, 275, 274, 277, 275, 276, 278,
    275, 274, 277, 275, 272 ]
headPositionsY: [ 70, 69, 67, 68, 67, 69, 69, 68, 70, 68, 69, 67, 66, 68,
    67, 70, 69, 68, 69, 68, 71, 68, 68, 70, 70, 71, 69, 73, 72, 69, 73,
    70, 70, 72, 74, 73, 73, 71, 72, 73, 73, 69, 69, 70, 75, 72, 73, 72,
    71, 72, 73, 72, 73, 72, 71, 72, 72, 68, 70, 67, 72, 70, 67, 73, 71,
    72, 69, 69, 69, 67, 69, 68, 70, 69, 71, 69, 68, 67, 67, 69, 68, 69,
    70, 67, 66, 70, 68, 68, 69, 67, 71, 70, 68, 68, 70, 71, 70, 68, 70,
    68 ]
