%YAML:1.0
---
videoName: "headLookLeft9.mp4"
gestureLabel: 203
fps: 30
pixelSizeInCmTemp: 3.2364864864864862e-01
faceCenterPointX: 273
faceCenterPointY: 69
headPositionsX: [ 272, 245, 249, 249, 246, 249, 249, 248, 248, 247, 249,
    247, 248, 248, 246, 247, 248, 247, 245, 244, 247, 247, 243, 245, 245,
    244, 243, 244, 245, 247, 245, 248, 248, 247, 249, 253, 256, 258, 260,
    260, 262, 266, 269, 271, 265, 269, 272, 272, 270, 273, 269, 274, 270,
    268, 273, 269, 273, 272, 274, 272, 269, 272, 271, 272, 271, 274, 268,
    269, 275, 269, 273, 270, 270, 271, 272, 271, 271, 271, 272, 272, 273,
    272, 267, 271, 272, 267, 272, 271, 272, 271, 272, 271, 272, 271, 272,
    272, 273, 270, 269, 269 ]
headPositionsY: [ 71, 72, 71, 70, 69, 71, 72, 68, 71, 72, 72, 72, 72, 71,
    68, 72, 72, 73, 69, 72, 69, 72, 73, 68, 71, 70, 71, 69, 73, 73, 70,
    70, 73, 73, 72, 72, 71, 66, 68, 66, 69, 68, 69, 69, 66, 68, 69, 69,
    67, 68, 68, 67, 70, 66, 70, 68, 65, 66, 68, 68, 70, 65, 69, 69, 67,
    69, 65, 66, 70, 68, 66, 68, 66, 72, 72, 70, 67, 69, 66, 66, 66, 69,
    66, 71, 67, 68, 67, 67, 68, 66, 69, 68, 70, 67, 66, 70, 72, 68, 71,
    70 ]
