%YAML:1.0
---
videoName: "headLookLeft6.mp4"
gestureLabel: 203
fps: 29
pixelSizeInCmTemp: 3.2808219178082193e-01
faceCenterPointX: 267
faceCenterPointY: 69
headPositionsX: [ 267, 244, 245, 243, 242, 243, 244, 244, 244, 244, 246,
    247, 246, 243, 247, 246, 244, 244, 246, 247, 245, 243, 246, 247, 244,
    248, 247, 248, 249, 255, 252, 256, 259, 261, 265, 266, 266, 269, 267,
    268, 269, 268, 271, 269, 269, 270, 267, 268, 266, 268, 269, 269, 270,
    269, 268, 268, 267, 267, 269, 266, 268, 265, 267, 267, 269, 264, 265,
    268, 267, 265, 265, 266, 267, 266, 266, 265, 265, 267, 271, 270, 268,
    267, 268, 267, 265, 267, 267, 268, 268, 268, 266, 270, 267, 267, 270,
    265, 264, 265, 269, 268 ]
headPositionsY: [ 71, 73, 71, 73, 73, 71, 73, 71, 72, 75, 72, 70, 74, 70,
    74, 72, 72, 71, 73, 73, 74, 71, 73, 70, 70, 74, 74, 71, 70, 72, 72,
    72, 72, 70, 70, 70, 70, 70, 72, 72, 71, 69, 68, 69, 70, 72, 70, 69,
    69, 72, 68, 68, 69, 67, 71, 72, 68, 69, 69, 70, 72, 71, 68, 67, 71,
    68, 72, 69, 70, 72, 72, 69, 70, 71, 67, 70, 70, 68, 69, 71, 69, 68,
    70, 67, 69, 68, 72, 68, 72, 73, 70, 69, 68, 68, 70, 71, 69, 68, 68,
    66 ]
