%YAML:1.0
---
videoName: "headLookLeft0.mp4"
gestureLabel: 203
fps: 29
pixelSizeInCmTemp: 3.6287878787878786e-01
faceCenterPointX: 286
faceCenterPointY: 69
headPositionsX: [ 288, 256, 256, 254, 252, 254, 253, 255, 253, 255, 255,
    253, 252, 256, 253, 254, 251, 251, 255, 251, 252, 253, 256, 256, 255,
    253, 253, 254, 253, 252, 255, 255, 255, 254, 253, 256, 254, 258, 257,
    256, 255, 254, 255, 255, 254, 255, 256, 255, 257, 256, 257, 255, 256,
    256, 254, 255, 256, 255, 253, 255, 257, 256, 255, 254, 253, 255, 254,
    256, 257, 257, 257, 256, 253, 256, 255, 257, 258, 255, 258, 259, 262,
    264, 265, 267, 272, 271, 273, 276, 282, 277, 281, 275, 281, 282, 288,
    285, 286, 285, 285, 286 ]
headPositionsY: [ 69, 71, 70, 70, 70, 67, 69, 69, 69, 67, 70, 71, 68, 71,
    71, 68, 70, 67, 69, 68, 72, 67, 71, 68, 68, 68, 72, 70, 69, 69, 68,
    72, 71, 70, 73, 73, 71, 70, 69, 69, 71, 68, 71, 73, 71, 71, 69, 73,
    69, 70, 69, 72, 72, 71, 69, 73, 74, 71, 71, 73, 72, 70, 70, 72, 72,
    69, 71, 70, 73, 72, 73, 72, 74, 72, 69, 71, 72, 73, 74, 71, 69, 70,
    69, 71, 70, 70, 67, 71, 73, 66, 67, 69, 67, 66, 70, 71, 68, 67, 68,
    70 ]
