%YAML:1.0
---
videoName: "headLookLeft6.mp4"
gestureLabel: 203
fps: 29
pixelSizeInCmTemp: 3.2808219178082193e-01
faceCenterPointX: 267
faceCenterPointY: 69
headPositionsX: [ 266, 243, 245, 243, 243, 244, 247, 248, 244, 247, 246,
    246, 247, 246, 243, 247, 246, 247, 246, 246, 243, 247, 243, 245, 245,
    247, 246, 252, 250, 253, 255, 258, 258, 261, 264, 263, 266, 269, 269,
    268, 266, 271, 269, 268, 269, 270, 267, 267, 269, 267, 266, 268, 270,
    268, 266, 272, 269, 271, 267, 270, 267, 264, 268, 266, 267, 264, 266,
    266, 269, 269, 265, 267, 266, 265, 263, 269, 266, 266, 271, 269, 264,
    266, 266, 269, 268, 266, 268, 269, 266, 267, 267, 266, 268, 266, 269,
    265, 265, 267, 268, 264 ]
headPositionsY: [ 71, 71, 72, 72, 70, 71, 70, 70, 72, 74, 70, 70, 70, 71,
    71, 74, 74, 74, 71, 72, 73, 70, 74, 70, 74, 71, 73, 70, 69, 70, 71,
    70, 70, 70, 73, 69, 69, 68, 68, 72, 70, 68, 69, 71, 70, 68, 68, 70,
    70, 72, 69, 71, 72, 67, 69, 72, 68, 69, 69, 68, 71, 69, 72, 67, 72,
    71, 68, 68, 68, 70, 71, 70, 71, 72, 67, 71, 72, 69, 73, 70, 71, 70,
    70, 68, 69, 69, 70, 71, 71, 70, 68, 70, 72, 68, 69, 70, 72, 67, 71,
    70 ]
