%YAML:1.0
---
videoName: "headLookLeft9.mp4"
gestureLabel: 203
fps: 30
pixelSizeInCmTemp: 3.2364864864864862e-01
faceCenterPointX: 273
faceCenterPointY: 69
headPositionsX: [ 272, 249, 249, 246, 247, 249, 246, 248, 244, 247, 247,
    246, 245, 244, 246, 247, 247, 245, 248, 248, 245, 247, 246, 244, 247,
    247, 244, 247, 247, 247, 247, 244, 246, 249, 251, 253, 254, 255, 258,
    263, 262, 263, 267, 269, 265, 268, 273, 269, 269, 271, 269, 272, 270,
    268, 274, 272, 274, 269, 272, 273, 273, 271, 272, 270, 273, 271, 271,
    270, 276, 270, 272, 271, 272, 273, 274, 271, 270, 267, 270, 272, 271,
    270, 269, 271, 273, 269, 271, 272, 274, 272, 271, 272, 274, 269, 270,
    275, 273, 270, 271, 268 ]
headPositionsY: [ 70, 71, 68, 71, 72, 72, 69, 69, 71, 68, 71, 70, 70, 73,
    68, 72, 69, 70, 70, 70, 73, 71, 70, 69, 73, 69, 70, 73, 72, 72, 72,
    71, 72, 71, 69, 68, 67, 67, 65, 69, 66, 66, 69, 70, 66, 69, 67, 68,
    68, 69, 69, 65, 70, 65, 66, 67, 68, 70, 69, 65, 66, 69, 68, 67, 70,
    67, 67, 69, 67, 67, 69, 66, 68, 69, 72, 69, 70, 68, 69, 66, 66, 67,
    67, 69, 67, 68, 68, 69, 67, 65, 70, 69, 68, 65, 65, 69, 72, 71, 70,
    69 ]
