%YAML:1.0
---
videoName: "headLookLeft2.mp4"
gestureLabel: 203
fps: 29
pixelSizeInCmTemp: 3.6846153846153845e-01
faceCenterPointX: 278
faceCenterPointY: 74
headPositionsX: [ 278, 258, 259, 259, 259, 258, 261, 258, 261, 260, 259,
    259, 260, 260, 260, 258, 260, 263, 262, 264, 264, 266, 264, 267, 269,
    269, 271, 273, 272, 277, 278, 279, 278, 281, 278, 282, 279, 283, 280,
    277, 278, 280, 280, 278, 282, 279, 280, 284, 284, 282, 281, 281, 281,
    280, 279, 281, 280, 271, 280, 281, 283, 275, 281, 282, 278, 278, 280,
    281, 281, 279, 280, 280, 283, 276, 275, 282, 279, 280, 278, 281, 277,
    282, 279, 279, 284, 276, 283, 278, 276, 281, 281, 280, 283, 282, 280,
    279, 282, 279, 287, 281 ]
headPositionsY: [ 73, 75, 76, 75, 74, 77, 77, 75, 78, 76, 77, 74, 75, 74,
    76, 77, 78, 77, 79, 74, 74, 78, 75, 74, 73, 75, 73, 78, 77, 72, 76,
    74, 72, 72, 73, 76, 75, 74, 77, 73, 76, 76, 74, 74, 74, 77, 73, 77,
    77, 73, 72, 78, 76, 73, 75, 73, 75, 75, 72, 74, 73, 71, 72, 75, 72,
    75, 74, 76, 75, 75, 76, 73, 73, 71, 71, 75, 73, 75, 71, 77, 72, 74,
    76, 73, 77, 73, 73, 72, 73, 75, 75, 72, 78, 75, 74, 75, 75, 75, 78,
    72 ]
