%YAML:1.0
---
videoName: "headLookLeft3.mp4"
gestureLabel: 203
fps: 29
pixelSizeInCmTemp: 3.4214285714285714e-01
faceCenterPointX: 290
faceCenterPointY: 74
headPositionsX: [ 292, 262, 263, 263, 263, 264, 267, 266, 271, 270, 272,
    276, 276, 276, 281, 283, 286, 288, 289, 288, 288, 288, 291, 290, 285,
    286, 298, 288, 287, 284, 291, 290, 290, 293, 288, 288, 284, 292, 292,
    286, 287, 289, 291, 297, 292, 288, 289, 290, 293, 287, 290, 293, 288,
    287, 286, 286, 291, 287, 288, 290, 288, 288, 289, 287, 286, 288, 291,
    290, 285, 289, 289, 287, 289, 284, 288, 285, 287, 287, 288, 287, 285,
    285, 287, 287, 289, 288, 291, 288, 289, 289, 285, 285, 286, 290, 287,
    282, 287, 289, 287, 288 ]
headPositionsY: [ 76, 75, 74, 78, 76, 78, 80, 78, 76, 78, 75, 77, 75, 76,
    76, 74, 74, 76, 72, 74, 73, 73, 77, 77, 72, 70, 73, 75, 73, 73, 72,
    72, 74, 76, 75, 74, 71, 73, 74, 76, 74, 71, 71, 74, 73, 72, 75, 75,
    75, 73, 72, 71, 73, 73, 74, 75, 74, 75, 75, 75, 74, 74, 73, 71, 73,
    72, 72, 72, 71, 72, 71, 71, 74, 75, 74, 74, 75, 75, 75, 75, 74, 74,
    71, 72, 76, 75, 75, 73, 74, 76, 74, 73, 76, 76, 76, 73, 74, 71, 76,
    72 ]
