%YAML:1.0
---
videoName: "headLookLeft8.mp4"
gestureLabel: 203
fps: 29
pixelSizeInCmTemp: 3.6287878787878786e-01
faceCenterPointX: 273
faceCenterPointY: 69
headPositionsX: [ 274, 244, 240, 239, 243, 243, 242, 239, 242, 243, 239,
    243, 241, 245, 242, 246, 243, 246, 248, 245, 245, 248, 248, 249, 247,
    245, 244, 249, 248, 248, 244, 247, 246, 245, 247, 248, 245, 244, 245,
    247, 243, 246, 244, 244, 248, 247, 244, 246, 248, 247, 245, 249, 246,
    249, 250, 249, 252, 256, 260, 260, 262, 266, 270, 275, 270, 271, 276,
    283, 284, 272, 275, 275, 280, 277, 275, 278, 273, 273, 278, 280, 278,
    279, 278, 269, 271, 277, 276, 276, 275, 276, 276, 276, 276, 273, 278,
    273, 273, 273, 274, 269 ]
headPositionsY: [ 68, 66, 67, 66, 66, 70, 68, 66, 66, 66, 69, 65, 66, 66,
    69, 67, 67, 68, 67, 71, 67, 70, 71, 71, 70, 69, 69, 72, 71, 69, 72,
    71, 70, 72, 70, 71, 70, 71, 70, 73, 69, 71, 69, 71, 74, 72, 70, 72,
    75, 71, 74, 71, 74, 71, 70, 70, 70, 69, 69, 70, 71, 69, 69, 71, 71,
    69, 68, 71, 73, 71, 69, 69, 72, 71, 68, 67, 69, 71, 71, 71, 70, 68,
    69, 68, 68, 70, 68, 67, 71, 67, 69, 68, 67, 68, 71, 71, 70, 67, 70,
    69 ]
