%YAML:1.0
---
videoName: "headLookLeft3.mp4"
gestureLabel: 203
fps: 29
pixelSizeInCmTemp: 3.4214285714285714e-01
faceCenterPointX: 290
faceCenterPointY: 74
headPositionsX: [ 291, 265, 262, 266, 263, 263, 264, 268, 268, 268, 273,
    274, 277, 276, 281, 284, 283, 285, 290, 288, 290, 287, 292, 292, 286,
    287, 296, 291, 287, 282, 287, 288, 290, 292, 288, 288, 284, 290, 293,
    289, 287, 289, 287, 298, 292, 287, 286, 286, 291, 288, 293, 292, 288,
    288, 289, 286, 291, 289, 289, 292, 288, 290, 290, 288, 285, 286, 287,
    288, 288, 288, 285, 286, 286, 284, 288, 285, 287, 286, 289, 284, 285,
    289, 287, 288, 286, 287, 292, 290, 288, 286, 286, 284, 287, 290, 288,
    284, 289, 289, 287, 287 ]
headPositionsY: [ 76, 75, 74, 77, 77, 75, 78, 77, 79, 77, 74, 75, 75, 77,
    74, 73, 74, 75, 72, 72, 76, 73, 74, 76, 71, 72, 77, 76, 75, 71, 72,
    72, 76, 77, 76, 73, 75, 77, 74, 73, 72, 72, 74, 77, 76, 76, 75, 75,
    74, 74, 71, 75, 72, 76, 76, 72, 76, 73, 74, 77, 75, 71, 76, 75, 74,
    72, 75, 75, 73, 74, 71, 75, 74, 75, 74, 73, 72, 73, 74, 71, 75, 76,
    74, 75, 74, 73, 76, 72, 71, 74, 74, 74, 73, 74, 74, 77, 73, 75, 72,
    72 ]
