%YAML:1.0
---
videoName: "headLookLeft6.mp4"
gestureLabel: 203
fps: 29
pixelSizeInCmTemp: 3.2808219178082193e-01
faceCenterPointX: 267
faceCenterPointY: 69
headPositionsX: [ 268, 245, 242, 243, 245, 245, 248, 245, 247, 247, 247,
    245, 246, 243, 244, 246, 245, 244, 244, 248, 244, 247, 245, 247, 243,
    246, 246, 249, 252, 251, 254, 258, 261, 260, 265, 264, 265, 268, 269,
    272, 267, 268, 270, 268, 267, 270, 271, 270, 266, 269, 266, 265, 270,
    268, 265, 269, 268, 271, 267, 266, 270, 268, 266, 267, 271, 265, 265,
    266, 265, 266, 267, 266, 268, 264, 264, 265, 264, 269, 268, 270, 266,
    269, 264, 266, 267, 270, 267, 268, 264, 270, 269, 268, 267, 268, 268,
    265, 265, 266, 269, 266 ]
headPositionsY: [ 68, 71, 69, 71, 72, 71, 71, 70, 70, 72, 71, 73, 70, 72,
    73, 71, 73, 74, 71, 71, 71, 73, 74, 72, 74, 74, 74, 73, 69, 70, 73,
    70, 70, 73, 69, 68, 72, 71, 72, 72, 68, 70, 71, 71, 70, 68, 70, 69,
    72, 72, 69, 68, 70, 69, 69, 70, 71, 69, 70, 69, 70, 68, 70, 70, 69,
    70, 71, 67, 68, 68, 72, 67, 69, 69, 68, 67, 70, 71, 69, 70, 69, 68,
    69, 68, 68, 67, 68, 69, 72, 70, 70, 70, 71, 71, 69, 67, 68, 66, 69,
    69 ]
