%YAML:1.0
---
videoName: "headLookLeft4.mp4"
gestureLabel: 203
fps: 29
pixelSizeInCmTemp: 3.4710144927536229e-01
faceCenterPointX: 288
faceCenterPointY: 74
headPositionsX: [ 289, 264, 264, 263, 266, 267, 267, 269, 275, 272, 275,
    281, 280, 283, 288, 291, 293, 296, 296, 295, 296, 292, 294, 296, 293,
    295, 294, 299, 298, 294, 292, 293, 293, 295, 292, 292, 295, 292, 294,
    292, 289, 290, 296, 296, 294, 288, 290, 290, 290, 292, 290, 292, 290,
    289, 292, 286, 289, 290, 289, 292, 290, 289, 290, 288, 287, 294, 287,
    287, 288, 289, 288, 293, 287, 293, 289, 292, 290, 287, 294, 292, 292,
    288, 293, 293, 292, 291, 288, 290, 292, 291, 291, 287, 290, 288, 288,
    288, 291, 287, 286, 291 ]
headPositionsY: [ 74, 79, 78, 80, 79, 77, 81, 78, 80, 79, 78, 76, 79, 79,
    79, 75, 77, 78, 74, 82, 75, 79, 74, 74, 77, 75, 75, 77, 75, 76, 75,
    76, 76, 77, 74, 73, 80, 73, 77, 78, 77, 76, 73, 76, 76, 76, 72, 75,
    76, 74, 76, 74, 73, 76, 72, 72, 72, 77, 74, 75, 73, 75, 75, 75, 75,
    76, 73, 74, 72, 74, 74, 74, 73, 74, 73, 73, 78, 73, 78, 75, 74, 76,
    78, 75, 72, 72, 73, 75, 76, 74, 74, 76, 74, 75, 77, 75, 76, 73, 73,
    77 ]
