%YAML:1.0
---
videoName: "headLookLeft0.mp4"
gestureLabel: 203
fps: 29
pixelSizeInCmTemp: 3.6287878787878786e-01
faceCenterPointX: 286
faceCenterPointY: 69
headPositionsX: [ 288, 255, 255, 253, 253, 256, 254, 254, 255, 251, 251,
    254, 254, 254, 253, 253, 251, 255, 255, 253, 254, 255, 253, 257, 256,
    255, 254, 255, 252, 254, 254, 255, 253, 256, 255, 255, 256, 257, 256,
    255, 257, 254, 257, 255, 255, 258, 253, 257, 258, 255, 253, 256, 255,
    253, 255, 254, 254, 255, 253, 255, 254, 253, 255, 256, 254, 253, 256,
    255, 255, 254, 253, 258, 254, 256, 254, 257, 255, 254, 259, 259, 258,
    264, 267, 265, 269, 272, 272, 278, 284, 279, 282, 275, 280, 282, 287,
    287, 284, 288, 286, 284 ]
headPositionsY: [ 71, 68, 68, 70, 69, 67, 66, 66, 68, 69, 68, 69, 69, 71,
    68, 72, 71, 69, 67, 71, 70, 69, 69, 72, 70, 71, 69, 72, 67, 69, 72,
    70, 68, 71, 71, 69, 69, 73, 70, 71, 70, 72, 68, 71, 71, 72, 72, 73,
    73, 72, 69, 71, 70, 71, 72, 72, 72, 73, 73, 70, 71, 69, 71, 72, 72,
    73, 72, 69, 70, 72, 71, 71, 72, 69, 73, 74, 70, 71, 74, 71, 73, 70,
    71, 72, 72, 67, 69, 71, 73, 69, 67, 69, 64, 65, 68, 69, 67, 68, 70,
    68 ]
