%YAML:1.0
---
videoName: "headLookLeft1.mp4"
gestureLabel: 203
fps: 30
pixelSizeInCmTemp: 3.6287878787878786e-01
faceCenterPointX: 276
faceCenterPointY: 73
headPositionsX: [ 276, 255, 257, 258, 259, 258, 259, 259, 257, 257, 255,
    258, 255, 255, 256, 257, 255, 256, 254, 255, 259, 257, 258, 255, 258,
    255, 254, 254, 257, 256, 256, 255, 255, 257, 254, 254, 258, 258, 258,
    254, 257, 258, 255, 254, 258, 253, 258, 258, 254, 256, 254, 255, 253,
    257, 255, 255, 259, 256, 255, 257, 260, 264, 261, 268, 267, 271, 274,
    276, 272, 274, 277, 276, 275, 275, 271, 278, 277, 274, 274, 278, 278,
    280, 280, 278, 279, 276, 277, 279, 280, 277, 281, 279, 276, 275, 272,
    275, 280, 276, 279, 276 ]
headPositionsY: [ 72, 78, 74, 73, 74, 74, 77, 78, 75, 76, 74, 73, 75, 75,
    77, 76, 77, 76, 77, 79, 78, 77, 78, 79, 78, 80, 79, 80, 78, 80, 80,
    77, 79, 77, 79, 79, 78, 81, 76, 76, 77, 79, 77, 77, 76, 81, 79, 78,
    76, 76, 79, 76, 79, 78, 76, 76, 78, 80, 78, 80, 80, 78, 76, 78, 75,
    79, 77, 79, 75, 81, 77, 73, 77, 73, 74, 75, 75, 78, 75, 75, 77, 77,
    76, 75, 76, 76, 76, 74, 76, 78, 74, 75, 72, 77, 73, 76, 75, 74, 74,
    71 ]
