%YAML:1.0
---
videoName: "headLookLeft9.mp4"
gestureLabel: 203
fps: 30
pixelSizeInCmTemp: 3.2364864864864862e-01
faceCenterPointX: 273
faceCenterPointY: 69
headPositionsX: [ 273, 247, 246, 247, 249, 247, 247, 244, 244, 246, 245,
    245, 244, 247, 244, 246, 244, 248, 248, 248, 246, 243, 245, 245, 245,
    246, 245, 246, 245, 243, 243, 246, 247, 250, 249, 251, 254, 259, 258,
    260, 266, 263, 270, 270, 267, 269, 271, 272, 269, 273, 270, 273, 269,
    270, 270, 273, 273, 271, 274, 272, 270, 270, 269, 272, 271, 273, 272,
    273, 273, 273, 271, 271, 271, 272, 271, 273, 272, 268, 272, 272, 272,
    269, 267, 269, 271, 268, 270, 271, 274, 273, 273, 272, 270, 267, 272,
    275, 270, 273, 268, 270 ]
headPositionsY: [ 70, 73, 68, 70, 73, 72, 71, 71, 71, 71, 72, 71, 71, 73,
    68, 70, 73, 71, 71, 70, 70, 72, 71, 71, 69, 73, 71, 73, 73, 70, 73,
    71, 71, 73, 68, 68, 68, 68, 67, 70, 69, 68, 70, 71, 70, 68, 69, 68,
    69, 68, 66, 64, 68, 66, 67, 65, 65, 69, 68, 69, 69, 66, 69, 70, 68,
    69, 68, 67, 67, 68, 67, 67, 70, 69, 72, 66, 71, 66, 68, 66, 66, 71,
    66, 68, 71, 66, 70, 68, 67, 65, 70, 70, 66, 66, 67, 67, 70, 68, 70,
    68 ]
