%YAML:1.0
---
videoName: "headLookLeft7.mp4"
gestureLabel: 203
fps: 29
pixelSizeInCmTemp: 3.4214285714285714e-01
faceCenterPointX: 268
faceCenterPointY: 68
headPositionsX: [ 266, 248, 248, 243, 247, 245, 248, 247, 246, 243, 247,
    244, 244, 246, 247, 243, 245, 245, 244, 247, 244, 245, 247, 246, 246,
    245, 248, 248, 245, 247, 247, 251, 251, 255, 259, 257, 262, 264, 265,
    266, 269, 267, 268, 266, 265, 269, 271, 265, 268, 268, 266, 268, 269,
    270, 266, 270, 266, 265, 267, 272, 267, 269, 268, 267, 267, 266, 264,
    271, 267, 266, 269, 266, 269, 266, 269, 270, 268, 268, 264, 270, 269,
    268, 269, 266, 270, 269, 270, 268, 264, 269, 268, 268, 271, 271, 268,
    270, 270, 268, 271, 268 ]
headPositionsY: [ 69, 67, 71, 67, 72, 71, 67, 71, 70, 71, 69, 71, 69, 71,
    69, 69, 69, 72, 69, 70, 72, 72, 71, 72, 69, 69, 68, 70, 69, 70, 72,
    70, 66, 71, 71, 69, 68, 69, 70, 70, 66, 66, 66, 67, 67, 66, 67, 68,
    67, 66, 71, 67, 66, 67, 67, 70, 70, 69, 66, 69, 68, 70, 67, 68, 68,
    67, 69, 71, 68, 67, 67, 68, 70, 70, 69, 67, 71, 69, 69, 68, 67, 70,
    69, 70, 67, 66, 70, 69, 68, 68, 68, 68, 71, 69, 67, 71, 68, 66, 72,
    71 ]
