%YAML:1.0
---
videoName: "headLookLeft1.mp4"
gestureLabel: 203
fps: 30
pixelSizeInCmTemp: 3.6287878787878786e-01
faceCenterPointX: 276
faceCenterPointY: 73
headPositionsX: [ 275, 255, 257, 258, 257, 257, 256, 255, 255, 254, 257,
    254, 255, 254, 258, 256, 254, 254, 258, 257, 258, 254, 257, 258, 258,
    256, 254, 256, 256, 257, 258, 259, 258, 256, 256, 255, 254, 255, 258,
    254, 256, 255, 255, 257, 256, 255, 256, 258, 253, 254, 256, 255, 257,
    254, 257, 255, 257, 255, 259, 261, 258, 264, 265, 264, 268, 268, 270,
    272, 275, 273, 278, 278, 276, 271, 271, 280, 277, 277, 275, 277, 280,
    279, 280, 277, 281, 278, 274, 278, 281, 278, 280, 277, 278, 274, 275,
    278, 278, 278, 279, 273 ]
headPositionsY: [ 72, 76, 76, 75, 77, 76, 75, 74, 74, 76, 77, 74, 73, 76,
    78, 74, 77, 79, 75, 75, 78, 77, 76, 75, 76, 76, 75, 76, 78, 79, 76,
    77, 80, 80, 77, 75, 77, 77, 77, 76, 81, 79, 80, 80, 79, 79, 79, 81,
    76, 77, 79, 80, 80, 77, 76, 77, 79, 80, 78, 78, 80, 78, 76, 77, 77,
    78, 76, 76, 77, 79, 75, 73, 73, 75, 73, 73, 74, 75, 75, 77, 76, 76,
    72, 76, 77, 74, 76, 78, 76, 76, 73, 77, 72, 74, 73, 76, 74, 75, 74,
    72 ]
