%YAML:1.0
---
videoName: "headLookLeft5.mp4"
gestureLabel: 203
fps: 30
pixelSizeInCmTemp: 3.5746268656716418e-01
faceCenterPointX: 284
faceCenterPointY: 67
headPositionsX: [ 284, 259, 261, 260, 258, 262, 258, 258, 261, 260, 261,
    263, 262, 259, 263, 264, 263, 265, 261, 262, 262, 265, 267, 270, 270,
    271, 276, 275, 279, 280, 282, 282, 286, 283, 287, 284, 287, 285, 284,
    285, 285, 286, 285, 283, 288, 285, 287, 285, 287, 287, 289, 283, 285,
    281, 285, 285, 283, 284, 283, 285, 285, 281, 284, 281, 282, 281, 285,
    283, 283, 283, 285, 283, 285, 282, 281, 286, 289, 282, 285, 284, 286,
    287, 284, 284, 283, 284, 284, 286, 283, 285, 286, 285, 284, 286, 283,
    284, 282, 281, 283, 284 ]
headPositionsY: [ 65, 71, 73, 73, 73, 73, 70, 73, 74, 72, 74, 73, 72, 70,
    73, 70, 72, 73, 70, 70, 74, 71, 72, 68, 68, 69, 69, 69, 70, 67, 70,
    69, 67, 70, 70, 67, 67, 68, 66, 67, 70, 70, 65, 68, 67, 70, 69, 67,
    70, 69, 66, 71, 67, 66, 66, 66, 69, 69, 65, 70, 66, 70, 66, 68, 69,
    68, 69, 70, 65, 69, 67, 67, 69, 67, 68, 69, 67, 70, 68, 68, 68, 67,
    68, 70, 71, 71, 69, 68, 66, 70, 68, 68, 67, 69, 68, 70, 67, 65, 66,
    69 ]
