%YAML:1.0
---
videoName: "headLookLeft7.mp4"
gestureLabel: 203
fps: 29
pixelSizeInCmTemp: 3.4214285714285714e-01
faceCenterPointX: 268
faceCenterPointY: 68
headPositionsX: [ 268, 245, 245, 244, 247, 247, 245, 248, 247, 247, 247,
    243, 247, 247, 245, 244, 246, 243, 245, 245, 246, 247, 246, 243, 247,
    244, 246, 247, 245, 250, 250, 250, 251, 255, 257, 257, 262, 262, 264,
    264, 266, 266, 268, 265, 265, 269, 267, 266, 269, 266, 268, 270, 270,
    270, 268, 270, 267, 265, 269, 271, 268, 271, 267, 270, 270, 266, 267,
    272, 266, 269, 267, 265, 270, 267, 269, 270, 271, 267, 267, 271, 267,
    268, 270, 269, 269, 268, 266, 268, 264, 272, 271, 269, 268, 270, 267,
    272, 269, 268, 271, 268 ]
headPositionsY: [ 69, 66, 70, 70, 68, 68, 69, 71, 70, 69, 69, 71, 69, 68,
    72, 72, 71, 72, 72, 70, 69, 69, 70, 71, 68, 72, 70, 68, 68, 70, 72,
    69, 67, 69, 67, 68, 70, 67, 68, 67, 67, 65, 68, 70, 65, 68, 71, 70,
    69, 70, 71, 71, 67, 68, 67, 67, 69, 69, 68, 71, 68, 70, 69, 68, 69,
    68, 68, 68, 69, 68, 67, 68, 68, 71, 69, 70, 69, 68, 69, 72, 67, 69,
    72, 66, 67, 66, 69, 67, 70, 70, 71, 71, 70, 69, 67, 71, 68, 66, 70,
    69 ]
