%YAML:1.0
---
videoName: "headLookLeft2.mp4"
gestureLabel: 203
fps: 29
pixelSizeInCmTemp: 3.6846153846153845e-01
faceCenterPointX: 278
faceCenterPointY: 74
headPositionsX: [ 276, 260, 259, 258, 261, 260, 257, 259, 257, 261, 262,
    258, 257, 259, 262, 260, 260, 262, 260, 262, 263, 263, 264, 268, 266,
    272, 272, 273, 272, 275, 278, 276, 274, 277, 279, 282, 281, 283, 278,
    280, 280, 279, 281, 282, 278, 282, 283, 282, 287, 282, 278, 281, 283,
    280, 280, 281, 280, 273, 278, 281, 281, 279, 280, 279, 281, 280, 282,
    282, 279, 281, 280, 281, 280, 276, 275, 281, 277, 278, 276, 282, 280,
    278, 280, 281, 280, 276, 286, 280, 276, 282, 284, 281, 281, 278, 277,
    277, 281, 283, 286, 280 ]
headPositionsY: [ 74, 74, 74, 75, 73, 73, 74, 75, 76, 78, 75, 78, 74, 76,
    74, 77, 74, 76, 79, 78, 77, 77, 78, 73, 73, 75, 72, 76, 77, 76, 72,
    74, 74, 73, 73, 77, 73, 74, 74, 76, 72, 76, 77, 75, 73, 76, 76, 76,
    76, 76, 72, 74, 74, 76, 72, 77, 72, 75, 71, 77, 75, 72, 76, 75, 74,
    75, 75, 77, 76, 72, 73, 74, 77, 74, 72, 75, 72, 76, 74, 77, 72, 73,
    75, 73, 77, 74, 73, 76, 73, 75, 75, 75, 78, 72, 75, 76, 76, 75, 77,
    73 ]
