%YAML:1.0
---
videoName: "headLookLeft4.mp4"
gestureLabel: 203
fps: 29
pixelSizeInCmTemp: 3.4710144927536229e-01
faceCenterPointX: 288
faceCenterPointY: 74
headPositionsX: [ 289, 266, 265, 267, 267, 267, 267, 270, 275, 275, 278,
    281, 279, 283, 288, 287, 294, 295, 298, 298, 296, 291, 297, 296, 293,
    297, 292, 299, 297, 292, 294, 295, 293, 291, 292, 296, 295, 292, 296,
    294, 293, 288, 294, 293, 296, 292, 291, 291, 289, 291, 291, 291, 290,
    293, 288, 287, 291, 288, 290, 291, 290, 288, 291, 290, 288, 293, 287,
    290, 286, 289, 288, 293, 289, 292, 288, 292, 292, 289, 291, 289, 290,
    290, 291, 290, 289, 290, 291, 291, 291, 291, 292, 289, 289, 286, 292,
    287, 292, 289, 288, 287 ]
headPositionsY: [ 75, 77, 81, 77, 81, 77, 80, 77, 76, 76, 79, 79, 76, 75,
    75, 76, 75, 77, 77, 78, 73, 78, 76, 78, 75, 75, 74, 81, 76, 75, 78,
    76, 80, 78, 74, 77, 79, 75, 78, 74, 77, 73, 76, 77, 75, 74, 76, 77,
    72, 76, 76, 74, 72, 74, 76, 73, 76, 74, 72, 76, 72, 74, 75, 72, 74,
    77, 72, 72, 74, 72, 75, 75, 76, 78, 73, 73, 75, 74, 76, 76, 74, 72,
    78, 74, 75, 76, 72, 73, 75, 77, 78, 77, 76, 73, 75, 76, 73, 74, 76,
    76 ]
