%YAML:1.0
---
videoName: "headLookLeft2.mp4"
gestureLabel: 203
fps: 29
pixelSizeInCmTemp: 3.6846153846153845e-01
faceCenterPointX: 278
faceCenterPointY: 74
headPositionsX: [ 277, 256, 261, 258, 259, 258, 260, 260, 260, 260, 259,
    258, 260, 259, 260, 260, 262, 261, 262, 262, 265, 265, 267, 269, 266,
    271, 269, 271, 274, 274, 278, 275, 277, 280, 279, 279, 281, 279, 277,
    278, 279, 280, 281, 281, 282, 280, 279, 283, 285, 282, 282, 283, 282,
    280, 276, 280, 278, 273, 277, 279, 281, 276, 278, 278, 278, 277, 279,
    285, 281, 278, 279, 282, 280, 275, 276, 280, 276, 282, 279, 283, 277,
    279, 281, 279, 283, 277, 284, 280, 277, 282, 280, 280, 282, 278, 278,
    280, 283, 281, 288, 282 ]
headPositionsY: [ 75, 74, 77, 74, 74, 75, 76, 75, 77, 77, 74, 77, 77, 74,
    74, 74, 75, 73, 77, 74, 75, 76, 76, 75, 73, 76, 72, 78, 76, 76, 72,
    75, 72, 76, 71, 78, 76, 75, 73, 74, 74, 74, 73, 76, 75, 77, 77, 73,
    77, 75, 72, 74, 75, 77, 75, 77, 72, 74, 72, 77, 76, 73, 74, 76, 75,
    75, 75, 76, 77, 75, 72, 74, 76, 74, 71, 74, 74, 74, 72, 74, 75, 71,
    76, 73, 74, 70, 72, 75, 74, 76, 75, 73, 75, 73, 73, 74, 73, 75, 78,
    75 ]
