%YAML:1.0
---
videoName: "headLookLeft7.mp4"
gestureLabel: 203
fps: 29
pixelSizeInCmTemp: 3.4214285714285714e-01
faceCenterPointX: 268
faceCenterPointY: 68
headPositionsX: [ 267, 247, 245, 243, 244, 244, 244, 246, 245, 243, 244,
    246, 247, 245, 244, 244, 246, 246, 247, 247, 243, 245, 247, 246, 244,
    244, 247, 248, 246, 247, 246, 251, 251, 256, 258, 259, 261, 264, 262,
    265, 266, 267, 266, 265, 268, 266, 267, 267, 267, 269, 264, 268, 269,
    267, 265, 270, 269, 266, 265, 268, 266, 271, 266, 270, 268, 266, 264,
    270, 266, 268, 270, 267, 268, 268, 268, 270, 269, 267, 268, 267, 269,
    271, 269, 267, 270, 269, 269, 268, 264, 272, 272, 267, 270, 269, 267,
    268, 268, 269, 268, 272 ]
headPositionsY: [ 67, 67, 71, 68, 68, 67, 70, 70, 68, 68, 69, 70, 72, 71,
    71, 72, 70, 70, 72, 72, 68, 69, 70, 71, 70, 72, 72, 72, 70, 72, 70,
    67, 67, 71, 71, 70, 69, 69, 70, 68, 68, 65, 68, 68, 65, 69, 70, 67,
    71, 67, 68, 69, 66, 67, 66, 70, 69, 67, 65, 71, 70, 68, 69, 69, 70,
    68, 68, 72, 67, 71, 69, 67, 67, 72, 67, 68, 67, 69, 66, 70, 65, 70,
    71, 70, 71, 66, 69, 69, 69, 72, 70, 71, 68, 70, 71, 70, 70, 66, 69,
    67 ]
