%YAML:1.0
---
videoName: "headLookLeft7.mp4"
gestureLabel: 203
fps: 29
pixelSizeInCmTemp: 3.4214285714285714e-01
faceCenterPointX: 268
faceCenterPointY: 68
headPositionsX: [ 270, 245, 244, 245, 244, 243, 247, 247, 247, 246, 245,
    245, 243, 246, 245, 242, 245, 246, 244, 244, 244, 244, 248, 244, 247,
    243, 245, 246, 248, 250, 250, 248, 251, 255, 258, 258, 263, 263, 264,
    265, 265, 265, 267, 266, 268, 268, 267, 269, 269, 268, 267, 268, 269,
    266, 267, 267, 265, 265, 267, 270, 266, 267, 266, 266, 269, 267, 265,
    272, 264, 269, 268, 269, 270, 269, 270, 267, 268, 268, 268, 270, 266,
    271, 268, 267, 271, 269, 270, 267, 268, 268, 272, 268, 267, 267, 269,
    270, 271, 268, 271, 272 ]
headPositionsY: [ 70, 70, 68, 68, 71, 67, 70, 71, 70, 67, 70, 72, 69, 69,
    71, 70, 68, 72, 68, 70, 72, 71, 71, 72, 68, 68, 72, 72, 68, 69, 70,
    67, 68, 71, 69, 67, 66, 70, 70, 69, 66, 69, 67, 70, 69, 68, 67, 68,
    68, 70, 70, 71, 68, 67, 67, 71, 67, 66, 65, 69, 69, 71, 66, 68, 71,
    69, 67, 69, 68, 67, 70, 70, 67, 72, 67, 70, 70, 66, 69, 71, 66, 68,
    69, 66, 68, 68, 66, 66, 69, 68, 69, 68, 67, 68, 68, 69, 68, 67, 68,
    71 ]
