%YAML:1.0
---
videoName: "headLookLeft2.mp4"
gestureLabel: 203
fps: 29
pixelSizeInCmTemp: 3.6846153846153845e-01
faceCenterPointX: 278
faceCenterPointY: 74
headPositionsX: [ 280, 256, 260, 261, 259, 258, 260, 258, 261, 258, 262,
    261, 261, 262, 261, 261, 259, 263, 264, 263, 264, 264, 264, 265, 269,
    271, 271, 273, 274, 275, 277, 277, 277, 280, 279, 283, 278, 283, 280,
    278, 280, 280, 284, 278, 280, 278, 279, 284, 285, 280, 279, 281, 282,
    281, 277, 282, 281, 270, 278, 278, 284, 275, 279, 279, 281, 280, 280,
    281, 282, 282, 282, 281, 280, 276, 276, 283, 278, 280, 280, 281, 277,
    281, 278, 281, 284, 276, 282, 281, 278, 281, 280, 278, 283, 282, 279,
    279, 280, 281, 287, 278 ]
headPositionsY: [ 75, 73, 73, 77, 74, 76, 76, 77, 74, 75, 74, 78, 73, 77,
    74, 78, 78, 77, 77, 75, 74, 74, 76, 74, 75, 75, 73, 76, 77, 73, 76,
    76, 73, 73, 72, 77, 73, 74, 74, 76, 76, 73, 73, 75, 76, 77, 75, 77,
    76, 76, 74, 76, 74, 77, 73, 75, 76, 75, 74, 77, 74, 73, 72, 73, 73,
    75, 72, 75, 75, 75, 76, 76, 74, 74, 74, 77, 71, 73, 75, 75, 72, 75,
    74, 73, 74, 70, 76, 74, 73, 72, 76, 72, 77, 75, 74, 72, 72, 77, 78,
    75 ]
