%YAML:1.0
---
videoName: "headLookLeft0.mp4"
gestureLabel: 203
fps: 29
pixelSizeInCmTemp: 3.6287878787878786e-01
faceCenterPointX: 286
faceCenterPointY: 69
headPositionsX: [ 285, 254, 255, 253, 255, 253, 251, 254, 255, 251, 253,
    251, 253, 255, 251, 253, 252, 254, 252, 255, 255, 254, 252, 253, 254,
    257, 256, 257, 252, 256, 256, 254, 255, 252, 257, 257, 254, 256, 257,
    258, 257, 257, 256, 255, 258, 254, 253, 257, 257, 253, 253, 255, 254,
    254, 254, 256, 256, 256, 255, 254, 253, 253, 254, 254, 255, 253, 252,
    254, 257, 253, 257, 258, 253, 256, 253, 256, 258, 258, 260, 260, 259,
    263, 266, 267, 268, 274, 275, 278, 283, 279, 280, 275, 283, 283, 286,
    288, 285, 288, 286, 287 ]
headPositionsY: [ 69, 70, 68, 69, 66, 70, 68, 69, 67, 70, 70, 68, 71, 69,
    70, 72, 71, 71, 69, 67, 70, 70, 67, 71, 68, 72, 70, 72, 71, 71, 72,
    72, 72, 68, 73, 71, 72, 70, 70, 73, 69, 68, 72, 70, 71, 72, 70, 74,
    71, 71, 72, 72, 71, 70, 69, 71, 71, 69, 71, 70, 71, 70, 74, 69, 72,
    73, 72, 72, 72, 72, 73, 70, 70, 71, 70, 73, 69, 70, 74, 70, 70, 72,
    69, 71, 70, 70, 68, 67, 70, 65, 67, 69, 68, 67, 71, 68, 70, 71, 71,
    71 ]
