%YAML:1.0
---
videoName: "headLookLeft4.mp4"
gestureLabel: 203
fps: 29
pixelSizeInCmTemp: 3.4710144927536229e-01
faceCenterPointX: 288
faceCenterPointY: 74
headPositionsX: [ 287, 264, 265, 265, 266, 268, 267, 272, 274, 274, 278,
    281, 282, 284, 287, 288, 293, 296, 298, 298, 296, 292, 294, 298, 290,
    296, 291, 296, 298, 292, 294, 296, 292, 292, 290, 293, 292, 293, 294,
    292, 290, 292, 296, 297, 295, 292, 289, 291, 289, 289, 290, 289, 289,
    291, 288, 289, 288, 289, 290, 292, 291, 291, 289, 290, 288, 293, 290,
    287, 285, 292, 287, 289, 288, 292, 287, 288, 292, 286, 291, 288, 290,
    288, 291, 291, 292, 289, 289, 288, 291, 289, 290, 288, 290, 287, 288,
    290, 291, 289, 287, 289 ]
headPositionsY: [ 76, 78, 80, 81, 77, 78, 79, 78, 80, 75, 76, 79, 75, 79,
    76, 77, 79, 78, 74, 79, 74, 78, 77, 76, 73, 77, 74, 77, 78, 79, 79,
    76, 78, 74, 77, 75, 82, 74, 75, 78, 77, 74, 72, 73, 74, 74, 74, 74,
    75, 76, 72, 73, 72, 75, 76, 72, 75, 75, 71, 77, 74, 77, 76, 73, 76,
    75, 75, 75, 75, 76, 74, 74, 76, 74, 72, 77, 78, 73, 77, 76, 78, 76,
    76, 78, 72, 74, 75, 75, 76, 76, 78, 74, 77, 75, 73, 74, 76, 73, 72,
    77 ]
