%YAML:1.0
---
videoName: "headLookLeft1.mp4"
gestureLabel: 203
fps: 30
pixelSizeInCmTemp: 3.6287878787878786e-01
faceCenterPointX: 276
faceCenterPointY: 73
headPositionsX: [ 277, 256, 256, 255, 255, 256, 256, 259, 258, 256, 258,
    257, 256, 258, 258, 254, 257, 258, 257, 258, 256, 255, 259, 258, 255,
    257, 254, 257, 258, 258, 256, 258, 254, 254, 254, 255, 254, 258, 256,
    255, 254, 257, 257, 254, 258, 255, 258, 255, 254, 253, 254, 256, 257,
    255, 257, 255, 255, 257, 256, 260, 258, 262, 264, 267, 267, 269, 271,
    272, 272, 273, 279, 277, 276, 271, 274, 281, 276, 278, 275, 275, 281,
    278, 279, 279, 280, 278, 277, 279, 281, 277, 281, 278, 279, 277, 273,
    274, 279, 274, 275, 275 ]
headPositionsY: [ 75, 78, 73, 76, 75, 77, 77, 78, 74, 73, 74, 75, 73, 76,
    74, 77, 76, 75, 76, 75, 79, 77, 78, 77, 75, 78, 78, 78, 75, 76, 77,
    78, 79, 80, 79, 76, 79, 77, 79, 77, 81, 76, 79, 80, 76, 78, 80, 79,
    80, 78, 77, 77, 79, 80, 76, 76, 77, 80, 81, 77, 81, 81, 75, 80, 77,
    78, 79, 75, 74, 79, 73, 77, 73, 73, 76, 74, 75, 77, 77, 75, 77, 74,
    75, 77, 79, 77, 73, 75, 74, 75, 73, 76, 75, 75, 77, 77, 76, 77, 72,
    71 ]
