%YAML:1.0
---
videoName: "headLookLeft3.mp4"
gestureLabel: 203
fps: 29
pixelSizeInCmTemp: 3.4214285714285714e-01
faceCenterPointX: 290
faceCenterPointY: 74
headPositionsX: [ 289, 264, 262, 265, 262, 263, 266, 268, 267, 269, 271,
    272, 275, 276, 279, 282, 282, 288, 290, 287, 287, 288, 292, 291, 284,
    286, 296, 289, 288, 284, 290, 288, 291, 293, 284, 292, 285, 289, 289,
    288, 290, 285, 288, 295, 288, 289, 286, 288, 292, 288, 292, 291, 292,
    287, 286, 287, 288, 286, 291, 293, 289, 292, 291, 287, 285, 286, 289,
    291, 287, 287, 288, 287, 289, 285, 287, 284, 285, 289, 289, 288, 287,
    287, 288, 287, 290, 287, 288, 286, 285, 287, 288, 285, 288, 288, 287,
    286, 287, 288, 287, 288 ]
headPositionsY: [ 73, 79, 76, 79, 77, 76, 80, 80, 76, 79, 76, 76, 74, 75,
    76, 74, 76, 73, 76, 73, 72, 74, 73, 73, 70, 72, 75, 75, 76, 71, 75,
    75, 76, 73, 74, 75, 74, 73, 76, 75, 74, 71, 75, 77, 75, 74, 75, 76,
    77, 72, 72, 71, 72, 74, 72, 76, 73, 74, 74, 75, 75, 72, 74, 74, 75,
    75, 71, 74, 74, 73, 71, 75, 75, 71, 71, 76, 75, 76, 76, 71, 75, 74,
    73, 73, 73, 73, 73, 74, 71, 74, 73, 72, 73, 77, 74, 75, 74, 74, 72,
    72 ]
