%YAML:1.0
---
videoName: "headLookLeft3.mp4"
gestureLabel: 203
fps: 29
pixelSizeInCmTemp: 3.4214285714285714e-01
faceCenterPointX: 290
faceCenterPointY: 74
headPositionsX: [ 292, 264, 265, 264, 266, 265, 268, 268, 269, 269, 271,
    276, 277, 278, 281, 281, 285, 285, 288, 289, 287, 285, 294, 291, 288,
    287, 298, 290, 286, 283, 290, 289, 289, 289, 285, 290, 283, 293, 291,
    287, 286, 285, 290, 295, 290, 288, 290, 287, 292, 286, 290, 291, 292,
    291, 286, 289, 290, 286, 289, 290, 291, 292, 289, 287, 289, 287, 290,
    289, 287, 287, 286, 289, 288, 286, 287, 284, 285, 289, 285, 287, 289,
    285, 291, 288, 286, 286, 290, 287, 289, 286, 285, 288, 286, 289, 288,
    284, 289, 289, 287, 288 ]
headPositionsY: [ 74, 76, 77, 78, 78, 77, 79, 80, 76, 79, 78, 75, 74, 73,
    77, 73, 75, 74, 73, 75, 75, 71, 73, 75, 70, 73, 76, 74, 73, 71, 75,
    74, 73, 77, 76, 74, 71, 73, 75, 74, 72, 73, 72, 76, 75, 76, 74, 75,
    76, 75, 71, 73, 74, 77, 75, 72, 76, 71, 73, 74, 73, 72, 73, 72, 75,
    72, 75, 76, 72, 75, 74, 72, 72, 71, 71, 73, 75, 77, 76, 73, 73, 75,
    74, 75, 75, 75, 75, 73, 74, 76, 73, 74, 73, 73, 76, 73, 72, 74, 74,
    75 ]
