%YAML:1.0
---
videoName: "headLookLeft8.mp4"
gestureLabel: 203
fps: 29
pixelSizeInCmTemp: 3.6287878787878786e-01
faceCenterPointX: 273
faceCenterPointY: 69
headPositionsX: [ 271, 241, 244, 240, 241, 239, 242, 242, 242, 241, 242,
    240, 241, 242, 242, 246, 244, 246, 247, 249, 245, 249, 249, 246, 249,
    246, 246, 249, 244, 247, 245, 244, 248, 246, 248, 247, 247, 245, 247,
    245, 247, 243, 243, 244, 246, 245, 244, 248, 248, 246, 248, 247, 246,
    248, 250, 253, 253, 254, 260, 260, 261, 269, 269, 274, 270, 273, 276,
    280, 283, 276, 277, 277, 279, 276, 279, 278, 275, 275, 279, 278, 277,
    279, 277, 272, 274, 277, 279, 279, 277, 274, 277, 273, 274, 273, 278,
    273, 274, 275, 272, 270 ]
headPositionsY: [ 68, 67, 68, 66, 68, 66, 66, 65, 67, 67, 66, 66, 70, 69,
    69, 66, 69, 69, 71, 67, 71, 69, 69, 70, 70, 72, 68, 73, 69, 72, 71,
    73, 72, 72, 74, 72, 70, 73, 71, 72, 71, 69, 71, 72, 74, 72, 71, 71,
    73, 74, 73, 75, 74, 72, 71, 70, 74, 69, 69, 67, 69, 72, 67, 70, 71,
    70, 67, 69, 69, 68, 71, 69, 68, 72, 68, 71, 67, 67, 67, 72, 68, 71,
    72, 69, 68, 67, 72, 70, 71, 70, 71, 68, 68, 67, 71, 69, 67, 67, 71,
    68 ]
