%YAML:1.0
---
videoName: "headLookLeft1.mp4"
gestureLabel: 203
fps: 30
pixelSizeInCmTemp: 3.6287878787878786e-01
faceCenterPointX: 276
faceCenterPointY: 73
headPositionsX: [ 275, 258, 258, 258, 259, 258, 255, 256, 257, 256, 257,
    255, 255, 255, 256, 253, 257, 255, 258, 254, 258, 257, 258, 256, 254,
    254, 256, 255, 255, 256, 257, 258, 255, 256, 255, 257, 254, 258, 257,
    256, 255, 258, 256, 254, 255, 254, 258, 258, 256, 253, 257, 255, 257,
    253, 254, 258, 259, 258, 259, 257, 258, 261, 263, 268, 266, 271, 274,
    275, 275, 273, 276, 279, 274, 271, 274, 278, 277, 277, 275, 274, 278,
    276, 279, 281, 280, 277, 278, 278, 277, 277, 277, 278, 277, 278, 274,
    277, 280, 275, 278, 273 ]
headPositionsY: [ 74, 76, 76, 76, 73, 77, 77, 76, 74, 74, 77, 75, 73, 78,
    77, 76, 74, 76, 79, 76, 77, 77, 77, 75, 78, 76, 79, 77, 78, 76, 77,
    79, 76, 80, 80, 79, 77, 77, 78, 77, 81, 79, 76, 76, 78, 78, 79, 81,
    78, 76, 79, 78, 78, 80, 76, 77, 78, 78, 78, 81, 77, 78, 79, 79, 75,
    77, 75, 76, 77, 77, 75, 77, 76, 77, 75, 77, 73, 74, 75, 76, 78, 77,
    72, 75, 77, 77, 74, 75, 76, 76, 76, 74, 73, 76, 75, 73, 78, 76, 75,
    71 ]
