%YAML:1.0
---
videoName: "headLookLeft2.mp4"
gestureLabel: 203
fps: 29
pixelSizeInCmTemp: 3.6846153846153845e-01
faceCenterPointX: 278
faceCenterPointY: 74
headPositionsX: [ 276, 260, 261, 261, 259, 257, 257, 259, 261, 261, 262,
    260, 257, 259, 259, 259, 262, 260, 261, 264, 262, 265, 267, 265, 266,
    270, 270, 275, 274, 278, 279, 275, 275, 280, 276, 280, 279, 282, 278,
    277, 281, 282, 280, 280, 280, 282, 280, 282, 286, 280, 279, 284, 280,
    282, 280, 281, 278, 274, 277, 282, 281, 277, 281, 280, 280, 278, 279,
    281, 280, 279, 278, 279, 283, 274, 279, 280, 279, 281, 276, 281, 276,
    280, 281, 279, 281, 280, 286, 277, 275, 280, 284, 279, 281, 282, 278,
    278, 283, 283, 289, 280 ]
headPositionsY: [ 74, 72, 74, 75, 77, 76, 74, 75, 74, 78, 73, 77, 73, 75,
    75, 76, 77, 76, 75, 76, 75, 77, 76, 76, 73, 77, 72, 78, 75, 73, 72,
    73, 75, 72, 73, 77, 76, 75, 77, 75, 76, 76, 73, 73, 75, 77, 74, 77,
    75, 76, 74, 75, 74, 77, 76, 76, 73, 74, 71, 75, 77, 75, 76, 73, 72,
    74, 72, 76, 77, 75, 74, 75, 75, 72, 73, 73, 73, 73, 71, 76, 72, 73,
    72, 72, 77, 74, 72, 76, 73, 74, 74, 72, 75, 73, 73, 72, 73, 74, 75,
    72 ]
