%YAML:1.0
---
videoName: "headLookLeft5.mp4"
gestureLabel: 203
fps: 30
pixelSizeInCmTemp: 3.5746268656716418e-01
faceCenterPointX: 284
faceCenterPointY: 67
headPositionsX: [ 284, 261, 261, 258, 261, 262, 258, 262, 262, 258, 262,
    262, 260, 260, 260, 261, 264, 262, 263, 263, 264, 266, 266, 271, 273,
    273, 277, 275, 280, 280, 280, 284, 286, 282, 283, 284, 288, 286, 284,
    288, 284, 285, 284, 286, 286, 283, 288, 284, 286, 283, 286, 284, 285,
    283, 285, 283, 285, 282, 286, 283, 284, 285, 285, 282, 282, 285, 287,
    284, 283, 280, 287, 287, 284, 282, 283, 284, 287, 286, 287, 283, 286,
    286, 286, 285, 284, 285, 286, 287, 283, 289, 283, 286, 285, 286, 283,
    284, 283, 282, 285, 284 ]
headPositionsY: [ 67, 70, 69, 69, 71, 71, 71, 70, 72, 70, 71, 70, 72, 74,
    72, 72, 70, 74, 70, 69, 72, 71, 74, 68, 68, 71, 71, 66, 69, 67, 70,
    71, 67, 68, 69, 67, 69, 68, 68, 67, 69, 68, 66, 70, 66, 70, 70, 68,
    70, 71, 68, 71, 70, 68, 69, 66, 68, 70, 69, 69, 66, 68, 67, 70, 68,
    67, 66, 68, 68, 67, 68, 67, 68, 70, 69, 68, 67, 70, 71, 66, 70, 66,
    70, 66, 69, 70, 67, 68, 66, 67, 70, 66, 68, 68, 69, 67, 66, 68, 66,
    69 ]
