%YAML:1.0
---
videoName: "headLookLeft0.mp4"
gestureLabel: 203
fps: 29
pixelSizeInCmTemp: 3.6287878787878786e-01
faceCenterPointX: 286
faceCenterPointY: 69
headPositionsX: [ 285, 256, 254, 255, 252, 253, 251, 253, 255, 252, 254,
    254, 251, 253, 254, 253, 254, 252, 255, 252, 252, 253, 255, 254, 256,
    254, 256, 255, 252, 254, 257, 255, 256, 255, 257, 256, 257, 255, 256,
    256, 253, 258, 258, 254, 254, 254, 255, 256, 254, 255, 256, 256, 254,
    257, 254, 256, 255, 253, 253, 257, 255, 256, 253, 255, 253, 257, 252,
    254, 257, 254, 256, 258, 257, 254, 257, 256, 254, 257, 257, 262, 261,
    263, 267, 267, 268, 274, 274, 278, 285, 275, 280, 275, 279, 283, 285,
    287, 286, 284, 288, 286 ]
headPositionsY: [ 69, 71, 69, 69, 70, 68, 70, 70, 67, 69, 69, 70, 70, 68,
    70, 69, 70, 71, 68, 68, 68, 67, 67, 68, 70, 69, 72, 72, 70, 69, 72,
    70, 71, 71, 69, 71, 71, 72, 70, 69, 68, 72, 71, 71, 70, 69, 72, 72,
    73, 70, 70, 71, 69, 72, 73, 70, 73, 69, 70, 72, 73, 69, 74, 70, 72,
    71, 72, 69, 69, 70, 73, 73, 74, 72, 69, 74, 69, 69, 74, 71, 73, 69,
    73, 71, 72, 67, 71, 70, 73, 68, 68, 68, 68, 65, 71, 71, 70, 71, 68,
    68 ]
