%YAML:1.0
---
videoName: "headLookLeft7.mp4"
gestureLabel: 203
fps: 29
pixelSizeInCmTemp: 3.4214285714285714e-01
faceCenterPointX: 268
faceCenterPointY: 68
headPositionsX: [ 268, 246, 246, 247, 246, 244, 245, 248, 244, 245, 245,
    246, 245, 244, 244, 244, 243, 243, 243, 243, 247, 245, 244, 247, 247,
    245, 247, 246, 247, 249, 250, 252, 255, 252, 259, 259, 263, 262, 265,
    264, 267, 263, 266, 267, 266, 267, 271, 269, 269, 268, 268, 268, 268,
    270, 265, 266, 265, 269, 268, 269, 267, 268, 265, 268, 268, 266, 267,
    268, 265, 269, 271, 268, 267, 270, 267, 267, 270, 268, 267, 270, 267,
    269, 271, 265, 271, 270, 267, 268, 265, 270, 270, 267, 268, 271, 268,
    268, 270, 268, 271, 269 ]
headPositionsY: [ 68, 70, 69, 71, 72, 69, 67, 71, 69, 70, 68, 69, 72, 70,
    71, 69, 72, 71, 72, 72, 68, 69, 72, 68, 70, 71, 68, 68, 70, 71, 71,
    67, 68, 71, 71, 69, 70, 71, 69, 67, 67, 66, 69, 66, 67, 67, 71, 67,
    69, 69, 69, 69, 66, 67, 66, 68, 69, 70, 69, 70, 71, 70, 69, 71, 70,
    69, 68, 72, 68, 71, 69, 68, 67, 70, 68, 71, 70, 66, 66, 68, 65, 69,
    71, 68, 67, 67, 69, 68, 70, 68, 68, 70, 71, 69, 71, 71, 70, 66, 71,
    68 ]
