%YAML:1.0
---
videoName: "headLookLeft8.mp4"
gestureLabel: 203
fps: 29
pixelSizeInCmTemp: 3.6287878787878786e-01
faceCenterPointX: 273
faceCenterPointY: 69
headPositionsX: [ 272, 243, 240, 239, 243, 241, 240, 242, 240, 239, 243,
    243, 243, 245, 243, 243, 243, 247, 249, 247, 248, 249, 246, 248, 245,
    248, 246, 245, 248, 246, 244, 244, 246, 249, 246, 247, 244, 247, 246,
    248, 245, 245, 245, 243, 247, 245, 244, 245, 248, 246, 246, 247, 248,
    247, 250, 249, 256, 256, 260, 261, 263, 265, 270, 271, 269, 275, 273,
    282, 284, 276, 275, 278, 278, 275, 279, 275, 276, 272, 278, 279, 276,
    279, 279, 269, 270, 276, 279, 278, 274, 273, 275, 273, 274, 276, 276,
    274, 273, 276, 271, 270 ]
headPositionsY: [ 70, 67, 65, 66, 67, 67, 69, 69, 67, 70, 69, 66, 67, 68,
    66, 69, 67, 67, 67, 68, 71, 69, 71, 70, 67, 68, 69, 70, 73, 70, 69,
    72, 72, 72, 72, 73, 73, 74, 71, 74, 69, 72, 73, 70, 72, 71, 70, 72,
    75, 73, 75, 73, 75, 72, 73, 73, 70, 70, 72, 68, 71, 72, 67, 72, 69,
    71, 70, 69, 69, 69, 67, 67, 69, 68, 70, 70, 68, 67, 71, 70, 68, 69,
    70, 71, 68, 68, 72, 68, 71, 68, 69, 70, 67, 71, 72, 68, 70, 69, 68,
    71 ]
