%YAML:1.0
---
videoName: "headLookLeft6.mp4"
gestureLabel: 203
fps: 29
pixelSizeInCmTemp: 3.2808219178082193e-01
faceCenterPointX: 267
faceCenterPointY: 69
headPositionsX: [ 267, 244, 242, 243, 246, 246, 246, 245, 244, 248, 247,
    247, 245, 246, 247, 247, 246, 246, 247, 246, 244, 247, 245, 247, 244,
    248, 248, 251, 252, 254, 252, 259, 258, 262, 264, 263, 267, 268, 269,
    269, 270, 267, 267, 267, 271, 270, 270, 267, 267, 271, 266, 268, 270,
    268, 266, 272, 265, 270, 265, 270, 267, 265, 270, 269, 267, 264, 268,
    269, 266, 267, 268, 265, 269, 266, 266, 267, 267, 269, 272, 271, 267,
    269, 268, 265, 269, 269, 267, 267, 264, 267, 266, 269, 266, 265, 268,
    269, 265, 267, 268, 266 ]
headPositionsY: [ 71, 71, 71, 71, 73, 72, 73, 69, 73, 71, 72, 71, 73, 71,
    73, 72, 74, 71, 73, 71, 72, 72, 74, 72, 74, 71, 73, 72, 73, 69, 72,
    72, 71, 72, 73, 70, 70, 72, 70, 69, 68, 72, 68, 72, 70, 70, 66, 68,
    68, 70, 70, 67, 68, 67, 71, 72, 72, 70, 68, 69, 70, 68, 71, 67, 68,
    71, 71, 70, 69, 71, 68, 69, 71, 68, 66, 69, 71, 67, 72, 70, 72, 70,
    71, 69, 70, 70, 71, 71, 71, 73, 68, 71, 70, 69, 70, 68, 68, 70, 70,
    67 ]
