%YAML:1.0
---
videoName: "headLookLeft3.mp4"
gestureLabel: 203
fps: 29
pixelSizeInCmTemp: 3.4214285714285714e-01
faceCenterPointX: 290
faceCenterPointY: 74
headPositionsX: [ 289, 266, 264, 266, 263, 264, 266, 268, 270, 268, 274,
    276, 276, 276, 280, 282, 285, 286, 287, 288, 290, 287, 292, 289, 284,
    289, 294, 288, 288, 282, 288, 292, 293, 290, 284, 289, 284, 290, 291,
    289, 289, 285, 291, 297, 290, 288, 289, 290, 291, 290, 291, 293, 292,
    289, 287, 289, 289, 286, 292, 290, 289, 288, 290, 286, 286, 288, 291,
    288, 287, 287, 289, 287, 288, 287, 288, 285, 287, 286, 289, 287, 289,
    289, 287, 287, 289, 288, 292, 290, 287, 287, 287, 287, 286, 288, 287,
    283, 289, 286, 289, 288 ]
headPositionsY: [ 74, 79, 77, 77, 78, 76, 80, 77, 78, 75, 76, 74, 75, 74,
    75, 76, 76, 73, 73, 72, 72, 74, 74, 76, 73, 73, 74, 76, 74, 70, 73,
    74, 72, 75, 72, 75, 71, 74, 74, 73, 75, 72, 74, 75, 72, 74, 72, 76,
    75, 72, 75, 71, 74, 77, 76, 72, 74, 75, 74, 77, 75, 71, 76, 75, 74,
    72, 71, 74, 73, 74, 74, 72, 73, 71, 72, 75, 72, 75, 73, 71, 74, 72,
    71, 74, 73, 74, 77, 75, 73, 75, 75, 75, 72, 75, 72, 73, 76, 74, 76,
    73 ]
