%YAML:1.0
---
videoName: "headLookLeft5.mp4"
gestureLabel: 203
fps: 30
pixelSizeInCmTemp: 3.5746268656716418e-01
faceCenterPointX: 284
faceCenterPointY: 67
headPositionsX: [ 282, 258, 260, 262, 258, 261, 257, 259, 260, 259, 259,
    259, 260, 259, 263, 264, 263, 263, 265, 264, 262, 267, 266, 269, 273,
    273, 276, 277, 280, 278, 280, 281, 287, 282, 287, 287, 289, 288, 284,
    288, 284, 285, 281, 282, 286, 286, 284, 288, 284, 283, 288, 284, 286,
    284, 282, 281, 285, 285, 286, 285, 283, 281, 283, 283, 284, 285, 283,
    285, 281, 283, 284, 284, 285, 285, 285, 286, 287, 284, 286, 283, 286,
    288, 286, 287, 287, 283, 285, 284, 285, 285, 286, 283, 285, 285, 287,
    286, 283, 281, 283, 283 ]
headPositionsY: [ 67, 70, 73, 70, 72, 72, 73, 69, 74, 69, 72, 72, 70, 74,
    72, 69, 74, 72, 74, 70, 72, 73, 70, 68, 72, 70, 72, 68, 67, 67, 70,
    67, 67, 69, 68, 66, 69, 71, 66, 67, 72, 69, 66, 69, 68, 67, 70, 66,
    70, 69, 68, 67, 69, 67, 69, 70, 68, 70, 68, 70, 67, 67, 69, 69, 68,
    68, 68, 70, 67, 71, 68, 69, 69, 66, 68, 72, 71, 66, 67, 66, 66, 70,
    66, 68, 71, 70, 66, 68, 70, 69, 69, 67, 67, 68, 67, 68, 66, 67, 67,
    69 ]
