%YAML:1.0
---
videoName: "headLookLeft1.mp4"
gestureLabel: 203
fps: 30
pixelSizeInCmTemp: 3.6287878787878786e-01
faceCenterPointX: 276
faceCenterPointY: 73
headPositionsX: [ 278, 259, 254, 254, 255, 259, 255, 255, 256, 256, 257,
    254, 255, 257, 256, 255, 257, 256, 256, 255, 256, 258, 256, 257, 254,
    257, 258, 254, 257, 258, 258, 255, 255, 254, 255, 256, 258, 258, 255,
    254, 255, 258, 256, 256, 256, 256, 255, 258, 253, 255, 257, 254, 254,
    257, 253, 254, 259, 257, 257, 258, 258, 260, 265, 265, 268, 272, 272,
    272, 276, 277, 279, 275, 272, 275, 271, 279, 276, 278, 275, 278, 279,
    280, 277, 277, 279, 276, 274, 279, 278, 277, 281, 277, 277, 278, 274,
    275, 280, 278, 275, 275 ]
headPositionsY: [ 71, 75, 73, 75, 76, 76, 77, 77, 75, 75, 73, 74, 75, 77,
    76, 75, 77, 77, 78, 75, 77, 79, 75, 77, 75, 78, 77, 77, 79, 80, 79,
    80, 79, 78, 76, 75, 76, 78, 78, 77, 81, 78, 78, 77, 77, 80, 79, 79,
    78, 78, 77, 77, 78, 76, 78, 77, 77, 77, 77, 80, 77, 78, 76, 76, 76,
    78, 75, 75, 74, 78, 77, 73, 77, 77, 75, 76, 73, 74, 79, 76, 77, 75,
    75, 73, 79, 75, 72, 78, 74, 77, 77, 76, 75, 73, 76, 76, 76, 75, 76,
    72 ]
