%YAML:1.0
---
videoName: "headLookLeft6.mp4"
gestureLabel: 203
fps: 29
pixelSizeInCmTemp: 3.2808219178082193e-01
faceCenterPointX: 267
faceCenterPointY: 69
headPositionsX: [ 266, 244, 245, 247, 244, 243, 245, 245, 245, 244, 244,
    245, 244, 246, 244, 246, 247, 244, 245, 245, 243, 246, 243, 246, 246,
    247, 248, 251, 249, 253, 255, 259, 258, 263, 262, 263, 265, 268, 270,
    268, 270, 267, 269, 269, 269, 267, 268, 269, 268, 271, 267, 268, 271,
    268, 267, 271, 266, 269, 267, 266, 266, 264, 266, 266, 271, 264, 267,
    265, 265, 267, 265, 269, 267, 264, 263, 268, 267, 269, 270, 267, 268,
    268, 264, 267, 266, 266, 268, 268, 266, 270, 265, 270, 265, 266, 270,
    268, 264, 265, 270, 268 ]
headPositionsY: [ 71, 73, 73, 74, 72, 72, 72, 73, 73, 73, 70, 71, 70, 73,
    72, 71, 74, 73, 73, 73, 73, 71, 74, 71, 71, 75, 72, 71, 71, 69, 73,
    70, 70, 73, 72, 71, 69, 69, 69, 72, 69, 68, 70, 72, 68, 71, 67, 70,
    69, 69, 69, 67, 72, 69, 69, 71, 71, 70, 71, 68, 69, 68, 71, 69, 72,
    69, 72, 67, 72, 71, 72, 70, 69, 68, 67, 71, 71, 71, 71, 70, 72, 72,
    69, 67, 72, 69, 71, 69, 69, 73, 69, 70, 72, 71, 68, 71, 71, 70, 71,
    69 ]
