%YAML:1.0
---
videoName: "headLookLeft3.mp4"
gestureLabel: 203
fps: 29
pixelSizeInCmTemp: 3.4214285714285714e-01
faceCenterPointX: 290
faceCenterPointY: 74
headPositionsX: [ 289, 262, 264, 264, 263, 266, 264, 268, 269, 268, 273,
    276, 275, 277, 283, 281, 285, 286, 290, 289, 288, 286, 293, 289, 287,
    290, 296, 288, 288, 284, 287, 290, 291, 293, 287, 291, 283, 293, 291,
    287, 290, 287, 291, 295, 290, 288, 288, 286, 293, 290, 289, 291, 292,
    288, 287, 288, 287, 287, 288, 294, 292, 290, 290, 290, 287, 285, 288,
    289, 287, 288, 289, 286, 286, 288, 284, 287, 285, 287, 286, 287, 288,
    289, 288, 284, 289, 286, 289, 287, 288, 290, 285, 287, 289, 290, 286,
    283, 289, 285, 286, 285 ]
headPositionsY: [ 73, 76, 78, 76, 77, 78, 80, 78, 75, 77, 74, 76, 76, 76,
    75, 74, 77, 75, 72, 76, 76, 71, 77, 74, 70, 71, 77, 77, 75, 72, 74,
    76, 76, 75, 72, 74, 74, 76, 75, 74, 75, 75, 73, 74, 74, 74, 75, 72,
    77, 75, 71, 72, 72, 74, 72, 74, 72, 73, 74, 76, 73, 72, 72, 75, 74,
    74, 75, 75, 73, 72, 74, 73, 72, 74, 71, 77, 74, 73, 76, 71, 71, 76,
    74, 74, 76, 72, 77, 74, 75, 74, 75, 74, 76, 75, 72, 76, 76, 74, 72,
    73 ]
