%YAML:1.0
---
videoName: "headLookLeft3.mp4"
gestureLabel: 203
fps: 29
pixelSizeInCmTemp: 3.4214285714285714e-01
faceCenterPointX: 290
faceCenterPointY: 74
headPositionsX: [ 290, 266, 263, 266, 265, 262, 264, 269, 267, 272, 273,
    274, 279, 276, 280, 282, 284, 287, 286, 289, 291, 289, 293, 290, 284,
    286, 296, 290, 289, 281, 288, 290, 292, 291, 284, 288, 283, 293, 292,
    286, 286, 287, 288, 295, 291, 291, 287, 290, 292, 288, 290, 290, 289,
    289, 285, 287, 291, 286, 289, 293, 292, 288, 288, 288, 288, 288, 291,
    290, 285, 288, 285, 288, 285, 286, 288, 286, 287, 290, 288, 285, 286,
    286, 287, 288, 288, 288, 290, 286, 286, 286, 286, 287, 286, 289, 285,
    284, 289, 286, 288, 287 ]
headPositionsY: [ 73, 75, 75, 76, 76, 74, 76, 76, 76, 79, 78, 73, 77, 74,
    76, 76, 74, 73, 76, 76, 75, 75, 73, 73, 72, 70, 76, 75, 73, 70, 74,
    74, 72, 74, 75, 74, 75, 74, 74, 72, 75, 74, 72, 76, 74, 75, 75, 74,
    76, 74, 72, 74, 73, 73, 76, 75, 73, 73, 75, 75, 75, 73, 73, 72, 72,
    76, 75, 75, 75, 76, 72, 71, 74, 71, 75, 76, 76, 77, 76, 72, 71, 73,
    73, 71, 75, 72, 77, 73, 73, 76, 75, 74, 76, 74, 74, 74, 75, 75, 76,
    76 ]
