%YAML:1.0
---
videoName: "headLookLeft1.mp4"
gestureLabel: 203
fps: 30
pixelSizeInCmTemp: 3.6287878787878786e-01
faceCenterPointX: 276
faceCenterPointY: 73
headPositionsX: [ 277, 257, 257, 254, 258, 257, 258, 259, 256, 256, 257,
    254, 256, 257, 254, 255, 258, 254, 256, 257, 257, 254, 257, 254, 257,
    255, 257, 258, 256, 257, 255, 258, 254, 254, 255, 256, 254, 256, 257,
    256, 257, 255, 255, 256, 256, 253, 258, 255, 256, 255, 255, 253, 253,
    254, 255, 258, 256, 254, 257, 260, 262, 261, 265, 267, 265, 272, 271,
    272, 272, 277, 279, 277, 273, 274, 272, 277, 280, 277, 276, 277, 282,
    280, 278, 277, 278, 278, 278, 278, 281, 276, 277, 276, 277, 275, 272,
    278, 278, 274, 276, 274 ]
headPositionsY: [ 74, 75, 73, 77, 77, 77, 76, 76, 75, 75, 74, 77, 77, 75,
    74, 75, 78, 76, 75, 75, 77, 77, 79, 75, 79, 77, 79, 79, 75, 80, 78,
    77, 78, 77, 79, 75, 79, 79, 76, 76, 79, 76, 77, 79, 80, 77, 78, 79,
    77, 76, 79, 78, 77, 79, 79, 79, 79, 77, 81, 77, 79, 81, 78, 80, 76,
    75, 78, 75, 78, 78, 73, 75, 75, 73, 76, 74, 74, 77, 76, 76, 78, 73,
    74, 75, 76, 74, 75, 76, 73, 77, 74, 75, 72, 75, 77, 75, 78, 78, 72,
    74 ]
