%YAML:1.0
---
videoName: "headLookLeft3.mp4"
gestureLabel: 203
fps: 29
pixelSizeInCmTemp: 3.4214285714285714e-01
faceCenterPointX: 290
faceCenterPointY: 74
headPositionsX: [ 292, 263, 263, 265, 264, 266, 268, 268, 267, 271, 273,
    275, 276, 276, 282, 284, 284, 289, 288, 287, 289, 286, 292, 290, 288,
    290, 294, 291, 286, 281, 290, 288, 290, 291, 284, 291, 281, 289, 293,
    290, 287, 285, 290, 298, 292, 289, 289, 290, 290, 290, 292, 293, 292,
    288, 286, 288, 287, 287, 291, 292, 289, 291, 289, 289, 287, 285, 291,
    291, 284, 288, 285, 286, 289, 287, 285, 286, 285, 287, 286, 287, 285,
    288, 290, 286, 286, 287, 289, 286, 286, 286, 287, 284, 288, 289, 286,
    286, 290, 285, 288, 286 ]
headPositionsY: [ 74, 76, 78, 77, 76, 77, 78, 80, 75, 79, 74, 77, 74, 75,
    74, 75, 73, 75, 73, 74, 74, 72, 73, 75, 73, 73, 73, 76, 73, 70, 73,
    74, 72, 77, 73, 74, 74, 77, 72, 75, 72, 72, 75, 76, 73, 72, 74, 72,
    75, 71, 72, 72, 75, 77, 76, 72, 72, 74, 75, 74, 73, 71, 76, 71, 74,
    75, 75, 73, 75, 74, 71, 74, 74, 75, 71, 77, 73, 76, 73, 75, 72, 72,
    75, 75, 72, 72, 74, 72, 72, 77, 72, 73, 73, 73, 73, 77, 74, 74, 72,
    74 ]
