%YAML:1.0
---
videoName: "headLookLeft1.mp4"
gestureLabel: 203
fps: 30
pixelSizeInCmTemp: 3.6287878787878786e-01
faceCenterPointX: 276
faceCenterPointY: 73
headPositionsX: [ 278, 258, 254, 254, 255, 258, 256, 256, 256, 257, 258,
    257, 257, 258, 256, 254, 257, 256, 256, 258, 257, 256, 259, 258, 255,
    257, 258, 258, 258, 256, 256, 256, 255, 256, 257, 257, 258, 254, 257,
    258, 254, 257, 255, 254, 258, 256, 256, 255, 257, 257, 256, 253, 253,
    256, 257, 254, 256, 257, 256, 261, 260, 263, 265, 265, 267, 272, 271,
    276, 273, 273, 277, 278, 273, 272, 270, 279, 280, 277, 275, 274, 282,
    277, 280, 277, 278, 276, 278, 278, 279, 277, 279, 277, 277, 276, 274,
    274, 277, 275, 278, 274 ]
headPositionsY: [ 73, 77, 77, 73, 75, 76, 78, 76, 78, 77, 73, 75, 74, 76,
    77, 76, 77, 79, 77, 75, 75, 75, 78, 76, 75, 80, 76, 78, 76, 77, 79,
    76, 76, 81, 76, 79, 76, 81, 77, 79, 81, 79, 80, 78, 80, 81, 78, 80,
    77, 79, 77, 77, 79, 80, 77, 79, 77, 78, 81, 77, 79, 77, 76, 78, 77,
    75, 79, 79, 78, 77, 74, 77, 76, 76, 75, 74, 77, 77, 78, 76, 77, 74,
    73, 75, 75, 78, 76, 78, 76, 76, 75, 77, 74, 76, 73, 74, 74, 75, 75,
    75 ]
