%YAML:1.0
---
videoName: "headLookLeft9.mp4"
gestureLabel: 203
fps: 30
pixelSizeInCmTemp: 3.2364864864864862e-01
faceCenterPointX: 273
faceCenterPointY: 69
headPositionsX: [ 274, 249, 248, 249, 247, 246, 245, 247, 248, 248, 249,
    245, 248, 244, 245, 244, 247, 248, 248, 245, 248, 246, 247, 246, 247,
    247, 246, 245, 246, 245, 244, 244, 250, 247, 253, 251, 256, 259, 260,
    263, 262, 266, 270, 269, 265, 268, 274, 270, 271, 272, 269, 273, 270,
    271, 271, 273, 272, 269, 273, 270, 270, 274, 268, 272, 272, 270, 270,
    273, 272, 271, 273, 272, 272, 270, 271, 270, 273, 270, 271, 271, 271,
    270, 269, 270, 270, 269, 270, 272, 271, 269, 273, 270, 271, 267, 272,
    274, 273, 274, 269, 268 ]
headPositionsY: [ 71, 72, 71, 73, 73, 70, 69, 71, 71, 68, 70, 73, 70, 72,
    71, 71, 72, 73, 69, 71, 72, 68, 73, 72, 70, 73, 71, 70, 71, 69, 69,
    69, 71, 71, 69, 71, 70, 70, 66, 66, 69, 69, 69, 67, 70, 65, 68, 68,
    69, 67, 70, 66, 69, 68, 70, 67, 68, 70, 67, 65, 68, 67, 70, 67, 69,
    68, 67, 66, 67, 65, 69, 67, 67, 69, 69, 66, 71, 69, 67, 69, 70, 68,
    67, 71, 68, 68, 66, 68, 70, 68, 68, 70, 68, 65, 66, 70, 71, 68, 68,
    70 ]
