%YAML:1.0
---
videoName: "headLookLeft0.mp4"
gestureLabel: 203
fps: 29
pixelSizeInCmTemp: 3.6287878787878786e-01
faceCenterPointX: 286
faceCenterPointY: 69
headPositionsX: [ 288, 253, 254, 253, 254, 253, 253, 253, 256, 255, 253,
    253, 255, 253, 255, 256, 250, 252, 252, 253, 252, 252, 254, 255, 252,
    255, 254, 257, 254, 255, 256, 256, 256, 254, 254, 253, 254, 256, 254,
    257, 254, 257, 258, 257, 257, 258, 257, 258, 256, 257, 257, 253, 256,
    253, 254, 254, 258, 254, 257, 256, 253, 257, 257, 253, 253, 253, 253,
    255, 253, 255, 256, 257, 254, 257, 255, 256, 255, 258, 258, 260, 258,
    262, 266, 268, 272, 273, 273, 275, 283, 275, 278, 276, 283, 283, 285,
    285, 286, 284, 284, 285 ]
headPositionsY: [ 67, 69, 69, 71, 66, 71, 69, 70, 70, 69, 67, 68, 69, 72,
    68, 70, 70, 67, 69, 70, 72, 67, 71, 68, 71, 68, 69, 70, 68, 69, 71,
    70, 71, 69, 73, 70, 70, 72, 72, 69, 72, 68, 72, 69, 71, 73, 70, 73,
    71, 69, 73, 73, 69, 72, 70, 70, 70, 73, 71, 73, 72, 70, 74, 70, 71,
    73, 73, 73, 69, 70, 71, 72, 74, 73, 71, 73, 69, 69, 74, 71, 70, 68,
    71, 68, 68, 67, 70, 69, 73, 66, 66, 65, 65, 69, 68, 69, 71, 69, 69,
    68 ]
