%YAML:1.0
---
videoName: "headLookLeft3.mp4"
gestureLabel: 203
fps: 29
pixelSizeInCmTemp: 3.4214285714285714e-01
faceCenterPointX: 290
faceCenterPointY: 74
headPositionsX: [ 289, 263, 264, 264, 263, 264, 268, 268, 270, 272, 270,
    274, 276, 278, 282, 281, 286, 285, 288, 287, 289, 289, 292, 290, 286,
    288, 296, 292, 286, 285, 290, 289, 290, 292, 288, 289, 283, 290, 292,
    290, 290, 285, 288, 297, 291, 288, 286, 288, 291, 286, 291, 292, 290,
    289, 287, 285, 287, 287, 292, 291, 292, 288, 291, 290, 287, 289, 287,
    287, 285, 288, 286, 288, 289, 284, 287, 284, 287, 288, 285, 286, 289,
    289, 289, 287, 288, 288, 292, 289, 288, 287, 285, 285, 287, 288, 285,
    284, 287, 285, 290, 288 ]
headPositionsY: [ 76, 75, 78, 79, 78, 77, 76, 78, 76, 79, 74, 74, 77, 73,
    75, 74, 74, 74, 76, 75, 72, 73, 75, 77, 71, 72, 77, 73, 73, 71, 75,
    76, 74, 74, 74, 74, 73, 76, 75, 74, 74, 74, 72, 77, 74, 75, 73, 73,
    75, 72, 72, 71, 74, 74, 72, 75, 76, 74, 71, 73, 76, 75, 73, 72, 73,
    72, 75, 75, 74, 75, 74, 75, 72, 71, 71, 76, 76, 73, 76, 71, 72, 75,
    75, 71, 75, 71, 73, 74, 72, 75, 74, 76, 74, 74, 72, 74, 75, 72, 73,
    76 ]
