%YAML:1.0
---
videoName: "headLookLeft6.mp4"
gestureLabel: 203
fps: 29
pixelSizeInCmTemp: 3.2808219178082193e-01
faceCenterPointX: 267
faceCenterPointY: 69
headPositionsX: [ 267, 244, 245, 245, 243, 245, 244, 244, 245, 247, 247,
    247, 244, 247, 245, 247, 243, 246, 248, 248, 247, 247, 244, 247, 245,
    248, 248, 249, 253, 254, 254, 259, 261, 263, 264, 265, 265, 266, 267,
    268, 270, 269, 269, 265, 271, 271, 268, 270, 267, 268, 269, 267, 271,
    269, 267, 271, 269, 269, 267, 268, 269, 266, 266, 266, 268, 264, 267,
    265, 269, 268, 268, 265, 265, 267, 264, 266, 264, 267, 271, 267, 268,
    266, 267, 267, 266, 269, 266, 267, 266, 270, 265, 266, 265, 265, 266,
    266, 267, 264, 269, 268 ]
headPositionsY: [ 70, 72, 73, 74, 72, 71, 74, 72, 70, 72, 71, 71, 72, 73,
    71, 72, 74, 72, 70, 73, 73, 73, 73, 70, 71, 73, 73, 71, 72, 70, 69,
    73, 71, 71, 72, 69, 69, 69, 70, 72, 69, 71, 69, 68, 70, 71, 70, 71,
    70, 73, 67, 70, 71, 69, 72, 68, 68, 70, 71, 72, 68, 68, 72, 68, 68,
    68, 72, 70, 71, 71, 68, 70, 72, 70, 68, 71, 70, 71, 73, 71, 70, 71,
    68, 69, 70, 71, 70, 71, 69, 73, 70, 67, 71, 71, 68, 70, 70, 66, 69,
    70 ]
