%YAML:1.0
---
videoName: "headLookLeft3.mp4"
gestureLabel: 203
fps: 29
pixelSizeInCmTemp: 3.4214285714285714e-01
faceCenterPointX: 290
faceCenterPointY: 74
headPositionsX: [ 292, 262, 262, 264, 265, 264, 268, 267, 271, 272, 270,
    275, 275, 276, 279, 280, 284, 286, 290, 290, 287, 288, 291, 293, 286,
    290, 295, 291, 286, 283, 290, 291, 290, 291, 284, 291, 282, 291, 291,
    290, 289, 286, 289, 296, 292, 287, 287, 289, 290, 290, 290, 289, 289,
    290, 289, 287, 287, 288, 289, 293, 292, 291, 290, 290, 285, 289, 290,
    289, 288, 291, 286, 287, 286, 287, 285, 288, 289, 287, 285, 288, 288,
    287, 288, 288, 290, 288, 291, 287, 288, 287, 285, 288, 287, 289, 288,
    283, 291, 286, 287, 285 ]
headPositionsY: [ 74, 75, 75, 79, 75, 76, 78, 77, 78, 78, 78, 76, 77, 73,
    75, 74, 77, 74, 73, 75, 74, 71, 77, 73, 71, 74, 77, 73, 73, 70, 72,
    75, 72, 75, 75, 74, 73, 76, 72, 76, 71, 71, 71, 76, 72, 75, 74, 73,
    77, 74, 74, 74, 74, 76, 72, 74, 72, 71, 75, 76, 74, 71, 74, 75, 76,
    76, 73, 76, 72, 74, 72, 72, 72, 72, 75, 74, 74, 74, 75, 74, 73, 72,
    73, 75, 73, 71, 77, 72, 72, 75, 72, 74, 73, 75, 75, 74, 72, 74, 74,
    76 ]
