%YAML:1.0
---
videoName: "headLookLeft9.mp4"
gestureLabel: 203
fps: 30
pixelSizeInCmTemp: 3.2364864864864862e-01
faceCenterPointX: 273
faceCenterPointY: 69
headPositionsX: [ 271, 249, 247, 246, 245, 247, 246, 248, 245, 244, 247,
    247, 247, 248, 248, 246, 248, 245, 247, 248, 246, 245, 246, 243, 244,
    247, 245, 247, 247, 247, 246, 246, 249, 248, 252, 254, 252, 259, 257,
    260, 265, 265, 266, 267, 266, 269, 270, 272, 269, 274, 271, 270, 273,
    271, 270, 272, 275, 270, 272, 272, 270, 274, 270, 272, 272, 272, 271,
    270, 272, 269, 270, 271, 271, 271, 272, 271, 271, 267, 273, 271, 271,
    270, 268, 271, 270, 271, 269, 270, 272, 270, 273, 271, 271, 267, 272,
    275, 269, 270, 268, 271 ]
headPositionsY: [ 67, 72, 72, 69, 73, 68, 69, 70, 68, 70, 71, 72, 70, 71,
    68, 70, 71, 69, 70, 72, 72, 68, 72, 71, 70, 71, 69, 70, 69, 71, 72,
    70, 71, 69, 71, 70, 68, 67, 69, 69, 67, 68, 68, 70, 67, 65, 69, 65,
    66, 69, 70, 64, 66, 67, 68, 66, 69, 67, 69, 69, 70, 65, 69, 71, 66,
    70, 65, 69, 67, 66, 68, 70, 66, 72, 70, 68, 68, 69, 69, 69, 70, 69,
    65, 67, 71, 67, 66, 71, 67, 66, 66, 68, 67, 67, 67, 70, 68, 68, 71,
    70 ]
