%YAML:1.0
---
videoName: "headLookLeft1.mp4"
gestureLabel: 203
fps: 30
pixelSizeInCmTemp: 3.6287878787878786e-01
faceCenterPointX: 276
faceCenterPointY: 73
headPositionsX: [ 277, 257, 255, 254, 258, 255, 255, 256, 254, 255, 255,
    256, 258, 258, 255, 257, 258, 254, 255, 258, 257, 255, 259, 258, 255,
    258, 255, 255, 257, 254, 254, 258, 257, 257, 256, 258, 256, 256, 256,
    255, 254, 256, 255, 254, 258, 255, 255, 255, 257, 255, 257, 256, 255,
    253, 254, 258, 259, 257, 255, 258, 259, 260, 261, 266, 265, 268, 272,
    273, 275, 274, 280, 277, 275, 274, 272, 277, 277, 275, 275, 277, 282,
    276, 279, 279, 280, 276, 275, 281, 277, 277, 280, 280, 276, 277, 272,
    277, 278, 278, 278, 272 ]
headPositionsY: [ 71, 74, 73, 75, 74, 76, 78, 75, 75, 77, 76, 75, 74, 74,
    76, 78, 75, 78, 75, 78, 78, 79, 79, 75, 78, 80, 75, 76, 77, 78, 79,
    80, 76, 79, 76, 75, 79, 80, 78, 76, 81, 79, 77, 77, 79, 78, 76, 80,
    80, 80, 79, 77, 77, 76, 78, 77, 78, 76, 77, 79, 80, 81, 75, 77, 75,
    75, 78, 77, 75, 80, 76, 74, 73, 77, 73, 74, 73, 74, 77, 74, 76, 77,
    74, 77, 78, 76, 73, 78, 76, 74, 73, 75, 72, 76, 73, 74, 75, 75, 74,
    74 ]
