%YAML:1.0
---
videoName: "headLookLeft4.mp4"
gestureLabel: 203
fps: 29
pixelSizeInCmTemp: 3.4710144927536229e-01
faceCenterPointX: 288
faceCenterPointY: 74
headPositionsX: [ 289, 262, 264, 265, 266, 268, 268, 271, 272, 273, 277,
    278, 281, 282, 285, 288, 295, 293, 295, 294, 294, 292, 297, 298, 291,
    293, 294, 295, 299, 292, 294, 292, 292, 294, 293, 294, 292, 295, 296,
    291, 291, 292, 295, 296, 292, 289, 289, 294, 290, 289, 294, 289, 290,
    290, 292, 287, 287, 292, 286, 290, 291, 288, 291, 286, 290, 291, 287,
    289, 285, 290, 287, 292, 290, 294, 291, 289, 293, 288, 294, 292, 289,
    289, 293, 292, 288, 292, 291, 290, 293, 290, 292, 291, 289, 286, 292,
    290, 289, 291, 289, 288 ]
headPositionsY: [ 75, 78, 80, 78, 80, 79, 81, 80, 77, 78, 78, 80, 75, 76,
    75, 75, 78, 76, 78, 79, 77, 78, 75, 76, 75, 76, 74, 79, 77, 78, 78,
    79, 77, 77, 75, 77, 81, 75, 76, 75, 77, 75, 72, 76, 74, 72, 74, 76,
    73, 76, 76, 75, 74, 73, 73, 76, 74, 75, 74, 76, 76, 73, 74, 72, 72,
    73, 74, 72, 73, 72, 75, 74, 75, 74, 76, 74, 78, 74, 77, 76, 78, 74,
    75, 77, 76, 76, 74, 77, 75, 75, 77, 74, 78, 74, 74, 74, 73, 74, 72,
    76 ]
