%YAML:1.0
---
videoName: "headLookLeft7.mp4"
gestureLabel: 203
fps: 29
pixelSizeInCmTemp: 3.4214285714285714e-01
faceCenterPointX: 268
faceCenterPointY: 68
headPositionsX: [ 268, 246, 247, 247, 244, 245, 247, 247, 246, 244, 244,
    247, 247, 247, 246, 244, 246, 245, 243, 243, 246, 248, 246, 244, 243,
    246, 244, 246, 246, 249, 247, 250, 252, 252, 256, 260, 261, 264, 262,
    263, 267, 267, 266, 264, 268, 268, 270, 269, 266, 267, 268, 268, 267,
    270, 265, 266, 266, 266, 267, 270, 265, 270, 268, 270, 267, 269, 266,
    272, 266, 267, 268, 268, 269, 270, 269, 270, 267, 266, 267, 267, 267,
    267, 268, 265, 267, 267, 270, 269, 264, 272, 269, 267, 270, 270, 269,
    268, 269, 272, 270, 268 ]
headPositionsY: [ 66, 68, 71, 67, 68, 69, 67, 69, 69, 68, 71, 70, 69, 71,
    72, 69, 72, 72, 68, 69, 71, 70, 72, 71, 70, 70, 72, 71, 68, 72, 69,
    69, 70, 70, 69, 67, 67, 68, 69, 70, 68, 68, 67, 67, 66, 67, 70, 67,
    71, 70, 67, 71, 70, 68, 70, 70, 69, 69, 69, 68, 70, 71, 70, 70, 70,
    67, 70, 70, 66, 69, 69, 66, 70, 69, 71, 71, 67, 68, 68, 69, 65, 70,
    70, 70, 69, 70, 70, 66, 70, 70, 67, 71, 68, 70, 67, 71, 70, 68, 71,
    70 ]
