%YAML:1.0
---
videoName: "headLookLeft0.mp4"
gestureLabel: 203
fps: 29
pixelSizeInCmTemp: 3.6287878787878786e-01
faceCenterPointX: 286
faceCenterPointY: 69
headPositionsX: [ 286, 257, 252, 256, 256, 256, 253, 256, 254, 252, 251,
    253, 251, 254, 252, 254, 254, 252, 252, 254, 255, 253, 252, 257, 253,
    254, 255, 257, 252, 253, 255, 256, 255, 256, 253, 256, 257, 257, 255,
    254, 256, 257, 257, 255, 255, 255, 256, 254, 254, 255, 253, 254, 255,
    257, 254, 255, 258, 257, 257, 253, 256, 257, 257, 256, 256, 254, 254,
    256, 257, 256, 257, 258, 257, 256, 254, 253, 254, 256, 256, 259, 260,
    262, 265, 265, 268, 274, 276, 274, 284, 278, 278, 274, 281, 281, 285,
    285, 286, 286, 285, 284 ]
headPositionsY: [ 71, 70, 66, 67, 68, 67, 67, 70, 69, 69, 67, 69, 68, 68,
    71, 69, 69, 67, 70, 69, 68, 70, 68, 71, 68, 71, 71, 71, 68, 71, 72,
    73, 68, 72, 70, 72, 73, 73, 68, 69, 71, 70, 71, 73, 71, 73, 73, 70,
    70, 72, 69, 73, 69, 70, 73, 69, 72, 70, 73, 71, 72, 71, 74, 72, 74,
    70, 73, 69, 73, 72, 73, 70, 73, 72, 72, 73, 70, 72, 74, 70, 69, 69,
    69, 72, 72, 71, 67, 70, 69, 66, 66, 65, 68, 69, 67, 71, 69, 67, 70,
    71 ]
