%YAML:1.0
---
videoName: "headLookLeft9.mp4"
gestureLabel: 203
fps: 30
pixelSizeInCmTemp: 3.2364864864864862e-01
faceCenterPointX: 273
faceCenterPointY: 69
headPositionsX: [ 272, 246, 249, 250, 247, 248, 249, 244, 246, 246, 246,
    247, 244, 247, 247, 245, 247, 247, 248, 246, 248, 244, 244, 246, 245,
    247, 243, 246, 246, 244, 247, 245, 250, 250, 253, 253, 254, 259, 257,
    262, 262, 266, 267, 268, 267, 268, 271, 268, 270, 271, 272, 273, 273,
    270, 273, 270, 274, 271, 272, 272, 271, 272, 269, 270, 271, 270, 270,
    272, 273, 270, 273, 272, 272, 270, 274, 271, 272, 271, 271, 271, 270,
    270, 270, 268, 271, 268, 269, 269, 271, 273, 274, 271, 272, 269, 271,
    272, 273, 270, 268, 270 ]
headPositionsY: [ 69, 73, 70, 70, 69, 69, 71, 69, 68, 70, 70, 73, 68, 69,
    70, 71, 71, 72, 70, 71, 70, 72, 71, 68, 70, 73, 73, 71, 71, 71, 70,
    69, 72, 73, 70, 69, 70, 70, 68, 67, 68, 67, 70, 68, 69, 66, 68, 65,
    66, 68, 70, 68, 67, 65, 68, 69, 66, 66, 70, 67, 68, 65, 69, 67, 70,
    69, 65, 68, 67, 65, 69, 67, 69, 69, 68, 69, 67, 65, 69, 69, 66, 70,
    65, 68, 67, 65, 68, 68, 67, 66, 66, 67, 68, 66, 66, 66, 70, 68, 71,
    71 ]
