%YAML:1.0
---
videoName: "headLookLeft0.mp4"
gestureLabel: 203
fps: 29
pixelSizeInCmTemp: 3.6287878787878786e-01
faceCenterPointX: 286
faceCenterPointY: 69
headPositionsX: [ 284, 257, 253, 254, 253, 254, 253, 256, 253, 251, 252,
    253, 252, 252, 253, 252, 254, 254, 254, 253, 252, 256, 256, 253, 253,
    257, 253, 254, 255, 256, 253, 253, 257, 252, 255, 256, 256, 256, 255,
    255, 254, 258, 256, 257, 257, 254, 257, 258, 254, 256, 256, 256, 254,
    255, 255, 257, 256, 253, 253, 257, 254, 253, 256, 257, 257, 256, 254,
    256, 257, 256, 254, 255, 256, 257, 257, 255, 257, 255, 260, 263, 259,
    264, 268, 266, 269, 274, 273, 277, 284, 277, 278, 278, 281, 283, 286,
    285, 287, 284, 286, 284 ]
headPositionsY: [ 69, 68, 67, 69, 70, 71, 70, 67, 68, 68, 67, 67, 69, 68,
    69, 70, 67, 70, 68, 67, 69, 67, 70, 71, 67, 68, 70, 72, 67, 68, 68,
    73, 70, 71, 72, 69, 69, 70, 70, 69, 68, 68, 68, 70, 70, 72, 70, 74,
    70, 71, 69, 72, 72, 69, 72, 69, 71, 72, 71, 69, 74, 70, 70, 71, 70,
    69, 69, 70, 71, 71, 71, 73, 70, 73, 73, 72, 73, 71, 73, 74, 70, 70,
    69, 70, 71, 67, 67, 71, 69, 65, 66, 69, 66, 68, 71, 70, 68, 68, 71,
    69 ]
