%YAML:1.0
---
videoName: "headLookLeft8.mp4"
gestureLabel: 203
fps: 29
pixelSizeInCmTemp: 3.6287878787878786e-01
faceCenterPointX: 273
faceCenterPointY: 69
headPositionsX: [ 274, 242, 244, 243, 243, 243, 239, 239, 241, 242, 240,
    243, 241, 245, 242, 242, 247, 248, 247, 249, 248, 246, 249, 247, 248,
    245, 244, 245, 244, 247, 248, 248, 246, 245, 248, 246, 247, 244, 246,
    247, 244, 247, 244, 247, 248, 247, 244, 244, 248, 246, 245, 247, 247,
    247, 250, 250, 254, 255, 256, 262, 264, 267, 267, 272, 267, 273, 273,
    281, 283, 276, 276, 275, 276, 277, 275, 279, 274, 275, 279, 280, 280,
    280, 278, 270, 271, 276, 278, 276, 273, 274, 276, 275, 272, 273, 278,
    275, 273, 273, 273, 270 ]
headPositionsY: [ 70, 68, 66, 68, 65, 66, 68, 65, 69, 67, 69, 68, 67, 70,
    70, 70, 67, 69, 70, 68, 69, 68, 67, 67, 68, 72, 69, 72, 71, 71, 72,
    72, 74, 74, 71, 71, 70, 71, 70, 70, 73, 71, 70, 70, 71, 71, 72, 71,
    72, 75, 71, 71, 72, 72, 71, 71, 71, 68, 69, 67, 72, 68, 68, 72, 67,
    69, 71, 69, 70, 68, 70, 67, 71, 69, 72, 68, 67, 69, 71, 69, 71, 72,
    68, 67, 65, 68, 68, 71, 67, 69, 68, 68, 71, 69, 73, 67, 71, 69, 70,
    67 ]
