%YAML:1.0
---
videoName: "headLookLeft8.mp4"
gestureLabel: 203
fps: 29
pixelSizeInCmTemp: 3.6287878787878786e-01
faceCenterPointX: 273
faceCenterPointY: 69
headPositionsX: [ 275, 241, 243, 241, 241, 243, 242, 241, 243, 240, 242,
    242, 240, 245, 243, 245, 246, 248, 247, 249, 249, 248, 246, 249, 246,
    248, 248, 249, 245, 247, 247, 245, 246, 249, 247, 245, 243, 247, 244,
    245, 245, 245, 244, 245, 246, 245, 248, 246, 248, 246, 245, 249, 250,
    246, 250, 249, 256, 255, 260, 262, 263, 268, 269, 273, 268, 272, 273,
    281, 284, 272, 275, 276, 279, 274, 279, 276, 276, 274, 276, 281, 276,
    279, 277, 269, 270, 273, 276, 275, 275, 276, 274, 274, 274, 273, 276,
    272, 273, 273, 273, 272 ]
headPositionsY: [ 68, 69, 69, 69, 67, 69, 69, 67, 69, 67, 69, 65, 70, 68,
    67, 68, 70, 66, 69, 68, 71, 67, 67, 68, 68, 72, 69, 69, 72, 73, 72,
    70, 70, 70, 71, 73, 72, 74, 73, 71, 73, 69, 72, 72, 73, 74, 72, 71,
    74, 71, 75, 71, 73, 72, 70, 70, 71, 71, 70, 68, 71, 71, 70, 73, 71,
    71, 69, 69, 72, 71, 67, 70, 70, 70, 68, 69, 68, 67, 71, 68, 69, 68,
    72, 69, 68, 70, 70, 71, 69, 67, 67, 69, 68, 69, 71, 71, 68, 71, 70,
    70 ]
