%YAML:1.0
---
videoName: "headLookLeft0.mp4"
gestureLabel: 203
fps: 29
pixelSizeInCmTemp: 3.6287878787878786e-01
faceCenterPointX: 286
faceCenterPointY: 69
headPositionsX: [ 288, 254, 253, 257, 253, 254, 254, 254, 256, 255, 251,
    255, 254, 252, 254, 253, 251, 253, 252, 254, 252, 252, 253, 255, 254,
    254, 256, 255, 253, 256, 255, 254, 257, 253, 253, 253, 257, 257, 257,
    256, 257, 258, 257, 257, 258, 255, 257, 258, 257, 256, 254, 255, 256,
    254, 255, 255, 257, 256, 253, 256, 254, 253, 255, 253, 256, 256, 256,
    254, 256, 253, 255, 254, 257, 257, 254, 253, 254, 254, 260, 259, 258,
    263, 267, 266, 272, 270, 272, 276, 283, 279, 280, 275, 279, 284, 284,
    285, 284, 287, 286, 287 ]
headPositionsY: [ 70, 68, 67, 68, 69, 67, 67, 66, 70, 69, 70, 68, 68, 69,
    72, 72, 71, 68, 70, 70, 72, 68, 70, 71, 69, 72, 71, 71, 69, 68, 69,
    70, 69, 72, 73, 71, 69, 69, 68, 71, 72, 68, 69, 72, 69, 72, 71, 72,
    69, 73, 70, 73, 71, 73, 69, 69, 74, 73, 71, 72, 72, 71, 73, 71, 71,
    73, 71, 71, 71, 73, 70, 73, 74, 72, 70, 70, 72, 69, 71, 72, 69, 70,
    69, 71, 72, 68, 70, 68, 73, 66, 64, 69, 67, 69, 71, 69, 71, 67, 71,
    68 ]
