%YAML:1.0
---
videoName: "headLookLeft9.mp4"
gestureLabel: 203
fps: 30
pixelSizeInCmTemp: 3.2364864864864862e-01
faceCenterPointX: 273
faceCenterPointY: 69
headPositionsX: [ 275, 249, 245, 247, 249, 247, 247, 245, 244, 248, 248,
    246, 245, 244, 248, 246, 245, 248, 246, 247, 248, 246, 247, 245, 246,
    245, 244, 243, 245, 247, 245, 247, 248, 247, 250, 252, 256, 258, 257,
    263, 263, 267, 270, 271, 266, 271, 271, 269, 272, 273, 269, 270, 271,
    271, 271, 271, 274, 271, 270, 270, 273, 271, 271, 272, 273, 270, 272,
    269, 276, 272, 269, 270, 272, 271, 273, 272, 272, 271, 271, 268, 273,
    270, 269, 269, 273, 268, 269, 273, 273, 273, 275, 272, 271, 268, 272,
    276, 271, 272, 270, 269 ]
headPositionsY: [ 70, 70, 72, 73, 69, 69, 69, 70, 70, 69, 71, 69, 69, 69,
    70, 70, 71, 72, 71, 72, 72, 70, 71, 69, 72, 72, 73, 71, 69, 71, 72,
    69, 73, 71, 69, 69, 68, 70, 69, 68, 67, 69, 66, 68, 68, 65, 66, 69,
    66, 71, 67, 65, 69, 66, 70, 67, 66, 66, 68, 66, 69, 66, 68, 67, 70,
    69, 69, 66, 70, 68, 68, 67, 66, 71, 69, 68, 71, 65, 68, 67, 68, 71,
    65, 70, 68, 69, 69, 70, 68, 68, 66, 66, 66, 66, 68, 69, 69, 70, 70,
    69 ]
