%YAML:1.0
---
videoName: "headLookLeft7.mp4"
gestureLabel: 203
fps: 29
pixelSizeInCmTemp: 3.4214285714285714e-01
faceCenterPointX: 268
faceCenterPointY: 68
headPositionsX: [ 269, 246, 248, 247, 248, 246, 247, 246, 244, 247, 247,
    243, 245, 247, 248, 243, 244, 244, 246, 244, 243, 244, 248, 247, 245,
    244, 245, 247, 248, 247, 246, 250, 251, 255, 256, 259, 263, 262, 265,
    265, 267, 264, 268, 264, 266, 267, 267, 266, 269, 268, 268, 270, 269,
    270, 267, 266, 266, 266, 268, 271, 265, 271, 264, 269, 270, 267, 268,
    270, 263, 267, 268, 266, 267, 269, 266, 270, 271, 267, 266, 267, 265,
    271, 269, 265, 267, 270, 269, 268, 265, 268, 272, 267, 267, 270, 270,
    270, 269, 268, 270, 269 ]
headPositionsY: [ 69, 67, 67, 67, 70, 69, 70, 71, 70, 71, 69, 71, 70, 68,
    71, 71, 70, 70, 69, 70, 71, 72, 72, 68, 70, 70, 69, 69, 71, 70, 68,
    69, 67, 67, 71, 67, 69, 68, 66, 68, 66, 69, 70, 68, 65, 66, 67, 70,
    71, 66, 70, 70, 67, 68, 66, 69, 67, 67, 65, 69, 69, 68, 68, 68, 70,
    71, 69, 70, 69, 71, 68, 68, 70, 72, 70, 67, 68, 70, 66, 72, 65, 71,
    70, 68, 68, 67, 68, 68, 68, 72, 67, 71, 71, 69, 70, 72, 67, 69, 72,
    69 ]
