%YAML:1.0
---
videoName: "headLookLeft6.mp4"
gestureLabel: 203
fps: 29
pixelSizeInCmTemp: 3.2808219178082193e-01
faceCenterPointX: 267
faceCenterPointY: 69
headPositionsX: [ 268, 245, 244, 247, 244, 245, 248, 244, 246, 246, 246,
    244, 247, 245, 244, 245, 247, 247, 245, 244, 244, 244, 245, 247, 247,
    245, 247, 248, 251, 255, 252, 257, 260, 261, 262, 265, 266, 268, 269,
    268, 268, 271, 271, 265, 269, 268, 267, 271, 267, 269, 266, 268, 268,
    270, 267, 271, 268, 268, 266, 266, 268, 264, 269, 268, 268, 266, 268,
    267, 269, 268, 265, 266, 268, 268, 267, 266, 268, 270, 271, 267, 268,
    267, 265, 269, 266, 270, 266, 265, 264, 267, 265, 268, 268, 267, 266,
    266, 263, 265, 266, 265 ]
headPositionsY: [ 67, 73, 70, 70, 70, 70, 71, 71, 70, 71, 73, 74, 71, 72,
    74, 73, 72, 75, 70, 74, 72, 70, 73, 72, 72, 72, 74, 74, 73, 70, 69,
    70, 71, 72, 69, 70, 70, 72, 68, 72, 71, 69, 70, 71, 71, 69, 68, 68,
    68, 70, 70, 67, 69, 71, 73, 70, 70, 71, 72, 68, 71, 68, 71, 70, 68,
    68, 68, 67, 72, 68, 70, 71, 72, 71, 67, 70, 72, 69, 70, 70, 72, 68,
    70, 68, 69, 71, 69, 67, 70, 73, 71, 67, 69, 69, 72, 69, 69, 66, 68,
    68 ]
