%YAML:1.0
---
videoName: "headLookLeft6.mp4"
gestureLabel: 203
fps: 29
pixelSizeInCmTemp: 3.2808219178082193e-01
faceCenterPointX: 267
faceCenterPointY: 69
headPositionsX: [ 269, 244, 244, 245, 246, 243, 246, 246, 247, 248, 247,
    246, 243, 246, 244, 247, 246, 247, 247, 245, 244, 244, 247, 246, 245,
    245, 247, 251, 250, 253, 256, 256, 259, 262, 261, 267, 267, 269, 268,
    269, 267, 271, 267, 269, 271, 267, 269, 270, 266, 270, 269, 265, 267,
    267, 265, 269, 266, 271, 265, 266, 268, 268, 270, 269, 269, 266, 268,
    268, 267, 265, 269, 265, 265, 264, 263, 266, 265, 267, 272, 270, 264,
    266, 268, 268, 267, 267, 266, 267, 264, 271, 267, 266, 266, 269, 269,
    265, 265, 265, 268, 266 ]
headPositionsY: [ 68, 73, 73, 73, 71, 70, 71, 72, 72, 71, 72, 73, 74, 71,
    70, 73, 74, 71, 72, 72, 71, 71, 72, 70, 72, 72, 71, 73, 69, 70, 73,
    71, 69, 70, 69, 70, 69, 69, 72, 72, 67, 72, 71, 71, 71, 69, 66, 72,
    70, 70, 69, 68, 71, 68, 69, 69, 69, 70, 69, 72, 68, 68, 71, 68, 72,
    70, 70, 70, 71, 68, 68, 69, 72, 72, 67, 71, 70, 71, 70, 68, 73, 69,
    71, 71, 69, 71, 70, 70, 72, 73, 68, 70, 70, 71, 72, 69, 70, 70, 72,
    69 ]
