%YAML:1.0
---
videoName: "headLookLeft4.mp4"
gestureLabel: 203
fps: 29
pixelSizeInCmTemp: 3.4710144927536229e-01
faceCenterPointX: 288
faceCenterPointY: 74
headPositionsX: [ 286, 266, 266, 267, 267, 267, 270, 271, 274, 272, 274,
    281, 280, 284, 287, 287, 295, 294, 295, 294, 298, 293, 294, 298, 293,
    293, 292, 297, 298, 292, 293, 292, 294, 291, 293, 295, 296, 293, 297,
    294, 290, 292, 296, 295, 292, 292, 287, 291, 291, 291, 290, 291, 290,
    289, 289, 286, 288, 290, 290, 289, 291, 291, 290, 290, 291, 292, 287,
    288, 285, 291, 290, 293, 288, 293, 287, 292, 290, 288, 294, 288, 291,
    291, 292, 291, 291, 292, 288, 287, 293, 290, 290, 291, 290, 286, 290,
    286, 289, 287, 286, 290 ]
headPositionsY: [ 76, 79, 81, 81, 78, 80, 79, 76, 77, 79, 79, 76, 78, 76,
    78, 79, 75, 79, 77, 81, 77, 77, 73, 77, 75, 74, 76, 80, 75, 78, 78,
    80, 78, 76, 77, 75, 80, 74, 76, 76, 75, 72, 73, 76, 75, 74, 72, 76,
    75, 74, 74, 76, 72, 72, 74, 74, 73, 74, 71, 73, 76, 77, 78, 73, 73,
    75, 72, 76, 76, 74, 76, 75, 74, 78, 73, 75, 76, 72, 79, 73, 77, 74,
    77, 74, 75, 73, 75, 75, 75, 74, 78, 76, 75, 74, 76, 72, 74, 75, 75,
    74 ]
