%YAML:1.0
---
videoName: "headLookLeft8.mp4"
gestureLabel: 203
fps: 29
pixelSizeInCmTemp: 3.6287878787878786e-01
faceCenterPointX: 273
faceCenterPointY: 69
headPositionsX: [ 274, 243, 241, 240, 241, 239, 239, 240, 242, 239, 239,
    241, 242, 245, 241, 245, 243, 244, 249, 245, 248, 247, 246, 247, 248,
    248, 244, 248, 245, 248, 245, 245, 247, 247, 246, 244, 245, 247, 246,
    245, 247, 246, 243, 243, 246, 246, 247, 247, 248, 245, 247, 247, 248,
    246, 247, 252, 252, 257, 258, 260, 264, 266, 268, 272, 271, 274, 277,
    280, 282, 276, 275, 276, 280, 278, 275, 275, 272, 274, 275, 278, 276,
    280, 278, 269, 271, 274, 279, 276, 277, 277, 273, 273, 273, 277, 274,
    271, 276, 276, 272, 273 ]
headPositionsY: [ 69, 67, 66, 65, 69, 66, 69, 66, 66, 66, 68, 65, 69, 68,
    66, 70, 67, 70, 67, 68, 69, 70, 68, 69, 69, 68, 71, 69, 72, 70, 71,
    71, 72, 73, 72, 74, 72, 71, 72, 73, 72, 70, 72, 70, 75, 70, 72, 70,
    74, 73, 74, 71, 75, 70, 70, 72, 74, 72, 69, 70, 71, 69, 67, 70, 70,
    69, 67, 71, 69, 69, 69, 68, 71, 69, 69, 71, 70, 71, 70, 68, 71, 71,
    69, 70, 68, 71, 70, 69, 69, 67, 70, 68, 69, 67, 69, 68, 69, 71, 68,
    71 ]
