%YAML:1.0
---
videoName: "headLookLeft4.mp4"
gestureLabel: 203
fps: 29
pixelSizeInCmTemp: 3.4710144927536229e-01
faceCenterPointX: 288
faceCenterPointY: 74
headPositionsX: [ 287, 263, 266, 264, 268, 265, 266, 270, 275, 271, 277,
    277, 283, 283, 285, 289, 292, 296, 294, 298, 295, 295, 295, 296, 290,
    295, 294, 298, 298, 296, 296, 296, 292, 291, 294, 294, 292, 294, 295,
    292, 290, 288, 296, 293, 292, 292, 289, 292, 289, 289, 291, 288, 289,
    290, 292, 290, 288, 288, 288, 288, 290, 290, 291, 290, 289, 293, 288,
    288, 286, 291, 288, 289, 288, 294, 288, 289, 293, 287, 292, 291, 293,
    291, 291, 290, 290, 292, 290, 288, 294, 291, 290, 287, 292, 290, 291,
    290, 292, 288, 289, 291 ]
headPositionsY: [ 75, 80, 78, 80, 77, 78, 81, 80, 77, 77, 80, 79, 76, 75,
    77, 77, 79, 79, 75, 80, 73, 77, 77, 75, 73, 76, 74, 77, 78, 75, 78,
    80, 76, 78, 76, 77, 81, 74, 78, 74, 78, 74, 75, 75, 75, 73, 72, 78,
    72, 73, 75, 76, 71, 75, 73, 72, 72, 76, 73, 77, 75, 74, 76, 75, 72,
    76, 76, 75, 72, 76, 74, 74, 75, 78, 75, 77, 75, 74, 77, 75, 77, 74,
    78, 75, 76, 75, 74, 75, 76, 75, 76, 77, 77, 72, 76, 72, 76, 73, 76,
    75 ]
