%YAML:1.0
---
videoName: "headLookLeft7.mp4"
gestureLabel: 203
fps: 29
pixelSizeInCmTemp: 3.4214285714285714e-01
faceCenterPointX: 268
faceCenterPointY: 68
headPositionsX: [ 268, 248, 248, 245, 247, 246, 244, 244, 243, 246, 243,
    243, 243, 245, 244, 245, 243, 246, 245, 243, 245, 245, 247, 243, 245,
    246, 244, 246, 244, 246, 248, 252, 251, 255, 259, 258, 260, 262, 262,
    266, 268, 263, 266, 263, 264, 268, 267, 269, 267, 269, 266, 269, 267,
    267, 268, 267, 268, 267, 269, 269, 268, 269, 264, 269, 267, 269, 268,
    268, 266, 268, 268, 265, 266, 267, 268, 266, 269, 270, 264, 267, 269,
    268, 271, 267, 271, 266, 269, 268, 268, 269, 272, 268, 271, 267, 269,
    272, 268, 272, 270, 271 ]
headPositionsY: [ 68, 67, 67, 71, 69, 68, 68, 70, 69, 69, 67, 70, 69, 69,
    73, 73, 72, 70, 68, 68, 71, 69, 70, 71, 67, 70, 71, 68, 71, 72, 69,
    69, 67, 69, 68, 70, 70, 70, 66, 66, 65, 67, 68, 66, 68, 68, 71, 68,
    70, 66, 69, 71, 67, 67, 68, 69, 67, 69, 69, 71, 68, 71, 67, 71, 68,
    69, 68, 70, 69, 69, 70, 70, 69, 71, 70, 70, 67, 68, 70, 69, 65, 68,
    68, 70, 70, 68, 67, 68, 70, 71, 69, 70, 70, 70, 71, 68, 70, 69, 70,
    67 ]
