%YAML:1.0
---
videoName: "headLookLeft6.mp4"
gestureLabel: 203
fps: 29
pixelSizeInCmTemp: 3.2808219178082193e-01
faceCenterPointX: 267
faceCenterPointY: 69
headPositionsX: [ 266, 243, 246, 243, 244, 245, 244, 245, 243, 246, 244,
    243, 245, 243, 243, 247, 245, 244, 244, 247, 244, 245, 247, 247, 246,
    246, 250, 249, 252, 255, 252, 259, 258, 259, 263, 267, 267, 267, 268,
    268, 270, 269, 270, 267, 269, 271, 268, 267, 267, 269, 269, 266, 269,
    269, 269, 271, 265, 268, 269, 270, 267, 265, 266, 270, 271, 268, 266,
    269, 267, 269, 266, 266, 265, 265, 266, 266, 264, 267, 272, 270, 264,
    268, 266, 269, 267, 270, 267, 269, 268, 268, 267, 267, 268, 265, 267,
    266, 265, 268, 268, 265 ]
headPositionsY: [ 70, 72, 70, 74, 73, 73, 71, 71, 73, 73, 70, 72, 74, 74,
    71, 72, 73, 75, 71, 73, 74, 72, 72, 71, 71, 72, 70, 72, 72, 72, 70,
    73, 70, 72, 73, 71, 71, 70, 69, 69, 67, 70, 69, 71, 69, 70, 67, 71,
    70, 72, 70, 71, 72, 68, 69, 72, 72, 68, 69, 68, 72, 70, 69, 67, 70,
    71, 72, 69, 72, 68, 70, 70, 70, 70, 67, 71, 71, 67, 69, 72, 70, 70,
    72, 68, 71, 67, 68, 67, 71, 72, 68, 70, 70, 68, 72, 69, 70, 67, 69,
    68 ]
