%YAML:1.0
---
videoName: "headLookLeft9.mp4"
gestureLabel: 203
fps: 30
pixelSizeInCmTemp: 3.2364864864864862e-01
faceCenterPointX: 273
faceCenterPointY: 69
headPositionsX: [ 271, 248, 245, 249, 245, 245, 249, 245, 244, 248, 249,
    247, 245, 244, 245, 248, 247, 247, 245, 248, 248, 245, 245, 247, 244,
    247, 243, 247, 246, 244, 244, 244, 249, 250, 252, 252, 253, 255, 258,
    260, 266, 267, 266, 269, 268, 268, 273, 272, 270, 273, 271, 271, 269,
    268, 274, 273, 275, 272, 270, 271, 273, 270, 272, 270, 274, 274, 271,
    271, 274, 269, 269, 269, 274, 271, 275, 274, 272, 271, 273, 271, 272,
    268, 270, 272, 272, 267, 270, 270, 273, 272, 275, 270, 272, 268, 269,
    272, 269, 271, 271, 268 ]
headPositionsY: [ 70, 69, 68, 73, 72, 71, 72, 72, 69, 72, 70, 69, 71, 70,
    70, 72, 69, 69, 72, 69, 72, 69, 73, 70, 69, 73, 71, 73, 73, 73, 71,
    71, 70, 71, 71, 68, 67, 68, 68, 68, 70, 66, 70, 70, 68, 65, 65, 67,
    69, 68, 70, 65, 69, 69, 70, 69, 65, 70, 68, 66, 68, 69, 71, 69, 69,
    67, 66, 68, 67, 65, 66, 69, 67, 69, 68, 67, 70, 69, 66, 66, 70, 70,
    69, 69, 67, 68, 66, 69, 66, 69, 67, 67, 66, 66, 69, 67, 71, 67, 70,
    68 ]
