%YAML:1.0
---
videoName: "headLookLeft1.mp4"
gestureLabel: 203
fps: 30
pixelSizeInCmTemp: 3.6287878787878786e-01
faceCenterPointX: 276
faceCenterPointY: 73
headPositionsX: [ 278, 256, 255, 254, 255, 255, 257, 255, 257, 255, 255,
    256, 256, 256, 254, 257, 255, 255, 255, 258, 257, 254, 255, 255, 256,
    254, 257, 255, 256, 256, 254, 257, 258, 256, 257, 255, 255, 257, 259,
    254, 258, 255, 253, 254, 256, 254, 255, 257, 255, 257, 257, 254, 256,
    257, 254, 257, 256, 258, 257, 257, 261, 264, 263, 264, 267, 271, 272,
    274, 276, 276, 279, 275, 272, 271, 273, 281, 279, 276, 277, 275, 278,
    277, 279, 277, 281, 279, 278, 278, 281, 278, 281, 278, 278, 274, 275,
    278, 278, 277, 279, 273 ]
headPositionsY: [ 72, 74, 76, 77, 77, 74, 78, 76, 77, 76, 76, 76, 74, 74,
    74, 75, 74, 76, 75, 79, 79, 76, 76, 77, 75, 80, 78, 79, 76, 80, 80,
    78, 77, 77, 77, 78, 77, 80, 76, 77, 78, 77, 78, 79, 77, 80, 76, 78,
    79, 77, 78, 77, 80, 78, 79, 80, 79, 76, 78, 80, 81, 81, 79, 76, 75,
    79, 76, 76, 76, 77, 76, 77, 74, 76, 72, 77, 74, 74, 78, 76, 77, 76,
    75, 77, 75, 77, 74, 74, 75, 76, 74, 74, 76, 75, 74, 74, 74, 77, 73,
    71 ]
