%YAML:1.0
---
videoName: "headLookLeft2.mp4"
gestureLabel: 203
fps: 29
pixelSizeInCmTemp: 3.6846153846153845e-01
faceCenterPointX: 278
faceCenterPointY: 74
headPositionsX: [ 277, 256, 258, 257, 258, 257, 260, 259, 258, 261, 258,
    259, 260, 258, 263, 260, 261, 260, 260, 264, 262, 267, 267, 265, 270,
    271, 271, 271, 274, 276, 276, 275, 277, 280, 277, 281, 280, 280, 280,
    278, 278, 278, 282, 281, 278, 279, 281, 280, 287, 278, 279, 284, 284,
    282, 280, 279, 277, 270, 279, 280, 282, 277, 280, 279, 280, 280, 278,
    282, 283, 282, 282, 283, 279, 276, 276, 283, 278, 281, 279, 280, 276,
    279, 280, 279, 284, 277, 284, 280, 276, 283, 280, 277, 281, 282, 279,
    277, 280, 281, 287, 278 ]
headPositionsY: [ 76, 75, 75, 78, 73, 76, 76, 77, 78, 78, 75, 77, 76, 76,
    77, 77, 75, 77, 76, 75, 73, 78, 74, 76, 77, 74, 74, 78, 75, 74, 75,
    73, 71, 75, 73, 74, 72, 74, 76, 75, 73, 77, 74, 74, 76, 73, 76, 73,
    75, 77, 76, 76, 75, 75, 75, 75, 76, 75, 75, 76, 75, 73, 74, 74, 72,
    73, 74, 77, 73, 73, 76, 74, 76, 71, 72, 75, 71, 77, 74, 74, 74, 73,
    72, 76, 77, 72, 73, 76, 73, 76, 74, 76, 74, 72, 74, 72, 72, 76, 74,
    74 ]
