%YAML:1.0
---
videoName: "headLookLeft6.mp4"
gestureLabel: 203
fps: 29
pixelSizeInCmTemp: 3.2808219178082193e-01
faceCenterPointX: 267
faceCenterPointY: 69
headPositionsX: [ 267, 243, 242, 244, 243, 246, 244, 245, 245, 244, 247,
    245, 245, 243, 245, 244, 247, 245, 244, 244, 245, 246, 244, 247, 247,
    247, 250, 249, 252, 251, 253, 259, 258, 263, 264, 264, 269, 269, 269,
    272, 269, 267, 271, 266, 271, 268, 268, 267, 270, 269, 267, 267, 269,
    267, 265, 270, 269, 270, 269, 270, 268, 267, 269, 270, 269, 267, 269,
    266, 268, 268, 265, 267, 268, 267, 267, 268, 266, 268, 269, 267, 268,
    265, 266, 267, 267, 270, 269, 268, 266, 268, 266, 266, 265, 267, 267,
    267, 266, 265, 269, 267 ]
headPositionsY: [ 67, 74, 72, 70, 74, 70, 73, 73, 69, 72, 71, 71, 70, 72,
    71, 70, 73, 71, 73, 72, 70, 72, 70, 71, 73, 73, 70, 73, 71, 72, 72,
    72, 70, 72, 70, 70, 72, 72, 69, 72, 70, 72, 69, 68, 68, 68, 67, 71,
    72, 69, 68, 69, 69, 68, 70, 69, 68, 72, 71, 68, 69, 71, 70, 66, 70,
    68, 72, 69, 69, 69, 70, 67, 72, 69, 69, 68, 72, 68, 72, 71, 71, 70,
    69, 71, 68, 70, 71, 68, 70, 71, 71, 69, 68, 68, 69, 67, 69, 69, 70,
    70 ]
