%YAML:1.0
---
videoName: "headLookLeft5.mp4"
gestureLabel: 203
fps: 30
pixelSizeInCmTemp: 3.5746268656716418e-01
faceCenterPointX: 284
faceCenterPointY: 67
headPositionsX: [ 284, 258, 258, 259, 258, 259, 259, 259, 260, 258, 260,
    259, 260, 261, 262, 263, 263, 264, 264, 263, 263, 267, 270, 269, 271,
    273, 274, 276, 280, 277, 279, 282, 284, 280, 283, 285, 290, 287, 285,
    288, 283, 284, 282, 286, 287, 287, 287, 286, 286, 284, 287, 285, 283,
    283, 286, 281, 282, 281, 286, 285, 285, 281, 281, 285, 285, 283, 286,
    281, 284, 282, 287, 283, 282, 286, 281, 285, 288, 284, 285, 283, 287,
    284, 286, 285, 286, 284, 284, 284, 285, 285, 285, 286, 285, 286, 285,
    284, 282, 283, 283, 282 ]
headPositionsY: [ 68, 71, 72, 73, 73, 72, 70, 70, 71, 73, 73, 70, 69, 73,
    71, 72, 71, 74, 74, 72, 72, 74, 74, 72, 72, 72, 72, 70, 69, 68, 70,
    71, 68, 67, 71, 68, 68, 71, 65, 68, 70, 68, 68, 68, 68, 67, 71, 70,
    67, 69, 67, 70, 68, 68, 66, 70, 66, 70, 69, 66, 70, 66, 68, 69, 70,
    67, 68, 68, 65, 71, 69, 69, 70, 66, 66, 70, 70, 67, 67, 67, 70, 68,
    67, 69, 71, 67, 67, 67, 69, 68, 70, 69, 67, 67, 70, 70, 67, 68, 67,
    67 ]
