%YAML:1.0
---
videoName: "headLookLeft7.mp4"
gestureLabel: 203
fps: 29
pixelSizeInCmTemp: 3.4214285714285714e-01
faceCenterPointX: 268
faceCenterPointY: 68
headPositionsX: [ 269, 244, 248, 243, 245, 246, 245, 244, 245, 247, 247,
    246, 244, 243, 246, 245, 246, 243, 246, 244, 245, 247, 247, 247, 247,
    245, 246, 248, 248, 249, 246, 249, 255, 252, 259, 257, 260, 262, 261,
    266, 265, 267, 266, 266, 265, 270, 267, 268, 265, 269, 266, 269, 267,
    267, 265, 268, 265, 266, 268, 269, 267, 270, 264, 266, 269, 265, 268,
    268, 264, 265, 267, 265, 270, 268, 269, 266, 271, 270, 265, 270, 266,
    268, 270, 269, 267, 270, 267, 270, 268, 270, 270, 269, 267, 268, 268,
    268, 270, 272, 270, 271 ]
headPositionsY: [ 68, 70, 69, 71, 71, 67, 70, 72, 71, 69, 71, 72, 72, 71,
    70, 73, 68, 70, 72, 68, 69, 72, 72, 68, 68, 72, 70, 69, 72, 68, 70,
    71, 70, 70, 69, 67, 66, 68, 70, 68, 65, 69, 67, 67, 66, 69, 67, 66,
    69, 70, 69, 69, 66, 70, 68, 68, 69, 68, 66, 67, 69, 70, 67, 71, 67,
    71, 68, 70, 69, 67, 68, 68, 67, 69, 70, 71, 71, 68, 66, 68, 69, 71,
    70, 70, 70, 68, 66, 69, 69, 72, 70, 70, 71, 67, 70, 68, 70, 68, 69,
    67 ]
