%YAML:1.0
---
videoName: "headLookLeft7.mp4"
gestureLabel: 203
fps: 29
pixelSizeInCmTemp: 3.4214285714285714e-01
faceCenterPointX: 268
faceCenterPointY: 68
headPositionsX: [ 266, 245, 246, 243, 244, 246, 245, 244, 244, 246, 247,
    243, 243, 245, 248, 243, 244, 245, 244, 244, 246, 246, 248, 243, 247,
    243, 247, 244, 244, 250, 247, 251, 255, 255, 255, 257, 260, 261, 261,
    266, 267, 266, 266, 266, 266, 268, 268, 266, 268, 269, 267, 267, 266,
    270, 267, 270, 269, 267, 265, 271, 264, 268, 265, 269, 267, 267, 266,
    269, 266, 268, 270, 268, 268, 268, 266, 270, 267, 266, 264, 270, 267,
    269, 271, 265, 268, 267, 269, 268, 264, 268, 269, 266, 269, 269, 267,
    272, 271, 270, 270, 270 ]
headPositionsY: [ 70, 68, 71, 68, 68, 71, 67, 69, 67, 71, 70, 69, 71, 71,
    70, 69, 72, 71, 70, 70, 69, 71, 71, 71, 70, 68, 72, 69, 68, 72, 68,
    67, 69, 71, 67, 69, 68, 70, 66, 67, 67, 65, 66, 66, 68, 67, 70, 67,
    70, 69, 68, 69, 68, 71, 69, 69, 71, 68, 68, 67, 67, 69, 70, 70, 67,
    69, 68, 68, 66, 70, 69, 70, 71, 72, 69, 68, 70, 69, 66, 71, 65, 71,
    72, 69, 71, 66, 69, 67, 68, 72, 67, 69, 70, 69, 67, 68, 68, 69, 69,
    69 ]
