%YAML:1.0
---
videoName: "headLookLeft6.mp4"
gestureLabel: 203
fps: 29
pixelSizeInCmTemp: 3.2808219178082193e-01
faceCenterPointX: 267
faceCenterPointY: 69
headPositionsX: [ 266, 243, 244, 246, 242, 247, 244, 248, 244, 244, 248,
    243, 246, 245, 243, 247, 247, 246, 244, 246, 247, 245, 245, 246, 243,
    246, 250, 248, 252, 253, 254, 255, 260, 262, 265, 264, 268, 267, 269,
    271, 268, 268, 268, 265, 271, 268, 269, 270, 266, 271, 269, 268, 269,
    269, 267, 268, 268, 267, 266, 270, 268, 265, 270, 267, 267, 264, 266,
    265, 266, 268, 265, 265, 265, 265, 266, 267, 266, 266, 268, 270, 268,
    266, 264, 269, 265, 269, 268, 268, 264, 271, 269, 268, 265, 265, 266,
    269, 263, 266, 270, 268 ]
headPositionsY: [ 69, 74, 71, 72, 73, 74, 72, 71, 73, 75, 70, 71, 70, 74,
    71, 72, 73, 71, 70, 70, 73, 71, 74, 71, 72, 75, 73, 71, 69, 69, 72,
    69, 70, 73, 73, 69, 70, 72, 72, 69, 70, 68, 67, 71, 71, 69, 70, 71,
    69, 72, 70, 69, 68, 68, 69, 70, 69, 68, 71, 72, 72, 70, 68, 67, 70,
    69, 68, 70, 68, 70, 69, 71, 71, 68, 70, 71, 72, 68, 72, 71, 73, 70,
    72, 70, 68, 69, 71, 69, 72, 70, 72, 71, 72, 71, 71, 68, 71, 66, 70,
    66 ]
