%YAML:1.0
---
videoName: "headLookLeft4.mp4"
gestureLabel: 203
fps: 29
pixelSizeInCmTemp: 3.4710144927536229e-01
faceCenterPointX: 288
faceCenterPointY: 74
headPositionsX: [ 288, 264, 266, 264, 266, 268, 268, 268, 274, 275, 277,
    281, 281, 285, 284, 291, 292, 295, 296, 295, 295, 291, 293, 297, 292,
    297, 293, 296, 296, 293, 294, 296, 295, 295, 292, 296, 296, 296, 294,
    295, 291, 289, 296, 294, 292, 289, 289, 293, 291, 292, 294, 289, 291,
    292, 288, 288, 290, 288, 286, 289, 291, 290, 293, 289, 290, 290, 291,
    291, 286, 290, 288, 291, 290, 293, 287, 291, 290, 288, 292, 292, 293,
    288, 293, 290, 289, 289, 290, 288, 292, 289, 288, 290, 291, 287, 289,
    288, 289, 287, 287, 287 ]
headPositionsY: [ 73, 79, 80, 81, 81, 81, 81, 80, 78, 79, 76, 80, 79, 79,
    77, 78, 79, 78, 78, 78, 73, 76, 76, 76, 77, 75, 76, 81, 76, 79, 77,
    79, 80, 74, 75, 73, 79, 74, 77, 75, 75, 76, 74, 74, 73, 73, 74, 77,
    74, 76, 75, 75, 74, 74, 73, 76, 72, 73, 75, 73, 75, 73, 75, 73, 73,
    73, 72, 73, 72, 76, 76, 72, 77, 75, 73, 73, 76, 73, 79, 75, 78, 74,
    79, 74, 76, 76, 75, 77, 76, 73, 77, 73, 76, 75, 74, 73, 77, 74, 76,
    74 ]
