%YAML:1.0
---
videoName: "headLookLeft9.mp4"
gestureLabel: 203
fps: 30
pixelSizeInCmTemp: 3.2364864864864862e-01
faceCenterPointX: 273
faceCenterPointY: 69
headPositionsX: [ 274, 247, 246, 248, 246, 246, 249, 248, 247, 245, 245,
    245, 244, 245, 246, 247, 245, 248, 247, 248, 246, 243, 244, 246, 246,
    246, 243, 245, 246, 247, 246, 247, 246, 250, 252, 251, 253, 255, 257,
    260, 262, 265, 266, 267, 264, 268, 273, 272, 268, 271, 271, 272, 272,
    269, 271, 272, 274, 273, 270, 270, 270, 270, 270, 270, 272, 271, 271,
    272, 275, 270, 272, 272, 274, 271, 273, 271, 272, 270, 271, 269, 272,
    271, 271, 269, 271, 268, 271, 270, 273, 270, 273, 270, 271, 270, 273,
    274, 269, 272, 268, 270 ]
headPositionsY: [ 68, 72, 71, 70, 69, 71, 71, 69, 70, 71, 72, 71, 72, 71,
    70, 71, 70, 69, 70, 71, 70, 70, 73, 71, 71, 71, 69, 69, 71, 73, 70,
    70, 73, 71, 69, 70, 69, 68, 68, 66, 66, 70, 66, 68, 67, 66, 67, 67,
    69, 70, 67, 66, 67, 68, 68, 67, 68, 67, 66, 69, 70, 67, 68, 69, 67,
    70, 69, 69, 69, 66, 69, 69, 66, 71, 70, 66, 69, 66, 65, 70, 66, 69,
    65, 70, 69, 68, 67, 69, 70, 67, 66, 66, 69, 69, 68, 70, 69, 67, 69,
    67 ]
