%YAML:1.0
---
videoName: "headLookLeft6.mp4"
gestureLabel: 203
fps: 29
pixelSizeInCmTemp: 3.2808219178082193e-01
faceCenterPointX: 267
faceCenterPointY: 69
headPositionsX: [ 268, 244, 243, 247, 243, 246, 247, 247, 244, 244, 244,
    244, 247, 247, 246, 246, 247, 244, 247, 245, 245, 243, 245, 247, 244,
    248, 250, 249, 253, 253, 253, 255, 258, 263, 262, 264, 266, 268, 266,
    271, 266, 269, 267, 268, 269, 267, 270, 267, 266, 268, 266, 268, 271,
    269, 269, 272, 266, 268, 265, 270, 267, 267, 268, 267, 269, 266, 266,
    269, 269, 265, 268, 268, 269, 267, 265, 269, 264, 266, 272, 267, 264,
    268, 265, 268, 268, 266, 268, 266, 267, 271, 268, 269, 268, 267, 269,
    269, 263, 264, 270, 267 ]
headPositionsY: [ 71, 71, 69, 70, 74, 73, 70, 71, 73, 73, 71, 70, 73, 72,
    70, 73, 72, 74, 71, 72, 70, 72, 73, 71, 74, 71, 73, 70, 72, 69, 69,
    71, 70, 69, 70, 70, 72, 71, 69, 71, 69, 68, 71, 70, 70, 71, 70, 70,
    70, 72, 69, 67, 70, 67, 72, 72, 72, 68, 68, 70, 72, 70, 72, 70, 72,
    70, 69, 68, 72, 68, 69, 70, 70, 72, 70, 69, 69, 69, 71, 70, 70, 72,
    72, 68, 68, 68, 68, 67, 72, 70, 69, 67, 71, 67, 69, 70, 68, 70, 70,
    68 ]
