%YAML:1.0
---
videoName: "headLookLeft1.mp4"
gestureLabel: 203
fps: 30
pixelSizeInCmTemp: 3.6287878787878786e-01
faceCenterPointX: 276
faceCenterPointY: 73
headPositionsX: [ 275, 256, 254, 255, 255, 258, 258, 256, 257, 257, 255,
    258, 258, 254, 255, 254, 254, 256, 257, 254, 256, 254, 257, 258, 255,
    256, 258, 255, 257, 258, 258, 258, 255, 254, 257, 257, 256, 257, 258,
    254, 257, 259, 253, 258, 255, 254, 256, 258, 257, 255, 256, 255, 253,
    254, 255, 258, 258, 254, 258, 260, 260, 261, 261, 266, 268, 269, 274,
    274, 274, 274, 278, 278, 274, 274, 271, 280, 278, 277, 278, 276, 281,
    280, 277, 277, 278, 280, 276, 279, 281, 279, 280, 278, 279, 275, 274,
    277, 280, 276, 279, 273 ]
headPositionsY: [ 72, 78, 73, 75, 77, 77, 75, 74, 75, 77, 77, 76, 76, 75,
    76, 76, 75, 79, 76, 78, 77, 76, 75, 77, 78, 79, 78, 77, 79, 79, 76,
    77, 77, 77, 77, 79, 77, 81, 80, 78, 78, 77, 78, 80, 78, 77, 76, 80,
    76, 80, 80, 78, 77, 76, 76, 80, 80, 76, 78, 81, 81, 79, 78, 77, 75,
    78, 78, 78, 75, 78, 76, 74, 77, 73, 74, 74, 75, 78, 76, 76, 77, 77,
    72, 77, 78, 77, 73, 76, 74, 77, 74, 73, 72, 74, 74, 73, 74, 77, 73,
    72 ]
