%YAML:1.0
---
videoName: "headLookLeft7.mp4"
gestureLabel: 203
fps: 29
pixelSizeInCmTemp: 3.4214285714285714e-01
faceCenterPointX: 268
faceCenterPointY: 68
headPositionsX: [ 266, 245, 248, 246, 245, 245, 244, 244, 247, 243, 246,
    246, 245, 243, 247, 243, 246, 246, 246, 244, 243, 244, 248, 247, 245,
    247, 247, 246, 244, 249, 246, 249, 254, 255, 257, 259, 261, 262, 263,
    266, 266, 265, 267, 263, 267, 267, 267, 268, 269, 267, 264, 266, 270,
    269, 265, 270, 266, 268, 269, 268, 264, 269, 264, 267, 269, 268, 264,
    272, 264, 268, 270, 267, 267, 267, 270, 266, 271, 269, 266, 267, 266,
    268, 270, 266, 269, 266, 269, 268, 265, 269, 269, 268, 269, 267, 267,
    270, 271, 272, 269, 269 ]
headPositionsY: [ 69, 68, 71, 69, 69, 70, 69, 72, 70, 71, 69, 71, 72, 69,
    70, 73, 70, 69, 70, 72, 71, 69, 72, 68, 71, 69, 68, 72, 71, 72, 68,
    69, 69, 71, 67, 70, 68, 71, 67, 68, 67, 68, 67, 66, 65, 70, 70, 67,
    67, 67, 68, 67, 66, 70, 67, 70, 69, 67, 66, 68, 69, 67, 70, 71, 69,
    70, 67, 69, 68, 67, 70, 69, 68, 71, 71, 71, 69, 68, 67, 70, 68, 71,
    69, 66, 70, 69, 68, 68, 69, 72, 71, 71, 68, 69, 68, 72, 69, 67, 70,
    70 ]
