%YAML:1.0
---
videoName: "headLookLeft8.mp4"
gestureLabel: 203
fps: 29
pixelSizeInCmTemp: 3.6287878787878786e-01
faceCenterPointX: 273
faceCenterPointY: 69
headPositionsX: [ 274, 240, 241, 239, 243, 240, 243, 239, 240, 240, 243,
    242, 240, 241, 242, 246, 244, 247, 246, 245, 246, 245, 245, 247, 247,
    249, 248, 246, 246, 249, 244, 247, 248, 249, 246, 248, 246, 247, 246,
    248, 247, 244, 245, 245, 244, 247, 245, 246, 248, 246, 245, 245, 249,
    246, 251, 249, 256, 255, 260, 262, 261, 268, 269, 272, 270, 275, 275,
    281, 283, 273, 275, 277, 276, 278, 279, 277, 272, 276, 277, 279, 278,
    276, 279, 272, 274, 276, 276, 277, 275, 276, 277, 276, 275, 277, 274,
    275, 274, 275, 272, 272 ]
headPositionsY: [ 68, 68, 68, 67, 66, 67, 69, 66, 68, 66, 70, 67, 66, 68,
    70, 69, 66, 69, 70, 71, 71, 71, 67, 71, 67, 69, 71, 69, 72, 72, 73,
    73, 72, 70, 71, 72, 72, 74, 74, 74, 70, 69, 70, 74, 71, 70, 73, 73,
    73, 73, 75, 73, 75, 72, 70, 74, 71, 72, 71, 70, 69, 68, 68, 72, 70,
    72, 67, 73, 71, 71, 71, 67, 69, 69, 71, 68, 69, 69, 67, 72, 72, 72,
    68, 67, 69, 68, 70, 68, 71, 67, 68, 71, 69, 70, 70, 68, 70, 68, 69,
    68 ]
