%YAML:1.0
---
videoName: "headLookLeft2.mp4"
gestureLabel: 203
fps: 29
pixelSizeInCmTemp: 3.6846153846153845e-01
faceCenterPointX: 278
faceCenterPointY: 74
headPositionsX: [ 278, 260, 257, 259, 259, 261, 259, 261, 259, 261, 259,
    258, 258, 260, 260, 258, 262, 263, 263, 264, 264, 266, 267, 269, 267,
    271, 272, 275, 272, 274, 278, 278, 274, 279, 278, 279, 280, 279, 277,
    276, 279, 281, 281, 282, 281, 281, 279, 284, 286, 278, 278, 280, 280,
    278, 276, 282, 278, 272, 281, 278, 284, 279, 281, 282, 279, 280, 281,
    283, 279, 279, 282, 283, 282, 276, 275, 280, 279, 279, 278, 282, 280,
    281, 279, 281, 284, 277, 285, 280, 277, 281, 283, 277, 283, 279, 280,
    278, 283, 280, 285, 282 ]
headPositionsY: [ 74, 73, 74, 77, 74, 73, 76, 78, 76, 74, 73, 74, 73, 75,
    77, 75, 76, 74, 79, 75, 76, 76, 75, 76, 74, 73, 75, 75, 77, 74, 72,
    72, 73, 75, 72, 76, 72, 72, 74, 72, 73, 77, 75, 73, 75, 77, 77, 77,
    78, 73, 73, 78, 75, 77, 76, 73, 73, 72, 74, 76, 76, 75, 74, 75, 73,
    73, 75, 77, 73, 74, 73, 74, 75, 71, 75, 77, 74, 77, 75, 73, 75, 72,
    72, 73, 75, 74, 75, 74, 74, 74, 73, 72, 77, 75, 75, 72, 74, 76, 77,
    71 ]
