%YAML:1.0
---
videoName: "headLookLeft4.mp4"
gestureLabel: 203
fps: 29
pixelSizeInCmTemp: 3.4710144927536229e-01
faceCenterPointX: 288
faceCenterPointY: 74
headPositionsX: [ 286, 263, 265, 266, 268, 266, 268, 272, 272, 272, 275,
    277, 281, 284, 284, 291, 292, 296, 294, 296, 294, 292, 293, 294, 289,
    293, 291, 298, 296, 292, 296, 293, 293, 294, 294, 295, 293, 293, 296,
    291, 289, 290, 296, 295, 293, 290, 287, 290, 288, 291, 293, 289, 291,
    293, 292, 286, 291, 291, 289, 291, 288, 291, 292, 288, 290, 291, 290,
    288, 285, 288, 286, 293, 291, 291, 287, 290, 292, 285, 293, 289, 290,
    292, 293, 294, 291, 292, 290, 290, 290, 290, 292, 291, 288, 286, 291,
    286, 289, 291, 290, 291 ]
headPositionsY: [ 72, 80, 81, 80, 81, 80, 78, 80, 76, 79, 80, 77, 79, 75,
    78, 76, 76, 76, 74, 78, 75, 76, 77, 77, 77, 77, 76, 80, 75, 78, 77,
    76, 80, 78, 74, 73, 81, 72, 77, 75, 74, 75, 74, 74, 77, 73, 76, 75,
    72, 75, 73, 74, 73, 73, 74, 72, 75, 75, 72, 73, 75, 73, 78, 72, 75,
    77, 72, 76, 72, 72, 72, 74, 74, 75, 75, 75, 77, 76, 78, 76, 78, 75,
    76, 78, 76, 76, 75, 74, 74, 76, 75, 73, 76, 73, 77, 75, 77, 73, 76,
    74 ]
