%YAML:1.0
---
videoName: "headLookLeft8.mp4"
gestureLabel: 203
fps: 29
pixelSizeInCmTemp: 3.6287878787878786e-01
faceCenterPointX: 273
faceCenterPointY: 69
headPositionsX: [ 274, 241, 241, 242, 239, 242, 241, 241, 240, 241, 243,
    239, 243, 241, 244, 244, 246, 246, 248, 247, 249, 248, 246, 247, 245,
    247, 248, 247, 246, 247, 244, 247, 247, 249, 248, 245, 244, 247, 245,
    248, 243, 246, 245, 244, 244, 244, 244, 245, 247, 247, 246, 246, 250,
    250, 251, 249, 254, 257, 259, 258, 264, 269, 266, 273, 269, 273, 273,
    282, 283, 276, 275, 276, 278, 275, 279, 276, 273, 275, 276, 279, 276,
    277, 276, 272, 270, 277, 278, 276, 273, 274, 273, 277, 276, 277, 278,
    275, 275, 275, 271, 273 ]
headPositionsY: [ 71, 66, 65, 68, 65, 66, 68, 68, 67, 70, 68, 65, 68, 70,
    69, 70, 70, 69, 68, 68, 71, 69, 71, 67, 71, 70, 69, 71, 71, 73, 69,
    73, 70, 71, 74, 74, 71, 74, 70, 70, 71, 70, 73, 71, 73, 70, 74, 71,
    71, 72, 74, 71, 75, 73, 70, 71, 71, 70, 68, 67, 71, 71, 67, 71, 71,
    68, 67, 70, 70, 68, 69, 69, 70, 70, 68, 71, 71, 70, 69, 71, 69, 72,
    69, 70, 66, 69, 69, 67, 67, 67, 71, 71, 68, 67, 70, 71, 68, 71, 67,
    67 ]
