%YAML:1.0
---
videoName: "headLookLeft2.mp4"
gestureLabel: 203
fps: 29
pixelSizeInCmTemp: 3.6846153846153845e-01
faceCenterPointX: 278
faceCenterPointY: 74
headPositionsX: [ 276, 259, 257, 259, 258, 259, 257, 258, 259, 257, 260,
    261, 261, 258, 260, 260, 259, 263, 264, 263, 262, 263, 266, 266, 267,
    271, 272, 273, 276, 276, 277, 275, 276, 278, 278, 282, 280, 279, 280,
    278, 277, 279, 283, 278, 279, 281, 282, 281, 283, 280, 279, 280, 283,
    281, 276, 282, 279, 270, 277, 280, 282, 276, 278, 280, 277, 280, 279,
    284, 280, 280, 280, 282, 283, 273, 278, 283, 275, 281, 280, 283, 277,
    280, 279, 281, 280, 278, 284, 277, 279, 280, 280, 278, 281, 282, 277,
    279, 282, 281, 288, 282 ]
headPositionsY: [ 73, 73, 77, 76, 76, 76, 76, 78, 76, 78, 74, 78, 75, 74,
    77, 76, 75, 77, 75, 76, 75, 75, 74, 77, 75, 76, 72, 78, 73, 76, 73,
    75, 75, 76, 74, 77, 76, 74, 74, 73, 74, 77, 76, 75, 76, 73, 73, 76,
    76, 74, 76, 77, 76, 73, 74, 74, 75, 72, 75, 76, 73, 74, 75, 75, 72,
    73, 75, 77, 76, 74, 73, 75, 73, 75, 73, 77, 71, 74, 75, 74, 72, 74,
    74, 76, 75, 70, 75, 76, 74, 76, 77, 72, 78, 76, 72, 74, 73, 74, 75,
    74 ]
