%YAML:1.0
---
videoName: "headLookLeft1.mp4"
gestureLabel: 203
fps: 30
pixelSizeInCmTemp: 3.6287878787878786e-01
faceCenterPointX: 276
faceCenterPointY: 73
headPositionsX: [ 277, 258, 254, 255, 256, 259, 258, 255, 258, 255, 258,
    255, 256, 255, 255, 253, 255, 256, 256, 258, 259, 256, 255, 258, 258,
    254, 256, 254, 259, 255, 258, 256, 258, 257, 257, 257, 254, 255, 258,
    254, 258, 255, 255, 254, 256, 257, 257, 255, 256, 254, 253, 254, 254,
    255, 255, 255, 255, 256, 256, 257, 258, 262, 265, 265, 268, 270, 274,
    274, 272, 273, 280, 276, 275, 272, 271, 278, 278, 274, 278, 274, 280,
    276, 277, 280, 278, 279, 274, 279, 280, 278, 278, 277, 276, 275, 274,
    278, 276, 274, 279, 274 ]
headPositionsY: [ 74, 78, 75, 76, 76, 74, 74, 76, 78, 74, 76, 73, 76, 77,
    77, 78, 78, 76, 77, 77, 75, 76, 75, 78, 78, 80, 78, 79, 77, 80, 76,
    77, 77, 81, 77, 77, 77, 80, 79, 79, 79, 79, 77, 77, 76, 78, 77, 78,
    78, 78, 79, 80, 76, 79, 76, 76, 79, 80, 77, 80, 80, 78, 79, 77, 75,
    76, 75, 75, 75, 80, 74, 77, 73, 75, 72, 77, 74, 78, 79, 77, 74, 75,
    74, 75, 76, 77, 72, 75, 74, 75, 75, 75, 73, 75, 77, 75, 78, 75, 73,
    74 ]
