%YAML:1.0
---
videoName: "headLookLeft7.mp4"
gestureLabel: 203
fps: 29
pixelSizeInCmTemp: 3.4214285714285714e-01
faceCenterPointX: 268
faceCenterPointY: 68
headPositionsX: [ 267, 248, 248, 246, 247, 245, 247, 245, 246, 247, 245,
    244, 243, 247, 245, 242, 243, 244, 243, 247, 243, 248, 245, 245, 243,
    245, 244, 248, 246, 249, 247, 252, 251, 252, 255, 258, 262, 261, 264,
    266, 267, 263, 267, 267, 267, 266, 271, 268, 265, 268, 264, 269, 270,
    268, 268, 266, 267, 268, 269, 270, 268, 271, 265, 269, 268, 266, 266,
    271, 263, 265, 269, 269, 269, 270, 266, 268, 268, 269, 265, 267, 269,
    269, 268, 268, 271, 266, 269, 267, 268, 271, 268, 267, 267, 270, 268,
    271, 267, 270, 267, 272 ]
headPositionsY: [ 66, 68, 70, 68, 71, 69, 67, 69, 68, 69, 70, 72, 68, 68,
    70, 72, 70, 68, 71, 69, 69, 72, 70, 72, 67, 68, 69, 68, 72, 72, 70,
    68, 66, 67, 68, 66, 68, 71, 70, 68, 68, 65, 67, 66, 66, 67, 71, 66,
    70, 68, 69, 67, 70, 69, 69, 68, 70, 66, 68, 71, 71, 69, 68, 71, 67,
    69, 68, 71, 68, 67, 69, 69, 67, 70, 70, 67, 70, 68, 68, 68, 66, 68,
    69, 66, 67, 69, 70, 67, 68, 70, 70, 71, 67, 68, 71, 72, 69, 68, 69,
    70 ]
