%YAML:1.0
---
videoName: "headLookLeft1.mp4"
gestureLabel: 203
fps: 30
pixelSizeInCmTemp: 3.6287878787878786e-01
faceCenterPointX: 276
faceCenterPointY: 73
headPositionsX: [ 277, 255, 257, 257, 255, 259, 255, 255, 258, 254, 255,
    254, 254, 258, 254, 254, 258, 255, 254, 256, 259, 254, 259, 254, 255,
    255, 255, 256, 257, 258, 256, 255, 256, 255, 258, 254, 255, 257, 258,
    254, 258, 259, 254, 255, 256, 256, 256, 255, 253, 254, 254, 253, 254,
    253, 257, 258, 257, 258, 259, 258, 260, 261, 262, 267, 268, 270, 271,
    272, 276, 274, 280, 279, 273, 272, 270, 278, 279, 274, 276, 276, 282,
    276, 280, 278, 279, 279, 278, 279, 277, 277, 281, 278, 279, 275, 274,
    274, 279, 274, 279, 274 ]
headPositionsY: [ 71, 76, 75, 74, 74, 78, 76, 74, 75, 74, 74, 77, 74, 78,
    77, 77, 78, 77, 77, 79, 78, 78, 76, 77, 77, 76, 75, 78, 75, 77, 78,
    77, 77, 81, 80, 77, 76, 78, 80, 80, 80, 78, 78, 77, 76, 79, 79, 80,
    77, 79, 78, 78, 79, 79, 77, 79, 80, 77, 77, 81, 81, 79, 78, 80, 76,
    77, 75, 78, 75, 77, 77, 74, 75, 75, 75, 73, 77, 76, 75, 78, 78, 74,
    73, 75, 78, 78, 73, 78, 74, 77, 76, 74, 72, 77, 75, 76, 76, 77, 76,
    74 ]
