%YAML:1.0
---
videoName: "headLookLeft0.mp4"
gestureLabel: 203
fps: 29
pixelSizeInCmTemp: 3.6287878787878786e-01
faceCenterPointX: 286
faceCenterPointY: 69
headPositionsX: [ 285, 257, 253, 254, 256, 252, 252, 253, 255, 252, 254,
    253, 253, 255, 253, 256, 250, 254, 255, 253, 253, 255, 255, 256, 255,
    253, 257, 253, 255, 253, 254, 253, 254, 255, 256, 253, 256, 258, 256,
    254, 255, 258, 258, 254, 258, 255, 256, 257, 256, 254, 254, 257, 254,
    254, 255, 256, 257, 254, 256, 256, 256, 256, 255, 255, 254, 257, 256,
    254, 255, 253, 254, 258, 257, 255, 253, 256, 256, 255, 257, 261, 259,
    263, 265, 265, 270, 273, 276, 274, 281, 275, 281, 277, 281, 282, 287,
    284, 286, 286, 284, 284 ]
headPositionsY: [ 67, 68, 66, 70, 68, 68, 68, 66, 69, 70, 70, 71, 69, 71,
    68, 68, 71, 69, 68, 70, 72, 70, 70, 69, 68, 68, 71, 68, 68, 70, 69,
    73, 72, 68, 69, 70, 69, 72, 71, 69, 70, 69, 72, 71, 69, 69, 72, 71,
    72, 72, 73, 69, 70, 71, 72, 69, 70, 71, 73, 73, 70, 69, 71, 71, 74,
    71, 71, 73, 73, 70, 69, 71, 73, 73, 72, 72, 70, 71, 70, 71, 69, 69,
    73, 72, 72, 71, 71, 69, 69, 66, 64, 67, 67, 65, 71, 68, 69, 69, 69,
    71 ]
