%YAML:1.0
---
videoName: "headLookLeft0.mp4"
gestureLabel: 203
fps: 29
pixelSizeInCmTemp: 3.6287878787878786e-01
faceCenterPointX: 286
faceCenterPointY: 69
headPositionsX: [ 287, 254, 255, 256, 255, 255, 255, 252, 255, 254, 252,
    252, 252, 252, 251, 254, 253, 251, 252, 254, 256, 256, 255, 256, 253,
    257, 256, 255, 254, 254, 257, 256, 257, 255, 255, 253, 255, 256, 255,
    255, 253, 254, 256, 255, 255, 256, 257, 258, 258, 255, 253, 257, 254,
    253, 253, 253, 254, 256, 256, 257, 253, 257, 254, 257, 253, 255, 255,
    254, 253, 255, 254, 254, 254, 253, 255, 256, 256, 257, 259, 262, 259,
    263, 267, 268, 271, 272, 276, 277, 282, 275, 278, 278, 283, 280, 284,
    285, 287, 288, 287, 285 ]
headPositionsY: [ 69, 70, 70, 69, 66, 70, 68, 69, 71, 68, 71, 70, 71, 69,
    72, 72, 70, 68, 69, 67, 71, 71, 71, 70, 69, 70, 71, 70, 71, 71, 69,
    69, 70, 71, 70, 70, 72, 71, 70, 72, 71, 72, 68, 71, 69, 73, 72, 71,
    72, 72, 70, 71, 72, 71, 70, 71, 73, 73, 69, 70, 71, 72, 74, 71, 72,
    73, 72, 72, 72, 73, 71, 71, 72, 73, 72, 70, 70, 73, 70, 72, 69, 70,
    70, 70, 71, 71, 69, 69, 71, 68, 64, 66, 64, 68, 71, 69, 67, 71, 71,
    71 ]
