%YAML:1.0
---
videoName: "headLookLeft0.mp4"
gestureLabel: 203
fps: 29
pixelSizeInCmTemp: 3.6287878787878786e-01
faceCenterPointX: 286
faceCenterPointY: 69
headPositionsX: [ 288, 254, 254, 254, 253, 256, 254, 252, 254, 252, 253,
    252, 254, 255, 255, 256, 254, 252, 252, 252, 252, 254, 253, 257, 256,
    257, 255, 254, 255, 256, 255, 257, 256, 255, 257, 253, 255, 257, 256,
    258, 255, 256, 254, 256, 254, 256, 256, 255, 254, 253, 256, 256, 255,
    256, 255, 253, 256, 255, 256, 253, 253, 253, 254, 256, 254, 253, 256,
    256, 254, 257, 256, 254, 255, 253, 257, 255, 255, 254, 256, 261, 261,
    263, 264, 266, 271, 270, 272, 278, 282, 277, 280, 274, 283, 283, 284,
    285, 285, 286, 285, 284 ]
headPositionsY: [ 69, 68, 70, 70, 66, 71, 67, 66, 69, 68, 70, 68, 72, 71,
    71, 70, 67, 71, 70, 67, 72, 68, 69, 69, 69, 72, 71, 69, 71, 71, 70,
    69, 71, 70, 71, 69, 72, 70, 71, 73, 71, 69, 72, 73, 70, 69, 70, 73,
    73, 73, 72, 72, 71, 71, 72, 72, 70, 71, 73, 72, 70, 70, 72, 70, 72,
    69, 73, 72, 71, 69, 71, 71, 73, 70, 73, 74, 71, 71, 70, 70, 69, 68,
    72, 68, 69, 69, 71, 70, 69, 68, 68, 68, 65, 67, 69, 67, 71, 70, 67,
    71 ]
