%YAML:1.0
---
videoName: "headShake28.mp4"
gestureLabel: 201
fps: 29
pixelSizeInCmTemp: 3.2808219178082193e-01
faceCenterPointX: 242
faceCenterPointY: 80
headPositionsX: [ 240, 239, 243, 240, 240, 242, 240, 242, 242, 243, 243,
    240, 240, 241, 241, 243, 242, 243, 241, 242, 241, 240, 240, 244, 242,
    242, 243, 243, 242, 244, 240, 240, 240, 243, 241, 243, 244, 241, 244,
    241, 241, 246, 242, 245, 243, 243, 243, 243, 244, 243, 239, 234, 231,
    230, 232, 233, 241, 244, 250, 250, 255, 254, 255, 248, 247, 240, 238,
    231, 231, 237, 239, 244, 249, 253, 254, 254, 255, 252, 248, 245, 240,
    242, 238, 238, 238, 236, 240, 237, 240, 239, 243, 243, 244, 241, 241,
    240, 241, 244, 240, 241 ]
headPositionsY: [ 82, 75, 77, 77, 75, 75, 75, 75, 75, 80, 77, 79, 76, 78,
    78, 76, 77, 80, 80, 79, 80, 78, 78, 77, 79, 81, 80, 77, 79, 77, 81,
    77, 80, 77, 79, 79, 79, 80, 78, 77, 77, 76, 77, 77, 76, 80, 79, 76,
    76, 77, 77, 78, 75, 79, 75, 75, 80, 79, 79, 79, 78, 78, 75, 80, 76,
    80, 80, 80, 76, 79, 78, 77, 76, 77, 76, 76, 79, 77, 80, 79, 79, 81,
    78, 80, 78, 80, 80, 80, 78, 78, 79, 80, 78, 80, 81, 82, 80, 82, 81,
    81 ]
