%YAML:1.0
---
videoName: "headNod2.mp4"
gestureLabel: 202
fps: 29
pixelSizeInCmTemp: 3.2364864864864862e-01
faceCenterPointX: 263
faceCenterPointY: 70
headPositionsX: [ 265, 260, 263, 260, 264, 262, 264, 261, 263, 263, 261,
    264, 262, 264, 262, 265, 265, 263, 265, 263, 262, 264, 262, 264, 262,
    263, 263, 261, 264, 261, 263, 261, 260, 263, 262, 262, 264, 264, 261,
    260, 264, 261, 263, 260, 263, 260, 263, 261, 264, 263, 264, 262, 261,
    262, 260, 263, 262, 260, 262, 262, 262, 262, 263, 263, 264, 263, 264,
    260, 262, 260, 260, 263, 262, 265, 263, 263, 262, 262, 264, 261, 263,
    265, 264, 263, 264, 261, 262, 265, 263, 263, 265, 262, 264, 263, 264,
    262, 262, 262, 265, 262 ]
headPositionsY: [ 68, 76, 74, 77, 78, 77, 75, 75, 78, 77, 73, 74, 76, 74,
    77, 76, 77, 76, 75, 76, 77, 76, 75, 73, 74, 74, 75, 73, 75, 73, 75,
    72, 76, 74, 74, 75, 74, 73, 76, 72, 76, 74, 72, 74, 73, 72, 77, 74,
    72, 70, 73, 69, 69, 72, 74, 78, 81, 78, 77, 73, 70, 74, 72, 76, 73,
    74, 71, 73, 68, 68, 69, 71, 76, 77, 77, 77, 74, 70, 69, 69, 74, 75,
    73, 79, 76, 72, 72, 71, 71, 71, 73, 73, 71, 71, 72, 72, 70, 69, 69,
    70 ]
