%YAML:1.0
---
videoName: "headNod7.mp4"
gestureLabel: 202
fps: 29
pixelSizeInCmTemp: 3.2808219178082193e-01
faceCenterPointX: 261
faceCenterPointY: 71
headPositionsX: [ 262, 267, 267, 267, 267, 262, 266, 262, 264, 263, 264,
    261, 262, 265, 264, 261, 260, 261, 263, 264, 264, 264, 261, 264, 264,
    264, 263, 263, 262, 263, 263, 264, 260, 260, 263, 260, 263, 259, 261,
    260, 262, 262, 262, 264, 261, 260, 261, 264, 262, 263, 263, 261, 261,
    261, 264, 262, 262, 264, 263, 264, 262, 263, 261, 260, 262, 263, 259,
    259, 263, 258, 262, 258, 259, 262, 258, 260, 262, 261, 263, 260, 263,
    262, 262, 259, 263, 260, 261, 264, 262, 260, 263, 261, 259, 261, 264,
    260, 260, 260, 264, 262 ]
headPositionsY: [ 72, 73, 75, 75, 73, 72, 74, 72, 76, 72, 74, 72, 76, 72,
    73, 74, 76, 77, 75, 72, 73, 76, 77, 75, 73, 75, 75, 78, 76, 76, 78,
    75, 74, 75, 74, 75, 73, 74, 77, 73, 74, 74, 75, 73, 74, 75, 75, 78,
    73, 72, 70, 68, 72, 71, 73, 76, 77, 79, 82, 76, 76, 71, 73, 71, 70,
    73, 72, 76, 80, 78, 76, 75, 73, 69, 70, 70, 68, 72, 72, 73, 77, 79,
    79, 78, 80, 79, 76, 75, 70, 72, 73, 72, 72, 72, 71, 72, 72, 69, 72,
    71 ]
