%YAML:1.0
---
videoName: "headShake8.mp4"
gestureLabel: 201
fps: 29
pixelSizeInCmTemp: 3.2364864864864862e-01
faceCenterPointX: 243
faceCenterPointY: 72
headPositionsX: [ 241, 241, 243, 244, 243, 242, 245, 246, 243, 246, 243,
    242, 242, 243, 242, 241, 244, 243, 241, 242, 244, 244, 242, 242, 242,
    246, 245, 244, 243, 245, 243, 244, 243, 243, 245, 247, 252, 254, 260,
    263, 266, 266, 264, 263, 254, 253, 248, 238, 233, 234, 233, 230, 232,
    239, 245, 251, 256, 261, 261, 257, 260, 255, 252, 247, 241, 239, 234,
    235, 233, 233, 233, 238, 237, 239, 241, 246, 248, 249, 251, 248, 248,
    249, 248, 249, 248, 251, 249, 249, 245, 247, 245, 245, 246, 242, 244,
    245, 244, 245, 241, 242 ]
headPositionsY: [ 72, 71, 73, 72, 71, 70, 70, 74, 69, 74, 72, 72, 74, 73,
    74, 73, 71, 69, 70, 73, 73, 71, 70, 70, 73, 70, 69, 70, 71, 73, 73,
    73, 71, 72, 74, 70, 68, 69, 70, 71, 67, 71, 69, 69, 69, 71, 73, 69,
    72, 69, 71, 70, 71, 70, 71, 69, 68, 72, 69, 68, 72, 70, 72, 70, 72,
    71, 70, 69, 70, 72, 74, 74, 71, 72, 74, 74, 75, 71, 72, 71, 74, 70,
    73, 71, 69, 70, 70, 73, 71, 71, 71, 69, 73, 71, 72, 69, 73, 71, 72,
    74 ]
