%YAML:1.0
---
videoName: "headLookUp0.mp4"
gestureLabel: 205
fps: 29
pixelSizeInCmTemp: 3.6846153846153845e-01
faceCenterPointX: 258
faceCenterPointY: 66
headPositionsX: [ 260, 260, 260, 258, 261, 261, 261, 260, 258, 260, 257,
    259, 258, 259, 259, 257, 257, 259, 261, 259, 258, 261, 261, 257, 261,
    260, 260, 259, 260, 260, 258, 257, 258, 257, 257, 258, 260, 257, 259,
    256, 261, 259, 258, 257, 256, 260, 257, 261, 260, 255, 257, 259, 259,
    259, 256, 259, 259, 260, 257, 257, 260, 260, 259, 257, 261, 257, 259,
    258, 261, 256, 257, 259, 259, 257, 260, 258, 260, 261, 257, 260, 258,
    258, 260, 257, 256, 259, 258, 256, 257, 260, 259, 260, 259, 259, 258,
    259, 261, 259, 256, 260 ]
headPositionsY: [ 67, 80, 79, 81, 78, 82, 83, 81, 82, 80, 81, 82, 78, 79,
    76, 76, 75, 74, 74, 71, 75, 72, 71, 69, 71, 69, 65, 66, 69, 68, 65,
    66, 67, 66, 66, 68, 67, 68, 68, 66, 69, 65, 65, 69, 65, 66, 67, 69,
    69, 67, 68, 66, 69, 67, 66, 68, 68, 67, 68, 65, 67, 66, 69, 68, 68,
    66, 69, 66, 68, 66, 65, 66, 65, 69, 67, 69, 67, 70, 67, 66, 69, 66,
    69, 70, 70, 67, 67, 67, 67, 68, 67, 66, 70, 68, 67, 68, 71, 68, 68,
    67 ]
