%YAML:1.0
---
videoName: "headLookLeft8.mp4"
gestureLabel: 203
fps: 29
pixelSizeInCmTemp: 3.6287878787878786e-01
faceCenterPointX: 273
faceCenterPointY: 69
headPositionsX: [ 274, 241, 241, 241, 241, 239, 241, 243, 239, 243, 242,
    241, 243, 243, 243, 244, 247, 244, 248, 249, 247, 247, 249, 245, 245,
    245, 246, 248, 247, 245, 245, 244, 247, 247, 248, 246, 245, 245, 246,
    247, 245, 243, 244, 247, 247, 245, 244, 246, 247, 245, 245, 247, 248,
    246, 247, 253, 255, 255, 260, 258, 261, 269, 266, 271, 271, 272, 276,
    282, 284, 273, 279, 275, 280, 277, 278, 275, 276, 275, 277, 281, 280,
    277, 280, 269, 270, 275, 280, 277, 275, 277, 274, 275, 272, 273, 276,
    272, 277, 274, 275, 271 ]
headPositionsY: [ 67, 65, 68, 65, 66, 70, 66, 65, 67, 66, 67, 69, 68, 70,
    68, 68, 67, 66, 67, 68, 69, 71, 69, 68, 69, 68, 72, 72, 71, 69, 71,
    73, 74, 72, 72, 74, 70, 70, 72, 70, 71, 70, 71, 74, 72, 70, 71, 71,
    74, 74, 75, 71, 73, 73, 73, 71, 73, 70, 69, 70, 70, 69, 70, 74, 69,
    71, 69, 72, 70, 71, 69, 71, 70, 70, 70, 70, 70, 67, 71, 72, 69, 70,
    72, 69, 65, 71, 71, 68, 67, 67, 68, 68, 67, 69, 70, 67, 69, 67, 70,
    68 ]
