%YAML:1.0
---
videoName: "headLookRight4.mp4"
gestureLabel: 204
fps: 30
pixelSizeInCmTemp: 3.4214285714285714e-01
faceCenterPointX: 228
faceCenterPointY: 75
headPositionsX: [ 226, 253, 255, 255, 252, 255, 251, 256, 254, 253, 253,
    253, 253, 252, 255, 254, 251, 253, 253, 251, 253, 252, 254, 252, 253,
    252, 252, 253, 252, 250, 249, 250, 246, 248, 245, 240, 242, 236, 237,
    235, 231, 231, 230, 229, 228, 228, 231, 227, 227, 230, 228, 230, 228,
    227, 228, 227, 227, 228, 229, 226, 229, 226, 228, 229, 227, 224, 226,
    226, 226, 224, 225, 228, 228, 224, 225, 225, 229, 227, 227, 228, 228,
    228, 229, 229, 226, 224, 226, 227, 225, 231, 227, 227, 223, 227, 229,
    225, 226, 228, 228, 228 ]
headPositionsY: [ 76, 70, 71, 73, 70, 69, 69, 69, 73, 69, 71, 71, 73, 72,
    74, 72, 73, 73, 72, 75, 75, 73, 73, 71, 76, 73, 74, 75, 74, 72, 73,
    71, 75, 74, 72, 74, 74, 73, 71, 71, 70, 73, 71, 71, 74, 71, 75, 72,
    73, 73, 75, 71, 74, 76, 75, 76, 76, 71, 74, 71, 74, 76, 76, 76, 73,
    75, 75, 78, 72, 72, 76, 76, 75, 75, 74, 74, 74, 73, 74, 75, 76, 77,
    73, 73, 74, 77, 76, 74, 73, 78, 75, 70, 76, 74, 73, 73, 77, 73, 76,
    72 ]
