%YAML:1.0
---
videoName: "headNod42.mp4"
gestureLabel: 202
fps: 30
pixelSizeInCmTemp: 3.0316455696202532e-01
faceCenterPointX: 265
faceCenterPointY: 77
headPositionsX: [ 263, 269, 269, 268, 271, 271, 268, 271, 268, 270, 270,
    270, 267, 266, 267, 272, 271, 271, 271, 267, 269, 270, 269, 269, 266,
    270, 268, 265, 264, 266, 264, 264, 265, 267, 265, 264, 265, 268, 264,
    265, 267, 264, 264, 266, 263, 265, 265, 264, 266, 263, 268, 263, 267,
    263, 264, 267, 265, 265, 263, 264, 268, 264, 263, 265, 264, 264, 266,
    266, 266, 265, 265, 263, 268, 267, 263, 266, 267, 266, 264, 265, 264,
    263, 266, 265, 265, 266, 263, 266, 265, 263, 264, 263, 267, 265, 266,
    266, 268, 267, 263, 266 ]
headPositionsY: [ 76, 74, 76, 78, 79, 75, 75, 76, 75, 75, 77, 77, 78, 78,
    77, 67, 68, 64, 65, 64, 66, 70, 68, 75, 81, 84, 90, 92, 90, 91, 89,
    86, 79, 76, 76, 71, 69, 71, 67, 73, 77, 76, 82, 82, 86, 83, 80, 78,
    76, 73, 69, 71, 73, 74, 73, 77, 79, 84, 85, 83, 86, 83, 82, 78, 76,
    74, 76, 74, 72, 73, 75, 81, 83, 81, 80, 77, 78, 75, 78, 74, 73, 73,
    76, 75, 77, 79, 78, 84, 79, 80, 78, 81, 78, 78, 77, 79, 78, 77, 76,
    80 ]
