%YAML:1.0
---
videoName: "headNod0.mp4"
gestureLabel: 202
fps: 29
pixelSizeInCmTemp: 3.2364864864864862e-01
faceCenterPointX: 264
faceCenterPointY: 76
headPositionsX: [ 265, 267, 265, 269, 269, 268, 267, 269, 269, 267, 265,
    268, 265, 266, 264, 263, 264, 266, 267, 263, 265, 267, 263, 264, 263,
    267, 264, 267, 267, 266, 265, 266, 266, 266, 268, 268, 265, 266, 265,
    267, 264, 265, 267, 266, 263, 265, 266, 266, 262, 266, 267, 264, 265,
    268, 267, 262, 266, 263, 264, 263, 264, 264, 264, 266, 264, 263, 267,
    265, 265, 264, 264, 264, 262, 265, 265, 265, 262, 262, 266, 267, 265,
    266, 262, 266, 264, 264, 263, 265, 265, 262, 263, 263, 266, 267, 265,
    265, 265, 262, 264, 262 ]
headPositionsY: [ 75, 72, 71, 74, 72, 74, 71, 73, 74, 73, 73, 75, 73, 71,
    73, 72, 73, 74, 73, 72, 73, 73, 76, 73, 75, 73, 74, 72, 73, 70, 70,
    68, 64, 62, 64, 63, 61, 62, 63, 65, 69, 71, 71, 74, 76, 81, 82, 80,
    83, 81, 77, 75, 74, 69, 70, 68, 68, 66, 67, 69, 68, 71, 72, 75, 76,
    78, 78, 81, 80, 76, 77, 74, 73, 69, 68, 70, 69, 67, 68, 72, 68, 70,
    73, 72, 78, 79, 77, 81, 79, 77, 79, 79, 78, 77, 75, 74, 73, 76, 76,
    77 ]
