%YAML:1.0
---
videoName: "headShake17.mp4"
gestureLabel: 201
fps: 29
pixelSizeInCmTemp: 3.3263888888888887e-01
faceCenterPointX: 242
faceCenterPointY: 76
headPositionsX: [ 241, 241, 238, 236, 236, 238, 239, 241, 244, 249, 253,
    253, 260, 257, 256, 256, 252, 248, 244, 238, 238, 231, 228, 227, 228,
    227, 227, 230, 237, 242, 243, 247, 250, 251, 255, 252, 253, 253, 247,
    246, 240, 240, 237, 234, 231, 230, 233, 233, 232, 238, 237, 238, 241,
    242, 243, 244, 245, 247, 243, 243, 243, 240, 240, 239, 239, 241, 240,
    239, 239, 241, 238, 239, 238, 240, 238, 242, 239, 239, 242, 240, 242,
    242, 242, 239, 240, 240, 242, 239, 242, 241, 243, 241, 242, 239, 241,
    239, 244, 243, 240, 239 ]
headPositionsY: [ 75, 77, 73, 75, 77, 75, 76, 76, 74, 77, 75, 75, 75, 75,
    75, 75, 75, 78, 75, 76, 78, 77, 76, 79, 78, 75, 77, 76, 79, 79, 75,
    76, 74, 76, 72, 72, 77, 75, 75, 80, 75, 76, 77, 75, 76, 74, 77, 78,
    77, 79, 78, 79, 78, 78, 76, 75, 76, 78, 78, 79, 78, 79, 77, 76, 77,
    74, 78, 75, 78, 78, 75, 77, 77, 75, 75, 74, 76, 74, 77, 77, 77, 74,
    78, 77, 76, 74, 75, 74, 76, 74, 77, 77, 76, 75, 76, 77, 76, 74, 75,
    77 ]
