%YAML:1.0
---
videoName: "headLookUp5.mp4"
gestureLabel: 205
fps: 29
pixelSizeInCmTemp: 3.6287878787878786e-01
faceCenterPointX: 256
faceCenterPointY: 67
headPositionsX: [ 257, 255, 257, 257, 257, 258, 255, 257, 257, 258, 257,
    258, 255, 259, 258, 258, 254, 258, 257, 257, 257, 256, 257, 256, 254,
    258, 254, 255, 257, 255, 258, 255, 257, 254, 255, 255, 255, 258, 256,
    256, 259, 255, 258, 258, 257, 255, 256, 258, 255, 255, 258, 255, 256,
    258, 254, 255, 255, 257, 255, 256, 257, 257, 256, 255, 256, 254, 257,
    253, 256, 254, 258, 254, 258, 255, 256, 257, 259, 256, 254, 258, 256,
    256, 254, 254, 254, 256, 256, 255, 256, 256, 258, 257, 257, 255, 253,
    254, 255, 256, 257, 258 ]
headPositionsY: [ 66, 83, 84, 83, 81, 81, 81, 79, 80, 84, 81, 81, 81, 84,
    79, 79, 80, 82, 83, 81, 83, 82, 78, 83, 80, 82, 81, 79, 81, 80, 78,
    81, 77, 80, 80, 76, 76, 74, 71, 72, 71, 69, 69, 70, 69, 70, 68, 68,
    67, 69, 70, 68, 70, 68, 70, 69, 67, 70, 69, 68, 66, 67, 67, 68, 67,
    66, 67, 69, 68, 66, 68, 69, 69, 67, 69, 67, 66, 67, 64, 69, 68, 69,
    66, 68, 67, 67, 68, 69, 70, 66, 70, 67, 67, 66, 68, 64, 69, 67, 67,
    69 ]
