%YAML:1.0
---
videoName: "headShake15.mp4"
gestureLabel: 201
fps: 29
pixelSizeInCmTemp: 3.3263888888888887e-01
faceCenterPointX: 243
faceCenterPointY: 76
headPositionsX: [ 241, 243, 242, 245, 245, 245, 246, 243, 243, 243, 243,
    244, 242, 245, 244, 241, 245, 245, 243, 245, 241, 243, 245, 241, 244,
    242, 242, 244, 242, 243, 244, 243, 241, 244, 244, 241, 242, 244, 243,
    242, 245, 244, 244, 242, 240, 242, 243, 240, 241, 241, 241, 241, 242,
    240, 242, 240, 241, 243, 242, 242, 242, 241, 246, 246, 251, 254, 255,
    258, 258, 256, 258, 254, 250, 249, 244, 239, 236, 238, 237, 240, 239,
    242, 242, 248, 245, 248, 247, 247, 247, 243, 240, 241, 242, 244, 240,
    243, 245, 242, 242, 243 ]
headPositionsY: [ 78, 74, 78, 73, 78, 75, 77, 74, 73, 74, 76, 76, 75, 77,
    72, 77, 73, 77, 76, 72, 76, 74, 76, 77, 72, 76, 75, 74, 74, 76, 76,
    74, 76, 72, 76, 73, 75, 75, 75, 74, 75, 75, 73, 77, 76, 76, 75, 73,
    78, 76, 74, 75, 78, 73, 78, 77, 76, 75, 78, 74, 77, 74, 76, 77, 75,
    75, 72, 76, 72, 74, 73, 76, 74, 78, 75, 74, 78, 74, 75, 76, 78, 77,
    77, 78, 78, 78, 77, 76, 78, 79, 74, 78, 74, 77, 75, 75, 75, 76, 76,
    78 ]
