%YAML:1.0
---
videoName: "headLookLeft7.mp4"
gestureLabel: 203
fps: 29
pixelSizeInCmTemp: 3.4214285714285714e-01
faceCenterPointX: 268
faceCenterPointY: 68
headPositionsX: [ 269, 245, 247, 247, 248, 245, 247, 246, 243, 243, 246,
    244, 245, 245, 247, 243, 244, 244, 247, 244, 245, 246, 244, 246, 243,
    246, 246, 244, 248, 247, 248, 251, 254, 255, 257, 260, 259, 263, 263,
    265, 265, 263, 268, 264, 268, 269, 269, 269, 267, 267, 264, 269, 267,
    269, 267, 267, 268, 266, 267, 272, 264, 268, 267, 269, 268, 269, 267,
    272, 264, 267, 267, 269, 267, 266, 269, 266, 270, 266, 264, 270, 265,
    268, 271, 268, 271, 270, 267, 269, 266, 270, 270, 268, 267, 269, 267,
    272, 268, 268, 269, 270 ]
headPositionsY: [ 70, 69, 70, 69, 70, 69, 70, 70, 68, 71, 71, 68, 68, 69,
    69, 72, 72, 72, 70, 72, 71, 69, 68, 68, 67, 69, 72, 71, 70, 70, 68,
    70, 70, 67, 67, 70, 67, 68, 66, 70, 68, 67, 67, 68, 67, 66, 70, 66,
    69, 68, 69, 68, 66, 69, 67, 71, 70, 66, 66, 68, 67, 67, 68, 71, 67,
    70, 70, 68, 69, 67, 70, 68, 70, 68, 67, 68, 67, 69, 66, 72, 69, 68,
    69, 69, 68, 68, 68, 70, 69, 69, 68, 70, 71, 68, 70, 72, 66, 66, 71,
    67 ]
