%YAML:1.0
---
videoName: "headNod16.mp4"
gestureLabel: 202
fps: 29
pixelSizeInCmTemp: 3.3263888888888887e-01
faceCenterPointX: 255
faceCenterPointY: 77
headPositionsX: [ 253, 260, 258, 261, 261, 257, 259, 261, 260, 258, 262,
    261, 260, 257, 260, 258, 260, 258, 257, 256, 258, 259, 261, 258, 258,
    260, 260, 258, 260, 258, 261, 258, 259, 259, 258, 258, 261, 259, 262,
    257, 257, 261, 261, 261, 258, 260, 257, 259, 257, 256, 258, 259, 259,
    259, 260, 257, 259, 259, 260, 258, 259, 258, 255, 258, 257, 255, 257,
    257, 255, 256, 254, 255, 254, 254, 257, 255, 252, 256, 253, 257, 255,
    254, 256, 255, 256, 255, 253, 254, 255, 257, 255, 257, 254, 257, 254,
    254, 254, 255, 255, 253 ]
headPositionsY: [ 78, 73, 76, 76, 75, 75, 76, 76, 74, 77, 75, 78, 74, 74,
    77, 76, 73, 75, 75, 72, 75, 73, 77, 73, 75, 75, 76, 76, 75, 73, 73,
    73, 77, 73, 77, 73, 70, 71, 68, 70, 68, 71, 69, 74, 75, 79, 82, 84,
    79, 77, 76, 74, 68, 67, 70, 69, 72, 76, 77, 79, 84, 83, 80, 79, 79,
    74, 72, 70, 68, 73, 71, 74, 75, 79, 78, 81, 79, 79, 75, 71, 72, 68,
    67, 70, 71, 72, 76, 78, 77, 76, 79, 79, 77, 77, 75, 75, 79, 75, 75,
    79 ]
