%YAML:1.0
---
videoName: "headShake21.mp4"
gestureLabel: 201
fps: 29
pixelSizeInCmTemp: 3.1933333333333330e-01
faceCenterPointX: 241
faceCenterPointY: 78
headPositionsX: [ 241, 245, 246, 244, 242, 242, 240, 244, 242, 242, 243,
    242, 241, 243, 241, 243, 242, 241, 241, 241, 242, 241, 242, 243, 241,
    245, 244, 243, 241, 241, 243, 245, 245, 243, 241, 244, 241, 245, 241,
    244, 240, 240, 239, 243, 243, 240, 242, 240, 240, 241, 240, 241, 240,
    242, 241, 239, 241, 244, 241, 242, 243, 241, 243, 240, 241, 238, 238,
    240, 248, 247, 251, 253, 253, 250, 247, 244, 237, 231, 232, 231, 237,
    238, 241, 240, 240, 243, 242, 240, 239, 238, 238, 239, 241, 239, 240,
    243, 239, 240, 240, 240 ]
headPositionsY: [ 80, 83, 82, 79, 75, 73, 72, 74, 74, 70, 71, 73, 70, 69,
    71, 73, 72, 69, 71, 73, 74, 70, 72, 71, 75, 77, 77, 76, 76, 78, 74,
    77, 76, 78, 74, 76, 78, 79, 77, 77, 78, 75, 78, 76, 76, 77, 77, 79,
    77, 78, 78, 77, 75, 76, 80, 78, 78, 77, 79, 80, 77, 77, 76, 78, 76,
    77, 78, 75, 76, 76, 77, 78, 79, 78, 77, 81, 79, 80, 79, 78, 79, 80,
    77, 81, 77, 80, 77, 78, 76, 77, 78, 77, 77, 76, 76, 77, 78, 80, 78,
    79 ]
