%YAML:1.0
---
videoName: "headShake28.mp4"
gestureLabel: 201
fps: 29
pixelSizeInCmTemp: 3.2808219178082193e-01
faceCenterPointX: 242
faceCenterPointY: 80
headPositionsX: [ 242, 241, 242, 241, 242, 240, 240, 239, 239, 241, 240,
    238, 241, 241, 240, 244, 240, 242, 239, 242, 243, 241, 243, 242, 242,
    244, 242, 240, 240, 244, 242, 242, 241, 241, 241, 242, 242, 241, 243,
    243, 245, 246, 242, 242, 244, 245, 245, 244, 242, 245, 239, 234, 233,
    228, 232, 235, 238, 243, 249, 250, 257, 256, 252, 252, 247, 241, 237,
    232, 233, 237, 238, 242, 247, 250, 253, 257, 253, 253, 247, 245, 240,
    240, 238, 236, 237, 237, 238, 241, 238, 243, 245, 244, 244, 241, 244,
    241, 243, 241, 243, 243 ]
headPositionsY: [ 80, 78, 75, 77, 76, 79, 75, 77, 75, 79, 78, 77, 80, 80,
    77, 76, 80, 76, 77, 77, 78, 79, 81, 77, 79, 77, 81, 78, 79, 80, 81,
    80, 78, 75, 80, 80, 79, 77, 75, 78, 80, 76, 77, 75, 78, 80, 77, 77,
    76, 76, 79, 77, 75, 76, 77, 78, 78, 78, 78, 76, 77, 74, 78, 79, 79,
    82, 79, 79, 79, 80, 77, 81, 76, 77, 78, 77, 75, 79, 77, 81, 76, 77,
    81, 81, 76, 80, 77, 78, 78, 79, 77, 82, 81, 79, 79, 79, 80, 82, 82,
    78 ]
