%YAML:1.0
---
videoName: "headNod37.mp4"
gestureLabel: 202
fps: 29
pixelSizeInCmTemp: 2.9207317073170730e-01
faceCenterPointX: 269
faceCenterPointY: 78
headPositionsX: [ 267, 269, 273, 271, 272, 269, 270, 271, 269, 268, 268,
    268, 269, 269, 269, 272, 269, 269, 267, 268, 271, 267, 270, 268, 268,
    267, 271, 271, 266, 272, 271, 271, 269, 268, 270, 271, 271, 272, 270,
    270, 270, 267, 270, 270, 267, 271, 269, 267, 269, 269, 269, 267, 270,
    270, 270, 268, 272, 267, 271, 271, 268, 267, 268, 267, 269, 267, 266,
    266, 264, 267, 266, 264, 269, 270, 268, 267, 267, 267, 271, 271, 271,
    268, 270, 270, 272, 272, 268, 272, 271, 268, 272, 269, 271, 267, 271,
    270, 270, 268, 269, 267 ]
headPositionsY: [ 77, 76, 75, 76, 77, 75, 78, 73, 77, 75, 74, 77, 74, 76,
    75, 75, 76, 77, 73, 77, 76, 73, 75, 77, 75, 75, 74, 77, 77, 75, 74,
    74, 77, 76, 78, 73, 77, 77, 75, 75, 76, 75, 78, 73, 78, 74, 77, 74,
    79, 78, 76, 75, 74, 69, 67, 65, 63, 65, 66, 66, 70, 70, 78, 86, 86,
    90, 88, 87, 82, 81, 75, 74, 68, 66, 68, 68, 63, 68, 67, 69, 70, 75,
    80, 80, 84, 81, 84, 84, 79, 80, 79, 80, 79, 79, 77, 76, 79, 76, 80,
    77 ]
