%YAML:1.0
---
videoName: "headShake2.mp4"
gestureLabel: 201
fps: 29
pixelSizeInCmTemp: 3.4214285714285714e-01
faceCenterPointX: 276
faceCenterPointY: 98
headPositionsX: [ 278, 278, 277, 275, 276, 275, 275, 277, 277, 278, 276,
    279, 276, 276, 278, 278, 275, 278, 278, 279, 278, 279, 277, 276, 277,
    279, 278, 277, 279, 276, 275, 279, 278, 278, 279, 275, 274, 277, 279,
    279, 277, 276, 282, 285, 285, 289, 291, 295, 296, 293, 290, 290, 283,
    277, 272, 269, 267, 266, 267, 266, 274, 278, 282, 286, 292, 292, 288,
    285, 281, 282, 274, 271, 267, 270, 268, 271, 273, 279, 285, 286, 286,
    288, 284, 285, 282, 281, 280, 277, 276, 276, 276, 274, 275, 276, 276,
    273, 276, 276, 276, 275 ]
headPositionsY: [ 98, 98, 96, 97, 98, 97, 97, 97, 98, 96, 97, 96, 100,
    100, 100, 99, 96, 99, 98, 99, 100, 98, 99, 100, 97, 98, 97, 98, 99,
    98, 97, 101, 98, 99, 99, 99, 100, 97, 99, 99, 97, 100, 98, 96, 98,
    96, 97, 97, 94, 95, 95, 97, 98, 97, 99, 96, 98, 100, 95, 96, 97, 100,
    98, 98, 99, 97, 96, 98, 95, 98, 97, 98, 100, 99, 97, 100, 99, 100,
    96, 98, 96, 95, 100, 101, 99, 97, 97, 96, 98, 100, 99, 101, 97, 98,
    97, 100, 98, 102, 97, 101 ]
