%YAML:1.0
---
videoName: "headLookDown2.mp4"
gestureLabel: 206
fps: 29
pixelSizeInCmTemp: 3.3732394366197183e-01
faceCenterPointX: 274
faceCenterPointY: 95
headPositionsX: [ 274, 273, 273, 273, 276, 272, 271, 276, 272, 275, 271,
    275, 274, 276, 275, 273, 273, 274, 275, 275, 273, 272, 271, 273, 273,
    271, 275, 275, 274, 273, 273, 274, 272, 274, 276, 272, 275, 272, 273,
    274, 276, 272, 276, 276, 274, 276, 275, 276, 274, 275, 271, 275, 273,
    273, 273, 271, 272, 273, 275, 276, 273, 274, 273, 273, 273, 277, 277,
    274, 275, 277, 276, 277, 277, 277, 276, 274, 275, 274, 276, 277, 277,
    276, 274, 277, 274, 272, 274, 277, 273, 275, 275, 274, 273, 276, 272,
    274, 273, 276, 276, 274 ]
headPositionsY: [ 94, 78, 81, 80, 81, 81, 76, 79, 78, 79, 79, 79, 81, 81,
    77, 80, 81, 78, 78, 77, 79, 78, 78, 80, 80, 80, 80, 80, 81, 77, 79,
    82, 80, 79, 80, 80, 81, 84, 86, 87, 88, 90, 91, 90, 94, 93, 92, 96,
    94, 95, 95, 92, 93, 94, 92, 96, 92, 95, 95, 95, 93, 96, 94, 97, 95,
    97, 93, 95, 93, 94, 94, 95, 94, 97, 93, 93, 93, 96, 95, 96, 96, 93,
    96, 96, 94, 95, 93, 93, 94, 95, 96, 96, 95, 98, 94, 93, 96, 94, 97,
    97 ]
