%YAML:1.0
---
videoName: "headLookRight4.mp4"
gestureLabel: 204
fps: 30
pixelSizeInCmTemp: 3.4214285714285714e-01
faceCenterPointX: 228
faceCenterPointY: 75
headPositionsX: [ 227, 253, 253, 252, 252, 255, 253, 253, 253, 254, 253,
    256, 255, 253, 254, 255, 254, 252, 252, 251, 252, 254, 250, 249, 251,
    251, 249, 254, 253, 249, 252, 249, 247, 245, 245, 243, 241, 236, 236,
    235, 234, 230, 231, 228, 230, 227, 230, 228, 230, 227, 229, 230, 226,
    227, 230, 225, 223, 225, 227, 227, 226, 226, 226, 225, 223, 227, 224,
    226, 227, 223, 223, 228, 226, 223, 224, 226, 228, 226, 227, 228, 225,
    227, 225, 226, 226, 226, 225, 224, 224, 229, 228, 227, 223, 229, 230,
    227, 226, 228, 228, 229 ]
headPositionsY: [ 77, 74, 73, 72, 72, 70, 73, 69, 70, 72, 70, 74, 71, 71,
    75, 71, 75, 75, 71, 74, 72, 71, 72, 72, 72, 72, 72, 71, 75, 74, 71,
    72, 71, 74, 75, 74, 73, 73, 73, 74, 73, 71, 72, 71, 75, 70, 76, 75,
    73, 72, 76, 73, 75, 72, 73, 73, 75, 74, 72, 71, 74, 73, 75, 73, 76,
    72, 73, 75, 72, 73, 74, 74, 76, 74, 78, 73, 76, 76, 75, 73, 74, 74,
    72, 77, 75, 75, 76, 75, 74, 75, 72, 70, 75, 75, 74, 74, 74, 75, 72,
    76 ]
