%YAML:1.0
---
videoName: "headNod14.mp4"
gestureLabel: 202
fps: 29
pixelSizeInCmTemp: 3.2808219178082193e-01
faceCenterPointX: 257
faceCenterPointY: 71
headPositionsX: [ 255, 256, 259, 259, 260, 258, 258, 260, 257, 260, 261,
    258, 259, 260, 256, 258, 260, 260, 258, 259, 258, 260, 257, 258, 257,
    260, 259, 260, 260, 260, 258, 257, 258, 261, 256, 260, 256, 261, 258,
    260, 258, 259, 262, 260, 258, 261, 258, 260, 261, 257, 257, 256, 261,
    256, 256, 260, 259, 256, 257, 258, 261, 259, 258, 258, 260, 258, 258,
    259, 261, 259, 261, 257, 258, 255, 255, 259, 257, 259, 256, 258, 259,
    260, 259, 259, 258, 255, 259, 257, 256, 256, 258, 258, 258, 257, 256,
    255, 258, 258, 256, 258 ]
headPositionsY: [ 72, 78, 76, 77, 76, 76, 76, 76, 75, 76, 79, 78, 76, 76,
    79, 78, 76, 78, 76, 75, 80, 75, 79, 79, 79, 80, 76, 77, 78, 77, 78,
    76, 79, 78, 76, 78, 78, 78, 77, 73, 74, 72, 70, 68, 69, 70, 71, 73,
    71, 72, 76, 75, 80, 78, 84, 80, 81, 81, 75, 74, 72, 69, 67, 68, 72,
    70, 73, 74, 80, 82, 79, 80, 79, 76, 75, 71, 69, 67, 69, 69, 71, 75,
    77, 79, 78, 78, 78, 76, 76, 76, 72, 69, 69, 68, 71, 71, 70, 71, 69,
    72 ]
