%YAML:1.0
---
videoName: "headShake29.mp4"
gestureLabel: 201
fps: 29
pixelSizeInCmTemp: 3.3263888888888887e-01
faceCenterPointX: 243
faceCenterPointY: 76
headPositionsX: [ 245, 242, 243, 245, 245, 240, 241, 240, 242, 244, 241,
    241, 245, 243, 244, 244, 244, 243, 242, 244, 243, 241, 244, 241, 240,
    239, 241, 236, 239, 240, 244, 246, 253, 255, 256, 254, 255, 250, 246,
    241, 239, 235, 229, 228, 226, 230, 231, 239, 240, 248, 250, 251, 254,
    249, 247, 246, 242, 237, 231, 231, 231, 229, 230, 233, 236, 239, 246,
    251, 249, 251, 253, 252, 251, 246, 242, 241, 236, 235, 235, 234, 233,
    235, 234, 238, 239, 237, 237, 240, 243, 243, 241, 241, 242, 243, 243,
    244, 241, 244, 244, 243 ]
headPositionsY: [ 74, 77, 75, 74, 77, 73, 74, 77, 78, 73, 77, 77, 78, 74,
    73, 75, 76, 78, 78, 76, 78, 75, 76, 76, 75, 75, 78, 76, 78, 76, 76,
    75, 76, 74, 76, 75, 75, 74, 77, 75, 78, 76, 74, 75, 78, 75, 75, 76,
    78, 77, 77, 74, 74, 77, 78, 77, 78, 77, 76, 77, 74, 75, 75, 78, 77,
    79, 78, 78, 73, 77, 76, 77, 77, 75, 77, 76, 77, 75, 76, 75, 75, 78,
    76, 75, 78, 74, 75, 75, 79, 75, 77, 80, 79, 75, 79, 75, 75, 74, 78,
    79 ]
