%YAML:1.0
---
videoName: "headLookUp6.mp4"
gestureLabel: 205
fps: 30
pixelSizeInCmTemp: 3.7421874999999999e-01
faceCenterPointX: 255
faceCenterPointY: 70
headPositionsX: [ 254, 256, 253, 258, 257, 256, 256, 254, 254, 256, 255,
    254, 254, 257, 254, 254, 256, 253, 254, 254, 256, 256, 255, 256, 255,
    257, 255, 254, 253, 258, 254, 255, 258, 254, 254, 253, 257, 255, 254,
    256, 254, 257, 255, 253, 256, 255, 252, 253, 253, 255, 254, 256, 255,
    255, 254, 256, 255, 257, 255, 254, 255, 257, 255, 257, 256, 253, 254,
    253, 256, 257, 254, 252, 255, 252, 253, 254, 253, 255, 253, 255, 258,
    252, 253, 254, 253, 253, 252, 253, 257, 255, 254, 256, 257, 255, 255,
    253, 252, 257, 255, 256 ]
headPositionsY: [ 69, 84, 82, 85, 82, 85, 85, 84, 82, 84, 85, 85, 82, 84,
    81, 83, 83, 82, 85, 82, 81, 81, 81, 84, 79, 78, 78, 79, 75, 75, 74,
    74, 73, 70, 71, 68, 68, 69, 70, 70, 66, 67, 68, 68, 70, 71, 69, 68,
    69, 66, 69, 70, 68, 70, 66, 67, 69, 71, 71, 70, 68, 71, 68, 70, 67,
    67, 71, 70, 70, 72, 69, 71, 69, 69, 68, 69, 67, 70, 69, 72, 70, 69,
    69, 68, 69, 68, 67, 68, 72, 70, 68, 68, 70, 71, 69, 71, 71, 68, 69,
    68 ]
