%YAML:1.0
---
videoName: "headShake38.mp4"
gestureLabel: 201
fps: 29
pixelSizeInCmTemp: 3.2808219178082193e-01
faceCenterPointX: 259
faceCenterPointY: 84
headPositionsX: [ 259, 261, 265, 261, 261, 265, 262, 263, 265, 264, 264,
    261, 266, 265, 261, 261, 263, 266, 264, 265, 262, 262, 264, 262, 264,
    265, 265, 261, 262, 263, 261, 263, 264, 261, 261, 261, 264, 264, 263,
    262, 260, 261, 259, 256, 256, 251, 250, 249, 250, 252, 261, 264, 275,
    278, 278, 274, 269, 264, 253, 251, 248, 249, 252, 258, 267, 269, 271,
    268, 268, 260, 252, 251, 248, 246, 250, 254, 261, 265, 267, 266, 269,
    271, 266, 266, 264, 263, 264, 259, 260, 262, 260, 261, 260, 260, 262,
    258, 262, 260, 259, 262 ]
headPositionsY: [ 84, 83, 85, 80, 83, 85, 82, 81, 83, 83, 85, 82, 85, 82,
    83, 82, 83, 86, 84, 82, 83, 82, 84, 84, 85, 86, 82, 82, 86, 82, 82,
    84, 85, 84, 81, 85, 81, 84, 83, 81, 81, 84, 85, 85, 84, 80, 84, 80,
    82, 84, 85, 82, 84, 82, 85, 82, 86, 83, 86, 85, 85, 81, 85, 85, 85,
    81, 82, 83, 86, 83, 84, 81, 86, 81, 84, 86, 83, 84, 84, 83, 84, 86,
    85, 87, 84, 87, 86, 83, 82, 84, 84, 86, 86, 84, 85, 82, 82, 86, 82,
    82 ]
