%YAML:1.0
---
videoName: "headNod6.mp4"
gestureLabel: 202
fps: 29
pixelSizeInCmTemp: 3.1513157894736843e-01
faceCenterPointX: 262
faceCenterPointY: 73
headPositionsX: [ 262, 261, 259, 264, 261, 262, 262, 262, 262, 260, 260,
    260, 263, 264, 264, 265, 263, 263, 263, 264, 263, 263, 262, 261, 265,
    260, 263, 261, 262, 263, 264, 264, 261, 261, 263, 264, 264, 262, 264,
    261, 265, 261, 260, 261, 262, 262, 259, 264, 258, 259, 261, 261, 260,
    261, 262, 261, 263, 260, 259, 261, 258, 262, 260, 261, 262, 261, 259,
    262, 261, 259, 260, 259, 259, 259, 260, 259, 261, 260, 262, 260, 259,
    264, 263, 261, 260, 263, 263, 260, 260, 261, 261, 261, 264, 262, 260,
    260, 263, 261, 260, 263 ]
headPositionsY: [ 75, 73, 73, 74, 73, 74, 72, 72, 76, 76, 71, 75, 74, 72,
    74, 75, 76, 71, 75, 75, 72, 73, 72, 76, 73, 72, 73, 75, 72, 72, 72,
    74, 71, 70, 69, 66, 64, 64, 66, 67, 70, 79, 79, 85, 84, 82, 75, 75,
    67, 69, 67, 71, 71, 75, 81, 81, 85, 80, 79, 71, 72, 70, 69, 69, 72,
    76, 76, 83, 82, 83, 81, 75, 72, 67, 64, 67, 65, 66, 69, 77, 79, 81,
    85, 84, 83, 78, 75, 73, 73, 68, 70, 70, 71, 71, 72, 74, 73, 73, 72,
    73 ]
