%YAML:1.0
---
videoName: "headShake30.mp4"
gestureLabel: 201
fps: 29
pixelSizeInCmTemp: 3.2808219178082193e-01
faceCenterPointX: 240
faceCenterPointY: 68
headPositionsX: [ 242, 235, 231, 235, 234, 232, 231, 232, 232, 237, 235,
    238, 238, 237, 241, 239, 242, 239, 243, 244, 246, 241, 244, 241, 246,
    244, 244, 243, 242, 243, 241, 238, 242, 239, 238, 237, 241, 242, 244,
    245, 248, 252, 255, 256, 258, 260, 257, 257, 251, 243, 237, 230, 228,
    222, 224, 227, 227, 234, 240, 246, 249, 253, 251, 252, 246, 242, 237,
    234, 230, 229, 226, 227, 234, 239, 244, 245, 248, 250, 251, 250, 248,
    246, 244, 238, 238, 234, 239, 239, 238, 238, 240, 242, 241, 241, 242,
    241, 240, 242, 239, 238 ]
headPositionsY: [ 66, 57, 56, 59, 56, 59, 62, 59, 60, 62, 65, 65, 62, 65,
    64, 67, 64, 63, 67, 63, 66, 65, 64, 65, 66, 64, 65, 68, 65, 65, 65,
    63, 68, 67, 66, 67, 64, 65, 67, 66, 67, 64, 65, 65, 67, 67, 67, 68,
    67, 65, 70, 66, 65, 67, 70, 70, 71, 68, 68, 69, 68, 68, 68, 66, 67,
    69, 70, 70, 66, 68, 70, 69, 70, 69, 66, 68, 67, 67, 68, 67, 64, 66,
    69, 69, 65, 66, 68, 70, 68, 68, 69, 69, 67, 67, 66, 66, 67, 69, 67,
    69 ]
