%YAML:1.0
---
videoName: "headNod34.mp4"
gestureLabel: 202
fps: 29
pixelSizeInCmTemp: 2.9567901234567900e-01
faceCenterPointX: 266
faceCenterPointY: 78
headPositionsX: [ 268, 267, 267, 268, 270, 270, 272, 268, 271, 267, 270,
    269, 269, 270, 270, 271, 269, 268, 269, 266, 267, 270, 267, 270, 268,
    270, 269, 268, 272, 270, 272, 270, 271, 271, 271, 267, 271, 270, 270,
    272, 269, 270, 271, 268, 272, 269, 271, 267, 268, 267, 268, 269, 269,
    270, 270, 270, 268, 272, 273, 273, 268, 271, 268, 270, 268, 272, 271,
    269, 268, 268, 268, 268, 267, 268, 265, 268, 266, 265, 266, 268, 265,
    268, 267, 267, 265, 264, 266, 265, 264, 264, 267, 264, 266, 265, 264,
    264, 265, 267, 265, 267 ]
headPositionsY: [ 80, 76, 75, 76, 76, 77, 77, 76, 76, 77, 79, 77, 78, 78,
    77, 78, 75, 75, 76, 74, 77, 74, 75, 77, 77, 75, 78, 74, 74, 74, 75,
    78, 77, 79, 77, 74, 77, 72, 70, 73, 73, 69, 76, 74, 82, 84, 91, 89,
    85, 82, 81, 74, 73, 72, 70, 75, 72, 78, 82, 82, 81, 85, 79, 80, 79,
    81, 75, 78, 77, 81, 82, 86, 83, 82, 81, 79, 81, 75, 79, 80, 81, 81,
    82, 83, 81, 81, 79, 81, 78, 76, 80, 79, 80, 82, 80, 82, 80, 81, 78,
    81 ]
