%YAML:1.0
---
videoName: "headLookRight5.mp4"
gestureLabel: 204
fps: 29
pixelSizeInCmTemp: 3.1513157894736843e-01
faceCenterPointX: 228
faceCenterPointY: 76
headPositionsX: [ 227, 251, 250, 251, 250, 247, 247, 248, 250, 250, 248,
    249, 250, 250, 250, 247, 249, 248, 247, 248, 246, 248, 248, 251, 248,
    248, 250, 251, 250, 246, 249, 246, 248, 244, 241, 243, 236, 238, 234,
    232, 229, 227, 224, 224, 227, 227, 224, 226, 224, 229, 226, 228, 222,
    228, 225, 225, 223, 228, 226, 222, 225, 222, 229, 224, 229, 228, 224,
    227, 225, 225, 225, 225, 226, 225, 225, 227, 226, 229, 225, 226, 222,
    225, 226, 224, 223, 225, 225, 222, 227, 228, 221, 228, 222, 227, 223,
    223, 223, 223, 226, 223 ]
headPositionsY: [ 74, 74, 73, 74, 73, 73, 72, 72, 76, 74, 75, 74, 75, 74,
    75, 76, 73, 76, 76, 77, 76, 73, 73, 72, 76, 76, 76, 76, 73, 76, 76,
    76, 75, 72, 76, 72, 71, 73, 74, 71, 71, 73, 72, 77, 72, 73, 74, 75,
    73, 76, 75, 74, 74, 77, 75, 74, 76, 73, 75, 76, 76, 75, 76, 76, 74,
    76, 76, 76, 73, 73, 76, 74, 76, 74, 72, 73, 74, 76, 75, 71, 76, 73,
    74, 75, 71, 76, 76, 72, 76, 77, 75, 75, 72, 74, 70, 76, 75, 73, 76,
    75 ]
