%YAML:1.0
---
videoName: "headShake28.mp4"
gestureLabel: 201
fps: 29
pixelSizeInCmTemp: 3.2808219178082193e-01
faceCenterPointX: 242
faceCenterPointY: 80
headPositionsX: [ 242, 243, 240, 243, 241, 241, 242, 239, 238, 239, 240,
    239, 240, 244, 244, 244, 243, 242, 240, 241, 244, 243, 242, 244, 240,
    244, 242, 241, 241, 241, 240, 241, 242, 241, 242, 242, 244, 244, 245,
    245, 241, 244, 242, 246, 244, 245, 245, 243, 246, 243, 239, 236, 234,
    231, 229, 233, 238, 242, 251, 253, 254, 255, 251, 250, 245, 242, 238,
    234, 230, 237, 240, 243, 247, 252, 251, 253, 253, 252, 251, 246, 242,
    240, 239, 237, 236, 235, 239, 241, 240, 243, 243, 244, 240, 241, 242,
    243, 242, 243, 241, 242 ]
headPositionsY: [ 82, 75, 75, 75, 76, 76, 77, 77, 75, 78, 80, 80, 79, 78,
    81, 78, 81, 79, 81, 80, 81, 80, 80, 77, 79, 77, 79, 77, 77, 80, 81,
    80, 78, 76, 77, 80, 79, 79, 79, 80, 76, 78, 80, 79, 76, 76, 80, 79,
    76, 77, 76, 77, 77, 77, 77, 76, 77, 77, 77, 76, 76, 78, 75, 77, 78,
    80, 77, 80, 76, 80, 79, 81, 78, 80, 77, 75, 75, 77, 77, 81, 79, 79,
    78, 80, 78, 76, 79, 79, 80, 78, 77, 78, 77, 78, 80, 80, 80, 81, 79,
    81 ]
