%YAML:1.0
---
videoName: "headNod4.mp4"
gestureLabel: 202
fps: 29
pixelSizeInCmTemp: 3.2808219178082193e-01
faceCenterPointX: 264
faceCenterPointY: 72
headPositionsX: [ 264, 270, 271, 268, 270, 270, 268, 268, 272, 271, 268,
    269, 268, 267, 268, 269, 270, 271, 270, 269, 270, 269, 269, 270, 265,
    266, 268, 267, 269, 268, 267, 267, 269, 265, 265, 267, 269, 267, 269,
    267, 269, 269, 266, 268, 269, 268, 268, 267, 270, 266, 265, 269, 268,
    269, 267, 265, 268, 266, 266, 267, 263, 266, 265, 267, 267, 263, 265,
    266, 264, 267, 267, 263, 265, 265, 265, 262, 265, 264, 266, 264, 266,
    263, 267, 266, 266, 265, 266, 265, 263, 266, 262, 264, 267, 262, 265,
    263, 262, 266, 265, 267 ]
headPositionsY: [ 73, 73, 75, 73, 72, 76, 75, 72, 74, 75, 72, 74, 74, 75,
    73, 77, 72, 77, 72, 75, 75, 74, 75, 74, 73, 76, 75, 75, 76, 76, 74,
    74, 74, 75, 75, 73, 75, 74, 76, 75, 76, 75, 72, 73, 70, 71, 66, 67,
    65, 64, 68, 71, 72, 76, 77, 78, 84, 82, 80, 75, 73, 71, 69, 70, 71,
    69, 75, 75, 80, 82, 85, 82, 81, 78, 74, 74, 69, 69, 70, 69, 69, 69,
    72, 77, 78, 80, 81, 84, 84, 83, 81, 78, 81, 78, 78, 79, 76, 74, 73,
    75 ]
