%YAML:1.0
---
videoName: "headNod14.mp4"
gestureLabel: 202
fps: 29
pixelSizeInCmTemp: 3.2808219178082193e-01
faceCenterPointX: 257
faceCenterPointY: 71
headPositionsX: [ 257, 258, 257, 257, 261, 257, 258, 259, 257, 257, 259,
    258, 261, 258, 257, 259, 257, 257, 258, 257, 258, 256, 259, 258, 260,
    259, 260, 258, 259, 260, 259, 258, 261, 261, 260, 261, 256, 257, 260,
    259, 257, 260, 258, 259, 262, 261, 260, 258, 260, 260, 259, 258, 257,
    257, 259, 258, 261, 256, 258, 259, 260, 256, 258, 259, 259, 261, 259,
    261, 261, 260, 261, 257, 260, 255, 259, 258, 259, 256, 259, 258, 259,
    260, 256, 258, 257, 258, 259, 257, 260, 254, 255, 259, 260, 258, 255,
    255, 259, 255, 259, 256 ]
headPositionsY: [ 73, 76, 76, 75, 79, 77, 75, 76, 75, 77, 77, 76, 77, 77,
    79, 78, 76, 79, 79, 78, 79, 78, 78, 78, 78, 79, 78, 75, 80, 77, 78,
    75, 79, 78, 77, 77, 79, 80, 78, 77, 73, 73, 72, 71, 71, 68, 71, 70,
    73, 74, 74, 78, 80, 80, 83, 83, 81, 82, 79, 76, 74, 70, 69, 70, 69,
    70, 76, 77, 79, 80, 82, 82, 78, 76, 77, 74, 71, 67, 70, 68, 70, 71,
    77, 76, 79, 80, 82, 77, 79, 73, 72, 70, 67, 71, 68, 72, 71, 72, 70,
    70 ]
