%YAML:1.0
---
videoName: "headNod21.mp4"
gestureLabel: 202
fps: 29
pixelSizeInCmTemp: 3.2808219178082193e-01
faceCenterPointX: 253
faceCenterPointY: 78
headPositionsX: [ 255, 258, 254, 254, 253, 254, 253, 253, 253, 254, 253,
    256, 253, 257, 253, 257, 253, 253, 255, 254, 255, 253, 257, 253, 257,
    255, 253, 253, 255, 253, 254, 255, 258, 255, 257, 254, 256, 258, 258,
    255, 254, 254, 254, 255, 254, 256, 254, 255, 253, 252, 253, 252, 255,
    255, 255, 255, 256, 255, 253, 255, 256, 253, 255, 254, 252, 254, 251,
    251, 254, 251, 253, 252, 252, 250, 252, 250, 250, 251, 248, 251, 248,
    249, 252, 249, 249, 251, 254, 253, 252, 250, 252, 254, 252, 254, 255,
    253, 256, 254, 252, 257 ]
headPositionsY: [ 80, 79, 79, 77, 79, 77, 79, 79, 81, 78, 79, 78, 79, 78,
    79, 81, 77, 81, 80, 77, 78, 78, 80, 78, 80, 77, 80, 78, 80, 81, 84,
    81, 80, 78, 78, 77, 75, 75, 73, 79, 80, 83, 86, 83, 81, 79, 79, 78,
    75, 77, 81, 84, 86, 84, 86, 83, 80, 76, 79, 75, 78, 79, 82, 83, 83,
    82, 80, 78, 76, 77, 75, 78, 82, 80, 84, 84, 83, 79, 81, 75, 75, 77,
    77, 79, 79, 77, 78, 79, 77, 76, 79, 78, 77, 77, 78, 79, 77, 78, 78,
    77 ]
