%YAML:1.0
---
videoName: "headNod13.mp4"
gestureLabel: 202
fps: 29
pixelSizeInCmTemp: 3.2364864864864862e-01
faceCenterPointX: 253
faceCenterPointY: 79
headPositionsX: [ 254, 249, 251, 255, 251, 250, 251, 255, 254, 253, 253,
    254, 254, 256, 255, 252, 254, 255, 257, 254, 253, 256, 256, 254, 253,
    256, 252, 254, 254, 254, 254, 254, 255, 253, 256, 254, 253, 254, 250,
    252, 251, 252, 251, 255, 251, 255, 252, 255, 252, 253, 253, 254, 254,
    255, 256, 255, 252, 254, 256, 251, 255, 255, 253, 254, 253, 255, 252,
    256, 253, 252, 256, 253, 256, 252, 255, 256, 253, 254, 253, 254, 254,
    253, 256, 252, 255, 257, 256, 254, 254, 255, 254, 254, 254, 256, 255,
    251, 255, 252, 250, 251 ]
headPositionsY: [ 79, 75, 72, 75, 72, 72, 72, 73, 75, 76, 72, 71, 74, 72,
    76, 74, 74, 76, 73, 75, 74, 75, 72, 74, 72, 75, 75, 75, 74, 75, 73,
    73, 72, 73, 72, 73, 74, 74, 75, 74, 72, 74, 74, 72, 76, 76, 74, 72,
    74, 72, 71, 70, 66, 68, 67, 72, 74, 74, 77, 77, 77, 80, 76, 74, 73,
    72, 71, 67, 67, 67, 73, 72, 75, 75, 76, 80, 80, 76, 75, 78, 72, 70,
    73, 72, 74, 76, 78, 79, 81, 78, 80, 80, 81, 81, 76, 78, 80, 80, 78,
    76 ]
