%YAML:1.0
---
videoName: "headNod11.mp4"
gestureLabel: 202
fps: 29
pixelSizeInCmTemp: 3.2364864864864862e-01
faceCenterPointX: 261
faceCenterPointY: 75
headPositionsX: [ 263, 261, 262, 260, 261, 261, 257, 259, 257, 261, 258,
    260, 257, 260, 260, 259, 259, 261, 258, 257, 262, 262, 259, 260, 262,
    263, 258, 260, 258, 260, 260, 261, 259, 257, 260, 261, 262, 258, 261,
    261, 261, 261, 261, 261, 262, 258, 259, 262, 260, 262, 263, 262, 263,
    261, 259, 262, 262, 260, 261, 262, 258, 258, 259, 256, 257, 256, 260,
    260, 255, 259, 255, 259, 257, 260, 257, 254, 258, 255, 258, 259, 259,
    257, 257, 259, 261, 257, 258, 257, 260, 260, 259, 260, 260, 259, 262,
    262, 260, 259, 260, 260 ]
headPositionsY: [ 76, 76, 76, 74, 75, 75, 76, 74, 76, 76, 73, 76, 72, 74,
    72, 74, 76, 75, 76, 73, 74, 74, 74, 77, 76, 74, 73, 76, 76, 75, 76,
    77, 75, 75, 77, 76, 78, 76, 73, 76, 75, 77, 75, 75, 77, 76, 74, 73,
    70, 71, 71, 66, 69, 69, 68, 71, 72, 74, 75, 78, 82, 79, 75, 72, 72,
    67, 68, 68, 70, 70, 75, 78, 77, 78, 80, 81, 80, 75, 76, 73, 73, 68,
    71, 72, 76, 77, 77, 80, 79, 82, 78, 76, 75, 76, 75, 74, 75, 77, 74,
    75 ]
