%YAML:1.0
---
videoName: "headShake24.mp4"
gestureLabel: 201
fps: 29
pixelSizeInCmTemp: 3.2808219178082193e-01
faceCenterPointX: 240
faceCenterPointY: 78
headPositionsX: [ 240, 250, 253, 254, 253, 252, 254, 253, 252, 253, 249,
    246, 246, 241, 241, 234, 233, 231, 231, 231, 231, 227, 229, 234, 234,
    236, 236, 238, 243, 244, 245, 246, 250, 249, 251, 250, 250, 246, 247,
    246, 243, 242, 242, 240, 237, 235, 235, 233, 233, 234, 234, 236, 235,
    236, 236, 238, 240, 243, 247, 244, 244, 244, 247, 246, 250, 245, 246,
    248, 247, 247, 246, 244, 244, 242, 239, 238, 239, 240, 240, 240, 240,
    237, 239, 240, 240, 237, 238, 239, 242, 238, 238, 242, 240, 240, 242,
    238, 238, 238, 239, 238 ]
headPositionsY: [ 78, 76, 74, 74, 75, 74, 76, 73, 77, 79, 79, 76, 76, 78,
    77, 75, 75, 78, 79, 77, 77, 76, 78, 80, 75, 79, 79, 76, 77, 77, 75,
    78, 75, 79, 76, 78, 78, 79, 77, 78, 78, 78, 79, 80, 77, 78, 76, 78,
    77, 79, 77, 78, 78, 79, 79, 79, 79, 75, 79, 77, 79, 77, 77, 75, 75,
    75, 80, 75, 79, 78, 77, 76, 75, 77, 80, 74, 78, 78, 78, 78, 79, 78,
    78, 78, 79, 77, 76, 79, 76, 79, 80, 80, 76, 76, 76, 77, 78, 78, 77,
    78 ]
