%YAML:1.0
---
videoName: "headLookRight9.mp4"
gestureLabel: 204
fps: 29
pixelSizeInCmTemp: 2.8511904761904761e-01
faceCenterPointX: 217
faceCenterPointY: 75
headPositionsX: [ 216, 245, 243, 244, 244, 245, 245, 245, 243, 242, 246,
    245, 245, 241, 242, 244, 244, 241, 241, 245, 241, 244, 242, 242, 240,
    245, 242, 244, 245, 242, 242, 241, 239, 236, 235, 230, 230, 223, 222,
    222, 222, 217, 213, 217, 218, 216, 216, 215, 217, 217, 215, 214, 213,
    218, 214, 213, 211, 213, 215, 217, 212, 211, 216, 215, 219, 221, 215,
    212, 216, 213, 217, 211, 207, 216, 211, 214, 217, 213, 216, 219, 214,
    217, 217, 218, 215, 216, 217, 217, 215, 217, 219, 210, 217, 216, 215,
    214, 218, 220, 218, 218 ]
headPositionsY: [ 74, 76, 73, 75, 73, 73, 76, 76, 72, 74, 75, 75, 76, 75,
    74, 73, 75, 74, 72, 72, 75, 72, 76, 77, 72, 74, 75, 74, 76, 76, 73,
    77, 74, 73, 76, 76, 71, 74, 75, 76, 77, 71, 73, 78, 70, 74, 71, 71,
    70, 71, 71, 73, 70, 71, 73, 75, 73, 76, 69, 74, 71, 73, 72, 70, 77,
    80, 73, 76, 74, 72, 71, 79, 76, 68, 73, 73, 74, 73, 73, 74, 73, 73,
    72, 72, 71, 73, 69, 71, 75, 73, 77, 71, 74, 74, 72, 70, 74, 74, 72,
    75 ]
