%YAML:1.0
---
videoName: "headLookRight5.mp4"
gestureLabel: 204
fps: 29
pixelSizeInCmTemp: 3.1513157894736843e-01
faceCenterPointX: 228
faceCenterPointY: 76
headPositionsX: [ 226, 252, 249, 248, 250, 248, 250, 250, 251, 247, 248,
    248, 248, 246, 249, 248, 250, 251, 250, 248, 247, 251, 251, 251, 249,
    252, 251, 248, 251, 247, 248, 246, 245, 247, 245, 240, 239, 235, 231,
    231, 228, 227, 224, 224, 226, 225, 226, 225, 226, 228, 224, 227, 220,
    228, 227, 227, 224, 228, 224, 225, 224, 224, 225, 228, 229, 227, 224,
    225, 225, 228, 227, 224, 226, 227, 226, 226, 228, 225, 226, 226, 221,
    223, 226, 223, 225, 224, 225, 225, 223, 224, 223, 228, 225, 225, 224,
    226, 227, 224, 226, 224 ]
headPositionsY: [ 74, 76, 74, 73, 72, 76, 72, 73, 76, 73, 72, 74, 76, 72,
    75, 76, 73, 73, 75, 77, 75, 75, 75, 76, 72, 77, 74, 76, 77, 75, 76,
    75, 74, 72, 76, 72, 74, 75, 75, 74, 74, 76, 73, 73, 73, 73, 71, 76,
    73, 76, 75, 76, 72, 73, 72, 73, 76, 74, 77, 76, 77, 76, 75, 76, 73,
    75, 76, 76, 76, 73, 75, 75, 76, 75, 71, 74, 75, 77, 74, 72, 73, 75,
    75, 75, 73, 75, 75, 71, 72, 74, 74, 74, 76, 76, 74, 72, 75, 75, 76,
    75 ]
