%YAML:1.0
---
videoName: "headNod44.mp4"
gestureLabel: 202
fps: 29
pixelSizeInCmTemp: 2.9567901234567900e-01
faceCenterPointX: 268
faceCenterPointY: 78
headPositionsX: [ 267, 271, 270, 269, 271, 268, 268, 267, 272, 267, 270,
    271, 268, 268, 271, 269, 271, 270, 271, 271, 267, 271, 270, 269, 270,
    269, 268, 268, 269, 268, 270, 268, 265, 268, 266, 270, 269, 265, 265,
    267, 264, 267, 265, 265, 266, 265, 267, 268, 265, 268, 266, 268, 268,
    268, 266, 267, 266, 266, 267, 266, 267, 270, 267, 268, 267, 268, 267,
    269, 266, 267, 270, 270, 272, 267, 268, 267, 271, 270, 270, 270, 269,
    271, 266, 268, 268, 267, 266, 268, 269, 270, 269, 266, 269, 269, 266,
    269, 266, 268, 267, 266 ]
headPositionsY: [ 80, 72, 76, 72, 74, 73, 75, 73, 73, 76, 72, 75, 73, 73,
    77, 75, 74, 76, 79, 80, 83, 90, 91, 92, 95, 93, 92, 83, 80, 74, 71,
    68, 67, 68, 73, 77, 77, 82, 85, 89, 87, 84, 82, 78, 71, 73, 71, 74,
    75, 78, 85, 90, 93, 87, 87, 84, 77, 76, 73, 75, 76, 77, 78, 83, 83,
    84, 85, 79, 78, 77, 78, 76, 74, 80, 78, 83, 84, 89, 85, 86, 84, 83,
    79, 81, 79, 78, 78, 80, 78, 76, 78, 81, 77, 78, 79, 76, 77, 76, 76,
    76 ]
