%YAML:1.0
---
videoName: "headShake46.mp4"
gestureLabel: 201
fps: 30
pixelSizeInCmTemp: 3.2364864864864862e-01
faceCenterPointX: 262
faceCenterPointY: 85
headPositionsX: [ 263, 258, 263, 260, 261, 259, 258, 262, 261, 262, 262,
    259, 260, 260, 259, 260, 260, 259, 259, 261, 259, 259, 263, 258, 263,
    259, 258, 261, 258, 260, 262, 269, 273, 275, 280, 276, 276, 274, 266,
    258, 254, 253, 249, 250, 253, 264, 269, 269, 270, 265, 265, 259, 256,
    252, 257, 257, 263, 268, 269, 265, 268, 264, 259, 255, 256, 261, 265,
    267, 271, 268, 269, 266, 263, 261, 261, 262, 263, 261, 265, 264, 266,
    265, 265, 262, 258, 261, 261, 261, 262, 263, 262, 261, 262, 260, 259,
    262, 261, 259, 262, 259 ]
headPositionsY: [ 84, 83, 82, 86, 84, 82, 84, 86, 83, 84, 82, 83, 85, 83,
    85, 86, 86, 87, 85, 84, 83, 84, 82, 85, 87, 85, 84, 82, 84, 85, 85,
    85, 80, 81, 81, 83, 84, 82, 84, 83, 87, 86, 83, 87, 82, 83, 85, 82,
    84, 85, 86, 86, 83, 84, 83, 84, 83, 87, 85, 84, 87, 85, 88, 86, 83,
    84, 84, 87, 84, 85, 84, 84, 84, 82, 86, 85, 85, 83, 85, 83, 87, 86,
    83, 86, 83, 83, 82, 86, 86, 84, 87, 84, 86, 85, 87, 85, 84, 86, 86,
    87 ]
