%YAML:1.0
---
videoName: "headLookUp1.mp4"
gestureLabel: 205
fps: 29
pixelSizeInCmTemp: 3.7421874999999999e-01
faceCenterPointX: 258
faceCenterPointY: 66
headPositionsX: [ 260, 258, 257, 259, 259, 257, 261, 257, 258, 257, 257,
    258, 257, 261, 259, 260, 259, 258, 261, 258, 259, 258, 257, 258, 257,
    261, 262, 260, 258, 257, 260, 258, 257, 259, 258, 258, 259, 258, 258,
    260, 261, 257, 261, 257, 257, 257, 258, 259, 260, 257, 259, 259, 258,
    256, 259, 258, 257, 257, 255, 255, 256, 258, 257, 259, 258, 260, 258,
    259, 259, 255, 256, 259, 259, 261, 259, 256, 257, 261, 261, 259, 260,
    258, 262, 260, 257, 260, 259, 259, 256, 261, 260, 258, 256, 256, 258,
    259, 260, 257, 255, 259 ]
headPositionsY: [ 64, 79, 83, 82, 81, 83, 79, 79, 79, 80, 79, 81, 80, 83,
    82, 79, 80, 80, 79, 80, 82, 82, 82, 81, 82, 80, 79, 83, 80, 80, 81,
    81, 83, 80, 83, 79, 79, 83, 81, 80, 78, 78, 77, 75, 75, 74, 69, 70,
    67, 67, 67, 68, 65, 68, 68, 63, 65, 63, 68, 64, 67, 62, 66, 66, 68,
    63, 68, 64, 65, 66, 67, 63, 65, 65, 67, 67, 65, 64, 68, 65, 68, 65,
    65, 64, 63, 67, 63, 65, 65, 63, 64, 67, 64, 65, 66, 66, 64, 66, 67,
    66 ]
