%YAML:1.0
---
videoName: "headShake48.mp4"
gestureLabel: 201
fps: 29
pixelSizeInCmTemp: 3.1103896103896100e-01
faceCenterPointX: 258
faceCenterPointY: 85
headPositionsX: [ 256, 262, 258, 259, 256, 257, 259, 261, 260, 258, 260,
    261, 261, 260, 262, 260, 261, 259, 261, 257, 258, 259, 258, 258, 261,
    257, 259, 256, 256, 261, 262, 259, 258, 261, 260, 265, 264, 270, 274,
    274, 275, 273, 273, 265, 260, 256, 252, 247, 245, 246, 254, 257, 265,
    268, 267, 266, 264, 258, 257, 250, 249, 251, 253, 259, 262, 267, 268,
    264, 264, 260, 259, 254, 251, 250, 248, 252, 257, 259, 265, 263, 268,
    263, 263, 262, 262, 261, 257, 260, 258, 261, 258, 258, 259, 258, 259,
    257, 259, 258, 259, 257 ]
headPositionsY: [ 87, 78, 79, 78, 79, 78, 80, 80, 79, 81, 82, 80, 80, 79,
    80, 78, 82, 80, 80, 81, 83, 80, 80, 83, 81, 82, 82, 80, 81, 82, 84,
    83, 82, 82, 80, 83, 81, 82, 83, 80, 81, 83, 84, 83, 86, 82, 83, 83,
    83, 84, 83, 84, 88, 87, 86, 88, 85, 88, 87, 86, 84, 85, 84, 86, 85,
    87, 87, 88, 87, 85, 86, 88, 87, 87, 88, 87, 85, 87, 88, 88, 85, 84,
    88, 84, 89, 85, 84, 85, 87, 85, 88, 87, 85, 86, 84, 85, 87, 85, 84,
    84 ]
