%YAML:1.0
---
videoName: "headNod27.mp4"
gestureLabel: 202
fps: 29
pixelSizeInCmTemp: 3.0705128205128202e-01
faceCenterPointX: 271
faceCenterPointY: 77
headPositionsX: [ 272, 274, 273, 271, 274, 274, 274, 272, 273, 271, 272,
    272, 272, 271, 271, 272, 273, 271, 271, 273, 275, 274, 273, 274, 273,
    272, 273, 272, 273, 272, 272, 270, 272, 273, 268, 271, 271, 268, 271,
    269, 269, 271, 268, 269, 268, 272, 271, 270, 267, 270, 267, 270, 271,
    270, 270, 272, 268, 271, 268, 268, 269, 272, 271, 269, 268, 269, 266,
    266, 268, 267, 269, 268, 268, 271, 267, 271, 268, 267, 267, 270, 269,
    268, 269, 267, 271, 270, 271, 270, 273, 271, 273, 272, 270, 272, 269,
    272, 272, 272, 269, 271 ]
headPositionsY: [ 79, 75, 74, 75, 72, 74, 74, 73, 75, 75, 74, 72, 76, 72,
    74, 72, 72, 73, 77, 77, 75, 69, 71, 65, 67, 66, 62, 65, 62, 69, 68,
    77, 79, 83, 85, 85, 79, 79, 72, 71, 67, 66, 68, 70, 71, 69, 76, 78,
    79, 79, 80, 76, 72, 72, 72, 68, 73, 70, 72, 74, 80, 81, 83, 84, 79,
    76, 76, 74, 73, 71, 71, 72, 74, 75, 77, 79, 78, 78, 76, 75, 74, 71,
    71, 72, 69, 71, 73, 78, 78, 78, 81, 81, 78, 77, 75, 77, 77, 75, 76,
    78 ]
