%YAML:1.0
---
videoName: "headNod0.mp4"
gestureLabel: 202
fps: 29
pixelSizeInCmTemp: 3.2364864864864862e-01
faceCenterPointX: 264
faceCenterPointY: 76
headPositionsX: [ 266, 265, 267, 266, 266, 268, 265, 267, 268, 269, 266,
    268, 268, 265, 267, 264, 265, 266, 264, 263, 266, 268, 264, 268, 266,
    267, 267, 263, 268, 267, 263, 263, 268, 265, 267, 266, 265, 265, 267,
    264, 266, 266, 264, 265, 263, 264, 266, 265, 262, 265, 266, 264, 263,
    264, 263, 266, 264, 267, 264, 266, 264, 263, 265, 265, 268, 267, 265,
    263, 264, 267, 267, 266, 265, 263, 264, 266, 266, 266, 264, 267, 261,
    266, 265, 266, 262, 265, 265, 263, 265, 266, 264, 264, 265, 263, 262,
    263, 263, 266, 263, 262 ]
headPositionsY: [ 75, 71, 71, 74, 73, 72, 71, 73, 74, 75, 75, 75, 75, 72,
    73, 71, 71, 73, 75, 75, 72, 71, 73, 74, 72, 73, 74, 72, 74, 72, 70,
    66, 64, 64, 61, 63, 63, 61, 66, 67, 69, 72, 72, 74, 76, 83, 84, 82,
    81, 79, 80, 73, 70, 70, 68, 65, 69, 63, 67, 68, 70, 71, 73, 74, 77,
    78, 78, 79, 79, 78, 78, 74, 72, 69, 68, 70, 66, 70, 68, 68, 69, 70,
    72, 76, 76, 77, 76, 77, 81, 80, 76, 78, 79, 78, 77, 74, 75, 77, 76,
    76 ]
