%YAML:1.0
---
videoName: "headLookUp0.mp4"
gestureLabel: 205
fps: 29
pixelSizeInCmTemp: 3.6846153846153845e-01
faceCenterPointX: 258
faceCenterPointY: 66
headPositionsX: [ 258, 258, 257, 259, 258, 258, 260, 259, 261, 259, 260,
    260, 257, 260, 258, 261, 258, 262, 261, 258, 258, 257, 259, 257, 260,
    260, 257, 260, 257, 261, 257, 257, 260, 256, 258, 260, 260, 257, 260,
    257, 261, 259, 260, 259, 259, 260, 259, 257, 257, 256, 258, 260, 259,
    259, 256, 257, 260, 256, 260, 257, 256, 257, 255, 258, 259, 259, 257,
    259, 260, 259, 259, 259, 256, 259, 259, 256, 259, 259, 257, 259, 259,
    258, 260, 258, 259, 256, 260, 259, 257, 259, 257, 258, 257, 257, 258,
    259, 261, 255, 259, 261 ]
headPositionsY: [ 65, 83, 82, 81, 78, 82, 82, 79, 80, 82, 81, 80, 77, 80,
    76, 78, 79, 77, 74, 73, 74, 69, 71, 69, 69, 66, 69, 69, 66, 67, 69,
    69, 68, 69, 68, 67, 65, 67, 64, 66, 69, 69, 68, 67, 69, 70, 67, 65,
    65, 70, 68, 65, 66, 65, 66, 66, 67, 64, 66, 67, 65, 70, 67, 68, 68,
    67, 66, 66, 68, 66, 63, 66, 66, 66, 67, 69, 69, 68, 66, 67, 67, 70,
    68, 69, 67, 66, 70, 69, 66, 66, 68, 68, 66, 68, 67, 69, 67, 65, 70,
    70 ]
