%YAML:1.0
---
videoName: "headLookLeft8.mp4"
gestureLabel: 203
fps: 29
pixelSizeInCmTemp: 3.6287878787878786e-01
faceCenterPointX: 273
faceCenterPointY: 69
headPositionsX: [ 271, 240, 242, 243, 239, 243, 240, 241, 242, 239, 243,
    239, 242, 242, 245, 246, 247, 244, 245, 246, 246, 246, 248, 245, 246,
    248, 244, 247, 246, 247, 244, 244, 245, 247, 245, 247, 247, 244, 247,
    249, 243, 245, 244, 243, 247, 248, 244, 244, 248, 247, 245, 246, 247,
    249, 250, 250, 253, 254, 259, 259, 260, 268, 266, 273, 270, 272, 277,
    280, 280, 272, 277, 278, 277, 274, 279, 275, 275, 276, 277, 278, 280,
    276, 280, 272, 274, 275, 276, 276, 277, 277, 276, 275, 274, 275, 278,
    274, 276, 274, 271, 273 ]
headPositionsY: [ 71, 66, 65, 68, 67, 68, 65, 65, 69, 69, 67, 69, 66, 70,
    67, 69, 67, 66, 71, 69, 67, 68, 67, 70, 69, 68, 70, 71, 69, 70, 71,
    69, 74, 73, 74, 71, 69, 72, 74, 74, 73, 69, 72, 72, 73, 73, 71, 74,
    73, 73, 72, 75, 73, 70, 73, 72, 70, 70, 72, 68, 70, 71, 67, 72, 69,
    72, 70, 70, 72, 69, 70, 71, 69, 72, 70, 69, 70, 69, 70, 70, 68, 70,
    70, 70, 66, 70, 68, 70, 69, 67, 71, 71, 70, 69, 70, 67, 71, 70, 69,
    67 ]
