%YAML:1.0
---
videoName: "headLookUp1.mp4"
gestureLabel: 205
fps: 29
pixelSizeInCmTemp: 3.7421874999999999e-01
faceCenterPointX: 258
faceCenterPointY: 66
headPositionsX: [ 256, 258, 261, 260, 259, 260, 261, 259, 259, 261, 261,
    259, 258, 259, 260, 260, 258, 259, 259, 260, 257, 260, 258, 260, 260,
    258, 260, 260, 256, 260, 260, 260, 261, 260, 260, 256, 259, 260, 258,
    259, 257, 258, 258, 256, 257, 256, 257, 257, 260, 260, 261, 258, 260,
    257, 256, 255, 260, 256, 255, 259, 256, 260, 258, 259, 257, 257, 256,
    257, 256, 258, 256, 257, 262, 258, 258, 255, 259, 257, 260, 260, 261,
    254, 259, 256, 259, 260, 258, 259, 259, 257, 256, 257, 257, 255, 258,
    257, 258, 256, 256, 259 ]
headPositionsY: [ 67, 79, 82, 80, 81, 83, 81, 83, 80, 78, 81, 82, 80, 83,
    79, 83, 83, 78, 80, 82, 83, 84, 82, 78, 79, 83, 82, 83, 79, 81, 79,
    81, 81, 81, 81, 81, 82, 83, 78, 80, 79, 78, 77, 75, 76, 73, 69, 67,
    68, 69, 67, 66, 67, 68, 69, 64, 68, 64, 65, 63, 65, 64, 65, 67, 64,
    66, 64, 63, 68, 63, 67, 63, 63, 67, 66, 66, 67, 66, 66, 65, 66, 65,
    68, 63, 65, 68, 65, 64, 67, 65, 64, 68, 68, 67, 64, 66, 64, 69, 67,
    65 ]
