%YAML:1.0
---
videoName: "headShake34.mp4"
gestureLabel: 201
fps: 29
pixelSizeInCmTemp: 3.2364864864864862e-01
faceCenterPointX: 263
faceCenterPointY: 83
headPositionsX: [ 265, 266, 262, 265, 262, 262, 264, 265, 265, 262, 266,
    262, 264, 264, 266, 265, 266, 265, 263, 264, 266, 263, 265, 262, 264,
    263, 263, 266, 263, 263, 265, 266, 264, 263, 264, 266, 265, 265, 269,
    267, 269, 272, 275, 274, 274, 279, 277, 277, 278, 276, 274, 270, 261,
    259, 255, 254, 251, 254, 252, 254, 259, 261, 263, 266, 268, 270, 272,
    267, 263, 263, 257, 256, 253, 254, 253, 258, 260, 260, 262, 266, 264,
    263, 265, 265, 264, 264, 263, 263, 266, 264, 263, 263, 266, 262, 264,
    262, 264, 264, 261, 264 ]
headPositionsY: [ 81, 84, 85, 84, 83, 82, 81, 83, 80, 82, 81, 82, 81, 82,
    83, 84, 82, 81, 83, 83, 83, 84, 82, 84, 83, 82, 85, 82, 86, 82, 83,
    82, 83, 81, 85, 84, 84, 84, 81, 81, 82, 82, 82, 82, 81, 83, 81, 81,
    82, 80, 80, 83, 85, 81, 82, 81, 81, 83, 81, 84, 82, 81, 81, 84, 82,
    81, 84, 83, 85, 81, 82, 83, 81, 82, 84, 81, 85, 81, 85, 83, 85, 84,
    84, 84, 85, 82, 84, 81, 85, 86, 81, 83, 83, 84, 86, 85, 85, 85, 84,
    86 ]
