%YAML:1.0
---
videoName: "headShake20.mp4"
gestureLabel: 201
fps: 29
pixelSizeInCmTemp: 3.3263888888888887e-01
faceCenterPointX: 242
faceCenterPointY: 78
headPositionsX: [ 242, 242, 244, 244, 244, 241, 246, 245, 244, 243, 242,
    243, 242, 244, 243, 245, 245, 245, 243, 241, 244, 244, 244, 245, 243,
    245, 243, 243, 245, 241, 245, 244, 245, 242, 243, 241, 242, 241, 242,
    245, 248, 250, 257, 260, 259, 259, 255, 255, 247, 241, 235, 234, 232,
    231, 229, 232, 239, 244, 247, 253, 254, 253, 252, 245, 242, 240, 237,
    235, 230, 230, 237, 240, 241, 245, 245, 247, 244, 245, 245, 242, 241,
    241, 241, 238, 242, 239, 245, 242, 242, 242, 241, 246, 243, 241, 245,
    245, 241, 241, 243, 241 ]
headPositionsY: [ 78, 78, 76, 78, 77, 75, 75, 77, 78, 79, 75, 74, 76, 78,
    78, 77, 74, 75, 74, 76, 78, 76, 75, 75, 75, 76, 74, 76, 78, 76, 77,
    76, 77, 77, 77, 75, 77, 74, 75, 77, 78, 76, 73, 76, 75, 74, 74, 79,
    76, 77, 77, 79, 79, 73, 74, 74, 75, 75, 77, 74, 74, 77, 76, 75, 77,
    74, 79, 79, 76, 77, 75, 76, 77, 76, 75, 77, 78, 79, 75, 74, 77, 75,
    77, 78, 76, 77, 76, 77, 78, 77, 75, 76, 75, 80, 75, 79, 79, 76, 78,
    74 ]
