%YAML:1.0
---
videoName: "headNod12.mp4"
gestureLabel: 202
fps: 29
pixelSizeInCmTemp: 3.2808219178082193e-01
faceCenterPointX: 254
faceCenterPointY: 69
headPositionsX: [ 253, 255, 253, 253, 254, 254, 252, 253, 255, 253, 257,
    258, 255, 257, 258, 256, 254, 256, 257, 258, 256, 254, 255, 257, 257,
    255, 256, 256, 257, 253, 256, 255, 256, 254, 257, 253, 255, 255, 254,
    255, 254, 255, 255, 256, 252, 257, 253, 255, 256, 257, 253, 253, 253,
    254, 253, 255, 256, 252, 252, 254, 256, 254, 257, 255, 254, 252, 256,
    256, 252, 255, 256, 253, 252, 253, 254, 252, 256, 257, 256, 253, 256,
    254, 253, 254, 257, 254, 256, 257, 256, 255, 256, 257, 255, 255, 253,
    256, 253, 253, 252, 255 ]
headPositionsY: [ 69, 73, 74, 75, 73, 73, 72, 72, 75, 74, 76, 73, 72, 73,
    75, 71, 70, 71, 71, 75, 74, 74, 75, 75, 72, 76, 74, 75, 72, 75, 76,
    72, 72, 70, 72, 73, 68, 70, 65, 66, 63, 64, 62, 61, 64, 65, 70, 73,
    74, 75, 75, 79, 78, 79, 76, 74, 73, 67, 67, 63, 66, 61, 61, 65, 67,
    69, 69, 69, 73, 73, 75, 77, 74, 73, 73, 68, 68, 66, 69, 64, 68, 64,
    68, 65, 66, 67, 67, 72, 71, 74, 75, 72, 72, 73, 74, 71, 73, 70, 72,
    72 ]
