%YAML:1.0
---
videoName: "headLookRight8.mp4"
gestureLabel: 204
fps: 29
pixelSizeInCmTemp: 3.1513157894736843e-01
faceCenterPointX: 218
faceCenterPointY: 80
headPositionsX: [ 218, 249, 250, 250, 247, 247, 250, 248, 249, 249, 247,
    250, 248, 246, 248, 245, 246, 249, 248, 246, 247, 245, 248, 248, 246,
    245, 245, 246, 246, 249, 248, 245, 247, 245, 248, 245, 248, 246, 248,
    245, 246, 247, 245, 248, 247, 244, 247, 245, 247, 246, 245, 247, 246,
    247, 244, 246, 248, 246, 244, 245, 246, 248, 246, 246, 248, 247, 245,
    245, 245, 241, 244, 239, 237, 232, 233, 229, 224, 221, 224, 219, 222,
    219, 214, 217, 219, 218, 218, 216, 220, 218, 219, 219, 218, 217, 218,
    219, 219, 220, 219, 218 ]
headPositionsY: [ 78, 74, 76, 74, 74, 75, 75, 71, 71, 76, 74, 74, 75, 76,
    76, 76, 78, 75, 77, 76, 74, 76, 76, 75, 77, 75, 74, 74, 78, 78, 76,
    75, 74, 78, 75, 77, 78, 77, 76, 79, 77, 75, 78, 78, 74, 77, 79, 77,
    77, 75, 75, 77, 78, 80, 76, 75, 77, 75, 75, 79, 74, 79, 79, 79, 76,
    77, 76, 80, 75, 76, 79, 80, 77, 74, 76, 76, 77, 73, 73, 74, 73, 78,
    75, 80, 72, 81, 80, 81, 78, 80, 78, 79, 76, 76, 74, 79, 79, 80, 78,
    82 ]
