%YAML:1.0
---
videoName: "headNod34.mp4"
gestureLabel: 202
fps: 29
pixelSizeInCmTemp: 2.9567901234567900e-01
faceCenterPointX: 266
faceCenterPointY: 78
headPositionsX: [ 268, 270, 270, 269, 268, 271, 269, 269, 270, 266, 271,
    269, 267, 269, 271, 268, 270, 270, 268, 266, 270, 269, 271, 268, 268,
    272, 269, 272, 271, 270, 269, 271, 267, 272, 271, 268, 271, 270, 270,
    270, 268, 270, 270, 270, 271, 270, 271, 271, 270, 270, 270, 267, 267,
    268, 267, 268, 268, 269, 272, 270, 269, 270, 272, 268, 268, 272, 271,
    269, 268, 268, 269, 269, 268, 267, 266, 269, 267, 266, 264, 268, 266,
    266, 266, 264, 265, 263, 266, 265, 267, 266, 267, 264, 267, 266, 268,
    265, 268, 268, 265, 269 ]
headPositionsY: [ 79, 77, 77, 74, 75, 76, 74, 76, 77, 77, 76, 75, 79, 75,
    76, 77, 76, 77, 79, 74, 76, 76, 75, 75, 79, 79, 77, 77, 78, 76, 76,
    74, 74, 75, 76, 76, 74, 76, 74, 73, 71, 73, 73, 72, 82, 82, 91, 87,
    84, 81, 78, 73, 76, 74, 71, 73, 76, 75, 80, 84, 83, 81, 80, 78, 79,
    78, 78, 79, 77, 81, 82, 84, 84, 84, 84, 80, 80, 79, 76, 79, 77, 79,
    81, 83, 81, 80, 81, 81, 81, 76, 76, 78, 79, 81, 81, 81, 78, 81, 78,
    82 ]
