%YAML:1.0
---
videoName: "headShake19.mp4"
gestureLabel: 201
fps: 29
pixelSizeInCmTemp: 3.1933333333333330e-01
faceCenterPointX: 243
faceCenterPointY: 78
headPositionsX: [ 243, 244, 244, 244, 244, 242, 244, 244, 245, 242, 243,
    246, 245, 245, 243, 243, 242, 244, 245, 241, 243, 243, 241, 244, 241,
    241, 240, 244, 241, 245, 243, 243, 240, 242, 242, 242, 239, 238, 233,
    231, 233, 232, 237, 243, 250, 255, 256, 256, 257, 256, 249, 247, 237,
    232, 230, 229, 235, 232, 236, 240, 244, 245, 248, 245, 248, 244, 241,
    237, 237, 235, 237, 236, 237, 240, 239, 241, 242, 248, 243, 244, 245,
    245, 242, 242, 239, 243, 240, 238, 238, 238, 243, 240, 240, 240, 241,
    241, 242, 244, 245, 242 ]
headPositionsY: [ 78, 76, 76, 77, 76, 76, 78, 78, 77, 78, 79, 78, 78, 77,
    75, 75, 75, 75, 76, 78, 74, 77, 76, 79, 77, 78, 76, 76, 78, 75, 75,
    77, 78, 75, 77, 74, 75, 78, 76, 75, 76, 77, 76, 76, 77, 75, 77, 75,
    76, 75, 76, 78, 75, 76, 75, 75, 76, 74, 75, 79, 79, 79, 78, 77, 77,
    80, 78, 75, 76, 77, 77, 76, 76, 75, 76, 75, 76, 76, 79, 79, 76, 76,
    78, 80, 77, 76, 77, 78, 78, 78, 77, 80, 78, 76, 78, 76, 80, 76, 80,
    79 ]
