%YAML:1.0
---
videoName: "headLookDown2.mp4"
gestureLabel: 206
fps: 29
pixelSizeInCmTemp: 3.3732394366197183e-01
faceCenterPointX: 274
faceCenterPointY: 95
headPositionsX: [ 273, 273, 272, 273, 274, 272, 274, 273, 275, 272, 272,
    275, 275, 275, 273, 273, 272, 273, 272, 276, 274, 271, 273, 274, 276,
    271, 276, 276, 276, 272, 275, 275, 272, 271, 274, 275, 276, 276, 274,
    274, 276, 272, 272, 274, 276, 272, 272, 274, 275, 273, 273, 275, 274,
    275, 272, 275, 273, 272, 275, 272, 273, 276, 276, 274, 273, 275, 273,
    273, 275, 277, 274, 274, 275, 276, 276, 276, 277, 275, 277, 273, 277,
    277, 276, 277, 275, 272, 277, 277, 274, 274, 275, 273, 273, 276, 272,
    275, 277, 273, 276, 277 ]
headPositionsY: [ 97, 80, 80, 77, 81, 77, 78, 81, 79, 80, 79, 79, 78, 81,
    78, 80, 77, 79, 80, 81, 79, 80, 77, 78, 78, 81, 79, 79, 79, 77, 79,
    80, 79, 78, 79, 82, 83, 84, 82, 87, 87, 91, 91, 90, 92, 92, 94, 92,
    95, 92, 93, 94, 92, 92, 94, 92, 94, 95, 93, 94, 94, 95, 92, 95, 93,
    95, 96, 97, 97, 97, 95, 95, 93, 96, 93, 94, 96, 96, 93, 95, 96, 97,
    93, 96, 96, 93, 93, 94, 95, 93, 95, 97, 95, 96, 95, 93, 94, 96, 95,
    97 ]
