%YAML:1.0
---
videoName: "headNod38.mp4"
gestureLabel: 202
fps: 29
pixelSizeInCmTemp: 2.9937500000000000e-01
faceCenterPointX: 267
faceCenterPointY: 73
headPositionsX: [ 265, 269, 268, 265, 265, 266, 264, 267, 264, 267, 265,
    266, 264, 266, 266, 265, 264, 267, 266, 266, 266, 269, 267, 266, 267,
    266, 264, 265, 263, 265, 266, 264, 266, 264, 265, 266, 267, 265, 265,
    264, 265, 265, 264, 266, 266, 265, 264, 267, 268, 269, 267, 266, 268,
    267, 269, 271, 269, 268, 270, 267, 267, 267, 268, 269, 269, 267, 267,
    271, 267, 269, 268, 267, 266, 266, 269, 269, 267, 268, 269, 265, 266,
    267, 269, 265, 267, 266, 267, 268, 270, 268, 266, 265, 267, 267, 265,
    268, 267, 269, 267, 265 ]
headPositionsY: [ 74, 74, 73, 75, 76, 81, 82, 87, 85, 81, 81, 77, 74, 74,
    76, 82, 85, 86, 84, 87, 83, 77, 74, 74, 75, 77, 79, 83, 90, 86, 89,
    84, 82, 81, 75, 74, 72, 75, 77, 80, 80, 84, 89, 87, 85, 83, 78, 77,
    73, 71, 70, 69, 71, 75, 79, 84, 83, 86, 86, 81, 79, 76, 77, 74, 75,
    74, 70, 74, 74, 78, 76, 80, 85, 83, 86, 82, 86, 80, 78, 77, 74, 74,
    72, 70, 73, 73, 73, 71, 73, 70, 72, 72, 72, 75, 74, 74, 75, 72, 74,
    75 ]
