%YAML:1.0
---
videoName: "headShake5.mp4"
gestureLabel: 201
fps: 30
pixelSizeInCmTemp: 3.3263888888888887e-01
faceCenterPointX: 275
faceCenterPointY: 73
headPositionsX: [ 277, 278, 279, 276, 276, 277, 278, 276, 280, 280, 276,
    277, 280, 276, 279, 277, 277, 276, 275, 277, 280, 280, 280, 278, 276,
    278, 278, 278, 278, 278, 278, 275, 280, 278, 283, 287, 289, 293, 294,
    297, 295, 295, 288, 284, 276, 274, 264, 262, 262, 265, 269, 272, 281,
    289, 292, 291, 288, 286, 281, 276, 266, 261, 264, 264, 267, 272, 275,
    278, 283, 286, 286, 284, 279, 278, 275, 270, 268, 266, 265, 269, 267,
    273, 275, 279, 279, 281, 281, 282, 280, 280, 279, 280, 276, 278, 275,
    274, 277, 273, 275, 275 ]
headPositionsY: [ 71, 75, 72, 72, 74, 72, 76, 72, 72, 72, 71, 75, 74, 74,
    74, 74, 74, 74, 74, 73, 74, 73, 75, 75, 72, 75, 73, 74, 75, 72, 75,
    72, 73, 72, 74, 75, 74, 72, 71, 72, 74, 74, 70, 75, 76, 72, 74, 76,
    75, 72, 74, 73, 77, 73, 75, 72, 75, 73, 74, 74, 78, 75, 76, 73, 72,
    74, 72, 74, 71, 74, 76, 72, 74, 75, 76, 73, 74, 73, 73, 74, 73, 71,
    72, 74, 74, 74, 73, 71, 72, 71, 71, 73, 74, 71, 70, 72, 72, 71, 73,
    74 ]
