%YAML:1.0
---
videoName: "headNod41.mp4"
gestureLabel: 202
fps: 29
pixelSizeInCmTemp: 2.9937500000000000e-01
faceCenterPointX: 267
faceCenterPointY: 76
headPositionsX: [ 265, 271, 269, 271, 268, 271, 269, 269, 269, 271, 271,
    267, 271, 270, 271, 272, 272, 273, 273, 273, 273, 273, 273, 271, 269,
    267, 269, 268, 270, 268, 272, 268, 269, 271, 270, 270, 270, 272, 268,
    267, 269, 268, 267, 269, 267, 271, 268, 267, 269, 265, 268, 269, 269,
    270, 268, 270, 270, 271, 270, 271, 271, 268, 267, 270, 267, 269, 267,
    268, 266, 267, 270, 267, 266, 269, 270, 265, 269, 265, 267, 268, 268,
    267, 269, 265, 267, 269, 268, 269, 270, 266, 268, 269, 268, 265, 266,
    268, 269, 265, 266, 268 ]
headPositionsY: [ 75, 73, 73, 71, 74, 75, 73, 72, 73, 72, 72, 74, 74, 74,
    76, 74, 74, 74, 74, 72, 75, 75, 76, 75, 73, 73, 76, 72, 75, 75, 74,
    73, 73, 72, 75, 76, 72, 77, 74, 76, 78, 81, 87, 88, 90, 92, 90, 88,
    82, 76, 80, 68, 70, 65, 66, 68, 64, 67, 73, 77, 79, 88, 93, 92, 92,
    89, 87, 83, 80, 74, 75, 71, 71, 72, 73, 79, 81, 83, 84, 83, 81, 79,
    74, 75, 75, 76, 75, 76, 74, 76, 77, 80, 78, 80, 77, 77, 78, 79, 76,
    78 ]
