%YAML:1.0
---
videoName: "headShake14.mp4"
gestureLabel: 201
fps: 29
pixelSizeInCmTemp: 3.2364864864864862e-01
faceCenterPointX: 244
faceCenterPointY: 76
headPositionsX: [ 245, 247, 243, 248, 245, 243, 245, 243, 246, 247, 244,
    245, 246, 246, 246, 243, 245, 244, 246, 243, 246, 244, 246, 246, 248,
    249, 251, 249, 253, 260, 263, 259, 259, 260, 256, 249, 245, 243, 236,
    228, 227, 225, 227, 230, 231, 239, 243, 247, 251, 258, 256, 259, 254,
    251, 247, 244, 238, 237, 235, 233, 235, 232, 234, 236, 243, 244, 243,
    248, 250, 247, 247, 251, 249, 248, 248, 243, 243, 244, 240, 241, 238,
    237, 240, 241, 239, 241, 244, 246, 245, 247, 247, 243, 245, 247, 244,
    246, 245, 246, 243, 242 ]
headPositionsY: [ 75, 73, 73, 73, 78, 74, 77, 75, 73, 76, 76, 75, 74, 76,
    77, 77, 73, 76, 75, 73, 75, 74, 77, 75, 76, 75, 73, 73, 71, 76, 75,
    73, 72, 73, 72, 73, 76, 76, 78, 74, 73, 75, 78, 74, 75, 75, 77, 72,
    74, 73, 72, 72, 71, 73, 76, 74, 75, 77, 76, 74, 73, 74, 75, 75, 77,
    77, 74, 77, 75, 74, 76, 78, 74, 77, 76, 75, 78, 74, 74, 76, 74, 73,
    77, 75, 76, 78, 74, 77, 75, 79, 76, 74, 77, 76, 76, 76, 76, 77, 77,
    75 ]
