%YAML:1.0
---
videoName: "headNod38.mp4"
gestureLabel: 202
fps: 29
pixelSizeInCmTemp: 2.9937500000000000e-01
faceCenterPointX: 267
faceCenterPointY: 73
headPositionsX: [ 266, 266, 268, 264, 266, 265, 268, 265, 268, 268, 267,
    264, 265, 267, 269, 269, 265, 266, 264, 268, 265, 266, 266, 265, 269,
    267, 268, 267, 264, 265, 263, 267, 263, 263, 263, 266, 267, 266, 266,
    266, 267, 268, 265, 268, 265, 266, 267, 266, 270, 268, 269, 268, 266,
    265, 266, 270, 267, 269, 270, 268, 266, 270, 267, 267, 271, 270, 266,
    270, 268, 270, 268, 267, 267, 267, 268, 268, 268, 266, 269, 265, 267,
    267, 267, 268, 266, 270, 266, 269, 266, 269, 270, 269, 269, 268, 269,
    268, 269, 267, 268, 265 ]
headPositionsY: [ 74, 74, 76, 76, 77, 83, 81, 88, 85, 83, 78, 78, 74, 76,
    76, 81, 84, 86, 85, 84, 82, 77, 73, 75, 75, 78, 82, 87, 90, 90, 90,
    84, 81, 79, 77, 73, 75, 76, 78, 76, 83, 86, 87, 89, 88, 81, 79, 76,
    75, 69, 70, 73, 72, 76, 80, 80, 85, 88, 87, 81, 83, 78, 76, 77, 73,
    74, 72, 76, 74, 75, 78, 80, 82, 86, 85, 83, 82, 81, 80, 77, 73, 71,
    70, 70, 70, 71, 71, 73, 72, 74, 73, 74, 71, 73, 72, 73, 73, 75, 75,
    75 ]
