%YAML:1.0
---
videoName: "headNod43.mp4"
gestureLabel: 202
fps: 29
pixelSizeInCmTemp: 2.8855421686746985e-01
faceCenterPointX: 268
faceCenterPointY: 74
headPositionsX: [ 267, 270, 269, 272, 269, 269, 271, 270, 270, 269, 267,
    267, 270, 266, 267, 270, 268, 270, 266, 269, 268, 267, 269, 268, 266,
    266, 268, 265, 268, 265, 264, 267, 264, 263, 268, 263, 265, 265, 264,
    263, 264, 266, 264, 263, 263, 267, 265, 267, 268, 267, 264, 264, 264,
    263, 264, 263, 263, 265, 266, 263, 263, 262, 263, 262, 263, 266, 268,
    268, 265, 266, 268, 267, 270, 270, 266, 266, 267, 266, 267, 265, 271,
    267, 266, 269, 268, 269, 270, 270, 271, 270, 269, 271, 266, 266, 268,
    269, 267, 270, 269, 267 ]
headPositionsY: [ 74, 76, 78, 75, 77, 78, 76, 74, 77, 74, 73, 78, 77, 72,
    74, 75, 77, 76, 73, 77, 74, 74, 75, 78, 74, 80, 82, 84, 89, 88, 91,
    88, 86, 81, 80, 80, 77, 81, 83, 84, 90, 91, 88, 86, 85, 83, 80, 80,
    80, 83, 87, 92, 91, 89, 86, 83, 81, 84, 80, 83, 86, 87, 90, 90, 91,
    84, 85, 79, 80, 77, 80, 81, 82, 89, 88, 88, 92, 86, 86, 79, 78, 77,
    76, 71, 75, 74, 73, 74, 74, 73, 71, 72, 72, 72, 74, 75, 73, 75, 76,
    74 ]
