%YAML:1.0
---
videoName: "headLookDown5.mp4"
gestureLabel: 206
fps: 29
pixelSizeInCmTemp: 3.4710144927536229e-01
faceCenterPointX: 272
faceCenterPointY: 102
headPositionsX: [ 272, 273, 270, 274, 272, 271, 274, 270, 273, 272, 271,
    270, 274, 269, 270, 272, 273, 273, 270, 271, 270, 273, 269, 270, 273,
    272, 271, 270, 273, 272, 269, 271, 270, 273, 269, 270, 273, 271, 273,
    273, 271, 274, 269, 273, 271, 270, 270, 271, 271, 271, 272, 272, 273,
    274, 271, 274, 271, 273, 273, 270, 273, 271, 272, 272, 271, 270, 270,
    272, 270, 271, 272, 272, 270, 273, 271, 272, 271, 271, 272, 272, 271,
    272, 268, 270, 274, 271, 270, 273, 272, 272, 274, 271, 272, 271, 271,
    271, 273, 275, 272, 274 ]
headPositionsY: [ 104, 83, 85, 86, 82, 85, 85, 85, 84, 83, 84, 83, 81,
    82, 83, 85, 83, 85, 84, 82, 83, 86, 84, 82, 85, 84, 85, 83, 81, 86,
    81, 84, 85, 82, 81, 84, 82, 83, 84, 84, 85, 84, 82, 84, 85, 84, 84,
    85, 85, 90, 88, 88, 91, 92, 95, 96, 95, 94, 98, 97, 97, 99, 100, 99,
    99, 98, 99, 101, 103, 103, 104, 104, 103, 105, 101, 103, 100, 100,
    104, 103, 105, 102, 100, 103, 105, 102, 104, 100, 102, 101, 104, 102,
    102, 105, 99, 101, 102, 103, 105, 101 ]
