%YAML:1.0
---
videoName: "headLookUp2.mp4"
gestureLabel: 205
fps: 29
pixelSizeInCmTemp: 3.7421874999999999e-01
faceCenterPointX: 254
faceCenterPointY: 67
headPositionsX: [ 256, 254, 257, 257, 257, 254, 255, 257, 255, 255, 256,
    257, 255, 257, 256, 253, 256, 255, 256, 257, 252, 254, 255, 254, 257,
    257, 254, 255, 256, 256, 252, 253, 252, 254, 255, 254, 255, 253, 256,
    253, 257, 254, 254, 252, 252, 257, 253, 255, 252, 257, 252, 257, 253,
    253, 254, 254, 252, 255, 254, 253, 254, 254, 253, 251, 251, 251, 251,
    254, 253, 253, 252, 254, 254, 253, 254, 254, 255, 255, 255, 253, 256,
    255, 257, 255, 256, 254, 251, 254, 254, 255, 252, 254, 253, 254, 253,
    253, 256, 255, 257, 256 ]
headPositionsY: [ 68, 81, 83, 82, 82, 83, 82, 83, 83, 79, 80, 81, 80, 82,
    78, 80, 81, 81, 78, 79, 83, 82, 81, 79, 81, 80, 83, 79, 81, 83, 80,
    79, 82, 81, 81, 80, 80, 81, 79, 79, 80, 78, 76, 76, 76, 76, 73, 72,
    68, 68, 70, 66, 69, 69, 70, 69, 68, 71, 65, 68, 70, 69, 69, 68, 69,
    68, 69, 70, 68, 65, 69, 67, 70, 70, 67, 66, 66, 70, 70, 71, 68, 66,
    68, 68, 70, 71, 66, 68, 70, 68, 69, 68, 68, 69, 66, 67, 65, 68, 68,
    67 ]
