%YAML:1.0
---
videoName: "headLookLeft9.mp4"
gestureLabel: 203
fps: 30
pixelSizeInCmTemp: 3.2364864864864862e-01
faceCenterPointX: 273
faceCenterPointY: 69
headPositionsX: [ 272, 246, 248, 250, 246, 245, 248, 246, 246, 248, 246,
    246, 246, 247, 244, 246, 244, 245, 245, 245, 244, 245, 245, 247, 246,
    246, 247, 246, 245, 247, 247, 247, 248, 250, 252, 250, 252, 258, 258,
    259, 266, 265, 270, 267, 266, 268, 274, 270, 270, 272, 270, 272, 269,
    271, 272, 269, 274, 270, 271, 272, 273, 271, 271, 273, 275, 273, 269,
    270, 273, 272, 269, 269, 270, 271, 271, 271, 270, 269, 269, 272, 270,
    271, 270, 268, 270, 268, 269, 270, 274, 269, 274, 270, 272, 269, 269,
    273, 270, 270, 270, 270 ]
headPositionsY: [ 70, 73, 72, 69, 73, 70, 71, 72, 71, 71, 72, 69, 71, 69,
    69, 70, 71, 72, 69, 71, 73, 70, 69, 69, 73, 70, 72, 72, 72, 69, 70,
    72, 73, 72, 70, 72, 67, 68, 67, 66, 68, 67, 67, 70, 68, 68, 68, 66,
    69, 71, 68, 66, 67, 69, 69, 69, 68, 70, 70, 68, 67, 65, 67, 68, 70,
    69, 69, 66, 70, 67, 69, 67, 68, 68, 71, 67, 68, 67, 66, 70, 70, 71,
    65, 67, 71, 66, 68, 67, 68, 69, 66, 68, 66, 67, 65, 70, 71, 69, 67,
    67 ]
