%YAML:1.0
---
videoName: "headShake10.mp4"
gestureLabel: 201
fps: 29
pixelSizeInCmTemp: 3.3732394366197183e-01
faceCenterPointX: 240
faceCenterPointY: 74
headPositionsX: [ 238, 248, 246, 246, 246, 246, 246, 245, 245, 246, 248,
    247, 244, 246, 247, 245, 244, 248, 247, 246, 246, 244, 244, 244, 248,
    244, 244, 247, 245, 246, 246, 248, 245, 247, 245, 244, 244, 245, 244,
    244, 246, 245, 246, 246, 247, 243, 243, 245, 243, 244, 248, 249, 249,
    254, 255, 259, 262, 258, 260, 257, 254, 253, 246, 241, 236, 233, 232,
    231, 231, 232, 239, 242, 248, 250, 255, 254, 257, 257, 254, 254, 253,
    250, 246, 246, 244, 242, 240, 239, 239, 241, 238, 238, 243, 243, 239,
    239, 239, 241, 239, 240 ]
headPositionsY: [ 74, 72, 71, 73, 70, 73, 70, 72, 73, 73, 71, 74, 72, 72,
    75, 75, 73, 72, 71, 72, 73, 73, 74, 73, 71, 74, 75, 74, 74, 74, 73,
    71, 73, 73, 75, 72, 71, 71, 72, 72, 72, 71, 71, 71, 72, 71, 74, 72,
    70, 75, 75, 72, 72, 73, 74, 71, 70, 72, 72, 71, 73, 72, 73, 74, 73,
    73, 72, 76, 72, 72, 73, 74, 74, 75, 73, 73, 71, 74, 74, 74, 76, 76,
    73, 76, 75, 75, 75, 78, 76, 75, 75, 75, 75, 73, 76, 76, 76, 77, 74,
    75 ]
