%YAML:1.0
---
videoName: "headShake6.mp4"
gestureLabel: 201
fps: 29
pixelSizeInCmTemp: 3.2808219178082193e-01
faceCenterPointX: 244
faceCenterPointY: 68
headPositionsX: [ 245, 243, 245, 244, 247, 244, 246, 245, 248, 245, 246,
    243, 243, 247, 243, 247, 244, 248, 243, 245, 248, 247, 244, 244, 247,
    243, 243, 246, 249, 253, 255, 260, 262, 260, 261, 258, 260, 251, 246,
    241, 238, 232, 229, 230, 232, 237, 243, 250, 252, 259, 260, 256, 256,
    252, 248, 244, 237, 235, 233, 229, 234, 233, 239, 240, 244, 250, 251,
    252, 251, 248, 247, 245, 244, 241, 240, 240, 238, 239, 237, 239, 242,
    244, 243, 244, 245, 243, 247, 245, 246, 243, 243, 245, 246, 244, 243,
    246, 242, 244, 246, 244 ]
headPositionsY: [ 68, 66, 68, 65, 64, 67, 66, 67, 66, 66, 66, 69, 63, 68,
    69, 66, 64, 67, 64, 66, 67, 64, 70, 67, 68, 65, 66, 65, 66, 65, 68,
    66, 64, 64, 66, 66, 67, 69, 66, 66, 70, 65, 67, 67, 68, 66, 68, 69,
    67, 68, 69, 69, 65, 69, 68, 71, 70, 67, 66, 65, 70, 67, 69, 68, 68,
    68, 68, 68, 66, 65, 69, 69, 68, 68, 69, 66, 67, 68, 68, 70, 69, 69,
    67, 70, 69, 67, 68, 69, 67, 67, 68, 67, 70, 69, 66, 68, 68, 68, 66,
    69 ]
