%YAML:1.0
---
videoName: "headShake6.mp4"
gestureLabel: 201
fps: 29
pixelSizeInCmTemp: 3.2808219178082193e-01
faceCenterPointX: 244
faceCenterPointY: 68
headPositionsX: [ 246, 243, 246, 247, 245, 244, 247, 244, 244, 245, 243,
    243, 243, 248, 247, 246, 245, 248, 242, 246, 245, 244, 244, 245, 246,
    245, 246, 245, 251, 255, 254, 259, 263, 264, 265, 259, 260, 250, 246,
    240, 234, 233, 231, 231, 231, 237, 242, 247, 253, 255, 256, 257, 258,
    252, 248, 242, 240, 236, 232, 230, 233, 232, 237, 244, 246, 249, 249,
    251, 251, 248, 245, 241, 244, 238, 240, 237, 237, 238, 240, 241, 239,
    241, 241, 243, 244, 247, 243, 244, 246, 244, 244, 242, 244, 246, 244,
    243, 244, 242, 246, 244 ]
headPositionsY: [ 66, 69, 66, 69, 64, 64, 64, 66, 69, 65, 68, 69, 66, 65,
    67, 67, 67, 67, 68, 65, 66, 68, 68, 68, 66, 69, 68, 69, 65, 68, 65,
    65, 64, 66, 67, 67, 67, 67, 69, 67, 69, 67, 66, 68, 66, 66, 67, 68,
    68, 65, 65, 65, 66, 68, 67, 71, 67, 66, 66, 66, 69, 66, 66, 67, 68,
    67, 66, 68, 65, 66, 68, 66, 70, 66, 69, 70, 66, 68, 67, 67, 70, 70,
    69, 66, 70, 66, 71, 66, 69, 69, 70, 69, 70, 69, 68, 68, 70, 67, 67,
    68 ]
