%YAML:1.0
---
videoName: "headNod2.mp4"
gestureLabel: 202
fps: 29
pixelSizeInCmTemp: 3.2364864864864862e-01
faceCenterPointX: 263
faceCenterPointY: 70
headPositionsX: [ 262, 264, 262, 261, 264, 260, 261, 262, 261, 261, 264,
    265, 262, 263, 265, 265, 263, 266, 263, 264, 266, 264, 261, 265, 262,
    265, 264, 261, 262, 263, 261, 264, 262, 263, 263, 260, 261, 264, 263,
    263, 260, 264, 260, 264, 264, 260, 262, 262, 261, 265, 262, 262, 260,
    260, 262, 260, 261, 260, 260, 262, 262, 263, 263, 260, 260, 264, 264,
    264, 261, 261, 264, 263, 263, 262, 260, 265, 262, 264, 261, 263, 263,
    261, 262, 262, 261, 264, 265, 263, 262, 261, 263, 264, 262, 265, 264,
    265, 264, 265, 266, 262 ]
headPositionsY: [ 72, 76, 76, 74, 78, 75, 76, 74, 77, 76, 75, 78, 74, 76,
    75, 75, 77, 73, 75, 74, 75, 75, 74, 75, 72, 77, 75, 73, 75, 76, 73,
    76, 75, 76, 76, 76, 73, 72, 73, 76, 76, 76, 73, 76, 75, 76, 74, 73,
    75, 72, 70, 70, 69, 71, 74, 76, 79, 76, 77, 70, 70, 72, 74, 74, 75,
    73, 71, 72, 72, 71, 68, 70, 75, 77, 77, 76, 74, 70, 71, 72, 73, 74,
    74, 79, 76, 72, 72, 71, 71, 68, 73, 70, 72, 71, 71, 73, 72, 69, 71,
    69 ]
