%YAML:1.0
---
videoName: "headShake14.mp4"
gestureLabel: 201
fps: 29
pixelSizeInCmTemp: 3.2364864864864862e-01
faceCenterPointX: 244
faceCenterPointY: 76
headPositionsX: [ 244, 246, 245, 246, 246, 243, 245, 246, 247, 243, 247,
    243, 247, 244, 246, 245, 243, 246, 243, 246, 243, 246, 246, 246, 246,
    245, 248, 251, 257, 257, 259, 259, 259, 261, 257, 252, 247, 240, 237,
    228, 228, 224, 225, 228, 229, 237, 241, 249, 252, 257, 255, 258, 252,
    248, 248, 242, 240, 234, 231, 232, 236, 235, 236, 236, 241, 242, 243,
    245, 246, 251, 250, 247, 251, 250, 245, 243, 246, 241, 240, 238, 238,
    241, 241, 239, 239, 240, 243, 243, 242, 243, 246, 244, 243, 245, 244,
    246, 243, 244, 243, 241 ]
headPositionsY: [ 75, 74, 77, 74, 75, 76, 77, 73, 75, 76, 78, 76, 76, 77,
    76, 74, 74, 73, 76, 76, 73, 76, 76, 77, 75, 76, 74, 74, 71, 75, 71,
    73, 71, 72, 74, 76, 76, 74, 75, 74, 75, 75, 77, 74, 76, 73, 74, 75,
    75, 73, 72, 73, 72, 75, 77, 77, 75, 74, 75, 73, 77, 73, 75, 76, 78,
    77, 75, 74, 76, 75, 77, 78, 74, 75, 76, 76, 76, 76, 75, 73, 73, 75,
    76, 78, 75, 75, 74, 74, 77, 76, 77, 77, 76, 77, 78, 76, 75, 78, 75,
    78 ]
