%YAML:1.0
---
videoName: "headShake32.mp4"
gestureLabel: 201
fps: 29
pixelSizeInCmTemp: 3.2808219178082193e-01
faceCenterPointX: 237
faceCenterPointY: 77
headPositionsX: [ 236, 235, 237, 237, 235, 239, 235, 237, 237, 240, 239,
    240, 239, 241, 240, 241, 241, 243, 241, 241, 242, 239, 241, 239, 241,
    240, 239, 241, 241, 241, 241, 240, 236, 237, 238, 241, 239, 239, 241,
    241, 245, 246, 245, 247, 250, 252, 250, 253, 252, 251, 250, 250, 247,
    242, 243, 240, 237, 233, 232, 230, 228, 226, 229, 225, 224, 229, 227,
    228, 232, 233, 233, 238, 243, 240, 245, 246, 246, 249, 249, 247, 246,
    246, 245, 246, 242, 241, 239, 238, 239, 237, 236, 236, 236, 238, 238,
    238, 238, 238, 238, 239 ]
headPositionsY: [ 79, 73, 74, 71, 75, 75, 71, 73, 72, 73, 71, 72, 75, 75,
    75, 71, 75, 73, 74, 72, 74, 71, 76, 73, 76, 76, 76, 75, 74, 72, 72,
    72, 75, 72, 77, 75, 74, 76, 75, 75, 74, 76, 76, 74, 75, 73, 75, 73,
    75, 72, 75, 75, 73, 75, 76, 76, 78, 75, 75, 74, 76, 77, 77, 75, 75,
    76, 74, 77, 77, 77, 78, 74, 76, 74, 73, 78, 74, 73, 73, 73, 76, 77,
    74, 76, 76, 76, 76, 76, 77, 77, 76, 78, 75, 78, 77, 80, 80, 79, 79,
    80 ]
