%YAML:1.0
---
videoName: "headLookUp9.mp4"
gestureLabel: 205
fps: 29
pixelSizeInCmTemp: 3.3732394366197183e-01
faceCenterPointX: 251
faceCenterPointY: 57
headPositionsX: [ 252, 253, 252, 253, 251, 252, 250, 252, 249, 251, 253,
    250, 254, 249, 252, 250, 251, 252, 252, 249, 250, 254, 249, 250, 253,
    253, 251, 253, 252, 253, 249, 254, 253, 251, 253, 251, 253, 249, 253,
    253, 253, 251, 253, 252, 254, 249, 250, 251, 253, 250, 252, 250, 250,
    253, 253, 252, 251, 253, 250, 249, 253, 251, 250, 251, 252, 251, 249,
    253, 249, 252, 250, 249, 251, 252, 253, 250, 251, 249, 251, 249, 250,
    252, 251, 249, 249, 250, 249, 249, 251, 250, 253, 253, 252, 252, 251,
    249, 249, 250, 253, 252 ]
headPositionsY: [ 55, 76, 72, 73, 72, 75, 75, 76, 75, 77, 75, 75, 75, 76,
    74, 72, 72, 75, 76, 75, 75, 74, 73, 72, 73, 73, 72, 74, 74, 73, 74,
    70, 73, 72, 70, 69, 68, 68, 68, 65, 65, 65, 64, 60, 63, 62, 62, 59,
    61, 58, 57, 58, 58, 56, 56, 59, 60, 60, 59, 58, 58, 55, 57, 60, 58,
    57, 57, 56, 56, 57, 55, 57, 59, 55, 59, 55, 56, 56, 59, 58, 59, 57,
    55, 58, 57, 57, 56, 55, 55, 58, 59, 59, 55, 57, 59, 59, 56, 54, 55,
    58 ]
