%YAML:1.0
---
videoName: "headNod16.mp4"
gestureLabel: 202
fps: 29
pixelSizeInCmTemp: 3.3263888888888887e-01
faceCenterPointX: 255
faceCenterPointY: 77
headPositionsX: [ 255, 257, 259, 260, 260, 258, 261, 262, 259, 258, 261,
    260, 258, 259, 257, 257, 259, 260, 258, 257, 260, 260, 257, 258, 260,
    260, 261, 261, 257, 258, 258, 258, 259, 256, 261, 260, 258, 261, 261,
    257, 259, 258, 261, 261, 260, 257, 259, 256, 256, 258, 257, 256, 259,
    257, 257, 260, 255, 259, 260, 259, 258, 257, 254, 255, 257, 253, 254,
    253, 255, 254, 258, 253, 255, 254, 257, 256, 255, 254, 254, 255, 257,
    256, 254, 256, 256, 257, 256, 253, 255, 254, 256, 257, 254, 256, 256,
    257, 257, 254, 255, 253 ]
headPositionsY: [ 79, 73, 74, 73, 76, 72, 77, 73, 73, 76, 73, 76, 77, 76,
    75, 75, 73, 73, 74, 75, 73, 74, 77, 75, 77, 72, 75, 75, 72, 77, 75,
    73, 77, 75, 77, 71, 71, 72, 68, 67, 71, 71, 72, 76, 79, 79, 83, 80,
    79, 78, 75, 75, 69, 69, 71, 68, 70, 76, 77, 81, 80, 85, 80, 80, 78,
    73, 74, 69, 70, 73, 71, 73, 75, 78, 78, 80, 82, 78, 77, 73, 71, 68,
    71, 72, 71, 73, 76, 76, 79, 78, 76, 75, 74, 79, 76, 74, 78, 75, 77,
    77 ]
