%YAML:1.0
---
videoName: "headLookUp9.mp4"
gestureLabel: 205
fps: 29
pixelSizeInCmTemp: 3.3732394366197183e-01
faceCenterPointX: 251
faceCenterPointY: 57
headPositionsX: [ 251, 252, 250, 249, 253, 250, 253, 253, 252, 253, 252,
    253, 252, 251, 251, 253, 251, 250, 249, 249, 252, 252, 253, 252, 251,
    251, 249, 253, 249, 254, 249, 254, 253, 249, 250, 253, 253, 251, 254,
    251, 249, 250, 252, 253, 254, 251, 251, 252, 251, 253, 252, 249, 253,
    253, 252, 249, 253, 253, 250, 253, 250, 253, 253, 253, 252, 253, 252,
    252, 253, 249, 253, 250, 251, 252, 251, 251, 253, 252, 249, 253, 251,
    253, 252, 250, 250, 248, 253, 253, 252, 252, 252, 254, 249, 253, 249,
    252, 252, 252, 250, 251 ]
headPositionsY: [ 55, 76, 72, 75, 75, 73, 74, 74, 75, 75, 73, 76, 73, 74,
    73, 76, 75, 76, 76, 76, 74, 76, 73, 75, 72, 72, 76, 71, 72, 72, 71,
    72, 69, 72, 68, 70, 67, 68, 68, 68, 67, 65, 62, 59, 62, 60, 62, 61,
    57, 59, 56, 60, 58, 57, 57, 57, 58, 60, 55, 58, 58, 56, 57, 56, 57,
    59, 56, 56, 55, 58, 56, 59, 58, 58, 56, 57, 56, 56, 56, 55, 56, 56,
    57, 58, 59, 57, 57, 57, 59, 56, 57, 56, 56, 56, 56, 57, 58, 54, 56,
    54 ]
