%YAML:1.0
---
videoName: "headLookLeft3.mp4"
gestureLabel: 203
fps: 29
pixelSizeInCmTemp: 3.4214285714285714e-01
faceCenterPointX: 290
faceCenterPointY: 74
headPositionsX: [ 291, 265, 265, 264, 264, 265, 264, 267, 271, 271, 272,
    275, 276, 277, 280, 280, 286, 287, 288, 290, 289, 287, 293, 290, 287,
    290, 297, 291, 288, 281, 287, 291, 290, 292, 287, 291, 284, 292, 289,
    290, 290, 285, 291, 297, 289, 288, 290, 289, 293, 290, 292, 293, 292,
    291, 286, 288, 287, 287, 290, 291, 288, 290, 287, 286, 288, 287, 291,
    287, 284, 288, 288, 288, 286, 288, 285, 287, 287, 286, 289, 285, 288,
    287, 290, 286, 286, 285, 291, 289, 287, 289, 284, 284, 287, 288, 285,
    285, 288, 285, 289, 285 ]
headPositionsY: [ 73, 77, 75, 78, 76, 74, 76, 80, 76, 78, 76, 73, 76, 77,
    74, 72, 75, 75, 74, 76, 73, 75, 77, 73, 70, 74, 75, 75, 76, 70, 72,
    74, 72, 75, 75, 77, 72, 77, 73, 75, 74, 75, 71, 77, 76, 76, 75, 74,
    75, 75, 72, 72, 75, 77, 74, 75, 73, 75, 71, 75, 74, 72, 73, 75, 72,
    72, 72, 73, 73, 72, 73, 73, 74, 73, 74, 76, 75, 77, 73, 75, 75, 73,
    75, 71, 76, 74, 73, 76, 74, 73, 76, 73, 72, 77, 73, 76, 76, 72, 72,
    75 ]
