%YAML:1.0
---
videoName: "headNod19.mp4"
gestureLabel: 202
fps: 29
pixelSizeInCmTemp: 3.1933333333333330e-01
faceCenterPointX: 255
faceCenterPointY: 81
headPositionsX: [ 253, 259, 257, 255, 259, 255, 259, 257, 254, 258, 255,
    255, 258, 252, 257, 255, 253, 252, 251, 252, 251, 253, 248, 250, 251,
    251, 248, 252, 252, 251, 251, 252, 251, 255, 255, 253, 255, 256, 256,
    252, 256, 257, 256, 255, 253, 258, 255, 257, 255, 257, 257, 255, 256,
    254, 254, 253, 255, 258, 257, 256, 257, 255, 255, 257, 257, 257, 255,
    255, 253, 256, 255, 256, 258, 256, 255, 256, 256, 256, 255, 256, 255,
    254, 255, 254, 257, 256, 253, 254, 253, 255, 255, 256, 256, 256, 254,
    255, 255, 254, 258, 254 ]
headPositionsY: [ 81, 85, 82, 83, 81, 78, 75, 76, 76, 77, 75, 78, 75, 78,
    79, 76, 77, 78, 79, 80, 78, 77, 77, 80, 81, 77, 78, 79, 80, 79, 81,
    78, 79, 80, 77, 78, 81, 77, 79, 79, 79, 77, 81, 78, 78, 81, 78, 79,
    79, 77, 80, 78, 79, 81, 78, 77, 80, 80, 79, 80, 78, 79, 80, 80, 79,
    79, 79, 79, 77, 75, 74, 75, 73, 77, 78, 80, 84, 86, 82, 80, 78, 75,
    78, 76, 82, 85, 85, 83, 85, 84, 84, 81, 84, 83, 80, 80, 81, 83, 81,
    80 ]
