%YAML:1.0
---
videoName: "headNod22.mp4"
gestureLabel: 202
fps: 29
pixelSizeInCmTemp: 3.1513157894736843e-01
faceCenterPointX: 252
faceCenterPointY: 80
headPositionsX: [ 251, 250, 252, 250, 253, 251, 253, 253, 251, 254, 255,
    251, 255, 254, 253, 252, 254, 255, 254, 251, 252, 252, 251, 252, 252,
    252, 251, 254, 253, 252, 251, 252, 255, 256, 252, 257, 255, 256, 256,
    251, 253, 253, 252, 256, 250, 253, 255, 252, 251, 251, 253, 251, 250,
    253, 250, 252, 253, 252, 253, 255, 253, 254, 254, 251, 252, 250, 254,
    252, 250, 252, 251, 252, 252, 252, 254, 250, 252, 251, 253, 255, 253,
    254, 249, 255, 253, 252, 253, 252, 253, 250, 250, 251, 253, 249, 249,
    250, 248, 250, 253, 251 ]
headPositionsY: [ 80, 76, 80, 76, 77, 79, 77, 78, 80, 77, 79, 80, 76, 81,
    77, 78, 81, 80, 78, 79, 77, 79, 78, 81, 80, 85, 81, 85, 80, 80, 78,
    74, 74, 69, 70, 72, 74, 79, 78, 81, 86, 81, 78, 79, 74, 71, 72, 69,
    69, 76, 76, 82, 83, 83, 84, 85, 81, 79, 74, 73, 74, 72, 72, 74, 77,
    78, 81, 81, 77, 77, 75, 76, 74, 77, 76, 76, 78, 80, 78, 78, 80, 78,
    76, 78, 77, 79, 81, 83, 81, 81, 77, 80, 78, 77, 79, 78, 80, 83, 78,
    78 ]
