%YAML:1.0
---
videoName: "headShake21.mp4"
gestureLabel: 201
fps: 29
pixelSizeInCmTemp: 3.1933333333333330e-01
faceCenterPointX: 241
faceCenterPointY: 78
headPositionsX: [ 241, 245, 244, 243, 245, 240, 240, 244, 240, 242, 241,
    239, 241, 241, 240, 242, 244, 240, 245, 243, 243, 242, 245, 241, 242,
    241, 244, 244, 241, 242, 241, 241, 245, 244, 245, 242, 240, 242, 244,
    242, 240, 240, 242, 241, 241, 244, 243, 241, 239, 242, 244, 241, 239,
    242, 242, 243, 239, 244, 244, 244, 242, 241, 243, 242, 240, 238, 240,
    242, 246, 247, 252, 254, 250, 250, 247, 244, 239, 231, 231, 233, 237,
    235, 239, 244, 244, 244, 244, 243, 237, 237, 237, 238, 239, 236, 238,
    242, 243, 243, 240, 243 ]
headPositionsY: [ 80, 82, 83, 77, 76, 73, 76, 71, 73, 71, 70, 69, 69, 71,
    72, 71, 73, 73, 72, 70, 71, 70, 73, 74, 71, 76, 73, 73, 77, 76, 76,
    76, 78, 77, 78, 78, 74, 78, 78, 76, 78, 79, 76, 77, 76, 78, 79, 78,
    76, 79, 76, 79, 75, 78, 80, 80, 77, 78, 80, 76, 75, 76, 77, 76, 80,
    79, 76, 76, 77, 76, 79, 75, 75, 79, 76, 78, 80, 78, 75, 76, 76, 77,
    77, 81, 76, 77, 80, 78, 80, 76, 77, 76, 80, 78, 79, 76, 78, 79, 79,
    76 ]
