%YAML:1.0
---
videoName: "headShake28.mp4"
gestureLabel: 201
fps: 29
pixelSizeInCmTemp: 3.2808219178082193e-01
faceCenterPointX: 242
faceCenterPointY: 80
headPositionsX: [ 243, 241, 240, 241, 243, 242, 241, 242, 242, 241, 239,
    238, 240, 244, 241, 240, 242, 241, 241, 244, 240, 243, 243, 240, 243,
    242, 244, 241, 240, 241, 244, 240, 244, 241, 240, 244, 243, 241, 244,
    241, 241, 246, 242, 244, 242, 242, 244, 246, 245, 243, 240, 234, 230,
    229, 233, 233, 237, 244, 251, 250, 257, 256, 255, 249, 248, 242, 238,
    233, 231, 235, 236, 244, 247, 250, 251, 257, 253, 249, 249, 245, 241,
    242, 237, 236, 236, 235, 237, 241, 238, 241, 242, 244, 241, 243, 240,
    244, 241, 242, 244, 244 ]
headPositionsY: [ 79, 74, 79, 75, 78, 75, 79, 77, 77, 77, 77, 80, 79, 78,
    77, 80, 80, 77, 80, 79, 78, 80, 80, 80, 79, 80, 81, 78, 78, 80, 79,
    76, 79, 79, 79, 78, 80, 78, 79, 76, 80, 78, 76, 75, 78, 77, 79, 75,
    79, 79, 76, 77, 77, 77, 76, 75, 76, 78, 80, 76, 76, 77, 77, 78, 79,
    80, 77, 80, 78, 80, 78, 79, 76, 80, 75, 76, 76, 79, 79, 79, 77, 79,
    80, 81, 79, 76, 81, 79, 81, 78, 81, 81, 80, 82, 78, 79, 77, 79, 79,
    78 ]
