%YAML:1.0
---
videoName: "headShake46.mp4"
gestureLabel: 201
fps: 30
pixelSizeInCmTemp: 3.2364864864864862e-01
faceCenterPointX: 262
faceCenterPointY: 85
headPositionsX: [ 262, 261, 259, 258, 262, 261, 260, 258, 262, 262, 259,
    261, 258, 260, 259, 258, 261, 261, 262, 259, 261, 259, 263, 260, 261,
    260, 261, 257, 259, 259, 265, 269, 271, 277, 277, 279, 278, 272, 264,
    260, 254, 253, 252, 252, 254, 262, 268, 271, 267, 266, 265, 256, 252,
    256, 257, 260, 261, 266, 267, 265, 265, 262, 258, 259, 256, 262, 262,
    266, 271, 268, 266, 266, 263, 259, 258, 262, 262, 265, 266, 263, 264,
    266, 263, 262, 259, 262, 262, 262, 260, 261, 260, 262, 261, 261, 261,
    264, 263, 262, 262, 262 ]
headPositionsY: [ 87, 85, 83, 83, 82, 85, 86, 82, 87, 83, 86, 85, 82, 84,
    85, 83, 84, 84, 85, 83, 85, 86, 85, 84, 87, 82, 86, 84, 83, 85, 83,
    83, 83, 84, 84, 84, 82, 84, 83, 84, 83, 85, 84, 86, 86, 86, 87, 83,
    82, 85, 83, 85, 84, 84, 87, 83, 87, 85, 86, 87, 86, 85, 87, 86, 84,
    85, 83, 83, 83, 84, 87, 87, 83, 85, 85, 84, 85, 83, 82, 87, 84, 86,
    83, 87, 84, 83, 83, 85, 83, 86, 84, 82, 85, 86, 83, 86, 86, 86, 85,
    85 ]
