%YAML:1.0
---
videoName: "headNod4.mp4"
gestureLabel: 202
fps: 29
pixelSizeInCmTemp: 3.2808219178082193e-01
faceCenterPointX: 264
faceCenterPointY: 72
headPositionsX: [ 265, 267, 271, 272, 268, 270, 268, 271, 271, 269, 271,
    270, 271, 268, 270, 268, 266, 267, 268, 269, 270, 270, 268, 269, 267,
    269, 266, 270, 268, 270, 266, 266, 266, 268, 265, 269, 266, 268, 266,
    269, 267, 270, 266, 266, 269, 266, 265, 270, 270, 269, 268, 267, 266,
    267, 268, 265, 264, 265, 266, 267, 263, 268, 263, 264, 267, 263, 264,
    265, 267, 265, 264, 266, 264, 266, 262, 264, 263, 262, 267, 266, 264,
    264, 265, 262, 266, 267, 263, 265, 265, 264, 263, 267, 266, 262, 265,
    266, 264, 264, 262, 266 ]
headPositionsY: [ 70, 75, 76, 77, 74, 75, 74, 74, 75, 74, 73, 73, 73, 75,
    74, 77, 74, 74, 75, 73, 73, 75, 73, 75, 74, 74, 77, 74, 73, 73, 74,
    75, 75, 75, 77, 75, 75, 76, 77, 75, 73, 73, 72, 75, 72, 69, 70, 67,
    68, 65, 64, 69, 70, 73, 79, 82, 82, 82, 82, 75, 76, 71, 67, 67, 71,
    69, 72, 77, 79, 83, 82, 81, 79, 80, 77, 72, 69, 69, 70, 70, 70, 69,
    75, 77, 81, 82, 83, 82, 83, 82, 79, 82, 79, 79, 77, 79, 77, 73, 74,
    76 ]
