%YAML:1.0
---
videoName: "headNod27.mp4"
gestureLabel: 202
fps: 29
pixelSizeInCmTemp: 3.0705128205128202e-01
faceCenterPointX: 271
faceCenterPointY: 77
headPositionsX: [ 269, 271, 272, 273, 270, 273, 270, 272, 274, 273, 273,
    274, 273, 269, 272, 274, 269, 271, 270, 270, 275, 274, 270, 272, 270,
    272, 271, 270, 273, 271, 271, 271, 273, 269, 268, 270, 267, 268, 269,
    269, 271, 268, 272, 269, 270, 268, 272, 267, 267, 271, 269, 268, 270,
    269, 267, 268, 271, 268, 272, 271, 272, 268, 268, 270, 270, 269, 269,
    268, 271, 266, 267, 268, 266, 270, 270, 270, 268, 267, 268, 269, 270,
    270, 271, 268, 271, 272, 268, 267, 270, 271, 269, 273, 273, 272, 272,
    269, 270, 270, 268, 268 ]
headPositionsY: [ 75, 73, 73, 75, 72, 71, 74, 74, 74, 74, 72, 73, 75, 75,
    75, 74, 76, 76, 73, 73, 75, 70, 68, 68, 63, 64, 66, 65, 65, 68, 70,
    78, 79, 82, 84, 82, 82, 76, 72, 71, 69, 66, 70, 67, 72, 71, 75, 76,
    79, 82, 80, 78, 75, 72, 72, 68, 69, 71, 72, 75, 76, 83, 84, 81, 82,
    79, 76, 72, 71, 72, 70, 73, 76, 78, 79, 80, 79, 76, 78, 73, 72, 69,
    69, 68, 72, 72, 73, 76, 79, 78, 80, 79, 78, 75, 78, 79, 78, 77, 79,
    78 ]
