%YAML:1.0
---
videoName: "headShake28.mp4"
gestureLabel: 201
fps: 29
pixelSizeInCmTemp: 3.2808219178082193e-01
faceCenterPointX: 242
faceCenterPointY: 80
headPositionsX: [ 241, 241, 240, 243, 240, 242, 239, 241, 242, 240, 243,
    238, 242, 244, 240, 242, 240, 243, 242, 242, 240, 242, 240, 242, 241,
    244, 243, 244, 244, 244, 240, 241, 241, 241, 244, 244, 244, 241, 243,
    243, 245, 242, 243, 243, 244, 242, 246, 245, 242, 244, 239, 237, 232,
    227, 233, 234, 240, 244, 248, 250, 254, 255, 251, 249, 245, 241, 237,
    235, 232, 236, 237, 243, 246, 253, 251, 255, 251, 250, 247, 245, 241,
    239, 238, 236, 238, 239, 238, 241, 240, 239, 245, 243, 240, 245, 244,
    244, 242, 242, 241, 240 ]
headPositionsY: [ 79, 78, 77, 75, 76, 79, 78, 75, 76, 77, 81, 79, 79, 80,
    81, 79, 79, 76, 80, 77, 80, 77, 81, 79, 77, 81, 78, 78, 80, 78, 79,
    79, 81, 79, 77, 77, 78, 78, 77, 76, 76, 78, 80, 76, 76, 78, 80, 75,
    75, 79, 76, 75, 79, 78, 77, 75, 77, 79, 80, 78, 74, 76, 77, 76, 79,
    81, 76, 78, 76, 77, 79, 81, 80, 80, 75, 79, 77, 78, 76, 77, 77, 77,
    80, 81, 79, 76, 80, 80, 81, 77, 79, 80, 81, 79, 79, 78, 80, 79, 80,
    80 ]
