%YAML:1.0
---
videoName: "headShake41.mp4"
gestureLabel: 201
fps: 29
pixelSizeInCmTemp: 3.2364864864864862e-01
faceCenterPointX: 264
faceCenterPointY: 85
headPositionsX: [ 266, 263, 262, 261, 259, 261, 262, 260, 261, 261, 263,
    259, 259, 260, 260, 263, 262, 262, 260, 258, 264, 263, 265, 265, 267,
    267, 273, 275, 274, 279, 277, 281, 283, 283, 277, 280, 280, 282, 280,
    279, 276, 270, 267, 262, 256, 252, 253, 247, 248, 245, 242, 247, 243,
    245, 249, 248, 252, 254, 259, 258, 266, 269, 267, 275, 276, 276, 279,
    279, 276, 276, 280, 276, 273, 273, 272, 267, 269, 268, 263, 266, 263,
    262, 264, 264, 262, 263, 263, 262, 260, 261, 262, 264, 262, 264, 261,
    262, 264, 262, 264, 265 ]
headPositionsY: [ 85, 83, 81, 85, 81, 83, 83, 83, 82, 83, 84, 83, 84, 85,
    82, 85, 82, 83, 83, 83, 85, 84, 86, 82, 85, 83, 80, 84, 80, 81, 83,
    80, 79, 79, 83, 83, 82, 81, 85, 83, 83, 81, 82, 85, 82, 85, 86, 82,
    83, 82, 83, 82, 82, 83, 82, 84, 81, 86, 87, 87, 84, 85, 86, 85, 81,
    85, 83, 85, 84, 83, 83, 83, 84, 83, 84, 83, 86, 83, 82, 85, 85, 83,
    86, 82, 86, 86, 82, 87, 86, 85, 82, 86, 86, 85, 85, 83, 85, 84, 86,
    87 ]
