%YAML:1.0
---
videoName: "headShake31.mp4"
gestureLabel: 201
fps: 29
pixelSizeInCmTemp: 3.2808219178082193e-01
faceCenterPointX: 236
faceCenterPointY: 68
headPositionsX: [ 238, 237, 238, 239, 237, 237, 238, 237, 237, 238, 237,
    234, 236, 238, 239, 238, 236, 237, 238, 235, 235, 237, 237, 235, 234,
    237, 236, 237, 238, 238, 239, 238, 238, 235, 235, 237, 236, 235, 239,
    243, 247, 253, 254, 252, 250, 249, 245, 239, 231, 225, 222, 221, 222,
    223, 226, 234, 238, 242, 247, 246, 244, 244, 239, 237, 235, 231, 228,
    228, 228, 232, 230, 238, 240, 241, 243, 244, 241, 241, 241, 241, 240,
    237, 234, 236, 233, 234, 234, 234, 233, 235, 233, 235, 235, 235, 233,
    235, 233, 234, 237, 236 ]
headPositionsY: [ 66, 66, 65, 66, 66, 66, 66, 70, 69, 68, 68, 65, 67, 67,
    69, 69, 69, 70, 66, 66, 67, 68, 65, 68, 68, 65, 66, 67, 68, 69, 68,
    69, 66, 67, 66, 65, 65, 66, 67, 68, 68, 65, 66, 68, 65, 67, 66, 68,
    67, 65, 66, 68, 68, 70, 72, 69, 71, 71, 71, 68, 70, 70, 68, 70, 69,
    70, 67, 70, 67, 70, 67, 71, 68, 70, 68, 70, 69, 71, 70, 70, 70, 68,
    71, 70, 70, 70, 66, 72, 71, 71, 68, 68, 70, 70, 66, 68, 69, 71, 71,
    71 ]
