%YAML:1.0
---
videoName: "headShake40.mp4"
gestureLabel: 201
fps: 29
pixelSizeInCmTemp: 3.2808219178082193e-01
faceCenterPointX: 261
faceCenterPointY: 86
headPositionsX: [ 261, 260, 263, 259, 259, 259, 260, 263, 260, 259, 260,
    261, 262, 259, 261, 260, 262, 263, 263, 261, 259, 260, 260, 260, 260,
    260, 263, 260, 258, 258, 256, 257, 256, 254, 251, 252, 255, 263, 266,
    270, 274, 279, 281, 277, 278, 275, 272, 264, 260, 256, 248, 248, 246,
    245, 252, 252, 255, 260, 266, 268, 269, 271, 271, 267, 267, 262, 262,
    256, 257, 256, 256, 258, 257, 260, 263, 263, 264, 267, 265, 264, 263,
    265, 264, 263, 259, 260, 259, 258, 259, 256, 259, 256, 259, 258, 259,
    260, 262, 262, 263, 261 ]
headPositionsY: [ 85, 86, 85, 81, 81, 82, 83, 84, 84, 81, 86, 85, 85, 84,
    86, 83, 86, 82, 82, 81, 86, 81, 83, 84, 86, 82, 82, 82, 82, 83, 85,
    83, 84, 83, 84, 83, 85, 85, 82, 82, 82, 80, 81, 82, 80, 79, 81, 81,
    80, 81, 82, 83, 82, 84, 84, 81, 85, 86, 84, 83, 81, 83, 83, 83, 82,
    82, 84, 81, 81, 85, 82, 81, 85, 82, 84, 82, 81, 81, 84, 83, 85, 82,
    83, 86, 84, 84, 82, 84, 83, 83, 85, 85, 86, 83, 87, 86, 84, 85, 88,
    85 ]
