%YAML:1.0
---
videoName: "headShake13.mp4"
gestureLabel: 201
fps: 29
pixelSizeInCmTemp: 3.2364864864864862e-01
faceCenterPointX: 241
faceCenterPointY: 77
headPositionsX: [ 242, 241, 242, 242, 239, 241, 240, 241, 241, 241, 243,
    240, 242, 240, 241, 240, 242, 242, 239, 239, 239, 244, 241, 241, 240,
    242, 240, 242, 241, 240, 239, 238, 237, 240, 242, 250, 250, 257, 259,
    260, 264, 264, 258, 254, 249, 243, 240, 235, 231, 230, 228, 232, 237,
    241, 245, 249, 248, 251, 250, 250, 243, 239, 236, 232, 234, 231, 231,
    235, 236, 240, 246, 250, 249, 252, 249, 253, 250, 244, 241, 236, 236,
    231, 234, 235, 236, 233, 235, 241, 240, 242, 246, 242, 243, 245, 244,
    244, 243, 242, 239, 239 ]
headPositionsY: [ 77, 77, 74, 77, 76, 78, 76, 77, 77, 74, 78, 77, 77, 77,
    76, 74, 75, 78, 78, 77, 75, 77, 76, 76, 75, 74, 77, 77, 76, 75, 77,
    77, 77, 79, 75, 78, 73, 74, 73, 72, 77, 72, 77, 76, 77, 78, 75, 74,
    75, 78, 76, 78, 74, 77, 77, 74, 74, 74, 74, 78, 78, 79, 77, 76, 76,
    79, 75, 75, 77, 76, 75, 78, 75, 77, 78, 75, 77, 77, 77, 77, 77, 78,
    76, 76, 78, 74, 76, 75, 77, 78, 77, 73, 74, 74, 74, 74, 78, 75, 74,
    74 ]
