%YAML:1.0
---
videoName: "headNod28.mp4"
gestureLabel: 202
fps: 30
pixelSizeInCmTemp: 3.2364864864864862e-01
faceCenterPointX: 270
faceCenterPointY: 76
headPositionsX: [ 270, 269, 273, 270, 271, 271, 269, 269, 270, 274, 272,
    272, 270, 269, 269, 272, 271, 268, 273, 269, 271, 270, 269, 271, 269,
    268, 270, 270, 271, 268, 270, 271, 269, 273, 268, 270, 270, 271, 274,
    269, 268, 272, 271, 271, 271, 270, 270, 271, 271, 272, 271, 268, 268,
    271, 269, 272, 271, 270, 271, 272, 269, 272, 271, 273, 270, 271, 269,
    270, 273, 272, 272, 272, 271, 273, 272, 273, 273, 272, 271, 271, 271,
    270, 272, 273, 270, 270, 272, 272, 272, 271, 269, 270, 273, 270, 272,
    272, 268, 270, 268, 268 ]
headPositionsY: [ 78, 73, 77, 73, 73, 75, 73, 73, 74, 77, 74, 73, 74, 74,
    74, 77, 73, 73, 73, 74, 73, 74, 77, 73, 76, 76, 73, 73, 76, 77, 74,
    76, 77, 74, 73, 73, 73, 72, 72, 76, 74, 77, 79, 82, 82, 83, 81, 78,
    76, 75, 72, 73, 72, 73, 69, 70, 72, 76, 76, 80, 80, 83, 82, 78, 78,
    76, 73, 69, 70, 73, 73, 73, 78, 82, 80, 81, 79, 76, 77, 74, 71, 73,
    75, 73, 77, 78, 79, 80, 77, 78, 76, 77, 78, 76, 74, 78, 75, 77, 74,
    78 ]
