%YAML:1.0
---
videoName: "headShake25.mp4"
gestureLabel: 201
fps: 30
pixelSizeInCmTemp: 3.2364864864864862e-01
faceCenterPointX: 241
faceCenterPointY: 79
headPositionsX: [ 241, 253, 252, 255, 253, 250, 248, 247, 245, 245, 240,
    239, 236, 232, 234, 232, 228, 227, 231, 228, 232, 230, 231, 238, 238,
    239, 246, 247, 247, 250, 248, 248, 248, 249, 248, 245, 242, 241, 238,
    235, 233, 233, 229, 232, 231, 231, 232, 234, 234, 235, 241, 239, 243,
    244, 248, 249, 251, 248, 251, 249, 252, 247, 248, 245, 245, 244, 239,
    240, 236, 235, 236, 233, 235, 234, 234, 237, 235, 234, 234, 236, 237,
    238, 242, 243, 241, 243, 243, 245, 243, 243, 242, 241, 244, 240, 241,
    242, 240, 240, 239, 241 ]
headPositionsY: [ 77, 76, 75, 78, 75, 77, 79, 79, 80, 76, 77, 75, 78, 79,
    78, 78, 80, 79, 76, 76, 79, 77, 77, 77, 79, 76, 80, 77, 77, 78, 77,
    76, 80, 80, 81, 78, 81, 78, 77, 77, 80, 79, 79, 80, 79, 79, 76, 76,
    77, 79, 78, 76, 78, 79, 79, 77, 81, 79, 75, 77, 80, 79, 78, 78, 81,
    79, 78, 76, 77, 80, 80, 80, 79, 76, 79, 76, 79, 77, 79, 80, 79, 78,
    79, 76, 79, 81, 80, 77, 80, 79, 81, 81, 77, 79, 79, 80, 81, 79, 81,
    79 ]
