%YAML:1.0
---
videoName: "headShake20.mp4"
gestureLabel: 201
fps: 29
pixelSizeInCmTemp: 3.3263888888888887e-01
faceCenterPointX: 242
faceCenterPointY: 78
headPositionsX: [ 243, 246, 246, 242, 246, 245, 246, 244, 245, 244, 240,
    241, 242, 243, 243, 244, 245, 245, 245, 242, 242, 244, 245, 242, 245,
    244, 243, 245, 245, 243, 244, 242, 242, 242, 242, 241, 242, 240, 244,
    243, 246, 252, 256, 259, 262, 261, 256, 253, 248, 244, 235, 232, 232,
    230, 231, 232, 240, 245, 247, 249, 250, 252, 251, 246, 242, 239, 237,
    234, 230, 231, 235, 239, 243, 245, 248, 245, 245, 243, 242, 242, 240,
    242, 239, 242, 242, 241, 245, 244, 244, 242, 242, 245, 244, 245, 242,
    241, 241, 243, 241, 242 ]
headPositionsY: [ 80, 76, 78, 74, 78, 75, 76, 78, 77, 77, 75, 75, 77, 78,
    78, 78, 75, 75, 76, 76, 76, 75, 78, 77, 75, 76, 78, 78, 76, 79, 76,
    74, 75, 74, 76, 78, 77, 74, 79, 75, 78, 76, 73, 75, 72, 77, 75, 78,
    79, 75, 76, 79, 78, 75, 75, 77, 74, 75, 75, 76, 74, 74, 77, 78, 75,
    78, 75, 79, 77, 76, 79, 77, 78, 76, 76, 77, 77, 77, 76, 76, 79, 76,
    77, 79, 76, 79, 78, 76, 75, 76, 75, 80, 75, 80, 77, 75, 78, 76, 77,
    76 ]
