%YAML:1.0
---
videoName: "headShake49.mp4"
gestureLabel: 201
fps: 30
pixelSizeInCmTemp: 2.8855421686746985e-01
faceCenterPointX: 259
faceCenterPointY: 84
headPositionsX: [ 260, 259, 262, 261, 263, 259, 259, 261, 261, 261, 261,
    259, 263, 261, 259, 258, 262, 259, 261, 263, 260, 263, 260, 259, 261,
    261, 262, 262, 262, 259, 262, 260, 265, 263, 268, 271, 277, 281, 285,
    284, 280, 280, 272, 267, 260, 254, 248, 249, 248, 254, 260, 266, 271,
    276, 270, 267, 264, 257, 252, 250, 247, 250, 254, 260, 267, 270, 268,
    265, 266, 262, 257, 255, 256, 254, 258, 260, 266, 269, 271, 266, 269,
    262, 259, 260, 258, 257, 259, 259, 260, 259, 261, 258, 260, 258, 259,
    259, 258, 260, 258, 258 ]
headPositionsY: [ 86, 79, 80, 82, 83, 79, 81, 81, 79, 80, 80, 79, 81, 78,
    81, 82, 81, 82, 82, 81, 78, 80, 81, 83, 79, 78, 82, 81, 79, 79, 80,
    80, 82, 83, 82, 83, 82, 80, 81, 81, 81, 83, 83, 86, 83, 84, 81, 83,
    81, 82, 83, 85, 84, 82, 85, 82, 84, 86, 86, 84, 81, 83, 83, 82, 84,
    85, 82, 85, 85, 85, 86, 82, 83, 82, 86, 83, 84, 86, 86, 83, 84, 84,
    84, 82, 82, 84, 85, 82, 83, 84, 83, 85, 82, 87, 85, 84, 83, 86, 83,
    83 ]
