%YAML:1.0
---
videoName: "headNod21.mp4"
gestureLabel: 202
fps: 29
pixelSizeInCmTemp: 3.2808219178082193e-01
faceCenterPointX: 253
faceCenterPointY: 78
headPositionsX: [ 255, 254, 253, 256, 256, 255, 253, 256, 254, 256, 253,
    256, 256, 257, 257, 255, 253, 255, 255, 252, 256, 253, 254, 254, 253,
    255, 255, 255, 256, 253, 257, 254, 254, 256, 257, 255, 253, 258, 255,
    258, 254, 256, 255, 258, 254, 254, 252, 254, 254, 252, 256, 253, 257,
    253, 257, 256, 255, 252, 254, 255, 255, 254, 251, 252, 250, 251, 253,
    249, 250, 254, 254, 252, 251, 251, 252, 250, 248, 251, 249, 249, 248,
    251, 248, 250, 253, 251, 254, 250, 255, 254, 254, 253, 254, 255, 252,
    255, 255, 256, 255, 256 ]
headPositionsY: [ 77, 77, 78, 77, 77, 78, 80, 79, 80, 78, 79, 79, 79, 79,
    77, 77, 81, 77, 79, 81, 79, 80, 80, 80, 81, 80, 81, 81, 80, 81, 84,
    83, 84, 78, 77, 79, 76, 73, 75, 76, 78, 84, 84, 84, 82, 81, 76, 75,
    76, 79, 82, 84, 82, 83, 86, 80, 82, 77, 79, 77, 80, 79, 82, 85, 83,
    83, 78, 76, 77, 78, 74, 79, 78, 82, 82, 85, 81, 78, 80, 79, 78, 79,
    77, 77, 78, 78, 82, 81, 81, 80, 80, 76, 78, 79, 79, 79, 77, 77, 79,
    79 ]
