%YAML:1.0
---
videoName: "headNod39.mp4"
gestureLabel: 202
fps: 29
pixelSizeInCmTemp: 2.9937500000000000e-01
faceCenterPointX: 268
faceCenterPointY: 78
headPositionsX: [ 270, 268, 269, 266, 267, 268, 268, 265, 266, 267, 267,
    267, 269, 269, 270, 271, 268, 267, 271, 271, 268, 267, 270, 268, 271,
    271, 268, 270, 269, 270, 268, 266, 267, 268, 271, 269, 269, 271, 271,
    267, 270, 269, 266, 269, 269, 268, 267, 265, 267, 267, 267, 269, 268,
    270, 265, 268, 266, 264, 267, 264, 266, 267, 266, 267, 268, 267, 267,
    265, 264, 266, 264, 268, 269, 268, 267, 265, 267, 265, 267, 268, 268,
    269, 267, 269, 267, 266, 270, 265, 270, 266, 268, 267, 270, 266, 267,
    270, 266, 267, 270, 266 ]
headPositionsY: [ 79, 77, 74, 75, 78, 76, 79, 78, 74, 78, 75, 78, 77, 78,
    77, 75, 76, 78, 74, 78, 75, 77, 78, 75, 76, 75, 76, 75, 76, 76, 77,
    77, 75, 77, 77, 76, 78, 80, 77, 81, 84, 82, 83, 88, 84, 84, 79, 77,
    77, 76, 77, 74, 76, 75, 77, 82, 86, 93, 91, 87, 83, 80, 79, 73, 73,
    73, 73, 77, 76, 82, 84, 84, 83, 81, 77, 78, 74, 74, 73, 74, 76, 81,
    78, 82, 82, 79, 81, 81, 80, 77, 78, 76, 76, 79, 76, 77, 79, 79, 78,
    80 ]
