%YAML:1.0
---
videoName: "headLookRight4.mp4"
gestureLabel: 204
fps: 30
pixelSizeInCmTemp: 3.4214285714285714e-01
faceCenterPointX: 228
faceCenterPointY: 75
headPositionsX: [ 226, 253, 252, 254, 254, 255, 253, 255, 252, 254, 256,
    253, 253, 252, 251, 252, 252, 251, 255, 250, 255, 254, 252, 251, 250,
    251, 252, 250, 250, 249, 252, 248, 250, 245, 247, 240, 239, 236, 237,
    232, 231, 232, 229, 231, 232, 229, 229, 227, 228, 226, 231, 229, 229,
    225, 227, 225, 227, 228, 226, 227, 225, 224, 228, 228, 226, 224, 226,
    227, 224, 227, 224, 227, 226, 221, 222, 226, 229, 223, 227, 229, 227,
    226, 228, 225, 223, 227, 228, 225, 228, 227, 228, 229, 225, 228, 230,
    225, 224, 224, 227, 226 ]
headPositionsY: [ 73, 72, 70, 70, 73, 73, 72, 69, 74, 69, 74, 72, 71, 74,
    75, 75, 71, 76, 71, 71, 72, 71, 72, 75, 75, 74, 70, 74, 75, 74, 75,
    74, 72, 71, 75, 71, 74, 75, 73, 73, 70, 72, 74, 73, 71, 72, 73, 71,
    73, 73, 72, 72, 74, 76, 75, 74, 72, 74, 76, 74, 74, 76, 74, 77, 75,
    71, 72, 77, 73, 75, 76, 75, 75, 75, 77, 73, 73, 75, 74, 76, 76, 78,
    74, 74, 74, 73, 73, 77, 74, 76, 75, 70, 72, 75, 76, 76, 77, 73, 75,
    76 ]
