%YAML:1.0
---
videoName: "headNod36.mp4"
gestureLabel: 202
fps: 29
pixelSizeInCmTemp: 2.8176470588235292e-01
faceCenterPointX: 269
faceCenterPointY: 75
headPositionsX: [ 271, 268, 270, 270, 273, 271, 270, 271, 271, 269, 272,
    272, 269, 271, 271, 268, 271, 273, 271, 270, 272, 269, 271, 269, 272,
    273, 269, 271, 269, 270, 270, 271, 270, 271, 269, 270, 269, 268, 268,
    266, 270, 267, 266, 268, 269, 270, 268, 268, 269, 273, 269, 268, 272,
    270, 272, 271, 270, 268, 269, 271, 269, 271, 269, 267, 270, 266, 266,
    265, 270, 269, 269, 266, 269, 267, 266, 267, 269, 266, 270, 267, 270,
    267, 271, 269, 271, 267, 270, 271, 268, 271, 269, 270, 272, 268, 269,
    271, 268, 269, 267, 267 ]
headPositionsY: [ 75, 75, 73, 74, 76, 76, 73, 72, 75, 72, 76, 74, 74, 74,
    74, 75, 75, 77, 77, 77, 78, 78, 80, 77, 73, 73, 67, 67, 67, 64, 62,
    65, 72, 75, 80, 82, 90, 87, 89, 86, 86, 78, 78, 72, 71, 68, 67, 70,
    66, 67, 70, 74, 78, 79, 82, 89, 86, 85, 84, 83, 80, 75, 75, 74, 71,
    72, 77, 76, 79, 83, 85, 81, 78, 76, 77, 73, 74, 73, 77, 80, 82, 83,
    86, 86, 83, 84, 81, 77, 80, 77, 77, 76, 77, 75, 75, 76, 74, 76, 73,
    76 ]
