%YAML:1.0
---
videoName: "headLookUp3.mp4"
gestureLabel: 205
fps: 29
pixelSizeInCmTemp: 3.7421874999999999e-01
faceCenterPointX: 254
faceCenterPointY: 68
headPositionsX: [ 252, 258, 256, 257, 254, 256, 255, 255, 257, 254, 256,
    254, 255, 257, 258, 256, 254, 256, 255, 255, 257, 254, 259, 258, 254,
    258, 256, 254, 255, 254, 259, 256, 259, 259, 256, 257, 256, 254, 255,
    257, 256, 256, 255, 256, 256, 255, 257, 255, 257, 254, 255, 255, 255,
    254, 254, 256, 253, 255, 253, 254, 253, 254, 254, 255, 256, 253, 255,
    255, 256, 253, 254, 254, 256, 258, 255, 258, 255, 257, 254, 256, 256,
    255, 255, 254, 254, 257, 256, 253, 258, 257, 258, 254, 256, 255, 253,
    257, 252, 258, 256, 257 ]
headPositionsY: [ 70, 83, 85, 84, 83, 80, 80, 80, 84, 80, 84, 81, 84, 80,
    81, 81, 80, 80, 84, 81, 82, 83, 81, 80, 81, 81, 82, 82, 81, 84, 80,
    80, 83, 81, 82, 81, 82, 79, 80, 77, 81, 75, 77, 73, 72, 71, 72, 69,
    69, 68, 68, 70, 69, 69, 67, 66, 70, 64, 69, 66, 66, 67, 69, 67, 68,
    69, 68, 66, 66, 68, 66, 66, 68, 68, 68, 65, 69, 67, 66, 66, 70, 68,
    70, 66, 65, 65, 70, 70, 68, 68, 66, 68, 68, 69, 68, 70, 69, 70, 67,
    65 ]
