%YAML:1.0
---
videoName: "headNod16.mp4"
gestureLabel: 202
fps: 29
pixelSizeInCmTemp: 3.3263888888888887e-01
faceCenterPointX: 255
faceCenterPointY: 77
headPositionsX: [ 257, 260, 261, 259, 261, 260, 257, 258, 259, 261, 262,
    258, 257, 260, 257, 260, 259, 259, 257, 259, 258, 256, 258, 258, 257,
    257, 258, 259, 258, 257, 257, 260, 261, 258, 258, 258, 257, 261, 262,
    260, 260, 258, 261, 259, 262, 260, 259, 259, 256, 255, 257, 257, 255,
    257, 260, 260, 258, 259, 259, 256, 256, 256, 257, 256, 255, 257, 253,
    254, 254, 257, 258, 257, 257, 256, 254, 252, 253, 255, 253, 253, 255,
    252, 254, 253, 258, 257, 256, 257, 255, 256, 256, 256, 256, 256, 253,
    255, 256, 256, 257, 256 ]
headPositionsY: [ 76, 76, 75, 75, 74, 73, 77, 76, 75, 76, 77, 76, 73, 73,
    77, 74, 77, 73, 74, 76, 76, 75, 77, 76, 77, 76, 76, 76, 72, 77, 75,
    74, 75, 76, 73, 75, 70, 71, 67, 67, 67, 70, 72, 73, 76, 80, 81, 83,
    79, 81, 75, 76, 68, 68, 69, 70, 74, 74, 78, 78, 81, 84, 83, 80, 79,
    74, 72, 68, 68, 71, 72, 75, 76, 79, 78, 81, 81, 78, 74, 73, 70, 67,
    67, 68, 74, 74, 75, 77, 78, 76, 77, 78, 78, 78, 73, 77, 79, 74, 75,
    76 ]
