%YAML:1.0
---
videoName: "headNod7.mp4"
gestureLabel: 202
fps: 29
pixelSizeInCmTemp: 3.2808219178082193e-01
faceCenterPointX: 261
faceCenterPointY: 71
headPositionsX: [ 261, 268, 265, 265, 268, 264, 267, 266, 266, 261, 262,
    264, 263, 265, 261, 262, 263, 264, 262, 260, 262, 260, 263, 261, 260,
    262, 261, 260, 265, 261, 261, 261, 259, 263, 264, 263, 260, 263, 261,
    262, 261, 264, 263, 264, 260, 261, 260, 263, 263, 260, 260, 262, 263,
    263, 264, 263, 259, 263, 260, 261, 262, 263, 263, 263, 264, 260, 262,
    260, 261, 259, 259, 262, 259, 263, 258, 260, 260, 263, 263, 260, 260,
    261, 261, 259, 265, 264, 263, 263, 263, 262, 261, 261, 261, 261, 263,
    260, 261, 263, 262, 263 ]
headPositionsY: [ 73, 74, 74, 74, 77, 73, 73, 72, 75, 73, 73, 70, 74, 76,
    72, 73, 72, 74, 74, 73, 74, 73, 74, 77, 74, 75, 74, 78, 75, 77, 77,
    77, 75, 73, 72, 74, 76, 73, 75, 73, 77, 77, 75, 76, 78, 78, 74, 78,
    73, 73, 72, 70, 69, 70, 72, 72, 77, 80, 80, 76, 77, 72, 72, 70, 71,
    74, 72, 78, 77, 77, 76, 77, 74, 70, 71, 72, 71, 69, 72, 74, 75, 79,
    78, 75, 79, 79, 74, 73, 72, 72, 73, 71, 72, 69, 73, 69, 71, 72, 70,
    73 ]
