%YAML:1.0
---
videoName: "headLookUp2.mp4"
gestureLabel: 205
fps: 29
pixelSizeInCmTemp: 3.7421874999999999e-01
faceCenterPointX: 254
faceCenterPointY: 67
headPositionsX: [ 252, 254, 254, 257, 254, 256, 257, 257, 258, 256, 254,
    253, 257, 257, 253, 253, 255, 257, 255, 257, 255, 252, 257, 256, 253,
    256, 253, 254, 255, 254, 256, 256, 255, 255, 255, 255, 253, 254, 254,
    253, 256, 256, 253, 256, 253, 255, 255, 253, 254, 256, 255, 254, 254,
    256, 255, 255, 255, 253, 256, 253, 251, 256, 253, 254, 252, 251, 255,
    254, 252, 253, 254, 254, 251, 256, 252, 252, 251, 253, 254, 254, 253,
    252, 257, 251, 255, 251, 253, 257, 253, 252, 253, 255, 255, 257, 253,
    253, 254, 256, 256, 253 ]
headPositionsY: [ 65, 80, 80, 79, 80, 82, 82, 82, 81, 81, 80, 81, 80, 81,
    79, 82, 80, 83, 82, 83, 82, 80, 79, 81, 81, 80, 82, 79, 81, 83, 83,
    79, 80, 81, 83, 79, 81, 79, 80, 78, 81, 80, 75, 75, 78, 73, 74, 71,
    70, 70, 68, 66, 70, 68, 70, 68, 64, 71, 69, 67, 67, 66, 69, 66, 66,
    70, 66, 67, 71, 68, 68, 66, 67, 68, 69, 67, 67, 68, 66, 67, 65, 67,
    70, 67, 67, 67, 66, 68, 69, 70, 71, 67, 68, 67, 67, 64, 65, 69, 68,
    65 ]
