%YAML:1.0
---
videoName: "headNod15.mp4"
gestureLabel: 202
fps: 29
pixelSizeInCmTemp: 3.1933333333333330e-01
faceCenterPointX: 255
faceCenterPointY: 74
headPositionsX: [ 257, 255, 260, 254, 257, 259, 258, 257, 258, 258, 257,
    259, 254, 257, 258, 255, 255, 254, 257, 257, 255, 256, 254, 257, 255,
    253, 256, 256, 255, 253, 256, 257, 255, 252, 257, 257, 254, 255, 256,
    257, 258, 255, 257, 255, 253, 256, 256, 256, 255, 254, 254, 254, 256,
    253, 253, 252, 253, 252, 256, 255, 255, 256, 255, 255, 254, 254, 256,
    254, 255, 255, 254, 255, 257, 255, 256, 254, 254, 251, 251, 252, 254,
    253, 256, 253, 256, 255, 256, 254, 255, 254, 255, 255, 252, 256, 252,
    254, 256, 255, 252, 255 ]
headPositionsY: [ 74, 75, 75, 74, 72, 76, 73, 75, 75, 73, 71, 73, 74, 75,
    75, 76, 73, 75, 75, 72, 74, 72, 74, 75, 72, 72, 71, 73, 74, 71, 73,
    75, 72, 74, 75, 73, 76, 76, 80, 79, 83, 82, 78, 76, 76, 71, 71, 68,
    69, 75, 77, 79, 83, 81, 79, 79, 74, 70, 71, 70, 72, 73, 76, 79, 80,
    85, 83, 83, 78, 77, 74, 72, 71, 69, 72, 75, 74, 76, 79, 74, 73, 69,
    69, 72, 72, 71, 73, 71, 75, 74, 74, 75, 75, 71, 73, 72, 73, 70, 75,
    71 ]
