%YAML:1.0
---
videoName: "headNod7.mp4"
gestureLabel: 202
fps: 29
pixelSizeInCmTemp: 3.2808219178082193e-01
faceCenterPointX: 261
faceCenterPointY: 71
headPositionsX: [ 260, 265, 266, 264, 266, 264, 267, 266, 267, 262, 265,
    264, 264, 262, 263, 263, 262, 263, 264, 261, 260, 260, 263, 261, 260,
    263, 263, 261, 264, 261, 261, 262, 259, 262, 263, 259, 263, 263, 261,
    259, 260, 260, 259, 261, 261, 261, 260, 260, 259, 263, 260, 262, 264,
    264, 263, 261, 261, 260, 261, 262, 262, 261, 264, 259, 261, 261, 263,
    263, 262, 261, 262, 262, 263, 259, 259, 263, 262, 259, 261, 262, 264,
    263, 262, 259, 263, 261, 260, 262, 262, 260, 260, 261, 260, 262, 260,
    259, 260, 259, 260, 261 ]
headPositionsY: [ 69, 73, 73, 73, 77, 72, 76, 74, 76, 74, 76, 72, 73, 76,
    71, 76, 72, 74, 77, 75, 76, 74, 76, 76, 73, 78, 73, 74, 76, 75, 76,
    75, 75, 76, 75, 73, 73, 77, 74, 77, 75, 76, 77, 74, 77, 77, 74, 76,
    71, 73, 72, 71, 70, 68, 75, 76, 76, 78, 82, 77, 74, 71, 71, 70, 72,
    75, 74, 75, 78, 78, 76, 77, 72, 71, 71, 68, 72, 69, 70, 73, 77, 79,
    78, 79, 81, 75, 77, 75, 73, 74, 69, 72, 69, 72, 70, 70, 71, 73, 74,
    69 ]
