%YAML:1.0
---
videoName: "headNod45.mp4"
gestureLabel: 202
fps: 30
pixelSizeInCmTemp: 3.0316455696202532e-01
faceCenterPointX: 265
faceCenterPointY: 77
headPositionsX: [ 264, 270, 265, 268, 266, 268, 266, 267, 266, 267, 268,
    266, 268, 269, 267, 266, 266, 265, 270, 266, 268, 266, 267, 267, 267,
    268, 267, 266, 268, 265, 268, 266, 264, 265, 264, 265, 264, 264, 268,
    264, 268, 266, 266, 265, 264, 267, 264, 263, 265, 265, 268, 265, 265,
    270, 266, 268, 268, 268, 265, 264, 269, 268, 265, 267, 266, 265, 264,
    268, 265, 265, 266, 269, 265, 267, 267, 265, 266, 269, 264, 267, 265,
    266, 268, 265, 264, 266, 267, 264, 266, 264, 266, 267, 268, 264, 268,
    265, 267, 263, 268, 267 ]
headPositionsY: [ 78, 73, 77, 78, 75, 76, 74, 76, 76, 74, 76, 76, 77, 77,
    76, 77, 76, 77, 81, 82, 83, 86, 93, 94, 92, 90, 88, 88, 81, 76, 72,
    73, 67, 64, 64, 67, 65, 71, 75, 77, 83, 89, 90, 89, 90, 88, 88, 83,
    82, 80, 75, 75, 74, 74, 72, 75, 77, 79, 83, 87, 86, 85, 81, 76, 75,
    75, 71, 74, 76, 73, 76, 80, 83, 88, 87, 88, 85, 85, 83, 78, 77, 78,
    75, 78, 78, 80, 79, 79, 81, 79, 80, 78, 77, 79, 78, 78, 78, 79, 76,
    76 ]
