%YAML:1.0
---
videoName: "headNod43.mp4"
gestureLabel: 202
fps: 29
pixelSizeInCmTemp: 2.8855421686746985e-01
faceCenterPointX: 268
faceCenterPointY: 74
headPositionsX: [ 270, 272, 271, 270, 270, 269, 268, 268, 271, 271, 267,
    269, 267, 267, 269, 269, 266, 268, 268, 268, 270, 268, 266, 268, 268,
    269, 268, 266, 267, 264, 267, 264, 264, 265, 264, 265, 267, 264, 267,
    265, 266, 263, 264, 266, 265, 264, 266, 269, 265, 263, 264, 263, 262,
    264, 265, 265, 266, 263, 265, 266, 267, 264, 263, 265, 263, 262, 266,
    265, 266, 266, 265, 270, 266, 268, 265, 268, 268, 266, 267, 269, 271,
    271, 269, 266, 267, 270, 270, 266, 269, 268, 270, 270, 266, 266, 267,
    267, 270, 268, 271, 266 ]
headPositionsY: [ 72, 78, 76, 74, 78, 74, 77, 73, 74, 75, 77, 76, 74, 72,
    76, 74, 73, 73, 73, 75, 75, 77, 75, 78, 75, 80, 82, 81, 89, 89, 91,
    86, 88, 81, 78, 78, 77, 79, 81, 85, 89, 92, 90, 87, 86, 81, 78, 84,
    80, 86, 89, 92, 90, 92, 89, 87, 83, 82, 84, 87, 86, 89, 90, 89, 92,
    84, 86, 79, 80, 79, 80, 80, 84, 86, 90, 92, 91, 90, 83, 82, 76, 74,
    75, 72, 71, 71, 71, 75, 76, 72, 71, 74, 76, 76, 74, 72, 72, 75, 73,
    75 ]
