%YAML:1.0
---
videoName: "headShake9.mp4"
gestureLabel: 201
fps: 30
pixelSizeInCmTemp: 3.2808219178082193e-01
faceCenterPointX: 243
faceCenterPointY: 73
headPositionsX: [ 242, 245, 244, 243, 242, 241, 244, 243, 243, 243, 241,
    244, 241, 243, 243, 243, 241, 241, 243, 244, 244, 245, 244, 243, 245,
    245, 243, 243, 245, 244, 241, 242, 244, 241, 242, 245, 240, 245, 242,
    243, 247, 250, 251, 257, 263, 263, 263, 267, 261, 258, 252, 250, 243,
    238, 232, 232, 230, 229, 233, 234, 242, 245, 254, 259, 259, 261, 264,
    258, 255, 251, 246, 240, 232, 229, 229, 228, 228, 234, 239, 240, 247,
    249, 248, 249, 252, 252, 249, 248, 247, 248, 244, 247, 245, 246, 244,
    243, 244, 242, 242, 244 ]
headPositionsY: [ 73, 72, 74, 72, 73, 73, 70, 73, 71, 74, 72, 74, 74, 70,
    73, 74, 70, 73, 70, 72, 70, 72, 74, 71, 73, 75, 71, 72, 72, 75, 71,
    71, 74, 74, 73, 71, 73, 74, 74, 72, 70, 70, 72, 72, 71, 69, 70, 71,
    73, 73, 73, 74, 74, 71, 72, 71, 74, 73, 74, 75, 74, 72, 73, 71, 68,
    69, 69, 71, 70, 73, 74, 73, 73, 74, 75, 72, 72, 73, 72, 74, 74, 75,
    71, 72, 73, 73, 74, 73, 72, 73, 72, 74, 76, 74, 74, 75, 72, 74, 72,
    74 ]
