%YAML:1.0
---
videoName: "headNod18.mp4"
gestureLabel: 202
fps: 29
pixelSizeInCmTemp: 3.3263888888888887e-01
faceCenterPointX: 255
faceCenterPointY: 77
headPositionsX: [ 256, 258, 256, 258, 259, 258, 259, 257, 259, 257, 254,
    258, 254, 256, 255, 253, 254, 253, 256, 253, 257, 253, 252, 257, 255,
    253, 258, 254, 258, 255, 258, 255, 254, 255, 253, 257, 253, 256, 255,
    254, 254, 255, 257, 256, 254, 256, 254, 257, 254, 257, 254, 256, 255,
    253, 253, 253, 253, 253, 253, 256, 255, 256, 257, 251, 255, 255, 254,
    252, 252, 255, 252, 252, 254, 254, 252, 253, 253, 253, 255, 255, 254,
    257, 254, 256, 252, 255, 253, 254, 253, 256, 254, 254, 256, 256, 253,
    256, 256, 256, 255, 256 ]
headPositionsY: [ 79, 80, 78, 76, 77, 78, 75, 76, 76, 77, 75, 77, 76, 77,
    77, 76, 76, 77, 76, 80, 76, 80, 75, 77, 80, 78, 78, 78, 79, 77, 80,
    76, 78, 77, 76, 76, 79, 78, 78, 79, 74, 73, 73, 73, 71, 73, 72, 72,
    77, 76, 76, 78, 78, 81, 81, 80, 78, 76, 73, 74, 73, 76, 77, 80, 83,
    81, 80, 79, 75, 73, 73, 75, 77, 79, 84, 81, 84, 82, 75, 76, 77, 77,
    73, 77, 77, 84, 81, 83, 81, 82, 78, 78, 77, 77, 76, 78, 81, 79, 78,
    76 ]
