%YAML:1.0
---
videoName: "headNod5.mp4"
gestureLabel: 202
fps: 29
pixelSizeInCmTemp: 3.1513157894736843e-01
faceCenterPointX: 263
faceCenterPointY: 75
headPositionsX: [ 261, 264, 264, 263, 263, 261, 261, 265, 264, 260, 260,
    263, 263, 261, 261, 261, 264, 264, 265, 262, 265, 268, 263, 264, 265,
    263, 266, 267, 268, 263, 264, 265, 266, 266, 268, 269, 268, 267, 266,
    266, 265, 267, 265, 266, 267, 264, 266, 266, 266, 265, 266, 268, 267,
    262, 263, 263, 262, 265, 266, 264, 265, 263, 266, 266, 262, 267, 263,
    265, 266, 265, 265, 264, 267, 266, 264, 265, 262, 264, 266, 263, 264,
    264, 262, 262, 266, 264, 261, 262, 265, 263, 264, 263, 262, 259, 261,
    263, 261, 261, 261, 265 ]
headPositionsY: [ 77, 72, 73, 72, 74, 72, 75, 75, 75, 76, 74, 76, 72, 74,
    73, 74, 77, 77, 75, 76, 74, 76, 77, 78, 75, 75, 76, 77, 78, 74, 78,
    78, 78, 75, 79, 77, 78, 76, 76, 75, 75, 75, 78, 79, 75, 78, 76, 78,
    76, 77, 78, 79, 82, 84, 82, 81, 82, 78, 77, 75, 75, 77, 80, 84, 88,
    88, 84, 80, 79, 73, 73, 77, 75, 82, 84, 85, 87, 83, 83, 80, 74, 75,
    75, 73, 75, 77, 78, 83, 80, 80, 81, 79, 76, 75, 73, 73, 76, 75, 73,
    73 ]
