%YAML:1.0
---
videoName: "headNod42.mp4"
gestureLabel: 202
fps: 30
pixelSizeInCmTemp: 3.0316455696202532e-01
faceCenterPointX: 265
faceCenterPointY: 77
headPositionsX: [ 264, 267, 266, 269, 271, 267, 268, 268, 267, 269, 268,
    266, 269, 266, 266, 271, 271, 269, 270, 268, 270, 271, 270, 266, 270,
    268, 264, 266, 266, 266, 267, 266, 265, 265, 268, 267, 266, 264, 266,
    267, 267, 266, 264, 265, 265, 266, 263, 263, 263, 263, 265, 265, 265,
    265, 266, 265, 267, 266, 263, 264, 267, 264, 262, 264, 267, 266, 267,
    264, 265, 265, 266, 265, 267, 267, 264, 265, 264, 268, 267, 264, 264,
    267, 267, 268, 266, 265, 266, 267, 266, 264, 266, 264, 266, 265, 263,
    265, 268, 265, 266, 265 ]
headPositionsY: [ 78, 76, 77, 76, 78, 75, 76, 78, 77, 77, 79, 76, 76, 76,
    78, 70, 68, 66, 64, 65, 69, 69, 67, 75, 77, 86, 88, 91, 89, 88, 89,
    85, 77, 77, 77, 69, 67, 68, 70, 70, 75, 76, 79, 83, 85, 84, 81, 76,
    75, 74, 73, 69, 69, 73, 74, 77, 82, 84, 83, 86, 82, 81, 79, 79, 76,
    72, 76, 77, 72, 75, 73, 78, 80, 80, 79, 80, 78, 78, 74, 71, 72, 75,
    76, 77, 78, 80, 81, 84, 83, 79, 79, 80, 80, 80, 76, 76, 78, 75, 77,
    80 ]
