%YAML:1.0
---
videoName: "headLookDown8.mp4"
gestureLabel: 206
fps: 29
pixelSizeInCmTemp: 3.3732394366197183e-01
faceCenterPointX: 276
faceCenterPointY: 96
headPositionsX: [ 274, 273, 272, 275, 275, 275, 273, 272, 277, 277, 275,
    275, 275, 274, 274, 275, 276, 276, 274, 276, 274, 276, 274, 276, 276,
    273, 276, 276, 276, 276, 275, 273, 276, 275, 272, 273, 272, 271, 276,
    273, 273, 276, 276, 275, 277, 274, 278, 273, 277, 278, 279, 277, 276,
    274, 278, 278, 278, 276, 276, 276, 277, 278, 278, 273, 275, 278, 274,
    275, 275, 277, 277, 274, 275, 278, 274, 278, 276, 278, 276, 275, 275,
    276, 275, 278, 274, 276, 275, 278, 274, 279, 275, 274, 277, 275, 274,
    278, 277, 275, 275, 278 ]
headPositionsY: [ 95, 78, 78, 78, 81, 79, 82, 78, 78, 78, 79, 81, 79, 77,
    79, 81, 80, 79, 77, 79, 78, 78, 81, 78, 82, 82, 80, 80, 81, 82, 78,
    78, 82, 84, 81, 85, 85, 86, 84, 86, 85, 91, 90, 88, 93, 91, 91, 91,
    92, 95, 97, 99, 96, 98, 98, 96, 95, 96, 97, 99, 96, 97, 97, 100, 99,
    100, 96, 100, 97, 97, 99, 96, 95, 97, 97, 95, 95, 96, 98, 98, 96, 96,
    97, 94, 95, 98, 97, 98, 98, 95, 95, 94, 96, 97, 97, 97, 94, 99, 96,
    97 ]
