%YAML:1.0
---
videoName: "headShake27.mp4"
gestureLabel: 201
fps: 29
pixelSizeInCmTemp: 3.3263888888888887e-01
faceCenterPointX: 244
faceCenterPointY: 78
headPositionsX: [ 246, 244, 244, 250, 250, 250, 256, 253, 256, 255, 257,
    258, 256, 253, 251, 252, 250, 244, 246, 240, 239, 238, 239, 234, 232,
    236, 231, 234, 229, 231, 233, 236, 232, 233, 236, 241, 238, 242, 247,
    249, 248, 250, 248, 251, 249, 249, 248, 248, 250, 246, 247, 245, 240,
    240, 237, 235, 234, 234, 236, 234, 234, 233, 233, 232, 236, 236, 236,
    239, 239, 239, 240, 244, 247, 244, 249, 245, 249, 248, 250, 246, 246,
    245, 246, 244, 246, 245, 243, 247, 243, 245, 245, 246, 246, 245, 246,
    243, 244, 244, 247, 242 ]
headPositionsY: [ 79, 76, 78, 76, 77, 78, 78, 78, 76, 74, 78, 77, 78, 78,
    81, 77, 81, 79, 79, 79, 78, 77, 76, 80, 77, 78, 76, 79, 77, 78, 78,
    81, 79, 78, 78, 77, 80, 78, 78, 78, 81, 78, 81, 79, 79, 77, 82, 77,
    78, 80, 78, 80, 79, 79, 79, 81, 79, 76, 80, 77, 77, 78, 78, 79, 79,
    78, 81, 80, 79, 77, 79, 78, 79, 77, 79, 80, 77, 82, 80, 78, 80, 80,
    81, 80, 80, 77, 78, 80, 78, 79, 80, 78, 79, 79, 81, 81, 78, 81, 81,
    80 ]
