%YAML:1.0
---
videoName: "headShake37.mp4"
gestureLabel: 201
fps: 30
pixelSizeInCmTemp: 3.1933333333333330e-01
faceCenterPointX: 263
faceCenterPointY: 83
headPositionsX: [ 264, 261, 260, 263, 262, 264, 261, 265, 261, 261, 265,
    263, 263, 260, 261, 264, 263, 261, 260, 261, 262, 262, 262, 263, 264,
    260, 261, 264, 260, 263, 260, 261, 259, 260, 263, 265, 264, 261, 264,
    261, 263, 263, 262, 261, 258, 260, 262, 265, 268, 271, 272, 275, 278,
    279, 283, 278, 271, 267, 259, 254, 255, 255, 257, 257, 260, 270, 271,
    271, 274, 272, 270, 263, 260, 259, 255, 254, 254, 252, 257, 256, 259,
    263, 261, 267, 267, 264, 267, 267, 267, 268, 266, 263, 265, 264, 261,
    265, 264, 262, 265, 262 ]
headPositionsY: [ 85, 83, 83, 83, 83, 81, 81, 83, 84, 83, 83, 85, 83, 85,
    84, 84, 81, 84, 81, 83, 85, 81, 84, 83, 84, 84, 82, 82, 83, 83, 81,
    85, 81, 83, 82, 81, 83, 81, 81, 83, 85, 83, 82, 82, 84, 81, 85, 81,
    82, 80, 84, 80, 81, 78, 81, 80, 82, 83, 82, 81, 79, 80, 82, 81, 82,
    83, 83, 80, 80, 81, 84, 83, 85, 84, 84, 82, 84, 80, 84, 84, 83, 83,
    81, 82, 84, 85, 84, 83, 80, 82, 86, 81, 85, 83, 84, 82, 83, 82, 83,
    82 ]
