%YAML:1.0
---
videoName: "headShake44.mp4"
gestureLabel: 201
fps: 30
pixelSizeInCmTemp: 3.2808219178082193e-01
faceCenterPointX: 260
faceCenterPointY: 84
headPositionsX: [ 261, 262, 261, 260, 261, 263, 260, 263, 262, 259, 263,
    259, 261, 261, 259, 259, 262, 260, 261, 262, 260, 259, 259, 263, 261,
    259, 260, 263, 263, 261, 260, 261, 261, 262, 262, 260, 259, 260, 263,
    262, 266, 269, 271, 274, 275, 274, 272, 269, 262, 255, 254, 250, 248,
    254, 256, 260, 266, 269, 273, 271, 266, 263, 257, 254, 255, 254, 258,
    266, 269, 270, 271, 270, 268, 260, 259, 253, 253, 251, 254, 255, 259,
    257, 260, 262, 263, 263, 260, 262, 262, 263, 259, 261, 260, 262, 259,
    263, 259, 263, 260, 260 ]
headPositionsY: [ 84, 81, 80, 81, 82, 81, 83, 82, 83, 81, 83, 82, 84, 82,
    85, 83, 81, 80, 82, 82, 81, 83, 84, 80, 81, 84, 84, 83, 85, 84, 81,
    84, 82, 85, 84, 80, 83, 83, 85, 82, 84, 81, 83, 80, 82, 84, 80, 85,
    85, 82, 85, 84, 86, 84, 86, 86, 82, 83, 82, 83, 86, 85, 83, 86, 83,
    84, 83, 82, 83, 84, 81, 83, 82, 82, 82, 81, 83, 83, 84, 82, 86, 85,
    82, 84, 85, 85, 83, 86, 84, 82, 86, 86, 85, 84, 86, 87, 86, 88, 83,
    87 ]
