%YAML:1.0
---
videoName: "headNod14.mp4"
gestureLabel: 202
fps: 29
pixelSizeInCmTemp: 3.2808219178082193e-01
faceCenterPointX: 257
faceCenterPointY: 71
headPositionsX: [ 256, 256, 258, 260, 260, 256, 258, 260, 255, 257, 257,
    259, 257, 258, 257, 256, 260, 261, 258, 258, 257, 260, 256, 261, 257,
    258, 257, 258, 257, 261, 257, 257, 257, 261, 259, 260, 258, 258, 256,
    259, 258, 258, 262, 260, 258, 257, 262, 261, 257, 258, 259, 258, 257,
    259, 258, 257, 258, 257, 257, 256, 258, 260, 258, 260, 261, 259, 258,
    257, 257, 257, 260, 257, 258, 255, 258, 258, 259, 258, 256, 259, 260,
    256, 256, 257, 259, 255, 256, 254, 257, 256, 257, 255, 256, 258, 258,
    256, 256, 258, 258, 256 ]
headPositionsY: [ 70, 77, 74, 76, 76, 77, 76, 77, 78, 75, 77, 80, 80, 75,
    75, 76, 74, 76, 77, 79, 79, 79, 78, 77, 77, 79, 79, 79, 76, 79, 80,
    75, 76, 76, 78, 76, 76, 77, 76, 75, 76, 73, 71, 69, 68, 66, 69, 69,
    71, 71, 75, 77, 82, 78, 81, 82, 78, 80, 76, 73, 75, 72, 68, 69, 73,
    71, 73, 74, 76, 82, 79, 82, 78, 79, 73, 73, 69, 67, 70, 68, 72, 72,
    76, 78, 82, 80, 82, 77, 76, 73, 73, 69, 71, 67, 70, 70, 69, 70, 73,
    73 ]
