%YAML:1.0
---
videoName: "headShake6.mp4"
gestureLabel: 201
fps: 29
pixelSizeInCmTemp: 3.2808219178082193e-01
faceCenterPointX: 244
faceCenterPointY: 68
headPositionsX: [ 242, 246, 243, 246, 244, 244, 244, 246, 244, 244, 246,
    245, 246, 246, 247, 246, 243, 244, 245, 244, 244, 243, 247, 246, 244,
    245, 246, 248, 248, 252, 258, 258, 263, 262, 261, 261, 258, 254, 249,
    241, 234, 230, 228, 231, 232, 241, 241, 249, 256, 259, 257, 258, 258,
    252, 247, 243, 239, 232, 230, 233, 232, 232, 237, 241, 247, 249, 251,
    251, 249, 251, 247, 241, 241, 240, 238, 239, 238, 237, 240, 238, 240,
    240, 241, 241, 242, 243, 244, 243, 245, 244, 245, 244, 243, 242, 242,
    243, 244, 242, 245, 246 ]
headPositionsY: [ 69, 68, 66, 69, 67, 68, 68, 68, 69, 65, 67, 66, 63, 64,
    65, 67, 67, 65, 66, 66, 67, 67, 67, 67, 68, 68, 65, 65, 65, 68, 66,
    63, 65, 66, 68, 67, 68, 69, 69, 69, 71, 67, 69, 65, 68, 66, 70, 70,
    68, 66, 68, 67, 69, 69, 66, 68, 69, 66, 70, 67, 68, 65, 69, 70, 67,
    69, 67, 69, 68, 69, 70, 68, 69, 70, 65, 69, 69, 69, 69, 67, 69, 66,
    69, 69, 70, 66, 70, 66, 66, 71, 70, 70, 69, 69, 68, 67, 70, 67, 66,
    68 ]
