%YAML:1.0
---
videoName: "headLookDown3.mp4"
gestureLabel: 206
fps: 29
pixelSizeInCmTemp: 3.5746268656716418e-01
faceCenterPointX: 273
faceCenterPointY: 98
headPositionsX: [ 271, 271, 272, 274, 272, 270, 274, 274, 274, 272, 272,
    273, 272, 273, 271, 271, 271, 272, 274, 271, 271, 271, 270, 274, 274,
    272, 272, 271, 271, 272, 272, 272, 273, 274, 272, 273, 272, 270, 270,
    274, 270, 270, 270, 270, 272, 275, 271, 272, 273, 271, 273, 274, 272,
    272, 274, 275, 272, 272, 272, 273, 269, 270, 270, 268, 274, 273, 271,
    272, 272, 269, 272, 274, 270, 270, 269, 272, 273, 274, 273, 274, 272,
    271, 272, 271, 273, 270, 273, 269, 272, 271, 271, 272, 275, 271, 274,
    272, 276, 271, 275, 274 ]
headPositionsY: [ 99, 78, 80, 76, 77, 77, 79, 77, 78, 80, 79, 77, 76, 80,
    76, 77, 78, 77, 77, 79, 77, 79, 76, 80, 77, 80, 77, 78, 78, 78, 77,
    81, 80, 81, 78, 81, 82, 78, 79, 83, 84, 85, 86, 82, 84, 86, 85, 90,
    88, 88, 92, 92, 91, 91, 94, 92, 94, 96, 95, 99, 101, 98, 100, 100,
    102, 103, 99, 99, 99, 101, 101, 100, 102, 103, 103, 100, 103, 100,
    103, 102, 103, 102, 103, 102, 102, 102, 101, 99, 100, 99, 102, 103,
    101, 100, 104, 100, 101, 100, 98, 99 ]
