%YAML:1.0
---
videoName: "headNod2.mp4"
gestureLabel: 202
fps: 29
pixelSizeInCmTemp: 3.2364864864864862e-01
faceCenterPointX: 263
faceCenterPointY: 70
headPositionsX: [ 261, 263, 260, 261, 262, 264, 264, 263, 264, 265, 263,
    262, 265, 265, 264, 262, 264, 264, 264, 262, 262, 263, 264, 262, 262,
    264, 265, 262, 264, 261, 264, 264, 260, 260, 261, 263, 260, 261, 262,
    263, 260, 263, 260, 261, 261, 263, 260, 264, 264, 264, 262, 263, 264,
    264, 261, 261, 261, 261, 262, 262, 261, 263, 262, 262, 262, 261, 262,
    261, 265, 262, 260, 261, 265, 265, 262, 265, 262, 261, 263, 263, 262,
    264, 262, 266, 264, 264, 263, 262, 265, 265, 263, 262, 262, 263, 262,
    262, 261, 265, 266, 263 ]
headPositionsY: [ 69, 74, 76, 78, 77, 73, 74, 77, 77, 75, 73, 74, 76, 73,
    75, 75, 73, 73, 77, 75, 73, 73, 76, 74, 75, 75, 76, 73, 74, 74, 73,
    75, 76, 75, 75, 74, 74, 75, 76, 73, 75, 74, 74, 74, 75, 72, 75, 76,
    75, 71, 69, 70, 69, 73, 77, 77, 80, 79, 74, 70, 71, 73, 71, 74, 77,
    77, 75, 69, 70, 70, 71, 72, 72, 78, 73, 75, 72, 72, 71, 72, 74, 76,
    75, 76, 76, 74, 71, 69, 71, 71, 70, 69, 72, 72, 71, 73, 69, 72, 69,
    69 ]
