%YAML:1.0
---
videoName: "headShake31.mp4"
gestureLabel: 201
fps: 29
pixelSizeInCmTemp: 3.2808219178082193e-01
faceCenterPointX: 236
faceCenterPointY: 68
headPositionsX: [ 237, 238, 237, 235, 236, 236, 237, 237, 239, 235, 239,
    237, 235, 237, 238, 237, 236, 238, 236, 236, 238, 235, 238, 238, 236,
    238, 236, 237, 237, 235, 238, 239, 239, 235, 236, 235, 237, 239, 240,
    245, 250, 250, 251, 252, 251, 250, 246, 237, 234, 227, 222, 224, 220,
    222, 226, 235, 238, 245, 247, 248, 248, 243, 239, 237, 234, 231, 227,
    227, 231, 230, 234, 236, 239, 238, 242, 241, 242, 244, 240, 239, 237,
    238, 233, 235, 232, 236, 232, 233, 234, 236, 236, 237, 235, 237, 236,
    238, 237, 237, 237, 237 ]
headPositionsY: [ 69, 64, 65, 68, 69, 68, 65, 68, 68, 68, 65, 66, 66, 65,
    65, 67, 66, 70, 67, 68, 68, 70, 68, 68, 68, 66, 69, 65, 68, 68, 69,
    65, 68, 68, 70, 68, 65, 67, 67, 68, 66, 65, 67, 64, 66, 69, 70, 67,
    68, 69, 68, 67, 66, 68, 68, 68, 68, 70, 70, 68, 69, 69, 69, 70, 69,
    67, 69, 67, 70, 71, 68, 71, 69, 68, 68, 66, 69, 70, 67, 67, 67, 67,
    68, 67, 69, 71, 70, 68, 70, 71, 68, 69, 68, 67, 67, 71, 70, 69, 71,
    71 ]
