%YAML:1.0
---
videoName: "headShake10.mp4"
gestureLabel: 201
fps: 29
pixelSizeInCmTemp: 3.3732394366197183e-01
faceCenterPointX: 240
faceCenterPointY: 74
headPositionsX: [ 240, 246, 247, 245, 245, 244, 247, 245, 245, 247, 248,
    244, 244, 246, 246, 248, 247, 244, 244, 245, 247, 247, 244, 248, 248,
    245, 245, 245, 244, 248, 245, 245, 245, 246, 247, 247, 244, 243, 246,
    247, 247, 247, 246, 246, 245, 243, 244, 247, 243, 246, 244, 248, 249,
    252, 255, 258, 262, 259, 258, 258, 257, 251, 246, 245, 239, 236, 233,
    232, 231, 232, 237, 241, 245, 247, 254, 255, 257, 257, 257, 255, 250,
    248, 244, 246, 241, 243, 239, 242, 239, 241, 241, 241, 242, 240, 241,
    240, 241, 240, 243, 244 ]
headPositionsY: [ 72, 72, 74, 75, 72, 72, 71, 74, 74, 74, 73, 76, 71, 75,
    71, 71, 74, 75, 75, 71, 73, 75, 74, 71, 75, 71, 74, 75, 71, 73, 73,
    75, 73, 71, 75, 74, 72, 70, 76, 72, 72, 74, 74, 75, 71, 73, 74, 73,
    74, 73, 73, 74, 74, 71, 70, 69, 73, 72, 69, 70, 73, 74, 77, 74, 75,
    75, 73, 72, 71, 72, 73, 75, 75, 74, 73, 75, 74, 75, 72, 74, 75, 73,
    76, 73, 74, 74, 75, 74, 76, 78, 73, 77, 75, 74, 73, 74, 75, 77, 73,
    76 ]
