%YAML:1.0
---
videoName: "headShake28.mp4"
gestureLabel: 201
fps: 29
pixelSizeInCmTemp: 3.2808219178082193e-01
faceCenterPointX: 242
faceCenterPointY: 80
headPositionsX: [ 242, 242, 240, 243, 243, 243, 240, 239, 241, 241, 241,
    239, 240, 241, 241, 241, 241, 241, 243, 241, 242, 240, 243, 244, 243,
    243, 241, 242, 243, 244, 242, 241, 243, 240, 240, 243, 244, 243, 243,
    241, 243, 244, 244, 243, 246, 245, 242, 247, 246, 244, 239, 233, 232,
    228, 229, 235, 240, 245, 247, 250, 253, 258, 252, 249, 245, 240, 235,
    235, 232, 237, 236, 242, 250, 249, 252, 257, 252, 251, 248, 244, 244,
    241, 238, 237, 235, 239, 237, 241, 241, 239, 241, 241, 243, 241, 241,
    242, 244, 240, 241, 243 ]
headPositionsY: [ 82, 76, 76, 76, 77, 76, 78, 76, 77, 80, 79, 79, 76, 81,
    80, 79, 81, 77, 78, 79, 77, 76, 79, 79, 78, 80, 77, 79, 79, 79, 80,
    80, 80, 75, 76, 77, 77, 80, 76, 77, 79, 76, 79, 78, 75, 80, 78, 79,
    79, 76, 75, 77, 76, 78, 76, 76, 79, 76, 78, 76, 78, 76, 79, 80, 79,
    82, 77, 78, 78, 77, 79, 81, 78, 80, 78, 75, 75, 81, 79, 78, 80, 77,
    80, 82, 80, 79, 78, 81, 78, 81, 81, 80, 79, 81, 80, 79, 78, 79, 81,
    79 ]
