%YAML:1.0
---
videoName: "headNod26.mp4"
gestureLabel: 202
fps: 29
pixelSizeInCmTemp: 3.1513157894736843e-01
faceCenterPointX: 271
faceCenterPointY: 78
headPositionsX: [ 270, 272, 271, 269, 272, 274, 273, 272, 271, 272, 273,
    273, 274, 271, 272, 274, 275, 272, 275, 270, 270, 274, 271, 271, 271,
    273, 273, 270, 273, 270, 274, 269, 274, 271, 271, 270, 271, 272, 270,
    272, 269, 271, 273, 274, 270, 274, 273, 270, 272, 270, 272, 271, 272,
    271, 269, 272, 274, 270, 274, 272, 272, 273, 272, 273, 272, 273, 270,
    274, 271, 270, 271, 273, 269, 269, 270, 271, 271, 268, 271, 271, 272,
    269, 273, 270, 269, 271, 269, 269, 271, 273, 270, 273, 270, 273, 270,
    269, 272, 271, 270, 269 ]
headPositionsY: [ 77, 73, 72, 72, 76, 70, 71, 70, 67, 65, 65, 63, 63, 64,
    68, 67, 68, 72, 72, 77, 76, 81, 82, 86, 84, 78, 76, 74, 71, 71, 70,
    66, 69, 68, 69, 71, 72, 74, 79, 77, 77, 76, 79, 73, 76, 68, 71, 67,
    66, 67, 68, 69, 73, 77, 77, 79, 77, 74, 75, 71, 72, 66, 67, 66, 66,
    69, 69, 70, 72, 70, 72, 76, 78, 77, 74, 73, 71, 70, 68, 71, 67, 71,
    68, 71, 69, 75, 74, 75, 79, 77, 77, 81, 77, 81, 79, 79, 79, 77, 77,
    76 ]
