%YAML:1.0
---
videoName: "headLookRight0.mp4"
gestureLabel: 204
fps: 29
pixelSizeInCmTemp: 3.1933333333333330e-01
faceCenterPointX: 229
faceCenterPointY: 68
headPositionsX: [ 231, 256, 254, 255, 254, 256, 254, 258, 254, 254, 256,
    256, 258, 256, 255, 259, 258, 258, 256, 256, 255, 257, 258, 254, 257,
    254, 258, 253, 256, 258, 256, 254, 257, 256, 257, 254, 256, 255, 252,
    255, 249, 250, 246, 243, 244, 238, 239, 237, 235, 236, 236, 235, 237,
    232, 233, 235, 234, 233, 232, 231, 232, 232, 235, 236, 232, 231, 232,
    233, 232, 232, 231, 234, 235, 235, 235, 233, 230, 231, 230, 231, 235,
    230, 234, 228, 233, 232, 232, 232, 230, 231, 231, 231, 229, 229, 229,
    228, 228, 230, 225, 227 ]
headPositionsY: [ 70, 66, 66, 65, 67, 65, 66, 62, 63, 64, 65, 69, 66, 65,
    65, 65, 68, 64, 69, 65, 70, 66, 66, 67, 68, 68, 66, 66, 65, 67, 69,
    68, 70, 67, 69, 66, 66, 68, 70, 70, 69, 67, 65, 68, 68, 67, 69, 68,
    67, 69, 67, 67, 68, 68, 70, 69, 69, 68, 66, 69, 68, 66, 69, 67, 66,
    69, 66, 66, 67, 68, 65, 67, 66, 67, 69, 68, 67, 69, 67, 67, 69, 69,
    66, 69, 66, 66, 71, 67, 65, 65, 68, 67, 71, 68, 66, 67, 66, 66, 66,
    67 ]
