%YAML:1.0
---
videoName: "headNod3.mp4"
gestureLabel: 202
fps: 29
pixelSizeInCmTemp: 3.1933333333333330e-01
faceCenterPointX: 264
faceCenterPointY: 76
headPositionsX: [ 264, 265, 266, 261, 263, 264, 264, 264, 266, 265, 269,
    267, 266, 267, 267, 264, 266, 264, 264, 263, 264, 267, 265, 266, 264,
    267, 264, 267, 267, 268, 266, 267, 268, 266, 263, 264, 266, 266, 268,
    266, 265, 263, 266, 265, 267, 264, 266, 264, 265, 266, 267, 267, 264,
    264, 265, 263, 263, 265, 262, 266, 264, 261, 264, 262, 261, 264, 263,
    267, 262, 265, 265, 264, 262, 265, 261, 263, 265, 263, 263, 266, 264,
    261, 264, 262, 266, 265, 264, 261, 265, 265, 261, 264, 261, 263, 262,
    265, 263, 264, 264, 267 ]
headPositionsY: [ 77, 75, 76, 75, 75, 76, 78, 74, 78, 76, 76, 72, 72, 71,
    75, 71, 73, 72, 72, 74, 72, 72, 74, 72, 73, 74, 74, 74, 75, 75, 73,
    73, 73, 74, 77, 76, 72, 75, 73, 75, 74, 73, 77, 74, 70, 71, 68, 65,
    67, 67, 68, 71, 71, 77, 79, 81, 84, 84, 84, 78, 77, 70, 71, 69, 65,
    68, 71, 74, 73, 80, 80, 80, 80, 78, 78, 72, 71, 70, 66, 64, 64, 69,
    68, 73, 75, 75, 75, 78, 79, 82, 80, 79, 76, 78, 77, 75, 77, 75, 76,
    75 ]
