%YAML:1.0
---
videoName: "headNod36.mp4"
gestureLabel: 202
fps: 29
pixelSizeInCmTemp: 2.8176470588235292e-01
faceCenterPointX: 269
faceCenterPointY: 75
headPositionsX: [ 269, 271, 270, 269, 271, 270, 272, 270, 272, 270, 271,
    270, 270, 271, 271, 268, 270, 270, 270, 269, 272, 272, 269, 272, 273,
    269, 268, 268, 271, 269, 268, 268, 270, 269, 272, 271, 268, 265, 269,
    267, 269, 268, 266, 271, 268, 270, 268, 268, 272, 271, 270, 271, 273,
    269, 269, 268, 272, 270, 270, 270, 268, 270, 271, 270, 266, 266, 269,
    265, 267, 270, 269, 269, 269, 267, 268, 266, 268, 268, 266, 269, 267,
    267, 269, 270, 269, 270, 270, 267, 271, 267, 268, 267, 269, 268, 270,
    271, 270, 271, 267, 271 ]
headPositionsY: [ 77, 76, 74, 74, 72, 74, 76, 72, 76, 72, 77, 75, 73, 76,
    75, 72, 72, 74, 77, 75, 76, 76, 77, 77, 76, 74, 68, 70, 64, 65, 63,
    64, 70, 76, 80, 82, 86, 87, 88, 89, 87, 80, 76, 71, 75, 66, 66, 66,
    66, 68, 70, 72, 78, 83, 86, 87, 88, 87, 83, 84, 81, 77, 74, 75, 75,
    71, 74, 76, 80, 83, 84, 83, 79, 78, 77, 73, 76, 73, 77, 78, 81, 83,
    86, 85, 84, 83, 80, 81, 78, 78, 77, 73, 78, 73, 77, 74, 76, 75, 76,
    73 ]
