%YAML:1.0
---
videoName: "headShake7.mp4"
gestureLabel: 201
fps: 29
pixelSizeInCmTemp: 3.3263888888888887e-01
faceCenterPointX: 244
faceCenterPointY: 72
headPositionsX: [ 242, 242, 243, 245, 242, 241, 242, 242, 244, 245, 244,
    246, 249, 254, 258, 259, 259, 261, 256, 257, 251, 248, 241, 235, 231,
    234, 234, 239, 245, 252, 255, 257, 260, 258, 256, 252, 244, 236, 231,
    228, 227, 230, 230, 236, 242, 247, 249, 254, 255, 254, 255, 249, 243,
    242, 236, 231, 232, 231, 228, 235, 238, 245, 246, 253, 253, 256, 258,
    253, 255, 249, 245, 245, 238, 235, 235, 232, 234, 234, 233, 236, 238,
    242, 242, 246, 244, 246, 249, 249, 247, 246, 247, 247, 248, 246, 244,
    244, 245, 244, 244, 245 ]
headPositionsY: [ 74, 71, 69, 69, 72, 73, 71, 73, 72, 73, 72, 73, 70, 71,
    70, 66, 66, 68, 67, 71, 69, 72, 69, 71, 73, 69, 71, 72, 70, 70, 66,
    70, 71, 69, 71, 69, 70, 72, 69, 68, 69, 69, 68, 71, 73, 69, 71, 68,
    68, 70, 68, 70, 73, 74, 70, 73, 71, 69, 70, 70, 69, 69, 71, 72, 69,
    68, 68, 69, 69, 69, 71, 69, 73, 68, 69, 72, 69, 68, 69, 69, 72, 70,
    71, 71, 73, 69, 72, 72, 73, 69, 73, 72, 73, 74, 70, 73, 74, 70, 70,
    72 ]
