%YAML:1.0
---
videoName: "headNod26.mp4"
gestureLabel: 202
fps: 29
pixelSizeInCmTemp: 3.1513157894736843e-01
faceCenterPointX: 271
faceCenterPointY: 78
headPositionsX: [ 272, 271, 270, 269, 271, 272, 270, 269, 272, 272, 274,
    275, 274, 270, 275, 273, 275, 271, 275, 270, 270, 275, 273, 270, 271,
    270, 272, 274, 270, 271, 271, 269, 274, 271, 274, 272, 271, 272, 269,
    273, 273, 271, 272, 274, 271, 271, 269, 274, 269, 270, 270, 274, 271,
    273, 269, 270, 272, 269, 272, 273, 274, 270, 274, 273, 273, 271, 270,
    273, 270, 273, 271, 270, 271, 271, 273, 272, 269, 272, 271, 270, 271,
    273, 273, 268, 270, 269, 270, 270, 268, 273, 269, 273, 271, 270, 268,
    269, 272, 272, 273, 270 ]
headPositionsY: [ 79, 73, 72, 75, 73, 74, 71, 72, 67, 68, 66, 65, 67, 64,
    65, 68, 69, 70, 71, 73, 79, 84, 82, 85, 83, 79, 79, 74, 70, 71, 69,
    68, 66, 67, 71, 69, 71, 75, 76, 77, 78, 79, 79, 76, 74, 69, 67, 67,
    68, 71, 67, 72, 73, 73, 77, 78, 78, 76, 74, 70, 69, 70, 67, 68, 67,
    69, 67, 68, 72, 72, 73, 77, 78, 78, 76, 73, 70, 69, 68, 68, 66, 68,
    69, 70, 73, 72, 76, 77, 80, 80, 79, 80, 77, 79, 77, 75, 76, 79, 77,
    80 ]
