%YAML:1.0
---
videoName: "headNod8.mp4"
gestureLabel: 202
fps: 29
pixelSizeInCmTemp: 3.1933333333333330e-01
faceCenterPointX: 262
faceCenterPointY: 74
headPositionsX: [ 260, 260, 259, 262, 259, 259, 259, 262, 260, 260, 262,
    263, 260, 263, 263, 262, 261, 262, 263, 261, 261, 260, 263, 261, 262,
    260, 261, 261, 260, 259, 261, 261, 264, 263, 260, 262, 263, 264, 263,
    264, 260, 263, 262, 262, 261, 264, 265, 263, 263, 260, 259, 260, 264,
    262, 263, 260, 260, 257, 262, 262, 263, 260, 262, 259, 260, 264, 263,
    261, 263, 260, 263, 258, 262, 259, 259, 259, 262, 262, 259, 261, 262,
    261, 261, 260, 261, 260, 262, 260, 264, 265, 264, 262, 264, 261, 261,
    265, 264, 261, 261, 264 ]
headPositionsY: [ 75, 79, 78, 77, 75, 76, 77, 75, 76, 78, 74, 74, 75, 74,
    78, 78, 77, 75, 74, 74, 76, 76, 76, 75, 76, 77, 78, 74, 78, 74, 77,
    79, 77, 77, 78, 79, 78, 77, 73, 74, 74, 73, 71, 66, 68, 68, 66, 72,
    69, 75, 78, 79, 82, 81, 81, 78, 77, 74, 75, 70, 70, 71, 73, 76, 79,
    83, 83, 84, 84, 79, 77, 75, 70, 69, 71, 73, 75, 77, 77, 81, 85, 80,
    83, 77, 76, 75, 70, 71, 71, 71, 74, 73, 76, 78, 76, 79, 78, 75, 75,
    74 ]
