%YAML:1.0
---
videoName: "headLookLeft3.mp4"
gestureLabel: 203
fps: 29
pixelSizeInCmTemp: 3.4214285714285714e-01
faceCenterPointX: 290
faceCenterPointY: 74
headPositionsX: [ 290, 264, 261, 266, 266, 262, 265, 269, 270, 272, 273,
    276, 277, 277, 280, 281, 283, 289, 286, 289, 290, 288, 293, 292, 287,
    290, 296, 292, 287, 281, 289, 288, 291, 289, 287, 291, 284, 292, 293,
    289, 289, 288, 290, 298, 292, 290, 287, 289, 289, 290, 291, 293, 289,
    288, 287, 288, 291, 287, 291, 290, 289, 288, 287, 286, 287, 287, 289,
    289, 288, 291, 286, 288, 287, 286, 287, 284, 288, 289, 288, 288, 289,
    285, 290, 284, 287, 285, 289, 289, 287, 289, 285, 284, 290, 289, 288,
    283, 287, 289, 286, 287 ]
headPositionsY: [ 76, 79, 78, 79, 77, 75, 80, 80, 75, 78, 74, 75, 74, 73,
    75, 75, 73, 74, 72, 76, 72, 75, 76, 75, 72, 74, 74, 77, 76, 72, 72,
    74, 72, 74, 72, 74, 75, 77, 76, 72, 75, 75, 73, 76, 76, 75, 75, 73,
    76, 71, 75, 73, 74, 73, 73, 74, 76, 73, 73, 74, 75, 72, 73, 75, 76,
    75, 74, 73, 75, 74, 73, 71, 73, 75, 71, 74, 76, 73, 77, 71, 74, 72,
    73, 71, 72, 73, 74, 72, 74, 77, 72, 73, 74, 77, 74, 74, 75, 74, 74,
    74 ]
