%YAML:1.0
---
videoName: "headNod25.mp4"
gestureLabel: 202
fps: 29
pixelSizeInCmTemp: 3.1933333333333330e-01
faceCenterPointX: 270
faceCenterPointY: 75
headPositionsX: [ 272, 269, 271, 272, 270, 269, 268, 271, 270, 269, 271,
    271, 266, 268, 272, 269, 272, 268, 272, 271, 270, 270, 272, 273, 272,
    274, 274, 273, 272, 274, 273, 272, 272, 271, 271, 272, 270, 271, 274,
    270, 269, 272, 270, 271, 270, 273, 270, 272, 271, 269, 272, 272, 269,
    273, 273, 271, 274, 273, 274, 271, 270, 272, 269, 273, 272, 273, 271,
    271, 269, 269, 270, 268, 271, 271, 273, 270, 271, 270, 270, 268, 272,
    271, 271, 271, 268, 269, 269, 270, 270, 272, 272, 272, 272, 269, 269,
    272, 271, 268, 268, 271 ]
headPositionsY: [ 76, 72, 73, 76, 73, 74, 74, 76, 73, 72, 74, 74, 72, 77,
    73, 72, 75, 72, 77, 74, 74, 74, 76, 77, 73, 73, 74, 75, 75, 76, 74,
    76, 73, 73, 74, 75, 75, 75, 76, 75, 74, 74, 76, 77, 74, 78, 73, 76,
    75, 73, 70, 70, 66, 64, 63, 64, 68, 68, 68, 67, 69, 73, 80, 83, 88,
    86, 88, 88, 85, 82, 77, 76, 73, 70, 71, 67, 66, 69, 69, 70, 72, 77,
    81, 81, 81, 82, 78, 76, 76, 79, 78, 75, 77, 78, 75, 75, 75, 75, 76,
    76 ]
