%YAML:1.0
---
videoName: "headShake19.mp4"
gestureLabel: 201
fps: 29
pixelSizeInCmTemp: 3.1933333333333330e-01
faceCenterPointX: 243
faceCenterPointY: 78
headPositionsX: [ 241, 245, 241, 243, 245, 243, 240, 242, 243, 243, 245,
    244, 245, 242, 242, 244, 245, 243, 242, 244, 244, 242, 243, 242, 243,
    241, 244, 241, 243, 242, 241, 243, 244, 244, 241, 242, 241, 236, 234,
    231, 234, 236, 239, 241, 248, 253, 255, 258, 256, 256, 247, 243, 237,
    232, 231, 233, 231, 234, 239, 241, 244, 249, 246, 247, 247, 242, 242,
    240, 239, 236, 237, 236, 238, 238, 240, 242, 244, 247, 246, 247, 242,
    242, 241, 243, 242, 240, 238, 238, 241, 238, 242, 241, 244, 240, 241,
    242, 244, 243, 245, 242 ]
headPositionsY: [ 77, 74, 78, 76, 75, 76, 77, 77, 78, 76, 76, 75, 77, 76,
    79, 74, 79, 77, 74, 77, 74, 75, 75, 79, 77, 75, 78, 78, 77, 78, 76,
    77, 76, 77, 77, 78, 78, 74, 78, 75, 78, 75, 76, 75, 77, 77, 77, 77,
    76, 77, 76, 78, 77, 75, 76, 74, 76, 74, 76, 78, 75, 76, 75, 74, 77,
    77, 76, 77, 79, 77, 76, 78, 75, 77, 79, 78, 80, 76, 76, 79, 80, 77,
    77, 79, 79, 78, 75, 77, 80, 79, 78, 79, 77, 76, 77, 76, 76, 76, 79,
    77 ]
