%YAML:1.0
---
videoName: "headShake10.mp4"
gestureLabel: 201
fps: 29
pixelSizeInCmTemp: 3.3732394366197183e-01
faceCenterPointX: 240
faceCenterPointY: 74
headPositionsX: [ 240, 246, 244, 247, 244, 245, 245, 246, 247, 248, 248,
    246, 244, 245, 246, 246, 244, 248, 245, 244, 246, 247, 244, 248, 247,
    246, 246, 247, 245, 245, 248, 245, 246, 244, 247, 248, 243, 247, 247,
    247, 245, 244, 247, 247, 248, 246, 244, 243, 245, 246, 245, 248, 248,
    252, 255, 259, 260, 258, 260, 259, 258, 250, 247, 242, 239, 237, 233,
    231, 233, 234, 238, 241, 244, 249, 252, 256, 254, 257, 255, 252, 252,
    248, 246, 244, 245, 241, 241, 241, 241, 240, 241, 242, 240, 243, 242,
    243, 240, 242, 240, 243 ]
headPositionsY: [ 76, 74, 72, 73, 71, 75, 72, 72, 73, 74, 75, 74, 73, 74,
    72, 75, 71, 71, 71, 71, 74, 74, 72, 72, 73, 73, 72, 74, 73, 73, 74,
    72, 73, 75, 75, 76, 75, 70, 75, 72, 74, 75, 72, 74, 75, 71, 74, 75,
    71, 74, 71, 71, 72, 72, 70, 72, 73, 70, 70, 71, 72, 73, 77, 73, 72,
    73, 73, 76, 71, 72, 76, 75, 74, 72, 71, 72, 73, 71, 72, 76, 73, 73,
    75, 76, 76, 73, 74, 76, 77, 77, 73, 75, 74, 74, 74, 76, 76, 76, 73,
    76 ]
