%YAML:1.0
---
videoName: "headLookLeft4.mp4"
gestureLabel: 203
fps: 29
pixelSizeInCmTemp: 3.4710144927536229e-01
faceCenterPointX: 288
faceCenterPointY: 74
headPositionsX: [ 287, 262, 266, 264, 264, 268, 270, 269, 272, 275, 274,
    281, 283, 286, 288, 287, 295, 296, 296, 294, 295, 293, 293, 298, 291,
    296, 294, 297, 297, 296, 295, 294, 296, 294, 290, 296, 296, 296, 294,
    293, 291, 290, 292, 295, 292, 291, 288, 290, 288, 291, 292, 292, 293,
    292, 288, 287, 290, 292, 286, 292, 289, 288, 293, 287, 291, 294, 291,
    290, 289, 292, 288, 292, 287, 292, 290, 291, 290, 286, 293, 291, 292,
    290, 292, 290, 288, 291, 288, 290, 291, 293, 292, 287, 289, 287, 291,
    288, 289, 289, 290, 288 ]
headPositionsY: [ 76, 80, 82, 80, 81, 81, 77, 80, 77, 77, 77, 77, 76, 76,
    78, 78, 77, 76, 75, 78, 75, 79, 76, 76, 76, 73, 74, 81, 76, 75, 75,
    77, 78, 75, 74, 75, 82, 72, 75, 76, 76, 75, 73, 73, 75, 73, 75, 78,
    72, 77, 74, 73, 71, 73, 73, 73, 74, 75, 73, 76, 72, 75, 74, 73, 76,
    77, 72, 72, 76, 75, 72, 76, 75, 75, 75, 73, 77, 72, 76, 76, 77, 74,
    78, 76, 72, 74, 76, 73, 77, 76, 74, 77, 75, 75, 75, 74, 73, 74, 76,
    76 ]
