%YAML:1.0
---
videoName: "headNod4.mp4"
gestureLabel: 202
fps: 29
pixelSizeInCmTemp: 3.2808219178082193e-01
faceCenterPointX: 264
faceCenterPointY: 72
headPositionsX: [ 262, 270, 269, 271, 272, 269, 271, 270, 271, 269, 269,
    267, 271, 269, 271, 266, 266, 271, 269, 267, 269, 267, 269, 269, 266,
    268, 269, 267, 268, 270, 266, 268, 267, 267, 265, 268, 269, 265, 270,
    265, 267, 266, 264, 268, 269, 268, 265, 266, 268, 270, 266, 268, 266,
    269, 265, 264, 264, 265, 265, 264, 265, 266, 264, 267, 267, 264, 266,
    267, 265, 264, 264, 264, 264, 263, 266, 264, 265, 262, 264, 264, 266,
    264, 267, 265, 266, 265, 265, 268, 263, 266, 266, 264, 264, 266, 263,
    267, 263, 262, 265, 267 ]
headPositionsY: [ 71, 76, 74, 77, 73, 74, 75, 72, 75, 74, 76, 73, 74, 74,
    76, 77, 75, 74, 75, 73, 75, 72, 74, 76, 74, 75, 73, 75, 75, 77, 76,
    76, 76, 74, 75, 77, 77, 76, 73, 73, 76, 72, 76, 72, 72, 68, 68, 68,
    67, 64, 67, 67, 71, 73, 76, 81, 82, 84, 82, 76, 74, 74, 68, 70, 70,
    73, 72, 76, 82, 79, 81, 81, 83, 77, 76, 72, 70, 70, 68, 70, 67, 72,
    76, 78, 78, 80, 82, 81, 83, 80, 80, 78, 79, 76, 77, 75, 75, 75, 73,
    72 ]
