%YAML:1.0
---
videoName: "headNod24.mp4"
gestureLabel: 202
fps: 29
pixelSizeInCmTemp: 3.1513157894736843e-01
faceCenterPointX: 272
faceCenterPointY: 72
headPositionsX: [ 274, 276, 272, 276, 273, 274, 275, 276, 274, 274, 273,
    277, 276, 274, 272, 273, 276, 273, 274, 273, 275, 273, 275, 271, 272,
    275, 275, 271, 274, 274, 271, 275, 273, 273, 275, 274, 274, 276, 274,
    275, 274, 272, 273, 271, 270, 272, 275, 274, 271, 273, 274, 274, 271,
    273, 275, 273, 274, 274, 274, 273, 270, 270, 271, 272, 272, 270, 273,
    269, 271, 272, 273, 269, 273, 270, 271, 272, 272, 272, 273, 268, 271,
    267, 272, 269, 269, 269, 269, 268, 271, 270, 272, 272, 272, 270, 272,
    272, 273, 272, 274, 274 ]
headPositionsY: [ 70, 74, 72, 75, 73, 75, 71, 71, 73, 72, 74, 75, 73, 72,
    75, 72, 74, 74, 75, 73, 71, 72, 74, 73, 72, 73, 72, 74, 75, 76, 74,
    75, 75, 76, 76, 71, 72, 73, 67, 72, 68, 71, 76, 82, 81, 81, 81, 77,
    71, 65, 66, 68, 68, 74, 76, 77, 75, 74, 69, 68, 67, 66, 64, 69, 72,
    75, 73, 74, 74, 74, 72, 68, 70, 70, 68, 69, 70, 76, 76, 76, 75, 73,
    72, 70, 68, 72, 68, 72, 68, 73, 72, 70, 72, 75, 72, 71, 71, 71, 70,
    71 ]
