%YAML:1.0
---
videoName: "headShake26.mp4"
gestureLabel: 201
fps: 30
pixelSizeInCmTemp: 3.2808219178082193e-01
faceCenterPointX: 243
faceCenterPointY: 78
headPositionsX: [ 245, 239, 241, 242, 242, 242, 245, 246, 248, 249, 248,
    252, 252, 251, 252, 253, 253, 246, 245, 246, 242, 239, 233, 232, 228,
    228, 226, 229, 231, 229, 230, 235, 239, 243, 247, 246, 248, 252, 253,
    254, 252, 253, 248, 249, 246, 240, 241, 233, 232, 231, 231, 227, 231,
    229, 233, 235, 235, 239, 240, 245, 248, 249, 251, 254, 250, 252, 251,
    248, 250, 245, 243, 241, 242, 238, 237, 238, 236, 239, 235, 236, 238,
    239, 237, 240, 242, 241, 241, 244, 241, 241, 245, 245, 246, 245, 243,
    243, 245, 246, 244, 241 ]
headPositionsY: [ 77, 76, 75, 78, 75, 76, 80, 78, 76, 77, 77, 80, 75, 75,
    79, 76, 77, 78, 78, 80, 79, 76, 79, 76, 79, 75, 78, 77, 75, 75, 74,
    77, 75, 76, 78, 76, 75, 76, 77, 76, 75, 77, 75, 79, 80, 77, 77, 77,
    76, 77, 77, 73, 78, 75, 76, 79, 78, 76, 80, 76, 76, 78, 79, 78, 78,
    76, 76, 77, 77, 77, 79, 81, 77, 79, 77, 81, 79, 80, 77, 79, 80, 80,
    81, 77, 77, 76, 80, 77, 80, 79, 80, 78, 78, 77, 79, 78, 78, 76, 77,
    77 ]
