%YAML:1.0
---
videoName: "headLookLeft3.mp4"
gestureLabel: 203
fps: 29
pixelSizeInCmTemp: 3.4214285714285714e-01
faceCenterPointX: 290
faceCenterPointY: 74
headPositionsX: [ 288, 263, 264, 262, 262, 262, 266, 266, 268, 271, 271,
    273, 278, 279, 281, 283, 283, 289, 290, 290, 290, 287, 291, 292, 287,
    290, 294, 292, 289, 281, 288, 292, 292, 290, 285, 290, 284, 291, 292,
    286, 288, 285, 287, 298, 291, 291, 290, 287, 291, 288, 293, 292, 289,
    289, 285, 287, 291, 289, 289, 291, 288, 288, 287, 288, 287, 288, 288,
    291, 287, 287, 289, 288, 285, 284, 285, 284, 288, 286, 285, 287, 289,
    286, 290, 287, 290, 284, 288, 288, 288, 286, 288, 286, 289, 288, 285,
    286, 291, 288, 286, 285 ]
headPositionsY: [ 73, 79, 76, 79, 79, 76, 80, 77, 78, 77, 75, 75, 75, 73,
    75, 74, 76, 76, 72, 74, 73, 75, 75, 73, 70, 72, 74, 73, 75, 70, 71,
    73, 72, 74, 74, 74, 72, 74, 76, 75, 75, 74, 75, 77, 72, 74, 72, 72,
    78, 73, 73, 75, 75, 73, 72, 73, 76, 75, 72, 73, 72, 73, 76, 71, 74,
    72, 73, 73, 71, 76, 72, 73, 71, 71, 74, 75, 72, 75, 77, 75, 71, 75,
    74, 71, 73, 71, 73, 76, 74, 75, 73, 76, 73, 74, 73, 75, 73, 74, 72,
    74 ]
