%YAML:1.0
---
videoName: "headNod30.mp4"
gestureLabel: 202
fps: 29
pixelSizeInCmTemp: 3.2364864864864862e-01
faceCenterPointX: 271
faceCenterPointY: 72
headPositionsX: [ 272, 272, 269, 274, 270, 270, 269, 272, 270, 271, 272,
    273, 274, 273, 274, 273, 274, 270, 271, 270, 270, 273, 274, 274, 271,
    271, 272, 275, 270, 270, 274, 274, 271, 272, 271, 271, 272, 272, 268,
    269, 269, 271, 269, 269, 268, 269, 271, 269, 269, 270, 267, 268, 270,
    270, 270, 271, 268, 270, 272, 269, 269, 270, 272, 272, 271, 273, 269,
    270, 273, 272, 270, 273, 271, 271, 273, 269, 271, 269, 272, 273, 271,
    272, 271, 273, 269, 271, 271, 273, 273, 270, 274, 273, 271, 272, 269,
    271, 273, 270, 269, 274 ]
headPositionsY: [ 73, 73, 74, 74, 78, 76, 75, 78, 77, 73, 73, 76, 75, 77,
    76, 78, 76, 73, 77, 73, 77, 75, 70, 68, 70, 67, 68, 70, 70, 71, 73,
    74, 76, 80, 83, 82, 81, 79, 75, 72, 72, 71, 71, 73, 75, 78, 80, 79,
    77, 81, 75, 75, 74, 71, 71, 72, 71, 69, 73, 75, 77, 77, 77, 76, 73,
    76, 70, 68, 69, 69, 71, 70, 73, 72, 74, 74, 73, 76, 76, 73, 69, 71,
    70, 72, 68, 71, 69, 73, 75, 73, 72, 76, 75, 72, 73, 72, 73, 73, 72,
    74 ]
