%YAML:1.0
---
videoName: "headShake38.mp4"
gestureLabel: 201
fps: 29
pixelSizeInCmTemp: 3.2808219178082193e-01
faceCenterPointX: 259
faceCenterPointY: 84
headPositionsX: [ 261, 262, 261, 263, 264, 264, 264, 261, 264, 264, 265,
    265, 265, 264, 262, 264, 261, 266, 264, 264, 264, 263, 261, 261, 262,
    263, 264, 264, 263, 261, 262, 262, 265, 263, 260, 261, 264, 264, 265,
    261, 263, 261, 260, 257, 255, 251, 249, 249, 247, 250, 257, 264, 274,
    277, 280, 275, 271, 260, 254, 249, 246, 248, 255, 262, 267, 271, 272,
    270, 266, 259, 255, 250, 248, 250, 248, 253, 258, 264, 266, 266, 271,
    268, 265, 265, 266, 266, 263, 262, 261, 259, 259, 258, 262, 259, 262,
    261, 261, 261, 259, 262 ]
headPositionsY: [ 84, 81, 81, 81, 81, 85, 82, 81, 86, 84, 83, 85, 82, 84,
    85, 85, 85, 84, 84, 83, 82, 82, 84, 82, 82, 82, 84, 85, 83, 84, 86,
    84, 83, 86, 82, 83, 85, 85, 85, 83, 83, 86, 86, 84, 85, 81, 85, 84,
    81, 84, 86, 82, 84, 83, 81, 84, 85, 82, 82, 85, 84, 83, 84, 85, 84,
    82, 83, 83, 85, 83, 85, 82, 86, 85, 84, 82, 84, 83, 82, 82, 85, 85,
    84, 83, 84, 85, 83, 85, 82, 82, 86, 82, 83, 82, 85, 85, 83, 83, 83,
    83 ]
