%YAML:1.0
---
videoName: "headLookLeft4.mp4"
gestureLabel: 203
fps: 29
pixelSizeInCmTemp: 3.4710144927536229e-01
faceCenterPointX: 288
faceCenterPointY: 74
headPositionsX: [ 290, 262, 266, 267, 268, 264, 269, 269, 271, 271, 277,
    277, 280, 285, 288, 288, 296, 293, 296, 295, 294, 295, 296, 296, 289,
    295, 293, 295, 299, 293, 293, 293, 292, 294, 294, 296, 293, 292, 297,
    291, 293, 291, 292, 294, 293, 291, 291, 293, 291, 291, 291, 292, 291,
    291, 291, 287, 290, 288, 287, 289, 287, 287, 291, 290, 289, 293, 291,
    288, 285, 290, 288, 290, 291, 294, 291, 290, 292, 289, 294, 290, 293,
    289, 294, 290, 292, 289, 290, 289, 294, 293, 291, 290, 289, 290, 288,
    290, 290, 290, 288, 291 ]
headPositionsY: [ 76, 77, 78, 78, 77, 81, 78, 76, 76, 77, 80, 76, 75, 76,
    77, 78, 76, 79, 77, 79, 73, 76, 76, 77, 73, 76, 78, 77, 77, 76, 79,
    80, 76, 78, 74, 76, 79, 72, 76, 76, 78, 76, 74, 75, 77, 74, 72, 76,
    72, 76, 73, 74, 73, 73, 72, 74, 72, 77, 74, 76, 75, 75, 77, 76, 76,
    74, 73, 76, 76, 74, 74, 72, 76, 74, 72, 74, 79, 75, 78, 74, 75, 75,
    77, 74, 72, 75, 73, 73, 77, 75, 78, 73, 78, 74, 75, 76, 73, 74, 73,
    73 ]
