%YAML:1.0
---
videoName: "headNod23.mp4"
gestureLabel: 202
fps: 29
pixelSizeInCmTemp: 3.1933333333333330e-01
faceCenterPointX: 273
faceCenterPointY: 75
headPositionsX: [ 274, 273, 274, 275, 273, 275, 274, 274, 272, 275, 276,
    276, 273, 275, 274, 276, 274, 275, 272, 275, 274, 273, 275, 274, 272,
    273, 275, 275, 274, 274, 275, 274, 277, 277, 273, 273, 276, 276, 271,
    272, 272, 270, 272, 274, 272, 271, 273, 274, 272, 275, 273, 276, 273,
    273, 273, 276, 275, 275, 273, 273, 274, 273, 275, 274, 271, 275, 273,
    275, 274, 272, 275, 274, 274, 273, 273, 274, 271, 272, 270, 274, 274,
    275, 276, 272, 274, 272, 276, 277, 275, 273, 276, 272, 273, 274, 273,
    275, 274, 273, 276, 273 ]
headPositionsY: [ 75, 77, 76, 75, 75, 77, 77, 76, 77, 78, 77, 76, 79, 76,
    78, 78, 78, 75, 77, 76, 75, 75, 77, 77, 71, 71, 69, 66, 68, 66, 65,
    65, 68, 66, 69, 70, 74, 74, 79, 80, 82, 83, 82, 81, 76, 76, 71, 68,
    69, 67, 67, 67, 68, 73, 74, 76, 77, 77, 77, 75, 79, 77, 75, 74, 72,
    67, 70, 68, 70, 69, 72, 73, 74, 79, 78, 81, 79, 80, 76, 76, 76, 77,
    73, 75, 75, 73, 72, 73, 73, 73, 73, 72, 76, 74, 73, 74, 74, 75, 75,
    75 ]
