%YAML:1.0
---
videoName: "headNod9.mp4"
gestureLabel: 202
fps: 29
pixelSizeInCmTemp: 3.1513157894736843e-01
faceCenterPointX: 261
faceCenterPointY: 75
headPositionsX: [ 259, 261, 259, 262, 261, 261, 258, 262, 262, 259, 259,
    261, 259, 261, 258, 260, 261, 258, 263, 262, 261, 263, 260, 260, 259,
    260, 261, 263, 261, 261, 262, 258, 260, 261, 259, 260, 263, 259, 260,
    262, 263, 263, 261, 260, 263, 261, 257, 257, 258, 261, 259, 262, 260,
    262, 261, 260, 263, 258, 261, 259, 262, 262, 260, 262, 263, 259, 262,
    260, 258, 258, 260, 258, 261, 259, 260, 260, 260, 261, 258, 260, 259,
    259, 259, 256, 261, 258, 259, 256, 256, 261, 260, 258, 262, 257, 259,
    262, 260, 261, 260, 259 ]
headPositionsY: [ 75, 74, 73, 76, 76, 77, 77, 77, 74, 75, 73, 74, 78, 77,
    77, 77, 73, 74, 74, 75, 75, 77, 77, 75, 74, 75, 75, 74, 76, 76, 75,
    79, 80, 82, 83, 78, 79, 76, 74, 75, 75, 75, 77, 83, 85, 88, 85, 86,
    80, 80, 76, 78, 77, 77, 81, 84, 87, 84, 83, 76, 75, 73, 71, 76, 79,
    81, 80, 85, 84, 82, 79, 78, 72, 70, 69, 71, 74, 74, 77, 77, 79, 81,
    81, 83, 80, 79, 76, 73, 74, 71, 73, 73, 72, 73, 76, 75, 75, 72, 72,
    76 ]
