%YAML:1.0
---
videoName: "headShake46.mp4"
gestureLabel: 201
fps: 30
pixelSizeInCmTemp: 3.2364864864864862e-01
faceCenterPointX: 262
faceCenterPointY: 85
headPositionsX: [ 262, 259, 263, 259, 259, 262, 261, 260, 263, 262, 258,
    259, 258, 259, 261, 262, 258, 260, 259, 261, 261, 262, 262, 258, 261,
    257, 260, 258, 261, 259, 266, 268, 272, 275, 280, 278, 274, 274, 266,
    259, 254, 251, 252, 252, 254, 262, 266, 267, 271, 268, 263, 257, 253,
    254, 255, 259, 264, 265, 267, 268, 267, 263, 257, 258, 258, 258, 264,
    266, 269, 269, 270, 264, 264, 257, 261, 262, 259, 265, 263, 266, 265,
    266, 263, 260, 262, 260, 262, 259, 262, 262, 263, 258, 258, 261, 260,
    262, 263, 261, 263, 261 ]
headPositionsY: [ 85, 86, 83, 85, 84, 82, 85, 84, 83, 82, 84, 82, 84, 85,
    86, 85, 84, 85, 86, 86, 86, 85, 85, 82, 83, 86, 83, 82, 83, 82, 84,
    84, 80, 81, 84, 83, 81, 83, 84, 86, 84, 86, 85, 86, 85, 83, 86, 86,
    83, 83, 83, 86, 85, 85, 86, 84, 87, 84, 85, 84, 84, 83, 88, 84, 85,
    83, 86, 84, 87, 86, 83, 83, 87, 83, 86, 86, 84, 84, 86, 86, 83, 84,
    85, 84, 83, 86, 86, 86, 83, 86, 84, 84, 86, 85, 84, 87, 87, 87, 85,
    84 ]
