%YAML:1.0
---
videoName: "headLookLeft3.mp4"
gestureLabel: 203
fps: 29
pixelSizeInCmTemp: 3.4214285714285714e-01
faceCenterPointX: 290
faceCenterPointY: 74
headPositionsX: [ 288, 266, 263, 262, 266, 262, 265, 269, 268, 270, 274,
    275, 275, 276, 280, 282, 286, 289, 286, 287, 289, 286, 292, 291, 287,
    288, 296, 291, 287, 284, 291, 290, 292, 290, 288, 289, 283, 293, 292,
    289, 287, 289, 290, 295, 290, 289, 286, 289, 290, 290, 289, 292, 288,
    288, 288, 286, 290, 290, 290, 291, 292, 288, 287, 287, 286, 288, 287,
    290, 285, 290, 287, 285, 288, 285, 286, 288, 287, 287, 288, 285, 289,
    286, 288, 286, 290, 286, 292, 288, 285, 288, 288, 284, 287, 287, 285,
    284, 287, 287, 288, 285 ]
headPositionsY: [ 73, 75, 77, 75, 79, 78, 79, 78, 75, 75, 78, 76, 73, 74,
    76, 74, 75, 73, 75, 74, 73, 73, 75, 73, 71, 74, 77, 77, 72, 72, 72,
    76, 72, 73, 76, 77, 75, 76, 75, 73, 72, 73, 72, 78, 76, 72, 74, 74,
    74, 74, 72, 73, 75, 75, 74, 72, 74, 75, 71, 77, 74, 74, 73, 74, 76,
    72, 73, 76, 74, 75, 71, 72, 74, 72, 74, 77, 73, 73, 76, 75, 75, 75,
    73, 72, 74, 74, 73, 72, 75, 75, 74, 72, 74, 77, 72, 76, 76, 73, 72,
    76 ]
