%YAML:1.0
---
videoName: "headNod27.mp4"
gestureLabel: 202
fps: 29
pixelSizeInCmTemp: 3.0705128205128202e-01
faceCenterPointX: 271
faceCenterPointY: 77
headPositionsX: [ 269, 272, 271, 272, 270, 272, 270, 270, 274, 273, 269,
    274, 270, 271, 272, 270, 269, 271, 272, 272, 275, 270, 273, 274, 270,
    275, 272, 271, 271, 271, 269, 271, 270, 272, 271, 271, 268, 270, 268,
    268, 271, 271, 268, 269, 268, 271, 269, 269, 268, 271, 269, 271, 267,
    270, 269, 271, 269, 269, 268, 268, 268, 272, 270, 268, 267, 267, 267,
    265, 271, 266, 269, 271, 267, 267, 267, 267, 267, 267, 270, 269, 269,
    267, 270, 269, 270, 269, 272, 270, 272, 268, 272, 269, 270, 270, 271,
    271, 268, 269, 272, 270 ]
headPositionsY: [ 75, 72, 75, 75, 73, 71, 74, 75, 75, 75, 75, 76, 76, 75,
    73, 75, 73, 76, 74, 77, 73, 73, 68, 64, 64, 63, 63, 65, 66, 67, 71,
    75, 83, 81, 86, 85, 81, 80, 76, 72, 69, 67, 67, 70, 69, 69, 76, 75,
    79, 82, 79, 79, 73, 70, 69, 72, 72, 69, 73, 75, 77, 81, 83, 84, 83,
    79, 75, 75, 75, 71, 72, 74, 75, 75, 79, 78, 79, 80, 77, 74, 71, 73,
    69, 69, 69, 75, 76, 77, 77, 77, 77, 80, 78, 75, 76, 77, 77, 79, 79,
    74 ]
