%YAML:1.0
---
videoName: "headNod34.mp4"
gestureLabel: 202
fps: 29
pixelSizeInCmTemp: 2.9567901234567900e-01
faceCenterPointX: 266
faceCenterPointY: 78
headPositionsX: [ 267, 267, 270, 268, 271, 269, 272, 271, 272, 267, 271,
    270, 271, 269, 268, 271, 269, 271, 268, 269, 270, 269, 267, 272, 272,
    268, 268, 268, 268, 270, 270, 271, 269, 268, 271, 270, 270, 271, 271,
    272, 268, 268, 269, 268, 273, 270, 269, 269, 268, 271, 268, 271, 268,
    267, 269, 270, 270, 270, 269, 270, 268, 271, 268, 269, 270, 270, 271,
    272, 271, 268, 268, 270, 266, 269, 265, 268, 269, 265, 264, 265, 264,
    265, 263, 264, 263, 265, 264, 268, 265, 266, 265, 268, 266, 267, 266,
    268, 264, 266, 265, 268 ]
headPositionsY: [ 79, 78, 78, 78, 75, 77, 77, 74, 79, 76, 77, 77, 77, 75,
    75, 77, 76, 74, 78, 75, 75, 74, 78, 76, 77, 77, 78, 77, 78, 76, 76,
    74, 74, 76, 77, 76, 76, 73, 73, 72, 73, 72, 74, 76, 80, 85, 88, 89,
    85, 84, 79, 76, 72, 73, 72, 73, 73, 77, 82, 83, 85, 82, 82, 77, 79,
    77, 77, 77, 81, 79, 81, 84, 87, 83, 80, 81, 77, 79, 76, 80, 81, 82,
    83, 84, 82, 81, 79, 78, 77, 80, 79, 79, 79, 79, 81, 80, 80, 81, 77,
    79 ]
