%YAML:1.0
---
videoName: "headLookRight2.mp4"
gestureLabel: 204
fps: 29
pixelSizeInCmTemp: 3.8015873015873014e-01
faceCenterPointX: 228
faceCenterPointY: 68
headPositionsX: [ 227, 252, 250, 251, 250, 252, 252, 252, 251, 254, 249,
    253, 254, 249, 250, 254, 254, 250, 253, 252, 253, 255, 252, 254, 252,
    251, 253, 253, 253, 252, 254, 252, 254, 255, 253, 253, 255, 251, 252,
    252, 251, 255, 250, 253, 252, 251, 252, 250, 248, 248, 249, 243, 247,
    241, 241, 235, 233, 235, 229, 230, 228, 230, 229, 227, 227, 228, 227,
    228, 221, 224, 227, 230, 230, 231, 228, 227, 229, 232, 227, 230, 231,
    230, 229, 228, 230, 227, 230, 228, 230, 227, 226, 227, 227, 228, 229,
    231, 227, 229, 226, 231 ]
headPositionsY: [ 68, 67, 69, 65, 70, 70, 69, 70, 67, 68, 69, 69, 70, 66,
    67, 71, 70, 71, 67, 71, 70, 71, 71, 67, 70, 68, 69, 69, 69, 68, 68,
    69, 69, 70, 68, 67, 71, 70, 71, 71, 70, 70, 71, 69, 69, 67, 71, 67,
    67, 69, 70, 67, 68, 70, 69, 69, 69, 68, 71, 70, 69, 68, 66, 69, 69,
    66, 69, 68, 73, 71, 68, 69, 70, 66, 68, 70, 69, 71, 72, 69, 70, 72,
    68, 70, 71, 70, 71, 69, 70, 70, 71, 68, 71, 67, 70, 67, 68, 69, 71,
    68 ]
