%YAML:1.0
---
videoName: "headNod47.mp4"
gestureLabel: 202
fps: 29
pixelSizeInCmTemp: 3.0316455696202532e-01
faceCenterPointX: 266
faceCenterPointY: 70
headPositionsX: [ 265, 266, 267, 266, 267, 267, 264, 266, 264, 267, 266,
    268, 266, 265, 263, 262, 264, 262, 262, 264, 265, 266, 267, 266, 265,
    266, 267, 265, 267, 265, 268, 270, 267, 268, 268, 266, 270, 269, 266,
    268, 269, 269, 266, 269, 268, 264, 266, 265, 265, 265, 268, 266, 268,
    268, 268, 266, 266, 265, 267, 266, 266, 269, 267, 264, 265, 264, 266,
    265, 267, 267, 265, 268, 269, 268, 266, 269, 265, 266, 267, 268, 265,
    265, 266, 266, 265, 265, 266, 263, 267, 268, 264, 268, 264, 267, 267,
    268, 266, 267, 265, 265 ]
headPositionsY: [ 69, 60, 61, 61, 61, 58, 61, 62, 62, 66, 71, 77, 78, 80,
    79, 77, 73, 71, 69, 67, 65, 63, 66, 71, 71, 75, 75, 76, 76, 76, 74,
    71, 70, 67, 66, 70, 66, 70, 71, 77, 78, 77, 79, 76, 75, 75, 69, 67,
    67, 68, 71, 70, 72, 75, 73, 75, 76, 74, 69, 68, 68, 69, 69, 66, 66,
    69, 71, 74, 75, 75, 75, 71, 74, 69, 68, 67, 71, 70, 69, 69, 72, 73,
    75, 74, 74, 72, 70, 72, 69, 72, 71, 71, 71, 68, 69, 71, 72, 71, 72,
    71 ]
