%YAML:1.0
---
videoName: "headLookRight2.mp4"
gestureLabel: 204
fps: 29
pixelSizeInCmTemp: 3.8015873015873014e-01
faceCenterPointX: 228
faceCenterPointY: 68
headPositionsX: [ 226, 250, 251, 249, 253, 252, 253, 251, 253, 250, 252,
    252, 252, 251, 254, 254, 253, 252, 254, 253, 253, 253, 252, 253, 253,
    255, 254, 254, 254, 255, 254, 252, 254, 251, 252, 254, 256, 250, 255,
    255, 251, 251, 254, 254, 252, 251, 253, 249, 252, 249, 248, 243, 245,
    242, 238, 236, 233, 232, 230, 231, 228, 230, 229, 229, 227, 227, 226,
    227, 225, 227, 229, 230, 229, 228, 225, 230, 230, 232, 227, 231, 232,
    229, 231, 228, 228, 230, 228, 227, 226, 228, 227, 229, 231, 229, 228,
    231, 231, 232, 225, 232 ]
headPositionsY: [ 67, 69, 70, 67, 68, 70, 69, 69, 69, 70, 68, 67, 69, 68,
    71, 67, 68, 71, 69, 71, 67, 71, 69, 68, 70, 71, 68, 72, 69, 69, 72,
    69, 68, 70, 70, 70, 67, 68, 69, 68, 70, 71, 69, 68, 69, 70, 71, 70,
    71, 67, 70, 69, 71, 66, 67, 69, 69, 71, 69, 69, 66, 69, 70, 65, 67,
    66, 67, 68, 72, 68, 70, 68, 69, 66, 71, 72, 73, 69, 69, 69, 68, 68,
    70, 71, 69, 70, 67, 72, 71, 68, 68, 66, 70, 67, 66, 67, 69, 70, 69,
    70 ]
