%YAML:1.0
---
videoName: "headShake3.mp4"
gestureLabel: 201
fps: 30
pixelSizeInCmTemp: 3.3263888888888887e-01
faceCenterPointX: 240
faceCenterPointY: 101
headPositionsX: [ 238, 242, 243, 243, 242, 239, 241, 241, 240, 239, 242,
    239, 240, 243, 241, 239, 244, 241, 240, 241, 241, 240, 242, 243, 243,
    241, 240, 242, 239, 239, 238, 239, 242, 241, 245, 250, 253, 253, 258,
    258, 255, 251, 247, 242, 236, 232, 228, 227, 228, 229, 235, 238, 244,
    250, 248, 249, 247, 245, 243, 238, 235, 229, 227, 223, 224, 225, 230,
    236, 241, 242, 243, 247, 247, 243, 245, 241, 240, 237, 235, 233, 233,
    230, 232, 235, 232, 236, 236, 236, 237, 236, 241, 242, 241, 241, 238,
    240, 241, 243, 240, 240 ]
headPositionsY: [ 102, 98, 99, 101, 100, 100, 97, 97, 100, 99, 98, 100,
    101, 96, 97, 99, 101, 99, 99, 98, 100, 99, 100, 101, 101, 99, 99, 97,
    99, 99, 97, 100, 101, 98, 96, 97, 99, 96, 99, 100, 97, 97, 101, 98,
    97, 100, 98, 98, 98, 98, 96, 101, 97, 99, 96, 98, 99, 97, 99, 101,
    99, 96, 98, 100, 97, 98, 98, 100, 101, 98, 101, 98, 100, 97, 98, 99,
    98, 99, 99, 99, 102, 101, 99, 99, 98, 98, 98, 98, 98, 99, 99, 99,
    102, 99, 101, 103, 100, 101, 102, 101 ]
