%YAML:1.0
---
videoName: "headLookDown1.mp4"
gestureLabel: 206
fps: 29
pixelSizeInCmTemp: 3.4710144927536229e-01
faceCenterPointX: 271
faceCenterPointY: 97
headPositionsX: [ 272, 270, 270, 271, 268, 272, 271, 272, 271, 272, 269,
    271, 272, 270, 271, 270, 270, 273, 270, 269, 273, 272, 270, 272, 273,
    269, 273, 273, 273, 272, 269, 271, 270, 270, 270, 273, 272, 272, 269,
    272, 271, 269, 270, 272, 271, 271, 270, 272, 273, 269, 269, 269, 269,
    271, 273, 272, 269, 271, 270, 273, 270, 269, 270, 270, 268, 267, 267,
    268, 272, 269, 270, 272, 269, 272, 271, 271, 270, 269, 272, 272, 271,
    273, 270, 270, 270, 271, 270, 272, 270, 272, 272, 270, 272, 274, 272,
    270, 273, 273, 272, 274 ]
headPositionsY: [ 95, 80, 77, 81, 79, 78, 81, 78, 79, 81, 81, 79, 77, 81,
    77, 77, 78, 78, 81, 79, 80, 77, 79, 80, 79, 79, 77, 82, 78, 78, 79,
    80, 77, 80, 79, 82, 82, 81, 81, 78, 78, 80, 83, 82, 82, 85, 85, 88,
    89, 90, 92, 92, 94, 96, 94, 95, 97, 97, 100, 98, 96, 98, 100, 100,
    101, 98, 98, 98, 100, 100, 101, 100, 98, 99, 99, 98, 98, 96, 99, 100,
    94, 96, 99, 96, 98, 96, 99, 97, 97, 97, 96, 98, 95, 97, 99, 99, 99,
    95, 95, 97 ]
