%YAML:1.0
---
videoName: "headShake18.mp4"
gestureLabel: 201
fps: 30
pixelSizeInCmTemp: 3.2808219178082193e-01
faceCenterPointX: 240
faceCenterPointY: 77
headPositionsX: [ 238, 241, 242, 243, 244, 241, 241, 241, 241, 240, 238,
    241, 243, 241, 241, 240, 241, 240, 239, 239, 240, 239, 240, 243, 240,
    239, 242, 242, 238, 241, 239, 238, 237, 238, 238, 244, 243, 244, 249,
    249, 251, 254, 250, 250, 249, 241, 236, 235, 233, 228, 229, 232, 234,
    240, 242, 244, 251, 251, 247, 248, 243, 239, 237, 235, 232, 235, 236,
    238, 239, 242, 241, 243, 245, 247, 243, 243, 241, 237, 238, 237, 238,
    236, 239, 236, 241, 239, 244, 244, 243, 243, 243, 240, 241, 239, 238,
    241, 240, 242, 241, 242 ]
headPositionsY: [ 77, 76, 76, 75, 74, 75, 75, 77, 76, 77, 77, 78, 74, 76,
    76, 75, 74, 75, 76, 74, 74, 79, 76, 75, 78, 76, 77, 78, 74, 78, 76,
    73, 79, 75, 79, 75, 77, 74, 75, 77, 76, 73, 73, 77, 75, 77, 76, 79,
    76, 74, 73, 75, 79, 77, 74, 76, 76, 75, 77, 77, 75, 75, 78, 78, 77,
    75, 76, 75, 78, 76, 76, 77, 78, 77, 78, 78, 75, 75, 77, 74, 75, 76,
    77, 75, 79, 75, 78, 76, 77, 79, 80, 75, 78, 76, 76, 78, 76, 79, 75,
    77 ]
