%YAML:1.0
---
videoName: "headNod35.mp4"
gestureLabel: 202
fps: 30
pixelSizeInCmTemp: 2.9937500000000000e-01
faceCenterPointX: 268
faceCenterPointY: 78
headPositionsX: [ 267, 269, 268, 268, 269, 271, 269, 272, 268, 269, 272,
    272, 271, 267, 272, 268, 270, 272, 268, 269, 267, 270, 272, 270, 270,
    272, 272, 269, 270, 270, 270, 270, 269, 268, 271, 270, 268, 270, 266,
    270, 270, 267, 268, 266, 269, 268, 268, 267, 271, 267, 268, 269, 267,
    269, 266, 269, 269, 267, 267, 266, 270, 268, 266, 267, 270, 271, 266,
    270, 270, 270, 270, 269, 269, 270, 269, 269, 267, 271, 267, 270, 267,
    268, 269, 269, 265, 264, 267, 265, 264, 266, 267, 267, 266, 268, 265,
    265, 265, 267, 266, 268 ]
headPositionsY: [ 77, 77, 76, 74, 73, 74, 77, 78, 77, 76, 78, 75, 76, 78,
    78, 74, 75, 76, 75, 78, 78, 77, 75, 78, 76, 74, 77, 74, 68, 67, 68,
    66, 69, 69, 68, 76, 77, 82, 91, 90, 91, 92, 90, 84, 80, 76, 77, 74,
    75, 76, 75, 78, 85, 89, 89, 88, 90, 85, 81, 79, 76, 73, 71, 72, 75,
    74, 76, 81, 83, 84, 85, 84, 80, 80, 77, 76, 76, 75, 76, 80, 81, 84,
    88, 86, 85, 84, 82, 83, 82, 80, 81, 80, 80, 79, 78, 80, 79, 76, 80,
    77 ]
