%YAML:1.0
---
videoName: "headNod13.mp4"
gestureLabel: 202
fps: 29
pixelSizeInCmTemp: 3.2364864864864862e-01
faceCenterPointX: 253
faceCenterPointY: 79
headPositionsX: [ 251, 253, 250, 252, 252, 251, 251, 254, 253, 254, 256,
    256, 256, 256, 256, 252, 256, 257, 254, 257, 257, 252, 252, 256, 255,
    253, 254, 253, 254, 251, 252, 255, 255, 253, 254, 252, 255, 254, 254,
    252, 252, 253, 250, 253, 254, 253, 253, 251, 255, 252, 251, 253, 256,
    252, 252, 252, 252, 251, 253, 254, 254, 255, 254, 254, 255, 251, 253,
    252, 253, 251, 254, 255, 255, 253, 256, 257, 255, 256, 256, 255, 254,
    253, 255, 256, 252, 254, 255, 257, 253, 254, 255, 256, 252, 253, 251,
    254, 252, 253, 250, 250 ]
headPositionsY: [ 79, 73, 74, 74, 73, 71, 74, 75, 75, 74, 75, 75, 72, 71,
    73, 71, 73, 74, 73, 74, 76, 73, 75, 75, 76, 72, 74, 71, 75, 76, 71,
    72, 73, 73, 75, 74, 74, 73, 75, 71, 75, 72, 74, 76, 72, 73, 72, 74,
    73, 72, 71, 71, 70, 68, 70, 72, 72, 72, 78, 78, 77, 81, 75, 78, 75,
    71, 70, 68, 68, 69, 71, 75, 76, 74, 80, 77, 80, 76, 79, 77, 73, 72,
    75, 74, 75, 74, 77, 79, 77, 82, 80, 81, 79, 82, 79, 81, 78, 79, 79,
    77 ]
