%YAML:1.0
---
videoName: "headShake8.mp4"
gestureLabel: 201
fps: 29
pixelSizeInCmTemp: 3.2364864864864862e-01
faceCenterPointX: 243
faceCenterPointY: 72
headPositionsX: [ 245, 242, 244, 242, 245, 245, 245, 243, 242, 245, 245,
    243, 241, 242, 243, 243, 242, 243, 244, 242, 246, 244, 242, 243, 244,
    245, 245, 241, 243, 245, 242, 245, 241, 243, 247, 249, 252, 254, 260,
    263, 263, 265, 265, 260, 257, 252, 244, 240, 233, 235, 229, 233, 231,
    238, 242, 251, 252, 259, 259, 261, 258, 252, 249, 247, 241, 239, 235,
    232, 236, 235, 236, 238, 239, 238, 243, 247, 249, 248, 249, 249, 250,
    252, 248, 250, 247, 250, 249, 249, 246, 243, 244, 243, 244, 241, 243,
    245, 243, 241, 244, 244 ]
headPositionsY: [ 71, 69, 73, 71, 74, 74, 70, 73, 73, 72, 72, 74, 71, 73,
    70, 71, 72, 72, 69, 71, 73, 72, 73, 74, 73, 72, 69, 72, 73, 71, 71,
    73, 72, 74, 73, 70, 68, 71, 69, 70, 71, 72, 69, 72, 70, 71, 71, 73,
    69, 73, 70, 70, 73, 69, 74, 71, 71, 70, 67, 69, 70, 70, 69, 73, 74,
    74, 73, 71, 72, 71, 73, 71, 73, 72, 73, 73, 74, 70, 73, 74, 72, 72,
    70, 71, 71, 74, 73, 70, 69, 70, 71, 72, 69, 69, 70, 72, 73, 74, 74,
    73 ]
