%YAML:1.0
---
videoName: "headNod26.mp4"
gestureLabel: 202
fps: 29
pixelSizeInCmTemp: 3.1513157894736843e-01
faceCenterPointX: 271
faceCenterPointY: 78
headPositionsX: [ 273, 274, 274, 271, 273, 271, 274, 270, 272, 272, 274,
    275, 273, 270, 274, 272, 275, 273, 273, 271, 274, 275, 273, 273, 272,
    274, 270, 270, 272, 271, 273, 270, 274, 273, 274, 273, 272, 273, 270,
    270, 273, 273, 272, 271, 273, 270, 270, 274, 271, 273, 270, 272, 272,
    273, 269, 273, 270, 273, 272, 271, 270, 274, 273, 273, 272, 271, 270,
    270, 270, 272, 274, 273, 272, 272, 272, 272, 272, 270, 272, 271, 270,
    272, 273, 272, 270, 272, 268, 273, 271, 270, 273, 273, 272, 270, 268,
    269, 269, 272, 269, 271 ]
headPositionsY: [ 78, 73, 76, 72, 76, 74, 71, 68, 66, 66, 67, 67, 67, 67,
    68, 67, 72, 71, 72, 76, 80, 82, 83, 82, 84, 82, 78, 75, 70, 70, 69,
    67, 66, 67, 71, 69, 75, 75, 78, 80, 79, 77, 77, 76, 75, 68, 67, 71,
    68, 70, 68, 73, 73, 76, 73, 78, 75, 76, 72, 69, 68, 68, 68, 65, 68,
    70, 70, 68, 70, 74, 74, 76, 76, 76, 77, 74, 72, 68, 67, 69, 66, 68,
    69, 70, 69, 74, 75, 79, 76, 79, 77, 80, 77, 78, 79, 79, 77, 76, 76,
    79 ]
