%YAML:1.0
---
videoName: "headShake26.mp4"
gestureLabel: 201
fps: 30
pixelSizeInCmTemp: 3.2808219178082193e-01
faceCenterPointX: 243
faceCenterPointY: 78
headPositionsX: [ 241, 239, 238, 240, 240, 245, 245, 245, 246, 248, 250,
    250, 252, 252, 250, 252, 251, 249, 245, 244, 242, 237, 235, 235, 231,
    229, 227, 229, 228, 229, 234, 237, 238, 239, 246, 246, 248, 253, 253,
    252, 254, 252, 248, 247, 245, 242, 239, 233, 234, 230, 229, 227, 227,
    229, 232, 232, 237, 239, 244, 249, 246, 252, 251, 254, 252, 252, 252,
    252, 251, 249, 244, 244, 240, 242, 240, 238, 236, 239, 238, 236, 236,
    236, 239, 238, 238, 243, 241, 241, 245, 245, 247, 242, 243, 242, 243,
    241, 245, 244, 244, 241 ]
headPositionsY: [ 76, 78, 76, 79, 77, 77, 78, 76, 76, 75, 77, 77, 79, 77,
    77, 78, 76, 80, 76, 77, 81, 80, 79, 75, 79, 75, 75, 78, 75, 79, 75,
    76, 77, 76, 78, 76, 77, 76, 74, 79, 78, 78, 78, 76, 80, 80, 79, 75,
    77, 79, 75, 75, 75, 78, 77, 75, 80, 77, 78, 78, 78, 77, 78, 76, 78,
    74, 76, 78, 77, 79, 81, 77, 78, 81, 80, 77, 77, 80, 78, 78, 76, 78,
    77, 81, 78, 79, 81, 78, 77, 77, 80, 78, 81, 77, 79, 77, 77, 78, 80,
    81 ]
