%YAML:1.0
---
videoName: "headShake20.mp4"
gestureLabel: 201
fps: 29
pixelSizeInCmTemp: 3.3263888888888887e-01
faceCenterPointX: 242
faceCenterPointY: 78
headPositionsX: [ 244, 242, 246, 242, 243, 241, 246, 242, 243, 244, 240,
    242, 243, 241, 240, 244, 243, 246, 243, 243, 244, 245, 245, 244, 242,
    241, 243, 243, 242, 243, 245, 241, 243, 241, 242, 242, 242, 241, 243,
    247, 248, 252, 256, 259, 260, 257, 258, 253, 248, 244, 238, 235, 229,
    230, 230, 232, 236, 243, 248, 253, 252, 252, 251, 246, 243, 239, 234,
    233, 229, 233, 236, 239, 239, 241, 248, 244, 245, 246, 245, 243, 241,
    239, 241, 238, 243, 239, 242, 241, 244, 242, 243, 246, 241, 244, 241,
    245, 242, 242, 241, 239 ]
headPositionsY: [ 78, 78, 75, 78, 76, 75, 74, 74, 77, 79, 75, 77, 74, 75,
    78, 78, 75, 76, 74, 77, 77, 77, 76, 78, 78, 76, 75, 75, 76, 79, 77,
    78, 77, 74, 76, 74, 78, 74, 75, 74, 74, 74, 75, 74, 73, 76, 77, 76,
    79, 77, 78, 76, 79, 73, 73, 78, 75, 78, 77, 75, 73, 74, 73, 77, 76,
    76, 78, 76, 75, 77, 76, 77, 78, 76, 77, 76, 76, 75, 77, 74, 76, 76,
    76, 79, 78, 76, 76, 76, 75, 76, 78, 78, 77, 80, 78, 78, 76, 78, 79,
    76 ]
