%YAML:1.0
---
videoName: "headNod37.mp4"
gestureLabel: 202
fps: 29
pixelSizeInCmTemp: 2.9207317073170730e-01
faceCenterPointX: 269
faceCenterPointY: 78
headPositionsX: [ 268, 270, 269, 271, 271, 270, 273, 270, 269, 267, 271,
    272, 272, 269, 268, 271, 270, 268, 271, 271, 269, 269, 269, 268, 270,
    268, 272, 269, 268, 272, 272, 270, 270, 272, 269, 271, 268, 268, 269,
    270, 269, 270, 271, 268, 270, 267, 268, 267, 271, 268, 267, 269, 269,
    271, 271, 269, 272, 270, 270, 269, 268, 267, 270, 270, 267, 266, 268,
    267, 267, 266, 267, 265, 268, 267, 267, 269, 269, 268, 269, 271, 271,
    270, 268, 270, 271, 272, 271, 268, 272, 270, 270, 271, 268, 267, 267,
    267, 267, 267, 269, 269 ]
headPositionsY: [ 77, 77, 74, 74, 77, 76, 78, 74, 75, 74, 74, 76, 77, 73,
    75, 74, 75, 75, 77, 74, 75, 73, 75, 75, 73, 73, 76, 76, 75, 74, 74,
    77, 73, 79, 75, 74, 74, 78, 73, 76, 76, 75, 75, 77, 77, 77, 77, 78,
    78, 74, 73, 74, 70, 71, 69, 67, 67, 66, 69, 69, 69, 70, 80, 84, 88,
    88, 88, 85, 82, 82, 73, 74, 71, 67, 65, 66, 66, 68, 66, 67, 72, 72,
    79, 79, 83, 84, 81, 80, 81, 78, 80, 77, 77, 79, 77, 78, 77, 78, 78,
    79 ]
