%YAML:1.0
---
videoName: "headShake31.mp4"
gestureLabel: 201
fps: 29
pixelSizeInCmTemp: 3.2808219178082193e-01
faceCenterPointX: 236
faceCenterPointY: 68
headPositionsX: [ 234, 239, 237, 235, 237, 235, 236, 237, 235, 236, 235,
    234, 236, 237, 235, 235, 236, 239, 238, 234, 236, 235, 239, 239, 238,
    236, 235, 239, 235, 239, 238, 235, 238, 236, 237, 236, 235, 238, 241,
    244, 246, 249, 253, 254, 253, 250, 243, 238, 230, 227, 222, 223, 223,
    223, 227, 232, 238, 246, 246, 246, 245, 242, 241, 239, 234, 231, 230,
    230, 230, 233, 231, 238, 240, 240, 241, 242, 242, 241, 242, 239, 240,
    238, 236, 233, 235, 235, 233, 235, 233, 233, 236, 234, 236, 236, 235,
    234, 236, 236, 236, 235 ]
headPositionsY: [ 68, 66, 69, 69, 65, 66, 66, 70, 67, 67, 69, 68, 68, 66,
    66, 67, 66, 68, 70, 68, 69, 67, 65, 70, 68, 65, 65, 67, 65, 68, 66,
    69, 66, 67, 68, 67, 69, 65, 68, 65, 67, 67, 64, 65, 66, 68, 70, 66,
    68, 66, 68, 66, 66, 69, 68, 68, 72, 70, 71, 69, 67, 70, 67, 71, 69,
    71, 69, 69, 69, 69, 69, 70, 71, 66, 69, 70, 68, 67, 71, 68, 67, 68,
    69, 70, 68, 67, 69, 72, 68, 67, 70, 68, 71, 68, 69, 69, 68, 70, 68,
    69 ]
