%YAML:1.0
---
videoName: "headLookDown6.mp4"
gestureLabel: 206
fps: 29
pixelSizeInCmTemp: 3.4710144927536229e-01
faceCenterPointX: 276
faceCenterPointY: 98
headPositionsX: [ 277, 273, 274, 276, 273, 275, 273, 273, 277, 276, 277,
    276, 277, 273, 276, 276, 274, 275, 277, 276, 274, 276, 276, 278, 273,
    273, 275, 276, 275, 273, 274, 274, 275, 276, 274, 275, 273, 274, 277,
    275, 275, 278, 277, 278, 275, 277, 276, 274, 275, 278, 275, 273, 273,
    276, 278, 274, 275, 274, 278, 276, 275, 277, 275, 274, 273, 274, 275,
    272, 276, 277, 275, 277, 276, 277, 274, 274, 273, 276, 273, 274, 277,
    274, 277, 278, 275, 277, 275, 278, 277, 276, 274, 275, 278, 276, 276,
    276, 276, 277, 276, 274 ]
headPositionsY: [ 97, 81, 83, 83, 83, 82, 80, 81, 81, 80, 82, 81, 79, 80,
    82, 80, 80, 80, 80, 82, 82, 80, 82, 81, 83, 80, 84, 84, 82, 84, 82,
    85, 80, 81, 85, 82, 84, 82, 82, 84, 82, 83, 87, 86, 86, 87, 90, 90,
    90, 90, 92, 96, 95, 95, 95, 97, 96, 96, 99, 99, 96, 97, 96, 97, 100,
    101, 100, 96, 98, 101, 97, 100, 101, 99, 100, 100, 97, 100, 96, 98,
    98, 98, 99, 98, 100, 99, 97, 98, 98, 97, 98, 100, 98, 99, 95, 100,
    98, 99, 97, 99 ]
