%YAML:1.0
---
videoName: "headShake26.mp4"
gestureLabel: 201
fps: 30
pixelSizeInCmTemp: 3.2808219178082193e-01
faceCenterPointX: 243
faceCenterPointY: 78
headPositionsX: [ 244, 239, 240, 241, 241, 244, 246, 243, 249, 249, 248,
    251, 253, 252, 251, 250, 252, 247, 245, 245, 242, 238, 234, 233, 232,
    230, 226, 230, 228, 233, 232, 234, 241, 243, 247, 245, 247, 250, 251,
    251, 256, 252, 250, 246, 245, 243, 241, 237, 235, 231, 228, 231, 227,
    229, 233, 234, 237, 237, 240, 248, 247, 250, 251, 251, 252, 253, 251,
    249, 248, 245, 244, 241, 243, 238, 236, 237, 237, 238, 237, 234, 239,
    238, 240, 239, 242, 240, 242, 244, 244, 243, 244, 245, 243, 245, 246,
    245, 245, 242, 243, 244 ]
headPositionsY: [ 76, 75, 77, 76, 74, 79, 76, 75, 77, 75, 80, 76, 75, 76,
    78, 76, 79, 78, 76, 79, 78, 79, 79, 79, 78, 77, 78, 76, 77, 76, 77,
    75, 75, 76, 79, 78, 79, 76, 76, 75, 78, 76, 77, 80, 80, 77, 80, 78,
    76, 76, 76, 77, 78, 75, 78, 79, 78, 80, 79, 76, 77, 75, 76, 75, 78,
    78, 77, 77, 79, 79, 79, 81, 78, 79, 77, 77, 77, 77, 80, 79, 80, 79,
    78, 80, 80, 76, 80, 77, 77, 81, 80, 81, 80, 79, 77, 79, 78, 78, 80,
    77 ]
