%YAML:1.0
---
videoName: "headLookUp4.mp4"
gestureLabel: 205
fps: 30
pixelSizeInCmTemp: 3.6846153846153845e-01
faceCenterPointX: 256
faceCenterPointY: 68
headPositionsX: [ 256, 257, 254, 255, 256, 258, 256, 258, 254, 258, 257,
    258, 255, 256, 258, 253, 258, 255, 257, 257, 255, 254, 254, 257, 257,
    257, 256, 254, 255, 257, 259, 255, 255, 254, 255, 255, 256, 257, 255,
    256, 256, 254, 257, 255, 257, 258, 255, 253, 256, 257, 254, 257, 256,
    256, 256, 255, 255, 254, 256, 255, 257, 253, 256, 254, 258, 255, 257,
    254, 254, 254, 256, 254, 254, 259, 256, 258, 254, 254, 256, 255, 257,
    254, 256, 257, 255, 257, 259, 252, 257, 255, 257, 257, 259, 253, 257,
    254, 254, 255, 253, 257 ]
headPositionsY: [ 66, 83, 82, 80, 81, 80, 83, 85, 82, 80, 84, 81, 81, 83,
    82, 80, 82, 82, 84, 84, 83, 82, 81, 80, 78, 79, 78, 72, 72, 72, 70,
    69, 67, 69, 67, 65, 67, 66, 71, 68, 69, 69, 70, 68, 67, 67, 71, 70,
    67, 69, 68, 68, 68, 70, 71, 70, 66, 69, 70, 71, 66, 68, 68, 66, 71,
    68, 68, 69, 68, 69, 69, 67, 67, 68, 69, 67, 67, 71, 65, 66, 72, 69,
    71, 70, 67, 67, 71, 68, 70, 69, 70, 67, 70, 69, 69, 67, 69, 69, 68,
    69 ]
