%YAML:1.0
---
videoName: "headLookUp4.mp4"
gestureLabel: 205
fps: 30
pixelSizeInCmTemp: 3.6846153846153845e-01
faceCenterPointX: 256
faceCenterPointY: 68
headPositionsX: [ 257, 254, 258, 257, 255, 254, 254, 258, 254, 258, 258,
    257, 255, 258, 258, 253, 254, 255, 258, 255, 256, 258, 254, 258, 256,
    254, 255, 257, 257, 255, 255, 254, 256, 254, 257, 256, 255, 258, 253,
    254, 253, 255, 254, 254, 254, 257, 257, 256, 257, 253, 257, 257, 254,
    257, 255, 257, 254, 255, 256, 255, 257, 253, 256, 258, 258, 254, 255,
    255, 257, 254, 257, 256, 255, 256, 254, 255, 256, 257, 255, 256, 257,
    255, 253, 254, 256, 258, 257, 255, 256, 255, 257, 254, 257, 255, 259,
    253, 258, 256, 254, 257 ]
headPositionsY: [ 70, 82, 84, 80, 83, 84, 82, 82, 80, 84, 84, 80, 81, 83,
    81, 82, 82, 80, 83, 80, 84, 82, 80, 82, 77, 79, 76, 74, 73, 69, 69,
    68, 69, 70, 68, 69, 69, 69, 69, 68, 70, 72, 66, 66, 68, 70, 69, 67,
    67, 68, 68, 67, 70, 71, 69, 67, 66, 68, 68, 69, 67, 68, 68, 69, 70,
    71, 68, 71, 71, 69, 71, 69, 69, 70, 66, 67, 68, 70, 66, 66, 68, 66,
    71, 69, 71, 68, 71, 66, 72, 71, 70, 69, 71, 66, 72, 69, 68, 72, 70,
    68 ]
