%YAML:1.0
---
videoName: "headNod1.mp4"
gestureLabel: 202
fps: 29
pixelSizeInCmTemp: 3.2808219178082193e-01
faceCenterPointX: 263
faceCenterPointY: 78
headPositionsX: [ 265, 263, 263, 265, 261, 266, 261, 264, 265, 265, 264,
    265, 265, 265, 265, 266, 262, 266, 265, 262, 263, 264, 267, 262, 263,
    265, 267, 263, 264, 266, 262, 262, 263, 267, 264, 262, 265, 263, 266,
    263, 268, 266, 265, 265, 264, 266, 265, 266, 266, 263, 264, 265, 262,
    263, 264, 263, 262, 261, 262, 261, 264, 264, 261, 264, 261, 264, 265,
    262, 261, 265, 261, 262, 265, 264, 263, 263, 261, 263, 263, 264, 263,
    264, 262, 263, 261, 263, 263, 265, 266, 263, 263, 260, 262, 260, 261,
    260, 265, 265, 265, 261 ]
headPositionsY: [ 78, 73, 76, 75, 73, 75, 76, 77, 73, 77, 74, 77, 73, 73,
    72, 73, 72, 75, 74, 77, 75, 73, 73, 75, 77, 76, 74, 74, 73, 74, 76,
    76, 72, 72, 73, 70, 71, 67, 67, 65, 65, 63, 65, 64, 65, 67, 70, 70,
    69, 74, 76, 78, 80, 81, 80, 79, 79, 79, 75, 72, 70, 70, 67, 66, 67,
    68, 71, 71, 72, 78, 80, 80, 78, 75, 74, 70, 67, 66, 67, 66, 68, 67,
    69, 72, 75, 75, 79, 82, 81, 84, 81, 81, 78, 81, 78, 76, 80, 77, 78,
    76 ]
