%YAML:1.0
---
videoName: "headShake38.mp4"
gestureLabel: 201
fps: 29
pixelSizeInCmTemp: 3.2808219178082193e-01
faceCenterPointX: 259
faceCenterPointY: 84
headPositionsX: [ 258, 262, 264, 261, 263, 264, 262, 262, 263, 261, 266,
    263, 265, 261, 262, 264, 263, 266, 262, 264, 262, 262, 261, 263, 264,
    263, 262, 265, 265, 261, 264, 263, 264, 261, 262, 261, 262, 264, 261,
    261, 261, 260, 259, 255, 255, 248, 248, 249, 250, 250, 259, 268, 272,
    277, 280, 276, 267, 263, 255, 251, 246, 250, 252, 258, 266, 272, 270,
    267, 264, 259, 254, 250, 245, 246, 251, 252, 260, 262, 264, 267, 271,
    268, 267, 268, 266, 265, 261, 260, 261, 262, 258, 260, 262, 260, 259,
    261, 261, 261, 261, 261 ]
headPositionsY: [ 86, 85, 85, 84, 81, 82, 84, 82, 83, 80, 82, 84, 84, 81,
    84, 85, 85, 86, 81, 85, 84, 85, 82, 85, 85, 82, 81, 83, 82, 84, 83,
    84, 83, 84, 84, 83, 83, 85, 85, 83, 81, 84, 82, 81, 82, 82, 84, 82,
    84, 86, 84, 86, 84, 83, 85, 84, 83, 84, 85, 85, 83, 81, 81, 83, 84,
    81, 82, 82, 84, 82, 83, 80, 86, 85, 84, 82, 82, 82, 82, 85, 84, 84,
    86, 83, 83, 87, 83, 85, 85, 84, 84, 84, 82, 82, 84, 84, 82, 84, 83,
    86 ]
