%YAML:1.0
---
videoName: "headLookRight5.mp4"
gestureLabel: 204
fps: 29
pixelSizeInCmTemp: 3.1513157894736843e-01
faceCenterPointX: 228
faceCenterPointY: 76
headPositionsX: [ 227, 251, 248, 251, 251, 247, 250, 252, 251, 249, 248,
    247, 250, 247, 252, 251, 247, 252, 247, 251, 246, 251, 252, 251, 250,
    252, 249, 248, 249, 248, 249, 246, 246, 243, 244, 240, 238, 238, 231,
    232, 231, 230, 227, 228, 226, 226, 226, 223, 227, 227, 227, 227, 223,
    227, 223, 227, 227, 227, 227, 224, 224, 221, 226, 228, 228, 227, 224,
    227, 226, 229, 224, 224, 223, 227, 224, 224, 226, 225, 228, 222, 225,
    225, 228, 223, 222, 226, 225, 225, 226, 225, 221, 225, 222, 226, 224,
    223, 227, 223, 226, 226 ]
headPositionsY: [ 77, 76, 73, 75, 72, 73, 74, 75, 77, 76, 74, 73, 76, 76,
    75, 76, 73, 77, 74, 73, 74, 72, 74, 72, 75, 73, 73, 73, 75, 77, 73,
    75, 76, 74, 76, 76, 72, 71, 74, 75, 73, 74, 72, 74, 72, 75, 75, 76,
    76, 74, 75, 76, 72, 75, 72, 74, 72, 76, 75, 75, 76, 72, 73, 72, 76,
    75, 76, 74, 75, 75, 76, 77, 75, 74, 74, 75, 75, 74, 75, 71, 76, 75,
    76, 75, 71, 74, 75, 72, 73, 76, 74, 74, 73, 74, 71, 74, 72, 72, 73,
    73 ]
