%YAML:1.0
---
videoName: "headShake22.mp4"
gestureLabel: 201
fps: 29
pixelSizeInCmTemp: 3.2364864864864862e-01
faceCenterPointX: 241
faceCenterPointY: 79
headPositionsX: [ 242, 240, 244, 244, 240, 242, 245, 244, 242, 244, 243,
    242, 241, 242, 244, 243, 240, 242, 241, 242, 242, 244, 241, 243, 241,
    242, 244, 240, 244, 240, 245, 241, 241, 243, 243, 241, 240, 244, 244,
    244, 241, 242, 242, 240, 241, 241, 243, 242, 243, 243, 239, 241, 243,
    243, 241, 241, 244, 241, 242, 244, 243, 242, 242, 240, 243, 242, 239,
    242, 244, 250, 252, 255, 254, 254, 252, 251, 247, 243, 240, 237, 237,
    238, 240, 243, 243, 246, 245, 243, 243, 244, 240, 240, 239, 242, 239,
    239, 242, 240, 238, 239 ]
headPositionsY: [ 77, 75, 75, 77, 76, 75, 78, 76, 77, 76, 78, 75, 75, 77,
    74, 76, 76, 79, 77, 75, 75, 74, 75, 75, 78, 74, 74, 76, 78, 74, 76,
    74, 74, 76, 78, 74, 76, 74, 76, 74, 76, 74, 74, 76, 76, 78, 78, 77,
    78, 77, 77, 78, 76, 78, 74, 74, 76, 75, 75, 78, 75, 76, 77, 78, 75,
    77, 74, 79, 78, 74, 76, 74, 74, 74, 77, 74, 79, 75, 77, 76, 79, 78,
    75, 79, 76, 78, 79, 78, 76, 77, 77, 79, 78, 80, 79, 80, 81, 79, 77,
    77 ]
