%YAML:1.0
---
videoName: "headNod39.mp4"
gestureLabel: 202
fps: 29
pixelSizeInCmTemp: 2.9937500000000000e-01
faceCenterPointX: 268
faceCenterPointY: 78
headPositionsX: [ 269, 266, 265, 265, 268, 269, 270, 268, 266, 268, 267,
    269, 266, 271, 270, 270, 271, 267, 269, 270, 268, 267, 269, 269, 267,
    268, 268, 270, 268, 269, 268, 269, 268, 269, 269, 270, 267, 267, 269,
    268, 271, 270, 269, 269, 268, 268, 268, 266, 269, 269, 268, 267, 266,
    267, 267, 266, 267, 268, 268, 264, 264, 268, 265, 266, 265, 265, 266,
    265, 267, 267, 267, 268, 268, 268, 267, 267, 267, 265, 269, 266, 269,
    267, 267, 266, 268, 266, 270, 265, 267, 269, 265, 266, 269, 269, 269,
    267, 265, 269, 266, 264 ]
headPositionsY: [ 80, 79, 74, 78, 77, 78, 78, 76, 78, 78, 75, 78, 75, 77,
    78, 74, 77, 79, 77, 74, 76, 76, 77, 77, 75, 76, 75, 77, 78, 75, 79,
    75, 78, 76, 76, 77, 75, 79, 78, 81, 80, 83, 85, 88, 84, 82, 78, 76,
    76, 74, 74, 75, 75, 77, 77, 85, 87, 91, 89, 89, 87, 79, 78, 77, 72,
    72, 75, 74, 79, 81, 81, 82, 82, 83, 76, 75, 75, 76, 73, 76, 76, 78,
    80, 83, 81, 80, 81, 78, 79, 76, 80, 78, 76, 79, 79, 77, 79, 80, 76,
    79 ]
