%YAML:1.0
---
videoName: "headShake3.mp4"
gestureLabel: 201
fps: 30
pixelSizeInCmTemp: 3.3263888888888887e-01
faceCenterPointX: 240
faceCenterPointY: 101
headPositionsX: [ 238, 240, 242, 242, 243, 239, 244, 240, 239, 243, 241,
    242, 241, 239, 241, 241, 242, 240, 240, 242, 241, 242, 242, 240, 241,
    242, 240, 242, 241, 241, 236, 241, 239, 243, 246, 247, 254, 253, 254,
    255, 253, 251, 246, 240, 239, 234, 230, 228, 228, 229, 232, 240, 243,
    249, 248, 250, 250, 245, 242, 237, 234, 228, 227, 224, 226, 225, 232,
    235, 238, 241, 245, 245, 246, 243, 244, 244, 238, 236, 236, 234, 235,
    232, 234, 236, 233, 238, 236, 237, 241, 240, 242, 241, 237, 240, 241,
    243, 241, 243, 241, 238 ]
headPositionsY: [ 101, 100, 101, 100, 101, 98, 99, 96, 97, 100, 98, 98,
    98, 98, 100, 97, 97, 97, 98, 100, 98, 101, 100, 97, 99, 98, 99, 99,
    96, 100, 99, 98, 99, 99, 100, 100, 96, 97, 96, 100, 96, 97, 97, 99,
    98, 101, 101, 97, 96, 101, 97, 99, 99, 100, 99, 97, 99, 96, 100, 101,
    99, 97, 99, 99, 95, 96, 97, 98, 100, 99, 98, 97, 98, 99, 99, 101, 97,
    98, 97, 99, 99, 97, 101, 100, 100, 100, 100, 98, 98, 99, 103, 100,
    99, 99, 100, 103, 99, 102, 103, 101 ]
