%YAML:1.0
---
videoName: "headShake30.mp4"
gestureLabel: 201
fps: 29
pixelSizeInCmTemp: 3.2808219178082193e-01
faceCenterPointX: 240
faceCenterPointY: 68
headPositionsX: [ 238, 235, 235, 231, 230, 233, 233, 233, 233, 234, 233,
    236, 237, 239, 240, 240, 243, 239, 241, 243, 244, 243, 244, 241, 242,
    242, 240, 242, 243, 243, 240, 238, 238, 239, 237, 238, 240, 239, 243,
    249, 248, 252, 256, 256, 258, 260, 256, 255, 251, 244, 239, 232, 226,
    223, 221, 227, 231, 232, 239, 245, 250, 251, 251, 251, 245, 240, 239,
    230, 227, 225, 230, 227, 232, 237, 242, 246, 246, 248, 253, 249, 246,
    243, 240, 237, 236, 236, 236, 239, 237, 241, 240, 242, 239, 239, 238,
    238, 238, 238, 239, 238 ]
headPositionsY: [ 66, 54, 56, 57, 59, 59, 59, 59, 63, 65, 65, 66, 63, 66,
    63, 63, 63, 64, 68, 63, 65, 63, 65, 64, 64, 66, 66, 68, 66, 67, 66,
    67, 64, 67, 68, 65, 64, 64, 66, 64, 63, 64, 66, 65, 66, 67, 66, 64,
    67, 68, 67, 65, 67, 69, 66, 68, 69, 70, 66, 67, 69, 66, 64, 70, 68,
    71, 69, 67, 67, 66, 68, 70, 70, 66, 69, 67, 67, 68, 66, 66, 65, 69,
    66, 70, 66, 67, 68, 68, 69, 66, 68, 67, 70, 66, 70, 65, 69, 66, 69,
    69 ]
