%YAML:1.0
---
videoName: "headNod18.mp4"
gestureLabel: 202
fps: 29
pixelSizeInCmTemp: 3.3263888888888887e-01
faceCenterPointX: 255
faceCenterPointY: 77
headPositionsX: [ 257, 255, 255, 257, 259, 254, 255, 255, 258, 254, 254,
    255, 255, 256, 254, 254, 256, 253, 253, 256, 253, 254, 256, 253, 257,
    255, 256, 256, 255, 254, 256, 254, 255, 254, 257, 256, 253, 257, 255,
    257, 256, 255, 257, 254, 257, 258, 258, 257, 258, 255, 256, 255, 256,
    254, 254, 255, 256, 254, 253, 256, 252, 253, 255, 254, 254, 255, 254,
    256, 256, 252, 253, 254, 256, 255, 253, 253, 254, 253, 252, 255, 252,
    256, 251, 253, 253, 256, 255, 255, 256, 255, 255, 252, 254, 257, 254,
    254, 255, 252, 257, 253 ]
headPositionsY: [ 76, 79, 75, 79, 76, 76, 79, 75, 79, 78, 79, 77, 79, 78,
    75, 76, 79, 78, 77, 76, 76, 79, 78, 78, 80, 77, 80, 80, 78, 75, 80,
    78, 78, 76, 76, 80, 78, 76, 78, 78, 75, 75, 71, 74, 71, 74, 73, 70,
    73, 77, 74, 78, 80, 83, 78, 81, 77, 74, 70, 71, 72, 73, 77, 81, 84,
    84, 81, 78, 74, 74, 75, 74, 77, 79, 82, 83, 83, 81, 75, 75, 76, 76,
    74, 79, 79, 82, 82, 81, 79, 82, 81, 77, 78, 75, 78, 78, 77, 80, 75,
    79 ]
