%YAML:1.0
---
videoName: "headShake0.mp4"
gestureLabel: 201
fps: 29
pixelSizeInCmTemp: 3.2808219178082193e-01
faceCenterPointX: 279
faceCenterPointY: 94
headPositionsX: [ 278, 280, 277, 279, 280, 280, 281, 281, 281, 280, 281,
    278, 279, 279, 276, 278, 280, 280, 277, 278, 281, 281, 281, 279, 277,
    281, 277, 281, 280, 277, 279, 278, 279, 279, 278, 278, 278, 278, 281,
    281, 280, 281, 287, 288, 291, 293, 299, 302, 303, 301, 295, 291, 287,
    283, 276, 275, 273, 274, 276, 279, 282, 285, 289, 290, 289, 287, 288,
    284, 278, 276, 273, 271, 272, 277, 278, 281, 282, 285, 283, 284, 279,
    277, 275, 277, 274, 276, 278, 278, 280, 279, 277, 279, 280, 280, 280,
    279, 277, 281, 277, 277 ]
headPositionsY: [ 93, 93, 93, 93, 93, 94, 95, 95, 91, 93, 95, 93, 91, 92,
    95, 93, 91, 95, 94, 92, 93, 95, 91, 95, 92, 95, 94, 92, 95, 93, 90,
    94, 94, 91, 95, 93, 92, 91, 95, 92, 95, 95, 92, 93, 90, 89, 90, 89,
    94, 93, 93, 90, 93, 91, 93, 94, 94, 94, 91, 90, 94, 91, 94, 93, 91,
    91, 93, 93, 93, 92, 92, 95, 92, 94, 92, 92, 91, 92, 95, 93, 92, 92,
    93, 91, 92, 92, 93, 91, 92, 96, 92, 94, 94, 96, 95, 93, 96, 96, 96,
    96 ]
