%YAML:1.0
---
videoName: "headLookUp5.mp4"
gestureLabel: 205
fps: 29
pixelSizeInCmTemp: 3.6287878787878786e-01
faceCenterPointX: 256
faceCenterPointY: 67
headPositionsX: [ 257, 259, 258, 257, 257, 258, 255, 258, 254, 258, 258,
    257, 256, 256, 257, 258, 254, 255, 254, 257, 256, 257, 257, 257, 258,
    257, 254, 257, 255, 257, 255, 256, 258, 256, 256, 256, 257, 256, 255,
    257, 256, 259, 256, 257, 254, 259, 254, 256, 254, 256, 256, 257, 254,
    258, 256, 256, 256, 255, 256, 256, 255, 257, 254, 253, 254, 258, 257,
    255, 255, 254, 256, 254, 255, 257, 255, 256, 259, 256, 257, 257, 257,
    254, 254, 256, 258, 256, 254, 256, 258, 255, 256, 258, 256, 257, 256,
    258, 255, 257, 256, 257 ]
headPositionsY: [ 69, 80, 81, 82, 79, 82, 82, 81, 81, 83, 80, 80, 80, 81,
    83, 83, 79, 83, 82, 79, 81, 81, 78, 79, 81, 82, 80, 82, 78, 80, 79,
    78, 79, 78, 77, 76, 77, 73, 73, 70, 71, 68, 68, 67, 69, 67, 68, 68,
    70, 69, 68, 70, 70, 69, 70, 69, 67, 66, 66, 70, 68, 65, 70, 70, 68,
    65, 68, 67, 66, 65, 69, 69, 68, 66, 68, 66, 68, 66, 64, 67, 66, 67,
    66, 66, 65, 70, 67, 69, 67, 65, 68, 67, 66, 69, 66, 65, 69, 68, 66,
    67 ]
