%YAML:1.0
---
videoName: "headLookLeft4.mp4"
gestureLabel: 203
fps: 29
pixelSizeInCmTemp: 3.4710144927536229e-01
faceCenterPointX: 288
faceCenterPointY: 74
headPositionsX: [ 288, 263, 264, 265, 266, 264, 267, 268, 274, 272, 276,
    279, 279, 282, 287, 291, 293, 294, 297, 295, 295, 293, 294, 297, 291,
    296, 293, 298, 296, 295, 292, 293, 292, 293, 292, 292, 292, 295, 293,
    294, 289, 289, 293, 296, 292, 292, 287, 290, 291, 288, 290, 288, 293,
    293, 292, 287, 289, 292, 287, 292, 287, 288, 292, 289, 288, 290, 290,
    287, 286, 291, 286, 289, 289, 290, 287, 289, 293, 286, 295, 289, 291,
    291, 294, 290, 292, 289, 287, 288, 291, 290, 289, 291, 289, 287, 292,
    287, 289, 289, 288, 290 ]
headPositionsY: [ 73, 78, 79, 79, 79, 79, 80, 79, 77, 77, 78, 76, 79, 79,
    75, 76, 75, 79, 76, 78, 76, 76, 73, 74, 74, 75, 74, 81, 75, 79, 77,
    80, 79, 75, 73, 74, 82, 73, 77, 77, 76, 76, 74, 76, 73, 73, 72, 74,
    74, 73, 73, 75, 74, 75, 74, 75, 76, 74, 74, 75, 75, 76, 76, 72, 72,
    76, 74, 76, 75, 76, 72, 73, 75, 74, 76, 76, 75, 72, 76, 74, 77, 72,
    75, 74, 72, 75, 72, 74, 73, 75, 74, 77, 76, 74, 75, 73, 73, 76, 73,
    77 ]
