%YAML:1.0
---
videoName: "headLookLeft7.mp4"
gestureLabel: 203
fps: 29
pixelSizeInCmTemp: 3.4214285714285714e-01
faceCenterPointX: 268
faceCenterPointY: 68
headPositionsX: [ 269, 246, 245, 245, 244, 247, 246, 247, 244, 243, 246,
    246, 246, 244, 245, 246, 244, 243, 243, 247, 243, 248, 245, 247, 243,
    243, 244, 247, 248, 247, 247, 252, 255, 254, 256, 259, 259, 263, 263,
    264, 266, 264, 269, 266, 266, 266, 271, 265, 269, 267, 266, 268, 269,
    268, 265, 266, 269, 266, 269, 272, 264, 267, 268, 269, 269, 266, 264,
    268, 265, 268, 269, 267, 267, 268, 266, 266, 271, 268, 265, 270, 268,
    268, 272, 266, 268, 267, 268, 271, 266, 270, 271, 270, 267, 267, 269,
    270, 268, 269, 271, 270 ]
headPositionsY: [ 69, 68, 71, 70, 68, 70, 70, 71, 71, 68, 69, 68, 69, 71,
    70, 69, 70, 68, 68, 72, 68, 71, 72, 71, 68, 68, 72, 68, 72, 69, 71,
    70, 70, 70, 69, 66, 68, 68, 68, 66, 65, 67, 67, 66, 67, 68, 71, 67,
    71, 70, 67, 68, 70, 68, 69, 70, 70, 70, 67, 68, 71, 68, 67, 68, 67,
    67, 67, 68, 70, 71, 71, 67, 71, 68, 68, 71, 71, 69, 68, 70, 67, 67,
    69, 70, 67, 69, 70, 68, 68, 72, 68, 67, 68, 69, 71, 69, 66, 66, 71,
    67 ]
