%YAML:1.0
---
videoName: "headShake5.mp4"
gestureLabel: 201
fps: 30
pixelSizeInCmTemp: 3.3263888888888887e-01
faceCenterPointX: 275
faceCenterPointY: 73
headPositionsX: [ 274, 275, 278, 278, 279, 278, 280, 279, 280, 277, 278,
    276, 277, 278, 279, 279, 276, 276, 277, 278, 279, 279, 278, 278, 279,
    279, 276, 278, 279, 276, 279, 277, 281, 281, 284, 283, 287, 291, 295,
    298, 296, 293, 290, 287, 280, 274, 266, 266, 261, 264, 267, 274, 281,
    287, 291, 289, 288, 285, 279, 272, 266, 262, 263, 265, 266, 268, 275,
    280, 282, 285, 283, 282, 283, 279, 275, 269, 268, 268, 269, 268, 267,
    270, 273, 276, 281, 281, 282, 281, 279, 280, 280, 281, 276, 278, 275,
    274, 275, 273, 274, 273 ]
headPositionsY: [ 71, 71, 73, 74, 72, 72, 76, 71, 72, 71, 74, 74, 75, 72,
    75, 71, 74, 75, 72, 71, 73, 74, 74, 71, 75, 75, 73, 74, 72, 72, 73,
    72, 73, 73, 72, 75, 72, 74, 73, 72, 70, 73, 70, 72, 76, 72, 73, 73,
    75, 74, 71, 76, 76, 72, 75, 73, 76, 74, 76, 75, 78, 75, 74, 73, 72,
    72, 72, 74, 75, 72, 73, 73, 76, 74, 73, 72, 76, 70, 71, 73, 75, 74,
    73, 71, 75, 73, 73, 72, 70, 72, 71, 73, 73, 74, 74, 72, 75, 75, 74,
    72 ]
