%YAML:1.0
---
videoName: "headNod11.mp4"
gestureLabel: 202
fps: 29
pixelSizeInCmTemp: 3.2364864864864862e-01
faceCenterPointX: 261
faceCenterPointY: 75
headPositionsX: [ 262, 260, 259, 257, 259, 258, 257, 262, 258, 257, 258,
    261, 258, 260, 258, 261, 260, 261, 262, 261, 259, 261, 260, 259, 262,
    261, 262, 259, 258, 262, 258, 261, 260, 261, 258, 261, 262, 261, 259,
    262, 260, 258, 262, 260, 261, 258, 259, 258, 259, 263, 259, 259, 262,
    261, 259, 259, 261, 262, 261, 262, 259, 257, 259, 260, 260, 258, 257,
    259, 258, 258, 259, 259, 260, 260, 256, 255, 255, 257, 255, 256, 259,
    257, 260, 262, 261, 259, 258, 257, 259, 257, 262, 262, 261, 259, 262,
    259, 258, 262, 258, 261 ]
headPositionsY: [ 73, 73, 75, 74, 73, 73, 73, 73, 75, 74, 74, 72, 72, 74,
    73, 73, 72, 73, 75, 73, 72, 75, 72, 73, 73, 75, 76, 74, 74, 78, 76,
    76, 73, 73, 75, 75, 75, 75, 73, 77, 77, 76, 77, 76, 75, 75, 73, 71,
    74, 72, 69, 67, 67, 66, 70, 71, 75, 78, 76, 81, 78, 77, 76, 74, 70,
    70, 68, 67, 71, 73, 76, 76, 77, 80, 83, 82, 79, 78, 75, 74, 69, 70,
    73, 73, 73, 75, 78, 80, 78, 81, 77, 76, 79, 77, 75, 77, 75, 77, 74,
    74 ]
