%YAML:1.0
---
videoName: "headLookUp8.mp4"
gestureLabel: 205
fps: 29
pixelSizeInCmTemp: 3.4214285714285714e-01
faceCenterPointX: 253
faceCenterPointY: 59
headPositionsX: [ 251, 254, 254, 253, 252, 254, 255, 255, 251, 251, 251,
    251, 250, 255, 250, 251, 253, 252, 252, 253, 252, 250, 252, 253, 251,
    254, 252, 251, 251, 251, 252, 253, 254, 251, 251, 250, 254, 253, 254,
    251, 251, 250, 252, 253, 252, 251, 250, 250, 255, 250, 253, 254, 250,
    254, 254, 251, 252, 252, 250, 254, 254, 252, 251, 252, 251, 253, 252,
    251, 252, 253, 252, 251, 250, 252, 254, 251, 251, 252, 253, 252, 252,
    252, 254, 254, 250, 255, 252, 253, 251, 252, 252, 253, 255, 251, 253,
    250, 253, 253, 254, 251 ]
headPositionsY: [ 60, 77, 78, 74, 75, 79, 75, 76, 75, 77, 75, 73, 75, 76,
    74, 74, 73, 69, 70, 68, 69, 66, 70, 68, 64, 66, 64, 66, 65, 64, 61,
    64, 61, 63, 63, 63, 59, 58, 61, 57, 61, 61, 60, 61, 57, 59, 56, 58,
    61, 59, 61, 59, 56, 60, 60, 60, 58, 58, 56, 59, 59, 58, 56, 57, 60,
    60, 58, 61, 59, 60, 59, 58, 56, 61, 61, 59, 57, 61, 58, 59, 60, 58,
    57, 57, 59, 60, 57, 59, 60, 61, 57, 60, 59, 57, 58, 59, 57, 57, 60,
    58 ]
