%YAML:1.0
---
videoName: "headNod48.mp4"
gestureLabel: 202
fps: 29
pixelSizeInCmTemp: 2.8855421686746985e-01
faceCenterPointX: 264
faceCenterPointY: 72
headPositionsX: [ 264, 266, 263, 266, 262, 266, 264, 263, 266, 262, 264,
    266, 264, 263, 266, 261, 263, 263, 262, 264, 262, 259, 259, 259, 258,
    262, 261, 259, 263, 260, 260, 260, 262, 262, 260, 264, 262, 262, 262,
    261, 264, 261, 263, 263, 259, 260, 262, 259, 262, 262, 262, 263, 262,
    259, 260, 260, 263, 264, 261, 261, 263, 261, 265, 263, 261, 265, 262,
    265, 264, 263, 265, 262, 263, 262, 266, 267, 266, 265, 265, 266, 267,
    264, 265, 263, 264, 266, 267, 266, 265, 267, 268, 265, 268, 267, 268,
    265, 268, 266, 267, 263 ]
headPositionsY: [ 70, 76, 75, 79, 80, 78, 72, 70, 69, 65, 63, 63, 63, 65,
    69, 69, 74, 79, 83, 88, 87, 86, 86, 81, 77, 74, 70, 67, 65, 64, 63,
    66, 65, 63, 66, 74, 74, 77, 83, 82, 84, 84, 82, 78, 78, 73, 72, 72,
    72, 71, 73, 76, 75, 79, 82, 78, 75, 78, 75, 70, 72, 70, 71, 74, 74,
    75, 77, 75, 75, 75, 77, 73, 73, 72, 69, 68, 70, 71, 70, 73, 73, 73,
    73, 74, 74, 71, 73, 69, 73, 73, 74, 73, 75, 75, 73, 71, 72, 73, 72,
    71 ]
