%YAML:1.0
---
videoName: "headNod15.mp4"
gestureLabel: 202
fps: 29
pixelSizeInCmTemp: 3.1933333333333330e-01
faceCenterPointX: 255
faceCenterPointY: 74
headPositionsX: [ 253, 258, 258, 257, 258, 258, 255, 259, 254, 255, 254,
    259, 256, 257, 255, 256, 256, 257, 255, 255, 255, 254, 257, 256, 254,
    253, 254, 254, 257, 253, 256, 257, 258, 256, 253, 257, 256, 254, 254,
    253, 254, 256, 254, 252, 253, 256, 254, 257, 254, 257, 256, 255, 255,
    255, 256, 256, 252, 256, 256, 254, 252, 254, 255, 256, 256, 255, 258,
    255, 254, 257, 253, 254, 256, 253, 256, 255, 251, 255, 253, 251, 253,
    255, 255, 253, 252, 255, 252, 255, 254, 253, 255, 255, 251, 252, 254,
    253, 252, 254, 256, 253 ]
headPositionsY: [ 76, 75, 72, 74, 73, 75, 73, 71, 72, 76, 73, 74, 74, 74,
    72, 73, 71, 75, 72, 75, 74, 76, 75, 75, 76, 72, 75, 74, 75, 75, 73,
    76, 75, 75, 76, 76, 77, 78, 80, 79, 82, 82, 78, 78, 77, 74, 70, 70,
    70, 75, 78, 80, 84, 83, 79, 76, 76, 73, 73, 69, 69, 71, 75, 77, 82,
    85, 81, 80, 80, 78, 73, 72, 72, 73, 74, 72, 75, 77, 78, 78, 76, 73,
    70, 72, 72, 68, 69, 70, 71, 76, 72, 74, 72, 74, 73, 71, 71, 73, 71,
    73 ]
