%YAML:1.0
---
videoName: "headNod18.mp4"
gestureLabel: 202
fps: 29
pixelSizeInCmTemp: 3.3263888888888887e-01
faceCenterPointX: 255
faceCenterPointY: 77
headPositionsX: [ 253, 259, 254, 257, 256, 254, 259, 256, 259, 254, 255,
    257, 256, 255, 256, 256, 254, 253, 256, 255, 256, 257, 256, 257, 255,
    255, 255, 256, 256, 256, 258, 256, 254, 255, 257, 254, 257, 257, 256,
    256, 255, 257, 256, 253, 256, 255, 258, 256, 256, 253, 256, 254, 255,
    255, 253, 254, 252, 256, 253, 254, 255, 253, 255, 254, 253, 255, 256,
    256, 252, 254, 256, 256, 254, 256, 256, 253, 255, 253, 256, 252, 255,
    253, 255, 252, 255, 254, 254, 253, 254, 257, 254, 252, 252, 254, 254,
    253, 255, 253, 256, 255 ]
headPositionsY: [ 79, 80, 76, 78, 77, 79, 79, 79, 76, 75, 76, 76, 77, 79,
    79, 79, 77, 78, 80, 78, 77, 76, 75, 79, 76, 76, 78, 78, 80, 79, 77,
    76, 77, 76, 77, 80, 78, 76, 77, 77, 73, 76, 71, 72, 73, 74, 70, 74,
    73, 77, 76, 81, 81, 84, 79, 82, 76, 72, 72, 72, 73, 75, 79, 81, 80,
    84, 78, 78, 75, 73, 76, 76, 79, 80, 82, 82, 80, 82, 75, 75, 76, 78,
    75, 78, 80, 81, 83, 84, 79, 79, 80, 78, 75, 76, 79, 76, 79, 76, 79,
    77 ]
