%YAML:1.0
---
videoName: "headNod10.mp4"
gestureLabel: 202
fps: 29
pixelSizeInCmTemp: 3.2808219178082193e-01
faceCenterPointX: 260
faceCenterPointY: 67
headPositionsX: [ 258, 257, 260, 256, 256, 258, 256, 259, 259, 260, 257,
    258, 258, 256, 256, 256, 258, 256, 260, 259, 259, 260, 259, 257, 260,
    260, 259, 258, 260, 259, 257, 257, 258, 258, 258, 258, 260, 258, 258,
    257, 258, 260, 257, 258, 261, 259, 260, 261, 261, 260, 262, 259, 261,
    261, 258, 258, 260, 259, 257, 258, 259, 260, 262, 260, 260, 258, 261,
    261, 260, 262, 260, 256, 256, 256, 261, 257, 258, 259, 260, 261, 260,
    261, 260, 257, 258, 260, 261, 260, 258, 258, 259, 260, 259, 259, 259,
    260, 262, 263, 261, 262 ]
headPositionsY: [ 67, 71, 68, 68, 72, 70, 70, 72, 72, 69, 72, 68, 72, 68,
    70, 67, 68, 72, 69, 68, 72, 70, 71, 72, 70, 69, 72, 72, 71, 68, 68,
    69, 69, 71, 71, 70, 72, 68, 73, 71, 72, 73, 73, 70, 70, 69, 63, 64,
    62, 64, 65, 65, 67, 73, 73, 73, 73, 73, 70, 68, 63, 66, 61, 66, 64,
    68, 69, 75, 74, 78, 74, 73, 69, 67, 67, 65, 63, 67, 67, 74, 77, 74,
    75, 72, 72, 69, 69, 66, 67, 67, 66, 67, 67, 64, 66, 67, 68, 68, 69,
    66 ]
