%YAML:1.0
---
videoName: "headNod31.mp4"
gestureLabel: 202
fps: 29
pixelSizeInCmTemp: 2.8855421686746985e-01
faceCenterPointX: 267
faceCenterPointY: 75
headPositionsX: [ 269, 270, 271, 272, 271, 269, 271, 271, 268, 269, 270,
    272, 271, 271, 268, 271, 268, 267, 266, 268, 266, 268, 268, 265, 266,
    266, 264, 264, 266, 268, 270, 266, 271, 271, 271, 270, 270, 267, 268,
    267, 268, 268, 269, 266, 268, 266, 268, 267, 268, 268, 266, 267, 264,
    268, 264, 265, 267, 266, 269, 267, 266, 267, 264, 265, 269, 267, 265,
    267, 266, 266, 266, 264, 267, 268, 266, 267, 267, 266, 264, 266, 269,
    264, 266, 265, 265, 268, 264, 266, 268, 267, 269, 269, 267, 268, 269,
    267, 268, 268, 268, 266 ]
headPositionsY: [ 76, 72, 73, 75, 72, 74, 74, 65, 65, 68, 67, 64, 64, 65,
    76, 78, 84, 83, 85, 83, 85, 81, 83, 76, 74, 72, 71, 73, 68, 70, 71,
    71, 75, 75, 76, 83, 86, 86, 86, 85, 85, 84, 82, 79, 73, 75, 74, 75,
    77, 77, 81, 85, 83, 86, 82, 80, 78, 77, 74, 70, 70, 68, 70, 69, 72,
    74, 73, 78, 78, 79, 80, 78, 77, 75, 74, 75, 70, 73, 71, 72, 72, 76,
    74, 75, 77, 77, 79, 75, 77, 76, 76, 75, 75, 74, 74, 75, 74, 74, 78,
    74 ]
