%YAML:1.0
---
videoName: "headLookRight4.mp4"
gestureLabel: 204
fps: 30
pixelSizeInCmTemp: 3.4214285714285714e-01
faceCenterPointX: 228
faceCenterPointY: 75
headPositionsX: [ 229, 252, 255, 252, 254, 251, 255, 256, 253, 253, 252,
    252, 254, 253, 255, 251, 251, 254, 252, 251, 252, 251, 254, 251, 253,
    253, 252, 250, 253, 250, 251, 248, 247, 245, 243, 243, 238, 238, 234,
    232, 232, 233, 231, 231, 231, 229, 232, 231, 229, 226, 227, 227, 229,
    227, 231, 229, 225, 225, 228, 228, 225, 226, 229, 226, 226, 224, 226,
    224, 224, 223, 225, 228, 228, 223, 224, 227, 226, 223, 228, 226, 224,
    225, 229, 227, 227, 224, 226, 226, 228, 230, 224, 227, 227, 227, 230,
    229, 226, 228, 228, 225 ]
headPositionsY: [ 73, 73, 69, 70, 71, 73, 71, 70, 72, 71, 71, 72, 73, 70,
    71, 73, 75, 76, 71, 73, 72, 74, 72, 75, 74, 74, 74, 71, 74, 74, 71,
    72, 73, 71, 75, 72, 73, 74, 71, 75, 72, 74, 73, 75, 73, 73, 72, 74,
    71, 72, 72, 74, 72, 72, 72, 75, 74, 74, 74, 71, 73, 75, 76, 75, 72,
    73, 74, 74, 74, 76, 76, 73, 74, 72, 78, 76, 72, 77, 78, 75, 76, 76,
    74, 76, 73, 75, 74, 74, 74, 76, 73, 74, 76, 77, 73, 73, 77, 74, 76,
    74 ]
