%YAML:1.0
---
videoName: "headLookRight4.mp4"
gestureLabel: 204
fps: 30
pixelSizeInCmTemp: 3.4214285714285714e-01
faceCenterPointX: 228
faceCenterPointY: 75
headPositionsX: [ 228, 252, 252, 254, 255, 253, 251, 255, 252, 252, 254,
    253, 253, 254, 251, 251, 254, 255, 253, 252, 253, 254, 253, 249, 254,
    254, 249, 250, 252, 253, 251, 248, 246, 245, 246, 240, 241, 238, 238,
    232, 231, 234, 232, 228, 232, 231, 228, 230, 230, 227, 230, 229, 225,
    225, 230, 225, 223, 225, 227, 228, 226, 223, 228, 226, 227, 225, 227,
    227, 224, 227, 224, 227, 227, 222, 224, 227, 227, 225, 228, 228, 227,
    225, 227, 225, 226, 227, 225, 226, 228, 230, 227, 229, 224, 229, 229,
    228, 225, 227, 228, 229 ]
headPositionsY: [ 77, 71, 71, 73, 73, 69, 73, 72, 72, 71, 74, 70, 72, 70,
    71, 71, 74, 72, 75, 73, 73, 75, 75, 74, 74, 75, 72, 74, 72, 76, 71,
    75, 71, 74, 71, 70, 74, 73, 74, 73, 74, 73, 71, 71, 74, 72, 74, 73,
    75, 75, 73, 71, 74, 73, 76, 74, 73, 74, 73, 73, 75, 72, 75, 74, 75,
    73, 76, 77, 72, 76, 74, 73, 76, 73, 78, 74, 75, 77, 78, 75, 72, 74,
    72, 77, 72, 74, 76, 73, 76, 74, 75, 70, 76, 77, 73, 74, 75, 74, 76,
    74 ]
