%YAML:1.0
---
videoName: "headShake14.mp4"
gestureLabel: 201
fps: 29
pixelSizeInCmTemp: 3.2364864864864862e-01
faceCenterPointX: 244
faceCenterPointY: 76
headPositionsX: [ 243, 247, 247, 247, 246, 245, 248, 246, 247, 243, 246,
    243, 243, 246, 243, 245, 244, 245, 247, 246, 245, 243, 245, 245, 244,
    245, 249, 253, 253, 259, 259, 259, 263, 258, 255, 252, 246, 243, 238,
    230, 227, 223, 227, 228, 233, 238, 243, 246, 252, 257, 255, 258, 253,
    249, 248, 240, 238, 237, 235, 232, 234, 232, 235, 240, 241, 242, 245,
    248, 247, 250, 250, 247, 251, 250, 247, 242, 243, 243, 243, 240, 239,
    240, 242, 240, 239, 240, 241, 246, 245, 247, 247, 245, 242, 246, 245,
    246, 245, 243, 245, 244 ]
headPositionsY: [ 75, 75, 76, 77, 74, 75, 74, 77, 75, 77, 76, 74, 76, 76,
    76, 77, 77, 74, 75, 76, 75, 74, 74, 75, 75, 75, 73, 72, 73, 72, 74,
    75, 71, 74, 74, 73, 75, 73, 76, 73, 74, 74, 76, 72, 73, 75, 76, 74,
    74, 72, 71, 73, 75, 75, 74, 76, 74, 74, 75, 77, 74, 74, 76, 76, 77,
    77, 74, 75, 78, 75, 74, 78, 78, 79, 77, 78, 77, 74, 73, 74, 75, 75,
    74, 76, 78, 77, 78, 74, 78, 78, 77, 76, 76, 78, 75, 74, 75, 78, 76,
    76 ]
