%YAML:1.0
---
videoName: "headNod49.mp4"
gestureLabel: 202
fps: 29
pixelSizeInCmTemp: 2.9207317073170730e-01
faceCenterPointX: 263
faceCenterPointY: 74
headPositionsX: [ 261, 264, 267, 263, 268, 265, 262, 266, 264, 264, 264,
    262, 267, 264, 265, 264, 264, 262, 262, 267, 266, 264, 262, 263, 263,
    262, 265, 264, 262, 265, 265, 265, 262, 262, 262, 263, 264, 264, 266,
    263, 262, 265, 262, 264, 263, 263, 260, 265, 265, 264, 264, 261, 264,
    265, 263, 265, 265, 264, 263, 266, 261, 266, 266, 265, 265, 266, 265,
    263, 263, 262, 263, 263, 263, 264, 266, 264, 265, 264, 263, 265, 263,
    262, 265, 264, 263, 262, 265, 262, 261, 260, 263, 261, 264, 262, 263,
    264, 262, 264, 261, 261 ]
headPositionsY: [ 72, 72, 71, 74, 72, 72, 73, 74, 72, 74, 73, 71, 69, 69,
    67, 70, 69, 70, 68, 70, 66, 72, 70, 73, 77, 75, 79, 76, 77, 74, 71,
    73, 71, 71, 68, 68, 71, 74, 76, 78, 81, 77, 79, 77, 74, 72, 71, 72,
    72, 72, 74, 75, 74, 76, 76, 78, 77, 78, 75, 74, 75, 74, 71, 72, 73,
    75, 73, 79, 80, 76, 77, 77, 77, 77, 73, 72, 76, 74, 73, 74, 74, 73,
    76, 77, 75, 74, 74, 75, 72, 75, 72, 77, 74, 73, 75, 73, 73, 76, 75,
    72 ]
