%YAML:1.0
---
videoName: "headShake44.mp4"
gestureLabel: 201
fps: 30
pixelSizeInCmTemp: 3.2808219178082193e-01
faceCenterPointX: 260
faceCenterPointY: 84
headPositionsX: [ 259, 264, 259, 260, 259, 263, 262, 263, 261, 260, 260,
    262, 260, 260, 262, 260, 261, 261, 262, 260, 262, 260, 261, 263, 261,
    261, 261, 260, 261, 262, 258, 263, 259, 263, 262, 259, 261, 261, 262,
    262, 268, 269, 274, 275, 273, 274, 273, 267, 264, 255, 252, 251, 251,
    252, 257, 262, 267, 268, 272, 272, 269, 262, 256, 253, 252, 257, 261,
    266, 268, 270, 273, 270, 268, 263, 257, 253, 253, 251, 252, 256, 256,
    259, 258, 260, 259, 262, 260, 261, 263, 260, 259, 258, 262, 260, 261,
    261, 258, 260, 260, 261 ]
headPositionsY: [ 86, 81, 84, 84, 81, 84, 81, 82, 80, 85, 82, 83, 84, 82,
    81, 81, 85, 83, 84, 80, 82, 84, 85, 84, 85, 84, 81, 82, 82, 84, 85,
    81, 84, 82, 81, 83, 81, 85, 81, 83, 84, 85, 80, 79, 80, 84, 81, 85,
    86, 86, 85, 86, 83, 83, 82, 87, 83, 84, 83, 87, 85, 82, 84, 84, 82,
    81, 86, 85, 82, 83, 84, 85, 84, 82, 84, 85, 83, 85, 84, 84, 84, 82,
    85, 82, 83, 83, 82, 84, 85, 84, 86, 84, 83, 84, 85, 86, 82, 85, 83,
    86 ]
