%YAML:1.0
---
videoName: "headShake2.mp4"
gestureLabel: 201
fps: 29
pixelSizeInCmTemp: 3.4214285714285714e-01
faceCenterPointX: 276
faceCenterPointY: 98
headPositionsX: [ 274, 277, 277, 279, 276, 275, 277, 277, 275, 277, 278,
    275, 278, 276, 276, 275, 279, 275, 277, 275, 279, 279, 277, 275, 277,
    275, 275, 279, 278, 279, 279, 280, 275, 279, 276, 275, 274, 275, 276,
    276, 276, 276, 280, 281, 286, 290, 293, 296, 294, 295, 293, 286, 285,
    276, 272, 266, 265, 265, 266, 265, 275, 279, 281, 287, 290, 290, 288,
    288, 281, 280, 274, 270, 270, 268, 270, 269, 273, 279, 285, 286, 287,
    288, 285, 285, 281, 283, 279, 279, 279, 274, 275, 277, 275, 277, 276,
    276, 274, 275, 274, 278 ]
headPositionsY: [ 97, 100, 100, 97, 98, 97, 96, 99, 97, 99, 98, 96, 97,
    99, 99, 96, 96, 101, 100, 96, 97, 100, 101, 99, 99, 96, 101, 96, 100,
    97, 99, 101, 96, 98, 98, 102, 98, 101, 100, 101, 98, 100, 100, 97,
    98, 95, 97, 99, 98, 99, 97, 98, 97, 97, 99, 99, 99, 96, 97, 98, 100,
    97, 95, 96, 99, 94, 95, 95, 96, 99, 98, 97, 96, 98, 98, 96, 100, 100,
    97, 100, 99, 97, 96, 98, 99, 100, 98, 99, 98, 99, 97, 97, 99, 101,
    100, 97, 100, 99, 97, 100 ]
