%YAML:1.0
---
videoName: "headShake44.mp4"
gestureLabel: 201
fps: 30
pixelSizeInCmTemp: 3.2808219178082193e-01
faceCenterPointX: 260
faceCenterPointY: 84
headPositionsX: [ 260, 262, 261, 262, 260, 262, 262, 262, 262, 262, 262,
    259, 260, 263, 261, 259, 262, 261, 261, 259, 260, 260, 263, 262, 259,
    261, 259, 261, 261, 259, 258, 260, 262, 260, 262, 261, 261, 261, 260,
    265, 267, 269, 272, 272, 274, 272, 270, 269, 264, 256, 251, 252, 251,
    254, 257, 262, 267, 270, 273, 272, 266, 262, 256, 256, 255, 258, 261,
    266, 269, 271, 270, 272, 268, 262, 256, 253, 253, 252, 252, 254, 259,
    257, 257, 264, 260, 263, 264, 264, 262, 260, 261, 261, 260, 261, 259,
    263, 260, 263, 260, 259 ]
headPositionsY: [ 86, 84, 82, 81, 82, 84, 82, 84, 84, 84, 85, 84, 82, 82,
    82, 81, 84, 82, 83, 83, 84, 81, 82, 83, 84, 80, 81, 83, 82, 83, 85,
    84, 84, 83, 82, 82, 81, 83, 84, 82, 81, 84, 83, 81, 81, 83, 83, 87,
    83, 86, 83, 84, 83, 87, 84, 86, 85, 81, 85, 85, 84, 82, 83, 82, 83,
    85, 85, 82, 82, 84, 85, 85, 85, 83, 85, 85, 85, 84, 83, 84, 82, 85,
    86, 84, 84, 82, 83, 83, 83, 85, 84, 84, 87, 85, 82, 83, 83, 86, 84,
    83 ]
