%YAML:1.0
---
videoName: "headNod42.mp4"
gestureLabel: 202
fps: 30
pixelSizeInCmTemp: 3.0316455696202532e-01
faceCenterPointX: 265
faceCenterPointY: 77
headPositionsX: [ 266, 266, 267, 268, 271, 269, 271, 268, 268, 271, 269,
    266, 269, 266, 266, 271, 269, 267, 268, 269, 269, 269, 267, 269, 270,
    269, 265, 268, 266, 267, 266, 267, 263, 265, 265, 268, 267, 268, 266,
    266, 266, 263, 265, 266, 265, 266, 264, 265, 265, 265, 266, 265, 266,
    265, 267, 263, 267, 265, 263, 265, 268, 266, 262, 265, 265, 263, 266,
    266, 263, 265, 265, 265, 267, 264, 265, 268, 267, 266, 265, 265, 265,
    263, 266, 268, 269, 264, 267, 267, 266, 263, 265, 265, 267, 264, 267,
    265, 268, 265, 263, 267 ]
headPositionsY: [ 78, 77, 76, 75, 79, 74, 75, 76, 79, 75, 78, 78, 76, 77,
    78, 71, 70, 67, 64, 64, 69, 69, 68, 73, 80, 85, 88, 93, 92, 88, 88,
    85, 79, 77, 75, 69, 69, 67, 68, 73, 77, 77, 79, 82, 85, 84, 81, 80,
    73, 74, 69, 70, 71, 72, 76, 77, 82, 82, 84, 84, 85, 81, 81, 75, 77,
    75, 73, 76, 76, 74, 76, 79, 83, 82, 78, 79, 74, 77, 77, 75, 75, 72,
    75, 76, 81, 81, 80, 81, 81, 81, 82, 80, 80, 79, 78, 79, 79, 77, 77,
    80 ]
