%YAML:1.0
---
videoName: "headShake7.mp4"
gestureLabel: 201
fps: 29
pixelSizeInCmTemp: 3.3263888888888887e-01
faceCenterPointX: 244
faceCenterPointY: 72
headPositionsX: [ 246, 244, 241, 244, 242, 243, 241, 242, 244, 246, 245,
    246, 251, 252, 254, 259, 262, 258, 257, 255, 250, 245, 240, 237, 232,
    234, 233, 239, 244, 254, 259, 256, 262, 255, 253, 251, 244, 236, 231,
    228, 228, 230, 230, 235, 240, 244, 250, 253, 256, 253, 255, 250, 244,
    241, 235, 234, 233, 230, 232, 236, 241, 245, 246, 253, 254, 257, 260,
    257, 253, 253, 246, 242, 238, 235, 235, 236, 235, 234, 236, 239, 238,
    241, 243, 244, 243, 245, 246, 246, 248, 249, 248, 247, 246, 244, 244,
    242, 243, 244, 246, 243 ]
headPositionsY: [ 74, 69, 70, 70, 71, 71, 73, 70, 73, 71, 70, 70, 71, 70,
    68, 69, 70, 69, 69, 68, 70, 73, 68, 68, 71, 71, 72, 71, 71, 71, 70,
    70, 71, 70, 69, 70, 70, 72, 72, 71, 69, 70, 68, 72, 70, 69, 72, 68,
    69, 70, 70, 70, 72, 71, 70, 73, 73, 71, 71, 72, 72, 72, 70, 71, 69,
    69, 70, 69, 72, 73, 69, 70, 70, 72, 72, 69, 73, 70, 71, 69, 70, 70,
    70, 74, 74, 69, 72, 71, 72, 71, 74, 69, 72, 73, 71, 72, 72, 71, 73,
    72 ]
