%YAML:1.0
---
videoName: "headShake24.mp4"
gestureLabel: 201
fps: 29
pixelSizeInCmTemp: 3.2808219178082193e-01
faceCenterPointX: 240
faceCenterPointY: 78
headPositionsX: [ 240, 251, 251, 254, 254, 256, 253, 253, 252, 251, 251,
    246, 242, 245, 240, 234, 236, 235, 232, 231, 233, 229, 230, 233, 233,
    233, 234, 237, 239, 245, 243, 246, 248, 249, 251, 252, 249, 246, 249,
    244, 243, 245, 241, 240, 240, 238, 234, 233, 234, 233, 233, 233, 234,
    236, 237, 238, 242, 242, 246, 247, 246, 248, 249, 248, 248, 248, 249,
    245, 245, 248, 245, 242, 244, 240, 241, 239, 237, 240, 238, 237, 240,
    238, 238, 239, 240, 238, 240, 237, 239, 239, 241, 238, 240, 238, 243,
    238, 238, 242, 242, 238 ]
headPositionsY: [ 79, 75, 74, 75, 74, 76, 77, 75, 76, 79, 79, 78, 76, 78,
    78, 79, 78, 77, 80, 79, 78, 79, 77, 76, 76, 79, 78, 79, 77, 78, 78,
    78, 77, 80, 77, 79, 77, 80, 76, 80, 80, 79, 76, 77, 78, 78, 77, 79,
    79, 78, 78, 77, 76, 80, 75, 76, 80, 76, 77, 78, 79, 76, 80, 75, 77,
    78, 79, 76, 77, 78, 78, 79, 75, 79, 76, 78, 78, 78, 78, 80, 77, 79,
    75, 76, 78, 78, 77, 77, 80, 77, 80, 80, 78, 77, 76, 76, 76, 76, 77,
    75 ]
