%YAML:1.0
---
videoName: "headNod48.mp4"
gestureLabel: 202
fps: 29
pixelSizeInCmTemp: 2.8855421686746985e-01
faceCenterPointX: 264
faceCenterPointY: 72
headPositionsX: [ 265, 263, 264, 264, 263, 264, 266, 265, 263, 263, 266,
    262, 264, 263, 265, 264, 264, 259, 262, 260, 262, 260, 258, 262, 259,
    259, 262, 262, 262, 261, 261, 264, 262, 262, 261, 261, 261, 261, 262,
    263, 264, 263, 264, 260, 260, 262, 262, 260, 263, 262, 260, 260, 261,
    258, 259, 261, 259, 260, 261, 260, 261, 263, 265, 266, 264, 262, 263,
    262, 266, 266, 262, 263, 263, 263, 263, 266, 265, 267, 266, 264, 265,
    265, 264, 263, 264, 263, 265, 266, 263, 265, 264, 265, 265, 264, 267,
    263, 264, 267, 263, 265 ]
headPositionsY: [ 72, 74, 75, 76, 77, 78, 72, 72, 68, 64, 62, 64, 60, 66,
    65, 70, 73, 79, 83, 87, 85, 87, 86, 82, 76, 77, 70, 68, 67, 63, 64,
    65, 64, 64, 68, 73, 72, 78, 83, 82, 84, 83, 82, 81, 77, 73, 71, 71,
    72, 71, 71, 72, 75, 76, 78, 80, 77, 74, 72, 71, 71, 68, 73, 74, 70,
    74, 77, 76, 78, 77, 78, 76, 71, 72, 72, 72, 68, 70, 70, 73, 74, 74,
    76, 72, 72, 73, 74, 72, 71, 69, 75, 74, 72, 76, 71, 74, 75, 73, 70,
    73 ]
