%YAML:1.0
---
videoName: "headLookLeft4.mp4"
gestureLabel: 203
fps: 29
pixelSizeInCmTemp: 3.4710144927536229e-01
faceCenterPointX: 288
faceCenterPointY: 74
headPositionsX: [ 289, 263, 267, 264, 266, 265, 266, 271, 272, 274, 275,
    281, 282, 285, 286, 287, 294, 294, 297, 296, 295, 293, 296, 296, 290,
    296, 291, 299, 295, 293, 292, 295, 296, 293, 292, 293, 292, 294, 296,
    291, 291, 288, 295, 297, 292, 288, 288, 294, 290, 290, 290, 288, 291,
    290, 292, 286, 289, 288, 290, 290, 287, 287, 289, 290, 290, 292, 291,
    288, 287, 289, 287, 291, 287, 291, 288, 289, 290, 287, 292, 290, 289,
    292, 291, 290, 290, 291, 289, 291, 293, 290, 291, 290, 290, 286, 290,
    289, 290, 290, 287, 289 ]
headPositionsY: [ 75, 78, 81, 81, 77, 79, 78, 76, 76, 78, 76, 76, 79, 78,
    79, 75, 75, 77, 77, 81, 74, 75, 75, 74, 76, 76, 77, 80, 75, 79, 77,
    80, 76, 76, 76, 74, 82, 73, 76, 76, 75, 73, 75, 77, 77, 73, 73, 75,
    75, 76, 73, 73, 74, 74, 76, 76, 72, 76, 72, 76, 76, 77, 75, 72, 74,
    75, 73, 73, 72, 74, 73, 76, 77, 74, 76, 77, 79, 74, 78, 74, 78, 75,
    77, 76, 73, 72, 75, 76, 77, 73, 76, 75, 78, 72, 77, 73, 74, 76, 75,
    77 ]
