%YAML:1.0
---
videoName: "headNod30.mp4"
gestureLabel: 202
fps: 29
pixelSizeInCmTemp: 3.2364864864864862e-01
faceCenterPointX: 271
faceCenterPointY: 72
headPositionsX: [ 271, 271, 273, 272, 273, 273, 271, 273, 273, 272, 271,
    272, 274, 272, 271, 270, 274, 272, 270, 270, 272, 271, 272, 273, 271,
    273, 275, 274, 272, 273, 273, 272, 273, 274, 273, 272, 271, 270, 268,
    272, 270, 269, 269, 267, 271, 269, 270, 271, 269, 272, 267, 272, 269,
    270, 271, 269, 270, 273, 269, 269, 272, 269, 273, 269, 270, 272, 269,
    270, 270, 269, 269, 271, 270, 270, 269, 271, 271, 272, 270, 270, 271,
    271, 269, 272, 273, 272, 273, 269, 270, 270, 274, 274, 269, 269, 270,
    271, 272, 273, 273, 271 ]
headPositionsY: [ 70, 77, 73, 73, 74, 75, 75, 78, 74, 74, 75, 75, 76, 74,
    74, 76, 77, 73, 75, 74, 77, 76, 70, 69, 68, 68, 69, 69, 66, 69, 74,
    75, 80, 84, 80, 79, 82, 78, 75, 74, 69, 71, 71, 71, 76, 74, 76, 81,
    79, 79, 78, 75, 74, 70, 73, 70, 69, 69, 73, 76, 77, 75, 78, 77, 74,
    75, 72, 70, 69, 71, 68, 72, 69, 71, 76, 72, 75, 74, 73, 72, 70, 69,
    72, 71, 68, 69, 70, 70, 74, 74, 72, 74, 75, 73, 72, 75, 71, 73, 70,
    71 ]
