%YAML:1.0
---
videoName: "headShake37.mp4"
gestureLabel: 201
fps: 30
pixelSizeInCmTemp: 3.1933333333333330e-01
faceCenterPointX: 263
faceCenterPointY: 83
headPositionsX: [ 263, 261, 260, 264, 260, 262, 259, 264, 260, 264, 265,
    263, 263, 262, 263, 261, 264, 261, 260, 264, 263, 261, 260, 263, 261,
    260, 264, 264, 260, 263, 261, 264, 261, 260, 264, 264, 263, 264, 265,
    261, 262, 263, 259, 261, 259, 259, 259, 264, 265, 269, 274, 277, 282,
    282, 280, 275, 273, 267, 258, 255, 255, 252, 257, 260, 264, 269, 271,
    273, 271, 272, 270, 267, 263, 259, 256, 253, 254, 254, 258, 258, 261,
    260, 262, 264, 264, 268, 268, 265, 267, 268, 265, 263, 263, 266, 263,
    262, 263, 261, 263, 261 ]
headPositionsY: [ 85, 84, 84, 84, 82, 83, 83, 85, 81, 81, 85, 82, 85, 84,
    81, 85, 81, 83, 84, 83, 85, 82, 84, 85, 82, 83, 85, 83, 81, 83, 81,
    82, 81, 82, 84, 83, 83, 82, 84, 83, 84, 84, 83, 81, 81, 83, 82, 85,
    81, 84, 81, 81, 79, 79, 81, 83, 81, 85, 83, 80, 83, 82, 81, 81, 83,
    82, 82, 82, 83, 81, 83, 85, 81, 84, 81, 82, 85, 80, 83, 82, 84, 80,
    81, 84, 81, 85, 82, 80, 80, 83, 85, 83, 83, 81, 80, 85, 81, 81, 84,
    81 ]
