%YAML:1.0
---
videoName: "headNod9.mp4"
gestureLabel: 202
fps: 29
pixelSizeInCmTemp: 3.1513157894736843e-01
faceCenterPointX: 261
faceCenterPointY: 75
headPositionsX: [ 263, 261, 262, 263, 261, 259, 260, 263, 262, 262, 261,
    261, 260, 260, 259, 261, 259, 258, 262, 261, 259, 263, 263, 260, 262,
    262, 261, 262, 259, 260, 260, 260, 260, 261, 260, 260, 263, 259, 263,
    261, 260, 262, 263, 258, 259, 260, 259, 258, 258, 258, 258, 262, 258,
    258, 261, 262, 260, 261, 259, 260, 258, 258, 258, 260, 259, 260, 262,
    262, 258, 259, 260, 258, 259, 257, 262, 260, 258, 260, 260, 257, 257,
    260, 260, 260, 257, 256, 258, 260, 260, 258, 262, 260, 262, 258, 262,
    258, 260, 258, 262, 262 ]
headPositionsY: [ 77, 74, 73, 76, 74, 74, 76, 73, 77, 74, 73, 78, 77, 76,
    77, 73, 75, 75, 74, 77, 76, 77, 75, 74, 76, 73, 74, 74, 76, 78, 79,
    76, 78, 81, 82, 82, 80, 73, 77, 75, 74, 75, 79, 82, 82, 88, 88, 82,
    83, 78, 78, 75, 77, 79, 83, 84, 87, 84, 82, 79, 75, 74, 74, 72, 77,
    78, 82, 82, 85, 84, 80, 75, 72, 70, 70, 74, 70, 76, 77, 79, 83, 83,
    82, 82, 78, 75, 74, 76, 76, 72, 72, 74, 72, 73, 77, 74, 72, 73, 73,
    76 ]
