%YAML:1.0
---
videoName: "headShake23.mp4"
gestureLabel: 201
fps: 29
pixelSizeInCmTemp: 3.2808219178082193e-01
faceCenterPointX: 240
faceCenterPointY: 77
headPositionsX: [ 242, 244, 242, 242, 241, 242, 239, 241, 239, 243, 242,
    241, 243, 242, 241, 243, 239, 239, 237, 237, 241, 241, 246, 247, 249,
    252, 250, 255, 253, 255, 253, 253, 255, 252, 247, 246, 243, 240, 235,
    231, 234, 233, 229, 228, 228, 228, 230, 231, 237, 236, 242, 247, 249,
    248, 250, 250, 250, 255, 253, 253, 250, 249, 247, 245, 242, 243, 238,
    236, 235, 237, 237, 233, 233, 233, 236, 232, 236, 234, 236, 239, 237,
    242, 240, 239, 245, 243, 243, 243, 247, 244, 246, 245, 245, 245, 243,
    243, 241, 245, 242, 241 ]
headPositionsY: [ 78, 77, 79, 75, 78, 77, 76, 76, 77, 78, 78, 75, 75, 80,
    75, 78, 74, 75, 76, 75, 79, 75, 78, 78, 78, 77, 76, 78, 78, 75, 74,
    74, 74, 78, 80, 76, 77, 76, 78, 76, 78, 76, 75, 75, 75, 77, 79, 79,
    79, 80, 79, 79, 75, 77, 74, 75, 74, 76, 74, 75, 79, 79, 77, 77, 79,
    79, 76, 80, 76, 77, 80, 78, 76, 77, 76, 77, 76, 80, 76, 75, 76, 77,
    76, 78, 77, 76, 77, 76, 77, 78, 78, 79, 76, 77, 75, 76, 78, 79, 78,
    78 ]
