%YAML:1.0
---
videoName: "headShake14.mp4"
gestureLabel: 201
fps: 29
pixelSizeInCmTemp: 3.2364864864864862e-01
faceCenterPointX: 244
faceCenterPointY: 76
headPositionsX: [ 242, 244, 244, 244, 245, 245, 247, 246, 243, 246, 243,
    243, 245, 245, 245, 243, 244, 243, 244, 245, 243, 246, 246, 246, 244,
    249, 252, 252, 255, 257, 259, 260, 263, 257, 257, 253, 249, 243, 237,
    229, 224, 224, 228, 229, 229, 238, 242, 248, 252, 258, 257, 256, 253,
    249, 247, 242, 238, 237, 234, 231, 236, 234, 233, 239, 243, 245, 243,
    247, 246, 251, 247, 249, 249, 248, 249, 245, 242, 240, 243, 240, 241,
    239, 239, 239, 239, 243, 243, 245, 246, 243, 245, 246, 245, 246, 245,
    247, 242, 242, 246, 241 ]
headPositionsY: [ 76, 74, 77, 74, 76, 78, 78, 74, 76, 73, 76, 74, 75, 76,
    76, 74, 73, 73, 74, 73, 75, 76, 77, 78, 78, 75, 75, 73, 75, 72, 74,
    73, 70, 75, 74, 73, 77, 76, 78, 76, 77, 75, 77, 76, 73, 73, 73, 74,
    75, 74, 74, 73, 71, 73, 77, 77, 74, 76, 74, 75, 75, 76, 73, 74, 76,
    77, 75, 74, 78, 76, 75, 78, 78, 78, 76, 76, 78, 74, 74, 76, 73, 75,
    77, 77, 78, 77, 74, 76, 76, 79, 76, 74, 78, 75, 74, 76, 74, 76, 77,
    74 ]
