%YAML:1.0
---
videoName: "headShake22.mp4"
gestureLabel: 201
fps: 29
pixelSizeInCmTemp: 3.2364864864864862e-01
faceCenterPointX: 241
faceCenterPointY: 79
headPositionsX: [ 240, 239, 243, 241, 242, 239, 241, 244, 243, 245, 243,
    242, 243, 242, 240, 243, 241, 244, 244, 244, 241, 244, 240, 240, 245,
    244, 244, 244, 244, 244, 242, 240, 242, 242, 240, 243, 244, 244, 240,
    241, 243, 243, 241, 244, 242, 240, 245, 239, 244, 244, 239, 243, 243,
    244, 244, 242, 244, 242, 242, 242, 242, 244, 239, 243, 243, 239, 239,
    244, 243, 247, 249, 254, 257, 254, 254, 248, 247, 240, 238, 236, 235,
    239, 242, 243, 244, 245, 248, 244, 245, 241, 241, 240, 242, 241, 240,
    239, 239, 238, 241, 241 ]
headPositionsY: [ 79, 78, 74, 74, 77, 73, 79, 78, 75, 74, 78, 76, 76, 74,
    76, 78, 76, 79, 74, 75, 76, 74, 77, 78, 76, 76, 75, 77, 77, 76, 78,
    75, 75, 78, 74, 76, 77, 75, 74, 77, 80, 76, 76, 77, 75, 78, 75, 78,
    77, 74, 77, 77, 76, 75, 75, 78, 78, 77, 77, 76, 77, 76, 75, 74, 78,
    77, 75, 75, 76, 78, 74, 75, 76, 75, 75, 74, 78, 75, 76, 77, 79, 77,
    79, 77, 78, 78, 79, 75, 77, 79, 80, 76, 77, 79, 79, 76, 79, 76, 77,
    77 ]
