%YAML:1.0
---
videoName: "headShake19.mp4"
gestureLabel: 201
fps: 29
pixelSizeInCmTemp: 3.1933333333333330e-01
faceCenterPointX: 243
faceCenterPointY: 78
headPositionsX: [ 243, 245, 244, 242, 243, 245, 242, 242, 241, 243, 245,
    244, 241, 245, 243, 244, 241, 242, 241, 245, 243, 242, 244, 242, 240,
    242, 244, 242, 243, 245, 241, 240, 244, 244, 242, 242, 239, 237, 235,
    233, 234, 235, 238, 243, 246, 252, 254, 259, 259, 254, 251, 246, 239,
    234, 234, 231, 234, 232, 236, 242, 243, 247, 246, 245, 247, 245, 239,
    238, 236, 237, 238, 238, 236, 239, 239, 244, 244, 247, 243, 245, 245,
    246, 242, 241, 239, 241, 241, 242, 240, 238, 240, 244, 244, 243, 243,
    243, 246, 243, 245, 244 ]
headPositionsY: [ 78, 78, 76, 77, 78, 76, 75, 77, 78, 74, 79, 75, 78, 79,
    78, 78, 77, 75, 76, 77, 74, 78, 76, 76, 76, 79, 78, 74, 75, 77, 76,
    79, 74, 79, 75, 77, 75, 78, 77, 76, 77, 75, 79, 78, 77, 75, 75, 77,
    76, 75, 77, 78, 75, 78, 77, 75, 74, 74, 76, 75, 75, 76, 78, 78, 78,
    79, 77, 77, 75, 78, 78, 79, 77, 75, 78, 75, 77, 78, 76, 79, 76, 76,
    77, 79, 78, 77, 77, 78, 79, 77, 77, 79, 77, 76, 78, 80, 77, 78, 76,
    80 ]
