%YAML:1.0
---
videoName: "headLookDown6.mp4"
gestureLabel: 206
fps: 29
pixelSizeInCmTemp: 3.4710144927536229e-01
faceCenterPointX: 276
faceCenterPointY: 98
headPositionsX: [ 275, 276, 273, 275, 277, 277, 275, 274, 276, 273, 276,
    276, 275, 277, 273, 275, 274, 273, 274, 276, 276, 273, 274, 278, 274,
    277, 273, 273, 277, 277, 277, 276, 273, 276, 276, 274, 274, 274, 274,
    273, 277, 277, 276, 276, 278, 277, 278, 275, 276, 278, 275, 274, 276,
    275, 275, 276, 273, 277, 277, 275, 276, 276, 274, 275, 274, 273, 272,
    273, 275, 275, 275, 277, 275, 274, 274, 273, 277, 275, 276, 274, 275,
    274, 277, 276, 274, 275, 276, 275, 274, 277, 275, 276, 274, 278, 277,
    274, 277, 276, 279, 278 ]
headPositionsY: [ 96, 83, 79, 82, 81, 82, 81, 81, 79, 81, 83, 79, 83, 80,
    79, 81, 82, 79, 82, 80, 81, 81, 81, 84, 79, 84, 83, 83, 84, 81, 80,
    85, 83, 83, 82, 84, 82, 81, 84, 81, 85, 84, 85, 87, 84, 87, 90, 91,
    92, 94, 93, 93, 95, 94, 97, 97, 95, 97, 97, 98, 94, 98, 99, 97, 100,
    97, 97, 98, 96, 100, 97, 97, 100, 101, 98, 100, 101, 100, 98, 97, 99,
    98, 96, 101, 101, 98, 99, 98, 98, 97, 97, 96, 97, 98, 99, 98, 96, 98,
    98, 98 ]
