%YAML:1.0
---
videoName: "headLookDown7.mp4"
gestureLabel: 206
fps: 30
pixelSizeInCmTemp: 3.3732394366197183e-01
faceCenterPointX: 274
faceCenterPointY: 95
headPositionsX: [ 276, 274, 273, 276, 275, 275, 274, 275, 271, 274, 275,
    274, 274, 273, 274, 274, 272, 274, 272, 275, 273, 274, 275, 275, 276,
    273, 275, 272, 275, 272, 275, 272, 271, 273, 272, 273, 271, 274, 271,
    271, 276, 272, 273, 271, 272, 274, 276, 275, 271, 274, 273, 274, 274,
    272, 276, 274, 277, 275, 274, 274, 277, 273, 273, 275, 274, 273, 276,
    272, 276, 275, 275, 272, 276, 273, 274, 271, 272, 274, 274, 277, 275,
    277, 277, 277, 277, 275, 277, 274, 276, 278, 276, 273, 274, 275, 273,
    273, 276, 277, 275, 273 ]
headPositionsY: [ 96, 82, 81, 81, 83, 80, 84, 81, 81, 82, 83, 85, 84, 84,
    81, 82, 85, 81, 84, 82, 84, 82, 83, 83, 82, 85, 82, 81, 81, 84, 85,
    82, 82, 85, 80, 83, 83, 85, 84, 82, 84, 82, 84, 82, 81, 85, 84, 83,
    83, 84, 87, 86, 84, 89, 90, 88, 92, 89, 94, 93, 93, 92, 96, 94, 96,
    95, 93, 94, 93, 97, 93, 93, 95, 94, 94, 96, 95, 97, 97, 96, 95, 93,
    97, 98, 95, 93, 94, 94, 97, 98, 98, 98, 99, 94, 96, 95, 98, 95, 94,
    95 ]
