%YAML:1.0
---
videoName: "headLookRight2.mp4"
gestureLabel: 204
fps: 29
pixelSizeInCmTemp: 3.8015873015873014e-01
faceCenterPointX: 228
faceCenterPointY: 68
headPositionsX: [ 230, 253, 252, 251, 254, 250, 252, 253, 252, 251, 249,
    251, 250, 252, 253, 252, 250, 250, 253, 254, 252, 253, 254, 250, 252,
    255, 254, 251, 254, 256, 256, 254, 252, 254, 253, 253, 254, 251, 253,
    252, 255, 253, 254, 251, 250, 255, 253, 252, 249, 250, 249, 246, 247,
    239, 239, 238, 236, 235, 232, 231, 230, 230, 232, 227, 228, 226, 226,
    226, 225, 224, 229, 230, 230, 230, 226, 227, 229, 231, 228, 230, 228,
    230, 229, 227, 229, 227, 229, 228, 229, 229, 225, 229, 230, 231, 229,
    229, 228, 231, 227, 230 ]
headPositionsY: [ 68, 66, 66, 65, 69, 70, 67, 69, 66, 66, 69, 68, 68, 69,
    71, 71, 71, 69, 67, 67, 70, 69, 68, 69, 67, 70, 71, 69, 71, 68, 72,
    69, 67, 68, 69, 66, 70, 67, 68, 68, 70, 67, 67, 69, 68, 69, 72, 68,
    68, 70, 69, 67, 69, 69, 68, 70, 67, 68, 67, 69, 66, 66, 69, 66, 68,
    68, 67, 68, 73, 69, 72, 68, 70, 66, 68, 70, 71, 73, 71, 68, 67, 71,
    68, 74, 71, 68, 68, 72, 71, 69, 68, 68, 67, 71, 66, 69, 69, 70, 70,
    71 ]
