%YAML:1.0
---
videoName: "headShake44.mp4"
gestureLabel: 201
fps: 30
pixelSizeInCmTemp: 3.2808219178082193e-01
faceCenterPointX: 260
faceCenterPointY: 84
headPositionsX: [ 262, 260, 258, 263, 263, 261, 259, 261, 258, 263, 261,
    259, 260, 261, 261, 262, 263, 261, 263, 263, 260, 260, 262, 261, 263,
    261, 263, 262, 263, 259, 260, 260, 262, 261, 261, 262, 261, 258, 263,
    261, 267, 268, 270, 274, 274, 273, 270, 268, 263, 254, 252, 249, 251,
    250, 258, 262, 266, 270, 269, 272, 269, 260, 259, 252, 253, 256, 260,
    263, 269, 273, 271, 269, 266, 260, 259, 256, 252, 250, 252, 254, 259,
    261, 258, 261, 262, 264, 260, 264, 262, 261, 263, 260, 259, 260, 261,
    262, 261, 263, 263, 261 ]
headPositionsY: [ 86, 83, 82, 84, 82, 85, 83, 82, 81, 85, 81, 81, 82, 81,
    82, 83, 81, 83, 83, 80, 81, 81, 84, 80, 82, 81, 84, 82, 83, 84, 81,
    85, 82, 85, 81, 82, 81, 83, 84, 82, 85, 81, 83, 83, 82, 80, 82, 84,
    85, 83, 82, 83, 85, 84, 86, 85, 85, 81, 82, 86, 83, 84, 82, 84, 85,
    84, 84, 85, 83, 82, 81, 81, 83, 86, 81, 81, 83, 85, 83, 83, 84, 84,
    86, 86, 81, 83, 86, 84, 85, 82, 84, 83, 84, 83, 83, 85, 86, 87, 85,
    87 ]
