%YAML:1.0
---
videoName: "headLookUp2.mp4"
gestureLabel: 205
fps: 29
pixelSizeInCmTemp: 3.7421874999999999e-01
faceCenterPointX: 254
faceCenterPointY: 67
headPositionsX: [ 253, 256, 258, 256, 254, 254, 256, 254, 256, 254, 257,
    256, 256, 255, 256, 254, 257, 253, 255, 256, 256, 252, 254, 256, 255,
    255, 257, 256, 255, 252, 253, 257, 255, 253, 255, 255, 252, 256, 256,
    256, 256, 256, 256, 255, 255, 253, 256, 256, 254, 255, 256, 255, 254,
    252, 257, 253, 251, 254, 256, 252, 251, 254, 252, 252, 255, 252, 254,
    255, 252, 253, 253, 255, 253, 257, 255, 252, 254, 253, 255, 255, 254,
    252, 255, 253, 258, 254, 251, 255, 257, 255, 255, 251, 253, 253, 252,
    252, 255, 253, 257, 252 ]
headPositionsY: [ 66, 78, 82, 81, 79, 83, 81, 80, 83, 79, 83, 81, 83, 79,
    81, 80, 83, 83, 78, 83, 82, 82, 78, 81, 80, 82, 83, 83, 80, 82, 79,
    79, 83, 80, 79, 79, 78, 82, 82, 79, 80, 82, 77, 75, 75, 77, 75, 71,
    69, 67, 68, 68, 66, 70, 70, 70, 68, 71, 69, 65, 67, 69, 68, 68, 67,
    68, 66, 69, 70, 68, 68, 65, 67, 67, 71, 67, 70, 70, 69, 71, 65, 67,
    71, 67, 70, 67, 64, 69, 66, 68, 71, 70, 69, 68, 68, 64, 65, 69, 66,
    67 ]
