%YAML:1.0
---
videoName: "headLookDown5.mp4"
gestureLabel: 206
fps: 29
pixelSizeInCmTemp: 3.4710144927536229e-01
faceCenterPointX: 272
faceCenterPointY: 102
headPositionsX: [ 271, 273, 269, 274, 269, 273, 272, 270, 274, 270, 269,
    271, 273, 271, 270, 272, 270, 270, 273, 273, 273, 273, 272, 272, 271,
    272, 271, 270, 272, 270, 269, 273, 271, 272, 272, 272, 272, 270, 273,
    272, 269, 270, 270, 272, 269, 269, 270, 272, 274, 272, 274, 273, 269,
    272, 271, 271, 271, 274, 271, 273, 272, 270, 274, 273, 270, 272, 273,
    272, 270, 270, 272, 271, 270, 273, 274, 269, 271, 268, 273, 273, 270,
    272, 270, 274, 271, 273, 271, 270, 271, 270, 273, 270, 275, 274, 272,
    275, 273, 271, 272, 271 ]
headPositionsY: [ 100, 86, 82, 84, 83, 82, 82, 84, 83, 85, 85, 82, 84,
    86, 81, 85, 84, 85, 85, 85, 84, 84, 85, 81, 82, 81, 84, 84, 85, 85,
    81, 82, 85, 85, 83, 81, 85, 85, 82, 82, 81, 83, 85, 83, 84, 83, 85,
    83, 86, 87, 87, 87, 93, 91, 94, 97, 97, 98, 96, 99, 99, 102, 101, 98,
    101, 98, 101, 103, 102, 100, 104, 101, 105, 104, 102, 103, 102, 99,
    104, 103, 102, 105, 100, 104, 102, 102, 102, 102, 102, 102, 101, 100,
    101, 105, 102, 101, 103, 102, 102, 103 ]
