%YAML:1.0
---
videoName: "headShake6.mp4"
gestureLabel: 201
fps: 29
pixelSizeInCmTemp: 3.2808219178082193e-01
faceCenterPointX: 244
faceCenterPointY: 68
headPositionsX: [ 244, 243, 247, 248, 244, 243, 245, 247, 247, 246, 247,
    245, 244, 246, 244, 246, 245, 247, 244, 246, 247, 245, 247, 245, 244,
    245, 244, 247, 247, 255, 257, 257, 262, 260, 261, 262, 258, 253, 247,
    242, 237, 232, 228, 232, 233, 238, 243, 251, 256, 256, 259, 256, 257,
    252, 248, 242, 240, 233, 233, 230, 232, 236, 238, 240, 248, 247, 253,
    250, 251, 251, 247, 245, 242, 240, 237, 239, 240, 239, 237, 241, 240,
    244, 241, 243, 242, 244, 245, 244, 246, 245, 244, 245, 246, 243, 246,
    246, 244, 243, 242, 246 ]
headPositionsY: [ 67, 68, 65, 65, 67, 68, 64, 64, 66, 67, 67, 69, 67, 64,
    68, 63, 67, 66, 67, 66, 68, 68, 68, 66, 69, 67, 65, 68, 69, 69, 68,
    66, 65, 63, 66, 66, 68, 66, 69, 68, 67, 67, 69, 66, 69, 67, 70, 69,
    67, 65, 69, 68, 66, 69, 66, 71, 67, 67, 66, 66, 68, 68, 66, 69, 67,
    70, 66, 66, 66, 67, 69, 66, 70, 69, 65, 67, 66, 68, 67, 70, 68, 68,
    69, 67, 68, 66, 70, 69, 70, 67, 70, 71, 70, 67, 67, 70, 70, 70, 68,
    66 ]
