%YAML:1.0
---
videoName: "headShake35.mp4"
gestureLabel: 201
fps: 29
pixelSizeInCmTemp: 3.2364864864864862e-01
faceCenterPointX: 267
faceCenterPointY: 82
headPositionsX: [ 267, 268, 267, 268, 266, 268, 267, 265, 269, 266, 268,
    267, 270, 270, 269, 270, 266, 268, 271, 267, 270, 267, 267, 268, 271,
    268, 269, 266, 268, 269, 267, 265, 270, 267, 266, 268, 266, 268, 268,
    270, 266, 269, 268, 270, 266, 269, 267, 267, 268, 268, 267, 266, 266,
    269, 268, 266, 269, 267, 268, 265, 270, 270, 268, 271, 274, 278, 278,
    279, 279, 279, 276, 269, 268, 261, 260, 258, 262, 263, 267, 271, 275,
    276, 272, 273, 269, 269, 265, 262, 262, 262, 261, 262, 263, 268, 267,
    269, 266, 267, 265, 266 ]
headPositionsY: [ 80, 79, 80, 80, 81, 81, 79, 77, 78, 79, 79, 78, 78, 80,
    78, 79, 78, 82, 80, 78, 81, 80, 82, 79, 80, 80, 78, 82, 80, 81, 79,
    81, 80, 78, 80, 81, 80, 78, 79, 79, 80, 82, 78, 80, 78, 81, 79, 79,
    81, 82, 79, 81, 81, 82, 82, 82, 81, 79, 81, 80, 81, 82, 82, 80, 78,
    82, 78, 81, 81, 82, 82, 83, 80, 80, 79, 79, 80, 81, 84, 84, 81, 80,
    83, 81, 83, 80, 79, 80, 79, 79, 82, 80, 82, 80, 79, 80, 83, 81, 83,
    84 ]
