%YAML:1.0
---
videoName: "headShake33.mp4"
gestureLabel: 201
fps: 29
pixelSizeInCmTemp: 3.2364864864864862e-01
faceCenterPointX: 244
faceCenterPointY: 84
headPositionsX: [ 245, 245, 243, 245, 246, 243, 248, 245, 247, 244, 247,
    245, 243, 246, 243, 247, 246, 243, 244, 243, 247, 246, 250, 252, 251,
    255, 258, 261, 261, 262, 264, 262, 261, 261, 257, 254, 253, 251, 246,
    243, 235, 237, 232, 231, 230, 229, 228, 226, 226, 234, 231, 237, 242,
    247, 251, 253, 258, 260, 258, 262, 259, 257, 260, 257, 253, 251, 245,
    243, 243, 237, 236, 236, 233, 229, 231, 233, 233, 232, 234, 235, 240,
    239, 239, 244, 244, 245, 243, 247, 247, 247, 246, 247, 246, 244, 245,
    243, 242, 245, 245, 246 ]
headPositionsY: [ 86, 84, 80, 81, 80, 85, 81, 81, 84, 83, 85, 84, 85, 84,
    85, 81, 81, 84, 83, 83, 82, 85, 82, 83, 81, 83, 82, 81, 82, 80, 81,
    79, 82, 80, 82, 83, 86, 85, 84, 81, 81, 82, 84, 84, 84, 81, 81, 82,
    82, 82, 82, 84, 85, 81, 83, 82, 83, 81, 79, 82, 81, 81, 82, 81, 81,
    84, 84, 82, 85, 82, 85, 86, 82, 80, 81, 83, 81, 81, 83, 81, 84, 82,
    83, 85, 83, 81, 85, 83, 83, 85, 81, 84, 82, 82, 85, 86, 82, 83, 85,
    83 ]
