%YAML:1.0
---
videoName: "headLookUp6.mp4"
gestureLabel: 205
fps: 30
pixelSizeInCmTemp: 3.7421874999999999e-01
faceCenterPointX: 255
faceCenterPointY: 70
headPositionsX: [ 256, 255, 257, 257, 257, 254, 257, 258, 257, 254, 257,
    256, 258, 257, 255, 254, 255, 254, 255, 256, 255, 256, 255, 253, 256,
    256, 255, 256, 253, 258, 253, 256, 255, 255, 256, 254, 255, 257, 256,
    256, 256, 255, 252, 254, 253, 255, 253, 257, 256, 256, 252, 253, 256,
    255, 254, 257, 254, 256, 254, 254, 253, 256, 254, 257, 253, 255, 256,
    257, 253, 256, 251, 253, 255, 255, 255, 256, 256, 255, 253, 257, 258,
    253, 254, 257, 255, 253, 255, 256, 255, 254, 254, 254, 253, 256, 257,
    256, 255, 256, 253, 255 ]
headPositionsY: [ 72, 84, 83, 85, 82, 83, 83, 83, 83, 83, 82, 83, 85, 82,
    83, 81, 85, 85, 82, 83, 80, 85, 85, 84, 81, 79, 77, 78, 75, 76, 71,
    73, 73, 72, 70, 69, 70, 68, 70, 70, 66, 69, 70, 66, 70, 68, 68, 67,
    69, 69, 68, 69, 67, 69, 66, 68, 67, 72, 71, 68, 71, 70, 68, 71, 66,
    68, 72, 68, 71, 69, 66, 70, 68, 70, 71, 67, 68, 70, 66, 68, 69, 70,
    67, 70, 69, 66, 70, 71, 70, 71, 68, 69, 71, 69, 67, 68, 68, 68, 72,
    67 ]
