%YAML:1.0
---
videoName: "headLookUp3.mp4"
gestureLabel: 205
fps: 29
pixelSizeInCmTemp: 3.7421874999999999e-01
faceCenterPointX: 254
faceCenterPointY: 68
headPositionsX: [ 254, 257, 257, 257, 257, 258, 256, 256, 254, 256, 255,
    257, 255, 257, 258, 257, 257, 259, 259, 256, 257, 256, 259, 256, 258,
    258, 255, 258, 257, 254, 259, 258, 257, 257, 257, 256, 254, 255, 257,
    256, 258, 254, 254, 255, 256, 258, 258, 256, 258, 254, 255, 258, 257,
    255, 257, 258, 257, 257, 254, 257, 253, 258, 254, 257, 255, 254, 256,
    256, 256, 255, 252, 256, 256, 255, 256, 256, 256, 255, 255, 255, 254,
    254, 257, 252, 255, 253, 254, 257, 255, 257, 255, 258, 257, 258, 255,
    253, 255, 258, 253, 257 ]
headPositionsY: [ 69, 81, 82, 81, 84, 82, 84, 84, 83, 83, 84, 84, 84, 82,
    82, 82, 79, 83, 82, 81, 80, 81, 82, 84, 82, 80, 80, 81, 84, 81, 81,
    80, 80, 81, 81, 84, 83, 78, 81, 78, 82, 78, 79, 73, 72, 73, 73, 68,
    70, 67, 68, 69, 66, 67, 68, 69, 71, 68, 68, 66, 68, 69, 66, 68, 67,
    68, 66, 68, 68, 68, 68, 69, 68, 67, 66, 67, 70, 67, 67, 68, 68, 69,
    70, 69, 69, 68, 67, 67, 69, 66, 66, 68, 68, 68, 65, 69, 68, 71, 69,
    69 ]
