%YAML:1.0
---
videoName: "headShake35.mp4"
gestureLabel: 201
fps: 29
pixelSizeInCmTemp: 3.2364864864864862e-01
faceCenterPointX: 267
faceCenterPointY: 82
headPositionsX: [ 266, 265, 267, 268, 267, 267, 268, 268, 266, 269, 267,
    269, 269, 271, 270, 268, 267, 270, 269, 270, 267, 267, 269, 268, 270,
    268, 267, 269, 270, 267, 268, 265, 270, 269, 269, 266, 268, 266, 269,
    269, 267, 268, 265, 269, 268, 266, 270, 265, 266, 266, 268, 269, 268,
    269, 267, 268, 268, 266, 266, 269, 268, 268, 270, 272, 271, 277, 276,
    280, 278, 278, 275, 273, 267, 262, 260, 256, 262, 260, 264, 268, 272,
    274, 274, 273, 271, 269, 265, 261, 263, 262, 262, 265, 267, 267, 267,
    265, 266, 270, 268, 267 ]
headPositionsY: [ 81, 78, 80, 81, 81, 80, 81, 81, 80, 78, 78, 79, 80, 78,
    80, 81, 79, 82, 80, 79, 82, 80, 82, 79, 81, 81, 80, 79, 79, 82, 81,
    79, 83, 81, 79, 78, 81, 79, 82, 82, 82, 80, 81, 82, 82, 78, 79, 79,
    79, 81, 81, 82, 82, 81, 81, 79, 81, 81, 80, 79, 82, 82, 82, 83, 79,
    81, 81, 81, 78, 81, 80, 81, 80, 82, 80, 79, 81, 81, 80, 80, 83, 80,
    83, 83, 81, 82, 82, 81, 81, 81, 80, 83, 80, 80, 83, 82, 83, 81, 80,
    82 ]
