%YAML:1.0
---
videoName: "headShake43.mp4"
gestureLabel: 201
fps: 29
pixelSizeInCmTemp: 3.2808219178082193e-01
faceCenterPointX: 257
faceCenterPointY: 84
headPositionsX: [ 257, 259, 258, 262, 259, 259, 258, 261, 260, 259, 260,
    258, 261, 258, 260, 260, 262, 262, 261, 259, 260, 260, 259, 258, 261,
    263, 262, 263, 269, 269, 272, 276, 280, 278, 279, 283, 281, 276, 277,
    274, 269, 264, 263, 257, 251, 249, 243, 245, 242, 244, 249, 250, 255,
    264, 265, 268, 270, 272, 273, 272, 271, 264, 260, 256, 253, 247, 245,
    245, 244, 248, 247, 250, 257, 262, 264, 265, 268, 270, 271, 270, 268,
    269, 267, 265, 263, 262, 261, 259, 259, 259, 256, 259, 259, 258, 258,
    257, 259, 256, 256, 254 ]
headPositionsY: [ 82, 86, 85, 85, 87, 83, 85, 84, 86, 87, 86, 85, 87, 83,
    87, 84, 85, 86, 84, 84, 87, 85, 88, 85, 85, 85, 84, 86, 84, 81, 82,
    82, 82, 82, 84, 84, 84, 84, 83, 83, 83, 86, 84, 83, 85, 85, 85, 85,
    82, 83, 84, 85, 85, 83, 86, 85, 84, 83, 81, 83, 84, 83, 84, 86, 84,
    84, 80, 84, 81, 85, 85, 85, 82, 83, 87, 86, 85, 82, 85, 82, 85, 83,
    84, 83, 82, 83, 86, 82, 85, 85, 83, 85, 81, 82, 82, 86, 86, 84, 85,
    85 ]
