%YAML:1.0
---
videoName: "headNod28.mp4"
gestureLabel: 202
fps: 30
pixelSizeInCmTemp: 3.2364864864864862e-01
faceCenterPointX: 270
faceCenterPointY: 76
headPositionsX: [ 269, 270, 273, 272, 272, 273, 272, 269, 272, 272, 273,
    273, 269, 268, 268, 269, 267, 271, 272, 269, 271, 271, 268, 272, 268,
    268, 269, 271, 271, 270, 268, 272, 270, 270, 271, 272, 273, 269, 270,
    268, 271, 269, 271, 270, 270, 268, 268, 270, 270, 272, 271, 269, 268,
    271, 270, 271, 268, 271, 269, 271, 270, 271, 269, 271, 273, 269, 272,
    269, 272, 270, 272, 270, 273, 270, 269, 269, 273, 272, 272, 271, 272,
    273, 269, 273, 270, 269, 269, 269, 270, 271, 273, 272, 271, 272, 274,
    270, 271, 272, 270, 272 ]
headPositionsY: [ 76, 73, 73, 72, 74, 76, 73, 74, 74, 75, 76, 77, 74, 75,
    77, 74, 72, 74, 75, 77, 74, 74, 76, 76, 77, 74, 73, 75, 72, 75, 76,
    75, 76, 73, 72, 76, 75, 72, 75, 74, 74, 78, 77, 78, 81, 81, 83, 82,
    80, 79, 72, 73, 70, 74, 72, 73, 71, 76, 75, 76, 79, 81, 79, 79, 77,
    77, 74, 69, 70, 74, 75, 74, 78, 79, 78, 79, 79, 79, 77, 75, 75, 74,
    73, 74, 73, 78, 76, 77, 79, 78, 77, 76, 74, 75, 74, 79, 76, 77, 74,
    74 ]
