%YAML:1.0
---
videoName: "headNod6.mp4"
gestureLabel: 202
fps: 29
pixelSizeInCmTemp: 3.1513157894736843e-01
faceCenterPointX: 262
faceCenterPointY: 73
headPositionsX: [ 264, 261, 261, 262, 260, 264, 260, 262, 262, 263, 263,
    263, 263, 263, 260, 264, 264, 260, 262, 261, 263, 264, 264, 260, 262,
    263, 260, 264, 265, 264, 260, 264, 261, 261, 260, 265, 261, 261, 261,
    261, 264, 263, 263, 264, 263, 259, 261, 264, 258, 263, 261, 259, 263,
    261, 263, 262, 259, 259, 263, 259, 260, 260, 261, 263, 258, 262, 262,
    260, 260, 262, 259, 259, 263, 263, 260, 261, 259, 262, 262, 262, 259,
    264, 260, 264, 262, 263, 259, 260, 260, 264, 261, 260, 263, 263, 260,
    259, 260, 263, 261, 263 ]
headPositionsY: [ 72, 72, 75, 76, 76, 73, 73, 74, 74, 76, 72, 72, 74, 76,
    76, 76, 76, 72, 75, 76, 71, 73, 72, 74, 73, 74, 73, 73, 75, 76, 75,
    73, 69, 69, 67, 67, 64, 66, 67, 68, 70, 75, 83, 83, 84, 81, 77, 74,
    70, 69, 69, 71, 71, 75, 80, 85, 85, 81, 78, 74, 71, 67, 69, 67, 70,
    73, 79, 79, 83, 83, 81, 72, 73, 68, 64, 68, 66, 69, 73, 73, 77, 82,
    83, 82, 80, 81, 77, 74, 70, 68, 71, 67, 70, 71, 73, 74, 70, 75, 71,
    71 ]
