%YAML:1.0
---
videoName: "headLookLeft3.mp4"
gestureLabel: 203
fps: 29
pixelSizeInCmTemp: 3.4214285714285714e-01
faceCenterPointX: 290
faceCenterPointY: 74
headPositionsX: [ 288, 263, 263, 262, 265, 263, 265, 268, 270, 269, 273,
    273, 279, 278, 282, 281, 286, 285, 289, 290, 291, 286, 294, 291, 288,
    288, 295, 289, 290, 281, 289, 288, 289, 292, 284, 291, 281, 292, 290,
    288, 287, 287, 290, 294, 288, 289, 287, 290, 289, 287, 291, 290, 289,
    290, 285, 289, 289, 290, 291, 293, 290, 292, 291, 286, 289, 289, 288,
    291, 286, 289, 289, 287, 288, 287, 286, 288, 286, 286, 287, 287, 289,
    285, 291, 288, 288, 287, 291, 290, 285, 290, 287, 287, 289, 289, 288,
    286, 289, 287, 289, 285 ]
headPositionsY: [ 72, 76, 77, 79, 75, 78, 80, 80, 76, 77, 74, 76, 74, 77,
    73, 74, 74, 76, 74, 72, 75, 73, 77, 76, 73, 74, 77, 75, 76, 70, 75,
    74, 76, 77, 75, 74, 73, 74, 74, 72, 73, 71, 74, 77, 75, 74, 75, 76,
    77, 75, 72, 74, 71, 75, 76, 73, 75, 75, 71, 77, 72, 74, 75, 74, 76,
    73, 75, 72, 73, 76, 72, 75, 71, 73, 73, 77, 75, 74, 76, 72, 75, 72,
    73, 74, 76, 72, 75, 72, 71, 75, 76, 73, 74, 76, 72, 77, 74, 75, 72,
    75 ]
