%YAML:1.0
---
videoName: "headShake1.mp4"
gestureLabel: 201
fps: 29
pixelSizeInCmTemp: 3.3263888888888887e-01
faceCenterPointX: 279
faceCenterPointY: 98
headPositionsX: [ 277, 277, 278, 281, 280, 280, 281, 280, 278, 277, 280,
    280, 277, 280, 278, 279, 279, 277, 280, 281, 277, 277, 278, 281, 278,
    279, 277, 278, 281, 282, 283, 286, 288, 292, 294, 292, 291, 286, 288,
    282, 280, 273, 272, 272, 269, 270, 272, 275, 278, 283, 289, 292, 293,
    291, 289, 289, 281, 278, 274, 272, 269, 264, 268, 271, 275, 275, 285,
    285, 288, 291, 291, 293, 288, 288, 282, 279, 275, 273, 272, 269, 269,
    272, 273, 272, 273, 275, 273, 277, 278, 278, 280, 278, 278, 282, 279,
    281, 282, 280, 281, 277 ]
headPositionsY: [ 100, 97, 96, 95, 96, 97, 95, 95, 97, 99, 99, 96, 97,
    100, 95, 99, 96, 95, 95, 97, 96, 96, 98, 95, 98, 95, 99, 96, 98, 94,
    95, 95, 94, 94, 94, 97, 93, 95, 98, 98, 98, 97, 98, 95, 97, 99, 96,
    98, 96, 97, 94, 94, 94, 98, 95, 95, 98, 96, 97, 96, 98, 98, 93, 97,
    99, 96, 98, 94, 97, 97, 97, 94, 96, 96, 96, 99, 95, 98, 98, 96, 98,
    95, 95, 99, 96, 97, 99, 99, 98, 99, 96, 98, 99, 96, 100, 98, 97, 97,
    98, 96 ]
