%YAML:1.0
---
videoName: "headNod6.mp4"
gestureLabel: 202
fps: 29
pixelSizeInCmTemp: 3.1513157894736843e-01
faceCenterPointX: 262
faceCenterPointY: 73
headPositionsX: [ 262, 263, 262, 262, 260, 263, 263, 262, 265, 260, 264,
    262, 262, 260, 263, 261, 264, 261, 262, 261, 262, 265, 260, 262, 262,
    260, 263, 262, 264, 263, 262, 261, 261, 265, 264, 262, 264, 263, 262,
    264, 265, 262, 263, 264, 261, 259, 260, 260, 261, 262, 261, 263, 262,
    261, 262, 260, 263, 262, 259, 261, 260, 261, 260, 263, 261, 258, 261,
    258, 259, 260, 262, 261, 259, 263, 262, 263, 261, 258, 261, 260, 260,
    262, 261, 263, 262, 263, 259, 261, 260, 264, 261, 261, 263, 264, 262,
    263, 264, 264, 263, 260 ]
headPositionsY: [ 72, 72, 71, 76, 73, 75, 75, 72, 75, 75, 75, 75, 72, 73,
    75, 75, 75, 74, 73, 76, 74, 72, 74, 74, 74, 74, 74, 75, 73, 76, 74,
    75, 69, 71, 69, 64, 67, 65, 67, 70, 74, 78, 79, 85, 85, 82, 76, 72,
    70, 68, 65, 67, 73, 78, 82, 84, 81, 79, 77, 73, 72, 71, 69, 67, 71,
    72, 78, 79, 82, 80, 81, 76, 72, 70, 65, 66, 65, 65, 72, 77, 81, 82,
    83, 84, 79, 78, 75, 75, 72, 70, 71, 69, 71, 70, 72, 73, 73, 75, 72,
    74 ]
