%YAML:1.0
---
videoName: "headShake38.mp4"
gestureLabel: 201
fps: 29
pixelSizeInCmTemp: 3.2808219178082193e-01
faceCenterPointX: 259
faceCenterPointY: 84
headPositionsX: [ 261, 261, 264, 263, 261, 262, 266, 265, 265, 263, 266,
    264, 263, 265, 263, 261, 264, 262, 264, 261, 264, 261, 261, 264, 261,
    261, 261, 262, 262, 262, 263, 262, 261, 265, 264, 263, 260, 261, 262,
    262, 264, 260, 260, 256, 256, 251, 249, 249, 249, 250, 259, 268, 271,
    279, 276, 274, 271, 260, 256, 248, 248, 251, 252, 259, 265, 270, 273,
    270, 266, 258, 252, 250, 247, 249, 252, 255, 258, 263, 264, 267, 270,
    270, 265, 266, 264, 265, 263, 261, 260, 259, 259, 258, 262, 262, 262,
    257, 260, 258, 259, 258 ]
headPositionsY: [ 84, 85, 84, 81, 83, 85, 81, 84, 82, 80, 82, 82, 84, 83,
    85, 81, 83, 84, 83, 84, 86, 85, 83, 81, 83, 85, 81, 82, 84, 85, 86,
    81, 85, 86, 81, 82, 81, 84, 81, 85, 83, 86, 82, 83, 83, 80, 85, 80,
    82, 83, 86, 85, 84, 83, 81, 82, 85, 85, 83, 86, 84, 80, 82, 82, 83,
    81, 82, 83, 84, 86, 85, 82, 85, 85, 84, 82, 81, 84, 84, 84, 83, 84,
    86, 83, 86, 83, 85, 83, 82, 86, 85, 82, 85, 82, 85, 84, 86, 87, 82,
    84 ]
