%YAML:1.0
---
videoName: "headShake38.mp4"
gestureLabel: 201
fps: 29
pixelSizeInCmTemp: 3.2808219178082193e-01
faceCenterPointX: 259
faceCenterPointY: 84
headPositionsX: [ 260, 264, 261, 261, 262, 261, 263, 262, 266, 260, 262,
    263, 262, 261, 261, 265, 262, 265, 262, 261, 262, 265, 262, 260, 262,
    265, 263, 265, 261, 261, 264, 264, 265, 265, 262, 263, 262, 264, 265,
    260, 263, 262, 261, 255, 254, 251, 250, 247, 247, 252, 259, 268, 274,
    277, 277, 275, 268, 264, 253, 252, 250, 247, 256, 261, 268, 269, 273,
    271, 266, 259, 252, 250, 248, 249, 251, 256, 260, 266, 268, 267, 270,
    270, 268, 264, 267, 266, 263, 262, 262, 262, 258, 261, 262, 262, 260,
    258, 261, 260, 260, 259 ]
headPositionsY: [ 85, 83, 83, 80, 85, 82, 82, 81, 84, 84, 83, 84, 81, 84,
    81, 84, 85, 82, 85, 86, 84, 85, 82, 81, 82, 83, 82, 82, 85, 82, 83,
    85, 85, 86, 83, 85, 84, 84, 82, 85, 83, 85, 85, 82, 84, 79, 82, 81,
    85, 84, 86, 83, 85, 81, 82, 80, 86, 84, 85, 83, 84, 83, 84, 83, 83,
    84, 84, 81, 82, 82, 84, 84, 82, 85, 85, 82, 81, 84, 82, 82, 83, 84,
    82, 83, 85, 85, 87, 84, 83, 86, 85, 86, 86, 85, 85, 83, 83, 87, 83,
    86 ]
