%YAML:1.0
---
videoName: "headShake7.mp4"
gestureLabel: 201
fps: 29
pixelSizeInCmTemp: 3.3263888888888887e-01
faceCenterPointX: 244
faceCenterPointY: 72
headPositionsX: [ 246, 243, 244, 241, 244, 244, 240, 245, 244, 243, 246,
    247, 249, 253, 257, 258, 262, 261, 258, 255, 253, 245, 239, 236, 233,
    231, 234, 242, 247, 253, 255, 257, 260, 257, 256, 251, 243, 240, 233,
    228, 228, 229, 230, 234, 241, 246, 252, 255, 256, 253, 252, 250, 246,
    241, 235, 231, 231, 230, 230, 233, 241, 242, 247, 253, 257, 258, 256,
    257, 251, 250, 248, 245, 237, 238, 233, 234, 236, 235, 235, 239, 239,
    238, 243, 244, 246, 245, 248, 245, 245, 247, 249, 244, 244, 245, 245,
    243, 244, 243, 246, 243 ]
headPositionsY: [ 74, 73, 71, 72, 71, 70, 69, 72, 70, 74, 70, 72, 70, 70,
    70, 68, 67, 68, 70, 68, 71, 70, 68, 72, 69, 71, 73, 72, 70, 72, 66,
    67, 70, 68, 72, 71, 73, 71, 73, 68, 69, 70, 68, 70, 69, 71, 68, 70,
    67, 70, 69, 69, 71, 73, 73, 72, 71, 68, 68, 69, 73, 72, 69, 70, 69,
    70, 70, 69, 69, 72, 70, 73, 70, 71, 73, 73, 72, 72, 68, 71, 71, 70,
    70, 71, 72, 71, 72, 69, 72, 73, 71, 69, 70, 70, 70, 74, 73, 70, 71,
    71 ]
