%YAML:1.0
---
videoName: "headShake37.mp4"
gestureLabel: 201
fps: 30
pixelSizeInCmTemp: 3.1933333333333330e-01
faceCenterPointX: 263
faceCenterPointY: 83
headPositionsX: [ 264, 262, 260, 262, 262, 261, 261, 265, 260, 264, 265,
    263, 264, 260, 264, 262, 262, 262, 261, 261, 260, 263, 259, 261, 261,
    262, 261, 263, 261, 261, 260, 264, 259, 262, 260, 264, 260, 262, 261,
    260, 260, 262, 262, 263, 261, 260, 262, 262, 269, 269, 274, 279, 280,
    281, 279, 276, 269, 268, 256, 253, 255, 254, 257, 259, 261, 270, 269,
    272, 274, 271, 269, 267, 260, 257, 255, 255, 253, 255, 257, 258, 259,
    260, 261, 266, 266, 264, 268, 266, 265, 267, 264, 263, 266, 263, 261,
    261, 264, 265, 266, 265 ]
headPositionsY: [ 81, 82, 82, 83, 81, 81, 83, 83, 84, 85, 83, 84, 81, 84,
    84, 83, 81, 81, 81, 82, 85, 82, 85, 82, 82, 83, 81, 81, 83, 80, 85,
    86, 82, 85, 84, 81, 84, 84, 84, 82, 81, 82, 82, 84, 85, 82, 85, 84,
    82, 81, 83, 80, 81, 82, 80, 82, 80, 81, 80, 81, 79, 79, 80, 80, 80,
    81, 83, 81, 83, 80, 81, 85, 81, 84, 81, 81, 85, 80, 85, 81, 84, 82,
    81, 82, 81, 81, 83, 84, 80, 85, 84, 85, 81, 85, 81, 84, 83, 82, 82,
    80 ]
