%YAML:1.0
---
videoName: "headLookDown5.mp4"
gestureLabel: 206
fps: 29
pixelSizeInCmTemp: 3.4710144927536229e-01
faceCenterPointX: 272
faceCenterPointY: 102
headPositionsX: [ 274, 271, 271, 270, 269, 273, 271, 273, 272, 273, 273,
    274, 273, 273, 270, 272, 273, 271, 269, 270, 273, 274, 271, 270, 272,
    271, 271, 271, 273, 271, 271, 271, 272, 272, 269, 271, 272, 273, 274,
    273, 272, 272, 272, 274, 273, 270, 272, 272, 270, 272, 272, 272, 272,
    275, 272, 270, 271, 272, 272, 274, 272, 272, 270, 273, 271, 269, 272,
    270, 272, 274, 271, 272, 271, 273, 272, 272, 273, 272, 271, 272, 269,
    274, 268, 271, 273, 275, 273, 269, 272, 271, 274, 271, 272, 274, 269,
    273, 275, 273, 275, 270 ]
headPositionsY: [ 104, 83, 85, 82, 82, 84, 86, 82, 85, 84, 84, 82, 85,
    85, 83, 86, 82, 85, 83, 84, 85, 84, 84, 83, 86, 82, 82, 86, 81, 85,
    82, 83, 85, 84, 83, 84, 85, 85, 84, 82, 85, 85, 81, 84, 83, 82, 84,
    86, 88, 89, 88, 89, 93, 95, 95, 93, 93, 95, 99, 101, 99, 101, 102,
    102, 101, 98, 103, 103, 103, 99, 101, 102, 104, 101, 104, 100, 104,
    100, 104, 104, 105, 101, 101, 101, 102, 102, 103, 104, 100, 102, 105,
    103, 103, 101, 100, 104, 105, 102, 103, 102 ]
