%YAML:1.0
---
videoName: "headNod40.mp4"
gestureLabel: 202
fps: 29
pixelSizeInCmTemp: 2.8511904761904761e-01
faceCenterPointX: 267
faceCenterPointY: 78
headPositionsX: [ 266, 268, 268, 268, 269, 270, 266, 269, 269, 266, 266,
    265, 269, 270, 266, 269, 266, 267, 269, 267, 268, 269, 267, 267, 268,
    269, 267, 268, 265, 269, 269, 267, 270, 266, 269, 269, 268, 270, 266,
    268, 271, 265, 267, 264, 265, 266, 266, 264, 266, 268, 264, 266, 268,
    267, 264, 268, 267, 265, 267, 267, 264, 268, 264, 267, 267, 267, 267,
    266, 267, 269, 268, 270, 270, 268, 268, 268, 267, 266, 268, 268, 266,
    269, 268, 268, 268, 267, 266, 268, 267, 267, 265, 264, 268, 266, 268,
    268, 264, 266, 267, 267 ]
headPositionsY: [ 80, 77, 74, 77, 78, 78, 76, 76, 75, 74, 78, 74, 79, 74,
    75, 75, 77, 73, 77, 76, 78, 74, 74, 77, 74, 77, 75, 75, 77, 73, 75,
    77, 75, 76, 73, 74, 77, 76, 76, 77, 84, 87, 92, 95, 97, 96, 94, 92,
    89, 83, 76, 80, 79, 66, 66, 67, 70, 69, 68, 77, 79, 85, 86, 84, 83,
    81, 77, 77, 72, 73, 75, 70, 74, 76, 73, 73, 79, 82, 79, 79, 77, 80,
    77, 79, 77, 80, 81, 78, 78, 78, 79, 78, 78, 79, 78, 79, 78, 79, 77,
    77 ]
