%YAML:1.0
---
videoName: "headLookUp3.mp4"
gestureLabel: 205
fps: 29
pixelSizeInCmTemp: 3.7421874999999999e-01
faceCenterPointX: 254
faceCenterPointY: 68
headPositionsX: [ 253, 256, 255, 257, 255, 254, 256, 255, 256, 256, 256,
    256, 257, 258, 256, 254, 254, 255, 257, 255, 258, 255, 255, 258, 257,
    257, 255, 257, 256, 257, 256, 256, 255, 255, 255, 257, 257, 256, 255,
    256, 258, 255, 256, 258, 254, 257, 258, 257, 258, 254, 256, 258, 254,
    254, 257, 255, 257, 257, 256, 257, 252, 256, 255, 254, 256, 254, 258,
    252, 256, 253, 252, 257, 255, 257, 254, 258, 256, 253, 257, 255, 257,
    253, 255, 254, 253, 257, 255, 255, 256, 256, 258, 254, 254, 254, 256,
    254, 253, 256, 255, 256 ]
headPositionsY: [ 69, 83, 81, 84, 84, 81, 81, 83, 84, 80, 81, 80, 84, 84,
    80, 82, 81, 81, 84, 80, 83, 80, 85, 84, 80, 81, 84, 79, 83, 83, 81,
    82, 81, 80, 81, 81, 82, 81, 82, 81, 80, 75, 79, 73, 74, 71, 69, 69,
    67, 68, 69, 66, 68, 70, 66, 68, 71, 64, 69, 69, 64, 69, 66, 66, 66,
    66, 67, 66, 70, 66, 68, 70, 65, 68, 68, 67, 67, 66, 66, 68, 67, 66,
    67, 67, 69, 69, 70, 70, 68, 67, 69, 67, 68, 68, 69, 68, 71, 67, 70,
    66 ]
