%YAML:1.0
---
videoName: "headShake6.mp4"
gestureLabel: 201
fps: 29
pixelSizeInCmTemp: 3.2808219178082193e-01
faceCenterPointX: 244
faceCenterPointY: 68
headPositionsX: [ 243, 243, 244, 246, 246, 245, 244, 244, 246, 243, 246,
    246, 243, 245, 247, 246, 244, 247, 246, 247, 247, 247, 245, 245, 246,
    245, 246, 247, 248, 253, 255, 259, 262, 262, 263, 259, 257, 253, 249,
    242, 235, 234, 230, 230, 232, 240, 245, 247, 254, 257, 259, 256, 256,
    255, 247, 245, 240, 232, 232, 230, 232, 234, 235, 240, 246, 248, 250,
    253, 251, 248, 244, 241, 244, 242, 237, 239, 239, 239, 239, 241, 242,
    244, 242, 243, 242, 243, 245, 245, 245, 246, 245, 244, 242, 242, 243,
    244, 242, 244, 243, 245 ]
headPositionsY: [ 69, 66, 67, 66, 68, 68, 65, 65, 66, 68, 67, 65, 65, 67,
    68, 65, 65, 67, 67, 65, 66, 65, 66, 67, 66, 65, 69, 66, 68, 69, 64,
    64, 65, 64, 69, 65, 68, 67, 70, 69, 68, 69, 70, 65, 66, 66, 67, 68,
    65, 69, 66, 67, 67, 66, 66, 69, 69, 69, 66, 66, 70, 65, 69, 69, 66,
    69, 66, 69, 68, 67, 69, 70, 66, 68, 69, 70, 65, 69, 70, 68, 69, 67,
    69, 67, 67, 68, 70, 68, 70, 70, 70, 67, 68, 71, 66, 66, 70, 71, 66,
    67 ]
