%YAML:1.0
---
videoName: "headNod11.mp4"
gestureLabel: 202
fps: 29
pixelSizeInCmTemp: 3.2364864864864862e-01
faceCenterPointX: 261
faceCenterPointY: 75
headPositionsX: [ 260, 258, 259, 260, 257, 260, 259, 258, 256, 258, 257,
    261, 259, 258, 261, 257, 259, 261, 261, 261, 261, 258, 258, 262, 262,
    263, 260, 258, 262, 262, 261, 261, 263, 257, 258, 258, 262, 259, 260,
    258, 259, 261, 260, 261, 260, 258, 259, 262, 258, 262, 260, 259, 261,
    261, 263, 261, 262, 259, 259, 258, 257, 258, 260, 259, 261, 260, 260,
    258, 257, 257, 255, 256, 256, 256, 257, 256, 256, 259, 256, 256, 258,
    257, 257, 260, 257, 260, 261, 259, 258, 260, 260, 258, 257, 260, 261,
    262, 260, 259, 261, 260 ]
headPositionsY: [ 74, 73, 72, 72, 73, 73, 72, 73, 72, 75, 75, 73, 75, 77,
    72, 73, 72, 72, 74, 73, 75, 76, 74, 73, 77, 73, 72, 75, 76, 77, 76,
    75, 77, 72, 77, 75, 74, 75, 76, 73, 76, 77, 74, 75, 75, 73, 73, 75,
    71, 72, 68, 68, 67, 66, 71, 71, 72, 75, 78, 78, 79, 81, 77, 74, 72,
    67, 69, 70, 70, 73, 75, 74, 77, 81, 81, 82, 78, 76, 74, 74, 72, 70,
    71, 70, 73, 75, 77, 78, 80, 82, 77, 78, 75, 77, 77, 78, 75, 78, 74,
    75 ]
