%YAML:1.0
---
videoName: "headShake10.mp4"
gestureLabel: 201
fps: 29
pixelSizeInCmTemp: 3.3732394366197183e-01
faceCenterPointX: 240
faceCenterPointY: 74
headPositionsX: [ 241, 244, 247, 247, 246, 245, 248, 243, 246, 248, 248,
    244, 246, 247, 247, 245, 248, 244, 246, 244, 247, 246, 245, 246, 246,
    244, 244, 247, 244, 247, 248, 244, 245, 246, 245, 244, 243, 247, 248,
    245, 243, 247, 243, 246, 247, 246, 246, 243, 243, 243, 247, 250, 250,
    255, 255, 257, 262, 258, 259, 258, 257, 253, 249, 242, 238, 237, 232,
    231, 232, 236, 236, 239, 244, 251, 256, 256, 255, 255, 258, 256, 250,
    249, 245, 242, 241, 241, 242, 242, 238, 239, 240, 239, 241, 239, 240,
    241, 240, 239, 241, 240 ]
headPositionsY: [ 74, 75, 75, 74, 72, 71, 72, 72, 72, 74, 74, 74, 74, 73,
    75, 71, 72, 74, 75, 72, 73, 73, 73, 73, 71, 74, 75, 73, 72, 71, 71,
    73, 76, 75, 75, 76, 72, 71, 75, 71, 75, 75, 75, 71, 74, 71, 73, 76,
    70, 71, 75, 75, 73, 74, 72, 71, 70, 71, 73, 71, 73, 71, 75, 74, 71,
    72, 74, 76, 75, 74, 74, 74, 75, 74, 74, 72, 75, 74, 71, 73, 73, 75,
    74, 74, 73, 77, 73, 78, 77, 77, 76, 76, 76, 77, 76, 75, 76, 77, 75,
    78 ]
