%YAML:1.0
---
videoName: "headNod24.mp4"
gestureLabel: 202
fps: 29
pixelSizeInCmTemp: 3.1513157894736843e-01
faceCenterPointX: 272
faceCenterPointY: 72
headPositionsX: [ 272, 275, 275, 273, 276, 275, 274, 274, 273, 275, 276,
    273, 272, 275, 276, 273, 276, 272, 275, 275, 272, 273, 273, 274, 274,
    275, 273, 271, 274, 273, 271, 275, 273, 274, 275, 276, 272, 274, 275,
    273, 271, 271, 271, 273, 272, 271, 275, 275, 271, 272, 274, 272, 273,
    273, 275, 274, 271, 274, 273, 273, 270, 273, 268, 273, 273, 269, 269,
    271, 272, 272, 274, 270, 269, 269, 269, 270, 268, 268, 270, 270, 268,
    268, 268, 271, 270, 272, 272, 270, 271, 273, 270, 270, 270, 274, 269,
    272, 270, 270, 273, 272 ]
headPositionsY: [ 71, 73, 74, 74, 72, 75, 72, 71, 74, 73, 73, 76, 74, 71,
    73, 74, 73, 75, 75, 72, 72, 73, 74, 71, 71, 74, 72, 74, 72, 72, 74,
    74, 71, 74, 75, 72, 73, 72, 69, 69, 70, 75, 75, 81, 81, 83, 80, 77,
    68, 69, 68, 67, 68, 73, 74, 77, 77, 75, 72, 70, 64, 68, 65, 67, 72,
    73, 73, 76, 72, 75, 73, 67, 67, 67, 70, 72, 71, 72, 77, 73, 76, 72,
    73, 70, 71, 71, 72, 69, 72, 69, 70, 73, 75, 71, 71, 73, 74, 74, 73,
    69 ]
