%YAML:1.0
---
videoName: "headLookDown2.mp4"
gestureLabel: 206
fps: 29
pixelSizeInCmTemp: 3.3732394366197183e-01
faceCenterPointX: 274
faceCenterPointY: 95
headPositionsX: [ 275, 273, 274, 275, 275, 273, 273, 273, 272, 275, 274,
    275, 272, 276, 273, 276, 272, 274, 275, 275, 271, 271, 273, 274, 276,
    271, 275, 273, 274, 275, 275, 275, 276, 275, 273, 273, 275, 274, 274,
    274, 276, 274, 274, 277, 276, 272, 273, 276, 273, 272, 275, 275, 274,
    276, 274, 271, 275, 272, 275, 272, 273, 275, 275, 274, 273, 274, 274,
    276, 273, 276, 274, 275, 273, 276, 277, 276, 274, 276, 276, 276, 275,
    276, 277, 273, 275, 275, 277, 275, 277, 276, 276, 275, 273, 277, 276,
    276, 276, 275, 275, 275 ]
headPositionsY: [ 94, 80, 79, 80, 79, 79, 76, 78, 79, 79, 76, 77, 80, 77,
    78, 78, 78, 78, 78, 79, 78, 81, 79, 79, 79, 80, 79, 79, 78, 81, 80,
    80, 81, 81, 80, 82, 82, 84, 83, 86, 88, 91, 89, 91, 95, 92, 92, 94,
    92, 94, 94, 92, 92, 95, 95, 92, 94, 93, 95, 94, 93, 97, 96, 96, 93,
    93, 96, 97, 93, 96, 96, 95, 93, 97, 93, 96, 93, 94, 96, 97, 95, 93,
    94, 95, 93, 95, 93, 94, 94, 94, 98, 94, 95, 95, 94, 93, 96, 95, 98,
    97 ]
