%YAML:1.0
---
videoName: "headLookUp5.mp4"
gestureLabel: 205
fps: 29
pixelSizeInCmTemp: 3.6287878787878786e-01
faceCenterPointX: 256
faceCenterPointY: 67
headPositionsX: [ 256, 256, 257, 254, 256, 256, 257, 257, 256, 258, 258,
    255, 256, 258, 255, 255, 258, 258, 254, 255, 257, 256, 257, 257, 254,
    255, 254, 258, 258, 255, 257, 257, 255, 257, 255, 258, 257, 254, 254,
    257, 257, 258, 257, 258, 256, 259, 256, 258, 257, 259, 257, 256, 255,
    256, 256, 258, 253, 258, 254, 255, 257, 255, 257, 256, 256, 258, 258,
    254, 253, 255, 257, 257, 258, 258, 258, 258, 256, 254, 255, 256, 254,
    258, 258, 257, 257, 257, 257, 254, 254, 253, 257, 256, 255, 258, 254,
    258, 257, 257, 255, 255 ]
headPositionsY: [ 66, 82, 80, 79, 82, 84, 80, 81, 79, 80, 82, 83, 81, 80,
    80, 79, 80, 80, 79, 80, 80, 83, 82, 79, 79, 81, 82, 81, 81, 80, 82,
    81, 78, 81, 79, 79, 76, 75, 71, 69, 70, 70, 70, 68, 65, 69, 67, 69,
    70, 69, 66, 67, 66, 69, 69, 70, 69, 69, 69, 68, 69, 68, 71, 69, 66,
    68, 66, 69, 69, 67, 67, 69, 65, 67, 68, 69, 67, 69, 64, 70, 66, 69,
    69, 67, 65, 66, 66, 67, 66, 68, 68, 67, 68, 68, 65, 66, 66, 65, 66,
    67 ]
