%YAML:1.0
---
videoName: "headShake23.mp4"
gestureLabel: 201
fps: 29
pixelSizeInCmTemp: 3.2808219178082193e-01
faceCenterPointX: 240
faceCenterPointY: 77
headPositionsX: [ 240, 244, 244, 241, 243, 245, 243, 242, 242, 242, 241,
    240, 242, 244, 241, 239, 241, 238, 239, 241, 241, 242, 243, 244, 250,
    248, 252, 256, 252, 256, 255, 256, 252, 249, 249, 247, 240, 236, 233,
    232, 234, 231, 228, 227, 230, 229, 231, 235, 236, 238, 240, 246, 247,
    252, 251, 250, 250, 255, 251, 251, 251, 248, 249, 242, 241, 241, 239,
    239, 238, 234, 236, 236, 233, 236, 234, 234, 235, 238, 235, 237, 240,
    241, 239, 239, 245, 242, 244, 246, 247, 245, 245, 244, 247, 246, 241,
    243, 245, 242, 242, 240 ]
headPositionsY: [ 75, 74, 75, 76, 79, 75, 77, 78, 78, 76, 76, 77, 78, 79,
    77, 79, 75, 79, 74, 76, 76, 77, 79, 77, 77, 77, 74, 76, 76, 75, 74,
    76, 76, 78, 79, 80, 79, 77, 75, 74, 74, 77, 74, 74, 76, 75, 80, 76,
    77, 78, 79, 78, 77, 76, 77, 75, 75, 77, 76, 77, 79, 76, 77, 77, 77,
    77, 80, 76, 78, 79, 79, 78, 76, 76, 79, 75, 78, 77, 76, 76, 79, 78,
    79, 78, 76, 75, 76, 78, 78, 75, 80, 76, 79, 79, 77, 76, 79, 77, 78,
    76 ]
