%YAML:1.0
---
videoName: "headShake0.mp4"
gestureLabel: 201
fps: 29
pixelSizeInCmTemp: 3.2808219178082193e-01
faceCenterPointX: 279
faceCenterPointY: 94
headPositionsX: [ 279, 277, 280, 278, 280, 277, 278, 281, 278, 277, 281,
    279, 277, 280, 280, 281, 278, 280, 281, 278, 279, 281, 281, 278, 280,
    278, 281, 279, 281, 278, 278, 279, 279, 278, 277, 279, 277, 278, 280,
    279, 277, 279, 284, 285, 290, 294, 300, 301, 302, 301, 299, 291, 287,
    283, 276, 275, 271, 275, 274, 275, 283, 285, 291, 290, 292, 287, 284,
    282, 280, 276, 272, 271, 272, 276, 279, 283, 284, 283, 284, 282, 278,
    278, 277, 274, 273, 277, 278, 278, 280, 280, 278, 281, 277, 279, 278,
    278, 279, 281, 281, 277 ]
headPositionsY: [ 93, 95, 95, 90, 95, 91, 92, 95, 94, 93, 93, 90, 93, 95,
    92, 95, 95, 92, 91, 93, 92, 95, 93, 93, 91, 94, 93, 95, 95, 91, 90,
    95, 92, 91, 92, 92, 91, 95, 94, 92, 92, 94, 90, 89, 91, 89, 92, 91,
    94, 92, 92, 89, 91, 93, 93, 94, 95, 92, 91, 93, 92, 93, 94, 90, 94,
    90, 95, 95, 92, 92, 91, 94, 93, 95, 92, 95, 94, 94, 94, 92, 96, 94,
    92, 94, 96, 92, 93, 94, 94, 94, 95, 97, 92, 92, 96, 92, 96, 94, 92,
    95 ]
