%YAML:1.0
---
videoName: "headShake3.mp4"
gestureLabel: 201
fps: 30
pixelSizeInCmTemp: 3.3263888888888887e-01
faceCenterPointX: 240
faceCenterPointY: 101
headPositionsX: [ 240, 244, 239, 239, 241, 239, 244, 241, 242, 243, 240,
    239, 242, 239, 240, 239, 240, 244, 242, 240, 239, 241, 241, 241, 242,
    241, 241, 242, 242, 242, 238, 239, 240, 242, 246, 249, 254, 257, 255,
    257, 255, 249, 248, 240, 239, 231, 229, 227, 228, 233, 234, 238, 241,
    246, 251, 253, 251, 246, 242, 236, 232, 228, 227, 227, 226, 227, 233,
    232, 240, 243, 245, 247, 243, 244, 243, 244, 239, 236, 237, 236, 234,
    234, 234, 235, 233, 236, 235, 237, 241, 240, 240, 242, 238, 241, 241,
    241, 239, 239, 240, 242 ]
headPositionsY: [ 102, 99, 101, 99, 97, 98, 97, 99, 98, 99, 97, 99, 97,
    96, 97, 98, 100, 99, 97, 98, 100, 97, 102, 97, 97, 100, 99, 100, 98,
    100, 98, 101, 97, 98, 100, 97, 95, 95, 96, 97, 97, 99, 100, 100, 98,
    100, 101, 100, 97, 100, 99, 101, 101, 99, 97, 98, 100, 100, 101, 101,
    98, 96, 98, 98, 97, 99, 98, 97, 100, 100, 97, 99, 96, 101, 98, 98,
    101, 100, 99, 100, 100, 99, 99, 99, 100, 99, 98, 100, 99, 98, 100,
    101, 98, 99, 99, 102, 103, 100, 100, 99 ]
