%YAML:1.0
---
videoName: "headLookLeft3.mp4"
gestureLabel: 203
fps: 29
pixelSizeInCmTemp: 3.4214285714285714e-01
faceCenterPointX: 290
faceCenterPointY: 74
headPositionsX: [ 291, 264, 262, 265, 262, 266, 268, 268, 271, 272, 273,
    274, 275, 280, 281, 280, 282, 286, 286, 290, 290, 287, 293, 292, 284,
    288, 298, 289, 286, 283, 290, 290, 291, 290, 288, 288, 283, 289, 289,
    289, 290, 288, 288, 296, 290, 291, 290, 288, 292, 286, 292, 289, 291,
    291, 285, 288, 291, 286, 291, 290, 292, 289, 287, 287, 288, 287, 288,
    291, 287, 289, 289, 286, 287, 286, 284, 285, 285, 286, 287, 286, 288,
    289, 289, 287, 286, 285, 290, 287, 288, 287, 286, 288, 290, 290, 285,
    285, 290, 285, 286, 284 ]
headPositionsY: [ 74, 76, 78, 78, 78, 76, 80, 78, 75, 75, 74, 75, 77, 76,
    74, 72, 74, 75, 73, 73, 74, 72, 75, 74, 70, 70, 75, 75, 74, 73, 74,
    76, 73, 75, 72, 77, 71, 74, 72, 72, 72, 73, 74, 78, 76, 72, 73, 76,
    75, 71, 73, 74, 74, 77, 75, 76, 74, 72, 74, 75, 73, 75, 74, 74, 73,
    72, 73, 72, 72, 76, 72, 75, 71, 72, 75, 73, 75, 74, 76, 71, 73, 72,
    71, 73, 76, 74, 75, 75, 72, 75, 72, 72, 74, 76, 72, 77, 74, 75, 72,
    74 ]
