%YAML:1.0
---
videoName: "headShake27.mp4"
gestureLabel: 201
fps: 29
pixelSizeInCmTemp: 3.3263888888888887e-01
faceCenterPointX: 244
faceCenterPointY: 78
headPositionsX: [ 244, 244, 245, 250, 248, 250, 252, 256, 256, 256, 255,
    257, 256, 255, 251, 250, 247, 247, 243, 244, 241, 240, 238, 234, 236,
    236, 230, 233, 233, 231, 235, 233, 232, 237, 237, 240, 239, 243, 246,
    247, 250, 247, 250, 250, 249, 252, 248, 251, 249, 245, 245, 242, 242,
    242, 235, 238, 234, 231, 235, 232, 232, 232, 232, 236, 237, 234, 234,
    237, 240, 239, 242, 244, 246, 245, 250, 247, 246, 246, 249, 247, 246,
    249, 244, 246, 248, 248, 243, 245, 247, 247, 245, 243, 244, 242, 246,
    242, 243, 244, 245, 245 ]
headPositionsY: [ 76, 76, 76, 78, 77, 78, 76, 75, 75, 78, 74, 78, 76, 77,
    77, 77, 81, 80, 79, 78, 78, 77, 77, 78, 77, 80, 79, 79, 79, 77, 77,
    79, 80, 76, 79, 81, 79, 81, 80, 78, 81, 78, 78, 77, 82, 81, 78, 81,
    79, 77, 79, 80, 81, 80, 80, 82, 77, 77, 77, 80, 76, 76, 78, 81, 78,
    77, 77, 79, 78, 81, 79, 78, 79, 79, 80, 79, 81, 79, 77, 82, 80, 81,
    80, 80, 81, 77, 79, 78, 81, 80, 78, 81, 78, 79, 82, 80, 81, 79, 80,
    82 ]
