%YAML:1.0
---
videoName: "headShake42.mp4"
gestureLabel: 201
fps: 29
pixelSizeInCmTemp: 3.2808219178082193e-01
faceCenterPointX: 257
faceCenterPointY: 85
headPositionsX: [ 259, 272, 274, 275, 277, 274, 278, 276, 277, 272, 270,
    268, 265, 263, 257, 256, 254, 252, 247, 246, 244, 245, 242, 241, 242,
    244, 247, 249, 256, 258, 262, 265, 270, 278, 279, 279, 278, 278, 276,
    276, 274, 270, 269, 266, 263, 260, 257, 250, 249, 251, 247, 246, 246,
    248, 245, 246, 249, 252, 256, 258, 258, 263, 266, 265, 266, 267, 266,
    269, 269, 270, 268, 266, 266, 265, 263, 262, 262, 263, 260, 258, 260,
    259, 257, 259, 258, 254, 257, 257, 254, 255, 256, 256, 256, 258, 258,
    258, 258, 255, 257, 256 ]
headPositionsY: [ 84, 83, 84, 83, 82, 82, 83, 83, 81, 80, 84, 85, 84, 82,
    86, 82, 85, 85, 85, 84, 85, 82, 85, 85, 85, 84, 82, 85, 86, 85, 85,
    86, 85, 83, 83, 82, 83, 84, 81, 81, 85, 87, 85, 88, 89, 88, 85, 88,
    88, 87, 87, 84, 85, 88, 83, 84, 83, 87, 85, 88, 86, 83, 86, 85, 85,
    86, 86, 85, 85, 87, 86, 85, 85, 88, 83, 87, 85, 87, 87, 83, 87, 87,
    86, 87, 87, 87, 87, 86, 87, 85, 85, 84, 86, 85, 84, 83, 84, 85, 86,
    86 ]
