%YAML:1.0
---
videoName: "headLookRight0.mp4"
gestureLabel: 204
fps: 29
pixelSizeInCmTemp: 3.1933333333333330e-01
faceCenterPointX: 229
faceCenterPointY: 68
headPositionsX: [ 230, 256, 256, 254, 255, 257, 257, 256, 255, 254, 254,
    259, 257, 257, 255, 259, 257, 254, 254, 255, 259, 255, 256, 256, 257,
    253, 254, 255, 254, 259, 256, 257, 253, 255, 255, 256, 255, 253, 256,
    254, 251, 249, 248, 243, 243, 238, 240, 238, 236, 234, 235, 237, 237,
    233, 236, 232, 235, 234, 232, 231, 232, 233, 234, 232, 229, 234, 232,
    232, 235, 236, 235, 236, 234, 233, 235, 232, 230, 233, 232, 230, 234,
    233, 234, 227, 230, 232, 231, 233, 231, 231, 230, 233, 229, 226, 227,
    227, 228, 232, 229, 231 ]
headPositionsY: [ 67, 66, 64, 67, 65, 67, 65, 66, 67, 65, 64, 67, 66, 66,
    67, 69, 65, 65, 66, 68, 66, 66, 68, 68, 67, 69, 66, 65, 65, 67, 67,
    67, 66, 66, 67, 66, 69, 67, 69, 67, 65, 68, 69, 69, 69, 70, 69, 67,
    66, 68, 71, 70, 68, 68, 68, 66, 67, 70, 69, 66, 66, 69, 66, 67, 70,
    68, 67, 69, 69, 68, 68, 70, 66, 70, 67, 67, 69, 65, 68, 70, 66, 70,
    67, 65, 65, 66, 67, 68, 65, 69, 68, 66, 69, 68, 68, 69, 69, 68, 67,
    70 ]
