%YAML:1.0
---
videoName: "headNod9.mp4"
gestureLabel: 202
fps: 29
pixelSizeInCmTemp: 3.1513157894736843e-01
faceCenterPointX: 261
faceCenterPointY: 75
headPositionsX: [ 261, 263, 261, 263, 259, 259, 262, 263, 260, 262, 260,
    262, 259, 258, 260, 261, 261, 260, 263, 262, 262, 263, 263, 262, 260,
    260, 259, 259, 260, 259, 260, 261, 263, 261, 262, 259, 263, 262, 259,
    263, 259, 259, 260, 262, 262, 258, 259, 257, 258, 260, 260, 258, 262,
    259, 260, 263, 263, 260, 260, 258, 262, 261, 258, 261, 260, 260, 259,
    261, 261, 260, 260, 260, 260, 257, 261, 259, 257, 261, 260, 261, 260,
    260, 258, 256, 257, 258, 258, 257, 258, 259, 259, 261, 258, 258, 262,
    262, 257, 260, 259, 260 ]
headPositionsY: [ 73, 74, 76, 73, 75, 75, 77, 74, 73, 77, 74, 77, 74, 77,
    75, 77, 74, 77, 73, 75, 76, 74, 77, 74, 78, 74, 77, 74, 74, 76, 79,
    75, 77, 80, 82, 79, 77, 75, 75, 74, 74, 74, 76, 80, 84, 85, 86, 85,
    80, 80, 77, 75, 76, 79, 84, 83, 86, 84, 80, 79, 72, 73, 73, 76, 78,
    79, 81, 86, 83, 84, 77, 74, 76, 72, 73, 73, 72, 75, 79, 80, 82, 85,
    83, 80, 78, 79, 77, 74, 73, 73, 72, 74, 70, 73, 77, 72, 75, 73, 74,
    74 ]
