%YAML:1.0
---
videoName: "headShake17.mp4"
gestureLabel: 201
fps: 29
pixelSizeInCmTemp: 3.3263888888888887e-01
faceCenterPointX: 242
faceCenterPointY: 76
headPositionsX: [ 242, 237, 240, 240, 237, 239, 238, 241, 244, 246, 252,
    256, 260, 259, 259, 257, 253, 248, 246, 241, 238, 233, 227, 228, 227,
    227, 230, 234, 236, 240, 242, 249, 253, 251, 252, 254, 253, 251, 250,
    248, 242, 238, 235, 232, 230, 233, 231, 235, 232, 234, 235, 242, 243,
    245, 245, 246, 244, 245, 246, 243, 241, 242, 241, 238, 239, 239, 240,
    239, 238, 239, 240, 241, 240, 239, 241, 241, 242, 238, 239, 239, 242,
    240, 243, 241, 242, 240, 243, 240, 240, 240, 241, 241, 242, 240, 242,
    240, 241, 240, 242, 241 ]
headPositionsY: [ 77, 78, 77, 78, 75, 75, 78, 74, 75, 76, 73, 72, 77, 75,
    75, 77, 74, 74, 76, 78, 76, 75, 77, 75, 78, 79, 78, 77, 78, 76, 75,
    75, 78, 77, 74, 72, 73, 78, 78, 80, 79, 78, 80, 78, 77, 78, 77, 76,
    78, 77, 77, 76, 77, 78, 75, 79, 78, 76, 78, 79, 74, 79, 76, 77, 76,
    78, 74, 74, 77, 76, 77, 75, 77, 76, 76, 74, 76, 77, 77, 77, 77, 78,
    78, 77, 78, 75, 79, 76, 77, 75, 77, 78, 78, 75, 77, 74, 75, 77, 77,
    74 ]
