%YAML:1.0
---
videoName: "headShake18.mp4"
gestureLabel: 201
fps: 30
pixelSizeInCmTemp: 3.2808219178082193e-01
faceCenterPointX: 240
faceCenterPointY: 77
headPositionsX: [ 242, 242, 242, 241, 241, 241, 241, 243, 239, 241, 242,
    238, 242, 239, 241, 241, 239, 240, 240, 239, 240, 240, 238, 240, 242,
    241, 240, 238, 238, 242, 239, 238, 238, 239, 238, 243, 241, 245, 250,
    251, 254, 251, 248, 251, 245, 242, 236, 237, 233, 227, 232, 230, 236,
    241, 241, 245, 251, 249, 246, 248, 245, 241, 240, 233, 235, 236, 236,
    236, 240, 241, 241, 244, 243, 245, 242, 241, 242, 235, 239, 236, 234,
    236, 236, 236, 238, 241, 242, 241, 243, 241, 240, 240, 244, 238, 238,
    240, 241, 242, 240, 242 ]
headPositionsY: [ 78, 73, 74, 77, 75, 73, 75, 76, 74, 76, 77, 78, 77, 77,
    74, 75, 77, 75, 75, 77, 75, 77, 75, 78, 75, 75, 73, 76, 77, 75, 79,
    75, 79, 76, 76, 78, 77, 74, 76, 76, 77, 77, 74, 75, 78, 77, 77, 79,
    78, 75, 77, 77, 77, 77, 76, 79, 77, 75, 74, 77, 77, 77, 79, 79, 77,
    77, 75, 77, 75, 78, 78, 79, 76, 75, 77, 79, 78, 79, 79, 78, 76, 78,
    78, 76, 78, 79, 78, 78, 75, 79, 77, 75, 77, 79, 76, 77, 77, 78, 78,
    77 ]
