%YAML:1.0
---
videoName: "headLookUp4.mp4"
gestureLabel: 205
fps: 30
pixelSizeInCmTemp: 3.6846153846153845e-01
faceCenterPointX: 256
faceCenterPointY: 68
headPositionsX: [ 256, 256, 257, 259, 256, 255, 255, 258, 258, 254, 257,
    259, 255, 257, 257, 254, 258, 254, 256, 258, 254, 256, 254, 255, 254,
    255, 257, 255, 254, 255, 257, 258, 257, 257, 254, 257, 257, 256, 254,
    256, 253, 258, 258, 253, 257, 258, 258, 257, 254, 256, 254, 256, 256,
    255, 257, 255, 254, 257, 256, 254, 253, 254, 256, 257, 256, 254, 258,
    258, 255, 256, 255, 258, 254, 258, 258, 256, 253, 258, 256, 255, 253,
    256, 256, 257, 257, 256, 258, 253, 256, 255, 257, 258, 257, 256, 255,
    253, 254, 258, 255, 258 ]
headPositionsY: [ 69, 82, 83, 82, 82, 80, 80, 82, 82, 81, 83, 84, 84, 83,
    81, 81, 80, 82, 83, 81, 82, 81, 78, 82, 78, 79, 78, 75, 74, 72, 69,
    70, 70, 72, 69, 68, 68, 67, 72, 71, 67, 71, 66, 70, 70, 69, 71, 68,
    68, 65, 67, 70, 68, 71, 68, 70, 67, 72, 66, 72, 69, 65, 65, 68, 69,
    71, 69, 68, 70, 72, 69, 71, 68, 67, 66, 71, 67, 67, 65, 68, 69, 66,
    71, 67, 68, 66, 68, 67, 71, 70, 67, 70, 70, 70, 72, 67, 70, 71, 70,
    71 ]
