%YAML:1.0
---
videoName: "headNod18.mp4"
gestureLabel: 202
fps: 29
pixelSizeInCmTemp: 3.3263888888888887e-01
faceCenterPointX: 255
faceCenterPointY: 77
headPositionsX: [ 257, 258, 256, 258, 255, 254, 255, 257, 257, 258, 255,
    259, 255, 258, 256, 256, 256, 256, 257, 256, 254, 253, 254, 257, 254,
    253, 256, 255, 255, 256, 258, 253, 257, 257, 256, 257, 256, 255, 257,
    254, 255, 255, 255, 256, 256, 257, 257, 256, 256, 255, 256, 255, 253,
    257, 256, 253, 255, 252, 254, 255, 253, 253, 254, 253, 253, 255, 252,
    252, 254, 253, 254, 256, 253, 252, 252, 252, 254, 254, 256, 255, 255,
    255, 254, 253, 253, 256, 255, 253, 257, 256, 256, 252, 253, 253, 256,
    253, 258, 254, 255, 255 ]
headPositionsY: [ 79, 77, 79, 78, 78, 75, 79, 76, 77, 76, 78, 76, 75, 76,
    76, 79, 76, 77, 80, 76, 75, 77, 75, 78, 80, 77, 79, 78, 78, 77, 81,
    78, 79, 76, 79, 76, 79, 78, 76, 79, 74, 72, 73, 70, 74, 74, 71, 74,
    73, 75, 78, 78, 81, 82, 79, 81, 79, 74, 72, 70, 74, 73, 77, 77, 83,
    81, 79, 76, 74, 74, 72, 75, 79, 81, 83, 81, 84, 80, 75, 75, 76, 74,
    76, 76, 79, 83, 81, 82, 81, 79, 78, 79, 79, 78, 78, 79, 80, 78, 78,
    80 ]
