%YAML:1.0
---
videoName: "headShake43.mp4"
gestureLabel: 201
fps: 29
pixelSizeInCmTemp: 3.2808219178082193e-01
faceCenterPointX: 257
faceCenterPointY: 84
headPositionsX: [ 256, 259, 258, 259, 260, 260, 258, 258, 262, 262, 259,
    258, 257, 260, 261, 259, 262, 260, 261, 258, 258, 259, 259, 260, 260,
    263, 263, 265, 267, 268, 274, 275, 279, 280, 281, 283, 280, 279, 276,
    277, 271, 264, 260, 255, 250, 248, 246, 244, 241, 245, 247, 250, 254,
    260, 267, 270, 274, 276, 272, 273, 273, 267, 264, 255, 252, 248, 245,
    245, 244, 248, 247, 251, 255, 259, 264, 267, 267, 267, 271, 270, 270,
    265, 266, 262, 264, 260, 262, 260, 258, 260, 257, 256, 256, 257, 259,
    258, 259, 258, 257, 257 ]
headPositionsY: [ 84, 86, 86, 86, 83, 85, 87, 85, 87, 87, 86, 87, 85, 85,
    84, 83, 87, 84, 83, 84, 83, 88, 88, 86, 85, 86, 86, 86, 87, 81, 84,
    85, 80, 84, 85, 81, 82, 82, 82, 83, 85, 85, 85, 86, 84, 82, 82, 85,
    84, 85, 85, 82, 82, 85, 85, 81, 82, 80, 82, 82, 85, 85, 86, 84, 85,
    84, 84, 82, 82, 83, 85, 83, 84, 83, 84, 83, 82, 81, 82, 81, 82, 85,
    83, 83, 82, 84, 86, 82, 86, 85, 82, 81, 81, 85, 85, 86, 83, 84, 84,
    81 ]
