%YAML:1.0
---
videoName: "headLookLeft9.mp4"
gestureLabel: 203
fps: 30
pixelSizeInCmTemp: 3.2364864864864862e-01
faceCenterPointX: 273
faceCenterPointY: 69
headPositionsX: [ 273, 247, 248, 248, 247, 247, 247, 245, 246, 248, 249,
    246, 245, 246, 246, 247, 244, 247, 244, 246, 246, 244, 244, 243, 247,
    246, 246, 243, 244, 243, 245, 246, 247, 249, 252, 253, 256, 257, 260,
    259, 263, 264, 268, 267, 266, 271, 274, 271, 270, 274, 271, 270, 272,
    268, 270, 271, 271, 272, 270, 274, 272, 273, 271, 271, 272, 270, 270,
    271, 272, 272, 269, 273, 273, 273, 271, 274, 272, 268, 270, 272, 270,
    270, 271, 269, 270, 271, 269, 269, 271, 273, 275, 271, 272, 268, 273,
    272, 269, 274, 268, 272 ]
headPositionsY: [ 68, 70, 71, 72, 70, 69, 72, 71, 71, 70, 69, 71, 70, 69,
    68, 71, 69, 72, 70, 69, 69, 72, 71, 69, 72, 71, 72, 71, 72, 69, 71,
    69, 70, 69, 72, 71, 69, 70, 67, 68, 69, 66, 67, 71, 68, 66, 67, 65,
    68, 69, 67, 67, 70, 65, 69, 69, 69, 66, 68, 66, 67, 68, 71, 69, 66,
    69, 68, 70, 69, 65, 67, 68, 68, 72, 71, 67, 69, 66, 67, 69, 67, 68,
    69, 67, 68, 67, 70, 67, 66, 65, 68, 69, 68, 67, 69, 66, 69, 71, 67,
    68 ]
