%YAML:1.0
---
videoName: "headNod23.mp4"
gestureLabel: 202
fps: 29
pixelSizeInCmTemp: 3.1933333333333330e-01
faceCenterPointX: 273
faceCenterPointY: 75
headPositionsX: [ 273, 273, 274, 276, 272, 272, 276, 272, 274, 273, 272,
    276, 275, 273, 273, 273, 272, 275, 274, 272, 276, 274, 272, 272, 275,
    276, 272, 274, 275, 277, 274, 273, 273, 276, 272, 275, 272, 274, 274,
    270, 274, 270, 273, 271, 270, 272, 274, 271, 275, 275, 275, 276, 273,
    276, 273, 274, 273, 276, 274, 273, 276, 276, 274, 275, 271, 271, 272,
    276, 273, 273, 275, 274, 274, 274, 275, 271, 273, 276, 273, 272, 271,
    273, 275, 275, 272, 273, 274, 276, 274, 276, 273, 273, 271, 273, 271,
    273, 272, 272, 272, 274 ]
headPositionsY: [ 77, 78, 78, 79, 75, 74, 78, 76, 76, 75, 77, 76, 78, 78,
    78, 77, 76, 76, 77, 79, 78, 77, 75, 76, 75, 70, 71, 69, 68, 67, 64,
    62, 64, 65, 66, 69, 75, 74, 77, 80, 83, 82, 81, 81, 76, 74, 72, 70,
    70, 66, 65, 70, 67, 69, 71, 75, 75, 80, 76, 75, 75, 76, 75, 74, 71,
    67, 68, 69, 69, 73, 71, 72, 77, 79, 80, 78, 79, 78, 75, 77, 75, 76,
    75, 74, 75, 72, 74, 72, 73, 73, 74, 74, 77, 77, 76, 77, 76, 77, 75,
    77 ]
