%YAML:1.0
---
videoName: "headLookDown2.mp4"
gestureLabel: 206
fps: 29
pixelSizeInCmTemp: 3.3732394366197183e-01
faceCenterPointX: 274
faceCenterPointY: 95
headPositionsX: [ 275, 272, 275, 273, 273, 276, 273, 272, 275, 274, 275,
    275, 275, 275, 276, 273, 273, 272, 274, 273, 272, 274, 273, 276, 277,
    274, 275, 275, 272, 274, 273, 271, 272, 275, 276, 272, 274, 273, 274,
    276, 272, 273, 276, 276, 273, 273, 273, 273, 274, 271, 271, 275, 272,
    274, 271, 273, 273, 274, 272, 272, 276, 274, 276, 276, 277, 277, 275,
    275, 275, 276, 276, 277, 275, 277, 275, 274, 273, 277, 277, 274, 274,
    276, 275, 273, 277, 275, 277, 276, 276, 277, 273, 275, 273, 275, 273,
    276, 276, 272, 277, 274 ]
headPositionsY: [ 93, 81, 80, 78, 77, 81, 79, 78, 80, 80, 80, 77, 79, 77,
    80, 77, 77, 79, 78, 80, 78, 81, 78, 81, 80, 77, 82, 80, 82, 79, 80,
    78, 78, 78, 82, 84, 84, 85, 84, 88, 87, 91, 88, 93, 92, 92, 96, 95,
    94, 94, 95, 93, 92, 94, 94, 94, 96, 93, 93, 95, 97, 95, 95, 96, 97,
    97, 95, 95, 95, 93, 96, 92, 95, 95, 95, 97, 93, 95, 95, 94, 95, 97,
    96, 97, 95, 96, 92, 96, 95, 96, 96, 94, 96, 96, 93, 94, 95, 95, 94,
    96 ]
