%YAML:1.0
---
videoName: "headNod48.mp4"
gestureLabel: 202
fps: 29
pixelSizeInCmTemp: 2.8855421686746985e-01
faceCenterPointX: 264
faceCenterPointY: 72
headPositionsX: [ 262, 264, 267, 266, 262, 265, 263, 263, 266, 265, 265,
    265, 263, 263, 266, 265, 264, 263, 261, 261, 260, 260, 262, 262, 261,
    260, 261, 259, 260, 263, 263, 263, 264, 263, 261, 265, 261, 261, 262,
    265, 263, 264, 264, 264, 260, 261, 262, 263, 262, 260, 263, 262, 259,
    258, 263, 259, 263, 260, 261, 262, 264, 261, 261, 265, 261, 264, 262,
    262, 262, 266, 264, 264, 266, 265, 266, 263, 263, 267, 265, 265, 263,
    263, 267, 264, 265, 265, 266, 268, 267, 265, 264, 265, 268, 265, 267,
    264, 265, 267, 267, 263 ]
headPositionsY: [ 74, 73, 79, 79, 76, 74, 72, 70, 70, 64, 63, 61, 63, 64,
    69, 69, 76, 80, 84, 87, 85, 86, 82, 81, 76, 75, 69, 71, 64, 64, 61,
    64, 65, 66, 68, 71, 74, 78, 79, 82, 83, 80, 82, 81, 78, 73, 75, 74,
    73, 70, 70, 73, 77, 80, 82, 80, 77, 74, 72, 73, 70, 72, 71, 71, 74,
    74, 77, 79, 75, 75, 76, 73, 75, 72, 69, 71, 72, 71, 72, 73, 73, 75,
    74, 75, 75, 73, 74, 71, 72, 70, 74, 73, 72, 72, 72, 70, 75, 70, 70,
    74 ]
