%YAML:1.0
---
videoName: "headShake32.mp4"
gestureLabel: 201
fps: 29
pixelSizeInCmTemp: 3.2808219178082193e-01
faceCenterPointX: 237
faceCenterPointY: 77
headPositionsX: [ 236, 235, 236, 236, 238, 238, 237, 237, 239, 237, 237,
    240, 237, 241, 239, 238, 241, 242, 242, 238, 240, 239, 243, 238, 239,
    243, 238, 239, 240, 242, 240, 239, 239, 239, 240, 241, 238, 242, 241,
    242, 244, 244, 245, 249, 247, 248, 251, 249, 250, 248, 252, 248, 246,
    245, 242, 240, 239, 235, 232, 231, 232, 226, 226, 228, 223, 226, 228,
    230, 231, 230, 236, 237, 243, 244, 244, 248, 246, 250, 251, 251, 249,
    249, 247, 247, 242, 243, 240, 242, 241, 238, 238, 236, 238, 236, 240,
    238, 240, 238, 236, 236 ]
headPositionsY: [ 77, 73, 75, 73, 74, 71, 70, 73, 72, 73, 74, 76, 72, 72,
    72, 73, 76, 76, 74, 72, 75, 72, 73, 72, 74, 76, 74, 73, 76, 75, 73,
    73, 73, 75, 73, 74, 74, 73, 73, 75, 74, 73, 75, 73, 75, 74, 73, 72,
    74, 74, 73, 76, 75, 76, 78, 75, 74, 77, 77, 77, 78, 76, 76, 78, 76,
    76, 78, 77, 75, 75, 77, 76, 75, 73, 73, 77, 76, 75, 75, 73, 76, 74,
    78, 77, 79, 78, 75, 76, 77, 75, 79, 78, 77, 78, 77, 78, 79, 79, 76,
    77 ]
