%YAML:1.0
---
videoName: "headNod49.mp4"
gestureLabel: 202
fps: 29
pixelSizeInCmTemp: 2.9207317073170730e-01
faceCenterPointX: 263
faceCenterPointY: 74
headPositionsX: [ 262, 264, 266, 266, 265, 264, 264, 266, 265, 263, 266,
    262, 265, 262, 266, 263, 263, 265, 264, 263, 266, 262, 263, 265, 265,
    266, 263, 263, 263, 265, 264, 263, 265, 262, 265, 263, 262, 264, 263,
    263, 266, 263, 263, 264, 261, 264, 263, 265, 264, 265, 264, 261, 263,
    265, 264, 262, 265, 262, 264, 264, 264, 262, 266, 263, 264, 263, 262,
    262, 266, 264, 265, 264, 265, 262, 266, 265, 261, 261, 262, 264, 264,
    265, 261, 262, 262, 260, 263, 262, 262, 260, 264, 261, 263, 262, 261,
    265, 261, 263, 264, 261 ]
headPositionsY: [ 73, 72, 71, 73, 73, 71, 74, 73, 72, 70, 73, 72, 73, 69,
    67, 70, 70, 68, 69, 67, 69, 68, 72, 72, 79, 79, 80, 77, 75, 73, 74,
    70, 71, 70, 69, 71, 72, 74, 75, 77, 78, 79, 78, 77, 74, 70, 72, 69,
    73, 73, 71, 75, 73, 77, 79, 79, 79, 79, 74, 73, 74, 72, 73, 72, 73,
    74, 74, 78, 80, 80, 76, 75, 74, 76, 73, 73, 73, 72, 76, 75, 74, 73,
    75, 77, 75, 77, 72, 75, 73, 74, 72, 73, 72, 77, 75, 76, 74, 74, 74,
    72 ]
