%YAML:1.0
---
videoName: "headLookLeft2.mp4"
gestureLabel: 203
fps: 29
pixelSizeInCmTemp: 3.6846153846153845e-01
faceCenterPointX: 278
faceCenterPointY: 74
headPositionsX: [ 280, 260, 259, 258, 258, 261, 261, 258, 258, 259, 259,
    261, 259, 258, 263, 260, 258, 261, 263, 262, 262, 266, 264, 267, 267,
    268, 271, 274, 274, 277, 279, 279, 274, 281, 278, 280, 279, 281, 278,
    280, 280, 280, 284, 280, 279, 280, 279, 284, 285, 278, 278, 282, 284,
    279, 280, 282, 280, 272, 279, 282, 281, 278, 281, 281, 277, 277, 278,
    281, 279, 278, 282, 282, 280, 276, 277, 279, 277, 280, 278, 281, 278,
    280, 280, 280, 281, 276, 282, 280, 277, 280, 282, 279, 284, 280, 280,
    281, 279, 279, 289, 282 ]
headPositionsY: [ 72, 72, 76, 76, 73, 76, 77, 78, 76, 74, 75, 78, 76, 77,
    78, 77, 77, 77, 76, 77, 77, 76, 75, 76, 77, 76, 72, 78, 74, 74, 75,
    73, 72, 73, 75, 77, 72, 73, 75, 75, 74, 73, 76, 76, 76, 75, 77, 73,
    74, 73, 76, 74, 72, 73, 76, 76, 72, 74, 71, 77, 77, 74, 74, 76, 72,
    75, 74, 75, 73, 73, 74, 76, 73, 74, 75, 73, 73, 77, 73, 76, 74, 75,
    72, 72, 76, 74, 73, 75, 73, 72, 76, 72, 75, 73, 71, 73, 76, 75, 76,
    72 ]
