%YAML:1.0
---
videoName: "headShake31.mp4"
gestureLabel: 201
fps: 29
pixelSizeInCmTemp: 3.2808219178082193e-01
faceCenterPointX: 236
faceCenterPointY: 68
headPositionsX: [ 234, 235, 236, 238, 236, 238, 238, 238, 236, 238, 236,
    236, 238, 239, 237, 236, 238, 236, 239, 237, 234, 239, 238, 236, 234,
    237, 236, 237, 237, 237, 235, 235, 235, 237, 235, 237, 237, 235, 240,
    247, 247, 251, 254, 251, 252, 249, 243, 240, 233, 224, 220, 223, 220,
    223, 227, 234, 238, 246, 246, 245, 248, 243, 240, 235, 232, 233, 226,
    226, 227, 229, 232, 237, 240, 239, 242, 240, 241, 243, 242, 237, 237,
    237, 235, 234, 235, 235, 234, 237, 233, 233, 235, 237, 237, 235, 235,
    236, 237, 236, 238, 234 ]
headPositionsY: [ 69, 66, 65, 65, 66, 66, 69, 67, 66, 68, 68, 64, 65, 68,
    65, 69, 66, 69, 70, 67, 69, 70, 68, 70, 64, 65, 66, 68, 67, 67, 68,
    68, 68, 66, 70, 65, 66, 69, 65, 65, 67, 64, 66, 64, 65, 68, 67, 67,
    66, 68, 65, 67, 67, 72, 70, 68, 69, 72, 69, 68, 69, 70, 70, 71, 67,
    71, 67, 69, 66, 70, 71, 70, 71, 70, 69, 68, 66, 71, 67, 71, 70, 69,
    69, 69, 69, 68, 70, 72, 67, 68, 66, 71, 71, 66, 66, 71, 68, 67, 68,
    71 ]
