%YAML:1.0
---
videoName: "headShake41.mp4"
gestureLabel: 201
fps: 29
pixelSizeInCmTemp: 3.2364864864864862e-01
faceCenterPointX: 264
faceCenterPointY: 85
headPositionsX: [ 262, 263, 259, 260, 263, 259, 263, 261, 264, 259, 260,
    263, 260, 259, 259, 259, 262, 260, 261, 259, 262, 265, 266, 263, 268,
    267, 269, 275, 274, 279, 276, 278, 283, 280, 278, 281, 279, 282, 278,
    275, 272, 268, 266, 264, 257, 255, 253, 251, 247, 248, 242, 245, 246,
    248, 250, 249, 252, 254, 259, 261, 264, 266, 269, 275, 275, 278, 276,
    277, 279, 276, 280, 274, 272, 270, 273, 266, 269, 265, 265, 264, 262,
    265, 262, 264, 263, 264, 260, 262, 260, 261, 260, 262, 261, 262, 264,
    262, 264, 263, 264, 263 ]
headPositionsY: [ 86, 84, 85, 84, 85, 83, 80, 82, 82, 81, 83, 81, 83, 83,
    82, 83, 85, 86, 82, 83, 84, 83, 86, 85, 81, 85, 83, 80, 82, 81, 83,
    82, 81, 81, 82, 82, 81, 83, 83, 83, 83, 85, 86, 85, 82, 84, 82, 83,
    80, 83, 80, 85, 83, 86, 82, 84, 82, 84, 86, 85, 83, 86, 86, 82, 82,
    84, 83, 82, 83, 86, 84, 86, 83, 84, 86, 85, 85, 83, 85, 84, 84, 84,
    85, 86, 85, 83, 85, 84, 83, 82, 86, 84, 83, 84, 84, 86, 84, 83, 85,
    87 ]
