%YAML:1.0
---
videoName: "headShake49.mp4"
gestureLabel: 201
fps: 30
pixelSizeInCmTemp: 2.8855421686746985e-01
faceCenterPointX: 259
faceCenterPointY: 84
headPositionsX: [ 258, 262, 259, 261, 259, 261, 259, 261, 261, 258, 259,
    261, 262, 259, 260, 260, 262, 261, 259, 262, 260, 261, 261, 262, 260,
    260, 259, 259, 259, 262, 261, 263, 265, 263, 266, 272, 277, 278, 283,
    282, 283, 276, 273, 266, 261, 253, 249, 246, 248, 254, 260, 266, 273,
    276, 270, 269, 264, 257, 249, 249, 245, 251, 257, 258, 265, 272, 271,
    266, 262, 260, 258, 254, 252, 254, 259, 260, 268, 266, 272, 270, 266,
    265, 261, 261, 259, 255, 260, 260, 257, 260, 259, 261, 259, 262, 260,
    258, 258, 258, 259, 260 ]
headPositionsY: [ 85, 81, 82, 82, 81, 80, 79, 83, 81, 82, 83, 80, 83, 78,
    82, 81, 79, 83, 80, 82, 81, 79, 82, 80, 78, 81, 78, 79, 80, 80, 80,
    79, 83, 81, 82, 79, 78, 78, 80, 80, 82, 80, 84, 86, 86, 82, 84, 85,
    83, 82, 84, 84, 85, 83, 82, 85, 82, 85, 85, 83, 84, 82, 84, 86, 86,
    82, 83, 84, 87, 82, 84, 84, 86, 84, 83, 84, 82, 85, 84, 87, 87, 86,
    86, 82, 82, 83, 87, 83, 84, 84, 85, 86, 86, 84, 84, 84, 84, 84, 86,
    84 ]
