%YAML:1.0
---
videoName: "headLookLeft9.mp4"
gestureLabel: 203
fps: 30
pixelSizeInCmTemp: 3.2364864864864862e-01
faceCenterPointX: 273
faceCenterPointY: 69
headPositionsX: [ 273, 247, 248, 248, 245, 248, 247, 246, 245, 248, 248,
    245, 245, 247, 245, 245, 244, 246, 246, 247, 246, 244, 244, 243, 245,
    246, 243, 243, 246, 246, 247, 246, 247, 249, 250, 251, 256, 255, 261,
    260, 265, 265, 270, 268, 264, 271, 270, 272, 270, 272, 273, 273, 271,
    272, 274, 273, 274, 273, 272, 274, 272, 273, 268, 270, 272, 273, 270,
    269, 273, 270, 270, 270, 273, 273, 275, 272, 270, 269, 269, 272, 271,
    269, 268, 270, 272, 271, 270, 273, 274, 273, 272, 272, 271, 271, 271,
    273, 273, 272, 272, 270 ]
headPositionsY: [ 71, 70, 69, 69, 71, 69, 73, 68, 68, 71, 72, 72, 70, 72,
    71, 69, 73, 72, 73, 72, 69, 71, 70, 71, 72, 70, 69, 73, 73, 73, 72,
    70, 70, 72, 70, 69, 67, 66, 67, 66, 69, 68, 69, 67, 67, 68, 66, 68,
    69, 69, 66, 67, 67, 69, 69, 69, 65, 70, 67, 66, 67, 68, 71, 68, 70,
    70, 67, 68, 67, 66, 65, 68, 67, 70, 72, 68, 67, 66, 66, 70, 68, 69,
    65, 68, 70, 68, 67, 70, 66, 68, 68, 67, 68, 67, 69, 68, 71, 67, 68,
    71 ]
