%YAML:1.0
---
videoName: "headNod1.mp4"
gestureLabel: 202
fps: 29
pixelSizeInCmTemp: 3.2808219178082193e-01
faceCenterPointX: 263
faceCenterPointY: 78
headPositionsX: [ 262, 263, 262, 261, 265, 264, 261, 265, 262, 261, 264,
    262, 264, 263, 264, 266, 263, 265, 264, 265, 263, 262, 264, 262, 265,
    266, 263, 266, 264, 265, 264, 264, 261, 264, 262, 262, 266, 262, 266,
    266, 268, 263, 264, 263, 265, 263, 263, 264, 265, 265, 266, 266, 263,
    261, 260, 262, 261, 263, 265, 262, 261, 263, 265, 266, 261, 265, 266,
    262, 263, 261, 264, 265, 261, 264, 265, 263, 262, 261, 263, 260, 261,
    260, 263, 262, 261, 264, 263, 265, 266, 261, 262, 260, 264, 262, 260,
    263, 262, 262, 261, 263 ]
headPositionsY: [ 80, 73, 74, 75, 72, 76, 76, 76, 74, 76, 73, 74, 73, 74,
    74, 77, 72, 72, 73, 73, 76, 72, 75, 77, 76, 73, 77, 76, 76, 76, 75,
    77, 72, 76, 71, 69, 70, 67, 66, 62, 65, 62, 61, 64, 64, 65, 68, 71,
    71, 75, 76, 81, 80, 83, 81, 80, 77, 78, 75, 71, 68, 66, 65, 66, 63,
    66, 68, 73, 76, 78, 76, 78, 75, 77, 72, 72, 68, 66, 67, 65, 68, 65,
    69, 69, 76, 76, 80, 79, 83, 80, 84, 83, 81, 78, 81, 77, 79, 78, 78,
    80 ]
