%YAML:1.0
---
videoName: "headLookRight2.mp4"
gestureLabel: 204
fps: 29
pixelSizeInCmTemp: 3.8015873015873014e-01
faceCenterPointX: 228
faceCenterPointY: 68
headPositionsX: [ 229, 251, 254, 252, 253, 252, 251, 249, 250, 251, 251,
    250, 251, 251, 250, 252, 251, 251, 250, 253, 252, 252, 252, 254, 251,
    254, 252, 254, 254, 252, 255, 255, 253, 255, 253, 254, 256, 252, 253,
    254, 251, 255, 253, 253, 252, 255, 250, 252, 249, 251, 247, 247, 246,
    241, 241, 237, 234, 233, 229, 228, 228, 228, 229, 230, 228, 225, 229,
    227, 223, 225, 229, 229, 230, 231, 225, 226, 227, 228, 227, 229, 229,
    229, 231, 230, 230, 227, 231, 224, 228, 227, 228, 227, 231, 231, 229,
    228, 227, 231, 225, 228 ]
headPositionsY: [ 69, 66, 66, 68, 68, 66, 70, 69, 68, 68, 67, 70, 71, 66,
    70, 69, 72, 71, 71, 71, 67, 69, 68, 67, 71, 71, 68, 70, 71, 72, 72,
    68, 70, 67, 70, 69, 67, 70, 71, 68, 69, 71, 69, 69, 67, 71, 70, 67,
    70, 68, 70, 67, 70, 66, 69, 71, 70, 71, 67, 68, 68, 70, 66, 67, 68,
    69, 67, 67, 71, 68, 70, 67, 69, 67, 72, 69, 70, 72, 70, 72, 71, 72,
    71, 73, 70, 71, 67, 72, 67, 70, 68, 68, 67, 67, 68, 69, 69, 70, 70,
    69 ]
