%YAML:1.0
---
videoName: "headLookLeft3.mp4"
gestureLabel: 203
fps: 29
pixelSizeInCmTemp: 3.4214285714285714e-01
faceCenterPointX: 290
faceCenterPointY: 74
headPositionsX: [ 289, 264, 263, 266, 263, 264, 266, 267, 271, 271, 274,
    274, 275, 276, 282, 281, 286, 289, 288, 287, 288, 286, 291, 290, 288,
    286, 297, 289, 287, 285, 289, 292, 293, 291, 288, 288, 281, 291, 293,
    290, 288, 287, 291, 298, 292, 290, 290, 290, 293, 289, 292, 290, 291,
    289, 289, 288, 287, 287, 288, 290, 289, 288, 290, 286, 287, 285, 287,
    289, 286, 287, 289, 285, 286, 285, 288, 286, 288, 286, 286, 287, 285,
    287, 287, 286, 287, 287, 292, 289, 287, 286, 288, 285, 289, 286, 285,
    283, 289, 287, 286, 287 ]
headPositionsY: [ 76, 77, 74, 76, 76, 77, 76, 77, 75, 76, 78, 74, 76, 75,
    76, 76, 73, 77, 72, 75, 73, 73, 75, 73, 73, 72, 73, 74, 73, 74, 75,
    73, 74, 77, 74, 73, 75, 77, 74, 75, 73, 71, 75, 74, 76, 75, 73, 74,
    76, 72, 73, 74, 74, 77, 75, 75, 72, 74, 74, 74, 72, 71, 74, 71, 74,
    73, 75, 74, 73, 73, 71, 75, 72, 73, 71, 76, 75, 77, 76, 72, 74, 72,
    71, 71, 76, 72, 76, 74, 74, 76, 76, 72, 75, 74, 72, 75, 74, 75, 76,
    73 ]
