%YAML:1.0
---
videoName: "headLookLeft7.mp4"
gestureLabel: 203
fps: 29
pixelSizeInCmTemp: 3.4214285714285714e-01
faceCenterPointX: 268
faceCenterPointY: 68
headPositionsX: [ 270, 247, 245, 244, 245, 246, 246, 248, 244, 245, 244,
    244, 247, 246, 245, 245, 243, 244, 246, 245, 246, 248, 245, 246, 243,
    245, 244, 247, 247, 247, 249, 251, 255, 252, 258, 258, 260, 265, 263,
    263, 267, 263, 267, 263, 266, 270, 268, 267, 267, 268, 268, 270, 266,
    268, 264, 270, 268, 266, 266, 272, 265, 267, 268, 270, 271, 265, 264,
    270, 267, 268, 268, 266, 268, 268, 267, 270, 269, 269, 267, 270, 267,
    267, 269, 269, 267, 270, 267, 268, 267, 272, 269, 267, 271, 271, 267,
    271, 269, 268, 270, 270 ]
headPositionsY: [ 66, 70, 69, 69, 68, 69, 68, 70, 67, 68, 67, 70, 69, 68,
    70, 69, 71, 72, 69, 72, 68, 70, 72, 72, 70, 70, 72, 68, 72, 71, 72,
    70, 68, 70, 67, 70, 69, 71, 66, 69, 66, 68, 68, 68, 69, 66, 69, 69,
    71, 68, 67, 71, 66, 68, 66, 69, 69, 68, 67, 71, 67, 68, 68, 71, 68,
    68, 67, 72, 66, 71, 69, 68, 70, 68, 68, 67, 68, 66, 68, 71, 69, 70,
    72, 67, 69, 67, 70, 67, 71, 71, 71, 67, 69, 69, 69, 72, 70, 69, 70,
    71 ]
