%YAML:1.0
---
videoName: "headShake48.mp4"
gestureLabel: 201
fps: 29
pixelSizeInCmTemp: 3.1103896103896100e-01
faceCenterPointX: 258
faceCenterPointY: 85
headPositionsX: [ 256, 259, 262, 259, 256, 260, 259, 258, 260, 259, 258,
    260, 262, 258, 262, 258, 259, 258, 261, 261, 260, 257, 257, 257, 261,
    260, 258, 257, 256, 258, 261, 257, 259, 258, 261, 262, 265, 271, 270,
    272, 275, 274, 269, 266, 264, 255, 251, 248, 244, 250, 252, 256, 263,
    266, 270, 269, 263, 260, 257, 253, 253, 251, 254, 255, 259, 265, 266,
    267, 266, 260, 255, 250, 251, 246, 249, 254, 255, 263, 264, 264, 266,
    266, 264, 264, 262, 262, 258, 260, 258, 258, 261, 256, 260, 260, 259,
    261, 257, 257, 260, 259 ]
headPositionsY: [ 87, 81, 77, 79, 78, 81, 80, 81, 78, 77, 81, 79, 81, 78,
    79, 79, 80, 79, 83, 81, 81, 80, 79, 79, 83, 83, 81, 81, 79, 82, 82,
    79, 80, 83, 82, 84, 82, 83, 80, 82, 80, 82, 84, 85, 82, 84, 85, 85,
    85, 83, 86, 86, 84, 88, 84, 88, 85, 88, 88, 84, 87, 86, 87, 88, 85,
    87, 83, 88, 87, 84, 89, 88, 88, 84, 88, 87, 87, 87, 86, 85, 84, 85,
    88, 85, 86, 88, 84, 85, 85, 85, 87, 84, 85, 85, 86, 87, 83, 84, 84,
    85 ]
