%YAML:1.0
---
videoName: "headShake6.mp4"
gestureLabel: 201
fps: 29
pixelSizeInCmTemp: 3.2808219178082193e-01
faceCenterPointX: 244
faceCenterPointY: 68
headPositionsX: [ 245, 247, 247, 244, 243, 247, 246, 247, 248, 245, 243,
    246, 246, 244, 244, 243, 246, 244, 244, 244, 244, 245, 244, 244, 245,
    246, 247, 245, 250, 251, 257, 259, 261, 261, 261, 261, 260, 250, 246,
    240, 238, 230, 231, 229, 232, 240, 243, 248, 255, 255, 257, 260, 258,
    252, 249, 243, 239, 232, 231, 232, 231, 235, 239, 240, 244, 249, 253,
    254, 248, 249, 248, 244, 243, 242, 236, 238, 236, 238, 240, 242, 241,
    242, 244, 243, 244, 243, 244, 245, 243, 242, 245, 242, 242, 244, 245,
    245, 245, 243, 245, 244 ]
headPositionsY: [ 67, 68, 64, 66, 68, 64, 68, 67, 66, 68, 65, 66, 66, 66,
    68, 65, 64, 65, 68, 66, 67, 68, 67, 66, 68, 65, 69, 68, 69, 68, 68,
    65, 66, 63, 68, 64, 67, 69, 68, 66, 67, 65, 67, 69, 67, 69, 68, 68,
    68, 67, 68, 69, 68, 68, 67, 70, 67, 68, 67, 69, 70, 65, 66, 66, 69,
    66, 66, 69, 65, 67, 67, 68, 69, 67, 68, 67, 68, 67, 70, 68, 67, 69,
    70, 68, 68, 67, 70, 70, 68, 69, 70, 67, 68, 68, 69, 67, 66, 68, 70,
    68 ]
