%YAML:1.0
---
videoName: "headNod42.mp4"
gestureLabel: 202
fps: 30
pixelSizeInCmTemp: 3.0316455696202532e-01
faceCenterPointX: 265
faceCenterPointY: 77
headPositionsX: [ 263, 267, 266, 270, 269, 269, 267, 269, 268, 271, 270,
    268, 270, 269, 269, 270, 271, 268, 269, 270, 266, 268, 271, 268, 267,
    267, 266, 266, 263, 267, 266, 263, 266, 266, 268, 264, 267, 265, 265,
    265, 265, 264, 263, 263, 264, 264, 264, 264, 264, 266, 265, 265, 266,
    265, 266, 266, 264, 267, 265, 264, 265, 267, 262, 266, 264, 267, 267,
    263, 267, 267, 267, 264, 267, 264, 267, 266, 265, 267, 264, 268, 264,
    265, 268, 265, 268, 264, 266, 267, 266, 263, 264, 266, 267, 265, 263,
    267, 265, 265, 265, 267 ]
headPositionsY: [ 76, 77, 75, 76, 79, 75, 76, 79, 75, 79, 77, 77, 74, 77,
    77, 67, 66, 67, 66, 68, 69, 71, 69, 72, 79, 82, 88, 92, 91, 89, 90,
    82, 78, 77, 76, 69, 70, 71, 69, 71, 74, 78, 79, 81, 82, 85, 81, 80,
    74, 75, 70, 70, 71, 73, 75, 75, 81, 86, 86, 85, 82, 82, 81, 77, 77,
    74, 72, 74, 75, 73, 77, 79, 80, 80, 79, 80, 75, 77, 76, 75, 75, 72,
    73, 77, 81, 80, 81, 83, 81, 82, 79, 80, 76, 80, 77, 79, 80, 78, 79,
    79 ]
