%YAML:1.0
---
videoName: "headNod32.mp4"
gestureLabel: 202
fps: 29
pixelSizeInCmTemp: 2.8855421686746985e-01
faceCenterPointX: 266
faceCenterPointY: 74
headPositionsX: [ 268, 271, 267, 269, 270, 265, 268, 265, 267, 268, 268,
    266, 265, 266, 266, 265, 267, 266, 265, 268, 265, 265, 266, 267, 269,
    269, 268, 267, 268, 265, 268, 264, 268, 269, 265, 269, 268, 266, 270,
    270, 269, 266, 267, 266, 266, 268, 269, 268, 270, 268, 267, 266, 269,
    267, 268, 268, 266, 269, 266, 266, 265, 268, 268, 268, 268, 269, 267,
    269, 269, 265, 264, 264, 267, 267, 265, 268, 265, 267, 266, 263, 265,
    264, 264, 264, 263, 267, 269, 265, 265, 267, 266, 268, 270, 264, 266,
    266, 269, 267, 265, 265 ]
headPositionsY: [ 73, 77, 80, 80, 78, 80, 76, 78, 80, 79, 78, 79, 77, 79,
    79, 79, 76, 79, 77, 78, 79, 75, 75, 75, 77, 80, 80, 77, 76, 75, 79,
    80, 78, 78, 80, 78, 77, 75, 76, 79, 75, 78, 77, 75, 78, 75, 76, 76,
    77, 77, 80, 79, 76, 78, 75, 78, 73, 76, 77, 77, 67, 68, 64, 65, 65,
    68, 68, 74, 78, 82, 86, 90, 89, 88, 81, 82, 75, 74, 70, 72, 72, 69,
    73, 71, 73, 76, 74, 73, 76, 75, 78, 77, 75, 76, 74, 77, 76, 76, 76,
    74 ]
