%YAML:1.0
---
videoName: "headShake39.mp4"
gestureLabel: 201
fps: 29
pixelSizeInCmTemp: 3.1933333333333330e-01
faceCenterPointX: 263
faceCenterPointY: 83
headPositionsX: [ 265, 260, 259, 261, 259, 261, 262, 259, 260, 260, 259,
    263, 262, 259, 259, 260, 261, 258, 262, 257, 260, 259, 257, 252, 253,
    250, 248, 245, 241, 243, 244, 243, 246, 251, 258, 261, 268, 270, 275,
    283, 282, 279, 275, 272, 262, 260, 254, 248, 247, 248, 248, 248, 255,
    254, 263, 267, 274, 277, 281, 282, 279, 272, 268, 264, 257, 254, 249,
    248, 248, 249, 250, 249, 253, 254, 256, 257, 261, 263, 264, 264, 263,
    266, 268, 264, 268, 265, 268, 267, 263, 266, 264, 266, 262, 262, 263,
    264, 260, 261, 262, 261 ]
headPositionsY: [ 81, 85, 83, 85, 83, 84, 81, 82, 85, 82, 83, 85, 85, 81,
    85, 85, 83, 83, 82, 81, 85, 83, 81, 82, 85, 85, 84, 83, 80, 81, 83,
    80, 82, 81, 84, 85, 81, 83, 79, 77, 78, 81, 80, 84, 81, 83, 83, 83,
    82, 81, 82, 81, 82, 84, 82, 83, 83, 80, 82, 78, 81, 81, 85, 81, 80,
    82, 82, 81, 78, 79, 81, 80, 79, 83, 83, 82, 83, 84, 83, 80, 84, 81,
    84, 81, 82, 83, 84, 83, 84, 82, 84, 85, 81, 83, 83, 84, 82, 81, 83,
    83 ]
