%YAML:1.0
---
videoName: "headShake36.mp4"
gestureLabel: 201
fps: 29
pixelSizeInCmTemp: 3.2364864864864862e-01
faceCenterPointX: 263
faceCenterPointY: 80
headPositionsX: [ 265, 263, 263, 264, 261, 264, 263, 269, 271, 273, 275,
    277, 277, 282, 279, 283, 283, 280, 280, 276, 277, 270, 267, 269, 260,
    257, 254, 255, 251, 247, 247, 245, 247, 245, 249, 247, 246, 246, 251,
    253, 257, 258, 264, 268, 270, 273, 278, 279, 279, 278, 281, 279, 280,
    276, 277, 271, 271, 267, 264, 257, 257, 254, 253, 251, 250, 251, 250,
    253, 251, 254, 253, 255, 258, 261, 263, 263, 268, 268, 266, 268, 265,
    265, 264, 267, 264, 263, 263, 265, 266, 265, 262, 264, 266, 264, 261,
    262, 262, 262, 261, 262 ]
headPositionsY: [ 81, 78, 77, 79, 79, 78, 77, 79, 81, 78, 76, 79, 76, 79,
    74, 77, 77, 79, 79, 77, 81, 79, 81, 83, 82, 82, 79, 78, 82, 80, 81,
    80, 84, 79, 80, 80, 83, 81, 83, 83, 83, 82, 80, 82, 79, 79, 82, 81,
    78, 78, 78, 78, 76, 78, 77, 79, 81, 81, 83, 81, 80, 79, 77, 79, 78,
    78, 79, 79, 81, 80, 79, 79, 82, 82, 80, 83, 83, 78, 82, 81, 79, 80,
    82, 77, 80, 79, 80, 82, 79, 80, 80, 82, 82, 80, 81, 81, 79, 80, 78,
    79 ]
