%YAML:1.0
---
videoName: "headNod45.mp4"
gestureLabel: 202
fps: 30
pixelSizeInCmTemp: 3.0316455696202532e-01
faceCenterPointX: 265
faceCenterPointY: 77
headPositionsX: [ 265, 267, 269, 269, 267, 268, 267, 269, 266, 268, 269,
    270, 266, 267, 267, 268, 268, 268, 266, 269, 269, 266, 265, 269, 269,
    267, 269, 263, 266, 267, 264, 265, 264, 265, 265, 264, 267, 263, 267,
    264, 265, 264, 263, 265, 267, 267, 264, 263, 265, 264, 265, 265, 269,
    268, 268, 264, 269, 268, 268, 264, 269, 268, 267, 264, 266, 268, 265,
    267, 267, 268, 264, 269, 268, 265, 268, 266, 267, 265, 265, 267, 266,
    267, 265, 267, 265, 268, 268, 265, 265, 264, 266, 266, 268, 266, 264,
    267, 267, 266, 265, 265 ]
headPositionsY: [ 76, 75, 75, 76, 74, 74, 74, 73, 75, 76, 78, 76, 74, 73,
    75, 77, 76, 80, 81, 83, 86, 88, 89, 94, 94, 93, 90, 84, 80, 77, 71,
    73, 67, 65, 65, 66, 67, 70, 74, 76, 82, 87, 91, 89, 93, 89, 85, 84,
    80, 80, 73, 71, 74, 70, 76, 77, 79, 79, 82, 87, 83, 86, 80, 80, 77,
    75, 72, 72, 74, 76, 79, 79, 85, 85, 90, 89, 87, 84, 81, 78, 77, 77,
    77, 78, 76, 81, 82, 79, 79, 80, 79, 80, 77, 78, 76, 77, 78, 78, 78,
    76 ]
