%YAML:1.0
---
videoName: "headNod49.mp4"
gestureLabel: 202
fps: 29
pixelSizeInCmTemp: 2.9207317073170730e-01
faceCenterPointX: 263
faceCenterPointY: 74
headPositionsX: [ 264, 264, 266, 267, 264, 265, 263, 266, 267, 266, 267,
    265, 263, 262, 263, 265, 264, 265, 265, 266, 266, 266, 262, 263, 263,
    266, 263, 266, 262, 265, 266, 266, 261, 265, 263, 264, 263, 263, 262,
    265, 265, 265, 261, 264, 265, 261, 264, 264, 265, 261, 263, 265, 261,
    263, 264, 262, 265, 266, 266, 266, 261, 266, 263, 265, 266, 264, 264,
    265, 263, 265, 265, 264, 266, 263, 264, 264, 265, 264, 263, 261, 262,
    261, 263, 265, 262, 262, 264, 260, 261, 263, 264, 263, 265, 264, 263,
    262, 264, 262, 264, 263 ]
headPositionsY: [ 72, 72, 73, 73, 69, 72, 70, 72, 73, 74, 72, 69, 72, 69,
    67, 68, 70, 68, 68, 69, 66, 71, 72, 75, 75, 79, 78, 79, 74, 76, 74,
    71, 68, 71, 68, 68, 71, 74, 73, 75, 79, 79, 77, 74, 75, 70, 73, 71,
    70, 69, 74, 74, 76, 77, 75, 76, 78, 76, 75, 72, 73, 75, 75, 71, 72,
    76, 74, 78, 78, 76, 78, 76, 77, 77, 74, 72, 72, 73, 76, 77, 74, 75,
    75, 77, 75, 75, 72, 76, 76, 74, 76, 74, 73, 75, 74, 73, 74, 76, 75,
    74 ]
