%YAML:1.0
---
videoName: "headNod25.mp4"
gestureLabel: 202
fps: 29
pixelSizeInCmTemp: 3.1933333333333330e-01
faceCenterPointX: 270
faceCenterPointY: 75
headPositionsX: [ 271, 270, 272, 273, 272, 272, 270, 270, 271, 270, 269,
    271, 266, 267, 270, 269, 268, 272, 273, 271, 270, 269, 270, 270, 273,
    271, 273, 273, 274, 274, 271, 274, 272, 270, 275, 272, 271, 270, 273,
    272, 272, 273, 272, 272, 271, 271, 273, 273, 271, 272, 269, 270, 269,
    274, 271, 273, 272, 272, 273, 271, 271, 273, 272, 273, 269, 273, 270,
    270, 270, 268, 268, 271, 273, 271, 269, 271, 269, 270, 270, 269, 269,
    269, 270, 268, 272, 270, 271, 272, 269, 270, 269, 269, 273, 272, 269,
    270, 271, 269, 268, 270 ]
headPositionsY: [ 74, 73, 75, 73, 75, 71, 74, 75, 75, 74, 75, 75, 76, 73,
    76, 75, 73, 72, 74, 75, 77, 75, 75, 77, 72, 75, 74, 74, 76, 72, 76,
    74, 76, 72, 75, 74, 74, 77, 74, 74, 74, 75, 73, 77, 74, 74, 75, 74,
    74, 71, 71, 67, 68, 63, 65, 66, 64, 69, 69, 71, 71, 74, 78, 81, 85,
    88, 86, 87, 83, 80, 77, 74, 74, 72, 68, 66, 69, 70, 72, 72, 75, 77,
    79, 80, 81, 79, 77, 76, 76, 79, 76, 78, 77, 76, 78, 74, 77, 75, 73,
    76 ]
