%YAML:1.0
---
videoName: "headLookUp1.mp4"
gestureLabel: 205
fps: 29
pixelSizeInCmTemp: 3.7421874999999999e-01
faceCenterPointX: 258
faceCenterPointY: 66
headPositionsX: [ 256, 258, 257, 257, 259, 261, 257, 259, 258, 257, 257,
    261, 258, 257, 260, 260, 259, 260, 260, 260, 261, 260, 256, 258, 257,
    260, 259, 259, 256, 257, 257, 260, 259, 260, 257, 259, 258, 256, 260,
    260, 261, 258, 261, 258, 256, 259, 259, 260, 257, 260, 260, 259, 258,
    259, 258, 255, 257, 257, 258, 257, 257, 257, 259, 258, 257, 260, 257,
    256, 259, 255, 259, 257, 259, 260, 258, 256, 257, 258, 261, 260, 257,
    254, 261, 258, 257, 259, 258, 256, 256, 261, 258, 256, 260, 259, 257,
    255, 257, 256, 255, 258 ]
headPositionsY: [ 67, 81, 79, 81, 80, 83, 80, 79, 82, 78, 81, 83, 83, 80,
    80, 79, 82, 82, 79, 80, 79, 83, 80, 81, 79, 80, 82, 80, 82, 81, 81,
    81, 82, 81, 82, 80, 81, 79, 79, 80, 79, 78, 75, 75, 76, 70, 72, 71,
    66, 67, 66, 64, 63, 67, 66, 65, 66, 66, 67, 62, 69, 65, 65, 66, 68,
    66, 66, 65, 64, 63, 66, 67, 67, 66, 65, 64, 67, 64, 65, 65, 66, 64,
    66, 66, 63, 65, 63, 66, 63, 67, 62, 69, 64, 67, 66, 66, 67, 68, 65,
    69 ]
