%YAML:1.0
---
videoName: "headNod7.mp4"
gestureLabel: 202
fps: 29
pixelSizeInCmTemp: 3.2808219178082193e-01
faceCenterPointX: 261
faceCenterPointY: 71
headPositionsX: [ 261, 264, 267, 264, 268, 264, 265, 266, 266, 262, 262,
    263, 263, 263, 262, 264, 262, 261, 260, 262, 264, 264, 263, 260, 264,
    261, 260, 261, 262, 264, 260, 262, 261, 264, 260, 262, 263, 263, 259,
    262, 259, 260, 262, 263, 261, 262, 262, 261, 261, 261, 260, 260, 264,
    260, 261, 262, 263, 260, 260, 262, 262, 262, 263, 262, 262, 259, 261,
    259, 260, 260, 262, 262, 263, 259, 258, 260, 259, 262, 261, 260, 260,
    264, 261, 260, 261, 264, 262, 264, 260, 259, 261, 261, 259, 263, 261,
    261, 264, 261, 264, 259 ]
headPositionsY: [ 73, 77, 72, 74, 76, 72, 76, 70, 74, 74, 75, 70, 74, 72,
    71, 74, 73, 73, 77, 72, 76, 76, 75, 76, 75, 77, 76, 76, 78, 77, 75,
    77, 74, 73, 75, 73, 73, 75, 75, 77, 76, 75, 75, 77, 75, 78, 74, 76,
    71, 69, 68, 70, 72, 68, 71, 74, 76, 82, 79, 78, 77, 70, 70, 71, 71,
    73, 76, 77, 79, 78, 79, 77, 71, 73, 69, 68, 72, 71, 69, 71, 76, 79,
    78, 78, 77, 79, 78, 73, 74, 73, 69, 70, 68, 70, 70, 71, 70, 71, 70,
    70 ]
