%YAML:1.0
---
videoName: "headShake24.mp4"
gestureLabel: 201
fps: 29
pixelSizeInCmTemp: 3.2808219178082193e-01
faceCenterPointX: 240
faceCenterPointY: 78
headPositionsX: [ 241, 250, 249, 251, 253, 254, 255, 254, 251, 252, 250,
    245, 245, 244, 241, 235, 233, 234, 234, 230, 233, 227, 229, 233, 230,
    234, 236, 240, 243, 241, 244, 248, 251, 250, 252, 252, 248, 247, 246,
    245, 242, 243, 243, 238, 239, 238, 235, 233, 235, 233, 237, 233, 236,
    237, 236, 239, 244, 244, 245, 246, 245, 248, 246, 248, 246, 246, 246,
    247, 244, 246, 245, 243, 240, 241, 241, 241, 241, 239, 238, 239, 237,
    241, 237, 240, 236, 237, 240, 237, 241, 239, 240, 242, 238, 239, 242,
    237, 242, 241, 242, 239 ]
headPositionsY: [ 76, 77, 77, 76, 75, 73, 74, 76, 79, 76, 77, 77, 78, 80,
    77, 76, 78, 78, 76, 78, 75, 78, 78, 78, 76, 79, 79, 76, 78, 79, 76,
    75, 75, 79, 77, 78, 80, 77, 79, 76, 77, 80, 76, 77, 77, 78, 79, 78,
    75, 76, 77, 78, 75, 78, 77, 79, 80, 76, 80, 75, 77, 80, 80, 79, 77,
    74, 80, 76, 77, 80, 75, 77, 75, 75, 78, 75, 80, 76, 79, 80, 77, 78,
    79, 79, 76, 78, 78, 78, 77, 78, 77, 79, 76, 77, 77, 78, 79, 80, 79,
    78 ]
