%YAML:1.0
---
videoName: "headShake22.mp4"
gestureLabel: 201
fps: 29
pixelSizeInCmTemp: 3.2364864864864862e-01
faceCenterPointX: 241
faceCenterPointY: 79
headPositionsX: [ 242, 239, 244, 242, 243, 240, 241, 241, 241, 244, 242,
    244, 241, 243, 244, 240, 243, 245, 240, 245, 243, 243, 240, 241, 242,
    241, 241, 240, 241, 240, 244, 244, 241, 244, 242, 243, 241, 242, 242,
    244, 243, 241, 243, 240, 241, 241, 245, 241, 244, 242, 239, 242, 242,
    243, 243, 244, 242, 243, 240, 240, 242, 242, 239, 243, 242, 239, 240,
    242, 244, 251, 253, 251, 258, 255, 251, 252, 246, 241, 240, 237, 237,
    237, 238, 244, 247, 248, 247, 247, 246, 242, 241, 239, 241, 241, 238,
    241, 241, 238, 238, 243 ]
headPositionsY: [ 77, 78, 74, 75, 76, 74, 77, 76, 78, 74, 75, 75, 76, 77,
    74, 75, 74, 79, 75, 77, 78, 78, 76, 76, 79, 74, 77, 76, 78, 75, 77,
    77, 77, 77, 78, 76, 78, 77, 78, 76, 77, 77, 76, 78, 78, 78, 78, 78,
    78, 76, 77, 76, 79, 77, 77, 75, 78, 77, 79, 74, 78, 78, 74, 77, 78,
    76, 76, 79, 75, 75, 77, 76, 75, 75, 78, 77, 75, 77, 76, 75, 76, 75,
    77, 79, 78, 77, 76, 79, 78, 77, 79, 76, 80, 77, 79, 79, 81, 78, 79,
    78 ]
