%YAML:1.0
---
videoName: "headNod4.mp4"
gestureLabel: 202
fps: 29
pixelSizeInCmTemp: 3.2808219178082193e-01
faceCenterPointX: 264
faceCenterPointY: 72
headPositionsX: [ 263, 269, 267, 271, 270, 268, 270, 270, 273, 273, 269,
    270, 270, 266, 269, 269, 270, 267, 267, 268, 270, 270, 267, 270, 268,
    270, 266, 270, 268, 267, 269, 267, 266, 265, 267, 267, 266, 265, 270,
    267, 269, 270, 265, 269, 267, 269, 267, 267, 267, 268, 266, 269, 265,
    266, 268, 267, 266, 267, 265, 266, 263, 268, 265, 265, 266, 266, 263,
    265, 263, 265, 266, 267, 263, 264, 263, 264, 264, 265, 266, 264, 266,
    263, 264, 265, 264, 268, 266, 268, 264, 266, 266, 266, 267, 266, 266,
    264, 262, 265, 264, 266 ]
headPositionsY: [ 73, 76, 75, 77, 73, 76, 75, 74, 77, 73, 76, 73, 73, 74,
    76, 74, 73, 74, 72, 76, 76, 74, 75, 77, 73, 77, 73, 76, 72, 76, 73,
    75, 77, 74, 77, 75, 73, 75, 77, 76, 73, 75, 75, 74, 72, 71, 69, 66,
    65, 63, 68, 70, 73, 73, 78, 78, 82, 80, 82, 76, 74, 71, 69, 68, 68,
    70, 75, 78, 82, 80, 85, 82, 82, 77, 75, 70, 70, 67, 71, 68, 70, 70,
    75, 76, 79, 83, 81, 85, 83, 82, 79, 81, 79, 79, 77, 77, 73, 76, 71,
    73 ]
