%YAML:1.0
---
videoName: "headLookDown8.mp4"
gestureLabel: 206
fps: 29
pixelSizeInCmTemp: 3.3732394366197183e-01
faceCenterPointX: 276
faceCenterPointY: 96
headPositionsX: [ 275, 273, 275, 272, 273, 277, 273, 276, 275, 276, 272,
    275, 276, 273, 273, 276, 276, 274, 277, 274, 274, 273, 276, 272, 274,
    277, 275, 276, 277, 274, 275, 274, 274, 275, 275, 274, 275, 272, 276,
    277, 273, 275, 277, 272, 275, 277, 275, 276, 274, 276, 277, 278, 277,
    273, 274, 276, 277, 278, 274, 277, 275, 275, 275, 276, 277, 276, 274,
    274, 273, 275, 275, 274, 276, 278, 276, 276, 275, 276, 275, 274, 278,
    275, 276, 278, 275, 277, 276, 278, 278, 276, 278, 277, 278, 278, 275,
    276, 277, 277, 276, 276 ]
headPositionsY: [ 94, 79, 80, 77, 79, 81, 79, 77, 82, 81, 79, 80, 77, 78,
    80, 81, 79, 82, 77, 79, 77, 77, 79, 77, 80, 78, 82, 79, 78, 81, 78,
    82, 83, 80, 84, 86, 83, 83, 84, 86, 88, 87, 92, 89, 93, 92, 92, 94,
    96, 97, 97, 97, 97, 98, 96, 99, 99, 97, 100, 98, 96, 99, 99, 97, 96,
    99, 97, 100, 98, 99, 99, 96, 99, 98, 97, 97, 95, 94, 99, 99, 95, 97,
    97, 95, 95, 95, 97, 94, 99, 98, 94, 96, 98, 98, 97, 94, 94, 97, 98,
    96 ]
