%YAML:1.0
---
videoName: "headLookRight3.mp4"
gestureLabel: 204
fps: 29
pixelSizeInCmTemp: 3.5746268656716418e-01
faceCenterPointX: 232
faceCenterPointY: 71
headPositionsX: [ 234, 252, 253, 252, 253, 253, 252, 255, 255, 252, 254,
    252, 255, 253, 256, 252, 254, 255, 256, 254, 256, 256, 256, 253, 256,
    252, 253, 254, 254, 253, 253, 253, 256, 255, 252, 257, 256, 252, 252,
    253, 251, 246, 247, 244, 240, 242, 239, 234, 233, 235, 236, 235, 234,
    232, 232, 232, 232, 235, 233, 234, 231, 233, 230, 230, 232, 233, 231,
    230, 234, 229, 234, 231, 230, 231, 230, 233, 231, 230, 234, 230, 238,
    231, 231, 234, 232, 231, 230, 235, 234, 233, 231, 233, 232, 230, 234,
    234, 234, 230, 235, 233 ]
headPositionsY: [ 72, 67, 67, 70, 71, 71, 67, 68, 70, 70, 70, 70, 70, 69,
    72, 72, 70, 71, 73, 72, 72, 72, 71, 73, 73, 73, 73, 70, 71, 72, 69,
    73, 73, 72, 72, 72, 72, 72, 69, 70, 71, 71, 73, 72, 68, 68, 69, 71,
    72, 71, 73, 70, 71, 72, 69, 71, 73, 71, 72, 72, 74, 73, 70, 73, 72,
    74, 76, 71, 72, 75, 71, 73, 73, 70, 72, 74, 73, 69, 70, 71, 72, 70,
    69, 70, 71, 73, 70, 69, 69, 73, 70, 73, 74, 70, 69, 73, 73, 72, 71,
    70 ]
