%YAML:1.0
---
videoName: "headNod25.mp4"
gestureLabel: 202
fps: 29
pixelSizeInCmTemp: 3.1933333333333330e-01
faceCenterPointX: 270
faceCenterPointY: 75
headPositionsX: [ 271, 273, 269, 269, 274, 269, 272, 272, 271, 271, 267,
    268, 269, 269, 269, 269, 272, 270, 272, 269, 271, 271, 271, 274, 272,
    272, 273, 274, 271, 270, 273, 273, 270, 270, 271, 275, 270, 270, 270,
    272, 272, 274, 269, 271, 272, 271, 273, 271, 271, 273, 273, 274, 270,
    270, 274, 271, 273, 271, 273, 269, 271, 269, 270, 269, 269, 270, 268,
    271, 268, 269, 267, 272, 273, 272, 271, 269, 268, 273, 270, 272, 273,
    273, 273, 268, 272, 268, 269, 272, 271, 270, 270, 271, 272, 273, 270,
    273, 272, 270, 272, 272 ]
headPositionsY: [ 73, 74, 73, 76, 74, 74, 72, 74, 73, 72, 75, 72, 75, 74,
    75, 76, 76, 73, 73, 75, 76, 72, 76, 77, 75, 76, 73, 73, 77, 76, 74,
    75, 77, 74, 76, 77, 74, 75, 74, 77, 74, 74, 73, 74, 76, 78, 72, 77,
    72, 72, 72, 68, 68, 65, 62, 67, 65, 67, 69, 67, 72, 76, 80, 83, 87,
    90, 90, 84, 83, 79, 80, 77, 74, 69, 69, 67, 68, 71, 72, 70, 73, 79,
    78, 82, 81, 82, 77, 80, 78, 77, 78, 75, 73, 77, 75, 76, 74, 74, 77,
    73 ]
