%YAML:1.0
---
videoName: "headNod42.mp4"
gestureLabel: 202
fps: 30
pixelSizeInCmTemp: 3.0316455696202532e-01
faceCenterPointX: 265
faceCenterPointY: 77
headPositionsX: [ 266, 269, 270, 267, 267, 271, 269, 268, 267, 267, 271,
    266, 266, 270, 269, 272, 271, 269, 269, 271, 270, 268, 271, 270, 266,
    267, 267, 265, 267, 265, 267, 265, 263, 266, 268, 266, 267, 264, 265,
    267, 264, 265, 265, 266, 265, 265, 262, 265, 266, 266, 267, 264, 266,
    265, 265, 265, 265, 267, 263, 264, 265, 264, 262, 265, 265, 266, 267,
    263, 267, 266, 266, 264, 265, 268, 266, 268, 265, 266, 267, 266, 266,
    263, 264, 268, 266, 265, 266, 268, 267, 264, 265, 267, 267, 264, 264,
    263, 264, 267, 263, 264 ]
headPositionsY: [ 79, 73, 77, 75, 75, 75, 78, 76, 79, 75, 78, 75, 77, 76,
    76, 68, 69, 66, 65, 64, 66, 71, 69, 74, 79, 82, 89, 89, 91, 91, 86,
    82, 79, 74, 76, 69, 67, 68, 68, 73, 75, 76, 81, 84, 85, 84, 79, 79,
    74, 71, 73, 70, 71, 72, 74, 79, 83, 84, 84, 85, 84, 84, 82, 75, 76,
    75, 74, 77, 72, 76, 74, 77, 80, 81, 80, 81, 78, 75, 75, 72, 76, 76,
    75, 79, 77, 78, 80, 83, 82, 81, 78, 81, 80, 76, 77, 78, 76, 78, 75,
    80 ]
