%YAML:1.0
---
videoName: "headNod28.mp4"
gestureLabel: 202
fps: 30
pixelSizeInCmTemp: 3.2364864864864862e-01
faceCenterPointX: 270
faceCenterPointY: 76
headPositionsX: [ 270, 269, 272, 269, 270, 271, 271, 272, 271, 271, 272,
    273, 272, 268, 271, 269, 271, 271, 271, 269, 269, 272, 268, 271, 268,
    272, 272, 270, 271, 268, 272, 270, 271, 269, 268, 269, 271, 267, 272,
    270, 269, 273, 268, 272, 267, 272, 269, 270, 270, 269, 271, 269, 269,
    271, 268, 269, 271, 272, 270, 269, 268, 268, 272, 271, 269, 269, 272,
    273, 271, 269, 272, 269, 270, 273, 272, 269, 275, 269, 269, 270, 271,
    272, 273, 272, 271, 269, 272, 273, 272, 269, 272, 272, 271, 269, 274,
    270, 271, 273, 269, 270 ]
headPositionsY: [ 78, 75, 77, 76, 73, 76, 75, 75, 77, 76, 74, 77, 75, 74,
    76, 77, 76, 76, 75, 76, 76, 77, 75, 77, 74, 75, 74, 75, 74, 76, 73,
    74, 77, 76, 73, 75, 74, 75, 72, 73, 72, 75, 79, 82, 79, 85, 80, 79,
    77, 76, 73, 74, 70, 73, 71, 69, 72, 72, 75, 79, 82, 82, 79, 78, 75,
    77, 72, 70, 71, 73, 75, 77, 79, 81, 81, 82, 81, 77, 73, 72, 74, 74,
    71, 73, 76, 76, 78, 79, 77, 78, 77, 73, 78, 75, 77, 79, 74, 78, 76,
    78 ]
