%YAML:1.0
---
videoName: "headNod49.mp4"
gestureLabel: 202
fps: 29
pixelSizeInCmTemp: 2.9207317073170730e-01
faceCenterPointX: 263
faceCenterPointY: 74
headPositionsX: [ 264, 266, 263, 264, 268, 263, 263, 266, 263, 262, 263,
    264, 266, 262, 265, 264, 266, 262, 266, 265, 266, 265, 266, 266, 265,
    265, 266, 265, 264, 266, 265, 265, 263, 266, 262, 266, 265, 262, 262,
    264, 264, 262, 265, 263, 264, 264, 263, 263, 263, 263, 262, 262, 261,
    264, 261, 265, 262, 265, 264, 266, 262, 263, 264, 262, 262, 264, 263,
    263, 266, 264, 266, 263, 262, 262, 265, 265, 265, 265, 264, 263, 264,
    262, 264, 261, 261, 262, 265, 260, 262, 261, 261, 261, 263, 264, 265,
    263, 261, 260, 262, 264 ]
headPositionsY: [ 73, 70, 73, 71, 71, 73, 72, 72, 75, 74, 73, 70, 72, 68,
    68, 68, 67, 66, 66, 68, 69, 72, 74, 75, 78, 75, 77, 77, 75, 75, 72,
    71, 70, 72, 71, 71, 73, 75, 76, 77, 79, 79, 78, 75, 73, 70, 72, 71,
    70, 72, 73, 72, 75, 77, 77, 76, 76, 75, 78, 75, 76, 74, 74, 74, 75,
    76, 73, 79, 81, 79, 79, 79, 76, 75, 74, 73, 76, 73, 74, 75, 74, 75,
    75, 74, 75, 73, 72, 75, 74, 73, 72, 76, 73, 74, 72, 73, 76, 75, 73,
    76 ]
