%YAML:1.0
---
videoName: "headShake23.mp4"
gestureLabel: 201
fps: 29
pixelSizeInCmTemp: 3.2808219178082193e-01
faceCenterPointX: 240
faceCenterPointY: 77
headPositionsX: [ 238, 243, 244, 244, 240, 241, 242, 241, 240, 240, 240,
    242, 241, 240, 239, 242, 243, 241, 240, 240, 241, 240, 243, 246, 248,
    248, 254, 253, 254, 256, 253, 253, 253, 250, 248, 244, 242, 239, 237,
    232, 230, 231, 230, 229, 229, 229, 233, 234, 237, 240, 242, 247, 245,
    248, 253, 251, 251, 253, 250, 250, 252, 251, 249, 243, 240, 239, 237,
    235, 238, 234, 236, 232, 233, 234, 235, 236, 237, 238, 237, 239, 237,
    240, 238, 241, 245, 242, 242, 242, 243, 244, 247, 245, 244, 245, 245,
    243, 242, 241, 239, 240 ]
headPositionsY: [ 76, 75, 79, 75, 75, 75, 79, 77, 79, 76, 76, 78, 75, 80,
    77, 79, 76, 75, 74, 76, 77, 76, 78, 75, 77, 77, 78, 78, 76, 76, 77,
    78, 77, 78, 80, 77, 76, 77, 77, 75, 77, 75, 77, 75, 79, 75, 76, 76,
    79, 80, 79, 78, 76, 79, 77, 75, 75, 74, 74, 74, 79, 79, 81, 79, 79,
    81, 79, 77, 77, 76, 78, 80, 78, 77, 76, 79, 77, 78, 77, 76, 77, 80,
    76, 77, 75, 79, 75, 76, 78, 77, 78, 77, 77, 75, 77, 79, 75, 79, 78,
    76 ]
