%YAML:1.0
---
videoName: "headNod1.mp4"
gestureLabel: 202
fps: 29
pixelSizeInCmTemp: 3.2808219178082193e-01
faceCenterPointX: 263
faceCenterPointY: 78
headPositionsX: [ 265, 265, 265, 262, 264, 264, 264, 264, 265, 264, 264,
    264, 264, 265, 264, 264, 264, 263, 262, 264, 266, 263, 263, 263, 266,
    262, 263, 265, 264, 265, 263, 262, 264, 265, 265, 266, 265, 262, 264,
    266, 267, 263, 266, 264, 264, 264, 265, 265, 265, 262, 266, 263, 264,
    265, 262, 262, 260, 261, 263, 261, 262, 264, 265, 264, 262, 262, 267,
    266, 265, 264, 260, 263, 261, 264, 263, 262, 261, 261, 264, 264, 263,
    260, 261, 263, 264, 261, 264, 265, 265, 260, 263, 264, 261, 264, 260,
    261, 263, 263, 264, 261 ]
headPositionsY: [ 80, 73, 72, 76, 72, 74, 75, 74, 76, 76, 75, 73, 75, 77,
    76, 74, 75, 76, 75, 76, 73, 72, 77, 74, 74, 76, 75, 76, 75, 74, 77,
    76, 75, 74, 73, 70, 68, 69, 65, 64, 62, 65, 65, 62, 65, 66, 70, 70,
    71, 77, 77, 81, 83, 81, 81, 79, 78, 76, 77, 70, 71, 70, 66, 67, 67,
    68, 71, 74, 75, 76, 80, 78, 76, 76, 75, 69, 67, 64, 66, 66, 68, 66,
    71, 70, 72, 74, 77, 81, 83, 84, 84, 80, 79, 82, 82, 77, 81, 80, 80,
    76 ]
