%YAML:1.0
---
videoName: "headNod31.mp4"
gestureLabel: 202
fps: 29
pixelSizeInCmTemp: 2.8855421686746985e-01
faceCenterPointX: 267
faceCenterPointY: 75
headPositionsX: [ 269, 269, 270, 270, 270, 269, 270, 271, 271, 271, 269,
    270, 272, 272, 271, 267, 270, 270, 270, 266, 267, 267, 269, 268, 265,
    265, 264, 266, 266, 266, 270, 269, 269, 268, 270, 267, 270, 268, 266,
    269, 269, 265, 266, 269, 264, 267, 270, 266, 269, 266, 266, 267, 267,
    266, 266, 266, 266, 267, 266, 266, 268, 267, 268, 264, 266, 269, 268,
    267, 268, 266, 264, 267, 267, 264, 268, 269, 267, 265, 267, 267, 266,
    268, 265, 267, 269, 264, 264, 268, 265, 265, 265, 268, 268, 267, 269,
    266, 267, 269, 266, 268 ]
headPositionsY: [ 77, 72, 75, 74, 75, 75, 75, 68, 66, 67, 65, 64, 64, 66,
    78, 82, 84, 85, 86, 84, 84, 81, 80, 77, 74, 70, 70, 74, 66, 70, 70,
    71, 74, 74, 80, 84, 84, 86, 85, 89, 84, 80, 80, 75, 74, 74, 73, 72,
    77, 79, 81, 81, 86, 82, 81, 78, 77, 77, 73, 73, 72, 69, 68, 68, 70,
    75, 75, 76, 77, 81, 78, 79, 79, 74, 76, 74, 70, 72, 71, 70, 73, 75,
    74, 77, 76, 74, 75, 78, 76, 75, 74, 76, 73, 76, 74, 75, 76, 75, 76,
    77 ]
