%YAML:1.0
---
videoName: "headNod14.mp4"
gestureLabel: 202
fps: 29
pixelSizeInCmTemp: 3.2808219178082193e-01
faceCenterPointX: 257
faceCenterPointY: 71
headPositionsX: [ 256, 259, 257, 258, 260, 256, 260, 259, 256, 261, 257,
    260, 258, 259, 258, 256, 257, 259, 258, 259, 260, 256, 259, 261, 257,
    257, 260, 259, 261, 258, 260, 260, 261, 260, 256, 259, 260, 258, 256,
    260, 257, 257, 260, 260, 262, 260, 260, 259, 257, 258, 260, 260, 259,
    260, 256, 259, 260, 257, 257, 257, 261, 258, 257, 258, 257, 257, 258,
    261, 259, 258, 261, 259, 258, 258, 256, 259, 258, 258, 255, 259, 258,
    259, 259, 258, 257, 257, 256, 254, 260, 256, 256, 255, 259, 257, 256,
    257, 255, 257, 256, 257 ]
headPositionsY: [ 71, 75, 78, 78, 76, 77, 77, 79, 79, 75, 77, 76, 76, 78,
    75, 78, 77, 79, 79, 77, 80, 77, 78, 78, 78, 80, 79, 76, 76, 79, 77,
    76, 78, 76, 77, 77, 77, 80, 77, 73, 75, 74, 72, 68, 67, 68, 71, 69,
    70, 72, 75, 79, 78, 81, 80, 82, 80, 78, 79, 73, 74, 68, 71, 70, 71,
    72, 75, 74, 76, 82, 81, 83, 78, 78, 77, 74, 71, 67, 69, 72, 69, 75,
    74, 76, 78, 78, 80, 77, 76, 73, 74, 70, 71, 67, 71, 69, 71, 73, 69,
    72 ]
