%YAML:1.0
---
videoName: "headNod14.mp4"
gestureLabel: 202
fps: 29
pixelSizeInCmTemp: 3.2808219178082193e-01
faceCenterPointX: 257
faceCenterPointY: 71
headPositionsX: [ 257, 258, 258, 258, 261, 257, 256, 257, 258, 257, 259,
    257, 261, 256, 257, 260, 258, 260, 258, 257, 259, 258, 259, 261, 260,
    261, 259, 257, 258, 257, 258, 259, 260, 261, 256, 259, 257, 257, 258,
    260, 257, 258, 261, 259, 259, 257, 261, 261, 259, 261, 259, 258, 257,
    257, 257, 260, 258, 258, 260, 257, 257, 260, 257, 259, 259, 261, 259,
    260, 261, 260, 261, 261, 260, 259, 256, 257, 256, 257, 259, 259, 258,
    257, 258, 258, 260, 256, 257, 254, 258, 256, 257, 259, 258, 254, 257,
    259, 256, 257, 255, 259 ]
headPositionsY: [ 69, 76, 74, 76, 80, 74, 76, 79, 75, 77, 75, 78, 78, 79,
    76, 79, 78, 78, 76, 75, 77, 76, 75, 78, 77, 80, 78, 76, 77, 80, 79,
    79, 80, 80, 76, 80, 78, 80, 78, 73, 73, 71, 70, 69, 68, 67, 72, 71,
    73, 71, 77, 78, 79, 82, 81, 82, 79, 79, 76, 73, 72, 71, 67, 72, 73,
    72, 72, 75, 80, 80, 80, 84, 82, 75, 73, 71, 71, 69, 68, 68, 72, 74,
    77, 77, 80, 80, 78, 78, 77, 76, 72, 73, 71, 69, 69, 72, 70, 72, 72,
    70 ]
