%YAML:1.0
---
videoName: "headNod31.mp4"
gestureLabel: 202
fps: 29
pixelSizeInCmTemp: 2.8855421686746985e-01
faceCenterPointX: 267
faceCenterPointY: 75
headPositionsX: [ 269, 269, 270, 272, 269, 270, 270, 270, 272, 269, 268,
    271, 271, 272, 269, 268, 270, 268, 268, 265, 266, 264, 269, 264, 268,
    264, 264, 264, 269, 268, 267, 267, 270, 271, 271, 269, 270, 270, 266,
    268, 270, 265, 268, 266, 265, 267, 266, 269, 269, 267, 268, 265, 266,
    264, 266, 265, 267, 264, 269, 265, 265, 268, 267, 265, 266, 267, 266,
    266, 265, 265, 266, 267, 268, 268, 268, 267, 265, 264, 266, 269, 266,
    264, 267, 267, 268, 264, 266, 267, 266, 264, 269, 266, 265, 267, 266,
    269, 266, 268, 269, 268 ]
headPositionsY: [ 75, 75, 73, 75, 76, 75, 73, 68, 66, 66, 66, 64, 65, 66,
    74, 81, 84, 84, 88, 85, 86, 82, 80, 78, 76, 71, 70, 74, 68, 66, 68,
    69, 71, 77, 80, 84, 83, 87, 86, 86, 86, 83, 80, 77, 72, 75, 75, 73,
    76, 79, 82, 85, 86, 86, 82, 79, 76, 75, 71, 69, 70, 68, 71, 71, 73,
    74, 74, 75, 79, 81, 78, 80, 77, 74, 73, 72, 71, 73, 70, 72, 75, 77,
    75, 76, 75, 78, 76, 77, 73, 74, 74, 75, 76, 74, 75, 75, 74, 77, 78,
    73 ]
