%YAML:1.0
---
videoName: "headShake17.mp4"
gestureLabel: 201
fps: 29
pixelSizeInCmTemp: 3.3263888888888887e-01
faceCenterPointX: 242
faceCenterPointY: 76
headPositionsX: [ 242, 240, 240, 237, 239, 240, 241, 240, 247, 245, 253,
    253, 261, 259, 259, 259, 253, 247, 243, 240, 237, 235, 227, 225, 225,
    227, 228, 233, 233, 238, 246, 249, 253, 251, 254, 252, 254, 253, 248,
    248, 241, 239, 238, 233, 232, 233, 233, 232, 234, 234, 235, 240, 240,
    244, 242, 244, 246, 245, 244, 242, 240, 243, 239, 241, 238, 238, 239,
    241, 240, 239, 241, 243, 240, 239, 240, 243, 240, 241, 242, 240, 243,
    241, 243, 243, 241, 241, 240, 243, 243, 243, 243, 243, 241, 239, 239,
    242, 240, 241, 241, 243 ]
headPositionsY: [ 77, 78, 77, 76, 75, 76, 74, 74, 78, 77, 75, 74, 73, 76,
    77, 76, 74, 74, 76, 79, 75, 79, 76, 77, 74, 76, 77, 77, 75, 75, 74,
    77, 78, 77, 75, 76, 74, 78, 74, 79, 79, 75, 77, 75, 78, 78, 77, 78,
    76, 78, 74, 76, 75, 76, 75, 78, 76, 76, 75, 76, 75, 76, 77, 76, 74,
    76, 76, 75, 75, 78, 77, 78, 74, 77, 77, 75, 77, 76, 75, 74, 78, 75,
    75, 74, 76, 75, 77, 75, 75, 78, 74, 76, 78, 76, 76, 75, 76, 77, 78,
    75 ]
