%YAML:1.0
---
videoName: "headLookUp3.mp4"
gestureLabel: 205
fps: 29
pixelSizeInCmTemp: 3.7421874999999999e-01
faceCenterPointX: 254
faceCenterPointY: 68
headPositionsX: [ 254, 258, 258, 257, 254, 256, 253, 255, 257, 256, 255,
    255, 257, 257, 256, 256, 257, 255, 257, 256, 256, 255, 259, 258, 258,
    254, 254, 254, 255, 256, 256, 257, 257, 256, 256, 257, 255, 254, 257,
    257, 257, 257, 255, 257, 254, 254, 255, 256, 255, 256, 256, 254, 257,
    253, 253, 255, 254, 254, 256, 257, 252, 256, 255, 258, 255, 254, 257,
    254, 255, 253, 252, 258, 254, 255, 252, 254, 254, 253, 256, 254, 257,
    253, 255, 254, 254, 255, 254, 255, 256, 253, 255, 258, 254, 256, 252,
    254, 253, 259, 256, 257 ]
headPositionsY: [ 67, 82, 81, 81, 84, 82, 80, 81, 84, 82, 81, 80, 83, 83,
    83, 83, 79, 81, 83, 79, 82, 82, 85, 83, 80, 83, 80, 79, 83, 80, 82,
    81, 80, 81, 85, 84, 80, 82, 79, 78, 82, 76, 75, 73, 75, 73, 73, 71,
    67, 68, 68, 66, 67, 68, 67, 68, 68, 64, 69, 67, 68, 68, 66, 68, 70,
    65, 66, 66, 69, 66, 68, 66, 65, 69, 69, 68, 68, 66, 65, 70, 69, 65,
    68, 67, 68, 68, 66, 67, 69, 66, 69, 66, 69, 66, 69, 69, 67, 68, 70,
    67 ]
