%YAML:1.0
---
videoName: "headNod2.mp4"
gestureLabel: 202
fps: 29
pixelSizeInCmTemp: 3.2364864864864862e-01
faceCenterPointX: 263
faceCenterPointY: 70
headPositionsX: [ 262, 262, 263, 260, 261, 261, 264, 265, 263, 265, 261,
    263, 262, 264, 264, 265, 265, 265, 265, 262, 264, 265, 265, 264, 263,
    261, 262, 263, 262, 264, 261, 264, 260, 260, 264, 264, 260, 261, 264,
    262, 263, 260, 260, 260, 262, 260, 264, 262, 263, 261, 261, 262, 261,
    261, 260, 263, 262, 264, 264, 259, 261, 262, 263, 260, 261, 262, 262,
    263, 263, 264, 260, 262, 265, 262, 262, 264, 262, 265, 261, 263, 262,
    262, 264, 264, 261, 261, 262, 263, 265, 264, 263, 264, 264, 265, 263,
    265, 264, 262, 263, 263 ]
headPositionsY: [ 68, 74, 75, 74, 75, 75, 75, 78, 76, 76, 75, 78, 74, 76,
    76, 77, 73, 77, 74, 76, 74, 74, 74, 74, 75, 73, 77, 74, 74, 75, 76,
    73, 72, 73, 72, 72, 75, 72, 73, 76, 75, 75, 75, 73, 75, 74, 73, 76,
    73, 70, 70, 68, 70, 70, 74, 77, 79, 78, 75, 73, 71, 72, 72, 72, 74,
    74, 75, 71, 69, 71, 69, 73, 75, 77, 77, 76, 72, 71, 72, 73, 71, 76,
    77, 75, 74, 73, 74, 71, 70, 70, 72, 71, 71, 70, 71, 70, 70, 70, 69,
    72 ]
