%YAML:1.0
---
videoName: "headNod44.mp4"
gestureLabel: 202
fps: 29
pixelSizeInCmTemp: 2.9567901234567900e-01
faceCenterPointX: 268
faceCenterPointY: 78
headPositionsX: [ 268, 269, 271, 270, 271, 267, 269, 267, 271, 270, 268,
    270, 270, 267, 267, 271, 272, 270, 269, 269, 271, 271, 268, 270, 268,
    266, 269, 265, 266, 267, 266, 268, 267, 266, 267, 267, 268, 266, 265,
    266, 264, 264, 265, 266, 264, 267, 268, 268, 265, 267, 268, 266, 269,
    269, 266, 267, 269, 267, 269, 268, 269, 270, 268, 270, 269, 265, 269,
    268, 266, 270, 268, 268, 270, 270, 267, 267, 270, 267, 269, 268, 267,
    271, 270, 268, 266, 269, 269, 268, 270, 269, 268, 266, 266, 266, 268,
    270, 269, 269, 268, 268 ]
headPositionsY: [ 77, 75, 77, 72, 77, 73, 75, 74, 72, 74, 74, 74, 76, 76,
    77, 73, 77, 79, 80, 81, 85, 90, 93, 94, 93, 91, 89, 85, 81, 74, 70,
    71, 71, 70, 72, 76, 81, 81, 85, 89, 85, 85, 82, 76, 72, 73, 74, 77,
    77, 78, 84, 87, 89, 87, 88, 84, 80, 76, 75, 74, 75, 78, 80, 80, 84,
    84, 84, 80, 77, 78, 78, 76, 74, 77, 78, 80, 82, 85, 85, 85, 85, 80,
    78, 78, 78, 77, 77, 80, 79, 80, 78, 81, 80, 79, 77, 77, 75, 77, 79,
    76 ]
