%YAML:1.0
---
videoName: "headShake30.mp4"
gestureLabel: 201
fps: 29
pixelSizeInCmTemp: 3.2808219178082193e-01
faceCenterPointX: 240
faceCenterPointY: 68
headPositionsX: [ 241, 231, 232, 231, 234, 233, 234, 231, 235, 235, 236,
    235, 235, 237, 241, 238, 240, 240, 245, 243, 242, 243, 242, 244, 244,
    241, 244, 242, 242, 241, 240, 239, 239, 241, 239, 240, 237, 242, 241,
    248, 250, 252, 259, 260, 260, 261, 259, 253, 252, 243, 238, 228, 226,
    222, 224, 226, 231, 236, 241, 246, 249, 254, 251, 250, 248, 240, 236,
    232, 230, 226, 226, 227, 231, 238, 243, 244, 247, 252, 250, 250, 248,
    245, 242, 237, 239, 234, 237, 235, 237, 241, 239, 239, 240, 240, 241,
    238, 241, 239, 240, 238 ]
headPositionsY: [ 69, 53, 56, 59, 59, 60, 60, 59, 63, 65, 63, 63, 66, 65,
    64, 63, 64, 66, 65, 67, 64, 63, 67, 64, 66, 66, 63, 68, 66, 66, 66,
    66, 65, 64, 64, 66, 68, 67, 65, 64, 67, 65, 63, 64, 65, 66, 65, 67,
    64, 66, 69, 68, 67, 68, 68, 70, 69, 67, 67, 68, 69, 64, 64, 68, 67,
    70, 70, 67, 70, 68, 71, 68, 66, 69, 70, 69, 67, 65, 66, 68, 67, 68,
    66, 69, 69, 65, 70, 68, 66, 66, 68, 68, 66, 68, 66, 65, 66, 70, 68,
    67 ]
