%YAML:1.0
---
videoName: "headNod27.mp4"
gestureLabel: 202
fps: 29
pixelSizeInCmTemp: 3.0705128205128202e-01
faceCenterPointX: 271
faceCenterPointY: 77
headPositionsX: [ 269, 272, 272, 273, 270, 274, 273, 270, 274, 275, 271,
    275, 273, 272, 273, 274, 271, 272, 274, 272, 274, 270, 273, 272, 274,
    271, 272, 270, 275, 272, 270, 272, 270, 273, 272, 268, 267, 268, 267,
    270, 268, 271, 268, 267, 270, 271, 270, 271, 269, 271, 271, 268, 271,
    271, 269, 269, 272, 268, 269, 272, 268, 269, 267, 270, 266, 265, 265,
    269, 269, 268, 269, 268, 267, 267, 270, 269, 270, 266, 267, 270, 270,
    266, 267, 266, 270, 268, 270, 269, 269, 272, 270, 269, 273, 271, 268,
    271, 268, 271, 271, 269 ]
headPositionsY: [ 79, 74, 73, 75, 72, 74, 72, 75, 75, 75, 74, 76, 76, 73,
    75, 74, 75, 74, 75, 73, 71, 72, 70, 66, 66, 64, 63, 62, 64, 65, 67,
    77, 83, 81, 86, 84, 81, 80, 74, 69, 68, 68, 67, 70, 69, 73, 74, 77,
    78, 79, 77, 79, 75, 72, 69, 72, 70, 71, 73, 76, 80, 81, 82, 81, 82,
    78, 73, 74, 72, 74, 70, 71, 74, 76, 75, 79, 81, 77, 78, 71, 73, 70,
    71, 68, 69, 72, 76, 79, 78, 78, 78, 80, 79, 78, 77, 78, 74, 77, 77,
    77 ]
