%YAML:1.0
---
videoName: "headShake0.mp4"
gestureLabel: 201
fps: 29
pixelSizeInCmTemp: 3.2808219178082193e-01
faceCenterPointX: 279
faceCenterPointY: 94
headPositionsX: [ 278, 278, 277, 277, 281, 278, 278, 278, 277, 277, 277,
    278, 279, 277, 280, 278, 277, 277, 277, 281, 280, 279, 279, 279, 279,
    281, 278, 279, 280, 278, 277, 278, 280, 279, 278, 279, 281, 277, 280,
    280, 278, 280, 285, 287, 292, 294, 297, 299, 301, 301, 297, 294, 290,
    281, 277, 274, 273, 275, 272, 277, 280, 284, 288, 288, 292, 287, 286,
    284, 278, 274, 272, 272, 271, 275, 280, 281, 283, 283, 282, 281, 278,
    277, 275, 274, 276, 277, 278, 275, 276, 278, 278, 279, 281, 278, 277,
    280, 278, 281, 280, 278 ]
headPositionsY: [ 92, 95, 93, 93, 94, 91, 95, 92, 94, 91, 91, 90, 93, 94,
    95, 91, 91, 93, 91, 91, 93, 92, 91, 93, 92, 94, 92, 92, 92, 91, 93,
    95, 94, 91, 93, 92, 93, 93, 93, 96, 95, 91, 92, 90, 89, 92, 90, 92,
    90, 91, 92, 89, 91, 95, 93, 94, 95, 94, 94, 94, 91, 92, 90, 93, 91,
    94, 93, 94, 92, 92, 93, 94, 93, 94, 95, 92, 93, 94, 91, 94, 93, 95,
    95, 94, 96, 95, 94, 92, 96, 96, 92, 95, 95, 92, 97, 92, 95, 97, 93,
    93 ]
