%YAML:1.0
---
videoName: "headNod41.mp4"
gestureLabel: 202
fps: 29
pixelSizeInCmTemp: 2.9937500000000000e-01
faceCenterPointX: 267
faceCenterPointY: 76
headPositionsX: [ 268, 268, 269, 272, 269, 270, 271, 271, 271, 268, 271,
    267, 268, 272, 272, 269, 270, 273, 271, 273, 270, 270, 269, 269, 269,
    271, 268, 270, 270, 271, 270, 272, 271, 271, 270, 270, 271, 268, 272,
    267, 272, 272, 270, 267, 268, 267, 267, 270, 269, 266, 266, 270, 271,
    269, 269, 270, 267, 270, 270, 269, 269, 269, 267, 267, 266, 271, 269,
    266, 266, 267, 267, 267, 267, 266, 266, 268, 266, 269, 267, 267, 269,
    267, 266, 265, 269, 267, 269, 267, 266, 270, 269, 266, 267, 268, 269,
    265, 269, 267, 269, 267 ]
headPositionsY: [ 77, 70, 72, 75, 71, 73, 73, 71, 71, 71, 75, 73, 72, 75,
    73, 75, 75, 72, 74, 73, 72, 73, 73, 76, 74, 72, 74, 74, 76, 72, 74,
    74, 74, 71, 75, 75, 76, 75, 74, 76, 78, 84, 87, 87, 94, 90, 90, 86,
    85, 78, 77, 71, 71, 67, 65, 65, 66, 70, 72, 79, 81, 88, 94, 93, 92,
    89, 88, 79, 76, 75, 72, 73, 70, 72, 73, 77, 80, 85, 84, 82, 80, 80,
    78, 74, 72, 76, 73, 73, 74, 75, 76, 81, 79, 79, 77, 78, 77, 79, 76,
    75 ]
