%YAML:1.0
---
videoName: "headNod28.mp4"
gestureLabel: 202
fps: 30
pixelSizeInCmTemp: 3.2364864864864862e-01
faceCenterPointX: 270
faceCenterPointY: 76
headPositionsX: [ 272, 272, 270, 269, 270, 273, 273, 271, 270, 272, 270,
    269, 270, 271, 269, 269, 268, 270, 270, 268, 269, 269, 269, 269, 270,
    269, 268, 268, 270, 269, 269, 273, 272, 269, 271, 272, 273, 267, 272,
    268, 271, 270, 272, 270, 270, 269, 270, 270, 272, 272, 268, 271, 267,
    273, 272, 271, 269, 273, 270, 272, 269, 268, 273, 271, 273, 271, 269,
    272, 272, 273, 272, 269, 272, 272, 273, 272, 274, 273, 272, 273, 270,
    272, 273, 271, 270, 270, 269, 272, 269, 270, 272, 271, 270, 273, 272,
    272, 271, 272, 271, 268 ]
headPositionsY: [ 76, 76, 76, 74, 76, 74, 76, 72, 74, 76, 76, 76, 73, 74,
    73, 77, 72, 74, 73, 77, 75, 73, 76, 75, 73, 72, 74, 76, 72, 76, 77,
    73, 76, 75, 72, 75, 75, 76, 76, 73, 76, 77, 79, 82, 79, 82, 81, 82,
    79, 77, 75, 75, 70, 71, 70, 73, 74, 75, 75, 78, 79, 81, 79, 81, 75,
    74, 71, 71, 70, 74, 74, 75, 77, 82, 82, 79, 79, 75, 76, 73, 73, 72,
    72, 77, 75, 77, 76, 79, 77, 77, 75, 73, 75, 75, 73, 75, 77, 77, 77,
    75 ]
