%YAML:1.0
---
videoName: "headNod9.mp4"
gestureLabel: 202
fps: 29
pixelSizeInCmTemp: 3.1513157894736843e-01
faceCenterPointX: 261
faceCenterPointY: 75
headPositionsX: [ 259, 263, 261, 261, 261, 261, 261, 260, 261, 263, 258,
    259, 260, 261, 258, 263, 263, 261, 262, 261, 262, 259, 259, 262, 258,
    261, 261, 263, 259, 263, 262, 259, 261, 263, 259, 261, 260, 259, 262,
    260, 261, 261, 261, 258, 263, 260, 257, 261, 262, 259, 257, 259, 261,
    262, 263, 260, 259, 259, 262, 260, 261, 259, 260, 262, 259, 262, 262,
    263, 259, 257, 258, 260, 261, 260, 260, 261, 259, 258, 260, 261, 257,
    260, 260, 256, 260, 258, 258, 258, 258, 261, 261, 257, 258, 258, 262,
    260, 260, 262, 260, 259 ]
headPositionsY: [ 77, 74, 77, 74, 74, 73, 75, 77, 73, 77, 73, 74, 77, 76,
    74, 75, 75, 77, 74, 76, 77, 76, 75, 74, 78, 77, 75, 75, 73, 76, 79,
    75, 80, 78, 81, 78, 78, 75, 76, 72, 72, 73, 76, 83, 84, 87, 87, 86,
    80, 81, 77, 77, 76, 80, 80, 83, 84, 85, 81, 77, 72, 71, 74, 75, 77,
    79, 82, 85, 83, 84, 79, 75, 74, 73, 69, 72, 73, 73, 76, 78, 83, 82,
    82, 81, 81, 78, 77, 77, 74, 74, 75, 73, 70, 75, 74, 74, 76, 76, 73,
    73 ]
