%YAML:1.0
---
videoName: "headShake7.mp4"
gestureLabel: 201
fps: 29
pixelSizeInCmTemp: 3.3263888888888887e-01
faceCenterPointX: 244
faceCenterPointY: 72
headPositionsX: [ 242, 244, 244, 241, 243, 242, 240, 243, 243, 245, 244,
    250, 253, 255, 257, 257, 258, 262, 257, 254, 253, 248, 240, 234, 231,
    231, 237, 239, 247, 253, 258, 259, 260, 256, 255, 248, 245, 236, 235,
    227, 226, 227, 232, 234, 238, 245, 251, 252, 255, 254, 253, 250, 245,
    244, 238, 231, 232, 228, 228, 235, 241, 244, 248, 253, 257, 256, 258,
    257, 251, 251, 249, 245, 238, 235, 236, 234, 237, 234, 234, 236, 240,
    238, 244, 246, 245, 244, 246, 247, 245, 248, 247, 246, 244, 245, 243,
    244, 245, 244, 242, 244 ]
headPositionsY: [ 72, 70, 73, 70, 69, 71, 69, 73, 70, 71, 69, 69, 72, 71,
    72, 69, 70, 68, 71, 71, 70, 72, 72, 70, 71, 73, 70, 72, 72, 70, 67,
    68, 67, 68, 70, 69, 70, 71, 72, 70, 70, 73, 69, 73, 73, 72, 68, 67,
    71, 68, 71, 72, 70, 73, 73, 69, 70, 68, 70, 73, 73, 70, 72, 72, 72,
    71, 70, 70, 72, 69, 70, 70, 72, 72, 73, 72, 71, 70, 71, 72, 73, 71,
    71, 72, 73, 69, 70, 73, 73, 73, 74, 69, 73, 73, 71, 72, 74, 72, 73,
    73 ]
