%YAML:1.0
---
videoName: "headLookRight0.mp4"
gestureLabel: 204
fps: 29
pixelSizeInCmTemp: 3.1933333333333330e-01
faceCenterPointX: 229
faceCenterPointY: 68
headPositionsX: [ 227, 258, 256, 253, 254, 254, 256, 257, 254, 256, 258,
    255, 257, 256, 256, 255, 254, 258, 256, 256, 256, 256, 257, 253, 259,
    254, 254, 254, 255, 256, 254, 258, 257, 256, 254, 257, 257, 253, 252,
    252, 253, 249, 246, 244, 240, 239, 238, 237, 237, 237, 234, 236, 236,
    233, 232, 232, 235, 235, 234, 230, 235, 235, 233, 232, 230, 234, 231,
    234, 235, 232, 234, 234, 232, 236, 233, 230, 228, 230, 230, 229, 234,
    233, 231, 230, 230, 230, 233, 230, 229, 230, 231, 233, 230, 229, 229,
    229, 228, 231, 226, 228 ]
headPositionsY: [ 68, 66, 63, 66, 67, 66, 66, 63, 67, 68, 68, 65, 69, 68,
    67, 67, 65, 64, 67, 67, 66, 65, 66, 66, 69, 68, 66, 68, 65, 69, 67,
    67, 68, 68, 66, 68, 67, 69, 69, 67, 69, 69, 66, 68, 67, 68, 68, 70,
    67, 69, 67, 70, 67, 67, 67, 70, 67, 66, 69, 69, 67, 67, 70, 66, 70,
    69, 67, 70, 69, 68, 68, 69, 67, 66, 67, 68, 67, 66, 68, 66, 69, 67,
    69, 68, 65, 66, 71, 69, 68, 69, 70, 66, 71, 67, 67, 70, 70, 68, 70,
    67 ]
