%YAML:1.0
---
videoName: "headLookRight9.mp4"
gestureLabel: 204
fps: 29
pixelSizeInCmTemp: 2.8511904761904761e-01
faceCenterPointX: 217
faceCenterPointY: 75
headPositionsX: [ 218, 244, 242, 245, 245, 244, 243, 244, 244, 245, 245,
    244, 244, 245, 241, 245, 245, 241, 242, 241, 241, 241, 241, 243, 243,
    242, 241, 241, 242, 241, 244, 238, 238, 233, 232, 230, 227, 223, 224,
    220, 222, 220, 216, 216, 219, 216, 216, 212, 216, 217, 216, 217, 213,
    214, 214, 214, 210, 210, 213, 216, 213, 212, 217, 214, 219, 219, 215,
    215, 216, 213, 217, 207, 207, 215, 211, 214, 214, 215, 217, 219, 218,
    218, 215, 218, 214, 217, 214, 217, 215, 219, 218, 213, 216, 216, 212,
    218, 217, 220, 218, 217 ]
headPositionsY: [ 73, 74, 73, 73, 77, 72, 74, 74, 72, 73, 73, 72, 75, 76,
    77, 76, 74, 75, 75, 72, 72, 76, 76, 74, 73, 73, 76, 75, 76, 76, 75,
    75, 74, 75, 75, 72, 71, 72, 74, 74, 75, 73, 74, 79, 72, 72, 74, 72,
    71, 69, 69, 71, 69, 74, 75, 74, 76, 73, 73, 71, 69, 73, 73, 73, 80,
    78, 75, 75, 70, 72, 69, 77, 79, 72, 76, 74, 70, 76, 74, 74, 72, 73,
    72, 74, 74, 71, 70, 74, 76, 73, 74, 73, 73, 73, 70, 73, 75, 73, 74,
    75 ]
