%YAML:1.0
---
videoName: "headLookLeft9.mp4"
gestureLabel: 203
fps: 30
pixelSizeInCmTemp: 3.2364864864864862e-01
faceCenterPointX: 273
faceCenterPointY: 69
headPositionsX: [ 273, 247, 248, 248, 248, 248, 246, 247, 247, 246, 249,
    248, 248, 247, 247, 247, 244, 247, 245, 244, 244, 244, 243, 246, 245,
    243, 247, 244, 247, 243, 244, 246, 246, 248, 253, 254, 256, 258, 257,
    263, 265, 263, 268, 268, 264, 270, 272, 269, 269, 271, 271, 270, 269,
    269, 273, 271, 273, 273, 271, 272, 269, 271, 271, 272, 273, 272, 270,
    273, 276, 272, 269, 273, 270, 272, 272, 270, 271, 271, 269, 272, 269,
    268, 270, 271, 270, 271, 271, 270, 274, 272, 272, 272, 270, 270, 269,
    272, 269, 272, 272, 268 ]
headPositionsY: [ 69, 73, 69, 70, 72, 68, 72, 72, 69, 69, 72, 71, 71, 73,
    69, 72, 73, 72, 72, 70, 70, 72, 71, 71, 72, 69, 71, 71, 69, 71, 70,
    70, 72, 71, 72, 72, 68, 67, 67, 68, 70, 69, 69, 71, 68, 66, 67, 68,
    68, 68, 70, 65, 67, 67, 70, 69, 66, 67, 66, 69, 69, 69, 71, 69, 68,
    70, 67, 69, 67, 69, 67, 67, 67, 71, 68, 67, 71, 66, 65, 70, 67, 68,
    67, 68, 71, 66, 67, 69, 69, 68, 66, 70, 66, 65, 67, 68, 69, 71, 68,
    69 ]
