%YAML:1.0
---
videoName: "headShake11.mp4"
gestureLabel: 201
fps: 29
pixelSizeInCmTemp: 3.2364864864864862e-01
faceCenterPointX: 244
faceCenterPointY: 76
headPositionsX: [ 245, 242, 239, 240, 240, 240, 244, 240, 243, 242, 241,
    241, 243, 242, 240, 243, 240, 240, 241, 241, 240, 241, 242, 243, 244,
    243, 241, 245, 247, 251, 255, 255, 257, 259, 262, 264, 262, 260, 252,
    249, 245, 240, 236, 228, 228, 224, 231, 231, 234, 240, 244, 252, 254,
    256, 259, 260, 254, 255, 250, 243, 241, 233, 234, 230, 231, 234, 234,
    237, 242, 250, 250, 257, 259, 259, 258, 255, 251, 250, 247, 239, 238,
    235, 237, 234, 233, 235, 239, 242, 246, 248, 245, 248, 250, 246, 245,
    244, 246, 247, 244, 244 ]
headPositionsY: [ 76, 73, 74, 70, 72, 72, 73, 74, 71, 73, 72, 74, 75, 73,
    71, 74, 73, 74, 71, 74, 75, 73, 74, 71, 74, 72, 71, 73, 70, 71, 73,
    73, 69, 73, 70, 70, 71, 72, 75, 73, 72, 73, 73, 72, 76, 76, 74, 73,
    77, 73, 73, 75, 73, 73, 75, 74, 75, 75, 74, 76, 77, 74, 76, 76, 78,
    74, 78, 75, 77, 73, 73, 75, 72, 71, 75, 71, 72, 74, 75, 76, 73, 73,
    75, 74, 74, 76, 74, 76, 77, 75, 74, 76, 76, 72, 74, 73, 76, 75, 76,
    75 ]
