%YAML:1.0
---
videoName: "headLookUp3.mp4"
gestureLabel: 205
fps: 29
pixelSizeInCmTemp: 3.7421874999999999e-01
faceCenterPointX: 254
faceCenterPointY: 68
headPositionsX: [ 253, 254, 256, 253, 255, 257, 257, 257, 257, 257, 258,
    257, 255, 254, 254, 255, 256, 259, 257, 258, 256, 258, 259, 255, 258,
    258, 258, 254, 255, 257, 259, 256, 255, 258, 258, 253, 256, 255, 254,
    254, 255, 255, 254, 258, 254, 254, 255, 253, 256, 255, 253, 256, 257,
    253, 254, 257, 254, 256, 254, 254, 256, 257, 254, 254, 253, 255, 254,
    252, 253, 257, 254, 255, 256, 255, 255, 254, 253, 255, 254, 254, 256,
    256, 256, 251, 254, 254, 257, 257, 255, 257, 254, 258, 257, 254, 252,
    256, 255, 259, 255, 257 ]
headPositionsY: [ 67, 82, 83, 82, 80, 80, 83, 80, 82, 81, 84, 81, 84, 80,
    83, 81, 83, 83, 81, 81, 82, 80, 84, 84, 80, 83, 81, 83, 84, 83, 80,
    80, 83, 81, 81, 82, 82, 78, 78, 79, 82, 77, 77, 77, 73, 70, 72, 68,
    71, 70, 66, 68, 68, 68, 68, 66, 70, 68, 69, 68, 65, 68, 66, 69, 70,
    66, 65, 68, 70, 69, 70, 70, 67, 68, 67, 65, 67, 66, 67, 66, 68, 68,
    67, 67, 65, 66, 68, 69, 66, 67, 65, 66, 69, 70, 69, 67, 69, 70, 67,
    68 ]
