%YAML:1.0
---
videoName: "headShake15.mp4"
gestureLabel: 201
fps: 29
pixelSizeInCmTemp: 3.3263888888888887e-01
faceCenterPointX: 243
faceCenterPointY: 76
headPositionsX: [ 241, 245, 244, 245, 246, 242, 246, 244, 243, 242, 241,
    246, 243, 245, 243, 244, 245, 242, 243, 244, 243, 245, 243, 241, 240,
    241, 240, 241, 241, 244, 241, 241, 240, 243, 244, 245, 241, 243, 244,
    241, 244, 241, 245, 243, 244, 240, 244, 240, 243, 245, 243, 244, 241,
    244, 240, 240, 242, 245, 244, 240, 244, 243, 245, 247, 252, 253, 253,
    260, 257, 260, 256, 252, 248, 247, 241, 239, 237, 237, 237, 237, 242,
    245, 242, 246, 247, 248, 247, 245, 245, 245, 242, 241, 240, 241, 244,
    244, 241, 244, 240, 246 ]
headPositionsY: [ 78, 75, 74, 73, 76, 76, 75, 75, 72, 77, 74, 75, 77, 78,
    75, 77, 73, 76, 77, 73, 77, 73, 76, 75, 76, 73, 73, 76, 77, 77, 75,
    77, 75, 72, 74, 75, 76, 74, 73, 75, 76, 77, 73, 75, 77, 74, 78, 74,
    75, 73, 78, 75, 76, 75, 77, 75, 75, 74, 77, 77, 78, 73, 75, 77, 77,
    73, 73, 75, 72, 77, 74, 77, 74, 77, 77, 78, 79, 74, 74, 79, 78, 77,
    78, 77, 76, 74, 78, 74, 76, 78, 75, 79, 75, 79, 76, 74, 74, 76, 78,
    78 ]
