%YAML:1.0
---
videoName: "headShake20.mp4"
gestureLabel: 201
fps: 29
pixelSizeInCmTemp: 3.3263888888888887e-01
faceCenterPointX: 242
faceCenterPointY: 78
headPositionsX: [ 242, 245, 242, 243, 242, 242, 243, 243, 244, 242, 240,
    244, 245, 245, 243, 241, 244, 246, 241, 245, 244, 243, 243, 245, 245,
    241, 244, 242, 243, 241, 241, 245, 241, 244, 243, 245, 241, 244, 242,
    243, 249, 253, 255, 258, 262, 258, 257, 253, 251, 243, 238, 235, 229,
    232, 232, 231, 239, 243, 246, 250, 250, 254, 252, 247, 244, 236, 237,
    233, 233, 234, 233, 240, 241, 241, 247, 248, 246, 243, 243, 240, 242,
    242, 241, 241, 243, 239, 243, 242, 244, 244, 242, 243, 243, 242, 244,
    243, 242, 242, 241, 241 ]
headPositionsY: [ 78, 74, 78, 78, 74, 75, 75, 78, 75, 77, 75, 74, 74, 79,
    75, 74, 75, 79, 76, 75, 76, 77, 74, 77, 75, 77, 76, 77, 77, 78, 79,
    74, 76, 75, 74, 75, 75, 74, 79, 76, 77, 77, 77, 76, 73, 74, 75, 75,
    77, 76, 76, 75, 77, 75, 77, 78, 75, 76, 77, 75, 73, 73, 74, 77, 76,
    74, 78, 76, 78, 79, 78, 78, 75, 78, 78, 76, 76, 78, 75, 77, 78, 75,
    76, 78, 78, 77, 77, 77, 79, 79, 75, 76, 75, 78, 75, 77, 75, 79, 75,
    75 ]
