%YAML:1.0
---
videoName: "headLookUp3.mp4"
gestureLabel: 205
fps: 29
pixelSizeInCmTemp: 3.7421874999999999e-01
faceCenterPointX: 254
faceCenterPointY: 68
headPositionsX: [ 256, 254, 255, 255, 254, 254, 257, 255, 255, 255, 255,
    257, 255, 256, 254, 257, 254, 256, 257, 259, 258, 256, 259, 258, 258,
    254, 254, 256, 258, 258, 256, 259, 259, 257, 258, 253, 254, 255, 257,
    254, 255, 254, 256, 256, 254, 256, 258, 253, 256, 255, 256, 255, 253,
    256, 253, 255, 253, 253, 254, 255, 256, 256, 256, 256, 253, 254, 258,
    252, 253, 255, 254, 257, 256, 254, 256, 258, 256, 253, 255, 253, 254,
    254, 256, 253, 256, 253, 257, 256, 258, 255, 258, 254, 258, 258, 252,
    255, 252, 255, 256, 254 ]
headPositionsY: [ 68, 82, 83, 80, 84, 82, 81, 83, 82, 79, 80, 84, 81, 82,
    83, 81, 83, 83, 81, 81, 82, 82, 81, 82, 82, 83, 84, 83, 81, 81, 80,
    81, 81, 80, 84, 81, 80, 82, 80, 80, 82, 75, 78, 76, 74, 71, 73, 72,
    67, 67, 67, 66, 68, 67, 67, 68, 70, 65, 70, 69, 66, 69, 70, 68, 70,
    66, 67, 69, 70, 68, 70, 69, 67, 69, 66, 68, 69, 68, 68, 67, 68, 69,
    67, 66, 65, 66, 66, 66, 65, 67, 65, 65, 70, 68, 69, 66, 68, 67, 69,
    69 ]
