%YAML:1.0
---
videoName: "headNod18.mp4"
gestureLabel: 202
fps: 29
pixelSizeInCmTemp: 3.3263888888888887e-01
faceCenterPointX: 255
faceCenterPointY: 77
headPositionsX: [ 254, 255, 257, 256, 258, 258, 259, 256, 255, 254, 254,
    258, 255, 254, 253, 256, 253, 256, 255, 256, 257, 254, 254, 256, 257,
    257, 257, 253, 257, 255, 256, 253, 256, 256, 255, 256, 257, 255, 254,
    253, 255, 254, 253, 255, 257, 256, 255, 253, 258, 256, 253, 256, 254,
    255, 252, 256, 252, 256, 255, 254, 253, 253, 257, 251, 253, 252, 254,
    253, 252, 252, 254, 254, 254, 255, 254, 253, 255, 253, 254, 252, 253,
    256, 252, 254, 256, 253, 255, 256, 256, 255, 252, 255, 252, 254, 254,
    254, 258, 252, 257, 255 ]
headPositionsY: [ 76, 79, 76, 77, 80, 75, 77, 78, 77, 76, 76, 78, 79, 76,
    78, 77, 80, 79, 80, 80, 79, 77, 75, 80, 79, 77, 81, 80, 79, 76, 81,
    79, 79, 80, 76, 80, 76, 77, 77, 76, 75, 73, 70, 71, 73, 70, 69, 72,
    75, 75, 78, 81, 78, 84, 81, 81, 76, 72, 72, 72, 73, 72, 79, 77, 80,
    85, 81, 79, 77, 76, 76, 74, 78, 78, 82, 85, 82, 78, 77, 78, 75, 74,
    75, 79, 79, 84, 83, 83, 78, 79, 78, 75, 78, 76, 77, 78, 81, 79, 75,
    79 ]
