%YAML:1.0
---
videoName: "headNod37.mp4"
gestureLabel: 202
fps: 29
pixelSizeInCmTemp: 2.9207317073170730e-01
faceCenterPointX: 269
faceCenterPointY: 78
headPositionsX: [ 269, 271, 270, 269, 268, 268, 270, 271, 269, 268, 270,
    272, 273, 270, 271, 268, 267, 271, 271, 267, 268, 268, 267, 268, 268,
    267, 269, 268, 269, 270, 268, 270, 271, 271, 271, 269, 268, 270, 268,
    270, 268, 270, 268, 271, 267, 267, 272, 271, 273, 270, 267, 269, 270,
    270, 268, 268, 272, 268, 269, 271, 267, 268, 266, 268, 266, 265, 268,
    268, 268, 266, 266, 266, 268, 266, 269, 269, 266, 270, 271, 270, 268,
    270, 271, 269, 268, 270, 267, 270, 269, 269, 269, 269, 268, 270, 271,
    270, 267, 270, 269, 271 ]
headPositionsY: [ 80, 78, 77, 75, 74, 75, 76, 73, 74, 76, 72, 74, 75, 76,
    76, 76, 76, 77, 75, 76, 77, 73, 76, 75, 77, 74, 77, 78, 75, 74, 76,
    74, 75, 77, 74, 76, 77, 77, 76, 77, 76, 74, 75, 74, 78, 74, 78, 74,
    75, 77, 74, 72, 70, 69, 69, 68, 64, 66, 66, 66, 72, 71, 81, 82, 85,
    86, 86, 85, 85, 78, 77, 74, 69, 68, 66, 66, 66, 67, 66, 70, 72, 72,
    78, 81, 82, 83, 81, 81, 82, 80, 81, 78, 79, 75, 76, 78, 75, 77, 78,
    80 ]
