%YAML:1.0
---
videoName: "headNod33.mp4"
gestureLabel: 202
fps: 29
pixelSizeInCmTemp: 2.9567901234567900e-01
faceCenterPointX: 268
faceCenterPointY: 74
headPositionsX: [ 268, 267, 267, 269, 269, 267, 271, 268, 270, 269, 270,
    269, 268, 268, 269, 269, 272, 270, 268, 270, 269, 271, 272, 267, 270,
    267, 270, 270, 271, 269, 271, 267, 271, 271, 269, 270, 270, 269, 269,
    272, 269, 267, 272, 269, 269, 269, 270, 270, 268, 269, 267, 267, 269,
    267, 268, 267, 267, 269, 267, 269, 268, 269, 267, 266, 267, 269, 266,
    267, 269, 266, 269, 266, 269, 269, 266, 269, 269, 268, 269, 266, 269,
    269, 269, 268, 268, 265, 270, 267, 268, 265, 270, 269, 267, 269, 268,
    270, 267, 270, 270, 266 ]
headPositionsY: [ 75, 72, 71, 72, 71, 72, 73, 69, 71, 70, 70, 71, 74, 72,
    72, 70, 74, 72, 73, 70, 75, 69, 69, 73, 72, 74, 69, 71, 73, 73, 72,
    73, 75, 76, 74, 77, 79, 76, 73, 72, 69, 66, 64, 65, 67, 64, 73, 75,
    76, 82, 83, 81, 82, 78, 75, 75, 69, 71, 71, 71, 69, 70, 73, 73, 72,
    77, 76, 78, 79, 79, 75, 73, 75, 72, 71, 69, 72, 70, 72, 76, 74, 76,
    77, 76, 78, 78, 78, 74, 77, 74, 74, 76, 76, 74, 73, 76, 75, 75, 75,
    74 ]
