%YAML:1.0
---
videoName: "headShake36.mp4"
gestureLabel: 201
fps: 29
pixelSizeInCmTemp: 3.2364864864864862e-01
faceCenterPointX: 263
faceCenterPointY: 80
headPositionsX: [ 263, 262, 262, 265, 265, 266, 267, 266, 271, 270, 274,
    279, 276, 280, 280, 285, 286, 282, 279, 277, 275, 271, 270, 268, 263,
    257, 258, 251, 250, 248, 246, 247, 248, 247, 249, 247, 247, 247, 248,
    252, 259, 259, 263, 266, 272, 274, 276, 278, 278, 277, 278, 281, 279,
    277, 273, 274, 272, 268, 261, 256, 254, 254, 251, 252, 248, 250, 248,
    250, 252, 251, 253, 258, 260, 261, 265, 263, 266, 265, 267, 267, 266,
    265, 264, 265, 267, 266, 264, 267, 264, 265, 264, 262, 264, 263, 261,
    265, 265, 263, 265, 262 ]
headPositionsY: [ 82, 81, 79, 81, 82, 82, 79, 77, 78, 79, 77, 76, 80, 78,
    76, 78, 76, 76, 79, 81, 79, 81, 79, 81, 82, 80, 81, 79, 82, 78, 82,
    81, 81, 82, 79, 79, 79, 82, 79, 79, 81, 81, 81, 82, 77, 79, 81, 81,
    78, 78, 80, 78, 76, 79, 79, 79, 81, 79, 83, 78, 79, 78, 81, 81, 77,
    79, 80, 80, 80, 78, 82, 79, 82, 79, 80, 80, 82, 79, 81, 80, 80, 82,
    79, 80, 83, 79, 79, 79, 81, 83, 81, 79, 81, 80, 79, 80, 80, 82, 80,
    78 ]
