%YAML:1.0
---
videoName: "headNod10.mp4"
gestureLabel: 202
fps: 29
pixelSizeInCmTemp: 3.2808219178082193e-01
faceCenterPointX: 260
faceCenterPointY: 67
headPositionsX: [ 259, 261, 257, 258, 256, 259, 257, 258, 259, 256, 258,
    257, 261, 259, 260, 258, 258, 256, 259, 257, 259, 260, 257, 258, 257,
    258, 257, 260, 259, 259, 258, 261, 258, 261, 256, 257, 259, 258, 261,
    261, 258, 259, 261, 260, 262, 262, 262, 259, 261, 260, 263, 258, 262,
    261, 258, 260, 258, 257, 260, 261, 262, 258, 259, 262, 260, 261, 258,
    261, 258, 259, 260, 260, 258, 260, 260, 258, 256, 261, 259, 257, 259,
    259, 256, 261, 260, 258, 260, 258, 260, 258, 259, 262, 257, 261, 260,
    262, 260, 259, 260, 262 ]
headPositionsY: [ 68, 72, 71, 68, 68, 70, 68, 69, 69, 71, 70, 71, 68, 71,
    68, 69, 70, 69, 68, 70, 72, 71, 67, 71, 72, 68, 69, 72, 68, 69, 72,
    71, 70, 70, 71, 73, 71, 72, 73, 70, 71, 75, 70, 69, 66, 65, 65, 60,
    64, 61, 64, 65, 68, 71, 76, 73, 74, 72, 69, 67, 67, 62, 64, 67, 65,
    67, 69, 72, 76, 76, 76, 74, 71, 64, 64, 66, 63, 67, 71, 70, 73, 76,
    74, 74, 71, 72, 68, 69, 66, 65, 68, 65, 66, 67, 68, 68, 66, 66, 68,
    66 ]
