%YAML:1.0
---
videoName: "headNod13.mp4"
gestureLabel: 202
fps: 29
pixelSizeInCmTemp: 3.2364864864864862e-01
faceCenterPointX: 253
faceCenterPointY: 79
headPositionsX: [ 253, 252, 254, 252, 250, 251, 255, 253, 254, 253, 252,
    253, 252, 253, 256, 256, 257, 257, 257, 254, 257, 253, 252, 253, 253,
    255, 253, 255, 253, 255, 255, 252, 256, 256, 253, 253, 253, 252, 254,
    251, 253, 251, 253, 252, 254, 253, 254, 255, 252, 252, 251, 252, 254,
    252, 253, 254, 255, 255, 254, 251, 254, 253, 253, 251, 253, 254, 254,
    256, 252, 251, 253, 256, 254, 256, 254, 253, 253, 256, 255, 253, 254,
    255, 257, 252, 254, 256, 256, 255, 252, 257, 257, 253, 255, 256, 253,
    251, 254, 253, 252, 251 ]
headPositionsY: [ 80, 73, 71, 72, 73, 75, 76, 73, 72, 75, 74, 72, 72, 72,
    73, 72, 75, 75, 72, 73, 76, 76, 71, 76, 74, 76, 74, 73, 73, 74, 72,
    73, 74, 74, 75, 72, 75, 72, 73, 75, 75, 72, 74, 73, 72, 74, 76, 75,
    72, 71, 68, 68, 66, 67, 68, 69, 70, 72, 78, 77, 81, 79, 78, 78, 72,
    70, 70, 68, 67, 70, 74, 75, 73, 74, 79, 81, 82, 78, 77, 78, 71, 73,
    73, 71, 74, 77, 75, 79, 81, 81, 81, 78, 82, 81, 76, 78, 81, 80, 81,
    80 ]
