%YAML:1.0
---
videoName: "headNod26.mp4"
gestureLabel: 202
fps: 29
pixelSizeInCmTemp: 3.1513157894736843e-01
faceCenterPointX: 271
faceCenterPointY: 78
headPositionsX: [ 270, 271, 271, 269, 273, 273, 272, 271, 272, 274, 272,
    275, 272, 272, 273, 274, 275, 270, 274, 270, 274, 274, 272, 272, 270,
    271, 272, 272, 270, 272, 272, 272, 271, 272, 271, 273, 270, 272, 269,
    271, 269, 273, 271, 273, 271, 274, 273, 272, 272, 273, 270, 273, 273,
    274, 269, 271, 272, 273, 272, 271, 271, 272, 270, 271, 271, 272, 272,
    273, 272, 271, 270, 272, 272, 270, 273, 269, 270, 268, 272, 269, 272,
    270, 273, 268, 269, 272, 271, 270, 272, 270, 270, 274, 273, 273, 270,
    272, 271, 269, 270, 272 ]
headPositionsY: [ 80, 74, 76, 71, 76, 71, 71, 70, 67, 65, 66, 65, 67, 63,
    67, 66, 72, 71, 71, 77, 79, 81, 83, 84, 82, 80, 77, 74, 74, 69, 71,
    68, 68, 69, 70, 70, 75, 76, 80, 80, 79, 77, 76, 73, 74, 70, 68, 70,
    68, 68, 68, 72, 72, 74, 76, 78, 75, 77, 74, 69, 72, 67, 68, 69, 70,
    71, 70, 72, 71, 71, 72, 76, 75, 76, 74, 73, 70, 72, 67, 68, 70, 67,
    69, 72, 72, 76, 77, 76, 78, 77, 77, 79, 76, 79, 75, 79, 80, 78, 79,
    79 ]
