%YAML:1.0
---
videoName: "headNod39.mp4"
gestureLabel: 202
fps: 29
pixelSizeInCmTemp: 2.9937500000000000e-01
faceCenterPointX: 268
faceCenterPointY: 78
headPositionsX: [ 266, 267, 268, 267, 268, 267, 269, 268, 268, 269, 270,
    270, 270, 271, 271, 268, 271, 271, 271, 269, 268, 268, 268, 267, 268,
    268, 267, 268, 267, 270, 269, 268, 266, 271, 269, 266, 266, 268, 267,
    268, 268, 267, 269, 268, 265, 269, 268, 267, 266, 267, 266, 269, 266,
    269, 265, 267, 268, 265, 268, 265, 264, 268, 268, 268, 268, 266, 269,
    267, 267, 265, 267, 265, 265, 265, 268, 269, 266, 269, 269, 265, 266,
    267, 265, 265, 266, 269, 267, 267, 268, 269, 265, 267, 267, 266, 268,
    267, 269, 266, 266, 264 ]
headPositionsY: [ 77, 75, 76, 78, 76, 75, 78, 78, 78, 74, 77, 78, 77, 74,
    75, 77, 77, 79, 78, 74, 79, 77, 75, 76, 75, 75, 77, 77, 78, 77, 78,
    74, 76, 76, 77, 78, 75, 77, 80, 81, 84, 82, 83, 85, 82, 84, 79, 73,
    74, 74, 74, 76, 74, 73, 79, 85, 90, 93, 90, 90, 86, 79, 78, 73, 73,
    72, 75, 74, 76, 80, 81, 85, 80, 83, 76, 78, 73, 73, 73, 76, 79, 78,
    81, 80, 80, 81, 81, 78, 79, 77, 76, 76, 79, 78, 78, 78, 78, 76, 78,
    78 ]
