%YAML:1.0
---
videoName: "headNod47.mp4"
gestureLabel: 202
fps: 29
pixelSizeInCmTemp: 3.0316455696202532e-01
faceCenterPointX: 266
faceCenterPointY: 70
headPositionsX: [ 264, 266, 268, 268, 269, 266, 264, 267, 264, 265, 267,
    266, 263, 267, 266, 263, 265, 266, 264, 266, 267, 265, 265, 268, 267,
    267, 266, 267, 266, 265, 269, 269, 266, 268, 269, 268, 270, 268, 268,
    266, 266, 266, 269, 267, 268, 266, 266, 267, 266, 266, 268, 265, 264,
    267, 268, 267, 266, 268, 266, 267, 268, 267, 266, 267, 265, 267, 264,
    269, 265, 264, 264, 268, 266, 266, 265, 265, 268, 266, 266, 266, 266,
    264, 264, 266, 268, 266, 264, 266, 266, 266, 265, 265, 267, 266, 265,
    266, 265, 265, 268, 268 ]
headPositionsY: [ 70, 60, 61, 61, 60, 58, 57, 60, 63, 69, 73, 75, 82, 81,
    79, 75, 74, 70, 67, 65, 67, 63, 67, 69, 69, 75, 74, 76, 75, 76, 76,
    71, 70, 67, 67, 69, 70, 73, 72, 77, 78, 81, 77, 80, 77, 73, 69, 71,
    67, 67, 70, 70, 69, 74, 76, 76, 72, 73, 72, 71, 69, 69, 68, 67, 70,
    67, 71, 75, 76, 76, 74, 73, 73, 73, 69, 71, 70, 66, 68, 73, 73, 73,
    75, 73, 73, 69, 72, 69, 69, 70, 68, 69, 71, 68, 71, 70, 69, 73, 69,
    70 ]
