%YAML:1.0
---
videoName: "headLookDown5.mp4"
gestureLabel: 206
fps: 29
pixelSizeInCmTemp: 3.4710144927536229e-01
faceCenterPointX: 272
faceCenterPointY: 102
headPositionsX: [ 271, 274, 269, 274, 270, 273, 271, 271, 270, 273, 269,
    274, 272, 269, 272, 270, 274, 273, 271, 272, 272, 271, 271, 271, 271,
    271, 271, 273, 270, 270, 271, 270, 271, 270, 269, 269, 274, 274, 270,
    272, 273, 270, 273, 273, 271, 270, 273, 273, 272, 269, 270, 272, 270,
    273, 272, 270, 272, 271, 273, 271, 271, 271, 272, 273, 270, 273, 270,
    270, 271, 274, 272, 272, 272, 271, 272, 273, 269, 270, 273, 275, 271,
    273, 268, 271, 271, 272, 271, 270, 271, 272, 272, 271, 275, 271, 272,
    275, 274, 273, 276, 271 ]
headPositionsY: [ 100, 82, 82, 83, 85, 82, 85, 82, 82, 86, 85, 84, 82,
    84, 82, 82, 82, 84, 83, 85, 82, 86, 84, 84, 86, 84, 85, 82, 82, 85,
    85, 84, 84, 81, 84, 83, 83, 85, 85, 82, 84, 82, 85, 84, 83, 85, 88,
    86, 85, 90, 91, 88, 89, 93, 96, 94, 96, 95, 98, 99, 101, 99, 101,
    101, 103, 102, 100, 104, 101, 99, 103, 104, 103, 101, 100, 103, 100,
    103, 101, 102, 104, 105, 101, 101, 102, 104, 102, 101, 104, 103, 104,
    102, 103, 102, 100, 102, 101, 104, 103, 102 ]
