%YAML:1.0
---
videoName: "headNod13.mp4"
gestureLabel: 202
fps: 29
pixelSizeInCmTemp: 3.2364864864864862e-01
faceCenterPointX: 253
faceCenterPointY: 79
headPositionsX: [ 252, 252, 252, 251, 254, 252, 251, 255, 255, 252, 253,
    255, 254, 254, 255, 253, 255, 254, 254, 253, 255, 254, 256, 252, 254,
    256, 254, 255, 253, 253, 253, 253, 255, 253, 254, 255, 252, 251, 250,
    252, 255, 253, 251, 255, 253, 251, 250, 253, 252, 252, 253, 253, 255,
    255, 255, 252, 255, 252, 252, 252, 253, 253, 255, 253, 252, 254, 255,
    254, 256, 251, 253, 253, 252, 254, 253, 253, 255, 256, 252, 254, 254,
    257, 255, 253, 253, 254, 254, 256, 256, 256, 254, 255, 254, 252, 251,
    252, 253, 253, 254, 254 ]
headPositionsY: [ 79, 75, 74, 75, 74, 75, 72, 74, 73, 74, 75, 73, 72, 71,
    77, 72, 75, 74, 72, 73, 76, 75, 71, 72, 76, 75, 72, 75, 73, 75, 75,
    75, 75, 73, 75, 74, 74, 72, 75, 73, 75, 75, 72, 73, 73, 74, 76, 72,
    75, 73, 72, 71, 70, 67, 70, 71, 73, 74, 77, 75, 79, 80, 75, 76, 72,
    73, 68, 68, 69, 67, 73, 72, 73, 78, 79, 78, 78, 80, 79, 77, 75, 72,
    74, 70, 72, 76, 78, 80, 81, 78, 82, 78, 79, 80, 79, 78, 78, 77, 77,
    76 ]
