%YAML:1.0
---
videoName: "headShake44.mp4"
gestureLabel: 201
fps: 30
pixelSizeInCmTemp: 3.2808219178082193e-01
faceCenterPointX: 260
faceCenterPointY: 84
headPositionsX: [ 259, 264, 259, 259, 259, 263, 262, 261, 260, 261, 261,
    260, 259, 261, 260, 260, 262, 261, 260, 263, 261, 261, 260, 259, 262,
    259, 263, 263, 259, 260, 258, 263, 262, 260, 262, 260, 261, 262, 263,
    262, 264, 269, 270, 274, 273, 276, 273, 268, 261, 256, 251, 253, 249,
    252, 255, 262, 264, 268, 271, 270, 266, 264, 259, 256, 252, 254, 260,
    263, 270, 271, 269, 269, 264, 261, 256, 252, 253, 254, 255, 256, 255,
    260, 259, 263, 261, 263, 263, 263, 261, 261, 263, 260, 260, 264, 258,
    261, 258, 263, 261, 259 ]
headPositionsY: [ 84, 84, 82, 80, 83, 83, 81, 82, 83, 84, 81, 84, 82, 80,
    85, 82, 83, 84, 85, 80, 81, 84, 83, 80, 83, 84, 85, 84, 82, 83, 83,
    82, 85, 81, 84, 82, 85, 83, 83, 83, 81, 83, 82, 80, 82, 80, 84, 87,
    84, 82, 86, 82, 86, 83, 86, 84, 85, 84, 86, 87, 87, 83, 84, 83, 84,
    83, 86, 84, 82, 82, 84, 82, 82, 82, 84, 82, 84, 83, 84, 83, 83, 84,
    84, 83, 82, 82, 83, 83, 86, 82, 82, 84, 87, 84, 83, 87, 84, 85, 86,
    87 ]
