%YAML:1.0
---
videoName: "headNod2.mp4"
gestureLabel: 202
fps: 29
pixelSizeInCmTemp: 3.2364864864864862e-01
faceCenterPointX: 263
faceCenterPointY: 70
headPositionsX: [ 261, 261, 263, 262, 261, 264, 264, 265, 261, 265, 264,
    263, 266, 265, 266, 262, 266, 266, 266, 265, 265, 262, 264, 265, 264,
    263, 262, 261, 261, 264, 262, 264, 261, 264, 261, 263, 260, 261, 262,
    259, 263, 263, 263, 261, 262, 263, 261, 262, 260, 261, 263, 261, 261,
    264, 260, 263, 262, 260, 262, 263, 263, 262, 263, 263, 262, 264, 262,
    262, 261, 262, 262, 260, 263, 264, 260, 265, 263, 264, 265, 261, 264,
    263, 265, 264, 264, 262, 263, 261, 262, 264, 262, 261, 261, 261, 265,
    264, 262, 262, 264, 266 ]
headPositionsY: [ 68, 76, 77, 74, 75, 74, 75, 78, 76, 76, 77, 75, 76, 74,
    73, 75, 73, 76, 76, 73, 73, 75, 73, 76, 72, 75, 73, 72, 73, 76, 72,
    74, 74, 72, 75, 76, 76, 74, 74, 74, 75, 76, 75, 73, 73, 74, 73, 74,
    71, 72, 70, 68, 70, 70, 76, 77, 79, 78, 75, 71, 70, 74, 73, 73, 75,
    77, 74, 72, 70, 72, 70, 73, 74, 75, 76, 74, 73, 70, 70, 71, 72, 72,
    73, 76, 77, 72, 73, 70, 69, 71, 70, 71, 69, 73, 73, 73, 72, 70, 70,
    70 ]
