%YAML:1.0
---
videoName: "headLookRight3.mp4"
gestureLabel: 204
fps: 29
pixelSizeInCmTemp: 3.5746268656716418e-01
faceCenterPointX: 232
faceCenterPointY: 71
headPositionsX: [ 230, 251, 252, 252, 252, 253, 253, 256, 254, 252, 252,
    253, 253, 255, 255, 254, 252, 254, 255, 256, 252, 256, 252, 255, 253,
    253, 252, 253, 255, 252, 255, 253, 255, 256, 252, 254, 253, 255, 254,
    252, 250, 248, 246, 246, 241, 240, 240, 237, 235, 235, 233, 233, 234,
    230, 231, 236, 235, 235, 233, 235, 230, 230, 233, 231, 232, 231, 233,
    234, 234, 229, 231, 235, 231, 235, 231, 231, 232, 231, 233, 229, 236,
    230, 233, 231, 233, 235, 232, 233, 234, 234, 235, 230, 230, 231, 234,
    234, 231, 234, 238, 230 ]
headPositionsY: [ 72, 70, 68, 68, 70, 69, 70, 72, 67, 70, 70, 69, 68, 68,
    70, 70, 69, 72, 70, 71, 72, 73, 72, 73, 74, 70, 74, 71, 73, 73, 70,
    72, 73, 71, 72, 69, 73, 69, 72, 73, 71, 72, 73, 68, 69, 71, 70, 71,
    73, 70, 74, 72, 70, 72, 72, 73, 71, 74, 70, 74, 74, 70, 74, 70, 73,
    74, 72, 70, 71, 73, 72, 73, 73, 71, 70, 72, 70, 69, 70, 72, 70, 73,
    73, 70, 71, 71, 72, 72, 70, 71, 73, 71, 73, 71, 70, 71, 69, 70, 74,
    73 ]
