%YAML:1.0
---
videoName: "headShake27.mp4"
gestureLabel: 201
fps: 29
pixelSizeInCmTemp: 3.3263888888888887e-01
faceCenterPointX: 244
faceCenterPointY: 78
headPositionsX: [ 244, 246, 245, 247, 249, 250, 252, 255, 255, 255, 254,
    256, 253, 256, 251, 251, 247, 246, 243, 240, 241, 240, 238, 234, 236,
    233, 234, 232, 229, 231, 234, 234, 232, 233, 237, 242, 240, 243, 247,
    247, 247, 249, 248, 251, 252, 249, 252, 249, 250, 246, 248, 242, 240,
    241, 235, 237, 233, 233, 235, 231, 234, 235, 236, 235, 237, 237, 234,
    239, 241, 241, 244, 245, 246, 247, 249, 246, 248, 250, 246, 247, 247,
    246, 247, 247, 244, 248, 246, 246, 247, 246, 245, 243, 245, 245, 243,
    242, 245, 242, 247, 243 ]
headPositionsY: [ 79, 76, 79, 79, 77, 75, 75, 76, 78, 74, 74, 75, 77, 75,
    79, 80, 80, 77, 80, 79, 77, 77, 76, 81, 77, 77, 80, 77, 76, 76, 81,
    77, 80, 79, 80, 77, 81, 78, 79, 78, 79, 78, 80, 80, 82, 79, 80, 79,
    81, 77, 79, 78, 80, 81, 77, 80, 79, 78, 80, 79, 77, 77, 80, 79, 78,
    79, 77, 78, 78, 78, 81, 82, 79, 80, 78, 78, 79, 80, 77, 78, 77, 81,
    81, 78, 81, 79, 82, 78, 80, 80, 80, 81, 79, 78, 78, 77, 78, 79, 77,
    82 ]
