%YAML:1.0
---
videoName: "headNod39.mp4"
gestureLabel: 202
fps: 29
pixelSizeInCmTemp: 2.9937500000000000e-01
faceCenterPointX: 268
faceCenterPointY: 78
headPositionsX: [ 270, 267, 266, 268, 266, 267, 267, 269, 268, 270, 269,
    266, 268, 268, 269, 269, 270, 271, 267, 271, 269, 267, 267, 268, 271,
    271, 271, 267, 268, 271, 267, 268, 270, 267, 268, 267, 269, 270, 268,
    271, 269, 267, 269, 269, 266, 268, 266, 269, 268, 267, 265, 265, 268,
    268, 269, 266, 265, 268, 265, 265, 266, 265, 268, 266, 266, 266, 267,
    267, 267, 265, 268, 269, 268, 267, 265, 267, 265, 266, 265, 265, 269,
    267, 267, 268, 267, 268, 269, 265, 269, 268, 267, 268, 270, 267, 267,
    266, 265, 266, 267, 268 ]
headPositionsY: [ 76, 76, 77, 77, 75, 79, 77, 77, 76, 76, 77, 74, 74, 74,
    75, 77, 74, 76, 77, 74, 75, 75, 78, 76, 74, 74, 79, 75, 74, 78, 76,
    78, 74, 75, 74, 77, 78, 80, 79, 79, 84, 81, 85, 85, 85, 83, 77, 74,
    77, 77, 75, 75, 73, 76, 78, 83, 88, 92, 93, 90, 87, 83, 78, 73, 72,
    71, 74, 76, 78, 82, 80, 84, 83, 81, 77, 75, 73, 74, 73, 74, 75, 77,
    77, 80, 78, 79, 81, 78, 78, 80, 77, 80, 78, 77, 80, 79, 80, 79, 78,
    80 ]
