%YAML:1.0
---
videoName: "headLookRight1.mp4"
gestureLabel: 204
fps: 29
pixelSizeInCmTemp: 3.3263888888888887e-01
faceCenterPointX: 232
faceCenterPointY: 68
headPositionsX: [ 233, 256, 255, 258, 254, 255, 256, 256, 258, 258, 256,
    257, 255, 259, 257, 253, 258, 253, 255, 257, 255, 254, 254, 255, 255,
    256, 253, 253, 255, 253, 256, 252, 249, 248, 244, 243, 243, 240, 239,
    233, 234, 232, 232, 233, 232, 234, 229, 225, 230, 232, 230, 232, 230,
    231, 230, 233, 230, 234, 233, 233, 234, 233, 233, 234, 235, 233, 232,
    235, 230, 231, 230, 233, 233, 235, 235, 234, 230, 231, 232, 231, 233,
    232, 231, 231, 230, 229, 232, 232, 230, 231, 232, 229, 231, 232, 231,
    232, 235, 233, 231, 233 ]
headPositionsY: [ 69, 66, 67, 66, 67, 68, 70, 68, 68, 69, 68, 68, 67, 66,
    67, 69, 69, 67, 69, 68, 70, 70, 68, 68, 66, 68, 67, 68, 68, 67, 68,
    69, 69, 67, 70, 69, 69, 68, 67, 67, 69, 66, 66, 70, 65, 66, 69, 68,
    66, 67, 69, 70, 69, 69, 69, 69, 71, 69, 68, 68, 70, 65, 68, 66, 69,
    70, 66, 68, 69, 66, 68, 66, 66, 71, 69, 67, 69, 66, 68, 68, 67, 67,
    71, 67, 66, 69, 68, 68, 69, 70, 67, 69, 68, 66, 67, 67, 66, 68, 70,
    67 ]
