%YAML:1.0
---
videoName: "headShake8.mp4"
gestureLabel: 201
fps: 29
pixelSizeInCmTemp: 3.2364864864864862e-01
faceCenterPointX: 243
faceCenterPointY: 72
headPositionsX: [ 245, 245, 242, 243, 245, 245, 246, 244, 242, 246, 241,
    244, 245, 244, 246, 242, 242, 244, 243, 242, 245, 246, 241, 246, 241,
    246, 245, 242, 243, 245, 241, 242, 241, 243, 245, 247, 253, 254, 262,
    265, 264, 264, 262, 262, 256, 250, 247, 240, 234, 235, 229, 229, 231,
    240, 242, 251, 255, 258, 258, 261, 256, 253, 253, 247, 241, 239, 235,
    233, 237, 235, 233, 237, 240, 242, 245, 245, 246, 246, 250, 250, 248,
    248, 251, 248, 250, 249, 249, 248, 244, 244, 245, 246, 244, 242, 245,
    242, 241, 243, 242, 245 ]
headPositionsY: [ 73, 73, 72, 71, 70, 70, 72, 71, 69, 73, 71, 72, 71, 74,
    70, 73, 73, 71, 70, 72, 72, 74, 72, 74, 70, 70, 71, 70, 73, 72, 70,
    72, 72, 74, 74, 72, 70, 69, 70, 72, 71, 71, 69, 72, 72, 73, 72, 69,
    70, 70, 70, 69, 69, 70, 70, 70, 70, 68, 69, 72, 70, 68, 70, 72, 73,
    73, 74, 69, 70, 72, 71, 72, 74, 70, 70, 72, 75, 72, 69, 70, 71, 71,
    72, 72, 71, 71, 72, 73, 73, 69, 72, 73, 69, 70, 71, 71, 74, 70, 74,
    73 ]
