%YAML:1.0
---
videoName: "headNod15.mp4"
gestureLabel: 202
fps: 29
pixelSizeInCmTemp: 3.1933333333333330e-01
faceCenterPointX: 255
faceCenterPointY: 74
headPositionsX: [ 255, 255, 256, 257, 259, 258, 259, 258, 255, 256, 254,
    256, 256, 255, 256, 256, 255, 258, 254, 255, 256, 256, 257, 258, 255,
    256, 257, 255, 253, 256, 257, 254, 255, 256, 257, 258, 253, 254, 258,
    256, 255, 253, 254, 255, 254, 255, 255, 256, 255, 256, 257, 254, 255,
    256, 256, 254, 253, 254, 255, 255, 255, 254, 256, 256, 253, 257, 255,
    258, 254, 257, 253, 256, 256, 254, 253, 254, 251, 253, 255, 253, 254,
    252, 252, 252, 254, 253, 255, 256, 253, 256, 256, 256, 252, 253, 252,
    255, 252, 252, 252, 252 ]
headPositionsY: [ 76, 74, 73, 73, 73, 75, 71, 75, 75, 72, 71, 75, 74, 73,
    72, 75, 75, 72, 71, 72, 74, 72, 74, 73, 76, 74, 73, 75, 72, 71, 73,
    75, 73, 71, 72, 74, 77, 80, 78, 80, 80, 83, 77, 76, 75, 71, 71, 70,
    70, 75, 75, 82, 82, 84, 79, 77, 74, 70, 73, 70, 70, 72, 74, 80, 82,
    81, 83, 79, 79, 75, 71, 73, 72, 72, 73, 74, 78, 78, 77, 74, 76, 69,
    70, 72, 69, 68, 71, 71, 73, 76, 74, 76, 74, 71, 72, 71, 75, 71, 74,
    74 ]
