%YAML:1.0
---
videoName: "headNod41.mp4"
gestureLabel: 202
fps: 29
pixelSizeInCmTemp: 2.9937500000000000e-01
faceCenterPointX: 267
faceCenterPointY: 76
headPositionsX: [ 268, 267, 271, 269, 269, 271, 272, 271, 268, 272, 270,
    269, 269, 268, 271, 272, 272, 272, 272, 271, 272, 269, 272, 269, 268,
    269, 269, 268, 269, 268, 268, 272, 272, 271, 271, 268, 268, 270, 269,
    267, 268, 269, 269, 270, 269, 267, 270, 266, 270, 267, 267, 271, 269,
    271, 270, 269, 269, 267, 267, 268, 270, 270, 269, 271, 268, 269, 269,
    267, 270, 270, 267, 268, 268, 268, 266, 265, 269, 267, 265, 267, 269,
    266, 267, 269, 268, 267, 266, 265, 266, 268, 268, 267, 266, 266, 267,
    265, 270, 265, 268, 266 ]
headPositionsY: [ 76, 71, 71, 74, 72, 73, 74, 71, 73, 75, 72, 72, 73, 74,
    73, 72, 75, 75, 75, 74, 75, 74, 75, 73, 74, 76, 75, 75, 75, 76, 73,
    73, 74, 72, 72, 73, 74, 75, 74, 77, 80, 82, 86, 90, 94, 91, 92, 85,
    83, 79, 76, 70, 72, 66, 65, 68, 66, 70, 72, 77, 81, 84, 92, 95, 92,
    90, 85, 81, 76, 76, 72, 72, 69, 70, 70, 75, 78, 82, 84, 84, 83, 77,
    78, 74, 76, 73, 72, 75, 75, 72, 76, 81, 80, 81, 78, 78, 76, 79, 77,
    75 ]
