%YAML:1.0
---
videoName: "headLookUp7.mp4"
gestureLabel: 205
fps: 29
pixelSizeInCmTemp: 3.6846153846153845e-01
faceCenterPointX: 257
faceCenterPointY: 70
headPositionsX: [ 257, 259, 259, 255, 257, 256, 258, 256, 255, 255, 259,
    257, 258, 257, 257, 255, 258, 255, 259, 258, 256, 256, 257, 257, 257,
    256, 257, 255, 257, 254, 257, 259, 259, 253, 256, 256, 257, 255, 255,
    255, 257, 258, 255, 258, 254, 253, 256, 258, 255, 257, 253, 255, 257,
    257, 254, 259, 256, 255, 257, 257, 255, 256, 254, 259, 257, 255, 255,
    258, 255, 258, 256, 254, 255, 255, 259, 259, 256, 257, 258, 258, 255,
    258, 257, 256, 254, 257, 258, 255, 258, 258, 258, 254, 257, 259, 259,
    255, 259, 254, 257, 259 ]
headPositionsY: [ 71, 81, 85, 84, 85, 85, 82, 85, 81, 81, 85, 80, 84, 85,
    81, 83, 80, 83, 79, 80, 78, 80, 76, 78, 75, 74, 73, 72, 73, 68, 68,
    70, 68, 69, 68, 69, 68, 71, 69, 66, 70, 67, 66, 65, 69, 71, 69, 67,
    66, 68, 66, 67, 69, 66, 68, 71, 68, 68, 66, 67, 70, 68, 68, 69, 67,
    67, 68, 68, 68, 70, 68, 67, 70, 69, 70, 71, 70, 72, 67, 70, 70, 71,
    69, 69, 70, 70, 70, 70, 69, 72, 67, 70, 70, 70, 70, 72, 68, 68, 70,
    67 ]
