%YAML:1.0
---
videoName: "headNod28.mp4"
gestureLabel: 202
fps: 30
pixelSizeInCmTemp: 3.2364864864864862e-01
faceCenterPointX: 270
faceCenterPointY: 76
headPositionsX: [ 270, 269, 271, 273, 273, 271, 271, 269, 271, 270, 271,
    272, 270, 268, 272, 270, 271, 272, 270, 267, 273, 268, 268, 270, 268,
    271, 272, 268, 272, 268, 271, 271, 270, 270, 271, 271, 273, 271, 272,
    270, 272, 273, 271, 272, 269, 268, 267, 270, 271, 268, 267, 270, 271,
    269, 272, 270, 271, 271, 271, 268, 271, 270, 273, 269, 272, 271, 269,
    272, 271, 271, 269, 272, 270, 270, 273, 273, 272, 273, 269, 273, 272,
    270, 272, 272, 273, 268, 270, 271, 270, 270, 269, 273, 273, 272, 274,
    270, 268, 269, 272, 272 ]
headPositionsY: [ 78, 76, 76, 75, 75, 75, 75, 75, 76, 75, 75, 74, 74, 74,
    75, 74, 75, 75, 73, 73, 77, 73, 73, 74, 75, 76, 72, 77, 76, 77, 76,
    77, 73, 76, 75, 73, 77, 73, 76, 75, 73, 78, 80, 79, 79, 84, 82, 80,
    77, 78, 72, 73, 71, 73, 71, 70, 74, 75, 74, 79, 82, 79, 82, 81, 79,
    75, 73, 73, 71, 71, 72, 75, 76, 80, 78, 80, 79, 76, 74, 71, 74, 75,
    72, 74, 73, 77, 80, 76, 76, 78, 74, 73, 75, 77, 73, 79, 76, 79, 75,
    74 ]
