%YAML:1.0
---
videoName: "headShake6.mp4"
gestureLabel: 201
fps: 29
pixelSizeInCmTemp: 3.2808219178082193e-01
faceCenterPointX: 244
faceCenterPointY: 68
headPositionsX: [ 244, 243, 244, 244, 247, 244, 244, 244, 247, 246, 247,
    244, 244, 247, 245, 244, 243, 246, 243, 243, 248, 246, 246, 242, 244,
    244, 245, 247, 248, 252, 254, 258, 263, 264, 261, 258, 260, 252, 248,
    244, 237, 232, 228, 232, 231, 237, 241, 249, 254, 257, 260, 257, 257,
    255, 248, 241, 240, 236, 232, 230, 231, 236, 236, 242, 245, 246, 251,
    251, 251, 249, 248, 242, 242, 242, 237, 241, 239, 241, 241, 238, 239,
    242, 242, 241, 244, 245, 246, 242, 243, 244, 243, 245, 246, 245, 243,
    246, 246, 242, 245, 244 ]
headPositionsY: [ 69, 66, 65, 68, 65, 65, 66, 65, 66, 64, 66, 65, 64, 64,
    68, 63, 67, 69, 65, 67, 65, 64, 70, 65, 69, 67, 68, 65, 67, 65, 66,
    67, 64, 64, 65, 65, 67, 66, 66, 66, 70, 68, 70, 69, 69, 68, 66, 71,
    65, 65, 67, 65, 68, 68, 67, 67, 68, 69, 66, 67, 66, 68, 70, 70, 70,
    66, 66, 66, 65, 66, 68, 68, 67, 67, 67, 69, 65, 68, 69, 67, 67, 70,
    68, 69, 66, 69, 70, 68, 68, 70, 66, 71, 66, 68, 70, 66, 68, 70, 67,
    66 ]
