%YAML:1.0
---
videoName: "headShake41.mp4"
gestureLabel: 201
fps: 29
pixelSizeInCmTemp: 3.2364864864864862e-01
faceCenterPointX: 264
faceCenterPointY: 85
headPositionsX: [ 265, 261, 261, 263, 262, 261, 260, 259, 260, 263, 262,
    261, 262, 259, 259, 263, 261, 262, 263, 260, 262, 263, 265, 266, 267,
    270, 273, 274, 272, 278, 277, 278, 282, 284, 279, 282, 280, 279, 278,
    276, 274, 270, 264, 263, 255, 253, 250, 251, 245, 244, 242, 246, 245,
    245, 246, 251, 249, 255, 259, 261, 264, 268, 268, 272, 273, 279, 277,
    280, 277, 275, 278, 274, 276, 271, 270, 270, 269, 266, 265, 264, 264,
    265, 265, 264, 265, 265, 263, 264, 262, 263, 260, 265, 260, 262, 264,
    260, 265, 262, 262, 265 ]
headPositionsY: [ 85, 81, 85, 82, 85, 83, 84, 81, 85, 81, 86, 83, 83, 82,
    85, 83, 86, 86, 83, 85, 82, 86, 84, 86, 84, 85, 81, 80, 79, 81, 82,
    80, 81, 80, 80, 80, 81, 84, 85, 83, 82, 81, 83, 86, 85, 84, 82, 86,
    83, 81, 83, 82, 83, 85, 83, 83, 85, 84, 84, 84, 86, 85, 82, 86, 83,
    84, 86, 86, 85, 84, 86, 86, 86, 84, 87, 84, 84, 85, 84, 85, 86, 81,
    86, 82, 82, 84, 85, 84, 84, 85, 83, 84, 83, 83, 82, 83, 85, 82, 84,
    84 ]
