%YAML:1.0
---
videoName: "headNod8.mp4"
gestureLabel: 202
fps: 29
pixelSizeInCmTemp: 3.1933333333333330e-01
faceCenterPointX: 262
faceCenterPointY: 74
headPositionsX: [ 261, 262, 263, 259, 262, 263, 263, 262, 260, 259, 261,
    262, 260, 259, 261, 263, 263, 259, 259, 259, 262, 264, 260, 262, 261,
    259, 262, 260, 260, 262, 260, 262, 264, 263, 260, 261, 260, 263, 261,
    261, 262, 263, 262, 264, 263, 260, 263, 261, 260, 261, 260, 260, 260,
    263, 261, 259, 260, 260, 261, 261, 262, 259, 262, 260, 259, 260, 263,
    259, 263, 262, 261, 259, 261, 262, 261, 258, 262, 261, 262, 262, 259,
    262, 262, 263, 261, 260, 262, 260, 263, 264, 261, 261, 261, 263, 260,
    266, 264, 262, 260, 265 ]
headPositionsY: [ 72, 77, 78, 78, 74, 75, 79, 77, 77, 77, 76, 78, 74, 76,
    76, 75, 79, 74, 74, 76, 78, 75, 75, 78, 76, 73, 76, 78, 79, 74, 74,
    75, 76, 78, 74, 77, 76, 78, 76, 73, 74, 73, 70, 66, 70, 69, 66, 71,
    70, 76, 79, 78, 81, 81, 81, 79, 77, 76, 72, 68, 69, 71, 73, 76, 75,
    81, 82, 86, 81, 82, 76, 74, 72, 70, 70, 74, 73, 74, 79, 81, 85, 83,
    79, 80, 77, 72, 71, 71, 74, 73, 75, 75, 74, 76, 76, 78, 77, 78, 75,
    75 ]
