%YAML:1.0
---
videoName: "headShake29.mp4"
gestureLabel: 201
fps: 29
pixelSizeInCmTemp: 3.3263888888888887e-01
faceCenterPointX: 243
faceCenterPointY: 76
headPositionsX: [ 245, 242, 242, 244, 241, 240, 243, 243, 241, 240, 240,
    244, 242, 243, 241, 241, 241, 241, 243, 244, 242, 242, 242, 239, 238,
    240, 239, 236, 237, 238, 244, 244, 251, 252, 254, 255, 253, 253, 250,
    243, 236, 233, 229, 226, 227, 231, 231, 238, 242, 246, 248, 253, 251,
    249, 250, 246, 241, 239, 234, 232, 228, 229, 231, 234, 239, 241, 248,
    252, 249, 252, 249, 251, 250, 246, 244, 239, 238, 237, 233, 234, 234,
    234, 235, 237, 236, 240, 240, 242, 242, 244, 241, 245, 242, 245, 242,
    246, 242, 241, 244, 245 ]
headPositionsY: [ 74, 78, 74, 75, 77, 74, 77, 75, 76, 77, 75, 78, 77, 75,
    75, 77, 78, 74, 76, 78, 77, 75, 74, 76, 76, 76, 74, 74, 74, 77, 75,
    77, 77, 77, 76, 77, 73, 74, 73, 78, 79, 77, 74, 77, 76, 76, 74, 74,
    75, 76, 77, 74, 76, 78, 77, 76, 76, 74, 77, 75, 78, 77, 76, 76, 76,
    75, 76, 74, 73, 76, 73, 74, 77, 74, 77, 78, 77, 75, 76, 74, 76, 78,
    77, 74, 75, 77, 78, 75, 77, 76, 75, 79, 78, 78, 77, 75, 75, 74, 75,
    79 ]
