%YAML:1.0
---
videoName: "headNod20.mp4"
gestureLabel: 202
fps: 30
pixelSizeInCmTemp: 3.2808219178082193e-01
faceCenterPointX: 253
faceCenterPointY: 80
headPositionsX: [ 255, 257, 255, 254, 255, 256, 257, 258, 258, 258, 253,
    257, 254, 256, 254, 257, 254, 256, 253, 257, 256, 257, 258, 257, 256,
    253, 256, 253, 257, 257, 257, 255, 255, 257, 255, 254, 253, 256, 253,
    256, 256, 251, 255, 254, 253, 253, 253, 250, 253, 254, 255, 251, 252,
    253, 249, 249, 250, 253, 249, 253, 251, 254, 250, 250, 254, 254, 255,
    253, 252, 254, 251, 254, 255, 251, 255, 254, 251, 253, 252, 252, 254,
    253, 252, 252, 252, 253, 252, 251, 252, 252, 252, 255, 251, 251, 255,
    254, 252, 251, 253, 255 ]
headPositionsY: [ 78, 76, 75, 80, 77, 78, 80, 78, 76, 78, 76, 77, 80, 78,
    78, 75, 77, 77, 78, 76, 79, 79, 80, 77, 77, 77, 79, 81, 79, 80, 83,
    83, 85, 88, 88, 81, 78, 75, 74, 73, 72, 69, 74, 75, 78, 82, 82, 88,
    89, 90, 85, 82, 80, 77, 79, 77, 77, 78, 80, 83, 82, 82, 82, 79, 76,
    78, 79, 82, 79, 81, 82, 81, 80, 78, 78, 81, 79, 79, 84, 81, 82, 81,
    81, 81, 80, 81, 79, 81, 79, 79, 81, 80, 80, 78, 80, 82, 82, 80, 80,
    80 ]
