%YAML:1.0
---
videoName: "headShake12.mp4"
gestureLabel: 201
fps: 29
pixelSizeInCmTemp: 3.2808219178082193e-01
faceCenterPointX: 241
faceCenterPointY: 76
headPositionsX: [ 239, 242, 242, 243, 242, 240, 243, 241, 243, 240, 241,
    244, 241, 243, 242, 240, 242, 242, 243, 244, 243, 241, 244, 242, 241,
    244, 241, 243, 242, 240, 241, 244, 244, 243, 242, 242, 243, 239, 243,
    239, 242, 239, 240, 243, 244, 241, 242, 243, 241, 241, 243, 240, 240,
    244, 243, 239, 242, 240, 243, 246, 246, 252, 254, 256, 259, 261, 255,
    254, 249, 243, 238, 232, 231, 231, 235, 241, 248, 249, 251, 254, 253,
    252, 249, 244, 240, 241, 234, 237, 234, 237, 237, 238, 239, 238, 242,
    240, 238, 240, 241, 240 ]
headPositionsY: [ 76, 74, 73, 72, 76, 74, 75, 75, 76, 71, 73, 72, 76, 73,
    74, 74, 75, 72, 73, 76, 72, 73, 77, 76, 71, 75, 74, 73, 72, 71, 76,
    74, 74, 75, 74, 75, 75, 74, 72, 72, 72, 76, 72, 72, 76, 75, 72, 74,
    75, 76, 75, 75, 75, 73, 76, 75, 75, 75, 72, 71, 74, 76, 73, 75, 73,
    75, 72, 72, 78, 76, 74, 74, 77, 75, 76, 75, 75, 74, 77, 75, 74, 73,
    77, 78, 75, 74, 73, 77, 74, 76, 76, 74, 77, 76, 76, 75, 74, 75, 76,
    77 ]
