%YAML:1.0
---
videoName: "headNod10.mp4"
gestureLabel: 202
fps: 29
pixelSizeInCmTemp: 3.2808219178082193e-01
faceCenterPointX: 260
faceCenterPointY: 67
headPositionsX: [ 262, 257, 257, 259, 256, 259, 256, 260, 259, 260, 256,
    259, 260, 256, 259, 259, 257, 260, 260, 260, 258, 258, 257, 258, 260,
    258, 259, 260, 259, 256, 259, 259, 259, 259, 259, 260, 259, 260, 257,
    261, 257, 259, 258, 261, 260, 260, 258, 259, 263, 262, 259, 260, 261,
    258, 259, 258, 259, 261, 258, 259, 259, 262, 262, 260, 260, 259, 262,
    258, 259, 261, 259, 260, 257, 257, 257, 258, 257, 260, 258, 261, 260,
    261, 256, 261, 260, 260, 258, 258, 259, 258, 261, 258, 260, 260, 262,
    262, 260, 262, 258, 262 ]
headPositionsY: [ 69, 73, 69, 69, 72, 69, 72, 71, 69, 68, 69, 72, 69, 70,
    72, 69, 72, 69, 70, 70, 72, 69, 71, 68, 72, 68, 69, 70, 68, 72, 71,
    68, 73, 72, 70, 71, 73, 68, 71, 73, 71, 71, 70, 71, 70, 65, 65, 61,
    61, 63, 64, 66, 67, 74, 72, 75, 73, 73, 69, 66, 63, 66, 62, 65, 64,
    71, 69, 73, 78, 78, 74, 73, 72, 64, 63, 65, 65, 65, 68, 73, 74, 75,
    74, 72, 70, 69, 70, 67, 67, 67, 66, 64, 66, 64, 68, 64, 65, 69, 67,
    67 ]
