%YAML:1.0
---
videoName: "headLookUp6.mp4"
gestureLabel: 205
fps: 30
pixelSizeInCmTemp: 3.7421874999999999e-01
faceCenterPointX: 255
faceCenterPointY: 70
headPositionsX: [ 254, 257, 254, 257, 254, 258, 255, 254, 256, 253, 258,
    257, 255, 257, 258, 257, 257, 254, 255, 254, 252, 255, 254, 257, 255,
    257, 254, 256, 257, 257, 254, 258, 258, 253, 254, 256, 254, 256, 257,
    253, 252, 256, 255, 254, 254, 258, 254, 254, 257, 255, 253, 253, 255,
    254, 252, 257, 256, 257, 254, 254, 254, 257, 252, 255, 253, 255, 257,
    256, 255, 254, 252, 254, 255, 252, 254, 255, 253, 253, 256, 255, 257,
    254, 256, 253, 253, 254, 256, 252, 257, 253, 256, 253, 256, 253, 256,
    253, 252, 256, 255, 255 ]
headPositionsY: [ 69, 83, 81, 83, 83, 83, 81, 85, 84, 83, 82, 85, 84, 82,
    83, 81, 84, 82, 85, 81, 81, 81, 82, 80, 82, 82, 81, 77, 74, 75, 72,
    73, 73, 70, 69, 72, 69, 67, 70, 72, 69, 71, 67, 68, 70, 71, 67, 68,
    71, 67, 68, 68, 69, 70, 69, 70, 67, 71, 71, 68, 67, 67, 66, 69, 68,
    68, 72, 66, 69, 68, 67, 69, 71, 69, 71, 69, 71, 68, 70, 70, 72, 68,
    70, 71, 70, 69, 71, 68, 72, 70, 68, 72, 71, 70, 69, 70, 69, 67, 70,
    66 ]
