%YAML:1.0
---
videoName: "headNod9.mp4"
gestureLabel: 202
fps: 29
pixelSizeInCmTemp: 3.1513157894736843e-01
faceCenterPointX: 261
faceCenterPointY: 75
headPositionsX: [ 262, 262, 262, 262, 261, 262, 258, 261, 261, 261, 260,
    261, 261, 260, 259, 263, 260, 261, 260, 262, 261, 259, 259, 262, 259,
    262, 260, 261, 261, 261, 263, 259, 261, 262, 262, 262, 262, 262, 261,
    260, 259, 263, 260, 261, 263, 262, 260, 260, 258, 258, 259, 259, 260,
    258, 261, 260, 262, 262, 260, 260, 259, 262, 262, 260, 263, 262, 262,
    260, 259, 259, 262, 260, 259, 259, 259, 261, 260, 258, 260, 257, 256,
    261, 260, 257, 259, 259, 260, 259, 256, 260, 261, 261, 258, 259, 259,
    258, 257, 259, 262, 262 ]
headPositionsY: [ 73, 76, 75, 73, 75, 74, 73, 76, 75, 78, 75, 76, 76, 75,
    76, 73, 77, 76, 76, 75, 76, 73, 75, 75, 77, 77, 77, 77, 77, 77, 78,
    78, 78, 80, 83, 78, 80, 73, 73, 71, 71, 72, 77, 83, 85, 85, 85, 84,
    81, 79, 75, 74, 75, 79, 83, 85, 85, 81, 83, 79, 76, 71, 72, 74, 76,
    80, 84, 84, 82, 81, 79, 75, 72, 71, 70, 71, 74, 72, 78, 79, 81, 81,
    81, 79, 79, 77, 74, 77, 73, 72, 72, 72, 74, 75, 73, 72, 76, 73, 75,
    75 ]
