%YAML:1.0
---
videoName: "headLookUp5.mp4"
gestureLabel: 205
fps: 29
pixelSizeInCmTemp: 3.6287878787878786e-01
faceCenterPointX: 256
faceCenterPointY: 67
headPositionsX: [ 254, 256, 258, 256, 255, 257, 258, 258, 254, 256, 254,
    258, 255, 259, 256, 255, 258, 258, 257, 256, 258, 258, 254, 257, 255,
    254, 256, 256, 254, 255, 254, 256, 254, 254, 255, 256, 258, 258, 254,
    256, 257, 258, 256, 255, 258, 259, 253, 256, 253, 255, 257, 254, 255,
    255, 256, 256, 255, 257, 254, 254, 259, 256, 257, 257, 255, 258, 256,
    254, 253, 254, 258, 255, 259, 257, 257, 255, 258, 255, 257, 257, 256,
    256, 255, 257, 258, 258, 258, 258, 257, 254, 256, 258, 256, 255, 253,
    258, 254, 258, 256, 257 ]
headPositionsY: [ 69, 82, 82, 80, 83, 81, 84, 82, 83, 82, 84, 83, 82, 82,
    79, 80, 81, 79, 82, 79, 83, 79, 81, 82, 80, 79, 80, 82, 82, 80, 78,
    80, 77, 80, 79, 76, 74, 75, 73, 72, 72, 68, 72, 68, 69, 69, 69, 68,
    70, 70, 66, 68, 66, 69, 70, 69, 70, 70, 70, 70, 67, 67, 67, 70, 65,
    65, 68, 65, 65, 66, 68, 68, 65, 69, 67, 69, 67, 68, 67, 69, 65, 69,
    66, 66, 67, 70, 69, 70, 66, 66, 70, 65, 65, 67, 68, 68, 68, 66, 66,
    66 ]
