%YAML:1.0
---
videoName: "headShake10.mp4"
gestureLabel: 201
fps: 29
pixelSizeInCmTemp: 3.3732394366197183e-01
faceCenterPointX: 240
faceCenterPointY: 74
headPositionsX: [ 239, 244, 244, 243, 244, 248, 247, 244, 248, 246, 247,
    247, 246, 248, 244, 248, 244, 245, 245, 246, 248, 247, 248, 246, 246,
    244, 246, 244, 246, 247, 244, 248, 245, 244, 246, 247, 243, 244, 246,
    246, 245, 248, 243, 247, 245, 247, 245, 246, 243, 246, 246, 251, 251,
    251, 258, 258, 261, 259, 260, 257, 254, 252, 248, 241, 237, 234, 234,
    230, 234, 233, 237, 241, 245, 248, 254, 257, 258, 257, 258, 253, 253,
    249, 246, 243, 241, 243, 238, 243, 240, 238, 240, 238, 243, 240, 242,
    242, 241, 243, 242, 241 ]
headPositionsY: [ 75, 73, 73, 71, 71, 75, 71, 74, 72, 71, 74, 74, 72, 75,
    72, 72, 71, 71, 71, 75, 75, 75, 74, 74, 73, 71, 73, 74, 72, 72, 72,
    73, 76, 73, 75, 72, 74, 73, 75, 71, 74, 72, 74, 73, 73, 71, 70, 73,
    74, 72, 75, 71, 73, 73, 71, 72, 72, 73, 72, 74, 72, 75, 76, 74, 72,
    72, 75, 72, 73, 75, 76, 75, 72, 72, 72, 74, 75, 72, 72, 75, 73, 76,
    75, 73, 75, 75, 76, 76, 75, 76, 73, 77, 74, 77, 76, 74, 76, 74, 73,
    78 ]
