%YAML:1.0
---
videoName: "headNod38.mp4"
gestureLabel: 202
fps: 29
pixelSizeInCmTemp: 2.9937500000000000e-01
faceCenterPointX: 267
faceCenterPointY: 73
headPositionsX: [ 266, 269, 269, 268, 265, 265, 265, 264, 268, 267, 265,
    268, 267, 266, 268, 267, 266, 267, 267, 267, 267, 266, 268, 264, 268,
    267, 265, 267, 265, 265, 266, 263, 267, 266, 266, 265, 264, 263, 268,
    263, 266, 266, 265, 265, 265, 268, 267, 268, 266, 267, 267, 266, 267,
    268, 269, 270, 270, 267, 269, 270, 269, 268, 269, 270, 271, 268, 267,
    268, 267, 268, 267, 270, 267, 268, 268, 267, 267, 266, 269, 265, 266,
    268, 266, 269, 266, 267, 267, 269, 270, 265, 269, 268, 265, 267, 267,
    269, 265, 265, 268, 265 ]
headPositionsY: [ 74, 72, 73, 73, 80, 79, 85, 84, 88, 81, 79, 78, 74, 77,
    76, 80, 82, 84, 84, 84, 82, 80, 75, 74, 79, 76, 83, 87, 87, 89, 90,
    87, 81, 79, 74, 72, 72, 73, 78, 80, 81, 87, 88, 90, 85, 82, 79, 76,
    75, 73, 74, 72, 74, 77, 78, 84, 83, 85, 84, 84, 79, 80, 76, 74, 75,
    74, 71, 75, 73, 76, 79, 81, 85, 83, 86, 86, 83, 80, 78, 76, 75, 71,
    73, 73, 73, 73, 73, 72, 71, 71, 71, 71, 72, 75, 75, 72, 75, 73, 73,
    72 ]
