%YAML:1.0
---
videoName: "headNod4.mp4"
gestureLabel: 202
fps: 29
pixelSizeInCmTemp: 3.2808219178082193e-01
faceCenterPointX: 264
faceCenterPointY: 72
headPositionsX: [ 262, 267, 267, 268, 271, 272, 269, 271, 270, 272, 268,
    267, 269, 266, 270, 266, 267, 271, 270, 268, 270, 267, 267, 270, 266,
    267, 268, 266, 266, 269, 268, 266, 270, 266, 269, 266, 267, 267, 266,
    266, 270, 266, 266, 270, 268, 269, 268, 266, 266, 270, 266, 269, 265,
    269, 265, 268, 265, 268, 267, 266, 266, 266, 267, 268, 263, 266, 264,
    263, 265, 264, 263, 264, 264, 265, 263, 262, 262, 262, 266, 264, 265,
    263, 263, 266, 267, 268, 264, 268, 264, 264, 264, 265, 266, 266, 266,
    266, 266, 266, 264, 265 ]
headPositionsY: [ 70, 76, 73, 76, 72, 72, 74, 73, 77, 74, 72, 74, 73, 75,
    76, 77, 76, 77, 74, 76, 73, 73, 73, 77, 72, 75, 77, 74, 73, 74, 75,
    75, 76, 76, 73, 74, 76, 74, 76, 76, 77, 75, 72, 72, 73, 68, 66, 68,
    67, 65, 68, 67, 73, 74, 76, 78, 84, 82, 82, 79, 74, 73, 71, 70, 68,
    71, 73, 75, 78, 83, 85, 81, 82, 76, 76, 72, 70, 69, 67, 70, 70, 69,
    75, 75, 78, 83, 81, 84, 84, 81, 79, 82, 80, 76, 74, 75, 75, 75, 72,
    76 ]
