%YAML:1.0
---
videoName: "headShake38.mp4"
gestureLabel: 201
fps: 29
pixelSizeInCmTemp: 3.2808219178082193e-01
faceCenterPointX: 259
faceCenterPointY: 84
headPositionsX: [ 258, 261, 264, 262, 263, 264, 263, 263, 262, 261, 264,
    263, 265, 261, 261, 263, 264, 263, 261, 264, 263, 265, 261, 262, 262,
    263, 261, 261, 265, 263, 261, 261, 265, 265, 262, 265, 261, 263, 262,
    263, 263, 259, 261, 257, 252, 249, 249, 248, 247, 250, 261, 266, 273,
    275, 280, 275, 270, 261, 253, 252, 248, 248, 253, 262, 268, 269, 272,
    267, 268, 259, 252, 249, 245, 249, 249, 253, 258, 262, 264, 266, 268,
    268, 265, 264, 265, 266, 260, 259, 259, 261, 259, 258, 258, 260, 261,
    261, 262, 261, 261, 260 ]
headPositionsY: [ 82, 85, 82, 82, 82, 85, 85, 81, 86, 83, 81, 84, 83, 85,
    82, 83, 84, 85, 84, 83, 83, 82, 82, 81, 81, 85, 81, 83, 83, 81, 82,
    83, 83, 86, 85, 82, 82, 85, 82, 84, 81, 86, 84, 84, 83, 81, 82, 84,
    83, 85, 85, 82, 85, 80, 82, 84, 86, 86, 85, 84, 83, 82, 82, 85, 82,
    81, 85, 85, 82, 85, 86, 81, 85, 83, 85, 82, 83, 82, 86, 85, 84, 85,
    85, 83, 85, 83, 83, 86, 84, 86, 86, 85, 85, 85, 83, 83, 85, 86, 84,
    83 ]
