%YAML:1.0
---
videoName: "headShake14.mp4"
gestureLabel: 201
fps: 29
pixelSizeInCmTemp: 3.2364864864864862e-01
faceCenterPointX: 244
faceCenterPointY: 76
headPositionsX: [ 244, 248, 246, 244, 245, 246, 247, 244, 244, 243, 244,
    245, 244, 246, 244, 244, 243, 247, 243, 244, 245, 244, 246, 246, 244,
    245, 252, 251, 253, 257, 262, 261, 261, 259, 258, 251, 249, 239, 235,
    231, 228, 223, 226, 229, 229, 238, 242, 247, 254, 254, 257, 256, 251,
    248, 250, 242, 238, 235, 231, 233, 235, 233, 233, 238, 240, 243, 242,
    247, 247, 247, 248, 251, 250, 247, 247, 246, 246, 241, 239, 239, 241,
    241, 241, 238, 240, 240, 245, 244, 244, 244, 246, 243, 246, 244, 243,
    247, 241, 242, 245, 242 ]
headPositionsY: [ 74, 76, 75, 77, 74, 75, 74, 73, 76, 77, 76, 76, 76, 73,
    75, 73, 77, 75, 73, 75, 77, 75, 77, 75, 75, 75, 77, 74, 75, 73, 74,
    74, 72, 76, 72, 74, 75, 76, 78, 76, 76, 76, 78, 75, 76, 77, 73, 73,
    71, 72, 71, 73, 72, 75, 73, 77, 73, 77, 77, 74, 77, 76, 73, 74, 76,
    75, 76, 77, 77, 75, 76, 78, 77, 79, 78, 74, 77, 75, 74, 77, 73, 75,
    75, 75, 76, 77, 74, 74, 75, 78, 77, 77, 75, 76, 74, 74, 74, 77, 77,
    78 ]
