%YAML:1.0
---
videoName: "headLookUp6.mp4"
gestureLabel: 205
fps: 30
pixelSizeInCmTemp: 3.7421874999999999e-01
faceCenterPointX: 255
faceCenterPointY: 70
headPositionsX: [ 256, 253, 253, 255, 254, 257, 257, 258, 258, 256, 255,
    254, 257, 255, 255, 256, 258, 254, 254, 253, 252, 253, 257, 255, 256,
    255, 258, 257, 255, 258, 255, 256, 256, 254, 255, 256, 257, 254, 256,
    254, 256, 255, 256, 254, 257, 255, 251, 253, 254, 256, 254, 252, 254,
    253, 254, 253, 256, 257, 252, 256, 257, 254, 252, 253, 254, 255, 255,
    254, 255, 257, 252, 256, 257, 252, 254, 256, 255, 253, 256, 253, 256,
    256, 254, 256, 254, 254, 254, 255, 256, 254, 256, 256, 255, 253, 254,
    254, 254, 255, 256, 257 ]
headPositionsY: [ 69, 82, 83, 82, 81, 81, 81, 83, 85, 82, 81, 85, 82, 85,
    83, 85, 81, 83, 83, 82, 84, 85, 84, 81, 81, 79, 79, 80, 75, 77, 71,
    71, 70, 68, 70, 68, 68, 66, 70, 70, 68, 69, 68, 68, 72, 70, 65, 67,
    67, 68, 69, 70, 69, 71, 69, 67, 69, 71, 68, 69, 68, 68, 67, 68, 67,
    70, 68, 70, 71, 71, 69, 67, 68, 67, 67, 69, 70, 70, 69, 72, 68, 70,
    68, 70, 69, 67, 67, 69, 68, 68, 69, 72, 70, 69, 70, 69, 68, 66, 69,
    70 ]
