%YAML:1.0
---
videoName: "headLookUp3.mp4"
gestureLabel: 205
fps: 29
pixelSizeInCmTemp: 3.7421874999999999e-01
faceCenterPointX: 254
faceCenterPointY: 68
headPositionsX: [ 252, 256, 254, 257, 253, 254, 253, 255, 256, 257, 257,
    257, 256, 256, 255, 255, 255, 256, 258, 257, 255, 257, 255, 256, 258,
    255, 258, 257, 256, 258, 256, 255, 257, 258, 254, 257, 257, 255, 256,
    256, 254, 255, 255, 258, 256, 257, 255, 254, 255, 254, 255, 256, 256,
    257, 256, 257, 256, 253, 253, 254, 253, 257, 256, 254, 255, 255, 255,
    254, 253, 256, 255, 257, 255, 256, 256, 257, 253, 256, 254, 257, 258,
    256, 257, 254, 255, 255, 257, 256, 256, 255, 254, 255, 257, 256, 252,
    257, 254, 259, 256, 255 ]
headPositionsY: [ 69, 84, 83, 84, 84, 81, 80, 84, 81, 79, 82, 81, 80, 84,
    81, 80, 83, 84, 82, 81, 82, 84, 84, 83, 82, 84, 82, 81, 84, 80, 84,
    80, 82, 82, 82, 82, 83, 79, 80, 81, 81, 75, 77, 73, 73, 71, 69, 72,
    69, 68, 65, 68, 66, 69, 66, 70, 71, 66, 69, 68, 65, 70, 70, 70, 69,
    68, 64, 69, 68, 68, 69, 70, 65, 66, 66, 69, 66, 67, 68, 67, 67, 66,
    70, 65, 65, 67, 67, 67, 68, 70, 66, 68, 69, 67, 65, 68, 70, 70, 69,
    65 ]
