%YAML:1.0
---
videoName: "headShake38.mp4"
gestureLabel: 201
fps: 29
pixelSizeInCmTemp: 3.2808219178082193e-01
faceCenterPointX: 259
faceCenterPointY: 84
headPositionsX: [ 259, 264, 263, 262, 263, 262, 263, 262, 262, 264, 263,
    261, 265, 264, 265, 263, 265, 263, 263, 265, 264, 261, 263, 264, 261,
    262, 261, 262, 261, 264, 264, 263, 265, 261, 260, 263, 260, 263, 261,
    263, 263, 263, 257, 256, 252, 248, 250, 249, 246, 251, 261, 265, 275,
    279, 278, 273, 268, 261, 255, 248, 250, 248, 254, 261, 265, 269, 272,
    268, 265, 257, 254, 248, 248, 246, 248, 252, 261, 262, 265, 266, 269,
    267, 269, 266, 263, 266, 261, 262, 263, 258, 261, 261, 258, 258, 260,
    260, 262, 260, 262, 259 ]
headPositionsY: [ 83, 84, 84, 82, 85, 83, 83, 83, 82, 83, 84, 83, 82, 81,
    84, 83, 82, 84, 81, 84, 85, 84, 86, 82, 84, 86, 82, 85, 85, 81, 84,
    82, 81, 85, 85, 86, 82, 84, 84, 83, 81, 86, 84, 82, 82, 80, 82, 80,
    84, 85, 85, 86, 85, 83, 84, 81, 86, 82, 82, 83, 85, 83, 81, 86, 86,
    85, 84, 83, 85, 82, 86, 84, 83, 81, 84, 83, 84, 84, 85, 85, 85, 83,
    84, 87, 87, 83, 85, 83, 85, 84, 86, 86, 82, 83, 84, 84, 82, 85, 82,
    86 ]
