%YAML:1.0
---
videoName: "headShake17.mp4"
gestureLabel: 201
fps: 29
pixelSizeInCmTemp: 3.3263888888888887e-01
faceCenterPointX: 242
faceCenterPointY: 76
headPositionsX: [ 244, 241, 240, 238, 239, 241, 241, 241, 247, 245, 249,
    252, 261, 258, 259, 256, 253, 247, 245, 238, 234, 231, 227, 225, 224,
    225, 231, 232, 235, 240, 242, 246, 251, 250, 252, 252, 252, 254, 249,
    245, 241, 239, 239, 233, 232, 231, 233, 233, 235, 235, 239, 239, 244,
    245, 244, 245, 245, 245, 244, 241, 244, 240, 240, 240, 238, 240, 241,
    241, 241, 240, 239, 240, 240, 241, 238, 243, 239, 242, 240, 241, 243,
    239, 240, 239, 239, 239, 239, 239, 240, 243, 242, 243, 241, 242, 241,
    243, 243, 239, 243, 242 ]
headPositionsY: [ 78, 74, 75, 75, 74, 77, 78, 74, 77, 73, 74, 74, 73, 76,
    74, 77, 75, 77, 79, 78, 76, 76, 75, 78, 74, 75, 77, 78, 76, 77, 77,
    74, 76, 77, 72, 72, 73, 78, 74, 76, 77, 76, 79, 75, 77, 77, 76, 76,
    75, 75, 74, 79, 78, 76, 78, 75, 76, 75, 76, 77, 74, 76, 79, 76, 77,
    76, 76, 75, 76, 76, 78, 78, 77, 77, 77, 78, 74, 75, 75, 75, 79, 76,
    75, 74, 76, 74, 77, 75, 76, 76, 78, 76, 78, 76, 77, 77, 78, 75, 76,
    74 ]
