%YAML:1.0
---
videoName: "headShake3.mp4"
gestureLabel: 201
fps: 30
pixelSizeInCmTemp: 3.3263888888888887e-01
faceCenterPointX: 240
faceCenterPointY: 101
headPositionsX: [ 242, 244, 243, 239, 243, 239, 241, 240, 243, 243, 239,
    239, 243, 243, 242, 239, 244, 243, 240, 242, 242, 243, 240, 240, 242,
    239, 240, 239, 238, 240, 238, 237, 240, 241, 245, 247, 252, 255, 256,
    258, 256, 251, 248, 243, 236, 231, 230, 231, 228, 230, 234, 237, 244,
    249, 248, 252, 250, 246, 243, 236, 232, 230, 228, 226, 226, 225, 231,
    233, 240, 241, 243, 244, 245, 246, 244, 242, 239, 236, 237, 235, 231,
    233, 236, 236, 232, 234, 236, 237, 241, 237, 238, 242, 239, 241, 242,
    240, 240, 241, 241, 238 ]
headPositionsY: [ 101, 100, 101, 101, 100, 99, 98, 97, 101, 97, 99, 96,
    99, 97, 99, 99, 97, 98, 101, 97, 98, 97, 99, 99, 98, 100, 99, 98, 97,
    98, 96, 99, 99, 98, 100, 98, 99, 98, 100, 99, 100, 100, 99, 100, 100,
    100, 101, 98, 99, 100, 96, 97, 99, 99, 100, 98, 100, 98, 98, 100, 99,
    97, 99, 96, 99, 98, 99, 97, 100, 99, 100, 97, 98, 97, 100, 97, 98,
    98, 101, 98, 100, 97, 101, 100, 99, 99, 102, 98, 101, 99, 101, 102,
    98, 98, 101, 100, 103, 99, 103, 99 ]
