%YAML:1.0
---
videoName: "headNod48.mp4"
gestureLabel: 202
fps: 29
pixelSizeInCmTemp: 2.8855421686746985e-01
faceCenterPointX: 264
faceCenterPointY: 72
headPositionsX: [ 263, 267, 264, 266, 262, 264, 263, 263, 267, 262, 265,
    264, 263, 262, 262, 261, 265, 263, 261, 262, 259, 260, 261, 261, 262,
    258, 260, 261, 263, 263, 259, 260, 262, 263, 264, 261, 263, 260, 261,
    263, 262, 264, 264, 264, 263, 260, 261, 262, 260, 262, 261, 262, 260,
    258, 259, 260, 260, 262, 260, 262, 264, 260, 263, 263, 261, 263, 265,
    262, 262, 263, 263, 264, 266, 266, 262, 264, 266, 266, 265, 267, 264,
    266, 267, 265, 266, 266, 265, 265, 265, 266, 266, 267, 268, 266, 266,
    264, 266, 264, 264, 267 ]
headPositionsY: [ 74, 77, 77, 76, 78, 78, 74, 70, 70, 65, 65, 64, 64, 65,
    66, 69, 73, 81, 83, 89, 88, 86, 83, 80, 78, 77, 70, 68, 65, 66, 64,
    65, 63, 65, 68, 70, 76, 75, 79, 81, 81, 81, 78, 77, 75, 76, 75, 75,
    72, 69, 74, 76, 77, 77, 80, 78, 75, 78, 72, 73, 70, 71, 70, 74, 71,
    74, 74, 78, 77, 75, 78, 74, 73, 73, 72, 69, 69, 71, 70, 71, 75, 73,
    73, 76, 75, 71, 72, 69, 70, 70, 73, 73, 73, 73, 73, 71, 71, 73, 74,
    74 ]
