%YAML:1.0
---
videoName: "headShake28.mp4"
gestureLabel: 201
fps: 29
pixelSizeInCmTemp: 3.2808219178082193e-01
faceCenterPointX: 242
faceCenterPointY: 80
headPositionsX: [ 242, 243, 241, 243, 242, 243, 242, 242, 239, 239, 241,
    241, 242, 242, 243, 242, 243, 242, 240, 241, 244, 242, 239, 242, 242,
    242, 240, 242, 241, 241, 240, 242, 244, 242, 244, 240, 245, 242, 245,
    244, 245, 245, 243, 246, 246, 242, 243, 245, 246, 244, 238, 234, 233,
    230, 232, 235, 241, 242, 251, 253, 255, 255, 253, 251, 245, 241, 236,
    235, 230, 235, 236, 244, 246, 249, 254, 257, 252, 250, 251, 245, 244,
    238, 236, 235, 236, 238, 240, 237, 240, 239, 242, 245, 242, 241, 241,
    242, 244, 241, 244, 244 ]
headPositionsY: [ 81, 78, 76, 77, 79, 78, 77, 78, 78, 79, 79, 76, 80, 78,
    77, 76, 79, 77, 77, 80, 77, 79, 78, 77, 80, 77, 80, 77, 81, 78, 78,
    80, 80, 76, 76, 81, 79, 76, 75, 80, 80, 79, 78, 76, 77, 79, 77, 78,
    78, 79, 76, 79, 78, 78, 77, 79, 76, 79, 80, 78, 77, 76, 75, 78, 77,
    80, 77, 78, 80, 81, 77, 77, 79, 81, 74, 75, 77, 80, 79, 77, 76, 77,
    77, 81, 76, 76, 78, 79, 79, 77, 78, 78, 77, 81, 81, 80, 79, 81, 82,
    80 ]
