%YAML:1.0
---
videoName: "headLookUp0.mp4"
gestureLabel: 205
fps: 29
pixelSizeInCmTemp: 3.6846153846153845e-01
faceCenterPointX: 258
faceCenterPointY: 66
headPositionsX: [ 257, 261, 261, 260, 259, 258, 259, 261, 262, 260, 256,
    258, 257, 258, 260, 258, 259, 260, 259, 261, 259, 261, 261, 261, 261,
    259, 260, 257, 260, 260, 259, 258, 257, 260, 261, 256, 258, 259, 259,
    259, 260, 260, 261, 257, 257, 259, 259, 259, 258, 259, 257, 258, 257,
    259, 256, 258, 260, 260, 257, 259, 259, 260, 256, 260, 261, 258, 259,
    257, 259, 260, 257, 260, 259, 260, 257, 257, 258, 259, 255, 257, 257,
    259, 259, 261, 256, 259, 260, 255, 255, 256, 258, 257, 257, 259, 260,
    257, 257, 256, 258, 261 ]
headPositionsY: [ 66, 80, 79, 82, 82, 80, 79, 81, 83, 81, 79, 82, 78, 78,
    76, 77, 77, 76, 76, 74, 71, 73, 69, 70, 68, 67, 65, 68, 66, 66, 65,
    65, 64, 67, 66, 65, 65, 67, 65, 66, 66, 66, 69, 67, 65, 70, 68, 67,
    66, 66, 69, 67, 65, 65, 70, 65, 69, 65, 67, 68, 68, 70, 65, 66, 66,
    65, 69, 66, 68, 64, 65, 67, 68, 69, 70, 66, 69, 70, 67, 66, 66, 69,
    67, 68, 68, 68, 66, 70, 68, 67, 68, 70, 70, 69, 67, 67, 70, 65, 68,
    70 ]
