%YAML:1.0
---
videoName: "headNod17.mp4"
gestureLabel: 202
fps: 30
pixelSizeInCmTemp: 3.2808219178082193e-01
faceCenterPointX: 253
faceCenterPointY: 76
headPositionsX: [ 252, 254, 253, 255, 257, 256, 256, 254, 254, 253, 253,
    257, 255, 258, 257, 257, 255, 255, 257, 254, 254, 255, 256, 256, 257,
    256, 253, 256, 254, 257, 255, 256, 256, 256, 254, 253, 254, 255, 257,
    253, 253, 254, 253, 255, 253, 251, 254, 251, 251, 254, 254, 256, 253,
    254, 254, 253, 257, 255, 254, 253, 254, 254, 253, 257, 257, 256, 257,
    252, 255, 252, 254, 253, 253, 252, 255, 255, 257, 253, 252, 255, 251,
    255, 256, 253, 257, 255, 254, 255, 254, 254, 255, 255, 256, 253, 257,
    255, 254, 256, 255, 254 ]
headPositionsY: [ 74, 80, 77, 78, 79, 77, 76, 76, 74, 77, 79, 77, 75, 76,
    79, 78, 79, 78, 76, 78, 74, 75, 72, 74, 74, 72, 69, 71, 66, 69, 66,
    66, 70, 69, 68, 72, 71, 71, 75, 80, 81, 81, 84, 84, 87, 85, 83, 83,
    81, 81, 79, 78, 76, 73, 72, 72, 71, 67, 70, 70, 70, 73, 72, 74, 79,
    79, 79, 78, 78, 81, 77, 76, 75, 74, 76, 76, 79, 78, 80, 80, 75, 76,
    78, 76, 76, 74, 76, 76, 76, 77, 76, 79, 75, 77, 77, 78, 76, 79, 74,
    77 ]
