%YAML:1.0
---
videoName: "headShake16.mp4"
gestureLabel: 201
fps: 29
pixelSizeInCmTemp: 3.2364864864864862e-01
faceCenterPointX: 242
faceCenterPointY: 77
headPositionsX: [ 242, 241, 242, 244, 243, 242, 244, 244, 243, 244, 246,
    242, 242, 246, 246, 245, 242, 245, 242, 246, 243, 242, 243, 244, 241,
    243, 241, 243, 241, 243, 243, 242, 243, 241, 243, 241, 242, 243, 246,
    246, 251, 255, 257, 252, 256, 249, 250, 242, 239, 237, 235, 234, 235,
    235, 237, 243, 246, 247, 247, 248, 248, 247, 246, 241, 240, 237, 235,
    235, 234, 234, 235, 236, 239, 238, 243, 244, 242, 246, 246, 244, 242,
    239, 241, 241, 239, 240, 239, 238, 238, 242, 241, 240, 241, 244, 242,
    241, 240, 242, 241, 244 ]
headPositionsY: [ 76, 73, 76, 76, 76, 75, 74, 77, 74, 77, 76, 78, 76, 77,
    75, 75, 76, 75, 75, 77, 75, 75, 74, 78, 75, 77, 76, 76, 74, 75, 75,
    77, 73, 76, 75, 74, 78, 75, 75, 77, 76, 73, 73, 76, 74, 76, 77, 78,
    75, 76, 79, 78, 75, 76, 75, 77, 77, 74, 74, 76, 78, 76, 79, 78, 79,
    76, 75, 75, 75, 76, 76, 75, 78, 75, 76, 78, 76, 78, 77, 76, 76, 79,
    77, 79, 79, 75, 79, 75, 78, 78, 75, 78, 75, 78, 75, 74, 76, 76, 77,
    78 ]
