%YAML:1.0
---
videoName: "headLookDown8.mp4"
gestureLabel: 206
fps: 29
pixelSizeInCmTemp: 3.3732394366197183e-01
faceCenterPointX: 276
faceCenterPointY: 96
headPositionsX: [ 275, 274, 275, 275, 276, 273, 277, 273, 274, 274, 272,
    275, 273, 277, 274, 274, 274, 275, 275, 276, 275, 272, 276, 276, 272,
    275, 274, 275, 275, 272, 275, 273, 276, 274, 276, 273, 272, 274, 272,
    276, 274, 275, 276, 273, 274, 273, 276, 273, 277, 278, 275, 277, 275,
    277, 278, 277, 277, 277, 277, 276, 275, 278, 275, 274, 275, 274, 275,
    273, 275, 276, 278, 277, 276, 276, 275, 276, 273, 275, 278, 276, 278,
    276, 275, 274, 274, 276, 278, 276, 276, 279, 277, 276, 275, 276, 277,
    275, 278, 276, 275, 275 ]
headPositionsY: [ 97, 79, 80, 80, 81, 79, 82, 80, 78, 82, 80, 82, 80, 78,
    82, 80, 77, 81, 79, 82, 78, 80, 78, 78, 79, 81, 81, 78, 81, 79, 81,
    79, 80, 84, 85, 85, 85, 84, 84, 89, 89, 91, 92, 88, 89, 93, 94, 95,
    93, 93, 94, 99, 99, 97, 97, 100, 96, 99, 97, 96, 98, 100, 100, 99,
    100, 98, 96, 100, 99, 96, 98, 99, 95, 100, 95, 97, 99, 94, 99, 98,
    95, 98, 96, 95, 95, 96, 95, 97, 99, 95, 94, 95, 96, 99, 96, 97, 98,
    98, 98, 95 ]
