%YAML:1.0
---
videoName: "headLookLeft3.mp4"
gestureLabel: 203
fps: 29
pixelSizeInCmTemp: 3.4214285714285714e-01
faceCenterPointX: 290
faceCenterPointY: 74
headPositionsX: [ 290, 266, 261, 263, 266, 265, 266, 269, 269, 271, 272,
    275, 276, 279, 282, 280, 282, 288, 287, 287, 290, 288, 292, 290, 285,
    286, 295, 291, 286, 282, 289, 290, 290, 289, 285, 288, 281, 290, 292,
    290, 290, 287, 288, 296, 289, 291, 290, 288, 291, 289, 292, 292, 289,
    291, 287, 288, 287, 286, 292, 293, 291, 292, 287, 286, 289, 285, 291,
    289, 284, 287, 285, 287, 287, 287, 288, 287, 287, 286, 288, 288, 288,
    289, 291, 286, 287, 288, 292, 288, 289, 289, 287, 285, 290, 288, 285,
    286, 288, 288, 288, 284 ]
headPositionsY: [ 73, 76, 75, 78, 79, 74, 80, 79, 75, 77, 77, 76, 75, 77,
    74, 72, 76, 77, 72, 73, 74, 72, 75, 76, 73, 74, 74, 74, 75, 73, 73,
    74, 76, 77, 75, 77, 74, 76, 76, 73, 72, 75, 71, 77, 74, 75, 72, 76,
    78, 75, 75, 72, 75, 74, 73, 76, 73, 73, 73, 77, 74, 72, 74, 73, 76,
    74, 71, 74, 74, 72, 71, 71, 75, 73, 75, 73, 73, 74, 76, 72, 72, 75,
    73, 71, 74, 72, 74, 74, 73, 77, 74, 72, 72, 73, 74, 75, 74, 73, 76,
    76 ]
