%YAML:1.0
---
videoName: "headNod3.mp4"
gestureLabel: 202
fps: 29
pixelSizeInCmTemp: 3.1933333333333330e-01
faceCenterPointX: 264
faceCenterPointY: 76
headPositionsX: [ 263, 266, 263, 265, 265, 264, 264, 264, 264, 263, 269,
    265, 266, 268, 268, 264, 266, 265, 267, 265, 264, 265, 266, 265, 266,
    265, 265, 266, 264, 265, 263, 265, 268, 268, 264, 266, 265, 266, 265,
    268, 268, 264, 268, 263, 264, 265, 264, 266, 266, 265, 268, 267, 265,
    264, 262, 264, 264, 264, 263, 264, 264, 264, 264, 266, 263, 262, 263,
    264, 262, 266, 262, 262, 263, 265, 264, 263, 265, 263, 263, 263, 261,
    264, 264, 266, 264, 263, 262, 262, 266, 262, 263, 262, 261, 265, 264,
    266, 262, 264, 262, 264 ]
headPositionsY: [ 77, 78, 76, 77, 75, 74, 78, 76, 75, 72, 74, 74, 75, 72,
    74, 75, 72, 73, 75, 75, 72, 71, 72, 74, 74, 73, 74, 75, 76, 77, 72,
    75, 73, 75, 76, 73, 76, 74, 74, 74, 75, 74, 77, 71, 70, 69, 68, 66,
    66, 65, 66, 70, 72, 74, 78, 82, 85, 83, 82, 76, 76, 70, 69, 68, 69,
    67, 70, 73, 73, 79, 83, 80, 82, 78, 78, 75, 71, 69, 67, 64, 64, 65,
    71, 73, 75, 74, 76, 78, 78, 79, 77, 76, 75, 75, 74, 75, 78, 77, 73,
    76 ]
