%YAML:1.0
---
videoName: "headNod19.mp4"
gestureLabel: 202
fps: 29
pixelSizeInCmTemp: 3.1933333333333330e-01
faceCenterPointX: 255
faceCenterPointY: 81
headPositionsX: [ 257, 259, 255, 257, 255, 254, 256, 256, 256, 255, 254,
    255, 257, 256, 254, 256, 251, 254, 251, 253, 252, 251, 249, 250, 249,
    249, 252, 253, 250, 251, 250, 252, 250, 255, 251, 254, 251, 253, 252,
    254, 254, 253, 256, 256, 256, 256, 254, 259, 256, 254, 258, 256, 257,
    254, 254, 255, 258, 256, 253, 254, 256, 253, 257, 258, 254, 257, 253,
    255, 257, 256, 254, 257, 255, 255, 258, 254, 254, 253, 257, 255, 256,
    256, 255, 253, 255, 253, 256, 254, 254, 253, 256, 255, 253, 255, 258,
    257, 258, 254, 258, 253 ]
headPositionsY: [ 82, 84, 86, 84, 83, 78, 77, 78, 78, 79, 77, 75, 77, 75,
    77, 77, 75, 79, 77, 77, 77, 77, 79, 76, 77, 80, 79, 77, 81, 79, 81,
    81, 78, 79, 77, 77, 80, 79, 79, 77, 78, 80, 77, 78, 80, 81, 77, 79,
    77, 78, 77, 77, 77, 79, 80, 80, 78, 77, 80, 79, 79, 78, 81, 79, 83,
    80, 79, 76, 77, 74, 73, 76, 75, 78, 82, 80, 85, 84, 83, 79, 77, 76,
    77, 76, 81, 84, 83, 86, 84, 83, 80, 83, 82, 83, 81, 81, 85, 80, 84,
    80 ]
