%YAML:1.0
---
videoName: "headShake28.mp4"
gestureLabel: 201
fps: 29
pixelSizeInCmTemp: 3.2808219178082193e-01
faceCenterPointX: 242
faceCenterPointY: 80
headPositionsX: [ 244, 241, 242, 241, 242, 241, 243, 240, 240, 239, 241,
    242, 243, 242, 244, 240, 240, 241, 243, 243, 241, 243, 242, 240, 242,
    240, 242, 242, 240, 244, 240, 244, 242, 243, 243, 241, 245, 243, 245,
    243, 245, 245, 244, 246, 242, 243, 244, 243, 242, 242, 239, 237, 232,
    231, 229, 233, 237, 242, 250, 253, 253, 258, 253, 250, 244, 240, 235,
    233, 230, 236, 240, 244, 248, 253, 254, 256, 255, 251, 251, 247, 242,
    242, 238, 239, 236, 235, 239, 237, 239, 239, 241, 241, 241, 245, 243,
    240, 241, 244, 241, 241 ]
headPositionsY: [ 80, 76, 77, 78, 77, 77, 77, 79, 78, 79, 81, 80, 76, 80,
    79, 80, 81, 77, 77, 78, 80, 78, 78, 79, 76, 79, 80, 78, 77, 79, 79,
    79, 79, 75, 76, 81, 78, 78, 77, 79, 77, 76, 80, 79, 76, 80, 79, 76,
    78, 76, 75, 75, 76, 79, 78, 77, 77, 78, 77, 76, 74, 76, 76, 78, 76,
    80, 77, 77, 78, 81, 80, 78, 76, 79, 77, 76, 77, 77, 76, 78, 80, 78,
    77, 78, 80, 78, 78, 80, 79, 78, 78, 80, 79, 81, 79, 79, 78, 80, 82,
    82 ]
