%YAML:1.0
---
videoName: "headShake26.mp4"
gestureLabel: 201
fps: 30
pixelSizeInCmTemp: 3.2808219178082193e-01
faceCenterPointX: 243
faceCenterPointY: 78
headPositionsX: [ 241, 238, 240, 240, 240, 244, 243, 244, 248, 250, 248,
    250, 250, 249, 249, 253, 252, 248, 245, 244, 240, 238, 233, 231, 231,
    231, 226, 228, 231, 233, 231, 235, 237, 239, 244, 245, 251, 249, 250,
    253, 254, 253, 251, 248, 243, 240, 239, 235, 232, 229, 227, 229, 227,
    228, 232, 233, 235, 241, 240, 246, 247, 252, 254, 252, 252, 252, 250,
    249, 251, 247, 245, 244, 242, 239, 238, 235, 235, 235, 235, 236, 236,
    240, 239, 238, 242, 241, 239, 243, 241, 244, 245, 242, 243, 244, 244,
    245, 245, 244, 241, 241 ]
headPositionsY: [ 79, 79, 77, 78, 75, 77, 76, 79, 80, 79, 80, 78, 77, 76,
    75, 77, 80, 78, 77, 78, 80, 79, 78, 77, 77, 78, 78, 77, 78, 75, 74,
    77, 78, 79, 77, 76, 78, 76, 77, 76, 79, 79, 79, 79, 78, 77, 78, 76,
    79, 79, 77, 76, 77, 75, 77, 76, 78, 80, 79, 77, 79, 78, 75, 77, 78,
    74, 77, 77, 81, 79, 79, 80, 80, 81, 77, 77, 80, 80, 79, 80, 80, 78,
    80, 80, 78, 76, 80, 77, 81, 80, 79, 81, 81, 80, 77, 81, 78, 78, 80,
    78 ]
