%YAML:1.0
---
videoName: "headShake41.mp4"
gestureLabel: 201
fps: 29
pixelSizeInCmTemp: 3.2364864864864862e-01
faceCenterPointX: 264
faceCenterPointY: 85
headPositionsX: [ 266, 263, 259, 262, 262, 261, 262, 262, 263, 262, 263,
    263, 263, 262, 263, 260, 259, 262, 261, 258, 264, 263, 262, 267, 265,
    267, 269, 271, 274, 276, 279, 278, 283, 281, 281, 281, 282, 280, 279,
    279, 272, 270, 265, 261, 255, 256, 250, 249, 248, 245, 242, 246, 246,
    246, 250, 252, 249, 254, 255, 258, 264, 268, 271, 271, 276, 276, 277,
    280, 276, 277, 279, 278, 276, 273, 271, 269, 268, 266, 263, 264, 263,
    265, 266, 262, 262, 262, 263, 264, 263, 260, 264, 265, 261, 262, 263,
    264, 265, 263, 261, 266 ]
headPositionsY: [ 83, 83, 85, 83, 84, 83, 81, 84, 84, 83, 85, 81, 83, 86,
    81, 84, 82, 86, 85, 82, 82, 84, 83, 83, 85, 83, 84, 82, 82, 80, 81,
    79, 81, 80, 80, 79, 83, 82, 81, 81, 83, 81, 83, 87, 81, 83, 84, 82,
    82, 81, 83, 85, 81, 85, 85, 83, 81, 85, 85, 87, 86, 83, 83, 82, 85,
    83, 82, 84, 84, 86, 84, 83, 82, 86, 83, 84, 85, 84, 86, 84, 85, 81,
    83, 85, 83, 84, 84, 87, 82, 85, 85, 84, 84, 82, 82, 85, 86, 82, 85,
    86 ]
