%YAML:1.0
---
videoName: "headLookDown6.mp4"
gestureLabel: 206
fps: 29
pixelSizeInCmTemp: 3.4710144927536229e-01
faceCenterPointX: 276
faceCenterPointY: 98
headPositionsX: [ 276, 276, 274, 272, 277, 275, 273, 273, 274, 277, 274,
    276, 273, 274, 276, 277, 277, 274, 273, 275, 274, 274, 274, 274, 277,
    273, 275, 273, 273, 275, 277, 277, 277, 277, 277, 274, 277, 275, 276,
    273, 274, 277, 276, 278, 276, 276, 278, 275, 274, 278, 276, 276, 276,
    277, 278, 273, 274, 275, 274, 277, 276, 277, 274, 276, 275, 273, 274,
    272, 273, 275, 276, 276, 277, 276, 275, 273, 275, 274, 275, 274, 276,
    274, 275, 274, 274, 275, 276, 276, 274, 274, 277, 277, 274, 275, 277,
    276, 279, 277, 278, 278 ]
headPositionsY: [ 99, 79, 83, 80, 83, 79, 83, 81, 80, 83, 80, 83, 80, 82,
    81, 82, 80, 82, 82, 80, 82, 83, 81, 81, 82, 82, 84, 84, 85, 85, 82,
    83, 80, 81, 84, 81, 84, 81, 82, 83, 81, 85, 84, 86, 84, 86, 91, 93,
    92, 91, 95, 92, 95, 97, 94, 98, 99, 98, 97, 97, 95, 97, 100, 96, 100,
    101, 97, 99, 97, 99, 97, 97, 99, 101, 97, 98, 100, 99, 100, 99, 98,
    99, 99, 97, 100, 99, 100, 97, 98, 99, 98, 98, 99, 100, 99, 100, 98,
    96, 96, 96 ]
