%YAML:1.0
---
videoName: "headLookDown6.mp4"
gestureLabel: 206
fps: 29
pixelSizeInCmTemp: 3.4710144927536229e-01
faceCenterPointX: 276
faceCenterPointY: 98
headPositionsX: [ 274, 273, 274, 274, 274, 276, 276, 272, 275, 274, 276,
    277, 273, 277, 275, 275, 274, 274, 275, 276, 274, 273, 273, 276, 275,
    274, 273, 276, 273, 276, 274, 275, 276, 273, 274, 277, 274, 276, 273,
    274, 276, 277, 273, 274, 274, 277, 274, 278, 275, 274, 278, 273, 276,
    275, 274, 277, 275, 275, 276, 275, 275, 276, 273, 274, 274, 273, 273,
    273, 274, 277, 272, 274, 273, 276, 275, 274, 273, 273, 273, 276, 273,
    275, 274, 275, 277, 275, 278, 278, 275, 276, 275, 274, 277, 275, 277,
    277, 277, 275, 276, 274 ]
headPositionsY: [ 99, 82, 81, 82, 81, 81, 79, 82, 82, 83, 80, 80, 82, 80,
    82, 82, 82, 81, 81, 82, 80, 80, 82, 84, 81, 82, 82, 80, 83, 85, 81,
    82, 82, 84, 82, 80, 83, 83, 86, 83, 82, 84, 85, 88, 84, 87, 88, 92,
    92, 91, 93, 96, 94, 93, 97, 95, 98, 98, 98, 99, 94, 97, 100, 96, 99,
    100, 99, 95, 97, 101, 99, 97, 101, 99, 97, 97, 97, 99, 100, 100, 98,
    97, 100, 97, 101, 99, 100, 101, 98, 98, 99, 99, 99, 98, 95, 96, 98,
    96, 100, 100 ]
