%YAML:1.0
---
videoName: "headLookUp5.mp4"
gestureLabel: 205
fps: 29
pixelSizeInCmTemp: 3.6287878787878786e-01
faceCenterPointX: 256
faceCenterPointY: 67
headPositionsX: [ 254, 255, 257, 258, 255, 255, 257, 255, 257, 258, 257,
    258, 255, 259, 258, 255, 257, 255, 253, 258, 259, 254, 257, 254, 255,
    254, 257, 257, 258, 255, 258, 255, 258, 257, 256, 257, 255, 256, 257,
    255, 258, 258, 254, 256, 258, 255, 255, 256, 254, 256, 255, 258, 255,
    255, 254, 254, 253, 258, 255, 254, 255, 253, 255, 257, 258, 258, 255,
    257, 256, 254, 255, 258, 256, 254, 256, 258, 258, 256, 256, 254, 258,
    256, 255, 257, 254, 255, 254, 258, 254, 253, 259, 255, 256, 258, 253,
    255, 254, 256, 256, 255 ]
headPositionsY: [ 65, 84, 81, 80, 79, 81, 84, 81, 81, 80, 83, 80, 80, 82,
    80, 80, 79, 82, 81, 79, 81, 81, 82, 81, 81, 83, 80, 79, 81, 80, 80,
    81, 79, 81, 78, 75, 75, 75, 70, 72, 69, 71, 68, 67, 65, 68, 67, 66,
    67, 68, 66, 69, 69, 68, 68, 68, 68, 69, 69, 67, 66, 68, 71, 70, 66,
    69, 69, 67, 66, 69, 67, 67, 67, 67, 68, 67, 69, 67, 67, 69, 69, 69,
    69, 70, 65, 69, 69, 68, 70, 69, 67, 68, 64, 65, 64, 68, 67, 69, 66,
    68 ]
