%YAML:1.0
---
videoName: "headLookRight2.mp4"
gestureLabel: 204
fps: 29
pixelSizeInCmTemp: 3.8015873015873014e-01
faceCenterPointX: 228
faceCenterPointY: 68
headPositionsX: [ 229, 249, 250, 253, 252, 251, 253, 249, 254, 250, 251,
    254, 250, 251, 251, 253, 251, 254, 253, 253, 251, 251, 252, 251, 251,
    253, 251, 253, 253, 254, 255, 255, 253, 253, 253, 254, 254, 251, 255,
    251, 255, 253, 254, 253, 250, 253, 252, 253, 250, 247, 249, 245, 247,
    241, 237, 237, 235, 234, 230, 231, 230, 226, 231, 229, 226, 228, 229,
    225, 224, 226, 228, 231, 229, 229, 226, 227, 228, 231, 228, 231, 232,
    228, 227, 226, 229, 230, 229, 226, 228, 226, 225, 229, 228, 228, 228,
    231, 229, 229, 227, 228 ]
headPositionsY: [ 66, 66, 70, 65, 69, 66, 68, 67, 67, 68, 66, 67, 67, 66,
    71, 71, 72, 71, 70, 70, 70, 68, 68, 68, 69, 72, 71, 69, 70, 70, 71,
    69, 68, 69, 67, 70, 68, 70, 69, 69, 69, 69, 71, 69, 68, 70, 68, 67,
    70, 71, 67, 70, 71, 70, 68, 68, 69, 71, 67, 69, 67, 66, 67, 66, 68,
    69, 68, 69, 71, 70, 69, 70, 69, 67, 72, 72, 69, 69, 70, 71, 69, 72,
    72, 72, 70, 67, 68, 72, 68, 68, 72, 70, 70, 68, 67, 67, 67, 71, 73,
    71 ]
