%YAML:1.0
---
videoName: "headShake21.mp4"
gestureLabel: 201
fps: 29
pixelSizeInCmTemp: 3.1933333333333330e-01
faceCenterPointX: 241
faceCenterPointY: 78
headPositionsX: [ 243, 246, 246, 245, 244, 240, 241, 242, 243, 242, 243,
    242, 244, 242, 242, 239, 241, 239, 241, 240, 244, 243, 243, 244, 242,
    242, 246, 245, 245, 245, 245, 244, 241, 243, 243, 242, 240, 243, 244,
    241, 241, 243, 241, 242, 241, 242, 243, 243, 243, 243, 240, 239, 241,
    243, 240, 240, 241, 243, 242, 241, 239, 238, 242, 240, 239, 242, 241,
    243, 246, 249, 249, 252, 252, 250, 244, 244, 235, 233, 234, 231, 235,
    238, 239, 244, 244, 241, 240, 242, 238, 239, 237, 237, 239, 236, 241,
    240, 239, 241, 243, 242 ]
headPositionsY: [ 76, 84, 83, 77, 79, 73, 74, 71, 70, 73, 70, 72, 73, 72,
    70, 70, 70, 69, 71, 70, 73, 73, 72, 72, 72, 75, 73, 74, 75, 77, 75,
    76, 78, 74, 75, 76, 75, 77, 78, 74, 79, 79, 78, 75, 76, 80, 79, 78,
    78, 79, 78, 78, 79, 78, 81, 76, 80, 76, 79, 78, 78, 76, 78, 80, 77,
    80, 80, 78, 80, 78, 76, 77, 77, 76, 77, 78, 80, 76, 75, 75, 77, 80,
    75, 80, 79, 76, 79, 79, 80, 79, 77, 76, 78, 78, 80, 78, 77, 80, 81,
    78 ]
