%YAML:1.0
---
videoName: "headShake5.mp4"
gestureLabel: 201
fps: 30
pixelSizeInCmTemp: 3.3263888888888887e-01
faceCenterPointX: 275
faceCenterPointY: 73
headPositionsX: [ 277, 279, 278, 276, 276, 276, 278, 279, 277, 280, 277,
    277, 278, 279, 279, 278, 276, 275, 279, 278, 276, 279, 280, 278, 278,
    276, 279, 277, 279, 277, 277, 278, 279, 278, 280, 284, 291, 295, 294,
    298, 294, 292, 292, 286, 276, 274, 268, 264, 264, 262, 266, 272, 279,
    288, 289, 288, 288, 286, 278, 275, 269, 262, 264, 262, 267, 268, 277,
    281, 283, 282, 286, 285, 282, 276, 271, 273, 269, 268, 266, 268, 270,
    272, 276, 278, 279, 282, 284, 284, 282, 283, 280, 281, 277, 277, 273,
    274, 275, 273, 275, 273 ]
headPositionsY: [ 72, 72, 73, 72, 73, 74, 74, 74, 75, 73, 75, 71, 72, 71,
    72, 72, 74, 71, 71, 72, 74, 73, 72, 72, 72, 74, 76, 75, 76, 76, 72,
    73, 75, 72, 72, 75, 71, 74, 71, 71, 71, 71, 72, 74, 73, 75, 71, 74,
    75, 71, 74, 76, 76, 74, 72, 73, 73, 75, 73, 75, 74, 72, 72, 72, 73,
    76, 72, 73, 74, 75, 73, 74, 73, 75, 76, 71, 76, 73, 73, 71, 73, 73,
    71, 72, 75, 71, 73, 72, 73, 74, 70, 72, 73, 74, 72, 75, 75, 74, 71,
    75 ]
