%YAML:1.0
---
videoName: "headShake11.mp4"
gestureLabel: 201
fps: 29
pixelSizeInCmTemp: 3.2364864864864862e-01
faceCenterPointX: 244
faceCenterPointY: 76
headPositionsX: [ 242, 239, 242, 242, 242, 243, 242, 242, 244, 243, 243,
    240, 241, 244, 242, 241, 243, 242, 243, 244, 241, 242, 240, 243, 244,
    240, 242, 245, 245, 248, 253, 259, 260, 260, 259, 260, 262, 256, 255,
    248, 246, 240, 235, 232, 225, 224, 228, 230, 235, 239, 246, 251, 255,
    260, 258, 258, 258, 251, 247, 246, 240, 233, 232, 232, 228, 230, 235,
    237, 243, 248, 250, 254, 259, 258, 259, 254, 253, 246, 247, 240, 237,
    234, 236, 237, 235, 237, 239, 241, 245, 245, 248, 248, 247, 245, 247,
    245, 247, 245, 243, 244 ]
headPositionsY: [ 78, 71, 71, 72, 71, 73, 75, 71, 75, 74, 72, 72, 72, 70,
    70, 74, 75, 73, 74, 72, 72, 71, 73, 71, 74, 72, 71, 73, 71, 74, 72,
    70, 71, 72, 71, 72, 73, 71, 75, 75, 73, 72, 74, 74, 73, 76, 72, 72,
    74, 76, 73, 73, 71, 72, 73, 71, 72, 74, 73, 77, 78, 77, 76, 74, 75,
    75, 75, 77, 75, 75, 72, 71, 73, 72, 72, 74, 74, 76, 75, 74, 76, 75,
    74, 75, 72, 76, 73, 75, 75, 75, 75, 77, 73, 75, 76, 76, 74, 78, 77,
    76 ]
