%YAML:1.0
---
videoName: "headNod0.mp4"
gestureLabel: 202
fps: 29
pixelSizeInCmTemp: 3.2364864864864862e-01
faceCenterPointX: 264
faceCenterPointY: 76
headPositionsX: [ 264, 266, 265, 268, 266, 268, 269, 268, 269, 269, 267,
    265, 265, 267, 267, 263, 264, 263, 265, 267, 265, 267, 266, 264, 265,
    268, 263, 263, 268, 263, 264, 265, 266, 264, 266, 265, 268, 265, 265,
    267, 264, 268, 265, 262, 266, 265, 263, 263, 264, 263, 264, 263, 262,
    266, 267, 263, 266, 266, 264, 266, 264, 264, 268, 264, 264, 265, 268,
    266, 267, 268, 265, 267, 264, 265, 265, 266, 265, 263, 265, 263, 261,
    266, 263, 263, 262, 265, 263, 266, 263, 262, 265, 263, 266, 267, 262,
    265, 262, 262, 266, 264 ]
headPositionsY: [ 76, 74, 70, 75, 73, 74, 71, 74, 76, 74, 73, 73, 71, 72,
    73, 71, 74, 72, 75, 72, 75, 75, 74, 74, 76, 76, 72, 74, 73, 69, 68,
    66, 66, 66, 64, 62, 63, 65, 64, 65, 65, 73, 72, 77, 78, 83, 81, 80,
    80, 80, 76, 73, 70, 72, 68, 65, 67, 65, 66, 66, 70, 70, 71, 75, 75,
    78, 77, 78, 79, 77, 78, 76, 73, 70, 69, 68, 68, 69, 67, 70, 68, 71,
    74, 75, 75, 78, 78, 77, 77, 79, 76, 76, 77, 75, 76, 76, 77, 74, 74,
    75 ]
