%YAML:1.0
---
videoName: "headShake9.mp4"
gestureLabel: 201
fps: 30
pixelSizeInCmTemp: 3.2808219178082193e-01
faceCenterPointX: 243
faceCenterPointY: 73
headPositionsX: [ 245, 242, 244, 244, 242, 242, 246, 242, 245, 244, 242,
    244, 241, 244, 243, 242, 245, 242, 244, 242, 242, 245, 242, 242, 245,
    241, 244, 244, 242, 242, 243, 244, 242, 245, 245, 245, 244, 242, 243,
    242, 245, 249, 252, 257, 262, 260, 264, 265, 259, 255, 252, 250, 245,
    236, 231, 231, 230, 229, 231, 236, 242, 246, 254, 258, 261, 263, 263,
    259, 253, 251, 245, 238, 236, 232, 228, 229, 226, 234, 238, 242, 246,
    246, 251, 252, 251, 249, 248, 248, 246, 248, 247, 243, 247, 244, 244,
    245, 245, 242, 242, 241 ]
headPositionsY: [ 75, 72, 74, 70, 74, 71, 70, 72, 73, 73, 71, 72, 71, 74,
    71, 74, 70, 71, 73, 75, 74, 74, 72, 71, 70, 74, 72, 73, 73, 72, 73,
    72, 71, 74, 73, 73, 73, 70, 72, 73, 71, 74, 71, 68, 68, 69, 71, 73,
    73, 72, 74, 71, 75, 71, 74, 74, 71, 73, 71, 71, 73, 73, 69, 73, 70,
    69, 69, 69, 72, 74, 70, 73, 73, 72, 71, 71, 72, 72, 75, 71, 74, 73,
    74, 70, 74, 72, 71, 73, 74, 71, 71, 72, 72, 75, 75, 72, 74, 72, 74,
    74 ]
