%YAML:1.0
---
videoName: "headLookUp8.mp4"
gestureLabel: 205
fps: 29
pixelSizeInCmTemp: 3.4214285714285714e-01
faceCenterPointX: 253
faceCenterPointY: 59
headPositionsX: [ 253, 252, 254, 254, 254, 254, 254, 255, 253, 252, 250,
    255, 254, 255, 250, 252, 253, 250, 254, 249, 249, 254, 252, 253, 253,
    250, 252, 254, 251, 252, 251, 253, 252, 251, 250, 254, 251, 254, 252,
    251, 251, 252, 254, 253, 251, 252, 250, 250, 252, 249, 250, 253, 250,
    253, 252, 251, 251, 253, 250, 252, 255, 254, 252, 253, 253, 251, 252,
    251, 253, 255, 252, 252, 254, 253, 251, 255, 253, 254, 253, 253, 255,
    251, 254, 251, 253, 253, 253, 252, 251, 252, 254, 251, 251, 254, 252,
    254, 253, 251, 252, 251 ]
headPositionsY: [ 59, 76, 78, 76, 77, 78, 78, 74, 74, 78, 76, 76, 77, 74,
    72, 74, 70, 68, 70, 71, 69, 68, 67, 65, 64, 67, 68, 67, 61, 63, 63,
    64, 61, 60, 61, 61, 61, 59, 58, 60, 59, 61, 61, 61, 57, 57, 60, 59,
    57, 56, 60, 58, 59, 56, 59, 56, 59, 60, 58, 57, 58, 58, 59, 58, 61,
    61, 56, 59, 57, 57, 58, 59, 59, 61, 58, 59, 58, 57, 57, 58, 58, 59,
    57, 60, 61, 59, 59, 60, 61, 60, 61, 57, 58, 57, 60, 57, 57, 60, 59,
    57 ]
