%YAML:1.0
---
videoName: "headShake43.mp4"
gestureLabel: 201
fps: 29
pixelSizeInCmTemp: 3.2808219178082193e-01
faceCenterPointX: 257
faceCenterPointY: 84
headPositionsX: [ 259, 259, 262, 261, 259, 258, 259, 261, 259, 258, 261,
    260, 257, 260, 261, 259, 262, 259, 262, 260, 259, 262, 263, 261, 262,
    263, 261, 263, 268, 272, 271, 272, 279, 276, 279, 285, 280, 276, 278,
    273, 269, 265, 262, 255, 253, 246, 245, 243, 244, 244, 250, 254, 258,
    260, 265, 271, 273, 276, 275, 274, 273, 266, 261, 254, 253, 247, 246,
    242, 242, 247, 250, 249, 256, 258, 265, 266, 269, 268, 271, 267, 268,
    265, 265, 264, 265, 259, 259, 259, 258, 259, 258, 259, 258, 255, 256,
    257, 259, 256, 256, 254 ]
headPositionsY: [ 84, 87, 86, 86, 84, 83, 86, 85, 87, 83, 87, 85, 86, 87,
    85, 86, 85, 86, 87, 87, 85, 84, 84, 85, 83, 84, 84, 84, 87, 81, 83,
    85, 84, 84, 81, 84, 83, 81, 85, 84, 86, 83, 84, 83, 83, 85, 81, 81,
    85, 86, 82, 84, 83, 85, 84, 81, 83, 84, 81, 83, 83, 82, 84, 82, 83,
    83, 82, 82, 81, 82, 83, 87, 86, 83, 85, 83, 81, 82, 83, 81, 83, 84,
    82, 85, 83, 84, 82, 85, 83, 83, 85, 82, 82, 83, 82, 83, 82, 81, 84,
    82 ]
