%YAML:1.0
---
videoName: "headShake19.mp4"
gestureLabel: 201
fps: 29
pixelSizeInCmTemp: 3.1933333333333330e-01
faceCenterPointX: 243
faceCenterPointY: 78
headPositionsX: [ 242, 243, 241, 246, 245, 243, 243, 242, 245, 244, 242,
    246, 245, 241, 241, 241, 241, 245, 244, 243, 240, 244, 240, 245, 241,
    242, 244, 243, 244, 242, 243, 244, 241, 241, 241, 239, 239, 239, 233,
    235, 234, 236, 240, 244, 247, 252, 256, 255, 259, 256, 249, 246, 237,
    234, 234, 230, 234, 232, 240, 243, 246, 247, 249, 246, 244, 245, 241,
    241, 235, 238, 234, 236, 236, 238, 243, 241, 245, 248, 244, 243, 243,
    246, 241, 243, 243, 240, 239, 238, 240, 242, 239, 241, 244, 243, 242,
    242, 242, 242, 243, 244 ]
headPositionsY: [ 77, 78, 78, 76, 76, 76, 74, 76, 78, 76, 79, 77, 76, 76,
    75, 74, 77, 77, 76, 79, 77, 78, 75, 79, 75, 79, 75, 76, 75, 78, 77,
    77, 77, 77, 77, 76, 79, 77, 76, 78, 79, 75, 76, 76, 78, 75, 78, 74,
    77, 74, 79, 77, 77, 76, 78, 74, 75, 78, 77, 79, 79, 75, 77, 78, 78,
    78, 77, 75, 77, 79, 78, 80, 77, 79, 75, 76, 78, 77, 79, 80, 77, 78,
    75, 77, 76, 77, 79, 81, 78, 79, 80, 79, 79, 76, 80, 80, 77, 77, 78,
    76 ]
