%YAML:1.0
---
videoName: "headNod20.mp4"
gestureLabel: 202
fps: 30
pixelSizeInCmTemp: 3.2808219178082193e-01
faceCenterPointX: 253
faceCenterPointY: 80
headPositionsX: [ 251, 255, 254, 256, 258, 256, 253, 257, 258, 254, 255,
    253, 257, 255, 256, 255, 258, 258, 253, 254, 255, 255, 258, 254, 256,
    253, 257, 255, 257, 256, 257, 257, 257, 256, 258, 256, 252, 256, 253,
    256, 255, 254, 253, 254, 254, 252, 252, 252, 255, 254, 251, 251, 252,
    251, 252, 251, 249, 251, 249, 252, 253, 253, 252, 252, 254, 251, 252,
    253, 252, 253, 255, 254, 255, 251, 251, 253, 255, 253, 252, 253, 251,
    251, 254, 254, 255, 254, 251, 254, 253, 256, 253, 251, 253, 254, 255,
    252, 255, 252, 255, 253 ]
headPositionsY: [ 80, 76, 77, 78, 79, 80, 79, 76, 79, 80, 79, 77, 77, 80,
    80, 78, 81, 77, 77, 76, 80, 78, 79, 78, 79, 76, 78, 79, 79, 82, 84,
    86, 86, 88, 88, 85, 80, 75, 74, 71, 73, 70, 72, 72, 78, 78, 86, 87,
    90, 86, 87, 84, 80, 76, 75, 74, 76, 80, 81, 80, 81, 84, 79, 81, 77,
    76, 78, 78, 79, 84, 84, 78, 79, 76, 76, 80, 80, 78, 82, 83, 79, 79,
    81, 81, 80, 80, 80, 79, 79, 80, 78, 83, 80, 80, 82, 78, 80, 80, 80,
    80 ]
