%YAML:1.0
---
videoName: "headLookLeft9.mp4"
gestureLabel: 203
fps: 30
pixelSizeInCmTemp: 3.2364864864864862e-01
faceCenterPointX: 273
faceCenterPointY: 69
headPositionsX: [ 273, 248, 247, 247, 248, 247, 246, 245, 246, 244, 249,
    246, 246, 248, 248, 245, 246, 244, 247, 244, 247, 244, 245, 244, 246,
    244, 246, 243, 245, 243, 247, 244, 250, 247, 252, 250, 254, 259, 258,
    259, 264, 266, 266, 267, 266, 271, 270, 272, 272, 271, 269, 271, 270,
    269, 273, 269, 275, 271, 272, 272, 270, 272, 269, 274, 273, 270, 272,
    269, 273, 270, 273, 272, 273, 272, 275, 271, 270, 267, 273, 269, 269,
    270, 268, 268, 272, 268, 271, 271, 271, 273, 274, 272, 272, 271, 269,
    275, 271, 274, 271, 271 ]
headPositionsY: [ 68, 69, 71, 70, 69, 70, 73, 72, 67, 72, 70, 73, 69, 69,
    70, 70, 70, 72, 70, 73, 73, 70, 73, 70, 70, 70, 70, 72, 71, 69, 69,
    72, 70, 70, 69, 72, 70, 70, 68, 66, 70, 67, 68, 69, 70, 67, 68, 66,
    66, 71, 67, 67, 67, 68, 70, 67, 68, 70, 66, 67, 66, 67, 67, 68, 67,
    68, 65, 68, 67, 65, 69, 68, 68, 72, 71, 70, 71, 66, 66, 70, 68, 68,
    67, 70, 70, 65, 67, 71, 66, 66, 69, 69, 67, 68, 67, 67, 70, 71, 71,
    71 ]
