%YAML:1.0
---
videoName: "headShake18.mp4"
gestureLabel: 201
fps: 30
pixelSizeInCmTemp: 3.2808219178082193e-01
faceCenterPointX: 240
faceCenterPointY: 77
headPositionsX: [ 241, 242, 242, 240, 243, 240, 242, 240, 241, 241, 241,
    239, 240, 241, 243, 239, 243, 243, 241, 242, 239, 240, 238, 240, 241,
    241, 241, 240, 241, 240, 240, 237, 238, 241, 238, 240, 245, 247, 248,
    251, 254, 251, 250, 251, 248, 241, 240, 234, 231, 229, 228, 233, 236,
    240, 242, 248, 249, 247, 249, 248, 243, 239, 238, 237, 231, 233, 233,
    234, 236, 242, 241, 242, 243, 246, 245, 243, 238, 235, 238, 238, 238,
    236, 237, 238, 237, 239, 243, 244, 243, 245, 244, 240, 240, 241, 242,
    238, 239, 242, 238, 241 ]
headPositionsY: [ 75, 75, 78, 77, 74, 75, 77, 73, 73, 77, 74, 76, 74, 78,
    77, 78, 76, 74, 75, 75, 73, 78, 74, 76, 74, 78, 74, 74, 75, 78, 77,
    76, 79, 76, 77, 76, 78, 75, 76, 76, 75, 77, 75, 74, 77, 78, 75, 76,
    75, 77, 73, 78, 77, 76, 76, 75, 78, 78, 74, 78, 74, 77, 79, 75, 75,
    77, 78, 76, 76, 79, 77, 78, 76, 78, 80, 76, 77, 78, 76, 78, 77, 76,
    77, 75, 78, 77, 79, 78, 76, 79, 80, 76, 76, 78, 78, 76, 77, 76, 79,
    76 ]
