%YAML:1.0
---
videoName: "headNod1.mp4"
gestureLabel: 202
fps: 29
pixelSizeInCmTemp: 3.2808219178082193e-01
faceCenterPointX: 263
faceCenterPointY: 78
headPositionsX: [ 261, 265, 263, 263, 264, 262, 260, 266, 264, 264, 263,
    265, 263, 265, 264, 263, 263, 266, 265, 265, 264, 262, 266, 266, 264,
    263, 263, 262, 265, 264, 265, 264, 264, 267, 264, 264, 262, 263, 262,
    265, 268, 265, 265, 265, 264, 264, 266, 264, 267, 263, 266, 262, 266,
    262, 261, 263, 263, 261, 263, 261, 265, 265, 262, 263, 263, 263, 264,
    265, 265, 261, 264, 261, 263, 263, 261, 262, 264, 260, 262, 261, 261,
    261, 260, 260, 264, 261, 263, 262, 265, 263, 264, 264, 263, 264, 263,
    264, 264, 261, 261, 265 ]
headPositionsY: [ 79, 72, 72, 72, 76, 75, 75, 75, 77, 74, 74, 73, 75, 75,
    73, 75, 76, 73, 76, 75, 74, 76, 73, 75, 77, 73, 77, 73, 75, 73, 75,
    73, 73, 76, 72, 70, 71, 69, 66, 62, 64, 64, 61, 64, 63, 64, 69, 69,
    73, 75, 79, 80, 80, 84, 84, 83, 77, 75, 75, 70, 69, 69, 65, 65, 65,
    68, 69, 73, 76, 75, 78, 76, 78, 75, 74, 70, 67, 64, 65, 65, 67, 68,
    69, 71, 72, 73, 78, 82, 79, 80, 80, 83, 81, 81, 79, 79, 78, 79, 80,
    77 ]
