%YAML:1.0
---
videoName: "headNod27.mp4"
gestureLabel: 202
fps: 29
pixelSizeInCmTemp: 3.0705128205128202e-01
faceCenterPointX: 271
faceCenterPointY: 77
headPositionsX: [ 270, 274, 273, 273, 273, 272, 272, 273, 273, 272, 271,
    275, 274, 270, 271, 272, 270, 272, 272, 270, 275, 271, 270, 271, 273,
    275, 271, 272, 272, 274, 272, 272, 269, 272, 270, 269, 269, 271, 269,
    267, 270, 268, 268, 271, 269, 271, 268, 271, 269, 269, 271, 267, 270,
    272, 269, 268, 269, 268, 272, 272, 271, 268, 270, 270, 268, 266, 268,
    268, 271, 267, 266, 270, 267, 271, 270, 268, 268, 267, 267, 270, 270,
    266, 271, 270, 270, 271, 271, 270, 271, 269, 269, 270, 273, 272, 271,
    269, 270, 271, 269, 270 ]
headPositionsY: [ 75, 74, 72, 74, 75, 73, 72, 75, 73, 76, 75, 74, 72, 72,
    74, 72, 73, 76, 75, 74, 73, 70, 71, 68, 66, 65, 64, 66, 63, 67, 71,
    79, 80, 85, 82, 81, 83, 80, 76, 72, 66, 68, 66, 70, 70, 69, 75, 78,
    78, 78, 81, 79, 74, 73, 68, 69, 72, 69, 73, 73, 76, 79, 80, 85, 80,
    76, 76, 73, 72, 72, 72, 72, 73, 78, 76, 80, 79, 76, 74, 74, 73, 70,
    70, 70, 69, 73, 75, 76, 79, 77, 77, 80, 78, 79, 78, 77, 78, 78, 77,
    77 ]
