%YAML:1.0
---
videoName: "headLookRight2.mp4"
gestureLabel: 204
fps: 29
pixelSizeInCmTemp: 3.8015873015873014e-01
faceCenterPointX: 228
faceCenterPointY: 68
headPositionsX: [ 227, 252, 251, 251, 254, 250, 253, 251, 253, 254, 251,
    252, 252, 251, 252, 250, 252, 253, 252, 252, 250, 253, 250, 250, 253,
    252, 254, 253, 254, 253, 256, 252, 254, 253, 253, 251, 255, 253, 251,
    252, 253, 254, 254, 253, 251, 252, 253, 251, 249, 250, 249, 246, 244,
    241, 241, 237, 235, 234, 229, 229, 226, 226, 231, 229, 228, 226, 226,
    226, 222, 228, 230, 231, 226, 228, 228, 228, 227, 229, 229, 230, 230,
    231, 228, 228, 228, 227, 231, 227, 228, 227, 229, 227, 229, 232, 228,
    228, 231, 230, 228, 232 ]
headPositionsY: [ 67, 66, 67, 67, 70, 67, 68, 66, 66, 68, 70, 67, 70, 69,
    71, 69, 69, 71, 68, 71, 69, 71, 69, 70, 69, 70, 72, 68, 72, 68, 71,
    71, 69, 68, 67, 67, 67, 71, 71, 69, 67, 69, 69, 68, 70, 70, 68, 69,
    71, 69, 68, 70, 71, 70, 70, 67, 68, 72, 67, 71, 68, 68, 67, 65, 68,
    67, 70, 70, 74, 68, 72, 68, 70, 70, 71, 68, 73, 73, 72, 71, 68, 70,
    68, 72, 69, 71, 68, 72, 69, 68, 72, 67, 69, 70, 68, 67, 69, 68, 70,
    68 ]
