%YAML:1.0
---
videoName: "headLookRight0.mp4"
gestureLabel: 204
fps: 29
pixelSizeInCmTemp: 3.1933333333333330e-01
faceCenterPointX: 229
faceCenterPointY: 68
headPositionsX: [ 230, 258, 257, 256, 257, 255, 257, 257, 255, 258, 258,
    255, 258, 258, 257, 258, 254, 255, 254, 256, 258, 256, 255, 257, 259,
    255, 257, 254, 254, 257, 254, 257, 255, 255, 258, 257, 256, 254, 254,
    254, 253, 249, 246, 244, 242, 242, 237, 235, 238, 234, 232, 235, 234,
    232, 232, 234, 231, 232, 232, 231, 232, 231, 234, 232, 232, 234, 232,
    234, 233, 234, 235, 237, 235, 234, 233, 231, 229, 229, 230, 232, 232,
    233, 231, 227, 230, 229, 231, 232, 229, 230, 229, 231, 231, 226, 229,
    227, 229, 233, 228, 230 ]
headPositionsY: [ 66, 65, 67, 64, 65, 65, 65, 65, 67, 64, 66, 65, 65, 69,
    66, 69, 64, 65, 67, 66, 66, 67, 66, 69, 67, 67, 69, 65, 69, 67, 69,
    70, 70, 66, 69, 66, 69, 66, 68, 66, 68, 66, 68, 68, 68, 66, 67, 66,
    66, 66, 69, 68, 68, 68, 69, 67, 68, 70, 68, 68, 66, 69, 70, 66, 66,
    69, 68, 66, 67, 70, 68, 67, 70, 67, 70, 65, 69, 66, 67, 68, 68, 68,
    69, 69, 69, 69, 71, 68, 64, 65, 66, 67, 71, 68, 69, 66, 67, 65, 66,
    67 ]
