%YAML:1.0
---
videoName: "headNod0.mp4"
gestureLabel: 202
fps: 29
pixelSizeInCmTemp: 3.2364864864864862e-01
faceCenterPointX: 264
faceCenterPointY: 76
headPositionsX: [ 265, 269, 265, 270, 270, 265, 267, 269, 266, 266, 268,
    265, 269, 267, 266, 266, 266, 267, 265, 266, 267, 268, 267, 264, 265,
    267, 265, 265, 265, 266, 263, 265, 264, 265, 267, 267, 266, 268, 264,
    265, 268, 264, 264, 264, 263, 263, 267, 265, 264, 262, 263, 262, 266,
    267, 266, 263, 265, 265, 265, 264, 265, 265, 265, 268, 268, 264, 266,
    263, 266, 264, 265, 267, 264, 267, 264, 266, 266, 265, 262, 265, 262,
    265, 264, 264, 262, 266, 262, 266, 266, 265, 265, 262, 267, 263, 265,
    266, 263, 262, 267, 262 ]
headPositionsY: [ 78, 72, 71, 72, 74, 71, 71, 71, 74, 75, 74, 72, 73, 72,
    72, 74, 72, 74, 75, 71, 75, 73, 73, 76, 72, 72, 72, 71, 71, 72, 68,
    69, 65, 62, 64, 62, 65, 65, 66, 64, 65, 73, 72, 75, 79, 81, 84, 83,
    79, 81, 77, 73, 70, 71, 68, 68, 68, 66, 66, 69, 68, 72, 75, 72, 75,
    79, 78, 79, 78, 78, 79, 73, 73, 70, 68, 68, 66, 66, 66, 71, 69, 71,
    71, 76, 76, 78, 79, 77, 81, 80, 78, 76, 79, 76, 78, 78, 74, 76, 78,
    74 ]
