%YAML:1.0
---
videoName: "headShake41.mp4"
gestureLabel: 201
fps: 29
pixelSizeInCmTemp: 3.2364864864864862e-01
faceCenterPointX: 264
faceCenterPointY: 85
headPositionsX: [ 266, 263, 260, 261, 259, 259, 260, 261, 263, 260, 262,
    260, 260, 260, 263, 262, 263, 261, 259, 258, 262, 263, 265, 266, 267,
    270, 270, 274, 274, 276, 278, 279, 282, 283, 278, 281, 279, 282, 277,
    279, 272, 270, 266, 262, 255, 254, 251, 251, 248, 245, 246, 244, 245,
    245, 247, 250, 250, 252, 256, 259, 264, 267, 267, 271, 277, 276, 277,
    280, 279, 278, 277, 277, 272, 272, 271, 266, 268, 269, 263, 267, 263,
    262, 263, 261, 265, 263, 263, 263, 262, 262, 264, 263, 260, 262, 264,
    264, 263, 264, 262, 264 ]
headPositionsY: [ 83, 81, 84, 82, 85, 82, 81, 83, 82, 82, 84, 81, 81, 82,
    85, 82, 85, 83, 85, 84, 83, 83, 84, 83, 85, 83, 81, 84, 80, 80, 81,
    83, 82, 82, 82, 80, 82, 80, 83, 84, 83, 81, 82, 87, 83, 83, 84, 82,
    80, 83, 82, 85, 80, 83, 86, 84, 84, 86, 84, 86, 84, 86, 86, 86, 85,
    82, 82, 84, 82, 82, 85, 84, 85, 86, 84, 84, 85, 83, 85, 85, 83, 83,
    86, 82, 82, 82, 83, 87, 85, 85, 85, 84, 85, 83, 86, 86, 82, 83, 86,
    85 ]
