%YAML:1.0
---
videoName: "headLookLeft7.mp4"
gestureLabel: 203
fps: 29
pixelSizeInCmTemp: 3.4214285714285714e-01
faceCenterPointX: 268
faceCenterPointY: 68
headPositionsX: [ 267, 246, 247, 243, 248, 244, 247, 246, 243, 244, 245,
    244, 245, 245, 246, 245, 247, 247, 245, 245, 243, 248, 245, 247, 247,
    246, 244, 248, 244, 249, 250, 248, 252, 252, 256, 261, 259, 262, 262,
    263, 266, 266, 267, 264, 266, 267, 271, 266, 268, 268, 264, 270, 270,
    266, 264, 270, 265, 267, 266, 271, 268, 271, 265, 267, 270, 268, 265,
    272, 264, 267, 269, 269, 269, 270, 270, 269, 269, 270, 267, 268, 266,
    268, 268, 269, 269, 269, 270, 268, 268, 272, 269, 268, 267, 268, 269,
    269, 270, 269, 268, 271 ]
headPositionsY: [ 66, 70, 70, 67, 68, 68, 68, 70, 67, 67, 71, 68, 68, 70,
    71, 69, 71, 72, 72, 70, 68, 72, 72, 71, 69, 71, 69, 72, 71, 69, 70,
    71, 70, 67, 69, 70, 66, 71, 68, 70, 66, 69, 67, 68, 68, 69, 70, 68,
    67, 70, 70, 68, 70, 70, 70, 71, 69, 67, 69, 71, 71, 70, 69, 70, 67,
    68, 67, 72, 66, 69, 71, 68, 71, 69, 70, 67, 70, 66, 69, 71, 65, 71,
    71, 68, 70, 69, 69, 68, 68, 69, 68, 71, 71, 70, 67, 69, 68, 68, 72,
    67 ]
