%YAML:1.0
---
videoName: "headNod33.mp4"
gestureLabel: 202
fps: 29
pixelSizeInCmTemp: 2.9567901234567900e-01
faceCenterPointX: 268
faceCenterPointY: 74
headPositionsX: [ 266, 266, 271, 268, 270, 268, 270, 268, 272, 272, 272,
    270, 271, 272, 272, 271, 271, 271, 272, 268, 272, 269, 271, 268, 268,
    271, 268, 271, 268, 270, 268, 271, 272, 267, 267, 269, 269, 270, 270,
    268, 269, 267, 272, 272, 269, 270, 268, 270, 270, 266, 267, 267, 266,
    269, 266, 270, 268, 270, 265, 267, 268, 269, 265, 266, 269, 267, 265,
    268, 266, 269, 268, 265, 269, 266, 270, 269, 269, 271, 271, 267, 271,
    270, 268, 269, 269, 266, 268, 265, 269, 267, 267, 268, 268, 266, 265,
    267, 267, 266, 268, 267 ]
headPositionsY: [ 73, 73, 74, 70, 72, 69, 74, 73, 74, 73, 70, 69, 74, 70,
    74, 73, 73, 70, 74, 72, 73, 73, 70, 72, 69, 74, 69, 73, 73, 72, 70,
    72, 71, 74, 78, 77, 76, 76, 76, 70, 66, 67, 65, 66, 64, 67, 69, 73,
    77, 80, 83, 84, 81, 75, 76, 75, 71, 70, 69, 72, 67, 69, 74, 73, 72,
    74, 75, 76, 75, 76, 76, 72, 74, 72, 71, 71, 71, 73, 71, 72, 77, 77,
    77, 76, 80, 78, 75, 74, 78, 78, 73, 73, 74, 74, 73, 74, 76, 77, 76,
    76 ]
