%YAML:1.0
---
videoName: "headNod32.mp4"
gestureLabel: 202
fps: 29
pixelSizeInCmTemp: 2.8855421686746985e-01
faceCenterPointX: 266
faceCenterPointY: 74
headPositionsX: [ 267, 269, 267, 268, 271, 267, 264, 267, 267, 269, 268,
    263, 264, 263, 268, 266, 268, 267, 266, 267, 268, 264, 266, 264, 265,
    269, 267, 267, 264, 268, 267, 265, 264, 267, 268, 267, 265, 269, 268,
    267, 266, 266, 267, 266, 270, 268, 269, 268, 269, 269, 269, 266, 267,
    265, 265, 265, 269, 267, 266, 267, 268, 266, 269, 269, 267, 269, 269,
    265, 266, 266, 264, 266, 267, 265, 264, 266, 266, 267, 264, 265, 264,
    267, 264, 263, 265, 265, 267, 265, 269, 266, 267, 265, 269, 265, 268,
    265, 266, 268, 265, 264 ]
headPositionsY: [ 72, 80, 76, 77, 78, 76, 76, 80, 77, 77, 76, 78, 76, 78,
    79, 76, 77, 78, 78, 77, 75, 78, 75, 77, 76, 77, 80, 79, 78, 79, 77,
    76, 78, 78, 79, 77, 79, 75, 79, 80, 78, 76, 76, 75, 79, 77, 78, 78,
    78, 79, 77, 76, 79, 77, 76, 78, 77, 74, 76, 75, 67, 70, 66, 63, 64,
    67, 68, 74, 80, 84, 85, 88, 88, 87, 85, 80, 74, 72, 73, 70, 71, 73,
    69, 71, 71, 76, 73, 76, 75, 72, 77, 73, 74, 75, 73, 76, 77, 76, 76,
    76 ]
