%YAML:1.0
---
videoName: "headLookUp2.mp4"
gestureLabel: 205
fps: 29
pixelSizeInCmTemp: 3.7421874999999999e-01
faceCenterPointX: 254
faceCenterPointY: 67
headPositionsX: [ 252, 254, 254, 257, 257, 254, 258, 256, 257, 256, 257,
    256, 257, 253, 253, 254, 257, 257, 252, 257, 253, 256, 255, 255, 253,
    257, 257, 255, 256, 252, 255, 254, 253, 255, 255, 255, 253, 253, 253,
    252, 257, 256, 256, 253, 253, 257, 255, 256, 255, 257, 253, 255, 253,
    254, 257, 257, 252, 254, 254, 252, 252, 252, 255, 252, 253, 250, 253,
    256, 255, 251, 252, 252, 252, 256, 255, 252, 252, 256, 253, 254, 254,
    255, 255, 251, 254, 253, 253, 253, 257, 252, 255, 252, 253, 255, 255,
    255, 253, 254, 255, 256 ]
headPositionsY: [ 69, 78, 82, 82, 82, 79, 80, 80, 81, 81, 83, 82, 83, 79,
    82, 79, 82, 81, 81, 79, 80, 79, 81, 80, 83, 82, 81, 82, 82, 83, 82,
    82, 83, 82, 83, 79, 79, 78, 82, 80, 79, 79, 76, 75, 74, 76, 73, 72,
    68, 71, 71, 68, 66, 69, 66, 68, 66, 71, 67, 69, 68, 66, 67, 69, 69,
    68, 70, 69, 70, 65, 65, 67, 68, 68, 67, 70, 70, 69, 66, 70, 65, 68,
    70, 69, 70, 68, 67, 65, 70, 71, 68, 68, 66, 66, 67, 64, 65, 66, 66,
    65 ]
