%YAML:1.0
---
videoName: "headLookDown2.mp4"
gestureLabel: 206
fps: 29
pixelSizeInCmTemp: 3.3732394366197183e-01
faceCenterPointX: 274
faceCenterPointY: 95
headPositionsX: [ 272, 273, 274, 272, 272, 275, 271, 272, 273, 274, 271,
    273, 274, 275, 274, 274, 272, 272, 274, 274, 272, 273, 271, 276, 273,
    273, 276, 272, 272, 272, 272, 273, 276, 274, 276, 275, 273, 276, 271,
    276, 273, 272, 275, 277, 273, 275, 272, 272, 274, 272, 272, 272, 274,
    275, 272, 275, 272, 274, 275, 276, 274, 273, 273, 274, 273, 275, 274,
    275, 275, 277, 275, 274, 273, 276, 276, 274, 277, 276, 274, 274, 276,
    275, 273, 274, 275, 274, 276, 276, 273, 274, 274, 275, 274, 276, 272,
    276, 273, 274, 275, 273 ]
headPositionsY: [ 95, 77, 77, 81, 81, 78, 77, 79, 77, 78, 78, 77, 81, 81,
    81, 80, 78, 80, 80, 80, 77, 81, 78, 77, 80, 78, 78, 79, 80, 81, 79,
    78, 82, 79, 82, 81, 82, 85, 83, 85, 88, 88, 90, 89, 91, 94, 94, 96,
    93, 92, 95, 94, 92, 93, 95, 92, 94, 94, 93, 94, 93, 96, 95, 97, 93,
    96, 95, 93, 96, 95, 96, 96, 93, 96, 95, 95, 95, 96, 95, 97, 95, 95,
    97, 96, 96, 95, 96, 94, 96, 95, 96, 97, 94, 98, 97, 95, 97, 96, 94,
    97 ]
