%YAML:1.0
---
videoName: "headShake29.mp4"
gestureLabel: 201
fps: 29
pixelSizeInCmTemp: 3.3263888888888887e-01
faceCenterPointX: 243
faceCenterPointY: 76
headPositionsX: [ 242, 244, 240, 242, 244, 244, 240, 243, 242, 243, 244,
    243, 244, 244, 243, 242, 242, 241, 241, 243, 242, 242, 243, 243, 241,
    241, 238, 238, 236, 241, 244, 245, 251, 254, 253, 253, 253, 252, 249,
    240, 238, 233, 233, 230, 226, 228, 234, 239, 242, 248, 249, 254, 253,
    249, 247, 248, 240, 235, 234, 233, 229, 230, 233, 232, 240, 239, 245,
    248, 249, 255, 252, 249, 249, 245, 244, 240, 235, 236, 235, 233, 236,
    232, 233, 236, 237, 240, 238, 243, 243, 244, 242, 241, 244, 245, 245,
    243, 244, 245, 241, 242 ]
headPositionsY: [ 78, 76, 74, 78, 78, 76, 74, 77, 78, 73, 77, 77, 76, 78,
    73, 75, 78, 78, 76, 74, 76, 75, 77, 75, 76, 74, 75, 77, 77, 75, 74,
    76, 76, 76, 74, 74, 73, 77, 76, 78, 75, 77, 77, 76, 77, 77, 76, 76,
    79, 77, 77, 76, 73, 75, 78, 78, 76, 76, 76, 78, 75, 78, 78, 77, 77,
    79, 76, 76, 73, 77, 74, 77, 76, 78, 77, 74, 75, 78, 78, 73, 74, 77,
    76, 76, 75, 78, 78, 75, 78, 77, 75, 79, 76, 75, 78, 79, 79, 75, 74,
    79 ]
