%YAML:1.0
---
videoName: "headShake6.mp4"
gestureLabel: 201
fps: 29
pixelSizeInCmTemp: 3.2808219178082193e-01
faceCenterPointX: 244
faceCenterPointY: 68
headPositionsX: [ 244, 246, 245, 245, 245, 244, 247, 244, 245, 242, 244,
    246, 247, 246, 244, 245, 243, 244, 246, 243, 244, 247, 245, 246, 247,
    243, 245, 247, 249, 251, 256, 257, 263, 263, 262, 261, 259, 254, 246,
    242, 236, 234, 232, 233, 233, 240, 244, 248, 252, 255, 256, 259, 254,
    254, 247, 244, 240, 235, 229, 229, 231, 234, 239, 244, 247, 248, 253,
    253, 251, 249, 248, 242, 242, 241, 237, 240, 240, 239, 240, 242, 240,
    243, 245, 244, 245, 245, 244, 242, 243, 244, 245, 246, 245, 246, 244,
    245, 246, 243, 242, 245 ]
headPositionsY: [ 70, 65, 66, 68, 64, 66, 67, 67, 66, 64, 65, 66, 67, 68,
    65, 64, 65, 67, 65, 65, 69, 65, 69, 66, 68, 65, 66, 69, 68, 66, 66,
    65, 66, 65, 69, 67, 67, 66, 67, 67, 67, 68, 66, 68, 69, 70, 70, 70,
    68, 68, 68, 68, 66, 67, 68, 71, 66, 68, 66, 67, 70, 65, 67, 70, 67,
    68, 70, 69, 66, 67, 69, 69, 69, 68, 67, 69, 68, 68, 68, 69, 68, 70,
    67, 70, 67, 67, 67, 70, 66, 68, 70, 67, 67, 70, 66, 67, 67, 70, 66,
    70 ]
