%YAML:1.0
---
videoName: "headNod10.mp4"
gestureLabel: 202
fps: 29
pixelSizeInCmTemp: 3.2808219178082193e-01
faceCenterPointX: 260
faceCenterPointY: 67
headPositionsX: [ 261, 259, 257, 260, 259, 258, 257, 260, 257, 256, 260,
    257, 257, 256, 259, 258, 257, 260, 258, 256, 258, 260, 261, 259, 258,
    261, 260, 257, 259, 258, 257, 257, 258, 260, 256, 257, 258, 261, 260,
    260, 260, 259, 258, 257, 262, 260, 259, 259, 261, 260, 262, 262, 262,
    259, 262, 261, 258, 257, 259, 260, 259, 261, 262, 262, 260, 259, 259,
    259, 260, 258, 260, 257, 257, 260, 260, 260, 256, 258, 261, 258, 258,
    259, 257, 257, 260, 258, 258, 260, 258, 258, 260, 258, 260, 262, 259,
    258, 258, 263, 258, 263 ]
headPositionsY: [ 67, 69, 71, 72, 71, 69, 70, 72, 70, 70, 69, 72, 68, 69,
    69, 69, 71, 69, 70, 70, 72, 71, 69, 71, 69, 71, 69, 68, 72, 70, 69,
    71, 69, 73, 70, 73, 70, 69, 73, 70, 70, 73, 71, 68, 70, 66, 67, 61,
    63, 63, 63, 65, 68, 72, 72, 72, 73, 69, 69, 66, 66, 64, 62, 63, 65,
    70, 69, 75, 77, 77, 76, 74, 69, 67, 67, 63, 66, 66, 69, 73, 77, 77,
    75, 75, 72, 70, 67, 67, 69, 69, 66, 65, 64, 68, 67, 68, 65, 68, 66,
    66 ]
