%YAML:1.0
---
videoName: "headLookDown6.mp4"
gestureLabel: 206
fps: 29
pixelSizeInCmTemp: 3.4710144927536229e-01
faceCenterPointX: 276
faceCenterPointY: 98
headPositionsX: [ 278, 275, 276, 274, 277, 274, 273, 276, 276, 276, 273,
    273, 276, 277, 273, 276, 277, 274, 277, 276, 275, 275, 275, 274, 276,
    276, 273, 276, 274, 274, 277, 276, 277, 275, 276, 273, 276, 275, 277,
    273, 275, 275, 274, 275, 276, 277, 278, 274, 273, 275, 277, 277, 274,
    277, 276, 273, 273, 277, 274, 276, 273, 275, 273, 272, 275, 273, 275,
    272, 273, 275, 275, 274, 273, 277, 274, 275, 275, 275, 274, 277, 277,
    276, 276, 276, 277, 274, 278, 274, 274, 278, 278, 275, 277, 278, 274,
    275, 275, 275, 278, 277 ]
headPositionsY: [ 96, 82, 82, 79, 80, 79, 83, 81, 80, 81, 83, 80, 83, 83,
    83, 79, 83, 81, 79, 84, 82, 83, 82, 84, 80, 83, 83, 84, 82, 83, 84,
    82, 83, 81, 84, 80, 82, 84, 85, 82, 82, 84, 86, 87, 87, 86, 90, 90,
    92, 91, 95, 93, 94, 97, 97, 97, 95, 97, 98, 100, 97, 96, 100, 97, 99,
    97, 96, 97, 98, 98, 99, 97, 100, 98, 99, 100, 100, 98, 98, 99, 99,
    97, 100, 100, 99, 97, 99, 97, 97, 98, 97, 97, 98, 97, 96, 96, 96, 95,
    96, 97 ]
