%YAML:1.0
---
videoName: "headShake32.mp4"
gestureLabel: 201
fps: 29
pixelSizeInCmTemp: 3.2808219178082193e-01
faceCenterPointX: 237
faceCenterPointY: 77
headPositionsX: [ 237, 235, 237, 236, 236, 240, 236, 237, 240, 241, 238,
    240, 238, 238, 239, 242, 239, 239, 238, 241, 239, 243, 243, 239, 240,
    242, 240, 241, 240, 241, 237, 240, 238, 238, 240, 241, 237, 238, 240,
    241, 242, 246, 245, 246, 249, 248, 251, 249, 249, 252, 250, 250, 245,
    243, 242, 237, 238, 232, 235, 229, 230, 226, 225, 229, 224, 229, 229,
    232, 232, 232, 234, 237, 243, 243, 246, 246, 248, 250, 249, 248, 248,
    245, 247, 246, 241, 244, 238, 241, 241, 241, 239, 237, 237, 240, 238,
    235, 238, 237, 238, 237 ]
headPositionsY: [ 76, 74, 72, 72, 75, 74, 71, 74, 75, 76, 74, 76, 73, 73,
    75, 72, 76, 73, 75, 71, 76, 75, 75, 76, 75, 77, 75, 76, 75, 74, 75,
    76, 74, 72, 75, 75, 72, 72, 76, 76, 74, 72, 74, 74, 73, 74, 73, 75,
    75, 74, 73, 76, 74, 77, 76, 75, 77, 78, 75, 75, 76, 77, 75, 75, 74,
    77, 78, 77, 78, 75, 76, 77, 76, 77, 77, 76, 75, 74, 74, 74, 75, 77,
    76, 76, 78, 78, 77, 76, 75, 77, 79, 78, 75, 77, 78, 77, 76, 79, 75,
    77 ]
