%YAML:1.0
---
videoName: "headShake19.mp4"
gestureLabel: 201
fps: 29
pixelSizeInCmTemp: 3.1933333333333330e-01
faceCenterPointX: 243
faceCenterPointY: 78
headPositionsX: [ 242, 245, 242, 246, 244, 242, 244, 244, 244, 242, 243,
    243, 241, 242, 244, 241, 242, 242, 241, 242, 240, 243, 244, 245, 240,
    245, 243, 244, 245, 244, 240, 242, 243, 240, 241, 238, 238, 237, 236,
    231, 232, 235, 239, 243, 248, 251, 256, 255, 255, 253, 250, 244, 239,
    236, 234, 230, 234, 233, 237, 241, 245, 248, 248, 247, 244, 246, 240,
    238, 237, 235, 236, 238, 235, 238, 239, 243, 242, 246, 245, 243, 246,
    243, 242, 241, 241, 239, 240, 239, 241, 240, 241, 244, 240, 243, 243,
    242, 244, 241, 243, 242 ]
headPositionsY: [ 78, 74, 75, 79, 77, 78, 74, 76, 76, 78, 79, 77, 75, 79,
    77, 75, 76, 78, 76, 78, 78, 76, 76, 77, 77, 79, 76, 74, 75, 78, 79,
    79, 75, 76, 76, 77, 76, 76, 77, 78, 78, 74, 79, 79, 78, 75, 78, 75,
    75, 75, 76, 78, 74, 76, 74, 74, 77, 78, 78, 79, 76, 79, 77, 78, 78,
    76, 78, 76, 79, 76, 76, 77, 76, 79, 79, 76, 79, 79, 76, 79, 78, 80,
    75, 78, 77, 79, 79, 77, 80, 80, 80, 80, 78, 78, 80, 80, 79, 79, 78,
    77 ]
