%YAML:1.0
---
videoName: "headShake18.mp4"
gestureLabel: 201
fps: 30
pixelSizeInCmTemp: 3.2808219178082193e-01
faceCenterPointX: 240
faceCenterPointY: 77
headPositionsX: [ 241, 239, 243, 242, 242, 243, 239, 242, 240, 240, 240,
    238, 240, 240, 242, 242, 240, 240, 243, 239, 241, 243, 239, 239, 241,
    242, 240, 241, 242, 240, 239, 241, 240, 238, 239, 243, 241, 247, 248,
    249, 252, 252, 251, 251, 245, 243, 239, 236, 232, 229, 231, 231, 236,
    240, 241, 244, 248, 250, 247, 246, 245, 238, 240, 236, 233, 236, 233,
    236, 239, 241, 244, 243, 247, 243, 244, 242, 239, 238, 239, 235, 236,
    237, 238, 236, 240, 242, 242, 243, 240, 243, 240, 243, 240, 242, 240,
    239, 241, 240, 240, 243 ]
headPositionsY: [ 76, 76, 75, 76, 78, 77, 74, 75, 76, 75, 74, 78, 77, 75,
    75, 78, 75, 74, 76, 78, 77, 79, 76, 77, 74, 75, 76, 78, 78, 78, 75,
    73, 76, 76, 77, 76, 78, 75, 78, 77, 76, 73, 73, 78, 76, 76, 78, 79,
    77, 77, 73, 78, 79, 79, 78, 75, 77, 74, 76, 78, 77, 76, 76, 75, 77,
    75, 76, 77, 79, 79, 79, 77, 80, 78, 79, 79, 77, 79, 75, 75, 77, 76,
    76, 76, 79, 76, 75, 80, 76, 77, 80, 78, 79, 75, 79, 76, 77, 78, 79,
    79 ]
