%YAML:1.0
---
videoName: "headShake21.mp4"
gestureLabel: 201
fps: 29
pixelSizeInCmTemp: 3.1933333333333330e-01
faceCenterPointX: 241
faceCenterPointY: 78
headPositionsX: [ 241, 243, 245, 245, 245, 242, 242, 240, 241, 244, 241,
    240, 241, 243, 243, 240, 242, 243, 243, 244, 245, 245, 245, 244, 241,
    245, 243, 241, 245, 244, 241, 244, 241, 245, 243, 242, 243, 241, 244,
    243, 244, 242, 240, 241, 240, 240, 239, 241, 240, 242, 244, 240, 241,
    242, 244, 243, 243, 244, 240, 243, 239, 238, 242, 238, 242, 242, 237,
    241, 244, 246, 253, 254, 252, 250, 247, 244, 235, 233, 235, 231, 237,
    238, 237, 240, 241, 244, 240, 241, 240, 240, 238, 238, 240, 236, 237,
    241, 243, 240, 241, 239 ]
headPositionsY: [ 77, 85, 82, 77, 75, 76, 73, 73, 72, 70, 71, 69, 72, 71,
    70, 70, 72, 72, 70, 69, 71, 70, 74, 71, 73, 73, 76, 76, 73, 76, 75,
    76, 78, 74, 78, 74, 77, 78, 77, 74, 75, 78, 79, 79, 78, 76, 80, 76,
    75, 79, 77, 76, 79, 76, 78, 79, 79, 76, 80, 76, 78, 75, 76, 79, 78,
    80, 80, 75, 80, 77, 76, 77, 78, 80, 78, 78, 78, 79, 75, 76, 77, 79,
    79, 81, 76, 76, 80, 81, 80, 79, 79, 76, 81, 76, 79, 78, 78, 80, 79,
    80 ]
