%YAML:1.0
---
videoName: "headNod1.mp4"
gestureLabel: 202
fps: 29
pixelSizeInCmTemp: 3.2808219178082193e-01
faceCenterPointX: 263
faceCenterPointY: 78
headPositionsX: [ 264, 264, 265, 265, 261, 266, 264, 266, 264, 263, 261,
    264, 262, 262, 264, 264, 262, 266, 266, 265, 266, 265, 263, 264, 263,
    264, 265, 266, 264, 262, 265, 264, 264, 266, 261, 266, 265, 266, 266,
    267, 264, 265, 263, 266, 265, 263, 264, 265, 263, 262, 263, 262, 263,
    262, 262, 265, 260, 265, 264, 262, 261, 261, 264, 265, 261, 265, 264,
    263, 262, 261, 260, 264, 261, 263, 265, 263, 261, 263, 262, 263, 263,
    263, 263, 260, 261, 262, 262, 265, 266, 261, 262, 262, 263, 262, 262,
    263, 264, 263, 264, 263 ]
headPositionsY: [ 76, 74, 74, 74, 74, 76, 76, 75, 76, 73, 74, 75, 73, 76,
    73, 76, 76, 76, 77, 73, 72, 76, 74, 76, 75, 73, 76, 75, 73, 77, 74,
    77, 73, 76, 75, 72, 68, 70, 66, 63, 66, 64, 62, 65, 65, 67, 68, 70,
    70, 76, 75, 80, 84, 84, 84, 79, 77, 76, 75, 72, 69, 68, 66, 63, 64,
    66, 70, 73, 76, 78, 79, 78, 79, 75, 71, 68, 68, 68, 65, 67, 68, 65,
    69, 70, 72, 77, 79, 79, 80, 84, 82, 84, 82, 81, 82, 78, 81, 77, 81,
    79 ]
