%YAML:1.0
---
videoName: "headLookRight0.mp4"
gestureLabel: 204
fps: 29
pixelSizeInCmTemp: 3.1933333333333330e-01
faceCenterPointX: 229
faceCenterPointY: 68
headPositionsX: [ 228, 259, 258, 255, 257, 258, 256, 254, 258, 257, 258,
    256, 256, 255, 259, 258, 254, 258, 255, 258, 259, 259, 257, 254, 256,
    255, 255, 255, 254, 257, 255, 258, 253, 253, 256, 254, 255, 255, 254,
    253, 252, 247, 247, 246, 244, 238, 238, 238, 235, 234, 232, 234, 237,
    234, 235, 233, 231, 234, 231, 234, 235, 231, 232, 233, 231, 235, 232,
    231, 232, 232, 233, 238, 234, 233, 231, 232, 231, 233, 230, 230, 232,
    231, 234, 229, 233, 228, 234, 233, 227, 232, 233, 232, 231, 230, 228,
    227, 229, 230, 229, 231 ]
headPositionsY: [ 66, 67, 67, 64, 65, 65, 62, 62, 67, 68, 67, 65, 66, 68,
    67, 65, 64, 68, 65, 67, 66, 65, 65, 69, 69, 69, 69, 65, 67, 68, 66,
    66, 67, 66, 68, 70, 66, 66, 66, 69, 66, 68, 69, 66, 68, 66, 66, 70,
    69, 66, 68, 70, 69, 71, 69, 66, 70, 66, 70, 67, 69, 66, 69, 66, 69,
    69, 65, 68, 69, 67, 69, 69, 67, 66, 70, 69, 66, 68, 69, 67, 69, 69,
    69, 68, 67, 69, 71, 66, 68, 66, 67, 70, 71, 70, 67, 67, 69, 65, 66,
    71 ]
