%YAML:1.0
---
videoName: "headNod7.mp4"
gestureLabel: 202
fps: 29
pixelSizeInCmTemp: 3.2808219178082193e-01
faceCenterPointX: 261
faceCenterPointY: 71
headPositionsX: [ 263, 265, 263, 266, 264, 266, 267, 266, 266, 261, 263,
    261, 264, 262, 261, 265, 264, 264, 260, 260, 261, 260, 262, 264, 261,
    262, 263, 261, 265, 262, 262, 262, 262, 263, 262, 260, 260, 263, 260,
    260, 262, 263, 259, 264, 261, 263, 262, 262, 262, 260, 260, 264, 264,
    263, 265, 263, 259, 260, 261, 262, 262, 259, 262, 259, 262, 262, 263,
    259, 260, 259, 258, 262, 263, 261, 258, 263, 263, 261, 260, 263, 264,
    264, 264, 259, 264, 261, 261, 264, 261, 259, 261, 263, 263, 262, 261,
    263, 262, 263, 263, 262 ]
headPositionsY: [ 70, 73, 72, 76, 76, 71, 77, 74, 74, 74, 76, 73, 73, 72,
    71, 76, 76, 76, 74, 72, 76, 76, 74, 75, 77, 78, 77, 77, 76, 76, 75,
    75, 77, 73, 75, 74, 76, 74, 73, 77, 74, 74, 77, 74, 74, 74, 78, 77,
    73, 73, 70, 72, 68, 72, 73, 73, 78, 79, 79, 78, 76, 73, 73, 72, 72,
    71, 72, 79, 79, 81, 79, 75, 71, 73, 70, 68, 68, 72, 69, 71, 76, 79,
    81, 78, 77, 78, 78, 75, 72, 71, 70, 73, 69, 68, 71, 69, 70, 72, 73,
    69 ]
