%YAML:1.0
---
videoName: "headShake30.mp4"
gestureLabel: 201
fps: 29
pixelSizeInCmTemp: 3.2808219178082193e-01
faceCenterPointX: 240
faceCenterPointY: 68
headPositionsX: [ 238, 235, 233, 235, 232, 233, 233, 233, 233, 234, 237,
    238, 237, 236, 241, 240, 242, 242, 244, 245, 243, 245, 244, 242, 242,
    243, 241, 241, 242, 239, 242, 238, 241, 241, 238, 241, 238, 239, 243,
    249, 251, 252, 259, 258, 259, 260, 259, 255, 251, 246, 239, 228, 225,
    226, 222, 224, 230, 234, 238, 246, 251, 254, 254, 252, 244, 241, 235,
    234, 230, 226, 229, 230, 233, 238, 244, 246, 250, 249, 253, 247, 247,
    245, 243, 237, 239, 234, 239, 235, 238, 239, 237, 242, 241, 242, 242,
    238, 238, 238, 238, 240 ]
headPositionsY: [ 68, 54, 56, 57, 56, 58, 62, 58, 61, 62, 65, 65, 65, 63,
    64, 64, 67, 66, 66, 67, 65, 66, 65, 65, 64, 66, 66, 66, 65, 65, 63,
    67, 65, 66, 68, 66, 68, 68, 68, 64, 65, 63, 65, 64, 64, 64, 67, 67,
    66, 68, 69, 68, 68, 66, 66, 66, 68, 69, 70, 71, 67, 64, 68, 68, 67,
    68, 66, 69, 67, 70, 70, 69, 68, 66, 69, 66, 64, 66, 65, 68, 67, 67,
    68, 67, 67, 67, 70, 68, 69, 67, 69, 67, 68, 70, 69, 67, 68, 69, 68,
    68 ]
