%YAML:1.0
---
videoName: "headLookUp0.mp4"
gestureLabel: 205
fps: 29
pixelSizeInCmTemp: 3.6846153846153845e-01
faceCenterPointX: 258
faceCenterPointY: 66
headPositionsX: [ 259, 258, 257, 261, 257, 261, 259, 257, 260, 261, 258,
    260, 260, 258, 260, 260, 260, 262, 258, 260, 259, 258, 262, 258, 257,
    259, 260, 258, 261, 258, 257, 259, 259, 260, 259, 256, 259, 258, 260,
    259, 259, 258, 259, 257, 257, 257, 260, 257, 261, 258, 259, 256, 256,
    258, 260, 261, 256, 259, 257, 257, 257, 258, 255, 257, 261, 256, 261,
    256, 259, 258, 260, 260, 260, 259, 261, 255, 257, 257, 255, 256, 256,
    261, 260, 257, 259, 260, 261, 257, 257, 257, 259, 257, 257, 257, 258,
    259, 260, 256, 258, 260 ]
headPositionsY: [ 65, 79, 79, 79, 82, 82, 81, 82, 79, 80, 81, 78, 80, 81,
    78, 78, 75, 74, 76, 75, 75, 72, 72, 68, 71, 66, 66, 65, 68, 66, 66,
    65, 64, 65, 65, 67, 68, 69, 68, 63, 65, 65, 67, 65, 67, 68, 66, 66,
    65, 70, 69, 66, 65, 69, 66, 66, 65, 65, 68, 67, 66, 67, 65, 67, 66,
    68, 69, 65, 69, 67, 67, 66, 68, 67, 67, 66, 68, 66, 66, 68, 69, 70,
    69, 70, 70, 68, 69, 66, 65, 68, 70, 70, 68, 70, 68, 65, 70, 66, 66,
    71 ]
