%YAML:1.0
---
videoName: "headLookRight2.mp4"
gestureLabel: 204
fps: 29
pixelSizeInCmTemp: 3.8015873015873014e-01
faceCenterPointX: 228
faceCenterPointY: 68
headPositionsX: [ 230, 250, 253, 253, 252, 252, 253, 253, 250, 250, 250,
    253, 252, 249, 252, 253, 251, 252, 253, 253, 251, 251, 254, 250, 254,
    251, 251, 255, 254, 256, 255, 255, 254, 251, 255, 253, 254, 253, 255,
    255, 252, 253, 254, 251, 250, 251, 254, 250, 248, 248, 248, 243, 247,
    242, 238, 236, 234, 232, 231, 231, 230, 227, 228, 230, 229, 226, 228,
    225, 222, 224, 228, 227, 227, 227, 228, 229, 230, 229, 230, 230, 231,
    232, 228, 226, 229, 227, 232, 224, 227, 229, 225, 226, 228, 232, 226,
    228, 229, 232, 225, 232 ]
headPositionsY: [ 66, 65, 70, 69, 66, 68, 68, 67, 67, 68, 70, 68, 69, 69,
    69, 70, 71, 72, 68, 67, 70, 71, 67, 68, 70, 69, 71, 72, 69, 68, 68,
    70, 69, 69, 68, 67, 69, 69, 71, 71, 71, 71, 71, 67, 69, 67, 70, 69,
    68, 71, 67, 67, 70, 66, 71, 69, 71, 72, 71, 68, 69, 67, 67, 69, 69,
    69, 68, 66, 72, 69, 70, 69, 68, 70, 71, 69, 70, 69, 69, 71, 67, 71,
    69, 71, 71, 69, 67, 72, 69, 70, 72, 67, 69, 71, 66, 68, 70, 71, 72,
    69 ]
