%YAML:1.0
---
videoName: "headNod38.mp4"
gestureLabel: 202
fps: 29
pixelSizeInCmTemp: 2.9937500000000000e-01
faceCenterPointX: 267
faceCenterPointY: 73
headPositionsX: [ 266, 267, 268, 267, 267, 268, 264, 265, 266, 266, 266,
    265, 264, 266, 265, 269, 267, 268, 268, 265, 267, 266, 267, 265, 265,
    263, 264, 266, 264, 263, 265, 263, 263, 265, 265, 264, 265, 264, 265,
    263, 264, 265, 264, 266, 268, 266, 265, 266, 266, 266, 270, 265, 270,
    267, 266, 271, 269, 268, 269, 268, 269, 270, 266, 267, 268, 267, 267,
    269, 269, 269, 269, 269, 267, 267, 269, 268, 270, 269, 268, 269, 265,
    266, 266, 268, 265, 268, 267, 268, 267, 268, 268, 267, 265, 267, 265,
    265, 269, 269, 268, 269 ]
headPositionsY: [ 73, 73, 72, 74, 79, 82, 85, 85, 85, 81, 78, 78, 76, 73,
    79, 79, 85, 87, 87, 83, 83, 78, 75, 75, 79, 77, 80, 85, 88, 89, 88,
    88, 81, 79, 74, 74, 73, 73, 76, 80, 80, 84, 87, 91, 85, 83, 77, 75,
    74, 72, 73, 71, 74, 75, 78, 83, 82, 88, 83, 85, 81, 80, 77, 75, 74,
    73, 71, 74, 74, 78, 77, 79, 83, 85, 86, 82, 86, 80, 81, 75, 77, 72,
    70, 71, 71, 74, 70, 73, 73, 71, 75, 73, 71, 71, 73, 74, 75, 75, 74,
    75 ]
