%YAML:1.0
---
videoName: "headLookLeft9.mp4"
gestureLabel: 203
fps: 30
pixelSizeInCmTemp: 3.2364864864864862e-01
faceCenterPointX: 273
faceCenterPointY: 69
headPositionsX: [ 272, 248, 249, 247, 248, 248, 245, 244, 247, 248, 249,
    246, 248, 244, 245, 247, 245, 248, 246, 244, 246, 247, 246, 244, 245,
    246, 247, 247, 245, 245, 244, 246, 247, 247, 251, 254, 253, 258, 257,
    259, 265, 267, 268, 268, 268, 271, 270, 272, 268, 270, 270, 272, 270,
    270, 273, 271, 272, 273, 271, 274, 273, 274, 269, 270, 272, 270, 270,
    269, 272, 273, 272, 269, 270, 273, 275, 272, 271, 270, 269, 268, 270,
    268, 269, 269, 271, 271, 271, 272, 272, 271, 275, 273, 270, 267, 272,
    273, 272, 270, 270, 268 ]
headPositionsY: [ 68, 73, 70, 72, 69, 72, 71, 72, 70, 68, 73, 69, 68, 73,
    70, 73, 71, 73, 71, 71, 69, 70, 69, 69, 73, 71, 70, 70, 71, 71, 72,
    69, 70, 70, 70, 68, 70, 70, 67, 69, 69, 70, 70, 68, 66, 65, 66, 67,
    69, 68, 68, 65, 68, 66, 67, 68, 66, 69, 66, 67, 66, 65, 68, 69, 69,
    70, 68, 70, 71, 66, 66, 66, 69, 68, 68, 67, 69, 68, 69, 69, 70, 68,
    68, 71, 67, 69, 68, 71, 70, 68, 67, 70, 67, 69, 68, 66, 70, 70, 69,
    70 ]
