%YAML:1.0
---
videoName: "headNod8.mp4"
gestureLabel: 202
fps: 29
pixelSizeInCmTemp: 3.1933333333333330e-01
faceCenterPointX: 262
faceCenterPointY: 74
headPositionsX: [ 260, 260, 259, 259, 260, 261, 259, 263, 263, 261, 263,
    261, 261, 261, 261, 260, 262, 259, 263, 259, 263, 261, 264, 264, 262,
    258, 260, 262, 262, 259, 261, 260, 263, 260, 262, 261, 262, 260, 261,
    263, 264, 263, 262, 263, 263, 261, 265, 260, 264, 260, 261, 259, 264,
    262, 260, 260, 262, 261, 263, 258, 261, 258, 261, 261, 260, 260, 259,
    262, 260, 263, 261, 259, 263, 261, 261, 262, 262, 258, 261, 259, 262,
    261, 265, 261, 262, 261, 263, 262, 262, 261, 260, 263, 260, 261, 263,
    263, 263, 263, 263, 263 ]
headPositionsY: [ 72, 77, 78, 75, 76, 76, 79, 77, 77, 77, 74, 76, 75, 78,
    74, 74, 79, 77, 78, 77, 76, 74, 78, 74, 77, 77, 76, 75, 78, 75, 76,
    76, 75, 77, 78, 75, 78, 78, 77, 73, 74, 69, 70, 69, 68, 68, 69, 68,
    69, 76, 78, 78, 84, 84, 80, 81, 80, 76, 72, 68, 69, 69, 73, 75, 78,
    83, 83, 85, 83, 80, 77, 74, 70, 70, 68, 70, 71, 78, 79, 82, 85, 81,
    83, 77, 77, 74, 72, 71, 73, 72, 73, 73, 75, 80, 78, 80, 77, 76, 77,
    73 ]
