%YAML:1.0
---
videoName: "headShake9.mp4"
gestureLabel: 201
fps: 30
pixelSizeInCmTemp: 3.2808219178082193e-01
faceCenterPointX: 243
faceCenterPointY: 73
headPositionsX: [ 241, 243, 242, 241, 245, 241, 243, 243, 242, 244, 242,
    241, 240, 241, 243, 241, 245, 243, 244, 241, 241, 245, 242, 245, 245,
    244, 243, 241, 242, 242, 242, 245, 243, 241, 244, 245, 244, 241, 242,
    244, 246, 249, 254, 259, 263, 260, 262, 267, 263, 256, 252, 247, 241,
    238, 231, 233, 229, 229, 232, 238, 243, 246, 251, 258, 261, 261, 260,
    258, 255, 248, 243, 240, 233, 228, 231, 228, 229, 232, 235, 241, 246,
    248, 248, 252, 251, 249, 248, 246, 246, 247, 244, 245, 244, 244, 243,
    242, 244, 245, 242, 245 ]
headPositionsY: [ 72, 73, 71, 72, 70, 74, 72, 72, 74, 71, 74, 72, 72, 72,
    70, 73, 73, 74, 71, 72, 72, 73, 71, 74, 74, 74, 74, 70, 73, 73, 72,
    71, 73, 74, 74, 73, 71, 70, 74, 75, 72, 70, 69, 72, 70, 69, 70, 72,
    72, 72, 75, 71, 72, 75, 74, 72, 73, 74, 72, 72, 72, 72, 69, 73, 69,
    69, 68, 73, 73, 73, 74, 73, 73, 70, 72, 70, 74, 73, 71, 71, 71, 72,
    71, 74, 71, 71, 70, 71, 75, 71, 72, 75, 75, 71, 72, 75, 74, 75, 73,
    71 ]
