%YAML:1.0
---
videoName: "headNod28.mp4"
gestureLabel: 202
fps: 30
pixelSizeInCmTemp: 3.2364864864864862e-01
faceCenterPointX: 270
faceCenterPointY: 76
headPositionsX: [ 272, 270, 271, 270, 271, 274, 273, 270, 273, 270, 269,
    269, 270, 268, 269, 270, 267, 272, 271, 268, 269, 271, 268, 268, 269,
    269, 268, 270, 268, 272, 270, 271, 269, 272, 268, 270, 273, 270, 270,
    271, 270, 272, 272, 271, 268, 271, 268, 271, 270, 269, 271, 271, 270,
    272, 268, 272, 270, 269, 269, 269, 272, 269, 271, 273, 273, 270, 269,
    272, 269, 271, 272, 271, 273, 272, 272, 273, 272, 271, 269, 272, 270,
    272, 273, 272, 269, 269, 273, 270, 269, 270, 270, 271, 274, 270, 273,
    272, 270, 271, 271, 268 ]
headPositionsY: [ 77, 73, 75, 74, 75, 75, 74, 75, 73, 75, 73, 74, 77, 76,
    74, 74, 73, 76, 77, 75, 76, 73, 74, 74, 73, 75, 76, 75, 76, 75, 74,
    73, 77, 77, 75, 74, 74, 75, 75, 76, 73, 78, 78, 79, 80, 83, 81, 78,
    80, 77, 75, 73, 71, 72, 73, 71, 71, 76, 73, 80, 82, 79, 82, 81, 78,
    74, 70, 72, 72, 73, 72, 74, 80, 78, 80, 79, 80, 79, 76, 75, 73, 74,
    71, 75, 73, 77, 79, 77, 78, 79, 77, 76, 78, 74, 76, 79, 78, 75, 76,
    77 ]
