%YAML:1.0
---
videoName: "headLookRight8.mp4"
gestureLabel: 204
fps: 29
pixelSizeInCmTemp: 3.1513157894736843e-01
faceCenterPointX: 218
faceCenterPointY: 80
headPositionsX: [ 216, 247, 250, 247, 250, 249, 248, 246, 246, 248, 247,
    247, 246, 245, 248, 248, 248, 248, 247, 246, 246, 248, 249, 246, 245,
    249, 249, 244, 248, 245, 244, 245, 245, 248, 249, 246, 246, 245, 246,
    248, 248, 244, 247, 244, 245, 244, 246, 248, 246, 247, 246, 245, 248,
    245, 245, 247, 245, 244, 245, 249, 246, 245, 245, 248, 248, 245, 247,
    244, 242, 243, 240, 240, 236, 232, 232, 229, 227, 223, 222, 218, 220,
    218, 218, 217, 219, 216, 219, 219, 216, 217, 219, 219, 217, 216, 220,
    217, 218, 218, 216, 219 ]
headPositionsY: [ 79, 75, 74, 73, 75, 73, 74, 75, 75, 76, 73, 77, 76, 73,
    77, 76, 75, 76, 76, 76, 78, 75, 75, 74, 75, 78, 75, 77, 76, 74, 74,
    75, 77, 74, 77, 75, 76, 78, 74, 76, 76, 75, 78, 78, 74, 76, 79, 77,
    78, 79, 77, 76, 77, 78, 76, 79, 74, 77, 79, 78, 74, 77, 77, 76, 80,
    79, 76, 80, 76, 77, 80, 79, 78, 78, 77, 73, 75, 76, 73, 75, 75, 79,
    72, 82, 72, 81, 79, 79, 79, 80, 82, 78, 74, 75, 75, 80, 78, 81, 81,
    78 ]
