%YAML:1.0
---
videoName: "headLookRight6.mp4"
gestureLabel: 204
fps: 29
pixelSizeInCmTemp: 3.8015873015873014e-01
faceCenterPointX: 226
faceCenterPointY: 72
headPositionsX: [ 224, 252, 249, 249, 250, 246, 247, 247, 250, 246, 251,
    248, 250, 247, 250, 251, 250, 252, 252, 251, 252, 253, 250, 250, 249,
    251, 251, 254, 249, 253, 253, 248, 248, 248, 246, 247, 242, 240, 238,
    235, 234, 229, 228, 228, 227, 228, 226, 224, 225, 225, 227, 225, 228,
    225, 228, 228, 226, 226, 228, 230, 232, 229, 227, 222, 227, 224, 224,
    227, 229, 227, 226, 226, 228, 227, 227, 226, 230, 227, 227, 226, 225,
    229, 226, 225, 225, 227, 228, 229, 225, 227, 228, 228, 230, 227, 228,
    229, 225, 228, 228, 225 ]
headPositionsY: [ 72, 72, 72, 72, 73, 73, 70, 72, 72, 72, 70, 75, 71, 73,
    72, 74, 75, 74, 76, 76, 72, 74, 73, 75, 74, 72, 72, 76, 73, 74, 72,
    75, 76, 75, 73, 73, 74, 76, 75, 71, 75, 71, 71, 76, 73, 75, 72, 73,
    77, 74, 73, 72, 75, 76, 74, 75, 75, 77, 70, 74, 75, 75, 78, 69, 77,
    73, 71, 75, 76, 77, 72, 75, 73, 72, 74, 70, 73, 76, 74, 75, 75, 76,
    73, 72, 74, 74, 76, 73, 73, 72, 74, 73, 76, 74, 71, 74, 69, 72, 75,
    71 ]
