%YAML:1.0
---
videoName: "headShake47.mp4"
gestureLabel: 201
fps: 29
pixelSizeInCmTemp: 3.2364864864864862e-01
faceCenterPointX: 258
faceCenterPointY: 86
headPositionsX: [ 258, 262, 259, 261, 258, 260, 260, 261, 262, 260, 258,
    262, 259, 260, 259, 262, 259, 260, 259, 262, 257, 262, 259, 262, 261,
    258, 261, 260, 259, 259, 259, 261, 257, 261, 258, 257, 251, 253, 251,
    249, 250, 249, 251, 257, 260, 263, 265, 269, 263, 265, 259, 257, 254,
    250, 256, 256, 260, 263, 266, 262, 264, 255, 252, 251, 253, 254, 259,
    260, 266, 262, 261, 261, 257, 254, 251, 253, 255, 260, 260, 263, 264,
    264, 261, 258, 256, 252, 254, 254, 257, 258, 259, 257, 257, 257, 260,
    257, 258, 259, 257, 257 ]
headPositionsY: [ 86, 87, 87, 84, 85, 86, 87, 85, 84, 85, 84, 87, 83, 86,
    83, 87, 84, 84, 84, 86, 85, 84, 83, 86, 87, 85, 87, 84, 87, 87, 87,
    84, 87, 85, 87, 86, 87, 84, 84, 86, 86, 88, 86, 89, 88, 90, 86, 90,
    88, 87, 89, 91, 88, 90, 91, 88, 90, 86, 91, 86, 87, 88, 87, 89, 84,
    84, 89, 85, 87, 86, 89, 86, 88, 88, 88, 87, 87, 87, 86, 87, 89, 89,
    87, 86, 86, 87, 88, 88, 87, 85, 88, 87, 84, 88, 84, 85, 87, 89, 85,
    85 ]
