%YAML:1.0
---
videoName: "headLookRight2.mp4"
gestureLabel: 204
fps: 29
pixelSizeInCmTemp: 3.8015873015873014e-01
faceCenterPointX: 228
faceCenterPointY: 68
headPositionsX: [ 228, 253, 252, 251, 253, 250, 250, 252, 250, 254, 249,
    254, 250, 252, 254, 253, 250, 251, 252, 250, 253, 255, 251, 252, 255,
    254, 253, 252, 253, 255, 255, 252, 252, 254, 255, 252, 254, 251, 251,
    252, 255, 254, 251, 252, 251, 255, 251, 250, 251, 250, 249, 243, 244,
    242, 237, 235, 236, 234, 229, 230, 226, 227, 232, 226, 227, 226, 226,
    225, 221, 224, 227, 230, 230, 231, 224, 227, 230, 228, 229, 229, 231,
    228, 228, 230, 229, 227, 231, 227, 226, 229, 229, 229, 229, 228, 228,
    231, 231, 230, 227, 229 ]
headPositionsY: [ 68, 65, 67, 68, 70, 68, 69, 69, 70, 68, 70, 70, 71, 69,
    70, 69, 68, 71, 71, 71, 69, 69, 70, 67, 67, 72, 69, 69, 71, 71, 68,
    69, 69, 71, 68, 68, 67, 71, 68, 71, 70, 69, 70, 69, 67, 70, 68, 69,
    68, 69, 67, 67, 69, 70, 70, 70, 68, 70, 70, 72, 67, 66, 67, 67, 70,
    67, 69, 66, 70, 70, 69, 69, 67, 70, 69, 68, 73, 70, 72, 72, 68, 69,
    71, 70, 71, 70, 67, 68, 67, 69, 71, 70, 70, 68, 68, 70, 69, 71, 73,
    69 ]
