%YAML:1.0
---
videoName: "headLookRight8.mp4"
gestureLabel: 204
fps: 29
pixelSizeInCmTemp: 3.1513157894736843e-01
faceCenterPointX: 218
faceCenterPointY: 80
headPositionsX: [ 220, 248, 251, 250, 251, 251, 250, 250, 249, 249, 248,
    247, 244, 244, 244, 246, 249, 249, 247, 244, 246, 246, 249, 245, 247,
    248, 245, 246, 248, 247, 248, 246, 249, 246, 247, 245, 247, 247, 244,
    246, 247, 248, 246, 247, 245, 246, 244, 248, 246, 247, 248, 245, 248,
    247, 246, 245, 244, 246, 246, 249, 248, 244, 247, 246, 247, 247, 246,
    248, 245, 243, 240, 237, 238, 235, 233, 227, 228, 223, 220, 218, 219,
    219, 214, 218, 220, 217, 218, 216, 217, 220, 220, 218, 218, 218, 220,
    216, 216, 218, 220, 219 ]
headPositionsY: [ 82, 77, 72, 76, 73, 73, 76, 73, 72, 72, 76, 76, 77, 75,
    76, 73, 76, 77, 77, 74, 76, 78, 77, 74, 76, 75, 77, 77, 75, 76, 75,
    74, 77, 75, 75, 75, 76, 75, 76, 76, 74, 79, 77, 78, 78, 75, 77, 77,
    79, 79, 75, 78, 78, 79, 75, 79, 78, 79, 78, 79, 74, 78, 75, 77, 77,
    78, 80, 78, 75, 78, 80, 80, 77, 75, 76, 76, 74, 73, 75, 76, 72, 77,
    75, 82, 74, 82, 80, 81, 80, 79, 81, 80, 78, 75, 74, 81, 81, 78, 80,
    80 ]
