%YAML:1.0
---
videoName: "headNod8.mp4"
gestureLabel: 202
fps: 29
pixelSizeInCmTemp: 3.1933333333333330e-01
faceCenterPointX: 262
faceCenterPointY: 74
headPositionsX: [ 260, 262, 259, 259, 260, 261, 263, 260, 260, 260, 259,
    264, 260, 259, 263, 260, 259, 261, 262, 259, 259, 264, 262, 262, 263,
    261, 260, 261, 264, 262, 262, 259, 263, 259, 261, 259, 259, 262, 263,
    262, 262, 260, 261, 263, 264, 262, 263, 264, 264, 264, 259, 259, 261,
    260, 260, 260, 263, 260, 261, 261, 262, 260, 261, 260, 261, 262, 261,
    261, 263, 263, 260, 258, 260, 260, 261, 259, 261, 260, 261, 261, 263,
    262, 265, 261, 260, 262, 261, 264, 265, 264, 264, 262, 262, 262, 263,
    264, 262, 264, 263, 264 ]
headPositionsY: [ 76, 78, 74, 78, 77, 77, 79, 77, 79, 74, 75, 75, 74, 74,
    75, 78, 79, 75, 78, 74, 74, 76, 78, 74, 75, 76, 76, 76, 76, 76, 74,
    76, 79, 75, 77, 78, 76, 76, 77, 76, 72, 70, 67, 68, 67, 65, 67, 70,
    72, 73, 79, 80, 85, 81, 83, 80, 79, 72, 73, 71, 69, 71, 70, 76, 76,
    79, 85, 84, 84, 82, 79, 73, 71, 72, 69, 70, 72, 75, 81, 83, 85, 80,
    79, 76, 74, 73, 73, 71, 73, 70, 74, 77, 78, 79, 79, 78, 76, 79, 74,
    76 ]
