%YAML:1.0
---
videoName: "headNod17.mp4"
gestureLabel: 202
fps: 30
pixelSizeInCmTemp: 3.2808219178082193e-01
faceCenterPointX: 253
faceCenterPointY: 76
headPositionsX: [ 254, 254, 257, 256, 257, 253, 257, 256, 256, 254, 255,
    257, 256, 254, 255, 255, 255, 257, 254, 254, 257, 254, 256, 256, 254,
    257, 253, 255, 258, 253, 255, 254, 256, 258, 255, 254, 253, 257, 253,
    257, 256, 252, 254, 251, 252, 252, 255, 251, 251, 253, 251, 252, 254,
    256, 254, 251, 257, 253, 255, 256, 257, 256, 254, 253, 254, 256, 257,
    253, 257, 256, 255, 254, 255, 252, 256, 253, 254, 252, 251, 252, 254,
    256, 255, 256, 257, 254, 256, 256, 255, 257, 256, 257, 252, 255, 255,
    253, 253, 252, 256, 256 ]
headPositionsY: [ 74, 76, 79, 77, 79, 79, 75, 77, 78, 76, 75, 76, 75, 76,
    76, 80, 78, 79, 78, 78, 75, 74, 74, 74, 74, 68, 69, 70, 69, 68, 64,
    68, 68, 71, 67, 68, 70, 73, 75, 80, 80, 81, 82, 87, 87, 85, 85, 83,
    83, 79, 78, 78, 75, 70, 73, 71, 68, 68, 71, 68, 71, 72, 72, 74, 78,
    79, 83, 80, 79, 81, 80, 77, 76, 77, 76, 79, 81, 79, 80, 76, 78, 76,
    74, 73, 76, 78, 78, 77, 80, 80, 78, 75, 76, 73, 77, 77, 80, 77, 78,
    75 ]
