%YAML:1.0
---
videoName: "headShake37.mp4"
gestureLabel: 201
fps: 30
pixelSizeInCmTemp: 3.1933333333333330e-01
faceCenterPointX: 263
faceCenterPointY: 83
headPositionsX: [ 263, 261, 262, 264, 261, 264, 262, 261, 260, 263, 264,
    263, 263, 263, 265, 261, 264, 260, 262, 261, 263, 262, 260, 264, 260,
    260, 263, 260, 262, 260, 262, 264, 262, 264, 260, 264, 264, 264, 263,
    261, 260, 261, 263, 261, 259, 260, 261, 263, 266, 271, 273, 276, 279,
    282, 280, 276, 273, 265, 257, 255, 251, 253, 257, 257, 263, 270, 272,
    273, 274, 272, 268, 265, 263, 255, 253, 252, 255, 255, 258, 255, 260,
    261, 265, 263, 267, 266, 268, 265, 265, 265, 266, 262, 266, 263, 264,
    261, 264, 261, 264, 265 ]
headPositionsY: [ 81, 84, 85, 86, 83, 81, 84, 84, 81, 84, 81, 81, 82, 83,
    81, 84, 82, 83, 81, 83, 82, 81, 85, 83, 85, 84, 84, 82, 81, 82, 85,
    83, 82, 81, 81, 85, 85, 81, 82, 85, 82, 81, 83, 82, 85, 83, 82, 81,
    82, 82, 84, 78, 78, 81, 82, 80, 81, 85, 80, 83, 83, 80, 82, 81, 80,
    81, 81, 82, 81, 83, 84, 84, 82, 82, 84, 83, 81, 80, 83, 83, 83, 84,
    84, 83, 81, 81, 84, 82, 80, 84, 83, 84, 85, 84, 80, 81, 83, 81, 84,
    84 ]
