%YAML:1.0
---
videoName: "headShake31.mp4"
gestureLabel: 201
fps: 29
pixelSizeInCmTemp: 3.2808219178082193e-01
faceCenterPointX: 236
faceCenterPointY: 68
headPositionsX: [ 238, 239, 236, 239, 238, 236, 237, 236, 238, 238, 238,
    237, 235, 238, 238, 235, 239, 236, 236, 238, 235, 239, 235, 238, 238,
    239, 235, 239, 237, 235, 237, 235, 239, 236, 236, 233, 233, 239, 240,
    246, 248, 251, 254, 254, 251, 249, 243, 238, 233, 223, 220, 220, 223,
    225, 227, 234, 237, 244, 248, 248, 246, 244, 242, 237, 234, 230, 230,
    229, 230, 229, 234, 234, 238, 241, 240, 243, 245, 244, 239, 241, 240,
    235, 233, 236, 234, 234, 234, 234, 235, 236, 234, 235, 236, 235, 234,
    236, 234, 236, 238, 235 ]
headPositionsY: [ 69, 67, 69, 65, 65, 66, 67, 66, 66, 66, 66, 67, 68, 65,
    69, 69, 65, 66, 67, 65, 68, 68, 69, 67, 65, 68, 65, 65, 66, 67, 66,
    69, 65, 70, 67, 67, 69, 66, 69, 67, 65, 65, 68, 66, 67, 69, 67, 68,
    66, 66, 66, 68, 65, 71, 71, 69, 72, 70, 72, 67, 70, 71, 68, 70, 68,
    68, 68, 70, 69, 68, 67, 70, 69, 69, 67, 67, 68, 70, 68, 67, 67, 66,
    70, 68, 70, 68, 70, 71, 69, 69, 70, 68, 69, 66, 68, 67, 68, 69, 71,
    67 ]
