%YAML:1.0
---
videoName: "headLookDown5.mp4"
gestureLabel: 206
fps: 29
pixelSizeInCmTemp: 3.4710144927536229e-01
faceCenterPointX: 272
faceCenterPointY: 102
headPositionsX: [ 274, 271, 268, 271, 269, 270, 271, 271, 272, 270, 269,
    271, 271, 271, 269, 270, 271, 273, 269, 273, 274, 272, 269, 272, 270,
    269, 273, 272, 269, 273, 271, 269, 271, 271, 271, 273, 273, 272, 270,
    272, 272, 271, 269, 274, 269, 269, 271, 273, 274, 269, 272, 270, 272,
    274, 273, 271, 273, 272, 271, 273, 271, 271, 271, 270, 272, 271, 270,
    270, 273, 271, 273, 271, 270, 274, 274, 271, 273, 271, 273, 273, 272,
    272, 270, 272, 275, 272, 273, 273, 273, 273, 274, 272, 271, 272, 272,
    271, 271, 273, 273, 273 ]
headPositionsY: [ 100, 82, 82, 86, 82, 82, 83, 82, 82, 85, 82, 83, 83,
    83, 81, 86, 81, 85, 85, 85, 83, 84, 83, 85, 82, 82, 83, 84, 83, 84,
    83, 82, 83, 81, 82, 84, 86, 84, 82, 84, 81, 82, 81, 86, 82, 84, 88,
    85, 85, 89, 87, 87, 90, 94, 93, 97, 95, 98, 97, 99, 101, 98, 100,
    102, 101, 100, 101, 102, 99, 102, 103, 101, 103, 103, 101, 104, 102,
    103, 105, 104, 103, 101, 100, 101, 103, 105, 105, 101, 100, 102, 102,
    100, 102, 105, 103, 102, 103, 103, 101, 100 ]
