%YAML:1.0
---
videoName: "headShake17.mp4"
gestureLabel: 201
fps: 29
pixelSizeInCmTemp: 3.3263888888888887e-01
faceCenterPointX: 242
faceCenterPointY: 76
headPositionsX: [ 240, 240, 240, 236, 239, 241, 240, 242, 245, 246, 251,
    255, 257, 259, 257, 257, 256, 248, 247, 238, 236, 235, 231, 228, 227,
    226, 231, 230, 233, 242, 246, 245, 250, 253, 254, 254, 253, 252, 250,
    245, 242, 242, 236, 236, 231, 232, 230, 233, 232, 236, 237, 242, 241,
    241, 243, 244, 244, 243, 247, 244, 242, 240, 240, 238, 240, 239, 241,
    240, 239, 241, 238, 240, 238, 239, 239, 242, 241, 238, 239, 240, 242,
    243, 239, 241, 239, 242, 243, 240, 241, 243, 239, 242, 240, 241, 243,
    240, 240, 239, 239, 240 ]
headPositionsY: [ 74, 77, 73, 79, 75, 77, 77, 74, 78, 77, 73, 76, 73, 75,
    77, 75, 77, 78, 79, 78, 78, 79, 76, 79, 77, 75, 75, 75, 78, 75, 76,
    75, 77, 76, 75, 73, 74, 76, 76, 76, 78, 78, 76, 79, 77, 75, 78, 77,
    79, 79, 78, 76, 75, 77, 78, 78, 75, 76, 78, 77, 75, 79, 77, 77, 77,
    76, 77, 76, 75, 78, 75, 76, 78, 78, 77, 77, 78, 73, 75, 74, 75, 76,
    75, 74, 76, 74, 76, 78, 74, 78, 76, 76, 77, 78, 74, 75, 74, 78, 75,
    75 ]
