%YAML:1.0
---
videoName: "headNod9.mp4"
gestureLabel: 202
fps: 29
pixelSizeInCmTemp: 3.1513157894736843e-01
faceCenterPointX: 261
faceCenterPointY: 75
headPositionsX: [ 262, 261, 262, 263, 259, 260, 259, 260, 263, 259, 260,
    262, 261, 260, 260, 262, 263, 260, 260, 260, 259, 262, 263, 262, 262,
    261, 261, 262, 261, 262, 260, 261, 259, 260, 262, 260, 259, 259, 261,
    262, 262, 263, 262, 259, 262, 260, 260, 258, 261, 260, 259, 259, 258,
    260, 261, 261, 263, 260, 260, 261, 260, 259, 262, 261, 259, 258, 263,
    262, 259, 257, 261, 260, 261, 261, 259, 262, 258, 261, 259, 259, 260,
    259, 256, 257, 258, 256, 256, 256, 256, 257, 262, 258, 262, 258, 262,
    261, 260, 261, 260, 261 ]
headPositionsY: [ 74, 75, 76, 73, 74, 74, 75, 75, 74, 76, 77, 75, 75, 75,
    73, 73, 77, 74, 74, 74, 75, 74, 74, 77, 76, 75, 77, 74, 73, 78, 79,
    79, 78, 82, 80, 79, 81, 73, 75, 75, 74, 74, 79, 79, 82, 88, 86, 83,
    81, 81, 77, 74, 79, 80, 83, 84, 86, 85, 83, 77, 75, 73, 74, 72, 78,
    79, 83, 86, 82, 80, 79, 74, 72, 74, 69, 74, 71, 75, 77, 81, 80, 83,
    80, 83, 81, 78, 78, 73, 74, 74, 71, 74, 71, 75, 73, 74, 72, 72, 73,
    72 ]
