%YAML:1.0
---
videoName: "headShake7.mp4"
gestureLabel: 201
fps: 29
pixelSizeInCmTemp: 3.3263888888888887e-01
faceCenterPointX: 244
faceCenterPointY: 72
headPositionsX: [ 242, 241, 242, 245, 242, 241, 240, 243, 244, 242, 244,
    247, 249, 253, 255, 257, 261, 258, 260, 256, 251, 247, 239, 237, 231,
    233, 236, 241, 244, 250, 256, 256, 261, 259, 257, 252, 242, 236, 232,
    229, 229, 229, 232, 234, 240, 247, 249, 251, 253, 257, 254, 248, 245,
    242, 236, 232, 229, 227, 232, 233, 240, 244, 245, 254, 254, 258, 256,
    255, 252, 252, 245, 245, 241, 235, 235, 232, 233, 234, 236, 236, 240,
    238, 245, 245, 243, 247, 248, 247, 248, 249, 248, 247, 244, 247, 245,
    246, 242, 241, 244, 243 ]
headPositionsY: [ 72, 70, 70, 72, 70, 71, 70, 71, 71, 74, 73, 71, 68, 68,
    69, 67, 69, 69, 69, 67, 68, 72, 72, 72, 72, 70, 70, 69, 69, 70, 67,
    66, 68, 72, 73, 72, 73, 73, 73, 71, 69, 72, 72, 73, 72, 69, 71, 70,
    71, 68, 70, 69, 73, 73, 70, 73, 73, 67, 70, 70, 72, 72, 72, 72, 69,
    67, 67, 71, 68, 69, 72, 72, 71, 72, 70, 71, 69, 72, 72, 69, 70, 70,
    71, 71, 70, 69, 69, 71, 72, 69, 71, 69, 70, 71, 71, 73, 74, 71, 74,
    72 ]
