%YAML:1.0
---
videoName: "headNod37.mp4"
gestureLabel: 202
fps: 29
pixelSizeInCmTemp: 2.9207317073170730e-01
faceCenterPointX: 269
faceCenterPointY: 78
headPositionsX: [ 268, 269, 270, 271, 269, 269, 270, 269, 268, 268, 268,
    268, 273, 271, 269, 268, 267, 269, 269, 269, 272, 270, 270, 266, 267,
    267, 269, 271, 268, 269, 268, 270, 267, 271, 267, 268, 270, 270, 270,
    269, 271, 268, 268, 269, 271, 268, 270, 267, 270, 268, 268, 268, 269,
    272, 270, 271, 272, 269, 269, 268, 267, 269, 270, 266, 267, 266, 264,
    266, 267, 268, 265, 264, 267, 266, 270, 268, 267, 271, 270, 269, 271,
    268, 268, 272, 268, 268, 271, 271, 270, 271, 268, 268, 270, 270, 268,
    267, 270, 269, 269, 267 ]
headPositionsY: [ 78, 75, 73, 74, 75, 76, 76, 75, 75, 76, 74, 78, 77, 74,
    77, 74, 77, 73, 73, 73, 78, 74, 76, 76, 73, 73, 76, 74, 75, 77, 74,
    76, 74, 79, 77, 77, 75, 77, 75, 74, 77, 77, 77, 76, 74, 75, 76, 75,
    79, 75, 75, 73, 73, 68, 67, 66, 63, 64, 68, 66, 71, 69, 81, 84, 88,
    89, 87, 88, 82, 80, 74, 72, 69, 66, 65, 65, 67, 66, 67, 69, 74, 75,
    76, 82, 80, 81, 81, 82, 83, 81, 80, 78, 77, 76, 76, 76, 78, 76, 79,
    76 ]
