%YAML:1.0
---
videoName: "headLookDown3.mp4"
gestureLabel: 206
fps: 29
pixelSizeInCmTemp: 3.5746268656716418e-01
faceCenterPointX: 273
faceCenterPointY: 98
headPositionsX: [ 273, 271, 273, 271, 272, 272, 273, 274, 274, 274, 273,
    274, 271, 270, 273, 272, 271, 275, 272, 272, 274, 273, 272, 274, 273,
    271, 274, 273, 273, 274, 275, 272, 272, 270, 275, 272, 275, 273, 273,
    272, 271, 272, 273, 273, 270, 273, 270, 272, 274, 274, 271, 272, 270,
    274, 272, 275, 273, 273, 272, 270, 269, 273, 270, 271, 272, 271, 272,
    269, 272, 270, 273, 274, 271, 271, 269, 271, 273, 273, 269, 274, 269,
    272, 272, 274, 270, 274, 271, 271, 272, 274, 270, 275, 274, 274, 273,
    274, 276, 271, 274, 273 ]
headPositionsY: [ 97, 76, 80, 76, 79, 77, 80, 78, 79, 78, 80, 78, 77, 78,
    80, 80, 80, 80, 78, 80, 78, 78, 79, 80, 78, 76, 81, 80, 76, 79, 78,
    79, 81, 81, 78, 79, 79, 82, 80, 82, 83, 83, 85, 82, 88, 87, 87, 91,
    89, 91, 93, 93, 90, 92, 94, 92, 96, 94, 97, 98, 98, 100, 97, 96, 98,
    100, 99, 99, 99, 102, 102, 101, 99, 102, 104, 103, 99, 100, 103, 101,
    100, 101, 101, 103, 101, 103, 100, 100, 100, 101, 100, 100, 102, 98,
    104, 100, 100, 99, 99, 99 ]
