%YAML:1.0
---
videoName: "headLookRight8.mp4"
gestureLabel: 204
fps: 29
pixelSizeInCmTemp: 3.1513157894736843e-01
faceCenterPointX: 218
faceCenterPointY: 80
headPositionsX: [ 220, 251, 251, 247, 247, 249, 249, 250, 248, 249, 246,
    250, 247, 245, 245, 244, 246, 249, 247, 244, 245, 248, 246, 247, 246,
    245, 249, 244, 245, 245, 247, 245, 247, 247, 248, 249, 248, 249, 247,
    246, 248, 245, 246, 245, 247, 244, 244, 245, 246, 248, 246, 245, 246,
    248, 246, 246, 248, 248, 246, 245, 247, 244, 248, 245, 245, 245, 243,
    245, 246, 242, 241, 241, 237, 234, 231, 230, 225, 225, 221, 219, 222,
    221, 218, 216, 217, 220, 218, 218, 217, 219, 220, 218, 217, 217, 222,
    220, 216, 220, 217, 217 ]
headPositionsY: [ 78, 73, 72, 74, 74, 75, 72, 72, 74, 75, 73, 74, 77, 73,
    73, 75, 77, 74, 76, 74, 77, 76, 77, 74, 77, 77, 77, 75, 75, 76, 74,
    75, 76, 76, 77, 79, 79, 78, 76, 75, 74, 78, 78, 79, 75, 75, 76, 76,
    76, 77, 74, 75, 75, 80, 79, 79, 78, 79, 75, 75, 76, 75, 76, 76, 78,
    75, 79, 76, 76, 75, 77, 76, 78, 78, 78, 74, 78, 74, 75, 73, 75, 78,
    73, 78, 71, 82, 82, 81, 78, 82, 79, 80, 75, 76, 77, 80, 80, 79, 78,
    80 ]
