%YAML:1.0
---
videoName: "headNod0.mp4"
gestureLabel: 202
fps: 29
pixelSizeInCmTemp: 3.2364864864864862e-01
faceCenterPointX: 264
faceCenterPointY: 76
headPositionsX: [ 266, 269, 269, 269, 267, 265, 269, 269, 268, 269, 264,
    268, 269, 266, 266, 263, 267, 266, 265, 267, 263, 267, 267, 268, 266,
    266, 264, 263, 267, 267, 267, 265, 268, 267, 267, 269, 269, 267, 264,
    268, 264, 264, 267, 265, 265, 266, 265, 262, 265, 265, 265, 266, 262,
    266, 267, 265, 264, 263, 262, 264, 263, 264, 266, 268, 264, 263, 266,
    266, 265, 268, 264, 264, 263, 266, 266, 266, 265, 263, 263, 265, 262,
    264, 262, 263, 262, 263, 265, 263, 266, 265, 265, 262, 267, 266, 266,
    265, 266, 262, 263, 262 ]
headPositionsY: [ 75, 74, 74, 72, 73, 73, 74, 73, 74, 74, 74, 75, 71, 72,
    71, 73, 75, 74, 72, 74, 73, 71, 75, 72, 72, 74, 73, 75, 72, 69, 71,
    68, 65, 62, 61, 65, 65, 61, 64, 66, 66, 73, 74, 75, 77, 79, 82, 80,
    80, 78, 80, 73, 74, 70, 71, 65, 67, 67, 66, 70, 70, 73, 74, 76, 77,
    76, 81, 82, 79, 78, 79, 75, 74, 68, 68, 69, 67, 70, 67, 71, 69, 72,
    73, 76, 78, 77, 76, 78, 79, 76, 76, 75, 79, 79, 76, 75, 75, 75, 77,
    75 ]
