%YAML:1.0
---
videoName: "headNod44.mp4"
gestureLabel: 202
fps: 29
pixelSizeInCmTemp: 2.9567901234567900e-01
faceCenterPointX: 268
faceCenterPointY: 78
headPositionsX: [ 268, 267, 270, 272, 268, 269, 271, 270, 270, 268, 269,
    270, 266, 270, 270, 269, 268, 269, 268, 271, 268, 267, 270, 268, 270,
    266, 268, 266, 265, 268, 269, 268, 269, 265, 269, 267, 268, 267, 264,
    269, 264, 266, 268, 267, 265, 264, 265, 267, 267, 267, 268, 269, 269,
    268, 269, 269, 269, 270, 266, 266, 268, 271, 267, 268, 270, 266, 270,
    268, 269, 268, 269, 266, 269, 269, 267, 266, 270, 268, 270, 271, 270,
    267, 269, 266, 267, 268, 270, 269, 270, 267, 270, 268, 267, 268, 268,
    270, 266, 267, 270, 267 ]
headPositionsY: [ 77, 74, 75, 75, 77, 74, 74, 73, 75, 75, 76, 76, 74, 74,
    74, 77, 75, 78, 81, 84, 84, 86, 94, 94, 93, 95, 88, 85, 80, 76, 70,
    71, 71, 71, 73, 76, 77, 83, 87, 86, 87, 82, 78, 79, 75, 71, 74, 76,
    77, 79, 85, 90, 89, 86, 87, 83, 76, 74, 75, 75, 73, 75, 78, 82, 87,
    86, 86, 81, 80, 78, 76, 75, 75, 78, 79, 84, 86, 85, 88, 85, 84, 83,
    79, 79, 79, 77, 78, 80, 79, 76, 78, 78, 79, 77, 76, 79, 78, 76, 79,
    78 ]
