%YAML:1.0
---
videoName: "headLookRight1.mp4"
gestureLabel: 204
fps: 29
pixelSizeInCmTemp: 3.3263888888888887e-01
faceCenterPointX: 232
faceCenterPointY: 68
headPositionsX: [ 234, 258, 255, 258, 254, 256, 258, 257, 255, 255, 258,
    258, 253, 255, 254, 255, 256, 253, 254, 255, 258, 257, 256, 255, 256,
    256, 252, 253, 255, 254, 252, 251, 252, 250, 244, 244, 241, 241, 235,
    236, 235, 232, 228, 231, 232, 232, 230, 226, 232, 231, 231, 231, 229,
    230, 231, 232, 231, 237, 233, 232, 234, 232, 229, 233, 231, 234, 229,
    231, 233, 234, 233, 234, 233, 231, 234, 232, 232, 234, 230, 231, 232,
    233, 232, 230, 229, 233, 233, 230, 231, 235, 231, 233, 230, 232, 230,
    233, 232, 232, 230, 231 ]
headPositionsY: [ 69, 67, 70, 70, 68, 70, 67, 67, 67, 68, 67, 68, 70, 67,
    70, 66, 66, 68, 66, 69, 67, 69, 66, 67, 70, 67, 70, 68, 68, 70, 69,
    69, 67, 66, 70, 70, 69, 69, 68, 69, 70, 67, 70, 68, 65, 67, 68, 69,
    68, 69, 68, 71, 68, 67, 68, 70, 68, 68, 66, 65, 66, 69, 66, 70, 68,
    69, 68, 68, 70, 66, 67, 66, 67, 68, 68, 68, 68, 66, 65, 71, 67, 67,
    71, 70, 70, 69, 70, 67, 66, 67, 70, 66, 67, 67, 69, 68, 66, 71, 70,
    70 ]
