%YAML:1.0
---
videoName: "headShake3.mp4"
gestureLabel: 201
fps: 30
pixelSizeInCmTemp: 3.3263888888888887e-01
faceCenterPointX: 240
faceCenterPointY: 101
headPositionsX: [ 239, 242, 240, 241, 243, 241, 243, 243, 241, 242, 240,
    240, 241, 239, 243, 243, 241, 243, 242, 243, 241, 242, 240, 243, 243,
    240, 243, 242, 238, 239, 240, 239, 242, 241, 246, 249, 255, 257, 258,
    258, 255, 252, 250, 242, 236, 231, 230, 230, 226, 229, 235, 238, 244,
    248, 250, 251, 250, 245, 245, 236, 231, 229, 227, 224, 226, 227, 233,
    235, 240, 243, 245, 246, 243, 246, 243, 243, 239, 239, 234, 232, 234,
    232, 235, 232, 236, 234, 237, 237, 238, 239, 242, 242, 240, 241, 241,
    241, 240, 240, 242, 239 ]
headPositionsY: [ 101, 98, 99, 100, 97, 98, 99, 100, 97, 98, 101, 98, 97,
    96, 97, 97, 97, 101, 101, 99, 101, 97, 98, 97, 99, 99, 98, 100, 98,
    101, 99, 99, 99, 100, 100, 97, 97, 96, 100, 96, 96, 97, 100, 96, 99,
    99, 98, 98, 96, 97, 100, 100, 99, 97, 96, 99, 98, 97, 101, 98, 98,
    97, 96, 96, 96, 96, 98, 97, 98, 98, 98, 97, 98, 99, 99, 100, 99, 98,
    101, 100, 99, 99, 100, 102, 99, 100, 100, 102, 101, 102, 101, 100,
    102, 98, 102, 100, 100, 103, 100, 100 ]
