%YAML:1.0
---
videoName: "headShake30.mp4"
gestureLabel: 201
fps: 29
pixelSizeInCmTemp: 3.2808219178082193e-01
faceCenterPointX: 240
faceCenterPointY: 68
headPositionsX: [ 242, 234, 232, 235, 230, 235, 232, 232, 233, 236, 237,
    237, 238, 237, 240, 238, 240, 240, 242, 244, 245, 244, 245, 241, 244,
    242, 244, 241, 244, 239, 240, 242, 241, 242, 239, 237, 241, 241, 242,
    245, 248, 252, 257, 260, 257, 258, 260, 255, 249, 243, 237, 232, 225,
    223, 221, 226, 230, 232, 241, 245, 249, 250, 253, 252, 248, 241, 237,
    233, 227, 227, 229, 227, 234, 238, 240, 244, 248, 251, 251, 250, 249,
    242, 242, 238, 235, 236, 237, 238, 235, 241, 238, 242, 242, 240, 242,
    242, 240, 240, 239, 239 ]
headPositionsY: [ 66, 54, 56, 56, 58, 61, 59, 59, 63, 65, 62, 64, 62, 65,
    66, 65, 66, 65, 67, 66, 65, 66, 66, 63, 68, 65, 67, 68, 65, 63, 63,
    65, 68, 68, 67, 65, 64, 67, 67, 65, 67, 64, 65, 63, 67, 67, 68, 66,
    66, 65, 69, 68, 68, 67, 66, 70, 70, 70, 68, 68, 66, 64, 67, 67, 71,
    67, 66, 70, 67, 67, 69, 69, 69, 67, 69, 67, 67, 65, 68, 64, 65, 68,
    65, 70, 67, 66, 69, 70, 66, 66, 68, 70, 66, 69, 69, 66, 67, 69, 70,
    69 ]
