%YAML:1.0
---
videoName: "headNod33.mp4"
gestureLabel: 202
fps: 29
pixelSizeInCmTemp: 2.9567901234567900e-01
faceCenterPointX: 268
faceCenterPointY: 74
headPositionsX: [ 267, 266, 267, 268, 270, 268, 268, 272, 272, 269, 272,
    269, 270, 268, 272, 270, 273, 270, 269, 270, 271, 271, 271, 268, 269,
    271, 267, 271, 271, 266, 269, 267, 271, 267, 267, 268, 270, 271, 270,
    272, 268, 267, 272, 270, 270, 269, 269, 271, 269, 270, 268, 266, 268,
    268, 267, 266, 268, 267, 269, 269, 266, 267, 268, 266, 267, 269, 268,
    267, 270, 269, 268, 267, 267, 266, 266, 269, 268, 267, 270, 270, 270,
    268, 269, 269, 270, 269, 270, 268, 269, 267, 267, 268, 266, 266, 267,
    269, 270, 268, 267, 268 ]
headPositionsY: [ 74, 69, 73, 70, 71, 72, 72, 72, 72, 71, 72, 70, 70, 71,
    70, 69, 73, 72, 71, 72, 73, 73, 69, 73, 73, 74, 73, 70, 74, 73, 73,
    73, 73, 75, 76, 76, 78, 75, 76, 70, 69, 68, 63, 64, 66, 66, 70, 73,
    79, 81, 84, 81, 79, 77, 73, 74, 71, 71, 68, 70, 70, 73, 73, 75, 74,
    77, 75, 76, 79, 77, 72, 72, 73, 71, 71, 71, 73, 72, 75, 76, 73, 74,
    80, 79, 78, 75, 78, 76, 74, 74, 74, 73, 77, 75, 74, 77, 73, 75, 73,
    75 ]
