%YAML:1.0
---
videoName: "headNod24.mp4"
gestureLabel: 202
fps: 29
pixelSizeInCmTemp: 3.1513157894736843e-01
faceCenterPointX: 272
faceCenterPointY: 72
headPositionsX: [ 272, 276, 274, 277, 274, 273, 272, 275, 276, 273, 273,
    274, 275, 276, 274, 276, 276, 276, 273, 273, 275, 271, 271, 275, 272,
    275, 271, 271, 273, 274, 271, 272, 271, 274, 274, 274, 275, 276, 271,
    275, 275, 271, 270, 272, 272, 272, 272, 271, 273, 272, 272, 276, 271,
    275, 275, 273, 272, 274, 271, 271, 272, 271, 268, 272, 271, 271, 269,
    270, 270, 270, 270, 268, 271, 271, 271, 271, 269, 268, 271, 269, 269,
    271, 271, 268, 269, 270, 271, 269, 270, 269, 270, 271, 273, 271, 270,
    274, 272, 274, 271, 272 ]
headPositionsY: [ 73, 74, 73, 72, 71, 74, 73, 73, 72, 72, 71, 75, 75, 71,
    74, 76, 74, 74, 74, 71, 73, 73, 73, 74, 75, 74, 73, 75, 74, 74, 74,
    73, 74, 74, 72, 74, 72, 71, 71, 70, 68, 72, 78, 80, 79, 82, 77, 77,
    71, 68, 68, 69, 68, 73, 77, 74, 76, 72, 71, 68, 66, 68, 65, 69, 70,
    71, 77, 74, 75, 75, 73, 70, 71, 70, 69, 72, 69, 75, 76, 73, 73, 75,
    76, 73, 72, 72, 69, 69, 70, 69, 71, 69, 73, 74, 71, 75, 74, 74, 72,
    71 ]
