%YAML:1.0
---
videoName: "headShake35.mp4"
gestureLabel: 201
fps: 29
pixelSizeInCmTemp: 3.2364864864864862e-01
faceCenterPointX: 267
faceCenterPointY: 82
headPositionsX: [ 267, 269, 265, 266, 266, 266, 269, 266, 269, 269, 266,
    267, 269, 270, 268, 266, 267, 269, 269, 270, 267, 267, 268, 270, 267,
    266, 267, 266, 268, 269, 269, 269, 269, 268, 269, 266, 267, 269, 266,
    267, 269, 267, 267, 269, 268, 267, 269, 265, 268, 268, 265, 265, 267,
    266, 267, 269, 268, 268, 269, 266, 267, 270, 269, 273, 274, 275, 278,
    280, 282, 280, 275, 272, 264, 261, 262, 257, 261, 260, 266, 270, 273,
    278, 272, 273, 268, 265, 266, 261, 260, 262, 261, 265, 265, 269, 266,
    268, 268, 268, 268, 266 ]
headPositionsY: [ 81, 80, 79, 81, 80, 82, 82, 78, 79, 82, 78, 82, 79, 80,
    78, 82, 81, 81, 81, 78, 81, 81, 80, 80, 78, 79, 78, 78, 78, 83, 82,
    77, 79, 79, 78, 80, 79, 81, 81, 78, 82, 82, 78, 81, 79, 81, 83, 81,
    79, 82, 80, 78, 81, 80, 79, 82, 80, 81, 78, 82, 82, 82, 78, 80, 79,
    80, 78, 81, 80, 82, 80, 81, 80, 80, 79, 81, 82, 81, 83, 81, 84, 82,
    83, 81, 80, 82, 80, 81, 83, 81, 79, 79, 82, 83, 82, 83, 82, 84, 83,
    84 ]
