%YAML:1.0
---
videoName: "headNod46.mp4"
gestureLabel: 202
fps: 30
pixelSizeInCmTemp: 2.8511904761904761e-01
faceCenterPointX: 264
faceCenterPointY: 72
headPositionsX: [ 265, 262, 264, 267, 263, 266, 266, 264, 265, 262, 266,
    263, 264, 264, 263, 267, 261, 265, 265, 262, 266, 265, 266, 266, 267,
    265, 265, 268, 268, 267, 268, 264, 266, 264, 261, 264, 262, 261, 262,
    262, 261, 262, 264, 263, 264, 260, 264, 260, 261, 262, 260, 264, 262,
    264, 265, 265, 264, 262, 264, 261, 263, 265, 264, 261, 263, 261, 266,
    261, 263, 264, 263, 263, 267, 264, 265, 263, 267, 264, 265, 263, 263,
    262, 266, 264, 263, 264, 262, 262, 263, 260, 265, 264, 263, 265, 262,
    262, 264, 264, 261, 262 ]
headPositionsY: [ 73, 70, 71, 67, 69, 68, 68, 69, 72, 74, 74, 79, 80, 83,
    89, 87, 90, 91, 84, 84, 81, 75, 73, 71, 72, 72, 70, 70, 71, 77, 78,
    85, 90, 90, 87, 86, 80, 77, 74, 69, 68, 70, 68, 72, 72, 75, 80, 83,
    87, 82, 80, 80, 73, 71, 67, 64, 69, 69, 69, 72, 73, 75, 77, 78, 76,
    74, 74, 68, 71, 67, 69, 69, 70, 73, 74, 74, 74, 72, 70, 72, 70, 70,
    69, 68, 70, 73, 77, 73, 74, 72, 74, 70, 71, 70, 70, 73, 72, 71, 71,
    72 ]
