%YAML:1.0
---
videoName: "headShake47.mp4"
gestureLabel: 201
fps: 29
pixelSizeInCmTemp: 3.2364864864864862e-01
faceCenterPointX: 258
faceCenterPointY: 86
headPositionsX: [ 257, 262, 260, 260, 261, 258, 260, 258, 261, 262, 262,
    262, 259, 260, 261, 258, 262, 260, 259, 263, 261, 261, 257, 262, 260,
    258, 258, 260, 259, 263, 258, 263, 261, 257, 255, 254, 252, 251, 250,
    249, 249, 248, 251, 253, 260, 263, 267, 269, 267, 266, 261, 257, 252,
    254, 252, 256, 260, 266, 265, 266, 263, 256, 252, 250, 252, 254, 256,
    263, 265, 262, 261, 258, 258, 255, 252, 253, 258, 257, 260, 264, 263,
    264, 260, 254, 254, 252, 255, 254, 257, 259, 257, 257, 258, 256, 259,
    258, 255, 259, 255, 257 ]
headPositionsY: [ 87, 84, 85, 86, 83, 85, 83, 86, 84, 86, 83, 85, 84, 84,
    84, 85, 85, 84, 83, 85, 82, 87, 84, 83, 87, 83, 85, 83, 85, 86, 84,
    87, 86, 87, 83, 88, 86, 87, 85, 84, 84, 85, 85, 85, 89, 90, 87, 88,
    90, 90, 88, 87, 89, 88, 90, 88, 90, 86, 87, 89, 88, 87, 88, 89, 84,
    86, 86, 87, 85, 88, 89, 88, 85, 88, 85, 89, 86, 88, 87, 86, 85, 89,
    86, 85, 88, 87, 86, 85, 85, 85, 84, 88, 85, 86, 84, 87, 86, 85, 85,
    85 ]
