%YAML:1.0
---
videoName: "headLookLeft7.mp4"
gestureLabel: 203
fps: 29
pixelSizeInCmTemp: 3.4214285714285714e-01
faceCenterPointX: 268
faceCenterPointY: 68
headPositionsX: [ 268, 247, 247, 245, 245, 244, 247, 247, 246, 244, 246,
    244, 246, 246, 248, 244, 243, 244, 245, 246, 246, 247, 246, 243, 243,
    247, 248, 248, 245, 250, 246, 248, 253, 254, 259, 260, 261, 264, 264,
    267, 269, 267, 268, 265, 266, 269, 270, 269, 265, 270, 267, 267, 268,
    267, 264, 267, 265, 267, 269, 268, 266, 269, 265, 267, 267, 266, 266,
    271, 263, 268, 270, 269, 270, 266, 269, 269, 271, 270, 268, 267, 266,
    269, 268, 269, 267, 268, 269, 270, 267, 271, 271, 268, 267, 267, 270,
    271, 269, 269, 268, 270 ]
headPositionsY: [ 67, 70, 68, 67, 72, 71, 68, 68, 67, 68, 68, 72, 69, 71,
    70, 73, 70, 68, 71, 70, 71, 69, 69, 71, 70, 69, 70, 71, 71, 69, 71,
    70, 67, 71, 69, 67, 67, 68, 69, 68, 65, 69, 70, 68, 68, 70, 71, 66,
    71, 67, 69, 68, 68, 70, 66, 71, 68, 68, 66, 68, 67, 70, 68, 69, 67,
    70, 70, 68, 66, 67, 69, 68, 68, 71, 70, 70, 71, 67, 67, 70, 69, 70,
    69, 69, 67, 69, 66, 69, 70, 72, 71, 67, 67, 71, 70, 70, 68, 69, 69,
    68 ]
