%YAML:1.0
---
videoName: "headNod38.mp4"
gestureLabel: 202
fps: 29
pixelSizeInCmTemp: 2.9937500000000000e-01
faceCenterPointX: 267
faceCenterPointY: 73
headPositionsX: [ 268, 269, 266, 266, 268, 268, 264, 264, 267, 266, 264,
    266, 266, 268, 267, 268, 266, 266, 267, 269, 265, 269, 265, 266, 267,
    267, 268, 264, 263, 265, 266, 265, 263, 264, 263, 263, 266, 265, 264,
    266, 264, 266, 265, 265, 267, 265, 266, 268, 266, 267, 269, 267, 266,
    267, 266, 271, 267, 268, 270, 266, 270, 267, 268, 267, 269, 271, 270,
    271, 268, 268, 270, 269, 267, 269, 265, 270, 268, 266, 266, 268, 267,
    270, 268, 269, 267, 269, 268, 268, 267, 266, 269, 268, 267, 268, 266,
    269, 266, 265, 269, 269 ]
headPositionsY: [ 74, 74, 75, 73, 80, 79, 83, 84, 85, 84, 82, 77, 76, 77,
    78, 83, 83, 87, 88, 87, 81, 79, 73, 77, 78, 79, 83, 85, 86, 90, 90,
    85, 81, 80, 78, 76, 75, 72, 77, 78, 82, 84, 87, 90, 84, 81, 81, 74,
    71, 71, 70, 71, 72, 76, 77, 83, 83, 85, 87, 81, 83, 80, 75, 77, 75,
    73, 72, 72, 72, 78, 79, 82, 82, 83, 87, 82, 82, 79, 81, 75, 76, 72,
    73, 72, 71, 72, 71, 70, 74, 74, 72, 74, 74, 74, 73, 72, 73, 71, 75,
    76 ]
