%YAML:1.0
---
videoName: "headLookRight8.mp4"
gestureLabel: 204
fps: 29
pixelSizeInCmTemp: 3.1513157894736843e-01
faceCenterPointX: 218
faceCenterPointY: 80
headPositionsX: [ 218, 247, 251, 247, 251, 249, 250, 248, 246, 249, 246,
    246, 244, 246, 245, 246, 247, 249, 244, 245, 244, 247, 245, 246, 249,
    245, 245, 245, 245, 246, 245, 249, 246, 248, 248, 247, 247, 246, 248,
    246, 248, 248, 246, 245, 244, 246, 247, 244, 246, 246, 247, 247, 248,
    247, 248, 246, 248, 245, 247, 247, 244, 246, 247, 244, 245, 246, 244,
    246, 245, 243, 244, 239, 235, 232, 231, 229, 224, 221, 222, 220, 220,
    218, 217, 214, 218, 217, 217, 216, 220, 216, 216, 219, 218, 215, 218,
    220, 219, 218, 219, 216 ]
headPositionsY: [ 81, 75, 76, 73, 74, 73, 72, 72, 74, 75, 74, 74, 75, 76,
    73, 76, 74, 75, 77, 73, 77, 76, 78, 74, 79, 78, 75, 77, 75, 76, 74,
    78, 78, 78, 77, 78, 79, 76, 74, 75, 74, 79, 78, 79, 75, 75, 76, 75,
    79, 79, 77, 78, 77, 76, 78, 76, 74, 78, 78, 79, 77, 79, 76, 77, 80,
    76, 76, 76, 75, 78, 76, 80, 78, 76, 75, 73, 78, 75, 72, 76, 72, 80,
    71, 80, 74, 78, 78, 78, 82, 80, 78, 81, 74, 76, 75, 81, 79, 78, 81,
    81 ]
