%YAML:1.0
---
videoName: "headNod48.mp4"
gestureLabel: 202
fps: 29
pixelSizeInCmTemp: 2.8855421686746985e-01
faceCenterPointX: 264
faceCenterPointY: 72
headPositionsX: [ 266, 263, 264, 267, 265, 267, 266, 265, 267, 264, 264,
    263, 266, 262, 262, 265, 263, 261, 260, 264, 260, 260, 262, 261, 261,
    262, 262, 263, 261, 259, 263, 263, 261, 262, 264, 265, 261, 260, 265,
    265, 264, 261, 261, 262, 260, 261, 261, 262, 264, 264, 259, 261, 259,
    258, 263, 259, 259, 263, 264, 260, 260, 260, 264, 263, 261, 261, 262,
    261, 266, 264, 264, 265, 263, 265, 264, 266, 267, 263, 262, 265, 267,
    263, 263, 265, 265, 267, 264, 264, 263, 263, 266, 263, 267, 265, 264,
    264, 267, 263, 266, 267 ]
headPositionsY: [ 74, 75, 77, 76, 80, 77, 75, 73, 68, 63, 62, 63, 62, 63,
    68, 71, 73, 78, 86, 86, 87, 87, 83, 80, 77, 77, 68, 69, 65, 66, 63,
    64, 65, 65, 67, 73, 72, 78, 80, 83, 82, 81, 78, 79, 77, 75, 72, 72,
    70, 72, 74, 74, 76, 79, 79, 80, 76, 76, 73, 70, 71, 72, 72, 73, 71,
    73, 73, 76, 79, 77, 74, 73, 72, 70, 73, 72, 72, 71, 71, 73, 74, 75,
    74, 73, 74, 73, 70, 72, 72, 71, 75, 71, 76, 72, 73, 70, 74, 71, 73,
    74 ]
