%YAML:1.0
---
videoName: "headShake26.mp4"
gestureLabel: 201
fps: 30
pixelSizeInCmTemp: 3.2808219178082193e-01
faceCenterPointX: 243
faceCenterPointY: 78
headPositionsX: [ 245, 241, 241, 239, 239, 243, 244, 245, 246, 246, 249,
    252, 251, 249, 249, 251, 253, 246, 246, 243, 240, 238, 235, 233, 229,
    230, 229, 232, 228, 233, 231, 233, 241, 243, 245, 245, 251, 253, 254,
    252, 254, 252, 252, 247, 246, 239, 237, 236, 232, 229, 228, 227, 227,
    228, 233, 233, 239, 237, 241, 248, 250, 249, 250, 252, 253, 253, 253,
    251, 250, 248, 245, 241, 240, 242, 237, 239, 238, 238, 235, 237, 236,
    236, 240, 239, 242, 243, 239, 243, 244, 242, 247, 243, 244, 242, 247,
    243, 245, 242, 245, 245 ]
headPositionsY: [ 76, 75, 79, 75, 76, 76, 77, 78, 76, 75, 79, 78, 78, 79,
    78, 78, 76, 76, 76, 76, 78, 78, 77, 77, 78, 78, 76, 76, 78, 76, 75,
    78, 77, 76, 80, 76, 79, 77, 77, 75, 75, 76, 76, 78, 78, 79, 78, 77,
    75, 78, 78, 74, 76, 78, 74, 79, 77, 80, 77, 79, 78, 77, 78, 79, 76,
    74, 80, 80, 79, 79, 80, 77, 78, 78, 78, 80, 80, 78, 78, 79, 79, 81,
    80, 79, 77, 78, 78, 77, 79, 77, 77, 81, 80, 80, 79, 79, 78, 78, 79,
    79 ]
