%YAML:1.0
---
videoName: "headLookLeft2.mp4"
gestureLabel: 203
fps: 29
pixelSizeInCmTemp: 3.6846153846153845e-01
faceCenterPointX: 278
faceCenterPointY: 74
headPositionsX: [ 276, 258, 257, 257, 260, 259, 257, 259, 259, 258, 261,
    259, 258, 259, 260, 261, 262, 259, 264, 263, 262, 266, 266, 267, 270,
    268, 270, 275, 276, 276, 277, 278, 278, 277, 279, 279, 280, 279, 279,
    276, 280, 282, 282, 279, 282, 280, 281, 281, 287, 282, 279, 282, 283,
    282, 279, 281, 280, 273, 277, 282, 285, 275, 278, 278, 281, 281, 282,
    285, 279, 279, 278, 279, 283, 276, 279, 283, 279, 280, 280, 279, 277,
    278, 281, 280, 284, 276, 285, 278, 277, 281, 282, 277, 281, 281, 278,
    277, 282, 282, 288, 281 ]
headPositionsY: [ 72, 73, 73, 76, 74, 74, 76, 78, 75, 76, 73, 75, 74, 73,
    76, 77, 78, 76, 76, 77, 77, 75, 76, 77, 75, 76, 75, 77, 77, 73, 75,
    73, 71, 76, 73, 74, 75, 75, 76, 75, 76, 75, 77, 74, 74, 76, 76, 73,
    75, 75, 75, 78, 73, 75, 73, 74, 75, 73, 75, 75, 76, 72, 76, 74, 75,
    73, 73, 78, 77, 74, 73, 74, 76, 75, 75, 75, 72, 73, 75, 77, 73, 75,
    76, 73, 74, 73, 75, 72, 72, 73, 76, 73, 78, 72, 73, 75, 73, 76, 75,
    73 ]
