%YAML:1.0
---
videoName: "headLookDown0.mp4"
gestureLabel: 206
fps: 29
pixelSizeInCmTemp: 3.3263888888888887e-01
faceCenterPointX: 273
faceCenterPointY: 93
headPositionsX: [ 271, 271, 273, 274, 273, 269, 274, 272, 273, 270, 273,
    270, 271, 271, 273, 273, 271, 272, 274, 271, 273, 273, 274, 271, 270,
    270, 272, 271, 269, 270, 274, 270, 272, 270, 269, 271, 272, 271, 269,
    270, 272, 273, 270, 274, 270, 270, 274, 271, 273, 273, 271, 272, 269,
    272, 272, 271, 272, 272, 272, 270, 272, 273, 273, 273, 270, 271, 271,
    272, 272, 272, 271, 273, 274, 272, 275, 270, 270, 270, 270, 275, 275,
    273, 273, 270, 271, 273, 271, 274, 275, 272, 271, 272, 271, 270, 271,
    271, 272, 274, 275, 271 ]
headPositionsY: [ 95, 76, 81, 77, 82, 81, 78, 81, 77, 79, 77, 81, 79, 79,
    82, 77, 80, 78, 80, 79, 78, 82, 80, 78, 81, 80, 78, 81, 82, 81, 82,
    77, 78, 79, 78, 80, 79, 82, 82, 85, 88, 85, 89, 89, 93, 92, 97, 95,
    96, 96, 98, 95, 98, 96, 95, 98, 97, 99, 94, 95, 97, 95, 97, 94, 97,
    98, 98, 94, 96, 94, 94, 94, 96, 95, 97, 95, 97, 94, 92, 94, 94, 94,
    97, 97, 95, 97, 97, 95, 93, 92, 93, 95, 93, 95, 91, 93, 92, 93, 93,
    94 ]
