%YAML:1.0
---
videoName: "headNod36.mp4"
gestureLabel: 202
fps: 29
pixelSizeInCmTemp: 2.8176470588235292e-01
faceCenterPointX: 269
faceCenterPointY: 75
headPositionsX: [ 270, 271, 272, 271, 273, 271, 270, 272, 270, 272, 271,
    273, 268, 268, 268, 271, 273, 271, 270, 272, 270, 271, 271, 271, 271,
    270, 268, 268, 270, 269, 269, 272, 269, 270, 271, 271, 268, 266, 268,
    267, 267, 270, 268, 268, 269, 268, 268, 272, 270, 272, 273, 272, 269,
    273, 270, 272, 269, 271, 269, 272, 269, 269, 270, 266, 269, 268, 267,
    268, 270, 269, 266, 270, 268, 269, 268, 266, 268, 267, 268, 268, 270,
    267, 267, 267, 268, 271, 267, 269, 269, 268, 271, 268, 268, 266, 268,
    269, 270, 272, 270, 270 ]
headPositionsY: [ 74, 76, 72, 74, 72, 72, 74, 74, 76, 72, 73, 77, 72, 76,
    73, 74, 73, 75, 76, 77, 76, 76, 80, 77, 76, 75, 69, 68, 65, 65, 63,
    63, 73, 74, 79, 82, 87, 91, 92, 87, 84, 78, 74, 73, 74, 68, 69, 66,
    68, 71, 71, 72, 80, 82, 85, 87, 86, 84, 84, 84, 78, 76, 74, 71, 71,
    71, 78, 79, 83, 81, 85, 82, 80, 78, 76, 73, 76, 72, 75, 77, 79, 81,
    84, 85, 82, 84, 80, 78, 78, 75, 74, 73, 74, 77, 73, 76, 75, 76, 74,
    76 ]
