%YAML:1.0
---
videoName: "headNod46.mp4"
gestureLabel: 202
fps: 30
pixelSizeInCmTemp: 2.8511904761904761e-01
faceCenterPointX: 264
faceCenterPointY: 72
headPositionsX: [ 262, 266, 263, 267, 263, 266, 262, 263, 263, 266, 266,
    265, 265, 263, 266, 265, 261, 266, 262, 264, 263, 265, 264, 268, 264,
    265, 266, 264, 268, 267, 267, 267, 266, 263, 263, 264, 262, 261, 261,
    260, 262, 261, 265, 263, 262, 263, 260, 263, 261, 262, 264, 263, 264,
    260, 263, 265, 265, 261, 265, 265, 261, 263, 264, 263, 264, 264, 264,
    263, 262, 263, 262, 265, 265, 267, 264, 261, 264, 266, 264, 265, 267,
    262, 266, 266, 265, 264, 263, 262, 263, 262, 262, 263, 263, 262, 265,
    262, 262, 264, 261, 265 ]
headPositionsY: [ 70, 69, 71, 70, 70, 70, 68, 70, 70, 76, 78, 76, 82, 83,
    89, 91, 91, 87, 84, 86, 78, 73, 76, 69, 72, 70, 70, 71, 74, 73, 78,
    84, 87, 92, 90, 86, 78, 77, 75, 67, 67, 70, 70, 72, 74, 77, 82, 85,
    86, 82, 82, 77, 74, 72, 70, 64, 68, 65, 67, 69, 74, 76, 79, 77, 76,
    74, 70, 71, 70, 66, 70, 71, 70, 76, 74, 72, 77, 72, 74, 70, 73, 67,
    71, 68, 74, 73, 75, 74, 72, 75, 73, 72, 69, 71, 72, 73, 70, 73, 74,
    72 ]
