%YAML:1.0
---
videoName: "headShake21.mp4"
gestureLabel: 201
fps: 29
pixelSizeInCmTemp: 3.1933333333333330e-01
faceCenterPointX: 241
faceCenterPointY: 78
headPositionsX: [ 242, 244, 246, 243, 244, 241, 243, 242, 241, 240, 242,
    242, 244, 243, 240, 243, 241, 240, 243, 241, 241, 242, 243, 241, 242,
    243, 243, 244, 245, 243, 242, 243, 243, 243, 245, 244, 240, 245, 243,
    242, 244, 242, 242, 240, 242, 242, 240, 240, 239, 241, 243, 239, 242,
    239, 240, 239, 240, 244, 244, 244, 243, 242, 239, 239, 239, 240, 240,
    243, 248, 246, 250, 250, 250, 247, 244, 240, 235, 235, 231, 234, 236,
    239, 237, 244, 240, 241, 240, 241, 237, 239, 237, 238, 241, 239, 238,
    240, 239, 239, 243, 242 ]
headPositionsY: [ 78, 85, 81, 81, 78, 77, 74, 74, 73, 70, 73, 70, 71, 71,
    72, 72, 72, 73, 71, 73, 72, 72, 72, 73, 71, 76, 74, 73, 76, 75, 77,
    77, 75, 78, 76, 77, 78, 77, 79, 75, 78, 77, 79, 79, 76, 78, 79, 79,
    78, 77, 78, 77, 79, 75, 80, 78, 77, 79, 76, 80, 78, 78, 76, 76, 80,
    79, 79, 75, 79, 79, 79, 79, 78, 80, 76, 78, 80, 76, 75, 78, 78, 79,
    76, 77, 77, 80, 79, 80, 80, 78, 79, 77, 77, 76, 80, 80, 79, 78, 78,
    76 ]
