%YAML:1.0
---
videoName: "headLookUp9.mp4"
gestureLabel: 205
fps: 29
pixelSizeInCmTemp: 3.3732394366197183e-01
faceCenterPointX: 251
faceCenterPointY: 57
headPositionsX: [ 253, 252, 252, 252, 252, 250, 249, 252, 251, 252, 250,
    252, 254, 249, 254, 252, 249, 253, 250, 250, 251, 253, 251, 250, 252,
    252, 252, 250, 249, 254, 251, 254, 253, 250, 250, 251, 250, 252, 253,
    250, 250, 253, 251, 249, 253, 251, 252, 253, 249, 253, 253, 253, 251,
    249, 250, 251, 250, 251, 250, 251, 250, 253, 249, 251, 251, 249, 250,
    253, 251, 252, 251, 249, 253, 253, 249, 253, 251, 253, 251, 252, 253,
    253, 250, 252, 250, 249, 253, 249, 252, 249, 252, 254, 252, 254, 249,
    251, 251, 251, 250, 249 ]
headPositionsY: [ 55, 73, 71, 71, 72, 75, 76, 76, 75, 76, 74, 74, 77, 76,
    77, 72, 75, 75, 76, 74, 76, 73, 76, 74, 74, 74, 73, 75, 74, 71, 72,
    72, 69, 72, 68, 69, 69, 65, 66, 66, 64, 65, 64, 63, 62, 58, 59, 62,
    61, 57, 58, 60, 58, 58, 58, 58, 59, 56, 59, 57, 60, 58, 57, 58, 57,
    58, 59, 59, 58, 60, 58, 56, 59, 55, 58, 54, 57, 55, 56, 57, 55, 57,
    58, 59, 57, 58, 56, 56, 56, 55, 55, 58, 55, 56, 55, 57, 54, 57, 59,
    54 ]
