%YAML:1.0
---
videoName: "headShake42.mp4"
gestureLabel: 201
fps: 29
pixelSizeInCmTemp: 3.2808219178082193e-01
faceCenterPointX: 257
faceCenterPointY: 85
headPositionsX: [ 259, 275, 275, 277, 278, 274, 277, 275, 274, 273, 274,
    268, 268, 263, 257, 254, 254, 248, 246, 246, 244, 243, 241, 245, 242,
    242, 249, 253, 255, 261, 263, 268, 269, 278, 280, 280, 276, 279, 280,
    277, 275, 271, 267, 266, 264, 258, 253, 252, 250, 251, 244, 243, 244,
    245, 244, 248, 251, 251, 253, 257, 259, 260, 263, 266, 265, 266, 267,
    268, 268, 268, 267, 270, 267, 267, 264, 262, 259, 259, 261, 261, 258,
    258, 259, 259, 255, 256, 258, 258, 255, 257, 256, 257, 258, 257, 257,
    258, 257, 259, 257, 257 ]
headPositionsY: [ 86, 84, 84, 83, 80, 82, 84, 82, 84, 82, 81, 86, 83, 86,
    84, 84, 83, 83, 85, 81, 82, 83, 83, 83, 86, 84, 86, 85, 84, 86, 85,
    83, 82, 80, 83, 83, 82, 85, 82, 82, 83, 87, 87, 87, 85, 87, 84, 87,
    87, 84, 86, 83, 83, 88, 83, 87, 83, 87, 85, 86, 86, 85, 85, 87, 85,
    85, 83, 86, 84, 83, 87, 88, 86, 85, 83, 87, 85, 87, 85, 86, 86, 84,
    85, 87, 85, 85, 83, 85, 87, 88, 85, 84, 87, 85, 84, 83, 84, 87, 86,
    84 ]
