%YAML:1.0
---
videoName: "headLookUp5.mp4"
gestureLabel: 205
fps: 29
pixelSizeInCmTemp: 3.6287878787878786e-01
faceCenterPointX: 256
faceCenterPointY: 67
headPositionsX: [ 254, 256, 258, 257, 257, 258, 255, 254, 256, 255, 256,
    259, 258, 259, 258, 256, 258, 257, 254, 256, 256, 255, 254, 255, 257,
    254, 258, 255, 255, 253, 258, 256, 256, 255, 258, 257, 259, 255, 257,
    258, 257, 258, 256, 258, 254, 258, 253, 256, 254, 259, 256, 258, 257,
    257, 257, 254, 255, 258, 257, 256, 257, 253, 256, 255, 255, 255, 254,
    257, 256, 256, 257, 257, 258, 255, 256, 257, 259, 257, 255, 255, 255,
    256, 254, 256, 256, 254, 257, 255, 254, 257, 258, 255, 257, 255, 253,
    257, 255, 256, 257, 255 ]
headPositionsY: [ 66, 82, 81, 83, 81, 84, 83, 79, 80, 84, 80, 83, 79, 80,
    82, 80, 79, 80, 81, 82, 83, 79, 80, 79, 82, 82, 82, 80, 79, 80, 78,
    82, 81, 78, 76, 76, 77, 74, 73, 73, 68, 68, 69, 70, 69, 70, 67, 69,
    69, 68, 68, 69, 70, 66, 70, 68, 68, 69, 70, 68, 66, 69, 69, 69, 65,
    69, 69, 67, 67, 68, 66, 65, 67, 68, 67, 67, 69, 69, 65, 69, 68, 65,
    67, 70, 66, 70, 68, 69, 69, 68, 70, 69, 65, 68, 64, 66, 66, 67, 68,
    65 ]
