%YAML:1.0
---
videoName: "headNod25.mp4"
gestureLabel: 202
fps: 29
pixelSizeInCmTemp: 3.1933333333333330e-01
faceCenterPointX: 270
faceCenterPointY: 75
headPositionsX: [ 269, 272, 271, 272, 270, 272, 268, 272, 268, 271, 269,
    267, 268, 271, 270, 269, 269, 272, 271, 270, 274, 271, 273, 274, 270,
    270, 272, 273, 274, 274, 271, 272, 272, 271, 273, 275, 270, 272, 272,
    270, 272, 274, 271, 272, 272, 270, 270, 270, 274, 271, 271, 271, 272,
    274, 274, 271, 272, 270, 271, 273, 272, 270, 270, 271, 269, 269, 268,
    268, 272, 270, 267, 270, 269, 272, 269, 269, 270, 269, 272, 272, 270,
    273, 269, 268, 272, 270, 272, 271, 270, 274, 271, 272, 273, 270, 271,
    272, 269, 270, 269, 268 ]
headPositionsY: [ 73, 74, 73, 72, 75, 75, 74, 73, 76, 74, 75, 74, 72, 77,
    74, 72, 73, 73, 73, 74, 76, 75, 76, 73, 72, 73, 74, 73, 77, 72, 75,
    74, 77, 72, 77, 76, 76, 74, 74, 75, 72, 76, 76, 77, 73, 77, 72, 76,
    75, 72, 72, 70, 67, 64, 63, 63, 65, 68, 67, 67, 72, 75, 76, 84, 86,
    86, 86, 84, 83, 81, 79, 73, 71, 73, 68, 68, 69, 68, 72, 69, 75, 79,
    78, 81, 82, 81, 81, 80, 76, 77, 75, 77, 75, 74, 76, 77, 74, 76, 74,
    75 ]
