%YAML:1.0
---
videoName: "headLookRight4.mp4"
gestureLabel: 204
fps: 30
pixelSizeInCmTemp: 3.4214285714285714e-01
faceCenterPointX: 228
faceCenterPointY: 75
headPositionsX: [ 228, 253, 251, 255, 255, 251, 251, 255, 252, 254, 252,
    255, 254, 254, 251, 253, 254, 253, 255, 250, 254, 254, 254, 249, 252,
    253, 250, 251, 250, 249, 248, 250, 250, 244, 246, 242, 240, 240, 238,
    235, 232, 231, 230, 230, 230, 228, 229, 229, 231, 229, 227, 228, 227,
    229, 228, 228, 227, 229, 226, 229, 228, 225, 227, 227, 226, 227, 228,
    226, 227, 227, 223, 225, 228, 224, 226, 226, 228, 225, 229, 225, 225,
    229, 226, 227, 225, 224, 225, 227, 224, 230, 227, 227, 224, 228, 228,
    227, 224, 225, 228, 229 ]
headPositionsY: [ 77, 70, 73, 73, 72, 69, 73, 70, 73, 73, 72, 72, 71, 74,
    71, 74, 72, 75, 72, 72, 73, 75, 74, 73, 75, 74, 70, 72, 71, 76, 71,
    74, 72, 71, 72, 72, 72, 72, 72, 73, 73, 74, 70, 71, 73, 73, 75, 72,
    72, 73, 75, 73, 75, 76, 73, 73, 72, 72, 75, 75, 74, 76, 76, 74, 74,
    71, 73, 75, 74, 75, 77, 73, 74, 76, 78, 76, 73, 74, 78, 73, 73, 78,
    74, 73, 71, 74, 74, 76, 76, 76, 75, 74, 73, 74, 74, 75, 73, 73, 72,
    73 ]
