%YAML:1.0
---
videoName: "headLookUp6.mp4"
gestureLabel: 205
fps: 30
pixelSizeInCmTemp: 3.7421874999999999e-01
faceCenterPointX: 255
faceCenterPointY: 70
headPositionsX: [ 253, 256, 256, 258, 258, 256, 256, 254, 254, 253, 256,
    253, 257, 254, 258, 253, 254, 254, 257, 257, 252, 255, 254, 256, 256,
    257, 255, 255, 256, 257, 256, 257, 258, 255, 256, 253, 256, 254, 253,
    253, 255, 254, 254, 255, 254, 258, 252, 257, 253, 256, 255, 255, 257,
    256, 255, 254, 254, 257, 252, 252, 257, 254, 255, 254, 256, 254, 254,
    254, 254, 255, 254, 255, 254, 254, 254, 255, 254, 254, 255, 253, 254,
    253, 253, 255, 257, 252, 256, 255, 253, 253, 253, 252, 254, 253, 254,
    256, 253, 254, 255, 254 ]
headPositionsY: [ 72, 85, 81, 85, 85, 81, 81, 82, 85, 82, 85, 83, 85, 83,
    82, 85, 85, 84, 83, 84, 83, 81, 81, 84, 83, 82, 77, 76, 75, 76, 75,
    72, 71, 71, 71, 72, 72, 70, 67, 71, 67, 71, 66, 70, 71, 68, 69, 70,
    70, 66, 66, 68, 71, 68, 68, 68, 71, 68, 68, 72, 71, 70, 69, 68, 68,
    69, 68, 68, 71, 68, 68, 71, 69, 71, 69, 66, 68, 70, 68, 72, 72, 70,
    71, 68, 70, 70, 71, 68, 69, 69, 70, 68, 70, 69, 71, 71, 72, 66, 72,
    67 ]
