%YAML:1.0
---
videoName: "headShake10.mp4"
gestureLabel: 201
fps: 29
pixelSizeInCmTemp: 3.3732394366197183e-01
faceCenterPointX: 240
faceCenterPointY: 74
headPositionsX: [ 238, 246, 244, 243, 243, 247, 244, 244, 244, 247, 245,
    248, 244, 244, 246, 248, 244, 246, 248, 245, 247, 246, 247, 247, 244,
    246, 244, 245, 246, 248, 244, 245, 245, 248, 245, 245, 245, 243, 246,
    246, 246, 244, 243, 246, 248, 246, 246, 247, 244, 244, 246, 247, 252,
    253, 258, 259, 259, 260, 260, 257, 256, 250, 249, 245, 236, 234, 231,
    230, 232, 236, 237, 243, 248, 248, 252, 257, 255, 259, 255, 256, 249,
    247, 247, 242, 244, 239, 238, 243, 242, 241, 241, 241, 241, 239, 242,
    240, 241, 242, 243, 241 ]
headPositionsY: [ 74, 72, 74, 75, 72, 72, 70, 74, 74, 73, 74, 75, 72, 75,
    71, 74, 71, 71, 74, 75, 73, 75, 74, 73, 72, 73, 71, 72, 75, 74, 74,
    74, 73, 72, 71, 76, 75, 72, 75, 71, 73, 71, 74, 75, 71, 71, 73, 75,
    71, 75, 72, 73, 73, 72, 73, 71, 69, 69, 71, 71, 73, 73, 76, 73, 75,
    74, 72, 72, 73, 75, 76, 76, 73, 73, 75, 75, 73, 73, 71, 74, 72, 74,
    75, 76, 73, 73, 73, 75, 77, 77, 74, 74, 72, 77, 76, 77, 76, 76, 76,
    75 ]
