%YAML:1.0
---
videoName: "headShake46.mp4"
gestureLabel: 201
fps: 30
pixelSizeInCmTemp: 3.2364864864864862e-01
faceCenterPointX: 262
faceCenterPointY: 85
headPositionsX: [ 260, 259, 262, 258, 260, 261, 260, 260, 261, 258, 262,
    261, 262, 261, 261, 262, 259, 260, 261, 262, 263, 262, 263, 260, 262,
    257, 262, 260, 257, 262, 264, 267, 272, 276, 278, 279, 276, 271, 266,
    257, 256, 253, 248, 254, 253, 264, 268, 270, 270, 267, 265, 259, 253,
    256, 256, 259, 262, 269, 269, 268, 264, 261, 260, 258, 258, 262, 261,
    269, 269, 271, 268, 264, 261, 258, 258, 258, 263, 261, 266, 266, 266,
    262, 264, 261, 258, 259, 260, 259, 260, 263, 259, 258, 261, 261, 259,
    264, 259, 261, 262, 262 ]
headPositionsY: [ 83, 86, 84, 85, 83, 82, 85, 84, 87, 85, 82, 82, 83, 84,
    87, 83, 86, 83, 82, 84, 84, 86, 82, 84, 85, 85, 82, 86, 85, 83, 86,
    81, 81, 83, 81, 80, 84, 85, 83, 84, 87, 85, 83, 83, 85, 87, 84, 85,
    85, 86, 83, 84, 86, 83, 86, 86, 87, 84, 84, 87, 87, 87, 84, 85, 87,
    83, 83, 84, 84, 83, 87, 85, 84, 85, 87, 86, 86, 84, 83, 86, 86, 85,
    86, 85, 82, 86, 83, 86, 86, 83, 84, 86, 84, 85, 85, 84, 86, 84, 85,
    87 ]
