%YAML:1.0
---
videoName: "headNod42.mp4"
gestureLabel: 202
fps: 30
pixelSizeInCmTemp: 3.0316455696202532e-01
faceCenterPointX: 265
faceCenterPointY: 77
headPositionsX: [ 267, 269, 268, 270, 269, 267, 267, 268, 271, 269, 267,
    268, 270, 270, 267, 270, 271, 269, 271, 267, 266, 268, 271, 267, 267,
    269, 264, 265, 265, 264, 263, 267, 267, 268, 265, 266, 268, 265, 268,
    267, 267, 267, 267, 262, 265, 263, 262, 267, 265, 266, 267, 263, 263,
    262, 266, 264, 263, 267, 264, 267, 268, 266, 265, 266, 264, 264, 266,
    267, 264, 263, 266, 267, 268, 265, 266, 265, 266, 266, 264, 265, 264,
    263, 268, 266, 266, 267, 263, 267, 264, 266, 266, 264, 266, 267, 267,
    263, 265, 267, 263, 265 ]
headPositionsY: [ 78, 75, 77, 78, 78, 74, 74, 76, 76, 77, 76, 79, 77, 74,
    74, 70, 66, 65, 64, 67, 65, 71, 71, 73, 79, 84, 89, 91, 92, 91, 88,
    85, 81, 76, 76, 68, 71, 67, 69, 69, 76, 77, 79, 82, 83, 83, 78, 76,
    76, 75, 71, 70, 69, 73, 73, 77, 80, 86, 84, 83, 85, 83, 80, 77, 75,
    75, 72, 73, 76, 74, 77, 78, 80, 80, 81, 81, 77, 74, 74, 75, 76, 74,
    77, 76, 77, 79, 82, 81, 79, 80, 81, 80, 78, 79, 80, 77, 78, 77, 78,
    77 ]
