%YAML:1.0
---
videoName: "headNod46.mp4"
gestureLabel: 202
fps: 30
pixelSizeInCmTemp: 2.8511904761904761e-01
faceCenterPointX: 264
faceCenterPointY: 72
headPositionsX: [ 263, 265, 263, 266, 265, 266, 264, 266, 267, 264, 265,
    265, 262, 266, 263, 263, 262, 263, 263, 265, 265, 262, 264, 268, 268,
    266, 268, 267, 265, 268, 267, 265, 266, 265, 261, 261, 262, 260, 264,
    262, 263, 261, 264, 263, 262, 262, 261, 262, 261, 259, 261, 262, 261,
    262, 261, 263, 265, 262, 264, 265, 263, 262, 262, 262, 263, 261, 262,
    264, 262, 264, 264, 262, 263, 264, 263, 263, 264, 262, 264, 267, 267,
    264, 263, 263, 264, 265, 262, 264, 261, 260, 262, 265, 264, 265, 263,
    262, 265, 264, 263, 264 ]
headPositionsY: [ 70, 70, 70, 69, 70, 67, 71, 70, 70, 76, 74, 77, 81, 83,
    85, 91, 88, 88, 88, 85, 79, 75, 76, 70, 71, 71, 72, 72, 72, 77, 78,
    85, 88, 90, 90, 84, 78, 76, 75, 69, 70, 67, 67, 71, 75, 78, 79, 85,
    86, 85, 81, 81, 73, 70, 68, 64, 65, 66, 71, 73, 74, 76, 80, 80, 77,
    74, 70, 70, 68, 69, 67, 70, 70, 74, 73, 74, 77, 71, 70, 73, 70, 71,
    72, 70, 72, 72, 76, 76, 76, 72, 72, 73, 72, 71, 72, 70, 70, 73, 74,
    72 ]
