%YAML:1.0
---
videoName: "headNod4.mp4"
gestureLabel: 202
fps: 29
pixelSizeInCmTemp: 3.2808219178082193e-01
faceCenterPointX: 264
faceCenterPointY: 72
headPositionsX: [ 263, 268, 271, 268, 271, 271, 270, 269, 270, 273, 267,
    269, 272, 269, 267, 269, 270, 268, 268, 268, 270, 266, 266, 270, 265,
    268, 266, 266, 268, 267, 267, 267, 270, 269, 267, 265, 269, 266, 268,
    265, 266, 270, 264, 267, 268, 266, 265, 266, 267, 269, 265, 269, 269,
    267, 265, 267, 265, 264, 268, 264, 263, 268, 264, 265, 267, 266, 263,
    265, 267, 263, 267, 264, 266, 265, 263, 265, 265, 266, 266, 264, 266,
    262, 263, 263, 266, 265, 265, 268, 263, 267, 263, 267, 264, 263, 266,
    266, 262, 266, 266, 263 ]
headPositionsY: [ 73, 76, 74, 76, 74, 72, 74, 75, 77, 75, 72, 76, 75, 76,
    76, 76, 74, 76, 73, 72, 73, 73, 73, 77, 74, 75, 77, 74, 72, 77, 74,
    75, 75, 74, 77, 77, 76, 75, 74, 75, 77, 75, 73, 74, 70, 69, 68, 66,
    66, 66, 66, 70, 72, 73, 79, 78, 80, 83, 82, 77, 76, 74, 67, 70, 68,
    73, 73, 76, 81, 82, 83, 83, 82, 78, 77, 72, 70, 68, 68, 70, 70, 71,
    74, 74, 77, 79, 82, 84, 81, 80, 83, 82, 80, 77, 77, 79, 75, 73, 73,
    74 ]
