%YAML:1.0
---
videoName: "headShake40.mp4"
gestureLabel: 201
fps: 29
pixelSizeInCmTemp: 3.2808219178082193e-01
faceCenterPointX: 261
faceCenterPointY: 86
headPositionsX: [ 259, 263, 260, 263, 261, 260, 259, 262, 263, 261, 262,
    262, 260, 258, 261, 263, 259, 263, 262, 261, 261, 262, 259, 260, 262,
    261, 263, 258, 259, 258, 256, 256, 255, 251, 255, 255, 255, 261, 267,
    272, 273, 280, 280, 277, 279, 276, 271, 264, 257, 254, 252, 248, 247,
    246, 250, 253, 255, 261, 266, 266, 270, 274, 268, 269, 268, 263, 259,
    256, 255, 258, 256, 258, 258, 263, 262, 264, 268, 267, 268, 265, 265,
    264, 263, 260, 259, 258, 257, 258, 256, 256, 257, 260, 257, 261, 261,
    259, 260, 260, 261, 260 ]
headPositionsY: [ 86, 84, 84, 82, 84, 85, 82, 82, 84, 84, 82, 85, 83, 82,
    86, 84, 86, 84, 86, 80, 82, 82, 84, 84, 86, 82, 84, 85, 83, 84, 83,
    81, 84, 83, 84, 85, 85, 86, 82, 80, 80, 83, 81, 79, 78, 81, 82, 82,
    82, 84, 81, 82, 81, 85, 82, 83, 82, 86, 85, 80, 85, 85, 84, 82, 82,
    81, 81, 81, 83, 83, 81, 82, 86, 84, 82, 83, 81, 81, 82, 84, 81, 85,
    85, 85, 85, 84, 86, 84, 85, 84, 85, 83, 84, 83, 86, 87, 84, 88, 86,
    84 ]
