%YAML:1.0
---
videoName: "headShake10.mp4"
gestureLabel: 201
fps: 29
pixelSizeInCmTemp: 3.3732394366197183e-01
faceCenterPointX: 240
faceCenterPointY: 74
headPositionsX: [ 239, 247, 248, 246, 243, 248, 248, 243, 246, 244, 247,
    244, 246, 246, 244, 248, 245, 245, 248, 245, 247, 248, 244, 247, 245,
    245, 248, 247, 245, 247, 246, 244, 245, 244, 244, 247, 244, 244, 247,
    248, 246, 245, 244, 243, 248, 246, 244, 247, 245, 243, 245, 250, 249,
    255, 254, 256, 260, 261, 259, 257, 254, 251, 249, 245, 240, 237, 231,
    229, 230, 236, 236, 239, 245, 249, 256, 255, 258, 256, 254, 253, 252,
    247, 245, 242, 244, 243, 240, 240, 238, 239, 242, 239, 240, 242, 242,
    242, 240, 242, 239, 244 ]
headPositionsY: [ 76, 74, 75, 72, 70, 71, 71, 74, 73, 75, 74, 72, 74, 74,
    75, 75, 72, 71, 72, 71, 74, 71, 73, 71, 73, 70, 72, 72, 74, 75, 73,
    72, 75, 75, 73, 76, 73, 74, 73, 75, 75, 72, 72, 73, 71, 75, 74, 75,
    72, 72, 71, 74, 71, 72, 72, 69, 73, 69, 71, 72, 75, 72, 73, 76, 73,
    74, 76, 72, 73, 72, 72, 73, 75, 73, 71, 72, 71, 71, 71, 75, 73, 74,
    77, 73, 73, 74, 76, 78, 75, 75, 74, 74, 74, 77, 76, 76, 77, 77, 76,
    74 ]
