%YAML:1.0
---
videoName: "headShake4.mp4"
gestureLabel: 201
fps: 30
pixelSizeInCmTemp: 3.2364864864864862e-01
faceCenterPointX: 237
faceCenterPointY: 101
headPositionsX: [ 239, 240, 246, 250, 250, 253, 253, 254, 254, 249, 246,
    237, 230, 226, 225, 225, 226, 229, 237, 243, 248, 250, 252, 249, 252,
    247, 241, 234, 228, 225, 225, 224, 226, 229, 236, 239, 244, 250, 256,
    258, 256, 251, 247, 244, 237, 229, 229, 225, 226, 225, 227, 231, 232,
    240, 243, 245, 247, 250, 249, 250, 245, 244, 242, 238, 234, 232, 228,
    230, 231, 231, 233, 234, 236, 236, 238, 241, 243, 244, 243, 242, 243,
    241, 240, 241, 236, 236, 238, 236, 237, 236, 238, 236, 234, 236, 238,
    237, 238, 239, 237, 236 ]
headPositionsY: [ 102, 99, 98, 100, 99, 99, 99, 100, 98, 100, 98, 100,
    98, 99, 100, 98, 96, 98, 101, 101, 97, 101, 99, 96, 100, 99, 99, 99,
    101, 96, 97, 98, 98, 96, 98, 101, 100, 98, 98, 100, 101, 100, 100,
    103, 98, 98, 102, 103, 99, 99, 101, 99, 101, 100, 101, 100, 99, 101,
    97, 101, 100, 99, 103, 100, 100, 102, 98, 101, 97, 99, 99, 97, 101,
    99, 99, 101, 99, 101, 99, 101, 98, 102, 99, 102, 101, 99, 102, 99,
    98, 103, 100, 100, 101, 100, 102, 100, 101, 98, 101, 102 ]
