%YAML:1.0
---
videoName: "headLookUp4.mp4"
gestureLabel: 205
fps: 30
pixelSizeInCmTemp: 3.6846153846153845e-01
faceCenterPointX: 256
faceCenterPointY: 68
headPositionsX: [ 254, 254, 257, 257, 258, 254, 256, 256, 257, 258, 256,
    255, 258, 255, 258, 253, 257, 255, 255, 258, 258, 254, 256, 256, 257,
    254, 256, 255, 258, 257, 259, 254, 255, 256, 256, 253, 255, 255, 255,
    256, 253, 258, 255, 256, 257, 254, 257, 255, 254, 253, 255, 255, 254,
    254, 257, 256, 257, 255, 258, 253, 255, 253, 253, 256, 254, 257, 256,
    257, 257, 256, 254, 256, 257, 259, 258, 256, 253, 255, 256, 255, 256,
    255, 253, 254, 256, 254, 258, 253, 255, 258, 258, 254, 257, 256, 258,
    257, 254, 257, 254, 256 ]
headPositionsY: [ 68, 80, 84, 83, 83, 81, 83, 82, 84, 83, 84, 80, 83, 82,
    84, 84, 82, 80, 80, 80, 80, 82, 81, 82, 79, 76, 77, 72, 76, 73, 72,
    69, 71, 72, 71, 69, 65, 69, 72, 69, 67, 69, 70, 69, 69, 68, 67, 70,
    70, 69, 69, 70, 70, 71, 68, 67, 69, 69, 66, 68, 68, 68, 65, 67, 70,
    68, 72, 72, 70, 70, 68, 67, 67, 71, 67, 70, 69, 67, 69, 69, 71, 68,
    68, 69, 71, 70, 72, 68, 71, 72, 68, 71, 72, 68, 70, 67, 71, 72, 70,
    72 ]
