%YAML:1.0
---
videoName: "headLookUp1.mp4"
gestureLabel: 205
fps: 29
pixelSizeInCmTemp: 3.7421874999999999e-01
faceCenterPointX: 258
faceCenterPointY: 66
headPositionsX: [ 257, 256, 260, 261, 260, 260, 259, 261, 260, 259, 260,
    259, 258, 258, 256, 260, 259, 258, 260, 258, 261, 257, 257, 256, 259,
    258, 262, 261, 260, 256, 261, 260, 258, 258, 260, 260, 259, 256, 256,
    258, 260, 258, 261, 260, 258, 260, 257, 259, 257, 260, 257, 255, 257,
    256, 260, 256, 257, 254, 257, 258, 260, 256, 258, 256, 256, 259, 257,
    258, 257, 256, 259, 258, 261, 257, 259, 258, 260, 257, 259, 260, 258,
    258, 258, 259, 258, 260, 256, 256, 256, 259, 260, 256, 256, 256, 259,
    257, 256, 259, 257, 261 ]
headPositionsY: [ 65, 82, 81, 78, 84, 80, 83, 80, 82, 80, 81, 80, 82, 79,
    82, 80, 81, 79, 80, 80, 79, 80, 83, 79, 79, 80, 82, 83, 79, 82, 80,
    79, 79, 81, 80, 81, 79, 83, 82, 80, 81, 79, 79, 75, 72, 72, 72, 71,
    66, 67, 66, 64, 67, 65, 69, 65, 65, 65, 66, 66, 69, 64, 68, 64, 66,
    66, 64, 64, 64, 66, 65, 67, 66, 66, 66, 65, 66, 65, 68, 63, 64, 67,
    64, 66, 64, 65, 66, 68, 67, 65, 64, 68, 66, 64, 67, 64, 66, 66, 66,
    69 ]
