%YAML:1.0
---
videoName: "headNod13.mp4"
gestureLabel: 202
fps: 29
pixelSizeInCmTemp: 3.2364864864864862e-01
faceCenterPointX: 253
faceCenterPointY: 79
headPositionsX: [ 255, 249, 251, 252, 252, 251, 251, 251, 253, 255, 255,
    252, 254, 255, 253, 255, 255, 257, 255, 256, 255, 254, 252, 256, 256,
    256, 253, 254, 255, 255, 252, 253, 255, 252, 253, 255, 251, 251, 254,
    253, 252, 255, 251, 251, 255, 254, 251, 253, 252, 255, 254, 253, 256,
    253, 255, 254, 252, 251, 255, 254, 252, 253, 253, 254, 252, 251, 255,
    256, 256, 255, 254, 256, 252, 255, 254, 256, 252, 256, 254, 254, 253,
    256, 258, 253, 255, 257, 256, 256, 252, 254, 254, 255, 256, 255, 252,
    252, 255, 255, 250, 251 ]
headPositionsY: [ 78, 74, 74, 75, 75, 75, 73, 75, 71, 75, 74, 72, 71, 73,
    74, 72, 72, 74, 74, 72, 75, 76, 73, 73, 72, 72, 75, 75, 71, 76, 74,
    76, 74, 72, 72, 72, 76, 75, 75, 75, 72, 75, 74, 72, 73, 73, 72, 72,
    73, 72, 69, 67, 69, 67, 69, 68, 74, 75, 77, 78, 78, 77, 78, 77, 73,
    72, 72, 71, 68, 69, 73, 71, 73, 74, 77, 79, 82, 76, 75, 77, 74, 74,
    75, 71, 73, 76, 78, 80, 78, 81, 80, 79, 82, 81, 77, 80, 81, 76, 77,
    79 ]
