%YAML:1.0
---
videoName: "headShake14.mp4"
gestureLabel: 201
fps: 29
pixelSizeInCmTemp: 3.2364864864864862e-01
faceCenterPointX: 244
faceCenterPointY: 76
headPositionsX: [ 243, 247, 244, 244, 246, 246, 246, 247, 245, 244, 243,
    244, 246, 245, 246, 246, 242, 245, 245, 245, 244, 245, 244, 247, 246,
    249, 251, 253, 257, 258, 259, 259, 263, 258, 256, 252, 245, 239, 237,
    229, 226, 222, 227, 226, 229, 236, 245, 250, 250, 256, 258, 258, 251,
    250, 247, 241, 240, 236, 234, 235, 236, 233, 234, 239, 243, 241, 242,
    248, 248, 251, 251, 249, 250, 250, 245, 245, 246, 244, 241, 240, 238,
    241, 239, 240, 239, 241, 242, 245, 246, 244, 244, 243, 246, 245, 245,
    245, 242, 242, 243, 243 ]
headPositionsY: [ 75, 74, 76, 75, 77, 76, 75, 76, 75, 76, 77, 75, 76, 74,
    77, 77, 73, 73, 77, 73, 76, 74, 76, 75, 74, 76, 75, 74, 73, 76, 74,
    72, 73, 75, 73, 76, 77, 74, 76, 74, 74, 75, 78, 76, 76, 75, 74, 76,
    73, 72, 71, 72, 73, 75, 76, 76, 77, 76, 77, 75, 76, 76, 76, 77, 78,
    73, 78, 75, 74, 74, 77, 77, 74, 79, 74, 78, 74, 75, 74, 73, 73, 76,
    75, 77, 78, 77, 78, 77, 75, 78, 75, 77, 74, 75, 75, 75, 74, 77, 76,
    74 ]
