%YAML:1.0
---
videoName: "headShake9.mp4"
gestureLabel: 201
fps: 30
pixelSizeInCmTemp: 3.2808219178082193e-01
faceCenterPointX: 243
faceCenterPointY: 73
headPositionsX: [ 243, 246, 241, 243, 244, 240, 243, 244, 243, 241, 241,
    243, 243, 243, 241, 244, 242, 242, 243, 241, 244, 245, 244, 241, 244,
    241, 243, 242, 245, 243, 241, 244, 241, 243, 241, 241, 241, 245, 243,
    244, 246, 250, 251, 257, 264, 263, 266, 267, 260, 258, 255, 246, 242,
    239, 234, 229, 226, 227, 232, 237, 241, 249, 253, 255, 261, 262, 261,
    258, 254, 250, 245, 240, 232, 232, 229, 229, 229, 234, 237, 242, 246,
    249, 248, 253, 250, 251, 251, 248, 248, 248, 245, 243, 245, 243, 246,
    242, 242, 246, 241, 242 ]
headPositionsY: [ 74, 74, 71, 73, 71, 74, 70, 70, 72, 73, 74, 70, 71, 74,
    73, 73, 73, 74, 70, 71, 73, 72, 70, 74, 73, 75, 71, 71, 72, 75, 70,
    70, 75, 74, 73, 73, 72, 74, 73, 74, 74, 73, 71, 70, 72, 70, 71, 70,
    70, 69, 71, 75, 71, 72, 73, 71, 72, 70, 73, 72, 74, 72, 71, 69, 68,
    68, 70, 69, 74, 73, 71, 71, 74, 71, 75, 71, 74, 70, 74, 73, 71, 72,
    72, 72, 75, 73, 71, 71, 74, 73, 75, 73, 74, 75, 73, 74, 72, 71, 74,
    71 ]
