%YAML:1.0
---
videoName: "headLookRight0.mp4"
gestureLabel: 204
fps: 29
pixelSizeInCmTemp: 3.1933333333333330e-01
faceCenterPointX: 229
faceCenterPointY: 68
headPositionsX: [ 229, 256, 258, 253, 255, 258, 254, 255, 258, 258, 257,
    258, 256, 258, 255, 258, 257, 256, 256, 256, 257, 256, 255, 255, 256,
    257, 254, 253, 254, 257, 253, 254, 254, 254, 258, 257, 253, 257, 253,
    253, 252, 250, 248, 245, 244, 239, 237, 236, 238, 235, 236, 236, 235,
    234, 233, 234, 233, 234, 235, 230, 234, 231, 233, 232, 231, 235, 231,
    235, 232, 235, 235, 238, 235, 237, 233, 233, 231, 232, 229, 228, 236,
    230, 230, 227, 234, 232, 233, 233, 227, 232, 233, 229, 232, 228, 227,
    230, 229, 230, 226, 230 ]
headPositionsY: [ 70, 64, 63, 64, 67, 65, 66, 65, 66, 64, 64, 69, 68, 65,
    66, 66, 67, 64, 69, 66, 68, 68, 65, 65, 66, 65, 70, 66, 68, 68, 68,
    69, 66, 68, 70, 69, 68, 67, 66, 67, 68, 67, 69, 66, 68, 68, 66, 70,
    69, 66, 69, 70, 67, 67, 70, 66, 66, 69, 66, 68, 69, 69, 67, 67, 67,
    67, 67, 66, 65, 69, 68, 69, 69, 68, 69, 67, 69, 66, 67, 70, 66, 70,
    70, 66, 65, 66, 70, 66, 68, 66, 67, 66, 71, 69, 70, 70, 69, 67, 69,
    69 ]
