%YAML:1.0
---
videoName: "headNod45.mp4"
gestureLabel: 202
fps: 30
pixelSizeInCmTemp: 3.0316455696202532e-01
faceCenterPointX: 265
faceCenterPointY: 77
headPositionsX: [ 264, 267, 269, 269, 269, 266, 268, 266, 270, 268, 270,
    267, 267, 269, 265, 269, 266, 266, 267, 267, 269, 266, 268, 267, 268,
    268, 267, 264, 266, 264, 266, 268, 266, 266, 268, 265, 263, 267, 267,
    264, 265, 267, 267, 263, 266, 266, 264, 267, 268, 264, 267, 265, 267,
    266, 269, 265, 266, 269, 269, 267, 267, 267, 265, 266, 266, 268, 267,
    268, 269, 268, 267, 266, 265, 265, 266, 263, 266, 267, 268, 267, 267,
    264, 267, 267, 267, 267, 265, 264, 268, 263, 266, 266, 268, 264, 267,
    264, 264, 266, 265, 267 ]
headPositionsY: [ 77, 73, 75, 75, 76, 75, 73, 75, 77, 76, 74, 76, 73, 75,
    76, 78, 76, 80, 80, 80, 85, 89, 89, 94, 94, 92, 90, 85, 83, 76, 72,
    75, 70, 65, 66, 69, 65, 72, 72, 79, 82, 85, 88, 89, 93, 89, 89, 82,
    78, 77, 74, 73, 71, 71, 72, 74, 79, 79, 83, 86, 83, 83, 79, 76, 77,
    75, 71, 72, 74, 73, 78, 80, 83, 87, 86, 85, 87, 85, 83, 80, 77, 76,
    74, 77, 77, 81, 81, 81, 81, 79, 77, 79, 79, 76, 79, 76, 75, 80, 76,
    76 ]
