%YAML:1.0
---
videoName: "headLookDown5.mp4"
gestureLabel: 206
fps: 29
pixelSizeInCmTemp: 3.4710144927536229e-01
faceCenterPointX: 272
faceCenterPointY: 102
headPositionsX: [ 273, 270, 268, 274, 273, 273, 270, 272, 272, 273, 270,
    273, 274, 272, 269, 273, 274, 272, 273, 270, 274, 272, 272, 270, 271,
    269, 271, 273, 269, 274, 269, 273, 271, 273, 269, 271, 273, 274, 270,
    269, 271, 274, 271, 274, 269, 270, 274, 273, 271, 272, 274, 272, 269,
    275, 274, 271, 270, 271, 273, 274, 271, 270, 274, 273, 269, 270, 269,
    271, 273, 274, 272, 274, 272, 273, 270, 273, 271, 270, 273, 271, 273,
    274, 269, 273, 273, 275, 274, 272, 272, 273, 270, 271, 275, 274, 269,
    274, 272, 275, 273, 273 ]
headPositionsY: [ 104, 83, 84, 83, 86, 84, 86, 84, 82, 82, 85, 85, 85,
    83, 82, 86, 82, 84, 82, 83, 86, 84, 83, 84, 85, 85, 85, 85, 83, 85,
    84, 82, 85, 81, 83, 85, 82, 82, 83, 82, 83, 86, 84, 86, 84, 85, 87,
    84, 87, 87, 87, 91, 91, 92, 92, 95, 94, 96, 100, 98, 98, 102, 99, 98,
    99, 98, 101, 101, 100, 102, 102, 100, 105, 101, 101, 103, 104, 103,
    103, 106, 103, 101, 100, 104, 101, 106, 105, 101, 102, 103, 101, 103,
    100, 101, 100, 101, 104, 103, 101, 101 ]
