%YAML:1.0
---
videoName: "headShake47.mp4"
gestureLabel: 201
fps: 29
pixelSizeInCmTemp: 3.2364864864864862e-01
faceCenterPointX: 258
faceCenterPointY: 86
headPositionsX: [ 257, 261, 262, 260, 261, 259, 259, 260, 258, 262, 262,
    258, 260, 260, 258, 259, 261, 261, 260, 262, 260, 263, 261, 262, 261,
    259, 261, 261, 260, 261, 258, 260, 261, 260, 256, 257, 253, 251, 250,
    248, 248, 249, 250, 255, 262, 267, 267, 267, 264, 263, 261, 258, 253,
    252, 252, 256, 262, 262, 267, 264, 261, 259, 254, 250, 254, 255, 256,
    262, 264, 263, 263, 262, 258, 253, 255, 254, 257, 260, 263, 264, 264,
    261, 260, 257, 256, 252, 256, 254, 255, 258, 256, 258, 256, 259, 258,
    256, 256, 256, 256, 258 ]
headPositionsY: [ 85, 87, 83, 83, 86, 83, 83, 83, 84, 86, 83, 87, 83, 86,
    86, 86, 82, 85, 86, 86, 85, 83, 87, 83, 83, 85, 87, 84, 83, 86, 83,
    83, 84, 87, 83, 84, 87, 87, 82, 84, 87, 88, 85, 86, 88, 86, 89, 89,
    87, 90, 88, 89, 89, 86, 88, 88, 88, 90, 90, 90, 90, 86, 89, 89, 88,
    88, 89, 89, 88, 87, 90, 85, 89, 89, 85, 89, 86, 88, 89, 85, 85, 88,
    86, 86, 89, 85, 86, 86, 85, 84, 87, 84, 86, 85, 86, 88, 87, 85, 86,
    84 ]
