%YAML:1.0
---
videoName: "headShake35.mp4"
gestureLabel: 201
fps: 29
pixelSizeInCmTemp: 3.2364864864864862e-01
faceCenterPointX: 267
faceCenterPointY: 82
headPositionsX: [ 267, 268, 266, 268, 269, 265, 270, 267, 266, 270, 269,
    267, 268, 269, 270, 268, 269, 270, 268, 269, 268, 266, 268, 267, 270,
    269, 268, 268, 267, 270, 269, 267, 267, 268, 270, 270, 270, 268, 267,
    266, 268, 269, 267, 270, 266, 266, 269, 268, 267, 268, 268, 266, 268,
    266, 268, 269, 266, 265, 267, 265, 267, 267, 266, 273, 275, 276, 276,
    281, 281, 278, 276, 271, 265, 260, 262, 258, 262, 263, 267, 272, 274,
    275, 273, 273, 271, 268, 262, 263, 263, 260, 262, 265, 264, 265, 269,
    267, 266, 269, 267, 266 ]
headPositionsY: [ 84, 80, 79, 79, 81, 78, 82, 78, 81, 78, 78, 82, 81, 81,
    80, 80, 80, 81, 80, 79, 82, 78, 80, 81, 79, 78, 80, 81, 82, 79, 81,
    80, 82, 79, 79, 79, 80, 79, 81, 79, 82, 81, 78, 83, 80, 82, 81, 78,
    78, 79, 79, 82, 81, 79, 79, 82, 81, 82, 78, 78, 81, 79, 79, 80, 79,
    80, 78, 81, 80, 83, 82, 81, 81, 80, 83, 78, 82, 81, 80, 80, 81, 81,
    82, 81, 80, 83, 80, 79, 82, 81, 80, 79, 79, 80, 79, 80, 82, 84, 83,
    81 ]
