%YAML:1.0
---
videoName: "headShake27.mp4"
gestureLabel: 201
fps: 29
pixelSizeInCmTemp: 3.3263888888888887e-01
faceCenterPointX: 244
faceCenterPointY: 78
headPositionsX: [ 246, 248, 245, 251, 252, 251, 252, 254, 253, 256, 258,
    254, 253, 252, 255, 248, 247, 248, 245, 244, 241, 237, 238, 238, 232,
    233, 230, 231, 232, 233, 234, 234, 236, 234, 239, 238, 239, 241, 247,
    246, 247, 248, 248, 247, 248, 248, 248, 251, 249, 248, 247, 241, 242,
    240, 237, 239, 236, 232, 235, 235, 230, 231, 232, 235, 237, 238, 237,
    236, 241, 239, 244, 243, 243, 247, 246, 248, 250, 247, 246, 247, 246,
    245, 245, 246, 244, 248, 243, 246, 247, 243, 244, 242, 246, 246, 245,
    246, 242, 242, 244, 243 ]
headPositionsY: [ 77, 78, 79, 77, 76, 74, 78, 75, 76, 77, 78, 78, 75, 76,
    77, 76, 79, 80, 80, 76, 79, 78, 78, 78, 79, 79, 76, 76, 77, 78, 80,
    77, 79, 80, 81, 81, 79, 81, 78, 80, 81, 77, 80, 77, 80, 78, 81, 81,
    80, 78, 79, 78, 81, 81, 79, 81, 81, 76, 79, 80, 80, 77, 81, 80, 81,
    78, 80, 79, 80, 81, 79, 81, 79, 79, 77, 82, 79, 78, 78, 80, 78, 81,
    78, 80, 78, 81, 78, 78, 78, 82, 80, 81, 78, 79, 82, 78, 78, 78, 79,
    82 ]
