%YAML:1.0
---
videoName: "headShake31.mp4"
gestureLabel: 201
fps: 29
pixelSizeInCmTemp: 3.2808219178082193e-01
faceCenterPointX: 236
faceCenterPointY: 68
headPositionsX: [ 237, 237, 239, 238, 237, 238, 235, 239, 239, 239, 238,
    234, 235, 239, 235, 237, 237, 238, 236, 234, 236, 238, 239, 238, 235,
    236, 238, 238, 236, 236, 238, 237, 237, 237, 235, 233, 235, 239, 240,
    247, 250, 252, 252, 250, 254, 251, 245, 241, 232, 225, 220, 223, 224,
    226, 229, 234, 241, 246, 248, 246, 247, 245, 240, 235, 232, 230, 228,
    230, 227, 230, 233, 238, 239, 238, 244, 243, 242, 243, 240, 240, 236,
    234, 237, 236, 234, 234, 233, 235, 235, 237, 234, 235, 234, 237, 234,
    236, 237, 235, 235, 235 ]
headPositionsY: [ 66, 68, 67, 69, 66, 68, 67, 70, 69, 69, 69, 68, 67, 66,
    68, 65, 68, 69, 68, 64, 65, 70, 67, 67, 67, 66, 65, 67, 67, 65, 67,
    66, 67, 67, 67, 65, 65, 66, 67, 68, 67, 64, 67, 67, 66, 69, 66, 69,
    70, 67, 68, 70, 67, 71, 70, 72, 70, 68, 69, 71, 71, 69, 68, 71, 70,
    70, 70, 70, 68, 72, 68, 70, 70, 66, 71, 69, 70, 69, 69, 71, 69, 66,
    67, 70, 68, 69, 68, 71, 69, 67, 70, 69, 71, 69, 66, 70, 69, 67, 72,
    68 ]
