%YAML:1.0
---
videoName: "headLookRight9.mp4"
gestureLabel: 204
fps: 29
pixelSizeInCmTemp: 2.8511904761904761e-01
faceCenterPointX: 217
faceCenterPointY: 75
headPositionsX: [ 216, 244, 244, 245, 245, 243, 243, 242, 244, 245, 243,
    244, 243, 243, 244, 242, 243, 241, 242, 243, 241, 241, 242, 244, 243,
    245, 241, 245, 244, 243, 244, 239, 237, 233, 231, 232, 228, 224, 222,
    223, 222, 218, 213, 214, 216, 214, 213, 214, 213, 214, 216, 215, 213,
    215, 215, 212, 213, 212, 216, 215, 215, 212, 218, 214, 219, 221, 213,
    212, 213, 213, 217, 210, 210, 215, 215, 217, 213, 214, 217, 217, 215,
    217, 214, 216, 215, 216, 216, 218, 219, 215, 217, 212, 216, 217, 214,
    217, 220, 218, 218, 218 ]
headPositionsY: [ 74, 74, 75, 75, 77, 73, 75, 74, 75, 73, 75, 75, 77, 73,
    75, 76, 72, 74, 75, 73, 74, 73, 74, 77, 75, 77, 75, 75, 76, 74, 76,
    74, 75, 75, 75, 74, 74, 71, 72, 72, 75, 73, 73, 78, 71, 70, 73, 74,
    70, 73, 71, 71, 72, 72, 72, 76, 72, 72, 73, 72, 70, 72, 74, 73, 79,
    79, 73, 74, 71, 71, 72, 79, 80, 71, 74, 70, 74, 76, 74, 71, 75, 69,
    71, 74, 71, 70, 73, 70, 75, 71, 77, 69, 71, 75, 72, 74, 78, 75, 72,
    76 ]
