%YAML:1.0
---
videoName: "headShake0.mp4"
gestureLabel: 201
fps: 29
pixelSizeInCmTemp: 3.2808219178082193e-01
faceCenterPointX: 279
faceCenterPointY: 94
headPositionsX: [ 278, 279, 280, 280, 281, 281, 280, 281, 280, 279, 279,
    280, 281, 276, 277, 279, 281, 279, 281, 277, 277, 278, 281, 277, 277,
    278, 281, 279, 278, 280, 276, 279, 279, 279, 276, 276, 280, 278, 280,
    277, 281, 281, 283, 287, 294, 296, 301, 299, 301, 298, 296, 291, 286,
    282, 277, 273, 274, 273, 276, 277, 283, 287, 291, 289, 292, 289, 286,
    282, 278, 275, 272, 271, 274, 275, 278, 282, 284, 285, 284, 282, 280,
    281, 277, 275, 273, 274, 276, 277, 280, 277, 277, 281, 277, 278, 277,
    279, 279, 281, 280, 279 ]
headPositionsY: [ 95, 95, 95, 91, 92, 95, 92, 94, 93, 94, 95, 90, 92, 95,
    92, 92, 93, 94, 94, 95, 96, 95, 94, 91, 93, 95, 95, 91, 91, 91, 92,
    95, 93, 91, 93, 91, 95, 93, 91, 94, 94, 94, 93, 92, 92, 90, 93, 90,
    94, 90, 91, 92, 94, 94, 93, 92, 94, 95, 93, 92, 92, 92, 92, 90, 91,
    91, 91, 91, 91, 92, 95, 94, 92, 91, 95, 94, 92, 91, 93, 94, 93, 96,
    93, 94, 96, 93, 94, 93, 95, 95, 95, 94, 96, 92, 93, 93, 94, 96, 94,
    94 ]
