%YAML:1.0
---
videoName: "headLookDown8.mp4"
gestureLabel: 206
fps: 29
pixelSizeInCmTemp: 3.3732394366197183e-01
faceCenterPointX: 276
faceCenterPointY: 96
headPositionsX: [ 278, 272, 275, 276, 275, 277, 277, 275, 274, 278, 276,
    274, 274, 274, 276, 276, 273, 276, 275, 275, 273, 274, 274, 273, 273,
    274, 277, 277, 275, 275, 271, 273, 273, 277, 274, 272, 272, 274, 275,
    273, 276, 275, 277, 276, 276, 274, 277, 276, 274, 274, 276, 276, 278,
    276, 278, 276, 274, 276, 278, 276, 276, 277, 277, 273, 274, 274, 278,
    274, 273, 277, 275, 277, 276, 275, 277, 274, 277, 278, 277, 276, 274,
    277, 278, 274, 278, 276, 278, 276, 276, 278, 277, 277, 277, 276, 275,
    278, 277, 275, 278, 274 ]
headPositionsY: [ 96, 80, 79, 81, 80, 79, 79, 80, 81, 82, 79, 80, 80, 78,
    82, 78, 77, 79, 79, 78, 78, 77, 78, 77, 79, 79, 78, 81, 80, 78, 82,
    82, 81, 81, 82, 86, 86, 86, 85, 88, 87, 90, 92, 88, 92, 91, 94, 93,
    94, 93, 98, 99, 100, 99, 97, 99, 95, 99, 100, 97, 98, 100, 100, 97,
    98, 100, 97, 97, 99, 97, 97, 99, 98, 98, 94, 98, 95, 96, 97, 96, 94,
    98, 99, 94, 98, 98, 96, 95, 95, 99, 94, 96, 96, 95, 95, 95, 97, 99,
    96, 97 ]
