%YAML:1.0
---
videoName: "headNod6.mp4"
gestureLabel: 202
fps: 29
pixelSizeInCmTemp: 3.1513157894736843e-01
faceCenterPointX: 262
faceCenterPointY: 73
headPositionsX: [ 263, 261, 262, 264, 262, 261, 262, 261, 261, 262, 261,
    262, 263, 262, 263, 263, 262, 263, 263, 261, 261, 261, 262, 262, 262,
    261, 264, 260, 262, 263, 263, 260, 263, 264, 264, 263, 264, 264, 261,
    262, 263, 262, 260, 263, 262, 263, 258, 262, 260, 262, 263, 260, 260,
    260, 261, 264, 263, 260, 262, 259, 261, 259, 260, 260, 258, 260, 261,
    262, 262, 261, 261, 262, 262, 259, 259, 260, 263, 260, 263, 260, 262,
    262, 263, 263, 261, 262, 260, 263, 262, 262, 262, 259, 262, 264, 263,
    262, 264, 262, 260, 260 ]
headPositionsY: [ 75, 72, 72, 72, 73, 75, 72, 73, 72, 73, 73, 74, 75, 73,
    73, 73, 74, 73, 73, 76, 73, 74, 72, 74, 74, 72, 76, 75, 72, 73, 76,
    76, 73, 71, 66, 67, 67, 66, 64, 71, 72, 79, 81, 82, 82, 82, 76, 75,
    70, 70, 69, 67, 70, 78, 82, 85, 84, 80, 80, 74, 72, 70, 69, 69, 71,
    76, 79, 83, 85, 82, 80, 74, 74, 68, 65, 65, 66, 68, 69, 74, 78, 84,
    84, 83, 80, 79, 77, 71, 69, 69, 71, 71, 68, 70, 71, 73, 73, 71, 72,
    73 ]
