%YAML:1.0
---
videoName: "headNod39.mp4"
gestureLabel: 202
fps: 29
pixelSizeInCmTemp: 2.9937500000000000e-01
faceCenterPointX: 268
faceCenterPointY: 78
headPositionsX: [ 267, 267, 268, 267, 269, 267, 271, 265, 268, 269, 270,
    266, 267, 270, 267, 270, 268, 269, 268, 267, 269, 268, 270, 268, 270,
    269, 271, 270, 270, 268, 269, 267, 266, 271, 270, 269, 270, 268, 267,
    271, 270, 267, 266, 270, 265, 270, 267, 269, 266, 266, 266, 266, 269,
    269, 265, 267, 265, 266, 268, 266, 268, 267, 268, 265, 268, 268, 268,
    269, 266, 265, 268, 267, 268, 268, 269, 269, 267, 268, 269, 265, 267,
    268, 268, 268, 268, 269, 268, 264, 269, 270, 269, 266, 267, 270, 266,
    267, 265, 267, 269, 268 ]
headPositionsY: [ 78, 78, 75, 77, 75, 78, 76, 76, 75, 76, 74, 78, 74, 78,
    78, 76, 73, 79, 74, 75, 75, 77, 77, 74, 78, 76, 79, 78, 77, 77, 79,
    75, 75, 79, 78, 76, 75, 77, 78, 79, 82, 84, 87, 88, 85, 83, 80, 77,
    75, 77, 76, 77, 75, 74, 77, 85, 89, 92, 92, 91, 84, 81, 77, 75, 73,
    73, 71, 74, 77, 78, 81, 81, 80, 80, 79, 77, 77, 74, 76, 76, 78, 78,
    77, 80, 79, 78, 79, 81, 79, 78, 77, 77, 76, 79, 80, 78, 79, 77, 80,
    76 ]
