%YAML:1.0
---
videoName: "headNod36.mp4"
gestureLabel: 202
fps: 29
pixelSizeInCmTemp: 2.8176470588235292e-01
faceCenterPointX: 269
faceCenterPointY: 75
headPositionsX: [ 271, 268, 271, 272, 273, 272, 271, 272, 270, 272, 270,
    270, 268, 269, 270, 272, 272, 270, 271, 269, 271, 270, 272, 271, 272,
    272, 270, 271, 270, 268, 269, 272, 273, 270, 272, 268, 271, 269, 268,
    268, 268, 266, 268, 269, 272, 268, 271, 270, 269, 273, 271, 268, 270,
    272, 272, 269, 271, 269, 267, 270, 270, 270, 269, 268, 267, 267, 268,
    266, 268, 270, 268, 268, 269, 269, 269, 270, 270, 270, 266, 267, 267,
    269, 269, 268, 271, 269, 268, 268, 271, 268, 268, 268, 271, 267, 270,
    271, 270, 272, 267, 267 ]
headPositionsY: [ 75, 76, 76, 74, 72, 75, 75, 74, 74, 75, 75, 73, 74, 73,
    74, 75, 72, 75, 73, 78, 80, 76, 79, 79, 74, 77, 70, 67, 66, 64, 63,
    63, 70, 74, 78, 86, 87, 87, 89, 87, 84, 77, 74, 75, 75, 70, 68, 70,
    69, 71, 68, 76, 80, 81, 86, 85, 86, 86, 85, 84, 78, 77, 72, 73, 75,
    74, 74, 76, 79, 81, 82, 81, 81, 80, 77, 73, 77, 74, 75, 77, 82, 85,
    83, 84, 85, 82, 82, 77, 77, 79, 78, 76, 77, 76, 75, 77, 73, 75, 76,
    74 ]
