%YAML:1.0
---
videoName: "headNod46.mp4"
gestureLabel: 202
fps: 30
pixelSizeInCmTemp: 2.8511904761904761e-01
faceCenterPointX: 264
faceCenterPointY: 72
headPositionsX: [ 264, 264, 262, 264, 262, 266, 262, 267, 266, 264, 266,
    261, 264, 265, 262, 263, 263, 264, 263, 265, 265, 263, 264, 264, 266,
    267, 267, 265, 268, 267, 264, 263, 267, 262, 264, 260, 259, 262, 261,
    260, 263, 264, 262, 265, 260, 261, 262, 261, 264, 261, 261, 263, 262,
    263, 264, 263, 266, 263, 264, 264, 262, 262, 265, 265, 265, 261, 266,
    265, 263, 264, 265, 262, 264, 266, 266, 263, 266, 264, 266, 264, 264,
    264, 263, 265, 263, 263, 266, 265, 261, 260, 265, 262, 261, 266, 263,
    261, 264, 263, 263, 265 ]
headPositionsY: [ 73, 67, 69, 68, 70, 71, 69, 72, 73, 75, 78, 78, 80, 84,
    89, 91, 89, 87, 84, 83, 81, 77, 73, 71, 69, 68, 72, 68, 72, 75, 78,
    83, 86, 89, 87, 83, 81, 74, 77, 70, 66, 66, 69, 70, 76, 76, 80, 85,
    87, 83, 80, 80, 75, 72, 70, 65, 68, 65, 68, 73, 72, 79, 78, 76, 74,
    73, 72, 68, 68, 69, 66, 69, 71, 76, 73, 72, 73, 71, 74, 71, 73, 70,
    72, 69, 70, 75, 76, 75, 75, 72, 71, 73, 70, 73, 73, 70, 71, 70, 73,
    71 ]
