%YAML:1.0
---
videoName: "headShake2.mp4"
gestureLabel: 201
fps: 29
pixelSizeInCmTemp: 3.4214285714285714e-01
faceCenterPointX: 276
faceCenterPointY: 98
headPositionsX: [ 278, 279, 277, 277, 278, 276, 276, 279, 279, 278, 278,
    275, 276, 276, 277, 275, 276, 275, 277, 279, 278, 279, 277, 276, 278,
    279, 276, 279, 276, 280, 279, 279, 279, 276, 278, 278, 276, 278, 280,
    278, 278, 276, 282, 283, 287, 289, 293, 294, 294, 292, 289, 287, 284,
    277, 275, 266, 268, 263, 266, 267, 274, 279, 285, 286, 291, 288, 289,
    286, 284, 281, 273, 272, 269, 269, 267, 269, 274, 279, 285, 285, 289,
    286, 285, 284, 282, 280, 278, 276, 275, 274, 273, 277, 277, 276, 275,
    275, 274, 274, 276, 276 ]
headPositionsY: [ 99, 100, 98, 96, 100, 96, 99, 99, 100, 100, 100, 99,
    100, 96, 100, 100, 100, 101, 99, 97, 98, 97, 98, 99, 98, 96, 99, 96,
    101, 97, 100, 101, 98, 101, 101, 100, 96, 100, 97, 100, 97, 100, 96,
    98, 99, 97, 98, 97, 96, 96, 98, 98, 100, 96, 100, 98, 100, 100, 95,
    96, 96, 100, 96, 96, 99, 97, 99, 97, 96, 100, 98, 99, 97, 100, 100,
    98, 97, 99, 100, 97, 98, 95, 100, 98, 102, 97, 97, 99, 98, 99, 100,
    101, 99, 100, 96, 99, 100, 99, 101, 98 ]
