%YAML:1.0
---
videoName: "headShake3.mp4"
gestureLabel: 201
fps: 30
pixelSizeInCmTemp: 3.3263888888888887e-01
faceCenterPointX: 240
faceCenterPointY: 101
headPositionsX: [ 241, 242, 241, 242, 243, 240, 242, 242, 239, 241, 239,
    240, 243, 241, 244, 242, 243, 241, 239, 242, 239, 243, 242, 242, 241,
    242, 240, 241, 241, 240, 238, 239, 242, 241, 247, 250, 255, 256, 256,
    255, 253, 252, 250, 244, 237, 234, 228, 230, 230, 233, 234, 238, 241,
    250, 248, 250, 249, 247, 245, 236, 232, 227, 225, 224, 226, 229, 232,
    232, 240, 241, 243, 246, 247, 244, 244, 244, 242, 239, 235, 232, 234,
    234, 236, 234, 233, 237, 237, 235, 240, 239, 240, 240, 241, 240, 242,
    239, 241, 240, 241, 242 ]
headPositionsY: [ 103, 97, 97, 97, 99, 97, 101, 96, 100, 100, 99, 97, 98,
    97, 101, 101, 98, 98, 98, 98, 100, 99, 101, 97, 97, 99, 100, 99, 98,
    101, 98, 101, 99, 97, 99, 99, 98, 98, 100, 96, 97, 100, 98, 100, 100,
    99, 101, 96, 100, 99, 98, 100, 101, 100, 96, 98, 99, 100, 97, 97,
    101, 96, 96, 100, 96, 97, 99, 97, 101, 100, 101, 98, 96, 97, 102, 98,
    101, 98, 98, 98, 102, 98, 102, 99, 101, 98, 102, 100, 102, 100, 99,
    101, 98, 101, 101, 101, 101, 102, 102, 98 ]
