%YAML:1.0
---
videoName: "headNod13.mp4"
gestureLabel: 202
fps: 29
pixelSizeInCmTemp: 3.2364864864864862e-01
faceCenterPointX: 253
faceCenterPointY: 79
headPositionsX: [ 253, 251, 251, 254, 254, 252, 251, 255, 253, 256, 252,
    256, 252, 253, 255, 254, 255, 253, 257, 257, 257, 252, 255, 253, 254,
    253, 255, 252, 254, 254, 253, 252, 253, 254, 252, 252, 251, 251, 253,
    255, 253, 254, 252, 252, 252, 254, 251, 251, 251, 252, 255, 256, 253,
    252, 254, 252, 252, 253, 256, 252, 252, 255, 254, 253, 253, 254, 252,
    253, 252, 254, 253, 255, 253, 255, 253, 253, 253, 252, 255, 253, 255,
    255, 256, 253, 255, 255, 254, 255, 254, 253, 256, 255, 256, 256, 255,
    254, 253, 254, 253, 254 ]
headPositionsY: [ 78, 74, 74, 76, 74, 75, 72, 74, 72, 76, 75, 75, 71, 71,
    74, 71, 75, 74, 73, 73, 73, 72, 71, 72, 72, 75, 75, 73, 75, 76, 72,
    76, 73, 74, 72, 72, 74, 72, 75, 74, 76, 76, 75, 76, 75, 74, 74, 76,
    74, 70, 71, 68, 68, 69, 68, 71, 72, 74, 78, 78, 79, 78, 76, 78, 72,
    72, 69, 68, 68, 67, 73, 73, 75, 77, 80, 80, 81, 79, 76, 77, 71, 70,
    75, 70, 72, 75, 75, 76, 81, 82, 80, 78, 80, 78, 76, 77, 79, 78, 81,
    78 ]
