%YAML:1.0
---
videoName: "headShake43.mp4"
gestureLabel: 201
fps: 29
pixelSizeInCmTemp: 3.2808219178082193e-01
faceCenterPointX: 257
faceCenterPointY: 84
headPositionsX: [ 258, 259, 260, 262, 261, 261, 258, 259, 259, 259, 263,
    260, 259, 259, 260, 261, 259, 258, 258, 260, 258, 262, 262, 261, 262,
    263, 264, 266, 266, 270, 273, 273, 276, 279, 279, 284, 280, 276, 276,
    276, 272, 266, 261, 257, 251, 247, 244, 242, 244, 242, 249, 251, 254,
    261, 269, 272, 274, 275, 272, 275, 271, 265, 262, 257, 249, 244, 245,
    245, 240, 249, 250, 249, 254, 260, 266, 267, 267, 270, 271, 266, 270,
    269, 267, 263, 264, 263, 259, 258, 258, 260, 257, 256, 258, 259, 257,
    258, 255, 257, 258, 254 ]
headPositionsY: [ 83, 84, 83, 84, 85, 85, 83, 84, 83, 83, 87, 87, 87, 83,
    83, 85, 86, 87, 84, 83, 87, 85, 86, 84, 83, 86, 82, 83, 87, 82, 86,
    82, 83, 81, 81, 83, 84, 84, 85, 81, 85, 85, 87, 84, 84, 84, 83, 84,
    84, 83, 82, 82, 84, 83, 82, 81, 81, 82, 80, 83, 81, 85, 84, 83, 84,
    83, 84, 82, 84, 85, 85, 84, 85, 87, 87, 82, 85, 84, 85, 83, 85, 82,
    86, 84, 85, 83, 83, 84, 85, 84, 82, 81, 85, 82, 85, 84, 86, 81, 81,
    81 ]
