%YAML:1.0
---
videoName: "headShake4.mp4"
gestureLabel: 201
fps: 30
pixelSizeInCmTemp: 3.2364864864864862e-01
faceCenterPointX: 237
faceCenterPointY: 101
headPositionsX: [ 239, 244, 243, 249, 251, 253, 253, 252, 253, 248, 245,
    237, 230, 226, 225, 225, 226, 229, 234, 240, 246, 252, 253, 249, 251,
    248, 242, 236, 232, 226, 223, 226, 223, 229, 234, 240, 245, 251, 252,
    258, 253, 252, 248, 242, 239, 231, 228, 225, 225, 223, 225, 229, 234,
    240, 241, 245, 248, 250, 247, 249, 248, 243, 241, 235, 236, 232, 231,
    231, 228, 231, 232, 236, 233, 237, 237, 241, 241, 241, 243, 241, 242,
    241, 240, 239, 237, 239, 238, 238, 237, 237, 237, 236, 238, 237, 238,
    235, 235, 238, 235, 235 ]
headPositionsY: [ 99, 100, 98, 97, 99, 98, 96, 96, 100, 101, 99, 98, 98,
    98, 98, 100, 99, 101, 101, 99, 96, 97, 100, 97, 101, 100, 98, 102,
    98, 98, 97, 98, 100, 96, 102, 102, 100, 101, 99, 99, 97, 98, 99, 99,
    98, 101, 99, 102, 99, 100, 100, 100, 100, 99, 101, 99, 97, 100, 101,
    101, 100, 98, 103, 102, 101, 99, 102, 100, 98, 97, 101, 99, 101, 101,
    102, 102, 99, 98, 102, 103, 100, 100, 99, 100, 99, 102, 102, 98, 100,
    99, 101, 98, 99, 100, 99, 99, 102, 100, 99, 100 ]
