%YAML:1.0
---
videoName: "headNod36.mp4"
gestureLabel: 202
fps: 29
pixelSizeInCmTemp: 2.8176470588235292e-01
faceCenterPointX: 269
faceCenterPointY: 75
headPositionsX: [ 267, 272, 269, 268, 269, 272, 272, 269, 271, 269, 270,
    273, 271, 270, 270, 271, 270, 272, 267, 273, 272, 272, 270, 270, 272,
    272, 271, 269, 271, 269, 272, 269, 272, 269, 271, 267, 268, 269, 268,
    266, 269, 268, 269, 271, 271, 269, 269, 270, 272, 273, 270, 268, 273,
    270, 269, 272, 271, 271, 270, 268, 271, 269, 269, 266, 267, 267, 267,
    266, 269, 268, 270, 267, 269, 269, 269, 266, 270, 270, 267, 268, 269,
    270, 267, 271, 270, 267, 271, 267, 269, 267, 270, 271, 269, 270, 271,
    269, 269, 270, 269, 271 ]
headPositionsY: [ 77, 75, 72, 72, 74, 73, 76, 73, 73, 76, 73, 77, 76, 76,
    75, 73, 72, 76, 75, 75, 80, 79, 80, 78, 76, 77, 67, 68, 66, 66, 66,
    65, 71, 72, 79, 86, 87, 88, 92, 89, 87, 79, 74, 73, 75, 69, 70, 68,
    67, 68, 68, 75, 79, 83, 82, 86, 86, 87, 85, 82, 78, 74, 74, 71, 71,
    73, 75, 79, 80, 81, 82, 81, 80, 79, 77, 72, 76, 75, 76, 81, 83, 81,
    83, 85, 85, 82, 80, 79, 77, 76, 74, 73, 76, 77, 77, 74, 76, 75, 75,
    77 ]
