%YAML:1.0
---
videoName: "headNod48.mp4"
gestureLabel: 202
fps: 29
pixelSizeInCmTemp: 2.8855421686746985e-01
faceCenterPointX: 264
faceCenterPointY: 72
headPositionsX: [ 262, 263, 266, 267, 262, 263, 266, 266, 267, 265, 264,
    266, 265, 264, 263, 265, 262, 262, 260, 262, 260, 261, 261, 258, 262,
    258, 262, 263, 262, 262, 261, 260, 260, 260, 262, 261, 264, 264, 264,
    263, 262, 262, 263, 261, 261, 260, 263, 261, 263, 261, 262, 262, 261,
    262, 262, 263, 263, 263, 263, 261, 264, 260, 262, 266, 262, 265, 263,
    261, 262, 265, 266, 262, 264, 266, 264, 265, 267, 266, 262, 267, 265,
    263, 266, 265, 264, 263, 267, 267, 263, 266, 266, 264, 268, 266, 264,
    265, 267, 263, 264, 263 ]
headPositionsY: [ 71, 76, 77, 80, 79, 74, 74, 69, 67, 67, 61, 62, 62, 64,
    68, 72, 77, 79, 83, 89, 85, 88, 86, 80, 78, 76, 69, 67, 66, 62, 65,
    64, 65, 66, 69, 73, 75, 78, 82, 84, 83, 81, 80, 80, 75, 76, 75, 74,
    74, 72, 70, 74, 75, 76, 82, 77, 78, 78, 72, 70, 70, 71, 71, 70, 70,
    76, 73, 78, 76, 78, 74, 76, 71, 69, 71, 72, 71, 69, 73, 75, 74, 73,
    74, 72, 76, 71, 72, 70, 73, 70, 71, 73, 74, 76, 72, 74, 74, 72, 70,
    74 ]
