%YAML:1.0
---
videoName: "headLookUp7.mp4"
gestureLabel: 205
fps: 29
pixelSizeInCmTemp: 3.6846153846153845e-01
faceCenterPointX: 257
faceCenterPointY: 70
headPositionsX: [ 257, 258, 256, 258, 256, 254, 255, 258, 257, 258, 259,
    255, 255, 257, 256, 258, 256, 257, 255, 254, 256, 255, 258, 258, 255,
    259, 257, 257, 256, 258, 257, 255, 255, 257, 257, 256, 259, 253, 256,
    255, 258, 255, 254, 254, 258, 257, 258, 259, 256, 254, 256, 255, 253,
    257, 258, 259, 255, 254, 253, 257, 256, 257, 258, 258, 255, 259, 257,
    255, 256, 254, 258, 255, 255, 257, 257, 256, 254, 256, 258, 257, 254,
    256, 255, 259, 256, 255, 256, 255, 255, 257, 258, 255, 257, 256, 257,
    258, 260, 254, 255, 259 ]
headPositionsY: [ 68, 81, 81, 81, 85, 85, 83, 83, 81, 80, 81, 81, 84, 81,
    82, 85, 80, 82, 79, 81, 79, 79, 79, 78, 73, 72, 74, 71, 73, 71, 68,
    72, 71, 70, 71, 72, 71, 71, 71, 68, 68, 68, 66, 65, 68, 69, 70, 66,
    68, 68, 66, 67, 68, 66, 66, 70, 66, 68, 69, 66, 69, 72, 67, 69, 66,
    70, 68, 70, 71, 70, 70, 66, 68, 72, 67, 70, 69, 68, 71, 67, 68, 69,
    67, 70, 66, 70, 70, 71, 70, 70, 68, 67, 70, 68, 68, 70, 72, 70, 69,
    70 ]
