%YAML:1.0
---
videoName: "headLookRight6.mp4"
gestureLabel: 204
fps: 29
pixelSizeInCmTemp: 3.8015873015873014e-01
faceCenterPointX: 226
faceCenterPointY: 72
headPositionsX: [ 226, 249, 248, 248, 247, 246, 251, 248, 251, 250, 251,
    248, 250, 251, 248, 251, 249, 252, 249, 251, 249, 251, 252, 250, 250,
    250, 249, 250, 253, 249, 253, 251, 249, 251, 246, 248, 245, 242, 239,
    236, 234, 231, 229, 232, 226, 225, 225, 227, 222, 226, 223, 227, 226,
    225, 224, 226, 228, 225, 227, 229, 229, 227, 228, 224, 228, 225, 223,
    225, 228, 228, 225, 225, 228, 226, 225, 225, 230, 224, 224, 229, 228,
    228, 224, 228, 224, 229, 230, 228, 224, 226, 224, 229, 231, 225, 228,
    229, 224, 226, 229, 225 ]
headPositionsY: [ 73, 73, 69, 74, 73, 74, 74, 72, 74, 75, 73, 73, 71, 74,
    73, 76, 72, 75, 72, 73, 72, 74, 72, 75, 73, 76, 73, 73, 72, 73, 75,
    76, 72, 76, 74, 72, 76, 76, 75, 73, 73, 71, 73, 73, 73, 77, 72, 73,
    75, 72, 74, 70, 75, 74, 73, 75, 74, 76, 72, 78, 76, 76, 74, 73, 73,
    73, 71, 72, 75, 75, 74, 76, 72, 72, 73, 70, 73, 75, 75, 77, 76, 75,
    74, 71, 74, 76, 77, 76, 73, 73, 74, 74, 75, 74, 69, 76, 70, 75, 76,
    71 ]
