%YAML:1.0
---
videoName: "headNod9.mp4"
gestureLabel: 202
fps: 29
pixelSizeInCmTemp: 3.1513157894736843e-01
faceCenterPointX: 261
faceCenterPointY: 75
headPositionsX: [ 263, 261, 263, 259, 260, 259, 259, 259, 259, 261, 258,
    260, 260, 260, 261, 263, 261, 261, 260, 262, 260, 260, 261, 258, 262,
    261, 260, 263, 263, 263, 261, 262, 263, 262, 261, 259, 260, 261, 263,
    259, 263, 263, 261, 261, 260, 262, 257, 259, 258, 261, 261, 262, 259,
    259, 261, 262, 263, 259, 261, 259, 261, 259, 261, 261, 261, 260, 263,
    260, 261, 259, 259, 259, 261, 257, 260, 261, 261, 259, 261, 261, 257,
    257, 260, 257, 257, 258, 259, 257, 256, 258, 261, 258, 259, 261, 258,
    259, 257, 261, 261, 261 ]
headPositionsY: [ 76, 74, 74, 75, 75, 77, 73, 77, 77, 75, 76, 76, 76, 73,
    73, 75, 77, 77, 75, 76, 75, 76, 74, 76, 78, 75, 77, 75, 73, 76, 77,
    79, 81, 82, 81, 80, 81, 77, 74, 74, 72, 75, 76, 81, 83, 85, 85, 82,
    83, 81, 76, 75, 79, 79, 83, 83, 84, 85, 83, 78, 73, 72, 75, 75, 79,
    77, 84, 82, 82, 80, 78, 78, 72, 70, 73, 72, 71, 72, 77, 80, 81, 85,
    84, 81, 78, 78, 76, 77, 76, 73, 71, 70, 73, 74, 74, 74, 74, 75, 73,
    75 ]
