%YAML:1.0
---
videoName: "headNod30.mp4"
gestureLabel: 202
fps: 29
pixelSizeInCmTemp: 3.2364864864864862e-01
faceCenterPointX: 271
faceCenterPointY: 72
headPositionsX: [ 269, 271, 272, 273, 272, 271, 269, 272, 274, 270, 272,
    273, 271, 271, 273, 270, 274, 270, 270, 272, 273, 270, 270, 272, 272,
    270, 275, 271, 270, 271, 272, 271, 269, 272, 272, 270, 273, 269, 272,
    268, 270, 272, 269, 269, 267, 269, 271, 269, 271, 268, 267, 268, 268,
    269, 270, 269, 271, 269, 270, 270, 271, 270, 272, 270, 271, 272, 270,
    272, 271, 270, 273, 273, 268, 273, 269, 268, 273, 271, 272, 271, 270,
    272, 272, 271, 269, 270, 272, 272, 271, 274, 272, 270, 269, 270, 272,
    271, 274, 271, 269, 272 ]
headPositionsY: [ 73, 73, 74, 77, 78, 73, 77, 77, 73, 75, 74, 74, 74, 78,
    77, 75, 76, 75, 75, 73, 77, 74, 70, 69, 69, 65, 65, 66, 66, 73, 71,
    76, 76, 83, 81, 82, 82, 78, 74, 75, 72, 69, 71, 72, 73, 76, 78, 81,
    80, 79, 78, 76, 75, 73, 72, 70, 72, 70, 75, 76, 76, 76, 78, 76, 76,
    74, 73, 67, 70, 69, 70, 69, 72, 75, 74, 74, 73, 74, 75, 70, 69, 73,
    69, 72, 70, 71, 69, 71, 72, 73, 75, 76, 74, 75, 71, 75, 75, 71, 72,
    75 ]
