%YAML:1.0
---
videoName: "headNod14.mp4"
gestureLabel: 202
fps: 29
pixelSizeInCmTemp: 3.2808219178082193e-01
faceCenterPointX: 257
faceCenterPointY: 71
headPositionsX: [ 258, 259, 260, 257, 261, 257, 257, 259, 255, 258, 259,
    260, 258, 256, 259, 259, 257, 260, 259, 258, 260, 256, 259, 261, 258,
    259, 261, 260, 259, 257, 261, 256, 261, 261, 256, 258, 257, 261, 257,
    259, 260, 258, 259, 258, 259, 261, 258, 259, 259, 258, 257, 260, 261,
    257, 257, 258, 258, 257, 260, 260, 260, 258, 257, 259, 257, 260, 259,
    260, 258, 257, 259, 260, 259, 256, 258, 258, 258, 258, 258, 260, 259,
    257, 258, 259, 258, 256, 256, 256, 259, 255, 255, 255, 257, 258, 258,
    255, 257, 255, 259, 257 ]
headPositionsY: [ 72, 77, 77, 77, 79, 77, 79, 79, 79, 75, 79, 79, 77, 78,
    76, 78, 77, 77, 77, 76, 77, 78, 79, 76, 79, 79, 78, 75, 77, 76, 76,
    78, 78, 76, 75, 76, 76, 77, 77, 76, 73, 74, 72, 67, 67, 66, 68, 73,
    71, 75, 77, 77, 82, 78, 81, 80, 81, 78, 78, 76, 71, 70, 71, 70, 69,
    69, 76, 78, 79, 79, 79, 81, 81, 75, 77, 71, 68, 70, 68, 70, 70, 75,
    77, 77, 78, 81, 78, 76, 77, 75, 73, 73, 70, 71, 70, 68, 69, 69, 72,
    71 ]
