%YAML:1.0
---
videoName: "headLookRight3.mp4"
gestureLabel: 204
fps: 29
pixelSizeInCmTemp: 3.5746268656716418e-01
faceCenterPointX: 232
faceCenterPointY: 71
headPositionsX: [ 231, 251, 253, 253, 251, 253, 251, 255, 254, 252, 255,
    254, 253, 256, 255, 255, 254, 253, 255, 253, 255, 255, 252, 256, 255,
    253, 252, 257, 253, 252, 253, 255, 252, 255, 256, 253, 253, 256, 254,
    253, 249, 247, 247, 243, 241, 241, 240, 236, 234, 236, 233, 232, 234,
    230, 233, 234, 231, 232, 232, 234, 230, 234, 233, 232, 233, 229, 233,
    233, 234, 230, 233, 232, 230, 233, 233, 235, 235, 232, 231, 230, 236,
    230, 231, 234, 235, 231, 234, 231, 233, 230, 232, 234, 233, 234, 234,
    230, 233, 232, 237, 232 ]
headPositionsY: [ 72, 70, 68, 71, 70, 70, 68, 71, 71, 69, 69, 72, 72, 69,
    70, 71, 71, 70, 73, 73, 73, 72, 73, 73, 74, 73, 71, 72, 71, 71, 70,
    69, 70, 70, 72, 71, 70, 73, 71, 73, 69, 70, 73, 72, 72, 69, 70, 69,
    73, 71, 71, 71, 69, 71, 73, 73, 73, 70, 72, 75, 72, 73, 73, 74, 71,
    71, 72, 70, 70, 71, 72, 70, 70, 70, 71, 71, 73, 70, 72, 70, 70, 71,
    70, 71, 70, 71, 73, 71, 71, 69, 71, 72, 72, 73, 71, 72, 73, 69, 72,
    70 ]
