%YAML:1.0
---
videoName: "headNod48.mp4"
gestureLabel: 202
fps: 29
pixelSizeInCmTemp: 2.8855421686746985e-01
faceCenterPointX: 264
faceCenterPointY: 72
headPositionsX: [ 262, 265, 265, 267, 264, 264, 267, 267, 267, 263, 266,
    264, 265, 264, 264, 261, 262, 259, 260, 264, 259, 261, 260, 262, 259,
    258, 259, 260, 260, 263, 263, 261, 262, 260, 263, 265, 261, 263, 264,
    262, 262, 264, 260, 263, 260, 260, 263, 262, 260, 260, 260, 261, 262,
    258, 259, 261, 260, 260, 263, 260, 263, 263, 264, 266, 261, 262, 261,
    264, 265, 262, 264, 266, 265, 262, 265, 263, 266, 264, 263, 265, 267,
    265, 266, 264, 266, 264, 263, 266, 267, 263, 264, 264, 267, 268, 266,
    264, 264, 263, 264, 263 ]
headPositionsY: [ 73, 76, 75, 79, 76, 78, 73, 70, 69, 67, 65, 60, 62, 66,
    65, 68, 75, 78, 85, 87, 89, 88, 86, 81, 77, 74, 72, 67, 64, 62, 61,
    64, 64, 65, 67, 70, 75, 75, 80, 80, 81, 83, 80, 80, 79, 74, 73, 71,
    70, 72, 70, 76, 76, 77, 78, 81, 75, 78, 76, 73, 72, 68, 73, 73, 70,
    76, 74, 76, 77, 78, 76, 75, 73, 73, 69, 71, 68, 70, 71, 73, 75, 75,
    74, 72, 76, 72, 74, 69, 70, 70, 74, 75, 74, 75, 74, 73, 75, 71, 72,
    74 ]
