%YAML:1.0
---
videoName: "headLookDown0.mp4"
gestureLabel: 206
fps: 29
pixelSizeInCmTemp: 3.3263888888888887e-01
faceCenterPointX: 273
faceCenterPointY: 93
headPositionsX: [ 272, 275, 275, 274, 274, 269, 272, 274, 270, 270, 270,
    273, 272, 271, 274, 274, 272, 271, 270, 273, 272, 270, 273, 274, 271,
    273, 271, 274, 270, 271, 274, 272, 270, 271, 271, 274, 274, 269, 271,
    271, 271, 270, 272, 273, 272, 274, 270, 273, 272, 270, 271, 270, 272,
    271, 271, 272, 273, 275, 273, 270, 270, 269, 272, 271, 269, 271, 269,
    269, 270, 272, 271, 271, 271, 270, 275, 270, 273, 272, 273, 275, 274,
    273, 275, 271, 271, 271, 273, 271, 275, 274, 274, 271, 272, 270, 270,
    271, 270, 272, 275, 273 ]
headPositionsY: [ 94, 80, 79, 80, 81, 79, 81, 82, 80, 81, 78, 78, 80, 78,
    79, 78, 79, 80, 80, 78, 80, 80, 78, 81, 78, 81, 81, 78, 78, 80, 79,
    79, 81, 80, 79, 80, 82, 83, 83, 83, 84, 86, 91, 89, 90, 94, 94, 96,
    95, 96, 97, 98, 98, 97, 98, 95, 97, 97, 94, 94, 97, 98, 96, 95, 97,
    96, 98, 94, 98, 98, 95, 96, 95, 94, 95, 97, 96, 97, 96, 95, 94, 94,
    95, 94, 94, 95, 96, 96, 95, 91, 94, 93, 93, 93, 93, 94, 95, 95, 91,
    92 ]
