%YAML:1.0
---
videoName: "headShake38.mp4"
gestureLabel: 201
fps: 29
pixelSizeInCmTemp: 3.2808219178082193e-01
faceCenterPointX: 259
faceCenterPointY: 84
headPositionsX: [ 258, 262, 264, 261, 261, 263, 265, 263, 263, 261, 263,
    262, 262, 264, 261, 263, 263, 265, 262, 264, 266, 264, 261, 263, 262,
    262, 264, 262, 261, 264, 261, 263, 265, 263, 260, 264, 263, 263, 263,
    261, 264, 262, 259, 254, 255, 249, 250, 245, 250, 250, 261, 268, 274,
    279, 279, 273, 270, 260, 252, 248, 247, 251, 252, 261, 268, 272, 270,
    270, 265, 260, 255, 248, 245, 246, 252, 256, 259, 265, 267, 266, 271,
    269, 267, 266, 266, 262, 260, 260, 262, 262, 259, 261, 261, 262, 260,
    261, 258, 262, 258, 258 ]
headPositionsY: [ 86, 81, 84, 84, 83, 84, 81, 81, 83, 83, 85, 83, 82, 84,
    82, 83, 83, 85, 85, 84, 83, 84, 83, 81, 82, 85, 83, 81, 84, 85, 85,
    85, 83, 85, 84, 83, 83, 86, 82, 82, 82, 84, 84, 82, 82, 82, 82, 84,
    83, 85, 83, 86, 82, 81, 83, 82, 83, 86, 85, 85, 82, 81, 83, 86, 82,
    85, 82, 82, 84, 85, 82, 82, 83, 81, 83, 86, 84, 86, 84, 84, 83, 85,
    86, 83, 85, 86, 83, 82, 82, 82, 85, 85, 83, 86, 86, 85, 83, 87, 86,
    84 ]
