%YAML:1.0
---
videoName: "headLookUp0.mp4"
gestureLabel: 205
fps: 29
pixelSizeInCmTemp: 3.6846153846153845e-01
faceCenterPointX: 258
faceCenterPointY: 66
headPositionsX: [ 259, 258, 257, 257, 261, 260, 257, 258, 262, 259, 260,
    259, 259, 260, 260, 260, 259, 262, 257, 261, 261, 260, 262, 258, 260,
    258, 256, 261, 260, 261, 261, 261, 259, 259, 261, 256, 259, 261, 258,
    257, 260, 260, 262, 258, 259, 258, 256, 259, 258, 257, 259, 257, 260,
    256, 259, 257, 256, 260, 257, 256, 256, 261, 259, 260, 257, 258, 260,
    258, 257, 259, 257, 258, 259, 256, 259, 259, 260, 259, 255, 259, 256,
    260, 257, 260, 257, 256, 259, 259, 256, 259, 260, 259, 258, 260, 260,
    260, 261, 257, 258, 260 ]
headPositionsY: [ 68, 79, 78, 81, 82, 79, 83, 83, 80, 80, 79, 82, 80, 80,
    78, 77, 79, 75, 74, 73, 72, 69, 68, 67, 67, 67, 67, 67, 67, 70, 66,
    66, 67, 67, 66, 68, 68, 67, 67, 65, 68, 68, 67, 66, 68, 67, 65, 66,
    65, 69, 65, 66, 69, 65, 67, 68, 68, 68, 67, 67, 67, 70, 67, 70, 66,
    67, 70, 65, 69, 67, 63, 68, 69, 69, 67, 69, 68, 69, 70, 69, 67, 67,
    68, 67, 69, 68, 70, 67, 68, 66, 66, 70, 69, 71, 69, 67, 70, 66, 67,
    68 ]
