%YAML:1.0
---
videoName: "headLookLeft5.mp4"
gestureLabel: 203
fps: 30
pixelSizeInCmTemp: 3.5746268656716418e-01
faceCenterPointX: 284
faceCenterPointY: 67
headPositionsX: [ 285, 261, 258, 258, 259, 262, 261, 261, 258, 260, 260,
    263, 261, 260, 263, 261, 262, 261, 263, 262, 265, 268, 267, 270, 270,
    274, 273, 274, 276, 278, 282, 282, 285, 281, 284, 284, 290, 285, 283,
    286, 285, 287, 285, 282, 290, 286, 284, 286, 284, 284, 288, 282, 286,
    282, 282, 285, 283, 283, 282, 281, 286, 281, 284, 284, 285, 284, 286,
    282, 283, 284, 284, 286, 286, 282, 284, 287, 287, 284, 283, 285, 286,
    285, 284, 286, 284, 285, 286, 287, 286, 289, 284, 283, 284, 283, 287,
    283, 285, 285, 284, 282 ]
headPositionsY: [ 66, 72, 72, 69, 73, 71, 72, 69, 71, 70, 71, 73, 71, 72,
    72, 72, 70, 73, 72, 70, 71, 70, 70, 70, 70, 69, 68, 66, 67, 70, 68,
    71, 71, 69, 70, 70, 68, 67, 66, 69, 70, 68, 67, 66, 70, 68, 70, 70,
    69, 67, 68, 68, 71, 68, 69, 66, 67, 68, 66, 70, 69, 70, 70, 66, 66,
    68, 67, 69, 67, 70, 71, 70, 68, 66, 66, 68, 70, 68, 71, 69, 69, 69,
    67, 68, 68, 67, 67, 68, 66, 69, 68, 70, 70, 71, 67, 66, 70, 66, 69,
    66 ]
