%YAML:1.0
---
videoName: "headNod10.mp4"
gestureLabel: 202
fps: 29
pixelSizeInCmTemp: 3.2808219178082193e-01
faceCenterPointX: 260
faceCenterPointY: 67
headPositionsX: [ 261, 257, 259, 260, 258, 259, 258, 260, 257, 258, 258,
    258, 258, 257, 256, 256, 260, 258, 258, 259, 256, 260, 260, 261, 260,
    257, 259, 261, 260, 257, 257, 259, 260, 261, 257, 257, 258, 257, 258,
    257, 260, 261, 258, 261, 259, 260, 258, 259, 262, 259, 263, 261, 260,
    260, 260, 257, 257, 258, 259, 260, 261, 261, 259, 261, 259, 262, 261,
    258, 259, 260, 259, 260, 257, 259, 258, 257, 256, 260, 258, 257, 256,
    259, 260, 261, 259, 258, 260, 257, 258, 261, 260, 262, 260, 262, 258,
    259, 260, 262, 258, 263 ]
headPositionsY: [ 67, 70, 69, 69, 68, 70, 72, 70, 70, 72, 70, 69, 71, 71,
    69, 71, 71, 72, 68, 69, 72, 72, 69, 69, 69, 71, 69, 69, 68, 70, 69,
    68, 72, 72, 69, 71, 73, 69, 70, 70, 70, 75, 72, 69, 68, 69, 67, 63,
    64, 65, 65, 68, 70, 70, 72, 76, 74, 72, 68, 64, 64, 64, 61, 63, 68,
    70, 69, 72, 77, 77, 75, 74, 72, 66, 66, 66, 64, 67, 68, 73, 75, 75,
    73, 75, 70, 73, 68, 68, 69, 65, 65, 65, 67, 65, 68, 66, 67, 70, 66,
    70 ]
