%YAML:1.0
---
videoName: "headShake18.mp4"
gestureLabel: 201
fps: 30
pixelSizeInCmTemp: 3.2808219178082193e-01
faceCenterPointX: 240
faceCenterPointY: 77
headPositionsX: [ 240, 242, 244, 241, 240, 240, 242, 239, 239, 244, 238,
    238, 243, 242, 239, 240, 242, 241, 243, 240, 240, 242, 241, 239, 241,
    242, 239, 241, 239, 239, 239, 237, 240, 239, 237, 243, 243, 247, 248,
    251, 253, 252, 248, 249, 248, 244, 239, 235, 232, 228, 230, 229, 234,
    239, 244, 245, 250, 248, 246, 245, 246, 242, 237, 234, 231, 233, 237,
    235, 239, 241, 242, 243, 246, 246, 243, 241, 239, 237, 238, 235, 235,
    236, 238, 236, 240, 238, 242, 241, 240, 241, 242, 240, 242, 241, 242,
    238, 242, 242, 238, 239 ]
headPositionsY: [ 76, 75, 78, 78, 74, 76, 74, 73, 74, 77, 77, 78, 77, 75,
    75, 74, 76, 75, 77, 75, 75, 75, 77, 74, 75, 77, 77, 75, 77, 77, 77,
    77, 75, 77, 75, 75, 77, 76, 78, 77, 74, 77, 74, 75, 79, 77, 78, 78,
    78, 78, 74, 75, 78, 78, 75, 79, 74, 75, 75, 77, 78, 74, 78, 75, 76,
    76, 75, 74, 79, 78, 78, 77, 78, 75, 79, 78, 76, 77, 78, 77, 76, 76,
    78, 79, 79, 75, 75, 76, 79, 76, 80, 79, 78, 79, 79, 76, 76, 78, 75,
    77 ]
