%YAML:1.0
---
videoName: "headShake27.mp4"
gestureLabel: 201
fps: 29
pixelSizeInCmTemp: 3.3263888888888887e-01
faceCenterPointX: 244
faceCenterPointY: 78
headPositionsX: [ 246, 244, 246, 247, 252, 251, 253, 255, 256, 256, 258,
    256, 253, 254, 251, 251, 247, 248, 245, 244, 240, 237, 236, 238, 233,
    236, 233, 230, 233, 232, 231, 235, 235, 235, 238, 239, 238, 240, 245,
    246, 246, 249, 249, 248, 251, 252, 251, 251, 247, 247, 246, 245, 240,
    242, 237, 237, 235, 231, 235, 235, 234, 231, 233, 235, 234, 237, 235,
    236, 242, 238, 243, 244, 246, 246, 246, 245, 248, 250, 250, 245, 246,
    247, 246, 248, 244, 248, 246, 244, 243, 246, 245, 246, 244, 245, 244,
    243, 245, 245, 244, 242 ]
headPositionsY: [ 76, 78, 75, 78, 78, 74, 75, 75, 78, 74, 76, 78, 78, 76,
    77, 77, 78, 77, 76, 77, 78, 77, 76, 78, 79, 80, 76, 80, 76, 78, 77,
    81, 78, 76, 77, 80, 79, 79, 79, 81, 81, 80, 79, 79, 79, 79, 81, 78,
    80, 77, 82, 78, 80, 82, 80, 79, 81, 80, 77, 76, 78, 80, 78, 80, 81,
    78, 81, 77, 82, 78, 80, 78, 79, 77, 78, 80, 81, 82, 80, 79, 77, 82,
    77, 80, 79, 78, 81, 80, 79, 82, 81, 81, 81, 80, 78, 79, 79, 79, 79,
    80 ]
