%YAML:1.0
---
videoName: "headShake14.mp4"
gestureLabel: 201
fps: 29
pixelSizeInCmTemp: 3.2364864864864862e-01
faceCenterPointX: 244
faceCenterPointY: 76
headPositionsX: [ 245, 247, 243, 247, 244, 247, 248, 243, 243, 246, 247,
    247, 247, 245, 246, 244, 244, 247, 243, 247, 245, 244, 243, 247, 248,
    248, 252, 249, 254, 261, 260, 261, 259, 260, 257, 251, 248, 241, 234,
    232, 224, 226, 229, 226, 229, 238, 242, 246, 254, 254, 257, 259, 255,
    250, 248, 242, 237, 234, 232, 234, 234, 233, 237, 237, 243, 241, 245,
    245, 249, 250, 251, 251, 249, 248, 248, 244, 246, 244, 242, 242, 241,
    241, 238, 240, 239, 241, 242, 246, 242, 245, 246, 246, 246, 246, 245,
    246, 245, 245, 243, 245 ]
headPositionsY: [ 75, 77, 77, 74, 74, 75, 76, 77, 76, 76, 75, 77, 75, 74,
    73, 75, 76, 74, 75, 75, 74, 77, 73, 76, 75, 73, 74, 76, 75, 73, 74,
    71, 72, 74, 73, 75, 74, 74, 78, 73, 75, 72, 74, 73, 77, 75, 75, 72,
    75, 72, 73, 75, 74, 73, 74, 73, 77, 77, 74, 73, 75, 73, 74, 77, 78,
    77, 75, 78, 75, 76, 75, 74, 74, 75, 75, 76, 76, 74, 76, 77, 77, 73,
    75, 74, 75, 76, 78, 78, 75, 77, 77, 74, 76, 74, 77, 74, 78, 75, 75,
    77 ]
