%YAML:1.0
---
videoName: "headLookRight9.mp4"
gestureLabel: 204
fps: 29
pixelSizeInCmTemp: 2.8511904761904761e-01
faceCenterPointX: 217
faceCenterPointY: 75
headPositionsX: [ 219, 244, 246, 243, 246, 244, 241, 245, 243, 245, 246,
    245, 245, 243, 242, 245, 244, 241, 243, 242, 244, 242, 245, 246, 241,
    242, 245, 245, 243, 243, 243, 241, 238, 232, 233, 231, 226, 223, 222,
    223, 220, 219, 215, 216, 217, 216, 217, 212, 216, 215, 215, 217, 214,
    217, 213, 211, 212, 213, 214, 213, 212, 214, 217, 212, 221, 219, 215,
    214, 214, 217, 216, 211, 209, 217, 211, 215, 214, 213, 214, 217, 215,
    215, 214, 218, 218, 217, 213, 218, 217, 216, 215, 213, 217, 218, 214,
    218, 219, 218, 221, 218 ]
headPositionsY: [ 75, 72, 73, 72, 74, 76, 73, 72, 73, 76, 77, 72, 77, 72,
    75, 73, 76, 76, 76, 74, 74, 76, 77, 77, 75, 73, 74, 76, 74, 76, 74,
    76, 73, 73, 72, 74, 75, 71, 75, 73, 76, 70, 73, 78, 70, 74, 72, 74,
    69, 71, 72, 73, 71, 74, 76, 76, 73, 73, 69, 70, 70, 71, 71, 70, 76,
    76, 74, 75, 70, 69, 69, 80, 79, 72, 74, 74, 74, 75, 76, 71, 72, 72,
    73, 71, 72, 72, 73, 74, 75, 71, 76, 70, 74, 72, 73, 72, 75, 72, 74,
    75 ]
