%YAML:1.0
---
videoName: "headShake30.mp4"
gestureLabel: 201
fps: 29
pixelSizeInCmTemp: 3.2808219178082193e-01
faceCenterPointX: 240
faceCenterPointY: 68
headPositionsX: [ 238, 233, 234, 233, 231, 235, 234, 231, 236, 235, 234,
    237, 237, 238, 240, 242, 243, 242, 245, 244, 243, 242, 244, 241, 246,
    242, 241, 242, 240, 240, 241, 242, 241, 241, 237, 241, 241, 238, 244,
    245, 252, 254, 255, 260, 257, 258, 258, 254, 248, 243, 239, 228, 225,
    225, 222, 224, 230, 236, 241, 245, 249, 251, 250, 253, 246, 244, 239,
    234, 230, 227, 229, 228, 232, 238, 240, 247, 247, 250, 253, 251, 250,
    246, 243, 240, 238, 236, 239, 238, 238, 239, 240, 242, 239, 241, 241,
    240, 240, 239, 239, 239 ]
headPositionsY: [ 68, 55, 55, 56, 60, 60, 59, 61, 61, 64, 62, 65, 63, 66,
    67, 67, 64, 67, 67, 65, 64, 67, 65, 63, 66, 67, 64, 65, 67, 64, 67,
    65, 67, 68, 64, 65, 66, 68, 65, 65, 67, 63, 66, 63, 67, 67, 64, 68,
    65, 65, 68, 68, 65, 66, 66, 67, 69, 71, 67, 70, 68, 66, 66, 67, 68,
    70, 66, 70, 70, 69, 67, 71, 67, 69, 68, 69, 67, 66, 69, 67, 67, 69,
    68, 68, 66, 66, 68, 70, 65, 65, 69, 68, 69, 69, 69, 68, 68, 66, 71,
    69 ]
