%YAML:1.0
---
videoName: "headShake37.mp4"
gestureLabel: 201
fps: 30
pixelSizeInCmTemp: 3.1933333333333330e-01
faceCenterPointX: 263
faceCenterPointY: 83
headPositionsX: [ 262, 259, 260, 264, 259, 263, 261, 264, 260, 262, 264,
    263, 260, 260, 262, 261, 265, 263, 260, 261, 263, 263, 261, 263, 264,
    262, 261, 264, 264, 260, 264, 262, 260, 264, 264, 264, 263, 261, 265,
    262, 263, 263, 262, 260, 259, 263, 263, 264, 269, 271, 273, 275, 278,
    280, 281, 275, 271, 268, 258, 253, 251, 254, 253, 257, 263, 269, 269,
    273, 272, 274, 266, 263, 262, 259, 255, 251, 256, 252, 254, 257, 258,
    260, 262, 264, 265, 266, 267, 268, 264, 268, 264, 266, 266, 262, 263,
    263, 261, 261, 266, 265 ]
headPositionsY: [ 84, 80, 84, 83, 82, 82, 84, 83, 82, 83, 84, 83, 85, 83,
    83, 85, 82, 82, 81, 81, 82, 81, 83, 84, 84, 83, 82, 83, 82, 80, 83,
    82, 83, 83, 82, 84, 84, 81, 83, 82, 82, 82, 83, 81, 82, 82, 85, 82,
    84, 82, 83, 79, 79, 78, 81, 83, 80, 84, 84, 82, 82, 79, 82, 84, 80,
    81, 80, 81, 80, 81, 84, 84, 83, 82, 84, 84, 82, 80, 83, 84, 85, 83,
    85, 81, 85, 82, 82, 84, 81, 82, 86, 85, 84, 81, 81, 81, 83, 81, 82,
    82 ]
