%YAML:1.0
---
videoName: "headNod24.mp4"
gestureLabel: 202
fps: 29
pixelSizeInCmTemp: 3.1513157894736843e-01
faceCenterPointX: 272
faceCenterPointY: 72
headPositionsX: [ 272, 273, 273, 273, 275, 272, 273, 276, 275, 276, 275,
    273, 273, 275, 272, 276, 273, 274, 273, 276, 272, 273, 271, 275, 273,
    272, 273, 275, 274, 274, 271, 273, 273, 275, 272, 274, 271, 275, 275,
    274, 274, 273, 273, 275, 269, 272, 272, 271, 273, 272, 273, 273, 274,
    273, 275, 270, 271, 271, 271, 271, 270, 272, 269, 271, 273, 271, 270,
    270, 272, 270, 270, 272, 271, 272, 269, 271, 268, 268, 273, 268, 272,
    269, 270, 269, 270, 268, 270, 269, 269, 272, 269, 272, 271, 271, 271,
    271, 271, 274, 271, 270 ]
headPositionsY: [ 70, 75, 71, 73, 73, 73, 75, 72, 76, 71, 75, 76, 72, 71,
    72, 75, 75, 72, 73, 74, 71, 71, 72, 71, 71, 74, 76, 76, 76, 76, 74,
    73, 74, 76, 74, 73, 69, 69, 67, 72, 69, 74, 75, 79, 81, 79, 79, 76,
    72, 66, 69, 65, 71, 70, 75, 77, 73, 72, 68, 68, 67, 69, 64, 69, 73,
    75, 76, 78, 73, 75, 71, 69, 71, 66, 68, 71, 73, 74, 74, 74, 73, 72,
    76, 71, 71, 72, 71, 69, 68, 71, 70, 72, 71, 73, 75, 75, 71, 73, 69,
    71 ]
