%YAML:1.0
---
videoName: "headNod41.mp4"
gestureLabel: 202
fps: 29
pixelSizeInCmTemp: 2.9937500000000000e-01
faceCenterPointX: 267
faceCenterPointY: 76
headPositionsX: [ 268, 268, 268, 272, 269, 268, 268, 271, 269, 268, 270,
    267, 270, 270, 268, 268, 271, 270, 269, 273, 271, 270, 271, 273, 268,
    269, 267, 267, 270, 271, 268, 270, 272, 268, 268, 267, 272, 271, 269,
    270, 270, 268, 267, 271, 267, 271, 267, 269, 271, 267, 265, 270, 270,
    267, 271, 267, 268, 269, 268, 271, 270, 268, 270, 269, 269, 268, 266,
    268, 266, 267, 270, 267, 268, 267, 270, 266, 269, 266, 268, 266, 266,
    269, 270, 265, 267, 268, 266, 268, 267, 267, 270, 267, 267, 269, 266,
    267, 267, 266, 267, 266 ]
headPositionsY: [ 75, 71, 73, 73, 71, 75, 74, 74, 73, 74, 74, 75, 74, 76,
    73, 73, 72, 76, 75, 73, 76, 74, 76, 73, 72, 73, 75, 72, 73, 72, 72,
    72, 75, 75, 76, 74, 75, 73, 74, 76, 78, 85, 85, 90, 91, 94, 92, 85,
    86, 79, 76, 71, 72, 68, 65, 67, 68, 68, 70, 75, 79, 86, 92, 95, 94,
    89, 87, 79, 80, 72, 75, 70, 69, 73, 70, 79, 78, 82, 85, 84, 84, 78,
    75, 73, 72, 75, 76, 73, 74, 74, 80, 81, 81, 78, 77, 78, 76, 76, 77,
    78 ]
