%YAML:1.0
---
videoName: "headLookLeft9.mp4"
gestureLabel: 203
fps: 30
pixelSizeInCmTemp: 3.2364864864864862e-01
faceCenterPointX: 273
faceCenterPointY: 69
headPositionsX: [ 275, 248, 248, 250, 249, 247, 247, 246, 244, 248, 245,
    247, 246, 245, 248, 248, 247, 246, 245, 248, 244, 246, 246, 244, 245,
    244, 246, 244, 247, 245, 244, 247, 246, 249, 252, 253, 253, 259, 260,
    261, 265, 263, 268, 269, 266, 267, 271, 271, 269, 270, 270, 274, 269,
    271, 270, 269, 272, 271, 271, 271, 271, 270, 268, 270, 274, 270, 268,
    273, 272, 273, 271, 269, 272, 271, 273, 272, 272, 270, 269, 270, 269,
    271, 271, 270, 273, 267, 269, 273, 271, 273, 272, 274, 273, 267, 272,
    273, 273, 273, 270, 271 ]
headPositionsY: [ 68, 70, 72, 72, 72, 69, 72, 70, 71, 68, 72, 73, 72, 73,
    72, 73, 73, 72, 73, 71, 70, 71, 70, 70, 73, 73, 70, 72, 73, 70, 73,
    72, 70, 70, 72, 69, 68, 69, 65, 66, 68, 69, 70, 68, 67, 67, 66, 65,
    66, 67, 68, 67, 66, 65, 66, 69, 66, 67, 68, 65, 68, 69, 68, 69, 66,
    68, 68, 67, 69, 69, 65, 66, 70, 71, 72, 69, 70, 67, 68, 67, 68, 70,
    65, 68, 71, 69, 69, 68, 68, 69, 70, 68, 68, 68, 66, 66, 69, 67, 71,
    69 ]
