%YAML:1.0
---
videoName: "headLookLeft0.mp4"
gestureLabel: 203
fps: 29
pixelSizeInCmTemp: 3.6287878787878786e-01
faceCenterPointX: 286
faceCenterPointY: 69
headPositionsX: [ 288, 256, 256, 255, 252, 255, 255, 254, 252, 251, 255,
    253, 254, 256, 253, 254, 252, 255, 256, 255, 254, 252, 255, 254, 252,
    253, 255, 256, 256, 253, 256, 257, 257, 254, 257, 255, 256, 255, 256,
    258, 256, 254, 255, 257, 255, 254, 254, 254, 256, 256, 257, 255, 253,
    256, 257, 256, 255, 253, 256, 255, 255, 254, 254, 253, 256, 257, 253,
    255, 257, 257, 257, 258, 254, 257, 254, 255, 257, 258, 259, 261, 260,
    263, 268, 267, 272, 272, 275, 276, 284, 278, 279, 276, 281, 282, 287,
    284, 284, 288, 286, 287 ]
headPositionsY: [ 67, 69, 67, 71, 67, 69, 67, 70, 69, 66, 68, 71, 71, 68,
    71, 69, 70, 68, 68, 68, 70, 71, 68, 72, 70, 72, 69, 70, 67, 70, 68,
    72, 70, 68, 69, 71, 71, 72, 69, 71, 71, 69, 70, 73, 72, 69, 72, 70,
    69, 69, 72, 69, 71, 70, 72, 73, 71, 70, 72, 70, 70, 69, 71, 70, 74,
    73, 69, 70, 73, 73, 71, 73, 73, 73, 72, 74, 70, 73, 71, 73, 69, 72,
    71, 68, 68, 71, 67, 67, 71, 66, 65, 68, 67, 65, 67, 69, 67, 68, 70,
    69 ]
