%YAML:1.0
---
videoName: "headNod46.mp4"
gestureLabel: 202
fps: 30
pixelSizeInCmTemp: 2.8511904761904761e-01
faceCenterPointX: 264
faceCenterPointY: 72
headPositionsX: [ 265, 264, 262, 264, 262, 264, 265, 267, 263, 266, 264,
    264, 262, 266, 265, 267, 264, 264, 265, 264, 265, 266, 265, 266, 267,
    266, 264, 268, 268, 269, 266, 263, 266, 263, 261, 262, 260, 264, 264,
    261, 264, 261, 263, 262, 262, 261, 263, 260, 260, 259, 261, 263, 262,
    264, 261, 262, 265, 261, 263, 264, 260, 265, 262, 264, 262, 261, 265,
    264, 264, 262, 261, 265, 263, 264, 265, 262, 264, 262, 263, 265, 265,
    263, 262, 263, 265, 263, 265, 263, 264, 261, 263, 264, 262, 266, 265,
    265, 264, 262, 261, 263 ]
headPositionsY: [ 70, 69, 69, 68, 68, 70, 71, 73, 72, 73, 74, 80, 79, 84,
    89, 89, 87, 90, 85, 86, 80, 75, 75, 69, 69, 68, 71, 68, 74, 74, 79,
    87, 87, 90, 90, 83, 80, 77, 74, 66, 69, 66, 70, 69, 73, 77, 81, 82,
    84, 83, 81, 81, 76, 72, 69, 64, 69, 68, 69, 69, 75, 77, 78, 79, 76,
    75, 70, 69, 69, 69, 68, 69, 72, 73, 75, 76, 74, 75, 73, 73, 69, 67,
    71, 68, 71, 73, 75, 73, 76, 73, 74, 70, 73, 73, 71, 70, 71, 73, 72,
    71 ]
