%YAML:1.0
---
videoName: "headNod44.mp4"
gestureLabel: 202
fps: 29
pixelSizeInCmTemp: 2.9567901234567900e-01
faceCenterPointX: 268
faceCenterPointY: 78
headPositionsX: [ 266, 268, 269, 268, 270, 268, 271, 267, 272, 271, 269,
    271, 270, 271, 270, 270, 270, 268, 270, 270, 270, 269, 269, 266, 267,
    269, 269, 266, 265, 268, 270, 270, 265, 267, 267, 270, 266, 265, 267,
    268, 268, 267, 266, 264, 266, 268, 267, 267, 268, 268, 265, 270, 269,
    268, 269, 268, 268, 269, 266, 270, 269, 271, 269, 270, 266, 268, 267,
    267, 267, 269, 271, 267, 270, 269, 268, 270, 269, 267, 268, 269, 269,
    267, 268, 267, 269, 269, 270, 270, 269, 269, 267, 268, 266, 265, 268,
    269, 267, 267, 270, 266 ]
headPositionsY: [ 79, 76, 76, 76, 77, 74, 74, 72, 76, 73, 73, 72, 76, 72,
    75, 76, 77, 77, 77, 81, 84, 87, 93, 96, 93, 94, 91, 86, 79, 75, 71,
    68, 70, 72, 70, 77, 78, 84, 87, 88, 88, 83, 82, 79, 71, 71, 74, 75,
    76, 81, 84, 86, 92, 86, 88, 84, 79, 76, 75, 75, 74, 79, 80, 83, 83,
    86, 82, 83, 81, 77, 76, 75, 75, 78, 77, 80, 85, 87, 86, 88, 84, 81,
    81, 79, 78, 77, 74, 79, 77, 79, 76, 79, 78, 77, 77, 78, 79, 77, 80,
    77 ]
