%YAML:1.0
---
videoName: "headLookDown8.mp4"
gestureLabel: 206
fps: 29
pixelSizeInCmTemp: 3.3732394366197183e-01
faceCenterPointX: 276
faceCenterPointY: 96
headPositionsX: [ 277, 276, 274, 274, 273, 274, 277, 274, 274, 278, 273,
    273, 275, 274, 275, 277, 276, 277, 276, 277, 275, 273, 276, 275, 275,
    273, 274, 274, 273, 273, 274, 276, 273, 274, 275, 273, 273, 272, 276,
    277, 273, 274, 274, 276, 274, 277, 278, 274, 273, 278, 278, 274, 277,
    274, 277, 276, 278, 274, 277, 276, 276, 276, 278, 275, 275, 278, 278,
    277, 275, 277, 274, 274, 277, 275, 273, 277, 277, 276, 274, 275, 277,
    278, 275, 278, 276, 277, 276, 274, 276, 279, 278, 276, 278, 276, 278,
    275, 276, 276, 278, 278 ]
headPositionsY: [ 98, 81, 77, 77, 81, 82, 81, 80, 78, 80, 80, 81, 81, 77,
    81, 78, 77, 80, 79, 80, 81, 77, 77, 77, 81, 80, 81, 79, 81, 78, 79,
    80, 79, 80, 82, 85, 83, 85, 86, 85, 86, 90, 90, 89, 92, 94, 92, 91,
    92, 95, 94, 96, 99, 98, 99, 98, 95, 98, 96, 97, 96, 96, 97, 99, 97,
    96, 97, 100, 97, 100, 96, 96, 97, 98, 96, 99, 98, 95, 95, 96, 96, 95,
    97, 98, 94, 98, 94, 98, 98, 96, 98, 97, 98, 97, 94, 97, 95, 96, 94,
    97 ]
