%YAML:1.0
---
videoName: "headLookLeft7.mp4"
gestureLabel: 203
fps: 29
pixelSizeInCmTemp: 3.4214285714285714e-01
faceCenterPointX: 268
faceCenterPointY: 68
headPositionsX: [ 267, 245, 244, 246, 244, 247, 245, 245, 244, 244, 243,
    246, 244, 243, 248, 246, 247, 243, 244, 247, 244, 245, 244, 244, 245,
    244, 248, 244, 248, 247, 250, 248, 253, 253, 256, 258, 262, 264, 261,
    263, 268, 265, 270, 267, 267, 267, 271, 269, 265, 267, 265, 266, 267,
    267, 265, 266, 266, 267, 268, 271, 268, 268, 266, 266, 270, 267, 264,
    271, 264, 265, 269, 266, 268, 266, 267, 269, 269, 267, 264, 268, 269,
    271, 271, 265, 270, 268, 270, 269, 266, 268, 269, 270, 270, 270, 271,
    272, 269, 269, 269, 269 ]
headPositionsY: [ 69, 70, 68, 67, 72, 70, 69, 72, 70, 70, 70, 68, 68, 71,
    69, 72, 72, 71, 70, 70, 70, 72, 72, 69, 70, 70, 70, 70, 71, 70, 70,
    69, 66, 69, 68, 70, 66, 67, 68, 68, 69, 66, 70, 70, 68, 68, 70, 69,
    71, 69, 67, 69, 70, 69, 68, 68, 68, 69, 69, 71, 69, 71, 66, 72, 70,
    71, 71, 70, 70, 70, 68, 70, 71, 72, 71, 69, 71, 70, 67, 68, 66, 71,
    69, 69, 68, 70, 66, 66, 70, 69, 70, 69, 69, 67, 68, 69, 66, 69, 71,
    68 ]
