%YAML:1.0
---
videoName: "headShake7.mp4"
gestureLabel: 201
fps: 29
pixelSizeInCmTemp: 3.3263888888888887e-01
faceCenterPointX: 244
faceCenterPointY: 72
headPositionsX: [ 242, 243, 245, 245, 242, 244, 243, 242, 240, 242, 243,
    246, 249, 255, 255, 256, 261, 262, 259, 257, 252, 247, 238, 235, 235,
    233, 233, 241, 245, 250, 257, 257, 260, 256, 255, 250, 245, 237, 231,
    227, 228, 227, 229, 235, 239, 247, 252, 255, 257, 254, 252, 249, 244,
    244, 236, 232, 232, 230, 228, 232, 239, 245, 248, 254, 255, 258, 259,
    254, 253, 252, 249, 246, 240, 238, 233, 232, 233, 235, 236, 236, 240,
    238, 244, 244, 247, 248, 248, 247, 246, 248, 245, 243, 247, 243, 246,
    245, 241, 241, 243, 242 ]
headPositionsY: [ 70, 73, 73, 69, 69, 70, 69, 72, 71, 71, 72, 72, 72, 67,
    69, 69, 70, 69, 70, 71, 72, 73, 68, 71, 73, 73, 71, 73, 69, 70, 69,
    67, 71, 69, 69, 72, 69, 70, 70, 69, 73, 72, 68, 71, 70, 71, 72, 69,
    68, 70, 72, 70, 73, 74, 70, 72, 70, 69, 71, 73, 73, 73, 70, 72, 72,
    70, 68, 69, 70, 70, 69, 72, 73, 71, 71, 70, 73, 69, 72, 70, 71, 72,
    69, 70, 74, 73, 73, 73, 69, 70, 70, 72, 70, 70, 71, 70, 73, 74, 72,
    72 ]
