%YAML:1.0
---
videoName: "headShake14.mp4"
gestureLabel: 201
fps: 29
pixelSizeInCmTemp: 3.2364864864864862e-01
faceCenterPointX: 244
faceCenterPointY: 76
headPositionsX: [ 243, 248, 244, 244, 245, 246, 244, 245, 246, 245, 243,
    245, 244, 246, 246, 243, 246, 243, 244, 245, 245, 245, 244, 244, 244,
    248, 252, 253, 255, 260, 260, 261, 261, 260, 255, 253, 247, 243, 235,
    228, 228, 222, 226, 230, 232, 239, 241, 247, 251, 257, 257, 256, 252,
    250, 247, 242, 240, 237, 234, 232, 232, 236, 235, 236, 239, 244, 243,
    247, 246, 251, 247, 249, 251, 250, 249, 243, 242, 242, 240, 239, 239,
    238, 238, 240, 240, 241, 241, 245, 244, 246, 244, 244, 243, 245, 242,
    246, 244, 245, 244, 245 ]
headPositionsY: [ 75, 77, 75, 77, 77, 78, 75, 77, 76, 77, 74, 76, 75, 76,
    75, 77, 74, 73, 77, 74, 76, 77, 75, 74, 75, 77, 73, 76, 71, 76, 74,
    75, 72, 76, 76, 74, 78, 77, 76, 73, 74, 73, 76, 75, 76, 73, 73, 74,
    72, 71, 74, 74, 72, 75, 76, 75, 74, 75, 73, 76, 74, 73, 74, 77, 76,
    74, 74, 77, 76, 74, 76, 76, 76, 78, 75, 75, 77, 76, 76, 74, 75, 76,
    77, 77, 76, 76, 75, 77, 77, 75, 78, 78, 76, 78, 78, 74, 74, 74, 78,
    76 ]
