%YAML:1.0
---
videoName: "headShake44.mp4"
gestureLabel: 201
fps: 30
pixelSizeInCmTemp: 3.2808219178082193e-01
faceCenterPointX: 260
faceCenterPointY: 84
headPositionsX: [ 262, 261, 260, 259, 260, 259, 261, 260, 262, 262, 260,
    259, 261, 260, 263, 260, 263, 261, 259, 260, 261, 259, 261, 261, 262,
    258, 260, 260, 262, 258, 259, 259, 262, 262, 258, 262, 258, 258, 264,
    261, 267, 271, 274, 275, 273, 274, 271, 269, 264, 256, 254, 250, 251,
    251, 256, 264, 264, 269, 273, 270, 269, 260, 260, 252, 254, 255, 260,
    266, 270, 270, 270, 268, 264, 261, 256, 254, 250, 251, 251, 256, 259,
    259, 261, 263, 261, 264, 264, 263, 261, 262, 259, 258, 262, 263, 258,
    260, 260, 260, 260, 261 ]
headPositionsY: [ 84, 83, 84, 84, 82, 82, 81, 84, 80, 85, 83, 82, 81, 83,
    82, 84, 85, 83, 83, 81, 85, 82, 84, 82, 82, 83, 85, 83, 83, 81, 85,
    85, 85, 83, 85, 82, 81, 83, 84, 81, 83, 85, 81, 80, 81, 82, 83, 83,
    82, 83, 83, 85, 83, 86, 83, 87, 83, 83, 86, 83, 86, 83, 84, 83, 86,
    84, 82, 82, 85, 83, 85, 81, 82, 82, 81, 84, 83, 85, 83, 84, 86, 82,
    82, 84, 83, 83, 84, 85, 84, 85, 86, 83, 84, 86, 84, 84, 86, 86, 87,
    83 ]
