%YAML:1.0
---
videoName: "headShake21.mp4"
gestureLabel: 201
fps: 29
pixelSizeInCmTemp: 3.1933333333333330e-01
faceCenterPointX: 241
faceCenterPointY: 78
headPositionsX: [ 242, 246, 242, 244, 241, 241, 242, 241, 240, 242, 243,
    243, 240, 240, 239, 240, 244, 240, 243, 242, 245, 244, 245, 241, 242,
    244, 242, 244, 243, 242, 243, 245, 241, 241, 244, 245, 244, 245, 241,
    242, 241, 243, 241, 243, 243, 241, 239, 244, 240, 241, 242, 243, 241,
    239, 240, 241, 239, 244, 242, 241, 241, 238, 243, 240, 239, 240, 241,
    240, 248, 247, 252, 253, 250, 251, 247, 244, 237, 231, 235, 234, 237,
    239, 239, 242, 240, 242, 242, 244, 239, 238, 237, 240, 241, 236, 240,
    242, 242, 243, 244, 239 ]
headPositionsY: [ 76, 85, 81, 78, 75, 75, 76, 74, 73, 73, 72, 71, 73, 72,
    72, 73, 69, 70, 73, 71, 74, 73, 70, 72, 71, 76, 75, 72, 74, 76, 74,
    75, 78, 77, 75, 78, 77, 77, 76, 77, 76, 78, 79, 76, 80, 76, 80, 78,
    78, 77, 80, 78, 75, 78, 77, 77, 78, 78, 76, 76, 76, 78, 76, 78, 78,
    81, 79, 77, 76, 75, 76, 76, 75, 76, 76, 79, 77, 76, 79, 75, 80, 79,
    76, 80, 80, 76, 80, 77, 76, 77, 79, 79, 79, 79, 79, 80, 77, 79, 78,
    80 ]
