%YAML:1.0
---
videoName: "headLookUp9.mp4"
gestureLabel: 205
fps: 29
pixelSizeInCmTemp: 3.3732394366197183e-01
faceCenterPointX: 251
faceCenterPointY: 57
headPositionsX: [ 249, 251, 250, 250, 249, 251, 251, 253, 251, 252, 250,
    251, 252, 251, 251, 249, 251, 252, 252, 249, 254, 251, 252, 250, 251,
    249, 250, 249, 249, 250, 249, 254, 253, 253, 250, 253, 254, 252, 253,
    251, 253, 254, 253, 252, 250, 250, 251, 250, 253, 251, 251, 250, 251,
    251, 251, 250, 253, 251, 253, 249, 250, 251, 251, 253, 249, 253, 249,
    251, 249, 249, 249, 253, 253, 251, 250, 251, 253, 251, 251, 253, 249,
    250, 249, 251, 253, 252, 253, 249, 253, 253, 249, 250, 253, 252, 251,
    251, 253, 250, 252, 249 ]
headPositionsY: [ 59, 72, 73, 73, 73, 72, 76, 74, 75, 77, 76, 76, 73, 72,
    74, 76, 74, 74, 75, 73, 72, 72, 76, 75, 72, 72, 74, 72, 76, 72, 71,
    71, 73, 68, 71, 69, 68, 65, 65, 65, 67, 62, 63, 60, 62, 59, 61, 62,
    59, 57, 60, 59, 57, 60, 56, 60, 56, 58, 59, 58, 58, 59, 55, 60, 56,
    56, 59, 56, 59, 59, 59, 59, 58, 58, 55, 57, 57, 58, 59, 56, 57, 57,
    57, 57, 55, 57, 56, 59, 56, 56, 55, 59, 55, 58, 56, 57, 54, 54, 57,
    55 ]
