%YAML:1.0
---
videoName: "headNod31.mp4"
gestureLabel: 202
fps: 29
pixelSizeInCmTemp: 2.8855421686746985e-01
faceCenterPointX: 267
faceCenterPointY: 75
headPositionsX: [ 268, 268, 270, 270, 271, 270, 270, 268, 268, 271, 268,
    268, 268, 269, 268, 271, 268, 267, 270, 269, 267, 265, 266, 267, 266,
    265, 265, 266, 267, 268, 266, 267, 268, 271, 268, 267, 267, 270, 266,
    267, 267, 268, 269, 266, 268, 268, 267, 265, 270, 268, 266, 265, 266,
    265, 265, 265, 267, 266, 268, 268, 266, 269, 264, 267, 265, 267, 265,
    267, 268, 267, 265, 266, 267, 266, 265, 265, 264, 266, 268, 267, 270,
    267, 266, 268, 267, 265, 265, 269, 268, 265, 269, 266, 265, 269, 269,
    265, 269, 268, 266, 265 ]
headPositionsY: [ 74, 74, 76, 74, 75, 76, 72, 66, 67, 67, 68, 68, 67, 67,
    77, 78, 81, 85, 87, 86, 87, 83, 83, 79, 74, 71, 73, 73, 66, 66, 68,
    71, 71, 73, 77, 81, 85, 86, 87, 89, 85, 81, 82, 79, 75, 75, 76, 76,
    74, 78, 80, 84, 85, 82, 81, 82, 80, 73, 73, 71, 71, 70, 68, 70, 70,
    71, 74, 77, 81, 82, 79, 77, 79, 75, 73, 74, 69, 69, 71, 73, 75, 75,
    73, 77, 79, 78, 77, 76, 75, 74, 74, 74, 76, 76, 73, 75, 75, 77, 75,
    73 ]
