%YAML:1.0
---
videoName: "headShake7.mp4"
gestureLabel: 201
fps: 29
pixelSizeInCmTemp: 3.3263888888888887e-01
faceCenterPointX: 244
faceCenterPointY: 72
headPositionsX: [ 246, 244, 245, 244, 241, 243, 244, 242, 244, 242, 244,
    249, 249, 252, 256, 256, 260, 258, 258, 257, 252, 249, 239, 233, 235,
    234, 233, 241, 246, 254, 258, 256, 261, 258, 256, 252, 246, 240, 235,
    229, 226, 230, 229, 233, 241, 248, 250, 251, 253, 255, 253, 247, 245,
    242, 239, 231, 231, 228, 230, 232, 240, 242, 249, 254, 255, 255, 260,
    255, 252, 252, 247, 242, 238, 237, 237, 233, 233, 235, 235, 238, 239,
    241, 243, 247, 247, 248, 245, 246, 245, 248, 248, 243, 247, 247, 246,
    245, 245, 245, 246, 244 ]
headPositionsY: [ 70, 73, 69, 73, 71, 69, 69, 71, 70, 72, 69, 71, 69, 67,
    71, 68, 68, 66, 67, 70, 69, 71, 70, 70, 73, 73, 71, 73, 69, 72, 68,
    69, 70, 72, 71, 72, 71, 69, 73, 69, 69, 70, 71, 69, 71, 69, 71, 68,
    67, 69, 68, 69, 73, 73, 73, 72, 69, 68, 69, 73, 71, 73, 73, 68, 68,
    68, 71, 68, 71, 73, 69, 71, 69, 72, 69, 71, 70, 68, 69, 72, 72, 72,
    73, 71, 70, 69, 71, 73, 69, 73, 70, 73, 73, 73, 73, 73, 70, 71, 72,
    74 ]
