%YAML:1.0
---
videoName: "headNod34.mp4"
gestureLabel: 202
fps: 29
pixelSizeInCmTemp: 2.9567901234567900e-01
faceCenterPointX: 266
faceCenterPointY: 78
headPositionsX: [ 267, 269, 271, 269, 268, 269, 269, 267, 270, 266, 269,
    268, 271, 268, 271, 269, 271, 268, 272, 267, 268, 269, 267, 270, 270,
    270, 269, 271, 272, 269, 271, 267, 269, 269, 271, 269, 271, 271, 270,
    268, 271, 270, 271, 268, 272, 272, 268, 270, 268, 270, 271, 270, 267,
    270, 268, 267, 269, 272, 272, 271, 270, 272, 272, 270, 268, 272, 272,
    272, 269, 269, 267, 270, 269, 266, 267, 266, 266, 267, 268, 268, 265,
    266, 264, 264, 264, 265, 266, 265, 266, 266, 265, 264, 263, 266, 264,
    266, 264, 269, 267, 268 ]
headPositionsY: [ 76, 75, 78, 74, 77, 74, 75, 78, 78, 75, 78, 75, 75, 74,
    74, 77, 78, 76, 78, 77, 76, 74, 79, 76, 75, 77, 77, 78, 78, 76, 76,
    74, 78, 78, 75, 75, 74, 74, 71, 71, 73, 72, 76, 76, 82, 86, 89, 87,
    86, 85, 82, 75, 74, 74, 71, 71, 74, 79, 81, 80, 82, 81, 79, 78, 79,
    79, 78, 77, 77, 81, 83, 86, 84, 85, 82, 80, 77, 77, 76, 76, 81, 83,
    80, 86, 82, 80, 80, 81, 81, 79, 80, 79, 76, 79, 79, 82, 80, 78, 81,
    81 ]
