%YAML:1.0
---
videoName: "headNod40.mp4"
gestureLabel: 202
fps: 29
pixelSizeInCmTemp: 2.8511904761904761e-01
faceCenterPointX: 267
faceCenterPointY: 78
headPositionsX: [ 269, 269, 267, 265, 268, 268, 270, 267, 270, 267, 266,
    268, 267, 270, 268, 266, 265, 266, 270, 267, 269, 269, 266, 266, 267,
    270, 266, 270, 268, 270, 270, 269, 267, 267, 267, 268, 268, 268, 269,
    267, 268, 269, 265, 267, 265, 267, 263, 263, 268, 267, 267, 268, 266,
    266, 265, 265, 266, 264, 266, 266, 266, 267, 264, 264, 264, 265, 267,
    267, 269, 266, 268, 269, 268, 266, 266, 267, 266, 266, 269, 268, 269,
    269, 267, 268, 267, 266, 268, 267, 267, 267, 268, 268, 267, 265, 269,
    269, 265, 266, 269, 268 ]
headPositionsY: [ 76, 78, 74, 75, 77, 77, 78, 76, 78, 78, 75, 77, 78, 76,
    75, 77, 74, 73, 74, 75, 77, 75, 77, 76, 77, 77, 75, 75, 76, 77, 74,
    74, 74, 73, 75, 76, 75, 74, 77, 77, 83, 88, 90, 97, 94, 97, 92, 89,
    85, 84, 80, 79, 77, 67, 70, 69, 67, 71, 70, 76, 81, 85, 86, 88, 83,
    83, 78, 81, 76, 72, 76, 71, 70, 74, 74, 75, 82, 82, 81, 81, 81, 77,
    77, 78, 81, 78, 81, 80, 77, 78, 79, 78, 76, 75, 75, 76, 76, 75, 79,
    79 ]
