%YAML:1.0
---
videoName: "headLookRight6.mp4"
gestureLabel: 204
fps: 29
pixelSizeInCmTemp: 3.8015873015873014e-01
faceCenterPointX: 226
faceCenterPointY: 72
headPositionsX: [ 227, 250, 248, 247, 246, 249, 250, 251, 248, 249, 251,
    248, 248, 247, 249, 250, 249, 249, 248, 251, 248, 250, 251, 249, 251,
    248, 249, 253, 250, 253, 249, 251, 249, 250, 249, 248, 242, 239, 237,
    233, 230, 231, 227, 229, 228, 229, 224, 224, 223, 227, 225, 224, 229,
    225, 227, 227, 229, 228, 228, 228, 232, 225, 227, 224, 229, 224, 223,
    229, 231, 228, 225, 227, 227, 229, 228, 225, 227, 225, 225, 228, 225,
    229, 225, 225, 225, 225, 227, 229, 227, 225, 226, 225, 231, 225, 226,
    226, 223, 228, 228, 226 ]
headPositionsY: [ 72, 74, 70, 74, 71, 70, 73, 72, 71, 74, 74, 75, 73, 75,
    72, 75, 71, 74, 74, 77, 75, 75, 76, 72, 76, 75, 73, 76, 74, 74, 76,
    74, 75, 74, 74, 76, 74, 75, 71, 73, 73, 72, 72, 74, 74, 76, 73, 72,
    76, 74, 73, 68, 77, 72, 72, 73, 73, 77, 73, 75, 75, 74, 78, 72, 73,
    69, 72, 73, 75, 75, 75, 74, 75, 74, 74, 74, 74, 75, 72, 73, 75, 73,
    72, 73, 73, 73, 75, 73, 76, 75, 74, 72, 76, 73, 70, 73, 69, 76, 76,
    71 ]
