%YAML:1.0
---
videoName: "headNod42.mp4"
gestureLabel: 202
fps: 30
pixelSizeInCmTemp: 3.0316455696202532e-01
faceCenterPointX: 265
faceCenterPointY: 77
headPositionsX: [ 263, 266, 266, 268, 270, 269, 269, 271, 267, 267, 267,
    267, 267, 266, 269, 269, 268, 271, 267, 268, 266, 271, 270, 270, 269,
    268, 264, 268, 267, 268, 263, 266, 266, 264, 265, 264, 267, 268, 267,
    267, 266, 263, 267, 262, 264, 266, 266, 264, 265, 264, 264, 264, 267,
    266, 266, 266, 265, 263, 266, 266, 264, 267, 264, 264, 267, 266, 268,
    263, 265, 265, 267, 267, 268, 265, 265, 266, 268, 268, 268, 267, 267,
    266, 266, 268, 265, 266, 266, 266, 266, 264, 264, 263, 263, 267, 263,
    266, 265, 267, 266, 268 ]
headPositionsY: [ 78, 73, 75, 75, 75, 76, 74, 79, 78, 78, 77, 78, 76, 75,
    77, 69, 70, 66, 64, 66, 69, 67, 67, 74, 80, 84, 88, 90, 93, 92, 90,
    85, 81, 77, 78, 67, 67, 69, 67, 69, 76, 80, 82, 82, 84, 83, 81, 77,
    72, 71, 72, 71, 73, 74, 74, 79, 79, 83, 86, 85, 84, 80, 82, 77, 77,
    74, 72, 76, 75, 76, 73, 77, 82, 82, 78, 79, 74, 78, 76, 72, 74, 73,
    73, 75, 80, 80, 78, 81, 80, 81, 81, 80, 76, 79, 77, 78, 80, 75, 78,
    80 ]
