%YAML:1.0
---
videoName: "headShake46.mp4"
gestureLabel: 201
fps: 30
pixelSizeInCmTemp: 3.2364864864864862e-01
faceCenterPointX: 262
faceCenterPointY: 85
headPositionsX: [ 264, 259, 259, 259, 261, 260, 260, 259, 259, 260, 259,
    262, 261, 259, 262, 260, 261, 262, 260, 259, 260, 262, 262, 258, 260,
    259, 262, 257, 257, 259, 263, 267, 272, 274, 277, 277, 277, 273, 265,
    258, 253, 251, 252, 251, 256, 262, 266, 270, 271, 268, 263, 258, 255,
    253, 256, 260, 264, 265, 268, 267, 267, 264, 258, 259, 259, 260, 264,
    269, 270, 267, 266, 264, 265, 261, 260, 259, 259, 261, 264, 266, 265,
    265, 265, 260, 260, 260, 258, 259, 260, 263, 260, 262, 259, 260, 258,
    263, 263, 262, 263, 260 ]
headPositionsY: [ 85, 85, 86, 86, 84, 82, 83, 83, 83, 86, 86, 83, 86, 86,
    84, 84, 84, 85, 86, 86, 82, 86, 82, 85, 83, 85, 82, 84, 83, 86, 86,
    84, 81, 83, 83, 83, 85, 81, 87, 86, 86, 83, 87, 83, 84, 87, 83, 85,
    83, 83, 83, 86, 87, 87, 84, 85, 86, 86, 83, 84, 84, 83, 88, 83, 85,
    86, 84, 84, 87, 87, 85, 83, 87, 83, 86, 86, 86, 84, 82, 86, 87, 83,
    82, 85, 84, 86, 85, 83, 83, 82, 86, 83, 87, 86, 84, 87, 85, 86, 83,
    83 ]
