%YAML:1.0
---
videoName: "headNod13.mp4"
gestureLabel: 202
fps: 29
pixelSizeInCmTemp: 3.2364864864864862e-01
faceCenterPointX: 253
faceCenterPointY: 79
headPositionsX: [ 255, 251, 251, 252, 254, 253, 251, 254, 255, 253, 255,
    254, 253, 253, 255, 255, 256, 253, 253, 253, 254, 253, 254, 254, 256,
    256, 256, 255, 254, 255, 255, 256, 256, 252, 253, 256, 252, 252, 251,
    252, 251, 251, 254, 252, 252, 254, 253, 255, 251, 251, 254, 252, 252,
    253, 254, 256, 253, 254, 253, 251, 256, 254, 252, 252, 254, 254, 254,
    256, 254, 252, 256, 255, 256, 255, 257, 256, 254, 252, 256, 254, 256,
    254, 258, 254, 256, 256, 256, 256, 254, 256, 256, 255, 256, 255, 252,
    254, 254, 251, 253, 253 ]
headPositionsY: [ 81, 71, 71, 73, 71, 71, 74, 74, 75, 75, 72, 75, 73, 71,
    76, 73, 74, 73, 73, 72, 75, 75, 73, 73, 76, 73, 74, 72, 72, 74, 74,
    76, 74, 72, 75, 73, 76, 75, 75, 72, 75, 74, 73, 76, 75, 73, 75, 73,
    75, 71, 71, 68, 67, 65, 70, 68, 74, 76, 78, 78, 79, 78, 78, 78, 72,
    73, 70, 69, 68, 71, 71, 72, 76, 74, 77, 77, 80, 80, 77, 77, 72, 70,
    74, 74, 74, 76, 78, 80, 79, 78, 79, 79, 78, 82, 76, 78, 81, 80, 77,
    80 ]
