%YAML:1.0
---
videoName: "headShake36.mp4"
gestureLabel: 201
fps: 29
pixelSizeInCmTemp: 3.2364864864864862e-01
faceCenterPointX: 263
faceCenterPointY: 80
headPositionsX: [ 263, 265, 264, 262, 265, 262, 264, 267, 271, 271, 274,
    277, 279, 283, 280, 285, 286, 278, 281, 278, 275, 272, 268, 268, 260,
    259, 257, 252, 249, 250, 249, 245, 244, 246, 245, 247, 245, 248, 247,
    252, 257, 260, 263, 268, 270, 271, 274, 275, 278, 278, 279, 283, 281,
    276, 273, 275, 271, 266, 260, 257, 254, 254, 252, 249, 250, 251, 248,
    253, 249, 252, 254, 255, 259, 261, 263, 267, 267, 268, 266, 268, 268,
    269, 265, 264, 264, 267, 265, 267, 265, 267, 263, 264, 263, 262, 263,
    265, 262, 265, 264, 265 ]
headPositionsY: [ 82, 81, 80, 79, 81, 79, 80, 78, 81, 79, 76, 79, 79, 75,
    78, 76, 77, 79, 79, 79, 77, 79, 80, 82, 83, 83, 81, 81, 82, 79, 82,
    80, 81, 82, 79, 81, 81, 78, 81, 83, 82, 82, 83, 80, 77, 76, 82, 80,
    76, 76, 79, 78, 79, 81, 78, 81, 81, 82, 82, 78, 78, 81, 79, 80, 80,
    82, 78, 82, 78, 80, 81, 82, 80, 83, 80, 82, 82, 79, 78, 81, 80, 80,
    82, 77, 80, 81, 82, 82, 82, 81, 81, 81, 79, 81, 80, 80, 80, 81, 78,
    78 ]
