%YAML:1.0
---
videoName: "headShake43.mp4"
gestureLabel: 201
fps: 29
pixelSizeInCmTemp: 3.2808219178082193e-01
faceCenterPointX: 257
faceCenterPointY: 84
headPositionsX: [ 256, 259, 258, 258, 262, 260, 258, 261, 262, 261, 262,
    262, 259, 261, 260, 259, 262, 258, 258, 262, 261, 260, 259, 258, 263,
    261, 263, 267, 270, 269, 274, 276, 276, 277, 278, 284, 283, 276, 277,
    273, 268, 264, 262, 257, 251, 249, 246, 242, 245, 241, 246, 251, 255,
    260, 269, 272, 272, 274, 274, 274, 269, 265, 264, 258, 249, 248, 246,
    245, 242, 248, 247, 249, 254, 261, 265, 267, 266, 267, 271, 268, 267,
    267, 268, 264, 261, 262, 260, 257, 260, 259, 258, 255, 259, 256, 256,
    256, 255, 258, 256, 255 ]
headPositionsY: [ 85, 83, 87, 86, 83, 86, 83, 86, 86, 84, 86, 87, 85, 84,
    85, 86, 87, 83, 87, 86, 84, 84, 84, 83, 86, 86, 83, 87, 87, 83, 86,
    85, 81, 83, 83, 82, 84, 82, 84, 81, 86, 86, 86, 85, 85, 82, 81, 83,
    84, 86, 85, 86, 82, 87, 83, 82, 81, 83, 82, 83, 84, 84, 85, 86, 82,
    81, 82, 82, 84, 84, 82, 83, 85, 85, 84, 83, 82, 84, 83, 85, 84, 85,
    83, 84, 86, 83, 84, 84, 86, 83, 81, 85, 81, 83, 86, 84, 84, 83, 85,
    85 ]
