%YAML:1.0
---
videoName: "headShake26.mp4"
gestureLabel: 201
fps: 30
pixelSizeInCmTemp: 3.2808219178082193e-01
faceCenterPointX: 243
faceCenterPointY: 78
headPositionsX: [ 243, 238, 242, 242, 242, 241, 245, 245, 247, 247, 252,
    248, 249, 252, 253, 254, 251, 248, 245, 244, 243, 237, 233, 235, 230,
    229, 227, 231, 229, 230, 231, 237, 241, 243, 244, 247, 248, 252, 252,
    255, 256, 253, 251, 248, 246, 241, 241, 235, 231, 230, 228, 230, 227,
    228, 230, 233, 239, 239, 240, 249, 249, 250, 254, 255, 251, 252, 250,
    248, 249, 245, 247, 244, 243, 241, 236, 235, 237, 238, 235, 235, 236,
    240, 237, 239, 241, 243, 240, 243, 244, 241, 245, 244, 245, 245, 246,
    243, 246, 246, 244, 244 ]
headPositionsY: [ 76, 76, 75, 79, 76, 77, 80, 76, 77, 78, 78, 79, 78, 77,
    79, 79, 77, 76, 79, 76, 81, 79, 79, 75, 79, 77, 77, 77, 76, 76, 78,
    79, 75, 79, 80, 77, 79, 79, 78, 76, 78, 79, 76, 79, 79, 80, 77, 78,
    79, 76, 74, 73, 79, 77, 75, 77, 77, 76, 78, 76, 78, 77, 76, 75, 74,
    77, 80, 77, 79, 79, 79, 80, 76, 79, 78, 81, 79, 79, 77, 79, 76, 81,
    81, 81, 78, 79, 77, 80, 79, 79, 81, 77, 79, 78, 80, 77, 78, 76, 78,
    80 ]
