%YAML:1.0
---
videoName: "headShake3.mp4"
gestureLabel: 201
fps: 30
pixelSizeInCmTemp: 3.3263888888888887e-01
faceCenterPointX: 240
faceCenterPointY: 101
headPositionsX: [ 238, 241, 242, 239, 244, 242, 241, 240, 243, 239, 240,
    239, 242, 240, 240, 241, 241, 242, 240, 241, 240, 241, 240, 240, 243,
    240, 243, 241, 241, 240, 236, 239, 238, 244, 247, 248, 255, 253, 257,
    257, 253, 252, 250, 242, 237, 231, 228, 230, 229, 231, 231, 240, 244,
    248, 252, 249, 250, 248, 241, 236, 232, 227, 226, 226, 222, 227, 232,
    233, 240, 244, 243, 247, 245, 247, 244, 241, 242, 239, 235, 236, 234,
    233, 232, 236, 236, 234, 234, 237, 238, 238, 239, 240, 237, 239, 238,
    243, 239, 240, 240, 241 ]
headPositionsY: [ 101, 97, 101, 97, 98, 98, 100, 96, 100, 97, 97, 98,
    100, 97, 101, 100, 97, 101, 98, 99, 97, 98, 102, 100, 101, 99, 101,
    101, 100, 99, 96, 98, 98, 97, 97, 96, 95, 95, 100, 97, 99, 97, 101,
    98, 99, 97, 101, 97, 99, 97, 96, 100, 99, 98, 98, 100, 98, 100, 100,
    99, 98, 99, 99, 96, 95, 100, 98, 101, 101, 99, 100, 99, 99, 97, 98,
    100, 97, 102, 101, 102, 101, 99, 100, 101, 99, 102, 102, 102, 98,
    101, 100, 100, 98, 99, 101, 99, 103, 103, 99, 102 ]
