%YAML:1.0
---
videoName: "headNod26.mp4"
gestureLabel: 202
fps: 29
pixelSizeInCmTemp: 3.1513157894736843e-01
faceCenterPointX: 271
faceCenterPointY: 78
headPositionsX: [ 269, 271, 274, 273, 272, 274, 273, 273, 270, 273, 270,
    274, 274, 272, 273, 271, 275, 272, 272, 274, 270, 273, 275, 274, 272,
    274, 273, 273, 269, 271, 272, 271, 274, 270, 270, 272, 270, 274, 272,
    273, 272, 273, 273, 272, 270, 274, 273, 271, 269, 271, 271, 272, 271,
    270, 272, 273, 271, 273, 275, 271, 271, 271, 273, 272, 270, 272, 270,
    272, 271, 270, 273, 271, 269, 270, 270, 272, 269, 272, 270, 270, 268,
    273, 270, 269, 271, 270, 271, 269, 268, 272, 273, 271, 271, 269, 268,
    272, 269, 268, 271, 273 ]
headPositionsY: [ 79, 72, 72, 74, 72, 72, 72, 68, 66, 69, 66, 64, 67, 67,
    66, 69, 72, 69, 74, 77, 78, 84, 84, 82, 85, 81, 79, 73, 73, 71, 71,
    68, 68, 70, 70, 71, 75, 77, 80, 80, 79, 79, 80, 74, 74, 69, 69, 68,
    68, 68, 69, 73, 72, 74, 75, 79, 75, 75, 75, 73, 72, 68, 68, 67, 68,
    69, 69, 72, 69, 71, 74, 77, 75, 78, 75, 72, 74, 71, 70, 68, 70, 70,
    72, 70, 69, 75, 76, 75, 78, 81, 79, 78, 80, 80, 79, 75, 77, 80, 79,
    79 ]
