%YAML:1.0
---
videoName: "headLookRight7.mp4"
gestureLabel: 204
fps: 30
pixelSizeInCmTemp: 3.4710144927536229e-01
faceCenterPointX: 226
faceCenterPointY: 74
headPositionsX: [ 228, 252, 250, 252, 252, 251, 249, 249, 250, 249, 250,
    250, 249, 251, 249, 249, 247, 250, 248, 250, 250, 248, 250, 249, 251,
    251, 248, 246, 248, 244, 244, 242, 239, 239, 235, 232, 231, 229, 228,
    228, 225, 227, 224, 221, 223, 223, 223, 222, 223, 224, 222, 226, 222,
    225, 223, 223, 225, 224, 223, 226, 224, 221, 222, 220, 226, 224, 225,
    223, 222, 224, 218, 227, 224, 224, 222, 223, 225, 222, 222, 222, 223,
    224, 226, 223, 224, 222, 227, 224, 225, 224, 222, 223, 220, 224, 226,
    222, 222, 226, 225, 224 ]
headPositionsY: [ 75, 74, 75, 74, 72, 74, 75, 75, 74, 76, 73, 73, 75, 75,
    74, 73, 73, 73, 76, 73, 76, 77, 75, 75, 74, 77, 76, 74, 75, 75, 73,
    77, 73, 76, 76, 77, 74, 77, 76, 73, 75, 74, 74, 74, 75, 74, 74, 74,
    76, 72, 76, 76, 77, 76, 72, 74, 73, 71, 72, 76, 74, 70, 73, 74, 72,
    73, 74, 70, 71, 74, 80, 72, 71, 77, 75, 75, 73, 72, 76, 72, 72, 75,
    76, 78, 72, 75, 73, 73, 75, 74, 76, 74, 75, 74, 73, 74, 75, 77, 75,
    73 ]
