%YAML:1.0
---
videoName: "headShake33.mp4"
gestureLabel: 201
fps: 29
pixelSizeInCmTemp: 3.2364864864864862e-01
faceCenterPointX: 244
faceCenterPointY: 84
headPositionsX: [ 246, 243, 247, 244, 245, 244, 248, 247, 246, 243, 247,
    243, 243, 245, 245, 244, 243, 244, 247, 244, 245, 249, 247, 250, 253,
    253, 257, 260, 260, 260, 264, 262, 262, 259, 261, 256, 252, 249, 244,
    240, 235, 234, 233, 230, 227, 228, 224, 227, 228, 230, 233, 236, 239,
    243, 249, 254, 257, 258, 258, 258, 262, 257, 258, 258, 255, 249, 248,
    244, 241, 239, 236, 234, 233, 231, 234, 231, 230, 235, 234, 238, 237,
    236, 242, 242, 246, 247, 244, 248, 245, 246, 247, 246, 248, 245, 246,
    245, 243, 242, 246, 245 ]
headPositionsY: [ 85, 83, 84, 84, 82, 85, 82, 83, 85, 83, 85, 82, 85, 84,
    82, 83, 83, 83, 81, 81, 85, 84, 84, 81, 82, 83, 83, 83, 82, 81, 82,
    82, 82, 84, 83, 82, 82, 81, 84, 83, 82, 81, 81, 81, 82, 82, 79, 83,
    83, 82, 82, 83, 81, 82, 82, 84, 81, 81, 79, 78, 79, 84, 81, 82, 83,
    84, 84, 82, 83, 84, 85, 84, 80, 81, 81, 82, 80, 83, 81, 81, 83, 84,
    82, 81, 83, 83, 82, 81, 85, 82, 81, 86, 84, 85, 84, 85, 80, 81, 85,
    81 ]
