%YAML:1.0
---
videoName: "headShake40.mp4"
gestureLabel: 201
fps: 29
pixelSizeInCmTemp: 3.2808219178082193e-01
faceCenterPointX: 261
faceCenterPointY: 86
headPositionsX: [ 259, 261, 261, 262, 260, 260, 258, 261, 263, 259, 263,
    259, 263, 258, 262, 261, 260, 261, 263, 259, 262, 262, 263, 261, 262,
    258, 263, 260, 260, 260, 258, 256, 255, 252, 252, 255, 256, 260, 264,
    269, 273, 280, 280, 277, 277, 272, 270, 265, 257, 256, 251, 246, 248,
    249, 251, 250, 255, 262, 263, 266, 268, 270, 271, 269, 268, 262, 259,
    257, 256, 256, 257, 258, 261, 260, 261, 263, 264, 265, 267, 267, 264,
    262, 262, 262, 259, 259, 258, 257, 259, 259, 261, 257, 261, 260, 262,
    260, 261, 260, 261, 259 ]
headPositionsY: [ 88, 83, 82, 84, 83, 83, 82, 82, 84, 82, 82, 86, 83, 81,
    84, 82, 85, 82, 86, 82, 83, 84, 85, 82, 83, 84, 83, 85, 85, 83, 82,
    82, 85, 84, 82, 85, 84, 86, 84, 81, 79, 80, 82, 82, 78, 80, 85, 85,
    83, 84, 81, 85, 83, 83, 80, 83, 86, 84, 84, 84, 85, 81, 83, 85, 82,
    83, 84, 83, 84, 84, 84, 83, 84, 85, 84, 82, 85, 85, 81, 81, 85, 83,
    83, 86, 83, 85, 82, 84, 84, 85, 83, 87, 84, 86, 86, 83, 84, 86, 88,
    84 ]
