%YAML:1.0
---
videoName: "headShake48.mp4"
gestureLabel: 201
fps: 29
pixelSizeInCmTemp: 3.1103896103896100e-01
faceCenterPointX: 258
faceCenterPointY: 85
headPositionsX: [ 256, 258, 258, 258, 256, 257, 257, 259, 259, 259, 260,
    260, 260, 260, 258, 261, 257, 261, 262, 260, 258, 259, 261, 258, 261,
    260, 260, 258, 257, 259, 259, 258, 258, 261, 259, 263, 265, 271, 271,
    272, 275, 275, 273, 265, 260, 256, 252, 249, 245, 247, 254, 259, 263,
    268, 266, 270, 263, 261, 254, 253, 253, 248, 252, 258, 260, 264, 267,
    264, 266, 262, 256, 250, 249, 246, 248, 250, 256, 262, 264, 267, 268,
    266, 263, 262, 264, 260, 258, 262, 260, 260, 259, 257, 259, 259, 259,
    259, 259, 257, 261, 260 ]
headPositionsY: [ 86, 80, 81, 80, 76, 77, 80, 79, 80, 78, 80, 81, 79, 80,
    82, 79, 81, 82, 81, 79, 81, 80, 80, 81, 81, 81, 80, 79, 82, 82, 83,
    82, 80, 83, 81, 80, 80, 81, 83, 81, 82, 85, 84, 83, 86, 82, 81, 85,
    83, 84, 83, 86, 85, 85, 84, 85, 87, 87, 87, 87, 88, 86, 84, 86, 85,
    87, 86, 85, 89, 85, 89, 86, 84, 85, 86, 84, 86, 84, 87, 88, 84, 85,
    88, 88, 87, 85, 84, 87, 85, 88, 85, 84, 85, 83, 84, 87, 83, 87, 88,
    87 ]
