%YAML:1.0
---
videoName: "headNod49.mp4"
gestureLabel: 202
fps: 29
pixelSizeInCmTemp: 2.9207317073170730e-01
faceCenterPointX: 263
faceCenterPointY: 74
headPositionsX: [ 262, 266, 267, 264, 267, 267, 263, 264, 265, 264, 263,
    265, 264, 265, 266, 265, 262, 262, 262, 264, 265, 265, 262, 263, 263,
    265, 264, 263, 265, 265, 265, 264, 264, 262, 265, 266, 266, 264, 266,
    262, 262, 265, 263, 265, 264, 265, 261, 263, 264, 261, 262, 263, 261,
    264, 261, 264, 261, 263, 262, 263, 264, 264, 265, 264, 263, 266, 262,
    264, 262, 264, 265, 265, 264, 263, 263, 264, 262, 264, 263, 265, 262,
    262, 262, 265, 263, 260, 265, 264, 262, 262, 263, 261, 262, 263, 262,
    262, 261, 264, 262, 264 ]
headPositionsY: [ 76, 69, 73, 70, 69, 73, 70, 74, 75, 70, 73, 72, 70, 71,
    67, 68, 68, 66, 68, 69, 70, 72, 71, 73, 77, 75, 79, 78, 74, 74, 74,
    69, 71, 71, 69, 71, 71, 72, 76, 75, 78, 77, 77, 74, 77, 70, 74, 70,
    72, 71, 73, 75, 77, 77, 75, 75, 75, 75, 75, 76, 72, 75, 72, 73, 75,
    73, 73, 76, 80, 76, 78, 79, 74, 76, 76, 72, 74, 74, 74, 74, 75, 76,
    77, 75, 72, 76, 76, 76, 76, 73, 76, 76, 74, 76, 75, 73, 73, 75, 74,
    72 ]
