%YAML:1.0
---
videoName: "headShake38.mp4"
gestureLabel: 201
fps: 29
pixelSizeInCmTemp: 3.2808219178082193e-01
faceCenterPointX: 259
faceCenterPointY: 84
headPositionsX: [ 261, 263, 261, 261, 262, 263, 263, 264, 266, 261, 263,
    263, 262, 262, 265, 262, 261, 263, 265, 265, 266, 261, 265, 263, 264,
    261, 261, 263, 262, 260, 261, 264, 262, 262, 262, 261, 261, 265, 262,
    263, 262, 262, 260, 256, 252, 252, 249, 249, 250, 250, 258, 267, 275,
    276, 280, 273, 269, 263, 252, 249, 250, 250, 253, 261, 267, 270, 272,
    268, 267, 258, 255, 248, 247, 249, 248, 256, 257, 264, 267, 269, 270,
    268, 266, 266, 266, 264, 261, 262, 262, 261, 258, 258, 262, 259, 260,
    258, 261, 260, 258, 259 ]
headPositionsY: [ 82, 85, 84, 84, 81, 82, 85, 85, 83, 83, 83, 85, 81, 82,
    84, 81, 83, 83, 81, 85, 83, 81, 82, 82, 81, 86, 85, 85, 86, 81, 83,
    84, 84, 83, 84, 83, 85, 85, 82, 84, 84, 82, 84, 83, 82, 83, 83, 81,
    84, 86, 84, 84, 84, 82, 82, 82, 85, 85, 84, 83, 83, 81, 81, 83, 85,
    81, 86, 83, 86, 85, 84, 84, 85, 83, 85, 82, 82, 85, 85, 82, 84, 86,
    83, 87, 83, 87, 84, 84, 84, 84, 85, 85, 85, 82, 86, 82, 85, 87, 85,
    82 ]
