%YAML:1.0
---
videoName: "headShake32.mp4"
gestureLabel: 201
fps: 29
pixelSizeInCmTemp: 3.2808219178082193e-01
faceCenterPointX: 237
faceCenterPointY: 77
headPositionsX: [ 236, 236, 239, 238, 238, 238, 235, 236, 238, 237, 239,
    238, 238, 238, 241, 241, 239, 240, 240, 240, 239, 242, 240, 239, 239,
    242, 240, 243, 240, 239, 241, 241, 236, 237, 241, 241, 237, 239, 242,
    243, 243, 243, 246, 250, 251, 251, 248, 249, 251, 250, 249, 250, 245,
    244, 242, 238, 235, 234, 231, 233, 228, 227, 229, 226, 227, 229, 228,
    231, 232, 231, 234, 235, 243, 241, 247, 250, 247, 248, 249, 251, 248,
    245, 244, 245, 245, 241, 239, 238, 239, 238, 237, 238, 235, 238, 238,
    238, 238, 238, 237, 238 ]
headPositionsY: [ 77, 74, 73, 75, 74, 73, 73, 74, 72, 73, 75, 72, 72, 74,
    75, 72, 74, 76, 72, 71, 74, 75, 73, 73, 74, 76, 75, 72, 75, 76, 73,
    72, 72, 74, 75, 76, 76, 72, 72, 74, 75, 76, 75, 75, 71, 72, 73, 73,
    71, 74, 72, 74, 74, 75, 78, 78, 75, 75, 73, 78, 76, 74, 73, 76, 78,
    75, 74, 74, 77, 74, 78, 78, 74, 73, 76, 75, 73, 77, 76, 77, 78, 74,
    78, 79, 76, 77, 77, 77, 78, 77, 79, 76, 75, 75, 77, 76, 78, 78, 79,
    78 ]
