%YAML:1.0
---
videoName: "headNod16.mp4"
gestureLabel: 202
fps: 29
pixelSizeInCmTemp: 3.3263888888888887e-01
faceCenterPointX: 255
faceCenterPointY: 77
headPositionsX: [ 257, 261, 260, 259, 260, 258, 257, 261, 257, 259, 261,
    260, 259, 261, 260, 261, 257, 257, 258, 260, 257, 260, 261, 257, 260,
    256, 259, 258, 260, 259, 260, 259, 257, 256, 261, 259, 259, 259, 261,
    259, 258, 261, 259, 260, 262, 259, 258, 260, 257, 258, 256, 258, 256,
    258, 257, 259, 258, 257, 258, 255, 257, 258, 254, 257, 256, 257, 255,
    256, 257, 255, 254, 255, 253, 256, 254, 255, 252, 254, 255, 257, 253,
    254, 255, 255, 258, 253, 255, 253, 255, 257, 254, 254, 257, 254, 252,
    257, 258, 255, 253, 254 ]
headPositionsY: [ 76, 73, 74, 73, 73, 76, 75, 74, 74, 73, 76, 74, 74, 75,
    73, 76, 73, 76, 73, 74, 74, 72, 74, 76, 74, 73, 75, 73, 75, 74, 76,
    76, 77, 72, 75, 75, 69, 72, 69, 66, 70, 70, 73, 76, 76, 78, 83, 82,
    83, 77, 76, 75, 71, 70, 69, 68, 70, 73, 79, 81, 83, 83, 80, 81, 76,
    74, 73, 72, 70, 71, 70, 75, 75, 77, 82, 79, 81, 76, 73, 73, 72, 69,
    68, 69, 70, 72, 74, 76, 76, 75, 76, 77, 75, 78, 75, 76, 75, 74, 74,
    78 ]
