%YAML:1.0
---
videoName: "headNod12.mp4"
gestureLabel: 202
fps: 29
pixelSizeInCmTemp: 3.2808219178082193e-01
faceCenterPointX: 254
faceCenterPointY: 69
headPositionsX: [ 255, 254, 252, 253, 255, 252, 254, 254, 255, 257, 254,
    255, 253, 257, 257, 258, 255, 256, 256, 259, 255, 256, 256, 254, 256,
    254, 259, 257, 256, 255, 256, 254, 257, 253, 256, 254, 255, 257, 253,
    256, 256, 256, 256, 252, 255, 258, 254, 252, 256, 256, 253, 256, 252,
    252, 254, 252, 255, 253, 252, 255, 254, 256, 257, 254, 255, 256, 256,
    253, 256, 252, 252, 252, 255, 253, 256, 255, 256, 257, 252, 253, 253,
    257, 257, 254, 255, 252, 253, 255, 253, 255, 254, 253, 255, 254, 256,
    254, 255, 252, 254, 255 ]
headPositionsY: [ 68, 76, 73, 72, 70, 73, 75, 73, 75, 76, 76, 76, 72, 72,
    74, 72, 74, 72, 72, 72, 72, 71, 76, 74, 72, 73, 73, 76, 75, 74, 74,
    72, 74, 71, 71, 70, 68, 68, 65, 65, 64, 62, 62, 64, 66, 67, 66, 72,
    73, 76, 76, 77, 80, 79, 75, 73, 73, 68, 67, 65, 63, 63, 65, 66, 67,
    69, 68, 73, 74, 72, 74, 76, 77, 73, 71, 71, 67, 66, 68, 66, 64, 68,
    68, 64, 70, 68, 70, 71, 75, 72, 76, 72, 74, 74, 73, 69, 73, 72, 72,
    68 ]
