%YAML:1.0
---
videoName: "headNod31.mp4"
gestureLabel: 202
fps: 29
pixelSizeInCmTemp: 2.8855421686746985e-01
faceCenterPointX: 267
faceCenterPointY: 75
headPositionsX: [ 267, 272, 270, 268, 269, 271, 271, 269, 272, 269, 269,
    268, 270, 268, 270, 268, 266, 267, 269, 266, 266, 268, 269, 266, 266,
    267, 265, 264, 270, 268, 269, 267, 268, 271, 269, 270, 267, 271, 269,
    269, 268, 266, 268, 265, 267, 265, 270, 266, 266, 268, 266, 265, 265,
    267, 264, 264, 269, 266, 269, 267, 265, 265, 265, 264, 269, 266, 266,
    266, 267, 267, 266, 267, 267, 264, 265, 269, 268, 266, 265, 268, 270,
    266, 264, 267, 269, 264, 264, 269, 268, 265, 265, 266, 267, 267, 268,
    266, 268, 267, 267, 268 ]
headPositionsY: [ 74, 72, 73, 72, 72, 75, 74, 66, 68, 65, 66, 64, 68, 64,
    76, 80, 84, 84, 87, 87, 85, 81, 79, 77, 74, 70, 70, 71, 67, 68, 67,
    71, 75, 73, 79, 80, 86, 85, 87, 85, 85, 82, 81, 79, 75, 73, 72, 73,
    74, 80, 79, 83, 84, 82, 84, 81, 78, 73, 74, 69, 70, 70, 68, 70, 71,
    71, 76, 75, 77, 81, 80, 78, 77, 76, 76, 72, 73, 69, 72, 70, 75, 74,
    76, 79, 77, 74, 77, 77, 73, 76, 73, 74, 73, 77, 77, 74, 75, 74, 77,
    73 ]
