%YAML:1.0
---
videoName: "headLookUp1.mp4"
gestureLabel: 205
fps: 29
pixelSizeInCmTemp: 3.7421874999999999e-01
faceCenterPointX: 258
faceCenterPointY: 66
headPositionsX: [ 256, 256, 261, 257, 259, 257, 258, 259, 260, 261, 258,
    260, 260, 260, 256, 261, 260, 260, 258, 258, 260, 259, 257, 260, 261,
    259, 260, 262, 259, 258, 257, 258, 259, 258, 259, 257, 259, 260, 259,
    261, 260, 256, 258, 256, 260, 256, 257, 260, 261, 259, 258, 259, 256,
    257, 257, 256, 258, 255, 257, 258, 258, 258, 261, 257, 257, 259, 257,
    256, 258, 256, 258, 256, 262, 260, 258, 258, 260, 258, 259, 260, 259,
    257, 260, 260, 260, 261, 258, 257, 257, 257, 257, 259, 257, 257, 259,
    255, 257, 260, 255, 257 ]
headPositionsY: [ 64, 82, 79, 79, 83, 80, 81, 81, 82, 78, 79, 83, 84, 81,
    81, 83, 81, 79, 83, 82, 81, 80, 79, 82, 81, 80, 82, 81, 81, 79, 83,
    79, 83, 82, 82, 81, 81, 83, 78, 82, 78, 78, 76, 77, 74, 70, 70, 70,
    68, 66, 66, 67, 65, 66, 69, 61, 68, 66, 66, 64, 68, 65, 66, 67, 65,
    63, 64, 63, 64, 63, 66, 67, 65, 65, 65, 65, 65, 67, 66, 66, 66, 65,
    68, 67, 65, 69, 65, 66, 66, 65, 62, 70, 66, 65, 67, 64, 67, 66, 64,
    69 ]
