%YAML:1.0
---
videoName: "headNod21.mp4"
gestureLabel: 202
fps: 29
pixelSizeInCmTemp: 3.2808219178082193e-01
faceCenterPointX: 253
faceCenterPointY: 78
headPositionsX: [ 255, 258, 254, 254, 256, 254, 256, 254, 257, 257, 256,
    256, 253, 255, 257, 255, 254, 255, 253, 254, 254, 254, 254, 254, 255,
    253, 253, 254, 258, 252, 258, 257, 255, 258, 254, 255, 253, 255, 257,
    258, 255, 256, 254, 255, 257, 253, 254, 254, 256, 253, 253, 254, 254,
    254, 254, 256, 256, 253, 254, 251, 253, 253, 251, 253, 250, 251, 252,
    249, 250, 254, 250, 253, 251, 248, 251, 252, 251, 249, 250, 252, 249,
    251, 249, 253, 250, 250, 251, 253, 253, 254, 253, 251, 255, 252, 256,
    256, 256, 254, 253, 256 ]
headPositionsY: [ 80, 81, 78, 78, 80, 78, 76, 80, 77, 79, 80, 77, 79, 77,
    79, 81, 77, 79, 78, 80, 78, 76, 77, 81, 82, 81, 79, 77, 80, 80, 82,
    85, 82, 80, 79, 79, 77, 73, 75, 79, 81, 82, 85, 84, 82, 79, 77, 79,
    77, 76, 82, 81, 84, 84, 84, 83, 80, 78, 79, 79, 78, 82, 80, 82, 82,
    82, 78, 76, 75, 75, 78, 80, 81, 80, 80, 82, 83, 80, 81, 78, 75, 79,
    76, 79, 81, 79, 78, 77, 79, 79, 79, 79, 76, 77, 76, 78, 80, 80, 79,
    77 ]
