%YAML:1.0
---
videoName: "headNod21.mp4"
gestureLabel: 202
fps: 29
pixelSizeInCmTemp: 3.2808219178082193e-01
faceCenterPointX: 253
faceCenterPointY: 78
headPositionsX: [ 251, 256, 253, 253, 256, 253, 256, 257, 254, 254, 255,
    253, 253, 253, 257, 255, 257, 254, 252, 256, 253, 253, 256, 255, 255,
    254, 254, 255, 258, 252, 256, 258, 255, 255, 258, 256, 254, 254, 254,
    257, 255, 255, 254, 256, 256, 257, 253, 256, 255, 255, 254, 256, 254,
    255, 255, 254, 252, 254, 252, 252, 254, 252, 252, 253, 254, 253, 251,
    252, 252, 252, 253, 253, 251, 249, 251, 252, 248, 249, 250, 252, 252,
    250, 252, 250, 249, 252, 253, 252, 254, 251, 255, 252, 252, 252, 254,
    253, 254, 252, 252, 255 ]
headPositionsY: [ 78, 80, 78, 80, 80, 77, 76, 79, 81, 79, 79, 79, 77, 76,
    80, 77, 80, 77, 77, 79, 76, 78, 79, 81, 81, 78, 82, 80, 79, 81, 81,
    83, 82, 80, 79, 77, 74, 76, 75, 80, 81, 83, 83, 82, 80, 81, 76, 77,
    77, 79, 80, 82, 83, 81, 84, 80, 79, 75, 77, 78, 80, 80, 81, 84, 81,
    79, 80, 80, 77, 77, 77, 77, 81, 82, 84, 83, 79, 80, 80, 76, 75, 77,
    78, 78, 79, 79, 82, 78, 79, 77, 80, 77, 80, 80, 79, 80, 80, 78, 81,
    79 ]
