%YAML:1.0
---
videoName: "headShake36.mp4"
gestureLabel: 201
fps: 29
pixelSizeInCmTemp: 3.2364864864864862e-01
faceCenterPointX: 263
faceCenterPointY: 80
headPositionsX: [ 264, 265, 263, 262, 264, 265, 264, 265, 268, 273, 276,
    277, 276, 282, 281, 283, 283, 281, 281, 277, 274, 272, 267, 265, 261,
    261, 258, 251, 253, 248, 245, 245, 248, 246, 248, 243, 249, 250, 251,
    254, 255, 259, 264, 270, 269, 273, 274, 275, 279, 280, 281, 282, 279,
    277, 274, 275, 268, 268, 264, 259, 255, 252, 252, 251, 248, 251, 249,
    251, 251, 252, 253, 258, 261, 262, 263, 263, 266, 264, 266, 266, 269,
    266, 268, 267, 266, 263, 266, 267, 263, 264, 266, 264, 265, 261, 264,
    261, 262, 264, 265, 265 ]
headPositionsY: [ 82, 81, 78, 79, 81, 81, 77, 78, 78, 76, 79, 77, 76, 76,
    74, 76, 78, 77, 76, 78, 78, 82, 81, 80, 83, 81, 81, 77, 78, 78, 82,
    79, 81, 82, 80, 82, 79, 82, 83, 82, 81, 83, 80, 79, 77, 76, 81, 79,
    76, 76, 77, 78, 78, 81, 80, 80, 83, 81, 83, 82, 79, 81, 77, 78, 80,
    82, 77, 78, 77, 77, 79, 81, 80, 79, 80, 83, 79, 81, 82, 80, 82, 80,
    78, 79, 83, 79, 80, 82, 79, 79, 81, 81, 80, 80, 79, 82, 79, 82, 79,
    78 ]
