%YAML:1.0
---
videoName: "headShake35.mp4"
gestureLabel: 201
fps: 29
pixelSizeInCmTemp: 3.2364864864864862e-01
faceCenterPointX: 267
faceCenterPointY: 82
headPositionsX: [ 267, 268, 265, 267, 265, 268, 267, 268, 266, 268, 266,
    266, 269, 267, 266, 268, 269, 268, 267, 266, 266, 266, 266, 270, 267,
    268, 266, 266, 267, 271, 266, 267, 270, 267, 270, 267, 268, 270, 266,
    270, 270, 268, 265, 270, 269, 266, 267, 266, 268, 268, 269, 265, 268,
    269, 269, 268, 266, 266, 265, 267, 269, 268, 266, 269, 274, 275, 280,
    279, 280, 279, 277, 272, 265, 262, 260, 256, 262, 262, 267, 271, 272,
    278, 275, 273, 268, 265, 265, 261, 263, 260, 261, 262, 263, 268, 265,
    269, 265, 269, 266, 268 ]
headPositionsY: [ 82, 80, 78, 79, 82, 81, 79, 81, 78, 82, 79, 79, 79, 81,
    78, 80, 78, 82, 82, 81, 79, 78, 78, 82, 78, 78, 80, 78, 81, 81, 78,
    78, 81, 78, 79, 81, 81, 80, 81, 78, 82, 80, 81, 79, 80, 78, 83, 81,
    78, 79, 79, 78, 83, 82, 82, 82, 79, 80, 80, 79, 82, 83, 81, 80, 81,
    80, 79, 82, 79, 82, 80, 79, 79, 81, 80, 79, 80, 83, 80, 82, 82, 80,
    82, 84, 84, 83, 80, 79, 80, 82, 83, 79, 81, 82, 83, 79, 79, 80, 80,
    81 ]
