%YAML:1.0
---
videoName: "headShake42.mp4"
gestureLabel: 201
fps: 29
pixelSizeInCmTemp: 3.2808219178082193e-01
faceCenterPointX: 257
faceCenterPointY: 85
headPositionsX: [ 257, 273, 274, 274, 275, 278, 279, 274, 275, 273, 270,
    270, 269, 264, 261, 254, 251, 248, 245, 243, 244, 243, 242, 245, 243,
    246, 245, 252, 253, 261, 262, 265, 270, 276, 277, 281, 278, 280, 276,
    277, 274, 269, 267, 266, 260, 258, 254, 253, 250, 247, 246, 243, 244,
    246, 247, 248, 250, 249, 253, 254, 258, 263, 262, 266, 267, 269, 265,
    270, 266, 269, 268, 269, 268, 265, 262, 265, 260, 259, 259, 260, 259,
    255, 257, 257, 257, 258, 254, 254, 256, 256, 255, 256, 256, 257, 257,
    258, 256, 255, 256, 255 ]
headPositionsY: [ 84, 83, 81, 81, 81, 81, 84, 83, 83, 82, 82, 83, 85, 86,
    86, 81, 86, 83, 82, 83, 83, 86, 85, 83, 85, 85, 82, 87, 85, 84, 85,
    83, 82, 80, 82, 81, 82, 85, 84, 82, 84, 88, 87, 86, 85, 87, 86, 84,
    87, 86, 85, 87, 84, 85, 84, 85, 85, 85, 84, 85, 85, 83, 85, 84, 86,
    86, 85, 84, 87, 86, 85, 85, 85, 85, 86, 88, 86, 85, 87, 83, 85, 86,
    83, 83, 87, 84, 87, 85, 83, 85, 84, 84, 83, 83, 84, 87, 83, 85, 82,
    84 ]
