%YAML:1.0
---
videoName: "headShake11.mp4"
gestureLabel: 201
fps: 29
pixelSizeInCmTemp: 3.2364864864864862e-01
faceCenterPointX: 244
faceCenterPointY: 76
headPositionsX: [ 242, 240, 239, 243, 244, 240, 243, 244, 244, 241, 242,
    243, 240, 241, 241, 243, 243, 242, 240, 240, 243, 242, 244, 242, 243,
    242, 242, 243, 247, 251, 253, 257, 259, 260, 262, 264, 260, 259, 255,
    248, 244, 237, 236, 229, 226, 225, 227, 229, 232, 239, 244, 252, 255,
    257, 259, 258, 255, 251, 249, 243, 240, 235, 232, 230, 229, 230, 235,
    238, 244, 246, 254, 257, 259, 260, 255, 256, 252, 249, 244, 242, 238,
    235, 236, 233, 234, 236, 241, 240, 245, 246, 249, 250, 250, 246, 246,
    245, 245, 247, 243, 246 ]
headPositionsY: [ 76, 70, 72, 73, 70, 73, 73, 73, 73, 71, 72, 72, 71, 73,
    72, 73, 71, 75, 75, 74, 74, 75, 74, 72, 72, 74, 73, 72, 74, 74, 74,
    74, 73, 72, 71, 74, 74, 75, 74, 73, 72, 76, 74, 72, 76, 74, 74, 73,
    73, 77, 74, 72, 72, 75, 75, 72, 71, 75, 75, 76, 77, 74, 76, 74, 74,
    74, 74, 75, 73, 74, 76, 71, 75, 71, 75, 72, 75, 73, 74, 72, 76, 74,
    74, 73, 76, 72, 73, 74, 73, 77, 73, 75, 72, 76, 74, 75, 76, 77, 73,
    76 ]
