%YAML:1.0
---
videoName: "headShake11.mp4"
gestureLabel: 201
fps: 29
pixelSizeInCmTemp: 3.2364864864864862e-01
faceCenterPointX: 244
faceCenterPointY: 76
headPositionsX: [ 242, 240, 243, 240, 244, 242, 244, 240, 244, 241, 242,
    242, 241, 241, 242, 243, 240, 240, 243, 244, 243, 243, 242, 243, 240,
    242, 242, 245, 248, 248, 253, 259, 259, 259, 262, 262, 262, 257, 254,
    251, 243, 236, 233, 230, 225, 227, 230, 229, 235, 242, 247, 248, 256,
    256, 259, 260, 256, 255, 251, 246, 239, 235, 231, 232, 231, 233, 237,
    237, 241, 250, 251, 253, 257, 260, 258, 254, 251, 250, 246, 238, 237,
    234, 233, 235, 237, 235, 242, 243, 243, 245, 245, 249, 250, 246, 246,
    245, 246, 247, 243, 245 ]
headPositionsY: [ 75, 70, 70, 74, 70, 72, 75, 70, 71, 73, 75, 72, 75, 72,
    72, 74, 71, 75, 74, 72, 75, 71, 74, 74, 75, 73, 71, 71, 70, 71, 70,
    72, 70, 73, 71, 70, 72, 75, 74, 76, 74, 72, 74, 72, 75, 75, 74, 72,
    75, 73, 77, 74, 73, 71, 72, 71, 72, 72, 77, 74, 78, 74, 76, 74, 76,
    74, 77, 73, 73, 75, 76, 72, 74, 70, 76, 75, 72, 77, 75, 74, 77, 73,
    76, 74, 75, 74, 76, 74, 74, 74, 74, 74, 73, 75, 76, 77, 75, 75, 77,
    76 ]
