%YAML:1.0
---
videoName: "headShake5.mp4"
gestureLabel: 201
fps: 30
pixelSizeInCmTemp: 3.3263888888888887e-01
faceCenterPointX: 275
faceCenterPointY: 73
headPositionsX: [ 274, 275, 280, 278, 277, 279, 279, 278, 280, 277, 277,
    280, 278, 278, 277, 279, 277, 279, 276, 280, 278, 277, 278, 277, 279,
    276, 279, 278, 277, 276, 278, 275, 281, 280, 281, 285, 290, 295, 297,
    295, 294, 291, 292, 287, 277, 272, 267, 264, 263, 262, 268, 276, 281,
    288, 290, 289, 287, 283, 278, 272, 270, 264, 264, 265, 266, 269, 273,
    282, 284, 282, 283, 281, 281, 279, 272, 269, 268, 267, 265, 269, 269,
    273, 274, 276, 281, 283, 283, 283, 283, 279, 278, 279, 279, 274, 273,
    276, 277, 274, 273, 277 ]
headPositionsY: [ 72, 74, 75, 71, 73, 74, 72, 75, 75, 74, 75, 73, 72, 74,
    75, 74, 74, 73, 71, 75, 73, 73, 74, 74, 72, 71, 75, 74, 75, 74, 73,
    73, 73, 74, 75, 75, 72, 71, 75, 73, 72, 74, 70, 75, 76, 76, 75, 73,
    71, 74, 74, 74, 76, 76, 72, 71, 76, 74, 75, 77, 76, 74, 76, 75, 76,
    76, 74, 72, 72, 73, 75, 73, 76, 73, 72, 72, 72, 74, 71, 73, 72, 72,
    72, 70, 71, 73, 73, 72, 71, 71, 71, 74, 73, 73, 73, 73, 73, 72, 75,
    74 ]
