%YAML:1.0
---
videoName: "headShake17.mp4"
gestureLabel: 201
fps: 29
pixelSizeInCmTemp: 3.3263888888888887e-01
faceCenterPointX: 242
faceCenterPointY: 76
headPositionsX: [ 241, 238, 236, 238, 239, 239, 240, 244, 244, 248, 249,
    255, 259, 256, 256, 256, 252, 248, 244, 239, 237, 233, 229, 227, 225,
    228, 227, 230, 234, 241, 242, 247, 252, 252, 252, 255, 255, 253, 249,
    247, 241, 241, 236, 233, 231, 230, 230, 234, 233, 235, 239, 238, 243,
    241, 246, 246, 243, 246, 246, 243, 241, 242, 243, 239, 241, 239, 239,
    241, 240, 239, 238, 241, 242, 241, 239, 243, 241, 240, 239, 241, 239,
    239, 242, 243, 241, 241, 243, 240, 242, 239, 240, 244, 239, 240, 241,
    241, 243, 241, 240, 242 ]
headPositionsY: [ 74, 74, 73, 78, 78, 76, 75, 77, 76, 74, 76, 76, 76, 76,
    76, 78, 75, 74, 75, 76, 76, 77, 75, 77, 74, 79, 78, 78, 75, 75, 74,
    78, 77, 73, 73, 74, 76, 75, 77, 80, 76, 76, 77, 76, 77, 77, 75, 77,
    75, 76, 78, 75, 78, 79, 75, 76, 75, 76, 76, 79, 75, 76, 79, 78, 77,
    75, 78, 77, 76, 77, 77, 74, 75, 74, 74, 74, 77, 77, 78, 77, 76, 74,
    75, 77, 77, 77, 76, 75, 78, 76, 75, 78, 78, 78, 78, 74, 76, 75, 78,
    76 ]
