%YAML:1.0
---
videoName: "headShake3.mp4"
gestureLabel: 201
fps: 30
pixelSizeInCmTemp: 3.3263888888888887e-01
faceCenterPointX: 240
faceCenterPointY: 101
headPositionsX: [ 238, 242, 240, 240, 240, 240, 242, 239, 240, 241, 243,
    243, 242, 240, 241, 243, 241, 240, 240, 240, 240, 243, 243, 242, 239,
    243, 239, 240, 242, 241, 236, 241, 239, 243, 244, 248, 252, 256, 254,
    258, 256, 253, 248, 243, 236, 232, 228, 229, 229, 233, 235, 240, 243,
    247, 250, 251, 251, 246, 243, 239, 234, 227, 228, 224, 223, 225, 229,
    236, 241, 241, 245, 246, 246, 247, 246, 240, 240, 235, 236, 233, 234,
    234, 234, 235, 235, 235, 235, 235, 241, 238, 241, 238, 239, 242, 240,
    243, 241, 240, 242, 242 ]
headPositionsY: [ 103, 99, 99, 97, 100, 96, 98, 97, 97, 100, 100, 96, 99,
    99, 97, 100, 98, 99, 101, 97, 100, 100, 99, 101, 100, 97, 100, 101,
    96, 97, 96, 101, 97, 97, 100, 96, 99, 98, 99, 97, 98, 96, 101, 100,
    101, 99, 100, 100, 98, 97, 98, 100, 98, 96, 96, 98, 98, 98, 98, 98,
    97, 100, 97, 98, 98, 98, 96, 98, 100, 98, 101, 98, 98, 98, 99, 99,
    100, 101, 97, 101, 102, 99, 98, 102, 99, 100, 98, 99, 100, 99, 99,
    102, 100, 99, 101, 100, 99, 102, 103, 100 ]
