%YAML:1.0
---
videoName: "headNod7.mp4"
gestureLabel: 202
fps: 29
pixelSizeInCmTemp: 3.2808219178082193e-01
faceCenterPointX: 261
faceCenterPointY: 71
headPositionsX: [ 260, 268, 267, 263, 265, 265, 265, 263, 264, 265, 263,
    265, 264, 266, 263, 263, 263, 261, 262, 260, 260, 263, 263, 262, 263,
    263, 260, 263, 262, 261, 262, 263, 262, 263, 261, 263, 264, 260, 259,
    263, 263, 261, 261, 264, 263, 263, 260, 264, 260, 260, 264, 260, 260,
    264, 261, 262, 263, 264, 262, 262, 263, 263, 263, 260, 260, 259, 259,
    261, 259, 258, 258, 259, 259, 261, 259, 261, 261, 259, 264, 261, 261,
    262, 261, 262, 264, 264, 259, 262, 261, 263, 262, 260, 260, 263, 264,
    261, 261, 260, 263, 263 ]
headPositionsY: [ 72, 75, 74, 75, 73, 71, 76, 71, 74, 73, 72, 71, 74, 75,
    72, 75, 72, 73, 77, 75, 76, 73, 77, 75, 74, 75, 75, 74, 74, 77, 78,
    75, 75, 75, 74, 73, 73, 74, 73, 75, 77, 74, 78, 74, 77, 78, 77, 75,
    75, 69, 68, 70, 69, 72, 74, 76, 79, 79, 82, 79, 76, 71, 71, 68, 71,
    72, 75, 79, 77, 80, 77, 77, 72, 72, 73, 68, 69, 69, 71, 72, 74, 76,
    78, 79, 79, 78, 77, 76, 74, 73, 70, 73, 72, 68, 72, 73, 73, 71, 71,
    71 ]
