%YAML:1.0
---
videoName: "headShake17.mp4"
gestureLabel: 201
fps: 29
pixelSizeInCmTemp: 3.3263888888888887e-01
faceCenterPointX: 242
faceCenterPointY: 76
headPositionsX: [ 242, 240, 237, 237, 239, 238, 240, 242, 243, 246, 253,
    252, 259, 260, 257, 258, 254, 251, 245, 240, 237, 235, 227, 225, 224,
    227, 229, 232, 237, 240, 246, 245, 249, 252, 253, 254, 251, 254, 246,
    247, 241, 241, 239, 233, 233, 230, 229, 232, 236, 236, 239, 241, 241,
    244, 242, 245, 247, 244, 247, 244, 241, 240, 241, 241, 241, 239, 242,
    240, 238, 240, 237, 243, 238, 239, 239, 241, 241, 241, 243, 241, 242,
    240, 240, 239, 242, 242, 239, 239, 242, 241, 243, 244, 242, 242, 242,
    240, 240, 241, 243, 243 ]
headPositionsY: [ 74, 75, 76, 76, 77, 78, 78, 78, 75, 76, 74, 74, 74, 75,
    73, 77, 75, 77, 75, 75, 75, 78, 75, 76, 77, 76, 77, 75, 75, 79, 77,
    76, 75, 76, 72, 76, 77, 78, 76, 78, 78, 79, 80, 77, 77, 74, 74, 77,
    77, 79, 78, 75, 76, 75, 79, 78, 74, 78, 75, 78, 74, 77, 76, 78, 74,
    75, 76, 74, 76, 79, 74, 78, 78, 75, 74, 75, 76, 73, 79, 78, 75, 78,
    79, 75, 78, 74, 78, 74, 74, 78, 75, 75, 74, 77, 78, 77, 77, 75, 78,
    78 ]
