%YAML:1.0
---
videoName: "headShake26.mp4"
gestureLabel: 201
fps: 30
pixelSizeInCmTemp: 3.2808219178082193e-01
faceCenterPointX: 243
faceCenterPointY: 78
headPositionsX: [ 243, 242, 240, 239, 238, 242, 242, 247, 245, 246, 252,
    250, 249, 253, 252, 252, 249, 246, 247, 245, 243, 237, 233, 233, 231,
    228, 230, 232, 232, 229, 233, 234, 239, 240, 244, 248, 247, 250, 254,
    251, 252, 250, 250, 250, 246, 241, 241, 237, 235, 228, 228, 231, 228,
    229, 232, 235, 237, 237, 243, 249, 246, 248, 254, 251, 254, 250, 249,
    251, 249, 245, 244, 244, 239, 242, 237, 235, 238, 235, 237, 234, 237,
    237, 236, 239, 241, 239, 241, 243, 244, 243, 244, 245, 243, 242, 246,
    241, 244, 245, 243, 242 ]
headPositionsY: [ 78, 78, 79, 79, 74, 77, 80, 75, 78, 79, 77, 79, 75, 78,
    75, 80, 78, 77, 78, 77, 79, 78, 75, 79, 75, 77, 74, 76, 78, 79, 76,
    77, 75, 79, 76, 77, 75, 79, 76, 75, 76, 79, 79, 76, 80, 79, 79, 77,
    75, 80, 76, 74, 75, 75, 75, 78, 78, 80, 78, 80, 76, 77, 78, 75, 78,
    78, 80, 77, 77, 78, 78, 77, 77, 81, 81, 79, 78, 76, 76, 78, 80, 78,
    81, 78, 76, 79, 80, 79, 79, 78, 79, 80, 77, 78, 80, 81, 78, 79, 78,
    80 ]
