%YAML:1.0
---
videoName: "headShake6.mp4"
gestureLabel: 201
fps: 29
pixelSizeInCmTemp: 3.2808219178082193e-01
faceCenterPointX: 244
faceCenterPointY: 68
headPositionsX: [ 246, 243, 243, 245, 246, 244, 246, 244, 245, 243, 247,
    245, 245, 245, 246, 247, 246, 244, 244, 247, 246, 244, 244, 243, 244,
    247, 243, 249, 247, 252, 256, 258, 261, 264, 264, 262, 256, 250, 248,
    242, 237, 233, 229, 233, 235, 240, 242, 251, 252, 256, 260, 259, 257,
    253, 248, 243, 238, 232, 230, 229, 231, 236, 238, 243, 248, 248, 250,
    254, 250, 248, 244, 245, 244, 241, 239, 241, 240, 240, 237, 240, 241,
    240, 245, 241, 245, 245, 246, 245, 246, 242, 244, 242, 245, 246, 244,
    244, 245, 245, 244, 242 ]
headPositionsY: [ 69, 69, 64, 69, 64, 65, 66, 66, 68, 67, 64, 66, 67, 64,
    66, 63, 65, 66, 68, 68, 68, 64, 67, 66, 67, 65, 68, 66, 66, 66, 68,
    63, 66, 66, 68, 65, 64, 68, 66, 70, 67, 69, 69, 66, 67, 67, 68, 70,
    66, 68, 68, 69, 69, 66, 70, 67, 66, 66, 70, 68, 69, 66, 67, 69, 70,
    68, 66, 70, 65, 67, 67, 68, 69, 66, 68, 70, 69, 67, 70, 66, 66, 67,
    70, 69, 68, 66, 71, 70, 67, 67, 68, 69, 67, 67, 70, 66, 70, 71, 68,
    68 ]
