%YAML:1.0
---
videoName: "headNod6.mp4"
gestureLabel: 202
fps: 29
pixelSizeInCmTemp: 3.1513157894736843e-01
faceCenterPointX: 262
faceCenterPointY: 73
headPositionsX: [ 262, 262, 262, 263, 260, 260, 263, 261, 262, 261, 264,
    262, 261, 263, 263, 265, 264, 262, 264, 263, 261, 263, 260, 264, 263,
    263, 260, 264, 261, 260, 262, 264, 263, 265, 261, 262, 261, 261, 265,
    263, 265, 264, 260, 264, 261, 263, 261, 261, 260, 262, 261, 260, 260,
    263, 263, 263, 260, 258, 259, 262, 258, 259, 260, 262, 262, 260, 260,
    259, 261, 258, 263, 259, 262, 263, 263, 263, 260, 262, 262, 262, 259,
    260, 262, 262, 263, 261, 262, 260, 263, 262, 262, 260, 264, 260, 262,
    263, 263, 261, 261, 262 ]
headPositionsY: [ 72, 71, 75, 73, 75, 74, 74, 75, 74, 74, 75, 75, 73, 75,
    73, 75, 74, 71, 75, 73, 71, 74, 75, 74, 74, 74, 72, 73, 72, 75, 75,
    76, 71, 69, 68, 65, 67, 64, 67, 71, 74, 79, 79, 84, 82, 82, 78, 73,
    67, 68, 65, 71, 72, 74, 79, 84, 85, 83, 77, 75, 69, 70, 70, 69, 70,
    72, 77, 79, 82, 79, 78, 76, 72, 69, 68, 64, 64, 65, 70, 76, 81, 85,
    83, 82, 79, 81, 74, 72, 72, 71, 68, 68, 68, 73, 71, 71, 70, 75, 72,
    71 ]
