%YAML:1.0
---
videoName: "headShake39.mp4"
gestureLabel: 201
fps: 29
pixelSizeInCmTemp: 3.1933333333333330e-01
faceCenterPointX: 263
faceCenterPointY: 83
headPositionsX: [ 262, 260, 260, 260, 260, 260, 264, 260, 261, 260, 261,
    260, 259, 259, 261, 261, 261, 259, 259, 260, 258, 261, 258, 255, 251,
    248, 250, 243, 241, 241, 242, 242, 246, 250, 255, 263, 266, 270, 277,
    280, 279, 278, 275, 273, 262, 259, 252, 247, 248, 247, 246, 250, 253,
    254, 263, 270, 274, 276, 277, 281, 278, 273, 269, 265, 260, 254, 252,
    249, 249, 249, 252, 252, 253, 253, 258, 257, 263, 263, 266, 263, 267,
    265, 266, 265, 266, 268, 264, 264, 262, 263, 263, 265, 261, 263, 262,
    262, 262, 263, 262, 264 ]
headPositionsY: [ 84, 84, 81, 83, 83, 82, 84, 82, 84, 81, 82, 81, 82, 84,
    85, 81, 85, 82, 83, 85, 85, 81, 81, 84, 83, 82, 84, 84, 82, 83, 81,
    82, 82, 84, 81, 82, 82, 81, 79, 78, 80, 79, 79, 82, 84, 85, 81, 81,
    81, 82, 84, 82, 83, 83, 83, 81, 81, 79, 81, 78, 79, 80, 81, 84, 83,
    84, 78, 79, 81, 81, 78, 79, 78, 79, 82, 81, 83, 80, 82, 84, 82, 81,
    80, 80, 84, 84, 81, 85, 80, 82, 85, 83, 85, 81, 82, 85, 83, 82, 83,
    83 ]
