%YAML:1.0
---
videoName: "headShake22.mp4"
gestureLabel: 201
fps: 29
pixelSizeInCmTemp: 3.2364864864864862e-01
faceCenterPointX: 241
faceCenterPointY: 79
headPositionsX: [ 243, 240, 244, 243, 244, 243, 243, 241, 245, 242, 241,
    245, 243, 241, 241, 243, 241, 244, 241, 242, 241, 241, 244, 242, 243,
    240, 240, 240, 240, 243, 243, 243, 245, 244, 241, 244, 242, 244, 240,
    245, 241, 240, 240, 243, 240, 242, 242, 239, 244, 241, 240, 243, 240,
    241, 243, 242, 240, 241, 241, 243, 244, 244, 242, 241, 240, 238, 243,
    243, 244, 249, 253, 252, 258, 253, 254, 250, 244, 244, 239, 236, 235,
    239, 239, 240, 243, 245, 246, 243, 242, 244, 241, 243, 239, 242, 240,
    241, 239, 241, 241, 239 ]
headPositionsY: [ 79, 75, 75, 76, 75, 77, 78, 78, 76, 77, 75, 75, 77, 74,
    74, 74, 77, 77, 78, 75, 78, 77, 78, 78, 76, 74, 78, 76, 76, 74, 76,
    78, 77, 78, 77, 76, 75, 78, 77, 75, 79, 73, 77, 78, 74, 77, 77, 78,
    74, 76, 75, 74, 77, 75, 76, 77, 78, 79, 75, 77, 76, 77, 76, 75, 75,
    77, 75, 75, 77, 74, 78, 73, 77, 73, 75, 78, 79, 76, 76, 76, 78, 75,
    77, 75, 78, 78, 77, 79, 80, 78, 77, 79, 79, 76, 77, 77, 80, 76, 79,
    77 ]
