%YAML:1.0
---
videoName: "headNod46.mp4"
gestureLabel: 202
fps: 30
pixelSizeInCmTemp: 2.8511904761904761e-01
faceCenterPointX: 264
faceCenterPointY: 72
headPositionsX: [ 265, 264, 265, 266, 264, 267, 265, 263, 263, 262, 262,
    263, 262, 263, 265, 265, 263, 265, 265, 262, 265, 266, 265, 267, 265,
    265, 268, 268, 266, 267, 267, 267, 265, 265, 264, 262, 262, 263, 262,
    263, 263, 265, 261, 263, 260, 260, 263, 262, 264, 262, 260, 261, 262,
    263, 265, 263, 265, 262, 262, 261, 262, 265, 261, 263, 263, 261, 263,
    265, 262, 261, 265, 265, 266, 267, 266, 263, 264, 266, 263, 267, 266,
    264, 266, 262, 263, 265, 264, 262, 262, 261, 264, 265, 264, 264, 261,
    261, 265, 264, 263, 266 ]
headPositionsY: [ 71, 70, 68, 71, 68, 70, 67, 69, 74, 72, 77, 80, 79, 85,
    87, 90, 89, 91, 87, 84, 82, 76, 77, 69, 70, 72, 69, 71, 73, 75, 81,
    86, 87, 89, 86, 82, 80, 74, 76, 68, 67, 68, 70, 72, 76, 77, 81, 83,
    87, 84, 82, 80, 75, 69, 69, 65, 69, 69, 69, 69, 71, 78, 79, 80, 76,
    73, 74, 71, 67, 66, 66, 71, 73, 75, 74, 72, 73, 74, 72, 71, 70, 67,
    70, 71, 74, 72, 75, 76, 73, 73, 73, 72, 70, 70, 72, 71, 71, 72, 71,
    71 ]
