%YAML:1.0
---
videoName: "headLookUp5.mp4"
gestureLabel: 205
fps: 29
pixelSizeInCmTemp: 3.6287878787878786e-01
faceCenterPointX: 256
faceCenterPointY: 67
headPositionsX: [ 255, 255, 256, 254, 256, 258, 255, 257, 255, 255, 256,
    255, 257, 258, 258, 255, 256, 255, 256, 257, 256, 254, 254, 255, 255,
    254, 256, 258, 258, 256, 257, 255, 258, 254, 257, 257, 258, 254, 255,
    258, 258, 258, 258, 259, 257, 258, 254, 256, 255, 257, 258, 254, 254,
    254, 258, 258, 257, 256, 254, 256, 259, 254, 258, 254, 256, 258, 255,
    253, 256, 257, 256, 254, 259, 257, 257, 257, 259, 257, 258, 254, 257,
    254, 258, 255, 258, 257, 256, 255, 256, 254, 259, 254, 257, 257, 257,
    255, 254, 258, 255, 255 ]
headPositionsY: [ 68, 80, 83, 80, 79, 83, 80, 79, 80, 80, 81, 81, 81, 81,
    83, 80, 81, 80, 79, 83, 81, 82, 79, 83, 79, 83, 80, 80, 81, 82, 80,
    82, 80, 78, 76, 76, 75, 75, 74, 71, 69, 70, 71, 67, 68, 68, 69, 66,
    66, 69, 68, 71, 70, 69, 69, 69, 70, 68, 67, 68, 70, 65, 69, 67, 69,
    65, 66, 67, 69, 66, 69, 68, 69, 66, 68, 67, 70, 69, 65, 67, 66, 68,
    68, 67, 65, 69, 70, 68, 67, 66, 69, 69, 64, 65, 66, 68, 69, 66, 68,
    67 ]
