%YAML:1.0
---
videoName: "headShake20.mp4"
gestureLabel: 201
fps: 29
pixelSizeInCmTemp: 3.3263888888888887e-01
faceCenterPointX: 242
faceCenterPointY: 78
headPositionsX: [ 240, 243, 245, 246, 242, 245, 244, 241, 245, 244, 242,
    242, 243, 241, 241, 244, 241, 245, 245, 241, 244, 243, 245, 241, 241,
    244, 243, 242, 243, 241, 242, 244, 244, 242, 245, 241, 241, 242, 242,
    245, 246, 249, 253, 259, 258, 261, 255, 252, 248, 242, 235, 234, 230,
    232, 231, 235, 240, 244, 246, 252, 250, 254, 250, 248, 241, 239, 237,
    231, 229, 230, 233, 240, 240, 242, 248, 245, 245, 247, 245, 242, 242,
    239, 242, 240, 240, 242, 244, 243, 243, 244, 241, 246, 245, 244, 242,
    244, 240, 241, 243, 239 ]
headPositionsY: [ 77, 77, 75, 75, 76, 74, 78, 74, 77, 79, 77, 76, 76, 76,
    78, 76, 75, 76, 76, 76, 76, 78, 75, 76, 74, 75, 76, 75, 78, 76, 78,
    78, 75, 78, 76, 78, 78, 78, 79, 76, 77, 76, 77, 75, 76, 74, 73, 78,
    76, 76, 76, 79, 77, 74, 74, 75, 78, 74, 78, 75, 74, 75, 77, 77, 77,
    77, 77, 76, 77, 77, 77, 78, 78, 75, 79, 78, 77, 77, 78, 78, 75, 79,
    77, 78, 77, 79, 78, 79, 79, 77, 75, 78, 78, 79, 77, 76, 77, 77, 79,
    75 ]
