%YAML:1.0
---
videoName: "headShake41.mp4"
gestureLabel: 201
fps: 29
pixelSizeInCmTemp: 3.2364864864864862e-01
faceCenterPointX: 264
faceCenterPointY: 85
headPositionsX: [ 263, 262, 262, 260, 262, 263, 263, 260, 263, 259, 261,
    260, 260, 259, 262, 259, 261, 261, 263, 261, 261, 261, 264, 266, 264,
    269, 270, 275, 273, 276, 276, 281, 281, 281, 279, 281, 283, 282, 277,
    276, 273, 270, 267, 262, 257, 253, 250, 250, 245, 246, 246, 244, 244,
    244, 248, 249, 249, 254, 257, 258, 263, 268, 268, 271, 276, 276, 276,
    278, 279, 279, 279, 277, 274, 274, 270, 269, 266, 268, 265, 264, 264,
    265, 262, 262, 264, 261, 263, 265, 262, 264, 260, 263, 264, 261, 262,
    262, 262, 264, 261, 266 ]
headPositionsY: [ 87, 82, 81, 85, 84, 85, 83, 83, 84, 83, 84, 81, 85, 83,
    82, 84, 86, 83, 83, 82, 86, 84, 84, 86, 85, 84, 83, 84, 83, 80, 82,
    81, 83, 79, 80, 83, 81, 83, 82, 84, 83, 84, 83, 83, 83, 82, 82, 85,
    81, 82, 83, 83, 81, 85, 83, 85, 85, 84, 85, 84, 86, 86, 85, 83, 83,
    83, 84, 85, 83, 82, 84, 83, 85, 85, 84, 83, 85, 85, 84, 82, 85, 84,
    82, 84, 84, 85, 86, 84, 85, 85, 86, 83, 84, 83, 84, 83, 84, 84, 86,
    83 ]
