%YAML:1.0
---
videoName: "headNod4.mp4"
gestureLabel: 202
fps: 29
pixelSizeInCmTemp: 3.2808219178082193e-01
faceCenterPointX: 264
faceCenterPointY: 72
headPositionsX: [ 266, 269, 267, 272, 268, 270, 271, 271, 272, 273, 269,
    268, 272, 266, 269, 270, 267, 267, 270, 270, 266, 268, 269, 270, 269,
    268, 270, 266, 266, 267, 267, 267, 266, 267, 269, 269, 268, 267, 266,
    265, 266, 269, 264, 267, 265, 267, 266, 267, 269, 269, 267, 267, 265,
    269, 267, 267, 268, 266, 264, 264, 266, 267, 265, 268, 263, 267, 264,
    266, 267, 267, 265, 264, 266, 263, 266, 266, 265, 263, 266, 265, 267,
    263, 265, 262, 265, 266, 262, 268, 263, 263, 265, 264, 265, 266, 263,
    263, 263, 266, 262, 265 ]
headPositionsY: [ 74, 72, 73, 76, 74, 72, 73, 75, 75, 74, 72, 74, 74, 73,
    75, 76, 72, 74, 73, 76, 73, 74, 73, 74, 74, 75, 75, 75, 73, 75, 76,
    74, 73, 72, 77, 74, 73, 75, 76, 75, 74, 72, 75, 72, 70, 68, 67, 66,
    67, 67, 66, 69, 71, 77, 78, 82, 80, 81, 78, 79, 75, 70, 67, 69, 70,
    70, 73, 78, 78, 81, 82, 83, 80, 78, 75, 74, 69, 68, 71, 70, 67, 71,
    76, 76, 79, 80, 83, 84, 84, 84, 82, 81, 78, 76, 74, 77, 73, 73, 72,
    75 ]
