%YAML:1.0
---
videoName: "headNod20.mp4"
gestureLabel: 202
fps: 30
pixelSizeInCmTemp: 3.2808219178082193e-01
faceCenterPointX: 253
faceCenterPointY: 80
headPositionsX: [ 252, 256, 256, 257, 256, 258, 255, 257, 256, 254, 255,
    257, 256, 256, 256, 256, 256, 256, 256, 255, 256, 257, 256, 257, 258,
    255, 257, 254, 258, 257, 255, 256, 255, 257, 258, 255, 254, 255, 255,
    254, 255, 253, 253, 251, 253, 255, 252, 252, 255, 253, 254, 253, 250,
    252, 253, 251, 252, 252, 251, 251, 252, 254, 251, 254, 251, 251, 255,
    253, 250, 252, 255, 252, 251, 250, 252, 254, 253, 252, 252, 250, 250,
    250, 252, 255, 253, 251, 254, 253, 255, 256, 252, 253, 251, 253, 252,
    253, 251, 254, 252, 253 ]
headPositionsY: [ 79, 78, 77, 77, 77, 78, 79, 76, 78, 78, 78, 79, 79, 81,
    80, 77, 80, 80, 76, 79, 78, 78, 77, 76, 78, 78, 77, 79, 80, 80, 82,
    85, 87, 88, 84, 85, 81, 76, 75, 73, 74, 70, 73, 75, 80, 81, 86, 85,
    86, 89, 88, 83, 81, 79, 78, 77, 78, 81, 79, 81, 84, 82, 81, 78, 80,
    79, 79, 82, 81, 84, 82, 79, 80, 78, 79, 81, 80, 82, 83, 80, 80, 79,
    78, 78, 78, 82, 79, 81, 82, 81, 82, 82, 79, 81, 82, 81, 80, 79, 80,
    82 ]
