%YAML:1.0
---
videoName: "headShake11.mp4"
gestureLabel: 201
fps: 29
pixelSizeInCmTemp: 3.2364864864864862e-01
faceCenterPointX: 244
faceCenterPointY: 76
headPositionsX: [ 245, 242, 243, 243, 241, 241, 244, 241, 242, 242, 241,
    243, 241, 244, 241, 244, 244, 244, 240, 244, 241, 241, 244, 244, 243,
    243, 244, 244, 247, 251, 253, 257, 259, 263, 262, 262, 262, 257, 251,
    250, 242, 240, 233, 229, 227, 226, 227, 229, 235, 239, 247, 252, 255,
    260, 261, 256, 255, 254, 251, 243, 237, 233, 232, 233, 228, 231, 234,
    238, 241, 250, 253, 257, 259, 256, 257, 256, 252, 248, 245, 242, 237,
    236, 233, 233, 234, 239, 238, 241, 244, 244, 246, 250, 247, 247, 248,
    245, 246, 244, 243, 243 ]
headPositionsY: [ 77, 73, 74, 71, 70, 72, 72, 74, 73, 73, 74, 73, 71, 74,
    74, 71, 72, 73, 73, 73, 73, 74, 75, 73, 74, 75, 73, 75, 72, 72, 72,
    73, 70, 74, 69, 71, 71, 75, 72, 73, 76, 72, 74, 73, 74, 73, 76, 76,
    73, 75, 77, 75, 71, 74, 73, 72, 73, 74, 75, 74, 78, 76, 74, 73, 76,
    75, 75, 77, 76, 74, 75, 71, 73, 70, 75, 72, 76, 76, 75, 73, 76, 76,
    76, 74, 76, 74, 76, 73, 75, 75, 75, 76, 75, 76, 77, 77, 74, 77, 74,
    76 ]
