%YAML:1.0
---
videoName: "headNod14.mp4"
gestureLabel: 202
fps: 29
pixelSizeInCmTemp: 3.2808219178082193e-01
faceCenterPointX: 257
faceCenterPointY: 71
headPositionsX: [ 256, 259, 260, 257, 258, 255, 257, 257, 255, 260, 257,
    257, 258, 259, 257, 258, 257, 260, 259, 256, 257, 258, 260, 257, 256,
    257, 257, 260, 257, 260, 258, 257, 258, 257, 257, 260, 260, 261, 258,
    261, 259, 260, 262, 258, 261, 257, 260, 261, 261, 259, 261, 259, 258,
    259, 259, 258, 258, 258, 257, 258, 261, 258, 258, 259, 257, 260, 258,
    259, 257, 257, 257, 259, 260, 258, 258, 259, 255, 256, 259, 259, 259,
    259, 255, 256, 259, 255, 256, 255, 258, 257, 255, 255, 259, 258, 257,
    257, 256, 258, 256, 255 ]
headPositionsY: [ 70, 76, 78, 79, 79, 76, 77, 77, 77, 76, 75, 76, 78, 75,
    79, 79, 78, 79, 79, 77, 78, 77, 76, 79, 79, 78, 80, 75, 79, 76, 79,
    75, 76, 77, 75, 80, 75, 79, 75, 74, 73, 74, 71, 69, 67, 68, 68, 72,
    73, 72, 77, 78, 82, 79, 81, 83, 80, 79, 78, 75, 73, 69, 67, 71, 72,
    72, 75, 78, 80, 79, 81, 84, 82, 77, 74, 71, 69, 68, 70, 69, 69, 71,
    75, 78, 80, 79, 82, 79, 75, 73, 71, 70, 70, 71, 72, 71, 71, 72, 69,
    72 ]
