%YAML:1.0
---
videoName: "headShake23.mp4"
gestureLabel: 201
fps: 29
pixelSizeInCmTemp: 3.2808219178082193e-01
faceCenterPointX: 240
faceCenterPointY: 77
headPositionsX: [ 239, 244, 244, 243, 241, 241, 240, 243, 240, 241, 243,
    239, 240, 243, 242, 242, 240, 240, 239, 241, 238, 241, 246, 246, 251,
    251, 253, 253, 255, 253, 253, 255, 254, 248, 248, 243, 242, 236, 233,
    229, 230, 231, 231, 227, 231, 228, 232, 235, 235, 238, 242, 247, 247,
    249, 252, 251, 252, 254, 252, 250, 251, 248, 248, 243, 242, 243, 239,
    238, 238, 238, 237, 233, 234, 235, 235, 232, 234, 238, 236, 235, 239,
    238, 239, 242, 242, 243, 243, 244, 244, 243, 247, 243, 244, 243, 244,
    245, 241, 244, 243, 239 ]
headPositionsY: [ 76, 76, 76, 74, 75, 78, 75, 78, 75, 78, 78, 77, 78, 78,
    78, 77, 74, 78, 78, 76, 76, 78, 79, 78, 77, 75, 75, 75, 77, 76, 76,
    77, 74, 78, 80, 76, 79, 77, 77, 77, 74, 77, 78, 74, 76, 78, 80, 76,
    80, 78, 80, 77, 79, 75, 78, 79, 76, 78, 74, 78, 79, 76, 80, 77, 76,
    77, 80, 80, 80, 76, 79, 76, 79, 79, 78, 76, 76, 78, 78, 79, 78, 78,
    76, 77, 79, 79, 77, 79, 77, 75, 77, 77, 77, 75, 79, 78, 79, 75, 78,
    78 ]
