%YAML:1.0
---
videoName: "headNod26.mp4"
gestureLabel: 202
fps: 29
pixelSizeInCmTemp: 3.1513157894736843e-01
faceCenterPointX: 271
faceCenterPointY: 78
headPositionsX: [ 272, 273, 273, 269, 271, 272, 270, 271, 272, 273, 274,
    275, 275, 271, 275, 272, 275, 273, 271, 274, 271, 271, 271, 274, 271,
    274, 271, 270, 272, 270, 270, 269, 270, 273, 270, 274, 272, 274, 272,
    273, 270, 271, 274, 274, 274, 271, 272, 270, 270, 270, 269, 272, 271,
    270, 269, 270, 270, 273, 275, 271, 274, 273, 272, 270, 274, 272, 272,
    273, 271, 271, 274, 272, 269, 269, 270, 269, 269, 270, 269, 273, 272,
    269, 270, 269, 273, 272, 272, 269, 272, 272, 273, 271, 270, 273, 272,
    272, 271, 270, 272, 271 ]
headPositionsY: [ 77, 73, 76, 73, 72, 72, 70, 71, 66, 68, 64, 65, 65, 64,
    65, 69, 71, 70, 74, 73, 78, 84, 83, 83, 83, 80, 76, 76, 70, 71, 68,
    66, 70, 66, 70, 73, 73, 74, 78, 78, 80, 78, 79, 76, 72, 68, 67, 69,
    69, 68, 67, 70, 71, 75, 73, 76, 75, 77, 76, 70, 69, 70, 65, 66, 66,
    69, 67, 69, 73, 73, 73, 74, 74, 74, 74, 75, 71, 69, 68, 67, 69, 71,
    69, 72, 69, 72, 75, 75, 76, 77, 80, 79, 76, 81, 79, 76, 77, 77, 80,
    77 ]
