%YAML:1.0
---
videoName: "headShake34.mp4"
gestureLabel: 201
fps: 29
pixelSizeInCmTemp: 3.2364864864864862e-01
faceCenterPointX: 263
faceCenterPointY: 83
headPositionsX: [ 263, 264, 265, 266, 261, 265, 263, 264, 261, 263, 262,
    266, 263, 262, 262, 266, 263, 263, 263, 265, 263, 266, 263, 266, 265,
    264, 266, 264, 265, 264, 263, 264, 262, 264, 266, 266, 266, 268, 270,
    269, 273, 274, 273, 274, 275, 276, 280, 278, 275, 276, 273, 269, 262,
    259, 254, 255, 253, 254, 254, 256, 256, 259, 267, 265, 269, 270, 268,
    269, 265, 259, 256, 253, 255, 252, 255, 259, 260, 258, 264, 264, 262,
    264, 268, 264, 265, 267, 264, 265, 265, 267, 267, 266, 262, 263, 265,
    265, 264, 266, 263, 262 ]
headPositionsY: [ 85, 82, 84, 84, 83, 85, 84, 81, 80, 84, 81, 84, 84, 82,
    85, 81, 83, 82, 84, 82, 81, 83, 81, 84, 83, 80, 85, 81, 83, 81, 82,
    83, 85, 84, 86, 84, 83, 81, 81, 83, 81, 82, 80, 83, 82, 83, 80, 82,
    80, 82, 82, 83, 82, 83, 79, 81, 79, 81, 80, 80, 83, 84, 85, 83, 84,
    81, 81, 82, 84, 83, 83, 81, 85, 83, 81, 81, 83, 83, 85, 83, 83, 83,
    83, 81, 85, 82, 85, 85, 81, 86, 83, 85, 85, 82, 84, 82, 85, 81, 86,
    82 ]
