%YAML:1.0
---
videoName: "headShake28.mp4"
gestureLabel: 201
fps: 29
pixelSizeInCmTemp: 3.2808219178082193e-01
faceCenterPointX: 242
faceCenterPointY: 80
headPositionsX: [ 244, 243, 243, 239, 242, 240, 243, 243, 242, 239, 240,
    239, 242, 244, 242, 240, 244, 242, 243, 242, 243, 242, 243, 243, 240,
    240, 242, 244, 242, 241, 240, 244, 242, 240, 243, 242, 245, 240, 244,
    243, 245, 243, 244, 246, 243, 245, 246, 246, 242, 244, 241, 234, 232,
    230, 233, 234, 238, 242, 248, 250, 255, 257, 252, 252, 247, 239, 236,
    233, 230, 233, 239, 245, 249, 250, 254, 254, 251, 253, 249, 245, 241,
    239, 240, 238, 237, 239, 239, 238, 241, 239, 244, 242, 244, 245, 243,
    244, 240, 242, 240, 244 ]
headPositionsY: [ 78, 74, 75, 75, 77, 75, 75, 78, 75, 78, 77, 76, 76, 81,
    79, 76, 77, 79, 77, 77, 81, 76, 80, 78, 78, 79, 77, 79, 78, 80, 77,
    76, 78, 76, 76, 79, 78, 79, 78, 79, 76, 78, 79, 79, 77, 79, 79, 76,
    79, 78, 77, 78, 78, 77, 77, 78, 77, 79, 78, 77, 76, 78, 75, 80, 77,
    81, 77, 79, 78, 79, 80, 78, 79, 80, 76, 79, 78, 77, 80, 81, 80, 79,
    81, 79, 76, 80, 78, 81, 78, 78, 81, 80, 81, 78, 77, 82, 77, 81, 81,
    82 ]
