%YAML:1.0
---
videoName: "headNod9.mp4"
gestureLabel: 202
fps: 29
pixelSizeInCmTemp: 3.1513157894736843e-01
faceCenterPointX: 261
faceCenterPointY: 75
headPositionsX: [ 260, 261, 261, 260, 262, 259, 258, 260, 260, 259, 260,
    262, 262, 259, 262, 263, 260, 261, 263, 260, 262, 260, 261, 261, 259,
    259, 262, 260, 259, 262, 259, 259, 261, 259, 260, 263, 260, 258, 260,
    259, 263, 261, 259, 261, 262, 259, 259, 260, 258, 261, 257, 258, 259,
    259, 262, 259, 261, 260, 259, 262, 258, 261, 258, 261, 259, 258, 263,
    262, 262, 260, 260, 259, 260, 258, 258, 258, 258, 258, 260, 257, 260,
    261, 256, 256, 257, 256, 258, 258, 259, 258, 259, 257, 258, 260, 262,
    260, 258, 260, 259, 258 ]
headPositionsY: [ 74, 77, 74, 76, 73, 77, 74, 77, 74, 77, 75, 75, 78, 73,
    73, 76, 73, 76, 73, 76, 77, 75, 75, 75, 75, 76, 73, 77, 73, 74, 76,
    79, 77, 79, 80, 78, 79, 73, 75, 72, 74, 72, 77, 82, 86, 88, 84, 86,
    79, 78, 78, 75, 79, 78, 83, 86, 87, 84, 80, 77, 73, 73, 73, 73, 78,
    81, 83, 86, 85, 81, 80, 78, 73, 73, 72, 74, 70, 72, 75, 80, 79, 84,
    83, 82, 78, 79, 75, 76, 76, 72, 75, 71, 71, 75, 75, 74, 75, 76, 74,
    76 ]
