%YAML:1.0
---
videoName: "headShake36.mp4"
gestureLabel: 201
fps: 29
pixelSizeInCmTemp: 3.2364864864864862e-01
faceCenterPointX: 263
faceCenterPointY: 80
headPositionsX: [ 262, 264, 261, 261, 264, 266, 267, 266, 271, 272, 272,
    276, 277, 280, 279, 283, 284, 279, 280, 275, 278, 274, 267, 265, 262,
    259, 254, 255, 249, 250, 245, 245, 245, 247, 247, 244, 249, 250, 248,
    255, 255, 258, 263, 270, 271, 273, 274, 275, 278, 280, 282, 279, 280,
    277, 275, 273, 270, 265, 262, 257, 253, 253, 253, 250, 252, 249, 251,
    253, 250, 255, 257, 258, 258, 264, 263, 266, 266, 264, 266, 270, 268,
    266, 268, 267, 264, 266, 263, 267, 265, 264, 262, 262, 265, 262, 261,
    261, 265, 262, 264, 263 ]
headPositionsY: [ 79, 78, 78, 82, 81, 80, 81, 77, 81, 78, 78, 80, 78, 76,
    77, 75, 75, 78, 79, 80, 78, 81, 80, 80, 83, 83, 79, 80, 78, 82, 83,
    79, 80, 82, 79, 81, 79, 79, 83, 83, 81, 80, 83, 83, 77, 76, 78, 77,
    80, 79, 80, 80, 80, 78, 79, 81, 81, 80, 80, 78, 77, 81, 80, 79, 76,
    78, 81, 80, 81, 77, 81, 82, 81, 80, 82, 82, 83, 81, 80, 81, 79, 81,
    80, 78, 82, 82, 80, 80, 80, 80, 80, 80, 83, 82, 81, 82, 82, 82, 82,
    81 ]
