%YAML:1.0
---
videoName: "headLookRight2.mp4"
gestureLabel: 204
fps: 29
pixelSizeInCmTemp: 3.8015873015873014e-01
faceCenterPointX: 228
faceCenterPointY: 68
headPositionsX: [ 229, 251, 252, 249, 254, 251, 250, 253, 254, 252, 252,
    252, 253, 250, 253, 251, 250, 254, 254, 252, 254, 254, 250, 252, 252,
    255, 255, 253, 252, 253, 256, 252, 251, 253, 252, 253, 253, 250, 252,
    252, 252, 251, 250, 254, 252, 254, 250, 253, 249, 248, 247, 243, 246,
    239, 237, 236, 233, 234, 233, 232, 227, 228, 230, 226, 228, 227, 225,
    227, 225, 225, 230, 230, 226, 231, 224, 228, 226, 232, 227, 231, 230,
    230, 228, 230, 229, 226, 229, 228, 226, 227, 229, 228, 227, 232, 227,
    230, 231, 228, 227, 231 ]
headPositionsY: [ 67, 68, 66, 69, 66, 70, 69, 67, 68, 70, 66, 68, 70, 70,
    68, 71, 71, 72, 71, 71, 71, 68, 67, 70, 69, 68, 70, 72, 71, 69, 72,
    68, 69, 68, 71, 68, 71, 69, 67, 70, 70, 68, 70, 68, 69, 67, 72, 67,
    70, 71, 69, 71, 70, 70, 69, 69, 69, 68, 70, 72, 68, 70, 66, 67, 68,
    68, 66, 67, 74, 71, 70, 67, 70, 66, 69, 68, 73, 69, 72, 71, 71, 69,
    69, 74, 69, 70, 67, 70, 69, 70, 71, 66, 71, 69, 69, 68, 67, 70, 73,
    70 ]
