%YAML:1.0
---
videoName: "headNod14.mp4"
gestureLabel: 202
fps: 29
pixelSizeInCmTemp: 3.2808219178082193e-01
faceCenterPointX: 257
faceCenterPointY: 71
headPositionsX: [ 258, 260, 257, 259, 257, 256, 257, 258, 256, 261, 257,
    259, 258, 259, 258, 256, 257, 261, 256, 260, 257, 256, 260, 258, 256,
    258, 258, 256, 259, 261, 258, 258, 260, 259, 257, 258, 260, 257, 259,
    259, 261, 261, 262, 257, 262, 259, 262, 260, 260, 258, 259, 257, 258,
    259, 257, 257, 261, 256, 257, 256, 260, 260, 257, 260, 259, 259, 260,
    257, 261, 260, 258, 258, 256, 257, 255, 260, 258, 255, 258, 260, 258,
    260, 256, 257, 257, 255, 259, 255, 258, 254, 259, 256, 256, 255, 255,
    257, 259, 258, 255, 257 ]
headPositionsY: [ 69, 77, 74, 79, 78, 78, 76, 79, 78, 78, 76, 78, 79, 77,
    75, 78, 76, 78, 79, 78, 76, 75, 79, 79, 76, 79, 78, 79, 76, 78, 80,
    77, 77, 77, 77, 76, 78, 79, 79, 77, 74, 70, 69, 67, 71, 66, 68, 69,
    72, 73, 77, 75, 82, 82, 84, 82, 81, 79, 75, 74, 71, 71, 69, 70, 73,
    73, 75, 78, 76, 81, 80, 82, 78, 76, 75, 70, 72, 69, 68, 68, 72, 71,
    75, 76, 81, 82, 82, 77, 79, 77, 73, 69, 69, 70, 71, 72, 72, 72, 73,
    71 ]
