%YAML:1.0
---
videoName: "headNod42.mp4"
gestureLabel: 202
fps: 30
pixelSizeInCmTemp: 3.0316455696202532e-01
faceCenterPointX: 265
faceCenterPointY: 77
headPositionsX: [ 264, 267, 269, 267, 267, 268, 267, 271, 267, 271, 269,
    267, 269, 268, 270, 268, 268, 267, 271, 270, 268, 267, 269, 269, 269,
    266, 268, 264, 266, 264, 264, 263, 264, 268, 268, 266, 267, 265, 268,
    266, 266, 265, 267, 263, 264, 265, 264, 263, 267, 267, 268, 263, 266,
    264, 267, 264, 267, 263, 263, 263, 267, 266, 264, 264, 263, 263, 268,
    267, 265, 264, 265, 266, 266, 264, 264, 265, 267, 267, 266, 266, 264,
    266, 266, 265, 267, 266, 265, 264, 267, 265, 267, 263, 265, 264, 264,
    266, 267, 264, 264, 267 ]
headPositionsY: [ 78, 74, 73, 78, 76, 76, 75, 79, 78, 76, 79, 79, 75, 77,
    77, 70, 68, 64, 64, 65, 65, 67, 69, 73, 80, 86, 88, 90, 90, 89, 88,
    83, 81, 74, 78, 69, 71, 70, 69, 71, 74, 79, 83, 82, 85, 81, 80, 76,
    74, 71, 71, 71, 73, 71, 75, 77, 81, 86, 83, 84, 82, 80, 81, 77, 74,
    74, 74, 73, 74, 74, 75, 77, 79, 83, 80, 81, 74, 76, 74, 74, 72, 74,
    73, 75, 78, 79, 79, 84, 82, 79, 82, 81, 79, 80, 78, 77, 80, 79, 75,
    76 ]
