%YAML:1.0
---
videoName: "headNod9.mp4"
gestureLabel: 202
fps: 29
pixelSizeInCmTemp: 3.1513157894736843e-01
faceCenterPointX: 261
faceCenterPointY: 75
headPositionsX: [ 263, 261, 261, 263, 262, 259, 258, 262, 260, 262, 262,
    259, 263, 258, 262, 260, 262, 261, 262, 258, 263, 262, 259, 261, 262,
    258, 260, 259, 261, 261, 263, 260, 259, 262, 261, 263, 262, 262, 261,
    260, 260, 259, 263, 259, 261, 262, 259, 257, 261, 258, 258, 260, 261,
    258, 261, 261, 262, 259, 258, 261, 261, 259, 261, 262, 261, 262, 262,
    259, 258, 259, 258, 258, 259, 260, 259, 260, 258, 262, 259, 258, 257,
    258, 258, 259, 260, 257, 257, 260, 259, 261, 262, 259, 259, 259, 262,
    262, 260, 258, 261, 258 ]
headPositionsY: [ 77, 73, 77, 74, 75, 74, 73, 75, 74, 77, 76, 78, 74, 77,
    77, 76, 73, 77, 76, 73, 74, 74, 77, 76, 78, 73, 73, 75, 77, 75, 75,
    75, 77, 78, 82, 82, 80, 77, 77, 71, 73, 74, 76, 79, 85, 85, 87, 86,
    81, 78, 75, 74, 78, 80, 82, 84, 83, 83, 80, 79, 74, 72, 73, 72, 77,
    78, 84, 84, 83, 83, 81, 74, 74, 72, 71, 70, 73, 73, 76, 79, 81, 81,
    81, 79, 80, 78, 77, 77, 76, 71, 72, 73, 74, 74, 75, 74, 74, 74, 74,
    76 ]
