%YAML:1.0
---
videoName: "headLookLeft7.mp4"
gestureLabel: 203
fps: 29
pixelSizeInCmTemp: 3.4214285714285714e-01
faceCenterPointX: 268
faceCenterPointY: 68
headPositionsX: [ 270, 244, 246, 243, 244, 243, 247, 247, 247, 246, 244,
    246, 247, 245, 247, 243, 243, 245, 245, 243, 246, 244, 244, 247, 247,
    245, 244, 247, 246, 250, 247, 248, 253, 253, 258, 257, 261, 264, 264,
    267, 265, 266, 270, 264, 265, 267, 270, 268, 268, 269, 265, 266, 268,
    268, 264, 270, 265, 267, 266, 268, 264, 267, 265, 269, 269, 265, 267,
    271, 267, 268, 267, 269, 266, 268, 269, 268, 268, 269, 266, 268, 266,
    267, 270, 268, 270, 267, 269, 267, 264, 271, 271, 266, 270, 267, 270,
    272, 270, 269, 270, 271 ]
headPositionsY: [ 66, 69, 71, 68, 68, 69, 67, 69, 68, 70, 67, 70, 72, 72,
    70, 72, 71, 70, 71, 72, 69, 71, 69, 70, 68, 70, 70, 68, 70, 69, 71,
    69, 70, 70, 71, 68, 69, 69, 67, 70, 67, 65, 70, 67, 68, 66, 68, 66,
    67, 70, 68, 71, 69, 70, 70, 71, 67, 69, 66, 69, 69, 69, 69, 68, 67,
    67, 70, 71, 66, 71, 71, 69, 69, 72, 71, 68, 68, 69, 69, 68, 68, 70,
    69, 66, 68, 66, 67, 70, 67, 70, 67, 68, 69, 70, 71, 71, 68, 68, 71,
    70 ]
