%YAML:1.0
---
videoName: "headShake3.mp4"
gestureLabel: 201
fps: 30
pixelSizeInCmTemp: 3.3263888888888887e-01
faceCenterPointX: 240
faceCenterPointY: 101
headPositionsX: [ 241, 244, 243, 240, 243, 242, 243, 242, 239, 242, 239,
    239, 243, 240, 244, 239, 241, 244, 241, 242, 239, 239, 241, 242, 241,
    239, 242, 241, 242, 240, 238, 239, 240, 243, 245, 251, 251, 256, 257,
    257, 255, 250, 250, 242, 236, 235, 231, 227, 226, 232, 231, 240, 242,
    247, 249, 251, 250, 245, 242, 237, 232, 229, 224, 226, 226, 228, 229,
    236, 239, 242, 244, 247, 247, 246, 246, 242, 238, 235, 236, 236, 233,
    231, 235, 234, 235, 236, 235, 238, 241, 236, 238, 241, 241, 243, 241,
    242, 240, 242, 241, 239 ]
headPositionsY: [ 101, 98, 99, 100, 99, 96, 97, 98, 100, 97, 101, 97,
    101, 98, 97, 99, 100, 98, 99, 98, 97, 99, 98, 100, 99, 98, 97, 98,
    97, 97, 96, 97, 101, 97, 98, 97, 95, 97, 98, 97, 97, 98, 99, 99, 100,
    101, 97, 99, 96, 99, 100, 101, 101, 97, 96, 100, 100, 100, 97, 97,
    100, 100, 100, 97, 96, 99, 97, 100, 97, 97, 99, 100, 96, 98, 98, 98,
    100, 98, 97, 102, 99, 100, 99, 98, 100, 98, 100, 100, 100, 99, 101,
    102, 99, 101, 101, 103, 101, 102, 103, 99 ]
