%YAML:1.0
---
videoName: "headShake13.mp4"
gestureLabel: 201
fps: 29
pixelSizeInCmTemp: 3.2364864864864862e-01
faceCenterPointX: 241
faceCenterPointY: 77
headPositionsX: [ 242, 240, 242, 240, 241, 242, 243, 241, 239, 242, 242,
    243, 242, 239, 242, 239, 243, 240, 239, 241, 241, 242, 243, 239, 240,
    239, 240, 242, 242, 240, 238, 239, 241, 242, 243, 247, 252, 256, 261,
    260, 262, 261, 257, 253, 248, 242, 239, 232, 231, 227, 229, 232, 234,
    237, 246, 246, 247, 248, 251, 248, 245, 242, 237, 236, 232, 229, 230,
    236, 236, 240, 246, 248, 249, 251, 250, 253, 246, 244, 243, 236, 234,
    233, 232, 235, 232, 235, 235, 240, 241, 244, 244, 242, 247, 243, 244,
    245, 244, 241, 239, 241 ]
headPositionsY: [ 78, 74, 75, 76, 77, 75, 78, 78, 74, 74, 76, 78, 78, 79,
    75, 74, 76, 77, 74, 75, 78, 75, 77, 75, 74, 77, 78, 77, 76, 75, 76,
    76, 74, 79, 74, 75, 76, 73, 72, 73, 77, 73, 74, 78, 76, 74, 78, 78,
    77, 77, 75, 77, 78, 75, 79, 75, 77, 75, 76, 77, 75, 79, 74, 78, 79,
    76, 76, 76, 77, 78, 74, 78, 75, 77, 75, 74, 76, 75, 75, 79, 74, 75,
    78, 76, 76, 74, 74, 78, 77, 78, 74, 73, 74, 78, 77, 74, 77, 74, 76,
    78 ]
