%YAML:1.0
---
videoName: "headLookLeft0.mp4"
gestureLabel: 203
fps: 29
pixelSizeInCmTemp: 3.6287878787878786e-01
faceCenterPointX: 286
faceCenterPointY: 69
headPositionsX: [ 285, 253, 252, 254, 252, 253, 253, 253, 254, 252, 253,
    251, 254, 254, 254, 253, 250, 252, 255, 254, 254, 254, 253, 253, 254,
    255, 254, 254, 256, 252, 254, 253, 257, 255, 257, 254, 257, 256, 257,
    258, 255, 255, 258, 254, 255, 258, 256, 257, 257, 257, 255, 257, 253,
    255, 254, 256, 258, 253, 254, 256, 257, 253, 253, 254, 253, 257, 254,
    253, 257, 255, 256, 254, 257, 255, 254, 256, 258, 255, 259, 259, 261,
    263, 264, 267, 271, 270, 273, 277, 281, 279, 279, 274, 279, 282, 286,
    287, 288, 288, 284, 286 ]
headPositionsY: [ 69, 68, 68, 67, 70, 68, 67, 69, 68, 68, 69, 71, 70, 72,
    72, 68, 70, 69, 69, 69, 71, 68, 71, 70, 71, 72, 70, 69, 67, 68, 72,
    70, 71, 71, 72, 69, 71, 72, 69, 72, 68, 70, 69, 71, 71, 71, 73, 74,
    69, 71, 69, 71, 70, 72, 71, 69, 71, 73, 73, 69, 72, 71, 71, 73, 74,
    72, 73, 69, 72, 69, 71, 71, 71, 70, 73, 70, 71, 69, 70, 74, 72, 68,
    69, 68, 69, 68, 68, 70, 72, 68, 68, 66, 65, 66, 70, 69, 71, 67, 67,
    71 ]
