%YAML:1.0
---
videoName: "headShake4.mp4"
gestureLabel: 201
fps: 30
pixelSizeInCmTemp: 3.2364864864864862e-01
faceCenterPointX: 237
faceCenterPointY: 101
headPositionsX: [ 236, 241, 243, 248, 253, 254, 254, 255, 254, 248, 243,
    235, 233, 229, 224, 226, 225, 229, 235, 242, 248, 250, 255, 253, 251,
    245, 240, 234, 229, 224, 222, 223, 226, 231, 236, 239, 247, 252, 256,
    257, 255, 254, 245, 246, 235, 232, 231, 225, 225, 223, 225, 231, 231,
    236, 244, 244, 246, 249, 251, 248, 248, 246, 239, 236, 236, 231, 232,
    231, 228, 231, 234, 234, 236, 239, 241, 238, 240, 240, 240, 242, 243,
    239, 241, 237, 237, 239, 237, 237, 237, 238, 235, 239, 236, 238, 235,
    238, 237, 239, 236, 236 ]
headPositionsY: [ 102, 101, 96, 97, 99, 100, 97, 96, 96, 97, 98, 100, 97,
    98, 96, 100, 95, 100, 102, 97, 97, 99, 100, 99, 98, 99, 98, 99, 101,
    98, 100, 98, 99, 100, 98, 101, 100, 99, 97, 101, 99, 100, 100, 99,
    101, 100, 102, 99, 98, 101, 97, 102, 101, 103, 99, 101, 101, 101, 98,
    99, 101, 102, 99, 101, 100, 99, 100, 100, 98, 97, 101, 101, 101, 98,
    98, 98, 101, 101, 100, 103, 99, 99, 102, 98, 101, 102, 101, 102, 99,
    99, 99, 98, 98, 101, 99, 103, 98, 99, 100, 102 ]
