%YAML:1.0
---
videoName: "headLookDown6.mp4"
gestureLabel: 206
fps: 29
pixelSizeInCmTemp: 3.4710144927536229e-01
faceCenterPointX: 276
faceCenterPointY: 98
headPositionsX: [ 277, 274, 276, 272, 275, 273, 277, 274, 276, 276, 275,
    276, 276, 274, 277, 274, 276, 272, 273, 277, 274, 277, 277, 278, 277,
    273, 272, 275, 274, 276, 275, 277, 274, 276, 276, 273, 277, 277, 276,
    273, 277, 276, 275, 275, 278, 274, 278, 275, 274, 276, 277, 275, 276,
    277, 274, 276, 274, 275, 275, 273, 276, 273, 274, 274, 276, 273, 274,
    272, 275, 275, 275, 274, 275, 275, 277, 277, 274, 275, 275, 273, 275,
    277, 275, 274, 276, 277, 276, 274, 274, 274, 278, 276, 276, 274, 275,
    274, 279, 277, 277, 277 ]
headPositionsY: [ 100, 80, 80, 81, 82, 83, 80, 80, 80, 80, 79, 82, 82,
    83, 80, 80, 83, 80, 81, 81, 84, 83, 80, 80, 83, 81, 81, 83, 85, 81,
    80, 82, 84, 81, 81, 81, 85, 85, 84, 85, 81, 84, 85, 87, 87, 87, 89,
    89, 92, 90, 95, 95, 96, 97, 97, 98, 97, 98, 98, 96, 96, 98, 96, 99,
    99, 100, 97, 99, 99, 97, 95, 99, 101, 101, 101, 97, 100, 98, 96, 100,
    102, 97, 96, 97, 99, 100, 101, 101, 97, 98, 98, 98, 96, 97, 96, 97,
    96, 99, 98, 97 ]
