%YAML:1.0
---
videoName: "headShake18.mp4"
gestureLabel: 201
fps: 30
pixelSizeInCmTemp: 3.2808219178082193e-01
faceCenterPointX: 240
faceCenterPointY: 77
headPositionsX: [ 242, 241, 242, 241, 242, 241, 243, 239, 241, 240, 242,
    239, 243, 243, 239, 241, 242, 241, 241, 240, 241, 242, 238, 242, 241,
    238, 240, 242, 239, 242, 241, 238, 241, 238, 240, 241, 241, 247, 249,
    252, 250, 251, 250, 250, 248, 244, 239, 234, 233, 229, 230, 233, 238,
    241, 244, 245, 249, 249, 246, 246, 242, 241, 238, 235, 233, 235, 236,
    236, 238, 241, 242, 245, 243, 243, 243, 243, 242, 239, 235, 235, 234,
    235, 235, 236, 241, 239, 240, 243, 241, 244, 242, 243, 242, 241, 241,
    239, 240, 240, 238, 240 ]
headPositionsY: [ 77, 75, 74, 76, 75, 75, 75, 75, 74, 77, 77, 74, 74, 74,
    75, 77, 74, 76, 78, 78, 76, 79, 76, 75, 74, 77, 73, 74, 75, 77, 77,
    74, 77, 77, 78, 78, 76, 74, 74, 76, 74, 76, 74, 77, 76, 77, 75, 76,
    78, 74, 76, 77, 79, 75, 75, 75, 78, 77, 75, 75, 75, 77, 76, 76, 76,
    76, 79, 74, 78, 77, 75, 77, 78, 78, 79, 75, 78, 77, 78, 78, 78, 78,
    75, 75, 76, 79, 79, 78, 75, 79, 79, 76, 77, 76, 77, 79, 75, 79, 77,
    77 ]
