%YAML:1.0
---
videoName: "headLookLeft3.mp4"
gestureLabel: 203
fps: 29
pixelSizeInCmTemp: 3.4214285714285714e-01
faceCenterPointX: 290
faceCenterPointY: 74
headPositionsX: [ 290, 264, 265, 266, 264, 264, 265, 266, 267, 271, 271,
    274, 279, 278, 281, 283, 282, 286, 286, 287, 289, 285, 294, 291, 285,
    289, 297, 290, 286, 281, 290, 292, 293, 293, 285, 291, 283, 290, 293,
    290, 290, 289, 291, 295, 290, 290, 290, 287, 291, 288, 291, 289, 288,
    289, 289, 286, 291, 286, 290, 290, 288, 291, 289, 289, 285, 289, 288,
    290, 287, 291, 289, 285, 289, 284, 286, 286, 289, 287, 285, 286, 287,
    286, 287, 284, 287, 285, 291, 288, 289, 286, 284, 284, 289, 288, 288,
    283, 288, 285, 290, 286 ]
headPositionsY: [ 75, 75, 76, 78, 79, 78, 77, 77, 78, 76, 77, 76, 76, 76,
    74, 74, 76, 73, 72, 74, 72, 73, 74, 76, 74, 74, 75, 75, 76, 73, 73,
    72, 73, 77, 76, 75, 72, 73, 73, 72, 74, 71, 74, 74, 76, 76, 76, 72,
    74, 75, 71, 73, 75, 76, 73, 75, 76, 73, 74, 76, 75, 75, 72, 74, 73,
    73, 74, 75, 74, 74, 71, 73, 72, 73, 75, 74, 73, 75, 75, 71, 72, 73,
    73, 74, 76, 74, 73, 76, 75, 73, 73, 75, 75, 77, 75, 75, 72, 71, 72,
    74 ]
