%YAML:1.0
---
videoName: "headShake48.mp4"
gestureLabel: 201
fps: 29
pixelSizeInCmTemp: 3.1103896103896100e-01
faceCenterPointX: 258
faceCenterPointY: 85
headPositionsX: [ 258, 260, 260, 261, 260, 258, 259, 257, 261, 260, 261,
    259, 258, 262, 262, 258, 258, 259, 258, 261, 260, 257, 259, 258, 260,
    261, 258, 259, 260, 259, 259, 261, 256, 259, 258, 262, 268, 271, 274,
    273, 273, 276, 271, 269, 262, 256, 249, 247, 246, 250, 253, 256, 265,
    267, 269, 269, 262, 261, 256, 251, 251, 250, 252, 256, 263, 265, 268,
    265, 267, 260, 259, 252, 251, 250, 251, 253, 255, 259, 265, 264, 268,
    264, 266, 260, 264, 260, 260, 258, 258, 261, 257, 258, 259, 259, 258,
    258, 261, 261, 260, 260 ]
headPositionsY: [ 87, 81, 78, 78, 80, 81, 79, 80, 79, 79, 82, 78, 79, 80,
    80, 78, 78, 78, 79, 82, 82, 80, 81, 83, 82, 81, 81, 80, 82, 80, 82,
    82, 81, 83, 82, 80, 82, 83, 83, 83, 84, 84, 85, 86, 84, 83, 83, 82,
    81, 85, 84, 85, 84, 88, 86, 88, 86, 84, 84, 88, 86, 85, 84, 85, 85,
    88, 86, 87, 87, 84, 89, 85, 88, 88, 85, 87, 88, 87, 88, 86, 83, 86,
    84, 85, 89, 88, 86, 88, 89, 85, 88, 87, 87, 87, 85, 84, 87, 86, 87,
    87 ]
