%YAML:1.0
---
videoName: "headNod9.mp4"
gestureLabel: 202
fps: 29
pixelSizeInCmTemp: 3.1513157894736843e-01
faceCenterPointX: 261
faceCenterPointY: 75
headPositionsX: [ 260, 261, 259, 260, 260, 261, 260, 261, 263, 260, 261,
    261, 262, 260, 258, 260, 261, 260, 263, 262, 259, 262, 261, 260, 260,
    262, 260, 262, 261, 263, 262, 260, 262, 263, 263, 260, 260, 259, 263,
    263, 261, 260, 260, 261, 259, 260, 257, 257, 262, 261, 261, 262, 260,
    258, 259, 263, 261, 258, 262, 262, 261, 258, 260, 259, 262, 261, 261,
    261, 262, 261, 259, 259, 257, 258, 258, 259, 261, 262, 258, 260, 259,
    257, 256, 259, 257, 257, 257, 260, 256, 257, 260, 258, 261, 259, 261,
    262, 261, 259, 260, 260 ]
headPositionsY: [ 73, 74, 75, 73, 76, 75, 76, 76, 73, 78, 73, 77, 76, 75,
    74, 76, 74, 75, 73, 76, 75, 76, 75, 76, 78, 74, 75, 77, 74, 74, 76,
    77, 79, 81, 81, 80, 81, 73, 77, 72, 72, 72, 77, 81, 85, 88, 85, 86,
    80, 78, 75, 76, 76, 80, 84, 83, 85, 82, 82, 79, 72, 71, 73, 72, 75,
    79, 83, 84, 81, 80, 77, 74, 72, 72, 69, 72, 74, 76, 79, 81, 80, 81,
    81, 79, 78, 79, 74, 77, 74, 72, 71, 70, 73, 74, 76, 73, 72, 74, 75,
    74 ]
