%YAML:1.0
---
videoName: "headNod33.mp4"
gestureLabel: 202
fps: 29
pixelSizeInCmTemp: 2.9567901234567900e-01
faceCenterPointX: 268
faceCenterPointY: 74
headPositionsX: [ 268, 270, 269, 269, 268, 268, 271, 271, 270, 270, 272,
    271, 270, 271, 269, 269, 273, 270, 270, 272, 271, 271, 269, 271, 269,
    270, 268, 270, 267, 269, 271, 271, 269, 269, 267, 271, 267, 270, 272,
    271, 268, 270, 268, 270, 270, 267, 271, 268, 271, 270, 267, 266, 268,
    267, 268, 266, 265, 266, 266, 266, 267, 266, 266, 270, 268, 267, 265,
    270, 268, 267, 269, 268, 266, 269, 267, 267, 268, 271, 270, 267, 270,
    268, 270, 269, 268, 266, 268, 269, 265, 266, 267, 269, 268, 270, 268,
    270, 270, 268, 267, 265 ]
headPositionsY: [ 75, 72, 72, 73, 71, 73, 72, 73, 73, 70, 74, 69, 71, 70,
    74, 70, 70, 73, 74, 72, 72, 70, 72, 70, 71, 74, 70, 71, 73, 74, 73,
    75, 74, 73, 75, 76, 75, 77, 75, 73, 69, 68, 63, 65, 68, 67, 73, 73,
    77, 82, 85, 83, 79, 75, 76, 72, 72, 71, 72, 69, 67, 70, 70, 71, 73,
    74, 78, 79, 75, 75, 75, 73, 72, 71, 70, 73, 72, 73, 75, 75, 75, 76,
    76, 80, 78, 77, 78, 75, 78, 75, 75, 74, 75, 75, 76, 77, 76, 73, 75,
    75 ]
