%YAML:1.0
---
videoName: "headLookLeft4.mp4"
gestureLabel: 203
fps: 29
pixelSizeInCmTemp: 3.4710144927536229e-01
faceCenterPointX: 288
faceCenterPointY: 74
headPositionsX: [ 289, 265, 266, 264, 264, 267, 268, 272, 271, 275, 278,
    277, 281, 285, 284, 288, 292, 294, 295, 295, 295, 293, 297, 294, 289,
    294, 291, 295, 297, 294, 295, 294, 295, 293, 293, 295, 294, 296, 296,
    295, 292, 291, 294, 296, 294, 290, 288, 294, 290, 289, 293, 291, 292,
    289, 291, 289, 289, 290, 289, 289, 291, 288, 289, 286, 288, 291, 290,
    290, 288, 291, 286, 291, 288, 293, 290, 290, 292, 289, 293, 292, 290,
    291, 292, 294, 290, 289, 289, 290, 291, 293, 291, 288, 290, 289, 290,
    290, 290, 290, 289, 291 ]
headPositionsY: [ 72, 78, 82, 80, 79, 78, 79, 80, 76, 75, 79, 80, 75, 78,
    75, 79, 76, 78, 78, 78, 73, 76, 73, 75, 77, 75, 78, 81, 75, 76, 78,
    78, 76, 78, 73, 77, 79, 75, 77, 74, 75, 76, 75, 77, 77, 76, 75, 78,
    72, 77, 72, 76, 74, 75, 73, 72, 74, 73, 74, 74, 72, 77, 74, 74, 74,
    75, 72, 76, 73, 75, 74, 74, 77, 78, 75, 77, 78, 74, 76, 73, 75, 75,
    76, 75, 72, 75, 76, 76, 73, 74, 78, 77, 75, 72, 75, 73, 73, 73, 76,
    77 ]
