%YAML:1.0
---
videoName: "headLookDown6.mp4"
gestureLabel: 206
fps: 29
pixelSizeInCmTemp: 3.4710144927536229e-01
faceCenterPointX: 276
faceCenterPointY: 98
headPositionsX: [ 275, 277, 274, 275, 276, 276, 277, 272, 277, 274, 274,
    276, 276, 275, 276, 276, 277, 275, 273, 274, 274, 276, 274, 276, 276,
    274, 272, 277, 273, 277, 275, 276, 277, 274, 275, 275, 275, 276, 273,
    274, 274, 275, 275, 274, 275, 277, 277, 275, 274, 276, 276, 275, 274,
    276, 274, 276, 273, 277, 274, 275, 273, 277, 276, 272, 276, 275, 272,
    276, 274, 275, 274, 274, 273, 274, 277, 274, 275, 275, 275, 275, 273,
    275, 275, 274, 277, 275, 276, 275, 278, 274, 276, 277, 275, 275, 277,
    274, 275, 277, 277, 274 ]
headPositionsY: [ 97, 79, 82, 79, 80, 80, 82, 82, 83, 80, 81, 81, 82, 80,
    83, 83, 83, 81, 81, 84, 83, 80, 83, 82, 83, 83, 83, 80, 84, 84, 80,
    85, 80, 85, 85, 81, 85, 83, 82, 85, 84, 85, 86, 86, 87, 90, 91, 89,
    92, 93, 93, 94, 96, 94, 97, 94, 99, 97, 98, 96, 94, 100, 98, 99, 97,
    97, 98, 96, 100, 98, 95, 97, 101, 98, 100, 99, 97, 97, 97, 98, 99,
    99, 99, 101, 101, 98, 101, 98, 97, 97, 99, 97, 96, 97, 98, 98, 96,
    96, 97, 96 ]
