%YAML:1.0
---
videoName: "headLookUp8.mp4"
gestureLabel: 205
fps: 29
pixelSizeInCmTemp: 3.4214285714285714e-01
faceCenterPointX: 253
faceCenterPointY: 59
headPositionsX: [ 254, 254, 253, 254, 254, 255, 254, 252, 251, 254, 253,
    255, 252, 253, 251, 252, 254, 251, 254, 253, 252, 253, 251, 252, 250,
    251, 252, 250, 252, 254, 253, 250, 252, 250, 253, 254, 252, 251, 253,
    250, 251, 253, 252, 250, 254, 254, 252, 254, 253, 249, 252, 254, 253,
    251, 254, 251, 252, 251, 250, 250, 254, 251, 255, 250, 255, 253, 251,
    254, 250, 255, 255, 251, 252, 252, 254, 252, 255, 252, 252, 251, 251,
    252, 255, 254, 254, 252, 255, 253, 252, 251, 254, 251, 255, 252, 255,
    250, 255, 255, 254, 251 ]
headPositionsY: [ 57, 79, 76, 76, 77, 77, 78, 76, 78, 75, 74, 75, 76, 77,
    76, 70, 72, 72, 72, 69, 69, 70, 68, 69, 66, 65, 67, 64, 63, 61, 61,
    60, 62, 63, 64, 60, 62, 58, 62, 58, 58, 59, 62, 59, 60, 59, 59, 62,
    61, 56, 58, 60, 58, 56, 60, 57, 57, 59, 60, 56, 58, 61, 59, 57, 61,
    57, 57, 59, 57, 59, 58, 60, 60, 60, 59, 60, 57, 61, 61, 60, 60, 57,
    58, 58, 58, 57, 60, 59, 58, 60, 59, 58, 59, 58, 61, 58, 58, 58, 62,
    58 ]
