%YAML:1.0
---
videoName: "headNod32.mp4"
gestureLabel: 202
fps: 29
pixelSizeInCmTemp: 2.8855421686746985e-01
faceCenterPointX: 266
faceCenterPointY: 74
headPositionsX: [ 266, 271, 270, 267, 267, 266, 264, 266, 265, 267, 266,
    267, 267, 267, 268, 267, 265, 264, 266, 267, 268, 267, 266, 266, 269,
    265, 268, 267, 264, 267, 269, 267, 266, 265, 268, 266, 267, 265, 266,
    268, 267, 266, 267, 269, 267, 266, 266, 268, 270, 269, 265, 269, 267,
    269, 266, 266, 268, 265, 267, 269, 266, 268, 266, 267, 267, 270, 268,
    269, 267, 267, 266, 267, 267, 266, 268, 264, 263, 264, 265, 264, 264,
    266, 267, 263, 263, 268, 266, 266, 267, 268, 265, 267, 269, 267, 268,
    266, 267, 266, 268, 266 ]
headPositionsY: [ 74, 77, 78, 78, 77, 80, 80, 79, 76, 77, 76, 79, 79, 79,
    77, 79, 78, 76, 79, 76, 78, 75, 78, 79, 76, 80, 80, 75, 80, 78, 81,
    78, 78, 77, 78, 78, 80, 76, 80, 77, 76, 76, 79, 76, 78, 75, 76, 77,
    76, 78, 80, 76, 78, 79, 77, 74, 75, 75, 76, 75, 69, 66, 68, 67, 65,
    70, 70, 73, 80, 81, 88, 87, 87, 86, 82, 82, 74, 74, 72, 72, 73, 70,
    70, 73, 69, 74, 73, 73, 73, 72, 75, 73, 78, 73, 76, 77, 74, 72, 77,
    76 ]
