%YAML:1.0
---
videoName: "headShake11.mp4"
gestureLabel: 201
fps: 29
pixelSizeInCmTemp: 3.2364864864864862e-01
faceCenterPointX: 244
faceCenterPointY: 76
headPositionsX: [ 246, 240, 239, 242, 240, 242, 245, 241, 243, 242, 240,
    243, 241, 242, 243, 244, 243, 241, 244, 242, 244, 243, 241, 240, 244,
    240, 244, 242, 248, 250, 254, 258, 259, 263, 260, 262, 262, 256, 251,
    249, 245, 238, 233, 231, 227, 228, 231, 232, 235, 241, 246, 252, 254,
    258, 259, 257, 255, 255, 249, 244, 238, 237, 232, 230, 230, 231, 234,
    241, 244, 249, 250, 256, 257, 258, 258, 254, 251, 249, 245, 240, 240,
    235, 234, 237, 233, 238, 240, 242, 246, 246, 248, 248, 249, 246, 248,
    245, 246, 244, 246, 246 ]
headPositionsY: [ 76, 74, 74, 74, 74, 70, 73, 70, 74, 72, 71, 74, 72, 70,
    74, 72, 74, 72, 72, 73, 75, 74, 75, 73, 72, 73, 72, 74, 73, 73, 71,
    70, 69, 73, 72, 70, 74, 75, 72, 74, 74, 76, 74, 73, 74, 72, 76, 75,
    76, 76, 75, 72, 73, 74, 72, 74, 73, 74, 73, 77, 75, 74, 74, 77, 76,
    77, 77, 73, 75, 75, 76, 74, 72, 74, 75, 71, 76, 74, 76, 76, 77, 74,
    75, 73, 75, 73, 74, 76, 73, 75, 75, 73, 73, 76, 73, 76, 73, 77, 77,
    73 ]
