%YAML:1.0
---
videoName: "headShake37.mp4"
gestureLabel: 201
fps: 30
pixelSizeInCmTemp: 3.1933333333333330e-01
faceCenterPointX: 263
faceCenterPointY: 83
headPositionsX: [ 261, 260, 260, 261, 261, 264, 260, 264, 260, 260, 265,
    262, 264, 261, 261, 263, 262, 261, 264, 260, 263, 264, 262, 262, 263,
    259, 263, 262, 262, 261, 260, 261, 263, 260, 260, 261, 262, 261, 261,
    262, 260, 262, 260, 262, 262, 260, 259, 265, 269, 269, 272, 278, 280,
    282, 282, 277, 273, 267, 258, 254, 255, 251, 255, 258, 263, 267, 272,
    274, 274, 270, 268, 267, 259, 258, 254, 252, 253, 251, 258, 256, 261,
    262, 262, 266, 264, 268, 264, 268, 267, 267, 266, 262, 264, 262, 263,
    261, 265, 264, 265, 262 ]
headPositionsY: [ 82, 82, 82, 82, 81, 81, 82, 84, 81, 81, 83, 81, 81, 81,
    82, 85, 84, 80, 84, 84, 85, 81, 81, 84, 82, 84, 84, 83, 81, 83, 81,
    84, 84, 83, 83, 85, 82, 83, 82, 83, 82, 82, 81, 81, 85, 81, 84, 81,
    81, 83, 82, 81, 78, 78, 79, 80, 83, 84, 84, 80, 79, 79, 82, 84, 80,
    82, 80, 81, 80, 80, 81, 81, 83, 81, 81, 80, 85, 80, 85, 83, 82, 82,
    82, 83, 81, 82, 84, 82, 80, 83, 82, 85, 85, 83, 80, 85, 82, 83, 83,
    84 ]
