%YAML:1.0
---
videoName: "headShake27.mp4"
gestureLabel: 201
fps: 29
pixelSizeInCmTemp: 3.3263888888888887e-01
faceCenterPointX: 244
faceCenterPointY: 78
headPositionsX: [ 246, 246, 244, 247, 251, 253, 252, 255, 257, 254, 257,
    257, 256, 252, 252, 252, 250, 248, 245, 240, 241, 239, 239, 235, 233,
    234, 232, 231, 230, 232, 231, 235, 236, 234, 240, 241, 242, 243, 243,
    245, 248, 248, 249, 247, 252, 250, 249, 248, 247, 246, 245, 241, 243,
    240, 236, 236, 236, 233, 232, 233, 230, 234, 233, 235, 233, 234, 237,
    240, 242, 240, 241, 245, 244, 244, 247, 249, 249, 249, 249, 247, 248,
    249, 245, 244, 245, 247, 246, 245, 245, 247, 246, 243, 243, 245, 246,
    245, 246, 242, 245, 244 ]
headPositionsY: [ 78, 80, 78, 79, 79, 76, 77, 76, 76, 75, 76, 74, 77, 74,
    77, 77, 78, 76, 77, 80, 81, 78, 77, 79, 80, 78, 79, 78, 78, 80, 79,
    77, 80, 80, 77, 77, 80, 80, 81, 80, 79, 77, 82, 78, 81, 80, 80, 80,
    80, 80, 81, 77, 78, 80, 79, 82, 78, 78, 79, 80, 77, 79, 78, 78, 78,
    77, 79, 78, 79, 79, 77, 80, 77, 80, 78, 81, 77, 80, 78, 79, 78, 78,
    77, 78, 81, 81, 79, 82, 77, 82, 80, 81, 80, 81, 82, 78, 80, 77, 80,
    79 ]
