%YAML:1.0
---
videoName: "headLookUp9.mp4"
gestureLabel: 205
fps: 29
pixelSizeInCmTemp: 3.3732394366197183e-01
faceCenterPointX: 251
faceCenterPointY: 57
headPositionsX: [ 252, 253, 250, 252, 249, 253, 252, 253, 251, 254, 249,
    250, 250, 252, 253, 253, 249, 253, 253, 251, 252, 251, 249, 252, 251,
    252, 252, 253, 251, 250, 253, 254, 252, 252, 252, 253, 252, 251, 252,
    250, 253, 254, 249, 252, 254, 249, 252, 249, 250, 252, 252, 249, 249,
    249, 253, 251, 252, 252, 249, 253, 253, 251, 250, 252, 251, 250, 252,
    249, 249, 250, 250, 250, 254, 253, 249, 252, 249, 250, 249, 249, 253,
    249, 251, 249, 252, 249, 250, 250, 253, 252, 251, 253, 249, 252, 250,
    251, 250, 249, 251, 252 ]
headPositionsY: [ 58, 72, 71, 75, 71, 73, 73, 72, 76, 75, 73, 75, 76, 75,
    73, 73, 72, 76, 76, 76, 75, 75, 72, 73, 76, 75, 73, 71, 74, 74, 73,
    71, 69, 72, 68, 66, 68, 68, 66, 68, 66, 65, 64, 63, 62, 62, 63, 62,
    59, 58, 59, 57, 57, 56, 57, 61, 60, 57, 55, 57, 58, 56, 56, 58, 55,
    57, 55, 59, 55, 57, 58, 58, 59, 58, 58, 57, 59, 57, 55, 58, 58, 55,
    55, 55, 55, 56, 59, 55, 55, 58, 59, 58, 59, 56, 55, 57, 56, 56, 58,
    58 ]
