%YAML:1.0
---
videoName: "headShake4.mp4"
gestureLabel: 201
fps: 30
pixelSizeInCmTemp: 3.2364864864864862e-01
faceCenterPointX: 237
faceCenterPointY: 101
headPositionsX: [ 239, 241, 247, 248, 253, 252, 256, 252, 251, 250, 246,
    236, 231, 228, 226, 222, 227, 232, 237, 243, 246, 252, 255, 249, 251,
    248, 238, 234, 231, 222, 222, 225, 224, 227, 233, 239, 245, 249, 253,
    256, 257, 252, 247, 246, 236, 230, 229, 227, 224, 227, 227, 229, 232,
    240, 242, 247, 246, 248, 247, 248, 246, 243, 241, 239, 232, 230, 232,
    232, 227, 233, 233, 234, 236, 235, 238, 238, 240, 241, 240, 241, 240,
    239, 242, 239, 240, 235, 235, 236, 236, 240, 238, 238, 237, 234, 236,
    238, 235, 236, 237, 239 ]
headPositionsY: [ 102, 97, 100, 96, 98, 99, 99, 96, 96, 99, 101, 100,
    101, 100, 96, 98, 99, 99, 102, 100, 98, 98, 97, 97, 100, 99, 99, 100,
    100, 100, 97, 100, 99, 100, 99, 100, 98, 99, 96, 99, 100, 98, 100,
    99, 101, 98, 100, 99, 102, 99, 99, 98, 98, 99, 101, 102, 98, 100,
    100, 97, 100, 101, 101, 101, 100, 100, 102, 101, 98, 97, 101, 99,
    101, 99, 102, 100, 99, 98, 100, 100, 101, 99, 103, 98, 102, 102, 98,
    98, 99, 99, 101, 100, 97, 98, 101, 103, 98, 99, 102, 101 ]
