%YAML:1.0
---
videoName: "headShake12.mp4"
gestureLabel: 201
fps: 29
pixelSizeInCmTemp: 3.2808219178082193e-01
faceCenterPointX: 241
faceCenterPointY: 76
headPositionsX: [ 243, 238, 238, 239, 241, 243, 244, 241, 244, 240, 244,
    242, 240, 240, 240, 243, 243, 240, 244, 242, 240, 244, 242, 241, 240,
    243, 240, 240, 244, 242, 243, 243, 243, 244, 243, 243, 244, 243, 244,
    242, 239, 239, 241, 239, 242, 243, 242, 243, 243, 242, 241, 243, 239,
    241, 243, 241, 241, 240, 243, 244, 247, 254, 256, 257, 259, 260, 255,
    253, 248, 240, 238, 235, 230, 231, 238, 242, 245, 250, 252, 254, 251,
    249, 247, 243, 239, 241, 238, 236, 234, 238, 236, 236, 240, 238, 241,
    240, 240, 238, 242, 242 ]
headPositionsY: [ 78, 70, 72, 71, 75, 72, 74, 72, 73, 75, 71, 73, 75, 74,
    76, 75, 74, 72, 76, 73, 74, 75, 75, 75, 71, 77, 76, 73, 74, 72, 74,
    71, 74, 72, 72, 76, 76, 73, 72, 72, 75, 76, 75, 74, 76, 74, 73, 72,
    73, 76, 72, 75, 72, 73, 76, 72, 75, 76, 72, 72, 71, 76, 74, 72, 72,
    73, 73, 75, 74, 75, 77, 78, 76, 77, 75, 78, 75, 76, 73, 74, 74, 75,
    77, 76, 74, 77, 73, 75, 75, 77, 77, 74, 75, 74, 77, 74, 74, 74, 78,
    74 ]
