%YAML:1.0
---
videoName: "headLookRight1.mp4"
gestureLabel: 204
fps: 29
pixelSizeInCmTemp: 3.3263888888888887e-01
faceCenterPointX: 232
faceCenterPointY: 68
headPositionsX: [ 231, 254, 255, 258, 254, 258, 258, 256, 258, 254, 256,
    255, 254, 257, 257, 256, 255, 257, 257, 254, 255, 255, 257, 255, 256,
    256, 254, 256, 253, 257, 255, 254, 253, 248, 246, 245, 241, 238, 238,
    233, 234, 235, 231, 230, 229, 235, 231, 226, 231, 230, 231, 235, 233,
    230, 230, 233, 232, 234, 235, 235, 230, 231, 233, 234, 235, 230, 230,
    231, 232, 235, 232, 230, 234, 232, 237, 230, 230, 233, 230, 235, 230,
    231, 230, 231, 233, 233, 231, 230, 233, 233, 234, 232, 232, 231, 233,
    232, 235, 233, 232, 234 ]
headPositionsY: [ 70, 68, 69, 69, 68, 68, 67, 68, 69, 67, 70, 67, 68, 68,
    67, 70, 66, 69, 69, 70, 71, 69, 69, 70, 70, 70, 67, 66, 70, 67, 68,
    67, 69, 66, 69, 70, 69, 68, 68, 67, 69, 66, 67, 66, 65, 67, 68, 68,
    67, 68, 69, 68, 71, 71, 67, 67, 68, 66, 67, 65, 70, 69, 67, 69, 66,
    68, 68, 71, 66, 69, 67, 70, 67, 67, 68, 69, 71, 68, 69, 68, 68, 66,
    67, 66, 69, 71, 66, 70, 69, 69, 67, 67, 69, 67, 67, 69, 69, 68, 69,
    68 ]
