%YAML:1.0
---
videoName: "headShake35.mp4"
gestureLabel: 201
fps: 29
pixelSizeInCmTemp: 3.2364864864864862e-01
faceCenterPointX: 267
faceCenterPointY: 82
headPositionsX: [ 265, 269, 269, 265, 268, 268, 269, 266, 270, 267, 269,
    266, 266, 268, 267, 270, 266, 267, 270, 266, 270, 269, 267, 268, 267,
    265, 266, 270, 267, 267, 269, 266, 266, 270, 267, 269, 266, 270, 267,
    266, 268, 265, 266, 269, 265, 269, 270, 266, 265, 269, 268, 267, 269,
    265, 267, 269, 266, 269, 265, 265, 266, 266, 266, 272, 275, 274, 279,
    282, 278, 277, 276, 273, 267, 261, 261, 259, 259, 263, 263, 269, 272,
    277, 273, 274, 272, 269, 263, 263, 262, 262, 262, 262, 263, 267, 268,
    268, 267, 266, 266, 266 ]
headPositionsY: [ 84, 79, 81, 79, 82, 82, 78, 80, 79, 79, 82, 81, 81, 82,
    77, 81, 80, 82, 81, 78, 79, 79, 80, 80, 79, 78, 78, 79, 82, 80, 82,
    77, 83, 80, 78, 80, 79, 81, 81, 78, 81, 82, 82, 81, 78, 82, 81, 79,
    79, 83, 78, 80, 82, 80, 80, 81, 82, 80, 78, 78, 79, 82, 81, 81, 81,
    79, 82, 81, 80, 79, 81, 83, 81, 79, 79, 81, 83, 80, 83, 80, 83, 80,
    82, 83, 82, 80, 79, 79, 81, 80, 79, 79, 81, 81, 80, 82, 81, 80, 79,
    82 ]
