%YAML:1.0
---
videoName: "headLookRight5.mp4"
gestureLabel: 204
fps: 29
pixelSizeInCmTemp: 3.1513157894736843e-01
faceCenterPointX: 228
faceCenterPointY: 76
headPositionsX: [ 226, 249, 248, 248, 250, 248, 251, 252, 250, 250, 249,
    251, 248, 249, 251, 247, 249, 250, 248, 251, 246, 250, 248, 247, 249,
    252, 247, 248, 252, 246, 248, 249, 248, 244, 242, 242, 236, 235, 234,
    229, 230, 230, 226, 225, 227, 226, 227, 222, 226, 230, 227, 225, 223,
    226, 227, 228, 226, 227, 225, 222, 225, 222, 229, 225, 229, 226, 225,
    227, 226, 229, 226, 222, 223, 226, 223, 225, 227, 225, 228, 225, 225,
    223, 224, 223, 224, 225, 227, 224, 227, 228, 225, 225, 223, 227, 225,
    225, 223, 223, 225, 226 ]
headPositionsY: [ 75, 72, 75, 76, 74, 75, 73, 75, 75, 72, 72, 74, 74, 75,
    74, 72, 77, 73, 75, 74, 75, 74, 74, 72, 75, 74, 75, 77, 74, 75, 76,
    75, 73, 74, 77, 74, 72, 74, 73, 73, 75, 73, 75, 76, 73, 74, 74, 73,
    74, 75, 73, 73, 75, 74, 76, 77, 75, 75, 75, 75, 77, 73, 74, 74, 77,
    74, 73, 76, 76, 72, 73, 76, 72, 77, 72, 75, 72, 76, 75, 69, 75, 76,
    74, 77, 75, 75, 72, 74, 76, 77, 74, 75, 74, 75, 72, 76, 76, 75, 75,
    73 ]
