%YAML:1.0
---
videoName: "headLookRight5.mp4"
gestureLabel: 204
fps: 29
pixelSizeInCmTemp: 3.1513157894736843e-01
faceCenterPointX: 228
faceCenterPointY: 76
headPositionsX: [ 230, 249, 251, 249, 251, 247, 249, 250, 247, 249, 247,
    250, 248, 247, 248, 248, 249, 252, 251, 252, 247, 250, 248, 247, 248,
    251, 247, 247, 248, 249, 248, 247, 247, 247, 241, 241, 237, 235, 231,
    229, 232, 227, 225, 226, 225, 226, 223, 223, 228, 228, 227, 228, 221,
    229, 224, 226, 226, 228, 226, 225, 226, 222, 227, 224, 228, 228, 224,
    228, 228, 225, 227, 223, 223, 228, 226, 227, 228, 227, 225, 226, 222,
    224, 224, 223, 225, 224, 226, 221, 224, 227, 225, 226, 223, 225, 224,
    224, 225, 223, 226, 224 ]
headPositionsY: [ 75, 76, 76, 74, 76, 73, 76, 75, 74, 74, 76, 76, 72, 76,
    75, 75, 73, 77, 77, 76, 76, 75, 74, 75, 72, 77, 74, 74, 75, 77, 74,
    73, 73, 73, 74, 73, 71, 74, 72, 71, 75, 73, 74, 75, 75, 77, 71, 75,
    75, 76, 74, 74, 76, 77, 74, 77, 72, 76, 73, 75, 75, 74, 75, 75, 73,
    73, 76, 74, 74, 75, 74, 77, 75, 74, 73, 73, 72, 77, 74, 69, 74, 75,
    77, 76, 71, 73, 76, 71, 75, 75, 71, 77, 73, 75, 70, 75, 75, 76, 76,
    72 ]
