%YAML:1.0
---
videoName: "headLookRight6.mp4"
gestureLabel: 204
fps: 29
pixelSizeInCmTemp: 3.8015873015873014e-01
faceCenterPointX: 226
faceCenterPointY: 72
headPositionsX: [ 226, 248, 250, 249, 250, 247, 249, 250, 250, 250, 248,
    248, 249, 247, 250, 250, 250, 248, 252, 253, 250, 252, 251, 252, 249,
    248, 252, 253, 253, 253, 253, 252, 249, 251, 246, 247, 244, 240, 235,
    237, 234, 230, 230, 229, 225, 227, 226, 225, 225, 226, 226, 224, 228,
    225, 224, 228, 229, 225, 225, 226, 230, 227, 228, 224, 227, 226, 224,
    226, 227, 229, 225, 229, 228, 226, 227, 226, 230, 225, 227, 227, 227,
    226, 224, 225, 223, 229, 227, 229, 227, 228, 227, 226, 229, 227, 224,
    228, 226, 228, 228, 227 ]
headPositionsY: [ 71, 72, 69, 75, 74, 70, 73, 72, 75, 72, 74, 71, 72, 75,
    76, 73, 71, 73, 74, 76, 76, 76, 72, 72, 75, 72, 76, 75, 73, 76, 72,
    75, 76, 74, 74, 73, 72, 74, 74, 74, 71, 75, 73, 73, 74, 73, 73, 71,
    77, 74, 75, 68, 75, 76, 74, 75, 76, 74, 74, 75, 77, 76, 75, 71, 76,
    70, 73, 74, 77, 76, 73, 76, 74, 73, 71, 72, 72, 76, 72, 73, 74, 76,
    74, 69, 72, 73, 74, 74, 74, 76, 72, 72, 77, 72, 69, 73, 71, 74, 76,
    70 ]
