%YAML:1.0
---
videoName: "headLookUp9.mp4"
gestureLabel: 205
fps: 29
pixelSizeInCmTemp: 3.3732394366197183e-01
faceCenterPointX: 251
faceCenterPointY: 57
headPositionsX: [ 250, 254, 254, 250, 250, 252, 250, 251, 252, 252, 253,
    250, 251, 252, 252, 253, 253, 249, 253, 253, 251, 254, 251, 252, 252,
    253, 252, 250, 250, 251, 252, 253, 250, 253, 252, 251, 250, 252, 252,
    250, 253, 250, 250, 252, 253, 249, 251, 251, 253, 250, 250, 250, 249,
    252, 252, 252, 249, 250, 252, 253, 250, 252, 252, 250, 251, 250, 249,
    252, 251, 252, 251, 249, 252, 252, 249, 253, 253, 251, 252, 252, 250,
    251, 253, 252, 252, 251, 249, 249, 251, 252, 249, 254, 252, 252, 252,
    250, 252, 253, 250, 250 ]
headPositionsY: [ 57, 75, 73, 73, 73, 75, 74, 76, 76, 76, 72, 73, 75, 73,
    76, 75, 72, 76, 72, 76, 75, 72, 72, 75, 74, 74, 72, 72, 74, 75, 70,
    73, 73, 70, 68, 66, 70, 68, 69, 68, 64, 65, 61, 62, 59, 60, 61, 61,
    61, 61, 58, 60, 58, 56, 56, 61, 60, 58, 57, 58, 59, 55, 55, 56, 57,
    56, 58, 56, 56, 57, 57, 56, 58, 55, 57, 57, 55, 55, 59, 56, 59, 55,
    56, 59, 57, 55, 58, 57, 55, 55, 55, 59, 55, 60, 56, 56, 57, 56, 55,
    56 ]
