%YAML:1.0
---
videoName: "headLookLeft5.mp4"
gestureLabel: 203
fps: 30
pixelSizeInCmTemp: 3.5746268656716418e-01
faceCenterPointX: 284
faceCenterPointY: 67
headPositionsX: [ 286, 257, 258, 262, 260, 260, 259, 261, 259, 261, 259,
    261, 260, 259, 260, 263, 262, 265, 265, 262, 265, 267, 268, 267, 271,
    272, 276, 276, 276, 280, 279, 283, 286, 280, 286, 284, 286, 287, 282,
    286, 287, 283, 282, 284, 288, 286, 284, 287, 283, 284, 286, 282, 285,
    283, 282, 284, 283, 283, 282, 284, 285, 282, 282, 284, 283, 283, 286,
    284, 283, 284, 286, 284, 286, 283, 284, 285, 289, 285, 285, 287, 284,
    287, 288, 286, 285, 284, 285, 287, 286, 289, 285, 287, 284, 287, 284,
    286, 284, 281, 283, 283 ]
headPositionsY: [ 66, 70, 73, 69, 70, 73, 73, 71, 70, 69, 72, 73, 72, 71,
    69, 71, 73, 74, 73, 72, 73, 70, 73, 68, 69, 68, 70, 68, 67, 69, 67,
    71, 67, 67, 69, 67, 68, 71, 69, 71, 71, 67, 66, 69, 70, 71, 71, 66,
    66, 69, 70, 69, 68, 69, 66, 68, 68, 68, 67, 67, 70, 69, 66, 70, 66,
    70, 66, 69, 68, 70, 71, 71, 71, 68, 67, 68, 70, 66, 68, 68, 70, 66,
    67, 67, 70, 70, 69, 66, 68, 68, 69, 70, 67, 67, 71, 67, 67, 65, 69,
    69 ]
