%YAML:1.0
---
videoName: "headNod28.mp4"
gestureLabel: 202
fps: 30
pixelSizeInCmTemp: 3.2364864864864862e-01
faceCenterPointX: 270
faceCenterPointY: 76
headPositionsX: [ 269, 273, 271, 272, 270, 273, 273, 273, 270, 270, 270,
    270, 272, 270, 272, 269, 270, 268, 270, 268, 272, 269, 272, 268, 270,
    268, 269, 270, 272, 269, 270, 272, 269, 269, 268, 269, 270, 269, 271,
    272, 272, 272, 271, 270, 267, 272, 268, 272, 269, 271, 268, 272, 270,
    271, 269, 271, 269, 270, 270, 271, 272, 271, 271, 270, 271, 269, 271,
    270, 273, 272, 272, 273, 270, 269, 271, 273, 272, 273, 269, 271, 272,
    270, 269, 270, 271, 272, 270, 272, 271, 273, 269, 273, 271, 270, 271,
    270, 268, 270, 270, 270 ]
headPositionsY: [ 74, 76, 73, 72, 74, 73, 73, 75, 74, 76, 74, 73, 74, 72,
    73, 74, 72, 73, 73, 76, 76, 77, 75, 73, 73, 74, 72, 74, 75, 74, 76,
    77, 75, 73, 75, 74, 74, 72, 72, 74, 73, 76, 78, 79, 83, 83, 82, 79,
    78, 76, 75, 74, 71, 71, 70, 73, 71, 75, 76, 80, 78, 80, 82, 77, 78,
    74, 73, 73, 72, 73, 74, 76, 77, 80, 80, 80, 81, 78, 77, 73, 75, 74,
    71, 75, 75, 76, 78, 78, 75, 76, 77, 73, 78, 74, 74, 77, 77, 79, 75,
    78 ]
