%YAML:1.0
---
videoName: "headShake11.mp4"
gestureLabel: 201
fps: 29
pixelSizeInCmTemp: 3.2364864864864862e-01
faceCenterPointX: 244
faceCenterPointY: 76
headPositionsX: [ 243, 239, 241, 243, 240, 240, 245, 241, 242, 243, 243,
    241, 242, 241, 241, 242, 244, 244, 244, 242, 244, 241, 243, 241, 240,
    243, 245, 246, 245, 251, 254, 255, 258, 259, 261, 260, 261, 258, 254,
    248, 244, 238, 232, 232, 226, 227, 231, 232, 236, 239, 246, 248, 253,
    257, 259, 258, 258, 255, 248, 243, 241, 237, 233, 230, 232, 234, 234,
    237, 241, 247, 252, 256, 260, 257, 255, 254, 252, 247, 244, 239, 238,
    235, 237, 234, 235, 236, 239, 241, 242, 248, 245, 248, 246, 248, 248,
    245, 247, 244, 244, 243 ]
headPositionsY: [ 78, 72, 70, 74, 70, 72, 73, 72, 71, 75, 72, 74, 74, 73,
    73, 73, 71, 71, 73, 75, 71, 75, 73, 73, 74, 75, 75, 71, 70, 72, 74,
    74, 71, 73, 73, 72, 74, 71, 72, 73, 76, 74, 74, 75, 75, 75, 74, 74,
    73, 73, 74, 74, 75, 75, 74, 70, 74, 73, 75, 76, 76, 76, 77, 76, 74,
    76, 77, 74, 77, 75, 75, 72, 72, 72, 74, 74, 74, 73, 74, 76, 73, 73,
    76, 73, 76, 74, 75, 76, 73, 73, 77, 75, 75, 76, 75, 75, 77, 75, 75,
    73 ]
