%YAML:1.0
---
videoName: "headNod41.mp4"
gestureLabel: 202
fps: 29
pixelSizeInCmTemp: 2.9937500000000000e-01
faceCenterPointX: 267
faceCenterPointY: 76
headPositionsX: [ 267, 268, 269, 272, 269, 270, 272, 268, 268, 271, 268,
    269, 269, 270, 269, 270, 269, 269, 272, 271, 269, 271, 271, 270, 268,
    268, 270, 270, 267, 271, 269, 270, 269, 270, 270, 270, 268, 272, 268,
    268, 270, 270, 270, 270, 271, 269, 270, 267, 270, 265, 267, 270, 269,
    269, 267, 271, 268, 270, 271, 270, 270, 270, 271, 267, 267, 269, 270,
    266, 268, 267, 266, 265, 267, 270, 269, 267, 265, 268, 265, 266, 269,
    266, 269, 268, 267, 265, 269, 268, 269, 269, 269, 265, 269, 267, 265,
    265, 268, 267, 269, 269 ]
headPositionsY: [ 77, 71, 71, 72, 75, 74, 73, 71, 71, 71, 75, 72, 73, 73,
    73, 76, 75, 76, 73, 73, 76, 74, 76, 75, 74, 74, 74, 76, 73, 74, 72,
    75, 73, 75, 73, 74, 72, 73, 77, 79, 79, 85, 87, 87, 93, 93, 91, 85,
    84, 80, 80, 71, 70, 68, 66, 64, 65, 67, 72, 77, 82, 86, 93, 91, 93,
    89, 85, 80, 77, 73, 73, 69, 73, 72, 71, 77, 82, 85, 83, 86, 84, 81,
    76, 74, 76, 73, 75, 73, 74, 74, 80, 81, 78, 81, 78, 79, 79, 75, 74,
    75 ]
