%YAML:1.0
---
videoName: "headLookRight2.mp4"
gestureLabel: 204
fps: 29
pixelSizeInCmTemp: 3.8015873015873014e-01
faceCenterPointX: 228
faceCenterPointY: 68
headPositionsX: [ 228, 251, 253, 251, 253, 250, 249, 250, 250, 254, 249,
    254, 253, 250, 250, 254, 253, 251, 253, 250, 253, 254, 253, 251, 251,
    253, 254, 254, 254, 252, 255, 252, 251, 254, 253, 251, 256, 251, 251,
    252, 253, 254, 254, 255, 254, 251, 250, 249, 252, 251, 248, 247, 243,
    242, 241, 234, 233, 234, 231, 232, 229, 227, 229, 227, 227, 227, 225,
    229, 225, 227, 228, 231, 227, 229, 226, 228, 230, 229, 230, 230, 232,
    228, 228, 227, 229, 228, 232, 226, 227, 225, 228, 230, 231, 228, 226,
    227, 230, 229, 226, 228 ]
headPositionsY: [ 67, 65, 66, 65, 70, 70, 66, 68, 66, 66, 69, 69, 69, 66,
    70, 69, 69, 70, 68, 67, 71, 70, 71, 69, 71, 70, 72, 69, 69, 70, 72,
    67, 69, 71, 69, 69, 71, 68, 69, 68, 69, 71, 68, 71, 71, 71, 71, 71,
    67, 68, 68, 71, 67, 67, 69, 69, 67, 72, 67, 68, 68, 68, 70, 67, 68,
    70, 69, 69, 71, 69, 70, 67, 71, 69, 68, 72, 72, 69, 72, 72, 68, 68,
    69, 73, 70, 68, 68, 68, 68, 69, 69, 68, 69, 68, 66, 68, 68, 70, 73,
    68 ]
