%YAML:1.0
---
videoName: "headShake42.mp4"
gestureLabel: 201
fps: 29
pixelSizeInCmTemp: 3.2808219178082193e-01
faceCenterPointX: 257
faceCenterPointY: 85
headPositionsX: [ 257, 271, 273, 277, 278, 274, 277, 276, 274, 273, 273,
    271, 266, 264, 259, 257, 252, 250, 248, 247, 245, 245, 241, 241, 245,
    243, 249, 251, 253, 259, 263, 269, 272, 274, 278, 279, 279, 277, 277,
    278, 274, 271, 265, 267, 260, 260, 257, 249, 252, 248, 244, 245, 247,
    244, 245, 249, 248, 252, 255, 257, 259, 263, 262, 266, 267, 266, 265,
    269, 268, 268, 266, 269, 266, 266, 262, 265, 260, 259, 259, 259, 260,
    257, 257, 258, 258, 258, 257, 255, 256, 259, 258, 257, 254, 258, 255,
    255, 257, 258, 257, 258 ]
headPositionsY: [ 86, 83, 80, 81, 80, 79, 84, 81, 80, 82, 83, 85, 82, 83,
    85, 85, 85, 85, 84, 81, 85, 84, 84, 85, 83, 82, 84, 85, 86, 85, 87,
    84, 82, 84, 81, 82, 84, 81, 81, 83, 86, 85, 87, 84, 87, 87, 86, 87,
    88, 86, 85, 85, 83, 85, 85, 83, 86, 88, 83, 85, 86, 84, 88, 87, 86,
    84, 87, 86, 86, 86, 86, 85, 84, 87, 86, 85, 86, 86, 88, 87, 87, 85,
    83, 84, 84, 86, 85, 85, 85, 87, 87, 88, 84, 85, 83, 87, 87, 86, 85,
    86 ]
