%YAML:1.0
---
videoName: "headShake3.mp4"
gestureLabel: 201
fps: 30
pixelSizeInCmTemp: 3.3263888888888887e-01
faceCenterPointX: 240
faceCenterPointY: 101
headPositionsX: [ 242, 242, 243, 241, 242, 243, 244, 243, 240, 239, 239,
    241, 240, 241, 244, 241, 243, 244, 240, 240, 241, 243, 243, 242, 239,
    240, 241, 242, 238, 241, 239, 239, 238, 242, 246, 250, 252, 255, 254,
    257, 255, 251, 248, 242, 240, 235, 229, 228, 226, 229, 235, 239, 243,
    247, 252, 251, 247, 245, 242, 236, 231, 228, 225, 223, 223, 225, 229,
    233, 237, 245, 244, 244, 243, 247, 242, 244, 239, 239, 234, 233, 235,
    233, 236, 233, 232, 238, 236, 236, 238, 238, 241, 238, 239, 239, 240,
    239, 239, 242, 241, 239 ]
headPositionsY: [ 100, 97, 101, 99, 98, 100, 98, 97, 100, 99, 97, 99, 97,
    100, 98, 100, 97, 100, 99, 101, 97, 97, 102, 98, 99, 101, 98, 100,
    99, 100, 98, 100, 99, 100, 96, 97, 99, 97, 100, 99, 97, 99, 97, 96,
    100, 100, 97, 99, 99, 99, 96, 97, 98, 96, 99, 99, 97, 96, 97, 97, 98,
    100, 97, 96, 99, 98, 99, 100, 101, 101, 97, 100, 98, 99, 101, 98, 99,
    99, 101, 99, 102, 100, 100, 98, 98, 101, 98, 101, 102, 100, 102, 99,
    98, 102, 99, 102, 103, 99, 102, 99 ]
