%YAML:1.0
---
videoName: "headNod25.mp4"
gestureLabel: 202
fps: 29
pixelSizeInCmTemp: 3.1933333333333330e-01
faceCenterPointX: 270
faceCenterPointY: 75
headPositionsX: [ 272, 272, 272, 273, 272, 272, 269, 272, 271, 269, 268,
    270, 267, 268, 271, 270, 270, 271, 272, 272, 270, 273, 274, 270, 272,
    272, 274, 272, 272, 274, 274, 272, 270, 270, 274, 273, 274, 271, 272,
    271, 273, 270, 270, 271, 273, 273, 270, 270, 274, 270, 271, 274, 271,
    272, 271, 271, 273, 273, 272, 271, 271, 272, 273, 273, 272, 273, 270,
    271, 270, 271, 270, 268, 269, 271, 271, 269, 269, 269, 273, 271, 273,
    272, 271, 270, 269, 269, 269, 272, 270, 270, 269, 269, 269, 272, 268,
    270, 271, 270, 270, 269 ]
headPositionsY: [ 73, 75, 73, 76, 72, 71, 72, 73, 72, 75, 76, 74, 75, 73,
    72, 75, 74, 73, 74, 77, 74, 74, 75, 75, 72, 76, 73, 75, 75, 75, 77,
    75, 75, 73, 77, 73, 77, 77, 77, 73, 72, 77, 73, 75, 73, 78, 75, 75,
    74, 69, 69, 69, 67, 63, 66, 66, 65, 65, 66, 68, 71, 77, 76, 85, 85,
    87, 89, 88, 84, 79, 78, 74, 71, 72, 69, 70, 70, 68, 70, 71, 74, 78,
    78, 78, 82, 79, 81, 79, 77, 79, 75, 77, 76, 76, 77, 78, 73, 76, 73,
    75 ]
