%YAML:1.0
---
videoName: "headLookLeft2.mp4"
gestureLabel: 203
fps: 29
pixelSizeInCmTemp: 3.6846153846153845e-01
faceCenterPointX: 278
faceCenterPointY: 74
headPositionsX: [ 280, 260, 261, 259, 257, 258, 258, 257, 260, 257, 260,
    260, 258, 258, 263, 260, 260, 259, 262, 264, 265, 267, 265, 267, 266,
    269, 273, 273, 272, 274, 279, 276, 278, 280, 276, 282, 277, 283, 276,
    278, 279, 282, 280, 281, 279, 281, 280, 283, 284, 281, 278, 284, 282,
    279, 278, 282, 280, 270, 280, 282, 283, 277, 282, 278, 277, 281, 280,
    281, 279, 279, 280, 282, 279, 275, 276, 281, 278, 280, 277, 280, 279,
    278, 278, 281, 283, 278, 284, 281, 276, 283, 282, 281, 283, 281, 280,
    279, 282, 280, 286, 278 ]
headPositionsY: [ 73, 73, 76, 76, 75, 74, 77, 74, 78, 77, 76, 74, 73, 76,
    74, 74, 75, 76, 78, 76, 77, 77, 76, 76, 75, 77, 76, 75, 76, 73, 72,
    74, 75, 76, 71, 76, 74, 72, 77, 75, 75, 77, 74, 73, 74, 73, 76, 76,
    77, 74, 74, 76, 76, 74, 72, 73, 73, 74, 73, 76, 75, 73, 72, 74, 74,
    76, 74, 77, 77, 72, 75, 75, 73, 73, 72, 73, 74, 75, 71, 76, 75, 73,
    73, 75, 77, 74, 74, 75, 76, 76, 76, 75, 75, 72, 74, 73, 76, 76, 77,
    71 ]
