%YAML:1.0
---
videoName: "headShake20.mp4"
gestureLabel: 201
fps: 29
pixelSizeInCmTemp: 3.3263888888888887e-01
faceCenterPointX: 242
faceCenterPointY: 78
headPositionsX: [ 242, 243, 242, 242, 244, 245, 242, 241, 245, 245, 244,
    243, 244, 241, 241, 241, 245, 243, 241, 243, 245, 242, 245, 242, 243,
    241, 243, 243, 245, 244, 242, 244, 241, 241, 241, 244, 243, 241, 245,
    246, 245, 252, 253, 256, 260, 260, 257, 252, 250, 241, 239, 233, 233,
    229, 229, 234, 240, 243, 246, 249, 251, 253, 249, 247, 244, 240, 233,
    235, 229, 232, 235, 240, 241, 241, 247, 247, 248, 247, 244, 239, 242,
    239, 240, 239, 243, 243, 244, 243, 244, 243, 241, 243, 245, 244, 242,
    245, 240, 240, 240, 240 ]
headPositionsY: [ 78, 75, 74, 78, 78, 78, 75, 78, 75, 78, 76, 75, 74, 79,
    78, 77, 74, 75, 78, 75, 74, 74, 75, 74, 78, 78, 78, 75, 78, 76, 76,
    76, 76, 75, 74, 75, 78, 78, 78, 75, 75, 74, 73, 74, 73, 76, 76, 77,
    76, 76, 74, 76, 75, 76, 75, 77, 74, 76, 75, 77, 76, 76, 77, 76, 77,
    78, 77, 75, 75, 78, 78, 76, 77, 77, 78, 76, 76, 79, 75, 78, 76, 77,
    77, 77, 76, 75, 75, 77, 79, 77, 75, 76, 78, 78, 76, 79, 79, 75, 75,
    76 ]
