%YAML:1.0
---
videoName: "headNod46.mp4"
gestureLabel: 202
fps: 30
pixelSizeInCmTemp: 2.8511904761904761e-01
faceCenterPointX: 264
faceCenterPointY: 72
headPositionsX: [ 263, 266, 262, 267, 265, 265, 264, 264, 265, 262, 263,
    263, 264, 263, 263, 263, 261, 262, 264, 263, 264, 265, 266, 264, 265,
    267, 268, 268, 265, 266, 266, 264, 266, 263, 261, 262, 261, 264, 260,
    260, 261, 262, 265, 263, 261, 261, 260, 261, 262, 261, 261, 263, 263,
    264, 265, 261, 265, 262, 264, 263, 263, 263, 261, 261, 266, 264, 263,
    262, 262, 264, 262, 266, 266, 265, 265, 264, 264, 263, 265, 266, 266,
    264, 262, 265, 264, 261, 265, 261, 264, 264, 263, 261, 263, 263, 261,
    265, 265, 265, 263, 263 ]
headPositionsY: [ 74, 68, 71, 70, 68, 71, 69, 72, 71, 74, 75, 78, 83, 84,
    88, 89, 89, 90, 86, 84, 78, 74, 75, 71, 72, 72, 72, 68, 71, 74, 79,
    83, 90, 89, 86, 83, 80, 74, 76, 70, 67, 67, 68, 72, 72, 77, 79, 83,
    84, 82, 80, 79, 73, 69, 68, 65, 66, 69, 68, 73, 75, 75, 76, 79, 76,
    74, 74, 68, 70, 67, 69, 69, 69, 76, 73, 73, 77, 74, 71, 70, 70, 68,
    71, 69, 73, 74, 76, 75, 73, 74, 74, 72, 71, 74, 69, 72, 71, 73, 73,
    71 ]
