%YAML:1.0
---
videoName: "headShake33.mp4"
gestureLabel: 201
fps: 29
pixelSizeInCmTemp: 3.2364864864864862e-01
faceCenterPointX: 244
faceCenterPointY: 84
headPositionsX: [ 243, 244, 246, 243, 243, 245, 248, 243, 244, 243, 243,
    245, 247, 244, 246, 244, 243, 244, 247, 245, 246, 246, 250, 251, 251,
    255, 258, 258, 262, 263, 260, 263, 265, 259, 260, 255, 251, 250, 246,
    242, 236, 235, 230, 229, 228, 227, 227, 225, 226, 230, 233, 238, 241,
    246, 250, 251, 258, 260, 256, 259, 258, 257, 256, 255, 253, 249, 248,
    245, 240, 237, 235, 232, 231, 230, 232, 233, 231, 231, 234, 237, 237,
    238, 238, 240, 246, 243, 244, 245, 247, 247, 247, 245, 246, 245, 243,
    243, 243, 243, 245, 242 ]
headPositionsY: [ 84, 83, 84, 85, 80, 82, 83, 84, 84, 81, 85, 84, 83, 81,
    84, 82, 81, 81, 85, 81, 84, 85, 81, 81, 84, 80, 83, 82, 81, 79, 81,
    83, 81, 82, 81, 81, 86, 82, 82, 84, 80, 84, 82, 80, 84, 80, 82, 82,
    82, 82, 82, 85, 85, 82, 81, 82, 82, 81, 83, 79, 79, 81, 81, 80, 81,
    83, 85, 85, 83, 83, 82, 85, 82, 82, 80, 84, 82, 85, 82, 83, 86, 81,
    82, 85, 84, 85, 81, 83, 84, 82, 85, 85, 82, 83, 85, 85, 82, 85, 84,
    85 ]
