%YAML:1.0
---
videoName: "headLookLeft2.mp4"
gestureLabel: 203
fps: 29
pixelSizeInCmTemp: 3.6846153846153845e-01
faceCenterPointX: 278
faceCenterPointY: 74
headPositionsX: [ 280, 259, 261, 259, 261, 258, 260, 257, 259, 258, 262,
    258, 259, 261, 261, 259, 261, 259, 263, 260, 262, 266, 266, 266, 269,
    269, 273, 275, 273, 274, 276, 276, 275, 278, 277, 283, 280, 282, 277,
    279, 278, 281, 283, 278, 279, 280, 280, 282, 287, 280, 280, 284, 280,
    279, 277, 282, 281, 273, 277, 282, 281, 276, 282, 280, 277, 278, 280,
    284, 279, 281, 280, 279, 282, 277, 279, 280, 278, 278, 279, 280, 277,
    279, 280, 281, 280, 276, 283, 277, 279, 282, 282, 279, 281, 281, 280,
    280, 282, 280, 285, 282 ]
headPositionsY: [ 72, 73, 73, 78, 73, 77, 74, 78, 77, 76, 73, 78, 77, 73,
    78, 74, 77, 77, 75, 76, 77, 77, 78, 73, 76, 74, 76, 76, 73, 74, 72,
    74, 72, 75, 73, 78, 75, 72, 76, 75, 73, 77, 75, 72, 72, 77, 76, 73,
    78, 73, 75, 76, 75, 73, 72, 76, 76, 76, 73, 74, 74, 71, 72, 73, 73,
    73, 76, 75, 77, 73, 72, 75, 76, 71, 73, 76, 75, 73, 71, 77, 72, 72,
    74, 73, 76, 74, 73, 75, 74, 74, 74, 74, 74, 74, 72, 75, 74, 73, 74,
    75 ]
