%YAML:1.0
---
videoName: "headLookLeft4.mp4"
gestureLabel: 203
fps: 29
pixelSizeInCmTemp: 3.4710144927536229e-01
faceCenterPointX: 288
faceCenterPointY: 74
headPositionsX: [ 290, 266, 265, 265, 266, 267, 269, 268, 274, 274, 276,
    280, 279, 286, 288, 290, 293, 292, 294, 296, 296, 295, 297, 296, 292,
    293, 292, 295, 299, 296, 296, 294, 295, 293, 291, 295, 296, 292, 295,
    291, 289, 290, 296, 297, 295, 289, 287, 293, 290, 292, 293, 292, 290,
    292, 288, 289, 288, 288, 290, 289, 290, 291, 289, 290, 289, 294, 289,
    288, 285, 289, 290, 292, 289, 293, 291, 289, 291, 286, 291, 292, 292,
    288, 290, 294, 289, 291, 288, 289, 294, 289, 288, 291, 291, 288, 291,
    289, 289, 291, 288, 287 ]
headPositionsY: [ 73, 77, 81, 81, 79, 79, 79, 76, 78, 75, 78, 78, 78, 79,
    75, 78, 75, 76, 78, 80, 76, 76, 75, 78, 77, 76, 75, 81, 76, 78, 75,
    79, 78, 75, 75, 75, 78, 73, 77, 77, 74, 74, 74, 74, 74, 72, 75, 75,
    73, 75, 73, 73, 73, 73, 74, 72, 74, 76, 72, 76, 76, 76, 74, 73, 74,
    73, 76, 75, 76, 75, 74, 73, 74, 74, 76, 73, 75, 76, 76, 73, 74, 72,
    77, 76, 73, 74, 73, 73, 77, 77, 76, 73, 75, 72, 75, 76, 77, 73, 75,
    73 ]
