%YAML:1.0
---
videoName: "headShake39.mp4"
gestureLabel: 201
fps: 29
pixelSizeInCmTemp: 3.1933333333333330e-01
faceCenterPointX: 263
faceCenterPointY: 83
headPositionsX: [ 265, 262, 262, 261, 259, 262, 263, 259, 262, 261, 260,
    263, 261, 262, 259, 262, 262, 258, 263, 257, 261, 257, 256, 252, 252,
    250, 249, 246, 241, 244, 244, 242, 248, 253, 258, 261, 265, 270, 274,
    283, 282, 282, 276, 269, 263, 258, 253, 249, 245, 245, 245, 247, 255,
    255, 260, 268, 273, 276, 280, 281, 279, 271, 268, 265, 257, 254, 253,
    247, 250, 247, 253, 249, 255, 256, 256, 259, 262, 261, 265, 264, 266,
    265, 266, 265, 267, 268, 267, 264, 263, 263, 263, 262, 264, 261, 263,
    265, 261, 262, 261, 262 ]
headPositionsY: [ 83, 83, 82, 83, 85, 82, 84, 83, 83, 80, 83, 81, 82, 82,
    81, 81, 83, 83, 85, 83, 81, 81, 83, 82, 84, 84, 82, 84, 82, 82, 82,
    81, 84, 81, 83, 81, 80, 80, 81, 78, 79, 81, 83, 84, 81, 86, 84, 80,
    84, 84, 81, 81, 82, 81, 82, 84, 80, 79, 78, 78, 80, 81, 85, 81, 82,
    82, 78, 81, 78, 78, 81, 80, 80, 83, 82, 81, 84, 82, 83, 84, 83, 84,
    84, 81, 84, 82, 83, 82, 82, 83, 82, 85, 84, 83, 83, 81, 81, 82, 81,
    81 ]
