%YAML:1.0
---
videoName: "headShake43.mp4"
gestureLabel: 201
fps: 29
pixelSizeInCmTemp: 3.2808219178082193e-01
faceCenterPointX: 257
faceCenterPointY: 84
headPositionsX: [ 255, 263, 260, 262, 260, 259, 258, 262, 261, 258, 259,
    261, 258, 260, 260, 260, 259, 258, 258, 260, 258, 262, 263, 259, 261,
    263, 264, 267, 267, 272, 270, 272, 280, 277, 279, 282, 281, 278, 277,
    277, 269, 267, 262, 256, 250, 247, 242, 245, 243, 245, 248, 254, 257,
    263, 267, 271, 274, 274, 274, 271, 272, 266, 263, 255, 249, 244, 244,
    242, 241, 249, 246, 253, 256, 262, 264, 268, 270, 270, 269, 269, 270,
    269, 268, 266, 264, 261, 261, 258, 258, 259, 255, 255, 258, 256, 259,
    258, 258, 258, 259, 257 ]
headPositionsY: [ 82, 85, 87, 83, 85, 85, 87, 83, 86, 87, 86, 83, 86, 84,
    85, 86, 83, 87, 87, 83, 84, 87, 86, 84, 84, 84, 86, 85, 84, 84, 82,
    83, 80, 82, 85, 82, 85, 82, 82, 81, 86, 87, 86, 87, 86, 85, 83, 82,
    81, 83, 84, 85, 86, 83, 83, 82, 83, 81, 84, 80, 83, 84, 82, 86, 81,
    84, 81, 82, 85, 85, 85, 84, 82, 87, 86, 82, 83, 82, 85, 84, 85, 84,
    83, 82, 84, 86, 86, 83, 85, 84, 84, 81, 83, 85, 84, 83, 84, 83, 83,
    83 ]
