%YAML:1.0
---
videoName: "headNod18.mp4"
gestureLabel: 202
fps: 29
pixelSizeInCmTemp: 3.3263888888888887e-01
faceCenterPointX: 255
faceCenterPointY: 77
headPositionsX: [ 255, 255, 254, 255, 256, 256, 255, 257, 259, 255, 255,
    256, 254, 258, 256, 254, 255, 256, 254, 255, 255, 256, 253, 253, 255,
    253, 256, 254, 254, 254, 256, 256, 255, 254, 255, 257, 253, 254, 254,
    254, 253, 254, 254, 257, 254, 256, 254, 256, 258, 254, 255, 254, 254,
    255, 256, 253, 252, 256, 256, 255, 256, 255, 253, 255, 257, 253, 255,
    254, 252, 256, 253, 252, 252, 252, 256, 256, 253, 253, 254, 252, 254,
    256, 251, 255, 252, 254, 256, 255, 256, 254, 255, 252, 256, 257, 254,
    254, 258, 255, 256, 257 ]
headPositionsY: [ 79, 76, 78, 76, 78, 75, 78, 75, 76, 75, 77, 76, 75, 76,
    78, 79, 79, 78, 79, 76, 77, 78, 78, 79, 79, 78, 81, 79, 77, 79, 80,
    78, 77, 78, 78, 77, 79, 79, 79, 76, 76, 74, 71, 74, 71, 74, 71, 70,
    73, 73, 77, 78, 80, 82, 79, 81, 77, 74, 73, 70, 73, 75, 79, 80, 83,
    81, 78, 77, 73, 73, 73, 73, 78, 80, 84, 85, 83, 78, 78, 76, 75, 77,
    73, 76, 78, 83, 85, 80, 80, 82, 81, 77, 79, 79, 79, 79, 77, 77, 79,
    78 ]
