%YAML:1.0
---
videoName: "headNod1.mp4"
gestureLabel: 202
fps: 29
pixelSizeInCmTemp: 3.2808219178082193e-01
faceCenterPointX: 263
faceCenterPointY: 78
headPositionsX: [ 261, 261, 264, 265, 261, 266, 260, 263, 264, 262, 261,
    263, 265, 263, 263, 263, 265, 265, 264, 262, 262, 263, 267, 263, 263,
    264, 264, 263, 265, 262, 266, 262, 262, 263, 265, 264, 263, 264, 266,
    265, 264, 262, 263, 263, 268, 266, 263, 266, 267, 263, 265, 264, 265,
    265, 260, 265, 260, 263, 261, 261, 261, 261, 263, 263, 263, 262, 265,
    264, 264, 262, 263, 265, 262, 261, 262, 263, 260, 260, 264, 262, 263,
    261, 259, 261, 261, 261, 261, 265, 264, 262, 263, 261, 264, 262, 263,
    264, 263, 262, 263, 261 ]
headPositionsY: [ 79, 76, 72, 72, 73, 74, 73, 77, 75, 76, 75, 76, 76, 74,
    76, 73, 76, 72, 74, 77, 73, 72, 76, 73, 73, 75, 76, 76, 74, 76, 76,
    75, 76, 75, 74, 72, 70, 69, 68, 66, 62, 63, 62, 63, 65, 65, 70, 71,
    73, 73, 77, 81, 80, 84, 83, 82, 78, 75, 74, 71, 70, 66, 66, 67, 67,
    65, 71, 71, 73, 74, 76, 80, 78, 74, 72, 68, 66, 67, 64, 63, 65, 68,
    71, 72, 72, 73, 80, 82, 81, 80, 80, 84, 82, 82, 79, 78, 77, 77, 80,
    80 ]
