%YAML:1.0
---
videoName: "headNod25.mp4"
gestureLabel: 202
fps: 29
pixelSizeInCmTemp: 3.1933333333333330e-01
faceCenterPointX: 270
faceCenterPointY: 75
headPositionsX: [ 272, 271, 269, 273, 273, 272, 271, 268, 269, 271, 270,
    270, 266, 271, 272, 268, 269, 272, 270, 272, 272, 271, 270, 273, 273,
    274, 274, 271, 273, 271, 271, 274, 270, 274, 273, 272, 272, 272, 273,
    271, 272, 273, 271, 274, 271, 270, 273, 274, 274, 273, 272, 270, 273,
    271, 273, 270, 273, 273, 271, 273, 269, 273, 272, 269, 271, 271, 267,
    271, 268, 268, 269, 271, 271, 271, 273, 272, 268, 269, 273, 272, 272,
    270, 271, 271, 271, 269, 269, 269, 269, 273, 269, 269, 271, 270, 272,
    269, 272, 271, 269, 271 ]
headPositionsY: [ 75, 75, 75, 73, 73, 75, 76, 75, 75, 75, 73, 75, 76, 77,
    76, 72, 72, 74, 73, 73, 73, 74, 74, 74, 73, 74, 75, 74, 75, 75, 73,
    76, 77, 72, 75, 73, 76, 74, 73, 77, 76, 76, 76, 78, 72, 75, 72, 75,
    74, 73, 72, 67, 68, 63, 66, 65, 67, 67, 66, 67, 71, 76, 76, 83, 89,
    89, 86, 86, 82, 81, 77, 74, 71, 73, 67, 67, 66, 67, 71, 69, 75, 79,
    81, 78, 80, 80, 81, 80, 79, 77, 76, 77, 74, 78, 74, 78, 74, 76, 73,
    77 ]
