%YAML:1.0
---
videoName: "headShake19.mp4"
gestureLabel: 201
fps: 29
pixelSizeInCmTemp: 3.1933333333333330e-01
faceCenterPointX: 243
faceCenterPointY: 78
headPositionsX: [ 244, 242, 243, 244, 244, 242, 244, 244, 245, 241, 243,
    244, 245, 244, 244, 245, 244, 243, 245, 241, 244, 242, 244, 244, 240,
    245, 241, 241, 242, 241, 244, 241, 241, 242, 244, 239, 241, 235, 237,
    232, 231, 235, 238, 243, 249, 251, 255, 255, 257, 256, 249, 243, 239,
    235, 231, 232, 235, 232, 238, 241, 247, 248, 250, 247, 245, 243, 241,
    237, 239, 236, 238, 235, 237, 240, 243, 243, 243, 245, 247, 247, 245,
    243, 244, 242, 241, 240, 242, 241, 238, 238, 241, 243, 241, 241, 241,
    243, 245, 241, 244, 242 ]
headPositionsY: [ 79, 78, 78, 78, 75, 76, 77, 77, 77, 76, 76, 77, 78, 75,
    79, 76, 78, 75, 74, 75, 78, 76, 78, 75, 78, 77, 75, 76, 79, 79, 76,
    76, 77, 79, 77, 74, 79, 77, 76, 79, 77, 77, 77, 78, 79, 75, 75, 75,
    74, 76, 75, 76, 77, 78, 74, 76, 77, 76, 76, 77, 78, 79, 77, 78, 79,
    76, 78, 77, 75, 78, 79, 77, 76, 77, 77, 78, 79, 80, 77, 78, 78, 79,
    77, 80, 77, 79, 79, 80, 80, 80, 77, 80, 76, 79, 80, 79, 80, 78, 77,
    79 ]
