%YAML:1.0
---
videoName: "headShake10.mp4"
gestureLabel: 201
fps: 29
pixelSizeInCmTemp: 3.3732394366197183e-01
faceCenterPointX: 240
faceCenterPointY: 74
headPositionsX: [ 238, 246, 247, 247, 246, 244, 246, 246, 245, 247, 245,
    244, 247, 248, 246, 244, 245, 247, 245, 247, 248, 245, 245, 247, 246,
    247, 247, 245, 248, 247, 247, 248, 246, 244, 246, 246, 247, 246, 245,
    246, 243, 245, 245, 246, 244, 247, 244, 243, 242, 244, 245, 247, 249,
    253, 258, 257, 263, 260, 262, 258, 257, 250, 248, 243, 239, 236, 232,
    232, 234, 236, 235, 239, 244, 249, 252, 258, 255, 255, 257, 252, 250,
    249, 247, 244, 241, 242, 240, 240, 239, 242, 238, 242, 240, 242, 240,
    243, 242, 242, 239, 241 ]
headPositionsY: [ 73, 73, 71, 75, 72, 74, 74, 71, 74, 72, 74, 76, 75, 72,
    73, 71, 72, 71, 74, 71, 71, 75, 72, 75, 73, 74, 71, 74, 75, 74, 73,
    75, 76, 75, 71, 75, 74, 73, 75, 71, 71, 72, 75, 75, 74, 75, 70, 73,
    71, 72, 73, 72, 73, 72, 73, 70, 73, 69, 70, 73, 71, 72, 74, 75, 73,
    74, 75, 72, 75, 76, 74, 75, 72, 72, 74, 75, 73, 74, 71, 76, 74, 75,
    74, 74, 75, 75, 76, 76, 75, 76, 76, 77, 76, 76, 74, 77, 77, 77, 76,
    74 ]
