%YAML:1.0
---
videoName: "headShake45.mp4"
gestureLabel: 201
fps: 30
pixelSizeInCmTemp: 3.3263888888888887e-01
faceCenterPointX: 262
faceCenterPointY: 84
headPositionsX: [ 260, 261, 261, 264, 264, 263, 265, 262, 265, 264, 262,
    265, 260, 265, 263, 261, 264, 264, 263, 262, 261, 260, 260, 261, 260,
    262, 261, 261, 263, 260, 263, 263, 262, 259, 260, 260, 261, 262, 259,
    259, 255, 255, 260, 267, 269, 275, 279, 281, 279, 279, 273, 265, 259,
    254, 256, 254, 258, 264, 268, 272, 274, 275, 270, 266, 263, 258, 258,
    256, 256, 258, 263, 271, 270, 273, 272, 266, 264, 259, 258, 257, 258,
    259, 258, 264, 265, 265, 264, 262, 261, 260, 261, 262, 261, 263, 264,
    265, 264, 260, 263, 264 ]
headPositionsY: [ 82, 83, 84, 82, 82, 81, 79, 81, 82, 84, 81, 80, 81, 83,
    80, 81, 84, 83, 83, 84, 84, 82, 85, 81, 84, 82, 83, 84, 80, 83, 82,
    81, 80, 82, 81, 82, 82, 81, 81, 83, 83, 81, 82, 83, 80, 83, 82, 78,
    78, 81, 83, 83, 84, 81, 84, 85, 85, 84, 81, 79, 79, 83, 82, 82, 84,
    81, 83, 82, 85, 84, 82, 82, 80, 83, 80, 80, 81, 83, 84, 81, 85, 82,
    85, 82, 82, 84, 80, 83, 83, 82, 81, 85, 83, 82, 83, 82, 86, 85, 85,
    84 ]
