%YAML:1.0
---
videoName: "headNod47.mp4"
gestureLabel: 202
fps: 29
pixelSizeInCmTemp: 3.0316455696202532e-01
faceCenterPointX: 266
faceCenterPointY: 70
headPositionsX: [ 268, 268, 268, 266, 266, 266, 266, 264, 264, 267, 268,
    267, 266, 267, 263, 264, 266, 266, 262, 264, 266, 266, 266, 264, 264,
    267, 266, 265, 264, 267, 265, 267, 269, 265, 268, 265, 267, 266, 266,
    270, 265, 268, 270, 270, 267, 267, 268, 265, 265, 268, 267, 268, 268,
    267, 268, 267, 269, 267, 265, 265, 266, 267, 266, 264, 265, 267, 266,
    269, 265, 267, 267, 266, 268, 267, 268, 269, 264, 265, 266, 266, 265,
    268, 267, 267, 267, 264, 265, 267, 268, 268, 264, 264, 264, 263, 263,
    266, 264, 266, 265, 264 ]
headPositionsY: [ 70, 63, 61, 57, 57, 57, 58, 61, 62, 67, 71, 74, 82, 81,
    82, 78, 73, 69, 68, 65, 66, 65, 69, 70, 70, 72, 76, 80, 77, 74, 72,
    72, 72, 67, 67, 69, 67, 69, 71, 75, 77, 78, 78, 79, 74, 73, 71, 69,
    67, 67, 67, 71, 73, 74, 77, 76, 76, 71, 72, 69, 69, 66, 69, 70, 67,
    70, 71, 76, 74, 74, 75, 71, 73, 73, 68, 70, 70, 70, 71, 73, 74, 73,
    73, 76, 71, 71, 70, 70, 72, 70, 68, 70, 71, 69, 72, 69, 72, 70, 69,
    71 ]
