%YAML:1.0
---
videoName: "headShake9.mp4"
gestureLabel: 201
fps: 30
pixelSizeInCmTemp: 3.2808219178082193e-01
faceCenterPointX: 243
faceCenterPointY: 73
headPositionsX: [ 241, 245, 244, 243, 241, 240, 244, 241, 244, 242, 245,
    241, 242, 245, 242, 245, 244, 243, 242, 245, 241, 245, 242, 245, 241,
    243, 242, 245, 243, 241, 240, 241, 243, 242, 242, 245, 242, 245, 241,
    242, 247, 252, 255, 256, 263, 264, 263, 264, 260, 258, 251, 248, 243,
    239, 233, 231, 229, 231, 230, 237, 240, 249, 253, 258, 262, 260, 264,
    259, 257, 250, 243, 236, 235, 231, 232, 228, 228, 234, 237, 242, 243,
    250, 248, 249, 251, 252, 251, 248, 250, 248, 244, 245, 247, 242, 246,
    241, 242, 244, 245, 241 ]
headPositionsY: [ 75, 73, 70, 71, 71, 74, 74, 71, 71, 74, 73, 70, 70, 73,
    70, 75, 73, 72, 74, 72, 74, 71, 73, 71, 74, 72, 73, 71, 73, 73, 70,
    73, 73, 70, 70, 73, 71, 71, 71, 71, 73, 71, 71, 70, 69, 69, 70, 72,
    70, 73, 73, 73, 75, 71, 71, 72, 70, 71, 75, 73, 72, 71, 72, 69, 67,
    68, 72, 73, 70, 71, 71, 71, 74, 73, 74, 69, 74, 72, 74, 71, 71, 71,
    71, 74, 71, 75, 72, 73, 71, 75, 75, 72, 76, 74, 73, 72, 75, 73, 74,
    74 ]
