%YAML:1.0
---
videoName: "headShake36.mp4"
gestureLabel: 201
fps: 29
pixelSizeInCmTemp: 3.2364864864864862e-01
faceCenterPointX: 263
faceCenterPointY: 80
headPositionsX: [ 261, 263, 261, 263, 263, 264, 264, 265, 268, 273, 273,
    275, 278, 280, 279, 282, 284, 281, 281, 275, 276, 273, 269, 268, 260,
    258, 258, 252, 250, 251, 249, 246, 246, 245, 245, 247, 246, 247, 248,
    255, 258, 262, 263, 270, 272, 271, 275, 278, 277, 280, 280, 280, 277,
    279, 274, 272, 268, 268, 264, 260, 254, 255, 250, 252, 252, 251, 247,
    249, 249, 255, 256, 255, 260, 264, 262, 265, 267, 266, 269, 268, 268,
    265, 266, 267, 264, 267, 265, 267, 263, 264, 265, 261, 262, 263, 261,
    261, 261, 264, 263, 263 ]
headPositionsY: [ 82, 79, 77, 82, 78, 81, 80, 77, 80, 78, 80, 77, 79, 79,
    74, 79, 77, 78, 79, 80, 80, 82, 82, 80, 79, 80, 80, 77, 81, 81, 80,
    82, 80, 79, 79, 81, 81, 82, 79, 79, 79, 84, 80, 81, 77, 78, 80, 80,
    80, 77, 79, 80, 80, 79, 78, 81, 83, 80, 82, 82, 79, 79, 80, 77, 76,
    81, 77, 82, 78, 80, 82, 79, 82, 80, 81, 82, 79, 82, 79, 79, 82, 82,
    82, 81, 80, 81, 81, 80, 80, 80, 82, 81, 83, 80, 82, 80, 80, 79, 80,
    81 ]
