%YAML:1.0
---
videoName: "headLookDown1.mp4"
gestureLabel: 206
fps: 29
pixelSizeInCmTemp: 3.4710144927536229e-01
faceCenterPointX: 271
faceCenterPointY: 97
headPositionsX: [ 271, 270, 269, 269, 271, 269, 268, 271, 269, 270, 270,
    272, 268, 268, 270, 268, 272, 271, 271, 273, 269, 273, 268, 271, 272,
    271, 270, 272, 272, 270, 273, 272, 272, 269, 271, 270, 274, 269, 273,
    272, 270, 272, 273, 268, 270, 269, 271, 273, 272, 271, 269, 272, 269,
    273, 271, 270, 272, 272, 270, 269, 272, 271, 271, 269, 267, 270, 267,
    269, 268, 268, 271, 270, 273, 271, 273, 273, 272, 271, 272, 270, 270,
    271, 273, 271, 273, 270, 269, 269, 270, 273, 269, 271, 274, 272, 274,
    270, 270, 270, 273, 272 ]
headPositionsY: [ 97, 78, 75, 77, 79, 79, 81, 77, 81, 77, 80, 79, 78, 79,
    79, 80, 78, 78, 79, 79, 78, 81, 80, 77, 78, 77, 79, 80, 78, 81, 79,
    81, 81, 77, 82, 80, 78, 77, 80, 81, 79, 80, 84, 83, 86, 86, 86, 89,
    90, 92, 91, 96, 95, 95, 97, 99, 95, 99, 100, 101, 99, 98, 100, 101,
    97, 99, 97, 98, 98, 99, 98, 98, 98, 101, 99, 99, 99, 96, 97, 98, 95,
    95, 99, 99, 98, 97, 100, 100, 97, 99, 97, 98, 95, 96, 98, 96, 97, 97,
    95, 100 ]
