%YAML:1.0
---
videoName: "headShake10.mp4"
gestureLabel: 201
fps: 29
pixelSizeInCmTemp: 3.3732394366197183e-01
faceCenterPointX: 240
faceCenterPointY: 74
headPositionsX: [ 242, 247, 244, 246, 247, 245, 248, 247, 246, 248, 246,
    244, 245, 247, 244, 245, 247, 245, 246, 245, 245, 246, 245, 246, 248,
    247, 245, 247, 248, 247, 247, 245, 247, 244, 246, 246, 243, 245, 248,
    246, 247, 246, 247, 247, 245, 247, 245, 246, 242, 247, 244, 251, 250,
    254, 255, 259, 261, 261, 260, 261, 256, 254, 247, 242, 237, 234, 231,
    230, 230, 232, 235, 243, 248, 250, 254, 256, 255, 259, 254, 252, 252,
    248, 246, 242, 245, 242, 242, 240, 241, 242, 241, 241, 243, 240, 239,
    241, 242, 240, 243, 243 ]
headPositionsY: [ 73, 72, 71, 73, 74, 71, 70, 74, 72, 75, 75, 74, 72, 75,
    74, 72, 73, 71, 72, 74, 71, 75, 74, 74, 71, 70, 71, 75, 73, 72, 75,
    71, 76, 72, 74, 72, 74, 74, 74, 71, 71, 71, 75, 74, 71, 73, 72, 75,
    70, 75, 71, 71, 71, 73, 71, 70, 71, 70, 71, 73, 75, 72, 77, 74, 75,
    76, 73, 74, 75, 75, 72, 76, 75, 74, 71, 74, 74, 72, 73, 75, 72, 74,
    76, 77, 76, 75, 74, 74, 73, 74, 75, 73, 72, 77, 77, 73, 77, 74, 77,
    77 ]
