%YAML:1.0
---
videoName: "headNod27.mp4"
gestureLabel: 202
fps: 29
pixelSizeInCmTemp: 3.0705128205128202e-01
faceCenterPointX: 271
faceCenterPointY: 77
headPositionsX: [ 270, 270, 273, 269, 272, 270, 270, 272, 270, 274, 272,
    271, 270, 273, 271, 272, 270, 272, 273, 270, 271, 274, 273, 272, 274,
    274, 273, 270, 271, 272, 270, 272, 272, 269, 269, 270, 267, 269, 268,
    267, 267, 270, 272, 267, 269, 271, 269, 267, 267, 271, 270, 271, 267,
    268, 267, 271, 272, 268, 271, 268, 272, 271, 269, 270, 267, 267, 265,
    269, 271, 266, 266, 271, 267, 270, 270, 271, 271, 269, 270, 267, 268,
    269, 268, 268, 271, 268, 269, 267, 269, 270, 273, 271, 270, 272, 271,
    269, 270, 271, 268, 269 ]
headPositionsY: [ 76, 74, 74, 73, 72, 72, 71, 73, 73, 76, 71, 76, 75, 73,
    72, 72, 72, 72, 76, 75, 71, 70, 70, 64, 63, 62, 66, 64, 63, 67, 70,
    76, 80, 83, 82, 82, 81, 78, 74, 70, 68, 68, 67, 70, 72, 69, 76, 76,
    79, 80, 79, 76, 74, 71, 72, 68, 69, 72, 74, 74, 79, 82, 81, 85, 80,
    78, 74, 75, 75, 70, 71, 70, 76, 78, 78, 80, 78, 79, 78, 71, 70, 69,
    72, 70, 69, 73, 75, 76, 80, 80, 77, 80, 80, 75, 75, 78, 75, 75, 75,
    74 ]
