%YAML:1.0
---
videoName: "headNod5.mp4"
gestureLabel: 202
fps: 29
pixelSizeInCmTemp: 3.1513157894736843e-01
faceCenterPointX: 263
faceCenterPointY: 75
headPositionsX: [ 263, 263, 261, 265, 260, 261, 261, 261, 262, 264, 261,
    264, 263, 261, 262, 262, 264, 265, 264, 266, 263, 265, 267, 267, 265,
    267, 263, 267, 265, 266, 268, 264, 264, 267, 265, 266, 264, 268, 266,
    266, 266, 267, 268, 265, 264, 264, 267, 265, 267, 264, 265, 268, 264,
    263, 263, 264, 266, 263, 263, 263, 265, 266, 265, 266, 264, 267, 266,
    262, 265, 266, 266, 266, 265, 263, 265, 265, 264, 262, 264, 266, 262,
    262, 264, 261, 265, 262, 264, 261, 262, 265, 263, 263, 262, 259, 264,
    260, 264, 264, 259, 261 ]
headPositionsY: [ 74, 72, 73, 74, 74, 72, 73, 72, 75, 73, 75, 76, 75, 74,
    74, 77, 77, 73, 76, 77, 73, 77, 78, 75, 75, 76, 78, 76, 76, 76, 76,
    77, 78, 77, 76, 75, 77, 76, 80, 78, 79, 75, 76, 76, 75, 79, 77, 78,
    76, 76, 81, 79, 81, 85, 84, 81, 80, 76, 73, 72, 75, 80, 83, 84, 86,
    86, 86, 83, 77, 77, 77, 74, 79, 79, 82, 87, 86, 86, 83, 78, 75, 72,
    76, 76, 76, 76, 76, 83, 80, 79, 80, 77, 76, 75, 72, 75, 74, 75, 73,
    74 ]
