%YAML:1.0
---
videoName: "headNod2.mp4"
gestureLabel: 202
fps: 29
pixelSizeInCmTemp: 3.2364864864864862e-01
faceCenterPointX: 263
faceCenterPointY: 70
headPositionsX: [ 262, 262, 263, 263, 262, 262, 261, 263, 263, 264, 262,
    264, 262, 262, 266, 264, 264, 264, 263, 266, 264, 264, 262, 262, 260,
    261, 264, 264, 263, 262, 262, 260, 263, 260, 264, 260, 261, 260, 263,
    263, 261, 262, 259, 263, 264, 262, 263, 263, 264, 261, 261, 260, 262,
    261, 260, 264, 265, 262, 261, 259, 260, 265, 261, 264, 260, 261, 262,
    262, 261, 260, 264, 263, 264, 261, 261, 265, 264, 264, 264, 262, 261,
    265, 263, 264, 261, 264, 265, 265, 261, 262, 266, 265, 265, 261, 265,
    265, 265, 264, 263, 265 ]
headPositionsY: [ 68, 75, 75, 77, 78, 74, 76, 74, 74, 74, 74, 77, 73, 75,
    75, 75, 73, 76, 75, 74, 74, 75, 74, 75, 76, 74, 74, 76, 73, 74, 74,
    73, 76, 72, 75, 72, 76, 75, 73, 75, 72, 75, 74, 74, 76, 75, 73, 74,
    74, 72, 73, 68, 69, 73, 73, 76, 79, 78, 74, 72, 70, 70, 74, 76, 73,
    77, 72, 73, 70, 68, 71, 72, 74, 79, 74, 73, 73, 72, 73, 70, 73, 75,
    77, 79, 76, 76, 72, 69, 71, 70, 73, 71, 71, 71, 69, 71, 70, 68, 70,
    71 ]
