%YAML:1.0
---
videoName: "headNod26.mp4"
gestureLabel: 202
fps: 29
pixelSizeInCmTemp: 3.1513157894736843e-01
faceCenterPointX: 271
faceCenterPointY: 78
headPositionsX: [ 270, 273, 273, 272, 270, 274, 271, 270, 274, 270, 273,
    275, 273, 270, 275, 271, 273, 270, 275, 271, 273, 272, 274, 270, 272,
    273, 269, 270, 272, 274, 274, 273, 270, 272, 273, 274, 270, 270, 270,
    273, 269, 273, 272, 270, 270, 270, 271, 272, 271, 274, 269, 275, 271,
    270, 269, 274, 270, 270, 274, 273, 270, 270, 270, 272, 274, 271, 274,
    271, 274, 274, 270, 271, 269, 273, 274, 271, 273, 268, 272, 271, 271,
    272, 271, 272, 269, 273, 270, 272, 268, 273, 273, 273, 271, 273, 268,
    268, 273, 268, 269, 270 ]
headPositionsY: [ 80, 75, 75, 74, 75, 73, 73, 68, 68, 68, 66, 67, 64, 64,
    67, 65, 71, 72, 73, 73, 76, 84, 83, 84, 81, 82, 79, 73, 71, 70, 71,
    69, 68, 69, 69, 73, 72, 74, 76, 78, 81, 76, 77, 73, 73, 70, 69, 71,
    67, 67, 69, 69, 75, 75, 74, 78, 74, 73, 75, 69, 68, 69, 65, 69, 68,
    69, 67, 68, 69, 71, 72, 74, 78, 78, 74, 76, 73, 72, 71, 71, 68, 71,
    72, 69, 70, 73, 73, 75, 80, 79, 79, 81, 78, 81, 79, 76, 76, 76, 78,
    78 ]
