%YAML:1.0
---
videoName: "headLookRight6.mp4"
gestureLabel: 204
fps: 29
pixelSizeInCmTemp: 3.8015873015873014e-01
faceCenterPointX: 226
faceCenterPointY: 72
headPositionsX: [ 227, 250, 250, 249, 248, 250, 250, 248, 250, 249, 250,
    249, 250, 250, 251, 252, 252, 252, 249, 253, 252, 249, 251, 250, 251,
    250, 251, 253, 251, 252, 252, 251, 248, 250, 246, 247, 244, 241, 236,
    237, 230, 229, 226, 228, 225, 225, 226, 226, 225, 226, 224, 226, 225,
    227, 227, 230, 226, 225, 228, 226, 232, 229, 228, 222, 229, 224, 224,
    226, 229, 228, 228, 227, 230, 227, 224, 225, 230, 227, 226, 227, 227,
    227, 224, 224, 223, 226, 231, 232, 224, 225, 225, 226, 230, 228, 227,
    230, 225, 229, 225, 228 ]
headPositionsY: [ 72, 72, 69, 73, 70, 72, 72, 72, 73, 73, 71, 75, 72, 72,
    72, 72, 73, 75, 75, 76, 76, 74, 76, 74, 75, 73, 76, 73, 74, 74, 72,
    77, 74, 77, 74, 74, 75, 76, 73, 75, 71, 72, 72, 76, 73, 77, 70, 74,
    75, 76, 75, 69, 77, 74, 73, 74, 74, 76, 74, 77, 77, 73, 77, 72, 75,
    71, 73, 74, 76, 75, 74, 76, 76, 74, 74, 70, 71, 75, 72, 74, 77, 73,
    71, 70, 73, 76, 74, 77, 75, 74, 71, 75, 76, 74, 71, 76, 71, 74, 73,
    71 ]
