%YAML:1.0
---
videoName: "headNod34.mp4"
gestureLabel: 202
fps: 29
pixelSizeInCmTemp: 2.9567901234567900e-01
faceCenterPointX: 266
faceCenterPointY: 78
headPositionsX: [ 268, 266, 270, 268, 269, 271, 272, 270, 271, 268, 267,
    266, 271, 267, 269, 269, 268, 267, 269, 268, 270, 270, 267, 270, 270,
    271, 272, 269, 268, 268, 270, 267, 268, 272, 267, 268, 270, 271, 271,
    269, 271, 268, 270, 271, 273, 272, 272, 268, 268, 267, 267, 269, 270,
    270, 271, 267, 272, 269, 271, 270, 272, 273, 271, 269, 272, 268, 269,
    271, 270, 270, 270, 270, 269, 266, 265, 265, 266, 267, 268, 267, 267,
    266, 264, 267, 264, 266, 268, 264, 265, 268, 267, 268, 267, 264, 267,
    268, 264, 268, 265, 266 ]
headPositionsY: [ 77, 77, 74, 76, 76, 78, 77, 78, 76, 75, 79, 74, 76, 76,
    74, 74, 75, 76, 76, 76, 76, 74, 78, 77, 76, 79, 78, 77, 75, 74, 75,
    78, 78, 76, 75, 76, 74, 73, 70, 72, 70, 73, 75, 72, 80, 86, 90, 88,
    84, 81, 80, 73, 75, 72, 71, 75, 75, 75, 80, 82, 84, 81, 79, 80, 80,
    78, 78, 77, 80, 79, 81, 82, 87, 85, 82, 82, 80, 75, 77, 76, 78, 82,
    82, 86, 81, 79, 81, 79, 80, 76, 78, 79, 77, 78, 78, 82, 81, 78, 79,
    81 ]
