%YAML:1.0
---
videoName: "headNod24.mp4"
gestureLabel: 202
fps: 29
pixelSizeInCmTemp: 3.1513157894736843e-01
faceCenterPointX: 272
faceCenterPointY: 72
headPositionsX: [ 273, 276, 275, 273, 274, 275, 273, 276, 277, 273, 276,
    276, 273, 276, 272, 273, 273, 276, 272, 273, 275, 274, 271, 273, 272,
    273, 274, 271, 272, 271, 273, 274, 273, 273, 272, 273, 273, 273, 271,
    272, 273, 271, 272, 274, 270, 274, 271, 273, 274, 271, 274, 272, 274,
    274, 274, 273, 274, 271, 271, 274, 271, 274, 271, 271, 273, 270, 269,
    271, 273, 272, 273, 270, 271, 268, 272, 273, 269, 268, 272, 271, 272,
    267, 268, 272, 267, 268, 268, 269, 268, 272, 270, 268, 269, 271, 273,
    271, 274, 273, 274, 273 ]
headPositionsY: [ 73, 75, 74, 74, 72, 72, 73, 71, 73, 73, 75, 73, 73, 75,
    75, 73, 73, 73, 74, 74, 75, 73, 72, 72, 74, 74, 74, 74, 74, 72, 73,
    76, 72, 73, 73, 74, 72, 73, 67, 72, 69, 74, 75, 80, 81, 80, 79, 75,
    71, 67, 66, 65, 69, 73, 77, 75, 74, 71, 71, 69, 68, 65, 64, 68, 73,
    72, 76, 76, 72, 71, 72, 68, 70, 68, 67, 71, 70, 75, 74, 77, 73, 72,
    72, 73, 71, 71, 72, 72, 70, 73, 70, 70, 75, 73, 72, 71, 73, 72, 71,
    69 ]
