%YAML:1.0
---
videoName: "headShake13.mp4"
gestureLabel: 201
fps: 29
pixelSizeInCmTemp: 3.2364864864864862e-01
faceCenterPointX: 241
faceCenterPointY: 77
headPositionsX: [ 240, 241, 240, 242, 240, 241, 241, 243, 239, 240, 241,
    243, 244, 242, 243, 242, 242, 243, 242, 242, 240, 241, 241, 242, 242,
    243, 240, 240, 239, 238, 238, 241, 239, 239, 245, 250, 249, 257, 260,
    262, 262, 264, 258, 254, 249, 244, 238, 233, 229, 228, 232, 230, 236,
    238, 245, 250, 249, 248, 250, 248, 244, 242, 239, 236, 232, 230, 233,
    236, 238, 241, 246, 250, 251, 254, 252, 253, 250, 245, 243, 236, 237,
    232, 233, 235, 236, 237, 239, 237, 243, 244, 245, 246, 246, 244, 243,
    245, 243, 240, 240, 242 ]
headPositionsY: [ 75, 75, 78, 77, 75, 74, 75, 77, 78, 75, 75, 75, 78, 77,
    77, 74, 76, 78, 78, 77, 77, 77, 77, 75, 74, 75, 75, 77, 77, 74, 74,
    74, 77, 78, 74, 78, 76, 74, 76, 72, 74, 74, 73, 78, 79, 78, 76, 74,
    79, 79, 75, 77, 75, 76, 77, 74, 76, 74, 77, 77, 78, 77, 78, 76, 75,
    78, 74, 74, 75, 78, 76, 74, 78, 78, 74, 77, 75, 75, 76, 77, 77, 74,
    75, 76, 78, 74, 74, 77, 77, 79, 75, 73, 74, 78, 78, 77, 78, 75, 76,
    75 ]
