%YAML:1.0
---
videoName: "headShake45.mp4"
gestureLabel: 201
fps: 30
pixelSizeInCmTemp: 3.3263888888888887e-01
faceCenterPointX: 262
faceCenterPointY: 84
headPositionsX: [ 263, 263, 263, 262, 262, 264, 263, 264, 264, 261, 262,
    262, 263, 265, 263, 262, 264, 264, 264, 264, 261, 263, 261, 262, 262,
    264, 259, 261, 260, 261, 260, 262, 263, 262, 261, 263, 259, 258, 261,
    257, 256, 257, 258, 267, 270, 275, 278, 280, 282, 278, 273, 269, 259,
    254, 252, 252, 258, 260, 270, 272, 276, 272, 272, 266, 263, 258, 258,
    253, 254, 258, 263, 270, 269, 271, 270, 269, 266, 258, 258, 255, 255,
    259, 261, 261, 264, 265, 261, 263, 259, 259, 259, 263, 261, 262, 260,
    262, 263, 263, 263, 264 ]
headPositionsY: [ 86, 79, 84, 83, 81, 81, 83, 80, 80, 81, 83, 84, 81, 80,
    83, 82, 80, 83, 81, 83, 83, 83, 82, 82, 83, 81, 84, 83, 81, 81, 81,
    81, 81, 81, 84, 83, 84, 80, 82, 80, 84, 83, 82, 82, 81, 82, 79, 79,
    80, 82, 85, 85, 85, 81, 81, 83, 85, 84, 81, 79, 80, 83, 83, 84, 85,
    82, 82, 82, 84, 84, 81, 80, 82, 82, 82, 82, 82, 85, 84, 81, 81, 81,
    83, 81, 82, 83, 81, 85, 84, 82, 81, 84, 81, 83, 85, 82, 84, 85, 81,
    84 ]
