%YAML:1.0
---
videoName: "headLookDown4.mp4"
gestureLabel: 206
fps: 29
pixelSizeInCmTemp: 3.4710144927536229e-01
faceCenterPointX: 275
faceCenterPointY: 97
headPositionsX: [ 275, 272, 275, 273, 275, 272, 274, 271, 275, 275, 274,
    273, 272, 271, 271, 274, 274, 272, 272, 273, 271, 273, 273, 273, 273,
    271, 273, 273, 271, 271, 272, 275, 272, 273, 275, 271, 273, 273, 275,
    272, 273, 272, 272, 275, 276, 272, 272, 274, 275, 272, 273, 274, 273,
    271, 274, 273, 273, 275, 274, 272, 276, 274, 276, 273, 276, 274, 274,
    273, 276, 276, 274, 273, 274, 273, 272, 273, 276, 276, 272, 275, 273,
    277, 276, 275, 275, 275, 274, 274, 275, 272, 274, 276, 276, 274, 273,
    273, 274, 272, 276, 275 ]
headPositionsY: [ 96, 83, 79, 79, 82, 82, 77, 78, 82, 80, 80, 81, 78, 82,
    82, 80, 83, 82, 82, 80, 81, 81, 80, 80, 79, 79, 79, 83, 80, 82, 82,
    81, 82, 83, 82, 86, 83, 82, 84, 87, 89, 90, 92, 91, 92, 92, 95, 92,
    94, 93, 98, 95, 100, 100, 99, 99, 100, 102, 102, 98, 101, 100, 99,
    103, 102, 101, 98, 101, 99, 100, 98, 99, 100, 99, 99, 98, 99, 98, 98,
    98, 96, 99, 95, 95, 99, 98, 99, 99, 97, 97, 96, 95, 97, 99, 99, 94,
    96, 95, 100, 96 ]
