%YAML:1.0
---
videoName: "headShake0.mp4"
gestureLabel: 201
fps: 29
pixelSizeInCmTemp: 3.2808219178082193e-01
faceCenterPointX: 279
faceCenterPointY: 94
headPositionsX: [ 278, 278, 281, 280, 279, 281, 281, 280, 280, 278, 279,
    281, 279, 276, 277, 278, 278, 278, 280, 277, 281, 279, 281, 277, 279,
    277, 281, 279, 280, 279, 277, 281, 279, 280, 279, 279, 281, 278, 277,
    278, 280, 282, 283, 287, 292, 296, 301, 298, 302, 299, 296, 291, 288,
    284, 279, 274, 274, 271, 275, 279, 281, 288, 287, 291, 288, 287, 284,
    281, 276, 273, 272, 270, 273, 274, 279, 282, 284, 285, 285, 281, 280,
    281, 278, 277, 275, 275, 279, 276, 279, 276, 281, 280, 278, 281, 281,
    281, 278, 278, 278, 281 ]
headPositionsY: [ 96, 94, 94, 90, 95, 92, 91, 93, 93, 92, 93, 92, 95, 94,
    94, 91, 94, 92, 92, 91, 96, 95, 92, 93, 93, 95, 95, 94, 92, 94, 93,
    91, 93, 94, 95, 95, 94, 95, 91, 93, 91, 93, 89, 89, 89, 88, 93, 93,
    94, 92, 92, 91, 92, 91, 93, 92, 91, 93, 93, 94, 93, 92, 92, 92, 92,
    90, 94, 95, 93, 94, 95, 93, 93, 91, 91, 91, 92, 95, 95, 93, 92, 94,
    94, 92, 96, 92, 92, 92, 95, 96, 93, 95, 92, 92, 95, 94, 97, 97, 92,
    94 ]
