%YAML:1.0
---
videoName: "headNod0.mp4"
gestureLabel: 202
fps: 29
pixelSizeInCmTemp: 3.2364864864864862e-01
faceCenterPointX: 264
faceCenterPointY: 76
headPositionsX: [ 265, 267, 268, 267, 267, 267, 265, 269, 266, 269, 266,
    266, 268, 264, 266, 265, 267, 267, 264, 264, 263, 267, 267, 266, 265,
    266, 264, 264, 266, 264, 267, 264, 266, 267, 265, 269, 266, 268, 265,
    265, 268, 264, 268, 264, 265, 267, 263, 265, 263, 263, 264, 263, 266,
    264, 263, 263, 265, 266, 265, 264, 267, 266, 267, 267, 266, 265, 266,
    266, 268, 264, 263, 264, 266, 267, 265, 263, 263, 263, 263, 263, 261,
    264, 264, 267, 264, 264, 262, 263, 263, 262, 263, 264, 266, 266, 263,
    262, 264, 262, 266, 264 ]
headPositionsY: [ 75, 71, 73, 71, 72, 75, 73, 71, 76, 73, 73, 73, 75, 75,
    71, 72, 71, 74, 73, 73, 74, 75, 76, 76, 76, 76, 73, 71, 73, 71, 72,
    66, 65, 63, 63, 63, 61, 61, 66, 64, 68, 71, 71, 73, 79, 81, 84, 80,
    80, 79, 78, 77, 72, 73, 71, 66, 66, 66, 65, 67, 68, 70, 75, 73, 77,
    78, 78, 79, 81, 77, 79, 74, 74, 68, 69, 69, 65, 68, 70, 72, 70, 70,
    73, 72, 77, 79, 79, 80, 78, 79, 80, 77, 77, 76, 75, 75, 73, 74, 77,
    75 ]
