%YAML:1.0
---
videoName: "headNod18.mp4"
gestureLabel: 202
fps: 29
pixelSizeInCmTemp: 3.3263888888888887e-01
faceCenterPointX: 255
faceCenterPointY: 77
headPositionsX: [ 256, 257, 257, 258, 259, 258, 256, 256, 258, 256, 255,
    257, 256, 256, 257, 253, 254, 256, 257, 255, 255, 253, 256, 255, 254,
    256, 258, 253, 258, 256, 254, 257, 256, 256, 254, 255, 257, 257, 256,
    257, 254, 253, 254, 254, 257, 257, 256, 254, 254, 254, 256, 257, 254,
    255, 253, 252, 253, 254, 256, 255, 253, 256, 254, 252, 254, 252, 252,
    254, 256, 256, 254, 255, 256, 255, 252, 252, 254, 257, 252, 254, 256,
    257, 252, 255, 254, 256, 254, 255, 256, 253, 255, 254, 256, 254, 254,
    255, 257, 252, 256, 255 ]
headPositionsY: [ 76, 79, 77, 75, 79, 78, 75, 79, 79, 77, 75, 77, 77, 79,
    75, 78, 76, 76, 78, 76, 78, 80, 78, 78, 77, 76, 78, 77, 78, 77, 78,
    78, 78, 78, 79, 76, 77, 77, 77, 78, 76, 73, 73, 71, 73, 73, 71, 71,
    73, 76, 76, 77, 78, 82, 80, 82, 77, 76, 74, 71, 74, 73, 78, 77, 83,
    83, 79, 79, 75, 75, 74, 76, 79, 79, 85, 84, 83, 79, 79, 75, 75, 74,
    75, 77, 80, 83, 84, 84, 79, 81, 77, 75, 75, 77, 75, 79, 78, 77, 76,
    80 ]
