%YAML:1.0
---
videoName: "headLookRight7.mp4"
gestureLabel: 204
fps: 30
pixelSizeInCmTemp: 3.4710144927536229e-01
faceCenterPointX: 226
faceCenterPointY: 74
headPositionsX: [ 227, 250, 247, 252, 251, 249, 247, 251, 251, 251, 250,
    250, 251, 251, 250, 249, 250, 251, 249, 250, 249, 250, 248, 249, 249,
    248, 250, 248, 246, 244, 244, 240, 239, 236, 237, 233, 231, 226, 226,
    226, 227, 226, 222, 221, 222, 223, 225, 224, 223, 222, 223, 223, 224,
    222, 224, 223, 226, 223, 224, 224, 226, 221, 224, 224, 223, 224, 224,
    223, 224, 226, 217, 224, 225, 227, 223, 225, 222, 225, 223, 223, 222,
    223, 223, 222, 225, 220, 227, 225, 227, 225, 223, 220, 222, 223, 223,
    223, 224, 225, 227, 224 ]
headPositionsY: [ 73, 75, 73, 74, 76, 77, 76, 74, 72, 77, 76, 75, 76, 73,
    77, 73, 75, 74, 77, 75, 74, 77, 73, 73, 74, 73, 75, 74, 74, 76, 77,
    74, 73, 75, 76, 73, 76, 74, 74, 73, 73, 71, 71, 77, 75, 73, 73, 72,
    75, 76, 76, 76, 77, 74, 76, 76, 72, 72, 72, 75, 76, 74, 71, 75, 73,
    73, 75, 73, 72, 72, 80, 74, 72, 77, 73, 73, 72, 74, 75, 75, 73, 75,
    73, 78, 76, 76, 74, 73, 72, 72, 78, 75, 75, 75, 75, 76, 74, 74, 74,
    75 ]
