%YAML:1.0
---
videoName: "headShake36.mp4"
gestureLabel: 201
fps: 29
pixelSizeInCmTemp: 3.2364864864864862e-01
faceCenterPointX: 263
faceCenterPointY: 80
headPositionsX: [ 261, 262, 264, 264, 264, 263, 263, 268, 269, 272, 275,
    275, 276, 279, 280, 284, 283, 278, 278, 278, 276, 273, 270, 269, 263,
    259, 258, 254, 249, 251, 248, 249, 245, 246, 246, 247, 247, 249, 250,
    254, 258, 258, 266, 269, 269, 274, 274, 277, 280, 281, 282, 281, 279,
    277, 276, 271, 269, 264, 262, 259, 257, 253, 249, 252, 249, 247, 251,
    251, 253, 252, 255, 259, 260, 264, 265, 267, 266, 267, 267, 268, 265,
    268, 267, 264, 267, 265, 267, 263, 263, 263, 263, 261, 262, 262, 265,
    265, 261, 263, 265, 265 ]
headPositionsY: [ 79, 81, 81, 78, 80, 80, 78, 78, 81, 79, 76, 78, 76, 79,
    77, 78, 77, 78, 77, 80, 79, 79, 83, 82, 83, 83, 83, 81, 78, 80, 83,
    82, 82, 79, 80, 80, 83, 81, 81, 79, 83, 83, 80, 80, 80, 78, 81, 80,
    78, 80, 79, 77, 76, 81, 79, 77, 82, 82, 82, 79, 80, 79, 80, 78, 76,
    82, 78, 82, 78, 78, 82, 81, 81, 80, 84, 82, 83, 78, 80, 83, 82, 82,
    82, 80, 83, 82, 81, 82, 81, 81, 80, 82, 83, 80, 81, 80, 82, 80, 79,
    79 ]
