%YAML:1.0
---
videoName: "headLookLeft1.mp4"
gestureLabel: 203
fps: 30
pixelSizeInCmTemp: 3.6287878787878786e-01
faceCenterPointX: 276
faceCenterPointY: 73
headPositionsX: [ 276, 258, 257, 254, 256, 255, 257, 255, 257, 254, 257,
    256, 258, 255, 256, 257, 257, 258, 255, 254, 255, 255, 259, 256, 254,
    257, 258, 258, 256, 258, 256, 259, 255, 257, 258, 254, 254, 257, 257,
    256, 254, 259, 253, 258, 256, 255, 258, 258, 253, 254, 257, 253, 257,
    255, 253, 257, 255, 257, 256, 257, 261, 263, 262, 268, 265, 270, 270,
    275, 274, 275, 277, 279, 274, 275, 271, 280, 280, 277, 278, 277, 282,
    277, 279, 277, 281, 279, 278, 280, 280, 277, 278, 278, 279, 275, 275,
    278, 276, 276, 278, 274 ]
headPositionsY: [ 73, 74, 73, 74, 75, 78, 74, 77, 74, 77, 74, 73, 73, 75,
    74, 75, 78, 75, 78, 76, 78, 76, 79, 79, 78, 78, 76, 78, 78, 79, 77,
    80, 77, 78, 80, 78, 79, 79, 78, 77, 80, 77, 77, 76, 78, 77, 79, 81,
    77, 77, 80, 80, 78, 80, 77, 79, 79, 80, 77, 80, 77, 79, 75, 78, 77,
    75, 76, 79, 76, 80, 74, 73, 74, 73, 73, 77, 74, 74, 75, 75, 75, 74,
    73, 73, 78, 75, 75, 77, 77, 75, 76, 77, 75, 77, 74, 73, 78, 77, 75,
    71 ]
