%YAML:1.0
---
videoName: "headLookLeft1.mp4"
gestureLabel: 203
fps: 30
pixelSizeInCmTemp: 3.6287878787878786e-01
faceCenterPointX: 276
faceCenterPointY: 73
headPositionsX: [ 274, 259, 254, 256, 258, 255, 259, 255, 254, 255, 256,
    254, 257, 254, 254, 253, 255, 256, 257, 258, 257, 255, 259, 258, 255,
    258, 254, 257, 256, 256, 255, 255, 257, 258, 257, 254, 256, 255, 259,
    255, 254, 259, 256, 256, 258, 255, 255, 256, 257, 254, 257, 257, 254,
    256, 253, 254, 256, 254, 255, 261, 259, 264, 261, 264, 268, 271, 271,
    272, 276, 277, 279, 275, 275, 273, 271, 280, 279, 276, 276, 276, 278,
    278, 277, 277, 277, 278, 275, 279, 278, 279, 279, 279, 280, 275, 274,
    275, 279, 276, 275, 272 ]
headPositionsY: [ 73, 76, 77, 76, 77, 77, 75, 75, 78, 76, 77, 73, 73, 78,
    77, 74, 74, 77, 79, 79, 78, 76, 78, 79, 77, 78, 77, 80, 76, 78, 80,
    79, 77, 77, 76, 78, 79, 81, 79, 78, 80, 78, 80, 77, 76, 77, 78, 79,
    77, 79, 78, 76, 78, 80, 77, 80, 81, 76, 79, 77, 78, 78, 75, 80, 79,
    78, 79, 76, 74, 77, 75, 73, 77, 74, 74, 74, 75, 78, 76, 75, 78, 77,
    72, 73, 79, 78, 74, 77, 75, 77, 76, 75, 76, 77, 76, 76, 76, 78, 72,
    73 ]
