%YAML:1.0
---
videoName: "headShake24.mp4"
gestureLabel: 201
fps: 29
pixelSizeInCmTemp: 3.2808219178082193e-01
faceCenterPointX: 240
faceCenterPointY: 78
headPositionsX: [ 242, 249, 250, 250, 251, 256, 254, 256, 252, 249, 251,
    249, 246, 241, 239, 235, 235, 235, 232, 230, 230, 228, 233, 232, 230,
    235, 238, 239, 241, 241, 245, 245, 247, 250, 251, 251, 249, 250, 249,
    246, 243, 241, 243, 240, 236, 235, 233, 235, 234, 234, 233, 235, 234,
    236, 240, 241, 241, 243, 245, 243, 247, 244, 249, 247, 248, 245, 247,
    249, 246, 248, 242, 242, 242, 241, 240, 240, 241, 237, 238, 238, 240,
    241, 238, 241, 236, 238, 240, 240, 242, 238, 242, 241, 241, 240, 241,
    240, 242, 242, 239, 238 ]
headPositionsY: [ 80, 78, 75, 74, 75, 77, 77, 74, 76, 79, 76, 77, 76, 77,
    79, 75, 79, 79, 79, 77, 76, 77, 77, 77, 79, 80, 76, 79, 76, 75, 78,
    76, 78, 78, 77, 80, 78, 76, 77, 76, 78, 80, 78, 80, 78, 79, 75, 78,
    76, 78, 76, 77, 77, 79, 78, 76, 78, 79, 79, 76, 77, 76, 80, 75, 78,
    78, 76, 76, 75, 78, 76, 77, 77, 78, 76, 75, 78, 75, 79, 80, 76, 76,
    77, 80, 76, 77, 76, 76, 80, 77, 77, 78, 80, 79, 79, 79, 78, 77, 80,
    79 ]
