%YAML:1.0
---
videoName: "headLookUp5.mp4"
gestureLabel: 205
fps: 29
pixelSizeInCmTemp: 3.6287878787878786e-01
faceCenterPointX: 256
faceCenterPointY: 67
headPositionsX: [ 256, 255, 258, 256, 256, 257, 256, 257, 256, 256, 255,
    258, 255, 255, 254, 254, 256, 255, 256, 257, 256, 255, 254, 257, 254,
    256, 256, 257, 257, 254, 254, 255, 255, 254, 255, 257, 259, 254, 257,
    256, 255, 256, 255, 258, 257, 259, 256, 258, 257, 258, 256, 258, 253,
    254, 256, 257, 257, 258, 253, 255, 255, 254, 257, 255, 256, 256, 258,
    257, 256, 255, 254, 254, 255, 256, 258, 254, 259, 254, 255, 254, 258,
    256, 258, 254, 255, 255, 258, 255, 254, 255, 257, 254, 253, 254, 256,
    257, 257, 257, 258, 254 ]
headPositionsY: [ 66, 81, 83, 79, 83, 82, 82, 81, 83, 84, 83, 81, 80, 82,
    81, 79, 83, 79, 83, 81, 80, 80, 80, 81, 80, 81, 79, 80, 81, 78, 79,
    82, 81, 77, 80, 76, 74, 76, 72, 69, 72, 71, 71, 69, 65, 68, 66, 67,
    69, 70, 70, 70, 70, 66, 70, 67, 70, 67, 66, 67, 70, 66, 70, 69, 66,
    67, 69, 67, 68, 69, 68, 69, 65, 65, 69, 66, 68, 68, 66, 67, 66, 67,
    70, 67, 67, 67, 67, 70, 69, 68, 68, 69, 66, 65, 66, 68, 69, 68, 69,
    65 ]
