%YAML:1.0
---
videoName: "headShake14.mp4"
gestureLabel: 201
fps: 29
pixelSizeInCmTemp: 3.2364864864864862e-01
faceCenterPointX: 244
faceCenterPointY: 76
headPositionsX: [ 243, 247, 245, 244, 246, 246, 245, 246, 245, 244, 246,
    245, 243, 244, 245, 244, 245, 244, 243, 247, 246, 244, 243, 243, 245,
    245, 250, 249, 253, 260, 262, 259, 259, 257, 256, 250, 245, 241, 234,
    229, 224, 224, 227, 226, 233, 237, 241, 248, 252, 256, 256, 258, 252,
    251, 248, 243, 239, 235, 235, 234, 234, 234, 237, 237, 239, 244, 244,
    249, 249, 250, 249, 247, 249, 249, 245, 245, 245, 240, 240, 240, 240,
    239, 238, 239, 240, 243, 241, 245, 242, 245, 247, 245, 246, 246, 245,
    246, 243, 246, 244, 241 ]
headPositionsY: [ 76, 77, 73, 73, 77, 74, 76, 73, 74, 73, 78, 78, 74, 77,
    75, 73, 73, 76, 75, 76, 76, 77, 75, 78, 78, 76, 74, 72, 72, 75, 73,
    75, 74, 76, 76, 74, 74, 76, 76, 75, 76, 76, 77, 72, 75, 74, 75, 74,
    75, 70, 71, 73, 71, 74, 77, 74, 75, 75, 77, 77, 76, 73, 74, 75, 75,
    76, 78, 77, 75, 76, 78, 76, 75, 79, 78, 76, 74, 74, 75, 73, 75, 73,
    78, 75, 78, 78, 75, 74, 76, 75, 78, 76, 76, 77, 78, 77, 75, 74, 79,
    74 ]
