%YAML:1.0
---
videoName: "headLookDown3.mp4"
gestureLabel: 206
fps: 29
pixelSizeInCmTemp: 3.5746268656716418e-01
faceCenterPointX: 273
faceCenterPointY: 98
headPositionsX: [ 271, 274, 274, 272, 272, 273, 273, 275, 274, 274, 274,
    271, 272, 270, 274, 272, 274, 274, 274, 274, 271, 273, 271, 270, 275,
    271, 272, 275, 271, 271, 272, 274, 270, 272, 273, 273, 271, 273, 274,
    273, 270, 273, 271, 272, 270, 273, 274, 274, 272, 272, 270, 272, 272,
    271, 271, 275, 274, 273, 273, 270, 270, 271, 269, 268, 271, 273, 272,
    272, 272, 273, 271, 274, 269, 273, 269, 269, 271, 272, 269, 270, 270,
    272, 272, 271, 271, 274, 271, 273, 271, 272, 271, 271, 272, 275, 274,
    276, 274, 274, 273, 272 ]
headPositionsY: [ 100, 80, 78, 77, 80, 77, 78, 79, 76, 77, 78, 77, 80,
    80, 77, 79, 78, 81, 80, 80, 81, 80, 78, 81, 78, 78, 77, 79, 80, 77,
    81, 79, 81, 78, 78, 81, 78, 80, 83, 81, 80, 82, 85, 83, 84, 89, 88,
    91, 91, 90, 89, 92, 93, 91, 92, 93, 95, 97, 96, 97, 97, 98, 98, 100,
    102, 99, 98, 101, 101, 100, 103, 101, 100, 103, 104, 100, 101, 103,
    100, 99, 99, 100, 99, 101, 100, 101, 100, 101, 103, 102, 99, 101,
    102, 100, 104, 99, 102, 101, 102, 99 ]
