%YAML:1.0
---
videoName: "headShake9.mp4"
gestureLabel: 201
fps: 30
pixelSizeInCmTemp: 3.2808219178082193e-01
faceCenterPointX: 243
faceCenterPointY: 73
headPositionsX: [ 244, 245, 242, 242, 242, 241, 246, 243, 241, 242, 243,
    241, 244, 245, 241, 243, 241, 243, 244, 243, 243, 244, 243, 241, 242,
    241, 243, 243, 245, 243, 241, 243, 245, 241, 244, 244, 242, 241, 245,
    242, 245, 252, 255, 259, 263, 260, 265, 263, 259, 259, 251, 250, 242,
    240, 234, 229, 227, 229, 230, 237, 243, 249, 252, 256, 260, 260, 262,
    259, 254, 250, 243, 240, 233, 230, 232, 229, 229, 232, 239, 241, 246,
    246, 250, 251, 249, 251, 251, 250, 248, 248, 248, 243, 246, 246, 243,
    244, 243, 245, 245, 243 ]
headPositionsY: [ 74, 70, 72, 70, 74, 74, 70, 71, 73, 72, 73, 73, 72, 71,
    74, 72, 73, 71, 72, 72, 73, 74, 71, 70, 72, 75, 70, 72, 73, 75, 74,
    72, 74, 71, 73, 70, 71, 71, 73, 75, 72, 73, 70, 68, 68, 69, 67, 70,
    72, 71, 72, 73, 74, 71, 71, 70, 73, 73, 71, 72, 75, 71, 72, 69, 69,
    70, 70, 72, 72, 71, 73, 73, 74, 71, 71, 69, 73, 72, 71, 72, 71, 73,
    72, 73, 75, 72, 74, 72, 75, 72, 74, 74, 75, 75, 74, 75, 73, 75, 74,
    73 ]
