%YAML:1.0
---
videoName: "headShake11.mp4"
gestureLabel: 201
fps: 29
pixelSizeInCmTemp: 3.2364864864864862e-01
faceCenterPointX: 244
faceCenterPointY: 76
headPositionsX: [ 246, 243, 241, 241, 244, 242, 241, 243, 240, 242, 241,
    242, 241, 240, 241, 241, 244, 244, 243, 240, 244, 240, 240, 242, 242,
    244, 242, 245, 247, 251, 254, 257, 259, 262, 259, 261, 260, 258, 253,
    247, 242, 236, 232, 229, 226, 225, 228, 232, 235, 240, 248, 249, 254,
    260, 259, 257, 255, 252, 247, 246, 239, 237, 233, 233, 228, 234, 237,
    240, 244, 248, 252, 253, 256, 257, 258, 253, 255, 249, 247, 242, 239,
    236, 235, 233, 233, 236, 239, 240, 243, 245, 245, 246, 249, 248, 249,
    247, 246, 244, 247, 246 ]
headPositionsY: [ 77, 70, 74, 70, 74, 74, 75, 70, 74, 72, 71, 74, 73, 73,
    71, 75, 75, 75, 72, 75, 71, 71, 73, 71, 72, 71, 75, 73, 74, 72, 72,
    71, 70, 72, 73, 74, 75, 71, 72, 77, 75, 73, 72, 76, 74, 76, 72, 73,
    77, 73, 76, 73, 75, 75, 72, 72, 74, 74, 76, 74, 75, 78, 77, 73, 77,
    76, 78, 76, 76, 74, 75, 73, 73, 71, 76, 75, 73, 76, 74, 74, 75, 72,
    73, 72, 74, 72, 76, 73, 74, 74, 75, 73, 75, 74, 76, 73, 77, 77, 73,
    74 ]
