%YAML:1.0
---
videoName: "headShake5.mp4"
gestureLabel: 201
fps: 30
pixelSizeInCmTemp: 3.3263888888888887e-01
faceCenterPointX: 275
faceCenterPointY: 73
headPositionsX: [ 277, 275, 279, 276, 280, 277, 279, 279, 276, 280, 278,
    279, 276, 279, 277, 280, 276, 278, 275, 280, 276, 279, 279, 277, 277,
    276, 277, 276, 279, 277, 279, 275, 278, 282, 282, 283, 289, 295, 297,
    295, 297, 293, 289, 285, 280, 273, 264, 262, 262, 265, 270, 272, 283,
    286, 292, 291, 288, 282, 282, 273, 270, 261, 263, 262, 267, 269, 274,
    280, 281, 286, 283, 284, 279, 276, 273, 273, 268, 267, 265, 269, 270,
    274, 276, 278, 278, 282, 282, 283, 283, 279, 282, 277, 275, 275, 273,
    277, 275, 277, 276, 276 ]
headPositionsY: [ 74, 75, 75, 72, 74, 71, 72, 73, 75, 75, 71, 74, 73, 73,
    75, 74, 74, 73, 72, 75, 72, 72, 73, 75, 75, 75, 73, 73, 75, 73, 72,
    73, 74, 73, 71, 72, 73, 73, 73, 70, 70, 70, 73, 73, 72, 76, 72, 73,
    74, 72, 72, 76, 74, 73, 74, 72, 74, 72, 74, 73, 74, 75, 75, 76, 75,
    73, 73, 75, 74, 74, 75, 72, 73, 77, 75, 75, 75, 70, 70, 70, 73, 74,
    73, 72, 75, 74, 72, 72, 73, 71, 73, 72, 74, 74, 72, 72, 72, 71, 75,
    72 ]
