%YAML:1.0
---
videoName: "headShake37.mp4"
gestureLabel: 201
fps: 30
pixelSizeInCmTemp: 3.1933333333333330e-01
faceCenterPointX: 263
faceCenterPointY: 83
headPositionsX: [ 263, 261, 261, 260, 260, 260, 260, 265, 264, 264, 264,
    264, 264, 262, 261, 262, 261, 261, 264, 261, 263, 262, 262, 263, 261,
    260, 262, 264, 260, 263, 262, 263, 261, 260, 263, 264, 261, 262, 265,
    261, 262, 262, 263, 260, 262, 261, 263, 264, 269, 272, 276, 279, 280,
    282, 281, 277, 273, 266, 259, 255, 252, 255, 257, 258, 264, 269, 268,
    274, 273, 274, 266, 263, 260, 258, 253, 253, 255, 251, 258, 256, 261,
    260, 262, 264, 265, 265, 267, 267, 268, 264, 265, 265, 263, 265, 262,
    265, 261, 262, 265, 263 ]
headPositionsY: [ 85, 83, 85, 84, 82, 84, 81, 82, 82, 83, 83, 85, 84, 81,
    83, 85, 83, 84, 83, 85, 85, 82, 83, 81, 83, 81, 81, 85, 81, 83, 81,
    86, 85, 81, 85, 85, 84, 85, 81, 85, 83, 85, 85, 85, 81, 84, 81, 82,
    84, 84, 83, 81, 81, 81, 82, 80, 83, 84, 84, 80, 80, 83, 82, 80, 81,
    85, 80, 79, 81, 80, 82, 81, 82, 85, 85, 81, 83, 83, 84, 85, 83, 82,
    83, 83, 81, 82, 83, 81, 84, 82, 82, 84, 84, 82, 80, 81, 85, 82, 83,
    82 ]
