%YAML:1.0
---
videoName: "headLookRight3.mp4"
gestureLabel: 204
fps: 29
pixelSizeInCmTemp: 3.5746268656716418e-01
faceCenterPointX: 232
faceCenterPointY: 71
headPositionsX: [ 230, 254, 253, 254, 254, 252, 251, 256, 251, 255, 252,
    254, 253, 252, 256, 256, 256, 253, 253, 256, 256, 257, 255, 254, 256,
    256, 254, 257, 256, 256, 254, 254, 253, 254, 256, 255, 255, 255, 255,
    250, 253, 246, 246, 243, 242, 239, 241, 236, 237, 235, 232, 232, 233,
    233, 231, 233, 234, 231, 230, 233, 229, 230, 232, 230, 231, 232, 230,
    233, 232, 230, 230, 234, 233, 233, 230, 231, 233, 233, 233, 229, 238,
    229, 232, 232, 232, 235, 231, 235, 232, 230, 234, 230, 232, 231, 230,
    234, 231, 231, 237, 234 ]
headPositionsY: [ 73, 69, 71, 71, 68, 70, 71, 69, 68, 71, 71, 72, 72, 71,
    68, 71, 72, 70, 70, 73, 69, 70, 73, 69, 71, 73, 72, 73, 70, 73, 73,
    73, 72, 73, 71, 71, 72, 71, 70, 73, 71, 72, 70, 71, 72, 72, 68, 71,
    72, 73, 72, 71, 71, 70, 71, 70, 71, 70, 73, 74, 74, 71, 72, 71, 71,
    70, 75, 71, 73, 75, 73, 72, 72, 69, 70, 73, 72, 72, 72, 71, 72, 73,
    70, 71, 73, 71, 71, 73, 69, 70, 71, 71, 70, 72, 71, 71, 70, 69, 70,
    70 ]
