%YAML:1.0
---
videoName: "headNod28.mp4"
gestureLabel: 202
fps: 30
pixelSizeInCmTemp: 3.2364864864864862e-01
faceCenterPointX: 270
faceCenterPointY: 76
headPositionsX: [ 270, 272, 273, 270, 273, 274, 270, 273, 272, 273, 270,
    269, 273, 270, 268, 271, 268, 269, 271, 267, 269, 272, 271, 271, 268,
    272, 268, 269, 268, 271, 272, 273, 272, 269, 268, 272, 272, 270, 271,
    271, 270, 273, 272, 271, 269, 270, 270, 269, 270, 269, 268, 269, 267,
    271, 271, 272, 268, 272, 268, 272, 270, 271, 273, 269, 272, 273, 269,
    273, 272, 272, 270, 273, 269, 273, 272, 271, 271, 272, 268, 270, 273,
    272, 272, 273, 269, 268, 272, 273, 272, 271, 272, 271, 272, 272, 273,
    271, 271, 270, 268, 271 ]
headPositionsY: [ 75, 76, 74, 76, 75, 77, 72, 73, 73, 76, 74, 73, 74, 73,
    73, 73, 73, 75, 76, 75, 76, 77, 77, 76, 77, 72, 72, 73, 73, 77, 75,
    77, 74, 73, 76, 72, 75, 74, 72, 73, 76, 78, 78, 82, 80, 81, 81, 78,
    80, 77, 75, 73, 70, 71, 70, 73, 71, 76, 75, 79, 79, 81, 81, 79, 77,
    75, 72, 72, 72, 72, 72, 77, 78, 79, 78, 78, 82, 77, 75, 72, 74, 74,
    71, 74, 76, 76, 78, 78, 76, 77, 75, 77, 77, 74, 75, 76, 76, 79, 76,
    78 ]
