%YAML:1.0
---
videoName: "headLookLeft8.mp4"
gestureLabel: 203
fps: 29
pixelSizeInCmTemp: 3.6287878787878786e-01
faceCenterPointX: 273
faceCenterPointY: 69
headPositionsX: [ 272, 241, 241, 239, 243, 240, 241, 243, 242, 239, 240,
    239, 244, 245, 243, 246, 244, 245, 248, 247, 246, 245, 249, 245, 245,
    246, 247, 249, 246, 245, 246, 244, 246, 246, 248, 248, 247, 248, 244,
    249, 247, 244, 246, 245, 244, 247, 244, 247, 244, 244, 246, 247, 250,
    249, 248, 249, 254, 257, 257, 262, 261, 269, 270, 275, 269, 271, 273,
    284, 283, 272, 275, 276, 276, 278, 276, 279, 275, 275, 276, 277, 280,
    278, 276, 272, 271, 273, 280, 278, 274, 273, 276, 274, 274, 273, 276,
    272, 274, 273, 275, 269 ]
headPositionsY: [ 67, 68, 68, 68, 69, 68, 65, 66, 66, 70, 69, 67, 66, 67,
    66, 67, 69, 69, 68, 67, 67, 68, 69, 67, 71, 71, 68, 71, 70, 73, 72,
    73, 74, 74, 73, 73, 71, 72, 72, 72, 73, 73, 73, 71, 74, 70, 70, 70,
    75, 72, 74, 74, 71, 70, 72, 71, 73, 69, 68, 68, 69, 68, 70, 73, 70,
    72, 67, 73, 71, 68, 68, 69, 68, 70, 70, 71, 71, 70, 69, 68, 68, 70,
    72, 67, 68, 70, 71, 70, 71, 70, 71, 67, 69, 69, 69, 68, 69, 67, 69,
    69 ]
