%YAML:1.0
---
videoName: "headLookRight2.mp4"
gestureLabel: 204
fps: 29
pixelSizeInCmTemp: 3.8015873015873014e-01
faceCenterPointX: 228
faceCenterPointY: 68
headPositionsX: [ 229, 252, 250, 250, 253, 253, 253, 252, 252, 254, 249,
    253, 253, 253, 252, 250, 252, 253, 251, 251, 250, 252, 250, 252, 251,
    253, 254, 253, 252, 255, 252, 256, 254, 254, 256, 252, 253, 250, 251,
    251, 253, 253, 254, 251, 250, 252, 251, 253, 250, 249, 248, 245, 246,
    239, 237, 236, 235, 231, 230, 229, 227, 228, 229, 228, 228, 229, 225,
    225, 225, 228, 230, 231, 228, 227, 224, 226, 226, 231, 229, 230, 229,
    230, 230, 227, 230, 229, 230, 228, 230, 227, 226, 229, 230, 230, 226,
    228, 229, 230, 229, 229 ]
headPositionsY: [ 68, 67, 70, 68, 67, 66, 70, 70, 68, 69, 66, 70, 69, 69,
    69, 67, 68, 68, 68, 68, 70, 71, 67, 70, 69, 70, 72, 72, 72, 68, 69,
    68, 69, 68, 69, 66, 71, 67, 69, 71, 69, 71, 69, 67, 71, 67, 72, 68,
    70, 67, 70, 71, 67, 69, 69, 70, 69, 68, 70, 69, 68, 68, 67, 65, 68,
    67, 70, 67, 74, 69, 71, 70, 69, 67, 69, 68, 69, 72, 68, 71, 70, 71,
    72, 73, 70, 70, 69, 72, 69, 70, 69, 67, 67, 70, 70, 66, 69, 70, 70,
    71 ]
