%YAML:1.0
---
videoName: "headLookLeft0.mp4"
gestureLabel: 203
fps: 29
pixelSizeInCmTemp: 3.6287878787878786e-01
faceCenterPointX: 286
faceCenterPointY: 69
headPositionsX: [ 286, 256, 256, 257, 256, 256, 251, 255, 254, 251, 251,
    251, 251, 253, 252, 253, 253, 253, 253, 255, 254, 255, 252, 256, 253,
    255, 256, 253, 253, 253, 254, 257, 255, 256, 253, 254, 256, 255, 257,
    254, 255, 255, 256, 255, 258, 256, 255, 257, 255, 254, 253, 255, 253,
    255, 255, 253, 255, 253, 254, 253, 257, 257, 257, 257, 257, 253, 253,
    255, 255, 256, 255, 255, 255, 255, 254, 254, 256, 256, 257, 262, 262,
    265, 265, 267, 272, 271, 275, 274, 283, 279, 278, 277, 283, 284, 288,
    284, 286, 288, 286, 286 ]
headPositionsY: [ 68, 70, 67, 67, 67, 69, 69, 66, 67, 69, 69, 70, 70, 68,
    72, 69, 71, 68, 69, 68, 69, 67, 67, 69, 68, 69, 68, 69, 70, 69, 72,
    70, 69, 69, 70, 72, 71, 70, 70, 70, 70, 71, 70, 69, 70, 70, 71, 74,
    72, 69, 70, 73, 70, 72, 71, 70, 71, 70, 69, 71, 74, 73, 73, 70, 71,
    71, 72, 73, 71, 70, 72, 73, 70, 71, 69, 74, 69, 71, 71, 70, 70, 69,
    73, 72, 71, 71, 68, 68, 69, 66, 68, 66, 67, 69, 69, 71, 71, 71, 69,
    68 ]
