%YAML:1.0
---
videoName: "headLookLeft1.mp4"
gestureLabel: 203
fps: 30
pixelSizeInCmTemp: 3.6287878787878786e-01
faceCenterPointX: 276
faceCenterPointY: 73
headPositionsX: [ 278, 257, 257, 254, 255, 255, 259, 259, 254, 253, 257,
    258, 256, 255, 255, 255, 257, 255, 256, 256, 259, 254, 258, 255, 254,
    256, 258, 255, 257, 254, 257, 255, 257, 254, 257, 254, 258, 257, 255,
    255, 254, 255, 255, 256, 255, 256, 254, 255, 256, 253, 257, 254, 255,
    253, 257, 254, 259, 254, 255, 260, 262, 262, 261, 265, 267, 270, 273,
    273, 273, 274, 279, 276, 275, 273, 273, 278, 278, 278, 275, 277, 278,
    280, 278, 280, 281, 280, 278, 280, 280, 278, 277, 278, 280, 278, 272,
    276, 278, 275, 277, 275 ]
headPositionsY: [ 71, 75, 73, 77, 75, 75, 74, 75, 74, 77, 74, 74, 77, 77,
    76, 76, 74, 79, 78, 75, 75, 76, 78, 79, 78, 76, 75, 79, 79, 78, 79,
    80, 76, 79, 78, 79, 80, 78, 78, 77, 78, 76, 78, 79, 76, 80, 77, 79,
    77, 78, 77, 78, 79, 78, 77, 78, 80, 80, 79, 80, 77, 77, 78, 76, 76,
    76, 77, 77, 78, 80, 74, 74, 77, 77, 76, 74, 73, 78, 75, 75, 76, 74,
    72, 73, 76, 75, 73, 78, 77, 75, 77, 76, 72, 74, 76, 74, 78, 77, 73,
    73 ]
