%YAML:1.0
---
videoName: "headShake20.mp4"
gestureLabel: 201
fps: 29
pixelSizeInCmTemp: 3.3263888888888887e-01
faceCenterPointX: 242
faceCenterPointY: 78
headPositionsX: [ 244, 243, 246, 246, 245, 244, 245, 244, 245, 244, 242,
    242, 245, 244, 242, 245, 244, 245, 242, 242, 244, 243, 243, 245, 244,
    242, 241, 242, 242, 244, 244, 243, 242, 242, 242, 244, 243, 240, 242,
    244, 248, 250, 253, 260, 260, 261, 259, 255, 251, 241, 237, 233, 233,
    231, 228, 231, 238, 246, 249, 253, 251, 252, 252, 247, 245, 238, 236,
    234, 232, 230, 234, 238, 243, 241, 248, 244, 248, 246, 243, 243, 238,
    239, 238, 242, 239, 242, 246, 241, 243, 246, 245, 242, 245, 243, 245,
    243, 242, 242, 242, 241 ]
headPositionsY: [ 77, 78, 77, 76, 76, 76, 77, 78, 77, 77, 78, 74, 75, 79,
    78, 77, 77, 77, 76, 74, 77, 74, 77, 76, 78, 78, 76, 78, 76, 75, 78,
    76, 78, 75, 78, 78, 79, 78, 77, 77, 78, 78, 76, 74, 72, 74, 76, 79,
    78, 77, 75, 76, 77, 73, 77, 75, 75, 75, 75, 76, 77, 73, 73, 75, 79,
    75, 78, 78, 77, 77, 76, 76, 79, 77, 75, 76, 79, 76, 76, 78, 77, 75,
    78, 79, 79, 79, 76, 75, 75, 77, 75, 76, 78, 78, 78, 78, 77, 75, 76,
    74 ]
