%YAML:1.0
---
videoName: "headShake45.mp4"
gestureLabel: 201
fps: 30
pixelSizeInCmTemp: 3.3263888888888887e-01
faceCenterPointX: 262
faceCenterPointY: 84
headPositionsX: [ 261, 263, 262, 262, 261, 262, 262, 261, 263, 265, 261,
    263, 261, 263, 261, 263, 264, 263, 263, 260, 261, 262, 264, 264, 261,
    260, 263, 261, 264, 260, 263, 262, 263, 261, 260, 259, 263, 261, 260,
    256, 256, 259, 260, 266, 272, 276, 280, 283, 279, 277, 270, 265, 263,
    257, 256, 253, 258, 262, 267, 272, 276, 274, 271, 269, 264, 258, 258,
    257, 258, 260, 265, 269, 271, 272, 273, 268, 267, 262, 258, 254, 255,
    257, 262, 264, 265, 265, 261, 263, 260, 259, 260, 259, 261, 260, 264,
    265, 264, 262, 262, 264 ]
headPositionsY: [ 85, 81, 84, 83, 84, 83, 83, 81, 80, 81, 83, 84, 84, 80,
    82, 83, 81, 83, 83, 84, 83, 82, 85, 84, 81, 84, 80, 82, 81, 84, 84,
    85, 82, 84, 84, 82, 85, 82, 82, 80, 82, 82, 82, 82, 82, 81, 80, 78,
    79, 78, 84, 84, 84, 81, 81, 84, 81, 81, 83, 81, 83, 84, 81, 83, 84,
    83, 82, 84, 84, 80, 83, 82, 81, 81, 83, 83, 82, 85, 81, 82, 85, 81,
    82, 80, 85, 82, 81, 81, 83, 85, 82, 84, 85, 85, 85, 85, 85, 84, 84,
    81 ]
