%YAML:1.0
---
videoName: "headLookRight0.mp4"
gestureLabel: 204
fps: 29
pixelSizeInCmTemp: 3.1933333333333330e-01
faceCenterPointX: 229
faceCenterPointY: 68
headPositionsX: [ 230, 257, 256, 257, 254, 255, 258, 256, 258, 254, 258,
    259, 256, 258, 257, 259, 254, 257, 257, 257, 258, 257, 256, 256, 259,
    253, 257, 257, 255, 257, 256, 257, 253, 253, 255, 254, 253, 255, 252,
    255, 253, 248, 249, 243, 243, 239, 238, 239, 238, 236, 233, 235, 235,
    235, 234, 234, 232, 236, 232, 234, 232, 233, 232, 233, 229, 232, 234,
    231, 231, 234, 232, 234, 231, 233, 232, 231, 228, 232, 231, 231, 236,
    230, 233, 229, 233, 232, 230, 229, 228, 231, 230, 233, 229, 228, 231,
    227, 231, 233, 225, 231 ]
headPositionsY: [ 70, 64, 63, 63, 63, 64, 63, 63, 67, 68, 64, 66, 66, 67,
    65, 68, 67, 68, 65, 67, 67, 69, 65, 68, 67, 66, 66, 68, 66, 67, 68,
    68, 66, 65, 66, 67, 69, 68, 70, 67, 65, 66, 65, 69, 68, 70, 69, 67,
    70, 66, 68, 66, 67, 69, 68, 66, 68, 67, 68, 65, 66, 66, 67, 67, 70,
    65, 68, 69, 68, 66, 69, 67, 68, 68, 69, 68, 68, 68, 69, 69, 68, 66,
    67, 66, 65, 68, 71, 70, 64, 65, 66, 69, 70, 69, 70, 70, 66, 66, 68,
    71 ]
