%YAML:1.0
---
videoName: "headLookRight2.mp4"
gestureLabel: 204
fps: 29
pixelSizeInCmTemp: 3.8015873015873014e-01
faceCenterPointX: 228
faceCenterPointY: 68
headPositionsX: [ 227, 252, 251, 249, 251, 250, 252, 253, 252, 251, 252,
    251, 251, 249, 251, 253, 250, 253, 250, 252, 254, 253, 250, 252, 252,
    254, 251, 254, 251, 253, 255, 254, 254, 252, 253, 254, 252, 251, 251,
    252, 252, 254, 254, 253, 250, 254, 253, 251, 250, 249, 246, 246, 247,
    241, 241, 236, 233, 235, 231, 229, 229, 228, 229, 228, 228, 225, 229,
    227, 225, 226, 230, 228, 230, 227, 225, 228, 230, 228, 229, 231, 232,
    228, 228, 227, 231, 230, 231, 225, 226, 227, 225, 229, 228, 228, 226,
    228, 228, 229, 226, 231 ]
headPositionsY: [ 69, 66, 67, 68, 70, 69, 66, 69, 69, 69, 67, 71, 67, 69,
    68, 70, 71, 72, 68, 68, 69, 67, 71, 70, 69, 72, 68, 72, 72, 72, 70,
    68, 71, 70, 69, 66, 69, 69, 67, 68, 70, 68, 67, 68, 67, 70, 70, 68,
    69, 68, 66, 68, 70, 68, 69, 71, 67, 70, 70, 69, 68, 70, 69, 68, 70,
    69, 66, 66, 71, 71, 70, 67, 70, 69, 68, 72, 69, 69, 70, 70, 69, 69,
    68, 74, 68, 71, 67, 71, 71, 68, 69, 70, 71, 70, 67, 70, 70, 69, 72,
    71 ]
