%YAML:1.0
---
videoName: "headNod43.mp4"
gestureLabel: 202
fps: 29
pixelSizeInCmTemp: 2.8855421686746985e-01
faceCenterPointX: 268
faceCenterPointY: 74
headPositionsX: [ 269, 269, 270, 271, 271, 270, 272, 271, 269, 268, 266,
    268, 267, 267, 269, 268, 266, 270, 267, 268, 267, 270, 266, 270, 268,
    268, 269, 267, 266, 264, 264, 266, 264, 265, 264, 266, 266, 264, 264,
    265, 264, 265, 264, 266, 264, 263, 266, 269, 264, 266, 263, 263, 262,
    263, 264, 262, 265, 265, 266, 266, 267, 262, 266, 264, 266, 266, 267,
    268, 266, 269, 267, 267, 268, 267, 265, 265, 269, 265, 267, 266, 268,
    267, 266, 268, 269, 269, 267, 269, 270, 267, 270, 271, 267, 269, 269,
    270, 269, 270, 269, 268 ]
headPositionsY: [ 72, 78, 74, 77, 75, 76, 76, 77, 77, 77, 75, 77, 77, 72,
    77, 73, 76, 76, 73, 74, 75, 73, 73, 76, 77, 76, 80, 81, 86, 91, 92,
    90, 89, 81, 78, 80, 76, 78, 81, 88, 86, 93, 91, 89, 84, 82, 80, 80,
    83, 84, 89, 91, 89, 88, 87, 84, 82, 84, 83, 83, 85, 88, 89, 88, 88,
    86, 86, 80, 79, 77, 80, 79, 83, 87, 91, 88, 91, 87, 84, 83, 76, 74,
    73, 75, 71, 70, 73, 74, 74, 71, 75, 75, 76, 73, 74, 72, 74, 75, 75,
    76 ]
