%YAML:1.0
---
videoName: "headShake8.mp4"
gestureLabel: 201
fps: 29
pixelSizeInCmTemp: 3.2364864864864862e-01
faceCenterPointX: 243
faceCenterPointY: 72
headPositionsX: [ 244, 241, 245, 242, 245, 246, 246, 242, 243, 243, 242,
    242, 242, 242, 244, 243, 241, 244, 243, 245, 244, 245, 243, 246, 242,
    246, 244, 243, 245, 241, 243, 242, 244, 246, 247, 249, 254, 258, 261,
    263, 264, 264, 266, 261, 255, 251, 246, 238, 234, 235, 233, 232, 231,
    240, 242, 251, 254, 259, 260, 260, 259, 255, 251, 244, 240, 239, 237,
    234, 236, 235, 234, 237, 238, 242, 242, 244, 246, 248, 251, 250, 252,
    248, 251, 250, 249, 251, 247, 245, 247, 247, 244, 244, 245, 244, 242,
    244, 242, 242, 241, 245 ]
headPositionsY: [ 72, 72, 71, 72, 70, 70, 74, 70, 73, 72, 71, 72, 74, 70,
    72, 70, 72, 69, 73, 70, 71, 71, 71, 70, 72, 71, 72, 69, 73, 70, 71,
    71, 69, 73, 74, 69, 68, 71, 68, 70, 68, 71, 71, 71, 70, 69, 72, 71,
    72, 71, 69, 73, 70, 73, 73, 70, 71, 70, 70, 71, 69, 69, 69, 70, 72,
    72, 72, 70, 73, 71, 71, 71, 74, 72, 72, 71, 72, 69, 70, 73, 73, 70,
    72, 69, 73, 72, 72, 73, 70, 72, 72, 70, 69, 73, 74, 69, 73, 74, 70,
    73 ]
