%YAML:1.0
---
videoName: "headShake40.mp4"
gestureLabel: 201
fps: 29
pixelSizeInCmTemp: 3.2808219178082193e-01
faceCenterPointX: 261
faceCenterPointY: 86
headPositionsX: [ 261, 262, 263, 263, 261, 263, 261, 261, 260, 260, 263,
    263, 260, 261, 260, 259, 259, 261, 262, 257, 263, 263, 263, 259, 260,
    258, 262, 257, 261, 257, 255, 257, 253, 255, 254, 253, 257, 261, 264,
    271, 273, 280, 281, 279, 277, 273, 270, 267, 260, 255, 250, 249, 246,
    249, 250, 253, 257, 262, 267, 266, 270, 270, 270, 268, 265, 264, 260,
    260, 257, 257, 255, 258, 260, 259, 260, 264, 264, 266, 267, 266, 263,
    263, 261, 259, 259, 260, 258, 258, 256, 257, 257, 258, 257, 257, 262,
    258, 261, 260, 261, 263 ]
headPositionsY: [ 85, 82, 85, 85, 84, 83, 85, 81, 84, 84, 86, 85, 83, 83,
    84, 85, 84, 82, 85, 80, 86, 84, 84, 86, 83, 82, 82, 86, 84, 83, 83,
    81, 85, 81, 85, 83, 81, 83, 85, 82, 82, 80, 78, 80, 82, 82, 83, 84,
    83, 82, 81, 84, 80, 85, 82, 85, 82, 84, 83, 83, 83, 81, 82, 83, 84,
    81, 83, 85, 83, 83, 81, 81, 84, 84, 82, 83, 81, 85, 85, 83, 82, 81,
    82, 83, 85, 86, 83, 86, 82, 82, 83, 84, 87, 83, 84, 87, 87, 85, 84,
    86 ]
