%YAML:1.0
---
videoName: "headNod37.mp4"
gestureLabel: 202
fps: 29
pixelSizeInCmTemp: 2.9207317073170730e-01
faceCenterPointX: 269
faceCenterPointY: 78
headPositionsX: [ 270, 269, 270, 271, 268, 268, 272, 271, 269, 268, 270,
    272, 270, 271, 270, 268, 271, 269, 271, 271, 270, 270, 268, 267, 268,
    267, 272, 272, 267, 268, 271, 268, 268, 269, 271, 269, 271, 268, 272,
    271, 272, 271, 270, 270, 269, 271, 272, 271, 273, 269, 267, 270, 269,
    271, 268, 269, 271, 267, 271, 270, 268, 268, 267, 266, 269, 268, 266,
    266, 265, 269, 265, 266, 266, 269, 270, 269, 270, 269, 269, 269, 268,
    269, 270, 271, 269, 271, 268, 269, 271, 270, 270, 268, 267, 269, 269,
    269, 269, 267, 267, 268 ]
headPositionsY: [ 80, 75, 75, 74, 77, 73, 77, 75, 77, 77, 74, 78, 76, 77,
    74, 74, 75, 77, 74, 77, 75, 73, 75, 75, 77, 75, 75, 78, 77, 76, 76,
    78, 74, 78, 74, 74, 77, 74, 75, 78, 76, 77, 77, 75, 74, 74, 77, 77,
    75, 75, 73, 76, 71, 69, 66, 68, 64, 65, 69, 68, 72, 70, 77, 82, 88,
    88, 85, 87, 82, 81, 75, 70, 70, 68, 68, 65, 67, 68, 69, 67, 74, 75,
    79, 82, 83, 80, 84, 80, 79, 79, 78, 78, 78, 76, 77, 78, 78, 77, 79,
    77 ]
