%YAML:1.0
---
videoName: "headNod18.mp4"
gestureLabel: 202
fps: 29
pixelSizeInCmTemp: 3.3263888888888887e-01
faceCenterPointX: 255
faceCenterPointY: 77
headPositionsX: [ 257, 257, 258, 258, 259, 257, 257, 257, 259, 255, 256,
    257, 258, 254, 255, 254, 257, 253, 255, 253, 253, 256, 254, 253, 254,
    254, 254, 256, 258, 253, 255, 255, 253, 257, 254, 254, 255, 255, 254,
    255, 255, 253, 254, 253, 254, 255, 254, 253, 254, 257, 252, 254, 254,
    254, 252, 256, 255, 255, 256, 252, 254, 256, 255, 255, 255, 254, 256,
    255, 254, 253, 256, 256, 255, 255, 252, 253, 252, 255, 252, 252, 252,
    253, 254, 255, 253, 255, 256, 253, 256, 253, 254, 255, 252, 253, 254,
    254, 256, 253, 255, 255 ]
headPositionsY: [ 75, 76, 76, 79, 77, 79, 75, 77, 77, 75, 76, 76, 78, 76,
    79, 79, 76, 78, 76, 80, 75, 77, 78, 80, 78, 79, 79, 78, 77, 75, 78,
    80, 80, 77, 76, 80, 79, 76, 75, 77, 75, 76, 72, 72, 74, 71, 69, 74,
    73, 73, 76, 79, 77, 81, 78, 78, 77, 75, 73, 72, 75, 72, 79, 81, 84,
    85, 79, 77, 74, 75, 74, 74, 78, 82, 85, 82, 82, 78, 77, 77, 73, 78,
    75, 76, 81, 83, 83, 81, 80, 79, 77, 79, 77, 76, 75, 78, 78, 77, 79,
    76 ]
