%YAML:1.0
---
videoName: "headLookLeft7.mp4"
gestureLabel: 203
fps: 29
pixelSizeInCmTemp: 3.4214285714285714e-01
faceCenterPointX: 268
faceCenterPointY: 68
headPositionsX: [ 268, 247, 246, 244, 247, 243, 248, 247, 244, 246, 243,
    247, 245, 243, 247, 246, 245, 247, 247, 243, 244, 245, 244, 247, 246,
    247, 246, 245, 246, 248, 248, 248, 252, 256, 258, 261, 259, 265, 261,
    263, 267, 266, 266, 264, 268, 270, 269, 266, 269, 268, 267, 268, 267,
    269, 265, 266, 268, 269, 269, 272, 267, 271, 265, 268, 271, 268, 266,
    268, 266, 267, 267, 268, 267, 267, 267, 269, 271, 269, 264, 270, 269,
    271, 271, 266, 271, 269, 269, 270, 267, 269, 268, 269, 270, 268, 268,
    272, 267, 272, 269, 271 ]
headPositionsY: [ 68, 67, 68, 70, 71, 67, 68, 68, 71, 70, 68, 68, 71, 68,
    69, 73, 70, 71, 69, 69, 68, 70, 71, 68, 70, 72, 72, 68, 70, 70, 69,
    67, 69, 69, 71, 67, 66, 70, 67, 69, 67, 66, 70, 67, 68, 67, 68, 66,
    67, 67, 67, 71, 66, 69, 70, 68, 71, 67, 65, 71, 71, 70, 69, 71, 69,
    69, 68, 71, 66, 71, 70, 69, 71, 69, 68, 68, 70, 67, 67, 70, 68, 68,
    71, 66, 71, 69, 66, 70, 67, 68, 68, 68, 67, 70, 70, 68, 66, 68, 72,
    68 ]
