%YAML:1.0
---
videoName: "headShake14.mp4"
gestureLabel: 201
fps: 29
pixelSizeInCmTemp: 3.2364864864864862e-01
faceCenterPointX: 244
faceCenterPointY: 76
headPositionsX: [ 246, 248, 246, 245, 244, 246, 244, 247, 246, 246, 243,
    245, 244, 245, 245, 246, 244, 247, 245, 245, 247, 244, 242, 247, 244,
    245, 250, 253, 257, 257, 263, 261, 260, 261, 256, 250, 245, 240, 234,
    230, 227, 223, 226, 227, 231, 239, 241, 250, 250, 254, 257, 257, 252,
    251, 247, 241, 237, 234, 234, 231, 234, 235, 236, 239, 243, 241, 243,
    246, 250, 250, 249, 247, 250, 247, 247, 246, 242, 243, 239, 241, 241,
    240, 240, 242, 242, 244, 244, 242, 243, 244, 246, 247, 245, 245, 246,
    243, 242, 242, 244, 242 ]
headPositionsY: [ 75, 73, 74, 73, 77, 78, 75, 76, 77, 77, 75, 75, 74, 74,
    74, 77, 77, 76, 75, 73, 75, 77, 76, 76, 76, 73, 76, 76, 72, 74, 74,
    71, 72, 75, 76, 73, 75, 74, 75, 76, 73, 76, 77, 74, 73, 75, 77, 72,
    74, 70, 73, 71, 72, 74, 74, 73, 76, 74, 75, 77, 75, 77, 76, 76, 77,
    76, 75, 74, 74, 77, 75, 77, 75, 78, 75, 77, 74, 74, 76, 74, 75, 77,
    77, 75, 77, 78, 75, 75, 74, 75, 75, 76, 77, 76, 74, 75, 74, 77, 78,
    77 ]
