%YAML:1.0
---
videoName: "headShake34.mp4"
gestureLabel: 201
fps: 29
pixelSizeInCmTemp: 3.2364864864864862e-01
faceCenterPointX: 263
faceCenterPointY: 83
headPositionsX: [ 265, 264, 263, 264, 261, 265, 264, 264, 263, 266, 263,
    263, 263, 264, 266, 265, 264, 262, 264, 264, 263, 263, 263, 266, 263,
    265, 263, 263, 262, 264, 264, 262, 263, 262, 265, 267, 264, 266, 270,
    271, 272, 275, 273, 277, 278, 278, 276, 278, 277, 273, 274, 270, 263,
    260, 254, 252, 251, 252, 251, 254, 258, 262, 267, 265, 270, 269, 272,
    270, 264, 260, 259, 255, 255, 253, 256, 258, 260, 260, 263, 263, 265,
    266, 267, 267, 265, 266, 266, 265, 267, 265, 267, 262, 266, 262, 266,
    265, 261, 262, 263, 261 ]
headPositionsY: [ 81, 83, 84, 81, 84, 84, 84, 82, 80, 84, 82, 83, 85, 85,
    81, 80, 81, 81, 82, 82, 83, 85, 83, 81, 85, 80, 83, 82, 86, 82, 81,
    81, 83, 83, 86, 85, 81, 83, 81, 85, 81, 83, 84, 82, 80, 82, 83, 79,
    83, 84, 81, 83, 84, 82, 83, 79, 80, 81, 80, 84, 85, 83, 83, 83, 82,
    82, 82, 81, 82, 84, 81, 82, 84, 81, 81, 85, 82, 83, 85, 82, 81, 84,
    83, 81, 85, 83, 82, 83, 84, 84, 83, 84, 86, 85, 86, 84, 86, 84, 82,
    84 ]
