%YAML:1.0
---
videoName: "headShake24.mp4"
gestureLabel: 201
fps: 29
pixelSizeInCmTemp: 3.2808219178082193e-01
faceCenterPointX: 240
faceCenterPointY: 78
headPositionsX: [ 242, 249, 252, 254, 255, 252, 254, 256, 251, 249, 249,
    245, 243, 242, 240, 235, 235, 231, 233, 231, 230, 230, 233, 231, 230,
    234, 237, 238, 239, 244, 246, 245, 248, 251, 250, 248, 250, 250, 249,
    247, 244, 244, 242, 240, 236, 237, 234, 232, 235, 231, 234, 234, 236,
    238, 237, 239, 240, 241, 244, 244, 247, 246, 245, 249, 248, 249, 249,
    246, 246, 246, 242, 243, 241, 242, 239, 241, 240, 237, 238, 237, 238,
    240, 240, 240, 237, 237, 238, 239, 238, 240, 238, 239, 239, 240, 243,
    238, 240, 241, 242, 240 ]
headPositionsY: [ 78, 76, 77, 76, 75, 74, 75, 74, 76, 77, 79, 75, 76, 79,
    76, 77, 76, 79, 76, 79, 76, 77, 80, 77, 77, 79, 79, 78, 78, 78, 77,
    78, 75, 79, 79, 78, 76, 77, 77, 80, 78, 76, 78, 79, 79, 77, 76, 78,
    75, 77, 78, 78, 76, 80, 75, 78, 79, 79, 80, 75, 78, 78, 79, 78, 76,
    75, 76, 78, 75, 79, 77, 76, 79, 79, 78, 76, 77, 78, 75, 79, 75, 77,
    76, 78, 78, 75, 76, 79, 76, 77, 80, 77, 76, 76, 79, 78, 76, 78, 76,
    75 ]
