%YAML:1.0
---
videoName: "headLookRight4.mp4"
gestureLabel: 204
fps: 30
pixelSizeInCmTemp: 3.4214285714285714e-01
faceCenterPointX: 228
faceCenterPointY: 75
headPositionsX: [ 226, 255, 251, 256, 252, 253, 253, 254, 254, 254, 256,
    255, 255, 251, 254, 252, 251, 251, 251, 251, 254, 253, 254, 250, 253,
    251, 249, 251, 250, 250, 251, 251, 247, 247, 247, 242, 240, 239, 235,
    234, 233, 234, 229, 228, 230, 231, 232, 230, 228, 227, 231, 230, 225,
    226, 231, 227, 227, 229, 229, 229, 229, 223, 227, 225, 225, 224, 226,
    225, 224, 224, 223, 228, 227, 222, 222, 227, 229, 227, 229, 227, 227,
    228, 227, 229, 224, 227, 225, 224, 227, 228, 227, 227, 223, 230, 226,
    226, 227, 225, 227, 228 ]
headPositionsY: [ 73, 71, 72, 72, 72, 69, 71, 71, 71, 69, 72, 72, 73, 72,
    74, 75, 71, 75, 75, 71, 72, 72, 73, 73, 72, 72, 71, 75, 75, 76, 74,
    74, 72, 72, 75, 74, 73, 71, 72, 74, 72, 71, 74, 74, 72, 71, 74, 72,
    73, 73, 72, 71, 73, 74, 72, 75, 75, 73, 72, 71, 76, 74, 73, 73, 76,
    71, 75, 78, 76, 76, 77, 76, 75, 76, 78, 75, 73, 74, 76, 76, 75, 77,
    74, 76, 74, 74, 75, 77, 75, 74, 74, 72, 73, 78, 76, 73, 76, 75, 73,
    75 ]
