%YAML:1.0
---
videoName: "headShake3.mp4"
gestureLabel: 201
fps: 30
pixelSizeInCmTemp: 3.3263888888888887e-01
faceCenterPointX: 240
faceCenterPointY: 101
headPositionsX: [ 242, 244, 243, 239, 240, 242, 241, 241, 239, 241, 243,
    242, 242, 242, 244, 239, 241, 243, 240, 242, 242, 239, 239, 241, 241,
    239, 240, 242, 239, 241, 238, 239, 238, 243, 247, 247, 255, 257, 254,
    255, 255, 252, 249, 242, 238, 233, 232, 227, 230, 229, 233, 239, 241,
    248, 251, 250, 249, 247, 242, 238, 234, 227, 224, 223, 222, 226, 231,
    235, 241, 244, 244, 247, 245, 243, 243, 242, 238, 236, 234, 236, 232,
    234, 236, 236, 232, 234, 237, 236, 240, 238, 241, 241, 240, 243, 238,
    243, 239, 240, 240, 240 ]
headPositionsY: [ 102, 101, 97, 101, 98, 97, 97, 99, 99, 96, 101, 97,
    101, 97, 97, 97, 101, 101, 97, 98, 101, 101, 99, 101, 97, 98, 99, 97,
    98, 101, 97, 100, 99, 97, 100, 96, 95, 95, 99, 100, 97, 100, 100, 98,
    101, 100, 100, 99, 96, 99, 100, 98, 100, 96, 96, 100, 100, 99, 100,
    99, 97, 100, 99, 98, 96, 97, 99, 98, 100, 101, 98, 97, 96, 100, 98,
    98, 101, 98, 99, 102, 98, 97, 102, 102, 101, 101, 99, 100, 102, 101,
    103, 101, 100, 99, 99, 103, 101, 102, 103, 101 ]
