%YAML:1.0
---
videoName: "headLookLeft1.mp4"
gestureLabel: 203
fps: 30
pixelSizeInCmTemp: 3.6287878787878786e-01
faceCenterPointX: 276
faceCenterPointY: 73
headPositionsX: [ 275, 259, 258, 256, 255, 259, 255, 256, 257, 255, 256,
    254, 257, 257, 258, 253, 258, 257, 256, 256, 256, 255, 256, 255, 255,
    257, 254, 256, 257, 257, 254, 258, 255, 258, 255, 254, 257, 255, 256,
    256, 255, 256, 253, 256, 256, 254, 254, 256, 255, 257, 254, 256, 253,
    256, 256, 254, 255, 256, 258, 258, 261, 261, 264, 267, 265, 270, 270,
    273, 272, 276, 278, 279, 274, 273, 270, 279, 280, 276, 276, 274, 279,
    277, 277, 277, 279, 276, 275, 278, 280, 279, 277, 280, 278, 278, 276,
    277, 277, 275, 279, 276 ]
headPositionsY: [ 73, 78, 74, 75, 74, 74, 78, 75, 78, 77, 76, 75, 73, 74,
    76, 77, 75, 78, 79, 79, 78, 78, 78, 79, 75, 79, 76, 77, 76, 80, 78,
    78, 80, 77, 77, 76, 80, 79, 77, 76, 78, 78, 76, 80, 78, 81, 80, 81,
    79, 77, 78, 80, 77, 80, 77, 80, 80, 78, 79, 79, 79, 80, 76, 80, 75,
    76, 77, 76, 77, 77, 76, 74, 76, 75, 76, 77, 75, 76, 75, 78, 78, 76,
    73, 75, 77, 77, 75, 78, 73, 75, 74, 74, 73, 74, 75, 74, 76, 77, 76,
    71 ]
