%YAML:1.0
---
videoName: "headShake28.mp4"
gestureLabel: 201
fps: 29
pixelSizeInCmTemp: 3.2808219178082193e-01
faceCenterPointX: 242
faceCenterPointY: 80
headPositionsX: [ 240, 242, 240, 242, 241, 241, 242, 243, 241, 242, 243,
    240, 241, 240, 244, 241, 243, 239, 241, 241, 240, 240, 243, 243, 241,
    242, 244, 242, 240, 241, 240, 240, 242, 240, 244, 242, 241, 241, 241,
    241, 241, 245, 243, 242, 244, 242, 245, 244, 243, 241, 237, 233, 232,
    227, 229, 231, 237, 241, 249, 253, 257, 255, 253, 251, 246, 241, 234,
    234, 231, 236, 238, 243, 248, 251, 252, 253, 255, 251, 251, 246, 241,
    242, 239, 239, 236, 235, 237, 241, 242, 240, 241, 241, 240, 241, 244,
    242, 240, 243, 243, 244 ]
headPositionsY: [ 79, 75, 79, 75, 76, 77, 77, 78, 79, 79, 78, 76, 79, 77,
    81, 79, 78, 78, 77, 80, 80, 76, 80, 79, 78, 77, 78, 79, 81, 79, 78,
    78, 79, 78, 80, 78, 80, 77, 76, 78, 78, 77, 77, 76, 77, 77, 80, 77,
    78, 77, 75, 77, 76, 76, 77, 78, 76, 76, 79, 79, 76, 76, 79, 80, 76,
    80, 80, 81, 76, 77, 76, 78, 77, 79, 76, 78, 79, 81, 80, 81, 79, 79,
    78, 82, 76, 77, 78, 78, 79, 80, 77, 80, 78, 81, 81, 80, 79, 78, 81,
    78 ]
