%YAML:1.0
---
videoName: "headShake9.mp4"
gestureLabel: 201
fps: 30
pixelSizeInCmTemp: 3.2808219178082193e-01
faceCenterPointX: 243
faceCenterPointY: 73
headPositionsX: [ 244, 246, 241, 242, 245, 244, 242, 243, 245, 243, 245,
    241, 241, 245, 243, 241, 244, 242, 243, 242, 242, 241, 243, 245, 241,
    241, 242, 242, 242, 244, 244, 243, 242, 242, 244, 242, 240, 242, 245,
    246, 249, 248, 255, 257, 261, 263, 263, 264, 261, 256, 254, 247, 243,
    238, 233, 229, 228, 231, 233, 236, 242, 246, 253, 255, 262, 260, 260,
    259, 255, 250, 243, 239, 233, 231, 229, 230, 226, 232, 236, 242, 247,
    248, 251, 250, 250, 250, 248, 247, 249, 244, 244, 246, 247, 246, 242,
    244, 246, 244, 243, 242 ]
headPositionsY: [ 73, 71, 73, 71, 70, 70, 70, 73, 73, 70, 72, 71, 71, 72,
    72, 71, 73, 72, 70, 72, 73, 72, 72, 71, 71, 75, 74, 70, 71, 72, 70,
    71, 72, 70, 72, 73, 70, 74, 73, 74, 72, 70, 69, 70, 71, 70, 70, 73,
    71, 73, 74, 71, 72, 73, 73, 71, 74, 70, 72, 75, 73, 73, 70, 69, 68,
    71, 70, 69, 70, 72, 72, 73, 71, 70, 74, 70, 70, 74, 73, 74, 72, 71,
    73, 73, 74, 73, 74, 71, 74, 75, 72, 73, 73, 71, 72, 72, 71, 72, 74,
    74 ]
