%YAML:1.0
---
videoName: "headShake5.mp4"
gestureLabel: 201
fps: 30
pixelSizeInCmTemp: 3.3263888888888887e-01
faceCenterPointX: 275
faceCenterPointY: 73
headPositionsX: [ 277, 275, 279, 278, 276, 278, 279, 278, 278, 279, 279,
    280, 278, 279, 278, 277, 277, 277, 278, 279, 278, 276, 276, 278, 278,
    278, 279, 277, 279, 276, 277, 279, 280, 278, 283, 283, 289, 292, 297,
    297, 295, 292, 288, 283, 279, 270, 266, 265, 265, 262, 269, 272, 281,
    285, 290, 292, 288, 282, 278, 273, 270, 265, 261, 265, 269, 272, 276,
    282, 281, 282, 287, 281, 282, 276, 273, 273, 268, 267, 267, 268, 267,
    271, 276, 279, 282, 284, 282, 283, 282, 280, 279, 277, 279, 278, 275,
    275, 273, 273, 275, 275 ]
headPositionsY: [ 74, 71, 74, 72, 72, 74, 72, 74, 75, 72, 71, 73, 72, 74,
    75, 74, 73, 72, 73, 75, 73, 71, 73, 75, 76, 72, 76, 72, 73, 73, 73,
    75, 75, 71, 72, 74, 71, 74, 75, 73, 72, 74, 71, 72, 74, 73, 71, 72,
    74, 72, 74, 75, 76, 73, 71, 71, 75, 76, 73, 75, 74, 72, 73, 72, 75,
    74, 74, 73, 74, 74, 72, 72, 74, 75, 72, 75, 72, 74, 72, 74, 75, 72,
    73, 73, 72, 72, 73, 72, 73, 74, 74, 72, 74, 72, 74, 72, 73, 75, 72,
    74 ]
