%YAML:1.0
---
videoName: "headShake43.mp4"
gestureLabel: 201
fps: 29
pixelSizeInCmTemp: 3.2808219178082193e-01
faceCenterPointX: 257
faceCenterPointY: 84
headPositionsX: [ 259, 259, 261, 260, 259, 261, 262, 262, 261, 260, 259,
    262, 257, 261, 261, 260, 262, 260, 259, 258, 258, 260, 263, 259, 262,
    261, 261, 264, 266, 271, 274, 273, 280, 277, 281, 281, 283, 276, 279,
    276, 269, 266, 261, 255, 252, 248, 243, 246, 242, 242, 246, 253, 257,
    262, 269, 271, 274, 275, 272, 272, 272, 268, 262, 255, 251, 244, 244,
    245, 240, 249, 247, 250, 257, 260, 264, 266, 270, 268, 269, 269, 269,
    265, 266, 262, 263, 260, 260, 257, 259, 257, 259, 259, 258, 259, 259,
    255, 258, 257, 259, 256 ]
headPositionsY: [ 84, 86, 86, 86, 85, 87, 83, 87, 85, 87, 86, 85, 87, 84,
    85, 86, 85, 84, 86, 83, 87, 86, 86, 83, 85, 85, 82, 87, 86, 81, 82,
    85, 84, 80, 83, 81, 85, 84, 83, 82, 84, 86, 85, 86, 87, 84, 83, 81,
    82, 86, 84, 84, 86, 84, 84, 85, 82, 83, 81, 83, 82, 82, 82, 86, 84,
    81, 81, 82, 85, 81, 84, 84, 83, 85, 85, 86, 85, 83, 82, 83, 85, 84,
    83, 84, 82, 87, 82, 85, 85, 84, 81, 81, 81, 85, 85, 85, 83, 84, 81,
    84 ]
