%YAML:1.0
---
videoName: "headLookLeft6.mp4"
gestureLabel: 203
fps: 29
pixelSizeInCmTemp: 3.2808219178082193e-01
faceCenterPointX: 267
faceCenterPointY: 69
headPositionsX: [ 265, 246, 245, 247, 245, 246, 245, 248, 246, 246, 245,
    243, 246, 244, 245, 244, 244, 245, 245, 244, 247, 244, 247, 243, 246,
    246, 247, 251, 252, 251, 255, 257, 259, 263, 261, 266, 269, 268, 269,
    272, 266, 271, 270, 269, 267, 270, 268, 270, 270, 270, 266, 268, 267,
    267, 266, 271, 265, 268, 266, 267, 267, 268, 268, 267, 267, 266, 266,
    266, 269, 266, 269, 268, 265, 266, 263, 266, 266, 269, 268, 270, 267,
    267, 267, 265, 265, 270, 267, 267, 267, 268, 269, 267, 267, 268, 270,
    265, 266, 268, 267, 268 ]
headPositionsY: [ 71, 73, 69, 74, 71, 73, 74, 69, 72, 75, 72, 70, 74, 72,
    71, 73, 70, 73, 74, 70, 71, 70, 74, 72, 74, 72, 71, 71, 73, 73, 69,
    72, 71, 70, 69, 69, 72, 68, 71, 71, 69, 72, 69, 71, 68, 71, 67, 68,
    71, 73, 68, 71, 71, 71, 70, 69, 68, 71, 69, 68, 69, 69, 70, 70, 68,
    68, 71, 68, 71, 70, 70, 67, 70, 71, 66, 70, 68, 70, 72, 72, 71, 69,
    71, 68, 68, 68, 68, 70, 72, 73, 68, 68, 69, 68, 71, 69, 70, 68, 71,
    69 ]
