%YAML:1.0
---
videoName: "headLookUp4.mp4"
gestureLabel: 205
fps: 30
pixelSizeInCmTemp: 3.6846153846153845e-01
faceCenterPointX: 256
faceCenterPointY: 68
headPositionsX: [ 255, 255, 255, 257, 258, 257, 258, 256, 254, 255, 254,
    258, 256, 256, 257, 255, 255, 256, 259, 258, 258, 255, 256, 258, 256,
    257, 258, 256, 254, 256, 259, 255, 253, 254, 258, 254, 257, 255, 255,
    254, 255, 255, 258, 254, 256, 255, 257, 255, 257, 253, 257, 254, 255,
    255, 257, 256, 254, 255, 256, 257, 256, 253, 257, 258, 255, 257, 254,
    258, 258, 255, 256, 257, 255, 255, 255, 257, 257, 255, 254, 257, 253,
    254, 257, 256, 256, 255, 256, 252, 258, 254, 257, 258, 258, 257, 259,
    255, 256, 259, 256, 257 ]
headPositionsY: [ 69, 80, 81, 84, 80, 84, 84, 82, 83, 83, 80, 83, 81, 81,
    80, 81, 83, 80, 80, 81, 82, 79, 82, 79, 80, 76, 76, 74, 72, 72, 70,
    71, 70, 70, 67, 69, 68, 69, 70, 69, 67, 70, 69, 69, 69, 69, 67, 68,
    69, 69, 69, 71, 69, 69, 70, 70, 69, 71, 66, 72, 67, 66, 69, 65, 72,
    72, 68, 70, 72, 68, 71, 68, 69, 69, 67, 70, 70, 70, 68, 70, 70, 67,
    68, 70, 70, 68, 69, 66, 70, 68, 68, 70, 70, 66, 68, 66, 71, 72, 68,
    69 ]
