%YAML:1.0
---
videoName: "headNod40.mp4"
gestureLabel: 202
fps: 29
pixelSizeInCmTemp: 2.8511904761904761e-01
faceCenterPointX: 267
faceCenterPointY: 78
headPositionsX: [ 266, 267, 269, 269, 268, 266, 270, 269, 266, 267, 268,
    266, 268, 266, 269, 270, 268, 269, 270, 270, 267, 269, 266, 268, 270,
    267, 266, 266, 268, 269, 266, 268, 267, 269, 270, 270, 269, 267, 269,
    268, 268, 267, 267, 266, 264, 267, 264, 265, 268, 268, 266, 264, 265,
    266, 264, 266, 266, 267, 264, 268, 265, 268, 264, 263, 264, 267, 264,
    268, 265, 267, 267, 269, 267, 267, 270, 268, 268, 268, 265, 267, 269,
    268, 265, 266, 267, 269, 268, 266, 269, 268, 267, 265, 265, 269, 266,
    269, 264, 267, 267, 269 ]
headPositionsY: [ 77, 78, 78, 76, 75, 76, 76, 75, 76, 76, 77, 75, 76, 75,
    78, 76, 76, 74, 74, 76, 75, 74, 78, 73, 75, 78, 77, 76, 77, 75, 75,
    75, 74, 76, 75, 76, 74, 73, 77, 74, 84, 90, 89, 95, 96, 95, 93, 91,
    86, 82, 77, 77, 79, 70, 70, 68, 69, 69, 71, 76, 82, 84, 88, 87, 86,
    83, 78, 77, 76, 74, 72, 73, 72, 75, 73, 72, 78, 81, 80, 77, 81, 78,
    80, 80, 80, 80, 79, 80, 76, 80, 75, 75, 76, 75, 76, 78, 76, 76, 79,
    75 ]
