%YAML:1.0
---
videoName: "headNod9.mp4"
gestureLabel: 202
fps: 29
pixelSizeInCmTemp: 3.1513157894736843e-01
faceCenterPointX: 261
faceCenterPointY: 75
headPositionsX: [ 261, 260, 262, 260, 259, 261, 262, 259, 262, 259, 260,
    260, 260, 258, 260, 262, 263, 260, 260, 262, 259, 259, 260, 260, 259,
    259, 263, 263, 262, 260, 262, 258, 261, 262, 260, 260, 260, 258, 259,
    262, 259, 260, 262, 259, 262, 262, 261, 257, 261, 261, 257, 258, 258,
    260, 261, 261, 259, 259, 260, 259, 262, 259, 259, 259, 260, 258, 263,
    259, 262, 260, 262, 259, 260, 259, 262, 262, 260, 261, 260, 259, 258,
    259, 258, 257, 260, 257, 256, 258, 256, 260, 258, 260, 259, 259, 258,
    261, 258, 258, 261, 258 ]
headPositionsY: [ 74, 77, 76, 73, 74, 76, 75, 75, 77, 74, 77, 78, 75, 75,
    75, 76, 77, 74, 73, 73, 76, 76, 75, 76, 74, 73, 76, 75, 73, 78, 79,
    79, 77, 81, 80, 78, 78, 74, 74, 71, 73, 72, 79, 81, 82, 88, 84, 84,
    82, 77, 77, 75, 79, 77, 80, 86, 84, 84, 82, 80, 74, 71, 75, 73, 79,
    80, 83, 83, 83, 81, 81, 75, 76, 73, 70, 71, 71, 72, 78, 77, 80, 84,
    83, 83, 79, 78, 78, 75, 75, 72, 72, 71, 74, 75, 73, 72, 74, 73, 75,
    76 ]
