%YAML:1.0
---
videoName: "headShake4.mp4"
gestureLabel: 201
fps: 30
pixelSizeInCmTemp: 3.2364864864864862e-01
faceCenterPointX: 237
faceCenterPointY: 101
headPositionsX: [ 238, 241, 247, 247, 253, 254, 255, 255, 251, 250, 246,
    238, 233, 228, 225, 224, 225, 229, 237, 243, 248, 249, 252, 253, 248,
    245, 240, 235, 230, 225, 224, 225, 226, 227, 236, 241, 247, 249, 254,
    256, 255, 254, 246, 244, 238, 233, 227, 223, 226, 227, 226, 228, 235,
    240, 242, 245, 245, 247, 251, 246, 245, 246, 242, 238, 235, 232, 229,
    230, 230, 230, 234, 235, 237, 238, 240, 240, 240, 244, 241, 242, 241,
    242, 239, 241, 240, 236, 239, 238, 236, 238, 234, 237, 235, 234, 237,
    238, 237, 237, 238, 238 ]
headPositionsY: [ 99, 101, 100, 99, 98, 96, 98, 96, 98, 97, 99, 99, 99,
    99, 96, 99, 99, 97, 98, 101, 97, 101, 97, 100, 101, 99, 102, 102,
    100, 97, 100, 101, 97, 98, 98, 99, 98, 101, 98, 100, 100, 97, 101,
    99, 99, 97, 102, 100, 102, 98, 97, 100, 98, 99, 100, 101, 100, 98,
    99, 101, 102, 100, 101, 100, 101, 101, 100, 100, 97, 98, 101, 97,
    101, 98, 98, 100, 99, 99, 103, 99, 98, 103, 102, 100, 101, 101, 100,
    99, 99, 103, 98, 99, 97, 102, 101, 102, 99, 100, 102, 99 ]
