%YAML:1.0
---
videoName: "headLookUp0.mp4"
gestureLabel: 205
fps: 29
pixelSizeInCmTemp: 3.6846153846153845e-01
faceCenterPointX: 258
faceCenterPointY: 66
headPositionsX: [ 260, 261, 260, 257, 261, 259, 259, 260, 261, 259, 256,
    260, 259, 257, 260, 259, 257, 259, 259, 258, 257, 261, 259, 261, 259,
    259, 259, 260, 257, 262, 260, 259, 260, 256, 260, 256, 260, 258, 259,
    259, 258, 259, 262, 258, 259, 258, 256, 261, 261, 255, 258, 258, 257,
    260, 258, 259, 259, 259, 257, 258, 260, 260, 259, 258, 260, 260, 258,
    255, 260, 256, 259, 259, 257, 259, 257, 257, 259, 260, 255, 258, 260,
    261, 258, 261, 258, 256, 260, 257, 257, 256, 260, 261, 256, 256, 257,
    258, 257, 259, 257, 259 ]
headPositionsY: [ 65, 83, 81, 81, 81, 79, 82, 83, 81, 81, 82, 79, 80, 79,
    75, 78, 77, 76, 74, 75, 74, 71, 71, 67, 68, 67, 69, 69, 67, 67, 66,
    69, 65, 69, 68, 65, 64, 69, 66, 67, 69, 66, 65, 69, 69, 69, 66, 67,
    67, 67, 67, 67, 68, 66, 69, 67, 68, 65, 67, 66, 67, 70, 68, 67, 67,
    66, 69, 69, 68, 67, 67, 67, 68, 68, 67, 68, 69, 68, 67, 66, 65, 69,
    69, 67, 66, 66, 69, 70, 66, 68, 70, 70, 67, 69, 66, 69, 68, 64, 66,
    71 ]
