%YAML:1.0
---
videoName: "headShake27.mp4"
gestureLabel: 201
fps: 29
pixelSizeInCmTemp: 3.3263888888888887e-01
faceCenterPointX: 244
faceCenterPointY: 78
headPositionsX: [ 246, 245, 245, 249, 248, 253, 256, 253, 257, 256, 256,
    255, 254, 254, 255, 252, 249, 244, 246, 241, 241, 236, 239, 235, 236,
    236, 232, 231, 233, 233, 233, 232, 235, 234, 240, 242, 240, 242, 245,
    248, 246, 247, 248, 248, 250, 249, 252, 251, 250, 249, 246, 245, 240,
    240, 236, 236, 236, 235, 236, 232, 230, 233, 235, 232, 237, 237, 236,
    237, 240, 240, 241, 245, 243, 244, 248, 245, 248, 246, 249, 245, 249,
    248, 245, 246, 246, 247, 243, 247, 244, 244, 244, 243, 245, 242, 243,
    243, 242, 242, 244, 245 ]
headPositionsY: [ 76, 76, 76, 78, 79, 74, 75, 78, 78, 75, 77, 77, 74, 75,
    78, 76, 80, 77, 76, 79, 77, 76, 76, 78, 80, 78, 79, 79, 77, 80, 81,
    77, 78, 80, 79, 78, 78, 77, 81, 81, 80, 79, 80, 79, 82, 77, 79, 78,
    79, 77, 78, 78, 78, 81, 77, 82, 77, 77, 81, 76, 80, 80, 81, 79, 77,
    79, 80, 79, 80, 77, 80, 82, 77, 79, 81, 79, 81, 80, 78, 78, 80, 82,
    78, 81, 80, 78, 82, 82, 80, 79, 81, 77, 81, 82, 80, 78, 77, 80, 79,
    81 ]
