%YAML:1.0
---
videoName: "headShake8.mp4"
gestureLabel: 201
fps: 29
pixelSizeInCmTemp: 3.2364864864864862e-01
faceCenterPointX: 243
faceCenterPointY: 72
headPositionsX: [ 243, 245, 243, 242, 244, 242, 244, 244, 243, 243, 245,
    243, 243, 246, 246, 245, 242, 244, 245, 244, 245, 246, 244, 245, 242,
    244, 241, 243, 241, 242, 243, 246, 244, 243, 247, 248, 252, 255, 260,
    262, 265, 267, 263, 262, 255, 253, 244, 239, 235, 232, 232, 231, 230,
    239, 246, 248, 254, 257, 257, 258, 256, 255, 251, 245, 240, 239, 233,
    234, 233, 234, 236, 239, 237, 239, 241, 247, 248, 245, 250, 250, 250,
    250, 251, 250, 251, 250, 250, 247, 245, 245, 245, 244, 246, 245, 243,
    241, 241, 243, 242, 243 ]
headPositionsY: [ 72, 72, 72, 72, 71, 73, 70, 70, 72, 74, 70, 72, 72, 73,
    73, 69, 70, 72, 70, 74, 73, 70, 73, 73, 70, 72, 71, 72, 71, 72, 71,
    74, 69, 71, 73, 69, 68, 72, 70, 69, 68, 68, 71, 71, 73, 69, 71, 70,
    72, 71, 73, 72, 71, 70, 70, 71, 68, 69, 69, 71, 71, 71, 71, 69, 71,
    71, 72, 73, 72, 71, 72, 70, 70, 73, 72, 71, 71, 72, 72, 71, 73, 72,
    73, 70, 73, 71, 70, 74, 73, 71, 72, 72, 69, 71, 74, 70, 70, 72, 74,
    72 ]
