%YAML:1.0
---
videoName: "headLookRight3.mp4"
gestureLabel: 204
fps: 29
pixelSizeInCmTemp: 3.5746268656716418e-01
faceCenterPointX: 232
faceCenterPointY: 71
headPositionsX: [ 232, 252, 251, 251, 253, 252, 252, 252, 254, 252, 256,
    251, 254, 253, 252, 254, 252, 252, 255, 253, 253, 257, 255, 256, 256,
    255, 253, 253, 254, 252, 256, 254, 256, 257, 256, 255, 253, 256, 255,
    252, 253, 250, 248, 246, 241, 239, 238, 236, 234, 236, 232, 231, 231,
    232, 231, 233, 233, 232, 233, 232, 229, 230, 233, 232, 230, 233, 232,
    231, 233, 231, 232, 234, 234, 231, 234, 231, 234, 233, 230, 229, 238,
    232, 232, 235, 235, 233, 234, 231, 233, 233, 232, 231, 234, 231, 234,
    232, 233, 233, 235, 234 ]
headPositionsY: [ 72, 67, 69, 69, 67, 72, 69, 68, 69, 67, 72, 70, 68, 68,
    71, 70, 71, 71, 73, 70, 73, 73, 73, 69, 74, 70, 70, 70, 69, 70, 73,
    72, 70, 70, 70, 71, 73, 70, 70, 73, 71, 69, 70, 71, 72, 72, 68, 73,
    71, 70, 70, 73, 70, 73, 72, 70, 71, 71, 69, 73, 70, 73, 72, 70, 70,
    73, 75, 72, 71, 73, 71, 71, 73, 73, 71, 72, 73, 69, 73, 73, 70, 69,
    70, 73, 74, 74, 69, 70, 71, 72, 69, 72, 70, 70, 69, 72, 72, 68, 73,
    70 ]
