%YAML:1.0
---
videoName: "headShake49.mp4"
gestureLabel: 201
fps: 30
pixelSizeInCmTemp: 2.8855421686746985e-01
faceCenterPointX: 259
faceCenterPointY: 84
headPositionsX: [ 261, 262, 259, 260, 263, 263, 259, 262, 262, 260, 261,
    261, 262, 260, 260, 260, 263, 259, 261, 259, 262, 261, 258, 262, 260,
    262, 259, 259, 262, 262, 260, 259, 261, 264, 268, 274, 277, 280, 284,
    284, 281, 279, 273, 264, 259, 251, 250, 249, 248, 257, 262, 268, 270,
    276, 271, 269, 263, 255, 249, 247, 249, 253, 255, 262, 263, 268, 270,
    267, 263, 261, 258, 255, 254, 254, 257, 261, 267, 270, 272, 266, 269,
    264, 262, 259, 257, 255, 257, 258, 257, 262, 261, 260, 258, 262, 257,
    258, 256, 261, 259, 260 ]
headPositionsY: [ 84, 81, 79, 80, 81, 81, 80, 81, 81, 81, 83, 80, 81, 81,
    78, 78, 81, 80, 81, 80, 79, 82, 81, 79, 81, 80, 78, 80, 79, 78, 84,
    79, 81, 82, 81, 80, 78, 78, 77, 79, 80, 82, 84, 84, 83, 84, 81, 83,
    84, 85, 82, 82, 84, 83, 82, 84, 86, 86, 87, 82, 83, 85, 86, 83, 86,
    86, 82, 84, 85, 82, 87, 85, 86, 82, 82, 83, 86, 86, 84, 83, 84, 84,
    87, 82, 83, 85, 83, 81, 83, 84, 84, 86, 86, 83, 85, 86, 87, 86, 86,
    87 ]
