%YAML:1.0
---
videoName: "headShake17.mp4"
gestureLabel: 201
fps: 29
pixelSizeInCmTemp: 3.3263888888888887e-01
faceCenterPointX: 242
faceCenterPointY: 76
headPositionsX: [ 243, 241, 240, 238, 236, 237, 240, 243, 247, 247, 249,
    254, 260, 257, 256, 257, 253, 249, 246, 239, 236, 234, 231, 225, 228,
    229, 227, 233, 233, 241, 243, 246, 251, 249, 252, 251, 252, 254, 246,
    247, 243, 239, 239, 232, 230, 230, 229, 235, 236, 237, 238, 238, 240,
    245, 242, 243, 247, 243, 246, 245, 244, 241, 240, 242, 239, 237, 241,
    241, 242, 242, 241, 243, 240, 242, 240, 242, 240, 241, 239, 241, 243,
    240, 240, 240, 240, 240, 239, 243, 241, 239, 239, 241, 239, 241, 240,
    242, 243, 239, 241, 242 ]
headPositionsY: [ 76, 77, 74, 79, 78, 76, 77, 74, 78, 73, 73, 72, 73, 74,
    74, 75, 73, 74, 78, 77, 79, 77, 78, 78, 74, 78, 74, 75, 77, 79, 76,
    75, 77, 75, 75, 73, 73, 75, 78, 80, 78, 76, 79, 77, 77, 76, 75, 76,
    79, 79, 77, 76, 78, 76, 77, 77, 75, 78, 75, 79, 74, 77, 76, 76, 77,
    74, 74, 77, 76, 77, 77, 78, 78, 76, 74, 74, 77, 74, 75, 76, 78, 77,
    76, 76, 77, 77, 78, 78, 78, 76, 77, 76, 78, 76, 74, 75, 74, 76, 77,
    78 ]
