%YAML:1.0
---
videoName: "headShake31.mp4"
gestureLabel: 201
fps: 29
pixelSizeInCmTemp: 3.2808219178082193e-01
faceCenterPointX: 236
faceCenterPointY: 68
headPositionsX: [ 238, 238, 236, 239, 235, 235, 236, 236, 235, 235, 235,
    235, 238, 239, 239, 236, 239, 237, 238, 236, 234, 237, 237, 235, 238,
    235, 235, 238, 236, 239, 237, 238, 237, 236, 234, 233, 233, 238, 243,
    243, 246, 252, 252, 252, 254, 248, 243, 241, 234, 223, 221, 223, 220,
    226, 228, 234, 239, 243, 245, 245, 248, 245, 240, 237, 236, 231, 230,
    227, 228, 231, 230, 238, 240, 239, 241, 240, 243, 241, 240, 238, 238,
    235, 235, 236, 234, 237, 232, 236, 232, 234, 234, 234, 234, 235, 234,
    234, 237, 237, 235, 234 ]
headPositionsY: [ 67, 68, 66, 66, 68, 68, 68, 67, 66, 68, 67, 68, 65, 66,
    65, 65, 69, 68, 70, 67, 65, 69, 66, 67, 67, 67, 67, 65, 67, 68, 67,
    69, 66, 69, 70, 69, 65, 68, 68, 64, 68, 65, 67, 66, 66, 69, 68, 68,
    66, 66, 65, 70, 67, 71, 68, 68, 68, 71, 68, 68, 68, 70, 71, 68, 69,
    67, 69, 69, 67, 68, 70, 71, 67, 68, 70, 67, 66, 68, 69, 71, 67, 66,
    71, 69, 69, 69, 67, 70, 68, 69, 67, 71, 71, 69, 69, 67, 70, 69, 69,
    67 ]
