%YAML:1.0
---
videoName: "headNod14.mp4"
gestureLabel: 202
fps: 29
pixelSizeInCmTemp: 3.2808219178082193e-01
faceCenterPointX: 257
faceCenterPointY: 71
headPositionsX: [ 257, 259, 257, 259, 260, 257, 257, 259, 259, 260, 260,
    256, 259, 256, 260, 260, 256, 260, 256, 259, 257, 257, 256, 258, 259,
    260, 260, 256, 260, 260, 257, 256, 260, 259, 258, 259, 257, 258, 258,
    257, 260, 260, 260, 259, 262, 258, 258, 260, 261, 259, 260, 260, 257,
    258, 259, 260, 258, 260, 261, 257, 260, 260, 257, 258, 260, 260, 259,
    261, 258, 256, 259, 258, 257, 256, 256, 259, 256, 256, 258, 258, 256,
    257, 259, 258, 257, 259, 257, 255, 258, 257, 257, 258, 256, 258, 257,
    257, 258, 259, 257, 256 ]
headPositionsY: [ 73, 78, 78, 75, 80, 77, 78, 77, 79, 76, 77, 77, 77, 79,
    76, 78, 74, 77, 77, 77, 79, 75, 78, 77, 76, 78, 79, 77, 79, 76, 80,
    79, 80, 77, 77, 79, 75, 79, 76, 75, 74, 73, 70, 69, 68, 67, 72, 69,
    71, 75, 74, 77, 82, 80, 80, 79, 79, 78, 79, 76, 73, 69, 70, 69, 71,
    73, 74, 74, 79, 79, 80, 84, 82, 75, 74, 70, 68, 68, 67, 68, 72, 74,
    74, 76, 82, 79, 82, 76, 78, 74, 71, 70, 67, 67, 68, 68, 69, 72, 69,
    72 ]
