%YAML:1.0
---
videoName: "headNod45.mp4"
gestureLabel: 202
fps: 30
pixelSizeInCmTemp: 3.0316455696202532e-01
faceCenterPointX: 265
faceCenterPointY: 77
headPositionsX: [ 265, 266, 269, 269, 265, 266, 266, 267, 269, 271, 268,
    267, 267, 268, 269, 265, 267, 267, 269, 267, 266, 265, 266, 267, 268,
    266, 269, 264, 265, 268, 265, 268, 267, 267, 268, 267, 266, 266, 265,
    267, 267, 265, 264, 264, 263, 265, 264, 267, 266, 268, 267, 268, 265,
    270, 265, 268, 267, 265, 269, 268, 267, 266, 266, 267, 267, 265, 266,
    268, 266, 265, 266, 267, 268, 268, 268, 264, 264, 265, 264, 263, 267,
    266, 268, 268, 264, 267, 267, 266, 268, 266, 265, 268, 267, 265, 267,
    265, 267, 265, 265, 264 ]
headPositionsY: [ 78, 73, 73, 77, 76, 77, 74, 73, 77, 73, 78, 77, 77, 74,
    74, 76, 77, 79, 77, 81, 83, 90, 90, 93, 93, 91, 91, 86, 83, 76, 71,
    74, 70, 68, 66, 68, 69, 68, 74, 80, 82, 86, 92, 89, 92, 90, 89, 82,
    79, 76, 77, 72, 73, 72, 76, 77, 78, 79, 84, 85, 85, 82, 79, 79, 78,
    74, 71, 70, 73, 73, 80, 80, 83, 86, 89, 85, 86, 84, 83, 77, 79, 75,
    77, 76, 75, 80, 78, 79, 80, 81, 77, 80, 81, 78, 78, 79, 75, 80, 79,
    78 ]
