%YAML:1.0
---
videoName: "headShake35.mp4"
gestureLabel: 201
fps: 29
pixelSizeInCmTemp: 3.2364864864864862e-01
faceCenterPointX: 267
faceCenterPointY: 82
headPositionsX: [ 266, 269, 265, 268, 269, 267, 268, 266, 267, 266, 268,
    266, 268, 268, 267, 268, 268, 271, 269, 266, 267, 266, 268, 267, 268,
    267, 267, 269, 270, 268, 269, 267, 269, 268, 267, 269, 268, 268, 270,
    268, 266, 267, 269, 267, 267, 269, 268, 266, 266, 268, 268, 267, 270,
    265, 266, 270, 268, 265, 269, 267, 266, 269, 268, 272, 271, 277, 280,
    278, 282, 279, 276, 272, 268, 261, 258, 257, 258, 263, 267, 270, 272,
    275, 276, 274, 271, 266, 264, 261, 260, 260, 265, 266, 267, 265, 267,
    269, 267, 270, 268, 266 ]
headPositionsY: [ 83, 77, 82, 78, 79, 79, 80, 77, 82, 78, 78, 78, 82, 81,
    80, 81, 79, 80, 80, 82, 81, 77, 79, 79, 80, 80, 77, 79, 82, 81, 78,
    80, 83, 78, 78, 81, 80, 80, 81, 80, 83, 79, 79, 79, 79, 81, 83, 81,
    82, 83, 79, 79, 80, 78, 80, 83, 78, 78, 79, 81, 83, 82, 81, 81, 78,
    82, 82, 82, 81, 81, 82, 80, 79, 80, 83, 79, 80, 84, 80, 80, 84, 84,
    80, 83, 81, 81, 82, 79, 80, 81, 79, 81, 83, 82, 83, 83, 83, 82, 82,
    84 ]
