%YAML:1.0
---
videoName: "headNod40.mp4"
gestureLabel: 202
fps: 29
pixelSizeInCmTemp: 2.8511904761904761e-01
faceCenterPointX: 267
faceCenterPointY: 78
headPositionsX: [ 268, 265, 266, 265, 268, 269, 269, 268, 269, 270, 267,
    265, 266, 270, 269, 267, 265, 266, 267, 268, 268, 266, 267, 267, 268,
    269, 266, 269, 269, 268, 268, 268, 266, 270, 269, 266, 270, 269, 268,
    266, 268, 266, 264, 267, 267, 267, 266, 266, 268, 264, 268, 266, 268,
    265, 264, 266, 266, 266, 267, 266, 266, 265, 265, 263, 264, 266, 267,
    264, 268, 266, 269, 266, 269, 268, 270, 266, 268, 266, 265, 268, 269,
    269, 266, 266, 268, 269, 265, 267, 268, 267, 268, 268, 268, 268, 266,
    266, 264, 267, 268, 266 ]
headPositionsY: [ 80, 77, 78, 75, 76, 78, 78, 77, 74, 75, 78, 73, 76, 73,
    76, 75, 76, 74, 74, 74, 78, 78, 76, 73, 77, 74, 77, 74, 75, 74, 74,
    77, 74, 76, 76, 75, 73, 73, 76, 75, 84, 89, 91, 96, 94, 97, 95, 89,
    87, 84, 78, 80, 80, 67, 69, 68, 68, 67, 68, 75, 81, 84, 88, 85, 85,
    82, 78, 81, 75, 73, 73, 73, 72, 73, 75, 74, 81, 81, 80, 81, 81, 81,
    77, 80, 81, 77, 77, 78, 76, 77, 75, 76, 75, 77, 77, 75, 79, 75, 75,
    75 ]
