%YAML:1.0
---
videoName: "headShake4.mp4"
gestureLabel: 201
fps: 30
pixelSizeInCmTemp: 3.2364864864864862e-01
faceCenterPointX: 237
faceCenterPointY: 101
headPositionsX: [ 236, 243, 247, 248, 251, 254, 252, 253, 254, 250, 242,
    237, 230, 229, 223, 226, 224, 232, 234, 241, 248, 253, 254, 249, 252,
    245, 242, 236, 228, 223, 222, 225, 224, 229, 236, 242, 247, 249, 255,
    254, 254, 250, 248, 244, 236, 232, 227, 226, 224, 226, 229, 230, 233,
    240, 242, 247, 247, 249, 248, 250, 245, 244, 242, 235, 234, 230, 228,
    232, 227, 229, 233, 232, 234, 238, 237, 242, 242, 244, 241, 241, 239,
    238, 242, 239, 240, 238, 238, 237, 237, 240, 236, 237, 234, 238, 235,
    236, 235, 236, 236, 238 ]
headPositionsY: [ 99, 97, 98, 98, 101, 98, 96, 96, 97, 101, 102, 101, 99,
    97, 96, 96, 98, 101, 101, 99, 95, 98, 97, 98, 97, 99, 100, 99, 99,
    98, 96, 100, 99, 97, 101, 99, 98, 98, 96, 98, 101, 99, 98, 101, 101,
    99, 102, 102, 102, 100, 97, 98, 99, 101, 102, 101, 97, 98, 100, 100,
    100, 99, 99, 101, 100, 98, 102, 102, 99, 101, 102, 99, 101, 99, 99,
    98, 99, 101, 100, 103, 98, 99, 100, 100, 102, 99, 101, 102, 100, 101,
    98, 101, 99, 102, 102, 102, 100, 99, 100, 102 ]
