%YAML:1.0
---
videoName: "headShake49.mp4"
gestureLabel: 201
fps: 30
pixelSizeInCmTemp: 2.8855421686746985e-01
faceCenterPointX: 259
faceCenterPointY: 84
headPositionsX: [ 257, 261, 261, 258, 259, 263, 263, 262, 261, 262, 260,
    260, 260, 259, 262, 262, 259, 259, 260, 261, 263, 260, 260, 260, 262,
    259, 260, 258, 262, 260, 260, 261, 261, 267, 270, 275, 274, 280, 283,
    283, 282, 276, 273, 267, 260, 253, 247, 250, 251, 257, 262, 270, 274,
    272, 271, 268, 264, 258, 252, 249, 246, 250, 254, 259, 263, 270, 272,
    265, 263, 262, 256, 251, 256, 257, 258, 261, 268, 269, 270, 266, 266,
    265, 261, 260, 259, 257, 260, 257, 260, 260, 258, 259, 256, 258, 257,
    260, 258, 260, 260, 257 ]
headPositionsY: [ 86, 79, 82, 81, 81, 79, 82, 81, 80, 82, 81, 82, 79, 82,
    82, 82, 81, 83, 83, 79, 80, 80, 81, 83, 78, 78, 82, 80, 82, 78, 81,
    79, 82, 81, 83, 82, 79, 81, 80, 79, 79, 81, 84, 84, 85, 84, 82, 82,
    85, 84, 82, 86, 83, 85, 86, 86, 84, 84, 84, 85, 82, 86, 86, 83, 86,
    84, 82, 84, 83, 83, 85, 86, 85, 83, 85, 86, 85, 82, 83, 83, 84, 83,
    86, 82, 82, 82, 87, 84, 85, 84, 87, 83, 85, 86, 82, 85, 87, 86, 83,
    85 ]
