%YAML:1.0
---
videoName: "headShake5.mp4"
gestureLabel: 201
fps: 30
pixelSizeInCmTemp: 3.3263888888888887e-01
faceCenterPointX: 275
faceCenterPointY: 73
headPositionsX: [ 273, 279, 278, 276, 276, 277, 277, 279, 277, 280, 278,
    279, 278, 275, 280, 277, 277, 277, 278, 280, 277, 276, 279, 276, 276,
    276, 277, 277, 276, 275, 279, 277, 281, 280, 280, 284, 289, 293, 295,
    295, 296, 292, 290, 284, 277, 271, 267, 264, 264, 265, 267, 275, 280,
    288, 292, 291, 288, 284, 280, 272, 267, 264, 261, 265, 268, 270, 274,
    279, 283, 284, 285, 282, 282, 278, 271, 271, 268, 267, 265, 266, 270,
    271, 273, 280, 279, 282, 283, 284, 279, 283, 281, 280, 277, 277, 277,
    277, 274, 275, 276, 275 ]
headPositionsY: [ 73, 74, 75, 73, 72, 73, 76, 73, 75, 73, 73, 71, 73, 73,
    75, 73, 76, 73, 72, 72, 73, 75, 74, 74, 72, 71, 73, 75, 76, 76, 71,
    71, 71, 75, 74, 74, 73, 73, 74, 71, 71, 74, 71, 72, 72, 73, 74, 75,
    71, 73, 75, 76, 75, 75, 72, 71, 76, 73, 77, 74, 75, 72, 72, 74, 74,
    75, 75, 73, 75, 76, 75, 73, 72, 73, 75, 74, 72, 71, 70, 72, 76, 71,
    70, 73, 73, 73, 71, 70, 74, 70, 71, 71, 71, 74, 73, 73, 74, 73, 72,
    71 ]
