%YAML:1.0
---
videoName: "headNod38.mp4"
gestureLabel: 202
fps: 29
pixelSizeInCmTemp: 2.9937500000000000e-01
faceCenterPointX: 267
faceCenterPointY: 73
headPositionsX: [ 268, 266, 269, 267, 267, 269, 265, 264, 265, 265, 265,
    266, 267, 266, 267, 266, 265, 266, 268, 266, 265, 265, 266, 267, 267,
    266, 267, 265, 263, 266, 265, 263, 267, 267, 265, 265, 266, 266, 265,
    264, 268, 268, 267, 268, 264, 269, 267, 267, 267, 268, 267, 267, 270,
    267, 269, 267, 266, 266, 267, 267, 270, 269, 267, 270, 271, 271, 270,
    267, 269, 267, 268, 269, 268, 269, 267, 269, 266, 269, 267, 268, 267,
    266, 265, 269, 269, 267, 267, 269, 268, 267, 267, 269, 269, 271, 269,
    267, 266, 269, 266, 265 ]
headPositionsY: [ 72, 74, 75, 77, 80, 83, 83, 86, 85, 83, 80, 79, 77, 74,
    76, 83, 83, 86, 86, 84, 84, 80, 73, 75, 79, 77, 83, 83, 87, 90, 89,
    84, 81, 78, 74, 74, 73, 73, 77, 76, 83, 88, 89, 89, 86, 83, 79, 76,
    74, 69, 73, 72, 71, 77, 78, 84, 82, 84, 87, 83, 79, 78, 78, 76, 72,
    75, 71, 74, 73, 76, 80, 81, 85, 87, 85, 83, 82, 79, 80, 76, 75, 71,
    70, 72, 74, 70, 74, 74, 75, 71, 73, 72, 74, 72, 72, 75, 75, 73, 74,
    74 ]
