%YAML:1.0
---
videoName: "headShake15.mp4"
gestureLabel: 201
fps: 29
pixelSizeInCmTemp: 3.3263888888888887e-01
faceCenterPointX: 243
faceCenterPointY: 76
headPositionsX: [ 245, 245, 243, 241, 242, 243, 243, 244, 241, 245, 244,
    246, 244, 243, 243, 245, 242, 245, 243, 245, 241, 245, 244, 245, 242,
    245, 244, 243, 244, 243, 245, 242, 242, 243, 241, 241, 244, 241, 242,
    242, 242, 243, 245, 241, 242, 241, 242, 243, 243, 241, 241, 241, 240,
    241, 242, 243, 243, 245, 241, 240, 243, 242, 245, 249, 250, 251, 255,
    258, 257, 259, 255, 255, 250, 249, 241, 237, 237, 234, 236, 240, 238,
    241, 243, 245, 247, 247, 246, 247, 244, 244, 241, 244, 240, 244, 240,
    244, 244, 243, 243, 246 ]
headPositionsY: [ 74, 75, 78, 77, 75, 77, 75, 74, 75, 75, 76, 78, 77, 78,
    75, 75, 73, 77, 76, 73, 74, 72, 78, 75, 74, 74, 75, 73, 73, 76, 74,
    73, 75, 76, 77, 73, 76, 74, 76, 76, 77, 74, 73, 78, 74, 76, 75, 77,
    75, 77, 74, 74, 76, 74, 74, 73, 73, 78, 76, 75, 75, 76, 75, 76, 77,
    73, 74, 75, 73, 76, 75, 73, 75, 74, 75, 77, 75, 73, 75, 78, 78, 77,
    77, 75, 77, 75, 76, 76, 78, 76, 77, 77, 78, 77, 76, 75, 77, 79, 74,
    79 ]
