%YAML:1.0
---
videoName: "headLookRight2.mp4"
gestureLabel: 204
fps: 29
pixelSizeInCmTemp: 3.8015873015873014e-01
faceCenterPointX: 228
faceCenterPointY: 68
headPositionsX: [ 229, 253, 254, 252, 252, 253, 252, 251, 251, 253, 251,
    252, 252, 250, 254, 252, 250, 254, 250, 250, 252, 252, 252, 253, 252,
    254, 255, 255, 254, 256, 252, 253, 255, 251, 253, 252, 256, 250, 252,
    252, 255, 252, 251, 254, 254, 253, 254, 249, 248, 251, 245, 247, 245,
    240, 239, 238, 233, 235, 229, 232, 226, 230, 228, 228, 229, 229, 225,
    228, 222, 228, 230, 227, 229, 229, 227, 228, 228, 230, 231, 231, 230,
    232, 229, 227, 227, 226, 228, 227, 229, 227, 226, 227, 227, 229, 228,
    230, 229, 232, 227, 229 ]
headPositionsY: [ 70, 67, 66, 65, 68, 67, 66, 66, 66, 69, 70, 69, 68, 70,
    68, 71, 68, 68, 70, 67, 68, 67, 67, 68, 70, 70, 71, 68, 70, 71, 71,
    70, 69, 67, 69, 69, 68, 69, 68, 70, 67, 67, 69, 67, 68, 71, 68, 71,
    70, 70, 67, 67, 70, 68, 67, 68, 68, 68, 68, 70, 65, 66, 66, 68, 68,
    70, 68, 70, 73, 70, 68, 67, 67, 68, 68, 70, 73, 70, 71, 72, 69, 68,
    71, 72, 69, 68, 68, 72, 69, 66, 69, 69, 71, 70, 67, 69, 70, 70, 70,
    72 ]
