%YAML:1.0
---
videoName: "headShake41.mp4"
gestureLabel: 201
fps: 29
pixelSizeInCmTemp: 3.2364864864864862e-01
faceCenterPointX: 264
faceCenterPointY: 85
headPositionsX: [ 266, 263, 259, 260, 259, 261, 262, 260, 264, 260, 263,
    260, 260, 260, 260, 262, 262, 260, 261, 261, 264, 261, 265, 265, 266,
    268, 270, 273, 273, 279, 278, 281, 283, 284, 279, 284, 280, 282, 279,
    276, 276, 269, 267, 264, 258, 255, 249, 247, 246, 247, 243, 244, 245,
    244, 246, 252, 253, 253, 258, 259, 263, 268, 271, 274, 277, 276, 277,
    280, 279, 278, 278, 274, 275, 273, 272, 270, 266, 265, 266, 266, 263,
    261, 263, 265, 265, 264, 264, 261, 259, 262, 261, 262, 262, 265, 262,
    261, 263, 264, 262, 266 ]
headPositionsY: [ 84, 84, 82, 85, 84, 81, 84, 84, 82, 81, 84, 82, 85, 85,
    85, 84, 86, 85, 84, 83, 83, 85, 86, 82, 81, 83, 84, 84, 79, 80, 83,
    81, 82, 78, 79, 82, 81, 81, 83, 83, 86, 81, 84, 84, 83, 85, 84, 83,
    81, 84, 83, 84, 81, 86, 85, 83, 82, 84, 86, 84, 84, 82, 82, 84, 83,
    84, 86, 82, 86, 86, 84, 82, 83, 84, 86, 85, 83, 86, 86, 82, 85, 84,
    83, 86, 84, 86, 85, 84, 84, 86, 85, 83, 87, 86, 86, 83, 83, 84, 84,
    87 ]
