%YAML:1.0
---
videoName: "headShake28.mp4"
gestureLabel: 201
fps: 29
pixelSizeInCmTemp: 3.2808219178082193e-01
faceCenterPointX: 242
faceCenterPointY: 80
headPositionsX: [ 240, 243, 240, 239, 240, 242, 240, 240, 242, 239, 240,
    239, 239, 242, 243, 242, 242, 240, 243, 242, 242, 242, 242, 241, 239,
    241, 241, 242, 243, 244, 242, 240, 241, 242, 240, 240, 241, 244, 244,
    242, 245, 246, 246, 243, 246, 243, 243, 247, 246, 241, 238, 235, 234,
    230, 229, 234, 237, 242, 250, 254, 255, 256, 255, 250, 244, 243, 234,
    231, 233, 236, 236, 241, 246, 252, 252, 253, 252, 252, 250, 248, 240,
    241, 240, 235, 238, 235, 240, 238, 238, 243, 243, 243, 242, 242, 244,
    243, 240, 240, 241, 240 ]
headPositionsY: [ 78, 77, 79, 78, 77, 76, 78, 77, 75, 78, 78, 80, 79, 80,
    79, 79, 78, 80, 77, 79, 78, 76, 77, 79, 78, 77, 78, 80, 77, 78, 80,
    76, 81, 79, 80, 81, 77, 79, 77, 76, 77, 75, 79, 77, 77, 77, 78, 77,
    78, 79, 76, 76, 76, 76, 79, 77, 80, 77, 80, 78, 76, 76, 77, 77, 78,
    80, 80, 77, 77, 79, 80, 81, 77, 81, 78, 75, 76, 77, 76, 78, 77, 81,
    77, 78, 80, 80, 81, 77, 80, 77, 77, 82, 79, 82, 80, 81, 80, 80, 81,
    78 ]
