%YAML:1.0
---
videoName: "headNod28.mp4"
gestureLabel: 202
fps: 30
pixelSizeInCmTemp: 3.2364864864864862e-01
faceCenterPointX: 270
faceCenterPointY: 76
headPositionsX: [ 268, 269, 270, 273, 271, 270, 272, 269, 272, 273, 272,
    270, 273, 271, 268, 273, 268, 270, 272, 268, 269, 270, 272, 269, 268,
    271, 268, 268, 268, 268, 271, 270, 272, 272, 268, 273, 269, 269, 272,
    270, 270, 271, 269, 269, 270, 271, 270, 270, 269, 268, 268, 268, 268,
    269, 269, 270, 269, 269, 269, 272, 270, 269, 272, 273, 272, 269, 271,
    271, 273, 273, 270, 269, 273, 272, 270, 273, 275, 272, 268, 269, 270,
    269, 271, 273, 269, 272, 269, 271, 270, 273, 273, 271, 272, 270, 274,
    271, 271, 270, 271, 268 ]
headPositionsY: [ 78, 73, 75, 72, 73, 76, 76, 74, 77, 73, 74, 74, 76, 73,
    73, 77, 73, 77, 73, 75, 77, 76, 74, 75, 77, 75, 72, 75, 76, 76, 75,
    74, 76, 73, 74, 76, 77, 76, 76, 75, 74, 77, 76, 79, 80, 83, 80, 79,
    76, 77, 75, 72, 74, 73, 71, 69, 70, 72, 74, 80, 79, 82, 80, 80, 79,
    74, 71, 69, 73, 72, 73, 76, 79, 82, 79, 80, 78, 75, 73, 72, 72, 75,
    74, 73, 74, 80, 80, 76, 76, 77, 77, 73, 74, 75, 76, 76, 78, 79, 78,
    77 ]
