%YAML:1.0
---
videoName: "headNod45.mp4"
gestureLabel: 202
fps: 30
pixelSizeInCmTemp: 3.0316455696202532e-01
faceCenterPointX: 265
faceCenterPointY: 77
headPositionsX: [ 263, 266, 266, 268, 268, 269, 268, 268, 267, 269, 268,
    268, 267, 270, 267, 268, 266, 267, 270, 266, 269, 266, 268, 268, 268,
    267, 269, 265, 268, 267, 267, 268, 267, 265, 265, 265, 267, 265, 265,
    266, 265, 263, 266, 264, 266, 265, 266, 264, 266, 267, 265, 267, 266,
    269, 269, 267, 268, 266, 269, 268, 267, 269, 263, 265, 264, 268, 267,
    268, 266, 267, 268, 269, 264, 264, 266, 264, 267, 267, 265, 263, 268,
    267, 267, 268, 264, 264, 266, 264, 267, 263, 263, 267, 266, 268, 267,
    264, 264, 264, 267, 268 ]
headPositionsY: [ 78, 73, 73, 74, 73, 75, 75, 75, 78, 74, 75, 74, 76, 74,
    76, 74, 74, 77, 77, 83, 86, 89, 90, 96, 93, 92, 90, 88, 82, 79, 75,
    75, 67, 67, 64, 68, 67, 70, 75, 76, 83, 87, 91, 89, 94, 90, 89, 82,
    80, 76, 75, 74, 73, 74, 73, 74, 76, 79, 84, 86, 87, 84, 81, 79, 75,
    75, 71, 74, 76, 73, 76, 79, 82, 85, 88, 85, 88, 83, 82, 81, 79, 76,
    77, 77, 79, 77, 82, 81, 78, 80, 81, 76, 81, 80, 79, 80, 79, 76, 78,
    76 ]
