%YAML:1.0
---
videoName: "headLookRight4.mp4"
gestureLabel: 204
fps: 30
pixelSizeInCmTemp: 3.4214285714285714e-01
faceCenterPointX: 228
faceCenterPointY: 75
headPositionsX: [ 229, 255, 251, 254, 254, 252, 254, 252, 255, 252, 255,
    253, 253, 255, 254, 252, 251, 251, 254, 254, 255, 251, 254, 249, 250,
    254, 252, 252, 250, 251, 249, 248, 249, 248, 244, 240, 241, 238, 234,
    235, 232, 233, 229, 229, 229, 227, 230, 229, 227, 229, 227, 227, 228,
    225, 230, 229, 223, 226, 227, 225, 227, 223, 225, 229, 227, 225, 225,
    223, 224, 225, 224, 228, 226, 225, 223, 225, 229, 224, 228, 225, 227,
    226, 226, 225, 225, 225, 226, 225, 224, 230, 225, 225, 226, 227, 228,
    228, 225, 225, 224, 225 ]
headPositionsY: [ 74, 71, 69, 74, 72, 69, 71, 73, 70, 72, 70, 72, 71, 72,
    73, 72, 75, 73, 72, 72, 72, 72, 74, 72, 73, 74, 70, 75, 74, 75, 73,
    75, 71, 72, 74, 73, 73, 75, 73, 71, 71, 74, 71, 73, 73, 73, 73, 74,
    71, 75, 72, 75, 74, 75, 72, 73, 74, 74, 73, 72, 73, 73, 73, 76, 76,
    74, 73, 75, 72, 73, 75, 72, 73, 76, 78, 75, 73, 75, 78, 77, 75, 78,
    74, 77, 72, 75, 73, 75, 72, 75, 73, 74, 73, 74, 77, 72, 77, 74, 74,
    72 ]
