%YAML:1.0
---
videoName: "headShake33.mp4"
gestureLabel: 201
fps: 29
pixelSizeInCmTemp: 3.2364864864864862e-01
faceCenterPointX: 244
faceCenterPointY: 84
headPositionsX: [ 245, 243, 244, 246, 245, 243, 245, 247, 243, 245, 244,
    245, 247, 247, 245, 247, 244, 242, 244, 247, 244, 246, 250, 252, 251,
    252, 257, 259, 260, 262, 260, 260, 265, 261, 257, 254, 252, 247, 246,
    243, 239, 236, 230, 231, 227, 226, 224, 229, 226, 231, 231, 235, 239,
    243, 252, 251, 254, 261, 258, 260, 261, 260, 259, 254, 253, 250, 247,
    244, 243, 236, 238, 235, 233, 229, 233, 232, 232, 232, 236, 238, 237,
    237, 240, 243, 243, 245, 246, 246, 249, 245, 245, 246, 248, 244, 246,
    246, 243, 245, 246, 245 ]
headPositionsY: [ 85, 83, 80, 85, 82, 84, 83, 84, 82, 81, 84, 83, 82, 84,
    81, 81, 84, 84, 84, 84, 83, 85, 84, 85, 83, 84, 80, 80, 79, 78, 80,
    82, 81, 81, 81, 83, 82, 83, 84, 82, 80, 84, 81, 81, 80, 84, 79, 83,
    85, 82, 81, 84, 84, 83, 83, 81, 82, 80, 80, 81, 80, 84, 80, 80, 82,
    82, 84, 83, 84, 85, 85, 86, 84, 84, 80, 84, 83, 83, 84, 83, 86, 81,
    84, 85, 82, 82, 83, 84, 83, 85, 82, 83, 82, 84, 84, 85, 80, 85, 84,
    84 ]
