%YAML:1.0
---
videoName: "headLookLeft8.mp4"
gestureLabel: 203
fps: 29
pixelSizeInCmTemp: 3.6287878787878786e-01
faceCenterPointX: 273
faceCenterPointY: 69
headPositionsX: [ 271, 243, 241, 241, 241, 241, 240, 242, 241, 242, 241,
    243, 242, 241, 241, 242, 244, 247, 246, 248, 248, 246, 247, 248, 246,
    249, 245, 245, 247, 245, 246, 247, 246, 249, 246, 245, 243, 244, 246,
    247, 246, 247, 243, 247, 246, 248, 245, 248, 246, 247, 246, 245, 247,
    247, 251, 253, 255, 258, 257, 260, 264, 266, 266, 274, 267, 275, 276,
    280, 282, 272, 276, 278, 277, 274, 277, 276, 276, 273, 277, 280, 279,
    278, 277, 273, 274, 274, 280, 278, 275, 273, 274, 273, 272, 277, 275,
    274, 274, 276, 274, 269 ]
headPositionsY: [ 71, 65, 69, 65, 67, 70, 66, 66, 67, 69, 66, 68, 68, 67,
    70, 67, 69, 69, 70, 69, 71, 68, 71, 67, 67, 72, 70, 73, 73, 73, 71,
    73, 73, 72, 71, 74, 72, 73, 70, 73, 73, 69, 69, 71, 73, 74, 74, 73,
    71, 72, 75, 75, 75, 73, 70, 74, 71, 68, 68, 70, 69, 71, 67, 72, 69,
    70, 67, 73, 72, 68, 67, 67, 71, 70, 69, 68, 70, 68, 67, 71, 70, 70,
    70, 67, 69, 68, 68, 70, 71, 69, 68, 69, 70, 68, 70, 70, 67, 70, 69,
    71 ]
