%YAML:1.0
---
videoName: "headNod39.mp4"
gestureLabel: 202
fps: 29
pixelSizeInCmTemp: 2.9937500000000000e-01
faceCenterPointX: 268
faceCenterPointY: 78
headPositionsX: [ 269, 267, 269, 268, 266, 268, 271, 266, 268, 270, 270,
    270, 269, 268, 268, 269, 268, 269, 269, 267, 267, 270, 271, 267, 269,
    271, 267, 269, 267, 271, 268, 270, 267, 268, 267, 266, 270, 268, 269,
    271, 271, 268, 268, 266, 269, 269, 270, 269, 269, 268, 265, 268, 266,
    266, 267, 267, 269, 266, 266, 264, 264, 268, 264, 266, 268, 268, 269,
    266, 267, 266, 264, 265, 265, 268, 268, 266, 268, 268, 269, 267, 269,
    267, 269, 268, 268, 269, 270, 267, 268, 266, 265, 265, 269, 268, 269,
    268, 265, 265, 270, 264 ]
headPositionsY: [ 80, 78, 74, 77, 77, 78, 77, 76, 76, 78, 76, 74, 77, 74,
    76, 76, 74, 78, 74, 76, 78, 75, 75, 75, 78, 77, 79, 78, 74, 78, 78,
    77, 77, 75, 78, 74, 75, 77, 80, 81, 82, 83, 85, 84, 82, 84, 80, 74,
    74, 77, 76, 77, 75, 76, 77, 82, 87, 89, 90, 90, 83, 80, 79, 73, 72,
    73, 74, 77, 78, 80, 83, 85, 82, 81, 77, 74, 75, 77, 73, 78, 76, 81,
    77, 81, 81, 79, 81, 81, 81, 77, 77, 80, 78, 79, 80, 78, 78, 79, 79,
    76 ]
