%YAML:1.0
---
videoName: "headShake22.mp4"
gestureLabel: 201
fps: 29
pixelSizeInCmTemp: 3.2364864864864862e-01
faceCenterPointX: 241
faceCenterPointY: 79
headPositionsX: [ 241, 239, 242, 242, 242, 242, 241, 243, 243, 241, 241,
    243, 242, 243, 244, 244, 242, 244, 244, 244, 244, 243, 242, 244, 245,
    244, 243, 243, 240, 243, 242, 241, 244, 240, 242, 245, 244, 242, 240,
    245, 244, 243, 241, 244, 243, 240, 244, 243, 244, 244, 243, 241, 241,
    241, 241, 243, 243, 242, 243, 244, 244, 241, 239, 242, 241, 240, 243,
    241, 243, 249, 249, 253, 257, 253, 255, 249, 247, 243, 241, 238, 236,
    237, 238, 240, 244, 245, 244, 245, 246, 245, 240, 240, 242, 239, 238,
    241, 242, 238, 241, 240 ]
headPositionsY: [ 78, 77, 74, 78, 75, 73, 78, 74, 78, 74, 75, 76, 74, 74,
    78, 75, 75, 76, 74, 78, 77, 78, 76, 77, 77, 74, 77, 79, 78, 76, 75,
    78, 77, 76, 77, 78, 74, 75, 77, 74, 78, 77, 76, 78, 78, 74, 77, 76,
    77, 76, 78, 77, 78, 78, 74, 77, 77, 76, 77, 75, 78, 77, 76, 77, 76,
    75, 76, 79, 74, 75, 75, 77, 73, 74, 77, 78, 76, 77, 79, 77, 76, 78,
    76, 75, 79, 79, 80, 76, 78, 77, 80, 78, 79, 80, 78, 78, 81, 78, 77,
    76 ]
