%YAML:1.0
---
videoName: "headShake5.mp4"
gestureLabel: 201
fps: 30
pixelSizeInCmTemp: 3.3263888888888887e-01
faceCenterPointX: 275
faceCenterPointY: 73
headPositionsX: [ 274, 276, 279, 278, 277, 277, 281, 277, 280, 279, 279,
    280, 280, 277, 280, 277, 276, 279, 278, 279, 277, 277, 276, 278, 280,
    278, 280, 279, 277, 279, 278, 277, 279, 280, 280, 287, 288, 292, 293,
    295, 293, 291, 289, 283, 278, 271, 267, 265, 261, 266, 266, 274, 283,
    289, 291, 291, 290, 283, 278, 272, 267, 264, 264, 266, 268, 269, 276,
    281, 285, 285, 283, 283, 281, 278, 271, 271, 269, 268, 265, 265, 271,
    273, 273, 278, 279, 284, 284, 280, 281, 282, 280, 277, 277, 275, 276,
    277, 276, 277, 274, 275 ]
headPositionsY: [ 72, 72, 74, 72, 74, 71, 75, 74, 74, 72, 73, 71, 76, 71,
    72, 72, 74, 75, 71, 75, 71, 73, 74, 71, 72, 74, 73, 74, 76, 76, 73,
    74, 74, 74, 71, 73, 71, 74, 73, 73, 71, 74, 71, 73, 76, 72, 71, 76,
    71, 72, 71, 73, 75, 74, 71, 71, 74, 76, 73, 74, 75, 72, 75, 73, 73,
    72, 74, 76, 74, 76, 76, 73, 74, 74, 73, 73, 75, 72, 73, 70, 75, 71,
    71, 73, 73, 75, 70, 70, 74, 74, 71, 75, 74, 75, 72, 73, 72, 75, 71,
    71 ]
