%YAML:1.0
---
videoName: "headNod16.mp4"
gestureLabel: 202
fps: 29
pixelSizeInCmTemp: 3.3263888888888887e-01
faceCenterPointX: 255
faceCenterPointY: 77
headPositionsX: [ 255, 259, 257, 261, 259, 257, 258, 261, 259, 257, 260,
    257, 260, 257, 258, 257, 261, 260, 257, 257, 257, 260, 259, 256, 258,
    256, 258, 261, 259, 258, 258, 256, 258, 257, 259, 259, 260, 260, 259,
    258, 260, 260, 257, 261, 259, 257, 258, 260, 260, 257, 256, 260, 257,
    258, 258, 258, 258, 258, 257, 256, 259, 256, 258, 254, 255, 256, 255,
    254, 253, 255, 258, 254, 256, 255, 254, 255, 254, 252, 254, 256, 256,
    252, 256, 255, 258, 256, 253, 255, 257, 255, 257, 256, 257, 255, 253,
    257, 254, 257, 254, 254 ]
headPositionsY: [ 78, 73, 74, 77, 74, 73, 73, 73, 77, 74, 76, 74, 77, 76,
    76, 75, 77, 76, 75, 73, 73, 75, 74, 73, 78, 72, 77, 76, 74, 75, 76,
    75, 73, 74, 73, 75, 73, 70, 67, 66, 69, 69, 70, 72, 76, 79, 83, 82,
    83, 79, 78, 73, 71, 68, 72, 68, 73, 76, 76, 81, 80, 84, 81, 78, 77,
    73, 72, 72, 69, 72, 71, 74, 74, 79, 80, 78, 78, 78, 77, 72, 73, 67,
    70, 72, 73, 72, 73, 78, 78, 75, 77, 76, 76, 77, 77, 75, 75, 74, 78,
    76 ]
