%YAML:1.0
---
videoName: "headNod26.mp4"
gestureLabel: 202
fps: 29
pixelSizeInCmTemp: 3.1513157894736843e-01
faceCenterPointX: 271
faceCenterPointY: 78
headPositionsX: [ 271, 273, 272, 269, 271, 273, 273, 271, 274, 272, 270,
    271, 274, 271, 274, 273, 273, 273, 273, 270, 274, 272, 271, 274, 272,
    273, 273, 271, 269, 272, 270, 273, 272, 273, 271, 272, 269, 274, 273,
    271, 270, 272, 273, 270, 272, 274, 272, 271, 272, 271, 269, 273, 273,
    270, 272, 273, 273, 269, 272, 273, 272, 273, 272, 272, 271, 272, 270,
    273, 274, 274, 272, 274, 271, 269, 270, 272, 273, 270, 269, 272, 270,
    272, 270, 270, 273, 271, 272, 273, 269, 271, 270, 274, 273, 269, 270,
    268, 272, 268, 271, 273 ]
headPositionsY: [ 78, 71, 76, 75, 76, 71, 70, 71, 70, 65, 68, 64, 63, 67,
    69, 66, 70, 69, 71, 76, 76, 83, 84, 82, 82, 80, 77, 76, 73, 68, 67,
    70, 67, 66, 70, 69, 71, 73, 79, 77, 81, 79, 78, 72, 75, 70, 71, 67,
    70, 68, 68, 73, 73, 76, 73, 76, 77, 76, 75, 69, 72, 67, 68, 66, 68,
    69, 70, 69, 70, 73, 72, 75, 74, 77, 76, 76, 73, 71, 70, 67, 69, 69,
    72, 68, 70, 73, 76, 76, 77, 81, 81, 81, 76, 80, 79, 76, 78, 79, 77,
    76 ]
