%YAML:1.0
---
videoName: "headShake39.mp4"
gestureLabel: 201
fps: 29
pixelSizeInCmTemp: 3.1933333333333330e-01
faceCenterPointX: 263
faceCenterPointY: 83
headPositionsX: [ 261, 260, 263, 258, 263, 262, 260, 261, 261, 262, 261,
    263, 263, 259, 261, 260, 258, 260, 263, 257, 257, 261, 258, 252, 251,
    250, 248, 244, 245, 241, 244, 245, 246, 252, 255, 260, 268, 272, 278,
    281, 279, 280, 273, 271, 262, 257, 251, 246, 247, 246, 245, 251, 253,
    254, 263, 266, 274, 274, 280, 281, 275, 271, 271, 264, 260, 252, 250,
    250, 249, 250, 251, 252, 253, 256, 259, 256, 259, 261, 263, 267, 267,
    264, 268, 268, 265, 269, 266, 265, 265, 264, 266, 262, 265, 262, 263,
    266, 263, 263, 261, 264 ]
headPositionsY: [ 85, 84, 84, 82, 84, 80, 83, 82, 82, 82, 83, 81, 82, 84,
    85, 84, 81, 81, 83, 81, 82, 85, 83, 82, 83, 84, 80, 81, 80, 84, 82,
    80, 83, 83, 84, 85, 81, 82, 80, 79, 80, 81, 82, 85, 81, 85, 84, 84,
    81, 80, 84, 82, 83, 83, 83, 82, 81, 80, 80, 78, 79, 84, 81, 82, 84,
    80, 80, 78, 80, 78, 78, 82, 80, 79, 82, 82, 82, 81, 85, 82, 83, 84,
    82, 81, 85, 83, 82, 81, 81, 84, 82, 85, 85, 82, 82, 85, 81, 83, 84,
    82 ]
