%YAML:1.0
---
videoName: "headNod8.mp4"
gestureLabel: 202
fps: 29
pixelSizeInCmTemp: 3.1933333333333330e-01
faceCenterPointX: 262
faceCenterPointY: 74
headPositionsX: [ 264, 262, 261, 263, 262, 263, 262, 263, 261, 260, 260,
    264, 261, 263, 259, 262, 261, 260, 263, 259, 262, 260, 260, 263, 262,
    260, 262, 259, 261, 262, 262, 259, 264, 261, 260, 262, 263, 264, 262,
    262, 260, 263, 263, 261, 263, 260, 264, 263, 262, 263, 262, 259, 260,
    261, 263, 263, 262, 260, 259, 262, 263, 259, 259, 259, 263, 261, 261,
    261, 261, 259, 263, 261, 260, 262, 259, 262, 260, 258, 258, 259, 262,
    261, 262, 263, 263, 264, 260, 264, 264, 262, 263, 265, 264, 264, 261,
    262, 264, 264, 264, 262 ]
headPositionsY: [ 76, 76, 78, 77, 75, 74, 78, 76, 78, 74, 78, 78, 78, 77,
    77, 77, 75, 77, 77, 77, 77, 75, 76, 77, 76, 77, 77, 75, 75, 77, 76,
    76, 76, 78, 75, 75, 74, 74, 76, 76, 72, 69, 68, 70, 68, 69, 67, 71,
    73, 73, 77, 80, 85, 84, 82, 78, 80, 76, 74, 69, 71, 68, 73, 73, 77,
    83, 82, 83, 80, 80, 76, 74, 70, 69, 70, 71, 75, 78, 78, 82, 83, 80,
    83, 78, 75, 72, 70, 73, 71, 70, 76, 75, 75, 78, 78, 79, 78, 79, 77,
    77 ]
