%YAML:1.0
---
videoName: "headShake0.mp4"
gestureLabel: 201
fps: 29
pixelSizeInCmTemp: 3.2808219178082193e-01
faceCenterPointX: 279
faceCenterPointY: 94
headPositionsX: [ 277, 278, 281, 279, 278, 281, 279, 279, 281, 281, 277,
    277, 277, 276, 276, 280, 281, 279, 279, 280, 277, 279, 281, 277, 281,
    278, 279, 277, 281, 278, 279, 277, 279, 280, 279, 280, 281, 276, 280,
    278, 281, 281, 283, 289, 293, 294, 300, 298, 300, 301, 298, 292, 287,
    284, 276, 275, 270, 274, 274, 278, 281, 286, 287, 291, 292, 289, 288,
    283, 277, 275, 271, 270, 274, 276, 277, 280, 283, 284, 286, 282, 278,
    281, 275, 274, 273, 275, 275, 275, 277, 279, 281, 277, 279, 279, 278,
    278, 280, 277, 280, 277 ]
headPositionsY: [ 95, 91, 91, 92, 95, 94, 95, 92, 94, 91, 92, 94, 95, 92,
    92, 93, 95, 91, 91, 92, 92, 93, 91, 93, 93, 92, 94, 92, 95, 93, 90,
    95, 95, 94, 95, 92, 92, 95, 95, 95, 93, 92, 93, 91, 92, 88, 91, 89,
    92, 92, 92, 90, 93, 93, 94, 95, 91, 95, 93, 91, 90, 91, 90, 91, 91,
    93, 93, 92, 95, 93, 91, 91, 91, 92, 93, 93, 93, 92, 95, 93, 92, 96,
    92, 91, 96, 92, 96, 91, 93, 93, 93, 95, 93, 94, 95, 92, 97, 96, 93,
    93 ]
