%YAML:1.0
---
videoName: "headShake35.mp4"
gestureLabel: 201
fps: 29
pixelSizeInCmTemp: 3.2364864864864862e-01
faceCenterPointX: 267
faceCenterPointY: 82
headPositionsX: [ 269, 266, 266, 266, 267, 265, 269, 265, 266, 269, 269,
    270, 268, 269, 269, 266, 268, 271, 271, 266, 268, 265, 269, 268, 270,
    268, 266, 266, 267, 270, 266, 266, 267, 266, 266, 266, 270, 268, 269,
    267, 269, 269, 267, 268, 269, 267, 266, 267, 265, 268, 265, 268, 269,
    267, 266, 267, 265, 265, 267, 266, 267, 268, 266, 273, 272, 275, 279,
    281, 280, 280, 274, 269, 268, 261, 258, 259, 259, 262, 265, 272, 274,
    274, 275, 274, 268, 267, 265, 262, 261, 263, 265, 266, 266, 266, 269,
    268, 268, 267, 266, 266 ]
headPositionsY: [ 84, 78, 79, 80, 80, 79, 82, 77, 78, 78, 81, 80, 81, 80,
    77, 81, 78, 79, 79, 80, 78, 81, 79, 80, 78, 82, 77, 82, 80, 82, 80,
    79, 83, 78, 79, 78, 78, 82, 82, 81, 80, 80, 82, 83, 82, 82, 79, 82,
    81, 82, 80, 82, 82, 78, 81, 83, 79, 82, 80, 79, 81, 81, 79, 81, 82,
    79, 81, 81, 80, 83, 83, 83, 80, 79, 79, 80, 83, 83, 81, 82, 81, 82,
    81, 81, 81, 83, 83, 81, 81, 80, 82, 81, 81, 83, 83, 80, 82, 84, 80,
    80 ]
