%YAML:1.0
---
videoName: "headNod43.mp4"
gestureLabel: 202
fps: 29
pixelSizeInCmTemp: 2.8855421686746985e-01
faceCenterPointX: 268
faceCenterPointY: 74
headPositionsX: [ 269, 270, 269, 268, 268, 271, 272, 267, 272, 269, 268,
    271, 270, 268, 269, 266, 270, 269, 270, 267, 268, 268, 266, 267, 269,
    267, 265, 269, 268, 264, 266, 265, 265, 265, 264, 266, 268, 265, 264,
    267, 266, 266, 266, 266, 266, 266, 266, 268, 264, 264, 266, 264, 265,
    266, 263, 262, 264, 266, 265, 264, 267, 263, 266, 262, 267, 265, 268,
    266, 268, 269, 267, 266, 267, 270, 268, 264, 266, 267, 269, 267, 270,
    269, 269, 269, 270, 268, 270, 268, 269, 267, 268, 270, 268, 268, 267,
    269, 266, 268, 268, 267 ]
headPositionsY: [ 72, 77, 77, 75, 77, 78, 74, 75, 75, 74, 77, 74, 74, 76,
    78, 76, 74, 77, 73, 74, 74, 74, 77, 78, 75, 79, 82, 82, 88, 91, 92,
    87, 87, 85, 80, 78, 78, 79, 81, 88, 87, 92, 91, 88, 84, 83, 79, 84,
    84, 83, 86, 92, 92, 92, 90, 83, 83, 83, 81, 87, 87, 88, 91, 91, 91,
    87, 84, 79, 78, 79, 78, 79, 84, 86, 89, 89, 92, 87, 84, 81, 76, 74,
    74, 73, 71, 70, 72, 73, 74, 72, 73, 75, 74, 72, 72, 75, 71, 75, 76,
    75 ]
