%YAML:1.0
---
videoName: "headLookDown4.mp4"
gestureLabel: 206
fps: 29
pixelSizeInCmTemp: 3.4710144927536229e-01
faceCenterPointX: 275
faceCenterPointY: 97
headPositionsX: [ 275, 275, 272, 274, 274, 271, 274, 270, 274, 271, 276,
    275, 275, 270, 274, 275, 272, 271, 271, 271, 271, 274, 272, 272, 271,
    272, 271, 275, 274, 273, 271, 273, 275, 274, 274, 273, 272, 274, 273,
    275, 274, 274, 272, 276, 275, 276, 275, 275, 272, 274, 273, 274, 276,
    274, 271, 272, 275, 275, 274, 272, 275, 275, 273, 276, 273, 275, 274,
    271, 275, 275, 273, 273, 275, 272, 272, 273, 274, 276, 274, 273, 273,
    275, 274, 276, 277, 273, 275, 273, 274, 275, 275, 273, 272, 276, 273,
    275, 277, 275, 275, 273 ]
headPositionsY: [ 96, 82, 80, 80, 81, 79, 78, 81, 79, 80, 83, 80, 81, 78,
    82, 82, 82, 82, 80, 82, 79, 80, 81, 79, 79, 80, 80, 81, 82, 81, 82,
    80, 82, 84, 83, 82, 82, 82, 83, 85, 90, 87, 89, 89, 90, 91, 92, 95,
    96, 94, 95, 97, 99, 98, 100, 103, 100, 102, 100, 102, 99, 100, 100,
    102, 102, 98, 99, 98, 97, 100, 97, 97, 101, 99, 96, 99, 99, 97, 96,
    98, 95, 99, 99, 95, 97, 97, 97, 96, 95, 99, 99, 99, 99, 98, 98, 95,
    99, 99, 99, 97 ]
