%YAML:1.0
---
videoName: "headNod42.mp4"
gestureLabel: 202
fps: 30
pixelSizeInCmTemp: 3.0316455696202532e-01
faceCenterPointX: 265
faceCenterPointY: 77
headPositionsX: [ 267, 269, 269, 268, 268, 270, 267, 270, 268, 270, 271,
    266, 267, 267, 268, 269, 268, 267, 268, 268, 266, 267, 269, 270, 266,
    270, 268, 266, 264, 266, 267, 267, 264, 267, 268, 265, 267, 264, 265,
    265, 267, 266, 265, 262, 267, 264, 265, 264, 263, 263, 266, 262, 267,
    262, 266, 265, 265, 267, 262, 267, 267, 267, 265, 265, 265, 263, 265,
    264, 267, 264, 266, 266, 265, 264, 266, 267, 266, 266, 264, 267, 264,
    266, 268, 267, 267, 265, 265, 266, 266, 266, 267, 265, 265, 266, 263,
    266, 267, 267, 265, 264 ]
headPositionsY: [ 78, 74, 76, 77, 75, 76, 77, 76, 75, 75, 77, 79, 78, 77,
    76, 67, 70, 66, 63, 65, 68, 70, 70, 72, 81, 84, 86, 92, 93, 92, 88,
    82, 81, 75, 77, 68, 67, 70, 70, 73, 77, 77, 81, 83, 86, 84, 80, 78,
    76, 73, 72, 71, 69, 73, 75, 76, 80, 82, 84, 85, 85, 84, 80, 78, 78,
    73, 75, 77, 74, 75, 74, 77, 79, 82, 82, 80, 74, 75, 76, 71, 74, 72,
    76, 77, 79, 80, 78, 84, 83, 82, 82, 80, 78, 76, 79, 77, 78, 75, 75,
    78 ]
