%YAML:1.0
---
videoName: "headLookDown1.mp4"
gestureLabel: 206
fps: 29
pixelSizeInCmTemp: 3.4710144927536229e-01
faceCenterPointX: 271
faceCenterPointY: 97
headPositionsX: [ 273, 269, 268, 269, 270, 272, 271, 270, 272, 271, 269,
    271, 268, 272, 269, 268, 269, 271, 271, 269, 271, 272, 272, 274, 270,
    273, 274, 270, 270, 270, 269, 269, 272, 272, 270, 274, 274, 270, 272,
    273, 268, 270, 270, 268, 271, 273, 269, 273, 273, 270, 272, 271, 271,
    270, 270, 269, 273, 273, 270, 272, 268, 269, 269, 272, 267, 269, 270,
    271, 269, 272, 272, 272, 273, 272, 270, 272, 271, 269, 271, 269, 272,
    270, 270, 272, 272, 272, 269, 270, 273, 269, 272, 273, 272, 273, 270,
    274, 269, 273, 269, 273 ]
headPositionsY: [ 96, 79, 78, 81, 79, 76, 80, 79, 80, 78, 80, 81, 79, 79,
    80, 79, 79, 79, 79, 80, 77, 81, 80, 80, 79, 77, 81, 79, 78, 78, 81,
    80, 80, 81, 78, 78, 78, 77, 81, 78, 78, 79, 82, 80, 85, 85, 87, 90,
    91, 89, 91, 96, 93, 98, 98, 99, 99, 98, 99, 101, 96, 98, 99, 97, 100,
    99, 96, 97, 97, 98, 101, 97, 99, 97, 97, 99, 99, 99, 99, 97, 96, 95,
    100, 100, 98, 100, 100, 98, 100, 96, 100, 97, 95, 96, 99, 96, 97, 95,
    96, 99 ]
