%YAML:1.0
---
videoName: "headLookLeft9.mp4"
gestureLabel: 203
fps: 30
pixelSizeInCmTemp: 3.2364864864864862e-01
faceCenterPointX: 273
faceCenterPointY: 69
headPositionsX: [ 274, 249, 248, 247, 246, 246, 246, 244, 248, 244, 247,
    245, 244, 247, 245, 248, 244, 247, 246, 245, 247, 245, 247, 246, 247,
    247, 243, 243, 245, 245, 247, 246, 247, 248, 253, 254, 252, 258, 259,
    263, 265, 266, 267, 271, 267, 270, 271, 272, 272, 273, 273, 272, 269,
    270, 272, 270, 271, 271, 270, 274, 272, 272, 269, 274, 273, 273, 268,
    272, 275, 271, 271, 273, 274, 272, 272, 274, 273, 270, 272, 272, 270,
    271, 271, 271, 271, 268, 268, 270, 273, 272, 273, 273, 271, 271, 273,
    276, 270, 272, 271, 272 ]
headPositionsY: [ 67, 71, 70, 70, 69, 68, 73, 70, 70, 68, 70, 69, 71, 73,
    70, 70, 69, 72, 73, 71, 70, 68, 72, 72, 69, 73, 70, 73, 73, 69, 72,
    72, 73, 69, 70, 68, 69, 67, 65, 68, 67, 66, 70, 71, 67, 68, 69, 65,
    69, 70, 68, 64, 67, 65, 69, 69, 67, 67, 67, 68, 66, 69, 67, 71, 68,
    69, 67, 70, 67, 69, 67, 67, 70, 71, 69, 67, 68, 67, 66, 69, 69, 71,
    67, 69, 67, 68, 70, 68, 67, 65, 70, 69, 66, 67, 68, 70, 72, 69, 67,
    68 ]
