%YAML:1.0
---
videoName: "headLookUp5.mp4"
gestureLabel: 205
fps: 29
pixelSizeInCmTemp: 3.6287878787878786e-01
faceCenterPointX: 256
faceCenterPointY: 67
headPositionsX: [ 255, 256, 255, 258, 254, 259, 255, 254, 254, 259, 257,
    255, 257, 259, 256, 258, 257, 254, 254, 257, 255, 258, 257, 258, 255,
    258, 254, 256, 254, 255, 254, 254, 254, 258, 255, 257, 257, 254, 257,
    256, 255, 256, 256, 257, 255, 258, 256, 255, 254, 256, 259, 256, 256,
    254, 254, 256, 257, 257, 254, 255, 257, 254, 257, 255, 256, 255, 255,
    257, 256, 254, 257, 256, 255, 258, 257, 258, 255, 257, 258, 258, 255,
    257, 257, 256, 254, 258, 257, 254, 255, 254, 257, 257, 255, 256, 255,
    254, 254, 256, 256, 254 ]
headPositionsY: [ 66, 82, 83, 80, 83, 80, 81, 82, 79, 83, 80, 80, 80, 82,
    80, 79, 83, 83, 82, 82, 83, 80, 81, 83, 82, 83, 82, 80, 80, 82, 81,
    81, 80, 78, 79, 76, 74, 73, 71, 69, 69, 71, 72, 70, 66, 68, 69, 67,
    66, 71, 70, 67, 69, 68, 69, 70, 70, 67, 66, 67, 69, 65, 67, 70, 67,
    68, 70, 68, 65, 68, 67, 68, 66, 69, 67, 66, 68, 67, 67, 66, 67, 68,
    66, 66, 68, 66, 66, 68, 66, 68, 66, 68, 67, 68, 64, 65, 68, 67, 68,
    65 ]
