%YAML:1.0
---
videoName: "headShake26.mp4"
gestureLabel: 201
fps: 30
pixelSizeInCmTemp: 3.2808219178082193e-01
faceCenterPointX: 243
faceCenterPointY: 78
headPositionsX: [ 244, 242, 239, 240, 240, 242, 243, 245, 246, 249, 249,
    249, 251, 250, 249, 250, 250, 247, 246, 244, 243, 237, 237, 233, 229,
    227, 227, 232, 232, 232, 234, 233, 241, 239, 245, 248, 248, 252, 250,
    252, 252, 250, 251, 249, 244, 240, 237, 233, 235, 231, 227, 230, 229,
    228, 233, 235, 235, 238, 242, 247, 249, 252, 254, 253, 253, 253, 250,
    252, 247, 248, 246, 245, 239, 241, 236, 236, 234, 239, 238, 234, 239,
    240, 240, 240, 241, 243, 239, 244, 243, 242, 243, 245, 244, 246, 243,
    244, 242, 244, 242, 241 ]
headPositionsY: [ 79, 77, 79, 78, 77, 77, 77, 78, 77, 77, 76, 77, 76, 79,
    76, 76, 78, 78, 77, 77, 79, 78, 75, 79, 78, 75, 75, 77, 75, 77, 75,
    75, 77, 79, 78, 75, 77, 76, 74, 75, 75, 79, 77, 79, 76, 76, 79, 79,
    75, 77, 78, 76, 75, 75, 77, 79, 81, 80, 76, 78, 78, 77, 75, 79, 78,
    78, 76, 78, 77, 79, 79, 79, 79, 80, 81, 79, 78, 80, 80, 80, 78, 80,
    78, 78, 78, 78, 80, 76, 77, 79, 77, 78, 81, 77, 78, 80, 79, 76, 77,
    77 ]
