%YAML:1.0
---
videoName: "headNod11.mp4"
gestureLabel: 202
fps: 29
pixelSizeInCmTemp: 3.2364864864864862e-01
faceCenterPointX: 261
faceCenterPointY: 75
headPositionsX: [ 262, 258, 261, 257, 260, 257, 261, 261, 257, 261, 258,
    261, 258, 258, 260, 259, 260, 262, 261, 261, 260, 262, 258, 263, 261,
    262, 261, 261, 259, 263, 260, 261, 263, 261, 259, 260, 262, 261, 258,
    262, 261, 259, 262, 263, 261, 259, 260, 259, 260, 262, 259, 258, 262,
    259, 261, 261, 260, 262, 260, 259, 261, 257, 258, 256, 259, 258, 258,
    258, 256, 258, 255, 256, 257, 256, 256, 257, 255, 257, 256, 256, 257,
    259, 259, 259, 261, 258, 260, 257, 258, 260, 261, 260, 259, 259, 262,
    261, 258, 259, 261, 261 ]
headPositionsY: [ 75, 72, 74, 75, 73, 76, 74, 75, 72, 74, 75, 76, 76, 74,
    72, 72, 72, 73, 74, 75, 76, 73, 75, 76, 76, 73, 74, 77, 75, 74, 75,
    73, 74, 76, 73, 72, 78, 75, 74, 77, 75, 77, 73, 76, 73, 73, 76, 73,
    71, 71, 70, 70, 68, 66, 68, 70, 74, 77, 75, 79, 78, 79, 78, 71, 70,
    70, 67, 71, 70, 72, 76, 77, 77, 81, 83, 79, 77, 77, 77, 71, 70, 70,
    71, 73, 75, 75, 77, 80, 82, 80, 77, 77, 78, 75, 76, 78, 78, 78, 76,
    74 ]
