%YAML:1.0
---
videoName: "headShake10.mp4"
gestureLabel: 201
fps: 29
pixelSizeInCmTemp: 3.3732394366197183e-01
faceCenterPointX: 240
faceCenterPointY: 74
headPositionsX: [ 239, 247, 244, 246, 247, 247, 248, 247, 245, 244, 246,
    246, 245, 244, 247, 244, 244, 244, 245, 245, 245, 244, 248, 248, 246,
    246, 245, 245, 247, 246, 246, 246, 248, 245, 246, 248, 243, 247, 244,
    245, 243, 246, 244, 244, 245, 244, 243, 246, 243, 247, 247, 247, 248,
    254, 255, 258, 263, 262, 258, 260, 255, 252, 248, 242, 236, 234, 232,
    232, 234, 236, 236, 241, 247, 251, 252, 256, 257, 256, 255, 256, 249,
    250, 246, 243, 245, 240, 240, 240, 242, 242, 242, 241, 243, 243, 239,
    242, 241, 243, 242, 244 ]
headPositionsY: [ 74, 71, 74, 73, 71, 72, 70, 74, 74, 72, 72, 74, 72, 73,
    75, 72, 71, 71, 75, 74, 71, 73, 74, 74, 72, 71, 71, 73, 73, 74, 73,
    74, 73, 73, 73, 72, 73, 74, 75, 71, 74, 74, 73, 75, 71, 71, 73, 72,
    73, 72, 71, 73, 72, 71, 72, 68, 71, 69, 73, 70, 71, 72, 74, 73, 71,
    72, 75, 74, 72, 76, 74, 74, 73, 73, 75, 73, 72, 73, 75, 73, 74, 74,
    74, 74, 77, 76, 73, 77, 75, 78, 76, 73, 75, 75, 73, 73, 74, 78, 75,
    75 ]
