%YAML:1.0
---
videoName: "headNod8.mp4"
gestureLabel: 202
fps: 29
pixelSizeInCmTemp: 3.1933333333333330e-01
faceCenterPointX: 262
faceCenterPointY: 74
headPositionsX: [ 260, 260, 262, 263, 260, 260, 262, 259, 262, 262, 260,
    262, 260, 261, 259, 263, 260, 260, 259, 259, 260, 260, 264, 264, 263,
    259, 260, 261, 260, 261, 261, 260, 262, 261, 263, 261, 261, 263, 259,
    264, 263, 264, 262, 261, 263, 261, 265, 261, 262, 264, 262, 263, 263,
    262, 262, 259, 259, 259, 259, 262, 259, 259, 260, 263, 262, 262, 260,
    261, 263, 260, 259, 261, 263, 258, 259, 262, 258, 262, 259, 261, 260,
    262, 264, 260, 261, 260, 261, 260, 265, 262, 261, 264, 260, 262, 262,
    263, 260, 263, 262, 262 ]
headPositionsY: [ 75, 79, 78, 77, 74, 77, 77, 77, 77, 77, 74, 78, 77, 75,
    75, 75, 78, 78, 74, 75, 74, 77, 78, 77, 76, 73, 77, 76, 76, 74, 75,
    77, 79, 75, 77, 78, 77, 77, 75, 75, 74, 70, 69, 67, 67, 67, 68, 72,
    71, 74, 77, 79, 85, 82, 81, 78, 80, 74, 72, 72, 69, 67, 71, 72, 75,
    83, 83, 85, 80, 82, 77, 75, 71, 69, 69, 70, 74, 78, 80, 80, 81, 81,
    81, 79, 75, 73, 73, 72, 73, 73, 76, 77, 77, 76, 80, 79, 76, 76, 76,
    74 ]
