%YAML:1.0
---
videoName: "headNod25.mp4"
gestureLabel: 202
fps: 29
pixelSizeInCmTemp: 3.1933333333333330e-01
faceCenterPointX: 270
faceCenterPointY: 75
headPositionsX: [ 269, 269, 270, 273, 270, 270, 270, 269, 270, 272, 267,
    270, 268, 268, 269, 269, 272, 272, 270, 269, 270, 272, 274, 272, 270,
    272, 273, 270, 273, 271, 271, 270, 270, 271, 273, 273, 270, 270, 274,
    271, 271, 270, 269, 270, 271, 273, 273, 270, 270, 270, 269, 274, 270,
    274, 272, 273, 271, 273, 272, 269, 269, 270, 271, 270, 269, 272, 269,
    272, 271, 270, 267, 268, 270, 269, 272, 271, 270, 271, 271, 271, 271,
    272, 273, 270, 271, 270, 271, 273, 273, 271, 272, 272, 271, 272, 271,
    272, 270, 271, 269, 272 ]
headPositionsY: [ 75, 74, 75, 76, 71, 72, 76, 74, 73, 72, 73, 76, 73, 75,
    73, 76, 75, 73, 74, 75, 73, 75, 73, 76, 73, 76, 73, 75, 74, 75, 76,
    77, 77, 73, 77, 77, 76, 75, 76, 75, 74, 74, 73, 78, 76, 76, 72, 74,
    76, 73, 69, 66, 67, 65, 66, 63, 66, 65, 68, 68, 70, 73, 76, 83, 88,
    90, 90, 88, 85, 81, 77, 77, 73, 71, 67, 66, 68, 68, 73, 69, 72, 75,
    81, 79, 81, 80, 77, 79, 78, 78, 75, 76, 76, 76, 77, 75, 74, 75, 74,
    74 ]
