%YAML:1.0
---
videoName: "headLookRight5.mp4"
gestureLabel: 204
fps: 29
pixelSizeInCmTemp: 3.1513157894736843e-01
faceCenterPointX: 228
faceCenterPointY: 76
headPositionsX: [ 228, 249, 247, 251, 250, 250, 249, 250, 248, 247, 250,
    249, 252, 247, 252, 250, 250, 250, 248, 252, 250, 250, 251, 249, 249,
    252, 249, 247, 251, 249, 248, 250, 246, 245, 241, 239, 236, 238, 234,
    228, 229, 228, 224, 228, 223, 226, 227, 226, 228, 226, 226, 227, 220,
    225, 223, 225, 226, 224, 223, 222, 226, 221, 228, 228, 229, 229, 227,
    227, 226, 229, 227, 221, 224, 226, 223, 228, 229, 228, 228, 223, 224,
    225, 228, 225, 226, 226, 226, 221, 225, 228, 223, 224, 225, 225, 222,
    224, 223, 224, 226, 226 ]
headPositionsY: [ 78, 76, 76, 76, 74, 76, 76, 74, 75, 73, 76, 74, 72, 74,
    76, 72, 75, 76, 77, 73, 75, 72, 73, 74, 74, 77, 73, 73, 75, 73, 73,
    76, 74, 72, 73, 74, 74, 72, 72, 73, 75, 72, 73, 76, 72, 73, 74, 72,
    75, 75, 75, 74, 74, 76, 73, 73, 73, 76, 76, 74, 74, 73, 77, 73, 74,
    73, 75, 74, 72, 75, 75, 73, 75, 76, 73, 74, 72, 73, 73, 73, 73, 75,
    77, 75, 74, 76, 75, 71, 76, 73, 72, 76, 74, 76, 70, 72, 76, 75, 72,
    75 ]
