%YAML:1.0
---
videoName: "headShake12.mp4"
gestureLabel: 201
fps: 29
pixelSizeInCmTemp: 3.2808219178082193e-01
faceCenterPointX: 241
faceCenterPointY: 76
headPositionsX: [ 239, 240, 241, 242, 240, 243, 243, 242, 244, 239, 241,
    241, 241, 241, 239, 240, 241, 242, 240, 241, 242, 241, 240, 244, 244,
    240, 244, 239, 242, 239, 242, 240, 243, 240, 240, 243, 243, 240, 240,
    242, 243, 239, 243, 240, 240, 240, 243, 242, 243, 240, 241, 242, 240,
    240, 241, 243, 239, 242, 245, 246, 246, 253, 255, 256, 257, 261, 259,
    250, 249, 241, 235, 233, 231, 231, 238, 243, 245, 251, 251, 254, 250,
    250, 249, 247, 242, 242, 236, 236, 236, 237, 238, 239, 240, 237, 241,
    238, 241, 239, 238, 242 ]
headPositionsY: [ 78, 72, 74, 72, 73, 72, 72, 72, 72, 75, 72, 73, 73, 72,
    74, 72, 75, 73, 74, 75, 72, 74, 74, 73, 71, 75, 75, 76, 74, 71, 75,
    71, 75, 73, 75, 74, 72, 72, 73, 75, 74, 72, 74, 76, 72, 72, 74, 74,
    76, 76, 73, 74, 75, 76, 72, 76, 74, 74, 74, 71, 75, 75, 74, 71, 75,
    71, 74, 72, 78, 74, 75, 78, 75, 78, 75, 75, 75, 77, 73, 75, 74, 76,
    76, 78, 77, 74, 75, 74, 77, 76, 76, 76, 75, 78, 79, 78, 75, 77, 78,
    74 ]
