%YAML:1.0
---
videoName: "headShake25.mp4"
gestureLabel: 201
fps: 30
pixelSizeInCmTemp: 3.2364864864864862e-01
faceCenterPointX: 241
faceCenterPointY: 79
headPositionsX: [ 242, 254, 254, 255, 254, 249, 250, 249, 248, 241, 240,
    238, 236, 235, 234, 231, 232, 230, 231, 232, 230, 232, 232, 237, 240,
    241, 242, 245, 249, 247, 248, 249, 250, 250, 248, 243, 243, 241, 240,
    236, 234, 230, 233, 231, 231, 232, 229, 234, 233, 236, 238, 239, 241,
    244, 249, 250, 249, 250, 250, 251, 251, 250, 246, 244, 243, 244, 239,
    238, 237, 239, 232, 233, 233, 237, 233, 237, 238, 235, 237, 237, 236,
    240, 241, 243, 240, 240, 241, 244, 242, 244, 242, 240, 240, 242, 241,
    239, 243, 240, 241, 240 ]
headPositionsY: [ 81, 77, 75, 79, 75, 76, 78, 77, 78, 79, 78, 76, 80, 78,
    77, 78, 78, 76, 80, 78, 79, 76, 77, 76, 78, 79, 80, 77, 81, 76, 80,
    80, 81, 79, 78, 80, 77, 79, 78, 77, 78, 77, 78, 80, 78, 76, 76, 80,
    76, 81, 79, 78, 80, 78, 77, 80, 79, 76, 75, 79, 78, 77, 80, 78, 81,
    79, 80, 76, 80, 81, 79, 78, 78, 79, 79, 79, 80, 77, 80, 80, 81, 78,
    79, 77, 81, 81, 77, 80, 80, 79, 79, 81, 81, 76, 79, 81, 78, 80, 81,
    80 ]
