%YAML:1.0
---
videoName: "headShake26.mp4"
gestureLabel: 201
fps: 30
pixelSizeInCmTemp: 3.2808219178082193e-01
faceCenterPointX: 243
faceCenterPointY: 78
headPositionsX: [ 244, 239, 238, 239, 242, 242, 246, 245, 247, 249, 250,
    252, 252, 251, 253, 253, 253, 248, 247, 245, 243, 238, 235, 235, 229,
    227, 227, 232, 230, 231, 234, 235, 241, 243, 244, 245, 249, 252, 251,
    252, 255, 253, 252, 249, 247, 242, 241, 237, 235, 231, 228, 230, 230,
    230, 232, 236, 239, 237, 241, 247, 247, 252, 251, 254, 251, 250, 251,
    252, 250, 246, 243, 242, 240, 239, 237, 237, 237, 239, 234, 234, 235,
    238, 237, 241, 240, 243, 243, 244, 241, 241, 245, 244, 243, 244, 244,
    241, 242, 244, 241, 245 ]
headPositionsY: [ 78, 75, 75, 75, 75, 75, 78, 79, 76, 78, 79, 77, 75, 78,
    78, 80, 79, 77, 78, 78, 78, 76, 78, 76, 77, 74, 77, 78, 77, 77, 75,
    78, 79, 76, 80, 74, 79, 77, 77, 79, 78, 77, 77, 77, 80, 76, 79, 76,
    79, 76, 78, 75, 78, 77, 74, 79, 81, 79, 78, 79, 76, 76, 75, 76, 78,
    76, 77, 78, 78, 80, 78, 79, 79, 80, 78, 78, 77, 76, 76, 77, 77, 80,
    80, 77, 80, 78, 77, 77, 81, 79, 79, 77, 77, 81, 80, 78, 79, 76, 80,
    80 ]
