%YAML:1.0
---
videoName: "headLookDown7.mp4"
gestureLabel: 206
fps: 30
pixelSizeInCmTemp: 3.3732394366197183e-01
faceCenterPointX: 274
faceCenterPointY: 95
headPositionsX: [ 275, 273, 271, 274, 271, 271, 271, 271, 274, 275, 273,
    275, 274, 274, 273, 276, 273, 274, 272, 271, 271, 273, 273, 274, 272,
    274, 276, 272, 274, 272, 276, 271, 275, 271, 274, 274, 273, 271, 274,
    275, 272, 273, 272, 272, 273, 273, 276, 274, 272, 272, 273, 273, 272,
    275, 272, 275, 273, 275, 275, 277, 273, 272, 275, 276, 275, 274, 273,
    275, 272, 272, 274, 274, 272, 273, 274, 275, 272, 272, 275, 273, 275,
    273, 276, 275, 276, 273, 276, 275, 275, 277, 274, 273, 275, 273, 275,
    276, 275, 277, 276, 274 ]
headPositionsY: [ 95, 82, 83, 82, 80, 82, 83, 81, 83, 83, 80, 83, 82, 83,
    81, 82, 82, 82, 83, 82, 83, 81, 81, 84, 84, 81, 84, 81, 83, 81, 84,
    81, 80, 85, 82, 83, 81, 85, 83, 82, 84, 82, 84, 85, 81, 82, 81, 85,
    83, 87, 86, 84, 86, 87, 88, 91, 88, 91, 92, 94, 93, 95, 95, 95, 95,
    94, 95, 93, 95, 93, 96, 95, 95, 97, 95, 96, 95, 95, 93, 96, 94, 96,
    98, 98, 94, 93, 94, 95, 97, 97, 96, 95, 97, 97, 98, 96, 97, 94, 96,
    97 ]
