%YAML:1.0
---
videoName: "headShake39.mp4"
gestureLabel: 201
fps: 29
pixelSizeInCmTemp: 3.1933333333333330e-01
faceCenterPointX: 263
faceCenterPointY: 83
headPositionsX: [ 261, 263, 259, 262, 259, 260, 263, 260, 259, 261, 263,
    262, 261, 261, 260, 263, 259, 259, 261, 257, 260, 258, 254, 254, 254,
    249, 249, 247, 241, 244, 244, 246, 246, 249, 254, 263, 266, 271, 277,
    282, 283, 278, 277, 272, 262, 261, 253, 248, 247, 249, 244, 249, 254,
    257, 263, 269, 275, 274, 279, 279, 278, 271, 270, 262, 257, 252, 252,
    247, 248, 249, 251, 252, 251, 252, 259, 257, 260, 262, 262, 264, 266,
    264, 266, 268, 266, 265, 268, 265, 263, 264, 265, 263, 262, 263, 263,
    265, 260, 265, 262, 264 ]
headPositionsY: [ 85, 82, 81, 81, 83, 82, 82, 85, 82, 80, 83, 84, 85, 82,
    84, 83, 82, 81, 84, 82, 85, 83, 85, 85, 85, 82, 84, 83, 84, 82, 81,
    83, 84, 80, 85, 83, 82, 82, 79, 79, 82, 81, 82, 81, 81, 86, 85, 84,
    81, 83, 82, 81, 83, 83, 84, 83, 81, 79, 79, 80, 82, 80, 82, 83, 81,
    82, 79, 80, 79, 82, 80, 78, 79, 79, 83, 82, 85, 83, 85, 84, 81, 83,
    80, 80, 83, 85, 81, 85, 81, 85, 84, 82, 85, 82, 84, 83, 82, 82, 82,
    82 ]
