%YAML:1.0
---
videoName: "headNod7.mp4"
gestureLabel: 202
fps: 29
pixelSizeInCmTemp: 3.2808219178082193e-01
faceCenterPointX: 261
faceCenterPointY: 71
headPositionsX: [ 263, 268, 265, 266, 264, 265, 266, 266, 267, 264, 261,
    263, 262, 265, 263, 262, 260, 264, 261, 263, 261, 261, 260, 261, 263,
    262, 260, 262, 264, 264, 261, 263, 262, 260, 264, 260, 261, 262, 261,
    263, 263, 260, 262, 262, 262, 259, 259, 263, 263, 262, 263, 261, 260,
    263, 263, 262, 260, 263, 264, 263, 260, 262, 264, 262, 260, 263, 260,
    263, 259, 261, 260, 261, 263, 262, 258, 263, 259, 263, 261, 263, 264,
    264, 263, 260, 263, 261, 259, 264, 261, 259, 260, 262, 262, 260, 260,
    259, 263, 263, 262, 259 ]
headPositionsY: [ 69, 77, 72, 73, 73, 73, 74, 71, 76, 72, 76, 71, 72, 76,
    74, 75, 74, 73, 74, 73, 77, 76, 76, 77, 76, 77, 75, 76, 75, 76, 75,
    74, 74, 77, 73, 75, 77, 74, 74, 77, 76, 74, 77, 73, 78, 77, 77, 78,
    72, 70, 69, 70, 69, 72, 75, 75, 75, 79, 80, 79, 75, 72, 73, 68, 71,
    72, 73, 77, 78, 77, 77, 74, 72, 70, 69, 68, 72, 70, 71, 73, 74, 78,
    78, 76, 79, 76, 77, 74, 70, 70, 73, 73, 68, 72, 69, 69, 74, 73, 70,
    69 ]
