%YAML:1.0
---
videoName: "headLookUp4.mp4"
gestureLabel: 205
fps: 30
pixelSizeInCmTemp: 3.6846153846153845e-01
faceCenterPointX: 256
faceCenterPointY: 68
headPositionsX: [ 254, 257, 257, 257, 254, 256, 254, 258, 256, 256, 258,
    258, 258, 257, 254, 254, 254, 256, 257, 254, 257, 255, 257, 257, 254,
    256, 254, 257, 254, 254, 259, 257, 256, 254, 258, 255, 258, 255, 257,
    253, 253, 258, 257, 255, 255, 255, 255, 255, 254, 254, 255, 255, 254,
    257, 257, 254, 254, 253, 254, 257, 256, 257, 255, 257, 254, 256, 256,
    256, 257, 254, 254, 255, 254, 255, 257, 257, 253, 256, 255, 256, 254,
    256, 256, 256, 256, 257, 256, 252, 257, 255, 259, 258, 259, 254, 259,
    255, 256, 259, 253, 258 ]
headPositionsY: [ 68, 80, 81, 80, 84, 83, 80, 84, 84, 82, 82, 80, 82, 81,
    82, 83, 83, 83, 84, 82, 84, 81, 79, 80, 77, 76, 77, 75, 73, 70, 71,
    71, 71, 70, 69, 68, 66, 68, 69, 68, 69, 71, 68, 68, 66, 69, 69, 67,
    68, 67, 69, 67, 69, 68, 67, 71, 69, 72, 67, 69, 65, 67, 69, 66, 70,
    71, 69, 70, 70, 70, 68, 71, 68, 67, 68, 69, 67, 70, 69, 67, 72, 66,
    70, 69, 68, 66, 72, 67, 72, 72, 69, 69, 71, 67, 71, 68, 67, 69, 67,
    69 ]
