%YAML:1.0
---
videoName: "headLookLeft6.mp4"
gestureLabel: 203
fps: 29
pixelSizeInCmTemp: 3.2808219178082193e-01
faceCenterPointX: 267
faceCenterPointY: 69
headPositionsX: [ 269, 245, 243, 246, 242, 244, 245, 248, 244, 245, 247,
    245, 244, 245, 244, 244, 247, 247, 248, 244, 245, 247, 246, 245, 247,
    246, 246, 250, 250, 253, 253, 256, 259, 262, 261, 267, 266, 269, 270,
    270, 268, 268, 267, 267, 268, 270, 270, 270, 270, 269, 270, 266, 269,
    266, 266, 271, 269, 269, 266, 267, 269, 267, 270, 267, 268, 264, 265,
    268, 266, 268, 269, 269, 265, 268, 266, 268, 268, 266, 272, 268, 265,
    266, 266, 265, 268, 270, 268, 269, 266, 267, 269, 266, 265, 266, 268,
    266, 266, 267, 270, 265 ]
headPositionsY: [ 68, 72, 72, 74, 73, 74, 73, 71, 71, 75, 73, 73, 70, 74,
    71, 70, 74, 75, 74, 70, 71, 72, 71, 71, 73, 75, 72, 71, 70, 70, 70,
    73, 69, 73, 71, 68, 71, 69, 71, 69, 68, 70, 67, 68, 68, 71, 66, 72,
    68, 69, 69, 70, 69, 70, 73, 68, 69, 69, 68, 71, 71, 69, 71, 68, 72,
    72, 71, 68, 68, 71, 71, 67, 70, 72, 68, 69, 68, 67, 70, 72, 71, 68,
    69, 68, 72, 70, 71, 70, 70, 69, 69, 67, 69, 67, 70, 67, 68, 67, 72,
    70 ]
