%YAML:1.0
---
videoName: "headShake33.mp4"
gestureLabel: 201
fps: 29
pixelSizeInCmTemp: 3.2364864864864862e-01
faceCenterPointX: 244
faceCenterPointY: 84
headPositionsX: [ 242, 245, 247, 243, 246, 245, 245, 243, 244, 247, 244,
    242, 245, 243, 246, 246, 243, 246, 245, 245, 243, 250, 250, 248, 253,
    253, 258, 261, 260, 264, 260, 262, 262, 260, 259, 256, 255, 247, 243,
    242, 235, 233, 230, 228, 230, 225, 227, 228, 226, 232, 232, 238, 239,
    247, 252, 253, 254, 261, 257, 258, 262, 258, 257, 255, 253, 250, 247,
    247, 239, 240, 236, 236, 230, 233, 231, 235, 232, 232, 236, 237, 239,
    238, 240, 243, 244, 243, 246, 249, 247, 247, 246, 247, 248, 245, 243,
    246, 246, 242, 242, 245 ]
headPositionsY: [ 82, 83, 84, 82, 82, 82, 83, 81, 85, 80, 81, 80, 84, 83,
    83, 84, 80, 85, 81, 82, 83, 83, 85, 83, 84, 83, 81, 81, 80, 80, 79,
    81, 81, 81, 82, 81, 83, 83, 83, 85, 83, 82, 83, 81, 80, 84, 81, 80,
    84, 81, 83, 82, 84, 84, 81, 81, 82, 82, 83, 82, 83, 81, 82, 84, 81,
    84, 84, 84, 85, 82, 82, 84, 81, 84, 80, 81, 83, 84, 82, 82, 83, 85,
    81, 84, 84, 82, 84, 83, 81, 85, 82, 82, 84, 81, 82, 82, 81, 85, 85,
    81 ]
