%YAML:1.0
---
videoName: "headNod12.mp4"
gestureLabel: 202
fps: 29
pixelSizeInCmTemp: 3.2808219178082193e-01
faceCenterPointX: 254
faceCenterPointY: 69
headPositionsX: [ 256, 251, 255, 252, 255, 252, 253, 251, 255, 253, 256,
    259, 254, 258, 257, 255, 253, 254, 255, 258, 253, 256, 257, 253, 258,
    256, 257, 254, 257, 254, 259, 255, 257, 254, 257, 253, 256, 255, 254,
    256, 252, 254, 257, 253, 256, 254, 257, 254, 255, 255, 255, 254, 254,
    252, 254, 255, 253, 252, 253, 254, 252, 256, 255, 256, 256, 252, 254,
    256, 254, 253, 253, 256, 253, 255, 254, 256, 254, 256, 255, 253, 256,
    255, 254, 255, 256, 256, 256, 256, 253, 254, 254, 257, 256, 254, 256,
    252, 252, 255, 255, 256 ]
headPositionsY: [ 67, 72, 73, 74, 71, 72, 75, 74, 75, 76, 74, 77, 72, 74,
    75, 71, 70, 73, 75, 72, 71, 73, 75, 72, 72, 76, 72, 72, 75, 74, 74,
    72, 74, 72, 72, 71, 70, 66, 64, 63, 65, 61, 65, 64, 63, 66, 68, 69,
    71, 76, 79, 79, 77, 78, 74, 73, 71, 65, 67, 66, 63, 65, 65, 64, 64,
    68, 67, 73, 71, 75, 77, 76, 78, 74, 75, 71, 69, 70, 66, 64, 64, 68,
    67, 67, 67, 67, 70, 72, 71, 73, 73, 73, 74, 73, 74, 70, 71, 68, 72,
    70 ]
