%YAML:1.0
---
videoName: "headShake49.mp4"
gestureLabel: 201
fps: 30
pixelSizeInCmTemp: 2.8855421686746985e-01
faceCenterPointX: 259
faceCenterPointY: 84
headPositionsX: [ 259, 262, 258, 262, 262, 259, 262, 258, 260, 262, 262,
    259, 262, 263, 258, 260, 261, 263, 260, 261, 260, 261, 259, 261, 259,
    259, 263, 260, 260, 262, 260, 260, 261, 267, 266, 271, 274, 278, 283,
    283, 282, 278, 271, 265, 260, 254, 248, 249, 248, 256, 262, 266, 273,
    276, 274, 266, 262, 255, 252, 250, 245, 252, 258, 262, 267, 270, 270,
    268, 266, 258, 254, 254, 255, 254, 256, 261, 266, 267, 269, 270, 265,
    264, 262, 260, 256, 257, 259, 259, 259, 258, 260, 262, 260, 262, 258,
    256, 258, 260, 259, 258 ]
headPositionsY: [ 85, 81, 83, 82, 82, 79, 79, 79, 78, 78, 82, 81, 81, 82,
    78, 80, 80, 79, 83, 83, 78, 80, 81, 83, 79, 81, 78, 81, 81, 80, 81,
    79, 80, 80, 83, 83, 79, 79, 81, 78, 82, 82, 82, 83, 85, 84, 81, 84,
    81, 85, 85, 85, 82, 85, 86, 83, 84, 85, 84, 82, 83, 83, 83, 85, 86,
    83, 86, 84, 86, 85, 84, 82, 86, 83, 84, 83, 86, 84, 82, 87, 83, 83,
    84, 85, 85, 83, 83, 81, 84, 84, 87, 84, 84, 87, 85, 86, 86, 84, 86,
    83 ]
