%YAML:1.0
---
videoName: "headLookUp4.mp4"
gestureLabel: 205
fps: 30
pixelSizeInCmTemp: 3.6846153846153845e-01
faceCenterPointX: 256
faceCenterPointY: 68
headPositionsX: [ 255, 258, 257, 258, 255, 255, 254, 257, 257, 254, 254,
    256, 259, 256, 256, 254, 255, 258, 257, 258, 255, 255, 258, 258, 256,
    256, 256, 254, 254, 257, 255, 256, 257, 254, 258, 256, 255, 255, 255,
    253, 257, 258, 256, 257, 257, 254, 256, 255, 257, 254, 255, 254, 257,
    257, 258, 254, 256, 253, 256, 253, 254, 255, 257, 255, 257, 257, 255,
    254, 257, 255, 258, 257, 254, 259, 255, 257, 257, 254, 255, 255, 255,
    254, 256, 255, 255, 258, 257, 254, 259, 256, 258, 258, 256, 253, 258,
    254, 255, 256, 257, 258 ]
headPositionsY: [ 69, 84, 81, 84, 83, 82, 84, 85, 84, 82, 81, 84, 80, 84,
    84, 83, 83, 80, 82, 81, 80, 82, 79, 82, 78, 77, 76, 72, 72, 72, 68,
    68, 71, 72, 70, 66, 67, 69, 72, 71, 66, 72, 68, 66, 66, 69, 71, 71,
    69, 67, 67, 67, 67, 67, 68, 67, 69, 72, 68, 71, 69, 66, 65, 67, 71,
    71, 69, 69, 68, 68, 69, 68, 68, 70, 66, 71, 68, 70, 66, 67, 68, 66,
    70, 70, 67, 69, 68, 67, 71, 71, 70, 69, 69, 69, 72, 68, 70, 69, 69,
    68 ]
