%YAML:1.0
---
videoName: "headShake3.mp4"
gestureLabel: 201
fps: 30
pixelSizeInCmTemp: 3.3263888888888887e-01
faceCenterPointX: 240
faceCenterPointY: 101
headPositionsX: [ 241, 242, 242, 239, 243, 242, 242, 242, 240, 242, 242,
    242, 239, 241, 240, 242, 243, 243, 239, 243, 241, 243, 240, 239, 239,
    240, 242, 241, 238, 240, 239, 239, 238, 242, 245, 248, 252, 256, 258,
    257, 254, 250, 249, 240, 237, 233, 229, 229, 226, 232, 234, 240, 244,
    247, 250, 251, 251, 244, 244, 236, 232, 228, 224, 226, 222, 227, 233,
    234, 237, 241, 244, 244, 247, 244, 242, 242, 239, 238, 237, 232, 234,
    233, 233, 234, 235, 236, 238, 238, 237, 237, 238, 240, 239, 241, 241,
    239, 241, 242, 240, 240 ]
headPositionsY: [ 99, 99, 101, 98, 98, 98, 99, 100, 98, 96, 101, 100,
    101, 99, 99, 97, 97, 101, 97, 100, 98, 100, 102, 100, 101, 100, 101,
    100, 99, 101, 100, 99, 100, 97, 96, 98, 96, 94, 100, 98, 97, 96, 100,
    98, 98, 100, 101, 99, 98, 99, 99, 97, 99, 100, 99, 101, 97, 100, 97,
    99, 101, 99, 98, 99, 97, 96, 99, 101, 97, 97, 99, 100, 99, 97, 101,
    101, 98, 98, 101, 99, 98, 101, 98, 101, 100, 99, 100, 102, 102, 99,
    99, 99, 102, 100, 101, 100, 99, 103, 102, 102 ]
