%YAML:1.0
---
videoName: "headNod31.mp4"
gestureLabel: 202
fps: 29
pixelSizeInCmTemp: 2.8855421686746985e-01
faceCenterPointX: 267
faceCenterPointY: 75
headPositionsX: [ 265, 269, 269, 271, 268, 272, 271, 270, 272, 269, 269,
    268, 272, 269, 270, 268, 266, 268, 270, 269, 269, 266, 265, 266, 265,
    265, 264, 264, 267, 267, 268, 269, 271, 269, 269, 269, 268, 270, 270,
    270, 267, 265, 267, 265, 267, 267, 269, 269, 266, 267, 269, 267, 266,
    266, 266, 267, 267, 264, 265, 266, 266, 265, 265, 268, 267, 266, 268,
    265, 265, 265, 267, 267, 264, 267, 265, 268, 264, 267, 265, 268, 267,
    267, 266, 265, 268, 264, 268, 267, 269, 267, 265, 265, 265, 269, 267,
    265, 266, 268, 269, 266 ]
headPositionsY: [ 77, 73, 74, 75, 75, 76, 73, 66, 65, 67, 67, 66, 64, 66,
    76, 82, 81, 84, 84, 87, 86, 84, 79, 77, 72, 70, 73, 70, 69, 67, 68,
    71, 72, 76, 80, 83, 83, 86, 85, 86, 83, 83, 81, 76, 75, 72, 72, 74,
    74, 78, 81, 81, 82, 85, 85, 79, 79, 73, 75, 70, 71, 68, 70, 69, 70,
    72, 73, 75, 81, 81, 80, 80, 79, 74, 75, 73, 71, 71, 71, 71, 74, 77,
    75, 77, 77, 76, 76, 74, 77, 76, 77, 73, 76, 75, 75, 78, 75, 76, 77,
    77 ]
