%YAML:1.0
---
videoName: "headNod31.mp4"
gestureLabel: 202
fps: 29
pixelSizeInCmTemp: 2.8855421686746985e-01
faceCenterPointX: 267
faceCenterPointY: 75
headPositionsX: [ 269, 270, 268, 269, 268, 270, 270, 271, 270, 269, 272,
    269, 272, 271, 268, 268, 267, 270, 270, 269, 265, 268, 266, 265, 265,
    265, 264, 267, 270, 269, 269, 268, 272, 267, 270, 267, 267, 268, 266,
    267, 270, 265, 269, 266, 268, 267, 267, 269, 270, 268, 268, 269, 267,
    268, 267, 267, 269, 267, 267, 267, 266, 268, 268, 266, 267, 270, 267,
    265, 265, 265, 265, 267, 266, 265, 264, 266, 265, 264, 264, 265, 270,
    268, 264, 268, 265, 265, 268, 267, 265, 267, 266, 269, 269, 267, 267,
    268, 266, 267, 265, 268 ]
headPositionsY: [ 76, 73, 76, 76, 72, 76, 76, 66, 67, 67, 67, 66, 64, 64,
    77, 82, 82, 87, 87, 84, 86, 81, 82, 77, 72, 70, 72, 70, 69, 69, 71,
    71, 72, 73, 76, 84, 86, 84, 86, 89, 86, 80, 79, 75, 75, 75, 74, 75,
    75, 80, 82, 83, 84, 82, 85, 82, 80, 76, 72, 69, 69, 69, 70, 71, 71,
    74, 73, 79, 79, 79, 79, 77, 78, 74, 76, 72, 73, 69, 71, 71, 72, 75,
    74, 79, 75, 75, 79, 76, 77, 72, 77, 74, 75, 75, 75, 75, 75, 77, 76,
    75 ]
