%YAML:1.0
---
videoName: "headShake30.mp4"
gestureLabel: 201
fps: 29
pixelSizeInCmTemp: 3.2808219178082193e-01
faceCenterPointX: 240
faceCenterPointY: 68
headPositionsX: [ 242, 233, 231, 233, 232, 233, 233, 232, 234, 233, 236,
    236, 235, 237, 241, 240, 242, 240, 244, 244, 243, 243, 244, 244, 245,
    242, 243, 242, 244, 239, 240, 238, 238, 242, 237, 239, 240, 242, 243,
    247, 251, 253, 258, 257, 260, 262, 257, 255, 248, 243, 240, 230, 227,
    225, 222, 225, 230, 235, 241, 246, 251, 252, 251, 252, 245, 244, 235,
    231, 230, 226, 229, 230, 231, 239, 242, 247, 250, 249, 252, 248, 246,
    243, 242, 236, 239, 235, 237, 239, 236, 240, 238, 242, 242, 240, 240,
    239, 242, 239, 240, 239 ]
headPositionsY: [ 66, 54, 55, 56, 56, 60, 62, 61, 63, 62, 65, 65, 63, 66,
    63, 64, 67, 67, 64, 64, 66, 67, 64, 64, 67, 65, 66, 64, 65, 65, 64,
    63, 68, 64, 66, 65, 65, 64, 64, 67, 67, 63, 65, 63, 64, 64, 66, 65,
    66, 66, 68, 64, 66, 66, 70, 70, 70, 70, 70, 67, 67, 67, 66, 70, 67,
    70, 70, 66, 70, 69, 68, 71, 66, 69, 69, 69, 68, 67, 67, 66, 67, 67,
    67, 68, 65, 68, 69, 68, 65, 68, 67, 70, 70, 67, 70, 68, 70, 68, 67,
    68 ]
