%YAML:1.0
---
videoName: "headNod2.mp4"
gestureLabel: 202
fps: 29
pixelSizeInCmTemp: 3.2364864864864862e-01
faceCenterPointX: 263
faceCenterPointY: 70
headPositionsX: [ 262, 262, 261, 264, 260, 263, 261, 261, 265, 263, 264,
    262, 263, 265, 265, 266, 264, 265, 265, 263, 262, 261, 263, 265, 261,
    264, 261, 261, 261, 263, 262, 264, 261, 260, 261, 262, 260, 261, 261,
    262, 262, 260, 259, 262, 264, 263, 263, 264, 260, 262, 260, 260, 262,
    263, 262, 262, 261, 262, 264, 260, 260, 263, 260, 264, 264, 264, 261,
    261, 262, 260, 260, 261, 263, 263, 263, 261, 265, 265, 262, 261, 261,
    262, 264, 263, 264, 264, 264, 262, 263, 265, 266, 261, 264, 262, 265,
    264, 265, 266, 263, 263 ]
headPositionsY: [ 70, 75, 77, 77, 78, 75, 77, 77, 75, 77, 73, 74, 77, 77,
    73, 78, 73, 76, 74, 76, 75, 76, 75, 76, 75, 77, 74, 72, 77, 74, 72,
    75, 72, 75, 73, 73, 75, 72, 75, 73, 73, 75, 74, 73, 72, 72, 76, 72,
    72, 74, 69, 70, 70, 71, 77, 77, 79, 78, 78, 70, 69, 74, 74, 75, 76,
    73, 72, 71, 68, 71, 72, 74, 75, 76, 73, 76, 75, 73, 70, 69, 71, 72,
    73, 75, 76, 73, 72, 72, 67, 68, 71, 71, 69, 69, 71, 69, 68, 68, 71,
    69 ]
