%YAML:1.0
---
videoName: "headLookLeft2.mp4"
gestureLabel: 203
fps: 29
pixelSizeInCmTemp: 3.6846153846153845e-01
faceCenterPointX: 278
faceCenterPointY: 74
headPositionsX: [ 279, 257, 257, 261, 260, 259, 260, 258, 261, 261, 260,
    258, 259, 259, 261, 261, 260, 263, 264, 261, 262, 265, 266, 266, 266,
    270, 269, 271, 275, 276, 275, 277, 276, 277, 277, 279, 277, 282, 279,
    276, 278, 278, 282, 282, 282, 278, 281, 282, 283, 282, 281, 280, 281,
    278, 276, 280, 279, 274, 280, 282, 282, 275, 280, 279, 281, 280, 280,
    282, 282, 280, 278, 282, 283, 274, 279, 279, 278, 279, 277, 281, 277,
    282, 277, 280, 280, 278, 286, 279, 275, 283, 284, 277, 285, 278, 277,
    280, 283, 281, 287, 279 ]
headPositionsY: [ 75, 74, 77, 78, 75, 73, 78, 77, 78, 78, 74, 78, 73, 73,
    76, 77, 75, 74, 75, 76, 76, 77, 74, 73, 76, 73, 73, 75, 76, 74, 74,
    73, 72, 72, 71, 75, 73, 74, 77, 75, 75, 76, 73, 73, 76, 77, 74, 75,
    75, 76, 72, 74, 75, 73, 74, 77, 72, 75, 72, 75, 74, 74, 74, 73, 75,
    75, 75, 78, 74, 71, 74, 72, 76, 73, 72, 75, 73, 77, 71, 77, 73, 74,
    73, 75, 77, 72, 73, 75, 74, 75, 76, 76, 74, 76, 72, 74, 72, 73, 75,
    73 ]
