%YAML:1.0
---
videoName: "headNod49.mp4"
gestureLabel: 202
fps: 29
pixelSizeInCmTemp: 2.9207317073170730e-01
faceCenterPointX: 263
faceCenterPointY: 74
headPositionsX: [ 265, 263, 265, 265, 268, 267, 263, 263, 263, 262, 265,
    265, 266, 264, 264, 266, 263, 266, 265, 263, 262, 263, 262, 266, 263,
    262, 266, 267, 264, 262, 262, 264, 262, 263, 265, 264, 263, 265, 265,
    266, 262, 266, 265, 261, 261, 265, 264, 262, 262, 262, 265, 261, 265,
    263, 265, 265, 263, 266, 262, 262, 261, 262, 263, 263, 263, 265, 264,
    263, 265, 263, 266, 265, 265, 265, 263, 262, 264, 262, 263, 265, 263,
    262, 263, 261, 264, 261, 263, 260, 263, 260, 262, 262, 262, 265, 263,
    266, 263, 261, 261, 262 ]
headPositionsY: [ 76, 73, 73, 74, 73, 72, 70, 71, 71, 71, 74, 73, 70, 67,
    67, 68, 70, 70, 69, 69, 70, 72, 71, 74, 78, 76, 79, 75, 74, 73, 73,
    71, 70, 71, 68, 72, 70, 75, 74, 78, 78, 79, 80, 75, 73, 72, 70, 72,
    72, 71, 71, 75, 73, 77, 75, 77, 75, 77, 74, 74, 76, 72, 74, 71, 74,
    77, 77, 76, 78, 79, 78, 77, 74, 73, 73, 73, 75, 74, 76, 73, 77, 75,
    77, 73, 76, 77, 76, 74, 73, 74, 73, 76, 75, 74, 72, 73, 73, 72, 76,
    73 ]
