%YAML:1.0
---
videoName: "headNod49.mp4"
gestureLabel: 202
fps: 29
pixelSizeInCmTemp: 2.9207317073170730e-01
faceCenterPointX: 263
faceCenterPointY: 74
headPositionsX: [ 263, 267, 265, 267, 265, 266, 266, 263, 263, 265, 265,
    264, 263, 265, 265, 262, 265, 266, 262, 267, 266, 262, 266, 265, 265,
    265, 264, 266, 262, 263, 266, 266, 265, 265, 261, 263, 264, 266, 262,
    264, 265, 263, 262, 265, 262, 262, 263, 261, 264, 261, 265, 261, 265,
    262, 262, 264, 263, 263, 265, 262, 264, 263, 262, 264, 263, 264, 265,
    262, 262, 263, 264, 262, 262, 263, 262, 265, 265, 262, 265, 264, 265,
    265, 263, 262, 262, 264, 261, 263, 264, 260, 264, 262, 262, 261, 263,
    266, 261, 261, 264, 264 ]
headPositionsY: [ 73, 71, 72, 73, 70, 72, 72, 73, 72, 73, 72, 72, 69, 69,
    67, 69, 66, 66, 69, 69, 68, 71, 74, 76, 76, 75, 79, 76, 73, 76, 71,
    69, 70, 68, 70, 71, 73, 73, 75, 77, 80, 76, 77, 78, 73, 73, 71, 70,
    69, 72, 74, 72, 73, 78, 77, 77, 77, 77, 77, 73, 72, 75, 75, 72, 72,
    74, 77, 75, 80, 80, 75, 79, 74, 77, 74, 72, 75, 75, 75, 74, 76, 76,
    74, 74, 74, 73, 76, 72, 73, 75, 75, 75, 73, 74, 72, 76, 74, 74, 73,
    76 ]
