%YAML:1.0
---
videoName: "headShake45.mp4"
gestureLabel: 201
fps: 30
pixelSizeInCmTemp: 3.3263888888888887e-01
faceCenterPointX: 262
faceCenterPointY: 84
headPositionsX: [ 263, 263, 264, 264, 264, 265, 263, 261, 263, 264, 260,
    261, 264, 261, 260, 261, 264, 263, 264, 264, 262, 264, 262, 263, 261,
    262, 261, 261, 263, 264, 260, 264, 260, 263, 262, 260, 260, 262, 261,
    259, 254, 257, 257, 266, 271, 274, 281, 283, 281, 277, 272, 268, 260,
    256, 252, 252, 259, 261, 268, 272, 275, 274, 272, 268, 263, 261, 257,
    257, 258, 259, 264, 270, 273, 270, 269, 268, 264, 262, 259, 254, 258,
    257, 262, 263, 265, 264, 262, 259, 262, 257, 262, 262, 260, 261, 263,
    263, 263, 264, 264, 264 ]
headPositionsY: [ 85, 83, 82, 83, 83, 83, 82, 80, 83, 84, 80, 84, 82, 81,
    81, 80, 84, 82, 81, 80, 83, 81, 83, 81, 82, 81, 84, 80, 82, 82, 80,
    85, 81, 83, 82, 84, 84, 83, 84, 84, 80, 83, 83, 81, 82, 83, 80, 79,
    78, 81, 81, 84, 85, 80, 81, 85, 82, 82, 84, 82, 82, 84, 83, 83, 81,
    84, 84, 82, 82, 80, 84, 80, 82, 83, 80, 82, 82, 85, 80, 83, 84, 83,
    85, 84, 84, 82, 80, 81, 85, 85, 81, 81, 81, 85, 84, 82, 84, 81, 85,
    82 ]
