%YAML:1.0
---
videoName: "headLookRight7.mp4"
gestureLabel: 204
fps: 30
pixelSizeInCmTemp: 3.4710144927536229e-01
faceCenterPointX: 226
faceCenterPointY: 74
headPositionsX: [ 224, 250, 248, 250, 252, 250, 249, 252, 248, 250, 249,
    252, 249, 249, 250, 249, 251, 250, 249, 251, 251, 247, 248, 250, 251,
    248, 247, 250, 245, 244, 244, 243, 237, 238, 237, 234, 232, 227, 230,
    226, 227, 227, 224, 223, 222, 223, 223, 226, 222, 220, 222, 225, 226,
    226, 226, 223, 223, 226, 223, 226, 224, 224, 223, 222, 223, 224, 222,
    223, 223, 225, 220, 223, 227, 224, 223, 227, 222, 224, 223, 221, 221,
    223, 227, 226, 225, 221, 227, 223, 227, 222, 226, 221, 220, 222, 227,
    222, 225, 224, 224, 226 ]
headPositionsY: [ 76, 77, 73, 76, 76, 77, 74, 73, 75, 75, 74, 75, 76, 74,
    73, 72, 72, 76, 75, 75, 73, 73, 76, 75, 75, 77, 74, 77, 75, 76, 77,
    74, 73, 74, 77, 76, 75, 73, 74, 74, 75, 73, 70, 74, 74, 73, 76, 76,
    73, 73, 72, 77, 78, 74, 74, 72, 74, 73, 76, 75, 76, 70, 71, 73, 74,
    74, 76, 73, 75, 73, 76, 75, 72, 76, 76, 75, 76, 73, 72, 74, 71, 78,
    72, 76, 74, 76, 76, 75, 76, 74, 75, 72, 74, 74, 73, 75, 75, 76, 72,
    73 ]
