%YAML:1.0
---
videoName: "headShake18.mp4"
gestureLabel: 201
fps: 30
pixelSizeInCmTemp: 3.2808219178082193e-01
faceCenterPointX: 240
faceCenterPointY: 77
headPositionsX: [ 240, 241, 240, 241, 240, 241, 243, 241, 240, 242, 238,
    240, 242, 243, 242, 241, 242, 243, 239, 242, 240, 243, 242, 241, 239,
    238, 242, 241, 238, 242, 242, 241, 238, 241, 237, 243, 242, 244, 250,
    250, 251, 251, 252, 251, 247, 241, 238, 237, 233, 228, 229, 232, 235,
    241, 243, 245, 251, 247, 247, 246, 243, 240, 240, 235, 235, 234, 237,
    236, 236, 239, 243, 244, 247, 246, 244, 242, 241, 238, 235, 235, 235,
    237, 235, 239, 237, 240, 240, 242, 241, 241, 241, 239, 244, 239, 241,
    240, 241, 240, 238, 243 ]
headPositionsY: [ 75, 77, 76, 77, 77, 73, 73, 74, 76, 77, 73, 78, 76, 76,
    76, 75, 76, 76, 76, 78, 76, 75, 78, 76, 77, 75, 76, 78, 75, 78, 78,
    74, 76, 75, 78, 76, 74, 74, 75, 77, 75, 73, 73, 74, 79, 75, 77, 75,
    76, 77, 76, 75, 75, 76, 78, 79, 74, 75, 76, 78, 74, 76, 76, 78, 79,
    77, 78, 78, 79, 77, 75, 75, 79, 78, 76, 76, 78, 78, 76, 75, 75, 75,
    77, 76, 76, 75, 77, 77, 76, 80, 79, 78, 76, 79, 78, 79, 75, 75, 75,
    78 ]
