%YAML:1.0
---
videoName: "headLookLeft6.mp4"
gestureLabel: 203
fps: 29
pixelSizeInCmTemp: 3.2808219178082193e-01
faceCenterPointX: 267
faceCenterPointY: 69
headPositionsX: [ 267, 246, 245, 245, 246, 247, 245, 246, 246, 246, 246,
    247, 247, 245, 244, 247, 243, 248, 246, 245, 246, 244, 244, 245, 246,
    248, 246, 248, 253, 254, 253, 257, 260, 263, 262, 267, 266, 269, 270,
    269, 267, 268, 271, 267, 267, 267, 271, 270, 270, 267, 267, 269, 268,
    270, 265, 269, 269, 271, 266, 268, 269, 266, 270, 266, 268, 265, 268,
    266, 266, 267, 267, 267, 266, 268, 263, 267, 264, 270, 269, 267, 265,
    267, 268, 267, 268, 270, 268, 269, 266, 271, 267, 266, 268, 267, 267,
    269, 266, 268, 267, 265 ]
headPositionsY: [ 68, 70, 71, 70, 72, 72, 74, 70, 69, 75, 74, 70, 72, 73,
    70, 74, 74, 72, 70, 72, 74, 74, 74, 70, 72, 72, 70, 74, 69, 70, 72,
    69, 72, 70, 69, 67, 68, 70, 71, 68, 67, 68, 69, 68, 67, 68, 69, 72,
    69, 69, 70, 68, 68, 68, 69, 72, 70, 70, 72, 72, 69, 71, 70, 66, 69,
    69, 71, 69, 69, 70, 68, 68, 68, 70, 68, 68, 69, 71, 72, 70, 70, 68,
    71, 68, 72, 71, 71, 71, 73, 72, 72, 71, 72, 68, 69, 71, 71, 68, 70,
    67 ]
