%YAML:1.0
---
videoName: "headNod16.mp4"
gestureLabel: 202
fps: 29
pixelSizeInCmTemp: 3.3263888888888887e-01
faceCenterPointX: 255
faceCenterPointY: 77
headPositionsX: [ 257, 257, 260, 257, 259, 259, 258, 260, 260, 260, 260,
    261, 259, 259, 259, 257, 259, 259, 257, 258, 260, 258, 260, 258, 261,
    259, 259, 258, 259, 259, 258, 260, 260, 260, 259, 256, 257, 261, 262,
    258, 261, 260, 260, 260, 258, 260, 258, 257, 259, 256, 259, 257, 259,
    256, 256, 258, 257, 257, 258, 258, 258, 260, 256, 255, 256, 254, 254,
    256, 253, 255, 257, 257, 254, 256, 254, 254, 255, 254, 257, 253, 256,
    253, 252, 256, 255, 254, 255, 253, 257, 253, 254, 254, 256, 255, 253,
    254, 258, 253, 256, 254 ]
headPositionsY: [ 77, 76, 73, 74, 75, 74, 74, 75, 76, 74, 76, 78, 77, 74,
    73, 72, 73, 72, 73, 73, 74, 73, 76, 73, 77, 75, 74, 76, 76, 75, 77,
    73, 77, 74, 75, 72, 73, 68, 69, 67, 69, 68, 71, 76, 77, 76, 79, 81,
    81, 78, 76, 75, 68, 70, 69, 68, 74, 75, 78, 81, 84, 82, 82, 80, 78,
    73, 71, 71, 70, 72, 69, 74, 76, 80, 80, 78, 80, 75, 76, 74, 72, 68,
    70, 70, 74, 73, 75, 79, 77, 77, 79, 77, 74, 75, 73, 76, 77, 75, 74,
    77 ]
