%YAML:1.0
---
videoName: "headShake42.mp4"
gestureLabel: 201
fps: 29
pixelSizeInCmTemp: 3.2808219178082193e-01
faceCenterPointX: 257
faceCenterPointY: 85
headPositionsX: [ 258, 272, 275, 277, 278, 278, 278, 276, 273, 271, 271,
    267, 267, 262, 260, 253, 254, 248, 248, 243, 242, 242, 241, 244, 244,
    244, 249, 251, 254, 258, 261, 266, 271, 277, 277, 282, 275, 278, 277,
    275, 271, 270, 265, 264, 262, 260, 253, 249, 248, 251, 246, 244, 245,
    247, 247, 248, 247, 249, 255, 255, 259, 262, 264, 265, 268, 268, 265,
    269, 266, 268, 267, 270, 265, 266, 264, 262, 261, 259, 260, 259, 259,
    257, 258, 257, 256, 258, 256, 258, 256, 256, 259, 255, 254, 258, 258,
    255, 259, 255, 255, 255 ]
headPositionsY: [ 85, 81, 81, 79, 81, 81, 82, 81, 81, 82, 84, 86, 82, 85,
    84, 83, 83, 83, 85, 82, 85, 83, 84, 83, 85, 81, 86, 83, 86, 85, 83,
    82, 84, 80, 83, 81, 81, 82, 82, 84, 83, 87, 87, 88, 89, 84, 85, 88,
    84, 87, 85, 83, 85, 86, 86, 85, 85, 88, 86, 88, 86, 86, 88, 83, 83,
    87, 85, 85, 85, 87, 87, 84, 88, 84, 83, 87, 87, 84, 87, 85, 86, 85,
    85, 83, 84, 86, 86, 86, 84, 87, 85, 88, 85, 85, 87, 83, 86, 85, 82,
    83 ]
