%YAML:1.0
---
videoName: "headLookDown2.mp4"
gestureLabel: 206
fps: 29
pixelSizeInCmTemp: 3.3732394366197183e-01
faceCenterPointX: 274
faceCenterPointY: 95
headPositionsX: [ 272, 273, 274, 273, 273, 273, 273, 274, 274, 274, 272,
    272, 272, 276, 274, 273, 276, 273, 273, 274, 273, 273, 271, 274, 274,
    271, 274, 276, 274, 274, 271, 271, 276, 275, 275, 273, 272, 274, 275,
    272, 273, 273, 272, 276, 276, 275, 274, 272, 274, 275, 274, 274, 272,
    276, 272, 275, 273, 275, 276, 273, 275, 272, 276, 274, 273, 274, 276,
    276, 275, 276, 274, 275, 274, 276, 277, 274, 276, 277, 274, 276, 276,
    277, 276, 274, 276, 272, 273, 276, 276, 274, 277, 275, 274, 276, 272,
    276, 275, 275, 275, 273 ]
headPositionsY: [ 97, 77, 81, 80, 81, 78, 78, 77, 78, 81, 79, 81, 77, 79,
    80, 80, 81, 78, 77, 77, 77, 81, 77, 79, 80, 80, 78, 79, 82, 78, 81,
    82, 81, 78, 82, 80, 83, 85, 84, 84, 89, 91, 91, 90, 95, 93, 96, 95,
    92, 91, 95, 93, 94, 94, 93, 92, 95, 93, 95, 96, 97, 95, 96, 95, 93,
    97, 97, 97, 97, 97, 92, 93, 96, 94, 94, 96, 95, 95, 95, 96, 94, 96,
    94, 93, 95, 94, 93, 96, 94, 95, 95, 95, 95, 97, 93, 93, 97, 96, 96,
    94 ]
