%YAML:1.0
---
videoName: "headShake48.mp4"
gestureLabel: 201
fps: 29
pixelSizeInCmTemp: 3.1103896103896100e-01
faceCenterPointX: 258
faceCenterPointY: 85
headPositionsX: [ 258, 262, 258, 259, 259, 259, 257, 260, 259, 258, 259,
    261, 259, 261, 262, 262, 258, 259, 258, 258, 261, 258, 260, 261, 261,
    257, 256, 257, 258, 259, 258, 259, 258, 257, 261, 263, 267, 267, 274,
    275, 274, 276, 272, 269, 264, 254, 248, 248, 248, 246, 253, 259, 262,
    269, 268, 270, 263, 261, 255, 253, 253, 250, 254, 259, 259, 267, 265,
    268, 264, 264, 258, 254, 252, 246, 248, 252, 258, 259, 261, 265, 268,
    265, 262, 264, 264, 259, 258, 261, 259, 257, 260, 258, 259, 259, 259,
    260, 259, 261, 262, 257 ]
headPositionsY: [ 85, 81, 79, 77, 76, 79, 78, 80, 77, 78, 78, 81, 81, 80,
    82, 79, 82, 80, 80, 79, 82, 79, 79, 82, 79, 81, 79, 83, 81, 82, 83,
    80, 81, 82, 84, 83, 83, 82, 82, 83, 84, 84, 85, 84, 85, 82, 82, 85,
    85, 84, 84, 87, 87, 85, 84, 84, 86, 84, 88, 86, 88, 87, 87, 87, 84,
    88, 85, 84, 87, 88, 88, 85, 86, 84, 88, 88, 88, 84, 84, 84, 87, 85,
    84, 86, 89, 86, 85, 85, 85, 85, 88, 83, 88, 85, 86, 87, 85, 85, 84,
    87 ]
