%YAML:1.0
---
videoName: "headShake29.mp4"
gestureLabel: 201
fps: 29
pixelSizeInCmTemp: 3.3263888888888887e-01
faceCenterPointX: 243
faceCenterPointY: 76
headPositionsX: [ 245, 243, 240, 244, 243, 241, 244, 244, 242, 242, 241,
    241, 243, 244, 244, 242, 244, 240, 243, 242, 243, 241, 240, 242, 241,
    238, 240, 235, 239, 237, 242, 248, 252, 252, 254, 255, 256, 252, 248,
    240, 236, 231, 231, 228, 226, 230, 233, 238, 240, 247, 249, 253, 252,
    249, 247, 248, 240, 239, 232, 232, 228, 229, 231, 233, 239, 241, 248,
    250, 251, 252, 251, 253, 250, 248, 244, 240, 235, 236, 236, 233, 235,
    234, 237, 235, 236, 236, 237, 243, 242, 242, 241, 242, 245, 244, 243,
    246, 244, 243, 241, 243 ]
headPositionsY: [ 75, 75, 74, 74, 74, 77, 73, 74, 76, 74, 76, 78, 75, 78,
    74, 76, 76, 74, 77, 74, 75, 79, 74, 75, 77, 74, 74, 75, 78, 77, 76,
    76, 78, 73, 74, 77, 77, 73, 74, 78, 78, 76, 73, 75, 76, 75, 77, 74,
    79, 78, 76, 74, 75, 75, 76, 79, 76, 74, 78, 76, 75, 77, 76, 75, 76,
    79, 79, 78, 77, 78, 75, 75, 77, 76, 76, 76, 74, 78, 76, 73, 75, 74,
    76, 76, 78, 76, 78, 79, 78, 77, 73, 76, 79, 75, 77, 75, 76, 76, 74,
    79 ]
