%YAML:1.0
---
videoName: "headNod31.mp4"
gestureLabel: 202
fps: 29
pixelSizeInCmTemp: 2.8855421686746985e-01
faceCenterPointX: 267
faceCenterPointY: 75
headPositionsX: [ 267, 268, 271, 270, 270, 268, 269, 271, 268, 268, 271,
    271, 270, 272, 269, 268, 270, 267, 268, 268, 269, 267, 267, 266, 266,
    268, 267, 265, 268, 268, 269, 269, 268, 269, 267, 271, 269, 271, 266,
    268, 269, 268, 268, 267, 266, 267, 270, 269, 266, 266, 268, 268, 265,
    265, 268, 264, 265, 268, 265, 268, 268, 265, 267, 268, 268, 270, 265,
    269, 267, 267, 268, 266, 266, 267, 268, 265, 268, 267, 266, 265, 266,
    267, 265, 268, 266, 266, 267, 267, 267, 266, 269, 265, 269, 265, 265,
    267, 266, 266, 267, 268 ]
headPositionsY: [ 74, 75, 73, 74, 73, 76, 72, 67, 68, 68, 65, 64, 68, 66,
    74, 81, 83, 85, 86, 84, 84, 85, 82, 78, 72, 70, 70, 71, 67, 66, 69,
    69, 75, 76, 80, 83, 83, 85, 87, 85, 87, 83, 81, 75, 74, 76, 72, 75,
    77, 79, 80, 83, 86, 83, 84, 78, 76, 74, 72, 70, 69, 69, 69, 70, 71,
    73, 77, 75, 79, 82, 80, 78, 79, 75, 77, 71, 69, 73, 73, 73, 75, 75,
    77, 75, 78, 77, 76, 76, 73, 76, 75, 73, 72, 76, 74, 78, 78, 78, 77,
    77 ]
