%YAML:1.0
---
videoName: "headLookRight6.mp4"
gestureLabel: 204
fps: 29
pixelSizeInCmTemp: 3.8015873015873014e-01
faceCenterPointX: 226
faceCenterPointY: 72
headPositionsX: [ 224, 249, 250, 249, 248, 250, 249, 251, 247, 250, 249,
    248, 249, 249, 248, 252, 248, 252, 252, 249, 251, 250, 251, 249, 250,
    250, 250, 251, 252, 249, 252, 249, 249, 250, 247, 247, 241, 238, 235,
    235, 234, 231, 227, 230, 229, 226, 225, 228, 226, 228, 225, 224, 228,
    225, 224, 229, 226, 224, 225, 226, 231, 229, 227, 226, 228, 226, 226,
    227, 227, 228, 227, 229, 230, 228, 227, 226, 227, 224, 225, 227, 225,
    227, 224, 226, 225, 227, 227, 232, 227, 226, 224, 229, 230, 225, 224,
    229, 223, 225, 226, 228 ]
headPositionsY: [ 72, 74, 70, 74, 72, 74, 71, 71, 73, 71, 73, 72, 71, 71,
    76, 74, 75, 76, 74, 75, 76, 75, 74, 76, 73, 73, 76, 73, 74, 76, 73,
    75, 75, 76, 76, 73, 76, 76, 73, 72, 71, 71, 72, 73, 74, 74, 73, 72,
    77, 74, 76, 72, 77, 73, 71, 75, 74, 77, 70, 76, 75, 74, 78, 69, 77,
    72, 73, 73, 77, 74, 76, 74, 76, 74, 74, 70, 72, 72, 74, 77, 78, 76,
    75, 73, 76, 75, 74, 76, 72, 72, 71, 72, 76, 73, 70, 77, 71, 73, 74,
    69 ]
