%YAML:1.0
---
videoName: "headLookLeft8.mp4"
gestureLabel: 203
fps: 29
pixelSizeInCmTemp: 3.6287878787878786e-01
faceCenterPointX: 273
faceCenterPointY: 69
headPositionsX: [ 275, 240, 244, 243, 240, 242, 242, 243, 243, 239, 241,
    241, 240, 245, 242, 246, 244, 244, 249, 248, 246, 249, 247, 246, 247,
    245, 245, 246, 248, 246, 244, 247, 248, 248, 248, 248, 245, 245, 246,
    249, 244, 247, 244, 246, 248, 248, 246, 248, 245, 247, 248, 247, 248,
    249, 248, 250, 254, 258, 259, 260, 262, 269, 268, 275, 267, 272, 277,
    283, 280, 274, 279, 278, 278, 277, 277, 276, 275, 272, 276, 280, 278,
    278, 280, 271, 270, 276, 278, 276, 277, 277, 275, 274, 275, 276, 278,
    274, 275, 277, 271, 273 ]
headPositionsY: [ 67, 67, 66, 67, 67, 68, 68, 65, 66, 68, 69, 68, 70, 68,
    68, 67, 67, 70, 68, 67, 69, 70, 71, 70, 70, 70, 70, 70, 71, 70, 73,
    70, 73, 73, 72, 73, 72, 71, 73, 71, 69, 73, 69, 71, 75, 74, 72, 70,
    73, 73, 74, 72, 75, 71, 73, 72, 71, 69, 70, 71, 68, 68, 70, 73, 71,
    70, 67, 71, 73, 71, 71, 67, 70, 68, 69, 67, 68, 71, 71, 68, 70, 68,
    71, 70, 65, 70, 70, 70, 69, 69, 69, 67, 70, 69, 72, 67, 71, 69, 68,
    69 ]
