%YAML:1.0
---
videoName: "headNod28.mp4"
gestureLabel: 202
fps: 30
pixelSizeInCmTemp: 3.2364864864864862e-01
faceCenterPointX: 270
faceCenterPointY: 76
headPositionsX: [ 272, 269, 274, 270, 269, 274, 269, 273, 271, 272, 269,
    273, 271, 271, 269, 271, 270, 269, 269, 270, 269, 272, 271, 272, 270,
    270, 268, 272, 268, 268, 268, 270, 268, 273, 270, 269, 270, 267, 274,
    272, 268, 271, 269, 272, 268, 268, 271, 268, 268, 270, 270, 269, 269,
    271, 268, 272, 268, 273, 268, 272, 270, 271, 272, 273, 270, 269, 269,
    270, 273, 269, 269, 271, 271, 272, 272, 273, 273, 272, 272, 272, 271,
    272, 273, 270, 270, 271, 270, 271, 272, 272, 269, 274, 273, 271, 272,
    272, 268, 272, 269, 272 ]
headPositionsY: [ 76, 74, 77, 72, 73, 73, 74, 75, 75, 76, 75, 73, 75, 73,
    75, 77, 76, 75, 73, 76, 77, 74, 75, 76, 73, 74, 74, 73, 72, 75, 73,
    76, 74, 74, 72, 73, 73, 72, 75, 77, 72, 78, 80, 80, 81, 81, 79, 82,
    77, 79, 71, 74, 74, 74, 71, 69, 74, 73, 77, 76, 79, 82, 80, 80, 76,
    75, 71, 69, 72, 70, 74, 75, 76, 78, 79, 82, 78, 76, 76, 74, 73, 72,
    75, 75, 77, 76, 76, 78, 76, 78, 78, 74, 78, 74, 74, 76, 77, 78, 75,
    75 ]
