%YAML:1.0
---
videoName: "headNod19.mp4"
gestureLabel: 202
fps: 29
pixelSizeInCmTemp: 3.1933333333333330e-01
faceCenterPointX: 255
faceCenterPointY: 81
headPositionsX: [ 255, 258, 259, 257, 258, 254, 259, 256, 258, 256, 255,
    257, 258, 255, 257, 257, 254, 253, 250, 253, 252, 253, 252, 252, 252,
    249, 252, 251, 252, 252, 249, 252, 252, 255, 253, 251, 251, 255, 253,
    252, 255, 253, 254, 257, 256, 257, 256, 259, 254, 257, 256, 257, 255,
    255, 255, 257, 255, 257, 253, 255, 254, 252, 256, 255, 257, 257, 254,
    256, 256, 255, 256, 255, 254, 253, 254, 253, 257, 256, 257, 256, 255,
    257, 256, 253, 254, 255, 254, 257, 256, 255, 256, 257, 256, 257, 255,
    256, 254, 255, 255, 253 ]
headPositionsY: [ 79, 82, 83, 82, 82, 78, 79, 78, 78, 76, 78, 78, 75, 75,
    78, 75, 78, 78, 78, 77, 79, 81, 76, 77, 77, 79, 77, 79, 77, 79, 77,
    77, 78, 79, 77, 78, 79, 80, 78, 78, 78, 80, 79, 79, 81, 80, 76, 77,
    79, 79, 79, 78, 76, 81, 77, 79, 78, 80, 78, 81, 79, 78, 81, 81, 80,
    82, 78, 75, 74, 76, 71, 76, 76, 74, 81, 80, 83, 85, 83, 77, 76, 76,
    76, 77, 81, 83, 83, 86, 84, 81, 82, 82, 84, 80, 81, 83, 83, 81, 84,
    80 ]
