%YAML:1.0
---
videoName: "headLookUp7.mp4"
gestureLabel: 205
fps: 29
pixelSizeInCmTemp: 3.6846153846153845e-01
faceCenterPointX: 257
faceCenterPointY: 70
headPositionsX: [ 256, 259, 257, 256, 258, 257, 254, 257, 255, 258, 258,
    254, 256, 257, 254, 256, 255, 256, 255, 255, 258, 256, 256, 254, 256,
    256, 254, 255, 257, 257, 257, 256, 255, 253, 259, 256, 257, 254, 254,
    255, 254, 255, 254, 258, 255, 253, 255, 259, 257, 258, 255, 257, 253,
    255, 258, 259, 254, 257, 254, 255, 255, 258, 255, 257, 254, 257, 256,
    258, 258, 256, 255, 256, 258, 255, 258, 258, 256, 254, 254, 257, 254,
    257, 258, 256, 258, 255, 257, 259, 255, 255, 256, 258, 258, 258, 256,
    258, 256, 254, 259, 257 ]
headPositionsY: [ 71, 81, 84, 83, 84, 81, 80, 84, 82, 83, 81, 81, 84, 84,
    83, 85, 81, 82, 79, 77, 80, 79, 76, 77, 74, 74, 71, 72, 73, 70, 68,
    72, 71, 71, 71, 68, 67, 68, 69, 70, 70, 68, 69, 67, 68, 67, 69, 66,
    70, 68, 70, 66, 71, 67, 68, 70, 70, 68, 66, 67, 68, 71, 70, 68, 67,
    71, 69, 68, 69, 71, 69, 67, 71, 72, 70, 70, 66, 71, 71, 69, 71, 72,
    70, 68, 68, 69, 68, 68, 70, 72, 68, 69, 71, 70, 70, 68, 70, 70, 71,
    70 ]
