%YAML:1.0
---
videoName: "headLookRight3.mp4"
gestureLabel: 204
fps: 29
pixelSizeInCmTemp: 3.5746268656716418e-01
faceCenterPointX: 232
faceCenterPointY: 71
headPositionsX: [ 234, 255, 254, 254, 252, 254, 251, 255, 254, 256, 252,
    254, 253, 256, 254, 256, 255, 254, 255, 254, 254, 255, 254, 256, 257,
    253, 253, 255, 254, 253, 256, 256, 254, 256, 253, 254, 253, 254, 252,
    250, 251, 248, 247, 246, 242, 242, 239, 234, 235, 233, 232, 234, 233,
    232, 235, 235, 234, 232, 234, 235, 231, 232, 230, 230, 231, 232, 232,
    232, 231, 230, 233, 233, 234, 232, 232, 231, 232, 233, 231, 231, 238,
    230, 232, 233, 232, 235, 230, 231, 231, 232, 233, 234, 234, 232, 232,
    234, 232, 232, 236, 233 ]
headPositionsY: [ 72, 69, 70, 70, 70, 69, 67, 70, 69, 71, 69, 70, 68, 71,
    68, 70, 71, 69, 71, 71, 71, 73, 70, 71, 71, 73, 73, 71, 72, 73, 70,
    69, 69, 71, 70, 73, 70, 73, 69, 73, 70, 73, 70, 70, 69, 72, 68, 69,
    69, 72, 73, 70, 72, 74, 73, 71, 71, 74, 73, 73, 74, 73, 73, 73, 70,
    72, 73, 74, 73, 72, 73, 69, 71, 71, 71, 74, 73, 70, 70, 72, 70, 70,
    70, 73, 71, 71, 69, 69, 70, 72, 70, 69, 74, 73, 72, 73, 72, 71, 70,
    71 ]
