%YAML:1.0
---
videoName: "headShake5.mp4"
gestureLabel: 201
fps: 30
pixelSizeInCmTemp: 3.3263888888888887e-01
faceCenterPointX: 275
faceCenterPointY: 73
headPositionsX: [ 277, 275, 279, 279, 280, 277, 277, 278, 277, 280, 279,
    277, 280, 276, 278, 278, 276, 275, 278, 276, 277, 278, 278, 276, 280,
    279, 278, 278, 277, 278, 279, 275, 278, 282, 283, 287, 290, 295, 293,
    294, 296, 292, 289, 286, 280, 273, 265, 264, 264, 266, 269, 272, 281,
    285, 292, 290, 286, 284, 282, 274, 266, 265, 262, 265, 267, 272, 275,
    279, 281, 284, 286, 284, 283, 280, 271, 271, 268, 266, 267, 268, 267,
    274, 272, 280, 281, 282, 281, 283, 282, 282, 278, 281, 279, 275, 277,
    277, 273, 275, 276, 276 ]
headPositionsY: [ 74, 72, 75, 71, 71, 72, 72, 73, 72, 74, 71, 71, 74, 73,
    73, 74, 72, 73, 73, 71, 75, 71, 76, 72, 74, 73, 74, 71, 74, 72, 75,
    73, 75, 75, 71, 75, 73, 71, 71, 74, 70, 72, 70, 75, 74, 72, 71, 75,
    71, 74, 71, 73, 73, 75, 73, 75, 75, 74, 77, 75, 75, 74, 76, 73, 74,
    74, 76, 75, 71, 76, 75, 76, 73, 75, 73, 73, 73, 73, 72, 72, 76, 74,
    70, 70, 71, 73, 72, 71, 73, 72, 71, 71, 70, 73, 74, 71, 75, 74, 75,
    71 ]
