%YAML:1.0
---
videoName: "headNod7.mp4"
gestureLabel: 202
fps: 29
pixelSizeInCmTemp: 3.2808219178082193e-01
faceCenterPointX: 261
faceCenterPointY: 71
headPositionsX: [ 262, 266, 263, 267, 266, 262, 265, 262, 265, 262, 264,
    264, 266, 264, 264, 261, 262, 264, 263, 260, 264, 262, 261, 261, 263,
    261, 263, 261, 262, 262, 263, 262, 262, 260, 261, 262, 263, 262, 259,
    261, 261, 262, 259, 263, 262, 263, 263, 261, 262, 262, 262, 260, 260,
    262, 262, 260, 260, 263, 264, 264, 261, 259, 260, 260, 262, 263, 262,
    261, 261, 258, 258, 261, 263, 260, 261, 263, 261, 259, 264, 260, 264,
    263, 262, 263, 262, 263, 259, 260, 263, 260, 263, 263, 261, 260, 262,
    261, 260, 262, 261, 263 ]
headPositionsY: [ 71, 75, 72, 76, 74, 73, 76, 71, 72, 71, 73, 73, 74, 73,
    71, 75, 73, 76, 77, 72, 75, 75, 77, 74, 77, 75, 74, 74, 76, 73, 77,
    75, 74, 73, 74, 74, 73, 74, 76, 75, 77, 75, 78, 73, 76, 75, 77, 77,
    71, 70, 72, 70, 71, 70, 74, 74, 75, 81, 81, 77, 76, 73, 71, 71, 71,
    74, 74, 75, 81, 77, 77, 73, 75, 71, 72, 71, 72, 71, 72, 75, 77, 78,
    79, 78, 80, 79, 76, 76, 72, 72, 73, 69, 71, 68, 73, 72, 73, 73, 73,
    72 ]
