%YAML:1.0
---
videoName: "headShake27.mp4"
gestureLabel: 201
fps: 29
pixelSizeInCmTemp: 3.3263888888888887e-01
faceCenterPointX: 244
faceCenterPointY: 78
headPositionsX: [ 246, 244, 246, 248, 249, 252, 253, 254, 253, 258, 256,
    255, 254, 252, 255, 249, 249, 247, 243, 241, 243, 237, 239, 234, 233,
    233, 234, 233, 232, 231, 235, 235, 235, 236, 240, 238, 238, 240, 244,
    246, 247, 246, 247, 251, 251, 249, 250, 251, 249, 247, 244, 242, 242,
    243, 239, 236, 234, 233, 236, 235, 233, 231, 233, 236, 234, 235, 235,
    238, 240, 241, 242, 244, 243, 247, 246, 249, 247, 250, 248, 245, 248,
    247, 248, 248, 247, 248, 243, 247, 245, 245, 246, 245, 242, 242, 244,
    243, 244, 244, 244, 245 ]
headPositionsY: [ 80, 80, 78, 76, 77, 75, 77, 77, 77, 74, 76, 76, 76, 76,
    78, 80, 80, 77, 76, 79, 78, 80, 76, 80, 76, 80, 77, 76, 79, 78, 79,
    81, 81, 79, 81, 77, 80, 79, 82, 79, 81, 77, 82, 81, 81, 80, 79, 81,
    78, 78, 78, 80, 81, 80, 78, 79, 79, 77, 77, 77, 79, 80, 78, 78, 80,
    78, 77, 80, 79, 79, 78, 82, 78, 80, 79, 78, 78, 81, 80, 82, 76, 78,
    81, 82, 81, 81, 80, 80, 77, 81, 80, 81, 81, 80, 82, 78, 79, 79, 80,
    82 ]
