%YAML:1.0
---
videoName: "headLookLeft9.mp4"
gestureLabel: 203
fps: 30
pixelSizeInCmTemp: 3.2364864864864862e-01
faceCenterPointX: 273
faceCenterPointY: 69
headPositionsX: [ 273, 246, 247, 248, 249, 248, 248, 244, 247, 246, 246,
    244, 244, 246, 247, 247, 245, 247, 246, 244, 247, 245, 243, 245, 244,
    243, 244, 244, 243, 246, 243, 248, 248, 249, 249, 252, 253, 259, 259,
    262, 262, 264, 269, 269, 267, 271, 274, 272, 271, 270, 269, 273, 273,
    272, 271, 270, 273, 269, 273, 274, 270, 270, 268, 271, 271, 270, 271,
    269, 273, 271, 271, 269, 271, 271, 273, 271, 270, 271, 269, 269, 269,
    269, 268, 270, 273, 270, 272, 273, 270, 273, 273, 270, 271, 271, 270,
    276, 271, 273, 268, 268 ]
headPositionsY: [ 70, 70, 68, 70, 69, 70, 73, 68, 70, 69, 73, 71, 68, 73,
    72, 72, 72, 71, 73, 73, 71, 72, 72, 70, 70, 69, 71, 69, 69, 72, 73,
    73, 73, 73, 72, 69, 69, 70, 68, 69, 68, 66, 67, 68, 66, 65, 65, 67,
    70, 69, 69, 66, 67, 66, 68, 68, 68, 70, 67, 66, 70, 69, 70, 71, 66,
    70, 65, 67, 70, 65, 67, 67, 69, 71, 72, 68, 70, 66, 66, 69, 66, 70,
    65, 67, 68, 65, 66, 70, 70, 66, 69, 66, 67, 65, 66, 68, 71, 70, 70,
    71 ]
