%YAML:1.0
---
videoName: "headNod48.mp4"
gestureLabel: 202
fps: 29
pixelSizeInCmTemp: 2.8855421686746985e-01
faceCenterPointX: 264
faceCenterPointY: 72
headPositionsX: [ 266, 263, 263, 267, 264, 263, 266, 264, 267, 262, 265,
    264, 267, 261, 262, 264, 261, 262, 263, 260, 259, 260, 258, 261, 261,
    258, 260, 260, 261, 262, 261, 264, 264, 263, 263, 263, 265, 260, 261,
    261, 261, 263, 263, 264, 259, 261, 260, 260, 264, 264, 260, 260, 263,
    258, 259, 263, 263, 262, 263, 263, 263, 262, 265, 264, 265, 265, 263,
    262, 262, 264, 262, 266, 265, 265, 266, 266, 267, 265, 264, 266, 264,
    266, 264, 265, 267, 264, 267, 268, 264, 267, 264, 267, 265, 268, 265,
    265, 266, 264, 265, 264 ]
headPositionsY: [ 70, 75, 76, 78, 76, 77, 74, 70, 67, 66, 61, 62, 64, 66,
    68, 69, 77, 78, 84, 86, 85, 89, 82, 83, 80, 73, 72, 68, 68, 63, 63,
    67, 64, 67, 66, 74, 74, 79, 82, 83, 81, 82, 78, 79, 75, 74, 75, 75,
    72, 71, 71, 73, 76, 78, 79, 81, 75, 78, 72, 69, 72, 71, 70, 74, 74,
    74, 76, 75, 79, 77, 77, 74, 72, 71, 69, 72, 68, 70, 72, 74, 76, 74,
    74, 72, 73, 71, 70, 69, 72, 72, 74, 74, 75, 73, 73, 70, 74, 74, 70,
    73 ]
