%YAML:1.0
---
videoName: "headLookUp4.mp4"
gestureLabel: 205
fps: 30
pixelSizeInCmTemp: 3.6846153846153845e-01
faceCenterPointX: 256
faceCenterPointY: 68
headPositionsX: [ 257, 255, 256, 257, 256, 254, 256, 258, 254, 256, 258,
    258, 257, 255, 255, 254, 254, 256, 256, 258, 258, 258, 256, 255, 258,
    257, 257, 255, 256, 256, 258, 257, 254, 257, 255, 256, 256, 258, 254,
    257, 254, 254, 255, 256, 256, 256, 258, 256, 254, 253, 255, 256, 255,
    254, 258, 257, 256, 257, 257, 253, 257, 254, 255, 258, 256, 257, 258,
    258, 256, 258, 254, 258, 255, 257, 256, 259, 257, 255, 255, 257, 255,
    257, 253, 254, 254, 257, 255, 255, 259, 255, 257, 258, 258, 253, 257,
    254, 258, 255, 253, 255 ]
headPositionsY: [ 70, 81, 81, 82, 80, 83, 80, 81, 83, 81, 84, 81, 82, 83,
    82, 80, 81, 83, 81, 82, 84, 81, 81, 78, 80, 78, 76, 74, 76, 73, 70,
    71, 67, 72, 70, 68, 69, 69, 72, 69, 66, 69, 69, 67, 66, 70, 67, 70,
    71, 67, 70, 70, 68, 70, 71, 69, 70, 70, 67, 71, 67, 68, 65, 65, 70,
    71, 70, 69, 69, 70, 69, 68, 67, 67, 65, 68, 67, 71, 66, 70, 70, 70,
    70, 68, 68, 67, 72, 69, 70, 71, 68, 69, 71, 67, 68, 66, 67, 72, 70,
    72 ]
