%YAML:1.0
---
videoName: "headShake34.mp4"
gestureLabel: 201
fps: 29
pixelSizeInCmTemp: 3.2364864864864862e-01
faceCenterPointX: 263
faceCenterPointY: 83
headPositionsX: [ 261, 266, 262, 266, 264, 263, 263, 266, 263, 263, 266,
    263, 264, 264, 265, 266, 265, 266, 264, 264, 263, 265, 263, 264, 267,
    264, 264, 264, 262, 263, 262, 265, 266, 265, 265, 267, 264, 269, 269,
    269, 271, 272, 272, 277, 278, 277, 279, 276, 276, 275, 274, 270, 265,
    260, 254, 254, 252, 255, 255, 256, 259, 262, 266, 266, 271, 271, 272,
    270, 264, 260, 257, 254, 257, 253, 255, 257, 260, 258, 261, 263, 262,
    265, 266, 265, 265, 266, 267, 265, 267, 265, 267, 265, 263, 262, 264,
    263, 262, 264, 261, 264 ]
headPositionsY: [ 83, 81, 81, 84, 81, 84, 82, 85, 80, 82, 82, 83, 85, 82,
    85, 82, 84, 83, 83, 82, 84, 85, 85, 83, 85, 84, 82, 85, 83, 82, 82,
    81, 82, 84, 82, 83, 82, 84, 81, 85, 81, 84, 83, 81, 81, 81, 82, 82,
    81, 83, 82, 86, 84, 84, 80, 83, 83, 81, 81, 84, 83, 84, 82, 84, 82,
    80, 84, 81, 82, 84, 85, 80, 81, 85, 85, 84, 82, 85, 81, 84, 85, 85,
    85, 81, 82, 85, 83, 83, 81, 84, 82, 81, 84, 81, 82, 85, 85, 85, 82,
    86 ]
