%YAML:1.0
---
videoName: "headLookDown4.mp4"
gestureLabel: 206
fps: 29
pixelSizeInCmTemp: 3.4710144927536229e-01
faceCenterPointX: 275
faceCenterPointY: 97
headPositionsX: [ 277, 271, 274, 273, 274, 272, 270, 272, 274, 271, 274,
    275, 274, 271, 274, 275, 275, 271, 272, 275, 272, 271, 274, 271, 274,
    275, 274, 275, 274, 274, 271, 275, 272, 273, 275, 272, 275, 272, 276,
    273, 273, 274, 272, 274, 275, 276, 276, 272, 273, 274, 273, 272, 275,
    275, 275, 276, 271, 272, 273, 274, 273, 273, 276, 274, 272, 276, 276,
    274, 276, 276, 276, 275, 272, 273, 274, 274, 275, 276, 275, 273, 276,
    276, 277, 276, 274, 273, 277, 273, 275, 272, 272, 274, 276, 273, 276,
    272, 273, 276, 273, 275 ]
headPositionsY: [ 98, 83, 83, 79, 80, 79, 80, 80, 82, 81, 81, 81, 78, 78,
    81, 79, 81, 80, 78, 80, 81, 83, 81, 81, 79, 82, 83, 83, 78, 78, 79,
    83, 80, 85, 82, 82, 85, 86, 86, 89, 89, 88, 91, 88, 93, 91, 95, 93,
    94, 93, 94, 95, 98, 97, 101, 102, 101, 103, 100, 98, 98, 102, 98,
    101, 102, 101, 102, 97, 101, 99, 97, 98, 98, 97, 99, 97, 99, 97, 98,
    99, 95, 98, 98, 96, 95, 99, 97, 99, 98, 95, 97, 98, 99, 96, 98, 95,
    99, 95, 99, 98 ]
