%YAML:1.0
---
videoName: "headNod9.mp4"
gestureLabel: 202
fps: 29
pixelSizeInCmTemp: 3.1513157894736843e-01
faceCenterPointX: 261
faceCenterPointY: 75
headPositionsX: [ 260, 259, 260, 263, 262, 259, 262, 259, 260, 262, 259,
    262, 262, 261, 262, 263, 260, 261, 262, 260, 263, 262, 262, 258, 262,
    260, 262, 262, 260, 259, 263, 262, 262, 260, 259, 260, 262, 258, 262,
    259, 263, 260, 259, 262, 259, 260, 257, 257, 258, 257, 258, 261, 260,
    259, 259, 263, 261, 258, 262, 260, 259, 261, 258, 259, 260, 259, 260,
    262, 258, 260, 262, 257, 258, 258, 258, 261, 261, 262, 260, 261, 257,
    259, 260, 259, 259, 258, 259, 258, 259, 258, 258, 257, 258, 260, 259,
    260, 261, 261, 262, 258 ]
headPositionsY: [ 77, 74, 74, 72, 76, 75, 75, 74, 73, 75, 75, 77, 76, 73,
    75, 73, 76, 74, 76, 76, 73, 77, 74, 74, 77, 73, 75, 74, 76, 77, 78,
    79, 81, 79, 80, 81, 77, 75, 77, 75, 75, 75, 77, 82, 86, 89, 86, 84,
    82, 78, 76, 74, 79, 77, 80, 82, 84, 84, 82, 76, 75, 75, 72, 73, 77,
    80, 82, 84, 82, 80, 78, 77, 75, 72, 71, 71, 73, 73, 77, 81, 79, 83,
    81, 80, 78, 75, 76, 77, 73, 74, 73, 72, 70, 71, 75, 75, 72, 74, 75,
    72 ]
