%YAML:1.0
---
videoName: "headShake6.mp4"
gestureLabel: 201
fps: 29
pixelSizeInCmTemp: 3.2808219178082193e-01
faceCenterPointX: 244
faceCenterPointY: 68
headPositionsX: [ 244, 246, 246, 248, 246, 246, 246, 244, 244, 245, 245,
    247, 247, 245, 243, 243, 243, 248, 242, 245, 246, 247, 244, 244, 245,
    244, 244, 249, 251, 255, 256, 257, 263, 262, 262, 261, 258, 253, 245,
    240, 237, 231, 231, 232, 234, 238, 245, 249, 255, 255, 257, 256, 255,
    255, 250, 244, 239, 234, 233, 232, 230, 234, 235, 243, 246, 250, 253,
    253, 252, 247, 245, 245, 244, 238, 236, 241, 237, 241, 238, 239, 241,
    242, 241, 245, 244, 245, 244, 242, 242, 244, 241, 245, 242, 244, 243,
    243, 244, 242, 245, 245 ]
headPositionsY: [ 68, 69, 68, 68, 68, 64, 67, 67, 66, 68, 65, 66, 66, 64,
    69, 67, 64, 69, 64, 64, 68, 65, 67, 67, 67, 65, 65, 65, 69, 69, 66,
    66, 67, 64, 65, 63, 66, 69, 70, 68, 69, 65, 70, 68, 66, 70, 69, 69,
    66, 69, 66, 66, 66, 67, 68, 68, 68, 69, 67, 67, 66, 67, 70, 68, 66,
    66, 69, 69, 67, 65, 70, 68, 66, 67, 66, 67, 65, 66, 66, 70, 66, 66,
    68, 68, 66, 66, 68, 66, 66, 70, 66, 68, 70, 68, 67, 67, 67, 71, 66,
    68 ]
