%YAML:1.0
---
videoName: "headLookRight7.mp4"
gestureLabel: 204
fps: 30
pixelSizeInCmTemp: 3.4710144927536229e-01
faceCenterPointX: 226
faceCenterPointY: 74
headPositionsX: [ 228, 251, 251, 249, 251, 251, 250, 250, 251, 251, 248,
    248, 249, 250, 251, 251, 251, 248, 249, 248, 251, 247, 248, 251, 248,
    249, 250, 246, 249, 243, 244, 242, 237, 236, 238, 234, 231, 227, 226,
    229, 225, 223, 221, 222, 220, 222, 224, 223, 223, 220, 223, 226, 223,
    224, 225, 222, 225, 225, 226, 222, 226, 225, 224, 222, 223, 225, 223,
    221, 221, 226, 219, 226, 225, 223, 222, 226, 226, 222, 226, 222, 223,
    222, 225, 222, 222, 220, 228, 226, 223, 224, 224, 221, 222, 226, 226,
    223, 222, 225, 224, 226 ]
headPositionsY: [ 72, 75, 75, 73, 73, 74, 75, 74, 74, 77, 76, 73, 74, 74,
    76, 72, 74, 73, 75, 74, 76, 73, 73, 75, 75, 75, 76, 73, 77, 74, 75,
    73, 76, 76, 73, 76, 76, 74, 75, 73, 71, 75, 74, 76, 73, 71, 74, 76,
    72, 74, 72, 74, 76, 72, 75, 74, 74, 74, 75, 73, 72, 71, 73, 75, 76,
    76, 74, 71, 71, 72, 76, 72, 75, 77, 74, 71, 76, 70, 76, 74, 75, 74,
    72, 74, 75, 75, 72, 77, 74, 74, 78, 75, 73, 77, 71, 74, 74, 76, 71,
    77 ]
