%YAML:1.0
---
videoName: "headNod48.mp4"
gestureLabel: 202
fps: 29
pixelSizeInCmTemp: 2.8855421686746985e-01
faceCenterPointX: 264
faceCenterPointY: 72
headPositionsX: [ 266, 264, 266, 264, 264, 267, 264, 265, 267, 262, 263,
    265, 266, 264, 262, 264, 262, 263, 262, 262, 261, 261, 262, 259, 260,
    259, 262, 263, 262, 259, 262, 264, 264, 260, 264, 265, 263, 263, 261,
    264, 263, 261, 263, 264, 261, 259, 260, 261, 261, 261, 262, 261, 261,
    262, 259, 259, 263, 264, 262, 259, 263, 261, 263, 266, 263, 265, 263,
    263, 264, 262, 265, 265, 266, 262, 266, 266, 264, 263, 264, 265, 265,
    265, 263, 266, 264, 266, 263, 266, 267, 265, 268, 265, 267, 265, 267,
    262, 264, 264, 263, 267 ]
headPositionsY: [ 72, 73, 78, 77, 77, 74, 73, 72, 66, 67, 64, 63, 61, 63,
    67, 71, 73, 79, 83, 86, 86, 89, 86, 83, 78, 77, 71, 67, 64, 63, 61,
    66, 63, 63, 70, 70, 76, 79, 81, 81, 80, 82, 79, 80, 78, 75, 73, 73,
    70, 71, 74, 72, 78, 80, 78, 78, 76, 77, 72, 73, 70, 72, 72, 70, 70,
    77, 77, 79, 78, 75, 74, 76, 75, 72, 71, 71, 69, 70, 69, 73, 76, 76,
    73, 75, 76, 75, 71, 68, 71, 70, 75, 71, 75, 73, 71, 72, 71, 72, 74,
    73 ]
