%YAML:1.0
---
videoName: "headShake45.mp4"
gestureLabel: 201
fps: 30
pixelSizeInCmTemp: 3.3263888888888887e-01
faceCenterPointX: 262
faceCenterPointY: 84
headPositionsX: [ 264, 261, 263, 261, 262, 262, 261, 262, 261, 261, 262,
    265, 263, 261, 263, 262, 265, 261, 264, 260, 260, 262, 260, 264, 262,
    262, 259, 262, 260, 262, 262, 264, 260, 260, 260, 263, 262, 259, 261,
    256, 257, 258, 261, 265, 271, 273, 281, 281, 282, 279, 273, 265, 260,
    257, 254, 254, 257, 260, 266, 270, 274, 274, 272, 267, 265, 259, 255,
    255, 254, 258, 266, 270, 269, 272, 272, 270, 263, 262, 256, 254, 258,
    259, 258, 260, 265, 263, 262, 259, 258, 260, 260, 262, 263, 263, 264,
    265, 263, 264, 264, 262 ]
headPositionsY: [ 82, 79, 80, 82, 81, 82, 79, 82, 81, 81, 82, 83, 82, 82,
    83, 80, 81, 82, 80, 80, 82, 79, 83, 83, 80, 80, 81, 81, 82, 83, 82,
    85, 83, 81, 81, 83, 81, 81, 81, 82, 80, 84, 81, 82, 82, 80, 79, 79,
    79, 79, 83, 85, 82, 84, 83, 82, 84, 81, 80, 79, 79, 82, 83, 84, 81,
    84, 84, 84, 83, 84, 84, 81, 84, 81, 83, 83, 84, 83, 83, 80, 83, 84,
    85, 81, 86, 81, 83, 83, 84, 81, 81, 85, 85, 85, 84, 85, 84, 84, 82,
    85 ]
