%YAML:1.0
---
videoName: "headLookUp0.mp4"
gestureLabel: 205
fps: 29
pixelSizeInCmTemp: 3.6846153846153845e-01
faceCenterPointX: 258
faceCenterPointY: 66
headPositionsX: [ 260, 260, 260, 258, 257, 257, 259, 258, 258, 259, 258,
    261, 260, 260, 260, 261, 258, 260, 259, 262, 259, 258, 261, 260, 259,
    258, 260, 258, 261, 261, 259, 259, 257, 259, 258, 257, 259, 261, 260,
    259, 257, 259, 258, 259, 256, 259, 256, 258, 260, 257, 259, 260, 258,
    258, 258, 261, 258, 257, 257, 260, 258, 259, 258, 260, 260, 257, 258,
    259, 259, 258, 259, 259, 259, 259, 260, 257, 260, 259, 256, 256, 258,
    258, 260, 259, 259, 258, 259, 259, 256, 258, 258, 261, 256, 257, 256,
    258, 261, 259, 258, 259 ]
headPositionsY: [ 68, 79, 79, 79, 80, 81, 83, 79, 83, 80, 81, 80, 79, 80,
    75, 76, 77, 76, 76, 75, 71, 71, 68, 69, 69, 68, 68, 69, 66, 70, 66,
    69, 64, 67, 68, 65, 67, 68, 68, 63, 66, 68, 68, 67, 68, 69, 66, 67,
    68, 66, 68, 69, 68, 65, 70, 69, 65, 66, 68, 67, 66, 68, 69, 70, 68,
    69, 66, 68, 67, 66, 63, 68, 69, 66, 67, 70, 66, 68, 69, 67, 66, 70,
    67, 66, 68, 66, 69, 68, 65, 69, 67, 70, 68, 71, 69, 69, 68, 67, 70,
    68 ]
