%YAML:1.0
---
videoName: "headLookRight3.mp4"
gestureLabel: 204
fps: 29
pixelSizeInCmTemp: 3.5746268656716418e-01
faceCenterPointX: 232
faceCenterPointY: 71
headPositionsX: [ 233, 255, 255, 255, 254, 254, 253, 256, 254, 254, 252,
    253, 254, 252, 254, 256, 254, 252, 254, 253, 254, 254, 253, 257, 256,
    252, 254, 255, 253, 253, 254, 253, 252, 254, 253, 256, 254, 253, 253,
    251, 252, 247, 245, 245, 241, 242, 240, 236, 236, 236, 234, 232, 233,
    230, 233, 232, 233, 233, 234, 235, 229, 232, 230, 231, 230, 233, 230,
    233, 232, 232, 234, 233, 231, 234, 230, 232, 235, 231, 234, 228, 234,
    232, 235, 235, 232, 235, 230, 233, 235, 232, 232, 232, 231, 233, 231,
    231, 233, 231, 237, 233 ]
headPositionsY: [ 73, 69, 68, 67, 69, 71, 68, 72, 68, 68, 71, 72, 68, 69,
    68, 73, 69, 68, 70, 71, 70, 73, 69, 69, 72, 72, 70, 71, 71, 73, 73,
    71, 70, 73, 69, 71, 69, 71, 72, 69, 70, 69, 73, 69, 71, 70, 71, 71,
    70, 73, 71, 72, 69, 72, 70, 71, 73, 70, 73, 74, 72, 69, 72, 73, 70,
    72, 75, 72, 73, 72, 72, 73, 72, 69, 73, 71, 72, 73, 73, 72, 72, 70,
    70, 70, 70, 70, 73, 69, 71, 72, 73, 71, 70, 73, 70, 69, 73, 69, 73,
    74 ]
