%YAML:1.0
---
videoName: "headNod44.mp4"
gestureLabel: 202
fps: 29
pixelSizeInCmTemp: 2.9567901234567900e-01
faceCenterPointX: 268
faceCenterPointY: 78
headPositionsX: [ 270, 267, 270, 272, 267, 270, 270, 267, 271, 267, 266,
    271, 270, 270, 270, 268, 269, 270, 268, 270, 268, 271, 270, 266, 267,
    267, 270, 266, 268, 266, 266, 266, 266, 268, 266, 268, 266, 268, 266,
    268, 266, 268, 264, 267, 264, 266, 268, 269, 265, 265, 266, 268, 268,
    269, 266, 266, 269, 269, 269, 268, 269, 270, 265, 268, 269, 266, 270,
    268, 268, 267, 268, 269, 270, 268, 270, 267, 271, 269, 271, 268, 268,
    271, 268, 267, 269, 267, 267, 268, 269, 270, 270, 269, 268, 265, 267,
    269, 269, 269, 270, 267 ]
headPositionsY: [ 79, 74, 77, 72, 75, 75, 75, 73, 76, 76, 72, 72, 74, 73,
    76, 77, 73, 77, 79, 84, 87, 89, 93, 93, 96, 93, 89, 83, 82, 76, 71,
    71, 69, 69, 73, 77, 77, 81, 87, 87, 87, 85, 80, 77, 73, 71, 71, 74,
    78, 82, 87, 88, 91, 87, 85, 83, 80, 75, 77, 76, 76, 76, 79, 83, 84,
    85, 82, 82, 79, 76, 75, 78, 75, 77, 77, 84, 85, 86, 86, 88, 86, 84,
    80, 78, 78, 80, 78, 79, 79, 79, 75, 79, 77, 79, 77, 79, 75, 77, 76,
    78 ]
