%YAML:1.0
---
videoName: "headShake48.mp4"
gestureLabel: 201
fps: 29
pixelSizeInCmTemp: 3.1103896103896100e-01
faceCenterPointX: 258
faceCenterPointY: 85
headPositionsX: [ 259, 258, 261, 262, 259, 257, 258, 257, 258, 257, 261,
    258, 260, 262, 261, 261, 261, 261, 258, 258, 260, 258, 258, 261, 260,
    257, 257, 258, 256, 258, 258, 259, 257, 258, 258, 263, 267, 269, 274,
    274, 276, 276, 269, 265, 262, 255, 252, 247, 247, 247, 251, 259, 266,
    268, 266, 270, 264, 258, 257, 252, 250, 251, 253, 256, 262, 265, 269,
    267, 266, 262, 255, 250, 248, 249, 251, 252, 258, 261, 264, 267, 267,
    263, 262, 260, 261, 259, 260, 262, 259, 258, 258, 259, 260, 256, 261,
    260, 259, 258, 262, 260 ]
headPositionsY: [ 86, 80, 77, 81, 80, 80, 81, 81, 80, 77, 80, 80, 81, 82,
    81, 80, 79, 79, 80, 82, 83, 80, 83, 80, 82, 79, 80, 80, 81, 84, 84,
    83, 81, 81, 81, 80, 81, 79, 84, 81, 80, 83, 83, 84, 82, 85, 82, 81,
    81, 85, 84, 86, 88, 88, 83, 88, 87, 88, 85, 86, 87, 88, 86, 89, 87,
    87, 83, 88, 88, 86, 86, 88, 88, 87, 84, 84, 87, 84, 87, 84, 87, 84,
    87, 86, 88, 86, 85, 85, 87, 84, 87, 84, 84, 85, 86, 83, 86, 88, 86,
    87 ]
