%YAML:1.0
---
videoName: "headShake6.mp4"
gestureLabel: 201
fps: 29
pixelSizeInCmTemp: 3.2808219178082193e-01
faceCenterPointX: 244
faceCenterPointY: 68
headPositionsX: [ 246, 243, 245, 246, 243, 244, 246, 247, 245, 245, 246,
    244, 243, 246, 245, 244, 244, 245, 246, 244, 245, 244, 247, 242, 244,
    243, 245, 247, 248, 252, 255, 258, 259, 264, 265, 261, 257, 251, 246,
    241, 235, 234, 230, 231, 233, 237, 245, 248, 255, 259, 258, 258, 254,
    252, 247, 243, 237, 232, 230, 232, 230, 236, 239, 240, 248, 246, 251,
    252, 251, 249, 245, 242, 241, 242, 238, 239, 240, 239, 241, 242, 241,
    240, 244, 241, 242, 243, 243, 245, 246, 245, 245, 242, 244, 243, 244,
    244, 246, 243, 242, 245 ]
headPositionsY: [ 70, 65, 64, 67, 65, 67, 67, 68, 69, 66, 65, 68, 63, 66,
    69, 65, 64, 68, 65, 67, 69, 68, 66, 65, 69, 65, 68, 69, 65, 69, 66,
    63, 64, 63, 65, 65, 67, 70, 69, 67, 70, 65, 67, 66, 66, 67, 69, 67,
    65, 65, 65, 69, 69, 67, 70, 67, 70, 65, 67, 65, 70, 69, 69, 69, 70,
    68, 66, 66, 69, 67, 69, 68, 69, 70, 68, 70, 69, 65, 66, 68, 68, 68,
    67, 68, 68, 69, 71, 69, 69, 67, 68, 68, 69, 67, 70, 67, 66, 67, 70,
    70 ]
