%YAML:1.0
---
videoName: "headShake15.mp4"
gestureLabel: 201
fps: 29
pixelSizeInCmTemp: 3.3263888888888887e-01
faceCenterPointX: 243
faceCenterPointY: 76
headPositionsX: [ 241, 242, 241, 245, 246, 243, 243, 246, 243, 245, 242,
    246, 245, 244, 243, 241, 242, 241, 241, 245, 243, 245, 243, 242, 244,
    243, 244, 241, 242, 241, 245, 244, 240, 243, 244, 244, 245, 241, 244,
    241, 245, 241, 244, 243, 240, 243, 243, 244, 245, 245, 242, 241, 241,
    240, 243, 242, 244, 242, 242, 243, 244, 244, 246, 249, 252, 255, 254,
    259, 258, 260, 255, 251, 250, 245, 241, 241, 239, 236, 238, 237, 239,
    243, 243, 247, 248, 247, 246, 246, 246, 243, 242, 240, 242, 243, 240,
    240, 244, 242, 240, 246 ]
headPositionsY: [ 74, 73, 75, 76, 76, 73, 75, 78, 74, 74, 75, 75, 75, 74,
    74, 76, 73, 77, 75, 74, 76, 75, 76, 77, 72, 74, 75, 74, 77, 74, 73,
    77, 76, 76, 74, 75, 76, 74, 75, 73, 74, 77, 73, 78, 74, 74, 75, 75,
    77, 75, 76, 75, 78, 75, 76, 77, 74, 77, 74, 76, 75, 74, 76, 76, 76,
    75, 74, 72, 72, 74, 77, 76, 74, 75, 75, 75, 77, 76, 78, 75, 77, 77,
    75, 79, 78, 76, 76, 77, 76, 77, 77, 79, 76, 78, 75, 74, 76, 76, 74,
    79 ]
