%YAML:1.0
---
videoName: "headLookRight2.mp4"
gestureLabel: 204
fps: 29
pixelSizeInCmTemp: 3.8015873015873014e-01
faceCenterPointX: 228
faceCenterPointY: 68
headPositionsX: [ 226, 249, 254, 249, 253, 251, 250, 250, 251, 253, 253,
    251, 250, 253, 253, 250, 252, 250, 253, 254, 252, 253, 250, 250, 251,
    255, 253, 253, 252, 253, 254, 253, 253, 253, 252, 253, 252, 254, 255,
    253, 254, 254, 253, 251, 252, 251, 254, 252, 250, 251, 248, 244, 245,
    238, 238, 235, 233, 231, 229, 229, 229, 227, 230, 226, 228, 229, 228,
    228, 224, 226, 229, 227, 226, 230, 227, 228, 226, 231, 227, 229, 229,
    230, 231, 227, 227, 227, 228, 227, 227, 225, 228, 228, 230, 231, 228,
    229, 227, 232, 225, 231 ]
headPositionsY: [ 70, 69, 66, 65, 69, 69, 66, 68, 69, 69, 70, 69, 71, 68,
    67, 71, 68, 69, 71, 71, 70, 67, 69, 68, 67, 72, 68, 70, 72, 72, 68,
    68, 71, 67, 71, 66, 68, 68, 69, 69, 67, 67, 70, 69, 71, 70, 70, 70,
    68, 68, 68, 68, 70, 70, 69, 70, 71, 70, 69, 71, 66, 66, 69, 67, 66,
    70, 67, 67, 72, 71, 72, 69, 70, 70, 72, 69, 69, 71, 70, 70, 68, 72,
    68, 73, 69, 68, 68, 69, 69, 68, 68, 66, 71, 71, 70, 68, 68, 69, 69,
    69 ]
