%YAML:1.0
---
videoName: "headShake6.mp4"
gestureLabel: 201
fps: 29
pixelSizeInCmTemp: 3.2808219178082193e-01
faceCenterPointX: 244
faceCenterPointY: 68
headPositionsX: [ 242, 243, 243, 248, 244, 244, 243, 243, 246, 244, 243,
    246, 247, 246, 243, 246, 244, 246, 244, 244, 247, 245, 244, 246, 246,
    244, 243, 249, 250, 255, 256, 258, 263, 262, 261, 261, 256, 253, 248,
    242, 234, 232, 232, 230, 235, 241, 242, 249, 252, 257, 259, 258, 258,
    254, 246, 241, 236, 236, 231, 229, 231, 234, 236, 240, 244, 246, 249,
    251, 250, 249, 246, 241, 243, 239, 236, 240, 239, 240, 240, 242, 239,
    244, 243, 245, 245, 243, 244, 242, 246, 244, 245, 242, 242, 242, 244,
    246, 246, 246, 246, 246 ]
headPositionsY: [ 70, 66, 64, 65, 67, 67, 64, 64, 67, 68, 68, 67, 65, 64,
    67, 63, 65, 66, 64, 67, 69, 65, 70, 65, 68, 66, 65, 67, 66, 65, 65,
    64, 67, 64, 69, 67, 65, 70, 66, 70, 67, 67, 68, 65, 69, 68, 67, 70,
    69, 69, 65, 65, 65, 70, 69, 70, 66, 65, 69, 67, 69, 68, 67, 69, 68,
    68, 70, 68, 68, 65, 67, 68, 70, 69, 67, 66, 66, 65, 70, 68, 67, 67,
    66, 69, 70, 67, 68, 67, 66, 71, 68, 71, 66, 71, 69, 66, 68, 69, 68,
    67 ]
