%YAML:1.0
---
videoName: "headNod26.mp4"
gestureLabel: 202
fps: 29
pixelSizeInCmTemp: 3.1513157894736843e-01
faceCenterPointX: 271
faceCenterPointY: 78
headPositionsX: [ 270, 274, 274, 270, 272, 274, 271, 271, 273, 274, 271,
    274, 271, 270, 271, 274, 274, 272, 275, 273, 271, 274, 272, 271, 273,
    271, 270, 273, 271, 273, 274, 272, 274, 270, 270, 273, 270, 272, 272,
    269, 273, 273, 272, 272, 273, 270, 270, 271, 272, 272, 273, 275, 270,
    270, 273, 270, 274, 270, 274, 272, 270, 270, 270, 271, 273, 271, 274,
    273, 274, 272, 270, 271, 270, 272, 273, 272, 272, 271, 268, 269, 269,
    271, 273, 270, 272, 269, 272, 270, 272, 273, 271, 272, 269, 272, 268,
    270, 271, 270, 273, 271 ]
headPositionsY: [ 79, 75, 74, 71, 72, 71, 69, 68, 70, 66, 64, 63, 64, 65,
    67, 68, 69, 70, 75, 74, 79, 81, 85, 84, 84, 78, 78, 74, 72, 70, 70,
    69, 66, 67, 71, 70, 75, 77, 78, 78, 77, 76, 77, 74, 74, 70, 71, 68,
    69, 71, 68, 70, 73, 74, 75, 77, 75, 74, 74, 70, 68, 70, 69, 67, 67,
    70, 70, 71, 69, 74, 72, 73, 76, 74, 78, 73, 72, 72, 67, 71, 66, 69,
    70, 70, 69, 76, 73, 76, 76, 80, 80, 79, 78, 78, 77, 75, 78, 77, 76,
    77 ]
