%YAML:1.0
---
videoName: "headNod30.mp4"
gestureLabel: 202
fps: 29
pixelSizeInCmTemp: 3.2364864864864862e-01
faceCenterPointX: 271
faceCenterPointY: 72
headPositionsX: [ 273, 273, 273, 270, 274, 272, 269, 270, 270, 271, 270,
    273, 271, 272, 271, 272, 273, 273, 271, 274, 273, 272, 272, 274, 270,
    271, 272, 272, 270, 273, 274, 273, 270, 274, 270, 268, 273, 269, 268,
    270, 270, 272, 268, 267, 270, 269, 268, 269, 269, 270, 271, 270, 269,
    269, 272, 271, 269, 271, 273, 273, 269, 272, 271, 272, 271, 270, 272,
    273, 271, 270, 269, 270, 272, 271, 269, 268, 270, 268, 269, 270, 269,
    273, 273, 273, 272, 270, 271, 270, 274, 274, 274, 272, 271, 272, 273,
    271, 273, 274, 270, 272 ]
headPositionsY: [ 70, 74, 77, 77, 74, 76, 76, 78, 74, 77, 73, 75, 73, 75,
    75, 74, 74, 75, 78, 73, 73, 76, 73, 72, 70, 68, 68, 69, 70, 72, 72,
    78, 77, 81, 82, 79, 80, 76, 73, 72, 72, 70, 70, 71, 74, 78, 76, 79,
    78, 77, 79, 76, 71, 74, 73, 73, 71, 72, 73, 74, 73, 76, 77, 76, 72,
    76, 72, 69, 71, 69, 71, 72, 73, 72, 73, 72, 77, 74, 73, 72, 71, 69,
    68, 71, 71, 72, 71, 72, 74, 73, 76, 76, 72, 74, 73, 75, 71, 74, 70,
    72 ]
