%YAML:1.0
---
videoName: "headShake33.mp4"
gestureLabel: 201
fps: 29
pixelSizeInCmTemp: 3.2364864864864862e-01
faceCenterPointX: 244
faceCenterPointY: 84
headPositionsX: [ 243, 244, 247, 246, 243, 243, 244, 245, 243, 245, 245,
    244, 247, 244, 245, 247, 245, 242, 244, 245, 243, 249, 248, 249, 251,
    253, 256, 258, 261, 263, 263, 261, 263, 262, 261, 258, 251, 250, 247,
    239, 237, 236, 230, 231, 229, 227, 224, 226, 230, 232, 231, 235, 241,
    244, 251, 254, 257, 260, 258, 262, 261, 259, 258, 254, 256, 253, 245,
    243, 241, 236, 234, 236, 234, 231, 234, 233, 231, 234, 237, 235, 238,
    238, 238, 244, 244, 246, 245, 245, 249, 246, 249, 247, 244, 243, 247,
    246, 246, 245, 244, 245 ]
headPositionsY: [ 83, 83, 80, 82, 80, 83, 81, 82, 82, 82, 83, 80, 85, 84,
    82, 85, 83, 85, 84, 84, 82, 84, 83, 83, 81, 81, 82, 81, 79, 81, 79,
    82, 82, 81, 80, 83, 84, 84, 83, 85, 80, 85, 85, 81, 82, 83, 81, 84,
    84, 83, 82, 83, 85, 83, 85, 81, 82, 83, 83, 81, 79, 81, 81, 82, 84,
    86, 85, 81, 81, 82, 84, 85, 83, 83, 80, 81, 82, 81, 82, 81, 82, 82,
    82, 83, 81, 83, 85, 83, 81, 83, 85, 85, 81, 83, 82, 84, 84, 81, 84,
    82 ]
