%YAML:1.0
---
videoName: "headShake20.mp4"
gestureLabel: 201
fps: 29
pixelSizeInCmTemp: 3.3263888888888887e-01
faceCenterPointX: 242
faceCenterPointY: 78
headPositionsX: [ 242, 243, 246, 245, 242, 241, 246, 244, 244, 243, 242,
    244, 242, 241, 240, 245, 244, 242, 243, 243, 241, 243, 245, 242, 243,
    243, 241, 244, 243, 242, 241, 245, 244, 241, 242, 245, 244, 242, 245,
    246, 247, 249, 256, 259, 261, 258, 255, 255, 249, 242, 237, 235, 231,
    229, 231, 231, 239, 245, 250, 251, 254, 251, 251, 248, 242, 236, 235,
    232, 229, 234, 233, 239, 241, 241, 247, 246, 248, 247, 244, 240, 240,
    240, 242, 240, 239, 241, 246, 243, 245, 246, 243, 244, 243, 245, 241,
    245, 244, 240, 239, 241 ]
headPositionsY: [ 80, 75, 74, 76, 74, 74, 74, 76, 76, 75, 75, 75, 75, 75,
    75, 76, 76, 79, 76, 76, 77, 75, 78, 78, 77, 77, 75, 76, 76, 76, 79,
    74, 77, 75, 74, 74, 77, 78, 78, 78, 77, 77, 76, 77, 72, 74, 75, 78,
    79, 78, 76, 78, 77, 76, 73, 74, 74, 75, 74, 73, 73, 74, 76, 76, 77,
    76, 76, 75, 77, 75, 75, 79, 76, 75, 79, 75, 76, 79, 78, 77, 78, 77,
    76, 76, 78, 79, 75, 75, 76, 79, 76, 80, 78, 76, 76, 77, 75, 76, 79,
    75 ]
