%YAML:1.0
---
videoName: "headNod23.mp4"
gestureLabel: 202
fps: 29
pixelSizeInCmTemp: 3.1933333333333330e-01
faceCenterPointX: 273
faceCenterPointY: 75
headPositionsX: [ 271, 271, 275, 276, 276, 273, 275, 272, 274, 276, 275,
    273, 275, 276, 276, 276, 273, 276, 275, 275, 274, 277, 274, 275, 271,
    273, 275, 273, 275, 273, 277, 274, 277, 276, 275, 277, 272, 275, 273,
    270, 274, 273, 271, 270, 271, 272, 274, 273, 272, 274, 272, 276, 274,
    275, 276, 273, 273, 273, 273, 274, 275, 273, 272, 273, 272, 274, 272,
    276, 276, 274, 274, 272, 275, 274, 271, 273, 272, 276, 274, 273, 275,
    275, 276, 273, 276, 274, 275, 273, 275, 272, 273, 274, 272, 276, 271,
    275, 274, 275, 273, 272 ]
headPositionsY: [ 74, 78, 74, 75, 75, 75, 78, 77, 75, 78, 75, 78, 78, 77,
    75, 78, 79, 74, 76, 76, 79, 79, 79, 74, 73, 73, 70, 70, 65, 64, 66,
    66, 65, 68, 69, 70, 71, 77, 78, 81, 80, 81, 79, 78, 79, 77, 72, 69,
    70, 67, 65, 69, 69, 70, 72, 73, 78, 80, 80, 76, 76, 78, 72, 71, 70,
    71, 68, 70, 69, 73, 70, 76, 73, 78, 76, 77, 77, 80, 76, 76, 77, 77,
    77, 72, 75, 74, 73, 74, 75, 74, 75, 73, 75, 75, 77, 78, 75, 74, 78,
    76 ]
