%YAML:1.0
---
videoName: "headLookRight0.mp4"
gestureLabel: 204
fps: 29
pixelSizeInCmTemp: 3.1933333333333330e-01
faceCenterPointX: 229
faceCenterPointY: 68
headPositionsX: [ 230, 256, 254, 254, 258, 258, 254, 255, 255, 254, 258,
    258, 257, 257, 256, 257, 256, 258, 258, 255, 257, 256, 255, 254, 256,
    254, 256, 257, 256, 258, 253, 257, 254, 253, 258, 255, 253, 253, 255,
    253, 250, 250, 250, 245, 240, 238, 236, 238, 237, 236, 232, 236, 234,
    231, 234, 233, 235, 235, 233, 231, 232, 232, 235, 236, 229, 231, 233,
    231, 234, 236, 234, 234, 233, 237, 233, 232, 228, 229, 232, 229, 233,
    230, 234, 230, 230, 231, 233, 233, 230, 230, 229, 231, 229, 228, 228,
    231, 231, 233, 226, 229 ]
headPositionsY: [ 70, 64, 63, 64, 67, 66, 63, 66, 64, 68, 65, 67, 65, 65,
    67, 67, 66, 67, 69, 67, 66, 67, 69, 67, 69, 66, 69, 69, 65, 69, 67,
    70, 69, 69, 68, 66, 67, 67, 70, 69, 66, 68, 65, 68, 67, 69, 69, 68,
    68, 65, 67, 70, 68, 69, 68, 70, 68, 69, 70, 69, 70, 69, 69, 69, 67,
    69, 67, 69, 66, 68, 66, 69, 67, 66, 69, 65, 66, 68, 70, 69, 66, 70,
    69, 68, 68, 67, 70, 67, 68, 69, 70, 68, 71, 69, 69, 70, 69, 65, 68,
    69 ]
