%YAML:1.0
---
videoName: "headNod47.mp4"
gestureLabel: 202
fps: 29
pixelSizeInCmTemp: 3.0316455696202532e-01
faceCenterPointX: 266
faceCenterPointY: 70
headPositionsX: [ 266, 268, 268, 265, 265, 265, 268, 265, 267, 266, 264,
    265, 263, 264, 263, 263, 265, 263, 263, 265, 265, 265, 267, 264, 265,
    267, 269, 265, 268, 268, 268, 268, 270, 266, 268, 265, 268, 268, 266,
    267, 265, 267, 270, 268, 269, 268, 268, 268, 264, 266, 264, 265, 265,
    266, 265, 267, 266, 269, 267, 268, 267, 269, 268, 268, 266, 264, 264,
    265, 267, 265, 265, 265, 268, 268, 268, 265, 267, 264, 266, 267, 266,
    268, 264, 266, 264, 263, 267, 267, 266, 266, 266, 264, 264, 263, 264,
    267, 265, 268, 266, 264 ]
headPositionsY: [ 70, 60, 59, 61, 57, 59, 60, 62, 63, 67, 69, 78, 80, 81,
    80, 74, 75, 71, 70, 68, 66, 66, 68, 70, 72, 73, 75, 77, 77, 74, 72,
    72, 69, 70, 66, 66, 69, 73, 70, 77, 76, 78, 78, 76, 78, 71, 70, 68,
    66, 69, 70, 68, 71, 73, 76, 74, 75, 71, 71, 72, 69, 68, 69, 70, 66,
    68, 69, 74, 74, 75, 72, 74, 73, 72, 70, 67, 68, 70, 71, 71, 73, 73,
    75, 73, 73, 69, 71, 68, 70, 71, 72, 68, 72, 69, 69, 73, 71, 71, 70,
    73 ]
