%YAML:1.0
---
videoName: "headLookRight8.mp4"
gestureLabel: 204
fps: 29
pixelSizeInCmTemp: 3.1513157894736843e-01
faceCenterPointX: 218
faceCenterPointY: 80
headPositionsX: [ 219, 250, 248, 249, 249, 251, 249, 246, 248, 250, 249,
    250, 245, 246, 246, 244, 248, 248, 247, 247, 248, 248, 246, 247, 249,
    249, 249, 248, 244, 246, 248, 249, 248, 249, 246, 247, 245, 246, 244,
    247, 246, 248, 248, 247, 247, 247, 246, 244, 245, 247, 246, 246, 244,
    248, 247, 247, 244, 248, 245, 246, 248, 244, 247, 247, 245, 246, 245,
    248, 246, 243, 243, 240, 237, 234, 230, 230, 225, 225, 220, 220, 218,
    218, 214, 218, 218, 217, 220, 217, 218, 216, 219, 219, 219, 218, 220,
    220, 218, 217, 219, 219 ]
headPositionsY: [ 81, 76, 75, 72, 76, 73, 72, 73, 74, 72, 76, 73, 77, 77,
    73, 74, 77, 76, 77, 77, 74, 77, 78, 76, 77, 78, 74, 76, 77, 76, 77,
    77, 77, 75, 76, 79, 77, 77, 78, 75, 75, 77, 76, 79, 78, 76, 76, 74,
    77, 77, 78, 77, 79, 80, 77, 79, 76, 79, 78, 75, 78, 78, 77, 79, 80,
    79, 78, 77, 75, 75, 80, 77, 75, 75, 77, 74, 76, 75, 71, 76, 73, 77,
    72, 79, 75, 80, 82, 82, 82, 81, 80, 78, 74, 76, 74, 78, 81, 81, 78,
    80 ]
