%YAML:1.0
---
videoName: "headNod20.mp4"
gestureLabel: 202
fps: 30
pixelSizeInCmTemp: 3.2808219178082193e-01
faceCenterPointX: 253
faceCenterPointY: 80
headPositionsX: [ 254, 256, 255, 258, 256, 254, 255, 255, 256, 257, 254,
    253, 255, 255, 254, 256, 257, 257, 256, 258, 254, 254, 258, 256, 255,
    256, 258, 253, 255, 258, 256, 253, 253, 255, 258, 255, 252, 255, 255,
    255, 253, 252, 254, 253, 252, 254, 256, 251, 254, 250, 254, 253, 254,
    253, 249, 249, 250, 253, 253, 253, 250, 255, 251, 254, 252, 253, 253,
    255, 253, 254, 253, 255, 255, 254, 251, 255, 255, 253, 252, 253, 252,
    252, 255, 254, 252, 252, 254, 252, 254, 255, 251, 251, 253, 254, 255,
    252, 255, 253, 253, 252 ]
headPositionsY: [ 80, 79, 79, 80, 80, 78, 79, 80, 76, 76, 79, 76, 80, 80,
    77, 76, 79, 76, 80, 77, 77, 78, 79, 78, 81, 79, 78, 77, 81, 84, 82,
    86, 86, 85, 85, 85, 79, 78, 77, 70, 72, 71, 72, 74, 79, 78, 86, 89,
    89, 87, 86, 85, 79, 79, 79, 77, 75, 81, 79, 80, 82, 85, 82, 81, 79,
    76, 79, 79, 83, 84, 83, 80, 80, 78, 79, 80, 83, 80, 83, 82, 79, 82,
    81, 81, 81, 80, 82, 83, 80, 80, 80, 83, 80, 81, 82, 81, 78, 79, 79,
    79 ]
