%YAML:1.0
---
videoName: "headLookDown7.mp4"
gestureLabel: 206
fps: 30
pixelSizeInCmTemp: 3.3732394366197183e-01
faceCenterPointX: 274
faceCenterPointY: 95
headPositionsX: [ 273, 276, 273, 275, 273, 271, 271, 275, 274, 272, 272,
    273, 274, 273, 275, 275, 274, 274, 271, 271, 274, 275, 276, 272, 273,
    276, 272, 274, 273, 273, 274, 275, 275, 275, 274, 274, 273, 275, 275,
    273, 274, 273, 273, 275, 271, 273, 276, 272, 274, 272, 273, 273, 275,
    272, 273, 276, 277, 276, 274, 276, 275, 273, 272, 272, 272, 274, 275,
    275, 274, 274, 276, 272, 276, 272, 273, 275, 276, 274, 275, 274, 273,
    273, 276, 277, 273, 275, 276, 274, 273, 274, 276, 276, 278, 272, 273,
    277, 274, 275, 274, 273 ]
headPositionsY: [ 95, 85, 84, 84, 83, 80, 81, 81, 81, 83, 81, 83, 81, 84,
    81, 81, 81, 82, 80, 83, 83, 81, 84, 82, 85, 84, 85, 82, 81, 82, 82,
    81, 81, 81, 84, 82, 84, 84, 83, 84, 85, 83, 84, 85, 81, 86, 82, 85,
    83, 84, 87, 86, 85, 86, 88, 90, 91, 91, 94, 94, 94, 94, 92, 97, 95,
    93, 96, 93, 95, 96, 96, 93, 96, 96, 97, 95, 94, 95, 95, 98, 94, 97,
    96, 97, 96, 97, 95, 97, 95, 99, 95, 97, 98, 94, 98, 97, 97, 94, 97,
    97 ]
