%YAML:1.0
---
videoName: "headNod39.mp4"
gestureLabel: 202
fps: 29
pixelSizeInCmTemp: 2.9937500000000000e-01
faceCenterPointX: 268
faceCenterPointY: 78
headPositionsX: [ 268, 269, 265, 266, 270, 269, 270, 267, 268, 268, 269,
    269, 268, 271, 268, 268, 269, 268, 268, 268, 268, 271, 268, 269, 267,
    268, 271, 270, 269, 269, 268, 268, 270, 267, 267, 267, 267, 271, 270,
    269, 271, 267, 268, 267, 266, 266, 270, 265, 265, 269, 267, 269, 268,
    270, 267, 266, 268, 268, 268, 264, 268, 265, 264, 266, 269, 268, 266,
    267, 267, 266, 266, 266, 268, 265, 269, 267, 268, 266, 266, 266, 266,
    270, 267, 269, 268, 268, 266, 264, 269, 269, 269, 266, 268, 270, 269,
    267, 266, 269, 267, 264 ]
headPositionsY: [ 77, 76, 75, 76, 74, 75, 78, 78, 74, 78, 77, 75, 78, 77,
    74, 78, 76, 78, 76, 75, 79, 77, 77, 76, 74, 78, 75, 77, 76, 78, 78,
    77, 78, 79, 74, 75, 77, 78, 80, 81, 82, 83, 85, 87, 85, 83, 78, 74,
    74, 76, 73, 73, 75, 77, 77, 84, 86, 92, 89, 89, 84, 79, 79, 74, 73,
    73, 72, 74, 76, 82, 83, 81, 83, 83, 78, 76, 73, 77, 77, 76, 79, 77,
    77, 80, 78, 81, 78, 77, 80, 78, 79, 79, 79, 80, 76, 78, 77, 79, 77,
    77 ]
