%YAML:1.0
---
videoName: "headLookLeft1.mp4"
gestureLabel: 203
fps: 30
pixelSizeInCmTemp: 3.6287878787878786e-01
faceCenterPointX: 276
faceCenterPointY: 73
headPositionsX: [ 277, 257, 255, 257, 257, 257, 259, 258, 255, 256, 254,
    256, 258, 256, 255, 254, 254, 257, 255, 256, 258, 255, 257, 256, 255,
    257, 254, 258, 259, 258, 254, 258, 254, 254, 257, 254, 254, 257, 256,
    255, 255, 256, 253, 254, 255, 257, 257, 254, 255, 255, 255, 257, 253,
    256, 256, 256, 257, 256, 259, 257, 258, 263, 264, 268, 268, 272, 272,
    275, 274, 274, 280, 276, 274, 271, 271, 280, 276, 277, 275, 275, 282,
    279, 277, 281, 281, 278, 276, 280, 281, 277, 278, 278, 277, 274, 272,
    274, 278, 277, 277, 273 ]
headPositionsY: [ 75, 77, 76, 73, 74, 77, 77, 75, 74, 74, 75, 74, 75, 75,
    77, 77, 75, 77, 77, 77, 75, 76, 76, 76, 76, 76, 75, 77, 79, 77, 78,
    77, 78, 79, 76, 78, 79, 77, 78, 76, 80, 80, 78, 78, 76, 78, 76, 77,
    77, 79, 76, 77, 80, 80, 76, 76, 79, 79, 81, 77, 77, 78, 79, 77, 79,
    75, 77, 78, 76, 79, 73, 77, 73, 77, 72, 77, 77, 78, 77, 77, 77, 75,
    72, 76, 76, 76, 73, 76, 75, 74, 76, 75, 72, 76, 73, 76, 75, 78, 76,
    71 ]
