%YAML:1.0
---
videoName: "headNod45.mp4"
gestureLabel: 202
fps: 30
pixelSizeInCmTemp: 3.0316455696202532e-01
faceCenterPointX: 265
faceCenterPointY: 77
headPositionsX: [ 267, 269, 265, 267, 265, 269, 270, 266, 268, 268, 267,
    268, 269, 268, 268, 268, 266, 267, 268, 266, 267, 265, 265, 270, 268,
    269, 268, 266, 264, 265, 266, 264, 266, 266, 264, 264, 265, 267, 265,
    264, 265, 267, 267, 266, 264, 266, 264, 266, 266, 267, 266, 267, 267,
    269, 267, 268, 265, 268, 268, 267, 265, 266, 267, 263, 264, 269, 267,
    268, 268, 267, 268, 266, 266, 264, 264, 266, 268, 265, 266, 265, 267,
    266, 268, 266, 265, 267, 265, 263, 265, 265, 267, 265, 264, 266, 267,
    266, 266, 267, 264, 264 ]
headPositionsY: [ 79, 76, 77, 76, 73, 75, 73, 76, 78, 76, 76, 74, 73, 77,
    74, 76, 74, 78, 78, 79, 84, 86, 91, 95, 90, 92, 91, 85, 80, 75, 71,
    72, 67, 67, 64, 66, 68, 70, 74, 77, 79, 86, 90, 89, 91, 90, 88, 86,
    79, 78, 73, 73, 74, 74, 74, 74, 78, 81, 84, 85, 86, 83, 80, 78, 76,
    76, 71, 70, 75, 75, 79, 78, 81, 85, 86, 85, 84, 86, 81, 81, 76, 76,
    78, 75, 75, 80, 82, 78, 79, 78, 81, 77, 77, 76, 76, 80, 79, 80, 78,
    79 ]
