%YAML:1.0
---
videoName: "headShake27.mp4"
gestureLabel: 201
fps: 29
pixelSizeInCmTemp: 3.3263888888888887e-01
faceCenterPointX: 244
faceCenterPointY: 78
headPositionsX: [ 244, 248, 245, 249, 251, 250, 254, 253, 254, 256, 258,
    256, 253, 253, 251, 252, 247, 247, 245, 244, 240, 237, 237, 234, 233,
    232, 234, 231, 233, 234, 234, 232, 235, 237, 239, 239, 241, 242, 243,
    248, 248, 246, 249, 247, 249, 250, 249, 248, 248, 247, 247, 242, 241,
    240, 239, 235, 237, 235, 235, 232, 234, 232, 234, 235, 234, 235, 236,
    239, 240, 238, 240, 246, 247, 247, 249, 245, 247, 249, 246, 245, 246,
    245, 245, 248, 248, 245, 245, 245, 243, 247, 243, 245, 242, 244, 244,
    244, 242, 243, 247, 244 ]
headPositionsY: [ 77, 78, 76, 78, 77, 77, 77, 78, 76, 74, 74, 74, 78, 75,
    79, 79, 81, 80, 77, 79, 78, 76, 76, 81, 78, 77, 78, 76, 80, 78, 79,
    78, 81, 78, 78, 80, 78, 81, 81, 79, 78, 79, 82, 79, 80, 78, 78, 81,
    81, 80, 78, 78, 79, 82, 80, 79, 78, 76, 81, 78, 78, 80, 78, 77, 81,
    77, 80, 81, 80, 81, 78, 78, 76, 81, 78, 82, 77, 81, 77, 78, 78, 80,
    81, 81, 79, 79, 79, 79, 79, 78, 81, 78, 77, 78, 81, 77, 81, 78, 78,
    81 ]
