%YAML:1.0
---
videoName: "headShake10.mp4"
gestureLabel: 201
fps: 29
pixelSizeInCmTemp: 3.3732394366197183e-01
faceCenterPointX: 240
faceCenterPointY: 74
headPositionsX: [ 239, 246, 248, 243, 246, 247, 245, 246, 244, 248, 246,
    247, 244, 247, 248, 247, 245, 245, 248, 246, 246, 246, 245, 245, 246,
    246, 244, 248, 244, 244, 248, 247, 247, 246, 244, 248, 247, 243, 248,
    248, 243, 248, 245, 244, 248, 245, 243, 246, 245, 247, 245, 251, 250,
    254, 256, 256, 260, 261, 261, 259, 258, 253, 247, 245, 238, 234, 234,
    229, 233, 236, 239, 241, 248, 250, 254, 255, 254, 256, 258, 256, 251,
    249, 245, 245, 241, 239, 242, 239, 238, 242, 239, 239, 242, 239, 238,
    242, 239, 242, 239, 244 ]
headPositionsY: [ 73, 71, 72, 75, 70, 73, 74, 71, 75, 74, 71, 73, 71, 75,
    75, 72, 75, 72, 75, 73, 75, 72, 71, 71, 75, 74, 73, 71, 72, 71, 75,
    74, 73, 73, 72, 75, 75, 74, 73, 73, 72, 71, 75, 75, 72, 71, 72, 73,
    71, 71, 74, 74, 70, 72, 73, 72, 69, 71, 71, 74, 72, 74, 73, 75, 72,
    75, 74, 74, 73, 72, 76, 74, 74, 73, 72, 75, 71, 72, 71, 75, 74, 73,
    77, 73, 77, 73, 75, 75, 74, 74, 73, 77, 72, 73, 74, 74, 75, 75, 75,
    77 ]
