%YAML:1.0
---
videoName: "headLookLeft6.mp4"
gestureLabel: 203
fps: 29
pixelSizeInCmTemp: 3.2808219178082193e-01
faceCenterPointX: 267
faceCenterPointY: 69
headPositionsX: [ 268, 245, 245, 247, 246, 245, 247, 246, 244, 244, 246,
    246, 247, 243, 246, 244, 243, 248, 248, 247, 247, 245, 247, 243, 244,
    245, 249, 251, 249, 251, 256, 258, 258, 260, 262, 265, 267, 268, 266,
    272, 269, 270, 268, 268, 271, 270, 269, 267, 268, 267, 270, 267, 270,
    269, 268, 270, 266, 270, 267, 269, 270, 268, 267, 269, 269, 264, 268,
    266, 269, 266, 268, 265, 268, 264, 265, 268, 265, 269, 271, 267, 264,
    269, 264, 266, 268, 269, 269, 268, 268, 269, 268, 266, 267, 265, 266,
    269, 266, 264, 269, 265 ]
headPositionsY: [ 67, 74, 71, 71, 71, 73, 72, 72, 72, 72, 70, 74, 72, 71,
    72, 74, 70, 72, 74, 72, 73, 72, 70, 74, 74, 73, 73, 74, 73, 71, 73,
    73, 70, 71, 70, 71, 69, 70, 68, 70, 71, 68, 70, 68, 68, 71, 70, 68,
    70, 69, 69, 71, 71, 68, 71, 69, 68, 72, 71, 68, 71, 68, 71, 66, 72,
    72, 69, 67, 70, 69, 68, 67, 69, 68, 68, 69, 69, 67, 73, 68, 72, 71,
    70, 67, 70, 71, 71, 68, 71, 71, 70, 68, 69, 68, 70, 67, 70, 68, 70,
    67 ]
