%YAML:1.0
---
videoName: "headLookLeft7.mp4"
gestureLabel: 203
fps: 29
pixelSizeInCmTemp: 3.4214285714285714e-01
faceCenterPointX: 268
faceCenterPointY: 68
headPositionsX: [ 268, 246, 244, 247, 248, 245, 247, 244, 245, 247, 245,
    244, 246, 245, 245, 244, 247, 246, 245, 246, 246, 246, 245, 243, 243,
    246, 245, 247, 244, 247, 250, 248, 254, 253, 255, 258, 261, 261, 261,
    264, 267, 265, 270, 264, 267, 270, 270, 267, 265, 266, 265, 266, 268,
    268, 265, 268, 266, 266, 268, 271, 264, 268, 264, 270, 271, 266, 264,
    271, 264, 266, 267, 266, 266, 266, 266, 269, 271, 270, 266, 268, 269,
    267, 271, 265, 269, 266, 268, 269, 268, 270, 269, 268, 268, 270, 269,
    271, 271, 268, 269, 270 ]
headPositionsY: [ 68, 66, 71, 71, 68, 67, 68, 71, 70, 71, 69, 70, 70, 69,
    73, 73, 72, 72, 71, 72, 70, 71, 69, 68, 69, 72, 68, 70, 68, 72, 71,
    70, 68, 70, 68, 69, 67, 67, 69, 69, 69, 66, 67, 67, 66, 68, 71, 67,
    67, 68, 70, 68, 67, 69, 67, 70, 70, 66, 67, 68, 71, 68, 68, 71, 71,
    68, 69, 69, 70, 69, 69, 69, 68, 68, 71, 71, 71, 68, 70, 68, 69, 67,
    71, 69, 67, 70, 70, 66, 71, 69, 71, 71, 70, 71, 68, 72, 68, 69, 70,
    68 ]
