%YAML:1.0
---
videoName: "headNod29.mp4"
gestureLabel: 202
fps: 29
pixelSizeInCmTemp: 3.1933333333333330e-01
faceCenterPointX: 271
faceCenterPointY: 70
headPositionsX: [ 270, 274, 273, 272, 273, 274, 271, 273, 272, 271, 275,
    275, 274, 271, 270, 273, 271, 272, 275, 271, 271, 273, 273, 273, 272,
    270, 273, 272, 269, 271, 273, 271, 273, 269, 270, 271, 271, 269, 272,
    269, 273, 269, 272, 269, 269, 269, 273, 273, 272, 269, 271, 274, 272,
    270, 271, 272, 268, 270, 272, 269, 268, 268, 271, 270, 270, 271, 270,
    271, 268, 268, 271, 272, 271, 270, 270, 269, 272, 272, 273, 274, 270,
    273, 272, 269, 271, 270, 270, 269, 270, 272, 273, 269, 270, 272, 270,
    271, 272, 273, 268, 272 ]
headPositionsY: [ 70, 71, 72, 72, 76, 74, 75, 78, 78, 80, 80, 78, 76, 77,
    74, 68, 70, 67, 65, 68, 69, 70, 69, 73, 72, 73, 78, 78, 79, 82, 77,
    76, 77, 73, 72, 72, 69, 72, 73, 74, 76, 76, 80, 79, 79, 81, 75, 76,
    73, 71, 74, 72, 76, 80, 80, 82, 80, 79, 78, 77, 77, 72, 73, 77, 79,
    78, 77, 77, 73, 76, 73, 72, 68, 68, 70, 72, 71, 75, 74, 79, 76, 76,
    72, 74, 70, 73, 73, 71, 72, 69, 67, 68, 72, 70, 70, 70, 68, 72, 71,
    70 ]
