%YAML:1.0
---
videoName: "headNod20.mp4"
gestureLabel: 202
fps: 30
pixelSizeInCmTemp: 3.2808219178082193e-01
faceCenterPointX: 253
faceCenterPointY: 80
headPositionsX: [ 254, 254, 253, 254, 256, 256, 254, 255, 255, 255, 254,
    256, 257, 253, 255, 254, 258, 256, 255, 256, 254, 254, 255, 254, 257,
    256, 257, 257, 256, 258, 256, 257, 254, 257, 255, 253, 255, 253, 255,
    255, 254, 252, 252, 251, 253, 255, 254, 251, 255, 252, 252, 253, 251,
    251, 253, 250, 253, 253, 251, 251, 250, 252, 252, 250, 251, 254, 251,
    254, 250, 251, 255, 255, 252, 250, 255, 251, 251, 252, 250, 253, 253,
    251, 252, 254, 251, 252, 251, 251, 253, 253, 252, 252, 251, 254, 252,
    253, 252, 251, 252, 256 ]
headPositionsY: [ 79, 80, 75, 76, 76, 77, 76, 76, 77, 80, 80, 77, 77, 81,
    81, 79, 80, 76, 78, 76, 77, 76, 81, 80, 79, 80, 81, 78, 79, 81, 83,
    85, 86, 88, 86, 81, 79, 78, 77, 71, 71, 70, 74, 73, 76, 79, 84, 88,
    86, 88, 87, 82, 80, 78, 79, 78, 77, 80, 82, 80, 85, 84, 82, 79, 79,
    76, 78, 81, 82, 84, 84, 80, 78, 78, 77, 80, 82, 82, 83, 82, 79, 81,
    81, 81, 82, 79, 79, 82, 82, 82, 80, 81, 82, 82, 82, 81, 82, 82, 80,
    82 ]
