%YAML:1.0
---
videoName: "headShake33.mp4"
gestureLabel: 201
fps: 29
pixelSizeInCmTemp: 3.2364864864864862e-01
faceCenterPointX: 244
faceCenterPointY: 84
headPositionsX: [ 246, 245, 244, 247, 243, 247, 245, 243, 246, 244, 246,
    243, 244, 246, 243, 244, 243, 242, 246, 244, 245, 248, 248, 248, 252,
    254, 256, 259, 258, 262, 260, 261, 261, 258, 259, 258, 252, 250, 243,
    242, 238, 233, 234, 229, 230, 227, 227, 226, 229, 231, 232, 236, 243,
    247, 250, 254, 257, 261, 258, 262, 260, 257, 260, 255, 252, 251, 245,
    247, 242, 238, 237, 234, 230, 229, 230, 234, 233, 234, 234, 235, 239,
    240, 238, 243, 244, 243, 247, 245, 247, 249, 247, 245, 247, 244, 247,
    245, 242, 243, 243, 242 ]
headPositionsY: [ 86, 83, 81, 82, 82, 85, 84, 81, 83, 83, 85, 82, 82, 81,
    85, 82, 82, 81, 83, 80, 84, 82, 84, 84, 84, 82, 82, 80, 82, 80, 82,
    79, 80, 81, 81, 81, 84, 85, 84, 82, 80, 85, 83, 83, 83, 80, 82, 84,
    81, 84, 81, 84, 81, 81, 84, 82, 80, 80, 83, 78, 80, 80, 81, 83, 85,
    83, 84, 82, 85, 83, 83, 82, 84, 84, 83, 82, 83, 84, 81, 82, 85, 84,
    81, 85, 84, 82, 81, 83, 82, 83, 81, 86, 83, 85, 81, 86, 84, 85, 84,
    85 ]
