%YAML:1.0
---
videoName: "headLookRight9.mp4"
gestureLabel: 204
fps: 29
pixelSizeInCmTemp: 2.8511904761904761e-01
faceCenterPointX: 217
faceCenterPointY: 75
headPositionsX: [ 219, 245, 245, 245, 243, 245, 241, 241, 244, 244, 246,
    242, 244, 241, 241, 242, 241, 245, 244, 241, 245, 242, 243, 246, 241,
    241, 241, 244, 244, 240, 241, 240, 235, 234, 234, 231, 227, 223, 220,
    220, 222, 217, 214, 218, 219, 215, 217, 214, 217, 214, 217, 215, 214,
    214, 212, 212, 214, 214, 217, 216, 215, 214, 215, 212, 221, 220, 217,
    213, 213, 213, 217, 210, 209, 217, 214, 213, 217, 216, 215, 217, 214,
    215, 216, 215, 217, 218, 216, 218, 218, 218, 216, 214, 216, 216, 214,
    217, 219, 220, 217, 218 ]
headPositionsY: [ 77, 75, 72, 72, 74, 72, 75, 75, 72, 74, 77, 74, 74, 76,
    74, 74, 73, 74, 73, 73, 74, 75, 76, 73, 73, 77, 72, 76, 74, 74, 74,
    73, 74, 76, 74, 76, 73, 70, 72, 76, 76, 70, 71, 82, 71, 71, 74, 72,
    71, 71, 69, 71, 70, 75, 75, 74, 72, 75, 72, 73, 70, 69, 73, 72, 79,
    80, 72, 75, 73, 70, 71, 79, 76, 69, 73, 73, 71, 75, 73, 72, 71, 73,
    72, 73, 70, 71, 69, 72, 72, 72, 77, 69, 73, 75, 70, 74, 74, 74, 72,
    76 ]
