%YAML:1.0
---
videoName: "headNod34.mp4"
gestureLabel: 202
fps: 29
pixelSizeInCmTemp: 2.9567901234567900e-01
faceCenterPointX: 266
faceCenterPointY: 78
headPositionsX: [ 264, 268, 267, 269, 269, 267, 272, 269, 272, 268, 270,
    269, 270, 269, 271, 267, 267, 271, 272, 269, 271, 268, 269, 268, 271,
    269, 268, 269, 269, 269, 271, 270, 271, 271, 270, 269, 268, 272, 268,
    271, 272, 267, 270, 271, 272, 268, 271, 268, 267, 268, 267, 271, 270,
    267, 267, 271, 271, 269, 272, 269, 269, 272, 271, 271, 271, 271, 269,
    271, 272, 269, 267, 270, 270, 267, 266, 266, 268, 264, 267, 264, 267,
    265, 264, 264, 265, 264, 267, 265, 264, 264, 264, 268, 264, 268, 266,
    264, 264, 267, 266, 267 ]
headPositionsY: [ 79, 75, 76, 74, 79, 76, 74, 75, 77, 77, 79, 75, 77, 76,
    74, 77, 78, 77, 77, 77, 75, 76, 76, 75, 78, 78, 76, 77, 78, 77, 77,
    74, 77, 75, 75, 74, 75, 73, 74, 71, 71, 72, 73, 72, 81, 86, 89, 89,
    87, 82, 80, 74, 73, 70, 74, 71, 75, 76, 82, 84, 84, 81, 82, 77, 81,
    79, 74, 77, 81, 80, 82, 86, 85, 82, 84, 80, 78, 76, 75, 78, 77, 81,
    84, 82, 84, 83, 83, 80, 81, 78, 78, 79, 79, 79, 82, 80, 80, 82, 79,
    79 ]
