%YAML:1.0
---
videoName: "headLookLeft3.mp4"
gestureLabel: 203
fps: 29
pixelSizeInCmTemp: 3.4214285714285714e-01
faceCenterPointX: 290
faceCenterPointY: 74
headPositionsX: [ 292, 263, 264, 265, 264, 265, 267, 266, 271, 268, 274,
    272, 277, 276, 281, 281, 282, 285, 289, 289, 291, 289, 292, 291, 284,
    288, 298, 292, 286, 283, 289, 288, 289, 292, 288, 291, 282, 290, 291,
    287, 287, 287, 288, 298, 291, 288, 286, 288, 290, 290, 291, 292, 290,
    289, 285, 285, 290, 286, 289, 293, 292, 289, 288, 287, 288, 289, 291,
    288, 287, 289, 288, 286, 289, 284, 284, 286, 285, 289, 289, 284, 286,
    287, 287, 287, 290, 285, 292, 288, 289, 289, 287, 288, 289, 289, 288,
    283, 289, 287, 290, 288 ]
headPositionsY: [ 72, 75, 77, 77, 79, 74, 78, 80, 78, 78, 75, 77, 75, 77,
    74, 73, 75, 74, 73, 73, 75, 73, 74, 73, 72, 70, 76, 75, 75, 72, 73,
    73, 74, 76, 72, 76, 74, 77, 73, 73, 75, 71, 75, 76, 76, 72, 74, 76,
    78, 71, 72, 74, 73, 76, 72, 74, 73, 75, 72, 74, 72, 74, 74, 74, 72,
    72, 72, 76, 75, 72, 71, 74, 71, 74, 73, 75, 72, 76, 74, 74, 74, 74,
    75, 73, 74, 73, 76, 73, 72, 74, 73, 75, 75, 77, 76, 73, 76, 75, 76,
    76 ]
