%YAML:1.0
---
videoName: "headNod40.mp4"
gestureLabel: 202
fps: 29
pixelSizeInCmTemp: 2.8511904761904761e-01
faceCenterPointX: 267
faceCenterPointY: 78
headPositionsX: [ 265, 269, 265, 268, 268, 269, 269, 265, 268, 268, 270,
    267, 267, 269, 266, 268, 268, 266, 270, 266, 269, 266, 266, 267, 270,
    266, 267, 269, 266, 269, 270, 267, 270, 267, 266, 268, 267, 266, 266,
    270, 271, 267, 268, 267, 266, 266, 267, 265, 267, 264, 266, 265, 267,
    267, 265, 266, 267, 268, 268, 266, 268, 265, 267, 264, 266, 266, 266,
    264, 267, 265, 266, 266, 268, 270, 270, 269, 268, 265, 266, 269, 266,
    269, 266, 268, 266, 269, 265, 269, 266, 267, 268, 265, 265, 265, 269,
    267, 266, 267, 265, 268 ]
headPositionsY: [ 77, 77, 76, 75, 78, 78, 75, 76, 78, 75, 77, 77, 78, 75,
    78, 77, 74, 74, 78, 78, 74, 76, 77, 73, 78, 76, 77, 74, 73, 76, 75,
    77, 74, 77, 77, 76, 77, 77, 75, 76, 81, 86, 91, 96, 96, 94, 96, 92,
    88, 80, 79, 76, 76, 68, 70, 69, 70, 69, 70, 75, 81, 84, 84, 88, 83,
    80, 78, 79, 72, 73, 75, 70, 74, 75, 75, 74, 78, 80, 82, 79, 78, 77,
    80, 79, 77, 79, 80, 77, 78, 76, 77, 76, 75, 77, 79, 79, 79, 76, 78,
    79 ]
