%YAML:1.0
---
videoName: "headShake45.mp4"
gestureLabel: 201
fps: 30
pixelSizeInCmTemp: 3.3263888888888887e-01
faceCenterPointX: 262
faceCenterPointY: 84
headPositionsX: [ 261, 260, 264, 264, 262, 265, 261, 260, 262, 263, 264,
    262, 261, 262, 263, 264, 264, 264, 262, 264, 260, 264, 261, 263, 262,
    264, 260, 260, 263, 264, 261, 261, 261, 260, 264, 263, 261, 259, 260,
    258, 254, 259, 261, 267, 268, 275, 277, 284, 278, 276, 274, 266, 261,
    256, 252, 255, 256, 260, 270, 271, 273, 276, 274, 267, 263, 261, 258,
    255, 256, 260, 267, 270, 272, 273, 269, 268, 263, 258, 258, 258, 257,
    255, 261, 263, 263, 265, 261, 261, 259, 261, 259, 263, 260, 260, 261,
    262, 264, 261, 264, 261 ]
headPositionsY: [ 84, 83, 80, 80, 80, 83, 82, 80, 84, 84, 81, 81, 83, 84,
    83, 84, 82, 83, 80, 80, 80, 82, 82, 83, 83, 84, 84, 82, 80, 82, 84,
    81, 84, 83, 82, 83, 82, 82, 84, 84, 80, 83, 84, 81, 81, 83, 81, 80,
    81, 82, 84, 85, 84, 80, 85, 82, 82, 83, 81, 82, 79, 82, 79, 80, 85,
    81, 83, 82, 84, 82, 82, 81, 83, 83, 84, 81, 82, 82, 82, 80, 85, 83,
    85, 82, 84, 85, 82, 83, 84, 81, 82, 84, 82, 83, 83, 81, 84, 82, 82,
    81 ]
