%YAML:1.0
---
videoName: "headShake19.mp4"
gestureLabel: 201
fps: 29
pixelSizeInCmTemp: 3.1933333333333330e-01
faceCenterPointX: 243
faceCenterPointY: 78
headPositionsX: [ 241, 244, 241, 242, 242, 241, 244, 244, 241, 240, 245,
    244, 243, 244, 245, 243, 244, 244, 244, 241, 240, 242, 244, 241, 240,
    242, 243, 241, 243, 243, 241, 242, 244, 241, 241, 240, 240, 239, 235,
    235, 231, 232, 236, 241, 249, 252, 256, 255, 259, 256, 247, 247, 238,
    236, 234, 229, 232, 231, 239, 240, 246, 249, 250, 249, 246, 246, 239,
    239, 238, 238, 238, 237, 236, 241, 241, 241, 244, 245, 245, 245, 244,
    243, 240, 243, 242, 243, 242, 239, 240, 241, 239, 240, 240, 243, 242,
    244, 243, 242, 243, 245 ]
headPositionsY: [ 76, 75, 75, 76, 76, 77, 77, 75, 75, 76, 75, 76, 76, 79,
    77, 74, 77, 74, 78, 76, 78, 75, 75, 76, 78, 77, 79, 74, 77, 77, 75,
    79, 74, 75, 79, 77, 75, 77, 76, 79, 79, 77, 75, 77, 78, 75, 76, 76,
    74, 78, 75, 77, 76, 74, 74, 77, 76, 77, 78, 79, 75, 75, 77, 75, 78,
    79, 79, 76, 79, 76, 78, 79, 79, 76, 78, 77, 78, 79, 77, 79, 79, 77,
    76, 79, 77, 80, 79, 77, 76, 78, 78, 77, 76, 77, 78, 79, 80, 78, 79,
    80 ]
