%YAML:1.0
---
videoName: "headNod3.mp4"
gestureLabel: 202
fps: 29
pixelSizeInCmTemp: 3.1933333333333330e-01
faceCenterPointX: 264
faceCenterPointY: 76
headPositionsX: [ 266, 262, 262, 262, 263, 263, 265, 266, 263, 265, 268,
    267, 266, 266, 266, 267, 263, 265, 267, 264, 264, 265, 267, 263, 264,
    267, 263, 267, 264, 265, 267, 265, 268, 268, 263, 264, 266, 265, 266,
    266, 264, 263, 267, 263, 268, 267, 264, 266, 264, 267, 268, 266, 268,
    265, 262, 265, 265, 262, 265, 262, 262, 264, 265, 262, 265, 264, 265,
    267, 263, 266, 263, 266, 263, 266, 265, 261, 265, 262, 262, 264, 264,
    261, 264, 262, 262, 264, 262, 262, 266, 262, 264, 262, 265, 265, 263,
    266, 263, 263, 266, 263 ]
headPositionsY: [ 78, 76, 78, 76, 76, 77, 77, 78, 75, 72, 73, 75, 72, 72,
    74, 75, 72, 72, 75, 72, 73, 74, 70, 75, 73, 74, 75, 74, 75, 74, 75,
    73, 76, 76, 76, 77, 72, 74, 76, 76, 74, 76, 73, 71, 71, 67, 66, 66,
    65, 65, 66, 67, 72, 73, 76, 82, 85, 85, 81, 78, 74, 74, 71, 69, 69,
    67, 67, 73, 74, 80, 80, 81, 80, 80, 76, 76, 73, 71, 68, 67, 65, 67,
    68, 72, 75, 75, 77, 81, 78, 82, 77, 80, 75, 75, 78, 78, 75, 77, 73,
    76 ]
