%YAML:1.0
---
videoName: "headShake7.mp4"
gestureLabel: 201
fps: 29
pixelSizeInCmTemp: 3.3263888888888887e-01
faceCenterPointX: 244
faceCenterPointY: 72
headPositionsX: [ 245, 245, 242, 242, 242, 245, 241, 241, 240, 245, 243,
    246, 251, 254, 256, 256, 259, 259, 260, 254, 252, 245, 240, 234, 234,
    233, 237, 238, 244, 253, 258, 257, 260, 256, 253, 252, 243, 236, 233,
    228, 229, 227, 232, 237, 239, 247, 251, 253, 257, 257, 252, 249, 245,
    243, 238, 235, 229, 228, 230, 232, 240, 244, 248, 254, 254, 258, 260,
    257, 255, 250, 249, 243, 240, 236, 235, 234, 233, 234, 233, 238, 241,
    240, 241, 246, 245, 248, 249, 249, 248, 249, 248, 244, 246, 245, 242,
    242, 241, 241, 243, 241 ]
headPositionsY: [ 73, 70, 73, 70, 70, 72, 72, 71, 71, 70, 71, 70, 71, 71,
    72, 66, 67, 70, 71, 71, 72, 72, 72, 70, 71, 69, 71, 73, 71, 71, 69,
    70, 71, 69, 70, 70, 71, 69, 71, 69, 73, 72, 70, 71, 69, 70, 69, 71,
    71, 68, 68, 70, 73, 73, 73, 69, 73, 67, 68, 69, 72, 69, 70, 69, 70,
    71, 70, 68, 71, 69, 72, 70, 72, 69, 70, 69, 73, 68, 70, 70, 69, 73,
    70, 72, 72, 72, 71, 71, 69, 71, 74, 69, 70, 70, 73, 74, 71, 70, 73,
    72 ]
