%YAML:1.0
---
videoName: "headShake5.mp4"
gestureLabel: 201
fps: 30
pixelSizeInCmTemp: 3.3263888888888887e-01
faceCenterPointX: 275
faceCenterPointY: 73
headPositionsX: [ 276, 276, 280, 277, 278, 277, 281, 278, 277, 280, 278,
    280, 279, 276, 276, 278, 277, 275, 275, 278, 278, 279, 277, 277, 276,
    275, 279, 278, 277, 277, 278, 277, 277, 279, 281, 287, 291, 293, 294,
    298, 297, 295, 289, 285, 280, 274, 266, 265, 262, 265, 267, 275, 281,
    289, 292, 289, 288, 283, 280, 275, 270, 262, 260, 263, 267, 272, 273,
    281, 283, 282, 287, 281, 282, 277, 272, 271, 270, 269, 266, 268, 270,
    274, 275, 278, 278, 283, 282, 281, 283, 279, 280, 281, 279, 274, 274,
    274, 276, 274, 277, 277 ]
headPositionsY: [ 73, 72, 75, 73, 75, 73, 73, 71, 75, 75, 71, 73, 74, 73,
    75, 73, 72, 74, 73, 75, 75, 71, 72, 71, 74, 74, 74, 72, 72, 75, 74,
    72, 71, 74, 73, 74, 74, 72, 74, 72, 74, 72, 73, 72, 73, 76, 71, 74,
    75, 71, 74, 73, 76, 74, 72, 72, 75, 76, 76, 76, 76, 74, 75, 76, 75,
    72, 74, 76, 72, 76, 76, 75, 72, 76, 75, 71, 75, 70, 74, 74, 74, 73,
    70, 74, 75, 73, 74, 74, 74, 71, 70, 71, 74, 74, 73, 74, 71, 75, 74,
    73 ]
