%YAML:1.0
---
videoName: "headShake3.mp4"
gestureLabel: 201
fps: 30
pixelSizeInCmTemp: 3.3263888888888887e-01
faceCenterPointX: 240
faceCenterPointY: 101
headPositionsX: [ 239, 242, 243, 242, 243, 242, 244, 243, 241, 239, 239,
    239, 242, 242, 244, 241, 243, 241, 240, 240, 239, 239, 242, 240, 241,
    243, 243, 243, 239, 239, 238, 241, 241, 244, 245, 248, 254, 253, 256,
    258, 253, 251, 247, 240, 240, 232, 230, 231, 228, 229, 232, 237, 245,
    247, 251, 250, 248, 247, 242, 240, 232, 229, 224, 227, 222, 228, 231,
    235, 239, 245, 245, 244, 246, 247, 243, 243, 238, 239, 234, 235, 234,
    234, 232, 235, 234, 236, 235, 235, 238, 240, 242, 242, 241, 242, 240,
    240, 242, 242, 242, 238 ]
headPositionsY: [ 102, 101, 99, 98, 100, 96, 98, 98, 101, 97, 97, 100,
    98, 99, 100, 101, 99, 101, 97, 97, 99, 97, 101, 98, 98, 99, 99, 98,
    99, 97, 96, 100, 100, 97, 97, 98, 99, 94, 100, 98, 96, 99, 98, 100,
    99, 99, 99, 97, 98, 100, 100, 98, 97, 99, 99, 99, 100, 97, 101, 97,
    97, 97, 97, 100, 96, 98, 99, 101, 98, 98, 97, 101, 99, 101, 99, 101,
    99, 101, 101, 100, 100, 98, 101, 101, 99, 102, 99, 101, 102, 98, 100,
    98, 98, 100, 102, 103, 102, 101, 101, 101 ]
