%YAML:1.0
---
videoName: "headShake49.mp4"
gestureLabel: 201
fps: 30
pixelSizeInCmTemp: 2.8855421686746985e-01
faceCenterPointX: 259
faceCenterPointY: 84
headPositionsX: [ 257, 261, 262, 258, 263, 263, 261, 259, 259, 262, 262,
    261, 262, 259, 259, 261, 262, 263, 261, 261, 262, 261, 259, 262, 261,
    261, 263, 262, 263, 261, 262, 262, 265, 264, 268, 273, 276, 281, 281,
    285, 284, 277, 273, 265, 257, 253, 248, 249, 249, 255, 259, 269, 270,
    275, 272, 268, 264, 257, 249, 251, 247, 251, 255, 261, 266, 269, 269,
    266, 266, 261, 255, 251, 255, 257, 257, 261, 267, 267, 271, 269, 268,
    264, 263, 259, 257, 255, 257, 259, 260, 259, 259, 261, 257, 259, 258,
    257, 257, 260, 259, 259 ]
headPositionsY: [ 84, 82, 83, 80, 82, 82, 82, 82, 82, 78, 80, 82, 82, 79,
    78, 80, 83, 80, 82, 81, 81, 82, 81, 81, 82, 81, 78, 82, 83, 79, 84,
    83, 81, 81, 82, 79, 81, 81, 80, 80, 78, 81, 82, 82, 84, 84, 84, 86,
    82, 85, 86, 85, 83, 82, 86, 83, 85, 84, 86, 86, 82, 84, 85, 86, 84,
    86, 85, 82, 85, 84, 85, 85, 84, 83, 82, 86, 85, 82, 84, 85, 85, 83,
    83, 84, 82, 85, 85, 82, 82, 85, 87, 86, 84, 84, 85, 86, 86, 83, 83,
    86 ]
