%YAML:1.0
---
videoName: "headNod30.mp4"
gestureLabel: 202
fps: 29
pixelSizeInCmTemp: 3.2364864864864862e-01
faceCenterPointX: 271
faceCenterPointY: 72
headPositionsX: [ 269, 272, 273, 273, 271, 273, 270, 273, 274, 273, 272,
    272, 271, 274, 271, 272, 270, 273, 273, 274, 274, 273, 274, 271, 274,
    274, 272, 274, 272, 274, 274, 273, 269, 273, 272, 268, 273, 272, 268,
    271, 268, 271, 271, 268, 268, 268, 269, 268, 271, 269, 267, 269, 267,
    270, 269, 272, 272, 269, 272, 272, 271, 271, 270, 270, 269, 271, 272,
    273, 272, 272, 270, 270, 269, 274, 272, 269, 271, 272, 273, 274, 269,
    269, 269, 272, 273, 273, 271, 270, 270, 271, 272, 274, 270, 273, 273,
    270, 272, 271, 271, 270 ]
headPositionsY: [ 74, 75, 75, 77, 75, 75, 74, 78, 75, 74, 75, 73, 74, 74,
    75, 75, 78, 76, 76, 76, 75, 73, 72, 72, 68, 66, 69, 70, 67, 70, 75,
    77, 79, 81, 83, 81, 82, 77, 77, 72, 73, 70, 69, 73, 72, 75, 78, 79,
    80, 77, 77, 73, 73, 70, 70, 72, 71, 71, 75, 74, 73, 76, 75, 74, 75,
    72, 72, 70, 71, 68, 70, 72, 70, 73, 76, 72, 77, 77, 72, 71, 72, 70,
    68, 72, 72, 69, 70, 72, 74, 71, 76, 73, 76, 73, 74, 74, 73, 73, 74,
    74 ]
