%YAML:1.0
---
videoName: "headShake23.mp4"
gestureLabel: 201
fps: 29
pixelSizeInCmTemp: 3.2808219178082193e-01
faceCenterPointX: 240
faceCenterPointY: 77
headPositionsX: [ 239, 242, 244, 241, 243, 242, 240, 244, 243, 244, 243,
    239, 239, 240, 239, 240, 241, 238, 239, 241, 239, 243, 246, 247, 247,
    249, 253, 255, 255, 257, 253, 253, 252, 248, 250, 244, 240, 239, 234,
    231, 232, 229, 231, 231, 229, 230, 232, 233, 236, 237, 244, 246, 248,
    250, 250, 252, 250, 253, 250, 249, 248, 249, 246, 244, 244, 241, 241,
    237, 236, 237, 234, 234, 236, 232, 236, 234, 235, 235, 238, 238, 237,
    240, 241, 243, 242, 243, 245, 244, 245, 244, 247, 247, 247, 246, 245,
    246, 244, 244, 241, 240 ]
headPositionsY: [ 78, 74, 76, 77, 78, 76, 76, 77, 78, 75, 76, 75, 74, 79,
    75, 78, 74, 77, 78, 78, 76, 74, 75, 79, 75, 78, 75, 76, 76, 74, 77,
    76, 77, 77, 77, 77, 76, 77, 76, 77, 75, 78, 76, 74, 75, 77, 76, 80,
    77, 78, 79, 78, 78, 75, 77, 77, 77, 76, 78, 74, 76, 80, 78, 78, 79,
    81, 77, 77, 79, 76, 77, 80, 79, 76, 78, 76, 77, 78, 78, 76, 78, 80,
    77, 79, 75, 76, 76, 79, 75, 75, 78, 76, 76, 75, 77, 76, 76, 77, 79,
    79 ]
