%YAML:1.0
---
videoName: "headLookLeft0.mp4"
gestureLabel: 203
fps: 29
pixelSizeInCmTemp: 3.6287878787878786e-01
faceCenterPointX: 286
faceCenterPointY: 69
headPositionsX: [ 286, 255, 254, 254, 254, 256, 254, 254, 255, 252, 255,
    252, 252, 255, 252, 256, 254, 254, 252, 254, 256, 255, 256, 257, 256,
    255, 254, 257, 255, 256, 256, 256, 257, 254, 254, 256, 257, 257, 255,
    254, 253, 258, 257, 254, 255, 256, 254, 255, 257, 257, 254, 255, 255,
    255, 256, 257, 257, 253, 256, 253, 253, 255, 255, 255, 255, 257, 256,
    253, 254, 254, 256, 256, 255, 253, 257, 253, 254, 256, 257, 261, 262,
    265, 264, 269, 269, 271, 274, 275, 284, 276, 282, 275, 281, 282, 287,
    287, 284, 284, 285, 288 ]
headPositionsY: [ 67, 70, 66, 67, 66, 67, 69, 70, 71, 67, 70, 67, 72, 70,
    71, 70, 70, 71, 70, 69, 68, 69, 71, 69, 70, 72, 69, 72, 69, 71, 71,
    73, 71, 68, 73, 69, 72, 73, 71, 72, 72, 69, 70, 70, 72, 70, 70, 72,
    71, 69, 73, 72, 70, 71, 71, 71, 72, 70, 72, 69, 70, 72, 71, 71, 72,
    71, 72, 71, 69, 70, 69, 71, 70, 70, 70, 73, 70, 73, 74, 71, 69, 72,
    69, 69, 69, 71, 67, 67, 70, 67, 67, 66, 68, 67, 71, 71, 69, 68, 68,
    71 ]
