%YAML:1.0
---
videoName: "headShake2.mp4"
gestureLabel: 201
fps: 29
pixelSizeInCmTemp: 3.4214285714285714e-01
faceCenterPointX: 276
faceCenterPointY: 98
headPositionsX: [ 274, 279, 275, 275, 278, 275, 279, 279, 275, 276, 277,
    278, 278, 279, 277, 278, 279, 277, 277, 278, 275, 276, 278, 276, 277,
    277, 279, 276, 279, 278, 278, 278, 275, 277, 279, 277, 278, 279, 277,
    279, 279, 280, 281, 282, 285, 290, 295, 295, 294, 294, 291, 290, 283,
    277, 271, 266, 265, 263, 265, 267, 272, 276, 285, 289, 290, 291, 291,
    288, 282, 281, 277, 272, 266, 269, 267, 273, 273, 277, 281, 285, 289,
    287, 284, 285, 281, 279, 276, 275, 275, 276, 277, 273, 275, 274, 275,
    273, 277, 273, 277, 277 ]
headPositionsY: [ 98, 98, 97, 97, 98, 98, 99, 98, 98, 99, 100, 96, 101,
    97, 97, 97, 100, 101, 100, 100, 97, 101, 97, 99, 99, 96, 97, 96, 99,
    98, 99, 99, 96, 98, 101, 100, 99, 99, 99, 100, 98, 98, 97, 97, 97,
    98, 95, 98, 96, 97, 94, 96, 100, 96, 97, 98, 100, 97, 99, 96, 96, 96,
    95, 97, 98, 95, 97, 96, 97, 97, 97, 98, 98, 97, 99, 100, 100, 99,
    100, 97, 99, 99, 99, 99, 102, 101, 100, 98, 101, 100, 98, 98, 97, 99,
    100, 97, 96, 98, 100, 98 ]
