%YAML:1.0
---
videoName: "headNod6.mp4"
gestureLabel: 202
fps: 29
pixelSizeInCmTemp: 3.1513157894736843e-01
faceCenterPointX: 262
faceCenterPointY: 73
headPositionsX: [ 261, 260, 261, 262, 261, 264, 263, 263, 265, 263, 263,
    263, 261, 261, 261, 261, 265, 262, 265, 264, 264, 261, 264, 264, 264,
    262, 260, 263, 265, 261, 263, 264, 262, 261, 264, 265, 261, 264, 265,
    263, 262, 264, 259, 264, 264, 261, 258, 260, 259, 263, 259, 261, 260,
    263, 263, 263, 263, 261, 259, 259, 260, 261, 259, 262, 261, 262, 261,
    260, 261, 258, 259, 260, 260, 260, 259, 260, 261, 258, 263, 259, 261,
    264, 261, 261, 262, 260, 262, 262, 264, 262, 263, 263, 263, 261, 262,
    260, 263, 260, 259, 261 ]
headPositionsY: [ 74, 75, 74, 75, 73, 72, 73, 72, 72, 76, 71, 72, 73, 74,
    75, 72, 76, 72, 76, 73, 75, 74, 74, 73, 73, 72, 74, 73, 72, 75, 74,
    74, 73, 70, 65, 68, 66, 66, 65, 67, 70, 75, 81, 84, 84, 81, 79, 75,
    69, 69, 67, 68, 71, 74, 79, 85, 85, 82, 76, 72, 72, 68, 66, 68, 71,
    76, 77, 83, 84, 81, 81, 73, 73, 66, 67, 68, 67, 67, 71, 76, 79, 81,
    84, 84, 79, 77, 75, 75, 72, 72, 72, 67, 72, 72, 74, 70, 71, 74, 72,
    71 ]
