%YAML:1.0
---
videoName: "headLookDown8.mp4"
gestureLabel: 206
fps: 29
pixelSizeInCmTemp: 3.3732394366197183e-01
faceCenterPointX: 276
faceCenterPointY: 96
headPositionsX: [ 274, 272, 274, 273, 275, 274, 277, 272, 275, 276, 275,
    275, 276, 274, 274, 277, 276, 276, 275, 274, 276, 275, 278, 273, 274,
    277, 273, 276, 277, 272, 274, 275, 275, 277, 276, 276, 275, 271, 276,
    275, 275, 277, 273, 276, 277, 276, 275, 274, 273, 276, 279, 276, 278,
    274, 275, 276, 275, 274, 276, 277, 276, 276, 275, 277, 277, 274, 276,
    277, 273, 277, 276, 275, 277, 277, 273, 276, 275, 278, 277, 278, 278,
    276, 278, 275, 277, 276, 278, 276, 276, 278, 274, 276, 276, 278, 274,
    277, 278, 276, 274, 277 ]
headPositionsY: [ 95, 77, 81, 80, 81, 79, 78, 81, 82, 79, 78, 81, 78, 80,
    82, 79, 81, 78, 80, 81, 77, 80, 80, 77, 79, 80, 80, 82, 82, 81, 80,
    79, 83, 82, 83, 83, 86, 86, 85, 88, 89, 88, 92, 90, 91, 94, 91, 91,
    96, 94, 97, 99, 100, 97, 97, 97, 99, 100, 96, 97, 99, 96, 100, 97,
    97, 96, 99, 96, 98, 100, 99, 99, 96, 99, 95, 95, 99, 95, 99, 97, 97,
    95, 98, 98, 94, 99, 97, 94, 95, 96, 98, 96, 96, 98, 96, 95, 98, 96,
    95, 96 ]
