%YAML:1.0
---
videoName: "headShake35.mp4"
gestureLabel: 201
fps: 29
pixelSizeInCmTemp: 3.2364864864864862e-01
faceCenterPointX: 267
faceCenterPointY: 82
headPositionsX: [ 266, 266, 266, 267, 265, 265, 266, 266, 270, 268, 268,
    270, 269, 270, 269, 270, 267, 268, 271, 269, 269, 266, 266, 266, 269,
    269, 268, 269, 269, 269, 267, 269, 267, 268, 266, 267, 268, 266, 266,
    267, 267, 265, 268, 266, 266, 269, 267, 267, 269, 267, 267, 266, 270,
    266, 267, 268, 267, 265, 268, 269, 266, 268, 266, 273, 275, 274, 278,
    278, 280, 278, 278, 273, 266, 262, 259, 258, 258, 264, 264, 268, 274,
    277, 272, 272, 270, 269, 265, 260, 263, 262, 261, 263, 267, 268, 266,
    266, 266, 270, 269, 270 ]
headPositionsY: [ 82, 77, 78, 78, 81, 82, 79, 78, 82, 78, 82, 81, 82, 82,
    79, 81, 79, 81, 82, 78, 82, 80, 81, 82, 81, 82, 81, 79, 81, 82, 81,
    78, 82, 78, 82, 80, 81, 82, 81, 78, 80, 80, 79, 81, 80, 80, 83, 80,
    82, 81, 81, 80, 82, 81, 82, 83, 82, 80, 82, 79, 79, 83, 78, 82, 82,
    79, 82, 78, 80, 82, 83, 83, 80, 82, 79, 82, 84, 80, 80, 81, 83, 81,
    81, 82, 80, 84, 80, 83, 79, 80, 79, 83, 82, 81, 81, 83, 79, 81, 83,
    84 ]
