%YAML:1.0
---
videoName: "headNod38.mp4"
gestureLabel: 202
fps: 29
pixelSizeInCmTemp: 2.9937500000000000e-01
faceCenterPointX: 267
faceCenterPointY: 73
headPositionsX: [ 268, 266, 266, 264, 265, 268, 268, 265, 264, 265, 264,
    265, 268, 269, 269, 269, 264, 264, 265, 266, 266, 268, 266, 265, 268,
    266, 268, 265, 265, 265, 265, 267, 267, 265, 267, 263, 267, 265, 268,
    263, 266, 265, 265, 266, 264, 269, 267, 268, 266, 268, 266, 266, 266,
    267, 269, 267, 267, 266, 270, 269, 270, 267, 269, 269, 268, 269, 270,
    269, 269, 268, 267, 268, 269, 270, 268, 267, 269, 268, 270, 268, 267,
    267, 266, 268, 266, 270, 268, 268, 269, 269, 268, 267, 266, 270, 269,
    268, 266, 265, 266, 268 ]
headPositionsY: [ 75, 75, 75, 77, 77, 82, 85, 86, 85, 81, 82, 79, 75, 75,
    76, 82, 85, 83, 87, 84, 84, 81, 74, 77, 77, 80, 82, 86, 87, 89, 90,
    87, 83, 80, 75, 75, 76, 74, 78, 78, 84, 86, 88, 91, 85, 85, 80, 77,
    74, 71, 73, 69, 73, 73, 80, 81, 83, 87, 85, 85, 81, 79, 75, 73, 72,
    75, 71, 75, 73, 78, 76, 83, 83, 86, 86, 82, 85, 81, 80, 77, 76, 71,
    72, 74, 70, 71, 70, 71, 71, 72, 71, 71, 71, 73, 71, 75, 72, 75, 71,
    75 ]
