%YAML:1.0
---
videoName: "headNod13.mp4"
gestureLabel: 202
fps: 29
pixelSizeInCmTemp: 3.2364864864864862e-01
faceCenterPointX: 253
faceCenterPointY: 79
headPositionsX: [ 253, 253, 250, 251, 254, 250, 253, 254, 254, 256, 256,
    252, 254, 255, 255, 252, 255, 255, 255, 255, 253, 253, 253, 253, 256,
    256, 256, 254, 254, 255, 255, 252, 256, 255, 255, 252, 251, 255, 251,
    254, 251, 252, 251, 253, 255, 251, 253, 251, 254, 251, 252, 253, 252,
    253, 256, 254, 253, 252, 252, 255, 252, 256, 255, 252, 255, 251, 253,
    254, 254, 253, 252, 252, 253, 253, 253, 255, 253, 253, 255, 254, 252,
    254, 257, 256, 253, 255, 255, 256, 255, 257, 253, 256, 255, 254, 251,
    252, 254, 254, 252, 254 ]
headPositionsY: [ 77, 73, 71, 75, 74, 72, 74, 72, 71, 72, 75, 74, 73, 73,
    76, 71, 72, 74, 73, 76, 76, 76, 75, 76, 76, 72, 74, 74, 75, 74, 73,
    75, 72, 72, 72, 75, 74, 72, 74, 75, 75, 73, 75, 74, 76, 75, 76, 76,
    72, 70, 70, 71, 68, 68, 69, 69, 70, 73, 77, 75, 78, 77, 79, 75, 72,
    69, 72, 69, 70, 69, 71, 71, 74, 77, 80, 79, 78, 77, 75, 77, 73, 72,
    73, 70, 74, 75, 78, 78, 80, 79, 80, 78, 82, 82, 80, 78, 77, 79, 81,
    77 ]
