%YAML:1.0
---
videoName: "headShake6.mp4"
gestureLabel: 201
fps: 29
pixelSizeInCmTemp: 3.2808219178082193e-01
faceCenterPointX: 244
faceCenterPointY: 68
headPositionsX: [ 245, 243, 246, 247, 247, 247, 246, 247, 244, 243, 247,
    247, 245, 244, 245, 243, 244, 244, 242, 246, 246, 245, 243, 243, 243,
    246, 246, 246, 248, 254, 258, 260, 260, 263, 265, 261, 259, 254, 246,
    243, 234, 231, 229, 230, 234, 237, 242, 248, 254, 256, 258, 258, 256,
    256, 249, 243, 236, 233, 232, 231, 231, 232, 237, 242, 248, 249, 250,
    252, 251, 249, 248, 242, 241, 238, 236, 240, 237, 238, 240, 242, 240,
    242, 245, 244, 243, 245, 247, 245, 242, 245, 241, 244, 246, 246, 244,
    245, 242, 246, 245, 243 ]
headPositionsY: [ 69, 69, 68, 68, 67, 66, 68, 64, 69, 67, 66, 67, 64, 65,
    67, 64, 64, 66, 66, 68, 68, 64, 66, 66, 68, 67, 67, 66, 69, 67, 65,
    65, 67, 66, 66, 67, 68, 66, 66, 69, 70, 69, 67, 65, 67, 70, 70, 70,
    69, 66, 65, 69, 67, 70, 69, 70, 67, 66, 69, 65, 70, 69, 68, 66, 66,
    68, 68, 66, 69, 69, 66, 66, 66, 69, 66, 70, 69, 66, 70, 69, 66, 66,
    70, 67, 67, 67, 69, 66, 66, 68, 68, 71, 66, 67, 67, 68, 67, 68, 70,
    66 ]
