%YAML:1.0
---
videoName: "headNod21.mp4"
gestureLabel: 202
fps: 29
pixelSizeInCmTemp: 3.2808219178082193e-01
faceCenterPointX: 253
faceCenterPointY: 78
headPositionsX: [ 253, 256, 255, 254, 257, 256, 254, 254, 255, 255, 255,
    254, 254, 256, 256, 253, 255, 255, 256, 255, 255, 254, 256, 256, 254,
    254, 253, 252, 255, 253, 257, 258, 254, 256, 255, 254, 253, 256, 254,
    255, 255, 255, 254, 255, 257, 253, 255, 254, 257, 256, 253, 256, 257,
    252, 256, 255, 255, 252, 253, 252, 253, 255, 253, 254, 253, 252, 251,
    251, 254, 250, 252, 252, 253, 250, 250, 249, 247, 252, 251, 249, 251,
    253, 251, 253, 252, 252, 254, 253, 253, 251, 253, 253, 253, 255, 255,
    252, 254, 256, 254, 256 ]
headPositionsY: [ 79, 77, 79, 81, 79, 80, 76, 78, 77, 79, 80, 79, 79, 79,
    77, 78, 79, 79, 79, 81, 78, 80, 78, 79, 82, 81, 82, 81, 80, 79, 84,
    81, 80, 79, 76, 78, 76, 77, 75, 80, 81, 82, 82, 85, 83, 82, 76, 77,
    75, 77, 78, 80, 84, 83, 83, 79, 81, 77, 78, 75, 78, 79, 83, 83, 84,
    82, 81, 79, 77, 77, 78, 79, 80, 78, 84, 82, 82, 82, 78, 77, 75, 79,
    77, 79, 77, 81, 81, 77, 80, 78, 80, 77, 77, 78, 80, 79, 76, 80, 80,
    77 ]
