%YAML:1.0
---
videoName: "headShake2.mp4"
gestureLabel: 201
fps: 29
pixelSizeInCmTemp: 3.4214285714285714e-01
faceCenterPointX: 276
faceCenterPointY: 98
headPositionsX: [ 275, 277, 277, 279, 280, 278, 279, 279, 279, 277, 277,
    275, 278, 275, 279, 277, 277, 279, 280, 275, 279, 279, 277, 275, 277,
    278, 277, 277, 279, 277, 278, 278, 276, 277, 279, 279, 275, 278, 280,
    278, 278, 278, 278, 282, 285, 291, 293, 293, 293, 292, 293, 289, 281,
    276, 272, 269, 264, 263, 264, 268, 272, 277, 281, 286, 292, 288, 291,
    286, 282, 282, 276, 273, 270, 266, 269, 273, 277, 277, 283, 286, 289,
    284, 285, 283, 281, 279, 277, 276, 277, 274, 277, 275, 278, 273, 274,
    276, 273, 275, 277, 276 ]
headPositionsY: [ 100, 97, 99, 100, 96, 97, 96, 96, 97, 99, 96, 97, 100,
    100, 100, 100, 98, 100, 101, 96, 98, 100, 98, 96, 99, 97, 101, 100,
    102, 99, 98, 98, 96, 97, 101, 98, 97, 101, 100, 100, 99, 99, 100, 99,
    98, 99, 96, 99, 98, 97, 98, 95, 96, 100, 98, 95, 97, 97, 98, 96, 98,
    98, 95, 98, 96, 97, 98, 99, 95, 99, 99, 99, 99, 100, 97, 97, 98, 99,
    100, 96, 99, 98, 97, 101, 100, 99, 101, 99, 100, 97, 100, 100, 99,
    101, 97, 100, 96, 100, 98, 100 ]
