%YAML:1.0
---
videoName: "headNod14.mp4"
gestureLabel: 202
fps: 29
pixelSizeInCmTemp: 3.2808219178082193e-01
faceCenterPointX: 257
faceCenterPointY: 71
headPositionsX: [ 255, 258, 260, 258, 260, 258, 260, 257, 256, 257, 260,
    259, 257, 256, 260, 257, 256, 257, 257, 260, 257, 259, 260, 259, 260,
    257, 258, 256, 258, 257, 261, 257, 259, 259, 257, 259, 260, 257, 259,
    257, 259, 260, 258, 258, 260, 260, 261, 262, 261, 258, 258, 260, 260,
    256, 258, 256, 257, 258, 257, 256, 258, 256, 258, 257, 261, 260, 261,
    260, 260, 260, 257, 259, 256, 255, 258, 258, 257, 257, 255, 259, 259,
    259, 256, 258, 257, 255, 258, 258, 260, 256, 257, 258, 257, 256, 255,
    258, 257, 256, 255, 258 ]
headPositionsY: [ 69, 76, 77, 79, 76, 78, 78, 77, 75, 78, 76, 78, 77, 76,
    75, 77, 75, 79, 76, 76, 76, 79, 79, 78, 78, 76, 77, 77, 79, 77, 76,
    76, 78, 79, 75, 79, 76, 77, 79, 77, 73, 73, 72, 68, 67, 68, 70, 71,
    70, 72, 77, 79, 81, 80, 80, 81, 81, 78, 79, 73, 75, 72, 67, 70, 71,
    69, 76, 76, 80, 81, 79, 81, 78, 78, 74, 72, 68, 70, 70, 72, 71, 71,
    75, 76, 81, 80, 80, 78, 75, 75, 72, 69, 68, 71, 72, 68, 73, 70, 73,
    71 ]
