%YAML:1.0
---
videoName: "headNod48.mp4"
gestureLabel: 202
fps: 29
pixelSizeInCmTemp: 2.8855421686746985e-01
faceCenterPointX: 264
faceCenterPointY: 72
headPositionsX: [ 263, 263, 264, 267, 265, 264, 267, 267, 267, 264, 265,
    264, 263, 264, 262, 261, 263, 259, 262, 260, 259, 261, 262, 260, 262,
    259, 261, 262, 264, 262, 263, 264, 262, 262, 262, 262, 263, 260, 261,
    261, 262, 262, 261, 264, 260, 259, 260, 262, 261, 262, 261, 261, 261,
    258, 260, 263, 263, 260, 264, 263, 263, 261, 264, 266, 261, 261, 262,
    264, 263, 263, 264, 265, 263, 264, 263, 266, 264, 264, 265, 264, 267,
    265, 263, 266, 265, 263, 265, 266, 267, 264, 266, 267, 264, 268, 268,
    264, 264, 265, 267, 264 ]
headPositionsY: [ 71, 75, 79, 78, 80, 77, 75, 69, 69, 63, 62, 60, 62, 63,
    65, 72, 76, 81, 82, 89, 87, 86, 83, 81, 76, 75, 70, 67, 65, 64, 65,
    68, 65, 63, 67, 73, 72, 75, 80, 81, 81, 81, 82, 80, 75, 73, 71, 75,
    73, 70, 73, 72, 76, 76, 78, 77, 78, 76, 73, 70, 70, 68, 73, 74, 70,
    75, 77, 76, 77, 77, 75, 73, 71, 70, 73, 71, 68, 68, 70, 73, 73, 77,
    75, 72, 73, 75, 73, 69, 74, 71, 72, 71, 75, 76, 72, 70, 73, 73, 73,
    71 ]
