%YAML:1.0
---
videoName: "headShake1.mp4"
gestureLabel: 201
fps: 29
pixelSizeInCmTemp: 3.3263888888888887e-01
faceCenterPointX: 279
faceCenterPointY: 98
headPositionsX: [ 279, 281, 279, 280, 276, 281, 278, 277, 280, 281, 279,
    277, 278, 279, 278, 282, 277, 277, 279, 278, 281, 277, 279, 279, 277,
    280, 280, 282, 282, 282, 283, 289, 288, 291, 294, 293, 292, 288, 287,
    281, 281, 272, 273, 272, 269, 270, 271, 277, 279, 283, 288, 291, 293,
    291, 290, 287, 282, 278, 272, 271, 269, 268, 266, 267, 275, 277, 285,
    288, 292, 291, 292, 290, 288, 287, 286, 280, 277, 276, 273, 270, 267,
    271, 270, 274, 272, 273, 276, 276, 275, 277, 280, 280, 278, 279, 281,
    281, 280, 278, 279, 281 ]
headPositionsY: [ 98, 95, 98, 97, 97, 96, 96, 97, 96, 99, 98, 95, 97, 97,
    94, 97, 95, 95, 99, 96, 99, 99, 99, 98, 96, 96, 95, 95, 95, 96, 99,
    95, 96, 94, 95, 95, 96, 94, 94, 97, 96, 99, 95, 95, 95, 99, 96, 99,
    96, 93, 97, 94, 96, 95, 97, 98, 98, 96, 99, 96, 96, 97, 96, 95, 95,
    97, 95, 96, 95, 95, 96, 96, 98, 96, 99, 97, 97, 99, 98, 97, 95, 94,
    96, 98, 96, 100, 97, 96, 97, 95, 96, 98, 98, 96, 100, 99, 100, 100,
    99, 99 ]
