%YAML:1.0
---
videoName: "headShake17.mp4"
gestureLabel: 201
fps: 29
pixelSizeInCmTemp: 3.3263888888888887e-01
faceCenterPointX: 242
faceCenterPointY: 76
headPositionsX: [ 240, 238, 239, 236, 235, 241, 238, 241, 246, 245, 250,
    254, 260, 260, 256, 259, 256, 250, 247, 239, 234, 235, 229, 229, 226,
    225, 227, 234, 234, 239, 242, 248, 252, 252, 255, 252, 251, 253, 249,
    248, 241, 241, 235, 235, 230, 232, 229, 231, 234, 235, 236, 241, 244,
    242, 243, 244, 243, 244, 244, 241, 240, 241, 240, 242, 238, 238, 241,
    241, 241, 238, 238, 239, 240, 242, 240, 242, 239, 241, 243, 242, 240,
    240, 241, 242, 243, 241, 243, 240, 240, 241, 240, 242, 242, 243, 240,
    243, 240, 242, 243, 240 ]
headPositionsY: [ 75, 76, 75, 78, 74, 74, 77, 74, 75, 77, 73, 76, 76, 75,
    77, 74, 74, 77, 76, 79, 75, 79, 77, 76, 78, 76, 78, 75, 76, 77, 76,
    76, 74, 77, 72, 73, 75, 75, 77, 77, 79, 76, 78, 79, 75, 76, 75, 77,
    76, 79, 75, 79, 75, 78, 76, 78, 77, 79, 78, 78, 77, 75, 76, 74, 74,
    75, 78, 74, 76, 79, 75, 74, 74, 74, 78, 76, 78, 73, 79, 76, 75, 77,
    76, 76, 76, 76, 79, 74, 76, 76, 76, 76, 76, 77, 76, 78, 78, 78, 76,
    76 ]
