%YAML:1.0
---
videoName: "headLookLeft8.mp4"
gestureLabel: 203
fps: 29
pixelSizeInCmTemp: 3.6287878787878786e-01
faceCenterPointX: 273
faceCenterPointY: 69
headPositionsX: [ 275, 243, 244, 242, 240, 239, 239, 243, 242, 241, 239,
    240, 244, 241, 242, 244, 246, 248, 248, 249, 245, 247, 246, 249, 246,
    248, 247, 247, 244, 248, 244, 246, 248, 248, 246, 244, 244, 247, 244,
    248, 245, 247, 247, 247, 244, 246, 246, 248, 248, 245, 247, 247, 247,
    246, 248, 249, 256, 258, 259, 259, 263, 267, 269, 272, 269, 273, 273,
    280, 282, 276, 275, 275, 277, 276, 279, 278, 275, 272, 275, 277, 279,
    280, 278, 269, 270, 277, 280, 276, 275, 275, 274, 275, 274, 274, 278,
    272, 277, 275, 275, 271 ]
headPositionsY: [ 67, 68, 65, 69, 69, 69, 65, 65, 66, 68, 67, 65, 68, 66,
    70, 69, 66, 67, 68, 70, 68, 69, 68, 69, 71, 70, 70, 70, 73, 70, 73,
    73, 70, 73, 72, 70, 73, 74, 74, 73, 69, 72, 73, 70, 72, 73, 71, 72,
    74, 71, 75, 75, 74, 74, 73, 71, 73, 68, 72, 71, 71, 69, 70, 71, 69,
    70, 68, 73, 73, 67, 71, 68, 70, 68, 69, 67, 67, 68, 69, 68, 70, 72,
    72, 69, 67, 70, 71, 70, 68, 67, 69, 69, 67, 68, 70, 70, 71, 71, 68,
    70 ]
