%YAML:1.0
---
videoName: "headNod48.mp4"
gestureLabel: 202
fps: 29
pixelSizeInCmTemp: 2.8855421686746985e-01
faceCenterPointX: 264
faceCenterPointY: 72
headPositionsX: [ 264, 263, 267, 267, 262, 264, 265, 264, 266, 264, 263,
    263, 265, 262, 265, 263, 262, 259, 264, 262, 260, 262, 262, 261, 258,
    258, 260, 263, 260, 262, 259, 264, 262, 262, 261, 263, 264, 262, 265,
    262, 264, 262, 264, 263, 261, 260, 259, 259, 262, 260, 261, 261, 259,
    262, 261, 260, 261, 264, 262, 260, 262, 262, 264, 266, 263, 262, 263,
    262, 266, 264, 265, 262, 263, 263, 263, 265, 266, 264, 263, 263, 264,
    264, 263, 264, 267, 266, 267, 267, 263, 263, 268, 267, 265, 267, 268,
    264, 268, 267, 266, 267 ]
headPositionsY: [ 71, 76, 75, 76, 80, 74, 73, 73, 67, 67, 65, 60, 60, 64,
    68, 68, 77, 80, 85, 90, 88, 86, 83, 81, 80, 75, 71, 67, 65, 66, 62,
    66, 64, 63, 66, 73, 72, 79, 80, 80, 84, 82, 82, 79, 78, 74, 75, 75,
    74, 69, 73, 72, 77, 78, 80, 79, 75, 74, 76, 72, 71, 70, 70, 74, 71,
    76, 77, 79, 78, 74, 78, 72, 72, 72, 70, 69, 70, 68, 69, 73, 76, 75,
    75, 75, 76, 75, 71, 71, 74, 72, 74, 73, 74, 75, 74, 74, 74, 73, 72,
    74 ]
