%YAML:1.0
---
videoName: "headShake25.mp4"
gestureLabel: 201
fps: 30
pixelSizeInCmTemp: 3.2364864864864862e-01
faceCenterPointX: 241
faceCenterPointY: 79
headPositionsX: [ 243, 253, 256, 252, 251, 249, 247, 249, 244, 244, 240,
    238, 235, 232, 231, 230, 232, 227, 229, 228, 230, 231, 234, 238, 238,
    239, 243, 247, 250, 251, 249, 250, 247, 247, 249, 247, 245, 242, 236,
    236, 232, 234, 233, 230, 232, 231, 230, 231, 232, 236, 241, 239, 243,
    244, 246, 250, 249, 248, 249, 253, 250, 251, 246, 245, 246, 243, 240,
    236, 235, 239, 236, 237, 234, 235, 237, 236, 235, 234, 234, 236, 237,
    241, 239, 243, 239, 240, 244, 245, 243, 244, 243, 244, 242, 240, 241,
    239, 240, 241, 241, 241 ]
headPositionsY: [ 80, 76, 76, 78, 77, 77, 75, 78, 76, 75, 78, 76, 80, 79,
    76, 79, 79, 79, 76, 78, 78, 80, 80, 80, 78, 76, 80, 78, 80, 80, 76,
    78, 79, 78, 78, 78, 78, 76, 77, 77, 78, 76, 77, 80, 78, 76, 79, 80,
    77, 81, 81, 80, 79, 77, 80, 77, 78, 78, 78, 77, 77, 79, 77, 78, 78,
    76, 81, 79, 77, 81, 80, 78, 80, 79, 78, 80, 77, 78, 79, 80, 77, 78,
    78, 76, 79, 79, 79, 80, 81, 77, 80, 80, 79, 76, 80, 80, 79, 79, 79,
    80 ]
