%YAML:1.0
---
videoName: "headShake15.mp4"
gestureLabel: 201
fps: 29
pixelSizeInCmTemp: 3.3263888888888887e-01
faceCenterPointX: 243
faceCenterPointY: 76
headPositionsX: [ 241, 246, 242, 244, 243, 245, 242, 245, 242, 243, 242,
    244, 243, 246, 243, 242, 241, 243, 242, 244, 241, 241, 245, 242, 243,
    242, 244, 244, 242, 240, 242, 245, 241, 243, 242, 241, 241, 245, 240,
    244, 241, 244, 243, 244, 244, 243, 242, 240, 245, 241, 242, 245, 240,
    241, 241, 240, 242, 243, 241, 240, 240, 245, 246, 249, 249, 255, 253,
    259, 258, 257, 258, 255, 248, 249, 244, 237, 240, 238, 238, 237, 238,
    245, 244, 247, 247, 248, 245, 243, 246, 245, 241, 243, 242, 243, 242,
    240, 245, 244, 240, 242 ]
headPositionsY: [ 74, 73, 76, 76, 75, 73, 74, 74, 76, 75, 74, 76, 74, 76,
    73, 73, 76, 76, 75, 74, 75, 74, 78, 76, 72, 76, 76, 76, 76, 73, 73,
    73, 73, 73, 74, 73, 77, 74, 74, 74, 73, 76, 76, 76, 77, 77, 78, 77,
    77, 77, 75, 74, 78, 77, 77, 74, 74, 74, 77, 74, 76, 75, 79, 78, 75,
    72, 71, 74, 74, 73, 77, 77, 78, 77, 77, 75, 76, 77, 75, 76, 78, 79,
    77, 78, 75, 77, 80, 76, 75, 77, 76, 76, 74, 79, 78, 78, 76, 78, 76,
    77 ]
