%YAML:1.0
---
videoName: "headLookDown5.mp4"
gestureLabel: 206
fps: 29
pixelSizeInCmTemp: 3.4710144927536229e-01
faceCenterPointX: 272
faceCenterPointY: 102
headPositionsX: [ 272, 270, 272, 272, 269, 269, 270, 271, 270, 273, 271,
    270, 272, 271, 273, 271, 270, 269, 269, 272, 274, 274, 271, 269, 273,
    272, 269, 270, 270, 273, 273, 269, 272, 272, 271, 272, 274, 273, 274,
    273, 273, 272, 272, 272, 271, 269, 270, 270, 274, 271, 274, 270, 272,
    273, 274, 274, 271, 272, 273, 273, 269, 269, 272, 273, 272, 269, 269,
    274, 273, 274, 271, 273, 272, 271, 270, 270, 269, 271, 272, 272, 269,
    274, 270, 271, 273, 273, 273, 270, 270, 274, 274, 272, 271, 274, 270,
    272, 275, 271, 275, 271 ]
headPositionsY: [ 100, 84, 83, 86, 84, 83, 84, 84, 85, 83, 82, 86, 83,
    85, 85, 83, 84, 83, 83, 84, 82, 84, 84, 85, 86, 85, 82, 84, 85, 85,
    84, 81, 82, 82, 81, 84, 82, 82, 84, 84, 83, 85, 83, 85, 84, 84, 84,
    87, 87, 90, 91, 91, 89, 91, 92, 95, 97, 94, 96, 100, 101, 98, 98,
    102, 99, 100, 99, 104, 100, 103, 103, 104, 104, 101, 101, 104, 101,
    100, 105, 103, 104, 102, 102, 101, 101, 103, 101, 103, 104, 104, 104,
    103, 103, 104, 99, 104, 104, 104, 102, 104 ]
