%YAML:1.0
---
videoName: "headLookLeft1.mp4"
gestureLabel: 203
fps: 30
pixelSizeInCmTemp: 3.6287878787878786e-01
faceCenterPointX: 276
faceCenterPointY: 73
headPositionsX: [ 275, 259, 258, 254, 258, 258, 257, 255, 257, 256, 255,
    254, 254, 254, 256, 257, 256, 256, 256, 254, 259, 258, 259, 257, 258,
    258, 258, 257, 259, 258, 256, 257, 255, 254, 258, 255, 255, 257, 257,
    254, 257, 258, 256, 254, 257, 254, 254, 256, 256, 257, 255, 256, 255,
    254, 253, 254, 255, 256, 259, 259, 261, 264, 265, 266, 267, 272, 272,
    273, 272, 276, 276, 275, 275, 271, 273, 279, 280, 278, 277, 277, 282,
    278, 280, 277, 277, 280, 275, 278, 278, 277, 280, 277, 280, 278, 274,
    278, 278, 274, 276, 274 ]
headPositionsY: [ 75, 75, 75, 75, 77, 77, 76, 77, 77, 74, 75, 73, 77, 78,
    74, 77, 77, 76, 75, 79, 75, 76, 76, 75, 76, 78, 78, 76, 76, 80, 80,
    80, 77, 80, 79, 79, 77, 78, 78, 76, 79, 80, 77, 78, 76, 78, 78, 78,
    76, 78, 77, 76, 76, 76, 80, 77, 78, 77, 80, 78, 78, 78, 77, 80, 75,
    78, 75, 78, 76, 81, 74, 73, 76, 74, 72, 73, 75, 74, 78, 75, 77, 77,
    73, 76, 76, 76, 72, 77, 76, 75, 76, 77, 76, 74, 74, 77, 78, 75, 73,
    74 ]
