%YAML:1.0
---
videoName: "headLookLeft6.mp4"
gestureLabel: 203
fps: 29
pixelSizeInCmTemp: 3.2808219178082193e-01
faceCenterPointX: 267
faceCenterPointY: 69
headPositionsX: [ 266, 246, 244, 246, 242, 247, 246, 247, 245, 246, 248,
    243, 243, 247, 244, 245, 244, 244, 245, 244, 247, 245, 247, 244, 245,
    245, 250, 251, 253, 252, 254, 255, 259, 260, 264, 265, 265, 267, 266,
    272, 269, 269, 270, 268, 271, 267, 269, 270, 267, 270, 267, 269, 269,
    269, 267, 272, 266, 268, 266, 268, 269, 265, 266, 267, 271, 264, 269,
    268, 269, 269, 269, 265, 266, 267, 267, 266, 266, 269, 268, 268, 268,
    268, 265, 269, 267, 269, 267, 268, 268, 267, 265, 266, 269, 265, 269,
    269, 266, 264, 266, 266 ]
headPositionsY: [ 67, 71, 73, 72, 73, 71, 72, 70, 73, 72, 74, 71, 74, 72,
    71, 73, 72, 75, 74, 74, 74, 70, 74, 73, 71, 75, 70, 72, 70, 69, 69,
    72, 69, 72, 70, 69, 69, 72, 70, 69, 71, 69, 69, 71, 70, 68, 66, 69,
    72, 70, 69, 69, 71, 69, 73, 69, 70, 72, 68, 70, 68, 69, 71, 70, 70,
    69, 70, 71, 69, 69, 72, 70, 70, 71, 70, 67, 71, 67, 69, 68, 70, 70,
    70, 68, 70, 70, 68, 71, 73, 71, 70, 70, 71, 67, 68, 71, 68, 66, 71,
    68 ]
