%YAML:1.0
---
videoName: "headNod2.mp4"
gestureLabel: 202
fps: 29
pixelSizeInCmTemp: 3.2364864864864862e-01
faceCenterPointX: 263
faceCenterPointY: 70
headPositionsX: [ 265, 260, 261, 262, 262, 263, 261, 265, 265, 262, 264,
    265, 262, 265, 263, 262, 264, 264, 262, 266, 264, 262, 265, 263, 262,
    263, 265, 264, 261, 261, 263, 264, 263, 261, 261, 261, 260, 262, 264,
    261, 261, 263, 260, 262, 260, 261, 260, 262, 262, 261, 261, 262, 263,
    262, 261, 260, 265, 261, 261, 262, 263, 265, 264, 264, 263, 261, 261,
    260, 263, 262, 263, 263, 265, 264, 260, 261, 262, 264, 263, 263, 265,
    261, 263, 262, 260, 263, 265, 261, 262, 262, 265, 264, 261, 265, 262,
    264, 265, 266, 265, 262 ]
headPositionsY: [ 70, 76, 77, 76, 78, 77, 76, 76, 77, 74, 77, 76, 76, 77,
    77, 77, 75, 77, 76, 75, 75, 77, 75, 75, 76, 77, 74, 75, 74, 75, 73,
    74, 74, 73, 73, 73, 74, 75, 76, 72, 74, 72, 76, 72, 74, 76, 75, 73,
    74, 71, 71, 68, 68, 71, 75, 77, 77, 76, 76, 72, 69, 70, 70, 72, 77,
    75, 71, 73, 72, 69, 69, 73, 75, 79, 73, 77, 74, 72, 71, 72, 74, 73,
    74, 76, 73, 74, 72, 69, 70, 68, 70, 72, 72, 72, 69, 73, 69, 68, 72,
    69 ]
