%YAML:1.0
---
videoName: "headLookRight2.mp4"
gestureLabel: 204
fps: 29
pixelSizeInCmTemp: 3.8015873015873014e-01
faceCenterPointX: 228
faceCenterPointY: 68
headPositionsX: [ 226, 251, 253, 250, 252, 253, 250, 253, 254, 253, 250,
    251, 251, 249, 252, 251, 250, 251, 250, 254, 250, 255, 250, 253, 255,
    253, 253, 252, 250, 256, 256, 253, 255, 254, 254, 250, 255, 252, 252,
    254, 254, 251, 253, 252, 253, 254, 252, 251, 251, 249, 249, 246, 243,
    239, 237, 238, 236, 232, 233, 229, 227, 227, 230, 227, 227, 225, 227,
    225, 224, 225, 229, 229, 227, 227, 224, 226, 226, 228, 228, 231, 231,
    230, 228, 228, 229, 230, 231, 224, 226, 226, 226, 228, 227, 231, 230,
    227, 231, 229, 229, 231 ]
headPositionsY: [ 66, 67, 70, 69, 66, 68, 66, 70, 69, 69, 68, 69, 67, 67,
    68, 67, 70, 70, 67, 71, 70, 67, 67, 67, 71, 72, 70, 68, 69, 70, 68,
    67, 70, 69, 71, 66, 71, 67, 70, 71, 71, 68, 69, 67, 70, 71, 69, 70,
    71, 71, 70, 69, 69, 67, 68, 70, 67, 70, 68, 71, 67, 67, 70, 69, 66,
    66, 67, 67, 74, 68, 72, 70, 71, 69, 69, 68, 70, 69, 69, 71, 67, 72,
    72, 70, 68, 68, 67, 72, 69, 67, 70, 68, 71, 67, 68, 67, 67, 69, 70,
    68 ]
