%YAML:1.0
---
videoName: "headLookUp3.mp4"
gestureLabel: 205
fps: 29
pixelSizeInCmTemp: 3.7421874999999999e-01
faceCenterPointX: 254
faceCenterPointY: 68
headPositionsX: [ 256, 257, 258, 256, 253, 255, 256, 258, 255, 253, 257,
    257, 254, 255, 255, 257, 257, 255, 258, 258, 258, 255, 259, 257, 256,
    256, 256, 255, 256, 254, 257, 259, 257, 258, 254, 253, 258, 256, 256,
    256, 257, 257, 256, 257, 255, 255, 254, 256, 255, 254, 257, 258, 254,
    253, 256, 256, 253, 253, 256, 255, 252, 256, 256, 257, 253, 253, 257,
    254, 253, 255, 253, 255, 255, 256, 253, 256, 253, 253, 258, 254, 254,
    257, 256, 255, 252, 255, 256, 255, 256, 253, 256, 255, 258, 254, 253,
    257, 253, 258, 256, 255 ]
headPositionsY: [ 66, 82, 83, 82, 84, 82, 84, 82, 80, 83, 83, 83, 83, 84,
    81, 84, 81, 83, 83, 79, 84, 80, 83, 84, 82, 81, 80, 80, 82, 81, 80,
    80, 81, 83, 85, 84, 81, 78, 82, 81, 82, 78, 75, 76, 73, 72, 70, 68,
    67, 71, 66, 70, 70, 68, 67, 70, 70, 68, 67, 69, 68, 66, 68, 66, 68,
    68, 64, 68, 69, 66, 66, 66, 67, 67, 68, 67, 70, 66, 65, 69, 70, 68,
    68, 66, 66, 65, 70, 67, 68, 66, 69, 69, 69, 70, 65, 66, 67, 71, 67,
    69 ]
