%YAML:1.0
---
videoName: "headLookRight9.mp4"
gestureLabel: 204
fps: 29
pixelSizeInCmTemp: 2.8511904761904761e-01
faceCenterPointX: 217
faceCenterPointY: 75
headPositionsX: [ 217, 243, 242, 243, 246, 244, 244, 244, 244, 244, 244,
    243, 244, 242, 244, 242, 241, 244, 242, 244, 245, 242, 245, 242, 243,
    244, 245, 241, 245, 241, 241, 239, 237, 235, 231, 229, 226, 223, 223,
    222, 221, 218, 214, 214, 219, 216, 217, 213, 217, 214, 214, 217, 213,
    217, 213, 213, 211, 213, 215, 214, 215, 212, 217, 212, 218, 217, 215,
    214, 213, 214, 215, 210, 207, 215, 215, 217, 217, 213, 215, 219, 214,
    219, 215, 215, 216, 219, 215, 215, 215, 215, 216, 211, 215, 214, 212,
    215, 216, 217, 218, 217 ]
headPositionsY: [ 74, 73, 72, 72, 74, 72, 76, 73, 74, 73, 74, 76, 73, 72,
    75, 75, 76, 74, 72, 72, 74, 74, 77, 73, 75, 76, 74, 76, 75, 72, 73,
    74, 72, 75, 74, 72, 72, 70, 74, 74, 73, 74, 72, 81, 71, 72, 70, 74,
    70, 70, 71, 69, 69, 75, 75, 73, 73, 73, 73, 73, 71, 72, 74, 70, 80,
    77, 73, 76, 70, 69, 72, 78, 77, 71, 75, 74, 73, 76, 72, 75, 71, 71,
    72, 75, 71, 73, 71, 74, 72, 72, 78, 69, 75, 74, 73, 70, 77, 74, 75,
    77 ]
