%YAML:1.0
---
videoName: "headShake19.mp4"
gestureLabel: 201
fps: 29
pixelSizeInCmTemp: 3.1933333333333330e-01
faceCenterPointX: 243
faceCenterPointY: 78
headPositionsX: [ 244, 241, 245, 242, 244, 242, 240, 243, 244, 243, 244,
    246, 244, 241, 244, 245, 245, 244, 242, 245, 244, 243, 241, 243, 242,
    245, 241, 242, 243, 243, 244, 242, 241, 241, 240, 240, 237, 237, 234,
    233, 232, 232, 238, 242, 247, 252, 256, 255, 257, 254, 248, 245, 236,
    236, 232, 229, 235, 235, 237, 243, 247, 249, 247, 249, 247, 242, 240,
    238, 237, 238, 234, 235, 237, 238, 241, 243, 243, 246, 245, 244, 244,
    243, 241, 241, 240, 241, 242, 238, 240, 242, 241, 243, 243, 240, 242,
    242, 244, 244, 245, 241 ]
headPositionsY: [ 76, 75, 76, 78, 75, 78, 77, 75, 75, 76, 77, 75, 75, 76,
    78, 75, 76, 76, 76, 79, 74, 77, 77, 79, 75, 77, 77, 74, 77, 76, 77,
    75, 74, 77, 79, 78, 78, 76, 79, 79, 77, 76, 78, 76, 79, 76, 77, 74,
    76, 78, 76, 77, 75, 76, 75, 74, 73, 75, 76, 76, 75, 77, 77, 74, 77,
    78, 77, 79, 75, 80, 78, 76, 79, 79, 77, 77, 77, 80, 79, 80, 79, 79,
    77, 79, 77, 79, 79, 78, 77, 79, 79, 79, 78, 77, 78, 78, 79, 80, 78,
    80 ]
