%YAML:1.0
---
videoName: "headNod20.mp4"
gestureLabel: 202
fps: 30
pixelSizeInCmTemp: 3.2808219178082193e-01
faceCenterPointX: 253
faceCenterPointY: 80
headPositionsX: [ 254, 255, 256, 257, 258, 257, 256, 256, 258, 255, 257,
    254, 254, 254, 257, 254, 254, 255, 253, 254, 254, 255, 254, 256, 255,
    257, 258, 255, 257, 254, 254, 257, 257, 255, 255, 256, 252, 256, 255,
    256, 253, 254, 253, 252, 254, 251, 252, 252, 254, 250, 252, 250, 250,
    251, 253, 249, 250, 253, 252, 251, 250, 252, 251, 251, 254, 252, 254,
    252, 252, 251, 251, 254, 254, 252, 251, 255, 253, 255, 253, 252, 250,
    250, 252, 255, 254, 251, 251, 253, 255, 254, 251, 255, 251, 255, 251,
    253, 252, 255, 251, 255 ]
headPositionsY: [ 80, 76, 78, 80, 76, 77, 76, 80, 77, 78, 76, 76, 78, 78,
    78, 77, 77, 78, 80, 76, 78, 79, 81, 76, 79, 80, 79, 79, 78, 84, 81,
    84, 86, 89, 87, 81, 82, 77, 77, 70, 72, 73, 70, 74, 79, 80, 84, 89,
    89, 90, 87, 83, 81, 76, 76, 77, 75, 79, 81, 81, 83, 82, 80, 77, 77,
    79, 80, 81, 79, 84, 81, 82, 77, 76, 76, 80, 80, 82, 82, 80, 83, 79,
    78, 81, 78, 79, 80, 79, 83, 81, 81, 81, 79, 81, 80, 79, 78, 80, 81,
    83 ]
