%YAML:1.0
---
videoName: "headLookRight8.mp4"
gestureLabel: 204
fps: 29
pixelSizeInCmTemp: 3.1513157894736843e-01
faceCenterPointX: 218
faceCenterPointY: 80
headPositionsX: [ 219, 248, 248, 251, 251, 248, 250, 247, 248, 246, 247,
    246, 248, 247, 244, 248, 248, 249, 247, 243, 244, 245, 246, 245, 248,
    249, 246, 244, 248, 245, 248, 245, 249, 249, 246, 248, 246, 249, 244,
    247, 247, 248, 245, 246, 247, 248, 248, 247, 248, 244, 245, 244, 247,
    245, 248, 244, 246, 248, 246, 248, 247, 244, 246, 245, 244, 243, 245,
    245, 243, 243, 241, 239, 238, 232, 233, 228, 228, 224, 222, 220, 220,
    219, 214, 218, 218, 219, 217, 218, 218, 219, 220, 220, 218, 216, 221,
    217, 217, 216, 217, 217 ]
headPositionsY: [ 78, 75, 76, 75, 74, 76, 73, 71, 75, 74, 74, 75, 75, 73,
    73, 76, 74, 74, 73, 77, 76, 77, 77, 75, 79, 78, 77, 78, 76, 74, 78,
    77, 76, 75, 76, 79, 77, 76, 76, 78, 74, 79, 75, 79, 76, 75, 75, 78,
    79, 79, 77, 75, 76, 78, 77, 75, 76, 79, 75, 75, 78, 78, 79, 79, 79,
    75, 77, 79, 78, 77, 78, 79, 77, 77, 74, 73, 77, 74, 72, 76, 73, 78,
    72, 79, 73, 78, 80, 81, 78, 78, 81, 81, 76, 75, 75, 80, 78, 81, 81,
    78 ]
