%YAML:1.0
---
videoName: "headNod43.mp4"
gestureLabel: 202
fps: 29
pixelSizeInCmTemp: 2.8855421686746985e-01
faceCenterPointX: 268
faceCenterPointY: 74
headPositionsX: [ 269, 269, 269, 271, 269, 269, 268, 269, 271, 270, 269,
    268, 268, 269, 268, 268, 268, 266, 266, 269, 268, 268, 266, 269, 265,
    268, 268, 267, 268, 266, 263, 265, 264, 267, 265, 265, 268, 267, 264,
    266, 265, 265, 267, 266, 264, 267, 266, 265, 266, 263, 263, 266, 264,
    263, 262, 262, 262, 264, 264, 267, 266, 264, 263, 263, 267, 263, 268,
    264, 265, 267, 268, 269, 267, 268, 267, 264, 267, 265, 267, 267, 270,
    270, 268, 268, 271, 270, 271, 267, 270, 269, 270, 269, 268, 269, 267,
    271, 267, 266, 268, 267 ]
headPositionsY: [ 75, 77, 74, 75, 76, 75, 77, 75, 76, 73, 74, 77, 74, 73,
    76, 76, 76, 74, 76, 77, 75, 76, 74, 75, 76, 76, 80, 84, 85, 89, 91,
    90, 88, 81, 80, 80, 77, 78, 81, 87, 86, 89, 88, 85, 83, 80, 81, 83,
    80, 87, 90, 91, 89, 90, 88, 86, 84, 80, 81, 84, 87, 90, 89, 91, 88,
    88, 85, 82, 81, 79, 77, 80, 83, 89, 89, 88, 91, 87, 82, 83, 76, 77,
    72, 73, 72, 70, 73, 72, 72, 74, 74, 72, 75, 76, 72, 73, 72, 75, 74,
    74 ]
