%YAML:1.0
---
videoName: "headLookLeft7.mp4"
gestureLabel: 203
fps: 29
pixelSizeInCmTemp: 3.4214285714285714e-01
faceCenterPointX: 268
faceCenterPointY: 68
headPositionsX: [ 267, 245, 245, 243, 244, 247, 244, 246, 243, 246, 246,
    246, 243, 245, 247, 242, 246, 247, 247, 247, 247, 248, 246, 245, 244,
    243, 245, 248, 246, 248, 247, 249, 253, 256, 255, 257, 263, 262, 261,
    263, 267, 266, 268, 267, 265, 268, 270, 268, 267, 270, 264, 270, 269,
    268, 266, 269, 266, 268, 268, 271, 264, 269, 266, 270, 269, 266, 267,
    271, 266, 266, 267, 269, 266, 270, 269, 269, 267, 267, 267, 270, 266,
    271, 269, 269, 270, 266, 267, 271, 268, 272, 270, 270, 271, 267, 269,
    272, 270, 272, 271, 271 ]
headPositionsY: [ 66, 68, 71, 71, 71, 70, 68, 72, 67, 71, 68, 72, 68, 68,
    69, 70, 69, 70, 69, 71, 71, 69, 71, 72, 69, 72, 70, 70, 69, 70, 70,
    70, 66, 70, 70, 69, 69, 68, 67, 67, 67, 68, 68, 68, 68, 68, 68, 66,
    68, 66, 69, 68, 69, 68, 66, 70, 70, 66, 67, 70, 68, 71, 70, 69, 67,
    71, 70, 69, 68, 67, 67, 70, 68, 69, 71, 69, 67, 69, 66, 72, 65, 67,
    68, 67, 68, 66, 66, 69, 69, 71, 67, 71, 67, 67, 69, 72, 69, 67, 72,
    71 ]
