%YAML:1.0
---
videoName: "headNod49.mp4"
gestureLabel: 202
fps: 29
pixelSizeInCmTemp: 2.9207317073170730e-01
faceCenterPointX: 263
faceCenterPointY: 74
headPositionsX: [ 262, 266, 267, 263, 268, 267, 262, 267, 265, 264, 263,
    265, 267, 264, 265, 265, 262, 264, 262, 263, 263, 263, 265, 263, 267,
    266, 265, 267, 261, 262, 265, 264, 261, 265, 263, 265, 264, 264, 263,
    262, 266, 265, 264, 262, 263, 262, 264, 265, 261, 265, 265, 263, 264,
    263, 263, 264, 263, 265, 263, 266, 265, 263, 263, 266, 264, 262, 265,
    262, 262, 265, 263, 266, 266, 266, 266, 263, 261, 262, 262, 264, 265,
    265, 262, 264, 262, 262, 261, 262, 261, 260, 262, 261, 262, 264, 265,
    262, 261, 262, 261, 262 ]
headPositionsY: [ 72, 71, 73, 70, 72, 75, 73, 74, 71, 74, 70, 71, 71, 68,
    70, 68, 68, 68, 70, 69, 68, 68, 72, 76, 78, 77, 76, 79, 74, 72, 70,
    73, 69, 72, 69, 72, 71, 74, 73, 75, 78, 76, 77, 77, 77, 71, 70, 72,
    71, 73, 70, 73, 75, 75, 78, 76, 79, 79, 78, 72, 76, 71, 74, 74, 73,
    73, 73, 78, 77, 80, 77, 78, 74, 73, 76, 73, 73, 74, 76, 74, 74, 77,
    75, 73, 73, 76, 75, 75, 72, 72, 73, 73, 75, 73, 74, 75, 74, 75, 73,
    75 ]
