%YAML:1.0
---
videoName: "headNod28.mp4"
gestureLabel: 202
fps: 30
pixelSizeInCmTemp: 3.2364864864864862e-01
faceCenterPointX: 270
faceCenterPointY: 76
headPositionsX: [ 272, 269, 272, 271, 269, 271, 272, 270, 271, 270, 269,
    273, 271, 272, 271, 269, 271, 268, 271, 269, 271, 272, 269, 269, 272,
    269, 268, 271, 272, 272, 269, 273, 268, 272, 268, 272, 271, 269, 271,
    268, 268, 269, 268, 269, 270, 271, 269, 271, 269, 269, 268, 272, 271,
    269, 269, 270, 272, 273, 269, 271, 268, 268, 269, 269, 271, 273, 271,
    273, 273, 270, 269, 271, 273, 269, 270, 271, 272, 270, 271, 271, 273,
    270, 271, 271, 271, 268, 269, 271, 270, 270, 272, 274, 272, 270, 274,
    271, 271, 271, 268, 272 ]
headPositionsY: [ 74, 74, 73, 72, 77, 74, 76, 76, 77, 75, 75, 73, 76, 75,
    75, 74, 76, 75, 75, 75, 77, 75, 74, 74, 75, 76, 74, 76, 72, 73, 76,
    73, 77, 77, 73, 73, 73, 74, 76, 77, 75, 75, 77, 78, 83, 85, 83, 82,
    79, 79, 72, 71, 72, 74, 73, 70, 72, 73, 74, 76, 79, 79, 78, 80, 79,
    76, 72, 72, 73, 70, 74, 77, 76, 78, 82, 81, 81, 75, 76, 75, 73, 74,
    74, 76, 75, 76, 77, 80, 78, 76, 74, 73, 74, 73, 77, 77, 75, 77, 77,
    77 ]
