%YAML:1.0
---
videoName: "headNod8.mp4"
gestureLabel: 202
fps: 29
pixelSizeInCmTemp: 3.1933333333333330e-01
faceCenterPointX: 262
faceCenterPointY: 74
headPositionsX: [ 262, 263, 261, 261, 262, 263, 259, 261, 263, 262, 261,
    261, 264, 259, 263, 261, 262, 263, 259, 261, 263, 262, 264, 261, 262,
    258, 261, 261, 264, 260, 260, 261, 262, 262, 259, 259, 261, 260, 260,
    261, 263, 262, 262, 264, 260, 264, 263, 262, 261, 263, 260, 262, 260,
    262, 263, 261, 260, 257, 260, 261, 259, 260, 262, 262, 261, 261, 262,
    263, 260, 259, 259, 262, 261, 259, 262, 258, 259, 258, 260, 261, 261,
    260, 264, 261, 261, 260, 261, 264, 263, 265, 261, 262, 262, 263, 261,
    262, 261, 262, 264, 265 ]
headPositionsY: [ 76, 79, 78, 74, 77, 77, 77, 78, 79, 74, 76, 76, 75, 76,
    78, 75, 75, 75, 77, 77, 75, 75, 76, 74, 77, 74, 77, 77, 79, 75, 78,
    77, 75, 76, 78, 76, 77, 77, 73, 76, 70, 69, 70, 67, 69, 66, 70, 69,
    69, 77, 78, 78, 85, 82, 82, 82, 78, 76, 72, 69, 71, 69, 70, 74, 76,
    83, 84, 83, 80, 80, 79, 72, 70, 72, 68, 73, 75, 76, 78, 82, 82, 83,
    80, 80, 76, 72, 70, 70, 71, 73, 73, 73, 78, 76, 80, 80, 79, 78, 77,
    73 ]
