%YAML:1.0
---
videoName: "headShake26.mp4"
gestureLabel: 201
fps: 30
pixelSizeInCmTemp: 3.2808219178082193e-01
faceCenterPointX: 243
faceCenterPointY: 78
headPositionsX: [ 242, 238, 238, 242, 240, 241, 242, 243, 247, 246, 250,
    249, 250, 253, 252, 250, 252, 246, 249, 246, 243, 239, 234, 235, 231,
    228, 229, 228, 228, 230, 234, 233, 240, 241, 245, 248, 247, 253, 254,
    251, 255, 251, 250, 248, 244, 240, 237, 233, 233, 230, 228, 231, 229,
    231, 232, 232, 235, 238, 243, 248, 246, 249, 250, 253, 254, 252, 252,
    249, 247, 247, 243, 242, 242, 240, 238, 235, 235, 237, 234, 234, 238,
    237, 238, 240, 241, 239, 243, 243, 243, 242, 243, 243, 244, 242, 245,
    244, 243, 242, 242, 244 ]
headPositionsY: [ 80, 79, 78, 76, 75, 77, 79, 75, 79, 78, 76, 79, 79, 79,
    78, 78, 79, 76, 76, 80, 81, 77, 78, 77, 78, 77, 77, 78, 75, 77, 77,
    78, 78, 75, 77, 77, 75, 78, 78, 79, 79, 76, 79, 80, 80, 79, 79, 76,
    77, 77, 76, 75, 77, 76, 77, 75, 78, 76, 79, 78, 76, 79, 76, 79, 75,
    78, 79, 76, 78, 76, 81, 78, 76, 77, 79, 81, 77, 78, 79, 80, 76, 80,
    79, 80, 78, 80, 80, 78, 78, 79, 81, 81, 79, 81, 78, 80, 76, 77, 79,
    78 ]
