%YAML:1.0
---
videoName: "headShake28.mp4"
gestureLabel: 201
fps: 29
pixelSizeInCmTemp: 3.2808219178082193e-01
faceCenterPointX: 242
faceCenterPointY: 80
headPositionsX: [ 240, 242, 243, 241, 242, 241, 239, 243, 241, 241, 241,
    240, 240, 240, 241, 240, 243, 241, 242, 244, 240, 243, 241, 243, 242,
    242, 241, 241, 243, 241, 240, 240, 243, 242, 242, 243, 243, 242, 245,
    244, 242, 244, 244, 243, 242, 245, 243, 243, 243, 244, 239, 236, 233,
    229, 231, 231, 241, 244, 251, 250, 254, 255, 252, 252, 245, 243, 234,
    233, 230, 233, 236, 245, 248, 253, 251, 255, 252, 250, 250, 245, 242,
    241, 240, 236, 237, 237, 238, 238, 240, 242, 242, 241, 241, 244, 243,
    243, 240, 242, 240, 241 ]
headPositionsY: [ 78, 75, 77, 74, 77, 77, 75, 75, 75, 77, 77, 76, 76, 79,
    78, 78, 79, 76, 79, 78, 80, 77, 80, 79, 79, 80, 77, 77, 81, 79, 77,
    76, 81, 78, 79, 81, 79, 78, 78, 78, 76, 79, 79, 79, 78, 79, 79, 77,
    75, 75, 75, 77, 76, 75, 79, 76, 78, 75, 79, 77, 77, 78, 78, 80, 78,
    81, 76, 77, 76, 79, 79, 79, 79, 77, 76, 78, 79, 81, 80, 79, 76, 77,
    77, 80, 80, 78, 80, 79, 79, 78, 79, 79, 77, 80, 77, 78, 80, 80, 81,
    78 ]
