%YAML:1.0
---
videoName: "headLookDown7.mp4"
gestureLabel: 206
fps: 30
pixelSizeInCmTemp: 3.3732394366197183e-01
faceCenterPointX: 274
faceCenterPointY: 95
headPositionsX: [ 276, 275, 273, 275, 275, 272, 272, 273, 274, 273, 275,
    272, 275, 274, 276, 274, 275, 271, 271, 272, 272, 272, 275, 274, 275,
    275, 272, 275, 272, 274, 275, 271, 273, 273, 271, 274, 272, 271, 274,
    271, 276, 271, 274, 273, 274, 273, 274, 275, 273, 272, 272, 276, 272,
    273, 276, 276, 277, 277, 274, 273, 276, 273, 273, 273, 276, 273, 276,
    276, 273, 274, 276, 273, 274, 274, 274, 274, 276, 275, 274, 273, 273,
    275, 277, 277, 276, 273, 275, 275, 277, 277, 275, 277, 277, 272, 276,
    273, 275, 276, 273, 276 ]
headPositionsY: [ 95, 85, 84, 81, 82, 84, 80, 81, 80, 81, 81, 82, 83, 82,
    81, 81, 82, 80, 83, 84, 82, 81, 83, 83, 85, 85, 85, 84, 85, 83, 85,
    83, 81, 85, 82, 84, 85, 83, 85, 81, 85, 83, 82, 83, 82, 82, 82, 82,
    86, 83, 85, 86, 85, 86, 90, 90, 90, 89, 91, 91, 94, 92, 95, 96, 93,
    95, 97, 94, 96, 94, 95, 96, 95, 94, 93, 95, 98, 93, 94, 96, 98, 95,
    95, 97, 93, 97, 94, 97, 94, 98, 96, 96, 98, 95, 97, 99, 95, 97, 95,
    98 ]
