%YAML:1.0
---
videoName: "headShake35.mp4"
gestureLabel: 201
fps: 29
pixelSizeInCmTemp: 3.2364864864864862e-01
faceCenterPointX: 267
faceCenterPointY: 82
headPositionsX: [ 266, 269, 265, 267, 268, 265, 267, 265, 270, 270, 269,
    270, 266, 271, 266, 266, 266, 267, 269, 270, 268, 265, 269, 267, 270,
    266, 270, 267, 270, 269, 266, 267, 270, 270, 267, 267, 269, 267, 266,
    266, 266, 268, 268, 266, 269, 265, 267, 266, 267, 268, 267, 266, 266,
    265, 268, 267, 269, 266, 266, 268, 270, 266, 267, 270, 273, 277, 276,
    282, 280, 281, 276, 272, 268, 264, 258, 259, 261, 264, 267, 271, 273,
    276, 273, 275, 269, 266, 265, 261, 263, 262, 261, 263, 266, 266, 269,
    266, 266, 270, 265, 266 ]
headPositionsY: [ 82, 79, 80, 80, 78, 82, 80, 79, 80, 80, 78, 78, 79, 80,
    79, 82, 80, 79, 79, 81, 80, 81, 78, 81, 78, 79, 79, 82, 82, 82, 82,
    79, 79, 79, 82, 81, 78, 80, 78, 81, 79, 82, 78, 82, 79, 81, 79, 82,
    79, 83, 78, 79, 81, 81, 82, 80, 80, 82, 81, 82, 82, 80, 78, 80, 80,
    79, 79, 78, 81, 83, 80, 82, 78, 79, 82, 78, 83, 84, 81, 84, 83, 84,
    80, 84, 80, 83, 82, 81, 80, 82, 82, 82, 82, 79, 83, 83, 80, 84, 82,
    82 ]
