%YAML:1.0
---
videoName: "headNod16.mp4"
gestureLabel: 202
fps: 29
pixelSizeInCmTemp: 3.3263888888888887e-01
faceCenterPointX: 255
faceCenterPointY: 77
headPositionsX: [ 254, 261, 257, 261, 260, 257, 258, 260, 260, 257, 258,
    260, 258, 257, 257, 257, 261, 260, 260, 257, 257, 259, 261, 259, 259,
    260, 257, 259, 261, 261, 261, 256, 257, 260, 258, 258, 261, 258, 259,
    259, 259, 258, 257, 262, 262, 256, 257, 260, 259, 256, 259, 257, 255,
    259, 257, 258, 255, 256, 260, 257, 256, 260, 258, 255, 255, 255, 254,
    256, 255, 258, 255, 257, 257, 253, 253, 256, 256, 252, 257, 253, 253,
    256, 255, 256, 254, 255, 254, 254, 255, 256, 256, 255, 256, 254, 255,
    255, 257, 255, 253, 255 ]
headPositionsY: [ 75, 74, 72, 73, 76, 76, 75, 74, 74, 75, 77, 78, 77, 76,
    74, 75, 76, 75, 73, 76, 76, 72, 76, 75, 74, 75, 76, 77, 72, 77, 76,
    76, 73, 72, 73, 71, 69, 71, 69, 68, 67, 70, 72, 75, 76, 77, 79, 82,
    79, 77, 76, 72, 70, 67, 68, 72, 74, 74, 77, 79, 83, 83, 82, 78, 76,
    77, 72, 71, 68, 71, 72, 73, 74, 77, 79, 81, 81, 75, 74, 74, 73, 68,
    70, 72, 70, 71, 73, 77, 77, 77, 77, 77, 74, 79, 76, 75, 77, 75, 74,
    76 ]
