%YAML:1.0
---
videoName: "headNod22.mp4"
gestureLabel: 202
fps: 29
pixelSizeInCmTemp: 3.1513157894736843e-01
faceCenterPointX: 252
faceCenterPointY: 80
headPositionsX: [ 253, 252, 255, 253, 254, 253, 252, 255, 251, 254, 255,
    255, 254, 252, 253, 251, 253, 252, 251, 254, 254, 251, 252, 255, 252,
    251, 252, 252, 254, 254, 254, 254, 255, 254, 252, 253, 251, 255, 256,
    255, 253, 255, 252, 253, 251, 255, 255, 255, 253, 250, 252, 252, 254,
    250, 251, 250, 253, 253, 252, 251, 250, 253, 251, 254, 253, 253, 253,
    253, 254, 251, 252, 254, 250, 251, 254, 251, 254, 253, 254, 255, 252,
    251, 252, 255, 249, 251, 250, 249, 253, 254, 253, 255, 252, 249, 251,
    251, 250, 253, 252, 249 ]
headPositionsY: [ 80, 77, 77, 76, 80, 75, 76, 78, 80, 76, 77, 79, 80, 78,
    79, 80, 79, 80, 79, 80, 79, 80, 82, 80, 82, 81, 81, 85, 79, 77, 76,
    72, 71, 70, 71, 73, 76, 77, 82, 81, 86, 85, 82, 75, 72, 74, 72, 73,
    72, 73, 78, 81, 84, 82, 84, 82, 80, 79, 73, 73, 72, 73, 71, 73, 78,
    79, 79, 79, 77, 77, 78, 74, 75, 75, 75, 76, 81, 81, 80, 80, 80, 74,
    75, 78, 75, 77, 81, 81, 79, 79, 79, 78, 77, 76, 79, 81, 80, 80, 79,
    81 ]
