%YAML:1.0
---
videoName: "headLookRight5.mp4"
gestureLabel: 204
fps: 29
pixelSizeInCmTemp: 3.1513157894736843e-01
faceCenterPointX: 228
faceCenterPointY: 76
headPositionsX: [ 230, 250, 250, 249, 252, 247, 251, 249, 249, 250, 248,
    247, 251, 250, 249, 249, 250, 248, 247, 249, 249, 250, 248, 248, 251,
    248, 247, 249, 251, 247, 249, 247, 245, 245, 242, 242, 240, 238, 233,
    231, 228, 228, 228, 225, 227, 228, 223, 226, 227, 229, 224, 225, 221,
    229, 226, 224, 224, 224, 227, 223, 227, 224, 229, 228, 229, 225, 223,
    227, 227, 228, 225, 224, 225, 229, 224, 226, 226, 225, 228, 223, 221,
    225, 224, 223, 222, 228, 225, 222, 223, 228, 224, 225, 224, 229, 224,
    224, 224, 223, 224, 226 ]
headPositionsY: [ 77, 72, 75, 75, 72, 74, 74, 74, 77, 74, 75, 72, 74, 76,
    74, 75, 75, 75, 75, 75, 76, 73, 76, 74, 74, 76, 77, 77, 74, 76, 75,
    76, 76, 74, 74, 75, 74, 72, 73, 71, 75, 75, 75, 77, 76, 73, 73, 76,
    73, 77, 72, 73, 72, 77, 76, 76, 75, 73, 74, 76, 74, 76, 77, 72, 75,
    77, 73, 74, 73, 76, 75, 75, 72, 73, 74, 73, 73, 77, 74, 71, 77, 76,
    73, 75, 75, 73, 73, 73, 74, 75, 71, 77, 75, 75, 74, 76, 73, 72, 73,
    72 ]
