%YAML:1.0
---
videoName: "headShake30.mp4"
gestureLabel: 201
fps: 29
pixelSizeInCmTemp: 3.2808219178082193e-01
faceCenterPointX: 240
faceCenterPointY: 68
headPositionsX: [ 240, 234, 233, 234, 232, 235, 232, 232, 232, 235, 236,
    238, 237, 238, 238, 238, 239, 239, 243, 243, 246, 241, 241, 244, 243,
    241, 242, 242, 244, 240, 241, 239, 240, 240, 237, 240, 238, 242, 241,
    246, 250, 253, 256, 258, 259, 259, 258, 257, 248, 243, 239, 230, 226,
    222, 221, 226, 231, 233, 238, 246, 249, 251, 253, 253, 244, 243, 238,
    234, 228, 227, 227, 230, 232, 239, 240, 245, 250, 248, 252, 248, 249,
    243, 240, 240, 235, 237, 237, 236, 235, 241, 237, 239, 240, 243, 242,
    238, 238, 240, 238, 240 ]
headPositionsY: [ 70, 55, 56, 55, 56, 59, 60, 57, 61, 61, 66, 63, 62, 66,
    64, 65, 66, 64, 68, 66, 65, 66, 65, 64, 64, 63, 64, 67, 67, 67, 65,
    67, 66, 67, 66, 66, 64, 64, 65, 65, 63, 63, 64, 67, 64, 64, 66, 66,
    64, 66, 66, 64, 65, 66, 66, 69, 68, 67, 66, 70, 68, 64, 67, 67, 70,
    69, 66, 70, 68, 70, 68, 67, 69, 66, 69, 65, 67, 65, 69, 68, 68, 65,
    66, 68, 67, 65, 69, 68, 65, 69, 69, 66, 67, 69, 66, 67, 68, 69, 67,
    67 ]
