%YAML:1.0
---
videoName: "headNod12.mp4"
gestureLabel: 202
fps: 29
pixelSizeInCmTemp: 3.2808219178082193e-01
faceCenterPointX: 254
faceCenterPointY: 69
headPositionsX: [ 254, 252, 254, 253, 251, 252, 254, 251, 256, 253, 254,
    256, 256, 254, 256, 257, 253, 257, 256, 255, 256, 254, 257, 257, 255,
    254, 256, 255, 256, 257, 256, 256, 256, 256, 255, 254, 256, 257, 256,
    252, 255, 255, 257, 254, 253, 255, 254, 252, 255, 257, 253, 257, 252,
    254, 255, 254, 254, 253, 254, 255, 255, 252, 253, 256, 254, 256, 256,
    257, 252, 254, 253, 256, 254, 254, 255, 255, 253, 257, 252, 255, 256,
    254, 253, 257, 254, 255, 256, 254, 252, 254, 257, 257, 253, 256, 257,
    255, 256, 255, 255, 256 ]
headPositionsY: [ 70, 73, 70, 74, 74, 72, 73, 70, 73, 76, 76, 77, 72, 74,
    71, 72, 70, 74, 74, 73, 71, 72, 72, 74, 75, 76, 73, 72, 72, 74, 74,
    72, 73, 70, 74, 72, 70, 69, 65, 62, 65, 60, 61, 63, 62, 68, 69, 69,
    73, 73, 78, 80, 80, 75, 77, 74, 73, 68, 68, 66, 62, 61, 62, 66, 64,
    67, 71, 70, 71, 76, 78, 73, 76, 76, 74, 71, 70, 70, 68, 66, 64, 65,
    66, 64, 69, 67, 71, 73, 75, 73, 75, 73, 74, 73, 72, 71, 73, 71, 72,
    68 ]
