%YAML:1.0
---
videoName: "headShake43.mp4"
gestureLabel: 201
fps: 29
pixelSizeInCmTemp: 3.2808219178082193e-01
faceCenterPointX: 257
faceCenterPointY: 84
headPositionsX: [ 255, 263, 259, 262, 259, 261, 262, 260, 258, 261, 260,
    259, 260, 262, 258, 262, 258, 259, 259, 259, 262, 261, 262, 260, 261,
    262, 261, 264, 266, 272, 272, 273, 276, 279, 277, 285, 281, 279, 278,
    276, 271, 264, 263, 258, 250, 249, 243, 243, 245, 241, 246, 251, 257,
    260, 265, 272, 272, 272, 276, 274, 270, 266, 260, 255, 252, 247, 243,
    241, 242, 249, 249, 250, 253, 258, 266, 268, 270, 271, 268, 269, 270,
    267, 266, 263, 265, 260, 260, 257, 260, 258, 256, 256, 259, 256, 256,
    256, 259, 258, 259, 258 ]
headPositionsY: [ 86, 86, 86, 87, 86, 83, 83, 85, 87, 86, 87, 85, 86, 83,
    83, 87, 85, 87, 84, 86, 84, 85, 84, 85, 87, 84, 85, 87, 87, 85, 84,
    85, 83, 84, 85, 80, 85, 80, 83, 80, 85, 84, 85, 85, 84, 84, 83, 84,
    84, 85, 83, 83, 83, 87, 86, 82, 85, 80, 82, 83, 84, 84, 82, 86, 81,
    85, 80, 80, 84, 81, 82, 85, 83, 87, 83, 84, 84, 85, 84, 82, 83, 82,
    83, 83, 84, 87, 84, 85, 85, 84, 81, 81, 83, 86, 83, 82, 83, 83, 81,
    85 ]
