%YAML:1.0
---
videoName: "headLookDown3.mp4"
gestureLabel: 206
fps: 29
pixelSizeInCmTemp: 3.5746268656716418e-01
faceCenterPointX: 273
faceCenterPointY: 98
headPositionsX: [ 271, 272, 271, 275, 271, 271, 271, 275, 270, 275, 275,
    271, 271, 271, 272, 273, 274, 271, 273, 273, 273, 272, 271, 271, 274,
    271, 275, 275, 274, 272, 273, 275, 270, 273, 271, 272, 274, 272, 274,
    271, 274, 272, 273, 271, 271, 271, 272, 275, 275, 272, 270, 273, 270,
    274, 271, 272, 275, 272, 270, 274, 273, 273, 272, 269, 272, 270, 270,
    269, 271, 269, 270, 270, 270, 273, 271, 270, 269, 270, 272, 271, 273,
    273, 273, 270, 271, 270, 272, 271, 274, 270, 273, 275, 273, 271, 272,
    273, 273, 271, 275, 275 ]
headPositionsY: [ 99, 79, 79, 80, 77, 77, 76, 77, 78, 78, 79, 79, 79, 79,
    79, 78, 78, 78, 80, 81, 78, 81, 76, 81, 80, 79, 81, 78, 78, 80, 78,
    80, 77, 78, 80, 78, 82, 82, 80, 82, 82, 83, 86, 86, 84, 87, 87, 87,
    91, 90, 91, 90, 90, 91, 92, 94, 96, 95, 98, 96, 97, 99, 99, 100, 99,
    101, 101, 102, 100, 99, 101, 104, 103, 101, 101, 100, 99, 101, 103,
    101, 103, 101, 102, 103, 103, 99, 102, 98, 102, 102, 102, 103, 102,
    99, 104, 101, 101, 97, 98, 99 ]
