%YAML:1.0
---
videoName: "headShake39.mp4"
gestureLabel: 201
fps: 29
pixelSizeInCmTemp: 3.1933333333333330e-01
faceCenterPointX: 263
faceCenterPointY: 83
headPositionsX: [ 263, 261, 262, 260, 263, 260, 261, 260, 260, 260, 263,
    260, 259, 263, 261, 259, 261, 261, 263, 259, 258, 259, 254, 253, 254,
    251, 250, 243, 243, 243, 244, 245, 245, 253, 255, 261, 269, 271, 274,
    279, 279, 280, 277, 269, 262, 261, 251, 247, 248, 247, 248, 248, 252,
    258, 260, 268, 271, 274, 279, 281, 278, 275, 268, 263, 257, 252, 250,
    247, 250, 247, 253, 250, 255, 256, 259, 260, 261, 265, 266, 265, 265,
    264, 267, 266, 265, 269, 267, 265, 263, 263, 266, 265, 265, 263, 265,
    263, 263, 262, 262, 264 ]
headPositionsY: [ 85, 83, 82, 84, 84, 80, 82, 85, 83, 83, 80, 84, 84, 82,
    83, 81, 85, 81, 84, 83, 82, 85, 83, 83, 84, 85, 81, 81, 80, 81, 83,
    81, 80, 84, 82, 84, 81, 83, 79, 80, 81, 78, 80, 85, 83, 84, 82, 83,
    83, 81, 84, 83, 82, 81, 83, 82, 82, 81, 80, 82, 82, 80, 83, 83, 82,
    82, 80, 81, 78, 78, 78, 79, 81, 80, 83, 81, 81, 80, 84, 81, 81, 85,
    83, 81, 81, 84, 82, 84, 83, 82, 85, 83, 82, 84, 84, 81, 84, 84, 82,
    83 ]
