%YAML:1.0
---
videoName: "headNod9.mp4"
gestureLabel: 202
fps: 29
pixelSizeInCmTemp: 3.1513157894736843e-01
faceCenterPointX: 261
faceCenterPointY: 75
headPositionsX: [ 263, 260, 263, 260, 262, 259, 259, 262, 260, 261, 261,
    259, 262, 258, 260, 261, 262, 262, 259, 260, 263, 259, 259, 261, 260,
    262, 261, 259, 261, 262, 259, 261, 262, 260, 262, 259, 259, 260, 261,
    262, 259, 260, 261, 258, 263, 262, 258, 261, 262, 261, 259, 262, 260,
    259, 261, 259, 261, 260, 262, 261, 258, 258, 259, 262, 260, 259, 261,
    262, 262, 261, 261, 261, 258, 257, 262, 259, 259, 259, 260, 260, 256,
    257, 259, 258, 257, 258, 256, 258, 259, 260, 259, 257, 259, 260, 262,
    261, 258, 258, 260, 258 ]
headPositionsY: [ 77, 73, 75, 75, 73, 73, 76, 73, 76, 77, 77, 76, 76, 74,
    74, 74, 75, 73, 74, 77, 73, 74, 76, 74, 74, 73, 75, 77, 73, 75, 78,
    78, 80, 80, 80, 81, 78, 73, 75, 71, 74, 72, 79, 83, 84, 89, 84, 83,
    82, 78, 78, 78, 75, 78, 82, 86, 86, 85, 82, 80, 72, 73, 73, 76, 76,
    80, 83, 83, 82, 81, 78, 75, 73, 74, 73, 73, 72, 75, 78, 81, 80, 81,
    81, 83, 79, 76, 74, 75, 73, 71, 72, 74, 70, 71, 73, 73, 75, 73, 76,
    75 ]
