%YAML:1.0
---
videoName: "headShake21.mp4"
gestureLabel: 201
fps: 29
pixelSizeInCmTemp: 3.1933333333333330e-01
faceCenterPointX: 241
faceCenterPointY: 78
headPositionsX: [ 242, 244, 245, 245, 245, 243, 240, 243, 241, 241, 240,
    239, 244, 244, 239, 239, 240, 242, 241, 244, 244, 242, 241, 243, 241,
    244, 243, 242, 242, 242, 242, 243, 241, 244, 242, 244, 243, 245, 245,
    243, 240, 242, 243, 242, 240, 241, 243, 240, 239, 240, 240, 243, 240,
    243, 244, 242, 240, 243, 243, 240, 243, 239, 243, 238, 239, 242, 238,
    244, 245, 250, 251, 251, 249, 251, 246, 241, 239, 232, 233, 232, 237,
    235, 239, 243, 241, 243, 241, 241, 239, 240, 240, 237, 241, 239, 239,
    239, 239, 239, 243, 241 ]
headPositionsY: [ 78, 84, 80, 79, 75, 75, 74, 75, 71, 74, 73, 70, 73, 72,
    72, 70, 69, 72, 71, 72, 70, 72, 70, 74, 71, 77, 77, 74, 73, 75, 76,
    78, 78, 78, 76, 76, 78, 79, 77, 76, 75, 77, 76, 76, 76, 77, 79, 80,
    78, 76, 79, 76, 76, 78, 81, 77, 76, 77, 78, 78, 75, 77, 75, 78, 77,
    79, 76, 75, 79, 75, 75, 78, 78, 78, 79, 78, 81, 79, 79, 77, 76, 79,
    78, 80, 79, 76, 79, 80, 78, 79, 77, 76, 80, 78, 80, 77, 79, 78, 81,
    78 ]
