%YAML:1.0
---
videoName: "headShake19.mp4"
gestureLabel: 201
fps: 29
pixelSizeInCmTemp: 3.1933333333333330e-01
faceCenterPointX: 243
faceCenterPointY: 78
headPositionsX: [ 242, 244, 241, 245, 243, 242, 243, 244, 244, 244, 245,
    242, 241, 245, 242, 243, 242, 242, 242, 241, 240, 242, 243, 242, 241,
    242, 242, 244, 244, 245, 240, 242, 243, 242, 243, 238, 240, 237, 237,
    232, 234, 236, 236, 244, 246, 252, 257, 255, 256, 255, 249, 244, 240,
    234, 231, 233, 232, 232, 237, 241, 243, 248, 248, 246, 247, 242, 243,
    241, 239, 238, 237, 236, 238, 240, 240, 242, 242, 244, 243, 247, 242,
    245, 241, 243, 241, 243, 240, 242, 238, 240, 241, 242, 244, 243, 242,
    243, 243, 241, 243, 244 ]
headPositionsY: [ 78, 77, 77, 76, 76, 76, 75, 77, 75, 74, 75, 77, 76, 79,
    77, 78, 75, 78, 78, 79, 76, 78, 76, 79, 76, 78, 77, 78, 75, 79, 77,
    78, 76, 77, 79, 75, 78, 74, 75, 78, 76, 77, 75, 78, 79, 75, 75, 74,
    74, 77, 75, 77, 76, 74, 75, 74, 77, 76, 77, 78, 77, 79, 78, 75, 77,
    80, 79, 76, 75, 79, 76, 79, 79, 77, 79, 76, 78, 78, 78, 80, 77, 77,
    77, 79, 78, 80, 78, 77, 80, 78, 78, 79, 80, 80, 79, 79, 79, 76, 79,
    78 ]
