%YAML:1.0
---
videoName: "headNod34.mp4"
gestureLabel: 202
fps: 29
pixelSizeInCmTemp: 2.9567901234567900e-01
faceCenterPointX: 266
faceCenterPointY: 78
headPositionsX: [ 266, 267, 271, 266, 271, 267, 269, 270, 272, 268, 269,
    267, 268, 269, 269, 269, 268, 268, 269, 267, 270, 268, 269, 271, 268,
    272, 268, 270, 269, 271, 272, 267, 267, 271, 268, 269, 271, 271, 270,
    269, 269, 268, 269, 272, 272, 271, 270, 267, 269, 270, 271, 270, 270,
    267, 269, 269, 271, 268, 270, 272, 272, 269, 272, 272, 268, 268, 268,
    268, 270, 270, 269, 269, 269, 268, 265, 267, 266, 264, 268, 268, 267,
    265, 266, 266, 266, 265, 267, 266, 266, 267, 264, 266, 265, 266, 267,
    265, 264, 265, 268, 265 ]
headPositionsY: [ 77, 74, 77, 78, 78, 74, 76, 74, 79, 74, 78, 77, 79, 75,
    76, 74, 78, 76, 79, 73, 76, 75, 76, 75, 77, 77, 77, 75, 75, 75, 74,
    78, 74, 75, 76, 76, 75, 76, 70, 70, 70, 69, 72, 74, 82, 83, 87, 89,
    85, 83, 80, 76, 76, 74, 70, 75, 73, 75, 82, 84, 85, 82, 80, 81, 79,
    81, 75, 77, 80, 82, 84, 86, 86, 85, 84, 78, 77, 75, 78, 76, 79, 83,
    80, 84, 85, 80, 79, 81, 80, 76, 79, 77, 80, 78, 82, 80, 80, 81, 80,
    81 ]
