%YAML:1.0
---
videoName: "headShake27.mp4"
gestureLabel: 201
fps: 29
pixelSizeInCmTemp: 3.3263888888888887e-01
faceCenterPointX: 244
faceCenterPointY: 78
headPositionsX: [ 245, 246, 246, 249, 251, 252, 255, 254, 257, 257, 258,
    256, 256, 252, 255, 248, 250, 245, 243, 241, 240, 240, 235, 238, 236,
    234, 232, 230, 232, 234, 231, 233, 232, 233, 238, 238, 242, 244, 244,
    249, 247, 249, 248, 248, 248, 249, 248, 251, 249, 246, 245, 244, 242,
    243, 237, 239, 235, 234, 232, 235, 234, 235, 235, 233, 235, 236, 237,
    236, 242, 241, 244, 245, 245, 248, 246, 247, 247, 248, 249, 247, 248,
    245, 246, 244, 244, 245, 246, 244, 245, 243, 246, 242, 246, 243, 245,
    245, 246, 245, 246, 246 ]
headPositionsY: [ 77, 76, 79, 75, 79, 77, 75, 75, 76, 75, 74, 78, 76, 77,
    81, 76, 77, 76, 78, 80, 78, 77, 79, 81, 77, 79, 78, 77, 80, 76, 79,
    81, 79, 79, 78, 80, 78, 78, 82, 77, 81, 80, 79, 79, 80, 79, 79, 79,
    77, 77, 80, 77, 80, 81, 79, 80, 77, 79, 81, 76, 79, 79, 80, 81, 81,
    77, 78, 77, 78, 77, 81, 80, 77, 79, 78, 81, 79, 82, 77, 80, 78, 78,
    77, 81, 78, 79, 80, 79, 79, 81, 79, 80, 79, 78, 78, 78, 81, 81, 80,
    82 ]
