%YAML:1.0
---
videoName: "headNod10.mp4"
gestureLabel: 202
fps: 29
pixelSizeInCmTemp: 3.2808219178082193e-01
faceCenterPointX: 260
faceCenterPointY: 67
headPositionsX: [ 258, 260, 261, 259, 257, 257, 256, 260, 259, 259, 256,
    256, 259, 257, 256, 256, 260, 256, 260, 258, 258, 258, 261, 260, 259,
    259, 258, 260, 260, 259, 259, 257, 257, 258, 258, 261, 257, 260, 257,
    257, 258, 260, 260, 259, 262, 262, 262, 260, 261, 260, 259, 259, 261,
    259, 260, 257, 258, 261, 259, 259, 259, 260, 259, 259, 259, 262, 259,
    259, 260, 260, 259, 256, 258, 258, 257, 261, 259, 261, 261, 258, 256,
    258, 259, 258, 260, 257, 257, 261, 259, 261, 257, 261, 259, 260, 261,
    260, 262, 263, 261, 261 ]
headPositionsY: [ 67, 69, 69, 72, 70, 68, 69, 72, 68, 72, 72, 68, 72, 72,
    68, 70, 71, 71, 71, 68, 69, 72, 69, 70, 68, 69, 68, 69, 71, 68, 70,
    71, 70, 69, 68, 70, 69, 72, 69, 69, 73, 74, 71, 71, 66, 66, 67, 64,
    61, 63, 62, 66, 67, 73, 72, 73, 72, 70, 71, 64, 67, 62, 63, 65, 65,
    70, 71, 73, 75, 76, 75, 71, 69, 66, 65, 64, 66, 69, 67, 74, 74, 74,
    75, 75, 69, 72, 67, 67, 68, 66, 65, 65, 65, 67, 66, 65, 69, 70, 66,
    68 ]
