%YAML:1.0
---
videoName: "headNod12.mp4"
gestureLabel: 202
fps: 29
pixelSizeInCmTemp: 3.2808219178082193e-01
faceCenterPointX: 254
faceCenterPointY: 69
headPositionsX: [ 252, 255, 255, 252, 255, 252, 254, 254, 257, 257, 256,
    259, 256, 255, 256, 255, 253, 258, 255, 255, 256, 255, 258, 257, 254,
    257, 257, 255, 254, 256, 259, 257, 258, 256, 254, 256, 255, 256, 256,
    256, 252, 255, 253, 256, 256, 254, 253, 256, 255, 256, 256, 256, 256,
    255, 252, 254, 254, 255, 253, 253, 252, 253, 254, 254, 252, 252, 253,
    253, 256, 254, 254, 253, 255, 256, 253, 252, 252, 255, 254, 257, 252,
    255, 257, 257, 254, 252, 252, 254, 256, 256, 256, 257, 257, 253, 253,
    255, 253, 256, 254, 255 ]
headPositionsY: [ 69, 75, 71, 76, 72, 70, 74, 74, 76, 76, 73, 73, 74, 72,
    72, 71, 71, 75, 71, 75, 72, 75, 72, 71, 72, 74, 73, 76, 76, 75, 74,
    75, 72, 74, 72, 73, 71, 67, 68, 65, 62, 60, 65, 63, 64, 67, 69, 71,
    70, 73, 76, 79, 79, 79, 78, 72, 69, 65, 64, 66, 65, 65, 62, 67, 66,
    66, 71, 70, 74, 72, 77, 74, 76, 75, 74, 72, 67, 66, 66, 65, 66, 65,
    64, 68, 66, 69, 67, 71, 74, 75, 73, 76, 74, 70, 72, 73, 69, 70, 70,
    72 ]
