%YAML:1.0
---
videoName: "headLookDown8.mp4"
gestureLabel: 206
fps: 29
pixelSizeInCmTemp: 3.3732394366197183e-01
faceCenterPointX: 276
faceCenterPointY: 96
headPositionsX: [ 276, 275, 274, 272, 272, 276, 276, 274, 273, 275, 272,
    274, 277, 275, 273, 275, 277, 276, 273, 276, 272, 274, 275, 274, 274,
    273, 277, 277, 273, 272, 274, 275, 276, 276, 275, 273, 273, 272, 274,
    275, 274, 273, 274, 272, 274, 276, 278, 273, 276, 278, 275, 277, 278,
    274, 278, 278, 276, 276, 278, 274, 278, 277, 278, 276, 275, 276, 278,
    275, 273, 277, 276, 278, 275, 278, 276, 276, 274, 275, 275, 276, 277,
    278, 277, 278, 278, 275, 276, 277, 274, 278, 276, 276, 279, 278, 277,
    277, 274, 275, 275, 277 ]
headPositionsY: [ 98, 77, 81, 78, 81, 82, 79, 78, 81, 79, 78, 79, 77, 81,
    79, 81, 80, 80, 81, 82, 78, 80, 79, 77, 78, 82, 79, 78, 79, 79, 79,
    81, 82, 84, 82, 83, 85, 85, 83, 86, 85, 91, 90, 92, 92, 92, 92, 91,
    95, 97, 97, 97, 98, 97, 96, 96, 99, 96, 97, 99, 96, 96, 98, 98, 96,
    96, 98, 98, 97, 97, 99, 99, 97, 96, 96, 99, 95, 97, 97, 96, 94, 95,
    97, 96, 96, 98, 98, 97, 96, 97, 95, 94, 98, 97, 97, 97, 96, 99, 94,
    96 ]
