%YAML:1.0
---
videoName: "headShake15.mp4"
gestureLabel: 201
fps: 29
pixelSizeInCmTemp: 3.3263888888888887e-01
faceCenterPointX: 243
faceCenterPointY: 76
headPositionsX: [ 243, 244, 242, 245, 243, 246, 243, 246, 244, 246, 245,
    242, 244, 244, 242, 242, 244, 242, 242, 243, 242, 242, 243, 243, 240,
    241, 244, 242, 245, 243, 245, 242, 243, 244, 243, 241, 242, 243, 242,
    242, 241, 243, 241, 244, 244, 241, 246, 242, 245, 242, 241, 245, 241,
    240, 242, 241, 240, 242, 241, 243, 241, 244, 243, 248, 251, 253, 256,
    258, 256, 259, 255, 254, 250, 246, 241, 240, 236, 238, 235, 239, 238,
    242, 243, 247, 249, 244, 247, 246, 243, 242, 241, 241, 244, 241, 241,
    243, 243, 241, 240, 245 ]
headPositionsY: [ 76, 75, 78, 77, 76, 73, 76, 78, 76, 76, 74, 76, 75, 77,
    73, 75, 74, 75, 77, 72, 77, 76, 74, 73, 76, 75, 74, 74, 73, 73, 73,
    75, 76, 73, 73, 76, 74, 75, 74, 73, 74, 77, 73, 76, 76, 75, 76, 75,
    77, 74, 75, 75, 78, 75, 76, 73, 74, 74, 75, 74, 78, 73, 76, 78, 74,
    73, 71, 76, 74, 76, 75, 76, 77, 74, 78, 75, 79, 73, 75, 77, 75, 77,
    75, 78, 76, 77, 76, 74, 75, 76, 78, 78, 76, 76, 76, 78, 74, 76, 74,
    79 ]
