%YAML:1.0
---
videoName: "headNod18.mp4"
gestureLabel: 202
fps: 29
pixelSizeInCmTemp: 3.3263888888888887e-01
faceCenterPointX: 255
faceCenterPointY: 77
headPositionsX: [ 256, 258, 254, 254, 258, 255, 255, 254, 257, 254, 255,
    256, 258, 258, 257, 253, 256, 253, 253, 255, 256, 256, 256, 254, 256,
    256, 256, 254, 258, 256, 257, 253, 254, 256, 254, 254, 254, 255, 256,
    257, 257, 256, 256, 256, 256, 255, 257, 255, 255, 254, 256, 255, 256,
    253, 255, 256, 256, 256, 254, 253, 256, 255, 256, 253, 253, 252, 256,
    252, 256, 254, 255, 255, 254, 254, 256, 256, 253, 254, 255, 252, 256,
    254, 253, 256, 254, 253, 255, 256, 254, 256, 255, 254, 255, 256, 256,
    253, 256, 252, 255, 256 ]
headPositionsY: [ 77, 79, 77, 78, 79, 77, 77, 75, 76, 76, 76, 80, 75, 79,
    79, 79, 77, 77, 80, 79, 77, 76, 76, 80, 76, 80, 77, 78, 77, 79, 77,
    76, 79, 79, 80, 80, 76, 80, 76, 76, 74, 73, 72, 71, 74, 72, 69, 71,
    74, 77, 78, 81, 81, 83, 81, 79, 79, 75, 73, 70, 74, 74, 75, 81, 81,
    82, 82, 76, 77, 74, 73, 74, 79, 81, 81, 85, 82, 78, 75, 74, 76, 74,
    75, 77, 78, 81, 81, 80, 78, 81, 80, 75, 75, 77, 76, 78, 80, 79, 77,
    76 ]
