%YAML:1.0
---
videoName: "headShake0.mp4"
gestureLabel: 201
fps: 29
pixelSizeInCmTemp: 3.2808219178082193e-01
faceCenterPointX: 279
faceCenterPointY: 94
headPositionsX: [ 278, 281, 278, 281, 278, 277, 278, 278, 279, 281, 280,
    278, 278, 278, 276, 279, 278, 278, 277, 277, 277, 278, 278, 280, 281,
    279, 277, 281, 281, 281, 278, 280, 281, 280, 278, 278, 281, 276, 279,
    278, 281, 282, 283, 289, 293, 296, 300, 301, 299, 299, 295, 293, 287,
    285, 276, 276, 273, 271, 274, 276, 284, 288, 288, 291, 288, 286, 288,
    280, 279, 277, 271, 274, 275, 275, 281, 281, 284, 285, 282, 284, 280,
    277, 277, 275, 277, 277, 279, 279, 276, 279, 278, 278, 278, 281, 279,
    279, 279, 278, 281, 277 ]
headPositionsY: [ 96, 95, 94, 92, 91, 93, 95, 95, 91, 92, 94, 91, 94, 95,
    91, 91, 93, 95, 93, 95, 96, 95, 93, 92, 91, 94, 93, 93, 91, 91, 92,
    93, 95, 92, 93, 92, 94, 95, 91, 96, 94, 95, 89, 92, 91, 91, 90, 91,
    90, 91, 92, 91, 95, 91, 93, 91, 92, 93, 90, 92, 91, 91, 94, 93, 91,
    94, 93, 91, 93, 93, 91, 92, 93, 95, 91, 92, 91, 93, 95, 94, 92, 92,
    91, 93, 93, 93, 92, 94, 94, 96, 95, 94, 96, 94, 95, 96, 97, 97, 95,
    93 ]
