%YAML:1.0
---
videoName: "headLookUp3.mp4"
gestureLabel: 205
fps: 29
pixelSizeInCmTemp: 3.7421874999999999e-01
faceCenterPointX: 254
faceCenterPointY: 68
headPositionsX: [ 253, 255, 255, 253, 256, 256, 253, 257, 254, 253, 254,
    257, 257, 256, 255, 255, 257, 258, 258, 259, 258, 255, 258, 257, 257,
    256, 256, 254, 254, 257, 258, 255, 256, 258, 256, 254, 258, 257, 256,
    258, 258, 257, 257, 258, 252, 256, 258, 254, 254, 257, 254, 256, 255,
    257, 255, 254, 257, 253, 254, 253, 254, 257, 256, 254, 253, 255, 256,
    254, 257, 256, 255, 254, 255, 257, 254, 254, 253, 253, 257, 257, 255,
    255, 254, 255, 253, 256, 255, 253, 256, 253, 256, 256, 256, 258, 256,
    256, 255, 256, 256, 254 ]
headPositionsY: [ 69, 81, 81, 83, 80, 82, 82, 81, 83, 83, 80, 80, 81, 83,
    82, 80, 82, 81, 82, 80, 84, 80, 83, 83, 84, 83, 81, 79, 83, 84, 83,
    81, 82, 80, 83, 81, 83, 81, 79, 80, 82, 78, 75, 77, 72, 72, 71, 70,
    67, 67, 66, 68, 66, 67, 70, 70, 71, 68, 68, 67, 67, 66, 67, 70, 70,
    69, 68, 65, 67, 67, 66, 69, 67, 65, 65, 65, 67, 66, 69, 66, 70, 65,
    66, 67, 65, 69, 70, 69, 66, 69, 65, 65, 67, 66, 67, 70, 71, 71, 70,
    68 ]
