%YAML:1.0
---
videoName: "headShake16.mp4"
gestureLabel: 201
fps: 29
pixelSizeInCmTemp: 3.2364864864864862e-01
faceCenterPointX: 242
faceCenterPointY: 77
headPositionsX: [ 242, 242, 244, 246, 242, 244, 242, 241, 241, 241, 243,
    243, 243, 244, 243, 243, 245, 242, 245, 243, 241, 242, 241, 241, 240,
    245, 244, 242, 240, 241, 242, 241, 241, 240, 243, 242, 244, 243, 245,
    249, 252, 251, 257, 256, 255, 249, 247, 245, 241, 236, 238, 235, 234,
    235, 238, 240, 246, 245, 249, 248, 249, 249, 248, 241, 242, 241, 236,
    237, 233, 235, 233, 236, 239, 242, 243, 243, 244, 245, 242, 242, 244,
    241, 238, 241, 238, 237, 238, 241, 241, 240, 240, 240, 241, 244, 242,
    241, 240, 240, 241, 242 ]
headPositionsY: [ 77, 77, 76, 78, 73, 78, 76, 76, 73, 78, 74, 75, 74, 74,
    75, 77, 74, 76, 77, 78, 78, 77, 73, 77, 73, 75, 75, 76, 74, 75, 74,
    74, 77, 75, 77, 74, 75, 75, 76, 74, 76, 76, 73, 75, 74, 77, 76, 75,
    77, 76, 76, 75, 75, 78, 78, 77, 76, 77, 74, 78, 78, 77, 75, 79, 78,
    77, 77, 77, 74, 75, 79, 76, 76, 75, 75, 75, 76, 76, 79, 77, 78, 75,
    76, 75, 77, 76, 75, 78, 76, 76, 76, 77, 76, 78, 78, 77, 74, 77, 77,
    75 ]
