%YAML:1.0
---
videoName: "headNod29.mp4"
gestureLabel: 202
fps: 29
pixelSizeInCmTemp: 3.1933333333333330e-01
faceCenterPointX: 271
faceCenterPointY: 70
headPositionsX: [ 273, 274, 272, 273, 273, 272, 273, 274, 275, 271, 275,
    274, 274, 272, 270, 273, 274, 270, 272, 270, 274, 271, 271, 274, 273,
    273, 270, 273, 269, 271, 269, 268, 272, 272, 272, 271, 269, 268, 270,
    268, 270, 269, 271, 269, 270, 270, 273, 270, 271, 269, 269, 272, 274,
    272, 272, 272, 270, 273, 268, 270, 269, 268, 269, 271, 272, 267, 272,
    270, 269, 268, 268, 269, 269, 270, 270, 273, 273, 272, 273, 272, 272,
    272, 269, 272, 271, 270, 270, 272, 272, 270, 272, 270, 271, 269, 268,
    271, 270, 271, 271, 272 ]
headPositionsY: [ 71, 74, 72, 75, 75, 74, 78, 79, 81, 79, 82, 81, 76, 73,
    72, 70, 70, 67, 66, 65, 66, 66, 68, 70, 72, 74, 76, 78, 77, 82, 79,
    77, 77, 74, 70, 72, 73, 72, 73, 75, 74, 76, 79, 80, 81, 78, 78, 73,
    75, 72, 73, 76, 74, 81, 79, 83, 79, 78, 79, 73, 74, 73, 73, 77, 75,
    77, 78, 80, 73, 75, 74, 70, 72, 71, 69, 70, 73, 73, 74, 77, 74, 75,
    75, 70, 74, 70, 70, 68, 71, 71, 69, 68, 71, 71, 72, 68, 68, 69, 68,
    72 ]
