%YAML:1.0
---
videoName: "headShake18.mp4"
gestureLabel: 201
fps: 30
pixelSizeInCmTemp: 3.2808219178082193e-01
faceCenterPointX: 240
faceCenterPointY: 77
headPositionsX: [ 240, 243, 244, 241, 240, 241, 243, 243, 241, 240, 240,
    238, 241, 239, 240, 241, 243, 243, 240, 240, 239, 239, 239, 243, 241,
    242, 238, 239, 240, 242, 239, 237, 240, 238, 240, 243, 242, 246, 247,
    250, 252, 252, 249, 251, 249, 244, 239, 237, 234, 228, 229, 231, 237,
    239, 244, 248, 251, 249, 246, 248, 245, 242, 237, 237, 233, 233, 237,
    236, 236, 241, 245, 242, 243, 246, 246, 240, 242, 239, 235, 234, 234,
    235, 236, 236, 237, 238, 241, 243, 241, 243, 242, 239, 244, 238, 239,
    240, 238, 239, 240, 241 ]
headPositionsY: [ 75, 74, 76, 76, 78, 76, 74, 75, 77, 78, 74, 74, 76, 78,
    75, 75, 75, 78, 77, 75, 73, 77, 74, 77, 76, 78, 77, 76, 76, 76, 76,
    77, 79, 74, 79, 74, 77, 77, 77, 78, 74, 76, 74, 74, 77, 77, 76, 79,
    77, 74, 74, 76, 77, 76, 78, 78, 77, 75, 75, 78, 75, 76, 76, 76, 76,
    79, 78, 74, 79, 76, 77, 78, 79, 78, 77, 76, 76, 78, 75, 77, 75, 78,
    75, 79, 75, 76, 75, 76, 76, 76, 77, 77, 79, 79, 75, 78, 77, 75, 75,
    78 ]
