%YAML:1.0
---
videoName: "headLookDown2.mp4"
gestureLabel: 206
fps: 29
pixelSizeInCmTemp: 3.3732394366197183e-01
faceCenterPointX: 274
faceCenterPointY: 95
headPositionsX: [ 273, 272, 275, 276, 275, 275, 273, 272, 276, 273, 273,
    272, 273, 273, 272, 272, 272, 274, 272, 274, 271, 272, 271, 272, 275,
    274, 273, 275, 274, 271, 275, 271, 275, 273, 273, 276, 274, 275, 272,
    274, 273, 275, 275, 275, 274, 272, 272, 273, 272, 272, 273, 272, 275,
    272, 274, 275, 273, 276, 272, 273, 276, 275, 274, 272, 276, 277, 273,
    275, 274, 274, 273, 275, 274, 277, 275, 277, 274, 276, 276, 276, 274,
    276, 276, 276, 276, 273, 276, 275, 274, 274, 273, 276, 272, 276, 273,
    276, 276, 275, 275, 277 ]
headPositionsY: [ 93, 77, 79, 79, 80, 77, 77, 79, 77, 78, 78, 78, 77, 79,
    80, 79, 81, 80, 78, 80, 77, 78, 78, 77, 79, 78, 78, 79, 82, 79, 80,
    80, 80, 82, 81, 83, 84, 85, 86, 85, 89, 88, 92, 92, 95, 95, 96, 94,
    96, 93, 94, 94, 95, 94, 95, 96, 92, 95, 93, 92, 97, 94, 96, 94, 95,
    93, 93, 97, 93, 94, 92, 93, 95, 93, 96, 96, 97, 95, 93, 95, 97, 96,
    97, 96, 93, 96, 92, 93, 98, 93, 98, 94, 94, 95, 93, 97, 98, 93, 97,
    95 ]
