%YAML:1.0
---
videoName: "headShake47.mp4"
gestureLabel: 201
fps: 29
pixelSizeInCmTemp: 3.2364864864864862e-01
faceCenterPointX: 258
faceCenterPointY: 86
headPositionsX: [ 257, 260, 258, 259, 258, 261, 261, 261, 260, 263, 260,
    260, 257, 261, 260, 258, 259, 258, 262, 260, 261, 263, 258, 261, 258,
    260, 261, 263, 259, 262, 261, 261, 259, 258, 256, 256, 252, 252, 248,
    247, 249, 249, 253, 256, 259, 267, 267, 268, 267, 264, 259, 258, 254,
    250, 256, 256, 264, 265, 264, 266, 263, 259, 254, 253, 252, 252, 258,
    263, 264, 263, 263, 260, 257, 254, 253, 254, 258, 259, 260, 263, 263,
    264, 259, 254, 255, 253, 256, 258, 254, 255, 259, 257, 256, 255, 257,
    258, 255, 258, 256, 256 ]
headPositionsY: [ 84, 86, 86, 86, 87, 87, 84, 83, 84, 83, 83, 87, 83, 86,
    82, 86, 82, 87, 85, 87, 84, 87, 87, 82, 87, 85, 86, 86, 83, 84, 87,
    87, 83, 85, 84, 88, 86, 83, 86, 86, 85, 88, 87, 86, 89, 86, 90, 88,
    88, 87, 89, 88, 87, 87, 89, 89, 91, 88, 89, 87, 88, 90, 87, 89, 87,
    88, 87, 85, 85, 87, 88, 88, 86, 85, 85, 87, 88, 85, 87, 89, 85, 89,
    87, 86, 86, 88, 85, 87, 85, 84, 87, 87, 85, 88, 86, 87, 85, 86, 86,
    85 ]
