%YAML:1.0
---
videoName: "headNod23.mp4"
gestureLabel: 202
fps: 29
pixelSizeInCmTemp: 3.1933333333333330e-01
faceCenterPointX: 273
faceCenterPointY: 75
headPositionsX: [ 274, 272, 275, 276, 272, 274, 272, 273, 276, 273, 272,
    274, 274, 273, 276, 275, 275, 274, 276, 275, 276, 275, 274, 272, 271,
    275, 272, 277, 274, 276, 274, 274, 277, 274, 276, 276, 272, 276, 271,
    272, 270, 269, 272, 273, 271, 274, 272, 272, 271, 276, 275, 273, 276,
    276, 272, 273, 272, 275, 274, 273, 272, 272, 272, 274, 275, 273, 272,
    276, 277, 275, 273, 273, 274, 273, 272, 273, 274, 276, 274, 275, 271,
    275, 273, 271, 274, 272, 276, 273, 274, 273, 275, 271, 273, 276, 271,
    273, 272, 273, 275, 274 ]
headPositionsY: [ 76, 78, 76, 76, 78, 76, 78, 75, 75, 76, 77, 76, 78, 76,
    78, 76, 79, 76, 75, 78, 75, 75, 77, 76, 74, 72, 67, 68, 64, 67, 66,
    64, 67, 67, 70, 71, 72, 75, 80, 79, 80, 80, 83, 80, 76, 75, 72, 70,
    69, 67, 69, 69, 67, 69, 72, 76, 77, 76, 79, 76, 76, 78, 74, 71, 71,
    68, 69, 68, 69, 72, 69, 73, 73, 75, 77, 79, 80, 81, 78, 75, 74, 77,
    77, 72, 75, 73, 73, 73, 72, 73, 73, 74, 76, 74, 77, 74, 78, 76, 78,
    77 ]
