%YAML:1.0
---
videoName: "headLookUp6.mp4"
gestureLabel: 205
fps: 30
pixelSizeInCmTemp: 3.7421874999999999e-01
faceCenterPointX: 255
faceCenterPointY: 70
headPositionsX: [ 253, 253, 255, 257, 258, 255, 256, 258, 256, 255, 254,
    256, 257, 256, 257, 254, 257, 256, 254, 256, 252, 255, 257, 255, 254,
    255, 258, 255, 254, 255, 257, 255, 256, 253, 252, 254, 257, 258, 253,
    255, 255, 256, 255, 256, 257, 254, 251, 254, 256, 252, 254, 253, 255,
    253, 253, 256, 255, 257, 255, 255, 256, 254, 256, 257, 254, 253, 254,
    254, 255, 255, 254, 256, 255, 252, 254, 255, 253, 255, 255, 254, 255,
    253, 256, 253, 256, 251, 252, 252, 256, 253, 255, 255, 254, 254, 255,
    254, 256, 254, 255, 255 ]
headPositionsY: [ 69, 85, 83, 83, 85, 82, 84, 82, 82, 83, 82, 85, 82, 86,
    81, 84, 84, 84, 84, 85, 80, 83, 81, 82, 82, 79, 81, 76, 74, 73, 75,
    70, 71, 71, 69, 72, 68, 70, 70, 71, 66, 67, 69, 70, 68, 68, 69, 67,
    71, 67, 69, 70, 68, 68, 68, 66, 70, 71, 69, 71, 68, 67, 67, 67, 66,
    67, 69, 68, 71, 68, 68, 71, 68, 69, 68, 70, 68, 68, 68, 71, 69, 69,
    69, 70, 71, 69, 71, 71, 68, 69, 68, 69, 68, 71, 71, 69, 71, 68, 72,
    70 ]
