%YAML:1.0
---
videoName: "headNod44.mp4"
gestureLabel: 202
fps: 29
pixelSizeInCmTemp: 2.9567901234567900e-01
faceCenterPointX: 268
faceCenterPointY: 78
headPositionsX: [ 269, 268, 270, 271, 269, 268, 268, 266, 270, 269, 267,
    268, 270, 270, 271, 267, 272, 267, 271, 271, 269, 271, 271, 267, 266,
    270, 266, 265, 265, 267, 268, 268, 266, 266, 270, 268, 268, 269, 268,
    265, 268, 264, 268, 268, 264, 268, 268, 268, 268, 269, 269, 269, 265,
    266, 265, 266, 268, 269, 266, 270, 266, 268, 269, 266, 267, 268, 268,
    268, 268, 266, 268, 266, 268, 266, 271, 270, 271, 267, 270, 271, 271,
    269, 267, 268, 267, 268, 267, 270, 269, 268, 270, 268, 266, 265, 268,
    270, 268, 269, 268, 270 ]
headPositionsY: [ 77, 76, 77, 74, 74, 75, 72, 72, 73, 75, 72, 72, 72, 73,
    73, 75, 77, 78, 80, 84, 87, 86, 90, 92, 94, 95, 91, 85, 78, 77, 72,
    68, 67, 72, 71, 77, 81, 84, 85, 89, 86, 86, 82, 79, 73, 72, 72, 77,
    77, 80, 87, 89, 92, 86, 87, 80, 78, 74, 75, 76, 75, 75, 80, 80, 83,
    87, 83, 79, 77, 80, 75, 78, 76, 77, 77, 83, 83, 89, 89, 86, 84, 82,
    80, 78, 78, 77, 78, 79, 75, 80, 78, 81, 79, 79, 75, 78, 77, 76, 79,
    78 ]
