%YAML:1.0
---
videoName: "headShake20.mp4"
gestureLabel: 201
fps: 29
pixelSizeInCmTemp: 3.3263888888888887e-01
faceCenterPointX: 242
faceCenterPointY: 78
headPositionsX: [ 241, 243, 243, 242, 244, 241, 244, 243, 243, 241, 242,
    242, 245, 243, 242, 241, 243, 245, 244, 245, 244, 241, 244, 241, 244,
    244, 245, 244, 242, 243, 242, 243, 245, 245, 241, 244, 243, 243, 245,
    243, 246, 250, 253, 258, 262, 257, 258, 252, 251, 241, 238, 236, 231,
    231, 230, 231, 236, 242, 248, 252, 253, 252, 251, 244, 244, 239, 236,
    232, 233, 231, 236, 240, 242, 241, 248, 244, 247, 245, 243, 239, 239,
    238, 238, 239, 241, 241, 243, 243, 242, 246, 242, 245, 245, 244, 242,
    243, 242, 243, 239, 240 ]
headPositionsY: [ 80, 78, 75, 78, 76, 77, 78, 77, 74, 77, 77, 78, 75, 75,
    75, 78, 75, 78, 76, 77, 76, 75, 74, 78, 77, 77, 74, 74, 75, 76, 76,
    75, 74, 76, 78, 75, 79, 74, 76, 75, 75, 76, 76, 75, 72, 75, 75, 77,
    76, 77, 78, 76, 75, 77, 75, 78, 78, 78, 78, 77, 76, 76, 77, 77, 76,
    77, 75, 75, 75, 78, 76, 75, 76, 76, 75, 76, 79, 75, 79, 78, 76, 79,
    76, 77, 77, 79, 77, 75, 75, 76, 77, 78, 78, 76, 76, 75, 76, 77, 76,
    75 ]
