%YAML:1.0
---
videoName: "headShake39.mp4"
gestureLabel: 201
fps: 29
pixelSizeInCmTemp: 3.1933333333333330e-01
faceCenterPointX: 263
faceCenterPointY: 83
headPositionsX: [ 263, 264, 259, 261, 260, 260, 264, 260, 263, 263, 260,
    260, 261, 261, 260, 263, 262, 260, 261, 261, 257, 258, 256, 254, 254,
    251, 250, 244, 245, 244, 241, 246, 248, 252, 254, 263, 267, 273, 274,
    283, 283, 280, 274, 270, 264, 257, 253, 246, 246, 249, 248, 250, 254,
    255, 261, 266, 271, 274, 277, 281, 278, 273, 267, 266, 258, 254, 250,
    248, 248, 246, 252, 251, 255, 256, 257, 259, 259, 265, 265, 265, 263,
    268, 265, 266, 266, 267, 264, 267, 263, 267, 264, 265, 264, 264, 263,
    263, 264, 262, 261, 260 ]
headPositionsY: [ 84, 83, 81, 84, 84, 83, 83, 85, 83, 81, 84, 82, 81, 83,
    84, 84, 83, 85, 81, 85, 81, 83, 85, 81, 84, 83, 80, 83, 81, 82, 82,
    83, 81, 80, 85, 83, 83, 80, 78, 79, 79, 80, 81, 84, 83, 83, 81, 82,
    85, 81, 83, 83, 82, 83, 82, 83, 83, 80, 82, 79, 83, 82, 82, 84, 81,
    81, 82, 79, 77, 81, 78, 81, 82, 81, 81, 80, 81, 81, 81, 80, 81, 82,
    80, 84, 81, 83, 84, 84, 84, 83, 82, 83, 82, 84, 81, 84, 84, 83, 81,
    81 ]
