%YAML:1.0
---
videoName: "headShake27.mp4"
gestureLabel: 201
fps: 29
pixelSizeInCmTemp: 3.3263888888888887e-01
faceCenterPointX: 244
faceCenterPointY: 78
headPositionsX: [ 243, 248, 248, 249, 251, 250, 252, 253, 253, 256, 256,
    257, 255, 252, 251, 250, 248, 244, 245, 242, 241, 239, 235, 238, 234,
    232, 231, 232, 232, 233, 234, 236, 232, 233, 239, 240, 238, 243, 246,
    246, 248, 248, 248, 247, 248, 250, 249, 248, 248, 248, 245, 244, 244,
    240, 236, 238, 233, 233, 233, 235, 230, 235, 232, 232, 236, 237, 234,
    237, 240, 241, 240, 245, 245, 247, 246, 246, 247, 247, 250, 245, 245,
    247, 246, 246, 244, 248, 245, 246, 244, 245, 243, 242, 246, 246, 243,
    244, 243, 246, 244, 245 ]
headPositionsY: [ 79, 78, 78, 77, 76, 75, 76, 78, 78, 77, 74, 75, 74, 74,
    81, 76, 80, 77, 78, 79, 80, 77, 80, 78, 79, 78, 77, 80, 76, 77, 81,
    80, 81, 78, 79, 77, 81, 81, 79, 81, 82, 78, 82, 80, 82, 79, 81, 81,
    79, 80, 78, 77, 78, 78, 80, 78, 79, 78, 78, 79, 78, 78, 78, 80, 77,
    79, 78, 79, 78, 81, 81, 78, 76, 77, 78, 82, 80, 79, 80, 80, 79, 81,
    79, 82, 82, 77, 79, 79, 77, 81, 80, 81, 78, 82, 81, 81, 80, 79, 81,
    78 ]
