%YAML:1.0
---
videoName: "headShake35.mp4"
gestureLabel: 201
fps: 29
pixelSizeInCmTemp: 3.2364864864864862e-01
faceCenterPointX: 267
faceCenterPointY: 82
headPositionsX: [ 266, 267, 269, 264, 266, 268, 270, 269, 269, 269, 268,
    269, 269, 270, 268, 268, 266, 268, 269, 266, 267, 268, 269, 267, 271,
    269, 268, 267, 269, 268, 267, 268, 268, 270, 270, 270, 268, 267, 266,
    270, 270, 266, 265, 269, 266, 266, 270, 266, 266, 266, 267, 268, 270,
    269, 265, 269, 269, 269, 267, 267, 266, 269, 267, 270, 272, 276, 276,
    282, 279, 278, 275, 271, 266, 263, 261, 260, 262, 263, 264, 271, 274,
    275, 274, 272, 269, 266, 264, 264, 260, 261, 263, 263, 263, 268, 266,
    267, 268, 268, 265, 266 ]
headPositionsY: [ 84, 80, 78, 80, 82, 80, 82, 80, 82, 80, 82, 79, 80, 80,
    81, 81, 82, 80, 80, 79, 79, 79, 80, 79, 78, 78, 79, 79, 82, 81, 78,
    78, 80, 80, 78, 81, 82, 81, 78, 79, 81, 80, 82, 82, 80, 82, 83, 82,
    82, 82, 82, 79, 82, 80, 80, 80, 82, 79, 80, 81, 81, 79, 82, 82, 79,
    79, 82, 81, 79, 81, 80, 82, 81, 81, 79, 78, 80, 80, 80, 82, 82, 82,
    83, 82, 81, 81, 82, 81, 83, 83, 83, 83, 80, 79, 79, 79, 80, 84, 79,
    83 ]
