%YAML:1.0
---
videoName: "headShake23.mp4"
gestureLabel: 201
fps: 29
pixelSizeInCmTemp: 3.2808219178082193e-01
faceCenterPointX: 240
faceCenterPointY: 77
headPositionsX: [ 240, 240, 241, 242, 240, 241, 239, 242, 241, 240, 240,
    240, 239, 241, 239, 240, 240, 239, 238, 237, 239, 239, 244, 245, 250,
    252, 254, 256, 254, 256, 254, 253, 254, 252, 248, 247, 240, 239, 233,
    229, 231, 231, 227, 230, 227, 230, 233, 234, 238, 236, 244, 244, 247,
    249, 252, 251, 254, 255, 251, 250, 251, 247, 246, 244, 242, 240, 240,
    237, 235, 238, 237, 234, 234, 236, 234, 232, 237, 236, 238, 237, 241,
    238, 242, 241, 242, 244, 245, 245, 247, 244, 246, 243, 243, 246, 243,
    242, 245, 242, 239, 243 ]
headPositionsY: [ 78, 78, 75, 74, 75, 75, 76, 76, 76, 75, 77, 78, 75, 77,
    78, 79, 75, 78, 76, 75, 78, 76, 77, 79, 75, 76, 77, 75, 76, 75, 74,
    78, 77, 76, 78, 77, 77, 77, 79, 77, 77, 77, 75, 74, 76, 78, 78, 76,
    80, 80, 79, 78, 77, 75, 78, 78, 77, 76, 75, 74, 77, 80, 78, 81, 78,
    79, 78, 78, 80, 78, 77, 80, 79, 80, 80, 78, 78, 77, 80, 75, 78, 77,
    78, 78, 79, 79, 75, 80, 78, 79, 80, 80, 78, 79, 76, 80, 77, 78, 77,
    79 ]
