%YAML:1.0
---
videoName: "headLookUp4.mp4"
gestureLabel: 205
fps: 30
pixelSizeInCmTemp: 3.6846153846153845e-01
faceCenterPointX: 256
faceCenterPointY: 68
headPositionsX: [ 256, 257, 257, 259, 256, 255, 257, 255, 254, 254, 257,
    255, 259, 256, 256, 254, 255, 258, 259, 258, 255, 255, 254, 256, 255,
    254, 255, 256, 256, 258, 257, 256, 255, 254, 255, 255, 256, 256, 254,
    255, 256, 257, 258, 256, 255, 256, 255, 254, 254, 256, 254, 254, 255,
    254, 255, 257, 255, 253, 254, 253, 257, 256, 257, 254, 255, 255, 258,
    257, 254, 258, 256, 254, 257, 259, 255, 255, 254, 256, 257, 257, 256,
    255, 256, 254, 258, 254, 257, 252, 255, 255, 258, 255, 257, 253, 257,
    253, 257, 256, 256, 256 ]
headPositionsY: [ 67, 81, 82, 84, 81, 84, 83, 83, 81, 84, 82, 82, 82, 80,
    82, 83, 84, 82, 82, 81, 82, 81, 79, 79, 81, 78, 77, 74, 72, 70, 71,
    68, 71, 69, 71, 65, 68, 70, 68, 68, 69, 70, 66, 67, 66, 71, 69, 68,
    68, 65, 70, 68, 71, 67, 68, 71, 69, 71, 70, 68, 69, 68, 68, 68, 72,
    72, 72, 69, 69, 70, 69, 69, 70, 67, 67, 68, 69, 69, 65, 69, 68, 66,
    72, 67, 68, 70, 72, 68, 68, 69, 70, 69, 70, 70, 72, 66, 68, 70, 68,
    69 ]
