%YAML:1.0
---
videoName: "headNod6.mp4"
gestureLabel: 202
fps: 29
pixelSizeInCmTemp: 3.1513157894736843e-01
faceCenterPointX: 262
faceCenterPointY: 73
headPositionsX: [ 262, 262, 263, 260, 260, 262, 264, 262, 261, 261, 262,
    263, 263, 261, 261, 263, 263, 262, 264, 264, 263, 265, 261, 264, 265,
    263, 264, 260, 265, 261, 263, 263, 264, 261, 262, 263, 265, 262, 262,
    263, 262, 263, 259, 262, 264, 260, 260, 263, 259, 260, 263, 263, 261,
    260, 262, 264, 259, 259, 260, 261, 258, 262, 260, 263, 260, 260, 262,
    261, 259, 261, 263, 259, 259, 259, 261, 260, 263, 258, 261, 263, 260,
    264, 263, 263, 261, 263, 260, 263, 260, 263, 264, 260, 262, 263, 261,
    260, 263, 262, 259, 260 ]
headPositionsY: [ 73, 72, 72, 73, 74, 72, 76, 76, 74, 73, 71, 75, 71, 75,
    73, 76, 76, 72, 74, 74, 75, 72, 75, 72, 75, 74, 76, 72, 74, 72, 75,
    76, 73, 68, 67, 68, 65, 65, 68, 70, 71, 76, 80, 85, 84, 82, 78, 72,
    69, 66, 65, 67, 74, 76, 78, 84, 84, 82, 80, 73, 68, 70, 66, 68, 70,
    75, 75, 79, 82, 81, 78, 72, 74, 66, 64, 65, 64, 67, 70, 75, 79, 81,
    86, 82, 82, 77, 75, 75, 73, 68, 72, 71, 68, 69, 72, 73, 73, 75, 74,
    73 ]
