%YAML:1.0
---
videoName: "headShake47.mp4"
gestureLabel: 201
fps: 29
pixelSizeInCmTemp: 3.2364864864864862e-01
faceCenterPointX: 258
faceCenterPointY: 86
headPositionsX: [ 257, 261, 260, 258, 262, 261, 258, 259, 262, 261, 260,
    259, 259, 262, 262, 259, 262, 262, 262, 262, 259, 260, 259, 261, 262,
    257, 261, 261, 259, 259, 261, 263, 261, 261, 254, 255, 252, 251, 249,
    248, 250, 249, 254, 254, 260, 266, 269, 267, 263, 265, 260, 257, 255,
    250, 256, 258, 263, 265, 267, 262, 264, 256, 253, 254, 250, 254, 258,
    261, 263, 264, 265, 261, 254, 253, 253, 255, 256, 258, 262, 265, 264,
    263, 258, 257, 255, 253, 252, 255, 257, 259, 258, 258, 257, 259, 256,
    257, 259, 258, 258, 260 ]
headPositionsY: [ 84, 85, 84, 87, 85, 85, 84, 85, 85, 84, 86, 85, 82, 86,
    82, 83, 84, 87, 83, 87, 86, 85, 86, 84, 83, 86, 83, 86, 87, 84, 85,
    85, 84, 86, 85, 85, 83, 86, 85, 83, 87, 86, 89, 88, 87, 86, 87, 86,
    87, 87, 90, 87, 87, 90, 91, 89, 90, 88, 89, 89, 87, 90, 88, 88, 86,
    85, 86, 87, 87, 88, 86, 88, 86, 88, 87, 88, 84, 84, 86, 89, 85, 88,
    89, 87, 88, 87, 88, 88, 86, 87, 85, 87, 88, 85, 87, 87, 85, 88, 87,
    87 ]
