%YAML:1.0
---
videoName: "headLookUp0.mp4"
gestureLabel: 205
fps: 29
pixelSizeInCmTemp: 3.6846153846153845e-01
faceCenterPointX: 258
faceCenterPointY: 66
headPositionsX: [ 256, 260, 258, 257, 261, 260, 259, 260, 258, 259, 256,
    259, 257, 260, 259, 258, 257, 261, 257, 261, 257, 260, 259, 257, 259,
    258, 259, 258, 257, 259, 257, 257, 257, 256, 258, 256, 257, 258, 257,
    257, 258, 258, 260, 258, 259, 257, 256, 258, 259, 258, 257, 256, 258,
    256, 257, 260, 258, 258, 257, 259, 259, 259, 256, 261, 261, 257, 260,
    255, 260, 257, 257, 257, 260, 256, 261, 256, 260, 260, 256, 260, 258,
    260, 259, 259, 255, 258, 257, 258, 259, 258, 259, 259, 255, 260, 257,
    258, 258, 259, 257, 257 ]
headPositionsY: [ 65, 82, 78, 82, 78, 79, 82, 79, 81, 81, 78, 78, 78, 81,
    76, 77, 77, 76, 76, 72, 75, 70, 70, 70, 69, 68, 67, 65, 66, 66, 66,
    65, 64, 69, 66, 64, 64, 67, 65, 67, 67, 68, 66, 67, 65, 68, 68, 66,
    68, 66, 67, 65, 65, 69, 69, 68, 65, 68, 68, 69, 68, 69, 69, 68, 66,
    67, 68, 69, 66, 64, 66, 70, 68, 68, 66, 67, 67, 68, 69, 66, 66, 70,
    69, 69, 67, 69, 66, 67, 65, 67, 69, 67, 66, 67, 68, 66, 68, 67, 70,
    69 ]
