%YAML:1.0
---
videoName: "headShake46.mp4"
gestureLabel: 201
fps: 30
pixelSizeInCmTemp: 3.2364864864864862e-01
faceCenterPointX: 262
faceCenterPointY: 85
headPositionsX: [ 261, 262, 263, 262, 259, 260, 262, 259, 262, 261, 258,
    260, 261, 258, 263, 258, 261, 261, 260, 260, 259, 261, 263, 261, 261,
    257, 260, 259, 261, 263, 265, 269, 272, 273, 280, 275, 278, 274, 268,
    257, 255, 250, 248, 254, 253, 260, 268, 270, 268, 267, 261, 257, 253,
    254, 253, 257, 262, 265, 266, 267, 265, 263, 260, 258, 257, 261, 264,
    269, 267, 270, 270, 263, 262, 259, 257, 262, 261, 261, 262, 263, 266,
    262, 265, 262, 260, 259, 258, 261, 259, 261, 262, 258, 259, 262, 262,
    263, 261, 259, 263, 258 ]
headPositionsY: [ 83, 83, 85, 85, 82, 83, 86, 82, 85, 84, 85, 85, 84, 83,
    85, 85, 83, 86, 82, 82, 85, 85, 84, 83, 85, 82, 85, 83, 84, 83, 82,
    82, 81, 84, 84, 81, 82, 81, 84, 86, 84, 83, 87, 87, 84, 85, 83, 82,
    86, 84, 84, 86, 84, 85, 86, 84, 85, 85, 84, 85, 86, 86, 87, 85, 85,
    86, 86, 85, 87, 84, 87, 83, 87, 84, 85, 83, 84, 84, 84, 86, 87, 86,
    85, 86, 83, 83, 82, 86, 85, 82, 85, 83, 86, 87, 85, 87, 83, 83, 86,
    86 ]
