%YAML:1.0
---
videoName: "headShake38.mp4"
gestureLabel: 201
fps: 29
pixelSizeInCmTemp: 3.2808219178082193e-01
faceCenterPointX: 259
faceCenterPointY: 84
headPositionsX: [ 257, 262, 265, 265, 261, 265, 263, 261, 263, 264, 265,
    262, 266, 263, 262, 265, 262, 264, 261, 265, 264, 263, 262, 264, 262,
    263, 264, 265, 262, 264, 265, 260, 264, 265, 261, 263, 264, 263, 263,
    264, 264, 260, 260, 256, 253, 251, 250, 249, 250, 253, 257, 267, 273,
    278, 279, 272, 269, 262, 253, 248, 247, 250, 255, 258, 268, 273, 271,
    267, 267, 258, 252, 247, 247, 250, 251, 252, 259, 264, 268, 268, 270,
    268, 267, 267, 264, 264, 262, 259, 261, 262, 260, 258, 260, 261, 261,
    260, 258, 258, 260, 258 ]
headPositionsY: [ 85, 83, 82, 82, 82, 85, 85, 81, 86, 82, 85, 83, 83, 82,
    85, 84, 82, 84, 85, 83, 82, 85, 82, 85, 82, 84, 82, 81, 85, 85, 86,
    82, 84, 84, 85, 83, 81, 84, 82, 81, 83, 86, 82, 84, 82, 83, 85, 81,
    81, 82, 84, 82, 81, 81, 85, 83, 83, 85, 86, 85, 84, 80, 85, 83, 82,
    83, 82, 82, 86, 86, 83, 80, 84, 84, 81, 86, 84, 85, 85, 82, 84, 86,
    84, 86, 83, 85, 84, 83, 82, 84, 86, 85, 84, 83, 87, 86, 83, 87, 85,
    84 ]
