%YAML:1.0
---
videoName: "headShake11.mp4"
gestureLabel: 201
fps: 29
pixelSizeInCmTemp: 3.2364864864864862e-01
faceCenterPointX: 244
faceCenterPointY: 76
headPositionsX: [ 245, 243, 240, 243, 240, 243, 241, 244, 242, 242, 242,
    240, 244, 242, 239, 243, 242, 241, 243, 242, 244, 244, 243, 242, 244,
    243, 244, 244, 248, 248, 253, 258, 257, 261, 261, 263, 262, 258, 251,
    247, 242, 237, 233, 231, 226, 226, 231, 231, 234, 242, 246, 252, 252,
    256, 259, 258, 258, 254, 248, 245, 237, 234, 233, 229, 232, 234, 237,
    239, 241, 250, 250, 254, 256, 260, 259, 256, 255, 248, 244, 239, 238,
    236, 235, 234, 235, 238, 242, 244, 245, 245, 248, 247, 250, 246, 247,
    246, 247, 245, 245, 244 ]
headPositionsY: [ 76, 71, 74, 71, 70, 70, 72, 70, 71, 74, 73, 72, 71, 71,
    72, 73, 74, 71, 73, 75, 73, 71, 74, 73, 72, 74, 71, 72, 71, 73, 73,
    73, 71, 72, 71, 70, 74, 75, 74, 73, 75, 73, 72, 73, 75, 76, 74, 76,
    77, 73, 76, 74, 74, 75, 74, 72, 73, 73, 76, 76, 75, 77, 76, 73, 75,
    73, 76, 75, 74, 75, 74, 72, 71, 71, 72, 74, 75, 74, 77, 73, 74, 73,
    75, 76, 76, 74, 75, 76, 74, 74, 77, 76, 73, 72, 76, 75, 73, 77, 77,
    76 ]
