%YAML:1.0
---
videoName: "headNod19.mp4"
gestureLabel: 202
fps: 29
pixelSizeInCmTemp: 3.1933333333333330e-01
faceCenterPointX: 255
faceCenterPointY: 81
headPositionsX: [ 255, 259, 257, 257, 255, 254, 257, 256, 256, 259, 255,
    258, 256, 256, 257, 255, 253, 254, 253, 255, 249, 252, 250, 253, 253,
    251, 252, 251, 249, 253, 252, 253, 251, 255, 255, 255, 253, 253, 255,
    256, 252, 256, 253, 253, 253, 256, 255, 256, 256, 255, 255, 254, 257,
    257, 257, 255, 256, 258, 254, 256, 254, 254, 256, 257, 256, 255, 253,
    257, 254, 254, 257, 258, 257, 256, 258, 256, 257, 257, 254, 253, 253,
    255, 254, 256, 256, 257, 254, 257, 256, 257, 256, 257, 257, 258, 256,
    255, 257, 255, 258, 255 ]
headPositionsY: [ 82, 84, 86, 83, 82, 77, 78, 77, 74, 78, 75, 76, 75, 79,
    79, 78, 75, 78, 78, 76, 77, 80, 78, 76, 77, 79, 80, 76, 78, 78, 77,
    77, 80, 81, 78, 77, 81, 77, 77, 79, 77, 79, 77, 78, 78, 77, 79, 80,
    77, 80, 81, 77, 76, 81, 78, 79, 79, 78, 78, 77, 81, 81, 81, 77, 83,
    82, 77, 78, 75, 74, 72, 72, 74, 76, 79, 81, 85, 84, 80, 81, 78, 75,
    76, 78, 81, 85, 84, 86, 84, 84, 83, 80, 80, 81, 83, 80, 84, 83, 80,
    81 ]
