%YAML:1.0
---
videoName: "headShake42.mp4"
gestureLabel: 201
fps: 29
pixelSizeInCmTemp: 3.2808219178082193e-01
faceCenterPointX: 257
faceCenterPointY: 85
headPositionsX: [ 255, 271, 273, 274, 278, 275, 279, 275, 277, 274, 270,
    268, 269, 265, 261, 255, 251, 252, 248, 246, 246, 244, 242, 244, 243,
    243, 248, 253, 255, 259, 261, 266, 269, 278, 276, 278, 276, 278, 280,
    275, 272, 272, 266, 265, 262, 258, 256, 252, 252, 247, 248, 244, 247,
    245, 246, 246, 248, 253, 253, 255, 259, 260, 266, 263, 269, 268, 267,
    270, 266, 267, 267, 266, 266, 265, 262, 264, 260, 259, 262, 259, 261,
    257, 257, 255, 256, 255, 258, 257, 254, 255, 258, 256, 255, 255, 259,
    259, 258, 255, 256, 256 ]
headPositionsY: [ 87, 82, 82, 79, 80, 83, 80, 82, 84, 81, 81, 84, 84, 86,
    83, 84, 86, 83, 86, 85, 83, 84, 87, 83, 82, 85, 86, 83, 83, 84, 87,
    82, 81, 81, 82, 81, 84, 83, 85, 85, 83, 86, 84, 86, 85, 86, 88, 88,
    87, 87, 83, 86, 87, 85, 85, 85, 87, 86, 86, 85, 87, 87, 87, 85, 83,
    84, 85, 87, 85, 85, 85, 86, 85, 88, 85, 86, 86, 86, 86, 85, 88, 87,
    84, 86, 86, 87, 85, 83, 84, 88, 85, 87, 84, 83, 86, 83, 83, 85, 82,
    84 ]
