%YAML:1.0
---
videoName: "headLookLeft3.mp4"
gestureLabel: 203
fps: 29
pixelSizeInCmTemp: 3.4214285714285714e-01
faceCenterPointX: 290
faceCenterPointY: 74
headPositionsX: [ 289, 266, 262, 266, 264, 263, 268, 269, 269, 272, 274,
    275, 278, 277, 280, 281, 282, 289, 287, 291, 289, 289, 295, 289, 286,
    290, 297, 288, 289, 282, 288, 290, 292, 293, 286, 288, 283, 292, 292,
    289, 287, 287, 290, 298, 292, 287, 286, 289, 293, 286, 289, 291, 291,
    290, 285, 287, 291, 290, 291, 293, 291, 291, 291, 289, 288, 287, 290,
    290, 286, 287, 288, 286, 288, 286, 285, 287, 287, 290, 286, 285, 288,
    287, 289, 288, 288, 287, 292, 289, 285, 286, 284, 286, 287, 290, 287,
    283, 290, 285, 286, 286 ]
headPositionsY: [ 74, 78, 78, 79, 78, 77, 77, 78, 77, 78, 77, 73, 74, 75,
    73, 73, 77, 75, 73, 75, 74, 75, 74, 77, 74, 72, 75, 73, 75, 72, 74,
    74, 74, 77, 72, 75, 73, 74, 72, 75, 75, 72, 73, 78, 74, 73, 74, 72,
    76, 75, 71, 75, 71, 77, 74, 74, 76, 71, 74, 74, 76, 72, 75, 74, 76,
    75, 74, 74, 72, 75, 71, 74, 74, 74, 72, 73, 75, 73, 77, 72, 72, 72,
    72, 73, 73, 73, 77, 75, 75, 74, 74, 75, 74, 74, 73, 75, 72, 71, 74,
    72 ]
