%YAML:1.0
---
videoName: "headLookLeft4.mp4"
gestureLabel: 203
fps: 29
pixelSizeInCmTemp: 3.4710144927536229e-01
faceCenterPointX: 288
faceCenterPointY: 74
headPositionsX: [ 287, 262, 268, 266, 268, 268, 268, 271, 273, 275, 274,
    277, 281, 284, 286, 288, 294, 293, 295, 296, 297, 295, 295, 298, 293,
    296, 291, 298, 297, 293, 296, 295, 294, 292, 292, 292, 296, 292, 295,
    294, 293, 290, 294, 294, 295, 289, 289, 293, 292, 290, 292, 292, 289,
    290, 289, 289, 291, 289, 288, 288, 288, 291, 289, 290, 289, 292, 289,
    288, 288, 290, 290, 292, 290, 290, 290, 292, 293, 289, 295, 289, 291,
    291, 290, 293, 292, 291, 289, 291, 294, 289, 291, 289, 288, 289, 288,
    286, 292, 289, 290, 287 ]
headPositionsY: [ 73, 79, 78, 79, 79, 80, 80, 78, 76, 76, 78, 79, 77, 75,
    78, 76, 76, 77, 74, 78, 76, 78, 76, 75, 73, 75, 76, 77, 76, 75, 75,
    76, 77, 77, 74, 77, 78, 74, 75, 77, 77, 73, 75, 76, 73, 72, 76, 75,
    76, 75, 75, 72, 72, 76, 75, 72, 76, 73, 74, 74, 72, 75, 75, 73, 76,
    75, 72, 76, 75, 76, 72, 73, 73, 77, 76, 76, 75, 76, 78, 73, 74, 74,
    77, 76, 74, 75, 76, 77, 73, 74, 74, 76, 78, 72, 76, 76, 77, 73, 72,
    75 ]
