%YAML:1.0
---
videoName: "headShake1.mp4"
gestureLabel: 201
fps: 29
pixelSizeInCmTemp: 3.3263888888888887e-01
faceCenterPointX: 279
faceCenterPointY: 98
headPositionsX: [ 279, 280, 278, 277, 277, 279, 278, 279, 278, 277, 281,
    278, 277, 281, 277, 280, 281, 281, 281, 278, 280, 278, 278, 279, 277,
    280, 281, 280, 283, 284, 286, 286, 291, 292, 294, 295, 293, 290, 286,
    282, 281, 273, 274, 271, 269, 270, 269, 274, 279, 287, 288, 291, 292,
    291, 290, 285, 282, 280, 276, 270, 269, 267, 266, 267, 275, 277, 282,
    285, 292, 290, 292, 289, 289, 290, 282, 280, 279, 273, 270, 271, 270,
    274, 270, 270, 275, 277, 273, 278, 277, 280, 280, 282, 278, 280, 279,
    279, 279, 282, 280, 279 ]
headPositionsY: [ 97, 95, 95, 97, 99, 95, 98, 96, 96, 97, 98, 99, 95, 96,
    96, 97, 97, 98, 95, 97, 95, 96, 99, 98, 99, 97, 96, 97, 94, 97, 95,
    98, 95, 95, 94, 93, 96, 95, 95, 98, 98, 97, 96, 99, 96, 99, 95, 99,
    97, 97, 94, 96, 97, 94, 94, 94, 97, 95, 95, 98, 97, 95, 94, 96, 99,
    95, 98, 93, 95, 97, 95, 94, 97, 99, 98, 99, 99, 99, 94, 98, 94, 97,
    96, 96, 98, 96, 95, 98, 97, 97, 98, 99, 99, 99, 98, 99, 96, 99, 95,
    100 ]
