%YAML:1.0
---
videoName: "headLookRight7.mp4"
gestureLabel: 204
fps: 30
pixelSizeInCmTemp: 3.4710144927536229e-01
faceCenterPointX: 226
faceCenterPointY: 74
headPositionsX: [ 228, 248, 247, 249, 249, 252, 250, 248, 252, 249, 249,
    251, 252, 247, 249, 251, 251, 250, 250, 247, 249, 250, 250, 248, 250,
    251, 249, 249, 245, 247, 242, 244, 239, 238, 236, 230, 232, 226, 230,
    227, 227, 223, 224, 221, 223, 220, 226, 223, 226, 222, 222, 225, 223,
    224, 224, 223, 222, 223, 224, 223, 226, 223, 221, 220, 225, 224, 225,
    222, 223, 226, 220, 224, 227, 223, 224, 227, 223, 226, 222, 222, 221,
    221, 223, 222, 225, 223, 226, 225, 225, 224, 225, 221, 224, 225, 226,
    223, 224, 226, 223, 223 ]
headPositionsY: [ 74, 77, 76, 73, 74, 77, 75, 73, 72, 76, 74, 76, 74, 75,
    74, 76, 76, 77, 73, 76, 76, 73, 74, 73, 74, 73, 74, 74, 77, 72, 74,
    76, 77, 76, 75, 77, 76, 76, 73, 76, 72, 74, 73, 74, 72, 75, 73, 73,
    76, 75, 75, 76, 74, 72, 74, 74, 75, 71, 73, 76, 75, 73, 72, 75, 76,
    73, 73, 72, 75, 76, 76, 72, 72, 77, 75, 75, 76, 72, 72, 73, 72, 75,
    75, 77, 74, 76, 73, 74, 72, 74, 75, 74, 76, 76, 73, 76, 74, 74, 71,
    74 ]
