%YAML:1.0
---
videoName: "headNod34.mp4"
gestureLabel: 202
fps: 29
pixelSizeInCmTemp: 2.9567901234567900e-01
faceCenterPointX: 266
faceCenterPointY: 78
headPositionsX: [ 265, 269, 268, 266, 267, 268, 268, 269, 272, 269, 269,
    268, 267, 271, 270, 269, 267, 267, 272, 268, 267, 270, 268, 272, 271,
    269, 272, 270, 272, 268, 269, 269, 269, 272, 271, 268, 267, 268, 272,
    272, 272, 271, 272, 269, 272, 268, 272, 269, 268, 270, 270, 267, 271,
    269, 268, 267, 268, 269, 272, 273, 272, 269, 272, 270, 270, 271, 271,
    269, 270, 271, 271, 269, 266, 266, 267, 266, 267, 266, 267, 264, 265,
    266, 263, 264, 264, 264, 267, 265, 264, 268, 265, 264, 265, 267, 268,
    265, 267, 266, 266, 268 ]
headPositionsY: [ 77, 78, 77, 76, 75, 75, 78, 74, 78, 74, 79, 74, 78, 78,
    77, 75, 79, 74, 78, 73, 78, 78, 76, 79, 78, 77, 74, 77, 77, 78, 74,
    75, 76, 77, 77, 76, 78, 72, 74, 73, 73, 73, 75, 73, 81, 82, 91, 89,
    87, 81, 81, 75, 76, 74, 72, 72, 75, 78, 80, 80, 81, 83, 80, 80, 81,
    79, 77, 80, 79, 79, 82, 82, 85, 81, 82, 78, 80, 78, 77, 76, 77, 82,
    83, 83, 81, 79, 80, 78, 80, 77, 76, 79, 80, 78, 81, 79, 82, 80, 77,
    82 ]
