%YAML:1.0
---
videoName: "headShake22.mp4"
gestureLabel: 201
fps: 29
pixelSizeInCmTemp: 3.2364864864864862e-01
faceCenterPointX: 241
faceCenterPointY: 79
headPositionsX: [ 239, 240, 240, 242, 243, 242, 241, 242, 242, 241, 240,
    244, 245, 242, 241, 241, 241, 242, 244, 245, 242, 245, 241, 244, 244,
    242, 240, 242, 241, 242, 243, 243, 241, 243, 241, 242, 242, 242, 242,
    245, 242, 242, 241, 242, 242, 244, 242, 242, 242, 242, 241, 243, 242,
    240, 244, 242, 241, 244, 240, 241, 243, 244, 240, 243, 240, 242, 241,
    240, 244, 251, 249, 254, 254, 253, 255, 252, 248, 242, 242, 237, 235,
    238, 241, 242, 245, 248, 245, 243, 245, 243, 239, 242, 239, 240, 241,
    238, 242, 241, 239, 241 ]
headPositionsY: [ 80, 78, 74, 78, 75, 77, 75, 74, 78, 78, 75, 78, 74, 74,
    76, 75, 78, 79, 77, 79, 78, 76, 78, 78, 75, 74, 74, 77, 77, 76, 79,
    76, 77, 75, 74, 75, 76, 77, 75, 77, 77, 77, 77, 76, 74, 77, 78, 74,
    76, 75, 78, 74, 77, 76, 76, 77, 75, 79, 75, 75, 79, 79, 76, 75, 76,
    76, 75, 75, 77, 77, 75, 76, 74, 77, 76, 77, 79, 75, 79, 77, 78, 76,
    78, 77, 78, 78, 77, 79, 76, 76, 79, 76, 81, 80, 77, 77, 81, 80, 79,
    76 ]
