%YAML:1.0
---
videoName: "headLookLeft1.mp4"
gestureLabel: 203
fps: 30
pixelSizeInCmTemp: 3.6287878787878786e-01
faceCenterPointX: 276
faceCenterPointY: 73
headPositionsX: [ 274, 259, 254, 256, 258, 255, 259, 259, 254, 256, 254,
    256, 254, 258, 256, 255, 255, 257, 254, 254, 255, 257, 255, 258, 255,
    255, 257, 255, 257, 257, 257, 255, 257, 255, 258, 257, 254, 257, 255,
    254, 255, 256, 256, 258, 255, 256, 256, 256, 253, 255, 257, 253, 253,
    257, 257, 258, 255, 255, 258, 259, 262, 260, 261, 266, 266, 269, 272,
    276, 276, 275, 280, 277, 274, 273, 272, 277, 277, 278, 276, 277, 280,
    280, 280, 280, 277, 279, 275, 281, 279, 278, 277, 278, 276, 277, 272,
    277, 278, 275, 276, 275 ]
headPositionsY: [ 72, 78, 75, 74, 76, 78, 75, 75, 75, 75, 76, 73, 76, 78,
    77, 78, 76, 77, 79, 75, 76, 77, 77, 78, 75, 80, 77, 79, 77, 79, 77,
    76, 77, 77, 76, 78, 78, 80, 76, 79, 81, 80, 80, 77, 80, 80, 76, 78,
    80, 76, 78, 80, 80, 80, 76, 80, 79, 79, 79, 81, 80, 77, 78, 80, 75,
    78, 78, 76, 76, 80, 76, 75, 75, 76, 75, 73, 76, 77, 77, 78, 78, 73,
    75, 74, 77, 75, 74, 74, 76, 78, 75, 74, 73, 75, 75, 73, 78, 76, 73,
    72 ]
