%YAML:1.0
---
videoName: "headNod14.mp4"
gestureLabel: 202
fps: 29
pixelSizeInCmTemp: 3.2808219178082193e-01
faceCenterPointX: 257
faceCenterPointY: 71
headPositionsX: [ 255, 260, 258, 260, 259, 258, 259, 259, 258, 259, 260,
    260, 258, 260, 260, 257, 258, 257, 257, 257, 257, 258, 256, 259, 258,
    259, 260, 260, 261, 260, 261, 259, 260, 259, 258, 259, 257, 258, 260,
    260, 260, 259, 259, 260, 258, 259, 258, 260, 259, 259, 258, 258, 261,
    259, 260, 260, 261, 258, 259, 257, 258, 258, 257, 258, 257, 259, 260,
    260, 261, 258, 260, 257, 256, 259, 258, 259, 255, 256, 257, 259, 259,
    256, 256, 257, 259, 258, 256, 257, 258, 257, 259, 255, 257, 254, 256,
    258, 257, 256, 258, 258 ]
headPositionsY: [ 73, 75, 78, 79, 76, 78, 75, 75, 76, 78, 75, 76, 80, 78,
    76, 76, 76, 75, 79, 75, 76, 78, 78, 80, 77, 80, 79, 79, 79, 77, 78,
    76, 76, 79, 79, 80, 77, 78, 79, 73, 76, 71, 69, 70, 68, 66, 72, 72,
    73, 74, 77, 76, 78, 79, 83, 83, 79, 80, 77, 73, 71, 68, 71, 71, 72,
    73, 75, 75, 78, 79, 81, 82, 78, 75, 76, 71, 70, 69, 68, 68, 70, 71,
    73, 78, 79, 79, 78, 76, 78, 77, 73, 69, 68, 70, 69, 70, 70, 70, 71,
    71 ]
