%YAML:1.0
---
videoName: "headShake31.mp4"
gestureLabel: 201
fps: 29
pixelSizeInCmTemp: 3.2808219178082193e-01
faceCenterPointX: 236
faceCenterPointY: 68
headPositionsX: [ 238, 239, 239, 239, 239, 236, 235, 237, 238, 235, 238,
    238, 239, 235, 235, 238, 238, 236, 236, 234, 236, 236, 239, 236, 234,
    235, 238, 236, 237, 238, 238, 236, 237, 239, 235, 233, 237, 239, 241,
    244, 247, 249, 253, 252, 252, 248, 243, 240, 233, 227, 222, 220, 222,
    226, 226, 235, 241, 242, 248, 245, 246, 243, 240, 236, 235, 232, 226,
    229, 228, 230, 232, 234, 238, 238, 244, 241, 245, 243, 239, 239, 237,
    235, 237, 236, 232, 235, 232, 234, 234, 233, 236, 238, 237, 234, 234,
    237, 233, 234, 236, 237 ]
headPositionsY: [ 70, 64, 67, 67, 66, 65, 67, 66, 67, 68, 68, 67, 65, 67,
    69, 69, 67, 68, 69, 66, 65, 66, 69, 67, 64, 66, 66, 69, 69, 66, 67,
    68, 69, 67, 70, 66, 65, 66, 69, 64, 64, 65, 65, 67, 69, 68, 69, 67,
    70, 67, 65, 70, 67, 68, 69, 70, 70, 72, 70, 69, 71, 67, 70, 70, 71,
    70, 70, 69, 69, 72, 69, 69, 71, 66, 67, 68, 67, 69, 68, 70, 67, 69,
    69, 69, 67, 69, 69, 70, 71, 67, 68, 68, 70, 66, 66, 71, 69, 69, 69,
    67 ]
