%YAML:1.0
---
videoName: "headLookUp2.mp4"
gestureLabel: 205
fps: 29
pixelSizeInCmTemp: 3.7421874999999999e-01
faceCenterPointX: 254
faceCenterPointY: 67
headPositionsX: [ 252, 254, 258, 256, 257, 254, 258, 253, 254, 253, 254,
    255, 254, 253, 256, 255, 253, 254, 254, 254, 256, 254, 255, 254, 254,
    257, 253, 254, 256, 256, 252, 256, 255, 253, 254, 254, 256, 254, 255,
    256, 255, 254, 256, 252, 255, 256, 253, 252, 252, 255, 252, 257, 257,
    253, 255, 256, 255, 252, 255, 252, 251, 255, 256, 252, 253, 253, 252,
    252, 254, 251, 254, 255, 251, 253, 254, 251, 252, 255, 254, 253, 253,
    252, 254, 253, 254, 252, 255, 256, 257, 254, 255, 254, 251, 256, 256,
    252, 254, 253, 257, 252 ]
headPositionsY: [ 66, 80, 82, 79, 81, 83, 81, 81, 84, 79, 81, 82, 81, 83,
    80, 83, 79, 80, 78, 82, 83, 79, 79, 83, 84, 80, 80, 79, 79, 79, 83,
    80, 79, 83, 80, 81, 78, 81, 81, 81, 79, 79, 77, 75, 74, 77, 75, 73,
    71, 68, 68, 69, 66, 67, 67, 71, 66, 71, 68, 68, 69, 65, 68, 70, 67,
    70, 68, 68, 70, 67, 66, 65, 68, 67, 68, 66, 66, 69, 68, 68, 68, 66,
    71, 66, 71, 70, 66, 68, 70, 68, 70, 66, 67, 67, 66, 68, 65, 66, 69,
    67 ]
