%YAML:1.0
---
videoName: "headShake13.mp4"
gestureLabel: 201
fps: 29
pixelSizeInCmTemp: 3.2364864864864862e-01
faceCenterPointX: 241
faceCenterPointY: 77
headPositionsX: [ 240, 240, 241, 243, 240, 240, 241, 241, 241, 242, 239,
    240, 243, 240, 241, 242, 241, 240, 241, 240, 241, 242, 239, 240, 243,
    241, 243, 240, 243, 241, 239, 237, 241, 242, 245, 246, 253, 255, 257,
    263, 261, 260, 260, 254, 249, 241, 236, 236, 229, 231, 229, 230, 237,
    237, 246, 248, 250, 249, 250, 246, 246, 241, 238, 236, 233, 230, 231,
    234, 238, 239, 246, 250, 250, 251, 248, 252, 246, 245, 242, 237, 236,
    233, 231, 232, 233, 235, 237, 238, 242, 242, 246, 244, 243, 245, 245,
    246, 243, 244, 241, 240 ]
headPositionsY: [ 75, 74, 78, 77, 77, 78, 75, 74, 75, 77, 77, 77, 78, 77,
    76, 76, 77, 75, 78, 75, 74, 76, 78, 78, 76, 77, 76, 77, 78, 74, 74,
    76, 76, 78, 78, 77, 74, 75, 74, 73, 77, 76, 77, 76, 79, 76, 74, 78,
    76, 76, 79, 78, 74, 75, 78, 75, 75, 77, 76, 75, 78, 76, 76, 74, 79,
    78, 74, 77, 79, 77, 76, 75, 76, 74, 78, 78, 79, 77, 74, 78, 75, 76,
    75, 77, 75, 76, 74, 75, 76, 78, 77, 75, 78, 77, 75, 76, 79, 74, 75,
    75 ]
