%YAML:1.0
---
videoName: "headNod32.mp4"
gestureLabel: 202
fps: 29
pixelSizeInCmTemp: 2.8855421686746985e-01
faceCenterPointX: 266
faceCenterPointY: 74
headPositionsX: [ 264, 270, 270, 266, 268, 265, 265, 266, 265, 268, 264,
    267, 264, 265, 265, 266, 265, 264, 264, 265, 265, 266, 266, 265, 267,
    265, 266, 264, 264, 267, 266, 264, 268, 266, 268, 269, 267, 267, 270,
    268, 270, 266, 265, 266, 269, 269, 269, 269, 269, 266, 267, 268, 267,
    265, 266, 269, 269, 265, 269, 267, 269, 266, 269, 268, 266, 266, 268,
    269, 267, 268, 266, 266, 265, 265, 267, 268, 263, 264, 265, 265, 267,
    263, 266, 266, 263, 268, 267, 265, 267, 267, 266, 265, 269, 265, 264,
    264, 267, 267, 267, 265 ]
headPositionsY: [ 75, 79, 76, 80, 79, 78, 77, 78, 77, 78, 76, 80, 79, 78,
    76, 80, 75, 79, 75, 78, 75, 77, 79, 79, 77, 79, 80, 76, 80, 76, 78,
    80, 80, 76, 77, 77, 76, 77, 80, 80, 78, 80, 79, 77, 77, 77, 78, 75,
    77, 77, 76, 76, 78, 78, 75, 74, 74, 76, 75, 74, 68, 67, 66, 66, 66,
    67, 68, 75, 76, 82, 85, 87, 89, 85, 84, 79, 76, 72, 73, 70, 72, 70,
    70, 69, 73, 76, 74, 73, 72, 75, 75, 75, 78, 76, 75, 76, 76, 73, 75,
    76 ]
