%YAML:1.0
---
videoName: "headNod37.mp4"
gestureLabel: 202
fps: 29
pixelSizeInCmTemp: 2.9207317073170730e-01
faceCenterPointX: 269
faceCenterPointY: 78
headPositionsX: [ 270, 269, 272, 270, 269, 268, 270, 267, 270, 270, 269,
    271, 269, 272, 272, 270, 270, 267, 269, 270, 271, 268, 268, 268, 270,
    268, 271, 271, 270, 271, 269, 271, 269, 271, 270, 271, 268, 268, 268,
    270, 269, 268, 267, 271, 271, 267, 272, 270, 271, 272, 267, 267, 272,
    269, 269, 268, 270, 271, 271, 269, 271, 267, 270, 267, 265, 268, 268,
    267, 265, 265, 265, 268, 266, 270, 269, 269, 266, 267, 268, 268, 271,
    272, 270, 271, 270, 270, 269, 270, 272, 269, 271, 267, 270, 271, 267,
    268, 269, 271, 270, 271 ]
headPositionsY: [ 78, 74, 76, 75, 74, 76, 78, 76, 75, 75, 74, 78, 74, 77,
    78, 74, 76, 75, 74, 74, 76, 74, 75, 74, 77, 73, 77, 76, 74, 77, 75,
    78, 75, 78, 75, 76, 75, 76, 75, 77, 78, 73, 75, 77, 77, 77, 76, 77,
    77, 77, 77, 73, 72, 68, 66, 68, 65, 64, 66, 68, 72, 71, 80, 85, 87,
    88, 85, 86, 81, 81, 74, 71, 70, 69, 69, 65, 67, 66, 68, 71, 70, 73,
    78, 81, 81, 83, 84, 81, 79, 78, 80, 81, 79, 75, 78, 77, 76, 79, 77,
    79 ]
