%YAML:1.0
---
videoName: "headNod9.mp4"
gestureLabel: 202
fps: 29
pixelSizeInCmTemp: 3.1513157894736843e-01
faceCenterPointX: 261
faceCenterPointY: 75
headPositionsX: [ 263, 261, 259, 263, 262, 262, 259, 259, 262, 260, 258,
    260, 262, 258, 258, 263, 260, 258, 262, 259, 263, 263, 263, 261, 259,
    262, 259, 261, 262, 263, 261, 262, 259, 261, 263, 262, 262, 261, 262,
    262, 261, 262, 262, 258, 262, 260, 261, 260, 258, 257, 260, 261, 260,
    258, 261, 261, 263, 260, 262, 260, 260, 262, 262, 260, 262, 260, 260,
    263, 261, 260, 260, 258, 260, 260, 262, 262, 261, 262, 257, 257, 259,
    257, 256, 260, 260, 257, 257, 257, 257, 259, 262, 261, 261, 261, 258,
    259, 259, 261, 260, 261 ]
headPositionsY: [ 77, 77, 74, 75, 75, 73, 74, 73, 74, 78, 73, 76, 76, 73,
    77, 76, 75, 76, 74, 74, 75, 76, 73, 74, 77, 73, 73, 73, 75, 76, 77,
    76, 79, 80, 83, 80, 77, 76, 76, 72, 73, 74, 75, 81, 86, 89, 86, 82,
    80, 79, 77, 77, 79, 76, 84, 84, 87, 84, 80, 76, 73, 71, 72, 76, 79,
    81, 81, 86, 82, 81, 79, 78, 72, 70, 70, 74, 72, 76, 75, 77, 82, 85,
    82, 81, 81, 76, 74, 74, 74, 71, 73, 74, 71, 72, 74, 72, 76, 75, 74,
    74 ]
