%YAML:1.0
---
videoName: "headNod7.mp4"
gestureLabel: 202
fps: 29
pixelSizeInCmTemp: 3.2808219178082193e-01
faceCenterPointX: 261
faceCenterPointY: 71
headPositionsX: [ 261, 266, 264, 264, 266, 262, 264, 266, 267, 264, 263,
    265, 265, 264, 261, 264, 260, 261, 263, 261, 264, 261, 263, 260, 264,
    262, 260, 264, 265, 263, 260, 263, 259, 261, 264, 263, 264, 259, 262,
    259, 261, 260, 262, 260, 261, 261, 263, 261, 263, 261, 261, 263, 264,
    264, 261, 262, 263, 263, 261, 263, 260, 262, 263, 262, 264, 259, 260,
    261, 263, 262, 258, 262, 263, 261, 258, 263, 259, 259, 264, 260, 264,
    263, 264, 259, 262, 264, 261, 262, 260, 262, 263, 264, 263, 259, 262,
    262, 262, 263, 263, 259 ]
headPositionsY: [ 72, 74, 73, 75, 77, 71, 75, 72, 72, 71, 72, 73, 72, 72,
    73, 72, 73, 76, 76, 72, 74, 74, 76, 75, 73, 77, 74, 77, 78, 75, 76,
    75, 74, 75, 72, 73, 75, 75, 77, 73, 76, 75, 74, 77, 78, 74, 76, 75,
    72, 69, 69, 69, 68, 70, 74, 74, 77, 79, 81, 75, 78, 71, 73, 69, 73,
    74, 72, 76, 80, 78, 76, 77, 72, 70, 70, 70, 72, 72, 72, 72, 74, 75,
    81, 78, 78, 79, 77, 74, 70, 71, 69, 71, 70, 71, 73, 71, 72, 72, 71,
    73 ]
