%YAML:1.0
---
videoName: "headNod11.mp4"
gestureLabel: 202
fps: 29
pixelSizeInCmTemp: 3.2364864864864862e-01
faceCenterPointX: 261
faceCenterPointY: 75
headPositionsX: [ 262, 260, 262, 261, 259, 258, 260, 261, 259, 258, 260,
    258, 258, 261, 260, 258, 259, 258, 262, 258, 262, 262, 258, 263, 261,
    263, 260, 259, 261, 261, 262, 260, 260, 257, 259, 259, 259, 261, 261,
    260, 259, 259, 261, 262, 261, 261, 259, 259, 258, 262, 259, 259, 260,
    261, 260, 263, 262, 261, 260, 261, 260, 257, 259, 259, 260, 260, 257,
    256, 255, 257, 256, 256, 258, 260, 260, 254, 256, 257, 255, 255, 258,
    260, 260, 258, 258, 258, 257, 261, 261, 259, 261, 261, 260, 257, 262,
    261, 260, 262, 258, 258 ]
headPositionsY: [ 75, 76, 75, 74, 77, 73, 72, 74, 73, 72, 74, 72, 75, 73,
    75, 75, 72, 75, 72, 72, 72, 74, 73, 76, 74, 73, 73, 76, 73, 76, 73,
    77, 75, 73, 76, 75, 76, 76, 74, 74, 75, 78, 73, 77, 75, 77, 75, 74,
    72, 70, 69, 66, 67, 67, 69, 71, 72, 78, 78, 80, 82, 80, 79, 75, 71,
    68, 70, 67, 70, 71, 72, 75, 77, 80, 83, 80, 79, 76, 75, 72, 71, 68,
    69, 72, 75, 75, 78, 81, 79, 78, 77, 80, 77, 77, 74, 75, 76, 76, 74,
    75 ]
