%YAML:1.0
---
videoName: "headShake31.mp4"
gestureLabel: 201
fps: 29
pixelSizeInCmTemp: 3.2808219178082193e-01
faceCenterPointX: 236
faceCenterPointY: 68
headPositionsX: [ 235, 237, 235, 237, 235, 239, 237, 237, 238, 235, 236,
    238, 237, 239, 237, 236, 238, 236, 235, 237, 236, 236, 239, 237, 234,
    237, 235, 236, 238, 239, 239, 237, 239, 236, 234, 234, 234, 237, 240,
    245, 246, 250, 254, 250, 252, 249, 244, 240, 234, 225, 220, 224, 220,
    222, 227, 231, 238, 242, 245, 249, 246, 241, 239, 237, 232, 231, 229,
    229, 228, 229, 233, 236, 239, 241, 241, 244, 241, 244, 240, 239, 237,
    236, 237, 235, 236, 233, 233, 234, 235, 237, 235, 237, 234, 235, 235,
    235, 236, 234, 235, 233 ]
headPositionsY: [ 69, 64, 67, 68, 66, 67, 69, 68, 66, 68, 69, 65, 69, 69,
    65, 69, 66, 67, 68, 68, 67, 69, 69, 66, 68, 67, 67, 65, 65, 68, 65,
    68, 69, 67, 69, 65, 67, 65, 66, 67, 65, 66, 68, 68, 69, 69, 69, 67,
    68, 68, 66, 69, 65, 71, 68, 69, 71, 69, 70, 68, 67, 70, 71, 68, 70,
    68, 69, 71, 66, 72, 69, 68, 70, 70, 68, 70, 66, 69, 68, 68, 70, 66,
    67, 67, 66, 67, 67, 70, 71, 69, 66, 67, 69, 68, 69, 67, 69, 68, 70,
    67 ]
