%YAML:1.0
---
videoName: "headNod6.mp4"
gestureLabel: 202
fps: 29
pixelSizeInCmTemp: 3.1513157894736843e-01
faceCenterPointX: 262
faceCenterPointY: 73
headPositionsX: [ 262, 264, 261, 262, 262, 264, 262, 262, 263, 262, 264,
    264, 263, 262, 263, 262, 261, 261, 262, 261, 262, 262, 262, 261, 261,
    263, 263, 260, 263, 263, 264, 261, 264, 265, 261, 265, 261, 261, 261,
    263, 265, 264, 262, 261, 264, 259, 260, 261, 261, 259, 262, 261, 263,
    259, 262, 263, 260, 261, 260, 259, 261, 260, 260, 259, 262, 261, 260,
    262, 263, 260, 261, 260, 261, 263, 263, 263, 261, 259, 260, 262, 261,
    264, 262, 264, 263, 259, 263, 263, 262, 263, 261, 261, 260, 260, 263,
    261, 262, 263, 260, 262 ]
headPositionsY: [ 73, 73, 75, 72, 76, 74, 76, 75, 74, 74, 72, 73, 73, 74,
    75, 73, 76, 75, 76, 75, 72, 73, 76, 75, 72, 75, 73, 72, 73, 74, 73,
    74, 69, 69, 65, 68, 63, 63, 67, 67, 71, 76, 81, 84, 84, 83, 78, 73,
    68, 67, 66, 67, 71, 76, 82, 84, 83, 80, 77, 72, 69, 68, 68, 68, 70,
    72, 79, 80, 81, 81, 79, 73, 70, 67, 67, 68, 68, 66, 71, 76, 79, 81,
    85, 85, 82, 80, 76, 71, 72, 69, 70, 71, 72, 73, 71, 73, 73, 72, 72,
    73 ]
