%YAML:1.0
---
videoName: "headShake17.mp4"
gestureLabel: 201
fps: 29
pixelSizeInCmTemp: 3.3263888888888887e-01
faceCenterPointX: 242
faceCenterPointY: 76
headPositionsX: [ 240, 239, 239, 236, 238, 237, 240, 241, 246, 245, 252,
    253, 261, 259, 256, 257, 256, 247, 245, 239, 238, 234, 229, 225, 224,
    228, 231, 232, 236, 238, 245, 246, 253, 252, 255, 255, 251, 252, 249,
    246, 244, 242, 236, 233, 231, 232, 232, 233, 235, 234, 237, 242, 242,
    245, 246, 245, 244, 245, 246, 242, 241, 242, 242, 238, 239, 241, 239,
    238, 240, 240, 237, 241, 241, 239, 241, 241, 240, 240, 239, 243, 243,
    240, 241, 242, 239, 240, 240, 240, 242, 239, 240, 244, 239, 239, 241,
    239, 243, 239, 243, 242 ]
headPositionsY: [ 77, 76, 77, 76, 75, 75, 76, 78, 77, 77, 74, 74, 76, 76,
    75, 75, 74, 74, 79, 77, 76, 79, 79, 75, 78, 75, 77, 78, 75, 78, 76,
    77, 74, 73, 76, 73, 75, 77, 78, 77, 75, 75, 77, 78, 75, 76, 74, 75,
    76, 75, 74, 76, 75, 76, 79, 79, 75, 77, 78, 77, 75, 75, 76, 77, 75,
    77, 76, 74, 74, 76, 76, 74, 75, 74, 78, 77, 78, 73, 75, 74, 77, 77,
    79, 75, 77, 76, 79, 76, 75, 76, 75, 78, 77, 74, 78, 76, 78, 77, 77,
    74 ]
