%YAML:1.0
---
videoName: "headNod45.mp4"
gestureLabel: 202
fps: 30
pixelSizeInCmTemp: 3.0316455696202532e-01
faceCenterPointX: 265
faceCenterPointY: 77
headPositionsX: [ 265, 266, 265, 267, 266, 266, 266, 270, 269, 270, 267,
    267, 269, 270, 265, 266, 267, 268, 267, 265, 266, 267, 265, 266, 266,
    265, 269, 266, 264, 268, 265, 268, 263, 267, 266, 268, 263, 264, 268,
    264, 267, 265, 263, 263, 266, 266, 263, 267, 264, 268, 264, 264, 268,
    267, 268, 265, 268, 267, 268, 268, 267, 265, 265, 265, 265, 268, 264,
    269, 265, 269, 267, 269, 267, 266, 266, 266, 264, 266, 268, 266, 267,
    263, 268, 265, 268, 266, 266, 264, 268, 264, 264, 264, 266, 267, 264,
    265, 267, 266, 264, 264 ]
headPositionsY: [ 76, 74, 73, 74, 76, 77, 77, 75, 78, 73, 74, 73, 73, 76,
    74, 75, 77, 77, 79, 81, 84, 89, 92, 96, 92, 90, 89, 86, 83, 79, 71,
    72, 67, 64, 67, 68, 66, 71, 71, 78, 80, 86, 89, 90, 90, 91, 85, 83,
    78, 79, 73, 73, 73, 71, 72, 75, 77, 81, 85, 86, 86, 83, 83, 77, 74,
    73, 75, 74, 72, 74, 79, 81, 85, 87, 86, 89, 86, 86, 80, 81, 75, 75,
    74, 75, 76, 77, 78, 82, 79, 81, 78, 77, 79, 78, 79, 76, 76, 76, 78,
    79 ]
