%YAML:1.0
---
videoName: "headLookLeft2.mp4"
gestureLabel: 203
fps: 29
pixelSizeInCmTemp: 3.6846153846153845e-01
faceCenterPointX: 278
faceCenterPointY: 74
headPositionsX: [ 277, 258, 261, 261, 261, 257, 260, 260, 259, 258, 260,
    260, 257, 261, 261, 260, 258, 263, 264, 263, 261, 267, 268, 267, 270,
    271, 269, 274, 276, 278, 276, 279, 276, 278, 277, 281, 280, 280, 276,
    276, 277, 278, 282, 281, 279, 282, 283, 282, 283, 278, 279, 282, 283,
    280, 277, 282, 277, 271, 279, 279, 282, 277, 279, 279, 278, 279, 278,
    285, 280, 281, 281, 280, 280, 273, 279, 282, 277, 280, 279, 282, 277,
    281, 281, 280, 284, 278, 286, 277, 276, 283, 282, 281, 284, 279, 279,
    280, 282, 280, 285, 279 ]
headPositionsY: [ 72, 73, 74, 75, 76, 75, 78, 78, 75, 76, 74, 78, 73, 73,
    78, 75, 74, 77, 76, 77, 75, 76, 77, 74, 73, 74, 75, 76, 73, 73, 72,
    75, 75, 76, 73, 77, 72, 76, 76, 74, 73, 74, 74, 74, 72, 74, 77, 76,
    78, 75, 72, 74, 76, 76, 76, 74, 74, 75, 72, 73, 73, 74, 73, 73, 75,
    72, 76, 77, 73, 75, 76, 75, 74, 74, 73, 75, 75, 76, 71, 77, 72, 71,
    76, 74, 73, 74, 73, 75, 76, 75, 75, 75, 75, 72, 73, 75, 75, 77, 74,
    74 ]
