%YAML:1.0
---
videoName: "headShake43.mp4"
gestureLabel: 201
fps: 29
pixelSizeInCmTemp: 3.2808219178082193e-01
faceCenterPointX: 257
faceCenterPointY: 84
headPositionsX: [ 259, 259, 261, 262, 261, 260, 260, 259, 260, 259, 261,
    258, 257, 258, 261, 262, 260, 262, 261, 262, 259, 262, 263, 260, 261,
    260, 261, 263, 268, 269, 272, 272, 276, 278, 279, 281, 280, 277, 275,
    273, 269, 267, 260, 255, 254, 246, 242, 246, 244, 241, 248, 254, 256,
    260, 268, 270, 273, 275, 276, 274, 272, 265, 260, 257, 253, 247, 244,
    245, 244, 247, 246, 253, 254, 260, 263, 266, 268, 270, 269, 266, 267,
    269, 265, 265, 262, 262, 262, 261, 260, 258, 256, 258, 256, 257, 258,
    258, 258, 256, 255, 258 ]
headPositionsY: [ 83, 85, 84, 84, 86, 85, 84, 83, 85, 87, 86, 87, 85, 87,
    84, 85, 87, 83, 83, 83, 85, 84, 88, 87, 84, 84, 85, 83, 85, 85, 86,
    82, 84, 83, 85, 84, 85, 84, 83, 84, 84, 85, 84, 83, 87, 86, 83, 84,
    85, 84, 86, 82, 84, 86, 84, 82, 83, 84, 81, 84, 84, 86, 84, 84, 82,
    81, 81, 84, 81, 83, 82, 85, 86, 87, 83, 84, 82, 82, 84, 83, 85, 83,
    86, 86, 85, 86, 86, 86, 84, 85, 82, 85, 84, 86, 85, 85, 83, 81, 85,
    83 ]
