%YAML:1.0
---
videoName: "headShake19.mp4"
gestureLabel: 201
fps: 29
pixelSizeInCmTemp: 3.1933333333333330e-01
faceCenterPointX: 243
faceCenterPointY: 78
headPositionsX: [ 242, 245, 242, 244, 245, 244, 243, 242, 241, 240, 242,
    245, 245, 244, 244, 244, 245, 245, 244, 243, 241, 241, 240, 241, 243,
    244, 243, 244, 241, 244, 243, 241, 244, 240, 244, 239, 239, 236, 236,
    231, 235, 233, 240, 243, 247, 253, 257, 258, 257, 255, 250, 245, 238,
    232, 230, 231, 233, 232, 239, 243, 243, 249, 248, 246, 244, 246, 241,
    240, 236, 238, 234, 239, 236, 240, 240, 242, 244, 244, 244, 246, 245,
    246, 240, 243, 243, 240, 240, 238, 239, 242, 243, 240, 241, 243, 242,
    243, 246, 245, 243, 245 ]
headPositionsY: [ 76, 77, 74, 78, 78, 76, 74, 76, 79, 75, 77, 79, 75, 79,
    77, 75, 76, 74, 78, 78, 78, 79, 76, 76, 78, 75, 79, 78, 77, 77, 76,
    76, 78, 76, 76, 74, 76, 78, 79, 75, 76, 74, 77, 76, 76, 76, 77, 76,
    77, 76, 76, 76, 78, 78, 75, 76, 74, 76, 79, 76, 75, 78, 79, 78, 79,
    77, 76, 77, 76, 80, 77, 77, 79, 75, 77, 75, 77, 79, 78, 79, 79, 77,
    75, 78, 80, 76, 76, 80, 78, 78, 78, 79, 77, 80, 78, 80, 77, 77, 80,
    77 ]
