%YAML:1.0
---
videoName: "headShake5.mp4"
gestureLabel: 201
fps: 30
pixelSizeInCmTemp: 3.3263888888888887e-01
faceCenterPointX: 275
faceCenterPointY: 73
headPositionsX: [ 277, 276, 278, 277, 276, 276, 277, 279, 277, 280, 277,
    279, 280, 277, 276, 280, 278, 277, 279, 277, 280, 277, 276, 275, 280,
    275, 278, 278, 279, 279, 279, 275, 277, 280, 280, 285, 289, 293, 294,
    294, 297, 294, 291, 287, 276, 271, 268, 263, 265, 263, 266, 273, 281,
    286, 290, 290, 286, 282, 278, 272, 270, 263, 262, 262, 268, 268, 274,
    282, 285, 282, 285, 285, 283, 276, 271, 272, 270, 266, 265, 267, 267,
    274, 273, 280, 280, 282, 282, 281, 282, 282, 282, 280, 276, 275, 276,
    276, 274, 275, 277, 276 ]
headPositionsY: [ 72, 73, 72, 71, 73, 74, 75, 75, 71, 71, 72, 73, 74, 71,
    75, 73, 74, 71, 72, 74, 72, 73, 72, 75, 72, 73, 75, 71, 74, 73, 72,
    75, 73, 72, 72, 73, 73, 73, 72, 74, 74, 70, 74, 71, 76, 72, 74, 73,
    72, 74, 74, 72, 75, 75, 72, 74, 74, 72, 76, 75, 75, 74, 74, 74, 72,
    72, 74, 76, 72, 73, 72, 74, 76, 73, 75, 74, 75, 71, 71, 72, 74, 72,
    71, 72, 72, 73, 74, 71, 72, 70, 74, 71, 74, 73, 74, 75, 74, 73, 75,
    73 ]
