%YAML:1.0
---
videoName: "headShake24.mp4"
gestureLabel: 201
fps: 29
pixelSizeInCmTemp: 3.2808219178082193e-01
faceCenterPointX: 240
faceCenterPointY: 78
headPositionsX: [ 241, 249, 252, 254, 254, 255, 256, 254, 253, 252, 251,
    245, 243, 245, 242, 237, 233, 235, 234, 230, 233, 227, 229, 232, 232,
    237, 236, 237, 240, 245, 247, 247, 248, 252, 250, 250, 250, 249, 249,
    245, 242, 242, 243, 238, 237, 237, 237, 232, 235, 233, 233, 234, 237,
    236, 240, 241, 243, 241, 244, 245, 248, 246, 247, 248, 249, 249, 248,
    246, 247, 248, 242, 246, 242, 242, 241, 241, 238, 239, 240, 239, 239,
    239, 238, 238, 238, 238, 239, 241, 239, 240, 240, 242, 240, 239, 241,
    241, 238, 241, 240, 239 ]
headPositionsY: [ 77, 77, 74, 74, 73, 75, 77, 77, 75, 77, 79, 78, 80, 76,
    80, 79, 76, 77, 77, 78, 78, 78, 79, 79, 78, 76, 78, 78, 79, 76, 76,
    75, 76, 76, 80, 81, 78, 79, 78, 77, 77, 78, 78, 77, 76, 79, 77, 76,
    77, 79, 78, 76, 78, 78, 78, 79, 79, 78, 77, 77, 78, 76, 79, 75, 76,
    78, 80, 78, 77, 79, 79, 78, 78, 77, 79, 74, 79, 77, 75, 77, 79, 75,
    78, 77, 78, 77, 80, 79, 78, 78, 79, 77, 80, 76, 80, 79, 77, 78, 79,
    77 ]
