%YAML:1.0
---
videoName: "headShake33.mp4"
gestureLabel: 201
fps: 29
pixelSizeInCmTemp: 3.2364864864864862e-01
faceCenterPointX: 244
faceCenterPointY: 84
headPositionsX: [ 243, 245, 245, 246, 247, 246, 246, 246, 247, 243, 243,
    242, 247, 247, 244, 243, 244, 245, 247, 247, 244, 250, 250, 248, 251,
    256, 259, 258, 261, 263, 263, 261, 264, 259, 261, 254, 251, 250, 245,
    240, 235, 237, 231, 231, 228, 227, 224, 226, 228, 231, 235, 236, 243,
    244, 251, 251, 258, 257, 256, 262, 258, 260, 260, 255, 253, 250, 248,
    245, 241, 238, 234, 234, 234, 229, 233, 232, 231, 233, 236, 235, 236,
    237, 239, 243, 243, 245, 245, 249, 245, 248, 248, 248, 246, 246, 245,
    247, 245, 243, 242, 242 ]
headPositionsY: [ 86, 81, 84, 83, 81, 81, 85, 84, 83, 83, 82, 84, 81, 80,
    81, 85, 82, 81, 81, 84, 82, 83, 82, 83, 82, 84, 81, 82, 82, 81, 81,
    83, 83, 83, 83, 80, 84, 83, 82, 85, 81, 84, 85, 84, 81, 81, 83, 84,
    83, 81, 81, 81, 85, 85, 84, 80, 83, 83, 83, 80, 79, 80, 82, 83, 85,
    86, 83, 82, 82, 84, 81, 82, 81, 82, 82, 84, 80, 85, 84, 82, 83, 82,
    81, 84, 85, 82, 83, 81, 84, 85, 85, 84, 82, 81, 85, 86, 84, 82, 82,
    85 ]
