%YAML:1.0
---
videoName: "headNod37.mp4"
gestureLabel: 202
fps: 29
pixelSizeInCmTemp: 2.9207317073170730e-01
faceCenterPointX: 269
faceCenterPointY: 78
headPositionsX: [ 268, 272, 269, 270, 270, 270, 270, 271, 269, 271, 268,
    271, 269, 272, 270, 272, 268, 268, 267, 269, 271, 267, 268, 269, 271,
    267, 270, 272, 267, 269, 272, 269, 267, 269, 270, 271, 267, 271, 272,
    268, 270, 271, 268, 267, 270, 267, 270, 271, 270, 270, 271, 269, 271,
    269, 268, 271, 268, 268, 270, 271, 268, 269, 270, 270, 265, 268, 268,
    265, 266, 268, 265, 264, 269, 267, 267, 269, 267, 269, 268, 270, 271,
    271, 270, 271, 269, 272, 268, 268, 269, 271, 272, 269, 269, 269, 271,
    269, 266, 267, 269, 269 ]
headPositionsY: [ 79, 77, 76, 77, 73, 76, 78, 73, 73, 74, 74, 74, 73, 74,
    76, 77, 73, 74, 74, 76, 78, 73, 75, 76, 77, 77, 73, 78, 76, 76, 77,
    74, 73, 79, 75, 73, 74, 77, 74, 74, 74, 75, 77, 75, 74, 77, 78, 76,
    78, 75, 77, 76, 72, 72, 65, 68, 65, 65, 66, 67, 72, 69, 78, 83, 85,
    90, 86, 84, 83, 78, 74, 71, 67, 67, 66, 66, 67, 66, 66, 71, 72, 73,
    80, 78, 81, 80, 84, 84, 81, 80, 77, 77, 79, 78, 79, 75, 78, 80, 79,
    77 ]
