%YAML:1.0
---
videoName: "headNod8.mp4"
gestureLabel: 202
fps: 29
pixelSizeInCmTemp: 3.1933333333333330e-01
faceCenterPointX: 262
faceCenterPointY: 74
headPositionsX: [ 264, 262, 261, 263, 259, 263, 263, 262, 263, 261, 263,
    261, 264, 261, 262, 260, 263, 263, 263, 262, 261, 261, 261, 263, 262,
    261, 262, 260, 263, 263, 261, 263, 261, 261, 261, 261, 260, 260, 261,
    260, 264, 260, 263, 262, 264, 260, 263, 261, 262, 261, 259, 263, 263,
    259, 260, 261, 260, 257, 263, 261, 262, 259, 262, 262, 260, 264, 261,
    259, 260, 263, 259, 262, 259, 262, 261, 259, 262, 260, 260, 260, 259,
    260, 265, 261, 259, 264, 264, 264, 264, 263, 263, 263, 261, 262, 264,
    264, 263, 261, 261, 265 ]
headPositionsY: [ 74, 79, 77, 75, 78, 75, 79, 78, 79, 76, 74, 77, 75, 75,
    75, 75, 78, 76, 77, 74, 75, 75, 76, 75, 77, 73, 74, 78, 78, 75, 78,
    79, 75, 79, 75, 78, 76, 75, 77, 73, 74, 71, 68, 69, 66, 66, 69, 71,
    72, 74, 77, 79, 83, 85, 80, 80, 80, 74, 72, 71, 71, 68, 72, 74, 75,
    80, 83, 83, 84, 80, 78, 75, 72, 69, 71, 70, 72, 74, 81, 82, 81, 83,
    80, 79, 76, 74, 72, 73, 74, 70, 75, 77, 76, 78, 80, 77, 77, 77, 77,
    74 ]
