%YAML:1.0
---
videoName: "headShake47.mp4"
gestureLabel: 201
fps: 29
pixelSizeInCmTemp: 3.2364864864864862e-01
faceCenterPointX: 258
faceCenterPointY: 86
headPositionsX: [ 256, 262, 261, 262, 260, 260, 260, 259, 261, 263, 260,
    259, 258, 260, 262, 262, 259, 262, 261, 261, 261, 259, 258, 262, 258,
    259, 262, 259, 261, 260, 258, 261, 258, 260, 255, 255, 251, 253, 252,
    248, 251, 249, 252, 256, 261, 263, 267, 268, 266, 266, 257, 254, 255,
    252, 253, 258, 262, 266, 264, 265, 262, 256, 254, 250, 250, 255, 259,
    263, 263, 265, 261, 258, 257, 255, 253, 255, 257, 259, 264, 263, 262,
    263, 261, 255, 253, 254, 254, 255, 256, 259, 255, 259, 255, 259, 257,
    258, 255, 257, 258, 260 ]
headPositionsY: [ 88, 86, 84, 85, 83, 85, 85, 85, 83, 87, 83, 87, 82, 85,
    85, 86, 82, 85, 84, 84, 82, 83, 83, 82, 85, 87, 86, 86, 83, 85, 87,
    86, 85, 86, 84, 85, 87, 87, 85, 86, 84, 87, 89, 89, 87, 89, 87, 88,
    91, 89, 89, 91, 88, 88, 89, 88, 91, 87, 89, 88, 89, 88, 86, 86, 87,
    87, 89, 85, 88, 86, 88, 89, 89, 85, 87, 87, 87, 88, 86, 86, 89, 86,
    89, 84, 89, 88, 84, 88, 85, 87, 86, 85, 85, 89, 86, 86, 84, 87, 84,
    85 ]
