%YAML:1.0
---
videoName: "headLookDown0.mp4"
gestureLabel: 206
fps: 29
pixelSizeInCmTemp: 3.3263888888888887e-01
faceCenterPointX: 273
faceCenterPointY: 93
headPositionsX: [ 274, 273, 274, 274, 275, 269, 270, 270, 274, 271, 272,
    274, 272, 272, 273, 271, 273, 272, 274, 274, 274, 273, 270, 272, 273,
    271, 271, 272, 272, 273, 273, 273, 271, 272, 270, 273, 274, 269, 273,
    273, 273, 272, 270, 271, 273, 273, 270, 273, 274, 270, 273, 272, 273,
    271, 274, 273, 271, 274, 271, 273, 271, 271, 274, 272, 271, 274, 270,
    271, 271, 271, 273, 273, 273, 271, 275, 271, 273, 274, 272, 275, 272,
    274, 273, 274, 274, 275, 274, 271, 271, 272, 274, 272, 273, 271, 274,
    274, 270, 273, 274, 272 ]
headPositionsY: [ 92, 80, 79, 80, 78, 81, 77, 82, 78, 79, 81, 79, 78, 77,
    82, 80, 81, 78, 80, 81, 79, 82, 82, 78, 78, 78, 79, 77, 82, 79, 78,
    77, 81, 79, 80, 83, 80, 83, 81, 83, 87, 86, 88, 89, 94, 96, 95, 95,
    99, 96, 99, 95, 99, 96, 99, 98, 96, 97, 97, 94, 98, 96, 96, 98, 96,
    98, 96, 97, 94, 97, 97, 98, 97, 94, 94, 95, 96, 97, 94, 93, 96, 95,
    94, 97, 94, 96, 97, 94, 96, 92, 95, 94, 92, 91, 93, 92, 93, 93, 95,
    94 ]
