%YAML:1.0
---
videoName: "headNod9.mp4"
gestureLabel: 202
fps: 29
pixelSizeInCmTemp: 3.1513157894736843e-01
faceCenterPointX: 261
faceCenterPointY: 75
headPositionsX: [ 263, 261, 260, 261, 260, 260, 261, 259, 259, 262, 258,
    261, 262, 261, 262, 263, 263, 259, 260, 258, 262, 260, 260, 262, 262,
    258, 259, 263, 259, 262, 262, 258, 261, 261, 263, 260, 262, 260, 261,
    263, 259, 261, 259, 259, 263, 260, 259, 261, 261, 258, 257, 258, 260,
    262, 263, 263, 262, 261, 259, 261, 258, 262, 262, 260, 259, 258, 262,
    260, 258, 258, 261, 259, 260, 258, 262, 260, 257, 259, 259, 259, 259,
    259, 260, 257, 258, 256, 260, 260, 257, 259, 260, 257, 262, 259, 262,
    261, 261, 258, 258, 260 ]
headPositionsY: [ 77, 77, 73, 74, 73, 76, 74, 77, 76, 78, 74, 78, 75, 73,
    77, 73, 77, 73, 75, 75, 76, 75, 75, 75, 75, 75, 75, 76, 76, 77, 77,
    76, 81, 81, 80, 78, 81, 74, 76, 75, 72, 76, 76, 79, 83, 88, 84, 82,
    81, 80, 74, 77, 75, 79, 84, 86, 85, 85, 81, 79, 76, 75, 72, 73, 76,
    77, 81, 86, 83, 81, 77, 74, 75, 73, 69, 70, 70, 76, 76, 79, 79, 81,
    83, 81, 81, 78, 76, 74, 74, 71, 71, 73, 70, 74, 75, 76, 74, 74, 76,
    75 ]
