%YAML:1.0
---
videoName: "headLookRight0.mp4"
gestureLabel: 204
fps: 29
pixelSizeInCmTemp: 3.1933333333333330e-01
faceCenterPointX: 229
faceCenterPointY: 68
headPositionsX: [ 230, 255, 258, 256, 257, 257, 255, 257, 256, 258, 254,
    256, 258, 257, 256, 259, 254, 258, 254, 255, 259, 259, 256, 253, 258,
    253, 258, 256, 258, 257, 257, 258, 253, 256, 257, 254, 257, 253, 256,
    255, 249, 251, 246, 245, 242, 238, 236, 239, 235, 234, 236, 237, 234,
    232, 234, 235, 234, 236, 235, 230, 233, 233, 231, 232, 232, 234, 231,
    235, 234, 234, 234, 238, 233, 234, 231, 234, 229, 232, 230, 232, 234,
    233, 234, 230, 231, 230, 233, 230, 227, 230, 233, 229, 231, 229, 230,
    231, 231, 229, 226, 231 ]
headPositionsY: [ 66, 66, 67, 64, 67, 67, 62, 66, 64, 64, 64, 69, 67, 68,
    69, 65, 68, 65, 65, 67, 66, 68, 68, 67, 68, 69, 70, 68, 69, 70, 68,
    68, 69, 69, 67, 66, 69, 70, 68, 66, 67, 66, 69, 66, 69, 70, 69, 70,
    66, 65, 69, 70, 67, 69, 67, 70, 69, 69, 69, 68, 69, 66, 67, 68, 68,
    65, 66, 68, 66, 66, 67, 68, 68, 67, 66, 67, 70, 66, 68, 70, 67, 66,
    66, 68, 65, 68, 69, 66, 64, 65, 67, 69, 71, 70, 69, 70, 69, 65, 69,
    69 ]
