%YAML:1.0
---
videoName: "headNod21.mp4"
gestureLabel: 202
fps: 29
pixelSizeInCmTemp: 3.2808219178082193e-01
faceCenterPointX: 253
faceCenterPointY: 78
headPositionsX: [ 252, 258, 254, 257, 256, 254, 255, 253, 254, 257, 257,
    255, 256, 255, 255, 254, 257, 256, 254, 255, 254, 256, 257, 253, 257,
    257, 257, 256, 257, 256, 255, 256, 256, 255, 257, 258, 254, 254, 254,
    257, 255, 255, 254, 258, 257, 257, 256, 255, 254, 253, 254, 256, 253,
    256, 257, 253, 253, 254, 254, 254, 253, 251, 251, 253, 254, 252, 251,
    253, 250, 252, 254, 251, 249, 248, 250, 248, 250, 252, 250, 253, 251,
    253, 251, 253, 250, 252, 255, 253, 251, 250, 252, 250, 255, 252, 255,
    252, 256, 253, 254, 253 ]
headPositionsY: [ 80, 77, 79, 77, 77, 77, 80, 76, 80, 77, 79, 78, 77, 79,
    78, 77, 78, 80, 78, 77, 76, 76, 77, 81, 79, 81, 82, 80, 78, 82, 82,
    84, 84, 80, 79, 77, 74, 75, 73, 80, 79, 84, 84, 82, 84, 79, 75, 76,
    78, 78, 80, 83, 82, 81, 85, 81, 78, 78, 75, 76, 78, 79, 80, 84, 83,
    80, 79, 76, 75, 74, 75, 79, 81, 79, 80, 81, 79, 80, 79, 75, 79, 78,
    77, 77, 81, 80, 82, 77, 77, 76, 80, 76, 79, 81, 79, 78, 80, 79, 79,
    81 ]
