%YAML:1.0
---
videoName: "headShake38.mp4"
gestureLabel: 201
fps: 29
pixelSizeInCmTemp: 3.2808219178082193e-01
faceCenterPointX: 259
faceCenterPointY: 84
headPositionsX: [ 261, 264, 261, 261, 263, 264, 266, 261, 266, 263, 265,
    262, 262, 265, 264, 264, 262, 263, 265, 262, 264, 265, 261, 260, 261,
    263, 262, 264, 261, 261, 261, 263, 265, 264, 262, 264, 261, 263, 263,
    263, 260, 262, 258, 256, 255, 250, 248, 247, 247, 251, 258, 264, 273,
    276, 276, 273, 267, 262, 253, 248, 248, 247, 255, 261, 268, 271, 274,
    269, 264, 261, 254, 248, 249, 248, 251, 255, 257, 264, 267, 268, 270,
    268, 267, 266, 266, 262, 260, 262, 261, 262, 262, 260, 259, 259, 260,
    258, 259, 258, 259, 260 ]
headPositionsY: [ 82, 81, 82, 84, 81, 83, 83, 84, 86, 80, 82, 82, 85, 82,
    83, 83, 84, 84, 81, 83, 84, 83, 86, 85, 81, 83, 84, 83, 86, 84, 82,
    84, 83, 84, 83, 85, 83, 83, 84, 81, 82, 85, 85, 84, 85, 83, 81, 82,
    81, 82, 85, 82, 83, 81, 83, 84, 83, 82, 82, 82, 85, 84, 83, 86, 82,
    84, 82, 82, 85, 86, 82, 84, 83, 82, 81, 82, 85, 84, 86, 83, 86, 86,
    82, 83, 84, 84, 84, 83, 86, 86, 82, 85, 83, 83, 87, 82, 85, 87, 83,
    83 ]
