%YAML:1.0
---
videoName: "headNod3.mp4"
gestureLabel: 202
fps: 29
pixelSizeInCmTemp: 3.1933333333333330e-01
faceCenterPointX: 264
faceCenterPointY: 76
headPositionsX: [ 264, 266, 263, 265, 262, 261, 267, 266, 263, 263, 265,
    265, 267, 264, 268, 265, 267, 264, 263, 263, 263, 266, 266, 266, 265,
    265, 264, 266, 267, 267, 264, 265, 265, 265, 263, 268, 264, 266, 264,
    267, 267, 267, 267, 263, 267, 263, 263, 266, 266, 263, 265, 266, 268,
    265, 262, 263, 262, 262, 263, 266, 266, 265, 264, 266, 261, 262, 262,
    267, 265, 262, 263, 263, 265, 263, 261, 264, 263, 262, 261, 262, 262,
    263, 263, 263, 266, 263, 262, 261, 264, 265, 263, 266, 265, 263, 265,
    263, 262, 264, 265, 267 ]
headPositionsY: [ 74, 75, 76, 77, 76, 77, 76, 76, 77, 73, 75, 75, 73, 73,
    72, 73, 75, 71, 75, 73, 70, 72, 74, 71, 72, 75, 72, 73, 73, 74, 74,
    74, 77, 73, 77, 75, 72, 74, 74, 72, 77, 72, 75, 71, 73, 68, 68, 64,
    65, 68, 66, 68, 70, 73, 80, 80, 82, 83, 80, 76, 77, 73, 71, 71, 67,
    67, 70, 73, 73, 80, 81, 83, 82, 82, 77, 73, 73, 68, 69, 66, 66, 66,
    68, 71, 75, 77, 77, 79, 81, 78, 77, 76, 78, 75, 74, 76, 75, 74, 76,
    78 ]
