%YAML:1.0
---
videoName: "headNod3.mp4"
gestureLabel: 202
fps: 29
pixelSizeInCmTemp: 3.1933333333333330e-01
faceCenterPointX: 264
faceCenterPointY: 76
headPositionsX: [ 265, 262, 263, 263, 265, 261, 266, 265, 266, 267, 269,
    268, 266, 267, 267, 263, 265, 264, 267, 265, 264, 266, 263, 264, 263,
    267, 267, 265, 263, 265, 266, 265, 264, 264, 266, 267, 266, 265, 266,
    267, 265, 263, 266, 267, 264, 266, 264, 264, 268, 265, 267, 264, 265,
    263, 263, 262, 264, 264, 262, 262, 262, 265, 261, 262, 262, 266, 262,
    267, 263, 265, 266, 265, 262, 263, 265, 261, 265, 265, 265, 265, 261,
    264, 266, 266, 264, 264, 263, 264, 263, 263, 264, 266, 261, 263, 261,
    265, 263, 266, 265, 265 ]
headPositionsY: [ 75, 76, 76, 75, 77, 76, 74, 78, 75, 75, 75, 73, 72, 71,
    71, 75, 72, 71, 73, 75, 73, 74, 74, 72, 71, 74, 76, 75, 75, 75, 75,
    76, 77, 76, 75, 77, 72, 74, 74, 73, 74, 76, 76, 74, 73, 67, 69, 68,
    66, 66, 69, 70, 71, 75, 78, 81, 82, 84, 80, 78, 74, 72, 69, 69, 65,
    68, 70, 71, 74, 78, 79, 82, 80, 82, 76, 72, 73, 69, 67, 68, 65, 67,
    69, 69, 72, 77, 79, 77, 81, 78, 80, 80, 77, 76, 76, 79, 75, 77, 75,
    77 ]
