%YAML:1.0
---
videoName: "headNod49.mp4"
gestureLabel: 202
fps: 29
pixelSizeInCmTemp: 2.9207317073170730e-01
faceCenterPointX: 263
faceCenterPointY: 74
headPositionsX: [ 263, 266, 264, 267, 266, 267, 262, 265, 264, 265, 266,
    266, 267, 265, 266, 266, 264, 266, 266, 265, 262, 263, 266, 267, 263,
    263, 265, 265, 262, 264, 264, 265, 262, 264, 262, 263, 266, 263, 262,
    262, 263, 265, 263, 265, 262, 263, 260, 262, 261, 262, 263, 265, 263,
    263, 264, 261, 262, 266, 262, 265, 261, 262, 263, 263, 262, 263, 263,
    263, 262, 265, 264, 265, 263, 266, 265, 261, 261, 262, 264, 263, 263,
    265, 261, 262, 262, 262, 265, 262, 263, 260, 261, 261, 262, 263, 262,
    265, 264, 262, 261, 265 ]
headPositionsY: [ 72, 69, 72, 71, 71, 75, 73, 74, 72, 70, 73, 69, 70, 67,
    66, 68, 67, 67, 66, 70, 69, 68, 73, 74, 79, 78, 77, 76, 77, 73, 70,
    69, 72, 69, 71, 70, 72, 73, 76, 77, 80, 77, 80, 78, 77, 70, 71, 69,
    73, 71, 74, 73, 73, 79, 77, 75, 75, 76, 74, 72, 76, 71, 74, 71, 73,
    75, 73, 76, 81, 79, 75, 76, 74, 77, 73, 74, 76, 76, 73, 77, 73, 73,
    75, 75, 76, 76, 76, 72, 73, 76, 72, 74, 72, 77, 74, 74, 73, 73, 72,
    74 ]
