%YAML:1.0
---
videoName: "headNod36.mp4"
gestureLabel: 202
fps: 29
pixelSizeInCmTemp: 2.8176470588235292e-01
faceCenterPointX: 269
faceCenterPointY: 75
headPositionsX: [ 268, 271, 273, 272, 269, 269, 271, 272, 268, 272, 269,
    271, 270, 272, 268, 271, 271, 272, 267, 271, 271, 269, 270, 273, 273,
    269, 271, 267, 269, 270, 268, 270, 269, 269, 268, 268, 269, 269, 267,
    266, 266, 269, 270, 268, 272, 268, 272, 269, 268, 270, 271, 269, 271,
    271, 272, 268, 272, 271, 271, 268, 271, 269, 271, 267, 269, 266, 270,
    267, 269, 271, 266, 267, 267, 266, 265, 268, 267, 266, 269, 270, 268,
    268, 268, 271, 271, 271, 269, 270, 271, 267, 272, 270, 272, 266, 267,
    268, 269, 268, 269, 271 ]
headPositionsY: [ 74, 72, 75, 75, 74, 75, 75, 73, 73, 76, 77, 73, 74, 74,
    72, 76, 72, 78, 77, 77, 76, 77, 77, 78, 77, 76, 70, 68, 66, 64, 65,
    66, 70, 76, 80, 84, 90, 91, 88, 89, 84, 80, 78, 73, 75, 68, 68, 67,
    66, 70, 70, 73, 80, 83, 84, 88, 86, 84, 86, 84, 77, 75, 73, 71, 72,
    71, 76, 75, 80, 81, 85, 81, 80, 79, 78, 73, 74, 76, 75, 80, 83, 82,
    83, 84, 84, 85, 79, 78, 79, 75, 75, 74, 76, 75, 77, 73, 74, 78, 73,
    76 ]
