%YAML:1.0
---
videoName: "headNod35.mp4"
gestureLabel: 202
fps: 30
pixelSizeInCmTemp: 2.9937500000000000e-01
faceCenterPointX: 268
faceCenterPointY: 78
headPositionsX: [ 267, 267, 270, 270, 268, 269, 271, 270, 270, 272, 270,
    269, 269, 271, 271, 268, 270, 268, 269, 270, 270, 270, 271, 270, 267,
    268, 270, 268, 272, 271, 271, 269, 271, 271, 272, 272, 270, 269, 265,
    270, 268, 269, 266, 268, 270, 270, 269, 270, 271, 271, 271, 267, 271,
    268, 267, 269, 271, 268, 268, 267, 270, 268, 266, 268, 270, 271, 267,
    268, 271, 269, 267, 270, 269, 269, 266, 270, 266, 270, 270, 271, 266,
    266, 265, 266, 266, 268, 266, 265, 265, 268, 268, 266, 269, 265, 265,
    265, 269, 267, 269, 265 ]
headPositionsY: [ 77, 75, 77, 75, 75, 76, 77, 75, 78, 76, 75, 79, 75, 76,
    75, 78, 76, 78, 75, 75, 79, 74, 76, 76, 75, 74, 77, 74, 68, 70, 69,
    67, 67, 68, 68, 77, 77, 86, 91, 94, 91, 91, 90, 85, 82, 75, 73, 72,
    74, 76, 75, 80, 85, 87, 89, 87, 89, 82, 81, 81, 73, 71, 71, 71, 75,
    74, 75, 83, 83, 88, 85, 84, 83, 81, 77, 77, 75, 74, 78, 79, 83, 83,
    89, 87, 88, 83, 81, 83, 82, 78, 79, 82, 77, 79, 77, 76, 78, 76, 80,
    79 ]
