%YAML:1.0
---
videoName: "headLookUp0.mp4"
gestureLabel: 205
fps: 29
pixelSizeInCmTemp: 3.6846153846153845e-01
faceCenterPointX: 258
faceCenterPointY: 66
headPositionsX: [ 259, 261, 261, 259, 259, 259, 259, 257, 262, 257, 258,
    262, 261, 259, 256, 257, 261, 259, 258, 258, 258, 261, 258, 261, 257,
    258, 259, 261, 258, 259, 258, 261, 259, 256, 259, 258, 261, 258, 257,
    259, 257, 257, 260, 257, 260, 258, 258, 257, 258, 258, 256, 256, 258,
    258, 258, 259, 260, 259, 260, 259, 257, 258, 258, 259, 257, 258, 259,
    256, 257, 260, 259, 257, 256, 258, 261, 259, 260, 257, 257, 260, 258,
    257, 259, 258, 257, 258, 260, 257, 258, 259, 257, 258, 256, 258, 256,
    260, 259, 259, 259, 257 ]
headPositionsY: [ 68, 79, 82, 81, 81, 82, 81, 79, 79, 82, 80, 82, 80, 79,
    75, 78, 78, 76, 76, 71, 74, 71, 69, 71, 71, 69, 66, 66, 66, 66, 67,
    69, 68, 67, 64, 65, 64, 68, 68, 63, 68, 67, 69, 68, 68, 66, 66, 68,
    66, 70, 66, 65, 66, 69, 70, 66, 68, 65, 69, 67, 66, 70, 67, 68, 69,
    67, 69, 66, 69, 68, 63, 68, 67, 68, 68, 68, 68, 68, 67, 67, 65, 68,
    68, 68, 68, 69, 70, 67, 67, 66, 66, 68, 66, 67, 66, 68, 67, 64, 67,
    71 ]
