%YAML:1.0
---
videoName: "headLookUp0.mp4"
gestureLabel: 205
fps: 29
pixelSizeInCmTemp: 3.6846153846153845e-01
faceCenterPointX: 258
faceCenterPointY: 66
headPositionsX: [ 258, 261, 260, 257, 257, 258, 260, 259, 259, 258, 259,
    260, 260, 258, 260, 257, 259, 260, 257, 260, 258, 258, 262, 257, 258,
    257, 256, 257, 257, 260, 257, 259, 257, 256, 258, 256, 261, 260, 257,
    258, 258, 257, 261, 256, 259, 256, 260, 260, 257, 256, 259, 256, 258,
    257, 258, 261, 258, 260, 259, 256, 259, 259, 259, 257, 261, 257, 257,
    259, 261, 256, 260, 257, 257, 257, 258, 257, 257, 261, 256, 256, 260,
    257, 260, 261, 259, 259, 257, 259, 255, 259, 260, 258, 257, 259, 256,
    259, 257, 256, 257, 257 ]
headPositionsY: [ 65, 82, 78, 79, 81, 80, 81, 82, 82, 82, 82, 81, 79, 81,
    78, 78, 78, 75, 75, 74, 71, 72, 71, 67, 69, 70, 65, 65, 69, 66, 65,
    68, 68, 68, 67, 67, 67, 67, 64, 67, 69, 65, 65, 69, 67, 69, 67, 67,
    69, 70, 68, 65, 67, 65, 68, 66, 68, 65, 66, 68, 67, 66, 68, 66, 67,
    69, 70, 68, 69, 67, 65, 66, 66, 69, 69, 70, 67, 70, 69, 68, 66, 67,
    67, 66, 66, 66, 66, 66, 64, 66, 68, 70, 69, 69, 65, 69, 71, 64, 68,
    70 ]
