%YAML:1.0
---
videoName: "headNod20.mp4"
gestureLabel: 202
fps: 30
pixelSizeInCmTemp: 3.2808219178082193e-01
faceCenterPointX: 253
faceCenterPointY: 80
headPositionsX: [ 255, 257, 253, 256, 256, 256, 253, 257, 255, 257, 255,
    256, 256, 255, 255, 257, 254, 258, 253, 255, 253, 253, 258, 254, 256,
    253, 255, 257, 256, 258, 256, 253, 254, 256, 257, 253, 255, 253, 253,
    254, 253, 253, 253, 255, 255, 254, 253, 253, 255, 252, 254, 254, 253,
    252, 249, 251, 250, 253, 253, 249, 250, 255, 253, 253, 253, 252, 252,
    252, 253, 254, 255, 251, 254, 253, 253, 254, 254, 255, 253, 252, 250,
    254, 252, 255, 251, 254, 251, 254, 253, 255, 252, 254, 250, 253, 252,
    255, 254, 251, 252, 254 ]
headPositionsY: [ 81, 80, 76, 79, 77, 78, 78, 79, 79, 76, 80, 77, 77, 78,
    80, 76, 80, 77, 78, 76, 78, 80, 77, 77, 77, 77, 81, 81, 82, 81, 84,
    83, 84, 89, 86, 83, 79, 78, 75, 70, 74, 69, 74, 74, 78, 79, 86, 89,
    90, 90, 88, 82, 81, 77, 75, 74, 75, 81, 78, 83, 83, 82, 82, 79, 80,
    77, 81, 80, 80, 84, 83, 80, 76, 76, 76, 79, 81, 81, 84, 80, 81, 82,
    81, 80, 79, 81, 82, 79, 83, 80, 81, 81, 80, 81, 82, 78, 79, 82, 78,
    79 ]
