%YAML:1.0
---
videoName: "headShake39.mp4"
gestureLabel: 201
fps: 29
pixelSizeInCmTemp: 3.1933333333333330e-01
faceCenterPointX: 263
faceCenterPointY: 83
headPositionsX: [ 262, 263, 262, 260, 261, 262, 260, 262, 259, 263, 260,
    260, 263, 263, 259, 263, 261, 262, 261, 258, 258, 259, 255, 252, 254,
    248, 250, 243, 243, 243, 244, 243, 248, 253, 258, 262, 266, 270, 274,
    280, 282, 282, 276, 272, 264, 260, 255, 246, 246, 249, 245, 250, 253,
    254, 262, 270, 275, 278, 278, 281, 277, 275, 267, 263, 261, 256, 252,
    249, 250, 246, 253, 250, 252, 256, 256, 258, 259, 261, 266, 264, 266,
    265, 266, 264, 265, 269, 268, 268, 265, 263, 265, 262, 262, 262, 265,
    262, 264, 264, 264, 264 ]
headPositionsY: [ 82, 83, 82, 85, 82, 82, 85, 84, 84, 84, 80, 85, 81, 81,
    84, 82, 84, 82, 81, 83, 84, 84, 82, 85, 85, 85, 84, 81, 84, 80, 82,
    82, 80, 81, 83, 85, 81, 79, 81, 78, 80, 80, 82, 83, 81, 84, 85, 80,
    83, 83, 81, 85, 81, 85, 80, 85, 84, 82, 82, 82, 81, 84, 84, 82, 83,
    84, 80, 81, 79, 81, 80, 78, 82, 80, 81, 80, 81, 84, 85, 84, 81, 81,
    83, 80, 81, 85, 83, 85, 82, 85, 84, 81, 81, 82, 81, 83, 82, 82, 81,
    85 ]
