%YAML:1.0
---
videoName: "headNod20.mp4"
gestureLabel: 202
fps: 30
pixelSizeInCmTemp: 3.2808219178082193e-01
faceCenterPointX: 253
faceCenterPointY: 80
headPositionsX: [ 251, 257, 255, 258, 255, 258, 253, 256, 256, 258, 255,
    254, 256, 256, 255, 253, 254, 255, 253, 255, 256, 254, 255, 257, 257,
    257, 257, 256, 258, 255, 254, 254, 253, 258, 254, 255, 255, 256, 256,
    252, 253, 252, 252, 255, 256, 254, 255, 250, 251, 252, 255, 252, 252,
    249, 249, 252, 253, 254, 251, 250, 252, 254, 251, 254, 251, 255, 251,
    254, 251, 251, 254, 253, 251, 250, 255, 253, 255, 251, 250, 254, 250,
    250, 253, 254, 255, 252, 252, 255, 254, 256, 252, 255, 253, 255, 255,
    252, 254, 253, 252, 253 ]
headPositionsY: [ 80, 76, 78, 76, 78, 78, 76, 79, 77, 76, 76, 77, 78, 79,
    79, 78, 79, 77, 78, 78, 79, 80, 78, 77, 81, 76, 78, 78, 82, 80, 81,
    83, 87, 88, 86, 81, 80, 78, 76, 74, 70, 69, 74, 73, 80, 82, 85, 89,
    88, 90, 88, 84, 81, 80, 77, 75, 78, 80, 82, 82, 81, 83, 81, 81, 80,
    76, 82, 82, 82, 81, 84, 82, 80, 79, 80, 79, 80, 78, 84, 83, 80, 79,
    82, 79, 82, 78, 79, 83, 82, 83, 81, 81, 79, 80, 82, 80, 81, 78, 79,
    82 ]
