%YAML:1.0
---
videoName: "headNod10.mp4"
gestureLabel: 202
fps: 29
pixelSizeInCmTemp: 3.2808219178082193e-01
faceCenterPointX: 260
faceCenterPointY: 67
headPositionsX: [ 260, 257, 257, 257, 257, 258, 256, 260, 258, 260, 256,
    258, 261, 256, 259, 260, 256, 257, 260, 260, 258, 258, 259, 259, 261,
    260, 261, 260, 257, 260, 261, 257, 261, 257, 258, 260, 259, 259, 259,
    258, 258, 261, 257, 259, 261, 259, 259, 258, 261, 263, 260, 262, 262,
    262, 262, 257, 257, 259, 260, 258, 261, 261, 258, 260, 261, 260, 261,
    260, 259, 260, 260, 257, 257, 257, 257, 259, 258, 259, 259, 260, 259,
    260, 256, 258, 260, 257, 257, 261, 259, 259, 259, 261, 257, 262, 259,
    259, 261, 263, 260, 261 ]
headPositionsY: [ 69, 71, 68, 69, 71, 69, 70, 71, 68, 71, 68, 70, 70, 71,
    69, 70, 72, 69, 72, 70, 72, 72, 67, 69, 71, 71, 71, 72, 72, 72, 69,
    72, 73, 72, 71, 72, 73, 69, 72, 73, 70, 74, 71, 69, 66, 65, 63, 63,
    61, 64, 66, 68, 68, 72, 75, 75, 70, 71, 69, 65, 66, 66, 65, 66, 64,
    67, 73, 76, 78, 76, 72, 71, 72, 68, 63, 66, 66, 69, 71, 72, 76, 77,
    74, 75, 71, 69, 66, 68, 65, 67, 66, 68, 66, 66, 69, 67, 68, 66, 68,
    70 ]
