%YAML:1.0
---
videoName: "headNod31.mp4"
gestureLabel: 202
fps: 29
pixelSizeInCmTemp: 2.8855421686746985e-01
faceCenterPointX: 267
faceCenterPointY: 75
headPositionsX: [ 269, 270, 271, 269, 272, 272, 271, 270, 271, 271, 268,
    268, 268, 270, 267, 267, 270, 268, 270, 265, 269, 266, 268, 264, 265,
    264, 268, 264, 268, 270, 267, 267, 269, 270, 269, 268, 267, 267, 266,
    270, 268, 268, 269, 268, 268, 265, 269, 265, 269, 265, 265, 265, 267,
    264, 264, 263, 266, 265, 267, 265, 268, 265, 266, 266, 268, 266, 264,
    266, 266, 267, 264, 265, 264, 264, 267, 269, 268, 266, 267, 266, 268,
    264, 267, 268, 268, 267, 264, 268, 265, 267, 265, 266, 268, 268, 269,
    267, 265, 266, 268, 264 ]
headPositionsY: [ 73, 73, 73, 76, 72, 76, 76, 65, 68, 65, 65, 64, 66, 66,
    76, 79, 82, 87, 88, 87, 85, 83, 79, 76, 75, 70, 73, 72, 68, 67, 70,
    70, 74, 74, 79, 84, 85, 87, 88, 88, 86, 81, 79, 77, 73, 74, 75, 75,
    78, 77, 81, 82, 82, 82, 84, 80, 78, 73, 73, 73, 72, 68, 71, 67, 73,
    75, 76, 76, 77, 82, 78, 78, 80, 77, 75, 72, 71, 72, 72, 73, 73, 74,
    76, 75, 75, 76, 77, 75, 73, 72, 76, 75, 74, 75, 75, 77, 77, 77, 78,
    77 ]
