%YAML:1.0
---
videoName: "headShake31.mp4"
gestureLabel: 201
fps: 29
pixelSizeInCmTemp: 3.2808219178082193e-01
faceCenterPointX: 236
faceCenterPointY: 68
headPositionsX: [ 238, 235, 237, 235, 236, 237, 238, 235, 236, 238, 238,
    235, 235, 238, 235, 236, 237, 239, 238, 236, 238, 238, 238, 236, 234,
    236, 238, 235, 239, 236, 236, 237, 236, 236, 234, 234, 237, 237, 239,
    246, 247, 249, 254, 253, 254, 250, 247, 241, 230, 227, 221, 224, 222,
    223, 228, 233, 237, 245, 247, 246, 244, 245, 239, 239, 235, 231, 230,
    227, 227, 229, 231, 237, 240, 240, 240, 241, 244, 245, 239, 241, 239,
    237, 236, 235, 233, 234, 235, 233, 234, 237, 236, 235, 233, 233, 233,
    238, 234, 234, 235, 234 ]
headPositionsY: [ 69, 64, 68, 67, 68, 67, 69, 70, 69, 69, 69, 68, 67, 65,
    67, 69, 69, 66, 69, 64, 68, 70, 67, 67, 67, 66, 67, 68, 67, 66, 68,
    68, 67, 67, 70, 67, 69, 68, 65, 68, 65, 66, 66, 68, 68, 68, 67, 67,
    66, 68, 66, 70, 68, 72, 71, 70, 71, 72, 71, 69, 67, 71, 69, 70, 70,
    69, 71, 68, 69, 71, 69, 68, 69, 66, 69, 70, 67, 69, 70, 69, 68, 68,
    68, 70, 66, 70, 66, 68, 71, 69, 68, 67, 70, 67, 69, 68, 67, 71, 70,
    67 ]
