%YAML:1.0
---
videoName: "headShake39.mp4"
gestureLabel: 201
fps: 29
pixelSizeInCmTemp: 3.1933333333333330e-01
faceCenterPointX: 263
faceCenterPointY: 83
headPositionsX: [ 262, 262, 263, 260, 262, 259, 263, 260, 262, 262, 260,
    261, 263, 259, 261, 260, 260, 260, 260, 261, 260, 259, 255, 255, 250,
    249, 247, 244, 245, 244, 243, 244, 249, 251, 256, 262, 269, 271, 274,
    282, 279, 281, 273, 269, 264, 257, 251, 247, 246, 247, 244, 251, 255,
    254, 263, 270, 273, 274, 277, 282, 275, 273, 271, 265, 257, 256, 253,
    249, 248, 250, 250, 250, 255, 255, 255, 257, 260, 263, 263, 267, 265,
    266, 264, 264, 266, 268, 267, 264, 263, 267, 264, 265, 262, 265, 264,
    262, 262, 264, 261, 263 ]
headPositionsY: [ 81, 82, 84, 83, 82, 82, 82, 81, 82, 84, 80, 84, 82, 84,
    81, 81, 81, 83, 84, 82, 84, 84, 82, 81, 82, 82, 82, 84, 81, 84, 84,
    81, 84, 83, 83, 85, 81, 83, 80, 80, 79, 78, 80, 82, 81, 82, 83, 84,
    83, 81, 80, 81, 83, 84, 82, 85, 84, 80, 78, 82, 81, 84, 82, 82, 80,
    81, 81, 77, 78, 81, 80, 79, 81, 81, 81, 80, 83, 80, 83, 81, 82, 85,
    84, 80, 84, 81, 80, 83, 82, 83, 81, 85, 84, 82, 85, 85, 81, 81, 84,
    84 ]
