%YAML:1.0
---
videoName: "headNod12.mp4"
gestureLabel: 202
fps: 29
pixelSizeInCmTemp: 3.2808219178082193e-01
faceCenterPointX: 254
faceCenterPointY: 69
headPositionsX: [ 256, 253, 254, 252, 255, 251, 255, 251, 253, 255, 254,
    259, 253, 256, 257, 259, 255, 256, 255, 257, 255, 256, 259, 257, 254,
    257, 256, 255, 258, 257, 256, 254, 257, 253, 255, 252, 253, 257, 255,
    254, 254, 253, 254, 256, 253, 258, 256, 255, 253, 256, 252, 253, 254,
    252, 255, 253, 255, 255, 252, 252, 252, 252, 254, 255, 253, 254, 253,
    256, 252, 254, 253, 256, 253, 253, 255, 252, 254, 255, 255, 253, 255,
    257, 256, 256, 254, 253, 254, 255, 254, 256, 253, 254, 257, 253, 254,
    254, 252, 252, 256, 255 ]
headPositionsY: [ 67, 74, 72, 74, 72, 72, 76, 72, 74, 76, 75, 73, 75, 72,
    74, 71, 74, 72, 73, 74, 71, 74, 74, 71, 74, 75, 74, 76, 74, 76, 77,
    73, 73, 72, 72, 70, 68, 66, 65, 63, 63, 64, 64, 64, 64, 68, 66, 71,
    73, 75, 78, 80, 76, 75, 76, 75, 70, 65, 67, 64, 65, 62, 62, 65, 65,
    70, 70, 71, 74, 76, 77, 77, 74, 74, 75, 72, 67, 67, 68, 67, 67, 66,
    68, 64, 70, 70, 71, 71, 73, 71, 72, 76, 72, 73, 73, 73, 70, 71, 68,
    71 ]
