%YAML:1.0
---
videoName: "headLookUp8.mp4"
gestureLabel: 205
fps: 29
pixelSizeInCmTemp: 3.4214285714285714e-01
faceCenterPointX: 253
faceCenterPointY: 59
headPositionsX: [ 252, 253, 252, 254, 251, 253, 254, 254, 251, 251, 254,
    255, 254, 253, 252, 252, 254, 252, 253, 253, 251, 253, 253, 250, 250,
    254, 250, 250, 252, 252, 251, 253, 251, 250, 254, 251, 254, 252, 254,
    252, 252, 251, 253, 254, 252, 252, 251, 253, 252, 252, 250, 253, 252,
    251, 251, 251, 252, 253, 253, 253, 251, 250, 253, 253, 253, 251, 250,
    253, 252, 251, 254, 254, 250, 253, 251, 251, 252, 251, 252, 251, 254,
    252, 255, 251, 253, 252, 255, 253, 252, 253, 254, 252, 255, 251, 254,
    251, 252, 251, 252, 255 ]
headPositionsY: [ 58, 79, 75, 78, 78, 76, 78, 75, 75, 74, 75, 74, 73, 75,
    76, 72, 73, 72, 71, 71, 70, 68, 68, 68, 66, 69, 64, 64, 65, 62, 62,
    61, 62, 60, 60, 61, 63, 60, 58, 59, 58, 60, 58, 58, 58, 58, 60, 59,
    57, 58, 58, 58, 58, 58, 57, 56, 61, 58, 56, 58, 56, 57, 58, 60, 58,
    59, 60, 59, 57, 61, 61, 59, 58, 58, 58, 58, 61, 58, 57, 59, 57, 59,
    57, 58, 61, 61, 61, 57, 60, 59, 61, 57, 57, 60, 61, 59, 59, 57, 58,
    59 ]
