%YAML:1.0
---
videoName: "headLookLeft4.mp4"
gestureLabel: 203
fps: 29
pixelSizeInCmTemp: 3.4710144927536229e-01
faceCenterPointX: 288
faceCenterPointY: 74
headPositionsX: [ 287, 262, 264, 266, 267, 264, 269, 269, 271, 274, 277,
    280, 282, 282, 285, 288, 292, 292, 298, 298, 294, 295, 294, 298, 289,
    294, 294, 298, 298, 295, 292, 292, 294, 293, 290, 295, 296, 296, 297,
    292, 292, 290, 292, 296, 295, 292, 289, 291, 291, 291, 290, 291, 293,
    291, 289, 290, 288, 289, 287, 289, 290, 290, 290, 288, 287, 290, 291,
    290, 288, 291, 289, 293, 291, 292, 287, 292, 290, 287, 292, 290, 292,
    290, 290, 293, 292, 290, 289, 291, 294, 290, 290, 287, 288, 287, 289,
    288, 290, 287, 288, 290 ]
headPositionsY: [ 76, 77, 80, 79, 80, 79, 79, 78, 78, 76, 78, 78, 79, 77,
    77, 77, 78, 76, 78, 82, 74, 76, 74, 77, 74, 75, 76, 77, 76, 77, 79,
    78, 80, 75, 75, 73, 79, 73, 78, 78, 76, 76, 75, 74, 75, 75, 76, 76,
    75, 76, 75, 75, 72, 73, 72, 73, 72, 74, 72, 74, 73, 73, 76, 72, 76,
    73, 73, 74, 76, 76, 75, 72, 77, 74, 76, 73, 78, 73, 79, 76, 74, 75,
    75, 75, 73, 74, 73, 76, 74, 76, 74, 73, 77, 74, 77, 75, 77, 73, 73,
    73 ]
