%YAML:1.0
---
videoName: "headShake12.mp4"
gestureLabel: 201
fps: 29
pixelSizeInCmTemp: 3.2808219178082193e-01
faceCenterPointX: 241
faceCenterPointY: 76
headPositionsX: [ 241, 238, 238, 241, 241, 242, 243, 240, 244, 243, 241,
    242, 242, 241, 239, 240, 241, 240, 242, 242, 242, 241, 242, 244, 240,
    241, 240, 243, 242, 241, 244, 242, 241, 243, 243, 244, 244, 243, 244,
    239, 239, 239, 239, 242, 241, 241, 241, 240, 241, 241, 241, 242, 241,
    240, 243, 242, 242, 240, 243, 245, 250, 251, 253, 259, 256, 261, 257,
    253, 250, 244, 236, 233, 231, 231, 235, 241, 248, 248, 253, 255, 251,
    252, 246, 247, 240, 239, 238, 235, 237, 239, 239, 238, 237, 240, 239,
    240, 240, 240, 239, 238 ]
headPositionsY: [ 78, 73, 71, 72, 75, 75, 73, 74, 76, 74, 74, 76, 73, 72,
    76, 73, 74, 71, 76, 74, 73, 75, 73, 74, 73, 74, 72, 76, 73, 75, 76,
    75, 77, 76, 73, 75, 73, 72, 74, 74, 73, 72, 74, 72, 72, 74, 75, 76,
    76, 76, 76, 76, 76, 76, 76, 72, 75, 76, 74, 75, 74, 73, 72, 71, 73,
    75, 75, 74, 75, 77, 75, 74, 78, 77, 77, 75, 75, 77, 75, 73, 74, 75,
    74, 77, 75, 76, 73, 78, 75, 76, 77, 75, 77, 74, 76, 78, 76, 76, 78,
    77 ]
