%YAML:1.0
---
videoName: "headNod14.mp4"
gestureLabel: 202
fps: 29
pixelSizeInCmTemp: 3.2808219178082193e-01
faceCenterPointX: 257
faceCenterPointY: 71
headPositionsX: [ 256, 256, 259, 259, 258, 257, 258, 261, 256, 258, 259,
    260, 257, 256, 258, 259, 257, 260, 258, 257, 258, 256, 257, 261, 259,
    257, 259, 260, 259, 260, 258, 260, 260, 258, 256, 258, 258, 258, 257,
    261, 257, 259, 260, 259, 261, 258, 260, 259, 261, 259, 257, 260, 257,
    256, 260, 256, 260, 259, 259, 258, 257, 258, 260, 257, 261, 258, 258,
    258, 260, 257, 260, 260, 256, 256, 255, 259, 259, 256, 257, 259, 258,
    260, 258, 259, 260, 259, 259, 257, 260, 257, 256, 255, 258, 258, 258,
    255, 256, 256, 258, 258 ]
headPositionsY: [ 70, 75, 75, 75, 77, 74, 75, 76, 75, 76, 78, 77, 77, 78,
    78, 79, 78, 77, 77, 79, 80, 76, 75, 79, 77, 79, 78, 77, 77, 80, 77,
    77, 77, 80, 78, 77, 76, 76, 76, 73, 72, 71, 70, 68, 69, 67, 72, 73,
    70, 71, 75, 75, 79, 79, 80, 80, 79, 82, 76, 73, 71, 68, 68, 71, 69,
    69, 74, 77, 78, 79, 79, 80, 82, 78, 75, 72, 71, 69, 70, 72, 72, 74,
    77, 80, 82, 78, 78, 76, 75, 77, 73, 69, 70, 69, 70, 68, 71, 72, 69,
    69 ]
