%YAML:1.0
---
videoName: "headShake47.mp4"
gestureLabel: 201
fps: 29
pixelSizeInCmTemp: 3.2364864864864862e-01
faceCenterPointX: 258
faceCenterPointY: 86
headPositionsX: [ 260, 259, 261, 259, 262, 259, 261, 260, 261, 263, 259,
    259, 259, 263, 262, 262, 261, 258, 260, 262, 260, 262, 259, 263, 259,
    260, 258, 263, 262, 259, 260, 259, 257, 257, 255, 258, 251, 250, 249,
    250, 250, 250, 252, 257, 260, 265, 266, 270, 267, 265, 258, 257, 251,
    252, 256, 259, 264, 266, 265, 262, 263, 259, 255, 252, 250, 253, 255,
    260, 265, 265, 264, 258, 255, 253, 254, 252, 254, 257, 263, 264, 262,
    264, 260, 258, 254, 253, 254, 254, 254, 257, 256, 257, 259, 256, 259,
    258, 255, 258, 259, 260 ]
headPositionsY: [ 86, 87, 85, 86, 87, 84, 86, 85, 83, 83, 86, 84, 83, 85,
    82, 87, 85, 85, 87, 87, 86, 83, 83, 82, 86, 84, 85, 85, 83, 87, 85,
    86, 83, 84, 83, 84, 85, 86, 82, 84, 88, 87, 85, 89, 87, 90, 90, 89,
    87, 90, 88, 91, 90, 89, 88, 90, 90, 87, 91, 90, 89, 87, 87, 87, 85,
    88, 86, 89, 86, 87, 88, 88, 88, 87, 86, 89, 85, 85, 85, 85, 87, 87,
    88, 88, 87, 86, 84, 86, 85, 87, 84, 84, 87, 89, 84, 87, 88, 87, 85,
    87 ]
