%YAML:1.0
---
videoName: "headLookUp2.mp4"
gestureLabel: 205
fps: 29
pixelSizeInCmTemp: 3.7421874999999999e-01
faceCenterPointX: 254
faceCenterPointY: 67
headPositionsX: [ 252, 257, 256, 258, 258, 255, 254, 254, 255, 255, 257,
    256, 255, 256, 253, 256, 257, 253, 252, 254, 254, 254, 253, 253, 253,
    255, 255, 256, 254, 252, 253, 254, 252, 255, 253, 254, 252, 252, 254,
    252, 255, 256, 254, 252, 256, 256, 256, 255, 254, 254, 252, 255, 254,
    256, 255, 256, 252, 253, 255, 253, 254, 253, 253, 251, 255, 254, 255,
    254, 254, 251, 252, 252, 251, 253, 252, 250, 252, 253, 254, 255, 254,
    254, 253, 251, 254, 253, 251, 253, 257, 254, 253, 253, 254, 257, 256,
    252, 252, 253, 257, 252 ]
headPositionsY: [ 68, 81, 82, 82, 81, 79, 82, 81, 83, 83, 84, 80, 83, 83,
    81, 80, 82, 82, 82, 80, 82, 83, 81, 80, 81, 82, 81, 79, 79, 83, 79,
    80, 82, 83, 79, 79, 81, 80, 80, 82, 81, 79, 78, 75, 74, 74, 74, 71,
    70, 67, 69, 67, 69, 70, 66, 68, 65, 68, 68, 67, 70, 67, 67, 70, 70,
    67, 68, 68, 67, 64, 68, 67, 67, 71, 68, 66, 66, 67, 67, 71, 68, 69,
    69, 69, 70, 68, 65, 69, 69, 70, 67, 68, 66, 69, 69, 68, 67, 67, 67,
    68 ]
