%YAML:1.0
---
videoName: "headNod36.mp4"
gestureLabel: 202
fps: 29
pixelSizeInCmTemp: 2.8176470588235292e-01
faceCenterPointX: 269
faceCenterPointY: 75
headPositionsX: [ 270, 272, 273, 269, 272, 268, 269, 268, 272, 271, 268,
    270, 269, 272, 268, 272, 273, 272, 270, 269, 271, 269, 272, 269, 269,
    271, 271, 271, 269, 270, 272, 270, 271, 271, 268, 270, 268, 268, 267,
    268, 266, 266, 268, 268, 272, 269, 271, 268, 269, 270, 272, 269, 271,
    269, 268, 269, 268, 268, 270, 268, 269, 267, 269, 267, 269, 270, 266,
    265, 267, 270, 266, 268, 265, 266, 267, 267, 269, 266, 269, 269, 268,
    269, 268, 267, 267, 271, 267, 268, 268, 268, 271, 269, 270, 270, 270,
    268, 271, 271, 268, 269 ]
headPositionsY: [ 77, 73, 74, 72, 74, 73, 74, 76, 76, 76, 76, 73, 74, 76,
    73, 74, 73, 75, 75, 76, 80, 80, 79, 81, 74, 73, 67, 68, 65, 66, 65,
    66, 69, 72, 81, 86, 87, 90, 89, 89, 85, 81, 74, 74, 75, 70, 68, 67,
    69, 71, 71, 75, 78, 82, 82, 85, 88, 85, 84, 81, 77, 77, 76, 72, 75,
    74, 77, 75, 81, 83, 85, 81, 81, 78, 77, 76, 76, 76, 75, 79, 81, 85,
    85, 82, 82, 84, 79, 80, 78, 75, 75, 74, 77, 73, 73, 77, 75, 78, 74,
    73 ]
