%YAML:1.0
---
videoName: "headNod11.mp4"
gestureLabel: 202
fps: 29
pixelSizeInCmTemp: 3.2364864864864862e-01
faceCenterPointX: 261
faceCenterPointY: 75
headPositionsX: [ 260, 260, 261, 257, 258, 258, 260, 262, 258, 261, 257,
    260, 257, 261, 258, 260, 259, 259, 262, 258, 260, 262, 259, 259, 260,
    259, 259, 259, 261, 261, 262, 262, 261, 258, 258, 261, 262, 262, 258,
    259, 262, 258, 258, 259, 262, 258, 260, 262, 260, 259, 261, 262, 263,
    260, 261, 261, 259, 262, 261, 261, 258, 258, 261, 256, 257, 258, 256,
    257, 255, 258, 259, 258, 260, 256, 257, 254, 256, 257, 259, 255, 257,
    258, 256, 259, 258, 258, 257, 260, 258, 259, 258, 258, 258, 260, 260,
    262, 260, 261, 258, 260 ]
headPositionsY: [ 77, 73, 75, 72, 76, 77, 76, 76, 74, 75, 74, 76, 73, 73,
    74, 73, 73, 72, 73, 75, 76, 74, 74, 76, 75, 77, 74, 77, 76, 78, 73,
    75, 77, 75, 73, 76, 74, 76, 77, 76, 73, 77, 73, 77, 74, 77, 75, 75,
    70, 69, 71, 69, 66, 70, 68, 71, 74, 75, 79, 80, 79, 79, 76, 75, 71,
    68, 69, 69, 71, 74, 72, 76, 76, 81, 80, 80, 79, 78, 76, 75, 73, 70,
    73, 74, 73, 75, 79, 82, 82, 80, 81, 76, 79, 79, 74, 75, 78, 74, 75,
    73 ]
