%YAML:1.0
---
videoName: "headShake11.mp4"
gestureLabel: 201
fps: 29
pixelSizeInCmTemp: 3.2364864864864862e-01
faceCenterPointX: 244
faceCenterPointY: 76
headPositionsX: [ 242, 243, 239, 243, 242, 241, 241, 241, 243, 244, 243,
    241, 243, 244, 239, 240, 244, 243, 243, 243, 241, 241, 242, 242, 241,
    240, 245, 244, 249, 250, 253, 258, 261, 261, 259, 263, 260, 258, 255,
    250, 246, 240, 234, 232, 226, 227, 230, 231, 233, 238, 244, 249, 256,
    259, 259, 256, 257, 255, 247, 246, 237, 233, 231, 232, 230, 234, 234,
    240, 241, 249, 253, 253, 257, 257, 255, 257, 251, 247, 243, 238, 238,
    233, 236, 237, 236, 238, 238, 241, 242, 244, 247, 246, 250, 249, 248,
    245, 244, 245, 244, 242 ]
headPositionsY: [ 78, 72, 70, 70, 70, 73, 72, 73, 75, 73, 74, 74, 74, 73,
    72, 72, 72, 71, 71, 71, 72, 75, 71, 73, 72, 73, 74, 71, 70, 75, 72,
    74, 73, 74, 69, 74, 71, 71, 73, 75, 76, 75, 76, 75, 73, 76, 76, 75,
    76, 77, 75, 74, 75, 73, 75, 73, 71, 76, 77, 78, 77, 76, 74, 74, 77,
    73, 78, 74, 77, 74, 73, 75, 74, 73, 74, 75, 74, 75, 74, 74, 76, 74,
    72, 73, 74, 75, 73, 77, 73, 76, 74, 75, 74, 73, 75, 76, 73, 75, 73,
    75 ]
