%YAML:1.0
---
videoName: "headNod5.mp4"
gestureLabel: 202
fps: 29
pixelSizeInCmTemp: 3.1513157894736843e-01
faceCenterPointX: 263
faceCenterPointY: 75
headPositionsX: [ 262, 266, 263, 263, 260, 263, 263, 265, 264, 260, 263,
    263, 263, 264, 262, 264, 264, 263, 262, 264, 264, 265, 266, 266, 265,
    267, 263, 267, 266, 267, 267, 264, 263, 267, 266, 269, 268, 268, 267,
    264, 265, 266, 265, 265, 267, 264, 266, 263, 264, 267, 263, 264, 265,
    264, 262, 262, 265, 262, 265, 262, 263, 264, 262, 266, 264, 265, 265,
    265, 264, 266, 263, 265, 265, 267, 262, 263, 266, 266, 265, 264, 262,
    263, 265, 264, 265, 261, 261, 261, 265, 263, 262, 264, 263, 260, 262,
    263, 262, 264, 263, 261 ]
headPositionsY: [ 73, 74, 75, 72, 75, 74, 74, 73, 73, 72, 73, 73, 75, 75,
    75, 76, 73, 76, 76, 74, 77, 78, 77, 77, 73, 76, 74, 78, 74, 77, 77,
    79, 75, 77, 76, 79, 77, 77, 77, 77, 77, 78, 78, 77, 76, 78, 77, 76,
    76, 79, 77, 81, 85, 84, 86, 85, 80, 75, 73, 73, 78, 80, 80, 83, 86,
    87, 83, 83, 81, 77, 74, 76, 75, 81, 83, 84, 84, 86, 82, 76, 77, 76,
    75, 76, 76, 77, 77, 79, 82, 78, 80, 80, 73, 73, 73, 75, 74, 75, 72,
    76 ]
