%YAML:1.0
---
videoName: "headShake4.mp4"
gestureLabel: 201
fps: 30
pixelSizeInCmTemp: 3.2364864864864862e-01
faceCenterPointX: 237
faceCenterPointY: 101
headPositionsX: [ 236, 243, 246, 250, 249, 256, 252, 256, 252, 248, 244,
    235, 229, 226, 226, 224, 224, 230, 238, 242, 248, 250, 255, 249, 249,
    245, 240, 232, 229, 226, 221, 222, 224, 231, 232, 243, 246, 249, 254,
    256, 255, 252, 246, 246, 238, 232, 228, 224, 223, 227, 225, 231, 232,
    239, 240, 248, 247, 248, 248, 246, 249, 246, 239, 238, 233, 234, 228,
    231, 227, 230, 232, 233, 235, 236, 238, 239, 239, 242, 242, 239, 240,
    240, 239, 239, 239, 236, 238, 235, 237, 240, 238, 237, 234, 237, 238,
    238, 236, 239, 238, 239 ]
headPositionsY: [ 103, 97, 98, 99, 99, 97, 99, 98, 98, 101, 102, 98, 101,
    100, 98, 98, 97, 99, 99, 101, 98, 98, 99, 99, 100, 100, 101, 100,
    101, 98, 99, 98, 100, 99, 99, 99, 99, 98, 96, 100, 100, 100, 99, 101,
    102, 101, 101, 101, 99, 99, 98, 98, 102, 99, 100, 98, 99, 101, 98,
    100, 102, 102, 103, 101, 101, 98, 99, 100, 97, 97, 102, 98, 97, 100,
    98, 102, 100, 102, 101, 102, 100, 103, 100, 98, 98, 101, 100, 98, 99,
    100, 100, 99, 100, 98, 99, 101, 98, 100, 102, 100 ]
