%YAML:1.0
---
videoName: "headShake46.mp4"
gestureLabel: 201
fps: 30
pixelSizeInCmTemp: 3.2364864864864862e-01
faceCenterPointX: 262
faceCenterPointY: 85
headPositionsX: [ 261, 259, 261, 259, 261, 260, 260, 258, 263, 261, 261,
    261, 258, 260, 259, 262, 258, 259, 260, 262, 259, 261, 261, 261, 263,
    259, 262, 257, 259, 260, 266, 266, 274, 277, 279, 275, 276, 271, 268,
    259, 254, 249, 251, 252, 257, 264, 267, 271, 267, 269, 264, 257, 255,
    254, 257, 260, 261, 267, 269, 267, 265, 263, 261, 256, 256, 262, 264,
    267, 271, 269, 266, 263, 265, 261, 259, 259, 261, 263, 265, 267, 262,
    266, 261, 261, 260, 259, 259, 262, 259, 263, 263, 259, 261, 261, 262,
    264, 259, 260, 259, 262 ]
headPositionsY: [ 87, 84, 86, 82, 83, 82, 85, 83, 84, 83, 86, 82, 82, 82,
    83, 83, 83, 84, 83, 85, 86, 82, 86, 85, 87, 84, 86, 86, 84, 84, 82,
    85, 82, 81, 82, 81, 82, 85, 84, 84, 87, 84, 85, 86, 85, 86, 87, 83,
    82, 84, 84, 86, 83, 84, 85, 84, 85, 83, 85, 83, 86, 83, 84, 87, 87,
    86, 83, 86, 85, 84, 85, 87, 86, 85, 87, 86, 83, 86, 84, 85, 86, 86,
    82, 87, 85, 84, 83, 86, 85, 82, 87, 83, 87, 85, 86, 86, 85, 85, 85,
    85 ]
