%YAML:1.0
---
videoName: "headShake32.mp4"
gestureLabel: 201
fps: 29
pixelSizeInCmTemp: 3.2808219178082193e-01
faceCenterPointX: 237
faceCenterPointY: 77
headPositionsX: [ 238, 237, 237, 236, 238, 238, 238, 240, 240, 240, 236,
    241, 240, 240, 240, 241, 240, 240, 242, 241, 242, 239, 243, 240, 240,
    240, 238, 240, 240, 240, 238, 242, 237, 237, 237, 239, 240, 242, 240,
    244, 244, 243, 246, 246, 247, 252, 249, 251, 250, 252, 252, 248, 248,
    241, 240, 238, 239, 232, 231, 232, 231, 227, 228, 226, 224, 229, 226,
    228, 231, 234, 237, 237, 239, 244, 245, 247, 246, 251, 247, 251, 249,
    246, 246, 244, 244, 241, 241, 242, 239, 240, 237, 239, 238, 239, 240,
    239, 238, 237, 238, 240 ]
headPositionsY: [ 75, 73, 76, 73, 72, 72, 71, 75, 72, 76, 71, 72, 73, 71,
    75, 73, 74, 72, 74, 75, 75, 73, 74, 73, 72, 74, 75, 74, 74, 76, 76,
    72, 72, 76, 74, 76, 75, 72, 72, 74, 74, 76, 73, 72, 74, 74, 71, 74,
    73, 75, 73, 76, 77, 78, 78, 74, 74, 78, 74, 74, 77, 75, 77, 78, 76,
    74, 76, 76, 77, 78, 74, 78, 78, 73, 76, 74, 75, 74, 75, 76, 74, 78,
    74, 75, 79, 79, 76, 77, 79, 79, 75, 80, 78, 77, 77, 79, 76, 78, 76,
    76 ]
