%YAML:1.0
---
videoName: "headNod31.mp4"
gestureLabel: 202
fps: 29
pixelSizeInCmTemp: 2.8855421686746985e-01
faceCenterPointX: 267
faceCenterPointY: 75
headPositionsX: [ 269, 271, 270, 271, 272, 269, 268, 272, 271, 268, 268,
    269, 268, 270, 269, 267, 267, 269, 267, 266, 266, 264, 268, 266, 264,
    264, 264, 265, 269, 270, 269, 269, 269, 271, 271, 269, 267, 269, 267,
    269, 269, 269, 270, 269, 264, 267, 267, 269, 267, 267, 265, 267, 266,
    265, 264, 266, 268, 266, 266, 266, 264, 265, 265, 268, 268, 269, 267,
    268, 266, 267, 268, 268, 268, 264, 266, 266, 268, 266, 264, 266, 268,
    268, 267, 264, 265, 266, 268, 269, 269, 267, 268, 269, 267, 267, 267,
    269, 265, 265, 266, 266 ]
headPositionsY: [ 73, 76, 76, 75, 76, 76, 76, 69, 66, 64, 66, 67, 66, 64,
    78, 81, 80, 85, 84, 84, 86, 85, 82, 76, 73, 71, 70, 70, 66, 70, 70,
    69, 75, 77, 77, 82, 85, 87, 89, 86, 83, 82, 80, 77, 76, 72, 75, 76,
    78, 77, 83, 83, 86, 83, 82, 80, 80, 76, 73, 71, 72, 70, 68, 71, 72,
    72, 73, 79, 77, 79, 79, 80, 77, 77, 76, 73, 72, 72, 70, 74, 74, 74,
    76, 76, 77, 77, 77, 74, 77, 74, 77, 73, 75, 74, 75, 78, 75, 77, 74,
    75 ]
