%YAML:1.0
---
videoName: "headNod16.mp4"
gestureLabel: 202
fps: 29
pixelSizeInCmTemp: 3.3263888888888887e-01
faceCenterPointX: 255
faceCenterPointY: 77
headPositionsX: [ 253, 259, 258, 257, 257, 259, 261, 260, 258, 258, 261,
    259, 261, 260, 261, 260, 259, 257, 260, 259, 261, 257, 259, 260, 260,
    257, 261, 260, 258, 258, 258, 257, 257, 259, 259, 260, 257, 258, 259,
    260, 259, 259, 260, 261, 261, 259, 259, 258, 260, 256, 258, 259, 258,
    257, 257, 256, 257, 260, 258, 257, 259, 257, 257, 254, 257, 256, 254,
    256, 256, 257, 258, 254, 256, 253, 256, 255, 252, 252, 256, 257, 256,
    252, 256, 254, 255, 256, 253, 255, 253, 256, 253, 255, 256, 256, 254,
    255, 257, 253, 253, 255 ]
headPositionsY: [ 78, 76, 76, 74, 75, 74, 75, 75, 77, 74, 77, 77, 77, 73,
    74, 75, 76, 74, 73, 73, 73, 74, 75, 76, 76, 76, 74, 74, 72, 73, 73,
    75, 75, 73, 73, 71, 71, 71, 67, 67, 68, 68, 69, 72, 75, 76, 81, 82,
    79, 78, 77, 74, 69, 69, 69, 71, 74, 75, 79, 82, 84, 85, 83, 79, 79,
    74, 75, 72, 70, 69, 70, 75, 73, 78, 81, 79, 78, 76, 73, 70, 72, 70,
    69, 72, 70, 75, 75, 77, 77, 79, 78, 76, 75, 76, 76, 74, 78, 74, 75,
    78 ]
