%YAML:1.0
---
videoName: "headLookLeft4.mp4"
gestureLabel: 203
fps: 29
pixelSizeInCmTemp: 3.4710144927536229e-01
faceCenterPointX: 288
faceCenterPointY: 74
headPositionsX: [ 288, 263, 267, 264, 264, 266, 266, 272, 271, 272, 274,
    281, 280, 286, 288, 290, 296, 293, 296, 294, 296, 291, 296, 295, 290,
    294, 293, 296, 298, 295, 295, 296, 294, 293, 294, 295, 295, 295, 293,
    291, 290, 288, 294, 293, 295, 290, 289, 291, 292, 292, 291, 292, 290,
    289, 289, 287, 290, 291, 288, 292, 288, 290, 291, 290, 287, 294, 289,
    287, 285, 291, 289, 291, 288, 292, 287, 290, 293, 288, 291, 289, 292,
    289, 294, 293, 292, 289, 290, 290, 293, 292, 290, 287, 291, 286, 292,
    290, 290, 288, 290, 287 ]
headPositionsY: [ 73, 79, 80, 80, 81, 78, 78, 76, 78, 78, 79, 76, 77, 75,
    76, 75, 79, 78, 76, 82, 77, 79, 73, 75, 76, 77, 74, 81, 78, 76, 76,
    80, 80, 74, 77, 75, 78, 74, 77, 74, 76, 75, 72, 73, 75, 72, 73, 75,
    73, 74, 76, 75, 72, 76, 75, 72, 74, 76, 74, 74, 76, 77, 76, 72, 75,
    76, 74, 75, 75, 76, 76, 74, 74, 75, 76, 77, 79, 72, 76, 73, 74, 73,
    75, 74, 76, 72, 75, 75, 75, 73, 77, 74, 75, 75, 74, 73, 76, 72, 72,
    77 ]
