%YAML:1.0
---
videoName: "headNod16.mp4"
gestureLabel: 202
fps: 29
pixelSizeInCmTemp: 3.3263888888888887e-01
faceCenterPointX: 255
faceCenterPointY: 77
headPositionsX: [ 254, 261, 260, 258, 260, 261, 257, 261, 258, 259, 260,
    257, 258, 258, 261, 259, 257, 256, 258, 257, 259, 256, 258, 258, 257,
    260, 257, 260, 260, 258, 261, 258, 258, 257, 259, 258, 260, 257, 260,
    257, 257, 257, 258, 259, 259, 258, 260, 258, 258, 255, 259, 259, 257,
    258, 256, 257, 258, 259, 258, 257, 255, 259, 257, 255, 258, 257, 255,
    257, 254, 254, 257, 255, 253, 254, 256, 256, 252, 252, 253, 254, 256,
    255, 252, 253, 256, 255, 257, 253, 257, 257, 257, 254, 254, 258, 253,
    256, 258, 256, 256, 256 ]
headPositionsY: [ 76, 74, 72, 76, 76, 76, 74, 74, 74, 75, 74, 77, 77, 73,
    75, 75, 75, 73, 77, 74, 76, 76, 73, 73, 74, 75, 74, 76, 76, 73, 74,
    76, 76, 72, 74, 72, 71, 70, 69, 69, 68, 67, 69, 74, 77, 79, 83, 84,
    82, 79, 75, 75, 70, 70, 71, 68, 72, 74, 78, 81, 82, 82, 81, 78, 78,
    76, 71, 72, 71, 70, 71, 73, 73, 79, 78, 77, 81, 77, 75, 73, 69, 71,
    71, 71, 70, 72, 74, 80, 77, 79, 78, 75, 76, 78, 77, 74, 75, 74, 74,
    75 ]
