%YAML:1.0
---
videoName: "headLookDown4.mp4"
gestureLabel: 206
fps: 29
pixelSizeInCmTemp: 3.4710144927536229e-01
faceCenterPointX: 275
faceCenterPointY: 97
headPositionsX: [ 276, 273, 274, 275, 271, 271, 271, 270, 273, 275, 274,
    273, 272, 274, 273, 271, 276, 272, 272, 271, 275, 274, 273, 275, 272,
    275, 272, 274, 274, 273, 271, 273, 271, 273, 272, 274, 274, 270, 274,
    274, 273, 276, 273, 272, 276, 275, 273, 274, 272, 273, 274, 275, 276,
    272, 273, 272, 274, 272, 276, 272, 274, 274, 273, 274, 272, 272, 272,
    275, 273, 272, 274, 276, 272, 275, 273, 276, 273, 275, 276, 273, 274,
    276, 273, 276, 274, 277, 275, 276, 277, 272, 276, 272, 272, 275, 275,
    273, 273, 272, 277, 277 ]
headPositionsY: [ 97, 82, 79, 83, 81, 83, 81, 82, 80, 80, 79, 78, 80, 81,
    80, 79, 80, 81, 79, 81, 83, 82, 82, 82, 83, 83, 83, 82, 78, 79, 81,
    79, 83, 81, 85, 82, 82, 83, 84, 86, 90, 86, 88, 89, 92, 93, 92, 92,
    93, 97, 94, 96, 97, 98, 102, 103, 102, 102, 100, 101, 98, 99, 100,
    99, 100, 102, 98, 99, 100, 102, 101, 98, 101, 98, 97, 99, 100, 100,
    96, 98, 98, 99, 99, 99, 97, 99, 96, 98, 99, 98, 99, 99, 98, 98, 96,
    95, 99, 95, 100, 97 ]
