%YAML:1.0
---
videoName: "headLookLeft2.mp4"
gestureLabel: 203
fps: 29
pixelSizeInCmTemp: 3.6846153846153845e-01
faceCenterPointX: 278
faceCenterPointY: 74
headPositionsX: [ 278, 258, 261, 259, 258, 257, 257, 261, 257, 259, 262,
    259, 261, 259, 263, 258, 258, 261, 261, 261, 263, 264, 267, 266, 270,
    272, 273, 271, 275, 274, 277, 275, 275, 281, 279, 283, 278, 279, 278,
    277, 277, 281, 281, 280, 278, 279, 282, 283, 285, 278, 282, 284, 281,
    278, 280, 282, 277, 271, 277, 282, 284, 278, 278, 280, 277, 277, 281,
    281, 282, 280, 280, 283, 280, 274, 275, 281, 277, 281, 277, 280, 277,
    280, 277, 282, 280, 276, 282, 281, 278, 283, 280, 277, 282, 281, 280,
    278, 279, 279, 289, 281 ]
headPositionsY: [ 74, 74, 76, 77, 73, 74, 75, 77, 74, 78, 74, 75, 75, 75,
    74, 76, 74, 75, 78, 78, 75, 74, 76, 74, 74, 74, 72, 74, 77, 74, 72,
    74, 75, 74, 74, 75, 75, 75, 73, 72, 76, 74, 73, 73, 75, 73, 77, 75,
    75, 74, 73, 78, 72, 77, 76, 74, 76, 72, 71, 76, 74, 75, 74, 74, 72,
    74, 73, 74, 75, 74, 76, 75, 73, 73, 71, 76, 74, 73, 71, 74, 74, 74,
    75, 74, 74, 72, 76, 76, 75, 72, 73, 73, 74, 72, 73, 76, 76, 76, 76,
    72 ]
