%YAML:1.0
---
videoName: "headShake16.mp4"
gestureLabel: 201
fps: 29
pixelSizeInCmTemp: 3.2364864864864862e-01
faceCenterPointX: 242
faceCenterPointY: 77
headPositionsX: [ 244, 243, 242, 244, 244, 242, 245, 244, 242, 242, 242,
    244, 245, 242, 246, 241, 244, 244, 241, 244, 241, 244, 242, 241, 243,
    244, 242, 244, 242, 243, 244, 242, 242, 240, 241, 240, 244, 246, 245,
    249, 249, 253, 256, 252, 256, 248, 248, 243, 241, 239, 235, 234, 234,
    236, 240, 241, 244, 245, 247, 251, 247, 248, 248, 244, 239, 237, 237,
    236, 236, 235, 237, 236, 235, 241, 243, 241, 241, 245, 244, 242, 242,
    241, 238, 239, 238, 237, 238, 237, 240, 241, 238, 240, 242, 244, 242,
    243, 243, 240, 244, 241 ]
headPositionsY: [ 79, 73, 78, 76, 75, 76, 77, 76, 76, 74, 77, 75, 77, 77,
    78, 77, 73, 76, 78, 78, 76, 74, 74, 76, 77, 74, 73, 78, 74, 75, 76,
    76, 75, 74, 76, 76, 77, 76, 77, 77, 77, 76, 72, 75, 75, 75, 74, 76,
    75, 74, 79, 79, 78, 77, 75, 79, 76, 75, 75, 78, 74, 75, 78, 78, 78,
    75, 78, 77, 74, 76, 79, 76, 78, 75, 79, 77, 77, 77, 75, 77, 76, 79,
    76, 77, 79, 77, 77, 76, 79, 75, 73, 78, 75, 76, 77, 76, 74, 75, 78,
    76 ]
