%YAML:1.0
---
videoName: "headShake5.mp4"
gestureLabel: 201
fps: 30
pixelSizeInCmTemp: 3.3263888888888887e-01
faceCenterPointX: 275
faceCenterPointY: 73
headPositionsX: [ 275, 275, 280, 279, 277, 277, 280, 276, 276, 279, 276,
    280, 276, 279, 279, 277, 279, 278, 275, 279, 276, 280, 279, 275, 276,
    275, 279, 276, 277, 279, 278, 277, 281, 278, 281, 284, 287, 291, 297,
    296, 295, 293, 289, 286, 276, 271, 268, 265, 262, 266, 266, 276, 283,
    288, 290, 290, 288, 284, 280, 274, 268, 265, 264, 263, 265, 272, 274,
    279, 282, 285, 285, 282, 280, 278, 275, 273, 270, 267, 268, 267, 269,
    272, 272, 278, 282, 284, 283, 280, 279, 280, 278, 281, 278, 275, 274,
    277, 273, 274, 275, 274 ]
headPositionsY: [ 71, 75, 72, 71, 74, 73, 75, 74, 71, 72, 71, 73, 74, 71,
    72, 73, 73, 73, 74, 72, 71, 72, 73, 74, 73, 75, 72, 73, 76, 74, 75,
    72, 74, 72, 72, 75, 71, 71, 73, 71, 71, 72, 71, 75, 75, 74, 74, 75,
    74, 73, 73, 76, 75, 74, 71, 72, 75, 76, 77, 77, 75, 75, 74, 72, 72,
    76, 74, 72, 75, 76, 76, 75, 75, 73, 73, 71, 74, 72, 70, 72, 73, 71,
    72, 72, 75, 75, 71, 73, 72, 71, 72, 73, 73, 73, 71, 71, 75, 73, 75,
    72 ]
