%YAML:1.0
---
videoName: "headShake48.mp4"
gestureLabel: 201
fps: 29
pixelSizeInCmTemp: 3.1103896103896100e-01
faceCenterPointX: 258
faceCenterPointY: 85
headPositionsX: [ 258, 262, 260, 261, 260, 261, 257, 258, 260, 261, 260,
    258, 258, 261, 262, 258, 258, 260, 260, 258, 258, 261, 261, 258, 259,
    257, 256, 257, 260, 258, 261, 259, 256, 257, 262, 264, 267, 268, 274,
    272, 275, 273, 271, 268, 260, 254, 251, 248, 248, 250, 254, 260, 265,
    269, 270, 267, 263, 259, 253, 251, 250, 251, 252, 257, 259, 263, 267,
    268, 264, 264, 256, 250, 250, 246, 251, 253, 257, 263, 263, 263, 264,
    263, 265, 262, 260, 258, 257, 260, 259, 259, 261, 259, 260, 257, 258,
    257, 257, 257, 258, 258 ]
headPositionsY: [ 84, 79, 78, 78, 80, 79, 80, 81, 77, 80, 82, 81, 78, 82,
    83, 78, 82, 79, 81, 79, 80, 83, 79, 83, 80, 81, 81, 82, 82, 83, 83,
    81, 80, 83, 81, 83, 83, 83, 80, 82, 81, 85, 85, 85, 82, 85, 82, 82,
    82, 82, 85, 85, 84, 87, 86, 86, 87, 84, 85, 85, 88, 87, 86, 85, 88,
    88, 85, 86, 86, 84, 88, 86, 88, 86, 87, 84, 87, 84, 86, 85, 85, 85,
    85, 84, 85, 86, 87, 85, 86, 87, 84, 86, 87, 86, 85, 87, 87, 85, 88,
    85 ]
