%YAML:1.0
---
videoName: "headLookRight0.mp4"
gestureLabel: 204
fps: 29
pixelSizeInCmTemp: 3.1933333333333330e-01
faceCenterPointX: 229
faceCenterPointY: 68
headPositionsX: [ 227, 255, 257, 253, 257, 255, 257, 258, 254, 256, 257,
    259, 258, 257, 257, 255, 256, 254, 255, 255, 257, 255, 254, 255, 255,
    254, 258, 255, 258, 255, 256, 254, 253, 257, 256, 256, 255, 253, 256,
    255, 249, 251, 248, 247, 240, 240, 240, 238, 238, 235, 234, 236, 234,
    235, 236, 234, 233, 236, 235, 232, 235, 234, 231, 235, 231, 232, 231,
    232, 232, 235, 233, 234, 234, 237, 234, 233, 229, 229, 233, 232, 236,
    233, 234, 229, 234, 230, 234, 231, 228, 232, 230, 233, 230, 229, 228,
    231, 229, 233, 228, 231 ]
headPositionsY: [ 67, 67, 67, 66, 64, 65, 66, 63, 65, 65, 68, 65, 68, 67,
    67, 69, 65, 66, 68, 69, 68, 68, 68, 66, 67, 65, 70, 68, 69, 70, 68,
    67, 66, 68, 66, 66, 67, 68, 67, 68, 69, 69, 65, 66, 67, 70, 66, 70,
    66, 68, 68, 69, 66, 67, 70, 66, 68, 68, 70, 68, 67, 70, 69, 66, 66,
    67, 66, 69, 67, 69, 68, 70, 67, 67, 70, 66, 69, 67, 68, 66, 66, 68,
    67, 65, 69, 66, 69, 70, 66, 69, 69, 70, 67, 70, 66, 67, 70, 67, 66,
    71 ]
