%YAML:1.0
---
videoName: "headLookDown9.mp4"
gestureLabel: 206
fps: 29
pixelSizeInCmTemp: 3.5220588235294115e-01
faceCenterPointX: 274
faceCenterPointY: 97
headPositionsX: [ 273, 274, 272, 270, 270, 271, 275, 273, 274, 272, 274,
    271, 270, 274, 271, 271, 271, 273, 271, 272, 271, 274, 273, 275, 274,
    271, 273, 271, 273, 274, 274, 274, 273, 270, 272, 272, 270, 272, 273,
    271, 271, 271, 272, 274, 274, 272, 273, 271, 271, 274, 272, 270, 271,
    274, 274, 272, 275, 271, 274, 273, 271, 275, 272, 273, 271, 270, 273,
    273, 273, 272, 270, 270, 275, 270, 271, 275, 272, 271, 273, 272, 273,
    273, 273, 271, 272, 273, 272, 271, 271, 272, 273, 274, 271, 274, 275,
    271, 275, 271, 274, 272 ]
headPositionsY: [ 96, 79, 81, 82, 78, 81, 77, 79, 82, 80, 80, 80, 77, 78,
    79, 80, 82, 80, 82, 78, 78, 82, 78, 81, 80, 82, 81, 81, 80, 81, 79,
    80, 81, 84, 83, 86, 85, 84, 85, 86, 88, 89, 91, 94, 91, 94, 97, 93,
    97, 99, 99, 96, 97, 96, 101, 98, 98, 99, 97, 97, 101, 101, 99, 100,
    100, 99, 97, 97, 98, 95, 99, 99, 99, 95, 96, 97, 95, 96, 99, 98, 95,
    99, 97, 98, 96, 96, 97, 95, 95, 95, 95, 98, 95, 99, 96, 95, 95, 95,
    94, 95 ]
