%YAML:1.0
---
videoName: "headShake35.mp4"
gestureLabel: 201
fps: 29
pixelSizeInCmTemp: 3.2364864864864862e-01
faceCenterPointX: 267
faceCenterPointY: 82
headPositionsX: [ 268, 268, 266, 264, 265, 266, 270, 268, 268, 267, 269,
    267, 270, 268, 266, 268, 269, 269, 267, 266, 268, 265, 269, 269, 269,
    266, 269, 270, 268, 271, 266, 266, 267, 268, 267, 266, 269, 269, 266,
    268, 266, 268, 265, 268, 267, 269, 267, 269, 266, 269, 267, 268, 268,
    265, 267, 270, 265, 269, 269, 266, 267, 269, 269, 271, 272, 278, 280,
    281, 278, 279, 275, 270, 264, 260, 261, 257, 260, 260, 266, 270, 274,
    276, 272, 271, 272, 269, 264, 260, 262, 261, 261, 265, 267, 266, 267,
    268, 269, 270, 269, 268 ]
headPositionsY: [ 80, 78, 80, 78, 81, 82, 81, 81, 81, 82, 80, 79, 79, 82,
    77, 78, 80, 78, 80, 82, 82, 78, 79, 78, 80, 81, 80, 81, 78, 80, 79,
    78, 80, 80, 78, 81, 81, 80, 79, 81, 82, 78, 80, 79, 82, 82, 83, 80,
    82, 83, 80, 79, 80, 78, 80, 81, 79, 82, 79, 82, 81, 83, 78, 83, 80,
    82, 80, 82, 81, 83, 80, 83, 82, 82, 80, 78, 83, 80, 80, 81, 84, 81,
    79, 83, 82, 80, 80, 83, 80, 81, 83, 79, 80, 81, 80, 81, 81, 82, 80,
    84 ]
