%YAML:1.0
---
videoName: "headNod5.mp4"
gestureLabel: 202
fps: 29
pixelSizeInCmTemp: 3.1513157894736843e-01
faceCenterPointX: 263
faceCenterPointY: 75
headPositionsX: [ 265, 262, 264, 261, 263, 262, 260, 263, 261, 263, 264,
    261, 262, 262, 262, 265, 265, 262, 262, 262, 267, 268, 264, 267, 265,
    266, 266, 266, 264, 264, 266, 267, 264, 266, 265, 267, 265, 267, 267,
    267, 266, 268, 267, 264, 263, 266, 264, 263, 265, 263, 265, 266, 263,
    263, 264, 264, 262, 262, 262, 264, 263, 264, 262, 264, 264, 265, 262,
    263, 263, 266, 266, 265, 263, 265, 266, 265, 262, 262, 265, 266, 262,
    262, 262, 263, 263, 261, 262, 265, 263, 263, 261, 263, 261, 259, 264,
    260, 264, 263, 263, 261 ]
headPositionsY: [ 77, 74, 72, 72, 74, 75, 72, 72, 73, 74, 77, 74, 73, 74,
    73, 77, 75, 77, 73, 75, 73, 74, 75, 74, 75, 73, 76, 76, 76, 76, 74,
    77, 77, 74, 76, 78, 76, 75, 79, 74, 79, 78, 77, 79, 75, 77, 78, 76,
    76, 76, 80, 81, 82, 82, 85, 84, 82, 76, 73, 74, 74, 76, 80, 86, 86,
    89, 86, 83, 78, 75, 74, 77, 79, 81, 83, 84, 87, 83, 81, 76, 76, 75,
    72, 74, 73, 79, 77, 83, 84, 81, 81, 79, 73, 74, 75, 76, 72, 76, 73,
    76 ]
