%YAML:1.0
---
videoName: "headLookDown4.mp4"
gestureLabel: 206
fps: 29
pixelSizeInCmTemp: 3.4710144927536229e-01
faceCenterPointX: 275
faceCenterPointY: 97
headPositionsX: [ 276, 272, 275, 272, 275, 272, 272, 270, 271, 274, 272,
    275, 274, 274, 273, 272, 274, 274, 274, 274, 271, 271, 271, 272, 274,
    272, 275, 271, 272, 274, 275, 274, 272, 274, 272, 271, 271, 273, 274,
    273, 273, 276, 271, 275, 273, 276, 272, 272, 272, 275, 275, 272, 272,
    275, 272, 273, 274, 273, 274, 272, 272, 273, 273, 276, 275, 276, 276,
    275, 275, 272, 275, 273, 276, 276, 276, 276, 274, 272, 276, 277, 274,
    277, 274, 275, 276, 276, 277, 273, 275, 274, 273, 275, 272, 272, 275,
    276, 276, 272, 274, 276 ]
headPositionsY: [ 99, 79, 80, 80, 81, 81, 79, 82, 79, 80, 83, 79, 79, 78,
    81, 81, 81, 79, 81, 83, 79, 81, 81, 82, 80, 80, 81, 79, 79, 79, 81,
    82, 83, 81, 86, 83, 84, 82, 87, 87, 88, 88, 89, 91, 89, 90, 95, 94,
    96, 97, 96, 98, 97, 99, 101, 101, 99, 101, 99, 102, 102, 99, 99, 102,
    101, 102, 99, 101, 99, 101, 98, 100, 100, 99, 98, 95, 97, 97, 98, 97,
    97, 97, 95, 96, 97, 99, 97, 97, 99, 98, 96, 96, 97, 98, 99, 96, 97,
    97, 96, 97 ]
