%YAML:1.0
---
videoName: "headShake42.mp4"
gestureLabel: 201
fps: 29
pixelSizeInCmTemp: 3.2808219178082193e-01
faceCenterPointX: 257
faceCenterPointY: 85
headPositionsX: [ 258, 274, 276, 278, 278, 278, 278, 277, 275, 275, 271,
    269, 269, 265, 260, 257, 250, 250, 247, 247, 245, 243, 243, 244, 243,
    246, 249, 252, 252, 260, 265, 265, 270, 278, 277, 280, 278, 276, 276,
    277, 275, 270, 269, 265, 264, 257, 254, 251, 251, 249, 246, 243, 243,
    246, 247, 249, 247, 249, 256, 257, 261, 260, 266, 264, 268, 267, 266,
    268, 267, 270, 269, 266, 266, 263, 263, 263, 261, 261, 260, 260, 261,
    258, 256, 257, 256, 258, 254, 255, 256, 257, 255, 257, 258, 256, 259,
    257, 256, 258, 256, 258 ]
headPositionsY: [ 85, 84, 81, 83, 82, 79, 83, 80, 80, 81, 81, 83, 84, 85,
    86, 83, 82, 85, 86, 82, 84, 84, 87, 83, 82, 82, 84, 85, 87, 84, 87,
    84, 81, 80, 85, 82, 81, 85, 83, 85, 85, 84, 84, 87, 85, 87, 86, 84,
    88, 86, 84, 83, 86, 88, 84, 83, 87, 88, 83, 85, 88, 85, 85, 85, 83,
    87, 87, 86, 86, 83, 84, 88, 85, 88, 83, 84, 85, 85, 87, 83, 84, 87,
    86, 87, 85, 84, 85, 83, 87, 87, 86, 87, 86, 87, 84, 83, 87, 84, 84,
    87 ]
