%YAML:1.0
---
videoName: "headNod12.mp4"
gestureLabel: 202
fps: 29
pixelSizeInCmTemp: 3.2808219178082193e-01
faceCenterPointX: 254
faceCenterPointY: 69
headPositionsX: [ 252, 253, 255, 252, 251, 254, 252, 251, 254, 254, 254,
    257, 254, 257, 258, 257, 253, 254, 255, 255, 255, 257, 258, 256, 254,
    258, 259, 254, 258, 257, 255, 257, 258, 253, 253, 256, 252, 254, 255,
    254, 254, 256, 255, 254, 253, 256, 254, 255, 254, 257, 256, 253, 255,
    253, 254, 255, 254, 254, 256, 256, 254, 252, 254, 253, 255, 256, 255,
    255, 255, 253, 256, 254, 252, 252, 255, 253, 254, 256, 253, 257, 255,
    253, 255, 254, 256, 256, 255, 255, 256, 257, 257, 257, 257, 253, 254,
    254, 255, 253, 254, 252 ]
headPositionsY: [ 68, 74, 73, 72, 73, 72, 76, 70, 74, 76, 72, 77, 74, 75,
    71, 74, 70, 72, 73, 75, 72, 73, 72, 72, 73, 74, 76, 74, 74, 72, 76,
    72, 72, 71, 72, 72, 72, 66, 65, 65, 65, 63, 63, 64, 66, 66, 69, 73,
    74, 75, 75, 81, 79, 76, 74, 74, 73, 69, 65, 65, 64, 65, 64, 63, 64,
    68, 71, 72, 72, 74, 75, 74, 75, 72, 73, 69, 71, 69, 66, 64, 66, 66,
    66, 68, 69, 68, 68, 70, 72, 74, 74, 75, 74, 72, 73, 70, 71, 72, 70,
    69 ]
