%YAML:1.0
---
videoName: "headNod35.mp4"
gestureLabel: 202
fps: 30
pixelSizeInCmTemp: 2.9937500000000000e-01
faceCenterPointX: 268
faceCenterPointY: 78
headPositionsX: [ 269, 266, 266, 267, 271, 269, 268, 272, 267, 269, 268,
    268, 268, 267, 269, 267, 269, 269, 272, 269, 271, 270, 271, 270, 271,
    269, 270, 269, 270, 269, 271, 269, 272, 269, 268, 268, 272, 268, 267,
    266, 268, 265, 266, 267, 269, 268, 266, 267, 270, 267, 269, 269, 270,
    269, 270, 266, 271, 266, 266, 266, 268, 266, 266, 267, 270, 268, 269,
    269, 270, 267, 267, 270, 267, 271, 270, 267, 269, 268, 268, 270, 270,
    269, 269, 270, 267, 268, 268, 266, 267, 264, 267, 266, 265, 267, 266,
    267, 265, 266, 270, 269 ]
headPositionsY: [ 78, 75, 74, 74, 74, 76, 76, 78, 76, 79, 74, 75, 78, 77,
    74, 75, 77, 77, 74, 76, 77, 74, 76, 75, 77, 77, 76, 70, 72, 69, 68,
    65, 69, 71, 72, 77, 77, 84, 91, 90, 95, 89, 86, 85, 79, 78, 75, 75,
    73, 73, 77, 78, 82, 86, 87, 91, 90, 82, 81, 81, 75, 72, 73, 73, 75,
    77, 77, 82, 84, 86, 86, 85, 80, 80, 78, 75, 73, 75, 74, 78, 79, 83,
    87, 86, 84, 87, 85, 82, 83, 82, 78, 82, 81, 79, 78, 78, 80, 75, 80,
    79 ]
