%YAML:1.0
---
videoName: "headShake44.mp4"
gestureLabel: 201
fps: 30
pixelSizeInCmTemp: 3.2808219178082193e-01
faceCenterPointX: 260
faceCenterPointY: 84
headPositionsX: [ 259, 263, 262, 263, 261, 259, 261, 263, 261, 261, 263,
    263, 259, 263, 261, 261, 262, 260, 259, 262, 262, 261, 259, 262, 263,
    259, 263, 262, 262, 262, 258, 261, 260, 261, 259, 261, 258, 262, 261,
    263, 266, 270, 273, 276, 274, 274, 270, 266, 261, 257, 253, 249, 250,
    252, 256, 264, 265, 272, 273, 268, 267, 261, 258, 255, 252, 255, 257,
    264, 267, 270, 272, 271, 264, 260, 258, 253, 250, 254, 255, 256, 259,
    261, 261, 263, 262, 260, 262, 260, 261, 264, 259, 258, 262, 261, 262,
    262, 261, 261, 259, 263 ]
headPositionsY: [ 84, 85, 81, 84, 81, 83, 83, 82, 82, 83, 85, 80, 81, 83,
    83, 83, 83, 80, 82, 83, 85, 81, 85, 84, 82, 80, 81, 85, 81, 83, 85,
    85, 82, 81, 85, 83, 82, 82, 81, 85, 84, 85, 80, 81, 81, 81, 82, 87,
    84, 84, 84, 84, 84, 84, 85, 85, 86, 84, 86, 83, 87, 86, 83, 84, 83,
    81, 83, 82, 82, 83, 85, 84, 84, 86, 82, 85, 86, 85, 84, 84, 85, 82,
    86, 83, 84, 84, 86, 86, 83, 85, 82, 85, 85, 84, 83, 84, 85, 88, 83,
    84 ]
