%YAML:1.0
---
videoName: "headNod44.mp4"
gestureLabel: 202
fps: 29
pixelSizeInCmTemp: 2.9567901234567900e-01
faceCenterPointX: 268
faceCenterPointY: 78
headPositionsX: [ 269, 267, 271, 272, 271, 267, 267, 266, 270, 269, 266,
    270, 270, 267, 267, 268, 268, 267, 270, 271, 271, 267, 270, 266, 266,
    266, 266, 268, 265, 268, 268, 270, 267, 269, 267, 269, 266, 269, 264,
    267, 267, 266, 266, 265, 267, 266, 265, 266, 268, 265, 268, 267, 267,
    268, 268, 270, 269, 267, 266, 266, 266, 267, 267, 269, 269, 268, 267,
    268, 269, 270, 270, 267, 269, 268, 269, 269, 270, 267, 267, 270, 270,
    270, 267, 266, 270, 266, 268, 270, 267, 267, 267, 270, 266, 268, 269,
    269, 269, 267, 266, 266 ]
headPositionsY: [ 77, 74, 75, 76, 76, 76, 75, 72, 74, 72, 72, 72, 75, 74,
    75, 77, 73, 76, 77, 81, 84, 90, 91, 92, 96, 94, 88, 85, 80, 73, 72,
    72, 67, 72, 74, 77, 79, 83, 84, 90, 89, 84, 81, 78, 73, 74, 72, 76,
    78, 79, 85, 86, 91, 89, 89, 80, 78, 77, 73, 74, 77, 75, 80, 84, 84,
    85, 86, 81, 77, 80, 75, 77, 76, 79, 79, 81, 84, 86, 87, 88, 84, 83,
    78, 81, 79, 77, 78, 78, 78, 79, 77, 78, 79, 78, 77, 78, 76, 79, 78,
    79 ]
