%YAML:1.0
---
videoName: "headLookLeft5.mp4"
gestureLabel: 203
fps: 30
pixelSizeInCmTemp: 3.5746268656716418e-01
faceCenterPointX: 284
faceCenterPointY: 67
headPositionsX: [ 283, 261, 257, 261, 259, 262, 257, 260, 258, 262, 261,
    262, 258, 263, 264, 264, 261, 264, 264, 262, 263, 268, 269, 269, 269,
    271, 275, 276, 276, 278, 281, 283, 285, 283, 283, 288, 288, 287, 286,
    285, 286, 287, 285, 282, 289, 283, 286, 286, 284, 284, 288, 283, 286,
    284, 286, 283, 283, 281, 284, 281, 286, 282, 285, 282, 284, 284, 283,
    284, 284, 284, 283, 284, 285, 284, 282, 284, 286, 284, 286, 284, 285,
    288, 287, 285, 284, 286, 285, 287, 285, 287, 283, 287, 285, 287, 286,
    284, 286, 281, 284, 283 ]
headPositionsY: [ 66, 70, 70, 73, 70, 73, 71, 70, 73, 72, 74, 71, 70, 71,
    73, 71, 72, 72, 71, 69, 73, 71, 72, 68, 71, 72, 72, 68, 66, 69, 69,
    71, 70, 66, 71, 70, 66, 70, 65, 69, 69, 70, 65, 69, 67, 71, 68, 68,
    68, 68, 69, 68, 70, 67, 67, 66, 66, 70, 66, 69, 70, 66, 69, 67, 67,
    70, 67, 67, 69, 70, 70, 70, 70, 70, 68, 70, 69, 69, 69, 67, 68, 69,
    67, 66, 69, 67, 69, 69, 68, 70, 69, 69, 68, 67, 67, 66, 70, 67, 69,
    68 ]
