%YAML:1.0
---
videoName: "headShake6.mp4"
gestureLabel: 201
fps: 29
pixelSizeInCmTemp: 3.2808219178082193e-01
faceCenterPointX: 244
faceCenterPointY: 68
headPositionsX: [ 243, 247, 247, 248, 247, 243, 244, 245, 247, 246, 247,
    243, 246, 248, 244, 244, 246, 245, 246, 243, 244, 243, 246, 244, 247,
    244, 243, 247, 250, 252, 254, 256, 261, 262, 261, 260, 259, 252, 249,
    244, 237, 230, 229, 233, 231, 241, 244, 251, 256, 258, 259, 259, 255,
    253, 246, 241, 236, 233, 233, 229, 231, 235, 235, 242, 244, 248, 253,
    252, 248, 249, 248, 242, 243, 240, 237, 240, 237, 241, 241, 242, 239,
    242, 241, 244, 245, 247, 244, 246, 246, 243, 243, 243, 243, 243, 243,
    244, 243, 242, 244, 244 ]
headPositionsY: [ 69, 65, 66, 67, 64, 64, 67, 68, 65, 65, 66, 65, 66, 64,
    68, 63, 68, 65, 67, 67, 67, 68, 70, 67, 70, 68, 68, 68, 66, 67, 65,
    65, 64, 67, 66, 64, 64, 68, 66, 68, 71, 65, 68, 68, 68, 66, 69, 71,
    67, 69, 66, 66, 68, 66, 70, 67, 68, 69, 69, 69, 68, 69, 70, 69, 68,
    70, 70, 69, 65, 68, 68, 70, 67, 67, 69, 69, 69, 69, 68, 67, 66, 69,
    68, 67, 68, 70, 71, 66, 69, 69, 68, 70, 67, 71, 68, 69, 67, 71, 70,
    69 ]
