%YAML:1.0
---
videoName: "headShake1.mp4"
gestureLabel: 201
fps: 29
pixelSizeInCmTemp: 3.3263888888888887e-01
faceCenterPointX: 279
faceCenterPointY: 98
headPositionsX: [ 279, 277, 280, 279, 278, 278, 277, 277, 281, 278, 278,
    281, 278, 281, 277, 278, 281, 280, 280, 278, 280, 281, 281, 279, 279,
    279, 281, 278, 281, 285, 284, 289, 288, 290, 292, 292, 292, 286, 285,
    280, 278, 275, 273, 272, 271, 269, 273, 275, 279, 286, 290, 292, 293,
    289, 290, 289, 284, 281, 276, 269, 270, 268, 269, 269, 273, 276, 285,
    284, 288, 292, 290, 293, 289, 290, 285, 282, 279, 275, 272, 272, 267,
    273, 273, 273, 272, 276, 276, 275, 279, 280, 279, 280, 282, 282, 279,
    281, 278, 282, 278, 278 ]
headPositionsY: [ 99, 99, 98, 96, 95, 99, 97, 99, 97, 99, 97, 98, 97, 96,
    97, 95, 96, 97, 95, 96, 97, 98, 96, 97, 100, 97, 98, 95, 96, 94, 95,
    94, 94, 94, 96, 97, 97, 97, 95, 99, 99, 95, 95, 99, 97, 99, 95, 99,
    98, 95, 98, 95, 97, 96, 93, 98, 99, 95, 96, 94, 98, 98, 94, 97, 96,
    98, 99, 97, 95, 97, 94, 95, 98, 99, 98, 97, 96, 98, 97, 98, 97, 96,
    98, 95, 98, 100, 97, 96, 96, 99, 96, 97, 96, 98, 97, 100, 99, 98, 95,
    99 ]
