%YAML:1.0
---
videoName: "headShake9.mp4"
gestureLabel: 201
fps: 30
pixelSizeInCmTemp: 3.2808219178082193e-01
faceCenterPointX: 243
faceCenterPointY: 73
headPositionsX: [ 241, 244, 241, 240, 245, 240, 244, 244, 243, 245, 243,
    245, 241, 243, 242, 243, 241, 242, 241, 243, 240, 243, 241, 245, 241,
    241, 242, 244, 242, 242, 242, 245, 242, 243, 244, 242, 240, 244, 243,
    246, 246, 249, 255, 257, 263, 264, 265, 263, 261, 259, 254, 247, 242,
    240, 234, 229, 226, 229, 230, 238, 241, 247, 253, 259, 261, 261, 262,
    259, 256, 251, 242, 237, 233, 229, 231, 229, 226, 234, 237, 238, 247,
    250, 251, 250, 252, 249, 252, 247, 248, 247, 248, 243, 245, 244, 245,
    242, 244, 242, 241, 243 ]
headPositionsY: [ 74, 70, 72, 72, 74, 71, 70, 73, 72, 73, 72, 73, 74, 71,
    71, 73, 70, 72, 74, 73, 72, 74, 74, 72, 73, 75, 70, 70, 72, 75, 72,
    74, 73, 72, 71, 73, 70, 72, 74, 71, 73, 72, 73, 70, 68, 68, 70, 69,
    69, 70, 75, 72, 74, 71, 70, 70, 72, 73, 74, 72, 72, 71, 73, 72, 70,
    72, 70, 72, 70, 73, 74, 72, 72, 70, 71, 71, 70, 74, 74, 71, 75, 73,
    73, 72, 75, 72, 74, 72, 71, 75, 72, 75, 76, 71, 75, 73, 73, 72, 76,
    71 ]
