%YAML:1.0
---
videoName: "headLookLeft6.mp4"
gestureLabel: 203
fps: 29
pixelSizeInCmTemp: 3.2808219178082193e-01
faceCenterPointX: 267
faceCenterPointY: 69
headPositionsX: [ 266, 243, 244, 243, 245, 244, 248, 246, 245, 246, 244,
    247, 245, 246, 247, 247, 247, 245, 247, 244, 245, 247, 247, 243, 245,
    248, 249, 250, 251, 254, 254, 258, 257, 261, 264, 264, 269, 267, 268,
    268, 270, 267, 267, 268, 271, 269, 270, 270, 268, 269, 268, 266, 269,
    268, 266, 270, 269, 271, 269, 268, 266, 266, 267, 270, 268, 267, 267,
    267, 268, 269, 269, 265, 266, 268, 266, 268, 268, 266, 272, 271, 266,
    266, 268, 269, 269, 270, 270, 269, 265, 271, 267, 266, 269, 269, 270,
    268, 263, 268, 266, 267 ]
headPositionsY: [ 69, 74, 73, 71, 74, 73, 73, 70, 70, 74, 73, 73, 73, 73,
    72, 74, 71, 71, 70, 74, 74, 74, 74, 73, 70, 72, 73, 70, 73, 73, 69,
    71, 68, 71, 71, 71, 72, 69, 71, 69, 67, 71, 68, 70, 71, 70, 66, 72,
    70, 73, 66, 71, 70, 69, 71, 72, 69, 71, 72, 69, 70, 67, 72, 69, 69,
    70, 72, 71, 71, 68, 70, 70, 68, 68, 70, 67, 72, 68, 71, 72, 71, 72,
    69, 67, 71, 69, 69, 68, 73, 71, 72, 67, 70, 67, 69, 68, 68, 68, 72,
    66 ]
