%YAML:1.0
---
videoName: "headNod48.mp4"
gestureLabel: 202
fps: 29
pixelSizeInCmTemp: 2.8855421686746985e-01
faceCenterPointX: 264
faceCenterPointY: 72
headPositionsX: [ 265, 264, 265, 266, 262, 266, 264, 264, 265, 263, 263,
    266, 265, 261, 263, 264, 264, 261, 262, 261, 262, 260, 259, 260, 260,
    260, 260, 262, 264, 260, 262, 263, 264, 264, 264, 261, 263, 263, 262,
    261, 264, 263, 261, 262, 260, 260, 261, 259, 261, 263, 260, 263, 260,
    261, 259, 259, 260, 263, 260, 259, 262, 260, 264, 265, 263, 265, 261,
    264, 264, 262, 264, 262, 265, 262, 264, 264, 265, 265, 265, 264, 266,
    263, 265, 263, 264, 265, 263, 265, 267, 265, 268, 264, 265, 265, 266,
    262, 268, 265, 266, 266 ]
headPositionsY: [ 70, 75, 78, 77, 78, 77, 76, 73, 68, 67, 63, 61, 60, 62,
    65, 70, 77, 79, 84, 86, 87, 86, 82, 82, 80, 73, 71, 70, 65, 63, 65,
    68, 64, 66, 69, 71, 76, 79, 83, 82, 84, 80, 78, 81, 77, 75, 74, 75,
    71, 72, 74, 73, 77, 79, 79, 78, 76, 75, 72, 69, 72, 70, 72, 74, 70,
    76, 76, 77, 78, 76, 76, 72, 75, 73, 72, 70, 69, 71, 70, 73, 73, 75,
    76, 72, 72, 73, 74, 71, 71, 73, 72, 72, 73, 72, 73, 74, 72, 73, 71,
    71 ]
