%YAML:1.0
---
videoName: "headShake30.mp4"
gestureLabel: 201
fps: 29
pixelSizeInCmTemp: 3.2808219178082193e-01
faceCenterPointX: 240
faceCenterPointY: 68
headPositionsX: [ 239, 232, 232, 234, 231, 231, 233, 232, 235, 236, 233,
    238, 235, 237, 239, 242, 239, 239, 241, 241, 245, 242, 244, 243, 246,
    241, 244, 241, 242, 242, 242, 239, 239, 242, 239, 239, 237, 240, 243,
    249, 249, 255, 259, 260, 260, 260, 258, 256, 252, 242, 237, 229, 229,
    225, 224, 225, 227, 233, 240, 244, 251, 254, 253, 252, 245, 243, 238,
    231, 226, 226, 229, 227, 232, 236, 244, 243, 246, 248, 252, 247, 248,
    245, 240, 239, 238, 234, 239, 236, 236, 239, 238, 240, 241, 243, 239,
    242, 241, 242, 241, 237 ]
headPositionsY: [ 68, 53, 58, 59, 58, 58, 59, 57, 63, 62, 64, 66, 65, 64,
    64, 67, 63, 67, 67, 64, 66, 67, 64, 64, 68, 65, 65, 66, 65, 65, 66,
    65, 64, 64, 67, 68, 66, 66, 64, 68, 66, 64, 67, 64, 66, 65, 66, 68,
    68, 67, 66, 65, 69, 67, 66, 68, 69, 71, 68, 70, 68, 67, 66, 67, 69,
    69, 67, 66, 70, 70, 68, 67, 66, 70, 69, 68, 64, 64, 66, 67, 68, 67,
    69, 67, 68, 65, 69, 70, 66, 69, 70, 69, 68, 70, 69, 68, 67, 68, 69,
    70 ]
