%YAML:1.0
---
videoName: "headNod25.mp4"
gestureLabel: 202
fps: 29
pixelSizeInCmTemp: 3.1933333333333330e-01
faceCenterPointX: 270
faceCenterPointY: 75
headPositionsX: [ 269, 273, 270, 273, 273, 269, 272, 269, 269, 270, 268,
    269, 268, 269, 268, 270, 270, 270, 272, 271, 274, 273, 274, 272, 272,
    271, 275, 272, 273, 274, 272, 270, 271, 273, 271, 274, 271, 270, 271,
    273, 271, 274, 271, 274, 271, 270, 270, 271, 271, 271, 271, 274, 273,
    272, 273, 271, 271, 271, 273, 270, 272, 270, 270, 271, 269, 271, 267,
    271, 270, 271, 268, 272, 271, 271, 271, 269, 272, 269, 270, 268, 271,
    273, 272, 272, 269, 269, 270, 271, 269, 272, 272, 269, 271, 271, 272,
    269, 269, 270, 272, 268 ]
headPositionsY: [ 73, 73, 75, 73, 75, 72, 74, 72, 73, 73, 72, 72, 72, 73,
    73, 76, 72, 75, 74, 74, 75, 76, 73, 74, 73, 76, 75, 75, 75, 75, 74,
    77, 76, 76, 73, 76, 77, 73, 73, 74, 73, 75, 72, 74, 73, 75, 76, 75,
    73, 70, 70, 66, 66, 64, 62, 64, 64, 67, 70, 69, 72, 74, 80, 81, 89,
    88, 86, 88, 84, 81, 78, 73, 73, 71, 68, 69, 69, 71, 72, 73, 75, 78,
    77, 78, 79, 82, 80, 80, 79, 79, 74, 76, 74, 75, 76, 75, 76, 77, 77,
    73 ]
