%YAML:1.0
---
videoName: "headNod9.mp4"
gestureLabel: 202
fps: 29
pixelSizeInCmTemp: 3.1513157894736843e-01
faceCenterPointX: 261
faceCenterPointY: 75
headPositionsX: [ 261, 263, 260, 260, 262, 261, 258, 261, 262, 261, 262,
    259, 260, 261, 260, 262, 259, 259, 259, 261, 259, 263, 261, 260, 259,
    261, 259, 261, 260, 261, 261, 262, 260, 262, 262, 263, 260, 262, 263,
    262, 260, 263, 263, 261, 261, 262, 260, 259, 261, 261, 261, 260, 260,
    258, 263, 260, 261, 260, 262, 261, 261, 259, 261, 258, 260, 261, 259,
    259, 261, 258, 260, 258, 261, 258, 261, 262, 259, 262, 261, 259, 260,
    258, 260, 256, 257, 257, 257, 260, 257, 258, 259, 260, 261, 259, 262,
    258, 258, 262, 260, 261 ]
headPositionsY: [ 74, 75, 73, 75, 74, 77, 77, 74, 74, 78, 73, 78, 75, 76,
    77, 76, 76, 73, 76, 73, 73, 73, 77, 75, 76, 77, 74, 76, 75, 78, 76,
    75, 80, 82, 83, 78, 77, 76, 73, 72, 71, 72, 79, 82, 86, 89, 88, 82,
    81, 81, 76, 77, 78, 77, 84, 83, 84, 82, 83, 79, 75, 74, 75, 72, 77,
    80, 80, 82, 82, 81, 78, 74, 76, 74, 73, 70, 73, 75, 79, 77, 80, 83,
    84, 83, 81, 76, 74, 75, 76, 72, 73, 73, 73, 72, 75, 75, 74, 76, 73,
    73 ]
