%YAML:1.0
---
videoName: "headLookRight6.mp4"
gestureLabel: 204
fps: 29
pixelSizeInCmTemp: 3.8015873015873014e-01
faceCenterPointX: 226
faceCenterPointY: 72
headPositionsX: [ 224, 248, 250, 248, 250, 249, 251, 248, 248, 250, 251,
    250, 249, 247, 251, 251, 249, 248, 250, 253, 252, 251, 249, 249, 250,
    251, 252, 254, 252, 249, 251, 248, 248, 250, 248, 244, 243, 241, 237,
    237, 234, 230, 230, 229, 228, 225, 226, 227, 224, 228, 227, 225, 229,
    227, 225, 229, 229, 226, 229, 228, 230, 226, 231, 223, 226, 225, 227,
    227, 228, 225, 225, 225, 228, 227, 224, 224, 230, 227, 226, 226, 224,
    230, 227, 226, 227, 229, 228, 229, 227, 227, 228, 226, 229, 226, 224,
    230, 225, 228, 229, 226 ]
headPositionsY: [ 70, 71, 69, 71, 73, 71, 72, 74, 72, 75, 70, 73, 72, 71,
    76, 72, 71, 74, 74, 73, 72, 75, 75, 75, 74, 75, 76, 75, 73, 72, 74,
    75, 76, 76, 73, 76, 74, 73, 73, 74, 72, 75, 74, 73, 73, 76, 72, 70,
    75, 72, 75, 71, 75, 72, 73, 76, 75, 73, 70, 76, 78, 75, 75, 69, 74,
    73, 73, 73, 74, 73, 72, 75, 73, 71, 74, 71, 70, 75, 72, 76, 76, 76,
    73, 72, 75, 72, 75, 74, 75, 73, 72, 75, 74, 72, 68, 77, 70, 73, 72,
    73 ]
