%YAML:1.0
---
videoName: "headShake5.mp4"
gestureLabel: 201
fps: 30
pixelSizeInCmTemp: 3.3263888888888887e-01
faceCenterPointX: 275
faceCenterPointY: 73
headPositionsX: [ 275, 277, 277, 279, 278, 276, 277, 280, 277, 280, 277,
    278, 279, 279, 280, 276, 278, 278, 276, 279, 279, 280, 279, 275, 279,
    278, 276, 279, 279, 277, 279, 278, 281, 281, 282, 283, 288, 295, 293,
    298, 297, 291, 288, 286, 279, 274, 268, 265, 263, 263, 266, 272, 282,
    288, 289, 288, 286, 282, 281, 272, 266, 263, 260, 265, 265, 270, 274,
    278, 283, 282, 287, 285, 283, 279, 272, 271, 266, 266, 265, 268, 268,
    270, 274, 276, 279, 282, 282, 283, 280, 283, 282, 279, 276, 274, 275,
    276, 273, 273, 276, 274 ]
headPositionsY: [ 75, 74, 75, 75, 72, 74, 76, 72, 71, 72, 75, 72, 72, 74,
    72, 73, 75, 73, 73, 73, 74, 72, 74, 74, 73, 73, 74, 71, 72, 76, 71,
    72, 74, 74, 75, 71, 72, 74, 72, 72, 74, 74, 73, 73, 75, 76, 71, 73,
    74, 71, 75, 76, 73, 73, 73, 71, 74, 73, 75, 76, 75, 74, 75, 74, 75,
    72, 76, 75, 72, 74, 73, 76, 76, 77, 76, 72, 72, 74, 74, 71, 73, 74,
    71, 73, 73, 74, 70, 73, 73, 72, 71, 75, 74, 75, 70, 71, 73, 75, 75,
    75 ]
