%YAML:1.0
---
videoName: "headShake29.mp4"
gestureLabel: 201
fps: 29
pixelSizeInCmTemp: 3.3263888888888887e-01
faceCenterPointX: 243
faceCenterPointY: 76
headPositionsX: [ 245, 243, 242, 241, 241, 241, 241, 242, 243, 241, 243,
    243, 244, 242, 242, 244, 241, 243, 245, 241, 245, 240, 244, 242, 242,
    237, 241, 239, 240, 241, 242, 244, 252, 255, 253, 253, 253, 253, 247,
    242, 237, 233, 231, 228, 230, 228, 231, 236, 241, 245, 248, 254, 253,
    250, 247, 246, 241, 239, 231, 231, 230, 227, 231, 235, 236, 242, 244,
    252, 252, 251, 253, 253, 247, 245, 242, 240, 238, 236, 235, 231, 232,
    235, 234, 238, 236, 236, 240, 239, 240, 241, 244, 241, 241, 242, 244,
    242, 242, 241, 244, 243 ]
headPositionsY: [ 77, 76, 75, 78, 74, 75, 76, 75, 74, 77, 76, 75, 75, 77,
    77, 75, 77, 78, 75, 74, 74, 76, 76, 75, 76, 77, 75, 76, 74, 75, 78,
    76, 78, 76, 74, 75, 76, 77, 76, 78, 79, 75, 73, 78, 78, 78, 77, 74,
    75, 77, 78, 78, 76, 75, 75, 75, 75, 76, 76, 75, 76, 76, 76, 75, 78,
    78, 76, 78, 73, 77, 75, 75, 77, 76, 74, 77, 74, 75, 76, 73, 75, 75,
    74, 75, 75, 78, 74, 79, 78, 77, 76, 77, 78, 75, 75, 76, 77, 77, 77,
    78 ]
