%YAML:1.0
---
videoName: "headLookRight7.mp4"
gestureLabel: 204
fps: 30
pixelSizeInCmTemp: 3.4710144927536229e-01
faceCenterPointX: 226
faceCenterPointY: 74
headPositionsX: [ 228, 252, 248, 250, 250, 252, 249, 250, 251, 250, 248,
    250, 249, 250, 248, 248, 247, 248, 248, 251, 249, 248, 247, 247, 252,
    248, 250, 246, 246, 244, 241, 243, 240, 236, 235, 232, 233, 227, 226,
    228, 225, 226, 222, 225, 220, 220, 226, 224, 224, 224, 221, 226, 223,
    222, 226, 223, 223, 226, 226, 223, 226, 221, 224, 222, 225, 225, 225,
    225, 221, 225, 219, 223, 223, 224, 225, 225, 225, 225, 225, 224, 222,
    220, 227, 222, 223, 222, 225, 227, 227, 223, 226, 223, 223, 225, 227,
    222, 225, 227, 225, 224 ]
headPositionsY: [ 73, 76, 74, 77, 74, 74, 74, 74, 76, 74, 73, 74, 75, 76,
    76, 74, 73, 74, 74, 75, 75, 77, 74, 75, 77, 77, 73, 76, 74, 75, 76,
    76, 75, 73, 74, 76, 76, 73, 73, 72, 74, 71, 73, 77, 74, 75, 74, 74,
    76, 76, 72, 73, 77, 74, 72, 72, 75, 72, 72, 73, 73, 70, 75, 75, 72,
    76, 76, 73, 72, 75, 78, 71, 73, 74, 76, 72, 75, 72, 74, 71, 73, 76,
    75, 74, 74, 73, 73, 73, 73, 76, 76, 74, 76, 77, 72, 74, 72, 75, 72,
    73 ]
