%YAML:1.0
---
videoName: "headShake48.mp4"
gestureLabel: 201
fps: 29
pixelSizeInCmTemp: 3.1103896103896100e-01
faceCenterPointX: 258
faceCenterPointY: 85
headPositionsX: [ 257, 260, 260, 259, 258, 257, 257, 257, 257, 260, 258,
    261, 259, 259, 260, 259, 260, 260, 259, 260, 261, 257, 258, 260, 259,
    257, 257, 258, 257, 260, 261, 258, 259, 260, 258, 263, 264, 271, 271,
    272, 274, 274, 271, 265, 261, 253, 250, 249, 246, 250, 255, 260, 262,
    266, 270, 270, 264, 259, 255, 250, 251, 249, 252, 255, 262, 267, 269,
    266, 266, 263, 256, 251, 249, 249, 251, 253, 256, 261, 264, 266, 266,
    265, 266, 261, 261, 260, 261, 262, 258, 260, 258, 259, 256, 260, 259,
    261, 258, 261, 260, 261 ]
headPositionsY: [ 85, 80, 79, 77, 79, 81, 79, 81, 81, 80, 82, 82, 79, 82,
    80, 81, 81, 80, 82, 83, 80, 80, 80, 79, 83, 82, 83, 82, 81, 83, 83,
    83, 82, 79, 83, 80, 82, 82, 81, 81, 82, 85, 86, 87, 85, 82, 84, 83,
    85, 85, 86, 85, 85, 84, 87, 88, 85, 86, 87, 84, 88, 85, 85, 86, 88,
    88, 86, 85, 86, 86, 85, 85, 85, 85, 84, 84, 87, 84, 84, 84, 85, 84,
    88, 85, 88, 86, 87, 87, 86, 84, 85, 86, 85, 85, 84, 87, 84, 87, 85,
    85 ]
