%YAML:1.0
---
videoName: "headShake38.mp4"
gestureLabel: 201
fps: 29
pixelSizeInCmTemp: 3.2808219178082193e-01
faceCenterPointX: 259
faceCenterPointY: 84
headPositionsX: [ 259, 265, 263, 263, 262, 264, 264, 264, 266, 260, 266,
    261, 262, 262, 262, 265, 265, 262, 265, 264, 265, 263, 261, 262, 264,
    264, 264, 263, 263, 262, 261, 264, 263, 262, 264, 265, 262, 261, 262,
    264, 264, 260, 259, 255, 253, 250, 250, 246, 247, 252, 260, 264, 274,
    279, 276, 276, 270, 260, 253, 250, 249, 248, 252, 258, 266, 273, 271,
    270, 264, 260, 251, 247, 246, 246, 252, 255, 261, 264, 266, 267, 271,
    267, 269, 268, 264, 265, 263, 260, 263, 258, 258, 260, 262, 262, 261,
    260, 261, 260, 261, 260 ]
headPositionsY: [ 84, 83, 84, 84, 83, 85, 82, 81, 86, 83, 84, 85, 83, 85,
    84, 85, 82, 85, 85, 83, 85, 83, 83, 84, 84, 84, 83, 82, 82, 85, 82,
    84, 84, 83, 85, 82, 84, 85, 82, 83, 82, 84, 82, 83, 81, 83, 82, 84,
    84, 86, 86, 85, 85, 83, 81, 80, 82, 85, 82, 86, 84, 83, 83, 84, 85,
    81, 84, 81, 85, 84, 82, 80, 83, 84, 85, 85, 85, 86, 83, 82, 86, 87,
    83, 86, 84, 86, 83, 84, 85, 83, 83, 85, 82, 84, 87, 83, 83, 83, 84,
    83 ]
