%YAML:1.0
---
videoName: "headNod6.mp4"
gestureLabel: 202
fps: 29
pixelSizeInCmTemp: 3.1513157894736843e-01
faceCenterPointX: 262
faceCenterPointY: 73
headPositionsX: [ 260, 262, 259, 262, 264, 263, 262, 261, 261, 262, 263,
    261, 262, 260, 261, 263, 262, 261, 262, 261, 265, 263, 261, 260, 263,
    264, 261, 262, 263, 263, 261, 263, 262, 262, 262, 264, 261, 265, 261,
    264, 261, 262, 263, 261, 260, 263, 260, 260, 258, 263, 263, 263, 263,
    262, 262, 262, 262, 258, 260, 258, 259, 260, 260, 260, 258, 260, 262,
    260, 261, 262, 261, 259, 262, 263, 262, 263, 260, 258, 260, 260, 262,
    264, 262, 264, 263, 263, 262, 262, 260, 263, 262, 260, 263, 264, 260,
    261, 260, 262, 262, 260 ]
headPositionsY: [ 71, 73, 75, 74, 74, 74, 74, 76, 73, 72, 73, 75, 74, 73,
    73, 73, 74, 73, 75, 76, 72, 73, 75, 75, 75, 76, 76, 76, 72, 75, 72,
    76, 70, 71, 66, 68, 67, 66, 67, 68, 74, 75, 82, 82, 82, 79, 78, 74,
    67, 68, 68, 69, 72, 78, 79, 85, 85, 80, 76, 73, 72, 67, 67, 70, 73,
    76, 75, 80, 83, 81, 77, 72, 74, 69, 67, 68, 67, 69, 72, 75, 81, 84,
    82, 83, 79, 79, 75, 74, 73, 68, 68, 67, 68, 70, 72, 72, 70, 71, 73,
    71 ]
