%YAML:1.0
---
videoName: "headNod34.mp4"
gestureLabel: 202
fps: 29
pixelSizeInCmTemp: 2.9567901234567900e-01
faceCenterPointX: 266
faceCenterPointY: 78
headPositionsX: [ 268, 270, 270, 269, 268, 271, 270, 269, 268, 266, 269,
    266, 270, 271, 271, 267, 271, 270, 270, 270, 267, 269, 270, 272, 272,
    269, 271, 269, 272, 268, 269, 270, 267, 268, 268, 271, 267, 269, 271,
    271, 270, 268, 268, 270, 269, 269, 268, 267, 267, 268, 271, 268, 271,
    269, 270, 271, 271, 269, 272, 269, 272, 272, 270, 271, 268, 271, 269,
    269, 268, 269, 267, 270, 269, 266, 265, 268, 269, 268, 265, 268, 265,
    264, 265, 266, 266, 266, 267, 264, 265, 264, 266, 266, 267, 268, 265,
    264, 264, 265, 265, 265 ]
headPositionsY: [ 76, 76, 75, 78, 76, 76, 75, 74, 79, 78, 79, 74, 78, 74,
    77, 76, 75, 76, 77, 75, 78, 77, 78, 79, 78, 76, 74, 74, 76, 75, 77,
    76, 74, 76, 78, 74, 76, 75, 71, 71, 73, 69, 76, 76, 79, 86, 89, 87,
    87, 84, 82, 77, 75, 73, 70, 74, 76, 77, 82, 83, 84, 85, 79, 77, 80,
    78, 74, 79, 79, 80, 85, 85, 84, 84, 82, 79, 81, 75, 77, 78, 78, 81,
    82, 85, 84, 82, 79, 78, 80, 77, 78, 78, 78, 81, 81, 80, 81, 82, 81,
    78 ]
