%YAML:1.0
---
videoName: "headNod35.mp4"
gestureLabel: 202
fps: 30
pixelSizeInCmTemp: 2.9937500000000000e-01
faceCenterPointX: 268
faceCenterPointY: 78
headPositionsX: [ 267, 266, 269, 266, 271, 267, 269, 268, 270, 268, 269,
    268, 272, 270, 272, 270, 268, 269, 270, 270, 269, 267, 271, 268, 269,
    268, 270, 269, 269, 273, 273, 272, 269, 270, 268, 270, 271, 268, 268,
    266, 266, 265, 265, 266, 269, 266, 266, 270, 269, 269, 271, 271, 271,
    270, 269, 268, 267, 268, 266, 269, 269, 269, 267, 268, 271, 270, 269,
    268, 270, 267, 268, 269, 266, 267, 266, 268, 268, 267, 271, 270, 267,
    270, 267, 270, 267, 267, 264, 265, 265, 267, 268, 266, 268, 268, 264,
    266, 269, 265, 269, 266 ]
headPositionsY: [ 80, 74, 73, 74, 74, 75, 76, 74, 75, 77, 76, 75, 75, 75,
    78, 75, 79, 77, 77, 76, 78, 74, 79, 77, 75, 76, 78, 72, 69, 69, 66,
    65, 69, 70, 71, 76, 78, 82, 91, 90, 93, 92, 90, 85, 81, 77, 73, 75,
    76, 73, 76, 81, 83, 88, 90, 89, 90, 84, 82, 80, 75, 72, 71, 71, 71,
    76, 78, 80, 85, 88, 84, 83, 81, 80, 74, 76, 74, 73, 78, 78, 83, 82,
    85, 85, 87, 85, 82, 84, 80, 81, 78, 81, 80, 80, 79, 79, 80, 78, 79,
    78 ]
