%YAML:1.0
---
videoName: "headNod10.mp4"
gestureLabel: 202
fps: 29
pixelSizeInCmTemp: 3.2808219178082193e-01
faceCenterPointX: 260
faceCenterPointY: 67
headPositionsX: [ 261, 259, 259, 259, 260, 256, 256, 256, 256, 256, 259,
    259, 257, 257, 259, 260, 257, 257, 261, 258, 257, 259, 257, 261, 257,
    257, 258, 259, 259, 256, 257, 261, 258, 258, 257, 257, 261, 259, 258,
    258, 258, 261, 259, 260, 261, 259, 259, 260, 261, 260, 260, 261, 261,
    259, 259, 257, 256, 257, 261, 259, 259, 259, 261, 259, 258, 261, 259,
    261, 261, 258, 259, 260, 259, 257, 259, 257, 257, 261, 257, 259, 258,
    261, 260, 260, 257, 257, 258, 258, 262, 259, 259, 258, 261, 259, 259,
    260, 262, 259, 258, 262 ]
headPositionsY: [ 66, 73, 72, 72, 68, 68, 70, 72, 68, 71, 70, 68, 70, 69,
    70, 70, 68, 68, 69, 69, 72, 69, 70, 72, 69, 69, 70, 69, 70, 70, 68,
    72, 71, 71, 69, 71, 72, 71, 72, 70, 73, 73, 72, 71, 68, 66, 65, 64,
    61, 63, 66, 67, 69, 72, 76, 72, 70, 71, 67, 67, 65, 64, 63, 66, 66,
    71, 71, 76, 76, 77, 73, 75, 68, 66, 63, 66, 63, 68, 71, 70, 75, 76,
    76, 75, 72, 69, 70, 68, 69, 66, 65, 66, 67, 66, 69, 64, 68, 66, 68,
    67 ]
