%YAML:1.0
---
videoName: "headShake19.mp4"
gestureLabel: 201
fps: 29
pixelSizeInCmTemp: 3.1933333333333330e-01
faceCenterPointX: 243
faceCenterPointY: 78
headPositionsX: [ 244, 243, 244, 245, 243, 242, 241, 245, 242, 242, 242,
    246, 243, 242, 243, 243, 245, 244, 243, 242, 241, 241, 244, 244, 243,
    245, 244, 243, 245, 242, 242, 241, 241, 243, 244, 240, 237, 238, 237,
    231, 234, 234, 240, 241, 250, 254, 256, 255, 256, 253, 250, 245, 238,
    233, 232, 229, 232, 234, 236, 242, 244, 246, 250, 248, 248, 245, 242,
    237, 236, 238, 237, 235, 238, 238, 243, 242, 246, 246, 244, 246, 246,
    244, 243, 243, 240, 241, 242, 238, 241, 241, 239, 242, 241, 243, 243,
    240, 244, 243, 242, 242 ]
headPositionsY: [ 79, 75, 78, 78, 76, 77, 77, 75, 76, 76, 75, 79, 78, 75,
    75, 75, 75, 76, 78, 76, 76, 76, 75, 79, 78, 78, 79, 77, 75, 75, 78,
    76, 75, 78, 78, 76, 76, 77, 76, 75, 79, 77, 78, 79, 79, 78, 74, 74,
    75, 78, 79, 77, 75, 75, 74, 78, 75, 77, 75, 79, 75, 78, 78, 75, 77,
    78, 77, 75, 79, 77, 78, 77, 77, 79, 79, 79, 77, 76, 75, 78, 78, 78,
    75, 78, 80, 79, 78, 77, 76, 80, 76, 79, 80, 77, 77, 76, 76, 79, 77,
    76 ]
