%YAML:1.0
---
videoName: "headLookRight7.mp4"
gestureLabel: 204
fps: 30
pixelSizeInCmTemp: 3.4710144927536229e-01
faceCenterPointX: 226
faceCenterPointY: 74
headPositionsX: [ 224, 249, 247, 252, 249, 252, 248, 251, 252, 250, 249,
    248, 248, 248, 250, 248, 251, 248, 251, 249, 248, 247, 249, 247, 248,
    247, 249, 250, 249, 243, 243, 243, 237, 236, 236, 231, 230, 228, 226,
    228, 225, 227, 223, 225, 222, 221, 224, 224, 226, 220, 225, 227, 225,
    225, 223, 223, 222, 222, 226, 226, 225, 225, 221, 221, 223, 223, 224,
    221, 225, 223, 218, 227, 226, 227, 223, 227, 223, 223, 225, 223, 221,
    221, 224, 225, 226, 224, 226, 226, 226, 226, 222, 221, 224, 224, 223,
    222, 223, 223, 226, 225 ]
headPositionsY: [ 72, 76, 76, 76, 73, 74, 74, 77, 74, 77, 74, 74, 77, 73,
    73, 72, 72, 76, 74, 72, 76, 75, 73, 73, 77, 73, 73, 74, 77, 73, 75,
    73, 75, 74, 77, 75, 77, 77, 74, 76, 74, 74, 74, 76, 76, 71, 75, 74,
    75, 76, 76, 77, 74, 76, 74, 75, 73, 71, 72, 72, 75, 70, 72, 72, 75,
    74, 74, 70, 74, 76, 80, 73, 72, 77, 77, 72, 74, 71, 72, 74, 74, 77,
    73, 76, 73, 77, 72, 76, 72, 72, 75, 76, 77, 74, 73, 74, 73, 76, 75,
    73 ]
