%YAML:1.0
---
videoName: "headNod0.mp4"
gestureLabel: 202
fps: 29
pixelSizeInCmTemp: 3.2364864864864862e-01
faceCenterPointX: 264
faceCenterPointY: 76
headPositionsX: [ 262, 267, 267, 266, 266, 268, 267, 269, 269, 267, 268,
    266, 265, 266, 265, 267, 266, 267, 267, 266, 265, 264, 266, 267, 265,
    266, 267, 267, 264, 265, 263, 267, 266, 265, 265, 267, 268, 265, 265,
    268, 268, 266, 265, 263, 263, 264, 263, 262, 265, 265, 267, 262, 263,
    267, 263, 263, 262, 264, 262, 263, 264, 265, 265, 264, 266, 264, 265,
    266, 268, 266, 265, 267, 265, 265, 262, 262, 265, 265, 266, 264, 262,
    264, 262, 266, 265, 266, 266, 266, 267, 263, 266, 265, 266, 266, 262,
    262, 262, 264, 264, 264 ]
headPositionsY: [ 77, 73, 74, 74, 70, 72, 72, 73, 74, 74, 71, 71, 72, 75,
    71, 75, 75, 74, 75, 71, 74, 71, 72, 73, 74, 75, 71, 73, 72, 69, 70,
    69, 64, 62, 63, 64, 62, 61, 63, 68, 69, 69, 74, 74, 79, 82, 84, 83,
    79, 78, 79, 74, 72, 69, 70, 69, 67, 66, 68, 68, 71, 70, 72, 74, 76,
    77, 81, 81, 78, 77, 77, 75, 73, 71, 67, 66, 68, 68, 70, 68, 72, 71,
    75, 74, 78, 79, 80, 77, 80, 78, 76, 79, 78, 79, 76, 75, 74, 75, 74,
    75 ]
