%YAML:1.0
---
videoName: "headShake33.mp4"
gestureLabel: 201
fps: 29
pixelSizeInCmTemp: 3.2364864864864862e-01
faceCenterPointX: 244
faceCenterPointY: 84
headPositionsX: [ 244, 243, 244, 245, 247, 247, 248, 244, 247, 244, 245,
    243, 245, 247, 243, 244, 247, 244, 243, 245, 246, 250, 250, 249, 251,
    256, 259, 260, 260, 260, 262, 263, 261, 258, 261, 254, 251, 250, 245,
    240, 239, 234, 233, 228, 227, 226, 224, 226, 226, 232, 235, 237, 241,
    244, 250, 250, 258, 261, 258, 258, 260, 260, 259, 258, 256, 253, 246,
    246, 243, 239, 234, 236, 230, 229, 232, 234, 233, 235, 236, 235, 236,
    237, 242, 241, 244, 245, 243, 249, 245, 247, 247, 247, 244, 243, 243,
    244, 243, 245, 244, 244 ]
headPositionsY: [ 82, 81, 82, 82, 84, 81, 81, 81, 85, 82, 81, 84, 84, 84,
    81, 83, 84, 82, 84, 82, 83, 85, 85, 85, 80, 82, 80, 83, 79, 78, 80,
    82, 83, 82, 80, 80, 83, 83, 81, 82, 83, 82, 82, 84, 81, 84, 79, 83,
    85, 82, 83, 83, 83, 82, 81, 83, 79, 80, 82, 80, 80, 83, 80, 83, 82,
    83, 81, 83, 83, 81, 82, 85, 80, 80, 80, 81, 83, 82, 82, 85, 82, 81,
    84, 82, 84, 81, 84, 81, 81, 85, 83, 82, 84, 83, 85, 85, 82, 82, 85,
    83 ]
