%YAML:1.0
---
videoName: "headNod41.mp4"
gestureLabel: 202
fps: 29
pixelSizeInCmTemp: 2.9937500000000000e-01
faceCenterPointX: 267
faceCenterPointY: 76
headPositionsX: [ 265, 268, 272, 272, 268, 272, 270, 272, 268, 270, 271,
    267, 272, 271, 270, 269, 271, 271, 272, 272, 270, 272, 269, 272, 270,
    269, 270, 268, 269, 269, 269, 271, 271, 271, 271, 267, 270, 269, 272,
    267, 270, 271, 269, 267, 267, 271, 269, 268, 271, 266, 268, 269, 269,
    268, 268, 267, 268, 267, 267, 269, 267, 270, 269, 267, 270, 270, 267,
    267, 268, 266, 267, 266, 270, 266, 267, 267, 266, 269, 268, 269, 269,
    266, 270, 265, 268, 265, 266, 269, 269, 268, 269, 265, 267, 267, 267,
    269, 268, 266, 269, 266 ]
headPositionsY: [ 76, 73, 75, 73, 74, 75, 71, 71, 73, 75, 72, 71, 76, 72,
    72, 72, 72, 76, 72, 75, 72, 75, 72, 75, 73, 76, 75, 73, 76, 74, 71,
    76, 76, 74, 75, 76, 74, 74, 76, 76, 81, 85, 87, 90, 93, 92, 92, 88,
    84, 80, 79, 69, 69, 64, 63, 68, 64, 71, 74, 78, 80, 87, 93, 92, 92,
    88, 88, 81, 77, 73, 72, 73, 69, 72, 69, 75, 81, 85, 82, 83, 83, 80,
    77, 73, 76, 74, 74, 74, 74, 76, 77, 79, 80, 81, 77, 76, 79, 79, 76,
    76 ]
