%YAML:1.0
---
videoName: "headLookUp2.mp4"
gestureLabel: 205
fps: 29
pixelSizeInCmTemp: 3.7421874999999999e-01
faceCenterPointX: 254
faceCenterPointY: 67
headPositionsX: [ 254, 255, 258, 254, 258, 257, 257, 254, 258, 255, 258,
    253, 256, 254, 255, 256, 257, 256, 253, 254, 255, 255, 255, 253, 253,
    255, 253, 254, 254, 253, 256, 256, 252, 255, 257, 254, 255, 254, 253,
    253, 257, 255, 252, 253, 255, 257, 255, 255, 254, 253, 252, 253, 256,
    254, 255, 255, 252, 252, 257, 252, 255, 256, 256, 252, 253, 251, 253,
    253, 255, 252, 252, 251, 251, 256, 254, 251, 252, 254, 252, 252, 253,
    255, 254, 255, 257, 254, 255, 257, 256, 254, 255, 255, 252, 254, 255,
    253, 252, 252, 256, 254 ]
headPositionsY: [ 69, 82, 81, 79, 83, 81, 83, 82, 83, 80, 83, 81, 82, 79,
    82, 82, 79, 79, 80, 80, 83, 79, 82, 80, 80, 83, 82, 82, 80, 83, 80,
    79, 80, 82, 81, 81, 79, 78, 79, 79, 81, 82, 79, 75, 75, 76, 72, 71,
    69, 69, 70, 66, 69, 66, 68, 68, 67, 70, 67, 66, 66, 67, 70, 68, 66,
    68, 67, 66, 69, 66, 69, 64, 70, 69, 67, 68, 69, 68, 68, 68, 67, 67,
    70, 66, 67, 67, 68, 68, 67, 69, 70, 68, 68, 67, 69, 65, 64, 68, 67,
    69 ]
