%YAML:1.0
---
videoName: "headNod26.mp4"
gestureLabel: 202
fps: 29
pixelSizeInCmTemp: 3.1513157894736843e-01
faceCenterPointX: 271
faceCenterPointY: 78
headPositionsX: [ 272, 270, 273, 271, 272, 274, 272, 269, 273, 274, 270,
    271, 272, 271, 271, 273, 272, 274, 272, 271, 272, 271, 272, 271, 272,
    271, 271, 272, 271, 273, 270, 269, 274, 272, 272, 272, 269, 271, 271,
    270, 271, 269, 271, 270, 271, 272, 270, 274, 269, 273, 269, 271, 271,
    273, 272, 274, 271, 269, 274, 272, 271, 274, 270, 271, 273, 273, 274,
    274, 272, 274, 274, 274, 269, 269, 274, 270, 270, 270, 270, 270, 269,
    269, 273, 272, 273, 272, 269, 271, 272, 273, 270, 272, 270, 273, 272,
    271, 272, 270, 271, 270 ]
headPositionsY: [ 76, 71, 76, 73, 76, 71, 69, 72, 69, 68, 64, 67, 67, 64,
    65, 68, 71, 70, 74, 77, 78, 80, 85, 83, 81, 78, 79, 74, 70, 70, 68,
    69, 68, 68, 69, 71, 74, 74, 76, 78, 78, 76, 78, 73, 76, 70, 71, 70,
    67, 69, 69, 70, 73, 76, 74, 75, 75, 75, 73, 72, 69, 69, 67, 68, 70,
    67, 70, 72, 71, 74, 74, 77, 75, 75, 76, 76, 70, 70, 69, 69, 67, 67,
    70, 69, 71, 76, 76, 77, 77, 79, 78, 81, 80, 80, 75, 79, 80, 80, 79,
    77 ]
