%YAML:1.0
---
videoName: "headNod10.mp4"
gestureLabel: 202
fps: 29
pixelSizeInCmTemp: 3.2808219178082193e-01
faceCenterPointX: 260
faceCenterPointY: 67
headPositionsX: [ 259, 261, 257, 256, 258, 256, 258, 260, 257, 258, 257,
    259, 258, 257, 257, 259, 257, 260, 258, 257, 258, 258, 261, 259, 259,
    261, 260, 258, 259, 259, 257, 259, 258, 257, 260, 258, 258, 257, 258,
    257, 257, 261, 259, 258, 261, 262, 260, 258, 262, 259, 259, 261, 258,
    260, 258, 259, 257, 257, 261, 262, 261, 262, 259, 259, 259, 261, 261,
    261, 257, 258, 259, 258, 257, 258, 260, 261, 260, 260, 257, 257, 258,
    257, 258, 258, 256, 261, 261, 258, 261, 257, 257, 262, 258, 258, 261,
    262, 262, 259, 260, 260 ]
headPositionsY: [ 68, 69, 71, 71, 71, 68, 70, 72, 72, 72, 71, 68, 68, 72,
    71, 68, 69, 69, 68, 70, 69, 71, 67, 70, 70, 68, 71, 68, 72, 72, 68,
    69, 69, 69, 72, 73, 70, 68, 73, 73, 74, 75, 72, 70, 70, 65, 64, 64,
    64, 62, 62, 67, 67, 70, 75, 75, 70, 70, 71, 68, 65, 62, 65, 65, 65,
    67, 73, 74, 78, 78, 75, 73, 70, 68, 66, 66, 67, 65, 71, 72, 75, 78,
    76, 73, 73, 73, 70, 66, 68, 67, 64, 65, 64, 64, 67, 66, 66, 68, 69,
    69 ]
