%YAML:1.0
---
videoName: "headLookLeft1.mp4"
gestureLabel: 203
fps: 30
pixelSizeInCmTemp: 3.6287878787878786e-01
faceCenterPointX: 276
faceCenterPointY: 73
headPositionsX: [ 276, 257, 255, 254, 258, 259, 258, 256, 258, 256, 257,
    255, 254, 258, 258, 256, 254, 256, 254, 256, 258, 258, 258, 257, 254,
    255, 256, 255, 256, 254, 255, 255, 254, 257, 256, 258, 254, 257, 255,
    255, 256, 259, 257, 255, 258, 255, 257, 257, 253, 254, 254, 253, 253,
    256, 254, 255, 259, 256, 257, 257, 261, 260, 261, 266, 269, 269, 272,
    273, 275, 277, 276, 275, 276, 273, 273, 281, 279, 276, 277, 278, 281,
    276, 279, 281, 281, 279, 276, 278, 279, 276, 281, 278, 277, 277, 276,
    277, 280, 274, 278, 276 ]
headPositionsY: [ 71, 74, 75, 73, 77, 74, 76, 77, 76, 74, 74, 74, 75, 78,
    77, 77, 78, 77, 75, 75, 76, 75, 77, 76, 75, 78, 77, 77, 75, 77, 78,
    78, 80, 81, 76, 77, 78, 79, 76, 80, 77, 78, 80, 76, 77, 79, 78, 77,
    79, 78, 77, 80, 76, 76, 77, 80, 81, 77, 78, 80, 78, 80, 76, 76, 75,
    76, 77, 77, 76, 77, 77, 75, 75, 74, 76, 77, 77, 74, 76, 74, 77, 76,
    74, 73, 78, 74, 74, 74, 74, 74, 74, 73, 75, 77, 75, 75, 75, 77, 73,
    75 ]
