%YAML:1.0
---
videoName: "headShake1.mp4"
gestureLabel: 201
fps: 29
pixelSizeInCmTemp: 3.3263888888888887e-01
faceCenterPointX: 279
faceCenterPointY: 98
headPositionsX: [ 280, 277, 281, 280, 277, 278, 281, 278, 281, 277, 281,
    278, 280, 280, 278, 282, 279, 279, 279, 278, 279, 278, 277, 280, 279,
    277, 278, 281, 283, 283, 287, 286, 291, 293, 294, 291, 293, 287, 286,
    281, 280, 274, 274, 268, 269, 269, 273, 277, 279, 284, 289, 291, 290,
    291, 289, 289, 285, 280, 273, 270, 268, 268, 266, 267, 272, 278, 285,
    286, 292, 294, 293, 292, 292, 289, 282, 279, 277, 276, 271, 269, 270,
    274, 269, 273, 272, 276, 273, 278, 277, 277, 277, 282, 278, 278, 281,
    282, 282, 278, 277, 279 ]
headPositionsY: [ 98, 98, 99, 95, 97, 98, 96, 99, 97, 99, 99, 95, 95,
    100, 98, 96, 95, 97, 96, 95, 99, 100, 96, 95, 100, 95, 97, 98, 94,
    97, 98, 96, 95, 98, 95, 96, 93, 97, 94, 95, 97, 97, 96, 97, 95, 95,
    94, 95, 97, 96, 97, 93, 97, 95, 95, 97, 95, 96, 99, 95, 95, 94, 97,
    97, 99, 95, 97, 96, 97, 94, 94, 95, 94, 96, 98, 100, 95, 98, 94, 98,
    95, 95, 96, 98, 97, 99, 99, 98, 98, 95, 96, 99, 96, 96, 97, 96, 99,
    98, 99, 98 ]
