%YAML:1.0
---
videoName: "headShake39.mp4"
gestureLabel: 201
fps: 29
pixelSizeInCmTemp: 3.1933333333333330e-01
faceCenterPointX: 263
faceCenterPointY: 83
headPositionsX: [ 261, 261, 259, 262, 262, 259, 260, 263, 260, 261, 259,
    262, 263, 260, 259, 262, 260, 262, 259, 260, 261, 258, 257, 255, 251,
    248, 249, 246, 245, 244, 245, 243, 246, 251, 258, 263, 267, 273, 278,
    282, 281, 278, 276, 272, 266, 260, 252, 250, 247, 249, 247, 250, 252,
    255, 263, 267, 273, 278, 280, 281, 277, 272, 269, 264, 260, 252, 253,
    248, 251, 248, 252, 250, 254, 256, 258, 260, 259, 263, 264, 266, 263,
    267, 268, 267, 265, 269, 268, 265, 264, 267, 265, 265, 265, 265, 265,
    262, 261, 263, 264, 260 ]
headPositionsY: [ 85, 81, 82, 83, 82, 82, 84, 81, 82, 82, 84, 83, 85, 82,
    83, 83, 84, 83, 84, 85, 83, 85, 82, 81, 84, 84, 80, 84, 82, 80, 83,
    81, 80, 82, 85, 85, 81, 83, 82, 78, 82, 80, 83, 83, 81, 85, 84, 80,
    83, 81, 82, 83, 84, 83, 84, 85, 84, 83, 82, 78, 82, 83, 85, 84, 80,
    82, 81, 80, 79, 82, 78, 81, 79, 83, 83, 81, 83, 83, 85, 83, 82, 82,
    84, 84, 84, 81, 84, 85, 81, 82, 85, 82, 82, 83, 84, 84, 83, 82, 82,
    84 ]
