%YAML:1.0
---
videoName: "headNod19.mp4"
gestureLabel: 202
fps: 29
pixelSizeInCmTemp: 3.1933333333333330e-01
faceCenterPointX: 255
faceCenterPointY: 81
headPositionsX: [ 257, 259, 257, 257, 258, 255, 256, 257, 258, 259, 254,
    254, 257, 252, 253, 256, 255, 254, 252, 254, 253, 252, 248, 252, 253,
    249, 250, 249, 252, 251, 248, 251, 252, 251, 254, 252, 253, 252, 253,
    252, 254, 257, 256, 257, 253, 254, 254, 257, 254, 255, 256, 256, 256,
    257, 258, 254, 256, 256, 253, 257, 256, 253, 254, 256, 256, 255, 255,
    254, 256, 257, 256, 254, 255, 253, 257, 256, 254, 257, 254, 254, 255,
    256, 256, 254, 257, 256, 254, 253, 253, 254, 254, 258, 253, 257, 255,
    255, 254, 256, 258, 257 ]
headPositionsY: [ 81, 83, 85, 83, 79, 80, 76, 79, 74, 79, 78, 78, 76, 77,
    77, 79, 79, 77, 79, 78, 79, 78, 78, 76, 81, 77, 79, 77, 81, 81, 80,
    80, 76, 79, 77, 77, 77, 79, 77, 79, 81, 80, 77, 79, 77, 81, 76, 79,
    81, 77, 77, 77, 79, 77, 78, 80, 80, 79, 76, 81, 81, 79, 78, 78, 80,
    82, 76, 77, 76, 74, 72, 76, 74, 76, 79, 82, 86, 86, 79, 81, 75, 74,
    76, 78, 82, 82, 84, 83, 85, 81, 83, 83, 82, 80, 84, 81, 84, 79, 80,
    83 ]
