%YAML:1.0
---
videoName: "headShake15.mp4"
gestureLabel: 201
fps: 29
pixelSizeInCmTemp: 3.3263888888888887e-01
faceCenterPointX: 243
faceCenterPointY: 76
headPositionsX: [ 242, 244, 241, 244, 243, 245, 245, 245, 245, 243, 245,
    246, 244, 244, 242, 245, 241, 241, 242, 244, 242, 245, 242, 241, 240,
    243, 242, 245, 245, 243, 244, 242, 241, 244, 243, 243, 245, 243, 244,
    241, 242, 241, 244, 245, 244, 241, 246, 244, 241, 241, 243, 245, 240,
    243, 244, 242, 243, 242, 242, 243, 242, 241, 245, 249, 250, 251, 255,
    260, 260, 256, 254, 254, 248, 249, 245, 237, 239, 236, 238, 239, 239,
    245, 245, 244, 245, 247, 245, 244, 245, 241, 240, 244, 240, 243, 240,
    244, 242, 241, 244, 245 ]
headPositionsY: [ 76, 77, 75, 76, 78, 74, 74, 77, 74, 74, 74, 75, 75, 77,
    75, 73, 76, 77, 73, 76, 78, 76, 76, 74, 75, 75, 76, 75, 76, 75, 76,
    73, 76, 76, 77, 75, 74, 76, 77, 72, 75, 75, 73, 77, 76, 78, 74, 74,
    74, 73, 77, 76, 75, 76, 74, 75, 73, 74, 75, 77, 75, 77, 79, 78, 75,
    72, 73, 76, 74, 77, 77, 74, 78, 77, 75, 75, 75, 77, 74, 75, 74, 76,
    75, 78, 76, 75, 79, 75, 75, 75, 76, 77, 76, 75, 79, 78, 77, 78, 78,
    77 ]
