%YAML:1.0
---
videoName: "headShake9.mp4"
gestureLabel: 201
fps: 30
pixelSizeInCmTemp: 3.2808219178082193e-01
faceCenterPointX: 243
faceCenterPointY: 73
headPositionsX: [ 242, 246, 242, 243, 243, 240, 242, 242, 243, 241, 243,
    243, 244, 245, 244, 241, 242, 242, 241, 244, 243, 244, 244, 242, 244,
    241, 242, 243, 241, 244, 240, 245, 243, 243, 243, 243, 240, 245, 244,
    245, 245, 251, 251, 257, 263, 262, 263, 265, 262, 255, 254, 249, 242,
    237, 233, 233, 226, 229, 230, 234, 242, 249, 255, 256, 260, 261, 260,
    256, 253, 250, 242, 237, 234, 230, 232, 226, 226, 232, 237, 240, 247,
    247, 248, 252, 249, 252, 251, 248, 248, 246, 246, 247, 246, 244, 246,
    244, 246, 246, 244, 244 ]
headPositionsY: [ 71, 74, 72, 73, 72, 73, 70, 73, 70, 71, 70, 72, 74, 74,
    73, 73, 72, 72, 71, 72, 71, 73, 71, 73, 71, 71, 74, 70, 71, 73, 74,
    73, 73, 73, 71, 73, 71, 71, 73, 71, 72, 73, 69, 68, 68, 68, 69, 70,
    70, 71, 71, 73, 72, 74, 70, 73, 74, 74, 72, 72, 72, 73, 73, 70, 68,
    68, 68, 71, 74, 71, 73, 72, 75, 72, 74, 72, 73, 74, 71, 71, 75, 73,
    71, 71, 71, 71, 73, 74, 74, 73, 71, 74, 75, 74, 73, 72, 75, 75, 72,
    72 ]
