%YAML:1.0
---
videoName: "headNod27.mp4"
gestureLabel: 202
fps: 29
pixelSizeInCmTemp: 3.0705128205128202e-01
faceCenterPointX: 271
faceCenterPointY: 77
headPositionsX: [ 271, 274, 274, 273, 274, 271, 271, 272, 272, 274, 269,
    273, 272, 270, 273, 273, 271, 269, 274, 274, 273, 274, 273, 271, 272,
    273, 274, 272, 273, 272, 273, 273, 272, 273, 271, 269, 271, 270, 270,
    267, 268, 270, 270, 270, 269, 272, 272, 267, 271, 271, 269, 267, 269,
    272, 271, 269, 270, 272, 268, 271, 268, 272, 270, 270, 268, 265, 266,
    269, 269, 270, 267, 267, 266, 271, 269, 270, 268, 267, 267, 267, 268,
    268, 271, 266, 267, 270, 272, 271, 269, 270, 270, 270, 273, 272, 269,
    272, 271, 271, 271, 269 ]
headPositionsY: [ 78, 71, 72, 72, 73, 73, 73, 73, 73, 75, 72, 72, 73, 74,
    74, 74, 73, 74, 77, 73, 73, 71, 68, 66, 63, 62, 66, 63, 62, 67, 68,
    77, 81, 85, 82, 83, 82, 78, 76, 71, 66, 70, 68, 69, 71, 71, 73, 75,
    82, 81, 78, 75, 74, 73, 70, 72, 69, 72, 73, 73, 78, 81, 81, 85, 81,
    79, 74, 72, 72, 73, 74, 72, 74, 75, 79, 80, 81, 78, 77, 75, 70, 71,
    69, 69, 69, 73, 74, 75, 80, 80, 80, 81, 77, 75, 77, 77, 75, 75, 77,
    75 ]
