%YAML:1.0
---
videoName: "headShake20.mp4"
gestureLabel: 201
fps: 29
pixelSizeInCmTemp: 3.3263888888888887e-01
faceCenterPointX: 242
faceCenterPointY: 78
headPositionsX: [ 240, 245, 246, 243, 245, 244, 245, 245, 244, 243, 242,
    244, 242, 245, 240, 244, 243, 243, 242, 245, 242, 241, 245, 241, 242,
    242, 243, 241, 244, 245, 244, 243, 245, 241, 241, 242, 243, 241, 246,
    244, 248, 252, 253, 258, 260, 257, 259, 253, 249, 242, 236, 232, 230,
    228, 230, 231, 240, 245, 250, 250, 250, 251, 249, 246, 245, 237, 235,
    235, 229, 234, 236, 238, 239, 244, 247, 247, 248, 246, 241, 243, 238,
    238, 239, 239, 239, 242, 243, 242, 243, 245, 243, 246, 244, 245, 241,
    242, 242, 242, 240, 242 ]
headPositionsY: [ 77, 74, 74, 77, 76, 78, 76, 75, 74, 77, 77, 75, 74, 79,
    74, 78, 76, 79, 78, 74, 76, 76, 76, 75, 77, 77, 78, 74, 75, 76, 79,
    74, 76, 76, 75, 78, 75, 77, 78, 77, 75, 75, 73, 77, 74, 78, 76, 76,
    77, 76, 76, 75, 77, 74, 77, 78, 75, 74, 76, 73, 74, 75, 73, 74, 78,
    77, 77, 78, 78, 75, 78, 75, 77, 75, 78, 75, 77, 77, 76, 77, 78, 76,
    76, 75, 77, 77, 76, 75, 78, 78, 78, 79, 75, 79, 77, 77, 76, 75, 78,
    76 ]
