%YAML:1.0
---
videoName: "headNod14.mp4"
gestureLabel: 202
fps: 29
pixelSizeInCmTemp: 3.2808219178082193e-01
faceCenterPointX: 257
faceCenterPointY: 71
headPositionsX: [ 256, 256, 256, 256, 260, 255, 259, 259, 258, 260, 260,
    256, 259, 258, 257, 258, 256, 259, 259, 257, 260, 259, 257, 261, 260,
    258, 258, 260, 261, 259, 258, 257, 258, 260, 259, 261, 257, 260, 259,
    258, 260, 257, 261, 260, 260, 261, 259, 262, 258, 261, 260, 259, 258,
    260, 260, 259, 259, 257, 261, 259, 261, 257, 257, 260, 260, 261, 257,
    260, 260, 256, 261, 258, 258, 257, 259, 258, 259, 259, 258, 260, 260,
    256, 258, 259, 260, 256, 256, 256, 259, 255, 255, 255, 258, 258, 259,
    255, 256, 257, 257, 255 ]
headPositionsY: [ 70, 78, 77, 75, 80, 77, 78, 75, 79, 79, 75, 80, 77, 77,
    77, 75, 76, 76, 79, 75, 76, 75, 76, 77, 77, 76, 80, 75, 79, 79, 78,
    78, 79, 79, 79, 78, 76, 78, 79, 74, 75, 71, 72, 69, 68, 67, 72, 69,
    70, 74, 76, 79, 82, 81, 81, 83, 81, 82, 78, 75, 72, 72, 69, 69, 70,
    73, 74, 74, 76, 78, 82, 81, 80, 76, 77, 73, 71, 69, 70, 71, 71, 72,
    75, 77, 81, 82, 78, 75, 77, 75, 71, 70, 67, 69, 70, 71, 70, 73, 71,
    69 ]
