%YAML:1.0
---
videoName: "headShake9.mp4"
gestureLabel: 201
fps: 30
pixelSizeInCmTemp: 3.2808219178082193e-01
faceCenterPointX: 243
faceCenterPointY: 73
headPositionsX: [ 241, 245, 244, 243, 242, 240, 242, 245, 245, 241, 241,
    242, 243, 243, 243, 241, 244, 245, 241, 241, 240, 245, 243, 244, 241,
    244, 244, 242, 244, 242, 241, 245, 244, 243, 243, 245, 244, 241, 241,
    245, 248, 248, 252, 258, 264, 261, 264, 267, 261, 256, 254, 249, 241,
    238, 231, 230, 228, 227, 231, 235, 243, 247, 254, 257, 263, 263, 260,
    257, 256, 250, 243, 238, 234, 232, 229, 228, 228, 234, 237, 239, 245,
    248, 252, 249, 249, 249, 249, 250, 248, 244, 246, 245, 246, 243, 244,
    241, 243, 245, 241, 241 ]
headPositionsY: [ 71, 74, 70, 74, 70, 70, 70, 74, 70, 71, 72, 74, 73, 70,
    71, 73, 73, 70, 72, 75, 70, 71, 70, 71, 70, 71, 74, 73, 74, 71, 73,
    71, 71, 74, 72, 71, 74, 70, 70, 71, 71, 74, 73, 71, 70, 72, 67, 71,
    70, 73, 74, 75, 72, 72, 71, 74, 72, 73, 74, 73, 72, 74, 69, 72, 68,
    69, 72, 70, 71, 74, 72, 70, 75, 71, 71, 72, 74, 70, 73, 73, 71, 73,
    70, 74, 73, 74, 74, 75, 74, 74, 74, 72, 74, 71, 71, 71, 75, 71, 72,
    75 ]
