%YAML:1.0
---
videoName: "headNod22.mp4"
gestureLabel: 202
fps: 29
pixelSizeInCmTemp: 3.1513157894736843e-01
faceCenterPointX: 252
faceCenterPointY: 80
headPositionsX: [ 253, 252, 255, 251, 254, 254, 252, 254, 252, 254, 255,
    251, 255, 255, 252, 250, 254, 255, 255, 254, 255, 254, 255, 254, 251,
    251, 251, 255, 253, 256, 254, 252, 255, 252, 256, 256, 255, 257, 254,
    255, 255, 253, 255, 255, 252, 254, 253, 253, 253, 253, 252, 254, 254,
    251, 251, 250, 250, 252, 252, 254, 254, 251, 253, 250, 251, 250, 254,
    250, 252, 250, 252, 251, 254, 255, 254, 252, 254, 253, 253, 255, 254,
    252, 250, 251, 253, 254, 252, 248, 253, 254, 249, 252, 250, 250, 249,
    253, 250, 250, 251, 250 ]
headPositionsY: [ 78, 77, 78, 80, 78, 76, 79, 76, 80, 78, 76, 77, 80, 78,
    77, 76, 78, 76, 77, 79, 78, 80, 79, 78, 82, 85, 82, 82, 80, 77, 77,
    73, 70, 73, 73, 72, 75, 79, 78, 84, 84, 82, 82, 78, 73, 73, 71, 73,
    70, 76, 76, 81, 81, 83, 87, 81, 81, 77, 74, 74, 73, 73, 71, 72, 75,
    78, 80, 78, 79, 77, 77, 74, 73, 73, 76, 78, 82, 78, 80, 78, 80, 75,
    75, 78, 76, 81, 81, 82, 82, 77, 78, 77, 79, 76, 78, 79, 80, 81, 79,
    81 ]
