%YAML:1.0
---
videoName: "headNod19.mp4"
gestureLabel: 202
fps: 29
pixelSizeInCmTemp: 3.1933333333333330e-01
faceCenterPointX: 255
faceCenterPointY: 81
headPositionsX: [ 257, 258, 256, 257, 256, 255, 259, 258, 255, 255, 254,
    257, 255, 256, 253, 255, 255, 255, 254, 253, 249, 254, 249, 253, 250,
    250, 250, 251, 250, 252, 251, 250, 252, 254, 253, 254, 254, 254, 255,
    256, 252, 256, 254, 257, 255, 254, 253, 258, 258, 256, 255, 255, 254,
    254, 255, 257, 258, 257, 253, 257, 254, 256, 256, 256, 254, 257, 255,
    254, 254, 255, 257, 254, 257, 257, 258, 253, 256, 253, 257, 253, 257,
    256, 258, 255, 258, 256, 256, 254, 256, 253, 254, 258, 254, 254, 254,
    256, 258, 257, 258, 256 ]
headPositionsY: [ 83, 83, 84, 84, 79, 76, 77, 78, 78, 76, 77, 77, 78, 77,
    77, 75, 79, 80, 80, 80, 79, 78, 78, 79, 79, 77, 79, 77, 77, 79, 78,
    78, 76, 77, 77, 78, 79, 77, 80, 81, 77, 79, 81, 76, 80, 80, 78, 77,
    80, 77, 81, 77, 76, 79, 79, 77, 76, 77, 77, 80, 80, 81, 80, 80, 79,
    82, 77, 78, 76, 74, 73, 72, 74, 75, 82, 82, 82, 83, 79, 80, 75, 74,
    75, 79, 85, 86, 85, 85, 84, 81, 81, 80, 81, 84, 82, 81, 85, 79, 83,
    81 ]
