%YAML:1.0
---
videoName: "headNod8.mp4"
gestureLabel: 202
fps: 29
pixelSizeInCmTemp: 3.1933333333333330e-01
faceCenterPointX: 262
faceCenterPointY: 74
headPositionsX: [ 261, 260, 260, 259, 261, 260, 262, 259, 262, 263, 261,
    264, 264, 259, 260, 259, 263, 263, 262, 260, 261, 261, 264, 260, 262,
    259, 260, 259, 262, 259, 263, 262, 261, 261, 261, 261, 262, 263, 260,
    263, 260, 264, 263, 261, 261, 262, 264, 261, 262, 261, 261, 262, 264,
    260, 263, 260, 260, 257, 262, 262, 259, 259, 260, 259, 263, 261, 259,
    261, 263, 261, 262, 260, 262, 258, 260, 261, 260, 262, 260, 261, 263,
    261, 262, 263, 261, 264, 264, 264, 264, 263, 264, 261, 260, 263, 264,
    266, 263, 265, 263, 261 ]
headPositionsY: [ 76, 77, 77, 74, 77, 74, 78, 77, 76, 75, 74, 75, 78, 78,
    74, 74, 77, 78, 77, 76, 76, 75, 77, 74, 78, 73, 76, 76, 79, 74, 76,
    79, 77, 79, 74, 78, 75, 75, 74, 74, 74, 72, 70, 67, 66, 65, 66, 69,
    70, 77, 78, 82, 85, 82, 80, 80, 78, 76, 72, 68, 72, 67, 70, 76, 79,
    80, 85, 82, 82, 81, 75, 76, 71, 69, 71, 74, 72, 74, 81, 83, 81, 83,
    80, 79, 76, 72, 74, 71, 71, 72, 76, 75, 78, 80, 78, 77, 79, 75, 75,
    74 ]
