%YAML:1.0
---
videoName: "headNod11.mp4"
gestureLabel: 202
fps: 29
pixelSizeInCmTemp: 3.2364864864864862e-01
faceCenterPointX: 261
faceCenterPointY: 75
headPositionsX: [ 260, 257, 262, 258, 260, 260, 259, 260, 257, 259, 261,
    259, 257, 260, 259, 258, 258, 259, 262, 258, 259, 262, 261, 261, 262,
    261, 260, 261, 262, 260, 262, 262, 261, 259, 259, 259, 259, 260, 258,
    258, 260, 260, 261, 262, 258, 258, 262, 260, 260, 260, 262, 258, 263,
    261, 259, 262, 260, 263, 258, 262, 261, 259, 261, 256, 259, 256, 260,
    260, 258, 257, 259, 256, 258, 258, 259, 255, 257, 255, 257, 259, 256,
    258, 258, 262, 259, 259, 260, 257, 257, 259, 258, 261, 259, 258, 261,
    261, 258, 260, 261, 259 ]
headPositionsY: [ 76, 76, 72, 75, 74, 74, 75, 75, 72, 75, 74, 72, 75, 75,
    73, 73, 73, 73, 73, 75, 76, 75, 74, 73, 74, 76, 73, 75, 77, 75, 75,
    73, 77, 75, 76, 74, 74, 77, 74, 73, 76, 77, 76, 77, 76, 76, 76, 71,
    70, 70, 68, 70, 67, 70, 71, 71, 75, 78, 78, 81, 82, 77, 79, 71, 72,
    67, 69, 69, 68, 74, 74, 77, 79, 78, 84, 80, 81, 76, 77, 71, 71, 71,
    69, 72, 73, 75, 78, 78, 81, 81, 78, 77, 77, 77, 77, 77, 74, 74, 74,
    76 ]
