%YAML:1.0
---
videoName: "headNod36.mp4"
gestureLabel: 202
fps: 29
pixelSizeInCmTemp: 2.8176470588235292e-01
faceCenterPointX: 269
faceCenterPointY: 75
headPositionsX: [ 267, 271, 269, 271, 269, 269, 272, 269, 270, 273, 270,
    270, 268, 271, 270, 268, 269, 270, 270, 273, 268, 268, 270, 269, 272,
    270, 267, 269, 269, 270, 268, 271, 271, 270, 271, 267, 270, 267, 270,
    267, 268, 267, 270, 268, 271, 271, 269, 270, 271, 270, 271, 269, 269,
    269, 270, 272, 272, 270, 270, 272, 270, 268, 271, 266, 267, 267, 267,
    268, 270, 268, 270, 266, 265, 265, 268, 268, 267, 266, 266, 268, 271,
    268, 270, 267, 267, 267, 268, 271, 269, 267, 270, 268, 271, 267, 270,
    269, 269, 270, 268, 271 ]
headPositionsY: [ 77, 75, 72, 74, 72, 76, 74, 73, 76, 74, 74, 75, 72, 74,
    73, 76, 74, 77, 74, 78, 78, 77, 80, 79, 74, 73, 69, 68, 64, 62, 64,
    66, 73, 72, 80, 86, 88, 89, 92, 87, 84, 81, 78, 72, 75, 66, 66, 68,
    69, 70, 70, 75, 78, 83, 83, 89, 86, 85, 85, 84, 81, 74, 73, 73, 74,
    73, 75, 75, 79, 84, 83, 84, 81, 80, 79, 76, 75, 72, 76, 80, 80, 83,
    86, 82, 84, 84, 79, 78, 80, 79, 78, 77, 77, 73, 77, 75, 73, 76, 74,
    74 ]
