%YAML:1.0
---
videoName: "headNod33.mp4"
gestureLabel: 202
fps: 29
pixelSizeInCmTemp: 2.9567901234567900e-01
faceCenterPointX: 268
faceCenterPointY: 74
headPositionsX: [ 266, 266, 267, 268, 268, 267, 272, 270, 269, 270, 268,
    271, 270, 269, 270, 271, 273, 273, 271, 270, 272, 271, 272, 267, 272,
    268, 268, 270, 267, 267, 269, 271, 270, 271, 269, 268, 271, 271, 271,
    268, 268, 271, 270, 272, 267, 268, 268, 268, 269, 267, 270, 267, 268,
    268, 269, 267, 267, 269, 267, 265, 265, 268, 267, 270, 267, 266, 267,
    269, 269, 269, 269, 268, 269, 269, 266, 270, 269, 268, 269, 267, 267,
    267, 270, 265, 266, 266, 269, 269, 268, 266, 266, 265, 267, 270, 269,
    268, 269, 266, 267, 266 ]
headPositionsY: [ 72, 71, 73, 69, 69, 73, 72, 73, 74, 71, 74, 73, 72, 69,
    72, 70, 71, 72, 73, 68, 72, 73, 69, 74, 72, 72, 72, 72, 73, 72, 73,
    71, 72, 75, 78, 74, 76, 75, 72, 73, 70, 69, 67, 64, 66, 65, 70, 76,
    79, 81, 81, 84, 83, 76, 75, 73, 71, 69, 69, 69, 69, 70, 74, 71, 76,
    77, 74, 80, 78, 75, 74, 74, 73, 71, 72, 69, 71, 74, 72, 76, 73, 74,
    77, 79, 76, 79, 75, 78, 78, 77, 77, 75, 76, 74, 74, 75, 77, 75, 73,
    76 ]
