%YAML:1.0
---
videoName: "headLookUp6.mp4"
gestureLabel: 205
fps: 30
pixelSizeInCmTemp: 3.7421874999999999e-01
faceCenterPointX: 255
faceCenterPointY: 70
headPositionsX: [ 256, 255, 254, 256, 254, 255, 256, 255, 256, 256, 255,
    256, 254, 254, 256, 257, 257, 256, 256, 255, 254, 255, 255, 254, 254,
    253, 257, 256, 257, 258, 257, 254, 257, 255, 256, 253, 255, 254, 257,
    257, 256, 254, 256, 256, 253, 256, 254, 253, 253, 255, 252, 256, 253,
    254, 253, 254, 256, 257, 254, 253, 255, 255, 253, 253, 254, 253, 256,
    253, 254, 253, 253, 254, 258, 254, 254, 254, 256, 254, 255, 256, 257,
    254, 257, 256, 253, 253, 252, 252, 256, 256, 257, 252, 255, 253, 255,
    253, 253, 253, 252, 257 ]
headPositionsY: [ 68, 84, 84, 85, 81, 83, 83, 82, 84, 83, 84, 85, 85, 85,
    81, 81, 82, 84, 84, 83, 83, 81, 85, 82, 79, 78, 79, 79, 78, 75, 75,
    70, 71, 72, 68, 69, 71, 70, 68, 70, 66, 68, 70, 66, 70, 67, 67, 70,
    67, 69, 65, 71, 68, 68, 70, 67, 70, 68, 67, 70, 67, 71, 69, 68, 67,
    68, 72, 70, 68, 68, 67, 67, 71, 69, 70, 68, 70, 72, 67, 68, 68, 68,
    69, 72, 71, 70, 67, 68, 68, 67, 68, 70, 72, 70, 67, 70, 71, 69, 68,
    69 ]
