%YAML:1.0
---
videoName: "headNod33.mp4"
gestureLabel: 202
fps: 29
pixelSizeInCmTemp: 2.9567901234567900e-01
faceCenterPointX: 268
faceCenterPointY: 74
headPositionsX: [ 270, 269, 269, 270, 269, 268, 271, 271, 269, 271, 270,
    270, 272, 269, 272, 272, 273, 271, 268, 269, 269, 269, 269, 269, 271,
    269, 269, 268, 270, 270, 270, 271, 269, 269, 267, 270, 268, 267, 272,
    270, 269, 270, 268, 271, 267, 267, 270, 270, 270, 269, 271, 269, 267,
    269, 270, 267, 269, 266, 269, 268, 269, 267, 267, 270, 265, 267, 265,
    268, 267, 267, 267, 267, 265, 270, 269, 267, 270, 268, 270, 269, 267,
    270, 269, 269, 269, 266, 269, 267, 265, 266, 270, 265, 267, 267, 265,
    266, 269, 266, 269, 268 ]
headPositionsY: [ 75, 69, 74, 69, 72, 69, 72, 71, 74, 70, 72, 71, 72, 72,
    73, 72, 71, 70, 72, 70, 72, 72, 72, 72, 70, 73, 73, 74, 72, 73, 71,
    74, 74, 75, 75, 74, 76, 78, 74, 73, 70, 69, 63, 66, 68, 65, 71, 74,
    77, 80, 81, 81, 81, 77, 75, 75, 72, 68, 70, 71, 68, 70, 74, 74, 73,
    78, 75, 77, 77, 77, 72, 72, 73, 71, 69, 73, 70, 72, 73, 76, 77, 75,
    79, 79, 80, 75, 78, 74, 76, 74, 74, 73, 75, 77, 75, 78, 75, 76, 76,
    75 ]
