%YAML:1.0
---
videoName: "headNod30.mp4"
gestureLabel: 202
fps: 29
pixelSizeInCmTemp: 3.2364864864864862e-01
faceCenterPointX: 271
faceCenterPointY: 72
headPositionsX: [ 272, 271, 270, 272, 270, 272, 270, 270, 274, 273, 270,
    270, 270, 273, 270, 274, 271, 273, 273, 272, 270, 273, 272, 270, 271,
    271, 275, 273, 270, 270, 275, 274, 269, 272, 270, 271, 272, 271, 272,
    268, 271, 270, 270, 270, 268, 270, 267, 270, 268, 268, 269, 269, 271,
    269, 271, 271, 271, 271, 271, 271, 271, 269, 272, 273, 271, 271, 268,
    272, 273, 269, 273, 271, 271, 271, 272, 268, 273, 269, 271, 272, 271,
    271, 272, 270, 272, 269, 272, 273, 274, 274, 270, 272, 273, 272, 271,
    270, 274, 270, 270, 274 ]
headPositionsY: [ 70, 76, 76, 75, 78, 75, 73, 74, 74, 76, 76, 75, 76, 77,
    78, 74, 77, 77, 78, 77, 73, 72, 70, 68, 69, 67, 67, 66, 70, 69, 75,
    75, 80, 80, 82, 82, 78, 80, 74, 72, 69, 70, 71, 73, 75, 78, 78, 82,
    81, 81, 76, 75, 71, 73, 70, 73, 71, 73, 75, 76, 75, 77, 76, 75, 73,
    75, 73, 68, 70, 67, 69, 70, 69, 72, 75, 75, 73, 74, 72, 69, 70, 70,
    69, 69, 71, 69, 71, 71, 73, 72, 75, 76, 76, 73, 71, 71, 71, 71, 72,
    71 ]
