%YAML:1.0
---
videoName: "headLookDown4.mp4"
gestureLabel: 206
fps: 29
pixelSizeInCmTemp: 3.4710144927536229e-01
faceCenterPointX: 275
faceCenterPointY: 97
headPositionsX: [ 274, 272, 273, 274, 272, 274, 271, 274, 275, 275, 273,
    273, 274, 271, 273, 272, 275, 273, 273, 275, 274, 273, 274, 274, 273,
    275, 272, 273, 271, 275, 272, 271, 273, 271, 274, 271, 271, 273, 275,
    272, 275, 273, 273, 273, 272, 273, 276, 274, 273, 276, 275, 273, 274,
    274, 274, 273, 272, 272, 276, 275, 275, 273, 275, 272, 274, 276, 274,
    272, 274, 274, 272, 272, 274, 272, 275, 274, 276, 272, 274, 274, 272,
    277, 276, 274, 275, 277, 274, 275, 273, 275, 272, 272, 275, 276, 273,
    275, 275, 275, 277, 275 ]
headPositionsY: [ 97, 79, 81, 80, 82, 81, 78, 82, 79, 80, 83, 80, 79, 81,
    79, 79, 79, 80, 82, 82, 80, 83, 79, 78, 79, 83, 79, 82, 78, 81, 80,
    82, 82, 81, 84, 86, 82, 84, 83, 86, 86, 86, 91, 91, 90, 94, 91, 92,
    96, 96, 95, 97, 97, 100, 101, 99, 103, 99, 98, 99, 100, 99, 99, 100,
    102, 100, 101, 101, 101, 99, 100, 101, 99, 96, 99, 97, 100, 97, 96,
    98, 99, 95, 97, 97, 98, 98, 95, 95, 95, 96, 96, 97, 96, 95, 98, 95,
    96, 97, 100, 97 ]
