%YAML:1.0
---
videoName: "headShake30.mp4"
gestureLabel: 201
fps: 29
pixelSizeInCmTemp: 3.2808219178082193e-01
faceCenterPointX: 240
faceCenterPointY: 68
headPositionsX: [ 239, 232, 232, 231, 234, 231, 232, 233, 236, 233, 236,
    235, 238, 240, 237, 239, 239, 240, 241, 243, 246, 241, 242, 242, 245,
    241, 244, 241, 242, 239, 239, 240, 242, 241, 239, 239, 238, 242, 242,
    246, 251, 255, 259, 260, 257, 258, 257, 255, 248, 242, 240, 232, 225,
    222, 225, 223, 227, 233, 242, 248, 250, 250, 254, 249, 246, 244, 239,
    230, 230, 227, 230, 226, 232, 235, 241, 243, 247, 249, 250, 251, 248,
    246, 240, 236, 239, 237, 236, 238, 235, 238, 241, 239, 239, 240, 239,
    238, 239, 238, 238, 241 ]
headPositionsY: [ 68, 54, 55, 56, 57, 57, 62, 59, 61, 65, 63, 66, 66, 63,
    66, 64, 63, 66, 66, 63, 65, 65, 65, 64, 66, 63, 63, 64, 68, 67, 67,
    65, 65, 64, 67, 64, 64, 64, 65, 65, 65, 64, 66, 64, 66, 63, 64, 64,
    64, 69, 66, 64, 66, 70, 69, 66, 70, 71, 67, 68, 65, 64, 64, 67, 71,
    68, 66, 66, 69, 70, 71, 68, 66, 70, 67, 67, 67, 68, 66, 67, 65, 66,
    67, 68, 69, 67, 66, 69, 69, 65, 67, 69, 70, 69, 68, 65, 68, 66, 69,
    69 ]
