%YAML:1.0
---
videoName: "headShake23.mp4"
gestureLabel: 201
fps: 29
pixelSizeInCmTemp: 3.2808219178082193e-01
faceCenterPointX: 240
faceCenterPointY: 77
headPositionsX: [ 242, 242, 243, 242, 242, 245, 242, 243, 243, 243, 242,
    241, 241, 240, 243, 241, 242, 238, 238, 237, 238, 243, 242, 244, 249,
    251, 250, 254, 253, 255, 255, 252, 251, 249, 248, 243, 240, 236, 237,
    233, 234, 231, 227, 227, 231, 228, 229, 235, 236, 238, 244, 244, 245,
    250, 253, 254, 250, 255, 252, 251, 251, 249, 245, 243, 242, 239, 238,
    239, 234, 235, 236, 234, 235, 236, 236, 233, 237, 235, 236, 239, 241,
    239, 240, 240, 242, 245, 241, 244, 247, 245, 243, 244, 244, 246, 243,
    244, 244, 245, 241, 242 ]
headPositionsY: [ 76, 74, 79, 75, 75, 78, 78, 79, 78, 78, 78, 78, 78, 77,
    78, 75, 77, 76, 76, 75, 77, 74, 76, 78, 76, 77, 74, 79, 74, 74, 75,
    76, 74, 77, 78, 79, 77, 76, 78, 76, 78, 79, 75, 77, 75, 76, 79, 77,
    80, 78, 76, 78, 77, 76, 74, 76, 76, 76, 75, 74, 77, 79, 78, 77, 79,
    79, 77, 79, 79, 80, 77, 76, 79, 79, 79, 78, 80, 79, 79, 77, 78, 79,
    75, 79, 76, 76, 78, 80, 77, 75, 78, 79, 79, 76, 78, 76, 77, 76, 77,
    76 ]
