%YAML:1.0
---
videoName: "headNod36.mp4"
gestureLabel: 202
fps: 29
pixelSizeInCmTemp: 2.8176470588235292e-01
faceCenterPointX: 269
faceCenterPointY: 75
headPositionsX: [ 271, 269, 273, 269, 273, 270, 271, 269, 271, 273, 268,
    271, 270, 270, 272, 268, 271, 273, 268, 272, 268, 270, 270, 271, 270,
    269, 268, 268, 270, 270, 272, 272, 271, 270, 270, 269, 271, 267, 266,
    266, 266, 269, 268, 269, 268, 270, 269, 272, 270, 273, 272, 270, 270,
    269, 270, 268, 272, 267, 269, 268, 270, 271, 268, 268, 266, 269, 268,
    266, 270, 271, 270, 270, 265, 269, 266, 269, 269, 267, 270, 270, 268,
    271, 267, 269, 269, 268, 270, 270, 270, 270, 271, 270, 271, 266, 270,
    271, 271, 271, 267, 269 ]
headPositionsY: [ 74, 74, 73, 75, 76, 74, 74, 73, 77, 73, 75, 76, 73, 74,
    76, 74, 72, 77, 76, 78, 76, 78, 80, 77, 76, 74, 70, 67, 65, 63, 66,
    63, 69, 73, 77, 82, 86, 90, 90, 85, 83, 79, 77, 71, 72, 66, 69, 68,
    66, 67, 71, 74, 80, 82, 82, 89, 85, 85, 86, 80, 81, 76, 72, 74, 71,
    73, 74, 75, 83, 83, 84, 83, 81, 79, 79, 76, 77, 76, 78, 79, 80, 81,
    85, 82, 83, 85, 79, 77, 77, 76, 75, 73, 74, 76, 77, 77, 75, 74, 75,
    76 ]
