%YAML:1.0
---
videoName: "headShake21.mp4"
gestureLabel: 201
fps: 29
pixelSizeInCmTemp: 3.1933333333333330e-01
faceCenterPointX: 241
faceCenterPointY: 78
headPositionsX: [ 241, 245, 243, 242, 242, 244, 243, 240, 240, 244, 242,
    241, 243, 242, 239, 243, 244, 243, 245, 241, 244, 241, 245, 243, 245,
    244, 244, 241, 245, 242, 244, 241, 244, 242, 243, 241, 242, 242, 243,
    241, 241, 240, 242, 242, 243, 242, 243, 243, 239, 242, 243, 240, 242,
    242, 241, 242, 240, 242, 242, 244, 243, 238, 241, 241, 238, 241, 239,
    244, 245, 247, 253, 250, 251, 249, 245, 243, 235, 234, 235, 235, 235,
    237, 240, 242, 241, 240, 242, 240, 240, 239, 238, 238, 237, 237, 238,
    241, 240, 241, 242, 241 ]
headPositionsY: [ 77, 84, 79, 80, 77, 75, 75, 74, 72, 70, 72, 70, 71, 69,
    70, 71, 69, 72, 72, 69, 70, 73, 74, 72, 71, 77, 76, 76, 73, 76, 74,
    74, 79, 75, 77, 77, 77, 75, 77, 75, 76, 78, 78, 75, 78, 80, 79, 80,
    77, 80, 79, 76, 76, 77, 78, 77, 79, 77, 76, 76, 79, 79, 78, 80, 77,
    79, 77, 78, 78, 78, 77, 78, 78, 79, 79, 77, 79, 77, 77, 77, 80, 76,
    78, 80, 79, 79, 76, 78, 80, 78, 79, 76, 79, 77, 79, 78, 81, 77, 79,
    80 ]
