%YAML:1.0
---
videoName: "headLookRight9.mp4"
gestureLabel: 204
fps: 29
pixelSizeInCmTemp: 2.8511904761904761e-01
faceCenterPointX: 217
faceCenterPointY: 75
headPositionsX: [ 215, 246, 246, 242, 246, 245, 245, 242, 242, 245, 243,
    242, 245, 244, 243, 241, 242, 244, 242, 241, 244, 240, 245, 245, 242,
    243, 245, 245, 243, 240, 243, 241, 237, 234, 233, 229, 226, 226, 223,
    221, 221, 216, 214, 216, 216, 213, 214, 215, 214, 217, 215, 216, 211,
    217, 215, 212, 213, 212, 217, 213, 214, 215, 217, 213, 218, 219, 217,
    213, 213, 215, 215, 210, 208, 217, 215, 213, 217, 214, 215, 219, 215,
    218, 216, 219, 218, 220, 217, 217, 218, 219, 217, 210, 216, 216, 215,
    218, 216, 219, 221, 218 ]
headPositionsY: [ 75, 72, 75, 73, 73, 76, 72, 73, 72, 75, 76, 76, 73, 74,
    77, 77, 72, 73, 76, 74, 73, 75, 77, 74, 76, 77, 75, 75, 73, 74, 77,
    74, 75, 73, 73, 74, 75, 70, 73, 72, 77, 70, 72, 82, 71, 73, 70, 72,
    69, 69, 73, 70, 69, 71, 75, 72, 72, 73, 72, 71, 71, 71, 72, 71, 80,
    80, 75, 75, 73, 69, 69, 76, 76, 71, 72, 74, 71, 76, 72, 71, 72, 72,
    74, 71, 73, 74, 69, 74, 75, 70, 74, 69, 74, 74, 72, 74, 76, 76, 75,
    76 ]
