%YAML:1.0
---
videoName: "headLookUp5.mp4"
gestureLabel: 205
fps: 29
pixelSizeInCmTemp: 3.6287878787878786e-01
faceCenterPointX: 256
faceCenterPointY: 67
headPositionsX: [ 256, 258, 257, 254, 257, 259, 255, 256, 257, 255, 254,
    256, 257, 257, 254, 257, 258, 256, 253, 256, 257, 254, 254, 257, 258,
    255, 255, 256, 258, 257, 255, 257, 254, 258, 254, 254, 257, 258, 257,
    259, 257, 259, 257, 258, 256, 256, 253, 256, 255, 259, 256, 254, 255,
    256, 254, 254, 253, 256, 254, 256, 258, 257, 254, 256, 257, 254, 254,
    254, 256, 257, 254, 255, 258, 258, 257, 256, 258, 255, 255, 256, 257,
    258, 258, 254, 257, 258, 257, 254, 258, 257, 257, 257, 253, 255, 256,
    256, 255, 257, 254, 256 ]
headPositionsY: [ 68, 84, 82, 83, 79, 80, 80, 82, 83, 81, 82, 81, 80, 82,
    82, 82, 83, 79, 82, 83, 79, 79, 80, 83, 81, 83, 80, 82, 81, 78, 78,
    78, 79, 77, 78, 79, 76, 73, 71, 71, 72, 69, 72, 68, 68, 67, 67, 66,
    67, 69, 69, 67, 69, 67, 66, 70, 68, 68, 69, 67, 67, 69, 68, 67, 69,
    65, 66, 68, 69, 67, 69, 66, 65, 69, 67, 65, 69, 66, 67, 70, 65, 65,
    66, 70, 67, 68, 69, 67, 68, 68, 69, 65, 64, 69, 65, 64, 67, 69, 66,
    69 ]
