%YAML:1.0
---
videoName: "headLookRight0.mp4"
gestureLabel: 204
fps: 29
pixelSizeInCmTemp: 3.1933333333333330e-01
faceCenterPointX: 229
faceCenterPointY: 68
headPositionsX: [ 230, 256, 257, 256, 258, 256, 257, 258, 255, 254, 254,
    259, 258, 259, 257, 259, 255, 257, 254, 256, 259, 257, 254, 254, 259,
    256, 257, 256, 258, 255, 254, 256, 255, 256, 256, 254, 253, 254, 255,
    254, 250, 247, 247, 243, 243, 240, 236, 236, 235, 233, 235, 236, 236,
    233, 236, 236, 234, 233, 231, 231, 233, 235, 235, 235, 231, 232, 233,
    235, 235, 234, 233, 238, 232, 237, 231, 233, 231, 232, 229, 228, 235,
    233, 233, 227, 231, 230, 233, 233, 228, 232, 232, 229, 229, 229, 229,
    227, 232, 233, 226, 229 ]
headPositionsY: [ 69, 64, 63, 63, 64, 67, 64, 66, 63, 67, 68, 69, 65, 68,
    68, 65, 66, 65, 65, 68, 69, 67, 69, 67, 67, 67, 70, 65, 67, 70, 65,
    70, 66, 65, 66, 68, 68, 66, 66, 68, 67, 67, 68, 68, 68, 66, 68, 66,
    68, 66, 71, 70, 66, 68, 69, 66, 67, 68, 70, 67, 66, 68, 70, 69, 69,
    65, 65, 67, 65, 68, 67, 67, 66, 69, 67, 65, 70, 66, 67, 70, 68, 67,
    67, 66, 67, 69, 68, 67, 66, 65, 67, 68, 69, 71, 66, 68, 70, 68, 67,
    67 ]
