%YAML:1.0
---
videoName: "headNod26.mp4"
gestureLabel: 202
fps: 29
pixelSizeInCmTemp: 3.1513157894736843e-01
faceCenterPointX: 271
faceCenterPointY: 78
headPositionsX: [ 270, 273, 270, 273, 274, 272, 273, 270, 273, 270, 273,
    272, 271, 270, 272, 274, 275, 274, 272, 272, 274, 273, 273, 274, 272,
    274, 272, 273, 270, 270, 273, 273, 270, 273, 274, 274, 269, 270, 269,
    269, 271, 269, 270, 272, 273, 273, 273, 273, 268, 271, 273, 275, 270,
    272, 273, 273, 271, 271, 272, 273, 272, 273, 274, 271, 270, 273, 271,
    273, 274, 272, 270, 272, 269, 269, 274, 273, 272, 271, 268, 269, 271,
    273, 270, 268, 269, 272, 270, 272, 271, 274, 273, 273, 273, 273, 269,
    268, 269, 270, 271, 271 ]
headPositionsY: [ 78, 74, 75, 74, 75, 72, 71, 68, 70, 67, 65, 65, 64, 67,
    66, 68, 68, 71, 72, 73, 79, 84, 81, 86, 85, 81, 76, 76, 72, 71, 67,
    69, 67, 68, 71, 71, 74, 76, 77, 77, 78, 79, 76, 75, 73, 71, 70, 70,
    66, 70, 70, 72, 72, 75, 76, 75, 75, 74, 73, 72, 68, 70, 66, 69, 68,
    67, 69, 70, 71, 73, 74, 73, 76, 77, 74, 76, 72, 69, 70, 67, 66, 68,
    72, 70, 69, 75, 75, 76, 77, 81, 79, 78, 79, 77, 76, 76, 76, 76, 80,
    79 ]
