%YAML:1.0
---
videoName: "headShake44.mp4"
gestureLabel: 201
fps: 30
pixelSizeInCmTemp: 3.2808219178082193e-01
faceCenterPointX: 260
faceCenterPointY: 84
headPositionsX: [ 258, 261, 259, 263, 260, 263, 262, 262, 259, 259, 262,
    262, 260, 262, 261, 262, 261, 260, 261, 261, 260, 259, 259, 262, 261,
    258, 259, 262, 263, 258, 258, 259, 261, 263, 258, 262, 259, 261, 263,
    265, 265, 270, 271, 276, 275, 274, 271, 266, 264, 258, 255, 252, 251,
    253, 255, 264, 267, 272, 270, 271, 269, 261, 256, 253, 254, 255, 257,
    263, 267, 273, 272, 272, 267, 260, 257, 252, 251, 252, 254, 256, 259,
    257, 261, 263, 262, 262, 263, 261, 263, 262, 260, 259, 260, 262, 259,
    263, 260, 260, 260, 260 ]
headPositionsY: [ 84, 83, 81, 81, 85, 81, 84, 81, 84, 84, 82, 83, 82, 82,
    83, 80, 85, 81, 82, 82, 84, 82, 81, 83, 81, 80, 81, 83, 81, 82, 81,
    82, 82, 84, 83, 80, 82, 85, 81, 83, 81, 82, 81, 81, 83, 81, 80, 84,
    86, 83, 85, 86, 85, 84, 83, 87, 86, 83, 85, 83, 85, 83, 82, 82, 83,
    85, 82, 85, 81, 81, 84, 84, 83, 82, 83, 83, 82, 85, 86, 83, 83, 86,
    86, 82, 83, 85, 85, 84, 86, 83, 82, 86, 84, 83, 82, 85, 83, 86, 87,
    86 ]
