%YAML:1.0
---
videoName: "headNod35.mp4"
gestureLabel: 202
fps: 30
pixelSizeInCmTemp: 2.9937500000000000e-01
faceCenterPointX: 268
faceCenterPointY: 78
headPositionsX: [ 268, 266, 267, 267, 268, 267, 271, 272, 270, 271, 269,
    269, 270, 269, 269, 271, 268, 270, 269, 269, 267, 271, 269, 269, 270,
    271, 270, 271, 270, 272, 273, 272, 270, 272, 269, 269, 268, 268, 269,
    268, 270, 268, 268, 265, 270, 269, 267, 269, 269, 267, 269, 269, 271,
    270, 268, 269, 269, 270, 267, 269, 270, 267, 268, 271, 267, 271, 267,
    269, 267, 267, 271, 269, 270, 269, 268, 269, 266, 270, 271, 271, 269,
    268, 269, 267, 266, 266, 264, 269, 267, 265, 269, 267, 268, 269, 264,
    265, 265, 265, 269, 269 ]
headPositionsY: [ 80, 74, 74, 78, 74, 74, 75, 78, 74, 75, 75, 76, 76, 75,
    74, 78, 78, 78, 77, 74, 75, 78, 78, 75, 77, 74, 75, 73, 70, 68, 70,
    67, 67, 72, 69, 76, 81, 84, 90, 90, 92, 91, 90, 85, 79, 77, 76, 76,
    72, 77, 75, 80, 84, 89, 91, 90, 87, 82, 81, 79, 72, 73, 74, 73, 75,
    75, 75, 82, 86, 86, 88, 86, 82, 77, 77, 77, 75, 74, 75, 77, 81, 82,
    88, 88, 86, 84, 83, 80, 79, 80, 79, 82, 80, 77, 77, 80, 80, 78, 78,
    79 ]
