%YAML:1.0
---
videoName: "headLookDown2.mp4"
gestureLabel: 206
fps: 29
pixelSizeInCmTemp: 3.3732394366197183e-01
faceCenterPointX: 274
faceCenterPointY: 95
headPositionsX: [ 276, 274, 273, 276, 273, 275, 275, 273, 276, 272, 274,
    276, 276, 275, 276, 273, 272, 273, 275, 272, 272, 271, 271, 272, 276,
    274, 273, 273, 276, 271, 274, 274, 273, 274, 272, 273, 274, 276, 275,
    273, 273, 274, 274, 276, 273, 273, 273, 275, 273, 274, 271, 271, 273,
    274, 272, 273, 274, 275, 276, 276, 272, 272, 274, 272, 276, 275, 275,
    273, 274, 276, 273, 277, 276, 274, 277, 276, 276, 276, 274, 274, 275,
    278, 273, 274, 276, 276, 275, 273, 275, 273, 274, 275, 272, 275, 272,
    272, 275, 272, 277, 273 ]
headPositionsY: [ 95, 78, 77, 81, 77, 81, 80, 78, 77, 79, 79, 81, 80, 81,
    78, 81, 78, 78, 79, 81, 77, 78, 79, 77, 80, 79, 79, 78, 78, 77, 79,
    82, 78, 82, 83, 83, 80, 84, 86, 84, 85, 87, 91, 93, 91, 92, 94, 92,
    96, 95, 95, 93, 96, 96, 94, 92, 93, 95, 97, 92, 97, 94, 96, 97, 93,
    95, 96, 95, 97, 97, 94, 96, 96, 95, 94, 96, 96, 93, 96, 94, 93, 96,
    95, 94, 96, 93, 94, 93, 98, 94, 94, 98, 96, 96, 95, 93, 96, 94, 98,
    95 ]
