%YAML:1.0
---
videoName: "headNod44.mp4"
gestureLabel: 202
fps: 29
pixelSizeInCmTemp: 2.9567901234567900e-01
faceCenterPointX: 268
faceCenterPointY: 78
headPositionsX: [ 266, 268, 267, 272, 269, 270, 270, 267, 269, 268, 266,
    268, 270, 270, 267, 268, 268, 267, 268, 270, 270, 270, 269, 269, 268,
    266, 269, 269, 267, 268, 266, 269, 267, 265, 266, 268, 265, 265, 267,
    269, 266, 267, 267, 264, 267, 268, 266, 266, 269, 268, 265, 268, 268,
    265, 268, 270, 265, 267, 270, 267, 268, 270, 265, 267, 270, 267, 266,
    269, 267, 266, 270, 270, 272, 268, 269, 266, 269, 271, 268, 270, 270,
    267, 268, 268, 270, 269, 267, 270, 270, 270, 270, 267, 267, 268, 266,
    268, 265, 266, 266, 269 ]
headPositionsY: [ 78, 74, 73, 75, 73, 77, 76, 75, 73, 76, 73, 74, 76, 73,
    73, 75, 75, 78, 80, 82, 85, 90, 94, 92, 95, 93, 90, 84, 79, 74, 71,
    70, 70, 70, 71, 74, 79, 85, 88, 90, 87, 83, 82, 79, 71, 70, 75, 77,
    75, 82, 85, 87, 91, 90, 85, 82, 78, 78, 74, 72, 76, 78, 81, 84, 87,
    85, 83, 82, 81, 76, 75, 79, 77, 77, 79, 82, 86, 88, 88, 87, 84, 81,
    81, 78, 77, 78, 74, 78, 78, 77, 78, 80, 78, 78, 78, 79, 79, 79, 78,
    77 ]
