%YAML:1.0
---
videoName: "headLookLeft9.mp4"
gestureLabel: 203
fps: 30
pixelSizeInCmTemp: 3.2364864864864862e-01
faceCenterPointX: 273
faceCenterPointY: 69
headPositionsX: [ 275, 247, 247, 250, 248, 249, 248, 245, 246, 247, 246,
    244, 246, 247, 245, 248, 244, 246, 245, 248, 244, 247, 246, 246, 244,
    245, 244, 245, 243, 243, 246, 247, 246, 249, 249, 252, 253, 256, 260,
    262, 266, 263, 270, 267, 266, 267, 274, 272, 270, 272, 273, 271, 271,
    269, 270, 270, 274, 272, 274, 272, 270, 272, 271, 270, 275, 272, 270,
    272, 276, 273, 269, 272, 273, 270, 274, 271, 272, 269, 273, 269, 273,
    272, 271, 270, 274, 267, 271, 271, 272, 270, 272, 273, 274, 270, 272,
    274, 271, 270, 269, 268 ]
headPositionsY: [ 67, 70, 70, 73, 70, 71, 72, 71, 71, 69, 70, 70, 68, 71,
    70, 73, 72, 73, 73, 70, 70, 68, 71, 70, 70, 73, 69, 71, 69, 70, 69,
    72, 69, 72, 69, 68, 69, 70, 67, 70, 68, 68, 66, 67, 70, 67, 69, 65,
    66, 68, 67, 64, 68, 68, 68, 65, 66, 70, 70, 69, 67, 65, 68, 67, 66,
    69, 68, 67, 69, 69, 65, 67, 69, 70, 69, 69, 69, 66, 67, 67, 67, 70,
    69, 69, 67, 67, 68, 69, 70, 66, 69, 70, 68, 69, 69, 68, 72, 70, 67,
    70 ]
