%YAML:1.0
---
videoName: "headNod3.mp4"
gestureLabel: 202
fps: 29
pixelSizeInCmTemp: 3.1933333333333330e-01
faceCenterPointX: 264
faceCenterPointY: 76
headPositionsX: [ 262, 264, 262, 262, 264, 263, 264, 263, 263, 264, 265,
    266, 267, 266, 266, 263, 264, 267, 264, 267, 263, 264, 267, 267, 265,
    267, 263, 264, 266, 265, 263, 267, 264, 268, 265, 268, 268, 268, 267,
    266, 268, 265, 268, 267, 268, 264, 265, 264, 268, 264, 264, 265, 266,
    266, 265, 265, 264, 263, 264, 263, 263, 263, 262, 263, 265, 266, 263,
    267, 261, 262, 264, 266, 262, 266, 263, 263, 265, 264, 263, 266, 265,
    264, 262, 263, 262, 262, 264, 265, 262, 262, 263, 263, 261, 264, 265,
    263, 262, 265, 263, 264 ]
headPositionsY: [ 75, 76, 75, 74, 75, 75, 76, 76, 75, 74, 77, 74, 75, 73,
    73, 71, 73, 72, 75, 74, 71, 70, 72, 75, 74, 75, 72, 74, 75, 74, 72,
    76, 76, 73, 76, 73, 74, 73, 77, 75, 74, 73, 75, 75, 72, 68, 68, 66,
    64, 67, 69, 69, 72, 74, 77, 82, 85, 83, 80, 79, 76, 73, 67, 67, 65,
    67, 69, 73, 75, 79, 83, 80, 79, 79, 79, 76, 70, 68, 68, 66, 68, 66,
    70, 71, 73, 76, 76, 81, 82, 81, 78, 78, 79, 78, 76, 76, 74, 77, 77,
    78 ]
