%YAML:1.0
---
videoName: "headNod11.mp4"
gestureLabel: 202
fps: 29
pixelSizeInCmTemp: 3.2364864864864862e-01
faceCenterPointX: 261
faceCenterPointY: 75
headPositionsX: [ 259, 261, 262, 259, 258, 260, 261, 261, 259, 260, 258,
    261, 258, 259, 257, 260, 260, 260, 261, 260, 260, 261, 262, 260, 262,
    261, 259, 260, 261, 260, 259, 260, 260, 258, 259, 262, 262, 259, 259,
    259, 258, 259, 258, 259, 262, 260, 259, 260, 258, 261, 263, 259, 259,
    260, 262, 261, 259, 259, 258, 261, 257, 258, 261, 258, 258, 260, 258,
    258, 256, 257, 255, 255, 256, 256, 257, 258, 257, 258, 259, 256, 258,
    256, 259, 262, 259, 258, 260, 259, 259, 259, 260, 262, 258, 257, 258,
    259, 260, 260, 260, 258 ]
headPositionsY: [ 75, 76, 75, 73, 74, 73, 76, 77, 74, 74, 73, 73, 72, 76,
    74, 74, 74, 72, 74, 76, 76, 72, 76, 77, 77, 73, 73, 75, 77, 75, 74,
    73, 73, 75, 77, 76, 77, 75, 74, 76, 76, 74, 77, 73, 73, 73, 76, 72,
    74, 70, 68, 66, 68, 67, 71, 70, 74, 78, 77, 78, 78, 78, 79, 75, 71,
    69, 70, 71, 70, 70, 75, 77, 79, 79, 82, 79, 80, 79, 78, 74, 69, 69,
    71, 74, 75, 77, 76, 78, 80, 80, 79, 79, 79, 76, 77, 75, 74, 74, 76,
    77 ]
