%YAML:1.0
---
videoName: "headNod4.mp4"
gestureLabel: 202
fps: 29
pixelSizeInCmTemp: 3.2808219178082193e-01
faceCenterPointX: 264
faceCenterPointY: 72
headPositionsX: [ 266, 269, 271, 268, 270, 269, 269, 268, 272, 269, 267,
    271, 268, 267, 271, 268, 268, 271, 268, 270, 269, 266, 269, 267, 265,
    270, 268, 270, 269, 269, 269, 266, 268, 268, 266, 267, 265, 266, 266,
    266, 270, 268, 264, 267, 267, 265, 268, 269, 267, 269, 269, 270, 267,
    267, 266, 264, 266, 265, 267, 264, 263, 265, 263, 265, 267, 266, 267,
    264, 267, 267, 263, 265, 267, 264, 265, 266, 265, 262, 265, 265, 267,
    262, 263, 266, 265, 268, 264, 264, 262, 265, 266, 266, 266, 264, 266,
    265, 266, 266, 262, 263 ]
headPositionsY: [ 74, 75, 75, 74, 73, 74, 72, 72, 73, 75, 76, 74, 73, 74,
    72, 77, 75, 77, 76, 72, 72, 76, 72, 75, 75, 73, 73, 77, 75, 76, 72,
    75, 74, 72, 73, 75, 76, 76, 76, 74, 73, 73, 73, 74, 72, 70, 66, 68,
    64, 64, 67, 70, 72, 74, 77, 81, 83, 84, 79, 75, 72, 72, 69, 71, 68,
    69, 74, 75, 80, 81, 83, 83, 79, 80, 73, 73, 70, 70, 68, 66, 67, 69,
    76, 78, 79, 80, 81, 84, 84, 84, 83, 78, 78, 77, 78, 75, 74, 76, 75,
    72 ]
