%YAML:1.0
---
videoName: "headShake9.mp4"
gestureLabel: 201
fps: 30
pixelSizeInCmTemp: 3.2808219178082193e-01
faceCenterPointX: 243
faceCenterPointY: 73
headPositionsX: [ 243, 245, 243, 240, 244, 240, 243, 244, 241, 245, 245,
    243, 241, 245, 245, 245, 244, 245, 243, 245, 241, 242, 245, 245, 241,
    244, 244, 242, 245, 241, 244, 241, 242, 242, 244, 244, 243, 244, 244,
    242, 247, 249, 251, 258, 262, 261, 264, 264, 261, 258, 251, 248, 242,
    240, 233, 232, 230, 227, 231, 234, 243, 246, 252, 255, 259, 262, 261,
    256, 255, 248, 244, 239, 236, 230, 228, 229, 228, 231, 235, 239, 243,
    248, 251, 251, 253, 248, 249, 247, 246, 244, 246, 246, 243, 244, 244,
    242, 246, 243, 241, 242 ]
headPositionsY: [ 71, 73, 72, 74, 72, 72, 74, 70, 73, 70, 70, 73, 71, 73,
    73, 71, 74, 70, 70, 75, 74, 70, 72, 71, 74, 74, 74, 72, 73, 74, 74,
    74, 71, 70, 71, 72, 72, 73, 72, 75, 70, 72, 73, 70, 71, 72, 70, 70,
    70, 72, 74, 75, 74, 75, 70, 73, 70, 70, 72, 75, 71, 74, 71, 72, 69,
    72, 70, 72, 73, 74, 72, 71, 75, 70, 74, 69, 71, 73, 72, 72, 74, 71,
    72, 73, 72, 71, 70, 74, 72, 75, 71, 71, 75, 74, 73, 75, 73, 74, 73,
    71 ]
