%YAML:1.0
---
videoName: "headLookLeft8.mp4"
gestureLabel: 203
fps: 29
pixelSizeInCmTemp: 3.6287878787878786e-01
faceCenterPointX: 273
faceCenterPointY: 69
headPositionsX: [ 275, 244, 241, 240, 239, 240, 239, 241, 240, 240, 241,
    239, 240, 241, 241, 246, 243, 247, 249, 247, 248, 247, 248, 247, 246,
    247, 246, 245, 247, 246, 244, 245, 248, 245, 247, 247, 246, 246, 244,
    246, 247, 246, 247, 247, 248, 248, 247, 248, 244, 246, 244, 245, 250,
    249, 251, 252, 253, 255, 260, 258, 263, 267, 266, 271, 270, 273, 276,
    280, 281, 275, 279, 278, 276, 276, 277, 278, 274, 274, 279, 280, 280,
    277, 277, 271, 272, 273, 277, 279, 276, 276, 277, 276, 275, 275, 276,
    275, 276, 277, 274, 271 ]
headPositionsY: [ 69, 65, 67, 69, 66, 66, 69, 66, 67, 70, 69, 69, 70, 66,
    66, 69, 66, 67, 68, 68, 70, 67, 71, 71, 69, 71, 72, 69, 69, 71, 70,
    70, 73, 74, 71, 73, 69, 71, 71, 70, 72, 72, 72, 74, 73, 71, 71, 72,
    74, 72, 73, 74, 71, 72, 72, 74, 74, 69, 70, 67, 71, 72, 69, 72, 69,
    68, 67, 71, 72, 71, 69, 70, 72, 72, 69, 68, 70, 68, 67, 68, 68, 70,
    68, 71, 67, 67, 69, 70, 68, 69, 70, 69, 69, 69, 72, 70, 68, 70, 71,
    68 ]
