%YAML:1.0
---
videoName: "headNod45.mp4"
gestureLabel: 202
fps: 30
pixelSizeInCmTemp: 3.0316455696202532e-01
faceCenterPointX: 265
faceCenterPointY: 77
headPositionsX: [ 267, 268, 267, 269, 266, 269, 267, 268, 269, 268, 267,
    266, 266, 270, 268, 265, 270, 267, 269, 265, 268, 265, 265, 267, 265,
    268, 266, 265, 265, 265, 265, 265, 267, 264, 265, 268, 264, 263, 267,
    268, 265, 263, 267, 267, 264, 265, 266, 266, 265, 264, 267, 265, 268,
    266, 267, 267, 267, 266, 267, 265, 269, 268, 267, 263, 264, 265, 267,
    269, 265, 265, 264, 267, 268, 268, 267, 264, 265, 269, 264, 267, 267,
    263, 265, 268, 266, 265, 265, 267, 265, 267, 267, 264, 265, 266, 266,
    268, 263, 263, 266, 268 ]
headPositionsY: [ 77, 76, 76, 78, 76, 78, 76, 76, 76, 73, 74, 73, 75, 74,
    75, 74, 77, 78, 78, 83, 85, 88, 90, 96, 94, 92, 92, 88, 81, 75, 74,
    73, 70, 66, 66, 67, 69, 71, 75, 79, 82, 86, 91, 93, 91, 88, 86, 82,
    82, 80, 76, 71, 72, 72, 72, 74, 78, 83, 82, 86, 87, 82, 83, 79, 78,
    75, 73, 71, 74, 74, 78, 82, 82, 88, 88, 86, 84, 86, 84, 78, 75, 76,
    76, 79, 75, 79, 82, 80, 79, 77, 80, 80, 77, 76, 77, 78, 77, 77, 77,
    76 ]
