%YAML:1.0
---
videoName: "headShake15.mp4"
gestureLabel: 201
fps: 29
pixelSizeInCmTemp: 3.3263888888888887e-01
faceCenterPointX: 243
faceCenterPointY: 76
headPositionsX: [ 244, 243, 244, 241, 245, 244, 245, 244, 245, 246, 241,
    246, 244, 243, 241, 243, 242, 242, 244, 242, 243, 243, 241, 245, 242,
    244, 244, 245, 242, 243, 244, 244, 244, 245, 245, 243, 242, 243, 243,
    241, 241, 243, 244, 241, 244, 241, 243, 242, 243, 242, 243, 245, 241,
    244, 240, 241, 244, 241, 242, 244, 242, 244, 247, 248, 248, 251, 252,
    258, 256, 257, 258, 254, 252, 247, 241, 239, 238, 238, 236, 240, 242,
    243, 243, 247, 247, 244, 246, 247, 245, 245, 243, 244, 240, 243, 244,
    242, 244, 242, 242, 243 ]
headPositionsY: [ 76, 77, 75, 74, 74, 75, 75, 76, 73, 78, 77, 74, 77, 74,
    75, 74, 76, 76, 76, 74, 77, 76, 77, 75, 73, 77, 75, 75, 73, 77, 74,
    77, 74, 72, 75, 74, 74, 74, 74, 75, 74, 75, 75, 76, 74, 77, 77, 76,
    77, 77, 78, 77, 77, 76, 78, 75, 77, 77, 77, 75, 78, 73, 77, 76, 76,
    72, 72, 76, 72, 75, 74, 74, 76, 74, 76, 75, 75, 76, 75, 76, 78, 79,
    77, 75, 76, 77, 80, 77, 79, 76, 76, 79, 74, 76, 79, 78, 76, 79, 78,
    75 ]
