%YAML:1.0
---
videoName: "headLookLeft1.mp4"
gestureLabel: 203
fps: 30
pixelSizeInCmTemp: 3.6287878787878786e-01
faceCenterPointX: 276
faceCenterPointY: 73
headPositionsX: [ 276, 256, 258, 257, 255, 259, 255, 256, 254, 256, 258,
    254, 257, 255, 255, 257, 257, 258, 258, 256, 259, 257, 256, 256, 254,
    255, 257, 257, 258, 255, 258, 258, 255, 254, 258, 257, 258, 256, 256,
    254, 255, 257, 257, 257, 254, 253, 257, 258, 255, 255, 257, 254, 253,
    256, 256, 258, 259, 258, 257, 260, 261, 262, 263, 267, 268, 272, 270,
    272, 275, 274, 276, 278, 272, 272, 272, 278, 277, 278, 278, 274, 281,
    278, 280, 277, 277, 276, 278, 281, 280, 279, 277, 276, 279, 276, 273,
    274, 279, 278, 276, 276 ]
headPositionsY: [ 73, 75, 73, 73, 76, 74, 74, 75, 76, 74, 76, 74, 77, 77,
    74, 77, 77, 75, 78, 78, 79, 77, 75, 75, 78, 78, 76, 77, 75, 76, 78,
    76, 76, 77, 76, 78, 78, 79, 76, 77, 77, 76, 78, 79, 80, 79, 76, 79,
    80, 76, 78, 78, 78, 77, 77, 76, 80, 76, 78, 77, 79, 78, 76, 78, 76,
    77, 79, 75, 76, 79, 75, 75, 77, 77, 72, 75, 74, 77, 78, 74, 77, 77,
    73, 73, 76, 76, 72, 74, 74, 77, 74, 74, 73, 73, 75, 75, 78, 77, 74,
    71 ]
