%YAML:1.0
---
videoName: "headLookLeft7.mp4"
gestureLabel: 203
fps: 29
pixelSizeInCmTemp: 3.4214285714285714e-01
faceCenterPointX: 268
faceCenterPointY: 68
headPositionsX: [ 268, 244, 246, 245, 248, 246, 244, 244, 244, 247, 244,
    244, 243, 244, 248, 242, 244, 244, 247, 244, 244, 247, 247, 246, 244,
    245, 244, 248, 245, 247, 250, 250, 251, 253, 256, 260, 259, 261, 265,
    267, 265, 267, 267, 266, 268, 270, 270, 266, 269, 269, 267, 267, 266,
    269, 267, 269, 267, 268, 267, 268, 266, 267, 267, 268, 271, 266, 268,
    272, 267, 267, 269, 268, 266, 267, 270, 267, 270, 266, 267, 268, 266,
    268, 269, 269, 267, 268, 268, 271, 267, 270, 271, 269, 270, 271, 267,
    271, 268, 272, 267, 268 ]
headPositionsY: [ 69, 68, 70, 69, 72, 67, 71, 71, 71, 67, 68, 72, 70, 71,
    70, 72, 68, 69, 71, 71, 72, 68, 72, 72, 69, 69, 72, 72, 68, 70, 72,
    69, 69, 68, 69, 68, 66, 67, 70, 70, 68, 65, 66, 70, 69, 68, 68, 66,
    68, 69, 68, 68, 67, 68, 68, 70, 70, 68, 69, 71, 68, 67, 66, 70, 69,
    69, 68, 70, 68, 69, 70, 68, 68, 69, 70, 69, 68, 70, 70, 71, 69, 68,
    72, 66, 71, 67, 70, 67, 69, 70, 70, 70, 67, 69, 71, 70, 70, 68, 69,
    68 ]
