%YAML:1.0
---
videoName: "headLookDown2.mp4"
gestureLabel: 206
fps: 29
pixelSizeInCmTemp: 3.3732394366197183e-01
faceCenterPointX: 274
faceCenterPointY: 95
headPositionsX: [ 276, 275, 275, 276, 275, 273, 275, 276, 272, 272, 275,
    273, 272, 276, 275, 274, 275, 276, 273, 276, 275, 271, 275, 276, 277,
    273, 274, 274, 273, 273, 272, 271, 272, 274, 275, 274, 276, 274, 275,
    273, 274, 276, 273, 275, 277, 272, 272, 272, 274, 271, 274, 272, 276,
    272, 272, 271, 273, 275, 273, 275, 272, 272, 272, 275, 273, 274, 276,
    274, 277, 274, 273, 273, 273, 276, 274, 278, 275, 277, 273, 275, 273,
    277, 273, 274, 275, 273, 275, 273, 276, 274, 277, 273, 272, 276, 276,
    273, 274, 276, 276, 277 ]
headPositionsY: [ 94, 77, 81, 80, 80, 77, 76, 80, 79, 79, 79, 79, 81, 78,
    79, 77, 79, 80, 79, 80, 77, 80, 78, 78, 81, 79, 78, 81, 79, 77, 80,
    81, 82, 80, 79, 80, 83, 84, 86, 85, 87, 87, 92, 92, 91, 93, 95, 94,
    95, 92, 96, 92, 96, 96, 96, 92, 96, 94, 93, 94, 93, 93, 94, 93, 95,
    97, 96, 95, 94, 96, 94, 92, 94, 93, 94, 94, 97, 96, 95, 96, 95, 97,
    94, 94, 93, 95, 94, 95, 95, 95, 96, 98, 94, 94, 95, 97, 94, 95, 96,
    98 ]
