%YAML:1.0
---
videoName: "headNod6.mp4"
gestureLabel: 202
fps: 29
pixelSizeInCmTemp: 3.1513157894736843e-01
faceCenterPointX: 262
faceCenterPointY: 73
headPositionsX: [ 261, 262, 259, 264, 263, 263, 261, 260, 262, 260, 261,
    263, 263, 262, 260, 264, 263, 263, 261, 263, 265, 264, 261, 263, 265,
    263, 261, 264, 264, 262, 263, 262, 264, 264, 264, 262, 261, 261, 265,
    262, 262, 265, 260, 262, 263, 260, 262, 261, 262, 261, 262, 262, 263,
    262, 264, 262, 261, 259, 260, 259, 262, 259, 258, 262, 261, 258, 260,
    259, 259, 260, 262, 262, 262, 261, 262, 261, 260, 258, 263, 262, 260,
    261, 260, 264, 260, 261, 262, 260, 264, 264, 260, 259, 260, 262, 259,
    263, 261, 260, 263, 264 ]
headPositionsY: [ 75, 71, 74, 76, 72, 73, 73, 72, 74, 72, 74, 72, 75, 74,
    75, 73, 75, 72, 76, 76, 73, 72, 75, 76, 76, 72, 75, 74, 76, 73, 73,
    73, 69, 67, 65, 67, 66, 63, 64, 69, 70, 78, 79, 85, 85, 80, 75, 74,
    67, 68, 66, 68, 71, 74, 81, 85, 85, 80, 78, 72, 71, 69, 69, 69, 69,
    72, 75, 83, 85, 83, 78, 75, 70, 67, 68, 66, 66, 68, 72, 75, 77, 83,
    86, 81, 79, 80, 73, 72, 73, 68, 69, 67, 71, 72, 74, 73, 74, 74, 72,
    71 ]
