%YAML:1.0
---
videoName: "headLookUp9.mp4"
gestureLabel: 205
fps: 29
pixelSizeInCmTemp: 3.3732394366197183e-01
faceCenterPointX: 251
faceCenterPointY: 57
headPositionsX: [ 250, 251, 250, 250, 252, 253, 251, 251, 249, 250, 250,
    250, 253, 251, 251, 251, 253, 250, 249, 250, 250, 253, 251, 251, 254,
    250, 251, 251, 250, 251, 253, 250, 254, 252, 254, 253, 250, 252, 253,
    252, 251, 252, 252, 253, 250, 252, 252, 249, 253, 251, 252, 252, 251,
    250, 250, 252, 251, 252, 253, 253, 251, 252, 251, 250, 251, 249, 253,
    253, 251, 249, 249, 253, 250, 252, 251, 253, 251, 249, 251, 252, 252,
    249, 253, 251, 252, 250, 252, 253, 251, 252, 249, 253, 249, 254, 250,
    253, 249, 249, 252, 251 ]
headPositionsY: [ 57, 73, 71, 71, 71, 75, 73, 72, 74, 73, 76, 75, 76, 72,
    76, 73, 74, 72, 75, 73, 74, 76, 72, 73, 74, 71, 76, 71, 74, 73, 70,
    70, 69, 71, 69, 70, 68, 67, 69, 67, 67, 66, 65, 59, 62, 60, 61, 58,
    60, 57, 58, 58, 58, 59, 59, 60, 60, 59, 56, 59, 60, 57, 57, 60, 57,
    57, 56, 56, 58, 60, 56, 58, 59, 58, 56, 56, 57, 56, 55, 55, 59, 55,
    55, 57, 55, 58, 57, 57, 56, 56, 57, 55, 59, 56, 59, 56, 55, 56, 55,
    57 ]
