%YAML:1.0
---
videoName: "headNod46.mp4"
gestureLabel: 202
fps: 30
pixelSizeInCmTemp: 2.8511904761904761e-01
faceCenterPointX: 264
faceCenterPointY: 72
headPositionsX: [ 265, 264, 266, 265, 264, 266, 265, 265, 265, 262, 263,
    265, 263, 266, 264, 264, 264, 265, 262, 264, 266, 265, 263, 268, 267,
    268, 264, 265, 268, 266, 265, 265, 265, 265, 262, 260, 259, 262, 263,
    261, 263, 265, 264, 265, 262, 263, 264, 260, 262, 262, 260, 263, 261,
    261, 262, 261, 263, 261, 263, 262, 263, 263, 265, 264, 265, 265, 262,
    262, 264, 264, 263, 263, 267, 265, 263, 263, 266, 266, 263, 265, 264,
    263, 263, 263, 264, 261, 266, 263, 261, 264, 261, 264, 263, 264, 261,
    261, 264, 264, 262, 264 ]
headPositionsY: [ 73, 66, 69, 71, 66, 70, 68, 70, 71, 75, 76, 77, 80, 82,
    88, 88, 87, 89, 84, 84, 82, 76, 73, 71, 68, 71, 69, 68, 72, 75, 82,
    85, 86, 92, 89, 82, 80, 77, 76, 67, 69, 69, 70, 69, 76, 79, 81, 84,
    87, 85, 80, 80, 73, 69, 67, 64, 69, 65, 70, 73, 73, 76, 78, 80, 78,
    75, 73, 68, 67, 69, 66, 69, 70, 74, 75, 73, 77, 71, 74, 71, 70, 71,
    70, 69, 72, 76, 76, 75, 74, 75, 74, 72, 72, 74, 70, 73, 71, 70, 72,
    72 ]
