%YAML:1.0
---
videoName: "headShake13.mp4"
gestureLabel: 201
fps: 29
pixelSizeInCmTemp: 3.2364864864864862e-01
faceCenterPointX: 241
faceCenterPointY: 77
headPositionsX: [ 239, 239, 242, 241, 239, 243, 244, 242, 242, 243, 243,
    244, 243, 240, 241, 243, 240, 242, 243, 240, 243, 242, 242, 239, 241,
    242, 240, 242, 241, 242, 238, 240, 237, 239, 243, 246, 249, 258, 257,
    261, 261, 264, 258, 253, 251, 241, 237, 236, 231, 229, 232, 234, 238,
    238, 246, 248, 249, 250, 248, 250, 245, 240, 238, 234, 231, 232, 232,
    234, 237, 239, 245, 250, 253, 250, 249, 253, 250, 244, 240, 236, 238,
    232, 232, 235, 232, 233, 236, 237, 244, 242, 243, 242, 244, 244, 241,
    245, 241, 244, 241, 242 ]
headPositionsY: [ 77, 77, 76, 76, 78, 75, 77, 78, 77, 77, 75, 77, 78, 79,
    74, 77, 77, 79, 76, 77, 76, 76, 74, 77, 74, 74, 75, 76, 77, 77, 75,
    77, 78, 76, 78, 76, 77, 76, 75, 74, 74, 76, 74, 75, 75, 77, 74, 75,
    77, 75, 78, 77, 74, 76, 75, 78, 77, 77, 75, 77, 76, 77, 78, 76, 77,
    77, 77, 75, 78, 74, 76, 77, 76, 75, 77, 75, 79, 75, 76, 75, 74, 77,
    78, 76, 77, 78, 75, 75, 79, 79, 76, 73, 77, 77, 77, 78, 76, 78, 75,
    75 ]
