%YAML:1.0
---
videoName: "headNod33.mp4"
gestureLabel: 202
fps: 29
pixelSizeInCmTemp: 2.9567901234567900e-01
faceCenterPointX: 268
faceCenterPointY: 74
headPositionsX: [ 270, 269, 270, 267, 267, 271, 270, 271, 272, 270, 269,
    271, 268, 268, 268, 271, 272, 271, 268, 271, 273, 269, 270, 270, 271,
    271, 271, 271, 269, 269, 269, 271, 270, 271, 269, 269, 270, 269, 269,
    268, 270, 270, 269, 271, 271, 269, 271, 269, 268, 269, 270, 266, 266,
    268, 266, 270, 265, 270, 267, 265, 265, 265, 269, 266, 266, 267, 269,
    267, 266, 266, 269, 266, 268, 270, 270, 267, 270, 269, 270, 266, 268,
    270, 267, 267, 269, 266, 266, 265, 269, 267, 270, 269, 265, 269, 266,
    270, 266, 268, 266, 265 ]
headPositionsY: [ 75, 72, 72, 73, 69, 70, 73, 70, 70, 69, 70, 71, 74, 69,
    72, 71, 72, 69, 72, 72, 72, 71, 69, 70, 72, 70, 71, 71, 70, 74, 73,
    75, 71, 72, 75, 75, 76, 78, 72, 72, 70, 67, 67, 66, 67, 66, 69, 75,
    77, 79, 85, 83, 79, 75, 76, 75, 71, 71, 71, 72, 70, 69, 71, 71, 73,
    76, 78, 79, 77, 77, 76, 75, 74, 73, 73, 73, 72, 74, 75, 74, 76, 74,
    77, 79, 76, 77, 77, 78, 77, 78, 76, 75, 74, 77, 76, 76, 74, 74, 74,
    74 ]
