%YAML:1.0
---
videoName: "headNod23.mp4"
gestureLabel: 202
fps: 29
pixelSizeInCmTemp: 3.1933333333333330e-01
faceCenterPointX: 273
faceCenterPointY: 75
headPositionsX: [ 274, 273, 274, 273, 276, 273, 272, 273, 272, 272, 273,
    274, 276, 273, 274, 276, 272, 275, 276, 276, 273, 277, 276, 275, 272,
    277, 274, 274, 273, 276, 276, 277, 274, 274, 275, 274, 274, 276, 275,
    274, 274, 272, 270, 272, 272, 274, 274, 273, 273, 275, 272, 274, 275,
    274, 274, 275, 272, 274, 274, 272, 275, 272, 275, 276, 275, 275, 274,
    273, 277, 276, 275, 276, 276, 273, 274, 273, 273, 275, 274, 274, 271,
    275, 274, 271, 272, 272, 274, 276, 274, 274, 274, 274, 275, 272, 274,
    273, 275, 274, 273, 273 ]
headPositionsY: [ 76, 75, 77, 75, 76, 78, 76, 78, 78, 78, 77, 76, 77, 79,
    77, 79, 78, 78, 74, 79, 78, 78, 79, 75, 75, 74, 71, 69, 64, 67, 64,
    64, 66, 68, 68, 72, 75, 75, 79, 80, 82, 81, 83, 79, 79, 76, 69, 68,
    69, 68, 66, 70, 69, 70, 70, 74, 78, 80, 80, 79, 77, 75, 76, 71, 72,
    68, 68, 71, 69, 72, 70, 76, 75, 75, 78, 79, 77, 81, 78, 77, 75, 76,
    74, 71, 74, 72, 74, 73, 71, 75, 72, 75, 77, 75, 75, 77, 76, 74, 77,
    73 ]
