%YAML:1.0
---
videoName: "headNod0.mp4"
gestureLabel: 202
fps: 29
pixelSizeInCmTemp: 3.2364864864864862e-01
faceCenterPointX: 264
faceCenterPointY: 76
headPositionsX: [ 264, 269, 265, 267, 270, 269, 266, 269, 266, 270, 267,
    269, 269, 265, 266, 265, 265, 263, 264, 267, 267, 266, 265, 265, 267,
    266, 263, 266, 266, 264, 265, 264, 266, 267, 267, 269, 268, 267, 268,
    264, 266, 265, 266, 266, 263, 264, 264, 264, 262, 263, 263, 262, 266,
    267, 267, 265, 266, 267, 263, 265, 266, 263, 268, 267, 268, 263, 268,
    263, 266, 264, 265, 267, 262, 267, 262, 266, 263, 266, 264, 267, 261,
    263, 265, 266, 262, 266, 264, 264, 266, 262, 267, 263, 267, 264, 263,
    266, 263, 266, 266, 262 ]
headPositionsY: [ 78, 75, 70, 74, 74, 73, 73, 72, 76, 71, 75, 74, 75, 75,
    71, 75, 72, 71, 73, 74, 74, 74, 72, 76, 76, 74, 73, 75, 74, 70, 71,
    68, 66, 64, 65, 63, 62, 63, 63, 68, 69, 73, 74, 75, 78, 83, 84, 84,
    83, 82, 76, 76, 73, 72, 70, 65, 67, 64, 64, 70, 68, 73, 72, 73, 75,
    80, 78, 80, 81, 77, 79, 74, 70, 69, 70, 66, 66, 70, 70, 69, 68, 74,
    72, 75, 78, 79, 79, 79, 77, 77, 78, 79, 75, 76, 78, 74, 75, 73, 74,
    78 ]
