%YAML:1.0
---
videoName: "headNod46.mp4"
gestureLabel: 202
fps: 30
pixelSizeInCmTemp: 2.8511904761904761e-01
faceCenterPointX: 264
faceCenterPointY: 72
headPositionsX: [ 263, 263, 263, 266, 265, 264, 264, 267, 267, 264, 264,
    262, 264, 263, 264, 266, 261, 266, 264, 266, 265, 264, 263, 268, 265,
    267, 265, 265, 269, 268, 267, 266, 263, 263, 264, 262, 261, 263, 262,
    263, 264, 263, 265, 264, 261, 264, 264, 261, 262, 261, 263, 265, 262,
    262, 261, 264, 263, 264, 266, 261, 263, 263, 264, 262, 262, 264, 263,
    263, 266, 263, 265, 265, 264, 266, 263, 261, 263, 263, 263, 263, 264,
    264, 263, 263, 265, 265, 265, 261, 263, 261, 264, 265, 264, 264, 263,
    262, 262, 262, 261, 262 ]
headPositionsY: [ 73, 67, 69, 69, 66, 70, 70, 72, 74, 76, 75, 77, 80, 84,
    88, 89, 87, 89, 85, 83, 81, 75, 74, 69, 71, 68, 71, 71, 71, 76, 78,
    84, 89, 91, 87, 82, 79, 74, 76, 66, 67, 68, 69, 71, 76, 79, 81, 85,
    87, 82, 79, 78, 74, 71, 68, 65, 67, 68, 68, 69, 71, 78, 79, 77, 77,
    73, 70, 69, 69, 70, 66, 72, 70, 75, 75, 72, 77, 72, 73, 69, 73, 68,
    71, 72, 72, 72, 77, 72, 76, 75, 72, 72, 72, 72, 70, 73, 73, 70, 72,
    73 ]
