%YAML:1.0
---
videoName: "headShake37.mp4"
gestureLabel: 201
fps: 30
pixelSizeInCmTemp: 3.1933333333333330e-01
faceCenterPointX: 263
faceCenterPointY: 83
headPositionsX: [ 264, 262, 260, 264, 259, 262, 263, 265, 263, 262, 265,
    260, 262, 262, 262, 260, 263, 260, 261, 262, 261, 261, 261, 265, 264,
    263, 264, 261, 260, 262, 264, 264, 261, 263, 260, 264, 264, 262, 265,
    263, 263, 263, 259, 262, 262, 261, 259, 262, 269, 269, 274, 275, 279,
    279, 279, 279, 272, 264, 260, 253, 251, 252, 257, 257, 261, 266, 270,
    271, 271, 272, 270, 265, 263, 258, 253, 251, 255, 254, 256, 258, 261,
    263, 263, 265, 267, 265, 265, 266, 265, 265, 262, 264, 264, 265, 263,
    264, 261, 264, 266, 265 ]
headPositionsY: [ 83, 82, 81, 86, 84, 85, 82, 83, 81, 83, 84, 83, 81, 84,
    81, 85, 83, 83, 84, 84, 82, 84, 83, 84, 83, 84, 85, 85, 82, 84, 85,
    85, 85, 83, 83, 81, 81, 83, 83, 85, 83, 81, 84, 83, 84, 83, 84, 82,
    83, 82, 82, 78, 80, 80, 81, 80, 84, 82, 84, 83, 79, 81, 81, 80, 82,
    83, 82, 79, 79, 84, 80, 83, 83, 81, 81, 80, 85, 80, 84, 84, 81, 80,
    82, 84, 83, 82, 81, 81, 82, 85, 83, 81, 82, 84, 81, 84, 83, 84, 85,
    80 ]
