%YAML:1.0
---
videoName: "headNod29.mp4"
gestureLabel: 202
fps: 29
pixelSizeInCmTemp: 3.1933333333333330e-01
faceCenterPointX: 271
faceCenterPointY: 70
headPositionsX: [ 273, 273, 272, 272, 273, 276, 273, 274, 276, 272, 273,
    271, 275, 273, 271, 271, 270, 272, 271, 273, 271, 271, 273, 271, 274,
    272, 274, 274, 269, 270, 273, 269, 271, 272, 270, 269, 272, 269, 274,
    272, 273, 269, 268, 273, 270, 271, 270, 271, 273, 271, 269, 271, 270,
    273, 270, 271, 272, 273, 268, 271, 268, 271, 269, 270, 270, 269, 268,
    271, 271, 271, 269, 273, 269, 270, 272, 271, 273, 273, 273, 272, 272,
    273, 271, 270, 273, 270, 272, 269, 272, 270, 271, 272, 273, 270, 272,
    269, 273, 270, 269, 271 ]
headPositionsY: [ 68, 72, 73, 71, 74, 74, 78, 77, 82, 79, 82, 81, 76, 75,
    74, 72, 71, 66, 69, 65, 65, 68, 69, 73, 73, 73, 78, 80, 78, 81, 80,
    76, 77, 72, 70, 71, 71, 70, 73, 73, 73, 78, 81, 78, 78, 81, 75, 75,
    76, 74, 74, 76, 74, 81, 79, 80, 83, 78, 80, 75, 75, 73, 75, 74, 75,
    76, 78, 77, 74, 75, 70, 71, 71, 69, 68, 72, 70, 76, 78, 76, 77, 73,
    72, 73, 70, 70, 69, 68, 69, 67, 68, 70, 70, 70, 68, 70, 72, 71, 69,
    73 ]
