%YAML:1.0
---
videoName: "headLookUp5.mp4"
gestureLabel: 205
fps: 29
pixelSizeInCmTemp: 3.6287878787878786e-01
faceCenterPointX: 256
faceCenterPointY: 67
headPositionsX: [ 256, 258, 255, 255, 254, 255, 256, 256, 255, 256, 255,
    256, 258, 255, 258, 254, 255, 254, 254, 258, 258, 257, 255, 254, 257,
    255, 255, 255, 254, 256, 255, 256, 258, 256, 255, 256, 255, 257, 257,
    255, 256, 255, 254, 259, 257, 258, 253, 256, 256, 255, 259, 257, 257,
    257, 256, 254, 253, 257, 255, 257, 256, 254, 254, 254, 256, 257, 257,
    253, 253, 258, 258, 254, 258, 256, 257, 257, 258, 254, 254, 256, 254,
    254, 255, 258, 256, 257, 254, 258, 257, 254, 257, 256, 253, 254, 253,
    254, 256, 254, 257, 255 ]
headPositionsY: [ 66, 81, 80, 83, 81, 81, 82, 80, 81, 84, 84, 83, 81, 82,
    81, 81, 80, 81, 79, 79, 79, 80, 79, 81, 81, 81, 83, 82, 82, 82, 82,
    79, 80, 81, 80, 75, 77, 75, 72, 69, 72, 71, 72, 68, 65, 71, 69, 67,
    66, 68, 69, 69, 69, 67, 69, 67, 70, 66, 68, 67, 66, 65, 70, 69, 68,
    65, 68, 68, 66, 65, 66, 66, 66, 66, 68, 69, 66, 68, 65, 70, 69, 67,
    69, 67, 66, 67, 66, 70, 67, 69, 68, 68, 64, 67, 67, 68, 65, 66, 67,
    67 ]
