%YAML:1.0
---
videoName: "headShake47.mp4"
gestureLabel: 201
fps: 29
pixelSizeInCmTemp: 3.2364864864864862e-01
faceCenterPointX: 258
faceCenterPointY: 86
headPositionsX: [ 258, 259, 258, 262, 258, 261, 259, 261, 258, 260, 261,
    261, 259, 259, 259, 259, 262, 259, 261, 262, 259, 259, 258, 262, 258,
    259, 262, 263, 262, 263, 261, 263, 259, 258, 256, 257, 251, 254, 249,
    247, 247, 249, 253, 257, 261, 266, 267, 269, 265, 262, 259, 257, 254,
    250, 255, 257, 263, 263, 264, 263, 263, 257, 254, 253, 251, 252, 257,
    263, 262, 265, 262, 260, 257, 254, 253, 252, 254, 257, 261, 263, 263,
    263, 261, 255, 254, 255, 255, 254, 254, 256, 256, 255, 257, 259, 258,
    256, 259, 260, 259, 259 ]
headPositionsY: [ 84, 86, 87, 86, 87, 85, 85, 85, 87, 86, 87, 87, 82, 86,
    82, 86, 84, 84, 87, 85, 85, 85, 86, 82, 84, 87, 84, 83, 84, 83, 85,
    86, 84, 87, 86, 87, 87, 87, 82, 87, 86, 87, 89, 87, 86, 89, 87, 88,
    90, 87, 88, 90, 91, 86, 89, 91, 87, 89, 87, 87, 88, 89, 85, 85, 84,
    87, 86, 87, 86, 87, 90, 86, 89, 87, 86, 85, 85, 88, 86, 87, 88, 87,
    89, 86, 88, 86, 84, 85, 84, 88, 84, 86, 85, 87, 84, 84, 86, 89, 85,
    87 ]
