%YAML:1.0
---
videoName: "headShake0.mp4"
gestureLabel: 201
fps: 29
pixelSizeInCmTemp: 3.2808219178082193e-01
faceCenterPointX: 279
faceCenterPointY: 94
headPositionsX: [ 277, 277, 278, 280, 279, 278, 278, 279, 281, 278, 280,
    277, 280, 278, 279, 279, 280, 280, 279, 278, 278, 281, 277, 277, 281,
    278, 280, 277, 278, 277, 277, 278, 281, 277, 276, 278, 277, 278, 278,
    281, 277, 281, 283, 289, 292, 295, 300, 300, 302, 301, 295, 294, 287,
    283, 276, 276, 272, 272, 273, 275, 283, 287, 288, 290, 289, 288, 288,
    281, 280, 273, 271, 273, 272, 274, 281, 284, 285, 283, 286, 283, 279,
    278, 278, 274, 277, 278, 278, 275, 280, 278, 280, 277, 277, 281, 277,
    278, 280, 279, 279, 277 ]
headPositionsY: [ 92, 93, 92, 91, 92, 92, 93, 94, 95, 91, 95, 91, 95, 94,
    91, 93, 94, 91, 93, 95, 95, 93, 94, 93, 95, 92, 93, 92, 94, 94, 91,
    93, 93, 92, 94, 95, 95, 95, 91, 92, 94, 94, 89, 93, 93, 88, 90, 93,
    94, 89, 93, 89, 93, 91, 90, 91, 93, 92, 92, 93, 93, 91, 91, 91, 93,
    91, 93, 91, 92, 93, 93, 95, 92, 92, 95, 94, 95, 94, 91, 92, 95, 96,
    91, 92, 93, 94, 96, 91, 92, 96, 92, 94, 96, 93, 93, 92, 95, 95, 94,
    97 ]
