%YAML:1.0
---
videoName: "headNod8.mp4"
gestureLabel: 202
fps: 29
pixelSizeInCmTemp: 3.1933333333333330e-01
faceCenterPointX: 262
faceCenterPointY: 74
headPositionsX: [ 264, 261, 259, 262, 261, 259, 261, 263, 263, 260, 263,
    261, 264, 262, 261, 260, 262, 261, 260, 259, 262, 264, 264, 263, 263,
    262, 259, 262, 264, 263, 261, 259, 263, 263, 262, 261, 259, 261, 262,
    261, 263, 263, 262, 260, 263, 262, 263, 262, 264, 260, 260, 260, 260,
    262, 262, 260, 263, 257, 261, 260, 262, 259, 260, 259, 262, 262, 260,
    262, 261, 259, 262, 258, 260, 260, 259, 258, 261, 259, 259, 262, 263,
    264, 261, 263, 260, 262, 264, 260, 262, 264, 263, 265, 260, 264, 263,
    265, 264, 261, 262, 261 ]
headPositionsY: [ 73, 79, 76, 76, 78, 76, 77, 78, 79, 77, 74, 77, 77, 75,
    78, 76, 77, 77, 75, 74, 77, 75, 77, 76, 78, 74, 74, 75, 76, 76, 74,
    77, 79, 77, 75, 78, 76, 75, 75, 77, 73, 73, 69, 67, 68, 67, 70, 72,
    69, 75, 75, 81, 84, 85, 82, 82, 80, 73, 73, 72, 72, 71, 70, 74, 76,
    83, 85, 86, 82, 80, 78, 75, 69, 69, 68, 70, 75, 74, 78, 81, 84, 82,
    79, 78, 76, 73, 70, 71, 73, 73, 74, 77, 76, 79, 78, 77, 77, 76, 78,
    73 ]
