%YAML:1.0
---
videoName: "headShake10.mp4"
gestureLabel: 201
fps: 29
pixelSizeInCmTemp: 3.3732394366197183e-01
faceCenterPointX: 240
faceCenterPointY: 74
headPositionsX: [ 240, 247, 246, 245, 247, 248, 248, 243, 247, 246, 246,
    248, 245, 245, 244, 244, 244, 248, 246, 248, 246, 245, 247, 244, 245,
    248, 247, 248, 246, 245, 245, 246, 248, 247, 244, 244, 244, 245, 246,
    247, 247, 244, 243, 244, 244, 246, 245, 247, 242, 245, 248, 251, 252,
    252, 254, 259, 261, 262, 260, 258, 255, 250, 250, 244, 239, 236, 231,
    233, 233, 232, 236, 241, 246, 247, 255, 255, 258, 257, 254, 252, 250,
    247, 246, 245, 242, 239, 238, 239, 242, 240, 240, 242, 242, 243, 242,
    241, 240, 239, 239, 240 ]
headPositionsY: [ 76, 74, 74, 74, 70, 75, 70, 74, 73, 75, 71, 72, 75, 73,
    75, 71, 71, 74, 71, 73, 74, 72, 71, 72, 71, 71, 73, 73, 73, 71, 74,
    75, 72, 75, 75, 72, 75, 74, 72, 75, 75, 71, 72, 75, 74, 72, 71, 74,
    73, 71, 71, 72, 73, 73, 72, 71, 69, 70, 71, 74, 74, 71, 73, 74, 73,
    75, 75, 72, 75, 76, 74, 75, 75, 74, 75, 75, 72, 75, 71, 75, 76, 77,
    77, 75, 77, 74, 75, 74, 73, 78, 76, 76, 75, 75, 77, 76, 75, 76, 76,
    74 ]
