%YAML:1.0
---
videoName: "headShake32.mp4"
gestureLabel: 201
fps: 29
pixelSizeInCmTemp: 3.2808219178082193e-01
faceCenterPointX: 237
faceCenterPointY: 77
headPositionsX: [ 238, 238, 238, 236, 237, 236, 235, 237, 240, 237, 239,
    241, 237, 239, 239, 240, 242, 240, 241, 240, 241, 239, 240, 240, 241,
    243, 238, 240, 241, 239, 240, 242, 237, 241, 238, 241, 240, 241, 241,
    242, 241, 243, 248, 250, 249, 250, 248, 253, 250, 251, 251, 249, 248,
    242, 244, 237, 235, 236, 232, 229, 232, 230, 225, 228, 224, 226, 228,
    230, 233, 230, 235, 239, 243, 240, 246, 250, 247, 250, 249, 250, 249,
    248, 246, 243, 245, 244, 240, 240, 239, 239, 236, 238, 236, 240, 239,
    239, 238, 239, 238, 238 ]
headPositionsY: [ 77, 70, 73, 73, 75, 74, 70, 75, 71, 73, 75, 75, 73, 75,
    72, 72, 75, 72, 75, 73, 74, 71, 72, 76, 75, 75, 73, 74, 77, 72, 75,
    75, 76, 75, 73, 75, 75, 74, 73, 73, 73, 72, 76, 72, 75, 73, 71, 71,
    73, 73, 72, 74, 76, 75, 77, 75, 78, 74, 73, 77, 77, 75, 77, 74, 74,
    77, 78, 74, 75, 77, 78, 78, 78, 76, 73, 78, 76, 77, 75, 76, 77, 74,
    74, 75, 75, 79, 74, 76, 77, 77, 79, 80, 79, 79, 78, 80, 77, 78, 79,
    79 ]
