%YAML:1.0
---
videoName: "headShake40.mp4"
gestureLabel: 201
fps: 29
pixelSizeInCmTemp: 3.2808219178082193e-01
faceCenterPointX: 261
faceCenterPointY: 86
headPositionsX: [ 261, 259, 262, 260, 261, 259, 260, 263, 260, 258, 263,
    260, 263, 262, 260, 263, 258, 262, 261, 258, 263, 263, 263, 260, 262,
    258, 262, 258, 258, 257, 255, 257, 255, 254, 255, 256, 256, 259, 267,
    270, 275, 277, 282, 280, 277, 274, 272, 263, 258, 254, 248, 247, 246,
    248, 251, 253, 254, 262, 265, 266, 269, 274, 270, 269, 268, 263, 263,
    259, 256, 259, 257, 258, 257, 263, 262, 267, 267, 269, 268, 266, 267,
    265, 262, 259, 259, 260, 259, 255, 259, 259, 261, 260, 259, 259, 260,
    258, 261, 260, 260, 261 ]
headPositionsY: [ 84, 86, 85, 84, 83, 85, 84, 82, 85, 83, 84, 86, 85, 81,
    85, 83, 83, 81, 86, 84, 84, 82, 86, 85, 82, 83, 84, 84, 84, 82, 81,
    84, 85, 81, 82, 83, 81, 85, 86, 82, 82, 80, 82, 78, 82, 82, 84, 82,
    82, 85, 83, 84, 79, 82, 83, 84, 82, 86, 84, 82, 84, 83, 83, 83, 82,
    82, 84, 83, 85, 82, 81, 80, 82, 82, 83, 82, 81, 81, 82, 84, 81, 84,
    84, 84, 85, 82, 85, 85, 83, 83, 83, 84, 87, 87, 85, 83, 84, 87, 86,
    84 ]
