%YAML:1.0
---
videoName: "headNod17.mp4"
gestureLabel: 202
fps: 30
pixelSizeInCmTemp: 3.2808219178082193e-01
faceCenterPointX: 253
faceCenterPointY: 76
headPositionsX: [ 254, 256, 257, 257, 255, 257, 255, 254, 255, 253, 256,
    255, 255, 255, 253, 257, 257, 255, 255, 257, 254, 256, 255, 253, 253,
    256, 253, 256, 254, 253, 256, 258, 256, 258, 255, 256, 254, 255, 253,
    253, 253, 252, 253, 252, 255, 252, 253, 255, 254, 252, 253, 252, 252,
    256, 254, 251, 253, 253, 255, 256, 256, 256, 255, 255, 256, 255, 254,
    255, 257, 252, 252, 255, 254, 255, 254, 256, 254, 255, 254, 254, 255,
    256, 256, 253, 256, 252, 257, 256, 252, 254, 255, 253, 253, 254, 254,
    255, 254, 253, 255, 255 ]
headPositionsY: [ 77, 80, 77, 77, 75, 78, 79, 79, 78, 75, 75, 76, 76, 77,
    78, 79, 76, 78, 80, 77, 74, 75, 74, 75, 70, 70, 68, 69, 68, 66, 67,
    67, 70, 68, 71, 69, 73, 73, 75, 77, 79, 80, 83, 86, 84, 86, 85, 84,
    79, 81, 78, 75, 72, 72, 72, 72, 72, 67, 68, 71, 69, 69, 76, 75, 78,
    78, 82, 81, 78, 79, 80, 77, 77, 74, 75, 79, 81, 77, 80, 76, 78, 76,
    77, 76, 76, 76, 76, 77, 80, 78, 75, 76, 78, 74, 80, 78, 79, 76, 74,
    79 ]
