%YAML:1.0
---
videoName: "headLookDown9.mp4"
gestureLabel: 206
fps: 29
pixelSizeInCmTemp: 3.5220588235294115e-01
faceCenterPointX: 274
faceCenterPointY: 97
headPositionsX: [ 273, 271, 275, 271, 273, 275, 271, 270, 271, 270, 271,
    275, 271, 271, 274, 272, 272, 272, 273, 273, 271, 274, 273, 271, 273,
    272, 271, 271, 271, 270, 271, 275, 271, 270, 275, 274, 272, 274, 272,
    272, 272, 275, 272, 272, 273, 272, 273, 271, 273, 273, 272, 270, 275,
    271, 271, 273, 271, 269, 275, 271, 272, 275, 273, 274, 270, 270, 272,
    273, 271, 273, 273, 272, 273, 271, 270, 271, 273, 270, 271, 272, 270,
    270, 273, 272, 271, 272, 271, 270, 271, 274, 272, 273, 275, 276, 274,
    275, 273, 270, 271, 275 ]
headPositionsY: [ 98, 82, 82, 78, 82, 80, 80, 78, 79, 81, 80, 79, 81, 81,
    81, 79, 81, 81, 81, 81, 79, 81, 81, 79, 79, 80, 82, 81, 78, 79, 81,
    83, 83, 82, 82, 85, 85, 84, 85, 88, 90, 89, 90, 91, 91, 95, 95, 94,
    95, 97, 97, 97, 100, 96, 99, 96, 98, 100, 101, 98, 97, 98, 101, 99,
    100, 97, 95, 97, 97, 96, 100, 96, 98, 99, 100, 95, 96, 96, 98, 95,
    97, 95, 97, 97, 99, 96, 97, 99, 99, 97, 99, 99, 97, 98, 95, 96, 97,
    95, 96, 96 ]
