%YAML:1.0
---
videoName: "headLookDown7.mp4"
gestureLabel: 206
fps: 30
pixelSizeInCmTemp: 3.3732394366197183e-01
faceCenterPointX: 274
faceCenterPointY: 95
headPositionsX: [ 272, 275, 271, 273, 274, 271, 272, 272, 272, 274, 275,
    272, 272, 271, 274, 274, 271, 275, 275, 274, 274, 273, 273, 274, 273,
    276, 276, 274, 276, 272, 274, 273, 274, 274, 274, 275, 271, 274, 273,
    274, 273, 272, 275, 274, 274, 272, 276, 275, 275, 273, 275, 276, 276,
    272, 272, 275, 275, 273, 277, 275, 275, 274, 274, 274, 275, 272, 272,
    274, 273, 276, 275, 276, 273, 272, 276, 271, 275, 272, 273, 277, 277,
    275, 274, 274, 274, 274, 277, 275, 273, 274, 275, 276, 278, 276, 273,
    273, 274, 273, 274, 275 ]
headPositionsY: [ 94, 81, 81, 82, 82, 84, 81, 83, 83, 82, 82, 84, 81, 80,
    82, 82, 81, 84, 82, 81, 82, 81, 80, 80, 83, 84, 82, 84, 81, 81, 81,
    80, 80, 85, 82, 84, 85, 81, 84, 81, 83, 82, 82, 82, 85, 82, 82, 82,
    82, 84, 86, 85, 84, 87, 90, 88, 89, 91, 92, 93, 96, 95, 93, 94, 92,
    94, 95, 94, 95, 97, 93, 93, 97, 95, 93, 95, 96, 94, 94, 98, 98, 93,
    94, 97, 95, 93, 95, 97, 94, 99, 94, 94, 99, 97, 94, 95, 96, 96, 97,
    97 ]
