%YAML:1.0
---
videoName: "headShake10.mp4"
gestureLabel: 201
fps: 29
pixelSizeInCmTemp: 3.3732394366197183e-01
faceCenterPointX: 240
faceCenterPointY: 74
headPositionsX: [ 239, 247, 244, 246, 245, 247, 247, 247, 248, 246, 246,
    244, 244, 245, 246, 248, 245, 246, 244, 247, 245, 247, 248, 246, 247,
    248, 245, 244, 246, 245, 244, 247, 247, 246, 244, 244, 246, 245, 244,
    248, 246, 245, 247, 244, 245, 247, 247, 243, 246, 245, 244, 250, 251,
    251, 257, 258, 260, 260, 262, 261, 256, 252, 247, 245, 238, 236, 231,
    231, 230, 233, 238, 241, 245, 248, 252, 258, 257, 255, 258, 252, 251,
    249, 245, 245, 243, 241, 242, 241, 238, 239, 240, 241, 240, 239, 239,
    242, 242, 241, 240, 240 ]
headPositionsY: [ 72, 73, 72, 75, 70, 72, 71, 74, 72, 72, 73, 74, 71, 72,
    72, 75, 75, 74, 75, 75, 75, 71, 71, 75, 71, 70, 75, 74, 74, 72, 71,
    75, 76, 75, 72, 74, 72, 73, 72, 71, 75, 75, 74, 72, 74, 74, 73, 74,
    73, 75, 74, 72, 70, 72, 72, 69, 72, 72, 71, 72, 74, 73, 77, 72, 72,
    75, 72, 76, 74, 75, 72, 76, 72, 73, 71, 73, 72, 74, 71, 72, 72, 74,
    74, 76, 75, 76, 75, 78, 75, 76, 74, 75, 76, 73, 74, 74, 76, 77, 74,
    76 ]
