%YAML:1.0
---
videoName: "headShake19.mp4"
gestureLabel: 201
fps: 29
pixelSizeInCmTemp: 3.1933333333333330e-01
faceCenterPointX: 243
faceCenterPointY: 78
headPositionsX: [ 244, 241, 244, 246, 244, 243, 240, 244, 241, 243, 246,
    246, 245, 245, 244, 242, 243, 244, 245, 245, 242, 244, 240, 243, 243,
    244, 244, 244, 244, 241, 243, 244, 241, 244, 242, 238, 238, 237, 237,
    231, 232, 235, 240, 245, 246, 255, 258, 259, 255, 256, 247, 243, 236,
    234, 230, 231, 233, 235, 239, 239, 246, 246, 250, 246, 248, 246, 239,
    241, 237, 235, 236, 235, 237, 237, 239, 243, 246, 246, 245, 245, 242,
    246, 244, 243, 239, 242, 238, 242, 241, 238, 241, 244, 241, 242, 243,
    243, 246, 244, 243, 243 ]
headPositionsY: [ 79, 77, 75, 78, 76, 78, 76, 75, 75, 74, 78, 79, 75, 75,
    79, 77, 77, 77, 77, 76, 78, 77, 75, 78, 75, 75, 76, 75, 76, 77, 75,
    77, 77, 78, 77, 78, 76, 75, 79, 76, 79, 76, 76, 77, 77, 78, 76, 75,
    74, 78, 77, 76, 75, 78, 76, 75, 76, 75, 77, 75, 76, 76, 79, 76, 77,
    79, 78, 78, 75, 77, 78, 77, 79, 79, 78, 79, 80, 80, 77, 80, 76, 78,
    75, 79, 79, 78, 76, 81, 77, 80, 77, 76, 79, 79, 78, 80, 80, 77, 77,
    80 ]
