%YAML:1.0
---
videoName: "headLookUp4.mp4"
gestureLabel: 205
fps: 30
pixelSizeInCmTemp: 3.6846153846153845e-01
faceCenterPointX: 256
faceCenterPointY: 68
headPositionsX: [ 257, 255, 254, 256, 257, 254, 256, 256, 258, 257, 257,
    259, 259, 254, 258, 254, 257, 257, 258, 257, 256, 256, 257, 258, 258,
    255, 257, 255, 255, 256, 256, 255, 253, 254, 255, 254, 255, 255, 254,
    254, 256, 254, 258, 255, 255, 257, 257, 254, 257, 255, 253, 257, 258,
    258, 256, 256, 255, 254, 257, 257, 256, 253, 257, 257, 257, 257, 256,
    257, 255, 258, 257, 255, 258, 257, 254, 255, 255, 258, 254, 257, 253,
    253, 253, 254, 254, 256, 257, 254, 257, 255, 257, 257, 256, 254, 257,
    253, 257, 256, 256, 255 ]
headPositionsY: [ 66, 80, 81, 81, 83, 83, 83, 84, 81, 84, 82, 82, 80, 82,
    82, 82, 83, 82, 82, 83, 80, 79, 81, 79, 79, 78, 74, 75, 72, 70, 70,
    70, 67, 72, 70, 69, 67, 68, 70, 68, 67, 72, 70, 68, 66, 70, 71, 71,
    67, 67, 69, 67, 67, 70, 67, 67, 70, 68, 69, 70, 67, 65, 65, 66, 70,
    72, 70, 72, 72, 71, 69, 67, 67, 69, 68, 70, 67, 70, 68, 69, 72, 67,
    68, 67, 70, 68, 70, 69, 68, 71, 67, 71, 68, 67, 71, 69, 67, 70, 66,
    68 ]
