%YAML:1.0
---
videoName: "headShake26.mp4"
gestureLabel: 201
fps: 30
pixelSizeInCmTemp: 3.2808219178082193e-01
faceCenterPointX: 243
faceCenterPointY: 78
headPositionsX: [ 244, 238, 238, 238, 240, 245, 242, 244, 248, 250, 251,
    248, 251, 252, 252, 250, 253, 249, 247, 243, 239, 239, 234, 234, 232,
    229, 230, 228, 228, 233, 230, 234, 239, 242, 248, 246, 248, 253, 253,
    255, 252, 251, 249, 250, 247, 239, 241, 234, 234, 228, 231, 229, 231,
    231, 230, 232, 237, 239, 241, 249, 249, 250, 250, 254, 254, 254, 253,
    248, 249, 249, 244, 243, 242, 242, 237, 237, 235, 237, 235, 235, 238,
    239, 239, 239, 238, 240, 240, 240, 243, 245, 243, 244, 244, 246, 245,
    243, 242, 243, 241, 245 ]
headPositionsY: [ 80, 77, 78, 78, 78, 79, 80, 76, 76, 75, 79, 78, 76, 76,
    79, 79, 80, 77, 80, 78, 78, 77, 75, 79, 78, 74, 76, 76, 74, 77, 75,
    79, 76, 76, 77, 75, 78, 79, 76, 77, 78, 77, 76, 76, 80, 78, 79, 76,
    77, 80, 77, 73, 76, 75, 75, 79, 77, 76, 78, 78, 76, 76, 75, 79, 74,
    76, 80, 77, 78, 79, 80, 78, 77, 81, 78, 81, 78, 78, 79, 78, 77, 77,
    78, 81, 78, 80, 81, 78, 79, 81, 81, 81, 77, 80, 77, 79, 78, 77, 81,
    80 ]
