%YAML:1.0
---
videoName: "headLookRight0.mp4"
gestureLabel: 204
fps: 29
pixelSizeInCmTemp: 3.1933333333333330e-01
faceCenterPointX: 229
faceCenterPointY: 68
headPositionsX: [ 227, 258, 256, 255, 254, 257, 256, 255, 256, 254, 256,
    259, 255, 256, 259, 256, 254, 254, 258, 258, 258, 259, 257, 257, 258,
    256, 258, 254, 258, 257, 254, 258, 257, 253, 254, 255, 256, 254, 254,
    252, 252, 250, 248, 246, 242, 238, 238, 238, 234, 234, 235, 237, 237,
    235, 232, 235, 234, 236, 233, 233, 233, 232, 232, 234, 233, 235, 235,
    233, 232, 235, 231, 238, 233, 235, 231, 232, 228, 229, 231, 232, 234,
    230, 230, 229, 230, 230, 232, 231, 227, 231, 229, 231, 231, 226, 227,
    228, 230, 229, 226, 227 ]
headPositionsY: [ 69, 67, 63, 66, 66, 64, 65, 63, 64, 67, 64, 65, 69, 68,
    66, 68, 65, 67, 67, 67, 70, 65, 65, 67, 67, 66, 69, 67, 67, 66, 68,
    69, 68, 68, 67, 69, 69, 67, 68, 70, 69, 67, 68, 68, 68, 70, 69, 67,
    68, 67, 68, 70, 65, 71, 67, 67, 66, 70, 67, 68, 68, 70, 68, 68, 66,
    66, 69, 69, 68, 69, 68, 70, 67, 69, 69, 68, 70, 69, 67, 66, 66, 69,
    70, 68, 69, 69, 67, 66, 68, 66, 68, 68, 71, 67, 66, 67, 67, 67, 68,
    71 ]
