%YAML:1.0
---
videoName: "headShake5.mp4"
gestureLabel: 201
fps: 30
pixelSizeInCmTemp: 3.3263888888888887e-01
faceCenterPointX: 275
faceCenterPointY: 73
headPositionsX: [ 273, 279, 279, 278, 276, 276, 281, 276, 280, 277, 279,
    280, 279, 277, 278, 277, 278, 275, 279, 280, 276, 277, 277, 277, 280,
    277, 278, 278, 277, 277, 280, 278, 281, 279, 282, 283, 287, 291, 293,
    297, 296, 292, 289, 285, 280, 273, 265, 262, 265, 266, 269, 276, 282,
    285, 291, 290, 288, 283, 282, 272, 267, 261, 261, 262, 265, 271, 276,
    278, 282, 282, 286, 283, 283, 276, 274, 271, 268, 265, 266, 268, 269,
    273, 275, 280, 281, 281, 282, 284, 282, 279, 281, 281, 275, 275, 276,
    275, 275, 277, 277, 276 ]
headPositionsY: [ 72, 75, 72, 71, 74, 72, 73, 72, 75, 71, 72, 75, 75, 72,
    74, 75, 72, 73, 71, 74, 74, 73, 76, 71, 75, 72, 74, 71, 76, 74, 73,
    71, 73, 74, 74, 71, 73, 71, 73, 70, 73, 74, 72, 75, 73, 74, 72, 76,
    74, 74, 73, 74, 74, 75, 72, 75, 72, 72, 74, 75, 74, 72, 75, 76, 74,
    74, 76, 73, 74, 75, 74, 74, 75, 77, 72, 74, 75, 73, 72, 74, 73, 71,
    71, 74, 74, 74, 70, 71, 73, 70, 70, 72, 73, 71, 74, 72, 71, 75, 72,
    73 ]
