%YAML:1.0
---
videoName: "headShake18.mp4"
gestureLabel: 201
fps: 30
pixelSizeInCmTemp: 3.2808219178082193e-01
faceCenterPointX: 240
faceCenterPointY: 77
headPositionsX: [ 241, 243, 243, 241, 240, 243, 240, 242, 239, 241, 242,
    238, 240, 239, 240, 239, 239, 240, 242, 241, 242, 239, 242, 242, 242,
    241, 238, 242, 242, 240, 241, 239, 238, 238, 241, 241, 241, 244, 249,
    253, 253, 252, 251, 249, 247, 241, 236, 237, 231, 228, 228, 230, 236,
    237, 240, 248, 247, 251, 246, 244, 244, 238, 240, 236, 235, 233, 234,
    234, 238, 242, 244, 241, 245, 246, 246, 242, 239, 236, 238, 236, 235,
    239, 239, 239, 240, 241, 241, 245, 241, 245, 244, 242, 243, 241, 242,
    238, 238, 239, 240, 243 ]
headPositionsY: [ 79, 75, 76, 74, 78, 76, 74, 76, 77, 79, 74, 76, 77, 77,
    78, 78, 74, 77, 75, 77, 73, 75, 76, 77, 76, 78, 76, 78, 77, 78, 76,
    74, 75, 78, 79, 74, 76, 78, 77, 76, 75, 75, 75, 78, 78, 79, 75, 78,
    76, 74, 73, 76, 78, 79, 74, 76, 74, 77, 78, 79, 78, 77, 77, 75, 78,
    77, 77, 74, 79, 79, 77, 75, 79, 79, 76, 76, 78, 77, 75, 76, 77, 79,
    78, 77, 76, 75, 77, 79, 75, 78, 80, 75, 79, 76, 79, 75, 78, 75, 75,
    78 ]
