%YAML:1.0
---
videoName: "headNod14.mp4"
gestureLabel: 202
fps: 29
pixelSizeInCmTemp: 3.2808219178082193e-01
faceCenterPointX: 257
faceCenterPointY: 71
headPositionsX: [ 255, 258, 260, 257, 261, 255, 256, 259, 255, 259, 259,
    260, 260, 257, 258, 260, 256, 257, 260, 257, 260, 258, 259, 258, 259,
    258, 261, 260, 258, 260, 260, 259, 259, 261, 256, 261, 260, 259, 258,
    260, 257, 258, 262, 259, 258, 257, 259, 258, 259, 261, 257, 260, 257,
    258, 256, 259, 257, 259, 259, 258, 258, 256, 259, 258, 260, 258, 260,
    259, 257, 259, 257, 261, 259, 257, 259, 257, 256, 256, 257, 257, 257,
    256, 259, 255, 260, 255, 258, 258, 256, 257, 258, 258, 259, 255, 257,
    256, 255, 257, 256, 259 ]
headPositionsY: [ 71, 78, 75, 79, 79, 77, 77, 78, 78, 79, 79, 80, 76, 78,
    77, 79, 77, 77, 78, 79, 80, 79, 76, 76, 76, 77, 76, 77, 79, 78, 76,
    77, 76, 76, 79, 79, 77, 80, 78, 74, 73, 73, 72, 67, 70, 70, 71, 73,
    73, 71, 75, 76, 78, 82, 81, 83, 79, 79, 76, 75, 72, 72, 67, 70, 70,
    72, 74, 77, 76, 81, 80, 84, 80, 77, 76, 72, 68, 67, 68, 68, 73, 74,
    77, 79, 80, 79, 81, 79, 77, 77, 72, 72, 67, 69, 68, 70, 72, 71, 73,
    70 ]
