%YAML:1.0
---
videoName: "headNod12.mp4"
gestureLabel: 202
fps: 29
pixelSizeInCmTemp: 3.2808219178082193e-01
faceCenterPointX: 254
faceCenterPointY: 69
headPositionsX: [ 252, 251, 255, 254, 252, 254, 256, 254, 257, 257, 257,
    257, 254, 257, 255, 256, 256, 254, 256, 257, 253, 258, 257, 257, 258,
    257, 256, 258, 256, 255, 255, 255, 254, 256, 253, 256, 253, 253, 255,
    255, 256, 257, 253, 256, 256, 255, 254, 254, 254, 256, 256, 254, 255,
    256, 252, 252, 252, 255, 253, 256, 254, 253, 254, 253, 255, 255, 254,
    256, 253, 254, 253, 255, 254, 252, 255, 253, 252, 257, 256, 255, 253,
    257, 255, 253, 254, 254, 252, 258, 252, 253, 256, 254, 257, 253, 253,
    253, 253, 256, 253, 253 ]
headPositionsY: [ 71, 75, 70, 75, 74, 74, 73, 73, 75, 76, 74, 75, 76, 74,
    74, 72, 71, 71, 74, 71, 73, 74, 73, 71, 75, 75, 76, 76, 76, 76, 77,
    75, 76, 74, 75, 71, 69, 68, 67, 65, 62, 63, 63, 60, 62, 68, 70, 72,
    70, 76, 76, 77, 78, 77, 74, 73, 73, 69, 67, 64, 65, 64, 64, 67, 66,
    66, 71, 69, 72, 73, 78, 73, 77, 76, 71, 72, 70, 70, 66, 66, 64, 67,
    67, 68, 70, 70, 67, 71, 74, 75, 74, 74, 71, 74, 72, 73, 71, 68, 70,
    71 ]
