%YAML:1.0
---
videoName: "headNod37.mp4"
gestureLabel: 202
fps: 29
pixelSizeInCmTemp: 2.9207317073170730e-01
faceCenterPointX: 269
faceCenterPointY: 78
headPositionsX: [ 269, 272, 269, 273, 269, 268, 273, 268, 270, 271, 272,
    269, 270, 269, 269, 272, 269, 270, 267, 271, 271, 268, 269, 266, 271,
    267, 269, 271, 266, 270, 272, 268, 271, 268, 269, 267, 271, 268, 268,
    271, 270, 267, 268, 268, 268, 268, 269, 270, 273, 272, 267, 267, 272,
    271, 270, 270, 270, 269, 269, 268, 270, 271, 266, 267, 267, 267, 267,
    266, 268, 265, 269, 268, 266, 270, 267, 269, 267, 267, 269, 272, 268,
    270, 272, 270, 268, 269, 270, 269, 270, 267, 269, 270, 271, 269, 271,
    270, 266, 270, 271, 270 ]
headPositionsY: [ 77, 75, 75, 74, 76, 74, 75, 75, 75, 76, 75, 78, 75, 75,
    78, 77, 76, 76, 74, 76, 75, 77, 75, 76, 77, 76, 76, 77, 73, 78, 78,
    76, 74, 79, 77, 77, 75, 74, 77, 75, 75, 73, 74, 75, 75, 78, 78, 75,
    78, 75, 73, 73, 70, 70, 65, 69, 66, 68, 69, 65, 70, 70, 77, 83, 85,
    89, 88, 85, 84, 78, 74, 70, 68, 66, 68, 68, 66, 66, 67, 71, 72, 72,
    79, 78, 84, 81, 80, 83, 82, 81, 81, 77, 77, 75, 76, 79, 78, 80, 77,
    80 ]
