%YAML:1.0
---
videoName: "headLookLeft0.mp4"
gestureLabel: 203
fps: 29
pixelSizeInCmTemp: 3.6287878787878786e-01
faceCenterPointX: 286
faceCenterPointY: 69
headPositionsX: [ 287, 256, 255, 255, 256, 254, 251, 253, 255, 255, 251,
    253, 255, 252, 254, 253, 254, 253, 253, 252, 256, 252, 253, 255, 255,
    255, 255, 253, 254, 256, 256, 255, 257, 254, 254, 256, 257, 254, 255,
    257, 255, 254, 255, 257, 254, 254, 257, 255, 255, 255, 257, 257, 257,
    254, 255, 257, 257, 257, 253, 257, 254, 256, 256, 254, 256, 253, 252,
    257, 255, 254, 255, 255, 254, 256, 253, 255, 254, 254, 259, 261, 258,
    262, 267, 268, 269, 270, 276, 274, 282, 276, 279, 276, 283, 282, 285,
    284, 288, 286, 288, 288 ]
headPositionsY: [ 71, 71, 66, 70, 66, 68, 67, 68, 68, 69, 71, 71, 70, 71,
    69, 70, 68, 69, 70, 69, 69, 69, 67, 69, 71, 69, 69, 71, 69, 72, 71,
    72, 71, 68, 72, 70, 72, 72, 68, 73, 70, 69, 69, 69, 70, 70, 71, 74,
    69, 71, 71, 73, 71, 72, 71, 71, 70, 72, 72, 70, 70, 69, 74, 69, 70,
    69, 71, 72, 69, 72, 72, 71, 73, 70, 71, 70, 72, 70, 70, 73, 69, 69,
    72, 71, 71, 67, 69, 70, 69, 67, 66, 66, 67, 66, 71, 71, 71, 70, 70,
    71 ]
