%YAML:1.0
---
videoName: "headNod43.mp4"
gestureLabel: 202
fps: 29
pixelSizeInCmTemp: 2.8855421686746985e-01
faceCenterPointX: 268
faceCenterPointY: 74
headPositionsX: [ 267, 271, 271, 269, 271, 272, 268, 269, 269, 268, 266,
    267, 268, 270, 269, 267, 266, 269, 267, 269, 268, 271, 266, 268, 269,
    267, 266, 266, 266, 266, 263, 266, 264, 265, 268, 263, 264, 266, 265,
    265, 263, 263, 264, 266, 265, 264, 265, 269, 265, 263, 263, 265, 266,
    264, 263, 262, 262, 263, 265, 263, 266, 265, 265, 265, 267, 264, 266,
    268, 268, 267, 269, 267, 267, 266, 266, 264, 270, 268, 269, 265, 267,
    271, 270, 267, 271, 270, 271, 269, 271, 269, 270, 267, 266, 266, 268,
    267, 270, 269, 269, 268 ]
headPositionsY: [ 75, 77, 77, 77, 76, 77, 78, 73, 76, 73, 77, 74, 77, 76,
    78, 77, 76, 75, 74, 76, 73, 77, 74, 78, 75, 76, 80, 82, 89, 90, 88,
    86, 86, 84, 80, 77, 78, 81, 84, 85, 88, 93, 91, 89, 86, 83, 82, 82,
    81, 87, 89, 90, 93, 89, 87, 85, 81, 84, 81, 85, 85, 91, 91, 89, 89,
    85, 84, 80, 78, 76, 78, 82, 84, 86, 88, 91, 88, 89, 86, 83, 79, 73,
    72, 72, 71, 72, 71, 74, 73, 74, 72, 72, 73, 76, 71, 74, 74, 73, 75,
    72 ]
