%YAML:1.0
---
videoName: "headLookRight0.mp4"
gestureLabel: 204
fps: 29
pixelSizeInCmTemp: 3.1933333333333330e-01
faceCenterPointX: 229
faceCenterPointY: 68
headPositionsX: [ 229, 258, 254, 254, 258, 258, 254, 257, 254, 255, 257,
    258, 256, 257, 255, 256, 258, 256, 258, 257, 256, 256, 257, 256, 257,
    257, 255, 254, 256, 258, 255, 256, 255, 254, 256, 256, 256, 255, 255,
    255, 250, 250, 248, 244, 242, 238, 240, 238, 237, 234, 235, 236, 233,
    233, 233, 236, 234, 232, 234, 231, 235, 235, 233, 233, 230, 234, 235,
    231, 231, 233, 233, 235, 232, 236, 235, 234, 231, 233, 231, 228, 233,
    231, 233, 228, 233, 231, 234, 233, 228, 229, 230, 233, 230, 226, 228,
    229, 232, 230, 226, 229 ]
headPositionsY: [ 68, 67, 63, 65, 64, 65, 66, 62, 66, 65, 64, 69, 69, 68,
    69, 69, 64, 66, 65, 67, 67, 69, 65, 69, 67, 65, 70, 66, 67, 67, 68,
    66, 69, 68, 70, 66, 67, 68, 66, 68, 69, 67, 69, 69, 66, 68, 65, 70,
    70, 68, 67, 68, 66, 67, 68, 66, 70, 66, 67, 65, 67, 69, 69, 69, 66,
    67, 69, 68, 66, 69, 69, 66, 66, 66, 66, 65, 66, 68, 68, 66, 68, 70,
    69, 69, 66, 67, 70, 68, 67, 65, 67, 66, 67, 69, 70, 69, 68, 67, 67,
    71 ]
