%YAML:1.0
---
videoName: "headShake31.mp4"
gestureLabel: 201
fps: 29
pixelSizeInCmTemp: 3.2808219178082193e-01
faceCenterPointX: 236
faceCenterPointY: 68
headPositionsX: [ 238, 238, 239, 235, 237, 236, 235, 237, 238, 239, 236,
    234, 237, 236, 239, 236, 236, 239, 238, 236, 234, 237, 239, 237, 234,
    238, 239, 235, 238, 239, 235, 237, 238, 238, 237, 234, 236, 237, 243,
    244, 246, 253, 253, 254, 250, 251, 246, 239, 232, 225, 222, 224, 222,
    225, 226, 233, 240, 246, 245, 245, 244, 244, 241, 238, 234, 230, 226,
    228, 229, 229, 234, 236, 240, 239, 242, 243, 243, 241, 239, 238, 240,
    234, 237, 234, 234, 233, 233, 237, 233, 235, 233, 234, 233, 236, 235,
    238, 235, 234, 234, 233 ]
headPositionsY: [ 68, 67, 66, 66, 69, 69, 68, 69, 66, 69, 66, 68, 65, 68,
    67, 66, 68, 68, 68, 65, 65, 68, 69, 67, 65, 66, 67, 65, 69, 65, 69,
    68, 65, 66, 70, 65, 66, 65, 69, 64, 68, 65, 65, 68, 65, 69, 67, 69,
    70, 67, 68, 67, 69, 68, 70, 71, 71, 71, 71, 71, 70, 69, 68, 69, 67,
    68, 67, 67, 68, 69, 69, 70, 70, 68, 68, 66, 66, 70, 67, 68, 70, 70,
    67, 67, 66, 67, 68, 70, 69, 69, 67, 71, 68, 66, 69, 67, 70, 67, 70,
    67 ]
