%YAML:1.0
---
videoName: "headShake29.mp4"
gestureLabel: 201
fps: 29
pixelSizeInCmTemp: 3.3263888888888887e-01
faceCenterPointX: 243
faceCenterPointY: 76
headPositionsX: [ 241, 240, 244, 245, 242, 244, 240, 243, 242, 240, 241,
    241, 244, 244, 243, 242, 241, 241, 241, 243, 245, 241, 242, 239, 238,
    240, 241, 236, 237, 238, 242, 246, 252, 254, 256, 254, 255, 251, 246,
    241, 236, 232, 229, 228, 229, 231, 233, 240, 241, 246, 250, 253, 253,
    252, 250, 245, 240, 238, 234, 230, 231, 229, 229, 234, 236, 241, 245,
    248, 251, 255, 250, 250, 247, 245, 243, 238, 235, 235, 235, 235, 234,
    232, 237, 237, 240, 236, 241, 242, 242, 244, 241, 244, 242, 244, 243,
    242, 241, 245, 240, 241 ]
headPositionsY: [ 74, 77, 74, 77, 74, 77, 77, 77, 78, 74, 74, 76, 77, 76,
    73, 74, 78, 75, 75, 74, 77, 77, 78, 74, 78, 74, 77, 76, 78, 76, 74,
    78, 75, 73, 76, 73, 73, 77, 77, 77, 78, 77, 76, 76, 77, 76, 75, 74,
    76, 77, 77, 77, 75, 74, 77, 79, 77, 75, 76, 76, 78, 77, 78, 77, 80,
    76, 78, 76, 76, 78, 75, 73, 75, 78, 78, 74, 75, 74, 74, 75, 77, 78,
    77, 75, 75, 78, 75, 77, 78, 78, 76, 79, 78, 75, 75, 76, 77, 74, 76,
    76 ]
