%YAML:1.0
---
videoName: "headShake0.mp4"
gestureLabel: 201
fps: 29
pixelSizeInCmTemp: 3.2808219178082193e-01
faceCenterPointX: 279
faceCenterPointY: 94
headPositionsX: [ 277, 277, 281, 277, 280, 278, 278, 281, 280, 279, 280,
    279, 277, 277, 278, 278, 280, 277, 281, 277, 277, 280, 281, 279, 281,
    277, 278, 279, 281, 281, 280, 278, 281, 277, 277, 277, 278, 278, 278,
    278, 281, 279, 287, 285, 293, 295, 299, 301, 301, 301, 295, 293, 289,
    283, 277, 277, 272, 275, 273, 279, 284, 286, 291, 290, 292, 290, 286,
    283, 279, 275, 272, 271, 275, 277, 278, 280, 285, 286, 284, 281, 281,
    278, 276, 277, 274, 277, 276, 277, 278, 277, 277, 280, 281, 280, 278,
    279, 278, 278, 280, 277 ]
headPositionsY: [ 94, 95, 91, 93, 93, 92, 94, 95, 94, 95, 94, 93, 91, 91,
    91, 92, 93, 92, 92, 94, 95, 94, 95, 92, 95, 92, 94, 91, 93, 94, 90,
    94, 91, 92, 94, 94, 91, 94, 94, 92, 91, 94, 92, 90, 90, 91, 93, 92,
    90, 89, 89, 90, 92, 93, 91, 92, 94, 91, 94, 92, 92, 93, 92, 92, 94,
    92, 92, 95, 94, 93, 91, 92, 92, 91, 93, 91, 91, 94, 95, 94, 95, 93,
    93, 93, 93, 94, 96, 94, 96, 93, 94, 94, 92, 94, 96, 95, 96, 94, 93,
    95 ]
