%YAML:1.0
---
videoName: "headLookUp8.mp4"
gestureLabel: 205
fps: 29
pixelSizeInCmTemp: 3.4214285714285714e-01
faceCenterPointX: 253
faceCenterPointY: 59
headPositionsX: [ 253, 250, 255, 255, 250, 253, 256, 252, 253, 251, 252,
    254, 251, 255, 254, 254, 254, 252, 252, 253, 253, 253, 251, 250, 254,
    250, 253, 252, 249, 253, 255, 252, 250, 252, 252, 253, 254, 254, 254,
    252, 250, 252, 253, 253, 252, 252, 254, 250, 255, 252, 253, 255, 253,
    252, 252, 251, 253, 252, 251, 254, 252, 253, 255, 252, 255, 255, 253,
    252, 250, 255, 254, 250, 251, 252, 253, 251, 253, 253, 253, 251, 251,
    251, 252, 254, 251, 253, 254, 254, 251, 251, 251, 253, 252, 254, 253,
    250, 253, 255, 254, 252 ]
headPositionsY: [ 61, 79, 78, 77, 77, 79, 77, 78, 74, 78, 75, 75, 77, 73,
    76, 70, 71, 72, 72, 68, 70, 67, 68, 66, 68, 68, 65, 65, 63, 61, 62,
    60, 64, 64, 61, 63, 62, 58, 61, 59, 61, 59, 58, 57, 58, 57, 58, 61,
    57, 58, 61, 57, 59, 58, 57, 60, 61, 61, 60, 59, 60, 58, 56, 60, 57,
    58, 57, 61, 58, 59, 58, 58, 59, 57, 59, 57, 57, 60, 57, 61, 61, 61,
    61, 56, 60, 59, 59, 58, 58, 61, 60, 60, 58, 58, 59, 61, 60, 57, 62,
    60 ]
