%YAML:1.0
---
videoName: "headLookRight1.mp4"
gestureLabel: 204
fps: 29
pixelSizeInCmTemp: 3.3263888888888887e-01
faceCenterPointX: 232
faceCenterPointY: 68
headPositionsX: [ 232, 254, 255, 257, 257, 257, 256, 255, 257, 258, 255,
    256, 257, 255, 258, 257, 256, 255, 255, 257, 255, 254, 257, 258, 254,
    257, 254, 257, 253, 254, 255, 251, 249, 247, 247, 245, 243, 238, 235,
    233, 236, 234, 228, 233, 231, 233, 233, 228, 228, 229, 233, 234, 232,
    230, 230, 233, 233, 233, 235, 232, 232, 231, 230, 230, 233, 231, 232,
    233, 234, 235, 233, 232, 233, 233, 235, 234, 229, 234, 231, 235, 229,
    232, 233, 233, 231, 229, 233, 230, 233, 231, 234, 233, 232, 230, 230,
    231, 234, 233, 231, 230 ]
headPositionsY: [ 66, 69, 70, 66, 70, 70, 69, 68, 66, 70, 66, 70, 70, 69,
    69, 68, 68, 69, 67, 66, 69, 69, 70, 67, 70, 70, 70, 68, 67, 70, 69,
    66, 69, 67, 70, 70, 70, 66, 70, 69, 70, 68, 69, 69, 67, 70, 66, 69,
    66, 69, 67, 71, 70, 71, 66, 69, 71, 67, 68, 66, 68, 66, 69, 69, 67,
    69, 66, 71, 66, 67, 69, 68, 67, 67, 69, 67, 71, 68, 69, 68, 65, 66,
    68, 68, 70, 68, 69, 66, 67, 70, 68, 66, 66, 68, 66, 67, 70, 67, 70,
    68 ]
