%YAML:1.0
---
videoName: "headNod12.mp4"
gestureLabel: 202
fps: 29
pixelSizeInCmTemp: 3.2808219178082193e-01
faceCenterPointX: 254
faceCenterPointY: 69
headPositionsX: [ 254, 255, 253, 255, 252, 253, 254, 251, 257, 253, 253,
    258, 254, 258, 257, 256, 255, 255, 258, 259, 255, 258, 257, 255, 254,
    258, 257, 255, 256, 256, 255, 257, 257, 252, 255, 256, 255, 253, 254,
    255, 255, 253, 256, 252, 252, 258, 255, 253, 252, 256, 252, 255, 252,
    255, 252, 252, 254, 256, 256, 255, 255, 253, 253, 254, 254, 252, 253,
    253, 252, 252, 252, 253, 254, 256, 255, 256, 253, 256, 252, 254, 253,
    256, 255, 256, 253, 253, 252, 254, 254, 255, 256, 253, 255, 253, 257,
    254, 252, 254, 256, 255 ]
headPositionsY: [ 71, 74, 71, 72, 73, 74, 74, 74, 73, 76, 76, 76, 75, 71,
    72, 73, 73, 72, 75, 73, 72, 73, 75, 75, 75, 72, 72, 73, 74, 76, 76,
    74, 73, 74, 71, 73, 69, 68, 65, 65, 64, 61, 64, 64, 62, 64, 68, 73,
    73, 77, 75, 80, 80, 78, 75, 71, 73, 65, 65, 66, 64, 61, 63, 64, 66,
    70, 68, 73, 73, 76, 74, 73, 78, 75, 72, 68, 68, 66, 67, 66, 66, 66,
    65, 67, 67, 71, 71, 71, 74, 73, 72, 73, 75, 74, 72, 70, 73, 71, 68,
    72 ]
