%YAML:1.0
---
videoName: "headShake31.mp4"
gestureLabel: 201
fps: 29
pixelSizeInCmTemp: 3.2808219178082193e-01
faceCenterPointX: 236
faceCenterPointY: 68
headPositionsX: [ 236, 237, 235, 235, 236, 237, 235, 237, 237, 235, 239,
    238, 238, 235, 238, 236, 237, 238, 235, 237, 236, 235, 237, 236, 236,
    237, 236, 239, 237, 237, 237, 237, 239, 235, 234, 233, 235, 237, 240,
    243, 250, 253, 250, 252, 253, 250, 245, 240, 230, 227, 224, 222, 221,
    222, 227, 231, 241, 243, 244, 249, 245, 244, 241, 235, 236, 233, 226,
    228, 231, 229, 233, 237, 239, 240, 241, 240, 241, 245, 240, 238, 236,
    234, 233, 234, 232, 234, 236, 237, 234, 234, 235, 236, 235, 236, 236,
    238, 236, 236, 235, 233 ]
headPositionsY: [ 68, 64, 65, 66, 69, 66, 66, 69, 65, 68, 66, 66, 68, 65,
    69, 67, 67, 69, 70, 65, 69, 66, 67, 70, 65, 68, 66, 68, 66, 68, 67,
    69, 65, 66, 69, 68, 65, 67, 68, 66, 65, 65, 67, 65, 69, 66, 66, 70,
    68, 69, 68, 69, 66, 70, 70, 69, 70, 72, 69, 69, 71, 68, 69, 67, 70,
    71, 69, 68, 70, 72, 71, 70, 70, 66, 70, 66, 69, 68, 68, 71, 67, 68,
    69, 67, 68, 67, 70, 71, 67, 70, 68, 70, 69, 67, 69, 68, 69, 71, 68,
    67 ]
