%YAML:1.0
---
videoName: "headNod46.mp4"
gestureLabel: 202
fps: 30
pixelSizeInCmTemp: 2.8511904761904761e-01
faceCenterPointX: 264
faceCenterPointY: 72
headPositionsX: [ 262, 262, 262, 267, 266, 267, 264, 263, 265, 264, 265,
    261, 265, 263, 264, 266, 261, 265, 263, 263, 263, 266, 265, 266, 264,
    267, 266, 268, 268, 269, 264, 263, 263, 264, 264, 261, 262, 263, 263,
    264, 262, 263, 263, 265, 261, 262, 261, 261, 260, 263, 262, 262, 263,
    261, 261, 264, 265, 265, 262, 261, 260, 263, 265, 262, 266, 265, 263,
    265, 265, 263, 265, 265, 267, 263, 266, 263, 263, 262, 266, 267, 265,
    262, 263, 265, 262, 262, 265, 263, 260, 262, 264, 263, 265, 262, 262,
    265, 263, 262, 264, 262 ]
headPositionsY: [ 70, 70, 68, 69, 66, 68, 67, 73, 70, 74, 77, 77, 79, 83,
    87, 91, 91, 89, 84, 85, 82, 76, 75, 70, 71, 70, 72, 72, 73, 75, 79,
    87, 89, 90, 86, 82, 79, 78, 75, 66, 70, 69, 70, 73, 72, 75, 82, 83,
    84, 85, 83, 77, 77, 69, 68, 64, 65, 67, 69, 69, 71, 79, 77, 79, 74,
    76, 70, 69, 69, 69, 68, 71, 69, 75, 77, 74, 76, 73, 73, 71, 71, 67,
    69, 72, 70, 74, 75, 75, 74, 73, 74, 70, 73, 73, 72, 73, 74, 72, 73,
    71 ]
