%YAML:1.0
---
videoName: "headNod41.mp4"
gestureLabel: 202
fps: 29
pixelSizeInCmTemp: 2.9937500000000000e-01
faceCenterPointX: 267
faceCenterPointY: 76
headPositionsX: [ 268, 267, 272, 269, 271, 271, 271, 269, 272, 268, 271,
    268, 271, 268, 272, 272, 270, 271, 271, 272, 270, 269, 271, 271, 269,
    270, 269, 267, 267, 270, 272, 268, 271, 268, 267, 270, 270, 268, 268,
    271, 272, 271, 268, 271, 269, 270, 267, 270, 267, 269, 268, 267, 268,
    267, 271, 269, 266, 271, 268, 267, 269, 270, 269, 267, 266, 271, 266,
    269, 270, 270, 269, 266, 269, 267, 269, 266, 268, 267, 269, 265, 267,
    266, 270, 269, 267, 268, 267, 267, 270, 269, 268, 266, 265, 268, 269,
    269, 270, 268, 266, 266 ]
headPositionsY: [ 76, 71, 71, 72, 71, 75, 72, 71, 73, 71, 73, 73, 72, 72,
    73, 76, 72, 73, 75, 72, 76, 76, 76, 74, 76, 75, 75, 74, 75, 72, 75,
    76, 73, 74, 76, 72, 74, 73, 76, 75, 79, 82, 87, 87, 92, 94, 89, 89,
    82, 77, 78, 71, 72, 64, 64, 66, 67, 69, 71, 78, 82, 88, 91, 93, 94,
    91, 84, 79, 76, 74, 72, 69, 70, 69, 71, 76, 78, 83, 82, 82, 84, 77,
    74, 75, 75, 74, 75, 73, 73, 76, 80, 82, 81, 82, 80, 76, 77, 78, 77,
    79 ]
