%YAML:1.0
---
videoName: "headShake1.mp4"
gestureLabel: 201
fps: 29
pixelSizeInCmTemp: 3.3263888888888887e-01
faceCenterPointX: 279
faceCenterPointY: 98
headPositionsX: [ 279, 277, 279, 280, 280, 280, 280, 277, 279, 280, 280,
    277, 281, 277, 280, 278, 279, 278, 279, 277, 280, 278, 278, 281, 281,
    280, 280, 281, 281, 282, 285, 288, 291, 292, 291, 291, 290, 288, 284,
    281, 280, 274, 271, 269, 269, 272, 269, 275, 278, 284, 289, 292, 290,
    289, 290, 289, 283, 281, 273, 268, 269, 264, 269, 267, 275, 276, 283,
    288, 289, 290, 290, 291, 289, 286, 282, 281, 277, 273, 270, 270, 267,
    273, 269, 272, 272, 273, 274, 275, 277, 276, 278, 280, 279, 280, 278,
    278, 280, 281, 281, 277 ]
headPositionsY: [ 99, 96, 96, 98, 97, 97, 98, 99, 98, 99, 97, 98, 98, 99,
    98, 96, 99, 96, 95, 95, 99, 100, 98, 97, 96, 97, 99, 98, 94, 97, 95,
    94, 96, 97, 97, 95, 96, 93, 98, 95, 98, 97, 94, 97, 96, 99, 97, 99,
    96, 94, 95, 93, 96, 94, 96, 97, 98, 99, 97, 94, 97, 97, 96, 93, 98,
    95, 97, 93, 94, 94, 97, 94, 96, 95, 98, 99, 97, 98, 97, 97, 94, 96,
    97, 98, 99, 99, 99, 99, 97, 97, 100, 98, 96, 98, 98, 96, 100, 99, 99,
    100 ]
