%YAML:1.0
---
videoName: "headNod18.mp4"
gestureLabel: 202
fps: 29
pixelSizeInCmTemp: 3.3263888888888887e-01
faceCenterPointX: 255
faceCenterPointY: 77
headPositionsX: [ 257, 259, 256, 255, 255, 257, 255, 256, 257, 258, 258,
    257, 258, 258, 256, 257, 257, 255, 257, 256, 253, 254, 252, 254, 256,
    254, 258, 257, 257, 255, 257, 254, 257, 253, 257, 255, 255, 255, 256,
    253, 253, 256, 256, 257, 254, 256, 257, 254, 254, 253, 256, 256, 255,
    257, 252, 254, 253, 255, 256, 254, 253, 255, 254, 253, 254, 255, 256,
    254, 252, 256, 256, 252, 254, 255, 254, 253, 253, 256, 254, 255, 254,
    254, 253, 256, 254, 253, 256, 257, 256, 253, 252, 255, 252, 257, 253,
    255, 254, 253, 253, 257 ]
headPositionsY: [ 75, 76, 77, 79, 79, 76, 78, 76, 75, 77, 77, 80, 79, 76,
    76, 76, 78, 79, 76, 77, 75, 77, 77, 78, 78, 80, 79, 78, 79, 75, 79,
    79, 78, 77, 79, 77, 77, 77, 78, 78, 77, 76, 71, 74, 74, 73, 70, 74,
    74, 73, 78, 78, 81, 83, 78, 79, 76, 75, 71, 72, 75, 75, 76, 78, 84,
    84, 81, 79, 75, 73, 76, 73, 79, 79, 81, 83, 80, 78, 79, 75, 74, 77,
    74, 76, 79, 84, 83, 81, 79, 79, 78, 76, 77, 78, 78, 76, 77, 79, 78,
    78 ]
