%YAML:1.0
---
videoName: "headShake45.mp4"
gestureLabel: 201
fps: 30
pixelSizeInCmTemp: 3.3263888888888887e-01
faceCenterPointX: 262
faceCenterPointY: 84
headPositionsX: [ 261, 262, 262, 261, 264, 262, 262, 264, 265, 265, 264,
    265, 262, 264, 260, 261, 263, 262, 262, 261, 263, 264, 261, 262, 264,
    261, 261, 260, 262, 260, 263, 260, 261, 260, 263, 262, 260, 259, 257,
    257, 254, 259, 258, 267, 270, 276, 279, 283, 280, 279, 270, 265, 263,
    254, 256, 252, 257, 260, 267, 269, 273, 273, 271, 268, 262, 261, 255,
    254, 254, 258, 264, 269, 269, 270, 271, 269, 265, 258, 256, 254, 258,
    258, 258, 261, 263, 263, 263, 261, 262, 259, 260, 263, 262, 263, 263,
    261, 265, 263, 262, 264 ]
headPositionsY: [ 84, 81, 82, 80, 83, 80, 80, 79, 81, 84, 81, 82, 84, 81,
    83, 83, 83, 83, 82, 82, 82, 81, 82, 80, 80, 81, 83, 81, 83, 82, 81,
    81, 80, 80, 81, 80, 84, 81, 84, 81, 84, 81, 80, 83, 82, 83, 78, 78,
    79, 81, 81, 84, 85, 82, 84, 83, 84, 83, 81, 80, 80, 82, 80, 83, 81,
    82, 84, 81, 81, 84, 81, 82, 84, 82, 82, 82, 84, 84, 84, 84, 83, 80,
    81, 81, 84, 81, 80, 82, 84, 81, 83, 83, 81, 83, 82, 82, 86, 81, 84,
    85 ]
