%YAML:1.0
---
videoName: "headShake7.mp4"
gestureLabel: 201
fps: 29
pixelSizeInCmTemp: 3.3263888888888887e-01
faceCenterPointX: 244
faceCenterPointY: 72
headPositionsX: [ 244, 243, 245, 243, 242, 243, 242, 244, 243, 243, 243,
    250, 249, 253, 256, 258, 261, 258, 260, 256, 253, 249, 239, 237, 232,
    231, 234, 238, 244, 250, 258, 260, 261, 255, 255, 248, 245, 240, 232,
    229, 227, 228, 232, 236, 240, 246, 248, 251, 257, 253, 251, 248, 243,
    244, 235, 231, 230, 231, 232, 235, 239, 246, 245, 254, 255, 254, 257,
    256, 253, 250, 245, 243, 240, 237, 234, 235, 234, 233, 233, 236, 240,
    241, 241, 246, 246, 248, 249, 246, 245, 246, 245, 243, 247, 243, 244,
    243, 243, 243, 242, 241 ]
headPositionsY: [ 73, 73, 72, 72, 69, 70, 72, 69, 69, 74, 72, 73, 69, 70,
    69, 69, 70, 67, 68, 68, 70, 73, 69, 72, 70, 70, 70, 70, 70, 72, 69,
    67, 70, 68, 71, 68, 72, 73, 69, 69, 71, 72, 68, 71, 72, 71, 69, 71,
    71, 71, 68, 72, 69, 73, 73, 69, 72, 69, 68, 71, 71, 72, 69, 68, 68,
    70, 67, 68, 72, 72, 72, 69, 69, 68, 72, 71, 72, 69, 71, 73, 72, 71,
    69, 73, 73, 69, 71, 69, 73, 71, 71, 69, 71, 71, 72, 72, 73, 73, 73,
    74 ]
