%YAML:1.0
---
videoName: "headLookRight3.mp4"
gestureLabel: 204
fps: 29
pixelSizeInCmTemp: 3.5746268656716418e-01
faceCenterPointX: 232
faceCenterPointY: 71
headPositionsX: [ 230, 253, 254, 253, 254, 251, 255, 253, 254, 254, 252,
    252, 254, 254, 254, 254, 252, 255, 253, 255, 255, 255, 252, 257, 253,
    255, 254, 254, 257, 252, 254, 257, 253, 257, 252, 254, 256, 254, 254,
    250, 250, 249, 246, 242, 243, 242, 237, 237, 234, 234, 235, 231, 235,
    233, 232, 235, 235, 234, 232, 234, 233, 230, 234, 234, 234, 229, 231,
    231, 234, 232, 234, 234, 233, 234, 234, 235, 231, 232, 232, 229, 238,
    231, 235, 233, 231, 233, 231, 234, 235, 233, 234, 232, 234, 231, 233,
    230, 233, 234, 236, 232 ]
headPositionsY: [ 70, 69, 67, 71, 69, 69, 67, 71, 71, 70, 71, 71, 68, 72,
    68, 71, 70, 71, 73, 70, 70, 70, 70, 72, 72, 69, 73, 70, 73, 71, 70,
    72, 70, 71, 71, 70, 70, 70, 70, 69, 73, 73, 72, 72, 72, 71, 69, 70,
    70, 70, 72, 71, 73, 72, 69, 70, 70, 74, 71, 71, 72, 72, 73, 70, 73,
    74, 75, 70, 71, 75, 73, 69, 70, 72, 70, 71, 72, 71, 69, 71, 73, 69,
    69, 71, 70, 70, 70, 71, 70, 70, 69, 72, 71, 70, 71, 73, 70, 71, 73,
    74 ]
