%YAML:1.0
---
videoName: "headShake34.mp4"
gestureLabel: 201
fps: 29
pixelSizeInCmTemp: 3.2364864864864862e-01
faceCenterPointX: 263
faceCenterPointY: 83
headPositionsX: [ 265, 263, 266, 265, 263, 264, 266, 262, 262, 263, 265,
    266, 264, 262, 262, 262, 262, 265, 263, 262, 267, 262, 267, 266, 265,
    266, 266, 266, 266, 262, 261, 266, 263, 262, 264, 264, 265, 266, 270,
    269, 272, 274, 275, 275, 276, 277, 276, 275, 278, 276, 272, 267, 265,
    262, 253, 253, 254, 253, 255, 253, 257, 262, 263, 265, 270, 268, 272,
    269, 264, 262, 258, 254, 255, 256, 254, 257, 260, 258, 263, 264, 264,
    264, 266, 265, 263, 264, 266, 265, 266, 263, 263, 264, 266, 262, 264,
    261, 263, 262, 261, 265 ]
headPositionsY: [ 81, 83, 85, 83, 83, 85, 83, 85, 83, 84, 83, 82, 85, 85,
    84, 83, 83, 83, 83, 83, 84, 85, 81, 82, 81, 83, 81, 83, 82, 83, 83,
    83, 85, 83, 86, 82, 85, 82, 81, 81, 83, 84, 81, 81, 84, 82, 81, 80,
    81, 81, 83, 85, 83, 85, 79, 79, 83, 80, 83, 84, 83, 84, 85, 84, 85,
    84, 85, 82, 82, 81, 85, 80, 82, 84, 85, 85, 82, 82, 81, 81, 83, 86,
    83, 81, 84, 84, 84, 83, 83, 82, 84, 85, 83, 85, 84, 83, 82, 82, 85,
    84 ]
