%YAML:1.0
---
videoName: "headNod37.mp4"
gestureLabel: 202
fps: 29
pixelSizeInCmTemp: 2.9207317073170730e-01
faceCenterPointX: 269
faceCenterPointY: 78
headPositionsX: [ 269, 269, 273, 271, 270, 270, 269, 268, 272, 270, 270,
    271, 269, 270, 268, 271, 271, 268, 267, 268, 268, 271, 270, 269, 267,
    269, 269, 268, 270, 270, 270, 269, 270, 269, 268, 270, 269, 272, 270,
    272, 268, 269, 270, 271, 268, 268, 268, 270, 271, 269, 269, 267, 271,
    269, 271, 268, 272, 268, 269, 269, 270, 269, 270, 266, 265, 267, 268,
    264, 267, 269, 269, 267, 265, 268, 267, 269, 267, 269, 270, 269, 272,
    271, 272, 272, 268, 268, 270, 271, 271, 269, 272, 269, 270, 269, 268,
    267, 268, 269, 268, 267 ]
headPositionsY: [ 76, 75, 74, 74, 76, 74, 76, 76, 74, 77, 74, 75, 74, 75,
    76, 76, 76, 73, 75, 74, 75, 74, 77, 74, 76, 73, 74, 76, 75, 75, 76,
    74, 77, 75, 76, 76, 74, 74, 76, 77, 74, 76, 76, 75, 77, 77, 77, 78,
    79, 74, 73, 73, 70, 68, 69, 65, 65, 68, 69, 65, 73, 72, 78, 84, 87,
    87, 86, 85, 81, 82, 76, 74, 71, 65, 68, 67, 66, 64, 68, 71, 74, 72,
    79, 81, 84, 81, 80, 80, 83, 80, 81, 81, 77, 76, 77, 77, 79, 77, 80,
    80 ]
