%YAML:1.0
---
videoName: "headShake40.mp4"
gestureLabel: 201
fps: 29
pixelSizeInCmTemp: 3.2808219178082193e-01
faceCenterPointX: 261
faceCenterPointY: 86
headPositionsX: [ 263, 262, 259, 260, 261, 261, 260, 263, 262, 262, 261,
    263, 260, 259, 263, 263, 258, 261, 262, 259, 263, 263, 260, 259, 259,
    261, 259, 261, 257, 260, 255, 254, 254, 253, 252, 253, 258, 261, 265,
    271, 275, 276, 282, 278, 276, 273, 270, 267, 258, 253, 248, 246, 246,
    247, 250, 252, 254, 260, 266, 268, 270, 271, 267, 266, 266, 261, 261,
    257, 259, 258, 257, 258, 260, 260, 263, 264, 268, 267, 264, 265, 264,
    262, 261, 260, 261, 258, 257, 259, 257, 257, 257, 257, 258, 261, 260,
    260, 259, 261, 259, 261 ]
headPositionsY: [ 85, 85, 81, 84, 82, 84, 83, 83, 84, 82, 84, 86, 84, 84,
    85, 85, 83, 85, 84, 81, 84, 83, 86, 86, 85, 84, 82, 82, 81, 82, 83,
    84, 85, 84, 84, 85, 84, 86, 83, 81, 80, 81, 79, 82, 79, 79, 84, 81,
    84, 85, 84, 85, 80, 85, 81, 82, 85, 83, 85, 80, 84, 83, 85, 82, 86,
    85, 81, 85, 85, 85, 83, 84, 86, 84, 83, 82, 82, 85, 84, 81, 81, 83,
    81, 82, 83, 83, 82, 83, 85, 85, 86, 87, 86, 84, 83, 87, 88, 87, 84,
    84 ]
