%YAML:1.0
---
videoName: "headShake29.mp4"
gestureLabel: 201
fps: 29
pixelSizeInCmTemp: 3.3263888888888887e-01
faceCenterPointX: 243
faceCenterPointY: 76
headPositionsX: [ 245, 242, 243, 244, 241, 240, 242, 244, 242, 241, 244,
    244, 241, 243, 243, 243, 245, 240, 242, 240, 244, 242, 241, 243, 239,
    241, 240, 238, 239, 239, 242, 245, 251, 251, 254, 257, 254, 250, 246,
    243, 240, 235, 231, 227, 229, 229, 232, 237, 240, 247, 250, 253, 250,
    249, 250, 244, 240, 236, 234, 233, 229, 230, 232, 232, 240, 243, 246,
    250, 252, 252, 249, 250, 250, 245, 245, 239, 239, 237, 234, 233, 233,
    233, 235, 235, 237, 239, 239, 243, 242, 241, 243, 245, 244, 241, 244,
    244, 242, 244, 243, 243 ]
headPositionsY: [ 75, 75, 73, 78, 75, 75, 75, 76, 77, 74, 77, 76, 77, 74,
    76, 76, 78, 74, 76, 76, 74, 77, 76, 75, 74, 76, 74, 74, 75, 75, 78,
    78, 76, 74, 75, 76, 74, 76, 77, 76, 75, 77, 77, 76, 75, 78, 76, 75,
    77, 78, 77, 78, 77, 74, 75, 77, 77, 75, 78, 77, 75, 75, 78, 75, 80,
    75, 78, 77, 74, 78, 74, 74, 74, 74, 77, 75, 73, 75, 77, 73, 75, 75,
    75, 76, 76, 77, 75, 76, 76, 77, 76, 78, 77, 76, 77, 77, 78, 78, 78,
    78 ]
