%YAML:1.0
---
videoName: "headShake33.mp4"
gestureLabel: 201
fps: 29
pixelSizeInCmTemp: 3.2364864864864862e-01
faceCenterPointX: 244
faceCenterPointY: 84
headPositionsX: [ 244, 244, 243, 246, 246, 246, 245, 245, 246, 244, 247,
    242, 246, 247, 245, 246, 246, 245, 247, 244, 247, 247, 249, 251, 250,
    255, 258, 258, 260, 261, 261, 262, 263, 259, 259, 256, 252, 250, 245,
    239, 237, 233, 233, 230, 227, 229, 224, 229, 228, 230, 233, 238, 242,
    246, 250, 251, 257, 260, 259, 259, 260, 260, 259, 254, 256, 252, 246,
    246, 242, 236, 238, 234, 232, 230, 232, 234, 230, 235, 234, 236, 239,
    236, 238, 243, 242, 244, 244, 246, 247, 247, 249, 247, 244, 244, 244,
    243, 244, 242, 246, 246 ]
headPositionsY: [ 83, 83, 82, 83, 82, 84, 83, 83, 83, 84, 85, 82, 84, 83,
    81, 84, 82, 85, 85, 80, 81, 81, 85, 82, 82, 84, 79, 81, 80, 78, 81,
    82, 80, 83, 83, 80, 83, 83, 82, 84, 80, 81, 82, 83, 82, 83, 79, 84,
    82, 82, 85, 81, 83, 82, 82, 82, 83, 83, 80, 81, 80, 81, 84, 82, 81,
    84, 82, 84, 81, 85, 85, 83, 84, 80, 80, 82, 81, 83, 82, 83, 83, 82,
    81, 83, 82, 81, 83, 82, 84, 82, 83, 83, 82, 82, 81, 83, 83, 84, 85,
    81 ]
