%YAML:1.0
---
videoName: "headNod34.mp4"
gestureLabel: 202
fps: 29
pixelSizeInCmTemp: 2.9567901234567900e-01
faceCenterPointX: 266
faceCenterPointY: 78
headPositionsX: [ 264, 268, 267, 270, 271, 270, 272, 267, 272, 269, 270,
    266, 271, 270, 271, 267, 270, 270, 268, 268, 271, 270, 271, 269, 272,
    270, 271, 271, 269, 269, 271, 268, 270, 269, 268, 267, 267, 269, 268,
    269, 269, 270, 269, 268, 270, 269, 272, 267, 268, 270, 269, 270, 269,
    269, 269, 271, 270, 272, 273, 271, 270, 269, 269, 271, 270, 271, 272,
    268, 270, 267, 271, 266, 270, 265, 268, 267, 268, 268, 267, 268, 267,
    265, 264, 265, 267, 263, 266, 264, 268, 264, 268, 265, 265, 268, 264,
    267, 264, 266, 265, 265 ]
headPositionsY: [ 78, 77, 77, 77, 76, 78, 75, 74, 77, 76, 78, 78, 78, 75,
    74, 75, 75, 76, 75, 73, 75, 75, 78, 75, 76, 76, 77, 76, 76, 74, 78,
    77, 78, 76, 76, 74, 78, 75, 73, 72, 69, 70, 72, 72, 79, 85, 91, 89,
    87, 84, 78, 75, 72, 70, 70, 73, 73, 75, 79, 80, 82, 85, 81, 81, 80,
    80, 76, 78, 80, 82, 83, 86, 83, 81, 80, 78, 81, 75, 78, 80, 80, 79,
    82, 82, 85, 80, 79, 77, 77, 79, 80, 81, 79, 82, 82, 81, 82, 78, 80,
    79 ]
