%YAML:1.0
---
videoName: "headLookUp6.mp4"
gestureLabel: 205
fps: 30
pixelSizeInCmTemp: 3.7421874999999999e-01
faceCenterPointX: 255
faceCenterPointY: 70
headPositionsX: [ 254, 254, 255, 254, 258, 254, 253, 258, 255, 256, 255,
    257, 256, 253, 255, 256, 257, 255, 256, 253, 256, 257, 254, 255, 253,
    257, 257, 254, 253, 256, 254, 258, 257, 255, 255, 255, 254, 256, 256,
    255, 254, 254, 252, 254, 257, 254, 254, 253, 254, 252, 254, 253, 253,
    256, 252, 255, 256, 255, 254, 253, 254, 255, 255, 257, 255, 256, 255,
    253, 256, 256, 253, 254, 257, 252, 257, 255, 256, 255, 253, 253, 257,
    256, 256, 256, 256, 253, 254, 252, 257, 255, 257, 253, 255, 255, 256,
    256, 253, 256, 254, 254 ]
headPositionsY: [ 69, 81, 81, 81, 83, 84, 83, 82, 81, 84, 84, 85, 82, 86,
    85, 84, 83, 82, 82, 82, 81, 85, 85, 80, 81, 78, 79, 76, 78, 74, 73,
    72, 73, 71, 71, 70, 68, 69, 68, 71, 69, 71, 68, 66, 71, 71, 68, 68,
    69, 66, 67, 70, 70, 67, 67, 68, 69, 69, 70, 69, 71, 71, 70, 68, 67,
    68, 70, 69, 70, 71, 66, 69, 70, 68, 68, 69, 67, 68, 68, 68, 69, 67,
    68, 69, 68, 67, 68, 69, 72, 71, 67, 69, 68, 69, 71, 70, 69, 69, 71,
    66 ]
