%YAML:1.0
---
videoName: "headLookLeft2.mp4"
gestureLabel: 203
fps: 29
pixelSizeInCmTemp: 3.6846153846153845e-01
faceCenterPointX: 278
faceCenterPointY: 74
headPositionsX: [ 276, 260, 260, 259, 260, 258, 258, 259, 258, 258, 258,
    259, 260, 262, 262, 260, 259, 262, 263, 261, 262, 264, 268, 265, 270,
    269, 273, 275, 272, 274, 278, 279, 278, 278, 276, 279, 277, 280, 277,
    278, 280, 280, 281, 280, 280, 280, 283, 284, 285, 280, 281, 282, 280,
    279, 276, 279, 281, 271, 279, 280, 281, 278, 281, 282, 281, 279, 280,
    284, 283, 281, 281, 280, 282, 277, 276, 283, 279, 280, 280, 279, 278,
    281, 279, 282, 284, 276, 283, 278, 279, 284, 281, 278, 284, 281, 277,
    281, 279, 283, 289, 278 ]
headPositionsY: [ 75, 73, 75, 77, 74, 74, 77, 75, 74, 78, 73, 76, 74, 74,
    77, 76, 76, 74, 76, 75, 74, 77, 74, 74, 76, 74, 73, 74, 77, 72, 76,
    73, 72, 72, 75, 74, 73, 72, 74, 76, 76, 74, 74, 72, 75, 76, 74, 73,
    78, 74, 75, 77, 74, 77, 76, 77, 76, 72, 73, 74, 76, 75, 73, 75, 73,
    76, 76, 77, 76, 74, 75, 74, 76, 72, 74, 74, 72, 74, 74, 73, 74, 74,
    73, 74, 76, 72, 73, 76, 75, 74, 77, 75, 76, 72, 74, 72, 72, 77, 76,
    75 ]
