%YAML:1.0
---
videoName: "headShake44.mp4"
gestureLabel: 201
fps: 30
pixelSizeInCmTemp: 3.2808219178082193e-01
faceCenterPointX: 260
faceCenterPointY: 84
headPositionsX: [ 258, 260, 258, 262, 263, 259, 260, 259, 258, 261, 260,
    261, 260, 261, 259, 259, 262, 262, 261, 263, 262, 259, 260, 262, 259,
    261, 263, 259, 262, 261, 261, 262, 262, 262, 262, 260, 261, 261, 264,
    261, 265, 268, 274, 272, 273, 272, 271, 267, 264, 256, 254, 253, 248,
    252, 257, 260, 264, 272, 270, 272, 267, 262, 256, 254, 255, 256, 258,
    266, 267, 272, 273, 268, 267, 263, 258, 252, 252, 252, 252, 257, 257,
    258, 260, 263, 259, 260, 261, 263, 264, 263, 263, 259, 263, 261, 261,
    261, 260, 259, 261, 263 ]
headPositionsY: [ 86, 83, 84, 84, 84, 83, 81, 81, 83, 82, 85, 84, 85, 80,
    84, 84, 85, 80, 84, 80, 82, 81, 84, 80, 83, 83, 81, 83, 83, 81, 85,
    81, 83, 82, 83, 81, 82, 85, 83, 83, 84, 85, 83, 80, 83, 81, 83, 85,
    86, 84, 84, 83, 86, 84, 86, 83, 82, 81, 85, 85, 86, 84, 86, 85, 83,
    84, 86, 82, 84, 84, 81, 85, 84, 86, 83, 81, 82, 83, 83, 85, 84, 84,
    83, 86, 84, 84, 82, 84, 83, 84, 84, 82, 87, 83, 85, 83, 86, 88, 83,
    84 ]
