%YAML:1.0
---
videoName: "headShake15.mp4"
gestureLabel: 201
fps: 29
pixelSizeInCmTemp: 3.3263888888888887e-01
faceCenterPointX: 243
faceCenterPointY: 76
headPositionsX: [ 245, 243, 243, 242, 243, 242, 242, 245, 243, 246, 245,
    245, 242, 243, 244, 244, 245, 244, 241, 243, 244, 243, 242, 242, 241,
    245, 242, 244, 242, 244, 241, 243, 241, 242, 243, 243, 245, 242, 242,
    243, 245, 244, 244, 244, 243, 244, 246, 241, 245, 242, 244, 243, 242,
    241, 243, 243, 242, 243, 240, 244, 240, 243, 244, 245, 249, 254, 255,
    258, 257, 260, 256, 252, 248, 245, 244, 241, 240, 234, 237, 241, 240,
    244, 243, 248, 245, 244, 244, 244, 243, 243, 242, 240, 244, 244, 240,
    243, 244, 244, 242, 246 ]
headPositionsY: [ 76, 73, 78, 75, 76, 76, 73, 77, 72, 77, 77, 75, 77, 78,
    74, 76, 73, 74, 74, 76, 78, 75, 75, 77, 76, 74, 76, 77, 73, 76, 76,
    76, 77, 74, 76, 73, 76, 73, 74, 75, 75, 77, 75, 77, 74, 75, 76, 74,
    75, 73, 77, 77, 74, 76, 76, 73, 77, 77, 77, 78, 77, 76, 79, 74, 74,
    76, 75, 76, 76, 76, 77, 77, 78, 74, 79, 77, 78, 74, 75, 75, 75, 79,
    78, 76, 78, 77, 77, 78, 76, 76, 78, 78, 76, 75, 75, 74, 75, 78, 76,
    76 ]
