%YAML:1.0
---
videoName: "headShake20.mp4"
gestureLabel: 201
fps: 29
pixelSizeInCmTemp: 3.3263888888888887e-01
faceCenterPointX: 242
faceCenterPointY: 78
headPositionsX: [ 242, 243, 245, 242, 244, 242, 242, 243, 242, 243, 240,
    241, 246, 244, 242, 242, 245, 242, 242, 245, 243, 243, 245, 244, 243,
    242, 245, 244, 245, 244, 242, 241, 245, 241, 245, 245, 244, 241, 245,
    245, 248, 250, 256, 258, 258, 257, 258, 254, 247, 243, 237, 234, 232,
    229, 229, 232, 236, 242, 246, 249, 252, 252, 252, 246, 241, 239, 234,
    233, 230, 231, 237, 240, 239, 245, 247, 244, 244, 243, 244, 239, 241,
    242, 241, 239, 242, 241, 242, 241, 242, 242, 243, 244, 245, 245, 244,
    244, 243, 243, 243, 242 ]
headPositionsY: [ 77, 77, 75, 74, 78, 78, 75, 77, 74, 76, 77, 77, 78, 78,
    78, 77, 76, 79, 74, 76, 77, 76, 74, 75, 75, 77, 74, 77, 75, 76, 79,
    74, 74, 76, 75, 78, 79, 75, 79, 78, 75, 76, 75, 76, 75, 76, 73, 75,
    76, 75, 77, 77, 78, 77, 75, 78, 76, 76, 74, 73, 76, 73, 77, 76, 76,
    75, 75, 79, 75, 75, 78, 76, 78, 77, 76, 79, 79, 77, 75, 78, 77, 77,
    78, 78, 79, 75, 78, 79, 79, 77, 78, 79, 78, 77, 75, 79, 79, 76, 75,
    76 ]
