%YAML:1.0
---
videoName: "headShake13.mp4"
gestureLabel: 201
fps: 29
pixelSizeInCmTemp: 3.2364864864864862e-01
faceCenterPointX: 241
faceCenterPointY: 77
headPositionsX: [ 243, 241, 243, 240, 240, 243, 240, 243, 243, 242, 243,
    244, 243, 240, 241, 240, 243, 241, 241, 241, 242, 244, 243, 243, 239,
    240, 241, 241, 240, 240, 239, 237, 237, 243, 241, 247, 253, 254, 260,
    262, 261, 264, 258, 257, 250, 242, 236, 236, 228, 227, 229, 231, 236,
    238, 246, 246, 247, 250, 251, 247, 244, 240, 236, 233, 232, 233, 233,
    235, 237, 240, 246, 250, 251, 250, 251, 249, 250, 244, 240, 239, 238,
    234, 234, 234, 234, 236, 239, 240, 242, 243, 244, 243, 243, 247, 244,
    243, 241, 241, 240, 241 ]
headPositionsY: [ 75, 78, 74, 78, 77, 78, 75, 75, 78, 77, 78, 78, 74, 75,
    75, 74, 78, 75, 75, 77, 74, 76, 77, 78, 77, 74, 77, 74, 75, 73, 75,
    74, 76, 77, 76, 75, 73, 74, 72, 72, 75, 74, 75, 78, 79, 77, 77, 74,
    76, 76, 76, 76, 74, 76, 79, 75, 76, 78, 77, 74, 74, 75, 74, 77, 76,
    75, 74, 75, 79, 75, 77, 77, 77, 75, 76, 76, 79, 75, 75, 76, 76, 77,
    75, 75, 77, 77, 78, 75, 77, 76, 78, 75, 74, 78, 77, 74, 78, 76, 78,
    74 ]
