%YAML:1.0
---
videoName: "headNod36.mp4"
gestureLabel: 202
fps: 29
pixelSizeInCmTemp: 2.8176470588235292e-01
faceCenterPointX: 269
faceCenterPointY: 75
headPositionsX: [ 267, 270, 269, 270, 273, 272, 269, 272, 268, 272, 268,
    272, 270, 271, 270, 270, 272, 273, 269, 269, 268, 270, 269, 269, 271,
    269, 269, 271, 268, 268, 271, 268, 273, 272, 272, 269, 270, 265, 268,
    268, 270, 270, 266, 269, 271, 269, 269, 269, 269, 273, 270, 271, 269,
    273, 271, 270, 270, 269, 268, 272, 270, 268, 271, 266, 267, 266, 270,
    269, 268, 271, 267, 267, 266, 266, 268, 269, 268, 269, 266, 269, 271,
    267, 268, 269, 270, 269, 269, 268, 268, 267, 269, 268, 270, 267, 271,
    268, 271, 270, 266, 267 ]
headPositionsY: [ 77, 76, 72, 73, 76, 73, 74, 73, 77, 74, 73, 74, 76, 72,
    76, 76, 72, 74, 76, 76, 78, 77, 80, 77, 77, 75, 68, 68, 66, 63, 64,
    63, 69, 72, 80, 85, 88, 91, 92, 87, 83, 81, 74, 73, 71, 67, 66, 66,
    69, 69, 68, 74, 77, 79, 86, 87, 85, 85, 82, 83, 78, 78, 73, 75, 71,
    73, 75, 77, 80, 82, 85, 84, 78, 79, 80, 73, 76, 73, 78, 78, 82, 83,
    82, 85, 83, 82, 80, 77, 76, 77, 76, 75, 77, 73, 76, 76, 75, 74, 77,
    75 ]
