%YAML:1.0
---
videoName: "headShake48.mp4"
gestureLabel: 201
fps: 29
pixelSizeInCmTemp: 3.1103896103896100e-01
faceCenterPointX: 258
faceCenterPointY: 85
headPositionsX: [ 256, 258, 262, 259, 256, 260, 261, 261, 260, 257, 257,
    260, 258, 262, 259, 258, 260, 257, 260, 257, 258, 259, 258, 257, 260,
    260, 258, 257, 257, 261, 262, 257, 257, 258, 261, 263, 267, 269, 273,
    273, 276, 272, 272, 266, 261, 253, 250, 248, 246, 248, 253, 259, 266,
    266, 267, 269, 266, 261, 255, 252, 250, 249, 254, 257, 261, 264, 265,
    267, 263, 264, 255, 251, 249, 247, 250, 252, 254, 263, 262, 264, 267,
    266, 262, 264, 261, 258, 257, 262, 260, 260, 259, 258, 256, 258, 261,
    257, 260, 258, 261, 259 ]
headPositionsY: [ 87, 81, 79, 80, 77, 78, 80, 78, 80, 78, 81, 78, 80, 80,
    83, 78, 82, 80, 82, 79, 81, 81, 82, 82, 79, 80, 82, 82, 83, 82, 81,
    79, 82, 80, 84, 84, 80, 82, 81, 84, 81, 83, 86, 84, 82, 82, 83, 85,
    85, 86, 83, 85, 84, 87, 87, 88, 86, 86, 87, 85, 87, 86, 84, 89, 85,
    89, 84, 88, 89, 84, 89, 87, 88, 86, 84, 84, 84, 88, 87, 87, 84, 87,
    86, 88, 87, 87, 84, 87, 88, 88, 84, 85, 86, 87, 86, 85, 84, 87, 87,
    86 ]
