%YAML:1.0
---
videoName: "headNod19.mp4"
gestureLabel: 202
fps: 29
pixelSizeInCmTemp: 3.1933333333333330e-01
faceCenterPointX: 255
faceCenterPointY: 81
headPositionsX: [ 255, 259, 258, 255, 258, 258, 257, 256, 255, 255, 254,
    256, 254, 256, 254, 255, 254, 253, 253, 254, 253, 251, 250, 253, 249,
    252, 249, 249, 248, 252, 249, 253, 251, 254, 255, 252, 253, 256, 255,
    255, 255, 256, 256, 255, 256, 255, 256, 257, 255, 256, 258, 255, 254,
    256, 255, 257, 254, 258, 255, 257, 255, 253, 253, 254, 256, 254, 255,
    254, 255, 254, 254, 258, 255, 255, 255, 256, 258, 256, 255, 254, 254,
    257, 258, 253, 256, 257, 256, 255, 253, 253, 254, 258, 253, 254, 256,
    255, 256, 254, 255, 253 ]
headPositionsY: [ 81, 84, 83, 80, 83, 79, 78, 79, 78, 78, 74, 75, 76, 75,
    75, 78, 79, 80, 80, 76, 79, 79, 78, 79, 81, 79, 77, 77, 77, 78, 81,
    79, 76, 78, 81, 80, 79, 80, 78, 80, 81, 78, 80, 76, 80, 79, 76, 80,
    81, 80, 80, 77, 80, 80, 80, 81, 79, 80, 78, 78, 80, 78, 80, 79, 82,
    79, 76, 77, 73, 72, 72, 73, 76, 76, 82, 81, 82, 86, 82, 80, 77, 77,
    78, 78, 83, 86, 85, 83, 83, 81, 84, 84, 80, 80, 80, 80, 85, 82, 82,
    81 ]
