%YAML:1.0
---
videoName: "headShake11.mp4"
gestureLabel: 201
fps: 29
pixelSizeInCmTemp: 3.2364864864864862e-01
faceCenterPointX: 244
faceCenterPointY: 76
headPositionsX: [ 246, 240, 241, 240, 242, 240, 241, 244, 243, 244, 243,
    241, 242, 244, 242, 240, 242, 240, 241, 241, 241, 243, 244, 241, 240,
    243, 242, 244, 248, 248, 252, 257, 259, 260, 259, 260, 262, 259, 252,
    249, 245, 239, 234, 229, 225, 227, 227, 233, 235, 241, 246, 250, 256,
    260, 257, 260, 254, 253, 247, 244, 237, 233, 231, 233, 231, 230, 233,
    239, 242, 247, 253, 256, 258, 256, 256, 253, 254, 247, 247, 239, 239,
    233, 237, 233, 233, 236, 238, 243, 245, 247, 247, 248, 250, 246, 249,
    248, 244, 245, 247, 246 ]
headPositionsY: [ 74, 70, 74, 74, 74, 71, 72, 72, 73, 73, 71, 70, 71, 74,
    70, 75, 74, 74, 75, 72, 71, 72, 73, 71, 71, 74, 75, 75, 71, 72, 74,
    71, 70, 74, 72, 72, 74, 72, 75, 75, 73, 76, 74, 76, 73, 75, 72, 73,
    76, 74, 74, 76, 71, 72, 72, 72, 74, 74, 76, 75, 74, 77, 75, 73, 75,
    73, 74, 73, 76, 73, 72, 73, 74, 74, 72, 73, 72, 77, 78, 73, 75, 72,
    73, 74, 72, 76, 73, 75, 74, 77, 76, 73, 72, 73, 76, 76, 73, 74, 74,
    74 ]
