%YAML:1.0
---
videoName: "headNod39.mp4"
gestureLabel: 202
fps: 29
pixelSizeInCmTemp: 2.9937500000000000e-01
faceCenterPointX: 268
faceCenterPointY: 78
headPositionsX: [ 270, 270, 268, 266, 270, 267, 271, 269, 266, 269, 269,
    268, 268, 269, 267, 270, 270, 267, 268, 271, 267, 268, 271, 268, 268,
    270, 268, 268, 266, 268, 269, 267, 269, 267, 271, 270, 268, 268, 269,
    267, 268, 270, 269, 269, 268, 266, 270, 268, 268, 269, 268, 267, 266,
    267, 265, 269, 267, 266, 266, 264, 267, 267, 267, 268, 267, 268, 269,
    265, 268, 264, 268, 265, 268, 269, 269, 266, 266, 269, 269, 267, 266,
    268, 265, 269, 269, 268, 266, 265, 269, 270, 266, 268, 269, 266, 267,
    269, 268, 265, 267, 268 ]
headPositionsY: [ 80, 76, 74, 77, 75, 76, 77, 74, 74, 78, 78, 78, 76, 74,
    76, 78, 74, 78, 78, 76, 77, 77, 78, 75, 75, 76, 76, 76, 77, 75, 75,
    78, 77, 79, 77, 77, 77, 77, 78, 81, 81, 82, 87, 87, 84, 83, 77, 76,
    76, 73, 74, 74, 77, 74, 79, 83, 90, 91, 93, 88, 84, 82, 78, 74, 73,
    73, 73, 77, 78, 81, 82, 83, 80, 79, 76, 75, 73, 75, 75, 74, 78, 80,
    79, 79, 82, 79, 80, 80, 77, 80, 79, 79, 79, 76, 76, 78, 80, 78, 78,
    78 ]
