%YAML:1.0
---
videoName: "headShake13.mp4"
gestureLabel: 201
fps: 29
pixelSizeInCmTemp: 3.2364864864864862e-01
faceCenterPointX: 241
faceCenterPointY: 77
headPositionsX: [ 240, 242, 241, 243, 241, 243, 242, 240, 242, 241, 242,
    244, 243, 240, 241, 239, 240, 241, 240, 241, 241, 241, 239, 241, 242,
    241, 240, 240, 241, 239, 239, 237, 240, 243, 245, 249, 250, 257, 257,
    260, 263, 262, 259, 257, 252, 241, 237, 233, 228, 228, 231, 234, 234,
    239, 243, 250, 250, 248, 251, 250, 246, 239, 238, 235, 234, 230, 232,
    233, 236, 241, 245, 250, 250, 251, 252, 253, 249, 246, 242, 239, 238,
    231, 234, 236, 235, 233, 238, 239, 244, 242, 246, 245, 246, 247, 245,
    242, 242, 242, 239, 239 ]
headPositionsY: [ 76, 77, 78, 76, 78, 77, 79, 74, 77, 76, 76, 78, 74, 79,
    77, 76, 76, 78, 76, 77, 75, 78, 75, 77, 76, 77, 78, 75, 75, 75, 76,
    75, 74, 78, 74, 78, 73, 73, 72, 75, 74, 72, 76, 78, 78, 75, 76, 75,
    76, 75, 76, 75, 74, 78, 78, 76, 76, 75, 77, 77, 77, 76, 77, 75, 75,
    75, 74, 76, 77, 74, 74, 78, 74, 75, 77, 76, 76, 78, 78, 76, 76, 74,
    77, 75, 79, 77, 75, 74, 75, 76, 76, 73, 77, 75, 74, 76, 75, 74, 74,
    76 ]
