%YAML:1.0
---
videoName: "headLookLeft8.mp4"
gestureLabel: 203
fps: 29
pixelSizeInCmTemp: 3.6287878787878786e-01
faceCenterPointX: 273
faceCenterPointY: 69
headPositionsX: [ 271, 244, 240, 239, 242, 239, 243, 242, 241, 241, 242,
    240, 243, 244, 244, 245, 246, 246, 247, 249, 247, 249, 248, 249, 247,
    247, 245, 247, 245, 248, 244, 244, 247, 246, 246, 248, 243, 247, 246,
    249, 243, 246, 245, 245, 248, 247, 246, 248, 244, 244, 244, 245, 249,
    250, 251, 251, 253, 255, 259, 259, 263, 269, 266, 275, 267, 272, 276,
    284, 283, 274, 278, 278, 278, 278, 275, 277, 275, 272, 279, 280, 277,
    280, 278, 271, 272, 277, 277, 278, 276, 273, 276, 273, 273, 275, 274,
    273, 276, 273, 271, 271 ]
headPositionsY: [ 69, 65, 67, 67, 69, 69, 69, 66, 67, 69, 68, 68, 67, 70,
    66, 67, 68, 67, 69, 70, 71, 71, 67, 67, 68, 68, 72, 69, 73, 70, 72,
    72, 73, 73, 71, 74, 69, 71, 71, 71, 70, 71, 70, 71, 74, 70, 73, 70,
    74, 71, 73, 75, 71, 71, 74, 72, 71, 70, 68, 70, 72, 68, 68, 70, 68,
    69, 70, 71, 73, 70, 71, 68, 68, 72, 72, 70, 70, 68, 68, 69, 69, 70,
    70, 68, 68, 68, 70, 71, 69, 71, 67, 71, 67, 68, 70, 68, 69, 70, 71,
    68 ]
