%YAML:1.0
---
videoName: "headNod19.mp4"
gestureLabel: 202
fps: 29
pixelSizeInCmTemp: 3.1933333333333330e-01
faceCenterPointX: 255
faceCenterPointY: 81
headPositionsX: [ 255, 257, 255, 259, 259, 258, 256, 255, 258, 258, 257,
    255, 258, 255, 253, 256, 255, 253, 254, 252, 251, 251, 248, 251, 252,
    249, 249, 251, 250, 252, 248, 251, 250, 251, 252, 254, 252, 256, 256,
    254, 255, 254, 255, 253, 257, 256, 257, 258, 257, 257, 257, 254, 254,
    254, 257, 254, 255, 258, 257, 256, 256, 255, 253, 254, 256, 257, 254,
    257, 254, 255, 256, 256, 257, 254, 257, 254, 256, 256, 255, 255, 253,
    257, 255, 255, 254, 253, 255, 254, 254, 256, 255, 254, 253, 255, 258,
    257, 254, 256, 256, 253 ]
headPositionsY: [ 79, 82, 82, 80, 82, 77, 79, 78, 77, 78, 75, 76, 78, 75,
    78, 77, 75, 80, 79, 80, 76, 77, 79, 78, 79, 79, 80, 77, 77, 78, 77,
    81, 79, 79, 79, 79, 79, 80, 78, 81, 79, 81, 81, 77, 77, 80, 78, 80,
    79, 79, 79, 79, 77, 77, 80, 81, 76, 78, 79, 80, 78, 80, 78, 81, 81,
    81, 76, 79, 77, 72, 73, 76, 75, 75, 79, 82, 83, 82, 82, 78, 75, 76,
    78, 79, 82, 85, 85, 84, 85, 80, 80, 80, 80, 83, 82, 82, 85, 80, 81,
    79 ]
