%YAML:1.0
---
videoName: "headNod12.mp4"
gestureLabel: 202
fps: 29
pixelSizeInCmTemp: 3.2808219178082193e-01
faceCenterPointX: 254
faceCenterPointY: 69
headPositionsX: [ 256, 255, 253, 253, 253, 251, 254, 255, 257, 254, 254,
    259, 257, 254, 255, 257, 254, 256, 256, 256, 255, 254, 256, 255, 258,
    254, 259, 254, 258, 254, 257, 253, 257, 254, 254, 255, 253, 256, 253,
    254, 253, 254, 257, 252, 256, 257, 256, 253, 256, 256, 254, 253, 252,
    256, 253, 254, 253, 253, 255, 253, 256, 252, 256, 255, 254, 252, 255,
    255, 254, 253, 252, 256, 255, 255, 256, 255, 253, 257, 253, 257, 254,
    257, 253, 254, 256, 255, 255, 254, 256, 253, 253, 253, 257, 253, 254,
    256, 253, 256, 255, 252 ]
headPositionsY: [ 67, 74, 71, 75, 71, 70, 76, 72, 76, 73, 76, 74, 74, 72,
    74, 72, 74, 72, 74, 72, 71, 73, 73, 73, 75, 74, 73, 73, 76, 73, 77,
    72, 73, 73, 74, 70, 69, 67, 64, 66, 62, 64, 65, 60, 66, 64, 69, 73,
    72, 73, 79, 78, 77, 77, 75, 72, 69, 69, 66, 64, 62, 64, 62, 64, 67,
    69, 68, 71, 71, 75, 74, 74, 77, 73, 74, 68, 69, 67, 66, 64, 65, 65,
    66, 67, 70, 70, 68, 73, 73, 71, 76, 72, 71, 74, 73, 73, 72, 72, 68,
    69 ]
