%YAML:1.0
---
videoName: "headNod14.mp4"
gestureLabel: 202
fps: 29
pixelSizeInCmTemp: 3.2808219178082193e-01
faceCenterPointX: 257
faceCenterPointY: 71
headPositionsX: [ 256, 259, 258, 256, 259, 256, 257, 257, 257, 261, 258,
    259, 258, 259, 259, 260, 260, 257, 260, 256, 258, 256, 257, 258, 257,
    259, 260, 256, 261, 258, 260, 257, 259, 257, 258, 259, 256, 258, 256,
    258, 259, 258, 259, 258, 260, 259, 261, 262, 260, 260, 259, 257, 259,
    260, 257, 256, 260, 256, 261, 260, 259, 259, 259, 257, 259, 258, 258,
    260, 260, 260, 258, 261, 260, 258, 255, 257, 256, 258, 256, 260, 259,
    258, 258, 258, 258, 258, 257, 257, 257, 258, 255, 258, 258, 256, 259,
    256, 258, 257, 257, 259 ]
headPositionsY: [ 71, 75, 74, 75, 79, 77, 78, 79, 79, 76, 76, 79, 79, 76,
    75, 76, 76, 76, 76, 76, 77, 76, 78, 76, 77, 80, 77, 77, 77, 80, 80,
    79, 77, 77, 78, 80, 76, 77, 78, 77, 75, 73, 73, 67, 67, 66, 68, 69,
    72, 74, 77, 75, 78, 81, 80, 79, 81, 82, 79, 75, 72, 68, 70, 69, 70,
    69, 73, 78, 80, 81, 79, 81, 78, 78, 76, 72, 71, 68, 67, 71, 73, 71,
    73, 80, 80, 80, 82, 75, 79, 74, 74, 72, 68, 68, 68, 69, 72, 71, 71,
    71 ]
