%YAML:1.0
---
videoName: "headShake16.mp4"
gestureLabel: 201
fps: 29
pixelSizeInCmTemp: 3.2364864864864862e-01
faceCenterPointX: 242
faceCenterPointY: 77
headPositionsX: [ 240, 241, 244, 244, 243, 245, 245, 243, 244, 244, 243,
    243, 243, 244, 243, 245, 245, 244, 244, 243, 245, 244, 244, 242, 241,
    245, 243, 243, 240, 241, 240, 242, 241, 243, 242, 242, 242, 243, 244,
    250, 252, 253, 256, 256, 255, 252, 247, 243, 243, 239, 236, 234, 233,
    236, 237, 241, 246, 249, 247, 250, 248, 249, 247, 244, 242, 239, 236,
    237, 234, 233, 235, 239, 237, 239, 240, 242, 242, 247, 243, 241, 243,
    240, 241, 241, 241, 237, 238, 238, 241, 238, 242, 242, 241, 240, 243,
    242, 241, 244, 240, 245 ]
headPositionsY: [ 79, 74, 75, 75, 75, 77, 74, 76, 74, 74, 77, 74, 77, 76,
    74, 75, 76, 74, 76, 78, 78, 77, 77, 78, 75, 77, 76, 76, 75, 75, 75,
    75, 73, 77, 76, 74, 78, 75, 78, 74, 78, 77, 76, 73, 75, 75, 78, 77,
    76, 74, 78, 78, 76, 77, 79, 77, 76, 78, 78, 78, 74, 76, 76, 79, 76,
    78, 75, 78, 77, 79, 78, 76, 78, 76, 78, 77, 77, 78, 78, 77, 77, 76,
    77, 76, 79, 75, 78, 75, 75, 75, 75, 74, 74, 76, 76, 74, 78, 79, 76,
    78 ]
