%YAML:1.0
---
videoName: "headShake30.mp4"
gestureLabel: 201
fps: 29
pixelSizeInCmTemp: 3.2808219178082193e-01
faceCenterPointX: 240
faceCenterPointY: 68
headPositionsX: [ 242, 231, 231, 233, 232, 232, 231, 231, 233, 234, 236,
    234, 239, 237, 239, 240, 241, 239, 245, 242, 244, 242, 243, 244, 246,
    241, 243, 242, 240, 242, 240, 240, 242, 240, 239, 237, 239, 242, 243,
    249, 251, 252, 258, 256, 261, 262, 259, 253, 252, 245, 237, 232, 226,
    222, 224, 226, 228, 232, 238, 244, 249, 254, 254, 253, 245, 240, 235,
    230, 227, 226, 230, 229, 231, 239, 243, 247, 249, 252, 251, 248, 246,
    244, 240, 236, 235, 233, 236, 236, 238, 238, 240, 242, 239, 242, 240,
    238, 238, 240, 239, 237 ]
headPositionsY: [ 70, 53, 58, 56, 56, 60, 60, 59, 63, 63, 63, 62, 66, 66,
    67, 67, 65, 65, 67, 63, 63, 66, 67, 63, 67, 63, 64, 67, 67, 63, 66,
    63, 65, 68, 64, 67, 66, 66, 68, 67, 66, 63, 63, 63, 66, 67, 65, 67,
    68, 69, 69, 65, 69, 69, 70, 68, 68, 71, 68, 67, 67, 65, 68, 69, 67,
    69, 66, 68, 66, 68, 71, 69, 69, 69, 68, 69, 65, 64, 66, 64, 66, 65,
    66, 70, 69, 66, 69, 70, 67, 66, 66, 70, 70, 68, 70, 67, 67, 66, 68,
    68 ]
