%YAML:1.0
---
videoName: "headShake49.mp4"
gestureLabel: 201
fps: 30
pixelSizeInCmTemp: 2.8855421686746985e-01
faceCenterPointX: 259
faceCenterPointY: 84
headPositionsX: [ 261, 259, 260, 259, 260, 262, 261, 259, 263, 262, 263,
    259, 261, 262, 260, 260, 262, 261, 261, 263, 263, 261, 261, 259, 260,
    261, 263, 260, 263, 261, 263, 260, 261, 264, 270, 271, 275, 282, 282,
    285, 281, 278, 272, 266, 260, 253, 248, 250, 252, 255, 260, 268, 270,
    273, 272, 266, 263, 255, 249, 249, 248, 250, 255, 258, 263, 271, 272,
    269, 265, 261, 256, 255, 254, 253, 258, 263, 267, 267, 268, 268, 267,
    265, 260, 258, 259, 259, 259, 260, 258, 262, 257, 259, 259, 262, 258,
    260, 257, 259, 260, 261 ]
headPositionsY: [ 83, 81, 82, 82, 79, 83, 80, 83, 80, 81, 79, 82, 80, 81,
    79, 81, 79, 80, 79, 79, 78, 83, 78, 81, 80, 78, 80, 79, 83, 82, 83,
    81, 82, 80, 83, 81, 82, 78, 77, 79, 82, 82, 81, 82, 83, 81, 81, 83,
    81, 83, 84, 86, 84, 84, 85, 85, 83, 82, 83, 85, 81, 84, 87, 82, 83,
    85, 83, 86, 84, 85, 87, 83, 84, 83, 85, 83, 86, 86, 83, 87, 84, 85,
    87, 83, 84, 82, 85, 82, 82, 86, 85, 85, 83, 86, 84, 86, 87, 85, 84,
    84 ]
