%YAML:1.0
---
videoName: "headShake32.mp4"
gestureLabel: 201
fps: 29
pixelSizeInCmTemp: 3.2808219178082193e-01
faceCenterPointX: 237
faceCenterPointY: 77
headPositionsX: [ 236, 234, 235, 235, 238, 238, 237, 237, 239, 238, 240,
    240, 237, 238, 238, 238, 240, 240, 239, 239, 243, 243, 240, 240, 241,
    240, 239, 242, 239, 241, 237, 239, 236, 239, 241, 241, 240, 242, 241,
    242, 241, 246, 244, 248, 251, 250, 251, 251, 250, 248, 250, 249, 246,
    245, 244, 238, 238, 236, 234, 231, 229, 229, 226, 229, 225, 228, 226,
    232, 233, 230, 235, 236, 242, 242, 244, 249, 250, 248, 249, 247, 249,
    248, 248, 245, 241, 245, 242, 239, 237, 240, 239, 239, 235, 236, 239,
    239, 237, 237, 237, 238 ]
headPositionsY: [ 79, 73, 72, 74, 76, 74, 72, 74, 75, 74, 73, 72, 75, 73,
    74, 75, 72, 76, 75, 74, 75, 73, 72, 74, 73, 73, 76, 72, 73, 74, 74,
    76, 73, 72, 75, 75, 75, 72, 75, 76, 73, 75, 74, 72, 74, 72, 71, 71,
    72, 74, 72, 76, 73, 77, 78, 76, 75, 77, 77, 77, 75, 77, 75, 78, 74,
    77, 76, 77, 78, 76, 78, 77, 77, 77, 73, 77, 73, 73, 75, 75, 78, 74,
    74, 78, 77, 75, 74, 76, 78, 77, 75, 77, 75, 77, 80, 77, 80, 76, 78,
    79 ]
