%YAML:1.0
---
videoName: "headShake17.mp4"
gestureLabel: 201
fps: 29
pixelSizeInCmTemp: 3.3263888888888887e-01
faceCenterPointX: 242
faceCenterPointY: 76
headPositionsX: [ 243, 239, 238, 236, 238, 239, 241, 240, 244, 248, 249,
    253, 257, 257, 258, 257, 253, 251, 244, 238, 237, 235, 228, 228, 228,
    228, 227, 233, 235, 239, 245, 245, 249, 249, 255, 253, 251, 254, 246,
    248, 243, 242, 238, 232, 233, 230, 230, 232, 233, 235, 238, 240, 240,
    242, 246, 245, 247, 245, 245, 241, 241, 244, 240, 242, 240, 237, 239,
    240, 238, 241, 237, 239, 240, 241, 241, 241, 243, 238, 241, 243, 242,
    243, 241, 243, 243, 239, 242, 239, 243, 239, 241, 243, 241, 243, 240,
    240, 244, 239, 243, 241 ]
headPositionsY: [ 75, 75, 76, 78, 76, 75, 77, 74, 75, 75, 73, 72, 74, 77,
    73, 75, 74, 76, 77, 76, 75, 75, 77, 76, 74, 79, 74, 76, 78, 79, 78,
    74, 74, 73, 74, 75, 74, 76, 76, 80, 77, 79, 77, 78, 74, 75, 77, 75,
    75, 76, 75, 78, 79, 76, 78, 79, 77, 77, 76, 75, 74, 76, 75, 77, 73,
    78, 77, 77, 76, 79, 74, 75, 75, 78, 74, 75, 78, 74, 75, 74, 78, 77,
    79, 76, 75, 75, 78, 76, 77, 76, 78, 79, 75, 78, 74, 76, 77, 77, 75,
    78 ]
