%YAML:1.0
---
videoName: "headLookDown6.mp4"
gestureLabel: 206
fps: 29
pixelSizeInCmTemp: 3.4710144927536229e-01
faceCenterPointX: 276
faceCenterPointY: 98
headPositionsX: [ 277, 275, 276, 276, 274, 276, 276, 273, 277, 275, 274,
    274, 274, 276, 277, 277, 274, 274, 277, 274, 274, 275, 277, 276, 275,
    273, 272, 277, 273, 277, 275, 276, 276, 277, 275, 273, 277, 277, 277,
    274, 276, 276, 276, 278, 275, 275, 278, 274, 277, 278, 277, 273, 275,
    276, 274, 276, 275, 275, 276, 277, 275, 277, 274, 275, 275, 277, 273,
    272, 273, 273, 276, 275, 274, 274, 273, 276, 275, 274, 273, 274, 275,
    276, 275, 274, 275, 275, 277, 278, 278, 278, 276, 274, 278, 278, 277,
    277, 279, 275, 278, 275 ]
headPositionsY: [ 98, 83, 81, 83, 82, 81, 82, 80, 80, 82, 81, 80, 79, 83,
    82, 80, 81, 80, 80, 80, 81, 80, 83, 80, 82, 82, 82, 82, 81, 83, 81,
    84, 83, 84, 81, 83, 82, 81, 86, 85, 83, 83, 86, 86, 85, 89, 88, 90,
    90, 91, 91, 92, 92, 95, 95, 97, 96, 97, 97, 97, 96, 97, 96, 96, 96,
    99, 99, 98, 99, 101, 96, 99, 97, 100, 98, 97, 98, 100, 97, 99, 99,
    101, 98, 101, 100, 97, 98, 101, 98, 98, 99, 100, 100, 100, 98, 98,
    98, 99, 99, 97 ]
