%YAML:1.0
---
videoName: "headLookLeft3.mp4"
gestureLabel: 203
fps: 29
pixelSizeInCmTemp: 3.4214285714285714e-01
faceCenterPointX: 290
faceCenterPointY: 74
headPositionsX: [ 291, 262, 262, 262, 265, 266, 264, 267, 267, 268, 272,
    272, 276, 277, 282, 284, 286, 289, 287, 289, 291, 286, 291, 292, 287,
    289, 298, 289, 286, 283, 291, 290, 293, 289, 288, 291, 282, 290, 291,
    290, 289, 289, 291, 295, 290, 290, 286, 286, 290, 286, 291, 290, 292,
    287, 287, 285, 287, 287, 288, 294, 290, 288, 287, 286, 288, 285, 287,
    288, 284, 287, 287, 285, 286, 287, 285, 286, 288, 288, 285, 284, 288,
    288, 289, 287, 286, 288, 289, 290, 287, 288, 284, 286, 290, 290, 284,
    282, 291, 285, 288, 286 ]
headPositionsY: [ 74, 79, 76, 75, 78, 75, 77, 76, 79, 76, 77, 75, 75, 77,
    75, 75, 75, 75, 72, 75, 75, 72, 74, 75, 73, 70, 76, 74, 73, 70, 72,
    75, 73, 74, 76, 74, 74, 74, 74, 73, 74, 71, 72, 78, 76, 76, 74, 75,
    75, 74, 71, 75, 74, 77, 73, 76, 73, 73, 73, 74, 72, 73, 72, 72, 73,
    73, 72, 76, 75, 76, 73, 71, 75, 73, 75, 74, 75, 73, 74, 73, 72, 76,
    72, 75, 73, 73, 77, 75, 71, 74, 72, 74, 75, 77, 72, 74, 74, 73, 74,
    76 ]
