%YAML:1.0
---
videoName: "headNod29.mp4"
gestureLabel: 202
fps: 29
pixelSizeInCmTemp: 3.1933333333333330e-01
faceCenterPointX: 271
faceCenterPointY: 70
headPositionsX: [ 269, 273, 272, 273, 274, 276, 275, 275, 276, 273, 273,
    272, 275, 275, 271, 272, 270, 273, 273, 274, 273, 274, 274, 273, 272,
    273, 273, 273, 269, 269, 270, 268, 272, 270, 272, 273, 271, 268, 272,
    272, 273, 269, 272, 269, 272, 272, 269, 271, 270, 272, 269, 271, 274,
    271, 270, 272, 268, 271, 269, 269, 271, 269, 269, 271, 269, 268, 268,
    269, 268, 272, 269, 269, 271, 272, 271, 270, 270, 270, 269, 273, 271,
    272, 270, 271, 274, 273, 271, 270, 273, 270, 272, 271, 270, 269, 269,
    272, 273, 271, 272, 270 ]
headPositionsY: [ 72, 71, 71, 74, 75, 76, 77, 77, 78, 78, 80, 77, 77, 77,
    72, 72, 69, 69, 67, 65, 68, 68, 66, 71, 72, 75, 79, 81, 79, 82, 81,
    77, 75, 74, 71, 70, 69, 68, 72, 72, 74, 78, 80, 78, 77, 78, 77, 76,
    72, 72, 73, 76, 78, 80, 80, 84, 81, 81, 77, 76, 73, 73, 76, 74, 78,
    76, 77, 77, 73, 76, 73, 73, 68, 71, 69, 73, 71, 72, 74, 79, 75, 77,
    76, 71, 74, 73, 70, 72, 72, 67, 69, 67, 68, 73, 68, 71, 72, 69, 69,
    72 ]
