%YAML:1.0
---
videoName: "headNod31.mp4"
gestureLabel: 202
fps: 29
pixelSizeInCmTemp: 2.8855421686746985e-01
faceCenterPointX: 267
faceCenterPointY: 75
headPositionsX: [ 269, 269, 270, 269, 268, 268, 268, 269, 268, 268, 272,
    269, 269, 269, 271, 267, 270, 267, 269, 265, 265, 266, 269, 268, 264,
    268, 268, 266, 268, 270, 270, 266, 269, 271, 270, 268, 267, 267, 269,
    266, 269, 269, 268, 269, 267, 269, 270, 266, 270, 266, 265, 269, 266,
    266, 264, 264, 268, 266, 269, 265, 267, 267, 267, 266, 268, 268, 264,
    268, 267, 267, 266, 265, 264, 265, 268, 268, 264, 265, 268, 266, 269,
    264, 266, 266, 266, 267, 268, 268, 265, 267, 268, 269, 267, 269, 266,
    265, 268, 267, 267, 266 ]
headPositionsY: [ 76, 76, 75, 75, 73, 74, 73, 69, 65, 66, 65, 65, 65, 68,
    75, 82, 84, 87, 85, 83, 85, 83, 80, 77, 74, 73, 74, 72, 70, 67, 69,
    67, 71, 74, 80, 81, 83, 88, 87, 88, 84, 80, 79, 79, 72, 76, 73, 75,
    75, 77, 80, 82, 86, 84, 82, 81, 76, 75, 74, 69, 71, 70, 70, 71, 72,
    71, 74, 79, 81, 83, 82, 77, 76, 78, 76, 71, 69, 70, 71, 72, 75, 77,
    73, 77, 78, 76, 75, 77, 73, 75, 74, 75, 73, 74, 76, 75, 74, 74, 75,
    76 ]
