%YAML:1.0
---
videoName: "headNod9.mp4"
gestureLabel: 202
fps: 29
pixelSizeInCmTemp: 3.1513157894736843e-01
faceCenterPointX: 261
faceCenterPointY: 75
headPositionsX: [ 262, 262, 263, 262, 260, 261, 260, 261, 259, 260, 258,
    261, 260, 258, 261, 263, 262, 258, 259, 262, 259, 259, 263, 262, 260,
    262, 261, 260, 262, 262, 263, 260, 260, 263, 261, 259, 259, 259, 263,
    263, 259, 261, 262, 261, 259, 258, 259, 259, 258, 261, 257, 259, 258,
    259, 262, 263, 261, 258, 260, 262, 260, 260, 258, 260, 263, 258, 263,
    259, 260, 257, 258, 258, 259, 258, 261, 259, 258, 259, 258, 259, 260,
    260, 257, 259, 258, 259, 260, 260, 258, 259, 261, 260, 261, 261, 259,
    259, 260, 258, 260, 259 ]
headPositionsY: [ 74, 77, 76, 73, 77, 73, 76, 74, 76, 77, 76, 74, 76, 77,
    73, 77, 77, 75, 74, 75, 74, 75, 76, 75, 77, 73, 76, 75, 73, 74, 76,
    76, 78, 82, 80, 79, 77, 74, 76, 71, 72, 76, 75, 81, 84, 87, 86, 86,
    80, 79, 75, 74, 79, 77, 84, 82, 83, 82, 82, 76, 75, 75, 75, 76, 75,
    80, 80, 84, 83, 82, 79, 74, 73, 73, 71, 74, 72, 73, 79, 78, 81, 82,
    84, 79, 81, 78, 75, 75, 74, 71, 72, 70, 71, 74, 75, 73, 75, 72, 76,
    72 ]
