%YAML:1.0
---
videoName: "headShake11.mp4"
gestureLabel: 201
fps: 29
pixelSizeInCmTemp: 3.2364864864864862e-01
faceCenterPointX: 244
faceCenterPointY: 76
headPositionsX: [ 243, 241, 240, 242, 244, 243, 244, 242, 243, 244, 242,
    242, 242, 243, 242, 242, 244, 244, 243, 241, 242, 244, 241, 242, 243,
    243, 245, 245, 249, 252, 255, 256, 257, 262, 263, 261, 263, 260, 253,
    250, 244, 236, 235, 232, 225, 228, 227, 230, 235, 239, 247, 252, 254,
    257, 258, 260, 258, 253, 248, 244, 241, 235, 234, 231, 232, 230, 234,
    240, 245, 247, 252, 253, 257, 259, 258, 257, 253, 250, 244, 241, 238,
    236, 236, 237, 235, 239, 238, 242, 244, 245, 249, 246, 247, 248, 246,
    248, 244, 246, 247, 242 ]
headPositionsY: [ 75, 72, 73, 72, 71, 73, 71, 73, 72, 72, 73, 70, 75, 73,
    71, 72, 72, 75, 73, 71, 72, 75, 73, 73, 74, 72, 71, 71, 71, 74, 70,
    71, 69, 72, 73, 71, 74, 71, 75, 76, 74, 72, 72, 73, 72, 74, 75, 75,
    75, 77, 76, 72, 74, 74, 72, 70, 73, 72, 77, 75, 75, 78, 74, 77, 78,
    76, 75, 77, 76, 75, 76, 73, 71, 74, 76, 75, 75, 73, 76, 75, 73, 73,
    72, 74, 72, 72, 77, 75, 77, 76, 74, 74, 74, 73, 75, 75, 76, 78, 76,
    75 ]
