%YAML:1.0
---
videoName: "headShake10.mp4"
gestureLabel: 201
fps: 29
pixelSizeInCmTemp: 3.3732394366197183e-01
faceCenterPointX: 240
faceCenterPointY: 74
headPositionsX: [ 240, 247, 244, 247, 247, 244, 247, 246, 246, 247, 246,
    247, 248, 244, 245, 244, 244, 245, 248, 246, 245, 244, 247, 248, 245,
    245, 244, 244, 245, 245, 247, 246, 244, 245, 248, 247, 246, 243, 247,
    246, 247, 246, 246, 247, 244, 245, 245, 243, 245, 246, 245, 248, 252,
    254, 256, 256, 261, 262, 260, 259, 255, 250, 247, 242, 238, 234, 233,
    230, 233, 236, 235, 239, 246, 251, 254, 258, 256, 258, 256, 256, 252,
    251, 248, 243, 245, 241, 240, 240, 241, 242, 238, 240, 239, 243, 240,
    241, 239, 241, 242, 243 ]
headPositionsY: [ 74, 74, 74, 75, 71, 72, 70, 72, 74, 75, 74, 73, 74, 75,
    75, 72, 74, 71, 75, 71, 74, 72, 74, 71, 73, 72, 73, 73, 75, 72, 75,
    71, 74, 74, 72, 72, 75, 70, 72, 74, 74, 72, 71, 75, 75, 75, 74, 73,
    72, 73, 71, 74, 74, 74, 72, 69, 73, 71, 70, 74, 72, 73, 76, 72, 73,
    74, 72, 72, 74, 73, 76, 74, 76, 75, 75, 71, 74, 74, 73, 73, 75, 77,
    73, 77, 76, 75, 75, 78, 74, 77, 75, 74, 72, 75, 77, 75, 74, 78, 75,
    78 ]
