%YAML:1.0
---
videoName: "headNod8.mp4"
gestureLabel: 202
fps: 29
pixelSizeInCmTemp: 3.1933333333333330e-01
faceCenterPointX: 262
faceCenterPointY: 74
headPositionsX: [ 263, 260, 262, 260, 259, 260, 263, 259, 261, 263, 259,
    262, 261, 261, 259, 261, 263, 261, 261, 259, 262, 261, 262, 263, 259,
    259, 259, 261, 264, 260, 259, 262, 264, 262, 261, 262, 262, 263, 263,
    263, 260, 260, 260, 262, 261, 264, 263, 260, 263, 263, 262, 263, 263,
    262, 259, 259, 260, 259, 263, 260, 263, 259, 263, 261, 261, 263, 261,
    262, 262, 263, 260, 262, 262, 261, 261, 262, 259, 258, 259, 260, 259,
    264, 265, 262, 259, 261, 260, 263, 264, 265, 261, 262, 260, 261, 263,
    266, 260, 265, 263, 261 ]
headPositionsY: [ 73, 76, 78, 77, 77, 74, 76, 77, 75, 76, 77, 78, 76, 75,
    76, 77, 77, 77, 74, 74, 77, 78, 78, 74, 78, 74, 75, 78, 78, 76, 75,
    77, 75, 79, 74, 76, 76, 74, 73, 73, 73, 71, 71, 70, 67, 66, 66, 72,
    70, 76, 79, 81, 85, 85, 83, 82, 78, 73, 74, 70, 72, 68, 73, 72, 77,
    82, 85, 82, 81, 79, 79, 74, 73, 72, 69, 73, 74, 74, 77, 81, 84, 81,
    81, 78, 77, 74, 72, 70, 74, 70, 76, 73, 78, 78, 76, 80, 76, 75, 74,
    75 ]
