%YAML:1.0
---
videoName: "headLookRight5.mp4"
gestureLabel: 204
fps: 29
pixelSizeInCmTemp: 3.1513157894736843e-01
faceCenterPointX: 228
faceCenterPointY: 76
headPositionsX: [ 228, 248, 249, 250, 250, 249, 248, 251, 248, 250, 249,
    249, 248, 246, 248, 249, 248, 251, 249, 252, 248, 249, 252, 249, 251,
    251, 248, 248, 249, 248, 250, 246, 247, 246, 241, 239, 239, 238, 233,
    230, 230, 229, 228, 226, 227, 224, 224, 226, 228, 230, 227, 224, 220,
    226, 226, 227, 225, 227, 225, 223, 227, 222, 229, 227, 227, 226, 225,
    225, 228, 229, 227, 222, 227, 226, 225, 228, 228, 225, 226, 223, 223,
    227, 226, 226, 224, 224, 225, 221, 224, 224, 221, 224, 223, 226, 226,
    226, 223, 225, 226, 225 ]
headPositionsY: [ 76, 73, 73, 77, 72, 73, 74, 76, 74, 74, 73, 75, 75, 76,
    74, 73, 77, 77, 75, 77, 76, 73, 73, 74, 72, 74, 76, 74, 77, 76, 76,
    73, 75, 76, 73, 73, 72, 75, 72, 73, 75, 75, 72, 75, 76, 77, 75, 72,
    75, 73, 73, 76, 72, 75, 74, 76, 72, 74, 76, 75, 77, 72, 77, 72, 73,
    77, 77, 74, 76, 74, 75, 75, 76, 77, 72, 72, 71, 73, 75, 69, 73, 76,
    77, 76, 74, 77, 72, 71, 75, 74, 73, 76, 72, 77, 71, 75, 74, 73, 74,
    74 ]
