%YAML:1.0
---
videoName: "headShake1.mp4"
gestureLabel: 201
fps: 29
pixelSizeInCmTemp: 3.3263888888888887e-01
faceCenterPointX: 279
faceCenterPointY: 98
headPositionsX: [ 277, 278, 279, 280, 278, 282, 277, 278, 277, 278, 280,
    278, 278, 279, 280, 280, 279, 277, 280, 280, 280, 280, 278, 279, 279,
    279, 279, 279, 281, 285, 287, 289, 288, 290, 292, 293, 293, 290, 285,
    281, 277, 275, 270, 271, 270, 272, 269, 275, 279, 283, 288, 289, 293,
    290, 290, 287, 283, 280, 275, 270, 269, 268, 267, 267, 273, 275, 281,
    284, 290, 290, 291, 292, 290, 286, 282, 282, 275, 276, 272, 272, 271,
    274, 271, 273, 274, 277, 277, 277, 276, 279, 279, 280, 279, 281, 278,
    280, 278, 280, 281, 278 ]
headPositionsY: [ 98, 99, 95, 99, 98, 96, 96, 95, 97, 98, 98, 99, 97, 99,
    97, 99, 95, 97, 98, 97, 99, 98, 99, 96, 97, 95, 95, 96, 96, 94, 96,
    97, 96, 96, 98, 93, 93, 97, 95, 95, 97, 98, 98, 95, 95, 98, 93, 95,
    97, 93, 94, 96, 97, 96, 94, 98, 98, 97, 99, 96, 95, 96, 94, 97, 97,
    97, 96, 93, 97, 94, 94, 96, 94, 95, 95, 100, 98, 96, 96, 96, 95, 94,
    97, 96, 96, 96, 99, 97, 99, 96, 96, 98, 96, 96, 100, 96, 98, 100, 96,
    96 ]
