%YAML:1.0
---
videoName: "headShake16.mp4"
gestureLabel: 201
fps: 29
pixelSizeInCmTemp: 3.2364864864864862e-01
faceCenterPointX: 242
faceCenterPointY: 77
headPositionsX: [ 244, 245, 244, 244, 243, 246, 245, 243, 242, 241, 245,
    243, 242, 246, 246, 244, 242, 243, 245, 243, 244, 245, 243, 241, 244,
    241, 240, 242, 243, 243, 240, 241, 243, 243, 242, 243, 243, 242, 248,
    249, 250, 255, 255, 256, 256, 251, 248, 243, 241, 236, 238, 236, 237,
    236, 241, 242, 245, 248, 249, 248, 247, 249, 245, 242, 241, 238, 236,
    233, 234, 233, 235, 239, 239, 238, 244, 241, 242, 244, 246, 241, 243,
    241, 238, 238, 239, 240, 237, 239, 239, 242, 239, 240, 242, 242, 241,
    240, 243, 244, 242, 243 ]
headPositionsY: [ 78, 76, 77, 77, 75, 75, 77, 75, 75, 75, 77, 77, 77, 77,
    74, 78, 75, 78, 76, 78, 77, 76, 76, 77, 74, 78, 73, 76, 74, 74, 77,
    75, 74, 78, 74, 75, 74, 77, 76, 76, 75, 73, 74, 74, 76, 75, 77, 76,
    77, 74, 76, 78, 74, 76, 79, 76, 79, 77, 75, 78, 77, 75, 79, 78, 75,
    78, 75, 77, 76, 75, 75, 79, 78, 75, 76, 79, 74, 79, 78, 75, 76, 76,
    79, 77, 77, 74, 79, 78, 79, 79, 75, 75, 74, 76, 77, 74, 75, 77, 75,
    77 ]
