%YAML:1.0
---
videoName: "headShake3.mp4"
gestureLabel: 201
fps: 30
pixelSizeInCmTemp: 3.3263888888888887e-01
faceCenterPointX: 240
faceCenterPointY: 101
headPositionsX: [ 238, 242, 243, 240, 243, 243, 240, 241, 241, 240, 239,
    240, 243, 243, 241, 242, 240, 241, 243, 240, 243, 242, 239, 241, 243,
    239, 242, 240, 241, 242, 240, 240, 239, 242, 247, 249, 255, 256, 254,
    258, 256, 252, 247, 243, 236, 235, 231, 229, 227, 232, 234, 239, 242,
    248, 252, 253, 247, 246, 245, 239, 234, 230, 228, 227, 224, 226, 233,
    234, 237, 242, 245, 245, 246, 247, 244, 243, 242, 239, 236, 236, 232,
    230, 232, 236, 235, 236, 238, 239, 240, 239, 241, 238, 238, 241, 240,
    240, 242, 240, 242, 238 ]
headPositionsY: [ 103, 101, 98, 97, 100, 97, 99, 98, 99, 96, 98, 98, 99,
    97, 98, 99, 101, 98, 97, 101, 101, 100, 98, 97, 98, 99, 100, 98, 100,
    98, 98, 98, 97, 100, 97, 96, 99, 95, 98, 96, 100, 98, 100, 98, 101,
    98, 101, 98, 97, 99, 99, 99, 101, 100, 100, 101, 98, 97, 101, 98, 99,
    97, 96, 98, 95, 99, 100, 100, 100, 98, 98, 97, 99, 97, 98, 99, 101,
    101, 97, 98, 99, 101, 102, 99, 101, 100, 101, 101, 99, 98, 102, 99,
    99, 102, 103, 100, 103, 100, 99, 100 ]
