%YAML:1.0
---
videoName: "headNod5.mp4"
gestureLabel: 202
fps: 29
pixelSizeInCmTemp: 3.1513157894736843e-01
faceCenterPointX: 263
faceCenterPointY: 75
headPositionsX: [ 261, 264, 262, 261, 263, 265, 262, 264, 260, 264, 262,
    264, 263, 265, 263, 262, 265, 265, 266, 265, 265, 265, 265, 263, 263,
    264, 262, 266, 268, 264, 266, 267, 265, 263, 266, 268, 266, 267, 268,
    264, 268, 267, 268, 266, 264, 267, 265, 266, 265, 266, 264, 266, 264,
    262, 263, 264, 266, 262, 262, 265, 264, 266, 263, 263, 262, 264, 264,
    264, 263, 263, 263, 265, 265, 265, 266, 265, 263, 262, 265, 263, 264,
    262, 262, 261, 266, 264, 264, 263, 263, 264, 263, 263, 265, 263, 263,
    262, 262, 261, 261, 261 ]
headPositionsY: [ 75, 72, 76, 71, 74, 72, 73, 72, 75, 75, 73, 73, 75, 75,
    74, 76, 76, 74, 73, 73, 77, 75, 74, 78, 75, 76, 76, 77, 75, 77, 78,
    77, 76, 74, 78, 79, 79, 79, 77, 78, 75, 76, 76, 79, 79, 78, 80, 76,
    76, 79, 80, 79, 81, 83, 83, 81, 82, 76, 76, 72, 74, 80, 83, 83, 88,
    88, 85, 83, 81, 76, 74, 77, 79, 79, 84, 84, 85, 86, 80, 79, 78, 73,
    73, 76, 74, 78, 79, 83, 84, 82, 80, 80, 74, 75, 73, 76, 76, 74, 72,
    72 ]
