%YAML:1.0
---
videoName: "headShake6.mp4"
gestureLabel: 201
fps: 29
pixelSizeInCmTemp: 3.2808219178082193e-01
faceCenterPointX: 244
faceCenterPointY: 68
headPositionsX: [ 242, 244, 243, 246, 245, 246, 244, 244, 244, 244, 245,
    243, 247, 244, 247, 245, 244, 244, 242, 247, 248, 247, 243, 243, 245,
    247, 246, 245, 250, 253, 255, 260, 263, 264, 263, 262, 256, 254, 246,
    243, 236, 231, 228, 231, 234, 241, 243, 250, 253, 257, 260, 260, 258,
    255, 248, 242, 240, 232, 229, 231, 231, 236, 237, 240, 248, 248, 250,
    254, 249, 248, 246, 244, 241, 241, 237, 241, 238, 239, 238, 238, 242,
    241, 243, 242, 242, 244, 246, 243, 245, 245, 245, 242, 243, 243, 245,
    245, 243, 246, 246, 244 ]
headPositionsY: [ 67, 65, 67, 69, 67, 67, 66, 64, 66, 68, 68, 69, 65, 68,
    67, 67, 67, 65, 64, 66, 66, 67, 69, 67, 67, 69, 69, 66, 68, 68, 67,
    67, 63, 64, 65, 65, 65, 70, 68, 69, 71, 69, 67, 68, 69, 67, 68, 69,
    69, 69, 67, 68, 69, 67, 68, 68, 69, 66, 68, 69, 70, 68, 69, 66, 67,
    66, 69, 70, 66, 69, 67, 67, 69, 67, 65, 68, 69, 69, 67, 66, 67, 69,
    68, 70, 69, 67, 67, 69, 69, 67, 68, 70, 68, 67, 70, 68, 66, 70, 69,
    68 ]
