%YAML:1.0
---
videoName: "headShake21.mp4"
gestureLabel: 201
fps: 29
pixelSizeInCmTemp: 3.1933333333333330e-01
faceCenterPointX: 241
faceCenterPointY: 78
headPositionsX: [ 243, 245, 246, 241, 241, 242, 240, 244, 241, 240, 241,
    239, 241, 243, 239, 243, 241, 241, 242, 241, 244, 241, 244, 240, 241,
    243, 246, 241, 245, 244, 242, 245, 243, 241, 242, 244, 242, 244, 244,
    244, 243, 241, 241, 243, 242, 242, 241, 242, 240, 239, 240, 240, 243,
    242, 244, 242, 241, 244, 243, 243, 243, 240, 241, 239, 238, 242, 240,
    240, 247, 246, 253, 250, 249, 251, 246, 242, 237, 233, 234, 235, 238,
    236, 238, 240, 244, 242, 241, 241, 239, 238, 239, 240, 240, 240, 238,
    241, 240, 240, 243, 243 ]
headPositionsY: [ 78, 84, 79, 78, 75, 73, 73, 73, 71, 71, 71, 72, 70, 71,
    71, 72, 69, 69, 70, 73, 73, 74, 74, 74, 72, 76, 73, 73, 74, 74, 77,
    78, 78, 74, 76, 78, 76, 76, 76, 78, 78, 77, 78, 76, 80, 77, 77, 77,
    79, 78, 79, 78, 79, 76, 80, 76, 76, 77, 80, 80, 76, 79, 75, 76, 80,
    81, 76, 79, 76, 77, 76, 75, 76, 77, 79, 78, 81, 80, 76, 77, 79, 77,
    75, 77, 78, 78, 79, 79, 77, 76, 79, 78, 80, 76, 77, 76, 79, 77, 80,
    80 ]
