%YAML:1.0
---
videoName: "headNod33.mp4"
gestureLabel: 202
fps: 29
pixelSizeInCmTemp: 2.9567901234567900e-01
faceCenterPointX: 268
faceCenterPointY: 74
headPositionsX: [ 267, 267, 269, 271, 266, 269, 270, 268, 272, 268, 272,
    271, 270, 268, 270, 273, 273, 273, 270, 270, 269, 269, 272, 267, 269,
    268, 270, 272, 270, 269, 267, 267, 271, 268, 269, 271, 269, 267, 268,
    272, 269, 269, 268, 268, 271, 270, 269, 272, 271, 266, 267, 267, 269,
    268, 268, 266, 266, 266, 266, 268, 267, 269, 267, 269, 267, 269, 265,
    269, 268, 268, 265, 269, 266, 269, 269, 269, 267, 269, 271, 266, 269,
    267, 270, 266, 270, 265, 267, 268, 268, 265, 267, 265, 269, 267, 266,
    266, 267, 269, 267, 268 ]
headPositionsY: [ 72, 70, 71, 72, 72, 71, 70, 69, 72, 69, 71, 71, 71, 70,
    70, 73, 71, 69, 72, 70, 74, 72, 72, 71, 69, 72, 72, 71, 72, 73, 73,
    75, 74, 75, 76, 76, 77, 78, 74, 72, 69, 67, 64, 67, 64, 68, 70, 76,
    80, 82, 83, 84, 80, 78, 77, 73, 70, 71, 68, 71, 69, 70, 74, 71, 76,
    76, 75, 79, 78, 75, 76, 76, 73, 72, 69, 69, 71, 71, 74, 75, 77, 74,
    80, 79, 78, 75, 79, 77, 78, 75, 74, 75, 77, 73, 74, 78, 77, 73, 77,
    75 ]
