%YAML:1.0
---
videoName: "headShake0.mp4"
gestureLabel: 201
fps: 29
pixelSizeInCmTemp: 3.2808219178082193e-01
faceCenterPointX: 279
faceCenterPointY: 94
headPositionsX: [ 281, 280, 281, 280, 281, 280, 281, 277, 281, 280, 277,
    281, 279, 278, 278, 280, 277, 281, 278, 280, 278, 278, 281, 280, 279,
    280, 278, 281, 281, 278, 277, 279, 280, 280, 276, 280, 278, 278, 278,
    278, 279, 280, 285, 285, 294, 293, 297, 301, 299, 300, 298, 295, 287,
    283, 276, 276, 271, 272, 273, 278, 283, 288, 290, 290, 292, 289, 285,
    280, 279, 274, 275, 272, 271, 275, 281, 282, 283, 282, 284, 284, 278,
    278, 278, 275, 274, 278, 276, 278, 280, 280, 280, 281, 277, 279, 277,
    278, 280, 281, 279, 277 ]
headPositionsY: [ 94, 95, 94, 93, 91, 92, 95, 92, 91, 92, 95, 92, 92, 93,
    95, 93, 95, 91, 94, 92, 96, 91, 92, 91, 91, 94, 94, 93, 92, 90, 93,
    93, 91, 91, 95, 94, 93, 95, 94, 95, 91, 94, 89, 90, 92, 92, 93, 90,
    92, 91, 91, 92, 93, 91, 92, 93, 92, 94, 91, 92, 92, 90, 91, 94, 92,
    92, 95, 94, 93, 92, 94, 93, 92, 92, 93, 94, 95, 93, 95, 95, 96, 96,
    93, 95, 93, 94, 93, 95, 92, 95, 94, 94, 93, 96, 94, 93, 96, 96, 96,
    95 ]
