%YAML:1.0
---
videoName: "headLookUp6.mp4"
gestureLabel: 205
fps: 30
pixelSizeInCmTemp: 3.7421874999999999e-01
faceCenterPointX: 255
faceCenterPointY: 70
headPositionsX: [ 257, 255, 256, 257, 255, 257, 256, 254, 254, 253, 254,
    253, 258, 253, 256, 257, 254, 254, 257, 253, 252, 254, 254, 254, 255,
    256, 255, 258, 256, 254, 253, 254, 258, 257, 255, 255, 254, 256, 253,
    254, 255, 257, 252, 255, 253, 257, 253, 255, 255, 255, 256, 252, 255,
    254, 253, 256, 252, 257, 254, 253, 254, 255, 256, 257, 253, 253, 257,
    253, 254, 255, 252, 252, 254, 256, 256, 252, 253, 253, 257, 255, 255,
    255, 256, 255, 253, 255, 255, 256, 254, 257, 253, 254, 257, 254, 256,
    254, 255, 254, 256, 257 ]
headPositionsY: [ 70, 83, 82, 82, 81, 85, 85, 85, 83, 83, 83, 85, 82, 86,
    81, 81, 82, 81, 83, 81, 83, 85, 82, 80, 80, 78, 79, 80, 76, 74, 71,
    74, 72, 70, 67, 71, 70, 68, 68, 71, 69, 69, 69, 70, 70, 67, 67, 67,
    71, 66, 68, 67, 68, 69, 66, 70, 68, 72, 70, 68, 69, 67, 67, 67, 68,
    71, 68, 69, 71, 71, 66, 67, 69, 70, 71, 68, 71, 69, 66, 72, 68, 68,
    68, 69, 68, 67, 68, 70, 71, 71, 70, 70, 70, 70, 67, 69, 69, 68, 69,
    68 ]
