%YAML:1.0
---
videoName: "headLookRight9.mp4"
gestureLabel: 204
fps: 29
pixelSizeInCmTemp: 2.8511904761904761e-01
faceCenterPointX: 217
faceCenterPointY: 75
headPositionsX: [ 219, 245, 245, 242, 243, 242, 243, 242, 244, 243, 244,
    245, 242, 244, 244, 244, 244, 244, 244, 243, 242, 242, 244, 246, 244,
    242, 245, 242, 243, 241, 243, 241, 239, 235, 232, 232, 226, 222, 221,
    222, 218, 220, 213, 214, 217, 215, 216, 215, 216, 217, 214, 214, 210,
    216, 212, 215, 212, 213, 216, 216, 212, 214, 215, 214, 218, 221, 215,
    214, 213, 215, 215, 211, 208, 214, 214, 216, 216, 216, 213, 216, 215,
    216, 213, 217, 218, 216, 215, 216, 217, 215, 216, 212, 214, 218, 215,
    218, 216, 216, 217, 218 ]
headPositionsY: [ 75, 73, 73, 75, 76, 74, 72, 76, 74, 74, 77, 76, 76, 75,
    74, 76, 74, 75, 73, 74, 76, 74, 75, 77, 76, 74, 75, 76, 74, 76, 76,
    77, 73, 74, 72, 76, 75, 72, 74, 75, 75, 71, 72, 79, 71, 74, 73, 75,
    72, 72, 70, 70, 72, 72, 72, 72, 72, 75, 71, 70, 71, 69, 73, 71, 79,
    79, 75, 73, 71, 70, 70, 76, 76, 70, 74, 73, 72, 74, 76, 71, 72, 69,
    70, 73, 73, 70, 72, 74, 76, 74, 74, 72, 72, 72, 70, 71, 76, 76, 73,
    77 ]
