%YAML:1.0
---
videoName: "headShake27.mp4"
gestureLabel: 201
fps: 29
pixelSizeInCmTemp: 3.3263888888888887e-01
faceCenterPointX: 244
faceCenterPointY: 78
headPositionsX: [ 245, 248, 248, 251, 249, 254, 253, 253, 254, 254, 256,
    254, 256, 254, 252, 248, 250, 246, 242, 241, 242, 239, 237, 238, 234,
    235, 231, 233, 229, 231, 234, 234, 235, 233, 240, 241, 241, 240, 247,
    246, 250, 249, 249, 251, 251, 249, 250, 250, 250, 249, 245, 241, 241,
    242, 236, 236, 237, 233, 232, 233, 233, 235, 234, 235, 235, 234, 235,
    238, 243, 242, 244, 244, 243, 245, 247, 247, 250, 246, 248, 246, 245,
    247, 246, 244, 248, 247, 243, 247, 246, 243, 243, 244, 242, 246, 246,
    242, 243, 245, 247, 243 ]
headPositionsY: [ 76, 78, 75, 75, 78, 76, 75, 78, 77, 78, 75, 74, 75, 74,
    78, 78, 77, 79, 77, 80, 79, 79, 76, 78, 79, 81, 79, 76, 77, 77, 78,
    81, 77, 77, 81, 80, 77, 79, 78, 81, 81, 81, 80, 78, 82, 78, 80, 78,
    81, 80, 79, 81, 80, 78, 78, 80, 78, 80, 80, 78, 79, 76, 79, 81, 81,
    79, 80, 78, 78, 78, 81, 78, 80, 79, 77, 78, 80, 82, 79, 82, 79, 78,
    77, 79, 80, 81, 78, 82, 78, 79, 81, 77, 79, 79, 79, 79, 81, 81, 77,
    81 ]
