%YAML:1.0
---
videoName: "headShake2.mp4"
gestureLabel: 201
fps: 29
pixelSizeInCmTemp: 3.4214285714285714e-01
faceCenterPointX: 276
faceCenterPointY: 98
headPositionsX: [ 274, 277, 277, 279, 278, 276, 279, 276, 275, 277, 276,
    278, 278, 278, 279, 277, 279, 278, 278, 275, 277, 275, 280, 279, 277,
    279, 279, 278, 278, 278, 279, 276, 279, 275, 278, 278, 276, 277, 280,
    275, 278, 279, 282, 281, 287, 290, 292, 294, 292, 296, 290, 287, 285,
    278, 271, 269, 266, 265, 264, 268, 271, 276, 281, 286, 289, 290, 288,
    288, 285, 278, 274, 270, 270, 267, 268, 271, 277, 279, 283, 285, 289,
    285, 284, 282, 282, 283, 278, 279, 277, 275, 274, 277, 275, 276, 272,
    277, 277, 273, 273, 275 ]
headPositionsY: [ 100, 100, 100, 98, 97, 97, 97, 96, 99, 100, 96, 98, 98,
    98, 100, 96, 99, 99, 99, 98, 99, 101, 100, 97, 98, 100, 99, 97, 101,
    99, 98, 99, 100, 100, 99, 102, 100, 97, 98, 99, 97, 97, 100, 96, 98,
    96, 97, 95, 97, 96, 95, 98, 98, 99, 96, 99, 97, 99, 97, 99, 96, 96,
    96, 97, 99, 96, 95, 99, 98, 97, 97, 99, 99, 97, 98, 98, 100, 101, 99,
    99, 100, 97, 99, 99, 99, 101, 98, 98, 97, 100, 101, 97, 97, 99, 100,
    97, 100, 101, 99, 100 ]
