%YAML:1.0
---
videoName: "headNod37.mp4"
gestureLabel: 202
fps: 29
pixelSizeInCmTemp: 2.9207317073170730e-01
faceCenterPointX: 269
faceCenterPointY: 78
headPositionsX: [ 268, 270, 272, 271, 271, 270, 271, 271, 270, 271, 268,
    270, 270, 270, 271, 272, 270, 269, 271, 267, 270, 270, 271, 268, 267,
    269, 269, 270, 267, 269, 272, 270, 271, 270, 271, 267, 270, 272, 271,
    271, 269, 268, 268, 270, 270, 271, 271, 267, 269, 270, 270, 269, 268,
    271, 268, 268, 271, 269, 269, 267, 269, 270, 267, 268, 268, 264, 265,
    264, 267, 265, 267, 266, 267, 270, 269, 269, 270, 267, 267, 270, 270,
    272, 268, 269, 271, 272, 270, 268, 271, 270, 268, 271, 269, 267, 269,
    267, 268, 267, 268, 270 ]
headPositionsY: [ 80, 77, 75, 78, 76, 75, 74, 77, 74, 73, 72, 76, 74, 73,
    78, 74, 75, 73, 77, 74, 77, 77, 74, 77, 76, 74, 77, 77, 75, 77, 76,
    78, 73, 77, 74, 74, 75, 78, 77, 76, 78, 74, 75, 77, 75, 78, 74, 76,
    76, 78, 77, 72, 71, 68, 68, 67, 66, 66, 66, 67, 71, 73, 78, 83, 88,
    88, 86, 87, 83, 80, 73, 73, 70, 65, 69, 66, 64, 68, 69, 68, 74, 76,
    78, 79, 83, 82, 84, 84, 82, 79, 80, 81, 78, 76, 79, 76, 76, 78, 77,
    80 ]
