%YAML:1.0
---
videoName: "headNod26.mp4"
gestureLabel: 202
fps: 29
pixelSizeInCmTemp: 3.1513157894736843e-01
faceCenterPointX: 271
faceCenterPointY: 78
headPositionsX: [ 269, 274, 271, 272, 274, 274, 272, 271, 273, 273, 270,
    272, 275, 273, 273, 273, 272, 272, 273, 274, 273, 273, 274, 270, 272,
    271, 271, 272, 271, 272, 274, 271, 270, 270, 270, 272, 272, 272, 272,
    273, 269, 270, 270, 270, 274, 270, 271, 273, 268, 272, 271, 274, 271,
    270, 273, 270, 274, 269, 274, 272, 274, 273, 273, 272, 273, 275, 272,
    271, 274, 273, 274, 271, 273, 271, 272, 269, 272, 270, 271, 269, 270,
    269, 270, 271, 269, 270, 268, 269, 268, 271, 271, 274, 270, 269, 271,
    269, 269, 271, 271, 270 ]
headPositionsY: [ 79, 71, 72, 71, 72, 71, 72, 70, 68, 67, 68, 64, 64, 67,
    67, 68, 70, 73, 72, 75, 76, 81, 81, 83, 83, 78, 80, 72, 72, 68, 70,
    70, 70, 69, 71, 69, 74, 77, 76, 78, 78, 79, 77, 75, 76, 71, 67, 68,
    66, 67, 69, 71, 74, 74, 73, 76, 77, 74, 72, 72, 72, 68, 65, 68, 70,
    68, 67, 68, 69, 71, 75, 76, 78, 76, 76, 74, 71, 71, 70, 68, 70, 67,
    68, 68, 71, 75, 73, 78, 80, 77, 81, 78, 78, 79, 77, 77, 77, 76, 76,
    76 ]
