%YAML:1.0
---
videoName: "headNod41.mp4"
gestureLabel: 202
fps: 29
pixelSizeInCmTemp: 2.9937500000000000e-01
faceCenterPointX: 267
faceCenterPointY: 76
headPositionsX: [ 268, 269, 268, 272, 269, 271, 271, 270, 269, 268, 271,
    268, 272, 271, 270, 268, 270, 269, 273, 269, 271, 272, 269, 272, 271,
    268, 271, 271, 268, 271, 272, 272, 269, 270, 268, 268, 268, 268, 269,
    271, 271, 272, 269, 271, 269, 267, 271, 270, 268, 269, 269, 271, 271,
    268, 267, 267, 268, 268, 271, 268, 271, 267, 270, 268, 266, 268, 267,
    266, 269, 267, 267, 269, 268, 268, 266, 265, 265, 269, 266, 266, 268,
    266, 270, 265, 267, 265, 266, 268, 268, 266, 268, 268, 266, 269, 268,
    267, 268, 265, 266, 267 ]
headPositionsY: [ 78, 71, 73, 71, 71, 73, 74, 75, 75, 74, 72, 74, 75, 73,
    75, 76, 72, 75, 72, 72, 76, 72, 72, 72, 74, 72, 72, 72, 76, 74, 75,
    76, 73, 72, 75, 72, 73, 77, 75, 78, 81, 84, 88, 88, 91, 93, 89, 88,
    84, 77, 80, 68, 72, 66, 66, 65, 68, 71, 73, 78, 83, 88, 92, 91, 90,
    90, 84, 83, 80, 72, 73, 69, 72, 73, 70, 79, 79, 85, 84, 83, 83, 80,
    75, 73, 74, 73, 76, 73, 76, 76, 78, 79, 78, 80, 81, 77, 80, 76, 76,
    75 ]
