%YAML:1.0
---
videoName: "headNod31.mp4"
gestureLabel: 202
fps: 29
pixelSizeInCmTemp: 2.8855421686746985e-01
faceCenterPointX: 267
faceCenterPointY: 75
headPositionsX: [ 267, 271, 270, 272, 270, 271, 271, 272, 268, 272, 270,
    272, 269, 271, 268, 269, 269, 269, 269, 267, 265, 268, 268, 265, 268,
    267, 268, 265, 268, 269, 270, 269, 271, 271, 271, 270, 268, 269, 270,
    267, 270, 267, 268, 269, 267, 266, 269, 269, 266, 266, 265, 267, 264,
    267, 268, 266, 268, 267, 265, 266, 265, 269, 265, 267, 265, 267, 264,
    269, 267, 265, 267, 264, 265, 268, 268, 268, 265, 266, 267, 265, 266,
    268, 267, 268, 267, 264, 268, 265, 267, 265, 267, 267, 266, 267, 267,
    265, 269, 265, 265, 264 ]
headPositionsY: [ 76, 73, 72, 73, 74, 72, 76, 69, 67, 66, 65, 64, 65, 65,
    76, 81, 84, 86, 86, 85, 86, 81, 80, 76, 74, 70, 71, 72, 66, 66, 70,
    70, 72, 77, 79, 81, 83, 85, 86, 87, 85, 82, 82, 75, 74, 75, 74, 73,
    77, 79, 80, 84, 83, 85, 83, 79, 80, 73, 75, 73, 73, 70, 68, 67, 74,
    75, 77, 75, 81, 79, 82, 77, 80, 76, 74, 72, 71, 70, 73, 71, 74, 76,
    76, 79, 76, 75, 76, 76, 73, 75, 73, 76, 72, 76, 74, 76, 74, 78, 74,
    74 ]
