%YAML:1.0
---
videoName: "headNod29.mp4"
gestureLabel: 202
fps: 29
pixelSizeInCmTemp: 3.1933333333333330e-01
faceCenterPointX: 271
faceCenterPointY: 70
headPositionsX: [ 272, 273, 273, 271, 274, 272, 271, 271, 275, 272, 275,
    273, 273, 271, 270, 271, 270, 273, 272, 272, 270, 272, 273, 271, 274,
    272, 273, 272, 271, 269, 272, 268, 272, 273, 269, 273, 272, 268, 270,
    271, 271, 270, 268, 270, 271, 269, 269, 270, 273, 272, 269, 274, 272,
    272, 269, 271, 271, 272, 268, 269, 270, 270, 267, 270, 268, 267, 269,
    269, 268, 269, 268, 269, 270, 271, 271, 269, 270, 272, 271, 274, 269,
    269, 270, 271, 273, 273, 272, 272, 270, 269, 269, 272, 269, 273, 271,
    271, 271, 271, 268, 273 ]
headPositionsY: [ 70, 73, 74, 75, 75, 76, 76, 78, 78, 82, 80, 77, 77, 74,
    74, 72, 68, 65, 67, 65, 68, 70, 66, 71, 72, 77, 80, 80, 80, 78, 81,
    78, 75, 74, 70, 74, 71, 69, 73, 72, 77, 76, 79, 79, 77, 77, 79, 77,
    75, 75, 75, 73, 77, 79, 83, 82, 81, 80, 76, 73, 75, 76, 76, 74, 75,
    75, 78, 76, 75, 74, 74, 72, 69, 69, 69, 71, 71, 73, 78, 79, 77, 77,
    72, 73, 71, 70, 72, 71, 71, 70, 69, 69, 71, 73, 69, 70, 71, 72, 71,
    71 ]
