%YAML:1.0
---
videoName: "headShake42.mp4"
gestureLabel: 201
fps: 29
pixelSizeInCmTemp: 3.2808219178082193e-01
faceCenterPointX: 257
faceCenterPointY: 85
headPositionsX: [ 258, 274, 273, 274, 275, 278, 279, 278, 275, 275, 270,
    269, 265, 264, 260, 255, 253, 252, 245, 247, 243, 244, 243, 242, 243,
    244, 249, 251, 253, 261, 263, 265, 271, 276, 277, 280, 277, 279, 277,
    277, 272, 270, 266, 267, 264, 257, 256, 251, 251, 247, 248, 243, 243,
    247, 247, 248, 249, 252, 252, 256, 257, 261, 265, 263, 268, 267, 268,
    271, 268, 267, 269, 269, 268, 264, 265, 261, 259, 259, 258, 259, 259,
    259, 259, 258, 255, 258, 256, 254, 257, 259, 257, 255, 255, 258, 256,
    257, 256, 257, 256, 256 ]
headPositionsY: [ 86, 83, 81, 82, 82, 83, 82, 83, 80, 82, 83, 84, 85, 86,
    85, 82, 84, 85, 83, 83, 84, 83, 87, 86, 85, 85, 86, 85, 83, 84, 87,
    85, 84, 84, 85, 85, 81, 82, 82, 84, 86, 85, 87, 87, 86, 84, 87, 85,
    87, 86, 83, 85, 86, 84, 85, 86, 84, 84, 86, 85, 84, 83, 86, 84, 85,
    84, 86, 83, 84, 85, 87, 84, 85, 84, 85, 84, 85, 87, 84, 87, 88, 85,
    86, 87, 83, 86, 85, 83, 84, 87, 88, 85, 83, 84, 86, 85, 84, 85, 84,
    87 ]
