%YAML:1.0
---
videoName: "headShake34.mp4"
gestureLabel: 201
fps: 29
pixelSizeInCmTemp: 3.2364864864864862e-01
faceCenterPointX: 263
faceCenterPointY: 83
headPositionsX: [ 264, 263, 263, 264, 262, 263, 263, 263, 265, 265, 265,
    265, 265, 262, 265, 266, 263, 262, 262, 263, 264, 262, 263, 265, 265,
    263, 263, 265, 264, 264, 262, 264, 266, 264, 263, 263, 263, 268, 267,
    268, 272, 274, 275, 277, 275, 276, 279, 278, 276, 273, 272, 270, 264,
    259, 255, 255, 254, 254, 255, 256, 256, 260, 266, 268, 270, 268, 268,
    267, 264, 260, 259, 255, 254, 253, 254, 258, 258, 262, 261, 264, 264,
    267, 266, 266, 267, 268, 263, 264, 263, 265, 267, 262, 266, 261, 266,
    263, 264, 264, 263, 261 ]
headPositionsY: [ 84, 80, 85, 81, 80, 83, 83, 81, 83, 82, 82, 84, 84, 81,
    82, 83, 84, 85, 82, 85, 85, 81, 81, 84, 82, 83, 81, 85, 83, 82, 85,
    83, 85, 83, 86, 84, 85, 84, 81, 84, 83, 83, 81, 81, 80, 79, 83, 81,
    79, 83, 82, 84, 83, 84, 82, 80, 82, 84, 82, 80, 85, 82, 82, 84, 82,
    83, 84, 81, 84, 84, 81, 82, 84, 81, 85, 81, 82, 83, 85, 84, 82, 82,
    82, 82, 82, 84, 85, 81, 84, 84, 81, 83, 84, 82, 84, 81, 85, 85, 83,
    85 ]
