%YAML:1.0
---
videoName: "headLookUp8.mp4"
gestureLabel: 205
fps: 29
pixelSizeInCmTemp: 3.4214285714285714e-01
faceCenterPointX: 253
faceCenterPointY: 59
headPositionsX: [ 253, 251, 254, 253, 251, 255, 253, 255, 253, 253, 252,
    252, 253, 252, 252, 251, 251, 251, 251, 251, 252, 253, 252, 249, 254,
    252, 253, 253, 252, 252, 254, 253, 251, 254, 252, 254, 251, 250, 253,
    254, 254, 250, 252, 254, 252, 250, 253, 251, 252, 249, 252, 252, 253,
    254, 252, 254, 253, 252, 250, 252, 252, 250, 252, 251, 254, 255, 254,
    251, 250, 253, 255, 250, 254, 255, 253, 252, 253, 254, 254, 253, 251,
    251, 255, 251, 250, 252, 255, 253, 252, 251, 253, 254, 252, 254, 251,
    250, 252, 252, 252, 253 ]
headPositionsY: [ 61, 77, 75, 75, 75, 76, 79, 75, 78, 75, 77, 74, 76, 77,
    76, 70, 73, 71, 73, 70, 70, 70, 70, 67, 64, 69, 66, 67, 64, 64, 61,
    63, 63, 60, 62, 60, 59, 58, 60, 59, 58, 58, 59, 59, 60, 60, 58, 61,
    59, 57, 59, 57, 59, 60, 58, 59, 59, 59, 60, 56, 60, 61, 57, 60, 61,
    57, 56, 57, 59, 60, 61, 59, 56, 59, 59, 59, 61, 61, 57, 61, 57, 60,
    58, 58, 61, 57, 60, 57, 58, 60, 59, 61, 57, 61, 59, 61, 59, 61, 62,
    61 ]
