%YAML:1.0
---
videoName: "headNod3.mp4"
gestureLabel: 202
fps: 29
pixelSizeInCmTemp: 3.1933333333333330e-01
faceCenterPointX: 264
faceCenterPointY: 76
headPositionsX: [ 266, 262, 262, 265, 262, 265, 266, 263, 263, 263, 268,
    266, 263, 265, 264, 263, 264, 264, 265, 267, 266, 263, 267, 265, 263,
    265, 263, 264, 264, 265, 263, 266, 264, 265, 264, 266, 268, 264, 268,
    264, 266, 265, 266, 266, 265, 267, 267, 267, 268, 266, 268, 265, 264,
    264, 265, 264, 263, 265, 263, 265, 266, 264, 261, 265, 264, 264, 265,
    264, 262, 264, 266, 264, 261, 265, 264, 265, 265, 264, 262, 266, 261,
    261, 265, 263, 263, 265, 262, 264, 265, 266, 265, 266, 263, 262, 265,
    262, 264, 264, 262, 265 ]
headPositionsY: [ 75, 76, 76, 76, 79, 76, 75, 77, 75, 74, 74, 76, 74, 75,
    73, 74, 75, 75, 74, 73, 72, 74, 70, 71, 73, 75, 75, 74, 73, 75, 74,
    72, 76, 74, 73, 74, 74, 75, 77, 73, 77, 74, 74, 75, 74, 70, 70, 66,
    65, 67, 67, 67, 71, 75, 79, 78, 85, 84, 81, 77, 77, 73, 68, 71, 67,
    67, 71, 71, 76, 76, 80, 80, 80, 81, 75, 76, 73, 70, 66, 64, 66, 67,
    67, 69, 73, 77, 75, 77, 82, 78, 79, 79, 79, 77, 75, 78, 77, 75, 73,
    75 ]
