%YAML:1.0
---
videoName: "headShake3.mp4"
gestureLabel: 201
fps: 30
pixelSizeInCmTemp: 3.3263888888888887e-01
faceCenterPointX: 240
faceCenterPointY: 101
headPositionsX: [ 239, 244, 239, 239, 242, 239, 241, 242, 243, 241, 243,
    243, 240, 242, 243, 240, 242, 244, 241, 240, 240, 240, 239, 243, 242,
    243, 241, 243, 242, 240, 238, 240, 240, 243, 247, 251, 253, 256, 256,
    257, 254, 252, 250, 242, 236, 235, 228, 228, 230, 232, 231, 236, 245,
    249, 250, 250, 247, 248, 241, 240, 232, 227, 228, 226, 225, 229, 231,
    235, 238, 244, 247, 248, 243, 245, 246, 242, 240, 236, 233, 233, 231,
    233, 236, 234, 235, 234, 238, 237, 238, 237, 241, 242, 239, 242, 241,
    242, 242, 242, 243, 238 ]
headPositionsY: [ 100, 98, 99, 99, 101, 97, 97, 97, 97, 97, 101, 100,
    101, 98, 100, 101, 99, 97, 100, 101, 99, 99, 102, 98, 100, 101, 101,
    100, 96, 100, 96, 97, 101, 97, 97, 98, 99, 94, 100, 98, 96, 100, 100,
    98, 99, 100, 101, 97, 100, 101, 97, 100, 99, 99, 100, 99, 96, 99, 99,
    101, 100, 99, 97, 97, 96, 98, 98, 100, 101, 98, 98, 99, 97, 99, 99,
    98, 100, 100, 100, 99, 100, 101, 98, 102, 102, 98, 98, 99, 99, 101,
    99, 99, 99, 102, 100, 100, 102, 99, 100, 98 ]
