%YAML:1.0
---
videoName: "headLookRight5.mp4"
gestureLabel: 204
fps: 29
pixelSizeInCmTemp: 3.1513157894736843e-01
faceCenterPointX: 228
faceCenterPointY: 76
headPositionsX: [ 227, 250, 250, 250, 249, 249, 247, 250, 248, 249, 251,
    249, 249, 247, 248, 248, 248, 252, 248, 251, 250, 247, 251, 250, 249,
    250, 247, 251, 250, 246, 249, 249, 246, 247, 245, 242, 238, 236, 233,
    229, 228, 231, 226, 224, 225, 227, 227, 222, 226, 229, 225, 224, 220,
    228, 224, 224, 226, 226, 226, 223, 227, 222, 226, 225, 226, 226, 227,
    224, 224, 228, 226, 224, 226, 228, 227, 228, 225, 228, 228, 222, 222,
    225, 227, 224, 226, 226, 228, 224, 227, 228, 221, 224, 222, 226, 224,
    223, 225, 225, 226, 226 ]
headPositionsY: [ 78, 76, 74, 77, 74, 76, 73, 75, 76, 73, 76, 72, 74, 72,
    74, 76, 75, 75, 73, 76, 76, 75, 74, 72, 73, 77, 77, 75, 77, 77, 72,
    77, 76, 76, 75, 72, 72, 71, 76, 75, 71, 74, 74, 74, 73, 73, 71, 73,
    75, 76, 74, 76, 73, 76, 76, 76, 75, 74, 73, 76, 74, 73, 74, 74, 77,
    76, 77, 75, 73, 73, 72, 76, 76, 74, 74, 74, 73, 77, 73, 72, 74, 75,
    75, 76, 74, 75, 73, 71, 74, 77, 72, 74, 73, 76, 74, 75, 73, 76, 72,
    75 ]
