%YAML:1.0
---
videoName: "headShake36.mp4"
gestureLabel: 201
fps: 29
pixelSizeInCmTemp: 3.2364864864864862e-01
faceCenterPointX: 263
faceCenterPointY: 80
headPositionsX: [ 265, 265, 263, 262, 263, 262, 263, 269, 270, 273, 274,
    278, 280, 280, 281, 282, 282, 280, 282, 278, 275, 273, 268, 269, 261,
    258, 254, 254, 250, 247, 247, 248, 248, 245, 248, 244, 246, 249, 249,
    253, 255, 262, 264, 268, 270, 275, 278, 278, 280, 281, 278, 281, 281,
    275, 274, 274, 268, 267, 260, 258, 253, 252, 249, 249, 252, 247, 249,
    249, 252, 253, 257, 258, 259, 263, 264, 267, 268, 265, 265, 267, 265,
    267, 268, 265, 267, 263, 265, 267, 264, 267, 262, 264, 266, 264, 264,
    262, 265, 264, 264, 261 ]
headPositionsY: [ 81, 82, 77, 80, 78, 78, 77, 80, 79, 78, 78, 79, 79, 77,
    77, 75, 78, 76, 78, 80, 78, 82, 83, 84, 82, 83, 83, 79, 82, 81, 79,
    83, 80, 79, 79, 80, 81, 80, 83, 83, 81, 84, 82, 79, 81, 77, 81, 81,
    76, 77, 78, 77, 78, 77, 79, 79, 79, 83, 79, 81, 80, 79, 80, 79, 78,
    81, 78, 79, 79, 80, 79, 79, 78, 83, 82, 82, 80, 80, 81, 82, 81, 79,
    81, 80, 83, 83, 79, 81, 81, 79, 83, 82, 79, 82, 81, 81, 80, 79, 80,
    82 ]
