%YAML:1.0
---
videoName: "headShake42.mp4"
gestureLabel: 201
fps: 29
pixelSizeInCmTemp: 3.2808219178082193e-01
faceCenterPointX: 257
faceCenterPointY: 85
headPositionsX: [ 256, 272, 277, 277, 276, 277, 276, 274, 273, 272, 273,
    268, 266, 264, 259, 254, 251, 252, 249, 246, 242, 245, 241, 243, 242,
    245, 247, 252, 255, 260, 262, 265, 273, 274, 277, 280, 278, 280, 280,
    275, 275, 272, 269, 265, 260, 256, 253, 250, 251, 247, 247, 243, 247,
    246, 247, 248, 251, 252, 252, 254, 257, 260, 265, 263, 269, 270, 269,
    268, 268, 267, 269, 267, 265, 263, 262, 261, 263, 259, 258, 259, 258,
    259, 258, 258, 256, 256, 254, 254, 254, 259, 256, 256, 256, 256, 259,
    255, 259, 257, 255, 258 ]
headPositionsY: [ 86, 81, 84, 81, 84, 82, 83, 81, 84, 83, 80, 84, 82, 86,
    84, 85, 82, 86, 83, 84, 85, 86, 83, 86, 84, 85, 83, 83, 84, 86, 84,
    84, 85, 80, 85, 85, 83, 85, 81, 83, 84, 85, 86, 87, 87, 87, 87, 85,
    84, 88, 85, 84, 84, 87, 86, 84, 83, 85, 85, 86, 86, 86, 87, 83, 86,
    88, 85, 86, 87, 85, 84, 88, 86, 84, 83, 85, 87, 87, 87, 85, 86, 85,
    83, 87, 87, 86, 86, 85, 84, 88, 86, 84, 83, 87, 84, 84, 84, 85, 85,
    86 ]
