%YAML:1.0
---
videoName: "headShake11.mp4"
gestureLabel: 201
fps: 29
pixelSizeInCmTemp: 3.2364864864864862e-01
faceCenterPointX: 244
faceCenterPointY: 76
headPositionsX: [ 245, 240, 242, 240, 241, 241, 245, 242, 243, 242, 243,
    243, 242, 240, 239, 242, 243, 244, 240, 243, 244, 240, 242, 244, 241,
    244, 243, 242, 247, 249, 253, 255, 259, 259, 263, 260, 262, 258, 254,
    250, 243, 236, 233, 228, 229, 226, 231, 230, 232, 241, 248, 249, 252,
    257, 259, 258, 258, 254, 250, 243, 239, 235, 234, 229, 230, 232, 236,
    237, 245, 248, 253, 253, 256, 260, 258, 256, 252, 250, 243, 240, 240,
    235, 234, 235, 237, 237, 239, 241, 243, 247, 248, 249, 249, 249, 249,
    244, 243, 248, 245, 242 ]
headPositionsY: [ 74, 71, 72, 73, 71, 71, 75, 72, 73, 72, 74, 73, 74, 74,
    70, 74, 75, 74, 72, 75, 71, 71, 72, 74, 71, 71, 72, 73, 72, 74, 71,
    73, 73, 71, 69, 71, 74, 72, 74, 73, 75, 76, 74, 73, 76, 76, 75, 75,
    74, 74, 73, 74, 73, 72, 74, 74, 73, 74, 76, 77, 75, 75, 78, 77, 78,
    77, 76, 77, 73, 75, 76, 74, 75, 72, 75, 71, 73, 75, 74, 72, 73, 76,
    74, 72, 73, 73, 77, 74, 77, 75, 77, 74, 74, 76, 75, 77, 74, 77, 77,
    75 ]
