%YAML:1.0
---
videoName: "headNod36.mp4"
gestureLabel: 202
fps: 29
pixelSizeInCmTemp: 2.8176470588235292e-01
faceCenterPointX: 269
faceCenterPointY: 75
headPositionsX: [ 268, 269, 273, 268, 270, 271, 272, 269, 272, 272, 269,
    270, 268, 268, 268, 269, 269, 272, 267, 270, 268, 270, 270, 272, 272,
    273, 271, 269, 271, 272, 270, 272, 272, 270, 272, 271, 269, 269, 270,
    269, 268, 269, 269, 271, 269, 270, 272, 272, 270, 269, 272, 272, 269,
    271, 269, 268, 268, 267, 268, 271, 269, 268, 268, 267, 270, 267, 269,
    267, 266, 268, 268, 268, 265, 266, 269, 270, 270, 267, 269, 268, 267,
    267, 271, 271, 271, 271, 267, 267, 271, 269, 271, 270, 270, 269, 269,
    268, 271, 271, 268, 267 ]
headPositionsY: [ 73, 76, 72, 74, 75, 73, 75, 74, 73, 76, 75, 75, 73, 72,
    73, 75, 76, 76, 76, 76, 76, 78, 79, 80, 73, 74, 70, 67, 68, 63, 65,
    63, 70, 75, 79, 86, 86, 91, 88, 85, 85, 79, 78, 72, 73, 69, 69, 67,
    68, 71, 67, 76, 78, 83, 83, 89, 85, 87, 82, 81, 80, 78, 76, 75, 75,
    71, 74, 77, 81, 84, 82, 82, 78, 77, 79, 74, 76, 73, 79, 78, 79, 85,
    85, 82, 85, 81, 79, 78, 79, 77, 78, 75, 77, 77, 74, 77, 75, 77, 77,
    77 ]
