%YAML:1.0
---
videoName: "headNod49.mp4"
gestureLabel: 202
fps: 29
pixelSizeInCmTemp: 2.9207317073170730e-01
faceCenterPointX: 263
faceCenterPointY: 74
headPositionsX: [ 264, 264, 267, 267, 267, 265, 266, 263, 267, 263, 267,
    262, 263, 263, 265, 263, 264, 262, 266, 264, 263, 264, 263, 267, 263,
    263, 263, 266, 261, 264, 265, 263, 263, 263, 261, 265, 266, 263, 265,
    264, 262, 266, 262, 265, 265, 262, 264, 262, 264, 263, 261, 265, 262,
    264, 262, 261, 262, 262, 263, 263, 261, 263, 264, 266, 266, 265, 261,
    266, 263, 266, 264, 265, 263, 264, 265, 264, 265, 264, 266, 265, 265,
    261, 264, 262, 264, 261, 261, 262, 261, 262, 262, 263, 262, 262, 264,
    263, 261, 260, 260, 261 ]
headPositionsY: [ 72, 71, 73, 70, 70, 74, 71, 73, 71, 71, 73, 69, 70, 68,
    67, 69, 66, 67, 68, 70, 67, 72, 73, 76, 76, 79, 77, 78, 76, 75, 74,
    71, 68, 72, 69, 68, 69, 74, 74, 75, 80, 78, 76, 78, 77, 73, 73, 70,
    70, 70, 70, 71, 75, 76, 78, 76, 75, 78, 74, 74, 74, 75, 75, 73, 71,
    77, 73, 75, 78, 76, 79, 77, 75, 76, 75, 75, 75, 72, 75, 76, 76, 77,
    76, 73, 72, 75, 76, 73, 72, 76, 75, 73, 75, 76, 75, 73, 74, 73, 74,
    73 ]
