%YAML:1.0
---
videoName: "headNod42.mp4"
gestureLabel: 202
fps: 30
pixelSizeInCmTemp: 3.0316455696202532e-01
faceCenterPointX: 265
faceCenterPointY: 77
headPositionsX: [ 265, 267, 266, 266, 271, 270, 268, 270, 270, 267, 268,
    270, 267, 266, 266, 268, 272, 268, 270, 269, 266, 268, 271, 269, 267,
    269, 265, 268, 267, 267, 267, 264, 263, 267, 266, 268, 268, 264, 266,
    263, 265, 266, 267, 262, 266, 263, 265, 266, 264, 263, 264, 263, 263,
    262, 265, 264, 264, 266, 266, 267, 264, 266, 265, 264, 263, 267, 264,
    265, 267, 267, 267, 267, 268, 265, 267, 267, 264, 264, 268, 268, 265,
    264, 266, 267, 267, 267, 266, 264, 266, 267, 264, 263, 265, 264, 263,
    263, 265, 267, 266, 265 ]
headPositionsY: [ 76, 77, 76, 78, 75, 75, 75, 76, 78, 77, 79, 76, 76, 75,
    74, 71, 68, 66, 67, 66, 65, 69, 67, 74, 78, 84, 90, 92, 92, 90, 89,
    86, 81, 76, 77, 69, 70, 70, 69, 69, 74, 77, 82, 84, 86, 83, 81, 77,
    72, 72, 72, 69, 71, 74, 73, 79, 81, 83, 83, 86, 85, 84, 80, 77, 74,
    73, 75, 73, 76, 74, 73, 79, 82, 80, 79, 78, 76, 78, 77, 75, 76, 76,
    75, 78, 79, 78, 80, 81, 79, 81, 80, 77, 80, 77, 80, 76, 77, 77, 76,
    78 ]
