%YAML:1.0
---
videoName: "headShake35.mp4"
gestureLabel: 201
fps: 29
pixelSizeInCmTemp: 3.2364864864864862e-01
faceCenterPointX: 267
faceCenterPointY: 82
headPositionsX: [ 265, 267, 266, 265, 265, 265, 266, 266, 269, 267, 267,
    270, 266, 268, 268, 270, 268, 270, 271, 269, 270, 265, 266, 267, 268,
    265, 268, 270, 266, 270, 270, 268, 269, 268, 269, 267, 270, 267, 267,
    266, 269, 269, 269, 268, 266, 268, 269, 266, 266, 267, 266, 268, 267,
    269, 269, 267, 267, 268, 267, 267, 268, 268, 270, 271, 272, 274, 280,
    278, 281, 278, 275, 271, 264, 261, 261, 256, 260, 264, 263, 270, 271,
    274, 274, 273, 270, 265, 263, 262, 260, 262, 265, 266, 267, 266, 265,
    266, 267, 267, 266, 270 ]
headPositionsY: [ 80, 78, 79, 81, 81, 82, 78, 79, 78, 78, 79, 78, 78, 81,
    78, 81, 81, 78, 82, 81, 79, 79, 78, 80, 79, 81, 80, 80, 79, 83, 82,
    81, 81, 82, 82, 79, 81, 78, 79, 80, 80, 79, 78, 81, 78, 81, 81, 81,
    81, 83, 79, 79, 81, 80, 81, 80, 79, 78, 78, 81, 81, 80, 81, 81, 80,
    79, 82, 82, 80, 82, 81, 82, 78, 83, 81, 79, 80, 81, 84, 82, 81, 83,
    83, 80, 80, 80, 81, 83, 81, 80, 80, 82, 80, 79, 79, 80, 80, 82, 80,
    82 ]
