%YAML:1.0
---
videoName: "headNod7.mp4"
gestureLabel: 202
fps: 29
pixelSizeInCmTemp: 3.2808219178082193e-01
faceCenterPointX: 261
faceCenterPointY: 71
headPositionsX: [ 263, 264, 267, 264, 264, 264, 267, 263, 263, 263, 261,
    263, 262, 264, 264, 261, 260, 265, 261, 264, 263, 260, 261, 261, 264,
    265, 262, 262, 264, 261, 263, 264, 262, 262, 264, 261, 261, 263, 260,
    263, 260, 260, 262, 263, 261, 262, 262, 260, 261, 261, 264, 261, 260,
    262, 264, 262, 259, 261, 260, 264, 262, 259, 260, 260, 264, 261, 260,
    260, 263, 262, 259, 258, 260, 260, 261, 262, 263, 262, 260, 260, 260,
    264, 261, 260, 263, 264, 262, 263, 262, 263, 262, 260, 263, 259, 264,
    261, 264, 260, 263, 260 ]
headPositionsY: [ 70, 76, 75, 72, 77, 72, 76, 72, 75, 73, 72, 71, 74, 75,
    71, 73, 74, 73, 77, 74, 77, 77, 75, 77, 75, 78, 76, 76, 76, 77, 75,
    76, 73, 77, 76, 76, 75, 73, 76, 77, 74, 76, 74, 74, 77, 74, 74, 74,
    73, 73, 72, 72, 72, 69, 72, 76, 78, 78, 82, 76, 77, 71, 73, 68, 70,
    72, 75, 77, 78, 77, 80, 76, 72, 72, 71, 69, 70, 72, 69, 73, 75, 75,
    77, 79, 77, 75, 78, 73, 72, 70, 72, 73, 71, 71, 69, 71, 71, 73, 70,
    72 ]
