%YAML:1.0
---
videoName: "headNod6.mp4"
gestureLabel: 202
fps: 29
pixelSizeInCmTemp: 3.1513157894736843e-01
faceCenterPointX: 262
faceCenterPointY: 73
headPositionsX: [ 261, 260, 263, 262, 260, 264, 262, 261, 264, 261, 263,
    261, 260, 261, 263, 264, 265, 260, 261, 264, 264, 263, 262, 260, 262,
    260, 263, 262, 265, 261, 260, 264, 261, 261, 264, 263, 264, 265, 263,
    263, 265, 264, 259, 261, 261, 262, 260, 260, 259, 263, 262, 261, 261,
    262, 262, 261, 260, 262, 261, 262, 261, 259, 258, 259, 262, 260, 260,
    259, 260, 258, 261, 260, 262, 263, 263, 263, 263, 262, 264, 259, 263,
    262, 261, 260, 261, 263, 263, 261, 262, 263, 263, 263, 263, 263, 261,
    263, 261, 263, 263, 262 ]
headPositionsY: [ 71, 73, 74, 72, 76, 71, 73, 72, 75, 75, 75, 73, 72, 73,
    75, 76, 72, 74, 73, 75, 71, 74, 76, 75, 73, 74, 72, 75, 75, 75, 74,
    75, 69, 71, 67, 65, 64, 67, 64, 70, 72, 76, 79, 81, 82, 80, 76, 72,
    68, 67, 68, 67, 74, 77, 78, 85, 81, 81, 80, 71, 70, 68, 69, 71, 69,
    73, 76, 80, 83, 83, 80, 73, 73, 68, 68, 67, 68, 67, 71, 77, 81, 84,
    82, 85, 82, 79, 73, 75, 72, 72, 72, 70, 70, 69, 71, 71, 73, 74, 73,
    74 ]
