%YAML:1.0
---
videoName: "headShake46.mp4"
gestureLabel: 201
fps: 30
pixelSizeInCmTemp: 3.2364864864864862e-01
faceCenterPointX: 262
faceCenterPointY: 85
headPositionsX: [ 262, 260, 260, 259, 258, 261, 258, 261, 262, 260, 258,
    261, 259, 262, 261, 260, 258, 263, 262, 259, 262, 262, 262, 259, 261,
    260, 258, 259, 260, 261, 266, 265, 271, 274, 279, 276, 277, 274, 267,
    258, 253, 252, 249, 251, 256, 264, 265, 268, 271, 268, 264, 258, 255,
    254, 255, 260, 265, 266, 266, 265, 267, 263, 257, 255, 259, 258, 262,
    267, 271, 270, 269, 265, 265, 259, 258, 261, 260, 262, 264, 264, 264,
    265, 262, 260, 260, 262, 259, 260, 261, 259, 259, 259, 260, 262, 260,
    262, 262, 262, 259, 261 ]
headPositionsY: [ 83, 86, 86, 82, 85, 84, 82, 83, 86, 83, 85, 85, 85, 85,
    86, 83, 83, 86, 85, 84, 86, 84, 85, 83, 85, 82, 82, 83, 82, 83, 86,
    82, 84, 84, 81, 81, 81, 85, 87, 83, 84, 84, 84, 85, 84, 83, 87, 85,
    85, 83, 85, 85, 86, 84, 85, 87, 85, 85, 83, 86, 87, 85, 84, 86, 84,
    86, 86, 85, 87, 87, 87, 84, 86, 85, 85, 83, 83, 84, 84, 84, 84, 87,
    84, 87, 86, 86, 86, 83, 83, 82, 86, 85, 84, 84, 84, 84, 84, 84, 86,
    83 ]
