%YAML:1.0
---
videoName: "headShake26.mp4"
gestureLabel: 201
fps: 30
pixelSizeInCmTemp: 3.2808219178082193e-01
faceCenterPointX: 243
faceCenterPointY: 78
headPositionsX: [ 245, 241, 242, 241, 238, 242, 243, 245, 247, 246, 248,
    250, 249, 253, 250, 251, 252, 248, 247, 244, 241, 237, 233, 233, 228,
    228, 230, 232, 231, 231, 232, 234, 240, 240, 248, 244, 249, 251, 252,
    253, 254, 249, 251, 248, 244, 243, 241, 235, 232, 231, 231, 229, 227,
    230, 233, 232, 235, 241, 244, 247, 246, 251, 254, 251, 252, 252, 253,
    249, 250, 245, 244, 244, 240, 238, 239, 235, 238, 237, 235, 235, 237,
    239, 238, 237, 241, 239, 241, 243, 241, 241, 245, 244, 242, 246, 244,
    244, 245, 242, 242, 241 ]
headPositionsY: [ 79, 75, 79, 76, 74, 76, 80, 76, 77, 77, 79, 79, 77, 77,
    76, 77, 79, 79, 76, 77, 77, 78, 78, 75, 79, 77, 78, 74, 75, 79, 78,
    79, 77, 75, 79, 76, 76, 77, 75, 76, 79, 79, 78, 77, 78, 77, 80, 76,
    75, 79, 78, 74, 75, 75, 74, 75, 79, 77, 76, 79, 78, 76, 77, 76, 74,
    78, 76, 79, 79, 79, 78, 78, 79, 81, 77, 78, 77, 80, 80, 77, 76, 77,
    79, 80, 79, 78, 77, 76, 80, 78, 79, 78, 78, 81, 76, 80, 80, 79, 78,
    78 ]
