%YAML:1.0
---
videoName: "headShake28.mp4"
gestureLabel: 201
fps: 29
pixelSizeInCmTemp: 3.2808219178082193e-01
faceCenterPointX: 242
faceCenterPointY: 80
headPositionsX: [ 240, 240, 243, 240, 239, 239, 241, 242, 239, 239, 243,
    242, 239, 242, 244, 241, 243, 239, 239, 242, 240, 240, 239, 243, 240,
    243, 243, 241, 240, 241, 242, 241, 241, 240, 240, 243, 241, 244, 241,
    241, 245, 246, 246, 242, 243, 246, 244, 247, 244, 245, 241, 235, 231,
    231, 230, 234, 237, 245, 251, 253, 257, 256, 251, 248, 246, 240, 238,
    232, 233, 237, 240, 241, 247, 249, 254, 255, 255, 250, 248, 248, 244,
    241, 240, 238, 236, 236, 240, 237, 240, 239, 245, 244, 241, 243, 244,
    243, 244, 241, 241, 244 ]
headPositionsY: [ 80, 74, 75, 74, 79, 76, 79, 79, 79, 79, 79, 79, 79, 77,
    78, 78, 77, 79, 77, 79, 77, 78, 79, 78, 79, 81, 81, 80, 79, 79, 78,
    79, 81, 75, 80, 79, 80, 77, 76, 76, 77, 79, 79, 78, 75, 77, 78, 77,
    79, 76, 76, 78, 75, 75, 79, 79, 76, 75, 79, 77, 78, 74, 75, 79, 79,
    82, 78, 77, 78, 78, 78, 78, 77, 80, 75, 79, 78, 77, 76, 77, 80, 81,
    78, 79, 76, 80, 78, 81, 78, 81, 79, 78, 80, 82, 80, 82, 77, 81, 81,
    78 ]
