%YAML:1.0
---
videoName: "headLookDown0.mp4"
gestureLabel: 206
fps: 29
pixelSizeInCmTemp: 3.3263888888888887e-01
faceCenterPointX: 273
faceCenterPointY: 93
headPositionsX: [ 272, 273, 271, 273, 274, 270, 273, 271, 271, 270, 274,
    270, 274, 273, 271, 272, 270, 272, 270, 270, 273, 272, 271, 273, 273,
    271, 270, 271, 270, 270, 271, 272, 272, 271, 270, 273, 272, 272, 272,
    270, 270, 273, 270, 273, 270, 272, 271, 270, 275, 270, 273, 273, 269,
    270, 274, 272, 270, 272, 273, 273, 271, 271, 274, 272, 272, 270, 272,
    273, 272, 272, 270, 272, 271, 269, 273, 271, 272, 274, 271, 273, 271,
    272, 271, 274, 272, 275, 275, 272, 272, 270, 271, 272, 273, 270, 270,
    273, 274, 274, 271, 273 ]
headPositionsY: [ 95, 78, 82, 79, 79, 80, 79, 82, 77, 80, 81, 78, 78, 79,
    80, 79, 81, 82, 79, 80, 79, 82, 80, 81, 78, 81, 80, 80, 80, 81, 81,
    80, 82, 81, 78, 80, 79, 81, 83, 84, 88, 85, 89, 90, 90, 95, 94, 95,
    95, 96, 97, 94, 99, 96, 98, 95, 98, 99, 97, 98, 99, 98, 96, 97, 93,
    95, 97, 94, 95, 94, 93, 96, 93, 94, 97, 96, 97, 93, 92, 96, 97, 97,
    97, 95, 92, 97, 94, 96, 92, 93, 95, 92, 96, 94, 92, 96, 96, 94, 91,
    95 ]
