%YAML:1.0
---
videoName: "headLookDown4.mp4"
gestureLabel: 206
fps: 29
pixelSizeInCmTemp: 3.4710144927536229e-01
faceCenterPointX: 275
faceCenterPointY: 97
headPositionsX: [ 276, 275, 275, 273, 275, 273, 274, 273, 274, 274, 276,
    273, 271, 273, 271, 274, 274, 274, 275, 274, 274, 274, 274, 273, 273,
    274, 275, 274, 270, 271, 272, 271, 271, 275, 276, 275, 271, 274, 274,
    273, 272, 275, 272, 272, 275, 275, 273, 273, 273, 274, 275, 276, 276,
    271, 271, 274, 271, 274, 276, 275, 273, 272, 276, 275, 273, 275, 272,
    273, 276, 273, 272, 274, 274, 275, 272, 274, 272, 274, 272, 276, 276,
    277, 275, 276, 275, 277, 276, 275, 273, 272, 274, 273, 276, 274, 275,
    276, 275, 276, 273, 276 ]
headPositionsY: [ 99, 81, 79, 83, 83, 79, 81, 82, 80, 82, 81, 81, 80, 82,
    80, 80, 80, 78, 79, 83, 82, 79, 79, 81, 81, 80, 79, 81, 79, 80, 79,
    83, 80, 81, 82, 85, 82, 83, 83, 89, 88, 90, 90, 92, 90, 91, 91, 96,
    93, 93, 97, 95, 97, 97, 99, 100, 99, 100, 99, 99, 101, 99, 100, 101,
    102, 98, 100, 100, 100, 98, 100, 99, 99, 100, 97, 98, 98, 97, 97, 98,
    97, 98, 97, 95, 96, 97, 96, 97, 95, 99, 98, 96, 96, 99, 98, 98, 95,
    97, 96, 95 ]
