%YAML:1.0
---
videoName: "headNod20.mp4"
gestureLabel: 202
fps: 30
pixelSizeInCmTemp: 3.2808219178082193e-01
faceCenterPointX: 253
faceCenterPointY: 80
headPositionsX: [ 255, 254, 256, 255, 257, 258, 254, 257, 256, 254, 257,
    254, 256, 253, 258, 257, 255, 254, 254, 257, 254, 255, 255, 257, 255,
    254, 257, 256, 258, 254, 258, 255, 257, 254, 258, 253, 256, 256, 252,
    255, 253, 254, 253, 255, 254, 255, 255, 253, 254, 250, 253, 251, 253,
    252, 251, 253, 249, 254, 249, 253, 253, 251, 254, 254, 253, 254, 254,
    253, 252, 253, 252, 252, 251, 252, 252, 251, 252, 252, 254, 250, 253,
    252, 251, 254, 253, 254, 254, 254, 254, 252, 251, 255, 250, 252, 252,
    251, 251, 253, 251, 252 ]
headPositionsY: [ 78, 76, 75, 79, 79, 79, 80, 80, 79, 80, 80, 76, 77, 77,
    77, 78, 79, 77, 76, 79, 76, 78, 77, 78, 81, 79, 81, 81, 82, 81, 84,
    86, 88, 87, 86, 83, 78, 75, 75, 71, 73, 72, 72, 72, 77, 79, 82, 85,
    89, 87, 89, 84, 81, 79, 76, 78, 76, 77, 82, 80, 82, 84, 80, 77, 79,
    78, 79, 81, 79, 81, 82, 82, 77, 78, 79, 81, 83, 78, 80, 83, 80, 82,
    78, 80, 80, 78, 80, 79, 79, 81, 78, 80, 82, 79, 81, 80, 78, 81, 80,
    79 ]
