%YAML:1.0
---
videoName: "headShake31.mp4"
gestureLabel: 201
fps: 29
pixelSizeInCmTemp: 3.2808219178082193e-01
faceCenterPointX: 236
faceCenterPointY: 68
headPositionsX: [ 235, 238, 237, 237, 237, 239, 237, 236, 239, 236, 237,
    234, 239, 238, 237, 236, 236, 239, 235, 234, 234, 238, 239, 237, 238,
    237, 237, 236, 238, 236, 238, 237, 235, 236, 233, 233, 236, 236, 242,
    245, 247, 253, 253, 253, 253, 248, 247, 238, 234, 223, 223, 221, 220,
    226, 228, 232, 240, 246, 245, 249, 244, 244, 242, 236, 233, 232, 227,
    227, 231, 230, 234, 238, 241, 239, 243, 241, 244, 243, 240, 238, 237,
    234, 234, 237, 232, 236, 235, 233, 236, 237, 236, 234, 233, 235, 235,
    234, 233, 237, 235, 233 ]
headPositionsY: [ 70, 64, 69, 68, 65, 68, 69, 69, 66, 69, 68, 64, 65, 68,
    68, 68, 67, 70, 68, 64, 66, 67, 69, 69, 67, 65, 66, 69, 69, 67, 66,
    65, 65, 66, 66, 65, 68, 68, 65, 64, 64, 66, 65, 66, 65, 66, 66, 67,
    70, 67, 66, 67, 69, 71, 71, 70, 72, 68, 70, 71, 69, 70, 71, 71, 71,
    71, 70, 68, 68, 71, 68, 67, 70, 69, 68, 66, 69, 70, 70, 67, 68, 66,
    70, 67, 68, 70, 68, 69, 69, 67, 67, 67, 67, 70, 67, 70, 71, 69, 72,
    68 ]
