%YAML:1.0
---
videoName: "headShake37.mp4"
gestureLabel: 201
fps: 30
pixelSizeInCmTemp: 3.1933333333333330e-01
faceCenterPointX: 263
faceCenterPointY: 83
headPositionsX: [ 262, 258, 261, 263, 263, 260, 263, 265, 263, 264, 263,
    264, 262, 260, 261, 262, 265, 263, 264, 264, 262, 264, 262, 261, 264,
    261, 264, 262, 260, 264, 260, 262, 263, 262, 264, 264, 261, 263, 265,
    262, 264, 262, 260, 260, 259, 259, 263, 264, 265, 269, 272, 277, 282,
    282, 279, 275, 270, 265, 260, 253, 255, 253, 256, 256, 261, 266, 268,
    272, 272, 273, 270, 267, 262, 255, 256, 252, 253, 254, 254, 258, 261,
    259, 262, 266, 267, 267, 267, 264, 266, 267, 263, 262, 266, 262, 264,
    261, 264, 265, 264, 262 ]
headPositionsY: [ 82, 83, 83, 86, 84, 82, 85, 82, 84, 82, 83, 84, 85, 83,
    82, 85, 81, 81, 83, 82, 84, 82, 85, 83, 84, 82, 83, 82, 85, 83, 85,
    82, 85, 82, 84, 83, 84, 81, 85, 82, 84, 84, 84, 84, 83, 82, 84, 84,
    84, 83, 80, 78, 79, 81, 82, 84, 80, 84, 84, 84, 82, 81, 82, 80, 83,
    81, 82, 78, 79, 82, 84, 85, 82, 85, 82, 83, 85, 82, 83, 85, 85, 83,
    85, 85, 82, 82, 83, 81, 81, 82, 82, 82, 83, 85, 84, 85, 85, 85, 81,
    83 ]
