%YAML:1.0
---
videoName: "headLookLeft1.mp4"
gestureLabel: 203
fps: 30
pixelSizeInCmTemp: 3.6287878787878786e-01
faceCenterPointX: 276
faceCenterPointY: 73
headPositionsX: [ 274, 256, 255, 255, 258, 257, 256, 258, 257, 253, 254,
    256, 258, 256, 256, 255, 255, 256, 254, 257, 258, 254, 259, 256, 257,
    255, 258, 255, 259, 257, 256, 257, 255, 258, 257, 256, 258, 257, 256,
    255, 256, 258, 253, 257, 257, 255, 257, 254, 254, 256, 253, 254, 254,
    254, 257, 255, 257, 258, 258, 260, 262, 260, 261, 267, 266, 272, 271,
    275, 274, 273, 279, 278, 276, 271, 270, 278, 276, 277, 275, 274, 281,
    279, 279, 278, 281, 278, 277, 280, 280, 275, 279, 277, 279, 276, 275,
    278, 278, 274, 275, 274 ]
headPositionsY: [ 75, 75, 74, 77, 74, 76, 76, 78, 74, 77, 76, 74, 77, 78,
    78, 78, 78, 79, 79, 76, 77, 78, 75, 75, 75, 80, 78, 76, 75, 78, 77,
    80, 77, 79, 77, 78, 78, 77, 76, 80, 80, 80, 76, 76, 79, 81, 79, 78,
    80, 76, 76, 78, 80, 79, 79, 77, 78, 76, 79, 79, 77, 79, 79, 76, 75,
    79, 76, 75, 76, 80, 74, 76, 76, 76, 73, 73, 77, 75, 76, 77, 77, 76,
    72, 76, 75, 74, 75, 78, 73, 76, 75, 73, 74, 73, 76, 76, 75, 77, 74,
    75 ]
