%YAML:1.0
---
videoName: "headShake18.mp4"
gestureLabel: 201
fps: 30
pixelSizeInCmTemp: 3.2808219178082193e-01
faceCenterPointX: 240
faceCenterPointY: 77
headPositionsX: [ 240, 239, 240, 244, 241, 242, 240, 239, 243, 241, 239,
    239, 241, 240, 241, 240, 239, 239, 242, 241, 239, 243, 241, 242, 241,
    241, 241, 242, 238, 239, 238, 239, 239, 240, 240, 243, 244, 246, 250,
    251, 252, 253, 250, 252, 245, 245, 240, 233, 233, 227, 228, 233, 236,
    238, 241, 244, 248, 247, 249, 244, 243, 242, 237, 237, 232, 236, 234,
    238, 240, 240, 242, 245, 246, 246, 246, 240, 239, 237, 235, 238, 237,
    236, 236, 236, 239, 242, 243, 244, 240, 244, 244, 241, 242, 242, 241,
    242, 241, 240, 238, 243 ]
headPositionsY: [ 75, 76, 78, 77, 74, 75, 77, 77, 76, 77, 77, 77, 75, 77,
    76, 77, 76, 78, 74, 77, 73, 79, 74, 75, 77, 75, 76, 74, 75, 76, 78,
    73, 77, 74, 78, 75, 77, 77, 74, 78, 77, 76, 74, 76, 78, 79, 74, 77,
    79, 75, 77, 77, 77, 79, 76, 78, 75, 77, 78, 77, 76, 74, 76, 75, 79,
    79, 76, 78, 77, 78, 77, 76, 76, 78, 77, 76, 76, 77, 75, 77, 77, 77,
    77, 78, 78, 77, 78, 79, 78, 78, 79, 78, 76, 78, 79, 79, 76, 79, 76,
    77 ]
