%YAML:1.0
---
videoName: "headLookLeft1.mp4"
gestureLabel: 203
fps: 30
pixelSizeInCmTemp: 3.6287878787878786e-01
faceCenterPointX: 276
faceCenterPointY: 73
headPositionsX: [ 277, 257, 254, 255, 257, 256, 255, 259, 254, 253, 254,
    257, 256, 254, 255, 257, 258, 258, 258, 258, 259, 258, 256, 256, 254,
    254, 256, 257, 257, 257, 254, 258, 258, 257, 258, 257, 257, 256, 259,
    254, 255, 257, 253, 255, 256, 256, 255, 258, 257, 257, 257, 253, 256,
    253, 255, 255, 255, 256, 258, 261, 259, 262, 262, 264, 267, 272, 272,
    273, 276, 273, 280, 278, 272, 272, 273, 280, 276, 276, 277, 274, 279,
    280, 280, 278, 281, 278, 278, 278, 278, 276, 280, 279, 279, 275, 274,
    274, 276, 275, 279, 274 ]
headPositionsY: [ 74, 77, 77, 73, 77, 78, 76, 75, 78, 73, 73, 77, 74, 76,
    74, 74, 74, 76, 75, 75, 75, 77, 76, 79, 77, 78, 79, 80, 76, 78, 78,
    77, 77, 78, 80, 77, 77, 78, 76, 80, 78, 79, 77, 79, 76, 81, 80, 80,
    80, 79, 80, 80, 77, 80, 80, 80, 78, 80, 78, 78, 79, 78, 75, 80, 77,
    76, 76, 77, 75, 77, 74, 75, 77, 75, 75, 74, 76, 78, 77, 78, 74, 73,
    74, 74, 75, 77, 76, 76, 77, 78, 77, 73, 73, 75, 77, 74, 77, 76, 74,
    75 ]
