%YAML:1.0
---
videoName: "headNod27.mp4"
gestureLabel: 202
fps: 29
pixelSizeInCmTemp: 3.0705128205128202e-01
faceCenterPointX: 271
faceCenterPointY: 77
headPositionsX: [ 269, 274, 271, 269, 274, 273, 274, 272, 272, 275, 269,
    271, 270, 271, 271, 274, 272, 271, 271, 274, 272, 270, 272, 270, 272,
    273, 272, 273, 271, 274, 272, 272, 270, 270, 272, 267, 271, 268, 270,
    266, 269, 272, 269, 269, 269, 270, 268, 267, 270, 270, 267, 270, 267,
    269, 267, 268, 271, 271, 271, 270, 270, 270, 267, 270, 267, 269, 266,
    269, 269, 267, 267, 268, 267, 271, 266, 270, 269, 270, 268, 267, 267,
    269, 269, 269, 269, 269, 268, 270, 272, 272, 270, 269, 269, 270, 272,
    272, 270, 271, 270, 268 ]
headPositionsY: [ 79, 73, 74, 71, 71, 72, 73, 76, 75, 76, 75, 74, 74, 76,
    75, 72, 72, 72, 77, 77, 72, 70, 70, 65, 63, 63, 62, 64, 65, 65, 67,
    78, 80, 85, 86, 85, 83, 76, 76, 71, 67, 67, 69, 66, 69, 73, 77, 79,
    80, 79, 81, 75, 73, 74, 70, 70, 69, 72, 73, 73, 77, 82, 84, 84, 80,
    80, 75, 75, 73, 74, 70, 71, 72, 79, 75, 79, 78, 80, 76, 74, 72, 72,
    69, 71, 72, 72, 76, 76, 77, 80, 81, 80, 80, 75, 75, 75, 77, 75, 75,
    78 ]
