%YAML:1.0
---
videoName: "headShake7.mp4"
gestureLabel: 201
fps: 29
pixelSizeInCmTemp: 3.3263888888888887e-01
faceCenterPointX: 244
faceCenterPointY: 72
headPositionsX: [ 242, 245, 244, 243, 245, 245, 240, 242, 240, 242, 246,
    249, 251, 255, 258, 258, 262, 261, 258, 257, 252, 249, 242, 237, 233,
    233, 235, 241, 244, 250, 255, 260, 259, 258, 256, 251, 244, 237, 232,
    228, 227, 226, 232, 237, 241, 246, 248, 252, 257, 256, 254, 247, 244,
    241, 237, 235, 231, 228, 228, 236, 241, 246, 247, 250, 255, 258, 258,
    254, 251, 252, 246, 243, 240, 235, 233, 235, 237, 233, 235, 236, 239,
    239, 244, 245, 245, 248, 247, 247, 246, 248, 246, 244, 248, 243, 245,
    244, 245, 241, 242, 245 ]
headPositionsY: [ 70, 73, 72, 71, 69, 73, 72, 73, 72, 73, 72, 72, 72, 67,
    72, 69, 70, 68, 69, 69, 71, 69, 72, 70, 73, 69, 72, 72, 72, 68, 67,
    69, 71, 72, 73, 70, 72, 70, 73, 69, 71, 71, 69, 72, 71, 72, 68, 71,
    69, 71, 70, 70, 72, 72, 71, 69, 69, 69, 71, 73, 70, 69, 71, 69, 70,
    71, 68, 68, 69, 71, 70, 72, 70, 71, 71, 73, 69, 72, 71, 72, 69, 72,
    72, 71, 73, 69, 71, 71, 69, 71, 72, 73, 72, 70, 72, 72, 73, 70, 70,
    74 ]
