%YAML:1.0
---
videoName: "headNod43.mp4"
gestureLabel: 202
fps: 29
pixelSizeInCmTemp: 2.8855421686746985e-01
faceCenterPointX: 268
faceCenterPointY: 74
headPositionsX: [ 269, 273, 271, 272, 271, 272, 271, 270, 271, 270, 270,
    268, 268, 267, 269, 267, 270, 269, 266, 270, 269, 269, 270, 270, 266,
    268, 265, 265, 268, 268, 264, 267, 265, 264, 267, 263, 266, 266, 265,
    263, 266, 266, 263, 264, 265, 266, 265, 266, 266, 264, 266, 262, 266,
    266, 266, 261, 266, 267, 263, 263, 264, 264, 262, 262, 266, 266, 268,
    266, 267, 266, 268, 269, 268, 266, 267, 265, 269, 267, 266, 269, 271,
    270, 266, 267, 271, 266, 271, 266, 267, 270, 270, 271, 267, 269, 271,
    271, 266, 268, 269, 268 ]
headPositionsY: [ 76, 79, 78, 77, 75, 77, 77, 77, 75, 73, 75, 77, 73, 72,
    75, 75, 73, 73, 74, 74, 76, 76, 76, 77, 78, 78, 80, 81, 87, 92, 92,
    86, 87, 82, 78, 80, 76, 78, 81, 85, 87, 91, 90, 87, 83, 83, 79, 84,
    84, 83, 88, 89, 89, 90, 86, 85, 83, 83, 84, 85, 86, 91, 89, 91, 91,
    85, 83, 81, 80, 79, 79, 79, 84, 85, 92, 92, 88, 89, 83, 82, 77, 76,
    74, 74, 74, 72, 75, 73, 75, 74, 75, 74, 74, 75, 71, 73, 74, 74, 76,
    75 ]
