%YAML:1.0
---
videoName: "headShake44.mp4"
gestureLabel: 201
fps: 30
pixelSizeInCmTemp: 3.2808219178082193e-01
faceCenterPointX: 260
faceCenterPointY: 84
headPositionsX: [ 262, 264, 259, 261, 261, 263, 262, 263, 259, 260, 264,
    260, 259, 263, 263, 260, 260, 262, 259, 261, 259, 259, 261, 263, 261,
    262, 262, 262, 260, 259, 260, 259, 260, 263, 261, 259, 260, 259, 260,
    265, 267, 270, 271, 274, 277, 276, 271, 267, 262, 256, 255, 249, 249,
    253, 255, 260, 268, 268, 271, 269, 266, 264, 257, 253, 254, 255, 258,
    263, 271, 269, 273, 272, 267, 262, 258, 256, 251, 251, 255, 254, 255,
    259, 258, 263, 263, 261, 261, 264, 263, 260, 262, 261, 262, 262, 261,
    261, 259, 263, 260, 259 ]
headPositionsY: [ 83, 82, 80, 81, 85, 85, 82, 84, 83, 82, 83, 81, 82, 81,
    85, 80, 82, 80, 82, 84, 82, 84, 85, 84, 84, 81, 83, 83, 81, 80, 82,
    82, 84, 82, 83, 81, 85, 82, 85, 84, 84, 82, 80, 83, 81, 83, 80, 86,
    82, 85, 83, 84, 84, 86, 84, 85, 82, 81, 86, 85, 86, 84, 83, 84, 84,
    84, 82, 84, 81, 83, 83, 84, 83, 82, 81, 84, 83, 86, 82, 84, 83, 85,
    86, 86, 82, 82, 84, 87, 86, 84, 85, 85, 87, 85, 83, 84, 83, 87, 87,
    83 ]
