%YAML:1.0
---
videoName: "headNod30.mp4"
gestureLabel: 202
fps: 29
pixelSizeInCmTemp: 3.2364864864864862e-01
faceCenterPointX: 271
faceCenterPointY: 72
headPositionsX: [ 270, 270, 270, 270, 272, 269, 271, 273, 272, 270, 273,
    270, 273, 272, 274, 273, 273, 273, 270, 271, 271, 272, 271, 270, 274,
    271, 273, 272, 271, 272, 274, 272, 273, 273, 270, 268, 271, 271, 269,
    268, 268, 272, 268, 267, 267, 268, 270, 270, 267, 269, 271, 268, 271,
    272, 273, 269, 272, 271, 272, 272, 270, 272, 269, 270, 272, 271, 270,
    269, 273, 269, 270, 271, 268, 270, 270, 269, 273, 272, 273, 274, 270,
    271, 269, 269, 273, 270, 269, 269, 272, 274, 270, 270, 270, 269, 272,
    270, 273, 273, 270, 274 ]
headPositionsY: [ 70, 73, 73, 73, 78, 75, 73, 78, 75, 74, 76, 75, 76, 75,
    77, 74, 74, 74, 78, 75, 74, 76, 70, 72, 69, 68, 66, 70, 68, 71, 72,
    78, 78, 83, 84, 80, 81, 78, 77, 72, 70, 72, 70, 73, 72, 74, 78, 78,
    81, 79, 77, 76, 71, 71, 71, 71, 70, 69, 75, 75, 76, 77, 76, 77, 73,
    76, 73, 68, 69, 71, 67, 72, 73, 74, 72, 75, 74, 73, 74, 73, 73, 70,
    71, 72, 68, 73, 69, 73, 74, 72, 73, 72, 76, 73, 71, 73, 71, 74, 70,
    73 ]
