%YAML:1.0
---
videoName: "headLookRight0.mp4"
gestureLabel: 204
fps: 29
pixelSizeInCmTemp: 3.1933333333333330e-01
faceCenterPointX: 229
faceCenterPointY: 68
headPositionsX: [ 230, 255, 254, 257, 255, 257, 254, 256, 254, 257, 258,
    255, 255, 259, 259, 259, 256, 257, 256, 256, 258, 259, 254, 257, 258,
    256, 255, 255, 255, 259, 253, 256, 255, 255, 258, 255, 257, 255, 252,
    252, 251, 250, 248, 244, 244, 239, 236, 238, 238, 235, 233, 235, 237,
    232, 233, 233, 231, 233, 235, 234, 235, 233, 233, 235, 231, 234, 234,
    234, 232, 233, 233, 238, 235, 235, 232, 232, 229, 230, 229, 229, 232,
    233, 230, 227, 230, 232, 232, 231, 227, 228, 231, 232, 231, 230, 230,
    230, 230, 231, 227, 231 ]
headPositionsY: [ 68, 64, 63, 63, 67, 67, 63, 64, 66, 68, 68, 65, 67, 66,
    68, 65, 66, 65, 66, 66, 66, 67, 68, 67, 65, 68, 69, 67, 69, 70, 65,
    69, 66, 65, 66, 69, 68, 70, 70, 66, 69, 69, 66, 67, 65, 66, 69, 70,
    67, 66, 69, 69, 68, 71, 67, 68, 68, 69, 68, 66, 67, 67, 66, 66, 69,
    68, 66, 67, 65, 68, 66, 70, 67, 70, 68, 68, 70, 69, 69, 68, 67, 70,
    67, 69, 65, 69, 68, 67, 68, 69, 68, 69, 67, 71, 66, 66, 68, 64, 68,
    69 ]
