%YAML:1.0
---
videoName: "headShake16.mp4"
gestureLabel: 201
fps: 29
pixelSizeInCmTemp: 3.2364864864864862e-01
faceCenterPointX: 242
faceCenterPointY: 77
headPositionsX: [ 242, 244, 245, 246, 243, 244, 242, 244, 242, 244, 243,
    245, 243, 245, 243, 244, 244, 242, 242, 245, 243, 242, 245, 241, 242,
    245, 242, 245, 240, 242, 243, 245, 240, 240, 240, 243, 244, 246, 245,
    246, 251, 252, 253, 252, 252, 249, 246, 242, 242, 237, 235, 235, 234,
    235, 241, 241, 244, 249, 249, 247, 249, 246, 247, 241, 242, 238, 235,
    235, 236, 236, 237, 237, 236, 239, 240, 243, 244, 245, 245, 243, 242,
    242, 240, 241, 239, 236, 237, 240, 238, 239, 238, 241, 244, 240, 244,
    241, 240, 242, 240, 241 ]
headPositionsY: [ 79, 75, 74, 78, 74, 75, 74, 74, 77, 75, 78, 77, 77, 74,
    76, 76, 74, 78, 77, 77, 76, 76, 76, 77, 76, 77, 75, 78, 76, 77, 77,
    75, 76, 75, 73, 76, 75, 75, 77, 75, 77, 73, 76, 77, 73, 73, 78, 76,
    78, 75, 76, 79, 74, 78, 77, 76, 78, 78, 76, 76, 76, 75, 76, 76, 75,
    77, 75, 74, 77, 77, 76, 79, 75, 76, 79, 78, 75, 76, 75, 76, 76, 77,
    78, 79, 78, 78, 79, 76, 79, 78, 75, 74, 76, 78, 76, 78, 78, 75, 75,
    76 ]
