%YAML:1.0
---
videoName: "headLookUp1.mp4"
gestureLabel: 205
fps: 29
pixelSizeInCmTemp: 3.7421874999999999e-01
faceCenterPointX: 258
faceCenterPointY: 66
headPositionsX: [ 260, 257, 260, 260, 259, 261, 260, 259, 258, 260, 260,
    258, 257, 258, 258, 258, 258, 260, 260, 260, 259, 257, 257, 260, 258,
    257, 262, 262, 260, 260, 260, 260, 259, 260, 258, 256, 259, 257, 260,
    261, 260, 260, 257, 258, 256, 258, 259, 258, 259, 256, 261, 257, 260,
    260, 257, 258, 259, 255, 259, 255, 256, 258, 257, 256, 258, 257, 256,
    256, 256, 255, 258, 260, 261, 259, 257, 257, 258, 260, 260, 256, 259,
    256, 259, 258, 256, 261, 255, 255, 257, 258, 259, 257, 259, 257, 257,
    255, 257, 258, 259, 257 ]
headPositionsY: [ 67, 81, 83, 79, 84, 81, 82, 83, 80, 78, 80, 83, 80, 80,
    78, 80, 83, 80, 83, 79, 83, 82, 82, 78, 81, 80, 83, 84, 83, 79, 80,
    82, 83, 79, 83, 82, 81, 81, 78, 78, 81, 76, 77, 76, 76, 74, 69, 68,
    68, 65, 66, 64, 64, 65, 68, 64, 67, 63, 67, 66, 68, 66, 69, 64, 66,
    64, 67, 62, 66, 63, 68, 67, 63, 65, 68, 63, 65, 65, 64, 62, 64, 64,
    66, 65, 62, 68, 63, 66, 66, 65, 64, 70, 68, 67, 65, 63, 67, 66, 65,
    67 ]
