%YAML:1.0
---
videoName: "headNod12.mp4"
gestureLabel: 202
fps: 29
pixelSizeInCmTemp: 3.2808219178082193e-01
faceCenterPointX: 254
faceCenterPointY: 69
headPositionsX: [ 255, 251, 254, 253, 252, 252, 256, 251, 255, 256, 253,
    256, 254, 258, 255, 256, 257, 256, 257, 256, 254, 254, 255, 257, 256,
    257, 258, 258, 257, 257, 257, 253, 257, 252, 256, 254, 254, 253, 253,
    252, 256, 253, 254, 254, 253, 257, 257, 253, 256, 254, 255, 257, 256,
    256, 254, 254, 256, 255, 255, 254, 254, 256, 253, 256, 256, 255, 255,
    257, 255, 255, 253, 253, 253, 256, 253, 254, 254, 257, 253, 253, 252,
    257, 257, 257, 254, 252, 254, 254, 255, 257, 254, 257, 257, 254, 257,
    253, 256, 253, 252, 253 ]
headPositionsY: [ 67, 74, 74, 73, 70, 72, 72, 74, 76, 73, 75, 77, 74, 75,
    75, 71, 74, 73, 72, 75, 74, 72, 74, 73, 74, 74, 73, 73, 74, 75, 77,
    73, 73, 74, 74, 69, 72, 67, 67, 65, 64, 61, 61, 63, 66, 65, 69, 73,
    72, 76, 79, 80, 78, 76, 78, 73, 69, 69, 64, 64, 65, 64, 64, 64, 65,
    70, 68, 71, 75, 73, 74, 73, 76, 72, 72, 72, 69, 69, 68, 66, 64, 67,
    66, 66, 67, 71, 70, 72, 72, 71, 76, 72, 71, 74, 73, 70, 69, 72, 68,
    70 ]
