%YAML:1.0
---
videoName: "headLookUp2.mp4"
gestureLabel: 205
fps: 29
pixelSizeInCmTemp: 3.7421874999999999e-01
faceCenterPointX: 254
faceCenterPointY: 67
headPositionsX: [ 254, 254, 258, 254, 258, 258, 256, 254, 257, 256, 255,
    253, 254, 254, 257, 252, 257, 256, 255, 255, 252, 256, 257, 254, 254,
    253, 253, 257, 253, 252, 253, 253, 254, 252, 256, 255, 252, 252, 252,
    252, 257, 257, 256, 256, 256, 253, 254, 252, 255, 254, 256, 253, 256,
    252, 256, 253, 253, 253, 253, 253, 255, 254, 253, 253, 254, 252, 254,
    252, 253, 255, 253, 254, 254, 253, 254, 254, 254, 255, 254, 255, 256,
    251, 254, 251, 257, 253, 253, 256, 255, 252, 256, 254, 252, 256, 253,
    252, 254, 254, 255, 256 ]
headPositionsY: [ 67, 79, 81, 80, 82, 83, 83, 81, 80, 82, 81, 80, 79, 83,
    79, 83, 79, 79, 78, 83, 81, 83, 80, 80, 81, 83, 83, 82, 80, 81, 82,
    82, 80, 80, 83, 79, 81, 82, 81, 82, 79, 82, 76, 74, 78, 75, 71, 69,
    70, 70, 70, 67, 67, 66, 68, 71, 66, 68, 66, 65, 69, 68, 67, 69, 69,
    68, 67, 70, 67, 68, 65, 68, 66, 69, 68, 66, 69, 69, 70, 69, 69, 65,
    69, 67, 70, 67, 68, 68, 66, 69, 69, 69, 67, 69, 65, 68, 66, 66, 67,
    65 ]
