%YAML:1.0
---
videoName: "headNod16.mp4"
gestureLabel: 202
fps: 29
pixelSizeInCmTemp: 3.3263888888888887e-01
faceCenterPointX: 255
faceCenterPointY: 77
headPositionsX: [ 256, 258, 261, 259, 258, 259, 259, 259, 260, 260, 259,
    257, 260, 261, 258, 258, 261, 257, 259, 257, 259, 260, 259, 258, 257,
    259, 260, 258, 259, 260, 258, 259, 257, 258, 259, 257, 261, 258, 259,
    258, 260, 260, 258, 259, 259, 257, 260, 257, 256, 258, 258, 257, 258,
    255, 256, 258, 258, 257, 256, 256, 255, 260, 257, 254, 258, 256, 254,
    253, 257, 257, 255, 254, 257, 256, 257, 256, 254, 255, 257, 255, 254,
    254, 253, 255, 255, 256, 257, 257, 255, 254, 255, 258, 257, 255, 254,
    255, 254, 255, 254, 256 ]
headPositionsY: [ 78, 77, 72, 77, 76, 73, 77, 76, 76, 77, 77, 74, 75, 76,
    76, 76, 77, 75, 75, 74, 74, 72, 73, 76, 77, 76, 77, 76, 74, 76, 77,
    72, 74, 76, 75, 75, 72, 72, 66, 67, 68, 69, 73, 72, 76, 78, 80, 81,
    81, 78, 78, 73, 68, 68, 70, 70, 74, 76, 78, 82, 81, 84, 83, 80, 79,
    73, 73, 68, 71, 71, 73, 74, 77, 81, 82, 78, 82, 75, 73, 74, 69, 68,
    71, 68, 74, 71, 77, 77, 77, 79, 79, 79, 74, 76, 73, 75, 78, 75, 76,
    79 ]
