%YAML:1.0
---
videoName: "headLookUp6.mp4"
gestureLabel: 205
fps: 30
pixelSizeInCmTemp: 3.7421874999999999e-01
faceCenterPointX: 255
faceCenterPointY: 70
headPositionsX: [ 256, 254, 257, 256, 256, 254, 256, 254, 254, 253, 255,
    257, 258, 253, 257, 253, 254, 257, 257, 256, 252, 257, 254, 256, 255,
    253, 258, 256, 257, 256, 255, 258, 254, 256, 252, 254, 255, 255, 254,
    257, 252, 253, 253, 253, 253, 258, 253, 255, 256, 252, 252, 254, 253,
    253, 255, 256, 252, 254, 256, 256, 255, 254, 255, 257, 254, 253, 255,
    253, 257, 254, 253, 255, 255, 256, 256, 254, 254, 255, 256, 253, 255,
    255, 257, 254, 254, 251, 255, 253, 253, 254, 255, 256, 256, 253, 255,
    256, 253, 257, 256, 257 ]
headPositionsY: [ 68, 83, 83, 81, 81, 84, 82, 82, 83, 85, 84, 85, 84, 85,
    81, 82, 84, 81, 86, 85, 82, 81, 83, 81, 82, 79, 77, 76, 75, 77, 73,
    70, 71, 72, 67, 72, 70, 66, 71, 70, 70, 70, 69, 69, 72, 69, 67, 67,
    68, 67, 66, 70, 67, 69, 70, 68, 67, 70, 71, 71, 71, 71, 69, 70, 67,
    70, 71, 68, 68, 71, 68, 71, 72, 69, 67, 70, 67, 68, 69, 68, 69, 68,
    67, 71, 68, 68, 67, 70, 69, 69, 67, 70, 69, 72, 68, 68, 69, 70, 70,
    66 ]
