%YAML:1.0
---
videoName: "headShake26.mp4"
gestureLabel: 201
fps: 30
pixelSizeInCmTemp: 3.2808219178082193e-01
faceCenterPointX: 243
faceCenterPointY: 78
headPositionsX: [ 243, 242, 240, 242, 242, 241, 244, 245, 245, 249, 248,
    250, 253, 249, 252, 250, 252, 250, 246, 244, 242, 238, 236, 235, 228,
    230, 228, 231, 230, 232, 230, 237, 239, 242, 246, 245, 248, 250, 252,
    251, 256, 250, 251, 246, 243, 240, 239, 233, 233, 228, 230, 230, 230,
    232, 232, 233, 235, 239, 241, 245, 247, 252, 252, 255, 251, 253, 253,
    249, 250, 247, 247, 243, 240, 242, 237, 235, 236, 235, 234, 235, 238,
    237, 240, 238, 240, 240, 241, 244, 242, 243, 243, 242, 245, 246, 246,
    241, 242, 245, 242, 243 ]
headPositionsY: [ 78, 78, 79, 75, 76, 76, 80, 75, 80, 79, 78, 78, 76, 76,
    78, 76, 76, 76, 78, 78, 80, 80, 75, 76, 77, 75, 75, 77, 75, 77, 76,
    75, 77, 76, 78, 75, 75, 78, 74, 76, 78, 77, 76, 77, 80, 78, 77, 76,
    78, 78, 78, 76, 75, 78, 77, 79, 80, 79, 77, 78, 76, 75, 78, 79, 76,
    78, 79, 77, 77, 78, 78, 81, 76, 79, 80, 79, 77, 77, 78, 77, 76, 80,
    78, 80, 80, 80, 79, 78, 79, 79, 78, 81, 79, 80, 77, 81, 79, 80, 79,
    77 ]
