%YAML:1.0
---
videoName: "headNod29.mp4"
gestureLabel: 202
fps: 29
pixelSizeInCmTemp: 3.1933333333333330e-01
faceCenterPointX: 271
faceCenterPointY: 70
headPositionsX: [ 271, 271, 276, 272, 272, 273, 274, 272, 275, 275, 274,
    272, 274, 274, 274, 272, 272, 270, 273, 270, 273, 273, 270, 274, 273,
    274, 271, 272, 272, 273, 271, 270, 273, 272, 269, 271, 268, 272, 273,
    270, 271, 269, 270, 269, 272, 271, 269, 273, 269, 269, 269, 271, 274,
    273, 269, 271, 269, 269, 272, 271, 269, 268, 270, 272, 270, 269, 271,
    269, 269, 268, 271, 271, 270, 271, 270, 269, 273, 269, 271, 274, 272,
    269, 271, 270, 272, 273, 272, 272, 270, 269, 269, 273, 270, 273, 269,
    273, 270, 272, 272, 272 ]
headPositionsY: [ 71, 75, 71, 75, 74, 76, 75, 78, 82, 78, 82, 77, 78, 74,
    72, 71, 71, 69, 66, 67, 66, 69, 67, 72, 73, 75, 76, 78, 80, 82, 79,
    75, 78, 72, 72, 70, 70, 70, 72, 73, 77, 77, 81, 78, 80, 78, 77, 75,
    75, 71, 74, 75, 77, 80, 79, 83, 81, 79, 78, 76, 75, 72, 72, 77, 76,
    75, 79, 78, 74, 72, 70, 70, 68, 69, 69, 69, 71, 72, 75, 78, 77, 76,
    76, 74, 71, 72, 69, 69, 68, 67, 69, 70, 68, 73, 70, 71, 68, 69, 71,
    72 ]
