%YAML:1.0
---
videoName: "headNod18.mp4"
gestureLabel: 202
fps: 29
pixelSizeInCmTemp: 3.3263888888888887e-01
faceCenterPointX: 255
faceCenterPointY: 77
headPositionsX: [ 257, 257, 254, 255, 256, 254, 255, 254, 257, 255, 255,
    257, 256, 257, 254, 253, 255, 255, 253, 255, 257, 253, 256, 255, 256,
    256, 258, 254, 255, 253, 258, 257, 254, 256, 253, 258, 254, 257, 253,
    256, 255, 254, 253, 257, 253, 258, 258, 257, 256, 255, 256, 257, 254,
    255, 255, 253, 254, 253, 254, 253, 254, 254, 253, 251, 255, 253, 256,
    253, 254, 253, 255, 253, 256, 253, 254, 255, 252, 257, 254, 253, 254,
    255, 251, 256, 255, 255, 256, 257, 255, 255, 252, 252, 255, 257, 252,
    255, 255, 256, 256, 257 ]
headPositionsY: [ 79, 78, 79, 79, 80, 75, 77, 75, 76, 79, 76, 80, 76, 78,
    76, 79, 79, 79, 76, 77, 75, 78, 79, 77, 76, 77, 79, 76, 79, 76, 81,
    77, 79, 76, 78, 76, 76, 76, 78, 77, 77, 72, 72, 73, 71, 71, 71, 74,
    74, 76, 75, 80, 78, 80, 81, 80, 75, 74, 70, 71, 71, 75, 78, 77, 82,
    83, 81, 79, 76, 76, 76, 73, 79, 80, 82, 84, 81, 80, 79, 77, 74, 77,
    76, 78, 78, 80, 82, 83, 80, 81, 80, 78, 78, 76, 79, 79, 77, 77, 79,
    77 ]
