%YAML:1.0
---
videoName: "headShake32.mp4"
gestureLabel: 201
fps: 29
pixelSizeInCmTemp: 3.2808219178082193e-01
faceCenterPointX: 237
faceCenterPointY: 77
headPositionsX: [ 236, 237, 235, 234, 236, 240, 237, 238, 240, 241, 237,
    239, 238, 241, 242, 242, 242, 239, 241, 240, 241, 239, 243, 242, 238,
    241, 241, 240, 240, 239, 241, 241, 239, 237, 239, 240, 236, 242, 240,
    242, 242, 245, 248, 249, 247, 249, 251, 249, 251, 250, 252, 247, 245,
    241, 240, 237, 237, 233, 232, 233, 231, 228, 225, 226, 226, 225, 225,
    232, 232, 233, 235, 239, 239, 244, 247, 250, 246, 251, 248, 248, 249,
    245, 246, 245, 244, 241, 242, 239, 238, 239, 237, 240, 239, 239, 239,
    239, 237, 237, 237, 239 ]
headPositionsY: [ 76, 72, 72, 74, 73, 74, 72, 75, 73, 74, 71, 72, 75, 73,
    75, 74, 74, 75, 72, 71, 72, 73, 72, 76, 72, 76, 72, 76, 76, 76, 73,
    76, 73, 76, 73, 74, 72, 72, 76, 76, 76, 75, 74, 73, 72, 71, 71, 71,
    74, 74, 73, 74, 76, 77, 74, 74, 76, 76, 73, 78, 75, 74, 77, 76, 78,
    77, 74, 74, 74, 74, 74, 78, 74, 75, 76, 75, 76, 75, 76, 77, 75, 76,
    78, 75, 76, 77, 75, 75, 78, 78, 76, 78, 78, 76, 77, 77, 78, 76, 76,
    79 ]
