%YAML:1.0
---
videoName: "headNod15.mp4"
gestureLabel: 202
fps: 29
pixelSizeInCmTemp: 3.1933333333333330e-01
faceCenterPointX: 255
faceCenterPointY: 74
headPositionsX: [ 253, 259, 257, 258, 255, 257, 259, 256, 255, 259, 257,
    258, 254, 259, 254, 254, 254, 258, 254, 257, 256, 254, 253, 257, 254,
    255, 258, 257, 257, 255, 257, 255, 256, 255, 256, 254, 254, 255, 258,
    253, 257, 256, 255, 253, 257, 253, 255, 257, 252, 257, 256, 256, 255,
    254, 256, 255, 255, 255, 253, 253, 253, 253, 256, 254, 256, 258, 255,
    257, 257, 255, 253, 253, 255, 256, 256, 255, 255, 251, 251, 255, 254,
    253, 254, 252, 254, 254, 253, 255, 255, 255, 256, 255, 252, 254, 254,
    255, 254, 254, 256, 252 ]
headPositionsY: [ 74, 76, 73, 71, 71, 75, 71, 72, 73, 73, 70, 74, 72, 76,
    72, 73, 73, 72, 75, 73, 72, 74, 73, 72, 76, 72, 71, 71, 72, 74, 72,
    75, 72, 74, 73, 74, 75, 80, 80, 80, 80, 80, 80, 78, 77, 72, 73, 69,
    72, 75, 76, 81, 84, 82, 80, 80, 73, 71, 70, 70, 71, 74, 74, 77, 81,
    85, 83, 80, 81, 77, 72, 69, 68, 69, 70, 76, 75, 78, 77, 77, 76, 72,
    73, 71, 69, 70, 69, 72, 74, 72, 75, 72, 74, 71, 71, 74, 73, 72, 75,
    72 ]
