%YAML:1.0
---
videoName: "headShake28.mp4"
gestureLabel: 201
fps: 29
pixelSizeInCmTemp: 3.2808219178082193e-01
faceCenterPointX: 242
faceCenterPointY: 80
headPositionsX: [ 241, 241, 241, 240, 239, 240, 239, 243, 241, 240, 240,
    240, 239, 242, 240, 243, 243, 241, 243, 244, 244, 240, 243, 243, 240,
    243, 244, 243, 241, 244, 240, 243, 244, 244, 241, 243, 242, 243, 244,
    241, 244, 246, 242, 242, 246, 246, 246, 244, 244, 243, 240, 235, 230,
    230, 232, 232, 241, 243, 248, 252, 255, 257, 253, 248, 247, 241, 235,
    231, 231, 235, 239, 242, 248, 251, 254, 253, 254, 250, 249, 248, 240,
    239, 237, 235, 234, 238, 238, 240, 238, 243, 241, 242, 242, 242, 240,
    242, 243, 242, 240, 240 ]
headPositionsY: [ 82, 78, 75, 76, 77, 75, 76, 76, 75, 79, 79, 76, 76, 77,
    79, 76, 80, 80, 80, 80, 81, 80, 80, 81, 77, 81, 78, 80, 79, 77, 80,
    77, 81, 78, 78, 79, 78, 77, 76, 80, 79, 77, 77, 76, 76, 79, 77, 76,
    77, 75, 76, 75, 76, 76, 76, 79, 77, 79, 78, 78, 75, 77, 78, 76, 77,
    79, 77, 80, 77, 79, 76, 80, 79, 81, 75, 77, 75, 79, 76, 81, 78, 77,
    77, 82, 77, 78, 81, 79, 77, 80, 81, 81, 78, 80, 81, 79, 78, 79, 81,
    82 ]
