%YAML:1.0
---
videoName: "headLookUp0.mp4"
gestureLabel: 205
fps: 29
pixelSizeInCmTemp: 3.6846153846153845e-01
faceCenterPointX: 258
faceCenterPointY: 66
headPositionsX: [ 257, 258, 260, 260, 259, 258, 259, 260, 260, 260, 259,
    258, 260, 257, 258, 257, 260, 258, 258, 262, 261, 257, 258, 258, 258,
    258, 259, 260, 259, 261, 259, 261, 257, 260, 261, 257, 259, 260, 260,
    260, 260, 256, 258, 259, 257, 257, 259, 260, 259, 257, 260, 258, 256,
    259, 256, 260, 259, 256, 260, 260, 257, 259, 256, 257, 259, 257, 259,
    255, 258, 258, 261, 260, 256, 257, 259, 259, 260, 258, 257, 258, 257,
    260, 259, 259, 256, 259, 257, 258, 257, 260, 256, 259, 257, 260, 257,
    256, 257, 259, 259, 261 ]
headPositionsY: [ 66, 79, 82, 79, 79, 79, 81, 83, 79, 81, 78, 81, 79, 77,
    79, 75, 79, 74, 75, 73, 75, 71, 70, 70, 71, 70, 66, 67, 68, 67, 66,
    68, 66, 67, 66, 68, 65, 66, 65, 64, 65, 65, 69, 69, 67, 70, 65, 65,
    66, 69, 67, 66, 65, 68, 66, 67, 67, 65, 69, 66, 68, 66, 66, 69, 67,
    67, 69, 66, 70, 65, 66, 70, 65, 68, 66, 69, 66, 70, 66, 68, 65, 70,
    68, 69, 67, 68, 66, 67, 65, 69, 68, 70, 68, 69, 66, 69, 68, 68, 69,
    71 ]
