%YAML:1.0
---
videoName: "headNod14.mp4"
gestureLabel: 202
fps: 29
pixelSizeInCmTemp: 3.2808219178082193e-01
faceCenterPointX: 257
faceCenterPointY: 71
headPositionsX: [ 258, 257, 258, 258, 258, 258, 259, 259, 257, 258, 259,
    260, 260, 259, 257, 257, 256, 259, 259, 257, 257, 257, 257, 261, 260,
    260, 258, 258, 260, 260, 260, 257, 260, 257, 260, 257, 260, 259, 256,
    261, 260, 261, 262, 256, 258, 258, 260, 260, 261, 257, 257, 258, 261,
    258, 259, 256, 259, 258, 258, 257, 260, 256, 260, 258, 261, 259, 259,
    261, 257, 257, 257, 260, 257, 256, 257, 259, 258, 257, 256, 260, 260,
    258, 256, 257, 257, 259, 256, 258, 260, 256, 256, 256, 258, 256, 259,
    255, 256, 259, 255, 257 ]
headPositionsY: [ 70, 79, 78, 75, 80, 75, 79, 75, 76, 79, 79, 79, 78, 78,
    75, 75, 75, 75, 79, 77, 77, 79, 79, 76, 76, 76, 76, 77, 76, 78, 76,
    78, 78, 77, 76, 79, 79, 76, 79, 75, 73, 74, 72, 70, 70, 68, 69, 73,
    70, 73, 76, 79, 80, 79, 83, 79, 82, 79, 79, 76, 74, 70, 67, 68, 69,
    71, 73, 78, 78, 81, 83, 82, 82, 79, 76, 73, 68, 70, 67, 69, 69, 72,
    74, 79, 81, 79, 80, 75, 78, 75, 74, 70, 68, 70, 68, 71, 70, 71, 72,
    73 ]
