%YAML:1.0
---
videoName: "headNod40.mp4"
gestureLabel: 202
fps: 29
pixelSizeInCmTemp: 2.8511904761904761e-01
faceCenterPointX: 267
faceCenterPointY: 78
headPositionsX: [ 267, 265, 266, 266, 269, 268, 266, 266, 270, 267, 268,
    268, 268, 267, 268, 269, 266, 267, 270, 267, 268, 266, 268, 265, 266,
    269, 268, 266, 265, 267, 266, 267, 268, 266, 266, 270, 270, 268, 267,
    267, 271, 268, 266, 264, 265, 264, 263, 263, 265, 267, 267, 266, 266,
    267, 265, 267, 267, 267, 264, 268, 264, 266, 264, 265, 266, 265, 264,
    266, 265, 266, 269, 269, 267, 267, 266, 266, 267, 267, 268, 267, 265,
    265, 265, 267, 266, 269, 265, 267, 269, 267, 264, 268, 266, 269, 267,
    266, 264, 264, 266, 267 ]
headPositionsY: [ 79, 75, 75, 75, 78, 78, 75, 78, 76, 75, 78, 74, 75, 74,
    76, 74, 77, 77, 76, 78, 74, 74, 75, 74, 77, 74, 76, 73, 73, 77, 75,
    75, 76, 77, 75, 75, 75, 74, 77, 76, 80, 87, 91, 95, 98, 95, 94, 93,
    87, 83, 80, 80, 78, 68, 70, 67, 67, 70, 68, 74, 80, 85, 84, 85, 82,
    82, 81, 77, 76, 73, 74, 73, 71, 72, 76, 75, 80, 81, 81, 78, 78, 77,
    81, 79, 78, 79, 79, 78, 77, 79, 78, 79, 78, 79, 75, 75, 79, 78, 78,
    77 ]
