%YAML:1.0
---
videoName: "headShake31.mp4"
gestureLabel: 201
fps: 29
pixelSizeInCmTemp: 3.2808219178082193e-01
faceCenterPointX: 236
faceCenterPointY: 68
headPositionsX: [ 236, 238, 235, 237, 238, 235, 236, 236, 236, 235, 235,
    236, 237, 236, 236, 239, 237, 235, 236, 235, 234, 237, 236, 235, 238,
    235, 239, 237, 239, 236, 236, 237, 235, 235, 237, 236, 236, 239, 241,
    246, 250, 252, 253, 254, 253, 252, 245, 240, 230, 225, 224, 221, 222,
    225, 227, 233, 237, 246, 248, 246, 244, 241, 243, 237, 232, 233, 229,
    229, 228, 232, 230, 238, 241, 242, 243, 240, 243, 245, 243, 239, 240,
    235, 236, 237, 234, 233, 233, 234, 233, 233, 233, 234, 235, 236, 234,
    234, 237, 235, 236, 236 ]
headPositionsY: [ 69, 67, 68, 68, 66, 67, 65, 67, 67, 69, 66, 66, 67, 67,
    66, 69, 68, 66, 66, 65, 68, 68, 67, 70, 67, 69, 68, 68, 68, 68, 68,
    66, 66, 66, 66, 68, 66, 66, 68, 66, 64, 68, 66, 68, 67, 69, 68, 67,
    69, 65, 65, 67, 65, 69, 71, 68, 71, 68, 68, 69, 67, 71, 67, 70, 71,
    69, 71, 69, 68, 71, 68, 69, 67, 66, 71, 70, 67, 70, 69, 70, 67, 68,
    70, 69, 67, 70, 70, 71, 68, 68, 66, 70, 69, 67, 66, 68, 68, 69, 71,
    70 ]
