%YAML:1.0
---
videoName: "headLookUp9.mp4"
gestureLabel: 205
fps: 29
pixelSizeInCmTemp: 3.3732394366197183e-01
faceCenterPointX: 251
faceCenterPointY: 57
headPositionsX: [ 251, 253, 253, 250, 251, 250, 251, 252, 249, 252, 253,
    249, 251, 250, 254, 252, 249, 252, 249, 249, 252, 252, 253, 249, 251,
    251, 253, 253, 249, 254, 250, 252, 250, 249, 250, 252, 250, 252, 252,
    250, 251, 253, 250, 252, 251, 253, 254, 252, 251, 251, 253, 252, 249,
    250, 251, 249, 249, 251, 249, 249, 252, 252, 251, 249, 251, 251, 250,
    250, 253, 249, 252, 252, 254, 250, 250, 251, 249, 252, 249, 250, 249,
    252, 250, 252, 249, 251, 252, 250, 252, 253, 253, 253, 251, 252, 249,
    251, 251, 253, 252, 250 ]
headPositionsY: [ 57, 74, 71, 74, 71, 73, 73, 72, 76, 77, 72, 72, 74, 72,
    76, 73, 76, 75, 75, 72, 76, 72, 72, 75, 75, 72, 76, 72, 74, 72, 71,
    73, 73, 72, 70, 68, 69, 65, 68, 64, 64, 64, 63, 61, 63, 60, 61, 60,
    58, 61, 60, 60, 57, 59, 60, 61, 56, 58, 55, 58, 60, 59, 58, 58, 57,
    59, 57, 55, 58, 59, 57, 56, 59, 55, 59, 54, 59, 58, 56, 58, 57, 58,
    56, 56, 56, 57, 58, 57, 56, 56, 58, 57, 59, 59, 58, 58, 56, 56, 59,
    54 ]
