%YAML:1.0
---
videoName: "headShake18.mp4"
gestureLabel: 201
fps: 30
pixelSizeInCmTemp: 3.2808219178082193e-01
faceCenterPointX: 240
faceCenterPointY: 77
headPositionsX: [ 240, 242, 244, 244, 242, 243, 240, 243, 241, 244, 238,
    242, 243, 241, 242, 242, 242, 241, 239, 239, 242, 243, 241, 240, 238,
    242, 238, 241, 241, 239, 241, 240, 241, 240, 241, 243, 244, 245, 250,
    251, 252, 254, 251, 252, 249, 241, 239, 235, 234, 231, 231, 232, 234,
    237, 242, 247, 248, 249, 247, 245, 244, 242, 237, 234, 232, 236, 237,
    236, 240, 240, 244, 241, 243, 244, 246, 244, 241, 235, 235, 237, 235,
    239, 238, 238, 237, 238, 244, 244, 241, 243, 244, 243, 243, 240, 238,
    238, 242, 241, 238, 241 ]
headPositionsY: [ 75, 73, 75, 75, 76, 74, 74, 75, 74, 76, 73, 78, 76, 75,
    76, 75, 75, 76, 74, 78, 73, 76, 74, 76, 74, 78, 77, 78, 75, 76, 79,
    73, 79, 74, 76, 77, 77, 77, 78, 77, 74, 75, 77, 76, 78, 76, 76, 77,
    78, 75, 76, 77, 77, 78, 78, 79, 76, 74, 78, 78, 76, 78, 75, 76, 79,
    79, 78, 78, 79, 75, 77, 79, 77, 77, 76, 78, 76, 78, 76, 78, 78, 79,
    75, 78, 75, 75, 76, 76, 78, 76, 79, 78, 77, 76, 77, 77, 76, 76, 77,
    76 ]
