%YAML:1.0
---
videoName: "headShake16.mp4"
gestureLabel: 201
fps: 29
pixelSizeInCmTemp: 3.2364864864864862e-01
faceCenterPointX: 242
faceCenterPointY: 77
headPositionsX: [ 240, 243, 242, 245, 244, 245, 243, 245, 243, 245, 245,
    245, 244, 246, 243, 242, 244, 244, 245, 242, 242, 245, 241, 242, 242,
    243, 244, 241, 240, 244, 240, 245, 244, 244, 240, 242, 241, 244, 246,
    246, 250, 252, 256, 253, 253, 248, 249, 242, 242, 236, 234, 235, 236,
    238, 241, 243, 244, 248, 250, 249, 250, 248, 245, 244, 241, 238, 235,
    233, 235, 236, 237, 235, 235, 242, 243, 244, 242, 245, 246, 242, 242,
    243, 242, 242, 237, 237, 238, 241, 238, 239, 239, 242, 240, 243, 244,
    244, 240, 244, 241, 241 ]
headPositionsY: [ 78, 75, 78, 74, 74, 74, 76, 78, 74, 76, 78, 76, 77, 75,
    76, 75, 76, 74, 77, 78, 76, 75, 77, 76, 77, 75, 73, 75, 76, 77, 74,
    74, 74, 78, 74, 77, 76, 79, 75, 77, 75, 74, 73, 77, 75, 74, 75, 76,
    78, 78, 77, 77, 74, 78, 76, 77, 79, 76, 78, 78, 77, 77, 75, 77, 78,
    79, 78, 77, 77, 78, 77, 79, 74, 76, 79, 77, 74, 79, 76, 78, 79, 75,
    79, 76, 75, 76, 78, 75, 78, 79, 77, 78, 77, 79, 75, 78, 74, 79, 76,
    76 ]
