%YAML:1.0
---
videoName: "headShake3.mp4"
gestureLabel: 201
fps: 30
pixelSizeInCmTemp: 3.3263888888888887e-01
faceCenterPointX: 240
faceCenterPointY: 101
headPositionsX: [ 238, 242, 241, 239, 244, 239, 241, 242, 243, 240, 241,
    243, 240, 243, 240, 239, 240, 242, 241, 239, 242, 240, 239, 243, 239,
    239, 242, 243, 240, 242, 238, 240, 239, 243, 247, 249, 255, 253, 255,
    255, 257, 251, 250, 242, 236, 233, 231, 229, 226, 233, 231, 237, 245,
    248, 250, 250, 247, 246, 244, 239, 231, 227, 227, 224, 224, 229, 232,
    233, 239, 245, 245, 247, 247, 245, 245, 242, 239, 238, 235, 233, 231,
    234, 235, 232, 236, 235, 234, 236, 237, 236, 238, 238, 238, 243, 242,
    241, 240, 239, 241, 239 ]
headPositionsY: [ 99, 101, 101, 99, 98, 97, 100, 96, 101, 99, 97, 100,
    101, 98, 100, 101, 101, 97, 98, 97, 101, 98, 102, 99, 100, 97, 98,
    97, 97, 99, 97, 100, 100, 97, 96, 97, 99, 94, 100, 97, 98, 96, 98,
    100, 100, 101, 98, 96, 99, 100, 99, 100, 97, 96, 100, 97, 100, 100,
    99, 101, 101, 98, 97, 99, 98, 97, 100, 98, 99, 98, 99, 100, 96, 97,
    101, 99, 97, 100, 98, 102, 102, 101, 102, 99, 101, 102, 102, 102,
    102, 99, 99, 98, 101, 100, 101, 101, 100, 99, 103, 99 ]
