%YAML:1.0
---
videoName: "headLookLeft0.mp4"
gestureLabel: 203
fps: 29
pixelSizeInCmTemp: 3.6287878787878786e-01
faceCenterPointX: 286
faceCenterPointY: 69
headPositionsX: [ 285, 256, 256, 254, 254, 253, 253, 256, 254, 253, 253,
    255, 251, 252, 255, 252, 250, 251, 255, 252, 252, 255, 253, 253, 252,
    257, 253, 254, 252, 252, 253, 254, 256, 256, 253, 254, 255, 257, 257,
    255, 256, 258, 257, 258, 256, 254, 254, 255, 257, 257, 255, 255, 253,
    253, 256, 255, 257, 254, 255, 254, 253, 257, 253, 254, 255, 256, 254,
    255, 254, 255, 256, 258, 257, 254, 257, 254, 254, 254, 258, 260, 261,
    264, 268, 268, 271, 270, 275, 277, 284, 275, 279, 276, 280, 280, 286,
    284, 288, 288, 286, 286 ]
headPositionsY: [ 69, 71, 68, 67, 69, 69, 70, 67, 68, 68, 67, 69, 70, 72,
    72, 68, 70, 68, 71, 67, 69, 67, 71, 68, 69, 71, 69, 68, 67, 68, 72,
    72, 72, 70, 73, 71, 72, 73, 68, 69, 69, 68, 71, 73, 69, 70, 73, 71,
    70, 70, 70, 72, 73, 72, 70, 72, 72, 73, 73, 71, 72, 70, 72, 71, 72,
    72, 69, 73, 70, 71, 71, 69, 74, 72, 70, 74, 70, 71, 73, 72, 70, 71,
    71, 72, 68, 71, 71, 67, 73, 66, 66, 66, 64, 67, 67, 69, 68, 67, 68,
    70 ]
