%YAML:1.0
---
videoName: "headNod9.mp4"
gestureLabel: 202
fps: 29
pixelSizeInCmTemp: 3.1513157894736843e-01
faceCenterPointX: 261
faceCenterPointY: 75
headPositionsX: [ 262, 263, 263, 261, 263, 260, 260, 262, 261, 261, 260,
    263, 262, 262, 262, 262, 263, 262, 259, 261, 263, 261, 260, 258, 259,
    259, 263, 263, 260, 259, 262, 261, 262, 263, 259, 259, 262, 259, 262,
    261, 263, 259, 261, 260, 260, 261, 261, 260, 259, 260, 257, 258, 261,
    262, 263, 263, 262, 260, 259, 261, 261, 261, 261, 261, 259, 261, 260,
    263, 261, 257, 259, 258, 258, 259, 259, 258, 261, 261, 258, 257, 258,
    261, 256, 258, 257, 256, 258, 258, 257, 257, 258, 258, 262, 259, 262,
    262, 261, 259, 260, 261 ]
headPositionsY: [ 75, 73, 74, 72, 75, 73, 76, 73, 73, 76, 73, 77, 74, 77,
    75, 74, 77, 77, 73, 73, 73, 74, 75, 74, 75, 75, 76, 74, 73, 74, 79,
    77, 77, 82, 83, 82, 78, 76, 77, 73, 75, 75, 78, 79, 86, 86, 85, 82,
    83, 80, 74, 74, 79, 79, 82, 85, 85, 82, 80, 77, 76, 75, 74, 72, 75,
    78, 82, 82, 81, 81, 79, 74, 72, 74, 71, 71, 70, 72, 78, 81, 81, 83,
    80, 82, 81, 75, 78, 76, 73, 72, 73, 74, 73, 71, 76, 74, 73, 72, 73,
    74 ]
