%YAML:1.0
---
videoName: "headLookRight8.mp4"
gestureLabel: 204
fps: 29
pixelSizeInCmTemp: 3.1513157894736843e-01
faceCenterPointX: 218
faceCenterPointY: 80
headPositionsX: [ 218, 247, 247, 247, 250, 249, 249, 249, 248, 247, 246,
    247, 244, 244, 246, 247, 247, 249, 244, 246, 245, 246, 249, 244, 248,
    247, 249, 246, 245, 247, 246, 246, 246, 248, 245, 245, 249, 247, 244,
    246, 245, 244, 248, 244, 245, 248, 246, 247, 245, 247, 245, 243, 246,
    247, 247, 247, 247, 248, 245, 248, 248, 244, 244, 248, 248, 243, 245,
    245, 244, 241, 240, 239, 236, 236, 229, 227, 227, 223, 224, 218, 222,
    219, 216, 218, 216, 218, 217, 216, 220, 219, 218, 218, 220, 219, 221,
    219, 216, 218, 217, 219 ]
headPositionsY: [ 78, 74, 73, 73, 76, 74, 74, 74, 75, 75, 77, 77, 75, 74,
    73, 77, 78, 75, 76, 73, 74, 78, 75, 78, 77, 76, 77, 75, 77, 78, 78,
    78, 75, 74, 78, 78, 78, 78, 74, 79, 76, 78, 77, 78, 76, 77, 79, 74,
    77, 77, 78, 76, 76, 78, 76, 75, 76, 78, 75, 78, 74, 77, 76, 76, 80,
    75, 79, 80, 74, 75, 77, 78, 76, 78, 78, 75, 78, 77, 75, 76, 76, 80,
    74, 82, 73, 80, 79, 81, 81, 81, 78, 82, 76, 78, 77, 79, 81, 78, 79,
    82 ]
