%YAML:1.0
---
videoName: "headLookDown4.mp4"
gestureLabel: 206
fps: 29
pixelSizeInCmTemp: 3.4710144927536229e-01
faceCenterPointX: 275
faceCenterPointY: 97
headPositionsX: [ 274, 271, 272, 272, 274, 274, 274, 274, 273, 273, 273,
    271, 274, 270, 274, 271, 273, 272, 271, 273, 271, 275, 272, 271, 273,
    273, 274, 271, 274, 274, 271, 272, 273, 271, 272, 275, 271, 272, 273,
    273, 275, 272, 272, 274, 273, 276, 276, 275, 273, 274, 275, 276, 275,
    275, 273, 273, 274, 276, 273, 275, 272, 273, 276, 272, 272, 276, 275,
    275, 273, 275, 274, 272, 275, 275, 276, 273, 276, 272, 275, 274, 275,
    277, 273, 273, 276, 273, 275, 273, 273, 276, 273, 273, 274, 276, 277,
    272, 276, 272, 273, 276 ]
headPositionsY: [ 96, 80, 80, 82, 83, 83, 79, 79, 81, 82, 82, 80, 80, 81,
    79, 80, 83, 82, 78, 83, 82, 81, 78, 80, 83, 83, 81, 83, 82, 78, 82,
    81, 84, 82, 85, 84, 82, 82, 85, 86, 87, 86, 88, 89, 91, 93, 95, 94,
    97, 94, 96, 99, 100, 98, 102, 99, 103, 99, 101, 100, 102, 100, 98,
    100, 103, 99, 102, 100, 97, 98, 99, 101, 97, 99, 97, 97, 96, 96, 97,
    99, 98, 99, 99, 96, 95, 98, 95, 95, 95, 97, 96, 99, 96, 95, 95, 94,
    95, 96, 97, 97 ]
