%YAML:1.0
---
videoName: "headShake15.mp4"
gestureLabel: 201
fps: 29
pixelSizeInCmTemp: 3.3263888888888887e-01
faceCenterPointX: 243
faceCenterPointY: 76
headPositionsX: [ 244, 246, 243, 243, 245, 246, 243, 244, 241, 243, 241,
    246, 245, 242, 245, 243, 244, 242, 241, 243, 243, 245, 241, 244, 244,
    242, 241, 245, 245, 241, 244, 241, 242, 243, 243, 241, 241, 244, 241,
    244, 244, 242, 244, 243, 242, 242, 244, 241, 243, 243, 241, 241, 241,
    240, 240, 240, 240, 243, 240, 244, 243, 241, 243, 245, 250, 253, 255,
    259, 257, 258, 256, 251, 252, 246, 243, 237, 239, 238, 236, 239, 239,
    241, 244, 246, 246, 244, 248, 243, 247, 245, 241, 242, 241, 242, 243,
    242, 242, 242, 240, 242 ]
headPositionsY: [ 78, 75, 76, 76, 75, 74, 75, 76, 75, 77, 74, 78, 77, 74,
    74, 76, 74, 73, 73, 74, 78, 76, 77, 76, 75, 73, 72, 75, 77, 77, 73,
    76, 74, 72, 73, 76, 78, 75, 73, 73, 77, 75, 73, 75, 73, 76, 76, 77,
    76, 73, 76, 78, 78, 77, 75, 77, 76, 76, 75, 77, 78, 77, 78, 74, 77,
    75, 71, 72, 75, 76, 77, 74, 77, 78, 75, 76, 79, 73, 76, 78, 76, 77,
    77, 79, 75, 75, 79, 77, 79, 75, 78, 75, 74, 77, 77, 77, 76, 79, 76,
    76 ]
