%YAML:1.0
---
videoName: "headNod5.mp4"
gestureLabel: 202
fps: 29
pixelSizeInCmTemp: 3.1513157894736843e-01
faceCenterPointX: 263
faceCenterPointY: 75
headPositionsX: [ 262, 264, 264, 265, 264, 264, 264, 264, 263, 263, 260,
    263, 265, 262, 264, 265, 266, 262, 266, 262, 267, 265, 266, 264, 264,
    264, 263, 265, 265, 263, 268, 268, 263, 264, 266, 268, 268, 267, 264,
    266, 266, 267, 265, 268, 263, 266, 266, 265, 265, 264, 263, 264, 267,
    262, 263, 262, 265, 262, 262, 262, 265, 262, 264, 266, 266, 265, 265,
    262, 265, 267, 263, 265, 265, 264, 262, 266, 266, 263, 262, 265, 266,
    262, 261, 264, 264, 263, 265, 264, 265, 263, 261, 261, 261, 263, 261,
    261, 261, 260, 261, 261 ]
headPositionsY: [ 77, 74, 74, 71, 74, 75, 72, 76, 76, 72, 76, 75, 76, 75,
    74, 73, 73, 77, 74, 73, 77, 77, 78, 76, 74, 77, 78, 77, 74, 76, 75,
    75, 74, 75, 77, 76, 76, 77, 80, 74, 78, 79, 79, 75, 79, 78, 80, 80,
    76, 77, 79, 82, 81, 85, 85, 84, 82, 78, 73, 75, 76, 77, 82, 83, 85,
    86, 87, 84, 79, 77, 76, 75, 78, 81, 83, 85, 85, 86, 82, 80, 75, 75,
    76, 74, 77, 77, 76, 80, 82, 78, 77, 77, 77, 72, 73, 75, 72, 75, 76,
    74 ]
