%YAML:1.0
---
videoName: "headNod31.mp4"
gestureLabel: 202
fps: 29
pixelSizeInCmTemp: 2.8855421686746985e-01
faceCenterPointX: 267
faceCenterPointY: 75
headPositionsX: [ 265, 272, 271, 270, 271, 270, 271, 268, 270, 272, 272,
    271, 271, 272, 270, 268, 266, 270, 269, 268, 268, 264, 265, 267, 266,
    266, 268, 264, 266, 268, 267, 270, 271, 268, 270, 269, 268, 269, 267,
    267, 266, 266, 266, 267, 264, 268, 270, 267, 266, 269, 269, 267, 267,
    265, 265, 264, 268, 266, 269, 268, 266, 268, 265, 267, 266, 270, 266,
    265, 268, 266, 265, 265, 267, 268, 264, 267, 264, 265, 267, 266, 267,
    268, 263, 264, 266, 266, 265, 268, 268, 265, 265, 269, 266, 267, 268,
    268, 268, 269, 267, 264 ]
headPositionsY: [ 75, 73, 75, 74, 73, 74, 75, 66, 64, 64, 67, 68, 64, 67,
    78, 78, 82, 87, 87, 84, 84, 82, 81, 79, 75, 73, 73, 73, 70, 67, 67,
    70, 75, 75, 80, 80, 85, 84, 88, 89, 85, 83, 78, 76, 74, 73, 73, 72,
    74, 79, 79, 81, 83, 84, 85, 81, 76, 75, 71, 70, 72, 68, 68, 67, 74,
    75, 75, 76, 79, 81, 79, 79, 80, 76, 77, 75, 73, 70, 73, 72, 73, 74,
    76, 77, 78, 77, 79, 77, 77, 74, 75, 73, 74, 75, 73, 78, 78, 77, 77,
    73 ]
