%YAML:1.0
---
videoName: "headNod41.mp4"
gestureLabel: 202
fps: 29
pixelSizeInCmTemp: 2.9937500000000000e-01
faceCenterPointX: 267
faceCenterPointY: 76
headPositionsX: [ 266, 271, 271, 272, 270, 271, 272, 270, 269, 271, 268,
    268, 268, 272, 272, 272, 271, 273, 269, 273, 272, 271, 271, 271, 272,
    269, 267, 268, 267, 272, 271, 269, 270, 272, 270, 270, 269, 268, 269,
    269, 268, 269, 271, 268, 269, 269, 270, 266, 271, 268, 265, 270, 271,
    267, 270, 269, 269, 270, 270, 267, 271, 268, 267, 267, 269, 268, 266,
    267, 266, 269, 267, 268, 269, 268, 269, 269, 268, 266, 268, 265, 270,
    267, 266, 266, 268, 265, 267, 267, 267, 266, 269, 267, 265, 269, 265,
    265, 266, 268, 268, 268 ]
headPositionsY: [ 77, 70, 75, 73, 71, 72, 72, 71, 71, 74, 71, 73, 74, 75,
    72, 75, 75, 76, 74, 74, 74, 72, 76, 74, 72, 72, 75, 76, 75, 72, 71,
    74, 72, 71, 76, 73, 72, 77, 74, 76, 78, 84, 84, 90, 94, 93, 91, 89,
    84, 79, 76, 71, 71, 65, 65, 67, 66, 69, 70, 77, 79, 88, 90, 91, 91,
    90, 88, 79, 80, 73, 74, 72, 73, 70, 69, 78, 82, 85, 82, 84, 82, 81,
    75, 76, 73, 73, 74, 76, 74, 75, 76, 78, 79, 82, 80, 77, 78, 79, 75,
    77 ]
