%YAML:1.0
---
videoName: "headShake36.mp4"
gestureLabel: 201
fps: 29
pixelSizeInCmTemp: 3.2364864864864862e-01
faceCenterPointX: 263
faceCenterPointY: 80
headPositionsX: [ 265, 265, 261, 262, 263, 266, 266, 268, 268, 272, 275,
    279, 278, 283, 281, 285, 283, 282, 282, 278, 277, 274, 267, 267, 264,
    258, 255, 253, 252, 248, 249, 245, 246, 245, 247, 245, 245, 250, 247,
    252, 255, 261, 265, 269, 270, 275, 274, 277, 281, 277, 279, 283, 277,
    275, 273, 271, 269, 266, 261, 256, 253, 255, 251, 252, 249, 249, 247,
    250, 249, 254, 253, 259, 258, 264, 263, 264, 268, 267, 268, 268, 269,
    267, 266, 264, 265, 267, 267, 265, 267, 265, 264, 265, 263, 264, 263,
    265, 265, 261, 262, 262 ]
headPositionsY: [ 81, 81, 78, 81, 82, 81, 79, 77, 80, 76, 77, 76, 76, 76,
    75, 75, 77, 77, 76, 79, 77, 82, 79, 84, 80, 82, 83, 79, 82, 80, 81,
    81, 81, 80, 79, 79, 80, 81, 81, 82, 81, 82, 84, 80, 80, 77, 79, 81,
    77, 77, 80, 79, 76, 78, 78, 81, 80, 81, 79, 78, 78, 80, 81, 81, 80,
    79, 80, 79, 81, 77, 79, 81, 79, 80, 83, 81, 80, 81, 78, 83, 80, 79,
    82, 78, 80, 79, 83, 79, 78, 82, 83, 83, 79, 79, 80, 82, 80, 81, 79,
    78 ]
