%YAML:1.0
---
videoName: "headLookDown0.mp4"
gestureLabel: 206
fps: 29
pixelSizeInCmTemp: 3.3263888888888887e-01
faceCenterPointX: 273
faceCenterPointY: 93
headPositionsX: [ 274, 275, 275, 272, 272, 273, 270, 270, 272, 270, 274,
    274, 273, 273, 270, 274, 270, 271, 271, 271, 271, 271, 272, 274, 273,
    273, 269, 274, 271, 272, 274, 269, 273, 270, 272, 273, 273, 269, 270,
    271, 273, 271, 271, 273, 274, 272, 270, 271, 275, 270, 271, 270, 269,
    274, 272, 274, 270, 272, 273, 270, 271, 271, 274, 271, 273, 270, 270,
    273, 272, 270, 271, 270, 270, 270, 275, 272, 270, 271, 271, 275, 271,
    273, 275, 270, 274, 273, 273, 272, 271, 270, 272, 272, 271, 271, 271,
    275, 273, 272, 271, 274 ]
headPositionsY: [ 94, 79, 80, 81, 82, 81, 79, 78, 79, 77, 79, 82, 79, 81,
    81, 79, 80, 82, 82, 78, 82, 82, 81, 81, 81, 80, 82, 78, 82, 77, 78,
    78, 81, 78, 81, 82, 81, 81, 85, 85, 86, 89, 87, 91, 92, 94, 93, 96,
    97, 99, 96, 95, 95, 96, 99, 96, 94, 96, 94, 94, 99, 94, 96, 96, 95,
    96, 95, 93, 94, 95, 97, 98, 97, 97, 96, 95, 94, 96, 96, 95, 97, 94,
    96, 93, 94, 97, 97, 93, 96, 93, 93, 92, 93, 92, 91, 96, 95, 95, 94,
    96 ]
