%YAML:1.0
---
videoName: "headNod37.mp4"
gestureLabel: 202
fps: 29
pixelSizeInCmTemp: 2.9207317073170730e-01
faceCenterPointX: 269
faceCenterPointY: 78
headPositionsX: [ 268, 273, 270, 273, 268, 268, 273, 268, 271, 271, 272,
    272, 273, 272, 272, 268, 271, 267, 267, 269, 269, 267, 271, 270, 268,
    267, 272, 272, 269, 270, 269, 271, 267, 270, 267, 268, 267, 270, 268,
    272, 268, 267, 271, 270, 271, 269, 271, 267, 271, 272, 270, 268, 269,
    272, 270, 270, 270, 270, 267, 268, 271, 271, 269, 266, 266, 266, 265,
    265, 264, 265, 266, 264, 269, 266, 267, 271, 268, 270, 268, 271, 269,
    269, 271, 269, 268, 270, 269, 268, 270, 271, 271, 270, 268, 271, 270,
    271, 267, 267, 267, 267 ]
headPositionsY: [ 76, 76, 77, 75, 73, 73, 75, 74, 77, 74, 75, 74, 74, 74,
    78, 74, 75, 73, 77, 73, 76, 77, 74, 75, 74, 75, 75, 75, 77, 74, 77,
    74, 74, 79, 78, 75, 75, 78, 73, 75, 74, 77, 77, 74, 75, 75, 78, 78,
    76, 78, 76, 76, 72, 71, 66, 65, 65, 66, 65, 68, 73, 72, 78, 83, 85,
    88, 87, 86, 81, 80, 75, 73, 68, 68, 65, 67, 67, 64, 69, 69, 73, 74,
    76, 82, 81, 82, 80, 83, 81, 79, 81, 79, 76, 79, 76, 79, 79, 77, 80,
    76 ]
