%YAML:1.0
---
videoName: "headShake23.mp4"
gestureLabel: 201
fps: 29
pixelSizeInCmTemp: 3.2808219178082193e-01
faceCenterPointX: 240
faceCenterPointY: 77
headPositionsX: [ 238, 242, 244, 241, 243, 242, 243, 240, 243, 242, 241,
    240, 241, 244, 239, 242, 241, 239, 237, 241, 239, 240, 243, 246, 249,
    250, 250, 252, 256, 256, 252, 252, 254, 252, 250, 243, 243, 236, 234,
    233, 232, 232, 228, 229, 227, 231, 232, 233, 235, 238, 243, 247, 247,
    250, 249, 254, 252, 252, 254, 250, 252, 250, 245, 246, 244, 241, 240,
    237, 237, 235, 237, 234, 236, 232, 233, 236, 233, 234, 236, 235, 240,
    239, 239, 242, 243, 245, 241, 244, 247, 242, 246, 244, 245, 243, 241,
    244, 242, 241, 240, 243 ]
headPositionsY: [ 78, 76, 76, 78, 76, 78, 78, 79, 79, 78, 77, 75, 75, 77,
    75, 79, 77, 78, 74, 75, 75, 75, 79, 78, 75, 75, 76, 79, 74, 75, 77,
    76, 78, 78, 78, 80, 79, 75, 75, 76, 76, 79, 77, 76, 77, 78, 76, 78,
    78, 78, 78, 76, 75, 77, 76, 75, 74, 77, 76, 75, 78, 76, 77, 81, 77,
    77, 76, 78, 80, 77, 78, 76, 79, 76, 80, 76, 80, 78, 77, 79, 79, 76,
    78, 79, 77, 78, 76, 76, 75, 76, 80, 78, 77, 77, 75, 80, 77, 77, 75,
    76 ]
