%YAML:1.0
---
videoName: "headShake23.mp4"
gestureLabel: 201
fps: 29
pixelSizeInCmTemp: 3.2808219178082193e-01
faceCenterPointX: 240
faceCenterPointY: 77
headPositionsX: [ 238, 240, 243, 240, 241, 244, 241, 242, 242, 242, 241,
    240, 240, 244, 241, 239, 239, 238, 241, 241, 241, 240, 243, 246, 250,
    250, 253, 255, 254, 253, 252, 256, 251, 251, 249, 247, 240, 236, 234,
    232, 233, 233, 227, 229, 229, 230, 231, 235, 237, 236, 241, 245, 248,
    249, 249, 252, 251, 252, 250, 251, 252, 248, 246, 244, 241, 242, 239,
    237, 237, 238, 237, 234, 234, 234, 235, 236, 234, 237, 236, 239, 238,
    242, 242, 240, 243, 244, 242, 243, 244, 242, 245, 245, 247, 245, 242,
    242, 242, 244, 242, 243 ]
headPositionsY: [ 77, 74, 78, 75, 78, 75, 77, 79, 75, 74, 75, 77, 78, 79,
    79, 78, 76, 77, 76, 75, 78, 74, 77, 79, 78, 77, 76, 79, 78, 74, 74,
    78, 75, 75, 79, 77, 79, 77, 77, 74, 77, 77, 75, 74, 77, 78, 79, 76,
    79, 76, 77, 78, 79, 78, 77, 76, 76, 77, 78, 77, 78, 78, 78, 77, 79,
    80, 77, 76, 80, 79, 76, 78, 78, 79, 79, 77, 76, 79, 76, 77, 78, 76,
    79, 78, 79, 76, 75, 76, 76, 79, 77, 79, 76, 78, 76, 79, 77, 78, 78,
    76 ]
