%YAML:1.0
---
videoName: "headShake24.mp4"
gestureLabel: 201
fps: 29
pixelSizeInCmTemp: 3.2808219178082193e-01
faceCenterPointX: 240
faceCenterPointY: 78
headPositionsX: [ 238, 249, 251, 251, 254, 256, 256, 254, 254, 250, 247,
    247, 246, 242, 241, 235, 236, 235, 234, 230, 233, 228, 230, 234, 232,
    236, 234, 240, 242, 241, 247, 248, 251, 251, 249, 250, 249, 247, 245,
    248, 242, 243, 241, 238, 240, 238, 233, 235, 235, 233, 237, 233, 237,
    238, 236, 241, 240, 243, 244, 247, 246, 245, 248, 249, 247, 248, 249,
    246, 246, 248, 243, 244, 243, 239, 241, 239, 240, 238, 241, 238, 238,
    241, 237, 241, 240, 241, 239, 241, 242, 237, 240, 239, 238, 240, 241,
    240, 239, 238, 238, 241 ]
headPositionsY: [ 76, 75, 78, 75, 73, 75, 77, 73, 75, 75, 79, 77, 80, 77,
    79, 75, 78, 79, 77, 78, 75, 76, 78, 78, 76, 80, 79, 79, 79, 76, 78,
    75, 77, 78, 80, 81, 77, 78, 80, 77, 79, 80, 79, 77, 76, 76, 75, 76,
    78, 78, 76, 78, 79, 77, 76, 79, 80, 78, 80, 77, 76, 76, 78, 78, 78,
    75, 78, 76, 76, 77, 79, 78, 76, 77, 80, 78, 80, 77, 75, 80, 79, 79,
    79, 76, 80, 75, 79, 80, 77, 78, 78, 79, 76, 80, 77, 76, 78, 80, 79,
    78 ]
