%YAML:1.0
---
videoName: "headNod20.mp4"
gestureLabel: 202
fps: 30
pixelSizeInCmTemp: 3.2808219178082193e-01
faceCenterPointX: 253
faceCenterPointY: 80
headPositionsX: [ 254, 255, 254, 258, 257, 256, 256, 258, 257, 258, 256,
    255, 255, 255, 258, 255, 258, 257, 255, 258, 257, 257, 258, 255, 256,
    256, 255, 255, 254, 257, 255, 256, 257, 256, 257, 252, 253, 255, 253,
    254, 253, 251, 256, 255, 252, 253, 253, 252, 252, 251, 254, 254, 254,
    253, 250, 253, 249, 250, 250, 252, 251, 252, 253, 254, 254, 252, 253,
    255, 254, 254, 251, 251, 254, 253, 254, 254, 252, 251, 250, 250, 251,
    253, 255, 253, 253, 253, 250, 251, 255, 254, 253, 254, 250, 255, 255,
    252, 251, 253, 252, 255 ]
headPositionsY: [ 81, 78, 77, 79, 80, 80, 77, 76, 80, 78, 79, 79, 76, 79,
    77, 75, 77, 76, 79, 78, 76, 79, 79, 80, 81, 78, 78, 78, 79, 81, 84,
    83, 84, 88, 86, 81, 80, 78, 77, 74, 73, 72, 71, 73, 77, 80, 86, 85,
    90, 90, 88, 82, 83, 77, 79, 75, 77, 81, 78, 80, 81, 82, 79, 81, 76,
    77, 79, 79, 81, 82, 81, 79, 76, 77, 76, 77, 83, 78, 84, 83, 81, 79,
    80, 80, 82, 81, 83, 83, 82, 83, 79, 81, 79, 80, 80, 78, 79, 78, 80,
    80 ]
