%YAML:1.0
---
videoName: "headShake34.mp4"
gestureLabel: 201
fps: 29
pixelSizeInCmTemp: 3.2364864864864862e-01
faceCenterPointX: 263
faceCenterPointY: 83
headPositionsX: [ 263, 262, 265, 265, 265, 265, 266, 262, 263, 262, 262,
    264, 263, 266, 266, 263, 264, 262, 262, 264, 265, 265, 264, 262, 266,
    264, 264, 262, 266, 262, 262, 265, 265, 266, 265, 266, 267, 267, 270,
    270, 271, 275, 273, 274, 278, 280, 279, 276, 278, 273, 273, 271, 265,
    259, 253, 255, 251, 251, 253, 257, 258, 261, 263, 265, 269, 270, 272,
    268, 265, 263, 256, 253, 254, 252, 254, 259, 256, 260, 263, 264, 264,
    266, 266, 267, 266, 265, 267, 265, 267, 266, 266, 264, 263, 261, 265,
    264, 262, 265, 262, 264 ]
headPositionsY: [ 81, 82, 84, 82, 81, 83, 84, 82, 80, 82, 85, 84, 82, 85,
    84, 82, 83, 83, 85, 83, 82, 84, 82, 82, 84, 81, 82, 83, 83, 83, 82,
    84, 85, 81, 82, 85, 84, 85, 81, 83, 84, 84, 84, 81, 84, 79, 84, 83,
    81, 84, 83, 84, 83, 82, 80, 79, 82, 81, 80, 83, 86, 82, 85, 83, 81,
    83, 84, 84, 83, 83, 85, 80, 81, 81, 82, 85, 83, 84, 83, 84, 83, 85,
    85, 84, 82, 82, 81, 84, 83, 83, 85, 83, 85, 83, 85, 82, 86, 81, 82,
    82 ]
