%YAML:1.0
---
videoName: "headNod42.mp4"
gestureLabel: 202
fps: 30
pixelSizeInCmTemp: 3.0316455696202532e-01
faceCenterPointX: 265
faceCenterPointY: 77
headPositionsX: [ 267, 268, 266, 269, 269, 269, 271, 270, 269, 271, 268,
    270, 266, 268, 270, 269, 270, 268, 270, 267, 266, 270, 271, 268, 270,
    269, 265, 266, 267, 267, 267, 265, 267, 266, 266, 266, 266, 264, 264,
    263, 267, 266, 265, 265, 265, 263, 263, 266, 266, 264, 266, 262, 263,
    264, 266, 265, 266, 266, 263, 266, 264, 264, 266, 267, 267, 267, 265,
    266, 265, 263, 264, 264, 264, 268, 265, 268, 267, 264, 267, 264, 268,
    265, 267, 264, 265, 264, 264, 268, 266, 267, 263, 263, 266, 268, 265,
    264, 267, 266, 266, 264 ]
headPositionsY: [ 76, 77, 77, 74, 76, 77, 77, 76, 76, 79, 77, 79, 78, 74,
    74, 68, 67, 66, 66, 68, 65, 69, 69, 72, 77, 83, 87, 92, 90, 91, 88,
    85, 80, 77, 75, 71, 70, 70, 69, 73, 75, 76, 79, 84, 86, 81, 82, 79,
    72, 72, 69, 69, 69, 71, 75, 77, 79, 82, 82, 86, 84, 83, 79, 78, 77,
    76, 72, 75, 73, 77, 76, 81, 80, 83, 80, 80, 76, 78, 75, 71, 75, 75,
    76, 79, 80, 82, 78, 80, 83, 79, 82, 79, 77, 78, 76, 78, 79, 78, 78,
    77 ]
