%YAML:1.0
---
videoName: "headLookUp3.mp4"
gestureLabel: 205
fps: 29
pixelSizeInCmTemp: 3.7421874999999999e-01
faceCenterPointX: 254
faceCenterPointY: 68
headPositionsX: [ 255, 256, 256, 254, 255, 255, 255, 256, 257, 255, 254,
    257, 256, 257, 256, 258, 255, 255, 256, 255, 255, 258, 258, 259, 258,
    257, 257, 254, 254, 258, 258, 257, 255, 259, 256, 257, 256, 258, 258,
    255, 257, 257, 253, 258, 255, 255, 258, 255, 254, 254, 257, 257, 256,
    257, 253, 257, 257, 254, 253, 257, 252, 256, 255, 256, 257, 253, 255,
    252, 254, 255, 255, 256, 255, 258, 256, 258, 256, 257, 257, 255, 255,
    257, 255, 251, 254, 254, 257, 257, 255, 253, 254, 254, 254, 255, 256,
    255, 253, 256, 253, 254 ]
headPositionsY: [ 69, 84, 82, 83, 83, 80, 83, 81, 81, 83, 80, 82, 84, 83,
    81, 82, 83, 83, 81, 82, 80, 80, 84, 82, 83, 80, 84, 80, 80, 84, 84,
    81, 81, 83, 83, 81, 84, 81, 79, 80, 81, 79, 76, 73, 72, 72, 71, 69,
    67, 67, 66, 66, 68, 67, 69, 67, 69, 68, 69, 67, 68, 67, 66, 69, 66,
    66, 68, 68, 69, 70, 68, 67, 68, 67, 66, 68, 67, 68, 67, 69, 70, 65,
    68, 65, 65, 69, 66, 66, 69, 67, 67, 66, 69, 69, 67, 69, 68, 71, 68,
    69 ]
