%YAML:1.0
---
videoName: "headNod25.mp4"
gestureLabel: 202
fps: 29
pixelSizeInCmTemp: 3.1933333333333330e-01
faceCenterPointX: 270
faceCenterPointY: 75
headPositionsX: [ 270, 270, 270, 272, 274, 272, 268, 270, 270, 270, 271,
    271, 270, 268, 269, 270, 270, 269, 270, 270, 274, 270, 271, 270, 270,
    272, 274, 272, 271, 272, 275, 272, 274, 270, 271, 272, 273, 271, 270,
    272, 269, 272, 273, 273, 270, 271, 273, 274, 270, 271, 270, 272, 272,
    272, 270, 271, 274, 272, 273, 269, 272, 270, 269, 269, 270, 271, 271,
    269, 270, 272, 271, 272, 273, 272, 269, 270, 268, 271, 270, 270, 269,
    273, 271, 269, 270, 271, 270, 270, 271, 274, 269, 272, 273, 273, 270,
    272, 272, 268, 271, 271 ]
headPositionsY: [ 77, 73, 71, 75, 73, 75, 76, 76, 74, 74, 76, 73, 76, 75,
    76, 74, 75, 74, 75, 77, 73, 74, 76, 73, 76, 73, 74, 72, 74, 72, 75,
    74, 74, 72, 73, 76, 77, 74, 74, 75, 73, 76, 73, 78, 76, 78, 74, 74,
    73, 72, 72, 70, 67, 63, 64, 67, 67, 65, 67, 71, 72, 76, 80, 83, 85,
    88, 86, 88, 83, 83, 77, 73, 70, 73, 70, 70, 68, 68, 70, 73, 72, 79,
    80, 78, 81, 79, 77, 76, 79, 77, 77, 74, 74, 78, 75, 78, 73, 73, 73,
    77 ]
