%YAML:1.0
---
videoName: "headNod0.mp4"
gestureLabel: 202
fps: 29
pixelSizeInCmTemp: 3.2364864864864862e-01
faceCenterPointX: 264
faceCenterPointY: 76
headPositionsX: [ 264, 265, 267, 268, 268, 268, 269, 265, 265, 268, 264,
    265, 267, 267, 268, 263, 264, 263, 265, 263, 266, 266, 266, 268, 266,
    267, 264, 265, 265, 264, 263, 264, 267, 264, 268, 268, 268, 266, 267,
    268, 265, 266, 267, 264, 264, 267, 267, 266, 262, 265, 267, 266, 263,
    265, 266, 266, 263, 266, 263, 263, 267, 263, 266, 267, 264, 267, 268,
    266, 268, 266, 265, 263, 262, 265, 263, 265, 265, 265, 264, 263, 265,
    266, 263, 263, 264, 266, 263, 266, 265, 264, 265, 264, 267, 267, 265,
    262, 265, 264, 265, 266 ]
headPositionsY: [ 76, 71, 74, 71, 70, 75, 73, 72, 74, 74, 74, 74, 74, 71,
    74, 75, 75, 74, 74, 71, 71, 72, 73, 72, 73, 72, 71, 75, 74, 69, 72,
    66, 64, 62, 64, 65, 65, 64, 64, 67, 68, 69, 71, 75, 77, 79, 83, 84,
    82, 81, 76, 76, 72, 73, 67, 66, 66, 64, 64, 68, 70, 69, 74, 73, 79,
    77, 80, 81, 77, 79, 78, 75, 74, 69, 70, 69, 69, 66, 69, 71, 72, 71,
    73, 72, 76, 76, 80, 81, 80, 80, 80, 75, 79, 79, 75, 75, 77, 73, 74,
    78 ]
