%YAML:1.0
---
videoName: "headNod41.mp4"
gestureLabel: 202
fps: 29
pixelSizeInCmTemp: 2.9937500000000000e-01
faceCenterPointX: 267
faceCenterPointY: 76
headPositionsX: [ 269, 269, 272, 270, 268, 269, 270, 268, 271, 268, 269,
    269, 268, 271, 269, 268, 268, 273, 272, 273, 269, 272, 272, 272, 269,
    268, 271, 270, 270, 268, 272, 272, 272, 269, 268, 270, 270, 272, 271,
    269, 269, 271, 270, 270, 267, 267, 268, 270, 268, 269, 269, 270, 271,
    269, 267, 270, 270, 269, 271, 269, 271, 270, 268, 271, 270, 270, 266,
    269, 269, 268, 268, 267, 270, 266, 268, 265, 267, 266, 266, 268, 268,
    266, 267, 269, 266, 269, 268, 266, 269, 269, 270, 268, 268, 268, 268,
    269, 269, 266, 265, 267 ]
headPositionsY: [ 74, 71, 73, 74, 74, 73, 74, 71, 75, 72, 74, 73, 73, 74,
    74, 72, 74, 74, 76, 73, 72, 72, 74, 73, 73, 72, 72, 76, 74, 72, 75,
    73, 72, 74, 73, 74, 72, 75, 76, 77, 81, 84, 86, 86, 91, 92, 90, 89,
    82, 79, 80, 71, 70, 68, 64, 67, 64, 71, 71, 76, 80, 86, 94, 93, 93,
    91, 86, 79, 76, 73, 73, 73, 72, 73, 70, 77, 78, 83, 84, 84, 82, 81,
    75, 76, 72, 72, 76, 74, 74, 76, 79, 78, 78, 80, 81, 77, 80, 79, 75,
    77 ]
