%YAML:1.0
---
videoName: "headLookRight1.mp4"
gestureLabel: 204
fps: 29
pixelSizeInCmTemp: 3.3263888888888887e-01
faceCenterPointX: 232
faceCenterPointY: 68
headPositionsX: [ 230, 256, 256, 257, 256, 258, 254, 254, 256, 256, 258,
    255, 254, 256, 257, 257, 255, 257, 257, 253, 258, 255, 253, 258, 255,
    254, 252, 255, 253, 253, 255, 252, 252, 251, 248, 243, 240, 238, 236,
    233, 234, 234, 230, 230, 231, 235, 233, 227, 228, 231, 232, 231, 230,
    231, 234, 232, 233, 235, 232, 234, 232, 234, 229, 233, 235, 232, 228,
    232, 233, 234, 232, 234, 233, 233, 236, 231, 232, 234, 233, 233, 229,
    232, 234, 230, 233, 230, 234, 234, 233, 235, 231, 232, 231, 231, 234,
    233, 231, 230, 230, 232 ]
headPositionsY: [ 70, 65, 69, 67, 67, 66, 70, 68, 67, 70, 67, 68, 70, 68,
    66, 68, 69, 70, 66, 70, 69, 71, 68, 66, 69, 71, 68, 69, 68, 68, 71,
    68, 70, 69, 70, 67, 68, 66, 67, 67, 70, 67, 70, 67, 69, 67, 67, 71,
    66, 69, 67, 71, 69, 67, 67, 66, 69, 68, 69, 65, 70, 69, 67, 69, 68,
    66, 68, 71, 69, 67, 67, 69, 69, 69, 66, 69, 68, 69, 65, 68, 67, 68,
    68, 70, 69, 70, 68, 69, 66, 68, 70, 68, 69, 69, 70, 66, 69, 67, 68,
    66 ]
