%YAML:1.0
---
videoName: "headNod48.mp4"
gestureLabel: 202
fps: 29
pixelSizeInCmTemp: 2.8855421686746985e-01
faceCenterPointX: 264
faceCenterPointY: 72
headPositionsX: [ 266, 267, 263, 263, 266, 267, 267, 264, 266, 265, 266,
    263, 265, 264, 263, 261, 264, 259, 261, 264, 259, 262, 259, 259, 259,
    261, 261, 261, 261, 263, 259, 262, 264, 263, 263, 263, 264, 263, 261,
    261, 262, 264, 261, 262, 259, 262, 261, 261, 263, 260, 259, 262, 259,
    262, 260, 263, 262, 260, 262, 261, 264, 263, 263, 262, 262, 262, 264,
    265, 265, 263, 266, 263, 266, 264, 265, 267, 263, 267, 265, 263, 267,
    266, 263, 267, 268, 266, 265, 265, 266, 266, 264, 266, 266, 266, 266,
    264, 267, 267, 266, 265 ]
headPositionsY: [ 70, 75, 75, 77, 79, 78, 76, 70, 70, 63, 65, 61, 61, 65,
    67, 68, 74, 78, 84, 89, 86, 89, 84, 83, 80, 77, 68, 70, 66, 64, 64,
    64, 63, 67, 70, 70, 73, 78, 82, 80, 80, 81, 78, 79, 78, 77, 73, 71,
    70, 72, 72, 73, 77, 77, 78, 81, 75, 74, 76, 72, 71, 72, 72, 71, 71,
    75, 74, 77, 77, 76, 78, 73, 71, 73, 71, 70, 72, 72, 72, 72, 72, 73,
    72, 74, 73, 72, 72, 69, 72, 71, 75, 75, 72, 76, 71, 70, 72, 71, 74,
    70 ]
