%YAML:1.0
---
videoName: "headNod12.mp4"
gestureLabel: 202
fps: 29
pixelSizeInCmTemp: 3.2808219178082193e-01
faceCenterPointX: 254
faceCenterPointY: 69
headPositionsX: [ 253, 251, 253, 254, 254, 254, 255, 253, 255, 254, 256,
    256, 257, 256, 254, 259, 254, 256, 258, 255, 253, 255, 259, 257, 255,
    254, 257, 257, 255, 254, 257, 254, 258, 254, 257, 255, 254, 256, 255,
    255, 254, 255, 254, 253, 256, 257, 253, 254, 252, 253, 253, 254, 255,
    256, 254, 254, 252, 255, 256, 253, 253, 256, 253, 254, 253, 254, 254,
    255, 253, 253, 254, 252, 256, 254, 255, 253, 252, 257, 252, 255, 256,
    256, 253, 257, 255, 253, 253, 255, 253, 256, 254, 254, 255, 254, 256,
    252, 253, 252, 254, 256 ]
headPositionsY: [ 67, 75, 72, 73, 73, 73, 74, 71, 74, 73, 72, 76, 75, 75,
    74, 72, 71, 73, 74, 72, 74, 74, 75, 71, 73, 75, 73, 72, 75, 72, 76,
    73, 75, 72, 73, 72, 70, 69, 67, 62, 62, 63, 65, 60, 66, 65, 70, 71,
    73, 76, 79, 81, 77, 79, 75, 75, 71, 67, 66, 66, 65, 65, 61, 63, 67,
    66, 70, 73, 71, 73, 78, 73, 78, 75, 73, 69, 70, 69, 68, 64, 67, 68,
    68, 67, 66, 70, 68, 71, 75, 72, 72, 75, 74, 74, 72, 69, 70, 69, 72,
    71 ]
