%YAML:1.0
---
videoName: "headShake42.mp4"
gestureLabel: 201
fps: 29
pixelSizeInCmTemp: 3.2808219178082193e-01
faceCenterPointX: 257
faceCenterPointY: 85
headPositionsX: [ 255, 271, 274, 277, 276, 274, 280, 278, 274, 272, 274,
    271, 265, 264, 260, 256, 250, 251, 248, 246, 242, 245, 244, 245, 241,
    246, 248, 250, 253, 259, 265, 267, 271, 277, 280, 279, 276, 279, 276,
    274, 272, 268, 268, 264, 262, 259, 257, 251, 248, 251, 248, 246, 247,
    244, 247, 245, 247, 251, 253, 255, 260, 260, 266, 265, 269, 269, 267,
    269, 268, 268, 268, 268, 266, 266, 265, 264, 261, 260, 258, 257, 258,
    257, 256, 255, 258, 258, 257, 255, 255, 258, 257, 255, 256, 258, 255,
    257, 258, 257, 259, 256 ]
headPositionsY: [ 84, 85, 84, 79, 84, 80, 81, 83, 81, 81, 83, 84, 83, 83,
    82, 85, 84, 84, 82, 84, 85, 86, 83, 84, 85, 84, 84, 83, 85, 86, 86,
    86, 82, 80, 82, 83, 83, 83, 81, 82, 85, 86, 87, 88, 85, 88, 84, 87,
    86, 86, 86, 85, 87, 84, 86, 84, 86, 88, 84, 86, 85, 83, 84, 87, 85,
    87, 87, 83, 84, 83, 86, 84, 88, 85, 86, 86, 86, 84, 85, 86, 86, 84,
    86, 84, 86, 83, 86, 86, 87, 84, 86, 85, 86, 87, 85, 83, 85, 87, 83,
    83 ]
