%YAML:1.0
---
videoName: "headLookLeft8.mp4"
gestureLabel: 203
fps: 29
pixelSizeInCmTemp: 3.6287878787878786e-01
faceCenterPointX: 273
faceCenterPointY: 69
headPositionsX: [ 274, 242, 244, 241, 241, 241, 242, 239, 240, 239, 243,
    240, 243, 242, 243, 243, 246, 246, 247, 245, 247, 246, 246, 249, 249,
    248, 247, 249, 246, 248, 245, 246, 245, 247, 246, 246, 243, 245, 247,
    245, 243, 246, 245, 247, 246, 248, 246, 246, 244, 244, 245, 245, 248,
    246, 249, 249, 254, 256, 258, 258, 264, 266, 269, 274, 269, 274, 273,
    281, 283, 273, 279, 275, 276, 276, 279, 277, 275, 275, 277, 279, 278,
    277, 279, 271, 271, 276, 278, 278, 277, 276, 277, 273, 274, 276, 278,
    271, 277, 275, 271, 269 ]
headPositionsY: [ 67, 69, 68, 68, 69, 68, 66, 69, 66, 70, 69, 67, 69, 69,
    68, 67, 66, 66, 68, 70, 67, 70, 67, 69, 71, 69, 70, 71, 69, 72, 72,
    71, 73, 73, 72, 70, 72, 74, 71, 74, 73, 71, 71, 72, 73, 70, 70, 74,
    74, 74, 75, 73, 75, 70, 72, 74, 72, 69, 68, 68, 69, 70, 69, 70, 71,
    68, 70, 69, 73, 67, 70, 69, 72, 68, 68, 67, 70, 70, 69, 68, 69, 71,
    71, 71, 65, 67, 68, 71, 71, 71, 69, 70, 67, 67, 72, 67, 70, 67, 67,
    70 ]
