%YAML:1.0
---
videoName: "headLookRight2.mp4"
gestureLabel: 204
fps: 29
pixelSizeInCmTemp: 3.8015873015873014e-01
faceCenterPointX: 228
faceCenterPointY: 68
headPositionsX: [ 230, 250, 254, 249, 253, 250, 252, 253, 252, 254, 251,
    251, 253, 252, 253, 253, 252, 254, 254, 254, 252, 252, 253, 254, 251,
    253, 252, 255, 251, 256, 255, 256, 254, 251, 256, 251, 255, 253, 252,
    254, 254, 251, 250, 251, 252, 255, 251, 252, 250, 251, 246, 247, 246,
    239, 239, 235, 234, 231, 230, 231, 230, 230, 228, 230, 226, 225, 229,
    225, 224, 228, 227, 231, 229, 229, 228, 230, 227, 228, 230, 231, 228,
    228, 229, 228, 230, 230, 232, 227, 229, 226, 228, 228, 228, 232, 227,
    229, 230, 230, 229, 229 ]
headPositionsY: [ 69, 69, 66, 69, 68, 67, 69, 67, 69, 66, 70, 68, 71, 66,
    67, 70, 69, 68, 71, 71, 71, 69, 71, 69, 71, 71, 72, 71, 68, 68, 72,
    68, 68, 67, 69, 69, 71, 69, 70, 67, 69, 70, 68, 71, 68, 71, 70, 70,
    67, 71, 68, 67, 71, 69, 70, 69, 67, 69, 67, 72, 67, 70, 68, 65, 70,
    68, 66, 67, 73, 69, 72, 66, 68, 67, 69, 72, 70, 72, 72, 69, 71, 72,
    68, 70, 70, 70, 67, 72, 71, 68, 71, 67, 68, 69, 68, 69, 70, 71, 72,
    69 ]
