%YAML:1.0
---
videoName: "headNod14.mp4"
gestureLabel: 202
fps: 29
pixelSizeInCmTemp: 3.2808219178082193e-01
faceCenterPointX: 257
faceCenterPointY: 71
headPositionsX: [ 257, 258, 256, 259, 258, 256, 260, 258, 258, 260, 261,
    258, 258, 257, 256, 256, 256, 260, 257, 257, 260, 257, 260, 258, 259,
    260, 261, 258, 261, 260, 259, 258, 258, 259, 259, 257, 260, 257, 256,
    259, 260, 259, 260, 257, 258, 257, 261, 260, 259, 257, 259, 260, 259,
    259, 257, 256, 261, 260, 257, 256, 261, 259, 260, 261, 258, 261, 257,
    257, 258, 260, 258, 257, 257, 258, 256, 256, 259, 255, 256, 260, 257,
    257, 259, 255, 256, 258, 257, 257, 259, 256, 255, 255, 258, 258, 257,
    259, 255, 259, 256, 255 ]
headPositionsY: [ 70, 77, 76, 78, 80, 77, 78, 78, 77, 75, 75, 79, 80, 78,
    79, 78, 74, 78, 78, 78, 79, 76, 76, 78, 77, 77, 76, 77, 76, 78, 80,
    77, 80, 77, 78, 77, 76, 76, 79, 73, 72, 71, 70, 69, 68, 68, 70, 70,
    70, 74, 76, 76, 78, 79, 84, 79, 78, 78, 75, 75, 72, 72, 67, 70, 73,
    71, 72, 74, 80, 80, 81, 81, 80, 79, 76, 73, 68, 66, 69, 69, 69, 71,
    74, 79, 81, 78, 81, 79, 78, 73, 70, 70, 70, 68, 68, 68, 72, 69, 69,
    72 ]
