%YAML:1.0
---
videoName: "headShake29.mp4"
gestureLabel: 201
fps: 29
pixelSizeInCmTemp: 3.3263888888888887e-01
faceCenterPointX: 243
faceCenterPointY: 76
headPositionsX: [ 244, 244, 241, 244, 243, 244, 240, 242, 244, 242, 241,
    244, 241, 241, 243, 244, 242, 240, 245, 240, 243, 244, 242, 243, 239,
    238, 240, 239, 238, 240, 243, 247, 253, 255, 252, 253, 256, 251, 246,
    242, 237, 235, 230, 228, 227, 230, 231, 240, 242, 249, 247, 253, 252,
    251, 248, 244, 241, 236, 235, 229, 227, 227, 229, 236, 238, 243, 247,
    249, 253, 252, 250, 251, 251, 245, 244, 240, 236, 237, 236, 234, 232,
    236, 237, 238, 238, 236, 237, 242, 242, 241, 243, 241, 245, 245, 242,
    245, 244, 243, 244, 242 ]
headPositionsY: [ 76, 75, 76, 77, 77, 76, 76, 76, 77, 74, 75, 74, 78, 75,
    77, 77, 77, 75, 76, 76, 78, 77, 76, 77, 76, 77, 76, 77, 76, 76, 75,
    76, 74, 77, 75, 77, 75, 73, 73, 74, 75, 74, 73, 75, 76, 76, 75, 78,
    77, 78, 78, 78, 74, 74, 78, 77, 74, 74, 78, 78, 76, 75, 74, 74, 78,
    77, 79, 77, 73, 75, 75, 77, 74, 75, 74, 77, 75, 76, 75, 77, 74, 78,
    73, 74, 79, 78, 77, 75, 78, 78, 76, 80, 79, 77, 76, 77, 77, 74, 76,
    76 ]
