%YAML:1.0
---
videoName: "headNod29.mp4"
gestureLabel: 202
fps: 29
pixelSizeInCmTemp: 3.1933333333333330e-01
faceCenterPointX: 271
faceCenterPointY: 70
headPositionsX: [ 269, 274, 273, 273, 276, 274, 272, 272, 274, 273, 273,
    271, 272, 272, 274, 272, 271, 270, 273, 272, 270, 275, 273, 271, 270,
    270, 273, 271, 270, 271, 270, 272, 269, 269, 271, 271, 269, 268, 272,
    271, 271, 269, 268, 272, 270, 269, 269, 270, 270, 271, 271, 273, 272,
    273, 270, 273, 269, 270, 272, 271, 269, 268, 269, 269, 272, 267, 270,
    271, 268, 269, 269, 270, 273, 272, 272, 271, 272, 272, 272, 273, 270,
    272, 269, 271, 274, 270, 269, 272, 272, 273, 270, 271, 271, 273, 269,
    269, 272, 270, 268, 271 ]
headPositionsY: [ 69, 73, 72, 72, 74, 78, 77, 77, 78, 81, 78, 79, 76, 74,
    72, 68, 67, 65, 65, 65, 68, 70, 69, 73, 75, 73, 78, 80, 77, 80, 77,
    79, 75, 72, 73, 72, 73, 70, 74, 72, 77, 78, 78, 78, 80, 79, 77, 73,
    76, 75, 74, 75, 75, 81, 79, 81, 80, 80, 76, 76, 75, 76, 72, 77, 77,
    77, 79, 79, 75, 72, 71, 71, 69, 69, 70, 73, 74, 74, 77, 78, 74, 74,
    73, 71, 73, 71, 72, 72, 71, 71, 68, 71, 72, 71, 68, 68, 69, 69, 71,
    73 ]
