%YAML:1.0
---
videoName: "headShake18.mp4"
gestureLabel: 201
fps: 30
pixelSizeInCmTemp: 3.2808219178082193e-01
faceCenterPointX: 240
faceCenterPointY: 77
headPositionsX: [ 240, 241, 240, 243, 243, 242, 240, 243, 239, 244, 239,
    238, 244, 242, 243, 241, 242, 240, 240, 239, 240, 240, 239, 240, 239,
    239, 238, 239, 238, 241, 241, 240, 238, 238, 238, 244, 245, 248, 251,
    250, 251, 250, 252, 249, 246, 243, 237, 237, 233, 227, 228, 229, 234,
    240, 240, 248, 250, 251, 247, 244, 242, 238, 239, 237, 232, 236, 236,
    237, 236, 241, 244, 243, 245, 245, 245, 244, 242, 239, 236, 234, 235,
    238, 238, 238, 241, 241, 243, 241, 243, 242, 244, 241, 242, 241, 239,
    241, 239, 238, 242, 243 ]
headPositionsY: [ 77, 74, 76, 76, 77, 74, 77, 75, 76, 78, 74, 77, 76, 77,
    78, 76, 74, 78, 74, 74, 74, 76, 74, 75, 75, 78, 73, 74, 77, 77, 75,
    73, 77, 77, 76, 77, 75, 78, 78, 76, 78, 73, 74, 76, 75, 77, 77, 77,
    78, 77, 74, 78, 79, 75, 77, 79, 78, 74, 76, 75, 74, 78, 76, 79, 77,
    75, 79, 76, 79, 79, 78, 78, 78, 76, 76, 77, 79, 76, 76, 78, 78, 77,
    75, 75, 79, 77, 75, 79, 77, 78, 79, 77, 79, 79, 78, 77, 79, 76, 78,
    77 ]
