%YAML:1.0
---
videoName: "headLookUp1.mp4"
gestureLabel: 205
fps: 29
pixelSizeInCmTemp: 3.7421874999999999e-01
faceCenterPointX: 258
faceCenterPointY: 66
headPositionsX: [ 256, 260, 257, 258, 259, 260, 260, 260, 260, 258, 261,
    261, 261, 258, 256, 260, 262, 259, 257, 261, 257, 258, 257, 259, 258,
    261, 259, 261, 260, 258, 259, 258, 258, 258, 261, 257, 259, 258, 257,
    260, 261, 259, 258, 257, 256, 258, 257, 257, 259, 256, 259, 257, 260,
    259, 258, 258, 257, 256, 256, 258, 260, 260, 260, 256, 257, 258, 260,
    260, 260, 257, 258, 257, 262, 260, 257, 257, 258, 257, 259, 259, 260,
    257, 259, 258, 256, 258, 258, 256, 260, 257, 259, 260, 258, 255, 259,
    257, 260, 256, 255, 259 ]
headPositionsY: [ 68, 79, 83, 79, 81, 83, 80, 79, 82, 81, 83, 80, 80, 80,
    81, 79, 83, 82, 80, 82, 82, 83, 79, 79, 80, 83, 80, 81, 79, 80, 79,
    82, 79, 79, 82, 78, 80, 83, 82, 79, 77, 80, 76, 75, 75, 72, 69, 71,
    70, 67, 68, 65, 65, 64, 68, 63, 65, 66, 66, 64, 65, 66, 66, 66, 64,
    62, 68, 66, 66, 64, 67, 63, 67, 66, 68, 66, 66, 67, 68, 63, 65, 64,
    68, 65, 66, 65, 67, 66, 66, 64, 65, 70, 67, 66, 68, 67, 63, 69, 63,
    67 ]
