%YAML:1.0
---
videoName: "headNod32.mp4"
gestureLabel: 202
fps: 29
pixelSizeInCmTemp: 2.8855421686746985e-01
faceCenterPointX: 266
faceCenterPointY: 74
headPositionsX: [ 267, 268, 269, 267, 270, 269, 266, 268, 266, 265, 265,
    267, 267, 263, 264, 263, 269, 265, 264, 264, 264, 264, 267, 268, 266,
    268, 265, 266, 264, 266, 265, 265, 264, 265, 265, 268, 265, 266, 267,
    270, 269, 266, 267, 269, 268, 269, 267, 270, 268, 265, 265, 268, 269,
    265, 266, 267, 265, 268, 267, 269, 265, 265, 266, 269, 267, 269, 270,
    269, 269, 267, 268, 266, 264, 266, 264, 267, 265, 267, 265, 264, 265,
    265, 263, 264, 266, 266, 268, 266, 268, 268, 269, 269, 270, 267, 267,
    267, 266, 264, 267, 264 ]
headPositionsY: [ 72, 77, 76, 80, 77, 78, 76, 79, 78, 77, 78, 80, 76, 78,
    78, 76, 79, 78, 79, 78, 79, 78, 78, 79, 76, 78, 77, 77, 80, 79, 81,
    80, 76, 78, 77, 79, 76, 75, 79, 80, 79, 80, 77, 75, 78, 76, 78, 78,
    80, 75, 79, 79, 76, 76, 76, 77, 76, 73, 77, 76, 68, 67, 65, 66, 64,
    69, 66, 72, 79, 80, 88, 89, 86, 84, 85, 82, 77, 74, 73, 71, 72, 73,
    69, 69, 71, 74, 74, 72, 74, 74, 75, 75, 76, 75, 72, 75, 77, 74, 77,
    76 ]
