%YAML:1.0
---
videoName: "headShake13.mp4"
gestureLabel: 201
fps: 29
pixelSizeInCmTemp: 3.2364864864864862e-01
faceCenterPointX: 241
faceCenterPointY: 77
headPositionsX: [ 240, 241, 240, 240, 239, 241, 242, 242, 239, 243, 243,
    243, 240, 241, 242, 239, 244, 244, 243, 239, 243, 241, 239, 242, 242,
    241, 241, 239, 240, 240, 241, 240, 239, 241, 245, 247, 250, 254, 259,
    263, 262, 263, 261, 256, 251, 243, 236, 234, 229, 229, 231, 230, 238,
    240, 244, 246, 250, 251, 250, 248, 244, 239, 238, 236, 230, 231, 232,
    233, 238, 239, 245, 249, 249, 250, 252, 253, 246, 246, 241, 240, 235,
    234, 234, 235, 235, 237, 235, 240, 241, 241, 243, 246, 247, 247, 241,
    246, 241, 240, 240, 243 ]
headPositionsY: [ 75, 77, 75, 75, 74, 74, 76, 78, 75, 78, 74, 78, 77, 77,
    76, 77, 76, 79, 76, 76, 76, 75, 78, 74, 77, 76, 78, 76, 75, 77, 74,
    78, 77, 77, 75, 76, 76, 75, 72, 75, 74, 74, 77, 77, 77, 78, 77, 77,
    77, 77, 76, 76, 75, 76, 76, 77, 73, 76, 77, 78, 78, 79, 74, 78, 78,
    79, 77, 78, 79, 78, 74, 77, 74, 78, 75, 75, 77, 75, 75, 78, 77, 77,
    75, 74, 77, 78, 77, 75, 75, 79, 76, 77, 78, 76, 75, 74, 76, 77, 78,
    78 ]
