%YAML:1.0
---
videoName: "headShake16.mp4"
gestureLabel: 201
fps: 29
pixelSizeInCmTemp: 3.2364864864864862e-01
faceCenterPointX: 242
faceCenterPointY: 77
headPositionsX: [ 242, 241, 245, 243, 244, 244, 245, 243, 245, 244, 243,
    245, 243, 244, 243, 241, 242, 244, 244, 242, 242, 244, 245, 243, 242,
    245, 242, 244, 243, 243, 244, 244, 240, 242, 241, 243, 242, 246, 244,
    246, 250, 253, 253, 255, 252, 249, 246, 244, 241, 238, 237, 235, 233,
    239, 240, 244, 245, 248, 249, 251, 247, 250, 245, 242, 241, 239, 234,
    237, 235, 237, 233, 238, 235, 240, 243, 244, 243, 244, 246, 244, 242,
    239, 241, 240, 237, 238, 239, 241, 242, 241, 239, 241, 240, 240, 244,
    241, 240, 240, 244, 241 ]
headPositionsY: [ 77, 77, 77, 77, 73, 76, 76, 78, 75, 78, 77, 76, 78, 74,
    75, 74, 76, 76, 78, 74, 78, 75, 77, 74, 75, 77, 74, 74, 75, 76, 76,
    77, 75, 76, 73, 75, 75, 78, 78, 76, 78, 75, 74, 73, 75, 77, 75, 77,
    75, 78, 76, 79, 75, 77, 79, 79, 79, 77, 75, 76, 74, 75, 78, 78, 78,
    77, 76, 74, 74, 78, 76, 77, 75, 75, 79, 77, 76, 79, 77, 76, 78, 75,
    75, 75, 77, 74, 76, 78, 76, 76, 73, 76, 76, 78, 75, 78, 76, 76, 75,
    76 ]
