%YAML:1.0
---
videoName: "headNod1.mp4"
gestureLabel: 202
fps: 29
pixelSizeInCmTemp: 3.2808219178082193e-01
faceCenterPointX: 263
faceCenterPointY: 78
headPositionsX: [ 264, 261, 261, 263, 263, 265, 261, 265, 263, 263, 264,
    263, 265, 261, 263, 265, 264, 262, 262, 264, 266, 265, 263, 263, 264,
    263, 267, 262, 262, 262, 266, 263, 262, 266, 263, 262, 266, 265, 265,
    265, 267, 264, 266, 267, 268, 263, 264, 265, 267, 264, 264, 263, 264,
    265, 260, 261, 262, 265, 262, 264, 262, 263, 265, 266, 262, 263, 264,
    263, 263, 263, 260, 261, 262, 263, 261, 263, 264, 263, 263, 262, 263,
    262, 262, 264, 261, 264, 265, 264, 262, 263, 260, 263, 262, 264, 260,
    264, 262, 262, 261, 265 ]
headPositionsY: [ 78, 72, 72, 73, 73, 76, 77, 75, 75, 77, 74, 77, 77, 77,
    76, 74, 75, 76, 76, 73, 75, 72, 76, 77, 75, 74, 76, 74, 73, 75, 77,
    77, 74, 76, 71, 71, 70, 69, 65, 63, 66, 62, 61, 64, 64, 67, 68, 71,
    71, 73, 75, 77, 83, 80, 82, 82, 81, 78, 77, 70, 72, 67, 66, 65, 65,
    66, 69, 70, 73, 76, 78, 78, 76, 78, 71, 71, 68, 67, 68, 65, 66, 68,
    70, 72, 76, 76, 77, 78, 79, 80, 81, 81, 82, 81, 82, 76, 81, 77, 77,
    76 ]
