%YAML:1.0
---
videoName: "headNod13.mp4"
gestureLabel: 202
fps: 29
pixelSizeInCmTemp: 3.2364864864864862e-01
faceCenterPointX: 253
faceCenterPointY: 79
headPositionsX: [ 255, 249, 254, 251, 251, 251, 251, 251, 255, 253, 255,
    255, 255, 254, 255, 256, 256, 256, 256, 254, 253, 255, 256, 256, 256,
    252, 252, 253, 252, 253, 255, 254, 253, 253, 255, 255, 251, 253, 252,
    251, 252, 251, 253, 252, 252, 253, 253, 254, 252, 251, 253, 254, 255,
    252, 256, 256, 253, 253, 253, 255, 256, 254, 251, 251, 255, 254, 254,
    255, 254, 252, 253, 253, 255, 254, 257, 256, 252, 252, 252, 256, 254,
    256, 255, 253, 252, 257, 255, 257, 255, 255, 253, 256, 252, 254, 254,
    252, 255, 252, 253, 253 ]
headPositionsY: [ 79, 74, 73, 73, 74, 75, 76, 75, 72, 73, 72, 74, 72, 71,
    73, 72, 74, 76, 72, 73, 73, 76, 71, 73, 75, 73, 76, 73, 72, 72, 72,
    73, 72, 72, 74, 72, 76, 72, 73, 72, 73, 73, 75, 76, 72, 75, 76, 72,
    71, 71, 72, 69, 66, 66, 69, 69, 70, 75, 75, 77, 80, 77, 78, 76, 72,
    71, 71, 69, 71, 71, 73, 75, 73, 77, 77, 77, 78, 78, 77, 74, 72, 73,
    75, 72, 73, 78, 75, 78, 77, 78, 78, 77, 78, 81, 79, 80, 78, 77, 81,
    76 ]
