%YAML:1.0
---
videoName: "headShake36.mp4"
gestureLabel: 201
fps: 29
pixelSizeInCmTemp: 3.2364864864864862e-01
faceCenterPointX: 263
faceCenterPointY: 80
headPositionsX: [ 265, 266, 260, 264, 264, 263, 263, 269, 270, 274, 273,
    278, 277, 282, 277, 283, 284, 281, 280, 277, 274, 270, 270, 269, 260,
    257, 255, 252, 249, 248, 248, 246, 246, 244, 247, 243, 245, 250, 248,
    254, 255, 261, 266, 266, 272, 274, 276, 275, 279, 280, 279, 279, 279,
    278, 276, 275, 270, 265, 262, 260, 255, 254, 249, 251, 250, 247, 249,
    253, 251, 252, 257, 255, 261, 260, 264, 267, 266, 265, 268, 268, 266,
    266, 268, 266, 268, 264, 264, 265, 265, 267, 262, 261, 262, 264, 262,
    261, 264, 265, 261, 264 ]
headPositionsY: [ 82, 80, 79, 78, 81, 80, 79, 77, 81, 79, 77, 77, 76, 77,
    78, 75, 78, 75, 80, 78, 81, 78, 83, 81, 83, 82, 80, 81, 81, 78, 81,
    81, 83, 83, 83, 78, 79, 79, 82, 80, 81, 81, 80, 81, 81, 76, 80, 77,
    78, 76, 78, 79, 80, 78, 77, 80, 80, 80, 81, 79, 77, 78, 79, 80, 76,
    79, 81, 79, 80, 78, 82, 80, 82, 83, 83, 79, 80, 79, 79, 81, 78, 79,
    80, 79, 80, 80, 79, 80, 80, 80, 82, 81, 80, 81, 79, 79, 82, 78, 80,
    79 ]
