%YAML:1.0
---
videoName: "headNod46.mp4"
gestureLabel: 202
fps: 30
pixelSizeInCmTemp: 2.8511904761904761e-01
faceCenterPointX: 264
faceCenterPointY: 72
headPositionsX: [ 266, 263, 266, 267, 263, 263, 263, 263, 265, 264, 266,
    263, 265, 266, 263, 264, 264, 264, 263, 262, 262, 264, 266, 265, 265,
    265, 266, 264, 265, 266, 268, 267, 266, 263, 261, 264, 259, 264, 264,
    262, 260, 262, 265, 261, 261, 262, 263, 263, 261, 262, 264, 264, 261,
    262, 265, 263, 264, 261, 264, 261, 262, 262, 264, 262, 266, 263, 264,
    263, 265, 262, 262, 262, 267, 267, 264, 263, 266, 266, 266, 266, 263,
    263, 265, 265, 262, 263, 264, 265, 260, 263, 264, 265, 265, 264, 265,
    264, 262, 263, 265, 263 ]
headPositionsY: [ 74, 66, 67, 70, 70, 67, 69, 69, 72, 72, 75, 80, 80, 82,
    87, 89, 88, 91, 86, 86, 82, 75, 77, 70, 69, 72, 69, 72, 71, 74, 79,
    83, 89, 92, 90, 86, 81, 74, 78, 69, 68, 68, 70, 71, 73, 75, 80, 86,
    87, 82, 83, 78, 75, 70, 69, 66, 66, 67, 70, 69, 74, 75, 79, 77, 74,
    73, 73, 72, 67, 67, 69, 68, 71, 72, 76, 74, 73, 73, 72, 73, 69, 67,
    70, 69, 71, 75, 75, 73, 76, 74, 72, 70, 72, 73, 69, 72, 73, 73, 71,
    73 ]
