%YAML:1.0
---
videoName: "headLookLeft8.mp4"
gestureLabel: 203
fps: 29
pixelSizeInCmTemp: 3.6287878787878786e-01
faceCenterPointX: 273
faceCenterPointY: 69
headPositionsX: [ 271, 241, 243, 241, 242, 241, 239, 239, 240, 240, 239,
    243, 240, 243, 243, 242, 246, 247, 248, 246, 249, 249, 248, 247, 247,
    248, 246, 246, 247, 247, 246, 245, 245, 248, 247, 244, 245, 244, 248,
    247, 245, 247, 244, 246, 245, 248, 244, 247, 245, 246, 246, 247, 249,
    249, 247, 250, 252, 256, 258, 260, 260, 266, 267, 272, 267, 271, 277,
    282, 282, 275, 278, 276, 279, 277, 278, 277, 276, 272, 276, 281, 278,
    276, 277, 271, 272, 275, 276, 277, 275, 275, 273, 277, 274, 274, 278,
    271, 277, 277, 271, 273 ]
headPositionsY: [ 67, 68, 65, 67, 68, 69, 68, 69, 66, 68, 68, 69, 68, 68,
    69, 68, 69, 68, 68, 69, 67, 71, 70, 70, 70, 71, 70, 73, 70, 72, 71,
    73, 71, 74, 70, 72, 71, 71, 70, 73, 70, 71, 73, 71, 72, 74, 70, 72,
    75, 74, 75, 73, 71, 72, 71, 73, 73, 71, 72, 68, 71, 69, 68, 72, 69,
    68, 67, 70, 72, 67, 68, 70, 69, 69, 72, 71, 70, 67, 70, 70, 70, 69,
    71, 67, 66, 67, 70, 69, 68, 70, 67, 70, 67, 67, 72, 71, 69, 68, 67,
    71 ]
