%YAML:1.0
---
videoName: "headNod33.mp4"
gestureLabel: 202
fps: 29
pixelSizeInCmTemp: 2.9567901234567900e-01
faceCenterPointX: 268
faceCenterPointY: 74
headPositionsX: [ 268, 268, 268, 267, 269, 271, 268, 270, 269, 271, 270,
    271, 271, 269, 269, 270, 273, 273, 268, 270, 271, 269, 268, 269, 271,
    270, 267, 270, 269, 268, 267, 269, 269, 268, 267, 267, 271, 270, 272,
    268, 269, 271, 269, 269, 269, 269, 270, 271, 270, 266, 270, 267, 270,
    270, 268, 267, 266, 267, 266, 265, 269, 269, 268, 269, 269, 267, 266,
    266, 267, 269, 269, 269, 265, 269, 267, 270, 269, 270, 269, 267, 267,
    269, 269, 269, 267, 265, 269, 266, 268, 268, 266, 267, 267, 266, 266,
    270, 270, 267, 266, 267 ]
headPositionsY: [ 76, 69, 71, 70, 73, 69, 74, 69, 72, 71, 74, 69, 73, 72,
    72, 70, 71, 69, 72, 72, 75, 72, 73, 71, 72, 74, 72, 73, 74, 71, 72,
    72, 71, 73, 77, 77, 79, 76, 74, 72, 68, 70, 64, 66, 68, 68, 69, 75,
    80, 79, 84, 81, 83, 75, 77, 75, 72, 69, 68, 68, 69, 72, 71, 75, 74,
    76, 74, 79, 77, 76, 72, 76, 75, 72, 70, 73, 71, 72, 73, 73, 74, 76,
    77, 80, 79, 76, 77, 74, 78, 76, 75, 73, 75, 77, 73, 78, 74, 75, 73,
    73 ]
