%YAML:1.0
---
videoName: "headNod9.mp4"
gestureLabel: 202
fps: 29
pixelSizeInCmTemp: 3.1513157894736843e-01
faceCenterPointX: 261
faceCenterPointY: 75
headPositionsX: [ 263, 260, 262, 260, 259, 259, 259, 263, 261, 262, 261,
    259, 263, 261, 258, 261, 262, 258, 259, 260, 262, 262, 262, 258, 260,
    258, 259, 261, 261, 260, 260, 258, 261, 262, 261, 263, 260, 260, 263,
    263, 259, 259, 259, 259, 263, 259, 260, 258, 259, 258, 260, 261, 261,
    261, 259, 260, 259, 260, 259, 261, 262, 260, 262, 260, 261, 262, 262,
    262, 259, 258, 260, 257, 257, 257, 260, 261, 257, 260, 259, 259, 259,
    261, 260, 260, 258, 259, 260, 260, 256, 261, 262, 257, 262, 259, 260,
    259, 257, 261, 258, 258 ]
headPositionsY: [ 73, 77, 76, 76, 74, 77, 77, 73, 73, 77, 76, 74, 77, 77,
    74, 74, 77, 76, 74, 75, 77, 77, 74, 78, 74, 76, 73, 74, 76, 75, 77,
    79, 78, 79, 80, 82, 81, 73, 74, 73, 75, 75, 75, 79, 82, 86, 87, 84,
    82, 79, 74, 75, 77, 77, 83, 82, 83, 84, 83, 78, 73, 71, 73, 76, 77,
    79, 80, 83, 83, 80, 78, 75, 74, 73, 73, 72, 74, 75, 77, 80, 80, 82,
    81, 83, 80, 76, 74, 76, 73, 75, 74, 71, 74, 74, 76, 76, 73, 74, 73,
    75 ]
