%YAML:1.0
---
videoName: "headShake29.mp4"
gestureLabel: 201
fps: 29
pixelSizeInCmTemp: 3.3263888888888887e-01
faceCenterPointX: 243
faceCenterPointY: 76
headPositionsX: [ 243, 244, 242, 245, 241, 242, 240, 243, 245, 244, 244,
    243, 242, 245, 240, 240, 244, 244, 242, 242, 241, 240, 241, 241, 240,
    239, 237, 239, 240, 241, 245, 247, 249, 252, 255, 257, 255, 254, 246,
    244, 239, 232, 230, 227, 227, 228, 232, 237, 243, 245, 250, 252, 253,
    252, 247, 244, 242, 235, 232, 233, 228, 230, 230, 236, 237, 240, 247,
    252, 252, 251, 249, 250, 250, 246, 245, 239, 236, 234, 236, 234, 234,
    234, 234, 236, 239, 236, 238, 241, 242, 240, 244, 241, 242, 243, 242,
    243, 243, 241, 243, 244 ]
headPositionsY: [ 74, 74, 77, 75, 77, 75, 73, 74, 77, 73, 78, 78, 75, 75,
    75, 76, 77, 78, 79, 75, 77, 75, 75, 74, 78, 77, 76, 75, 76, 76, 78,
    74, 75, 75, 73, 75, 74, 75, 75, 76, 76, 74, 73, 78, 78, 75, 75, 74,
    75, 77, 78, 77, 75, 76, 77, 79, 74, 74, 75, 75, 76, 77, 75, 76, 76,
    78, 75, 75, 76, 75, 77, 74, 76, 75, 77, 74, 73, 78, 76, 73, 76, 75,
    77, 77, 75, 78, 77, 79, 79, 74, 77, 80, 75, 74, 78, 79, 78, 74, 76,
    78 ]
