%YAML:1.0
---
videoName: "headShake21.mp4"
gestureLabel: 201
fps: 29
pixelSizeInCmTemp: 3.1933333333333330e-01
faceCenterPointX: 241
faceCenterPointY: 78
headPositionsX: [ 239, 247, 242, 242, 241, 241, 240, 242, 240, 241, 243,
    240, 242, 240, 241, 241, 243, 243, 242, 242, 245, 241, 244, 244, 245,
    241, 246, 244, 242, 243, 245, 243, 242, 243, 242, 242, 241, 244, 242,
    243, 242, 242, 239, 242, 241, 242, 243, 244, 240, 241, 243, 240, 242,
    241, 244, 240, 243, 242, 240, 241, 242, 240, 239, 242, 241, 239, 237,
    240, 246, 250, 251, 252, 253, 250, 245, 242, 235, 231, 231, 232, 236,
    236, 238, 243, 243, 243, 241, 241, 239, 239, 239, 238, 241, 239, 238,
    243, 243, 243, 242, 240 ]
headPositionsY: [ 79, 83, 83, 78, 79, 76, 73, 72, 71, 72, 71, 71, 73, 71,
    68, 73, 72, 72, 72, 72, 73, 74, 74, 74, 73, 75, 75, 74, 74, 74, 77,
    75, 75, 74, 74, 75, 74, 79, 77, 76, 75, 76, 76, 75, 78, 80, 78, 77,
    75, 78, 78, 77, 78, 78, 78, 79, 79, 78, 79, 80, 76, 78, 79, 79, 77,
    78, 76, 76, 79, 78, 75, 77, 75, 77, 77, 80, 77, 78, 75, 75, 79, 78,
    76, 81, 80, 77, 76, 81, 78, 78, 80, 77, 78, 80, 80, 76, 77, 78, 81,
    77 ]
