%YAML:1.0
---
videoName: "headLookLeft0.mp4"
gestureLabel: 203
fps: 29
pixelSizeInCmTemp: 3.6287878787878786e-01
faceCenterPointX: 286
faceCenterPointY: 69
headPositionsX: [ 288, 256, 253, 257, 255, 254, 251, 252, 255, 253, 252,
    254, 254, 253, 253, 254, 250, 251, 256, 253, 256, 256, 254, 256, 256,
    257, 254, 257, 253, 255, 256, 255, 257, 253, 254, 255, 253, 256, 254,
    254, 254, 258, 255, 255, 254, 254, 255, 254, 258, 254, 255, 257, 253,
    254, 255, 254, 256, 256, 253, 254, 257, 256, 255, 256, 257, 254, 255,
    256, 255, 255, 256, 255, 253, 255, 254, 254, 258, 255, 257, 260, 259,
    265, 265, 265, 271, 271, 273, 274, 283, 277, 280, 277, 280, 281, 284,
    286, 284, 285, 288, 285 ]
headPositionsY: [ 67, 69, 69, 69, 68, 67, 70, 68, 70, 69, 70, 68, 72, 72,
    72, 68, 69, 67, 71, 71, 69, 67, 71, 71, 67, 69, 72, 72, 68, 70, 69,
    69, 72, 72, 69, 71, 71, 70, 70, 70, 71, 70, 68, 72, 70, 69, 72, 72,
    72, 71, 71, 73, 73, 69, 73, 72, 71, 72, 72, 69, 71, 71, 71, 69, 71,
    73, 72, 70, 72, 71, 69, 69, 74, 70, 70, 72, 73, 69, 74, 72, 69, 69,
    73, 69, 72, 67, 68, 70, 69, 65, 68, 67, 66, 69, 68, 71, 69, 69, 70,
    71 ]
