%YAML:1.0
---
videoName: "headNod0.mp4"
gestureLabel: 202
fps: 29
pixelSizeInCmTemp: 3.2364864864864862e-01
faceCenterPointX: 264
faceCenterPointY: 76
headPositionsX: [ 264, 268, 269, 267, 268, 267, 268, 268, 266, 268, 268,
    265, 269, 265, 265, 263, 267, 265, 264, 265, 266, 267, 265, 264, 265,
    267, 266, 265, 264, 263, 263, 267, 266, 266, 268, 267, 265, 264, 264,
    264, 267, 267, 265, 265, 263, 266, 267, 262, 266, 266, 263, 265, 265,
    264, 266, 266, 263, 263, 266, 263, 267, 264, 265, 268, 266, 263, 268,
    266, 268, 265, 264, 264, 263, 267, 266, 265, 263, 262, 265, 267, 261,
    265, 266, 267, 263, 262, 265, 266, 263, 265, 266, 263, 265, 264, 266,
    263, 265, 264, 265, 263 ]
headPositionsY: [ 75, 73, 70, 75, 71, 75, 71, 74, 72, 73, 73, 73, 71, 73,
    71, 75, 74, 71, 73, 71, 73, 74, 75, 74, 72, 73, 72, 72, 73, 70, 68,
    66, 65, 62, 62, 61, 61, 63, 65, 67, 66, 70, 75, 76, 78, 79, 84, 81,
    83, 80, 77, 76, 71, 71, 69, 67, 70, 64, 68, 69, 68, 71, 73, 73, 78,
    80, 80, 82, 77, 76, 78, 74, 70, 72, 67, 70, 67, 70, 69, 70, 70, 71,
    71, 72, 76, 79, 76, 78, 81, 78, 80, 77, 77, 76, 78, 77, 73, 77, 74,
    78 ]
