%YAML:1.0
---
videoName: "headShake36.mp4"
gestureLabel: 201
fps: 29
pixelSizeInCmTemp: 3.2364864864864862e-01
faceCenterPointX: 263
faceCenterPointY: 80
headPositionsX: [ 261, 264, 263, 261, 264, 266, 264, 266, 270, 272, 276,
    279, 279, 280, 281, 285, 282, 282, 280, 277, 274, 273, 268, 267, 261,
    260, 257, 254, 252, 248, 249, 246, 246, 247, 249, 244, 247, 246, 248,
    252, 259, 259, 266, 267, 271, 272, 277, 279, 281, 281, 281, 282, 278,
    276, 274, 273, 270, 264, 260, 258, 256, 255, 251, 249, 252, 247, 251,
    249, 253, 255, 255, 257, 259, 261, 265, 265, 264, 266, 266, 267, 265,
    266, 264, 265, 264, 266, 263, 265, 266, 263, 262, 262, 262, 260, 265,
    265, 262, 264, 262, 262 ]
headPositionsY: [ 79, 79, 79, 82, 79, 78, 80, 81, 82, 76, 76, 77, 79, 76,
    74, 75, 78, 76, 76, 77, 80, 79, 82, 81, 80, 79, 80, 81, 79, 81, 80,
    82, 84, 82, 82, 82, 79, 81, 79, 80, 79, 82, 82, 83, 79, 80, 82, 79,
    76, 76, 79, 79, 76, 79, 77, 81, 81, 81, 79, 82, 77, 79, 79, 80, 79,
    82, 78, 82, 79, 78, 81, 80, 80, 83, 80, 83, 81, 82, 80, 82, 80, 82,
    82, 77, 81, 83, 83, 82, 79, 83, 81, 81, 80, 80, 83, 82, 82, 82, 82,
    78 ]
