%YAML:1.0
---
videoName: "headLookDown6.mp4"
gestureLabel: 206
fps: 29
pixelSizeInCmTemp: 3.4710144927536229e-01
faceCenterPointX: 276
faceCenterPointY: 98
headPositionsX: [ 276, 277, 275, 274, 276, 274, 277, 274, 276, 277, 276,
    276, 275, 276, 274, 276, 276, 276, 277, 277, 278, 275, 275, 277, 274,
    276, 273, 275, 273, 274, 273, 277, 274, 277, 274, 275, 277, 277, 277,
    276, 276, 275, 274, 275, 275, 277, 278, 274, 275, 275, 276, 275, 276,
    278, 278, 276, 273, 274, 275, 275, 273, 277, 275, 272, 276, 277, 275,
    273, 274, 274, 275, 273, 277, 277, 274, 274, 274, 275, 276, 277, 277,
    274, 275, 275, 275, 273, 274, 274, 277, 275, 276, 278, 275, 277, 274,
    275, 279, 277, 278, 274 ]
headPositionsY: [ 98, 81, 82, 83, 82, 79, 81, 80, 82, 81, 81, 81, 80, 80,
    81, 82, 79, 79, 80, 83, 84, 82, 84, 82, 79, 80, 84, 84, 85, 83, 81,
    84, 83, 82, 85, 82, 84, 82, 83, 81, 85, 83, 83, 86, 86, 89, 90, 91,
    94, 90, 92, 92, 94, 94, 98, 98, 98, 95, 95, 96, 98, 97, 99, 99, 98,
    98, 96, 99, 99, 101, 95, 99, 100, 101, 101, 98, 99, 97, 98, 101, 99,
    97, 100, 100, 98, 99, 98, 100, 100, 99, 98, 99, 96, 98, 96, 99, 100,
    99, 100, 96 ]
