%YAML:1.0
---
videoName: "headShake2.mp4"
gestureLabel: 201
fps: 29
pixelSizeInCmTemp: 3.4214285714285714e-01
faceCenterPointX: 276
faceCenterPointY: 98
headPositionsX: [ 275, 277, 278, 276, 278, 279, 279, 275, 277, 278, 277,
    277, 276, 276, 276, 276, 279, 279, 277, 278, 279, 278, 277, 278, 277,
    276, 277, 277, 279, 279, 276, 276, 279, 279, 277, 279, 276, 275, 280,
    279, 276, 279, 282, 285, 286, 289, 293, 293, 292, 292, 291, 289, 284,
    279, 275, 266, 264, 266, 266, 268, 272, 276, 281, 288, 292, 289, 288,
    288, 285, 280, 277, 270, 269, 269, 270, 271, 273, 278, 282, 285, 289,
    285, 285, 283, 283, 281, 279, 277, 276, 275, 273, 277, 277, 274, 275,
    274, 273, 276, 274, 276 ]
headPositionsY: [ 97, 99, 100, 100, 100, 97, 98, 96, 99, 97, 99, 99, 98,
    100, 98, 100, 98, 100, 97, 100, 101, 100, 100, 97, 99, 97, 101, 99,
    101, 99, 96, 101, 99, 101, 97, 102, 100, 100, 100, 100, 97, 96, 99,
    97, 99, 97, 95, 97, 97, 98, 94, 99, 99, 99, 96, 98, 97, 98, 95, 99,
    96, 98, 97, 97, 95, 96, 99, 98, 98, 98, 98, 96, 99, 98, 98, 97, 97,
    98, 97, 96, 97, 95, 100, 99, 101, 97, 101, 99, 101, 97, 100, 97, 101,
    99, 99, 97, 100, 101, 100, 101 ]
