%YAML:1.0
---
videoName: "headNod45.mp4"
gestureLabel: 202
fps: 30
pixelSizeInCmTemp: 3.0316455696202532e-01
faceCenterPointX: 265
faceCenterPointY: 77
headPositionsX: [ 266, 270, 269, 266, 268, 268, 270, 268, 270, 270, 270,
    266, 268, 269, 267, 269, 268, 266, 268, 266, 266, 266, 266, 269, 265,
    266, 268, 267, 264, 265, 268, 264, 266, 265, 264, 266, 267, 265, 264,
    264, 268, 265, 267, 264, 263, 264, 263, 265, 267, 268, 267, 268, 268,
    267, 269, 268, 266, 266, 268, 267, 265, 269, 263, 266, 263, 266, 268,
    269, 269, 267, 267, 267, 267, 266, 267, 264, 265, 266, 266, 263, 265,
    266, 266, 267, 267, 265, 269, 266, 266, 265, 264, 264, 267, 264, 265,
    264, 266, 264, 268, 266 ]
headPositionsY: [ 75, 76, 75, 75, 77, 76, 73, 73, 77, 75, 75, 76, 77, 76,
    74, 74, 76, 79, 81, 83, 85, 87, 90, 94, 94, 92, 89, 84, 81, 76, 72,
    71, 66, 68, 66, 67, 69, 71, 71, 80, 83, 85, 91, 89, 93, 91, 89, 83,
    82, 78, 74, 71, 71, 72, 74, 74, 79, 80, 82, 85, 87, 85, 79, 78, 76,
    76, 75, 73, 72, 75, 78, 81, 85, 87, 88, 87, 84, 83, 81, 80, 77, 78,
    76, 78, 76, 81, 79, 81, 81, 77, 80, 79, 78, 76, 76, 78, 79, 80, 78,
    78 ]
