%YAML:1.0
---
videoName: "headShake9.mp4"
gestureLabel: 201
fps: 30
pixelSizeInCmTemp: 3.2808219178082193e-01
faceCenterPointX: 243
faceCenterPointY: 73
headPositionsX: [ 241, 242, 243, 241, 245, 241, 242, 243, 242, 244, 243,
    244, 244, 243, 243, 242, 244, 245, 244, 245, 244, 243, 244, 242, 241,
    244, 244, 245, 244, 244, 241, 245, 244, 244, 241, 244, 242, 244, 242,
    245, 246, 252, 253, 258, 262, 264, 265, 264, 263, 257, 255, 246, 245,
    239, 232, 231, 229, 230, 230, 237, 241, 249, 252, 259, 259, 261, 263,
    258, 255, 252, 245, 239, 232, 230, 228, 227, 226, 232, 236, 238, 245,
    246, 248, 252, 253, 248, 248, 248, 248, 245, 244, 246, 243, 246, 244,
    242, 242, 244, 243, 241 ]
headPositionsY: [ 75, 70, 73, 71, 70, 71, 70, 73, 74, 72, 72, 73, 71, 74,
    71, 72, 72, 72, 72, 75, 71, 72, 70, 73, 71, 72, 70, 71, 75, 75, 71,
    73, 72, 72, 73, 70, 72, 72, 72, 72, 70, 71, 71, 70, 72, 72, 68, 71,
    71, 73, 73, 73, 74, 75, 71, 71, 70, 73, 74, 72, 72, 71, 73, 73, 70,
    70, 69, 70, 70, 74, 71, 74, 73, 72, 73, 70, 73, 73, 73, 75, 71, 71,
    73, 73, 75, 75, 73, 71, 75, 75, 74, 75, 72, 72, 72, 73, 71, 71, 74,
    74 ]
