%YAML:1.0
---
videoName: "headNod12.mp4"
gestureLabel: 202
fps: 29
pixelSizeInCmTemp: 3.2808219178082193e-01
faceCenterPointX: 254
faceCenterPointY: 69
headPositionsX: [ 256, 254, 251, 252, 254, 254, 252, 254, 254, 257, 254,
    259, 253, 255, 256, 256, 253, 255, 254, 255, 257, 256, 258, 254, 254,
    256, 259, 258, 254, 255, 258, 253, 254, 252, 257, 256, 254, 254, 256,
    254, 254, 256, 255, 253, 253, 258, 253, 253, 255, 253, 256, 254, 256,
    252, 255, 253, 253, 252, 256, 256, 255, 253, 253, 252, 254, 253, 255,
    254, 255, 251, 252, 252, 252, 255, 254, 253, 254, 254, 254, 253, 254,
    255, 255, 257, 253, 256, 253, 254, 255, 254, 255, 257, 254, 256, 257,
    253, 253, 254, 254, 253 ]
headPositionsY: [ 67, 72, 74, 72, 70, 73, 72, 71, 74, 75, 76, 73, 76, 75,
    72, 72, 74, 73, 72, 75, 73, 74, 76, 72, 74, 75, 75, 73, 72, 76, 77,
    74, 76, 70, 72, 70, 71, 66, 65, 66, 65, 63, 64, 61, 65, 67, 69, 69,
    70, 77, 79, 77, 76, 78, 77, 74, 72, 69, 66, 65, 64, 62, 64, 65, 67,
    69, 70, 69, 75, 76, 76, 73, 78, 73, 74, 69, 69, 68, 67, 65, 67, 68,
    64, 65, 70, 70, 70, 71, 72, 71, 74, 73, 73, 74, 74, 70, 70, 70, 72,
    70 ]
