%YAML:1.0
---
videoName: "headNod18.mp4"
gestureLabel: 202
fps: 29
pixelSizeInCmTemp: 3.3263888888888887e-01
faceCenterPointX: 255
faceCenterPointY: 77
headPositionsX: [ 254, 256, 254, 257, 257, 255, 257, 258, 256, 257, 258,
    256, 258, 255, 257, 254, 254, 256, 256, 255, 255, 253, 253, 253, 255,
    253, 256, 257, 258, 252, 258, 255, 254, 256, 253, 258, 253, 258, 256,
    256, 253, 257, 254, 255, 256, 256, 257, 257, 255, 253, 256, 257, 253,
    254, 253, 252, 253, 255, 252, 255, 253, 256, 253, 253, 257, 254, 252,
    253, 253, 252, 256, 256, 254, 252, 254, 256, 254, 253, 252, 256, 254,
    257, 253, 253, 256, 256, 256, 256, 254, 255, 252, 255, 255, 253, 253,
    256, 258, 254, 257, 253 ]
headPositionsY: [ 79, 76, 76, 75, 77, 78, 79, 76, 79, 78, 75, 76, 78, 77,
    75, 79, 79, 75, 78, 76, 75, 78, 75, 81, 78, 77, 80, 79, 78, 77, 77,
    77, 76, 78, 78, 79, 76, 76, 77, 78, 75, 76, 74, 70, 71, 70, 70, 72,
    75, 77, 76, 78, 77, 80, 81, 79, 78, 75, 73, 71, 74, 72, 76, 78, 84,
    83, 80, 76, 74, 75, 74, 76, 78, 80, 85, 85, 80, 79, 78, 78, 73, 77,
    74, 75, 80, 82, 85, 83, 81, 78, 77, 79, 77, 77, 75, 75, 81, 80, 77,
    79 ]
