%YAML:1.0
---
videoName: "headShake16.mp4"
gestureLabel: 201
fps: 29
pixelSizeInCmTemp: 3.2364864864864862e-01
faceCenterPointX: 242
faceCenterPointY: 77
headPositionsX: [ 244, 244, 245, 246, 244, 242, 242, 241, 241, 245, 244,
    244, 244, 243, 243, 241, 242, 244, 244, 242, 245, 244, 243, 244, 243,
    244, 244, 241, 243, 241, 243, 245, 244, 243, 242, 243, 241, 246, 247,
    246, 251, 254, 256, 252, 256, 250, 246, 244, 241, 237, 236, 236, 233,
    236, 237, 242, 245, 247, 251, 249, 247, 247, 249, 242, 241, 237, 236,
    233, 235, 236, 235, 237, 236, 238, 243, 245, 244, 246, 245, 242, 242,
    242, 241, 238, 241, 237, 236, 239, 242, 240, 239, 239, 241, 241, 243,
    242, 241, 240, 244, 242 ]
headPositionsY: [ 78, 74, 77, 77, 73, 74, 74, 76, 73, 76, 78, 75, 76, 76,
    78, 77, 73, 76, 75, 74, 78, 76, 76, 76, 74, 74, 75, 76, 73, 74, 73,
    78, 75, 76, 75, 78, 74, 77, 76, 75, 75, 75, 72, 75, 75, 77, 77, 76,
    77, 75, 78, 77, 77, 78, 77, 79, 75, 77, 78, 78, 77, 78, 78, 77, 78,
    78, 76, 76, 76, 76, 75, 79, 74, 76, 77, 75, 78, 76, 75, 77, 76, 75,
    77, 78, 77, 76, 77, 78, 78, 79, 76, 78, 77, 79, 75, 74, 74, 75, 75,
    78 ]
