%YAML:1.0
---
videoName: "headNod17.mp4"
gestureLabel: 202
fps: 30
pixelSizeInCmTemp: 3.2808219178082193e-01
faceCenterPointX: 253
faceCenterPointY: 76
headPositionsX: [ 255, 253, 253, 255, 253, 254, 256, 254, 255, 253, 256,
    254, 257, 258, 254, 253, 255, 255, 254, 256, 253, 253, 255, 254, 254,
    253, 256, 256, 255, 255, 256, 258, 255, 257, 256, 255, 255, 256, 255,
    256, 255, 251, 254, 253, 251, 251, 255, 254, 253, 253, 254, 256, 253,
    252, 256, 251, 255, 252, 255, 253, 254, 256, 257, 253, 256, 256, 253,
    256, 256, 256, 254, 255, 255, 253, 255, 254, 253, 256, 254, 254, 253,
    254, 253, 256, 255, 253, 255, 255, 255, 257, 252, 257, 256, 253, 256,
    256, 253, 252, 255, 254 ]
headPositionsY: [ 77, 78, 78, 76, 77, 79, 76, 80, 74, 76, 77, 77, 77, 77,
    76, 79, 77, 79, 77, 75, 75, 78, 75, 75, 70, 72, 70, 69, 70, 69, 65,
    64, 70, 68, 71, 68, 72, 73, 74, 80, 78, 81, 83, 84, 84, 84, 83, 84,
    82, 78, 75, 78, 73, 74, 73, 69, 68, 70, 70, 72, 71, 71, 72, 73, 78,
    78, 81, 79, 82, 80, 78, 79, 76, 78, 78, 79, 80, 80, 77, 76, 77, 77,
    77, 73, 78, 78, 75, 77, 78, 78, 79, 76, 75, 75, 78, 75, 76, 77, 74,
    77 ]
