%YAML:1.0
---
videoName: "headLookRight9.mp4"
gestureLabel: 204
fps: 29
pixelSizeInCmTemp: 2.8511904761904761e-01
faceCenterPointX: 217
faceCenterPointY: 75
headPositionsX: [ 215, 242, 243, 245, 246, 243, 244, 242, 243, 245, 243,
    241, 244, 245, 241, 243, 244, 241, 243, 242, 242, 243, 242, 244, 242,
    242, 242, 245, 244, 241, 242, 240, 236, 236, 235, 232, 229, 225, 224,
    222, 220, 217, 216, 214, 219, 215, 217, 213, 213, 213, 216, 216, 214,
    215, 213, 211, 213, 214, 215, 214, 214, 211, 216, 215, 219, 221, 217,
    216, 216, 215, 216, 210, 209, 217, 215, 213, 214, 212, 217, 217, 216,
    216, 213, 217, 217, 220, 214, 219, 217, 217, 215, 214, 216, 218, 215,
    216, 217, 218, 217, 220 ]
headPositionsY: [ 75, 75, 76, 76, 76, 72, 76, 75, 74, 76, 74, 74, 77, 73,
    76, 75, 76, 72, 75, 73, 74, 76, 74, 75, 76, 73, 74, 75, 73, 74, 75,
    74, 74, 72, 72, 72, 73, 70, 74, 72, 77, 73, 72, 81, 71, 73, 74, 71,
    70, 73, 72, 71, 69, 74, 73, 76, 76, 73, 73, 72, 69, 69, 71, 73, 80,
    76, 75, 74, 74, 71, 73, 77, 77, 72, 72, 74, 72, 76, 73, 71, 71, 73,
    73, 73, 71, 71, 69, 74, 73, 73, 76, 70, 75, 75, 73, 70, 77, 75, 73,
    77 ]
