%YAML:1.0
---
videoName: "headShake21.mp4"
gestureLabel: 201
fps: 29
pixelSizeInCmTemp: 3.1933333333333330e-01
faceCenterPointX: 241
faceCenterPointY: 78
headPositionsX: [ 240, 243, 245, 242, 245, 241, 240, 240, 242, 240, 241,
    243, 243, 243, 242, 241, 243, 241, 245, 241, 245, 243, 242, 242, 244,
    241, 243, 243, 244, 242, 244, 245, 244, 243, 242, 243, 243, 241, 241,
    243, 244, 241, 240, 240, 243, 241, 242, 244, 241, 241, 240, 241, 241,
    242, 243, 243, 242, 240, 241, 243, 240, 238, 239, 241, 238, 242, 239,
    242, 246, 250, 252, 253, 252, 250, 244, 242, 239, 235, 232, 233, 235,
    239, 237, 244, 240, 240, 244, 243, 240, 241, 238, 237, 238, 239, 240,
    241, 240, 240, 242, 240 ]
headPositionsY: [ 77, 85, 80, 81, 75, 75, 74, 74, 71, 70, 71, 71, 71, 71,
    69, 71, 71, 70, 69, 72, 71, 70, 72, 72, 73, 74, 73, 73, 77, 75, 77,
    75, 79, 74, 75, 74, 77, 77, 78, 76, 79, 77, 78, 77, 79, 79, 79, 77,
    75, 80, 78, 76, 77, 75, 81, 76, 79, 76, 79, 80, 75, 78, 77, 76, 80,
    81, 80, 77, 80, 79, 75, 79, 78, 79, 78, 79, 80, 79, 79, 78, 79, 80,
    79, 78, 77, 76, 76, 79, 80, 77, 77, 77, 81, 77, 78, 80, 81, 76, 78,
    80 ]
