%YAML:1.0
---
videoName: "headNod24.mp4"
gestureLabel: 202
fps: 29
pixelSizeInCmTemp: 3.1513157894736843e-01
faceCenterPointX: 272
faceCenterPointY: 72
headPositionsX: [ 272, 276, 275, 274, 275, 276, 274, 273, 277, 273, 277,
    274, 276, 277, 276, 273, 277, 274, 274, 274, 274, 274, 273, 274, 273,
    273, 274, 272, 272, 272, 270, 272, 271, 272, 275, 272, 274, 274, 272,
    272, 273, 272, 272, 274, 272, 274, 273, 275, 274, 272, 275, 272, 271,
    273, 273, 271, 271, 271, 272, 273, 271, 271, 270, 273, 270, 272, 269,
    270, 270, 271, 273, 270, 271, 272, 272, 271, 270, 272, 273, 269, 268,
    271, 269, 269, 267, 272, 271, 272, 268, 270, 269, 269, 270, 270, 269,
    273, 272, 271, 274, 273 ]
headPositionsY: [ 71, 73, 71, 74, 71, 74, 72, 75, 75, 73, 75, 72, 75, 75,
    73, 75, 71, 75, 74, 75, 75, 75, 75, 72, 75, 75, 74, 72, 72, 73, 72,
    76, 72, 75, 76, 75, 69, 70, 68, 72, 71, 72, 74, 78, 79, 80, 81, 73,
    69, 67, 69, 66, 71, 70, 76, 73, 77, 75, 72, 69, 65, 65, 67, 70, 69,
    73, 77, 74, 73, 75, 73, 71, 68, 66, 68, 71, 72, 72, 74, 73, 74, 72,
    72, 73, 71, 70, 68, 70, 69, 70, 70, 70, 74, 74, 75, 72, 75, 73, 70,
    73 ]
