%YAML:1.0
---
videoName: "headShake29.mp4"
gestureLabel: 201
fps: 29
pixelSizeInCmTemp: 3.3263888888888887e-01
faceCenterPointX: 243
faceCenterPointY: 76
headPositionsX: [ 244, 244, 240, 241, 242, 242, 240, 240, 244, 243, 244,
    241, 242, 245, 240, 240, 245, 244, 243, 243, 241, 242, 240, 240, 242,
    239, 241, 235, 239, 240, 241, 246, 249, 254, 254, 253, 257, 252, 248,
    241, 240, 234, 229, 229, 229, 228, 235, 240, 243, 247, 251, 254, 253,
    252, 250, 244, 239, 238, 233, 229, 228, 229, 233, 233, 236, 241, 244,
    250, 251, 255, 253, 249, 249, 248, 244, 238, 237, 238, 235, 234, 234,
    235, 234, 239, 240, 237, 239, 239, 240, 241, 244, 243, 245, 242, 245,
    246, 242, 244, 242, 241 ]
headPositionsY: [ 78, 78, 75, 78, 78, 75, 73, 77, 75, 76, 76, 76, 75, 76,
    73, 77, 74, 78, 79, 78, 75, 76, 74, 77, 78, 75, 77, 78, 76, 77, 75,
    75, 74, 77, 72, 74, 74, 77, 74, 74, 76, 75, 77, 78, 76, 75, 75, 74,
    75, 79, 78, 76, 77, 75, 78, 79, 75, 78, 77, 79, 74, 74, 76, 78, 80,
    78, 79, 76, 77, 76, 76, 73, 78, 78, 74, 75, 74, 75, 78, 76, 75, 78,
    77, 77, 77, 78, 74, 75, 78, 76, 75, 76, 76, 74, 77, 76, 77, 76, 78,
    78 ]
