%YAML:1.0
---
videoName: "headShake36.mp4"
gestureLabel: 201
fps: 29
pixelSizeInCmTemp: 3.2364864864864862e-01
faceCenterPointX: 263
faceCenterPointY: 80
headPositionsX: [ 261, 265, 263, 263, 265, 266, 266, 267, 270, 272, 272,
    278, 279, 279, 279, 284, 282, 278, 278, 277, 274, 272, 267, 269, 261,
    258, 257, 253, 253, 249, 247, 245, 244, 243, 249, 247, 248, 248, 247,
    252, 258, 260, 266, 270, 270, 271, 274, 275, 278, 278, 280, 283, 279,
    277, 274, 274, 270, 266, 264, 260, 257, 255, 253, 248, 248, 247, 250,
    253, 252, 255, 253, 257, 258, 260, 265, 267, 268, 266, 268, 266, 267,
    268, 265, 264, 267, 266, 265, 264, 267, 264, 264, 265, 265, 262, 262,
    265, 265, 264, 265, 265 ]
headPositionsY: [ 79, 79, 80, 79, 82, 79, 80, 77, 79, 76, 76, 76, 76, 77,
    77, 79, 77, 76, 79, 80, 77, 82, 83, 84, 80, 79, 81, 80, 81, 78, 83,
    81, 82, 81, 79, 79, 79, 82, 79, 82, 79, 83, 84, 80, 77, 78, 79, 81,
    80, 80, 80, 80, 76, 80, 77, 78, 80, 79, 82, 78, 78, 78, 80, 80, 77,
    81, 80, 79, 81, 77, 80, 78, 82, 82, 83, 82, 79, 80, 81, 79, 80, 81,
    82, 80, 81, 82, 81, 82, 82, 80, 80, 80, 81, 78, 79, 80, 78, 81, 82,
    81 ]
