%YAML:1.0
---
videoName: "headLookRight0.mp4"
gestureLabel: 204
fps: 29
pixelSizeInCmTemp: 3.1933333333333330e-01
faceCenterPointX: 229
faceCenterPointY: 68
headPositionsX: [ 230, 255, 256, 253, 257, 256, 256, 256, 258, 258, 256,
    259, 257, 255, 255, 257, 256, 254, 257, 257, 256, 256, 254, 257, 256,
    255, 258, 254, 256, 257, 254, 254, 255, 254, 257, 254, 254, 257, 252,
    254, 249, 250, 247, 246, 240, 240, 239, 235, 234, 236, 235, 233, 236,
    234, 233, 235, 233, 235, 233, 231, 234, 235, 232, 236, 233, 234, 233,
    231, 232, 232, 233, 234, 231, 233, 232, 233, 232, 233, 233, 229, 235,
    232, 233, 231, 231, 228, 232, 233, 228, 228, 229, 232, 231, 226, 231,
    230, 229, 229, 227, 229 ]
headPositionsY: [ 67, 65, 67, 67, 66, 65, 63, 66, 65, 64, 66, 66, 66, 65,
    69, 67, 67, 64, 66, 65, 69, 68, 69, 68, 68, 65, 67, 66, 66, 70, 68,
    68, 68, 65, 68, 67, 67, 68, 70, 69, 65, 68, 65, 67, 69, 68, 68, 67,
    69, 67, 71, 70, 69, 68, 69, 66, 70, 68, 66, 69, 68, 69, 68, 69, 69,
    66, 67, 68, 65, 70, 65, 67, 68, 66, 70, 65, 69, 65, 69, 68, 66, 70,
    66, 69, 66, 68, 70, 67, 65, 65, 69, 70, 67, 71, 68, 66, 70, 66, 70,
    70 ]
