%YAML:1.0
---
videoName: "headShake13.mp4"
gestureLabel: 201
fps: 29
pixelSizeInCmTemp: 3.2364864864864862e-01
faceCenterPointX: 241
faceCenterPointY: 77
headPositionsX: [ 240, 240, 241, 241, 239, 241, 241, 241, 242, 240, 239,
    244, 240, 242, 239, 242, 243, 241, 241, 241, 242, 242, 240, 243, 240,
    241, 240, 242, 241, 239, 237, 238, 240, 241, 244, 249, 253, 255, 261,
    261, 263, 262, 261, 256, 249, 242, 237, 233, 228, 231, 232, 231, 238,
    240, 242, 247, 247, 251, 249, 247, 246, 241, 236, 232, 231, 233, 234,
    233, 239, 239, 246, 250, 252, 252, 252, 252, 248, 243, 243, 236, 235,
    234, 233, 233, 232, 237, 237, 238, 243, 243, 244, 243, 243, 245, 244,
    242, 243, 242, 243, 242 ]
headPositionsY: [ 75, 74, 76, 76, 77, 75, 75, 75, 78, 74, 74, 76, 74, 77,
    78, 76, 77, 77, 76, 75, 78, 74, 78, 78, 75, 77, 75, 74, 77, 74, 74,
    77, 78, 76, 78, 76, 77, 76, 76, 72, 75, 76, 77, 74, 75, 77, 78, 77,
    79, 76, 79, 74, 78, 77, 75, 78, 74, 77, 77, 76, 75, 76, 78, 76, 79,
    76, 76, 76, 76, 76, 77, 75, 78, 74, 78, 75, 78, 75, 74, 79, 76, 76,
    78, 75, 79, 77, 78, 78, 77, 77, 78, 77, 78, 75, 75, 76, 75, 76, 74,
    76 ]
