%YAML:1.0
---
videoName: "headNod10.mp4"
gestureLabel: 202
fps: 29
pixelSizeInCmTemp: 3.2808219178082193e-01
faceCenterPointX: 260
faceCenterPointY: 67
headPositionsX: [ 258, 258, 257, 260, 259, 259, 257, 259, 257, 258, 257,
    259, 259, 260, 256, 259, 256, 256, 260, 260, 260, 256, 257, 260, 258,
    258, 259, 257, 256, 260, 260, 261, 258, 260, 256, 257, 261, 257, 257,
    259, 257, 259, 261, 258, 261, 259, 262, 262, 260, 263, 261, 260, 259,
    260, 259, 260, 256, 259, 257, 260, 263, 260, 259, 263, 258, 260, 262,
    257, 261, 262, 259, 256, 256, 256, 260, 260, 256, 261, 257, 257, 260,
    258, 256, 258, 260, 258, 261, 260, 262, 260, 258, 262, 258, 258, 260,
    261, 261, 263, 259, 262 ]
headPositionsY: [ 69, 69, 69, 70, 69, 70, 70, 72, 68, 70, 68, 69, 70, 72,
    68, 67, 72, 70, 68, 71, 72, 71, 69, 69, 70, 71, 70, 68, 70, 70, 69,
    70, 72, 70, 71, 73, 72, 70, 70, 72, 74, 72, 72, 69, 66, 69, 66, 63,
    64, 63, 62, 68, 69, 72, 73, 73, 74, 72, 70, 66, 67, 63, 61, 65, 68,
    69, 69, 73, 75, 77, 75, 74, 72, 65, 64, 64, 64, 67, 68, 74, 76, 78,
    75, 76, 69, 71, 68, 68, 65, 65, 65, 67, 65, 64, 67, 65, 67, 70, 68,
    70 ]
