%YAML:1.0
---
videoName: "headShake6.mp4"
gestureLabel: 201
fps: 29
pixelSizeInCmTemp: 3.2808219178082193e-01
faceCenterPointX: 244
faceCenterPointY: 68
headPositionsX: [ 246, 245, 245, 246, 244, 245, 244, 246, 244, 245, 243,
    247, 246, 247, 244, 244, 246, 247, 243, 247, 245, 245, 247, 243, 246,
    246, 246, 246, 249, 253, 257, 259, 261, 260, 261, 258, 258, 254, 246,
    244, 234, 233, 232, 229, 231, 241, 243, 248, 255, 256, 260, 259, 257,
    255, 249, 243, 238, 234, 230, 231, 230, 234, 235, 242, 244, 250, 249,
    251, 251, 251, 244, 245, 244, 239, 239, 240, 240, 241, 238, 238, 241,
    240, 244, 243, 244, 243, 244, 246, 242, 246, 245, 243, 242, 244, 242,
    244, 244, 245, 243, 243 ]
headPositionsY: [ 68, 67, 65, 65, 66, 68, 64, 64, 65, 65, 67, 67, 66, 66,
    66, 64, 68, 67, 67, 65, 67, 65, 69, 65, 70, 68, 66, 68, 69, 67, 67,
    67, 65, 67, 67, 63, 67, 67, 68, 67, 67, 67, 68, 69, 70, 66, 67, 69,
    66, 65, 69, 67, 66, 67, 68, 71, 68, 65, 70, 69, 70, 68, 68, 70, 68,
    69, 69, 70, 69, 68, 67, 69, 69, 67, 67, 66, 66, 67, 66, 68, 70, 66,
    68, 67, 69, 67, 70, 67, 69, 67, 68, 67, 69, 71, 68, 66, 70, 70, 66,
    69 ]
