%YAML:1.0
---
videoName: "headShake36.mp4"
gestureLabel: 201
fps: 29
pixelSizeInCmTemp: 3.2364864864864862e-01
faceCenterPointX: 263
faceCenterPointY: 80
headPositionsX: [ 264, 266, 263, 261, 264, 264, 263, 269, 270, 274, 272,
    279, 278, 282, 277, 283, 284, 280, 278, 275, 278, 274, 271, 268, 261,
    260, 257, 254, 250, 250, 248, 246, 248, 244, 247, 244, 246, 246, 250,
    255, 256, 262, 264, 268, 269, 272, 274, 275, 277, 280, 281, 283, 279,
    278, 275, 274, 268, 268, 264, 260, 254, 253, 249, 248, 249, 247, 249,
    251, 252, 251, 256, 257, 260, 262, 262, 265, 266, 265, 268, 266, 269,
    265, 264, 267, 266, 266, 266, 266, 263, 267, 264, 263, 264, 263, 265,
    265, 265, 262, 261, 265 ]
headPositionsY: [ 79, 81, 78, 79, 82, 79, 80, 79, 82, 80, 77, 79, 80, 78,
    77, 78, 74, 79, 78, 79, 79, 78, 83, 80, 80, 79, 80, 77, 80, 79, 80,
    83, 82, 79, 81, 78, 81, 79, 82, 83, 83, 81, 81, 83, 78, 76, 81, 80,
    77, 78, 79, 77, 77, 78, 79, 80, 79, 79, 80, 81, 80, 78, 77, 79, 77,
    81, 77, 78, 78, 77, 80, 80, 79, 81, 80, 83, 80, 78, 79, 79, 82, 80,
    79, 79, 79, 82, 82, 79, 80, 79, 81, 80, 79, 82, 83, 79, 79, 78, 81,
    80 ]
