%YAML:1.0
---
videoName: "headShake28.mp4"
gestureLabel: 201
fps: 29
pixelSizeInCmTemp: 3.2808219178082193e-01
faceCenterPointX: 242
faceCenterPointY: 80
headPositionsX: [ 240, 241, 241, 240, 242, 240, 242, 239, 240, 240, 241,
    239, 239, 240, 242, 241, 241, 242, 243, 243, 242, 239, 239, 242, 243,
    240, 241, 244, 242, 243, 242, 241, 244, 242, 240, 240, 243, 244, 242,
    242, 244, 243, 243, 245, 246, 243, 242, 247, 242, 244, 239, 237, 232,
    228, 233, 232, 240, 243, 248, 254, 253, 254, 253, 252, 248, 240, 234,
    235, 232, 236, 236, 243, 248, 250, 254, 253, 255, 251, 251, 247, 242,
    241, 239, 238, 235, 235, 236, 237, 238, 240, 244, 245, 242, 244, 243,
    242, 244, 240, 244, 242 ]
headPositionsY: [ 81, 78, 78, 77, 75, 78, 79, 78, 79, 80, 81, 79, 80, 77,
    77, 78, 77, 76, 80, 79, 77, 76, 79, 78, 76, 81, 79, 77, 79, 80, 78,
    78, 80, 76, 77, 77, 78, 76, 78, 78, 77, 75, 79, 75, 79, 80, 78, 77,
    77, 75, 77, 76, 77, 78, 75, 78, 78, 75, 76, 79, 77, 77, 78, 76, 80,
    81, 78, 80, 80, 79, 76, 81, 79, 81, 75, 75, 76, 79, 80, 81, 78, 79,
    78, 81, 77, 80, 79, 77, 80, 78, 78, 78, 80, 82, 77, 78, 77, 80, 81,
    81 ]
