%YAML:1.0
---
videoName: "headShake20.mp4"
gestureLabel: 201
fps: 29
pixelSizeInCmTemp: 3.3263888888888887e-01
faceCenterPointX: 242
faceCenterPointY: 78
headPositionsX: [ 244, 242, 243, 245, 244, 244, 246, 245, 245, 244, 242,
    242, 244, 245, 242, 244, 241, 242, 241, 241, 244, 242, 245, 241, 244,
    244, 241, 243, 242, 245, 242, 242, 244, 241, 245, 245, 245, 241, 246,
    245, 249, 252, 254, 256, 261, 258, 255, 252, 249, 241, 236, 235, 230,
    229, 229, 234, 236, 243, 248, 252, 254, 251, 251, 248, 243, 240, 236,
    232, 233, 230, 235, 237, 242, 241, 244, 245, 244, 247, 241, 242, 240,
    242, 241, 242, 239, 241, 246, 241, 242, 245, 244, 246, 244, 245, 245,
    243, 240, 240, 242, 242 ]
headPositionsY: [ 80, 75, 78, 75, 76, 75, 75, 76, 74, 78, 76, 75, 78, 75,
    75, 78, 78, 79, 74, 74, 77, 75, 78, 77, 75, 75, 74, 75, 74, 79, 76,
    74, 77, 77, 74, 77, 77, 74, 78, 76, 78, 78, 76, 74, 72, 76, 73, 79,
    80, 76, 78, 79, 75, 76, 76, 77, 74, 76, 77, 76, 75, 73, 73, 78, 75,
    77, 75, 75, 75, 75, 77, 75, 77, 76, 79, 78, 78, 78, 76, 78, 78, 79,
    76, 76, 79, 79, 77, 79, 79, 79, 79, 77, 78, 77, 77, 78, 78, 78, 76,
    75 ]
