%YAML:1.0
---
videoName: "headNod13.mp4"
gestureLabel: 202
fps: 29
pixelSizeInCmTemp: 3.2364864864864862e-01
faceCenterPointX: 253
faceCenterPointY: 79
headPositionsX: [ 252, 251, 252, 253, 251, 251, 254, 254, 253, 253, 253,
    256, 256, 253, 255, 252, 255, 256, 256, 255, 256, 254, 254, 254, 256,
    256, 252, 252, 253, 255, 256, 253, 255, 254, 252, 254, 255, 252, 251,
    255, 251, 252, 253, 251, 252, 252, 251, 251, 253, 255, 252, 255, 256,
    255, 256, 252, 256, 253, 254, 253, 255, 255, 255, 255, 251, 253, 254,
    254, 253, 255, 255, 254, 256, 254, 257, 254, 256, 254, 256, 252, 254,
    256, 257, 254, 254, 253, 254, 257, 255, 256, 257, 254, 253, 252, 254,
    253, 254, 253, 250, 252 ]
headPositionsY: [ 79, 71, 73, 74, 73, 74, 75, 71, 74, 74, 72, 71, 75, 75,
    76, 75, 73, 72, 74, 72, 73, 74, 73, 74, 73, 72, 72, 74, 72, 72, 72,
    73, 76, 76, 76, 72, 73, 73, 74, 75, 74, 72, 72, 73, 73, 72, 72, 72,
    72, 73, 71, 71, 66, 67, 70, 71, 74, 73, 76, 74, 81, 80, 78, 77, 74,
    73, 69, 67, 69, 70, 70, 74, 74, 77, 77, 78, 79, 79, 79, 77, 74, 74,
    75, 72, 71, 77, 78, 79, 78, 81, 81, 77, 79, 78, 79, 79, 78, 76, 77,
    77 ]
