%YAML:1.0
---
videoName: "headShake14.mp4"
gestureLabel: 201
fps: 29
pixelSizeInCmTemp: 3.2364864864864862e-01
faceCenterPointX: 244
faceCenterPointY: 76
headPositionsX: [ 242, 248, 243, 244, 247, 246, 245, 243, 243, 247, 246,
    246, 244, 245, 247, 245, 243, 243, 245, 243, 244, 245, 243, 243, 245,
    248, 252, 251, 257, 261, 262, 262, 263, 259, 257, 250, 248, 241, 234,
    230, 224, 222, 229, 230, 233, 235, 243, 249, 254, 256, 254, 259, 254,
    250, 249, 243, 239, 234, 235, 233, 233, 233, 236, 238, 243, 242, 246,
    246, 246, 247, 248, 248, 247, 247, 245, 242, 242, 243, 242, 242, 240,
    239, 240, 242, 242, 241, 245, 245, 244, 243, 244, 243, 244, 246, 245,
    243, 242, 243, 242, 243 ]
headPositionsY: [ 78, 73, 74, 77, 75, 75, 77, 76, 74, 75, 76, 77, 74, 76,
    75, 75, 77, 76, 74, 75, 77, 78, 77, 74, 75, 75, 75, 74, 74, 75, 72,
    72, 71, 74, 76, 73, 78, 74, 74, 77, 73, 75, 74, 74, 76, 74, 77, 76,
    71, 73, 70, 74, 72, 76, 77, 74, 74, 78, 77, 74, 76, 76, 73, 73, 76,
    73, 76, 75, 75, 75, 75, 76, 77, 77, 76, 74, 75, 74, 75, 73, 77, 73,
    74, 78, 78, 78, 75, 74, 76, 78, 75, 75, 75, 76, 76, 77, 74, 74, 79,
    77 ]
