%YAML:1.0
---
videoName: "headShake47.mp4"
gestureLabel: 201
fps: 29
pixelSizeInCmTemp: 3.2364864864864862e-01
faceCenterPointX: 258
faceCenterPointY: 86
headPositionsX: [ 257, 262, 262, 259, 259, 260, 258, 262, 258, 261, 262,
    259, 259, 263, 261, 260, 262, 262, 258, 261, 258, 263, 257, 260, 258,
    257, 262, 260, 261, 260, 259, 261, 260, 258, 258, 257, 255, 250, 250,
    247, 250, 252, 253, 253, 259, 264, 267, 267, 263, 262, 260, 255, 254,
    254, 254, 259, 260, 264, 266, 265, 261, 255, 254, 252, 252, 253, 255,
    261, 265, 263, 263, 261, 255, 254, 255, 253, 257, 261, 263, 263, 261,
    261, 258, 257, 257, 254, 256, 254, 254, 256, 257, 257, 258, 256, 256,
    258, 257, 259, 258, 259 ]
headPositionsY: [ 85, 84, 84, 83, 84, 86, 83, 83, 85, 84, 87, 85, 85, 84,
    84, 84, 82, 86, 83, 84, 83, 86, 86, 85, 84, 83, 84, 85, 84, 87, 87,
    84, 85, 85, 86, 87, 86, 83, 82, 87, 86, 84, 85, 86, 87, 86, 87, 88,
    89, 89, 88, 88, 88, 86, 89, 88, 90, 86, 90, 89, 87, 87, 86, 89, 85,
    87, 86, 86, 85, 89, 89, 85, 85, 86, 88, 85, 88, 88, 86, 87, 86, 87,
    88, 85, 89, 85, 85, 84, 84, 87, 85, 86, 87, 86, 84, 87, 86, 85, 85,
    86 ]
