%YAML:1.0
---
videoName: "headNod19.mp4"
gestureLabel: 202
fps: 29
pixelSizeInCmTemp: 3.1933333333333330e-01
faceCenterPointX: 255
faceCenterPointY: 81
headPositionsX: [ 255, 259, 256, 258, 255, 257, 257, 256, 254, 259, 255,
    254, 255, 253, 257, 255, 254, 253, 251, 254, 249, 252, 250, 249, 250,
    252, 250, 251, 248, 250, 250, 251, 251, 253, 253, 255, 255, 256, 254,
    253, 255, 257, 254, 253, 257, 255, 257, 258, 254, 257, 258, 255, 257,
    257, 257, 253, 258, 257, 255, 256, 257, 253, 254, 255, 253, 256, 256,
    258, 257, 257, 258, 257, 256, 257, 257, 255, 257, 254, 255, 256, 254,
    253, 254, 255, 254, 257, 254, 254, 257, 255, 257, 256, 256, 255, 258,
    255, 254, 255, 256, 254 ]
headPositionsY: [ 81, 85, 83, 81, 82, 78, 75, 78, 74, 79, 78, 76, 75, 75,
    75, 79, 75, 77, 76, 80, 80, 79, 78, 80, 78, 76, 80, 76, 77, 81, 77,
    81, 77, 80, 79, 80, 80, 79, 79, 78, 78, 79, 78, 76, 80, 78, 78, 77,
    77, 78, 78, 79, 78, 78, 78, 78, 77, 80, 79, 79, 81, 79, 80, 78, 80,
    82, 80, 77, 75, 74, 71, 74, 73, 74, 78, 83, 85, 82, 82, 81, 78, 77,
    79, 78, 85, 82, 84, 82, 86, 82, 84, 84, 83, 81, 80, 83, 83, 81, 80,
    79 ]
