%YAML:1.0
---
videoName: "headLookRight3.mp4"
gestureLabel: 204
fps: 29
pixelSizeInCmTemp: 3.5746268656716418e-01
faceCenterPointX: 232
faceCenterPointY: 71
headPositionsX: [ 234, 255, 251, 255, 251, 252, 254, 252, 251, 253, 255,
    255, 252, 252, 252, 254, 252, 254, 256, 253, 252, 256, 256, 255, 253,
    255, 255, 255, 253, 255, 254, 257, 254, 257, 255, 256, 253, 252, 253,
    249, 251, 249, 247, 243, 241, 241, 241, 235, 234, 237, 232, 233, 235,
    231, 232, 235, 234, 233, 232, 231, 232, 233, 231, 233, 230, 231, 230,
    230, 231, 230, 232, 231, 230, 233, 233, 232, 234, 232, 230, 232, 235,
    232, 232, 231, 234, 231, 233, 235, 232, 231, 231, 232, 230, 233, 231,
    232, 234, 232, 237, 231 ]
headPositionsY: [ 70, 70, 70, 68, 70, 71, 67, 69, 68, 69, 71, 72, 70, 68,
    72, 72, 73, 72, 72, 71, 73, 70, 70, 69, 72, 72, 74, 72, 71, 72, 72,
    72, 72, 69, 73, 73, 69, 70, 73, 70, 72, 70, 73, 70, 70, 71, 69, 69,
    69, 69, 70, 70, 73, 72, 69, 74, 71, 71, 69, 75, 71, 73, 73, 74, 70,
    71, 72, 73, 72, 71, 69, 72, 70, 69, 73, 74, 73, 69, 73, 74, 70, 70,
    72, 72, 73, 74, 73, 69, 69, 69, 69, 70, 70, 69, 70, 72, 70, 71, 74,
    73 ]
