%YAML:1.0
---
videoName: "headNod49.mp4"
gestureLabel: 202
fps: 29
pixelSizeInCmTemp: 2.9207317073170730e-01
faceCenterPointX: 263
faceCenterPointY: 74
headPositionsX: [ 265, 267, 265, 263, 264, 267, 264, 265, 267, 265, 267,
    262, 266, 264, 266, 266, 264, 265, 263, 263, 266, 264, 262, 265, 266,
    264, 265, 266, 265, 265, 265, 262, 264, 266, 264, 264, 262, 266, 266,
    262, 266, 262, 262, 261, 261, 264, 260, 262, 262, 261, 263, 265, 263,
    266, 262, 263, 263, 264, 263, 266, 264, 265, 263, 262, 262, 265, 261,
    262, 266, 264, 265, 265, 266, 264, 262, 262, 262, 265, 264, 263, 263,
    263, 264, 265, 260, 261, 262, 261, 261, 264, 262, 261, 261, 262, 265,
    265, 264, 263, 263, 264 ]
headPositionsY: [ 72, 72, 70, 72, 73, 74, 70, 74, 73, 72, 70, 70, 70, 69,
    69, 67, 66, 69, 69, 69, 66, 68, 70, 76, 77, 76, 76, 79, 74, 75, 70,
    69, 72, 69, 67, 68, 70, 73, 74, 76, 78, 80, 78, 77, 77, 73, 73, 69,
    70, 73, 73, 73, 74, 75, 78, 77, 78, 79, 77, 76, 73, 74, 71, 75, 73,
    77, 74, 78, 78, 77, 75, 75, 77, 76, 77, 74, 76, 74, 74, 76, 75, 74,
    78, 77, 72, 76, 73, 72, 75, 75, 72, 75, 75, 75, 71, 74, 75, 74, 73,
    75 ]
