%YAML:1.0
---
videoName: "headShake4.mp4"
gestureLabel: 201
fps: 30
pixelSizeInCmTemp: 3.2364864864864862e-01
faceCenterPointX: 237
faceCenterPointY: 101
headPositionsX: [ 237, 241, 247, 250, 251, 256, 254, 256, 252, 249, 244,
    237, 231, 227, 225, 222, 227, 229, 236, 240, 248, 250, 253, 252, 252,
    245, 239, 235, 228, 224, 221, 222, 223, 230, 233, 241, 247, 249, 254,
    255, 255, 254, 248, 242, 236, 233, 228, 225, 224, 226, 227, 230, 235,
    239, 244, 246, 248, 246, 249, 247, 245, 243, 242, 235, 235, 233, 231,
    232, 228, 232, 233, 235, 237, 238, 237, 241, 240, 240, 242, 243, 243,
    238, 240, 239, 237, 236, 239, 236, 234, 240, 235, 239, 236, 234, 237,
    237, 235, 238, 238, 239 ]
headPositionsY: [ 102, 99, 96, 99, 98, 97, 98, 97, 98, 98, 102, 101, 101,
    101, 97, 99, 97, 101, 102, 99, 98, 97, 100, 97, 100, 98, 101, 98, 97,
    100, 98, 100, 96, 99, 98, 98, 100, 100, 97, 98, 97, 100, 98, 99, 99,
    100, 100, 101, 101, 98, 100, 98, 102, 101, 103, 98, 101, 99, 97, 99,
    98, 98, 99, 101, 100, 100, 100, 100, 98, 99, 102, 99, 100, 99, 99,
    98, 103, 98, 99, 100, 102, 100, 99, 102, 100, 99, 101, 99, 101, 99,
    98, 102, 100, 99, 100, 100, 102, 101, 100, 98 ]
