%YAML:1.0
---
videoName: "headShake15.mp4"
gestureLabel: 201
fps: 29
pixelSizeInCmTemp: 3.3263888888888887e-01
faceCenterPointX: 243
faceCenterPointY: 76
headPositionsX: [ 244, 243, 241, 243, 243, 242, 245, 246, 244, 242, 241,
    246, 245, 245, 245, 243, 245, 245, 245, 245, 244, 245, 244, 241, 240,
    244, 242, 241, 242, 243, 244, 241, 243, 242, 243, 241, 243, 245, 241,
    244, 244, 244, 243, 244, 244, 244, 244, 244, 242, 245, 243, 242, 244,
    244, 243, 243, 241, 244, 243, 240, 240, 241, 244, 249, 252, 253, 252,
    257, 258, 258, 255, 251, 252, 246, 244, 240, 240, 236, 239, 237, 240,
    242, 245, 247, 248, 248, 247, 244, 244, 242, 240, 242, 240, 241, 241,
    244, 244, 241, 243, 245 ]
headPositionsY: [ 77, 74, 75, 75, 74, 75, 77, 77, 76, 76, 76, 78, 75, 74,
    76, 76, 73, 74, 74, 73, 75, 74, 74, 77, 73, 75, 72, 77, 73, 77, 76,
    73, 75, 72, 76, 77, 77, 73, 74, 76, 73, 75, 74, 74, 74, 78, 74, 76,
    75, 75, 75, 74, 77, 73, 78, 75, 75, 74, 75, 75, 77, 73, 79, 74, 75,
    75, 71, 76, 72, 77, 76, 74, 75, 78, 75, 74, 76, 76, 74, 79, 76, 75,
    77, 77, 76, 78, 78, 74, 76, 75, 75, 76, 75, 78, 77, 77, 77, 75, 77,
    77 ]
