%YAML:1.0
---
videoName: "headLookLeft3.mp4"
gestureLabel: 203
fps: 29
pixelSizeInCmTemp: 3.4214285714285714e-01
faceCenterPointX: 290
faceCenterPointY: 74
headPositionsX: [ 289, 263, 264, 262, 264, 262, 266, 268, 271, 268, 270,
    274, 277, 278, 281, 284, 283, 288, 289, 291, 287, 286, 292, 291, 284,
    287, 294, 289, 288, 282, 287, 290, 293, 291, 287, 290, 285, 291, 291,
    289, 286, 287, 287, 296, 289, 287, 287, 286, 290, 288, 292, 293, 289,
    290, 288, 285, 289, 290, 289, 294, 288, 290, 288, 286, 288, 289, 287,
    290, 284, 290, 288, 289, 285, 288, 288, 287, 285, 288, 289, 287, 286,
    286, 287, 284, 288, 287, 290, 288, 287, 286, 287, 286, 286, 289, 287,
    282, 287, 288, 286, 286 ]
headPositionsY: [ 75, 79, 77, 78, 77, 77, 80, 80, 79, 75, 76, 74, 77, 74,
    75, 73, 76, 73, 72, 74, 72, 73, 77, 77, 73, 73, 77, 74, 74, 70, 72,
    74, 73, 73, 74, 74, 73, 73, 76, 76, 71, 74, 72, 78, 75, 73, 75, 72,
    76, 74, 73, 73, 71, 75, 72, 76, 73, 75, 73, 76, 73, 74, 73, 75, 72,
    74, 73, 74, 72, 73, 74, 75, 72, 75, 73, 77, 72, 77, 75, 75, 74, 75,
    75, 75, 75, 73, 76, 73, 72, 74, 75, 72, 74, 74, 72, 77, 72, 73, 74,
    72 ]
