%YAML:1.0
---
videoName: "headNod42.mp4"
gestureLabel: 202
fps: 30
pixelSizeInCmTemp: 3.0316455696202532e-01
faceCenterPointX: 265
faceCenterPointY: 77
headPositionsX: [ 263, 267, 269, 266, 271, 267, 270, 268, 271, 271, 270,
    269, 266, 267, 266, 272, 268, 269, 269, 267, 266, 268, 270, 267, 268,
    266, 267, 268, 265, 266, 264, 264, 267, 264, 268, 266, 265, 265, 264,
    267, 266, 263, 267, 264, 267, 266, 262, 264, 264, 265, 265, 265, 264,
    266, 267, 266, 264, 266, 265, 266, 265, 263, 266, 263, 267, 264, 264,
    263, 263, 265, 263, 265, 264, 264, 263, 266, 266, 266, 268, 268, 266,
    266, 264, 268, 269, 267, 263, 266, 266, 264, 263, 267, 264, 264, 264,
    266, 266, 267, 266, 267 ]
headPositionsY: [ 75, 77, 75, 77, 79, 75, 76, 75, 78, 77, 78, 79, 77, 74,
    78, 67, 68, 65, 63, 67, 69, 71, 68, 73, 81, 86, 87, 89, 92, 90, 90,
    86, 80, 76, 78, 69, 68, 71, 67, 71, 76, 78, 82, 85, 82, 85, 82, 76,
    75, 72, 71, 71, 72, 70, 74, 77, 80, 83, 82, 85, 84, 81, 82, 79, 76,
    75, 75, 73, 75, 74, 73, 81, 81, 82, 81, 77, 75, 75, 75, 73, 72, 75,
    73, 77, 77, 78, 81, 82, 81, 79, 80, 77, 79, 80, 76, 76, 77, 79, 79,
    78 ]
