%YAML:1.0
---
videoName: "headShake0.mp4"
gestureLabel: 201
fps: 29
pixelSizeInCmTemp: 3.2808219178082193e-01
faceCenterPointX: 279
faceCenterPointY: 94
headPositionsX: [ 277, 278, 280, 278, 278, 280, 278, 279, 280, 278, 277,
    277, 279, 277, 276, 278, 281, 277, 277, 278, 278, 280, 278, 279, 281,
    277, 281, 277, 281, 278, 277, 277, 277, 280, 276, 280, 280, 278, 280,
    278, 277, 282, 284, 286, 292, 295, 297, 298, 301, 298, 297, 295, 289,
    283, 278, 274, 272, 273, 273, 277, 280, 286, 291, 291, 290, 288, 286,
    281, 278, 274, 275, 270, 275, 277, 277, 281, 283, 284, 284, 284, 280,
    280, 276, 277, 276, 275, 276, 275, 277, 280, 277, 281, 280, 280, 278,
    277, 280, 277, 280, 279 ]
headPositionsY: [ 95, 93, 93, 93, 94, 92, 94, 95, 95, 92, 95, 91, 94, 92,
    93, 94, 91, 91, 93, 94, 92, 92, 91, 91, 91, 91, 91, 91, 93, 91, 91,
    95, 94, 93, 94, 94, 93, 95, 93, 94, 91, 95, 92, 89, 91, 91, 89, 93,
    90, 92, 93, 93, 91, 92, 93, 94, 91, 92, 91, 94, 90, 94, 92, 92, 91,
    92, 93, 92, 94, 93, 93, 93, 92, 94, 94, 93, 92, 93, 93, 94, 95, 94,
    93, 93, 96, 95, 93, 91, 95, 92, 92, 93, 96, 92, 96, 96, 94, 94, 94,
    94 ]
