%YAML:1.0
---
videoName: "headLookRight1.mp4"
gestureLabel: 204
fps: 29
pixelSizeInCmTemp: 3.3263888888888887e-01
faceCenterPointX: 232
faceCenterPointY: 68
headPositionsX: [ 234, 256, 256, 257, 258, 254, 255, 257, 257, 257, 254,
    255, 254, 257, 258, 257, 258, 254, 257, 255, 257, 254, 255, 255, 254,
    255, 253, 255, 257, 253, 252, 252, 251, 250, 246, 246, 242, 237, 238,
    233, 236, 234, 230, 229, 228, 234, 231, 225, 230, 229, 230, 231, 233,
    233, 230, 231, 230, 233, 235, 233, 230, 230, 229, 231, 232, 234, 229,
    231, 231, 233, 231, 230, 232, 234, 237, 232, 233, 234, 233, 232, 232,
    234, 232, 232, 230, 231, 234, 233, 233, 231, 233, 233, 230, 232, 234,
    233, 234, 234, 234, 233 ]
headPositionsY: [ 68, 69, 69, 66, 68, 70, 67, 69, 69, 67, 69, 70, 70, 70,
    68, 70, 70, 68, 69, 66, 67, 69, 68, 70, 69, 71, 70, 68, 70, 70, 71,
    66, 66, 70, 71, 68, 66, 68, 68, 70, 69, 68, 70, 69, 69, 69, 70, 70,
    70, 69, 71, 69, 71, 71, 70, 68, 71, 66, 66, 69, 69, 66, 70, 66, 70,
    66, 67, 69, 70, 67, 66, 69, 67, 68, 66, 70, 71, 68, 68, 71, 67, 68,
    69, 66, 67, 71, 70, 70, 69, 71, 69, 67, 67, 68, 67, 69, 69, 67, 68,
    66 ]
