%YAML:1.0
---
videoName: "headNod12.mp4"
gestureLabel: 202
fps: 29
pixelSizeInCmTemp: 3.2808219178082193e-01
faceCenterPointX: 254
faceCenterPointY: 69
headPositionsX: [ 256, 252, 251, 252, 253, 253, 252, 251, 257, 253, 255,
    255, 253, 255, 254, 258, 254, 257, 258, 257, 255, 258, 259, 255, 258,
    256, 259, 255, 255, 255, 258, 255, 258, 253, 253, 255, 254, 255, 254,
    255, 252, 254, 254, 254, 252, 256, 256, 252, 252, 256, 253, 254, 252,
    253, 253, 251, 255, 253, 252, 254, 255, 252, 253, 253, 255, 253, 253,
    253, 252, 253, 253, 253, 252, 255, 254, 256, 252, 254, 256, 256, 252,
    256, 253, 256, 254, 253, 253, 256, 255, 255, 253, 255, 255, 253, 256,
    254, 253, 253, 256, 254 ]
headPositionsY: [ 70, 76, 74, 74, 72, 74, 72, 70, 72, 72, 76, 73, 74, 71,
    73, 73, 73, 75, 73, 74, 72, 75, 76, 73, 73, 74, 74, 72, 75, 75, 73,
    74, 75, 73, 71, 69, 72, 68, 66, 62, 63, 64, 64, 63, 64, 66, 69, 73,
    73, 75, 76, 78, 78, 78, 75, 72, 71, 66, 67, 63, 64, 64, 64, 67, 67,
    67, 67, 70, 72, 75, 76, 77, 77, 72, 72, 70, 71, 66, 69, 67, 66, 68,
    64, 65, 69, 70, 68, 73, 71, 72, 76, 75, 74, 71, 74, 72, 70, 68, 72,
    71 ]
