%YAML:1.0
---
videoName: "headNod10.mp4"
gestureLabel: 202
fps: 29
pixelSizeInCmTemp: 3.2808219178082193e-01
faceCenterPointX: 260
faceCenterPointY: 67
headPositionsX: [ 261, 257, 261, 258, 260, 258, 258, 257, 259, 260, 260,
    256, 258, 260, 256, 256, 257, 257, 257, 257, 257, 257, 260, 259, 257,
    258, 257, 258, 259, 259, 259, 258, 259, 261, 259, 260, 257, 258, 258,
    260, 260, 260, 259, 261, 258, 263, 261, 261, 259, 263, 259, 258, 260,
    259, 262, 261, 258, 260, 259, 258, 263, 259, 260, 262, 261, 260, 259,
    259, 258, 258, 257, 259, 257, 257, 257, 260, 260, 259, 258, 260, 258,
    259, 259, 261, 258, 258, 261, 257, 258, 260, 260, 259, 259, 259, 259,
    260, 258, 259, 259, 260 ]
headPositionsY: [ 69, 69, 70, 68, 72, 69, 71, 71, 70, 71, 68, 70, 71, 70,
    70, 70, 68, 70, 70, 71, 68, 69, 71, 70, 70, 70, 71, 69, 72, 69, 71,
    72, 72, 69, 70, 73, 73, 68, 71, 73, 73, 75, 73, 70, 69, 67, 67, 60,
    60, 61, 62, 67, 66, 71, 75, 75, 73, 69, 67, 64, 67, 63, 65, 63, 68,
    69, 71, 73, 77, 78, 74, 72, 69, 68, 64, 67, 63, 66, 69, 72, 73, 78,
    76, 74, 71, 70, 69, 66, 67, 69, 66, 65, 66, 68, 66, 68, 65, 66, 69,
    69 ]
