%YAML:1.0
---
videoName: "headNod41.mp4"
gestureLabel: 202
fps: 29
pixelSizeInCmTemp: 2.9937500000000000e-01
faceCenterPointX: 267
faceCenterPointY: 76
headPositionsX: [ 267, 268, 269, 268, 270, 269, 271, 268, 269, 272, 269,
    270, 272, 268, 272, 268, 272, 270, 272, 273, 273, 273, 272, 271, 269,
    267, 268, 268, 267, 269, 270, 272, 272, 268, 267, 271, 268, 268, 270,
    271, 272, 271, 269, 267, 269, 271, 269, 270, 269, 267, 265, 271, 268,
    269, 271, 271, 267, 269, 267, 269, 270, 267, 268, 268, 268, 268, 268,
    270, 266, 269, 268, 269, 268, 270, 269, 265, 267, 265, 266, 266, 268,
    266, 269, 265, 265, 268, 265, 267, 267, 270, 269, 267, 268, 266, 265,
    266, 269, 266, 268, 268 ]
headPositionsY: [ 78, 73, 73, 74, 74, 73, 73, 71, 72, 73, 74, 73, 75, 76,
    73, 75, 75, 72, 73, 74, 75, 75, 74, 72, 74, 76, 72, 73, 76, 73, 72,
    73, 75, 72, 72, 75, 75, 74, 78, 75, 81, 82, 84, 89, 90, 90, 90, 85,
    84, 78, 79, 72, 70, 67, 64, 68, 66, 70, 71, 75, 80, 86, 90, 94, 91,
    91, 85, 81, 77, 76, 74, 71, 71, 73, 70, 79, 82, 83, 85, 85, 80, 80,
    78, 73, 73, 76, 72, 75, 75, 72, 80, 81, 81, 79, 81, 77, 77, 79, 75,
    76 ]
