%YAML:1.0
---
videoName: "headNod33.mp4"
gestureLabel: 202
fps: 29
pixelSizeInCmTemp: 2.9567901234567900e-01
faceCenterPointX: 268
faceCenterPointY: 74
headPositionsX: [ 266, 266, 271, 270, 270, 268, 270, 272, 269, 271, 272,
    268, 268, 268, 271, 270, 273, 270, 269, 270, 272, 270, 269, 271, 270,
    267, 270, 271, 268, 267, 268, 269, 269, 270, 267, 269, 267, 267, 268,
    270, 268, 267, 268, 270, 269, 267, 271, 269, 271, 267, 270, 268, 267,
    270, 267, 268, 268, 267, 265, 267, 268, 268, 265, 266, 268, 267, 266,
    268, 266, 270, 265, 269, 266, 267, 266, 267, 267, 271, 270, 268, 269,
    267, 269, 265, 266, 269, 268, 267, 266, 267, 266, 268, 269, 266, 267,
    268, 267, 266, 267, 269 ]
headPositionsY: [ 74, 70, 72, 71, 69, 69, 74, 72, 74, 71, 70, 72, 73, 72,
    74, 73, 72, 72, 70, 72, 71, 72, 72, 74, 71, 70, 69, 72, 72, 70, 72,
    73, 72, 76, 75, 75, 77, 75, 72, 71, 66, 70, 67, 67, 64, 64, 73, 75,
    76, 79, 84, 81, 80, 78, 73, 71, 73, 72, 70, 68, 67, 72, 70, 72, 76,
    78, 77, 79, 77, 76, 72, 73, 74, 69, 73, 71, 71, 72, 74, 72, 75, 74,
    80, 77, 76, 76, 77, 77, 78, 75, 75, 76, 77, 77, 76, 78, 76, 74, 77,
    76 ]
