%YAML:1.0
---
videoName: "headShake17.mp4"
gestureLabel: 201
fps: 29
pixelSizeInCmTemp: 3.3263888888888887e-01
faceCenterPointX: 242
faceCenterPointY: 76
headPositionsX: [ 241, 241, 238, 238, 237, 240, 237, 242, 243, 245, 252,
    252, 259, 259, 257, 259, 252, 251, 243, 239, 238, 233, 229, 225, 227,
    227, 230, 233, 234, 238, 245, 247, 249, 251, 255, 252, 253, 250, 247,
    245, 242, 238, 236, 235, 231, 233, 232, 232, 232, 238, 237, 240, 241,
    243, 244, 244, 244, 245, 247, 242, 240, 243, 242, 238, 237, 239, 240,
    240, 239, 238, 241, 242, 239, 239, 240, 240, 241, 238, 239, 239, 239,
    239, 240, 241, 242, 243, 242, 240, 239, 243, 243, 241, 241, 240, 242,
    242, 244, 239, 242, 243 ]
headPositionsY: [ 78, 78, 74, 75, 78, 78, 76, 76, 76, 76, 77, 72, 75, 77,
    76, 76, 76, 76, 77, 79, 75, 75, 78, 75, 78, 79, 78, 79, 76, 77, 74,
    75, 74, 74, 75, 74, 75, 74, 75, 80, 78, 79, 77, 75, 75, 76, 78, 74,
    76, 75, 78, 77, 78, 78, 79, 75, 78, 77, 78, 79, 76, 78, 79, 75, 74,
    76, 78, 74, 78, 75, 78, 74, 78, 74, 77, 77, 75, 77, 75, 75, 75, 74,
    77, 76, 77, 73, 76, 74, 76, 74, 74, 79, 78, 77, 78, 78, 76, 77, 77,
    78 ]
