%YAML:1.0
---
videoName: "headShake26.mp4"
gestureLabel: 201
fps: 30
pixelSizeInCmTemp: 3.2808219178082193e-01
faceCenterPointX: 243
faceCenterPointY: 78
headPositionsX: [ 244, 242, 238, 241, 241, 243, 242, 245, 246, 250, 248,
    252, 250, 252, 252, 254, 252, 249, 245, 245, 241, 237, 233, 232, 231,
    227, 229, 230, 229, 230, 230, 234, 237, 241, 248, 248, 248, 253, 254,
    255, 253, 252, 249, 247, 244, 239, 241, 235, 235, 228, 231, 230, 227,
    228, 233, 232, 238, 241, 242, 246, 247, 249, 252, 253, 253, 252, 250,
    250, 251, 246, 244, 241, 241, 242, 239, 239, 234, 236, 236, 237, 237,
    236, 239, 237, 241, 241, 240, 240, 245, 242, 247, 244, 245, 243, 243,
    242, 242, 246, 241, 244 ]
headPositionsY: [ 76, 79, 76, 77, 74, 76, 78, 78, 78, 75, 79, 78, 78, 76,
    75, 76, 80, 79, 80, 80, 79, 79, 78, 75, 75, 76, 75, 74, 78, 79, 77,
    76, 76, 78, 76, 77, 76, 76, 78, 75, 76, 79, 75, 77, 76, 76, 80, 75,
    77, 79, 77, 75, 76, 77, 77, 78, 79, 76, 79, 77, 76, 76, 77, 75, 78,
    75, 80, 78, 80, 80, 78, 78, 80, 77, 78, 79, 79, 79, 78, 78, 80, 77,
    79, 81, 78, 77, 80, 77, 78, 81, 80, 79, 77, 78, 77, 78, 80, 77, 77,
    79 ]
