%YAML:1.0
---
videoName: "headShake44.mp4"
gestureLabel: 201
fps: 30
pixelSizeInCmTemp: 3.2808219178082193e-01
faceCenterPointX: 260
faceCenterPointY: 84
headPositionsX: [ 259, 260, 260, 262, 261, 259, 261, 261, 262, 259, 264,
    261, 263, 260, 260, 260, 259, 259, 263, 260, 263, 260, 262, 259, 260,
    258, 260, 263, 259, 261, 258, 260, 261, 261, 259, 260, 262, 258, 262,
    261, 268, 271, 274, 274, 275, 275, 273, 265, 260, 255, 251, 251, 251,
    250, 256, 262, 264, 268, 273, 268, 268, 261, 259, 253, 255, 254, 260,
    263, 271, 270, 271, 271, 268, 264, 258, 254, 252, 253, 252, 257, 256,
    261, 261, 260, 263, 261, 260, 263, 263, 263, 263, 260, 260, 260, 261,
    262, 261, 259, 260, 261 ]
headPositionsY: [ 85, 81, 81, 84, 84, 85, 83, 85, 80, 81, 85, 83, 82, 83,
    84, 80, 82, 80, 85, 80, 82, 84, 83, 82, 84, 83, 83, 82, 83, 80, 83,
    83, 84, 85, 81, 80, 85, 83, 85, 84, 85, 81, 84, 81, 83, 83, 81, 84,
    85, 83, 82, 82, 84, 86, 83, 85, 83, 81, 82, 85, 84, 86, 86, 82, 83,
    85, 85, 86, 82, 82, 85, 85, 81, 82, 81, 81, 82, 82, 83, 86, 83, 83,
    83, 82, 81, 82, 84, 86, 85, 82, 85, 86, 85, 85, 82, 83, 86, 88, 87,
    86 ]
