%YAML:1.0
---
videoName: "headNod47.mp4"
gestureLabel: 202
fps: 29
pixelSizeInCmTemp: 3.0316455696202532e-01
faceCenterPointX: 266
faceCenterPointY: 70
headPositionsX: [ 265, 265, 267, 268, 269, 267, 267, 267, 266, 269, 267,
    266, 264, 264, 264, 265, 267, 265, 263, 266, 263, 267, 263, 265, 268,
    266, 266, 269, 266, 265, 267, 266, 268, 267, 265, 266, 269, 268, 268,
    270, 267, 268, 270, 267, 269, 268, 264, 267, 265, 264, 267, 268, 265,
    266, 265, 268, 267, 267, 266, 267, 266, 268, 267, 265, 268, 267, 267,
    265, 268, 267, 265, 267, 268, 268, 268, 267, 264, 266, 267, 268, 264,
    267, 266, 265, 267, 267, 266, 267, 268, 265, 263, 266, 268, 263, 264,
    268, 264, 266, 265, 266 ]
headPositionsY: [ 71, 64, 58, 60, 58, 60, 58, 60, 63, 69, 71, 75, 81, 83,
    83, 75, 74, 73, 69, 68, 64, 64, 69, 69, 71, 76, 74, 76, 77, 77, 75,
    73, 68, 70, 66, 69, 69, 73, 74, 77, 79, 80, 81, 80, 74, 74, 69, 67,
    68, 70, 68, 71, 69, 73, 75, 77, 74, 70, 72, 70, 70, 66, 68, 70, 67,
    70, 73, 73, 73, 75, 74, 75, 72, 69, 71, 71, 70, 68, 68, 72, 72, 75,
    71, 72, 71, 73, 70, 68, 68, 70, 71, 71, 71, 72, 71, 69, 73, 70, 68,
    69 ]
