%YAML:1.0
---
videoName: "headLookLeft8.mp4"
gestureLabel: 203
fps: 29
pixelSizeInCmTemp: 3.6287878787878786e-01
faceCenterPointX: 273
faceCenterPointY: 69
headPositionsX: [ 271, 244, 240, 239, 239, 240, 241, 239, 241, 241, 242,
    242, 240, 245, 243, 243, 244, 248, 248, 248, 247, 246, 245, 247, 247,
    249, 245, 247, 246, 246, 244, 244, 245, 246, 249, 245, 245, 245, 247,
    246, 247, 245, 245, 246, 247, 244, 244, 247, 246, 245, 245, 247, 249,
    247, 248, 251, 252, 255, 256, 262, 260, 268, 267, 272, 268, 272, 277,
    280, 281, 276, 279, 279, 280, 276, 277, 278, 275, 273, 276, 281, 279,
    280, 277, 269, 273, 276, 279, 278, 276, 277, 273, 275, 272, 273, 275,
    275, 273, 273, 272, 272 ]
headPositionsY: [ 70, 69, 65, 66, 67, 70, 67, 69, 68, 66, 70, 66, 69, 70,
    67, 69, 68, 66, 69, 68, 68, 68, 71, 71, 68, 69, 68, 73, 70, 71, 73,
    71, 71, 70, 71, 71, 71, 70, 70, 74, 69, 73, 73, 74, 74, 70, 72, 72,
    73, 71, 72, 74, 75, 72, 74, 73, 74, 69, 68, 70, 69, 71, 70, 73, 68,
    69, 71, 69, 73, 67, 71, 70, 72, 71, 68, 70, 68, 67, 70, 70, 71, 69,
    72, 69, 65, 67, 71, 71, 70, 71, 67, 69, 68, 70, 72, 68, 70, 69, 69,
    71 ]
