%YAML:1.0
---
videoName: "headNod33.mp4"
gestureLabel: 202
fps: 29
pixelSizeInCmTemp: 2.9567901234567900e-01
faceCenterPointX: 268
faceCenterPointY: 74
headPositionsX: [ 269, 266, 268, 270, 270, 268, 271, 272, 271, 272, 270,
    269, 271, 270, 271, 271, 270, 270, 270, 268, 269, 269, 268, 270, 268,
    271, 269, 270, 269, 266, 267, 267, 272, 268, 270, 269, 270, 271, 271,
    271, 267, 268, 272, 269, 267, 268, 271, 271, 270, 270, 269, 268, 270,
    268, 269, 266, 267, 267, 267, 265, 269, 266, 267, 269, 265, 269, 267,
    269, 270, 269, 265, 266, 269, 267, 270, 268, 271, 269, 269, 268, 267,
    268, 268, 268, 268, 268, 267, 269, 267, 269, 270, 269, 268, 266, 267,
    266, 266, 269, 269, 268 ]
headPositionsY: [ 75, 69, 71, 72, 70, 73, 72, 73, 73, 73, 71, 72, 73, 72,
    73, 71, 72, 70, 74, 68, 72, 69, 73, 73, 73, 72, 73, 73, 74, 72, 74,
    72, 73, 72, 78, 77, 78, 77, 72, 72, 70, 68, 67, 64, 66, 68, 70, 74,
    77, 83, 85, 84, 79, 76, 73, 71, 72, 70, 69, 68, 71, 69, 70, 72, 74,
    78, 75, 77, 79, 79, 73, 73, 73, 73, 70, 73, 72, 70, 73, 73, 73, 76,
    77, 79, 79, 77, 75, 74, 77, 76, 76, 77, 74, 73, 73, 77, 74, 77, 73,
    75 ]
