%YAML:1.0
---
videoName: "headNod9.mp4"
gestureLabel: 202
fps: 29
pixelSizeInCmTemp: 3.1513157894736843e-01
faceCenterPointX: 261
faceCenterPointY: 75
headPositionsX: [ 260, 260, 261, 259, 259, 262, 261, 262, 262, 259, 259,
    262, 260, 262, 261, 263, 263, 260, 260, 258, 259, 263, 261, 258, 259,
    261, 261, 261, 263, 260, 259, 262, 263, 262, 260, 261, 260, 259, 259,
    262, 263, 263, 259, 262, 260, 260, 257, 257, 259, 261, 258, 260, 259,
    260, 260, 260, 263, 262, 260, 261, 261, 258, 258, 262, 261, 260, 260,
    262, 258, 258, 260, 261, 259, 259, 258, 259, 258, 260, 259, 260, 256,
    260, 260, 256, 258, 258, 259, 258, 260, 257, 262, 260, 262, 260, 262,
    258, 259, 262, 261, 259 ]
headPositionsY: [ 73, 73, 77, 75, 74, 73, 76, 74, 76, 76, 77, 77, 78, 77,
    73, 75, 76, 76, 76, 77, 73, 75, 74, 77, 76, 76, 75, 75, 76, 77, 77,
    75, 77, 80, 83, 80, 78, 76, 73, 75, 71, 74, 77, 82, 86, 88, 85, 86,
    81, 79, 74, 74, 78, 76, 81, 85, 83, 81, 81, 78, 73, 74, 72, 73, 79,
    79, 82, 86, 81, 83, 80, 76, 73, 70, 71, 70, 71, 75, 77, 79, 80, 85,
    81, 82, 82, 75, 77, 77, 74, 75, 73, 73, 73, 74, 76, 76, 72, 76, 72,
    76 ]
