%YAML:1.0
---
videoName: "headShake10.mp4"
gestureLabel: 201
fps: 29
pixelSizeInCmTemp: 3.3732394366197183e-01
faceCenterPointX: 240
faceCenterPointY: 74
headPositionsX: [ 242, 247, 244, 243, 243, 248, 245, 246, 246, 246, 244,
    245, 247, 246, 246, 247, 247, 248, 248, 245, 248, 247, 247, 247, 245,
    244, 245, 247, 248, 248, 247, 246, 248, 248, 247, 245, 245, 246, 248,
    245, 246, 246, 245, 244, 247, 243, 244, 247, 246, 247, 244, 248, 252,
    254, 256, 255, 260, 260, 260, 258, 256, 250, 246, 243, 238, 236, 231,
    229, 230, 232, 239, 240, 245, 249, 255, 257, 257, 256, 256, 256, 249,
    247, 247, 243, 242, 243, 241, 241, 239, 242, 240, 240, 242, 240, 239,
    243, 239, 240, 243, 241 ]
headPositionsY: [ 72, 73, 74, 71, 71, 74, 74, 72, 74, 72, 71, 72, 74, 71,
    71, 75, 71, 74, 73, 71, 71, 72, 75, 74, 75, 74, 74, 71, 74, 74, 73,
    72, 73, 71, 71, 76, 72, 73, 73, 75, 74, 73, 74, 72, 75, 72, 73, 76,
    74, 73, 75, 73, 70, 72, 73, 71, 71, 71, 70, 73, 73, 75, 73, 73, 74,
    73, 75, 74, 71, 73, 76, 75, 73, 74, 75, 73, 73, 72, 75, 75, 76, 77,
    77, 74, 75, 75, 74, 76, 76, 74, 74, 73, 75, 74, 75, 75, 73, 78, 73,
    76 ]
