%YAML:1.0
---
videoName: "headLookRight6.mp4"
gestureLabel: 204
fps: 29
pixelSizeInCmTemp: 3.8015873015873014e-01
faceCenterPointX: 226
faceCenterPointY: 72
headPositionsX: [ 226, 252, 251, 251, 248, 250, 248, 248, 247, 246, 247,
    248, 249, 250, 249, 252, 251, 249, 249, 253, 251, 249, 250, 248, 249,
    250, 250, 252, 253, 249, 253, 249, 251, 250, 245, 247, 243, 239, 236,
    237, 233, 229, 226, 229, 227, 227, 224, 228, 224, 229, 227, 223, 229,
    224, 224, 226, 225, 225, 228, 226, 229, 227, 230, 222, 226, 224, 226,
    225, 230, 227, 229, 228, 229, 227, 226, 227, 227, 228, 224, 227, 226,
    228, 228, 227, 226, 229, 229, 230, 228, 227, 227, 228, 231, 225, 227,
    229, 223, 225, 228, 226 ]
headPositionsY: [ 71, 71, 69, 72, 72, 73, 72, 72, 71, 72, 74, 75, 72, 71,
    74, 74, 73, 75, 74, 75, 75, 74, 75, 73, 75, 72, 75, 76, 74, 76, 72,
    75, 72, 73, 72, 74, 74, 73, 74, 73, 71, 75, 75, 75, 74, 77, 72, 72,
    75, 75, 73, 68, 76, 73, 71, 74, 74, 75, 72, 76, 78, 75, 76, 73, 75,
    73, 73, 72, 78, 75, 72, 74, 76, 74, 74, 70, 73, 75, 76, 75, 76, 74,
    71, 70, 76, 76, 76, 74, 72, 72, 72, 72, 75, 73, 69, 74, 70, 74, 72,
    73 ]
