%YAML:1.0
---
videoName: "headShake24.mp4"
gestureLabel: 201
fps: 29
pixelSizeInCmTemp: 3.2808219178082193e-01
faceCenterPointX: 240
faceCenterPointY: 78
headPositionsX: [ 241, 249, 251, 252, 255, 253, 252, 256, 255, 249, 249,
    247, 246, 243, 240, 235, 237, 231, 234, 230, 231, 228, 232, 231, 230,
    233, 238, 237, 243, 243, 245, 247, 251, 251, 249, 249, 250, 249, 245,
    247, 245, 242, 242, 238, 236, 238, 236, 233, 232, 235, 233, 234, 238,
    234, 237, 240, 242, 244, 244, 245, 246, 248, 249, 250, 246, 245, 246,
    246, 245, 248, 242, 246, 240, 242, 243, 241, 241, 240, 238, 241, 236,
    237, 240, 238, 238, 238, 237, 238, 240, 241, 238, 242, 238, 240, 240,
    240, 242, 239, 238, 238 ]
headPositionsY: [ 78, 75, 77, 74, 75, 74, 76, 76, 75, 77, 78, 79, 79, 79,
    76, 78, 78, 75, 76, 76, 75, 78, 80, 77, 76, 78, 77, 77, 80, 77, 78,
    75, 76, 79, 77, 81, 78, 79, 76, 78, 76, 78, 76, 79, 76, 79, 76, 75,
    75, 76, 80, 78, 76, 77, 78, 78, 76, 76, 79, 77, 79, 77, 78, 77, 76,
    78, 80, 78, 75, 78, 77, 78, 76, 75, 80, 78, 80, 76, 79, 80, 77, 78,
    76, 76, 77, 75, 76, 77, 76, 76, 80, 80, 79, 78, 80, 79, 76, 78, 77,
    76 ]
