%YAML:1.0
---
videoName: "headShake41.mp4"
gestureLabel: 201
fps: 29
pixelSizeInCmTemp: 3.2364864864864862e-01
faceCenterPointX: 264
faceCenterPointY: 85
headPositionsX: [ 265, 263, 261, 263, 259, 262, 259, 263, 262, 261, 262,
    260, 259, 263, 261, 262, 260, 262, 260, 258, 264, 262, 265, 263, 268,
    271, 269, 273, 273, 275, 280, 280, 280, 284, 279, 282, 281, 279, 280,
    279, 272, 268, 264, 263, 254, 253, 249, 248, 245, 245, 246, 247, 246,
    246, 249, 250, 251, 255, 259, 260, 265, 267, 268, 274, 273, 276, 279,
    276, 278, 278, 279, 275, 272, 270, 273, 268, 269, 267, 265, 266, 262,
    265, 263, 265, 261, 264, 264, 262, 263, 261, 262, 264, 264, 263, 261,
    262, 265, 261, 265, 262 ]
headPositionsY: [ 87, 81, 82, 84, 81, 83, 83, 83, 84, 81, 84, 81, 81, 84,
    81, 82, 84, 84, 86, 84, 82, 84, 83, 83, 82, 82, 81, 83, 81, 83, 82,
    81, 79, 81, 80, 82, 82, 82, 83, 83, 84, 81, 84, 84, 84, 85, 83, 82,
    83, 81, 84, 86, 81, 82, 84, 85, 85, 82, 85, 87, 84, 82, 85, 86, 82,
    85, 84, 84, 85, 84, 86, 82, 86, 87, 85, 85, 87, 84, 86, 85, 85, 81,
    85, 82, 86, 82, 85, 85, 82, 83, 83, 87, 87, 83, 83, 83, 84, 84, 82,
    87 ]
