%YAML:1.0
---
videoName: "headShake19.mp4"
gestureLabel: 201
fps: 29
pixelSizeInCmTemp: 3.1933333333333330e-01
faceCenterPointX: 243
faceCenterPointY: 78
headPositionsX: [ 245, 243, 241, 242, 245, 241, 241, 243, 242, 243, 245,
    245, 243, 243, 242, 245, 242, 241, 242, 242, 244, 244, 240, 244, 242,
    245, 242, 243, 244, 244, 240, 243, 243, 244, 241, 242, 237, 236, 237,
    235, 234, 235, 240, 243, 247, 253, 255, 257, 257, 252, 251, 247, 237,
    233, 230, 230, 232, 233, 237, 241, 245, 246, 247, 249, 246, 243, 241,
    241, 238, 234, 238, 238, 236, 238, 241, 245, 242, 248, 246, 244, 243,
    246, 242, 244, 239, 243, 239, 242, 238, 239, 241, 243, 242, 241, 244,
    243, 242, 242, 243, 245 ]
headPositionsY: [ 77, 74, 76, 77, 78, 77, 76, 75, 78, 78, 77, 78, 75, 76,
    76, 74, 75, 78, 78, 76, 76, 76, 74, 75, 78, 76, 79, 77, 78, 79, 79,
    77, 78, 77, 79, 78, 75, 76, 75, 75, 77, 74, 78, 79, 77, 76, 75, 75,
    75, 74, 79, 77, 77, 75, 78, 77, 73, 78, 78, 75, 79, 78, 75, 78, 76,
    78, 77, 75, 75, 80, 78, 77, 75, 76, 79, 77, 79, 77, 78, 80, 80, 78,
    75, 80, 80, 79, 76, 80, 78, 77, 80, 79, 76, 79, 78, 80, 77, 78, 79,
    79 ]
