%YAML:1.0
---
videoName: "headLookUp2.mp4"
gestureLabel: 205
fps: 29
pixelSizeInCmTemp: 3.7421874999999999e-01
faceCenterPointX: 254
faceCenterPointY: 67
headPositionsX: [ 255, 258, 257, 254, 258, 256, 255, 256, 255, 257, 258,
    257, 254, 255, 257, 255, 254, 255, 256, 257, 255, 252, 257, 254, 254,
    256, 256, 256, 255, 255, 252, 254, 254, 254, 256, 256, 252, 254, 254,
    256, 255, 254, 254, 256, 254, 256, 254, 253, 253, 256, 253, 253, 257,
    255, 254, 255, 252, 252, 257, 255, 253, 256, 255, 252, 255, 252, 253,
    256, 255, 255, 252, 251, 254, 254, 255, 253, 253, 256, 251, 254, 252,
    253, 255, 251, 255, 252, 251, 255, 255, 255, 256, 254, 251, 256, 253,
    254, 256, 254, 253, 252 ]
headPositionsY: [ 67, 80, 79, 80, 79, 81, 81, 79, 81, 82, 81, 83, 81, 80,
    78, 80, 79, 80, 82, 80, 79, 82, 82, 79, 82, 79, 82, 81, 82, 81, 80,
    82, 80, 81, 80, 78, 82, 78, 79, 79, 79, 82, 76, 75, 75, 77, 74, 73,
    72, 69, 70, 70, 68, 67, 67, 71, 66, 71, 65, 65, 68, 69, 67, 70, 66,
    67, 66, 66, 70, 65, 65, 68, 70, 67, 67, 67, 67, 68, 69, 67, 67, 66,
    70, 66, 70, 68, 66, 68, 66, 68, 70, 68, 65, 68, 65, 67, 68, 67, 67,
    68 ]
