%YAML:1.0
---
videoName: "headNod8.mp4"
gestureLabel: 202
fps: 29
pixelSizeInCmTemp: 3.1933333333333330e-01
faceCenterPointX: 262
faceCenterPointY: 74
headPositionsX: [ 263, 263, 261, 261, 263, 261, 263, 262, 259, 263, 261,
    261, 263, 262, 262, 260, 262, 262, 261, 261, 260, 264, 260, 261, 262,
    258, 259, 262, 264, 263, 259, 260, 262, 263, 263, 263, 262, 264, 262,
    260, 260, 260, 260, 264, 263, 263, 263, 261, 261, 262, 259, 262, 263,
    263, 262, 259, 262, 257, 261, 258, 262, 260, 259, 260, 262, 261, 259,
    259, 263, 260, 260, 260, 263, 261, 260, 260, 259, 262, 262, 260, 260,
    262, 263, 263, 263, 263, 264, 261, 265, 262, 263, 264, 262, 260, 261,
    264, 261, 261, 260, 261 ]
headPositionsY: [ 74, 79, 74, 78, 78, 76, 77, 75, 77, 76, 77, 78, 76, 76,
    77, 76, 77, 77, 77, 76, 77, 76, 75, 76, 75, 73, 74, 75, 75, 76, 77,
    75, 75, 78, 78, 78, 77, 77, 74, 74, 74, 70, 69, 69, 68, 66, 66, 68,
    72, 75, 78, 81, 83, 83, 84, 79, 79, 73, 74, 70, 72, 67, 72, 74, 78,
    80, 83, 82, 84, 79, 78, 74, 69, 69, 70, 74, 75, 75, 79, 79, 83, 82,
    81, 76, 74, 74, 73, 71, 72, 73, 76, 77, 76, 76, 77, 78, 78, 78, 74,
    75 ]
