%YAML:1.0
---
videoName: "headNod10.mp4"
gestureLabel: 202
fps: 29
pixelSizeInCmTemp: 3.2808219178082193e-01
faceCenterPointX: 260
faceCenterPointY: 67
headPositionsX: [ 261, 261, 258, 256, 259, 258, 258, 259, 257, 260, 260,
    257, 260, 258, 259, 260, 260, 260, 257, 256, 259, 257, 260, 259, 257,
    261, 261, 259, 256, 258, 257, 257, 258, 261, 260, 257, 257, 259, 258,
    259, 260, 261, 258, 261, 261, 259, 260, 260, 263, 263, 262, 259, 260,
    260, 260, 261, 259, 257, 260, 260, 259, 261, 261, 262, 257, 262, 259,
    258, 257, 259, 259, 257, 257, 259, 260, 260, 260, 258, 257, 258, 260,
    259, 260, 259, 256, 257, 258, 260, 260, 259, 257, 260, 260, 259, 260,
    258, 259, 263, 260, 259 ]
headPositionsY: [ 66, 71, 69, 70, 68, 70, 70, 69, 72, 70, 72, 68, 71, 71,
    71, 70, 72, 71, 72, 71, 71, 71, 69, 70, 72, 72, 70, 72, 72, 72, 71,
    68, 72, 70, 68, 71, 69, 71, 69, 69, 74, 74, 71, 69, 68, 66, 65, 60,
    61, 65, 63, 65, 66, 71, 72, 75, 74, 71, 69, 65, 64, 63, 64, 64, 67,
    70, 69, 73, 75, 74, 75, 75, 69, 68, 63, 67, 67, 65, 67, 73, 74, 78,
    77, 76, 72, 73, 69, 69, 68, 69, 65, 66, 67, 68, 68, 66, 67, 68, 68,
    66 ]
