%YAML:1.0
---
videoName: "headLookRight5.mp4"
gestureLabel: 204
fps: 29
pixelSizeInCmTemp: 3.1513157894736843e-01
faceCenterPointX: 228
faceCenterPointY: 76
headPositionsX: [ 230, 250, 247, 250, 248, 249, 250, 250, 250, 251, 247,
    250, 250, 248, 249, 251, 251, 250, 250, 251, 250, 248, 248, 247, 248,
    250, 250, 248, 250, 246, 249, 249, 245, 245, 241, 243, 236, 237, 232,
    229, 230, 229, 225, 225, 226, 225, 226, 222, 225, 228, 225, 227, 222,
    229, 225, 225, 227, 224, 227, 223, 225, 224, 228, 226, 229, 227, 226,
    228, 226, 226, 225, 223, 227, 227, 226, 227, 228, 226, 227, 223, 221,
    223, 226, 224, 225, 228, 229, 224, 227, 225, 225, 228, 224, 227, 223,
    224, 227, 226, 226, 223 ]
headPositionsY: [ 78, 75, 73, 74, 72, 77, 76, 75, 74, 72, 76, 76, 74, 72,
    76, 76, 75, 74, 75, 73, 74, 72, 73, 76, 74, 77, 74, 74, 74, 74, 73,
    76, 76, 72, 75, 73, 72, 75, 74, 73, 75, 75, 76, 76, 75, 76, 72, 76,
    73, 77, 74, 73, 74, 76, 73, 75, 73, 73, 73, 76, 75, 72, 74, 73, 77,
    74, 77, 76, 75, 73, 75, 74, 72, 76, 75, 72, 75, 73, 72, 70, 77, 75,
    74, 74, 73, 77, 72, 72, 76, 77, 71, 77, 75, 78, 70, 74, 72, 72, 72,
    75 ]
