%YAML:1.0
---
videoName: "headShake3.mp4"
gestureLabel: 201
fps: 30
pixelSizeInCmTemp: 3.3263888888888887e-01
faceCenterPointX: 240
faceCenterPointY: 101
headPositionsX: [ 238, 241, 240, 243, 243, 240, 240, 243, 239, 239, 243,
    241, 239, 242, 242, 242, 244, 242, 239, 243, 241, 241, 240, 242, 243,
    243, 243, 242, 242, 241, 237, 238, 240, 241, 247, 247, 255, 254, 258,
    258, 254, 249, 248, 242, 239, 231, 228, 230, 226, 231, 234, 238, 241,
    249, 250, 251, 248, 248, 243, 239, 234, 227, 227, 227, 223, 226, 229,
    234, 240, 241, 247, 247, 245, 247, 244, 242, 238, 239, 237, 233, 233,
    233, 232, 235, 236, 237, 237, 239, 240, 239, 239, 238, 241, 242, 242,
    239, 239, 241, 243, 238 ]
headPositionsY: [ 101, 100, 98, 99, 98, 99, 101, 98, 98, 99, 98, 100,
    101, 97, 97, 99, 97, 101, 97, 98, 101, 101, 100, 99, 100, 101, 99,
    98, 97, 98, 97, 100, 100, 98, 98, 99, 99, 97, 97, 96, 98, 98, 101,
    100, 98, 100, 97, 97, 100, 99, 99, 101, 100, 97, 99, 100, 99, 97,
    100, 101, 99, 96, 98, 97, 96, 98, 98, 101, 97, 98, 101, 98, 98, 98,
    101, 101, 97, 99, 97, 102, 101, 98, 99, 100, 101, 101, 98, 101, 102,
    102, 102, 102, 99, 102, 102, 100, 101, 102, 101, 102 ]
