%YAML:1.0
---
videoName: "headShake23.mp4"
gestureLabel: 201
fps: 29
pixelSizeInCmTemp: 3.2808219178082193e-01
faceCenterPointX: 240
faceCenterPointY: 77
headPositionsX: [ 242, 241, 244, 241, 244, 241, 242, 242, 242, 244, 240,
    239, 240, 244, 241, 242, 243, 242, 239, 240, 238, 240, 246, 246, 250,
    250, 251, 254, 255, 255, 255, 256, 254, 248, 246, 245, 242, 236, 236,
    233, 232, 230, 228, 229, 227, 232, 233, 232, 234, 237, 243, 243, 246,
    250, 249, 253, 254, 254, 254, 252, 252, 247, 248, 244, 240, 241, 239,
    237, 237, 236, 235, 235, 236, 235, 234, 235, 235, 238, 238, 236, 239,
    239, 238, 241, 243, 241, 243, 245, 243, 244, 246, 247, 243, 242, 245,
    242, 242, 241, 243, 242 ]
headPositionsY: [ 78, 77, 76, 76, 75, 78, 76, 78, 78, 78, 78, 79, 74, 77,
    76, 79, 78, 76, 78, 77, 78, 78, 79, 79, 76, 76, 74, 76, 75, 75, 75,
    78, 75, 76, 77, 79, 76, 79, 78, 78, 75, 75, 75, 78, 75, 79, 77, 77,
    80, 76, 79, 75, 79, 78, 77, 75, 76, 78, 77, 74, 76, 76, 77, 78, 76,
    80, 76, 80, 77, 76, 76, 77, 79, 80, 78, 76, 78, 76, 80, 76, 77, 78,
    75, 78, 78, 79, 76, 79, 77, 77, 76, 79, 78, 79, 77, 80, 78, 76, 78,
    77 ]
