%YAML:1.0
---
videoName: "headLookRight0.mp4"
gestureLabel: 204
fps: 29
pixelSizeInCmTemp: 3.1933333333333330e-01
faceCenterPointX: 229
faceCenterPointY: 68
headPositionsX: [ 230, 256, 258, 256, 257, 258, 258, 257, 255, 258, 254,
    259, 258, 259, 256, 259, 258, 255, 257, 258, 255, 256, 258, 256, 257,
    257, 257, 254, 256, 256, 253, 257, 255, 257, 256, 256, 257, 254, 253,
    255, 250, 251, 248, 243, 244, 242, 239, 237, 237, 234, 232, 234, 234,
    233, 233, 234, 234, 234, 231, 230, 233, 232, 235, 234, 233, 232, 233,
    233, 234, 236, 232, 238, 232, 237, 234, 230, 229, 229, 233, 230, 232,
    231, 231, 230, 234, 230, 230, 233, 231, 231, 229, 232, 231, 229, 227,
    227, 231, 229, 226, 231 ]
headPositionsY: [ 66, 65, 66, 67, 64, 67, 62, 66, 64, 65, 67, 67, 68, 65,
    65, 68, 68, 66, 65, 67, 70, 67, 66, 69, 66, 68, 70, 65, 69, 68, 68,
    66, 67, 66, 67, 69, 67, 67, 66, 68, 65, 65, 66, 69, 69, 68, 69, 70,
    67, 66, 69, 69, 69, 68, 67, 67, 70, 67, 66, 69, 70, 69, 67, 69, 66,
    65, 65, 68, 68, 66, 69, 68, 67, 66, 70, 66, 69, 67, 67, 69, 68, 69,
    66, 66, 69, 69, 69, 67, 65, 67, 66, 67, 71, 67, 70, 68, 70, 67, 70,
    71 ]
