%YAML:1.0
---
videoName: "headShake18.mp4"
gestureLabel: 201
fps: 30
pixelSizeInCmTemp: 3.2808219178082193e-01
faceCenterPointX: 240
faceCenterPointY: 77
headPositionsX: [ 238, 243, 244, 240, 241, 241, 240, 242, 239, 242, 240,
    239, 243, 240, 243, 239, 240, 242, 240, 239, 239, 241, 241, 241, 241,
    241, 241, 241, 242, 242, 241, 238, 239, 241, 238, 240, 244, 248, 251,
    249, 253, 250, 250, 249, 249, 241, 240, 233, 231, 228, 230, 232, 235,
    239, 242, 246, 247, 248, 250, 246, 246, 238, 238, 236, 232, 235, 237,
    234, 240, 240, 241, 242, 244, 245, 242, 243, 240, 235, 239, 238, 235,
    237, 237, 238, 241, 240, 242, 242, 243, 243, 240, 240, 241, 239, 242,
    241, 238, 241, 242, 242 ]
headPositionsY: [ 77, 77, 74, 77, 75, 74, 75, 73, 73, 77, 73, 74, 77, 76,
    78, 77, 77, 78, 78, 77, 75, 77, 76, 78, 75, 74, 76, 75, 76, 78, 77,
    76, 76, 75, 78, 76, 76, 76, 77, 77, 74, 74, 73, 75, 78, 78, 74, 78,
    75, 76, 75, 74, 77, 78, 75, 75, 78, 76, 74, 79, 76, 78, 78, 75, 75,
    78, 79, 78, 76, 78, 79, 79, 76, 76, 76, 79, 76, 78, 79, 75, 78, 76,
    77, 75, 79, 79, 75, 76, 78, 78, 80, 79, 76, 77, 77, 76, 76, 78, 78,
    77 ]
