%YAML:1.0
---
videoName: "headLookUp9.mp4"
gestureLabel: 205
fps: 29
pixelSizeInCmTemp: 3.3732394366197183e-01
faceCenterPointX: 251
faceCenterPointY: 57
headPositionsX: [ 251, 252, 250, 251, 252, 250, 253, 250, 250, 254, 253,
    251, 252, 250, 252, 250, 250, 253, 250, 251, 250, 253, 249, 250, 252,
    252, 253, 251, 250, 252, 250, 250, 254, 251, 253, 249, 253, 253, 252,
    251, 250, 253, 252, 249, 253, 252, 252, 252, 251, 249, 252, 251, 252,
    250, 250, 249, 250, 249, 253, 250, 252, 253, 250, 250, 250, 250, 251,
    250, 250, 251, 252, 253, 252, 250, 250, 249, 249, 251, 252, 250, 251,
    252, 249, 250, 251, 248, 251, 251, 252, 250, 249, 250, 253, 251, 252,
    251, 250, 253, 252, 251 ]
headPositionsY: [ 58, 72, 74, 72, 73, 72, 73, 72, 75, 74, 75, 75, 73, 72,
    73, 72, 74, 76, 75, 74, 73, 73, 75, 76, 74, 71, 75, 75, 72, 72, 71,
    72, 70, 70, 69, 69, 69, 66, 69, 67, 65, 63, 65, 62, 60, 59, 60, 59,
    57, 60, 56, 59, 59, 57, 57, 58, 60, 59, 58, 58, 58, 55, 55, 59, 57,
    59, 55, 57, 57, 58, 58, 56, 60, 56, 57, 58, 57, 55, 58, 59, 56, 59,
    59, 58, 59, 57, 57, 57, 56, 55, 57, 56, 55, 58, 56, 59, 55, 55, 56,
    55 ]
