%YAML:1.0
---
videoName: "headLookRight3.mp4"
gestureLabel: 204
fps: 29
pixelSizeInCmTemp: 3.5746268656716418e-01
faceCenterPointX: 232
faceCenterPointY: 71
headPositionsX: [ 233, 252, 254, 252, 251, 253, 254, 254, 251, 254, 256,
    254, 255, 253, 256, 255, 253, 252, 254, 256, 255, 255, 255, 254, 253,
    252, 252, 257, 255, 256, 252, 257, 254, 254, 254, 257, 252, 253, 254,
    250, 249, 247, 245, 246, 241, 242, 239, 237, 237, 235, 232, 233, 235,
    232, 232, 233, 232, 231, 230, 231, 231, 234, 233, 234, 230, 233, 231,
    234, 234, 231, 230, 231, 234, 234, 230, 231, 234, 233, 230, 232, 235,
    232, 234, 234, 235, 232, 233, 235, 233, 233, 232, 234, 231, 231, 233,
    232, 231, 234, 236, 233 ]
headPositionsY: [ 71, 69, 69, 71, 71, 69, 68, 70, 71, 71, 72, 71, 72, 68,
    69, 71, 71, 71, 69, 69, 72, 73, 73, 71, 72, 71, 74, 72, 69, 71, 69,
    69, 69, 71, 71, 71, 71, 73, 73, 72, 73, 72, 69, 71, 70, 70, 69, 71,
    71, 73, 70, 69, 73, 72, 71, 73, 70, 73, 72, 72, 73, 73, 74, 71, 74,
    72, 76, 70, 70, 75, 72, 69, 72, 70, 73, 73, 70, 70, 70, 73, 73, 70,
    72, 74, 70, 72, 69, 69, 69, 69, 72, 73, 72, 69, 69, 73, 73, 71, 71,
    72 ]
