%YAML:1.0
---
videoName: "headNod39.mp4"
gestureLabel: 202
fps: 29
pixelSizeInCmTemp: 2.9937500000000000e-01
faceCenterPointX: 268
faceCenterPointY: 78
headPositionsX: [ 268, 268, 266, 269, 266, 270, 271, 268, 267, 269, 266,
    267, 269, 269, 267, 269, 270, 267, 270, 267, 271, 269, 267, 269, 268,
    269, 270, 269, 268, 271, 267, 269, 270, 270, 267, 268, 270, 271, 268,
    270, 269, 266, 268, 269, 269, 266, 270, 269, 266, 268, 266, 266, 267,
    268, 266, 267, 265, 266, 267, 266, 268, 264, 265, 268, 269, 265, 267,
    267, 264, 264, 267, 266, 268, 265, 268, 267, 267, 266, 268, 265, 266,
    269, 269, 269, 266, 268, 268, 264, 268, 269, 269, 265, 269, 267, 269,
    270, 268, 266, 268, 267 ]
headPositionsY: [ 77, 79, 76, 76, 75, 78, 79, 76, 76, 78, 74, 76, 78, 77,
    76, 74, 76, 78, 78, 76, 76, 79, 76, 77, 77, 78, 75, 75, 76, 77, 75,
    74, 75, 77, 78, 75, 79, 76, 78, 79, 82, 81, 86, 86, 84, 81, 78, 75,
    77, 73, 74, 74, 75, 77, 80, 83, 88, 90, 92, 87, 85, 80, 78, 74, 71,
    71, 75, 76, 77, 78, 81, 84, 83, 83, 77, 77, 73, 77, 73, 76, 77, 79,
    80, 79, 79, 80, 80, 79, 77, 77, 80, 79, 76, 77, 76, 77, 80, 77, 78,
    80 ]
