%YAML:1.0
---
videoName: "headShake36.mp4"
gestureLabel: 201
fps: 29
pixelSizeInCmTemp: 3.2364864864864862e-01
faceCenterPointX: 263
faceCenterPointY: 80
headPositionsX: [ 264, 265, 262, 265, 262, 262, 263, 267, 272, 274, 274,
    278, 278, 280, 279, 283, 286, 279, 279, 277, 276, 274, 269, 267, 260,
    257, 257, 254, 250, 248, 249, 248, 248, 247, 245, 247, 248, 249, 247,
    254, 259, 259, 265, 268, 271, 272, 274, 277, 279, 281, 281, 283, 280,
    278, 274, 272, 271, 267, 264, 260, 257, 252, 251, 252, 249, 248, 251,
    249, 249, 253, 255, 258, 259, 260, 261, 267, 268, 264, 268, 269, 269,
    265, 268, 267, 267, 266, 264, 266, 266, 265, 262, 261, 263, 263, 263,
    263, 265, 262, 261, 261 ]
headPositionsY: [ 80, 78, 77, 80, 78, 78, 79, 77, 80, 76, 79, 77, 78, 76,
    77, 79, 76, 75, 76, 77, 78, 82, 82, 84, 82, 79, 81, 81, 78, 78, 83,
    83, 81, 80, 80, 82, 83, 80, 83, 81, 81, 80, 80, 79, 80, 77, 81, 77,
    78, 80, 76, 77, 80, 79, 77, 81, 79, 81, 82, 81, 79, 79, 80, 80, 80,
    79, 77, 82, 79, 80, 80, 79, 80, 80, 83, 83, 81, 81, 79, 83, 78, 81,
    79, 81, 81, 81, 81, 79, 81, 82, 79, 82, 82, 78, 82, 79, 78, 79, 80,
    81 ]
