%YAML:1.0
---
videoName: "headLookRight8.mp4"
gestureLabel: 204
fps: 29
pixelSizeInCmTemp: 3.1513157894736843e-01
faceCenterPointX: 218
faceCenterPointY: 80
headPositionsX: [ 220, 250, 247, 248, 248, 251, 250, 246, 249, 250, 247,
    249, 247, 246, 244, 246, 248, 247, 247, 243, 247, 249, 245, 244, 249,
    245, 248, 245, 247, 245, 244, 245, 248, 247, 245, 248, 249, 246, 244,
    249, 248, 248, 248, 245, 245, 248, 246, 246, 247, 248, 244, 247, 244,
    245, 248, 248, 247, 245, 245, 248, 248, 244, 244, 247, 244, 243, 246,
    248, 246, 242, 243, 237, 235, 235, 232, 227, 225, 223, 222, 220, 218,
    217, 214, 216, 217, 218, 216, 218, 220, 216, 216, 219, 220, 219, 218,
    220, 218, 216, 218, 220 ]
headPositionsY: [ 79, 75, 72, 73, 73, 72, 73, 72, 74, 73, 76, 73, 74, 77,
    77, 74, 78, 74, 77, 76, 74, 78, 77, 74, 75, 77, 75, 74, 76, 77, 74,
    75, 77, 78, 75, 77, 78, 77, 76, 76, 78, 76, 77, 77, 78, 78, 79, 74,
    76, 76, 77, 75, 76, 79, 78, 75, 74, 75, 76, 77, 76, 79, 79, 77, 79,
    78, 80, 79, 76, 75, 80, 78, 76, 76, 77, 77, 74, 74, 72, 76, 74, 76,
    71, 82, 73, 78, 82, 81, 81, 80, 80, 80, 77, 77, 78, 78, 82, 78, 82,
    80 ]
