%YAML:1.0
---
videoName: "headLookDown2.mp4"
gestureLabel: 206
fps: 29
pixelSizeInCmTemp: 3.3732394366197183e-01
faceCenterPointX: 274
faceCenterPointY: 95
headPositionsX: [ 273, 272, 275, 274, 272, 275, 275, 272, 273, 275, 274,
    273, 273, 274, 275, 274, 273, 273, 273, 272, 274, 271, 271, 273, 275,
    273, 274, 275, 272, 275, 271, 274, 275, 273, 272, 276, 276, 273, 273,
    272, 273, 274, 272, 274, 276, 273, 275, 275, 271, 271, 273, 271, 272,
    275, 271, 272, 272, 274, 276, 273, 272, 276, 275, 274, 275, 276, 273,
    274, 277, 274, 272, 274, 276, 276, 274, 275, 274, 274, 276, 274, 275,
    277, 273, 277, 274, 275, 277, 277, 276, 276, 273, 275, 274, 275, 274,
    275, 277, 276, 277, 273 ]
headPositionsY: [ 94, 81, 81, 81, 81, 81, 77, 80, 78, 81, 77, 81, 79, 78,
    81, 81, 79, 77, 78, 81, 79, 81, 78, 80, 81, 80, 81, 78, 82, 79, 77,
    78, 78, 79, 82, 83, 82, 84, 86, 87, 85, 88, 91, 93, 95, 93, 95, 94,
    93, 94, 94, 92, 96, 96, 96, 95, 95, 97, 94, 96, 94, 94, 93, 93, 97,
    94, 93, 97, 93, 94, 95, 93, 96, 94, 95, 97, 94, 93, 93, 97, 95, 96,
    94, 95, 96, 97, 94, 95, 96, 96, 98, 97, 94, 96, 94, 96, 97, 93, 95,
    97 ]
