%YAML:1.0
---
videoName: "headShake27.mp4"
gestureLabel: 201
fps: 29
pixelSizeInCmTemp: 3.3263888888888887e-01
faceCenterPointX: 244
faceCenterPointY: 78
headPositionsX: [ 246, 244, 248, 250, 250, 253, 254, 255, 257, 256, 255,
    256, 255, 256, 252, 248, 246, 244, 244, 243, 239, 238, 237, 235, 236,
    234, 230, 234, 232, 234, 234, 233, 235, 234, 239, 238, 238, 240, 246,
    247, 248, 246, 251, 251, 251, 249, 248, 250, 250, 246, 244, 243, 242,
    243, 238, 239, 236, 232, 232, 234, 231, 231, 234, 236, 233, 237, 236,
    236, 243, 240, 241, 243, 247, 248, 249, 246, 246, 249, 247, 247, 246,
    248, 246, 247, 248, 246, 247, 246, 243, 244, 243, 246, 245, 243, 245,
    244, 245, 244, 247, 244 ]
headPositionsY: [ 78, 77, 78, 76, 79, 78, 77, 74, 75, 76, 76, 76, 76, 76,
    81, 76, 80, 80, 78, 77, 78, 79, 76, 78, 77, 78, 76, 78, 78, 76, 77,
    79, 78, 77, 81, 78, 79, 79, 78, 81, 80, 78, 81, 79, 80, 81, 78, 77,
    81, 77, 81, 78, 79, 80, 80, 80, 77, 78, 78, 77, 79, 77, 78, 77, 77,
    81, 80, 79, 79, 80, 78, 80, 79, 77, 81, 82, 79, 80, 80, 82, 78, 81,
    80, 81, 80, 81, 79, 82, 78, 81, 82, 79, 79, 81, 82, 77, 78, 77, 81,
    81 ]
