%YAML:1.0
---
videoName: "headShake37.mp4"
gestureLabel: 201
fps: 30
pixelSizeInCmTemp: 3.1933333333333330e-01
faceCenterPointX: 263
faceCenterPointY: 83
headPositionsX: [ 261, 260, 263, 262, 261, 264, 262, 262, 260, 261, 264,
    263, 263, 261, 262, 261, 264, 264, 262, 260, 260, 262, 259, 264, 260,
    263, 262, 261, 260, 262, 260, 262, 259, 264, 262, 262, 264, 264, 261,
    264, 260, 261, 260, 259, 262, 260, 263, 264, 265, 268, 273, 275, 282,
    279, 283, 277, 273, 267, 256, 253, 251, 252, 254, 257, 263, 266, 268,
    273, 273, 272, 267, 264, 263, 258, 255, 255, 255, 254, 254, 257, 259,
    261, 261, 263, 264, 265, 265, 265, 267, 268, 262, 266, 263, 264, 260,
    263, 263, 261, 266, 263 ]
headPositionsY: [ 82, 83, 82, 86, 83, 85, 85, 82, 83, 81, 83, 81, 85, 85,
    83, 81, 85, 81, 84, 84, 83, 85, 82, 81, 85, 84, 83, 84, 83, 84, 83,
    84, 85, 83, 82, 82, 84, 82, 81, 85, 85, 85, 83, 81, 85, 81, 81, 81,
    85, 83, 80, 79, 78, 80, 81, 80, 83, 84, 83, 84, 83, 83, 81, 81, 83,
    83, 83, 81, 79, 84, 81, 82, 81, 82, 83, 81, 81, 81, 84, 82, 81, 80,
    82, 84, 81, 83, 85, 81, 82, 83, 84, 81, 85, 82, 83, 83, 81, 85, 81,
    83 ]
