%YAML:1.0
---
videoName: "headShake0.mp4"
gestureLabel: 201
fps: 29
pixelSizeInCmTemp: 3.2808219178082193e-01
faceCenterPointX: 279
faceCenterPointY: 94
headPositionsX: [ 279, 277, 281, 281, 278, 279, 280, 278, 278, 280, 279,
    279, 278, 280, 278, 277, 281, 280, 278, 277, 281, 278, 278, 281, 278,
    279, 278, 279, 277, 281, 276, 281, 280, 278, 277, 278, 277, 277, 280,
    278, 279, 282, 287, 289, 291, 295, 299, 298, 303, 302, 296, 293, 288,
    281, 275, 275, 274, 272, 273, 279, 284, 287, 287, 289, 291, 286, 287,
    282, 278, 275, 271, 271, 271, 275, 277, 283, 285, 285, 285, 281, 278,
    277, 276, 276, 275, 274, 277, 276, 278, 279, 279, 281, 281, 280, 277,
    277, 277, 277, 278, 280 ]
headPositionsY: [ 93, 94, 95, 92, 93, 93, 92, 93, 93, 94, 94, 93, 94, 93,
    93, 91, 91, 91, 94, 94, 96, 95, 93, 94, 92, 93, 94, 92, 93, 91, 90,
    94, 95, 93, 94, 93, 93, 95, 92, 96, 95, 94, 90, 92, 93, 88, 89, 89,
    90, 90, 93, 90, 94, 92, 94, 91, 93, 92, 93, 90, 91, 91, 94, 93, 93,
    90, 93, 91, 93, 91, 95, 94, 93, 94, 91, 91, 91, 91, 94, 92, 96, 92,
    95, 91, 92, 95, 95, 93, 93, 93, 94, 96, 94, 94, 95, 95, 94, 93, 94,
    97 ]
