%YAML:1.0
---
videoName: "headNod25.mp4"
gestureLabel: 202
fps: 29
pixelSizeInCmTemp: 3.1933333333333330e-01
faceCenterPointX: 270
faceCenterPointY: 75
headPositionsX: [ 271, 269, 273, 272, 270, 269, 270, 272, 271, 271, 270,
    269, 266, 268, 271, 271, 269, 270, 269, 270, 273, 270, 270, 274, 270,
    270, 271, 274, 274, 273, 275, 272, 272, 271, 275, 273, 274, 274, 272,
    273, 269, 274, 273, 274, 270, 273, 273, 274, 274, 271, 273, 272, 269,
    272, 273, 271, 271, 274, 271, 270, 271, 273, 269, 272, 272, 272, 269,
    272, 272, 270, 269, 270, 269, 272, 272, 272, 269, 270, 272, 272, 269,
    271, 273, 269, 269, 269, 271, 270, 271, 274, 272, 269, 273, 272, 272,
    272, 270, 272, 268, 269 ]
headPositionsY: [ 75, 74, 75, 73, 75, 71, 76, 72, 74, 72, 73, 75, 73, 76,
    75, 75, 76, 74, 77, 77, 76, 76, 75, 73, 76, 76, 76, 74, 73, 74, 77,
    75, 73, 73, 77, 76, 75, 74, 77, 77, 74, 77, 76, 77, 74, 74, 75, 76,
    72, 69, 68, 66, 64, 63, 64, 65, 64, 69, 70, 68, 69, 73, 77, 85, 88,
    89, 86, 86, 86, 79, 78, 73, 71, 72, 70, 67, 70, 69, 71, 71, 74, 78,
    81, 82, 79, 78, 80, 80, 78, 75, 78, 76, 74, 75, 78, 78, 76, 77, 74,
    75 ]
