%YAML:1.0
---
videoName: "headLookRight2.mp4"
gestureLabel: 204
fps: 29
pixelSizeInCmTemp: 3.8015873015873014e-01
faceCenterPointX: 228
faceCenterPointY: 68
headPositionsX: [ 226, 253, 254, 252, 251, 249, 250, 253, 254, 253, 251,
    252, 254, 250, 252, 251, 254, 252, 254, 253, 250, 255, 251, 251, 252,
    251, 255, 252, 252, 256, 256, 255, 252, 253, 256, 253, 253, 252, 254,
    253, 253, 253, 250, 255, 251, 254, 253, 249, 249, 249, 247, 243, 243,
    239, 241, 236, 234, 231, 230, 232, 228, 230, 230, 227, 228, 229, 228,
    228, 225, 225, 228, 228, 228, 229, 227, 228, 229, 230, 228, 229, 232,
    230, 231, 226, 228, 230, 232, 224, 228, 226, 226, 229, 227, 230, 229,
    229, 230, 230, 226, 229 ]
headPositionsY: [ 67, 66, 66, 65, 69, 70, 67, 69, 68, 70, 68, 71, 67, 66,
    69, 67, 69, 69, 67, 68, 67, 69, 71, 71, 68, 70, 70, 72, 71, 71, 70,
    70, 70, 70, 67, 68, 68, 71, 67, 69, 67, 70, 68, 68, 71, 69, 70, 69,
    69, 68, 70, 71, 68, 69, 68, 67, 68, 72, 69, 71, 67, 66, 67, 68, 66,
    66, 68, 68, 72, 71, 72, 66, 68, 67, 71, 72, 70, 71, 71, 72, 71, 69,
    69, 74, 69, 69, 71, 69, 71, 68, 68, 69, 71, 69, 66, 67, 71, 71, 69,
    72 ]
