%YAML:1.0
---
videoName: "headNod41.mp4"
gestureLabel: 202
fps: 29
pixelSizeInCmTemp: 2.9937500000000000e-01
faceCenterPointX: 267
faceCenterPointY: 76
headPositionsX: [ 266, 270, 270, 269, 270, 269, 269, 271, 271, 268, 270,
    270, 270, 268, 271, 269, 272, 270, 271, 272, 271, 272, 273, 271, 270,
    271, 270, 267, 271, 270, 269, 269, 271, 269, 267, 271, 269, 268, 272,
    268, 269, 271, 267, 268, 269, 270, 267, 268, 271, 266, 267, 267, 270,
    267, 269, 269, 269, 267, 268, 270, 270, 268, 270, 270, 270, 268, 270,
    269, 267, 270, 266, 269, 268, 267, 269, 265, 268, 268, 269, 268, 270,
    269, 270, 269, 269, 267, 267, 269, 267, 270, 267, 268, 269, 265, 269,
    269, 269, 265, 268, 270 ]
headPositionsY: [ 77, 72, 74, 71, 71, 75, 74, 73, 75, 72, 71, 75, 72, 72,
    74, 73, 75, 75, 73, 74, 74, 73, 73, 72, 73, 74, 73, 76, 76, 76, 75,
    74, 73, 73, 74, 75, 72, 73, 75, 77, 80, 82, 86, 90, 92, 92, 90, 89,
    84, 76, 78, 71, 68, 64, 65, 67, 65, 67, 73, 76, 80, 84, 90, 95, 94,
    91, 86, 79, 80, 72, 73, 72, 71, 73, 71, 79, 80, 82, 83, 85, 84, 78,
    74, 75, 72, 72, 72, 75, 72, 75, 80, 81, 77, 82, 81, 80, 78, 78, 74,
    79 ]
