%YAML:1.0
---
videoName: "headLookRight8.mp4"
gestureLabel: 204
fps: 29
pixelSizeInCmTemp: 3.1513157894736843e-01
faceCenterPointX: 218
faceCenterPointY: 80
headPositionsX: [ 216, 248, 247, 250, 248, 248, 248, 247, 250, 246, 246,
    246, 247, 244, 247, 247, 247, 249, 248, 243, 245, 246, 249, 246, 248,
    247, 248, 246, 246, 245, 247, 248, 247, 248, 246, 246, 249, 249, 247,
    246, 245, 248, 244, 244, 247, 248, 246, 248, 247, 248, 244, 246, 245,
    244, 248, 244, 244, 247, 247, 248, 244, 245, 245, 245, 244, 246, 245,
    245, 243, 245, 241, 239, 238, 232, 231, 227, 228, 225, 223, 217, 222,
    219, 214, 214, 219, 220, 220, 218, 216, 219, 218, 216, 216, 217, 219,
    219, 217, 216, 216, 219 ]
headPositionsY: [ 80, 74, 73, 72, 74, 73, 73, 72, 71, 74, 76, 77, 73, 76,
    77, 75, 75, 74, 75, 75, 74, 79, 77, 74, 78, 74, 74, 74, 75, 74, 77,
    74, 74, 74, 76, 78, 77, 77, 77, 77, 76, 78, 76, 78, 77, 78, 79, 76,
    75, 79, 77, 77, 79, 80, 78, 79, 75, 77, 78, 77, 76, 78, 76, 78, 77,
    76, 77, 77, 76, 75, 78, 79, 77, 78, 74, 73, 76, 75, 73, 75, 75, 79,
    74, 82, 72, 78, 80, 81, 81, 78, 80, 82, 75, 76, 75, 82, 82, 79, 79,
    81 ]
