%YAML:1.0
---
videoName: "headLookRight2.mp4"
gestureLabel: 204
fps: 29
pixelSizeInCmTemp: 3.8015873015873014e-01
faceCenterPointX: 228
faceCenterPointY: 68
headPositionsX: [ 227, 253, 253, 252, 254, 250, 252, 250, 252, 253, 250,
    250, 252, 253, 253, 252, 253, 253, 253, 250, 250, 252, 250, 251, 254,
    253, 254, 252, 252, 254, 254, 256, 255, 251, 253, 250, 255, 250, 252,
    254, 252, 254, 253, 252, 250, 251, 250, 249, 250, 251, 245, 243, 247,
    241, 238, 235, 233, 233, 233, 232, 228, 226, 229, 230, 227, 229, 225,
    226, 221, 224, 227, 228, 228, 228, 226, 226, 228, 231, 228, 229, 231,
    229, 230, 230, 227, 227, 229, 224, 229, 227, 229, 230, 228, 228, 228,
    227, 227, 229, 225, 229 ]
headPositionsY: [ 68, 68, 69, 65, 67, 67, 66, 67, 68, 70, 67, 69, 69, 69,
    68, 67, 68, 70, 68, 70, 67, 67, 69, 71, 70, 68, 71, 72, 71, 69, 71,
    68, 67, 70, 71, 67, 70, 71, 69, 68, 70, 70, 71, 69, 71, 71, 71, 71,
    69, 68, 66, 67, 70, 67, 67, 67, 69, 70, 68, 72, 69, 68, 68, 69, 66,
    69, 66, 68, 70, 70, 71, 68, 68, 69, 70, 68, 70, 72, 72, 69, 71, 70,
    72, 71, 68, 67, 70, 71, 71, 70, 72, 70, 71, 69, 67, 67, 71, 68, 70,
    71 ]
