%YAML:1.0
---
videoName: "headLookUp4.mp4"
gestureLabel: 205
fps: 30
pixelSizeInCmTemp: 3.6846153846153845e-01
faceCenterPointX: 256
faceCenterPointY: 68
headPositionsX: [ 256, 258, 255, 256, 256, 257, 256, 256, 254, 256, 258,
    256, 257, 258, 256, 257, 255, 255, 258, 257, 258, 254, 255, 256, 256,
    255, 255, 258, 257, 258, 256, 257, 255, 254, 255, 253, 255, 254, 254,
    255, 257, 258, 258, 257, 256, 255, 257, 254, 257, 253, 254, 254, 254,
    258, 256, 257, 256, 257, 255, 253, 257, 254, 256, 256, 257, 257, 258,
    254, 257, 256, 255, 256, 254, 259, 257, 259, 254, 256, 255, 255, 257,
    256, 257, 258, 256, 254, 256, 255, 257, 255, 258, 255, 255, 256, 259,
    255, 256, 258, 257, 257 ]
headPositionsY: [ 70, 84, 83, 81, 82, 84, 82, 84, 81, 84, 84, 82, 83, 82,
    80, 82, 83, 80, 82, 80, 80, 82, 82, 80, 80, 77, 77, 76, 72, 73, 72,
    71, 70, 71, 69, 66, 68, 70, 70, 71, 68, 71, 69, 69, 67, 67, 71, 70,
    69, 66, 70, 68, 67, 70, 67, 70, 69, 69, 67, 70, 67, 66, 65, 67, 72,
    70, 71, 70, 70, 69, 67, 67, 69, 70, 66, 67, 70, 67, 67, 70, 68, 68,
    69, 68, 67, 69, 69, 68, 70, 68, 67, 68, 69, 70, 72, 69, 69, 72, 69,
    69 ]
