%YAML:1.0
---
videoName: "headNod37.mp4"
gestureLabel: 202
fps: 29
pixelSizeInCmTemp: 2.9207317073170730e-01
faceCenterPointX: 269
faceCenterPointY: 78
headPositionsX: [ 267, 273, 272, 273, 269, 269, 272, 270, 269, 267, 269,
    271, 272, 269, 270, 271, 270, 267, 271, 270, 269, 269, 267, 268, 269,
    268, 270, 269, 269, 272, 268, 268, 271, 269, 269, 269, 268, 272, 269,
    269, 271, 268, 268, 271, 271, 267, 268, 268, 270, 269, 271, 269, 268,
    273, 269, 268, 270, 269, 270, 271, 270, 269, 267, 269, 265, 268, 267,
    264, 266, 267, 269, 266, 268, 267, 266, 269, 267, 267, 267, 270, 270,
    272, 270, 269, 268, 270, 271, 269, 270, 269, 270, 270, 270, 268, 270,
    269, 266, 269, 271, 267 ]
headPositionsY: [ 80, 77, 75, 78, 74, 73, 74, 77, 74, 76, 72, 75, 77, 77,
    76, 73, 74, 75, 76, 77, 74, 75, 76, 74, 74, 74, 76, 77, 74, 78, 76,
    75, 75, 77, 78, 77, 74, 78, 75, 78, 74, 75, 77, 74, 78, 78, 76, 74,
    75, 76, 77, 73, 74, 68, 69, 65, 67, 65, 67, 65, 69, 71, 77, 82, 86,
    89, 87, 87, 85, 80, 73, 71, 69, 67, 66, 64, 67, 64, 66, 71, 70, 72,
    76, 78, 82, 81, 82, 81, 81, 81, 80, 77, 78, 76, 80, 76, 77, 80, 77,
    77 ]
