%YAML:1.0
---
videoName: "headShake7.mp4"
gestureLabel: 201
fps: 29
pixelSizeInCmTemp: 3.3263888888888887e-01
faceCenterPointX: 244
faceCenterPointY: 72
headPositionsX: [ 246, 244, 243, 245, 242, 241, 241, 243, 244, 245, 244,
    247, 250, 255, 256, 255, 258, 261, 260, 256, 252, 247, 239, 236, 231,
    234, 235, 242, 245, 251, 259, 256, 261, 258, 257, 251, 243, 238, 235,
    231, 227, 230, 230, 236, 240, 247, 248, 255, 257, 257, 255, 250, 243,
    241, 236, 235, 230, 229, 230, 232, 239, 243, 246, 254, 256, 257, 260,
    255, 252, 250, 247, 245, 240, 237, 236, 232, 236, 236, 234, 240, 240,
    242, 243, 244, 246, 248, 249, 249, 247, 245, 247, 245, 248, 246, 246,
    245, 242, 242, 243, 242 ]
headPositionsY: [ 73, 73, 70, 70, 73, 70, 71, 70, 70, 73, 72, 73, 68, 71,
    71, 67, 67, 70, 71, 69, 71, 71, 72, 72, 69, 72, 70, 70, 71, 68, 70,
    69, 70, 68, 72, 72, 71, 72, 73, 71, 71, 72, 69, 70, 71, 69, 71, 67,
    67, 72, 69, 70, 69, 70, 70, 73, 70, 67, 72, 71, 71, 73, 72, 69, 71,
    68, 69, 69, 72, 69, 70, 69, 71, 71, 70, 70, 70, 68, 71, 71, 72, 73,
    70, 74, 72, 73, 72, 69, 69, 72, 72, 71, 71, 73, 72, 74, 71, 71, 70,
    73 ]
