%YAML:1.0
---
videoName: "headShake44.mp4"
gestureLabel: 201
fps: 30
pixelSizeInCmTemp: 3.2808219178082193e-01
faceCenterPointX: 260
faceCenterPointY: 84
headPositionsX: [ 259, 260, 260, 259, 262, 262, 259, 262, 258, 262, 260,
    262, 261, 262, 261, 261, 262, 263, 260, 261, 263, 260, 263, 261, 263,
    260, 259, 261, 262, 259, 260, 260, 258, 259, 262, 261, 261, 260, 263,
    264, 264, 267, 273, 274, 273, 273, 270, 265, 264, 257, 252, 249, 250,
    254, 258, 261, 266, 269, 270, 271, 265, 264, 257, 255, 255, 258, 258,
    263, 269, 271, 273, 269, 264, 260, 256, 252, 250, 250, 254, 255, 258,
    257, 260, 263, 259, 264, 261, 261, 264, 260, 263, 258, 259, 260, 261,
    263, 260, 260, 259, 262 ]
headPositionsY: [ 83, 82, 84, 81, 83, 82, 84, 82, 83, 85, 81, 83, 85, 84,
    83, 81, 82, 81, 83, 81, 81, 83, 82, 84, 82, 81, 82, 85, 84, 84, 82,
    84, 81, 82, 85, 81, 81, 83, 81, 81, 82, 82, 80, 81, 84, 84, 84, 87,
    85, 86, 84, 85, 84, 84, 85, 86, 86, 83, 82, 84, 87, 84, 86, 86, 85,
    83, 84, 86, 83, 85, 81, 81, 84, 82, 84, 81, 86, 82, 85, 84, 84, 84,
    86, 84, 84, 86, 86, 86, 86, 83, 82, 86, 85, 87, 85, 85, 83, 88, 86,
    83 ]
