%YAML:1.0
---
videoName: "headLookRight6.mp4"
gestureLabel: 204
fps: 29
pixelSizeInCmTemp: 3.8015873015873014e-01
faceCenterPointX: 226
faceCenterPointY: 72
headPositionsX: [ 224, 249, 250, 247, 246, 248, 250, 248, 247, 248, 251,
    249, 249, 250, 251, 249, 251, 251, 249, 250, 252, 253, 251, 252, 251,
    250, 252, 252, 249, 250, 252, 249, 250, 251, 246, 248, 245, 239, 236,
    233, 230, 233, 229, 230, 225, 228, 224, 225, 225, 227, 227, 227, 229,
    228, 228, 226, 226, 226, 229, 229, 229, 229, 227, 226, 228, 227, 224,
    225, 227, 227, 225, 225, 230, 230, 228, 223, 227, 228, 225, 229, 228,
    227, 224, 225, 226, 228, 229, 231, 226, 224, 228, 228, 232, 225, 227,
    228, 225, 229, 228, 224 ]
headPositionsY: [ 74, 71, 71, 73, 71, 71, 74, 74, 74, 72, 74, 75, 71, 74,
    75, 72, 75, 75, 73, 76, 76, 76, 74, 76, 76, 74, 72, 76, 72, 75, 74,
    74, 73, 73, 73, 73, 74, 74, 75, 72, 75, 73, 71, 76, 75, 73, 73, 73,
    76, 75, 75, 71, 75, 72, 72, 74, 77, 73, 74, 75, 78, 74, 74, 70, 76,
    73, 74, 71, 78, 73, 74, 75, 75, 75, 70, 73, 74, 74, 76, 76, 75, 75,
    71, 72, 73, 75, 76, 76, 72, 75, 74, 74, 77, 75, 72, 77, 72, 75, 76,
    69 ]
