%YAML:1.0
---
videoName: "headLookRight8.mp4"
gestureLabel: 204
fps: 29
pixelSizeInCmTemp: 3.1513157894736843e-01
faceCenterPointX: 218
faceCenterPointY: 80
headPositionsX: [ 217, 249, 247, 250, 247, 249, 248, 246, 249, 248, 250,
    246, 245, 244, 247, 244, 249, 249, 244, 245, 244, 248, 247, 246, 246,
    248, 246, 248, 245, 249, 248, 248, 248, 246, 247, 249, 248, 247, 245,
    246, 244, 247, 244, 246, 248, 247, 244, 245, 247, 245, 248, 244, 247,
    245, 248, 245, 244, 248, 245, 246, 244, 245, 245, 248, 247, 247, 244,
    244, 243, 244, 244, 238, 235, 233, 230, 226, 228, 225, 220, 218, 218,
    217, 214, 217, 219, 217, 217, 218, 219, 219, 217, 218, 218, 218, 221,
    217, 219, 217, 217, 218 ]
headPositionsY: [ 80, 75, 74, 75, 76, 74, 75, 74, 74, 75, 75, 73, 75, 76,
    73, 73, 76, 75, 77, 77, 76, 78, 77, 77, 77, 74, 74, 78, 78, 76, 76,
    78, 78, 74, 76, 79, 76, 75, 75, 75, 75, 75, 79, 76, 75, 76, 77, 75,
    77, 78, 76, 77, 75, 80, 79, 76, 78, 76, 76, 78, 74, 77, 79, 76, 80,
    75, 80, 80, 77, 76, 76, 80, 79, 75, 74, 75, 75, 76, 71, 72, 74, 80,
    74, 81, 74, 81, 82, 79, 81, 80, 78, 79, 74, 77, 75, 79, 78, 81, 80,
    80 ]
