%YAML:1.0
---
videoName: "headLookRight7.mp4"
gestureLabel: 204
fps: 30
pixelSizeInCmTemp: 3.4710144927536229e-01
faceCenterPointX: 226
faceCenterPointY: 74
headPositionsX: [ 226, 250, 247, 248, 250, 251, 247, 249, 250, 247, 248,
    252, 248, 251, 249, 250, 251, 247, 251, 249, 247, 249, 251, 250, 250,
    248, 249, 247, 245, 246, 242, 241, 238, 239, 235, 231, 229, 226, 229,
    226, 229, 226, 222, 223, 220, 222, 226, 223, 222, 220, 225, 225, 225,
    224, 226, 224, 223, 224, 223, 224, 223, 225, 221, 221, 224, 224, 225,
    223, 225, 224, 220, 225, 225, 226, 225, 223, 224, 225, 223, 224, 221,
    223, 227, 224, 222, 221, 225, 225, 226, 222, 222, 222, 222, 226, 223,
    222, 222, 225, 223, 226 ]
headPositionsY: [ 75, 77, 76, 74, 76, 74, 74, 73, 73, 73, 73, 74, 74, 72,
    73, 72, 74, 76, 73, 75, 75, 77, 73, 76, 77, 76, 74, 73, 74, 73, 77,
    77, 75, 73, 75, 75, 77, 76, 76, 72, 73, 75, 74, 76, 76, 72, 73, 73,
    74, 76, 75, 74, 76, 72, 72, 72, 72, 74, 72, 73, 74, 72, 73, 73, 74,
    75, 76, 71, 72, 75, 78, 72, 74, 74, 74, 75, 76, 74, 76, 73, 75, 75,
    76, 75, 76, 73, 72, 73, 74, 72, 76, 72, 75, 75, 75, 72, 72, 75, 71,
    75 ]
