%YAML:1.0
---
videoName: "headNod29.mp4"
gestureLabel: 202
fps: 29
pixelSizeInCmTemp: 3.1933333333333330e-01
faceCenterPointX: 271
faceCenterPointY: 70
headPositionsX: [ 269, 275, 276, 273, 272, 276, 271, 275, 275, 272, 272,
    271, 274, 271, 274, 270, 274, 272, 271, 273, 270, 273, 270, 274, 270,
    273, 272, 273, 272, 269, 269, 269, 270, 271, 273, 270, 271, 268, 271,
    272, 271, 272, 270, 270, 273, 270, 272, 273, 272, 272, 269, 273, 273,
    273, 271, 271, 268, 273, 270, 272, 270, 271, 267, 273, 269, 271, 268,
    271, 268, 270, 271, 273, 271, 273, 271, 272, 273, 269, 269, 273, 273,
    272, 270, 272, 271, 270, 273, 272, 272, 270, 272, 269, 271, 269, 271,
    269, 270, 273, 268, 270 ]
headPositionsY: [ 70, 73, 75, 75, 72, 74, 78, 77, 79, 81, 81, 81, 77, 75,
    70, 68, 68, 67, 69, 65, 68, 68, 70, 71, 74, 75, 80, 79, 81, 78, 80,
    79, 76, 73, 73, 74, 73, 69, 70, 72, 73, 77, 79, 77, 81, 79, 78, 76,
    75, 72, 75, 72, 74, 78, 80, 82, 79, 79, 78, 77, 77, 74, 73, 78, 78,
    75, 78, 77, 76, 72, 70, 72, 68, 71, 68, 70, 73, 74, 78, 77, 74, 75,
    75, 70, 72, 72, 73, 69, 71, 67, 68, 71, 72, 71, 68, 69, 70, 69, 68,
    73 ]
