%YAML:1.0
---
videoName: "headShake34.mp4"
gestureLabel: 201
fps: 29
pixelSizeInCmTemp: 3.2364864864864862e-01
faceCenterPointX: 263
faceCenterPointY: 83
headPositionsX: [ 261, 265, 264, 266, 264, 263, 265, 264, 263, 264, 263,
    266, 263, 265, 262, 265, 262, 262, 266, 262, 265, 264, 265, 263, 265,
    264, 264, 266, 263, 262, 264, 263, 264, 262, 264, 267, 266, 269, 267,
    270, 272, 273, 272, 277, 275, 278, 276, 275, 275, 277, 274, 268, 264,
    258, 253, 255, 254, 252, 254, 254, 260, 262, 266, 265, 268, 270, 268,
    267, 266, 260, 257, 253, 253, 254, 255, 256, 260, 260, 261, 266, 265,
    263, 265, 267, 266, 265, 263, 266, 264, 267, 266, 265, 264, 263, 266,
    262, 263, 264, 262, 261 ]
headPositionsY: [ 84, 80, 83, 84, 83, 86, 84, 85, 82, 86, 85, 84, 85, 83,
    84, 83, 81, 85, 81, 82, 85, 82, 83, 83, 81, 83, 81, 84, 82, 85, 83,
    85, 86, 84, 84, 84, 81, 82, 85, 84, 80, 82, 82, 80, 82, 81, 83, 82,
    80, 82, 80, 86, 81, 82, 80, 79, 80, 82, 83, 84, 86, 81, 85, 84, 82,
    80, 85, 82, 82, 85, 82, 80, 83, 85, 83, 85, 83, 83, 85, 83, 81, 84,
    81, 81, 84, 85, 82, 83, 85, 83, 82, 84, 85, 85, 84, 85, 84, 83, 85,
    82 ]
