%YAML:1.0
---
videoName: "headLookRight5.mp4"
gestureLabel: 204
fps: 29
pixelSizeInCmTemp: 3.1513157894736843e-01
faceCenterPointX: 228
faceCenterPointY: 76
headPositionsX: [ 230, 248, 249, 248, 250, 251, 247, 250, 251, 248, 247,
    248, 248, 247, 252, 250, 247, 251, 248, 249, 247, 247, 252, 251, 250,
    252, 250, 250, 250, 249, 250, 247, 248, 245, 243, 240, 240, 236, 232,
    229, 228, 230, 225, 226, 223, 228, 224, 223, 228, 230, 223, 226, 219,
    229, 226, 227, 227, 227, 226, 223, 224, 220, 226, 226, 226, 225, 227,
    228, 226, 227, 226, 221, 226, 225, 226, 227, 228, 229, 225, 226, 221,
    226, 226, 224, 226, 224, 227, 225, 225, 225, 224, 227, 222, 227, 224,
    223, 225, 226, 226, 225 ]
headPositionsY: [ 74, 74, 73, 74, 74, 74, 72, 72, 74, 73, 73, 75, 75, 74,
    75, 74, 77, 77, 74, 76, 76, 73, 77, 73, 73, 77, 77, 76, 76, 76, 75,
    73, 77, 75, 73, 75, 74, 75, 74, 74, 73, 75, 73, 73, 74, 77, 73, 72,
    76, 75, 74, 75, 73, 75, 73, 73, 76, 72, 76, 73, 75, 76, 74, 75, 76,
    74, 74, 75, 75, 74, 76, 76, 74, 74, 73, 71, 74, 74, 76, 69, 73, 72,
    73, 76, 74, 74, 74, 72, 76, 74, 72, 73, 74, 76, 73, 75, 72, 76, 72,
    74 ]
