%YAML:1.0
---
videoName: "headNod39.mp4"
gestureLabel: 202
fps: 29
pixelSizeInCmTemp: 2.9937500000000000e-01
faceCenterPointX: 268
faceCenterPointY: 78
headPositionsX: [ 266, 267, 265, 269, 270, 268, 267, 269, 270, 267, 269,
    269, 270, 269, 268, 269, 271, 269, 270, 267, 271, 271, 270, 270, 270,
    270, 271, 271, 268, 267, 271, 268, 268, 269, 267, 266, 269, 270, 270,
    270, 269, 269, 268, 270, 267, 268, 270, 267, 267, 266, 265, 268, 269,
    266, 269, 269, 268, 264, 267, 264, 268, 268, 267, 269, 268, 268, 269,
    268, 267, 265, 265, 268, 267, 266, 268, 268, 269, 265, 266, 266, 268,
    268, 268, 268, 265, 267, 269, 268, 268, 269, 265, 268, 270, 268, 265,
    268, 267, 267, 266, 264 ]
headPositionsY: [ 79, 79, 78, 78, 76, 78, 75, 76, 78, 76, 75, 76, 75, 78,
    77, 76, 74, 79, 77, 78, 75, 75, 77, 75, 76, 78, 76, 76, 78, 78, 79,
    76, 78, 77, 74, 78, 76, 77, 78, 79, 82, 83, 87, 88, 85, 80, 79, 73,
    75, 73, 76, 75, 74, 73, 80, 82, 86, 92, 92, 89, 83, 83, 79, 76, 72,
    73, 75, 77, 80, 81, 82, 82, 83, 83, 80, 78, 76, 77, 74, 76, 78, 79,
    81, 82, 81, 78, 79, 80, 79, 79, 80, 78, 80, 79, 76, 77, 77, 77, 77,
    79 ]
