%YAML:1.0
---
videoName: "headShake7.mp4"
gestureLabel: 201
fps: 29
pixelSizeInCmTemp: 3.3263888888888887e-01
faceCenterPointX: 244
faceCenterPointY: 72
headPositionsX: [ 244, 244, 244, 242, 241, 245, 244, 241, 243, 244, 247,
    248, 251, 253, 254, 259, 259, 260, 258, 253, 250, 247, 240, 235, 233,
    232, 233, 242, 244, 254, 257, 257, 262, 256, 257, 250, 244, 238, 232,
    230, 226, 226, 232, 233, 240, 244, 250, 252, 256, 255, 251, 247, 246,
    240, 237, 232, 231, 227, 231, 235, 237, 246, 246, 252, 256, 257, 258,
    255, 255, 253, 246, 242, 238, 238, 236, 235, 237, 234, 236, 240, 237,
    239, 241, 247, 246, 244, 246, 245, 249, 245, 247, 245, 248, 243, 246,
    244, 241, 245, 243, 245 ]
headPositionsY: [ 72, 72, 72, 70, 69, 70, 72, 72, 72, 73, 71, 71, 72, 69,
    71, 70, 70, 67, 68, 68, 70, 73, 71, 72, 69, 73, 73, 73, 69, 68, 68,
    70, 69, 69, 72, 69, 72, 73, 71, 71, 69, 69, 71, 72, 72, 71, 70, 67,
    69, 68, 72, 73, 73, 70, 69, 71, 72, 68, 72, 69, 69, 70, 73, 69, 71,
    70, 70, 70, 68, 72, 71, 71, 71, 72, 72, 72, 71, 68, 70, 72, 70, 69,
    71, 72, 70, 73, 73, 71, 70, 70, 70, 70, 70, 72, 70, 74, 71, 74, 73,
    71 ]
