%YAML:1.0
---
videoName: "headLookUp6.mp4"
gestureLabel: 205
fps: 30
pixelSizeInCmTemp: 3.7421874999999999e-01
faceCenterPointX: 255
faceCenterPointY: 70
headPositionsX: [ 254, 255, 253, 258, 255, 254, 255, 257, 255, 254, 256,
    253, 256, 253, 255, 255, 257, 253, 253, 253, 253, 253, 256, 255, 256,
    253, 255, 255, 256, 258, 254, 256, 254, 256, 253, 256, 257, 257, 254,
    255, 252, 254, 256, 253, 253, 258, 253, 253, 253, 255, 252, 255, 254,
    253, 254, 253, 254, 254, 256, 254, 257, 255, 253, 257, 254, 257, 253,
    254, 254, 254, 251, 256, 255, 255, 256, 252, 257, 253, 257, 254, 254,
    254, 253, 253, 257, 255, 252, 254, 255, 253, 254, 256, 257, 253, 253,
    254, 253, 253, 255, 255 ]
headPositionsY: [ 68, 82, 82, 83, 81, 83, 82, 84, 82, 81, 85, 84, 83, 82,
    83, 85, 83, 85, 84, 81, 80, 81, 85, 81, 82, 79, 77, 80, 74, 73, 71,
    70, 73, 72, 67, 71, 69, 68, 67, 72, 68, 67, 66, 67, 70, 67, 67, 67,
    67, 69, 68, 68, 71, 68, 69, 66, 67, 70, 69, 70, 67, 67, 70, 71, 68,
    67, 68, 70, 68, 71, 69, 68, 69, 70, 70, 68, 69, 71, 66, 70, 70, 70,
    70, 72, 71, 66, 70, 72, 68, 69, 67, 72, 70, 68, 69, 69, 70, 66, 69,
    69 ]
