%YAML:1.0
---
videoName: "headNod48.mp4"
gestureLabel: 202
fps: 29
pixelSizeInCmTemp: 2.8855421686746985e-01
faceCenterPointX: 264
faceCenterPointY: 72
headPositionsX: [ 262, 264, 265, 266, 266, 267, 264, 264, 265, 263, 266,
    265, 263, 262, 265, 264, 262, 261, 260, 262, 260, 258, 258, 259, 262,
    258, 262, 260, 261, 262, 260, 263, 260, 263, 262, 263, 265, 261, 262,
    264, 260, 261, 260, 261, 259, 260, 261, 260, 264, 264, 259, 261, 263,
    261, 260, 262, 260, 262, 264, 259, 264, 262, 261, 265, 261, 264, 265,
    262, 263, 263, 264, 263, 265, 266, 263, 263, 263, 264, 266, 266, 263,
    266, 264, 265, 265, 267, 265, 264, 264, 267, 267, 267, 264, 266, 266,
    264, 265, 264, 267, 267 ]
headPositionsY: [ 72, 77, 78, 79, 77, 74, 74, 72, 67, 67, 62, 62, 64, 63,
    67, 72, 74, 78, 85, 88, 89, 89, 82, 82, 76, 77, 70, 70, 66, 63, 61,
    68, 65, 64, 68, 71, 72, 78, 81, 80, 84, 81, 78, 77, 75, 76, 74, 72,
    73, 71, 73, 76, 75, 77, 78, 80, 79, 77, 74, 73, 70, 71, 73, 70, 72,
    77, 76, 75, 79, 74, 78, 74, 75, 72, 69, 71, 71, 70, 73, 71, 73, 75,
    74, 73, 75, 75, 71, 69, 72, 72, 72, 74, 75, 72, 73, 72, 72, 70, 70,
    72 ]
