%YAML:1.0
---
videoName: "headNod40.mp4"
gestureLabel: 202
fps: 29
pixelSizeInCmTemp: 2.8511904761904761e-01
faceCenterPointX: 267
faceCenterPointY: 78
headPositionsX: [ 269, 265, 268, 269, 267, 269, 270, 266, 268, 268, 270,
    269, 266, 267, 267, 267, 269, 267, 267, 267, 266, 266, 266, 265, 270,
    268, 270, 269, 267, 266, 269, 267, 270, 270, 268, 266, 266, 269, 270,
    267, 267, 266, 267, 266, 268, 267, 265, 265, 265, 264, 268, 265, 268,
    266, 266, 268, 267, 268, 266, 266, 267, 267, 267, 266, 267, 266, 267,
    268, 268, 265, 269, 269, 270, 269, 268, 269, 265, 265, 267, 267, 269,
    267, 267, 266, 268, 268, 266, 267, 269, 269, 268, 266, 267, 266, 266,
    265, 266, 268, 265, 269 ]
headPositionsY: [ 78, 78, 74, 78, 78, 74, 75, 78, 74, 78, 76, 74, 78, 75,
    77, 75, 77, 76, 78, 77, 77, 76, 76, 76, 74, 74, 78, 74, 75, 74, 77,
    73, 77, 77, 74, 73, 75, 75, 73, 77, 82, 90, 90, 93, 94, 98, 92, 89,
    85, 84, 79, 80, 76, 66, 67, 71, 70, 69, 71, 77, 78, 83, 84, 84, 82,
    83, 77, 78, 72, 76, 73, 72, 73, 73, 73, 72, 81, 81, 79, 79, 79, 79,
    78, 77, 78, 77, 79, 78, 78, 79, 75, 78, 75, 76, 76, 75, 75, 75, 78,
    76 ]
