%YAML:1.0
---
videoName: "headNod23.mp4"
gestureLabel: 202
fps: 29
pixelSizeInCmTemp: 3.1933333333333330e-01
faceCenterPointX: 273
faceCenterPointY: 75
headPositionsX: [ 275, 274, 275, 273, 272, 275, 272, 276, 274, 273, 273,
    274, 275, 276, 276, 272, 276, 272, 274, 275, 274, 273, 275, 275, 275,
    274, 274, 273, 276, 276, 275, 273, 273, 273, 275, 273, 276, 272, 271,
    274, 270, 273, 271, 273, 274, 274, 272, 271, 274, 273, 272, 276, 273,
    273, 274, 272, 273, 276, 271, 271, 276, 276, 273, 272, 271, 275, 276,
    273, 276, 276, 274, 275, 275, 276, 273, 271, 274, 276, 272, 272, 272,
    274, 273, 273, 275, 274, 275, 275, 272, 276, 276, 272, 273, 275, 275,
    272, 274, 273, 275, 272 ]
headPositionsY: [ 77, 78, 74, 78, 79, 78, 75, 79, 78, 78, 76, 77, 79, 78,
    76, 75, 75, 75, 74, 77, 76, 77, 76, 76, 74, 71, 70, 66, 65, 64, 66,
    63, 68, 67, 66, 70, 71, 75, 79, 81, 83, 82, 79, 79, 78, 75, 73, 71,
    68, 69, 66, 67, 71, 72, 70, 77, 77, 78, 76, 75, 75, 78, 76, 71, 72,
    70, 71, 67, 71, 73, 73, 76, 74, 78, 79, 78, 77, 79, 75, 78, 78, 73,
    74, 73, 75, 74, 74, 72, 71, 71, 74, 76, 73, 77, 73, 75, 78, 74, 78,
    73 ]
