%YAML:1.0
---
videoName: "headShake21.mp4"
gestureLabel: 201
fps: 29
pixelSizeInCmTemp: 3.1933333333333330e-01
faceCenterPointX: 241
faceCenterPointY: 78
headPositionsX: [ 241, 245, 245, 245, 243, 244, 242, 240, 243, 244, 240,
    239, 242, 242, 242, 241, 244, 239, 241, 241, 241, 244, 244, 244, 242,
    244, 245, 241, 245, 241, 241, 245, 241, 241, 245, 244, 241, 245, 241,
    244, 241, 244, 242, 244, 240, 240, 241, 240, 241, 241, 241, 241, 239,
    243, 242, 239, 242, 240, 242, 242, 239, 238, 243, 239, 239, 242, 238,
    242, 244, 248, 253, 253, 249, 249, 244, 243, 235, 232, 232, 233, 238,
    236, 240, 243, 240, 244, 243, 243, 238, 238, 239, 237, 239, 240, 237,
    239, 242, 239, 242, 242 ]
headPositionsY: [ 78, 85, 82, 80, 77, 76, 76, 72, 73, 70, 73, 71, 69, 70,
    71, 69, 70, 70, 70, 70, 70, 73, 72, 73, 71, 74, 74, 74, 76, 74, 77,
    78, 77, 74, 75, 74, 74, 79, 79, 74, 76, 76, 77, 78, 78, 80, 78, 79,
    76, 79, 76, 76, 76, 77, 78, 76, 79, 79, 80, 76, 75, 76, 77, 76, 76,
    78, 79, 75, 76, 78, 79, 78, 76, 78, 77, 80, 79, 79, 75, 76, 78, 79,
    79, 81, 79, 80, 76, 78, 80, 76, 79, 76, 81, 79, 79, 78, 79, 80, 81,
    79 ]
