%YAML:1.0
---
videoName: "headNod15.mp4"
gestureLabel: 202
fps: 29
pixelSizeInCmTemp: 3.1933333333333330e-01
faceCenterPointX: 255
faceCenterPointY: 74
headPositionsX: [ 253, 257, 259, 255, 255, 255, 255, 259, 254, 257, 256,
    258, 253, 255, 254, 257, 257, 258, 253, 257, 257, 254, 257, 256, 254,
    254, 258, 255, 254, 254, 254, 255, 257, 253, 254, 258, 254, 256, 258,
    253, 256, 257, 254, 254, 256, 255, 255, 255, 252, 254, 256, 256, 256,
    255, 257, 254, 256, 255, 254, 257, 252, 255, 252, 255, 257, 257, 257,
    255, 254, 253, 254, 255, 256, 254, 253, 253, 251, 255, 255, 253, 253,
    255, 253, 254, 256, 255, 253, 253, 252, 253, 253, 253, 255, 256, 255,
    253, 256, 254, 256, 255 ]
headPositionsY: [ 73, 72, 76, 75, 72, 72, 73, 75, 72, 73, 70, 74, 72, 76,
    73, 74, 71, 73, 73, 73, 76, 73, 74, 73, 72, 73, 72, 73, 73, 75, 72,
    75, 75, 74, 74, 75, 76, 79, 82, 81, 83, 82, 78, 75, 75, 72, 71, 68,
    73, 72, 75, 78, 80, 82, 77, 78, 75, 70, 69, 71, 71, 71, 74, 79, 82,
    84, 81, 83, 81, 78, 74, 72, 72, 69, 71, 72, 75, 76, 75, 74, 76, 71,
    69, 72, 72, 72, 73, 70, 73, 74, 74, 75, 75, 73, 75, 71, 74, 73, 75,
    74 ]
