%YAML:1.0
---
videoName: "headNod37.mp4"
gestureLabel: 202
fps: 29
pixelSizeInCmTemp: 2.9207317073170730e-01
faceCenterPointX: 269
faceCenterPointY: 78
headPositionsX: [ 271, 271, 269, 269, 269, 271, 270, 270, 270, 267, 272,
    271, 272, 270, 269, 271, 270, 269, 270, 267, 269, 267, 269, 266, 269,
    271, 272, 269, 266, 271, 272, 271, 270, 272, 267, 268, 271, 268, 270,
    272, 268, 267, 269, 267, 267, 270, 270, 270, 269, 269, 271, 267, 270,
    272, 272, 269, 272, 271, 271, 268, 267, 268, 266, 270, 269, 266, 266,
    264, 268, 267, 267, 265, 267, 269, 270, 267, 268, 269, 271, 271, 268,
    270, 271, 269, 270, 271, 268, 270, 271, 268, 271, 270, 270, 268, 268,
    270, 268, 267, 267, 269 ]
headPositionsY: [ 80, 76, 75, 76, 75, 76, 76, 74, 74, 73, 72, 75, 75, 76,
    77, 73, 77, 74, 75, 74, 74, 76, 77, 74, 73, 76, 77, 75, 74, 78, 75,
    74, 75, 76, 75, 75, 76, 78, 73, 77, 75, 77, 75, 77, 76, 78, 77, 76,
    75, 74, 75, 73, 74, 70, 66, 66, 64, 67, 69, 68, 72, 72, 80, 84, 89,
    89, 86, 88, 81, 81, 77, 74, 71, 66, 65, 66, 63, 66, 69, 68, 74, 74,
    80, 80, 82, 81, 80, 81, 83, 81, 78, 79, 78, 78, 77, 78, 76, 78, 79,
    76 ]
