%YAML:1.0
---
videoName: "headShake41.mp4"
gestureLabel: 201
fps: 29
pixelSizeInCmTemp: 3.2364864864864862e-01
faceCenterPointX: 264
faceCenterPointY: 85
headPositionsX: [ 263, 259, 261, 263, 259, 261, 260, 259, 261, 262, 260,
    261, 259, 263, 262, 260, 263, 262, 263, 262, 261, 265, 263, 263, 268,
    271, 269, 275, 275, 279, 278, 281, 280, 284, 279, 283, 280, 278, 279,
    277, 275, 271, 266, 264, 258, 253, 251, 248, 248, 244, 242, 246, 243,
    247, 247, 250, 249, 255, 259, 262, 265, 268, 271, 271, 274, 279, 279,
    277, 278, 276, 277, 274, 272, 273, 271, 266, 267, 266, 265, 267, 263,
    263, 262, 263, 262, 265, 264, 265, 261, 260, 264, 264, 262, 261, 260,
    262, 265, 263, 264, 266 ]
headPositionsY: [ 83, 84, 84, 85, 82, 84, 83, 83, 83, 80, 84, 85, 85, 83,
    83, 82, 84, 83, 82, 84, 84, 83, 83, 83, 84, 84, 82, 84, 82, 80, 82,
    81, 80, 80, 82, 80, 81, 84, 85, 84, 85, 81, 84, 86, 85, 83, 83, 83,
    84, 80, 81, 84, 83, 82, 86, 87, 81, 85, 87, 85, 85, 82, 83, 83, 85,
    82, 85, 84, 85, 82, 86, 84, 86, 83, 87, 83, 86, 85, 83, 85, 85, 85,
    83, 82, 83, 86, 86, 85, 85, 85, 86, 85, 84, 86, 82, 86, 84, 84, 83,
    87 ]
