%YAML:1.0
---
videoName: "headLookLeft0.mp4"
gestureLabel: 203
fps: 29
pixelSizeInCmTemp: 3.6287878787878786e-01
faceCenterPointX: 286
faceCenterPointY: 69
headPositionsX: [ 288, 254, 254, 257, 252, 254, 251, 255, 254, 253, 251,
    253, 255, 252, 255, 253, 251, 253, 252, 252, 255, 255, 254, 256, 254,
    254, 253, 254, 253, 255, 255, 254, 257, 256, 256, 253, 256, 256, 256,
    255, 254, 254, 258, 256, 255, 255, 253, 255, 256, 253, 254, 257, 256,
    253, 254, 254, 258, 254, 254, 257, 254, 253, 253, 253, 256, 257, 254,
    253, 253, 254, 257, 256, 254, 256, 253, 257, 256, 257, 260, 263, 261,
    264, 267, 268, 272, 270, 274, 275, 283, 278, 278, 278, 279, 284, 284,
    284, 287, 286, 284, 288 ]
headPositionsY: [ 71, 70, 68, 71, 69, 68, 69, 66, 67, 70, 70, 68, 70, 70,
    72, 71, 68, 69, 67, 71, 68, 71, 68, 71, 67, 69, 70, 71, 71, 68, 71,
    69, 71, 68, 69, 71, 70, 72, 70, 71, 70, 72, 71, 70, 73, 69, 70, 70,
    72, 70, 73, 71, 72, 69, 71, 69, 74, 69, 73, 69, 73, 73, 74, 71, 71,
    70, 73, 73, 73, 73, 71, 69, 73, 69, 72, 70, 73, 71, 71, 73, 71, 69,
    72, 70, 72, 68, 67, 70, 69, 66, 64, 67, 66, 66, 70, 67, 71, 67, 70,
    68 ]
