%YAML:1.0
---
videoName: "headLookUp6.mp4"
gestureLabel: 205
fps: 30
pixelSizeInCmTemp: 3.7421874999999999e-01
faceCenterPointX: 255
faceCenterPointY: 70
headPositionsX: [ 254, 253, 255, 258, 257, 258, 257, 255, 254, 257, 258,
    254, 256, 257, 257, 254, 257, 256, 255, 256, 255, 257, 257, 255, 256,
    253, 256, 254, 254, 258, 253, 258, 255, 256, 255, 255, 256, 256, 257,
    256, 255, 253, 256, 254, 256, 254, 255, 257, 257, 256, 255, 252, 254,
    254, 256, 253, 254, 254, 253, 255, 256, 256, 256, 253, 253, 257, 255,
    256, 256, 257, 253, 256, 254, 256, 254, 254, 255, 254, 255, 255, 255,
    252, 254, 256, 257, 252, 256, 255, 256, 256, 253, 254, 253, 257, 257,
    252, 254, 257, 256, 257 ]
headPositionsY: [ 68, 83, 84, 84, 84, 84, 81, 83, 83, 83, 83, 85, 85, 86,
    82, 84, 82, 83, 82, 84, 83, 81, 84, 82, 83, 80, 79, 78, 75, 75, 72,
    70, 71, 70, 68, 70, 70, 66, 67, 69, 69, 67, 70, 67, 71, 67, 65, 69,
    69, 68, 68, 71, 68, 70, 70, 68, 68, 68, 70, 69, 70, 71, 69, 67, 70,
    68, 69, 68, 70, 68, 68, 70, 69, 69, 70, 70, 68, 68, 69, 69, 68, 68,
    67, 70, 69, 67, 70, 70, 69, 71, 67, 70, 72, 68, 69, 70, 70, 66, 69,
    69 ]
