%YAML:1.0
---
videoName: "headNod40.mp4"
gestureLabel: 202
fps: 29
pixelSizeInCmTemp: 2.8511904761904761e-01
faceCenterPointX: 267
faceCenterPointY: 78
headPositionsX: [ 268, 268, 267, 267, 268, 270, 270, 269, 270, 267, 266,
    268, 266, 269, 266, 267, 268, 265, 269, 269, 268, 269, 270, 267, 270,
    269, 268, 269, 268, 266, 269, 269, 267, 270, 268, 268, 267, 269, 266,
    269, 267, 266, 265, 268, 267, 265, 267, 263, 268, 268, 265, 266, 266,
    265, 264, 267, 268, 265, 266, 268, 265, 264, 264, 265, 265, 267, 266,
    264, 266, 269, 266, 268, 268, 270, 267, 268, 266, 268, 267, 269, 269,
    269, 267, 269, 265, 268, 267, 266, 267, 265, 264, 265, 264, 269, 268,
    265, 267, 268, 266, 267 ]
headPositionsY: [ 78, 74, 77, 78, 77, 78, 75, 78, 76, 77, 74, 74, 77, 76,
    74, 76, 75, 76, 74, 75, 76, 74, 78, 77, 77, 77, 77, 75, 73, 75, 74,
    77, 73, 74, 77, 76, 77, 73, 75, 77, 81, 89, 90, 93, 97, 98, 96, 90,
    85, 84, 77, 76, 79, 66, 68, 67, 69, 68, 70, 76, 81, 83, 87, 84, 82,
    80, 81, 79, 76, 73, 76, 73, 73, 74, 76, 76, 80, 82, 81, 80, 81, 80,
    77, 80, 80, 78, 79, 78, 77, 76, 78, 76, 78, 79, 76, 78, 76, 76, 76,
    78 ]
