%YAML:1.0
---
videoName: "headNod2.mp4"
gestureLabel: 202
fps: 29
pixelSizeInCmTemp: 3.2364864864864862e-01
faceCenterPointX: 263
faceCenterPointY: 70
headPositionsX: [ 265, 260, 260, 263, 262, 262, 263, 263, 264, 265, 263,
    262, 265, 262, 263, 262, 265, 266, 266, 265, 265, 261, 261, 263, 263,
    264, 264, 263, 262, 264, 263, 264, 263, 262, 262, 262, 261, 261, 261,
    261, 264, 264, 262, 261, 262, 263, 262, 264, 261, 261, 260, 261, 261,
    260, 262, 264, 264, 264, 262, 262, 264, 262, 260, 262, 263, 262, 265,
    261, 264, 263, 264, 264, 263, 264, 264, 265, 261, 264, 262, 261, 265,
    262, 264, 264, 262, 263, 262, 261, 261, 264, 263, 264, 263, 262, 265,
    265, 262, 265, 266, 265 ]
headPositionsY: [ 71, 77, 76, 76, 77, 73, 76, 76, 76, 74, 75, 78, 73, 74,
    76, 76, 73, 74, 75, 73, 73, 76, 75, 77, 73, 75, 75, 74, 73, 72, 72,
    73, 73, 76, 75, 72, 74, 73, 72, 76, 75, 72, 74, 76, 74, 73, 77, 76,
    71, 70, 72, 68, 71, 71, 77, 76, 80, 79, 75, 71, 71, 74, 74, 75, 76,
    75, 75, 73, 69, 68, 68, 71, 72, 77, 75, 76, 72, 69, 70, 71, 72, 73,
    74, 75, 73, 72, 73, 70, 71, 68, 69, 73, 71, 73, 73, 73, 72, 68, 70,
    70 ]
