%YAML:1.0
---
videoName: "headShake8.mp4"
gestureLabel: 201
fps: 29
pixelSizeInCmTemp: 3.2364864864864862e-01
faceCenterPointX: 243
faceCenterPointY: 72
headPositionsX: [ 245, 241, 243, 243, 243, 245, 244, 242, 245, 244, 244,
    242, 243, 246, 242, 242, 244, 245, 242, 245, 244, 242, 245, 245, 241,
    242, 241, 244, 244, 242, 242, 246, 241, 245, 246, 249, 251, 257, 259,
    264, 265, 266, 266, 260, 258, 253, 248, 241, 236, 234, 229, 232, 231,
    239, 243, 248, 254, 260, 257, 258, 257, 252, 252, 244, 243, 238, 237,
    235, 236, 236, 237, 239, 238, 239, 243, 247, 246, 247, 249, 250, 252,
    248, 248, 249, 251, 250, 246, 246, 244, 245, 245, 243, 244, 243, 243,
    242, 244, 241, 242, 243 ]
headPositionsY: [ 71, 71, 73, 74, 72, 73, 70, 71, 70, 74, 72, 72, 73, 73,
    73, 72, 72, 71, 73, 71, 71, 72, 69, 74, 70, 72, 71, 69, 73, 73, 73,
    72, 69, 73, 70, 71, 68, 69, 69, 68, 70, 71, 68, 73, 73, 73, 72, 72,
    69, 71, 70, 71, 70, 72, 72, 71, 71, 69, 71, 68, 70, 69, 73, 69, 74,
    70, 72, 71, 73, 71, 70, 70, 74, 72, 73, 74, 72, 71, 73, 71, 71, 73,
    73, 73, 72, 73, 73, 71, 71, 72, 72, 73, 73, 70, 72, 73, 70, 74, 73,
    70 ]
