%YAML:1.0
---
videoName: "headShake20.mp4"
gestureLabel: 201
fps: 29
pixelSizeInCmTemp: 3.3263888888888887e-01
faceCenterPointX: 242
faceCenterPointY: 78
headPositionsX: [ 242, 244, 244, 242, 245, 242, 246, 241, 242, 243, 242,
    243, 243, 241, 244, 244, 245, 244, 242, 244, 243, 241, 241, 245, 241,
    242, 245, 245, 243, 244, 245, 241, 243, 241, 241, 244, 243, 241, 243,
    246, 246, 251, 256, 258, 260, 259, 255, 252, 250, 242, 236, 235, 229,
    232, 230, 235, 236, 246, 248, 252, 252, 250, 250, 244, 245, 239, 233,
    233, 230, 234, 237, 239, 241, 241, 248, 244, 244, 247, 244, 240, 239,
    240, 238, 242, 243, 243, 245, 244, 242, 244, 244, 246, 243, 242, 241,
    242, 242, 242, 239, 241 ]
headPositionsY: [ 80, 77, 78, 78, 74, 78, 78, 74, 75, 79, 74, 74, 77, 76,
    78, 76, 78, 75, 76, 75, 74, 75, 77, 76, 74, 78, 74, 75, 76, 77, 79,
    74, 78, 77, 78, 78, 79, 77, 79, 77, 75, 74, 73, 76, 75, 78, 77, 77,
    79, 76, 74, 77, 75, 74, 77, 75, 74, 76, 78, 77, 76, 77, 77, 74, 75,
    78, 78, 79, 76, 79, 77, 79, 76, 78, 77, 75, 75, 79, 79, 76, 79, 79,
    78, 78, 75, 75, 76, 76, 75, 76, 76, 78, 74, 76, 76, 76, 78, 75, 77,
    74 ]
