%YAML:1.0
---
videoName: "headNod7.mp4"
gestureLabel: 202
fps: 29
pixelSizeInCmTemp: 3.2808219178082193e-01
faceCenterPointX: 261
faceCenterPointY: 71
headPositionsX: [ 263, 265, 265, 264, 265, 264, 266, 266, 263, 265, 262,
    264, 266, 264, 264, 261, 262, 261, 262, 262, 264, 263, 263, 263, 263,
    261, 261, 263, 262, 264, 263, 261, 263, 264, 264, 259, 260, 262, 261,
    260, 259, 263, 260, 262, 261, 260, 262, 261, 263, 264, 263, 261, 260,
    260, 262, 263, 262, 264, 264, 261, 263, 260, 262, 263, 263, 261, 262,
    260, 262, 259, 260, 262, 259, 260, 261, 263, 259, 262, 263, 259, 264,
    264, 263, 259, 265, 260, 262, 264, 259, 260, 263, 264, 261, 261, 264,
    259, 261, 261, 261, 261 ]
headPositionsY: [ 69, 73, 75, 72, 77, 70, 74, 71, 75, 75, 73, 73, 74, 74,
    71, 72, 75, 73, 74, 76, 75, 76, 74, 77, 74, 78, 73, 77, 75, 75, 78,
    75, 77, 73, 73, 76, 76, 77, 76, 73, 75, 74, 75, 77, 75, 78, 76, 77,
    74, 72, 70, 72, 70, 71, 75, 72, 79, 78, 82, 75, 77, 71, 70, 70, 70,
    72, 76, 78, 77, 80, 76, 74, 73, 70, 70, 70, 72, 68, 71, 73, 75, 76,
    79, 78, 78, 76, 74, 74, 71, 71, 73, 70, 71, 69, 72, 72, 72, 73, 70,
    72 ]
