%YAML:1.0
---
videoName: "headLookLeft6.mp4"
gestureLabel: 203
fps: 29
pixelSizeInCmTemp: 3.2808219178082193e-01
faceCenterPointX: 267
faceCenterPointY: 69
headPositionsX: [ 266, 242, 246, 246, 244, 245, 247, 245, 246, 247, 244,
    246, 245, 246, 244, 246, 246, 248, 247, 244, 244, 246, 245, 245, 244,
    246, 247, 250, 251, 253, 254, 258, 261, 260, 262, 264, 266, 270, 267,
    271, 267, 269, 270, 268, 268, 270, 271, 271, 269, 268, 268, 265, 268,
    270, 266, 272, 265, 270, 267, 269, 270, 266, 269, 269, 267, 267, 266,
    269, 266, 269, 267, 266, 269, 264, 263, 265, 265, 269, 272, 268, 266,
    269, 264, 267, 268, 269, 270, 269, 264, 267, 269, 269, 268, 269, 266,
    265, 264, 267, 270, 266 ]
headPositionsY: [ 71, 70, 73, 71, 73, 74, 71, 70, 71, 75, 74, 73, 74, 74,
    74, 74, 71, 73, 73, 72, 71, 72, 72, 70, 70, 74, 74, 73, 73, 70, 69,
    71, 71, 69, 71, 68, 70, 68, 71, 69, 69, 69, 71, 69, 68, 71, 68, 68,
    72, 71, 70, 71, 71, 71, 71, 71, 72, 69, 68, 71, 68, 70, 71, 67, 68,
    72, 68, 67, 69, 72, 70, 67, 70, 71, 66, 67, 72, 71, 69, 70, 70, 72,
    71, 71, 72, 67, 68, 67, 72, 72, 68, 68, 68, 69, 68, 68, 70, 67, 70,
    70 ]
