%YAML:1.0
---
videoName: "headNod12.mp4"
gestureLabel: 202
fps: 29
pixelSizeInCmTemp: 3.2808219178082193e-01
faceCenterPointX: 254
faceCenterPointY: 69
headPositionsX: [ 253, 255, 254, 253, 252, 255, 252, 251, 253, 257, 253,
    257, 255, 258, 258, 256, 255, 256, 255, 257, 255, 254, 256, 254, 254,
    257, 256, 255, 254, 254, 256, 257, 257, 256, 253, 253, 253, 256, 254,
    254, 256, 253, 257, 255, 254, 254, 254, 255, 256, 254, 253, 256, 256,
    255, 255, 254, 252, 255, 256, 254, 253, 256, 257, 255, 253, 252, 253,
    256, 252, 255, 255, 254, 255, 254, 253, 253, 253, 257, 256, 254, 252,
    254, 255, 255, 255, 254, 255, 256, 254, 257, 253, 256, 254, 257, 255,
    254, 256, 255, 255, 256 ]
headPositionsY: [ 71, 73, 70, 76, 70, 73, 75, 72, 76, 75, 75, 77, 72, 74,
    72, 71, 72, 72, 73, 75, 72, 72, 75, 74, 72, 73, 76, 73, 72, 76, 73,
    72, 75, 70, 74, 72, 70, 69, 67, 65, 63, 63, 64, 63, 64, 64, 69, 72,
    71, 73, 78, 81, 76, 75, 76, 71, 69, 68, 67, 66, 64, 65, 61, 65, 63,
    66, 69, 71, 74, 76, 78, 74, 78, 73, 71, 69, 69, 67, 69, 68, 67, 64,
    67, 67, 69, 70, 67, 70, 73, 72, 74, 74, 73, 70, 71, 72, 71, 70, 71,
    68 ]
