%YAML:1.0
---
videoName: "headShake25.mp4"
gestureLabel: 201
fps: 30
pixelSizeInCmTemp: 3.2364864864864862e-01
faceCenterPointX: 241
faceCenterPointY: 79
headPositionsX: [ 242, 252, 254, 254, 253, 249, 247, 248, 244, 242, 239,
    237, 235, 233, 232, 229, 232, 230, 227, 229, 230, 232, 235, 237, 240,
    239, 244, 244, 247, 251, 248, 250, 247, 249, 245, 245, 241, 240, 236,
    237, 234, 234, 231, 229, 232, 230, 232, 233, 235, 235, 237, 239, 242,
    246, 247, 249, 252, 252, 250, 250, 253, 247, 249, 248, 247, 241, 243,
    239, 236, 239, 233, 236, 233, 233, 233, 236, 234, 235, 234, 236, 236,
    238, 242, 241, 241, 242, 243, 242, 244, 244, 244, 242, 244, 243, 243,
    240, 240, 240, 241, 238 ]
headPositionsY: [ 80, 79, 75, 75, 74, 78, 77, 76, 79, 76, 75, 75, 76, 79,
    75, 77, 76, 76, 76, 76, 76, 80, 77, 77, 78, 76, 81, 80, 80, 78, 78,
    76, 81, 77, 81, 79, 77, 77, 77, 80, 77, 77, 77, 76, 80, 79, 76, 80,
    77, 77, 77, 78, 81, 79, 79, 77, 82, 79, 76, 76, 78, 79, 77, 78, 78,
    80, 77, 76, 80, 77, 78, 78, 79, 80, 79, 77, 78, 78, 80, 77, 81, 80,
    77, 79, 81, 81, 79, 80, 79, 78, 78, 79, 77, 78, 77, 77, 81, 78, 79,
    79 ]
