%YAML:1.0
---
videoName: "headNod6.mp4"
gestureLabel: 202
fps: 29
pixelSizeInCmTemp: 3.1513157894736843e-01
faceCenterPointX: 262
faceCenterPointY: 73
headPositionsX: [ 261, 261, 260, 264, 263, 264, 263, 261, 265, 261, 263,
    262, 262, 263, 264, 263, 263, 261, 261, 260, 262, 263, 262, 263, 261,
    261, 263, 264, 265, 260, 263, 263, 263, 261, 263, 265, 265, 261, 264,
    261, 264, 264, 262, 264, 262, 260, 260, 261, 260, 263, 262, 259, 262,
    260, 263, 262, 261, 258, 259, 262, 262, 258, 262, 259, 262, 262, 259,
    259, 262, 259, 263, 258, 259, 259, 262, 262, 259, 260, 262, 262, 261,
    262, 260, 260, 263, 259, 261, 260, 263, 264, 261, 259, 263, 263, 263,
    260, 264, 260, 263, 261 ]
headPositionsY: [ 73, 73, 71, 76, 75, 72, 72, 74, 76, 76, 72, 76, 73, 76,
    74, 73, 73, 72, 72, 72, 75, 74, 75, 76, 74, 75, 76, 72, 74, 74, 72,
    76, 70, 70, 69, 67, 66, 66, 64, 69, 71, 79, 79, 82, 84, 79, 76, 75,
    70, 68, 69, 69, 73, 75, 80, 83, 85, 83, 76, 71, 71, 71, 70, 68, 72,
    74, 77, 79, 83, 80, 77, 75, 73, 70, 66, 64, 67, 69, 71, 74, 79, 84,
    83, 85, 79, 80, 77, 71, 73, 71, 71, 70, 68, 72, 74, 70, 74, 75, 73,
    73 ]
