%YAML:1.0
---
videoName: "headLookLeft7.mp4"
gestureLabel: 203
fps: 29
pixelSizeInCmTemp: 3.4214285714285714e-01
faceCenterPointX: 268
faceCenterPointY: 68
headPositionsX: [ 268, 247, 246, 246, 244, 245, 245, 245, 244, 245, 244,
    245, 247, 247, 246, 244, 247, 246, 243, 246, 246, 246, 246, 244, 247,
    244, 247, 247, 245, 247, 250, 249, 255, 253, 258, 258, 259, 265, 263,
    267, 266, 267, 268, 264, 268, 268, 271, 267, 267, 266, 266, 268, 266,
    266, 264, 269, 269, 267, 269, 271, 264, 267, 268, 266, 268, 268, 268,
    270, 264, 266, 267, 265, 270, 270, 266, 266, 268, 266, 264, 271, 267,
    268, 268, 269, 268, 267, 270, 269, 264, 270, 272, 269, 270, 268, 268,
    270, 270, 269, 269, 272 ]
headPositionsY: [ 70, 69, 71, 70, 72, 68, 69, 68, 70, 68, 68, 69, 71, 71,
    72, 72, 71, 72, 68, 69, 72, 71, 70, 72, 71, 68, 70, 70, 69, 72, 72,
    69, 70, 70, 71, 67, 68, 71, 68, 68, 67, 67, 67, 66, 67, 70, 70, 67,
    68, 69, 67, 69, 67, 69, 66, 71, 69, 68, 67, 67, 67, 67, 66, 68, 69,
    67, 71, 71, 69, 68, 69, 70, 68, 72, 69, 71, 69, 66, 67, 70, 66, 69,
    71, 70, 70, 66, 66, 67, 71, 72, 70, 67, 70, 71, 70, 72, 68, 68, 71,
    69 ]
