%YAML:1.0
---
videoName: "headNod15.mp4"
gestureLabel: 202
fps: 29
pixelSizeInCmTemp: 3.1933333333333330e-01
faceCenterPointX: 255
faceCenterPointY: 74
headPositionsX: [ 253, 255, 258, 256, 259, 256, 258, 255, 255, 255, 258,
    257, 255, 255, 258, 258, 255, 257, 253, 257, 256, 255, 254, 256, 254,
    255, 254, 256, 254, 255, 256, 255, 256, 255, 253, 254, 255, 255, 254,
    254, 258, 253, 255, 252, 255, 252, 255, 256, 252, 256, 253, 255, 255,
    253, 255, 254, 254, 254, 256, 253, 256, 255, 252, 257, 254, 257, 258,
    255, 255, 255, 253, 256, 257, 253, 256, 251, 255, 252, 251, 252, 255,
    255, 256, 255, 252, 253, 256, 253, 252, 253, 256, 252, 252, 254, 253,
    254, 254, 254, 255, 253 ]
headPositionsY: [ 72, 76, 74, 72, 73, 76, 75, 75, 74, 74, 74, 76, 71, 72,
    74, 73, 71, 75, 71, 71, 73, 73, 72, 71, 73, 74, 71, 73, 76, 75, 71,
    75, 75, 72, 75, 73, 78, 76, 78, 83, 83, 81, 77, 78, 73, 72, 71, 70,
    73, 76, 75, 82, 81, 82, 81, 77, 77, 70, 72, 69, 70, 72, 74, 79, 83,
    85, 85, 81, 79, 77, 74, 72, 72, 71, 71, 73, 74, 78, 76, 77, 76, 71,
    70, 72, 71, 69, 72, 72, 73, 76, 72, 73, 73, 73, 74, 71, 73, 71, 73,
    73 ]
