%YAML:1.0
---
videoName: "headNod38.mp4"
gestureLabel: 202
fps: 29
pixelSizeInCmTemp: 2.9937500000000000e-01
faceCenterPointX: 267
faceCenterPointY: 73
headPositionsX: [ 266, 269, 268, 267, 269, 268, 268, 267, 266, 266, 268,
    267, 264, 265, 268, 265, 268, 264, 265, 267, 267, 267, 267, 264, 269,
    264, 264, 266, 266, 265, 265, 267, 263, 267, 267, 265, 267, 265, 266,
    267, 267, 267, 264, 265, 264, 267, 267, 265, 267, 267, 269, 266, 268,
    267, 268, 271, 270, 268, 268, 268, 270, 266, 268, 269, 270, 267, 268,
    269, 266, 268, 269, 269, 269, 269, 269, 269, 268, 268, 268, 265, 265,
    270, 267, 267, 267, 268, 267, 270, 266, 267, 267, 268, 266, 269, 267,
    267, 265, 265, 269, 265 ]
headPositionsY: [ 72, 73, 74, 73, 80, 82, 82, 87, 86, 85, 82, 75, 77, 76,
    80, 80, 84, 84, 88, 85, 84, 77, 77, 75, 78, 76, 83, 86, 86, 87, 89,
    86, 80, 78, 75, 72, 73, 72, 76, 76, 82, 88, 89, 87, 85, 84, 78, 75,
    72, 73, 72, 71, 74, 76, 78, 84, 83, 85, 84, 83, 81, 77, 77, 75, 75,
    75, 72, 73, 76, 77, 77, 83, 84, 83, 84, 82, 84, 79, 78, 77, 77, 73,
    70, 70, 72, 72, 74, 72, 74, 74, 75, 74, 74, 73, 73, 71, 71, 71, 71,
    72 ]
