%YAML:1.0
---
videoName: "headNod24.mp4"
gestureLabel: 202
fps: 29
pixelSizeInCmTemp: 3.1513157894736843e-01
faceCenterPointX: 272
faceCenterPointY: 72
headPositionsX: [ 273, 274, 275, 276, 274, 276, 275, 273, 275, 276, 274,
    274, 276, 276, 272, 273, 276, 274, 275, 275, 274, 274, 271, 272, 271,
    271, 274, 273, 273, 272, 272, 272, 272, 272, 275, 272, 274, 276, 273,
    272, 272, 272, 271, 275, 273, 272, 273, 271, 275, 274, 274, 274, 275,
    271, 275, 273, 274, 273, 270, 274, 269, 273, 268, 273, 272, 270, 273,
    270, 273, 272, 272, 271, 272, 272, 272, 271, 269, 270, 271, 270, 272,
    269, 269, 272, 269, 270, 271, 270, 271, 273, 271, 272, 271, 272, 269,
    271, 272, 274, 273, 273 ]
headPositionsY: [ 74, 72, 75, 74, 74, 74, 74, 73, 73, 74, 71, 75, 71, 74,
    72, 76, 73, 72, 71, 72, 72, 72, 71, 71, 74, 74, 74, 76, 72, 75, 73,
    73, 73, 73, 76, 75, 72, 69, 68, 69, 69, 75, 77, 78, 81, 80, 79, 76,
    72, 69, 67, 67, 70, 71, 76, 76, 75, 75, 71, 67, 67, 67, 67, 70, 73,
    72, 73, 76, 74, 71, 70, 69, 71, 66, 69, 72, 70, 73, 74, 77, 72, 76,
    73, 71, 71, 70, 68, 71, 70, 70, 70, 70, 75, 71, 75, 74, 71, 72, 73,
    73 ]
