%YAML:1.0
---
videoName: "headShake47.mp4"
gestureLabel: 201
fps: 29
pixelSizeInCmTemp: 3.2364864864864862e-01
faceCenterPointX: 258
faceCenterPointY: 86
headPositionsX: [ 258, 259, 262, 262, 262, 259, 261, 259, 261, 262, 261,
    261, 257, 261, 259, 262, 258, 258, 259, 259, 259, 259, 261, 260, 258,
    261, 262, 259, 261, 262, 258, 260, 261, 257, 256, 258, 253, 250, 249,
    248, 249, 251, 250, 256, 261, 266, 269, 269, 263, 264, 260, 254, 253,
    251, 256, 258, 263, 263, 267, 266, 260, 258, 256, 253, 251, 255, 255,
    261, 262, 262, 263, 260, 254, 254, 251, 252, 257, 257, 263, 265, 263,
    261, 259, 256, 255, 255, 256, 255, 254, 258, 258, 257, 258, 255, 259,
    258, 255, 257, 256, 257 ]
headPositionsY: [ 87, 84, 86, 84, 87, 85, 85, 82, 86, 86, 83, 85, 86, 86,
    85, 83, 85, 84, 86, 84, 82, 83, 85, 84, 84, 84, 85, 84, 83, 87, 83,
    86, 87, 84, 86, 87, 84, 84, 86, 84, 86, 85, 89, 88, 87, 90, 88, 90,
    90, 90, 88, 88, 90, 90, 88, 91, 89, 90, 89, 88, 89, 89, 87, 86, 86,
    85, 87, 86, 87, 87, 86, 86, 87, 86, 87, 88, 84, 85, 88, 86, 88, 85,
    87, 84, 88, 84, 86, 84, 87, 86, 86, 85, 88, 85, 85, 87, 85, 87, 85,
    87 ]
