%YAML:1.0
---
videoName: "headNod4.mp4"
gestureLabel: 202
fps: 29
pixelSizeInCmTemp: 3.2808219178082193e-01
faceCenterPointX: 264
faceCenterPointY: 72
headPositionsX: [ 264, 268, 271, 268, 269, 271, 271, 267, 270, 271, 267,
    267, 272, 268, 271, 266, 268, 270, 269, 267, 269, 268, 269, 268, 269,
    268, 269, 269, 269, 269, 268, 265, 270, 265, 269, 267, 266, 269, 267,
    265, 267, 268, 264, 267, 268, 269, 267, 270, 266, 269, 266, 266, 268,
    266, 268, 266, 264, 264, 267, 265, 266, 267, 266, 267, 266, 265, 265,
    267, 263, 264, 267, 266, 266, 262, 266, 266, 266, 264, 265, 264, 263,
    262, 264, 265, 266, 266, 264, 267, 266, 265, 264, 265, 266, 263, 263,
    265, 262, 264, 263, 264 ]
headPositionsY: [ 73, 73, 74, 74, 72, 74, 76, 75, 74, 77, 76, 74, 75, 73,
    74, 74, 75, 75, 76, 72, 73, 76, 75, 77, 74, 75, 73, 74, 75, 76, 73,
    72, 73, 72, 73, 74, 74, 73, 74, 72, 76, 76, 72, 74, 70, 69, 68, 66,
    68, 67, 66, 68, 71, 76, 79, 81, 83, 81, 80, 77, 76, 73, 71, 69, 70,
    71, 75, 75, 81, 81, 84, 82, 83, 79, 74, 71, 71, 69, 68, 68, 69, 71,
    73, 78, 79, 82, 84, 82, 80, 84, 80, 82, 80, 76, 76, 76, 75, 75, 71,
    75 ]
