%YAML:1.0
---
videoName: "headShake28.mp4"
gestureLabel: 201
fps: 29
pixelSizeInCmTemp: 3.2808219178082193e-01
faceCenterPointX: 242
faceCenterPointY: 80
headPositionsX: [ 244, 243, 244, 242, 240, 239, 243, 240, 240, 241, 242,
    242, 240, 241, 241, 243, 242, 239, 239, 243, 243, 239, 241, 243, 243,
    244, 241, 243, 242, 243, 242, 241, 240, 241, 243, 240, 243, 242, 243,
    241, 242, 246, 242, 245, 243, 242, 242, 247, 243, 244, 237, 233, 234,
    228, 233, 235, 238, 244, 251, 250, 257, 256, 254, 250, 245, 243, 238,
    233, 232, 235, 238, 244, 249, 249, 254, 254, 252, 249, 250, 245, 242,
    239, 240, 235, 234, 237, 239, 239, 240, 240, 241, 241, 242, 244, 241,
    243, 241, 240, 242, 241 ]
headPositionsY: [ 82, 78, 79, 77, 77, 76, 79, 77, 76, 80, 78, 77, 80, 77,
    78, 76, 81, 77, 79, 76, 77, 78, 78, 79, 78, 77, 79, 78, 79, 81, 81,
    80, 78, 78, 78, 81, 76, 76, 76, 78, 78, 78, 79, 75, 75, 79, 77, 77,
    76, 76, 76, 78, 76, 77, 78, 79, 78, 76, 76, 79, 78, 74, 79, 76, 77,
    81, 76, 78, 80, 77, 77, 77, 79, 78, 74, 75, 77, 78, 79, 80, 78, 79,
    81, 81, 80, 80, 80, 78, 80, 80, 77, 80, 78, 78, 81, 80, 78, 78, 80,
    82 ]
