%YAML:1.0
---
videoName: "headNod37.mp4"
gestureLabel: 202
fps: 29
pixelSizeInCmTemp: 2.9207317073170730e-01
faceCenterPointX: 269
faceCenterPointY: 78
headPositionsX: [ 269, 272, 271, 272, 269, 268, 269, 271, 269, 270, 270,
    272, 272, 271, 270, 268, 269, 268, 268, 268, 270, 267, 268, 266, 270,
    269, 268, 270, 269, 269, 272, 271, 269, 269, 268, 270, 267, 272, 269,
    271, 271, 269, 271, 270, 270, 271, 271, 269, 272, 270, 268, 269, 271,
    270, 268, 271, 272, 269, 267, 269, 268, 268, 267, 270, 266, 265, 268,
    267, 268, 267, 266, 266, 269, 267, 268, 267, 266, 270, 267, 271, 271,
    271, 268, 270, 271, 270, 270, 268, 272, 269, 269, 270, 270, 267, 267,
    271, 270, 267, 267, 268 ]
headPositionsY: [ 79, 77, 75, 78, 75, 73, 76, 76, 77, 74, 72, 76, 74, 74,
    78, 77, 73, 77, 74, 75, 78, 73, 76, 76, 76, 76, 77, 78, 73, 78, 77,
    77, 75, 75, 76, 74, 75, 78, 76, 78, 76, 76, 78, 73, 76, 74, 78, 75,
    76, 77, 73, 76, 72, 72, 68, 65, 65, 67, 66, 68, 71, 71, 81, 86, 88,
    88, 88, 87, 83, 80, 75, 72, 69, 66, 65, 67, 64, 66, 65, 67, 72, 72,
    79, 79, 84, 81, 81, 84, 80, 79, 79, 79, 79, 75, 77, 79, 75, 76, 76,
    78 ]
