%YAML:1.0
---
videoName: "headShake23.mp4"
gestureLabel: 201
fps: 29
pixelSizeInCmTemp: 3.2808219178082193e-01
faceCenterPointX: 240
faceCenterPointY: 77
headPositionsX: [ 239, 241, 244, 242, 243, 244, 241, 240, 239, 244, 243,
    241, 240, 241, 242, 242, 241, 241, 238, 237, 240, 240, 243, 244, 249,
    252, 250, 253, 253, 253, 255, 252, 251, 251, 248, 245, 239, 240, 235,
    233, 230, 232, 227, 230, 231, 229, 233, 234, 236, 240, 243, 243, 245,
    252, 253, 252, 250, 251, 251, 249, 250, 248, 247, 242, 240, 241, 241,
    239, 238, 236, 237, 234, 232, 233, 235, 233, 234, 237, 235, 239, 240,
    242, 239, 242, 242, 241, 242, 245, 244, 244, 247, 247, 247, 243, 245,
    242, 241, 244, 240, 243 ]
headPositionsY: [ 75, 75, 76, 74, 77, 75, 75, 78, 76, 78, 78, 78, 78, 79,
    79, 79, 75, 79, 77, 78, 77, 74, 75, 78, 76, 74, 75, 78, 74, 77, 74,
    76, 76, 75, 76, 80, 78, 75, 78, 78, 75, 76, 76, 77, 78, 78, 80, 78,
    76, 78, 78, 77, 77, 77, 77, 79, 76, 76, 74, 76, 79, 79, 77, 79, 78,
    79, 79, 77, 76, 79, 76, 77, 80, 78, 79, 78, 80, 79, 76, 75, 75, 76,
    75, 75, 75, 75, 75, 77, 75, 78, 76, 80, 79, 78, 78, 80, 76, 75, 77,
    77 ]
