%YAML:1.0
---
videoName: "headLookDown8.mp4"
gestureLabel: 206
fps: 29
pixelSizeInCmTemp: 3.3732394366197183e-01
faceCenterPointX: 276
faceCenterPointY: 96
headPositionsX: [ 274, 274, 274, 272, 274, 276, 274, 272, 276, 276, 272,
    276, 277, 277, 277, 277, 273, 275, 275, 274, 276, 273, 274, 275, 275,
    275, 277, 276, 275, 276, 273, 273, 273, 276, 272, 273, 274, 273, 272,
    274, 275, 275, 277, 276, 273, 274, 277, 275, 275, 277, 276, 275, 276,
    275, 274, 277, 274, 274, 277, 276, 274, 276, 275, 275, 278, 277, 274,
    273, 277, 276, 276, 277, 276, 274, 273, 277, 275, 275, 274, 275, 278,
    276, 277, 278, 277, 277, 274, 275, 276, 276, 276, 277, 279, 276, 275,
    278, 277, 276, 276, 277 ]
headPositionsY: [ 95, 78, 79, 77, 80, 80, 78, 80, 82, 78, 77, 81, 80, 77,
    82, 79, 78, 81, 80, 82, 77, 79, 80, 81, 78, 79, 79, 81, 78, 78, 78,
    80, 80, 83, 82, 83, 83, 86, 83, 85, 86, 88, 88, 88, 90, 91, 95, 95,
    92, 97, 97, 97, 96, 99, 96, 98, 95, 97, 96, 99, 98, 97, 96, 98, 100,
    100, 100, 99, 96, 97, 99, 95, 99, 100, 97, 96, 99, 96, 97, 97, 97,
    96, 99, 94, 97, 96, 96, 98, 98, 99, 95, 95, 98, 98, 98, 94, 97, 99,
    97, 94 ]
