%YAML:1.0
---
videoName: "headNod29.mp4"
gestureLabel: 202
fps: 29
pixelSizeInCmTemp: 3.1933333333333330e-01
faceCenterPointX: 271
faceCenterPointY: 70
headPositionsX: [ 273, 272, 276, 274, 276, 273, 273, 271, 275, 273, 271,
    275, 272, 275, 271, 274, 271, 269, 275, 274, 271, 271, 273, 273, 273,
    271, 273, 273, 270, 273, 273, 269, 272, 269, 269, 273, 269, 272, 270,
    269, 272, 271, 268, 269, 273, 271, 271, 271, 272, 272, 270, 270, 273,
    272, 272, 272, 272, 269, 268, 270, 271, 269, 267, 272, 271, 268, 271,
    269, 271, 270, 271, 269, 271, 270, 272, 270, 273, 270, 273, 272, 269,
    272, 273, 272, 273, 270, 271, 269, 269, 271, 271, 270, 269, 270, 268,
    269, 273, 270, 272, 271 ]
headPositionsY: [ 68, 71, 73, 73, 72, 75, 77, 79, 82, 78, 79, 81, 79, 74,
    71, 69, 70, 68, 65, 68, 68, 66, 70, 72, 73, 73, 76, 78, 77, 81, 77,
    76, 76, 74, 71, 73, 71, 72, 71, 73, 77, 77, 78, 79, 80, 78, 79, 74,
    74, 72, 71, 76, 74, 77, 80, 80, 81, 80, 78, 73, 77, 74, 72, 77, 77,
    76, 79, 78, 73, 74, 70, 70, 71, 72, 69, 70, 71, 72, 75, 79, 75, 75,
    75, 73, 74, 69, 69, 70, 70, 70, 71, 68, 72, 69, 69, 68, 68, 70, 67,
    72 ]
