%YAML:1.0
---
videoName: "headLookLeft2.mp4"
gestureLabel: 203
fps: 29
pixelSizeInCmTemp: 3.6846153846153845e-01
faceCenterPointX: 278
faceCenterPointY: 74
headPositionsX: [ 278, 260, 257, 259, 258, 258, 261, 260, 257, 259, 261,
    258, 258, 262, 263, 262, 259, 261, 264, 261, 264, 265, 268, 265, 269,
    270, 271, 271, 276, 276, 279, 278, 278, 280, 279, 279, 281, 279, 276,
    276, 280, 280, 281, 279, 282, 278, 282, 284, 285, 278, 279, 283, 281,
    279, 280, 279, 279, 273, 279, 280, 283, 277, 282, 278, 277, 280, 279,
    284, 283, 281, 279, 280, 281, 277, 278, 280, 277, 279, 276, 280, 280,
    278, 279, 280, 280, 279, 282, 280, 276, 280, 280, 281, 284, 280, 279,
    279, 281, 280, 288, 282 ]
headPositionsY: [ 72, 74, 75, 77, 77, 77, 75, 75, 76, 76, 77, 77, 74, 76,
    78, 74, 74, 75, 79, 77, 73, 76, 78, 76, 73, 76, 76, 77, 75, 74, 73,
    72, 74, 73, 73, 75, 73, 72, 75, 75, 74, 73, 74, 76, 75, 73, 73, 77,
    74, 77, 75, 77, 72, 75, 73, 74, 73, 73, 72, 73, 74, 73, 74, 75, 74,
    73, 74, 78, 77, 75, 72, 74, 73, 72, 75, 75, 75, 74, 73, 75, 76, 72,
    72, 72, 73, 74, 75, 72, 74, 72, 73, 76, 76, 73, 72, 75, 73, 76, 76,
    72 ]
