%YAML:1.0
---
videoName: "headShake37.mp4"
gestureLabel: 201
fps: 30
pixelSizeInCmTemp: 3.1933333333333330e-01
faceCenterPointX: 263
faceCenterPointY: 83
headPositionsX: [ 261, 261, 261, 260, 260, 263, 263, 263, 261, 261, 263,
    261, 261, 262, 264, 261, 262, 263, 260, 261, 260, 265, 262, 261, 262,
    262, 261, 263, 264, 261, 260, 260, 260, 264, 261, 262, 263, 264, 264,
    261, 261, 260, 261, 263, 258, 259, 262, 263, 267, 268, 274, 279, 282,
    280, 281, 276, 271, 266, 259, 255, 253, 253, 255, 259, 260, 266, 271,
    271, 272, 271, 270, 265, 260, 255, 255, 251, 253, 254, 258, 256, 261,
    260, 264, 263, 267, 266, 265, 265, 265, 266, 264, 264, 265, 266, 262,
    261, 262, 262, 265, 263 ]
headPositionsY: [ 83, 82, 84, 83, 84, 85, 82, 85, 81, 81, 81, 82, 82, 82,
    83, 83, 84, 80, 83, 84, 82, 85, 83, 83, 85, 84, 84, 82, 81, 80, 82,
    86, 85, 82, 85, 85, 83, 84, 83, 81, 82, 81, 85, 83, 81, 83, 83, 84,
    83, 84, 83, 82, 80, 80, 83, 84, 81, 84, 81, 84, 79, 82, 84, 80, 83,
    81, 80, 78, 83, 84, 80, 85, 81, 85, 84, 83, 85, 81, 85, 83, 83, 81,
    82, 84, 84, 84, 82, 82, 80, 86, 82, 83, 83, 81, 83, 83, 81, 82, 83,
    84 ]
