%YAML:1.0
---
videoName: "headShake35.mp4"
gestureLabel: 201
fps: 29
pixelSizeInCmTemp: 3.2364864864864862e-01
faceCenterPointX: 267
faceCenterPointY: 82
headPositionsX: [ 266, 268, 266, 267, 266, 266, 266, 267, 268, 268, 270,
    270, 269, 268, 269, 269, 267, 267, 271, 266, 267, 267, 270, 270, 270,
    267, 270, 269, 267, 268, 268, 267, 268, 269, 267, 266, 266, 267, 270,
    266, 268, 265, 268, 267, 267, 266, 268, 266, 268, 269, 268, 267, 267,
    266, 268, 269, 266, 267, 267, 268, 268, 266, 267, 272, 272, 274, 277,
    278, 282, 281, 278, 270, 264, 260, 259, 259, 262, 261, 267, 270, 275,
    277, 274, 275, 272, 265, 266, 263, 261, 262, 264, 265, 264, 265, 267,
    269, 266, 270, 265, 270 ]
headPositionsY: [ 82, 78, 78, 79, 78, 79, 81, 77, 82, 78, 82, 79, 79, 80,
    80, 78, 80, 82, 81, 82, 79, 79, 78, 80, 79, 80, 77, 80, 78, 79, 79,
    77, 79, 82, 80, 82, 78, 81, 82, 81, 81, 81, 78, 80, 78, 82, 83, 78,
    79, 81, 80, 82, 83, 81, 80, 79, 82, 80, 82, 80, 83, 81, 81, 81, 80,
    81, 81, 82, 81, 80, 80, 82, 78, 82, 83, 78, 84, 80, 82, 83, 80, 82,
    83, 84, 80, 83, 79, 79, 79, 79, 82, 79, 81, 79, 83, 83, 81, 83, 82,
    83 ]
