%YAML:1.0
---
videoName: "headLookLeft2.mp4"
gestureLabel: 203
fps: 29
pixelSizeInCmTemp: 3.6846153846153845e-01
faceCenterPointX: 278
faceCenterPointY: 74
headPositionsX: [ 279, 258, 258, 258, 260, 259, 260, 261, 260, 261, 262,
    261, 260, 262, 260, 261, 261, 261, 260, 263, 264, 264, 266, 268, 269,
    271, 269, 273, 274, 276, 277, 279, 278, 280, 278, 283, 278, 283, 280,
    277, 278, 278, 281, 280, 282, 282, 280, 284, 285, 278, 282, 283, 283,
    280, 279, 279, 280, 272, 281, 282, 282, 277, 280, 278, 277, 279, 282,
    282, 279, 279, 279, 281, 282, 277, 277, 279, 277, 281, 278, 279, 279,
    280, 278, 282, 282, 277, 286, 278, 276, 283, 281, 281, 283, 281, 276,
    280, 279, 280, 286, 282 ]
headPositionsY: [ 74, 74, 76, 76, 75, 73, 76, 77, 77, 75, 77, 76, 73, 74,
    77, 76, 74, 76, 78, 75, 73, 78, 77, 77, 73, 74, 74, 77, 76, 75, 76,
    76, 71, 75, 73, 76, 73, 75, 73, 74, 72, 74, 76, 75, 76, 76, 76, 76,
    78, 75, 76, 77, 72, 75, 74, 76, 76, 75, 74, 75, 77, 71, 75, 75, 74,
    76, 74, 78, 74, 71, 76, 75, 75, 72, 71, 76, 74, 74, 73, 74, 76, 72,
    74, 73, 73, 70, 75, 75, 75, 73, 74, 74, 77, 75, 74, 73, 73, 73, 77,
    73 ]
