%YAML:1.0
---
videoName: "headNod29.mp4"
gestureLabel: 202
fps: 29
pixelSizeInCmTemp: 3.1933333333333330e-01
faceCenterPointX: 271
faceCenterPointY: 70
headPositionsX: [ 269, 274, 272, 274, 272, 275, 272, 275, 275, 273, 275,
    273, 275, 275, 274, 271, 274, 270, 275, 272, 274, 273, 271, 272, 273,
    274, 274, 274, 272, 272, 273, 270, 273, 273, 271, 271, 269, 271, 272,
    270, 271, 270, 269, 273, 269, 269, 273, 269, 270, 270, 273, 270, 272,
    270, 269, 272, 268, 271, 270, 270, 272, 268, 270, 270, 271, 269, 269,
    268, 270, 269, 270, 272, 271, 269, 270, 271, 273, 270, 271, 274, 270,
    272, 269, 273, 272, 271, 270, 270, 270, 269, 269, 273, 269, 270, 269,
    270, 272, 270, 269, 271 ]
headPositionsY: [ 68, 71, 74, 71, 72, 78, 75, 79, 82, 82, 80, 78, 77, 74,
    74, 72, 71, 68, 67, 65, 68, 70, 70, 71, 71, 76, 79, 80, 79, 80, 79,
    79, 76, 71, 74, 70, 72, 70, 73, 74, 73, 75, 78, 80, 79, 81, 77, 77,
    73, 75, 72, 76, 75, 78, 80, 84, 83, 81, 78, 74, 75, 74, 74, 75, 79,
    75, 78, 77, 75, 74, 70, 69, 70, 68, 69, 69, 71, 72, 77, 76, 78, 77,
    72, 72, 70, 73, 71, 68, 69, 71, 69, 70, 68, 72, 72, 72, 71, 69, 69,
    69 ]
