%YAML:1.0
---
videoName: "headNod29.mp4"
gestureLabel: 202
fps: 29
pixelSizeInCmTemp: 3.1933333333333330e-01
faceCenterPointX: 271
faceCenterPointY: 70
headPositionsX: [ 271, 272, 274, 274, 272, 273, 273, 272, 275, 272, 271,
    274, 274, 273, 271, 271, 274, 272, 274, 271, 270, 274, 271, 274, 272,
    271, 273, 272, 271, 270, 271, 268, 271, 271, 270, 270, 268, 268, 271,
    271, 272, 268, 268, 273, 271, 271, 273, 270, 271, 270, 272, 274, 271,
    273, 271, 270, 271, 272, 270, 269, 268, 272, 270, 269, 268, 271, 271,
    268, 271, 270, 268, 272, 271, 273, 272, 272, 272, 269, 271, 271, 273,
    270, 271, 273, 273, 274, 269, 273, 273, 269, 270, 269, 269, 270, 270,
    272, 270, 269, 270, 273 ]
headPositionsY: [ 69, 72, 74, 74, 73, 77, 79, 78, 80, 80, 81, 79, 77, 74,
    72, 72, 71, 66, 68, 67, 69, 70, 66, 73, 73, 77, 77, 78, 78, 79, 79,
    77, 76, 72, 73, 70, 72, 68, 73, 74, 76, 78, 80, 81, 80, 79, 76, 74,
    76, 71, 75, 76, 74, 80, 80, 81, 81, 78, 76, 77, 76, 74, 75, 74, 75,
    77, 81, 79, 76, 74, 72, 72, 71, 68, 70, 72, 72, 73, 76, 79, 78, 73,
    73, 72, 73, 73, 69, 71, 71, 71, 70, 68, 69, 73, 68, 72, 69, 71, 69,
    73 ]
