%YAML:1.0
---
videoName: "headLookDown0.mp4"
gestureLabel: 206
fps: 29
pixelSizeInCmTemp: 3.3263888888888887e-01
faceCenterPointX: 273
faceCenterPointY: 93
headPositionsX: [ 272, 272, 275, 270, 274, 270, 273, 270, 271, 271, 274,
    271, 272, 273, 270, 272, 271, 272, 271, 273, 272, 272, 274, 270, 273,
    274, 272, 270, 273, 272, 273, 272, 273, 273, 273, 271, 271, 269, 272,
    273, 272, 271, 271, 270, 271, 272, 274, 271, 275, 270, 272, 272, 272,
    274, 271, 270, 271, 273, 273, 271, 273, 273, 273, 270, 272, 271, 269,
    270, 270, 271, 274, 272, 273, 272, 273, 272, 274, 272, 273, 272, 275,
    274, 273, 270, 271, 271, 273, 272, 271, 274, 272, 270, 273, 273, 274,
    273, 271, 272, 271, 270 ]
headPositionsY: [ 95, 77, 80, 80, 82, 81, 78, 78, 78, 81, 81, 82, 81, 77,
    78, 79, 78, 82, 82, 81, 82, 82, 78, 78, 80, 81, 78, 77, 81, 81, 79,
    79, 79, 81, 78, 81, 83, 80, 85, 85, 87, 89, 91, 91, 94, 95, 96, 97,
    99, 96, 97, 97, 96, 96, 98, 95, 97, 95, 94, 97, 96, 97, 95, 94, 94,
    95, 96, 97, 95, 94, 93, 94, 95, 94, 94, 98, 93, 95, 92, 93, 96, 93,
    94, 93, 93, 96, 96, 97, 92, 92, 96, 94, 96, 94, 93, 95, 93, 93, 95,
    96 ]
