%YAML:1.0
---
videoName: "headLookUp9.mp4"
gestureLabel: 205
fps: 29
pixelSizeInCmTemp: 3.3732394366197183e-01
faceCenterPointX: 251
faceCenterPointY: 57
headPositionsX: [ 251, 252, 252, 249, 250, 251, 250, 251, 251, 252, 249,
    251, 253, 251, 250, 249, 251, 249, 253, 250, 251, 251, 253, 252, 250,
    250, 250, 250, 253, 252, 249, 251, 250, 252, 254, 249, 252, 249, 250,
    253, 253, 251, 253, 252, 250, 249, 252, 252, 252, 253, 252, 252, 253,
    250, 250, 250, 251, 249, 253, 250, 254, 251, 253, 251, 251, 252, 253,
    253, 249, 252, 250, 251, 252, 253, 250, 251, 252, 252, 252, 253, 249,
    250, 249, 253, 249, 251, 250, 253, 250, 250, 251, 250, 250, 251, 253,
    252, 253, 251, 250, 252 ]
headPositionsY: [ 58, 76, 73, 73, 75, 74, 72, 72, 74, 73, 75, 73, 74, 72,
    75, 76, 74, 75, 76, 75, 72, 73, 75, 73, 73, 75, 76, 73, 76, 71, 72,
    73, 69, 72, 69, 69, 67, 66, 66, 64, 65, 62, 61, 59, 60, 59, 61, 59,
    58, 59, 59, 58, 58, 58, 59, 59, 56, 58, 57, 57, 59, 58, 55, 56, 58,
    57, 57, 56, 59, 58, 56, 55, 59, 58, 58, 54, 56, 56, 59, 57, 55, 56,
    59, 58, 56, 57, 56, 59, 55, 58, 57, 57, 56, 57, 58, 56, 56, 54, 56,
    56 ]
