%YAML:1.0
---
videoName: "headNod19.mp4"
gestureLabel: 202
fps: 29
pixelSizeInCmTemp: 3.1933333333333330e-01
faceCenterPointX: 255
faceCenterPointY: 81
headPositionsX: [ 253, 257, 259, 255, 255, 254, 257, 258, 257, 256, 253,
    255, 254, 252, 257, 253, 255, 251, 253, 255, 251, 250, 251, 249, 251,
    252, 249, 252, 250, 250, 249, 252, 254, 255, 252, 253, 251, 252, 254,
    254, 256, 257, 254, 255, 257, 257, 257, 256, 257, 253, 254, 258, 256,
    254, 257, 256, 255, 255, 256, 257, 257, 256, 256, 256, 256, 257, 255,
    256, 254, 257, 258, 258, 256, 256, 254, 253, 257, 254, 253, 256, 257,
    253, 255, 253, 254, 257, 256, 253, 253, 257, 254, 254, 253, 256, 258,
    256, 255, 253, 254, 256 ]
headPositionsY: [ 83, 83, 84, 80, 80, 77, 78, 75, 78, 75, 76, 75, 78, 75,
    79, 78, 79, 80, 77, 79, 78, 80, 76, 80, 80, 77, 77, 79, 78, 82, 77,
    80, 79, 79, 79, 76, 78, 79, 76, 81, 78, 78, 81, 77, 79, 77, 77, 77,
    79, 79, 81, 79, 79, 77, 77, 78, 76, 80, 78, 80, 80, 78, 77, 78, 83,
    78, 80, 76, 73, 75, 73, 74, 74, 77, 78, 83, 83, 83, 83, 80, 76, 76,
    76, 78, 84, 85, 84, 82, 82, 84, 83, 80, 83, 81, 83, 83, 83, 83, 80,
    82 ]
