%YAML:1.0
---
videoName: "headLookRight6.mp4"
gestureLabel: 204
fps: 29
pixelSizeInCmTemp: 3.8015873015873014e-01
faceCenterPointX: 226
faceCenterPointY: 72
headPositionsX: [ 226, 252, 248, 249, 248, 246, 247, 251, 249, 247, 247,
    248, 250, 249, 250, 252, 250, 250, 251, 249, 249, 252, 249, 250, 253,
    248, 249, 251, 250, 249, 251, 249, 249, 249, 245, 248, 243, 238, 235,
    234, 233, 232, 230, 231, 228, 227, 228, 227, 224, 228, 227, 226, 226,
    224, 224, 230, 226, 227, 228, 229, 232, 226, 231, 225, 227, 226, 225,
    229, 227, 225, 225, 226, 227, 229, 224, 225, 230, 225, 228, 226, 226,
    228, 224, 228, 226, 226, 230, 231, 228, 226, 228, 226, 232, 228, 224,
    227, 225, 226, 228, 225 ]
headPositionsY: [ 70, 70, 71, 72, 71, 74, 71, 75, 75, 72, 73, 74, 74, 74,
    74, 76, 75, 75, 75, 74, 72, 76, 76, 72, 76, 76, 75, 74, 76, 75, 72,
    74, 75, 76, 75, 76, 72, 74, 72, 75, 74, 72, 71, 76, 75, 74, 73, 72,
    76, 76, 74, 69, 74, 74, 74, 76, 76, 73, 70, 74, 77, 73, 77, 72, 76,
    72, 75, 74, 75, 75, 74, 73, 72, 75, 74, 73, 72, 74, 75, 77, 76, 76,
    75, 70, 76, 72, 75, 77, 72, 76, 72, 76, 75, 72, 68, 77, 73, 74, 73,
    73 ]
