%YAML:1.0
---
videoName: "headNod10.mp4"
gestureLabel: 202
fps: 29
pixelSizeInCmTemp: 3.2808219178082193e-01
faceCenterPointX: 260
faceCenterPointY: 67
headPositionsX: [ 259, 258, 257, 257, 258, 259, 257, 260, 259, 259, 259,
    259, 261, 259, 260, 258, 256, 259, 258, 257, 259, 259, 261, 258, 257,
    259, 260, 259, 257, 259, 258, 258, 257, 258, 260, 260, 259, 257, 257,
    261, 260, 258, 260, 259, 258, 259, 262, 259, 260, 263, 262, 258, 260,
    261, 261, 261, 256, 260, 260, 262, 263, 260, 259, 259, 259, 258, 261,
    257, 260, 262, 258, 257, 257, 258, 261, 260, 258, 257, 261, 259, 260,
    259, 259, 260, 257, 261, 260, 258, 259, 260, 258, 261, 261, 262, 261,
    258, 261, 262, 260, 259 ]
headPositionsY: [ 68, 70, 70, 68, 68, 71, 68, 72, 72, 68, 70, 70, 68, 69,
    68, 71, 71, 72, 70, 72, 71, 72, 69, 71, 70, 70, 68, 70, 72, 68, 68,
    69, 71, 71, 71, 70, 73, 69, 72, 73, 73, 75, 70, 72, 70, 68, 63, 61,
    60, 64, 65, 64, 67, 70, 73, 76, 73, 69, 69, 65, 66, 64, 63, 66, 68,
    70, 73, 75, 78, 78, 76, 74, 69, 65, 66, 66, 65, 67, 71, 74, 74, 74,
    75, 75, 69, 73, 69, 65, 68, 66, 66, 64, 64, 65, 68, 64, 65, 67, 66,
    68 ]
