%YAML:1.0
---
videoName: "headNod34.mp4"
gestureLabel: 202
fps: 29
pixelSizeInCmTemp: 2.9567901234567900e-01
faceCenterPointX: 266
faceCenterPointY: 78
headPositionsX: [ 266, 266, 268, 269, 271, 271, 272, 270, 272, 270, 268,
    269, 267, 270, 268, 269, 268, 271, 271, 267, 269, 268, 268, 272, 271,
    269, 271, 269, 269, 268, 270, 271, 271, 270, 270, 271, 267, 271, 269,
    270, 268, 269, 272, 270, 271, 271, 269, 267, 269, 268, 268, 270, 271,
    269, 267, 267, 272, 272, 270, 270, 268, 271, 271, 268, 269, 269, 270,
    268, 269, 269, 270, 266, 270, 268, 265, 268, 268, 266, 268, 267, 268,
    265, 266, 265, 264, 267, 264, 266, 268, 267, 266, 267, 264, 265, 267,
    265, 264, 269, 265, 268 ]
headPositionsY: [ 78, 75, 74, 74, 76, 77, 74, 77, 78, 74, 76, 74, 75, 75,
    75, 75, 75, 75, 77, 76, 75, 74, 79, 77, 76, 79, 74, 75, 77, 75, 75,
    77, 77, 78, 78, 75, 74, 74, 71, 72, 70, 71, 72, 75, 81, 86, 87, 86,
    88, 84, 81, 73, 74, 71, 73, 74, 72, 78, 81, 83, 83, 83, 81, 79, 77,
    78, 77, 81, 81, 79, 85, 82, 83, 85, 84, 78, 78, 78, 79, 79, 77, 80,
    81, 82, 82, 83, 83, 77, 77, 76, 77, 77, 77, 80, 79, 82, 80, 80, 78,
    79 ]
