%YAML:1.0
---
videoName: "headNod10.mp4"
gestureLabel: 202
fps: 29
pixelSizeInCmTemp: 3.2808219178082193e-01
faceCenterPointX: 260
faceCenterPointY: 67
headPositionsX: [ 261, 261, 259, 258, 256, 258, 260, 256, 256, 258, 259,
    260, 261, 260, 256, 257, 256, 257, 257, 259, 258, 260, 258, 257, 259,
    257, 261, 257, 260, 256, 260, 257, 259, 260, 256, 259, 260, 259, 258,
    259, 260, 257, 259, 258, 258, 259, 259, 259, 263, 262, 260, 261, 261,
    261, 258, 261, 257, 261, 261, 259, 262, 260, 258, 260, 258, 260, 260,
    258, 258, 258, 257, 260, 256, 259, 258, 259, 257, 261, 258, 259, 259,
    260, 258, 260, 260, 260, 261, 261, 259, 261, 260, 261, 257, 258, 260,
    258, 259, 259, 262, 259 ]
headPositionsY: [ 65, 71, 72, 68, 72, 72, 71, 70, 68, 68, 70, 72, 69, 71,
    68, 67, 72, 69, 72, 71, 70, 71, 69, 72, 69, 72, 68, 70, 71, 68, 68,
    69, 69, 72, 70, 71, 70, 71, 72, 73, 71, 75, 72, 70, 68, 65, 67, 64,
    61, 61, 65, 66, 68, 73, 74, 72, 72, 69, 71, 64, 63, 62, 63, 66, 64,
    69, 69, 76, 78, 77, 76, 72, 68, 64, 64, 64, 64, 69, 70, 73, 77, 74,
    73, 75, 72, 70, 70, 66, 69, 68, 68, 66, 64, 65, 68, 64, 66, 70, 65,
    70 ]
