%YAML:1.0
---
videoName: "headNod23.mp4"
gestureLabel: 202
fps: 29
pixelSizeInCmTemp: 3.1933333333333330e-01
faceCenterPointX: 273
faceCenterPointY: 75
headPositionsX: [ 272, 275, 276, 273, 275, 273, 276, 276, 275, 276, 274,
    277, 276, 273, 275, 276, 273, 276, 272, 272, 274, 277, 272, 276, 271,
    273, 275, 275, 273, 274, 276, 273, 277, 277, 272, 274, 274, 274, 273,
    274, 270, 271, 270, 271, 270, 273, 272, 274, 273, 275, 275, 272, 274,
    275, 275, 274, 272, 275, 275, 273, 273, 275, 275, 276, 271, 274, 275,
    272, 277, 273, 274, 275, 276, 273, 273, 272, 275, 273, 273, 273, 272,
    272, 273, 272, 273, 275, 274, 275, 275, 275, 276, 275, 271, 275, 272,
    276, 274, 272, 276, 273 ]
headPositionsY: [ 75, 74, 77, 76, 77, 74, 74, 79, 76, 75, 76, 74, 75, 79,
    77, 75, 79, 78, 75, 77, 78, 76, 76, 77, 72, 73, 68, 68, 68, 65, 62,
    64, 64, 68, 70, 69, 73, 77, 77, 83, 81, 81, 82, 78, 75, 73, 69, 68,
    66, 67, 65, 71, 71, 71, 73, 77, 78, 80, 78, 76, 76, 75, 74, 71, 71,
    69, 71, 70, 70, 71, 72, 73, 77, 79, 79, 80, 80, 78, 75, 75, 74, 75,
    74, 72, 75, 74, 71, 73, 74, 74, 76, 74, 73, 75, 73, 76, 78, 77, 77,
    74 ]
