%YAML:1.0
---
videoName: "headShake0.mp4"
gestureLabel: 201
fps: 29
pixelSizeInCmTemp: 3.2808219178082193e-01
faceCenterPointX: 279
faceCenterPointY: 94
headPositionsX: [ 279, 277, 277, 277, 281, 278, 282, 278, 278, 278, 277,
    280, 281, 277, 277, 279, 277, 280, 279, 279, 280, 281, 277, 281, 281,
    281, 278, 279, 278, 278, 279, 281, 280, 276, 279, 278, 279, 277, 279,
    278, 281, 283, 283, 288, 291, 295, 297, 300, 301, 300, 297, 291, 288,
    283, 278, 277, 271, 275, 272, 278, 283, 285, 288, 288, 291, 289, 287,
    280, 278, 276, 272, 273, 271, 278, 277, 283, 285, 284, 282, 285, 282,
    278, 276, 276, 277, 277, 277, 275, 276, 276, 280, 278, 279, 277, 278,
    279, 281, 281, 281, 281 ]
headPositionsY: [ 94, 95, 91, 92, 91, 93, 94, 91, 91, 93, 91, 93, 92, 93,
    94, 95, 92, 94, 92, 92, 94, 91, 93, 91, 91, 95, 94, 92, 93, 90, 93,
    94, 92, 91, 93, 95, 94, 94, 92, 93, 93, 95, 92, 93, 89, 91, 90, 91,
    91, 91, 91, 93, 93, 93, 93, 93, 91, 92, 93, 91, 93, 92, 92, 90, 91,
    94, 91, 91, 95, 91, 92, 94, 90, 94, 94, 94, 93, 91, 93, 95, 96, 94,
    92, 91, 94, 93, 96, 94, 93, 95, 96, 97, 94, 94, 95, 95, 97, 94, 94,
    94 ]
