%YAML:1.0
---
videoName: "headShake24.mp4"
gestureLabel: 201
fps: 29
pixelSizeInCmTemp: 3.2808219178082193e-01
faceCenterPointX: 240
faceCenterPointY: 78
headPositionsX: [ 241, 251, 253, 251, 252, 254, 252, 252, 253, 249, 251,
    248, 244, 241, 242, 237, 236, 231, 232, 230, 231, 227, 232, 231, 234,
    237, 238, 239, 240, 245, 247, 246, 248, 251, 250, 248, 252, 248, 249,
    246, 242, 245, 243, 238, 237, 234, 237, 235, 233, 233, 233, 232, 234,
    234, 238, 238, 244, 243, 243, 246, 244, 248, 247, 249, 246, 245, 247,
    248, 248, 246, 245, 246, 243, 242, 240, 241, 241, 238, 237, 239, 239,
    238, 241, 238, 240, 240, 241, 240, 240, 241, 239, 242, 242, 241, 239,
    240, 238, 241, 240, 240 ]
headPositionsY: [ 78, 77, 75, 75, 75, 77, 73, 73, 76, 79, 78, 79, 80, 77,
    79, 76, 77, 76, 77, 75, 77, 75, 77, 77, 76, 77, 78, 78, 80, 79, 76,
    77, 77, 78, 78, 79, 77, 78, 77, 80, 76, 79, 79, 78, 76, 76, 75, 78,
    75, 79, 78, 78, 76, 76, 77, 78, 77, 79, 78, 78, 76, 79, 78, 75, 79,
    76, 78, 79, 76, 79, 76, 78, 75, 77, 80, 74, 77, 79, 77, 78, 79, 76,
    75, 76, 80, 78, 76, 78, 78, 79, 77, 79, 79, 76, 79, 75, 76, 76, 79,
    77 ]
