%YAML:1.0
---
videoName: "headNod24.mp4"
gestureLabel: 202
fps: 29
pixelSizeInCmTemp: 3.1513157894736843e-01
faceCenterPointX: 272
faceCenterPointY: 72
headPositionsX: [ 270, 277, 276, 277, 276, 276, 274, 272, 277, 277, 277,
    276, 275, 273, 276, 272, 277, 273, 272, 276, 272, 274, 272, 271, 275,
    274, 274, 274, 274, 272, 270, 272, 272, 273, 275, 275, 272, 272, 275,
    274, 271, 274, 271, 274, 272, 274, 271, 271, 274, 271, 273, 275, 275,
    275, 274, 273, 272, 274, 273, 271, 269, 274, 269, 269, 270, 270, 271,
    272, 271, 273, 271, 270, 269, 272, 269, 272, 271, 270, 271, 269, 272,
    268, 270, 269, 269, 271, 270, 271, 272, 273, 269, 271, 269, 270, 270,
    274, 270, 274, 270, 270 ]
headPositionsY: [ 72, 75, 73, 74, 75, 74, 75, 73, 74, 71, 75, 73, 71, 74,
    71, 75, 72, 72, 73, 73, 73, 75, 72, 71, 75, 75, 75, 74, 73, 72, 71,
    76, 71, 74, 72, 75, 70, 69, 67, 71, 72, 74, 76, 80, 83, 82, 77, 75,
    69, 69, 68, 69, 69, 74, 73, 73, 74, 74, 71, 70, 68, 66, 66, 71, 70,
    74, 77, 77, 73, 72, 70, 69, 68, 67, 70, 69, 70, 76, 77, 75, 74, 72,
    76, 72, 71, 68, 71, 71, 69, 72, 72, 70, 75, 74, 72, 71, 72, 72, 73,
    73 ]
