%YAML:1.0
---
videoName: "headShake6.mp4"
gestureLabel: 201
fps: 29
pixelSizeInCmTemp: 3.2808219178082193e-01
faceCenterPointX: 244
faceCenterPointY: 68
headPositionsX: [ 243, 244, 247, 244, 243, 246, 243, 243, 244, 244, 244,
    243, 247, 246, 244, 244, 243, 247, 243, 246, 246, 246, 243, 245, 245,
    247, 246, 249, 250, 254, 255, 256, 260, 261, 265, 261, 259, 250, 249,
    244, 238, 234, 228, 230, 231, 240, 244, 251, 254, 259, 256, 260, 258,
    252, 246, 245, 240, 233, 232, 231, 231, 236, 239, 242, 244, 247, 253,
    254, 251, 251, 248, 242, 241, 241, 240, 238, 237, 237, 241, 241, 242,
    242, 245, 243, 244, 247, 244, 246, 244, 244, 244, 243, 242, 244, 244,
    246, 243, 246, 246, 242 ]
headPositionsY: [ 67, 66, 67, 66, 65, 67, 67, 65, 69, 65, 65, 68, 66, 65,
    68, 65, 68, 65, 68, 68, 69, 66, 66, 66, 68, 67, 67, 67, 68, 69, 65,
    64, 63, 64, 65, 63, 65, 67, 67, 69, 67, 68, 70, 65, 66, 70, 68, 70,
    66, 69, 65, 69, 65, 66, 70, 70, 67, 67, 67, 65, 69, 66, 69, 66, 68,
    69, 69, 70, 69, 65, 69, 67, 69, 69, 66, 67, 69, 67, 68, 69, 69, 68,
    67, 70, 68, 67, 68, 70, 70, 67, 66, 68, 68, 67, 68, 66, 69, 68, 69,
    68 ]
