%YAML:1.0
---
videoName: "headLookRight1.mp4"
gestureLabel: 204
fps: 29
pixelSizeInCmTemp: 3.3263888888888887e-01
faceCenterPointX: 232
faceCenterPointY: 68
headPositionsX: [ 232, 258, 256, 258, 254, 256, 254, 255, 254, 255, 257,
    256, 254, 259, 256, 254, 257, 256, 257, 254, 256, 256, 256, 256, 253,
    257, 254, 256, 254, 254, 254, 251, 249, 247, 246, 244, 241, 238, 239,
    235, 232, 234, 231, 232, 231, 231, 229, 227, 229, 233, 229, 233, 233,
    231, 234, 235, 234, 236, 231, 235, 233, 233, 231, 234, 233, 231, 231,
    231, 231, 233, 231, 231, 232, 231, 235, 233, 230, 232, 233, 234, 233,
    230, 234, 230, 232, 231, 232, 233, 233, 231, 233, 229, 233, 233, 232,
    230, 233, 232, 233, 232 ]
headPositionsY: [ 69, 65, 69, 69, 68, 66, 68, 67, 68, 68, 66, 66, 67, 70,
    69, 67, 66, 69, 66, 66, 67, 69, 68, 66, 70, 71, 68, 67, 66, 69, 68,
    70, 70, 66, 70, 67, 67, 69, 66, 66, 67, 66, 69, 66, 67, 69, 68, 70,
    67, 70, 67, 71, 69, 68, 68, 67, 70, 69, 67, 67, 67, 67, 66, 68, 69,
    68, 67, 69, 68, 67, 67, 67, 66, 68, 68, 69, 69, 69, 68, 69, 68, 67,
    71, 67, 69, 69, 67, 70, 67, 69, 67, 67, 69, 66, 70, 67, 69, 70, 69,
    69 ]
