%YAML:1.0
---
videoName: "headShake0.mp4"
gestureLabel: 201
fps: 29
pixelSizeInCmTemp: 3.2808219178082193e-01
faceCenterPointX: 279
faceCenterPointY: 94
headPositionsX: [ 277, 278, 277, 278, 278, 281, 278, 277, 279, 277, 277,
    277, 281, 276, 279, 279, 277, 277, 280, 279, 277, 277, 278, 277, 279,
    277, 281, 277, 280, 280, 280, 277, 281, 278, 277, 277, 280, 276, 278,
    281, 277, 283, 285, 287, 290, 297, 298, 300, 303, 299, 295, 291, 288,
    284, 279, 273, 272, 271, 275, 275, 282, 286, 289, 290, 289, 290, 287,
    284, 277, 275, 272, 274, 273, 277, 279, 282, 285, 282, 285, 282, 279,
    278, 278, 278, 274, 277, 276, 279, 276, 280, 278, 278, 280, 278, 281,
    278, 281, 280, 277, 279 ]
headPositionsY: [ 96, 91, 92, 92, 95, 94, 93, 94, 94, 94, 92, 92, 91, 92,
    95, 91, 93, 94, 94, 91, 94, 95, 94, 94, 93, 91, 92, 94, 94, 92, 91,
    92, 95, 92, 94, 95, 92, 92, 91, 96, 93, 91, 93, 93, 91, 88, 89, 93,
    94, 90, 92, 91, 92, 93, 93, 91, 93, 94, 93, 93, 90, 94, 91, 91, 91,
    93, 92, 93, 92, 93, 92, 93, 94, 92, 95, 92, 91, 93, 93, 93, 94, 96,
    95, 95, 92, 92, 92, 92, 96, 93, 93, 94, 95, 92, 93, 96, 96, 96, 94,
    94 ]
