%YAML:1.0
---
videoName: "headLookLeft2.mp4"
gestureLabel: 203
fps: 29
pixelSizeInCmTemp: 3.6846153846153845e-01
faceCenterPointX: 278
faceCenterPointY: 74
headPositionsX: [ 279, 257, 257, 260, 260, 258, 261, 258, 261, 258, 260,
    262, 259, 261, 262, 260, 262, 260, 263, 264, 264, 266, 264, 269, 268,
    271, 270, 275, 273, 274, 276, 279, 277, 278, 279, 281, 280, 281, 279,
    280, 281, 280, 282, 281, 279, 282, 279, 284, 286, 281, 279, 282, 281,
    280, 280, 279, 277, 274, 278, 278, 285, 278, 282, 280, 281, 278, 279,
    282, 283, 280, 279, 279, 283, 275, 278, 283, 278, 281, 276, 283, 280,
    282, 278, 279, 282, 279, 282, 281, 277, 284, 283, 277, 284, 278, 280,
    277, 280, 283, 286, 280 ]
headPositionsY: [ 73, 74, 75, 75, 77, 77, 76, 77, 77, 75, 76, 74, 73, 74,
    74, 74, 76, 74, 77, 76, 73, 75, 77, 76, 76, 74, 74, 78, 73, 73, 76,
    75, 75, 72, 73, 76, 76, 73, 73, 72, 75, 77, 75, 75, 73, 75, 76, 74,
    75, 74, 72, 78, 72, 76, 74, 73, 76, 74, 75, 77, 76, 71, 75, 73, 75,
    73, 76, 75, 76, 74, 75, 75, 77, 71, 75, 76, 74, 77, 72, 74, 74, 71,
    73, 76, 74, 72, 72, 72, 73, 75, 73, 76, 74, 76, 71, 73, 76, 74, 78,
    72 ]
