%YAML:1.0
---
videoName: "headNod10.mp4"
gestureLabel: 202
fps: 29
pixelSizeInCmTemp: 3.2808219178082193e-01
faceCenterPointX: 260
faceCenterPointY: 67
headPositionsX: [ 259, 261, 257, 257, 257, 257, 259, 259, 259, 259, 257,
    257, 257, 260, 256, 259, 256, 259, 260, 257, 256, 260, 259, 261, 261,
    259, 260, 258, 260, 257, 257, 261, 258, 261, 258, 260, 259, 261, 259,
    258, 257, 260, 261, 259, 258, 262, 258, 260, 260, 259, 263, 262, 259,
    262, 258, 261, 260, 259, 260, 258, 263, 261, 259, 260, 257, 258, 258,
    257, 258, 260, 259, 260, 260, 257, 258, 259, 257, 257, 258, 259, 260,
    259, 256, 259, 256, 259, 260, 260, 260, 259, 257, 259, 261, 262, 260,
    258, 261, 260, 261, 261 ]
headPositionsY: [ 65, 73, 68, 72, 71, 71, 70, 71, 69, 68, 71, 72, 69, 68,
    69, 67, 72, 71, 71, 70, 70, 70, 68, 69, 69, 70, 72, 70, 68, 71, 69,
    70, 71, 72, 70, 71, 72, 72, 69, 70, 72, 71, 70, 70, 66, 69, 66, 60,
    60, 62, 65, 68, 70, 74, 75, 73, 72, 73, 68, 67, 63, 66, 65, 65, 66,
    68, 70, 76, 77, 75, 74, 75, 72, 67, 67, 63, 63, 68, 68, 71, 77, 78,
    76, 74, 73, 72, 68, 69, 68, 66, 65, 65, 66, 66, 68, 67, 68, 67, 66,
    68 ]
