%YAML:1.0
---
videoName: "headShake31.mp4"
gestureLabel: 201
fps: 29
pixelSizeInCmTemp: 3.2808219178082193e-01
faceCenterPointX: 236
faceCenterPointY: 68
headPositionsX: [ 237, 238, 235, 236, 238, 237, 235, 235, 236, 239, 237,
    237, 237, 236, 236, 235, 239, 237, 236, 237, 237, 236, 239, 236, 237,
    239, 239, 236, 238, 239, 235, 235, 236, 238, 235, 236, 233, 236, 240,
    245, 248, 249, 254, 253, 254, 250, 246, 238, 230, 224, 223, 221, 223,
    226, 230, 232, 240, 243, 245, 249, 246, 245, 239, 238, 234, 231, 226,
    228, 227, 232, 230, 236, 237, 242, 241, 242, 245, 241, 240, 238, 240,
    234, 235, 237, 233, 236, 236, 237, 236, 233, 233, 237, 233, 235, 233,
    235, 236, 237, 237, 237 ]
headPositionsY: [ 66, 67, 67, 65, 69, 68, 65, 69, 66, 67, 67, 68, 65, 65,
    68, 66, 65, 69, 66, 67, 66, 69, 67, 70, 66, 65, 67, 66, 68, 66, 69,
    68, 68, 69, 67, 68, 69, 65, 68, 65, 66, 64, 64, 68, 68, 67, 66, 68,
    68, 68, 68, 70, 66, 69, 68, 71, 69, 72, 69, 67, 70, 68, 70, 70, 67,
    68, 67, 68, 70, 72, 67, 69, 70, 66, 71, 69, 70, 71, 71, 71, 70, 67,
    67, 70, 68, 69, 66, 71, 68, 70, 66, 69, 71, 69, 69, 69, 71, 71, 72,
    70 ]
