%YAML:1.0
---
videoName: "headNod44.mp4"
gestureLabel: 202
fps: 29
pixelSizeInCmTemp: 2.9567901234567900e-01
faceCenterPointX: 268
faceCenterPointY: 78
headPositionsX: [ 268, 268, 267, 272, 268, 271, 270, 267, 269, 271, 268,
    270, 270, 267, 267, 267, 269, 269, 267, 269, 270, 271, 270, 267, 268,
    268, 269, 265, 266, 265, 268, 268, 267, 265, 267, 267, 268, 267, 265,
    267, 266, 265, 265, 267, 264, 265, 265, 270, 267, 265, 266, 266, 265,
    267, 266, 270, 265, 268, 267, 266, 270, 270, 265, 267, 269, 267, 270,
    265, 266, 267, 270, 266, 269, 268, 267, 268, 270, 267, 270, 271, 267,
    268, 270, 267, 269, 267, 270, 270, 269, 269, 266, 268, 267, 268, 268,
    266, 266, 270, 270, 268 ]
headPositionsY: [ 80, 76, 75, 73, 76, 75, 73, 73, 73, 75, 75, 75, 73, 74,
    76, 74, 77, 79, 81, 83, 86, 86, 94, 94, 96, 92, 90, 87, 81, 76, 70,
    72, 69, 69, 71, 77, 80, 84, 84, 86, 85, 85, 81, 77, 71, 74, 73, 75,
    75, 81, 86, 90, 90, 86, 86, 80, 76, 76, 73, 72, 74, 75, 80, 84, 85,
    87, 82, 83, 78, 80, 77, 75, 77, 77, 79, 81, 84, 86, 86, 85, 84, 83,
    78, 81, 76, 78, 75, 79, 79, 79, 78, 78, 77, 79, 75, 79, 76, 75, 79,
    76 ]
