%YAML:1.0
---
videoName: "headNod31.mp4"
gestureLabel: 202
fps: 29
pixelSizeInCmTemp: 2.8855421686746985e-01
faceCenterPointX: 267
faceCenterPointY: 75
headPositionsX: [ 268, 272, 268, 270, 270, 271, 269, 272, 269, 272, 270,
    272, 272, 272, 268, 267, 267, 266, 267, 265, 265, 264, 267, 265, 266,
    264, 268, 268, 267, 268, 269, 268, 268, 268, 267, 271, 270, 271, 269,
    270, 270, 267, 268, 269, 268, 269, 270, 265, 270, 269, 268, 269, 266,
    267, 267, 265, 269, 267, 265, 268, 264, 268, 266, 266, 267, 270, 264,
    268, 267, 266, 264, 264, 266, 265, 268, 266, 264, 267, 264, 269, 270,
    266, 264, 265, 265, 265, 268, 269, 267, 268, 268, 269, 266, 266, 267,
    265, 267, 265, 269, 265 ]
headPositionsY: [ 75, 75, 74, 74, 74, 75, 73, 69, 64, 68, 67, 67, 66, 65,
    75, 80, 80, 84, 88, 84, 85, 85, 83, 78, 72, 73, 70, 74, 68, 66, 68,
    67, 71, 76, 79, 84, 82, 84, 86, 86, 83, 84, 81, 78, 73, 74, 76, 72,
    78, 80, 79, 85, 84, 83, 81, 82, 76, 75, 74, 72, 69, 71, 69, 67, 72,
    74, 74, 75, 79, 81, 82, 77, 79, 75, 77, 74, 71, 70, 70, 72, 73, 76,
    73, 79, 78, 76, 79, 76, 73, 73, 76, 75, 74, 73, 74, 76, 74, 78, 78,
    77 ]
