%YAML:1.0
---
videoName: "headShake26.mp4"
gestureLabel: 201
fps: 30
pixelSizeInCmTemp: 3.2808219178082193e-01
faceCenterPointX: 243
faceCenterPointY: 78
headPositionsX: [ 243, 239, 238, 241, 239, 244, 242, 245, 245, 250, 252,
    252, 249, 252, 252, 251, 253, 249, 249, 243, 239, 238, 236, 233, 229,
    230, 229, 228, 232, 232, 231, 236, 237, 242, 245, 247, 248, 251, 253,
    253, 255, 253, 250, 249, 247, 240, 241, 233, 234, 228, 227, 229, 227,
    230, 232, 236, 237, 241, 244, 249, 248, 251, 254, 252, 250, 252, 250,
    251, 247, 249, 243, 243, 241, 239, 238, 235, 236, 237, 238, 238, 235,
    237, 237, 237, 239, 239, 240, 241, 241, 243, 244, 243, 246, 243, 244,
    242, 243, 245, 243, 243 ]
headPositionsY: [ 80, 75, 79, 77, 77, 79, 79, 76, 77, 75, 79, 77, 76, 75,
    79, 76, 80, 78, 78, 79, 78, 80, 79, 76, 76, 74, 74, 78, 77, 79, 74,
    76, 77, 76, 78, 75, 78, 75, 76, 75, 78, 79, 78, 79, 77, 80, 78, 78,
    75, 79, 78, 75, 78, 77, 75, 79, 81, 79, 78, 78, 79, 76, 77, 76, 76,
    75, 79, 78, 78, 76, 81, 79, 77, 80, 80, 78, 78, 79, 77, 76, 80, 77,
    79, 77, 77, 78, 81, 80, 78, 77, 78, 78, 81, 79, 80, 77, 76, 80, 81,
    81 ]
