%YAML:1.0
---
videoName: "headLookLeft3.mp4"
gestureLabel: 203
fps: 29
pixelSizeInCmTemp: 3.4214285714285714e-01
faceCenterPointX: 290
faceCenterPointY: 74
headPositionsX: [ 289, 264, 263, 264, 263, 266, 264, 269, 268, 271, 274,
    273, 278, 276, 283, 281, 286, 285, 288, 287, 290, 287, 295, 290, 288,
    289, 298, 292, 290, 282, 289, 290, 293, 291, 286, 289, 285, 291, 289,
    287, 290, 288, 291, 297, 289, 288, 288, 289, 290, 288, 289, 292, 288,
    291, 288, 288, 289, 288, 288, 292, 292, 291, 288, 288, 286, 289, 288,
    290, 287, 287, 285, 287, 288, 286, 284, 285, 287, 288, 285, 285, 288,
    289, 289, 286, 289, 284, 288, 288, 289, 288, 287, 286, 287, 286, 288,
    285, 289, 285, 288, 288 ]
headPositionsY: [ 72, 76, 77, 79, 79, 74, 78, 79, 76, 79, 78, 75, 73, 75,
    74, 75, 77, 73, 74, 75, 74, 73, 73, 75, 74, 71, 77, 74, 73, 71, 74,
    74, 76, 73, 75, 77, 72, 77, 73, 73, 71, 72, 72, 77, 76, 75, 72, 76,
    77, 75, 74, 74, 72, 74, 74, 72, 76, 74, 73, 73, 74, 73, 76, 72, 72,
    73, 72, 73, 75, 72, 74, 75, 73, 72, 73, 73, 73, 76, 74, 74, 74, 76,
    72, 73, 72, 72, 76, 74, 73, 76, 73, 74, 72, 73, 73, 75, 73, 74, 74,
    74 ]
