%YAML:1.0
---
videoName: "headLookLeft7.mp4"
gestureLabel: 203
fps: 29
pixelSizeInCmTemp: 3.4214285714285714e-01
faceCenterPointX: 268
faceCenterPointY: 68
headPositionsX: [ 267, 244, 244, 247, 244, 243, 244, 248, 247, 243, 246,
    246, 247, 247, 248, 244, 245, 243, 247, 246, 243, 245, 245, 246, 244,
    247, 245, 247, 246, 247, 247, 252, 254, 252, 256, 259, 263, 262, 261,
    267, 266, 264, 270, 265, 268, 269, 271, 269, 266, 268, 267, 268, 269,
    267, 265, 267, 269, 265, 268, 269, 264, 271, 268, 269, 269, 266, 268,
    271, 264, 266, 270, 268, 270, 270, 269, 268, 270, 268, 264, 270, 267,
    271, 268, 265, 270, 266, 266, 271, 268, 272, 270, 268, 267, 271, 271,
    271, 270, 269, 271, 270 ]
headPositionsY: [ 69, 66, 67, 67, 68, 71, 69, 72, 68, 70, 69, 68, 68, 68,
    70, 72, 70, 71, 71, 70, 68, 69, 68, 69, 71, 68, 68, 72, 71, 68, 71,
    68, 66, 69, 68, 67, 69, 67, 69, 69, 69, 68, 70, 67, 67, 66, 70, 69,
    67, 68, 71, 67, 66, 70, 70, 68, 69, 67, 67, 69, 70, 70, 68, 70, 68,
    71, 70, 69, 67, 70, 70, 69, 71, 70, 69, 71, 68, 67, 69, 70, 65, 67,
    68, 69, 68, 67, 69, 67, 70, 71, 67, 70, 70, 71, 70, 71, 70, 70, 68,
    67 ]
