%YAML:1.0
---
videoName: "headLookUp1.mp4"
gestureLabel: 205
fps: 29
pixelSizeInCmTemp: 3.7421874999999999e-01
faceCenterPointX: 258
faceCenterPointY: 66
headPositionsX: [ 257, 258, 260, 261, 259, 261, 260, 260, 258, 259, 257,
    259, 257, 257, 259, 260, 260, 260, 260, 257, 259, 261, 259, 260, 258,
    260, 262, 258, 258, 259, 261, 260, 258, 261, 257, 258, 260, 258, 257,
    259, 261, 259, 258, 260, 256, 259, 257, 261, 258, 260, 261, 257, 260,
    260, 259, 255, 259, 255, 255, 255, 256, 257, 259, 256, 254, 257, 259,
    259, 257, 258, 259, 257, 261, 260, 255, 258, 258, 257, 257, 257, 257,
    255, 261, 258, 256, 260, 258, 258, 256, 261, 256, 257, 258, 257, 256,
    257, 259, 258, 255, 257 ]
headPositionsY: [ 65, 80, 81, 81, 80, 79, 81, 83, 81, 80, 79, 79, 82, 79,
    78, 82, 81, 79, 82, 81, 81, 83, 82, 79, 81, 82, 82, 84, 81, 82, 80,
    82, 83, 79, 79, 82, 80, 80, 81, 80, 79, 79, 79, 75, 72, 71, 69, 70,
    70, 67, 69, 68, 64, 65, 65, 63, 68, 66, 67, 63, 65, 66, 68, 64, 67,
    64, 64, 62, 66, 66, 65, 63, 67, 66, 65, 67, 68, 67, 67, 66, 64, 65,
    66, 63, 62, 65, 63, 67, 67, 66, 64, 68, 67, 67, 67, 66, 66, 69, 67,
    68 ]
