%YAML:1.0
---
videoName: "headNod23.mp4"
gestureLabel: 202
fps: 29
pixelSizeInCmTemp: 3.1933333333333330e-01
faceCenterPointX: 273
faceCenterPointY: 75
headPositionsX: [ 272, 275, 274, 275, 272, 276, 272, 272, 275, 272, 272,
    274, 273, 276, 274, 274, 273, 274, 276, 274, 274, 274, 274, 276, 273,
    274, 275, 275, 277, 273, 275, 275, 275, 275, 272, 275, 274, 275, 273,
    271, 273, 269, 273, 272, 273, 273, 273, 270, 271, 272, 272, 272, 275,
    275, 275, 273, 273, 273, 273, 271, 275, 272, 275, 276, 273, 275, 272,
    272, 275, 275, 272, 276, 276, 273, 275, 275, 274, 276, 270, 273, 271,
    271, 275, 272, 272, 273, 272, 275, 272, 273, 273, 274, 271, 276, 275,
    272, 274, 273, 274, 274 ]
headPositionsY: [ 74, 77, 77, 75, 79, 74, 75, 76, 76, 77, 77, 77, 79, 78,
    79, 76, 79, 76, 76, 79, 77, 75, 77, 77, 74, 72, 71, 70, 65, 67, 64,
    63, 67, 66, 69, 69, 72, 77, 78, 80, 82, 84, 79, 80, 79, 73, 69, 71,
    68, 67, 65, 70, 69, 71, 71, 75, 77, 79, 80, 79, 79, 74, 72, 71, 68,
    71, 67, 70, 70, 70, 72, 75, 75, 79, 76, 77, 81, 77, 75, 75, 77, 76,
    74, 75, 76, 72, 74, 75, 72, 72, 75, 76, 75, 77, 75, 75, 76, 75, 74,
    77 ]
