%YAML:1.0
---
videoName: "headLookUp7.mp4"
gestureLabel: 205
fps: 29
pixelSizeInCmTemp: 3.6846153846153845e-01
faceCenterPointX: 257
faceCenterPointY: 70
headPositionsX: [ 255, 259, 258, 256, 255, 258, 258, 256, 255, 258, 256,
    257, 258, 258, 257, 257, 256, 256, 257, 255, 258, 255, 258, 258, 253,
    257, 256, 258, 257, 258, 257, 258, 259, 257, 256, 253, 255, 255, 254,
    258, 255, 257, 255, 255, 255, 253, 258, 257, 257, 254, 257, 254, 255,
    257, 256, 257, 254, 258, 254, 256, 254, 255, 257, 256, 257, 259, 255,
    256, 258, 257, 259, 257, 255, 254, 258, 256, 254, 255, 257, 256, 257,
    255, 256, 256, 255, 256, 254, 259, 255, 256, 257, 258, 255, 255, 257,
    258, 256, 255, 258, 256 ]
headPositionsY: [ 72, 84, 81, 83, 84, 81, 82, 83, 85, 80, 83, 83, 82, 83,
    82, 84, 80, 81, 79, 80, 79, 79, 79, 75, 76, 72, 72, 71, 73, 67, 68,
    71, 68, 72, 68, 69, 69, 69, 68, 69, 66, 69, 65, 69, 67, 70, 70, 68,
    66, 67, 66, 65, 68, 69, 67, 67, 70, 71, 67, 65, 70, 68, 70, 70, 68,
    71, 68, 67, 71, 71, 68, 70, 69, 71, 69, 68, 70, 68, 68, 70, 69, 69,
    69, 69, 68, 70, 66, 71, 66, 69, 68, 71, 71, 71, 70, 69, 72, 66, 72,
    67 ]
