%YAML:1.0
---
videoName: "headNod0.mp4"
gestureLabel: 202
fps: 29
pixelSizeInCmTemp: 3.2364864864864862e-01
faceCenterPointX: 264
faceCenterPointY: 76
headPositionsX: [ 266, 268, 265, 266, 269, 265, 267, 267, 265, 267, 267,
    267, 267, 266, 264, 263, 264, 266, 263, 267, 263, 265, 265, 264, 264,
    268, 265, 267, 266, 267, 266, 266, 267, 267, 266, 268, 268, 264, 264,
    268, 268, 266, 268, 264, 267, 264, 263, 263, 262, 266, 265, 262, 264,
    265, 263, 264, 265, 264, 263, 266, 266, 264, 266, 265, 267, 265, 268,
    264, 265, 264, 266, 265, 262, 266, 263, 266, 264, 264, 266, 266, 265,
    264, 265, 266, 264, 266, 264, 265, 266, 266, 265, 264, 265, 267, 262,
    264, 262, 266, 265, 265 ]
headPositionsY: [ 75, 74, 71, 71, 72, 72, 71, 75, 72, 74, 74, 71, 74, 74,
    74, 73, 71, 72, 75, 72, 72, 75, 72, 74, 74, 75, 74, 74, 75, 70, 72,
    68, 67, 64, 65, 61, 65, 61, 63, 68, 67, 70, 74, 77, 76, 81, 83, 82,
    81, 78, 76, 76, 74, 70, 67, 68, 69, 67, 66, 67, 70, 73, 73, 74, 75,
    78, 78, 80, 77, 78, 76, 74, 70, 69, 66, 68, 69, 66, 67, 71, 71, 70,
    75, 73, 75, 77, 78, 77, 78, 80, 80, 76, 76, 79, 78, 75, 73, 74, 74,
    77 ]
