%YAML:1.0
---
videoName: "headShake31.mp4"
gestureLabel: 201
fps: 29
pixelSizeInCmTemp: 3.2808219178082193e-01
faceCenterPointX: 236
faceCenterPointY: 68
headPositionsX: [ 236, 236, 235, 235, 239, 238, 235, 237, 235, 236, 235,
    235, 236, 238, 235, 236, 237, 238, 239, 234, 236, 236, 239, 239, 235,
    238, 236, 237, 238, 238, 238, 235, 239, 239, 233, 235, 237, 236, 239,
    244, 246, 252, 250, 251, 250, 250, 244, 240, 234, 225, 220, 223, 223,
    224, 230, 232, 237, 246, 245, 247, 244, 242, 240, 235, 233, 233, 230,
    230, 230, 232, 233, 238, 241, 241, 242, 242, 242, 242, 239, 241, 236,
    237, 235, 237, 236, 235, 232, 237, 233, 233, 236, 234, 235, 236, 236,
    235, 233, 237, 236, 236 ]
headPositionsY: [ 68, 65, 69, 65, 66, 68, 67, 70, 67, 67, 68, 68, 66, 68,
    66, 67, 67, 67, 70, 64, 65, 70, 67, 70, 67, 69, 66, 67, 69, 66, 65,
    65, 68, 66, 66, 69, 65, 67, 65, 64, 65, 66, 64, 68, 69, 66, 66, 70,
    67, 69, 66, 68, 68, 68, 72, 69, 68, 69, 70, 69, 67, 71, 71, 70, 70,
    71, 70, 67, 68, 72, 70, 68, 70, 66, 71, 70, 68, 67, 68, 69, 69, 67,
    67, 70, 66, 69, 69, 69, 71, 67, 68, 70, 69, 66, 68, 70, 67, 69, 70,
    69 ]
