%YAML:1.0
---
videoName: "headShake13.mp4"
gestureLabel: 201
fps: 29
pixelSizeInCmTemp: 3.2364864864864862e-01
faceCenterPointX: 241
faceCenterPointY: 77
headPositionsX: [ 239, 239, 243, 239, 242, 239, 243, 239, 240, 242, 243,
    243, 243, 243, 239, 240, 244, 243, 243, 240, 241, 241, 242, 241, 243,
    239, 242, 239, 240, 242, 239, 237, 240, 241, 243, 246, 251, 255, 260,
    263, 265, 264, 258, 257, 251, 245, 238, 234, 228, 229, 230, 232, 238,
    237, 243, 248, 250, 252, 249, 249, 246, 239, 236, 236, 231, 232, 230,
    233, 238, 243, 245, 251, 253, 250, 251, 253, 249, 246, 241, 240, 238,
    234, 233, 235, 234, 233, 236, 237, 242, 243, 243, 243, 243, 245, 245,
    246, 241, 241, 239, 243 ]
headPositionsY: [ 75, 78, 77, 76, 75, 76, 75, 77, 76, 74, 78, 76, 77, 77,
    75, 77, 77, 76, 77, 78, 77, 77, 78, 75, 74, 74, 75, 74, 74, 74, 76,
    76, 77, 77, 74, 78, 77, 75, 74, 72, 77, 73, 73, 78, 77, 77, 74, 76,
    76, 79, 78, 78, 74, 79, 75, 78, 75, 77, 74, 75, 77, 78, 76, 74, 76,
    77, 78, 78, 77, 75, 74, 74, 75, 77, 78, 77, 78, 74, 74, 79, 75, 77,
    75, 76, 78, 76, 76, 78, 77, 76, 75, 73, 74, 74, 74, 78, 79, 78, 76,
    76 ]
