%YAML:1.0
---
videoName: "headLookRight5.mp4"
gestureLabel: 204
fps: 29
pixelSizeInCmTemp: 3.1513157894736843e-01
faceCenterPointX: 228
faceCenterPointY: 76
headPositionsX: [ 230, 248, 249, 250, 251, 249, 248, 252, 250, 248, 251,
    249, 252, 249, 249, 251, 247, 248, 249, 250, 248, 251, 248, 247, 248,
    252, 249, 251, 251, 247, 246, 246, 245, 243, 241, 240, 237, 237, 231,
    228, 232, 229, 227, 226, 225, 228, 226, 223, 224, 228, 226, 228, 221,
    229, 225, 228, 224, 228, 227, 222, 225, 224, 227, 225, 226, 226, 226,
    224, 228, 227, 224, 221, 227, 229, 224, 224, 225, 226, 224, 223, 224,
    223, 224, 226, 226, 225, 226, 222, 223, 225, 221, 228, 223, 228, 222,
    224, 223, 224, 223, 224 ]
headPositionsY: [ 75, 75, 76, 74, 72, 76, 73, 72, 75, 72, 75, 73, 75, 72,
    73, 72, 76, 73, 76, 76, 72, 76, 73, 73, 74, 77, 74, 75, 75, 75, 73,
    73, 77, 73, 76, 75, 75, 72, 72, 75, 75, 72, 75, 75, 74, 76, 75, 72,
    74, 75, 73, 73, 75, 76, 76, 73, 75, 76, 76, 73, 78, 75, 77, 73, 77,
    74, 73, 72, 74, 73, 73, 76, 73, 74, 75, 74, 73, 74, 76, 71, 76, 72,
    75, 74, 71, 77, 74, 72, 76, 75, 75, 73, 74, 78, 72, 72, 72, 74, 75,
    76 ]
