%YAML:1.0
---
videoName: "headShake27.mp4"
gestureLabel: 201
fps: 29
pixelSizeInCmTemp: 3.3263888888888887e-01
faceCenterPointX: 244
faceCenterPointY: 78
headPositionsX: [ 242, 246, 245, 247, 250, 253, 252, 256, 255, 255, 255,
    258, 253, 256, 252, 251, 246, 244, 246, 243, 239, 237, 238, 234, 232,
    233, 230, 230, 229, 234, 234, 235, 234, 233, 237, 242, 239, 242, 244,
    248, 248, 247, 248, 248, 249, 250, 252, 247, 247, 245, 247, 245, 241,
    242, 236, 235, 233, 234, 235, 233, 234, 234, 232, 235, 237, 238, 236,
    240, 242, 239, 244, 246, 247, 244, 247, 247, 250, 247, 248, 248, 246,
    248, 246, 246, 247, 245, 245, 246, 243, 244, 244, 244, 242, 246, 246,
    245, 246, 243, 246, 243 ]
headPositionsY: [ 79, 77, 76, 77, 79, 77, 79, 75, 77, 77, 74, 75, 74, 77,
    80, 79, 80, 76, 78, 80, 80, 78, 79, 78, 76, 78, 79, 79, 80, 78, 81,
    78, 81, 76, 77, 81, 80, 80, 78, 79, 79, 78, 78, 78, 80, 78, 80, 77,
    81, 81, 78, 81, 79, 82, 78, 79, 81, 77, 81, 79, 79, 80, 77, 80, 80,
    80, 77, 79, 80, 79, 80, 82, 76, 78, 78, 79, 81, 79, 77, 78, 78, 81,
    79, 78, 82, 80, 78, 80, 81, 81, 79, 80, 80, 82, 82, 80, 81, 78, 81,
    79 ]
