%YAML:1.0
---
videoName: "headLookDown2.mp4"
gestureLabel: 206
fps: 29
pixelSizeInCmTemp: 3.3732394366197183e-01
faceCenterPointX: 274
faceCenterPointY: 95
headPositionsX: [ 275, 274, 274, 273, 275, 273, 273, 276, 272, 275, 271,
    276, 275, 274, 273, 272, 273, 273, 272, 275, 274, 271, 273, 276, 277,
    275, 272, 275, 274, 275, 275, 273, 274, 274, 276, 275, 272, 275, 273,
    276, 272, 273, 274, 273, 273, 274, 275, 274, 274, 275, 272, 273, 274,
    274, 272, 275, 274, 273, 274, 274, 275, 275, 273, 276, 275, 274, 276,
    274, 274, 276, 272, 274, 273, 274, 273, 278, 275, 275, 275, 275, 275,
    274, 274, 274, 275, 274, 275, 274, 275, 277, 276, 276, 274, 275, 273,
    276, 276, 274, 275, 277 ]
headPositionsY: [ 94, 79, 78, 77, 79, 81, 78, 81, 79, 78, 79, 77, 77, 78,
    78, 79, 81, 81, 81, 79, 78, 77, 81, 80, 80, 77, 82, 77, 78, 78, 80,
    80, 82, 81, 80, 83, 83, 82, 84, 87, 88, 87, 92, 90, 94, 96, 96, 94,
    96, 91, 92, 95, 93, 93, 94, 95, 93, 94, 95, 96, 95, 94, 94, 93, 93,
    97, 96, 97, 93, 96, 93, 94, 97, 95, 94, 96, 94, 96, 95, 96, 94, 93,
    94, 95, 97, 96, 96, 94, 94, 95, 97, 98, 95, 96, 93, 95, 96, 96, 94,
    95 ]
