%YAML:1.0
---
videoName: "headNod26.mp4"
gestureLabel: 202
fps: 29
pixelSizeInCmTemp: 3.1513157894736843e-01
faceCenterPointX: 271
faceCenterPointY: 78
headPositionsX: [ 272, 270, 273, 272, 273, 273, 273, 273, 271, 274, 273,
    275, 271, 271, 275, 273, 273, 270, 275, 270, 272, 271, 275, 271, 270,
    273, 271, 270, 270, 273, 270, 270, 272, 271, 270, 272, 270, 270, 273,
    270, 273, 269, 270, 270, 272, 273, 271, 273, 268, 271, 272, 271, 273,
    271, 270, 270, 273, 273, 271, 272, 273, 273, 271, 271, 270, 271, 273,
    270, 274, 270, 271, 270, 270, 270, 273, 270, 273, 272, 269, 270, 270,
    273, 272, 268, 272, 273, 268, 271, 269, 273, 272, 272, 269, 273, 272,
    269, 269, 271, 273, 272 ]
headPositionsY: [ 80, 71, 74, 73, 73, 70, 70, 72, 69, 68, 66, 66, 66, 66,
    66, 67, 72, 72, 72, 76, 79, 80, 81, 86, 81, 80, 78, 74, 74, 69, 67,
    66, 69, 69, 69, 73, 71, 73, 79, 77, 77, 80, 76, 72, 75, 71, 68, 68,
    67, 69, 68, 72, 73, 77, 73, 77, 75, 77, 76, 73, 69, 68, 66, 66, 67,
    70, 66, 71, 71, 72, 75, 74, 77, 74, 75, 72, 73, 72, 68, 67, 68, 68,
    71, 68, 72, 72, 75, 78, 80, 81, 77, 81, 77, 81, 75, 78, 77, 77, 76,
    80 ]
