%YAML:1.0
---
videoName: "headLookLeft1.mp4"
gestureLabel: 203
fps: 30
pixelSizeInCmTemp: 3.6287878787878786e-01
faceCenterPointX: 276
faceCenterPointY: 73
headPositionsX: [ 277, 255, 254, 258, 255, 258, 259, 256, 257, 255, 256,
    256, 254, 257, 257, 255, 257, 255, 255, 255, 256, 257, 255, 257, 254,
    257, 255, 256, 258, 254, 255, 257, 254, 258, 256, 256, 258, 254, 258,
    258, 256, 255, 256, 255, 257, 256, 254, 257, 253, 255, 257, 254, 254,
    257, 256, 257, 256, 257, 256, 260, 261, 260, 262, 268, 266, 271, 273,
    275, 276, 277, 278, 278, 274, 273, 272, 279, 276, 275, 278, 277, 281,
    279, 278, 279, 280, 278, 277, 281, 279, 275, 277, 277, 276, 274, 273,
    277, 276, 274, 276, 275 ]
headPositionsY: [ 75, 75, 75, 74, 73, 76, 76, 74, 77, 77, 73, 75, 77, 74,
    75, 74, 77, 78, 77, 77, 78, 77, 79, 77, 78, 77, 75, 77, 75, 80, 79,
    76, 78, 79, 78, 78, 80, 77, 78, 79, 77, 78, 79, 80, 79, 78, 79, 78,
    76, 79, 78, 77, 79, 78, 76, 80, 78, 80, 80, 77, 77, 79, 79, 77, 79,
    79, 79, 76, 76, 81, 74, 75, 76, 76, 73, 74, 76, 76, 78, 78, 74, 77,
    72, 77, 79, 77, 73, 75, 74, 77, 73, 75, 72, 76, 75, 75, 74, 74, 72,
    73 ]
