%YAML:1.0
---
videoName: "headNod1.mp4"
gestureLabel: 202
fps: 29
pixelSizeInCmTemp: 3.2808219178082193e-01
faceCenterPointX: 263
faceCenterPointY: 78
headPositionsX: [ 262, 265, 263, 263, 262, 266, 262, 265, 264, 262, 260,
    263, 262, 261, 262, 266, 263, 263, 262, 262, 265, 266, 265, 266, 264,
    263, 265, 263, 262, 266, 266, 262, 263, 263, 262, 263, 262, 264, 262,
    264, 264, 264, 267, 267, 264, 267, 265, 266, 265, 262, 266, 266, 264,
    265, 264, 261, 264, 262, 262, 261, 261, 264, 263, 262, 264, 264, 264,
    264, 263, 265, 262, 261, 264, 264, 261, 261, 261, 259, 261, 264, 261,
    260, 261, 264, 262, 260, 261, 261, 264, 262, 264, 261, 262, 264, 261,
    262, 261, 264, 261, 265 ]
headPositionsY: [ 78, 73, 73, 72, 76, 76, 77, 73, 75, 77, 77, 74, 77, 75,
    72, 73, 72, 73, 74, 75, 74, 73, 74, 76, 74, 77, 74, 73, 75, 73, 76,
    74, 73, 73, 71, 73, 68, 66, 67, 66, 63, 62, 62, 63, 66, 65, 68, 69,
    70, 73, 78, 79, 84, 80, 83, 81, 79, 77, 74, 71, 70, 70, 67, 64, 67,
    66, 67, 74, 74, 77, 77, 76, 79, 76, 71, 71, 69, 68, 68, 66, 64, 67,
    71, 72, 75, 73, 78, 81, 79, 81, 81, 82, 81, 81, 82, 79, 80, 77, 78,
    78 ]
