%YAML:1.0
---
videoName: "headLookLeft0.mp4"
gestureLabel: 203
fps: 29
pixelSizeInCmTemp: 3.6287878787878786e-01
faceCenterPointX: 286
faceCenterPointY: 69
headPositionsX: [ 284, 256, 253, 254, 252, 253, 252, 254, 255, 251, 255,
    253, 253, 256, 255, 255, 253, 255, 256, 253, 255, 253, 254, 253, 254,
    255, 254, 256, 256, 256, 257, 256, 257, 252, 254, 256, 256, 258, 253,
    258, 256, 254, 255, 256, 254, 255, 254, 254, 257, 254, 253, 256, 254,
    255, 254, 256, 254, 255, 256, 257, 253, 256, 257, 255, 254, 255, 252,
    254, 257, 257, 256, 258, 256, 254, 257, 256, 257, 257, 260, 259, 260,
    262, 265, 269, 271, 272, 274, 278, 284, 275, 281, 276, 279, 284, 288,
    287, 287, 288, 284, 286 ]
headPositionsY: [ 67, 71, 67, 71, 66, 71, 67, 68, 67, 69, 69, 69, 70, 68,
    71, 71, 71, 67, 67, 70, 72, 69, 71, 70, 70, 68, 71, 68, 70, 71, 70,
    69, 70, 70, 72, 69, 69, 73, 72, 73, 72, 71, 71, 72, 71, 72, 73, 74,
    71, 72, 69, 69, 70, 72, 71, 69, 71, 71, 72, 69, 74, 69, 73, 70, 74,
    71, 73, 72, 69, 72, 73, 69, 74, 73, 70, 73, 70, 73, 70, 74, 69, 72,
    70, 68, 68, 69, 67, 67, 72, 67, 65, 68, 66, 65, 70, 71, 71, 68, 70,
    67 ]
