%YAML:1.0
---
videoName: "headNod41.mp4"
gestureLabel: 202
fps: 29
pixelSizeInCmTemp: 2.9937500000000000e-01
faceCenterPointX: 267
faceCenterPointY: 76
headPositionsX: [ 266, 271, 268, 269, 271, 272, 268, 271, 271, 269, 271,
    269, 270, 271, 268, 271, 270, 272, 269, 273, 270, 269, 269, 269, 269,
    267, 268, 269, 267, 272, 269, 271, 268, 269, 268, 267, 271, 272, 268,
    267, 269, 270, 267, 267, 267, 267, 269, 268, 267, 267, 269, 267, 267,
    268, 270, 270, 267, 271, 269, 269, 269, 269, 267, 269, 269, 268, 266,
    266, 270, 268, 269, 269, 266, 270, 267, 267, 268, 269, 266, 265, 270,
    269, 268, 266, 265, 267, 265, 267, 270, 270, 270, 266, 267, 268, 265,
    268, 268, 266, 269, 270 ]
headPositionsY: [ 77, 70, 72, 72, 73, 72, 73, 71, 73, 73, 72, 73, 76, 76,
    75, 73, 74, 73, 74, 72, 76, 72, 73, 73, 73, 75, 72, 74, 74, 72, 72,
    76, 75, 73, 72, 72, 74, 75, 78, 79, 80, 82, 88, 86, 92, 91, 91, 85,
    84, 80, 78, 68, 68, 66, 66, 65, 65, 69, 70, 77, 82, 85, 92, 92, 90,
    90, 85, 79, 80, 72, 75, 69, 69, 70, 72, 77, 80, 83, 82, 85, 81, 81,
    74, 73, 74, 76, 74, 75, 74, 76, 78, 80, 80, 80, 78, 80, 77, 77, 78,
    76 ]
