%YAML:1.0
---
videoName: "headLookUp1.mp4"
gestureLabel: 205
fps: 29
pixelSizeInCmTemp: 3.7421874999999999e-01
faceCenterPointX: 258
faceCenterPointY: 66
headPositionsX: [ 259, 259, 259, 261, 257, 261, 258, 258, 260, 258, 261,
    257, 257, 259, 258, 258, 262, 257, 261, 260, 259, 257, 256, 260, 261,
    259, 262, 258, 257, 257, 260, 257, 257, 258, 257, 258, 258, 260, 259,
    258, 257, 258, 257, 260, 257, 256, 260, 257, 257, 257, 258, 258, 260,
    258, 257, 254, 260, 258, 256, 257, 257, 258, 259, 260, 256, 257, 259,
    258, 259, 257, 260, 258, 258, 259, 255, 256, 260, 259, 261, 257, 257,
    254, 259, 260, 257, 259, 255, 257, 260, 258, 256, 257, 258, 256, 259,
    257, 259, 258, 255, 261 ]
headPositionsY: [ 64, 79, 80, 81, 82, 83, 83, 83, 80, 82, 82, 80, 81, 79,
    81, 82, 82, 82, 80, 82, 83, 82, 82, 81, 83, 81, 81, 84, 82, 82, 81,
    82, 79, 81, 80, 80, 78, 79, 81, 79, 80, 78, 77, 75, 73, 71, 68, 69,
    67, 67, 67, 67, 64, 67, 66, 61, 66, 66, 64, 66, 68, 65, 67, 65, 66,
    62, 66, 63, 65, 66, 66, 65, 67, 66, 68, 67, 68, 64, 64, 63, 66, 65,
    67, 65, 66, 68, 67, 66, 63, 63, 65, 70, 64, 63, 66, 64, 67, 66, 66,
    67 ]
