%YAML:1.0
---
videoName: "headNod5.mp4"
gestureLabel: 202
fps: 29
pixelSizeInCmTemp: 3.1513157894736843e-01
faceCenterPointX: 263
faceCenterPointY: 75
headPositionsX: [ 264, 263, 261, 261, 263, 264, 264, 263, 262, 264, 263,
    262, 263, 261, 265, 261, 263, 266, 263, 266, 263, 268, 267, 266, 264,
    263, 263, 263, 267, 267, 266, 265, 264, 267, 267, 267, 265, 266, 268,
    266, 265, 265, 267, 268, 264, 264, 268, 264, 266, 265, 266, 267, 263,
    262, 262, 266, 264, 264, 263, 262, 263, 265, 266, 262, 263, 265, 262,
    265, 264, 263, 265, 264, 265, 267, 262, 267, 266, 264, 263, 265, 265,
    264, 264, 263, 263, 264, 261, 261, 265, 263, 262, 262, 262, 259, 261,
    261, 260, 260, 260, 262 ]
headPositionsY: [ 74, 76, 73, 74, 71, 75, 75, 73, 74, 74, 73, 72, 74, 73,
    73, 74, 73, 77, 77, 76, 74, 74, 74, 75, 77, 77, 75, 76, 77, 74, 76,
    78, 76, 76, 78, 75, 79, 76, 77, 78, 79, 76, 76, 77, 79, 77, 80, 77,
    77, 77, 81, 79, 81, 81, 84, 83, 80, 79, 77, 76, 76, 79, 80, 87, 88,
    87, 86, 83, 79, 73, 73, 73, 79, 82, 84, 86, 84, 82, 84, 76, 74, 73,
    72, 74, 73, 76, 79, 81, 80, 80, 81, 80, 73, 75, 72, 75, 72, 73, 72,
    75 ]
