%YAML:1.0
---
videoName: "headLookDown5.mp4"
gestureLabel: 206
fps: 29
pixelSizeInCmTemp: 3.4710144927536229e-01
faceCenterPointX: 272
faceCenterPointY: 102
headPositionsX: [ 274, 272, 269, 270, 271, 272, 271, 273, 272, 273, 270,
    273, 270, 269, 272, 274, 271, 269, 269, 269, 271, 271, 273, 270, 270,
    270, 272, 274, 272, 270, 271, 273, 272, 270, 269, 270, 271, 271, 270,
    270, 270, 274, 269, 272, 273, 273, 271, 270, 272, 273, 271, 271, 273,
    273, 272, 273, 271, 270, 273, 272, 272, 269, 270, 271, 269, 269, 269,
    271, 272, 272, 274, 270, 270, 272, 271, 270, 270, 268, 272, 272, 271,
    274, 268, 274, 271, 272, 273, 269, 270, 273, 270, 274, 274, 274, 273,
    272, 274, 273, 275, 274 ]
headPositionsY: [ 102, 83, 81, 86, 82, 83, 84, 83, 85, 82, 83, 85, 82,
    82, 81, 82, 83, 83, 84, 83, 83, 82, 83, 81, 85, 83, 84, 86, 83, 84,
    83, 83, 83, 82, 81, 82, 82, 84, 82, 83, 81, 85, 83, 83, 85, 82, 88,
    84, 88, 90, 91, 89, 89, 91, 92, 93, 96, 98, 100, 97, 101, 100, 102,
    102, 102, 101, 102, 101, 101, 101, 100, 103, 105, 104, 102, 102, 101,
    102, 101, 104, 105, 105, 101, 104, 101, 106, 103, 100, 101, 103, 104,
    103, 102, 102, 102, 103, 103, 104, 105, 101 ]
