%YAML:1.0
---
videoName: "headShake33.mp4"
gestureLabel: 201
fps: 29
pixelSizeInCmTemp: 3.2364864864864862e-01
faceCenterPointX: 244
faceCenterPointY: 84
headPositionsX: [ 246, 247, 247, 243, 245, 247, 246, 246, 244, 243, 247,
    243, 247, 244, 247, 246, 245, 245, 247, 247, 246, 249, 250, 248, 250,
    253, 258, 260, 262, 260, 260, 260, 264, 259, 259, 257, 252, 249, 246,
    241, 237, 235, 233, 232, 227, 229, 226, 226, 226, 233, 234, 236, 241,
    243, 252, 254, 256, 257, 258, 258, 260, 258, 259, 256, 253, 253, 245,
    246, 242, 239, 238, 234, 234, 231, 230, 232, 231, 231, 236, 234, 237,
    240, 242, 240, 246, 243, 245, 246, 248, 245, 248, 247, 245, 243, 243,
    244, 242, 242, 245, 242 ]
headPositionsY: [ 84, 84, 82, 81, 80, 83, 82, 84, 84, 83, 82, 82, 83, 83,
    81, 81, 81, 85, 81, 84, 82, 83, 83, 85, 81, 84, 81, 83, 81, 78, 80,
    80, 83, 84, 83, 84, 86, 82, 84, 85, 84, 81, 82, 81, 84, 81, 82, 80,
    84, 82, 82, 81, 81, 85, 81, 83, 80, 82, 79, 80, 79, 83, 84, 80, 84,
    84, 82, 84, 83, 85, 85, 86, 82, 84, 81, 81, 83, 84, 80, 84, 85, 84,
    85, 81, 81, 84, 85, 81, 83, 86, 83, 82, 82, 83, 82, 85, 84, 84, 85,
    81 ]
