%YAML:1.0
---
videoName: "headLookUp4.mp4"
gestureLabel: 205
fps: 30
pixelSizeInCmTemp: 3.6846153846153845e-01
faceCenterPointX: 256
faceCenterPointY: 68
headPositionsX: [ 257, 255, 256, 257, 256, 257, 255, 257, 257, 254, 254,
    258, 255, 255, 254, 255, 255, 257, 257, 257, 255, 254, 254, 255, 255,
    256, 257, 257, 256, 254, 257, 256, 257, 253, 258, 257, 258, 257, 255,
    254, 255, 256, 258, 255, 257, 254, 255, 256, 254, 255, 256, 255, 256,
    255, 257, 254, 258, 256, 254, 256, 257, 257, 255, 256, 258, 254, 256,
    255, 258, 256, 258, 258, 254, 258, 256, 255, 256, 257, 256, 255, 253,
    255, 253, 254, 257, 257, 257, 254, 259, 254, 258, 255, 258, 254, 258,
    254, 258, 258, 256, 258 ]
headPositionsY: [ 67, 81, 84, 84, 83, 84, 80, 82, 82, 83, 84, 80, 81, 80,
    80, 82, 83, 82, 81, 83, 82, 82, 80, 80, 78, 76, 76, 72, 74, 71, 69,
    69, 69, 72, 68, 68, 65, 66, 71, 67, 66, 72, 69, 69, 68, 68, 70, 68,
    68, 69, 68, 70, 71, 71, 67, 68, 70, 71, 69, 72, 67, 66, 66, 67, 70,
    69, 70, 69, 71, 69, 68, 67, 69, 68, 66, 70, 68, 69, 69, 70, 69, 67,
    68, 70, 67, 69, 71, 68, 68, 68, 69, 67, 69, 68, 71, 68, 69, 71, 67,
    69 ]
