%YAML:1.0
---
videoName: "headNod1.mp4"
gestureLabel: 202
fps: 29
pixelSizeInCmTemp: 3.2808219178082193e-01
faceCenterPointX: 263
faceCenterPointY: 78
headPositionsX: [ 263, 263, 264, 261, 262, 263, 260, 265, 264, 261, 260,
    262, 262, 263, 262, 263, 264, 266, 264, 262, 265, 266, 265, 266, 263,
    265, 266, 265, 265, 263, 264, 262, 264, 264, 265, 265, 262, 266, 263,
    265, 264, 265, 266, 264, 267, 267, 264, 263, 263, 262, 263, 263, 262,
    262, 262, 263, 262, 261, 264, 261, 263, 264, 264, 263, 265, 264, 265,
    265, 262, 263, 260, 261, 264, 261, 263, 263, 263, 261, 262, 261, 260,
    263, 261, 260, 264, 264, 265, 261, 264, 263, 263, 264, 263, 260, 261,
    260, 264, 262, 261, 263 ]
headPositionsY: [ 80, 72, 73, 72, 73, 75, 74, 73, 74, 74, 74, 74, 75, 75,
    75, 75, 75, 76, 74, 76, 74, 76, 73, 77, 76, 73, 76, 75, 77, 77, 74,
    77, 72, 74, 72, 69, 69, 69, 65, 63, 64, 64, 63, 65, 65, 67, 68, 68,
    70, 73, 79, 81, 81, 83, 81, 83, 77, 76, 74, 71, 72, 67, 66, 64, 65,
    65, 68, 70, 72, 78, 80, 78, 77, 77, 73, 69, 66, 64, 67, 66, 67, 68,
    67, 69, 75, 76, 77, 80, 80, 81, 80, 81, 78, 79, 80, 80, 77, 78, 77,
    77 ]
