%YAML:1.0
---
videoName: "headNod18.mp4"
gestureLabel: 202
fps: 29
pixelSizeInCmTemp: 3.3263888888888887e-01
faceCenterPointX: 255
faceCenterPointY: 77
headPositionsX: [ 256, 255, 258, 254, 255, 255, 256, 255, 255, 256, 256,
    257, 256, 257, 256, 254, 256, 256, 255, 255, 253, 254, 253, 253, 253,
    253, 254, 255, 254, 255, 256, 254, 253, 256, 255, 254, 255, 255, 257,
    255, 254, 253, 256, 257, 255, 257, 254, 257, 257, 254, 256, 254, 255,
    254, 256, 256, 253, 254, 256, 254, 255, 252, 257, 254, 257, 256, 252,
    253, 253, 255, 255, 256, 253, 256, 252, 255, 255, 257, 255, 256, 256,
    253, 251, 253, 252, 255, 255, 255, 254, 257, 255, 252, 252, 253, 256,
    252, 258, 253, 253, 257 ]
headPositionsY: [ 75, 76, 76, 79, 79, 75, 76, 78, 78, 76, 78, 77, 78, 79,
    76, 79, 77, 79, 77, 80, 79, 78, 77, 81, 80, 80, 77, 76, 80, 76, 78,
    77, 79, 77, 77, 78, 78, 76, 77, 76, 77, 75, 73, 71, 70, 70, 71, 70,
    76, 77, 76, 81, 77, 82, 82, 82, 78, 75, 72, 74, 72, 73, 76, 77, 83,
    84, 80, 78, 76, 75, 73, 77, 76, 80, 84, 84, 81, 81, 78, 77, 73, 78,
    77, 79, 79, 81, 81, 80, 81, 79, 79, 75, 77, 75, 76, 76, 80, 79, 75,
    77 ]
