%YAML:1.0
---
videoName: "headLookUp9.mp4"
gestureLabel: 205
fps: 29
pixelSizeInCmTemp: 3.3732394366197183e-01
faceCenterPointX: 251
faceCenterPointY: 57
headPositionsX: [ 249, 251, 250, 249, 253, 254, 253, 252, 250, 254, 249,
    250, 252, 253, 250, 252, 249, 253, 250, 251, 254, 252, 250, 249, 253,
    252, 253, 250, 249, 250, 249, 250, 251, 253, 254, 253, 252, 253, 252,
    252, 251, 254, 252, 252, 250, 252, 252, 251, 252, 252, 251, 253, 251,
    252, 251, 252, 250, 252, 251, 251, 251, 249, 249, 253, 252, 249, 253,
    252, 253, 252, 251, 249, 253, 252, 250, 252, 252, 251, 251, 251, 251,
    249, 251, 250, 249, 250, 251, 251, 249, 250, 251, 254, 250, 254, 250,
    252, 252, 252, 254, 253 ]
headPositionsY: [ 57, 74, 72, 73, 74, 76, 74, 76, 73, 76, 75, 72, 74, 75,
    74, 72, 73, 73, 72, 72, 72, 73, 72, 74, 72, 74, 74, 71, 72, 71, 70,
    72, 69, 68, 71, 68, 67, 65, 69, 68, 66, 65, 63, 62, 62, 60, 61, 61,
    57, 58, 58, 58, 61, 59, 57, 60, 56, 60, 55, 57, 61, 59, 57, 60, 58,
    59, 57, 55, 58, 60, 59, 58, 57, 56, 57, 55, 56, 59, 56, 58, 59, 58,
    56, 56, 58, 59, 56, 56, 56, 56, 57, 55, 55, 57, 57, 58, 56, 56, 55,
    56 ]
