%YAML:1.0
---
videoName: "headShake4.mp4"
gestureLabel: 201
fps: 30
pixelSizeInCmTemp: 3.2364864864864862e-01
faceCenterPointX: 237
faceCenterPointY: 101
headPositionsX: [ 239, 244, 246, 250, 253, 253, 253, 253, 253, 248, 244,
    235, 233, 229, 226, 224, 225, 232, 234, 241, 249, 252, 252, 249, 252,
    246, 241, 234, 232, 222, 221, 222, 223, 228, 234, 242, 248, 248, 254,
    255, 256, 252, 245, 242, 237, 230, 230, 223, 225, 223, 229, 229, 232,
    239, 240, 245, 249, 246, 248, 249, 245, 244, 239, 235, 235, 233, 230,
    229, 231, 232, 232, 235, 236, 235, 237, 241, 239, 241, 240, 239, 241,
    240, 240, 237, 238, 236, 236, 237, 238, 237, 234, 239, 237, 237, 237,
    236, 237, 236, 238, 239 ]
headPositionsY: [ 103, 99, 96, 99, 97, 99, 100, 97, 96, 97, 102, 101, 98,
    101, 99, 100, 95, 99, 102, 97, 95, 99, 98, 99, 101, 98, 100, 102,
    101, 96, 96, 97, 100, 100, 102, 101, 101, 100, 97, 99, 101, 96, 100,
    103, 100, 97, 101, 101, 98, 97, 99, 98, 100, 100, 99, 101, 98, 102,
    99, 99, 99, 99, 100, 103, 99, 98, 100, 98, 101, 101, 98, 98, 100, 99,
    100, 99, 101, 101, 102, 103, 101, 103, 102, 98, 98, 101, 100, 100,
    101, 101, 99, 102, 98, 99, 102, 101, 100, 99, 100, 100 ]
