%YAML:1.0
---
videoName: "headNod34.mp4"
gestureLabel: 202
fps: 29
pixelSizeInCmTemp: 2.9567901234567900e-01
faceCenterPointX: 266
faceCenterPointY: 78
headPositionsX: [ 265, 266, 271, 270, 269, 270, 270, 271, 268, 270, 271,
    268, 268, 267, 268, 269, 271, 269, 268, 269, 267, 269, 268, 269, 269,
    270, 268, 272, 270, 267, 272, 269, 271, 272, 269, 271, 268, 268, 268,
    269, 272, 270, 269, 272, 270, 272, 271, 267, 268, 268, 270, 270, 267,
    268, 267, 267, 269, 270, 273, 271, 269, 269, 271, 270, 270, 272, 271,
    269, 270, 269, 268, 266, 267, 265, 264, 269, 267, 266, 268, 264, 266,
    267, 267, 268, 267, 267, 266, 264, 264, 264, 267, 266, 263, 264, 265,
    265, 268, 269, 264, 267 ]
headPositionsY: [ 76, 76, 75, 74, 77, 76, 77, 77, 77, 74, 77, 78, 75, 75,
    74, 77, 78, 74, 79, 77, 76, 78, 76, 78, 78, 75, 76, 75, 74, 75, 74,
    74, 77, 78, 77, 78, 75, 75, 73, 73, 69, 70, 74, 76, 79, 83, 91, 88,
    88, 81, 80, 76, 73, 71, 73, 72, 74, 78, 80, 83, 82, 84, 82, 81, 80,
    78, 74, 79, 81, 79, 81, 82, 83, 82, 80, 79, 78, 76, 76, 79, 80, 83,
    82, 85, 81, 82, 79, 77, 80, 77, 77, 79, 77, 79, 81, 79, 80, 78, 77,
    79 ]
