%YAML:1.0
---
videoName: "headLookUp9.mp4"
gestureLabel: 205
fps: 29
pixelSizeInCmTemp: 3.3732394366197183e-01
faceCenterPointX: 251
faceCenterPointY: 57
headPositionsX: [ 253, 254, 252, 252, 253, 253, 252, 250, 251, 253, 250,
    251, 252, 252, 251, 252, 249, 252, 249, 251, 250, 253, 253, 253, 252,
    252, 252, 252, 253, 252, 253, 250, 251, 249, 253, 251, 254, 250, 251,
    251, 251, 254, 249, 249, 252, 251, 250, 253, 250, 252, 250, 253, 252,
    253, 250, 251, 252, 253, 251, 249, 253, 253, 252, 250, 252, 251, 253,
    252, 252, 249, 253, 252, 252, 250, 251, 253, 253, 250, 253, 252, 253,
    252, 250, 249, 250, 252, 252, 252, 249, 251, 249, 251, 250, 251, 249,
    253, 252, 253, 251, 253 ]
headPositionsY: [ 59, 72, 74, 74, 74, 74, 74, 74, 75, 77, 74, 74, 75, 73,
    74, 75, 74, 73, 73, 74, 76, 73, 74, 75, 73, 75, 75, 73, 74, 72, 71,
    72, 70, 71, 72, 68, 69, 67, 69, 65, 64, 64, 63, 62, 62, 62, 59, 61,
    60, 58, 59, 58, 60, 58, 56, 57, 56, 57, 59, 55, 61, 57, 57, 57, 55,
    56, 56, 59, 56, 59, 57, 55, 57, 58, 55, 58, 57, 56, 55, 58, 58, 55,
    59, 57, 58, 58, 56, 57, 57, 59, 58, 55, 56, 57, 55, 59, 54, 54, 57,
    57 ]
