%YAML:1.0
---
videoName: "headShake6.mp4"
gestureLabel: 201
fps: 29
pixelSizeInCmTemp: 3.2808219178082193e-01
faceCenterPointX: 244
faceCenterPointY: 68
headPositionsX: [ 245, 243, 246, 248, 243, 244, 244, 245, 244, 243, 247,
    247, 243, 244, 247, 246, 247, 246, 242, 245, 246, 247, 244, 242, 243,
    245, 243, 245, 251, 252, 254, 256, 259, 261, 264, 260, 257, 252, 246,
    240, 235, 232, 232, 233, 234, 240, 244, 250, 255, 257, 257, 257, 258,
    255, 247, 243, 237, 232, 229, 229, 231, 232, 238, 240, 245, 250, 251,
    252, 249, 249, 247, 243, 242, 242, 238, 237, 237, 241, 241, 240, 243,
    243, 243, 243, 242, 243, 247, 242, 243, 244, 243, 242, 246, 244, 243,
    242, 246, 245, 242, 243 ]
headPositionsY: [ 69, 68, 64, 65, 65, 65, 68, 64, 68, 68, 67, 69, 67, 67,
    69, 66, 64, 66, 66, 66, 68, 64, 66, 66, 66, 67, 67, 65, 67, 65, 68,
    65, 67, 64, 65, 66, 68, 70, 67, 66, 71, 69, 68, 67, 69, 68, 67, 70,
    68, 66, 69, 69, 69, 67, 68, 71, 68, 67, 66, 69, 66, 66, 67, 68, 67,
    67, 67, 70, 67, 68, 70, 69, 69, 67, 66, 69, 67, 68, 68, 66, 67, 68,
    67, 66, 70, 68, 68, 67, 67, 69, 66, 69, 69, 67, 70, 68, 67, 71, 70,
    69 ]
