%YAML:1.0
---
videoName: "headNod40.mp4"
gestureLabel: 202
fps: 29
pixelSizeInCmTemp: 2.8511904761904761e-01
faceCenterPointX: 267
faceCenterPointY: 78
headPositionsX: [ 268, 267, 266, 267, 266, 268, 269, 267, 269, 267, 268,
    265, 266, 270, 267, 269, 266, 265, 270, 269, 266, 266, 269, 265, 267,
    270, 267, 270, 267, 270, 266, 270, 268, 270, 270, 267, 267, 266, 269,
    267, 269, 266, 268, 264, 267, 266, 263, 267, 265, 265, 268, 264, 265,
    265, 264, 268, 268, 266, 267, 265, 266, 268, 266, 263, 267, 267, 264,
    268, 266, 267, 265, 266, 269, 266, 266, 269, 266, 269, 266, 266, 269,
    267, 268, 265, 269, 266, 267, 265, 266, 267, 264, 267, 265, 267, 266,
    268, 265, 266, 266, 265 ]
headPositionsY: [ 80, 75, 76, 77, 74, 77, 75, 75, 77, 78, 77, 74, 75, 73,
    77, 76, 76, 77, 74, 76, 78, 75, 74, 77, 77, 75, 78, 75, 74, 74, 73,
    73, 74, 73, 77, 76, 73, 73, 75, 77, 84, 89, 93, 95, 94, 95, 92, 89,
    89, 81, 77, 77, 80, 67, 70, 67, 68, 69, 70, 75, 79, 84, 84, 88, 85,
    84, 81, 79, 75, 72, 73, 71, 72, 74, 72, 74, 80, 80, 79, 78, 78, 80,
    79, 80, 80, 80, 81, 79, 75, 78, 76, 77, 75, 76, 76, 75, 75, 79, 75,
    76 ]
