%YAML:1.0
---
videoName: "headLookRight9.mp4"
gestureLabel: 204
fps: 29
pixelSizeInCmTemp: 2.8511904761904761e-01
faceCenterPointX: 217
faceCenterPointY: 75
headPositionsX: [ 215, 242, 244, 243, 242, 244, 241, 242, 242, 244, 244,
    243, 245, 244, 244, 243, 241, 244, 244, 242, 245, 242, 241, 243, 244,
    243, 243, 242, 242, 241, 244, 239, 238, 236, 231, 231, 228, 224, 221,
    221, 218, 219, 215, 215, 217, 217, 214, 213, 214, 215, 213, 216, 210,
    216, 211, 213, 210, 214, 213, 213, 214, 211, 219, 214, 221, 218, 217,
    213, 216, 214, 213, 207, 209, 218, 211, 216, 216, 214, 216, 215, 217,
    218, 216, 216, 217, 219, 215, 218, 216, 219, 216, 214, 216, 217, 216,
    217, 219, 219, 218, 219 ]
headPositionsY: [ 76, 75, 73, 75, 74, 74, 73, 74, 74, 74, 74, 73, 76, 76,
    73, 75, 72, 75, 72, 73, 76, 73, 75, 75, 73, 75, 74, 74, 75, 72, 73,
    76, 72, 75, 73, 75, 74, 72, 73, 76, 73, 73, 74, 78, 71, 70, 72, 75,
    69, 69, 69, 73, 71, 74, 72, 75, 73, 72, 70, 74, 71, 72, 75, 72, 80,
    80, 74, 72, 70, 73, 73, 78, 77, 68, 76, 72, 70, 74, 76, 72, 74, 70,
    73, 71, 70, 72, 71, 73, 76, 72, 77, 69, 75, 74, 71, 71, 77, 74, 74,
    76 ]
