%YAML:1.0
---
videoName: "headNod43.mp4"
gestureLabel: 202
fps: 29
pixelSizeInCmTemp: 2.8855421686746985e-01
faceCenterPointX: 268
faceCenterPointY: 74
headPositionsX: [ 267, 272, 270, 270, 269, 270, 272, 270, 270, 268, 269,
    270, 269, 268, 269, 266, 268, 268, 268, 266, 267, 268, 267, 267, 267,
    266, 269, 268, 266, 266, 264, 265, 264, 264, 265, 266, 266, 263, 266,
    264, 266, 263, 265, 262, 265, 263, 265, 265, 266, 264, 266, 262, 265,
    262, 264, 262, 266, 263, 265, 267, 264, 265, 266, 266, 263, 262, 264,
    265, 265, 266, 269, 268, 267, 270, 267, 267, 268, 265, 266, 265, 268,
    271, 270, 267, 268, 267, 271, 266, 271, 271, 271, 268, 268, 267, 267,
    267, 269, 270, 271, 267 ]
headPositionsY: [ 74, 77, 77, 76, 74, 74, 75, 76, 77, 74, 77, 77, 73, 73,
    78, 77, 73, 75, 77, 76, 77, 74, 73, 74, 77, 77, 81, 84, 86, 90, 89,
    88, 88, 85, 78, 79, 76, 82, 81, 84, 87, 92, 92, 88, 82, 82, 79, 82,
    82, 84, 90, 92, 92, 88, 90, 83, 82, 80, 84, 83, 86, 87, 91, 92, 91,
    84, 85, 80, 78, 79, 79, 81, 85, 87, 89, 88, 89, 87, 83, 82, 77, 75,
    72, 73, 75, 73, 71, 75, 73, 71, 72, 73, 73, 74, 75, 73, 71, 75, 76,
    72 ]
