%YAML:1.0
---
videoName: "headNod45.mp4"
gestureLabel: 202
fps: 30
pixelSizeInCmTemp: 3.0316455696202532e-01
faceCenterPointX: 265
faceCenterPointY: 77
headPositionsX: [ 263, 269, 267, 266, 268, 266, 266, 269, 268, 270, 268,
    267, 266, 269, 265, 269, 270, 268, 270, 268, 269, 269, 266, 270, 269,
    265, 269, 266, 266, 265, 267, 264, 266, 266, 264, 265, 266, 267, 264,
    268, 268, 267, 263, 267, 263, 265, 264, 265, 265, 266, 264, 267, 269,
    268, 268, 268, 266, 265, 268, 267, 269, 268, 263, 266, 264, 268, 268,
    266, 268, 269, 267, 267, 264, 266, 266, 264, 264, 266, 265, 267, 264,
    264, 268, 267, 264, 265, 265, 265, 267, 265, 266, 268, 266, 264, 266,
    268, 263, 264, 266, 265 ]
headPositionsY: [ 78, 75, 74, 77, 75, 78, 73, 77, 78, 74, 75, 76, 75, 75,
    78, 76, 74, 80, 79, 79, 84, 88, 93, 95, 91, 91, 91, 87, 79, 77, 75,
    73, 69, 65, 66, 68, 69, 71, 72, 79, 82, 85, 90, 93, 94, 90, 86, 82,
    81, 76, 73, 74, 73, 74, 74, 76, 79, 79, 82, 84, 85, 84, 81, 76, 76,
    76, 73, 70, 75, 77, 78, 80, 83, 85, 90, 87, 84, 85, 81, 79, 79, 75,
    74, 78, 79, 77, 80, 79, 82, 78, 78, 76, 79, 80, 78, 78, 75, 78, 76,
    78 ]
