%YAML:1.0
---
videoName: "headNod43.mp4"
gestureLabel: 202
fps: 29
pixelSizeInCmTemp: 2.8855421686746985e-01
faceCenterPointX: 268
faceCenterPointY: 74
headPositionsX: [ 268, 270, 269, 269, 267, 270, 270, 269, 269, 267, 270,
    268, 269, 267, 267, 270, 270, 266, 267, 270, 268, 267, 270, 270, 267,
    267, 269, 267, 267, 265, 265, 264, 264, 265, 268, 266, 267, 266, 266,
    265, 262, 264, 264, 263, 264, 266, 268, 268, 264, 263, 264, 264, 266,
    262, 263, 265, 262, 265, 262, 263, 267, 265, 262, 265, 264, 264, 264,
    268, 264, 268, 265, 268, 266, 269, 266, 264, 267, 265, 267, 266, 270,
    269, 266, 268, 269, 270, 268, 266, 271, 270, 270, 268, 268, 270, 271,
    267, 268, 266, 268, 267 ]
headPositionsY: [ 72, 75, 76, 74, 78, 74, 77, 76, 78, 74, 76, 75, 76, 74,
    77, 73, 77, 75, 73, 77, 76, 75, 74, 77, 78, 80, 81, 84, 87, 92, 88,
    86, 88, 85, 80, 76, 76, 82, 84, 86, 90, 91, 91, 88, 83, 80, 81, 82,
    81, 86, 88, 92, 91, 89, 89, 86, 83, 80, 80, 85, 87, 90, 91, 90, 89,
    85, 86, 79, 78, 77, 80, 79, 85, 89, 91, 91, 91, 89, 86, 81, 76, 77,
    74, 73, 71, 71, 75, 71, 76, 75, 71, 74, 75, 72, 72, 73, 71, 72, 74,
    72 ]
