%YAML:1.0
---
videoName: "headNod6.mp4"
gestureLabel: 202
fps: 29
pixelSizeInCmTemp: 3.1513157894736843e-01
faceCenterPointX: 262
faceCenterPointY: 73
headPositionsX: [ 264, 261, 261, 263, 264, 262, 263, 262, 261, 261, 263,
    261, 262, 260, 263, 264, 265, 263, 265, 260, 264, 262, 263, 262, 263,
    263, 263, 261, 261, 261, 262, 263, 264, 263, 263, 265, 262, 261, 265,
    261, 264, 262, 261, 261, 264, 263, 261, 260, 258, 259, 260, 260, 261,
    261, 262, 262, 259, 259, 263, 259, 259, 260, 259, 260, 258, 260, 258,
    261, 259, 262, 262, 259, 260, 263, 259, 260, 259, 262, 264, 261, 262,
    261, 259, 262, 262, 259, 259, 260, 262, 263, 263, 263, 261, 260, 260,
    262, 263, 264, 261, 261 ]
headPositionsY: [ 75, 72, 74, 74, 72, 74, 75, 72, 76, 75, 71, 73, 71, 75,
    74, 75, 72, 71, 72, 75, 73, 72, 72, 75, 74, 73, 76, 74, 76, 76, 73,
    73, 73, 70, 65, 64, 67, 63, 68, 69, 73, 78, 82, 81, 82, 82, 77, 71,
    68, 69, 66, 68, 74, 74, 78, 85, 81, 80, 80, 74, 69, 68, 68, 70, 69,
    75, 77, 81, 84, 83, 78, 75, 73, 67, 66, 66, 67, 65, 70, 76, 81, 81,
    86, 81, 83, 78, 75, 71, 70, 70, 69, 69, 69, 73, 73, 73, 73, 71, 72,
    72 ]
