%YAML:1.0
---
videoName: "headShake10.mp4"
gestureLabel: 201
fps: 29
pixelSizeInCmTemp: 3.3732394366197183e-01
faceCenterPointX: 240
faceCenterPointY: 74
headPositionsX: [ 240, 244, 247, 246, 246, 246, 247, 245, 245, 247, 248,
    247, 245, 246, 245, 244, 245, 245, 244, 244, 245, 244, 247, 248, 244,
    248, 247, 244, 244, 246, 247, 245, 248, 246, 246, 248, 244, 247, 247,
    244, 245, 245, 243, 246, 247, 246, 244, 244, 245, 244, 245, 248, 251,
    253, 257, 259, 263, 258, 261, 258, 256, 253, 247, 243, 240, 235, 231,
    233, 232, 235, 237, 240, 248, 250, 256, 255, 255, 258, 256, 252, 249,
    248, 248, 244, 242, 242, 240, 243, 238, 239, 241, 240, 242, 239, 242,
    239, 241, 240, 243, 240 ]
headPositionsY: [ 76, 75, 74, 72, 74, 71, 73, 73, 75, 72, 71, 72, 73, 73,
    73, 74, 73, 75, 71, 71, 75, 71, 71, 72, 75, 74, 75, 75, 74, 75, 74,
    72, 76, 71, 74, 72, 73, 70, 76, 72, 71, 71, 72, 74, 72, 72, 71, 72,
    74, 72, 73, 72, 70, 72, 71, 71, 73, 71, 72, 73, 73, 73, 75, 74, 75,
    74, 76, 75, 72, 74, 75, 75, 75, 71, 74, 73, 73, 71, 75, 75, 74, 77,
    75, 77, 77, 77, 73, 78, 77, 75, 76, 73, 72, 73, 73, 75, 75, 74, 74,
    77 ]
