%YAML:1.0
---
videoName: "headShake44.mp4"
gestureLabel: 201
fps: 30
pixelSizeInCmTemp: 3.2808219178082193e-01
faceCenterPointX: 260
faceCenterPointY: 84
headPositionsX: [ 259, 260, 260, 260, 262, 263, 261, 260, 259, 261, 261,
    259, 262, 262, 263, 259, 259, 263, 263, 261, 262, 259, 259, 259, 261,
    259, 263, 261, 259, 259, 262, 261, 258, 261, 258, 261, 259, 259, 260,
    262, 267, 268, 272, 275, 276, 272, 273, 268, 264, 258, 251, 252, 248,
    250, 254, 262, 265, 272, 272, 272, 266, 264, 259, 252, 254, 256, 257,
    265, 270, 272, 273, 271, 266, 264, 257, 252, 250, 253, 253, 255, 257,
    259, 260, 260, 261, 261, 262, 264, 261, 263, 259, 260, 260, 263, 262,
    260, 262, 259, 263, 260 ]
headPositionsY: [ 84, 82, 81, 80, 84, 85, 80, 81, 80, 83, 85, 80, 85, 81,
    84, 81, 82, 80, 85, 80, 81, 83, 85, 82, 84, 84, 83, 81, 85, 80, 84,
    84, 83, 84, 82, 82, 85, 82, 83, 82, 83, 82, 82, 80, 84, 84, 82, 83,
    86, 84, 82, 84, 82, 86, 86, 85, 86, 81, 84, 87, 86, 83, 85, 83, 86,
    83, 82, 84, 82, 85, 84, 85, 84, 82, 85, 81, 85, 86, 83, 85, 82, 86,
    83, 85, 85, 86, 86, 85, 84, 85, 86, 83, 84, 83, 82, 86, 83, 87, 83,
    84 ]
