%YAML:1.0
---
videoName: "headNod35.mp4"
gestureLabel: 202
fps: 30
pixelSizeInCmTemp: 2.9937500000000000e-01
faceCenterPointX: 268
faceCenterPointY: 78
headPositionsX: [ 267, 265, 269, 270, 269, 268, 270, 269, 268, 271, 270,
    269, 272, 271, 269, 267, 268, 272, 272, 270, 269, 267, 271, 271, 268,
    270, 269, 271, 270, 273, 271, 269, 268, 272, 268, 270, 270, 267, 266,
    269, 270, 265, 269, 268, 269, 270, 267, 270, 270, 269, 270, 268, 268,
    270, 267, 268, 269, 268, 269, 269, 270, 269, 269, 268, 269, 267, 267,
    270, 267, 268, 269, 268, 270, 269, 268, 267, 268, 269, 271, 272, 267,
    267, 265, 270, 267, 266, 268, 267, 267, 266, 269, 265, 265, 268, 265,
    267, 266, 269, 267, 268 ]
headPositionsY: [ 79, 75, 76, 74, 73, 77, 74, 74, 77, 76, 76, 75, 77, 78,
    74, 78, 76, 76, 76, 75, 78, 75, 75, 75, 78, 75, 77, 73, 72, 71, 69,
    65, 69, 72, 68, 75, 78, 85, 88, 90, 93, 91, 87, 82, 78, 77, 74, 75,
    74, 74, 79, 80, 83, 86, 87, 90, 90, 82, 80, 80, 73, 73, 72, 73, 73,
    77, 78, 80, 86, 85, 84, 86, 82, 79, 78, 78, 73, 75, 76, 78, 81, 85,
    86, 85, 85, 84, 85, 84, 83, 80, 77, 81, 80, 80, 78, 76, 79, 79, 77,
    76 ]
