%YAML:1.0
---
videoName: "headNod26.mp4"
gestureLabel: 202
fps: 29
pixelSizeInCmTemp: 3.1513157894736843e-01
faceCenterPointX: 271
faceCenterPointY: 78
headPositionsX: [ 270, 270, 271, 270, 271, 274, 274, 269, 271, 271, 274,
    272, 272, 272, 274, 272, 271, 271, 273, 274, 271, 275, 273, 273, 270,
    273, 272, 273, 269, 271, 271, 271, 272, 270, 274, 274, 269, 274, 269,
    271, 269, 273, 273, 271, 272, 271, 270, 271, 272, 270, 272, 274, 271,
    274, 269, 274, 271, 271, 273, 273, 272, 270, 270, 270, 272, 273, 272,
    271, 270, 270, 274, 270, 272, 269, 270, 273, 273, 271, 272, 272, 269,
    270, 273, 271, 270, 269, 269, 269, 270, 273, 273, 272, 273, 272, 269,
    270, 269, 270, 269, 273 ]
headPositionsY: [ 78, 74, 74, 72, 75, 72, 71, 72, 69, 65, 65, 67, 65, 64,
    66, 65, 70, 71, 71, 75, 80, 80, 82, 82, 84, 82, 77, 74, 74, 68, 67,
    69, 69, 70, 72, 71, 74, 77, 77, 77, 78, 80, 78, 76, 74, 71, 68, 70,
    68, 69, 70, 71, 73, 73, 73, 77, 77, 77, 76, 71, 68, 67, 65, 69, 66,
    67, 68, 72, 71, 73, 73, 76, 77, 78, 74, 74, 70, 68, 71, 69, 67, 67,
    70, 70, 73, 73, 76, 79, 78, 79, 80, 79, 78, 80, 75, 77, 78, 76, 80,
    79 ]
