%YAML:1.0
---
videoName: "headNod48.mp4"
gestureLabel: 202
fps: 29
pixelSizeInCmTemp: 2.8855421686746985e-01
faceCenterPointX: 264
faceCenterPointY: 72
headPositionsX: [ 263, 266, 267, 266, 262, 264, 265, 264, 266, 266, 264,
    266, 264, 261, 265, 264, 263, 261, 264, 264, 259, 258, 260, 258, 260,
    262, 262, 263, 261, 261, 261, 263, 264, 262, 264, 265, 263, 264, 265,
    262, 263, 260, 260, 263, 261, 263, 261, 260, 260, 263, 259, 263, 262,
    261, 262, 260, 262, 261, 263, 262, 262, 264, 262, 266, 264, 261, 263,
    264, 265, 265, 262, 262, 266, 262, 262, 267, 267, 266, 262, 267, 265,
    263, 264, 263, 264, 264, 265, 267, 264, 266, 266, 265, 268, 267, 264,
    264, 267, 263, 266, 264 ]
headPositionsY: [ 71, 73, 79, 80, 78, 77, 75, 71, 67, 64, 62, 60, 63, 65,
    65, 68, 73, 79, 82, 87, 85, 86, 84, 81, 78, 76, 72, 68, 64, 63, 62,
    64, 67, 66, 70, 71, 74, 79, 81, 83, 81, 81, 81, 79, 77, 74, 74, 71,
    73, 72, 72, 73, 76, 78, 80, 77, 79, 78, 75, 73, 72, 68, 71, 71, 74,
    73, 77, 79, 78, 78, 76, 76, 73, 72, 71, 68, 70, 70, 69, 74, 72, 77,
    76, 76, 74, 74, 74, 70, 74, 73, 75, 72, 75, 76, 73, 71, 71, 74, 74,
    74 ]
