%YAML:1.0
---
videoName: "headNod14.mp4"
gestureLabel: 202
fps: 29
pixelSizeInCmTemp: 3.2808219178082193e-01
faceCenterPointX: 257
faceCenterPointY: 71
headPositionsX: [ 257, 260, 258, 260, 260, 258, 259, 261, 258, 258, 257,
    257, 259, 260, 260, 260, 257, 261, 260, 257, 259, 256, 257, 257, 256,
    260, 257, 256, 258, 260, 257, 258, 257, 257, 258, 258, 258, 260, 258,
    261, 259, 260, 262, 260, 258, 257, 262, 262, 259, 258, 259, 258, 261,
    260, 256, 256, 260, 259, 257, 260, 259, 256, 259, 260, 258, 258, 260,
    258, 257, 256, 257, 258, 256, 259, 257, 258, 258, 258, 259, 257, 260,
    257, 256, 257, 259, 259, 257, 258, 259, 254, 258, 256, 260, 256, 255,
    256, 256, 255, 255, 259 ]
headPositionsY: [ 70, 79, 78, 77, 76, 75, 75, 76, 79, 76, 77, 78, 77, 75,
    79, 76, 76, 79, 77, 76, 78, 77, 78, 77, 77, 80, 80, 76, 78, 78, 78,
    76, 79, 78, 76, 80, 75, 77, 77, 76, 73, 70, 72, 68, 67, 67, 72, 71,
    71, 74, 73, 76, 78, 78, 82, 82, 81, 79, 75, 75, 71, 71, 69, 69, 69,
    70, 76, 76, 79, 81, 83, 84, 78, 76, 77, 72, 72, 70, 70, 71, 73, 75,
    74, 78, 81, 79, 80, 79, 76, 77, 72, 69, 69, 68, 68, 72, 73, 70, 73,
    69 ]
