%YAML:1.0
---
videoName: "headShake47.mp4"
gestureLabel: 201
fps: 29
pixelSizeInCmTemp: 3.2364864864864862e-01
faceCenterPointX: 258
faceCenterPointY: 86
headPositionsX: [ 256, 259, 258, 261, 260, 258, 262, 260, 262, 259, 262,
    260, 259, 260, 262, 259, 262, 260, 261, 261, 258, 259, 257, 260, 260,
    259, 260, 261, 262, 259, 262, 263, 261, 257, 255, 256, 252, 253, 251,
    250, 247, 250, 253, 255, 260, 264, 265, 268, 266, 266, 261, 255, 255,
    251, 254, 258, 264, 265, 264, 266, 260, 259, 253, 250, 253, 253, 255,
    262, 262, 264, 262, 259, 258, 252, 253, 256, 255, 259, 262, 263, 265,
    264, 258, 258, 254, 256, 255, 257, 254, 258, 258, 256, 258, 259, 259,
    256, 257, 256, 255, 260 ]
headPositionsY: [ 87, 85, 83, 83, 85, 83, 83, 82, 83, 83, 85, 86, 86, 83,
    84, 86, 82, 84, 87, 86, 83, 87, 87, 83, 85, 87, 83, 86, 87, 83, 83,
    84, 85, 84, 84, 85, 83, 85, 86, 87, 86, 86, 89, 88, 86, 87, 89, 89,
    87, 89, 90, 87, 91, 88, 91, 87, 87, 88, 91, 89, 90, 89, 87, 89, 84,
    84, 85, 89, 86, 89, 86, 88, 87, 87, 88, 88, 84, 86, 85, 87, 88, 88,
    87, 88, 87, 85, 87, 86, 86, 84, 85, 87, 88, 88, 86, 87, 87, 87, 84,
    88 ]
