%YAML:1.0
---
videoName: "headLookLeft4.mp4"
gestureLabel: 203
fps: 29
pixelSizeInCmTemp: 3.4710144927536229e-01
faceCenterPointX: 288
faceCenterPointY: 74
headPositionsX: [ 287, 263, 267, 264, 267, 267, 268, 271, 272, 273, 274,
    280, 281, 285, 288, 289, 294, 294, 298, 298, 294, 291, 297, 297, 289,
    296, 291, 299, 297, 296, 293, 292, 292, 295, 290, 296, 295, 295, 296,
    294, 290, 290, 295, 294, 295, 292, 288, 291, 292, 291, 291, 291, 293,
    292, 290, 287, 288, 291, 286, 292, 290, 291, 289, 288, 287, 290, 288,
    288, 286, 291, 286, 292, 289, 292, 287, 290, 291, 289, 293, 292, 293,
    290, 293, 294, 288, 290, 290, 287, 291, 289, 289, 289, 290, 288, 292,
    286, 290, 290, 286, 289 ]
headPositionsY: [ 73, 77, 78, 80, 79, 79, 77, 77, 78, 77, 78, 76, 78, 75,
    76, 79, 75, 76, 76, 80, 74, 77, 73, 74, 73, 74, 77, 77, 79, 78, 77,
    77, 77, 75, 74, 77, 82, 74, 78, 76, 76, 75, 75, 74, 74, 74, 75, 77,
    73, 73, 72, 72, 74, 74, 72, 76, 73, 76, 75, 73, 72, 73, 74, 75, 75,
    75, 75, 76, 74, 73, 72, 76, 75, 75, 74, 77, 77, 73, 75, 75, 77, 76,
    77, 76, 73, 75, 75, 75, 75, 75, 76, 73, 74, 74, 73, 72, 74, 74, 74,
    75 ]
