%YAML:1.0
---
videoName: "headShake5.mp4"
gestureLabel: 201
fps: 30
pixelSizeInCmTemp: 3.3263888888888887e-01
faceCenterPointX: 275
faceCenterPointY: 73
headPositionsX: [ 275, 275, 278, 276, 277, 276, 281, 280, 278, 278, 280,
    276, 277, 278, 279, 279, 276, 278, 275, 277, 277, 276, 280, 275, 280,
    275, 279, 279, 279, 279, 276, 275, 277, 278, 280, 283, 290, 291, 295,
    297, 293, 294, 288, 285, 280, 272, 266, 266, 261, 265, 270, 273, 280,
    288, 290, 288, 287, 286, 282, 273, 266, 264, 262, 264, 267, 268, 274,
    278, 282, 284, 283, 282, 282, 277, 275, 273, 267, 269, 265, 266, 268,
    272, 273, 277, 281, 283, 283, 283, 282, 282, 280, 277, 276, 275, 273,
    274, 276, 275, 273, 275 ]
headPositionsY: [ 71, 75, 75, 71, 72, 72, 72, 71, 72, 75, 75, 73, 76, 75,
    73, 72, 76, 71, 72, 72, 75, 74, 74, 71, 73, 74, 73, 75, 76, 76, 73,
    73, 75, 73, 72, 74, 70, 73, 71, 70, 72, 71, 74, 72, 75, 74, 73, 76,
    75, 71, 71, 73, 77, 76, 73, 75, 75, 72, 75, 73, 77, 76, 73, 73, 72,
    73, 76, 76, 75, 72, 76, 76, 73, 75, 75, 74, 76, 73, 70, 71, 75, 74,
    74, 74, 73, 73, 72, 70, 73, 74, 71, 72, 74, 75, 72, 71, 74, 72, 73,
    73 ]
