%YAML:1.0
---
videoName: "headShake8.mp4"
gestureLabel: 201
fps: 29
pixelSizeInCmTemp: 3.2364864864864862e-01
faceCenterPointX: 243
faceCenterPointY: 72
headPositionsX: [ 243, 244, 243, 246, 246, 245, 246, 245, 245, 245, 244,
    245, 241, 246, 246, 241, 241, 243, 244, 242, 242, 246, 244, 246, 244,
    243, 241, 244, 243, 245, 244, 243, 241, 242, 246, 250, 251, 256, 262,
    262, 264, 264, 262, 260, 254, 253, 246, 238, 237, 231, 231, 233, 230,
    238, 244, 247, 253, 258, 261, 257, 259, 255, 252, 246, 244, 237, 237,
    234, 233, 235, 235, 237, 239, 239, 245, 245, 246, 246, 251, 248, 250,
    249, 250, 250, 249, 247, 249, 248, 245, 245, 247, 243, 242, 243, 244,
    243, 243, 243, 242, 245 ]
headPositionsY: [ 73, 69, 72, 74, 74, 70, 72, 74, 69, 72, 70, 73, 71, 71,
    70, 69, 69, 70, 70, 71, 74, 73, 71, 72, 71, 72, 72, 72, 73, 72, 70,
    74, 71, 73, 72, 71, 68, 72, 68, 68, 67, 68, 72, 71, 70, 73, 71, 70,
    72, 72, 71, 71, 72, 73, 72, 73, 70, 69, 67, 71, 70, 68, 73, 72, 72,
    72, 70, 72, 74, 71, 73, 71, 73, 71, 73, 74, 75, 71, 70, 73, 70, 72,
    72, 71, 70, 72, 71, 70, 69, 72, 69, 69, 71, 72, 73, 69, 70, 74, 74,
    74 ]
