%YAML:1.0
---
videoName: "headNod29.mp4"
gestureLabel: 202
fps: 29
pixelSizeInCmTemp: 3.1933333333333330e-01
faceCenterPointX: 271
faceCenterPointY: 70
headPositionsX: [ 271, 275, 273, 271, 273, 272, 275, 275, 272, 275, 272,
    275, 271, 271, 274, 272, 271, 269, 275, 271, 274, 274, 273, 272, 274,
    272, 274, 270, 270, 272, 272, 269, 273, 272, 270, 271, 268, 269, 272,
    269, 273, 270, 268, 270, 271, 269, 270, 273, 273, 273, 271, 270, 271,
    273, 270, 271, 268, 269, 271, 272, 268, 271, 268, 273, 268, 269, 271,
    269, 269, 271, 270, 272, 270, 272, 269, 272, 270, 271, 270, 271, 271,
    273, 269, 272, 271, 270, 270, 271, 269, 271, 273, 271, 269, 273, 272,
    273, 273, 269, 268, 272 ]
headPositionsY: [ 71, 71, 75, 75, 76, 74, 78, 79, 82, 82, 79, 80, 77, 77,
    71, 68, 67, 65, 67, 69, 65, 66, 67, 70, 73, 74, 77, 78, 79, 81, 78,
    77, 74, 75, 72, 74, 72, 71, 73, 75, 74, 78, 80, 77, 78, 79, 76, 73,
    73, 75, 75, 75, 75, 80, 80, 83, 79, 82, 78, 76, 77, 75, 74, 77, 77,
    78, 81, 79, 76, 74, 74, 72, 71, 70, 69, 72, 71, 73, 76, 76, 78, 77,
    74, 72, 73, 73, 73, 72, 69, 70, 70, 68, 68, 72, 71, 70, 71, 69, 68,
    70 ]
