%YAML:1.0
---
videoName: "headNod6.mp4"
gestureLabel: 202
fps: 29
pixelSizeInCmTemp: 3.1513157894736843e-01
faceCenterPointX: 262
faceCenterPointY: 73
headPositionsX: [ 264, 263, 260, 264, 261, 262, 262, 260, 263, 263, 262,
    262, 264, 262, 264, 261, 263, 262, 265, 261, 264, 265, 264, 264, 265,
    261, 264, 263, 261, 261, 264, 260, 263, 261, 262, 262, 263, 262, 262,
    265, 261, 264, 262, 261, 263, 259, 258, 260, 258, 262, 261, 262, 262,
    260, 263, 264, 263, 262, 261, 259, 262, 261, 260, 259, 262, 259, 262,
    261, 261, 262, 262, 262, 261, 259, 263, 260, 261, 261, 260, 259, 259,
    264, 260, 260, 262, 263, 261, 260, 260, 261, 263, 260, 264, 263, 261,
    263, 264, 264, 259, 261 ]
headPositionsY: [ 71, 74, 73, 76, 74, 74, 76, 72, 75, 73, 71, 73, 75, 75,
    76, 75, 72, 74, 75, 75, 75, 74, 72, 72, 75, 75, 76, 74, 73, 73, 75,
    75, 72, 71, 66, 64, 63, 65, 65, 71, 74, 75, 83, 83, 84, 82, 77, 74,
    68, 66, 68, 70, 72, 76, 82, 82, 82, 82, 77, 75, 68, 69, 70, 68, 69,
    75, 79, 81, 81, 81, 79, 76, 70, 69, 65, 68, 68, 67, 72, 74, 77, 84,
    86, 81, 79, 79, 75, 74, 70, 70, 69, 71, 70, 73, 73, 71, 71, 74, 71,
    70 ]
