%YAML:1.0
---
videoName: "headNod41.mp4"
gestureLabel: 202
fps: 29
pixelSizeInCmTemp: 2.9937500000000000e-01
faceCenterPointX: 267
faceCenterPointY: 76
headPositionsX: [ 267, 267, 271, 270, 270, 268, 268, 272, 272, 269, 270,
    268, 272, 271, 270, 271, 270, 271, 273, 269, 269, 273, 273, 272, 272,
    269, 268, 271, 271, 269, 269, 268, 268, 269, 271, 271, 272, 269, 269,
    268, 271, 272, 267, 268, 269, 267, 271, 267, 270, 265, 267, 267, 269,
    267, 271, 271, 266, 268, 269, 268, 269, 269, 271, 270, 266, 267, 269,
    268, 270, 268, 266, 268, 267, 269, 266, 268, 266, 267, 266, 265, 266,
    266, 268, 268, 269, 265, 268, 268, 266, 266, 270, 266, 266, 265, 268,
    269, 269, 265, 266, 269 ]
headPositionsY: [ 78, 71, 72, 72, 73, 74, 74, 74, 72, 72, 75, 73, 72, 72,
    76, 73, 73, 76, 75, 73, 72, 72, 73, 72, 72, 76, 74, 75, 73, 73, 74,
    74, 72, 73, 73, 72, 73, 75, 75, 78, 82, 82, 86, 87, 91, 91, 89, 85,
    83, 79, 80, 68, 68, 65, 64, 64, 68, 70, 74, 75, 81, 87, 93, 91, 90,
    89, 86, 80, 79, 75, 72, 70, 70, 71, 69, 75, 78, 81, 84, 86, 84, 79,
    76, 75, 73, 75, 72, 72, 73, 73, 79, 78, 77, 78, 78, 78, 79, 76, 78,
    76 ]
