%YAML:1.0
---
videoName: "headLookDown1.mp4"
gestureLabel: 206
fps: 29
pixelSizeInCmTemp: 3.4710144927536229e-01
faceCenterPointX: 271
faceCenterPointY: 97
headPositionsX: [ 272, 268, 269, 269, 268, 270, 271, 272, 268, 269, 269,
    272, 268, 270, 269, 268, 269, 272, 271, 270, 273, 273, 268, 274, 272,
    269, 271, 273, 269, 272, 273, 271, 272, 269, 271, 270, 272, 270, 271,
    270, 270, 273, 272, 272, 268, 273, 271, 273, 273, 273, 271, 269, 269,
    272, 272, 271, 272, 271, 272, 273, 271, 272, 271, 273, 268, 267, 270,
    268, 269, 272, 269, 272, 270, 272, 271, 271, 274, 270, 270, 269, 268,
    270, 270, 270, 272, 271, 269, 269, 271, 273, 269, 273, 273, 271, 271,
    270, 273, 271, 271, 274 ]
headPositionsY: [ 99, 76, 76, 78, 78, 75, 81, 78, 78, 80, 80, 77, 81, 77,
    77, 77, 78, 77, 78, 77, 80, 79, 77, 78, 79, 78, 80, 79, 79, 78, 78,
    82, 77, 80, 80, 78, 78, 80, 81, 78, 78, 83, 83, 84, 83, 85, 88, 90,
    92, 91, 91, 94, 95, 98, 95, 95, 95, 97, 97, 101, 97, 99, 97, 100,
    100, 100, 97, 98, 98, 97, 99, 100, 98, 99, 98, 100, 100, 96, 98, 100,
    94, 95, 96, 99, 100, 98, 100, 96, 100, 99, 97, 99, 99, 97, 97, 96,
    99, 95, 98, 98 ]
