%YAML:1.0
---
videoName: "headNod14.mp4"
gestureLabel: 202
fps: 29
pixelSizeInCmTemp: 3.2808219178082193e-01
faceCenterPointX: 257
faceCenterPointY: 71
headPositionsX: [ 258, 257, 256, 256, 259, 259, 257, 258, 258, 261, 260,
    256, 258, 260, 258, 256, 259, 260, 260, 256, 261, 259, 259, 257, 258,
    261, 259, 256, 258, 257, 259, 256, 259, 260, 258, 257, 259, 261, 258,
    259, 257, 258, 259, 256, 258, 259, 260, 262, 261, 259, 260, 258, 258,
    258, 260, 260, 259, 257, 260, 259, 260, 259, 261, 257, 260, 261, 261,
    260, 259, 260, 258, 259, 259, 256, 256, 259, 255, 255, 256, 256, 260,
    259, 255, 257, 256, 255, 256, 258, 260, 257, 257, 257, 260, 254, 257,
    256, 258, 259, 256, 259 ]
headPositionsY: [ 69, 78, 74, 75, 76, 78, 79, 76, 78, 75, 76, 80, 80, 75,
    79, 79, 77, 75, 78, 78, 78, 77, 79, 80, 79, 77, 77, 78, 79, 78, 77,
    79, 80, 77, 75, 80, 77, 76, 79, 76, 74, 71, 70, 70, 67, 69, 68, 73,
    71, 72, 73, 77, 78, 78, 81, 82, 78, 80, 76, 76, 75, 70, 68, 69, 72,
    71, 76, 76, 80, 81, 82, 84, 80, 78, 73, 71, 72, 66, 68, 70, 69, 71,
    74, 78, 81, 79, 80, 77, 78, 74, 72, 72, 69, 68, 72, 68, 71, 69, 69,
    70 ]
