%YAML:1.0
---
videoName: "headLookUp4.mp4"
gestureLabel: 205
fps: 30
pixelSizeInCmTemp: 3.6846153846153845e-01
faceCenterPointX: 256
faceCenterPointY: 68
headPositionsX: [ 256, 257, 257, 259, 257, 254, 257, 257, 255, 254, 258,
    256, 255, 255, 258, 253, 256, 254, 256, 258, 254, 257, 256, 255, 258,
    256, 256, 255, 258, 255, 258, 254, 256, 253, 255, 254, 256, 255, 256,
    257, 257, 258, 258, 255, 256, 256, 254, 253, 256, 254, 253, 258, 257,
    255, 258, 254, 257, 256, 257, 254, 255, 254, 253, 255, 256, 256, 255,
    257, 254, 258, 256, 258, 257, 255, 256, 257, 256, 254, 257, 257, 256,
    254, 254, 257, 254, 256, 255, 255, 257, 258, 258, 258, 257, 255, 257,
    254, 256, 259, 254, 256 ]
headPositionsY: [ 70, 84, 84, 84, 84, 84, 82, 85, 80, 82, 81, 81, 82, 81,
    81, 81, 82, 84, 81, 83, 84, 81, 81, 81, 77, 77, 75, 76, 74, 70, 69,
    69, 67, 70, 69, 68, 66, 66, 69, 68, 68, 68, 69, 69, 66, 67, 68, 67,
    69, 66, 70, 68, 67, 68, 69, 71, 67, 71, 69, 71, 69, 66, 68, 65, 68,
    68, 69, 70, 71, 72, 68, 67, 71, 70, 65, 68, 70, 69, 66, 70, 70, 68,
    70, 71, 69, 69, 72, 70, 72, 72, 70, 69, 71, 66, 71, 66, 71, 68, 66,
    72 ]
