%YAML:1.0
---
videoName: "headLookDown1.mp4"
gestureLabel: 206
fps: 29
pixelSizeInCmTemp: 3.4710144927536229e-01
faceCenterPointX: 271
faceCenterPointY: 97
headPositionsX: [ 272, 271, 268, 272, 271, 272, 271, 268, 268, 268, 268,
    269, 268, 270, 270, 272, 271, 273, 272, 270, 273, 271, 272, 272, 273,
    269, 273, 272, 269, 268, 271, 271, 271, 271, 270, 271, 272, 271, 269,
    271, 271, 270, 272, 268, 271, 269, 271, 270, 269, 273, 272, 269, 273,
    271, 271, 270, 272, 272, 268, 269, 271, 271, 272, 273, 270, 268, 271,
    270, 270, 271, 270, 272, 271, 274, 272, 272, 274, 273, 271, 269, 269,
    273, 273, 269, 269, 270, 272, 271, 272, 272, 272, 272, 271, 273, 270,
    270, 269, 271, 270, 274 ]
headPositionsY: [ 95, 76, 75, 77, 79, 77, 77, 79, 79, 81, 81, 78, 79, 78,
    81, 77, 78, 81, 78, 80, 78, 80, 77, 80, 82, 78, 79, 82, 79, 77, 78,
    78, 77, 80, 81, 78, 82, 78, 80, 81, 79, 79, 82, 82, 86, 85, 84, 90,
    92, 93, 91, 92, 96, 94, 95, 96, 98, 97, 96, 101, 97, 100, 98, 98, 98,
    98, 96, 97, 100, 99, 101, 98, 97, 100, 99, 101, 97, 96, 97, 96, 95,
    97, 97, 98, 100, 97, 96, 99, 96, 96, 96, 98, 95, 99, 96, 97, 96, 98,
    98, 97 ]
