%YAML:1.0
---
videoName: "headNod11.mp4"
gestureLabel: 202
fps: 29
pixelSizeInCmTemp: 3.2364864864864862e-01
faceCenterPointX: 261
faceCenterPointY: 75
headPositionsX: [ 260, 258, 262, 260, 258, 260, 260, 261, 259, 258, 261,
    257, 259, 258, 257, 257, 259, 261, 262, 257, 260, 258, 261, 260, 262,
    262, 262, 262, 259, 260, 262, 261, 263, 259, 261, 259, 261, 260, 260,
    262, 261, 259, 260, 263, 259, 259, 259, 262, 258, 263, 261, 258, 263,
    263, 261, 259, 263, 260, 257, 259, 257, 258, 257, 258, 258, 257, 259,
    256, 258, 259, 256, 258, 259, 260, 256, 254, 258, 258, 256, 256, 258,
    260, 259, 260, 257, 259, 260, 261, 257, 259, 259, 259, 257, 257, 261,
    262, 260, 258, 259, 260 ]
headPositionsY: [ 76, 76, 76, 75, 76, 77, 72, 73, 74, 72, 73, 72, 74, 77,
    72, 74, 72, 76, 74, 73, 72, 76, 72, 76, 77, 74, 76, 77, 76, 75, 73,
    76, 73, 73, 73, 73, 74, 74, 73, 76, 74, 77, 76, 74, 76, 73, 75, 71,
    73, 70, 67, 66, 67, 69, 69, 71, 76, 75, 79, 78, 82, 78, 79, 72, 71,
    67, 68, 67, 70, 71, 72, 76, 76, 78, 81, 79, 77, 75, 78, 75, 71, 71,
    73, 71, 73, 77, 78, 80, 80, 81, 79, 77, 76, 77, 77, 77, 76, 75, 76,
    77 ]
