%YAML:1.0
---
videoName: "headNod2.mp4"
gestureLabel: 202
fps: 29
pixelSizeInCmTemp: 3.2364864864864862e-01
faceCenterPointX: 263
faceCenterPointY: 70
headPositionsX: [ 262, 264, 260, 263, 263, 263, 261, 264, 263, 262, 261,
    262, 266, 264, 265, 265, 266, 265, 265, 266, 265, 264, 264, 265, 262,
    262, 264, 264, 265, 262, 263, 263, 264, 260, 260, 260, 263, 262, 263,
    259, 261, 261, 260, 260, 262, 261, 260, 264, 262, 264, 262, 261, 262,
    264, 260, 260, 262, 260, 260, 261, 264, 264, 260, 262, 264, 262, 265,
    261, 265, 260, 261, 261, 262, 261, 264, 261, 262, 261, 265, 261, 265,
    263, 263, 265, 260, 261, 262, 265, 263, 264, 266, 262, 262, 261, 265,
    265, 263, 264, 263, 263 ]
headPositionsY: [ 69, 76, 78, 75, 74, 73, 73, 76, 76, 77, 73, 76, 74, 77,
    77, 75, 75, 75, 77, 74, 74, 73, 74, 73, 72, 74, 76, 72, 75, 76, 73,
    75, 76, 76, 76, 72, 73, 72, 76, 76, 73, 72, 72, 76, 75, 73, 73, 73,
    75, 72, 70, 72, 69, 73, 75, 77, 79, 80, 74, 73, 72, 73, 70, 75, 76,
    77, 75, 72, 72, 70, 69, 74, 76, 75, 77, 75, 75, 70, 71, 70, 74, 75,
    77, 76, 74, 73, 74, 69, 68, 71, 73, 69, 69, 69, 72, 70, 72, 68, 69,
    69 ]
