%YAML:1.0
---
videoName: "headShake41.mp4"
gestureLabel: 201
fps: 29
pixelSizeInCmTemp: 3.2364864864864862e-01
faceCenterPointX: 264
faceCenterPointY: 85
headPositionsX: [ 265, 261, 262, 263, 260, 260, 263, 263, 262, 261, 261,
    259, 259, 261, 262, 263, 259, 259, 259, 260, 260, 261, 262, 263, 265,
    270, 271, 271, 272, 277, 279, 278, 281, 284, 278, 281, 283, 278, 277,
    279, 276, 272, 264, 260, 256, 252, 249, 248, 246, 248, 242, 248, 247,
    248, 250, 251, 251, 251, 255, 259, 262, 266, 270, 274, 275, 277, 279,
    278, 275, 278, 277, 274, 272, 272, 273, 270, 269, 269, 267, 266, 263,
    264, 265, 265, 263, 265, 262, 261, 260, 262, 260, 262, 260, 265, 263,
    262, 261, 264, 264, 262 ]
headPositionsY: [ 84, 83, 85, 83, 85, 82, 84, 82, 86, 82, 82, 85, 85, 83,
    82, 86, 83, 82, 83, 82, 84, 83, 86, 85, 82, 82, 82, 84, 83, 82, 81,
    83, 83, 81, 81, 81, 82, 82, 82, 80, 85, 85, 83, 87, 85, 82, 82, 82,
    81, 82, 82, 82, 84, 83, 82, 86, 82, 83, 83, 86, 87, 86, 86, 85, 82,
    83, 85, 86, 82, 86, 84, 82, 84, 85, 87, 86, 83, 86, 85, 84, 86, 81,
    86, 86, 86, 84, 83, 87, 82, 84, 84, 84, 87, 86, 86, 86, 85, 86, 85,
    85 ]
