%YAML:1.0
---
videoName: "headLookLeft8.mp4"
gestureLabel: 203
fps: 29
pixelSizeInCmTemp: 3.6287878787878786e-01
faceCenterPointX: 273
faceCenterPointY: 69
headPositionsX: [ 272, 244, 244, 240, 243, 243, 243, 241, 240, 240, 240,
    241, 244, 243, 245, 244, 247, 245, 246, 247, 248, 246, 245, 249, 249,
    248, 246, 249, 246, 246, 246, 244, 245, 249, 245, 245, 246, 248, 244,
    248, 243, 243, 243, 243, 245, 246, 246, 246, 245, 245, 244, 245, 250,
    246, 249, 253, 254, 258, 260, 260, 264, 268, 269, 271, 271, 275, 275,
    283, 284, 276, 275, 276, 279, 275, 277, 278, 272, 274, 276, 278, 279,
    280, 277, 273, 271, 275, 280, 279, 275, 273, 273, 275, 273, 275, 277,
    275, 274, 276, 275, 269 ]
headPositionsY: [ 70, 66, 65, 68, 69, 67, 68, 66, 68, 68, 68, 67, 67, 68,
    66, 66, 70, 69, 69, 69, 69, 67, 68, 68, 69, 68, 72, 69, 70, 71, 71,
    71, 72, 71, 70, 73, 71, 71, 71, 73, 72, 73, 72, 70, 72, 74, 73, 73,
    75, 72, 72, 74, 73, 72, 70, 72, 71, 68, 72, 69, 70, 69, 67, 73, 67,
    71, 67, 69, 73, 69, 68, 67, 72, 70, 70, 68, 68, 67, 71, 71, 69, 72,
    72, 71, 67, 68, 71, 69, 68, 70, 69, 69, 68, 68, 70, 71, 68, 69, 69,
    67 ]
