%YAML:1.0
---
videoName: "headLookRight0.mp4"
gestureLabel: 204
fps: 29
pixelSizeInCmTemp: 3.1933333333333330e-01
faceCenterPointX: 229
faceCenterPointY: 68
headPositionsX: [ 227, 258, 254, 256, 255, 257, 257, 255, 256, 255, 258,
    256, 258, 255, 255, 256, 256, 254, 256, 258, 259, 256, 258, 254, 257,
    257, 255, 257, 257, 259, 257, 255, 253, 255, 258, 254, 253, 254, 254,
    253, 249, 247, 250, 243, 243, 240, 236, 235, 237, 237, 233, 234, 233,
    234, 235, 232, 234, 235, 234, 230, 236, 232, 231, 232, 230, 232, 232,
    235, 234, 234, 234, 234, 233, 236, 233, 232, 229, 233, 231, 231, 234,
    230, 230, 231, 232, 229, 233, 233, 231, 230, 229, 229, 231, 228, 231,
    228, 230, 230, 226, 231 ]
headPositionsY: [ 68, 64, 66, 64, 66, 66, 66, 63, 67, 68, 64, 67, 67, 65,
    65, 67, 68, 67, 69, 66, 67, 65, 66, 68, 69, 68, 69, 68, 67, 70, 68,
    68, 66, 68, 66, 66, 69, 67, 66, 68, 69, 69, 67, 69, 69, 66, 68, 66,
    68, 68, 71, 70, 67, 69, 70, 67, 69, 69, 67, 69, 68, 69, 70, 70, 68,
    69, 66, 70, 67, 67, 68, 69, 67, 70, 70, 67, 67, 66, 69, 66, 68, 69,
    69, 68, 69, 68, 69, 69, 68, 66, 67, 66, 69, 71, 69, 66, 66, 65, 70,
    69 ]
