%YAML:1.0
---
videoName: "headLookRight2.mp4"
gestureLabel: 204
fps: 29
pixelSizeInCmTemp: 3.8015873015873014e-01
faceCenterPointX: 228
faceCenterPointY: 68
headPositionsX: [ 226, 250, 254, 251, 254, 250, 250, 250, 254, 252, 252,
    254, 253, 251, 253, 251, 250, 253, 250, 253, 253, 254, 254, 251, 254,
    255, 252, 255, 254, 256, 252, 252, 254, 253, 252, 254, 256, 254, 255,
    255, 253, 254, 253, 251, 251, 252, 253, 249, 252, 247, 247, 244, 244,
    242, 241, 236, 234, 233, 230, 231, 227, 230, 232, 229, 227, 227, 226,
    229, 222, 225, 227, 227, 230, 228, 228, 227, 229, 232, 230, 229, 228,
    231, 228, 230, 231, 227, 231, 225, 230, 229, 227, 230, 230, 229, 229,
    230, 227, 229, 226, 230 ]
headPositionsY: [ 68, 68, 68, 69, 70, 66, 67, 67, 70, 68, 70, 67, 67, 69,
    69, 68, 68, 68, 70, 68, 71, 69, 69, 68, 70, 68, 69, 70, 69, 71, 69,
    67, 67, 70, 68, 68, 68, 68, 68, 71, 69, 70, 70, 71, 67, 67, 70, 70,
    68, 71, 68, 67, 71, 68, 68, 71, 67, 69, 71, 69, 69, 70, 66, 69, 69,
    67, 67, 69, 70, 70, 68, 66, 68, 68, 69, 68, 70, 71, 70, 70, 67, 68,
    70, 73, 68, 67, 71, 68, 70, 67, 70, 67, 70, 71, 67, 68, 69, 68, 70,
    70 ]
