%YAML:1.0
---
videoName: "headShake39.mp4"
gestureLabel: 201
fps: 29
pixelSizeInCmTemp: 3.1933333333333330e-01
faceCenterPointX: 263
faceCenterPointY: 83
headPositionsX: [ 261, 262, 259, 261, 260, 259, 260, 263, 262, 261, 259,
    260, 260, 259, 261, 263, 261, 261, 260, 261, 260, 257, 254, 254, 251,
    250, 249, 246, 241, 243, 243, 246, 245, 249, 257, 259, 265, 273, 277,
    281, 279, 278, 276, 269, 262, 259, 253, 247, 245, 245, 244, 248, 252,
    257, 263, 269, 271, 275, 281, 282, 275, 271, 270, 262, 260, 254, 252,
    249, 248, 250, 251, 251, 255, 255, 258, 260, 259, 263, 262, 264, 263,
    264, 268, 265, 267, 267, 267, 265, 263, 266, 266, 266, 262, 265, 265,
    265, 264, 262, 264, 260 ]
headPositionsY: [ 83, 82, 81, 81, 84, 84, 83, 82, 82, 81, 82, 82, 84, 82,
    81, 83, 82, 85, 83, 82, 83, 82, 81, 84, 83, 84, 83, 80, 80, 84, 82,
    83, 81, 81, 83, 83, 80, 79, 80, 80, 81, 81, 81, 83, 83, 83, 85, 83,
    85, 82, 83, 85, 84, 84, 83, 83, 81, 79, 80, 79, 79, 82, 85, 83, 83,
    81, 79, 80, 77, 78, 80, 79, 82, 80, 84, 80, 83, 83, 84, 84, 83, 82,
    80, 80, 83, 82, 80, 84, 83, 85, 85, 82, 83, 85, 85, 81, 82, 83, 85,
    84 ]
