%YAML:1.0
---
videoName: "headNod30.mp4"
gestureLabel: 202
fps: 29
pixelSizeInCmTemp: 3.2364864864864862e-01
faceCenterPointX: 271
faceCenterPointY: 72
headPositionsX: [ 271, 272, 273, 273, 272, 273, 270, 272, 270, 271, 272,
    270, 270, 273, 270, 272, 272, 271, 270, 270, 270, 269, 273, 270, 272,
    271, 273, 272, 272, 270, 271, 274, 272, 271, 271, 272, 272, 273, 268,
    269, 268, 272, 268, 267, 267, 271, 268, 267, 270, 271, 267, 269, 269,
    271, 273, 271, 271, 271, 269, 270, 271, 270, 269, 271, 269, 274, 268,
    269, 269, 268, 270, 272, 271, 270, 272, 272, 272, 269, 269, 271, 268,
    270, 272, 271, 273, 269, 271, 269, 274, 273, 274, 272, 271, 269, 269,
    271, 271, 270, 271, 274 ]
headPositionsY: [ 72, 74, 73, 77, 78, 77, 74, 74, 77, 77, 74, 73, 76, 75,
    78, 76, 76, 75, 77, 74, 74, 76, 72, 70, 69, 68, 66, 66, 70, 72, 71,
    74, 80, 84, 82, 83, 80, 80, 76, 71, 72, 73, 70, 74, 76, 77, 80, 82,
    78, 81, 76, 75, 75, 74, 71, 72, 69, 69, 72, 75, 75, 78, 74, 74, 75,
    72, 72, 70, 71, 69, 68, 69, 69, 75, 73, 73, 76, 75, 75, 69, 70, 71,
    71, 69, 68, 72, 69, 73, 74, 72, 73, 76, 72, 74, 71, 75, 72, 74, 72,
    75 ]
