%YAML:1.0
---
videoName: "headShake36.mp4"
gestureLabel: 201
fps: 29
pixelSizeInCmTemp: 3.2364864864864862e-01
faceCenterPointX: 263
faceCenterPointY: 80
headPositionsX: [ 265, 264, 263, 262, 265, 262, 263, 267, 270, 272, 274,
    276, 279, 282, 280, 281, 284, 278, 280, 277, 276, 273, 271, 266, 262,
    258, 256, 255, 249, 250, 246, 247, 246, 247, 245, 244, 247, 248, 249,
    254, 258, 260, 265, 269, 271, 271, 274, 278, 278, 279, 280, 281, 281,
    275, 277, 272, 270, 264, 263, 257, 255, 256, 251, 251, 251, 251, 247,
    249, 249, 252, 254, 257, 261, 260, 265, 264, 265, 266, 265, 269, 266,
    267, 267, 264, 267, 263, 267, 265, 267, 266, 264, 262, 265, 264, 264,
    261, 265, 261, 265, 264 ]
headPositionsY: [ 81, 79, 77, 78, 81, 78, 77, 78, 81, 77, 80, 77, 80, 75,
    75, 77, 76, 77, 77, 80, 78, 81, 79, 82, 81, 82, 82, 81, 80, 80, 80,
    82, 81, 83, 82, 82, 83, 81, 81, 80, 80, 81, 83, 83, 80, 76, 79, 79,
    77, 79, 77, 79, 77, 79, 76, 81, 82, 82, 80, 80, 78, 80, 81, 80, 77,
    80, 78, 80, 79, 81, 80, 79, 79, 81, 81, 82, 81, 81, 78, 79, 81, 79,
    82, 81, 80, 80, 79, 79, 78, 82, 80, 79, 81, 80, 80, 80, 82, 82, 78,
    80 ]
