%YAML:1.0
---
videoName: "headShake42.mp4"
gestureLabel: 201
fps: 29
pixelSizeInCmTemp: 3.2808219178082193e-01
faceCenterPointX: 257
faceCenterPointY: 85
headPositionsX: [ 256, 274, 277, 277, 279, 277, 280, 276, 275, 271, 270,
    268, 268, 265, 257, 253, 252, 249, 246, 244, 243, 243, 242, 242, 243,
    246, 245, 250, 254, 258, 265, 266, 269, 275, 276, 282, 278, 277, 278,
    277, 272, 272, 268, 265, 262, 260, 253, 250, 249, 250, 247, 247, 246,
    248, 247, 247, 250, 249, 253, 256, 258, 261, 263, 267, 269, 269, 265,
    268, 268, 267, 268, 268, 267, 265, 263, 265, 261, 263, 259, 259, 258,
    256, 258, 257, 256, 254, 256, 257, 255, 257, 259, 258, 257, 255, 255,
    257, 257, 259, 258, 258 ]
headPositionsY: [ 84, 83, 83, 83, 83, 80, 83, 83, 83, 81, 83, 83, 83, 83,
    83, 82, 83, 85, 85, 81, 86, 82, 85, 86, 83, 84, 86, 86, 86, 85, 83,
    86, 81, 80, 84, 85, 85, 84, 82, 85, 85, 85, 84, 85, 89, 86, 85, 87,
    84, 87, 85, 85, 87, 86, 83, 85, 86, 86, 87, 88, 85, 85, 88, 86, 86,
    86, 87, 87, 83, 87, 85, 85, 87, 87, 85, 87, 83, 87, 87, 85, 84, 84,
    85, 86, 83, 84, 85, 85, 87, 88, 85, 85, 87, 84, 87, 86, 83, 86, 86,
    87 ]
