%YAML:1.0
---
videoName: "headLookDown3.mp4"
gestureLabel: 206
fps: 29
pixelSizeInCmTemp: 3.5746268656716418e-01
faceCenterPointX: 273
faceCenterPointY: 98
headPositionsX: [ 272, 272, 271, 274, 273, 272, 271, 272, 270, 272, 271,
    271, 271, 274, 271, 273, 270, 273, 271, 275, 271, 272, 271, 270, 275,
    271, 275, 271, 271, 275, 271, 274, 273, 274, 272, 270, 271, 269, 271,
    271, 274, 272, 273, 269, 274, 273, 271, 275, 271, 272, 270, 273, 274,
    270, 272, 275, 271, 273, 271, 270, 272, 274, 270, 272, 271, 270, 269,
    269, 268, 269, 271, 271, 271, 271, 273, 270, 270, 272, 269, 273, 270,
    270, 272, 274, 272, 274, 273, 271, 274, 271, 272, 273, 275, 272, 273,
    273, 276, 270, 273, 274 ]
headPositionsY: [ 96, 79, 80, 80, 77, 79, 76, 78, 76, 80, 77, 79, 76, 79,
    77, 80, 78, 80, 79, 78, 78, 77, 79, 77, 81, 79, 81, 77, 78, 77, 80,
    79, 79, 77, 81, 79, 81, 79, 82, 83, 83, 83, 85, 85, 84, 86, 85, 88,
    89, 90, 91, 91, 93, 91, 95, 92, 94, 97, 98, 100, 97, 100, 97, 97,
    100, 101, 100, 103, 98, 102, 103, 100, 99, 102, 103, 102, 102, 103,
    101, 99, 101, 100, 100, 103, 103, 99, 102, 100, 101, 102, 98, 102,
    100, 102, 101, 100, 102, 98, 99, 102 ]
