%YAML:1.0
---
videoName: "headShake10.mp4"
gestureLabel: 201
fps: 29
pixelSizeInCmTemp: 3.3732394366197183e-01
faceCenterPointX: 240
faceCenterPointY: 74
headPositionsX: [ 240, 244, 244, 246, 243, 248, 248, 247, 247, 248, 246,
    245, 245, 246, 248, 248, 244, 244, 247, 244, 246, 247, 244, 246, 246,
    248, 246, 247, 245, 246, 244, 247, 245, 247, 247, 247, 245, 243, 246,
    244, 244, 247, 243, 245, 245, 246, 247, 244, 244, 247, 246, 249, 249,
    255, 258, 255, 262, 258, 259, 257, 258, 254, 249, 241, 236, 236, 231,
    230, 233, 234, 236, 241, 248, 248, 256, 255, 255, 255, 258, 255, 251,
    250, 244, 244, 243, 242, 240, 240, 240, 239, 239, 242, 240, 241, 238,
    239, 240, 241, 240, 240 ]
headPositionsY: [ 74, 73, 74, 75, 73, 75, 72, 72, 71, 71, 75, 75, 72, 74,
    74, 75, 74, 74, 74, 74, 73, 72, 71, 73, 71, 74, 71, 72, 71, 72, 72,
    72, 74, 74, 74, 76, 74, 74, 73, 73, 75, 72, 72, 75, 71, 73, 74, 75,
    71, 74, 71, 75, 72, 73, 72, 72, 72, 71, 70, 73, 73, 75, 76, 76, 75,
    74, 76, 73, 73, 73, 74, 76, 74, 72, 75, 73, 72, 72, 71, 76, 76, 76,
    73, 74, 76, 75, 76, 75, 76, 76, 76, 75, 73, 77, 73, 75, 75, 77, 77,
    75 ]
