%YAML:1.0
---
videoName: "headNod35.mp4"
gestureLabel: 202
fps: 30
pixelSizeInCmTemp: 2.9937500000000000e-01
faceCenterPointX: 268
faceCenterPointY: 78
headPositionsX: [ 270, 267, 269, 266, 267, 270, 269, 270, 270, 271, 270,
    271, 270, 269, 268, 267, 270, 270, 270, 270, 270, 267, 268, 270, 268,
    270, 269, 268, 268, 269, 271, 272, 271, 271, 271, 268, 268, 271, 266,
    269, 266, 266, 269, 265, 270, 266, 269, 269, 270, 270, 271, 269, 267,
    269, 266, 266, 271, 270, 269, 266, 270, 270, 268, 269, 267, 271, 268,
    270, 271, 268, 269, 267, 269, 271, 267, 269, 270, 268, 267, 270, 268,
    266, 268, 267, 269, 266, 268, 269, 264, 265, 269, 267, 269, 269, 266,
    265, 269, 268, 267, 269 ]
headPositionsY: [ 79, 76, 75, 74, 74, 78, 78, 77, 78, 76, 78, 75, 75, 77,
    74, 78, 79, 78, 78, 78, 78, 74, 78, 78, 76, 74, 76, 72, 71, 67, 70,
    68, 68, 72, 72, 76, 78, 85, 90, 92, 95, 92, 90, 84, 79, 78, 75, 72,
    73, 75, 79, 79, 83, 89, 91, 91, 87, 84, 80, 83, 74, 74, 73, 73, 71,
    73, 79, 80, 84, 84, 84, 87, 82, 77, 78, 74, 75, 73, 75, 77, 82, 83,
    87, 85, 84, 87, 82, 81, 83, 81, 78, 80, 80, 77, 80, 80, 79, 77, 78,
    79 ]
