%YAML:1.0
---
videoName: "headLookDown1.mp4"
gestureLabel: 206
fps: 29
pixelSizeInCmTemp: 3.4710144927536229e-01
faceCenterPointX: 271
faceCenterPointY: 97
headPositionsX: [ 271, 270, 268, 269, 271, 272, 271, 268, 271, 270, 269,
    268, 268, 272, 270, 268, 272, 272, 271, 271, 271, 271, 272, 272, 273,
    273, 271, 271, 271, 270, 270, 273, 272, 270, 271, 270, 273, 273, 273,
    271, 269, 271, 271, 270, 269, 272, 270, 270, 269, 273, 269, 272, 269,
    269, 271, 270, 269, 271, 271, 270, 269, 269, 271, 273, 271, 271, 271,
    269, 271, 270, 271, 269, 269, 273, 270, 270, 273, 273, 268, 272, 271,
    270, 269, 273, 272, 272, 271, 273, 271, 270, 271, 271, 273, 271, 272,
    272, 270, 274, 270, 274 ]
headPositionsY: [ 98, 76, 77, 79, 77, 78, 80, 78, 77, 79, 79, 80, 80, 77,
    79, 79, 79, 78, 79, 77, 81, 78, 81, 78, 81, 78, 78, 81, 78, 79, 77,
    80, 79, 78, 79, 80, 81, 80, 82, 77, 81, 80, 83, 80, 84, 83, 86, 89,
    88, 89, 93, 96, 93, 97, 97, 99, 96, 99, 96, 99, 100, 100, 98, 100,
    97, 100, 97, 97, 97, 101, 97, 97, 99, 101, 100, 97, 100, 97, 98, 97,
    98, 96, 96, 96, 99, 98, 100, 100, 100, 96, 97, 96, 96, 97, 99, 99,
    97, 95, 95, 96 ]
