%YAML:1.0
---
videoName: "headLookDown9.mp4"
gestureLabel: 206
fps: 29
pixelSizeInCmTemp: 3.5220588235294115e-01
faceCenterPointX: 274
faceCenterPointY: 97
headPositionsX: [ 275, 273, 274, 270, 271, 271, 273, 274, 271, 272, 275,
    271, 273, 273, 274, 275, 270, 273, 272, 275, 274, 272, 273, 271, 274,
    274, 272, 270, 273, 274, 270, 274, 271, 272, 271, 273, 271, 274, 274,
    274, 271, 271, 275, 275, 271, 270, 271, 273, 273, 275, 273, 271, 272,
    272, 272, 274, 271, 270, 273, 274, 273, 275, 272, 272, 274, 273, 273,
    274, 269, 270, 273, 271, 271, 273, 270, 275, 274, 274, 272, 273, 274,
    274, 273, 272, 274, 273, 272, 274, 274, 271, 275, 272, 271, 275, 271,
    275, 275, 273, 275, 271 ]
headPositionsY: [ 98, 82, 81, 79, 78, 79, 77, 82, 79, 78, 82, 80, 77, 79,
    78, 79, 80, 79, 80, 79, 79, 80, 78, 79, 78, 79, 79, 79, 82, 80, 79,
    81, 84, 83, 82, 86, 84, 83, 88, 86, 87, 91, 92, 90, 94, 95, 94, 96,
    97, 99, 99, 99, 100, 100, 99, 96, 98, 98, 101, 97, 98, 98, 100, 96,
    100, 99, 99, 100, 96, 96, 96, 96, 97, 97, 99, 94, 97, 98, 98, 97, 97,
    97, 96, 96, 97, 98, 97, 98, 98, 96, 96, 99, 96, 95, 96, 96, 96, 93,
    94, 98 ]
