%YAML:1.0
---
videoName: "headShake7.mp4"
gestureLabel: 201
fps: 29
pixelSizeInCmTemp: 3.3263888888888887e-01
faceCenterPointX: 244
faceCenterPointY: 72
headPositionsX: [ 243, 243, 243, 242, 245, 241, 241, 244, 244, 243, 246,
    249, 252, 253, 256, 259, 261, 259, 256, 253, 250, 249, 241, 234, 231,
    235, 233, 238, 248, 250, 258, 260, 258, 259, 253, 252, 246, 238, 233,
    231, 228, 226, 232, 235, 241, 245, 250, 254, 255, 257, 251, 250, 245,
    244, 237, 233, 231, 230, 228, 236, 239, 245, 246, 253, 254, 254, 259,
    257, 253, 251, 247, 242, 241, 238, 236, 234, 236, 236, 237, 239, 239,
    239, 242, 247, 244, 247, 248, 246, 249, 245, 245, 247, 247, 244, 243,
    246, 244, 241, 242, 244 ]
headPositionsY: [ 73, 72, 70, 71, 72, 73, 73, 73, 72, 71, 73, 69, 71, 69,
    68, 66, 67, 66, 69, 70, 69, 69, 72, 72, 72, 73, 72, 70, 72, 70, 69,
    66, 68, 71, 69, 71, 71, 69, 71, 71, 71, 72, 72, 72, 70, 69, 70, 67,
    68, 72, 69, 70, 69, 73, 70, 70, 72, 71, 72, 69, 71, 72, 71, 72, 68,
    69, 71, 71, 68, 70, 68, 70, 69, 70, 72, 71, 69, 69, 70, 73, 70, 72,
    73, 70, 70, 73, 73, 71, 70, 72, 73, 70, 71, 72, 73, 74, 70, 70, 71,
    71 ]
