%YAML:1.0
---
videoName: "headLookRight9.mp4"
gestureLabel: 204
fps: 29
pixelSizeInCmTemp: 2.8511904761904761e-01
faceCenterPointX: 217
faceCenterPointY: 75
headPositionsX: [ 217, 242, 242, 246, 245, 245, 244, 245, 243, 243, 246,
    243, 244, 245, 244, 241, 241, 242, 241, 242, 241, 242, 241, 246, 242,
    241, 245, 243, 242, 242, 243, 240, 237, 233, 233, 232, 228, 223, 222,
    222, 219, 218, 215, 218, 215, 217, 215, 213, 215, 213, 217, 214, 212,
    215, 214, 214, 214, 214, 214, 214, 212, 214, 218, 216, 217, 219, 216,
    213, 215, 216, 214, 208, 211, 218, 214, 217, 213, 212, 216, 217, 216,
    217, 214, 216, 214, 220, 215, 219, 219, 217, 218, 211, 216, 218, 213,
    214, 220, 219, 221, 216 ]
headPositionsY: [ 77, 72, 74, 72, 75, 73, 72, 75, 72, 76, 75, 76, 73, 76,
    75, 74, 75, 72, 73, 75, 75, 75, 74, 77, 74, 77, 73, 73, 74, 76, 75,
    75, 72, 73, 75, 76, 71, 73, 73, 75, 76, 73, 73, 80, 74, 73, 72, 75,
    73, 70, 73, 70, 71, 75, 73, 75, 73, 76, 69, 70, 72, 71, 73, 71, 79,
    76, 71, 72, 70, 69, 69, 79, 76, 70, 74, 71, 71, 75, 75, 72, 71, 70,
    70, 72, 70, 74, 71, 71, 76, 73, 78, 71, 75, 72, 69, 70, 74, 74, 75,
    79 ]
