%YAML:1.0
---
videoName: "headShake44.mp4"
gestureLabel: 201
fps: 30
pixelSizeInCmTemp: 3.2808219178082193e-01
faceCenterPointX: 260
faceCenterPointY: 84
headPositionsX: [ 258, 260, 262, 259, 259, 261, 262, 260, 261, 261, 263,
    263, 259, 261, 260, 259, 263, 262, 261, 260, 260, 259, 260, 261, 263,
    259, 263, 261, 259, 258, 262, 259, 259, 259, 259, 258, 260, 262, 264,
    264, 267, 270, 274, 272, 276, 276, 274, 267, 262, 256, 255, 251, 251,
    253, 258, 262, 267, 269, 273, 271, 267, 261, 259, 254, 254, 258, 257,
    262, 267, 272, 270, 269, 268, 264, 255, 255, 250, 251, 253, 257, 259,
    259, 261, 261, 261, 262, 260, 261, 263, 262, 263, 261, 261, 263, 262,
    259, 258, 259, 263, 260 ]
headPositionsY: [ 85, 83, 82, 82, 84, 81, 81, 84, 82, 83, 84, 84, 85, 84,
    85, 84, 82, 80, 83, 81, 84, 84, 82, 80, 85, 80, 82, 83, 84, 80, 85,
    81, 83, 85, 81, 81, 83, 85, 84, 82, 85, 83, 82, 81, 82, 83, 80, 87,
    83, 82, 84, 82, 83, 86, 84, 84, 85, 85, 86, 84, 85, 84, 82, 83, 86,
    81, 82, 86, 85, 84, 85, 85, 85, 84, 82, 82, 83, 86, 85, 83, 86, 83,
    84, 86, 83, 84, 85, 84, 86, 85, 85, 84, 86, 86, 85, 86, 83, 86, 84,
    84 ]
