%YAML:1.0
---
videoName: "headShake5.mp4"
gestureLabel: 201
fps: 30
pixelSizeInCmTemp: 3.3263888888888887e-01
faceCenterPointX: 275
faceCenterPointY: 73
headPositionsX: [ 275, 278, 279, 277, 277, 277, 277, 279, 277, 279, 280,
    278, 277, 278, 276, 276, 276, 277, 275, 277, 278, 278, 276, 275, 277,
    278, 278, 278, 277, 278, 280, 278, 279, 282, 284, 286, 287, 295, 296,
    298, 295, 292, 291, 284, 280, 271, 267, 264, 262, 265, 270, 272, 282,
    285, 291, 288, 287, 282, 282, 275, 267, 265, 264, 262, 267, 272, 275,
    281, 284, 283, 283, 284, 283, 279, 271, 271, 269, 267, 265, 265, 268,
    271, 276, 276, 281, 280, 283, 280, 280, 280, 278, 277, 277, 274, 275,
    275, 273, 276, 276, 276 ]
headPositionsY: [ 74, 71, 72, 71, 74, 74, 76, 73, 75, 73, 73, 74, 74, 71,
    75, 73, 76, 71, 71, 74, 72, 75, 72, 71, 75, 71, 74, 73, 75, 74, 73,
    72, 72, 73, 74, 74, 73, 74, 71, 71, 70, 73, 72, 74, 74, 74, 75, 76,
    75, 73, 73, 75, 74, 75, 75, 71, 74, 72, 75, 77, 74, 75, 74, 75, 75,
    72, 73, 72, 74, 74, 75, 73, 73, 73, 74, 72, 76, 71, 74, 72, 73, 72,
    74, 71, 73, 72, 70, 72, 71, 74, 70, 74, 70, 74, 70, 73, 72, 74, 75,
    74 ]
