%YAML:1.0
---
videoName: "headShake8.mp4"
gestureLabel: 201
fps: 29
pixelSizeInCmTemp: 3.2364864864864862e-01
faceCenterPointX: 243
faceCenterPointY: 72
headPositionsX: [ 244, 245, 246, 243, 243, 246, 243, 245, 245, 243, 241,
    245, 241, 246, 246, 244, 241, 241, 243, 244, 242, 244, 244, 243, 245,
    242, 241, 245, 242, 245, 244, 242, 243, 243, 245, 248, 250, 257, 259,
    266, 264, 264, 264, 259, 256, 249, 245, 242, 235, 235, 232, 230, 234,
    238, 243, 247, 253, 258, 261, 257, 257, 252, 250, 244, 240, 239, 236,
    234, 235, 234, 235, 237, 240, 240, 245, 247, 247, 249, 248, 252, 249,
    250, 252, 250, 250, 248, 248, 248, 245, 246, 244, 243, 245, 242, 241,
    243, 242, 245, 245, 242 ]
headPositionsY: [ 73, 70, 73, 70, 70, 72, 71, 72, 69, 73, 72, 73, 72, 70,
    74, 72, 72, 72, 73, 72, 70, 70, 69, 70, 70, 71, 70, 72, 71, 71, 73,
    73, 73, 74, 72, 72, 71, 70, 69, 70, 71, 68, 71, 71, 70, 73, 70, 73,
    72, 69, 73, 71, 73, 73, 70, 71, 68, 68, 67, 71, 68, 69, 69, 70, 74,
    73, 71, 70, 74, 72, 74, 73, 74, 71, 73, 74, 72, 73, 71, 72, 70, 69,
    73, 70, 71, 70, 72, 71, 69, 69, 71, 72, 73, 69, 73, 73, 70, 74, 72,
    72 ]
