%YAML:1.0
---
videoName: "headShake39.mp4"
gestureLabel: 201
fps: 29
pixelSizeInCmTemp: 3.1933333333333330e-01
faceCenterPointX: 263
faceCenterPointY: 83
headPositionsX: [ 263, 262, 263, 262, 260, 262, 263, 261, 263, 261, 261,
    261, 261, 260, 259, 261, 258, 262, 260, 259, 258, 258, 257, 255, 253,
    247, 250, 247, 242, 244, 242, 246, 247, 253, 254, 260, 266, 272, 277,
    283, 279, 280, 273, 269, 264, 257, 252, 246, 248, 245, 246, 251, 254,
    258, 263, 270, 273, 274, 281, 280, 278, 272, 271, 262, 257, 255, 253,
    250, 249, 249, 253, 253, 255, 255, 255, 260, 262, 265, 265, 267, 265,
    264, 264, 266, 265, 269, 266, 265, 262, 263, 266, 266, 262, 261, 264,
    265, 262, 262, 265, 260 ]
headPositionsY: [ 83, 83, 81, 83, 82, 83, 85, 81, 85, 84, 83, 81, 83, 85,
    84, 84, 83, 82, 81, 82, 81, 82, 82, 84, 81, 83, 83, 82, 83, 80, 85,
    80, 82, 84, 83, 85, 82, 80, 79, 78, 80, 80, 81, 83, 84, 82, 81, 83,
    81, 84, 83, 85, 83, 85, 84, 85, 80, 81, 79, 78, 80, 83, 85, 84, 82,
    82, 79, 77, 77, 78, 78, 80, 78, 82, 83, 80, 85, 83, 85, 82, 83, 83,
    80, 80, 83, 82, 83, 82, 84, 84, 83, 81, 85, 84, 83, 84, 84, 84, 85,
    83 ]
