%YAML:1.0
---
videoName: "headLookLeft9.mp4"
gestureLabel: 203
fps: 30
pixelSizeInCmTemp: 3.2364864864864862e-01
faceCenterPointX: 273
faceCenterPointY: 69
headPositionsX: [ 272, 245, 247, 248, 248, 248, 249, 245, 245, 247, 248,
    247, 245, 247, 246, 244, 248, 248, 246, 244, 248, 247, 244, 247, 245,
    246, 247, 245, 244, 247, 243, 248, 250, 249, 249, 254, 253, 259, 258,
    259, 264, 267, 270, 271, 265, 268, 274, 270, 271, 271, 273, 270, 273,
    270, 270, 270, 271, 269, 271, 270, 272, 270, 271, 271, 274, 270, 271,
    269, 276, 269, 273, 272, 274, 273, 275, 274, 272, 267, 269, 268, 269,
    270, 268, 272, 274, 269, 272, 271, 272, 269, 275, 271, 272, 270, 271,
    275, 273, 270, 271, 270 ]
headPositionsY: [ 71, 72, 71, 69, 69, 70, 73, 69, 67, 69, 71, 73, 68, 71,
    70, 71, 70, 69, 73, 69, 69, 69, 71, 72, 70, 70, 72, 73, 72, 72, 73,
    71, 69, 70, 70, 72, 70, 69, 66, 69, 68, 68, 66, 67, 69, 66, 65, 66,
    68, 68, 68, 64, 68, 66, 69, 66, 69, 69, 66, 69, 68, 66, 68, 71, 70,
    68, 67, 66, 70, 66, 66, 66, 70, 71, 68, 67, 67, 67, 66, 70, 70, 70,
    65, 68, 68, 68, 70, 69, 67, 67, 67, 68, 70, 67, 68, 66, 71, 67, 71,
    68 ]
