%YAML:1.0
---
videoName: "headShake7.mp4"
gestureLabel: 201
fps: 29
pixelSizeInCmTemp: 3.3263888888888887e-01
faceCenterPointX: 244
faceCenterPointY: 72
headPositionsX: [ 242, 245, 244, 244, 241, 244, 241, 241, 241, 244, 246,
    246, 250, 256, 257, 255, 261, 262, 256, 255, 251, 245, 241, 237, 233,
    232, 235, 239, 244, 252, 259, 258, 261, 255, 255, 252, 243, 236, 234,
    231, 227, 229, 230, 234, 242, 244, 248, 253, 255, 253, 252, 249, 247,
    240, 236, 234, 232, 230, 230, 233, 239, 242, 248, 252, 256, 257, 259,
    255, 252, 249, 249, 246, 239, 237, 235, 233, 235, 232, 233, 238, 240,
    242, 241, 247, 243, 244, 248, 246, 248, 249, 245, 245, 245, 246, 244,
    246, 244, 241, 242, 241 ]
headPositionsY: [ 71, 70, 70, 73, 71, 69, 72, 70, 73, 71, 72, 72, 72, 67,
    69, 67, 70, 70, 69, 71, 70, 71, 68, 72, 71, 69, 71, 69, 69, 70, 66,
    66, 67, 70, 70, 69, 69, 73, 72, 69, 70, 71, 69, 73, 69, 71, 72, 69,
    69, 70, 71, 69, 70, 72, 73, 73, 73, 68, 68, 71, 71, 72, 71, 71, 72,
    69, 71, 71, 69, 72, 69, 72, 69, 71, 69, 70, 73, 72, 72, 73, 70, 69,
    71, 71, 70, 72, 72, 69, 71, 72, 71, 72, 70, 70, 73, 70, 70, 73, 70,
    72 ]
