%YAML:1.0
---
videoName: "headShake37.mp4"
gestureLabel: 201
fps: 30
pixelSizeInCmTemp: 3.1933333333333330e-01
faceCenterPointX: 263
faceCenterPointY: 83
headPositionsX: [ 262, 259, 261, 262, 263, 261, 263, 261, 260, 260, 262,
    264, 264, 264, 265, 262, 263, 264, 264, 264, 264, 265, 259, 262, 263,
    260, 262, 262, 260, 261, 260, 260, 261, 260, 262, 263, 260, 263, 263,
    262, 263, 261, 261, 259, 261, 263, 259, 263, 268, 268, 276, 278, 279,
    281, 281, 279, 270, 268, 256, 254, 252, 252, 255, 258, 261, 267, 271,
    271, 273, 272, 269, 265, 259, 259, 255, 255, 254, 252, 257, 256, 257,
    262, 263, 263, 267, 267, 267, 266, 267, 268, 265, 264, 263, 264, 263,
    263, 261, 262, 263, 264 ]
headPositionsY: [ 81, 81, 83, 84, 81, 84, 84, 86, 84, 82, 84, 85, 83, 82,
    84, 85, 84, 80, 83, 82, 82, 81, 85, 81, 85, 83, 85, 85, 82, 82, 82,
    85, 82, 82, 83, 83, 83, 85, 85, 81, 83, 84, 81, 81, 82, 81, 83, 84,
    84, 80, 80, 78, 78, 80, 81, 80, 80, 85, 82, 83, 79, 79, 82, 83, 81,
    81, 81, 80, 82, 84, 82, 81, 82, 85, 84, 80, 83, 80, 84, 81, 83, 83,
    81, 83, 82, 82, 85, 81, 81, 85, 86, 83, 85, 83, 81, 81, 83, 82, 84,
    80 ]
