%YAML:1.0
---
videoName: "headNod0.mp4"
gestureLabel: 202
fps: 29
pixelSizeInCmTemp: 3.2364864864864862e-01
faceCenterPointX: 264
faceCenterPointY: 76
headPositionsX: [ 266, 269, 269, 266, 266, 265, 268, 268, 267, 266, 264,
    267, 267, 264, 264, 264, 267, 267, 266, 265, 265, 268, 263, 265, 263,
    267, 266, 263, 264, 263, 264, 264, 266, 265, 267, 269, 269, 267, 264,
    266, 266, 267, 267, 263, 266, 264, 264, 262, 265, 265, 264, 266, 265,
    268, 263, 263, 264, 265, 265, 267, 265, 266, 266, 266, 268, 263, 265,
    264, 264, 265, 266, 264, 263, 265, 263, 262, 266, 263, 266, 265, 263,
    262, 262, 264, 264, 265, 266, 266, 265, 266, 264, 263, 265, 267, 263,
    265, 263, 265, 265, 265 ]
headPositionsY: [ 76, 73, 74, 75, 74, 71, 71, 72, 75, 73, 72, 71, 71, 73,
    72, 71, 73, 75, 72, 71, 74, 74, 72, 75, 72, 73, 75, 72, 73, 73, 72,
    66, 65, 62, 65, 61, 62, 63, 66, 64, 66, 70, 75, 73, 76, 82, 83, 80,
    82, 80, 80, 74, 72, 71, 69, 66, 68, 63, 68, 68, 71, 73, 72, 72, 78,
    78, 81, 78, 81, 77, 79, 76, 71, 70, 68, 69, 67, 67, 67, 71, 72, 73,
    71, 74, 77, 79, 80, 79, 79, 80, 76, 75, 77, 77, 75, 78, 77, 75, 76,
    78 ]
