%YAML:1.0
---
videoName: "headNod20.mp4"
gestureLabel: 202
fps: 30
pixelSizeInCmTemp: 3.2808219178082193e-01
faceCenterPointX: 253
faceCenterPointY: 80
headPositionsX: [ 253, 255, 254, 258, 258, 258, 257, 256, 257, 256, 257,
    255, 253, 255, 255, 256, 254, 254, 253, 255, 254, 256, 255, 254, 256,
    253, 257, 255, 256, 258, 258, 257, 254, 258, 258, 253, 254, 253, 254,
    252, 254, 252, 254, 254, 256, 254, 254, 251, 252, 252, 254, 253, 254,
    251, 249, 253, 252, 254, 253, 252, 252, 253, 254, 253, 253, 253, 252,
    255, 250, 252, 254, 251, 254, 253, 255, 253, 251, 254, 253, 253, 253,
    253, 254, 254, 254, 252, 251, 251, 251, 256, 252, 251, 254, 253, 254,
    255, 253, 251, 251, 255 ]
headPositionsY: [ 82, 80, 76, 80, 77, 80, 78, 80, 77, 77, 77, 78, 80, 80,
    79, 76, 79, 79, 79, 77, 79, 80, 77, 78, 79, 78, 79, 79, 82, 80, 85,
    83, 88, 85, 85, 82, 80, 79, 74, 71, 70, 71, 72, 73, 79, 79, 86, 89,
    87, 89, 85, 85, 79, 78, 79, 74, 79, 78, 78, 83, 85, 82, 80, 77, 78,
    78, 82, 80, 82, 82, 81, 81, 76, 77, 78, 80, 82, 80, 83, 81, 81, 80,
    82, 82, 78, 80, 81, 80, 80, 83, 81, 81, 80, 79, 79, 81, 79, 78, 81,
    80 ]
