%YAML:1.0
---
videoName: "headNod27.mp4"
gestureLabel: 202
fps: 29
pixelSizeInCmTemp: 3.0705128205128202e-01
faceCenterPointX: 271
faceCenterPointY: 77
headPositionsX: [ 273, 270, 272, 273, 271, 273, 270, 272, 274, 273, 269,
    274, 271, 270, 274, 273, 269, 271, 270, 272, 273, 271, 272, 273, 270,
    274, 271, 271, 274, 270, 273, 270, 271, 272, 269, 270, 269, 271, 269,
    266, 268, 270, 271, 268, 271, 270, 270, 269, 268, 268, 267, 270, 270,
    270, 270, 268, 271, 270, 271, 272, 268, 269, 268, 270, 268, 266, 267,
    265, 267, 270, 270, 268, 268, 267, 269, 270, 267, 268, 270, 268, 270,
    269, 268, 268, 267, 269, 269, 269, 271, 269, 270, 269, 269, 273, 268,
    269, 270, 268, 269, 270 ]
headPositionsY: [ 75, 74, 71, 74, 71, 75, 71, 73, 73, 72, 74, 76, 75, 72,
    73, 74, 76, 72, 75, 74, 73, 69, 70, 66, 65, 63, 64, 65, 65, 65, 67,
    79, 81, 84, 83, 82, 82, 79, 72, 73, 68, 67, 70, 69, 68, 71, 73, 76,
    80, 78, 79, 75, 75, 71, 71, 71, 70, 71, 73, 74, 79, 81, 80, 84, 83,
    78, 75, 74, 73, 74, 70, 70, 72, 78, 76, 81, 78, 80, 78, 73, 74, 69,
    69, 71, 69, 75, 76, 79, 79, 79, 80, 81, 79, 75, 77, 79, 78, 76, 77,
    74 ]
