%YAML:1.0
---
videoName: "headShake26.mp4"
gestureLabel: 201
fps: 30
pixelSizeInCmTemp: 3.2808219178082193e-01
faceCenterPointX: 243
faceCenterPointY: 78
headPositionsX: [ 245, 240, 240, 240, 238, 242, 246, 247, 245, 249, 250,
    251, 252, 251, 250, 253, 249, 249, 248, 244, 241, 238, 235, 234, 231,
    227, 226, 230, 232, 231, 233, 234, 240, 243, 244, 244, 248, 252, 250,
    251, 255, 249, 252, 248, 245, 239, 238, 234, 233, 231, 227, 227, 229,
    232, 231, 232, 235, 238, 241, 247, 246, 250, 253, 252, 254, 252, 250,
    251, 251, 247, 246, 245, 239, 240, 239, 236, 236, 237, 238, 236, 238,
    236, 236, 239, 242, 243, 239, 243, 243, 241, 245, 244, 246, 245, 246,
    241, 245, 245, 242, 243 ]
headPositionsY: [ 76, 79, 76, 77, 74, 78, 77, 75, 76, 77, 80, 79, 77, 77,
    78, 78, 76, 80, 78, 78, 78, 80, 75, 75, 78, 74, 77, 75, 78, 76, 78,
    78, 75, 77, 79, 74, 77, 77, 77, 75, 78, 77, 75, 79, 80, 78, 77, 77,
    77, 76, 76, 77, 76, 79, 78, 79, 81, 80, 79, 77, 78, 76, 77, 78, 78,
    78, 80, 78, 81, 78, 79, 81, 79, 78, 80, 80, 79, 78, 76, 78, 80, 79,
    79, 77, 78, 78, 78, 78, 77, 78, 77, 81, 80, 80, 76, 81, 77, 79, 80,
    81 ]
