%YAML:1.0
---
videoName: "headNod13.mp4"
gestureLabel: 202
fps: 29
pixelSizeInCmTemp: 3.2364864864864862e-01
faceCenterPointX: 253
faceCenterPointY: 79
headPositionsX: [ 252, 253, 253, 254, 253, 254, 252, 253, 255, 253, 254,
    252, 252, 257, 255, 256, 255, 256, 254, 255, 257, 252, 256, 256, 252,
    253, 254, 252, 251, 251, 254, 254, 254, 252, 256, 254, 251, 252, 250,
    252, 253, 253, 253, 253, 251, 254, 250, 251, 255, 255, 252, 256, 253,
    253, 253, 252, 256, 253, 256, 253, 256, 255, 251, 254, 253, 254, 253,
    255, 254, 251, 253, 252, 255, 254, 254, 257, 256, 253, 254, 255, 256,
    257, 256, 256, 252, 256, 253, 256, 256, 253, 257, 255, 255, 256, 251,
    254, 255, 251, 251, 254 ]
headPositionsY: [ 78, 71, 73, 76, 74, 73, 76, 72, 75, 76, 73, 75, 73, 74,
    77, 74, 74, 72, 74, 76, 72, 73, 71, 75, 74, 75, 73, 74, 75, 73, 74,
    74, 72, 74, 73, 76, 72, 73, 72, 74, 72, 75, 72, 74, 75, 76, 72, 73,
    75, 70, 69, 68, 67, 68, 67, 68, 71, 75, 77, 74, 80, 77, 78, 77, 72,
    72, 68, 71, 68, 70, 71, 72, 77, 75, 77, 78, 81, 77, 78, 76, 74, 74,
    74, 74, 73, 77, 74, 78, 81, 82, 79, 81, 80, 80, 80, 81, 80, 76, 80,
    80 ]
