%YAML:1.0
---
videoName: "headShake4.mp4"
gestureLabel: 201
fps: 30
pixelSizeInCmTemp: 3.2364864864864862e-01
faceCenterPointX: 237
faceCenterPointY: 101
headPositionsX: [ 238, 241, 243, 246, 249, 252, 252, 256, 251, 250, 243,
    239, 230, 225, 223, 226, 224, 231, 238, 244, 249, 251, 252, 253, 249,
    245, 238, 232, 231, 225, 222, 226, 226, 228, 233, 242, 247, 249, 254,
    258, 256, 253, 248, 245, 238, 230, 228, 226, 224, 225, 227, 229, 231,
    240, 241, 244, 245, 246, 248, 248, 245, 244, 241, 239, 236, 234, 231,
    233, 229, 231, 232, 235, 237, 235, 241, 240, 243, 244, 242, 243, 241,
    238, 238, 237, 236, 238, 237, 239, 234, 238, 235, 239, 237, 234, 235,
    237, 239, 237, 239, 239 ]
headPositionsY: [ 99, 98, 97, 100, 97, 99, 99, 96, 97, 99, 98, 98, 97,
    99, 100, 99, 99, 100, 99, 99, 96, 100, 99, 97, 100, 98, 102, 99, 99,
    97, 100, 101, 98, 99, 102, 100, 101, 101, 98, 101, 100, 99, 100, 100,
    98, 100, 101, 103, 98, 101, 97, 98, 101, 102, 99, 101, 99, 99, 100,
    99, 98, 102, 101, 100, 98, 102, 101, 98, 98, 97, 99, 100, 99, 100,
    98, 98, 103, 102, 99, 103, 100, 101, 101, 100, 101, 101, 102, 99,
    100, 103, 100, 101, 99, 99, 101, 102, 100, 99, 99, 99 ]
