%YAML:1.0
---
videoName: "headNod3.mp4"
gestureLabel: 202
fps: 29
pixelSizeInCmTemp: 3.1933333333333330e-01
faceCenterPointX: 264
faceCenterPointY: 76
headPositionsX: [ 262, 263, 266, 265, 264, 262, 266, 263, 266, 267, 268,
    267, 267, 266, 268, 267, 263, 265, 267, 265, 262, 266, 264, 265, 263,
    267, 266, 266, 267, 267, 265, 266, 267, 265, 263, 264, 268, 266, 264,
    264, 264, 267, 268, 264, 267, 264, 263, 263, 265, 265, 266, 263, 267,
    264, 264, 263, 262, 263, 261, 266, 265, 264, 263, 266, 265, 262, 265,
    266, 263, 264, 266, 265, 265, 266, 264, 262, 262, 264, 262, 262, 261,
    263, 263, 264, 263, 265, 263, 261, 262, 262, 265, 263, 265, 262, 264,
    265, 262, 266, 265, 264 ]
headPositionsY: [ 75, 76, 78, 78, 79, 76, 74, 74, 75, 73, 76, 76, 71, 72,
    72, 71, 71, 73, 72, 75, 71, 73, 73, 72, 74, 75, 74, 74, 72, 73, 74,
    73, 76, 73, 75, 77, 72, 75, 75, 76, 77, 72, 77, 72, 71, 68, 66, 68,
    64, 66, 70, 69, 74, 76, 79, 78, 85, 81, 83, 79, 77, 70, 68, 71, 69,
    66, 68, 71, 73, 80, 83, 82, 80, 81, 77, 73, 71, 67, 66, 67, 67, 66,
    67, 71, 72, 73, 79, 81, 79, 80, 79, 78, 77, 77, 74, 75, 78, 74, 74,
    77 ]
