%YAML:1.0
---
videoName: "headNod17.mp4"
gestureLabel: 202
fps: 30
pixelSizeInCmTemp: 3.2808219178082193e-01
faceCenterPointX: 253
faceCenterPointY: 76
headPositionsX: [ 253, 254, 255, 254, 254, 254, 257, 257, 253, 253, 253,
    257, 255, 258, 255, 255, 256, 256, 254, 257, 253, 256, 254, 256, 253,
    254, 255, 254, 254, 253, 255, 257, 255, 256, 255, 254, 256, 255, 254,
    256, 255, 251, 252, 255, 254, 255, 252, 255, 254, 252, 254, 256, 253,
    255, 256, 251, 253, 253, 256, 255, 257, 256, 253, 255, 253, 253, 253,
    253, 257, 255, 252, 256, 252, 255, 255, 255, 254, 252, 252, 252, 255,
    257, 252, 256, 257, 255, 253, 256, 253, 256, 253, 256, 256, 254, 256,
    253, 253, 254, 252, 254 ]
headPositionsY: [ 75, 77, 75, 77, 78, 77, 78, 79, 75, 75, 75, 75, 76, 80,
    78, 79, 77, 75, 79, 77, 75, 75, 73, 74, 71, 69, 70, 69, 70, 69, 64,
    65, 70, 67, 71, 72, 69, 74, 75, 78, 80, 83, 83, 85, 87, 85, 84, 82,
    81, 81, 75, 74, 73, 72, 70, 68, 72, 67, 72, 70, 71, 69, 76, 77, 80,
    79, 79, 82, 81, 79, 77, 78, 77, 77, 78, 77, 81, 80, 81, 79, 75, 79,
    76, 74, 74, 75, 78, 80, 79, 79, 79, 77, 77, 76, 80, 74, 80, 77, 74,
    77 ]
