%YAML:1.0
---
videoName: "headNod11.mp4"
gestureLabel: 202
fps: 29
pixelSizeInCmTemp: 3.2364864864864862e-01
faceCenterPointX: 261
faceCenterPointY: 75
headPositionsX: [ 259, 260, 259, 258, 261, 258, 257, 262, 260, 257, 257,
    257, 258, 261, 259, 259, 259, 258, 258, 260, 260, 258, 259, 260, 263,
    263, 260, 261, 262, 260, 259, 260, 261, 261, 262, 258, 263, 262, 258,
    262, 261, 260, 262, 263, 261, 261, 263, 259, 259, 259, 262, 260, 261,
    262, 260, 263, 262, 263, 260, 261, 259, 257, 261, 259, 257, 260, 258,
    260, 257, 256, 259, 259, 259, 259, 257, 255, 256, 259, 256, 255, 257,
    260, 256, 259, 257, 259, 258, 261, 258, 257, 260, 262, 260, 261, 261,
    260, 262, 261, 262, 259 ]
headPositionsY: [ 75, 76, 76, 72, 74, 75, 72, 73, 74, 72, 74, 76, 72, 75,
    72, 76, 76, 72, 76, 74, 75, 74, 72, 73, 74, 73, 75, 73, 73, 74, 77,
    74, 75, 74, 77, 74, 77, 74, 76, 73, 75, 77, 75, 77, 74, 77, 74, 73,
    73, 71, 67, 66, 69, 68, 68, 69, 72, 78, 78, 82, 80, 77, 79, 71, 70,
    67, 66, 71, 68, 73, 73, 74, 80, 81, 84, 80, 80, 75, 75, 73, 70, 72,
    71, 70, 77, 78, 79, 82, 78, 81, 81, 78, 77, 75, 76, 78, 76, 74, 77,
    73 ]
