%YAML:1.0
---
videoName: "headNod40.mp4"
gestureLabel: 202
fps: 29
pixelSizeInCmTemp: 2.8511904761904761e-01
faceCenterPointX: 267
faceCenterPointY: 78
headPositionsX: [ 268, 265, 268, 265, 265, 266, 269, 268, 267, 266, 267,
    269, 268, 267, 267, 270, 266, 266, 267, 268, 267, 267, 268, 267, 268,
    268, 268, 269, 267, 270, 270, 267, 268, 266, 269, 266, 269, 270, 268,
    269, 267, 267, 267, 264, 264, 263, 267, 267, 266, 268, 268, 265, 265,
    266, 264, 266, 264, 267, 266, 266, 268, 267, 267, 265, 264, 268, 264,
    267, 266, 266, 265, 266, 268, 269, 270, 269, 269, 269, 268, 266, 265,
    265, 269, 266, 266, 267, 266, 266, 265, 267, 268, 265, 265, 268, 269,
    266, 264, 264, 269, 268 ]
headPositionsY: [ 76, 75, 76, 78, 78, 75, 75, 75, 78, 74, 75, 75, 77, 75,
    74, 74, 78, 74, 75, 78, 76, 75, 78, 77, 76, 74, 78, 74, 74, 75, 77,
    73, 74, 76, 75, 77, 74, 73, 74, 74, 84, 89, 92, 97, 96, 94, 92, 92,
    85, 84, 76, 76, 77, 68, 66, 67, 70, 68, 70, 76, 82, 86, 87, 84, 85,
    81, 81, 80, 73, 72, 74, 70, 73, 76, 73, 74, 82, 82, 78, 81, 79, 81,
    79, 79, 80, 81, 81, 80, 76, 79, 77, 75, 76, 77, 79, 75, 76, 79, 75,
    76 ]
