%YAML:1.0
---
videoName: "headLookLeft4.mp4"
gestureLabel: 203
fps: 29
pixelSizeInCmTemp: 3.4710144927536229e-01
faceCenterPointX: 288
faceCenterPointY: 74
headPositionsX: [ 289, 265, 267, 267, 265, 264, 267, 271, 271, 275, 278,
    277, 282, 283, 284, 291, 293, 293, 294, 297, 298, 292, 297, 296, 291,
    296, 295, 297, 298, 292, 295, 294, 296, 292, 291, 292, 292, 296, 294,
    295, 293, 288, 292, 294, 293, 288, 287, 290, 289, 289, 292, 289, 293,
    290, 291, 290, 287, 292, 290, 292, 288, 288, 289, 289, 289, 294, 288,
    287, 289, 289, 289, 290, 289, 291, 290, 291, 293, 286, 295, 289, 291,
    289, 291, 292, 291, 291, 291, 287, 291, 293, 292, 290, 291, 289, 290,
    287, 290, 290, 286, 290 ]
headPositionsY: [ 72, 79, 79, 80, 78, 79, 80, 80, 76, 78, 76, 78, 76, 77,
    76, 76, 76, 77, 78, 81, 77, 75, 76, 77, 74, 75, 77, 77, 79, 77, 76,
    78, 79, 76, 77, 77, 79, 75, 74, 74, 77, 73, 72, 75, 77, 72, 73, 77,
    75, 75, 72, 72, 75, 76, 73, 75, 75, 76, 75, 77, 72, 76, 77, 73, 73,
    74, 74, 74, 75, 75, 74, 76, 73, 77, 74, 73, 77, 73, 79, 72, 74, 73,
    76, 75, 74, 73, 75, 76, 74, 76, 78, 74, 76, 74, 77, 76, 74, 73, 75,
    74 ]
