%YAML:1.0
---
videoName: "headShake3.mp4"
gestureLabel: 201
fps: 30
pixelSizeInCmTemp: 3.3263888888888887e-01
faceCenterPointX: 240
faceCenterPointY: 101
headPositionsX: [ 242, 240, 240, 239, 241, 243, 244, 242, 239, 243, 239,
    242, 241, 243, 243, 240, 241, 244, 239, 243, 239, 243, 241, 241, 241,
    241, 240, 243, 238, 239, 240, 241, 242, 244, 244, 249, 253, 254, 256,
    259, 257, 251, 247, 243, 237, 234, 229, 227, 226, 232, 233, 237, 244,
    247, 252, 253, 247, 244, 243, 236, 235, 228, 228, 225, 225, 229, 230,
    236, 240, 244, 243, 247, 246, 243, 245, 244, 242, 235, 237, 232, 233,
    232, 235, 234, 236, 236, 234, 237, 240, 238, 240, 242, 237, 239, 238,
    243, 243, 240, 241, 242 ]
headPositionsY: [ 101, 100, 97, 101, 101, 98, 98, 98, 98, 100, 99, 97,
    98, 96, 101, 99, 99, 97, 97, 98, 97, 101, 101, 98, 99, 98, 99, 100,
    100, 101, 96, 97, 98, 98, 98, 98, 95, 97, 97, 96, 97, 96, 100, 96,
    99, 98, 101, 99, 98, 100, 96, 100, 99, 100, 99, 100, 99, 98, 101, 97,
    99, 98, 97, 99, 95, 100, 100, 99, 97, 99, 98, 101, 100, 99, 98, 101,
    99, 102, 101, 100, 100, 98, 98, 99, 99, 100, 100, 98, 99, 101, 102,
    99, 99, 100, 103, 103, 102, 102, 101, 98 ]
