%YAML:1.0
---
videoName: "headLookLeft2.mp4"
gestureLabel: 203
fps: 29
pixelSizeInCmTemp: 3.6846153846153845e-01
faceCenterPointX: 278
faceCenterPointY: 74
headPositionsX: [ 280, 259, 259, 259, 259, 259, 261, 257, 259, 258, 258,
    260, 259, 258, 260, 259, 259, 261, 260, 260, 263, 263, 267, 265, 268,
    270, 269, 273, 272, 277, 278, 275, 274, 281, 276, 280, 279, 279, 280,
    280, 280, 281, 283, 278, 279, 280, 279, 280, 285, 281, 280, 283, 284,
    281, 277, 280, 279, 271, 279, 281, 285, 277, 278, 281, 279, 280, 278,
    281, 279, 280, 280, 283, 280, 277, 275, 283, 279, 280, 280, 282, 278,
    278, 281, 278, 284, 278, 282, 279, 276, 284, 280, 279, 282, 279, 277,
    280, 283, 283, 288, 278 ]
headPositionsY: [ 73, 76, 74, 76, 74, 76, 78, 76, 76, 77, 74, 76, 76, 73,
    74, 78, 77, 75, 76, 74, 77, 76, 78, 75, 74, 77, 72, 78, 76, 76, 72,
    75, 71, 73, 74, 74, 73, 74, 75, 74, 73, 75, 75, 73, 74, 73, 75, 76,
    78, 76, 75, 76, 72, 73, 73, 75, 76, 73, 71, 73, 76, 74, 74, 75, 75,
    75, 74, 75, 73, 74, 74, 72, 73, 75, 74, 74, 71, 75, 74, 77, 74, 74,
    74, 74, 76, 74, 76, 74, 75, 75, 74, 72, 78, 75, 71, 75, 74, 74, 77,
    72 ]
