%YAML:1.0
---
videoName: "headNod45.mp4"
gestureLabel: 202
fps: 30
pixelSizeInCmTemp: 3.0316455696202532e-01
faceCenterPointX: 265
faceCenterPointY: 77
headPositionsX: [ 267, 268, 267, 269, 269, 269, 268, 270, 266, 269, 268,
    266, 268, 269, 265, 266, 268, 266, 270, 267, 270, 269, 266, 268, 265,
    265, 267, 267, 264, 266, 267, 267, 266, 266, 266, 268, 263, 264, 268,
    264, 266, 263, 263, 265, 264, 263, 266, 266, 266, 264, 268, 267, 266,
    269, 267, 264, 269, 267, 266, 264, 268, 267, 264, 263, 265, 268, 266,
    265, 266, 269, 267, 269, 264, 266, 266, 264, 266, 267, 265, 266, 264,
    263, 268, 264, 264, 266, 268, 266, 265, 267, 264, 265, 265, 264, 264,
    268, 263, 263, 266, 265 ]
headPositionsY: [ 79, 74, 74, 74, 75, 78, 76, 75, 76, 73, 75, 74, 73, 73,
    78, 74, 74, 80, 77, 83, 84, 90, 90, 92, 92, 91, 88, 84, 80, 77, 75,
    72, 66, 68, 66, 65, 69, 72, 73, 77, 81, 89, 92, 90, 92, 92, 86, 84,
    79, 76, 77, 75, 74, 73, 74, 74, 80, 82, 83, 87, 84, 82, 80, 78, 74,
    74, 71, 72, 76, 75, 80, 82, 82, 86, 86, 85, 86, 82, 81, 80, 75, 75,
    77, 78, 79, 78, 81, 79, 82, 78, 78, 76, 79, 76, 77, 80, 77, 80, 78,
    79 ]
