%YAML:1.0
---
videoName: "headLookRight7.mp4"
gestureLabel: 204
fps: 30
pixelSizeInCmTemp: 3.4710144927536229e-01
faceCenterPointX: 226
faceCenterPointY: 74
headPositionsX: [ 224, 250, 251, 248, 248, 248, 251, 249, 250, 248, 247,
    248, 250, 248, 247, 248, 248, 250, 248, 249, 247, 249, 249, 249, 250,
    250, 249, 248, 249, 246, 244, 243, 238, 238, 234, 234, 230, 228, 228,
    228, 228, 226, 225, 222, 221, 223, 223, 225, 225, 222, 225, 226, 224,
    225, 223, 223, 225, 226, 225, 224, 226, 225, 224, 221, 222, 226, 223,
    221, 223, 222, 221, 223, 225, 227, 224, 227, 226, 226, 223, 224, 223,
    223, 224, 224, 223, 222, 228, 225, 225, 226, 225, 224, 220, 223, 227,
    222, 221, 223, 223, 226 ]
headPositionsY: [ 75, 74, 72, 73, 76, 73, 74, 76, 74, 74, 74, 76, 73, 76,
    76, 72, 76, 76, 74, 74, 73, 75, 75, 77, 75, 75, 73, 77, 75, 74, 77,
    74, 77, 77, 73, 74, 75, 74, 75, 72, 75, 75, 72, 73, 72, 72, 73, 72,
    73, 75, 74, 77, 75, 76, 75, 72, 76, 70, 76, 74, 73, 71, 75, 71, 74,
    75, 72, 73, 71, 72, 77, 74, 74, 75, 76, 74, 76, 72, 75, 75, 72, 74,
    75, 78, 76, 75, 76, 74, 74, 73, 78, 72, 74, 73, 73, 73, 74, 76, 71,
    74 ]
