%YAML:1.0
---
videoName: "headNod17.mp4"
gestureLabel: 202
fps: 30
pixelSizeInCmTemp: 3.2808219178082193e-01
faceCenterPointX: 253
faceCenterPointY: 76
headPositionsX: [ 255, 256, 257, 254, 257, 257, 256, 253, 257, 256, 254,
    256, 256, 256, 257, 253, 257, 253, 254, 256, 253, 255, 253, 256, 257,
    257, 255, 255, 255, 256, 257, 254, 257, 254, 254, 255, 253, 254, 257,
    253, 252, 251, 253, 252, 251, 251, 255, 253, 251, 251, 255, 256, 254,
    252, 254, 253, 253, 254, 256, 254, 257, 255, 253, 253, 253, 257, 257,
    253, 256, 256, 254, 254, 253, 254, 255, 254, 256, 256, 251, 253, 255,
    256, 255, 256, 253, 254, 253, 254, 252, 253, 254, 257, 255, 252, 254,
    253, 256, 254, 253, 254 ]
headPositionsY: [ 78, 78, 75, 78, 76, 80, 79, 79, 76, 76, 77, 75, 76, 77,
    78, 80, 75, 76, 78, 79, 76, 75, 76, 74, 71, 70, 69, 71, 68, 65, 64,
    68, 66, 68, 69, 70, 70, 71, 75, 80, 79, 82, 83, 84, 83, 84, 81, 83,
    83, 78, 79, 77, 76, 74, 69, 72, 68, 69, 72, 72, 72, 71, 72, 74, 80,
    78, 79, 82, 81, 79, 76, 79, 74, 76, 75, 77, 78, 81, 81, 79, 77, 77,
    75, 75, 78, 74, 76, 79, 76, 76, 76, 77, 77, 73, 80, 74, 79, 76, 74,
    77 ]
