%YAML:1.0
---
videoName: "headShake2.mp4"
gestureLabel: 201
fps: 29
pixelSizeInCmTemp: 3.4214285714285714e-01
faceCenterPointX: 276
faceCenterPointY: 98
headPositionsX: [ 276, 280, 278, 279, 278, 275, 278, 276, 276, 276, 278,
    276, 276, 276, 275, 275, 275, 276, 280, 276, 277, 278, 279, 277, 277,
    276, 279, 279, 278, 278, 276, 278, 276, 279, 279, 275, 275, 275, 280,
    277, 276, 277, 278, 284, 289, 288, 291, 292, 294, 295, 292, 290, 283,
    277, 275, 266, 265, 264, 267, 267, 271, 278, 284, 287, 291, 289, 288,
    287, 282, 278, 274, 269, 267, 269, 266, 271, 273, 281, 282, 284, 285,
    284, 285, 282, 284, 279, 278, 278, 275, 275, 273, 277, 274, 275, 275,
    273, 275, 273, 277, 274 ]
headPositionsY: [ 97, 100, 96, 99, 99, 99, 98, 100, 98, 98, 97, 99, 100,
    100, 96, 99, 100, 101, 100, 97, 100, 99, 98, 99, 100, 96, 99, 97,
    100, 100, 96, 99, 99, 98, 97, 100, 97, 97, 100, 100, 100, 98, 96, 99,
    95, 95, 98, 98, 94, 98, 96, 95, 97, 99, 99, 99, 97, 96, 96, 98, 96,
    99, 95, 96, 95, 97, 96, 99, 99, 96, 98, 98, 100, 96, 98, 98, 96, 99,
    98, 96, 99, 95, 96, 97, 101, 97, 99, 98, 99, 101, 98, 98, 101, 102,
    97, 101, 97, 101, 97, 98 ]
