%YAML:1.0
---
videoName: "headShake49.mp4"
gestureLabel: 201
fps: 30
pixelSizeInCmTemp: 2.8855421686746985e-01
faceCenterPointX: 259
faceCenterPointY: 84
headPositionsX: [ 259, 262, 262, 262, 262, 262, 263, 260, 260, 261, 260,
    259, 262, 259, 258, 259, 260, 261, 259, 261, 261, 260, 259, 260, 262,
    260, 261, 258, 259, 263, 260, 262, 263, 267, 269, 271, 275, 279, 282,
    285, 284, 280, 273, 264, 260, 252, 247, 249, 251, 257, 259, 270, 273,
    274, 270, 266, 263, 254, 251, 248, 247, 249, 254, 261, 263, 268, 269,
    268, 263, 260, 258, 255, 255, 253, 255, 262, 265, 267, 272, 270, 267,
    263, 261, 258, 258, 256, 256, 259, 261, 259, 259, 259, 260, 258, 259,
    257, 260, 260, 260, 259 ]
headPositionsY: [ 82, 81, 80, 82, 82, 81, 82, 83, 78, 79, 82, 82, 81, 81,
    81, 80, 82, 79, 79, 83, 80, 79, 78, 81, 81, 81, 79, 81, 82, 82, 83,
    80, 83, 83, 83, 83, 82, 82, 78, 78, 78, 81, 83, 84, 85, 83, 83, 86,
    85, 85, 86, 86, 82, 85, 85, 83, 83, 84, 83, 85, 85, 84, 83, 84, 87,
    84, 83, 86, 87, 84, 83, 82, 83, 86, 85, 83, 83, 82, 85, 83, 86, 83,
    87, 85, 86, 84, 83, 85, 86, 83, 84, 86, 85, 85, 83, 84, 86, 86, 84,
    87 ]
