%YAML:1.0
---
videoName: "headNod14.mp4"
gestureLabel: 202
fps: 29
pixelSizeInCmTemp: 3.2808219178082193e-01
faceCenterPointX: 257
faceCenterPointY: 71
headPositionsX: [ 258, 260, 257, 260, 257, 258, 257, 261, 255, 257, 258,
    260, 257, 258, 260, 259, 260, 258, 260, 260, 258, 258, 259, 261, 256,
    258, 257, 256, 259, 261, 257, 257, 260, 261, 257, 260, 258, 258, 259,
    257, 257, 257, 260, 258, 260, 258, 260, 262, 257, 258, 257, 260, 260,
    257, 256, 258, 258, 256, 258, 257, 261, 260, 258, 261, 261, 259, 261,
    258, 257, 260, 259, 257, 260, 255, 255, 257, 256, 257, 256, 256, 259,
    259, 256, 258, 259, 259, 256, 256, 257, 257, 258, 256, 260, 256, 258,
    255, 258, 258, 259, 258 ]
headPositionsY: [ 71, 75, 76, 77, 80, 78, 75, 78, 79, 77, 79, 79, 79, 79,
    77, 77, 78, 75, 75, 78, 77, 75, 75, 77, 75, 79, 80, 79, 77, 78, 77,
    75, 79, 78, 78, 78, 76, 79, 75, 74, 73, 73, 73, 69, 68, 70, 69, 71,
    70, 75, 77, 76, 79, 78, 82, 83, 81, 82, 76, 76, 72, 68, 68, 71, 70,
    70, 73, 75, 79, 78, 79, 83, 80, 79, 74, 72, 72, 70, 69, 68, 71, 71,
    77, 79, 82, 78, 78, 76, 77, 77, 72, 71, 69, 68, 69, 72, 70, 70, 72,
    72 ]
