%YAML:1.0
---
videoName: "headLookRight3.mp4"
gestureLabel: 204
fps: 29
pixelSizeInCmTemp: 3.5746268656716418e-01
faceCenterPointX: 232
faceCenterPointY: 71
headPositionsX: [ 231, 254, 255, 255, 254, 254, 253, 254, 252, 254, 254,
    252, 254, 256, 256, 254, 255, 252, 256, 257, 253, 256, 254, 253, 256,
    254, 253, 256, 255, 255, 252, 257, 254, 255, 254, 256, 255, 252, 254,
    253, 253, 250, 249, 245, 241, 241, 239, 236, 235, 233, 234, 234, 233,
    234, 231, 233, 235, 231, 234, 232, 231, 233, 230, 232, 234, 230, 231,
    230, 235, 229, 233, 234, 230, 234, 232, 234, 232, 233, 230, 231, 235,
    229, 235, 231, 234, 232, 233, 232, 232, 231, 235, 233, 233, 233, 230,
    234, 234, 231, 235, 234 ]
headPositionsY: [ 69, 69, 67, 67, 71, 70, 68, 71, 71, 69, 69, 72, 68, 68,
    68, 72, 72, 72, 70, 72, 71, 71, 70, 71, 73, 70, 72, 70, 69, 69, 71,
    71, 71, 71, 73, 69, 70, 71, 71, 71, 73, 72, 72, 69, 70, 68, 71, 73,
    71, 73, 74, 69, 69, 73, 69, 73, 70, 74, 70, 73, 73, 70, 73, 70, 72,
    74, 72, 73, 73, 74, 70, 69, 73, 72, 69, 71, 71, 71, 70, 72, 73, 71,
    72, 73, 71, 72, 71, 69, 69, 73, 71, 69, 74, 72, 73, 72, 72, 71, 74,
    70 ]
