%YAML:1.0
---
videoName: "headLookRight2.mp4"
gestureLabel: 204
fps: 29
pixelSizeInCmTemp: 3.8015873015873014e-01
faceCenterPointX: 228
faceCenterPointY: 68
headPositionsX: [ 230, 250, 253, 250, 254, 252, 249, 253, 252, 254, 250,
    254, 250, 252, 250, 253, 253, 252, 254, 251, 254, 254, 251, 251, 253,
    255, 255, 255, 254, 256, 254, 254, 253, 253, 255, 253, 252, 252, 253,
    253, 252, 252, 254, 255, 253, 254, 250, 252, 252, 247, 249, 243, 245,
    239, 240, 237, 234, 232, 232, 230, 230, 227, 231, 226, 226, 227, 227,
    225, 225, 224, 228, 231, 228, 230, 225, 228, 227, 229, 231, 227, 232,
    232, 229, 230, 227, 228, 230, 227, 229, 228, 229, 230, 229, 229, 226,
    229, 227, 232, 229, 232 ]
headPositionsY: [ 68, 68, 68, 65, 68, 66, 70, 67, 68, 70, 69, 68, 68, 67,
    70, 69, 70, 68, 71, 69, 68, 68, 68, 68, 69, 70, 69, 68, 68, 70, 69,
    71, 71, 70, 70, 67, 71, 69, 69, 71, 69, 71, 69, 70, 68, 67, 70, 69,
    71, 69, 68, 70, 68, 70, 71, 67, 71, 68, 71, 69, 67, 70, 69, 66, 68,
    68, 70, 67, 74, 69, 70, 66, 68, 69, 71, 72, 71, 73, 72, 70, 67, 71,
    71, 72, 71, 70, 70, 69, 68, 69, 69, 67, 69, 71, 66, 69, 68, 72, 72,
    72 ]
