%YAML:1.0
---
videoName: "headNod27.mp4"
gestureLabel: 202
fps: 29
pixelSizeInCmTemp: 3.0705128205128202e-01
faceCenterPointX: 271
faceCenterPointY: 77
headPositionsX: [ 272, 271, 272, 271, 270, 270, 270, 272, 274, 274, 272,
    273, 274, 269, 273, 271, 269, 269, 273, 272, 273, 274, 274, 274, 271,
    271, 274, 271, 273, 270, 272, 273, 269, 272, 270, 270, 267, 267, 271,
    267, 269, 272, 271, 270, 272, 271, 269, 268, 271, 271, 270, 271, 269,
    272, 268, 269, 271, 272, 269, 271, 269, 269, 269, 266, 269, 268, 269,
    266, 271, 267, 268, 270, 269, 271, 269, 267, 271, 267, 270, 268, 267,
    268, 269, 266, 268, 270, 272, 269, 271, 272, 270, 272, 269, 270, 271,
    271, 268, 268, 269, 272 ]
headPositionsY: [ 75, 72, 74, 72, 74, 73, 75, 76, 73, 74, 72, 72, 75, 72,
    75, 74, 72, 75, 75, 73, 71, 70, 70, 65, 66, 66, 62, 63, 63, 68, 69,
    77, 83, 81, 83, 83, 81, 79, 76, 71, 69, 68, 70, 66, 70, 69, 73, 79,
    82, 80, 81, 79, 76, 70, 70, 69, 71, 72, 76, 75, 80, 79, 81, 83, 81,
    80, 76, 73, 74, 71, 70, 73, 75, 75, 76, 79, 81, 79, 74, 72, 74, 71,
    73, 71, 71, 71, 76, 75, 80, 79, 79, 79, 80, 76, 78, 78, 77, 76, 78,
    78 ]
