%YAML:1.0
---
videoName: "headLookLeft9.mp4"
gestureLabel: 203
fps: 30
pixelSizeInCmTemp: 3.2364864864864862e-01
faceCenterPointX: 273
faceCenterPointY: 69
headPositionsX: [ 275, 245, 245, 246, 248, 246, 248, 248, 245, 248, 248,
    244, 244, 245, 245, 246, 246, 247, 246, 245, 245, 245, 244, 244, 244,
    247, 247, 244, 244, 245, 243, 247, 246, 251, 251, 250, 254, 259, 260,
    260, 262, 266, 270, 269, 268, 269, 270, 271, 271, 271, 269, 270, 271,
    270, 274, 270, 275, 269, 272, 273, 270, 273, 272, 274, 275, 272, 268,
    272, 273, 269, 272, 272, 272, 274, 275, 270, 271, 270, 270, 268, 269,
    270, 270, 268, 272, 271, 272, 270, 271, 270, 272, 274, 271, 267, 270,
    274, 270, 272, 270, 270 ]
headPositionsY: [ 69, 70, 70, 72, 72, 71, 73, 69, 70, 68, 71, 71, 72, 72,
    71, 70, 71, 72, 71, 72, 71, 68, 70, 71, 69, 70, 73, 70, 69, 69, 72,
    70, 71, 70, 72, 68, 69, 67, 69, 69, 66, 69, 69, 71, 70, 67, 68, 66,
    69, 69, 68, 67, 67, 67, 66, 67, 69, 69, 70, 66, 70, 65, 70, 69, 67,
    67, 65, 66, 67, 67, 69, 69, 67, 71, 69, 68, 67, 67, 67, 66, 67, 69,
    68, 68, 70, 67, 69, 67, 67, 68, 69, 68, 70, 66, 68, 66, 70, 67, 70,
    68 ]
