%YAML:1.0
---
videoName: "headShake14.mp4"
gestureLabel: 201
fps: 29
pixelSizeInCmTemp: 3.2364864864864862e-01
faceCenterPointX: 244
faceCenterPointY: 76
headPositionsX: [ 245, 245, 244, 247, 247, 245, 246, 244, 244, 247, 246,
    243, 246, 247, 243, 247, 244, 247, 246, 245, 245, 247, 246, 243, 245,
    247, 249, 250, 253, 258, 262, 263, 262, 259, 255, 250, 247, 241, 235,
    232, 226, 224, 226, 226, 233, 238, 244, 247, 253, 257, 256, 258, 255,
    252, 248, 240, 237, 235, 234, 235, 232, 234, 234, 238, 239, 243, 245,
    248, 247, 249, 251, 247, 247, 246, 249, 243, 245, 240, 243, 240, 239,
    237, 238, 241, 242, 241, 244, 245, 243, 246, 245, 247, 243, 246, 243,
    245, 245, 243, 245, 241 ]
headPositionsY: [ 74, 75, 76, 77, 74, 77, 74, 76, 77, 75, 78, 76, 78, 73,
    74, 73, 77, 74, 75, 73, 77, 78, 74, 77, 78, 76, 73, 75, 75, 72, 74,
    73, 70, 73, 76, 74, 74, 76, 78, 73, 77, 72, 77, 73, 75, 73, 74, 72,
    72, 71, 72, 71, 74, 73, 76, 73, 75, 76, 77, 77, 75, 73, 76, 74, 75,
    74, 77, 75, 74, 78, 74, 77, 78, 76, 78, 76, 77, 75, 73, 76, 74, 76,
    78, 77, 77, 77, 76, 76, 78, 76, 78, 77, 76, 76, 75, 75, 76, 77, 76,
    77 ]
