%YAML:1.0
---
videoName: "headShake44.mp4"
gestureLabel: 201
fps: 30
pixelSizeInCmTemp: 3.2808219178082193e-01
faceCenterPointX: 260
faceCenterPointY: 84
headPositionsX: [ 262, 263, 259, 263, 260, 259, 258, 259, 258, 259, 260,
    262, 259, 260, 262, 259, 261, 263, 263, 261, 263, 259, 263, 263, 260,
    260, 260, 263, 259, 262, 262, 260, 259, 261, 261, 261, 262, 260, 260,
    261, 267, 269, 272, 276, 275, 274, 272, 268, 261, 256, 253, 252, 248,
    250, 255, 260, 267, 269, 270, 268, 265, 264, 259, 254, 256, 257, 257,
    265, 267, 271, 269, 272, 266, 261, 256, 254, 252, 252, 251, 257, 256,
    257, 261, 261, 261, 263, 261, 261, 262, 261, 261, 262, 259, 264, 258,
    259, 260, 259, 261, 259 ]
headPositionsY: [ 83, 84, 81, 84, 83, 83, 80, 84, 84, 84, 85, 84, 84, 82,
    82, 84, 83, 82, 81, 82, 83, 80, 84, 83, 81, 81, 83, 85, 82, 82, 82,
    81, 85, 85, 82, 81, 82, 85, 82, 81, 81, 83, 84, 82, 81, 81, 83, 83,
    86, 85, 86, 86, 82, 86, 84, 84, 85, 82, 85, 83, 87, 85, 82, 86, 84,
    85, 86, 84, 84, 83, 82, 84, 82, 85, 82, 84, 82, 82, 82, 82, 83, 83,
    82, 82, 84, 83, 86, 83, 85, 84, 83, 85, 87, 87, 82, 86, 83, 88, 83,
    83 ]
