%YAML:1.0
---
videoName: "headShake6.mp4"
gestureLabel: 201
fps: 29
pixelSizeInCmTemp: 3.2808219178082193e-01
faceCenterPointX: 244
faceCenterPointY: 68
headPositionsX: [ 246, 246, 245, 244, 245, 245, 246, 243, 246, 246, 244,
    243, 247, 248, 247, 245, 243, 247, 244, 244, 244, 243, 243, 246, 246,
    247, 243, 248, 251, 251, 254, 258, 259, 264, 264, 260, 258, 254, 247,
    243, 235, 230, 229, 230, 233, 239, 241, 249, 254, 257, 259, 257, 256,
    252, 248, 241, 237, 235, 232, 231, 234, 233, 235, 242, 247, 249, 250,
    254, 248, 248, 245, 245, 242, 240, 236, 238, 237, 238, 239, 238, 241,
    244, 245, 245, 244, 245, 245, 244, 242, 244, 243, 245, 244, 244, 245,
    243, 243, 242, 244, 245 ]
headPositionsY: [ 67, 67, 66, 65, 67, 65, 67, 68, 69, 68, 65, 68, 65, 64,
    65, 66, 67, 66, 68, 65, 69, 64, 67, 68, 70, 67, 67, 65, 69, 69, 66,
    66, 67, 63, 65, 66, 67, 68, 70, 69, 67, 66, 68, 67, 69, 69, 66, 68,
    67, 66, 68, 69, 66, 68, 70, 68, 67, 67, 67, 67, 67, 65, 69, 70, 69,
    70, 66, 67, 69, 66, 69, 69, 68, 68, 67, 69, 69, 67, 66, 66, 68, 67,
    70, 68, 69, 68, 70, 69, 67, 71, 66, 70, 66, 70, 70, 69, 67, 71, 68,
    68 ]
