%YAML:1.0
---
videoName: "headNod3.mp4"
gestureLabel: 202
fps: 29
pixelSizeInCmTemp: 3.1933333333333330e-01
faceCenterPointX: 264
faceCenterPointY: 76
headPositionsX: [ 266, 265, 264, 262, 266, 264, 264, 262, 264, 265, 266,
    264, 263, 265, 265, 263, 263, 265, 264, 265, 262, 263, 263, 266, 265,
    264, 263, 263, 263, 265, 265, 268, 266, 266, 265, 265, 267, 264, 266,
    265, 268, 265, 267, 266, 268, 264, 267, 265, 268, 263, 264, 265, 266,
    265, 265, 263, 263, 266, 262, 262, 266, 262, 261, 263, 265, 263, 263,
    265, 262, 263, 263, 266, 265, 263, 262, 263, 262, 262, 265, 266, 261,
    264, 262, 263, 266, 261, 262, 261, 265, 265, 265, 263, 261, 265, 264,
    264, 264, 264, 266, 265 ]
headPositionsY: [ 77, 77, 76, 77, 76, 78, 78, 77, 78, 75, 73, 76, 73, 75,
    72, 74, 73, 71, 74, 72, 73, 70, 70, 75, 73, 73, 73, 74, 73, 77, 72,
    74, 76, 74, 76, 73, 74, 77, 77, 74, 76, 75, 75, 72, 71, 69, 70, 65,
    64, 65, 66, 69, 70, 76, 80, 81, 82, 81, 83, 80, 77, 70, 69, 70, 68,
    65, 70, 73, 75, 76, 79, 84, 80, 81, 77, 74, 69, 67, 67, 66, 67, 65,
    70, 69, 71, 77, 76, 81, 80, 82, 78, 80, 77, 77, 77, 76, 76, 76, 76,
    76 ]
