%YAML:1.0
---
videoName: "headLookRight4.mp4"
gestureLabel: 204
fps: 30
pixelSizeInCmTemp: 3.4214285714285714e-01
faceCenterPointX: 228
faceCenterPointY: 75
headPositionsX: [ 229, 252, 252, 252, 251, 255, 255, 252, 255, 251, 256,
    253, 255, 251, 252, 255, 252, 253, 253, 252, 254, 254, 251, 250, 253,
    255, 253, 252, 254, 252, 248, 250, 247, 248, 243, 240, 239, 236, 236,
    235, 234, 231, 232, 229, 228, 230, 228, 231, 227, 226, 229, 227, 228,
    225, 229, 225, 223, 226, 226, 228, 227, 227, 229, 225, 225, 226, 224,
    224, 225, 225, 224, 226, 229, 223, 225, 229, 228, 225, 228, 228, 224,
    229, 229, 226, 227, 226, 226, 225, 228, 227, 225, 225, 223, 228, 226,
    226, 226, 225, 224, 226 ]
headPositionsY: [ 77, 73, 73, 71, 70, 71, 72, 70, 70, 69, 70, 72, 74, 73,
    71, 75, 71, 74, 72, 73, 72, 72, 72, 74, 74, 76, 71, 73, 71, 72, 74,
    75, 72, 73, 75, 73, 74, 74, 73, 71, 74, 73, 73, 73, 72, 71, 75, 71,
    75, 72, 76, 71, 75, 73, 76, 73, 76, 74, 75, 74, 77, 76, 75, 75, 72,
    72, 74, 78, 73, 73, 73, 73, 77, 75, 76, 74, 73, 76, 78, 75, 75, 75,
    73, 75, 71, 77, 76, 77, 73, 76, 75, 70, 76, 77, 76, 73, 73, 73, 74,
    76 ]
