%YAML:1.0
---
videoName: "headNod19.mp4"
gestureLabel: 202
fps: 29
pixelSizeInCmTemp: 3.1933333333333330e-01
faceCenterPointX: 255
faceCenterPointY: 81
headPositionsX: [ 255, 259, 256, 257, 256, 257, 255, 256, 256, 257, 254,
    256, 254, 253, 254, 256, 252, 251, 251, 252, 252, 252, 248, 253, 249,
    250, 249, 251, 249, 254, 248, 249, 250, 255, 255, 252, 255, 256, 255,
    254, 252, 256, 255, 257, 257, 255, 255, 255, 256, 253, 257, 257, 256,
    258, 254, 254, 257, 258, 254, 254, 256, 256, 253, 254, 253, 256, 254,
    255, 254, 257, 257, 257, 254, 253, 255, 254, 258, 256, 255, 255, 254,
    254, 258, 256, 257, 253, 255, 254, 255, 253, 254, 255, 256, 255, 258,
    255, 255, 254, 258, 255 ]
headPositionsY: [ 82, 84, 85, 80, 83, 77, 75, 78, 75, 78, 78, 78, 79, 79,
    78, 77, 79, 76, 80, 77, 77, 80, 79, 78, 77, 78, 77, 76, 77, 81, 78,
    81, 78, 78, 80, 76, 80, 77, 77, 80, 78, 77, 81, 77, 77, 77, 80, 80,
    80, 80, 80, 80, 77, 78, 78, 80, 76, 79, 78, 80, 79, 78, 81, 77, 82,
    79, 76, 76, 74, 72, 71, 75, 75, 75, 78, 83, 82, 86, 83, 79, 76, 78,
    79, 78, 81, 83, 82, 84, 84, 82, 80, 83, 80, 82, 82, 83, 82, 81, 81,
    83 ]
