%YAML:1.0
---
videoName: "headShake24.mp4"
gestureLabel: 201
fps: 29
pixelSizeInCmTemp: 3.2808219178082193e-01
faceCenterPointX: 240
faceCenterPointY: 78
headPositionsX: [ 239, 253, 251, 252, 251, 256, 252, 254, 255, 249, 251,
    249, 246, 244, 241, 236, 236, 232, 234, 229, 229, 228, 233, 230, 233,
    233, 238, 237, 240, 242, 247, 245, 248, 251, 249, 252, 250, 249, 246,
    246, 242, 243, 241, 240, 239, 238, 235, 236, 232, 232, 235, 233, 238,
    237, 239, 241, 242, 242, 244, 244, 244, 244, 247, 247, 249, 245, 247,
    245, 247, 245, 242, 243, 240, 241, 242, 239, 239, 239, 238, 237, 239,
    241, 239, 239, 236, 239, 239, 238, 238, 239, 240, 238, 242, 241, 242,
    240, 240, 240, 241, 242 ]
headPositionsY: [ 80, 76, 75, 76, 75, 74, 73, 75, 79, 75, 75, 77, 78, 80,
    80, 79, 78, 75, 78, 75, 76, 79, 76, 78, 75, 79, 79, 78, 80, 77, 78,
    75, 75, 79, 76, 81, 78, 77, 79, 76, 76, 77, 80, 79, 79, 79, 77, 76,
    75, 79, 77, 78, 77, 78, 79, 77, 78, 78, 77, 78, 79, 76, 77, 79, 78,
    77, 76, 79, 76, 80, 79, 78, 78, 75, 77, 74, 77, 79, 75, 76, 75, 77,
    79, 76, 76, 76, 76, 76, 77, 78, 80, 76, 76, 79, 77, 77, 79, 80, 76,
    76 ]
