%YAML:1.0
---
videoName: "headShake24.mp4"
gestureLabel: 201
fps: 29
pixelSizeInCmTemp: 3.2808219178082193e-01
faceCenterPointX: 240
faceCenterPointY: 78
headPositionsX: [ 238, 253, 249, 253, 254, 255, 254, 255, 251, 251, 251,
    248, 243, 242, 239, 237, 236, 235, 232, 231, 229, 227, 230, 232, 234,
    234, 234, 241, 239, 241, 243, 247, 247, 249, 251, 248, 251, 246, 246,
    248, 244, 244, 243, 240, 240, 236, 235, 236, 236, 231, 234, 236, 235,
    234, 237, 240, 243, 242, 245, 243, 246, 246, 245, 247, 246, 246, 249,
    247, 244, 244, 246, 245, 244, 240, 241, 238, 240, 239, 238, 237, 239,
    238, 241, 242, 238, 240, 238, 240, 241, 241, 240, 241, 238, 238, 239,
    239, 241, 239, 241, 239 ]
headPositionsY: [ 76, 77, 76, 75, 73, 74, 76, 73, 75, 78, 79, 76, 76, 80,
    77, 78, 78, 76, 78, 75, 75, 75, 80, 80, 76, 76, 78, 75, 76, 76, 75,
    79, 78, 76, 77, 80, 76, 78, 78, 78, 77, 78, 80, 80, 79, 76, 79, 77,
    76, 75, 79, 78, 79, 78, 79, 78, 77, 77, 77, 78, 79, 76, 80, 78, 79,
    74, 80, 77, 76, 80, 79, 76, 79, 78, 80, 77, 77, 75, 77, 79, 76, 77,
    79, 79, 77, 77, 79, 79, 80, 78, 78, 77, 76, 79, 80, 75, 77, 79, 77,
    78 ]
