%YAML:1.0
---
videoName: "headShake36.mp4"
gestureLabel: 201
fps: 29
pixelSizeInCmTemp: 3.2364864864864862e-01
faceCenterPointX: 263
faceCenterPointY: 80
headPositionsX: [ 262, 265, 260, 265, 263, 266, 266, 269, 268, 273, 275,
    277, 279, 282, 281, 281, 282, 282, 280, 274, 275, 272, 271, 266, 262,
    259, 256, 252, 251, 249, 248, 245, 244, 246, 245, 244, 247, 250, 247,
    254, 259, 259, 264, 270, 273, 274, 276, 278, 281, 281, 279, 282, 277,
    277, 274, 271, 272, 268, 263, 260, 255, 255, 253, 249, 249, 250, 250,
    249, 253, 253, 254, 258, 258, 260, 264, 266, 264, 267, 267, 270, 265,
    269, 267, 265, 265, 266, 264, 267, 266, 266, 263, 263, 266, 264, 261,
    262, 262, 262, 261, 264 ]
headPositionsY: [ 82, 78, 78, 80, 81, 82, 81, 78, 81, 79, 78, 78, 78, 78,
    74, 75, 76, 78, 77, 78, 80, 79, 81, 84, 80, 83, 82, 77, 80, 81, 80,
    80, 82, 83, 82, 81, 80, 79, 80, 83, 83, 80, 83, 81, 78, 77, 81, 78,
    76, 79, 76, 80, 76, 79, 76, 80, 79, 79, 80, 82, 78, 78, 81, 78, 79,
    80, 81, 82, 79, 77, 79, 79, 78, 82, 80, 82, 83, 81, 79, 81, 78, 79,
    80, 80, 80, 82, 83, 82, 79, 79, 81, 83, 80, 79, 80, 80, 80, 81, 82,
    82 ]
