%YAML:1.0
---
videoName: "headShake27.mp4"
gestureLabel: 201
fps: 29
pixelSizeInCmTemp: 3.3263888888888887e-01
faceCenterPointX: 244
faceCenterPointY: 78
headPositionsX: [ 243, 244, 248, 251, 248, 252, 255, 254, 257, 256, 254,
    255, 252, 254, 251, 251, 246, 245, 245, 240, 243, 238, 236, 236, 232,
    232, 234, 234, 231, 235, 234, 234, 232, 236, 237, 240, 240, 241, 246,
    245, 249, 246, 248, 248, 249, 250, 251, 248, 248, 246, 247, 244, 240,
    241, 238, 236, 235, 235, 236, 233, 232, 235, 235, 232, 235, 238, 236,
    238, 242, 240, 243, 243, 244, 246, 246, 248, 250, 246, 250, 248, 246,
    249, 245, 246, 244, 244, 246, 248, 247, 246, 243, 244, 242, 242, 244,
    246, 245, 244, 245, 243 ]
headPositionsY: [ 79, 80, 76, 77, 77, 78, 75, 78, 77, 74, 78, 77, 77, 76,
    81, 77, 77, 78, 78, 76, 77, 76, 79, 77, 79, 77, 78, 76, 78, 77, 77,
    80, 77, 76, 77, 80, 80, 79, 80, 80, 82, 80, 78, 77, 80, 77, 79, 81,
    81, 79, 78, 81, 79, 81, 80, 81, 79, 77, 80, 77, 76, 78, 79, 78, 81,
    79, 77, 78, 82, 80, 79, 80, 79, 78, 79, 78, 78, 79, 81, 82, 79, 80,
    80, 78, 82, 81, 80, 79, 80, 81, 82, 77, 81, 80, 80, 78, 77, 81, 77,
    81 ]
