%YAML:1.0
---
videoName: "headShake35.mp4"
gestureLabel: 201
fps: 29
pixelSizeInCmTemp: 3.2364864864864862e-01
faceCenterPointX: 267
faceCenterPointY: 82
headPositionsX: [ 265, 266, 266, 268, 267, 265, 266, 266, 270, 268, 266,
    268, 268, 270, 268, 267, 269, 268, 267, 266, 267, 269, 266, 270, 267,
    265, 267, 268, 269, 270, 267, 269, 268, 270, 268, 267, 267, 267, 270,
    266, 267, 268, 269, 266, 266, 268, 269, 266, 265, 267, 266, 268, 267,
    268, 267, 270, 265, 266, 265, 265, 267, 267, 267, 272, 273, 277, 280,
    280, 279, 279, 277, 270, 264, 264, 259, 259, 258, 264, 267, 270, 272,
    278, 274, 274, 271, 265, 262, 261, 263, 259, 265, 266, 266, 265, 265,
    266, 268, 269, 268, 270 ]
headPositionsY: [ 83, 81, 78, 81, 81, 80, 79, 79, 78, 79, 80, 81, 81, 80,
    79, 78, 79, 78, 81, 82, 79, 78, 81, 80, 82, 78, 79, 81, 79, 81, 80,
    77, 81, 80, 82, 79, 79, 79, 82, 82, 82, 82, 82, 83, 81, 78, 83, 82,
    79, 82, 82, 79, 80, 82, 82, 83, 81, 81, 79, 82, 80, 83, 79, 83, 81,
    78, 78, 82, 80, 79, 83, 83, 80, 83, 83, 78, 81, 84, 84, 80, 82, 81,
    79, 80, 83, 83, 79, 83, 79, 79, 81, 79, 81, 79, 82, 79, 81, 81, 79,
    82 ]
