%YAML:1.0
---
videoName: "headNod4.mp4"
gestureLabel: 202
fps: 29
pixelSizeInCmTemp: 3.2808219178082193e-01
faceCenterPointX: 264
faceCenterPointY: 72
headPositionsX: [ 262, 267, 267, 269, 271, 268, 272, 270, 269, 271, 267,
    269, 268, 270, 271, 268, 269, 271, 270, 268, 268, 269, 269, 267, 268,
    270, 267, 267, 269, 269, 268, 265, 267, 267, 265, 267, 265, 266, 270,
    265, 266, 267, 268, 270, 265, 267, 268, 266, 269, 267, 269, 270, 266,
    265, 267, 264, 265, 264, 264, 267, 266, 264, 263, 264, 264, 263, 266,
    265, 266, 265, 263, 265, 267, 263, 262, 265, 264, 262, 264, 267, 265,
    266, 266, 266, 265, 267, 263, 268, 262, 267, 266, 267, 265, 262, 264,
    267, 262, 262, 266, 266 ]
headPositionsY: [ 70, 76, 72, 77, 74, 73, 73, 75, 76, 76, 73, 75, 75, 76,
    74, 75, 75, 74, 72, 72, 73, 73, 72, 76, 75, 76, 77, 76, 74, 77, 74,
    74, 73, 75, 73, 73, 73, 75, 75, 73, 73, 72, 73, 74, 70, 71, 68, 64,
    64, 67, 64, 71, 70, 76, 79, 81, 82, 82, 82, 78, 74, 70, 70, 69, 69,
    69, 74, 75, 79, 80, 81, 83, 82, 78, 77, 71, 68, 68, 68, 66, 68, 72,
    76, 74, 80, 83, 82, 81, 81, 80, 82, 82, 79, 79, 76, 78, 73, 75, 75,
    76 ]
