%YAML:1.0
---
videoName: "headNod2.mp4"
gestureLabel: 202
fps: 29
pixelSizeInCmTemp: 3.2364864864864862e-01
faceCenterPointX: 263
faceCenterPointY: 70
headPositionsX: [ 263, 262, 264, 261, 262, 261, 265, 265, 264, 265, 261,
    264, 262, 266, 264, 266, 264, 265, 265, 262, 262, 264, 263, 265, 263,
    263, 262, 263, 263, 264, 260, 263, 263, 262, 260, 263, 260, 263, 260,
    261, 261, 260, 260, 264, 262, 263, 264, 262, 260, 263, 263, 263, 264,
    264, 263, 263, 262, 262, 262, 261, 264, 262, 264, 260, 262, 262, 265,
    261, 264, 260, 263, 264, 265, 263, 264, 263, 264, 265, 265, 264, 262,
    263, 264, 264, 264, 264, 265, 262, 265, 264, 263, 262, 265, 264, 265,
    265, 265, 266, 262, 263 ]
headPositionsY: [ 72, 74, 78, 74, 76, 76, 75, 77, 75, 76, 77, 75, 77, 76,
    76, 78, 76, 75, 75, 73, 75, 74, 76, 73, 75, 74, 73, 74, 76, 74, 74,
    75, 72, 75, 72, 72, 73, 72, 74, 73, 73, 74, 75, 73, 72, 74, 76, 73,
    74, 70, 70, 70, 72, 74, 76, 76, 78, 77, 75, 72, 71, 72, 73, 74, 74,
    73, 73, 69, 71, 68, 71, 74, 75, 75, 74, 76, 74, 72, 72, 69, 73, 76,
    74, 78, 77, 76, 72, 73, 69, 68, 71, 69, 72, 72, 73, 69, 68, 70, 72,
    72 ]
