%YAML:1.0
---
videoName: "headShake46.mp4"
gestureLabel: 201
fps: 30
pixelSizeInCmTemp: 3.2364864864864862e-01
faceCenterPointX: 262
faceCenterPointY: 85
headPositionsX: [ 263, 259, 263, 259, 260, 262, 260, 262, 259, 259, 258,
    259, 260, 260, 260, 258, 262, 261, 259, 262, 263, 263, 263, 258, 260,
    261, 258, 261, 259, 259, 266, 265, 274, 277, 277, 275, 278, 270, 267,
    261, 254, 253, 249, 254, 255, 261, 269, 267, 269, 265, 261, 255, 254,
    255, 256, 260, 261, 266, 267, 266, 264, 264, 259, 257, 259, 262, 265,
    267, 271, 271, 270, 264, 265, 259, 260, 262, 263, 262, 265, 265, 264,
    262, 262, 264, 261, 262, 258, 259, 259, 263, 260, 259, 259, 262, 259,
    261, 263, 263, 259, 260 ]
headPositionsY: [ 83, 84, 82, 84, 82, 86, 86, 82, 84, 86, 82, 86, 86, 85,
    87, 82, 85, 85, 83, 86, 82, 84, 84, 85, 83, 85, 84, 86, 83, 83, 84,
    84, 83, 81, 80, 84, 83, 84, 84, 82, 83, 84, 83, 83, 85, 87, 86, 82,
    82, 86, 87, 85, 86, 84, 85, 83, 84, 85, 83, 86, 84, 84, 86, 87, 87,
    86, 82, 86, 85, 87, 85, 84, 87, 85, 85, 85, 85, 82, 83, 84, 86, 85,
    85, 85, 86, 84, 84, 83, 86, 83, 86, 84, 84, 87, 86, 87, 86, 87, 84,
    86 ]
