%YAML:1.0
---
videoName: "headNod45.mp4"
gestureLabel: 202
fps: 30
pixelSizeInCmTemp: 3.0316455696202532e-01
faceCenterPointX: 265
faceCenterPointY: 77
headPositionsX: [ 264, 266, 267, 267, 268, 266, 270, 269, 266, 269, 270,
    266, 268, 270, 266, 269, 267, 265, 270, 268, 269, 265, 267, 270, 265,
    265, 265, 266, 266, 266, 266, 265, 267, 264, 264, 267, 267, 264, 267,
    268, 268, 264, 267, 263, 267, 266, 266, 265, 267, 268, 267, 265, 268,
    267, 267, 266, 266, 267, 265, 264, 265, 268, 267, 263, 265, 268, 264,
    266, 268, 266, 264, 268, 264, 266, 266, 267, 268, 268, 267, 266, 265,
    264, 267, 268, 267, 265, 268, 265, 267, 267, 263, 267, 266, 265, 266,
    264, 264, 267, 264, 264 ]
headPositionsY: [ 78, 76, 77, 77, 75, 78, 74, 76, 78, 73, 75, 77, 73, 77,
    75, 76, 76, 79, 80, 80, 84, 88, 91, 95, 91, 92, 89, 87, 81, 75, 73,
    74, 70, 65, 67, 66, 66, 71, 74, 76, 82, 85, 88, 89, 94, 90, 85, 86,
    82, 78, 75, 71, 71, 70, 75, 77, 79, 82, 82, 84, 83, 82, 81, 76, 78,
    75, 74, 70, 76, 77, 78, 82, 83, 89, 89, 85, 87, 82, 81, 81, 78, 75,
    75, 78, 78, 78, 80, 81, 82, 78, 81, 77, 77, 79, 80, 78, 75, 80, 76,
    78 ]
