%YAML:1.0
---
videoName: "headNod5.mp4"
gestureLabel: 202
fps: 29
pixelSizeInCmTemp: 3.1513157894736843e-01
faceCenterPointX: 263
faceCenterPointY: 75
headPositionsX: [ 263, 262, 261, 265, 261, 264, 261, 262, 260, 263, 263,
    263, 262, 265, 264, 261, 266, 266, 265, 265, 266, 267, 265, 266, 266,
    265, 262, 264, 265, 266, 268, 264, 265, 263, 264, 266, 268, 266, 266,
    268, 267, 268, 268, 268, 263, 267, 266, 265, 267, 267, 263, 267, 264,
    262, 261, 266, 265, 262, 264, 263, 265, 263, 262, 265, 264, 264, 263,
    263, 265, 265, 262, 265, 267, 263, 265, 266, 266, 263, 264, 266, 263,
    263, 264, 263, 266, 264, 265, 262, 261, 265, 264, 264, 264, 262, 264,
    260, 262, 262, 259, 262 ]
headPositionsY: [ 76, 72, 73, 75, 72, 73, 74, 73, 72, 73, 73, 73, 72, 77,
    76, 77, 73, 76, 74, 76, 74, 74, 75, 75, 76, 76, 78, 75, 75, 74, 78,
    78, 74, 76, 80, 76, 80, 75, 79, 77, 77, 79, 77, 78, 76, 76, 77, 76,
    79, 77, 81, 80, 84, 82, 85, 81, 82, 79, 73, 75, 76, 78, 83, 84, 85,
    89, 87, 83, 80, 73, 76, 76, 77, 78, 83, 86, 86, 84, 83, 80, 76, 72,
    76, 74, 76, 80, 78, 79, 80, 78, 80, 77, 74, 76, 76, 75, 74, 75, 75,
    76 ]
