%YAML:1.0
---
videoName: "headLookUp4.mp4"
gestureLabel: 205
fps: 30
pixelSizeInCmTemp: 3.6846153846153845e-01
faceCenterPointX: 256
faceCenterPointY: 68
headPositionsX: [ 255, 254, 257, 259, 255, 255, 256, 257, 258, 256, 256,
    255, 256, 256, 257, 255, 255, 257, 255, 256, 256, 256, 254, 256, 257,
    257, 255, 258, 258, 257, 257, 258, 257, 253, 255, 257, 256, 258, 256,
    257, 255, 255, 254, 255, 257, 256, 258, 253, 257, 257, 253, 258, 254,
    254, 257, 255, 255, 253, 255, 254, 254, 256, 256, 254, 255, 255, 258,
    255, 258, 255, 256, 255, 258, 256, 258, 255, 255, 258, 255, 254, 254,
    256, 257, 257, 255, 254, 257, 254, 257, 257, 255, 255, 255, 256, 257,
    257, 257, 257, 256, 254 ]
headPositionsY: [ 67, 81, 82, 84, 81, 81, 81, 82, 80, 84, 82, 84, 80, 84,
    82, 84, 83, 84, 82, 82, 81, 80, 82, 79, 77, 75, 74, 75, 74, 73, 69,
    71, 68, 71, 67, 68, 65, 70, 70, 71, 70, 72, 66, 70, 67, 71, 71, 70,
    68, 65, 70, 71, 70, 67, 70, 67, 66, 70, 68, 71, 69, 65, 66, 68, 69,
    70, 72, 72, 69, 70, 67, 70, 67, 67, 66, 68, 68, 70, 69, 66, 71, 69,
    69, 68, 70, 67, 71, 67, 69, 70, 69, 71, 72, 69, 69, 68, 67, 71, 69,
    70 ]
