%YAML:1.0
---
videoName: "headLookRight0.mp4"
gestureLabel: 204
fps: 29
pixelSizeInCmTemp: 3.1933333333333330e-01
faceCenterPointX: 229
faceCenterPointY: 68
headPositionsX: [ 230, 259, 256, 256, 255, 258, 258, 256, 256, 256, 256,
    256, 256, 255, 259, 258, 254, 258, 256, 255, 256, 256, 258, 253, 256,
    257, 257, 255, 257, 259, 255, 258, 255, 253, 255, 255, 255, 257, 254,
    251, 251, 247, 249, 245, 243, 242, 238, 237, 238, 237, 234, 236, 236,
    233, 232, 233, 232, 235, 231, 232, 233, 235, 234, 233, 233, 234, 231,
    232, 231, 232, 232, 235, 233, 237, 232, 230, 228, 231, 231, 228, 234,
    233, 234, 229, 230, 230, 231, 232, 227, 230, 233, 230, 230, 226, 228,
    227, 232, 232, 225, 229 ]
headPositionsY: [ 69, 66, 66, 63, 67, 65, 65, 64, 66, 67, 66, 66, 66, 65,
    66, 69, 67, 64, 65, 66, 68, 67, 69, 67, 69, 66, 70, 67, 69, 69, 68,
    66, 69, 66, 66, 67, 68, 67, 69, 69, 67, 68, 69, 65, 69, 68, 65, 68,
    69, 66, 71, 67, 68, 68, 71, 70, 68, 67, 69, 66, 67, 66, 68, 68, 66,
    66, 66, 67, 67, 66, 69, 69, 67, 68, 69, 65, 66, 65, 67, 70, 68, 68,
    68, 66, 67, 70, 69, 68, 64, 66, 70, 67, 69, 70, 69, 68, 69, 65, 68,
    67 ]
