%YAML:1.0
---
videoName: "headLookUp1.mp4"
gestureLabel: 205
fps: 29
pixelSizeInCmTemp: 3.7421874999999999e-01
faceCenterPointX: 258
faceCenterPointY: 66
headPositionsX: [ 258, 257, 257, 259, 259, 260, 257, 258, 259, 259, 260,
    261, 258, 257, 259, 261, 261, 257, 259, 257, 260, 259, 259, 259, 257,
    259, 262, 262, 258, 260, 260, 260, 258, 257, 261, 257, 256, 257, 259,
    261, 259, 259, 258, 260, 256, 258, 257, 258, 261, 260, 257, 258, 257,
    258, 257, 256, 261, 256, 259, 259, 257, 259, 261, 260, 255, 258, 260,
    257, 260, 256, 259, 258, 260, 261, 256, 257, 260, 260, 259, 260, 260,
    255, 262, 259, 257, 258, 257, 258, 260, 259, 258, 257, 258, 257, 256,
    257, 260, 259, 258, 259 ]
headPositionsY: [ 66, 82, 82, 82, 84, 82, 80, 79, 79, 82, 80, 80, 80, 83,
    78, 83, 81, 79, 79, 82, 80, 83, 83, 81, 79, 83, 79, 80, 82, 82, 79,
    80, 82, 83, 81, 81, 80, 81, 80, 79, 78, 80, 78, 76, 74, 73, 69, 69,
    69, 66, 66, 64, 63, 67, 68, 63, 68, 65, 65, 65, 66, 62, 69, 66, 68,
    65, 66, 64, 67, 63, 64, 67, 67, 66, 65, 63, 64, 63, 66, 63, 65, 64,
    68, 67, 62, 65, 67, 68, 65, 66, 63, 66, 66, 67, 68, 66, 67, 69, 67,
    69 ]
