%YAML:1.0
---
videoName: "headLookUp4.mp4"
gestureLabel: 205
fps: 30
pixelSizeInCmTemp: 3.6846153846153845e-01
faceCenterPointX: 256
faceCenterPointY: 68
headPositionsX: [ 256, 256, 257, 255, 258, 256, 254, 255, 254, 255, 254,
    255, 257, 258, 254, 257, 257, 258, 256, 255, 256, 257, 254, 257, 255,
    256, 254, 257, 258, 257, 258, 258, 256, 255, 254, 255, 254, 257, 254,
    255, 257, 254, 257, 253, 256, 256, 255, 253, 258, 253, 256, 256, 255,
    255, 256, 254, 258, 254, 254, 254, 257, 255, 257, 255, 254, 255, 258,
    255, 257, 258, 256, 255, 258, 258, 257, 258, 257, 258, 256, 255, 253,
    257, 254, 257, 258, 256, 256, 254, 255, 255, 257, 257, 255, 253, 258,
    254, 254, 259, 253, 257 ]
headPositionsY: [ 69, 82, 81, 81, 81, 82, 82, 84, 81, 83, 81, 81, 83, 84,
    84, 80, 80, 83, 82, 82, 81, 80, 82, 78, 80, 78, 75, 76, 72, 72, 68,
    67, 68, 69, 69, 67, 66, 67, 70, 68, 70, 70, 68, 70, 69, 67, 68, 67,
    71, 69, 68, 70, 67, 69, 70, 69, 70, 69, 66, 69, 65, 69, 66, 68, 72,
    72, 71, 68, 68, 70, 69, 68, 68, 67, 65, 69, 69, 69, 69, 66, 68, 70,
    68, 68, 71, 67, 69, 66, 68, 69, 68, 69, 68, 68, 72, 70, 68, 69, 68,
    69 ]
