%YAML:1.0
---
videoName: "headShake14.mp4"
gestureLabel: 201
fps: 29
pixelSizeInCmTemp: 3.2364864864864862e-01
faceCenterPointX: 244
faceCenterPointY: 76
headPositionsX: [ 246, 245, 246, 247, 246, 243, 247, 247, 247, 245, 244,
    245, 245, 243, 246, 247, 246, 247, 246, 247, 243, 247, 243, 243, 245,
    249, 248, 249, 257, 260, 260, 263, 260, 258, 257, 253, 248, 241, 238,
    228, 227, 225, 229, 226, 229, 237, 244, 249, 251, 256, 255, 258, 252,
    249, 250, 241, 238, 237, 231, 231, 236, 232, 233, 239, 239, 241, 244,
    249, 249, 248, 249, 250, 247, 246, 248, 243, 242, 244, 239, 242, 241,
    239, 238, 241, 239, 243, 243, 246, 244, 243, 245, 243, 246, 244, 242,
    246, 245, 242, 242, 242 ]
headPositionsY: [ 78, 76, 74, 74, 77, 75, 76, 76, 77, 75, 78, 76, 74, 75,
    74, 73, 76, 73, 73, 73, 76, 78, 75, 77, 74, 76, 76, 72, 74, 74, 75,
    74, 70, 72, 75, 75, 78, 76, 76, 75, 73, 72, 77, 72, 76, 73, 76, 75,
    74, 70, 70, 72, 75, 76, 76, 74, 77, 76, 76, 77, 74, 76, 76, 74, 77,
    74, 76, 75, 74, 77, 77, 77, 76, 77, 77, 74, 78, 77, 74, 73, 73, 77,
    75, 75, 76, 77, 78, 77, 74, 77, 77, 75, 74, 77, 77, 74, 78, 75, 76,
    74 ]
