%YAML:1.0
---
videoName: "headShake14.mp4"
gestureLabel: 201
fps: 29
pixelSizeInCmTemp: 3.2364864864864862e-01
faceCenterPointX: 244
faceCenterPointY: 76
headPositionsX: [ 244, 246, 247, 244, 245, 247, 248, 247, 243, 243, 247,
    247, 246, 244, 243, 245, 242, 243, 243, 247, 247, 244, 246, 244, 244,
    245, 250, 250, 254, 260, 259, 259, 259, 261, 258, 250, 247, 243, 238,
    230, 227, 222, 229, 229, 233, 238, 245, 248, 250, 255, 255, 257, 254,
    251, 250, 240, 238, 234, 233, 235, 233, 234, 233, 239, 239, 242, 242,
    245, 249, 247, 247, 251, 249, 248, 246, 245, 242, 244, 240, 238, 238,
    239, 240, 240, 241, 242, 244, 242, 245, 244, 243, 243, 245, 244, 244,
    243, 244, 242, 243, 245 ]
headPositionsY: [ 77, 77, 74, 76, 78, 75, 76, 74, 75, 75, 77, 78, 77, 76,
    75, 76, 76, 76, 73, 77, 75, 75, 73, 76, 76, 77, 76, 74, 72, 75, 73,
    72, 74, 73, 73, 74, 77, 76, 78, 74, 77, 74, 75, 75, 76, 73, 74, 75,
    73, 70, 73, 73, 75, 72, 75, 74, 77, 77, 76, 74, 76, 76, 75, 73, 75,
    77, 76, 75, 74, 77, 77, 76, 76, 75, 75, 78, 75, 73, 76, 73, 74, 76,
    78, 76, 75, 77, 77, 76, 74, 77, 76, 74, 76, 78, 77, 76, 74, 78, 77,
    78 ]
