%YAML:1.0
---
videoName: "headShake44.mp4"
gestureLabel: 201
fps: 30
pixelSizeInCmTemp: 3.2808219178082193e-01
faceCenterPointX: 260
faceCenterPointY: 84
headPositionsX: [ 260, 262, 258, 261, 261, 259, 260, 263, 260, 259, 260,
    261, 263, 263, 260, 259, 263, 263, 261, 262, 259, 261, 262, 262, 259,
    261, 261, 262, 261, 259, 258, 259, 258, 259, 260, 261, 260, 261, 260,
    263, 264, 268, 274, 275, 274, 273, 274, 267, 263, 256, 253, 253, 248,
    252, 255, 263, 264, 270, 273, 270, 265, 261, 256, 255, 256, 255, 258,
    263, 267, 270, 271, 272, 266, 263, 255, 253, 251, 253, 255, 253, 257,
    259, 261, 261, 259, 261, 260, 263, 260, 263, 261, 261, 260, 261, 258,
    262, 261, 262, 262, 259 ]
headPositionsY: [ 85, 83, 80, 81, 83, 82, 83, 83, 82, 85, 83, 83, 84, 82,
    82, 84, 84, 84, 82, 80, 85, 81, 84, 83, 82, 84, 81, 82, 81, 82, 85,
    82, 83, 81, 82, 81, 83, 82, 85, 83, 83, 82, 82, 81, 80, 82, 84, 85,
    83, 83, 83, 83, 83, 85, 84, 86, 84, 81, 85, 85, 84, 85, 83, 85, 85,
    84, 82, 82, 84, 84, 81, 82, 83, 83, 84, 81, 82, 82, 83, 83, 83, 85,
    84, 82, 83, 84, 84, 84, 85, 85, 86, 85, 87, 87, 85, 85, 84, 88, 86,
    85 ]
