%YAML:1.0
---
videoName: "headNod29.mp4"
gestureLabel: 202
fps: 29
pixelSizeInCmTemp: 3.1933333333333330e-01
faceCenterPointX: 271
faceCenterPointY: 70
headPositionsX: [ 272, 273, 274, 273, 276, 273, 271, 272, 272, 275, 273,
    273, 273, 274, 272, 274, 271, 271, 275, 274, 270, 275, 271, 273, 271,
    273, 271, 271, 272, 272, 273, 272, 272, 269, 272, 271, 272, 272, 272,
    268, 272, 270, 272, 271, 270, 269, 271, 273, 269, 270, 271, 270, 271,
    273, 273, 271, 268, 269, 272, 269, 270, 269, 271, 271, 271, 268, 268,
    272, 269, 271, 270, 273, 270, 273, 273, 271, 271, 269, 272, 273, 272,
    270, 269, 272, 271, 273, 270, 272, 269, 273, 270, 269, 270, 273, 269,
    269, 273, 271, 269, 271 ]
headPositionsY: [ 71, 72, 72, 71, 73, 74, 78, 76, 82, 79, 80, 81, 78, 77,
    71, 71, 68, 67, 66, 66, 66, 69, 69, 72, 74, 75, 77, 79, 79, 82, 79,
    76, 77, 74, 74, 72, 70, 72, 73, 75, 76, 77, 80, 80, 77, 81, 75, 75,
    73, 73, 73, 73, 74, 81, 83, 80, 79, 79, 76, 76, 73, 76, 73, 75, 78,
    77, 78, 78, 75, 73, 74, 72, 70, 71, 69, 72, 73, 76, 75, 75, 76, 73,
    74, 73, 72, 72, 73, 69, 70, 69, 67, 67, 68, 72, 69, 70, 69, 70, 70,
    69 ]
