%YAML:1.0
---
videoName: "headShake3.mp4"
gestureLabel: 201
fps: 30
pixelSizeInCmTemp: 3.3263888888888887e-01
faceCenterPointX: 240
faceCenterPointY: 101
headPositionsX: [ 241, 241, 240, 240, 243, 241, 244, 243, 240, 239, 243,
    239, 240, 241, 240, 243, 240, 241, 239, 240, 243, 241, 241, 243, 240,
    241, 243, 242, 238, 240, 238, 237, 238, 241, 245, 248, 255, 257, 256,
    255, 257, 251, 248, 242, 240, 234, 232, 227, 230, 232, 232, 239, 244,
    247, 252, 253, 251, 248, 245, 237, 232, 228, 225, 225, 224, 225, 229,
    236, 240, 244, 245, 247, 243, 247, 245, 241, 240, 236, 235, 233, 232,
    233, 232, 236, 233, 237, 238, 236, 240, 238, 242, 239, 238, 240, 241,
    243, 240, 241, 239, 239 ]
headPositionsY: [ 103, 100, 101, 101, 100, 97, 101, 99, 100, 96, 100,
    100, 99, 97, 97, 99, 97, 99, 99, 99, 101, 100, 98, 98, 100, 99, 101,
    99, 96, 99, 99, 97, 97, 98, 97, 100, 96, 94, 96, 100, 99, 97, 97, 97,
    97, 98, 101, 99, 98, 97, 100, 99, 97, 97, 98, 97, 97, 100, 97, 100,
    99, 100, 100, 96, 96, 97, 98, 98, 100, 98, 97, 100, 98, 98, 101, 97,
    101, 100, 97, 102, 102, 97, 99, 100, 98, 101, 102, 101, 102, 100,
    100, 102, 98, 102, 100, 102, 99, 103, 103, 99 ]
