%YAML:1.0
---
videoName: "headLookLeft4.mp4"
gestureLabel: 203
fps: 29
pixelSizeInCmTemp: 3.4710144927536229e-01
faceCenterPointX: 288
faceCenterPointY: 74
headPositionsX: [ 286, 266, 267, 264, 268, 265, 269, 271, 274, 271, 277,
    278, 281, 283, 284, 287, 293, 292, 296, 294, 298, 293, 297, 296, 289,
    294, 294, 296, 295, 295, 294, 295, 296, 293, 290, 294, 294, 294, 293,
    295, 290, 291, 294, 295, 296, 289, 287, 290, 288, 292, 290, 290, 292,
    289, 291, 288, 288, 292, 286, 291, 290, 290, 289, 290, 287, 294, 287,
    288, 287, 291, 288, 292, 289, 294, 288, 292, 290, 289, 292, 288, 290,
    289, 292, 294, 289, 289, 289, 291, 293, 290, 289, 287, 288, 286, 292,
    286, 292, 287, 289, 290 ]
headPositionsY: [ 75, 78, 81, 80, 81, 77, 78, 80, 80, 76, 80, 77, 77, 75,
    78, 79, 79, 76, 74, 82, 77, 75, 73, 74, 75, 75, 78, 79, 76, 75, 78,
    79, 76, 77, 73, 74, 80, 74, 75, 76, 75, 76, 76, 77, 75, 76, 72, 74,
    73, 76, 75, 72, 71, 75, 72, 73, 73, 77, 74, 77, 73, 75, 76, 74, 75,
    76, 75, 72, 74, 75, 75, 76, 74, 75, 73, 76, 76, 72, 77, 74, 78, 76,
    78, 74, 76, 75, 76, 74, 77, 77, 76, 75, 74, 76, 74, 75, 76, 73, 72,
    75 ]
