%YAML:1.0
---
videoName: "headLookLeft4.mp4"
gestureLabel: 203
fps: 29
pixelSizeInCmTemp: 3.4710144927536229e-01
faceCenterPointX: 288
faceCenterPointY: 74
headPositionsX: [ 286, 265, 267, 266, 265, 266, 270, 269, 273, 274, 274,
    280, 281, 282, 286, 289, 292, 292, 296, 298, 295, 294, 297, 298, 289,
    295, 295, 297, 296, 295, 296, 293, 294, 293, 292, 296, 294, 294, 293,
    291, 289, 290, 296, 297, 294, 290, 290, 294, 291, 292, 293, 292, 291,
    289, 290, 289, 290, 290, 288, 292, 291, 287, 293, 286, 287, 292, 289,
    287, 288, 291, 287, 289, 288, 294, 287, 292, 290, 289, 293, 291, 291,
    289, 290, 291, 291, 290, 291, 289, 293, 291, 290, 291, 292, 290, 292,
    287, 288, 288, 289, 290 ]
headPositionsY: [ 73, 77, 81, 77, 81, 80, 81, 76, 77, 75, 78, 77, 78, 78,
    77, 78, 79, 78, 77, 78, 76, 75, 74, 75, 76, 74, 75, 80, 79, 78, 79,
    79, 78, 75, 73, 73, 79, 73, 76, 78, 74, 76, 74, 73, 75, 75, 74, 75,
    72, 75, 75, 76, 71, 76, 75, 73, 74, 74, 74, 76, 75, 75, 74, 75, 74,
    73, 74, 72, 72, 73, 76, 75, 77, 75, 74, 76, 76, 74, 78, 72, 77, 75,
    76, 74, 73, 72, 74, 74, 74, 74, 76, 74, 74, 76, 74, 73, 74, 72, 72,
    74 ]
