%YAML:1.0
---
videoName: "headNod4.mp4"
gestureLabel: 202
fps: 29
pixelSizeInCmTemp: 3.2808219178082193e-01
faceCenterPointX: 264
faceCenterPointY: 72
headPositionsX: [ 262, 267, 269, 268, 269, 269, 272, 270, 273, 269, 269,
    268, 272, 266, 267, 269, 266, 269, 267, 270, 267, 267, 270, 270, 266,
    267, 268, 266, 266, 270, 266, 266, 269, 266, 266, 267, 265, 265, 269,
    269, 266, 269, 268, 268, 266, 269, 268, 267, 268, 268, 268, 267, 267,
    267, 268, 264, 267, 268, 265, 266, 263, 266, 263, 266, 264, 266, 267,
    265, 264, 266, 266, 267, 267, 264, 263, 264, 266, 262, 264, 266, 266,
    266, 266, 264, 264, 267, 263, 267, 266, 263, 262, 265, 265, 266, 263,
    267, 263, 266, 266, 267 ]
headPositionsY: [ 70, 73, 73, 73, 76, 74, 75, 74, 75, 75, 75, 74, 76, 75,
    73, 76, 75, 75, 75, 76, 75, 76, 72, 77, 71, 76, 73, 73, 75, 73, 73,
    76, 75, 73, 74, 75, 76, 76, 74, 73, 75, 75, 75, 73, 72, 70, 66, 67,
    68, 67, 67, 67, 71, 77, 79, 82, 82, 80, 80, 79, 74, 72, 71, 68, 69,
    70, 73, 77, 79, 82, 84, 83, 81, 77, 74, 72, 69, 68, 69, 68, 67, 70,
    73, 78, 79, 79, 81, 84, 81, 84, 80, 81, 79, 78, 78, 75, 76, 76, 75,
    76 ]
