%YAML:1.0
---
videoName: "headLookDown9.mp4"
gestureLabel: 206
fps: 29
pixelSizeInCmTemp: 3.5220588235294115e-01
faceCenterPointX: 274
faceCenterPointY: 97
headPositionsX: [ 274, 271, 271, 274, 274, 273, 272, 272, 272, 274, 274,
    271, 270, 274, 272, 273, 270, 272, 274, 272, 272, 271, 272, 271, 272,
    271, 275, 272, 274, 270, 274, 274, 273, 270, 272, 271, 274, 274, 273,
    271, 273, 275, 275, 274, 270, 273, 271, 270, 275, 273, 270, 270, 274,
    273, 274, 274, 274, 269, 275, 274, 270, 273, 272, 271, 271, 272, 272,
    274, 272, 272, 272, 271, 274, 271, 272, 271, 272, 270, 272, 271, 270,
    273, 274, 273, 271, 271, 274, 272, 273, 271, 276, 273, 274, 274, 271,
    271, 272, 273, 273, 272 ]
headPositionsY: [ 97, 81, 79, 82, 78, 81, 80, 78, 80, 78, 84, 78, 78, 81,
    79, 78, 81, 78, 78, 79, 82, 80, 79, 82, 82, 80, 80, 79, 78, 79, 81,
    80, 84, 83, 85, 85, 84, 82, 85, 85, 87, 89, 90, 91, 92, 92, 98, 96,
    95, 99, 98, 97, 101, 99, 101, 96, 102, 99, 98, 100, 101, 99, 101,
    100, 97, 98, 95, 96, 98, 97, 96, 95, 99, 96, 100, 98, 98, 97, 99, 96,
    99, 97, 95, 99, 99, 95, 97, 96, 99, 96, 99, 96, 95, 95, 99, 95, 98,
    95, 97, 94 ]
