%YAML:1.0
---
videoName: "headShake3.mp4"
gestureLabel: 201
fps: 30
pixelSizeInCmTemp: 3.3263888888888887e-01
faceCenterPointX: 240
faceCenterPointY: 101
headPositionsX: [ 241, 242, 241, 241, 244, 239, 240, 239, 240, 239, 239,
    242, 243, 242, 243, 239, 241, 240, 242, 243, 243, 241, 240, 240, 241,
    242, 241, 241, 242, 239, 240, 240, 241, 244, 247, 248, 253, 255, 254,
    255, 254, 249, 247, 240, 236, 234, 228, 231, 227, 233, 235, 239, 242,
    246, 250, 253, 247, 244, 242, 239, 232, 228, 227, 224, 226, 226, 230,
    235, 241, 245, 246, 244, 245, 245, 245, 244, 238, 238, 237, 236, 232,
    234, 234, 235, 235, 238, 238, 239, 241, 238, 242, 241, 238, 243, 239,
    239, 239, 242, 243, 239 ]
headPositionsY: [ 100, 98, 98, 97, 98, 100, 99, 100, 97, 99, 98, 99, 97,
    99, 100, 97, 101, 98, 99, 101, 97, 100, 99, 97, 100, 99, 99, 99, 99,
    98, 98, 100, 97, 100, 96, 100, 98, 96, 100, 96, 96, 97, 99, 98, 101,
    99, 99, 96, 98, 97, 99, 98, 98, 99, 96, 100, 97, 98, 99, 99, 101,
    100, 98, 100, 95, 99, 99, 99, 99, 97, 97, 100, 99, 98, 99, 98, 98,
    102, 99, 101, 101, 100, 100, 98, 101, 99, 100, 101, 98, 98, 103, 101,
    100, 100, 103, 102, 100, 102, 101, 100 ]
