%YAML:1.0
---
videoName: "headNod18.mp4"
gestureLabel: 202
fps: 29
pixelSizeInCmTemp: 3.3263888888888887e-01
faceCenterPointX: 255
faceCenterPointY: 77
headPositionsX: [ 255, 257, 258, 258, 256, 256, 259, 254, 257, 255, 256,
    256, 257, 255, 253, 256, 256, 256, 253, 255, 255, 256, 252, 254, 255,
    255, 257, 254, 255, 256, 256, 257, 253, 254, 257, 258, 255, 257, 255,
    255, 257, 255, 254, 256, 253, 257, 258, 255, 255, 255, 254, 256, 253,
    253, 253, 254, 254, 254, 256, 253, 256, 252, 256, 251, 255, 254, 256,
    255, 256, 253, 253, 252, 253, 256, 256, 252, 252, 256, 255, 254, 256,
    257, 253, 256, 255, 254, 254, 254, 257, 257, 252, 252, 253, 255, 252,
    254, 256, 256, 257, 257 ]
headPositionsY: [ 79, 80, 77, 77, 76, 75, 76, 77, 75, 76, 75, 79, 75, 79,
    77, 76, 79, 79, 80, 77, 79, 77, 75, 80, 77, 76, 77, 79, 79, 78, 78,
    78, 78, 79, 76, 77, 76, 79, 77, 79, 73, 76, 73, 71, 71, 71, 71, 70,
    75, 73, 75, 80, 79, 82, 79, 82, 79, 72, 74, 73, 71, 76, 75, 78, 80,
    83, 78, 80, 75, 73, 76, 73, 76, 78, 81, 84, 84, 79, 79, 77, 75, 78,
    74, 77, 81, 83, 85, 83, 80, 78, 78, 79, 76, 75, 77, 76, 77, 79, 77,
    77 ]
