%YAML:1.0
---
videoName: "headNod5.mp4"
gestureLabel: 202
fps: 29
pixelSizeInCmTemp: 3.1513157894736843e-01
faceCenterPointX: 263
faceCenterPointY: 75
headPositionsX: [ 264, 266, 260, 262, 261, 264, 262, 262, 260, 261, 260,
    260, 264, 264, 261, 265, 263, 264, 262, 264, 266, 268, 267, 265, 264,
    264, 264, 263, 267, 263, 265, 265, 263, 266, 266, 267, 268, 264, 268,
    266, 267, 268, 268, 265, 263, 266, 266, 266, 267, 267, 266, 268, 264,
    262, 265, 265, 262, 263, 262, 265, 265, 262, 265, 266, 266, 265, 265,
    263, 263, 263, 264, 265, 267, 267, 266, 264, 264, 266, 262, 266, 264,
    263, 262, 261, 266, 263, 264, 264, 262, 264, 265, 265, 265, 262, 264,
    260, 264, 261, 260, 261 ]
headPositionsY: [ 73, 76, 75, 73, 72, 74, 74, 76, 73, 75, 77, 74, 73, 75,
    72, 76, 75, 74, 74, 73, 76, 75, 77, 77, 76, 74, 75, 78, 76, 75, 76,
    78, 77, 74, 79, 76, 78, 77, 80, 78, 79, 79, 75, 78, 77, 75, 77, 76,
    77, 77, 80, 80, 82, 81, 86, 81, 79, 78, 76, 76, 76, 78, 82, 84, 87,
    88, 87, 81, 81, 76, 76, 73, 78, 82, 83, 87, 85, 83, 84, 80, 74, 72,
    73, 74, 74, 79, 78, 83, 81, 81, 81, 76, 74, 74, 74, 74, 73, 73, 76,
    72 ]
