%YAML:1.0
---
videoName: "headLookUp9.mp4"
gestureLabel: 205
fps: 29
pixelSizeInCmTemp: 3.3732394366197183e-01
faceCenterPointX: 251
faceCenterPointY: 57
headPositionsX: [ 252, 254, 253, 253, 249, 254, 253, 251, 252, 252, 251,
    250, 251, 250, 251, 253, 249, 253, 252, 253, 254, 250, 253, 252, 253,
    251, 253, 252, 249, 251, 253, 250, 252, 249, 250, 250, 250, 250, 250,
    250, 253, 251, 252, 253, 253, 252, 252, 252, 252, 253, 254, 251, 252,
    252, 250, 249, 251, 251, 252, 249, 250, 253, 252, 251, 250, 250, 253,
    251, 252, 250, 249, 251, 251, 249, 249, 251, 249, 253, 253, 251, 250,
    250, 250, 250, 252, 250, 249, 251, 252, 251, 250, 252, 253, 250, 253,
    253, 249, 249, 252, 253 ]
headPositionsY: [ 55, 72, 72, 75, 71, 73, 72, 74, 74, 73, 76, 74, 76, 75,
    76, 76, 74, 74, 75, 74, 75, 76, 76, 74, 76, 71, 73, 73, 76, 73, 71,
    73, 73, 69, 71, 69, 70, 65, 65, 67, 68, 66, 63, 60, 60, 58, 62, 58,
    60, 58, 57, 57, 59, 59, 60, 57, 57, 59, 56, 55, 61, 55, 57, 60, 55,
    59, 55, 56, 58, 59, 59, 58, 58, 57, 55, 54, 56, 55, 55, 56, 58, 57,
    56, 55, 56, 57, 59, 58, 55, 56, 57, 56, 56, 58, 55, 59, 55, 58, 57,
    54 ]
