%YAML:1.0
---
videoName: "headLookRight8.mp4"
gestureLabel: 204
fps: 29
pixelSizeInCmTemp: 3.1513157894736843e-01
faceCenterPointX: 218
faceCenterPointY: 80
headPositionsX: [ 219, 248, 248, 251, 249, 250, 248, 248, 246, 246, 246,
    249, 245, 247, 244, 245, 247, 248, 245, 247, 248, 247, 246, 245, 248,
    247, 245, 244, 246, 245, 247, 249, 247, 247, 245, 246, 248, 245, 244,
    245, 246, 245, 245, 245, 245, 244, 245, 246, 244, 245, 246, 245, 245,
    246, 246, 247, 244, 246, 248, 248, 245, 246, 248, 248, 245, 245, 243,
    247, 246, 241, 241, 238, 237, 232, 232, 229, 226, 225, 222, 218, 222,
    221, 214, 215, 220, 218, 220, 220, 219, 216, 217, 218, 220, 216, 222,
    219, 220, 216, 218, 219 ]
headPositionsY: [ 79, 74, 72, 72, 75, 73, 72, 75, 72, 75, 77, 73, 74, 77,
    75, 76, 78, 77, 73, 74, 74, 77, 77, 76, 78, 76, 76, 76, 75, 74, 75,
    76, 75, 76, 76, 79, 79, 76, 74, 75, 78, 77, 77, 75, 77, 76, 78, 77,
    77, 76, 76, 77, 78, 77, 78, 76, 76, 77, 76, 77, 75, 77, 79, 75, 77,
    78, 76, 76, 76, 76, 79, 76, 76, 75, 78, 73, 77, 76, 72, 72, 73, 80,
    74, 82, 74, 79, 79, 78, 78, 78, 78, 79, 78, 76, 75, 82, 79, 81, 78,
    80 ]
