%YAML:1.0
---
videoName: "headLookDown4.mp4"
gestureLabel: 206
fps: 29
pixelSizeInCmTemp: 3.4710144927536229e-01
faceCenterPointX: 275
faceCenterPointY: 97
headPositionsX: [ 275, 274, 273, 272, 273, 272, 271, 273, 275, 275, 276,
    273, 271, 270, 275, 275, 276, 271, 271, 272, 274, 274, 273, 272, 272,
    274, 271, 272, 270, 272, 275, 271, 271, 274, 276, 272, 271, 270, 273,
    271, 273, 272, 275, 272, 275, 273, 275, 272, 273, 276, 274, 274, 276,
    271, 273, 272, 272, 275, 276, 274, 272, 272, 274, 273, 272, 276, 272,
    274, 275, 273, 275, 276, 272, 274, 272, 276, 272, 273, 273, 273, 276,
    274, 275, 273, 277, 273, 274, 275, 273, 275, 272, 272, 274, 274, 274,
    273, 277, 273, 275, 276 ]
headPositionsY: [ 95, 83, 80, 82, 81, 82, 79, 80, 82, 83, 82, 81, 78, 81,
    79, 80, 80, 78, 81, 80, 79, 81, 81, 81, 83, 82, 79, 80, 79, 80, 81,
    81, 82, 84, 84, 82, 86, 84, 87, 89, 89, 88, 90, 89, 93, 90, 92, 96,
    93, 96, 95, 95, 97, 96, 99, 102, 103, 101, 102, 99, 99, 99, 98, 99,
    99, 100, 100, 98, 100, 98, 97, 97, 97, 96, 99, 95, 98, 96, 96, 96,
    99, 96, 97, 95, 96, 99, 96, 95, 98, 96, 97, 97, 97, 97, 95, 95, 99,
    95, 99, 99 ]
