%YAML:1.0
---
videoName: "headShake33.mp4"
gestureLabel: 201
fps: 29
pixelSizeInCmTemp: 3.2364864864864862e-01
faceCenterPointX: 244
faceCenterPointY: 84
headPositionsX: [ 245, 245, 246, 246, 244, 245, 244, 245, 246, 247, 244,
    244, 245, 245, 245, 245, 245, 246, 246, 245, 247, 249, 250, 249, 250,
    255, 255, 258, 261, 262, 264, 260, 264, 261, 260, 257, 253, 251, 247,
    241, 239, 234, 234, 229, 230, 226, 224, 228, 228, 234, 234, 239, 243,
    245, 251, 251, 254, 260, 258, 259, 258, 257, 260, 254, 254, 250, 247,
    246, 243, 236, 235, 232, 234, 233, 234, 235, 232, 234, 237, 237, 239,
    239, 242, 242, 243, 244, 247, 248, 247, 249, 245, 248, 246, 244, 247,
    243, 243, 242, 246, 245 ]
headPositionsY: [ 83, 83, 80, 82, 84, 81, 83, 84, 81, 82, 82, 80, 81, 84,
    82, 81, 83, 85, 83, 80, 83, 83, 85, 81, 84, 84, 83, 81, 83, 79, 79,
    79, 83, 81, 83, 84, 86, 85, 80, 81, 81, 85, 84, 80, 80, 84, 82, 80,
    81, 83, 82, 81, 85, 84, 82, 83, 81, 79, 79, 81, 80, 82, 80, 82, 83,
    86, 83, 84, 82, 81, 84, 83, 80, 84, 82, 83, 83, 82, 83, 85, 82, 83,
    82, 83, 85, 85, 84, 83, 81, 82, 83, 84, 84, 85, 83, 83, 83, 81, 83,
    83 ]
