%YAML:1.0
---
videoName: "headNod3.mp4"
gestureLabel: 202
fps: 29
pixelSizeInCmTemp: 3.1933333333333330e-01
faceCenterPointX: 264
faceCenterPointY: 76
headPositionsX: [ 263, 262, 265, 261, 265, 264, 263, 265, 264, 264, 267,
    268, 267, 264, 264, 266, 266, 266, 265, 263, 264, 267, 263, 265, 266,
    267, 263, 267, 264, 264, 263, 268, 265, 266, 266, 267, 264, 267, 265,
    268, 265, 264, 268, 264, 265, 266, 265, 265, 268, 263, 266, 267, 265,
    267, 265, 261, 264, 262, 265, 262, 264, 262, 263, 266, 262, 266, 266,
    266, 262, 264, 266, 263, 263, 265, 265, 264, 265, 265, 265, 263, 261,
    262, 263, 266, 263, 264, 263, 261, 264, 262, 263, 262, 262, 265, 263,
    266, 265, 263, 266, 265 ]
headPositionsY: [ 76, 74, 77, 76, 75, 75, 74, 77, 75, 73, 73, 75, 75, 75,
    71, 72, 74, 75, 75, 74, 73, 73, 72, 73, 71, 71, 76, 72, 72, 74, 73,
    75, 74, 75, 74, 73, 74, 75, 75, 72, 73, 72, 73, 73, 72, 68, 67, 67,
    65, 67, 68, 70, 71, 73, 77, 81, 83, 84, 82, 77, 76, 73, 71, 68, 65,
    65, 68, 71, 73, 80, 79, 82, 80, 82, 77, 73, 71, 67, 65, 67, 66, 65,
    67, 71, 71, 76, 75, 77, 82, 80, 78, 79, 79, 79, 76, 78, 74, 74, 73,
    74 ]
