%YAML:1.0
---
videoName: "headShake48.mp4"
gestureLabel: 201
fps: 29
pixelSizeInCmTemp: 3.1103896103896100e-01
faceCenterPointX: 258
faceCenterPointY: 85
headPositionsX: [ 258, 259, 262, 258, 256, 261, 260, 258, 257, 257, 257,
    259, 260, 260, 259, 259, 258, 258, 261, 261, 262, 261, 257, 258, 259,
    261, 256, 259, 259, 258, 259, 257, 258, 257, 262, 264, 264, 270, 273,
    274, 274, 272, 271, 269, 261, 256, 252, 247, 247, 247, 253, 257, 264,
    269, 268, 267, 264, 259, 257, 249, 251, 250, 253, 259, 260, 265, 265,
    266, 263, 261, 256, 254, 252, 246, 251, 250, 254, 260, 264, 263, 266,
    263, 266, 264, 260, 259, 261, 259, 259, 258, 261, 260, 258, 259, 258,
    258, 260, 257, 260, 258 ]
headPositionsY: [ 87, 77, 80, 81, 77, 78, 79, 77, 79, 78, 82, 79, 81, 82,
    83, 78, 81, 79, 81, 80, 80, 79, 82, 82, 83, 80, 83, 82, 80, 83, 84,
    83, 83, 82, 80, 84, 84, 83, 84, 80, 84, 83, 83, 83, 86, 81, 82, 81,
    83, 82, 86, 83, 85, 87, 87, 84, 85, 84, 85, 86, 85, 85, 83, 85, 85,
    87, 85, 87, 86, 88, 85, 85, 86, 85, 84, 85, 88, 88, 87, 88, 84, 84,
    85, 84, 87, 86, 86, 85, 89, 86, 85, 84, 86, 84, 86, 87, 86, 84, 84,
    85 ]
