%YAML:1.0
---
videoName: "headShake8.mp4"
gestureLabel: 201
fps: 29
pixelSizeInCmTemp: 3.2364864864864862e-01
faceCenterPointX: 243
faceCenterPointY: 72
headPositionsX: [ 243, 242, 246, 245, 242, 246, 243, 242, 245, 243, 241,
    244, 244, 245, 242, 241, 244, 241, 245, 243, 244, 243, 244, 244, 242,
    245, 243, 242, 242, 245, 242, 243, 243, 243, 248, 249, 253, 256, 259,
    265, 267, 267, 264, 263, 257, 251, 246, 238, 237, 231, 229, 230, 234,
    239, 246, 247, 254, 261, 258, 257, 258, 253, 250, 246, 244, 236, 233,
    234, 237, 232, 233, 238, 241, 240, 244, 246, 248, 248, 247, 250, 248,
    250, 249, 248, 249, 250, 250, 249, 246, 243, 244, 243, 243, 242, 242,
    242, 244, 242, 242, 245 ]
headPositionsY: [ 71, 72, 70, 73, 74, 71, 74, 74, 72, 74, 72, 71, 70, 74,
    72, 71, 73, 70, 71, 70, 72, 71, 69, 71, 72, 72, 73, 72, 72, 70, 72,
    70, 70, 71, 70, 73, 70, 72, 68, 72, 71, 72, 71, 73, 70, 72, 71, 71,
    69, 71, 73, 72, 73, 73, 71, 73, 68, 72, 67, 72, 72, 69, 69, 71, 72,
    73, 70, 73, 74, 74, 72, 71, 72, 73, 71, 74, 74, 73, 70, 73, 74, 72,
    70, 73, 73, 70, 70, 74, 69, 72, 69, 72, 69, 71, 70, 69, 73, 70, 73,
    71 ]
