%YAML:1.0
---
videoName: "headShake5.mp4"
gestureLabel: 201
fps: 30
pixelSizeInCmTemp: 3.3263888888888887e-01
faceCenterPointX: 275
faceCenterPointY: 73
headPositionsX: [ 275, 278, 279, 277, 280, 276, 277, 279, 278, 279, 278,
    276, 280, 275, 277, 277, 276, 275, 278, 279, 277, 278, 280, 275, 278,
    278, 280, 278, 276, 279, 278, 278, 279, 279, 283, 285, 287, 292, 294,
    298, 295, 295, 292, 284, 280, 273, 265, 265, 262, 262, 267, 275, 280,
    287, 289, 288, 288, 286, 281, 276, 268, 261, 260, 264, 268, 268, 273,
    279, 281, 283, 286, 284, 282, 280, 272, 272, 270, 265, 267, 265, 270,
    273, 273, 276, 279, 283, 280, 282, 282, 279, 281, 281, 278, 274, 273,
    273, 273, 274, 275, 274 ]
headPositionsY: [ 72, 72, 75, 73, 73, 72, 76, 71, 75, 74, 74, 74, 75, 72,
    74, 74, 74, 75, 72, 75, 72, 75, 75, 72, 75, 75, 73, 72, 76, 73, 75,
    71, 72, 71, 74, 72, 71, 71, 71, 71, 71, 74, 72, 72, 76, 74, 73, 74,
    74, 75, 72, 75, 75, 74, 73, 73, 76, 74, 75, 77, 78, 76, 72, 75, 75,
    75, 76, 75, 71, 76, 73, 73, 72, 75, 76, 72, 74, 72, 70, 73, 73, 73,
    71, 73, 74, 75, 71, 72, 71, 70, 71, 71, 73, 71, 73, 71, 71, 74, 75,
    71 ]
