%YAML:1.0
---
videoName: "headShake12.mp4"
gestureLabel: 201
fps: 29
pixelSizeInCmTemp: 3.2808219178082193e-01
faceCenterPointX: 241
faceCenterPointY: 76
headPositionsX: [ 240, 242, 239, 241, 240, 243, 243, 241, 242, 240, 245,
    242, 242, 243, 242, 241, 241, 240, 241, 243, 239, 242, 240, 240, 243,
    242, 240, 243, 240, 243, 243, 242, 243, 244, 239, 240, 243, 243, 241,
    242, 242, 239, 243, 242, 242, 240, 240, 241, 244, 242, 240, 242, 243,
    243, 241, 241, 240, 241, 245, 246, 246, 253, 253, 258, 257, 258, 257,
    252, 249, 243, 238, 234, 232, 234, 239, 239, 246, 248, 251, 252, 251,
    250, 248, 245, 240, 239, 238, 236, 234, 235, 240, 239, 241, 239, 241,
    241, 237, 240, 238, 239 ]
headPositionsY: [ 77, 74, 71, 73, 74, 74, 72, 73, 74, 75, 71, 76, 73, 74,
    73, 74, 72, 74, 75, 73, 72, 73, 75, 74, 72, 73, 73, 76, 72, 73, 72,
    73, 74, 74, 73, 76, 74, 76, 73, 75, 76, 75, 72, 75, 72, 75, 73, 74,
    73, 76, 74, 76, 75, 76, 72, 74, 73, 76, 75, 73, 74, 75, 72, 73, 74,
    73, 73, 72, 78, 77, 78, 78, 74, 78, 78, 75, 78, 74, 77, 75, 77, 76,
    78, 77, 74, 74, 77, 78, 76, 77, 75, 75, 75, 76, 75, 77, 77, 74, 79,
    76 ]
