%YAML:1.0
---
videoName: "headNod44.mp4"
gestureLabel: 202
fps: 29
pixelSizeInCmTemp: 2.9567901234567900e-01
faceCenterPointX: 268
faceCenterPointY: 78
headPositionsX: [ 267, 270, 269, 268, 267, 268, 270, 267, 268, 268, 269,
    269, 270, 271, 268, 269, 270, 266, 268, 270, 267, 267, 269, 267, 268,
    266, 268, 266, 265, 266, 269, 269, 266, 265, 267, 270, 265, 269, 264,
    268, 265, 266, 267, 267, 268, 265, 266, 268, 265, 266, 269, 270, 266,
    266, 265, 266, 267, 270, 269, 268, 269, 267, 265, 270, 266, 267, 269,
    267, 270, 270, 269, 270, 271, 266, 269, 267, 271, 270, 270, 270, 268,
    268, 269, 266, 266, 268, 268, 270, 268, 270, 270, 268, 268, 265, 266,
    270, 266, 267, 269, 266 ]
headPositionsY: [ 79, 76, 77, 72, 73, 76, 72, 75, 72, 76, 76, 75, 75, 76,
    77, 74, 73, 79, 77, 82, 84, 89, 93, 95, 94, 95, 89, 86, 79, 76, 71,
    69, 67, 68, 71, 77, 81, 85, 84, 89, 87, 86, 82, 77, 74, 73, 72, 74,
    78, 81, 84, 87, 90, 90, 85, 84, 77, 74, 77, 73, 73, 76, 79, 84, 85,
    83, 82, 83, 79, 80, 78, 79, 75, 80, 78, 80, 83, 86, 86, 87, 82, 80,
    80, 79, 76, 78, 74, 77, 77, 76, 78, 81, 78, 76, 76, 79, 75, 78, 77,
    77 ]
