%YAML:1.0
---
videoName: "headNod6.mp4"
gestureLabel: 202
fps: 29
pixelSizeInCmTemp: 3.1513157894736843e-01
faceCenterPointX: 262
faceCenterPointY: 73
headPositionsX: [ 262, 261, 260, 260, 261, 260, 260, 260, 265, 260, 262,
    262, 264, 262, 262, 261, 263, 263, 265, 262, 264, 262, 260, 262, 262,
    262, 263, 263, 261, 261, 262, 263, 262, 263, 264, 264, 264, 264, 264,
    262, 264, 261, 261, 263, 264, 260, 260, 261, 262, 262, 261, 262, 262,
    260, 260, 263, 261, 258, 261, 261, 259, 259, 259, 259, 259, 261, 258,
    260, 262, 259, 262, 261, 262, 261, 260, 260, 261, 258, 260, 262, 259,
    260, 261, 263, 263, 262, 259, 261, 260, 264, 264, 260, 262, 260, 263,
    260, 264, 261, 261, 260 ]
headPositionsY: [ 74, 73, 72, 74, 76, 72, 76, 73, 72, 73, 75, 72, 74, 75,
    72, 76, 75, 71, 76, 72, 73, 73, 73, 74, 75, 75, 75, 73, 75, 72, 72,
    73, 69, 68, 65, 66, 64, 65, 68, 70, 73, 78, 80, 83, 85, 79, 79, 72,
    69, 67, 68, 70, 71, 78, 82, 84, 84, 79, 79, 71, 68, 68, 66, 68, 73,
    73, 78, 83, 84, 83, 78, 76, 71, 70, 65, 65, 67, 67, 72, 75, 77, 85,
    82, 81, 79, 77, 74, 75, 72, 68, 69, 67, 70, 69, 70, 72, 72, 72, 73,
    72 ]
