%YAML:1.0
---
videoName: "headNod21.mp4"
gestureLabel: 202
fps: 29
pixelSizeInCmTemp: 3.2808219178082193e-01
faceCenterPointX: 253
faceCenterPointY: 78
headPositionsX: [ 253, 254, 253, 254, 256, 253, 256, 254, 254, 257, 256,
    256, 253, 257, 253, 257, 253, 254, 255, 252, 255, 255, 255, 257, 255,
    257, 254, 256, 258, 255, 254, 258, 256, 256, 258, 258, 257, 258, 254,
    258, 254, 257, 256, 254, 256, 256, 252, 256, 255, 254, 253, 256, 254,
    253, 256, 253, 252, 255, 253, 253, 253, 252, 254, 255, 253, 254, 250,
    253, 250, 252, 254, 249, 253, 249, 251, 250, 248, 249, 250, 250, 252,
    253, 251, 253, 252, 250, 252, 252, 252, 254, 253, 252, 251, 251, 252,
    253, 252, 253, 254, 254 ]
headPositionsY: [ 78, 79, 79, 80, 80, 79, 80, 76, 80, 76, 79, 79, 77, 76,
    80, 81, 81, 81, 76, 79, 78, 78, 76, 78, 82, 80, 80, 80, 80, 81, 83,
    85, 81, 78, 76, 79, 75, 76, 73, 78, 81, 80, 83, 83, 83, 79, 75, 75,
    79, 77, 82, 83, 84, 84, 82, 80, 78, 78, 78, 79, 81, 82, 84, 82, 85,
    82, 78, 78, 78, 78, 75, 80, 78, 81, 83, 85, 81, 81, 80, 76, 76, 78,
    78, 81, 81, 79, 80, 81, 77, 78, 81, 78, 77, 79, 80, 78, 80, 81, 77,
    78 ]
