%YAML:1.0
---
videoName: "headNod10.mp4"
gestureLabel: 202
fps: 29
pixelSizeInCmTemp: 3.2808219178082193e-01
faceCenterPointX: 260
faceCenterPointY: 67
headPositionsX: [ 259, 261, 258, 256, 256, 256, 256, 256, 257, 256, 258,
    259, 257, 257, 256, 257, 258, 256, 260, 260, 259, 260, 261, 257, 258,
    257, 257, 259, 258, 259, 261, 258, 259, 261, 258, 259, 261, 260, 261,
    259, 258, 257, 259, 260, 262, 263, 260, 258, 262, 262, 263, 260, 259,
    262, 258, 259, 256, 259, 261, 260, 259, 261, 260, 263, 259, 259, 262,
    259, 259, 262, 258, 257, 259, 256, 261, 257, 257, 261, 259, 260, 257,
    257, 256, 260, 259, 257, 258, 259, 262, 260, 258, 261, 258, 258, 261,
    262, 258, 263, 260, 260 ]
headPositionsY: [ 69, 70, 71, 72, 71, 71, 69, 72, 69, 71, 71, 71, 68, 72,
    71, 71, 71, 71, 71, 68, 68, 71, 71, 68, 72, 69, 71, 69, 72, 68, 71,
    69, 73, 73, 69, 71, 71, 68, 71, 70, 70, 72, 70, 68, 68, 68, 64, 64,
    62, 62, 63, 67, 68, 72, 75, 74, 72, 72, 70, 65, 64, 64, 64, 66, 66,
    71, 73, 72, 78, 77, 74, 75, 69, 65, 67, 65, 66, 68, 70, 73, 77, 74,
    75, 75, 69, 72, 69, 69, 69, 68, 65, 68, 68, 65, 66, 65, 67, 70, 67,
    69 ]
