%YAML:1.0
---
videoName: "headNod25.mp4"
gestureLabel: 202
fps: 29
pixelSizeInCmTemp: 3.1933333333333330e-01
faceCenterPointX: 270
faceCenterPointY: 75
headPositionsX: [ 270, 270, 272, 269, 271, 272, 269, 269, 270, 268, 271,
    268, 266, 270, 272, 267, 271, 270, 273, 270, 270, 271, 270, 272, 273,
    273, 272, 271, 273, 272, 275, 271, 274, 270, 274, 275, 273, 274, 271,
    271, 273, 271, 272, 271, 273, 274, 269, 272, 270, 272, 270, 273, 269,
    273, 270, 273, 274, 274, 272, 269, 270, 271, 271, 270, 269, 272, 271,
    270, 268, 271, 271, 269, 270, 271, 271, 269, 268, 272, 271, 270, 273,
    272, 272, 272, 270, 272, 269, 273, 270, 273, 270, 272, 269, 271, 269,
    273, 268, 271, 268, 268 ]
headPositionsY: [ 75, 72, 71, 72, 75, 72, 73, 72, 75, 75, 75, 76, 72, 73,
    72, 74, 75, 76, 74, 73, 76, 73, 76, 74, 76, 74, 76, 72, 76, 75, 74,
    74, 77, 73, 76, 77, 74, 76, 74, 77, 73, 77, 75, 76, 73, 76, 76, 74,
    74, 73, 68, 69, 66, 63, 62, 65, 68, 67, 66, 71, 69, 73, 80, 84, 87,
    89, 90, 87, 85, 81, 78, 73, 72, 72, 70, 66, 67, 69, 70, 69, 73, 79,
    78, 81, 79, 81, 78, 78, 78, 78, 75, 76, 73, 76, 74, 78, 73, 75, 74,
    76 ]
