%YAML:1.0
---
videoName: "headNod34.mp4"
gestureLabel: 202
fps: 29
pixelSizeInCmTemp: 2.9567901234567900e-01
faceCenterPointX: 266
faceCenterPointY: 78
headPositionsX: [ 266, 270, 271, 268, 267, 270, 272, 269, 269, 266, 270,
    269, 270, 268, 267, 267, 271, 267, 271, 268, 267, 267, 268, 270, 268,
    270, 268, 269, 270, 267, 269, 268, 268, 270, 267, 267, 267, 268, 272,
    270, 272, 271, 271, 270, 272, 271, 268, 270, 268, 271, 267, 270, 269,
    269, 269, 268, 271, 272, 271, 269, 269, 271, 272, 272, 270, 269, 268,
    269, 271, 271, 269, 268, 269, 265, 267, 269, 269, 264, 265, 264, 268,
    268, 263, 265, 267, 265, 268, 267, 266, 267, 268, 264, 267, 266, 266,
    265, 268, 265, 268, 265 ]
headPositionsY: [ 77, 74, 75, 78, 75, 75, 78, 75, 78, 74, 79, 78, 76, 78,
    75, 78, 78, 74, 78, 73, 79, 74, 79, 78, 77, 78, 76, 75, 78, 76, 78,
    75, 75, 78, 77, 76, 75, 73, 72, 70, 69, 72, 74, 76, 83, 82, 91, 85,
    85, 85, 82, 77, 73, 73, 74, 74, 75, 79, 81, 84, 84, 84, 80, 77, 81,
    78, 75, 81, 80, 79, 83, 84, 86, 81, 80, 81, 79, 75, 75, 77, 80, 80,
    84, 82, 83, 82, 82, 81, 79, 77, 76, 80, 77, 82, 81, 81, 78, 81, 79,
    82 ]
