%YAML:1.0
---
videoName: "headShake32.mp4"
gestureLabel: 201
fps: 29
pixelSizeInCmTemp: 3.2808219178082193e-01
faceCenterPointX: 237
faceCenterPointY: 77
headPositionsX: [ 238, 236, 238, 237, 235, 240, 238, 237, 237, 238, 236,
    239, 240, 239, 240, 238, 241, 241, 239, 241, 241, 242, 242, 240, 238,
    240, 239, 242, 239, 241, 237, 239, 240, 241, 241, 237, 239, 240, 241,
    240, 243, 243, 245, 247, 248, 250, 248, 253, 251, 250, 249, 250, 244,
    241, 243, 241, 239, 234, 235, 230, 228, 228, 225, 229, 227, 226, 227,
    230, 229, 233, 233, 235, 242, 242, 246, 248, 246, 252, 247, 248, 248,
    248, 248, 243, 242, 243, 239, 241, 241, 239, 238, 238, 239, 238, 239,
    236, 238, 236, 240, 237 ]
headPositionsY: [ 77, 73, 75, 73, 72, 74, 73, 72, 75, 72, 72, 76, 71, 71,
    74, 75, 76, 73, 71, 72, 76, 75, 76, 73, 74, 77, 76, 73, 77, 75, 75,
    74, 73, 73, 77, 76, 72, 74, 72, 76, 72, 73, 76, 71, 71, 71, 74, 71,
    71, 75, 73, 73, 75, 78, 74, 78, 75, 74, 77, 77, 74, 73, 74, 77, 76,
    74, 77, 77, 74, 75, 78, 76, 75, 74, 74, 74, 75, 73, 76, 77, 77, 78,
    77, 75, 77, 77, 76, 77, 79, 78, 76, 80, 79, 76, 77, 80, 79, 75, 77,
    76 ]
