%YAML:1.0
---
videoName: "headLookUp9.mp4"
gestureLabel: 205
fps: 29
pixelSizeInCmTemp: 3.3732394366197183e-01
faceCenterPointX: 251
faceCenterPointY: 57
headPositionsX: [ 251, 252, 250, 251, 250, 250, 251, 249, 252, 254, 253,
    252, 252, 250, 251, 249, 252, 250, 252, 250, 253, 253, 253, 249, 252,
    249, 252, 253, 249, 251, 250, 252, 250, 252, 254, 250, 252, 250, 254,
    250, 249, 251, 249, 249, 253, 249, 252, 249, 249, 252, 251, 251, 250,
    251, 251, 251, 253, 249, 251, 252, 250, 253, 251, 252, 250, 253, 250,
    250, 252, 252, 251, 251, 253, 251, 253, 249, 251, 249, 251, 253, 251,
    252, 251, 251, 253, 249, 252, 249, 252, 249, 253, 254, 251, 252, 249,
    250, 250, 253, 251, 252 ]
headPositionsY: [ 57, 72, 73, 72, 73, 73, 76, 76, 73, 77, 76, 73, 74, 76,
    75, 76, 75, 73, 75, 74, 72, 75, 73, 75, 76, 75, 72, 75, 73, 75, 71,
    74, 73, 71, 71, 70, 67, 68, 67, 64, 66, 63, 62, 62, 62, 58, 62, 58,
    60, 60, 56, 58, 61, 60, 58, 60, 59, 59, 55, 57, 59, 55, 59, 56, 59,
    57, 56, 57, 58, 60, 57, 57, 56, 55, 55, 54, 58, 59, 58, 55, 56, 55,
    58, 56, 56, 57, 57, 57, 59, 55, 58, 55, 57, 60, 56, 59, 54, 56, 58,
    56 ]
