%YAML:1.0
---
videoName: "headNod21.mp4"
gestureLabel: 202
fps: 29
pixelSizeInCmTemp: 3.2808219178082193e-01
faceCenterPointX: 253
faceCenterPointY: 78
headPositionsX: [ 253, 257, 255, 257, 253, 253, 255, 257, 256, 253, 257,
    256, 257, 257, 256, 257, 257, 256, 256, 255, 253, 255, 257, 253, 255,
    254, 255, 254, 254, 253, 256, 254, 257, 254, 257, 256, 255, 256, 257,
    254, 253, 258, 256, 254, 257, 256, 254, 255, 257, 256, 253, 255, 253,
    254, 255, 255, 254, 252, 253, 255, 255, 254, 255, 252, 250, 254, 251,
    250, 250, 251, 252, 253, 250, 251, 249, 250, 247, 251, 250, 251, 251,
    253, 249, 251, 253, 252, 255, 254, 251, 251, 254, 253, 255, 251, 253,
    256, 253, 256, 254, 253 ]
headPositionsY: [ 78, 78, 79, 79, 77, 79, 79, 76, 77, 76, 79, 78, 80, 80,
    77, 77, 80, 80, 76, 80, 77, 78, 78, 79, 81, 77, 81, 78, 78, 83, 82,
    82, 80, 80, 79, 77, 73, 75, 74, 78, 80, 81, 85, 83, 83, 82, 78, 77,
    79, 77, 81, 83, 84, 84, 86, 82, 81, 75, 75, 79, 80, 83, 81, 83, 85,
    79, 81, 80, 75, 77, 75, 76, 82, 82, 82, 84, 82, 81, 79, 78, 76, 77,
    76, 79, 81, 79, 79, 78, 81, 78, 80, 80, 79, 77, 78, 82, 78, 79, 81,
    80 ]
