%YAML:1.0
---
videoName: "headShake8.mp4"
gestureLabel: 201
fps: 29
pixelSizeInCmTemp: 3.2364864864864862e-01
faceCenterPointX: 243
faceCenterPointY: 72
headPositionsX: [ 242, 242, 243, 242, 243, 243, 244, 246, 245, 246, 242,
    242, 241, 243, 243, 241, 245, 244, 242, 243, 245, 246, 242, 243, 244,
    245, 245, 242, 243, 241, 240, 243, 243, 243, 248, 251, 250, 257, 259,
    262, 265, 264, 263, 263, 254, 250, 246, 239, 236, 235, 230, 232, 230,
    236, 245, 250, 252, 259, 257, 257, 257, 254, 251, 246, 240, 240, 235,
    236, 237, 232, 234, 237, 240, 242, 245, 244, 248, 249, 251, 248, 248,
    251, 252, 248, 251, 251, 250, 245, 245, 244, 247, 246, 244, 241, 242,
    243, 242, 245, 245, 243 ]
headPositionsY: [ 70, 70, 71, 73, 74, 74, 73, 72, 69, 70, 73, 74, 73, 71,
    73, 70, 71, 70, 69, 74, 70, 70, 73, 72, 71, 72, 71, 70, 72, 73, 71,
    71, 71, 71, 73, 73, 68, 71, 71, 71, 71, 70, 72, 72, 70, 73, 74, 69,
    71, 70, 71, 69, 73, 70, 72, 73, 70, 71, 71, 70, 71, 70, 69, 69, 74,
    73, 73, 73, 74, 71, 72, 71, 72, 70, 73, 73, 75, 69, 73, 70, 74, 70,
    72, 72, 73, 74, 69, 73, 73, 73, 71, 73, 73, 73, 74, 70, 71, 70, 73,
    71 ]
