%YAML:1.0
---
videoName: "headShake26.mp4"
gestureLabel: 201
fps: 30
pixelSizeInCmTemp: 3.2808219178082193e-01
faceCenterPointX: 243
faceCenterPointY: 78
headPositionsX: [ 242, 240, 239, 240, 238, 243, 245, 246, 249, 248, 251,
    249, 250, 252, 251, 252, 250, 247, 248, 247, 240, 235, 236, 234, 231,
    231, 228, 230, 232, 233, 230, 235, 237, 243, 246, 248, 249, 251, 251,
    255, 254, 250, 251, 248, 246, 242, 239, 236, 235, 231, 230, 231, 231,
    229, 230, 232, 237, 239, 241, 246, 250, 249, 251, 253, 250, 253, 250,
    251, 247, 249, 244, 241, 240, 238, 238, 238, 234, 238, 234, 235, 237,
    236, 240, 237, 238, 242, 242, 242, 242, 244, 244, 245, 244, 242, 247,
    241, 246, 246, 245, 244 ]
headPositionsY: [ 79, 78, 75, 76, 74, 79, 79, 77, 78, 75, 80, 79, 79, 79,
    79, 78, 76, 78, 79, 80, 78, 78, 75, 75, 79, 77, 76, 78, 74, 77, 77,
    75, 77, 77, 78, 76, 75, 77, 75, 75, 78, 80, 75, 80, 79, 78, 80, 76,
    75, 76, 76, 76, 77, 79, 78, 77, 78, 80, 79, 77, 78, 75, 76, 77, 78,
    78, 77, 79, 78, 78, 77, 80, 78, 81, 77, 81, 77, 76, 80, 79, 80, 77,
    81, 79, 76, 78, 81, 79, 80, 78, 80, 77, 81, 80, 77, 81, 80, 77, 81,
    81 ]
