%YAML:1.0
---
videoName: "headShake21.mp4"
gestureLabel: 201
fps: 29
pixelSizeInCmTemp: 3.1933333333333330e-01
faceCenterPointX: 241
faceCenterPointY: 78
headPositionsX: [ 239, 245, 242, 242, 243, 242, 241, 241, 239, 241, 239,
    243, 241, 241, 241, 242, 242, 243, 243, 244, 241, 242, 241, 241, 245,
    244, 246, 245, 243, 242, 243, 241, 244, 244, 241, 245, 241, 241, 245,
    243, 241, 240, 242, 241, 243, 242, 241, 242, 241, 242, 241, 240, 242,
    241, 240, 240, 243, 241, 244, 242, 240, 242, 241, 242, 242, 240, 239,
    243, 247, 246, 249, 253, 249, 248, 244, 242, 237, 235, 234, 235, 234,
    236, 240, 242, 240, 240, 242, 242, 238, 238, 238, 240, 238, 236, 241,
    240, 242, 243, 244, 243 ]
headPositionsY: [ 80, 83, 83, 79, 76, 75, 76, 75, 70, 73, 71, 73, 70, 72,
    68, 72, 71, 72, 70, 70, 72, 73, 71, 73, 75, 73, 74, 76, 77, 76, 73,
    78, 77, 75, 74, 76, 75, 78, 78, 75, 76, 76, 76, 78, 79, 76, 76, 78,
    76, 80, 78, 78, 76, 77, 77, 78, 78, 75, 80, 80, 75, 79, 75, 76, 78,
    81, 79, 77, 80, 76, 77, 76, 79, 77, 80, 79, 81, 77, 79, 79, 76, 77,
    78, 77, 78, 79, 77, 77, 80, 80, 78, 80, 80, 76, 80, 76, 81, 77, 79,
    77 ]
