%YAML:1.0
---
videoName: "headNod9.mp4"
gestureLabel: 202
fps: 29
pixelSizeInCmTemp: 3.1513157894736843e-01
faceCenterPointX: 261
faceCenterPointY: 75
headPositionsX: [ 259, 260, 261, 261, 262, 263, 259, 263, 262, 259, 261,
    260, 261, 261, 259, 259, 263, 258, 260, 260, 259, 259, 260, 261, 260,
    259, 259, 262, 262, 260, 263, 259, 259, 261, 260, 259, 259, 261, 260,
    261, 261, 260, 260, 262, 259, 258, 259, 258, 262, 260, 258, 259, 260,
    258, 260, 260, 260, 259, 261, 261, 261, 259, 261, 258, 262, 258, 262,
    263, 262, 258, 258, 257, 258, 260, 262, 260, 259, 261, 260, 257, 256,
    261, 256, 257, 260, 257, 257, 256, 256, 259, 262, 259, 258, 259, 259,
    259, 261, 261, 259, 260 ]
headPositionsY: [ 74, 74, 74, 73, 77, 77, 76, 75, 77, 76, 75, 75, 78, 76,
    73, 75, 75, 74, 73, 75, 75, 73, 76, 75, 77, 77, 77, 77, 74, 74, 78,
    75, 81, 79, 81, 78, 78, 73, 77, 73, 75, 72, 78, 79, 85, 87, 84, 86,
    80, 78, 74, 74, 75, 80, 84, 82, 84, 84, 81, 80, 73, 73, 72, 72, 78,
    79, 80, 85, 81, 81, 79, 75, 73, 72, 72, 74, 70, 73, 75, 81, 79, 84,
    80, 81, 81, 76, 77, 77, 75, 71, 72, 74, 72, 72, 74, 76, 73, 74, 76,
    75 ]
