%YAML:1.0
---
videoName: "headShake13.mp4"
gestureLabel: 201
fps: 29
pixelSizeInCmTemp: 3.2364864864864862e-01
faceCenterPointX: 241
faceCenterPointY: 77
headPositionsX: [ 239, 239, 242, 243, 239, 242, 243, 239, 242, 240, 241,
    244, 240, 239, 243, 242, 244, 242, 242, 239, 240, 240, 243, 240, 241,
    242, 241, 241, 243, 241, 238, 241, 237, 240, 241, 250, 252, 254, 259,
    260, 263, 260, 257, 257, 250, 241, 236, 234, 230, 228, 229, 232, 235,
    237, 244, 248, 247, 249, 251, 246, 242, 242, 237, 234, 232, 232, 234,
    232, 239, 241, 246, 248, 251, 253, 248, 253, 250, 245, 239, 239, 238,
    231, 235, 232, 232, 235, 236, 238, 244, 242, 242, 242, 243, 244, 244,
    244, 243, 241, 242, 240 ]
headPositionsY: [ 75, 78, 74, 76, 77, 74, 75, 76, 77, 76, 74, 77, 74, 76,
    77, 77, 77, 79, 75, 75, 76, 78, 76, 75, 75, 77, 77, 77, 76, 77, 74,
    75, 75, 76, 77, 78, 77, 73, 75, 76, 74, 73, 76, 78, 78, 77, 75, 77,
    75, 77, 77, 76, 77, 79, 75, 78, 74, 75, 78, 77, 76, 76, 78, 75, 75,
    76, 74, 78, 79, 78, 74, 74, 75, 78, 76, 74, 77, 76, 77, 77, 78, 74,
    76, 75, 75, 75, 74, 74, 75, 75, 74, 73, 77, 75, 76, 77, 79, 76, 76,
    76 ]
