%YAML:1.0
---
videoName: "headLookDown1.mp4"
gestureLabel: 206
fps: 29
pixelSizeInCmTemp: 3.4710144927536229e-01
faceCenterPointX: 271
faceCenterPointY: 97
headPositionsX: [ 273, 270, 268, 270, 271, 270, 270, 271, 272, 272, 271,
    272, 269, 269, 269, 271, 271, 271, 270, 269, 270, 270, 270, 273, 272,
    272, 271, 271, 273, 269, 270, 271, 269, 269, 269, 271, 273, 269, 271,
    269, 271, 270, 269, 269, 269, 270, 273, 270, 270, 273, 273, 269, 269,
    271, 270, 272, 270, 272, 271, 270, 269, 269, 269, 270, 267, 268, 268,
    268, 268, 270, 271, 272, 269, 270, 273, 270, 270, 271, 270, 272, 272,
    269, 273, 273, 272, 272, 272, 271, 271, 271, 272, 272, 272, 270, 270,
    272, 272, 271, 271, 270 ]
headPositionsY: [ 96, 78, 78, 80, 77, 75, 79, 77, 80, 78, 78, 79, 77, 77,
    77, 81, 78, 79, 80, 78, 80, 81, 81, 81, 78, 79, 80, 79, 80, 80, 79,
    79, 80, 79, 79, 78, 78, 81, 79, 77, 79, 83, 80, 82, 83, 84, 84, 86,
    91, 89, 91, 96, 93, 97, 96, 97, 96, 97, 98, 100, 98, 100, 97, 101,
    99, 99, 100, 97, 98, 101, 97, 98, 97, 99, 99, 97, 98, 99, 97, 98, 94,
    98, 97, 97, 98, 97, 99, 99, 98, 99, 98, 97, 95, 97, 97, 100, 96, 99,
    95, 96 ]
