%YAML:1.0
---
videoName: "headShake24.mp4"
gestureLabel: 201
fps: 29
pixelSizeInCmTemp: 3.2808219178082193e-01
faceCenterPointX: 240
faceCenterPointY: 78
headPositionsX: [ 238, 253, 252, 252, 251, 256, 256, 254, 254, 251, 251,
    247, 242, 244, 238, 234, 236, 234, 231, 232, 233, 227, 229, 231, 230,
    235, 238, 239, 239, 244, 247, 245, 249, 249, 249, 252, 250, 247, 246,
    245, 243, 245, 239, 239, 236, 237, 235, 235, 234, 234, 236, 235, 236,
    238, 240, 241, 243, 244, 246, 246, 246, 246, 248, 247, 250, 248, 250,
    247, 246, 246, 243, 243, 244, 243, 241, 242, 241, 240, 241, 238, 239,
    237, 241, 241, 236, 238, 237, 238, 242, 240, 239, 240, 238, 240, 242,
    241, 239, 239, 238, 238 ]
headPositionsY: [ 77, 76, 75, 75, 76, 77, 75, 74, 76, 77, 76, 76, 77, 79,
    76, 75, 76, 77, 77, 76, 78, 75, 79, 78, 79, 78, 79, 75, 76, 75, 75,
    77, 78, 76, 76, 79, 76, 77, 80, 76, 79, 77, 77, 76, 78, 76, 75, 78,
    77, 77, 80, 80, 78, 76, 79, 80, 77, 78, 80, 79, 79, 76, 78, 78, 78,
    77, 77, 78, 76, 79, 75, 79, 77, 79, 79, 75, 80, 76, 79, 76, 76, 78,
    75, 76, 78, 79, 76, 76, 76, 79, 78, 78, 80, 80, 76, 77, 77, 77, 80,
    78 ]
