%YAML:1.0
---
videoName: "headShake0.mp4"
gestureLabel: 201
fps: 29
pixelSizeInCmTemp: 3.2808219178082193e-01
faceCenterPointX: 279
faceCenterPointY: 94
headPositionsX: [ 278, 280, 280, 277, 280, 277, 282, 277, 279, 277, 279,
    277, 277, 280, 276, 279, 279, 277, 280, 281, 278, 279, 278, 277, 280,
    278, 281, 281, 281, 280, 278, 278, 281, 278, 280, 280, 280, 278, 279,
    280, 279, 281, 286, 287, 291, 297, 301, 300, 300, 300, 296, 295, 290,
    283, 275, 277, 274, 272, 275, 278, 282, 287, 291, 289, 289, 289, 285,
    280, 280, 275, 271, 274, 272, 274, 280, 282, 285, 285, 284, 283, 280,
    278, 278, 274, 273, 278, 278, 277, 276, 277, 281, 280, 278, 277, 281,
    281, 279, 280, 278, 279 ]
headPositionsY: [ 92, 91, 94, 93, 92, 93, 91, 93, 93, 91, 93, 93, 93, 95,
    95, 93, 93, 91, 94, 91, 94, 94, 93, 93, 95, 91, 95, 91, 92, 94, 90,
    91, 91, 94, 91, 92, 91, 93, 91, 92, 94, 93, 90, 93, 90, 89, 93, 93,
    92, 91, 90, 90, 91, 92, 90, 91, 93, 93, 92, 90, 94, 91, 94, 92, 90,
    90, 95, 92, 93, 93, 93, 93, 94, 93, 91, 91, 93, 92, 93, 91, 95, 95,
    91, 94, 92, 95, 92, 92, 94, 93, 92, 97, 94, 94, 94, 93, 93, 94, 95,
    93 ]
