%YAML:1.0
---
videoName: "headShake38.mp4"
gestureLabel: 201
fps: 29
pixelSizeInCmTemp: 3.2808219178082193e-01
faceCenterPointX: 259
faceCenterPointY: 84
headPositionsX: [ 257, 263, 262, 262, 263, 262, 262, 261, 265, 260, 266,
    261, 264, 264, 261, 263, 262, 264, 265, 262, 264, 263, 265, 262, 261,
    264, 261, 264, 261, 264, 261, 261, 261, 263, 261, 261, 263, 263, 261,
    261, 262, 263, 259, 257, 254, 248, 249, 247, 249, 253, 257, 266, 274,
    278, 278, 275, 269, 264, 253, 252, 250, 248, 255, 258, 268, 269, 274,
    270, 266, 261, 253, 247, 245, 249, 250, 253, 257, 264, 267, 267, 271,
    268, 269, 266, 266, 265, 264, 260, 262, 261, 258, 260, 259, 262, 261,
    258, 261, 259, 259, 261 ]
headPositionsY: [ 86, 82, 84, 80, 83, 85, 82, 83, 82, 83, 85, 85, 84, 81,
    83, 84, 81, 86, 84, 86, 82, 83, 83, 81, 81, 84, 85, 82, 86, 84, 85,
    82, 82, 82, 82, 83, 83, 82, 82, 84, 81, 82, 82, 85, 85, 81, 84, 82,
    81, 86, 84, 82, 85, 82, 85, 81, 83, 83, 83, 82, 86, 84, 81, 83, 83,
    83, 86, 81, 82, 85, 85, 84, 86, 81, 85, 86, 84, 82, 86, 81, 84, 86,
    84, 87, 84, 84, 83, 83, 86, 82, 84, 84, 83, 83, 87, 86, 84, 87, 82,
    86 ]
