%YAML:1.0
---
videoName: "headShake4.mp4"
gestureLabel: 201
fps: 30
pixelSizeInCmTemp: 3.2364864864864862e-01
faceCenterPointX: 237
faceCenterPointY: 101
headPositionsX: [ 238, 240, 246, 246, 251, 254, 256, 254, 255, 251, 244,
    238, 230, 226, 226, 224, 224, 232, 236, 242, 249, 252, 255, 250, 251,
    248, 242, 235, 231, 223, 221, 223, 226, 231, 236, 239, 244, 249, 256,
    257, 257, 250, 247, 243, 236, 231, 227, 223, 224, 226, 225, 230, 233,
    238, 244, 248, 247, 250, 250, 250, 248, 246, 239, 237, 232, 232, 228,
    232, 227, 231, 231, 233, 234, 236, 238, 241, 239, 242, 239, 242, 242,
    238, 238, 240, 238, 239, 237, 236, 236, 236, 236, 238, 234, 235, 238,
    236, 235, 238, 238, 237 ]
headPositionsY: [ 103, 98, 96, 96, 97, 99, 97, 100, 97, 97, 98, 101, 100,
    100, 97, 96, 95, 98, 101, 101, 96, 100, 98, 100, 98, 100, 98, 98,
    101, 100, 100, 98, 98, 98, 102, 100, 101, 97, 96, 98, 97, 97, 100,
    103, 100, 98, 100, 103, 101, 100, 98, 98, 102, 99, 101, 100, 100,
    101, 97, 99, 99, 98, 103, 103, 101, 100, 98, 102, 98, 100, 99, 97,
    99, 100, 99, 101, 101, 99, 99, 99, 101, 101, 102, 100, 101, 99, 100,
    100, 101, 99, 97, 102, 101, 100, 99, 100, 102, 101, 100, 99 ]
