%YAML:1.0
---
videoName: "headLookRight5.mp4"
gestureLabel: 204
fps: 29
pixelSizeInCmTemp: 3.1513157894736843e-01
faceCenterPointX: 228
faceCenterPointY: 76
headPositionsX: [ 227, 249, 249, 250, 252, 247, 248, 249, 250, 249, 248,
    249, 252, 247, 249, 250, 248, 250, 251, 248, 249, 248, 248, 247, 247,
    249, 251, 249, 249, 249, 249, 247, 245, 243, 243, 241, 237, 238, 232,
    232, 232, 231, 226, 225, 226, 224, 224, 226, 224, 229, 227, 227, 223,
    227, 223, 225, 224, 226, 224, 223, 227, 224, 225, 228, 226, 226, 223,
    228, 226, 228, 225, 221, 223, 225, 225, 225, 227, 226, 225, 224, 225,
    227, 224, 226, 225, 228, 228, 222, 227, 227, 222, 228, 226, 225, 223,
    224, 224, 226, 225, 225 ]
headPositionsY: [ 74, 74, 75, 74, 73, 74, 75, 74, 77, 73, 76, 72, 76, 75,
    75, 74, 75, 77, 76, 74, 74, 76, 74, 76, 73, 75, 73, 77, 76, 76, 76,
    75, 76, 73, 75, 73, 72, 73, 75, 73, 72, 74, 74, 75, 72, 76, 71, 72,
    72, 73, 75, 74, 76, 74, 75, 76, 73, 72, 76, 77, 74, 76, 76, 72, 74,
    76, 75, 76, 74, 72, 73, 77, 75, 73, 75, 74, 74, 75, 75, 70, 74, 72,
    73, 73, 74, 73, 74, 71, 76, 76, 74, 76, 76, 77, 72, 74, 73, 75, 72,
    74 ]
