%YAML:1.0
---
videoName: "headNod13.mp4"
gestureLabel: 202
fps: 29
pixelSizeInCmTemp: 3.2364864864864862e-01
faceCenterPointX: 253
faceCenterPointY: 79
headPositionsX: [ 252, 252, 252, 252, 251, 254, 251, 252, 252, 253, 252,
    253, 256, 255, 257, 256, 257, 257, 257, 254, 254, 252, 253, 255, 256,
    254, 252, 251, 251, 255, 256, 255, 252, 253, 253, 252, 252, 251, 253,
    255, 254, 253, 253, 255, 254, 253, 253, 255, 254, 253, 252, 252, 254,
    256, 256, 252, 252, 255, 255, 255, 255, 254, 252, 251, 254, 254, 251,
    255, 253, 254, 252, 253, 252, 256, 256, 253, 253, 253, 253, 252, 253,
    255, 255, 252, 254, 254, 257, 253, 255, 256, 255, 253, 253, 255, 251,
    253, 253, 251, 250, 253 ]
headPositionsY: [ 78, 74, 72, 76, 73, 75, 74, 75, 74, 73, 72, 73, 74, 72,
    73, 72, 72, 75, 74, 73, 76, 73, 75, 73, 73, 72, 73, 71, 72, 74, 71,
    76, 76, 76, 73, 72, 75, 72, 75, 71, 76, 74, 74, 75, 72, 74, 73, 73,
    71, 70, 72, 67, 70, 69, 66, 71, 72, 74, 77, 75, 78, 80, 75, 77, 73,
    70, 72, 69, 68, 68, 70, 74, 73, 74, 76, 80, 81, 79, 79, 74, 73, 72,
    71, 71, 71, 74, 77, 80, 80, 80, 81, 78, 82, 82, 78, 80, 81, 79, 81,
    76 ]
