%YAML:1.0
---
videoName: "headLookUp2.mp4"
gestureLabel: 205
fps: 29
pixelSizeInCmTemp: 3.7421874999999999e-01
faceCenterPointX: 254
faceCenterPointY: 67
headPositionsX: [ 255, 258, 254, 257, 258, 254, 254, 255, 256, 255, 255,
    253, 255, 254, 253, 256, 253, 254, 256, 257, 252, 253, 255, 256, 253,
    257, 256, 257, 255, 255, 255, 257, 253, 253, 256, 252, 256, 256, 255,
    254, 254, 256, 253, 255, 252, 256, 256, 256, 254, 254, 253, 256, 254,
    256, 256, 257, 252, 252, 255, 256, 254, 252, 252, 252, 253, 253, 253,
    255, 254, 253, 256, 255, 254, 254, 251, 253, 254, 255, 254, 254, 252,
    252, 253, 253, 256, 251, 252, 256, 256, 254, 256, 253, 254, 253, 252,
    254, 252, 252, 253, 253 ]
headPositionsY: [ 67, 82, 79, 81, 81, 79, 82, 82, 82, 81, 81, 82, 79, 80,
    82, 79, 80, 83, 78, 82, 82, 82, 79, 81, 84, 82, 83, 82, 82, 82, 79,
    82, 81, 80, 79, 80, 82, 78, 79, 79, 80, 81, 78, 77, 75, 74, 74, 72,
    69, 69, 71, 66, 66, 68, 66, 68, 67, 67, 69, 67, 67, 65, 67, 66, 66,
    68, 67, 66, 71, 66, 68, 64, 67, 71, 69, 69, 70, 70, 70, 71, 66, 68,
    70, 65, 68, 71, 65, 67, 70, 67, 69, 70, 69, 68, 69, 66, 64, 66, 68,
    69 ]
