%YAML:1.0
---
videoName: "headLookDown8.mp4"
gestureLabel: 206
fps: 29
pixelSizeInCmTemp: 3.3732394366197183e-01
faceCenterPointX: 276
faceCenterPointY: 96
headPositionsX: [ 274, 275, 276, 272, 273, 276, 273, 272, 273, 275, 273,
    275, 274, 276, 273, 275, 277, 275, 277, 276, 276, 273, 275, 272, 273,
    275, 277, 273, 274, 276, 271, 276, 276, 276, 274, 273, 275, 274, 275,
    276, 276, 275, 273, 274, 276, 276, 278, 275, 276, 277, 276, 278, 274,
    275, 274, 278, 274, 278, 276, 278, 277, 274, 275, 276, 276, 274, 278,
    276, 277, 277, 277, 277, 277, 275, 274, 275, 274, 274, 275, 278, 275,
    278, 276, 276, 276, 276, 276, 274, 277, 276, 277, 276, 276, 276, 278,
    279, 278, 276, 276, 274 ]
headPositionsY: [ 95, 77, 81, 81, 80, 79, 82, 80, 78, 78, 78, 78, 78, 78,
    78, 82, 81, 78, 80, 80, 80, 80, 81, 81, 79, 81, 80, 82, 82, 80, 79,
    78, 80, 81, 84, 82, 83, 86, 86, 88, 88, 90, 90, 89, 89, 91, 91, 91,
    92, 95, 94, 96, 97, 96, 97, 100, 98, 98, 99, 95, 98, 96, 97, 97, 97,
    100, 96, 96, 97, 99, 99, 99, 98, 99, 98, 96, 98, 94, 99, 96, 95, 99,
    97, 98, 96, 95, 95, 96, 99, 99, 97, 95, 96, 99, 97, 97, 98, 97, 94,
    94 ]
