%YAML:1.0
---
videoName: "headNod13.mp4"
gestureLabel: 202
fps: 29
pixelSizeInCmTemp: 3.2364864864864862e-01
faceCenterPointX: 253
faceCenterPointY: 79
headPositionsX: [ 255, 249, 250, 255, 250, 250, 254, 251, 251, 253, 255,
    252, 253, 256, 253, 252, 253, 254, 257, 257, 257, 254, 254, 254, 253,
    252, 256, 253, 255, 252, 256, 255, 254, 255, 252, 253, 255, 252, 250,
    253, 254, 254, 253, 254, 252, 251, 252, 255, 255, 255, 252, 253, 254,
    254, 253, 254, 254, 251, 253, 253, 255, 253, 251, 252, 252, 255, 252,
    252, 256, 253, 255, 256, 255, 255, 256, 255, 254, 252, 253, 256, 254,
    254, 255, 255, 256, 253, 255, 257, 256, 257, 255, 254, 254, 252, 255,
    255, 255, 253, 254, 252 ]
headPositionsY: [ 81, 75, 72, 73, 72, 71, 73, 71, 73, 76, 72, 72, 72, 75,
    73, 72, 74, 73, 74, 74, 74, 73, 71, 75, 75, 73, 72, 72, 72, 73, 74,
    74, 72, 75, 75, 75, 72, 73, 72, 74, 74, 76, 74, 74, 76, 74, 76, 76,
    73, 71, 68, 67, 69, 68, 70, 68, 74, 75, 76, 77, 78, 78, 75, 75, 74,
    73, 72, 69, 70, 71, 73, 74, 75, 77, 77, 79, 78, 80, 77, 77, 75, 71,
    75, 71, 75, 74, 76, 78, 81, 79, 81, 81, 78, 80, 80, 78, 79, 76, 79,
    76 ]
