%YAML:1.0
---
videoName: "headShake44.mp4"
gestureLabel: 201
fps: 30
pixelSizeInCmTemp: 3.2808219178082193e-01
faceCenterPointX: 260
faceCenterPointY: 84
headPositionsX: [ 259, 264, 259, 259, 260, 259, 262, 261, 261, 263, 261,
    261, 261, 260, 262, 259, 259, 259, 261, 260, 260, 259, 262, 262, 260,
    262, 261, 262, 260, 258, 258, 261, 262, 263, 260, 259, 258, 261, 262,
    261, 267, 267, 271, 273, 277, 276, 271, 269, 264, 257, 251, 252, 249,
    252, 255, 263, 267, 271, 271, 272, 268, 264, 256, 252, 255, 254, 260,
    265, 271, 271, 272, 271, 266, 263, 255, 254, 253, 253, 251, 253, 256,
    260, 257, 260, 261, 261, 260, 263, 264, 264, 263, 260, 261, 260, 260,
    263, 262, 259, 261, 259 ]
headPositionsY: [ 83, 81, 82, 82, 83, 81, 84, 84, 83, 81, 82, 82, 85, 82,
    82, 80, 83, 80, 81, 81, 83, 81, 84, 82, 85, 80, 84, 84, 82, 84, 83,
    82, 83, 81, 84, 80, 82, 85, 81, 83, 84, 84, 83, 83, 80, 82, 82, 85,
    86, 82, 82, 82, 86, 87, 85, 83, 83, 83, 83, 85, 86, 83, 86, 86, 83,
    84, 82, 83, 81, 81, 85, 81, 81, 86, 83, 81, 85, 86, 85, 86, 86, 82,
    83, 86, 83, 86, 82, 85, 86, 86, 84, 86, 86, 86, 86, 83, 84, 84, 85,
    83 ]
