%YAML:1.0
---
videoName: "headNod45.mp4"
gestureLabel: 202
fps: 30
pixelSizeInCmTemp: 3.0316455696202532e-01
faceCenterPointX: 265
faceCenterPointY: 77
headPositionsX: [ 265, 268, 266, 267, 268, 267, 267, 266, 270, 271, 267,
    270, 269, 266, 265, 268, 266, 268, 270, 268, 267, 267, 268, 267, 269,
    267, 266, 266, 268, 267, 265, 265, 264, 267, 268, 266, 263, 264, 266,
    267, 265, 267, 267, 266, 267, 266, 266, 266, 268, 268, 266, 267, 266,
    268, 267, 265, 269, 267, 266, 268, 269, 265, 264, 263, 266, 267, 265,
    266, 265, 267, 264, 266, 265, 268, 268, 266, 266, 267, 265, 263, 267,
    266, 264, 267, 267, 267, 266, 267, 267, 267, 263, 267, 264, 265, 265,
    266, 266, 266, 267, 265 ]
headPositionsY: [ 78, 73, 77, 77, 74, 75, 77, 74, 74, 76, 75, 76, 76, 76,
    76, 76, 77, 78, 77, 83, 84, 87, 90, 92, 91, 90, 91, 88, 80, 79, 73,
    72, 68, 65, 64, 68, 66, 71, 72, 77, 82, 86, 88, 90, 93, 90, 89, 84,
    78, 79, 77, 74, 73, 74, 75, 74, 77, 82, 84, 85, 83, 82, 79, 77, 77,
    73, 75, 72, 76, 75, 79, 79, 82, 87, 89, 87, 85, 84, 81, 77, 76, 76,
    77, 77, 75, 77, 81, 79, 78, 80, 80, 79, 79, 79, 76, 78, 79, 80, 77,
    77 ]
