%YAML:1.0
---
videoName: "headLookDown9.mp4"
gestureLabel: 206
fps: 29
pixelSizeInCmTemp: 3.5220588235294115e-01
faceCenterPointX: 274
faceCenterPointY: 97
headPositionsX: [ 275, 272, 271, 270, 272, 271, 272, 272, 274, 274, 271,
    273, 273, 275, 270, 273, 270, 274, 272, 272, 272, 274, 273, 274, 272,
    274, 271, 270, 274, 270, 272, 271, 271, 272, 275, 270, 273, 270, 274,
    272, 271, 271, 275, 273, 270, 273, 274, 270, 275, 274, 271, 272, 271,
    273, 273, 272, 275, 270, 275, 275, 270, 271, 272, 271, 270, 270, 272,
    273, 271, 273, 272, 271, 272, 271, 274, 272, 275, 270, 271, 274, 273,
    274, 271, 274, 273, 273, 272, 271, 275, 273, 272, 272, 272, 274, 275,
    275, 272, 274, 274, 272 ]
headPositionsY: [ 96, 78, 80, 79, 78, 79, 79, 81, 80, 78, 81, 79, 80, 78,
    79, 79, 79, 80, 81, 81, 82, 80, 80, 82, 82, 81, 82, 80, 78, 83, 83,
    80, 80, 82, 82, 86, 82, 84, 85, 88, 90, 90, 91, 90, 93, 95, 98, 93,
    98, 96, 99, 98, 98, 98, 97, 99, 102, 99, 100, 97, 98, 97, 97, 97, 96,
    100, 99, 98, 96, 99, 97, 97, 100, 98, 97, 97, 97, 96, 99, 95, 97, 97,
    97, 99, 96, 98, 98, 96, 98, 98, 95, 95, 97, 96, 99, 97, 98, 94, 95,
    94 ]
