%YAML:1.0
---
videoName: "headLookDown7.mp4"
gestureLabel: 206
fps: 30
pixelSizeInCmTemp: 3.3732394366197183e-01
faceCenterPointX: 274
faceCenterPointY: 95
headPositionsX: [ 273, 273, 274, 275, 272, 273, 273, 274, 271, 275, 274,
    275, 272, 271, 276, 274, 274, 273, 275, 273, 274, 274, 273, 276, 274,
    274, 274, 276, 273, 274, 276, 275, 274, 274, 274, 272, 271, 273, 273,
    275, 273, 272, 271, 271, 271, 273, 276, 272, 275, 276, 276, 276, 275,
    276, 276, 272, 276, 276, 276, 275, 277, 272, 273, 275, 275, 275, 275,
    276, 274, 273, 274, 272, 273, 274, 275, 272, 273, 274, 277, 277, 274,
    275, 274, 276, 273, 272, 275, 277, 274, 278, 276, 274, 278, 276, 276,
    273, 277, 275, 276, 276 ]
headPositionsY: [ 96, 81, 83, 84, 83, 83, 80, 83, 83, 84, 81, 82, 85, 83,
    83, 83, 84, 81, 82, 81, 84, 84, 83, 82, 83, 81, 81, 84, 85, 85, 84,
    80, 81, 85, 81, 80, 85, 81, 81, 81, 81, 84, 82, 84, 83, 85, 84, 84,
    83, 83, 83, 84, 84, 87, 90, 91, 89, 89, 91, 91, 95, 95, 92, 97, 93,
    96, 95, 97, 93, 93, 94, 94, 95, 96, 97, 95, 98, 93, 94, 94, 95, 95,
    94, 97, 94, 94, 94, 96, 97, 97, 98, 97, 97, 97, 98, 98, 94, 95, 93,
    94 ]
