%YAML:1.0
---
videoName: "headLookLeft8.mp4"
gestureLabel: 203
fps: 29
pixelSizeInCmTemp: 3.6287878787878786e-01
faceCenterPointX: 273
faceCenterPointY: 69
headPositionsX: [ 272, 241, 240, 242, 241, 243, 243, 240, 243, 239, 243,
    239, 240, 245, 242, 246, 243, 244, 249, 246, 245, 249, 246, 246, 249,
    246, 244, 249, 246, 246, 246, 246, 244, 249, 246, 248, 243, 246, 247,
    249, 247, 245, 245, 243, 244, 247, 247, 245, 245, 246, 246, 249, 247,
    249, 249, 250, 252, 255, 259, 258, 261, 266, 270, 272, 268, 274, 276,
    282, 280, 272, 277, 277, 278, 278, 276, 278, 274, 275, 278, 277, 277,
    279, 280, 269, 270, 274, 279, 277, 275, 276, 275, 276, 272, 273, 276,
    272, 277, 276, 271, 273 ]
headPositionsY: [ 68, 68, 68, 67, 68, 70, 68, 66, 66, 68, 68, 65, 69, 70,
    69, 68, 68, 67, 68, 71, 71, 69, 68, 70, 68, 70, 68, 73, 72, 72, 73,
    70, 73, 70, 74, 70, 72, 70, 70, 70, 72, 73, 72, 70, 71, 73, 74, 73,
    71, 75, 74, 75, 72, 73, 73, 71, 72, 69, 68, 68, 68, 68, 70, 70, 67,
    70, 70, 73, 70, 69, 69, 71, 72, 68, 72, 67, 70, 68, 70, 68, 69, 69,
    71, 67, 67, 70, 70, 69, 70, 68, 68, 67, 71, 70, 71, 67, 71, 71, 70,
    71 ]
