%YAML:1.0
---
videoName: "headShake28.mp4"
gestureLabel: 201
fps: 29
pixelSizeInCmTemp: 3.2808219178082193e-01
faceCenterPointX: 242
faceCenterPointY: 80
headPositionsX: [ 241, 239, 242, 241, 241, 240, 239, 241, 238, 243, 242,
    242, 239, 244, 243, 241, 242, 240, 239, 244, 244, 243, 240, 242, 240,
    242, 241, 242, 241, 240, 243, 240, 244, 244, 244, 240, 244, 243, 242,
    245, 241, 242, 246, 246, 243, 245, 245, 244, 245, 242, 240, 237, 233,
    228, 231, 235, 239, 242, 247, 250, 256, 258, 254, 251, 248, 243, 234,
    232, 230, 235, 238, 244, 248, 250, 253, 253, 252, 251, 251, 248, 241,
    241, 238, 239, 238, 235, 237, 241, 240, 241, 244, 241, 243, 245, 243,
    240, 242, 243, 242, 241 ]
headPositionsY: [ 81, 78, 78, 78, 75, 75, 77, 76, 75, 78, 78, 77, 78, 79,
    77, 78, 77, 78, 77, 76, 77, 78, 80, 78, 80, 78, 78, 78, 80, 80, 77,
    79, 81, 77, 76, 77, 76, 76, 79, 76, 76, 75, 77, 76, 79, 80, 77, 79,
    77, 77, 77, 75, 75, 78, 75, 76, 79, 79, 79, 75, 78, 76, 75, 78, 76,
    82, 76, 81, 77, 79, 80, 77, 78, 78, 75, 78, 75, 78, 78, 79, 76, 80,
    77, 78, 76, 77, 78, 77, 81, 81, 81, 79, 77, 80, 80, 78, 78, 80, 78,
    82 ]
