%YAML:1.0
---
videoName: "headNod1.mp4"
gestureLabel: 202
fps: 29
pixelSizeInCmTemp: 3.2808219178082193e-01
faceCenterPointX: 263
faceCenterPointY: 78
headPositionsX: [ 264, 262, 261, 263, 262, 266, 261, 264, 264, 263, 264,
    265, 263, 265, 263, 266, 264, 263, 264, 266, 265, 263, 263, 266, 264,
    264, 267, 264, 264, 266, 262, 262, 263, 267, 263, 263, 264, 263, 263,
    263, 264, 265, 267, 264, 267, 267, 263, 265, 263, 264, 263, 263, 266,
    261, 264, 263, 262, 264, 262, 263, 261, 262, 265, 266, 261, 266, 267,
    265, 261, 264, 260, 262, 261, 263, 261, 264, 263, 262, 263, 263, 261,
    261, 259, 260, 263, 261, 265, 265, 264, 264, 261, 264, 261, 261, 262,
    262, 264, 261, 263, 262 ]
headPositionsY: [ 78, 73, 72, 73, 72, 76, 76, 77, 74, 76, 77, 77, 74, 73,
    74, 73, 74, 74, 75, 75, 76, 75, 76, 76, 75, 77, 77, 77, 74, 77, 76,
    73, 74, 74, 72, 69, 71, 66, 65, 63, 66, 63, 64, 62, 63, 68, 69, 69,
    73, 74, 76, 77, 81, 81, 84, 80, 77, 75, 75, 71, 72, 68, 65, 65, 66,
    65, 68, 73, 74, 75, 79, 79, 78, 75, 74, 70, 68, 66, 68, 65, 66, 66,
    70, 69, 73, 74, 77, 80, 83, 80, 80, 81, 81, 78, 82, 79, 77, 78, 79,
    77 ]
