%YAML:1.0
---
videoName: "headShake10.mp4"
gestureLabel: 201
fps: 29
pixelSizeInCmTemp: 3.3732394366197183e-01
faceCenterPointX: 240
faceCenterPointY: 74
headPositionsX: [ 238, 246, 248, 247, 246, 244, 244, 243, 244, 248, 247,
    244, 247, 244, 246, 245, 244, 246, 248, 244, 247, 247, 244, 245, 247,
    246, 245, 244, 246, 245, 246, 248, 248, 244, 248, 244, 243, 245, 248,
    245, 246, 245, 244, 246, 247, 243, 245, 246, 243, 243, 245, 249, 252,
    253, 257, 256, 260, 262, 261, 261, 255, 252, 247, 241, 238, 236, 233,
    229, 231, 232, 238, 239, 247, 248, 254, 256, 256, 255, 258, 256, 252,
    250, 246, 242, 245, 240, 242, 239, 242, 238, 242, 240, 239, 243, 238,
    243, 242, 243, 239, 241 ]
headPositionsY: [ 76, 74, 73, 75, 72, 72, 73, 74, 74, 74, 73, 72, 72, 72,
    72, 72, 75, 72, 72, 71, 72, 71, 74, 72, 72, 72, 72, 75, 73, 73, 71,
    71, 75, 74, 71, 72, 72, 71, 72, 73, 71, 73, 73, 75, 72, 71, 70, 74,
    72, 73, 74, 71, 72, 74, 73, 71, 69, 73, 73, 71, 71, 72, 75, 74, 71,
    76, 75, 72, 71, 72, 75, 76, 75, 75, 75, 73, 72, 74, 73, 72, 75, 75,
    75, 77, 74, 74, 75, 76, 75, 74, 73, 76, 72, 76, 74, 73, 73, 78, 73,
    78 ]
