%YAML:1.0
---
videoName: "headNod31.mp4"
gestureLabel: 202
fps: 29
pixelSizeInCmTemp: 2.8855421686746985e-01
faceCenterPointX: 267
faceCenterPointY: 75
headPositionsX: [ 265, 270, 272, 271, 272, 270, 270, 271, 268, 270, 269,
    268, 269, 268, 271, 270, 270, 268, 270, 268, 269, 264, 268, 268, 266,
    267, 264, 265, 270, 268, 267, 269, 270, 267, 269, 267, 270, 271, 268,
    269, 270, 267, 267, 268, 266, 267, 266, 265, 270, 267, 269, 268, 264,
    268, 266, 264, 269, 264, 266, 268, 265, 267, 267, 264, 267, 266, 264,
    268, 265, 267, 265, 265, 265, 267, 265, 269, 267, 268, 265, 266, 269,
    268, 267, 267, 265, 268, 266, 265, 265, 264, 267, 269, 265, 266, 267,
    266, 268, 265, 268, 268 ]
headPositionsY: [ 77, 74, 75, 73, 75, 75, 74, 65, 68, 66, 68, 65, 66, 68,
    74, 82, 83, 85, 88, 83, 87, 82, 82, 79, 75, 71, 73, 71, 70, 70, 68,
    69, 74, 76, 79, 84, 83, 84, 85, 85, 87, 80, 79, 75, 74, 76, 73, 75,
    77, 80, 82, 85, 86, 82, 83, 79, 80, 74, 75, 72, 70, 68, 71, 69, 72,
    73, 77, 75, 79, 83, 82, 78, 78, 77, 73, 72, 71, 72, 70, 72, 74, 73,
    75, 79, 79, 75, 75, 75, 77, 73, 75, 74, 72, 73, 76, 75, 78, 78, 77,
    76 ]
