%YAML:1.0
---
videoName: "headLookLeft9.mp4"
gestureLabel: 203
fps: 30
pixelSizeInCmTemp: 3.2364864864864862e-01
faceCenterPointX: 273
faceCenterPointY: 69
headPositionsX: [ 272, 247, 246, 247, 246, 248, 248, 248, 247, 248, 245,
    245, 245, 245, 244, 248, 245, 248, 248, 244, 244, 245, 246, 243, 246,
    247, 245, 247, 246, 243, 246, 246, 246, 249, 252, 252, 252, 256, 258,
    261, 264, 263, 270, 268, 268, 267, 272, 269, 272, 271, 271, 273, 272,
    269, 272, 273, 274, 273, 272, 274, 271, 272, 272, 274, 274, 272, 269,
    269, 272, 273, 272, 271, 274, 271, 272, 271, 273, 270, 271, 270, 273,
    271, 268, 272, 273, 269, 269, 272, 274, 272, 271, 271, 270, 267, 270,
    273, 272, 274, 272, 269 ]
headPositionsY: [ 67, 72, 68, 71, 73, 68, 72, 68, 69, 70, 71, 72, 71, 70,
    68, 69, 69, 72, 70, 70, 73, 68, 72, 70, 70, 73, 72, 73, 72, 71, 71,
    71, 70, 69, 70, 68, 68, 68, 69, 70, 67, 70, 70, 67, 69, 68, 68, 68,
    69, 68, 70, 66, 66, 65, 69, 66, 68, 67, 68, 67, 67, 67, 69, 69, 66,
    69, 69, 67, 68, 66, 65, 70, 70, 69, 70, 69, 71, 68, 68, 66, 67, 71,
    66, 68, 71, 68, 66, 67, 66, 68, 68, 66, 67, 69, 66, 67, 70, 67, 70,
    69 ]
