%YAML:1.0
---
videoName: "headNod49.mp4"
gestureLabel: 202
fps: 29
pixelSizeInCmTemp: 2.9207317073170730e-01
faceCenterPointX: 263
faceCenterPointY: 74
headPositionsX: [ 264, 266, 264, 266, 267, 264, 266, 263, 265, 263, 266,
    263, 266, 262, 264, 266, 266, 262, 263, 263, 264, 262, 264, 267, 265,
    265, 266, 266, 263, 266, 263, 263, 265, 265, 262, 265, 265, 263, 266,
    262, 266, 263, 261, 262, 261, 263, 260, 261, 263, 264, 261, 265, 261,
    264, 265, 263, 263, 262, 265, 265, 263, 266, 266, 266, 263, 266, 265,
    266, 262, 264, 262, 264, 264, 266, 265, 263, 264, 264, 266, 265, 263,
    261, 262, 262, 262, 260, 265, 261, 262, 262, 264, 265, 262, 261, 263,
    264, 264, 260, 262, 264 ]
headPositionsY: [ 73, 70, 70, 73, 71, 72, 70, 74, 73, 73, 72, 72, 71, 67,
    68, 69, 68, 68, 68, 67, 68, 70, 74, 74, 79, 75, 77, 76, 74, 75, 72,
    73, 70, 72, 67, 72, 71, 74, 75, 78, 78, 76, 76, 76, 76, 70, 74, 70,
    70, 73, 74, 72, 75, 77, 77, 75, 79, 78, 74, 75, 75, 72, 74, 75, 74,
    75, 76, 75, 80, 80, 76, 79, 75, 75, 74, 72, 75, 74, 77, 73, 73, 77,
    75, 75, 76, 75, 72, 73, 75, 74, 75, 76, 72, 73, 71, 77, 72, 74, 73,
    73 ]
