%YAML:1.0
---
videoName: "headLookRight6.mp4"
gestureLabel: 204
fps: 29
pixelSizeInCmTemp: 3.8015873015873014e-01
faceCenterPointX: 226
faceCenterPointY: 72
headPositionsX: [ 227, 248, 247, 249, 248, 250, 250, 247, 251, 246, 251,
    252, 252, 247, 250, 248, 251, 250, 250, 250, 248, 252, 253, 249, 251,
    248, 251, 252, 253, 253, 252, 252, 251, 250, 246, 244, 243, 238, 239,
    237, 231, 229, 228, 232, 227, 228, 224, 224, 223, 225, 226, 223, 227,
    224, 227, 230, 227, 224, 226, 228, 229, 225, 229, 226, 227, 224, 224,
    228, 228, 226, 228, 228, 226, 228, 227, 223, 230, 227, 227, 228, 227,
    229, 226, 228, 225, 225, 231, 229, 224, 227, 227, 226, 229, 226, 224,
    229, 225, 226, 228, 226 ]
headPositionsY: [ 74, 72, 72, 73, 72, 70, 72, 71, 71, 72, 72, 74, 74, 75,
    75, 72, 75, 73, 76, 73, 72, 76, 72, 75, 76, 75, 76, 75, 72, 76, 74,
    74, 76, 76, 72, 72, 75, 75, 71, 74, 73, 73, 73, 75, 74, 77, 71, 74,
    74, 75, 77, 68, 76, 76, 75, 74, 73, 75, 71, 74, 77, 73, 75, 70, 76,
    72, 75, 71, 76, 73, 74, 76, 73, 71, 71, 70, 73, 73, 73, 74, 74, 74,
    73, 71, 76, 76, 76, 73, 73, 72, 74, 75, 76, 72, 68, 77, 71, 72, 72,
    71 ]
