%YAML:1.0
---
videoName: "headNod44.mp4"
gestureLabel: 202
fps: 29
pixelSizeInCmTemp: 2.9567901234567900e-01
faceCenterPointX: 268
faceCenterPointY: 78
headPositionsX: [ 268, 268, 271, 272, 271, 270, 268, 269, 271, 267, 266,
    268, 268, 267, 271, 271, 270, 268, 267, 271, 268, 271, 271, 268, 268,
    270, 266, 267, 268, 268, 270, 268, 265, 265, 267, 269, 268, 266, 267,
    268, 266, 268, 265, 267, 264, 264, 266, 267, 269, 267, 269, 269, 266,
    266, 266, 270, 268, 269, 270, 268, 267, 270, 266, 270, 267, 266, 268,
    267, 270, 267, 271, 268, 271, 270, 270, 267, 267, 269, 267, 267, 271,
    267, 268, 266, 267, 268, 267, 269, 268, 267, 270, 270, 268, 268, 269,
    266, 267, 269, 267, 269 ]
headPositionsY: [ 76, 76, 77, 75, 74, 75, 75, 75, 74, 76, 75, 76, 75, 75,
    74, 77, 75, 78, 79, 80, 83, 88, 93, 92, 94, 95, 89, 86, 78, 73, 70,
    69, 70, 72, 71, 75, 81, 81, 86, 89, 88, 86, 81, 76, 72, 73, 73, 76,
    74, 81, 83, 88, 91, 86, 87, 80, 76, 77, 73, 74, 75, 76, 80, 82, 87,
    83, 83, 82, 81, 80, 74, 77, 74, 77, 79, 80, 83, 88, 88, 85, 86, 83,
    80, 78, 79, 77, 78, 79, 77, 76, 75, 80, 78, 75, 78, 79, 78, 77, 79,
    77 ]
