%YAML:1.0
---
videoName: "headShake18.mp4"
gestureLabel: 201
fps: 30
pixelSizeInCmTemp: 3.2808219178082193e-01
faceCenterPointX: 240
faceCenterPointY: 77
headPositionsX: [ 238, 242, 242, 243, 241, 241, 240, 240, 239, 243, 238,
    242, 244, 241, 242, 241, 243, 239, 240, 240, 240, 240, 240, 239, 240,
    238, 240, 239, 238, 241, 241, 237, 240, 241, 240, 241, 242, 247, 251,
    252, 254, 254, 250, 249, 246, 243, 238, 233, 231, 227, 232, 230, 236,
    241, 240, 247, 249, 249, 247, 246, 243, 239, 239, 237, 231, 233, 233,
    236, 236, 240, 241, 245, 244, 246, 245, 243, 240, 237, 236, 236, 235,
    236, 239, 240, 238, 238, 240, 245, 241, 244, 242, 241, 243, 241, 238,
    242, 239, 239, 241, 241 ]
headPositionsY: [ 76, 77, 78, 74, 77, 74, 73, 73, 77, 77, 75, 76, 76, 77,
    77, 74, 78, 77, 76, 75, 75, 78, 74, 74, 75, 74, 73, 74, 74, 77, 79,
    77, 76, 77, 76, 74, 75, 76, 76, 76, 74, 75, 74, 78, 78, 78, 77, 76,
    76, 74, 75, 75, 78, 78, 76, 76, 77, 78, 77, 79, 75, 74, 75, 78, 76,
    76, 77, 77, 75, 77, 78, 75, 80, 75, 77, 79, 79, 78, 75, 75, 77, 76,
    78, 75, 77, 76, 79, 78, 76, 80, 80, 79, 76, 75, 75, 77, 77, 76, 78,
    75 ]
