%YAML:1.0
---
videoName: "headNod3.mp4"
gestureLabel: 202
fps: 29
pixelSizeInCmTemp: 3.1933333333333330e-01
faceCenterPointX: 264
faceCenterPointY: 76
headPositionsX: [ 265, 266, 265, 263, 266, 264, 263, 262, 265, 264, 269,
    268, 267, 267, 265, 265, 266, 268, 263, 267, 264, 266, 267, 264, 264,
    264, 263, 263, 265, 265, 265, 266, 267, 265, 263, 264, 267, 267, 268,
    266, 264, 263, 268, 266, 265, 266, 264, 267, 266, 264, 268, 267, 267,
    265, 264, 262, 266, 264, 263, 263, 264, 264, 265, 262, 265, 265, 266,
    265, 262, 262, 263, 265, 261, 263, 261, 263, 261, 262, 262, 262, 264,
    264, 264, 262, 264, 265, 266, 264, 263, 265, 263, 266, 263, 265, 265,
    265, 262, 263, 265, 267 ]
headPositionsY: [ 78, 74, 77, 74, 78, 77, 78, 75, 76, 72, 74, 74, 72, 74,
    75, 75, 72, 75, 75, 72, 71, 72, 73, 71, 75, 73, 74, 73, 72, 73, 75,
    76, 75, 75, 77, 76, 72, 76, 76, 72, 77, 72, 74, 73, 72, 69, 69, 67,
    66, 68, 67, 71, 74, 74, 76, 78, 82, 82, 80, 77, 77, 72, 69, 67, 67,
    67, 70, 73, 73, 78, 79, 82, 82, 82, 79, 73, 69, 68, 65, 66, 64, 66,
    67, 73, 72, 73, 76, 81, 78, 79, 77, 80, 79, 77, 76, 78, 75, 75, 76,
    74 ]
