%YAML:1.0
---
videoName: "headNod38.mp4"
gestureLabel: 202
fps: 29
pixelSizeInCmTemp: 2.9937500000000000e-01
faceCenterPointX: 267
faceCenterPointY: 73
headPositionsX: [ 266, 266, 267, 266, 268, 266, 266, 265, 264, 266, 264,
    268, 266, 266, 266, 266, 267, 268, 266, 266, 267, 269, 267, 268, 266,
    267, 265, 266, 263, 264, 263, 266, 266, 265, 266, 263, 265, 266, 267,
    263, 267, 267, 268, 265, 266, 265, 267, 269, 266, 268, 268, 266, 270,
    269, 266, 271, 270, 266, 269, 268, 266, 269, 269, 268, 269, 267, 268,
    271, 269, 266, 268, 267, 268, 269, 266, 267, 269, 268, 268, 268, 266,
    266, 266, 266, 265, 267, 265, 269, 268, 266, 270, 268, 268, 270, 267,
    267, 269, 265, 269, 267 ]
headPositionsY: [ 75, 73, 76, 74, 80, 79, 81, 87, 87, 82, 80, 78, 75, 74,
    76, 82, 83, 84, 88, 83, 81, 79, 76, 74, 77, 80, 81, 84, 87, 89, 90,
    88, 82, 78, 76, 74, 75, 76, 79, 77, 84, 86, 86, 90, 84, 82, 80, 74,
    71, 69, 70, 69, 75, 74, 81, 83, 84, 88, 87, 85, 83, 77, 75, 74, 73,
    72, 73, 75, 74, 74, 78, 83, 85, 83, 84, 83, 85, 81, 78, 77, 77, 74,
    73, 71, 74, 72, 74, 70, 75, 74, 74, 72, 73, 74, 72, 73, 74, 73, 73,
    75 ]
