%YAML:1.0
---
videoName: "headShake31.mp4"
gestureLabel: 201
fps: 29
pixelSizeInCmTemp: 3.2808219178082193e-01
faceCenterPointX: 236
faceCenterPointY: 68
headPositionsX: [ 237, 235, 238, 239, 237, 236, 238, 235, 235, 235, 238,
    236, 239, 236, 235, 236, 239, 238, 239, 235, 237, 237, 239, 236, 235,
    239, 239, 236, 236, 236, 239, 236, 239, 239, 234, 237, 237, 237, 241,
    244, 247, 249, 254, 253, 254, 250, 246, 240, 234, 225, 221, 222, 220,
    224, 226, 232, 238, 244, 246, 245, 245, 245, 239, 236, 233, 233, 228,
    226, 227, 233, 232, 234, 241, 242, 240, 241, 245, 242, 242, 241, 237,
    235, 237, 235, 236, 235, 232, 236, 236, 235, 233, 235, 234, 234, 237,
    236, 235, 234, 234, 237 ]
headPositionsY: [ 69, 66, 67, 67, 66, 66, 65, 66, 68, 66, 67, 67, 66, 66,
    67, 66, 69, 70, 66, 68, 65, 68, 67, 68, 68, 69, 67, 65, 65, 69, 69,
    68, 65, 69, 68, 68, 68, 66, 66, 65, 67, 65, 68, 68, 69, 65, 66, 68,
    68, 66, 69, 66, 65, 72, 69, 71, 70, 72, 72, 70, 69, 69, 68, 67, 69,
    67, 67, 71, 68, 71, 70, 70, 69, 67, 68, 68, 66, 69, 70, 71, 68, 68,
    70, 68, 66, 69, 67, 70, 70, 67, 66, 71, 69, 70, 66, 70, 69, 71, 69,
    70 ]
