%YAML:1.0
---
videoName: "headLookRight7.mp4"
gestureLabel: 204
fps: 30
pixelSizeInCmTemp: 3.4710144927536229e-01
faceCenterPointX: 226
faceCenterPointY: 74
headPositionsX: [ 226, 251, 248, 248, 248, 252, 249, 252, 250, 248, 249,
    251, 252, 247, 250, 248, 250, 250, 249, 249, 247, 250, 247, 248, 250,
    250, 246, 249, 245, 244, 244, 240, 239, 235, 237, 233, 229, 226, 229,
    227, 228, 226, 222, 223, 224, 223, 225, 225, 224, 220, 222, 225, 223,
    226, 224, 222, 223, 224, 227, 223, 222, 225, 221, 223, 222, 222, 222,
    221, 221, 225, 217, 223, 227, 223, 222, 227, 223, 224, 224, 225, 222,
    220, 224, 226, 222, 220, 226, 227, 226, 226, 226, 222, 220, 225, 223,
    223, 222, 223, 225, 225 ]
headPositionsY: [ 76, 74, 74, 74, 75, 77, 74, 75, 73, 76, 73, 72, 77, 72,
    77, 74, 76, 74, 76, 74, 76, 74, 72, 77, 74, 77, 75, 76, 73, 72, 75,
    75, 77, 74, 77, 74, 76, 77, 72, 76, 71, 73, 73, 77, 74, 75, 73, 74,
    72, 74, 72, 76, 78, 72, 74, 72, 72, 71, 74, 73, 76, 70, 74, 75, 75,
    76, 75, 71, 73, 75, 80, 71, 74, 76, 75, 73, 72, 74, 75, 71, 75, 76,
    73, 77, 75, 77, 74, 73, 72, 72, 77, 73, 75, 76, 71, 73, 72, 77, 74,
    73 ]
