%YAML:1.0
---
videoName: "headNod34.mp4"
gestureLabel: 202
fps: 29
pixelSizeInCmTemp: 2.9567901234567900e-01
faceCenterPointX: 266
faceCenterPointY: 78
headPositionsX: [ 268, 269, 271, 267, 268, 267, 270, 270, 272, 267, 268,
    266, 271, 269, 268, 268, 268, 269, 269, 270, 270, 268, 271, 269, 270,
    270, 271, 268, 269, 267, 270, 268, 270, 269, 269, 271, 268, 271, 271,
    268, 271, 269, 270, 268, 270, 272, 270, 268, 270, 267, 268, 271, 271,
    271, 269, 267, 271, 269, 270, 273, 268, 272, 272, 272, 268, 268, 271,
    271, 268, 270, 269, 268, 267, 265, 264, 268, 268, 267, 266, 266, 266,
    268, 263, 264, 263, 266, 268, 264, 266, 266, 264, 267, 265, 264, 268,
    267, 264, 268, 266, 266 ]
headPositionsY: [ 78, 78, 75, 74, 79, 77, 78, 76, 75, 75, 75, 78, 78, 75,
    75, 77, 77, 75, 79, 76, 75, 77, 77, 77, 75, 79, 76, 77, 77, 78, 78,
    78, 74, 75, 76, 77, 76, 76, 70, 70, 69, 71, 74, 72, 81, 84, 89, 85,
    84, 82, 80, 77, 75, 72, 73, 73, 76, 79, 79, 84, 85, 85, 82, 81, 81,
    80, 77, 79, 77, 82, 81, 85, 83, 82, 80, 80, 79, 76, 76, 76, 77, 83,
    84, 82, 84, 79, 83, 81, 78, 80, 77, 81, 77, 82, 80, 82, 82, 78, 80,
    78 ]
