%YAML:1.0
---
videoName: "headShake7.mp4"
gestureLabel: 201
fps: 29
pixelSizeInCmTemp: 3.3263888888888887e-01
faceCenterPointX: 244
faceCenterPointY: 72
headPositionsX: [ 244, 244, 244, 245, 242, 243, 242, 244, 241, 242, 243,
    247, 252, 253, 257, 256, 258, 261, 259, 257, 253, 245, 238, 236, 234,
    231, 236, 242, 245, 253, 259, 258, 259, 256, 253, 250, 242, 236, 232,
    231, 226, 229, 228, 234, 238, 244, 250, 253, 255, 257, 252, 249, 247,
    243, 237, 232, 229, 227, 232, 232, 238, 246, 247, 254, 257, 254, 256,
    255, 252, 250, 249, 244, 240, 238, 233, 236, 234, 233, 234, 239, 237,
    241, 243, 244, 243, 248, 248, 245, 249, 246, 245, 244, 245, 244, 242,
    246, 242, 243, 246, 245 ]
headPositionsY: [ 70, 69, 70, 69, 71, 69, 73, 71, 70, 70, 71, 72, 68, 70,
    69, 67, 67, 67, 68, 68, 68, 71, 72, 68, 70, 71, 73, 72, 69, 70, 70,
    70, 68, 71, 70, 71, 71, 71, 70, 71, 70, 70, 72, 69, 73, 70, 69, 70,
    70, 70, 71, 72, 72, 71, 71, 69, 72, 67, 70, 69, 69, 72, 70, 68, 70,
    67, 71, 71, 71, 70, 69, 71, 72, 69, 72, 69, 70, 71, 71, 69, 70, 73,
    73, 74, 71, 70, 70, 73, 72, 71, 73, 73, 74, 74, 73, 73, 72, 70, 71,
    72 ]
