%YAML:1.0
---
videoName: "headShake34.mp4"
gestureLabel: 201
fps: 29
pixelSizeInCmTemp: 3.2364864864864862e-01
faceCenterPointX: 263
faceCenterPointY: 83
headPositionsX: [ 262, 264, 264, 265, 261, 262, 266, 263, 265, 264, 262,
    262, 266, 264, 262, 265, 264, 262, 265, 264, 267, 266, 264, 266, 267,
    262, 266, 262, 265, 262, 265, 262, 263, 263, 262, 263, 264, 269, 270,
    270, 269, 273, 273, 278, 278, 277, 277, 277, 277, 274, 270, 268, 261,
    258, 256, 251, 252, 251, 253, 255, 259, 258, 266, 267, 270, 272, 268,
    267, 263, 259, 257, 257, 256, 256, 257, 255, 256, 262, 262, 266, 262,
    267, 268, 264, 267, 264, 267, 264, 266, 267, 266, 262, 266, 261, 265,
    263, 263, 263, 265, 262 ]
headPositionsY: [ 83, 81, 82, 85, 82, 86, 84, 83, 84, 86, 82, 83, 82, 84,
    81, 81, 80, 82, 83, 84, 84, 82, 84, 82, 81, 84, 83, 84, 85, 81, 81,
    81, 82, 84, 82, 83, 85, 85, 84, 85, 81, 82, 84, 82, 82, 81, 81, 80,
    81, 84, 82, 84, 81, 82, 82, 79, 81, 81, 84, 80, 84, 83, 83, 83, 85,
    80, 83, 83, 83, 84, 84, 82, 85, 81, 81, 83, 81, 81, 85, 85, 82, 84,
    81, 84, 84, 83, 81, 81, 83, 86, 81, 84, 86, 84, 84, 81, 82, 82, 83,
    84 ]
