%YAML:1.0
---
videoName: "headLookUp8.mp4"
gestureLabel: 205
fps: 29
pixelSizeInCmTemp: 3.4214285714285714e-01
faceCenterPointX: 253
faceCenterPointY: 59
headPositionsX: [ 251, 251, 254, 251, 254, 253, 255, 252, 253, 251, 252,
    253, 252, 251, 251, 254, 252, 252, 254, 249, 251, 250, 250, 252, 254,
    251, 250, 254, 253, 252, 252, 254, 253, 252, 254, 252, 252, 254, 254,
    254, 254, 250, 254, 251, 251, 251, 254, 250, 253, 250, 254, 255, 250,
    253, 252, 251, 254, 253, 251, 252, 251, 253, 252, 253, 255, 254, 250,
    252, 250, 255, 255, 250, 253, 253, 253, 255, 254, 253, 255, 254, 252,
    252, 251, 250, 250, 253, 252, 251, 254, 251, 254, 255, 254, 254, 251,
    251, 251, 252, 255, 255 ]
headPositionsY: [ 60, 78, 75, 76, 75, 77, 75, 77, 74, 75, 77, 74, 74, 77,
    73, 73, 74, 69, 69, 68, 67, 67, 68, 67, 67, 68, 66, 67, 63, 62, 65,
    60, 64, 61, 60, 59, 63, 58, 62, 61, 59, 58, 61, 57, 58, 60, 58, 60,
    57, 59, 58, 57, 56, 57, 59, 58, 59, 59, 57, 60, 58, 60, 60, 60, 58,
    58, 58, 58, 61, 59, 61, 60, 57, 57, 57, 57, 60, 61, 57, 58, 59, 59,
    59, 58, 59, 58, 61, 58, 59, 60, 57, 57, 58, 59, 60, 60, 57, 58, 60,
    61 ]
