%YAML:1.0
---
videoName: "headShake49.mp4"
gestureLabel: 201
fps: 30
pixelSizeInCmTemp: 2.8855421686746985e-01
faceCenterPointX: 259
faceCenterPointY: 84
headPositionsX: [ 260, 262, 259, 262, 263, 262, 262, 260, 263, 259, 263,
    261, 261, 262, 261, 259, 263, 262, 263, 261, 263, 259, 260, 263, 263,
    258, 259, 260, 263, 260, 263, 262, 264, 266, 267, 271, 278, 278, 282,
    285, 284, 278, 272, 265, 257, 253, 249, 248, 250, 257, 260, 267, 272,
    275, 270, 267, 261, 257, 252, 251, 245, 253, 258, 258, 264, 272, 270,
    269, 262, 260, 256, 254, 255, 256, 256, 264, 267, 267, 268, 268, 268,
    263, 263, 257, 256, 255, 260, 257, 258, 260, 257, 258, 258, 259, 259,
    257, 257, 257, 261, 261 ]
headPositionsY: [ 85, 80, 83, 82, 79, 80, 82, 81, 78, 79, 81, 81, 83, 79,
    81, 82, 80, 82, 82, 82, 81, 81, 78, 81, 81, 81, 80, 82, 83, 81, 83,
    81, 83, 82, 81, 81, 80, 81, 79, 82, 78, 80, 84, 86, 82, 81, 83, 85,
    84, 82, 82, 84, 86, 84, 82, 83, 86, 85, 84, 83, 84, 84, 84, 82, 83,
    86, 86, 86, 87, 86, 84, 84, 86, 86, 85, 83, 86, 85, 84, 86, 85, 87,
    86, 85, 84, 84, 86, 83, 84, 85, 86, 83, 84, 87, 83, 86, 85, 84, 87,
    84 ]
