%YAML:1.0
---
videoName: "headNod13.mp4"
gestureLabel: 202
fps: 29
pixelSizeInCmTemp: 3.2364864864864862e-01
faceCenterPointX: 253
faceCenterPointY: 79
headPositionsX: [ 252, 253, 252, 253, 251, 251, 252, 251, 252, 252, 254,
    254, 253, 253, 254, 256, 255, 253, 253, 253, 253, 255, 254, 252, 254,
    255, 256, 252, 254, 253, 256, 254, 252, 254, 252, 252, 255, 252, 251,
    251, 252, 252, 251, 255, 255, 253, 254, 254, 251, 255, 253, 256, 254,
    255, 253, 256, 252, 251, 255, 253, 253, 255, 254, 251, 253, 255, 255,
    252, 254, 255, 252, 256, 253, 252, 253, 253, 255, 256, 252, 256, 255,
    257, 255, 254, 256, 256, 253, 253, 254, 256, 253, 255, 253, 253, 254,
    254, 254, 251, 251, 250 ]
headPositionsY: [ 80, 71, 73, 75, 74, 71, 74, 75, 71, 76, 73, 74, 72, 73,
    75, 71, 74, 72, 72, 76, 73, 73, 71, 75, 72, 73, 74, 73, 75, 75, 73,
    75, 73, 73, 75, 75, 73, 76, 73, 71, 74, 72, 76, 74, 76, 74, 75, 75,
    74, 73, 70, 70, 68, 66, 66, 70, 70, 72, 77, 75, 81, 81, 78, 78, 73,
    70, 68, 68, 67, 69, 70, 71, 73, 78, 76, 78, 78, 78, 79, 74, 73, 71,
    73, 74, 71, 74, 77, 76, 77, 82, 82, 78, 81, 80, 78, 79, 79, 77, 81,
    78 ]
