%YAML:1.0
---
videoName: "headLookUp3.mp4"
gestureLabel: 205
fps: 29
pixelSizeInCmTemp: 3.7421874999999999e-01
faceCenterPointX: 254
faceCenterPointY: 68
headPositionsX: [ 255, 257, 254, 255, 256, 255, 255, 257, 254, 253, 258,
    253, 256, 255, 254, 257, 256, 257, 259, 258, 256, 258, 255, 259, 254,
    255, 255, 258, 257, 254, 256, 257, 259, 258, 256, 254, 258, 257, 258,
    258, 256, 255, 254, 258, 253, 255, 256, 255, 254, 257, 257, 256, 255,
    255, 255, 256, 255, 254, 252, 255, 256, 256, 255, 258, 257, 253, 258,
    255, 253, 255, 253, 256, 256, 258, 252, 258, 253, 253, 258, 253, 254,
    255, 257, 253, 253, 257, 257, 254, 254, 256, 255, 258, 256, 257, 256,
    254, 253, 258, 255, 257 ]
headPositionsY: [ 68, 84, 85, 84, 82, 84, 83, 81, 84, 82, 81, 80, 80, 84,
    81, 84, 80, 83, 82, 80, 80, 84, 83, 82, 84, 83, 84, 80, 84, 81, 84,
    81, 82, 80, 81, 82, 81, 78, 82, 78, 80, 77, 76, 76, 73, 70, 73, 71,
    71, 70, 65, 66, 68, 67, 69, 67, 71, 66, 68, 68, 68, 66, 66, 69, 69,
    66, 68, 66, 66, 67, 69, 67, 67, 69, 68, 67, 70, 70, 67, 67, 67, 68,
    67, 67, 69, 67, 70, 66, 66, 68, 68, 68, 69, 67, 69, 70, 71, 70, 69,
    67 ]
