%YAML:1.0
---
videoName: "headNod39.mp4"
gestureLabel: 202
fps: 29
pixelSizeInCmTemp: 2.9937500000000000e-01
faceCenterPointX: 268
faceCenterPointY: 78
headPositionsX: [ 270, 268, 269, 268, 267, 270, 268, 266, 269, 267, 269,
    269, 269, 268, 268, 269, 269, 270, 269, 267, 269, 269, 271, 269, 267,
    269, 268, 268, 267, 270, 270, 269, 267, 271, 267, 266, 269, 267, 271,
    271, 268, 270, 268, 268, 269, 270, 270, 269, 268, 269, 265, 266, 265,
    266, 268, 269, 269, 267, 266, 264, 264, 268, 267, 266, 268, 267, 266,
    267, 266, 267, 266, 267, 265, 267, 266, 265, 266, 267, 268, 268, 266,
    266, 268, 267, 267, 267, 268, 264, 268, 268, 266, 266, 266, 268, 269,
    267, 267, 265, 266, 267 ]
headPositionsY: [ 77, 78, 78, 75, 76, 78, 77, 78, 78, 75, 76, 78, 77, 77,
    76, 77, 74, 79, 74, 77, 75, 76, 76, 78, 75, 77, 77, 76, 77, 79, 79,
    74, 76, 75, 78, 77, 78, 79, 81, 79, 82, 82, 84, 88, 84, 81, 80, 73,
    75, 76, 77, 74, 76, 76, 77, 82, 87, 90, 92, 89, 83, 82, 79, 74, 75,
    72, 71, 74, 76, 80, 82, 85, 84, 79, 79, 77, 73, 74, 75, 74, 78, 79,
    81, 82, 79, 79, 78, 78, 79, 77, 76, 80, 76, 77, 78, 78, 79, 77, 77,
    79 ]
