%YAML:1.0
---
videoName: "headShake12.mp4"
gestureLabel: 201
fps: 29
pixelSizeInCmTemp: 3.2808219178082193e-01
faceCenterPointX: 241
faceCenterPointY: 76
headPositionsX: [ 242, 242, 242, 240, 243, 244, 243, 243, 244, 240, 245,
    244, 243, 244, 241, 243, 243, 242, 243, 240, 239, 243, 244, 242, 240,
    240, 244, 240, 240, 239, 243, 242, 243, 243, 243, 244, 240, 239, 241,
    239, 239, 242, 240, 239, 241, 240, 241, 242, 240, 241, 243, 241, 242,
    242, 240, 239, 239, 241, 243, 247, 248, 254, 254, 259, 256, 259, 257,
    252, 246, 240, 238, 235, 229, 231, 237, 239, 244, 250, 252, 256, 254,
    252, 246, 245, 239, 242, 234, 237, 238, 237, 237, 240, 240, 239, 238,
    239, 237, 240, 239, 238 ]
headPositionsY: [ 75, 73, 73, 70, 72, 73, 75, 75, 73, 73, 75, 75, 74, 75,
    75, 72, 76, 74, 76, 76, 75, 71, 73, 76, 71, 74, 76, 73, 75, 71, 76,
    74, 75, 76, 72, 76, 73, 74, 74, 74, 73, 75, 72, 74, 76, 73, 72, 72,
    74, 76, 76, 72, 76, 75, 73, 72, 72, 73, 75, 71, 75, 73, 73, 73, 73,
    74, 71, 74, 74, 77, 78, 77, 76, 74, 77, 78, 76, 76, 74, 73, 74, 77,
    77, 77, 74, 76, 74, 77, 74, 76, 74, 77, 78, 78, 75, 76, 75, 75, 78,
    74 ]
