%YAML:1.0
---
videoName: "headNod3.mp4"
gestureLabel: 202
fps: 29
pixelSizeInCmTemp: 3.1933333333333330e-01
faceCenterPointX: 264
faceCenterPointY: 76
headPositionsX: [ 263, 264, 266, 263, 266, 264, 264, 263, 263, 263, 269,
    267, 267, 266, 268, 266, 264, 266, 267, 266, 265, 263, 267, 267, 267,
    265, 266, 264, 263, 268, 264, 264, 264, 265, 264, 264, 264, 264, 264,
    267, 265, 263, 264, 266, 266, 266, 263, 263, 268, 267, 265, 267, 267,
    266, 262, 265, 263, 262, 263, 266, 265, 263, 261, 263, 262, 264, 265,
    263, 265, 266, 262, 264, 264, 264, 262, 264, 262, 264, 263, 264, 262,
    261, 262, 263, 262, 263, 264, 262, 262, 266, 261, 263, 263, 263, 262,
    264, 264, 266, 266, 264 ]
headPositionsY: [ 76, 74, 79, 74, 78, 78, 74, 76, 76, 73, 73, 76, 72, 73,
    73, 72, 71, 75, 74, 73, 72, 71, 70, 72, 75, 75, 72, 74, 75, 73, 76,
    75, 76, 75, 73, 77, 73, 76, 77, 72, 74, 75, 76, 73, 74, 67, 70, 64,
    67, 68, 70, 71, 70, 77, 80, 82, 85, 81, 83, 78, 76, 73, 67, 70, 65,
    68, 67, 73, 74, 80, 79, 84, 79, 82, 78, 76, 73, 71, 69, 65, 68, 66,
    69, 69, 71, 74, 75, 78, 80, 81, 79, 76, 77, 77, 76, 77, 78, 75, 76,
    77 ]
