%YAML:1.0
---
videoName: "headShake7.mp4"
gestureLabel: 201
fps: 29
pixelSizeInCmTemp: 3.3263888888888887e-01
faceCenterPointX: 244
faceCenterPointY: 72
headPositionsX: [ 242, 243, 241, 241, 242, 242, 244, 243, 242, 244, 244,
    249, 249, 252, 256, 259, 262, 261, 256, 256, 252, 245, 239, 234, 231,
    233, 233, 241, 244, 250, 255, 256, 262, 255, 254, 251, 243, 239, 235,
    227, 228, 230, 232, 237, 241, 244, 248, 255, 253, 254, 254, 251, 246,
    241, 236, 232, 231, 227, 231, 235, 240, 243, 247, 250, 254, 254, 256,
    253, 251, 249, 247, 243, 241, 236, 235, 234, 234, 236, 233, 237, 238,
    238, 243, 246, 245, 245, 247, 247, 245, 247, 248, 245, 244, 247, 244,
    242, 242, 243, 244, 243 ]
headPositionsY: [ 71, 71, 71, 71, 71, 71, 69, 70, 72, 71, 71, 70, 70, 71,
    68, 68, 66, 69, 70, 67, 68, 71, 70, 68, 72, 69, 70, 73, 72, 68, 67,
    67, 71, 71, 70, 70, 71, 69, 73, 71, 71, 69, 72, 71, 72, 72, 68, 67,
    69, 69, 72, 73, 73, 71, 71, 69, 72, 67, 69, 71, 69, 72, 69, 71, 70,
    71, 68, 71, 72, 73, 69, 72, 69, 68, 73, 69, 72, 70, 71, 69, 73, 69,
    70, 71, 71, 73, 72, 69, 73, 70, 73, 72, 74, 74, 72, 72, 72, 72, 74,
    70 ]
