%YAML:1.0
---
videoName: "headLookLeft4.mp4"
gestureLabel: 203
fps: 29
pixelSizeInCmTemp: 3.4710144927536229e-01
faceCenterPointX: 288
faceCenterPointY: 74
headPositionsX: [ 288, 264, 265, 267, 268, 265, 269, 270, 272, 271, 277,
    277, 282, 285, 285, 290, 294, 292, 294, 297, 294, 294, 297, 295, 291,
    295, 293, 297, 299, 293, 294, 294, 293, 292, 290, 296, 296, 295, 294,
    294, 289, 288, 296, 296, 294, 290, 291, 292, 292, 290, 290, 290, 291,
    289, 292, 290, 290, 290, 287, 288, 288, 290, 289, 289, 290, 294, 289,
    291, 286, 289, 290, 290, 290, 293, 289, 288, 294, 285, 292, 292, 291,
    290, 294, 294, 290, 290, 287, 291, 293, 291, 290, 289, 289, 286, 288,
    289, 288, 289, 290, 291 ]
headPositionsY: [ 75, 80, 78, 77, 77, 81, 81, 80, 80, 77, 76, 77, 79, 78,
    79, 75, 79, 77, 76, 82, 75, 76, 76, 75, 74, 73, 75, 77, 75, 78, 77,
    79, 77, 74, 73, 77, 78, 73, 77, 76, 77, 72, 72, 76, 75, 75, 74, 76,
    75, 74, 75, 73, 74, 74, 75, 75, 72, 73, 75, 74, 76, 77, 75, 75, 72,
    75, 74, 72, 74, 76, 74, 76, 74, 74, 75, 77, 75, 73, 76, 75, 76, 74,
    78, 78, 72, 72, 72, 76, 76, 74, 75, 73, 77, 76, 73, 75, 73, 73, 73,
    76 ]
