%YAML:1.0
---
videoName: "headShake1.mp4"
gestureLabel: 201
fps: 29
pixelSizeInCmTemp: 3.3263888888888887e-01
faceCenterPointX: 279
faceCenterPointY: 98
headPositionsX: [ 280, 280, 277, 277, 278, 278, 279, 280, 280, 279, 278,
    281, 278, 280, 277, 278, 278, 279, 277, 278, 279, 281, 277, 280, 280,
    277, 279, 278, 279, 285, 287, 288, 292, 294, 291, 295, 290, 290, 284,
    283, 277, 272, 271, 272, 268, 268, 270, 274, 278, 283, 288, 289, 292,
    290, 289, 286, 285, 278, 272, 272, 267, 268, 270, 270, 273, 279, 283,
    287, 288, 292, 290, 290, 291, 287, 282, 279, 278, 275, 272, 272, 268,
    272, 270, 270, 272, 273, 277, 275, 277, 276, 281, 281, 281, 282, 279,
    281, 280, 278, 281, 278 ]
headPositionsY: [ 98, 97, 98, 99, 98, 95, 96, 96, 99, 96, 98, 95, 96, 97,
    96, 97, 97, 96, 97, 98, 99, 97, 99, 98, 100, 99, 96, 97, 96, 97, 96,
    96, 96, 97, 96, 95, 96, 95, 97, 98, 97, 99, 94, 96, 96, 96, 97, 96,
    97, 93, 94, 95, 95, 98, 93, 98, 99, 95, 99, 94, 95, 95, 94, 93, 97,
    98, 96, 97, 98, 93, 93, 93, 94, 97, 97, 96, 95, 98, 98, 97, 96, 96,
    98, 99, 97, 97, 99, 97, 96, 95, 98, 96, 99, 96, 97, 100, 99, 99, 98,
    99 ]
