%YAML:1.0
---
videoName: "headShake45.mp4"
gestureLabel: 201
fps: 30
pixelSizeInCmTemp: 3.3263888888888887e-01
faceCenterPointX: 262
faceCenterPointY: 84
headPositionsX: [ 261, 261, 260, 264, 264, 265, 264, 261, 265, 261, 263,
    265, 263, 262, 260, 264, 261, 263, 263, 261, 262, 264, 264, 264, 261,
    261, 261, 260, 260, 263, 263, 261, 261, 263, 264, 261, 263, 262, 261,
    259, 254, 256, 258, 267, 272, 276, 279, 283, 279, 279, 270, 266, 261,
    257, 252, 254, 260, 261, 269, 269, 272, 274, 270, 269, 262, 258, 258,
    253, 257, 258, 265, 268, 272, 271, 269, 266, 265, 258, 255, 258, 259,
    259, 260, 264, 263, 263, 261, 262, 259, 260, 259, 262, 260, 261, 261,
    264, 263, 264, 260, 264 ]
headPositionsY: [ 85, 82, 80, 80, 82, 82, 80, 80, 84, 81, 79, 80, 83, 81,
    82, 80, 82, 83, 84, 83, 82, 83, 83, 83, 84, 83, 82, 82, 83, 80, 83,
    83, 81, 81, 83, 80, 83, 83, 84, 83, 84, 80, 82, 82, 84, 83, 82, 80,
    81, 80, 83, 82, 84, 83, 84, 85, 84, 83, 84, 82, 81, 84, 80, 83, 84,
    82, 84, 82, 82, 80, 81, 83, 84, 82, 84, 82, 85, 84, 84, 80, 82, 80,
    85, 83, 83, 82, 83, 81, 84, 83, 84, 83, 81, 81, 82, 85, 84, 83, 83,
    84 ]
