%YAML:1.0
---
videoName: "headShake48.mp4"
gestureLabel: 201
fps: 29
pixelSizeInCmTemp: 3.1103896103896100e-01
faceCenterPointX: 258
faceCenterPointY: 85
headPositionsX: [ 256, 259, 260, 259, 260, 257, 257, 260, 258, 258, 261,
    261, 261, 258, 262, 260, 260, 260, 261, 259, 262, 261, 261, 261, 258,
    259, 257, 258, 260, 260, 262, 257, 260, 258, 260, 264, 266, 267, 273,
    272, 275, 276, 273, 269, 263, 256, 250, 247, 245, 248, 254, 260, 264,
    267, 266, 269, 265, 262, 256, 250, 249, 249, 251, 257, 263, 264, 269,
    268, 265, 263, 255, 253, 250, 249, 250, 252, 257, 260, 261, 264, 265,
    264, 266, 260, 262, 258, 258, 260, 258, 259, 258, 257, 257, 260, 257,
    261, 261, 258, 259, 260 ]
headPositionsY: [ 83, 80, 78, 77, 76, 78, 78, 81, 79, 79, 79, 81, 81, 79,
    80, 79, 80, 79, 79, 81, 82, 82, 83, 80, 79, 83, 82, 82, 82, 81, 82,
    79, 80, 79, 82, 82, 80, 81, 83, 80, 84, 85, 86, 83, 85, 81, 81, 83,
    84, 83, 84, 85, 85, 87, 84, 84, 87, 85, 85, 84, 84, 84, 86, 89, 84,
    89, 85, 88, 88, 86, 89, 88, 87, 85, 85, 86, 87, 88, 88, 85, 86, 84,
    85, 87, 89, 85, 86, 88, 86, 87, 85, 85, 86, 86, 87, 84, 87, 85, 85,
    87 ]
