%YAML:1.0
---
videoName: "headNod26.mp4"
gestureLabel: 202
fps: 29
pixelSizeInCmTemp: 3.1513157894736843e-01
faceCenterPointX: 271
faceCenterPointY: 78
headPositionsX: [ 270, 274, 272, 272, 272, 271, 273, 273, 274, 270, 270,
    272, 274, 274, 272, 273, 273, 270, 272, 274, 273, 275, 275, 273, 273,
    273, 270, 271, 273, 273, 272, 269, 274, 272, 274, 273, 271, 273, 271,
    273, 273, 272, 272, 273, 274, 272, 271, 271, 272, 271, 270, 272, 271,
    273, 272, 271, 270, 270, 271, 269, 270, 270, 272, 274, 271, 271, 273,
    274, 273, 271, 271, 274, 273, 269, 271, 271, 273, 272, 270, 273, 272,
    269, 272, 269, 271, 271, 269, 273, 271, 273, 269, 273, 271, 270, 269,
    268, 270, 268, 270, 273 ]
headPositionsY: [ 80, 74, 75, 73, 74, 71, 73, 70, 69, 69, 68, 64, 63, 66,
    68, 66, 70, 70, 75, 76, 76, 84, 82, 84, 81, 81, 80, 75, 73, 72, 67,
    69, 68, 68, 68, 69, 73, 77, 78, 77, 77, 76, 79, 72, 72, 69, 69, 68,
    68, 71, 67, 70, 72, 74, 75, 77, 76, 76, 73, 72, 69, 67, 66, 68, 67,
    69, 67, 70, 69, 72, 72, 77, 76, 78, 76, 76, 70, 70, 68, 69, 68, 68,
    71, 68, 72, 75, 73, 77, 80, 78, 78, 81, 80, 77, 76, 78, 79, 78, 77,
    78 ]
