%YAML:1.0
---
videoName: "headNod3.mp4"
gestureLabel: 202
fps: 29
pixelSizeInCmTemp: 3.1933333333333330e-01
faceCenterPointX: 264
faceCenterPointY: 76
headPositionsX: [ 266, 263, 264, 262, 265, 265, 263, 263, 263, 266, 267,
    264, 266, 267, 268, 264, 266, 265, 264, 267, 265, 267, 263, 264, 263,
    266, 267, 264, 267, 267, 263, 266, 265, 268, 265, 264, 264, 267, 267,
    264, 267, 264, 268, 267, 265, 264, 266, 264, 264, 266, 265, 266, 264,
    266, 262, 262, 263, 263, 261, 262, 263, 262, 264, 266, 264, 266, 262,
    267, 264, 263, 266, 266, 262, 266, 262, 261, 264, 265, 264, 262, 263,
    262, 265, 264, 263, 261, 266, 261, 263, 266, 264, 263, 261, 265, 262,
    266, 265, 265, 264, 263 ]
headPositionsY: [ 78, 77, 76, 78, 75, 76, 74, 76, 75, 75, 76, 74, 72, 72,
    72, 74, 75, 72, 75, 74, 71, 74, 71, 71, 71, 71, 74, 72, 74, 73, 73,
    75, 76, 75, 75, 74, 75, 77, 77, 72, 75, 72, 73, 71, 70, 69, 70, 67,
    65, 65, 68, 71, 73, 76, 79, 82, 84, 82, 81, 76, 77, 74, 68, 68, 66,
    66, 70, 74, 72, 79, 81, 82, 81, 80, 75, 76, 71, 68, 67, 64, 68, 66,
    70, 70, 73, 75, 75, 78, 79, 78, 78, 79, 75, 75, 78, 77, 76, 78, 77,
    75 ]
