%YAML:1.0
---
videoName: "headNod24.mp4"
gestureLabel: 202
fps: 29
pixelSizeInCmTemp: 3.1513157894736843e-01
faceCenterPointX: 272
faceCenterPointY: 72
headPositionsX: [ 270, 274, 275, 274, 272, 273, 276, 274, 277, 274, 273,
    274, 274, 275, 274, 275, 273, 276, 272, 276, 275, 273, 272, 273, 273,
    271, 274, 275, 274, 274, 274, 275, 271, 271, 274, 272, 272, 275, 271,
    273, 275, 273, 270, 271, 269, 273, 274, 273, 272, 271, 271, 273, 272,
    271, 271, 273, 271, 273, 272, 270, 269, 273, 268, 269, 269, 269, 270,
    273, 273, 271, 271, 271, 270, 271, 268, 270, 269, 271, 273, 268, 272,
    270, 272, 268, 267, 272, 272, 270, 270, 273, 272, 268, 273, 271, 271,
    274, 272, 272, 274, 271 ]
headPositionsY: [ 74, 73, 72, 71, 74, 75, 72, 74, 76, 74, 73, 76, 72, 73,
    75, 76, 75, 72, 73, 72, 72, 75, 72, 74, 74, 74, 74, 76, 75, 75, 73,
    73, 71, 74, 75, 73, 72, 69, 71, 69, 71, 71, 75, 82, 82, 81, 78, 76,
    69, 66, 68, 67, 68, 70, 75, 75, 77, 74, 69, 69, 64, 65, 66, 70, 69,
    75, 75, 74, 73, 72, 71, 68, 71, 69, 70, 72, 73, 76, 75, 73, 74, 72,
    72, 73, 70, 69, 68, 70, 72, 73, 72, 69, 71, 71, 74, 74, 71, 74, 71,
    69 ]
