%YAML:1.0
---
videoName: "headNod30.mp4"
gestureLabel: 202
fps: 29
pixelSizeInCmTemp: 3.2364864864864862e-01
faceCenterPointX: 271
faceCenterPointY: 72
headPositionsX: [ 273, 273, 270, 272, 274, 271, 271, 271, 271, 271, 274,
    269, 272, 273, 271, 271, 272, 269, 272, 274, 274, 269, 274, 273, 271,
    270, 271, 272, 271, 274, 274, 273, 273, 272, 270, 268, 269, 269, 271,
    269, 268, 269, 271, 270, 268, 269, 269, 271, 270, 269, 268, 269, 267,
    270, 272, 271, 269, 272, 272, 269, 269, 273, 271, 269, 271, 270, 271,
    273, 273, 271, 270, 270, 271, 272, 270, 272, 270, 270, 271, 271, 269,
    273, 269, 269, 272, 272, 273, 271, 274, 272, 273, 271, 269, 270, 271,
    273, 271, 273, 272, 273 ]
headPositionsY: [ 72, 75, 75, 76, 74, 74, 77, 75, 75, 77, 76, 75, 77, 77,
    76, 76, 77, 77, 78, 74, 74, 73, 72, 68, 67, 69, 67, 70, 69, 70, 74,
    74, 78, 84, 80, 81, 81, 77, 74, 73, 71, 70, 73, 74, 72, 75, 79, 82,
    78, 80, 79, 73, 75, 71, 72, 71, 69, 73, 73, 75, 74, 76, 75, 74, 76,
    73, 73, 69, 69, 71, 70, 73, 70, 72, 72, 75, 77, 77, 75, 69, 72, 71,
    71, 69, 72, 69, 73, 74, 72, 75, 72, 72, 72, 75, 74, 71, 74, 74, 73,
    72 ]
