%YAML:1.0
---
videoName: "headLookRight2.mp4"
gestureLabel: 204
fps: 29
pixelSizeInCmTemp: 3.8015873015873014e-01
faceCenterPointX: 228
faceCenterPointY: 68
headPositionsX: [ 229, 250, 250, 251, 250, 252, 250, 250, 252, 251, 249,
    251, 254, 249, 251, 251, 254, 251, 253, 254, 254, 254, 252, 253, 254,
    253, 254, 251, 250, 255, 253, 255, 254, 253, 255, 252, 255, 254, 255,
    253, 254, 251, 250, 252, 250, 254, 251, 250, 249, 248, 247, 243, 244,
    239, 241, 234, 235, 235, 232, 228, 228, 229, 232, 226, 229, 227, 225,
    228, 224, 228, 228, 227, 228, 229, 228, 229, 227, 229, 228, 229, 228,
    228, 229, 227, 230, 228, 232, 226, 227, 227, 225, 230, 228, 230, 230,
    227, 230, 232, 228, 228 ]
headPositionsY: [ 70, 68, 69, 69, 66, 70, 68, 70, 69, 67, 68, 70, 71, 70,
    67, 69, 70, 68, 68, 71, 70, 68, 68, 71, 71, 68, 68, 72, 72, 69, 71,
    67, 71, 69, 70, 69, 69, 67, 68, 68, 70, 71, 71, 69, 68, 67, 68, 70,
    67, 69, 66, 71, 67, 68, 68, 71, 70, 72, 71, 72, 68, 66, 69, 66, 68,
    68, 68, 69, 71, 68, 71, 66, 67, 70, 72, 72, 70, 69, 68, 69, 68, 70,
    70, 71, 71, 70, 70, 68, 69, 69, 68, 68, 70, 67, 67, 67, 69, 70, 72,
    69 ]
