%YAML:1.0
---
videoName: "headShake49.mp4"
gestureLabel: 201
fps: 30
pixelSizeInCmTemp: 2.8855421686746985e-01
faceCenterPointX: 259
faceCenterPointY: 84
headPositionsX: [ 258, 262, 260, 258, 260, 260, 262, 261, 259, 261, 263,
    263, 263, 260, 260, 261, 259, 260, 263, 259, 262, 263, 258, 263, 262,
    259, 261, 262, 259, 260, 259, 262, 262, 264, 270, 271, 276, 281, 282,
    285, 282, 276, 273, 268, 258, 253, 247, 249, 249, 254, 261, 266, 272,
    273, 270, 266, 262, 256, 250, 249, 247, 252, 257, 259, 265, 271, 268,
    268, 266, 261, 257, 253, 256, 253, 259, 260, 267, 266, 270, 269, 266,
    263, 259, 261, 256, 257, 260, 259, 259, 261, 260, 258, 258, 262, 257,
    259, 257, 261, 260, 257 ]
headPositionsY: [ 86, 80, 83, 78, 80, 80, 78, 80, 80, 80, 80, 81, 80, 79,
    80, 79, 81, 79, 79, 82, 82, 83, 79, 81, 82, 79, 80, 82, 79, 82, 81,
    80, 82, 80, 83, 83, 81, 82, 81, 79, 82, 79, 81, 84, 83, 81, 83, 86,
    81, 84, 86, 82, 83, 85, 82, 85, 84, 85, 83, 83, 85, 85, 86, 85, 87,
    84, 83, 85, 85, 86, 87, 82, 83, 82, 85, 84, 82, 82, 82, 87, 87, 87,
    86, 83, 83, 82, 86, 84, 86, 84, 85, 85, 85, 87, 86, 84, 86, 85, 87,
    85 ]
