%YAML:1.0
---
videoName: "headLookLeft8.mp4"
gestureLabel: 203
fps: 29
pixelSizeInCmTemp: 3.6287878787878786e-01
faceCenterPointX: 273
faceCenterPointY: 69
headPositionsX: [ 271, 243, 244, 242, 241, 242, 240, 239, 241, 240, 242,
    241, 243, 245, 244, 246, 246, 246, 246, 247, 248, 247, 249, 249, 248,
    249, 245, 249, 244, 247, 246, 247, 246, 245, 246, 246, 247, 247, 247,
    246, 246, 246, 246, 246, 245, 247, 248, 245, 247, 248, 246, 245, 247,
    248, 248, 253, 256, 258, 257, 259, 262, 269, 266, 272, 271, 271, 274,
    282, 280, 276, 276, 277, 279, 274, 276, 276, 276, 273, 278, 280, 280,
    279, 280, 272, 270, 275, 280, 277, 274, 277, 273, 275, 272, 274, 274,
    273, 273, 276, 275, 270 ]
headPositionsY: [ 71, 66, 66, 67, 67, 66, 69, 65, 66, 70, 70, 67, 68, 67,
    70, 69, 68, 70, 69, 70, 69, 68, 69, 70, 68, 72, 72, 72, 72, 69, 71,
    71, 72, 74, 74, 72, 72, 71, 74, 73, 71, 69, 71, 73, 75, 70, 73, 71,
    75, 73, 71, 71, 75, 71, 74, 74, 71, 72, 71, 71, 69, 69, 70, 73, 70,
    71, 68, 70, 73, 68, 71, 68, 69, 68, 71, 70, 69, 67, 69, 68, 71, 70,
    72, 69, 66, 70, 70, 71, 69, 69, 71, 68, 67, 69, 69, 69, 71, 70, 70,
    70 ]
