%YAML:1.0
---
videoName: "headNod27.mp4"
gestureLabel: 202
fps: 29
pixelSizeInCmTemp: 3.0705128205128202e-01
faceCenterPointX: 271
faceCenterPointY: 77
headPositionsX: [ 272, 271, 274, 270, 272, 274, 270, 274, 274, 274, 271,
    271, 272, 270, 273, 270, 271, 271, 274, 273, 275, 271, 270, 271, 272,
    275, 271, 273, 275, 274, 271, 269, 271, 273, 271, 269, 267, 267, 271,
    268, 268, 270, 272, 269, 269, 272, 272, 267, 268, 272, 270, 268, 270,
    272, 271, 270, 269, 269, 272, 272, 270, 271, 270, 268, 270, 266, 268,
    267, 270, 270, 267, 271, 270, 270, 269, 269, 267, 267, 267, 270, 267,
    267, 268, 267, 271, 271, 269, 268, 272, 272, 273, 269, 271, 272, 270,
    271, 269, 272, 269, 271 ]
headPositionsY: [ 77, 73, 73, 72, 73, 71, 73, 76, 73, 75, 71, 72, 76, 72,
    75, 74, 74, 72, 73, 75, 75, 71, 71, 64, 65, 64, 65, 64, 62, 68, 69,
    76, 83, 85, 84, 81, 81, 79, 74, 71, 69, 68, 66, 70, 68, 73, 74, 78,
    78, 81, 77, 78, 76, 70, 72, 70, 70, 70, 72, 75, 77, 80, 80, 82, 81,
    78, 77, 76, 72, 70, 71, 73, 72, 79, 79, 81, 77, 78, 76, 72, 72, 71,
    73, 69, 70, 71, 75, 77, 79, 81, 79, 81, 76, 77, 76, 75, 76, 77, 78,
    78 ]
