%YAML:1.0
---
videoName: "headShake37.mp4"
gestureLabel: 201
fps: 30
pixelSizeInCmTemp: 3.1933333333333330e-01
faceCenterPointX: 263
faceCenterPointY: 83
headPositionsX: [ 263, 258, 260, 263, 259, 263, 263, 265, 263, 260, 264,
    264, 263, 264, 263, 260, 264, 263, 261, 262, 262, 261, 262, 261, 262,
    260, 263, 262, 263, 261, 260, 262, 262, 262, 263, 264, 264, 261, 261,
    262, 264, 264, 263, 259, 258, 261, 263, 266, 268, 271, 276, 275, 282,
    279, 281, 277, 272, 265, 259, 254, 251, 255, 256, 256, 264, 270, 269,
    273, 271, 273, 268, 266, 259, 258, 254, 254, 256, 251, 256, 259, 260,
    263, 264, 266, 264, 264, 266, 266, 265, 266, 262, 263, 265, 264, 263,
    262, 263, 263, 262, 261 ]
headPositionsY: [ 83, 82, 82, 84, 81, 81, 82, 85, 81, 84, 83, 82, 82, 81,
    83, 82, 81, 83, 81, 84, 84, 85, 82, 83, 85, 82, 84, 84, 83, 84, 82,
    82, 83, 85, 84, 81, 83, 82, 81, 82, 83, 85, 84, 85, 84, 84, 81, 85,
    84, 83, 82, 78, 79, 80, 80, 82, 84, 85, 80, 84, 79, 80, 80, 82, 80,
    85, 82, 82, 81, 81, 84, 85, 82, 81, 82, 81, 82, 83, 82, 81, 83, 80,
    84, 85, 84, 85, 83, 80, 80, 86, 83, 83, 81, 85, 83, 84, 84, 83, 85,
    83 ]
