%YAML:1.0
---
videoName: "headLookRight4.mp4"
gestureLabel: 204
fps: 30
pixelSizeInCmTemp: 3.4214285714285714e-01
faceCenterPointX: 228
faceCenterPointY: 75
headPositionsX: [ 229, 251, 255, 255, 252, 253, 255, 253, 252, 255, 252,
    254, 256, 254, 253, 251, 252, 252, 251, 253, 254, 250, 254, 252, 252,
    255, 252, 253, 252, 249, 250, 248, 246, 247, 244, 242, 241, 238, 236,
    233, 235, 231, 228, 231, 232, 229, 230, 230, 229, 229, 229, 229, 226,
    228, 229, 229, 227, 229, 226, 229, 226, 227, 227, 228, 227, 227, 228,
    227, 228, 227, 223, 229, 225, 223, 226, 225, 230, 223, 230, 228, 227,
    229, 226, 229, 223, 226, 226, 225, 227, 228, 228, 226, 226, 229, 226,
    228, 224, 225, 227, 227 ]
headPositionsY: [ 77, 74, 70, 70, 71, 70, 72, 70, 74, 72, 72, 74, 72, 71,
    75, 72, 74, 75, 75, 74, 74, 73, 75, 72, 75, 72, 73, 75, 74, 76, 74,
    74, 75, 74, 74, 70, 71, 75, 70, 73, 74, 71, 70, 74, 73, 74, 72, 72,
    72, 72, 72, 72, 73, 74, 72, 73, 72, 71, 73, 74, 76, 73, 73, 77, 76,
    75, 72, 76, 73, 72, 77, 75, 77, 73, 77, 74, 75, 75, 76, 75, 75, 76,
    74, 76, 75, 77, 74, 74, 75, 74, 73, 72, 74, 76, 76, 73, 77, 76, 75,
    73 ]
