%YAML:1.0
---
videoName: "headLookLeft2.mp4"
gestureLabel: 203
fps: 29
pixelSizeInCmTemp: 3.6846153846153845e-01
faceCenterPointX: 278
faceCenterPointY: 74
headPositionsX: [ 276, 256, 260, 261, 257, 261, 257, 258, 260, 259, 259,
    258, 258, 261, 260, 261, 262, 263, 264, 260, 261, 266, 267, 268, 266,
    272, 272, 275, 272, 276, 279, 276, 275, 278, 278, 279, 278, 280, 279,
    280, 279, 281, 284, 282, 282, 279, 280, 281, 287, 279, 281, 280, 282,
    280, 276, 281, 281, 273, 281, 278, 281, 276, 279, 281, 281, 279, 282,
    282, 283, 280, 281, 283, 280, 275, 279, 280, 277, 282, 280, 279, 277,
    278, 281, 280, 280, 276, 283, 277, 278, 280, 282, 281, 284, 280, 280,
    279, 281, 279, 286, 280 ]
headPositionsY: [ 76, 72, 75, 75, 75, 74, 76, 78, 77, 77, 77, 77, 76, 76,
    77, 78, 77, 73, 76, 74, 73, 74, 76, 76, 77, 77, 74, 77, 75, 74, 73,
    73, 71, 75, 75, 76, 73, 73, 73, 76, 73, 76, 76, 74, 75, 74, 73, 75,
    75, 73, 75, 74, 74, 75, 75, 74, 73, 76, 72, 76, 77, 72, 74, 73, 76,
    76, 75, 77, 73, 74, 74, 72, 74, 72, 74, 76, 73, 77, 73, 74, 76, 71,
    72, 74, 74, 73, 73, 76, 73, 73, 77, 72, 75, 74, 74, 74, 74, 73, 77,
    71 ]
