%YAML:1.0
---
videoName: "headNod41.mp4"
gestureLabel: 202
fps: 29
pixelSizeInCmTemp: 2.9937500000000000e-01
faceCenterPointX: 267
faceCenterPointY: 76
headPositionsX: [ 265, 269, 269, 269, 268, 268, 270, 269, 272, 269, 270,
    270, 269, 271, 272, 272, 269, 271, 273, 271, 273, 273, 273, 271, 268,
    269, 267, 267, 271, 268, 271, 271, 269, 272, 267, 270, 269, 268, 271,
    270, 272, 271, 269, 269, 270, 267, 270, 267, 268, 266, 268, 269, 270,
    268, 271, 270, 268, 268, 269, 267, 269, 268, 269, 270, 270, 267, 268,
    270, 270, 266, 269, 266, 270, 267, 270, 265, 269, 267, 269, 266, 269,
    265, 270, 269, 267, 268, 268, 269, 270, 266, 269, 267, 265, 267, 266,
    267, 267, 265, 266, 270 ]
headPositionsY: [ 78, 71, 72, 72, 72, 71, 71, 72, 71, 73, 73, 73, 74, 72,
    73, 72, 72, 76, 72, 75, 73, 72, 74, 73, 75, 74, 72, 75, 74, 76, 75,
    74, 76, 71, 73, 72, 76, 77, 78, 79, 81, 84, 84, 88, 92, 93, 88, 89,
    86, 80, 77, 68, 71, 64, 62, 66, 67, 69, 74, 77, 80, 84, 90, 95, 92,
    90, 87, 80, 78, 73, 72, 71, 73, 69, 71, 78, 78, 85, 83, 85, 80, 79,
    76, 72, 72, 73, 74, 74, 72, 74, 78, 78, 81, 80, 79, 76, 78, 76, 76,
    77 ]
