%YAML:1.0
---
videoName: "headShake30.mp4"
gestureLabel: 201
fps: 29
pixelSizeInCmTemp: 3.2808219178082193e-01
faceCenterPointX: 240
faceCenterPointY: 68
headPositionsX: [ 238, 235, 231, 231, 234, 233, 235, 231, 236, 234, 235,
    235, 235, 237, 239, 241, 240, 242, 245, 241, 244, 242, 244, 245, 245,
    244, 244, 242, 240, 242, 241, 238, 238, 241, 240, 240, 241, 242, 241,
    247, 249, 254, 256, 258, 257, 260, 259, 256, 251, 245, 238, 229, 228,
    226, 222, 226, 231, 233, 241, 246, 248, 250, 253, 249, 244, 244, 239,
    233, 227, 227, 228, 229, 233, 235, 241, 244, 246, 250, 250, 248, 246,
    243, 244, 240, 237, 237, 235, 235, 236, 240, 238, 239, 242, 242, 240,
    239, 238, 240, 239, 240 ]
headPositionsY: [ 69, 56, 55, 58, 56, 57, 61, 59, 59, 63, 64, 65, 66, 66,
    67, 67, 65, 65, 64, 65, 64, 64, 67, 66, 68, 67, 63, 68, 67, 65, 64,
    67, 66, 64, 66, 65, 65, 67, 67, 65, 63, 65, 65, 67, 63, 67, 64, 67,
    66, 69, 70, 67, 69, 66, 69, 67, 69, 68, 68, 71, 68, 66, 67, 67, 71,
    69, 68, 66, 66, 67, 70, 71, 66, 66, 70, 66, 68, 66, 67, 66, 67, 65,
    65, 70, 66, 65, 70, 68, 68, 66, 70, 70, 67, 70, 70, 65, 67, 66, 68,
    68 ]
