%YAML:1.0
---
videoName: "headNod38.mp4"
gestureLabel: 202
fps: 29
pixelSizeInCmTemp: 2.9937500000000000e-01
faceCenterPointX: 267
faceCenterPointY: 73
headPositionsX: [ 265, 269, 267, 268, 268, 269, 268, 267, 265, 268, 264,
    265, 267, 266, 265, 269, 267, 267, 266, 266, 265, 265, 266, 264, 267,
    265, 265, 265, 265, 262, 267, 267, 263, 267, 265, 262, 264, 266, 264,
    267, 265, 266, 268, 266, 265, 269, 264, 268, 269, 269, 268, 266, 270,
    269, 269, 268, 270, 270, 270, 268, 270, 270, 270, 268, 269, 270, 268,
    267, 270, 270, 271, 270, 268, 266, 269, 269, 266, 270, 267, 267, 265,
    266, 266, 268, 267, 267, 268, 268, 268, 268, 267, 267, 265, 270, 265,
    265, 266, 268, 270, 268 ]
headPositionsY: [ 75, 76, 75, 73, 80, 83, 83, 87, 84, 85, 79, 76, 75, 74,
    80, 81, 83, 86, 86, 83, 80, 79, 74, 74, 76, 80, 83, 86, 87, 86, 91,
    88, 82, 78, 78, 75, 74, 75, 76, 77, 84, 86, 89, 89, 86, 81, 81, 77,
    72, 73, 72, 69, 73, 73, 78, 82, 83, 87, 85, 85, 82, 77, 75, 75, 72,
    75, 72, 75, 74, 78, 80, 83, 83, 87, 87, 83, 83, 82, 81, 77, 73, 75,
    74, 73, 71, 73, 73, 74, 75, 73, 73, 74, 71, 75, 75, 72, 72, 74, 73,
    76 ]
