%YAML:1.0
---
videoName: "headShake0.mp4"
gestureLabel: 201
fps: 29
pixelSizeInCmTemp: 3.2808219178082193e-01
faceCenterPointX: 279
faceCenterPointY: 94
headPositionsX: [ 279, 277, 277, 280, 278, 277, 281, 278, 279, 279, 279,
    278, 277, 276, 278, 281, 279, 281, 279, 280, 278, 279, 280, 278, 280,
    281, 279, 279, 281, 277, 279, 279, 278, 276, 280, 277, 278, 280, 278,
    279, 280, 279, 284, 287, 293, 293, 297, 300, 300, 298, 295, 295, 290,
    282, 275, 276, 271, 271, 273, 275, 281, 288, 291, 289, 292, 289, 287,
    281, 279, 274, 272, 274, 275, 276, 279, 281, 286, 282, 285, 281, 280,
    281, 278, 278, 275, 274, 279, 277, 279, 277, 277, 279, 280, 279, 278,
    277, 278, 279, 281, 279 ]
headPositionsY: [ 93, 91, 95, 92, 95, 95, 94, 93, 92, 95, 91, 93, 93, 94,
    95, 95, 91, 92, 94, 93, 92, 93, 91, 92, 94, 92, 95, 91, 92, 93, 91,
    94, 93, 93, 94, 92, 94, 92, 94, 95, 92, 94, 91, 89, 92, 91, 90, 90,
    92, 91, 91, 90, 94, 95, 92, 95, 95, 94, 94, 92, 93, 90, 90, 91, 94,
    92, 95, 95, 94, 94, 92, 95, 93, 95, 92, 95, 93, 91, 92, 95, 92, 94,
    95, 94, 92, 92, 92, 94, 93, 93, 94, 97, 92, 92, 94, 96, 93, 93, 92,
    96 ]
