%YAML:1.0
---
videoName: "headNod36.mp4"
gestureLabel: 202
fps: 29
pixelSizeInCmTemp: 2.8176470588235292e-01
faceCenterPointX: 269
faceCenterPointY: 75
headPositionsX: [ 268, 271, 269, 269, 269, 268, 271, 268, 269, 271, 269,
    270, 268, 268, 272, 271, 271, 272, 269, 270, 272, 269, 271, 270, 271,
    271, 270, 271, 268, 268, 271, 270, 269, 269, 269, 269, 268, 269, 266,
    265, 268, 267, 270, 269, 270, 272, 268, 268, 269, 272, 271, 268, 271,
    271, 270, 269, 270, 269, 267, 268, 270, 268, 269, 268, 268, 269, 269,
    267, 266, 270, 269, 269, 268, 269, 266, 266, 268, 270, 267, 267, 270,
    268, 267, 270, 269, 268, 269, 267, 271, 271, 270, 267, 268, 267, 267,
    270, 270, 268, 268, 271 ]
headPositionsY: [ 76, 72, 74, 73, 75, 75, 74, 75, 77, 72, 75, 75, 72, 74,
    74, 72, 72, 78, 73, 77, 79, 76, 77, 77, 73, 77, 69, 68, 65, 63, 65,
    66, 72, 76, 81, 84, 87, 87, 92, 89, 83, 80, 74, 72, 75, 69, 70, 68,
    66, 69, 68, 72, 78, 82, 83, 85, 87, 85, 82, 83, 77, 74, 74, 71, 73,
    75, 75, 78, 80, 81, 86, 80, 80, 77, 76, 73, 76, 75, 76, 79, 81, 85,
    83, 82, 85, 85, 80, 79, 79, 76, 77, 73, 77, 73, 77, 74, 75, 75, 73,
    75 ]
