%YAML:1.0
---
videoName: "headLookLeft3.mp4"
gestureLabel: 203
fps: 29
pixelSizeInCmTemp: 3.4214285714285714e-01
faceCenterPointX: 290
faceCenterPointY: 74
headPositionsX: [ 288, 264, 265, 263, 262, 266, 268, 268, 267, 269, 270,
    273, 275, 278, 282, 284, 286, 286, 290, 287, 287, 287, 294, 290, 284,
    287, 297, 290, 287, 281, 289, 288, 293, 291, 288, 289, 282, 292, 289,
    288, 288, 288, 290, 294, 291, 290, 290, 289, 289, 288, 290, 291, 290,
    289, 288, 287, 287, 288, 291, 292, 291, 292, 290, 289, 286, 288, 291,
    291, 288, 290, 288, 287, 285, 286, 285, 288, 287, 287, 285, 285, 289,
    288, 287, 285, 290, 287, 289, 290, 286, 289, 288, 287, 288, 287, 284,
    284, 289, 287, 289, 285 ]
headPositionsY: [ 75, 78, 75, 75, 79, 78, 77, 80, 75, 79, 76, 76, 77, 73,
    76, 76, 76, 77, 72, 72, 75, 71, 74, 75, 71, 74, 73, 76, 75, 73, 72,
    74, 76, 77, 76, 74, 74, 76, 75, 72, 72, 71, 72, 78, 74, 74, 75, 74,
    78, 73, 71, 73, 74, 77, 73, 76, 74, 72, 72, 76, 76, 72, 73, 73, 76,
    76, 73, 75, 74, 72, 74, 72, 74, 74, 74, 76, 74, 75, 76, 71, 75, 76,
    73, 71, 73, 71, 74, 76, 73, 77, 74, 74, 72, 75, 74, 73, 76, 74, 73,
    74 ]
