%YAML:1.0
---
videoName: "headShake11.mp4"
gestureLabel: 201
fps: 29
pixelSizeInCmTemp: 3.2364864864864862e-01
faceCenterPointX: 244
faceCenterPointY: 76
headPositionsX: [ 242, 241, 239, 239, 240, 243, 245, 241, 242, 242, 241,
    243, 240, 242, 240, 241, 240, 241, 244, 244, 244, 242, 243, 242, 243,
    244, 242, 243, 245, 252, 255, 255, 260, 261, 261, 264, 260, 258, 255,
    248, 242, 236, 232, 232, 227, 226, 229, 232, 233, 238, 245, 251, 252,
    260, 257, 258, 255, 254, 250, 243, 240, 236, 231, 232, 229, 233, 233,
    240, 241, 246, 254, 253, 256, 257, 255, 257, 251, 246, 245, 242, 240,
    234, 233, 235, 234, 238, 238, 242, 244, 245, 246, 248, 247, 245, 246,
    245, 247, 248, 244, 242 ]
headPositionsY: [ 78, 70, 73, 74, 74, 74, 73, 72, 71, 72, 75, 74, 74, 70,
    71, 72, 74, 71, 72, 75, 74, 72, 71, 73, 71, 75, 71, 75, 72, 72, 71,
    70, 71, 71, 73, 74, 71, 74, 71, 75, 76, 73, 76, 72, 75, 74, 75, 76,
    75, 77, 74, 74, 74, 75, 75, 72, 72, 73, 73, 76, 77, 77, 74, 77, 77,
    74, 74, 77, 75, 77, 74, 75, 72, 70, 73, 72, 72, 76, 78, 74, 76, 72,
    74, 75, 76, 72, 75, 77, 76, 77, 76, 75, 75, 76, 76, 73, 77, 74, 75,
    73 ]
