%YAML:1.0
---
videoName: "headShake11.mp4"
gestureLabel: 201
fps: 29
pixelSizeInCmTemp: 3.2364864864864862e-01
faceCenterPointX: 244
faceCenterPointY: 76
headPositionsX: [ 245, 240, 242, 240, 241, 241, 241, 240, 242, 242, 242,
    243, 242, 241, 239, 240, 241, 240, 241, 242, 241, 242, 241, 241, 243,
    242, 244, 246, 247, 251, 255, 259, 257, 261, 263, 262, 261, 259, 251,
    247, 243, 236, 233, 232, 229, 228, 228, 233, 233, 238, 245, 249, 256,
    258, 258, 260, 258, 253, 247, 244, 240, 237, 230, 233, 228, 233, 236,
    240, 241, 249, 252, 255, 256, 260, 259, 255, 252, 247, 243, 239, 239,
    234, 235, 234, 236, 239, 238, 243, 246, 246, 246, 250, 250, 247, 246,
    245, 245, 248, 244, 242 ]
headPositionsY: [ 75, 73, 74, 73, 71, 72, 75, 73, 72, 74, 75, 71, 71, 72,
    71, 72, 73, 73, 71, 75, 74, 74, 72, 72, 72, 73, 74, 73, 72, 73, 73,
    72, 70, 72, 69, 71, 72, 74, 72, 77, 74, 73, 74, 72, 74, 73, 74, 75,
    76, 77, 76, 73, 74, 75, 73, 72, 75, 76, 75, 74, 74, 77, 77, 74, 78,
    76, 77, 75, 74, 74, 72, 72, 71, 71, 76, 75, 73, 74, 78, 74, 75, 76,
    73, 75, 73, 76, 77, 77, 73, 76, 76, 75, 74, 75, 77, 75, 75, 74, 77,
    74 ]
