%YAML:1.0
---
videoName: "headNod49.mp4"
gestureLabel: 202
fps: 29
pixelSizeInCmTemp: 2.9207317073170730e-01
faceCenterPointX: 263
faceCenterPointY: 74
headPositionsX: [ 263, 266, 266, 264, 265, 263, 265, 267, 267, 265, 267,
    266, 267, 262, 264, 266, 262, 263, 266, 265, 262, 263, 264, 266, 263,
    265, 265, 266, 261, 263, 262, 266, 261, 266, 261, 264, 264, 262, 265,
    262, 263, 265, 262, 261, 263, 261, 263, 263, 261, 261, 264, 264, 264,
    264, 262, 263, 261, 265, 262, 263, 265, 262, 265, 263, 266, 265, 263,
    263, 264, 265, 262, 264, 266, 262, 266, 261, 265, 261, 266, 265, 265,
    261, 263, 265, 264, 261, 262, 263, 261, 263, 264, 261, 265, 262, 263,
    265, 261, 263, 260, 262 ]
headPositionsY: [ 73, 70, 73, 72, 72, 74, 74, 71, 71, 70, 72, 71, 71, 68,
    69, 70, 69, 70, 66, 71, 68, 70, 72, 75, 76, 76, 78, 75, 75, 72, 73,
    73, 70, 69, 70, 72, 73, 71, 75, 78, 79, 77, 80, 77, 73, 72, 74, 72,
    72, 69, 73, 74, 77, 77, 79, 78, 79, 78, 78, 76, 74, 73, 72, 71, 72,
    74, 74, 77, 81, 76, 75, 78, 75, 76, 76, 72, 73, 76, 76, 77, 73, 76,
    74, 77, 73, 76, 72, 72, 74, 75, 72, 75, 72, 77, 74, 77, 73, 75, 75,
    75 ]
