%YAML:1.0
---
videoName: "headShake10.mp4"
gestureLabel: 201
fps: 29
pixelSizeInCmTemp: 3.3732394366197183e-01
faceCenterPointX: 240
faceCenterPointY: 74
headPositionsX: [ 240, 247, 247, 247, 243, 246, 248, 247, 245, 246, 244,
    244, 248, 245, 246, 244, 248, 247, 247, 247, 244, 248, 248, 246, 245,
    245, 246, 246, 247, 247, 246, 246, 245, 248, 246, 247, 243, 243, 247,
    246, 246, 247, 245, 245, 247, 243, 247, 247, 244, 245, 244, 249, 249,
    255, 258, 257, 262, 259, 259, 257, 258, 252, 247, 245, 237, 235, 230,
    233, 230, 234, 238, 239, 246, 247, 255, 256, 254, 258, 254, 253, 253,
    249, 246, 244, 244, 239, 242, 240, 238, 238, 242, 240, 239, 240, 241,
    241, 241, 242, 242, 241 ]
headPositionsY: [ 75, 72, 75, 73, 72, 73, 73, 73, 73, 74, 71, 72, 75, 73,
    75, 71, 75, 75, 72, 75, 73, 72, 72, 71, 72, 70, 71, 74, 73, 75, 73,
    71, 76, 73, 72, 72, 71, 74, 75, 74, 72, 75, 75, 74, 71, 74, 71, 73,
    70, 73, 71, 75, 74, 73, 72, 71, 73, 73, 69, 71, 74, 74, 74, 72, 73,
    76, 72, 72, 74, 75, 76, 76, 72, 73, 75, 75, 74, 75, 75, 73, 74, 77,
    77, 74, 76, 75, 75, 75, 75, 77, 76, 77, 74, 74, 76, 77, 76, 75, 77,
    77 ]
