%YAML:1.0
---
videoName: "headLookRight2.mp4"
gestureLabel: 204
fps: 29
pixelSizeInCmTemp: 3.8015873015873014e-01
faceCenterPointX: 228
faceCenterPointY: 68
headPositionsX: [ 228, 249, 250, 253, 252, 252, 249, 253, 252, 253, 249,
    252, 254, 250, 252, 253, 250, 254, 251, 250, 252, 254, 254, 251, 252,
    254, 253, 253, 252, 253, 254, 256, 253, 254, 255, 252, 254, 251, 254,
    255, 252, 252, 254, 252, 253, 251, 250, 253, 250, 248, 246, 247, 246,
    238, 240, 235, 235, 234, 233, 231, 230, 229, 230, 227, 230, 229, 228,
    225, 224, 225, 226, 230, 227, 227, 226, 228, 230, 229, 228, 230, 232,
    228, 230, 229, 231, 226, 229, 228, 229, 228, 225, 227, 227, 228, 227,
    229, 231, 229, 227, 229 ]
headPositionsY: [ 68, 67, 66, 69, 70, 66, 66, 68, 66, 70, 69, 67, 67, 68,
    71, 68, 71, 71, 69, 68, 70, 69, 68, 68, 67, 68, 70, 71, 69, 70, 71,
    70, 69, 67, 68, 68, 69, 70, 68, 70, 69, 69, 67, 70, 67, 67, 72, 68,
    70, 67, 70, 68, 70, 67, 68, 68, 71, 68, 67, 72, 65, 70, 66, 69, 67,
    70, 66, 68, 71, 71, 70, 67, 67, 69, 68, 71, 69, 71, 68, 69, 71, 70,
    68, 73, 68, 70, 67, 68, 68, 70, 69, 70, 69, 70, 70, 68, 67, 72, 71,
    69 ]
