%YAML:1.0
---
videoName: "headNod42.mp4"
gestureLabel: 202
fps: 30
pixelSizeInCmTemp: 3.0316455696202532e-01
faceCenterPointX: 265
faceCenterPointY: 77
headPositionsX: [ 265, 270, 269, 266, 267, 268, 267, 268, 268, 270, 271,
    269, 270, 269, 270, 272, 272, 270, 269, 267, 266, 270, 271, 268, 267,
    269, 266, 264, 266, 267, 267, 266, 263, 266, 264, 268, 268, 266, 265,
    264, 267, 267, 263, 264, 265, 264, 266, 267, 267, 267, 265, 262, 267,
    264, 265, 263, 266, 266, 264, 267, 267, 266, 266, 267, 265, 264, 264,
    266, 266, 267, 267, 267, 266, 268, 266, 266, 265, 266, 268, 265, 267,
    267, 265, 266, 269, 264, 266, 265, 264, 263, 266, 266, 264, 267, 267,
    264, 266, 264, 265, 264 ]
headPositionsY: [ 76, 73, 77, 75, 77, 77, 77, 78, 78, 76, 78, 78, 75, 78,
    78, 71, 66, 67, 64, 66, 66, 69, 70, 74, 78, 84, 87, 93, 91, 89, 86,
    86, 81, 74, 77, 67, 70, 70, 71, 69, 74, 80, 81, 83, 85, 83, 79, 80,
    75, 73, 73, 69, 69, 71, 76, 78, 81, 84, 84, 86, 82, 80, 80, 77, 76,
    75, 76, 76, 74, 75, 73, 80, 79, 80, 79, 78, 78, 74, 78, 75, 75, 73,
    73, 78, 77, 78, 79, 83, 83, 81, 80, 77, 79, 80, 78, 77, 78, 79, 77,
    76 ]
