%YAML:1.0
---
videoName: "headNod9.mp4"
gestureLabel: 202
fps: 29
pixelSizeInCmTemp: 3.1513157894736843e-01
faceCenterPointX: 261
faceCenterPointY: 75
headPositionsX: [ 263, 260, 262, 260, 260, 262, 258, 259, 262, 263, 259,
    262, 263, 261, 261, 261, 260, 258, 261, 260, 262, 260, 263, 258, 258,
    261, 260, 262, 261, 263, 263, 258, 259, 259, 261, 260, 262, 259, 263,
    260, 262, 261, 260, 259, 261, 262, 261, 261, 258, 258, 259, 260, 259,
    261, 260, 261, 259, 262, 260, 259, 261, 258, 259, 262, 262, 261, 261,
    261, 262, 261, 258, 258, 261, 259, 260, 262, 257, 260, 260, 259, 256,
    257, 256, 257, 261, 259, 259, 260, 256, 261, 258, 260, 258, 259, 261,
    262, 259, 262, 262, 261 ]
headPositionsY: [ 76, 74, 76, 74, 75, 73, 76, 74, 76, 77, 74, 75, 76, 76,
    77, 74, 76, 74, 75, 75, 76, 74, 73, 76, 75, 76, 76, 73, 77, 74, 75,
    78, 78, 82, 83, 80, 77, 74, 76, 75, 75, 72, 77, 79, 84, 86, 86, 85,
    80, 80, 78, 75, 78, 79, 81, 86, 84, 85, 79, 79, 72, 72, 71, 75, 75,
    78, 83, 84, 82, 84, 78, 76, 76, 73, 73, 70, 70, 76, 77, 78, 83, 85,
    80, 83, 82, 76, 78, 76, 73, 74, 71, 72, 72, 72, 77, 73, 75, 74, 74,
    76 ]
