%YAML:1.0
---
videoName: "headNod31.mp4"
gestureLabel: 202
fps: 29
pixelSizeInCmTemp: 2.8855421686746985e-01
faceCenterPointX: 267
faceCenterPointY: 75
headPositionsX: [ 267, 270, 270, 270, 268, 270, 268, 271, 271, 271, 272,
    272, 268, 269, 271, 271, 269, 270, 270, 266, 265, 268, 269, 268, 267,
    264, 268, 265, 268, 267, 266, 268, 272, 268, 267, 269, 271, 267, 269,
    266, 270, 265, 268, 268, 267, 265, 270, 267, 268, 269, 265, 266, 265,
    268, 265, 265, 265, 268, 268, 268, 264, 269, 264, 267, 265, 269, 268,
    267, 269, 265, 267, 266, 268, 265, 267, 269, 268, 268, 265, 265, 267,
    268, 267, 267, 265, 268, 265, 269, 267, 266, 268, 266, 265, 269, 268,
    268, 267, 269, 265, 265 ]
headPositionsY: [ 75, 75, 74, 72, 75, 74, 72, 65, 66, 66, 64, 65, 68, 65,
    75, 79, 81, 84, 84, 87, 84, 84, 81, 79, 72, 74, 73, 72, 66, 67, 71,
    71, 72, 73, 78, 84, 83, 84, 86, 89, 86, 83, 81, 79, 73, 76, 74, 76,
    75, 78, 81, 85, 86, 83, 85, 82, 79, 76, 75, 72, 72, 68, 69, 69, 72,
    74, 74, 77, 77, 81, 80, 78, 79, 77, 74, 72, 70, 71, 71, 71, 76, 73,
    73, 76, 77, 78, 79, 75, 74, 75, 76, 75, 75, 77, 73, 76, 77, 77, 77,
    76 ]
