%YAML:1.0
---
videoName: "headLookDown6.mp4"
gestureLabel: 206
fps: 29
pixelSizeInCmTemp: 3.4710144927536229e-01
faceCenterPointX: 276
faceCenterPointY: 98
headPositionsX: [ 277, 277, 273, 276, 274, 273, 276, 273, 273, 275, 276,
    275, 273, 274, 273, 277, 277, 273, 277, 277, 275, 277, 275, 275, 276,
    276, 275, 277, 276, 276, 273, 276, 276, 277, 278, 274, 274, 273, 275,
    275, 275, 278, 273, 277, 278, 274, 275, 278, 276, 275, 275, 273, 273,
    277, 276, 273, 274, 273, 275, 275, 272, 274, 277, 273, 275, 275, 274,
    274, 273, 275, 273, 274, 277, 274, 275, 277, 277, 274, 274, 274, 276,
    276, 276, 278, 276, 274, 276, 274, 274, 276, 274, 278, 274, 278, 273,
    274, 275, 273, 275, 274 ]
headPositionsY: [ 97, 82, 81, 79, 80, 79, 83, 83, 81, 81, 81, 81, 82, 81,
    79, 79, 79, 81, 80, 83, 84, 82, 84, 80, 80, 83, 83, 80, 85, 85, 84,
    82, 84, 84, 85, 84, 83, 81, 85, 81, 82, 87, 85, 86, 85, 86, 92, 93,
    91, 90, 92, 96, 95, 94, 96, 96, 96, 94, 98, 98, 94, 97, 97, 98, 99,
    97, 99, 96, 100, 99, 99, 99, 100, 97, 101, 101, 98, 98, 99, 98, 99,
    99, 99, 97, 99, 99, 101, 100, 98, 100, 99, 97, 97, 97, 97, 98, 99,
    97, 98, 99 ]
