%YAML:1.0
---
videoName: "headNod11.mp4"
gestureLabel: 202
fps: 29
pixelSizeInCmTemp: 3.2364864864864862e-01
faceCenterPointX: 261
faceCenterPointY: 75
headPositionsX: [ 260, 257, 259, 257, 259, 258, 259, 260, 257, 260, 258,
    258, 260, 260, 260, 261, 261, 262, 258, 261, 259, 260, 261, 260, 263,
    262, 260, 258, 260, 260, 259, 260, 261, 261, 262, 261, 261, 258, 262,
    261, 259, 259, 262, 263, 261, 258, 260, 260, 261, 260, 262, 258, 260,
    261, 259, 260, 261, 262, 260, 259, 257, 261, 259, 256, 261, 260, 257,
    260, 255, 256, 257, 256, 257, 256, 260, 257, 258, 256, 258, 258, 260,
    259, 259, 261, 258, 259, 258, 260, 259, 257, 260, 261, 257, 258, 259,
    262, 261, 258, 262, 259 ]
headPositionsY: [ 75, 74, 75, 74, 77, 73, 75, 77, 74, 74, 76, 72, 76, 74,
    74, 76, 75, 73, 76, 75, 73, 74, 74, 76, 73, 75, 76, 77, 77, 77, 77,
    76, 73, 73, 74, 73, 77, 73, 76, 77, 76, 75, 75, 75, 76, 77, 73, 73,
    70, 70, 69, 67, 66, 68, 71, 70, 72, 77, 79, 81, 80, 79, 75, 74, 72,
    69, 66, 67, 68, 70, 75, 77, 79, 82, 83, 79, 81, 75, 78, 71, 69, 68,
    71, 71, 76, 77, 80, 78, 82, 78, 77, 78, 77, 76, 74, 74, 77, 77, 75,
    73 ]
