%YAML:1.0
---
videoName: "headNod7.mp4"
gestureLabel: 202
fps: 29
pixelSizeInCmTemp: 3.2808219178082193e-01
faceCenterPointX: 261
faceCenterPointY: 71
headPositionsX: [ 262, 268, 266, 266, 268, 264, 267, 262, 265, 263, 263,
    262, 262, 265, 264, 261, 264, 261, 262, 263, 264, 261, 263, 264, 261,
    264, 260, 262, 262, 260, 263, 263, 260, 264, 260, 259, 262, 263, 263,
    260, 263, 263, 261, 260, 263, 261, 261, 263, 259, 262, 264, 262, 262,
    260, 265, 259, 262, 260, 262, 263, 263, 261, 262, 259, 264, 259, 259,
    263, 262, 260, 259, 259, 263, 260, 262, 263, 260, 263, 260, 261, 262,
    263, 263, 259, 262, 264, 262, 261, 259, 261, 262, 264, 263, 259, 263,
    259, 262, 260, 260, 263 ]
headPositionsY: [ 72, 77, 72, 74, 73, 71, 74, 74, 73, 74, 74, 74, 73, 72,
    74, 74, 73, 75, 75, 72, 77, 77, 77, 76, 75, 74, 73, 75, 74, 77, 75,
    76, 76, 77, 73, 73, 77, 73, 76, 77, 76, 77, 74, 73, 74, 78, 76, 78,
    73, 69, 68, 68, 70, 70, 72, 72, 75, 82, 79, 77, 75, 70, 70, 72, 70,
    71, 73, 77, 81, 78, 76, 75, 75, 71, 73, 71, 72, 69, 73, 71, 73, 79,
    81, 79, 81, 79, 77, 76, 72, 70, 69, 73, 70, 72, 71, 71, 72, 70, 74,
    73 ]
