%YAML:1.0
---
videoName: "headLookDown0.mp4"
gestureLabel: 206
fps: 29
pixelSizeInCmTemp: 3.3263888888888887e-01
faceCenterPointX: 273
faceCenterPointY: 93
headPositionsX: [ 274, 273, 271, 273, 274, 270, 271, 271, 273, 272, 271,
    271, 273, 274, 273, 270, 273, 272, 270, 271, 271, 271, 273, 271, 273,
    274, 271, 270, 273, 271, 272, 269, 272, 273, 272, 274, 274, 269, 270,
    272, 272, 274, 273, 274, 274, 272, 272, 270, 272, 274, 273, 272, 272,
    270, 272, 270, 272, 274, 269, 271, 274, 272, 271, 272, 270, 274, 273,
    270, 270, 271, 272, 271, 271, 269, 272, 270, 270, 271, 274, 274, 272,
    273, 271, 271, 271, 271, 273, 272, 275, 272, 275, 271, 270, 273, 270,
    275, 271, 273, 275, 270 ]
headPositionsY: [ 92, 77, 82, 79, 79, 80, 77, 79, 77, 81, 78, 78, 78, 81,
    78, 78, 78, 81, 82, 81, 80, 80, 82, 79, 82, 77, 79, 78, 82, 81, 80,
    79, 80, 80, 79, 80, 82, 80, 85, 84, 86, 86, 88, 89, 90, 94, 95, 96,
    97, 98, 98, 98, 98, 98, 97, 97, 98, 97, 94, 95, 95, 94, 96, 94, 95,
    94, 95, 93, 96, 98, 93, 96, 94, 97, 93, 94, 94, 95, 92, 95, 93, 95,
    97, 94, 93, 95, 97, 97, 92, 95, 94, 94, 93, 94, 92, 95, 95, 94, 91,
    95 ]
