%YAML:1.0
---
videoName: "headNod4.mp4"
gestureLabel: 202
fps: 29
pixelSizeInCmTemp: 3.2808219178082193e-01
faceCenterPointX: 264
faceCenterPointY: 72
headPositionsX: [ 264, 271, 268, 270, 272, 272, 268, 268, 272, 272, 268,
    269, 270, 266, 270, 266, 267, 268, 267, 266, 269, 266, 266, 269, 266,
    266, 270, 267, 265, 269, 265, 268, 267, 265, 266, 268, 269, 265, 266,
    268, 268, 270, 267, 270, 265, 266, 268, 270, 268, 268, 266, 270, 269,
    267, 268, 267, 268, 267, 265, 268, 263, 268, 266, 268, 267, 267, 263,
    264, 265, 264, 267, 265, 265, 262, 266, 265, 263, 263, 267, 264, 263,
    264, 263, 265, 267, 268, 266, 265, 262, 266, 266, 265, 267, 266, 264,
    263, 266, 262, 265, 266 ]
headPositionsY: [ 74, 74, 74, 76, 73, 74, 72, 72, 77, 77, 72, 73, 74, 74,
    76, 74, 73, 75, 74, 76, 76, 74, 72, 76, 73, 73, 74, 75, 76, 75, 73,
    74, 75, 75, 76, 74, 73, 72, 75, 74, 74, 76, 72, 73, 72, 68, 67, 66,
    66, 64, 65, 67, 73, 75, 76, 79, 80, 83, 79, 77, 75, 72, 68, 70, 71,
    73, 72, 78, 82, 79, 82, 79, 83, 76, 73, 74, 71, 70, 69, 70, 69, 70,
    72, 74, 77, 80, 82, 83, 81, 83, 81, 78, 80, 80, 77, 76, 76, 77, 75,
    72 ]
