%YAML:1.0
---
videoName: "headLookLeft7.mp4"
gestureLabel: 203
fps: 29
pixelSizeInCmTemp: 3.4214285714285714e-01
faceCenterPointX: 268
faceCenterPointY: 68
headPositionsX: [ 266, 247, 245, 247, 245, 246, 248, 244, 245, 243, 244,
    243, 247, 246, 245, 243, 243, 247, 245, 245, 247, 247, 244, 245, 247,
    245, 246, 246, 247, 249, 246, 248, 251, 254, 259, 258, 263, 262, 261,
    263, 266, 267, 270, 266, 267, 270, 270, 267, 267, 267, 266, 270, 266,
    266, 266, 270, 269, 269, 267, 272, 265, 269, 264, 270, 269, 268, 266,
    271, 264, 266, 268, 267, 268, 268, 268, 268, 271, 267, 266, 269, 267,
    269, 271, 266, 271, 269, 267, 270, 268, 271, 268, 269, 267, 270, 270,
    269, 267, 272, 267, 271 ]
headPositionsY: [ 68, 69, 70, 70, 68, 67, 68, 72, 67, 69, 69, 69, 69, 70,
    69, 70, 72, 72, 69, 70, 69, 70, 71, 72, 71, 72, 68, 70, 71, 68, 69,
    70, 67, 70, 68, 68, 70, 70, 67, 66, 66, 67, 70, 66, 68, 67, 70, 67,
    71, 68, 71, 71, 69, 69, 70, 70, 71, 68, 65, 67, 67, 68, 68, 69, 68,
    71, 69, 72, 66, 67, 68, 69, 68, 72, 71, 67, 69, 66, 70, 69, 69, 70,
    72, 66, 68, 66, 66, 67, 70, 68, 68, 68, 67, 68, 67, 72, 68, 67, 69,
    67 ]
