%YAML:1.0
---
videoName: "headLookUp2.mp4"
gestureLabel: 205
fps: 29
pixelSizeInCmTemp: 3.7421874999999999e-01
faceCenterPointX: 254
faceCenterPointY: 67
headPositionsX: [ 255, 255, 257, 257, 255, 254, 255, 254, 256, 256, 254,
    254, 257, 254, 254, 254, 255, 256, 254, 253, 255, 253, 257, 254, 254,
    254, 255, 255, 256, 254, 253, 256, 255, 252, 255, 253, 253, 256, 256,
    254, 257, 253, 253, 255, 252, 253, 256, 253, 256, 256, 253, 254, 254,
    254, 257, 255, 252, 255, 254, 254, 254, 254, 255, 253, 255, 254, 253,
    255, 253, 251, 256, 252, 251, 256, 252, 252, 254, 252, 252, 253, 256,
    253, 253, 255, 254, 253, 253, 255, 255, 254, 256, 251, 255, 257, 256,
    252, 252, 255, 255, 252 ]
headPositionsY: [ 67, 80, 80, 80, 81, 82, 83, 82, 82, 81, 80, 81, 81, 81,
    82, 80, 79, 82, 79, 83, 80, 81, 79, 83, 83, 81, 79, 80, 82, 79, 83,
    81, 83, 79, 83, 78, 78, 79, 79, 80, 80, 79, 78, 74, 78, 76, 74, 72,
    68, 70, 68, 70, 70, 69, 70, 71, 68, 69, 65, 66, 68, 69, 67, 70, 69,
    67, 66, 70, 70, 64, 65, 65, 68, 67, 68, 68, 66, 68, 70, 69, 66, 69,
    71, 66, 68, 71, 68, 69, 66, 68, 70, 69, 65, 68, 66, 64, 67, 65, 69,
    69 ]
