%YAML:1.0
---
videoName: "headShake28.mp4"
gestureLabel: 201
fps: 29
pixelSizeInCmTemp: 3.2808219178082193e-01
faceCenterPointX: 242
faceCenterPointY: 80
headPositionsX: [ 240, 239, 241, 240, 240, 239, 243, 241, 240, 241, 243,
    241, 240, 242, 240, 243, 242, 241, 242, 240, 240, 239, 240, 242, 241,
    240, 241, 243, 244, 240, 240, 240, 243, 241, 242, 241, 242, 243, 241,
    243, 244, 243, 243, 242, 242, 245, 246, 246, 244, 242, 239, 234, 232,
    230, 231, 233, 238, 243, 251, 254, 256, 254, 255, 251, 245, 242, 237,
    233, 231, 235, 236, 245, 250, 250, 252, 257, 254, 250, 251, 248, 242,
    242, 239, 238, 235, 238, 239, 238, 239, 240, 241, 245, 244, 244, 243,
    241, 242, 242, 244, 242 ]
headPositionsY: [ 82, 77, 79, 74, 79, 78, 79, 77, 78, 78, 79, 78, 80, 79,
    78, 78, 79, 79, 81, 77, 81, 80, 79, 80, 76, 80, 77, 80, 78, 81, 77,
    80, 79, 76, 78, 79, 78, 77, 76, 77, 79, 77, 76, 77, 75, 76, 78, 75,
    76, 77, 75, 76, 79, 76, 75, 77, 76, 78, 79, 75, 75, 75, 78, 77, 80,
    81, 78, 78, 78, 79, 76, 78, 80, 78, 74, 76, 77, 78, 76, 77, 78, 79,
    77, 80, 77, 79, 78, 77, 81, 79, 81, 82, 79, 81, 79, 82, 81, 81, 82,
    81 ]
