%YAML:1.0
---
videoName: "headNod17.mp4"
gestureLabel: 202
fps: 30
pixelSizeInCmTemp: 3.2808219178082193e-01
faceCenterPointX: 253
faceCenterPointY: 76
headPositionsX: [ 251, 253, 256, 257, 255, 253, 257, 257, 254, 253, 253,
    257, 253, 256, 255, 253, 254, 255, 255, 255, 256, 254, 253, 256, 254,
    254, 254, 255, 257, 253, 254, 255, 253, 258, 256, 257, 253, 255, 257,
    253, 256, 251, 251, 254, 252, 252, 254, 253, 253, 254, 251, 253, 253,
    253, 255, 252, 256, 256, 257, 254, 256, 253, 256, 253, 257, 255, 254,
    254, 257, 254, 256, 256, 256, 254, 253, 255, 257, 253, 252, 254, 255,
    254, 254, 254, 256, 254, 255, 257, 253, 256, 254, 257, 255, 256, 254,
    255, 254, 252, 255, 255 ]
headPositionsY: [ 77, 80, 78, 77, 77, 80, 78, 77, 77, 75, 79, 77, 76, 76,
    76, 80, 76, 75, 79, 75, 78, 75, 75, 74, 72, 69, 70, 71, 69, 68, 66,
    67, 66, 71, 70, 72, 73, 71, 75, 80, 79, 79, 83, 87, 84, 84, 83, 81,
    80, 77, 77, 75, 76, 73, 73, 68, 68, 69, 69, 69, 70, 70, 76, 76, 77,
    81, 81, 81, 82, 79, 77, 77, 78, 78, 76, 76, 80, 79, 79, 79, 77, 75,
    78, 76, 76, 78, 78, 79, 78, 80, 78, 77, 76, 75, 79, 75, 77, 77, 78,
    77 ]
