%YAML:1.0
---
videoName: "headShake39.mp4"
gestureLabel: 201
fps: 29
pixelSizeInCmTemp: 3.1933333333333330e-01
faceCenterPointX: 263
faceCenterPointY: 83
headPositionsX: [ 263, 260, 262, 262, 259, 261, 263, 261, 259, 262, 260,
    263, 263, 261, 261, 262, 261, 259, 261, 258, 260, 259, 254, 254, 250,
    251, 250, 246, 242, 244, 241, 246, 245, 252, 257, 259, 265, 272, 277,
    283, 279, 278, 274, 270, 262, 261, 254, 249, 246, 246, 247, 251, 251,
    258, 262, 266, 275, 278, 281, 282, 276, 272, 267, 264, 257, 255, 249,
    250, 251, 249, 252, 250, 255, 255, 256, 260, 263, 264, 263, 266, 264,
    268, 264, 268, 267, 269, 267, 266, 265, 264, 265, 263, 263, 261, 262,
    264, 264, 264, 261, 264 ]
headPositionsY: [ 84, 85, 83, 81, 84, 84, 84, 81, 85, 84, 83, 83, 82, 81,
    83, 83, 84, 82, 83, 83, 84, 83, 81, 83, 82, 83, 82, 80, 81, 83, 83,
    83, 81, 81, 82, 85, 84, 81, 81, 79, 82, 81, 79, 85, 85, 86, 81, 80,
    83, 82, 82, 84, 82, 85, 83, 82, 82, 80, 80, 80, 79, 83, 81, 85, 84,
    83, 82, 79, 79, 81, 81, 80, 78, 83, 85, 80, 84, 81, 83, 84, 82, 81,
    80, 80, 82, 84, 83, 82, 83, 83, 84, 81, 85, 85, 82, 82, 84, 83, 82,
    84 ]
