%YAML:1.0
---
videoName: "headShake24.mp4"
gestureLabel: 201
fps: 29
pixelSizeInCmTemp: 3.2808219178082193e-01
faceCenterPointX: 240
faceCenterPointY: 78
headPositionsX: [ 238, 249, 253, 252, 251, 254, 254, 255, 251, 251, 249,
    249, 245, 243, 242, 234, 233, 233, 234, 231, 231, 229, 233, 230, 231,
    236, 237, 239, 242, 241, 243, 249, 247, 250, 248, 250, 249, 246, 249,
    246, 242, 243, 241, 240, 240, 236, 235, 236, 233, 231, 235, 233, 236,
    237, 238, 241, 242, 245, 246, 243, 248, 248, 247, 248, 246, 249, 246,
    246, 245, 246, 242, 245, 243, 242, 241, 240, 238, 237, 237, 238, 236,
    239, 241, 239, 238, 238, 240, 241, 242, 240, 238, 241, 240, 241, 243,
    239, 239, 241, 240, 242 ]
headPositionsY: [ 77, 75, 78, 76, 74, 76, 77, 77, 75, 75, 79, 77, 79, 79,
    80, 76, 77, 76, 79, 75, 77, 76, 76, 80, 78, 77, 78, 76, 77, 76, 74,
    78, 78, 80, 79, 81, 77, 76, 79, 78, 79, 77, 77, 79, 77, 78, 75, 75,
    78, 75, 78, 77, 78, 77, 75, 79, 79, 78, 78, 77, 78, 80, 79, 77, 77,
    76, 76, 79, 76, 77, 78, 80, 75, 77, 78, 75, 76, 79, 79, 77, 78, 78,
    77, 76, 76, 78, 79, 79, 80, 79, 80, 79, 78, 78, 80, 79, 80, 79, 77,
    78 ]
