%YAML:1.0
---
videoName: "headShake22.mp4"
gestureLabel: 201
fps: 29
pixelSizeInCmTemp: 3.2364864864864862e-01
faceCenterPointX: 241
faceCenterPointY: 79
headPositionsX: [ 241, 240, 240, 240, 243, 241, 244, 243, 242, 242, 240,
    244, 243, 240, 240, 241, 240, 245, 240, 244, 242, 243, 244, 240, 241,
    244, 242, 244, 242, 242, 245, 243, 245, 243, 243, 245, 244, 243, 241,
    241, 244, 240, 240, 244, 240, 244, 241, 242, 242, 244, 241, 244, 243,
    244, 241, 243, 241, 244, 242, 241, 240, 241, 243, 243, 241, 239, 242,
    244, 246, 251, 253, 253, 256, 257, 255, 252, 248, 243, 240, 235, 238,
    240, 238, 240, 243, 246, 246, 243, 242, 242, 240, 241, 243, 240, 240,
    241, 239, 242, 240, 239 ]
headPositionsY: [ 78, 74, 74, 74, 79, 76, 79, 78, 75, 77, 74, 77, 74, 77,
    74, 78, 74, 76, 77, 75, 74, 76, 76, 74, 76, 74, 76, 79, 78, 76, 75,
    74, 75, 76, 74, 75, 75, 74, 75, 77, 78, 73, 74, 79, 74, 77, 77, 77,
    75, 76, 75, 76, 77, 75, 76, 74, 76, 75, 78, 78, 79, 78, 76, 76, 78,
    77, 78, 75, 75, 77, 78, 74, 74, 77, 74, 78, 76, 75, 76, 77, 75, 79,
    78, 78, 75, 77, 80, 79, 80, 78, 76, 78, 81, 76, 78, 80, 79, 80, 80,
    80 ]
