%YAML:1.0
---
videoName: "headShake6.mp4"
gestureLabel: 201
fps: 29
pixelSizeInCmTemp: 3.2808219178082193e-01
faceCenterPointX: 244
faceCenterPointY: 68
headPositionsX: [ 246, 247, 243, 247, 245, 243, 246, 247, 245, 242, 245,
    246, 245, 244, 247, 246, 244, 244, 242, 246, 246, 247, 245, 246, 243,
    244, 244, 248, 251, 252, 256, 257, 259, 264, 262, 259, 256, 253, 249,
    244, 234, 230, 231, 233, 233, 240, 244, 250, 256, 258, 257, 259, 258,
    252, 246, 244, 237, 233, 233, 232, 230, 234, 239, 244, 247, 246, 250,
    254, 249, 249, 246, 245, 242, 242, 238, 237, 238, 239, 239, 242, 242,
    240, 241, 243, 245, 244, 244, 246, 242, 246, 245, 244, 244, 245, 243,
    245, 246, 244, 244, 243 ]
headPositionsY: [ 66, 65, 64, 69, 66, 66, 64, 68, 68, 65, 66, 68, 65, 67,
    69, 67, 67, 68, 65, 66, 66, 64, 66, 66, 69, 67, 69, 69, 69, 66, 65,
    66, 65, 67, 66, 63, 67, 69, 66, 69, 71, 69, 70, 69, 70, 67, 67, 69,
    68, 65, 69, 66, 69, 68, 70, 67, 68, 65, 66, 67, 67, 65, 69, 68, 67,
    67, 66, 66, 65, 68, 68, 67, 70, 68, 66, 69, 66, 69, 66, 70, 70, 70,
    66, 68, 68, 69, 69, 70, 66, 68, 67, 67, 69, 69, 68, 67, 69, 71, 66,
    69 ]
