%YAML:1.0
---
videoName: "headLookRight5.mp4"
gestureLabel: 204
fps: 29
pixelSizeInCmTemp: 3.1513157894736843e-01
faceCenterPointX: 228
faceCenterPointY: 76
headPositionsX: [ 228, 248, 249, 248, 251, 249, 247, 251, 251, 250, 248,
    249, 251, 246, 248, 251, 249, 249, 250, 252, 249, 250, 252, 251, 248,
    252, 249, 250, 252, 249, 250, 246, 248, 243, 242, 241, 240, 234, 233,
    231, 232, 231, 228, 225, 224, 226, 223, 223, 226, 226, 224, 226, 223,
    227, 224, 225, 227, 224, 227, 225, 225, 220, 227, 226, 226, 226, 224,
    225, 226, 228, 227, 222, 225, 227, 226, 227, 225, 225, 227, 223, 223,
    226, 228, 223, 225, 227, 227, 225, 224, 228, 223, 224, 226, 228, 226,
    224, 224, 222, 223, 224 ]
headPositionsY: [ 76, 76, 76, 74, 72, 75, 75, 76, 76, 75, 74, 73, 74, 73,
    75, 72, 73, 73, 75, 77, 73, 75, 74, 75, 72, 76, 77, 77, 73, 77, 76,
    75, 76, 74, 75, 73, 71, 71, 76, 73, 75, 73, 73, 73, 76, 76, 74, 75,
    73, 74, 72, 76, 74, 73, 75, 77, 74, 74, 73, 76, 78, 72, 75, 73, 77,
    75, 73, 72, 72, 73, 72, 75, 74, 73, 72, 71, 73, 73, 74, 72, 74, 75,
    74, 73, 74, 74, 75, 73, 73, 77, 73, 77, 73, 78, 73, 76, 72, 72, 76,
    73 ]
