%YAML:1.0
---
videoName: "headNod8.mp4"
gestureLabel: 202
fps: 29
pixelSizeInCmTemp: 3.1933333333333330e-01
faceCenterPointX: 262
faceCenterPointY: 74
headPositionsX: [ 262, 263, 262, 259, 259, 259, 262, 259, 260, 263, 259,
    262, 263, 262, 263, 260, 263, 259, 261, 263, 261, 264, 263, 263, 263,
    260, 259, 262, 261, 263, 261, 263, 264, 260, 259, 261, 260, 261, 260,
    263, 264, 263, 261, 261, 264, 264, 262, 261, 264, 263, 263, 263, 260,
    259, 262, 263, 262, 259, 263, 262, 262, 261, 262, 259, 260, 263, 260,
    259, 261, 259, 261, 258, 262, 259, 262, 261, 258, 258, 261, 261, 260,
    260, 265, 263, 262, 260, 261, 260, 261, 261, 260, 265, 262, 263, 260,
    266, 264, 265, 264, 263 ]
headPositionsY: [ 73, 79, 77, 76, 78, 76, 79, 78, 79, 75, 78, 74, 74, 78,
    77, 78, 78, 76, 78, 77, 78, 74, 75, 75, 74, 77, 76, 77, 75, 76, 76,
    78, 77, 78, 75, 77, 78, 76, 73, 76, 72, 70, 68, 66, 67, 68, 67, 70,
    73, 77, 75, 79, 81, 84, 84, 81, 76, 74, 74, 72, 72, 68, 72, 75, 77,
    79, 81, 86, 84, 82, 75, 73, 71, 71, 68, 70, 75, 77, 78, 81, 85, 80,
    81, 79, 77, 74, 72, 73, 74, 72, 76, 74, 78, 80, 78, 81, 79, 78, 75,
    76 ]
