%YAML:1.0
---
videoName: "headNod20.mp4"
gestureLabel: 202
fps: 30
pixelSizeInCmTemp: 3.2808219178082193e-01
faceCenterPointX: 253
faceCenterPointY: 80
headPositionsX: [ 251, 255, 256, 255, 255, 258, 257, 254, 256, 255, 256,
    255, 257, 257, 258, 253, 258, 258, 255, 254, 257, 253, 258, 256, 254,
    256, 257, 257, 255, 256, 257, 254, 257, 257, 257, 256, 253, 253, 256,
    252, 252, 251, 254, 255, 253, 252, 256, 253, 253, 254, 252, 250, 252,
    253, 251, 253, 251, 253, 252, 252, 250, 253, 252, 253, 254, 255, 251,
    253, 251, 254, 253, 251, 251, 250, 255, 253, 254, 255, 251, 254, 250,
    254, 253, 254, 254, 252, 250, 254, 253, 252, 254, 254, 254, 251, 254,
    253, 252, 251, 254, 255 ]
headPositionsY: [ 82, 76, 79, 78, 80, 79, 79, 79, 78, 79, 76, 80, 76, 78,
    79, 77, 79, 76, 76, 80, 79, 80, 81, 80, 77, 79, 81, 77, 80, 84, 85,
    83, 84, 86, 86, 83, 81, 76, 73, 70, 74, 71, 70, 74, 79, 82, 85, 89,
    90, 88, 89, 83, 82, 77, 75, 77, 77, 81, 81, 80, 83, 81, 83, 77, 80,
    80, 79, 79, 79, 81, 81, 80, 80, 77, 76, 79, 79, 78, 80, 80, 83, 80,
    80, 78, 78, 80, 81, 83, 81, 80, 82, 79, 81, 78, 82, 80, 79, 80, 82,
    83 ]
