%YAML:1.0
---
videoName: "headShake10.mp4"
gestureLabel: 201
fps: 29
pixelSizeInCmTemp: 3.3732394366197183e-01
faceCenterPointX: 240
faceCenterPointY: 74
headPositionsX: [ 240, 245, 247, 246, 247, 245, 245, 245, 245, 246, 246,
    248, 244, 248, 244, 246, 248, 246, 245, 247, 247, 245, 244, 244, 245,
    245, 246, 246, 244, 247, 244, 247, 245, 248, 245, 245, 247, 245, 246,
    244, 243, 248, 246, 243, 246, 247, 245, 246, 246, 244, 247, 251, 248,
    254, 254, 259, 263, 259, 260, 261, 256, 251, 249, 244, 236, 234, 230,
    229, 232, 235, 238, 241, 244, 249, 252, 254, 258, 255, 256, 255, 252,
    248, 247, 244, 241, 240, 240, 242, 241, 240, 238, 240, 242, 241, 239,
    242, 243, 240, 240, 241 ]
headPositionsY: [ 76, 73, 72, 74, 71, 74, 72, 73, 75, 74, 74, 74, 75, 73,
    73, 75, 73, 73, 71, 75, 74, 72, 74, 73, 75, 73, 72, 75, 74, 73, 72,
    71, 73, 71, 71, 76, 73, 74, 73, 74, 73, 74, 73, 73, 73, 74, 71, 76,
    71, 73, 74, 71, 72, 71, 70, 71, 70, 72, 71, 71, 71, 74, 73, 73, 73,
    74, 75, 75, 71, 74, 76, 73, 72, 74, 75, 71, 71, 71, 71, 75, 73, 76,
    74, 74, 77, 77, 77, 76, 75, 74, 73, 75, 72, 77, 77, 74, 73, 77, 77,
    76 ]
