%YAML:1.0
---
videoName: "headLookLeft2.mp4"
gestureLabel: 203
fps: 29
pixelSizeInCmTemp: 3.6846153846153845e-01
faceCenterPointX: 278
faceCenterPointY: 74
headPositionsX: [ 280, 260, 261, 258, 257, 258, 260, 260, 260, 257, 262,
    259, 259, 261, 262, 258, 260, 262, 262, 260, 264, 267, 264, 269, 270,
    271, 270, 272, 276, 278, 278, 279, 275, 279, 280, 281, 279, 280, 278,
    280, 277, 282, 284, 278, 281, 280, 279, 283, 283, 278, 279, 282, 283,
    278, 276, 278, 278, 270, 280, 281, 282, 275, 282, 280, 279, 281, 281,
    282, 281, 279, 282, 280, 283, 273, 278, 280, 277, 282, 276, 283, 277,
    278, 278, 278, 284, 276, 283, 280, 277, 283, 280, 278, 281, 282, 279,
    278, 283, 279, 287, 280 ]
headPositionsY: [ 74, 76, 75, 74, 73, 76, 75, 74, 78, 77, 76, 74, 73, 73,
    74, 76, 75, 77, 79, 77, 76, 78, 77, 74, 76, 74, 73, 76, 76, 72, 72,
    73, 73, 75, 72, 77, 76, 73, 76, 72, 74, 77, 74, 72, 74, 76, 76, 73,
    76, 74, 72, 78, 76, 76, 75, 73, 75, 76, 71, 74, 76, 74, 72, 75, 74,
    74, 73, 76, 75, 71, 73, 75, 73, 73, 72, 73, 74, 77, 72, 75, 73, 74,
    75, 73, 75, 70, 74, 76, 74, 73, 75, 76, 74, 72, 74, 72, 75, 77, 75,
    73 ]
