%YAML:1.0
---
videoName: "headShake40.mp4"
gestureLabel: 201
fps: 29
pixelSizeInCmTemp: 3.2808219178082193e-01
faceCenterPointX: 261
faceCenterPointY: 86
headPositionsX: [ 260, 263, 259, 261, 261, 261, 259, 259, 260, 259, 262,
    259, 263, 260, 261, 262, 262, 260, 259, 261, 263, 263, 260, 262, 260,
    258, 261, 258, 259, 259, 255, 257, 256, 251, 251, 255, 256, 262, 263,
    270, 273, 280, 278, 277, 278, 272, 273, 263, 260, 255, 252, 246, 246,
    247, 248, 253, 258, 260, 267, 267, 269, 274, 267, 267, 267, 261, 259,
    258, 256, 259, 256, 255, 260, 263, 262, 266, 265, 265, 268, 265, 263,
    262, 264, 262, 258, 257, 257, 258, 259, 260, 261, 258, 261, 261, 262,
    262, 262, 264, 261, 261 ]
headPositionsY: [ 84, 86, 85, 82, 83, 84, 82, 84, 82, 82, 85, 85, 86, 81,
    82, 85, 84, 82, 82, 82, 86, 82, 82, 86, 86, 81, 82, 83, 82, 83, 82,
    85, 86, 84, 85, 84, 84, 86, 84, 84, 80, 82, 78, 82, 82, 81, 83, 82,
    80, 83, 85, 84, 82, 85, 82, 81, 84, 83, 85, 82, 82, 84, 81, 81, 83,
    85, 82, 82, 82, 82, 82, 84, 85, 85, 84, 83, 81, 85, 82, 84, 81, 85,
    85, 85, 81, 82, 82, 84, 85, 83, 83, 86, 86, 83, 85, 85, 84, 86, 86,
    86 ]
