%YAML:1.0
---
videoName: "headShake40.mp4"
gestureLabel: 201
fps: 29
pixelSizeInCmTemp: 3.2808219178082193e-01
faceCenterPointX: 261
faceCenterPointY: 86
headPositionsX: [ 260, 261, 259, 260, 263, 261, 261, 262, 263, 261, 262,
    263, 264, 262, 264, 262, 261, 262, 261, 259, 259, 259, 262, 262, 261,
    259, 259, 261, 258, 258, 259, 254, 252, 255, 251, 254, 254, 263, 263,
    269, 274, 280, 278, 280, 279, 276, 270, 264, 257, 255, 249, 250, 247,
    249, 250, 250, 258, 263, 265, 269, 270, 270, 270, 266, 267, 263, 260,
    258, 259, 256, 255, 255, 259, 262, 264, 266, 264, 269, 266, 266, 266,
    266, 261, 263, 257, 259, 257, 255, 255, 258, 261, 259, 260, 261, 258,
    260, 260, 262, 263, 263 ]
headPositionsY: [ 87, 84, 81, 84, 85, 81, 84, 85, 83, 81, 83, 83, 84, 82,
    86, 86, 85, 81, 82, 81, 85, 82, 84, 83, 86, 83, 85, 83, 83, 84, 85,
    83, 83, 82, 84, 81, 81, 86, 83, 80, 82, 83, 78, 78, 82, 81, 83, 82,
    80, 82, 82, 82, 83, 84, 81, 82, 86, 84, 83, 82, 81, 81, 84, 85, 84,
    83, 82, 84, 85, 83, 85, 84, 86, 85, 81, 82, 85, 81, 81, 81, 84, 82,
    83, 84, 85, 85, 83, 84, 83, 84, 87, 85, 86, 86, 86, 83, 88, 85, 87,
    85 ]
