%YAML:1.0
---
videoName: "headShake7.mp4"
gestureLabel: 201
fps: 29
pixelSizeInCmTemp: 3.3263888888888887e-01
faceCenterPointX: 244
faceCenterPointY: 72
headPositionsX: [ 243, 241, 244, 243, 243, 242, 240, 245, 241, 245, 243,
    248, 250, 255, 258, 256, 261, 259, 259, 256, 251, 245, 239, 234, 231,
    231, 233, 240, 245, 254, 257, 259, 262, 259, 253, 251, 243, 238, 235,
    231, 229, 226, 231, 233, 241, 246, 250, 252, 255, 255, 253, 251, 244,
    242, 238, 232, 233, 231, 229, 233, 240, 243, 249, 250, 257, 257, 256,
    254, 255, 249, 245, 245, 241, 234, 236, 232, 236, 232, 233, 236, 237,
    241, 244, 244, 245, 245, 246, 245, 245, 247, 249, 244, 244, 245, 244,
    242, 243, 243, 245, 244 ]
headPositionsY: [ 72, 72, 69, 73, 70, 69, 73, 72, 69, 72, 70, 71, 70, 68,
    72, 70, 68, 68, 69, 71, 72, 69, 70, 72, 70, 69, 72, 73, 72, 72, 67,
    68, 69, 70, 72, 68, 69, 70, 71, 72, 72, 69, 70, 70, 69, 72, 68, 69,
    70, 72, 68, 73, 69, 71, 71, 73, 71, 71, 69, 72, 73, 71, 73, 70, 72,
    71, 68, 69, 69, 70, 72, 70, 70, 72, 70, 69, 69, 70, 71, 72, 71, 73,
    69, 72, 72, 73, 71, 72, 69, 70, 70, 70, 74, 72, 70, 70, 70, 71, 71,
    70 ]
