%YAML:1.0
---
videoName: "headNod40.mp4"
gestureLabel: 202
fps: 29
pixelSizeInCmTemp: 2.8511904761904761e-01
faceCenterPointX: 267
faceCenterPointY: 78
headPositionsX: [ 269, 269, 269, 265, 267, 267, 268, 266, 269, 268, 266,
    266, 267, 268, 270, 268, 266, 267, 267, 267, 267, 270, 270, 268, 269,
    269, 270, 268, 266, 268, 266, 267, 269, 266, 268, 267, 270, 269, 266,
    267, 268, 265, 265, 266, 267, 267, 264, 266, 266, 267, 265, 267, 268,
    267, 266, 264, 268, 268, 266, 266, 268, 267, 264, 263, 267, 266, 265,
    266, 268, 268, 268, 267, 270, 269, 269, 268, 267, 266, 266, 265, 266,
    268, 268, 267, 266, 267, 267, 267, 266, 269, 264, 268, 265, 269, 266,
    266, 266, 265, 267, 269 ]
headPositionsY: [ 80, 74, 76, 75, 77, 78, 78, 78, 77, 74, 77, 74, 75, 75,
    75, 76, 77, 77, 77, 75, 74, 78, 78, 75, 74, 77, 74, 76, 75, 75, 77,
    73, 77, 75, 76, 73, 73, 76, 74, 75, 82, 90, 89, 95, 94, 97, 92, 92,
    86, 84, 79, 76, 76, 68, 68, 69, 67, 68, 69, 76, 80, 82, 87, 85, 84,
    82, 81, 79, 72, 72, 73, 74, 70, 76, 75, 76, 79, 79, 80, 81, 79, 78,
    78, 77, 78, 79, 80, 79, 76, 77, 76, 75, 79, 77, 77, 78, 77, 76, 79,
    78 ]
