%YAML:1.0
---
videoName: "headShake29.mp4"
gestureLabel: 201
fps: 29
pixelSizeInCmTemp: 3.3263888888888887e-01
faceCenterPointX: 243
faceCenterPointY: 76
headPositionsX: [ 244, 240, 244, 244, 241, 243, 243, 241, 241, 242, 242,
    245, 241, 244, 240, 243, 241, 243, 245, 241, 244, 240, 243, 240, 242,
    240, 238, 236, 239, 239, 245, 246, 249, 252, 253, 255, 257, 253, 247,
    244, 236, 234, 230, 226, 229, 229, 233, 236, 242, 248, 247, 251, 254,
    250, 251, 245, 243, 237, 232, 229, 230, 231, 232, 235, 236, 241, 247,
    252, 249, 252, 253, 251, 247, 245, 245, 238, 235, 238, 233, 232, 232,
    235, 236, 236, 240, 239, 237, 243, 240, 240, 242, 243, 242, 245, 243,
    245, 243, 245, 241, 242 ]
headPositionsY: [ 74, 77, 76, 75, 77, 73, 75, 77, 76, 76, 74, 76, 75, 77,
    73, 76, 75, 78, 77, 77, 76, 75, 74, 76, 78, 78, 78, 77, 76, 76, 75,
    76, 77, 74, 76, 74, 77, 76, 76, 77, 75, 75, 77, 78, 74, 76, 77, 76,
    76, 78, 76, 74, 76, 77, 77, 75, 77, 76, 76, 79, 74, 77, 74, 76, 76,
    76, 75, 75, 76, 77, 76, 76, 78, 75, 78, 76, 75, 78, 77, 73, 77, 76,
    75, 75, 78, 78, 75, 78, 76, 74, 77, 80, 75, 76, 77, 75, 77, 76, 78,
    78 ]
