%YAML:1.0
---
videoName: "headNod16.mp4"
gestureLabel: 202
fps: 29
pixelSizeInCmTemp: 3.3263888888888887e-01
faceCenterPointX: 255
faceCenterPointY: 77
headPositionsX: [ 257, 260, 257, 260, 259, 260, 261, 260, 256, 260, 260,
    259, 260, 258, 258, 260, 258, 257, 257, 259, 260, 258, 257, 259, 259,
    259, 260, 257, 261, 261, 261, 257, 257, 260, 258, 257, 258, 261, 260,
    257, 259, 258, 261, 262, 262, 260, 260, 258, 257, 256, 257, 258, 257,
    255, 258, 259, 258, 260, 260, 257, 257, 256, 258, 255, 257, 257, 254,
    257, 257, 254, 258, 255, 255, 253, 253, 255, 256, 255, 256, 256, 254,
    255, 252, 256, 254, 257, 254, 257, 257, 257, 255, 256, 253, 255, 254,
    256, 258, 254, 256, 253 ]
headPositionsY: [ 79, 77, 74, 73, 75, 74, 76, 75, 77, 73, 77, 77, 77, 76,
    77, 73, 75, 72, 74, 72, 77, 76, 75, 76, 76, 72, 73, 76, 73, 75, 74,
    75, 77, 75, 77, 75, 73, 71, 69, 68, 71, 71, 73, 72, 76, 77, 82, 82,
    79, 79, 75, 73, 68, 67, 68, 72, 71, 77, 76, 81, 80, 83, 82, 82, 80,
    75, 72, 72, 69, 71, 73, 76, 76, 79, 80, 79, 82, 75, 74, 74, 69, 71,
    71, 68, 71, 73, 74, 78, 79, 77, 77, 78, 78, 78, 74, 77, 77, 78, 77,
    79 ]
