%YAML:1.0
---
videoName: "headShake0.mp4"
gestureLabel: 201
fps: 29
pixelSizeInCmTemp: 3.2808219178082193e-01
faceCenterPointX: 279
faceCenterPointY: 94
headPositionsX: [ 278, 279, 280, 277, 281, 278, 280, 277, 277, 281, 277,
    278, 280, 277, 280, 280, 277, 281, 278, 279, 281, 277, 281, 278, 278,
    278, 277, 277, 280, 278, 280, 281, 280, 278, 279, 280, 280, 279, 280,
    280, 280, 280, 285, 286, 293, 293, 297, 298, 300, 301, 299, 294, 288,
    282, 278, 275, 274, 274, 275, 278, 281, 284, 287, 292, 290, 288, 287,
    282, 279, 273, 273, 270, 275, 275, 281, 284, 286, 284, 284, 285, 278,
    279, 278, 276, 276, 276, 279, 276, 278, 276, 278, 280, 277, 279, 277,
    280, 278, 280, 277, 280 ]
headPositionsY: [ 93, 95, 94, 90, 95, 93, 91, 95, 94, 95, 95, 91, 92, 91,
    91, 95, 94, 94, 91, 95, 92, 94, 95, 91, 95, 93, 94, 95, 93, 93, 94,
    95, 94, 92, 95, 94, 95, 93, 95, 96, 91, 95, 93, 92, 92, 89, 91, 91,
    94, 92, 91, 93, 93, 94, 91, 95, 91, 91, 90, 94, 91, 93, 90, 94, 92,
    94, 92, 95, 92, 95, 93, 95, 91, 95, 95, 94, 92, 92, 91, 94, 92, 94,
    95, 92, 96, 95, 93, 95, 96, 96, 95, 94, 93, 94, 94, 96, 95, 96, 93,
    93 ]
