%YAML:1.0
---
videoName: "headLookRight1.mp4"
gestureLabel: 204
fps: 29
pixelSizeInCmTemp: 3.3263888888888887e-01
faceCenterPointX: 232
faceCenterPointY: 68
headPositionsX: [ 232, 258, 255, 257, 256, 256, 255, 254, 258, 256, 255,
    256, 257, 257, 256, 255, 257, 253, 254, 254, 257, 256, 257, 258, 256,
    253, 253, 256, 255, 255, 253, 250, 251, 249, 245, 247, 243, 239, 237,
    237, 235, 234, 228, 233, 228, 233, 230, 228, 229, 232, 230, 232, 231,
    231, 230, 231, 232, 236, 231, 233, 231, 233, 230, 232, 232, 231, 231,
    232, 230, 235, 231, 230, 231, 234, 237, 230, 233, 233, 230, 233, 232,
    232, 231, 232, 230, 230, 234, 234, 234, 235, 232, 231, 232, 229, 233,
    230, 234, 232, 234, 232 ]
headPositionsY: [ 66, 65, 68, 69, 66, 70, 68, 69, 66, 70, 70, 70, 70, 67,
    70, 69, 69, 67, 66, 70, 70, 71, 69, 68, 66, 67, 66, 69, 70, 69, 70,
    67, 70, 67, 69, 69, 68, 67, 68, 70, 69, 69, 69, 69, 67, 67, 67, 70,
    67, 69, 68, 68, 72, 71, 67, 66, 68, 70, 67, 65, 69, 67, 70, 68, 68,
    66, 66, 68, 69, 69, 65, 68, 70, 67, 67, 70, 71, 67, 68, 70, 69, 67,
    70, 69, 67, 69, 70, 68, 69, 69, 71, 68, 65, 66, 67, 68, 69, 67, 67,
    70 ]
