%YAML:1.0
---
videoName: "headLookLeft1.mp4"
gestureLabel: 203
fps: 30
pixelSizeInCmTemp: 3.6287878787878786e-01
faceCenterPointX: 276
faceCenterPointY: 73
headPositionsX: [ 275, 259, 254, 258, 255, 257, 257, 256, 257, 254, 258,
    256, 258, 255, 255, 256, 254, 257, 258, 256, 256, 258, 258, 257, 254,
    255, 255, 256, 258, 256, 257, 259, 255, 257, 255, 255, 258, 258, 259,
    255, 254, 258, 253, 257, 255, 254, 255, 257, 253, 253, 253, 253, 255,
    255, 254, 255, 258, 256, 257, 258, 260, 260, 262, 267, 269, 268, 273,
    272, 273, 275, 276, 275, 274, 271, 271, 281, 276, 276, 277, 278, 278,
    276, 277, 279, 280, 276, 277, 280, 277, 277, 277, 276, 277, 275, 275,
    276, 276, 277, 279, 276 ]
headPositionsY: [ 75, 75, 76, 77, 73, 78, 78, 74, 75, 74, 73, 77, 77, 74,
    75, 78, 74, 76, 79, 79, 75, 76, 75, 77, 75, 79, 75, 79, 79, 77, 76,
    80, 78, 80, 80, 79, 78, 81, 80, 76, 78, 78, 77, 77, 78, 80, 79, 81,
    80, 80, 76, 79, 79, 80, 77, 80, 79, 78, 81, 77, 77, 77, 79, 77, 77,
    75, 75, 77, 74, 79, 75, 75, 73, 73, 73, 77, 77, 78, 77, 76, 76, 73,
    75, 75, 78, 74, 74, 77, 76, 77, 75, 74, 73, 74, 76, 77, 74, 74, 75,
    75 ]
