%YAML:1.0
---
videoName: "headShake40.mp4"
gestureLabel: 201
fps: 29
pixelSizeInCmTemp: 3.2808219178082193e-01
faceCenterPointX: 261
faceCenterPointY: 86
headPositionsX: [ 259, 263, 261, 260, 259, 263, 262, 259, 260, 261, 263,
    261, 264, 261, 260, 262, 260, 260, 259, 258, 263, 262, 260, 259, 263,
    260, 261, 258, 259, 260, 259, 255, 255, 251, 252, 254, 256, 262, 265,
    268, 272, 278, 279, 278, 276, 272, 271, 265, 258, 254, 251, 250, 248,
    248, 250, 250, 256, 259, 266, 269, 269, 274, 268, 269, 267, 263, 261,
    258, 256, 255, 255, 259, 257, 261, 261, 264, 267, 268, 267, 268, 265,
    264, 264, 263, 259, 261, 257, 259, 257, 260, 261, 257, 261, 260, 260,
    258, 262, 262, 263, 262 ]
headPositionsY: [ 86, 82, 83, 81, 85, 84, 83, 84, 83, 84, 84, 82, 85, 82,
    85, 84, 82, 81, 85, 80, 85, 81, 84, 82, 82, 83, 86, 84, 81, 82, 81,
    82, 82, 82, 84, 82, 84, 85, 84, 83, 80, 82, 82, 81, 82, 83, 81, 82,
    83, 82, 82, 84, 79, 85, 82, 82, 86, 83, 85, 82, 82, 81, 84, 84, 84,
    82, 85, 82, 83, 85, 85, 83, 86, 82, 82, 81, 84, 83, 84, 83, 83, 84,
    84, 82, 83, 84, 83, 85, 86, 82, 83, 83, 85, 85, 86, 83, 87, 85, 88,
    84 ]
