%YAML:1.0
---
videoName: "headShake14.mp4"
gestureLabel: 201
fps: 29
pixelSizeInCmTemp: 3.2364864864864862e-01
faceCenterPointX: 244
faceCenterPointY: 76
headPositionsX: [ 246, 244, 244, 245, 246, 245, 247, 243, 246, 244, 245,
    244, 243, 243, 244, 246, 242, 246, 244, 245, 243, 247, 244, 246, 245,
    247, 251, 253, 253, 257, 262, 259, 260, 257, 257, 249, 247, 240, 236,
    230, 224, 224, 229, 228, 232, 236, 244, 246, 252, 257, 256, 255, 255,
    252, 250, 243, 238, 236, 231, 233, 236, 235, 233, 238, 243, 242, 242,
    248, 250, 251, 251, 248, 249, 249, 249, 245, 242, 243, 239, 238, 242,
    239, 238, 239, 243, 241, 241, 246, 245, 246, 247, 243, 245, 247, 245,
    243, 243, 242, 242, 245 ]
headPositionsY: [ 75, 73, 75, 74, 75, 77, 77, 76, 76, 76, 75, 75, 77, 74,
    73, 75, 73, 75, 74, 74, 74, 77, 75, 77, 74, 74, 77, 76, 73, 76, 71,
    73, 70, 72, 75, 73, 76, 75, 78, 76, 73, 74, 74, 73, 77, 75, 73, 76,
    71, 73, 73, 73, 74, 72, 76, 73, 76, 74, 77, 77, 77, 74, 77, 74, 75,
    76, 75, 75, 76, 78, 75, 77, 76, 78, 76, 78, 75, 75, 73, 77, 74, 75,
    75, 78, 76, 78, 76, 74, 78, 79, 75, 76, 74, 75, 78, 75, 78, 77, 75,
    75 ]
