%YAML:1.0
---
videoName: "headNod20.mp4"
gestureLabel: 202
fps: 30
pixelSizeInCmTemp: 3.2808219178082193e-01
faceCenterPointX: 253
faceCenterPointY: 80
headPositionsX: [ 255, 258, 255, 255, 256, 255, 253, 258, 256, 255, 253,
    257, 257, 254, 256, 253, 256, 258, 257, 254, 253, 256, 257, 256, 254,
    254, 256, 256, 255, 258, 257, 257, 255, 255, 255, 255, 252, 256, 253,
    253, 253, 251, 252, 255, 252, 254, 254, 251, 252, 253, 252, 250, 251,
    252, 253, 249, 252, 254, 252, 249, 252, 253, 250, 254, 251, 254, 253,
    254, 250, 254, 255, 251, 255, 251, 253, 252, 251, 255, 251, 253, 250,
    251, 251, 255, 251, 253, 250, 251, 252, 253, 253, 253, 254, 254, 254,
    253, 254, 251, 252, 254 ]
headPositionsY: [ 78, 78, 77, 76, 79, 79, 77, 76, 77, 77, 79, 80, 79, 81,
    79, 79, 81, 80, 76, 80, 78, 77, 78, 76, 81, 77, 78, 81, 78, 83, 84,
    86, 87, 88, 84, 81, 81, 79, 76, 73, 70, 69, 70, 74, 79, 78, 85, 87,
    88, 89, 87, 82, 82, 80, 77, 77, 75, 79, 79, 81, 82, 84, 79, 80, 79,
    78, 78, 80, 82, 82, 80, 80, 79, 78, 79, 78, 80, 80, 84, 84, 82, 82,
    78, 82, 78, 82, 83, 80, 81, 83, 78, 79, 79, 82, 82, 80, 82, 81, 78,
    79 ]
