%YAML:1.0
---
videoName: "headLookLeft9.mp4"
gestureLabel: 203
fps: 30
pixelSizeInCmTemp: 3.2364864864864862e-01
faceCenterPointX: 273
faceCenterPointY: 69
headPositionsX: [ 272, 246, 246, 248, 248, 246, 248, 247, 247, 246, 246,
    246, 247, 245, 248, 248, 247, 244, 245, 246, 245, 247, 247, 246, 245,
    245, 244, 245, 246, 245, 243, 244, 250, 251, 251, 254, 255, 256, 258,
    263, 262, 263, 269, 271, 265, 267, 273, 268, 268, 272, 271, 274, 273,
    269, 270, 269, 271, 272, 270, 270, 273, 273, 269, 272, 275, 272, 270,
    270, 276, 270, 269, 269, 274, 274, 271, 273, 272, 270, 273, 270, 271,
    269, 269, 269, 272, 267, 269, 273, 272, 269, 275, 270, 270, 268, 270,
    275, 273, 272, 270, 271 ]
headPositionsY: [ 67, 70, 72, 73, 70, 69, 72, 71, 70, 70, 70, 70, 70, 71,
    71, 73, 72, 73, 70, 72, 71, 71, 69, 72, 69, 71, 70, 73, 73, 70, 71,
    70, 71, 71, 70, 69, 68, 69, 67, 67, 67, 69, 69, 69, 70, 65, 69, 67,
    69, 69, 69, 68, 70, 69, 67, 65, 68, 68, 68, 68, 69, 68, 71, 68, 68,
    69, 65, 67, 69, 65, 69, 67, 68, 69, 70, 70, 68, 69, 68, 68, 67, 70,
    65, 70, 69, 65, 69, 70, 67, 67, 66, 69, 69, 67, 69, 70, 71, 70, 71,
    68 ]
