%YAML:1.0
---
videoName: "headShake19.mp4"
gestureLabel: 201
fps: 29
pixelSizeInCmTemp: 3.1933333333333330e-01
faceCenterPointX: 243
faceCenterPointY: 78
headPositionsX: [ 243, 243, 241, 244, 242, 242, 244, 242, 241, 243, 245,
    246, 244, 243, 242, 245, 241, 244, 241, 241, 244, 243, 241, 243, 242,
    243, 243, 243, 245, 241, 244, 240, 244, 244, 244, 240, 238, 239, 234,
    233, 234, 236, 237, 242, 246, 251, 257, 257, 255, 253, 247, 245, 240,
    233, 234, 230, 231, 234, 238, 240, 244, 245, 248, 249, 247, 243, 242,
    237, 239, 234, 238, 235, 238, 241, 241, 245, 246, 248, 245, 243, 246,
    244, 242, 241, 241, 239, 241, 242, 239, 238, 239, 240, 244, 241, 242,
    243, 242, 245, 242, 243 ]
headPositionsY: [ 80, 78, 74, 75, 75, 74, 75, 75, 75, 75, 77, 77, 75, 75,
    77, 78, 76, 77, 75, 76, 74, 76, 75, 75, 75, 79, 79, 76, 75, 79, 79,
    75, 75, 75, 76, 77, 79, 75, 78, 76, 76, 78, 78, 76, 76, 79, 77, 76,
    74, 74, 78, 79, 75, 74, 75, 78, 75, 78, 77, 75, 76, 78, 76, 77, 79,
    80, 75, 77, 75, 77, 77, 79, 78, 79, 75, 76, 76, 80, 78, 77, 76, 77,
    77, 78, 77, 80, 77, 81, 78, 79, 79, 77, 76, 76, 76, 79, 79, 80, 80,
    79 ]
