%YAML:1.0
---
videoName: "headNod9.mp4"
gestureLabel: 202
fps: 29
pixelSizeInCmTemp: 3.1513157894736843e-01
faceCenterPointX: 261
faceCenterPointY: 75
headPositionsX: [ 262, 260, 259, 261, 259, 260, 260, 261, 261, 259, 258,
    263, 261, 261, 260, 259, 260, 262, 263, 260, 260, 260, 262, 261, 262,
    262, 263, 263, 259, 262, 260, 259, 259, 262, 262, 261, 260, 261, 263,
    260, 260, 263, 263, 262, 260, 262, 259, 258, 260, 258, 261, 262, 262,
    261, 259, 261, 261, 258, 258, 262, 262, 258, 260, 260, 260, 258, 263,
    261, 262, 261, 258, 261, 258, 258, 259, 258, 259, 260, 257, 259, 259,
    257, 257, 258, 261, 256, 256, 260, 260, 259, 262, 259, 258, 260, 262,
    259, 260, 261, 258, 262 ]
headPositionsY: [ 76, 76, 74, 74, 76, 77, 77, 74, 76, 75, 74, 75, 78, 74,
    74, 77, 74, 73, 76, 77, 75, 76, 74, 76, 77, 75, 75, 73, 74, 77, 77,
    75, 77, 82, 79, 81, 81, 76, 74, 71, 74, 75, 75, 83, 83, 87, 86, 82,
    83, 79, 74, 75, 79, 78, 84, 85, 83, 81, 79, 79, 75, 71, 72, 75, 78,
    78, 84, 86, 82, 84, 79, 77, 72, 73, 73, 72, 71, 75, 75, 77, 80, 81,
    82, 82, 81, 78, 78, 75, 74, 72, 73, 74, 71, 73, 74, 76, 73, 76, 73,
    76 ]
