%YAML:1.0
---
videoName: "headLookDown9.mp4"
gestureLabel: 206
fps: 29
pixelSizeInCmTemp: 3.5220588235294115e-01
faceCenterPointX: 274
faceCenterPointY: 97
headPositionsX: [ 273, 270, 271, 274, 271, 271, 273, 270, 274, 270, 274,
    271, 272, 274, 273, 273, 273, 274, 270, 271, 271, 274, 271, 273, 270,
    275, 271, 273, 271, 270, 271, 275, 271, 271, 274, 274, 270, 270, 273,
    272, 271, 275, 273, 272, 270, 270, 273, 270, 273, 272, 271, 270, 274,
    270, 273, 273, 274, 269, 273, 274, 271, 275, 272, 272, 274, 271, 274,
    274, 273, 272, 271, 272, 273, 271, 272, 273, 271, 270, 271, 274, 271,
    272, 272, 273, 271, 275, 275, 274, 271, 271, 272, 274, 274, 275, 272,
    273, 273, 272, 273, 273 ]
headPositionsY: [ 98, 82, 80, 81, 80, 80, 77, 81, 82, 78, 80, 80, 80, 82,
    81, 82, 78, 82, 78, 79, 78, 80, 81, 80, 78, 78, 80, 81, 82, 80, 81,
    81, 82, 84, 85, 83, 84, 82, 87, 85, 90, 91, 89, 93, 92, 91, 98, 95,
    98, 95, 95, 100, 99, 99, 101, 100, 98, 96, 99, 97, 101, 98, 98, 97,
    100, 98, 99, 96, 98, 97, 100, 99, 97, 95, 96, 94, 99, 98, 96, 99, 96,
    97, 95, 97, 97, 99, 98, 98, 98, 98, 98, 98, 95, 99, 99, 96, 97, 96,
    97, 96 ]
