%YAML:1.0
---
videoName: "headLookRight2.mp4"
gestureLabel: 204
fps: 29
pixelSizeInCmTemp: 3.8015873015873014e-01
faceCenterPointX: 228
faceCenterPointY: 68
headPositionsX: [ 229, 252, 254, 250, 252, 252, 250, 253, 250, 253, 251,
    254, 251, 252, 252, 253, 250, 251, 250, 251, 250, 251, 253, 252, 255,
    254, 253, 253, 252, 253, 254, 255, 251, 253, 255, 254, 253, 252, 253,
    253, 253, 251, 251, 253, 253, 251, 254, 252, 252, 250, 249, 243, 243,
    238, 238, 237, 234, 235, 233, 228, 227, 229, 231, 227, 228, 226, 228,
    227, 223, 227, 228, 228, 226, 231, 228, 229, 227, 229, 231, 230, 231,
    230, 231, 230, 227, 230, 231, 228, 229, 225, 228, 229, 230, 230, 227,
    230, 229, 231, 228, 230 ]
headPositionsY: [ 70, 65, 68, 69, 69, 67, 67, 66, 70, 67, 69, 70, 69, 67,
    71, 71, 68, 71, 70, 70, 67, 68, 67, 68, 70, 70, 68, 68, 68, 72, 68,
    71, 68, 67, 71, 68, 69, 68, 67, 67, 70, 68, 71, 67, 69, 67, 69, 71,
    71, 68, 66, 68, 67, 69, 70, 71, 71, 69, 67, 71, 65, 66, 67, 68, 68,
    69, 66, 70, 73, 67, 71, 67, 71, 69, 71, 72, 70, 69, 69, 68, 68, 72,
    71, 71, 70, 67, 68, 70, 70, 69, 72, 66, 71, 67, 66, 68, 71, 72, 72,
    72 ]
