%YAML:1.0
---
videoName: "headShake13.mp4"
gestureLabel: 201
fps: 29
pixelSizeInCmTemp: 3.2364864864864862e-01
faceCenterPointX: 241
faceCenterPointY: 77
headPositionsX: [ 242, 239, 240, 240, 240, 239, 242, 241, 239, 240, 243,
    241, 240, 243, 242, 239, 242, 240, 241, 242, 241, 242, 242, 241, 239,
    239, 242, 241, 241, 240, 239, 239, 237, 240, 241, 248, 249, 254, 261,
    261, 265, 263, 261, 254, 249, 244, 240, 236, 231, 229, 230, 232, 236,
    241, 244, 250, 251, 248, 248, 246, 244, 242, 238, 235, 230, 229, 232,
    236, 239, 243, 243, 250, 249, 251, 248, 253, 249, 243, 242, 239, 235,
    234, 231, 236, 232, 233, 236, 238, 241, 243, 244, 243, 245, 245, 241,
    242, 245, 243, 240, 240 ]
headPositionsY: [ 76, 77, 76, 75, 77, 77, 76, 78, 75, 75, 78, 76, 78, 78,
    74, 78, 75, 79, 78, 76, 78, 74, 75, 77, 76, 77, 78, 76, 77, 77, 75,
    78, 78, 77, 78, 78, 75, 73, 74, 74, 75, 75, 75, 74, 78, 75, 75, 74,
    77, 79, 78, 75, 74, 75, 75, 76, 77, 75, 74, 75, 78, 78, 75, 77, 76,
    75, 74, 74, 78, 78, 74, 78, 75, 78, 77, 78, 78, 74, 75, 77, 78, 74,
    78, 74, 76, 76, 74, 78, 77, 77, 76, 77, 77, 76, 76, 78, 75, 77, 76,
    76 ]
