%YAML:1.0
---
videoName: "headLookUp5.mp4"
gestureLabel: 205
fps: 29
pixelSizeInCmTemp: 3.6287878787878786e-01
faceCenterPointX: 256
faceCenterPointY: 67
headPositionsX: [ 258, 256, 256, 257, 257, 255, 259, 254, 256, 258, 257,
    256, 256, 258, 257, 256, 258, 257, 253, 254, 258, 256, 257, 254, 256,
    256, 255, 254, 256, 257, 258, 256, 254, 256, 254, 256, 258, 254, 254,
    256, 257, 258, 258, 258, 258, 259, 253, 254, 255, 258, 257, 255, 255,
    258, 256, 257, 257, 254, 256, 254, 258, 257, 256, 254, 254, 254, 256,
    254, 257, 254, 255, 258, 256, 254, 258, 255, 256, 257, 257, 258, 258,
    257, 256, 258, 255, 256, 258, 256, 257, 255, 257, 254, 257, 254, 257,
    258, 256, 258, 254, 256 ]
headPositionsY: [ 69, 83, 80, 81, 80, 80, 80, 83, 81, 82, 83, 84, 83, 82,
    80, 79, 82, 80, 80, 80, 80, 79, 79, 80, 83, 83, 81, 83, 80, 80, 82,
    82, 78, 77, 80, 78, 75, 72, 74, 73, 70, 71, 71, 71, 66, 71, 68, 66,
    70, 67, 66, 68, 67, 69, 67, 69, 67, 67, 68, 68, 68, 69, 68, 66, 68,
    67, 69, 69, 68, 68, 68, 67, 66, 67, 68, 66, 67, 70, 63, 70, 65, 68,
    70, 66, 66, 66, 70, 68, 66, 66, 67, 68, 68, 68, 64, 68, 68, 67, 67,
    68 ]
