%YAML:1.0
---
videoName: "headShake23.mp4"
gestureLabel: 201
fps: 29
pixelSizeInCmTemp: 3.2808219178082193e-01
faceCenterPointX: 240
faceCenterPointY: 77
headPositionsX: [ 241, 244, 244, 243, 240, 245, 240, 240, 243, 243, 244,
    240, 239, 242, 243, 241, 242, 240, 237, 239, 242, 243, 244, 246, 250,
    250, 251, 255, 256, 253, 252, 253, 251, 252, 246, 247, 239, 240, 233,
    229, 230, 230, 230, 229, 228, 230, 233, 234, 236, 239, 244, 245, 249,
    249, 250, 252, 250, 254, 254, 252, 248, 248, 247, 242, 240, 241, 239,
    239, 236, 237, 235, 232, 232, 234, 235, 233, 236, 236, 238, 239, 240,
    239, 238, 239, 241, 243, 243, 246, 246, 245, 246, 243, 244, 244, 243,
    245, 241, 243, 240, 241 ]
headPositionsY: [ 75, 78, 77, 75, 75, 79, 78, 75, 77, 75, 78, 78, 77, 78,
    76, 75, 78, 77, 74, 78, 75, 77, 76, 76, 79, 74, 75, 77, 78, 76, 76,
    78, 76, 76, 80, 77, 75, 76, 79, 77, 78, 79, 76, 75, 77, 75, 80, 78,
    76, 76, 80, 78, 78, 76, 77, 77, 77, 77, 76, 77, 78, 80, 77, 77, 77,
    78, 76, 78, 76, 79, 79, 77, 76, 78, 76, 78, 77, 78, 79, 78, 77, 79,
    76, 79, 78, 79, 79, 79, 78, 75, 80, 78, 78, 78, 79, 80, 77, 76, 79,
    75 ]
