%YAML:1.0
---
videoName: "headNod19.mp4"
gestureLabel: 202
fps: 29
pixelSizeInCmTemp: 3.1933333333333330e-01
faceCenterPointX: 255
faceCenterPointY: 81
headPositionsX: [ 257, 257, 259, 255, 257, 254, 255, 254, 255, 256, 257,
    255, 255, 255, 254, 253, 254, 251, 253, 253, 253, 252, 248, 253, 249,
    251, 251, 253, 248, 250, 249, 249, 253, 252, 251, 255, 252, 253, 255,
    252, 252, 257, 256, 254, 253, 257, 253, 256, 257, 257, 258, 257, 253,
    257, 254, 255, 256, 254, 256, 255, 258, 253, 253, 256, 256, 255, 254,
    257, 257, 257, 258, 254, 256, 253, 256, 257, 255, 253, 257, 254, 256,
    253, 255, 255, 254, 257, 255, 256, 253, 256, 257, 254, 257, 254, 258,
    256, 256, 256, 255, 257 ]
headPositionsY: [ 83, 82, 86, 80, 79, 78, 78, 78, 78, 77, 78, 77, 79, 75,
    79, 78, 77, 77, 80, 79, 78, 77, 79, 77, 78, 79, 81, 77, 81, 78, 80,
    81, 78, 80, 80, 80, 77, 76, 78, 81, 80, 80, 81, 77, 78, 79, 78, 79,
    80, 79, 79, 80, 78, 77, 79, 78, 79, 79, 79, 80, 78, 81, 80, 80, 80,
    78, 76, 75, 75, 76, 75, 74, 74, 76, 78, 83, 86, 82, 83, 78, 74, 76,
    78, 77, 85, 85, 84, 84, 82, 80, 81, 82, 80, 81, 82, 82, 81, 83, 82,
    81 ]
