%YAML:1.0
---
videoName: "headNod11.mp4"
gestureLabel: 202
fps: 29
pixelSizeInCmTemp: 3.2364864864864862e-01
faceCenterPointX: 261
faceCenterPointY: 75
headPositionsX: [ 259, 260, 259, 258, 259, 259, 259, 258, 256, 257, 257,
    259, 261, 262, 258, 257, 261, 258, 258, 261, 262, 260, 261, 260, 259,
    263, 259, 260, 258, 259, 260, 261, 259, 259, 260, 262, 263, 259, 261,
    262, 261, 259, 262, 262, 258, 260, 263, 260, 258, 261, 260, 259, 261,
    262, 261, 261, 259, 261, 258, 260, 258, 257, 259, 256, 259, 260, 256,
    259, 258, 259, 258, 255, 256, 258, 258, 255, 259, 258, 259, 258, 258,
    259, 257, 261, 258, 257, 261, 259, 257, 259, 262, 260, 257, 260, 261,
    259, 260, 260, 259, 258 ]
headPositionsY: [ 73, 74, 75, 75, 75, 76, 72, 75, 75, 74, 75, 75, 73, 73,
    75, 74, 73, 72, 73, 75, 72, 72, 75, 75, 77, 77, 75, 75, 74, 75, 75,
    74, 76, 75, 77, 72, 74, 77, 75, 73, 74, 77, 75, 74, 74, 74, 73, 73,
    74, 72, 70, 70, 66, 69, 69, 72, 72, 74, 79, 78, 80, 80, 75, 72, 70,
    67, 69, 68, 71, 74, 72, 75, 79, 79, 83, 79, 79, 77, 74, 74, 71, 69,
    70, 73, 74, 77, 76, 78, 78, 79, 81, 79, 79, 76, 74, 75, 78, 74, 76,
    73 ]
