%YAML:1.0
---
videoName: "headShake25.mp4"
gestureLabel: 201
fps: 30
pixelSizeInCmTemp: 3.2364864864864862e-01
faceCenterPointX: 241
faceCenterPointY: 79
headPositionsX: [ 239, 254, 254, 253, 254, 250, 247, 246, 245, 242, 241,
    236, 236, 236, 232, 231, 231, 231, 227, 231, 230, 232, 235, 237, 241,
    239, 246, 245, 248, 247, 250, 247, 247, 247, 248, 247, 245, 238, 239,
    236, 232, 230, 229, 232, 230, 231, 231, 232, 231, 235, 240, 243, 244,
    247, 245, 247, 252, 248, 253, 252, 251, 248, 247, 248, 245, 244, 243,
    239, 238, 235, 232, 234, 232, 237, 237, 236, 236, 237, 235, 235, 237,
    239, 241, 242, 239, 244, 244, 243, 244, 243, 244, 242, 244, 242, 239,
    239, 242, 241, 241, 239 ]
headPositionsY: [ 81, 75, 75, 75, 75, 75, 77, 78, 80, 77, 79, 77, 78, 80,
    77, 76, 79, 77, 80, 76, 76, 76, 79, 76, 79, 77, 77, 78, 81, 80, 77,
    76, 77, 78, 78, 80, 80, 79, 78, 81, 77, 78, 80, 76, 76, 77, 77, 77,
    77, 77, 78, 76, 81, 79, 78, 77, 79, 78, 77, 80, 81, 79, 78, 79, 78,
    80, 81, 79, 77, 81, 77, 79, 76, 76, 79, 78, 80, 77, 77, 80, 78, 76,
    78, 76, 79, 80, 76, 80, 79, 79, 81, 81, 79, 80, 81, 81, 78, 78, 79,
    79 ]
