%YAML:1.0
---
videoName: "headLookUp6.mp4"
gestureLabel: 205
fps: 30
pixelSizeInCmTemp: 3.7421874999999999e-01
faceCenterPointX: 255
faceCenterPointY: 70
headPositionsX: [ 257, 256, 255, 254, 256, 255, 254, 258, 258, 253, 255,
    254, 258, 253, 255, 256, 258, 253, 254, 255, 252, 257, 254, 254, 254,
    257, 255, 254, 253, 254, 257, 255, 257, 255, 256, 256, 255, 257, 255,
    255, 254, 255, 253, 257, 254, 256, 251, 253, 254, 253, 256, 254, 254,
    254, 255, 255, 254, 256, 254, 253, 256, 255, 252, 253, 256, 257, 257,
    256, 254, 257, 251, 254, 254, 255, 257, 256, 254, 256, 255, 257, 257,
    254, 256, 256, 255, 254, 253, 254, 256, 256, 256, 256, 254, 253, 257,
    253, 252, 253, 256, 257 ]
headPositionsY: [ 68, 82, 83, 85, 83, 81, 83, 82, 82, 81, 83, 82, 85, 82,
    82, 82, 83, 84, 84, 81, 84, 83, 81, 84, 81, 78, 81, 77, 78, 75, 72,
    70, 71, 70, 68, 68, 69, 67, 68, 69, 69, 68, 68, 66, 69, 68, 67, 70,
    70, 69, 69, 71, 70, 69, 68, 70, 69, 72, 69, 71, 71, 69, 68, 71, 68,
    70, 69, 69, 70, 72, 70, 69, 71, 70, 68, 66, 67, 69, 70, 69, 72, 69,
    71, 72, 68, 68, 69, 69, 69, 68, 67, 71, 68, 71, 71, 71, 70, 68, 71,
    68 ]
