%YAML:1.0
---
videoName: "headLookUp1.mp4"
gestureLabel: 205
fps: 29
pixelSizeInCmTemp: 3.7421874999999999e-01
faceCenterPointX: 258
faceCenterPointY: 66
headPositionsX: [ 256, 256, 260, 257, 260, 259, 258, 259, 256, 257, 259,
    260, 257, 257, 257, 259, 261, 260, 257, 261, 259, 257, 257, 257, 260,
    261, 261, 262, 257, 257, 259, 259, 257, 258, 260, 258, 257, 257, 259,
    257, 258, 256, 260, 259, 258, 260, 258, 259, 260, 259, 257, 256, 259,
    257, 258, 257, 257, 254, 259, 257, 258, 256, 260, 260, 254, 258, 260,
    259, 257, 256, 256, 258, 260, 261, 255, 258, 258, 257, 257, 260, 257,
    257, 258, 260, 257, 257, 257, 256, 259, 260, 260, 258, 258, 258, 260,
    257, 257, 256, 256, 261 ]
headPositionsY: [ 64, 79, 79, 80, 82, 82, 79, 83, 80, 81, 81, 80, 81, 81,
    78, 81, 81, 78, 80, 79, 82, 84, 82, 79, 82, 80, 80, 84, 83, 81, 80,
    81, 81, 83, 81, 79, 80, 83, 82, 79, 80, 76, 77, 74, 73, 72, 72, 67,
    67, 65, 69, 64, 63, 68, 68, 65, 68, 65, 64, 64, 65, 62, 66, 67, 64,
    62, 64, 63, 64, 66, 68, 67, 67, 68, 65, 63, 65, 65, 67, 64, 66, 68,
    65, 66, 66, 68, 66, 68, 65, 66, 66, 66, 65, 67, 64, 64, 64, 68, 63,
    69 ]
