%YAML:1.0
---
videoName: "headNod27.mp4"
gestureLabel: 202
fps: 29
pixelSizeInCmTemp: 3.0705128205128202e-01
faceCenterPointX: 271
faceCenterPointY: 77
headPositionsX: [ 269, 272, 271, 270, 274, 273, 272, 270, 270, 272, 269,
    275, 271, 273, 274, 271, 271, 269, 271, 270, 274, 271, 271, 272, 271,
    271, 271, 271, 273, 273, 271, 273, 272, 270, 271, 268, 269, 270, 267,
    268, 267, 269, 271, 267, 270, 269, 268, 267, 268, 269, 267, 267, 269,
    272, 269, 272, 272, 269, 270, 270, 269, 268, 268, 270, 268, 265, 265,
    268, 270, 269, 269, 268, 267, 270, 267, 271, 269, 267, 267, 267, 269,
    270, 269, 269, 267, 271, 268, 267, 270, 271, 270, 272, 273, 273, 270,
    272, 269, 271, 270, 270 ]
headPositionsY: [ 79, 71, 74, 74, 74, 73, 71, 72, 76, 74, 72, 75, 75, 73,
    76, 74, 75, 75, 77, 77, 75, 69, 68, 64, 64, 65, 64, 63, 63, 67, 69,
    76, 82, 84, 86, 84, 82, 78, 75, 73, 70, 66, 68, 70, 70, 71, 76, 77,
    82, 80, 81, 79, 72, 73, 71, 71, 73, 70, 76, 74, 80, 80, 80, 84, 80,
    77, 76, 72, 72, 70, 74, 73, 75, 78, 76, 78, 80, 77, 74, 74, 74, 72,
    71, 71, 72, 73, 76, 77, 79, 81, 77, 79, 80, 79, 76, 76, 74, 75, 77,
    75 ]
