%YAML:1.0
---
videoName: "headShake4.mp4"
gestureLabel: 201
fps: 30
pixelSizeInCmTemp: 3.2364864864864862e-01
faceCenterPointX: 237
faceCenterPointY: 101
headPositionsX: [ 235, 242, 245, 247, 252, 254, 254, 252, 252, 249, 244,
    238, 232, 226, 224, 226, 227, 232, 234, 242, 248, 252, 253, 251, 248,
    248, 239, 234, 230, 222, 222, 223, 223, 229, 235, 240, 247, 250, 253,
    257, 253, 252, 248, 244, 238, 231, 229, 223, 225, 223, 226, 232, 235,
    237, 242, 247, 246, 247, 249, 249, 249, 243, 241, 237, 236, 233, 230,
    232, 229, 233, 232, 236, 234, 239, 241, 240, 239, 244, 242, 241, 242,
    241, 240, 239, 238, 237, 237, 237, 235, 240, 235, 238, 234, 238, 237,
    239, 236, 237, 239, 236 ]
headPositionsY: [ 100, 101, 97, 98, 99, 97, 100, 98, 98, 100, 99, 98,
    101, 99, 100, 99, 98, 97, 98, 98, 99, 100, 100, 97, 98, 101, 98, 99,
    99, 98, 98, 97, 99, 96, 98, 98, 100, 101, 96, 97, 101, 99, 97, 101,
    100, 97, 101, 102, 101, 101, 101, 102, 99, 103, 102, 99, 99, 98, 100,
    98, 101, 100, 99, 102, 100, 98, 101, 100, 100, 98, 101, 99, 100, 100,
    102, 100, 103, 98, 103, 100, 99, 100, 102, 101, 99, 101, 99, 102,
    102, 99, 101, 102, 100, 98, 102, 103, 98, 100, 99, 102 ]
