%YAML:1.0
---
videoName: "headLookRight4.mp4"
gestureLabel: 204
fps: 30
pixelSizeInCmTemp: 3.4214285714285714e-01
faceCenterPointX: 228
faceCenterPointY: 75
headPositionsX: [ 227, 255, 254, 253, 254, 254, 251, 254, 254, 254, 254,
    252, 254, 254, 253, 254, 253, 251, 251, 253, 254, 250, 252, 252, 254,
    255, 252, 251, 250, 252, 249, 251, 248, 246, 243, 244, 238, 240, 236,
    235, 234, 230, 232, 229, 229, 229, 230, 227, 231, 228, 229, 230, 226,
    228, 231, 228, 224, 226, 227, 229, 228, 227, 229, 228, 224, 225, 227,
    227, 226, 224, 226, 226, 228, 223, 222, 229, 230, 225, 228, 227, 226,
    229, 229, 228, 227, 228, 225, 225, 226, 229, 226, 229, 224, 229, 226,
    227, 224, 224, 224, 228 ]
headPositionsY: [ 75, 73, 73, 71, 73, 73, 72, 71, 70, 70, 70, 70, 73, 72,
    73, 73, 74, 74, 75, 72, 75, 74, 75, 73, 75, 72, 70, 74, 75, 73, 72,
    75, 71, 75, 75, 73, 71, 73, 70, 75, 70, 75, 73, 73, 73, 70, 74, 74,
    74, 75, 75, 75, 76, 74, 76, 75, 75, 72, 74, 72, 75, 74, 75, 74, 72,
    73, 72, 78, 75, 74, 74, 76, 74, 74, 77, 73, 73, 74, 77, 73, 73, 77,
    74, 76, 73, 74, 73, 76, 73, 74, 73, 72, 72, 75, 75, 73, 76, 76, 76,
    72 ]
