%YAML:1.0
---
videoName: "headNod23.mp4"
gestureLabel: 202
fps: 29
pixelSizeInCmTemp: 3.1933333333333330e-01
faceCenterPointX: 273
faceCenterPointY: 75
headPositionsX: [ 274, 272, 277, 274, 276, 273, 276, 273, 273, 273, 272,
    274, 273, 273, 276, 274, 273, 273, 274, 273, 275, 275, 275, 274, 272,
    273, 276, 276, 277, 277, 277, 273, 275, 276, 276, 274, 274, 274, 275,
    272, 270, 269, 272, 273, 272, 273, 273, 274, 272, 274, 273, 274, 276,
    272, 272, 273, 271, 276, 274, 272, 274, 276, 274, 276, 272, 272, 275,
    275, 275, 273, 275, 273, 275, 272, 273, 273, 272, 275, 274, 273, 271,
    274, 272, 271, 273, 276, 274, 273, 274, 275, 276, 275, 272, 274, 273,
    275, 273, 271, 275, 274 ]
headPositionsY: [ 73, 75, 74, 79, 79, 77, 74, 79, 77, 78, 76, 76, 79, 79,
    76, 77, 79, 75, 75, 75, 78, 77, 79, 73, 75, 74, 68, 68, 67, 65, 66,
    64, 65, 68, 68, 69, 72, 76, 78, 82, 82, 84, 80, 80, 77, 73, 69, 69,
    67, 68, 68, 69, 67, 69, 71, 76, 78, 78, 79, 76, 75, 74, 74, 70, 68,
    71, 68, 69, 71, 73, 72, 74, 74, 79, 80, 79, 80, 77, 76, 77, 75, 75,
    75, 74, 76, 72, 75, 73, 74, 72, 76, 72, 77, 77, 77, 78, 77, 76, 76,
    76 ]
