%YAML:1.0
---
videoName: "headShake11.mp4"
gestureLabel: 201
fps: 29
pixelSizeInCmTemp: 3.2364864864864862e-01
faceCenterPointX: 244
faceCenterPointY: 76
headPositionsX: [ 246, 240, 239, 241, 243, 243, 245, 244, 243, 243, 244,
    241, 244, 240, 242, 244, 242, 241, 240, 244, 241, 244, 244, 240, 242,
    240, 241, 244, 245, 250, 253, 257, 259, 260, 259, 263, 261, 259, 252,
    248, 246, 239, 232, 230, 228, 224, 229, 229, 233, 238, 245, 248, 256,
    260, 259, 256, 257, 251, 249, 246, 239, 233, 234, 231, 230, 234, 233,
    240, 242, 249, 254, 255, 258, 256, 257, 256, 253, 250, 244, 242, 237,
    233, 233, 233, 233, 237, 242, 243, 245, 246, 249, 248, 250, 246, 245,
    248, 247, 248, 244, 245 ]
headPositionsY: [ 78, 71, 74, 74, 71, 70, 75, 73, 71, 74, 75, 73, 71, 70,
    72, 72, 72, 73, 73, 72, 71, 71, 73, 71, 72, 74, 71, 73, 71, 71, 73,
    70, 72, 74, 72, 72, 72, 72, 75, 74, 75, 74, 74, 76, 73, 73, 72, 76,
    76, 75, 75, 72, 71, 74, 74, 70, 75, 75, 73, 75, 78, 78, 74, 75, 78,
    76, 77, 73, 77, 75, 74, 73, 71, 74, 73, 71, 74, 73, 76, 72, 73, 76,
    73, 75, 73, 72, 76, 75, 75, 73, 73, 77, 72, 72, 73, 77, 73, 77, 77,
    75 ]
