%YAML:1.0
---
videoName: "headShake38.mp4"
gestureLabel: 201
fps: 29
pixelSizeInCmTemp: 3.2808219178082193e-01
faceCenterPointX: 259
faceCenterPointY: 84
headPositionsX: [ 259, 263, 263, 261, 264, 262, 263, 261, 263, 262, 263,
    263, 264, 264, 265, 261, 264, 262, 261, 263, 262, 262, 264, 262, 265,
    265, 261, 262, 262, 262, 264, 262, 264, 261, 260, 262, 263, 262, 263,
    263, 261, 260, 261, 256, 254, 249, 250, 247, 250, 254, 259, 268, 273,
    278, 277, 273, 268, 262, 256, 251, 248, 251, 255, 258, 266, 269, 271,
    271, 268, 258, 251, 247, 245, 247, 250, 253, 261, 266, 267, 270, 268,
    270, 269, 265, 267, 264, 261, 262, 262, 259, 258, 261, 261, 258, 263,
    257, 260, 262, 261, 260 ]
headPositionsY: [ 86, 83, 85, 83, 85, 82, 84, 82, 85, 80, 83, 82, 83, 83,
    82, 85, 81, 84, 81, 86, 86, 85, 84, 84, 81, 84, 82, 83, 85, 85, 83,
    85, 84, 85, 85, 83, 82, 82, 84, 84, 83, 85, 86, 85, 82, 80, 82, 81,
    85, 83, 83, 83, 82, 84, 83, 81, 86, 83, 86, 84, 82, 83, 81, 83, 85,
    84, 83, 82, 84, 84, 83, 81, 85, 85, 84, 83, 82, 83, 85, 83, 86, 85,
    85, 86, 86, 86, 86, 84, 86, 84, 82, 86, 83, 84, 83, 82, 83, 86, 86,
    85 ]
