%YAML:1.0
---
videoName: "headNod12.mp4"
gestureLabel: 202
fps: 29
pixelSizeInCmTemp: 3.2808219178082193e-01
faceCenterPointX: 254
faceCenterPointY: 69
headPositionsX: [ 253, 254, 255, 254, 254, 254, 252, 253, 255, 253, 257,
    259, 257, 255, 254, 259, 257, 257, 256, 255, 257, 254, 258, 253, 254,
    258, 256, 257, 254, 254, 259, 253, 256, 252, 254, 252, 252, 255, 252,
    256, 255, 256, 256, 255, 256, 257, 256, 252, 256, 256, 252, 255, 252,
    253, 254, 252, 253, 252, 256, 256, 254, 253, 254, 253, 256, 255, 253,
    255, 256, 255, 252, 254, 255, 254, 254, 256, 253, 255, 253, 256, 252,
    257, 257, 253, 253, 252, 256, 258, 254, 256, 256, 257, 254, 255, 254,
    254, 252, 254, 256, 256 ]
headPositionsY: [ 67, 72, 70, 75, 73, 72, 72, 71, 73, 76, 72, 76, 75, 75,
    72, 73, 70, 72, 73, 74, 75, 72, 74, 71, 72, 73, 73, 73, 74, 72, 77,
    74, 75, 70, 74, 72, 71, 69, 66, 64, 62, 63, 61, 63, 62, 67, 69, 70,
    72, 73, 78, 80, 80, 77, 78, 75, 70, 68, 68, 65, 63, 62, 64, 65, 65,
    68, 69, 73, 75, 73, 76, 77, 75, 74, 73, 68, 71, 68, 67, 67, 67, 68,
    68, 64, 67, 71, 70, 73, 73, 71, 72, 73, 74, 73, 74, 71, 70, 71, 68,
    68 ]
