%YAML:1.0
---
videoName: "headNod11.mp4"
gestureLabel: 202
fps: 29
pixelSizeInCmTemp: 3.2364864864864862e-01
faceCenterPointX: 261
faceCenterPointY: 75
headPositionsX: [ 263, 257, 261, 259, 261, 258, 260, 260, 259, 260, 261,
    261, 261, 259, 259, 261, 260, 259, 258, 258, 260, 260, 262, 262, 259,
    260, 260, 259, 260, 259, 262, 261, 259, 260, 260, 259, 261, 260, 260,
    259, 261, 261, 262, 261, 258, 262, 259, 259, 262, 261, 259, 260, 259,
    262, 262, 261, 261, 260, 260, 261, 259, 261, 260, 256, 259, 256, 258,
    259, 256, 256, 258, 257, 256, 258, 257, 258, 256, 259, 258, 258, 259,
    257, 258, 261, 259, 257, 260, 259, 260, 258, 258, 261, 259, 259, 260,
    259, 260, 262, 258, 258 ]
headPositionsY: [ 74, 73, 73, 75, 76, 73, 74, 73, 74, 72, 73, 72, 72, 74,
    74, 72, 75, 76, 75, 75, 73, 75, 72, 77, 77, 77, 75, 75, 75, 75, 74,
    76, 77, 76, 77, 74, 76, 77, 73, 73, 75, 77, 73, 74, 75, 76, 73, 74,
    74, 69, 71, 67, 69, 66, 69, 72, 72, 77, 78, 80, 78, 80, 77, 74, 71,
    71, 67, 67, 68, 73, 75, 75, 76, 81, 82, 79, 81, 76, 76, 74, 72, 69,
    72, 73, 74, 75, 80, 82, 78, 79, 80, 76, 76, 75, 75, 76, 75, 78, 74,
    75 ]
