%YAML:1.0
---
videoName: "headLookUp1.mp4"
gestureLabel: 205
fps: 29
pixelSizeInCmTemp: 3.7421874999999999e-01
faceCenterPointX: 258
faceCenterPointY: 66
headPositionsX: [ 258, 257, 257, 258, 259, 260, 258, 257, 257, 261, 260,
    259, 260, 258, 260, 257, 262, 256, 261, 258, 257, 260, 260, 260, 258,
    257, 258, 260, 258, 258, 258, 260, 259, 261, 260, 257, 256, 259, 260,
    259, 260, 260, 259, 256, 256, 260, 258, 257, 259, 259, 259, 258, 257,
    260, 259, 257, 261, 257, 256, 259, 260, 258, 258, 256, 257, 259, 258,
    257, 257, 258, 259, 260, 258, 258, 259, 255, 257, 257, 259, 258, 257,
    254, 258, 258, 257, 260, 258, 257, 260, 260, 256, 257, 259, 257, 257,
    255, 258, 259, 258, 257 ]
headPositionsY: [ 66, 80, 81, 82, 84, 81, 81, 81, 80, 81, 79, 83, 82, 80,
    80, 80, 82, 79, 80, 80, 79, 81, 80, 82, 79, 83, 83, 80, 82, 80, 80,
    83, 81, 80, 82, 82, 78, 79, 82, 81, 79, 79, 77, 74, 74, 72, 72, 67,
    68, 65, 67, 65, 63, 65, 69, 63, 66, 64, 66, 64, 68, 63, 67, 63, 65,
    65, 66, 65, 67, 65, 68, 63, 65, 64, 65, 66, 64, 67, 67, 65, 66, 68,
    66, 63, 63, 67, 67, 65, 66, 63, 65, 68, 64, 64, 67, 64, 64, 68, 64,
    66 ]
