%YAML:1.0
---
videoName: "headShake8.mp4"
gestureLabel: 201
fps: 29
pixelSizeInCmTemp: 3.2364864864864862e-01
faceCenterPointX: 243
faceCenterPointY: 72
headPositionsX: [ 245, 245, 245, 242, 246, 242, 246, 246, 245, 246, 244,
    246, 241, 242, 246, 245, 241, 245, 243, 243, 242, 245, 242, 245, 244,
    243, 243, 245, 245, 242, 241, 244, 242, 246, 244, 247, 251, 255, 263,
    264, 264, 265, 262, 260, 257, 252, 246, 240, 237, 233, 231, 231, 234,
    236, 242, 250, 253, 259, 258, 257, 260, 255, 253, 246, 242, 238, 236,
    233, 237, 232, 237, 238, 238, 241, 243, 246, 249, 248, 248, 251, 249,
    249, 251, 248, 249, 248, 248, 249, 248, 243, 245, 242, 243, 242, 243,
    241, 243, 243, 243, 242 ]
headPositionsY: [ 72, 72, 74, 72, 72, 72, 74, 74, 73, 71, 71, 73, 74, 71,
    70, 69, 73, 70, 69, 72, 73, 71, 73, 71, 73, 72, 72, 72, 70, 74, 73,
    71, 70, 74, 71, 72, 72, 68, 71, 69, 68, 71, 70, 71, 71, 73, 71, 69,
    73, 70, 71, 73, 71, 73, 70, 70, 68, 71, 68, 68, 72, 70, 71, 69, 74,
    71, 73, 71, 73, 72, 70, 72, 74, 72, 72, 70, 73, 70, 73, 73, 71, 69,
    71, 70, 69, 70, 69, 70, 73, 70, 72, 70, 72, 71, 72, 69, 70, 73, 73,
    72 ]
