%YAML:1.0
---
videoName: "headNod42.mp4"
gestureLabel: 202
fps: 30
pixelSizeInCmTemp: 3.0316455696202532e-01
faceCenterPointX: 265
faceCenterPointY: 77
headPositionsX: [ 266, 266, 268, 267, 267, 268, 268, 271, 271, 270, 271,
    270, 268, 266, 266, 269, 268, 270, 269, 267, 270, 269, 270, 267, 270,
    266, 266, 267, 265, 265, 264, 264, 266, 268, 268, 267, 267, 268, 268,
    265, 264, 266, 263, 263, 267, 266, 262, 267, 266, 264, 268, 263, 267,
    265, 264, 266, 265, 266, 263, 266, 268, 263, 264, 263, 264, 265, 267,
    265, 264, 267, 264, 265, 268, 264, 267, 264, 264, 268, 265, 265, 267,
    263, 266, 267, 266, 268, 266, 266, 267, 265, 264, 267, 264, 266, 264,
    266, 266, 264, 267, 265 ]
headPositionsY: [ 78, 74, 75, 76, 77, 78, 78, 75, 77, 76, 78, 76, 74, 75,
    74, 69, 66, 64, 64, 65, 67, 70, 71, 73, 78, 86, 87, 92, 91, 89, 86,
    83, 78, 75, 76, 71, 69, 71, 68, 71, 73, 79, 80, 85, 83, 83, 81, 77,
    75, 73, 71, 69, 69, 71, 75, 79, 80, 86, 86, 85, 84, 83, 79, 76, 75,
    76, 76, 75, 72, 73, 73, 81, 79, 82, 81, 80, 78, 76, 75, 73, 74, 75,
    77, 79, 81, 82, 80, 81, 83, 82, 80, 77, 80, 77, 78, 78, 77, 75, 77,
    76 ]
