%YAML:1.0
---
videoName: "headShake37.mp4"
gestureLabel: 201
fps: 30
pixelSizeInCmTemp: 3.1933333333333330e-01
faceCenterPointX: 263
faceCenterPointY: 83
headPositionsX: [ 263, 261, 262, 260, 263, 262, 259, 262, 263, 262, 261,
    264, 260, 260, 264, 262, 262, 263, 261, 261, 262, 261, 263, 264, 261,
    262, 260, 264, 262, 262, 261, 264, 259, 261, 264, 262, 262, 261, 263,
    263, 260, 264, 263, 261, 258, 259, 259, 262, 268, 269, 272, 279, 281,
    280, 280, 276, 270, 267, 258, 257, 253, 254, 254, 259, 261, 269, 272,
    270, 274, 273, 269, 264, 262, 257, 252, 253, 252, 253, 255, 257, 260,
    259, 264, 263, 265, 268, 267, 266, 267, 265, 264, 265, 265, 263, 262,
    263, 262, 263, 266, 262 ]
headPositionsY: [ 83, 84, 82, 84, 82, 81, 84, 85, 84, 83, 84, 83, 82, 83,
    85, 83, 81, 80, 85, 83, 83, 83, 83, 82, 85, 84, 82, 81, 81, 84, 83,
    83, 85, 81, 81, 81, 85, 82, 85, 82, 83, 84, 84, 84, 85, 82, 83, 84,
    82, 83, 83, 79, 79, 81, 82, 84, 84, 81, 84, 82, 79, 81, 82, 82, 81,
    83, 83, 81, 81, 81, 82, 84, 82, 82, 84, 81, 85, 79, 82, 85, 82, 83,
    81, 85, 83, 82, 82, 84, 80, 84, 85, 84, 83, 84, 83, 84, 84, 81, 85,
    84 ]
