%YAML:1.0
---
videoName: "headShake18.mp4"
gestureLabel: 201
fps: 30
pixelSizeInCmTemp: 3.2808219178082193e-01
faceCenterPointX: 240
faceCenterPointY: 77
headPositionsX: [ 239, 239, 242, 241, 243, 239, 241, 241, 239, 241, 242,
    240, 240, 240, 239, 238, 243, 242, 241, 241, 239, 243, 238, 243, 238,
    240, 238, 239, 242, 238, 238, 237, 237, 240, 237, 244, 242, 248, 248,
    252, 254, 253, 251, 252, 247, 245, 236, 235, 234, 229, 229, 232, 234,
    239, 243, 248, 247, 249, 248, 245, 242, 241, 240, 235, 231, 236, 235,
    238, 237, 242, 245, 244, 244, 246, 242, 242, 239, 238, 235, 235, 235,
    237, 236, 237, 241, 242, 244, 244, 241, 243, 242, 240, 240, 238, 241,
    240, 241, 242, 241, 239 ]
headPositionsY: [ 79, 76, 75, 76, 77, 73, 76, 75, 75, 75, 77, 77, 77, 76,
    76, 74, 78, 76, 75, 77, 77, 77, 74, 75, 74, 75, 77, 74, 78, 75, 79,
    75, 79, 75, 77, 75, 77, 75, 75, 76, 75, 73, 75, 76, 77, 76, 76, 75,
    75, 78, 74, 74, 79, 79, 76, 76, 77, 76, 74, 78, 76, 75, 75, 77, 79,
    76, 79, 76, 79, 77, 75, 77, 80, 76, 77, 77, 76, 77, 77, 78, 77, 76,
    76, 79, 77, 75, 77, 78, 76, 78, 78, 77, 78, 79, 78, 75, 78, 78, 77,
    77 ]
