%YAML:1.0
---
videoName: "headLookLeft7.mp4"
gestureLabel: 203
fps: 29
pixelSizeInCmTemp: 3.4214285714285714e-01
faceCenterPointX: 268
faceCenterPointY: 68
headPositionsX: [ 267, 244, 244, 246, 244, 245, 247, 248, 243, 247, 243,
    244, 246, 246, 246, 245, 246, 247, 245, 244, 245, 246, 246, 244, 244,
    247, 246, 246, 246, 248, 247, 250, 253, 255, 257, 259, 262, 261, 263,
    267, 266, 265, 266, 263, 268, 268, 268, 265, 269, 266, 268, 270, 270,
    268, 266, 267, 269, 269, 266, 268, 264, 271, 267, 269, 269, 269, 265,
    271, 265, 266, 271, 266, 270, 269, 270, 268, 269, 270, 265, 268, 269,
    269, 272, 268, 269, 268, 266, 268, 265, 269, 272, 269, 270, 271, 267,
    270, 269, 271, 270, 270 ]
headPositionsY: [ 69, 70, 67, 68, 70, 71, 69, 71, 67, 71, 68, 71, 68, 72,
    73, 72, 70, 71, 72, 72, 70, 68, 72, 70, 67, 68, 69, 72, 72, 72, 68,
    71, 67, 70, 71, 67, 70, 67, 68, 68, 65, 69, 69, 68, 67, 66, 68, 66,
    71, 70, 69, 69, 67, 71, 68, 69, 69, 69, 65, 70, 68, 67, 69, 68, 67,
    70, 68, 70, 70, 69, 71, 70, 69, 69, 71, 68, 71, 70, 67, 70, 65, 70,
    71, 67, 69, 68, 67, 66, 69, 69, 68, 68, 70, 69, 71, 72, 69, 69, 68,
    67 ]
