%YAML:1.0
---
videoName: "headNod0.mp4"
gestureLabel: 202
fps: 29
pixelSizeInCmTemp: 3.2364864864864862e-01
faceCenterPointX: 264
faceCenterPointY: 76
headPositionsX: [ 264, 265, 269, 266, 268, 267, 267, 269, 268, 270, 267,
    268, 265, 264, 265, 266, 266, 266, 267, 266, 265, 266, 263, 264, 263,
    265, 266, 266, 265, 263, 263, 263, 265, 268, 266, 268, 267, 268, 267,
    265, 267, 265, 265, 263, 264, 266, 265, 264, 266, 263, 266, 264, 262,
    267, 267, 266, 264, 264, 262, 264, 266, 265, 266, 266, 265, 265, 266,
    263, 268, 265, 267, 263, 264, 267, 265, 266, 263, 266, 266, 263, 265,
    265, 264, 264, 262, 265, 265, 263, 264, 263, 263, 266, 263, 267, 262,
    263, 264, 264, 266, 263 ]
headPositionsY: [ 75, 72, 74, 71, 71, 73, 72, 72, 75, 72, 71, 75, 75, 73,
    74, 75, 72, 75, 75, 73, 73, 74, 76, 76, 74, 72, 74, 72, 74, 69, 71,
    66, 63, 65, 61, 63, 64, 62, 62, 68, 69, 69, 75, 77, 80, 83, 84, 83,
    82, 79, 78, 77, 71, 71, 71, 69, 66, 65, 64, 66, 72, 73, 72, 73, 79,
    76, 77, 82, 79, 77, 75, 77, 73, 72, 70, 69, 66, 70, 69, 70, 70, 74,
    72, 73, 77, 79, 78, 80, 80, 79, 77, 76, 77, 77, 75, 77, 76, 76, 78,
    75 ]
