%YAML:1.0
---
videoName: "headNod45.mp4"
gestureLabel: 202
fps: 30
pixelSizeInCmTemp: 3.0316455696202532e-01
faceCenterPointX: 265
faceCenterPointY: 77
headPositionsX: [ 265, 269, 267, 268, 265, 266, 270, 268, 266, 270, 270,
    266, 267, 269, 266, 266, 270, 269, 269, 265, 270, 267, 265, 270, 267,
    267, 267, 267, 266, 267, 268, 264, 267, 266, 268, 266, 267, 264, 265,
    266, 265, 267, 264, 264, 267, 263, 267, 266, 265, 267, 264, 264, 269,
    266, 268, 267, 268, 268, 267, 266, 268, 265, 263, 267, 264, 267, 264,
    265, 267, 266, 264, 266, 268, 268, 268, 266, 267, 268, 267, 265, 264,
    264, 267, 268, 268, 264, 267, 265, 268, 266, 263, 264, 267, 268, 267,
    265, 267, 266, 266, 266 ]
headPositionsY: [ 79, 73, 75, 78, 76, 78, 77, 74, 76, 76, 77, 76, 74, 76,
    76, 78, 75, 78, 81, 81, 87, 87, 93, 95, 91, 94, 90, 87, 82, 75, 72,
    74, 69, 65, 67, 68, 67, 69, 75, 80, 79, 86, 90, 93, 92, 89, 87, 86,
    79, 80, 75, 72, 72, 70, 73, 77, 79, 81, 84, 84, 85, 85, 82, 77, 76,
    74, 71, 74, 75, 75, 80, 79, 82, 85, 87, 85, 87, 84, 83, 81, 78, 77,
    77, 77, 76, 78, 78, 82, 80, 78, 81, 78, 78, 77, 79, 78, 75, 77, 80,
    77 ]
