%YAML:1.0
---
videoName: "headNod22.mp4"
gestureLabel: 202
fps: 29
pixelSizeInCmTemp: 3.1513157894736843e-01
faceCenterPointX: 252
faceCenterPointY: 80
headPositionsX: [ 254, 250, 253, 250, 254, 250, 251, 255, 253, 251, 255,
    251, 252, 252, 255, 250, 253, 252, 255, 251, 253, 252, 254, 253, 251,
    253, 255, 251, 253, 254, 253, 252, 255, 252, 254, 253, 252, 257, 257,
    254, 252, 252, 254, 252, 252, 254, 255, 252, 253, 250, 250, 252, 250,
    249, 252, 250, 249, 251, 252, 252, 253, 255, 254, 254, 251, 252, 254,
    251, 253, 252, 254, 251, 252, 255, 253, 252, 253, 254, 253, 254, 251,
    250, 250, 254, 251, 255, 252, 252, 250, 254, 253, 254, 251, 253, 251,
    251, 251, 251, 251, 252 ]
headPositionsY: [ 80, 80, 79, 78, 78, 77, 80, 78, 80, 80, 77, 80, 79, 77,
    79, 77, 79, 77, 80, 81, 80, 79, 82, 80, 81, 85, 83, 83, 83, 77, 78,
    73, 73, 72, 69, 72, 72, 76, 82, 83, 84, 82, 81, 77, 76, 72, 73, 70,
    69, 76, 75, 80, 81, 86, 86, 85, 80, 77, 74, 76, 71, 73, 72, 74, 77,
    79, 81, 78, 80, 77, 75, 73, 76, 73, 79, 79, 78, 81, 81, 82, 78, 74,
    75, 76, 79, 80, 82, 79, 79, 80, 78, 79, 76, 76, 82, 82, 80, 79, 79,
    78 ]
