%YAML:1.0
---
videoName: "headShake36.mp4"
gestureLabel: 201
fps: 29
pixelSizeInCmTemp: 3.2364864864864862e-01
faceCenterPointX: 263
faceCenterPointY: 80
headPositionsX: [ 261, 266, 260, 262, 265, 263, 263, 267, 270, 272, 273,
    275, 279, 280, 278, 284, 286, 278, 281, 277, 277, 271, 271, 269, 261,
    261, 255, 254, 249, 250, 246, 245, 246, 243, 248, 245, 248, 250, 250,
    255, 257, 259, 265, 269, 269, 275, 274, 275, 279, 277, 278, 279, 277,
    279, 276, 273, 270, 267, 260, 260, 254, 254, 250, 249, 252, 247, 251,
    253, 250, 251, 256, 256, 257, 262, 261, 264, 264, 268, 269, 269, 268,
    266, 264, 267, 267, 265, 266, 265, 266, 263, 265, 264, 265, 263, 262,
    263, 263, 262, 264, 263 ]
headPositionsY: [ 79, 79, 77, 80, 78, 82, 78, 78, 80, 77, 80, 76, 78, 76,
    75, 76, 78, 78, 77, 79, 79, 81, 83, 80, 83, 79, 83, 77, 79, 80, 79,
    79, 80, 83, 80, 82, 80, 79, 82, 82, 81, 80, 82, 83, 78, 76, 82, 81,
    79, 80, 77, 78, 76, 77, 80, 80, 82, 80, 82, 78, 80, 79, 78, 78, 79,
    82, 79, 79, 79, 79, 82, 78, 79, 83, 81, 79, 83, 82, 80, 81, 78, 80,
    78, 80, 83, 83, 81, 81, 78, 83, 79, 82, 81, 79, 80, 79, 82, 79, 82,
    81 ]
