%YAML:1.0
---
videoName: "headShake38.mp4"
gestureLabel: 201
fps: 29
pixelSizeInCmTemp: 3.2808219178082193e-01
faceCenterPointX: 259
faceCenterPointY: 84
headPositionsX: [ 261, 265, 261, 263, 265, 265, 263, 263, 262, 264, 264,
    265, 263, 261, 263, 262, 263, 262, 265, 262, 264, 261, 263, 263, 261,
    262, 265, 264, 261, 261, 261, 264, 265, 264, 264, 262, 261, 264, 262,
    262, 264, 259, 261, 257, 253, 248, 248, 249, 249, 254, 258, 266, 273,
    279, 278, 276, 270, 263, 255, 248, 249, 250, 254, 262, 268, 269, 274,
    269, 265, 258, 253, 251, 248, 249, 251, 255, 257, 264, 266, 267, 271,
    268, 269, 266, 264, 266, 263, 260, 261, 261, 262, 260, 262, 261, 259,
    257, 258, 259, 259, 258 ]
headPositionsY: [ 85, 81, 84, 81, 83, 82, 84, 81, 83, 84, 81, 82, 84, 81,
    82, 84, 84, 82, 84, 86, 83, 81, 83, 83, 85, 84, 81, 82, 82, 84, 85,
    84, 84, 85, 84, 83, 83, 86, 84, 81, 82, 82, 84, 83, 81, 79, 84, 84,
    85, 86, 84, 84, 84, 80, 85, 81, 83, 85, 86, 82, 84, 81, 83, 83, 84,
    83, 82, 81, 85, 86, 86, 82, 83, 84, 82, 85, 82, 84, 82, 85, 84, 84,
    85, 85, 85, 83, 86, 86, 83, 82, 85, 82, 83, 86, 86, 82, 83, 87, 85,
    84 ]
