%YAML:1.0
---
videoName: "headShake18.mp4"
gestureLabel: 201
fps: 30
pixelSizeInCmTemp: 3.2808219178082193e-01
faceCenterPointX: 240
faceCenterPointY: 77
headPositionsX: [ 240, 243, 240, 240, 242, 239, 240, 241, 243, 243, 238,
    240, 242, 239, 242, 241, 239, 241, 241, 240, 243, 241, 238, 241, 238,
    240, 240, 240, 241, 240, 239, 239, 241, 238, 241, 242, 244, 246, 249,
    249, 253, 250, 252, 252, 245, 244, 237, 236, 232, 231, 231, 230, 236,
    240, 242, 247, 249, 250, 250, 247, 244, 240, 240, 234, 233, 233, 235,
    237, 240, 241, 245, 245, 244, 243, 246, 244, 240, 236, 238, 235, 235,
    237, 235, 240, 241, 239, 241, 245, 242, 243, 242, 243, 244, 242, 241,
    240, 238, 242, 239, 239 ]
headPositionsY: [ 78, 77, 74, 77, 76, 77, 77, 73, 73, 75, 75, 74, 73, 74,
    74, 74, 75, 78, 78, 77, 76, 77, 78, 76, 78, 75, 77, 76, 76, 75, 79,
    77, 77, 76, 75, 74, 76, 78, 77, 75, 76, 76, 74, 75, 79, 77, 74, 78,
    78, 74, 77, 76, 78, 78, 74, 77, 74, 76, 77, 78, 74, 78, 75, 77, 75,
    76, 78, 76, 78, 78, 77, 77, 79, 79, 79, 78, 77, 77, 78, 76, 76, 76,
    77, 77, 78, 78, 76, 80, 75, 79, 76, 75, 77, 75, 75, 78, 75, 76, 79,
    76 ]
