%YAML:1.0
---
videoName: "headShake31.mp4"
gestureLabel: 201
fps: 29
pixelSizeInCmTemp: 3.2808219178082193e-01
faceCenterPointX: 236
faceCenterPointY: 68
headPositionsX: [ 235, 239, 238, 235, 239, 239, 237, 236, 236, 238, 238,
    234, 239, 235, 237, 238, 235, 239, 235, 238, 235, 236, 239, 238, 238,
    237, 237, 235, 239, 235, 239, 236, 236, 237, 235, 237, 234, 237, 241,
    243, 246, 250, 250, 251, 250, 250, 247, 239, 230, 227, 223, 224, 224,
    225, 228, 235, 240, 244, 246, 248, 248, 243, 239, 238, 233, 231, 226,
    229, 228, 232, 233, 238, 241, 241, 240, 240, 242, 242, 242, 239, 237,
    238, 234, 236, 234, 235, 232, 236, 236, 237, 232, 234, 234, 235, 233,
    238, 235, 235, 234, 236 ]
headPositionsY: [ 68, 64, 67, 68, 68, 68, 68, 68, 67, 69, 69, 66, 65, 67,
    68, 66, 69, 67, 66, 68, 65, 68, 65, 69, 68, 68, 65, 69, 69, 69, 66,
    67, 67, 67, 67, 67, 67, 69, 66, 68, 64, 65, 65, 66, 67, 68, 70, 70,
    70, 65, 66, 70, 66, 69, 72, 69, 72, 70, 70, 67, 67, 69, 70, 68, 67,
    71, 68, 67, 68, 69, 68, 71, 70, 67, 67, 67, 68, 71, 68, 71, 68, 69,
    69, 69, 69, 68, 70, 69, 67, 70, 68, 68, 70, 67, 69, 70, 71, 68, 69,
    68 ]
