%YAML:1.0
---
videoName: "headShake46.mp4"
gestureLabel: 201
fps: 30
pixelSizeInCmTemp: 3.2364864864864862e-01
faceCenterPointX: 262
faceCenterPointY: 85
headPositionsX: [ 263, 258, 262, 262, 259, 260, 258, 259, 259, 261, 262,
    263, 261, 261, 260, 260, 260, 263, 259, 260, 263, 259, 262, 259, 260,
    258, 259, 257, 261, 260, 264, 266, 270, 277, 278, 278, 275, 274, 266,
    261, 254, 249, 249, 253, 255, 260, 265, 269, 270, 268, 262, 258, 252,
    255, 254, 258, 264, 267, 267, 268, 267, 263, 259, 259, 257, 259, 261,
    267, 267, 269, 266, 266, 265, 258, 258, 258, 263, 265, 266, 265, 266,
    266, 263, 264, 260, 259, 258, 262, 259, 259, 262, 258, 259, 263, 262,
    263, 260, 260, 260, 260 ]
headPositionsY: [ 83, 83, 82, 85, 83, 82, 85, 86, 85, 82, 86, 86, 84, 82,
    83, 86, 84, 86, 86, 83, 84, 84, 85, 82, 86, 86, 83, 84, 85, 85, 86,
    83, 82, 83, 82, 84, 85, 81, 87, 83, 84, 86, 84, 87, 82, 83, 83, 82,
    84, 86, 86, 83, 86, 83, 84, 86, 87, 87, 83, 87, 86, 86, 86, 83, 84,
    86, 83, 84, 87, 83, 84, 83, 85, 86, 84, 86, 84, 83, 82, 83, 85, 87,
    84, 87, 86, 86, 86, 83, 86, 83, 83, 84, 83, 86, 85, 84, 87, 83, 82,
    85 ]
