%YAML:1.0
---
videoName: "headLookDown5.mp4"
gestureLabel: 206
fps: 29
pixelSizeInCmTemp: 3.4710144927536229e-01
faceCenterPointX: 272
faceCenterPointY: 102
headPositionsX: [ 273, 274, 271, 273, 270, 269, 273, 273, 270, 271, 271,
    274, 274, 271, 272, 270, 270, 269, 271, 271, 272, 270, 273, 271, 272,
    269, 269, 271, 270, 274, 273, 271, 270, 271, 271, 270, 271, 270, 272,
    273, 271, 271, 272, 274, 269, 272, 272, 270, 271, 270, 271, 270, 269,
    272, 271, 272, 271, 271, 271, 270, 269, 269, 271, 271, 273, 272, 271,
    273, 270, 274, 270, 273, 272, 275, 270, 273, 270, 272, 272, 274, 273,
    272, 268, 271, 271, 272, 271, 272, 272, 270, 271, 272, 274, 272, 272,
    274, 273, 274, 275, 272 ]
headPositionsY: [ 103, 84, 84, 84, 83, 85, 86, 84, 84, 85, 85, 86, 82,
    83, 85, 84, 84, 84, 81, 85, 86, 82, 85, 81, 84, 81, 83, 83, 84, 86,
    84, 84, 85, 84, 85, 83, 83, 86, 82, 82, 82, 85, 84, 84, 82, 86, 85,
    86, 86, 87, 88, 87, 92, 94, 93, 96, 96, 97, 100, 100, 99, 102, 99,
    101, 100, 98, 103, 101, 102, 103, 104, 101, 105, 101, 100, 100, 100,
    103, 101, 105, 105, 101, 100, 101, 105, 103, 104, 104, 104, 100, 102,
    101, 101, 104, 101, 100, 105, 102, 104, 104 ]
