%YAML:1.0
---
videoName: "headNod46.mp4"
gestureLabel: 202
fps: 30
pixelSizeInCmTemp: 2.8511904761904761e-01
faceCenterPointX: 264
faceCenterPointY: 72
headPositionsX: [ 266, 265, 265, 266, 263, 264, 262, 267, 267, 265, 263,
    263, 263, 266, 263, 267, 263, 264, 264, 263, 263, 266, 265, 265, 268,
    268, 265, 267, 269, 269, 265, 267, 265, 262, 262, 264, 260, 262, 260,
    262, 260, 262, 264, 262, 263, 262, 262, 261, 263, 259, 262, 265, 262,
    263, 264, 264, 264, 262, 264, 264, 264, 263, 262, 263, 262, 264, 262,
    264, 263, 262, 261, 262, 266, 265, 267, 262, 266, 266, 264, 264, 264,
    265, 263, 263, 261, 262, 266, 261, 263, 263, 262, 264, 264, 262, 263,
    265, 263, 262, 265, 266 ]
headPositionsY: [ 73, 67, 71, 68, 68, 71, 71, 73, 73, 75, 76, 80, 82, 85,
    86, 90, 87, 87, 84, 85, 82, 73, 75, 69, 71, 72, 68, 72, 71, 76, 79,
    83, 88, 92, 86, 82, 82, 74, 77, 69, 68, 67, 70, 69, 75, 76, 80, 82,
    85, 84, 81, 80, 75, 72, 66, 67, 66, 69, 69, 69, 74, 75, 77, 76, 78,
    74, 71, 69, 70, 66, 70, 70, 69, 75, 73, 76, 73, 75, 74, 73, 69, 71,
    73, 71, 72, 75, 73, 73, 75, 74, 72, 71, 70, 74, 72, 69, 74, 72, 70,
    72 ]
