%YAML:1.0
---
videoName: "headShake29.mp4"
gestureLabel: 201
fps: 29
pixelSizeInCmTemp: 3.3263888888888887e-01
faceCenterPointX: 243
faceCenterPointY: 76
headPositionsX: [ 241, 240, 244, 242, 241, 243, 240, 241, 245, 240, 241,
    243, 245, 243, 243, 241, 241, 244, 241, 243, 244, 242, 244, 241, 239,
    237, 239, 237, 240, 240, 244, 244, 251, 254, 254, 256, 254, 252, 249,
    240, 238, 231, 232, 230, 226, 229, 235, 240, 244, 245, 251, 253, 251,
    252, 251, 245, 242, 238, 234, 233, 230, 229, 232, 232, 238, 239, 246,
    248, 250, 254, 252, 252, 250, 244, 241, 241, 235, 236, 236, 233, 236,
    232, 233, 236, 240, 237, 239, 242, 241, 243, 245, 242, 242, 243, 243,
    243, 244, 243, 242, 244 ]
headPositionsY: [ 78, 75, 74, 77, 74, 77, 73, 74, 77, 73, 74, 75, 78, 77,
    76, 76, 76, 77, 78, 76, 76, 75, 76, 74, 77, 75, 76, 76, 74, 75, 74,
    76, 74, 74, 72, 75, 75, 75, 73, 75, 78, 78, 76, 75, 74, 75, 73, 75,
    78, 76, 77, 77, 76, 76, 76, 77, 76, 78, 75, 76, 78, 78, 77, 76, 76,
    77, 75, 76, 73, 77, 73, 76, 75, 74, 74, 78, 74, 75, 78, 76, 74, 78,
    75, 75, 77, 74, 76, 77, 76, 77, 73, 76, 76, 77, 76, 76, 78, 78, 78,
    75 ]
