%YAML:1.0
---
videoName: "headLookLeft3.mp4"
gestureLabel: 203
fps: 29
pixelSizeInCmTemp: 3.4214285714285714e-01
faceCenterPointX: 290
faceCenterPointY: 74
headPositionsX: [ 290, 263, 261, 266, 266, 263, 265, 269, 268, 272, 270,
    275, 277, 280, 281, 284, 284, 288, 290, 290, 289, 287, 291, 291, 285,
    286, 294, 292, 286, 282, 290, 290, 291, 289, 285, 292, 284, 290, 289,
    287, 288, 287, 288, 294, 292, 289, 289, 286, 290, 287, 289, 289, 288,
    291, 289, 287, 289, 286, 288, 292, 290, 290, 291, 288, 285, 289, 289,
    288, 286, 289, 289, 287, 287, 286, 286, 287, 285, 290, 287, 288, 288,
    287, 290, 286, 287, 288, 290, 290, 286, 290, 287, 285, 288, 286, 284,
    282, 288, 286, 288, 286 ]
headPositionsY: [ 72, 77, 78, 77, 76, 78, 77, 76, 78, 78, 78, 75, 76, 74,
    77, 76, 75, 77, 73, 76, 72, 75, 73, 73, 71, 74, 73, 74, 74, 72, 75,
    73, 74, 77, 73, 75, 73, 73, 75, 74, 75, 74, 72, 77, 72, 72, 73, 75,
    77, 72, 73, 71, 72, 77, 73, 73, 74, 71, 71, 73, 76, 73, 75, 71, 72,
    76, 74, 75, 73, 75, 72, 75, 72, 75, 75, 75, 75, 73, 76, 74, 74, 74,
    75, 75, 72, 71, 74, 72, 73, 77, 76, 74, 74, 74, 73, 75, 72, 73, 75,
    73 ]
