%YAML:1.0
---
videoName: "headLookUp1.mp4"
gestureLabel: 205
fps: 29
pixelSizeInCmTemp: 3.7421874999999999e-01
faceCenterPointX: 258
faceCenterPointY: 66
headPositionsX: [ 258, 257, 261, 261, 261, 258, 257, 258, 259, 260, 258,
    261, 258, 260, 257, 260, 260, 256, 259, 259, 259, 261, 258, 258, 260,
    259, 261, 262, 257, 259, 260, 258, 260, 258, 258, 258, 256, 258, 259,
    257, 257, 257, 261, 258, 256, 259, 256, 257, 257, 257, 260, 255, 257,
    256, 260, 258, 259, 255, 259, 259, 257, 258, 258, 260, 258, 256, 260,
    256, 260, 258, 259, 258, 261, 259, 256, 255, 260, 257, 260, 257, 260,
    258, 261, 257, 256, 257, 258, 256, 260, 259, 259, 256, 259, 259, 260,
    257, 258, 256, 256, 258 ]
headPositionsY: [ 68, 78, 81, 79, 80, 83, 82, 82, 82, 82, 81, 79, 80, 82,
    79, 81, 80, 78, 79, 80, 80, 80, 79, 78, 83, 81, 82, 80, 82, 82, 79,
    80, 82, 81, 81, 81, 79, 82, 81, 79, 79, 76, 76, 76, 75, 70, 69, 67,
    69, 67, 68, 68, 67, 66, 66, 64, 69, 64, 66, 63, 67, 62, 69, 66, 67,
    65, 68, 62, 65, 62, 68, 66, 67, 65, 69, 66, 64, 66, 67, 66, 64, 68,
    66, 64, 64, 69, 64, 68, 66, 67, 66, 67, 66, 65, 68, 67, 66, 65, 66,
    65 ]
