%YAML:1.0
---
videoName: "headShake40.mp4"
gestureLabel: 201
fps: 29
pixelSizeInCmTemp: 3.2808219178082193e-01
faceCenterPointX: 261
faceCenterPointY: 86
headPositionsX: [ 260, 263, 263, 263, 261, 260, 259, 262, 263, 262, 262,
    263, 264, 260, 261, 263, 258, 263, 262, 258, 260, 262, 262, 258, 259,
    259, 262, 259, 261, 260, 258, 256, 255, 252, 252, 256, 258, 261, 265,
    270, 272, 278, 281, 279, 276, 274, 269, 263, 258, 254, 249, 250, 246,
    249, 249, 252, 257, 262, 265, 270, 268, 273, 268, 267, 266, 263, 263,
    256, 259, 256, 255, 258, 258, 263, 263, 265, 265, 267, 265, 265, 264,
    265, 264, 259, 257, 258, 256, 255, 256, 256, 259, 259, 258, 260, 258,
    259, 259, 262, 263, 262 ]
headPositionsY: [ 86, 85, 82, 85, 81, 84, 84, 82, 86, 85, 83, 83, 86, 83,
    84, 85, 84, 84, 86, 81, 86, 83, 84, 85, 82, 83, 84, 85, 82, 82, 83,
    83, 86, 83, 83, 85, 81, 82, 83, 84, 81, 80, 78, 78, 82, 80, 83, 85,
    80, 85, 84, 81, 83, 85, 84, 84, 86, 86, 85, 80, 84, 84, 85, 81, 86,
    85, 82, 82, 83, 84, 83, 81, 83, 84, 84, 85, 81, 83, 82, 83, 81, 84,
    84, 84, 84, 82, 86, 86, 84, 82, 86, 86, 86, 83, 83, 85, 88, 86, 88,
    87 ]
