%YAML:1.0
---
videoName: "headNod43.mp4"
gestureLabel: 202
fps: 29
pixelSizeInCmTemp: 2.8855421686746985e-01
faceCenterPointX: 268
faceCenterPointY: 74
headPositionsX: [ 266, 271, 272, 271, 271, 269, 268, 271, 271, 270, 269,
    271, 268, 270, 270, 268, 267, 268, 266, 269, 270, 270, 266, 269, 269,
    268, 266, 266, 265, 264, 267, 263, 267, 264, 264, 266, 266, 267, 267,
    267, 266, 265, 266, 264, 267, 267, 268, 269, 264, 263, 264, 264, 264,
    264, 265, 262, 263, 264, 263, 266, 263, 264, 264, 266, 263, 266, 264,
    266, 268, 267, 266, 269, 270, 267, 268, 266, 269, 269, 268, 266, 269,
    268, 266, 268, 268, 268, 268, 266, 268, 267, 269, 270, 267, 270, 268,
    267, 269, 270, 267, 270 ]
headPositionsY: [ 73, 77, 77, 77, 77, 76, 78, 76, 76, 73, 73, 74, 74, 74,
    75, 76, 77, 73, 77, 74, 74, 77, 76, 77, 75, 80, 80, 84, 85, 90, 90,
    90, 86, 83, 81, 76, 76, 79, 80, 86, 86, 91, 91, 88, 86, 81, 81, 83,
    84, 86, 90, 91, 92, 91, 86, 84, 85, 81, 82, 83, 85, 90, 90, 88, 90,
    87, 86, 82, 81, 80, 77, 81, 82, 85, 88, 92, 88, 88, 86, 81, 77, 77,
    74, 73, 73, 70, 73, 71, 73, 71, 71, 76, 75, 72, 71, 75, 75, 75, 73,
    75 ]
