%YAML:1.0
---
videoName: "headNod24.mp4"
gestureLabel: 202
fps: 29
pixelSizeInCmTemp: 3.1513157894736843e-01
faceCenterPointX: 272
faceCenterPointY: 72
headPositionsX: [ 274, 276, 276, 276, 275, 274, 276, 274, 277, 273, 275,
    277, 272, 275, 274, 274, 276, 273, 276, 273, 274, 272, 275, 272, 271,
    272, 273, 271, 273, 273, 273, 275, 273, 271, 275, 276, 274, 274, 274,
    276, 273, 273, 273, 274, 270, 272, 271, 273, 275, 272, 274, 276, 273,
    272, 274, 271, 275, 272, 274, 272, 272, 271, 271, 269, 272, 272, 270,
    273, 272, 272, 270, 270, 271, 272, 272, 273, 268, 270, 271, 271, 270,
    271, 271, 269, 270, 269, 269, 271, 269, 269, 270, 271, 270, 271, 271,
    274, 271, 270, 272, 270 ]
headPositionsY: [ 72, 72, 75, 72, 73, 71, 75, 72, 74, 72, 73, 73, 72, 71,
    74, 75, 74, 73, 75, 72, 72, 75, 75, 72, 71, 75, 76, 76, 76, 76, 71,
    75, 75, 76, 74, 73, 73, 72, 67, 71, 70, 73, 75, 80, 83, 80, 81, 77,
    70, 66, 69, 67, 69, 72, 76, 75, 75, 75, 72, 69, 64, 68, 67, 69, 71,
    73, 73, 76, 75, 74, 71, 69, 67, 67, 69, 73, 73, 74, 77, 77, 75, 74,
    73, 72, 72, 71, 71, 68, 72, 70, 70, 71, 72, 73, 75, 72, 74, 71, 71,
    69 ]
