%YAML:1.0
---
videoName: "headShake31.mp4"
gestureLabel: 201
fps: 29
pixelSizeInCmTemp: 3.2808219178082193e-01
faceCenterPointX: 236
faceCenterPointY: 68
headPositionsX: [ 237, 236, 239, 239, 238, 239, 235, 235, 236, 236, 235,
    237, 235, 236, 235, 238, 239, 237, 239, 235, 236, 239, 236, 237, 238,
    235, 235, 238, 239, 238, 237, 238, 237, 237, 234, 236, 233, 238, 239,
    245, 249, 252, 251, 252, 252, 248, 245, 241, 231, 225, 223, 222, 224,
    225, 226, 231, 239, 243, 245, 246, 246, 243, 242, 236, 232, 229, 228,
    227, 231, 230, 234, 238, 240, 240, 240, 243, 244, 245, 240, 240, 240,
    234, 233, 233, 232, 236, 233, 236, 232, 235, 236, 234, 233, 233, 233,
    236, 234, 236, 236, 236 ]
headPositionsY: [ 69, 66, 67, 69, 67, 66, 68, 68, 65, 67, 67, 66, 66, 68,
    65, 69, 66, 70, 70, 68, 69, 69, 68, 68, 66, 68, 65, 65, 67, 68, 67,
    65, 65, 66, 66, 65, 68, 68, 66, 64, 68, 65, 68, 68, 66, 67, 67, 69,
    69, 67, 69, 67, 66, 69, 72, 72, 71, 71, 72, 68, 69, 68, 69, 70, 67,
    68, 68, 70, 69, 71, 69, 69, 69, 66, 70, 69, 67, 71, 70, 67, 68, 68,
    67, 69, 66, 69, 70, 68, 69, 67, 68, 71, 71, 67, 67, 69, 70, 69, 72,
    69 ]
