%YAML:1.0
---
videoName: "headShake31.mp4"
gestureLabel: 201
fps: 29
pixelSizeInCmTemp: 3.2808219178082193e-01
faceCenterPointX: 236
faceCenterPointY: 68
headPositionsX: [ 238, 236, 237, 236, 237, 237, 237, 237, 238, 239, 239,
    237, 239, 235, 237, 239, 235, 236, 238, 237, 235, 238, 236, 236, 237,
    237, 239, 237, 237, 236, 235, 237, 235, 236, 233, 233, 234, 235, 242,
    243, 246, 249, 252, 252, 250, 248, 246, 240, 233, 227, 223, 224, 224,
    226, 227, 232, 238, 243, 245, 246, 245, 243, 242, 237, 233, 229, 229,
    229, 231, 231, 230, 238, 238, 241, 244, 243, 243, 244, 239, 241, 236,
    235, 235, 235, 233, 234, 234, 237, 236, 236, 235, 234, 237, 235, 233,
    236, 234, 236, 235, 234 ]
headPositionsY: [ 66, 65, 68, 66, 68, 67, 67, 70, 67, 68, 68, 65, 65, 66,
    67, 68, 65, 69, 66, 68, 68, 70, 67, 66, 65, 67, 67, 68, 68, 68, 68,
    68, 66, 67, 69, 69, 66, 68, 69, 67, 66, 66, 66, 66, 67, 65, 70, 66,
    66, 68, 66, 66, 65, 72, 69, 71, 69, 68, 71, 67, 67, 67, 68, 71, 69,
    70, 69, 71, 69, 71, 69, 67, 69, 66, 68, 69, 68, 68, 71, 71, 67, 67,
    69, 71, 68, 67, 70, 71, 68, 68, 67, 68, 67, 69, 68, 70, 68, 68, 72,
    68 ]
