%YAML:1.0
---
videoName: "headLookLeft2.mp4"
gestureLabel: 203
fps: 29
pixelSizeInCmTemp: 3.6846153846153845e-01
faceCenterPointX: 278
faceCenterPointY: 74
headPositionsX: [ 278, 259, 260, 259, 260, 260, 257, 257, 261, 258, 261,
    259, 259, 259, 262, 262, 258, 261, 262, 261, 263, 266, 268, 269, 270,
    268, 271, 271, 275, 274, 275, 276, 277, 277, 277, 283, 280, 279, 278,
    280, 281, 278, 281, 280, 278, 280, 283, 280, 287, 282, 281, 281, 281,
    280, 280, 282, 278, 271, 278, 278, 282, 275, 282, 279, 278, 280, 280,
    285, 282, 280, 278, 279, 281, 275, 278, 281, 278, 280, 277, 279, 278,
    280, 278, 282, 280, 276, 283, 279, 278, 281, 280, 279, 283, 282, 276,
    277, 282, 281, 289, 280 ]
headPositionsY: [ 76, 72, 77, 74, 73, 76, 76, 78, 75, 77, 75, 78, 73, 76,
    77, 75, 78, 73, 76, 75, 76, 76, 75, 74, 75, 73, 75, 78, 74, 75, 72,
    76, 73, 73, 72, 76, 74, 73, 77, 73, 72, 75, 73, 74, 73, 77, 73, 77,
    74, 77, 73, 75, 75, 76, 75, 74, 72, 72, 71, 76, 76, 74, 76, 73, 73,
    72, 75, 75, 77, 71, 75, 74, 74, 75, 73, 76, 74, 75, 74, 76, 76, 72,
    76, 73, 73, 71, 75, 76, 73, 73, 75, 74, 76, 73, 72, 73, 73, 76, 75,
    75 ]
