%YAML:1.0
---
videoName: "headNod18.mp4"
gestureLabel: 202
fps: 29
pixelSizeInCmTemp: 3.3263888888888887e-01
faceCenterPointX: 255
faceCenterPointY: 77
headPositionsX: [ 253, 256, 255, 254, 259, 255, 258, 257, 255, 254, 255,
    258, 255, 257, 256, 257, 253, 254, 255, 252, 257, 256, 252, 254, 257,
    257, 256, 257, 257, 255, 254, 254, 253, 253, 257, 258, 253, 256, 255,
    253, 253, 257, 256, 257, 253, 258, 255, 256, 257, 255, 256, 256, 254,
    253, 253, 254, 253, 255, 252, 254, 253, 254, 255, 252, 253, 255, 253,
    253, 256, 254, 255, 255, 253, 255, 256, 256, 255, 255, 256, 252, 253,
    255, 251, 253, 252, 254, 254, 257, 256, 254, 253, 256, 254, 253, 254,
    253, 258, 255, 255, 256 ]
headPositionsY: [ 75, 77, 75, 77, 76, 79, 78, 77, 75, 75, 79, 80, 77, 76,
    77, 76, 76, 78, 77, 78, 76, 78, 76, 78, 79, 77, 79, 79, 80, 75, 77,
    78, 77, 77, 80, 78, 80, 78, 78, 76, 75, 73, 71, 73, 71, 70, 69, 72,
    77, 75, 74, 80, 79, 84, 81, 82, 76, 74, 70, 70, 73, 73, 78, 78, 84,
    83, 82, 79, 74, 75, 73, 75, 77, 79, 84, 83, 82, 80, 77, 77, 73, 78,
    73, 79, 81, 84, 85, 84, 81, 82, 79, 78, 77, 79, 75, 79, 77, 77, 79,
    77 ]
