%YAML:1.0
---
videoName: "headNod26.mp4"
gestureLabel: 202
fps: 29
pixelSizeInCmTemp: 3.1513157894736843e-01
faceCenterPointX: 271
faceCenterPointY: 78
headPositionsX: [ 269, 270, 272, 272, 271, 271, 273, 273, 271, 274, 270,
    273, 272, 274, 272, 273, 275, 272, 273, 270, 273, 274, 272, 272, 270,
    270, 269, 272, 272, 274, 273, 271, 270, 273, 270, 272, 269, 270, 272,
    269, 271, 273, 273, 272, 270, 274, 271, 273, 272, 274, 269, 274, 274,
    271, 273, 273, 274, 271, 273, 272, 273, 273, 272, 270, 273, 272, 274,
    271, 270, 274, 274, 271, 272, 269, 274, 269, 271, 272, 272, 271, 268,
    273, 273, 272, 269, 270, 272, 273, 270, 274, 269, 272, 270, 269, 268,
    272, 272, 269, 271, 271 ]
headPositionsY: [ 80, 72, 73, 73, 72, 70, 71, 68, 68, 66, 67, 66, 63, 65,
    68, 65, 69, 70, 74, 77, 76, 83, 84, 82, 82, 79, 79, 76, 70, 71, 71,
    68, 68, 66, 69, 70, 75, 73, 79, 78, 77, 79, 79, 76, 72, 71, 67, 69,
    70, 69, 71, 72, 71, 77, 74, 75, 77, 77, 74, 72, 69, 66, 66, 68, 69,
    71, 66, 71, 70, 70, 73, 73, 75, 78, 74, 72, 71, 68, 69, 68, 66, 69,
    71, 70, 70, 76, 77, 76, 78, 79, 81, 80, 80, 80, 75, 75, 80, 77, 79,
    78 ]
