%YAML:1.0
---
videoName: "headNod35.mp4"
gestureLabel: 202
fps: 30
pixelSizeInCmTemp: 2.9937500000000000e-01
faceCenterPointX: 268
faceCenterPointY: 78
headPositionsX: [ 266, 267, 270, 269, 267, 270, 270, 270, 269, 270, 268,
    268, 269, 268, 272, 268, 268, 270, 270, 270, 267, 269, 271, 271, 268,
    271, 272, 268, 268, 273, 271, 272, 269, 269, 272, 270, 270, 269, 267,
    268, 268, 266, 268, 265, 270, 267, 267, 270, 270, 269, 268, 268, 268,
    269, 269, 267, 268, 270, 269, 266, 268, 266, 267, 271, 270, 269, 268,
    268, 270, 269, 270, 268, 267, 270, 268, 269, 268, 267, 271, 269, 270,
    269, 269, 268, 269, 267, 266, 269, 264, 265, 266, 269, 266, 269, 265,
    266, 266, 269, 269, 267 ]
headPositionsY: [ 80, 78, 74, 74, 76, 76, 75, 77, 77, 76, 74, 77, 75, 78,
    75, 74, 77, 74, 74, 76, 76, 74, 79, 77, 77, 78, 74, 70, 69, 67, 70,
    65, 67, 72, 70, 78, 77, 83, 90, 90, 94, 89, 90, 83, 82, 78, 74, 74,
    72, 76, 78, 78, 86, 86, 90, 91, 90, 85, 79, 81, 72, 74, 71, 73, 74,
    76, 79, 83, 86, 88, 86, 85, 81, 79, 75, 77, 74, 72, 76, 77, 83, 85,
    88, 86, 88, 84, 83, 84, 81, 81, 78, 78, 81, 80, 76, 78, 80, 79, 78,
    76 ]
