%YAML:1.0
---
videoName: "headNod19.mp4"
gestureLabel: 202
fps: 29
pixelSizeInCmTemp: 3.1933333333333330e-01
faceCenterPointX: 255
faceCenterPointY: 81
headPositionsX: [ 256, 259, 256, 259, 256, 254, 257, 257, 258, 256, 256,
    255, 256, 252, 253, 253, 251, 254, 252, 251, 252, 251, 251, 249, 250,
    252, 252, 251, 252, 252, 248, 249, 250, 255, 254, 251, 254, 253, 256,
    254, 254, 254, 256, 257, 257, 254, 257, 258, 256, 254, 256, 258, 254,
    258, 257, 257, 258, 254, 253, 256, 257, 253, 257, 255, 256, 257, 255,
    256, 254, 254, 255, 258, 258, 254, 254, 256, 254, 253, 255, 257, 256,
    255, 257, 257, 258, 257, 255, 253, 253, 254, 255, 257, 257, 256, 255,
    255, 255, 253, 256, 253 ]
headPositionsY: [ 80, 83, 84, 82, 83, 78, 79, 77, 77, 76, 75, 74, 77, 79,
    76, 77, 78, 79, 79, 80, 78, 80, 76, 78, 79, 80, 80, 77, 79, 82, 79,
    78, 76, 77, 78, 78, 81, 77, 79, 77, 79, 80, 77, 78, 81, 78, 77, 81,
    79, 79, 81, 79, 76, 78, 81, 79, 76, 80, 79, 79, 79, 81, 78, 77, 80,
    82, 80, 75, 73, 73, 75, 75, 75, 77, 78, 81, 82, 86, 81, 78, 76, 75,
    79, 76, 84, 82, 82, 83, 85, 83, 81, 81, 82, 81, 82, 83, 85, 80, 81,
    81 ]
