%YAML:1.0
---
videoName: "headShake34.mp4"
gestureLabel: 201
fps: 29
pixelSizeInCmTemp: 3.2364864864864862e-01
faceCenterPointX: 263
faceCenterPointY: 83
headPositionsX: [ 263, 266, 263, 267, 262, 266, 262, 264, 263, 262, 265,
    264, 264, 265, 263, 263, 263, 262, 264, 263, 267, 263, 266, 264, 265,
    262, 264, 265, 265, 264, 263, 262, 264, 265, 263, 263, 263, 266, 268,
    270, 271, 273, 276, 274, 276, 279, 276, 278, 279, 276, 274, 271, 261,
    261, 253, 252, 251, 252, 252, 257, 258, 262, 264, 268, 271, 271, 272,
    267, 263, 261, 259, 255, 256, 254, 254, 255, 257, 260, 262, 266, 266,
    263, 266, 264, 266, 268, 266, 266, 263, 265, 265, 266, 264, 264, 264,
    262, 263, 266, 262, 263 ]
headPositionsY: [ 83, 84, 84, 85, 84, 86, 83, 85, 81, 83, 85, 85, 81, 81,
    84, 84, 81, 85, 83, 83, 82, 85, 85, 84, 83, 84, 84, 82, 82, 84, 85,
    85, 85, 82, 82, 82, 82, 85, 81, 81, 83, 83, 83, 80, 84, 83, 84, 80,
    83, 84, 81, 84, 82, 81, 79, 81, 82, 81, 80, 81, 84, 85, 84, 82, 82,
    80, 85, 85, 84, 82, 83, 80, 85, 82, 81, 85, 82, 85, 85, 83, 81, 83,
    83, 81, 82, 83, 82, 82, 81, 86, 85, 82, 83, 84, 82, 84, 84, 81, 83,
    86 ]
