%YAML:1.0
---
videoName: "headLookUp8.mp4"
gestureLabel: 205
fps: 29
pixelSizeInCmTemp: 3.4214285714285714e-01
faceCenterPointX: 253
faceCenterPointY: 59
headPositionsX: [ 254, 254, 255, 252, 252, 253, 253, 255, 254, 253, 250,
    254, 251, 254, 254, 251, 253, 249, 250, 251, 249, 252, 253, 253, 252,
    253, 252, 254, 250, 252, 254, 254, 254, 252, 254, 250, 252, 253, 253,
    250, 251, 251, 250, 251, 252, 251, 251, 254, 251, 253, 250, 251, 250,
    254, 253, 254, 251, 252, 251, 254, 253, 252, 255, 251, 252, 254, 254,
    252, 250, 255, 255, 252, 250, 253, 252, 252, 251, 251, 252, 254, 254,
    253, 255, 251, 252, 254, 255, 251, 252, 251, 254, 253, 255, 255, 252,
    251, 255, 253, 252, 255 ]
headPositionsY: [ 60, 76, 76, 78, 78, 76, 79, 78, 77, 76, 77, 76, 74, 75,
    72, 74, 70, 69, 73, 70, 68, 70, 67, 69, 64, 68, 65, 64, 61, 64, 61,
    60, 62, 63, 64, 59, 59, 58, 58, 59, 59, 61, 58, 61, 57, 59, 59, 60,
    60, 59, 59, 59, 60, 59, 59, 57, 58, 58, 58, 57, 59, 57, 60, 60, 61,
    59, 56, 61, 61, 58, 58, 58, 59, 57, 58, 59, 59, 59, 61, 61, 61, 60,
    58, 58, 60, 57, 57, 60, 58, 60, 57, 61, 61, 61, 61, 61, 57, 59, 59,
    59 ]
