%YAML:1.0
---
videoName: "headLookDown3.mp4"
gestureLabel: 206
fps: 29
pixelSizeInCmTemp: 3.5746268656716418e-01
faceCenterPointX: 273
faceCenterPointY: 98
headPositionsX: [ 272, 271, 273, 272, 274, 273, 272, 273, 273, 274, 273,
    274, 271, 274, 270, 270, 273, 275, 274, 275, 271, 274, 272, 271, 272,
    270, 274, 275, 274, 272, 274, 272, 271, 274, 275, 271, 274, 269, 274,
    273, 271, 272, 269, 270, 273, 271, 273, 275, 275, 271, 273, 273, 270,
    272, 275, 273, 271, 274, 274, 272, 271, 273, 270, 272, 274, 270, 270,
    268, 268, 270, 270, 274, 270, 270, 271, 268, 270, 272, 271, 270, 271,
    271, 271, 271, 273, 274, 273, 270, 272, 270, 271, 275, 275, 275, 272,
    275, 273, 273, 274, 273 ]
headPositionsY: [ 98, 80, 77, 79, 76, 80, 76, 76, 77, 80, 78, 79, 79, 80,
    80, 79, 77, 77, 77, 80, 77, 79, 79, 78, 81, 77, 78, 77, 76, 78, 79,
    77, 78, 81, 79, 77, 80, 81, 81, 79, 82, 81, 86, 86, 85, 85, 88, 89,
    91, 89, 90, 92, 92, 91, 94, 93, 96, 94, 99, 98, 100, 100, 97, 98,
    100, 99, 99, 101, 98, 102, 102, 101, 102, 103, 102, 101, 100, 104,
    99, 101, 99, 100, 101, 101, 100, 101, 99, 99, 101, 101, 99, 103, 104,
    99, 104, 99, 102, 100, 99, 98 ]
