%YAML:1.0
---
videoName: "headLookUp6.mp4"
gestureLabel: 205
fps: 30
pixelSizeInCmTemp: 3.7421874999999999e-01
faceCenterPointX: 255
faceCenterPointY: 70
headPositionsX: [ 255, 256, 256, 254, 254, 257, 254, 257, 257, 256, 258,
    254, 258, 257, 255, 253, 257, 256, 255, 257, 253, 257, 258, 254, 254,
    254, 256, 255, 256, 257, 255, 257, 254, 256, 256, 256, 253, 254, 255,
    253, 253, 257, 254, 257, 254, 256, 253, 257, 257, 252, 256, 252, 253,
    256, 256, 253, 253, 255, 254, 252, 255, 257, 252, 254, 256, 257, 256,
    253, 253, 253, 255, 254, 255, 252, 257, 255, 254, 255, 254, 256, 257,
    252, 253, 257, 254, 254, 256, 256, 253, 256, 253, 254, 257, 253, 255,
    254, 255, 254, 256, 256 ]
headPositionsY: [ 70, 82, 83, 83, 85, 84, 85, 85, 84, 84, 83, 83, 86, 82,
    81, 81, 83, 83, 82, 85, 82, 83, 83, 82, 81, 79, 77, 77, 75, 77, 73,
    71, 73, 71, 67, 71, 70, 66, 69, 72, 70, 68, 67, 68, 70, 68, 67, 67,
    68, 68, 68, 69, 67, 71, 70, 66, 70, 70, 67, 70, 70, 70, 70, 67, 66,
    67, 68, 67, 67, 71, 66, 71, 71, 67, 69, 69, 68, 70, 70, 69, 71, 69,
    70, 72, 68, 68, 71, 72, 70, 70, 70, 70, 72, 68, 68, 67, 70, 67, 70,
    67 ]
