%YAML:1.0
---
videoName: "headNod5.mp4"
gestureLabel: 202
fps: 29
pixelSizeInCmTemp: 3.1513157894736843e-01
faceCenterPointX: 263
faceCenterPointY: 75
headPositionsX: [ 264, 264, 262, 261, 262, 263, 260, 264, 264, 261, 260,
    263, 265, 262, 265, 264, 266, 266, 263, 264, 265, 264, 265, 264, 263,
    264, 266, 266, 267, 265, 265, 266, 266, 266, 265, 268, 268, 266, 265,
    265, 266, 264, 266, 266, 265, 268, 264, 264, 263, 264, 266, 268, 265,
    261, 262, 264, 263, 266, 264, 263, 263, 265, 264, 265, 265, 265, 262,
    263, 267, 264, 263, 263, 263, 267, 266, 265, 263, 265, 262, 263, 266,
    263, 262, 265, 264, 260, 264, 261, 265, 266, 262, 265, 261, 262, 264,
    261, 260, 263, 262, 265 ]
headPositionsY: [ 77, 74, 75, 71, 72, 72, 74, 76, 75, 76, 73, 74, 73, 76,
    72, 76, 76, 76, 75, 75, 73, 76, 76, 75, 77, 77, 74, 77, 77, 76, 78,
    78, 75, 77, 80, 76, 77, 76, 78, 76, 75, 75, 75, 79, 78, 78, 79, 77,
    76, 80, 80, 82, 81, 82, 83, 84, 79, 77, 76, 75, 76, 78, 79, 87, 85,
    89, 87, 84, 77, 77, 73, 76, 79, 79, 81, 84, 88, 85, 83, 77, 75, 72,
    73, 75, 75, 76, 78, 81, 83, 80, 80, 77, 76, 73, 76, 74, 74, 75, 72,
    74 ]
