%YAML:1.0
---
videoName: "headLookUp0.mp4"
gestureLabel: 205
fps: 29
pixelSizeInCmTemp: 3.6846153846153845e-01
faceCenterPointX: 258
faceCenterPointY: 66
headPositionsX: [ 258, 261, 257, 257, 257, 257, 258, 257, 262, 260, 258,
    258, 260, 260, 259, 261, 257, 258, 260, 262, 259, 258, 262, 257, 261,
    260, 256, 257, 261, 262, 261, 261, 260, 260, 260, 256, 261, 258, 260,
    260, 260, 258, 258, 256, 259, 256, 257, 259, 259, 259, 257, 257, 260,
    260, 258, 258, 257, 257, 256, 260, 257, 260, 257, 260, 261, 259, 261,
    258, 258, 260, 259, 259, 257, 257, 259, 256, 260, 258, 255, 260, 260,
    259, 259, 260, 259, 258, 260, 255, 259, 257, 260, 261, 258, 259, 259,
    258, 257, 256, 260, 259 ]
headPositionsY: [ 68, 80, 82, 83, 78, 83, 80, 81, 82, 82, 78, 81, 78, 78,
    78, 75, 78, 74, 74, 72, 72, 70, 69, 68, 69, 67, 65, 66, 66, 67, 69,
    69, 67, 67, 64, 67, 66, 67, 66, 67, 66, 67, 67, 68, 66, 70, 66, 65,
    66, 69, 65, 68, 66, 66, 69, 65, 67, 64, 69, 68, 69, 68, 67, 69, 66,
    66, 67, 66, 70, 65, 63, 68, 66, 69, 70, 67, 68, 70, 68, 68, 67, 69,
    68, 66, 69, 67, 69, 68, 64, 65, 67, 67, 68, 71, 69, 67, 68, 64, 66,
    69 ]
