%YAML:1.0
---
videoName: "headLookUp5.mp4"
gestureLabel: 205
fps: 29
pixelSizeInCmTemp: 3.6287878787878786e-01
faceCenterPointX: 256
faceCenterPointY: 67
headPositionsX: [ 255, 257, 257, 255, 256, 258, 259, 256, 256, 259, 256,
    259, 255, 259, 256, 257, 254, 257, 253, 254, 259, 254, 257, 256, 256,
    258, 255, 258, 254, 255, 255, 255, 255, 258, 255, 258, 255, 255, 254,
    256, 258, 258, 258, 258, 255, 258, 256, 256, 256, 258, 259, 255, 257,
    254, 254, 254, 255, 256, 254, 257, 259, 255, 257, 256, 258, 255, 256,
    256, 254, 255, 255, 256, 256, 258, 258, 255, 256, 256, 255, 256, 257,
    255, 256, 257, 255, 258, 254, 254, 255, 255, 258, 255, 254, 257, 253,
    254, 256, 256, 254, 257 ]
headPositionsY: [ 65, 81, 83, 79, 83, 80, 83, 79, 81, 80, 83, 83, 79, 84,
    79, 79, 83, 81, 80, 82, 83, 81, 78, 79, 80, 80, 80, 80, 82, 78, 78,
    79, 81, 81, 77, 75, 78, 75, 73, 70, 69, 71, 70, 68, 69, 68, 69, 70,
    66, 70, 70, 69, 67, 68, 67, 71, 70, 69, 69, 68, 68, 67, 67, 69, 67,
    68, 68, 65, 69, 65, 65, 68, 65, 66, 70, 67, 68, 68, 67, 68, 67, 69,
    68, 67, 68, 70, 69, 70, 70, 68, 68, 69, 64, 69, 68, 65, 69, 65, 69,
    65 ]
