%YAML:1.0
---
videoName: "headLookLeft6.mp4"
gestureLabel: 203
fps: 29
pixelSizeInCmTemp: 3.2808219178082193e-01
faceCenterPointX: 267
faceCenterPointY: 69
headPositionsX: [ 268, 242, 244, 247, 244, 243, 245, 248, 246, 247, 246,
    245, 244, 243, 244, 245, 244, 248, 247, 244, 245, 243, 243, 245, 243,
    244, 246, 248, 252, 255, 256, 255, 261, 261, 264, 263, 267, 270, 266,
    270, 270, 269, 269, 266, 267, 267, 271, 267, 266, 269, 267, 267, 269,
    267, 267, 268, 269, 270, 266, 270, 269, 266, 269, 268, 268, 267, 269,
    269, 269, 269, 266, 268, 267, 266, 265, 267, 264, 270, 270, 270, 268,
    265, 268, 266, 269, 268, 267, 266, 265, 269, 269, 270, 267, 267, 267,
    265, 263, 264, 269, 267 ]
headPositionsY: [ 70, 72, 70, 72, 74, 74, 74, 70, 69, 75, 70, 73, 70, 73,
    74, 73, 73, 72, 72, 72, 70, 71, 73, 71, 72, 72, 74, 73, 73, 71, 69,
    71, 70, 72, 69, 68, 69, 70, 71, 69, 68, 68, 71, 69, 67, 72, 70, 71,
    70, 73, 67, 68, 72, 69, 70, 69, 70, 71, 68, 71, 68, 71, 69, 69, 71,
    70, 70, 70, 72, 71, 71, 68, 72, 70, 70, 68, 68, 69, 71, 68, 72, 69,
    68, 69, 69, 68, 72, 68, 71, 73, 71, 71, 70, 67, 69, 70, 68, 66, 68,
    70 ]
