%YAML:1.0
---
videoName: "headLookUp3.mp4"
gestureLabel: 205
fps: 29
pixelSizeInCmTemp: 3.7421874999999999e-01
faceCenterPointX: 254
faceCenterPointY: 68
headPositionsX: [ 252, 254, 258, 255, 255, 256, 257, 256, 256, 255, 255,
    253, 256, 257, 257, 257, 257, 256, 259, 257, 259, 258, 259, 256, 258,
    257, 258, 257, 254, 257, 257, 256, 255, 255, 256, 257, 257, 254, 255,
    257, 257, 254, 254, 258, 252, 258, 255, 253, 257, 254, 254, 256, 253,
    256, 253, 254, 255, 256, 254, 257, 254, 256, 255, 256, 257, 252, 258,
    254, 257, 254, 252, 255, 257, 256, 253, 254, 252, 255, 255, 255, 258,
    255, 257, 252, 256, 255, 256, 256, 256, 257, 255, 256, 257, 257, 256,
    255, 256, 256, 255, 258 ]
headPositionsY: [ 68, 82, 83, 80, 83, 81, 80, 82, 80, 83, 81, 83, 81, 82,
    84, 81, 79, 80, 81, 81, 83, 83, 82, 81, 83, 81, 84, 80, 84, 82, 80,
    82, 81, 82, 82, 80, 81, 80, 81, 78, 79, 79, 76, 74, 75, 72, 71, 72,
    71, 67, 65, 67, 66, 67, 67, 67, 70, 68, 69, 65, 67, 67, 67, 69, 67,
    69, 64, 65, 68, 70, 68, 66, 66, 69, 68, 69, 67, 68, 68, 67, 70, 67,
    69, 65, 69, 65, 67, 66, 65, 70, 65, 65, 68, 68, 66, 66, 67, 69, 68,
    65 ]
