%YAML:1.0
---
videoName: "headShake20.mp4"
gestureLabel: 201
fps: 29
pixelSizeInCmTemp: 3.3263888888888887e-01
faceCenterPointX: 242
faceCenterPointY: 78
headPositionsX: [ 244, 242, 244, 245, 246, 245, 246, 241, 246, 241, 240,
    242, 245, 243, 240, 241, 245, 245, 243, 242, 242, 245, 244, 245, 241,
    242, 244, 245, 242, 244, 242, 244, 242, 245, 241, 242, 243, 240, 242,
    244, 249, 251, 255, 259, 262, 260, 259, 255, 250, 243, 239, 233, 233,
    230, 229, 234, 240, 242, 246, 251, 253, 253, 249, 246, 245, 236, 234,
    233, 231, 233, 237, 236, 242, 242, 248, 244, 246, 243, 245, 241, 241,
    240, 239, 238, 241, 239, 242, 244, 241, 246, 241, 246, 241, 243, 244,
    243, 241, 244, 242, 241 ]
headPositionsY: [ 78, 75, 78, 75, 74, 77, 74, 77, 74, 77, 74, 76, 75, 75,
    75, 76, 76, 77, 76, 74, 77, 76, 75, 76, 77, 78, 78, 78, 74, 79, 75,
    75, 74, 77, 77, 75, 79, 76, 79, 77, 76, 74, 76, 73, 74, 77, 75, 76,
    80, 77, 78, 78, 77, 77, 73, 78, 74, 77, 75, 75, 74, 77, 76, 76, 76,
    74, 78, 79, 79, 78, 78, 77, 76, 78, 78, 77, 77, 76, 75, 78, 77, 75,
    75, 77, 77, 77, 77, 75, 76, 76, 79, 79, 78, 77, 75, 77, 75, 75, 77,
    78 ]
