%YAML:1.0
---
videoName: "headNod26.mp4"
gestureLabel: 202
fps: 29
pixelSizeInCmTemp: 3.1513157894736843e-01
faceCenterPointX: 271
faceCenterPointY: 78
headPositionsX: [ 269, 271, 272, 271, 270, 272, 270, 272, 271, 270, 271,
    271, 272, 273, 272, 271, 275, 272, 274, 274, 273, 271, 275, 270, 271,
    273, 272, 273, 270, 273, 272, 269, 272, 271, 274, 271, 272, 271, 272,
    273, 271, 271, 272, 271, 273, 273, 273, 272, 268, 270, 273, 274, 274,
    271, 271, 274, 270, 271, 271, 272, 271, 274, 274, 274, 273, 272, 271,
    274, 272, 274, 273, 270, 271, 272, 271, 272, 273, 270, 271, 270, 270,
    269, 271, 272, 270, 272, 270, 269, 271, 274, 273, 271, 273, 272, 270,
    270, 272, 270, 273, 272 ]
headPositionsY: [ 77, 73, 73, 73, 72, 70, 71, 68, 66, 68, 66, 67, 66, 65,
    69, 68, 69, 72, 74, 77, 80, 81, 85, 82, 82, 80, 80, 75, 72, 68, 69,
    68, 67, 68, 68, 72, 72, 74, 78, 79, 81, 78, 80, 75, 73, 71, 71, 68,
    67, 68, 67, 72, 74, 77, 77, 77, 77, 74, 73, 72, 68, 69, 68, 69, 67,
    70, 67, 72, 72, 72, 74, 75, 76, 78, 75, 73, 74, 68, 70, 67, 67, 68,
    72, 68, 69, 75, 75, 76, 79, 80, 80, 81, 80, 80, 76, 78, 79, 80, 79,
    78 ]
