%YAML:1.0
---
videoName: "headLookRight4.mp4"
gestureLabel: 204
fps: 30
pixelSizeInCmTemp: 3.4214285714285714e-01
faceCenterPointX: 228
faceCenterPointY: 75
headPositionsX: [ 229, 252, 252, 255, 253, 251, 251, 255, 254, 252, 256,
    253, 256, 254, 254, 251, 251, 254, 255, 253, 253, 254, 253, 253, 250,
    253, 252, 250, 251, 250, 248, 251, 247, 244, 247, 243, 242, 240, 237,
    232, 235, 233, 231, 228, 232, 231, 228, 230, 230, 228, 227, 229, 229,
    228, 231, 229, 225, 226, 226, 229, 225, 225, 229, 227, 225, 227, 225,
    223, 227, 225, 224, 228, 226, 221, 222, 225, 230, 225, 226, 226, 227,
    228, 228, 229, 223, 228, 226, 224, 225, 229, 226, 228, 225, 227, 230,
    226, 223, 228, 225, 229 ]
headPositionsY: [ 73, 71, 71, 74, 73, 73, 69, 72, 72, 71, 74, 72, 74, 73,
    72, 74, 74, 76, 75, 71, 74, 71, 71, 72, 76, 75, 74, 74, 74, 75, 71,
    72, 71, 74, 73, 72, 70, 71, 70, 71, 72, 75, 72, 74, 71, 74, 72, 75,
    71, 75, 72, 71, 72, 76, 73, 73, 74, 75, 75, 74, 77, 76, 74, 75, 72,
    75, 75, 78, 75, 72, 75, 75, 75, 73, 75, 75, 74, 73, 75, 74, 75, 76,
    74, 74, 74, 74, 73, 74, 75, 78, 73, 74, 76, 75, 76, 75, 77, 76, 72,
    74 ]
