%YAML:1.0
---
videoName: "headNod36.mp4"
gestureLabel: 202
fps: 29
pixelSizeInCmTemp: 2.8176470588235292e-01
faceCenterPointX: 269
faceCenterPointY: 75
headPositionsX: [ 269, 269, 269, 269, 272, 270, 269, 270, 268, 273, 270,
    271, 268, 271, 269, 271, 273, 270, 268, 269, 272, 270, 270, 270, 271,
    272, 268, 269, 271, 269, 269, 268, 269, 271, 272, 271, 267, 265, 270,
    267, 270, 267, 267, 272, 272, 270, 272, 268, 269, 270, 271, 271, 273,
    271, 272, 271, 271, 269, 271, 269, 271, 271, 269, 268, 267, 266, 268,
    267, 269, 268, 270, 266, 265, 268, 269, 269, 269, 267, 269, 269, 270,
    267, 267, 271, 267, 267, 269, 269, 271, 270, 271, 270, 272, 267, 268,
    270, 271, 272, 266, 271 ]
headPositionsY: [ 73, 76, 72, 76, 74, 76, 72, 75, 76, 72, 74, 74, 73, 75,
    73, 73, 74, 76, 73, 74, 76, 77, 78, 80, 73, 77, 69, 68, 67, 65, 65,
    65, 69, 75, 80, 84, 88, 87, 91, 88, 84, 80, 75, 75, 72, 66, 69, 69,
    67, 70, 68, 73, 77, 82, 82, 86, 89, 86, 84, 84, 79, 75, 75, 74, 71,
    75, 76, 79, 81, 81, 84, 84, 79, 78, 79, 74, 74, 72, 79, 81, 83, 84,
    82, 86, 86, 85, 82, 77, 77, 78, 75, 75, 76, 77, 77, 76, 76, 75, 73,
    77 ]
