%YAML:1.0
---
videoName: "headLookRight8.mp4"
gestureLabel: 204
fps: 29
pixelSizeInCmTemp: 3.1513157894736843e-01
faceCenterPointX: 218
faceCenterPointY: 80
headPositionsX: [ 219, 249, 247, 251, 248, 251, 249, 248, 249, 246, 246,
    249, 248, 244, 245, 244, 248, 247, 247, 245, 247, 246, 249, 248, 249,
    246, 247, 246, 245, 245, 248, 246, 246, 245, 247, 249, 245, 246, 246,
    247, 246, 246, 245, 247, 247, 246, 245, 248, 248, 248, 246, 243, 248,
    246, 245, 244, 247, 246, 245, 247, 248, 246, 247, 245, 248, 244, 243,
    247, 244, 244, 244, 239, 238, 234, 231, 230, 224, 223, 223, 221, 218,
    218, 218, 216, 219, 218, 220, 216, 220, 217, 218, 219, 217, 215, 220,
    216, 220, 218, 217, 217 ]
headPositionsY: [ 79, 76, 74, 73, 73, 74, 75, 71, 75, 73, 75, 73, 74, 73,
    77, 76, 77, 76, 74, 76, 74, 77, 75, 76, 76, 77, 77, 77, 79, 77, 77,
    74, 76, 75, 78, 78, 75, 78, 76, 76, 77, 75, 78, 78, 75, 76, 77, 77,
    75, 76, 77, 78, 75, 76, 75, 79, 77, 79, 75, 75, 78, 78, 78, 77, 76,
    76, 76, 76, 78, 77, 77, 77, 76, 75, 76, 77, 75, 76, 75, 76, 74, 76,
    75, 80, 73, 78, 79, 80, 82, 80, 78, 79, 77, 75, 78, 78, 79, 78, 79,
    78 ]
