%YAML:1.0
---
videoName: "headShake42.mp4"
gestureLabel: 201
fps: 29
pixelSizeInCmTemp: 3.2808219178082193e-01
faceCenterPointX: 257
faceCenterPointY: 85
headPositionsX: [ 256, 273, 276, 275, 275, 274, 278, 277, 274, 271, 270,
    269, 267, 261, 259, 253, 251, 250, 245, 246, 245, 241, 242, 242, 243,
    245, 245, 249, 256, 261, 261, 267, 269, 276, 277, 280, 277, 280, 278,
    278, 273, 268, 269, 267, 260, 256, 257, 253, 249, 251, 247, 244, 245,
    244, 244, 249, 250, 252, 253, 257, 260, 260, 266, 266, 267, 270, 266,
    267, 266, 270, 269, 269, 268, 263, 263, 262, 262, 263, 259, 257, 259,
    257, 259, 258, 257, 258, 258, 256, 258, 256, 255, 257, 258, 257, 256,
    258, 256, 259, 255, 256 ]
headPositionsY: [ 84, 82, 84, 83, 82, 80, 84, 83, 83, 82, 81, 85, 82, 85,
    84, 83, 86, 82, 85, 85, 86, 85, 83, 83, 85, 83, 83, 86, 87, 84, 86,
    83, 85, 80, 82, 81, 84, 83, 82, 85, 85, 88, 86, 85, 88, 88, 86, 86,
    87, 85, 84, 87, 84, 85, 86, 85, 84, 88, 86, 84, 84, 83, 87, 83, 87,
    85, 87, 85, 86, 84, 86, 88, 86, 84, 87, 87, 83, 86, 86, 84, 88, 86,
    83, 83, 86, 83, 83, 86, 85, 86, 85, 84, 85, 86, 86, 86, 86, 86, 84,
    86 ]
