%YAML:1.0
---
videoName: "headShake44.mp4"
gestureLabel: 201
fps: 30
pixelSizeInCmTemp: 3.2808219178082193e-01
faceCenterPointX: 260
faceCenterPointY: 84
headPositionsX: [ 260, 261, 260, 262, 259, 263, 262, 263, 260, 260, 262,
    259, 262, 261, 262, 262, 260, 260, 259, 262, 260, 263, 263, 259, 262,
    261, 261, 260, 260, 261, 262, 260, 259, 260, 258, 260, 258, 261, 260,
    261, 267, 271, 273, 275, 276, 273, 272, 266, 262, 254, 254, 252, 251,
    254, 257, 264, 266, 271, 269, 269, 267, 261, 258, 253, 255, 254, 257,
    263, 271, 272, 269, 272, 268, 262, 257, 252, 254, 250, 252, 255, 255,
    259, 258, 261, 260, 260, 264, 261, 260, 260, 260, 262, 262, 260, 258,
    262, 259, 260, 259, 262 ]
headPositionsY: [ 82, 85, 83, 84, 83, 83, 84, 84, 80, 85, 84, 81, 83, 83,
    84, 83, 81, 83, 82, 81, 81, 83, 83, 80, 83, 83, 84, 83, 82, 81, 81,
    85, 85, 84, 81, 81, 83, 83, 82, 85, 84, 82, 81, 79, 82, 81, 82, 84,
    83, 86, 86, 85, 85, 83, 83, 86, 84, 83, 84, 85, 86, 84, 83, 85, 84,
    85, 84, 85, 85, 83, 82, 84, 81, 82, 83, 81, 83, 86, 84, 86, 85, 84,
    85, 84, 81, 83, 82, 84, 85, 85, 84, 84, 83, 86, 85, 85, 85, 87, 86,
    86 ]
