%YAML:1.0
---
videoName: "headShake49.mp4"
gestureLabel: 201
fps: 30
pixelSizeInCmTemp: 2.8855421686746985e-01
faceCenterPointX: 259
faceCenterPointY: 84
headPositionsX: [ 261, 260, 262, 261, 260, 259, 261, 259, 262, 259, 261,
    260, 262, 263, 258, 258, 263, 261, 262, 260, 259, 260, 262, 259, 259,
    262, 260, 261, 263, 259, 262, 263, 261, 266, 270, 275, 277, 278, 281,
    282, 282, 278, 273, 266, 259, 250, 249, 249, 251, 256, 260, 269, 272,
    276, 273, 265, 261, 256, 251, 250, 248, 253, 254, 260, 264, 270, 272,
    267, 265, 262, 255, 251, 255, 255, 259, 264, 264, 267, 270, 270, 266,
    261, 263, 261, 260, 255, 257, 258, 260, 258, 259, 261, 258, 262, 257,
    256, 260, 260, 260, 260 ]
headPositionsY: [ 83, 80, 82, 79, 80, 80, 79, 82, 81, 79, 79, 78, 80, 78,
    81, 79, 80, 83, 79, 82, 82, 80, 78, 79, 79, 82, 80, 79, 83, 78, 83,
    81, 82, 81, 81, 82, 82, 78, 81, 79, 82, 82, 80, 86, 84, 83, 85, 84,
    83, 85, 85, 86, 83, 82, 85, 82, 83, 82, 83, 83, 84, 83, 85, 84, 83,
    82, 85, 82, 83, 82, 86, 84, 84, 85, 84, 85, 85, 86, 83, 85, 86, 85,
    87, 82, 86, 82, 83, 83, 83, 85, 86, 85, 83, 84, 85, 84, 83, 84, 86,
    86 ]
