%YAML:1.0
---
videoName: "headNod17.mp4"
gestureLabel: 202
fps: 30
pixelSizeInCmTemp: 3.2808219178082193e-01
faceCenterPointX: 253
faceCenterPointY: 76
headPositionsX: [ 253, 253, 257, 256, 257, 254, 253, 253, 254, 256, 255,
    255, 257, 255, 255, 257, 255, 255, 255, 255, 254, 254, 254, 253, 253,
    253, 256, 255, 258, 254, 255, 258, 254, 258, 253, 256, 256, 255, 253,
    256, 255, 251, 251, 252, 253, 253, 253, 251, 253, 254, 251, 253, 255,
    256, 257, 252, 256, 255, 253, 254, 254, 257, 254, 253, 255, 256, 256,
    254, 253, 252, 256, 254, 252, 252, 256, 254, 254, 256, 252, 253, 253,
    257, 252, 253, 253, 253, 257, 253, 254, 255, 255, 257, 255, 256, 256,
    256, 255, 252, 254, 256 ]
headPositionsY: [ 77, 79, 78, 78, 77, 79, 79, 77, 75, 77, 79, 75, 78, 76,
    78, 80, 76, 75, 80, 75, 78, 77, 73, 73, 73, 72, 69, 70, 67, 68, 64,
    64, 68, 68, 71, 70, 69, 71, 76, 79, 81, 82, 83, 83, 85, 83, 82, 81,
    79, 81, 77, 76, 75, 70, 70, 71, 70, 67, 69, 71, 70, 73, 72, 74, 79,
    81, 83, 81, 80, 81, 80, 78, 78, 77, 79, 80, 79, 81, 80, 76, 76, 78,
    76, 75, 74, 76, 79, 76, 77, 78, 77, 76, 78, 76, 76, 74, 79, 77, 76,
    79 ]
