%YAML:1.0
---
videoName: "headShake13.mp4"
gestureLabel: 201
fps: 29
pixelSizeInCmTemp: 3.2364864864864862e-01
faceCenterPointX: 241
faceCenterPointY: 77
headPositionsX: [ 241, 242, 242, 240, 242, 239, 244, 243, 243, 239, 241,
    242, 243, 241, 242, 242, 241, 243, 241, 241, 239, 240, 242, 239, 241,
    240, 242, 241, 243, 242, 240, 237, 240, 241, 245, 246, 249, 255, 259,
    263, 261, 262, 257, 254, 251, 245, 240, 234, 230, 227, 231, 232, 237,
    241, 242, 246, 248, 250, 250, 250, 246, 242, 237, 234, 230, 233, 231,
    233, 239, 243, 245, 248, 253, 252, 248, 249, 249, 244, 240, 239, 235,
    234, 233, 233, 236, 236, 235, 238, 241, 241, 243, 244, 243, 245, 241,
    246, 243, 241, 240, 243 ]
headPositionsY: [ 77, 78, 77, 77, 76, 76, 75, 76, 74, 74, 74, 78, 76, 79,
    75, 76, 76, 79, 78, 77, 74, 78, 78, 74, 74, 73, 76, 76, 75, 75, 74,
    75, 77, 78, 76, 78, 73, 74, 74, 76, 77, 72, 76, 75, 78, 76, 76, 77,
    78, 77, 77, 74, 75, 76, 78, 75, 76, 76, 76, 78, 78, 75, 76, 78, 79,
    77, 74, 75, 79, 78, 75, 75, 77, 76, 78, 78, 78, 77, 74, 75, 78, 77,
    76, 75, 76, 76, 77, 77, 75, 79, 74, 73, 75, 76, 77, 74, 79, 77, 77,
    76 ]
