%YAML:1.0
---
videoName: "headShake3.mp4"
gestureLabel: 201
fps: 30
pixelSizeInCmTemp: 3.3263888888888887e-01
faceCenterPointX: 240
faceCenterPointY: 101
headPositionsX: [ 241, 244, 239, 243, 242, 243, 241, 240, 241, 240, 242,
    242, 240, 241, 243, 240, 244, 241, 240, 241, 242, 241, 240, 243, 240,
    242, 239, 243, 241, 240, 238, 240, 238, 241, 244, 248, 254, 255, 257,
    257, 253, 251, 247, 243, 239, 232, 229, 229, 228, 229, 234, 236, 243,
    246, 250, 252, 248, 246, 243, 239, 234, 231, 227, 225, 225, 226, 231,
    232, 237, 245, 246, 248, 243, 243, 243, 244, 239, 236, 233, 236, 232,
    231, 236, 236, 236, 234, 238, 235, 241, 237, 239, 238, 237, 242, 241,
    240, 243, 241, 239, 238 ]
headPositionsY: [ 101, 100, 97, 99, 97, 96, 100, 98, 99, 100, 99, 98, 97,
    98, 97, 101, 101, 97, 101, 99, 101, 97, 99, 101, 101, 101, 101, 100,
    98, 97, 96, 98, 100, 99, 97, 97, 97, 97, 99, 99, 98, 99, 97, 97, 101,
    101, 101, 99, 100, 101, 100, 98, 99, 98, 98, 98, 97, 98, 98, 97, 98,
    97, 98, 97, 99, 99, 97, 101, 101, 98, 98, 101, 96, 99, 98, 100, 97,
    99, 100, 98, 102, 98, 101, 98, 99, 98, 98, 100, 98, 102, 103, 98,
    100, 99, 100, 100, 100, 99, 103, 98 ]
