%YAML:1.0
---
videoName: "headShake32.mp4"
gestureLabel: 201
fps: 29
pixelSizeInCmTemp: 3.2808219178082193e-01
faceCenterPointX: 237
faceCenterPointY: 77
headPositionsX: [ 235, 236, 237, 234, 239, 240, 238, 239, 237, 237, 240,
    239, 241, 238, 240, 239, 239, 239, 240, 238, 242, 239, 239, 238, 241,
    242, 238, 239, 238, 242, 240, 239, 236, 240, 238, 240, 238, 239, 239,
    244, 241, 243, 246, 250, 249, 251, 251, 249, 253, 250, 250, 246, 244,
    241, 244, 239, 235, 233, 234, 229, 232, 227, 229, 225, 226, 227, 228,
    230, 231, 233, 234, 238, 240, 241, 247, 248, 249, 251, 247, 248, 249,
    247, 244, 247, 241, 241, 242, 239, 237, 240, 237, 240, 238, 240, 239,
    236, 240, 236, 238, 239 ]
headPositionsY: [ 76, 71, 72, 72, 75, 71, 70, 72, 71, 72, 75, 74, 71, 72,
    72, 72, 73, 76, 72, 74, 72, 73, 72, 73, 74, 73, 72, 75, 75, 74, 75,
    73, 73, 76, 75, 74, 73, 73, 72, 75, 76, 72, 74, 75, 75, 73, 73, 74,
    71, 75, 75, 73, 74, 76, 76, 76, 76, 74, 73, 76, 75, 73, 73, 76, 75,
    75, 75, 77, 76, 78, 75, 77, 74, 76, 75, 75, 76, 75, 76, 75, 74, 76,
    74, 76, 78, 78, 75, 76, 76, 76, 77, 77, 78, 78, 76, 78, 77, 76, 79,
    78 ]
