%YAML:1.0
---
videoName: "headNod16.mp4"
gestureLabel: 202
fps: 29
pixelSizeInCmTemp: 3.3263888888888887e-01
faceCenterPointX: 255
faceCenterPointY: 77
headPositionsX: [ 253, 257, 259, 257, 261, 260, 261, 262, 258, 258, 259,
    257, 259, 258, 261, 260, 260, 258, 260, 257, 259, 258, 259, 257, 261,
    256, 259, 258, 257, 259, 260, 259, 258, 260, 257, 258, 257, 259, 261,
    260, 257, 259, 260, 259, 260, 257, 260, 259, 259, 257, 258, 260, 258,
    258, 260, 260, 257, 257, 257, 259, 255, 260, 257, 256, 256, 253, 254,
    253, 254, 255, 258, 256, 257, 257, 257, 256, 252, 255, 256, 253, 254,
    254, 256, 256, 255, 254, 253, 253, 256, 257, 253, 256, 257, 256, 252,
    254, 254, 257, 254, 257 ]
headPositionsY: [ 75, 76, 72, 76, 75, 76, 75, 72, 73, 74, 74, 78, 75, 75,
    75, 73, 74, 72, 77, 73, 76, 75, 75, 76, 77, 73, 76, 75, 75, 73, 74,
    74, 75, 73, 77, 72, 72, 71, 66, 66, 70, 71, 72, 72, 79, 79, 80, 81,
    79, 81, 74, 76, 69, 70, 70, 69, 73, 74, 76, 80, 83, 81, 82, 81, 78,
    77, 73, 68, 72, 73, 69, 74, 77, 81, 81, 79, 80, 79, 76, 71, 71, 67,
    68, 72, 70, 72, 77, 78, 78, 78, 79, 78, 75, 79, 76, 75, 79, 77, 74,
    78 ]
