%YAML:1.0
---
videoName: "headLookRight8.mp4"
gestureLabel: 204
fps: 29
pixelSizeInCmTemp: 3.1513157894736843e-01
faceCenterPointX: 218
faceCenterPointY: 80
headPositionsX: [ 218, 250, 250, 247, 247, 248, 249, 248, 246, 247, 248,
    246, 247, 246, 247, 248, 247, 245, 244, 244, 245, 245, 248, 248, 249,
    245, 247, 245, 248, 245, 245, 248, 246, 248, 245, 248, 249, 249, 244,
    249, 245, 246, 248, 245, 247, 246, 245, 244, 245, 244, 245, 245, 244,
    244, 245, 245, 245, 247, 247, 248, 244, 247, 245, 248, 245, 246, 247,
    246, 245, 243, 244, 237, 238, 232, 230, 228, 227, 221, 221, 218, 222,
    221, 215, 216, 217, 220, 217, 218, 219, 218, 217, 218, 219, 219, 218,
    217, 216, 217, 220, 220 ]
headPositionsY: [ 80, 73, 76, 74, 72, 73, 72, 75, 72, 72, 75, 73, 76, 75,
    73, 74, 74, 78, 73, 74, 77, 78, 77, 76, 78, 78, 77, 76, 76, 78, 77,
    76, 75, 74, 77, 76, 77, 79, 76, 77, 78, 77, 75, 76, 76, 77, 75, 77,
    79, 79, 78, 77, 79, 76, 79, 76, 76, 75, 77, 78, 76, 79, 79, 77, 76,
    77, 78, 80, 77, 78, 76, 80, 76, 74, 78, 74, 77, 74, 72, 74, 75, 79,
    71, 78, 71, 80, 78, 79, 80, 82, 81, 81, 75, 77, 76, 81, 78, 81, 78,
    78 ]
