%YAML:1.0
---
videoName: "headShake16.mp4"
gestureLabel: 201
fps: 29
pixelSizeInCmTemp: 3.2364864864864862e-01
faceCenterPointX: 242
faceCenterPointY: 77
headPositionsX: [ 243, 243, 244, 245, 243, 246, 244, 243, 241, 245, 245,
    241, 242, 243, 243, 242, 244, 242, 241, 243, 241, 242, 242, 241, 244,
    242, 244, 241, 242, 244, 243, 243, 244, 243, 240, 239, 241, 244, 248,
    247, 249, 254, 256, 252, 253, 248, 248, 242, 240, 239, 237, 236, 235,
    238, 240, 240, 242, 246, 251, 248, 251, 247, 247, 243, 240, 237, 237,
    235, 233, 233, 237, 239, 235, 242, 240, 243, 245, 245, 245, 241, 245,
    242, 240, 241, 241, 238, 237, 238, 242, 239, 238, 241, 243, 243, 240,
    243, 242, 243, 244, 243 ]
headPositionsY: [ 76, 75, 76, 75, 76, 76, 76, 76, 76, 77, 75, 78, 77, 76,
    78, 78, 74, 77, 78, 77, 77, 75, 76, 74, 74, 75, 76, 76, 76, 77, 77,
    77, 76, 74, 73, 74, 78, 78, 74, 76, 77, 74, 72, 76, 75, 76, 74, 76,
    77, 77, 76, 76, 75, 76, 77, 77, 78, 78, 78, 76, 74, 76, 77, 76, 78,
    77, 78, 78, 74, 76, 78, 78, 76, 76, 78, 78, 78, 76, 77, 77, 80, 75,
    78, 77, 79, 76, 76, 74, 75, 75, 77, 76, 76, 75, 75, 75, 77, 77, 77,
    75 ]
