%YAML:1.0
---
videoName: "headNod20.mp4"
gestureLabel: 202
fps: 30
pixelSizeInCmTemp: 3.2808219178082193e-01
faceCenterPointX: 253
faceCenterPointY: 80
headPositionsX: [ 255, 254, 254, 257, 255, 256, 255, 254, 258, 255, 256,
    257, 257, 255, 256, 253, 254, 254, 257, 254, 254, 255, 254, 253, 254,
    255, 254, 256, 257, 257, 256, 254, 256, 258, 254, 256, 252, 253, 253,
    253, 253, 251, 254, 252, 255, 254, 252, 252, 255, 253, 253, 253, 251,
    251, 253, 253, 252, 254, 252, 249, 251, 251, 250, 252, 253, 252, 251,
    254, 252, 252, 251, 251, 254, 252, 253, 251, 251, 254, 254, 251, 254,
    253, 252, 253, 252, 254, 252, 255, 255, 253, 252, 255, 250, 252, 255,
    252, 251, 251, 255, 252 ]
headPositionsY: [ 79, 76, 75, 78, 76, 80, 80, 78, 80, 78, 80, 79, 80, 80,
    77, 77, 80, 80, 79, 77, 79, 76, 81, 78, 79, 78, 77, 78, 79, 81, 85,
    85, 86, 88, 86, 82, 82, 77, 76, 70, 73, 72, 71, 72, 76, 81, 83, 89,
    88, 87, 88, 83, 79, 77, 77, 76, 77, 78, 79, 81, 84, 83, 81, 77, 79,
    77, 80, 81, 81, 81, 81, 79, 79, 79, 77, 80, 83, 79, 84, 81, 79, 78,
    78, 81, 80, 79, 82, 79, 81, 83, 78, 79, 82, 80, 79, 82, 79, 79, 82,
    82 ]
