%YAML:1.0
---
videoName: "headNod41.mp4"
gestureLabel: 202
fps: 29
pixelSizeInCmTemp: 2.9937500000000000e-01
faceCenterPointX: 267
faceCenterPointY: 76
headPositionsX: [ 267, 271, 271, 270, 270, 271, 268, 268, 269, 268, 271,
    268, 271, 271, 271, 268, 272, 270, 269, 273, 269, 273, 273, 269, 269,
    270, 269, 269, 267, 270, 269, 270, 268, 271, 271, 271, 271, 272, 269,
    271, 268, 270, 271, 267, 270, 270, 270, 268, 268, 265, 268, 267, 271,
    269, 267, 268, 268, 267, 267, 271, 268, 270, 271, 270, 267, 271, 270,
    266, 268, 269, 267, 265, 270, 266, 266, 267, 268, 269, 268, 268, 267,
    265, 269, 267, 267, 269, 268, 265, 270, 266, 267, 268, 265, 266, 269,
    269, 269, 268, 265, 266 ]
headPositionsY: [ 78, 70, 72, 75, 72, 71, 74, 71, 75, 72, 71, 72, 76, 74,
    74, 75, 71, 73, 73, 72, 76, 74, 74, 72, 76, 74, 74, 73, 73, 75, 71,
    75, 72, 74, 74, 74, 74, 77, 75, 78, 82, 81, 88, 87, 90, 93, 89, 89,
    84, 76, 77, 69, 72, 64, 62, 64, 64, 68, 73, 79, 79, 84, 94, 91, 91,
    91, 84, 81, 76, 75, 74, 71, 72, 70, 69, 78, 78, 84, 83, 83, 83, 77,
    74, 75, 75, 74, 73, 76, 76, 74, 80, 80, 78, 78, 77, 79, 78, 75, 74,
    77 ]
