%YAML:1.0
---
videoName: "headShake11.mp4"
gestureLabel: 201
fps: 29
pixelSizeInCmTemp: 3.2364864864864862e-01
faceCenterPointX: 244
faceCenterPointY: 76
headPositionsX: [ 245, 243, 242, 242, 241, 241, 241, 243, 240, 244, 240,
    241, 240, 241, 242, 242, 242, 244, 243, 242, 241, 244, 241, 243, 244,
    242, 245, 243, 248, 248, 255, 259, 260, 262, 260, 260, 261, 257, 255,
    249, 242, 238, 235, 232, 229, 226, 229, 233, 232, 240, 247, 250, 253,
    259, 260, 259, 254, 253, 247, 244, 240, 237, 232, 230, 232, 234, 237,
    239, 243, 250, 253, 254, 258, 257, 257, 257, 254, 249, 246, 239, 238,
    235, 235, 235, 237, 235, 242, 242, 242, 248, 249, 248, 246, 245, 247,
    248, 246, 244, 244, 246 ]
headPositionsY: [ 78, 73, 73, 73, 74, 71, 71, 74, 71, 73, 71, 73, 72, 71,
    73, 71, 75, 71, 75, 74, 73, 75, 74, 73, 71, 71, 72, 75, 73, 75, 72,
    72, 73, 70, 72, 73, 73, 73, 74, 76, 72, 74, 75, 73, 75, 73, 74, 76,
    73, 75, 77, 75, 71, 75, 72, 71, 73, 75, 75, 78, 75, 78, 76, 76, 76,
    73, 76, 75, 76, 75, 72, 71, 73, 73, 75, 75, 73, 77, 76, 76, 74, 73,
    76, 73, 73, 74, 73, 76, 74, 76, 73, 74, 74, 74, 73, 76, 73, 76, 76,
    73 ]
