%YAML:1.0
---
videoName: "headShake26.mp4"
gestureLabel: 201
fps: 30
pixelSizeInCmTemp: 3.2808219178082193e-01
faceCenterPointX: 243
faceCenterPointY: 78
headPositionsX: [ 244, 240, 241, 238, 242, 245, 244, 247, 245, 248, 250,
    250, 253, 253, 249, 253, 249, 249, 247, 243, 240, 236, 237, 231, 230,
    230, 227, 232, 228, 229, 233, 237, 239, 241, 246, 244, 251, 250, 252,
    254, 255, 251, 251, 247, 245, 243, 237, 234, 234, 229, 228, 230, 228,
    228, 232, 234, 235, 240, 242, 247, 247, 250, 252, 254, 252, 254, 252,
    252, 249, 248, 246, 242, 239, 241, 240, 238, 234, 235, 236, 238, 236,
    239, 238, 241, 240, 241, 241, 240, 241, 241, 247, 244, 246, 245, 247,
    241, 246, 244, 244, 242 ]
headPositionsY: [ 77, 75, 78, 77, 74, 75, 79, 78, 79, 79, 80, 77, 79, 78,
    75, 78, 80, 77, 79, 77, 79, 76, 77, 76, 76, 78, 75, 77, 78, 78, 78,
    79, 78, 78, 76, 78, 76, 75, 76, 76, 77, 78, 77, 79, 78, 76, 78, 79,
    77, 80, 75, 73, 76, 76, 75, 75, 79, 80, 77, 77, 78, 78, 79, 75, 78,
    75, 76, 76, 78, 79, 77, 81, 77, 80, 79, 80, 80, 77, 77, 80, 77, 78,
    79, 77, 77, 79, 78, 80, 77, 81, 77, 78, 81, 80, 79, 79, 76, 78, 80,
    77 ]
