%YAML:1.0
---
videoName: "headNod20.mp4"
gestureLabel: 202
fps: 30
pixelSizeInCmTemp: 3.2808219178082193e-01
faceCenterPointX: 253
faceCenterPointY: 80
headPositionsX: [ 254, 257, 255, 255, 256, 255, 254, 258, 256, 258, 255,
    257, 253, 253, 255, 253, 258, 255, 255, 254, 257, 253, 254, 253, 256,
    254, 257, 255, 254, 256, 257, 254, 254, 257, 257, 255, 254, 253, 253,
    253, 252, 253, 255, 253, 254, 254, 254, 251, 254, 253, 251, 254, 254,
    252, 253, 251, 249, 250, 251, 253, 253, 252, 252, 251, 252, 251, 251,
    255, 253, 254, 254, 255, 253, 252, 253, 254, 252, 255, 253, 252, 254,
    254, 255, 252, 251, 251, 250, 252, 255, 256, 254, 251, 254, 254, 251,
    253, 252, 251, 254, 256 ]
headPositionsY: [ 81, 78, 78, 79, 76, 76, 80, 80, 78, 79, 78, 77, 78, 77,
    80, 76, 81, 76, 77, 80, 78, 76, 78, 76, 78, 79, 77, 81, 80, 80, 84,
    82, 88, 88, 86, 81, 78, 75, 76, 72, 71, 72, 74, 76, 76, 80, 84, 87,
    89, 90, 87, 82, 80, 76, 76, 77, 79, 79, 82, 83, 83, 83, 82, 81, 78,
    79, 82, 81, 83, 83, 83, 79, 76, 78, 79, 80, 79, 81, 83, 83, 81, 78,
    82, 80, 79, 80, 79, 79, 79, 79, 78, 81, 78, 81, 78, 82, 78, 81, 80,
    80 ]
