%YAML:1.0
---
videoName: "headNod40.mp4"
gestureLabel: 202
fps: 29
pixelSizeInCmTemp: 2.8511904761904761e-01
faceCenterPointX: 267
faceCenterPointY: 78
headPositionsX: [ 267, 267, 268, 266, 268, 270, 267, 267, 266, 267, 269,
    267, 270, 269, 267, 270, 265, 267, 268, 268, 266, 270, 266, 267, 270,
    266, 269, 266, 268, 266, 270, 270, 270, 268, 268, 267, 269, 267, 266,
    268, 271, 267, 266, 268, 268, 264, 266, 264, 266, 267, 266, 264, 268,
    265, 265, 265, 266, 265, 264, 268, 264, 265, 264, 265, 264, 264, 264,
    266, 269, 266, 266, 268, 267, 270, 267, 269, 268, 267, 267, 268, 268,
    265, 267, 265, 265, 266, 269, 266, 265, 266, 266, 268, 266, 266, 265,
    269, 265, 268, 266, 265 ]
headPositionsY: [ 76, 74, 78, 75, 75, 76, 78, 75, 74, 78, 74, 73, 78, 77,
    77, 74, 78, 76, 77, 78, 76, 75, 78, 76, 76, 78, 75, 75, 76, 74, 74,
    77, 73, 76, 77, 74, 75, 76, 77, 74, 81, 89, 90, 95, 94, 97, 93, 90,
    87, 83, 80, 76, 78, 70, 69, 70, 67, 68, 71, 74, 82, 84, 84, 85, 82,
    83, 79, 81, 72, 74, 72, 74, 71, 76, 73, 73, 82, 78, 82, 81, 80, 80,
    80, 77, 81, 78, 77, 80, 75, 77, 78, 77, 76, 79, 75, 76, 78, 76, 75,
    78 ]
