%YAML:1.0
---
videoName: "headNod47.mp4"
gestureLabel: 202
fps: 29
pixelSizeInCmTemp: 3.0316455696202532e-01
faceCenterPointX: 266
faceCenterPointY: 70
headPositionsX: [ 268, 268, 265, 266, 266, 267, 264, 267, 266, 265, 268,
    264, 266, 267, 264, 264, 264, 263, 262, 263, 263, 266, 264, 267, 264,
    264, 266, 267, 267, 267, 265, 270, 268, 267, 265, 269, 268, 269, 265,
    270, 269, 269, 266, 268, 267, 267, 266, 268, 264, 266, 265, 267, 267,
    265, 269, 267, 266, 269, 269, 266, 266, 266, 267, 266, 268, 267, 264,
    265, 267, 265, 268, 269, 268, 265, 265, 269, 266, 268, 267, 269, 265,
    264, 264, 266, 265, 266, 266, 267, 265, 267, 265, 268, 265, 265, 267,
    266, 267, 264, 264, 267 ]
headPositionsY: [ 69, 63, 58, 60, 60, 60, 61, 62, 62, 68, 70, 78, 81, 84,
    83, 76, 76, 72, 70, 69, 66, 66, 65, 69, 72, 76, 76, 76, 79, 74, 75,
    73, 68, 69, 65, 66, 67, 73, 70, 73, 75, 77, 81, 79, 77, 71, 68, 67,
    66, 69, 68, 69, 71, 75, 77, 76, 76, 72, 72, 70, 66, 69, 66, 68, 66,
    71, 71, 72, 75, 76, 75, 74, 74, 73, 70, 68, 67, 70, 71, 69, 74, 75,
    72, 73, 72, 70, 73, 72, 68, 72, 69, 71, 72, 71, 69, 71, 69, 73, 72,
    69 ]
