%YAML:1.0
---
videoName: "headNod2.mp4"
gestureLabel: 202
fps: 29
pixelSizeInCmTemp: 3.2364864864864862e-01
faceCenterPointX: 263
faceCenterPointY: 70
headPositionsX: [ 264, 262, 264, 260, 264, 260, 263, 263, 261, 265, 265,
    265, 263, 265, 262, 265, 265, 263, 264, 264, 265, 264, 263, 264, 263,
    265, 264, 264, 264, 260, 260, 264, 263, 260, 261, 262, 261, 263, 263,
    262, 263, 260, 259, 263, 261, 261, 262, 264, 261, 261, 261, 261, 263,
    263, 262, 260, 261, 262, 263, 262, 260, 265, 262, 261, 260, 264, 265,
    262, 262, 261, 264, 264, 262, 265, 260, 265, 265, 263, 262, 261, 263,
    264, 261, 265, 262, 264, 263, 262, 262, 263, 264, 261, 262, 262, 262,
    262, 264, 263, 263, 262 ]
headPositionsY: [ 69, 76, 74, 74, 76, 77, 74, 76, 77, 74, 74, 74, 75, 74,
    77, 76, 76, 74, 74, 76, 77, 74, 77, 73, 75, 76, 73, 75, 75, 72, 72,
    73, 75, 73, 73, 76, 74, 75, 73, 73, 76, 72, 74, 75, 76, 76, 75, 72,
    71, 70, 73, 70, 68, 71, 75, 79, 80, 79, 76, 72, 70, 72, 71, 72, 76,
    75, 73, 71, 72, 70, 71, 74, 72, 75, 76, 73, 72, 71, 70, 70, 71, 74,
    75, 76, 76, 72, 70, 72, 71, 69, 70, 69, 69, 69, 69, 70, 70, 69, 72,
    68 ]
