%YAML:1.0
---
videoName: "headShake14.mp4"
gestureLabel: 201
fps: 29
pixelSizeInCmTemp: 3.2364864864864862e-01
faceCenterPointX: 244
faceCenterPointY: 76
headPositionsX: [ 245, 245, 244, 248, 247, 247, 245, 245, 247, 243, 247,
    246, 245, 246, 243, 244, 244, 247, 243, 245, 247, 243, 246, 246, 245,
    249, 250, 250, 253, 258, 259, 260, 263, 260, 254, 251, 247, 240, 237,
    230, 224, 226, 227, 227, 233, 235, 242, 249, 250, 254, 257, 257, 251,
    248, 246, 243, 236, 234, 231, 232, 236, 235, 234, 237, 243, 244, 244,
    246, 248, 250, 250, 249, 250, 246, 246, 242, 246, 244, 239, 241, 238,
    240, 241, 241, 239, 241, 243, 243, 244, 247, 245, 243, 242, 245, 246,
    246, 245, 243, 244, 242 ]
headPositionsY: [ 75, 77, 75, 77, 78, 74, 77, 75, 77, 76, 77, 76, 78, 77,
    75, 73, 73, 75, 75, 76, 76, 74, 75, 78, 78, 77, 74, 74, 75, 74, 74,
    74, 70, 75, 72, 74, 78, 77, 78, 73, 76, 76, 76, 73, 74, 73, 74, 72,
    75, 71, 73, 73, 73, 73, 77, 77, 73, 75, 76, 77, 77, 76, 76, 75, 74,
    76, 75, 75, 75, 77, 76, 77, 75, 75, 78, 76, 78, 75, 77, 76, 76, 74,
    74, 77, 74, 75, 76, 74, 78, 75, 78, 76, 74, 76, 78, 75, 77, 75, 75,
    77 ]
