%YAML:1.0
---
videoName: "headShake3.mp4"
gestureLabel: 201
fps: 30
pixelSizeInCmTemp: 3.3263888888888887e-01
faceCenterPointX: 240
faceCenterPointY: 101
headPositionsX: [ 238, 243, 241, 242, 242, 242, 241, 239, 240, 239, 241,
    240, 239, 241, 241, 240, 241, 242, 239, 243, 241, 243, 243, 242, 241,
    240, 240, 243, 239, 241, 237, 237, 239, 242, 248, 249, 254, 257, 256,
    255, 255, 252, 249, 244, 239, 235, 230, 231, 230, 229, 234, 237, 242,
    250, 251, 249, 250, 248, 245, 240, 235, 229, 225, 223, 222, 229, 230,
    235, 238, 242, 245, 247, 246, 247, 242, 240, 241, 237, 234, 236, 233,
    230, 235, 232, 233, 234, 235, 237, 238, 236, 242, 242, 239, 241, 238,
    241, 239, 241, 242, 241 ]
headPositionsY: [ 99, 100, 101, 100, 100, 100, 101, 99, 100, 96, 101, 96,
    99, 98, 97, 98, 98, 98, 101, 97, 101, 98, 98, 101, 99, 101, 100, 101,
    96, 101, 100, 101, 98, 100, 97, 99, 96, 97, 97, 98, 98, 99, 98, 97,
    97, 99, 97, 98, 99, 98, 97, 101, 98, 97, 98, 100, 98, 99, 99, 97, 97,
    98, 98, 96, 98, 100, 96, 101, 101, 99, 101, 101, 96, 101, 98, 99, 98,
    100, 99, 100, 102, 97, 99, 102, 100, 98, 98, 99, 101, 98, 100, 102,
    100, 99, 103, 100, 100, 102, 99, 100 ]
