%YAML:1.0
---
videoName: "headShake27.mp4"
gestureLabel: 201
fps: 29
pixelSizeInCmTemp: 3.3263888888888887e-01
faceCenterPointX: 244
faceCenterPointY: 78
headPositionsX: [ 245, 247, 247, 248, 248, 250, 252, 256, 257, 257, 254,
    255, 252, 252, 253, 249, 249, 248, 245, 241, 239, 237, 239, 237, 234,
    234, 233, 233, 232, 235, 235, 235, 236, 233, 238, 242, 239, 243, 243,
    248, 248, 247, 250, 248, 248, 252, 252, 251, 250, 248, 245, 245, 241,
    239, 238, 238, 233, 232, 232, 231, 232, 233, 232, 236, 234, 238, 236,
    236, 243, 239, 242, 245, 245, 245, 249, 249, 249, 249, 250, 247, 246,
    249, 244, 244, 244, 247, 244, 246, 247, 244, 245, 245, 246, 243, 246,
    246, 245, 243, 245, 242 ]
headPositionsY: [ 78, 79, 79, 75, 75, 75, 79, 78, 75, 75, 76, 74, 77, 76,
    78, 78, 81, 77, 78, 78, 77, 80, 77, 78, 80, 78, 78, 78, 77, 79, 81,
    79, 79, 77, 81, 79, 80, 78, 78, 77, 82, 77, 81, 78, 79, 80, 80, 77,
    78, 81, 79, 78, 77, 78, 76, 78, 79, 78, 79, 77, 76, 76, 80, 81, 81,
    81, 80, 81, 79, 78, 78, 82, 77, 77, 78, 81, 77, 81, 78, 80, 79, 80,
    78, 81, 79, 78, 79, 79, 78, 81, 80, 81, 81, 79, 79, 80, 78, 80, 81,
    78 ]
