%YAML:1.0
---
videoName: "headLookUp5.mp4"
gestureLabel: 205
fps: 29
pixelSizeInCmTemp: 3.6287878787878786e-01
faceCenterPointX: 256
faceCenterPointY: 67
headPositionsX: [ 256, 259, 256, 255, 256, 255, 256, 258, 254, 255, 254,
    259, 258, 256, 257, 256, 258, 257, 257, 254, 257, 255, 256, 258, 254,
    257, 255, 254, 257, 256, 256, 255, 256, 255, 255, 257, 257, 256, 257,
    255, 256, 258, 257, 256, 254, 257, 255, 258, 257, 259, 255, 255, 253,
    255, 258, 254, 256, 258, 256, 256, 258, 254, 258, 254, 255, 255, 257,
    254, 255, 254, 256, 255, 256, 258, 258, 258, 257, 258, 258, 258, 255,
    257, 255, 255, 255, 254, 257, 256, 254, 254, 256, 255, 255, 254, 253,
    258, 254, 257, 256, 255 ]
headPositionsY: [ 68, 82, 81, 80, 81, 83, 84, 79, 81, 81, 83, 81, 81, 81,
    81, 79, 79, 80, 82, 81, 80, 82, 82, 82, 80, 79, 83, 79, 82, 78, 81,
    79, 77, 77, 76, 76, 78, 76, 74, 71, 68, 69, 71, 71, 66, 67, 70, 70,
    69, 67, 68, 67, 67, 70, 70, 69, 69, 66, 70, 68, 66, 65, 67, 67, 69,
    67, 69, 68, 69, 69, 66, 66, 66, 67, 66, 66, 69, 70, 64, 67, 68, 65,
    67, 69, 68, 66, 66, 68, 66, 65, 70, 69, 65, 65, 67, 65, 67, 69, 65,
    66 ]
