%YAML:1.0
---
videoName: "headLookLeft9.mp4"
gestureLabel: 203
fps: 30
pixelSizeInCmTemp: 3.2364864864864862e-01
faceCenterPointX: 273
faceCenterPointY: 69
headPositionsX: [ 275, 246, 247, 249, 248, 246, 248, 248, 248, 244, 245,
    245, 248, 245, 247, 246, 247, 246, 246, 248, 245, 247, 243, 246, 247,
    246, 243, 247, 245, 244, 245, 245, 246, 251, 250, 252, 256, 257, 261,
    259, 266, 265, 270, 268, 265, 267, 273, 272, 271, 273, 269, 270, 273,
    268, 272, 270, 272, 271, 271, 271, 270, 270, 268, 270, 274, 273, 272,
    269, 275, 270, 271, 271, 273, 273, 273, 272, 271, 268, 271, 269, 271,
    270, 271, 269, 274, 269, 271, 272, 270, 272, 271, 274, 274, 267, 269,
    274, 270, 273, 270, 271 ]
headPositionsY: [ 68, 70, 69, 73, 72, 71, 73, 70, 71, 70, 69, 70, 68, 73,
    72, 69, 72, 72, 73, 69, 70, 70, 73, 70, 71, 73, 71, 72, 73, 72, 70,
    69, 72, 70, 72, 70, 68, 68, 68, 68, 68, 66, 70, 70, 68, 69, 67, 69,
    69, 70, 66, 65, 70, 68, 67, 68, 69, 70, 69, 66, 67, 69, 68, 71, 67,
    68, 66, 69, 67, 69, 67, 70, 69, 70, 72, 69, 68, 68, 69, 69, 67, 70,
    65, 71, 67, 69, 69, 67, 68, 67, 67, 70, 67, 69, 66, 66, 72, 67, 69,
    68 ]
