%YAML:1.0
---
videoName: "headShake20.mp4"
gestureLabel: 201
fps: 29
pixelSizeInCmTemp: 3.3263888888888887e-01
faceCenterPointX: 242
faceCenterPointY: 78
headPositionsX: [ 242, 242, 243, 244, 246, 243, 246, 245, 243, 245, 241,
    245, 243, 243, 243, 242, 245, 246, 242, 242, 241, 243, 244, 244, 244,
    244, 241, 241, 241, 242, 241, 243, 243, 244, 244, 241, 242, 241, 242,
    244, 246, 251, 253, 257, 262, 257, 256, 253, 247, 244, 235, 235, 231,
    232, 228, 231, 236, 243, 246, 252, 252, 251, 248, 247, 242, 237, 237,
    233, 229, 230, 236, 237, 243, 244, 244, 244, 247, 243, 242, 241, 240,
    238, 240, 242, 243, 239, 245, 245, 242, 242, 245, 245, 241, 242, 245,
    245, 241, 240, 241, 240 ]
headPositionsY: [ 80, 74, 75, 77, 74, 76, 78, 74, 75, 76, 77, 77, 74, 77,
    76, 75, 77, 75, 77, 75, 78, 74, 76, 74, 76, 75, 74, 75, 78, 75, 75,
    76, 76, 75, 78, 77, 77, 76, 76, 75, 77, 77, 74, 73, 72, 78, 73, 78,
    80, 74, 75, 75, 79, 77, 76, 77, 77, 77, 76, 74, 76, 73, 77, 74, 78,
    74, 79, 79, 79, 76, 79, 75, 78, 77, 75, 78, 76, 78, 75, 76, 76, 76,
    76, 76, 76, 78, 79, 77, 78, 76, 77, 80, 77, 77, 75, 77, 77, 75, 75,
    78 ]
