%YAML:1.0
---
videoName: "headNod14.mp4"
gestureLabel: 202
fps: 29
pixelSizeInCmTemp: 3.2808219178082193e-01
faceCenterPointX: 257
faceCenterPointY: 71
headPositionsX: [ 257, 256, 259, 259, 257, 255, 260, 257, 255, 261, 259,
    260, 258, 259, 258, 256, 260, 261, 259, 256, 260, 256, 259, 258, 260,
    257, 258, 256, 259, 260, 259, 260, 259, 259, 256, 257, 258, 260, 260,
    257, 258, 257, 261, 258, 262, 258, 258, 259, 257, 260, 259, 257, 261,
    257, 256, 257, 261, 258, 257, 259, 260, 256, 257, 259, 257, 260, 260,
    258, 258, 256, 257, 261, 256, 255, 258, 260, 256, 257, 255, 257, 258,
    258, 255, 259, 260, 259, 260, 256, 260, 257, 257, 259, 260, 256, 259,
    258, 256, 257, 257, 257 ]
headPositionsY: [ 71, 78, 78, 77, 79, 74, 75, 75, 79, 78, 76, 76, 80, 75,
    75, 77, 77, 78, 77, 78, 77, 76, 79, 78, 78, 76, 79, 77, 76, 79, 79,
    76, 78, 78, 75, 80, 76, 80, 78, 77, 76, 73, 70, 69, 69, 68, 71, 73,
    71, 75, 77, 79, 78, 82, 81, 80, 78, 82, 78, 74, 75, 72, 71, 71, 69,
    71, 75, 75, 77, 81, 79, 82, 79, 79, 77, 73, 72, 69, 66, 69, 70, 75,
    74, 77, 79, 82, 79, 75, 78, 76, 72, 70, 69, 71, 70, 72, 71, 73, 70,
    70 ]
