%YAML:1.0
---
videoName: "headShake13.mp4"
gestureLabel: 201
fps: 29
pixelSizeInCmTemp: 3.2364864864864862e-01
faceCenterPointX: 241
faceCenterPointY: 77
headPositionsX: [ 243, 240, 241, 240, 241, 242, 242, 242, 243, 239, 240,
    243, 244, 240, 241, 242, 243, 244, 242, 243, 239, 242, 242, 240, 242,
    239, 242, 243, 241, 238, 238, 241, 238, 243, 241, 248, 249, 258, 259,
    261, 265, 261, 261, 257, 252, 245, 240, 234, 232, 231, 230, 232, 238,
    241, 243, 250, 249, 251, 247, 249, 246, 242, 237, 235, 233, 232, 233,
    234, 238, 241, 245, 250, 251, 252, 252, 252, 249, 244, 240, 238, 237,
    231, 232, 232, 236, 236, 238, 237, 244, 244, 244, 243, 245, 243, 242,
    246, 242, 244, 240, 240 ]
headPositionsY: [ 76, 77, 77, 76, 78, 75, 79, 75, 74, 75, 77, 78, 74, 79,
    76, 77, 74, 77, 75, 76, 74, 76, 77, 74, 74, 74, 76, 77, 77, 75, 74,
    75, 75, 75, 74, 76, 73, 73, 76, 73, 76, 76, 76, 77, 76, 76, 76, 76,
    75, 77, 78, 74, 77, 75, 78, 75, 74, 78, 75, 78, 77, 77, 77, 78, 77,
    76, 77, 74, 79, 78, 77, 77, 78, 74, 76, 77, 75, 77, 76, 78, 74, 77,
    77, 74, 79, 75, 75, 76, 78, 75, 77, 74, 78, 76, 75, 78, 76, 74, 77,
    74 ]
