%YAML:1.0
---
videoName: "headLookDown1.mp4"
gestureLabel: 206
fps: 29
pixelSizeInCmTemp: 3.4710144927536229e-01
faceCenterPointX: 271
faceCenterPointY: 97
headPositionsX: [ 270, 272, 269, 270, 272, 272, 268, 272, 272, 269, 269,
    268, 272, 268, 269, 270, 270, 273, 270, 272, 273, 269, 268, 271, 271,
    271, 274, 272, 273, 268, 273, 272, 269, 269, 271, 273, 273, 269, 273,
    273, 269, 270, 272, 268, 272, 270, 270, 271, 270, 271, 272, 270, 273,
    272, 269, 268, 272, 270, 270, 270, 268, 271, 271, 272, 271, 267, 267,
    272, 271, 268, 273, 272, 269, 270, 270, 270, 272, 269, 270, 273, 268,
    273, 270, 270, 273, 269, 273, 272, 271, 271, 271, 271, 274, 270, 274,
    271, 270, 274, 269, 270 ]
headPositionsY: [ 98, 78, 77, 80, 79, 76, 79, 79, 80, 81, 79, 80, 80, 80,
    80, 77, 77, 78, 81, 76, 77, 78, 81, 78, 80, 77, 81, 81, 79, 79, 80,
    81, 79, 77, 80, 80, 82, 77, 81, 79, 82, 82, 81, 82, 82, 83, 86, 90,
    89, 91, 93, 96, 94, 97, 96, 95, 95, 98, 99, 97, 97, 99, 97, 98, 100,
    99, 100, 101, 99, 99, 97, 97, 99, 101, 99, 100, 96, 99, 99, 97, 98,
    95, 97, 96, 100, 97, 98, 100, 98, 97, 98, 97, 95, 97, 99, 97, 97, 99,
    96, 100 ]
