%YAML:1.0
---
videoName: "headShake31.mp4"
gestureLabel: 201
fps: 29
pixelSizeInCmTemp: 3.2808219178082193e-01
faceCenterPointX: 236
faceCenterPointY: 68
headPositionsX: [ 235, 238, 236, 236, 235, 237, 239, 239, 235, 237, 236,
    238, 239, 236, 237, 235, 239, 237, 236, 236, 234, 236, 238, 236, 238,
    238, 237, 238, 236, 236, 236, 236, 237, 235, 236, 236, 235, 239, 239,
    247, 249, 253, 254, 250, 253, 251, 245, 237, 231, 227, 223, 220, 222,
    222, 227, 235, 238, 242, 248, 248, 248, 242, 239, 237, 235, 233, 226,
    229, 230, 229, 232, 234, 240, 242, 240, 242, 243, 245, 243, 237, 240,
    236, 234, 233, 233, 235, 234, 237, 236, 235, 233, 237, 234, 236, 233,
    234, 234, 238, 238, 233 ]
headPositionsY: [ 68, 68, 67, 66, 69, 69, 69, 67, 67, 69, 67, 66, 69, 67,
    68, 68, 67, 70, 69, 64, 67, 66, 67, 67, 64, 68, 66, 67, 67, 69, 69,
    65, 66, 70, 70, 65, 66, 68, 65, 66, 66, 68, 65, 66, 67, 67, 67, 67,
    70, 66, 67, 70, 66, 70, 71, 69, 69, 72, 70, 71, 71, 67, 70, 70, 69,
    67, 71, 68, 67, 71, 67, 70, 67, 70, 70, 69, 70, 71, 70, 67, 71, 67,
    69, 68, 66, 70, 66, 68, 67, 71, 66, 68, 70, 66, 67, 70, 70, 70, 69,
    71 ]
