%YAML:1.0
---
videoName: "headNod32.mp4"
gestureLabel: 202
fps: 29
pixelSizeInCmTemp: 2.8855421686746985e-01
faceCenterPointX: 266
faceCenterPointY: 74
headPositionsX: [ 265, 267, 267, 268, 270, 266, 265, 266, 268, 267, 268,
    266, 266, 263, 266, 264, 267, 266, 268, 267, 268, 268, 268, 264, 266,
    265, 268, 267, 267, 267, 265, 265, 266, 266, 268, 268, 266, 267, 268,
    266, 269, 267, 268, 269, 270, 265, 267, 268, 270, 266, 266, 265, 266,
    266, 268, 268, 267, 266, 269, 266, 265, 266, 265, 269, 266, 266, 269,
    267, 266, 264, 264, 267, 265, 268, 266, 268, 265, 264, 267, 267, 265,
    265, 265, 265, 265, 267, 269, 267, 268, 265, 266, 267, 268, 267, 265,
    264, 265, 265, 265, 265 ]
headPositionsY: [ 75, 79, 80, 78, 77, 78, 80, 76, 80, 80, 79, 76, 77, 79,
    75, 78, 75, 79, 78, 78, 79, 79, 75, 75, 75, 80, 76, 75, 76, 78, 78,
    76, 79, 75, 77, 76, 78, 79, 80, 78, 77, 79, 76, 79, 76, 76, 79, 75,
    77, 75, 77, 77, 78, 79, 77, 77, 73, 73, 73, 76, 68, 66, 64, 64, 67,
    67, 70, 75, 79, 82, 89, 86, 88, 86, 82, 80, 76, 72, 74, 72, 69, 69,
    72, 72, 71, 75, 76, 76, 76, 75, 76, 75, 77, 75, 74, 75, 73, 72, 73,
    74 ]
