%YAML:1.0
---
videoName: "headLookRight0.mp4"
gestureLabel: 204
fps: 29
pixelSizeInCmTemp: 3.1933333333333330e-01
faceCenterPointX: 229
faceCenterPointY: 68
headPositionsX: [ 228, 259, 257, 257, 254, 255, 256, 254, 258, 255, 256,
    258, 257, 259, 259, 255, 256, 256, 257, 256, 258, 255, 254, 257, 258,
    256, 254, 254, 256, 256, 253, 258, 256, 253, 257, 253, 254, 257, 256,
    252, 249, 247, 248, 247, 244, 242, 236, 237, 236, 234, 235, 235, 236,
    235, 234, 233, 232, 234, 232, 232, 233, 234, 234, 234, 232, 232, 232,
    234, 235, 236, 231, 235, 234, 237, 235, 233, 230, 229, 230, 228, 233,
    230, 230, 228, 234, 229, 230, 233, 229, 228, 229, 231, 232, 227, 229,
    227, 230, 230, 228, 231 ]
headPositionsY: [ 68, 66, 63, 64, 66, 64, 63, 66, 67, 64, 67, 65, 66, 68,
    65, 68, 66, 67, 68, 65, 68, 67, 67, 68, 67, 65, 67, 69, 68, 67, 69,
    67, 70, 65, 66, 70, 67, 68, 67, 68, 66, 66, 68, 66, 68, 66, 67, 69,
    66, 69, 68, 68, 67, 70, 70, 67, 66, 67, 67, 68, 68, 66, 68, 70, 68,
    69, 65, 66, 69, 68, 69, 67, 67, 67, 69, 69, 68, 68, 69, 67, 69, 69,
    67, 69, 67, 70, 69, 67, 67, 69, 66, 70, 67, 71, 70, 67, 68, 68, 69,
    69 ]
