%YAML:1.0
---
videoName: "headNod40.mp4"
gestureLabel: 202
fps: 29
pixelSizeInCmTemp: 2.8511904761904761e-01
faceCenterPointX: 267
faceCenterPointY: 78
headPositionsX: [ 267, 265, 266, 265, 267, 267, 267, 269, 269, 268, 266,
    267, 268, 268, 268, 268, 269, 265, 267, 266, 269, 269, 269, 265, 270,
    269, 268, 268, 269, 269, 266, 269, 270, 270, 267, 270, 270, 267, 266,
    270, 269, 269, 267, 268, 267, 263, 267, 267, 265, 265, 265, 268, 268,
    265, 264, 268, 265, 266, 265, 267, 265, 265, 265, 267, 266, 266, 266,
    268, 266, 267, 266, 269, 269, 266, 269, 268, 265, 266, 268, 265, 267,
    269, 267, 269, 269, 269, 268, 268, 265, 267, 268, 265, 267, 269, 265,
    267, 268, 266, 269, 268 ]
headPositionsY: [ 76, 78, 75, 77, 78, 74, 78, 76, 75, 75, 78, 75, 78, 76,
    75, 77, 77, 77, 74, 77, 77, 76, 77, 76, 78, 74, 77, 76, 77, 74, 76,
    74, 77, 73, 75, 77, 76, 73, 76, 74, 83, 89, 91, 97, 97, 97, 93, 92,
    85, 84, 80, 77, 79, 67, 66, 67, 67, 67, 70, 75, 81, 83, 88, 86, 82,
    81, 77, 80, 76, 76, 72, 70, 72, 76, 74, 72, 79, 80, 81, 79, 78, 78,
    79, 77, 79, 77, 80, 81, 78, 78, 75, 77, 76, 78, 78, 78, 79, 75, 77,
    77 ]
