%YAML:1.0
---
videoName: "headLookRight1.mp4"
gestureLabel: 204
fps: 29
pixelSizeInCmTemp: 3.3263888888888887e-01
faceCenterPointX: 232
faceCenterPointY: 68
headPositionsX: [ 231, 256, 257, 256, 257, 254, 258, 254, 257, 257, 257,
    258, 254, 257, 254, 257, 258, 257, 254, 255, 256, 255, 255, 257, 257,
    257, 256, 255, 257, 255, 254, 253, 252, 247, 247, 247, 243, 239, 236,
    237, 235, 231, 230, 232, 230, 234, 233, 226, 231, 230, 230, 232, 230,
    229, 230, 235, 234, 234, 234, 236, 232, 230, 231, 232, 231, 230, 228,
    232, 234, 234, 233, 231, 234, 232, 238, 234, 231, 233, 233, 231, 233,
    234, 230, 230, 231, 230, 233, 233, 233, 233, 235, 229, 230, 229, 233,
    230, 232, 234, 231, 230 ]
headPositionsY: [ 68, 68, 68, 69, 68, 66, 66, 68, 69, 67, 66, 68, 69, 70,
    67, 70, 69, 66, 66, 69, 70, 68, 67, 68, 67, 68, 68, 68, 67, 67, 71,
    67, 67, 67, 67, 70, 70, 69, 66, 68, 66, 66, 70, 69, 69, 70, 66, 67,
    70, 66, 68, 71, 69, 68, 68, 68, 68, 69, 68, 66, 69, 66, 70, 67, 69,
    68, 66, 68, 70, 70, 68, 69, 68, 71, 67, 66, 70, 67, 65, 69, 69, 67,
    69, 66, 68, 67, 68, 66, 70, 68, 67, 69, 67, 69, 70, 69, 70, 68, 67,
    67 ]
