%YAML:1.0
---
videoName: "headNod48.mp4"
gestureLabel: 202
fps: 29
pixelSizeInCmTemp: 2.8855421686746985e-01
faceCenterPointX: 264
faceCenterPointY: 72
headPositionsX: [ 266, 267, 265, 267, 265, 265, 264, 263, 264, 262, 266,
    263, 263, 261, 266, 265, 261, 259, 261, 264, 260, 261, 259, 261, 260,
    262, 261, 259, 261, 263, 259, 262, 263, 263, 262, 265, 265, 264, 265,
    261, 263, 260, 260, 261, 261, 260, 261, 262, 263, 260, 260, 263, 261,
    260, 259, 263, 259, 263, 260, 261, 264, 262, 264, 262, 261, 264, 264,
    265, 265, 263, 266, 262, 265, 266, 265, 267, 266, 264, 262, 267, 263,
    266, 267, 263, 264, 265, 266, 265, 265, 266, 264, 265, 266, 266, 266,
    262, 266, 266, 264, 263 ]
headPositionsY: [ 71, 75, 76, 78, 80, 74, 72, 72, 66, 63, 65, 61, 60, 62,
    65, 70, 73, 79, 83, 89, 87, 89, 83, 81, 80, 73, 72, 70, 67, 64, 65,
    67, 65, 63, 66, 70, 74, 77, 83, 84, 81, 84, 79, 79, 76, 74, 71, 72,
    73, 73, 70, 76, 75, 79, 78, 79, 75, 74, 74, 69, 72, 68, 71, 71, 71,
    73, 77, 76, 77, 77, 76, 73, 73, 70, 71, 68, 70, 72, 69, 74, 76, 75,
    72, 75, 76, 73, 73, 69, 74, 69, 72, 75, 74, 74, 74, 74, 75, 71, 72,
    74 ]
