%YAML:1.0
---
videoName: "headLookUp3.mp4"
gestureLabel: 205
fps: 29
pixelSizeInCmTemp: 3.7421874999999999e-01
faceCenterPointX: 254
faceCenterPointY: 68
headPositionsX: [ 253, 257, 258, 257, 254, 257, 256, 255, 256, 253, 254,
    253, 256, 256, 255, 258, 255, 257, 257, 257, 255, 257, 256, 256, 258,
    255, 258, 257, 254, 256, 257, 259, 255, 259, 258, 254, 256, 256, 257,
    258, 256, 254, 256, 255, 252, 257, 255, 257, 256, 254, 254, 255, 253,
    256, 255, 256, 256, 253, 254, 254, 255, 258, 256, 258, 257, 254, 256,
    256, 255, 257, 254, 257, 255, 254, 253, 258, 254, 257, 254, 255, 254,
    253, 255, 255, 252, 253, 255, 253, 255, 253, 257, 256, 258, 256, 254,
    253, 256, 259, 254, 254 ]
headPositionsY: [ 69, 84, 81, 83, 84, 82, 82, 84, 84, 81, 82, 83, 84, 81,
    81, 83, 82, 84, 81, 81, 80, 81, 81, 80, 82, 81, 81, 80, 84, 83, 83,
    83, 80, 81, 81, 83, 80, 82, 80, 78, 80, 75, 75, 74, 71, 70, 71, 71,
    67, 70, 65, 67, 68, 67, 69, 68, 70, 66, 69, 65, 66, 66, 68, 69, 70,
    69, 66, 66, 67, 69, 66, 69, 65, 66, 65, 67, 67, 67, 69, 67, 67, 68,
    69, 68, 65, 69, 67, 66, 69, 68, 66, 65, 70, 70, 68, 69, 68, 69, 70,
    68 ]
