%YAML:1.0
---
videoName: "headLookLeft0.mp4"
gestureLabel: 203
fps: 29
pixelSizeInCmTemp: 3.6287878787878786e-01
faceCenterPointX: 286
faceCenterPointY: 69
headPositionsX: [ 287, 253, 253, 253, 253, 254, 254, 254, 252, 252, 254,
    252, 252, 252, 254, 256, 252, 251, 255, 253, 256, 254, 256, 253, 255,
    254, 257, 256, 253, 253, 255, 254, 256, 252, 257, 253, 255, 256, 256,
    254, 254, 257, 257, 258, 256, 256, 255, 257, 254, 256, 255, 253, 255,
    254, 254, 256, 254, 255, 254, 253, 256, 257, 254, 255, 254, 255, 254,
    254, 256, 256, 256, 255, 254, 255, 257, 255, 257, 254, 256, 263, 262,
    265, 264, 267, 268, 273, 274, 275, 284, 275, 278, 278, 279, 282, 287,
    286, 285, 287, 288, 285 ]
headPositionsY: [ 67, 71, 68, 71, 68, 69, 69, 69, 67, 68, 70, 67, 71, 72,
    72, 72, 71, 68, 68, 70, 72, 68, 69, 72, 68, 71, 72, 68, 71, 72, 69,
    69, 68, 70, 71, 71, 71, 70, 72, 72, 68, 70, 69, 69, 70, 71, 73, 71,
    73, 71, 73, 73, 71, 72, 73, 71, 72, 72, 71, 72, 71, 69, 72, 70, 74,
    70, 69, 70, 71, 69, 73, 72, 70, 70, 71, 74, 71, 72, 70, 73, 69, 70,
    70, 68, 69, 70, 71, 70, 73, 67, 65, 68, 68, 66, 68, 71, 68, 68, 71,
    69 ]
