%YAML:1.0
---
videoName: "headShake49.mp4"
gestureLabel: 201
fps: 30
pixelSizeInCmTemp: 2.8855421686746985e-01
faceCenterPointX: 259
faceCenterPointY: 84
headPositionsX: [ 258, 263, 262, 261, 259, 261, 261, 259, 263, 262, 261,
    259, 260, 259, 260, 258, 262, 261, 260, 263, 260, 260, 260, 262, 262,
    262, 260, 259, 263, 262, 259, 262, 265, 264, 267, 274, 278, 279, 285,
    283, 281, 276, 270, 265, 259, 253, 250, 249, 252, 255, 260, 267, 272,
    275, 271, 269, 261, 255, 249, 248, 249, 252, 254, 260, 266, 270, 271,
    265, 264, 262, 258, 254, 256, 255, 256, 262, 266, 266, 271, 267, 268,
    263, 261, 261, 259, 255, 257, 258, 258, 259, 260, 262, 257, 260, 258,
    258, 259, 257, 257, 261 ]
headPositionsY: [ 86, 79, 81, 82, 79, 82, 80, 81, 80, 81, 82, 80, 81, 80,
    81, 78, 80, 79, 79, 83, 80, 83, 80, 79, 79, 78, 80, 82, 83, 80, 82,
    79, 82, 83, 81, 82, 81, 80, 78, 80, 80, 82, 81, 85, 82, 84, 84, 86,
    84, 84, 84, 86, 83, 84, 85, 86, 83, 84, 86, 83, 85, 85, 85, 82, 86,
    86, 83, 83, 85, 82, 86, 84, 85, 82, 85, 82, 86, 84, 85, 87, 86, 87,
    85, 83, 83, 85, 83, 84, 84, 87, 84, 85, 83, 84, 83, 85, 85, 82, 86,
    86 ]
