%YAML:1.0
---
videoName: "headLookDown0.mp4"
gestureLabel: 206
fps: 29
pixelSizeInCmTemp: 3.3263888888888887e-01
faceCenterPointX: 273
faceCenterPointY: 93
headPositionsX: [ 271, 272, 273, 273, 274, 270, 273, 271, 274, 273, 272,
    273, 271, 274, 271, 270, 274, 273, 270, 270, 273, 270, 274, 270, 272,
    271, 273, 273, 269, 273, 272, 273, 270, 271, 273, 270, 272, 273, 269,
    270, 274, 272, 274, 270, 273, 272, 271, 271, 273, 274, 273, 271, 270,
    272, 273, 271, 274, 275, 273, 269, 270, 269, 270, 274, 271, 273, 271,
    273, 272, 273, 271, 269, 272, 270, 274, 270, 270, 270, 274, 274, 274,
    273, 272, 273, 274, 274, 271, 275, 274, 273, 272, 273, 271, 271, 272,
    274, 273, 274, 273, 274 ]
headPositionsY: [ 95, 76, 78, 79, 81, 78, 81, 80, 78, 80, 80, 82, 80, 79,
    79, 77, 77, 81, 82, 78, 81, 81, 79, 82, 82, 80, 82, 78, 80, 79, 78,
    81, 81, 80, 81, 79, 83, 84, 81, 86, 88, 87, 91, 91, 92, 93, 93, 97,
    99, 95, 95, 95, 97, 96, 95, 96, 97, 99, 94, 97, 97, 95, 98, 96, 93,
    94, 97, 93, 98, 97, 94, 96, 97, 94, 93, 94, 93, 97, 92, 93, 93, 93,
    93, 93, 94, 97, 96, 97, 96, 93, 92, 95, 95, 95, 95, 93, 94, 93, 91,
    92 ]
