%YAML:1.0
---
videoName: "headNod1.mp4"
gestureLabel: 202
fps: 29
pixelSizeInCmTemp: 3.2808219178082193e-01
faceCenterPointX: 263
faceCenterPointY: 78
headPositionsX: [ 265, 263, 264, 264, 264, 264, 264, 264, 265, 264, 260,
    266, 264, 262, 262, 265, 261, 264, 264, 266, 263, 264, 266, 266, 266,
    266, 263, 266, 265, 265, 265, 264, 263, 267, 261, 262, 263, 265, 264,
    264, 265, 263, 267, 266, 264, 267, 263, 266, 263, 266, 264, 262, 265,
    261, 263, 264, 260, 262, 262, 261, 261, 261, 265, 263, 262, 263, 265,
    265, 263, 263, 263, 261, 262, 263, 263, 262, 261, 262, 262, 261, 259,
    264, 261, 264, 260, 261, 263, 264, 263, 262, 260, 260, 262, 260, 260,
    261, 264, 265, 265, 263 ]
headPositionsY: [ 78, 72, 76, 76, 76, 77, 76, 77, 75, 77, 76, 76, 73, 73,
    72, 74, 76, 75, 76, 77, 72, 73, 75, 75, 76, 73, 73, 75, 75, 73, 75,
    73, 73, 73, 75, 71, 70, 66, 66, 65, 65, 62, 63, 63, 65, 67, 70, 71,
    70, 77, 78, 80, 80, 84, 82, 79, 79, 75, 73, 71, 70, 68, 64, 63, 64,
    66, 70, 70, 74, 75, 77, 80, 75, 78, 71, 71, 70, 66, 65, 64, 65, 66,
    69, 73, 73, 73, 76, 79, 83, 84, 83, 83, 81, 79, 79, 77, 77, 79, 80,
    80 ]
