%YAML:1.0
---
videoName: "headLookUp7.mp4"
gestureLabel: 205
fps: 29
pixelSizeInCmTemp: 3.6846153846153845e-01
faceCenterPointX: 257
faceCenterPointY: 70
headPositionsX: [ 258, 259, 257, 257, 254, 254, 254, 258, 256, 257, 256,
    257, 255, 254, 258, 259, 255, 257, 256, 258, 256, 258, 256, 255, 253,
    255, 254, 257, 257, 255, 255, 256, 259, 256, 258, 255, 257, 253, 257,
    254, 257, 254, 255, 257, 256, 254, 257, 256, 257, 255, 257, 258, 255,
    253, 254, 255, 256, 255, 255, 254, 257, 258, 254, 256, 258, 255, 256,
    257, 256, 254, 255, 254, 257, 256, 258, 259, 256, 255, 257, 259, 256,
    255, 258, 257, 257, 259, 255, 257, 256, 257, 258, 258, 259, 256, 259,
    255, 260, 254, 255, 258 ]
headPositionsY: [ 71, 84, 82, 83, 81, 85, 84, 81, 81, 80, 84, 82, 85, 82,
    84, 83, 80, 81, 83, 78, 78, 78, 77, 78, 72, 72, 75, 69, 71, 70, 67,
    70, 72, 69, 70, 70, 69, 70, 69, 69, 66, 69, 66, 66, 67, 70, 70, 66,
    66, 67, 69, 65, 67, 70, 70, 68, 70, 70, 67, 66, 70, 70, 67, 71, 69,
    70, 66, 67, 68, 68, 70, 69, 71, 69, 71, 70, 66, 70, 67, 70, 68, 68,
    68, 68, 67, 71, 70, 69, 69, 69, 69, 69, 67, 68, 71, 68, 72, 69, 68,
    71 ]
