%YAML:1.0
---
videoName: "headLookLeft9.mp4"
gestureLabel: 203
fps: 30
pixelSizeInCmTemp: 3.2364864864864862e-01
faceCenterPointX: 273
faceCenterPointY: 69
headPositionsX: [ 273, 247, 246, 247, 248, 246, 246, 246, 248, 245, 246,
    245, 245, 244, 245, 248, 244, 245, 244, 246, 247, 247, 244, 243, 245,
    243, 247, 243, 245, 247, 246, 246, 247, 247, 251, 253, 255, 255, 257,
    262, 266, 263, 266, 270, 268, 269, 273, 271, 268, 274, 273, 270, 273,
    268, 270, 273, 275, 273, 272, 270, 272, 272, 270, 273, 273, 272, 269,
    273, 272, 270, 273, 272, 272, 273, 273, 271, 273, 269, 272, 269, 270,
    268, 270, 271, 271, 271, 272, 273, 271, 273, 274, 270, 272, 269, 271,
    275, 269, 270, 268, 268 ]
headPositionsY: [ 67, 72, 70, 73, 73, 70, 73, 70, 67, 69, 72, 69, 72, 71,
    68, 73, 72, 72, 72, 72, 73, 69, 73, 72, 73, 70, 73, 71, 71, 70, 69,
    73, 71, 69, 71, 71, 68, 68, 66, 66, 70, 70, 67, 67, 69, 67, 66, 68,
    67, 69, 70, 66, 70, 66, 66, 65, 66, 67, 68, 65, 68, 68, 68, 67, 66,
    69, 67, 68, 70, 66, 66, 66, 69, 68, 68, 68, 69, 67, 65, 69, 68, 67,
    66, 68, 70, 67, 66, 71, 69, 66, 70, 69, 69, 68, 67, 70, 69, 69, 69,
    68 ]
