%YAML:1.0
---
videoName: "headLookDown6.mp4"
gestureLabel: 206
fps: 29
pixelSizeInCmTemp: 3.4710144927536229e-01
faceCenterPointX: 276
faceCenterPointY: 98
headPositionsX: [ 276, 274, 274, 275, 274, 273, 275, 275, 275, 275, 277,
    274, 274, 276, 276, 273, 273, 274, 274, 276, 277, 274, 274, 278, 274,
    276, 276, 276, 277, 274, 275, 277, 273, 275, 277, 276, 274, 274, 273,
    276, 275, 274, 273, 278, 275, 273, 275, 277, 273, 277, 276, 275, 277,
    276, 278, 277, 276, 273, 276, 275, 276, 275, 274, 274, 277, 274, 272,
    275, 275, 273, 275, 273, 276, 277, 275, 275, 273, 274, 272, 273, 273,
    275, 277, 276, 274, 275, 278, 274, 278, 278, 276, 274, 276, 277, 274,
    277, 276, 276, 277, 274 ]
headPositionsY: [ 97, 83, 82, 79, 81, 79, 81, 83, 81, 80, 81, 79, 79, 83,
    80, 79, 81, 83, 79, 80, 80, 82, 83, 81, 81, 82, 83, 83, 81, 81, 83,
    81, 81, 82, 84, 81, 83, 84, 83, 83, 84, 83, 87, 89, 85, 86, 91, 92,
    91, 90, 93, 93, 94, 94, 94, 95, 96, 97, 98, 100, 97, 97, 98, 98, 99,
    98, 99, 95, 97, 97, 98, 97, 98, 99, 97, 100, 97, 101, 97, 101, 98,
    97, 98, 101, 100, 99, 101, 99, 101, 97, 98, 98, 97, 100, 99, 99, 96,
    95, 98, 100 ]
