%YAML:1.0
---
videoName: "headNod43.mp4"
gestureLabel: 202
fps: 29
pixelSizeInCmTemp: 2.8855421686746985e-01
faceCenterPointX: 268
faceCenterPointY: 74
headPositionsX: [ 270, 272, 271, 269, 268, 271, 272, 268, 269, 269, 269,
    268, 267, 268, 267, 266, 268, 268, 270, 269, 269, 268, 268, 266, 266,
    269, 266, 269, 268, 264, 265, 265, 263, 264, 267, 264, 268, 266, 263,
    263, 265, 265, 266, 266, 267, 267, 268, 267, 265, 266, 265, 266, 264,
    264, 266, 261, 262, 265, 264, 266, 266, 264, 265, 264, 263, 264, 268,
    267, 264, 269, 268, 270, 268, 267, 269, 266, 267, 268, 265, 267, 268,
    268, 270, 269, 270, 268, 271, 266, 271, 268, 270, 269, 268, 270, 269,
    267, 267, 269, 271, 267 ]
headPositionsY: [ 75, 78, 77, 77, 76, 75, 74, 76, 75, 73, 76, 74, 75, 74,
    77, 73, 76, 76, 76, 77, 73, 75, 76, 74, 76, 80, 81, 85, 88, 90, 89,
    90, 86, 81, 79, 78, 80, 80, 81, 85, 88, 90, 91, 87, 86, 81, 81, 81,
    83, 85, 89, 90, 89, 92, 87, 87, 81, 80, 80, 86, 89, 90, 92, 88, 92,
    85, 86, 79, 79, 78, 77, 79, 81, 85, 88, 91, 92, 89, 82, 82, 79, 77,
    74, 73, 75, 72, 71, 73, 74, 72, 74, 75, 72, 73, 72, 75, 74, 75, 75,
    76 ]
