%YAML:1.0
---
videoName: "headLookUp0.mp4"
gestureLabel: 205
fps: 29
pixelSizeInCmTemp: 3.6846153846153845e-01
faceCenterPointX: 258
faceCenterPointY: 66
headPositionsX: [ 260, 261, 258, 259, 257, 259, 260, 257, 259, 261, 256,
    261, 260, 257, 256, 261, 259, 260, 260, 261, 261, 261, 259, 260, 258,
    260, 257, 257, 257, 261, 259, 259, 258, 256, 257, 258, 260, 259, 260,
    260, 257, 256, 262, 259, 257, 257, 258, 258, 258, 257, 259, 259, 256,
    260, 259, 261, 259, 259, 260, 257, 259, 261, 258, 258, 258, 258, 257,
    258, 257, 257, 261, 257, 260, 259, 259, 259, 260, 258, 255, 258, 257,
    261, 256, 260, 255, 257, 258, 256, 259, 256, 257, 257, 255, 259, 260,
    257, 257, 258, 258, 259 ]
headPositionsY: [ 66, 82, 80, 83, 80, 79, 80, 80, 82, 78, 80, 82, 78, 81,
    78, 79, 75, 76, 74, 73, 73, 69, 72, 70, 69, 67, 65, 65, 69, 66, 69,
    65, 68, 67, 68, 68, 66, 68, 64, 65, 67, 66, 68, 68, 66, 68, 64, 66,
    66, 67, 66, 67, 69, 68, 69, 69, 65, 67, 68, 66, 66, 67, 66, 66, 65,
    66, 70, 68, 69, 68, 63, 67, 65, 66, 67, 66, 68, 68, 69, 67, 69, 69,
    67, 66, 69, 69, 70, 66, 66, 68, 66, 68, 67, 68, 65, 68, 69, 66, 67,
    68 ]
