%YAML:1.0
---
videoName: "headLookDown6.mp4"
gestureLabel: 206
fps: 29
pixelSizeInCmTemp: 3.4710144927536229e-01
faceCenterPointX: 276
faceCenterPointY: 98
headPositionsX: [ 276, 275, 274, 274, 276, 274, 276, 275, 276, 277, 276,
    273, 274, 277, 274, 273, 276, 275, 274, 276, 275, 276, 274, 276, 276,
    276, 273, 274, 274, 275, 276, 275, 276, 273, 274, 276, 273, 276, 273,
    273, 274, 275, 276, 276, 278, 273, 276, 278, 274, 278, 277, 274, 277,
    279, 277, 274, 274, 276, 275, 277, 273, 274, 275, 274, 275, 273, 273,
    272, 273, 277, 275, 276, 273, 274, 276, 273, 273, 276, 273, 276, 276,
    276, 273, 278, 277, 276, 277, 278, 278, 275, 275, 275, 277, 275, 277,
    275, 278, 276, 278, 276 ]
headPositionsY: [ 96, 81, 80, 82, 80, 80, 80, 81, 80, 81, 79, 80, 81, 82,
    83, 83, 79, 82, 81, 84, 81, 81, 82, 80, 79, 84, 82, 81, 82, 85, 83,
    84, 81, 84, 83, 83, 84, 82, 85, 84, 83, 83, 86, 86, 87, 89, 89, 91,
    90, 92, 94, 94, 93, 93, 98, 98, 95, 97, 99, 96, 95, 99, 97, 97, 97,
    98, 98, 98, 99, 97, 98, 96, 97, 97, 100, 101, 101, 97, 98, 98, 102,
    99, 100, 101, 100, 97, 101, 100, 100, 97, 99, 96, 98, 99, 99, 97, 99,
    96, 100, 100 ]
