%YAML:1.0
---
videoName: "headLookLeft1.mp4"
gestureLabel: 203
fps: 30
pixelSizeInCmTemp: 3.6287878787878786e-01
faceCenterPointX: 276
faceCenterPointY: 73
headPositionsX: [ 277, 258, 257, 257, 255, 255, 256, 255, 256, 254, 258,
    257, 257, 255, 257, 256, 258, 256, 256, 258, 255, 258, 258, 254, 257,
    257, 258, 257, 255, 256, 257, 256, 256, 257, 256, 257, 258, 256, 258,
    258, 258, 255, 257, 257, 256, 254, 258, 256, 253, 257, 257, 254, 253,
    253, 257, 256, 258, 256, 257, 261, 262, 262, 264, 264, 268, 269, 270,
    272, 274, 276, 277, 278, 275, 272, 273, 279, 276, 274, 275, 274, 281,
    280, 276, 278, 279, 280, 275, 282, 279, 279, 277, 277, 278, 275, 272,
    278, 280, 276, 276, 275 ]
headPositionsY: [ 71, 77, 76, 76, 73, 76, 77, 74, 78, 74, 75, 75, 76, 75,
    77, 78, 76, 79, 79, 77, 76, 78, 79, 76, 76, 78, 78, 77, 76, 80, 78,
    79, 76, 77, 79, 79, 79, 79, 79, 78, 80, 79, 76, 79, 78, 78, 77, 80,
    78, 80, 76, 78, 79, 76, 77, 80, 77, 80, 81, 80, 77, 77, 77, 78, 77,
    78, 79, 76, 77, 80, 73, 73, 76, 74, 72, 75, 75, 75, 79, 77, 75, 75,
    73, 76, 76, 77, 75, 74, 75, 78, 77, 75, 73, 77, 75, 77, 76, 77, 74,
    72 ]
