%YAML:1.0
---
videoName: "headShake29.mp4"
gestureLabel: 201
fps: 29
pixelSizeInCmTemp: 3.3263888888888887e-01
faceCenterPointX: 243
faceCenterPointY: 76
headPositionsX: [ 244, 240, 244, 242, 243, 241, 242, 244, 241, 240, 243,
    245, 244, 241, 244, 243, 245, 241, 243, 242, 241, 244, 244, 239, 239,
    239, 237, 239, 237, 240, 242, 247, 252, 254, 256, 256, 257, 252, 248,
    243, 240, 233, 232, 230, 226, 229, 232, 240, 242, 247, 247, 252, 252,
    251, 250, 247, 242, 238, 233, 230, 231, 228, 230, 234, 236, 239, 246,
    248, 249, 252, 250, 251, 249, 244, 244, 238, 237, 235, 233, 232, 235,
    232, 234, 235, 237, 240, 241, 239, 241, 240, 243, 245, 241, 243, 245,
    243, 242, 243, 242, 245 ]
headPositionsY: [ 75, 76, 74, 74, 77, 75, 75, 75, 76, 74, 78, 75, 74, 77,
    73, 76, 77, 77, 75, 75, 77, 77, 76, 77, 77, 78, 75, 75, 77, 77, 76,
    75, 76, 75, 75, 73, 74, 74, 75, 76, 78, 78, 73, 79, 76, 78, 76, 75,
    76, 75, 75, 76, 73, 76, 75, 78, 76, 78, 77, 79, 77, 76, 76, 74, 78,
    78, 79, 76, 77, 77, 73, 74, 78, 74, 78, 75, 74, 76, 74, 74, 76, 75,
    76, 75, 76, 78, 74, 75, 76, 75, 75, 76, 77, 78, 76, 76, 76, 78, 77,
    77 ]
