%YAML:1.0
---
videoName: "headShake29.mp4"
gestureLabel: 201
fps: 29
pixelSizeInCmTemp: 3.3263888888888887e-01
faceCenterPointX: 243
faceCenterPointY: 76
headPositionsX: [ 242, 243, 243, 243, 242, 242, 241, 244, 245, 244, 242,
    244, 241, 244, 244, 241, 242, 240, 242, 242, 243, 241, 241, 241, 238,
    237, 241, 239, 236, 241, 242, 248, 251, 255, 256, 253, 254, 253, 250,
    244, 236, 234, 232, 230, 228, 231, 234, 237, 242, 245, 249, 254, 252,
    249, 247, 244, 240, 239, 233, 232, 230, 227, 231, 234, 236, 240, 244,
    248, 251, 252, 251, 250, 251, 248, 243, 239, 239, 235, 235, 235, 233,
    232, 236, 239, 240, 239, 237, 241, 239, 242, 242, 243, 245, 244, 245,
    242, 243, 244, 243, 242 ]
headPositionsY: [ 74, 75, 74, 76, 77, 76, 74, 76, 77, 73, 78, 77, 75, 75,
    76, 75, 76, 78, 78, 74, 75, 79, 78, 77, 76, 74, 75, 74, 75, 76, 78,
    77, 75, 77, 73, 73, 73, 77, 77, 78, 75, 75, 73, 75, 76, 74, 77, 77,
    76, 76, 76, 74, 77, 78, 74, 75, 78, 75, 78, 75, 76, 78, 75, 74, 78,
    78, 76, 75, 77, 76, 73, 74, 77, 78, 75, 75, 76, 78, 74, 74, 76, 78,
    74, 74, 76, 75, 77, 76, 78, 78, 74, 79, 79, 77, 75, 76, 75, 74, 78,
    76 ]
