%YAML:1.0
---
videoName: "headNod35.mp4"
gestureLabel: 202
fps: 30
pixelSizeInCmTemp: 2.9937500000000000e-01
faceCenterPointX: 268
faceCenterPointY: 78
headPositionsX: [ 269, 268, 266, 266, 268, 269, 271, 269, 268, 268, 269,
    269, 268, 269, 270, 267, 272, 272, 268, 269, 269, 271, 271, 269, 269,
    272, 268, 268, 268, 271, 272, 273, 272, 270, 269, 269, 269, 271, 269,
    268, 269, 267, 266, 269, 270, 268, 266, 271, 270, 268, 272, 267, 270,
    270, 267, 270, 270, 270, 268, 266, 267, 270, 268, 267, 269, 270, 269,
    267, 267, 268, 270, 271, 266, 268, 270, 270, 266, 268, 267, 269, 267,
    267, 267, 270, 269, 266, 264, 266, 268, 264, 266, 266, 265, 265, 268,
    266, 267, 269, 269, 265 ]
headPositionsY: [ 80, 75, 76, 78, 74, 77, 78, 74, 76, 77, 78, 75, 76, 76,
    78, 74, 75, 78, 75, 74, 76, 75, 78, 79, 76, 76, 77, 74, 71, 69, 67,
    67, 69, 70, 69, 74, 79, 84, 87, 94, 93, 89, 89, 84, 78, 76, 74, 76,
    72, 75, 76, 81, 84, 85, 87, 88, 88, 86, 80, 83, 75, 72, 73, 75, 75,
    76, 77, 81, 83, 84, 84, 85, 84, 78, 78, 78, 72, 74, 78, 79, 79, 82,
    89, 88, 85, 84, 81, 81, 79, 81, 77, 80, 78, 77, 77, 79, 80, 75, 80,
    77 ]
