%YAML:1.0
---
videoName: "headShake46.mp4"
gestureLabel: 201
fps: 30
pixelSizeInCmTemp: 3.2364864864864862e-01
faceCenterPointX: 262
faceCenterPointY: 85
headPositionsX: [ 264, 258, 261, 258, 261, 259, 262, 261, 261, 260, 262,
    262, 260, 262, 262, 261, 259, 263, 258, 262, 259, 261, 262, 260, 260,
    259, 260, 260, 261, 259, 266, 266, 270, 277, 277, 279, 278, 274, 265,
    261, 255, 249, 249, 253, 253, 264, 269, 269, 271, 268, 261, 259, 252,
    255, 253, 257, 264, 269, 270, 266, 267, 263, 261, 257, 259, 260, 262,
    266, 269, 269, 268, 264, 264, 260, 259, 262, 259, 265, 266, 266, 264,
    262, 262, 262, 258, 262, 261, 260, 258, 263, 262, 259, 259, 263, 260,
    263, 260, 262, 260, 261 ]
headPositionsY: [ 84, 84, 83, 83, 85, 83, 82, 84, 84, 85, 85, 85, 84, 86,
    84, 85, 85, 87, 86, 84, 83, 83, 82, 85, 86, 86, 86, 83, 84, 84, 86,
    84, 84, 84, 83, 82, 83, 83, 86, 83, 87, 83, 86, 85, 84, 85, 87, 84,
    84, 86, 83, 83, 85, 86, 83, 86, 87, 83, 86, 87, 88, 84, 84, 85, 86,
    84, 85, 85, 86, 85, 87, 87, 84, 82, 84, 85, 84, 84, 86, 85, 85, 84,
    82, 85, 82, 84, 83, 83, 83, 82, 83, 86, 85, 84, 87, 87, 84, 84, 83,
    84 ]
