%YAML:1.0
---
videoName: "headLookRight2.mp4"
gestureLabel: 204
fps: 29
pixelSizeInCmTemp: 3.8015873015873014e-01
faceCenterPointX: 228
faceCenterPointY: 68
headPositionsX: [ 227, 249, 250, 251, 251, 249, 251, 253, 252, 254, 249,
    250, 250, 253, 251, 253, 252, 254, 253, 250, 252, 251, 254, 254, 251,
    255, 254, 255, 251, 255, 255, 253, 255, 255, 253, 253, 254, 251, 254,
    251, 254, 255, 254, 254, 252, 254, 251, 251, 252, 251, 249, 245, 244,
    238, 241, 237, 236, 232, 233, 232, 228, 230, 228, 229, 230, 226, 228,
    225, 223, 224, 229, 227, 230, 228, 224, 227, 228, 232, 231, 230, 229,
    229, 228, 227, 231, 226, 228, 226, 229, 226, 227, 228, 228, 230, 230,
    228, 229, 228, 229, 232 ]
headPositionsY: [ 67, 69, 67, 65, 70, 67, 66, 69, 69, 67, 67, 69, 69, 68,
    71, 67, 70, 71, 71, 69, 71, 71, 71, 70, 67, 72, 68, 68, 70, 72, 72,
    67, 70, 70, 70, 67, 67, 69, 67, 69, 70, 70, 68, 71, 67, 67, 69, 69,
    68, 69, 66, 67, 68, 67, 71, 69, 67, 69, 71, 71, 66, 68, 68, 65, 67,
    69, 69, 66, 74, 69, 70, 68, 68, 66, 68, 68, 70, 72, 72, 71, 68, 69,
    70, 73, 71, 69, 70, 72, 69, 70, 71, 69, 69, 69, 67, 68, 67, 72, 69,
    68 ]
