%YAML:1.0
---
videoName: "headShake20.mp4"
gestureLabel: 201
fps: 29
pixelSizeInCmTemp: 3.3263888888888887e-01
faceCenterPointX: 242
faceCenterPointY: 78
headPositionsX: [ 242, 242, 245, 242, 242, 242, 245, 241, 242, 244, 241,
    241, 244, 244, 244, 244, 244, 242, 242, 241, 241, 242, 245, 244, 241,
    243, 241, 245, 245, 242, 244, 241, 242, 245, 241, 244, 242, 241, 242,
    245, 247, 252, 254, 260, 258, 260, 255, 252, 247, 244, 236, 234, 230,
    230, 231, 231, 236, 245, 247, 253, 250, 252, 251, 245, 245, 237, 237,
    231, 230, 234, 236, 239, 239, 244, 248, 247, 247, 243, 241, 242, 242,
    242, 240, 239, 241, 239, 244, 242, 241, 246, 241, 242, 242, 244, 244,
    244, 241, 240, 239, 242 ]
headPositionsY: [ 76, 74, 78, 75, 77, 75, 78, 74, 74, 77, 77, 78, 75, 75,
    78, 75, 77, 77, 78, 76, 74, 78, 76, 78, 75, 74, 75, 75, 76, 75, 75,
    77, 76, 78, 75, 76, 76, 74, 78, 75, 77, 78, 76, 77, 75, 78, 76, 79,
    79, 76, 78, 79, 75, 75, 77, 76, 75, 77, 74, 76, 77, 73, 74, 74, 78,
    75, 78, 79, 79, 75, 75, 76, 77, 76, 76, 75, 79, 78, 76, 76, 77, 75,
    79, 75, 76, 78, 79, 76, 77, 77, 78, 78, 78, 77, 75, 76, 77, 76, 78,
    74 ]
