%YAML:1.0
---
videoName: "headLookUp1.mp4"
gestureLabel: 205
fps: 29
pixelSizeInCmTemp: 3.7421874999999999e-01
faceCenterPointX: 258
faceCenterPointY: 66
headPositionsX: [ 259, 257, 260, 258, 259, 257, 257, 259, 260, 258, 259,
    260, 257, 258, 259, 258, 260, 256, 258, 260, 260, 257, 258, 256, 258,
    259, 262, 260, 260, 256, 258, 257, 260, 258, 260, 258, 259, 257, 258,
    260, 259, 257, 257, 259, 260, 258, 259, 260, 257, 260, 257, 256, 258,
    258, 258, 254, 258, 258, 256, 258, 256, 258, 259, 258, 254, 259, 258,
    258, 260, 258, 260, 260, 259, 259, 259, 258, 259, 259, 260, 256, 257,
    255, 262, 259, 258, 259, 256, 258, 259, 258, 259, 256, 258, 256, 260,
    257, 257, 259, 256, 257 ]
headPositionsY: [ 68, 78, 83, 78, 84, 79, 83, 79, 79, 82, 83, 82, 81, 81,
    79, 80, 82, 79, 79, 80, 80, 83, 81, 82, 80, 81, 83, 84, 83, 81, 79,
    83, 82, 79, 79, 78, 80, 80, 79, 79, 81, 78, 77, 77, 72, 70, 68, 69,
    68, 66, 69, 64, 63, 66, 66, 62, 67, 66, 67, 63, 69, 65, 66, 65, 64,
    62, 64, 64, 67, 62, 67, 66, 67, 66, 69, 64, 67, 64, 67, 62, 65, 68,
    64, 63, 63, 65, 66, 66, 66, 63, 65, 70, 68, 64, 64, 67, 67, 68, 67,
    67 ]
