%YAML:1.0
---
videoName: "headLookLeft6.mp4"
gestureLabel: 203
fps: 29
pixelSizeInCmTemp: 3.2808219178082193e-01
faceCenterPointX: 267
faceCenterPointY: 69
headPositionsX: [ 265, 246, 242, 244, 245, 244, 247, 248, 244, 246, 247,
    243, 247, 247, 245, 245, 245, 246, 245, 248, 245, 244, 243, 244, 243,
    246, 247, 249, 253, 253, 254, 259, 260, 261, 262, 266, 269, 269, 270,
    269, 270, 271, 269, 268, 268, 267, 267, 270, 268, 269, 270, 265, 269,
    270, 267, 272, 269, 268, 268, 266, 269, 264, 267, 267, 267, 264, 267,
    267, 266, 266, 266, 265, 267, 267, 263, 265, 265, 269, 270, 268, 265,
    266, 266, 268, 269, 269, 268, 265, 268, 268, 265, 266, 265, 268, 269,
    268, 266, 268, 267, 264 ]
headPositionsY: [ 71, 73, 73, 71, 74, 72, 71, 71, 72, 75, 73, 73, 73, 71,
    71, 70, 72, 73, 70, 70, 72, 74, 70, 73, 72, 73, 74, 74, 72, 69, 73,
    73, 72, 71, 73, 68, 68, 69, 72, 68, 71, 71, 71, 68, 69, 68, 66, 68,
    69, 69, 70, 67, 69, 69, 73, 70, 69, 71, 70, 68, 68, 67, 72, 68, 72,
    70, 72, 69, 68, 71, 70, 68, 68, 68, 66, 68, 68, 69, 71, 72, 72, 69,
    70, 69, 71, 68, 68, 71, 72, 72, 69, 69, 70, 71, 72, 69, 69, 70, 70,
    68 ]
