%YAML:1.0
---
videoName: "headShake30.mp4"
gestureLabel: 201
fps: 29
pixelSizeInCmTemp: 3.2808219178082193e-01
faceCenterPointX: 240
faceCenterPointY: 68
headPositionsX: [ 241, 231, 235, 235, 233, 235, 232, 231, 235, 234, 236,
    238, 238, 238, 238, 242, 240, 240, 241, 244, 246, 242, 242, 244, 245,
    241, 241, 242, 241, 243, 240, 242, 240, 242, 239, 241, 240, 240, 243,
    246, 249, 255, 257, 259, 257, 258, 256, 253, 248, 246, 240, 232, 227,
    222, 221, 223, 228, 234, 240, 245, 249, 251, 253, 252, 246, 244, 239,
    230, 226, 225, 228, 228, 231, 235, 243, 243, 248, 252, 251, 247, 248,
    242, 241, 237, 237, 233, 235, 237, 239, 237, 237, 238, 242, 241, 241,
    240, 238, 242, 242, 240 ]
headPositionsY: [ 69, 55, 56, 55, 57, 58, 61, 59, 60, 65, 66, 65, 62, 65,
    65, 65, 67, 67, 68, 66, 64, 67, 64, 67, 68, 64, 64, 65, 66, 65, 66,
    67, 64, 67, 68, 68, 64, 66, 68, 67, 63, 66, 66, 65, 67, 67, 64, 66,
    67, 69, 66, 67, 69, 67, 66, 70, 68, 71, 68, 71, 67, 67, 67, 69, 71,
    71, 70, 66, 66, 66, 69, 70, 66, 67, 69, 66, 65, 68, 67, 67, 66, 65,
    67, 69, 68, 69, 66, 70, 65, 66, 68, 67, 66, 70, 70, 69, 70, 68, 70,
    66 ]
