%YAML:1.0
---
videoName: "headNod40.mp4"
gestureLabel: 202
fps: 29
pixelSizeInCmTemp: 2.8511904761904761e-01
faceCenterPointX: 267
faceCenterPointY: 78
headPositionsX: [ 265, 265, 269, 265, 267, 268, 267, 269, 266, 267, 267,
    269, 269, 269, 270, 268, 266, 267, 270, 269, 267, 269, 270, 268, 269,
    266, 270, 267, 268, 268, 268, 266, 269, 270, 270, 266, 268, 266, 270,
    270, 269, 265, 264, 266, 267, 263, 263, 267, 264, 264, 264, 266, 265,
    265, 263, 267, 264, 265, 265, 265, 264, 266, 264, 264, 268, 267, 264,
    266, 265, 266, 267, 266, 270, 269, 270, 267, 269, 266, 266, 266, 266,
    269, 269, 267, 269, 268, 266, 266, 265, 268, 265, 265, 267, 265, 267,
    269, 266, 267, 269, 265 ]
headPositionsY: [ 79, 77, 76, 74, 74, 77, 75, 77, 76, 74, 74, 77, 77, 77,
    76, 77, 74, 73, 74, 76, 77, 74, 78, 77, 74, 76, 78, 76, 77, 75, 77,
    76, 73, 74, 74, 77, 77, 77, 74, 75, 82, 88, 91, 96, 94, 97, 95, 93,
    89, 84, 78, 76, 80, 67, 66, 69, 71, 67, 69, 76, 80, 82, 85, 86, 83,
    84, 78, 80, 75, 75, 73, 73, 72, 74, 72, 76, 78, 79, 82, 77, 77, 81,
    77, 80, 81, 79, 78, 79, 78, 77, 76, 75, 75, 79, 75, 77, 77, 79, 76,
    76 ]
