%YAML:1.0
---
videoName: "headShake32.mp4"
gestureLabel: 201
fps: 29
pixelSizeInCmTemp: 3.2808219178082193e-01
faceCenterPointX: 237
faceCenterPointY: 77
headPositionsX: [ 238, 236, 236, 236, 237, 238, 235, 236, 239, 237, 240,
    239, 240, 239, 239, 240, 241, 243, 239, 238, 241, 241, 239, 242, 238,
    243, 241, 243, 238, 239, 241, 238, 239, 241, 240, 238, 239, 242, 241,
    240, 243, 245, 248, 248, 251, 248, 248, 249, 252, 252, 250, 247, 248,
    241, 242, 239, 239, 234, 233, 231, 232, 230, 226, 228, 224, 226, 229,
    232, 230, 233, 236, 237, 241, 243, 245, 248, 248, 248, 250, 251, 248,
    247, 246, 243, 243, 241, 238, 242, 238, 237, 240, 240, 239, 240, 237,
    236, 237, 239, 236, 236 ]
headPositionsY: [ 77, 72, 74, 75, 76, 71, 74, 73, 74, 74, 75, 74, 73, 72,
    73, 72, 72, 74, 74, 74, 73, 72, 73, 75, 74, 76, 76, 72, 75, 75, 72,
    73, 75, 72, 77, 75, 73, 74, 72, 74, 74, 72, 75, 71, 73, 72, 74, 74,
    74, 75, 74, 76, 76, 77, 78, 74, 76, 75, 75, 78, 76, 74, 73, 78, 76,
    75, 77, 77, 76, 74, 76, 77, 76, 74, 76, 77, 73, 74, 74, 75, 77, 74,
    74, 79, 76, 79, 78, 75, 77, 76, 76, 77, 75, 78, 79, 76, 78, 75, 77,
    76 ]
