%YAML:1.0
---
videoName: "headNod24.mp4"
gestureLabel: 202
fps: 29
pixelSizeInCmTemp: 3.1513157894736843e-01
faceCenterPointX: 272
faceCenterPointY: 72
headPositionsX: [ 271, 277, 276, 274, 275, 275, 274, 274, 275, 276, 274,
    274, 272, 277, 274, 274, 276, 272, 276, 272, 273, 275, 272, 271, 272,
    272, 273, 273, 273, 271, 274, 274, 274, 272, 271, 272, 275, 276, 273,
    272, 271, 273, 271, 273, 270, 275, 271, 274, 271, 272, 274, 274, 271,
    271, 271, 272, 275, 274, 274, 272, 272, 273, 268, 272, 273, 270, 270,
    270, 272, 271, 273, 270, 271, 271, 269, 271, 272, 271, 269, 272, 272,
    269, 270, 270, 270, 272, 268, 270, 272, 273, 271, 270, 272, 270, 271,
    271, 271, 271, 273, 273 ]
headPositionsY: [ 71, 74, 75, 74, 74, 73, 74, 71, 74, 71, 73, 72, 72, 72,
    71, 72, 72, 75, 71, 71, 75, 74, 73, 75, 72, 71, 75, 72, 75, 76, 73,
    73, 75, 73, 75, 73, 69, 70, 69, 71, 68, 72, 77, 82, 80, 81, 78, 73,
    69, 68, 69, 68, 67, 72, 73, 75, 76, 71, 69, 68, 64, 68, 67, 69, 73,
    72, 74, 78, 72, 71, 70, 67, 69, 68, 67, 73, 72, 74, 77, 77, 72, 74,
    72, 73, 72, 69, 69, 68, 70, 72, 71, 72, 73, 75, 74, 75, 72, 70, 69,
    70 ]
