%YAML:1.0
---
videoName: "headLookRight9.mp4"
gestureLabel: 204
fps: 29
pixelSizeInCmTemp: 2.8511904761904761e-01
faceCenterPointX: 217
faceCenterPointY: 75
headPositionsX: [ 218, 244, 244, 243, 245, 243, 243, 242, 244, 242, 242,
    243, 245, 245, 242, 242, 242, 245, 243, 242, 241, 241, 243, 244, 240,
    243, 244, 244, 245, 240, 244, 239, 236, 236, 234, 230, 228, 225, 220,
    220, 219, 217, 213, 216, 216, 214, 215, 214, 214, 217, 213, 215, 214,
    217, 213, 214, 214, 214, 217, 213, 211, 213, 218, 214, 221, 221, 213,
    216, 215, 215, 213, 209, 209, 217, 212, 213, 217, 215, 214, 219, 214,
    216, 213, 218, 218, 216, 216, 219, 217, 217, 216, 213, 215, 214, 212,
    216, 216, 220, 221, 218 ]
headPositionsY: [ 75, 73, 76, 72, 77, 72, 75, 72, 76, 73, 75, 73, 76, 75,
    74, 75, 72, 76, 73, 75, 74, 75, 73, 74, 76, 76, 76, 73, 75, 74, 73,
    76, 74, 76, 74, 72, 72, 74, 75, 75, 75, 72, 73, 80, 71, 70, 73, 73,
    71, 70, 73, 72, 72, 74, 76, 73, 74, 72, 71, 70, 72, 70, 73, 71, 76,
    77, 71, 73, 74, 72, 69, 80, 78, 71, 73, 74, 71, 72, 76, 74, 74, 69,
    74, 75, 71, 74, 70, 71, 75, 70, 78, 71, 75, 72, 69, 71, 75, 73, 74,
    78 ]
