%YAML:1.0
---
videoName: "headNod3.mp4"
gestureLabel: 202
fps: 29
pixelSizeInCmTemp: 3.1933333333333330e-01
faceCenterPointX: 264
faceCenterPointY: 76
headPositionsX: [ 264, 264, 264, 263, 262, 263, 267, 264, 263, 267, 266,
    268, 265, 265, 265, 264, 264, 264, 263, 264, 263, 267, 264, 264, 266,
    267, 265, 266, 265, 265, 264, 264, 266, 268, 264, 268, 268, 266, 267,
    264, 264, 263, 267, 267, 265, 263, 264, 264, 266, 264, 264, 267, 267,
    264, 263, 265, 264, 263, 261, 263, 263, 265, 262, 262, 264, 264, 263,
    264, 264, 263, 263, 265, 265, 265, 264, 261, 261, 265, 262, 264, 261,
    263, 265, 262, 263, 261, 263, 261, 263, 262, 262, 265, 262, 263, 263,
    266, 266, 265, 262, 265 ]
headPositionsY: [ 74, 74, 75, 75, 76, 75, 77, 78, 78, 74, 73, 72, 71, 73,
    72, 72, 74, 73, 74, 71, 73, 71, 74, 74, 73, 72, 74, 76, 75, 73, 74,
    75, 75, 76, 73, 76, 76, 76, 73, 74, 76, 75, 75, 72, 71, 68, 70, 66,
    64, 64, 67, 68, 73, 76, 76, 79, 83, 83, 82, 76, 74, 70, 70, 69, 67,
    67, 67, 70, 72, 76, 81, 83, 80, 80, 78, 72, 71, 70, 67, 68, 64, 68,
    69, 73, 73, 76, 77, 78, 80, 81, 79, 77, 77, 75, 76, 78, 76, 76, 74,
    76 ]
