%YAML:1.0
---
videoName: "headLookRight0.mp4"
gestureLabel: 204
fps: 29
pixelSizeInCmTemp: 3.1933333333333330e-01
faceCenterPointX: 229
faceCenterPointY: 68
headPositionsX: [ 228, 257, 255, 253, 254, 255, 256, 255, 254, 258, 257,
    257, 254, 256, 256, 256, 256, 256, 254, 258, 257, 256, 255, 254, 257,
    257, 255, 256, 254, 255, 255, 257, 253, 255, 254, 255, 253, 254, 254,
    255, 249, 250, 246, 245, 244, 241, 240, 237, 237, 233, 235, 233, 235,
    233, 233, 235, 231, 232, 233, 230, 236, 232, 232, 232, 233, 231, 232,
    235, 232, 232, 235, 237, 232, 233, 232, 230, 228, 229, 230, 230, 232,
    229, 233, 229, 231, 230, 231, 232, 231, 230, 229, 231, 228, 227, 227,
    229, 232, 233, 229, 227 ]
headPositionsY: [ 70, 66, 65, 66, 64, 65, 66, 65, 66, 66, 68, 65, 67, 69,
    68, 68, 66, 67, 67, 68, 70, 67, 67, 66, 68, 69, 66, 66, 69, 66, 65,
    66, 69, 65, 68, 68, 68, 70, 69, 66, 68, 66, 66, 65, 68, 67, 66, 70,
    66, 66, 68, 70, 65, 70, 71, 67, 68, 67, 69, 65, 66, 67, 70, 69, 67,
    67, 67, 69, 67, 66, 68, 70, 66, 70, 67, 68, 68, 68, 68, 67, 67, 69,
    69, 68, 67, 68, 70, 68, 65, 66, 66, 68, 71, 68, 66, 67, 68, 68, 66,
    67 ]
