%YAML:1.0
---
videoName: "headShake33.mp4"
gestureLabel: 201
fps: 29
pixelSizeInCmTemp: 3.2364864864864862e-01
faceCenterPointX: 244
faceCenterPointY: 84
headPositionsX: [ 243, 246, 244, 245, 246, 243, 244, 244, 244, 244, 243,
    244, 244, 243, 247, 245, 245, 243, 244, 246, 243, 249, 246, 252, 252,
    254, 257, 259, 258, 264, 263, 263, 262, 259, 260, 257, 255, 248, 246,
    239, 236, 233, 232, 232, 230, 227, 225, 228, 229, 232, 231, 236, 242,
    244, 251, 253, 258, 258, 257, 262, 260, 257, 259, 258, 255, 249, 248,
    244, 242, 240, 234, 234, 233, 231, 234, 235, 232, 231, 235, 238, 238,
    236, 242, 244, 244, 243, 244, 246, 246, 246, 247, 248, 247, 247, 245,
    245, 242, 244, 242, 242 ]
headPositionsY: [ 86, 85, 81, 81, 80, 82, 81, 83, 84, 82, 82, 84, 82, 84,
    81, 85, 81, 82, 81, 81, 81, 81, 84, 85, 82, 83, 81, 83, 82, 80, 81,
    82, 80, 84, 82, 84, 85, 82, 82, 84, 81, 81, 84, 81, 81, 84, 83, 81,
    82, 84, 84, 84, 85, 83, 85, 81, 80, 82, 79, 78, 80, 83, 84, 82, 83,
    82, 83, 84, 85, 82, 82, 82, 82, 80, 81, 84, 81, 81, 82, 82, 86, 84,
    83, 85, 85, 81, 81, 82, 82, 86, 82, 82, 84, 81, 84, 83, 83, 81, 81,
    81 ]
