%YAML:1.0
---
videoName: "headNod3.mp4"
gestureLabel: 202
fps: 29
pixelSizeInCmTemp: 3.1933333333333330e-01
faceCenterPointX: 264
faceCenterPointY: 76
headPositionsX: [ 266, 265, 262, 264, 265, 265, 265, 265, 264, 266, 268,
    267, 266, 266, 268, 264, 265, 266, 263, 267, 263, 264, 265, 264, 266,
    265, 265, 263, 267, 266, 265, 266, 268, 268, 267, 266, 264, 267, 264,
    268, 267, 264, 268, 263, 266, 266, 265, 266, 267, 267, 264, 265, 267,
    266, 266, 261, 263, 262, 262, 266, 266, 261, 264, 264, 265, 264, 263,
    267, 261, 264, 266, 265, 262, 266, 262, 265, 263, 263, 262, 263, 261,
    261, 265, 262, 265, 262, 263, 261, 265, 265, 264, 263, 263, 265, 263,
    264, 262, 263, 262, 265 ]
headPositionsY: [ 78, 75, 76, 74, 75, 77, 76, 74, 77, 72, 74, 73, 73, 71,
    75, 71, 72, 75, 73, 71, 70, 71, 72, 73, 72, 75, 76, 74, 74, 74, 72,
    74, 76, 74, 75, 77, 74, 75, 74, 74, 73, 72, 76, 73, 73, 70, 66, 67,
    66, 65, 67, 70, 73, 75, 76, 80, 83, 85, 84, 76, 76, 72, 69, 70, 65,
    68, 68, 74, 73, 79, 80, 83, 83, 78, 79, 75, 69, 67, 66, 67, 66, 65,
    70, 73, 75, 73, 75, 78, 78, 79, 76, 80, 76, 78, 78, 77, 75, 76, 76,
    75 ]
