%YAML:1.0
---
videoName: "headShake34.mp4"
gestureLabel: 201
fps: 29
pixelSizeInCmTemp: 3.2364864864864862e-01
faceCenterPointX: 263
faceCenterPointY: 83
headPositionsX: [ 264, 262, 266, 266, 264, 263, 266, 262, 261, 262, 262,
    262, 266, 263, 265, 266, 265, 263, 264, 265, 263, 262, 266, 264, 265,
    263, 262, 266, 263, 265, 264, 266, 264, 263, 266, 267, 266, 267, 270,
    270, 271, 273, 276, 278, 277, 276, 276, 275, 277, 277, 272, 271, 265,
    259, 257, 251, 250, 254, 251, 255, 256, 260, 265, 265, 270, 268, 271,
    269, 265, 261, 259, 253, 257, 254, 257, 259, 258, 261, 264, 265, 263,
    266, 264, 263, 263, 265, 266, 265, 263, 263, 267, 266, 265, 264, 263,
    265, 262, 262, 264, 262 ]
headPositionsY: [ 81, 83, 85, 85, 82, 83, 80, 82, 84, 84, 85, 81, 85, 83,
    81, 81, 82, 85, 81, 83, 83, 82, 85, 82, 81, 81, 84, 84, 82, 82, 83,
    84, 82, 85, 83, 82, 83, 81, 84, 82, 83, 84, 80, 81, 82, 82, 82, 82,
    82, 83, 80, 85, 81, 83, 83, 79, 82, 83, 80, 82, 82, 82, 81, 80, 84,
    83, 84, 85, 85, 81, 85, 81, 82, 81, 82, 85, 84, 82, 83, 84, 81, 83,
    81, 81, 82, 86, 82, 82, 83, 83, 82, 85, 83, 85, 83, 84, 84, 85, 86,
    86 ]
