%YAML:1.0
---
videoName: "headNod3.mp4"
gestureLabel: 202
fps: 29
pixelSizeInCmTemp: 3.1933333333333330e-01
faceCenterPointX: 264
faceCenterPointY: 76
headPositionsX: [ 263, 266, 264, 264, 262, 263, 267, 262, 264, 264, 268,
    267, 267, 266, 264, 264, 264, 268, 265, 264, 266, 263, 267, 263, 263,
    265, 265, 265, 265, 264, 267, 265, 265, 264, 264, 265, 267, 267, 268,
    265, 264, 263, 264, 263, 267, 267, 267, 264, 266, 265, 266, 263, 266,
    264, 264, 261, 266, 263, 265, 262, 266, 262, 261, 265, 264, 266, 263,
    266, 265, 262, 265, 264, 263, 262, 265, 262, 264, 265, 264, 266, 263,
    261, 264, 266, 263, 265, 266, 263, 262, 265, 265, 265, 265, 265, 264,
    264, 264, 267, 266, 263 ]
headPositionsY: [ 77, 78, 79, 76, 77, 75, 78, 75, 77, 76, 74, 74, 72, 75,
    71, 74, 72, 75, 75, 73, 73, 72, 74, 71, 75, 71, 74, 73, 76, 75, 74,
    74, 73, 72, 73, 74, 73, 75, 75, 75, 73, 73, 77, 72, 74, 67, 69, 64,
    64, 68, 70, 70, 70, 76, 78, 80, 83, 83, 81, 77, 77, 71, 70, 67, 67,
    65, 70, 73, 75, 78, 82, 83, 79, 78, 76, 73, 69, 71, 66, 64, 66, 65,
    68, 69, 75, 74, 77, 81, 81, 81, 77, 77, 77, 78, 78, 77, 75, 77, 75,
    75 ]
