%YAML:1.0
---
videoName: "headShake5.mp4"
gestureLabel: 201
fps: 30
pixelSizeInCmTemp: 3.3263888888888887e-01
faceCenterPointX: 275
faceCenterPointY: 73
headPositionsX: [ 275, 276, 277, 275, 279, 276, 281, 276, 277, 279, 278,
    276, 280, 279, 278, 276, 280, 276, 276, 280, 278, 276, 280, 276, 279,
    275, 279, 278, 277, 276, 277, 279, 279, 281, 282, 286, 290, 295, 297,
    298, 293, 294, 289, 286, 280, 274, 266, 262, 263, 263, 270, 276, 281,
    287, 292, 292, 290, 282, 282, 272, 270, 262, 264, 264, 265, 271, 275,
    280, 281, 284, 285, 281, 279, 278, 274, 270, 269, 269, 268, 268, 270,
    274, 276, 276, 281, 281, 280, 284, 280, 283, 279, 278, 276, 274, 276,
    274, 277, 274, 277, 275 ]
headPositionsY: [ 72, 73, 75, 73, 75, 74, 76, 74, 71, 71, 74, 73, 73, 72,
    76, 71, 72, 72, 75, 74, 73, 71, 74, 74, 74, 75, 72, 72, 76, 72, 72,
    72, 74, 73, 71, 71, 73, 71, 74, 74, 74, 72, 71, 72, 75, 74, 74, 73,
    74, 73, 74, 75, 76, 74, 71, 72, 75, 72, 77, 73, 74, 72, 75, 73, 75,
    75, 75, 76, 71, 76, 76, 75, 76, 75, 73, 75, 74, 72, 74, 74, 76, 74,
    72, 71, 75, 75, 70, 71, 74, 73, 72, 74, 74, 72, 72, 73, 71, 72, 71,
    75 ]
