%YAML:1.0
---
videoName: "headNod7.mp4"
gestureLabel: 202
fps: 29
pixelSizeInCmTemp: 3.2808219178082193e-01
faceCenterPointX: 261
faceCenterPointY: 71
headPositionsX: [ 262, 267, 263, 267, 264, 263, 265, 266, 264, 261, 263,
    264, 263, 262, 261, 261, 261, 264, 263, 262, 263, 260, 262, 261, 263,
    265, 264, 263, 262, 264, 261, 264, 259, 261, 263, 259, 260, 263, 259,
    261, 263, 263, 262, 263, 262, 263, 259, 262, 259, 263, 263, 262, 262,
    263, 261, 263, 262, 263, 262, 261, 262, 261, 264, 259, 263, 261, 261,
    263, 259, 261, 262, 259, 261, 261, 261, 262, 261, 259, 264, 263, 264,
    261, 261, 262, 262, 261, 262, 264, 261, 261, 262, 260, 261, 262, 264,
    259, 262, 263, 263, 263 ]
headPositionsY: [ 73, 76, 75, 74, 77, 73, 77, 71, 72, 73, 73, 71, 72, 72,
    73, 73, 76, 76, 77, 75, 74, 74, 73, 76, 74, 78, 75, 75, 78, 77, 76,
    75, 76, 75, 76, 75, 75, 76, 75, 77, 73, 77, 75, 74, 76, 75, 78, 74,
    75, 71, 68, 71, 69, 70, 72, 73, 76, 82, 80, 79, 75, 69, 72, 70, 69,
    71, 72, 77, 81, 78, 77, 75, 74, 73, 69, 72, 68, 69, 73, 71, 74, 77,
    78, 76, 79, 78, 74, 75, 73, 71, 73, 69, 70, 72, 69, 69, 70, 70, 72,
    69 ]
