%YAML:1.0
---
videoName: "headLookRight2.mp4"
gestureLabel: 204
fps: 29
pixelSizeInCmTemp: 3.8015873015873014e-01
faceCenterPointX: 228
faceCenterPointY: 68
headPositionsX: [ 226, 251, 253, 251, 253, 253, 252, 251, 252, 252, 249,
    252, 251, 249, 252, 250, 252, 252, 251, 251, 254, 253, 252, 252, 251,
    253, 255, 252, 250, 252, 252, 254, 255, 255, 253, 250, 256, 253, 251,
    255, 253, 255, 254, 255, 251, 251, 251, 249, 251, 251, 249, 246, 246,
    241, 240, 237, 236, 235, 233, 231, 227, 226, 229, 230, 229, 225, 229,
    229, 222, 225, 227, 230, 227, 230, 228, 228, 230, 231, 227, 231, 229,
    232, 231, 227, 227, 226, 229, 227, 226, 225, 228, 230, 231, 231, 229,
    230, 230, 229, 227, 230 ]
headPositionsY: [ 68, 65, 66, 67, 66, 69, 70, 68, 70, 69, 70, 67, 71, 68,
    70, 68, 68, 72, 70, 67, 67, 67, 70, 70, 71, 70, 71, 71, 71, 70, 72,
    71, 70, 67, 70, 69, 68, 67, 67, 69, 67, 67, 67, 69, 68, 68, 68, 69,
    67, 67, 69, 69, 71, 66, 67, 68, 71, 71, 67, 72, 66, 68, 68, 67, 69,
    68, 70, 69, 73, 70, 71, 68, 69, 68, 70, 71, 69, 70, 71, 70, 67, 71,
    71, 74, 70, 70, 71, 72, 70, 66, 72, 69, 69, 69, 67, 68, 71, 69, 69,
    68 ]
