%YAML:1.0
---
videoName: "headLookDown7.mp4"
gestureLabel: 206
fps: 30
pixelSizeInCmTemp: 3.3732394366197183e-01
faceCenterPointX: 274
faceCenterPointY: 95
headPositionsX: [ 275, 276, 272, 273, 271, 275, 272, 275, 273, 273, 273,
    273, 275, 275, 276, 276, 272, 273, 274, 273, 272, 271, 272, 273, 276,
    276, 274, 272, 273, 276, 276, 273, 274, 274, 273, 273, 275, 272, 272,
    275, 272, 272, 273, 273, 274, 271, 275, 274, 272, 272, 273, 276, 272,
    272, 273, 276, 277, 274, 274, 277, 275, 276, 272, 272, 276, 273, 272,
    272, 273, 272, 272, 275, 274, 275, 275, 273, 276, 275, 274, 275, 274,
    275, 276, 275, 277, 275, 278, 274, 275, 277, 274, 277, 278, 273, 277,
    277, 277, 273, 272, 273 ]
headPositionsY: [ 97, 82, 81, 80, 84, 82, 81, 81, 83, 83, 82, 82, 82, 80,
    83, 84, 82, 83, 81, 82, 82, 82, 83, 80, 84, 83, 84, 81, 82, 85, 83,
    81, 83, 84, 84, 84, 83, 84, 85, 82, 85, 83, 85, 81, 84, 83, 81, 82,
    83, 87, 84, 86, 87, 86, 86, 91, 91, 93, 93, 94, 93, 93, 96, 93, 95,
    96, 94, 93, 96, 96, 96, 95, 93, 93, 97, 96, 96, 95, 96, 97, 98, 97,
    97, 95, 95, 96, 98, 95, 96, 99, 98, 94, 96, 98, 95, 95, 96, 98, 96,
    95 ]
