%YAML:1.0
---
videoName: "headNod10.mp4"
gestureLabel: 202
fps: 29
pixelSizeInCmTemp: 3.2808219178082193e-01
faceCenterPointX: 260
faceCenterPointY: 67
headPositionsX: [ 259, 259, 257, 259, 259, 257, 259, 256, 257, 260, 260,
    258, 260, 256, 257, 259, 260, 259, 259, 258, 260, 258, 261, 257, 260,
    261, 258, 259, 258, 259, 260, 261, 257, 259, 257, 257, 258, 260, 260,
    259, 257, 257, 257, 261, 260, 263, 258, 262, 261, 261, 262, 260, 260,
    262, 259, 259, 258, 260, 258, 262, 260, 258, 260, 263, 261, 261, 262,
    258, 260, 261, 260, 260, 257, 259, 258, 259, 257, 259, 260, 257, 257,
    259, 259, 259, 259, 260, 259, 261, 259, 261, 259, 259, 260, 258, 261,
    259, 258, 260, 258, 259 ]
headPositionsY: [ 65, 69, 69, 68, 68, 71, 69, 69, 69, 68, 70, 72, 68, 68,
    72, 71, 69, 71, 72, 68, 70, 72, 68, 68, 72, 68, 71, 69, 71, 68, 69,
    72, 73, 72, 69, 71, 72, 72, 69, 69, 72, 73, 69, 70, 67, 69, 63, 60,
    60, 61, 66, 67, 68, 72, 73, 74, 73, 73, 70, 68, 67, 66, 63, 64, 64,
    70, 72, 73, 75, 74, 75, 71, 69, 67, 63, 64, 67, 69, 71, 73, 75, 75,
    73, 73, 71, 73, 66, 68, 69, 69, 65, 67, 66, 68, 66, 68, 65, 66, 66,
    70 ]
