%YAML:1.0
---
videoName: "headLookLeft2.mp4"
gestureLabel: 203
fps: 29
pixelSizeInCmTemp: 3.6846153846153845e-01
faceCenterPointX: 278
faceCenterPointY: 74
headPositionsX: [ 276, 258, 259, 257, 259, 257, 260, 257, 258, 261, 259,
    260, 260, 258, 262, 261, 260, 262, 260, 261, 263, 265, 268, 269, 267,
    269, 269, 271, 272, 278, 279, 276, 274, 277, 280, 282, 281, 279, 277,
    277, 279, 278, 281, 280, 278, 279, 279, 283, 283, 279, 278, 280, 280,
    278, 277, 278, 281, 272, 277, 279, 281, 279, 278, 282, 278, 280, 282,
    282, 282, 279, 278, 279, 283, 276, 278, 281, 275, 281, 279, 281, 279,
    282, 279, 280, 281, 279, 283, 278, 278, 281, 281, 278, 284, 282, 276,
    281, 282, 282, 286, 281 ]
headPositionsY: [ 72, 76, 77, 74, 75, 75, 77, 77, 78, 78, 75, 76, 73, 76,
    77, 78, 77, 77, 77, 77, 74, 75, 75, 74, 76, 74, 72, 74, 77, 74, 75,
    72, 72, 74, 75, 75, 74, 75, 74, 75, 76, 77, 74, 72, 76, 77, 74, 74,
    76, 76, 72, 77, 72, 74, 75, 76, 74, 73, 73, 77, 73, 75, 76, 75, 75,
    72, 76, 78, 77, 74, 75, 75, 73, 72, 72, 73, 74, 75, 74, 76, 72, 75,
    74, 75, 74, 70, 72, 76, 72, 72, 77, 75, 74, 76, 72, 75, 75, 73, 74,
    74 ]
