%YAML:1.0
---
videoName: "headShake14.mp4"
gestureLabel: 201
fps: 29
pixelSizeInCmTemp: 3.2364864864864862e-01
faceCenterPointX: 244
faceCenterPointY: 76
headPositionsX: [ 246, 248, 247, 245, 245, 247, 244, 247, 245, 246, 244,
    243, 244, 244, 247, 245, 243, 247, 243, 245, 246, 243, 242, 246, 245,
    245, 249, 252, 256, 259, 263, 259, 262, 257, 256, 249, 245, 239, 235,
    228, 225, 223, 228, 228, 230, 236, 244, 247, 250, 258, 256, 256, 251,
    252, 247, 242, 237, 234, 233, 234, 234, 236, 237, 240, 240, 243, 243,
    249, 247, 248, 247, 251, 248, 250, 245, 242, 246, 241, 239, 240, 241,
    239, 242, 240, 239, 243, 245, 246, 244, 245, 247, 245, 243, 247, 243,
    247, 244, 243, 243, 241 ]
headPositionsY: [ 77, 77, 73, 76, 78, 76, 78, 77, 76, 74, 77, 77, 76, 76,
    75, 74, 75, 73, 74, 77, 73, 74, 73, 78, 74, 75, 74, 74, 72, 74, 71,
    75, 71, 75, 76, 77, 75, 76, 77, 76, 77, 76, 74, 73, 75, 75, 73, 74,
    71, 73, 72, 74, 75, 75, 73, 74, 77, 77, 76, 73, 77, 76, 75, 76, 74,
    77, 76, 78, 75, 76, 75, 78, 76, 75, 77, 77, 74, 77, 73, 74, 76, 76,
    77, 76, 75, 77, 76, 78, 78, 79, 77, 75, 75, 75, 74, 77, 75, 77, 79,
    77 ]
