%YAML:1.0
---
videoName: "headShake14.mp4"
gestureLabel: 201
fps: 29
pixelSizeInCmTemp: 3.2364864864864862e-01
faceCenterPointX: 244
faceCenterPointY: 76
headPositionsX: [ 242, 247, 245, 247, 247, 243, 248, 245, 243, 245, 243,
    243, 247, 243, 243, 246, 244, 245, 246, 245, 244, 243, 245, 245, 245,
    249, 251, 252, 255, 260, 259, 263, 261, 258, 258, 249, 249, 239, 235,
    229, 228, 223, 227, 226, 230, 237, 245, 249, 254, 258, 256, 257, 252,
    252, 248, 244, 238, 236, 235, 233, 233, 235, 233, 239, 242, 244, 242,
    245, 250, 251, 248, 251, 249, 250, 245, 246, 245, 243, 241, 238, 239,
    238, 242, 240, 241, 243, 241, 242, 242, 243, 247, 247, 246, 244, 244,
    243, 244, 246, 244, 244 ]
headPositionsY: [ 76, 77, 77, 77, 77, 74, 76, 74, 77, 77, 74, 76, 77, 74,
    74, 77, 76, 74, 74, 77, 75, 78, 77, 74, 76, 73, 75, 73, 74, 73, 73,
    71, 74, 73, 74, 74, 74, 77, 74, 77, 76, 76, 77, 76, 76, 73, 77, 74,
    73, 74, 73, 72, 75, 74, 74, 76, 77, 78, 75, 76, 76, 77, 73, 73, 78,
    74, 74, 76, 74, 77, 78, 75, 77, 78, 78, 76, 75, 73, 73, 74, 73, 74,
    76, 75, 76, 77, 74, 75, 77, 79, 76, 78, 77, 77, 74, 75, 76, 75, 79,
    77 ]
