%YAML:1.0
---
videoName: "headShake17.mp4"
gestureLabel: 201
fps: 29
pixelSizeInCmTemp: 3.3263888888888887e-01
faceCenterPointX: 242
faceCenterPointY: 76
headPositionsX: [ 244, 237, 236, 236, 238, 241, 238, 240, 244, 247, 253,
    253, 259, 256, 259, 256, 255, 250, 244, 242, 237, 235, 227, 229, 228,
    228, 227, 230, 233, 240, 246, 245, 249, 251, 255, 255, 254, 254, 248,
    245, 240, 241, 238, 236, 233, 230, 230, 235, 235, 235, 239, 240, 244,
    245, 242, 243, 244, 246, 244, 241, 241, 242, 239, 240, 239, 237, 242,
    239, 242, 240, 237, 243, 239, 241, 238, 243, 242, 241, 239, 239, 241,
    243, 243, 243, 240, 240, 243, 241, 240, 239, 241, 244, 243, 240, 240,
    243, 240, 242, 242, 242 ]
headPositionsY: [ 77, 77, 73, 77, 77, 74, 74, 78, 74, 75, 74, 73, 73, 74,
    75, 75, 74, 76, 76, 78, 75, 78, 77, 77, 74, 78, 74, 75, 76, 78, 78,
    77, 77, 76, 74, 75, 74, 77, 77, 78, 78, 77, 77, 77, 77, 76, 75, 77,
    79, 75, 74, 78, 76, 78, 75, 79, 77, 79, 78, 79, 74, 79, 78, 76, 77,
    75, 77, 76, 75, 75, 74, 78, 74, 77, 78, 76, 76, 76, 75, 75, 79, 74,
    76, 74, 77, 73, 78, 75, 74, 75, 74, 75, 76, 75, 78, 78, 74, 76, 78,
    74 ]
