%YAML:1.0
---
videoName: "headLookLeft6.mp4"
gestureLabel: 203
fps: 29
pixelSizeInCmTemp: 3.2808219178082193e-01
faceCenterPointX: 267
faceCenterPointY: 69
headPositionsX: [ 269, 244, 245, 245, 244, 243, 248, 246, 245, 245, 248,
    243, 245, 246, 245, 246, 244, 247, 248, 245, 245, 245, 247, 246, 244,
    248, 246, 248, 253, 251, 252, 259, 257, 262, 263, 264, 265, 268, 267,
    271, 268, 267, 270, 267, 269, 271, 271, 271, 270, 269, 267, 265, 271,
    268, 269, 268, 267, 270, 268, 267, 268, 267, 266, 266, 271, 265, 269,
    267, 266, 267, 266, 266, 266, 266, 263, 267, 267, 269, 271, 269, 266,
    269, 266, 266, 266, 269, 269, 269, 266, 268, 267, 268, 265, 266, 266,
    269, 265, 266, 270, 265 ]
headPositionsY: [ 67, 70, 73, 73, 73, 71, 73, 70, 69, 74, 71, 71, 74, 73,
    70, 72, 72, 72, 73, 74, 74, 70, 70, 70, 71, 71, 74, 72, 71, 70, 72,
    72, 72, 70, 69, 68, 72, 69, 68, 71, 71, 72, 68, 69, 71, 70, 67, 71,
    69, 73, 67, 69, 70, 69, 69, 68, 72, 70, 71, 68, 68, 67, 68, 70, 72,
    69, 71, 71, 72, 71, 71, 69, 69, 68, 66, 68, 72, 68, 73, 71, 69, 69,
    71, 71, 69, 69, 68, 71, 73, 73, 71, 68, 71, 68, 69, 67, 70, 66, 69,
    68 ]
