%YAML:1.0
---
videoName: "headNod45.mp4"
gestureLabel: 202
fps: 30
pixelSizeInCmTemp: 3.0316455696202532e-01
faceCenterPointX: 265
faceCenterPointY: 77
headPositionsX: [ 266, 268, 267, 270, 269, 269, 267, 267, 270, 267, 268,
    266, 267, 267, 266, 269, 270, 267, 267, 266, 267, 268, 268, 270, 268,
    266, 269, 266, 266, 266, 264, 264, 267, 265, 266, 265, 263, 266, 265,
    267, 265, 267, 266, 267, 266, 264, 264, 266, 266, 268, 265, 266, 265,
    267, 267, 264, 269, 267, 265, 267, 269, 267, 265, 266, 266, 267, 266,
    268, 265, 265, 264, 268, 268, 265, 264, 264, 264, 266, 268, 266, 267,
    265, 266, 264, 268, 268, 269, 267, 264, 267, 264, 264, 266, 267, 264,
    265, 267, 266, 265, 264 ]
headPositionsY: [ 75, 74, 76, 78, 75, 77, 77, 73, 76, 76, 74, 75, 76, 73,
    76, 75, 78, 76, 79, 83, 84, 86, 93, 93, 90, 91, 91, 88, 79, 76, 71,
    71, 70, 65, 68, 65, 66, 72, 75, 79, 81, 85, 89, 90, 91, 91, 89, 82,
    82, 78, 74, 73, 71, 73, 76, 74, 80, 82, 84, 88, 86, 82, 79, 77, 78,
    72, 71, 74, 73, 77, 79, 78, 85, 87, 87, 88, 87, 83, 80, 80, 76, 75,
    76, 75, 77, 80, 79, 79, 81, 77, 77, 80, 80, 78, 78, 77, 78, 77, 79,
    77 ]
