%YAML:1.0
---
videoName: "headLookLeft4.mp4"
gestureLabel: 203
fps: 29
pixelSizeInCmTemp: 3.4710144927536229e-01
faceCenterPointX: 288
faceCenterPointY: 74
headPositionsX: [ 290, 266, 266, 265, 264, 264, 267, 269, 274, 274, 275,
    278, 280, 284, 285, 287, 294, 292, 298, 294, 294, 291, 293, 296, 293,
    294, 294, 298, 298, 293, 294, 295, 293, 295, 291, 292, 292, 295, 297,
    291, 290, 291, 292, 295, 296, 289, 287, 290, 289, 292, 293, 288, 292,
    290, 292, 289, 287, 289, 286, 290, 288, 290, 292, 290, 287, 292, 287,
    290, 287, 288, 290, 290, 290, 294, 288, 291, 291, 287, 295, 292, 293,
    291, 290, 292, 292, 291, 288, 291, 290, 291, 291, 287, 291, 287, 292,
    287, 290, 288, 289, 288 ]
headPositionsY: [ 72, 81, 81, 80, 77, 81, 81, 79, 77, 76, 77, 80, 79, 78,
    75, 79, 75, 76, 74, 79, 74, 77, 74, 75, 76, 77, 77, 78, 75, 77, 78,
    80, 79, 77, 73, 77, 82, 74, 74, 78, 77, 72, 74, 73, 74, 75, 76, 74,
    73, 77, 74, 72, 75, 73, 76, 73, 75, 74, 74, 76, 76, 74, 74, 74, 75,
    77, 76, 75, 74, 76, 74, 72, 73, 78, 76, 74, 75, 72, 79, 75, 75, 73,
    78, 74, 72, 73, 73, 73, 73, 75, 77, 76, 77, 74, 74, 76, 76, 72, 74,
    76 ]
