%YAML:1.0
---
videoName: "headShake49.mp4"
gestureLabel: 201
fps: 30
pixelSizeInCmTemp: 2.8855421686746985e-01
faceCenterPointX: 259
faceCenterPointY: 84
headPositionsX: [ 258, 262, 259, 261, 259, 262, 263, 260, 262, 261, 261,
    261, 261, 263, 262, 261, 262, 260, 263, 261, 259, 263, 262, 262, 263,
    260, 259, 261, 263, 262, 260, 262, 262, 265, 267, 272, 278, 282, 281,
    283, 282, 278, 273, 265, 258, 250, 249, 247, 252, 255, 260, 270, 272,
    272, 274, 268, 260, 257, 249, 251, 249, 251, 256, 259, 264, 270, 268,
    268, 264, 262, 254, 253, 252, 255, 258, 261, 264, 270, 271, 267, 268,
    261, 263, 261, 257, 257, 257, 261, 257, 258, 257, 260, 257, 262, 258,
    257, 260, 260, 260, 260 ]
headPositionsY: [ 83, 83, 80, 79, 80, 80, 78, 82, 82, 80, 81, 82, 83, 82,
    80, 79, 81, 82, 83, 82, 80, 81, 82, 81, 81, 78, 78, 82, 79, 78, 84,
    79, 81, 83, 83, 83, 78, 81, 77, 82, 80, 79, 82, 85, 85, 85, 81, 85,
    85, 86, 84, 85, 83, 81, 83, 82, 86, 86, 86, 84, 85, 86, 83, 85, 87,
    83, 85, 83, 86, 86, 86, 86, 85, 82, 82, 86, 86, 85, 84, 83, 84, 86,
    83, 84, 86, 83, 84, 84, 83, 86, 85, 83, 85, 84, 86, 86, 87, 86, 84,
    85 ]
