%YAML:1.0
---
videoName: "headLookDown8.mp4"
gestureLabel: 206
fps: 29
pixelSizeInCmTemp: 3.3732394366197183e-01
faceCenterPointX: 276
faceCenterPointY: 96
headPositionsX: [ 278, 275, 275, 272, 276, 277, 273, 274, 274, 277, 276,
    277, 273, 273, 274, 273, 275, 277, 275, 276, 276, 273, 278, 272, 276,
    275, 275, 276, 273, 276, 272, 276, 276, 277, 275, 276, 276, 274, 275,
    273, 276, 277, 273, 275, 274, 277, 275, 273, 273, 276, 278, 278, 278,
    274, 277, 276, 274, 276, 277, 278, 277, 276, 277, 275, 274, 276, 275,
    273, 276, 277, 278, 278, 277, 276, 274, 274, 275, 276, 276, 277, 278,
    278, 276, 274, 275, 277, 275, 276, 274, 279, 277, 278, 276, 278, 274,
    276, 274, 278, 274, 275 ]
headPositionsY: [ 95, 77, 78, 80, 78, 82, 82, 79, 79, 79, 78, 79, 81, 79,
    78, 81, 80, 79, 77, 79, 78, 80, 81, 77, 79, 80, 81, 81, 78, 82, 79,
    79, 82, 80, 81, 84, 83, 85, 86, 89, 86, 88, 91, 92, 91, 90, 95, 93,
    93, 96, 97, 99, 98, 95, 96, 96, 97, 97, 97, 95, 98, 100, 100, 100,
    100, 97, 97, 98, 96, 98, 96, 96, 97, 96, 95, 99, 96, 98, 96, 98, 97,
    98, 98, 94, 98, 97, 94, 98, 97, 99, 95, 98, 97, 96, 95, 94, 95, 95,
    94, 96 ]
