%YAML:1.0
---
videoName: "headShake22.mp4"
gestureLabel: 201
fps: 29
pixelSizeInCmTemp: 3.2364864864864862e-01
faceCenterPointX: 241
faceCenterPointY: 79
headPositionsX: [ 241, 240, 243, 241, 243, 242, 241, 240, 241, 241, 244,
    242, 242, 241, 240, 242, 240, 242, 243, 244, 240, 245, 243, 241, 245,
    244, 244, 242, 243, 244, 245, 242, 243, 243, 241, 245, 240, 245, 244,
    244, 245, 241, 241, 240, 240, 242, 241, 240, 243, 242, 242, 244, 243,
    243, 241, 243, 240, 243, 241, 240, 243, 244, 241, 241, 239, 240, 242,
    242, 242, 250, 252, 254, 255, 256, 255, 251, 244, 242, 239, 237, 236,
    237, 241, 242, 247, 248, 245, 245, 244, 243, 239, 242, 242, 238, 238,
    241, 240, 241, 242, 240 ]
headPositionsY: [ 81, 76, 74, 78, 79, 73, 78, 77, 74, 78, 77, 77, 77, 77,
    77, 77, 74, 78, 75, 77, 76, 75, 74, 76, 78, 75, 78, 78, 74, 76, 78,
    77, 77, 77, 78, 74, 74, 77, 78, 76, 80, 74, 76, 76, 78, 75, 75, 75,
    78, 77, 76, 75, 79, 78, 76, 75, 77, 77, 79, 75, 79, 76, 78, 78, 78,
    75, 76, 78, 75, 76, 78, 76, 77, 76, 75, 77, 75, 79, 75, 76, 75, 75,
    78, 76, 78, 79, 77, 78, 78, 78, 77, 80, 78, 79, 80, 78, 81, 76, 78,
    79 ]
