%YAML:1.0
---
videoName: "headLookLeft5.mp4"
gestureLabel: 203
fps: 30
pixelSizeInCmTemp: 3.5746268656716418e-01
faceCenterPointX: 284
faceCenterPointY: 67
headPositionsX: [ 282, 261, 257, 262, 260, 258, 261, 261, 258, 261, 258,
    259, 262, 262, 262, 262, 260, 262, 264, 263, 262, 265, 270, 270, 269,
    273, 277, 276, 276, 278, 283, 285, 286, 282, 286, 285, 286, 288, 284,
    287, 283, 284, 285, 285, 286, 287, 285, 287, 286, 285, 289, 285, 286,
    281, 286, 281, 283, 284, 283, 283, 285, 283, 283, 281, 284, 283, 285,
    281, 285, 284, 283, 284, 284, 286, 284, 287, 289, 286, 286, 286, 284,
    285, 288, 285, 286, 286, 283, 285, 283, 289, 283, 285, 284, 283, 287,
    286, 282, 283, 283, 282 ]
headPositionsY: [ 69, 72, 69, 73, 74, 70, 69, 73, 72, 71, 71, 72, 70, 72,
    70, 69, 72, 71, 73, 73, 71, 74, 73, 70, 71, 68, 68, 69, 67, 69, 69,
    67, 68, 68, 70, 70, 70, 71, 69, 71, 70, 67, 65, 69, 67, 71, 68, 70,
    70, 71, 66, 67, 71, 68, 69, 69, 69, 67, 69, 69, 69, 66, 70, 67, 67,
    67, 68, 68, 66, 70, 71, 70, 67, 67, 68, 70, 68, 68, 71, 66, 67, 67,
    67, 68, 68, 71, 69, 68, 67, 69, 66, 68, 71, 70, 70, 67, 68, 67, 68,
    66 ]
