%YAML:1.0
---
videoName: "headShake27.mp4"
gestureLabel: 201
fps: 29
pixelSizeInCmTemp: 3.3263888888888887e-01
faceCenterPointX: 244
faceCenterPointY: 78
headPositionsX: [ 244, 245, 247, 250, 249, 253, 252, 256, 256, 257, 254,
    255, 254, 255, 251, 248, 247, 244, 245, 240, 242, 239, 235, 236, 236,
    235, 230, 231, 230, 233, 231, 234, 235, 235, 236, 238, 238, 241, 245,
    247, 246, 246, 248, 251, 251, 249, 251, 251, 250, 249, 246, 242, 241,
    243, 239, 236, 233, 235, 233, 233, 230, 235, 234, 235, 233, 236, 235,
    240, 242, 238, 244, 246, 244, 244, 249, 248, 250, 247, 250, 249, 247,
    248, 245, 248, 248, 246, 247, 246, 243, 244, 243, 243, 243, 242, 246,
    245, 245, 244, 244, 244 ]
headPositionsY: [ 76, 78, 78, 76, 77, 77, 77, 78, 78, 78, 74, 77, 77, 74,
    77, 76, 81, 76, 77, 76, 81, 76, 76, 81, 78, 77, 80, 78, 80, 78, 79,
    81, 80, 77, 79, 77, 80, 80, 78, 79, 78, 80, 80, 78, 78, 80, 78, 78,
    79, 79, 81, 78, 78, 80, 77, 78, 81, 80, 79, 77, 77, 76, 78, 80, 80,
    80, 80, 78, 79, 78, 78, 78, 77, 79, 78, 80, 78, 78, 81, 78, 77, 79,
    81, 81, 79, 81, 78, 79, 78, 81, 82, 79, 81, 78, 82, 78, 77, 81, 77,
    79 ]
