%YAML:1.0
---
videoName: "headNod29.mp4"
gestureLabel: 202
fps: 29
pixelSizeInCmTemp: 3.1933333333333330e-01
faceCenterPointX: 271
faceCenterPointY: 70
headPositionsX: [ 270, 271, 272, 274, 273, 276, 275, 271, 274, 272, 271,
    273, 272, 273, 270, 270, 272, 273, 275, 273, 274, 275, 271, 272, 270,
    273, 272, 270, 272, 269, 272, 268, 273, 271, 271, 270, 268, 272, 273,
    269, 270, 268, 268, 273, 273, 269, 269, 272, 273, 272, 273, 274, 273,
    269, 271, 272, 268, 270, 268, 269, 269, 270, 268, 269, 272, 268, 268,
    270, 270, 269, 271, 273, 271, 273, 272, 273, 271, 272, 273, 270, 272,
    269, 272, 272, 272, 271, 273, 269, 269, 269, 269, 273, 273, 269, 268,
    272, 270, 272, 269, 272 ]
headPositionsY: [ 68, 72, 74, 72, 76, 75, 76, 80, 79, 81, 79, 78, 78, 73,
    70, 70, 69, 66, 68, 68, 69, 69, 67, 71, 72, 77, 76, 79, 80, 82, 80,
    78, 78, 75, 70, 72, 73, 70, 73, 73, 73, 76, 78, 80, 79, 79, 77, 75,
    76, 71, 71, 75, 76, 77, 83, 82, 81, 79, 76, 73, 77, 75, 73, 74, 79,
    78, 80, 80, 73, 73, 73, 73, 69, 68, 69, 72, 70, 74, 75, 75, 78, 77,
    73, 73, 70, 73, 69, 71, 69, 70, 71, 69, 69, 73, 70, 71, 68, 71, 69,
    72 ]
