%YAML:1.0
---
videoName: "headShake5.mp4"
gestureLabel: 201
fps: 30
pixelSizeInCmTemp: 3.3263888888888887e-01
faceCenterPointX: 275
faceCenterPointY: 73
headPositionsX: [ 276, 278, 276, 276, 278, 277, 281, 276, 276, 277, 280,
    276, 277, 279, 278, 280, 276, 278, 277, 277, 280, 277, 278, 277, 279,
    278, 280, 279, 278, 278, 277, 277, 277, 280, 281, 286, 290, 294, 295,
    297, 295, 295, 291, 285, 280, 270, 265, 263, 262, 265, 269, 274, 280,
    285, 288, 291, 287, 284, 282, 276, 268, 265, 264, 264, 269, 268, 276,
    281, 285, 284, 286, 281, 283, 279, 271, 271, 266, 269, 268, 266, 271,
    273, 272, 279, 280, 280, 284, 282, 280, 282, 281, 277, 277, 278, 275,
    277, 273, 273, 274, 273 ]
headPositionsY: [ 73, 71, 71, 74, 72, 73, 73, 74, 71, 75, 72, 71, 76, 75,
    75, 71, 75, 75, 74, 72, 74, 71, 74, 72, 75, 74, 72, 72, 74, 74, 74,
    75, 71, 72, 72, 73, 70, 74, 72, 73, 70, 72, 71, 71, 74, 73, 74, 72,
    74, 71, 72, 76, 74, 72, 74, 72, 74, 76, 77, 76, 78, 72, 74, 74, 72,
    75, 76, 72, 73, 73, 73, 73, 73, 75, 72, 73, 74, 72, 71, 74, 74, 70,
    71, 72, 74, 72, 73, 73, 73, 72, 72, 71, 71, 71, 73, 73, 71, 75, 71,
    75 ]
