%YAML:1.0
---
videoName: "headShake31.mp4"
gestureLabel: 201
fps: 29
pixelSizeInCmTemp: 3.2808219178082193e-01
faceCenterPointX: 236
faceCenterPointY: 68
headPositionsX: [ 238, 238, 238, 235, 238, 239, 235, 235, 236, 235, 239,
    235, 237, 238, 235, 235, 235, 239, 238, 238, 238, 236, 235, 237, 234,
    238, 236, 237, 235, 236, 235, 236, 238, 239, 234, 236, 235, 238, 243,
    243, 250, 251, 254, 250, 252, 251, 244, 237, 234, 224, 220, 222, 223,
    225, 226, 231, 239, 242, 245, 245, 247, 243, 239, 239, 234, 230, 229,
    229, 229, 229, 232, 238, 238, 239, 241, 243, 245, 243, 239, 240, 237,
    235, 235, 237, 233, 236, 234, 233, 236, 235, 236, 238, 234, 236, 235,
    238, 235, 237, 237, 237 ]
headPositionsY: [ 70, 67, 67, 69, 66, 67, 68, 67, 65, 66, 67, 67, 66, 68,
    68, 69, 69, 67, 68, 66, 68, 67, 68, 69, 65, 69, 69, 67, 68, 66, 68,
    69, 69, 69, 68, 69, 67, 66, 68, 65, 64, 67, 65, 67, 66, 66, 69, 67,
    68, 67, 69, 67, 68, 69, 71, 71, 69, 71, 68, 67, 68, 69, 67, 68, 71,
    68, 71, 67, 69, 72, 68, 68, 67, 67, 67, 67, 70, 67, 67, 70, 68, 68,
    71, 71, 70, 71, 66, 68, 67, 67, 70, 68, 69, 68, 66, 71, 67, 70, 69,
    69 ]
