%YAML:1.0
---
videoName: "headShake46.mp4"
gestureLabel: 201
fps: 30
pixelSizeInCmTemp: 3.2364864864864862e-01
faceCenterPointX: 262
faceCenterPointY: 85
headPositionsX: [ 264, 258, 261, 258, 260, 260, 259, 258, 259, 258, 259,
    262, 258, 261, 263, 259, 262, 260, 261, 259, 261, 260, 263, 261, 263,
    259, 261, 257, 258, 260, 263, 269, 270, 275, 280, 276, 276, 274, 268,
    257, 253, 251, 248, 251, 254, 262, 269, 271, 271, 265, 264, 258, 252,
    256, 257, 261, 261, 267, 268, 269, 267, 264, 261, 255, 256, 260, 265,
    265, 270, 270, 269, 264, 261, 258, 260, 262, 262, 261, 263, 265, 262,
    263, 262, 260, 259, 263, 262, 258, 259, 261, 260, 262, 262, 260, 261,
    264, 261, 262, 259, 262 ]
headPositionsY: [ 85, 82, 84, 82, 86, 86, 82, 84, 85, 82, 86, 84, 82, 83,
    86, 82, 84, 87, 85, 86, 82, 86, 86, 84, 86, 85, 83, 84, 86, 86, 85,
    82, 83, 83, 83, 80, 85, 85, 85, 86, 86, 82, 83, 86, 83, 86, 83, 84,
    86, 84, 86, 85, 85, 85, 87, 84, 85, 87, 82, 83, 86, 83, 88, 84, 83,
    87, 83, 84, 84, 84, 84, 84, 86, 84, 84, 87, 83, 83, 86, 83, 83, 86,
    85, 85, 85, 84, 86, 87, 83, 82, 83, 84, 87, 86, 87, 84, 83, 85, 82,
    85 ]
