%YAML:1.0
---
videoName: "headNod12.mp4"
gestureLabel: 202
fps: 29
pixelSizeInCmTemp: 3.2808219178082193e-01
faceCenterPointX: 254
faceCenterPointY: 69
headPositionsX: [ 256, 255, 253, 256, 253, 251, 255, 253, 253, 254, 257,
    259, 253, 257, 258, 259, 253, 258, 256, 256, 255, 254, 257, 257, 256,
    254, 259, 256, 256, 253, 256, 254, 258, 252, 256, 252, 255, 257, 253,
    256, 255, 253, 255, 253, 254, 258, 257, 253, 255, 253, 252, 253, 253,
    252, 252, 251, 253, 252, 256, 255, 253, 252, 253, 255, 256, 253, 255,
    257, 254, 255, 253, 255, 252, 252, 254, 253, 254, 254, 254, 254, 254,
    254, 254, 254, 256, 254, 256, 254, 252, 255, 253, 253, 254, 254, 253,
    255, 253, 253, 253, 256 ]
headPositionsY: [ 67, 72, 73, 75, 73, 70, 75, 74, 75, 76, 75, 75, 72, 74,
    71, 72, 73, 71, 71, 73, 74, 72, 74, 71, 73, 75, 72, 74, 72, 73, 75,
    74, 73, 73, 74, 71, 72, 68, 65, 62, 62, 60, 65, 61, 63, 64, 67, 73,
    74, 74, 79, 81, 78, 79, 74, 73, 73, 69, 64, 65, 65, 61, 62, 64, 67,
    66, 67, 70, 72, 73, 76, 74, 75, 72, 72, 68, 71, 68, 70, 64, 66, 65,
    68, 64, 68, 71, 68, 70, 73, 73, 76, 72, 75, 70, 71, 70, 70, 71, 69,
    71 ]
