%YAML:1.0
---
videoName: "headNod11.mp4"
gestureLabel: 202
fps: 29
pixelSizeInCmTemp: 3.2364864864864862e-01
faceCenterPointX: 261
faceCenterPointY: 75
headPositionsX: [ 259, 261, 260, 258, 258, 257, 260, 259, 256, 260, 257,
    260, 259, 258, 259, 258, 260, 259, 258, 261, 259, 262, 260, 260, 261,
    262, 258, 262, 261, 259, 259, 259, 263, 261, 260, 258, 263, 262, 262,
    259, 260, 260, 261, 260, 258, 261, 260, 260, 258, 263, 260, 262, 259,
    261, 259, 260, 263, 262, 257, 260, 258, 259, 258, 256, 258, 257, 259,
    259, 256, 260, 259, 255, 257, 259, 258, 257, 256, 258, 257, 256, 259,
    259, 258, 259, 260, 260, 257, 258, 259, 259, 262, 261, 260, 259, 261,
    262, 260, 260, 262, 262 ]
headPositionsY: [ 75, 76, 73, 74, 73, 75, 76, 73, 74, 74, 73, 74, 75, 74,
    76, 76, 74, 72, 73, 76, 75, 75, 74, 74, 76, 74, 75, 73, 76, 74, 76,
    74, 73, 75, 76, 74, 75, 75, 73, 74, 77, 74, 74, 77, 76, 74, 75, 73,
    73, 70, 67, 66, 68, 68, 70, 69, 76, 76, 79, 80, 81, 77, 79, 74, 72,
    71, 67, 70, 69, 73, 73, 76, 80, 79, 80, 80, 78, 76, 76, 72, 73, 68,
    73, 72, 76, 77, 80, 79, 81, 82, 80, 77, 79, 77, 75, 78, 76, 75, 78,
    77 ]
