%YAML:1.0
---
videoName: "headNod31.mp4"
gestureLabel: 202
fps: 29
pixelSizeInCmTemp: 2.8855421686746985e-01
faceCenterPointX: 267
faceCenterPointY: 75
headPositionsX: [ 269, 269, 270, 270, 268, 272, 272, 272, 269, 268, 272,
    268, 272, 272, 268, 268, 267, 267, 266, 266, 267, 264, 265, 264, 268,
    265, 265, 266, 266, 269, 269, 268, 270, 269, 270, 267, 270, 270, 266,
    270, 268, 266, 270, 267, 265, 265, 268, 268, 269, 269, 265, 267, 268,
    264, 268, 265, 267, 266, 268, 267, 264, 266, 264, 265, 266, 267, 264,
    267, 269, 267, 264, 267, 264, 265, 264, 269, 267, 268, 264, 267, 267,
    266, 266, 267, 268, 267, 268, 266, 265, 268, 268, 265, 268, 268, 266,
    267, 266, 269, 269, 264 ]
headPositionsY: [ 76, 76, 74, 72, 76, 75, 73, 65, 66, 67, 68, 65, 67, 65,
    74, 80, 80, 83, 87, 87, 86, 84, 80, 75, 76, 70, 74, 73, 67, 70, 69,
    71, 71, 75, 77, 81, 84, 86, 89, 88, 87, 82, 80, 75, 75, 72, 75, 74,
    75, 76, 82, 83, 84, 82, 82, 79, 78, 73, 71, 71, 69, 68, 67, 71, 73,
    74, 77, 77, 77, 81, 80, 78, 76, 74, 73, 73, 69, 69, 73, 70, 73, 73,
    77, 78, 79, 78, 75, 75, 73, 72, 76, 74, 76, 73, 76, 75, 74, 77, 77,
    74 ]
