%YAML:1.0
---
videoName: "headLookUp4.mp4"
gestureLabel: 205
fps: 30
pixelSizeInCmTemp: 3.6846153846153845e-01
faceCenterPointX: 256
faceCenterPointY: 68
headPositionsX: [ 257, 254, 258, 257, 257, 255, 256, 255, 255, 257, 255,
    257, 256, 254, 255, 256, 256, 256, 257, 254, 256, 258, 258, 258, 258,
    257, 257, 257, 255, 257, 255, 258, 253, 254, 254, 255, 255, 257, 255,
    257, 253, 254, 258, 253, 257, 256, 257, 254, 256, 253, 253, 254, 254,
    256, 258, 257, 258, 254, 254, 256, 256, 254, 256, 258, 258, 254, 254,
    257, 256, 254, 258, 257, 258, 256, 256, 256, 254, 254, 256, 254, 253,
    255, 256, 258, 254, 258, 259, 253, 256, 256, 255, 257, 256, 257, 255,
    256, 255, 258, 254, 257 ]
headPositionsY: [ 66, 84, 80, 82, 84, 82, 81, 85, 81, 81, 83, 84, 83, 81,
    81, 80, 80, 84, 84, 83, 83, 79, 79, 82, 77, 78, 75, 75, 73, 71, 72,
    70, 70, 72, 67, 65, 66, 66, 69, 68, 68, 72, 70, 69, 70, 69, 69, 71,
    68, 67, 67, 71, 68, 71, 70, 68, 66, 68, 66, 72, 67, 67, 68, 68, 70,
    70, 72, 68, 72, 69, 70, 67, 67, 68, 68, 67, 68, 70, 66, 69, 70, 70,
    69, 69, 67, 67, 72, 69, 68, 68, 70, 69, 70, 68, 71, 70, 70, 68, 69,
    71 ]
