%YAML:1.0
---
videoName: "headNod36.mp4"
gestureLabel: 202
fps: 29
pixelSizeInCmTemp: 2.8176470588235292e-01
faceCenterPointX: 269
faceCenterPointY: 75
headPositionsX: [ 269, 272, 273, 272, 270, 268, 268, 269, 268, 273, 271,
    269, 271, 270, 271, 270, 271, 271, 268, 272, 271, 269, 272, 269, 271,
    270, 268, 270, 268, 272, 272, 268, 271, 269, 268, 269, 270, 268, 269,
    265, 268, 266, 270, 269, 269, 268, 272, 271, 268, 272, 270, 268, 271,
    272, 269, 269, 269, 271, 269, 269, 269, 268, 267, 266, 266, 270, 266,
    269, 268, 267, 266, 268, 267, 268, 269, 267, 270, 269, 270, 266, 270,
    270, 267, 268, 267, 267, 270, 269, 272, 268, 272, 267, 272, 270, 267,
    272, 270, 270, 269, 268 ]
headPositionsY: [ 76, 73, 74, 76, 73, 74, 75, 73, 73, 75, 76, 76, 72, 74,
    74, 73, 72, 74, 73, 78, 78, 76, 81, 77, 73, 76, 70, 67, 65, 66, 65,
    65, 70, 74, 80, 85, 89, 89, 92, 87, 87, 78, 75, 75, 75, 70, 67, 70,
    70, 67, 67, 72, 80, 80, 85, 89, 87, 85, 86, 81, 81, 78, 76, 72, 72,
    72, 76, 77, 81, 81, 84, 80, 78, 80, 77, 72, 76, 76, 79, 79, 83, 83,
    83, 83, 85, 81, 83, 80, 80, 76, 77, 75, 78, 77, 74, 76, 77, 76, 76,
    73 ]
