%YAML:1.0
---
videoName: "headLookUp7.mp4"
gestureLabel: 205
fps: 29
pixelSizeInCmTemp: 3.6846153846153845e-01
faceCenterPointX: 257
faceCenterPointY: 70
headPositionsX: [ 255, 259, 255, 258, 255, 258, 257, 258, 254, 258, 259,
    258, 254, 257, 257, 256, 257, 255, 255, 258, 258, 254, 254, 256, 254,
    259, 258, 258, 258, 257, 257, 255, 255, 253, 255, 255, 259, 253, 258,
    258, 257, 254, 256, 257, 254, 254, 258, 258, 253, 255, 253, 257, 256,
    255, 258, 255, 258, 256, 255, 253, 254, 258, 257, 258, 255, 259, 254,
    258, 257, 256, 258, 254, 258, 257, 257, 255, 254, 254, 255, 256, 254,
    258, 255, 259, 254, 258, 254, 255, 254, 258, 255, 256, 255, 259, 259,
    257, 257, 255, 256, 259 ]
headPositionsY: [ 68, 82, 84, 81, 85, 83, 80, 84, 82, 84, 82, 82, 85, 83,
    81, 83, 80, 82, 83, 81, 80, 76, 77, 78, 74, 72, 72, 69, 72, 67, 70,
    72, 72, 71, 71, 68, 67, 70, 71, 68, 68, 69, 68, 66, 66, 68, 67, 69,
    68, 71, 68, 65, 70, 69, 70, 69, 66, 71, 70, 67, 68, 68, 70, 70, 68,
    70, 70, 68, 69, 69, 70, 68, 70, 70, 71, 69, 68, 68, 68, 69, 69, 70,
    69, 69, 69, 67, 68, 72, 70, 72, 68, 67, 67, 72, 67, 72, 70, 68, 71,
    68 ]
