%YAML:1.0
---
videoName: "headLookLeft3.mp4"
gestureLabel: 203
fps: 29
pixelSizeInCmTemp: 3.4214285714285714e-01
faceCenterPointX: 290
faceCenterPointY: 74
headPositionsX: [ 289, 265, 261, 266, 266, 265, 264, 266, 270, 269, 271,
    273, 279, 276, 281, 280, 284, 287, 288, 288, 290, 288, 295, 292, 284,
    287, 295, 290, 286, 285, 288, 288, 289, 291, 288, 291, 281, 289, 293,
    289, 290, 285, 288, 298, 288, 287, 289, 286, 289, 289, 291, 290, 288,
    289, 288, 287, 287, 287, 290, 294, 289, 288, 290, 290, 288, 289, 287,
    290, 286, 288, 288, 287, 289, 286, 288, 287, 287, 290, 287, 285, 289,
    289, 289, 287, 289, 287, 288, 289, 285, 290, 284, 285, 288, 290, 286,
    283, 290, 288, 290, 284 ]
headPositionsY: [ 74, 76, 75, 76, 75, 76, 79, 79, 75, 76, 75, 76, 75, 75,
    77, 73, 75, 77, 74, 76, 73, 73, 77, 76, 74, 70, 75, 77, 72, 73, 72,
    74, 73, 76, 72, 74, 75, 73, 72, 72, 71, 71, 74, 75, 74, 74, 75, 73,
    76, 72, 72, 71, 75, 74, 75, 74, 74, 75, 73, 77, 72, 73, 74, 71, 73,
    74, 71, 73, 75, 73, 75, 73, 72, 71, 74, 76, 75, 77, 75, 72, 75, 73,
    73, 72, 73, 71, 76, 72, 71, 77, 75, 74, 72, 76, 76, 76, 76, 73, 72,
    76 ]
