%YAML:1.0
---
videoName: "headNod26.mp4"
gestureLabel: 202
fps: 29
pixelSizeInCmTemp: 3.1513157894736843e-01
faceCenterPointX: 271
faceCenterPointY: 78
headPositionsX: [ 272, 274, 273, 269, 272, 273, 272, 269, 271, 274, 272,
    274, 272, 272, 272, 271, 274, 274, 271, 274, 271, 273, 274, 273, 270,
    274, 271, 270, 269, 272, 272, 269, 270, 271, 273, 271, 270, 274, 273,
    272, 270, 272, 271, 273, 270, 270, 273, 274, 268, 272, 273, 272, 272,
    274, 272, 273, 270, 272, 273, 272, 274, 274, 274, 273, 272, 272, 270,
    273, 272, 274, 272, 274, 273, 273, 274, 270, 271, 271, 269, 273, 270,
    270, 269, 272, 273, 273, 270, 270, 272, 271, 269, 270, 269, 273, 269,
    269, 273, 268, 269, 271 ]
headPositionsY: [ 79, 72, 74, 75, 75, 71, 70, 72, 67, 65, 64, 66, 63, 65,
    68, 67, 70, 69, 75, 75, 77, 81, 82, 84, 85, 80, 79, 73, 70, 68, 67,
    69, 69, 66, 69, 69, 75, 73, 78, 77, 81, 76, 79, 76, 72, 72, 68, 71,
    69, 70, 68, 71, 73, 74, 73, 78, 75, 77, 73, 69, 72, 68, 69, 69, 68,
    67, 70, 69, 73, 70, 73, 76, 77, 78, 78, 76, 71, 69, 67, 71, 67, 69,
    71, 69, 71, 76, 74, 77, 77, 81, 77, 80, 79, 78, 77, 78, 77, 77, 76,
    78 ]
