%YAML:1.0
---
videoName: "headShake1.mp4"
gestureLabel: 201
fps: 29
pixelSizeInCmTemp: 3.3263888888888887e-01
faceCenterPointX: 279
faceCenterPointY: 98
headPositionsX: [ 277, 278, 278, 280, 280, 279, 278, 278, 279, 280, 281,
    279, 281, 279, 277, 278, 279, 277, 277, 278, 278, 277, 277, 279, 280,
    277, 278, 278, 280, 283, 283, 289, 292, 294, 295, 292, 293, 286, 284,
    281, 280, 272, 271, 271, 270, 268, 270, 275, 280, 284, 286, 292, 291,
    292, 291, 287, 283, 280, 274, 271, 266, 265, 268, 270, 272, 277, 281,
    284, 292, 293, 290, 290, 288, 289, 282, 281, 276, 275, 271, 271, 271,
    272, 272, 272, 274, 274, 277, 276, 276, 278, 277, 280, 279, 282, 280,
    278, 278, 278, 278, 278 ]
headPositionsY: [ 100, 99, 96, 99, 97, 99, 96, 98, 96, 99, 97, 99, 97,
    96, 98, 95, 95, 98, 95, 98, 95, 100, 96, 95, 97, 98, 96, 98, 96, 97,
    99, 95, 98, 94, 96, 94, 97, 93, 94, 98, 98, 96, 98, 97, 95, 98, 97,
    95, 95, 95, 98, 95, 97, 94, 97, 95, 95, 97, 95, 98, 96, 96, 95, 97,
    99, 96, 98, 94, 95, 93, 95, 97, 96, 99, 96, 98, 98, 99, 98, 98, 95,
    97, 95, 96, 96, 97, 97, 99, 95, 97, 100, 96, 98, 96, 98, 97, 96, 97,
    95, 100 ]
