%YAML:1.0
---
videoName: "headShake14.mp4"
gestureLabel: 201
fps: 29
pixelSizeInCmTemp: 3.2364864864864862e-01
faceCenterPointX: 244
faceCenterPointY: 76
headPositionsX: [ 242, 245, 247, 248, 243, 245, 244, 246, 244, 247, 245,
    244, 245, 244, 243, 246, 246, 243, 246, 244, 244, 243, 243, 245, 247,
    247, 249, 251, 256, 258, 260, 260, 263, 261, 256, 253, 245, 239, 235,
    229, 228, 222, 229, 230, 231, 238, 243, 248, 251, 255, 258, 258, 253,
    251, 248, 241, 237, 234, 235, 235, 233, 235, 233, 238, 239, 244, 244,
    249, 247, 247, 250, 248, 249, 249, 246, 243, 245, 243, 240, 242, 242,
    237, 240, 241, 239, 243, 245, 245, 243, 247, 245, 247, 246, 244, 246,
    244, 242, 242, 242, 241 ]
headPositionsY: [ 78, 76, 74, 75, 77, 78, 78, 77, 77, 76, 77, 78, 75, 74,
    76, 76, 74, 74, 77, 74, 73, 76, 77, 76, 75, 77, 75, 75, 71, 75, 71,
    75, 72, 76, 76, 77, 75, 76, 76, 76, 74, 75, 75, 73, 75, 75, 75, 76,
    72, 72, 73, 71, 73, 74, 74, 73, 74, 76, 73, 77, 73, 75, 76, 77, 78,
    77, 78, 75, 74, 75, 77, 74, 78, 79, 76, 74, 75, 77, 73, 74, 75, 76,
    75, 75, 74, 75, 78, 78, 78, 77, 77, 75, 74, 77, 76, 74, 75, 74, 79,
    76 ]
