%YAML:1.0
---
videoName: "headNod17.mp4"
gestureLabel: 202
fps: 30
pixelSizeInCmTemp: 3.2808219178082193e-01
faceCenterPointX: 253
faceCenterPointY: 76
headPositionsX: [ 252, 255, 257, 255, 255, 254, 253, 253, 257, 257, 255,
    254, 256, 254, 253, 254, 257, 255, 257, 255, 254, 255, 254, 253, 255,
    254, 254, 258, 256, 257, 254, 255, 256, 258, 257, 257, 256, 254, 257,
    257, 254, 254, 251, 253, 251, 253, 251, 252, 253, 251, 254, 254, 255,
    256, 255, 253, 253, 254, 255, 254, 255, 257, 257, 257, 253, 254, 257,
    252, 255, 253, 255, 256, 254, 254, 253, 255, 257, 253, 251, 253, 252,
    257, 253, 252, 256, 252, 253, 255, 254, 254, 255, 254, 255, 253, 257,
    256, 254, 252, 252, 256 ]
headPositionsY: [ 76, 76, 78, 76, 79, 79, 77, 77, 75, 76, 77, 79, 76, 79,
    76, 76, 79, 79, 76, 75, 74, 77, 74, 75, 73, 68, 67, 69, 67, 67, 64,
    64, 66, 69, 71, 71, 72, 72, 73, 78, 79, 80, 83, 84, 87, 86, 83, 82,
    81, 77, 76, 74, 74, 73, 73, 69, 71, 70, 68, 72, 70, 70, 72, 77, 79,
    78, 79, 78, 80, 81, 80, 75, 74, 76, 75, 77, 77, 78, 80, 79, 75, 77,
    78, 75, 76, 78, 76, 79, 79, 79, 78, 78, 76, 76, 77, 76, 80, 75, 74,
    79 ]
