%YAML:1.0
---
videoName: "headNod21.mp4"
gestureLabel: 202
fps: 29
pixelSizeInCmTemp: 3.2808219178082193e-01
faceCenterPointX: 253
faceCenterPointY: 78
headPositionsX: [ 252, 257, 257, 256, 254, 257, 256, 255, 256, 253, 253,
    257, 256, 254, 257, 256, 257, 256, 256, 254, 254, 257, 256, 257, 255,
    257, 253, 255, 257, 256, 254, 255, 255, 255, 255, 258, 255, 258, 256,
    254, 254, 255, 258, 254, 257, 254, 255, 254, 253, 254, 253, 255, 254,
    253, 255, 256, 255, 255, 253, 255, 253, 255, 255, 254, 252, 251, 250,
    250, 251, 254, 251, 250, 253, 251, 250, 248, 250, 252, 250, 252, 249,
    251, 249, 250, 251, 250, 251, 254, 254, 251, 253, 254, 251, 253, 254,
    254, 254, 252, 254, 256 ]
headPositionsY: [ 76, 81, 79, 81, 80, 78, 77, 76, 79, 79, 80, 76, 80, 78,
    80, 81, 78, 77, 79, 77, 78, 78, 77, 80, 78, 79, 80, 81, 78, 82, 83,
    83, 82, 82, 77, 76, 73, 76, 77, 80, 77, 84, 82, 86, 83, 79, 78, 77,
    79, 75, 81, 80, 83, 84, 84, 81, 80, 77, 79, 77, 78, 82, 83, 82, 85,
    83, 77, 78, 77, 76, 74, 79, 81, 79, 81, 84, 82, 79, 78, 76, 75, 76,
    78, 81, 79, 78, 80, 79, 79, 77, 80, 79, 78, 79, 79, 81, 76, 79, 81,
    78 ]
