%YAML:1.0
---
videoName: "headNod1.mp4"
gestureLabel: 202
fps: 29
pixelSizeInCmTemp: 3.2808219178082193e-01
faceCenterPointX: 263
faceCenterPointY: 78
headPositionsX: [ 265, 261, 264, 264, 265, 263, 261, 265, 261, 263, 264,
    266, 263, 264, 261, 262, 265, 266, 265, 265, 265, 262, 264, 264, 264,
    262, 265, 264, 266, 265, 263, 263, 264, 265, 262, 263, 262, 262, 264,
    267, 266, 266, 265, 267, 266, 264, 267, 264, 263, 262, 264, 263, 262,
    265, 260, 263, 262, 261, 263, 262, 263, 264, 261, 264, 264, 265, 266,
    264, 264, 265, 264, 265, 265, 265, 263, 264, 264, 261, 264, 261, 262,
    262, 261, 261, 261, 262, 262, 263, 262, 262, 262, 261, 260, 263, 264,
    264, 261, 263, 262, 265 ]
headPositionsY: [ 76, 75, 75, 76, 74, 74, 77, 73, 74, 73, 76, 73, 76, 75,
    72, 76, 73, 73, 75, 74, 76, 76, 77, 75, 77, 75, 76, 74, 76, 74, 77,
    77, 72, 75, 72, 71, 68, 70, 65, 65, 62, 62, 65, 65, 67, 68, 68, 68,
    73, 75, 75, 80, 80, 83, 81, 80, 78, 78, 76, 73, 70, 66, 64, 64, 64,
    67, 68, 72, 76, 77, 79, 76, 77, 76, 71, 71, 69, 67, 67, 66, 66, 69,
    70, 71, 75, 74, 79, 80, 79, 82, 81, 84, 78, 81, 80, 76, 79, 77, 77,
    78 ]
