%YAML:1.0
---
videoName: "headShake29.mp4"
gestureLabel: 201
fps: 29
pixelSizeInCmTemp: 3.3263888888888887e-01
faceCenterPointX: 243
faceCenterPointY: 76
headPositionsX: [ 241, 242, 241, 245, 243, 240, 240, 243, 244, 241, 241,
    245, 242, 242, 242, 242, 244, 240, 244, 243, 241, 242, 243, 240, 239,
    239, 238, 237, 237, 241, 241, 248, 251, 254, 256, 254, 257, 254, 248,
    243, 239, 234, 233, 226, 229, 232, 233, 236, 243, 247, 249, 251, 253,
    252, 247, 246, 240, 238, 233, 233, 227, 231, 233, 233, 237, 240, 248,
    249, 252, 254, 251, 253, 248, 244, 244, 241, 236, 236, 234, 231, 232,
    236, 233, 235, 237, 237, 239, 242, 240, 240, 243, 243, 244, 241, 245,
    246, 243, 241, 240, 244 ]
headPositionsY: [ 77, 74, 75, 74, 74, 74, 75, 77, 76, 77, 76, 78, 74, 76,
    77, 74, 77, 77, 78, 74, 77, 76, 76, 74, 74, 75, 76, 77, 74, 76, 75,
    76, 75, 75, 73, 73, 76, 77, 74, 78, 76, 75, 76, 77, 75, 74, 74, 75,
    77, 79, 76, 77, 77, 76, 76, 79, 74, 78, 75, 79, 76, 77, 77, 78, 80,
    78, 76, 76, 76, 77, 77, 75, 74, 76, 77, 75, 77, 77, 78, 77, 77, 75,
    77, 76, 78, 75, 77, 78, 78, 74, 73, 80, 79, 74, 79, 79, 77, 78, 77,
    79 ]
