%YAML:1.0
---
videoName: "headLookRight0.mp4"
gestureLabel: 204
fps: 29
pixelSizeInCmTemp: 3.1933333333333330e-01
faceCenterPointX: 229
faceCenterPointY: 68
headPositionsX: [ 229, 258, 256, 254, 257, 256, 257, 256, 257, 257, 258,
    257, 257, 255, 255, 256, 255, 257, 257, 258, 257, 256, 257, 256, 256,
    253, 257, 255, 256, 258, 253, 256, 257, 253, 258, 257, 256, 256, 252,
    253, 249, 247, 246, 247, 240, 242, 240, 235, 237, 234, 235, 234, 234,
    231, 235, 235, 235, 235, 234, 232, 232, 231, 234, 235, 232, 232, 231,
    235, 231, 234, 233, 237, 231, 236, 233, 230, 232, 229, 229, 232, 236,
    230, 231, 229, 230, 229, 234, 229, 230, 229, 229, 229, 232, 230, 230,
    227, 232, 232, 228, 228 ]
headPositionsY: [ 68, 66, 66, 67, 63, 67, 65, 65, 64, 67, 67, 67, 69, 69,
    67, 66, 64, 67, 69, 68, 70, 67, 67, 68, 69, 67, 69, 65, 67, 70, 67,
    70, 68, 68, 70, 66, 67, 69, 69, 66, 69, 69, 65, 67, 65, 67, 67, 69,
    68, 67, 69, 70, 65, 69, 69, 69, 70, 68, 70, 68, 68, 66, 68, 70, 69,
    66, 65, 68, 69, 68, 65, 69, 67, 68, 67, 66, 69, 65, 69, 68, 69, 68,
    69, 65, 66, 67, 69, 66, 66, 69, 68, 68, 71, 67, 69, 67, 70, 65, 66,
    68 ]
