%YAML:1.0
---
videoName: "headLookLeft7.mp4"
gestureLabel: 203
fps: 29
pixelSizeInCmTemp: 3.4214285714285714e-01
faceCenterPointX: 268
faceCenterPointY: 68
headPositionsX: [ 266, 247, 248, 245, 248, 246, 246, 245, 247, 243, 247,
    246, 243, 244, 244, 244, 246, 247, 247, 244, 244, 245, 244, 247, 244,
    247, 246, 246, 244, 248, 248, 249, 251, 256, 258, 260, 261, 262, 261,
    266, 266, 267, 268, 266, 268, 270, 269, 265, 265, 270, 268, 266, 268,
    268, 266, 267, 269, 266, 265, 269, 267, 269, 266, 268, 268, 269, 268,
    271, 266, 267, 267, 265, 269, 268, 268, 266, 267, 266, 266, 271, 266,
    270, 269, 268, 268, 269, 269, 269, 264, 271, 272, 266, 271, 270, 271,
    272, 268, 270, 270, 271 ]
headPositionsY: [ 68, 70, 70, 67, 71, 70, 68, 68, 71, 68, 69, 69, 70, 71,
    73, 71, 68, 68, 71, 70, 71, 69, 71, 72, 71, 69, 69, 71, 72, 69, 71,
    69, 69, 67, 69, 68, 67, 68, 67, 70, 68, 67, 70, 66, 65, 70, 70, 66,
    68, 70, 67, 67, 66, 68, 66, 68, 71, 66, 65, 70, 71, 70, 70, 70, 70,
    68, 68, 70, 68, 71, 71, 69, 70, 71, 68, 69, 69, 67, 69, 69, 68, 69,
    69, 67, 67, 66, 66, 66, 68, 70, 69, 67, 69, 68, 68, 72, 66, 66, 72,
    70 ]
