%YAML:1.0
---
videoName: "headShake47.mp4"
gestureLabel: 201
fps: 29
pixelSizeInCmTemp: 3.2364864864864862e-01
faceCenterPointX: 258
faceCenterPointY: 86
headPositionsX: [ 259, 259, 260, 261, 259, 261, 258, 258, 258, 261, 260,
    259, 259, 261, 259, 262, 259, 262, 258, 259, 257, 259, 259, 263, 261,
    259, 258, 263, 262, 260, 261, 262, 258, 257, 257, 256, 255, 251, 249,
    247, 247, 252, 251, 254, 261, 267, 268, 267, 267, 263, 257, 258, 252,
    253, 254, 259, 264, 262, 265, 266, 263, 255, 253, 250, 252, 253, 255,
    261, 266, 264, 263, 261, 257, 252, 255, 252, 258, 258, 260, 264, 263,
    260, 257, 258, 254, 253, 253, 254, 256, 256, 256, 256, 255, 257, 260,
    256, 255, 257, 259, 258 ]
headPositionsY: [ 84, 86, 86, 87, 87, 83, 85, 82, 87, 85, 87, 87, 86, 86,
    85, 86, 85, 85, 85, 86, 82, 85, 83, 85, 87, 86, 84, 86, 84, 86, 87,
    86, 85, 87, 86, 86, 86, 86, 86, 86, 88, 87, 88, 87, 87, 87, 86, 86,
    90, 87, 90, 88, 87, 88, 88, 90, 91, 86, 90, 88, 90, 90, 89, 86, 85,
    87, 88, 86, 89, 89, 90, 87, 86, 86, 88, 86, 87, 85, 89, 89, 85, 89,
    86, 86, 85, 86, 85, 84, 86, 87, 84, 85, 86, 86, 88, 87, 84, 89, 84,
    88 ]
