%YAML:1.0
---
videoName: "headNod6.mp4"
gestureLabel: 202
fps: 29
pixelSizeInCmTemp: 3.1513157894736843e-01
faceCenterPointX: 262
faceCenterPointY: 73
headPositionsX: [ 260, 260, 261, 262, 261, 261, 262, 260, 262, 260, 262,
    263, 262, 261, 262, 261, 262, 259, 261, 264, 261, 263, 261, 263, 263,
    260, 264, 260, 263, 261, 264, 263, 261, 262, 264, 263, 264, 263, 261,
    262, 265, 262, 259, 260, 262, 263, 259, 260, 262, 263, 260, 262, 261,
    259, 262, 262, 260, 261, 263, 260, 259, 262, 258, 261, 262, 262, 258,
    259, 259, 261, 260, 261, 259, 262, 263, 259, 262, 259, 263, 261, 259,
    264, 260, 260, 263, 262, 260, 262, 263, 263, 261, 260, 260, 261, 260,
    262, 262, 263, 263, 264 ]
headPositionsY: [ 73, 72, 72, 75, 72, 74, 75, 75, 72, 75, 73, 73, 71, 72,
    75, 76, 74, 75, 75, 75, 71, 74, 74, 74, 72, 73, 76, 75, 74, 76, 72,
    76, 71, 69, 66, 68, 65, 65, 65, 67, 74, 77, 83, 81, 84, 80, 76, 74,
    70, 70, 67, 70, 70, 78, 82, 83, 82, 83, 77, 71, 72, 70, 69, 68, 71,
    73, 75, 80, 83, 80, 79, 72, 70, 70, 65, 66, 64, 69, 69, 74, 81, 82,
    83, 85, 80, 78, 75, 75, 72, 70, 71, 69, 72, 69, 71, 71, 70, 73, 71,
    72 ]
