%YAML:1.0
---
videoName: "headLookLeft9.mp4"
gestureLabel: 203
fps: 30
pixelSizeInCmTemp: 3.2364864864864862e-01
faceCenterPointX: 273
faceCenterPointY: 69
headPositionsX: [ 273, 248, 245, 250, 246, 246, 248, 248, 244, 244, 247,
    248, 247, 247, 246, 247, 248, 245, 244, 246, 245, 247, 244, 247, 247,
    245, 243, 245, 245, 244, 244, 248, 249, 250, 252, 253, 252, 256, 261,
    261, 266, 267, 270, 269, 264, 267, 274, 271, 268, 272, 273, 271, 273,
    269, 271, 269, 275, 271, 273, 270, 271, 270, 270, 272, 272, 274, 270,
    269, 272, 270, 271, 271, 271, 271, 275, 271, 274, 270, 270, 270, 273,
    269, 267, 272, 272, 268, 270, 272, 271, 272, 274, 272, 271, 271, 270,
    273, 269, 273, 272, 270 ]
headPositionsY: [ 68, 70, 72, 71, 73, 70, 73, 69, 68, 70, 72, 73, 69, 70,
    72, 73, 72, 69, 70, 72, 69, 72, 73, 72, 72, 73, 70, 72, 73, 69, 71,
    72, 73, 69, 69, 69, 70, 70, 66, 68, 66, 67, 68, 68, 68, 67, 68, 66,
    66, 67, 69, 67, 67, 69, 67, 66, 68, 69, 68, 65, 70, 67, 71, 71, 67,
    71, 65, 70, 67, 66, 67, 68, 68, 70, 71, 67, 68, 69, 66, 69, 69, 69,
    67, 67, 67, 67, 66, 68, 69, 69, 69, 69, 68, 65, 69, 66, 70, 70, 71,
    70 ]
