%YAML:1.0
---
videoName: "headShake3.mp4"
gestureLabel: 201
fps: 30
pixelSizeInCmTemp: 3.3263888888888887e-01
faceCenterPointX: 240
faceCenterPointY: 101
headPositionsX: [ 238, 241, 239, 242, 244, 242, 244, 243, 243, 239, 240,
    243, 243, 242, 242, 243, 243, 243, 239, 243, 240, 240, 241, 239, 241,
    240, 239, 241, 240, 238, 240, 239, 240, 241, 247, 249, 254, 255, 258,
    256, 255, 250, 250, 240, 237, 231, 231, 227, 229, 233, 234, 237, 241,
    250, 251, 252, 249, 247, 245, 240, 233, 229, 226, 225, 224, 227, 230,
    232, 241, 245, 247, 247, 247, 245, 246, 243, 239, 238, 237, 234, 233,
    232, 233, 232, 235, 234, 237, 238, 241, 239, 242, 238, 241, 243, 238,
    241, 243, 241, 241, 239 ]
headPositionsY: [ 100, 100, 98, 97, 101, 99, 100, 99, 97, 100, 100, 98,
    98, 100, 101, 98, 98, 100, 101, 99, 99, 101, 100, 101, 97, 98, 98,
    100, 96, 97, 98, 100, 100, 97, 96, 96, 99, 95, 100, 100, 98, 97, 99,
    98, 100, 97, 98, 98, 96, 101, 96, 100, 101, 98, 97, 101, 100, 96,
    100, 101, 100, 98, 96, 100, 97, 97, 96, 97, 97, 98, 97, 101, 98, 99,
    102, 101, 100, 101, 100, 98, 102, 97, 98, 101, 102, 100, 100, 100,
    100, 99, 102, 100, 100, 98, 101, 103, 103, 101, 100, 101 ]
