%YAML:1.0
---
videoName: "headLookDown4.mp4"
gestureLabel: 206
fps: 29
pixelSizeInCmTemp: 3.4710144927536229e-01
faceCenterPointX: 275
faceCenterPointY: 97
headPositionsX: [ 276, 275, 273, 275, 273, 272, 273, 274, 272, 272, 273,
    272, 273, 273, 272, 275, 272, 274, 274, 274, 272, 275, 274, 273, 272,
    271, 273, 274, 272, 273, 275, 274, 274, 271, 272, 274, 271, 273, 272,
    274, 273, 274, 271, 273, 274, 276, 276, 275, 272, 272, 276, 276, 272,
    275, 275, 273, 275, 276, 275, 275, 276, 271, 275, 275, 272, 273, 275,
    272, 272, 273, 272, 274, 275, 273, 272, 275, 275, 275, 274, 275, 272,
    275, 274, 274, 274, 275, 277, 273, 276, 274, 276, 274, 273, 275, 274,
    272, 275, 274, 276, 276 ]
headPositionsY: [ 96, 79, 81, 81, 81, 81, 81, 78, 78, 80, 83, 79, 81, 81,
    79, 82, 81, 80, 78, 82, 81, 79, 81, 79, 79, 82, 79, 80, 80, 79, 83,
    83, 83, 85, 85, 84, 86, 85, 83, 89, 89, 88, 92, 92, 92, 94, 95, 95,
    95, 96, 95, 99, 96, 100, 100, 99, 103, 100, 100, 101, 99, 98, 100,
    101, 101, 100, 99, 97, 99, 99, 99, 100, 99, 100, 98, 95, 97, 99, 96,
    100, 98, 95, 97, 96, 97, 98, 99, 99, 98, 98, 97, 97, 97, 97, 99, 96,
    95, 99, 98, 99 ]
