%YAML:1.0
---
videoName: "headShake48.mp4"
gestureLabel: 201
fps: 29
pixelSizeInCmTemp: 3.1103896103896100e-01
faceCenterPointX: 258
faceCenterPointY: 85
headPositionsX: [ 257, 258, 260, 259, 260, 260, 257, 259, 261, 261, 258,
    258, 258, 258, 261, 258, 259, 261, 262, 259, 262, 258, 260, 257, 260,
    260, 259, 257, 256, 259, 260, 261, 260, 257, 261, 261, 267, 267, 270,
    272, 273, 274, 269, 265, 262, 255, 249, 246, 245, 249, 255, 259, 265,
    266, 269, 268, 266, 258, 256, 252, 250, 252, 254, 256, 259, 267, 268,
    267, 265, 261, 259, 250, 252, 248, 251, 253, 254, 260, 264, 267, 264,
    263, 266, 262, 261, 258, 261, 258, 257, 259, 258, 256, 257, 258, 259,
    259, 260, 259, 260, 259 ]
headPositionsY: [ 84, 81, 81, 81, 78, 79, 79, 79, 79, 79, 80, 79, 78, 80,
    80, 80, 80, 79, 80, 81, 79, 81, 79, 81, 83, 79, 79, 83, 80, 81, 82,
    83, 83, 79, 80, 82, 81, 83, 81, 84, 84, 83, 84, 87, 85, 82, 85, 84,
    85, 82, 82, 87, 88, 84, 83, 86, 85, 86, 88, 84, 87, 84, 85, 87, 85,
    88, 83, 88, 89, 87, 85, 85, 85, 86, 87, 85, 84, 88, 85, 86, 85, 84,
    84, 85, 85, 88, 85, 85, 89, 87, 84, 83, 84, 85, 86, 85, 85, 86, 86,
    86 ]
