%YAML:1.0
---
videoName: "headNod16.mp4"
gestureLabel: 202
fps: 29
pixelSizeInCmTemp: 3.3263888888888887e-01
faceCenterPointX: 255
faceCenterPointY: 77
headPositionsX: [ 257, 259, 261, 258, 259, 258, 258, 259, 257, 258, 258,
    257, 261, 257, 261, 261, 257, 260, 259, 260, 259, 259, 258, 259, 261,
    257, 259, 258, 259, 259, 259, 257, 257, 256, 258, 259, 257, 258, 258,
    260, 259, 258, 261, 258, 261, 258, 259, 258, 258, 255, 255, 258, 257,
    255, 258, 259, 257, 259, 260, 255, 257, 258, 255, 258, 255, 257, 254,
    257, 254, 258, 254, 257, 256, 256, 254, 253, 256, 255, 257, 254, 256,
    256, 256, 257, 257, 255, 254, 257, 255, 257, 254, 254, 256, 255, 252,
    255, 258, 256, 257, 253 ]
headPositionsY: [ 79, 75, 75, 77, 73, 72, 77, 75, 76, 74, 73, 77, 75, 72,
    76, 75, 76, 74, 73, 73, 74, 74, 74, 75, 74, 76, 77, 77, 74, 74, 76,
    73, 76, 72, 75, 72, 71, 72, 67, 68, 68, 68, 69, 74, 75, 76, 81, 81,
    82, 81, 74, 75, 69, 67, 70, 69, 70, 76, 76, 80, 84, 81, 82, 79, 76,
    73, 73, 70, 68, 73, 70, 74, 76, 78, 82, 79, 81, 79, 74, 74, 73, 70,
    67, 69, 74, 71, 76, 78, 76, 78, 78, 78, 77, 79, 76, 74, 79, 77, 76,
    75 ]
