%YAML:1.0
---
videoName: "headNod13.mp4"
gestureLabel: 202
fps: 29
pixelSizeInCmTemp: 3.2364864864864862e-01
faceCenterPointX: 253
faceCenterPointY: 79
headPositionsX: [ 252, 252, 254, 255, 251, 252, 251, 253, 252, 252, 255,
    255, 253, 257, 256, 254, 257, 253, 257, 257, 255, 256, 255, 254, 254,
    253, 254, 252, 254, 255, 254, 252, 254, 252, 253, 254, 255, 251, 250,
    251, 252, 254, 253, 251, 254, 251, 253, 253, 253, 255, 254, 253, 254,
    256, 254, 256, 254, 255, 253, 255, 254, 252, 252, 253, 251, 253, 252,
    253, 253, 251, 253, 256, 255, 255, 256, 255, 252, 254, 254, 254, 254,
    254, 254, 254, 256, 254, 254, 254, 253, 253, 254, 252, 256, 253, 251,
    252, 253, 252, 253, 253 ]
headPositionsY: [ 78, 75, 72, 76, 73, 72, 74, 73, 75, 72, 74, 73, 75, 74,
    74, 72, 74, 73, 73, 75, 72, 72, 72, 74, 75, 74, 75, 72, 74, 75, 74,
    73, 72, 76, 73, 74, 75, 73, 75, 75, 74, 74, 76, 75, 73, 76, 74, 75,
    75, 70, 69, 71, 67, 68, 66, 72, 70, 74, 75, 77, 78, 81, 77, 74, 72,
    70, 72, 71, 69, 67, 70, 73, 75, 77, 80, 80, 80, 78, 77, 75, 71, 71,
    71, 72, 72, 78, 75, 80, 81, 78, 79, 80, 79, 79, 79, 80, 78, 76, 77,
    78 ]
