%YAML:1.0
---
videoName: "headNod38.mp4"
gestureLabel: 202
fps: 29
pixelSizeInCmTemp: 2.9937500000000000e-01
faceCenterPointX: 267
faceCenterPointY: 73
headPositionsX: [ 268, 266, 268, 264, 266, 266, 265, 265, 265, 269, 264,
    267, 264, 268, 265, 267, 264, 265, 268, 267, 265, 265, 266, 267, 267,
    266, 268, 266, 264, 263, 265, 267, 266, 263, 267, 266, 267, 264, 267,
    267, 266, 264, 266, 266, 268, 269, 265, 269, 269, 268, 270, 269, 268,
    268, 269, 267, 267, 269, 269, 269, 267, 266, 267, 268, 269, 267, 267,
    267, 269, 269, 269, 269, 266, 268, 267, 268, 268, 269, 267, 267, 266,
    267, 265, 269, 267, 267, 269, 269, 268, 266, 266, 266, 265, 270, 265,
    266, 266, 266, 266, 268 ]
headPositionsY: [ 73, 75, 76, 73, 78, 81, 84, 85, 85, 84, 81, 76, 74, 74,
    77, 80, 82, 86, 88, 86, 81, 78, 77, 77, 75, 79, 82, 83, 89, 86, 89,
    85, 84, 77, 78, 76, 74, 75, 79, 76, 80, 86, 89, 89, 88, 82, 79, 78,
    71, 69, 72, 72, 74, 73, 77, 81, 86, 87, 83, 82, 82, 77, 79, 74, 73,
    73, 71, 74, 73, 75, 77, 80, 82, 84, 83, 85, 84, 81, 81, 78, 73, 72,
    72, 72, 73, 73, 70, 71, 71, 71, 74, 73, 73, 73, 72, 75, 74, 72, 75,
    74 ]
