%YAML:1.0
---
videoName: "headShake22.mp4"
gestureLabel: 201
fps: 29
pixelSizeInCmTemp: 3.2364864864864862e-01
faceCenterPointX: 241
faceCenterPointY: 79
headPositionsX: [ 239, 239, 242, 243, 241, 242, 245, 242, 245, 241, 244,
    241, 241, 243, 241, 241, 241, 242, 244, 245, 243, 241, 244, 244, 244,
    240, 242, 244, 240, 241, 242, 243, 243, 244, 242, 243, 241, 245, 242,
    244, 242, 240, 240, 240, 240, 242, 241, 241, 241, 244, 241, 244, 243,
    244, 240, 241, 241, 241, 243, 243, 242, 244, 243, 241, 243, 240, 239,
    241, 244, 247, 252, 251, 255, 255, 252, 248, 247, 243, 240, 238, 239,
    237, 241, 242, 246, 244, 245, 245, 243, 243, 242, 240, 242, 239, 242,
    238, 239, 239, 239, 243 ]
headPositionsY: [ 78, 78, 77, 76, 75, 75, 77, 78, 77, 76, 77, 74, 74, 75,
    75, 78, 78, 75, 75, 75, 76, 75, 74, 76, 75, 75, 76, 78, 77, 75, 79,
    74, 77, 75, 74, 78, 78, 74, 78, 75, 78, 75, 76, 76, 75, 78, 78, 75,
    76, 74, 77, 76, 77, 77, 75, 75, 77, 79, 77, 78, 77, 78, 76, 78, 78,
    75, 76, 75, 78, 74, 76, 76, 77, 76, 77, 78, 75, 77, 76, 76, 78, 78,
    78, 75, 75, 76, 76, 75, 80, 79, 78, 80, 81, 76, 78, 80, 81, 77, 76,
    78 ]
