%YAML:1.0
---
videoName: "headShake45.mp4"
gestureLabel: 201
fps: 30
pixelSizeInCmTemp: 3.3263888888888887e-01
faceCenterPointX: 262
faceCenterPointY: 84
headPositionsX: [ 260, 262, 260, 260, 264, 262, 262, 263, 265, 265, 264,
    263, 264, 264, 264, 264, 262, 263, 264, 261, 261, 262, 260, 262, 261,
    264, 262, 262, 261, 260, 261, 260, 262, 262, 264, 260, 263, 262, 260,
    255, 254, 255, 258, 264, 270, 276, 280, 282, 282, 278, 274, 268, 261,
    256, 253, 255, 256, 263, 268, 270, 274, 276, 274, 270, 263, 257, 256,
    257, 256, 262, 265, 271, 273, 271, 272, 268, 267, 261, 259, 257, 259,
    258, 262, 261, 264, 265, 262, 263, 258, 259, 260, 263, 261, 263, 262,
    263, 264, 260, 260, 264 ]
headPositionsY: [ 85, 79, 83, 82, 83, 82, 80, 79, 80, 85, 79, 84, 81, 84,
    82, 80, 84, 85, 83, 81, 84, 80, 85, 83, 83, 83, 83, 83, 84, 81, 83,
    85, 83, 82, 82, 80, 85, 83, 80, 82, 80, 80, 84, 83, 82, 80, 80, 79,
    81, 78, 81, 81, 83, 81, 85, 86, 81, 81, 83, 79, 82, 81, 83, 84, 82,
    83, 83, 81, 84, 80, 82, 82, 84, 79, 80, 84, 81, 83, 83, 82, 81, 84,
    81, 82, 82, 83, 83, 84, 83, 81, 84, 82, 81, 81, 81, 85, 83, 83, 85,
    84 ]
