%YAML:1.0
---
videoName: "headLookDown9.mp4"
gestureLabel: 206
fps: 29
pixelSizeInCmTemp: 3.5220588235294115e-01
faceCenterPointX: 274
faceCenterPointY: 97
headPositionsX: [ 275, 271, 274, 271, 271, 275, 275, 270, 272, 273, 272,
    274, 272, 275, 270, 274, 271, 275, 271, 273, 274, 272, 271, 272, 272,
    274, 272, 271, 274, 274, 271, 271, 271, 274, 271, 271, 274, 273, 273,
    274, 272, 271, 273, 274, 271, 272, 273, 270, 273, 272, 272, 271, 271,
    273, 275, 271, 273, 271, 273, 273, 271, 272, 270, 273, 273, 272, 272,
    273, 271, 271, 270, 271, 273, 270, 274, 271, 274, 271, 271, 273, 270,
    270, 270, 273, 272, 274, 274, 271, 275, 274, 272, 275, 271, 276, 271,
    275, 275, 272, 274, 272 ]
headPositionsY: [ 97, 79, 79, 78, 81, 83, 78, 79, 79, 80, 80, 79, 77, 81,
    79, 80, 81, 78, 79, 79, 80, 81, 77, 79, 78, 82, 79, 79, 78, 79, 80,
    80, 83, 80, 84, 86, 84, 82, 89, 88, 88, 92, 90, 93, 93, 93, 96, 97,
    96, 98, 95, 100, 101, 96, 100, 97, 100, 100, 100, 98, 100, 101, 101,
    100, 98, 98, 99, 100, 96, 97, 96, 96, 96, 96, 96, 94, 96, 97, 98, 96,
    99, 96, 98, 95, 98, 98, 96, 95, 95, 98, 99, 97, 97, 99, 98, 96, 96,
    96, 95, 96 ]
