%YAML:1.0
---
videoName: "headLookDown0.mp4"
gestureLabel: 206
fps: 29
pixelSizeInCmTemp: 3.3263888888888887e-01
faceCenterPointX: 273
faceCenterPointY: 93
headPositionsX: [ 275, 274, 271, 270, 273, 273, 270, 271, 271, 269, 274,
    271, 270, 271, 270, 270, 273, 270, 270, 271, 271, 271, 274, 274, 274,
    272, 269, 274, 271, 273, 270, 273, 272, 269, 269, 270, 271, 271, 272,
    272, 273, 273, 271, 271, 271, 273, 271, 272, 272, 270, 274, 270, 270,
    272, 272, 273, 271, 274, 271, 272, 271, 273, 274, 271, 270, 274, 272,
    270, 270, 274, 271, 269, 274, 273, 273, 272, 274, 274, 271, 275, 274,
    273, 273, 273, 273, 273, 273, 274, 274, 273, 273, 271, 270, 272, 271,
    273, 273, 273, 274, 272 ]
headPositionsY: [ 95, 78, 78, 77, 80, 79, 80, 78, 81, 80, 80, 80, 79, 79,
    82, 77, 81, 81, 81, 78, 81, 82, 79, 81, 78, 77, 81, 81, 81, 81, 78,
    78, 81, 78, 82, 80, 79, 80, 85, 83, 86, 86, 90, 88, 91, 94, 96, 95,
    96, 99, 98, 95, 99, 97, 98, 98, 94, 95, 94, 95, 97, 95, 95, 94, 94,
    94, 98, 94, 96, 95, 95, 98, 95, 96, 95, 97, 97, 93, 93, 97, 95, 93,
    93, 96, 96, 95, 93, 94, 92, 91, 94, 92, 93, 95, 93, 95, 95, 92, 94,
    92 ]
