%YAML:1.0
---
videoName: "headNod42.mp4"
gestureLabel: 202
fps: 30
pixelSizeInCmTemp: 3.0316455696202532e-01
faceCenterPointX: 265
faceCenterPointY: 77
headPositionsX: [ 267, 268, 269, 268, 271, 270, 271, 268, 268, 271, 270,
    270, 267, 266, 266, 269, 268, 269, 269, 269, 266, 267, 268, 269, 266,
    266, 267, 268, 263, 265, 265, 265, 267, 266, 266, 265, 266, 265, 266,
    265, 268, 264, 266, 263, 267, 267, 265, 265, 267, 265, 264, 262, 265,
    263, 266, 267, 264, 265, 265, 264, 264, 265, 265, 267, 266, 264, 264,
    267, 264, 263, 264, 264, 264, 266, 264, 264, 266, 264, 265, 265, 264,
    267, 265, 264, 268, 268, 266, 267, 266, 267, 267, 265, 267, 266, 267,
    263, 264, 268, 265, 265 ]
headPositionsY: [ 75, 73, 75, 74, 78, 74, 78, 75, 77, 78, 78, 78, 78, 74,
    78, 69, 69, 64, 63, 67, 65, 67, 68, 72, 78, 86, 87, 92, 92, 90, 90,
    82, 81, 77, 77, 71, 67, 68, 69, 69, 76, 78, 80, 84, 84, 83, 80, 79,
    73, 74, 69, 72, 69, 71, 73, 79, 80, 83, 86, 85, 86, 81, 81, 78, 75,
    73, 75, 74, 72, 76, 73, 81, 83, 80, 81, 77, 76, 74, 76, 72, 76, 75,
    75, 77, 78, 79, 80, 84, 80, 81, 78, 79, 76, 76, 78, 77, 78, 77, 79,
    79 ]
