%YAML:1.0
---
videoName: "headNod43.mp4"
gestureLabel: 202
fps: 29
pixelSizeInCmTemp: 2.8855421686746985e-01
faceCenterPointX: 268
faceCenterPointY: 74
headPositionsX: [ 266, 270, 272, 271, 270, 270, 270, 268, 269, 269, 266,
    267, 269, 269, 269, 268, 270, 268, 267, 268, 268, 269, 270, 267, 265,
    268, 269, 267, 268, 265, 266, 265, 263, 265, 266, 264, 265, 267, 267,
    263, 263, 264, 263, 263, 267, 263, 268, 266, 267, 266, 266, 264, 262,
    262, 262, 262, 262, 266, 265, 267, 267, 263, 263, 262, 266, 266, 264,
    266, 267, 268, 269, 269, 268, 267, 267, 268, 266, 268, 266, 269, 267,
    267, 269, 270, 271, 269, 268, 269, 271, 267, 271, 269, 270, 269, 271,
    271, 266, 270, 269, 268 ]
headPositionsY: [ 74, 75, 76, 78, 76, 75, 77, 77, 74, 74, 73, 75, 75, 75,
    78, 75, 76, 73, 75, 74, 75, 75, 76, 78, 77, 78, 80, 82, 89, 90, 91,
    87, 85, 84, 78, 77, 79, 81, 82, 84, 89, 90, 91, 85, 83, 83, 81, 83,
    84, 84, 86, 89, 90, 91, 88, 83, 81, 81, 80, 87, 89, 90, 92, 91, 88,
    84, 85, 82, 77, 80, 78, 82, 83, 87, 91, 88, 88, 86, 86, 80, 78, 73,
    73, 75, 74, 73, 74, 72, 72, 74, 74, 76, 74, 74, 72, 76, 74, 74, 73,
    72 ]
