%YAML:1.0
---
videoName: "headShake13.mp4"
gestureLabel: 201
fps: 29
pixelSizeInCmTemp: 3.2364864864864862e-01
faceCenterPointX: 241
faceCenterPointY: 77
headPositionsX: [ 239, 242, 242, 241, 241, 240, 242, 240, 243, 239, 243,
    243, 241, 240, 240, 242, 244, 243, 242, 239, 242, 242, 239, 243, 242,
    242, 241, 240, 243, 238, 240, 241, 238, 240, 244, 250, 253, 258, 258,
    262, 265, 264, 257, 253, 251, 242, 238, 236, 230, 227, 230, 232, 238,
    237, 244, 250, 250, 251, 248, 246, 243, 240, 238, 235, 234, 233, 233,
    232, 236, 242, 243, 247, 252, 254, 249, 249, 247, 244, 243, 237, 237,
    234, 231, 235, 235, 236, 239, 239, 243, 243, 244, 243, 247, 247, 244,
    243, 243, 243, 239, 239 ]
headPositionsY: [ 76, 77, 76, 78, 78, 74, 77, 76, 74, 76, 75, 76, 77, 77,
    76, 77, 75, 76, 78, 76, 78, 74, 78, 78, 77, 74, 75, 75, 78, 76, 78,
    76, 77, 75, 75, 75, 77, 76, 76, 76, 74, 76, 73, 75, 75, 76, 74, 76,
    77, 78, 78, 77, 75, 79, 79, 74, 76, 77, 76, 76, 77, 76, 76, 77, 79,
    79, 76, 77, 77, 75, 74, 78, 77, 75, 76, 75, 79, 78, 78, 77, 74, 78,
    76, 78, 76, 78, 75, 74, 76, 75, 78, 76, 76, 78, 77, 74, 79, 76, 76,
    74 ]
