%YAML:1.0
---
videoName: "headLookLeft7.mp4"
gestureLabel: 203
fps: 29
pixelSizeInCmTemp: 3.4214285714285714e-01
faceCenterPointX: 268
faceCenterPointY: 68
headPositionsX: [ 268, 244, 248, 245, 246, 246, 247, 245, 243, 247, 246,
    245, 243, 243, 244, 246, 245, 243, 245, 243, 245, 246, 244, 246, 246,
    247, 248, 247, 246, 248, 246, 249, 255, 252, 259, 261, 263, 265, 265,
    263, 266, 263, 270, 263, 264, 269, 269, 269, 266, 266, 266, 266, 267,
    267, 266, 266, 265, 265, 268, 272, 264, 270, 268, 267, 269, 269, 264,
    269, 263, 267, 269, 267, 269, 267, 269, 268, 270, 268, 268, 267, 265,
    269, 271, 266, 271, 267, 267, 271, 264, 269, 269, 267, 269, 270, 267,
    271, 271, 269, 267, 272 ]
headPositionsY: [ 69, 69, 68, 68, 69, 69, 69, 70, 68, 68, 68, 69, 69, 71,
    73, 70, 69, 71, 70, 71, 72, 70, 72, 69, 69, 68, 69, 69, 69, 69, 70,
    70, 66, 67, 67, 70, 66, 68, 68, 66, 68, 68, 68, 67, 68, 69, 71, 70,
    67, 70, 67, 67, 66, 68, 66, 69, 68, 69, 68, 69, 68, 67, 67, 72, 68,
    67, 70, 70, 68, 68, 68, 66, 70, 68, 67, 67, 70, 66, 66, 72, 67, 67,
    71, 69, 67, 70, 67, 66, 69, 72, 71, 68, 69, 67, 69, 70, 66, 66, 69,
    71 ]
