%YAML:1.0
---
videoName: "headNod24.mp4"
gestureLabel: 202
fps: 29
pixelSizeInCmTemp: 3.1513157894736843e-01
faceCenterPointX: 272
faceCenterPointY: 72
headPositionsX: [ 274, 276, 275, 273, 274, 276, 276, 274, 274, 276, 277,
    273, 274, 274, 274, 275, 273, 276, 276, 273, 273, 273, 273, 274, 272,
    271, 271, 274, 274, 272, 271, 271, 271, 273, 272, 274, 275, 275, 275,
    272, 275, 272, 271, 275, 273, 272, 274, 272, 275, 270, 274, 273, 274,
    273, 271, 273, 273, 274, 273, 272, 272, 273, 272, 273, 273, 269, 271,
    269, 272, 271, 270, 269, 270, 269, 268, 272, 271, 268, 270, 271, 272,
    267, 268, 271, 271, 271, 272, 270, 270, 269, 269, 272, 269, 270, 272,
    272, 272, 274, 270, 273 ]
headPositionsY: [ 71, 72, 72, 75, 72, 74, 74, 72, 76, 74, 71, 72, 72, 72,
    72, 74, 72, 72, 74, 72, 75, 72, 72, 75, 72, 72, 76, 75, 76, 75, 75,
    75, 72, 72, 75, 74, 72, 73, 71, 71, 69, 71, 76, 81, 80, 83, 80, 76,
    68, 68, 68, 67, 67, 72, 74, 73, 73, 75, 68, 69, 66, 65, 65, 68, 71,
    74, 74, 78, 76, 72, 70, 68, 68, 67, 70, 72, 70, 72, 74, 75, 73, 73,
    75, 72, 72, 70, 69, 70, 69, 73, 70, 69, 73, 75, 71, 74, 73, 70, 72,
    70 ]
