%YAML:1.0
---
videoName: "headNod23.mp4"
gestureLabel: 202
fps: 29
pixelSizeInCmTemp: 3.1933333333333330e-01
faceCenterPointX: 273
faceCenterPointY: 75
headPositionsX: [ 275, 272, 276, 273, 273, 276, 275, 275, 274, 276, 272,
    273, 276, 274, 273, 272, 276, 276, 272, 272, 275, 276, 276, 276, 274,
    275, 272, 275, 276, 273, 277, 277, 276, 275, 272, 274, 276, 273, 275,
    270, 271, 269, 274, 272, 270, 274, 273, 273, 273, 274, 276, 272, 275,
    273, 272, 275, 272, 275, 271, 273, 276, 276, 272, 273, 272, 274, 274,
    275, 276, 273, 273, 272, 272, 272, 271, 271, 271, 273, 274, 273, 274,
    272, 276, 272, 275, 275, 272, 273, 272, 273, 272, 274, 272, 274, 275,
    275, 275, 275, 272, 274 ]
headPositionsY: [ 75, 77, 74, 77, 79, 77, 78, 79, 78, 74, 75, 76, 79, 77,
    77, 77, 75, 77, 76, 77, 75, 75, 79, 73, 73, 70, 71, 69, 68, 65, 63,
    65, 66, 64, 70, 69, 72, 77, 78, 82, 83, 80, 79, 79, 75, 74, 70, 70,
    67, 66, 65, 68, 67, 69, 71, 74, 74, 79, 76, 76, 75, 74, 75, 73, 69,
    67, 70, 70, 68, 72, 72, 72, 74, 78, 80, 80, 79, 79, 75, 79, 77, 75,
    76, 71, 75, 72, 71, 72, 73, 73, 75, 76, 73, 78, 74, 74, 75, 73, 74,
    77 ]
