%YAML:1.0
---
videoName: "headNod44.mp4"
gestureLabel: 202
fps: 29
pixelSizeInCmTemp: 2.9567901234567900e-01
faceCenterPointX: 268
faceCenterPointY: 78
headPositionsX: [ 270, 269, 270, 269, 268, 270, 268, 269, 269, 267, 270,
    271, 270, 270, 269, 270, 268, 266, 267, 270, 267, 271, 268, 267, 266,
    269, 267, 268, 268, 265, 268, 269, 267, 269, 270, 266, 266, 267, 266,
    269, 266, 266, 268, 264, 267, 264, 265, 267, 268, 266, 265, 267, 269,
    267, 265, 268, 269, 267, 269, 266, 268, 268, 266, 270, 267, 267, 268,
    266, 268, 269, 267, 267, 272, 269, 268, 266, 271, 271, 268, 269, 270,
    270, 269, 268, 270, 270, 266, 267, 270, 269, 269, 268, 268, 266, 268,
    268, 269, 267, 270, 267 ]
headPositionsY: [ 79, 75, 74, 73, 75, 77, 73, 73, 75, 75, 76, 76, 73, 75,
    74, 74, 73, 77, 80, 82, 86, 88, 94, 92, 94, 93, 89, 85, 78, 74, 71,
    72, 71, 70, 74, 77, 77, 82, 88, 86, 89, 84, 79, 76, 74, 74, 73, 75,
    77, 80, 83, 89, 89, 87, 85, 81, 77, 76, 76, 72, 75, 77, 80, 80, 86,
    84, 82, 79, 77, 76, 75, 79, 78, 77, 77, 81, 84, 86, 87, 84, 85, 81,
    81, 78, 79, 79, 75, 76, 77, 80, 78, 78, 77, 76, 78, 78, 76, 75, 80,
    75 ]
