%YAML:1.0
---
videoName: "headNod10.mp4"
gestureLabel: 202
fps: 29
pixelSizeInCmTemp: 3.2808219178082193e-01
faceCenterPointX: 260
faceCenterPointY: 67
headPositionsX: [ 260, 258, 258, 256, 259, 260, 257, 258, 256, 259, 260,
    257, 259, 257, 260, 256, 256, 257, 259, 259, 259, 258, 261, 261, 257,
    261, 260, 260, 258, 257, 261, 260, 257, 260, 259, 260, 258, 257, 258,
    260, 256, 260, 258, 257, 259, 262, 260, 261, 263, 260, 263, 262, 261,
    261, 260, 260, 259, 257, 259, 262, 263, 258, 260, 263, 258, 258, 259,
    258, 259, 259, 256, 257, 260, 259, 261, 258, 260, 257, 259, 260, 260,
    260, 258, 261, 257, 259, 260, 260, 258, 261, 257, 261, 257, 259, 261,
    258, 258, 262, 260, 260 ]
headPositionsY: [ 65, 72, 68, 72, 72, 70, 68, 71, 72, 68, 71, 69, 71, 70,
    72, 70, 70, 68, 72, 71, 71, 71, 69, 72, 71, 69, 68, 71, 71, 68, 69,
    71, 73, 73, 69, 71, 73, 70, 70, 70, 74, 74, 70, 70, 69, 67, 67, 64,
    64, 63, 64, 67, 69, 71, 73, 73, 72, 71, 70, 64, 63, 65, 62, 67, 64,
    68, 70, 76, 75, 77, 74, 73, 69, 65, 65, 67, 64, 69, 70, 70, 74, 78,
    75, 75, 71, 72, 69, 66, 65, 65, 67, 64, 64, 66, 68, 67, 69, 68, 65,
    70 ]
