%YAML:1.0
---
videoName: "headNod26.mp4"
gestureLabel: 202
fps: 29
pixelSizeInCmTemp: 3.1513157894736843e-01
faceCenterPointX: 271
faceCenterPointY: 78
headPositionsX: [ 271, 272, 274, 270, 273, 273, 273, 270, 272, 274, 273,
    272, 275, 270, 273, 272, 271, 271, 273, 274, 270, 275, 272, 274, 272,
    273, 269, 274, 271, 272, 271, 272, 272, 271, 274, 271, 271, 271, 271,
    271, 271, 271, 274, 272, 272, 274, 270, 270, 268, 271, 269, 272, 274,
    271, 272, 270, 274, 271, 271, 272, 270, 271, 273, 270, 271, 273, 270,
    272, 272, 272, 271, 270, 270, 269, 271, 271, 270, 270, 268, 272, 268,
    269, 271, 271, 270, 271, 268, 270, 269, 274, 270, 270, 273, 269, 271,
    268, 270, 272, 272, 273 ]
headPositionsY: [ 77, 72, 73, 72, 74, 71, 73, 70, 68, 68, 65, 66, 65, 64,
    69, 68, 72, 73, 71, 74, 77, 84, 82, 82, 84, 78, 78, 73, 73, 72, 71,
    67, 69, 68, 70, 72, 72, 76, 78, 81, 80, 76, 79, 72, 72, 70, 70, 71,
    66, 70, 68, 73, 72, 74, 74, 77, 78, 77, 72, 70, 68, 69, 68, 68, 70,
    68, 69, 70, 72, 73, 73, 75, 78, 74, 75, 75, 74, 68, 69, 67, 68, 70,
    71, 71, 72, 76, 74, 79, 76, 79, 80, 81, 78, 80, 76, 77, 77, 76, 78,
    77 ]
