%YAML:1.0
---
videoName: "headShake32.mp4"
gestureLabel: 201
fps: 29
pixelSizeInCmTemp: 3.2808219178082193e-01
faceCenterPointX: 237
faceCenterPointY: 77
headPositionsX: [ 236, 234, 237, 235, 238, 236, 239, 239, 239, 238, 237,
    241, 237, 238, 242, 240, 240, 243, 242, 242, 240, 241, 239, 238, 238,
    239, 240, 239, 238, 241, 241, 238, 240, 241, 240, 238, 239, 238, 241,
    242, 244, 243, 246, 250, 249, 248, 251, 251, 249, 251, 251, 248, 245,
    242, 242, 239, 236, 236, 233, 231, 228, 230, 225, 226, 224, 225, 229,
    232, 229, 234, 233, 239, 240, 243, 245, 246, 248, 248, 247, 250, 247,
    247, 248, 244, 245, 242, 241, 238, 238, 241, 239, 240, 237, 239, 236,
    239, 236, 237, 236, 240 ]
headPositionsY: [ 77, 72, 72, 71, 75, 72, 73, 75, 72, 72, 72, 73, 71, 72,
    73, 75, 76, 72, 75, 74, 72, 75, 72, 75, 76, 74, 75, 73, 77, 76, 74,
    72, 74, 75, 74, 76, 76, 76, 75, 73, 75, 73, 74, 71, 75, 74, 72, 73,
    71, 74, 72, 74, 75, 77, 78, 77, 74, 78, 75, 77, 75, 75, 76, 75, 75,
    75, 74, 76, 76, 76, 74, 77, 78, 77, 74, 78, 77, 74, 77, 74, 76, 76,
    78, 77, 79, 75, 74, 75, 78, 79, 78, 77, 76, 76, 80, 78, 80, 76, 75,
    79 ]
