%YAML:1.0
---
videoName: "headShake20.mp4"
gestureLabel: 201
fps: 29
pixelSizeInCmTemp: 3.3263888888888887e-01
faceCenterPointX: 242
faceCenterPointY: 78
headPositionsX: [ 242, 242, 245, 246, 242, 243, 245, 244, 243, 242, 244,
    245, 246, 242, 244, 244, 244, 242, 243, 243, 243, 242, 244, 241, 242,
    243, 242, 242, 243, 245, 242, 245, 241, 242, 242, 245, 243, 243, 243,
    246, 246, 252, 255, 256, 262, 257, 259, 255, 249, 241, 235, 232, 232,
    229, 229, 231, 237, 245, 250, 250, 250, 252, 248, 247, 242, 238, 237,
    231, 229, 233, 236, 236, 241, 245, 248, 245, 245, 247, 243, 239, 239,
    241, 242, 239, 242, 239, 243, 245, 242, 245, 244, 245, 245, 241, 241,
    242, 240, 242, 240, 241 ]
headPositionsY: [ 80, 75, 76, 74, 75, 76, 76, 75, 77, 79, 77, 75, 76, 75,
    78, 74, 76, 79, 74, 77, 75, 77, 76, 78, 74, 76, 75, 74, 74, 78, 78,
    75, 76, 76, 74, 78, 77, 74, 75, 77, 74, 74, 74, 74, 75, 75, 73, 79,
    78, 77, 74, 79, 79, 77, 77, 74, 76, 74, 75, 75, 74, 73, 76, 74, 79,
    78, 76, 79, 79, 75, 77, 79, 77, 79, 78, 79, 76, 79, 78, 77, 78, 77,
    77, 76, 79, 78, 78, 75, 79, 79, 76, 76, 78, 76, 75, 79, 78, 75, 78,
    75 ]
