%YAML:1.0
---
videoName: "headNod7.mp4"
gestureLabel: 202
fps: 29
pixelSizeInCmTemp: 3.2808219178082193e-01
faceCenterPointX: 261
faceCenterPointY: 71
headPositionsX: [ 261, 267, 265, 266, 265, 264, 267, 266, 265, 264, 263,
    265, 266, 262, 264, 264, 263, 264, 261, 264, 262, 262, 263, 260, 261,
    262, 263, 264, 264, 260, 262, 263, 259, 261, 264, 263, 263, 260, 262,
    263, 259, 261, 261, 263, 262, 259, 262, 264, 260, 261, 264, 264, 263,
    263, 261, 259, 259, 264, 264, 263, 264, 259, 262, 259, 263, 260, 259,
    259, 263, 262, 258, 261, 261, 259, 262, 260, 261, 261, 260, 262, 263,
    260, 263, 263, 261, 264, 259, 264, 260, 261, 261, 264, 263, 261, 260,
    259, 264, 259, 263, 262 ]
headPositionsY: [ 70, 76, 75, 72, 73, 73, 77, 73, 75, 73, 75, 74, 72, 75,
    72, 75, 74, 77, 76, 76, 75, 74, 75, 74, 77, 75, 73, 78, 78, 75, 75,
    77, 75, 77, 76, 74, 76, 77, 73, 73, 74, 73, 77, 73, 74, 78, 77, 74,
    71, 69, 68, 70, 70, 70, 73, 75, 79, 81, 79, 76, 74, 70, 71, 70, 72,
    73, 76, 75, 79, 81, 78, 76, 75, 71, 71, 71, 69, 68, 69, 72, 77, 79,
    77, 79, 78, 78, 74, 74, 71, 71, 69, 70, 69, 71, 70, 71, 73, 69, 71,
    73 ]
