%YAML:1.0
---
videoName: "headNod43.mp4"
gestureLabel: 202
fps: 29
pixelSizeInCmTemp: 2.8855421686746985e-01
faceCenterPointX: 268
faceCenterPointY: 74
headPositionsX: [ 267, 273, 268, 271, 269, 270, 269, 268, 270, 269, 268,
    271, 270, 266, 270, 270, 269, 269, 270, 267, 266, 271, 267, 269, 268,
    268, 269, 268, 265, 264, 267, 263, 264, 266, 268, 264, 265, 265, 267,
    266, 263, 265, 263, 264, 266, 265, 266, 266, 267, 266, 263, 265, 263,
    266, 263, 261, 263, 263, 265, 263, 267, 265, 262, 263, 266, 264, 264,
    267, 265, 266, 268, 269, 268, 269, 265, 268, 269, 267, 266, 266, 268,
    270, 268, 270, 267, 266, 271, 267, 268, 271, 269, 271, 270, 268, 271,
    268, 270, 269, 268, 268 ]
headPositionsY: [ 74, 78, 75, 76, 76, 76, 75, 74, 75, 73, 73, 76, 74, 73,
    74, 74, 76, 74, 75, 76, 74, 75, 73, 74, 76, 78, 78, 85, 86, 88, 89,
    90, 89, 83, 79, 78, 79, 80, 84, 85, 89, 91, 90, 85, 85, 82, 79, 84,
    82, 84, 87, 89, 92, 91, 86, 84, 84, 81, 81, 87, 86, 90, 91, 89, 90,
    88, 86, 82, 81, 77, 77, 83, 85, 86, 88, 91, 88, 87, 85, 79, 79, 76,
    74, 74, 75, 74, 74, 73, 72, 73, 74, 72, 75, 73, 74, 75, 72, 74, 76,
    73 ]
