%YAML:1.0
---
videoName: "headNod48.mp4"
gestureLabel: 202
fps: 29
pixelSizeInCmTemp: 2.8855421686746985e-01
faceCenterPointX: 264
faceCenterPointY: 72
headPositionsX: [ 264, 265, 265, 266, 265, 266, 263, 263, 267, 262, 264,
    263, 265, 263, 264, 262, 261, 263, 264, 260, 259, 261, 259, 260, 260,
    261, 258, 261, 261, 262, 263, 263, 262, 260, 262, 261, 264, 264, 261,
    263, 264, 262, 261, 261, 262, 262, 262, 263, 264, 264, 261, 264, 260,
    261, 260, 261, 260, 261, 260, 259, 261, 261, 265, 262, 265, 265, 263,
    263, 265, 262, 263, 264, 264, 263, 265, 264, 265, 265, 263, 263, 267,
    265, 265, 267, 265, 263, 266, 267, 267, 266, 264, 264, 264, 267, 265,
    265, 267, 264, 266, 267 ]
headPositionsY: [ 70, 76, 79, 78, 79, 77, 76, 73, 67, 67, 65, 60, 62, 66,
    66, 68, 75, 77, 82, 90, 85, 89, 83, 81, 76, 75, 68, 70, 66, 62, 64,
    68, 64, 63, 66, 70, 74, 76, 81, 80, 83, 82, 82, 77, 76, 76, 72, 74,
    74, 71, 72, 72, 78, 78, 79, 81, 78, 77, 72, 72, 73, 71, 70, 73, 71,
    77, 73, 77, 77, 75, 78, 72, 74, 70, 71, 70, 72, 71, 70, 72, 72, 74,
    73, 76, 75, 72, 70, 70, 71, 71, 72, 75, 76, 73, 72, 73, 71, 73, 73,
    72 ]
