%YAML:1.0
---
videoName: "headNod46.mp4"
gestureLabel: 202
fps: 30
pixelSizeInCmTemp: 2.8511904761904761e-01
faceCenterPointX: 264
faceCenterPointY: 72
headPositionsX: [ 265, 266, 262, 265, 263, 265, 262, 266, 267, 262, 265,
    265, 262, 262, 264, 266, 264, 262, 266, 265, 265, 262, 264, 267, 267,
    267, 265, 266, 266, 266, 264, 264, 265, 262, 262, 262, 263, 261, 261,
    260, 262, 263, 264, 262, 262, 261, 261, 264, 263, 261, 261, 262, 263,
    264, 263, 264, 265, 264, 265, 265, 262, 264, 262, 263, 263, 261, 262,
    264, 262, 261, 263, 264, 266, 267, 267, 262, 264, 264, 264, 267, 265,
    263, 263, 263, 263, 262, 265, 264, 263, 260, 263, 262, 262, 263, 262,
    261, 261, 263, 263, 265 ]
headPositionsY: [ 73, 67, 70, 70, 69, 68, 68, 71, 72, 74, 76, 76, 82, 82,
    89, 89, 88, 91, 87, 83, 81, 75, 74, 68, 69, 70, 71, 72, 71, 76, 82,
    83, 86, 92, 89, 83, 78, 75, 74, 67, 68, 67, 67, 72, 74, 77, 78, 86,
    83, 84, 82, 81, 76, 72, 68, 67, 65, 66, 68, 72, 73, 77, 78, 80, 75,
    73, 70, 70, 68, 69, 66, 69, 69, 74, 73, 75, 76, 71, 72, 71, 73, 68,
    69, 70, 71, 73, 73, 74, 73, 73, 74, 72, 70, 74, 70, 71, 72, 74, 70,
    71 ]
