%YAML:1.0
---
videoName: "headNod4.mp4"
gestureLabel: 202
fps: 29
pixelSizeInCmTemp: 3.2808219178082193e-01
faceCenterPointX: 264
faceCenterPointY: 72
headPositionsX: [ 262, 270, 268, 272, 272, 270, 272, 269, 269, 270, 270,
    268, 268, 269, 267, 268, 269, 269, 266, 270, 266, 268, 267, 270, 266,
    269, 270, 267, 268, 270, 266, 266, 269, 268, 266, 265, 265, 266, 266,
    265, 270, 268, 266, 267, 268, 266, 269, 267, 268, 269, 266, 266, 266,
    269, 266, 267, 266, 266, 265, 265, 263, 265, 267, 266, 267, 266, 266,
    267, 265, 264, 267, 265, 264, 263, 262, 266, 263, 264, 267, 264, 265,
    266, 265, 262, 263, 267, 265, 267, 263, 264, 264, 267, 263, 266, 262,
    267, 262, 262, 263, 264 ]
headPositionsY: [ 70, 73, 75, 77, 73, 76, 76, 76, 74, 77, 72, 75, 74, 76,
    76, 76, 73, 73, 74, 73, 74, 74, 75, 75, 74, 73, 76, 74, 76, 73, 75,
    73, 76, 75, 75, 74, 75, 76, 73, 73, 77, 73, 74, 72, 74, 71, 70, 68,
    65, 64, 67, 67, 72, 73, 77, 80, 81, 84, 79, 77, 75, 70, 68, 67, 70,
    72, 74, 74, 82, 79, 84, 79, 81, 79, 77, 72, 68, 67, 70, 67, 68, 70,
    72, 74, 79, 79, 80, 84, 83, 83, 82, 81, 80, 79, 74, 78, 74, 74, 74,
    76 ]
