%YAML:1.0
---
videoName: "headShake15.mp4"
gestureLabel: 201
fps: 29
pixelSizeInCmTemp: 3.3263888888888887e-01
faceCenterPointX: 243
faceCenterPointY: 76
headPositionsX: [ 242, 243, 244, 244, 245, 242, 242, 242, 245, 246, 244,
    246, 242, 246, 244, 241, 245, 244, 242, 241, 245, 242, 244, 244, 240,
    241, 242, 243, 241, 244, 243, 242, 240, 243, 245, 244, 241, 244, 242,
    242, 241, 240, 244, 244, 244, 241, 245, 243, 243, 241, 244, 242, 242,
    240, 244, 242, 243, 242, 241, 240, 244, 244, 244, 247, 252, 254, 252,
    257, 256, 256, 255, 252, 249, 249, 244, 238, 237, 237, 236, 241, 241,
    244, 244, 248, 247, 245, 246, 246, 243, 244, 243, 242, 240, 244, 244,
    244, 244, 245, 242, 246 ]
headPositionsY: [ 76, 76, 77, 75, 78, 75, 77, 77, 73, 75, 76, 74, 74, 74,
    76, 77, 74, 77, 76, 73, 77, 76, 77, 73, 74, 74, 74, 75, 75, 75, 76,
    75, 76, 74, 74, 73, 75, 75, 76, 76, 75, 75, 77, 76, 73, 77, 76, 75,
    77, 75, 77, 78, 76, 77, 74, 77, 77, 75, 78, 77, 75, 75, 79, 78, 77,
    75, 72, 76, 72, 74, 74, 77, 75, 74, 76, 74, 79, 76, 78, 77, 75, 79,
    78, 77, 76, 77, 78, 78, 79, 75, 78, 78, 77, 75, 75, 77, 75, 77, 74,
    77 ]
