%YAML:1.0
---
videoName: "headNod18.mp4"
gestureLabel: 202
fps: 29
pixelSizeInCmTemp: 3.3263888888888887e-01
faceCenterPointX: 255
faceCenterPointY: 77
headPositionsX: [ 257, 255, 254, 257, 255, 254, 256, 257, 257, 256, 257,
    255, 257, 256, 257, 256, 256, 254, 254, 254, 254, 254, 254, 254, 254,
    255, 256, 256, 257, 252, 256, 257, 254, 256, 255, 256, 253, 256, 255,
    255, 256, 255, 254, 256, 257, 255, 258, 253, 258, 254, 254, 257, 253,
    255, 254, 252, 254, 253, 256, 256, 253, 256, 253, 252, 256, 254, 256,
    254, 253, 255, 255, 252, 254, 252, 256, 254, 256, 254, 255, 255, 254,
    254, 254, 253, 255, 252, 255, 256, 257, 254, 254, 255, 254, 257, 252,
    255, 255, 252, 254, 257 ]
headPositionsY: [ 75, 77, 78, 79, 76, 78, 75, 79, 77, 78, 75, 77, 78, 77,
    77, 76, 80, 79, 80, 77, 75, 79, 76, 79, 79, 77, 80, 77, 80, 76, 77,
    76, 77, 79, 79, 80, 79, 77, 78, 77, 74, 76, 72, 74, 72, 73, 73, 70,
    73, 74, 74, 77, 78, 81, 80, 78, 77, 75, 70, 72, 74, 76, 78, 80, 84,
    83, 79, 77, 73, 73, 74, 73, 78, 81, 81, 82, 83, 81, 75, 78, 76, 75,
    74, 75, 81, 83, 83, 80, 80, 82, 79, 76, 76, 79, 77, 78, 77, 79, 79,
    78 ]
