%YAML:1.0
---
videoName: "headNod5.mp4"
gestureLabel: 202
fps: 29
pixelSizeInCmTemp: 3.1513157894736843e-01
faceCenterPointX: 263
faceCenterPointY: 75
headPositionsX: [ 261, 263, 261, 264, 264, 261, 262, 261, 264, 262, 260,
    264, 265, 261, 262, 262, 264, 265, 266, 264, 263, 267, 266, 265, 264,
    267, 263, 263, 268, 265, 264, 264, 265, 266, 267, 269, 267, 264, 268,
    265, 266, 266, 265, 264, 264, 264, 267, 267, 266, 264, 267, 264, 264,
    264, 264, 265, 265, 264, 264, 265, 266, 262, 266, 264, 263, 263, 262,
    266, 266, 264, 266, 263, 265, 267, 265, 266, 265, 264, 262, 263, 264,
    263, 261, 264, 266, 262, 264, 262, 263, 265, 263, 263, 263, 261, 261,
    261, 262, 262, 262, 262 ]
headPositionsY: [ 77, 75, 72, 72, 72, 72, 76, 74, 75, 74, 76, 72, 76, 75,
    74, 77, 77, 76, 75, 77, 73, 77, 77, 75, 74, 77, 77, 78, 78, 74, 76,
    78, 77, 73, 76, 75, 77, 75, 78, 76, 79, 75, 75, 79, 77, 75, 80, 77,
    78, 77, 81, 83, 83, 84, 83, 83, 81, 78, 75, 76, 75, 77, 79, 87, 88,
    87, 87, 80, 79, 73, 74, 74, 77, 78, 85, 85, 84, 85, 82, 77, 75, 72,
    74, 72, 76, 77, 79, 80, 84, 80, 81, 78, 75, 74, 74, 74, 76, 76, 74,
    72 ]
