%YAML:1.0
---
videoName: "headNod12.mp4"
gestureLabel: 202
fps: 29
pixelSizeInCmTemp: 3.2808219178082193e-01
faceCenterPointX: 254
faceCenterPointY: 69
headPositionsX: [ 256, 254, 254, 252, 253, 252, 252, 254, 256, 256, 256,
    259, 257, 255, 256, 257, 257, 256, 254, 258, 253, 255, 259, 257, 258,
    257, 256, 255, 256, 254, 259, 256, 256, 252, 257, 254, 253, 257, 255,
    253, 252, 256, 256, 254, 254, 256, 255, 254, 255, 253, 253, 253, 254,
    254, 253, 252, 254, 256, 256, 256, 254, 255, 255, 255, 256, 254, 255,
    257, 255, 251, 256, 253, 253, 256, 255, 252, 255, 255, 256, 254, 254,
    253, 257, 253, 254, 252, 255, 255, 254, 255, 257, 256, 257, 254, 256,
    256, 254, 252, 253, 254 ]
headPositionsY: [ 68, 76, 74, 75, 71, 74, 73, 74, 73, 76, 75, 77, 73, 72,
    72, 73, 73, 75, 74, 72, 73, 71, 75, 73, 72, 73, 72, 76, 73, 76, 76,
    74, 74, 70, 74, 70, 71, 69, 66, 66, 62, 61, 65, 61, 65, 68, 67, 71,
    70, 74, 76, 77, 77, 75, 74, 71, 70, 66, 64, 64, 65, 64, 63, 65, 67,
    67, 71, 69, 75, 76, 76, 75, 74, 76, 73, 69, 68, 68, 70, 66, 64, 66,
    68, 68, 69, 69, 68, 73, 73, 75, 73, 76, 72, 70, 71, 70, 71, 68, 68,
    69 ]
