%YAML:1.0
---
videoName: "headShake46.mp4"
gestureLabel: 201
fps: 30
pixelSizeInCmTemp: 3.2364864864864862e-01
faceCenterPointX: 262
faceCenterPointY: 85
headPositionsX: [ 260, 258, 259, 261, 261, 259, 258, 259, 262, 259, 260,
    261, 258, 262, 259, 261, 259, 261, 260, 260, 262, 263, 261, 260, 262,
    260, 262, 258, 257, 263, 262, 268, 274, 275, 279, 278, 275, 271, 266,
    258, 253, 251, 251, 253, 257, 261, 265, 267, 269, 269, 265, 255, 254,
    256, 257, 257, 261, 265, 270, 269, 265, 260, 257, 259, 259, 262, 264,
    268, 271, 271, 270, 264, 262, 259, 259, 258, 260, 265, 264, 265, 263,
    264, 265, 261, 258, 260, 258, 260, 261, 259, 260, 260, 260, 262, 258,
    261, 260, 262, 263, 260 ]
headPositionsY: [ 83, 85, 83, 83, 83, 85, 86, 85, 83, 85, 86, 82, 84, 82,
    83, 83, 82, 85, 86, 86, 83, 84, 85, 83, 86, 82, 86, 82, 84, 83, 83,
    83, 80, 83, 80, 84, 82, 82, 85, 82, 84, 85, 87, 87, 84, 86, 85, 86,
    85, 86, 87, 83, 87, 83, 86, 85, 87, 85, 85, 85, 87, 85, 84, 84, 83,
    84, 82, 87, 87, 86, 85, 83, 86, 83, 87, 83, 85, 85, 83, 84, 85, 87,
    85, 85, 86, 83, 82, 85, 86, 85, 84, 83, 83, 85, 83, 86, 86, 87, 83,
    86 ]
