%YAML:1.0
---
videoName: "headLookUp3.mp4"
gestureLabel: 205
fps: 29
pixelSizeInCmTemp: 3.7421874999999999e-01
faceCenterPointX: 254
faceCenterPointY: 68
headPositionsX: [ 252, 254, 254, 257, 253, 255, 253, 254, 256, 256, 258,
    257, 255, 254, 254, 254, 257, 256, 258, 255, 259, 256, 257, 257, 258,
    255, 257, 258, 257, 257, 255, 256, 256, 259, 256, 254, 257, 254, 256,
    256, 255, 257, 255, 255, 256, 257, 257, 257, 255, 258, 257, 254, 254,
    257, 253, 258, 255, 254, 254, 254, 254, 258, 253, 258, 254, 254, 255,
    253, 254, 254, 255, 258, 257, 256, 253, 255, 254, 255, 258, 257, 256,
    253, 258, 252, 255, 255, 256, 257, 256, 255, 256, 256, 254, 258, 255,
    256, 253, 255, 255, 258 ]
headPositionsY: [ 70, 84, 82, 82, 80, 80, 82, 81, 82, 83, 84, 80, 80, 82,
    82, 83, 80, 80, 82, 80, 80, 81, 81, 83, 84, 80, 80, 80, 83, 84, 84,
    83, 80, 81, 82, 84, 84, 79, 78, 78, 81, 79, 78, 73, 71, 73, 72, 72,
    71, 70, 69, 68, 69, 66, 67, 66, 69, 66, 68, 67, 66, 69, 70, 68, 68,
    68, 65, 69, 68, 67, 66, 70, 67, 68, 68, 65, 70, 67, 69, 70, 69, 68,
    69, 69, 69, 65, 67, 66, 67, 69, 68, 65, 67, 69, 66, 70, 69, 67, 66,
    66 ]
