%YAML:1.0
---
videoName: "headShake22.mp4"
gestureLabel: 201
fps: 29
pixelSizeInCmTemp: 3.2364864864864862e-01
faceCenterPointX: 241
faceCenterPointY: 79
headPositionsX: [ 239, 241, 243, 242, 240, 241, 243, 241, 242, 245, 243,
    243, 243, 243, 240, 244, 243, 243, 240, 241, 240, 243, 241, 242, 242,
    243, 244, 243, 242, 241, 243, 244, 244, 243, 244, 241, 244, 243, 244,
    244, 241, 240, 242, 241, 241, 240, 245, 243, 241, 244, 243, 243, 244,
    241, 241, 240, 242, 241, 243, 244, 244, 244, 241, 244, 239, 241, 243,
    244, 243, 250, 253, 252, 258, 254, 251, 249, 246, 242, 241, 239, 235,
    237, 239, 242, 245, 244, 247, 244, 242, 244, 239, 242, 241, 239, 238,
    240, 242, 238, 241, 239 ]
headPositionsY: [ 78, 74, 75, 78, 76, 76, 75, 76, 74, 77, 78, 77, 75, 78,
    74, 77, 74, 78, 76, 75, 78, 76, 77, 76, 77, 77, 78, 78, 75, 76, 78,
    75, 74, 75, 78, 77, 78, 77, 77, 77, 80, 76, 78, 79, 75, 76, 75, 77,
    78, 74, 75, 77, 77, 75, 76, 78, 77, 75, 75, 74, 77, 77, 78, 78, 79,
    75, 78, 75, 75, 78, 75, 74, 74, 74, 76, 78, 78, 78, 77, 76, 77, 79,
    79, 78, 79, 76, 79, 78, 76, 77, 77, 79, 80, 78, 79, 77, 78, 80, 79,
    78 ]
