%YAML:1.0
---
videoName: "headLookRight0.mp4"
gestureLabel: 204
fps: 29
pixelSizeInCmTemp: 3.1933333333333330e-01
faceCenterPointX: 229
faceCenterPointY: 68
headPositionsX: [ 228, 258, 254, 257, 256, 258, 255, 258, 255, 254, 258,
    256, 257, 256, 259, 257, 255, 254, 258, 257, 256, 257, 258, 255, 258,
    255, 255, 253, 255, 257, 255, 254, 253, 257, 256, 254, 255, 254, 255,
    255, 251, 248, 250, 245, 240, 241, 236, 236, 236, 237, 232, 236, 236,
    234, 235, 236, 233, 236, 234, 231, 233, 231, 231, 235, 231, 232, 234,
    235, 234, 236, 231, 235, 231, 233, 234, 234, 232, 230, 232, 230, 232,
    229, 230, 230, 234, 230, 232, 233, 231, 232, 229, 232, 230, 226, 231,
    231, 231, 232, 226, 231 ]
headPositionsY: [ 70, 68, 63, 64, 66, 65, 64, 65, 65, 68, 67, 69, 67, 68,
    66, 65, 67, 64, 65, 66, 69, 66, 69, 66, 69, 69, 70, 68, 69, 69, 69,
    69, 67, 69, 69, 67, 68, 67, 70, 68, 69, 66, 68, 68, 69, 67, 67, 68,
    67, 66, 67, 70, 69, 70, 69, 70, 68, 66, 70, 65, 69, 67, 67, 70, 69,
    69, 65, 70, 69, 69, 66, 68, 69, 67, 67, 66, 66, 66, 68, 70, 66, 67,
    69, 67, 67, 68, 69, 67, 66, 66, 69, 67, 71, 67, 66, 66, 68, 66, 70,
    69 ]
