%YAML:1.0
---
videoName: "headNod14.mp4"
gestureLabel: 202
fps: 29
pixelSizeInCmTemp: 3.2808219178082193e-01
faceCenterPointX: 257
faceCenterPointY: 71
headPositionsX: [ 256, 260, 260, 259, 257, 255, 260, 260, 259, 257, 261,
    260, 259, 256, 257, 258, 259, 260, 258, 259, 260, 256, 259, 260, 257,
    260, 257, 259, 261, 258, 260, 258, 257, 261, 259, 260, 260, 259, 259,
    257, 259, 260, 262, 256, 261, 257, 260, 261, 260, 261, 259, 260, 258,
    260, 257, 256, 259, 256, 258, 257, 258, 259, 260, 260, 257, 259, 260,
    258, 259, 258, 261, 258, 258, 255, 255, 260, 256, 258, 259, 256, 260,
    260, 257, 256, 256, 257, 257, 254, 260, 256, 255, 256, 257, 255, 259,
    255, 255, 258, 258, 257 ]
headPositionsY: [ 72, 75, 78, 75, 76, 75, 76, 79, 75, 79, 75, 80, 78, 78,
    79, 79, 74, 77, 77, 75, 77, 77, 75, 77, 77, 78, 79, 75, 79, 79, 76,
    75, 76, 77, 76, 80, 77, 76, 79, 73, 73, 72, 72, 71, 68, 69, 69, 73,
    69, 75, 76, 78, 79, 80, 83, 81, 78, 81, 76, 75, 73, 72, 70, 71, 69,
    71, 73, 77, 76, 78, 82, 82, 81, 76, 77, 73, 68, 67, 69, 71, 73, 73,
    74, 76, 78, 78, 81, 79, 77, 76, 70, 70, 67, 69, 70, 72, 70, 70, 71,
    73 ]
