%YAML:1.0
---
videoName: "headLookRight0.mp4"
gestureLabel: 204
fps: 29
pixelSizeInCmTemp: 3.1933333333333330e-01
faceCenterPointX: 229
faceCenterPointY: 68
headPositionsX: [ 231, 255, 257, 257, 254, 254, 254, 258, 256, 254, 256,
    259, 254, 256, 258, 256, 258, 256, 256, 255, 255, 258, 255, 257, 259,
    254, 256, 257, 254, 259, 257, 256, 256, 255, 256, 254, 256, 256, 255,
    251, 253, 251, 249, 243, 241, 238, 238, 237, 234, 236, 235, 235, 233,
    235, 235, 232, 233, 234, 234, 233, 232, 231, 232, 236, 233, 231, 234,
    232, 233, 233, 231, 238, 232, 235, 233, 230, 228, 231, 232, 229, 236,
    230, 233, 229, 232, 230, 230, 229, 229, 228, 230, 229, 230, 229, 231,
    230, 229, 231, 227, 228 ]
headPositionsY: [ 70, 67, 65, 67, 65, 66, 64, 64, 64, 68, 65, 69, 65, 69,
    65, 69, 67, 65, 69, 66, 67, 65, 68, 69, 68, 65, 66, 67, 67, 66, 65,
    69, 70, 68, 67, 66, 66, 70, 66, 69, 67, 66, 66, 65, 66, 66, 69, 66,
    66, 69, 67, 70, 66, 69, 70, 67, 69, 70, 70, 69, 68, 68, 66, 69, 67,
    67, 65, 67, 65, 68, 69, 69, 66, 70, 67, 67, 66, 66, 71, 69, 68, 67,
    69, 66, 65, 67, 69, 66, 64, 66, 69, 66, 67, 71, 66, 68, 66, 66, 68,
    69 ]
