%YAML:1.0
---
videoName: "headNod0.mp4"
gestureLabel: 202
fps: 29
pixelSizeInCmTemp: 3.2364864864864862e-01
faceCenterPointX: 264
faceCenterPointY: 76
headPositionsX: [ 262, 265, 269, 270, 268, 267, 268, 265, 269, 268, 265,
    267, 268, 267, 266, 266, 266, 263, 264, 266, 266, 264, 265, 264, 264,
    264, 267, 263, 264, 267, 267, 264, 266, 267, 267, 266, 266, 267, 264,
    265, 266, 268, 266, 262, 265, 266, 266, 262, 262, 266, 264, 262, 264,
    267, 263, 266, 264, 266, 264, 267, 263, 265, 266, 266, 268, 266, 267,
    264, 267, 268, 264, 266, 262, 264, 265, 262, 264, 264, 264, 263, 265,
    265, 262, 266, 265, 266, 265, 265, 266, 262, 267, 265, 266, 266, 264,
    262, 262, 263, 266, 262 ]
headPositionsY: [ 75, 73, 73, 75, 73, 71, 72, 74, 76, 73, 73, 73, 72, 72,
    73, 71, 75, 72, 71, 71, 73, 74, 74, 76, 72, 73, 72, 74, 75, 71, 71,
    67, 67, 63, 63, 65, 64, 63, 64, 67, 69, 73, 71, 75, 77, 79, 80, 82,
    82, 80, 79, 75, 70, 73, 69, 66, 70, 67, 68, 68, 71, 70, 72, 73, 76,
    76, 81, 78, 80, 77, 77, 73, 70, 71, 70, 66, 68, 66, 70, 69, 69, 74,
    72, 74, 75, 75, 78, 78, 81, 80, 80, 79, 79, 76, 74, 74, 77, 74, 76,
    78 ]
