%YAML:1.0
---
videoName: "headShake8.mp4"
gestureLabel: 201
fps: 29
pixelSizeInCmTemp: 3.2364864864864862e-01
faceCenterPointX: 243
faceCenterPointY: 72
headPositionsX: [ 245, 244, 245, 244, 244, 245, 244, 243, 242, 246, 242,
    246, 241, 242, 245, 244, 245, 245, 241, 246, 242, 242, 245, 244, 245,
    246, 243, 244, 241, 244, 243, 243, 244, 246, 248, 248, 251, 256, 262,
    262, 266, 264, 266, 261, 258, 252, 244, 238, 237, 232, 233, 231, 231,
    236, 245, 250, 252, 260, 259, 257, 260, 253, 250, 244, 243, 238, 235,
    233, 236, 236, 236, 237, 241, 239, 244, 246, 245, 247, 248, 250, 252,
    249, 252, 251, 250, 250, 248, 247, 247, 244, 247, 243, 244, 241, 245,
    245, 245, 245, 245, 241 ]
headPositionsY: [ 73, 70, 72, 73, 73, 74, 70, 70, 71, 72, 72, 72, 73, 71,
    70, 70, 73, 70, 71, 74, 71, 73, 73, 74, 69, 72, 71, 71, 74, 73, 72,
    72, 72, 70, 71, 69, 72, 70, 68, 70, 71, 68, 72, 69, 70, 70, 74, 70,
    70, 73, 69, 70, 70, 73, 70, 72, 69, 69, 69, 70, 69, 70, 71, 70, 72,
    74, 73, 70, 71, 70, 72, 71, 71, 71, 72, 72, 73, 72, 72, 73, 73, 69,
    72, 69, 69, 71, 70, 73, 71, 69, 69, 72, 70, 70, 73, 69, 72, 74, 73,
    71 ]
