%YAML:1.0
---
videoName: "headNod25.mp4"
gestureLabel: 202
fps: 29
pixelSizeInCmTemp: 3.1933333333333330e-01
faceCenterPointX: 270
faceCenterPointY: 75
headPositionsX: [ 272, 270, 270, 269, 272, 269, 270, 271, 271, 270, 269,
    268, 270, 267, 272, 271, 269, 268, 270, 273, 270, 273, 273, 271, 272,
    271, 273, 272, 275, 272, 273, 272, 274, 270, 274, 272, 271, 274, 271,
    270, 273, 272, 272, 272, 271, 272, 269, 273, 272, 270, 269, 273, 272,
    270, 270, 270, 274, 270, 274, 272, 273, 269, 272, 269, 271, 269, 271,
    268, 270, 270, 270, 269, 269, 272, 272, 272, 268, 272, 271, 268, 272,
    272, 271, 268, 268, 271, 273, 273, 271, 270, 269, 273, 273, 272, 272,
    273, 269, 268, 272, 270 ]
headPositionsY: [ 76, 74, 74, 73, 74, 73, 73, 73, 72, 74, 73, 74, 74, 77,
    76, 73, 73, 73, 76, 75, 75, 76, 76, 74, 74, 74, 76, 73, 76, 76, 75,
    77, 75, 76, 76, 77, 76, 73, 77, 75, 72, 75, 75, 74, 76, 76, 76, 77,
    73, 71, 71, 70, 65, 63, 65, 65, 67, 68, 68, 70, 72, 77, 78, 84, 87,
    90, 87, 87, 85, 81, 78, 74, 70, 71, 70, 66, 69, 71, 73, 73, 76, 78,
    80, 79, 81, 79, 77, 76, 80, 77, 77, 76, 75, 74, 78, 77, 76, 76, 74,
    77 ]
