%YAML:1.0
---
videoName: "headLookUp2.mp4"
gestureLabel: 205
fps: 29
pixelSizeInCmTemp: 3.7421874999999999e-01
faceCenterPointX: 254
faceCenterPointY: 67
headPositionsX: [ 256, 258, 255, 254, 255, 255, 256, 256, 256, 255, 254,
    256, 257, 257, 256, 252, 255, 256, 253, 253, 256, 253, 255, 257, 256,
    255, 253, 256, 256, 252, 254, 256, 256, 255, 254, 254, 253, 253, 256,
    253, 253, 256, 254, 255, 255, 254, 256, 256, 254, 255, 254, 255, 257,
    252, 253, 253, 255, 252, 253, 254, 252, 255, 256, 250, 254, 250, 252,
    256, 255, 251, 256, 253, 254, 257, 255, 254, 255, 253, 251, 252, 252,
    254, 253, 255, 254, 251, 253, 257, 256, 252, 256, 252, 253, 256, 256,
    255, 252, 252, 257, 254 ]
headPositionsY: [ 65, 80, 80, 79, 81, 80, 80, 82, 82, 83, 84, 81, 81, 83,
    79, 82, 82, 83, 80, 80, 82, 80, 79, 83, 83, 83, 83, 83, 78, 82, 81,
    79, 82, 83, 82, 82, 81, 81, 80, 82, 80, 78, 75, 77, 75, 74, 73, 71,
    69, 68, 68, 67, 66, 67, 66, 69, 67, 67, 69, 69, 67, 65, 66, 68, 69,
    68, 69, 68, 68, 65, 69, 67, 70, 68, 67, 70, 67, 69, 70, 69, 69, 66,
    70, 66, 70, 70, 64, 68, 68, 69, 71, 69, 66, 70, 66, 67, 64, 67, 67,
    69 ]
