%YAML:1.0
---
videoName: "headShake17.mp4"
gestureLabel: 201
fps: 29
pixelSizeInCmTemp: 3.3263888888888887e-01
faceCenterPointX: 242
faceCenterPointY: 76
headPositionsX: [ 243, 241, 239, 236, 235, 240, 238, 242, 243, 248, 252,
    252, 261, 258, 257, 256, 256, 250, 245, 240, 238, 232, 231, 228, 225,
    229, 229, 233, 235, 238, 246, 246, 249, 252, 254, 251, 251, 252, 249,
    246, 243, 241, 238, 236, 232, 234, 233, 233, 232, 235, 239, 239, 240,
    245, 246, 245, 244, 246, 246, 243, 241, 243, 241, 238, 240, 241, 240,
    240, 239, 239, 241, 242, 240, 242, 238, 243, 242, 242, 243, 243, 241,
    243, 241, 241, 242, 242, 241, 239, 243, 241, 239, 240, 239, 239, 241,
    241, 244, 240, 240, 241 ]
headPositionsY: [ 77, 74, 77, 77, 74, 75, 75, 77, 77, 73, 75, 75, 77, 77,
    73, 78, 73, 78, 78, 79, 78, 75, 78, 77, 76, 76, 77, 77, 79, 77, 78,
    74, 76, 76, 73, 75, 75, 76, 76, 77, 78, 75, 80, 77, 78, 75, 78, 75,
    79, 76, 78, 76, 76, 79, 78, 78, 77, 79, 76, 78, 78, 75, 75, 78, 75,
    74, 78, 77, 76, 76, 76, 75, 76, 76, 78, 74, 76, 74, 77, 74, 78, 76,
    78, 78, 74, 76, 79, 77, 75, 77, 78, 76, 76, 76, 77, 78, 75, 77, 77,
    78 ]
