%YAML:1.0
---
videoName: "headLookRight5.mp4"
gestureLabel: 204
fps: 29
pixelSizeInCmTemp: 3.1513157894736843e-01
faceCenterPointX: 228
faceCenterPointY: 76
headPositionsX: [ 227, 251, 247, 252, 251, 249, 250, 250, 251, 251, 248,
    250, 249, 250, 252, 247, 247, 252, 251, 250, 250, 248, 250, 247, 249,
    250, 248, 251, 250, 246, 246, 250, 247, 247, 241, 241, 238, 234, 232,
    228, 228, 230, 224, 227, 223, 227, 223, 224, 227, 230, 227, 224, 223,
    225, 226, 224, 225, 227, 223, 223, 223, 223, 225, 224, 228, 229, 227,
    226, 226, 227, 226, 224, 225, 227, 226, 227, 229, 225, 224, 226, 225,
    223, 227, 226, 225, 226, 225, 221, 227, 224, 224, 228, 226, 227, 223,
    223, 223, 224, 223, 225 ]
headPositionsY: [ 75, 72, 73, 74, 73, 74, 75, 72, 77, 73, 75, 76, 72, 76,
    77, 76, 77, 76, 76, 76, 75, 75, 75, 72, 75, 76, 77, 77, 76, 74, 73,
    73, 75, 75, 74, 73, 72, 72, 76, 73, 73, 75, 76, 74, 73, 74, 72, 75,
    75, 76, 71, 76, 75, 73, 72, 74, 74, 74, 75, 75, 76, 76, 75, 74, 76,
    76, 76, 75, 76, 73, 76, 75, 73, 76, 75, 72, 72, 75, 75, 69, 77, 74,
    76, 76, 75, 75, 75, 73, 74, 76, 72, 74, 74, 74, 73, 73, 72, 73, 74,
    73 ]
