%YAML:1.0
---
videoName: "headNod2.mp4"
gestureLabel: 202
fps: 29
pixelSizeInCmTemp: 3.2364864864864862e-01
faceCenterPointX: 263
faceCenterPointY: 70
headPositionsX: [ 262, 261, 264, 262, 261, 263, 261, 262, 262, 263, 264,
    262, 263, 262, 262, 262, 262, 263, 264, 265, 262, 263, 263, 263, 260,
    262, 264, 264, 265, 262, 261, 263, 262, 261, 261, 262, 260, 262, 261,
    260, 261, 262, 263, 264, 262, 260, 260, 263, 264, 262, 263, 261, 260,
    263, 264, 260, 261, 263, 260, 262, 264, 265, 261, 264, 262, 262, 261,
    264, 261, 262, 263, 262, 264, 262, 264, 263, 262, 262, 263, 260, 262,
    264, 261, 264, 260, 261, 261, 265, 265, 263, 262, 265, 261, 263, 263,
    264, 264, 263, 266, 264 ]
headPositionsY: [ 72, 75, 76, 77, 75, 77, 77, 77, 75, 73, 76, 76, 77, 73,
    76, 77, 77, 77, 75, 73, 75, 73, 75, 75, 72, 77, 76, 74, 76, 75, 73,
    74, 74, 76, 74, 73, 76, 76, 73, 76, 74, 72, 74, 73, 73, 72, 73, 74,
    72, 74, 69, 71, 69, 71, 77, 79, 81, 80, 78, 71, 70, 74, 74, 74, 75,
    76, 74, 72, 72, 72, 69, 72, 73, 75, 76, 74, 73, 73, 71, 72, 73, 75,
    77, 76, 73, 73, 71, 70, 70, 71, 71, 72, 69, 73, 72, 71, 70, 70, 69,
    72 ]
