%YAML:1.0
---
videoName: "headNod22.mp4"
gestureLabel: 202
fps: 29
pixelSizeInCmTemp: 3.1513157894736843e-01
faceCenterPointX: 252
faceCenterPointY: 80
headPositionsX: [ 251, 251, 253, 252, 254, 254, 250, 252, 253, 250, 251,
    254, 254, 252, 254, 251, 253, 254, 255, 255, 254, 255, 251, 255, 251,
    254, 252, 251, 252, 253, 251, 255, 255, 256, 254, 253, 251, 257, 253,
    251, 256, 256, 252, 256, 251, 255, 255, 254, 251, 251, 251, 253, 252,
    252, 250, 253, 253, 253, 249, 251, 251, 255, 252, 251, 251, 251, 254,
    251, 254, 251, 252, 252, 254, 255, 251, 253, 253, 250, 251, 251, 251,
    252, 253, 252, 251, 253, 254, 250, 251, 252, 249, 253, 252, 252, 251,
    250, 249, 250, 253, 251 ]
headPositionsY: [ 82, 77, 77, 80, 80, 75, 79, 77, 77, 78, 78, 81, 76, 78,
    79, 80, 78, 76, 80, 78, 80, 78, 78, 78, 79, 84, 85, 83, 81, 78, 77,
    72, 71, 70, 71, 71, 72, 80, 80, 80, 86, 83, 82, 75, 73, 71, 72, 70,
    70, 72, 74, 80, 84, 84, 84, 84, 82, 77, 75, 73, 72, 72, 72, 73, 74,
    78, 82, 78, 78, 76, 76, 77, 74, 75, 76, 76, 79, 79, 79, 78, 78, 77,
    75, 77, 77, 78, 82, 80, 82, 78, 80, 77, 76, 79, 82, 82, 83, 83, 82,
    81 ]
