%YAML:1.0
---
videoName: "headNod49.mp4"
gestureLabel: 202
fps: 29
pixelSizeInCmTemp: 2.9207317073170730e-01
faceCenterPointX: 263
faceCenterPointY: 74
headPositionsX: [ 261, 265, 267, 264, 266, 265, 264, 263, 265, 265, 263,
    264, 264, 262, 265, 265, 262, 263, 266, 264, 263, 265, 262, 266, 264,
    263, 265, 263, 265, 263, 263, 264, 261, 262, 262, 266, 265, 265, 263,
    266, 265, 264, 264, 263, 261, 261, 261, 262, 264, 263, 262, 263, 263,
    264, 264, 264, 264, 262, 265, 263, 262, 263, 262, 263, 262, 266, 264,
    263, 266, 262, 265, 263, 263, 266, 262, 261, 262, 265, 266, 261, 265,
    264, 262, 262, 263, 263, 263, 262, 260, 263, 264, 263, 262, 263, 263,
    266, 263, 261, 263, 262 ]
headPositionsY: [ 75, 72, 70, 70, 70, 71, 70, 74, 72, 71, 70, 71, 70, 70,
    69, 67, 70, 69, 67, 69, 69, 70, 71, 76, 77, 78, 79, 79, 76, 76, 71,
    69, 70, 70, 70, 68, 71, 72, 75, 76, 81, 79, 77, 75, 76, 71, 72, 71,
    72, 72, 73, 75, 76, 78, 79, 76, 79, 77, 74, 73, 72, 75, 73, 72, 71,
    75, 74, 77, 80, 77, 78, 79, 75, 73, 77, 73, 76, 76, 73, 75, 75, 73,
    76, 73, 76, 76, 72, 72, 76, 73, 76, 74, 74, 74, 74, 75, 73, 73, 75,
    73 ]
