%YAML:1.0
---
videoName: "headShake5.mp4"
gestureLabel: 201
fps: 30
pixelSizeInCmTemp: 3.3263888888888887e-01
faceCenterPointX: 275
faceCenterPointY: 73
headPositionsX: [ 275, 275, 276, 275, 278, 279, 281, 277, 278, 277, 278,
    276, 276, 276, 279, 280, 276, 277, 279, 278, 278, 277, 280, 275, 277,
    277, 280, 276, 280, 275, 277, 279, 278, 279, 283, 285, 290, 293, 297,
    294, 297, 292, 292, 285, 277, 273, 266, 266, 263, 264, 270, 273, 279,
    287, 290, 292, 287, 285, 281, 276, 270, 265, 263, 266, 266, 272, 275,
    282, 283, 282, 287, 282, 283, 278, 275, 273, 266, 266, 268, 267, 269,
    272, 273, 277, 281, 284, 282, 280, 279, 283, 282, 280, 276, 278, 274,
    274, 275, 273, 275, 274 ]
headPositionsY: [ 75, 72, 71, 75, 74, 73, 73, 71, 73, 71, 74, 72, 72, 72,
    72, 74, 74, 73, 74, 72, 73, 75, 72, 73, 72, 71, 75, 71, 74, 72, 75,
    71, 72, 75, 71, 75, 70, 74, 71, 74, 74, 72, 74, 74, 73, 75, 75, 72,
    72, 74, 75, 76, 73, 72, 71, 74, 75, 74, 77, 76, 76, 73, 76, 73, 72,
    74, 74, 72, 74, 73, 72, 76, 72, 73, 72, 73, 75, 70, 73, 70, 73, 71,
    72, 72, 72, 73, 74, 72, 70, 74, 71, 75, 71, 72, 72, 71, 71, 72, 71,
    74 ]
