%YAML:1.0
---
videoName: "headShake46.mp4"
gestureLabel: 201
fps: 30
pixelSizeInCmTemp: 3.2364864864864862e-01
faceCenterPointX: 262
faceCenterPointY: 85
headPositionsX: [ 261, 261, 259, 258, 260, 260, 262, 259, 261, 261, 260,
    259, 261, 260, 262, 261, 258, 259, 260, 259, 259, 261, 261, 260, 260,
    257, 258, 258, 261, 261, 264, 269, 270, 274, 280, 279, 275, 270, 264,
    258, 254, 249, 248, 252, 254, 263, 269, 267, 270, 268, 264, 256, 253,
    255, 253, 259, 265, 268, 270, 265, 264, 264, 261, 257, 255, 258, 261,
    268, 267, 269, 270, 264, 264, 260, 259, 258, 262, 265, 265, 264, 263,
    263, 262, 260, 261, 262, 260, 262, 260, 263, 259, 261, 259, 262, 260,
    262, 263, 262, 263, 260 ]
headPositionsY: [ 85, 85, 85, 82, 86, 84, 84, 86, 85, 86, 84, 82, 83, 83,
    84, 82, 86, 87, 83, 83, 86, 85, 85, 84, 84, 86, 85, 84, 85, 82, 84,
    83, 80, 81, 82, 83, 82, 84, 86, 83, 83, 83, 86, 84, 86, 84, 86, 82,
    84, 87, 85, 85, 87, 87, 83, 87, 85, 85, 86, 87, 86, 83, 85, 83, 84,
    85, 84, 85, 84, 84, 83, 83, 84, 83, 84, 83, 83, 86, 85, 83, 83, 85,
    83, 84, 85, 86, 82, 86, 86, 82, 87, 85, 85, 86, 84, 87, 83, 87, 86,
    87 ]
