%YAML:1.0
---
videoName: "headLookRight6.mp4"
gestureLabel: 204
fps: 29
pixelSizeInCmTemp: 3.8015873015873014e-01
faceCenterPointX: 226
faceCenterPointY: 72
headPositionsX: [ 228, 252, 247, 250, 249, 246, 248, 250, 249, 250, 247,
    248, 249, 251, 248, 252, 252, 251, 248, 253, 250, 250, 252, 250, 250,
    250, 249, 254, 252, 252, 251, 249, 249, 248, 249, 246, 243, 240, 237,
    234, 233, 233, 228, 232, 229, 227, 228, 227, 222, 225, 225, 224, 225,
    227, 225, 230, 225, 227, 228, 228, 229, 225, 229, 225, 228, 224, 223,
    226, 228, 227, 225, 229, 226, 227, 224, 223, 229, 225, 227, 228, 225,
    226, 226, 226, 223, 228, 231, 230, 226, 227, 228, 226, 228, 228, 227,
    227, 223, 228, 227, 225 ]
headPositionsY: [ 73, 74, 69, 74, 71, 72, 70, 74, 75, 72, 73, 72, 75, 74,
    72, 74, 72, 75, 75, 73, 75, 75, 72, 73, 73, 74, 73, 73, 73, 75, 73,
    76, 74, 73, 76, 76, 72, 73, 73, 72, 71, 74, 74, 76, 71, 74, 73, 72,
    74, 73, 75, 68, 73, 72, 73, 76, 74, 77, 70, 74, 76, 76, 78, 69, 77,
    69, 71, 75, 78, 74, 76, 76, 72, 72, 71, 71, 74, 72, 73, 75, 77, 76,
    72, 70, 72, 73, 76, 73, 73, 73, 73, 74, 75, 73, 68, 76, 70, 74, 74,
    70 ]
