%YAML:1.0
---
videoName: "headShake5.mp4"
gestureLabel: 201
fps: 30
pixelSizeInCmTemp: 3.3263888888888887e-01
faceCenterPointX: 275
faceCenterPointY: 73
headPositionsX: [ 276, 276, 276, 275, 280, 279, 281, 276, 278, 279, 277,
    276, 277, 279, 278, 278, 277, 277, 277, 276, 278, 277, 277, 279, 279,
    278, 276, 277, 277, 278, 276, 276, 277, 281, 284, 283, 287, 293, 297,
    294, 293, 291, 292, 284, 277, 274, 265, 264, 264, 266, 267, 276, 283,
    286, 288, 291, 286, 283, 280, 272, 266, 261, 262, 266, 267, 269, 274,
    280, 281, 282, 286, 284, 281, 278, 274, 270, 267, 267, 268, 268, 267,
    270, 272, 278, 281, 283, 281, 280, 281, 280, 280, 280, 277, 276, 275,
    273, 273, 276, 274, 275 ]
headPositionsY: [ 75, 71, 72, 74, 72, 73, 75, 74, 75, 75, 75, 72, 74, 73,
    73, 74, 74, 74, 75, 73, 73, 71, 74, 74, 72, 74, 74, 73, 75, 73, 75,
    71, 74, 73, 73, 75, 73, 74, 73, 70, 71, 72, 73, 74, 76, 76, 71, 76,
    72, 73, 75, 74, 73, 75, 73, 74, 72, 76, 74, 75, 77, 76, 72, 75, 76,
    74, 76, 74, 75, 72, 72, 75, 76, 76, 74, 72, 73, 72, 70, 71, 75, 73,
    70, 70, 73, 75, 71, 74, 71, 70, 70, 74, 72, 73, 71, 74, 74, 75, 71,
    75 ]
