%YAML:1.0
---
videoName: "headShake44.mp4"
gestureLabel: 201
fps: 30
pixelSizeInCmTemp: 3.2808219178082193e-01
faceCenterPointX: 260
faceCenterPointY: 84
headPositionsX: [ 260, 262, 259, 259, 262, 260, 262, 260, 259, 259, 260,
    261, 260, 260, 263, 263, 260, 259, 262, 260, 261, 263, 260, 263, 263,
    260, 262, 259, 259, 260, 261, 260, 261, 262, 258, 260, 260, 258, 260,
    264, 264, 270, 274, 272, 275, 274, 273, 267, 262, 255, 254, 253, 248,
    252, 254, 262, 268, 269, 270, 269, 268, 263, 260, 253, 253, 255, 257,
    265, 271, 270, 270, 269, 265, 261, 258, 252, 253, 253, 252, 256, 258,
    261, 258, 261, 261, 261, 264, 264, 263, 263, 261, 262, 259, 260, 260,
    260, 262, 263, 262, 259 ]
headPositionsY: [ 86, 81, 82, 84, 82, 82, 80, 82, 80, 81, 82, 82, 82, 84,
    84, 82, 85, 82, 85, 80, 85, 84, 81, 81, 84, 80, 83, 85, 82, 80, 84,
    83, 82, 82, 83, 82, 85, 85, 83, 85, 81, 84, 83, 81, 81, 82, 80, 86,
    86, 84, 83, 83, 85, 84, 83, 84, 82, 81, 83, 86, 84, 85, 86, 86, 82,
    83, 84, 83, 85, 83, 85, 84, 85, 84, 82, 82, 84, 83, 84, 83, 82, 84,
    86, 86, 85, 85, 86, 84, 86, 84, 82, 84, 84, 86, 83, 84, 84, 85, 86,
    87 ]
