%YAML:1.0
---
videoName: "headLookLeft0.mp4"
gestureLabel: 203
fps: 29
pixelSizeInCmTemp: 3.6287878787878786e-01
faceCenterPointX: 286
faceCenterPointY: 69
headPositionsX: [ 284, 255, 254, 254, 256, 256, 254, 256, 255, 251, 251,
    251, 255, 256, 252, 254, 250, 253, 256, 251, 253, 255, 255, 255, 252,
    255, 256, 256, 256, 253, 255, 253, 253, 255, 254, 253, 256, 255, 257,
    254, 255, 256, 258, 255, 254, 255, 253, 257, 257, 253, 255, 257, 257,
    257, 254, 256, 257, 255, 255, 257, 255, 254, 253, 253, 256, 254, 254,
    254, 254, 255, 257, 256, 257, 257, 256, 256, 254, 258, 259, 259, 260,
    266, 264, 268, 270, 273, 273, 278, 285, 276, 281, 276, 279, 284, 287,
    288, 288, 287, 285, 286 ]
headPositionsY: [ 67, 70, 68, 67, 68, 69, 67, 67, 71, 66, 67, 70, 70, 68,
    70, 69, 68, 71, 70, 67, 68, 71, 67, 72, 70, 72, 68, 70, 69, 71, 72,
    70, 71, 69, 73, 69, 70, 72, 72, 73, 70, 72, 72, 72, 69, 70, 73, 73,
    70, 69, 69, 70, 69, 72, 72, 70, 73, 72, 73, 69, 71, 71, 73, 72, 74,
    70, 71, 70, 70, 73, 69, 73, 71, 69, 70, 70, 72, 69, 71, 72, 69, 71,
    72, 70, 71, 67, 67, 68, 71, 65, 64, 67, 68, 67, 71, 69, 69, 69, 68,
    68 ]
