%YAML:1.0
---
videoName: "headLookUp6.mp4"
gestureLabel: 205
fps: 30
pixelSizeInCmTemp: 3.7421874999999999e-01
faceCenterPointX: 255
faceCenterPointY: 70
headPositionsX: [ 255, 255, 255, 257, 255, 255, 256, 254, 254, 253, 257,
    257, 254, 256, 256, 253, 258, 253, 257, 255, 252, 254, 257, 256, 254,
    256, 254, 256, 254, 255, 255, 255, 254, 254, 255, 254, 256, 255, 254,
    255, 252, 257, 256, 257, 256, 254, 251, 257, 253, 255, 256, 252, 253,
    253, 255, 255, 254, 254, 252, 253, 254, 255, 254, 256, 252, 254, 255,
    256, 253, 254, 255, 255, 257, 254, 253, 255, 256, 256, 257, 254, 254,
    254, 253, 256, 256, 252, 255, 255, 255, 254, 255, 254, 257, 257, 254,
    253, 254, 256, 254, 257 ]
headPositionsY: [ 70, 83, 82, 82, 81, 84, 81, 82, 83, 82, 81, 81, 82, 83,
    85, 81, 82, 82, 84, 83, 80, 81, 83, 84, 81, 79, 77, 78, 76, 75, 74,
    70, 73, 69, 71, 69, 72, 67, 67, 71, 67, 71, 70, 68, 68, 67, 65, 70,
    70, 69, 67, 69, 68, 68, 69, 67, 70, 70, 70, 70, 69, 67, 70, 71, 66,
    70, 68, 67, 70, 72, 68, 69, 72, 69, 69, 68, 70, 68, 66, 71, 69, 67,
    71, 69, 69, 69, 69, 70, 72, 68, 71, 70, 68, 68, 69, 67, 68, 70, 68,
    70 ]
