%YAML:1.0
---
videoName: "headShake7.mp4"
gestureLabel: 201
fps: 29
pixelSizeInCmTemp: 3.3263888888888887e-01
faceCenterPointX: 244
faceCenterPointY: 72
headPositionsX: [ 244, 241, 241, 241, 243, 242, 243, 244, 241, 243, 244,
    246, 251, 255, 254, 257, 261, 259, 258, 256, 252, 249, 241, 233, 231,
    231, 234, 238, 247, 252, 256, 260, 260, 258, 253, 249, 246, 238, 231,
    230, 227, 229, 232, 234, 239, 245, 251, 252, 255, 255, 255, 251, 244,
    241, 239, 235, 232, 229, 229, 236, 240, 244, 249, 251, 253, 257, 260,
    255, 252, 253, 247, 243, 240, 237, 236, 234, 236, 234, 237, 236, 240,
    239, 244, 244, 245, 246, 249, 246, 248, 245, 246, 247, 244, 243, 242,
    244, 245, 245, 245, 242 ]
headPositionsY: [ 70, 70, 71, 69, 72, 73, 69, 70, 73, 71, 71, 71, 71, 69,
    72, 68, 70, 70, 70, 71, 70, 71, 70, 69, 71, 69, 73, 73, 73, 69, 69,
    66, 67, 72, 73, 72, 72, 71, 70, 68, 69, 69, 71, 71, 70, 72, 69, 70,
    70, 71, 72, 73, 72, 70, 69, 69, 70, 71, 71, 70, 71, 73, 69, 72, 72,
    67, 67, 67, 68, 71, 69, 70, 69, 71, 69, 70, 69, 71, 69, 73, 71, 71,
    69, 74, 71, 73, 70, 72, 72, 73, 74, 73, 71, 70, 73, 74, 72, 71, 74,
    73 ]
