%YAML:1.0
---
videoName: "headNod7.mp4"
gestureLabel: 202
fps: 29
pixelSizeInCmTemp: 3.2808219178082193e-01
faceCenterPointX: 261
faceCenterPointY: 71
headPositionsX: [ 262, 267, 267, 264, 267, 263, 265, 265, 267, 262, 261,
    262, 263, 264, 260, 263, 261, 265, 262, 263, 260, 262, 261, 260, 262,
    263, 264, 260, 262, 261, 261, 263, 259, 260, 261, 259, 263, 260, 263,
    263, 263, 262, 259, 260, 263, 260, 263, 264, 260, 260, 262, 260, 263,
    262, 265, 262, 259, 263, 264, 262, 260, 262, 262, 260, 262, 263, 260,
    259, 263, 258, 258, 262, 260, 259, 259, 260, 262, 260, 262, 261, 264,
    260, 263, 259, 264, 262, 259, 260, 262, 260, 259, 264, 263, 263, 260,
    260, 262, 259, 260, 261 ]
headPositionsY: [ 72, 76, 73, 74, 73, 70, 73, 73, 73, 73, 76, 70, 75, 76,
    73, 76, 73, 75, 73, 76, 77, 75, 75, 77, 74, 74, 77, 76, 76, 73, 74,
    77, 75, 75, 72, 75, 75, 76, 73, 77, 76, 76, 76, 73, 74, 74, 75, 78,
    75, 73, 72, 69, 72, 70, 75, 76, 78, 81, 82, 76, 76, 70, 69, 71, 71,
    74, 74, 76, 81, 81, 77, 75, 74, 70, 70, 68, 72, 72, 71, 73, 74, 78,
    80, 76, 78, 75, 77, 75, 71, 72, 70, 72, 71, 69, 69, 73, 71, 69, 72,
    73 ]
