%YAML:1.0
---
videoName: "headShake32.mp4"
gestureLabel: 201
fps: 29
pixelSizeInCmTemp: 3.2808219178082193e-01
faceCenterPointX: 237
faceCenterPointY: 77
headPositionsX: [ 237, 237, 236, 235, 235, 236, 238, 238, 240, 241, 240,
    242, 240, 238, 239, 242, 238, 241, 238, 241, 239, 239, 239, 238, 239,
    241, 241, 239, 241, 238, 237, 240, 237, 237, 240, 239, 238, 238, 239,
    240, 245, 246, 246, 249, 250, 250, 251, 249, 252, 250, 249, 250, 248,
    243, 242, 237, 239, 232, 231, 229, 232, 229, 228, 227, 227, 225, 228,
    230, 232, 232, 233, 237, 239, 243, 247, 249, 249, 252, 247, 250, 250,
    247, 244, 246, 244, 241, 242, 238, 237, 240, 239, 237, 238, 239, 238,
    238, 237, 235, 238, 240 ]
headPositionsY: [ 79, 71, 74, 71, 76, 73, 70, 75, 74, 76, 74, 72, 75, 71,
    72, 74, 72, 73, 73, 75, 72, 75, 73, 76, 72, 75, 73, 76, 73, 73, 74,
    75, 73, 74, 77, 76, 73, 73, 74, 75, 76, 74, 75, 73, 73, 75, 71, 74,
    73, 74, 73, 73, 76, 76, 77, 77, 76, 74, 76, 78, 77, 76, 73, 77, 77,
    73, 74, 74, 74, 76, 76, 74, 76, 74, 75, 76, 76, 74, 77, 76, 78, 75,
    78, 78, 75, 79, 78, 78, 76, 79, 78, 79, 78, 75, 78, 78, 76, 75, 76,
    78 ]
