%YAML:1.0
---
videoName: "headShake7.mp4"
gestureLabel: 201
fps: 29
pixelSizeInCmTemp: 3.3263888888888887e-01
faceCenterPointX: 244
faceCenterPointY: 72
headPositionsX: [ 246, 245, 244, 244, 243, 243, 240, 245, 241, 245, 244,
    249, 251, 254, 257, 255, 259, 261, 259, 257, 251, 247, 242, 233, 234,
    231, 235, 239, 246, 251, 258, 259, 259, 256, 254, 251, 242, 236, 232,
    230, 227, 226, 230, 234, 242, 246, 248, 254, 253, 257, 253, 247, 244,
    242, 237, 235, 232, 230, 229, 236, 239, 246, 249, 254, 253, 255, 258,
    256, 253, 249, 248, 246, 241, 235, 234, 236, 234, 234, 235, 236, 241,
    241, 245, 244, 244, 244, 245, 249, 249, 245, 246, 245, 244, 247, 244,
    243, 243, 244, 244, 244 ]
headPositionsY: [ 72, 73, 69, 70, 73, 69, 69, 72, 70, 71, 71, 70, 71, 67,
    71, 67, 69, 67, 67, 69, 72, 72, 70, 70, 70, 70, 71, 71, 69, 71, 70,
    70, 69, 72, 72, 72, 69, 72, 70, 72, 71, 73, 70, 72, 72, 72, 70, 67,
    70, 70, 68, 71, 71, 71, 70, 70, 72, 67, 71, 70, 70, 70, 72, 70, 68,
    71, 70, 69, 69, 71, 71, 72, 69, 68, 71, 71, 72, 68, 69, 69, 72, 71,
    70, 72, 72, 73, 72, 71, 72, 73, 71, 71, 74, 71, 70, 74, 74, 74, 72,
    72 ]
