%YAML:1.0
---
videoName: "headShake45.mp4"
gestureLabel: 201
fps: 30
pixelSizeInCmTemp: 3.3263888888888887e-01
faceCenterPointX: 262
faceCenterPointY: 84
headPositionsX: [ 264, 260, 260, 262, 262, 262, 264, 264, 265, 263, 263,
    264, 260, 263, 262, 264, 263, 263, 260, 260, 261, 264, 260, 264, 263,
    264, 259, 264, 260, 261, 263, 262, 264, 262, 261, 260, 261, 258, 258,
    258, 256, 256, 259, 264, 272, 277, 281, 284, 278, 276, 273, 269, 261,
    254, 253, 252, 259, 264, 266, 270, 276, 273, 273, 269, 263, 260, 254,
    256, 255, 262, 263, 269, 269, 269, 269, 269, 266, 262, 259, 257, 256,
    255, 262, 261, 265, 265, 261, 262, 261, 258, 258, 259, 259, 262, 262,
    261, 261, 262, 262, 263 ]
headPositionsY: [ 84, 79, 84, 80, 80, 79, 79, 81, 84, 82, 80, 81, 82, 82,
    80, 81, 80, 83, 84, 84, 80, 80, 82, 83, 84, 81, 80, 81, 81, 83, 82,
    83, 83, 80, 82, 83, 83, 81, 81, 82, 83, 83, 82, 83, 84, 81, 80, 82,
    81, 80, 83, 83, 81, 84, 81, 86, 84, 82, 83, 80, 79, 83, 82, 80, 85,
    84, 84, 83, 85, 81, 85, 80, 84, 79, 81, 82, 82, 83, 84, 82, 83, 82,
    82, 83, 83, 83, 81, 81, 83, 81, 82, 83, 81, 81, 84, 83, 86, 84, 85,
    83 ]
