%YAML:1.0
---
videoName: "headNod44.mp4"
gestureLabel: 202
fps: 29
pixelSizeInCmTemp: 2.9567901234567900e-01
faceCenterPointX: 268
faceCenterPointY: 78
headPositionsX: [ 269, 270, 270, 272, 268, 270, 269, 268, 268, 270, 266,
    267, 269, 270, 271, 269, 270, 267, 271, 270, 267, 269, 269, 267, 267,
    266, 270, 269, 268, 267, 270, 266, 269, 269, 270, 268, 267, 267, 268,
    268, 267, 267, 265, 266, 267, 264, 267, 269, 266, 269, 267, 270, 265,
    269, 267, 270, 268, 266, 270, 266, 267, 269, 269, 266, 269, 269, 270,
    269, 270, 269, 269, 269, 269, 266, 271, 269, 267, 269, 267, 269, 271,
    267, 269, 268, 267, 266, 267, 268, 270, 267, 268, 268, 268, 266, 266,
    269, 266, 268, 269, 268 ]
headPositionsY: [ 78, 75, 75, 76, 76, 76, 76, 73, 72, 75, 72, 72, 73, 73,
    76, 77, 75, 77, 78, 83, 87, 88, 93, 93, 94, 93, 90, 85, 79, 77, 74,
    72, 69, 70, 71, 77, 80, 82, 84, 86, 87, 84, 78, 79, 74, 70, 73, 73,
    77, 78, 87, 86, 93, 88, 88, 84, 77, 75, 77, 75, 76, 78, 78, 82, 87,
    84, 86, 80, 80, 77, 77, 77, 77, 80, 78, 83, 82, 87, 88, 88, 82, 84,
    82, 77, 76, 80, 75, 80, 75, 78, 79, 77, 78, 79, 75, 77, 78, 75, 77,
    78 ]
