%YAML:1.0
---
videoName: "headLookLeft1.mp4"
gestureLabel: 203
fps: 30
pixelSizeInCmTemp: 3.6287878787878786e-01
faceCenterPointX: 276
faceCenterPointY: 73
headPositionsX: [ 276, 255, 258, 258, 257, 258, 256, 256, 258, 253, 256,
    257, 256, 257, 254, 255, 255, 255, 255, 254, 255, 258, 258, 256, 255,
    255, 254, 256, 255, 257, 255, 257, 255, 255, 257, 255, 254, 255, 258,
    258, 256, 256, 255, 254, 255, 257, 255, 254, 255, 255, 253, 253, 253,
    256, 254, 257, 259, 258, 258, 259, 260, 264, 263, 264, 266, 268, 274,
    275, 272, 277, 279, 277, 276, 274, 270, 280, 278, 278, 278, 277, 279,
    277, 276, 277, 278, 279, 278, 281, 277, 275, 281, 276, 278, 278, 273,
    278, 280, 275, 276, 276 ]
headPositionsY: [ 74, 78, 74, 76, 74, 78, 77, 76, 76, 77, 73, 74, 73, 77,
    75, 77, 74, 75, 77, 77, 75, 78, 76, 79, 79, 79, 78, 79, 75, 78, 80,
    78, 79, 81, 79, 76, 76, 80, 77, 78, 81, 80, 79, 78, 79, 81, 78, 80,
    77, 78, 80, 76, 79, 78, 79, 78, 77, 77, 77, 80, 80, 81, 78, 78, 77,
    76, 77, 75, 75, 80, 75, 73, 74, 76, 72, 75, 73, 77, 77, 74, 74, 77,
    74, 74, 75, 75, 73, 76, 77, 75, 73, 75, 76, 77, 77, 75, 75, 78, 75,
    73 ]
