%YAML:1.0
---
videoName: "headShake6.mp4"
gestureLabel: 201
fps: 29
pixelSizeInCmTemp: 3.2808219178082193e-01
faceCenterPointX: 244
faceCenterPointY: 68
headPositionsX: [ 246, 245, 247, 247, 244, 243, 245, 246, 246, 246, 244,
    246, 244, 248, 243, 246, 244, 247, 245, 244, 248, 247, 243, 246, 247,
    243, 246, 246, 249, 255, 254, 257, 263, 261, 261, 262, 256, 250, 249,
    241, 234, 232, 231, 232, 232, 241, 242, 248, 254, 256, 259, 258, 256,
    253, 250, 245, 239, 235, 230, 233, 232, 234, 237, 243, 246, 246, 250,
    253, 251, 247, 247, 241, 240, 239, 236, 239, 239, 238, 240, 242, 240,
    243, 245, 242, 244, 243, 245, 244, 244, 245, 245, 244, 246, 244, 242,
    243, 242, 244, 245, 246 ]
headPositionsY: [ 67, 69, 68, 68, 68, 64, 64, 68, 67, 66, 67, 69, 66, 67,
    66, 67, 67, 69, 65, 66, 66, 68, 70, 67, 66, 66, 67, 66, 67, 67, 66,
    64, 66, 63, 68, 67, 66, 69, 67, 66, 68, 65, 66, 67, 68, 68, 70, 70,
    68, 65, 69, 66, 65, 70, 69, 71, 70, 66, 66, 67, 66, 68, 67, 66, 66,
    70, 67, 68, 68, 68, 66, 70, 70, 67, 69, 69, 67, 67, 66, 69, 70, 66,
    70, 68, 70, 67, 67, 69, 70, 69, 68, 71, 69, 70, 66, 67, 68, 67, 67,
    66 ]
