%YAML:1.0
---
videoName: "headShake36.mp4"
gestureLabel: 201
fps: 29
pixelSizeInCmTemp: 3.2364864864864862e-01
faceCenterPointX: 263
faceCenterPointY: 80
headPositionsX: [ 265, 263, 261, 263, 264, 262, 267, 267, 272, 270, 276,
    279, 277, 280, 281, 282, 286, 279, 280, 274, 276, 273, 267, 266, 260,
    261, 257, 255, 252, 251, 245, 248, 246, 247, 249, 244, 246, 249, 249,
    253, 258, 260, 264, 270, 270, 271, 274, 279, 281, 277, 280, 283, 281,
    279, 273, 275, 270, 265, 263, 259, 253, 253, 251, 250, 249, 249, 247,
    252, 253, 252, 254, 258, 259, 264, 262, 263, 266, 264, 265, 267, 269,
    266, 266, 265, 266, 265, 265, 265, 264, 264, 264, 262, 266, 260, 261,
    265, 262, 262, 261, 261 ]
headPositionsY: [ 80, 79, 80, 80, 79, 78, 77, 81, 82, 76, 79, 76, 76, 77,
    74, 79, 75, 75, 79, 79, 79, 82, 83, 83, 79, 79, 81, 80, 79, 82, 82,
    80, 83, 81, 80, 82, 83, 80, 80, 83, 83, 84, 84, 79, 80, 77, 80, 78,
    78, 78, 80, 76, 80, 81, 78, 77, 80, 83, 83, 78, 79, 79, 81, 78, 79,
    79, 79, 81, 80, 80, 79, 80, 82, 83, 84, 83, 83, 78, 82, 81, 81, 82,
    78, 80, 81, 79, 80, 83, 80, 81, 79, 81, 79, 78, 82, 80, 82, 81, 82,
    80 ]
