%YAML:1.0
---
videoName: "headLookLeft1.mp4"
gestureLabel: 203
fps: 30
pixelSizeInCmTemp: 3.6287878787878786e-01
faceCenterPointX: 276
faceCenterPointY: 73
headPositionsX: [ 274, 256, 258, 258, 255, 258, 255, 256, 258, 257, 257,
    257, 256, 257, 255, 256, 255, 257, 257, 254, 257, 257, 258, 256, 257,
    257, 256, 257, 257, 256, 255, 255, 256, 254, 255, 256, 255, 257, 257,
    256, 254, 257, 257, 257, 257, 253, 255, 254, 253, 253, 257, 256, 253,
    254, 254, 256, 257, 258, 259, 257, 262, 263, 262, 268, 266, 272, 270,
    274, 276, 275, 279, 278, 276, 273, 274, 279, 276, 275, 276, 277, 278,
    278, 276, 279, 279, 277, 276, 279, 277, 275, 279, 276, 279, 278, 273,
    275, 277, 275, 278, 275 ]
headPositionsY: [ 73, 75, 73, 74, 74, 78, 76, 78, 77, 77, 76, 75, 76, 75,
    74, 76, 75, 78, 76, 77, 77, 76, 75, 77, 77, 77, 75, 80, 79, 77, 80,
    76, 78, 80, 76, 76, 77, 80, 76, 76, 77, 79, 77, 80, 76, 81, 78, 80,
    79, 79, 78, 79, 77, 76, 79, 79, 77, 80, 81, 78, 79, 78, 78, 76, 75,
    79, 76, 77, 77, 81, 75, 74, 75, 76, 74, 77, 76, 77, 79, 78, 77, 74,
    75, 74, 79, 77, 76, 77, 74, 75, 73, 76, 76, 73, 73, 75, 75, 74, 76,
    73 ]
