%YAML:1.0
---
videoName: "headShake25.mp4"
gestureLabel: 201
fps: 30
pixelSizeInCmTemp: 3.2364864864864862e-01
faceCenterPointX: 241
faceCenterPointY: 79
headPositionsX: [ 240, 255, 254, 253, 254, 252, 248, 246, 246, 242, 239,
    239, 238, 236, 234, 230, 232, 229, 230, 229, 231, 234, 233, 238, 241,
    243, 242, 247, 248, 248, 246, 247, 251, 248, 249, 243, 241, 239, 237,
    235, 231, 230, 232, 228, 229, 230, 232, 230, 233, 236, 237, 240, 241,
    244, 246, 250, 251, 252, 252, 251, 250, 248, 248, 248, 245, 242, 239,
    240, 237, 238, 235, 236, 232, 237, 234, 234, 236, 236, 237, 239, 238,
    240, 238, 240, 241, 241, 241, 243, 244, 242, 242, 244, 240, 240, 241,
    242, 241, 238, 240, 240 ]
headPositionsY: [ 78, 75, 78, 77, 74, 76, 76, 79, 76, 77, 78, 77, 78, 80,
    77, 80, 79, 77, 79, 76, 79, 80, 79, 76, 79, 78, 79, 78, 81, 76, 80,
    76, 79, 81, 77, 80, 79, 76, 78, 79, 79, 76, 76, 78, 80, 77, 80, 80,
    77, 78, 77, 76, 78, 81, 77, 81, 82, 79, 77, 78, 78, 78, 78, 81, 81,
    76, 79, 78, 77, 78, 76, 79, 76, 78, 76, 79, 77, 76, 77, 79, 80, 76,
    80, 76, 77, 78, 76, 80, 78, 79, 79, 79, 78, 79, 79, 80, 81, 79, 77,
    77 ]
