%YAML:1.0
---
videoName: "headLookUp1.mp4"
gestureLabel: 205
fps: 29
pixelSizeInCmTemp: 3.7421874999999999e-01
faceCenterPointX: 258
faceCenterPointY: 66
headPositionsX: [ 256, 257, 260, 259, 258, 260, 260, 259, 260, 257, 258,
    257, 260, 259, 259, 258, 260, 259, 259, 257, 260, 260, 256, 257, 258,
    259, 261, 260, 257, 259, 261, 257, 258, 259, 259, 256, 260, 258, 258,
    259, 258, 256, 258, 257, 259, 259, 259, 258, 260, 260, 261, 258, 258,
    257, 259, 256, 257, 256, 255, 255, 259, 258, 257, 259, 257, 260, 258,
    257, 258, 258, 258, 259, 262, 261, 255, 256, 257, 261, 260, 257, 257,
    254, 258, 256, 257, 259, 257, 255, 257, 257, 256, 256, 257, 259, 258,
    259, 259, 258, 258, 258 ]
headPositionsY: [ 66, 80, 79, 80, 83, 83, 81, 82, 82, 82, 83, 80, 84, 83,
    80, 82, 79, 78, 81, 80, 79, 82, 79, 78, 82, 79, 80, 81, 81, 80, 81,
    82, 83, 81, 81, 81, 78, 80, 79, 78, 78, 79, 76, 77, 75, 70, 68, 68,
    69, 69, 66, 68, 65, 68, 65, 63, 68, 66, 64, 66, 68, 63, 66, 63, 66,
    63, 65, 65, 67, 62, 67, 65, 67, 65, 67, 67, 64, 64, 65, 66, 68, 66,
    68, 66, 64, 69, 63, 65, 66, 64, 62, 66, 68, 65, 65, 67, 67, 68, 65,
    68 ]
