%YAML:1.0
---
videoName: "headNod32.mp4"
gestureLabel: 202
fps: 29
pixelSizeInCmTemp: 2.8855421686746985e-01
faceCenterPointX: 266
faceCenterPointY: 74
headPositionsX: [ 266, 267, 268, 267, 267, 268, 265, 266, 264, 265, 266,
    266, 265, 263, 266, 265, 269, 267, 268, 268, 267, 265, 266, 268, 269,
    268, 268, 268, 268, 264, 265, 265, 267, 265, 267, 266, 265, 268, 270,
    267, 268, 268, 267, 265, 268, 266, 266, 269, 270, 268, 269, 265, 269,
    265, 269, 267, 268, 265, 268, 266, 268, 265, 267, 267, 266, 267, 266,
    265, 268, 267, 265, 267, 265, 266, 268, 265, 265, 264, 265, 264, 263,
    265, 264, 264, 264, 266, 266, 265, 267, 269, 266, 268, 267, 267, 268,
    265, 267, 268, 266, 265 ]
headPositionsY: [ 73, 78, 80, 77, 81, 77, 80, 79, 77, 76, 77, 80, 78, 78,
    78, 79, 76, 77, 79, 76, 76, 78, 79, 77, 79, 80, 78, 75, 78, 78, 79,
    77, 79, 78, 79, 78, 76, 78, 76, 78, 75, 80, 78, 77, 76, 79, 78, 76,
    79, 75, 77, 77, 76, 78, 77, 78, 76, 74, 77, 77, 69, 67, 64, 64, 65,
    68, 67, 73, 76, 82, 89, 89, 88, 84, 83, 79, 74, 76, 71, 73, 72, 71,
    70, 72, 69, 72, 74, 74, 76, 74, 76, 76, 74, 75, 73, 73, 73, 72, 74,
    76 ]
