%YAML:1.0
---
videoName: "headLookRight7.mp4"
gestureLabel: 204
fps: 30
pixelSizeInCmTemp: 3.4710144927536229e-01
faceCenterPointX: 226
faceCenterPointY: 74
headPositionsX: [ 227, 249, 248, 248, 248, 248, 251, 252, 248, 250, 249,
    248, 252, 251, 250, 248, 248, 248, 251, 248, 250, 251, 248, 247, 248,
    251, 250, 250, 246, 243, 245, 243, 239, 238, 235, 231, 231, 228, 227,
    228, 225, 224, 225, 222, 221, 224, 224, 224, 222, 224, 225, 224, 222,
    225, 222, 222, 223, 224, 227, 222, 222, 223, 224, 220, 226, 225, 224,
    225, 224, 222, 220, 226, 227, 225, 223, 226, 224, 225, 222, 221, 220,
    224, 226, 225, 224, 223, 224, 227, 226, 222, 223, 223, 224, 225, 226,
    221, 225, 225, 226, 225 ]
headPositionsY: [ 76, 75, 74, 73, 74, 74, 75, 73, 76, 76, 76, 72, 73, 74,
    73, 72, 76, 74, 73, 73, 74, 76, 75, 76, 74, 77, 76, 75, 73, 74, 73,
    77, 73, 73, 77, 74, 75, 73, 73, 73, 75, 71, 71, 77, 74, 72, 73, 74,
    75, 74, 76, 74, 77, 74, 73, 75, 72, 70, 75, 74, 74, 71, 75, 74, 73,
    73, 74, 71, 74, 76, 80, 72, 73, 73, 75, 73, 76, 74, 75, 74, 74, 75,
    72, 76, 76, 75, 75, 77, 74, 72, 77, 72, 76, 77, 71, 76, 73, 74, 75,
    77 ]
