%YAML:1.0
---
videoName: "headNod31.mp4"
gestureLabel: 202
fps: 29
pixelSizeInCmTemp: 2.8855421686746985e-01
faceCenterPointX: 267
faceCenterPointY: 75
headPositionsX: [ 268, 272, 268, 272, 270, 269, 269, 269, 270, 270, 268,
    269, 269, 272, 267, 269, 268, 270, 269, 269, 265, 265, 265, 266, 265,
    267, 266, 268, 266, 269, 270, 270, 271, 270, 269, 267, 267, 271, 266,
    267, 267, 266, 269, 268, 264, 267, 268, 266, 266, 268, 265, 267, 266,
    268, 268, 265, 266, 264, 269, 268, 265, 265, 264, 268, 268, 270, 265,
    268, 269, 267, 265, 268, 267, 268, 268, 268, 265, 264, 266, 266, 268,
    266, 265, 268, 265, 268, 265, 265, 269, 268, 267, 265, 267, 269, 267,
    267, 266, 265, 265, 265 ]
headPositionsY: [ 76, 74, 75, 72, 76, 75, 74, 65, 68, 65, 64, 67, 65, 65,
    74, 82, 81, 86, 88, 84, 86, 82, 80, 77, 72, 74, 74, 71, 68, 69, 68,
    68, 73, 74, 79, 83, 85, 84, 89, 87, 84, 80, 81, 77, 72, 74, 74, 73,
    75, 80, 79, 82, 86, 83, 84, 79, 78, 76, 74, 71, 70, 71, 69, 69, 74,
    74, 74, 77, 77, 80, 78, 80, 77, 74, 76, 73, 69, 69, 70, 73, 76, 74,
    73, 77, 78, 75, 76, 77, 74, 75, 73, 73, 74, 77, 76, 77, 75, 74, 78,
    73 ]
