%YAML:1.0
---
videoName: "headShake20.mp4"
gestureLabel: 201
fps: 29
pixelSizeInCmTemp: 3.3263888888888887e-01
faceCenterPointX: 242
faceCenterPointY: 78
headPositionsX: [ 241, 243, 244, 242, 246, 245, 244, 244, 243, 243, 244,
    245, 245, 244, 241, 241, 244, 245, 243, 242, 244, 244, 245, 241, 242,
    241, 241, 243, 245, 245, 243, 242, 241, 245, 243, 243, 245, 242, 246,
    247, 247, 253, 257, 256, 262, 259, 255, 251, 247, 242, 239, 234, 229,
    232, 228, 232, 239, 245, 248, 253, 254, 254, 250, 245, 244, 238, 233,
    234, 231, 230, 236, 239, 243, 245, 245, 244, 247, 245, 242, 240, 240,
    239, 240, 238, 239, 243, 243, 241, 242, 243, 243, 242, 244, 244, 243,
    242, 241, 244, 239, 240 ]
headPositionsY: [ 77, 77, 77, 75, 74, 76, 78, 76, 75, 79, 78, 75, 74, 79,
    75, 77, 74, 77, 76, 74, 74, 78, 74, 74, 74, 78, 77, 78, 74, 78, 75,
    77, 76, 77, 74, 74, 78, 77, 75, 78, 74, 77, 73, 74, 76, 77, 77, 76,
    77, 75, 78, 78, 75, 76, 74, 75, 76, 78, 77, 77, 75, 75, 74, 76, 79,
    75, 75, 76, 75, 78, 75, 78, 78, 77, 79, 77, 76, 79, 75, 77, 77, 77,
    77, 79, 78, 76, 77, 78, 75, 77, 78, 76, 76, 77, 77, 79, 76, 77, 75,
    76 ]
