%YAML:1.0
---
videoName: "headNod29.mp4"
gestureLabel: 202
fps: 29
pixelSizeInCmTemp: 3.1933333333333330e-01
faceCenterPointX: 271
faceCenterPointY: 70
headPositionsX: [ 271, 272, 275, 270, 276, 276, 275, 274, 272, 272, 275,
    273, 272, 272, 274, 274, 270, 272, 275, 272, 270, 274, 271, 272, 270,
    274, 272, 270, 271, 272, 269, 268, 269, 273, 269, 269, 270, 270, 274,
    271, 273, 269, 269, 272, 272, 271, 270, 271, 270, 273, 272, 273, 274,
    269, 273, 273, 272, 271, 269, 271, 272, 268, 271, 272, 268, 268, 272,
    269, 267, 270, 268, 270, 269, 270, 270, 270, 269, 272, 270, 270, 271,
    271, 273, 269, 273, 270, 270, 273, 273, 269, 269, 270, 272, 273, 269,
    271, 271, 269, 268, 273 ]
headPositionsY: [ 69, 75, 74, 72, 76, 74, 76, 76, 82, 78, 81, 77, 75, 77,
    73, 71, 69, 69, 65, 65, 69, 66, 67, 69, 73, 76, 76, 80, 80, 80, 77,
    77, 76, 72, 73, 71, 72, 68, 72, 72, 74, 76, 79, 77, 80, 77, 79, 73,
    74, 73, 74, 76, 78, 79, 82, 81, 83, 80, 77, 73, 75, 75, 72, 75, 75,
    75, 79, 77, 74, 74, 72, 70, 70, 70, 71, 72, 71, 73, 75, 77, 78, 77,
    72, 72, 71, 73, 73, 69, 71, 68, 70, 67, 69, 72, 68, 68, 68, 70, 70,
    71 ]
