%YAML:1.0
---
videoName: "headNod49.mp4"
gestureLabel: 202
fps: 29
pixelSizeInCmTemp: 2.9207317073170730e-01
faceCenterPointX: 263
faceCenterPointY: 74
headPositionsX: [ 262, 267, 264, 267, 265, 267, 266, 263, 267, 262, 267,
    263, 263, 264, 266, 266, 263, 263, 262, 263, 266, 263, 262, 267, 266,
    264, 265, 264, 262, 266, 262, 264, 264, 262, 261, 265, 263, 266, 262,
    266, 262, 263, 264, 262, 263, 263, 260, 261, 265, 264, 265, 261, 261,
    266, 261, 263, 263, 262, 265, 262, 261, 265, 266, 262, 263, 266, 261,
    266, 262, 262, 264, 264, 265, 262, 263, 261, 261, 263, 264, 264, 265,
    262, 263, 261, 263, 260, 264, 262, 262, 264, 264, 263, 263, 265, 263,
    265, 265, 263, 264, 261 ]
headPositionsY: [ 74, 70, 71, 73, 73, 75, 70, 72, 75, 73, 73, 69, 70, 67,
    68, 66, 69, 70, 68, 70, 69, 68, 70, 73, 76, 75, 79, 78, 77, 74, 73,
    73, 71, 68, 68, 71, 71, 71, 73, 77, 77, 76, 80, 74, 77, 72, 72, 69,
    73, 70, 74, 75, 73, 75, 79, 77, 77, 79, 74, 76, 73, 72, 73, 74, 72,
    77, 74, 75, 77, 76, 75, 75, 77, 77, 74, 73, 73, 75, 77, 73, 77, 74,
    76, 77, 75, 73, 73, 74, 73, 74, 73, 76, 72, 74, 72, 77, 72, 75, 74,
    72 ]
