%YAML:1.0
---
videoName: "headLookLeft6.mp4"
gestureLabel: 203
fps: 29
pixelSizeInCmTemp: 3.2808219178082193e-01
faceCenterPointX: 267
faceCenterPointY: 69
headPositionsX: [ 269, 242, 244, 245, 245, 246, 247, 245, 246, 246, 245,
    246, 247, 246, 247, 245, 244, 244, 244, 247, 247, 243, 247, 244, 245,
    244, 249, 252, 250, 255, 254, 259, 260, 262, 264, 266, 269, 266, 267,
    270, 268, 271, 270, 267, 271, 270, 267, 271, 269, 268, 267, 268, 270,
    267, 268, 272, 266, 267, 269, 269, 268, 265, 270, 267, 270, 265, 268,
    266, 268, 269, 266, 268, 265, 264, 266, 269, 268, 266, 271, 270, 266,
    266, 267, 268, 269, 270, 267, 268, 265, 267, 265, 269, 267, 266, 270,
    269, 263, 265, 268, 266 ]
headPositionsY: [ 69, 73, 73, 73, 73, 72, 71, 70, 71, 74, 73, 73, 71, 71,
    73, 73, 71, 73, 71, 70, 71, 74, 71, 74, 72, 75, 72, 71, 72, 70, 72,
    70, 68, 72, 70, 68, 72, 71, 68, 70, 70, 71, 70, 71, 69, 72, 69, 68,
    69, 72, 67, 68, 68, 67, 71, 68, 70, 71, 68, 72, 72, 70, 69, 70, 71,
    71, 72, 69, 71, 71, 71, 67, 71, 71, 66, 70, 70, 68, 72, 70, 70, 70,
    71, 67, 70, 68, 71, 69, 73, 69, 71, 70, 72, 68, 68, 69, 71, 66, 68,
    70 ]
