%YAML:1.0
---
videoName: "headShake6.mp4"
gestureLabel: 201
fps: 29
pixelSizeInCmTemp: 3.2808219178082193e-01
faceCenterPointX: 244
faceCenterPointY: 68
headPositionsX: [ 242, 247, 244, 246, 247, 247, 247, 244, 245, 245, 245,
    247, 243, 247, 244, 245, 243, 248, 242, 243, 246, 246, 245, 245, 247,
    247, 244, 249, 249, 251, 258, 256, 261, 264, 261, 260, 257, 254, 248,
    241, 236, 233, 230, 229, 232, 237, 244, 251, 256, 256, 260, 256, 254,
    253, 250, 245, 236, 235, 233, 233, 230, 235, 236, 244, 245, 246, 249,
    251, 249, 250, 245, 241, 240, 242, 237, 239, 236, 241, 240, 238, 242,
    243, 243, 244, 244, 247, 247, 245, 246, 245, 242, 243, 246, 243, 245,
    246, 244, 244, 244, 243 ]
headPositionsY: [ 70, 68, 68, 66, 68, 67, 66, 68, 65, 66, 67, 68, 66, 66,
    65, 66, 67, 67, 66, 65, 65, 64, 70, 66, 66, 69, 65, 69, 68, 69, 64,
    63, 65, 65, 66, 66, 64, 68, 69, 67, 69, 66, 70, 68, 67, 66, 66, 70,
    67, 68, 66, 69, 67, 68, 70, 71, 70, 65, 69, 67, 70, 66, 67, 68, 67,
    66, 67, 69, 65, 65, 66, 68, 67, 69, 65, 68, 68, 69, 68, 70, 70, 68,
    69, 69, 70, 69, 71, 68, 68, 69, 70, 69, 69, 67, 68, 69, 66, 67, 70,
    69 ]
