%YAML:1.0
---
videoName: "headNod34.mp4"
gestureLabel: 202
fps: 29
pixelSizeInCmTemp: 2.9567901234567900e-01
faceCenterPointX: 266
faceCenterPointY: 78
headPositionsX: [ 268, 269, 270, 269, 269, 271, 272, 267, 272, 266, 270,
    270, 268, 269, 271, 268, 269, 271, 270, 269, 271, 269, 270, 269, 269,
    272, 272, 268, 268, 268, 270, 271, 268, 269, 268, 270, 267, 268, 268,
    270, 269, 268, 269, 268, 269, 272, 272, 268, 269, 271, 271, 269, 270,
    268, 271, 268, 268, 268, 270, 269, 272, 272, 271, 271, 269, 269, 271,
    272, 271, 268, 267, 268, 267, 266, 264, 267, 266, 264, 264, 268, 265,
    267, 267, 265, 263, 263, 267, 265, 264, 266, 265, 268, 264, 268, 266,
    264, 266, 265, 267, 267 ]
headPositionsY: [ 80, 74, 76, 76, 76, 74, 77, 74, 76, 74, 75, 78, 75, 74,
    78, 75, 77, 78, 75, 77, 75, 74, 78, 76, 79, 76, 76, 78, 78, 76, 76,
    78, 78, 76, 75, 74, 77, 72, 70, 69, 70, 73, 76, 75, 82, 85, 89, 87,
    86, 83, 78, 75, 72, 70, 70, 74, 76, 76, 80, 80, 82, 81, 82, 77, 77,
    77, 75, 77, 77, 83, 84, 82, 83, 81, 82, 78, 78, 75, 77, 76, 81, 80,
    83, 84, 83, 82, 82, 79, 80, 76, 76, 77, 77, 80, 78, 81, 78, 78, 81,
    82 ]
