%YAML:1.0
---
videoName: "headNod43.mp4"
gestureLabel: 202
fps: 29
pixelSizeInCmTemp: 2.8855421686746985e-01
faceCenterPointX: 268
faceCenterPointY: 74
headPositionsX: [ 268, 270, 270, 269, 268, 272, 272, 268, 272, 271, 266,
    268, 270, 270, 269, 266, 267, 270, 267, 270, 269, 270, 270, 267, 269,
    265, 266, 269, 264, 267, 266, 264, 266, 267, 265, 264, 264, 263, 267,
    265, 263, 262, 267, 262, 263, 266, 265, 265, 264, 266, 267, 266, 266,
    266, 262, 261, 264, 265, 265, 265, 265, 266, 265, 266, 266, 266, 264,
    264, 266, 270, 268, 268, 268, 268, 266, 268, 266, 267, 267, 265, 268,
    268, 269, 270, 269, 270, 271, 267, 268, 270, 267, 271, 269, 269, 267,
    267, 268, 266, 270, 269 ]
headPositionsY: [ 73, 75, 76, 74, 74, 78, 76, 73, 77, 74, 75, 75, 76, 75,
    78, 73, 75, 76, 76, 73, 75, 74, 76, 78, 74, 78, 82, 85, 87, 88, 90,
    90, 86, 82, 77, 78, 76, 78, 81, 84, 90, 92, 88, 86, 82, 79, 80, 82,
    83, 83, 86, 90, 92, 88, 86, 87, 85, 84, 82, 84, 85, 91, 90, 92, 90,
    87, 84, 80, 78, 76, 77, 80, 81, 89, 92, 91, 88, 86, 85, 82, 77, 75,
    76, 71, 72, 73, 73, 72, 72, 75, 72, 73, 75, 76, 72, 72, 73, 76, 75,
    75 ]
