%YAML:1.0
---
videoName: "headShake32.mp4"
gestureLabel: 201
fps: 29
pixelSizeInCmTemp: 3.2808219178082193e-01
faceCenterPointX: 237
faceCenterPointY: 77
headPositionsX: [ 238, 237, 239, 238, 235, 238, 239, 239, 238, 238, 240,
    242, 237, 242, 241, 242, 241, 241, 242, 241, 239, 241, 239, 240, 240,
    243, 242, 239, 239, 241, 238, 238, 236, 239, 237, 237, 238, 240, 241,
    242, 244, 245, 248, 250, 250, 251, 250, 251, 249, 252, 252, 250, 244,
    245, 244, 237, 238, 234, 234, 229, 230, 227, 227, 225, 226, 226, 226,
    232, 231, 232, 237, 237, 241, 240, 244, 247, 246, 249, 247, 249, 248,
    248, 246, 247, 241, 242, 238, 239, 241, 237, 240, 239, 236, 238, 237,
    236, 236, 238, 237, 239 ]
headPositionsY: [ 78, 73, 72, 74, 73, 74, 73, 73, 74, 73, 75, 75, 72, 75,
    75, 74, 72, 73, 74, 74, 75, 74, 74, 76, 75, 76, 76, 74, 75, 75, 73,
    72, 73, 75, 73, 75, 73, 75, 75, 75, 76, 72, 73, 71, 72, 71, 74, 71,
    74, 73, 74, 74, 73, 76, 77, 77, 74, 78, 75, 75, 77, 74, 75, 77, 74,
    75, 76, 78, 74, 74, 78, 74, 76, 77, 74, 78, 77, 76, 75, 76, 76, 76,
    75, 79, 76, 77, 77, 76, 79, 78, 78, 79, 75, 75, 76, 79, 80, 78, 77,
    78 ]
