%YAML:1.0
---
videoName: "headShake43.mp4"
gestureLabel: 201
fps: 29
pixelSizeInCmTemp: 3.2808219178082193e-01
faceCenterPointX: 257
faceCenterPointY: 84
headPositionsX: [ 258, 259, 260, 261, 258, 261, 261, 261, 259, 262, 262,
    260, 257, 259, 259, 261, 261, 260, 258, 258, 258, 261, 263, 260, 259,
    262, 261, 264, 269, 271, 270, 273, 276, 276, 281, 283, 281, 279, 277,
    274, 272, 264, 260, 255, 252, 250, 243, 242, 243, 243, 247, 252, 256,
    262, 265, 272, 274, 276, 275, 273, 272, 267, 263, 255, 250, 247, 246,
    241, 244, 246, 247, 250, 255, 260, 264, 264, 269, 268, 267, 269, 270,
    268, 267, 266, 261, 259, 261, 257, 258, 259, 258, 257, 256, 259, 256,
    255, 257, 257, 256, 257 ]
headPositionsY: [ 83, 87, 87, 83, 83, 84, 83, 83, 84, 86, 88, 84, 87, 85,
    87, 83, 83, 87, 83, 86, 83, 85, 86, 85, 85, 85, 84, 86, 87, 81, 84,
    84, 81, 81, 85, 81, 83, 81, 82, 80, 86, 86, 85, 84, 85, 84, 83, 83,
    84, 83, 85, 85, 84, 85, 82, 81, 84, 82, 82, 81, 84, 83, 82, 84, 82,
    85, 83, 83, 83, 83, 83, 87, 83, 87, 85, 85, 85, 85, 86, 82, 83, 84,
    85, 86, 83, 85, 84, 84, 85, 84, 81, 83, 81, 86, 84, 82, 82, 84, 81,
    83 ]
