%YAML:1.0
---
videoName: "headShake27.mp4"
gestureLabel: 201
fps: 29
pixelSizeInCmTemp: 3.3263888888888887e-01
faceCenterPointX: 244
faceCenterPointY: 78
headPositionsX: [ 242, 248, 245, 247, 252, 253, 255, 253, 254, 256, 257,
    255, 253, 253, 255, 249, 246, 244, 242, 241, 243, 236, 239, 234, 236,
    236, 234, 234, 232, 233, 231, 234, 234, 236, 238, 242, 241, 242, 244,
    249, 247, 249, 248, 249, 251, 252, 249, 249, 248, 246, 244, 244, 241,
    241, 236, 235, 237, 235, 234, 233, 231, 231, 232, 232, 235, 234, 237,
    239, 242, 238, 241, 242, 244, 245, 246, 246, 248, 249, 249, 247, 249,
    249, 245, 244, 244, 248, 243, 248, 246, 243, 243, 246, 246, 246, 247,
    245, 245, 244, 245, 246 ]
headPositionsY: [ 78, 78, 75, 78, 77, 74, 76, 74, 75, 77, 76, 74, 74, 78,
    77, 76, 77, 78, 77, 79, 77, 79, 80, 81, 79, 80, 77, 76, 78, 78, 80,
    81, 79, 77, 78, 80, 81, 77, 80, 80, 78, 78, 82, 80, 81, 77, 79, 80,
    77, 80, 78, 80, 81, 82, 77, 78, 77, 78, 78, 78, 78, 76, 80, 79, 77,
    78, 81, 79, 78, 80, 77, 81, 78, 78, 79, 81, 81, 78, 81, 81, 80, 79,
    78, 79, 78, 77, 80, 81, 77, 81, 79, 81, 81, 82, 81, 77, 79, 81, 79,
    79 ]
