%YAML:1.0
---
videoName: "headNod12.mp4"
gestureLabel: 202
fps: 29
pixelSizeInCmTemp: 3.2808219178082193e-01
faceCenterPointX: 254
faceCenterPointY: 69
headPositionsX: [ 256, 255, 251, 254, 255, 254, 254, 253, 257, 255, 254,
    256, 256, 258, 256, 258, 254, 255, 257, 257, 253, 255, 258, 256, 257,
    257, 255, 255, 257, 257, 259, 257, 257, 256, 257, 252, 254, 253, 252,
    253, 256, 257, 254, 255, 253, 256, 257, 252, 254, 257, 253, 257, 255,
    255, 254, 253, 256, 256, 253, 253, 253, 252, 254, 255, 256, 254, 256,
    254, 254, 253, 254, 256, 252, 256, 256, 252, 252, 254, 254, 256, 253,
    255, 256, 257, 255, 256, 252, 255, 255, 253, 253, 253, 255, 256, 253,
    253, 253, 255, 252, 252 ]
headPositionsY: [ 69, 76, 71, 75, 70, 73, 75, 71, 73, 76, 74, 76, 74, 74,
    74, 73, 74, 75, 71, 73, 73, 72, 74, 71, 72, 72, 76, 73, 74, 75, 77,
    72, 73, 74, 75, 73, 72, 66, 64, 62, 62, 63, 62, 61, 65, 68, 70, 73,
    73, 77, 79, 78, 80, 77, 75, 72, 70, 65, 66, 66, 65, 65, 64, 65, 67,
    68, 71, 69, 71, 74, 75, 75, 74, 74, 73, 70, 70, 69, 70, 66, 67, 67,
    66, 64, 70, 71, 68, 71, 73, 71, 74, 75, 72, 74, 74, 71, 69, 70, 71,
    71 ]
