%YAML:1.0
---
videoName: "headShake40.mp4"
gestureLabel: 201
fps: 29
pixelSizeInCmTemp: 3.2808219178082193e-01
faceCenterPointX: 261
faceCenterPointY: 86
headPositionsX: [ 263, 263, 260, 261, 263, 260, 262, 259, 263, 258, 261,
    261, 260, 261, 264, 262, 262, 261, 259, 260, 263, 260, 261, 262, 259,
    259, 263, 257, 258, 260, 259, 254, 254, 253, 255, 256, 256, 263, 264,
    272, 274, 280, 280, 277, 278, 272, 269, 263, 260, 254, 249, 247, 244,
    248, 249, 253, 256, 260, 265, 268, 269, 273, 267, 270, 267, 264, 260,
    258, 258, 258, 256, 258, 261, 259, 264, 266, 266, 269, 267, 264, 264,
    263, 261, 261, 261, 259, 255, 257, 256, 258, 259, 257, 258, 257, 261,
    262, 262, 260, 260, 260 ]
headPositionsY: [ 84, 84, 82, 84, 82, 85, 85, 81, 85, 82, 82, 83, 82, 81,
    83, 84, 82, 82, 86, 83, 83, 81, 84, 83, 86, 81, 83, 82, 84, 86, 83,
    82, 82, 85, 81, 81, 82, 85, 84, 83, 81, 83, 81, 78, 82, 81, 83, 85,
    83, 82, 83, 84, 80, 82, 80, 83, 83, 85, 82, 80, 84, 85, 81, 83, 82,
    85, 84, 83, 82, 85, 85, 83, 84, 83, 84, 82, 83, 81, 83, 84, 82, 83,
    83, 85, 82, 85, 85, 83, 83, 86, 85, 87, 87, 87, 83, 85, 88, 85, 84,
    87 ]
