%YAML:1.0
---
videoName: "headShake8.mp4"
gestureLabel: 201
fps: 29
pixelSizeInCmTemp: 3.2364864864864862e-01
faceCenterPointX: 243
faceCenterPointY: 72
headPositionsX: [ 245, 243, 245, 246, 244, 242, 244, 245, 243, 242, 243,
    243, 244, 242, 245, 245, 243, 245, 244, 243, 244, 244, 243, 243, 242,
    242, 245, 243, 244, 245, 240, 246, 242, 246, 248, 251, 253, 257, 259,
    262, 265, 264, 264, 262, 254, 252, 246, 241, 237, 233, 232, 229, 234,
    236, 243, 251, 255, 260, 257, 259, 258, 256, 252, 247, 240, 236, 237,
    234, 234, 235, 236, 238, 238, 239, 244, 245, 248, 247, 247, 248, 252,
    252, 248, 251, 247, 251, 247, 246, 246, 246, 246, 244, 246, 245, 245,
    243, 244, 243, 242, 242 ]
headPositionsY: [ 71, 69, 70, 70, 71, 70, 72, 70, 72, 74, 69, 74, 74, 73,
    74, 70, 73, 72, 70, 72, 72, 74, 69, 73, 72, 73, 69, 69, 74, 71, 69,
    70, 71, 74, 71, 71, 72, 70, 71, 69, 68, 72, 72, 69, 73, 72, 70, 73,
    69, 73, 69, 73, 72, 71, 71, 71, 70, 70, 71, 70, 70, 70, 69, 73, 71,
    73, 73, 69, 74, 70, 73, 70, 70, 72, 71, 71, 72, 70, 71, 73, 73, 69,
    72, 69, 71, 73, 73, 73, 71, 72, 72, 70, 72, 72, 70, 70, 70, 74, 71,
    71 ]
