%YAML:1.0
---
videoName: "headLookRight5.mp4"
gestureLabel: 204
fps: 29
pixelSizeInCmTemp: 3.1513157894736843e-01
faceCenterPointX: 228
faceCenterPointY: 76
headPositionsX: [ 228, 250, 247, 249, 252, 251, 250, 249, 251, 251, 250,
    250, 249, 246, 252, 247, 248, 250, 248, 252, 247, 251, 250, 247, 247,
    252, 250, 247, 252, 248, 247, 247, 249, 243, 241, 240, 240, 235, 234,
    228, 230, 229, 226, 226, 227, 225, 223, 222, 224, 227, 225, 225, 222,
    226, 224, 228, 224, 227, 225, 224, 226, 220, 227, 224, 229, 229, 224,
    224, 226, 227, 228, 224, 224, 229, 224, 226, 225, 225, 225, 224, 224,
    224, 225, 225, 223, 227, 228, 223, 227, 226, 225, 228, 223, 228, 225,
    225, 226, 222, 226, 227 ]
headPositionsY: [ 78, 73, 75, 74, 73, 73, 72, 72, 77, 75, 75, 73, 76, 76,
    73, 75, 74, 77, 75, 73, 76, 73, 77, 72, 73, 75, 73, 73, 77, 74, 72,
    75, 77, 72, 74, 75, 71, 75, 76, 73, 72, 75, 72, 75, 73, 73, 75, 72,
    72, 76, 71, 72, 72, 74, 74, 74, 74, 74, 73, 75, 78, 72, 76, 72, 76,
    77, 75, 73, 72, 74, 73, 77, 73, 74, 73, 72, 74, 74, 72, 70, 77, 75,
    74, 75, 74, 74, 72, 72, 72, 75, 71, 73, 76, 75, 70, 73, 74, 75, 76,
    72 ]
