%YAML:1.0
---
videoName: "headNod11.mp4"
gestureLabel: 202
fps: 29
pixelSizeInCmTemp: 3.2364864864864862e-01
faceCenterPointX: 261
faceCenterPointY: 75
headPositionsX: [ 263, 261, 258, 260, 258, 259, 260, 259, 260, 258, 258,
    260, 257, 262, 261, 261, 261, 260, 258, 261, 260, 262, 260, 261, 262,
    261, 259, 261, 258, 261, 261, 260, 260, 260, 260, 260, 261, 260, 262,
    258, 262, 261, 259, 260, 258, 259, 261, 261, 261, 261, 263, 262, 259,
    263, 260, 260, 262, 259, 259, 258, 257, 257, 260, 256, 260, 258, 256,
    256, 255, 256, 258, 259, 260, 260, 260, 255, 259, 259, 259, 256, 257,
    260, 260, 261, 258, 258, 259, 259, 260, 259, 260, 258, 261, 260, 259,
    260, 262, 258, 259, 258 ]
headPositionsY: [ 73, 76, 72, 76, 75, 77, 72, 76, 72, 74, 74, 74, 73, 76,
    73, 76, 74, 76, 75, 74, 75, 75, 75, 74, 73, 74, 72, 77, 75, 77, 75,
    74, 73, 75, 76, 73, 78, 75, 73, 73, 73, 74, 73, 75, 74, 75, 75, 75,
    73, 69, 68, 67, 69, 67, 72, 69, 73, 76, 76, 82, 82, 79, 75, 75, 73,
    70, 70, 68, 70, 72, 72, 74, 77, 82, 81, 79, 81, 76, 77, 75, 71, 72,
    70, 73, 73, 77, 77, 81, 78, 78, 77, 76, 79, 78, 74, 74, 75, 77, 74,
    76 ]
