%YAML:1.0
---
videoName: "headShake33.mp4"
gestureLabel: 201
fps: 29
pixelSizeInCmTemp: 3.2364864864864862e-01
faceCenterPointX: 244
faceCenterPointY: 84
headPositionsX: [ 242, 245, 243, 246, 244, 244, 247, 243, 244, 247, 246,
    242, 245, 247, 243, 244, 244, 242, 245, 245, 244, 248, 248, 252, 251,
    255, 256, 257, 260, 262, 261, 262, 262, 260, 260, 256, 253, 249, 243,
    243, 237, 233, 234, 231, 226, 229, 224, 229, 229, 233, 232, 236, 241,
    244, 252, 250, 255, 261, 259, 261, 259, 261, 256, 256, 253, 251, 249,
    243, 239, 237, 234, 236, 232, 230, 230, 232, 230, 232, 233, 235, 238,
    236, 241, 241, 244, 244, 247, 245, 248, 248, 246, 244, 244, 243, 247,
    245, 243, 246, 243, 244 ]
headPositionsY: [ 84, 81, 83, 82, 81, 82, 85, 81, 83, 80, 83, 84, 82, 81,
    84, 83, 84, 81, 81, 81, 82, 81, 82, 85, 83, 84, 83, 83, 82, 81, 80,
    83, 80, 84, 79, 80, 85, 82, 84, 82, 82, 82, 84, 80, 84, 80, 81, 81,
    83, 85, 81, 82, 81, 81, 84, 82, 83, 80, 82, 80, 83, 83, 82, 80, 85,
    84, 83, 83, 85, 82, 81, 84, 83, 82, 82, 80, 81, 84, 83, 85, 82, 81,
    85, 84, 83, 85, 81, 83, 83, 86, 85, 83, 83, 83, 81, 82, 82, 83, 85,
    85 ]
