%YAML:1.0
---
videoName: "headNod3.mp4"
gestureLabel: 202
fps: 29
pixelSizeInCmTemp: 3.1933333333333330e-01
faceCenterPointX: 264
faceCenterPointY: 76
headPositionsX: [ 263, 262, 263, 263, 264, 263, 264, 264, 266, 265, 268,
    266, 263, 268, 265, 263, 263, 267, 266, 264, 266, 265, 267, 265, 265,
    265, 265, 267, 264, 267, 267, 268, 268, 265, 263, 267, 264, 268, 265,
    265, 264, 265, 265, 263, 266, 264, 264, 267, 266, 263, 266, 267, 266,
    267, 266, 265, 263, 264, 261, 263, 266, 262, 261, 266, 265, 262, 263,
    263, 263, 262, 264, 264, 262, 264, 264, 264, 263, 262, 262, 265, 264,
    262, 262, 262, 262, 261, 266, 264, 264, 265, 261, 265, 264, 265, 265,
    265, 263, 263, 262, 263 ]
headPositionsY: [ 74, 75, 75, 75, 78, 77, 75, 74, 78, 74, 75, 72, 74, 71,
    74, 71, 72, 71, 72, 75, 74, 74, 70, 73, 75, 71, 75, 75, 76, 76, 74,
    74, 76, 76, 76, 73, 72, 77, 77, 73, 76, 76, 74, 72, 74, 68, 66, 68,
    67, 67, 67, 68, 70, 73, 79, 79, 84, 84, 82, 80, 78, 74, 70, 71, 69,
    68, 70, 74, 75, 80, 81, 84, 83, 82, 79, 74, 69, 71, 65, 64, 68, 66,
    70, 69, 71, 74, 79, 79, 81, 82, 76, 79, 77, 79, 77, 77, 77, 76, 76,
    75 ]
