%YAML:1.0
---
videoName: "headNod38.mp4"
gestureLabel: 202
fps: 29
pixelSizeInCmTemp: 2.9937500000000000e-01
faceCenterPointX: 267
faceCenterPointY: 73
headPositionsX: [ 267, 266, 267, 265, 265, 267, 267, 267, 265, 266, 267,
    264, 265, 268, 267, 268, 268, 267, 266, 265, 268, 266, 265, 266, 265,
    267, 267, 266, 263, 263, 265, 267, 265, 265, 263, 262, 265, 267, 265,
    264, 264, 266, 265, 266, 266, 266, 266, 268, 268, 266, 267, 267, 268,
    268, 269, 271, 270, 267, 268, 268, 268, 267, 268, 266, 268, 267, 267,
    268, 268, 270, 271, 268, 269, 269, 269, 270, 268, 268, 266, 265, 267,
    268, 268, 269, 265, 270, 266, 266, 267, 267, 268, 268, 269, 267, 269,
    268, 268, 265, 267, 266 ]
headPositionsY: [ 74, 75, 75, 73, 78, 80, 83, 86, 84, 81, 80, 79, 75, 74,
    76, 83, 84, 84, 85, 83, 82, 77, 77, 76, 75, 77, 82, 86, 90, 87, 89,
    86, 80, 80, 77, 74, 73, 73, 79, 80, 83, 85, 86, 90, 85, 85, 78, 78,
    72, 70, 73, 72, 72, 77, 78, 80, 83, 84, 83, 84, 79, 77, 76, 74, 76,
    73, 72, 76, 75, 78, 76, 79, 82, 86, 84, 82, 84, 83, 79, 74, 76, 75,
    72, 73, 73, 73, 73, 74, 74, 72, 74, 72, 71, 74, 75, 72, 72, 72, 75,
    75 ]
