%YAML:1.0
---
videoName: "headShake40.mp4"
gestureLabel: 201
fps: 29
pixelSizeInCmTemp: 3.2808219178082193e-01
faceCenterPointX: 261
faceCenterPointY: 86
headPositionsX: [ 261, 260, 260, 263, 262, 259, 262, 259, 261, 259, 262,
    262, 262, 258, 261, 261, 261, 261, 262, 259, 259, 261, 259, 258, 262,
    258, 262, 257, 257, 259, 259, 257, 256, 253, 253, 252, 257, 262, 267,
    270, 271, 280, 282, 281, 277, 276, 273, 265, 260, 255, 250, 248, 245,
    247, 248, 251, 257, 263, 265, 267, 268, 272, 270, 269, 269, 263, 261,
    257, 255, 259, 258, 255, 261, 259, 264, 266, 267, 267, 268, 268, 267,
    262, 264, 262, 258, 258, 256, 255, 259, 257, 257, 260, 261, 257, 262,
    258, 259, 264, 260, 261 ]
headPositionsY: [ 88, 85, 85, 84, 81, 84, 81, 82, 83, 84, 83, 82, 84, 84,
    84, 84, 82, 82, 84, 83, 82, 81, 84, 82, 85, 82, 85, 84, 83, 86, 84,
    81, 83, 82, 82, 81, 81, 84, 83, 82, 82, 80, 82, 82, 78, 83, 84, 84,
    81, 84, 81, 85, 81, 84, 83, 81, 83, 85, 82, 82, 84, 82, 85, 83, 84,
    83, 82, 85, 82, 84, 81, 80, 84, 81, 81, 81, 83, 84, 84, 81, 85, 85,
    81, 85, 84, 84, 82, 84, 84, 86, 87, 86, 83, 85, 87, 84, 85, 86, 84,
    83 ]
