%YAML:1.0
---
videoName: "headNod18.mp4"
gestureLabel: 202
fps: 29
pixelSizeInCmTemp: 3.3263888888888887e-01
faceCenterPointX: 255
faceCenterPointY: 77
headPositionsX: [ 254, 256, 258, 257, 259, 256, 255, 257, 255, 254, 258,
    258, 256, 254, 256, 253, 254, 257, 255, 254, 254, 256, 256, 255, 257,
    253, 258, 255, 254, 255, 254, 257, 256, 254, 256, 254, 257, 256, 255,
    257, 255, 257, 255, 255, 257, 257, 258, 254, 256, 255, 256, 254, 254,
    253, 256, 256, 252, 252, 254, 255, 254, 256, 255, 254, 257, 253, 256,
    252, 253, 252, 252, 255, 253, 256, 253, 253, 252, 256, 252, 256, 253,
    253, 251, 256, 255, 255, 253, 256, 256, 255, 254, 253, 256, 256, 253,
    252, 258, 256, 255, 255 ]
headPositionsY: [ 75, 76, 79, 77, 78, 78, 77, 77, 77, 79, 78, 80, 79, 80,
    78, 75, 79, 77, 78, 77, 76, 80, 79, 81, 76, 77, 78, 80, 81, 75, 78,
    76, 76, 79, 78, 80, 76, 80, 78, 76, 74, 76, 74, 71, 70, 73, 72, 70,
    75, 77, 75, 79, 77, 82, 82, 81, 76, 73, 74, 71, 74, 74, 77, 78, 84,
    82, 80, 78, 73, 75, 75, 76, 76, 81, 82, 81, 80, 81, 79, 76, 76, 75,
    77, 78, 79, 81, 84, 81, 82, 79, 79, 76, 75, 75, 78, 77, 79, 76, 75,
    79 ]
