%YAML:1.0
---
videoName: "headShake20.mp4"
gestureLabel: 201
fps: 29
pixelSizeInCmTemp: 3.3263888888888887e-01
faceCenterPointX: 242
faceCenterPointY: 78
headPositionsX: [ 243, 245, 242, 242, 246, 244, 242, 241, 243, 244, 243,
    241, 243, 242, 244, 243, 244, 244, 244, 245, 243, 244, 241, 241, 245,
    245, 241, 243, 245, 244, 242, 243, 243, 241, 244, 243, 242, 241, 246,
    243, 248, 249, 254, 260, 260, 259, 258, 252, 251, 242, 238, 236, 229,
    229, 228, 235, 236, 246, 246, 251, 252, 253, 251, 248, 241, 240, 236,
    233, 229, 234, 235, 239, 240, 244, 245, 248, 244, 246, 244, 239, 241,
    239, 238, 240, 242, 242, 246, 245, 241, 242, 241, 243, 241, 242, 242,
    241, 243, 243, 240, 240 ]
headPositionsY: [ 80, 77, 75, 75, 74, 78, 78, 76, 77, 77, 78, 76, 77, 78,
    76, 78, 74, 75, 77, 75, 77, 75, 75, 78, 74, 77, 75, 78, 74, 78, 79,
    75, 78, 76, 74, 77, 76, 76, 78, 76, 78, 78, 76, 73, 72, 78, 75, 76,
    77, 74, 76, 79, 79, 75, 75, 77, 78, 78, 74, 77, 76, 76, 77, 78, 78,
    78, 76, 79, 75, 76, 79, 77, 77, 77, 78, 79, 75, 77, 78, 76, 79, 78,
    79, 76, 79, 75, 76, 75, 78, 76, 79, 78, 76, 78, 78, 76, 79, 79, 79,
    74 ]
