%YAML:1.0
---
videoName: "headNod46.mp4"
gestureLabel: 202
fps: 30
pixelSizeInCmTemp: 2.8511904761904761e-01
faceCenterPointX: 264
faceCenterPointY: 72
headPositionsX: [ 266, 263, 263, 265, 266, 266, 266, 263, 265, 263, 264,
    264, 262, 262, 265, 263, 263, 263, 265, 262, 264, 265, 263, 264, 266,
    267, 264, 265, 266, 269, 267, 264, 265, 263, 265, 261, 259, 260, 263,
    262, 260, 263, 265, 263, 262, 261, 263, 260, 260, 260, 262, 265, 261,
    264, 262, 262, 262, 263, 262, 263, 261, 263, 264, 265, 266, 261, 262,
    262, 265, 263, 263, 263, 266, 266, 267, 261, 264, 263, 263, 264, 266,
    263, 264, 262, 265, 264, 263, 265, 261, 263, 263, 261, 264, 265, 263,
    264, 263, 264, 265, 266 ]
headPositionsY: [ 71, 67, 70, 68, 70, 68, 67, 73, 72, 73, 76, 78, 83, 82,
    86, 89, 87, 87, 86, 84, 82, 76, 76, 72, 72, 69, 68, 69, 73, 75, 80,
    85, 86, 90, 86, 83, 80, 75, 75, 69, 66, 68, 70, 71, 74, 78, 80, 84,
    84, 81, 82, 77, 74, 72, 69, 64, 65, 66, 71, 70, 74, 78, 76, 77, 76,
    72, 72, 68, 71, 70, 69, 68, 72, 74, 74, 72, 76, 75, 73, 69, 71, 68,
    69, 70, 72, 73, 73, 74, 75, 74, 74, 72, 69, 70, 70, 72, 71, 70, 70,
    71 ]
