%YAML:1.0
---
videoName: "headLookLeft7.mp4"
gestureLabel: 203
fps: 29
pixelSizeInCmTemp: 3.4214285714285714e-01
faceCenterPointX: 268
faceCenterPointY: 68
headPositionsX: [ 270, 248, 245, 244, 244, 245, 244, 246, 243, 244, 246,
    244, 244, 243, 248, 246, 246, 244, 243, 246, 244, 248, 244, 245, 245,
    245, 246, 246, 245, 249, 249, 252, 253, 255, 257, 259, 260, 265, 265,
    265, 267, 266, 269, 266, 266, 267, 269, 268, 266, 267, 265, 268, 267,
    270, 267, 267, 268, 269, 266, 268, 268, 267, 265, 269, 268, 268, 264,
    270, 267, 265, 271, 267, 266, 269, 266, 269, 267, 267, 268, 268, 268,
    269, 270, 265, 271, 267, 268, 271, 268, 271, 270, 267, 267, 269, 267,
    268, 271, 269, 269, 269 ]
headPositionsY: [ 68, 70, 67, 71, 68, 69, 67, 71, 67, 71, 69, 72, 68, 70,
    73, 71, 71, 72, 69, 70, 72, 69, 69, 68, 67, 68, 70, 72, 70, 68, 69,
    71, 67, 70, 67, 68, 66, 71, 66, 68, 65, 67, 66, 66, 66, 70, 71, 67,
    67, 67, 69, 68, 69, 71, 70, 69, 68, 67, 65, 68, 68, 70, 68, 68, 68,
    67, 71, 69, 68, 71, 69, 67, 68, 69, 67, 71, 68, 70, 67, 69, 66, 67,
    70, 70, 68, 68, 66, 68, 68, 72, 68, 69, 71, 69, 69, 68, 67, 69, 72,
    69 ]
