%YAML:1.0
---
videoName: "headLookLeft9.mp4"
gestureLabel: 203
fps: 30
pixelSizeInCmTemp: 3.2364864864864862e-01
faceCenterPointX: 273
faceCenterPointY: 69
headPositionsX: [ 274, 249, 248, 248, 246, 245, 247, 244, 246, 247, 246,
    248, 245, 246, 248, 246, 246, 244, 248, 246, 244, 243, 246, 245, 246,
    247, 247, 246, 245, 246, 245, 244, 250, 249, 252, 251, 255, 259, 261,
    263, 266, 264, 266, 270, 265, 267, 270, 268, 268, 271, 272, 274, 272,
    272, 273, 273, 272, 269, 274, 270, 269, 271, 272, 271, 271, 270, 272,
    269, 276, 269, 269, 271, 273, 274, 271, 274, 273, 271, 269, 269, 272,
    272, 271, 270, 272, 269, 270, 272, 274, 269, 275, 273, 271, 268, 272,
    274, 271, 274, 272, 270 ]
headPositionsY: [ 70, 73, 72, 72, 73, 69, 71, 69, 71, 71, 70, 70, 68, 71,
    71, 73, 71, 73, 69, 72, 69, 68, 73, 69, 73, 69, 73, 70, 73, 71, 72,
    69, 73, 69, 68, 69, 67, 68, 66, 68, 68, 69, 68, 71, 69, 69, 68, 67,
    68, 68, 68, 67, 69, 66, 69, 66, 67, 66, 70, 66, 70, 65, 68, 69, 69,
    68, 65, 67, 67, 68, 65, 68, 68, 68, 72, 67, 67, 67, 66, 69, 66, 69,
    68, 69, 70, 69, 66, 71, 69, 69, 69, 69, 67, 68, 66, 67, 68, 67, 70,
    70 ]
