%YAML:1.0
---
videoName: "headShake8.mp4"
gestureLabel: 201
fps: 29
pixelSizeInCmTemp: 3.2364864864864862e-01
faceCenterPointX: 243
faceCenterPointY: 72
headPositionsX: [ 245, 244, 244, 246, 243, 243, 245, 242, 245, 246, 244,
    244, 245, 246, 244, 243, 241, 245, 241, 246, 246, 242, 244, 242, 241,
    244, 245, 243, 244, 244, 240, 243, 245, 244, 244, 249, 254, 258, 259,
    262, 267, 267, 262, 260, 254, 249, 246, 239, 234, 231, 232, 229, 234,
    238, 244, 248, 253, 257, 257, 257, 258, 254, 251, 244, 241, 240, 236,
    235, 235, 234, 236, 236, 239, 242, 241, 245, 247, 247, 251, 249, 248,
    252, 251, 248, 247, 251, 247, 248, 244, 243, 244, 246, 245, 241, 242,
    243, 242, 241, 243, 244 ]
headPositionsY: [ 74, 72, 72, 74, 70, 71, 71, 72, 71, 74, 69, 70, 74, 74,
    74, 73, 69, 72, 69, 74, 74, 73, 69, 70, 70, 73, 73, 69, 73, 70, 70,
    72, 71, 70, 74, 70, 69, 68, 70, 72, 71, 71, 68, 70, 72, 71, 70, 71,
    70, 69, 70, 72, 72, 72, 74, 72, 68, 71, 68, 69, 68, 69, 71, 72, 71,
    72, 74, 69, 73, 70, 71, 72, 72, 70, 71, 72, 72, 70, 70, 70, 73, 70,
    71, 71, 71, 70, 71, 74, 70, 73, 69, 73, 72, 73, 71, 69, 70, 71, 74,
    72 ]
