%YAML:1.0
---
videoName: "headLookLeft4.mp4"
gestureLabel: 203
fps: 29
pixelSizeInCmTemp: 3.4710144927536229e-01
faceCenterPointX: 288
faceCenterPointY: 74
headPositionsX: [ 287, 262, 267, 266, 265, 264, 266, 269, 275, 274, 275,
    277, 283, 283, 286, 291, 296, 294, 298, 294, 295, 295, 296, 297, 290,
    293, 294, 297, 296, 296, 292, 295, 295, 295, 293, 294, 292, 296, 295,
    292, 291, 291, 292, 297, 295, 291, 287, 293, 290, 288, 290, 292, 291,
    291, 291, 288, 290, 288, 288, 290, 288, 290, 289, 286, 291, 291, 290,
    287, 287, 291, 286, 293, 291, 294, 290, 292, 291, 287, 293, 290, 290,
    289, 290, 293, 292, 291, 289, 291, 292, 293, 288, 287, 289, 286, 291,
    286, 291, 288, 289, 291 ]
headPositionsY: [ 75, 81, 81, 81, 78, 80, 80, 76, 79, 77, 79, 78, 76, 77,
    78, 76, 77, 76, 77, 82, 74, 77, 73, 75, 74, 74, 74, 80, 76, 78, 76,
    80, 77, 77, 74, 75, 79, 74, 75, 76, 78, 72, 76, 75, 75, 76, 75, 77,
    75, 74, 75, 75, 74, 75, 75, 76, 76, 74, 73, 74, 75, 76, 76, 72, 76,
    77, 74, 76, 74, 73, 75, 72, 76, 75, 73, 73, 75, 73, 79, 72, 75, 72,
    76, 75, 73, 74, 72, 77, 73, 77, 74, 74, 77, 74, 74, 73, 75, 74, 76,
    76 ]
