%YAML:1.0
---
videoName: "headLookLeft3.mp4"
gestureLabel: 203
fps: 29
pixelSizeInCmTemp: 3.4214285714285714e-01
faceCenterPointX: 290
faceCenterPointY: 74
headPositionsX: [ 288, 262, 261, 263, 264, 265, 267, 267, 268, 272, 273,
    276, 279, 278, 281, 280, 285, 288, 289, 290, 290, 285, 295, 289, 288,
    288, 297, 288, 288, 284, 287, 288, 290, 291, 285, 289, 283, 292, 290,
    288, 286, 287, 289, 294, 288, 288, 289, 289, 291, 289, 290, 293, 292,
    290, 285, 285, 287, 289, 292, 291, 291, 288, 289, 287, 289, 289, 291,
    290, 288, 287, 287, 289, 289, 285, 286, 287, 289, 288, 287, 285, 289,
    288, 290, 285, 287, 288, 289, 288, 289, 287, 285, 285, 289, 286, 286,
    283, 290, 289, 288, 287 ]
headPositionsY: [ 74, 77, 78, 75, 78, 74, 78, 76, 75, 75, 75, 77, 75, 76,
    77, 72, 75, 73, 74, 72, 72, 73, 76, 74, 74, 73, 74, 75, 76, 71, 71,
    76, 73, 76, 75, 77, 73, 73, 72, 76, 74, 72, 72, 77, 74, 75, 72, 73,
    78, 74, 71, 74, 72, 77, 76, 72, 72, 73, 74, 73, 74, 71, 75, 74, 75,
    74, 75, 72, 72, 76, 75, 72, 71, 72, 72, 75, 74, 77, 77, 74, 72, 72,
    74, 74, 72, 74, 74, 74, 74, 75, 72, 76, 75, 73, 72, 74, 72, 75, 75,
    75 ]
