%YAML:1.0
---
videoName: "headNod14.mp4"
gestureLabel: 202
fps: 29
pixelSizeInCmTemp: 3.2808219178082193e-01
faceCenterPointX: 257
faceCenterPointY: 71
headPositionsX: [ 255, 257, 257, 257, 260, 256, 257, 257, 259, 258, 261,
    260, 257, 260, 256, 256, 257, 258, 256, 260, 257, 256, 259, 261, 260,
    259, 259, 259, 259, 261, 257, 257, 261, 259, 259, 259, 260, 259, 256,
    259, 257, 258, 259, 258, 262, 258, 262, 258, 260, 260, 257, 258, 257,
    256, 260, 258, 261, 257, 259, 256, 259, 259, 259, 261, 257, 258, 260,
    261, 257, 260, 258, 260, 258, 257, 258, 256, 258, 259, 256, 258, 258,
    258, 258, 256, 258, 255, 258, 257, 257, 257, 257, 255, 259, 254, 257,
    258, 259, 258, 259, 258 ]
headPositionsY: [ 72, 75, 77, 76, 77, 76, 75, 78, 79, 75, 76, 79, 76, 79,
    77, 78, 77, 75, 79, 77, 80, 79, 79, 78, 77, 80, 76, 77, 79, 77, 77,
    78, 77, 78, 79, 78, 77, 80, 78, 75, 75, 73, 73, 67, 71, 69, 70, 71,
    72, 71, 74, 79, 79, 81, 80, 79, 78, 79, 78, 75, 75, 68, 71, 71, 69,
    71, 76, 74, 78, 78, 79, 83, 78, 76, 76, 73, 72, 70, 66, 69, 73, 73,
    74, 77, 82, 78, 81, 76, 79, 74, 71, 70, 70, 71, 71, 68, 71, 73, 73,
    73 ]
