%YAML:1.0
---
videoName: "headShake30.mp4"
gestureLabel: 201
fps: 29
pixelSizeInCmTemp: 3.2808219178082193e-01
faceCenterPointX: 240
faceCenterPointY: 68
headPositionsX: [ 239, 235, 231, 234, 232, 235, 235, 232, 233, 237, 237,
    238, 236, 238, 240, 241, 239, 243, 242, 242, 245, 242, 245, 242, 246,
    241, 242, 245, 240, 242, 240, 241, 242, 240, 241, 241, 237, 240, 244,
    249, 248, 255, 258, 257, 257, 261, 259, 257, 252, 245, 239, 230, 229,
    226, 222, 225, 227, 233, 238, 246, 248, 250, 253, 250, 246, 243, 237,
    232, 229, 229, 226, 230, 232, 235, 241, 244, 247, 252, 251, 247, 248,
    246, 243, 238, 238, 236, 236, 238, 236, 239, 240, 239, 240, 239, 238,
    239, 238, 240, 239, 241 ]
headPositionsY: [ 66, 57, 54, 56, 60, 57, 61, 57, 60, 62, 65, 66, 62, 64,
    63, 67, 65, 65, 66, 65, 66, 66, 63, 64, 65, 66, 67, 66, 68, 64, 67,
    67, 66, 64, 68, 65, 64, 67, 66, 67, 67, 66, 66, 63, 66, 67, 67, 66,
    65, 67, 69, 65, 65, 70, 69, 69, 69, 68, 70, 68, 68, 66, 65, 66, 70,
    71, 66, 69, 70, 66, 71, 71, 69, 70, 68, 69, 67, 64, 67, 68, 67, 65,
    65, 68, 68, 65, 70, 69, 69, 67, 70, 67, 66, 66, 66, 65, 66, 68, 70,
    66 ]
