%YAML:1.0
---
videoName: "headShake7.mp4"
gestureLabel: 201
fps: 29
pixelSizeInCmTemp: 3.3263888888888887e-01
faceCenterPointX: 244
faceCenterPointY: 72
headPositionsX: [ 245, 245, 241, 244, 245, 243, 244, 244, 241, 242, 246,
    246, 250, 253, 255, 256, 261, 262, 257, 254, 252, 248, 238, 233, 235,
    235, 236, 239, 247, 254, 255, 257, 261, 257, 256, 252, 243, 236, 235,
    228, 227, 230, 231, 235, 238, 247, 251, 253, 257, 254, 251, 250, 246,
    244, 237, 235, 229, 229, 228, 235, 237, 242, 246, 253, 253, 254, 260,
    256, 254, 249, 248, 245, 237, 238, 234, 234, 235, 233, 233, 239, 239,
    238, 242, 244, 247, 245, 249, 248, 245, 246, 245, 243, 246, 247, 246,
    242, 244, 241, 245, 243 ]
headPositionsY: [ 74, 72, 72, 73, 73, 72, 69, 70, 70, 70, 69, 73, 71, 68,
    70, 69, 69, 67, 69, 70, 68, 70, 71, 68, 71, 72, 72, 73, 69, 71, 68,
    68, 71, 71, 73, 68, 69, 73, 71, 70, 69, 73, 69, 73, 73, 71, 69, 69,
    69, 68, 69, 69, 72, 74, 69, 72, 73, 71, 70, 69, 73, 70, 70, 69, 72,
    69, 70, 68, 72, 69, 69, 72, 73, 71, 73, 70, 70, 68, 70, 73, 71, 71,
    71, 73, 70, 72, 70, 71, 71, 73, 73, 71, 74, 73, 72, 72, 72, 71, 72,
    72 ]
