%YAML:1.0
---
videoName: "headNod34.mp4"
gestureLabel: 202
fps: 29
pixelSizeInCmTemp: 2.9567901234567900e-01
faceCenterPointX: 266
faceCenterPointY: 78
headPositionsX: [ 267, 268, 267, 267, 270, 268, 271, 271, 268, 268, 271,
    268, 267, 267, 269, 271, 268, 271, 270, 267, 271, 268, 271, 272, 268,
    271, 270, 270, 269, 269, 269, 268, 267, 268, 271, 271, 267, 269, 271,
    270, 270, 269, 271, 269, 270, 268, 270, 267, 270, 270, 268, 270, 271,
    269, 268, 271, 270, 272, 270, 273, 270, 272, 268, 268, 270, 272, 270,
    270, 272, 271, 269, 267, 267, 267, 267, 265, 268, 265, 266, 267, 264,
    264, 265, 265, 263, 266, 265, 267, 267, 265, 266, 267, 264, 267, 264,
    264, 266, 267, 265, 265 ]
headPositionsY: [ 79, 76, 74, 76, 75, 74, 74, 75, 77, 75, 75, 77, 79, 74,
    75, 77, 77, 75, 75, 74, 76, 76, 78, 78, 77, 79, 78, 75, 78, 77, 74,
    75, 74, 75, 75, 74, 75, 74, 70, 72, 73, 72, 75, 76, 83, 82, 90, 87,
    88, 84, 80, 76, 73, 71, 70, 72, 76, 75, 82, 83, 85, 82, 78, 77, 77,
    80, 75, 77, 81, 81, 83, 84, 87, 83, 82, 81, 80, 78, 77, 78, 81, 81,
    81, 82, 82, 79, 80, 80, 81, 78, 76, 77, 78, 79, 81, 81, 82, 80, 81,
    82 ]
