%YAML:1.0
---
videoName: "headShake17.mp4"
gestureLabel: 201
fps: 29
pixelSizeInCmTemp: 3.3263888888888887e-01
faceCenterPointX: 242
faceCenterPointY: 76
headPositionsX: [ 242, 238, 236, 240, 239, 238, 241, 242, 244, 247, 252,
    252, 260, 259, 257, 257, 252, 249, 246, 240, 236, 235, 231, 229, 224,
    225, 230, 231, 236, 239, 244, 248, 251, 253, 251, 254, 255, 254, 247,
    248, 243, 242, 238, 235, 232, 233, 232, 232, 236, 235, 238, 242, 240,
    242, 243, 245, 243, 246, 244, 244, 243, 241, 241, 238, 240, 240, 241,
    239, 239, 240, 239, 240, 242, 242, 240, 239, 239, 238, 239, 243, 239,
    243, 240, 240, 243, 239, 241, 243, 241, 243, 243, 241, 243, 239, 240,
    241, 243, 241, 243, 242 ]
headPositionsY: [ 76, 78, 73, 77, 76, 78, 76, 78, 76, 75, 76, 72, 77, 73,
    77, 78, 74, 74, 76, 77, 79, 78, 77, 77, 76, 75, 76, 76, 76, 78, 77,
    78, 74, 74, 76, 72, 77, 76, 74, 80, 76, 78, 79, 75, 76, 75, 74, 74,
    76, 79, 74, 75, 79, 76, 75, 75, 77, 75, 79, 76, 77, 77, 78, 78, 76,
    78, 78, 74, 78, 77, 77, 74, 77, 75, 74, 75, 78, 73, 78, 77, 76, 75,
    77, 76, 78, 74, 76, 76, 74, 77, 78, 76, 78, 78, 76, 77, 78, 76, 74,
    74 ]
