%YAML:1.0
---
videoName: "headNod21.mp4"
gestureLabel: 202
fps: 29
pixelSizeInCmTemp: 3.2808219178082193e-01
faceCenterPointX: 253
faceCenterPointY: 78
headPositionsX: [ 255, 256, 255, 253, 255, 255, 257, 256, 253, 257, 256,
    253, 255, 257, 257, 257, 253, 256, 255, 256, 256, 257, 254, 253, 257,
    257, 254, 256, 258, 252, 257, 254, 254, 254, 257, 257, 253, 258, 257,
    257, 255, 256, 258, 255, 253, 255, 255, 255, 253, 252, 255, 252, 254,
    252, 254, 253, 254, 256, 254, 253, 253, 253, 253, 252, 251, 251, 249,
    249, 254, 252, 254, 251, 250, 250, 250, 250, 251, 248, 251, 251, 251,
    252, 252, 249, 251, 253, 253, 254, 253, 251, 252, 253, 251, 251, 254,
    253, 253, 256, 255, 253 ]
headPositionsY: [ 80, 80, 81, 78, 78, 76, 77, 78, 79, 78, 76, 76, 78, 76,
    78, 79, 79, 78, 78, 81, 79, 78, 78, 80, 82, 77, 82, 81, 82, 83, 84,
    81, 82, 81, 76, 77, 74, 77, 75, 79, 79, 81, 84, 82, 80, 80, 76, 75,
    79, 79, 82, 81, 85, 81, 83, 81, 79, 75, 79, 78, 82, 81, 80, 81, 82,
    81, 81, 79, 76, 77, 76, 76, 78, 81, 84, 83, 83, 80, 79, 78, 79, 80,
    79, 80, 80, 77, 81, 81, 81, 80, 81, 77, 79, 79, 79, 80, 79, 77, 81,
    80 ]
