%YAML:1.0
---
videoName: "headNod26.mp4"
gestureLabel: 202
fps: 29
pixelSizeInCmTemp: 3.1513157894736843e-01
faceCenterPointX: 271
faceCenterPointY: 78
headPositionsX: [ 270, 271, 274, 271, 273, 271, 271, 272, 273, 273, 271,
    271, 273, 274, 273, 272, 274, 270, 275, 271, 272, 271, 275, 273, 273,
    274, 273, 274, 269, 273, 274, 272, 271, 271, 273, 273, 269, 270, 273,
    271, 270, 273, 272, 273, 273, 272, 269, 274, 270, 273, 272, 271, 274,
    273, 273, 272, 271, 272, 273, 271, 273, 274, 270, 270, 272, 271, 272,
    273, 274, 273, 270, 274, 270, 270, 274, 273, 271, 268, 270, 273, 269,
    272, 270, 269, 271, 270, 268, 271, 269, 272, 270, 270, 269, 273, 268,
    269, 270, 270, 269, 272 ]
headPositionsY: [ 76, 73, 76, 74, 75, 70, 69, 71, 69, 68, 65, 64, 67, 66,
    69, 69, 71, 70, 73, 76, 78, 83, 84, 82, 81, 81, 76, 76, 73, 70, 70,
    66, 68, 66, 70, 71, 75, 77, 76, 80, 80, 76, 80, 73, 75, 72, 70, 67,
    70, 69, 69, 69, 75, 73, 74, 76, 77, 75, 76, 72, 68, 68, 68, 68, 67,
    67, 69, 71, 69, 71, 73, 77, 74, 75, 77, 74, 72, 71, 67, 70, 66, 69,
    69, 68, 69, 74, 75, 76, 78, 79, 80, 81, 78, 77, 79, 77, 79, 79, 78,
    76 ]
