%YAML:1.0
---
videoName: "headShake29.mp4"
gestureLabel: 201
fps: 29
pixelSizeInCmTemp: 3.3263888888888887e-01
faceCenterPointX: 243
faceCenterPointY: 76
headPositionsX: [ 244, 244, 240, 244, 244, 241, 243, 240, 245, 244, 244,
    243, 241, 245, 240, 240, 243, 243, 243, 244, 243, 244, 242, 240, 238,
    241, 240, 236, 240, 239, 241, 247, 252, 251, 256, 256, 254, 253, 250,
    242, 239, 231, 232, 226, 228, 232, 235, 239, 244, 246, 247, 254, 253,
    249, 250, 247, 243, 236, 232, 232, 229, 231, 232, 233, 240, 239, 248,
    251, 252, 253, 250, 253, 249, 247, 242, 240, 238, 238, 234, 234, 235,
    236, 236, 237, 238, 238, 240, 239, 241, 242, 244, 243, 242, 245, 243,
    244, 244, 245, 242, 245 ]
headPositionsY: [ 76, 77, 73, 75, 76, 77, 77, 78, 76, 77, 78, 75, 74, 77,
    77, 76, 74, 74, 76, 78, 77, 76, 77, 75, 77, 75, 75, 78, 77, 77, 75,
    75, 77, 73, 72, 74, 76, 76, 76, 75, 78, 74, 76, 79, 74, 76, 74, 76,
    79, 77, 76, 77, 76, 78, 75, 77, 74, 75, 76, 75, 76, 77, 77, 77, 76,
    75, 77, 75, 77, 77, 74, 74, 77, 75, 75, 75, 76, 76, 75, 73, 73, 78,
    74, 77, 78, 76, 76, 78, 76, 78, 76, 80, 76, 76, 77, 78, 79, 78, 77,
    77 ]
