%YAML:1.0
---
videoName: "headLookDown4.mp4"
gestureLabel: 206
fps: 29
pixelSizeInCmTemp: 3.4710144927536229e-01
faceCenterPointX: 275
faceCenterPointY: 97
headPositionsX: [ 273, 274, 271, 271, 272, 275, 273, 274, 274, 274, 274,
    275, 272, 274, 274, 272, 273, 275, 271, 272, 274, 271, 270, 273, 275,
    274, 274, 271, 272, 272, 274, 275, 272, 274, 273, 271, 275, 271, 274,
    273, 272, 276, 272, 273, 273, 274, 274, 273, 272, 274, 274, 275, 273,
    271, 272, 276, 272, 275, 273, 273, 276, 272, 273, 276, 276, 276, 272,
    273, 274, 275, 276, 272, 272, 275, 276, 275, 272, 272, 276, 276, 276,
    275, 276, 273, 274, 273, 277, 273, 275, 276, 275, 275, 276, 274, 277,
    276, 277, 272, 273, 276 ]
headPositionsY: [ 98, 83, 80, 81, 83, 80, 79, 81, 80, 79, 81, 78, 81, 79,
    79, 83, 79, 79, 79, 80, 82, 83, 82, 80, 80, 82, 80, 83, 79, 80, 79,
    81, 82, 85, 82, 85, 86, 86, 85, 89, 90, 89, 91, 90, 89, 92, 91, 95,
    95, 96, 94, 95, 100, 100, 101, 100, 101, 102, 100, 100, 99, 99, 98,
    102, 101, 100, 102, 97, 100, 102, 99, 99, 98, 98, 97, 96, 97, 98, 98,
    99, 95, 99, 97, 99, 96, 100, 97, 99, 99, 95, 98, 98, 96, 96, 96, 97,
    95, 99, 100, 95 ]
