%YAML:1.0
---
videoName: "headShake47.mp4"
gestureLabel: 201
fps: 29
pixelSizeInCmTemp: 3.2364864864864862e-01
faceCenterPointX: 258
faceCenterPointY: 86
headPositionsX: [ 260, 262, 262, 258, 261, 259, 262, 259, 259, 262, 262,
    260, 259, 259, 258, 262, 262, 258, 258, 263, 260, 259, 261, 259, 259,
    260, 262, 262, 260, 260, 260, 259, 259, 258, 257, 256, 253, 252, 252,
    250, 251, 252, 250, 256, 260, 266, 268, 266, 264, 264, 260, 255, 254,
    251, 256, 257, 264, 262, 267, 266, 263, 258, 252, 253, 251, 254, 257,
    260, 262, 262, 265, 260, 258, 255, 254, 254, 256, 261, 263, 263, 264,
    264, 260, 257, 256, 253, 252, 256, 254, 256, 259, 255, 256, 259, 256,
    257, 259, 257, 255, 258 ]
headPositionsY: [ 88, 85, 84, 85, 84, 84, 84, 82, 83, 83, 86, 83, 83, 84,
    85, 84, 82, 88, 86, 88, 86, 86, 85, 84, 86, 84, 84, 86, 83, 87, 86,
    85, 86, 84, 86, 88, 83, 83, 82, 87, 84, 84, 89, 89, 86, 90, 88, 89,
    89, 91, 91, 90, 88, 87, 91, 89, 88, 89, 90, 86, 87, 90, 89, 86, 85,
    84, 89, 86, 85, 86, 88, 87, 89, 86, 84, 89, 85, 85, 87, 85, 86, 85,
    86, 84, 86, 85, 88, 86, 88, 88, 86, 86, 84, 88, 87, 84, 88, 85, 84,
    84 ]
