%YAML:1.0
---
videoName: "headShake13.mp4"
gestureLabel: 201
fps: 29
pixelSizeInCmTemp: 3.2364864864864862e-01
faceCenterPointX: 241
faceCenterPointY: 77
headPositionsX: [ 241, 241, 240, 240, 240, 240, 241, 242, 243, 240, 243,
    244, 244, 241, 243, 240, 241, 241, 243, 243, 243, 244, 241, 241, 239,
    241, 244, 240, 240, 241, 239, 240, 237, 240, 244, 248, 253, 255, 257,
    261, 262, 262, 257, 257, 249, 243, 240, 232, 228, 227, 230, 230, 234,
    239, 242, 248, 249, 251, 249, 246, 243, 239, 238, 233, 230, 232, 234,
    233, 239, 242, 246, 249, 252, 250, 249, 253, 247, 242, 242, 239, 236,
    234, 235, 236, 236, 234, 235, 238, 244, 245, 242, 243, 243, 246, 245,
    246, 243, 244, 243, 242 ]
headPositionsY: [ 76, 75, 78, 76, 77, 74, 78, 75, 78, 76, 76, 79, 77, 75,
    77, 77, 78, 78, 74, 75, 77, 74, 76, 74, 77, 73, 78, 76, 76, 75, 75,
    76, 77, 78, 76, 74, 75, 77, 76, 73, 75, 74, 73, 74, 75, 74, 78, 77,
    78, 76, 75, 78, 77, 78, 79, 76, 77, 78, 77, 76, 75, 75, 78, 75, 75,
    75, 76, 77, 75, 77, 76, 74, 74, 74, 78, 74, 75, 76, 75, 76, 77, 76,
    77, 75, 76, 76, 78, 76, 77, 75, 74, 77, 76, 74, 78, 77, 76, 74, 77,
    76 ]
