%YAML:1.0
---
videoName: "headShake24.mp4"
gestureLabel: 201
fps: 29
pixelSizeInCmTemp: 3.2808219178082193e-01
faceCenterPointX: 240
faceCenterPointY: 78
headPositionsX: [ 238, 250, 253, 252, 251, 253, 253, 252, 252, 251, 247,
    246, 243, 241, 238, 236, 237, 233, 232, 230, 230, 230, 233, 231, 234,
    235, 238, 239, 241, 244, 246, 248, 248, 250, 250, 249, 251, 249, 247,
    246, 246, 244, 242, 238, 239, 237, 236, 232, 232, 233, 233, 233, 237,
    237, 239, 239, 243, 242, 247, 245, 245, 244, 245, 249, 249, 246, 248,
    246, 245, 248, 242, 244, 243, 240, 242, 240, 240, 239, 237, 238, 237,
    238, 240, 238, 239, 241, 241, 239, 242, 239, 240, 239, 241, 239, 240,
    241, 239, 242, 240, 240 ]
headPositionsY: [ 78, 76, 77, 76, 77, 73, 74, 73, 78, 76, 75, 78, 76, 80,
    80, 78, 76, 77, 78, 76, 78, 76, 80, 76, 78, 76, 75, 78, 78, 77, 75,
    77, 79, 76, 77, 79, 76, 76, 80, 79, 80, 76, 77, 76, 77, 77, 75, 77,
    76, 75, 78, 79, 77, 79, 79, 77, 79, 75, 77, 78, 76, 76, 80, 75, 79,
    76, 80, 79, 76, 77, 76, 78, 75, 77, 77, 78, 77, 79, 76, 76, 78, 78,
    77, 77, 78, 75, 78, 77, 79, 79, 78, 79, 80, 77, 77, 76, 76, 76, 80,
    79 ]
