%YAML:1.0
---
videoName: "headNod26.mp4"
gestureLabel: 202
fps: 29
pixelSizeInCmTemp: 3.1513157894736843e-01
faceCenterPointX: 271
faceCenterPointY: 78
headPositionsX: [ 271, 270, 273, 272, 274, 274, 270, 270, 272, 271, 274,
    274, 273, 272, 272, 273, 275, 271, 274, 272, 273, 271, 272, 270, 273,
    274, 272, 270, 272, 273, 271, 272, 270, 271, 270, 272, 272, 273, 273,
    272, 273, 269, 273, 273, 271, 271, 269, 271, 268, 270, 272, 271, 274,
    272, 273, 273, 272, 269, 274, 273, 274, 272, 270, 274, 272, 273, 274,
    270, 270, 270, 271, 274, 273, 271, 273, 270, 271, 268, 272, 273, 271,
    270, 272, 271, 271, 270, 269, 271, 268, 273, 271, 274, 272, 273, 271,
    271, 270, 270, 271, 269 ]
headPositionsY: [ 80, 75, 75, 72, 74, 73, 70, 72, 70, 66, 64, 65, 64, 64,
    69, 66, 69, 71, 72, 76, 80, 82, 84, 82, 82, 79, 78, 76, 73, 69, 69,
    67, 68, 69, 71, 71, 72, 74, 77, 77, 77, 78, 79, 73, 75, 71, 68, 71,
    67, 71, 69, 70, 71, 75, 77, 79, 77, 73, 76, 69, 72, 68, 67, 67, 67,
    68, 68, 72, 71, 73, 75, 74, 74, 75, 77, 73, 73, 68, 67, 67, 66, 71,
    70, 69, 73, 75, 73, 76, 77, 77, 79, 80, 78, 80, 78, 76, 78, 79, 79,
    77 ]
