%YAML:1.0
---
videoName: "headNod26.mp4"
gestureLabel: 202
fps: 29
pixelSizeInCmTemp: 3.1513157894736843e-01
faceCenterPointX: 271
faceCenterPointY: 78
headPositionsX: [ 272, 274, 271, 270, 272, 273, 273, 271, 270, 271, 273,
    272, 273, 273, 271, 274, 273, 272, 273, 271, 271, 274, 273, 274, 272,
    274, 270, 274, 271, 273, 274, 269, 271, 273, 272, 270, 269, 272, 272,
    271, 273, 273, 274, 270, 270, 272, 270, 272, 271, 274, 271, 273, 273,
    273, 273, 273, 273, 272, 275, 271, 270, 272, 274, 273, 272, 274, 273,
    272, 273, 273, 274, 273, 272, 273, 271, 270, 271, 270, 268, 270, 271,
    272, 272, 269, 272, 272, 271, 269, 270, 274, 269, 272, 270, 269, 271,
    268, 271, 268, 269, 270 ]
headPositionsY: [ 78, 74, 74, 71, 72, 72, 70, 72, 68, 66, 65, 67, 64, 67,
    68, 65, 71, 69, 75, 77, 76, 83, 84, 85, 85, 79, 79, 76, 73, 71, 69,
    70, 66, 70, 69, 70, 73, 76, 77, 78, 79, 79, 78, 76, 76, 72, 68, 69,
    67, 70, 67, 71, 74, 77, 74, 77, 76, 76, 74, 69, 70, 70, 66, 67, 66,
    68, 67, 70, 73, 72, 72, 75, 77, 74, 74, 76, 71, 71, 68, 70, 67, 69,
    70, 72, 70, 75, 75, 77, 77, 77, 77, 79, 78, 77, 76, 77, 77, 78, 79,
    80 ]
