%YAML:1.0
---
videoName: "headShake35.mp4"
gestureLabel: 201
fps: 29
pixelSizeInCmTemp: 3.2364864864864862e-01
faceCenterPointX: 267
faceCenterPointY: 82
headPositionsX: [ 269, 265, 268, 267, 269, 268, 269, 267, 270, 268, 268,
    269, 266, 270, 266, 268, 270, 267, 268, 269, 270, 266, 269, 268, 271,
    265, 268, 270, 270, 271, 267, 266, 268, 267, 269, 267, 266, 270, 267,
    267, 266, 269, 267, 269, 268, 265, 267, 269, 269, 268, 269, 269, 268,
    269, 265, 269, 266, 266, 267, 269, 267, 270, 268, 272, 272, 274, 278,
    282, 280, 279, 276, 270, 268, 262, 261, 260, 262, 264, 267, 268, 272,
    278, 275, 271, 268, 266, 264, 261, 260, 259, 264, 265, 265, 265, 269,
    266, 269, 270, 269, 266 ]
headPositionsY: [ 82, 77, 82, 80, 79, 80, 79, 77, 82, 82, 78, 81, 79, 79,
    78, 80, 81, 81, 83, 80, 81, 78, 82, 80, 79, 81, 77, 78, 80, 83, 79,
    81, 81, 82, 79, 78, 82, 81, 78, 81, 80, 78, 79, 81, 82, 79, 80, 82,
    80, 80, 80, 82, 79, 82, 81, 81, 81, 78, 81, 80, 80, 81, 81, 82, 81,
    81, 80, 79, 79, 79, 82, 83, 79, 82, 83, 78, 83, 84, 80, 83, 80, 83,
    81, 84, 84, 82, 80, 83, 82, 79, 79, 83, 82, 81, 80, 81, 81, 83, 83,
    84 ]
