%YAML:1.0
---
videoName: "headNod48.mp4"
gestureLabel: 202
fps: 29
pixelSizeInCmTemp: 2.8855421686746985e-01
faceCenterPointX: 264
faceCenterPointY: 72
headPositionsX: [ 264, 267, 263, 264, 264, 267, 264, 267, 264, 264, 267,
    263, 264, 265, 263, 265, 263, 263, 260, 260, 262, 258, 261, 258, 261,
    260, 261, 259, 262, 259, 262, 260, 264, 260, 260, 264, 262, 264, 262,
    263, 262, 261, 262, 262, 261, 261, 260, 263, 262, 260, 261, 262, 263,
    258, 263, 263, 260, 264, 262, 262, 262, 262, 265, 263, 261, 261, 265,
    262, 262, 263, 263, 263, 263, 265, 266, 267, 265, 264, 263, 263, 263,
    267, 266, 265, 265, 265, 266, 268, 266, 265, 264, 265, 264, 264, 266,
    263, 267, 267, 266, 265 ]
headPositionsY: [ 74, 74, 76, 78, 78, 77, 72, 72, 67, 65, 64, 64, 60, 62,
    67, 70, 74, 80, 85, 89, 85, 86, 83, 82, 77, 76, 70, 69, 64, 62, 63,
    65, 63, 67, 68, 70, 72, 79, 79, 82, 81, 84, 81, 79, 75, 74, 71, 74,
    71, 70, 72, 73, 77, 76, 78, 78, 79, 74, 74, 72, 69, 72, 72, 73, 70,
    77, 75, 78, 76, 74, 76, 75, 72, 73, 71, 72, 72, 71, 71, 74, 76, 77,
    75, 73, 75, 71, 70, 68, 71, 72, 71, 73, 72, 75, 71, 73, 71, 73, 74,
    74 ]
