%YAML:1.0
---
videoName: "headShake8.mp4"
gestureLabel: 201
fps: 29
pixelSizeInCmTemp: 3.2364864864864862e-01
faceCenterPointX: 243
faceCenterPointY: 72
headPositionsX: [ 242, 241, 245, 246, 242, 245, 246, 245, 241, 243, 241,
    243, 241, 244, 242, 242, 242, 245, 245, 243, 245, 245, 245, 242, 245,
    243, 241, 242, 244, 244, 240, 242, 244, 246, 247, 248, 254, 254, 262,
    265, 264, 266, 263, 260, 258, 252, 244, 241, 234, 233, 230, 229, 233,
    240, 242, 247, 253, 261, 259, 260, 257, 255, 253, 245, 242, 238, 235,
    232, 233, 234, 234, 236, 240, 239, 243, 244, 246, 249, 249, 248, 251,
    248, 251, 252, 248, 251, 247, 247, 248, 245, 245, 242, 245, 245, 245,
    242, 243, 245, 243, 242 ]
headPositionsY: [ 74, 69, 70, 72, 72, 74, 70, 74, 69, 72, 73, 72, 71, 70,
    71, 69, 70, 72, 71, 70, 70, 70, 72, 73, 72, 74, 69, 69, 70, 74, 71,
    72, 71, 71, 73, 70, 69, 71, 71, 70, 70, 72, 72, 69, 69, 72, 72, 72,
    71, 69, 71, 73, 73, 70, 70, 73, 71, 72, 69, 71, 71, 70, 69, 71, 72,
    70, 73, 72, 71, 71, 73, 74, 74, 73, 70, 71, 73, 73, 71, 72, 70, 72,
    73, 70, 71, 73, 70, 74, 69, 73, 70, 70, 73, 71, 73, 73, 73, 74, 70,
    73 ]
