%YAML:1.0
---
videoName: "headNod39.mp4"
gestureLabel: 202
fps: 29
pixelSizeInCmTemp: 2.9937500000000000e-01
faceCenterPointX: 268
faceCenterPointY: 78
headPositionsX: [ 266, 267, 268, 268, 268, 271, 267, 266, 267, 266, 270,
    270, 269, 270, 270, 268, 269, 271, 267, 270, 271, 267, 269, 266, 268,
    270, 271, 271, 266, 268, 267, 267, 266, 267, 270, 267, 270, 271, 269,
    267, 267, 270, 267, 267, 268, 270, 269, 269, 265, 268, 267, 267, 266,
    270, 266, 265, 269, 267, 265, 265, 265, 268, 268, 265, 266, 267, 268,
    267, 267, 265, 264, 265, 265, 265, 265, 268, 267, 266, 268, 269, 268,
    268, 266, 267, 265, 267, 268, 266, 267, 266, 267, 266, 266, 269, 267,
    266, 268, 266, 269, 264 ]
headPositionsY: [ 79, 79, 76, 77, 74, 75, 79, 74, 75, 78, 75, 77, 74, 76,
    74, 78, 74, 78, 77, 75, 75, 77, 75, 78, 76, 76, 75, 78, 74, 78, 76,
    76, 75, 78, 76, 78, 75, 80, 78, 78, 81, 83, 86, 84, 82, 81, 78, 77,
    75, 75, 74, 77, 73, 75, 77, 85, 87, 92, 89, 87, 84, 83, 79, 76, 71,
    72, 74, 77, 79, 80, 80, 85, 82, 83, 78, 78, 73, 75, 76, 74, 75, 78,
    78, 79, 78, 79, 77, 78, 78, 80, 76, 80, 79, 76, 76, 80, 77, 79, 80,
    76 ]
