%YAML:1.0
---
videoName: "headShake2.mp4"
gestureLabel: 201
fps: 29
pixelSizeInCmTemp: 3.4214285714285714e-01
faceCenterPointX: 276
faceCenterPointY: 98
headPositionsX: [ 278, 277, 279, 278, 276, 275, 278, 275, 277, 276, 277,
    275, 276, 276, 278, 278, 277, 277, 280, 279, 278, 277, 279, 277, 276,
    278, 279, 277, 276, 277, 279, 280, 276, 279, 279, 275, 275, 276, 278,
    275, 278, 276, 280, 281, 287, 288, 294, 293, 294, 294, 291, 288, 283,
    279, 273, 266, 267, 263, 263, 269, 272, 280, 284, 286, 290, 290, 288,
    286, 284, 281, 275, 270, 270, 268, 266, 271, 275, 281, 285, 287, 289,
    288, 284, 286, 281, 280, 279, 275, 278, 275, 274, 273, 274, 275, 274,
    277, 274, 275, 274, 276 ]
headPositionsY: [ 98, 98, 100, 97, 100, 98, 100, 100, 96, 100, 100, 97,
    97, 98, 98, 100, 98, 100, 101, 98, 99, 99, 100, 99, 98, 96, 97, 98,
    101, 99, 99, 97, 98, 101, 98, 100, 96, 97, 99, 99, 99, 97, 99, 99,
    95, 99, 98, 99, 96, 95, 96, 97, 97, 97, 100, 96, 97, 98, 95, 95, 97,
    99, 97, 95, 99, 98, 96, 97, 95, 98, 99, 98, 100, 96, 98, 97, 99, 100,
    100, 96, 97, 96, 96, 100, 98, 98, 101, 98, 99, 99, 98, 100, 100, 101,
    100, 98, 97, 100, 99, 101 ]
