%YAML:1.0
---
videoName: "headShake31.mp4"
gestureLabel: 201
fps: 29
pixelSizeInCmTemp: 3.2808219178082193e-01
faceCenterPointX: 236
faceCenterPointY: 68
headPositionsX: [ 238, 236, 239, 236, 237, 236, 237, 236, 236, 236, 237,
    237, 236, 237, 239, 236, 237, 239, 236, 234, 235, 237, 235, 237, 236,
    236, 238, 236, 238, 237, 236, 238, 237, 238, 236, 236, 237, 238, 243,
    243, 246, 252, 251, 252, 252, 251, 247, 241, 233, 226, 220, 223, 220,
    226, 226, 233, 238, 243, 244, 247, 247, 241, 243, 237, 233, 230, 229,
    227, 228, 232, 231, 235, 237, 239, 240, 244, 244, 244, 241, 240, 237,
    235, 236, 236, 233, 237, 235, 235, 234, 235, 236, 234, 234, 237, 237,
    234, 233, 236, 235, 237 ]
headPositionsY: [ 68, 67, 69, 65, 68, 65, 69, 70, 69, 68, 67, 64, 68, 66,
    66, 69, 65, 66, 67, 64, 65, 66, 68, 69, 67, 66, 68, 65, 68, 65, 65,
    66, 69, 66, 70, 69, 68, 66, 67, 66, 66, 66, 67, 67, 65, 69, 66, 70,
    70, 67, 69, 66, 65, 70, 70, 70, 72, 71, 71, 70, 70, 68, 67, 67, 68,
    70, 69, 71, 68, 69, 70, 70, 71, 69, 67, 67, 69, 68, 70, 71, 71, 67,
    71, 71, 70, 69, 68, 71, 67, 71, 70, 68, 71, 67, 68, 70, 71, 71, 72,
    69 ]
