%YAML:1.0
---
videoName: "headShake15.mp4"
gestureLabel: 201
fps: 29
pixelSizeInCmTemp: 3.3263888888888887e-01
faceCenterPointX: 243
faceCenterPointY: 76
headPositionsX: [ 245, 242, 244, 242, 244, 244, 246, 245, 244, 242, 243,
    242, 243, 244, 243, 244, 245, 245, 245, 244, 241, 243, 241, 241, 241,
    241, 242, 243, 243, 243, 244, 242, 242, 241, 245, 245, 245, 241, 240,
    245, 244, 242, 242, 244, 244, 241, 245, 240, 242, 244, 243, 245, 242,
    243, 244, 244, 240, 244, 244, 241, 243, 241, 245, 246, 251, 252, 255,
    259, 259, 259, 254, 253, 252, 249, 242, 238, 239, 238, 238, 241, 239,
    241, 244, 244, 247, 247, 246, 244, 245, 243, 241, 240, 241, 243, 240,
    240, 243, 244, 243, 245 ]
headPositionsY: [ 78, 74, 77, 74, 74, 76, 75, 77, 76, 74, 74, 74, 75, 78,
    72, 73, 74, 76, 77, 72, 76, 76, 78, 76, 75, 77, 72, 74, 73, 76, 75,
    76, 74, 74, 76, 76, 75, 77, 73, 76, 77, 74, 76, 77, 77, 75, 78, 75,
    78, 75, 78, 74, 74, 73, 75, 76, 77, 77, 77, 76, 77, 76, 79, 76, 75,
    74, 73, 72, 75, 76, 74, 74, 75, 77, 75, 78, 75, 77, 76, 79, 74, 78,
    77, 75, 79, 77, 77, 75, 76, 79, 78, 78, 75, 79, 77, 78, 74, 79, 78,
    79 ]
