%YAML:1.0
---
videoName: "headShake21.mp4"
gestureLabel: 201
fps: 29
pixelSizeInCmTemp: 3.1933333333333330e-01
faceCenterPointX: 241
faceCenterPointY: 78
headPositionsX: [ 239, 247, 244, 241, 242, 241, 241, 243, 239, 242, 243,
    242, 240, 244, 243, 243, 241, 241, 243, 240, 242, 245, 241, 241, 241,
    241, 245, 241, 243, 244, 243, 241, 243, 245, 241, 241, 243, 243, 242,
    243, 241, 242, 239, 241, 241, 243, 240, 244, 241, 243, 242, 240, 242,
    242, 242, 240, 242, 242, 243, 244, 242, 238, 242, 238, 242, 238, 239,
    241, 244, 246, 250, 254, 249, 248, 245, 244, 239, 233, 233, 234, 234,
    237, 237, 244, 243, 241, 244, 243, 240, 237, 237, 240, 238, 240, 240,
    243, 241, 243, 241, 241 ]
headPositionsY: [ 78, 83, 83, 78, 79, 76, 75, 75, 71, 70, 69, 69, 73, 72,
    70, 69, 72, 70, 70, 73, 74, 70, 70, 74, 72, 76, 76, 74, 75, 76, 75,
    77, 75, 75, 74, 78, 78, 79, 77, 77, 76, 77, 75, 76, 78, 79, 78, 79,
    76, 76, 77, 76, 78, 76, 78, 77, 79, 79, 77, 80, 77, 79, 75, 80, 80,
    77, 79, 77, 78, 76, 76, 79, 77, 78, 76, 80, 80, 80, 78, 77, 76, 80,
    75, 80, 79, 78, 76, 81, 80, 77, 78, 79, 78, 79, 80, 76, 77, 77, 81,
    80 ]
