%YAML:1.0
---
videoName: "headLookLeft4.mp4"
gestureLabel: 203
fps: 29
pixelSizeInCmTemp: 3.4710144927536229e-01
faceCenterPointX: 288
faceCenterPointY: 74
headPositionsX: [ 290, 264, 268, 264, 264, 267, 266, 272, 271, 272, 276,
    278, 282, 284, 288, 287, 293, 293, 298, 298, 294, 293, 294, 298, 289,
    294, 293, 297, 299, 295, 294, 294, 296, 294, 294, 292, 292, 295, 294,
    294, 293, 291, 293, 295, 296, 288, 289, 294, 288, 290, 292, 292, 292,
    290, 291, 287, 289, 289, 290, 289, 287, 289, 290, 288, 289, 291, 291,
    289, 285, 290, 288, 289, 287, 291, 289, 292, 292, 289, 294, 291, 293,
    290, 290, 291, 288, 292, 291, 291, 290, 289, 288, 287, 288, 289, 290,
    288, 292, 289, 288, 290 ]
headPositionsY: [ 75, 78, 78, 79, 80, 81, 77, 77, 76, 75, 80, 76, 76, 78,
    76, 79, 77, 79, 78, 81, 77, 78, 76, 76, 77, 75, 75, 79, 79, 79, 76,
    77, 77, 74, 76, 75, 79, 73, 75, 77, 77, 73, 76, 75, 73, 76, 74, 77,
    76, 77, 74, 75, 72, 72, 73, 73, 74, 76, 73, 75, 76, 73, 78, 75, 75,
    76, 73, 74, 73, 75, 74, 72, 76, 78, 75, 74, 79, 76, 79, 76, 75, 76,
    79, 78, 75, 73, 73, 74, 77, 77, 77, 73, 74, 75, 77, 75, 74, 74, 75,
    75 ]
