%YAML:1.0
---
videoName: "headShake8.mp4"
gestureLabel: 201
fps: 29
pixelSizeInCmTemp: 3.2364864864864862e-01
faceCenterPointX: 243
faceCenterPointY: 72
headPositionsX: [ 241, 242, 243, 243, 246, 243, 243, 246, 242, 246, 245,
    245, 244, 243, 244, 241, 243, 244, 243, 243, 245, 246, 241, 243, 242,
    244, 245, 243, 244, 241, 244, 245, 241, 243, 246, 248, 251, 254, 263,
    262, 264, 267, 263, 263, 255, 250, 247, 238, 234, 234, 230, 231, 234,
    237, 243, 250, 255, 258, 261, 258, 259, 254, 250, 244, 242, 236, 234,
    236, 237, 236, 237, 238, 237, 242, 242, 246, 246, 249, 247, 250, 250,
    252, 251, 251, 247, 251, 249, 248, 246, 245, 246, 244, 243, 244, 244,
    244, 241, 241, 244, 243 ]
headPositionsY: [ 74, 69, 72, 73, 73, 73, 72, 71, 72, 72, 70, 70, 72, 73,
    72, 69, 71, 72, 73, 74, 73, 73, 70, 73, 71, 74, 70, 73, 74, 72, 70,
    71, 72, 74, 70, 73, 71, 69, 69, 71, 70, 70, 70, 72, 71, 70, 74, 70,
    71, 72, 72, 69, 73, 71, 74, 70, 70, 71, 69, 71, 71, 72, 69, 71, 72,
    74, 71, 71, 72, 70, 71, 74, 74, 71, 72, 71, 74, 69, 69, 74, 70, 72,
    72, 73, 70, 71, 70, 74, 73, 70, 73, 71, 73, 69, 71, 70, 72, 70, 72,
    73 ]
