%YAML:1.0
---
videoName: "headLookLeft8.mp4"
gestureLabel: 203
fps: 29
pixelSizeInCmTemp: 3.6287878787878786e-01
faceCenterPointX: 273
faceCenterPointY: 69
headPositionsX: [ 271, 242, 240, 243, 240, 241, 239, 240, 240, 240, 240,
    242, 244, 244, 244, 242, 243, 247, 245, 247, 247, 246, 245, 248, 249,
    248, 246, 249, 246, 246, 246, 245, 244, 249, 246, 244, 247, 244, 247,
    248, 246, 245, 244, 247, 244, 244, 248, 247, 244, 247, 248, 246, 247,
    247, 250, 249, 253, 255, 259, 259, 263, 268, 268, 275, 271, 275, 275,
    283, 280, 276, 278, 277, 278, 274, 279, 276, 273, 273, 276, 279, 276,
    280, 278, 271, 270, 273, 280, 277, 273, 274, 275, 273, 276, 274, 276,
    273, 273, 275, 272, 271 ]
headPositionsY: [ 71, 65, 67, 65, 67, 70, 67, 66, 69, 68, 68, 66, 68, 66,
    66, 68, 70, 70, 70, 70, 70, 69, 67, 70, 71, 70, 72, 73, 71, 70, 73,
    73, 74, 74, 73, 73, 72, 74, 73, 70, 71, 73, 71, 72, 73, 74, 71, 70,
    74, 75, 75, 71, 75, 71, 73, 70, 74, 71, 68, 70, 68, 69, 68, 70, 67,
    70, 67, 71, 71, 69, 71, 69, 71, 70, 71, 69, 68, 68, 70, 70, 69, 72,
    69, 69, 67, 68, 72, 70, 67, 70, 67, 68, 68, 69, 73, 68, 67, 70, 71,
    67 ]
