%YAML:1.0
---
videoName: "headNod11.mp4"
gestureLabel: 202
fps: 29
pixelSizeInCmTemp: 3.2364864864864862e-01
faceCenterPointX: 261
faceCenterPointY: 75
headPositionsX: [ 261, 259, 262, 260, 261, 257, 257, 261, 256, 259, 260,
    260, 261, 260, 260, 259, 258, 260, 260, 257, 258, 262, 259, 259, 262,
    259, 262, 262, 262, 261, 260, 258, 259, 260, 260, 259, 263, 258, 261,
    261, 259, 259, 260, 263, 260, 261, 261, 259, 261, 262, 262, 262, 260,
    260, 260, 259, 262, 262, 259, 260, 257, 259, 261, 257, 258, 257, 258,
    259, 259, 260, 259, 255, 257, 256, 257, 254, 256, 257, 259, 256, 258,
    258, 256, 258, 257, 258, 258, 257, 257, 259, 258, 260, 258, 261, 258,
    262, 261, 262, 258, 259 ]
headPositionsY: [ 76, 72, 72, 73, 75, 73, 75, 77, 73, 73, 74, 76, 74, 73,
    73, 74, 76, 72, 76, 75, 73, 76, 72, 75, 73, 77, 74, 75, 76, 77, 77,
    75, 76, 73, 76, 73, 75, 73, 76, 73, 75, 74, 76, 73, 75, 77, 74, 74,
    70, 70, 68, 66, 70, 70, 68, 71, 74, 74, 79, 82, 82, 81, 78, 71, 69,
    71, 66, 71, 72, 74, 72, 75, 79, 78, 83, 82, 77, 78, 77, 74, 71, 71,
    69, 70, 74, 78, 80, 78, 81, 78, 77, 76, 76, 79, 76, 75, 76, 76, 76,
    77 ]
