%YAML:1.0
---
videoName: "headNod1.mp4"
gestureLabel: 202
fps: 29
pixelSizeInCmTemp: 3.2808219178082193e-01
faceCenterPointX: 263
faceCenterPointY: 78
headPositionsX: [ 261, 264, 262, 264, 263, 266, 263, 265, 264, 261, 262,
    263, 262, 264, 265, 263, 263, 266, 264, 262, 265, 264, 264, 264, 266,
    263, 267, 265, 263, 266, 264, 265, 261, 263, 264, 262, 263, 263, 264,
    264, 264, 265, 266, 267, 264, 266, 264, 266, 266, 264, 266, 262, 262,
    263, 264, 265, 261, 264, 265, 263, 261, 265, 263, 263, 263, 266, 263,
    266, 261, 265, 262, 263, 265, 262, 262, 262, 261, 262, 261, 262, 263,
    264, 262, 262, 263, 262, 264, 262, 266, 261, 262, 263, 261, 260, 264,
    261, 263, 263, 265, 262 ]
headPositionsY: [ 79, 74, 74, 72, 76, 77, 74, 73, 74, 75, 77, 77, 77, 74,
    72, 75, 73, 76, 76, 76, 72, 75, 77, 74, 77, 75, 73, 74, 75, 75, 74,
    77, 76, 73, 75, 69, 67, 66, 66, 63, 63, 64, 62, 66, 64, 64, 67, 70,
    69, 77, 77, 81, 82, 81, 84, 80, 81, 76, 74, 70, 71, 66, 64, 67, 66,
    67, 70, 73, 75, 77, 79, 79, 75, 77, 75, 69, 66, 68, 65, 64, 68, 66,
    70, 70, 72, 75, 79, 81, 81, 84, 82, 80, 82, 81, 79, 80, 81, 78, 81,
    78 ]
