%YAML:1.0
---
videoName: "headShake30.mp4"
gestureLabel: 201
fps: 29
pixelSizeInCmTemp: 3.2808219178082193e-01
faceCenterPointX: 240
faceCenterPointY: 68
headPositionsX: [ 238, 234, 235, 233, 232, 232, 231, 231, 232, 237, 237,
    235, 236, 240, 239, 241, 243, 243, 245, 241, 244, 245, 243, 244, 244,
    240, 241, 244, 242, 242, 241, 240, 241, 241, 240, 239, 240, 241, 243,
    248, 251, 255, 257, 260, 257, 260, 260, 253, 251, 242, 238, 232, 228,
    222, 225, 227, 228, 232, 239, 247, 250, 252, 250, 250, 245, 240, 235,
    234, 229, 226, 229, 227, 234, 238, 242, 245, 247, 251, 251, 249, 249,
    244, 242, 239, 239, 236, 239, 238, 235, 238, 241, 242, 241, 240, 238,
    238, 241, 240, 238, 238 ]
headPositionsY: [ 70, 53, 55, 59, 57, 59, 61, 58, 59, 64, 65, 66, 66, 66,
    65, 67, 63, 63, 66, 66, 67, 65, 65, 66, 67, 64, 67, 67, 67, 66, 64,
    63, 65, 65, 66, 67, 68, 67, 67, 65, 65, 67, 63, 64, 65, 63, 68, 66,
    66, 69, 70, 68, 67, 67, 68, 67, 70, 69, 68, 67, 69, 67, 68, 66, 69,
    70, 68, 67, 67, 67, 68, 71, 66, 67, 66, 65, 67, 68, 67, 67, 65, 69,
    67, 69, 68, 69, 66, 70, 67, 69, 67, 69, 67, 67, 66, 65, 66, 67, 68,
    70 ]
