%YAML:1.0
---
videoName: "headShake1.mp4"
gestureLabel: 201
fps: 29
pixelSizeInCmTemp: 3.3263888888888887e-01
faceCenterPointX: 279
faceCenterPointY: 98
headPositionsX: [ 281, 281, 277, 278, 280, 281, 281, 279, 279, 277, 281,
    280, 281, 277, 280, 278, 277, 277, 277, 281, 278, 278, 280, 277, 281,
    280, 280, 279, 283, 282, 287, 290, 290, 293, 291, 291, 293, 288, 287,
    284, 280, 272, 271, 268, 268, 269, 270, 277, 281, 287, 287, 293, 292,
    292, 289, 286, 283, 281, 275, 269, 269, 264, 267, 270, 275, 279, 283,
    288, 289, 294, 293, 291, 289, 289, 282, 282, 275, 273, 270, 269, 267,
    272, 270, 272, 272, 277, 277, 279, 278, 276, 277, 279, 280, 281, 279,
    279, 282, 278, 278, 279 ]
headPositionsY: [ 96, 97, 99, 97, 96, 98, 99, 95, 95, 97, 99, 95, 95,
    100, 94, 98, 95, 99, 95, 96, 99, 96, 97, 98, 96, 95, 96, 96, 94, 97,
    99, 94, 94, 96, 97, 94, 97, 94, 97, 98, 100, 97, 94, 96, 94, 97, 97,
    96, 96, 94, 97, 95, 97, 94, 93, 94, 99, 99, 95, 97, 95, 95, 96, 95,
    98, 97, 99, 93, 98, 95, 93, 97, 97, 97, 95, 100, 97, 96, 94, 97, 97,
    94, 95, 95, 100, 99, 96, 97, 99, 99, 100, 96, 96, 96, 96, 97, 97,
    101, 95, 96 ]
