%YAML:1.0
---
videoName: "headLookDown1.mp4"
gestureLabel: 206
fps: 29
pixelSizeInCmTemp: 3.4710144927536229e-01
faceCenterPointX: 271
faceCenterPointY: 97
headPositionsX: [ 273, 272, 269, 269, 268, 272, 268, 269, 272, 272, 271,
    269, 269, 271, 269, 270, 272, 271, 269, 269, 273, 269, 270, 272, 272,
    271, 273, 270, 269, 268, 271, 270, 273, 270, 273, 270, 272, 269, 271,
    272, 270, 272, 271, 269, 270, 271, 273, 274, 272, 270, 269, 271, 271,
    272, 269, 269, 272, 273, 268, 273, 269, 268, 269, 270, 267, 268, 267,
    271, 270, 272, 270, 270, 270, 274, 270, 273, 270, 269, 271, 272, 272,
    270, 273, 273, 271, 272, 273, 269, 270, 272, 271, 270, 271, 272, 270,
    273, 270, 270, 271, 273 ]
headPositionsY: [ 97, 79, 77, 81, 80, 79, 77, 77, 77, 77, 79, 80, 77, 79,
    80, 81, 81, 78, 79, 77, 80, 79, 81, 79, 82, 80, 77, 81, 77, 78, 77,
    81, 80, 80, 80, 81, 78, 77, 79, 80, 82, 83, 82, 84, 82, 83, 87, 86,
    92, 89, 94, 94, 94, 94, 95, 96, 99, 99, 96, 97, 99, 100, 97, 98, 101,
    99, 96, 97, 99, 98, 101, 100, 96, 98, 100, 99, 97, 96, 95, 96, 97,
    98, 96, 98, 97, 97, 98, 100, 96, 100, 96, 97, 97, 98, 97, 96, 95, 95,
    97, 97 ]
