%YAML:1.0
---
videoName: "headShake42.mp4"
gestureLabel: 201
fps: 29
pixelSizeInCmTemp: 3.2808219178082193e-01
faceCenterPointX: 257
faceCenterPointY: 85
headPositionsX: [ 259, 275, 275, 278, 276, 274, 280, 278, 275, 272, 271,
    270, 268, 263, 258, 257, 254, 252, 245, 243, 244, 241, 243, 245, 241,
    245, 245, 253, 254, 259, 261, 268, 269, 275, 280, 280, 278, 276, 276,
    278, 271, 271, 268, 267, 260, 259, 255, 249, 248, 247, 248, 244, 246,
    246, 248, 247, 249, 250, 252, 255, 257, 263, 262, 266, 267, 269, 268,
    268, 270, 266, 268, 266, 266, 266, 264, 261, 262, 260, 259, 260, 259,
    256, 258, 257, 255, 257, 254, 254, 254, 259, 257, 258, 258, 256, 259,
    256, 258, 259, 255, 257 ]
headPositionsY: [ 84, 83, 82, 81, 81, 83, 83, 80, 81, 84, 82, 82, 83, 84,
    84, 82, 83, 83, 85, 83, 82, 84, 84, 83, 82, 82, 82, 83, 84, 85, 86,
    86, 82, 83, 83, 85, 82, 83, 83, 81, 83, 88, 85, 86, 85, 85, 84, 87,
    84, 88, 85, 84, 83, 88, 87, 87, 86, 84, 83, 87, 86, 83, 86, 84, 85,
    86, 83, 84, 84, 86, 85, 86, 85, 87, 86, 86, 85, 85, 88, 87, 86, 85,
    86, 83, 87, 87, 87, 84, 85, 87, 85, 85, 87, 84, 86, 86, 85, 86, 84,
    85 ]
