%YAML:1.0
---
videoName: "headNod22.mp4"
gestureLabel: 202
fps: 29
pixelSizeInCmTemp: 3.1513157894736843e-01
faceCenterPointX: 252
faceCenterPointY: 80
headPositionsX: [ 251, 252, 255, 251, 251, 251, 251, 253, 253, 250, 252,
    255, 253, 251, 254, 254, 254, 254, 253, 251, 255, 251, 253, 251, 252,
    255, 255, 253, 253, 252, 251, 255, 254, 255, 256, 256, 255, 257, 256,
    251, 253, 256, 254, 255, 253, 251, 252, 255, 254, 254, 253, 255, 254,
    251, 252, 250, 251, 249, 252, 254, 252, 253, 251, 250, 251, 251, 254,
    250, 253, 250, 251, 252, 253, 252, 252, 252, 254, 254, 250, 254, 251,
    253, 253, 251, 249, 255, 252, 252, 252, 253, 249, 253, 254, 253, 253,
    253, 252, 251, 251, 251 ]
headPositionsY: [ 82, 80, 78, 76, 80, 76, 77, 80, 77, 77, 79, 79, 78, 81,
    78, 80, 80, 76, 79, 81, 80, 82, 82, 78, 81, 84, 85, 85, 81, 77, 77,
    74, 70, 73, 71, 75, 72, 77, 81, 80, 86, 82, 79, 77, 76, 73, 69, 69,
    69, 74, 76, 82, 83, 85, 84, 84, 80, 77, 77, 76, 74, 74, 71, 74, 78,
    80, 79, 79, 80, 76, 76, 76, 75, 74, 78, 77, 81, 80, 78, 82, 79, 78,
    77, 79, 77, 80, 81, 80, 81, 81, 80, 78, 78, 76, 82, 78, 81, 80, 80,
    81 ]
