%YAML:1.0
---
videoName: "headNod39.mp4"
gestureLabel: 202
fps: 29
pixelSizeInCmTemp: 2.9937500000000000e-01
faceCenterPointX: 268
faceCenterPointY: 78
headPositionsX: [ 270, 266, 267, 268, 267, 269, 269, 267, 269, 267, 268,
    270, 269, 271, 270, 267, 269, 267, 271, 269, 269, 270, 267, 270, 269,
    269, 267, 271, 267, 269, 268, 269, 270, 271, 268, 267, 266, 268, 270,
    267, 270, 266, 270, 269, 268, 268, 270, 268, 265, 269, 267, 269, 265,
    269, 268, 269, 266, 264, 264, 266, 264, 267, 264, 265, 268, 268, 268,
    265, 265, 265, 267, 266, 266, 267, 265, 269, 269, 269, 267, 267, 269,
    268, 269, 268, 266, 268, 266, 264, 266, 269, 266, 267, 266, 267, 268,
    270, 269, 267, 267, 266 ]
headPositionsY: [ 76, 79, 76, 74, 77, 76, 79, 78, 78, 78, 75, 78, 75, 77,
    75, 77, 76, 78, 74, 77, 75, 79, 74, 77, 75, 74, 76, 75, 77, 75, 77,
    76, 77, 77, 76, 78, 77, 78, 79, 81, 82, 85, 85, 88, 84, 82, 79, 76,
    75, 74, 73, 73, 73, 77, 76, 84, 87, 90, 93, 89, 83, 81, 76, 75, 72,
    71, 73, 76, 80, 81, 84, 83, 83, 79, 76, 77, 76, 77, 73, 74, 77, 81,
    80, 80, 79, 79, 77, 77, 81, 80, 79, 78, 78, 79, 80, 79, 80, 80, 76,
    76 ]
