%YAML:1.0
---
videoName: "headShake23.mp4"
gestureLabel: 201
fps: 29
pixelSizeInCmTemp: 3.2808219178082193e-01
faceCenterPointX: 240
faceCenterPointY: 77
headPositionsX: [ 239, 244, 243, 242, 240, 241, 241, 242, 241, 243, 244,
    241, 242, 244, 242, 243, 243, 240, 239, 240, 242, 239, 246, 245, 247,
    252, 250, 256, 255, 253, 254, 255, 252, 252, 248, 243, 242, 240, 234,
    229, 232, 230, 227, 227, 229, 228, 233, 233, 234, 240, 240, 246, 249,
    248, 249, 250, 253, 251, 254, 253, 248, 249, 249, 242, 241, 239, 238,
    236, 235, 238, 236, 233, 232, 234, 236, 233, 237, 236, 236, 239, 239,
    240, 238, 239, 241, 242, 241, 245, 245, 244, 243, 244, 244, 244, 243,
    244, 244, 245, 239, 240 ]
headPositionsY: [ 77, 76, 79, 74, 79, 78, 75, 78, 77, 77, 78, 75, 74, 80,
    78, 78, 77, 78, 74, 77, 78, 77, 76, 78, 77, 75, 74, 78, 76, 78, 76,
    76, 74, 75, 77, 76, 77, 75, 79, 78, 75, 76, 75, 77, 78, 76, 79, 77,
    80, 77, 80, 77, 77, 76, 75, 76, 78, 76, 76, 78, 76, 80, 77, 81, 80,
    80, 80, 78, 80, 77, 78, 76, 76, 76, 80, 79, 80, 78, 78, 77, 78, 79,
    78, 77, 79, 77, 76, 80, 77, 78, 77, 76, 80, 79, 79, 79, 79, 75, 78,
    78 ]
