%YAML:1.0
---
videoName: "headNod26.mp4"
gestureLabel: 202
fps: 29
pixelSizeInCmTemp: 3.1513157894736843e-01
faceCenterPointX: 271
faceCenterPointY: 78
headPositionsX: [ 270, 272, 274, 271, 271, 272, 273, 272, 270, 271, 274,
    275, 275, 272, 274, 273, 271, 274, 275, 274, 274, 273, 273, 271, 274,
    274, 271, 273, 271, 271, 272, 270, 270, 271, 273, 271, 271, 272, 269,
    272, 269, 270, 271, 273, 273, 271, 269, 270, 272, 270, 271, 274, 274,
    274, 271, 272, 271, 269, 271, 272, 272, 273, 272, 274, 272, 272, 272,
    273, 274, 274, 273, 270, 272, 272, 271, 272, 272, 270, 272, 273, 269,
    271, 269, 268, 270, 273, 269, 271, 268, 274, 271, 270, 270, 270, 271,
    272, 270, 269, 271, 271 ]
headPositionsY: [ 77, 72, 73, 72, 74, 73, 70, 69, 66, 69, 68, 63, 63, 63,
    65, 67, 69, 69, 74, 75, 79, 80, 84, 86, 81, 81, 78, 76, 70, 69, 71,
    67, 67, 70, 71, 72, 73, 74, 80, 77, 79, 77, 78, 75, 72, 71, 71, 68,
    69, 68, 69, 70, 71, 73, 76, 79, 76, 77, 72, 70, 70, 68, 68, 69, 69,
    67, 66, 70, 71, 73, 73, 77, 76, 75, 78, 75, 72, 70, 68, 71, 68, 70,
    68, 69, 72, 72, 76, 77, 80, 77, 79, 77, 76, 78, 79, 75, 79, 79, 80,
    80 ]
