%YAML:1.0
---
videoName: "headShake38.mp4"
gestureLabel: 201
fps: 29
pixelSizeInCmTemp: 3.2808219178082193e-01
faceCenterPointX: 259
faceCenterPointY: 84
headPositionsX: [ 260, 265, 264, 263, 261, 264, 265, 264, 264, 261, 263,
    265, 262, 262, 263, 261, 262, 264, 263, 261, 263, 262, 261, 264, 261,
    263, 261, 263, 262, 261, 262, 260, 261, 261, 262, 265, 263, 264, 264,
    263, 264, 261, 259, 258, 256, 250, 247, 245, 250, 254, 257, 266, 271,
    277, 279, 272, 269, 263, 252, 250, 249, 249, 253, 258, 265, 269, 272,
    270, 267, 257, 254, 249, 249, 249, 252, 253, 259, 265, 265, 266, 269,
    271, 265, 268, 267, 263, 261, 261, 259, 261, 260, 262, 262, 262, 259,
    258, 260, 261, 259, 262 ]
headPositionsY: [ 82, 84, 82, 80, 83, 81, 83, 83, 86, 81, 85, 81, 85, 83,
    85, 84, 85, 86, 83, 82, 83, 83, 83, 81, 81, 82, 84, 81, 84, 81, 82,
    85, 82, 84, 81, 85, 82, 85, 83, 84, 85, 82, 86, 85, 82, 83, 81, 83,
    84, 84, 83, 85, 84, 82, 84, 84, 83, 86, 85, 84, 82, 84, 81, 84, 84,
    81, 86, 83, 86, 83, 83, 82, 83, 83, 82, 86, 84, 84, 84, 82, 86, 87,
    84, 84, 84, 87, 83, 83, 82, 84, 84, 82, 83, 84, 85, 83, 83, 85, 82,
    83 ]
