%YAML:1.0
---
videoName: "headShake11.mp4"
gestureLabel: 201
fps: 29
pixelSizeInCmTemp: 3.2364864864864862e-01
faceCenterPointX: 244
faceCenterPointY: 76
headPositionsX: [ 243, 242, 241, 243, 240, 243, 244, 243, 241, 241, 240,
    242, 243, 241, 242, 244, 242, 241, 240, 243, 241, 243, 240, 244, 240,
    241, 242, 242, 245, 249, 254, 258, 261, 262, 259, 263, 261, 260, 255,
    248, 242, 240, 235, 232, 226, 225, 228, 231, 234, 240, 247, 249, 255,
    259, 257, 259, 255, 251, 247, 245, 241, 233, 231, 231, 231, 230, 233,
    239, 241, 248, 254, 254, 260, 259, 255, 255, 253, 250, 243, 238, 240,
    236, 236, 235, 234, 238, 241, 243, 244, 246, 245, 249, 248, 247, 245,
    247, 243, 247, 247, 246 ]
headPositionsY: [ 78, 73, 73, 74, 71, 73, 74, 73, 73, 73, 75, 72, 74, 70,
    73, 73, 73, 71, 73, 73, 73, 74, 72, 71, 71, 74, 74, 74, 73, 71, 72,
    71, 70, 73, 72, 71, 72, 72, 74, 73, 72, 76, 75, 72, 76, 76, 74, 75,
    75, 76, 75, 76, 74, 74, 72, 72, 74, 75, 74, 77, 75, 75, 78, 76, 74,
    74, 78, 75, 76, 74, 73, 73, 75, 72, 72, 72, 76, 75, 78, 73, 77, 73,
    76, 75, 76, 75, 73, 74, 73, 77, 74, 75, 72, 72, 75, 74, 74, 78, 77,
    76 ]
