%YAML:1.0
---
videoName: "headShake48.mp4"
gestureLabel: 201
fps: 29
pixelSizeInCmTemp: 3.1103896103896100e-01
faceCenterPointX: 258
faceCenterPointY: 85
headPositionsX: [ 257, 258, 262, 259, 258, 259, 259, 258, 261, 257, 261,
    262, 261, 259, 260, 259, 257, 260, 259, 260, 260, 261, 257, 257, 260,
    258, 257, 259, 258, 261, 261, 260, 260, 257, 259, 262, 268, 271, 272,
    273, 276, 276, 269, 269, 262, 252, 251, 246, 247, 248, 255, 260, 263,
    267, 270, 267, 264, 262, 257, 252, 250, 248, 252, 258, 262, 264, 265,
    264, 265, 260, 259, 250, 248, 246, 247, 250, 256, 261, 263, 267, 265,
    266, 266, 262, 264, 259, 259, 258, 259, 261, 260, 256, 258, 260, 257,
    258, 261, 259, 262, 257 ]
headPositionsY: [ 86, 78, 78, 81, 80, 79, 77, 78, 81, 78, 82, 81, 80, 82,
    80, 79, 81, 81, 82, 83, 80, 82, 80, 80, 82, 79, 83, 80, 82, 83, 84,
    80, 80, 81, 81, 84, 83, 82, 80, 84, 82, 84, 86, 83, 82, 82, 82, 83,
    85, 83, 83, 83, 88, 86, 86, 88, 87, 86, 86, 88, 85, 88, 84, 85, 85,
    87, 83, 86, 86, 84, 89, 89, 87, 84, 88, 84, 85, 86, 84, 85, 87, 87,
    87, 88, 88, 87, 85, 84, 87, 87, 85, 84, 85, 87, 85, 86, 85, 87, 88,
    83 ]
