%YAML:1.0
---
videoName: "headNod16.mp4"
gestureLabel: 202
fps: 29
pixelSizeInCmTemp: 3.3263888888888887e-01
faceCenterPointX: 255
faceCenterPointY: 77
headPositionsX: [ 254, 260, 257, 260, 258, 259, 258, 260, 257, 257, 262,
    258, 261, 257, 259, 261, 258, 257, 260, 257, 259, 257, 257, 256, 257,
    260, 260, 258, 260, 258, 259, 259, 261, 260, 261, 257, 260, 260, 261,
    257, 260, 260, 258, 261, 259, 259, 258, 259, 257, 255, 259, 258, 256,
    259, 260, 257, 257, 260, 256, 256, 255, 256, 254, 256, 257, 254, 254,
    254, 257, 256, 258, 254, 255, 255, 254, 253, 255, 252, 254, 256, 254,
    254, 255, 253, 257, 257, 257, 255, 256, 257, 254, 257, 254, 256, 252,
    256, 256, 255, 257, 254 ]
headPositionsY: [ 77, 76, 75, 76, 74, 73, 73, 73, 74, 74, 77, 76, 74, 74,
    75, 74, 74, 72, 75, 74, 74, 75, 74, 76, 75, 75, 73, 74, 73, 75, 74,
    75, 75, 76, 74, 72, 70, 72, 68, 70, 70, 71, 73, 76, 77, 78, 83, 82,
    83, 80, 77, 75, 69, 71, 72, 70, 72, 76, 76, 82, 83, 85, 82, 82, 76,
    76, 73, 68, 72, 73, 71, 72, 77, 77, 79, 78, 79, 79, 77, 73, 72, 67,
    71, 70, 74, 72, 76, 76, 79, 77, 79, 75, 76, 76, 75, 74, 76, 77, 76,
    76 ]
