%YAML:1.0
---
videoName: "headShake13.mp4"
gestureLabel: 201
fps: 29
pixelSizeInCmTemp: 3.2364864864864862e-01
faceCenterPointX: 241
faceCenterPointY: 77
headPositionsX: [ 239, 239, 244, 240, 243, 241, 242, 243, 241, 243, 243,
    244, 244, 242, 242, 240, 240, 240, 242, 243, 240, 244, 243, 240, 242,
    242, 243, 242, 240, 239, 240, 238, 239, 239, 243, 248, 253, 258, 261,
    262, 262, 263, 258, 257, 248, 244, 237, 232, 230, 230, 229, 230, 237,
    237, 245, 246, 250, 251, 249, 246, 244, 240, 235, 236, 232, 229, 231,
    234, 237, 241, 244, 249, 252, 251, 251, 251, 247, 242, 241, 237, 236,
    234, 233, 233, 233, 235, 239, 239, 242, 243, 245, 244, 246, 246, 243,
    246, 245, 244, 242, 242 ]
headPositionsY: [ 79, 77, 76, 77, 77, 74, 75, 76, 78, 76, 78, 79, 77, 77,
    76, 77, 75, 76, 77, 78, 76, 74, 76, 78, 78, 74, 76, 77, 77, 76, 77,
    75, 78, 79, 78, 75, 75, 74, 72, 75, 76, 76, 73, 75, 75, 74, 78, 76,
    79, 75, 79, 75, 78, 78, 75, 78, 77, 77, 74, 74, 76, 79, 76, 74, 79,
    79, 75, 78, 79, 78, 75, 74, 77, 78, 76, 75, 76, 76, 75, 79, 77, 77,
    74, 76, 78, 75, 78, 76, 79, 76, 77, 73, 75, 75, 77, 76, 79, 76, 76,
    78 ]
