%YAML:1.0
---
videoName: "headLookLeft8.mp4"
gestureLabel: 203
fps: 29
pixelSizeInCmTemp: 3.6287878787878786e-01
faceCenterPointX: 273
faceCenterPointY: 69
headPositionsX: [ 275, 243, 240, 242, 240, 240, 240, 242, 242, 242, 241,
    239, 243, 241, 243, 246, 244, 246, 249, 248, 248, 245, 248, 248, 249,
    246, 244, 248, 244, 246, 247, 246, 244, 248, 245, 244, 243, 247, 244,
    248, 245, 245, 245, 245, 246, 244, 248, 248, 247, 245, 248, 249, 250,
    246, 249, 249, 254, 257, 260, 260, 261, 268, 266, 274, 271, 275, 276,
    281, 280, 276, 278, 279, 276, 274, 278, 279, 276, 275, 277, 280, 280,
    278, 278, 271, 270, 276, 277, 277, 275, 277, 274, 273, 273, 276, 274,
    273, 274, 274, 272, 271 ]
headPositionsY: [ 69, 68, 69, 65, 67, 67, 65, 69, 68, 68, 66, 68, 68, 66,
    66, 68, 70, 66, 71, 67, 68, 68, 69, 69, 70, 70, 68, 70, 70, 72, 73,
    73, 73, 72, 72, 71, 73, 71, 72, 74, 72, 72, 73, 73, 71, 73, 74, 70,
    73, 71, 72, 75, 75, 72, 70, 74, 74, 72, 72, 70, 70, 69, 68, 70, 70,
    69, 69, 70, 71, 67, 70, 70, 69, 68, 68, 69, 71, 68, 71, 70, 71, 70,
    72, 69, 68, 67, 68, 71, 70, 71, 68, 69, 67, 67, 71, 68, 71, 71, 69,
    67 ]
