%YAML:1.0
---
videoName: "headNod40.mp4"
gestureLabel: 202
fps: 29
pixelSizeInCmTemp: 2.8511904761904761e-01
faceCenterPointX: 267
faceCenterPointY: 78
headPositionsX: [ 268, 266, 269, 265, 267, 268, 267, 268, 269, 266, 267,
    267, 270, 270, 269, 269, 265, 269, 266, 266, 269, 268, 267, 268, 266,
    270, 267, 270, 266, 267, 268, 268, 266, 267, 270, 269, 267, 266, 270,
    269, 270, 268, 267, 268, 267, 264, 265, 264, 264, 268, 267, 265, 266,
    266, 265, 266, 266, 266, 266, 267, 266, 268, 267, 263, 264, 265, 266,
    265, 267, 269, 266, 270, 270, 269, 267, 268, 265, 269, 268, 268, 268,
    267, 266, 268, 268, 268, 269, 267, 267, 269, 264, 267, 266, 267, 265,
    269, 266, 268, 266, 267 ]
headPositionsY: [ 78, 77, 75, 74, 74, 78, 75, 74, 77, 76, 74, 75, 76, 76,
    75, 76, 78, 76, 75, 78, 75, 76, 76, 73, 74, 77, 74, 77, 73, 76, 76,
    77, 76, 74, 77, 74, 75, 74, 75, 76, 84, 88, 92, 93, 95, 98, 96, 92,
    87, 82, 80, 77, 80, 69, 68, 69, 70, 70, 69, 73, 78, 85, 84, 84, 85,
    80, 78, 78, 75, 76, 75, 71, 72, 75, 75, 76, 78, 82, 78, 80, 77, 79,
    78, 77, 79, 80, 80, 81, 75, 80, 78, 75, 79, 77, 79, 76, 78, 79, 75,
    76 ]
