%YAML:1.0
---
videoName: "headLookDown0.mp4"
gestureLabel: 206
fps: 29
pixelSizeInCmTemp: 3.3263888888888887e-01
faceCenterPointX: 273
faceCenterPointY: 93
headPositionsX: [ 271, 272, 273, 274, 272, 271, 274, 274, 272, 272, 273,
    270, 274, 272, 273, 274, 272, 273, 274, 274, 270, 273, 271, 274, 272,
    274, 270, 273, 270, 270, 271, 273, 274, 272, 273, 274, 271, 269, 270,
    272, 274, 271, 270, 270, 271, 270, 271, 272, 271, 273, 270, 269, 272,
    272, 273, 272, 270, 273, 272, 270, 274, 272, 274, 274, 272, 273, 272,
    273, 271, 271, 272, 273, 270, 272, 273, 274, 272, 273, 270, 272, 273,
    273, 272, 270, 270, 274, 273, 273, 272, 273, 271, 272, 273, 273, 271,
    272, 272, 270, 271, 273 ]
headPositionsY: [ 95, 76, 78, 80, 82, 77, 79, 79, 78, 81, 77, 78, 79, 77,
    80, 77, 77, 78, 81, 78, 81, 78, 78, 79, 79, 78, 78, 77, 79, 78, 79,
    80, 82, 79, 80, 79, 81, 84, 82, 82, 85, 89, 87, 89, 90, 95, 96, 96,
    98, 97, 96, 95, 97, 95, 97, 96, 96, 97, 94, 97, 95, 96, 94, 97, 96,
    94, 95, 96, 95, 98, 97, 95, 94, 95, 97, 98, 93, 94, 93, 93, 94, 94,
    96, 94, 94, 95, 93, 95, 96, 93, 94, 94, 94, 94, 94, 94, 95, 95, 92,
    95 ]
