%YAML:1.0
---
videoName: "headNod0.mp4"
gestureLabel: 202
fps: 29
pixelSizeInCmTemp: 3.2364864864864862e-01
faceCenterPointX: 264
faceCenterPointY: 76
headPositionsX: [ 264, 266, 269, 270, 267, 265, 268, 269, 269, 266, 265,
    269, 265, 267, 267, 263, 266, 264, 264, 264, 266, 265, 264, 264, 265,
    265, 267, 263, 265, 264, 267, 265, 264, 264, 264, 265, 269, 264, 266,
    264, 267, 266, 264, 266, 266, 267, 267, 263, 263, 265, 267, 264, 263,
    265, 264, 264, 265, 264, 265, 266, 267, 265, 265, 265, 268, 266, 267,
    264, 268, 264, 265, 267, 264, 267, 263, 263, 264, 266, 262, 265, 261,
    265, 262, 267, 266, 265, 262, 265, 263, 265, 264, 262, 263, 267, 262,
    264, 262, 263, 264, 265 ]
headPositionsY: [ 74, 75, 72, 73, 71, 75, 75, 74, 72, 71, 72, 72, 73, 71,
    72, 74, 73, 71, 71, 74, 73, 73, 72, 72, 74, 76, 73, 72, 73, 70, 72,
    69, 65, 66, 63, 64, 65, 64, 66, 64, 67, 71, 73, 74, 80, 81, 80, 81,
    81, 80, 76, 74, 74, 71, 71, 67, 69, 65, 68, 70, 68, 71, 72, 72, 77,
    76, 79, 82, 78, 77, 78, 74, 73, 69, 70, 68, 69, 68, 70, 69, 70, 71,
    71, 72, 78, 78, 76, 78, 81, 79, 78, 79, 76, 75, 74, 75, 77, 76, 75,
    78 ]
