%YAML:1.0
---
videoName: "headLookLeft7.mp4"
gestureLabel: 203
fps: 29
pixelSizeInCmTemp: 3.4214285714285714e-01
faceCenterPointX: 268
faceCenterPointY: 68
headPositionsX: [ 269, 247, 245, 246, 245, 245, 245, 246, 243, 243, 245,
    246, 246, 246, 246, 245, 244, 243, 243, 247, 247, 245, 245, 244, 245,
    247, 245, 248, 246, 249, 250, 249, 251, 252, 259, 257, 263, 263, 265,
    265, 265, 265, 267, 264, 265, 267, 271, 266, 267, 269, 265, 269, 269,
    269, 267, 269, 267, 269, 266, 270, 264, 271, 266, 267, 270, 266, 266,
    269, 266, 267, 268, 269, 266, 266, 268, 269, 267, 266, 265, 271, 266,
    268, 269, 266, 270, 266, 268, 270, 266, 268, 271, 268, 269, 269, 270,
    272, 268, 271, 269, 268 ]
headPositionsY: [ 70, 70, 67, 68, 71, 69, 68, 71, 69, 69, 68, 71, 69, 72,
    69, 71, 71, 72, 70, 72, 70, 71, 71, 70, 70, 69, 69, 68, 72, 68, 69,
    67, 66, 67, 68, 68, 66, 69, 70, 68, 67, 67, 69, 67, 65, 68, 67, 67,
    67, 68, 68, 68, 68, 70, 69, 68, 68, 70, 68, 70, 69, 70, 67, 71, 67,
    69, 71, 68, 68, 71, 70, 68, 67, 72, 67, 67, 69, 69, 69, 71, 65, 70,
    72, 69, 67, 69, 69, 68, 70, 70, 70, 69, 70, 69, 67, 71, 70, 69, 69,
    69 ]
