%YAML:1.0
---
videoName: "headShake34.mp4"
gestureLabel: 201
fps: 29
pixelSizeInCmTemp: 3.2364864864864862e-01
faceCenterPointX: 263
faceCenterPointY: 83
headPositionsX: [ 263, 264, 266, 267, 262, 266, 263, 263, 263, 266, 264,
    264, 263, 266, 264, 264, 262, 265, 263, 262, 263, 266, 267, 264, 265,
    263, 262, 264, 265, 261, 264, 265, 265, 264, 265, 267, 264, 265, 266,
    267, 273, 273, 273, 277, 276, 280, 276, 277, 277, 274, 272, 267, 264,
    260, 255, 254, 253, 254, 255, 253, 260, 261, 265, 269, 271, 269, 269,
    266, 267, 259, 260, 257, 254, 254, 255, 259, 256, 258, 261, 266, 263,
    265, 266, 266, 263, 266, 264, 266, 264, 264, 266, 262, 264, 263, 263,
    265, 263, 265, 263, 263 ]
headPositionsY: [ 82, 83, 81, 85, 80, 82, 80, 81, 83, 86, 82, 82, 85, 85,
    81, 82, 82, 81, 82, 83, 84, 85, 83, 84, 84, 80, 81, 84, 86, 81, 81,
    82, 86, 85, 84, 82, 83, 83, 84, 85, 82, 82, 82, 79, 83, 82, 81, 83,
    81, 84, 81, 82, 81, 84, 79, 79, 81, 81, 81, 81, 86, 84, 82, 83, 82,
    80, 84, 83, 83, 83, 82, 80, 84, 83, 85, 82, 84, 85, 84, 84, 84, 82,
    84, 83, 83, 84, 81, 81, 85, 86, 83, 85, 85, 81, 83, 85, 85, 82, 82,
    85 ]
