%YAML:1.0
---
videoName: "headLookDown6.mp4"
gestureLabel: 206
fps: 29
pixelSizeInCmTemp: 3.4710144927536229e-01
faceCenterPointX: 276
faceCenterPointY: 98
headPositionsX: [ 275, 273, 276, 274, 274, 273, 274, 276, 276, 275, 276,
    277, 275, 276, 277, 276, 274, 275, 276, 276, 274, 273, 277, 274, 277,
    276, 273, 273, 275, 273, 274, 274, 274, 273, 276, 276, 277, 275, 277,
    272, 275, 275, 273, 274, 277, 276, 275, 275, 275, 277, 276, 273, 273,
    277, 278, 277, 274, 274, 277, 275, 276, 276, 274, 276, 275, 277, 273,
    273, 276, 273, 275, 274, 273, 277, 274, 274, 276, 276, 273, 275, 274,
    273, 276, 278, 275, 274, 274, 274, 274, 278, 275, 275, 276, 277, 273,
    278, 276, 275, 277, 274 ]
headPositionsY: [ 100, 80, 83, 79, 79, 82, 82, 81, 80, 79, 83, 80, 83,
    80, 82, 83, 79, 83, 82, 83, 82, 84, 84, 81, 81, 84, 81, 84, 84, 83,
    84, 83, 84, 83, 82, 84, 81, 85, 84, 83, 82, 83, 84, 89, 85, 86, 88,
    90, 93, 93, 95, 92, 95, 93, 95, 94, 95, 98, 95, 97, 97, 97, 99, 98,
    99, 98, 97, 97, 96, 101, 99, 97, 99, 101, 101, 99, 100, 100, 97, 97,
    100, 97, 97, 101, 97, 100, 101, 97, 98, 100, 101, 97, 96, 101, 96,
    100, 97, 95, 96, 96 ]
