%YAML:1.0
---
videoName: "headShake30.mp4"
gestureLabel: 201
fps: 29
pixelSizeInCmTemp: 3.2808219178082193e-01
faceCenterPointX: 240
faceCenterPointY: 68
headPositionsX: [ 242, 232, 235, 232, 232, 233, 232, 231, 234, 234, 235,
    236, 239, 236, 240, 242, 242, 242, 243, 243, 243, 245, 243, 245, 246,
    241, 242, 245, 243, 240, 242, 242, 240, 239, 240, 238, 239, 238, 241,
    245, 249, 252, 258, 260, 257, 262, 257, 253, 251, 245, 240, 228, 226,
    223, 221, 223, 228, 234, 238, 246, 249, 254, 250, 253, 244, 241, 238,
    234, 228, 227, 229, 228, 233, 238, 241, 243, 250, 251, 249, 247, 249,
    244, 242, 238, 235, 237, 238, 235, 236, 238, 239, 239, 241, 243, 242,
    240, 239, 241, 240, 237 ]
headPositionsY: [ 70, 54, 56, 58, 56, 60, 60, 58, 63, 62, 65, 63, 63, 65,
    67, 63, 65, 66, 66, 67, 65, 67, 66, 65, 66, 67, 64, 66, 65, 67, 67,
    63, 64, 68, 65, 66, 67, 64, 66, 65, 65, 63, 64, 65, 65, 66, 65, 68,
    67, 67, 70, 67, 67, 70, 69, 67, 67, 67, 67, 68, 65, 66, 66, 66, 70,
    68, 69, 68, 70, 68, 69, 68, 68, 66, 68, 68, 66, 68, 69, 66, 66, 65,
    67, 67, 67, 65, 69, 66, 67, 66, 67, 68, 69, 68, 68, 69, 68, 69, 67,
    67 ]
