%YAML:1.0
---
videoName: "headShake6.mp4"
gestureLabel: 201
fps: 29
pixelSizeInCmTemp: 3.2808219178082193e-01
faceCenterPointX: 244
faceCenterPointY: 68
headPositionsX: [ 246, 246, 245, 248, 246, 244, 243, 246, 248, 244, 247,
    247, 243, 245, 245, 245, 243, 248, 246, 245, 248, 243, 245, 245, 245,
    243, 247, 245, 249, 255, 254, 259, 263, 263, 264, 261, 258, 253, 247,
    244, 236, 232, 232, 229, 231, 241, 241, 247, 253, 255, 260, 257, 255,
    253, 247, 244, 239, 232, 232, 230, 231, 235, 237, 240, 247, 248, 250,
    251, 248, 249, 246, 244, 244, 241, 238, 239, 236, 237, 237, 239, 240,
    240, 241, 245, 243, 246, 247, 243, 245, 244, 241, 246, 245, 246, 242,
    243, 244, 246, 242, 243 ]
headPositionsY: [ 67, 68, 65, 67, 66, 67, 67, 64, 67, 64, 67, 68, 67, 68,
    65, 65, 64, 66, 64, 67, 67, 66, 70, 64, 67, 66, 69, 66, 69, 67, 68,
    67, 66, 65, 68, 65, 67, 67, 67, 70, 70, 68, 67, 66, 70, 67, 69, 68,
    68, 65, 66, 67, 65, 68, 68, 68, 69, 68, 66, 69, 70, 67, 69, 66, 69,
    70, 68, 69, 65, 69, 68, 66, 66, 66, 65, 66, 67, 69, 68, 66, 70, 66,
    70, 67, 67, 68, 67, 66, 66, 69, 68, 70, 66, 70, 66, 67, 70, 69, 68,
    66 ]
