%YAML:1.0
---
videoName: "headLookUp8.mp4"
gestureLabel: 205
fps: 29
pixelSizeInCmTemp: 3.4214285714285714e-01
faceCenterPointX: 253
faceCenterPointY: 59
headPositionsX: [ 254, 252, 253, 252, 250, 253, 255, 255, 252, 254, 253,
    255, 251, 253, 254, 252, 253, 250, 252, 249, 249, 254, 250, 252, 250,
    254, 253, 251, 253, 252, 253, 251, 250, 252, 254, 251, 253, 252, 252,
    251, 253, 252, 250, 251, 254, 252, 250, 250, 255, 249, 250, 251, 253,
    251, 250, 253, 253, 252, 252, 253, 251, 251, 251, 252, 252, 253, 253,
    255, 253, 253, 254, 254, 250, 251, 254, 251, 252, 254, 253, 251, 255,
    254, 251, 252, 254, 251, 251, 255, 252, 253, 253, 254, 252, 252, 252,
    254, 253, 255, 252, 254 ]
headPositionsY: [ 60, 77, 77, 76, 78, 76, 78, 78, 75, 78, 75, 76, 76, 77,
    74, 71, 71, 69, 73, 70, 70, 70, 68, 69, 64, 67, 66, 64, 62, 61, 64,
    63, 62, 61, 60, 63, 62, 62, 58, 61, 57, 57, 61, 58, 60, 57, 58, 61,
    60, 59, 61, 58, 60, 60, 57, 59, 61, 61, 60, 56, 58, 58, 57, 57, 58,
    61, 58, 60, 58, 61, 61, 57, 56, 59, 61, 58, 61, 57, 60, 59, 61, 61,
    57, 58, 59, 58, 60, 61, 58, 57, 60, 57, 57, 58, 60, 61, 58, 61, 60,
    61 ]
