%YAML:1.0
---
videoName: "headNod13.mp4"
gestureLabel: 202
fps: 29
pixelSizeInCmTemp: 3.2364864864864862e-01
faceCenterPointX: 253
faceCenterPointY: 79
headPositionsX: [ 255, 253, 252, 253, 254, 254, 255, 254, 252, 253, 253,
    255, 255, 257, 255, 255, 256, 253, 257, 256, 255, 255, 256, 252, 253,
    253, 254, 255, 252, 252, 255, 256, 254, 252, 255, 253, 253, 251, 254,
    252, 252, 255, 252, 254, 254, 252, 250, 254, 252, 251, 251, 255, 255,
    255, 252, 252, 255, 252, 252, 254, 255, 256, 251, 253, 251, 254, 254,
    253, 254, 252, 252, 255, 256, 256, 254, 256, 255, 255, 254, 256, 255,
    253, 257, 253, 256, 256, 253, 253, 255, 253, 255, 252, 252, 255, 251,
    254, 255, 252, 254, 252 ]
headPositionsY: [ 79, 71, 72, 73, 74, 75, 76, 74, 71, 72, 72, 73, 71, 75,
    75, 75, 73, 76, 72, 73, 72, 72, 72, 72, 76, 76, 74, 75, 72, 72, 72,
    72, 73, 73, 74, 74, 76, 76, 73, 74, 76, 72, 76, 72, 73, 73, 76, 74,
    73, 71, 69, 70, 69, 67, 68, 71, 74, 74, 76, 76, 80, 81, 75, 76, 71,
    73, 69, 67, 68, 68, 70, 71, 75, 74, 76, 81, 82, 77, 75, 75, 74, 70,
    71, 71, 71, 76, 74, 78, 81, 78, 81, 79, 81, 81, 80, 81, 80, 79, 80,
    79 ]
