%YAML:1.0
---
videoName: "headLookLeft4.mp4"
gestureLabel: 203
fps: 29
pixelSizeInCmTemp: 3.4710144927536229e-01
faceCenterPointX: 288
faceCenterPointY: 74
headPositionsX: [ 287, 265, 267, 267, 268, 268, 267, 272, 275, 274, 276,
    278, 283, 286, 285, 289, 295, 293, 298, 295, 297, 294, 297, 295, 291,
    293, 295, 295, 295, 295, 294, 295, 292, 293, 291, 296, 296, 295, 297,
    295, 290, 289, 294, 296, 296, 289, 287, 293, 288, 292, 291, 288, 289,
    292, 290, 289, 288, 292, 286, 289, 287, 290, 290, 290, 289, 291, 290,
    290, 285, 291, 289, 291, 289, 292, 291, 291, 294, 285, 295, 292, 291,
    291, 290, 292, 289, 293, 291, 289, 291, 291, 288, 291, 290, 287, 288,
    287, 291, 289, 287, 290 ]
headPositionsY: [ 73, 80, 78, 81, 77, 79, 81, 80, 79, 79, 80, 77, 79, 75,
    75, 75, 75, 76, 77, 79, 75, 78, 74, 78, 77, 74, 74, 81, 78, 76, 77,
    79, 78, 74, 75, 73, 81, 76, 74, 75, 76, 73, 72, 74, 75, 73, 75, 74,
    75, 75, 74, 74, 72, 73, 72, 72, 75, 76, 73, 74, 72, 75, 76, 74, 73,
    77, 72, 72, 74, 74, 75, 72, 73, 74, 75, 76, 76, 72, 78, 76, 74, 72,
    75, 78, 73, 76, 75, 74, 75, 73, 74, 74, 78, 73, 75, 73, 75, 76, 72,
    74 ]
