%YAML:1.0
---
videoName: "headLookRight8.mp4"
gestureLabel: 204
fps: 29
pixelSizeInCmTemp: 3.1513157894736843e-01
faceCenterPointX: 218
faceCenterPointY: 80
headPositionsX: [ 217, 247, 250, 250, 248, 249, 251, 248, 248, 247, 248,
    250, 244, 244, 245, 247, 246, 247, 245, 246, 247, 247, 245, 248, 249,
    246, 248, 248, 248, 247, 245, 247, 249, 249, 249, 245, 246, 248, 248,
    248, 245, 247, 247, 244, 246, 244, 248, 248, 246, 244, 246, 246, 245,
    245, 248, 246, 248, 245, 244, 247, 244, 246, 247, 248, 245, 246, 245,
    247, 243, 244, 242, 238, 236, 232, 231, 230, 225, 225, 222, 219, 220,
    218, 217, 214, 218, 217, 217, 219, 216, 218, 219, 216, 219, 219, 219,
    220, 218, 219, 219, 219 ]
headPositionsY: [ 82, 75, 76, 74, 73, 72, 74, 74, 73, 76, 74, 76, 74, 74,
    73, 76, 75, 76, 75, 76, 74, 76, 77, 78, 76, 77, 78, 78, 75, 78, 74,
    78, 78, 74, 76, 75, 75, 78, 74, 75, 75, 79, 78, 78, 76, 75, 78, 76,
    78, 78, 75, 76, 77, 77, 77, 75, 74, 79, 76, 75, 74, 78, 79, 79, 76,
    77, 79, 80, 74, 77, 78, 77, 76, 78, 78, 76, 77, 76, 75, 75, 72, 78,
    74, 79, 72, 80, 80, 82, 78, 82, 78, 81, 75, 79, 75, 82, 79, 82, 82,
    79 ]
