%YAML:1.0
---
videoName: "headShake18.mp4"
gestureLabel: 201
fps: 30
pixelSizeInCmTemp: 3.2808219178082193e-01
faceCenterPointX: 240
faceCenterPointY: 77
headPositionsX: [ 239, 240, 244, 242, 240, 239, 239, 240, 243, 240, 240,
    239, 242, 242, 243, 238, 241, 240, 241, 242, 240, 240, 241, 242, 238,
    241, 238, 240, 238, 242, 239, 237, 237, 241, 239, 242, 241, 244, 249,
    250, 252, 253, 251, 250, 248, 242, 240, 233, 230, 228, 231, 231, 235,
    241, 242, 246, 248, 250, 248, 248, 244, 238, 240, 235, 232, 233, 237,
    238, 240, 238, 245, 245, 246, 245, 242, 241, 240, 237, 236, 238, 237,
    235, 235, 239, 238, 242, 241, 245, 242, 242, 243, 243, 243, 241, 242,
    239, 239, 242, 239, 241 ]
headPositionsY: [ 79, 75, 76, 76, 74, 75, 76, 76, 73, 77, 77, 74, 73, 76,
    76, 74, 76, 77, 75, 76, 77, 76, 78, 77, 75, 76, 76, 76, 74, 78, 79,
    76, 79, 75, 78, 78, 77, 75, 74, 74, 75, 75, 76, 74, 79, 79, 77, 77,
    77, 76, 74, 74, 76, 79, 76, 78, 77, 78, 77, 79, 77, 77, 78, 78, 77,
    75, 78, 75, 79, 75, 75, 77, 78, 75, 76, 76, 76, 75, 79, 75, 75, 77,
    78, 79, 76, 76, 77, 76, 76, 78, 78, 79, 80, 76, 78, 79, 75, 77, 77,
    79 ]
