%YAML:1.0
---
videoName: "headLookDown6.mp4"
gestureLabel: 206
fps: 29
pixelSizeInCmTemp: 3.4710144927536229e-01
faceCenterPointX: 276
faceCenterPointY: 98
headPositionsX: [ 278, 274, 273, 276, 275, 274, 273, 274, 277, 273, 274,
    273, 275, 277, 276, 275, 274, 273, 274, 278, 277, 274, 274, 275, 273,
    276, 273, 277, 276, 274, 276, 278, 275, 275, 274, 276, 274, 273, 277,
    274, 273, 277, 277, 274, 275, 277, 274, 278, 277, 277, 278, 276, 273,
    279, 275, 273, 277, 277, 274, 276, 272, 275, 276, 275, 277, 277, 276,
    272, 274, 276, 276, 277, 277, 277, 274, 276, 276, 277, 275, 274, 276,
    274, 273, 274, 274, 274, 277, 276, 274, 275, 274, 276, 276, 274, 273,
    275, 277, 275, 276, 275 ]
headPositionsY: [ 99, 79, 81, 80, 82, 79, 81, 83, 81, 83, 79, 83, 82, 79,
    83, 79, 83, 81, 82, 83, 81, 81, 83, 83, 83, 81, 83, 82, 83, 83, 83,
    83, 80, 85, 85, 82, 85, 83, 86, 84, 81, 87, 84, 86, 88, 88, 91, 91,
    92, 92, 91, 94, 93, 94, 96, 98, 99, 98, 97, 99, 98, 97, 100, 99, 99,
    101, 96, 96, 100, 98, 96, 100, 99, 97, 99, 97, 97, 101, 98, 101, 98,
    98, 97, 101, 97, 100, 100, 99, 99, 97, 99, 96, 96, 97, 98, 97, 98,
    97, 100, 98 ]
