%YAML:1.0
---
videoName: "headNod37.mp4"
gestureLabel: 202
fps: 29
pixelSizeInCmTemp: 2.9207317073170730e-01
faceCenterPointX: 269
faceCenterPointY: 78
headPositionsX: [ 270, 271, 270, 269, 271, 270, 273, 267, 270, 267, 272,
    271, 271, 270, 268, 272, 271, 269, 269, 268, 271, 269, 270, 266, 270,
    267, 269, 272, 270, 272, 272, 268, 269, 271, 267, 270, 271, 269, 272,
    272, 268, 268, 271, 267, 271, 269, 272, 271, 271, 270, 271, 270, 269,
    273, 271, 272, 268, 270, 269, 271, 268, 267, 266, 267, 266, 264, 264,
    267, 265, 269, 266, 266, 267, 266, 269, 267, 266, 270, 271, 268, 269,
    270, 271, 268, 272, 269, 269, 268, 270, 271, 270, 269, 271, 268, 267,
    270, 270, 270, 269, 268 ]
headPositionsY: [ 77, 74, 74, 76, 74, 77, 75, 77, 73, 76, 76, 74, 75, 77,
    78, 74, 77, 77, 73, 75, 74, 73, 76, 76, 76, 77, 76, 76, 73, 75, 74,
    74, 75, 79, 77, 73, 73, 75, 73, 74, 74, 77, 74, 73, 74, 76, 76, 76,
    79, 78, 76, 74, 73, 69, 66, 67, 67, 64, 65, 67, 70, 72, 81, 85, 86,
    86, 89, 87, 82, 80, 73, 72, 71, 69, 67, 64, 67, 65, 69, 69, 70, 73,
    76, 79, 82, 80, 84, 84, 82, 78, 78, 81, 76, 77, 78, 77, 75, 77, 76,
    76 ]
