%YAML:1.0
---
videoName: "headNod22.mp4"
gestureLabel: 202
fps: 29
pixelSizeInCmTemp: 3.1513157894736843e-01
faceCenterPointX: 252
faceCenterPointY: 80
headPositionsX: [ 252, 250, 251, 254, 254, 253, 253, 256, 255, 253, 253,
    255, 252, 254, 255, 251, 253, 252, 251, 253, 251, 254, 255, 251, 254,
    252, 254, 254, 255, 253, 250, 252, 255, 255, 253, 253, 255, 254, 257,
    253, 256, 253, 254, 252, 253, 254, 252, 251, 252, 251, 254, 254, 252,
    249, 254, 253, 252, 249, 251, 252, 254, 252, 251, 251, 253, 254, 254,
    254, 251, 251, 255, 251, 252, 255, 251, 254, 250, 250, 252, 251, 254,
    254, 252, 251, 253, 255, 252, 251, 254, 250, 250, 252, 251, 249, 252,
    251, 249, 253, 250, 249 ]
headPositionsY: [ 78, 78, 80, 77, 78, 77, 78, 77, 77, 78, 80, 77, 76, 78,
    77, 79, 77, 80, 80, 81, 77, 78, 79, 80, 81, 85, 84, 82, 82, 80, 75,
    75, 71, 73, 71, 71, 73, 78, 80, 80, 83, 84, 82, 77, 74, 74, 70, 73,
    69, 72, 74, 82, 80, 86, 86, 82, 80, 79, 77, 73, 74, 74, 74, 73, 77,
    80, 80, 79, 78, 76, 74, 74, 75, 73, 78, 78, 81, 79, 80, 78, 80, 74,
    73, 75, 76, 77, 78, 83, 80, 77, 79, 81, 78, 78, 79, 80, 81, 83, 81,
    81 ]
