%YAML:1.0
---
videoName: "headShake28.mp4"
gestureLabel: 201
fps: 29
pixelSizeInCmTemp: 3.2808219178082193e-01
faceCenterPointX: 242
faceCenterPointY: 80
headPositionsX: [ 242, 243, 241, 240, 241, 243, 240, 241, 239, 243, 243,
    239, 240, 242, 240, 244, 240, 241, 241, 242, 241, 239, 241, 244, 239,
    240, 244, 241, 241, 243, 242, 242, 244, 240, 244, 243, 242, 240, 243,
    241, 244, 242, 243, 245, 243, 246, 245, 243, 243, 245, 240, 236, 230,
    231, 233, 234, 239, 245, 247, 253, 253, 257, 252, 249, 245, 239, 237,
    235, 232, 234, 237, 241, 250, 253, 250, 255, 255, 252, 250, 245, 244,
    241, 236, 235, 235, 235, 237, 241, 242, 240, 241, 242, 240, 245, 242,
    240, 244, 244, 240, 244 ]
headPositionsY: [ 81, 76, 79, 75, 77, 76, 76, 76, 76, 79, 78, 80, 77, 79,
    78, 77, 77, 78, 78, 76, 78, 76, 78, 80, 76, 81, 77, 78, 81, 81, 81,
    78, 80, 76, 77, 78, 79, 79, 75, 78, 77, 79, 79, 79, 75, 78, 79, 75,
    77, 76, 76, 78, 76, 75, 77, 76, 78, 79, 79, 77, 76, 78, 77, 80, 77,
    81, 79, 77, 80, 80, 76, 77, 80, 80, 74, 78, 79, 81, 79, 81, 80, 81,
    77, 81, 77, 78, 79, 79, 81, 80, 77, 80, 79, 81, 80, 81, 78, 79, 79,
    79 ]
