%YAML:1.0
---
videoName: "headNod49.mp4"
gestureLabel: 202
fps: 29
pixelSizeInCmTemp: 2.9207317073170730e-01
faceCenterPointX: 263
faceCenterPointY: 74
headPositionsX: [ 262, 263, 267, 267, 267, 264, 262, 267, 263, 266, 265,
    264, 265, 264, 264, 262, 263, 266, 264, 263, 265, 265, 262, 264, 267,
    264, 265, 267, 261, 262, 263, 264, 262, 263, 261, 263, 266, 266, 262,
    262, 264, 266, 264, 261, 263, 264, 260, 265, 265, 264, 265, 261, 265,
    265, 264, 265, 265, 264, 265, 262, 264, 262, 262, 263, 264, 265, 265,
    263, 263, 265, 262, 266, 264, 265, 263, 261, 264, 264, 262, 262, 263,
    263, 262, 262, 264, 260, 263, 260, 262, 263, 265, 265, 261, 263, 265,
    265, 262, 264, 264, 262 ]
headPositionsY: [ 75, 71, 73, 74, 69, 74, 73, 75, 72, 72, 73, 71, 70, 69,
    67, 70, 70, 69, 70, 71, 69, 72, 71, 75, 77, 79, 80, 78, 73, 74, 73,
    70, 71, 72, 67, 71, 72, 71, 76, 76, 77, 77, 79, 78, 77, 74, 73, 72,
    72, 69, 74, 73, 73, 75, 79, 79, 79, 75, 74, 74, 76, 73, 75, 74, 71,
    73, 75, 79, 78, 80, 77, 77, 75, 77, 77, 72, 72, 75, 74, 76, 76, 76,
    77, 73, 72, 73, 76, 76, 72, 74, 73, 74, 75, 75, 73, 76, 74, 74, 74,
    72 ]
