%YAML:1.0
---
videoName: "headLookRight2.mp4"
gestureLabel: 204
fps: 29
pixelSizeInCmTemp: 3.8015873015873014e-01
faceCenterPointX: 228
faceCenterPointY: 68
headPositionsX: [ 228, 249, 251, 251, 251, 250, 252, 249, 250, 251, 252,
    251, 250, 251, 250, 254, 254, 253, 251, 253, 250, 255, 252, 252, 253,
    255, 255, 252, 254, 252, 252, 253, 255, 255, 253, 253, 252, 250, 253,
    254, 254, 251, 250, 253, 254, 252, 254, 251, 252, 247, 249, 244, 245,
    241, 240, 237, 234, 233, 231, 229, 228, 226, 229, 227, 226, 228, 228,
    228, 221, 228, 228, 230, 230, 229, 228, 227, 227, 232, 227, 229, 231,
    229, 231, 230, 228, 227, 232, 224, 229, 227, 229, 230, 229, 231, 230,
    227, 231, 231, 225, 230 ]
headPositionsY: [ 67, 66, 67, 66, 66, 70, 69, 67, 68, 67, 66, 67, 71, 66,
    70, 67, 71, 70, 69, 70, 69, 70, 67, 69, 71, 72, 69, 68, 71, 72, 71,
    70, 71, 69, 69, 67, 68, 67, 68, 68, 68, 68, 67, 68, 71, 68, 68, 71,
    68, 69, 66, 68, 68, 69, 70, 69, 70, 70, 69, 71, 69, 69, 69, 66, 70,
    67, 70, 67, 72, 69, 69, 66, 70, 70, 70, 68, 73, 72, 69, 71, 70, 71,
    69, 70, 69, 68, 71, 69, 67, 68, 68, 70, 70, 71, 67, 69, 69, 70, 69,
    69 ]
