%YAML:1.0
---
videoName: "headShake19.mp4"
gestureLabel: 201
fps: 29
pixelSizeInCmTemp: 3.1933333333333330e-01
faceCenterPointX: 243
faceCenterPointY: 78
headPositionsX: [ 244, 242, 242, 244, 244, 243, 244, 241, 245, 244, 243,
    242, 242, 242, 243, 243, 244, 244, 242, 244, 241, 242, 244, 244, 243,
    241, 241, 240, 241, 241, 244, 242, 241, 240, 240, 238, 239, 236, 233,
    231, 232, 232, 239, 242, 250, 254, 258, 259, 258, 252, 247, 245, 237,
    234, 231, 229, 233, 234, 239, 242, 243, 246, 248, 245, 248, 245, 241,
    239, 235, 237, 238, 238, 235, 237, 242, 242, 243, 244, 244, 247, 243,
    245, 241, 243, 241, 239, 240, 241, 239, 240, 240, 244, 242, 244, 242,
    241, 242, 244, 242, 241 ]
headPositionsY: [ 76, 74, 76, 77, 75, 75, 76, 77, 76, 77, 78, 76, 76, 78,
    79, 75, 75, 78, 75, 79, 77, 77, 76, 79, 75, 77, 77, 77, 78, 77, 76,
    77, 75, 79, 75, 76, 76, 76, 76, 78, 79, 75, 78, 76, 76, 77, 78, 75,
    78, 77, 75, 77, 76, 75, 75, 78, 75, 75, 77, 75, 78, 79, 76, 76, 78,
    77, 79, 77, 76, 79, 78, 77, 78, 75, 75, 76, 78, 79, 79, 80, 80, 80,
    77, 80, 79, 76, 75, 77, 80, 80, 78, 77, 79, 79, 78, 78, 78, 80, 78,
    80 ]
