%YAML:1.0
---
videoName: "headLookRight0.mp4"
gestureLabel: 204
fps: 29
pixelSizeInCmTemp: 3.1933333333333330e-01
faceCenterPointX: 229
faceCenterPointY: 68
headPositionsX: [ 228, 256, 257, 253, 255, 258, 254, 258, 255, 258, 255,
    256, 255, 256, 257, 256, 256, 254, 255, 256, 257, 257, 257, 256, 259,
    255, 254, 253, 257, 257, 255, 257, 254, 254, 255, 257, 255, 255, 252,
    253, 252, 251, 248, 245, 244, 238, 237, 238, 238, 233, 234, 234, 235,
    232, 236, 232, 232, 232, 235, 232, 232, 235, 235, 233, 231, 233, 233,
    234, 234, 233, 235, 238, 232, 234, 231, 232, 231, 231, 233, 231, 236,
    230, 232, 227, 232, 232, 232, 232, 227, 230, 231, 230, 228, 230, 230,
    230, 230, 230, 226, 229 ]
headPositionsY: [ 69, 67, 65, 65, 66, 64, 64, 65, 65, 66, 66, 67, 66, 68,
    66, 68, 68, 67, 66, 65, 67, 69, 68, 69, 69, 65, 70, 67, 67, 67, 67,
    69, 67, 68, 66, 70, 69, 68, 66, 69, 65, 67, 69, 67, 66, 66, 68, 68,
    68, 66, 69, 69, 65, 71, 68, 70, 66, 67, 66, 67, 67, 67, 70, 67, 70,
    65, 67, 67, 68, 70, 68, 66, 67, 66, 69, 68, 70, 69, 70, 70, 67, 70,
    70, 68, 67, 68, 71, 66, 64, 65, 69, 68, 67, 70, 68, 68, 70, 68, 70,
    69 ]
