%YAML:1.0
---
videoName: "headNod26.mp4"
gestureLabel: 202
fps: 29
pixelSizeInCmTemp: 3.1513157894736843e-01
faceCenterPointX: 271
faceCenterPointY: 78
headPositionsX: [ 273, 272, 273, 273, 272, 273, 270, 269, 272, 273, 273,
    273, 275, 274, 271, 272, 274, 272, 272, 274, 273, 272, 272, 273, 273,
    273, 269, 273, 273, 270, 274, 271, 270, 272, 273, 270, 269, 274, 269,
    272, 270, 273, 274, 270, 271, 270, 272, 270, 269, 274, 269, 272, 273,
    272, 271, 273, 274, 270, 275, 269, 271, 274, 273, 271, 272, 274, 270,
    272, 274, 272, 273, 272, 273, 270, 273, 269, 273, 268, 271, 270, 272,
    272, 273, 272, 271, 272, 271, 270, 270, 270, 271, 271, 271, 269, 272,
    271, 273, 269, 271, 269 ]
headPositionsY: [ 78, 75, 76, 75, 73, 70, 70, 69, 67, 66, 65, 63, 67, 65,
    69, 65, 69, 72, 74, 75, 79, 84, 85, 85, 82, 80, 80, 74, 74, 68, 69,
    66, 69, 67, 68, 73, 71, 73, 79, 81, 78, 76, 80, 75, 74, 69, 70, 68,
    68, 69, 71, 72, 74, 76, 73, 76, 77, 74, 76, 73, 69, 67, 69, 66, 68,
    68, 68, 69, 71, 71, 76, 75, 74, 77, 74, 73, 73, 69, 67, 70, 70, 68,
    69, 71, 71, 76, 76, 77, 76, 77, 77, 77, 79, 80, 79, 76, 78, 80, 80,
    78 ]
