%YAML:1.0
---
videoName: "headShake41.mp4"
gestureLabel: 201
fps: 29
pixelSizeInCmTemp: 3.2364864864864862e-01
faceCenterPointX: 264
faceCenterPointY: 85
headPositionsX: [ 264, 259, 263, 264, 259, 260, 259, 259, 263, 262, 264,
    262, 261, 262, 263, 263, 259, 261, 260, 259, 262, 263, 263, 263, 268,
    269, 270, 272, 276, 279, 280, 280, 283, 284, 278, 280, 281, 279, 279,
    277, 274, 269, 268, 264, 254, 255, 251, 250, 245, 246, 246, 246, 246,
    248, 247, 251, 253, 253, 256, 261, 262, 269, 271, 275, 276, 279, 280,
    276, 277, 278, 277, 274, 274, 271, 273, 267, 269, 265, 266, 264, 263,
    264, 264, 265, 265, 265, 264, 263, 259, 262, 264, 262, 264, 261, 260,
    262, 265, 261, 261, 266 ]
headPositionsY: [ 87, 83, 84, 86, 81, 82, 80, 82, 83, 82, 85, 81, 83, 86,
    81, 82, 85, 82, 84, 85, 86, 84, 86, 85, 85, 84, 81, 80, 83, 81, 83,
    80, 79, 79, 81, 81, 79, 82, 82, 83, 82, 83, 85, 84, 82, 82, 86, 83,
    80, 83, 81, 82, 80, 86, 85, 83, 83, 83, 84, 85, 85, 85, 86, 83, 81,
    83, 86, 82, 86, 86, 85, 83, 82, 84, 84, 87, 87, 87, 82, 86, 85, 85,
    83, 84, 84, 84, 82, 87, 86, 82, 85, 85, 86, 86, 85, 84, 82, 86, 85,
    83 ]
