%YAML:1.0
---
videoName: "headNod13.mp4"
gestureLabel: 202
fps: 29
pixelSizeInCmTemp: 3.2364864864864862e-01
faceCenterPointX: 253
faceCenterPointY: 79
headPositionsX: [ 253, 250, 253, 251, 252, 250, 251, 253, 253, 252, 252,
    252, 256, 253, 253, 253, 253, 255, 254, 253, 257, 254, 252, 256, 252,
    253, 253, 253, 252, 254, 254, 255, 252, 253, 256, 254, 252, 255, 254,
    254, 253, 254, 252, 254, 252, 251, 250, 251, 255, 253, 252, 255, 256,
    252, 253, 256, 256, 251, 252, 254, 254, 254, 251, 251, 254, 251, 255,
    255, 252, 253, 252, 254, 256, 254, 257, 254, 255, 256, 255, 255, 253,
    253, 258, 254, 256, 253, 256, 253, 256, 257, 254, 256, 252, 252, 252,
    252, 253, 254, 252, 250 ]
headPositionsY: [ 81, 71, 74, 74, 71, 71, 75, 73, 72, 75, 75, 74, 73, 75,
    74, 75, 72, 74, 75, 75, 72, 74, 73, 74, 76, 72, 72, 73, 72, 72, 71,
    72, 73, 74, 72, 73, 76, 74, 76, 71, 74, 72, 76, 74, 76, 76, 76, 74,
    73, 73, 70, 70, 70, 67, 69, 68, 71, 72, 77, 77, 78, 77, 79, 77, 73,
    70, 71, 71, 70, 69, 72, 73, 76, 76, 77, 79, 82, 77, 78, 74, 71, 74,
    72, 71, 74, 76, 74, 78, 80, 81, 80, 79, 81, 80, 79, 79, 81, 77, 81,
    79 ]
