%YAML:1.0
---
videoName: "headNod42.mp4"
gestureLabel: 202
fps: 30
pixelSizeInCmTemp: 3.0316455696202532e-01
faceCenterPointX: 265
faceCenterPointY: 77
headPositionsX: [ 266, 268, 266, 269, 271, 271, 270, 270, 271, 268, 267,
    270, 269, 266, 270, 272, 270, 270, 268, 267, 266, 271, 269, 268, 266,
    266, 265, 267, 264, 266, 266, 266, 265, 267, 268, 267, 264, 267, 265,
    265, 267, 264, 267, 264, 267, 263, 266, 263, 264, 264, 264, 262, 266,
    263, 265, 266, 264, 265, 263, 263, 267, 266, 266, 267, 263, 264, 264,
    265, 267, 264, 265, 267, 265, 267, 264, 266, 265, 264, 267, 267, 265,
    265, 268, 264, 265, 267, 263, 268, 265, 263, 264, 265, 263, 267, 263,
    266, 268, 265, 266, 265 ]
headPositionsY: [ 77, 73, 75, 76, 75, 78, 76, 75, 78, 77, 76, 76, 75, 77,
    78, 68, 69, 66, 65, 67, 68, 70, 69, 73, 80, 83, 89, 90, 92, 90, 89,
    84, 81, 78, 74, 70, 68, 67, 68, 69, 77, 78, 83, 84, 84, 81, 82, 77,
    72, 72, 69, 71, 70, 71, 74, 76, 80, 85, 85, 85, 83, 80, 78, 78, 78,
    73, 73, 76, 73, 77, 73, 80, 80, 80, 78, 78, 76, 78, 77, 74, 75, 76,
    74, 78, 77, 82, 82, 83, 83, 78, 82, 77, 76, 80, 78, 79, 80, 75, 78,
    79 ]
