%YAML:1.0
---
videoName: "headNod14.mp4"
gestureLabel: 202
fps: 29
pixelSizeInCmTemp: 3.2808219178082193e-01
faceCenterPointX: 257
faceCenterPointY: 71
headPositionsX: [ 258, 256, 259, 259, 258, 259, 259, 261, 258, 258, 257,
    257, 257, 256, 256, 257, 257, 261, 260, 259, 259, 259, 259, 260, 259,
    259, 258, 258, 260, 261, 259, 259, 257, 257, 256, 260, 258, 258, 257,
    261, 261, 258, 258, 256, 262, 258, 259, 259, 260, 260, 258, 259, 261,
    260, 259, 258, 258, 257, 259, 256, 259, 259, 257, 259, 259, 261, 261,
    261, 260, 258, 259, 259, 259, 257, 256, 256, 256, 255, 256, 256, 259,
    257, 255, 256, 258, 257, 260, 258, 257, 254, 255, 256, 260, 255, 256,
    259, 258, 256, 257, 258 ]
headPositionsY: [ 69, 76, 76, 76, 80, 74, 75, 75, 78, 78, 78, 76, 79, 75,
    79, 76, 74, 79, 76, 75, 76, 75, 76, 77, 79, 80, 76, 76, 76, 79, 79,
    79, 76, 79, 79, 77, 77, 78, 76, 73, 76, 70, 72, 67, 67, 66, 70, 71,
    69, 74, 74, 79, 79, 81, 84, 79, 80, 81, 78, 76, 72, 68, 69, 72, 70,
    71, 74, 76, 80, 79, 82, 82, 78, 77, 76, 74, 71, 70, 66, 69, 72, 74,
    76, 80, 82, 78, 81, 78, 77, 73, 70, 71, 68, 67, 68, 68, 73, 70, 69,
    72 ]
