%YAML:1.0
---
videoName: "headNod9.mp4"
gestureLabel: 202
fps: 29
pixelSizeInCmTemp: 3.1513157894736843e-01
faceCenterPointX: 261
faceCenterPointY: 75
headPositionsX: [ 262, 260, 261, 261, 262, 263, 259, 263, 262, 260, 258,
    259, 260, 262, 262, 261, 259, 261, 259, 259, 260, 260, 263, 260, 261,
    260, 262, 259, 262, 263, 261, 259, 260, 263, 261, 261, 261, 259, 263,
    263, 260, 262, 262, 258, 261, 260, 257, 258, 258, 261, 259, 259, 261,
    259, 261, 262, 262, 259, 261, 258, 258, 262, 258, 261, 263, 262, 260,
    262, 262, 260, 258, 261, 258, 260, 261, 259, 261, 261, 257, 257, 260,
    258, 257, 257, 261, 257, 257, 258, 258, 261, 259, 260, 261, 258, 259,
    262, 257, 259, 262, 259 ]
headPositionsY: [ 75, 75, 73, 73, 76, 76, 74, 74, 73, 74, 76, 77, 78, 75,
    76, 73, 75, 77, 77, 74, 75, 74, 74, 76, 78, 73, 75, 75, 76, 76, 79,
    75, 80, 80, 80, 79, 79, 77, 75, 71, 74, 74, 75, 81, 83, 86, 85, 83,
    81, 78, 74, 78, 76, 79, 84, 83, 83, 81, 81, 76, 74, 72, 71, 75, 79,
    81, 81, 82, 85, 80, 80, 74, 73, 74, 73, 71, 74, 74, 75, 78, 83, 81,
    83, 80, 79, 78, 78, 73, 74, 72, 75, 73, 71, 71, 76, 76, 76, 73, 73,
    76 ]
