%YAML:1.0
---
videoName: "headShake4.mp4"
gestureLabel: 201
fps: 30
pixelSizeInCmTemp: 3.2364864864864862e-01
faceCenterPointX: 237
faceCenterPointY: 101
headPositionsX: [ 236, 243, 247, 250, 251, 255, 253, 256, 254, 250, 242,
    236, 229, 227, 225, 226, 226, 230, 235, 243, 248, 250, 253, 249, 248,
    245, 239, 236, 231, 224, 221, 224, 227, 230, 232, 239, 248, 251, 252,
    255, 257, 254, 249, 243, 235, 233, 231, 225, 222, 227, 225, 232, 233,
    237, 243, 246, 246, 250, 247, 249, 247, 246, 243, 237, 234, 230, 232,
    231, 229, 229, 235, 232, 237, 239, 241, 240, 242, 241, 242, 242, 242,
    241, 240, 241, 239, 236, 238, 235, 236, 236, 234, 239, 237, 235, 236,
    238, 237, 239, 235, 237 ]
headPositionsY: [ 99, 97, 98, 99, 98, 97, 99, 100, 97, 99, 98, 101, 97,
    98, 100, 99, 97, 98, 100, 97, 99, 97, 98, 99, 100, 101, 101, 101, 97,
    97, 100, 100, 99, 100, 99, 99, 99, 100, 99, 100, 101, 97, 97, 103,
    100, 97, 98, 102, 101, 97, 97, 98, 101, 99, 99, 99, 97, 100, 100,
    101, 101, 99, 103, 100, 100, 102, 102, 102, 99, 98, 100, 101, 100,
    100, 98, 99, 101, 102, 101, 101, 100, 101, 102, 100, 102, 100, 101,
    99, 99, 102, 97, 101, 98, 99, 100, 102, 99, 102, 102, 102 ]
