%YAML:1.0
---
videoName: "headShake33.mp4"
gestureLabel: 201
fps: 29
pixelSizeInCmTemp: 3.2364864864864862e-01
faceCenterPointX: 244
faceCenterPointY: 84
headPositionsX: [ 243, 244, 245, 245, 246, 244, 245, 244, 245, 247, 243,
    245, 243, 246, 246, 245, 245, 246, 245, 245, 244, 247, 247, 251, 250,
    252, 257, 257, 262, 264, 262, 261, 261, 261, 258, 255, 252, 250, 245,
    240, 238, 237, 233, 232, 230, 229, 226, 227, 227, 231, 232, 239, 241,
    245, 252, 252, 254, 258, 256, 258, 258, 257, 257, 254, 254, 250, 248,
    243, 243, 238, 236, 236, 231, 232, 230, 231, 232, 231, 233, 234, 236,
    237, 238, 241, 244, 244, 245, 248, 245, 246, 248, 246, 245, 244, 245,
    247, 245, 246, 243, 244 ]
headPositionsY: [ 85, 83, 81, 82, 84, 82, 82, 80, 81, 83, 83, 84, 81, 81,
    82, 85, 84, 85, 84, 84, 84, 83, 81, 83, 80, 81, 83, 81, 79, 81, 82,
    83, 82, 80, 81, 80, 83, 82, 83, 85, 82, 83, 85, 82, 84, 83, 82, 84,
    84, 83, 84, 85, 85, 85, 85, 80, 82, 83, 80, 80, 82, 80, 84, 80, 82,
    85, 82, 82, 83, 81, 85, 82, 82, 82, 80, 83, 82, 82, 80, 85, 83, 84,
    85, 81, 84, 82, 84, 81, 83, 85, 82, 83, 83, 82, 83, 86, 80, 81, 84,
    83 ]
