%YAML:1.0
---
videoName: "headShake33.mp4"
gestureLabel: 201
fps: 29
pixelSizeInCmTemp: 3.2364864864864862e-01
faceCenterPointX: 244
faceCenterPointY: 84
headPositionsX: [ 246, 244, 246, 244, 243, 247, 248, 244, 243, 247, 245,
    243, 247, 245, 245, 247, 247, 243, 246, 244, 246, 249, 249, 249, 250,
    252, 255, 258, 259, 264, 264, 264, 262, 260, 257, 258, 255, 251, 247,
    243, 235, 235, 232, 232, 228, 225, 226, 229, 229, 232, 233, 239, 240,
    244, 248, 250, 257, 258, 256, 262, 261, 257, 256, 257, 256, 253, 246,
    247, 239, 238, 236, 234, 231, 230, 231, 233, 232, 234, 234, 236, 237,
    240, 242, 240, 243, 245, 243, 247, 246, 245, 248, 247, 248, 247, 246,
    245, 244, 244, 242, 245 ]
headPositionsY: [ 83, 83, 84, 85, 83, 83, 85, 83, 83, 83, 82, 82, 83, 84,
    84, 81, 82, 81, 81, 84, 82, 84, 84, 82, 82, 80, 83, 79, 83, 80, 81,
    81, 81, 84, 83, 83, 82, 85, 81, 83, 84, 84, 85, 82, 84, 82, 81, 80,
    85, 84, 83, 84, 85, 85, 82, 80, 80, 80, 82, 79, 82, 81, 81, 81, 82,
    86, 85, 82, 81, 81, 85, 83, 84, 82, 82, 84, 83, 81, 82, 83, 86, 85,
    85, 84, 83, 82, 84, 85, 84, 86, 83, 83, 83, 85, 81, 84, 80, 81, 84,
    81 ]
