%YAML:1.0
---
videoName: "headShake22.mp4"
gestureLabel: 201
fps: 29
pixelSizeInCmTemp: 3.2364864864864862e-01
faceCenterPointX: 241
faceCenterPointY: 79
headPositionsX: [ 241, 239, 240, 244, 243, 243, 241, 241, 243, 243, 243,
    244, 243, 242, 243, 244, 243, 241, 243, 243, 244, 243, 243, 240, 241,
    240, 240, 243, 243, 243, 244, 240, 241, 242, 243, 242, 244, 243, 243,
    242, 241, 239, 244, 242, 240, 241, 245, 242, 242, 244, 240, 242, 240,
    242, 240, 242, 241, 242, 240, 244, 242, 242, 243, 242, 242, 242, 243,
    243, 246, 250, 253, 252, 258, 257, 254, 249, 245, 241, 240, 238, 238,
    237, 238, 240, 245, 246, 244, 244, 245, 245, 240, 242, 241, 240, 242,
    239, 239, 241, 240, 243 ]
headPositionsY: [ 81, 76, 76, 78, 77, 73, 79, 75, 74, 78, 77, 76, 76, 75,
    77, 74, 77, 75, 74, 78, 78, 74, 78, 76, 75, 74, 77, 77, 77, 78, 77,
    74, 75, 76, 77, 78, 78, 78, 75, 77, 80, 76, 74, 75, 74, 74, 78, 77,
    78, 74, 74, 76, 78, 78, 75, 74, 76, 77, 75, 77, 78, 75, 77, 74, 75,
    77, 76, 77, 77, 75, 76, 73, 75, 76, 78, 78, 75, 78, 76, 76, 76, 78,
    75, 75, 75, 78, 76, 79, 78, 79, 79, 78, 80, 79, 77, 78, 78, 79, 79,
    79 ]
