%YAML:1.0
---
videoName: "headNod38.mp4"
gestureLabel: 202
fps: 29
pixelSizeInCmTemp: 2.9937500000000000e-01
faceCenterPointX: 267
faceCenterPointY: 73
headPositionsX: [ 267, 267, 267, 265, 266, 269, 265, 265, 265, 266, 264,
    265, 267, 267, 269, 269, 267, 267, 268, 269, 268, 269, 268, 267, 267,
    266, 264, 267, 264, 264, 264, 264, 263, 267, 263, 263, 266, 266, 265,
    264, 268, 266, 268, 266, 264, 265, 264, 269, 266, 268, 268, 268, 266,
    265, 268, 271, 266, 266, 267, 268, 270, 270, 270, 268, 270, 267, 270,
    269, 267, 269, 267, 267, 267, 266, 265, 269, 270, 269, 268, 269, 269,
    269, 269, 267, 265, 266, 269, 270, 267, 267, 266, 267, 266, 271, 266,
    266, 265, 265, 269, 268 ]
headPositionsY: [ 75, 75, 73, 75, 79, 83, 81, 84, 84, 84, 79, 79, 76, 75,
    79, 81, 84, 83, 87, 84, 81, 77, 75, 74, 76, 78, 82, 87, 87, 86, 89,
    88, 83, 80, 76, 75, 75, 74, 75, 78, 83, 86, 87, 91, 87, 83, 80, 74,
    75, 71, 72, 69, 75, 77, 81, 82, 84, 85, 86, 85, 80, 77, 76, 75, 72,
    74, 69, 73, 76, 75, 76, 83, 86, 85, 84, 83, 86, 80, 80, 78, 75, 71,
    70, 73, 71, 72, 70, 74, 73, 72, 74, 75, 71, 72, 73, 73, 72, 74, 71,
    75 ]
