%YAML:1.0
---
videoName: "headLookLeft7.mp4"
gestureLabel: 203
fps: 29
pixelSizeInCmTemp: 3.4214285714285714e-01
faceCenterPointX: 268
faceCenterPointY: 68
headPositionsX: [ 269, 248, 247, 247, 247, 243, 244, 245, 244, 243, 246,
    246, 243, 244, 244, 243, 245, 245, 244, 243, 243, 245, 244, 244, 246,
    243, 246, 246, 245, 249, 250, 248, 253, 255, 258, 258, 262, 263, 263,
    267, 266, 265, 267, 267, 266, 270, 270, 267, 266, 267, 268, 270, 269,
    269, 268, 270, 267, 269, 265, 268, 265, 268, 264, 269, 267, 265, 266,
    270, 264, 265, 271, 268, 268, 270, 266, 270, 267, 266, 267, 270, 268,
    268, 268, 268, 268, 268, 269, 268, 267, 270, 270, 268, 268, 269, 267,
    272, 270, 269, 267, 269 ]
headPositionsY: [ 67, 66, 70, 71, 71, 69, 70, 69, 68, 70, 68, 69, 70, 70,
    72, 73, 68, 68, 69, 72, 70, 71, 68, 69, 69, 68, 71, 71, 72, 69, 71,
    69, 66, 71, 68, 67, 70, 69, 67, 70, 65, 66, 69, 67, 66, 67, 67, 67,
    70, 70, 67, 71, 69, 68, 67, 71, 67, 68, 65, 70, 70, 69, 70, 69, 67,
    71, 68, 71, 68, 69, 71, 67, 69, 72, 71, 70, 67, 66, 68, 69, 66, 71,
    72, 66, 67, 70, 67, 68, 70, 71, 69, 69, 70, 71, 69, 68, 70, 69, 69,
    68 ]
