%YAML:1.0
---
videoName: "headShake13.mp4"
gestureLabel: 201
fps: 29
pixelSizeInCmTemp: 3.2364864864864862e-01
faceCenterPointX: 241
faceCenterPointY: 77
headPositionsX: [ 240, 241, 243, 243, 243, 242, 242, 240, 239, 239, 242,
    242, 244, 243, 239, 241, 243, 243, 239, 240, 241, 243, 243, 243, 239,
    239, 240, 242, 241, 241, 240, 240, 239, 241, 242, 246, 251, 256, 261,
    260, 261, 262, 259, 254, 252, 242, 236, 236, 228, 230, 231, 234, 238,
    238, 246, 247, 251, 252, 248, 250, 246, 243, 236, 236, 230, 231, 230,
    234, 240, 243, 243, 248, 252, 250, 252, 250, 250, 246, 241, 240, 237,
    233, 234, 234, 232, 236, 237, 237, 244, 243, 243, 242, 246, 246, 242,
    243, 243, 244, 239, 240 ]
headPositionsY: [ 78, 75, 74, 77, 75, 78, 78, 74, 75, 74, 77, 75, 76, 78,
    74, 74, 77, 75, 75, 75, 77, 74, 74, 75, 77, 77, 79, 74, 74, 75, 75,
    74, 78, 77, 76, 74, 77, 75, 75, 73, 74, 72, 74, 78, 78, 74, 75, 77,
    75, 78, 78, 77, 74, 78, 79, 77, 73, 76, 77, 77, 74, 76, 76, 74, 78,
    76, 77, 76, 76, 77, 75, 77, 75, 76, 77, 76, 76, 78, 74, 77, 74, 76,
    76, 78, 79, 75, 76, 77, 79, 77, 76, 77, 76, 78, 74, 76, 79, 78, 74,
    75 ]
