%YAML:1.0
---
videoName: "headLookUp7.mp4"
gestureLabel: 205
fps: 29
pixelSizeInCmTemp: 3.6846153846153845e-01
faceCenterPointX: 257
faceCenterPointY: 70
headPositionsX: [ 256, 255, 257, 257, 258, 256, 256, 254, 257, 255, 259,
    256, 254, 256, 258, 259, 257, 257, 257, 258, 257, 258, 254, 258, 255,
    257, 257, 258, 254, 254, 253, 259, 257, 253, 257, 253, 257, 253, 256,
    255, 256, 256, 257, 257, 255, 254, 254, 255, 253, 258, 256, 257, 253,
    255, 257, 258, 258, 258, 255, 256, 257, 257, 258, 257, 254, 257, 254,
    256, 256, 256, 259, 255, 254, 256, 255, 257, 255, 255, 258, 258, 258,
    255, 257, 256, 254, 258, 256, 257, 258, 258, 255, 254, 255, 258, 256,
    259, 259, 254, 258, 259 ]
headPositionsY: [ 71, 85, 84, 84, 81, 84, 80, 81, 84, 84, 81, 83, 84, 85,
    81, 85, 82, 84, 82, 77, 79, 78, 77, 77, 72, 74, 75, 69, 72, 69, 66,
    69, 69, 71, 69, 69, 67, 68, 71, 69, 69, 68, 68, 69, 67, 69, 70, 70,
    67, 71, 68, 67, 71, 68, 69, 67, 70, 69, 68, 66, 66, 72, 67, 68, 69,
    69, 70, 70, 67, 69, 69, 69, 67, 71, 67, 69, 70, 71, 67, 69, 68, 72,
    67, 72, 70, 68, 69, 69, 69, 70, 69, 70, 68, 68, 69, 69, 68, 66, 72,
    71 ]
