%YAML:1.0
---
videoName: "headShake10.mp4"
gestureLabel: 201
fps: 29
pixelSizeInCmTemp: 3.3732394366197183e-01
faceCenterPointX: 240
faceCenterPointY: 74
headPositionsX: [ 240, 244, 246, 245, 245, 248, 244, 243, 248, 248, 247,
    245, 246, 244, 247, 247, 246, 246, 247, 245, 248, 247, 245, 246, 246,
    244, 247, 248, 248, 244, 244, 247, 245, 244, 245, 246, 246, 246, 245,
    244, 246, 247, 247, 245, 245, 247, 243, 243, 242, 244, 248, 248, 249,
    252, 258, 259, 261, 261, 259, 258, 255, 253, 249, 241, 240, 237, 230,
    232, 232, 233, 238, 243, 245, 247, 253, 258, 254, 256, 257, 252, 252,
    251, 246, 244, 243, 240, 242, 242, 239, 239, 239, 241, 240, 239, 242,
    241, 241, 242, 243, 244 ]
headPositionsY: [ 73, 75, 75, 72, 74, 73, 73, 73, 72, 72, 72, 73, 73, 75,
    73, 72, 71, 75, 73, 74, 71, 72, 74, 71, 72, 74, 75, 71, 71, 73, 73,
    72, 74, 72, 74, 76, 75, 73, 76, 71, 74, 73, 75, 75, 74, 75, 71, 75,
    71, 72, 73, 72, 72, 73, 72, 72, 71, 72, 70, 73, 74, 74, 73, 74, 73,
    74, 73, 72, 73, 75, 73, 73, 73, 72, 75, 75, 72, 71, 74, 75, 74, 75,
    76, 75, 76, 75, 73, 76, 74, 77, 77, 74, 73, 73, 74, 74, 77, 77, 73,
    77 ]
