%YAML:1.0
---
videoName: "headLookLeft9.mp4"
gestureLabel: 203
fps: 30
pixelSizeInCmTemp: 3.2364864864864862e-01
faceCenterPointX: 273
faceCenterPointY: 69
headPositionsX: [ 275, 246, 246, 247, 248, 247, 245, 248, 244, 248, 249,
    246, 244, 248, 246, 245, 248, 245, 246, 244, 248, 244, 246, 243, 244,
    245, 244, 247, 246, 246, 247, 247, 250, 251, 251, 253, 253, 257, 259,
    259, 266, 267, 268, 269, 266, 270, 270, 270, 268, 271, 271, 273, 271,
    270, 272, 270, 274, 269, 273, 274, 272, 272, 268, 271, 272, 270, 271,
    273, 274, 270, 273, 273, 274, 272, 275, 270, 273, 268, 269, 270, 272,
    269, 270, 271, 270, 270, 269, 269, 273, 272, 271, 274, 273, 269, 273,
    273, 271, 274, 268, 268 ]
headPositionsY: [ 70, 71, 71, 70, 71, 70, 71, 71, 67, 68, 70, 69, 70, 73,
    68, 70, 71, 71, 71, 72, 72, 68, 71, 71, 69, 72, 71, 72, 72, 71, 71,
    71, 71, 70, 71, 68, 70, 67, 66, 68, 67, 69, 69, 69, 70, 68, 67, 65,
    67, 70, 67, 66, 69, 65, 67, 65, 66, 67, 70, 67, 67, 66, 70, 70, 70,
    71, 69, 67, 69, 65, 69, 69, 68, 68, 70, 67, 67, 67, 66, 67, 69, 70,
    69, 70, 69, 69, 70, 70, 69, 65, 69, 66, 67, 66, 69, 70, 71, 68, 71,
    71 ]
