%YAML:1.0
---
videoName: "headNod17.mp4"
gestureLabel: 202
fps: 30
pixelSizeInCmTemp: 3.2808219178082193e-01
faceCenterPointX: 253
faceCenterPointY: 76
headPositionsX: [ 255, 254, 253, 254, 255, 254, 256, 253, 257, 254, 254,
    256, 257, 255, 253, 257, 256, 257, 254, 255, 256, 253, 255, 257, 254,
    254, 256, 256, 254, 254, 254, 256, 256, 255, 256, 255, 254, 254, 254,
    253, 256, 252, 255, 252, 253, 255, 253, 254, 254, 253, 253, 256, 255,
    256, 255, 251, 254, 253, 255, 257, 256, 254, 256, 256, 253, 254, 253,
    253, 255, 252, 252, 255, 254, 252, 255, 253, 255, 256, 254, 252, 255,
    254, 254, 252, 257, 254, 257, 253, 254, 253, 256, 253, 256, 253, 257,
    252, 255, 256, 253, 257 ]
headPositionsY: [ 76, 78, 78, 75, 78, 80, 79, 76, 76, 75, 75, 76, 76, 78,
    75, 77, 77, 76, 80, 76, 78, 76, 72, 72, 74, 71, 68, 67, 68, 65, 68,
    67, 70, 70, 71, 72, 70, 75, 75, 79, 81, 81, 84, 87, 85, 86, 84, 83,
    80, 77, 77, 74, 76, 72, 73, 68, 72, 70, 71, 68, 72, 69, 75, 75, 79,
    78, 83, 80, 78, 81, 79, 77, 76, 75, 75, 79, 78, 77, 81, 76, 78, 79,
    77, 77, 78, 75, 79, 77, 80, 77, 78, 78, 77, 76, 78, 77, 77, 77, 76,
    75 ]
