%YAML:1.0
---
videoName: "headShake38.mp4"
gestureLabel: 201
fps: 29
pixelSizeInCmTemp: 3.2808219178082193e-01
faceCenterPointX: 259
faceCenterPointY: 84
headPositionsX: [ 261, 265, 262, 263, 262, 264, 262, 263, 262, 264, 262,
    262, 266, 261, 263, 261, 261, 264, 264, 265, 266, 265, 263, 263, 262,
    262, 261, 264, 263, 263, 262, 262, 263, 262, 261, 264, 260, 264, 264,
    260, 260, 260, 258, 258, 252, 248, 246, 247, 248, 250, 257, 267, 274,
    275, 279, 276, 271, 264, 255, 250, 246, 250, 253, 258, 267, 269, 274,
    270, 264, 261, 251, 251, 246, 246, 252, 255, 259, 263, 266, 267, 270,
    271, 265, 267, 266, 262, 263, 262, 261, 258, 259, 262, 258, 260, 263,
    261, 259, 261, 262, 261 ]
headPositionsY: [ 84, 85, 83, 83, 82, 84, 84, 85, 86, 80, 85, 83, 82, 82,
    82, 82, 84, 85, 84, 86, 82, 82, 85, 81, 83, 85, 82, 83, 82, 83, 86,
    83, 81, 86, 82, 85, 84, 86, 85, 85, 84, 83, 82, 85, 85, 82, 85, 84,
    83, 84, 84, 83, 84, 83, 84, 83, 83, 84, 84, 83, 86, 83, 82, 86, 84,
    82, 83, 83, 83, 85, 85, 81, 83, 85, 85, 83, 85, 84, 86, 82, 83, 85,
    84, 86, 85, 84, 86, 85, 86, 85, 85, 84, 85, 84, 83, 85, 84, 85, 86,
    83 ]
