%YAML:1.0
---
videoName: "headShake33.mp4"
gestureLabel: 201
fps: 29
pixelSizeInCmTemp: 3.2364864864864862e-01
faceCenterPointX: 244
faceCenterPointY: 84
headPositionsX: [ 244, 245, 247, 243, 244, 247, 245, 244, 244, 246, 246,
    246, 244, 244, 245, 245, 244, 246, 243, 246, 247, 250, 247, 251, 253,
    253, 256, 257, 260, 260, 261, 264, 263, 260, 261, 258, 255, 251, 246,
    239, 236, 236, 231, 231, 229, 228, 225, 227, 228, 233, 233, 239, 242,
    243, 251, 254, 258, 259, 260, 258, 262, 260, 257, 258, 252, 252, 245,
    245, 240, 239, 235, 236, 234, 229, 232, 232, 230, 232, 234, 236, 237,
    237, 240, 242, 243, 246, 246, 245, 246, 247, 247, 247, 247, 246, 245,
    244, 246, 246, 242, 246 ]
headPositionsY: [ 82, 83, 81, 84, 82, 83, 81, 80, 81, 83, 85, 84, 83, 84,
    83, 84, 84, 82, 82, 80, 85, 82, 82, 85, 83, 84, 82, 81, 81, 82, 80,
    81, 79, 81, 81, 83, 84, 81, 81, 85, 84, 83, 82, 81, 84, 83, 79, 84,
    81, 81, 83, 82, 85, 83, 82, 84, 79, 79, 82, 80, 81, 82, 83, 84, 84,
    84, 82, 84, 82, 82, 81, 86, 82, 84, 84, 81, 83, 81, 81, 83, 85, 84,
    83, 85, 82, 83, 82, 85, 83, 83, 83, 83, 83, 81, 84, 86, 81, 85, 84,
    81 ]
