%YAML:1.0
---
videoName: "headShake34.mp4"
gestureLabel: 201
fps: 29
pixelSizeInCmTemp: 3.2364864864864862e-01
faceCenterPointX: 263
faceCenterPointY: 83
headPositionsX: [ 262, 266, 265, 266, 261, 264, 265, 264, 261, 262, 266,
    263, 265, 266, 263, 265, 266, 263, 265, 262, 266, 262, 263, 266, 267,
    266, 266, 265, 265, 264, 263, 264, 263, 264, 262, 264, 263, 267, 268,
    271, 271, 274, 272, 275, 274, 276, 279, 275, 275, 273, 270, 270, 261,
    261, 254, 255, 250, 254, 255, 255, 259, 262, 265, 269, 268, 271, 269,
    269, 267, 260, 259, 256, 256, 252, 254, 259, 258, 260, 261, 265, 262,
    267, 267, 265, 267, 264, 267, 265, 267, 267, 265, 264, 262, 265, 262,
    265, 261, 263, 262, 264 ]
headPositionsY: [ 81, 84, 81, 84, 82, 82, 80, 83, 84, 86, 85, 83, 83, 82,
    83, 81, 82, 82, 82, 82, 85, 84, 84, 85, 83, 80, 81, 81, 85, 83, 82,
    83, 85, 85, 84, 85, 81, 85, 82, 85, 82, 84, 84, 79, 80, 82, 82, 80,
    79, 81, 84, 85, 81, 83, 82, 79, 81, 84, 82, 84, 86, 83, 83, 84, 81,
    82, 82, 84, 83, 85, 82, 82, 81, 82, 85, 85, 85, 82, 84, 85, 84, 83,
    82, 81, 86, 82, 81, 81, 83, 82, 85, 82, 86, 83, 83, 83, 84, 82, 85,
    86 ]
