%YAML:1.0
---
videoName: "headNod0.mp4"
gestureLabel: 202
fps: 29
pixelSizeInCmTemp: 3.2364864864864862e-01
faceCenterPointX: 264
faceCenterPointY: 76
headPositionsX: [ 263, 269, 267, 268, 267, 266, 268, 267, 268, 266, 264,
    269, 269, 268, 264, 263, 265, 264, 266, 263, 263, 264, 263, 264, 264,
    266, 264, 266, 268, 266, 266, 265, 267, 264, 267, 265, 267, 264, 268,
    268, 265, 264, 266, 263, 265, 263, 264, 262, 266, 266, 267, 263, 266,
    266, 264, 263, 262, 266, 264, 265, 265, 265, 267, 264, 264, 265, 268,
    267, 265, 265, 267, 266, 266, 264, 264, 262, 265, 265, 264, 263, 261,
    263, 265, 267, 263, 262, 264, 262, 266, 264, 264, 266, 264, 267, 262,
    265, 264, 264, 265, 266 ]
headPositionsY: [ 74, 72, 71, 72, 74, 73, 75, 71, 73, 73, 72, 75, 71, 71,
    72, 71, 72, 71, 73, 73, 73, 73, 75, 76, 72, 74, 73, 71, 71, 70, 71,
    70, 63, 63, 63, 62, 63, 63, 63, 67, 69, 73, 71, 77, 80, 83, 82, 83,
    82, 82, 78, 74, 74, 70, 67, 65, 70, 67, 65, 66, 68, 72, 74, 76, 76,
    77, 81, 81, 79, 76, 79, 77, 70, 71, 68, 70, 68, 68, 67, 70, 70, 70,
    74, 72, 74, 75, 80, 79, 78, 80, 80, 79, 76, 75, 76, 75, 75, 74, 77,
    78 ]
