%YAML:1.0
---
videoName: "headNod37.mp4"
gestureLabel: 202
fps: 29
pixelSizeInCmTemp: 2.9207317073170730e-01
faceCenterPointX: 269
faceCenterPointY: 78
headPositionsX: [ 269, 271, 272, 271, 268, 269, 273, 268, 269, 267, 270,
    272, 270, 268, 269, 269, 267, 270, 269, 269, 268, 271, 270, 266, 268,
    268, 270, 269, 266, 268, 271, 270, 271, 270, 268, 270, 268, 269, 268,
    268, 272, 270, 268, 271, 268, 270, 269, 270, 270, 270, 269, 267, 272,
    273, 272, 268, 271, 270, 269, 269, 269, 270, 267, 269, 269, 268, 266,
    265, 268, 265, 265, 267, 268, 267, 266, 269, 269, 270, 270, 268, 272,
    270, 269, 270, 270, 272, 271, 269, 270, 271, 269, 269, 270, 267, 268,
    271, 266, 267, 269, 271 ]
headPositionsY: [ 77, 77, 76, 77, 76, 74, 76, 74, 75, 73, 76, 78, 74, 77,
    78, 75, 77, 76, 75, 75, 76, 76, 75, 77, 74, 75, 74, 77, 73, 74, 77,
    78, 74, 78, 76, 75, 77, 76, 75, 76, 75, 75, 76, 77, 77, 78, 77, 75,
    79, 76, 76, 73, 74, 68, 68, 66, 65, 66, 67, 69, 73, 72, 80, 85, 88,
    90, 87, 86, 82, 79, 76, 71, 71, 67, 66, 65, 63, 64, 66, 67, 74, 72,
    80, 79, 84, 82, 80, 82, 81, 80, 81, 79, 80, 77, 79, 79, 76, 76, 80,
    77 ]
