%YAML:1.0
---
videoName: "headLookLeft3.mp4"
gestureLabel: 203
fps: 29
pixelSizeInCmTemp: 3.4214285714285714e-01
faceCenterPointX: 290
faceCenterPointY: 74
headPositionsX: [ 288, 265, 263, 262, 262, 264, 266, 270, 269, 271, 272,
    275, 279, 277, 282, 280, 286, 288, 288, 291, 289, 289, 295, 292, 288,
    289, 297, 289, 287, 283, 291, 291, 289, 289, 285, 292, 285, 291, 293,
    289, 286, 287, 287, 297, 292, 291, 288, 287, 290, 289, 293, 293, 289,
    289, 286, 285, 289, 287, 289, 293, 291, 291, 291, 287, 287, 285, 290,
    290, 288, 291, 285, 287, 286, 285, 286, 284, 285, 286, 289, 287, 286,
    288, 291, 285, 287, 285, 290, 287, 285, 290, 288, 288, 286, 286, 284,
    284, 288, 286, 290, 287 ]
headPositionsY: [ 76, 79, 74, 78, 78, 78, 77, 78, 78, 75, 77, 74, 77, 73,
    76, 72, 76, 76, 74, 75, 72, 75, 74, 76, 72, 73, 75, 75, 76, 72, 72,
    75, 76, 76, 74, 73, 73, 77, 73, 76, 73, 73, 71, 74, 76, 76, 74, 74,
    78, 74, 72, 73, 72, 76, 73, 73, 72, 73, 72, 73, 74, 71, 73, 73, 73,
    74, 72, 74, 72, 74, 71, 72, 71, 71, 72, 77, 74, 76, 77, 71, 73, 76,
    75, 71, 74, 75, 73, 76, 75, 76, 72, 76, 73, 73, 74, 73, 75, 73, 76,
    74 ]
