%YAML:1.0
---
videoName: "headLookLeft5.mp4"
gestureLabel: 203
fps: 30
pixelSizeInCmTemp: 3.5746268656716418e-01
faceCenterPointX: 284
faceCenterPointY: 67
headPositionsX: [ 286, 260, 261, 262, 261, 258, 257, 259, 261, 262, 260,
    263, 258, 259, 262, 264, 264, 265, 264, 261, 265, 266, 270, 270, 269,
    274, 277, 277, 280, 278, 280, 284, 285, 284, 284, 284, 290, 288, 283,
    285, 285, 287, 284, 286, 290, 285, 284, 288, 283, 285, 286, 286, 283,
    283, 283, 285, 281, 281, 284, 281, 286, 281, 281, 281, 283, 281, 285,
    282, 282, 284, 284, 285, 282, 284, 282, 286, 287, 282, 285, 287, 287,
    287, 285, 284, 287, 284, 286, 283, 284, 288, 283, 285, 285, 287, 283,
    283, 285, 282, 284, 284 ]
headPositionsY: [ 66, 74, 69, 70, 72, 72, 72, 72, 70, 70, 72, 72, 69, 74,
    72, 73, 74, 71, 73, 73, 70, 71, 73, 70, 70, 71, 68, 68, 68, 68, 67,
    67, 69, 67, 68, 68, 69, 68, 66, 69, 72, 70, 67, 67, 66, 70, 67, 68,
    69, 67, 67, 67, 68, 70, 70, 67, 66, 70, 68, 69, 68, 68, 66, 67, 70,
    67, 67, 66, 68, 70, 69, 68, 69, 67, 70, 70, 70, 69, 68, 68, 68, 70,
    70, 69, 70, 71, 68, 70, 69, 67, 70, 70, 67, 68, 68, 68, 68, 68, 70,
    67 ]
