%YAML:1.0
---
videoName: "headShake35.mp4"
gestureLabel: 201
fps: 29
pixelSizeInCmTemp: 3.2364864864864862e-01
faceCenterPointX: 267
faceCenterPointY: 82
headPositionsX: [ 266, 265, 268, 264, 268, 265, 266, 266, 269, 269, 268,
    266, 266, 267, 269, 269, 266, 271, 270, 270, 269, 266, 269, 269, 269,
    268, 269, 270, 269, 267, 268, 267, 267, 267, 269, 268, 269, 266, 268,
    266, 270, 268, 267, 270, 268, 267, 270, 265, 265, 266, 268, 266, 270,
    265, 267, 269, 268, 268, 269, 268, 266, 266, 269, 269, 272, 274, 276,
    281, 282, 277, 277, 270, 268, 263, 262, 258, 260, 261, 263, 271, 274,
    275, 275, 272, 268, 269, 263, 260, 264, 259, 263, 262, 264, 268, 268,
    266, 266, 270, 265, 266 ]
headPositionsY: [ 81, 78, 80, 80, 81, 79, 81, 80, 80, 78, 81, 81, 82, 79,
    81, 79, 78, 80, 81, 80, 80, 80, 78, 80, 82, 81, 81, 82, 81, 82, 78,
    77, 83, 78, 82, 78, 79, 79, 82, 78, 83, 79, 80, 82, 81, 78, 82, 79,
    81, 80, 82, 81, 82, 82, 79, 83, 81, 81, 80, 80, 81, 80, 79, 83, 78,
    78, 82, 78, 78, 79, 82, 83, 79, 83, 82, 80, 80, 83, 81, 81, 83, 81,
    80, 81, 82, 80, 82, 82, 81, 79, 81, 79, 79, 79, 82, 79, 80, 80, 82,
    84 ]
