%YAML:1.0
---
videoName: "headShake42.mp4"
gestureLabel: 201
fps: 29
pixelSizeInCmTemp: 3.2808219178082193e-01
faceCenterPointX: 257
faceCenterPointY: 85
headPositionsX: [ 258, 272, 273, 274, 278, 274, 276, 277, 277, 274, 271,
    271, 268, 261, 258, 253, 250, 249, 245, 243, 244, 244, 244, 244, 242,
    246, 248, 251, 254, 258, 263, 266, 269, 277, 277, 278, 279, 278, 276,
    274, 275, 270, 265, 263, 260, 257, 256, 253, 252, 249, 248, 243, 245,
    247, 247, 247, 249, 249, 254, 255, 258, 261, 264, 266, 265, 270, 268,
    269, 266, 269, 268, 269, 266, 263, 263, 264, 263, 261, 260, 258, 259,
    257, 256, 256, 257, 255, 256, 257, 257, 257, 256, 256, 257, 259, 256,
    258, 257, 256, 256, 257 ]
headPositionsY: [ 83, 84, 80, 83, 80, 81, 83, 83, 84, 80, 84, 85, 85, 84,
    83, 82, 86, 82, 82, 81, 86, 83, 84, 83, 82, 84, 84, 86, 85, 85, 87,
    82, 82, 80, 83, 83, 83, 84, 84, 81, 85, 88, 87, 84, 85, 84, 88, 85,
    88, 85, 87, 87, 87, 87, 84, 85, 86, 85, 85, 85, 84, 86, 84, 83, 83,
    87, 86, 85, 86, 85, 86, 87, 86, 87, 84, 88, 86, 84, 85, 86, 88, 84,
    85, 86, 85, 83, 85, 86, 85, 84, 88, 88, 85, 87, 85, 83, 87, 85, 82,
    85 ]
