%YAML:1.0
---
videoName: "headLookRight0.mp4"
gestureLabel: 204
fps: 29
pixelSizeInCmTemp: 3.1933333333333330e-01
faceCenterPointX: 229
faceCenterPointY: 68
headPositionsX: [ 228, 258, 255, 255, 258, 254, 257, 255, 254, 254, 254,
    255, 254, 256, 258, 258, 256, 255, 255, 255, 259, 257, 255, 253, 258,
    257, 254, 256, 256, 259, 254, 257, 253, 255, 257, 255, 256, 254, 253,
    255, 253, 248, 246, 245, 243, 240, 236, 236, 236, 237, 232, 236, 234,
    231, 232, 232, 232, 236, 233, 231, 234, 234, 231, 234, 230, 233, 234,
    233, 233, 235, 231, 237, 233, 236, 235, 231, 231, 233, 230, 228, 234,
    230, 230, 230, 231, 229, 234, 230, 228, 228, 231, 232, 231, 228, 229,
    231, 228, 231, 229, 228 ]
headPositionsY: [ 69, 68, 65, 64, 66, 65, 64, 62, 67, 65, 67, 67, 66, 65,
    69, 66, 65, 64, 67, 68, 68, 68, 67, 68, 66, 66, 67, 67, 67, 67, 67,
    67, 69, 67, 68, 69, 67, 69, 70, 68, 69, 66, 65, 67, 66, 69, 68, 69,
    69, 68, 71, 66, 66, 70, 69, 70, 69, 69, 67, 68, 66, 69, 66, 67, 68,
    67, 66, 70, 69, 68, 66, 70, 69, 69, 70, 66, 67, 66, 71, 66, 67, 66,
    69, 68, 69, 69, 70, 70, 65, 67, 66, 68, 70, 71, 69, 69, 69, 64, 70,
    67 ]
