%YAML:1.0
---
videoName: "headNod19.mp4"
gestureLabel: 202
fps: 29
pixelSizeInCmTemp: 3.1933333333333330e-01
faceCenterPointX: 255
faceCenterPointY: 81
headPositionsX: [ 257, 257, 256, 255, 256, 256, 259, 256, 258, 258, 256,
    258, 257, 256, 254, 256, 252, 252, 254, 251, 252, 252, 252, 251, 250,
    252, 252, 249, 252, 252, 249, 251, 253, 253, 255, 255, 254, 253, 252,
    255, 256, 256, 255, 256, 253, 256, 253, 256, 258, 253, 257, 258, 254,
    258, 255, 253, 257, 256, 256, 255, 254, 254, 254, 258, 256, 257, 255,
    255, 257, 257, 255, 254, 254, 253, 254, 255, 254, 254, 257, 256, 254,
    255, 257, 256, 255, 256, 256, 255, 253, 254, 253, 256, 256, 258, 255,
    255, 255, 257, 256, 254 ]
headPositionsY: [ 79, 82, 83, 80, 81, 77, 75, 78, 74, 76, 78, 77, 79, 77,
    78, 75, 76, 78, 80, 80, 76, 79, 80, 79, 81, 79, 81, 79, 77, 78, 79,
    81, 78, 77, 81, 76, 77, 78, 76, 78, 79, 79, 78, 76, 79, 77, 79, 80,
    78, 78, 81, 77, 77, 81, 79, 77, 76, 80, 79, 80, 79, 79, 78, 77, 81,
    81, 80, 78, 74, 75, 75, 72, 75, 76, 78, 83, 83, 82, 83, 80, 78, 75,
    76, 79, 85, 86, 84, 83, 85, 81, 80, 80, 83, 81, 82, 80, 84, 83, 80,
    83 ]
