%YAML:1.0
---
videoName: "headLookUp9.mp4"
gestureLabel: 205
fps: 29
pixelSizeInCmTemp: 3.3732394366197183e-01
faceCenterPointX: 251
faceCenterPointY: 57
headPositionsX: [ 249, 254, 253, 251, 251, 251, 251, 249, 253, 250, 249,
    250, 254, 249, 250, 251, 252, 252, 252, 252, 254, 250, 250, 251, 251,
    250, 253, 250, 252, 251, 249, 250, 251, 249, 251, 251, 251, 251, 251,
    253, 250, 254, 249, 253, 252, 253, 254, 253, 251, 253, 254, 253, 250,
    249, 249, 251, 251, 253, 251, 251, 254, 249, 253, 252, 251, 249, 252,
    253, 251, 249, 251, 253, 250, 250, 252, 249, 251, 253, 251, 251, 249,
    252, 252, 252, 251, 249, 251, 252, 253, 251, 251, 252, 251, 254, 253,
    252, 253, 253, 251, 249 ]
headPositionsY: [ 57, 75, 75, 75, 74, 72, 76, 72, 74, 74, 74, 76, 77, 74,
    76, 72, 75, 72, 75, 75, 73, 74, 72, 75, 76, 72, 76, 75, 73, 72, 71,
    73, 73, 71, 69, 68, 69, 64, 69, 66, 64, 64, 62, 62, 60, 61, 60, 59,
    57, 58, 57, 61, 61, 59, 56, 60, 56, 59, 56, 55, 59, 58, 55, 57, 58,
    55, 58, 59, 57, 57, 57, 58, 57, 56, 57, 57, 59, 56, 57, 59, 57, 56,
    59, 55, 58, 55, 55, 55, 58, 56, 56, 56, 58, 57, 59, 59, 56, 58, 56,
    55 ]
