%YAML:1.0
---
videoName: "headNod20.mp4"
gestureLabel: 202
fps: 30
pixelSizeInCmTemp: 3.2808219178082193e-01
faceCenterPointX: 253
faceCenterPointY: 80
headPositionsX: [ 251, 258, 253, 257, 258, 257, 256, 255, 255, 254, 256,
    254, 253, 257, 257, 257, 255, 258, 255, 255, 257, 253, 256, 255, 257,
    253, 254, 256, 257, 258, 258, 255, 254, 257, 256, 255, 254, 255, 252,
    252, 255, 253, 252, 253, 254, 253, 253, 250, 255, 254, 252, 252, 253,
    253, 252, 253, 253, 253, 249, 251, 250, 251, 250, 253, 250, 253, 254,
    253, 253, 255, 251, 255, 251, 250, 251, 253, 255, 252, 253, 253, 250,
    252, 255, 255, 251, 254, 253, 254, 254, 252, 251, 255, 252, 252, 254,
    253, 254, 255, 251, 256 ]
headPositionsY: [ 82, 78, 75, 77, 76, 77, 79, 78, 80, 78, 78, 80, 76, 77,
    78, 75, 79, 76, 79, 78, 78, 78, 81, 79, 81, 77, 78, 79, 81, 82, 85,
    82, 87, 87, 86, 83, 78, 79, 76, 70, 72, 72, 73, 75, 79, 82, 84, 87,
    89, 88, 88, 83, 79, 80, 79, 75, 77, 80, 80, 81, 83, 85, 79, 77, 79,
    78, 82, 79, 80, 85, 83, 81, 77, 79, 77, 81, 83, 78, 81, 83, 83, 78,
    79, 82, 78, 81, 81, 83, 83, 80, 79, 79, 79, 78, 80, 79, 79, 81, 78,
    83 ]
