%YAML:1.0
---
videoName: "headLookDown7.mp4"
gestureLabel: 206
fps: 30
pixelSizeInCmTemp: 3.3732394366197183e-01
faceCenterPointX: 274
faceCenterPointY: 95
headPositionsX: [ 275, 275, 271, 274, 274, 275, 274, 272, 272, 272, 273,
    276, 273, 275, 274, 273, 275, 273, 275, 274, 275, 273, 272, 273, 272,
    275, 274, 272, 275, 276, 276, 274, 273, 274, 272, 274, 274, 275, 273,
    273, 274, 272, 274, 272, 272, 274, 272, 272, 274, 275, 272, 274, 272,
    276, 272, 274, 276, 277, 275, 274, 275, 273, 275, 273, 275, 275, 276,
    272, 275, 273, 276, 275, 275, 276, 273, 275, 275, 272, 276, 273, 273,
    274, 276, 276, 273, 274, 276, 275, 277, 278, 275, 277, 275, 276, 276,
    275, 276, 275, 273, 274 ]
headPositionsY: [ 96, 84, 85, 81, 84, 82, 81, 83, 80, 81, 84, 84, 83, 84,
    83, 81, 83, 84, 81, 81, 81, 84, 80, 84, 81, 81, 85, 82, 83, 81, 83,
    84, 84, 81, 81, 81, 82, 81, 82, 83, 85, 85, 81, 81, 81, 83, 81, 85,
    83, 84, 86, 86, 87, 87, 86, 88, 90, 89, 91, 93, 92, 95, 92, 95, 94,
    96, 96, 97, 96, 95, 94, 94, 96, 95, 94, 95, 98, 97, 97, 98, 98, 93,
    97, 95, 94, 93, 95, 93, 97, 97, 98, 95, 97, 94, 98, 97, 95, 98, 96,
    94 ]
