%YAML:1.0
---
videoName: "headShake37.mp4"
gestureLabel: 201
fps: 30
pixelSizeInCmTemp: 3.1933333333333330e-01
faceCenterPointX: 263
faceCenterPointY: 83
headPositionsX: [ 265, 258, 262, 260, 262, 261, 259, 261, 261, 262, 261,
    261, 264, 261, 263, 262, 264, 261, 261, 262, 263, 264, 260, 261, 264,
    262, 264, 263, 264, 260, 261, 260, 261, 264, 261, 263, 261, 264, 263,
    262, 262, 264, 260, 261, 261, 263, 263, 262, 266, 270, 274, 277, 282,
    279, 281, 279, 270, 264, 256, 256, 252, 252, 256, 259, 260, 268, 268,
    270, 272, 273, 270, 267, 263, 255, 252, 251, 254, 253, 258, 255, 259,
    259, 262, 267, 266, 268, 268, 266, 268, 264, 263, 262, 262, 264, 264,
    262, 261, 263, 264, 264 ]
headPositionsY: [ 83, 81, 84, 83, 83, 85, 85, 86, 83, 83, 81, 81, 84, 81,
    83, 84, 83, 80, 83, 83, 81, 81, 81, 82, 84, 81, 83, 81, 83, 84, 83,
    83, 82, 85, 83, 85, 82, 82, 84, 84, 81, 84, 84, 84, 81, 83, 82, 84,
    81, 81, 84, 80, 80, 80, 79, 80, 82, 81, 80, 82, 80, 83, 83, 84, 80,
    83, 82, 79, 83, 80, 80, 85, 83, 85, 82, 83, 85, 79, 83, 84, 81, 84,
    82, 83, 83, 83, 81, 84, 81, 83, 84, 82, 85, 82, 84, 85, 81, 85, 82,
    83 ]
