%YAML:1.0
---
videoName: "headShake25.mp4"
gestureLabel: 201
fps: 30
pixelSizeInCmTemp: 3.2364864864864862e-01
faceCenterPointX: 241
faceCenterPointY: 79
headPositionsX: [ 243, 253, 256, 255, 251, 251, 247, 249, 245, 241, 240,
    236, 234, 236, 230, 229, 228, 227, 229, 231, 232, 231, 234, 238, 240,
    240, 246, 246, 247, 249, 247, 250, 250, 247, 248, 245, 242, 238, 236,
    236, 233, 233, 231, 231, 228, 232, 230, 231, 231, 239, 239, 243, 243,
    248, 248, 249, 250, 249, 251, 251, 249, 251, 249, 246, 246, 241, 243,
    238, 235, 236, 236, 234, 232, 236, 235, 234, 238, 235, 234, 238, 237,
    239, 239, 243, 241, 240, 244, 244, 243, 243, 243, 241, 244, 241, 239,
    241, 241, 242, 242, 239 ]
headPositionsY: [ 81, 77, 75, 77, 75, 78, 78, 79, 78, 75, 77, 75, 78, 78,
    76, 80, 80, 77, 80, 78, 79, 78, 77, 78, 80, 78, 79, 78, 80, 80, 79,
    77, 81, 79, 80, 77, 77, 78, 78, 80, 79, 77, 76, 78, 77, 80, 78, 76,
    79, 80, 78, 77, 78, 77, 79, 80, 82, 76, 75, 79, 78, 80, 81, 79, 79,
    78, 77, 80, 80, 81, 78, 78, 78, 77, 79, 78, 79, 80, 77, 77, 80, 77,
    80, 80, 80, 81, 78, 79, 78, 81, 77, 80, 78, 78, 78, 77, 81, 80, 78,
    79 ]
