%YAML:1.0
---
videoName: "headShake32.mp4"
gestureLabel: 201
fps: 29
pixelSizeInCmTemp: 3.2808219178082193e-01
faceCenterPointX: 237
faceCenterPointY: 77
headPositionsX: [ 237, 237, 238, 234, 236, 240, 238, 239, 237, 239, 236,
    242, 241, 242, 238, 238, 239, 241, 241, 241, 242, 240, 241, 242, 240,
    241, 240, 239, 238, 240, 238, 239, 240, 238, 238, 237, 236, 242, 240,
    242, 242, 245, 245, 247, 250, 252, 250, 253, 252, 250, 249, 247, 248,
    244, 242, 237, 235, 235, 232, 229, 232, 226, 226, 229, 225, 226, 226,
    229, 230, 232, 234, 237, 243, 241, 248, 246, 246, 251, 251, 249, 248,
    248, 246, 244, 244, 245, 239, 242, 239, 240, 238, 236, 236, 240, 237,
    235, 240, 239, 236, 239 ]
headPositionsY: [ 79, 72, 73, 72, 74, 75, 70, 71, 75, 74, 74, 75, 75, 73,
    73, 75, 74, 76, 72, 75, 73, 73, 75, 73, 76, 76, 74, 75, 73, 76, 72,
    73, 73, 76, 77, 73, 75, 73, 75, 75, 75, 72, 73, 75, 74, 75, 72, 73,
    72, 75, 71, 74, 75, 78, 77, 75, 77, 76, 77, 78, 77, 73, 74, 75, 75,
    73, 78, 76, 74, 76, 75, 77, 76, 75, 73, 77, 73, 73, 76, 76, 77, 75,
    75, 78, 79, 79, 77, 78, 79, 79, 76, 78, 79, 75, 78, 79, 80, 75, 75,
    77 ]
