%YAML:1.0
---
videoName: "headLookRight4.mp4"
gestureLabel: 204
fps: 30
pixelSizeInCmTemp: 3.4214285714285714e-01
faceCenterPointX: 228
faceCenterPointY: 75
headPositionsX: [ 227, 251, 255, 252, 254, 251, 252, 252, 256, 255, 254,
    256, 253, 252, 255, 254, 255, 255, 253, 251, 254, 254, 253, 249, 251,
    253, 249, 250, 254, 250, 248, 247, 248, 247, 243, 242, 240, 238, 236,
    236, 234, 233, 230, 228, 232, 228, 230, 230, 229, 226, 229, 228, 228,
    229, 229, 225, 225, 229, 230, 228, 229, 225, 227, 225, 224, 227, 227,
    224, 225, 225, 223, 228, 225, 223, 226, 229, 226, 226, 228, 225, 228,
    227, 227, 226, 224, 224, 224, 224, 225, 231, 228, 227, 226, 229, 230,
    228, 226, 226, 224, 227 ]
headPositionsY: [ 75, 70, 72, 72, 70, 70, 73, 71, 73, 73, 70, 70, 70, 74,
    72, 73, 74, 76, 72, 75, 73, 71, 71, 74, 75, 74, 73, 74, 73, 73, 75,
    72, 72, 72, 73, 71, 71, 72, 72, 75, 71, 75, 70, 72, 73, 72, 73, 71,
    75, 72, 73, 74, 76, 73, 73, 74, 75, 73, 76, 74, 77, 72, 73, 74, 73,
    73, 76, 77, 73, 73, 76, 72, 75, 73, 78, 73, 75, 77, 77, 76, 74, 76,
    73, 73, 74, 77, 77, 76, 75, 75, 76, 73, 76, 78, 75, 73, 76, 75, 76,
    76 ]
