%YAML:1.0
---
videoName: "headNod25.mp4"
gestureLabel: 202
fps: 29
pixelSizeInCmTemp: 3.1933333333333330e-01
faceCenterPointX: 270
faceCenterPointY: 75
headPositionsX: [ 268, 269, 272, 273, 273, 272, 271, 272, 270, 268, 267,
    270, 270, 267, 272, 271, 269, 271, 269, 270, 272, 273, 272, 273, 274,
    272, 272, 271, 272, 270, 271, 271, 274, 274, 275, 274, 271, 270, 274,
    270, 272, 272, 271, 271, 273, 273, 269, 274, 270, 273, 273, 273, 269,
    274, 274, 272, 272, 271, 270, 270, 270, 272, 272, 273, 272, 271, 270,
    270, 268, 269, 270, 270, 272, 271, 269, 270, 271, 271, 272, 268, 273,
    273, 272, 270, 270, 272, 270, 273, 271, 271, 269, 272, 271, 272, 270,
    270, 268, 272, 270, 271 ]
headPositionsY: [ 76, 73, 73, 72, 72, 71, 74, 72, 72, 73, 72, 76, 74, 75,
    75, 73, 76, 72, 75, 77, 76, 76, 75, 76, 73, 75, 73, 72, 77, 72, 75,
    77, 75, 74, 77, 76, 74, 76, 76, 73, 73, 76, 72, 77, 76, 75, 75, 76,
    72, 72, 70, 69, 64, 67, 62, 63, 67, 66, 66, 71, 71, 77, 78, 81, 89,
    90, 88, 85, 83, 80, 77, 73, 73, 73, 71, 67, 70, 67, 71, 71, 76, 79,
    81, 81, 83, 80, 80, 76, 76, 76, 77, 77, 77, 77, 76, 77, 76, 73, 73,
    76 ]
