%YAML:1.0
---
videoName: "headLookUp5.mp4"
gestureLabel: 205
fps: 29
pixelSizeInCmTemp: 3.6287878787878786e-01
faceCenterPointX: 256
faceCenterPointY: 67
headPositionsX: [ 257, 255, 258, 258, 256, 259, 255, 257, 255, 255, 254,
    259, 258, 257, 257, 255, 254, 257, 256, 258, 256, 255, 256, 258, 258,
    257, 255, 255, 254, 257, 254, 257, 258, 254, 256, 254, 257, 256, 258,
    256, 256, 257, 254, 255, 257, 259, 255, 256, 255, 258, 257, 258, 255,
    258, 256, 255, 257, 258, 253, 256, 255, 255, 255, 253, 257, 255, 254,
    253, 257, 257, 257, 256, 259, 256, 254, 255, 256, 254, 255, 256, 257,
    254, 256, 254, 254, 256, 255, 256, 255, 253, 255, 258, 253, 256, 257,
    254, 255, 257, 258, 257 ]
headPositionsY: [ 69, 81, 80, 82, 80, 84, 81, 83, 79, 80, 81, 80, 81, 83,
    80, 80, 80, 83, 83, 82, 79, 81, 82, 80, 83, 81, 82, 81, 78, 78, 78,
    80, 78, 77, 80, 78, 77, 72, 72, 70, 68, 71, 71, 69, 69, 67, 66, 70,
    70, 69, 70, 71, 67, 68, 66, 67, 66, 70, 69, 69, 66, 68, 69, 69, 68,
    65, 66, 68, 65, 66, 66, 69, 67, 69, 69, 69, 66, 69, 67, 69, 65, 69,
    66, 66, 66, 68, 67, 67, 69, 69, 68, 65, 65, 67, 68, 67, 67, 66, 68,
    65 ]
