%YAML:1.0
---
videoName: "headLookLeft2.mp4"
gestureLabel: 203
fps: 29
pixelSizeInCmTemp: 3.6846153846153845e-01
faceCenterPointX: 278
faceCenterPointY: 74
headPositionsX: [ 278, 259, 259, 259, 261, 259, 258, 257, 259, 261, 259,
    261, 260, 260, 261, 258, 258, 260, 262, 262, 265, 266, 267, 268, 266,
    269, 269, 274, 275, 274, 277, 278, 275, 280, 280, 283, 280, 281, 276,
    279, 278, 282, 281, 278, 281, 281, 282, 281, 285, 278, 281, 284, 283,
    279, 277, 280, 277, 273, 280, 279, 283, 278, 280, 280, 277, 281, 281,
    285, 279, 281, 281, 281, 282, 273, 277, 280, 275, 280, 278, 279, 280,
    279, 277, 279, 283, 277, 283, 281, 278, 280, 283, 280, 283, 278, 280,
    281, 282, 281, 289, 282 ]
headPositionsY: [ 76, 75, 73, 78, 73, 75, 74, 75, 74, 78, 76, 75, 74, 73,
    74, 74, 74, 76, 75, 77, 73, 74, 75, 77, 73, 75, 75, 78, 75, 73, 75,
    73, 74, 76, 72, 77, 76, 74, 74, 74, 74, 76, 77, 73, 74, 74, 76, 76,
    77, 75, 73, 78, 73, 76, 75, 74, 72, 76, 71, 76, 74, 74, 74, 73, 76,
    72, 76, 75, 76, 75, 72, 73, 77, 72, 72, 74, 74, 74, 73, 76, 73, 75,
    73, 73, 75, 70, 72, 75, 73, 73, 73, 72, 76, 74, 74, 72, 75, 75, 78,
    71 ]
