%YAML:1.0
---
videoName: "headLookRight6.mp4"
gestureLabel: 204
fps: 29
pixelSizeInCmTemp: 3.8015873015873014e-01
faceCenterPointX: 226
faceCenterPointY: 72
headPositionsX: [ 226, 251, 247, 247, 247, 250, 250, 248, 247, 249, 248,
    251, 249, 249, 248, 249, 252, 248, 250, 251, 252, 249, 249, 251, 252,
    252, 251, 254, 252, 249, 253, 250, 251, 247, 247, 247, 244, 242, 236,
    234, 230, 229, 226, 228, 227, 225, 226, 225, 226, 226, 223, 223, 225,
    227, 228, 228, 229, 228, 225, 230, 230, 226, 230, 223, 225, 225, 226,
    227, 231, 225, 225, 225, 227, 230, 224, 226, 230, 226, 226, 229, 225,
    230, 225, 227, 225, 227, 230, 232, 228, 226, 224, 227, 232, 228, 227,
    227, 225, 227, 229, 224 ]
headPositionsY: [ 73, 71, 69, 74, 70, 71, 74, 75, 71, 72, 74, 73, 73, 72,
    74, 73, 74, 76, 74, 75, 75, 77, 75, 73, 74, 72, 75, 72, 75, 73, 72,
    74, 75, 75, 73, 73, 72, 76, 71, 75, 75, 73, 73, 73, 75, 74, 72, 70,
    76, 75, 76, 68, 73, 76, 74, 76, 77, 75, 73, 74, 77, 72, 75, 69, 76,
    71, 74, 74, 78, 76, 74, 74, 74, 72, 71, 74, 74, 75, 74, 77, 76, 73,
    71, 69, 73, 73, 77, 73, 75, 72, 73, 74, 73, 76, 70, 76, 70, 72, 74,
    70 ]
