%YAML:1.0
---
videoName: "headShake42.mp4"
gestureLabel: 201
fps: 29
pixelSizeInCmTemp: 3.2808219178082193e-01
faceCenterPointX: 257
faceCenterPointY: 85
headPositionsX: [ 259, 275, 276, 276, 278, 275, 280, 275, 277, 271, 272,
    270, 267, 264, 258, 254, 252, 250, 249, 247, 244, 244, 243, 243, 245,
    243, 249, 253, 252, 258, 263, 265, 273, 274, 279, 280, 277, 278, 279,
    277, 274, 270, 267, 267, 263, 260, 257, 253, 252, 247, 245, 244, 243,
    244, 247, 247, 247, 250, 255, 255, 261, 263, 265, 267, 266, 270, 267,
    270, 268, 269, 269, 267, 267, 265, 265, 265, 263, 263, 258, 261, 257,
    259, 258, 258, 258, 256, 255, 255, 258, 257, 257, 258, 258, 257, 256,
    257, 255, 257, 258, 256 ]
headPositionsY: [ 84, 85, 82, 82, 80, 79, 83, 83, 82, 82, 83, 85, 83, 82,
    86, 81, 85, 85, 86, 81, 86, 82, 84, 85, 83, 81, 86, 83, 87, 86, 84,
    86, 81, 84, 84, 84, 83, 82, 81, 81, 82, 85, 86, 85, 85, 86, 86, 84,
    88, 86, 87, 84, 83, 85, 86, 84, 86, 85, 87, 88, 87, 85, 85, 86, 86,
    86, 84, 84, 83, 86, 85, 86, 88, 88, 87, 85, 85, 85, 84, 85, 87, 86,
    86, 83, 85, 86, 86, 84, 85, 84, 88, 85, 84, 86, 83, 86, 86, 87, 85,
    83 ]
