%YAML:1.0
---
videoName: "headNod40.mp4"
gestureLabel: 202
fps: 29
pixelSizeInCmTemp: 2.8511904761904761e-01
faceCenterPointX: 267
faceCenterPointY: 78
headPositionsX: [ 267, 269, 267, 269, 269, 270, 267, 266, 269, 268, 266,
    269, 270, 267, 268, 268, 266, 269, 269, 269, 268, 267, 270, 266, 268,
    269, 269, 269, 269, 267, 267, 267, 267, 270, 268, 268, 269, 269, 270,
    269, 267, 268, 264, 265, 266, 263, 266, 264, 267, 265, 264, 264, 264,
    266, 265, 266, 267, 265, 265, 268, 266, 265, 266, 267, 264, 266, 264,
    267, 266, 265, 265, 266, 266, 269, 267, 266, 268, 267, 265, 269, 267,
    266, 267, 265, 266, 266, 265, 268, 267, 269, 268, 266, 267, 266, 269,
    268, 265, 266, 268, 268 ]
headPositionsY: [ 79, 78, 78, 74, 78, 74, 77, 76, 76, 78, 74, 76, 75, 73,
    74, 78, 74, 76, 76, 76, 78, 75, 78, 76, 74, 77, 78, 77, 76, 76, 75,
    77, 76, 75, 76, 74, 76, 74, 76, 76, 81, 89, 89, 95, 98, 98, 94, 93,
    89, 81, 80, 78, 78, 70, 66, 70, 69, 68, 69, 73, 79, 86, 84, 87, 85,
    80, 77, 78, 75, 72, 72, 73, 73, 76, 76, 76, 80, 81, 81, 79, 81, 77,
    81, 79, 77, 79, 79, 78, 78, 78, 79, 78, 77, 76, 78, 75, 79, 76, 77,
    79 ]
