%YAML:1.0
---
videoName: "headLookUp0.mp4"
gestureLabel: 205
fps: 29
pixelSizeInCmTemp: 3.6846153846153845e-01
faceCenterPointX: 258
faceCenterPointY: 66
headPositionsX: [ 257, 260, 258, 258, 257, 258, 259, 257, 261, 259, 258,
    258, 261, 257, 260, 261, 258, 262, 260, 261, 257, 259, 259, 259, 259,
    259, 259, 259, 260, 262, 261, 260, 261, 260, 260, 258, 261, 261, 256,
    257, 257, 257, 259, 256, 257, 259, 258, 259, 261, 255, 259, 258, 256,
    259, 259, 260, 256, 257, 258, 257, 258, 259, 259, 258, 259, 258, 257,
    257, 258, 256, 261, 260, 258, 260, 259, 258, 257, 258, 259, 257, 258,
    258, 258, 259, 257, 256, 259, 255, 255, 256, 257, 259, 258, 259, 260,
    259, 260, 256, 259, 261 ]
headPositionsY: [ 66, 83, 82, 81, 78, 80, 80, 80, 81, 81, 79, 82, 81, 78,
    79, 76, 79, 75, 75, 75, 71, 72, 69, 70, 71, 66, 66, 65, 67, 70, 67,
    66, 68, 67, 67, 67, 66, 69, 66, 64, 65, 66, 69, 67, 67, 69, 64, 68,
    69, 66, 65, 66, 69, 66, 66, 69, 66, 65, 65, 67, 68, 66, 69, 67, 67,
    67, 69, 69, 66, 64, 63, 69, 69, 69, 66, 66, 65, 70, 70, 66, 66, 67,
    68, 69, 67, 67, 67, 70, 68, 66, 67, 68, 70, 71, 66, 68, 70, 67, 70,
    67 ]
