%YAML:1.0
---
videoName: "headNod38.mp4"
gestureLabel: 202
fps: 29
pixelSizeInCmTemp: 2.9937500000000000e-01
faceCenterPointX: 267
faceCenterPointY: 73
headPositionsX: [ 269, 268, 265, 268, 267, 266, 265, 266, 268, 268, 265,
    266, 264, 267, 269, 266, 264, 266, 265, 265, 268, 265, 268, 266, 268,
    264, 266, 267, 266, 264, 264, 263, 263, 267, 263, 266, 267, 264, 266,
    266, 265, 267, 267, 265, 267, 269, 267, 268, 270, 267, 269, 268, 266,
    268, 268, 269, 269, 270, 266, 270, 266, 266, 269, 268, 270, 267, 268,
    270, 268, 270, 269, 267, 270, 267, 268, 269, 266, 270, 268, 267, 268,
    270, 267, 267, 265, 269, 268, 269, 267, 269, 269, 265, 265, 271, 267,
    266, 268, 267, 266, 266 ]
headPositionsY: [ 74, 73, 76, 76, 76, 79, 83, 88, 84, 82, 82, 79, 78, 74,
    79, 82, 85, 83, 87, 84, 83, 78, 76, 77, 76, 76, 80, 87, 88, 87, 88,
    88, 81, 80, 75, 75, 74, 76, 78, 79, 84, 87, 87, 89, 85, 83, 79, 77,
    74, 72, 70, 69, 71, 74, 81, 84, 83, 87, 84, 81, 80, 76, 76, 77, 72,
    72, 69, 74, 74, 75, 76, 81, 82, 84, 84, 83, 84, 79, 79, 78, 73, 75,
    74, 73, 73, 74, 71, 73, 74, 72, 74, 73, 74, 72, 71, 72, 72, 72, 71,
    72 ]
