%YAML:1.0
---
videoName: "headShake18.mp4"
gestureLabel: 201
fps: 30
pixelSizeInCmTemp: 3.2808219178082193e-01
faceCenterPointX: 240
faceCenterPointY: 77
headPositionsX: [ 242, 240, 240, 241, 241, 241, 242, 243, 243, 240, 240,
    242, 240, 241, 242, 241, 242, 240, 243, 239, 240, 242, 241, 241, 240,
    238, 241, 240, 238, 238, 241, 240, 240, 237, 237, 241, 244, 248, 251,
    250, 252, 251, 248, 251, 247, 244, 239, 235, 233, 229, 230, 229, 236,
    240, 240, 247, 250, 250, 246, 246, 246, 240, 240, 234, 232, 234, 237,
    237, 239, 240, 244, 241, 245, 245, 243, 240, 239, 235, 235, 238, 238,
    235, 238, 236, 240, 238, 241, 244, 241, 243, 241, 243, 243, 240, 240,
    238, 242, 242, 241, 239 ]
headPositionsY: [ 77, 73, 76, 74, 77, 76, 73, 73, 77, 77, 73, 78, 74, 77,
    76, 78, 78, 77, 76, 76, 75, 75, 77, 77, 75, 76, 77, 74, 74, 75, 77,
    76, 77, 75, 75, 76, 76, 74, 76, 78, 77, 77, 76, 75, 77, 78, 74, 79,
    77, 76, 73, 75, 75, 75, 74, 76, 76, 78, 78, 77, 76, 75, 77, 79, 75,
    77, 79, 74, 78, 76, 77, 75, 80, 79, 77, 75, 75, 78, 78, 77, 75, 75,
    76, 78, 78, 77, 75, 76, 75, 76, 76, 76, 79, 78, 75, 79, 79, 75, 78,
    78 ]
