%YAML:1.0
---
videoName: "headShake25.mp4"
gestureLabel: 201
fps: 30
pixelSizeInCmTemp: 3.2364864864864862e-01
faceCenterPointX: 241
faceCenterPointY: 79
headPositionsX: [ 239, 253, 256, 251, 253, 252, 251, 250, 248, 242, 241,
    236, 236, 236, 230, 231, 228, 231, 231, 230, 233, 233, 233, 234, 240,
    243, 246, 248, 247, 248, 247, 248, 249, 247, 248, 243, 243, 238, 236,
    236, 235, 231, 233, 228, 230, 228, 233, 231, 233, 235, 241, 243, 242,
    247, 245, 247, 250, 248, 253, 251, 253, 251, 249, 244, 243, 242, 243,
    239, 236, 239, 233, 237, 233, 237, 237, 235, 234, 237, 234, 237, 238,
    237, 242, 240, 239, 242, 244, 243, 242, 244, 242, 242, 243, 241, 243,
    242, 242, 240, 242, 240 ]
headPositionsY: [ 81, 77, 76, 78, 74, 78, 75, 78, 80, 78, 77, 78, 78, 78,
    75, 76, 77, 77, 76, 80, 79, 77, 76, 79, 76, 79, 80, 79, 77, 76, 79,
    77, 78, 77, 78, 81, 80, 80, 80, 77, 77, 78, 76, 78, 76, 78, 77, 77,
    80, 81, 77, 79, 77, 79, 80, 79, 80, 77, 75, 80, 79, 79, 77, 78, 78,
    80, 80, 78, 79, 78, 80, 77, 78, 79, 76, 78, 77, 76, 80, 79, 81, 76,
    80, 77, 78, 79, 80, 79, 78, 81, 81, 79, 79, 79, 79, 81, 78, 79, 79,
    78 ]
