%YAML:1.0
---
videoName: "headLookLeft0.mp4"
gestureLabel: 203
fps: 29
pixelSizeInCmTemp: 3.6287878787878786e-01
faceCenterPointX: 286
faceCenterPointY: 69
headPositionsX: [ 286, 257, 254, 257, 255, 253, 251, 252, 253, 251, 251,
    255, 251, 255, 253, 256, 253, 251, 252, 252, 253, 255, 254, 256, 256,
    256, 256, 255, 252, 252, 254, 253, 253, 253, 256, 253, 257, 258, 255,
    257, 257, 257, 254, 257, 257, 256, 254, 255, 256, 254, 255, 254, 253,
    255, 253, 253, 257, 257, 253, 255, 257, 256, 256, 257, 254, 254, 254,
    256, 253, 255, 257, 256, 253, 253, 256, 254, 254, 257, 258, 262, 260,
    266, 265, 268, 268, 270, 273, 278, 285, 277, 282, 274, 283, 281, 285,
    288, 284, 288, 286, 288 ]
headPositionsY: [ 71, 71, 68, 70, 67, 71, 66, 68, 69, 68, 71, 71, 72, 71,
    68, 71, 69, 67, 67, 71, 71, 68, 67, 68, 70, 69, 72, 71, 70, 71, 69,
    72, 68, 70, 70, 72, 70, 70, 71, 70, 68, 71, 72, 71, 69, 69, 70, 70,
    71, 70, 71, 72, 69, 70, 73, 69, 71, 72, 72, 70, 74, 71, 74, 69, 72,
    71, 72, 70, 72, 73, 73, 71, 74, 70, 72, 74, 73, 72, 74, 71, 70, 70,
    70, 72, 69, 68, 70, 71, 69, 67, 64, 65, 66, 67, 69, 71, 67, 67, 70,
    67 ]
