%YAML:1.0
---
videoName: "headShake4.mp4"
gestureLabel: 201
fps: 30
pixelSizeInCmTemp: 3.2364864864864862e-01
faceCenterPointX: 237
faceCenterPointY: 101
headPositionsX: [ 237, 241, 246, 249, 250, 254, 253, 252, 253, 249, 242,
    239, 231, 225, 225, 223, 226, 232, 238, 242, 247, 251, 251, 250, 251,
    246, 242, 234, 229, 226, 222, 222, 223, 230, 232, 239, 248, 250, 253,
    258, 253, 252, 245, 244, 239, 230, 227, 225, 224, 224, 228, 232, 233,
    238, 243, 246, 247, 248, 249, 249, 247, 243, 239, 239, 234, 230, 228,
    231, 228, 230, 233, 234, 233, 237, 239, 242, 241, 240, 243, 240, 243,
    242, 241, 237, 238, 235, 236, 237, 238, 237, 234, 238, 234, 235, 237,
    237, 236, 238, 235, 236 ]
headPositionsY: [ 101, 97, 96, 97, 98, 97, 100, 100, 100, 98, 101, 100,
    101, 97, 99, 100, 98, 100, 102, 100, 96, 98, 99, 100, 101, 100, 102,
    101, 100, 97, 98, 97, 98, 99, 98, 100, 100, 99, 100, 101, 99, 97, 97,
    103, 101, 98, 100, 101, 100, 101, 99, 99, 101, 100, 102, 98, 100, 98,
    98, 97, 102, 102, 102, 99, 99, 99, 101, 98, 101, 100, 100, 99, 101,
    100, 101, 99, 100, 101, 100, 101, 98, 103, 102, 98, 98, 103, 102, 98,
    101, 100, 97, 100, 101, 100, 98, 103, 101, 98, 102, 99 ]
