%YAML:1.0
---
videoName: "headShake19.mp4"
gestureLabel: 201
fps: 29
pixelSizeInCmTemp: 3.1933333333333330e-01
faceCenterPointX: 243
faceCenterPointY: 78
headPositionsX: [ 243, 242, 243, 244, 243, 242, 243, 243, 244, 241, 244,
    245, 244, 245, 243, 241, 242, 242, 241, 242, 241, 244, 241, 241, 241,
    242, 243, 242, 244, 245, 242, 240, 243, 242, 241, 239, 240, 235, 236,
    232, 234, 233, 239, 242, 248, 251, 255, 255, 257, 252, 249, 244, 236,
    233, 231, 232, 231, 231, 238, 240, 247, 249, 248, 247, 246, 246, 240,
    241, 237, 237, 237, 237, 236, 238, 243, 242, 246, 248, 246, 243, 246,
    245, 242, 244, 239, 243, 241, 240, 241, 241, 242, 241, 242, 240, 241,
    240, 242, 245, 244, 241 ]
headPositionsY: [ 78, 78, 78, 76, 75, 76, 78, 77, 76, 78, 78, 77, 74, 76,
    79, 74, 76, 78, 75, 78, 77, 76, 75, 75, 78, 77, 75, 77, 75, 76, 77,
    76, 76, 77, 77, 75, 79, 77, 75, 77, 77, 75, 77, 78, 75, 75, 78, 74,
    74, 77, 75, 79, 76, 74, 75, 74, 74, 74, 79, 78, 76, 78, 76, 75, 80,
    78, 78, 79, 79, 76, 79, 80, 75, 76, 77, 76, 77, 80, 79, 77, 80, 80,
    77, 77, 78, 80, 77, 81, 79, 80, 78, 78, 79, 80, 76, 80, 77, 76, 79,
    78 ]
