%YAML:1.0
---
videoName: "headShake0.mp4"
gestureLabel: 201
fps: 29
pixelSizeInCmTemp: 3.2808219178082193e-01
faceCenterPointX: 279
faceCenterPointY: 94
headPositionsX: [ 279, 277, 281, 280, 280, 278, 280, 280, 278, 277, 277,
    279, 277, 279, 276, 279, 277, 280, 281, 281, 278, 279, 280, 278, 277,
    278, 280, 277, 281, 280, 278, 281, 278, 279, 278, 277, 280, 278, 280,
    277, 280, 279, 285, 287, 291, 294, 301, 300, 300, 301, 299, 295, 287,
    281, 277, 274, 272, 274, 276, 277, 281, 288, 289, 290, 288, 289, 285,
    280, 280, 274, 273, 272, 274, 275, 281, 280, 284, 283, 286, 285, 279,
    277, 275, 275, 275, 275, 278, 278, 278, 280, 277, 278, 280, 280, 279,
    278, 280, 280, 280, 278 ]
headPositionsY: [ 95, 91, 92, 91, 93, 92, 95, 94, 93, 95, 95, 92, 94, 95,
    95, 92, 93, 91, 92, 92, 96, 92, 91, 94, 94, 95, 91, 91, 94, 90, 90,
    92, 91, 93, 91, 91, 93, 95, 91, 96, 95, 92, 92, 89, 92, 92, 91, 93,
    93, 89, 92, 92, 92, 95, 93, 94, 94, 93, 92, 90, 91, 94, 91, 91, 91,
    94, 93, 91, 95, 93, 95, 91, 90, 94, 92, 91, 95, 91, 91, 92, 94, 95,
    92, 93, 94, 95, 96, 92, 93, 96, 95, 96, 92, 93, 97, 95, 96, 96, 96,
    97 ]
