%YAML:1.0
---
videoName: "headLookLeft4.mp4"
gestureLabel: 203
fps: 29
pixelSizeInCmTemp: 3.4710144927536229e-01
faceCenterPointX: 288
faceCenterPointY: 74
headPositionsX: [ 290, 264, 268, 264, 267, 266, 266, 270, 274, 274, 275,
    277, 281, 283, 284, 291, 296, 294, 295, 297, 298, 295, 295, 295, 290,
    293, 293, 295, 298, 294, 295, 296, 295, 292, 290, 295, 292, 292, 297,
    293, 289, 292, 295, 296, 295, 291, 289, 290, 290, 290, 293, 290, 293,
    290, 288, 286, 289, 289, 288, 289, 288, 290, 293, 289, 290, 290, 288,
    288, 288, 292, 288, 291, 290, 290, 290, 292, 290, 289, 294, 290, 291,
    292, 290, 294, 288, 293, 288, 287, 291, 290, 290, 291, 289, 289, 292,
    290, 289, 288, 287, 287 ]
headPositionsY: [ 73, 78, 80, 80, 78, 78, 77, 79, 80, 77, 79, 78, 77, 76,
    77, 77, 77, 78, 75, 81, 77, 79, 76, 78, 76, 77, 76, 77, 76, 79, 79,
    77, 79, 74, 76, 74, 82, 73, 76, 76, 75, 73, 73, 75, 75, 74, 73, 76,
    74, 76, 76, 76, 73, 74, 75, 74, 74, 75, 71, 75, 76, 73, 75, 73, 75,
    76, 74, 72, 74, 76, 74, 74, 75, 75, 72, 75, 75, 73, 78, 75, 78, 73,
    76, 75, 72, 73, 73, 73, 77, 75, 77, 77, 76, 73, 74, 75, 77, 72, 74,
    74 ]
