%YAML:1.0
---
videoName: "headShake13.mp4"
gestureLabel: 201
fps: 29
pixelSizeInCmTemp: 3.2364864864864862e-01
faceCenterPointX: 241
faceCenterPointY: 77
headPositionsX: [ 240, 243, 242, 242, 243, 240, 242, 240, 241, 239, 241,
    242, 242, 243, 239, 241, 242, 244, 240, 243, 240, 243, 242, 243, 240,
    240, 242, 239, 239, 241, 240, 240, 239, 241, 245, 248, 249, 258, 257,
    260, 264, 264, 258, 257, 248, 245, 239, 236, 232, 229, 232, 230, 237,
    238, 243, 247, 248, 248, 250, 246, 242, 240, 238, 232, 233, 233, 233,
    235, 236, 241, 247, 249, 252, 252, 248, 249, 250, 245, 243, 237, 236,
    232, 233, 234, 232, 233, 237, 241, 240, 244, 245, 243, 246, 244, 244,
    246, 243, 242, 240, 241 ]
headPositionsY: [ 77, 76, 77, 78, 76, 76, 77, 76, 78, 74, 75, 79, 76, 77,
    78, 77, 75, 75, 77, 77, 77, 78, 76, 76, 78, 75, 76, 75, 77, 76, 78,
    76, 76, 76, 75, 78, 74, 75, 73, 73, 76, 72, 76, 77, 75, 76, 76, 78,
    79, 78, 75, 76, 74, 75, 75, 78, 75, 78, 78, 78, 75, 77, 74, 78, 76,
    77, 75, 78, 77, 76, 74, 77, 77, 78, 76, 75, 75, 78, 78, 79, 77, 78,
    74, 74, 79, 78, 76, 75, 76, 76, 78, 73, 76, 74, 76, 74, 78, 75, 76,
    77 ]
