%YAML:1.0
---
videoName: "headNod43.mp4"
gestureLabel: 202
fps: 29
pixelSizeInCmTemp: 2.8855421686746985e-01
faceCenterPointX: 268
faceCenterPointY: 74
headPositionsX: [ 270, 271, 270, 269, 269, 268, 270, 270, 272, 269, 268,
    267, 268, 270, 268, 267, 270, 268, 268, 267, 268, 269, 267, 270, 265,
    268, 267, 268, 266, 264, 264, 267, 266, 266, 266, 263, 268, 263, 263,
    266, 266, 266, 264, 265, 263, 267, 265, 266, 266, 265, 264, 266, 262,
    266, 263, 263, 262, 266, 263, 267, 266, 264, 265, 266, 267, 265, 267,
    267, 265, 267, 267, 269, 268, 269, 267, 268, 268, 268, 268, 269, 267,
    268, 270, 268, 271, 268, 270, 266, 267, 269, 269, 269, 267, 268, 270,
    268, 269, 266, 268, 269 ]
headPositionsY: [ 72, 77, 78, 78, 77, 78, 75, 77, 75, 75, 77, 76, 76, 75,
    76, 76, 73, 76, 73, 73, 73, 76, 73, 77, 74, 78, 80, 82, 86, 92, 91,
    86, 86, 83, 80, 79, 77, 82, 83, 86, 88, 89, 88, 87, 82, 83, 78, 84,
    81, 84, 87, 92, 92, 91, 86, 84, 83, 80, 81, 86, 89, 87, 91, 89, 91,
    84, 82, 82, 79, 77, 77, 79, 82, 89, 91, 91, 92, 88, 82, 83, 80, 77,
    72, 72, 72, 70, 72, 72, 75, 74, 71, 76, 74, 73, 71, 72, 73, 74, 76,
    75 ]
