%YAML:1.0
---
videoName: "headNod10.mp4"
gestureLabel: 202
fps: 29
pixelSizeInCmTemp: 3.2808219178082193e-01
faceCenterPointX: 260
faceCenterPointY: 67
headPositionsX: [ 261, 257, 257, 259, 257, 257, 256, 259, 258, 256, 260,
    260, 257, 260, 260, 259, 256, 256, 259, 259, 257, 259, 259, 260, 261,
    261, 260, 261, 256, 256, 258, 261, 258, 258, 259, 258, 261, 257, 261,
    260, 258, 261, 261, 259, 261, 262, 259, 258, 260, 263, 259, 260, 258,
    261, 262, 261, 260, 260, 258, 262, 263, 259, 260, 263, 261, 258, 259,
    258, 257, 261, 256, 259, 258, 258, 258, 260, 258, 260, 257, 261, 258,
    259, 257, 259, 259, 260, 259, 259, 259, 259, 260, 258, 259, 259, 258,
    259, 261, 262, 258, 259 ]
headPositionsY: [ 69, 72, 68, 70, 69, 71, 72, 69, 70, 69, 71, 69, 69, 68,
    69, 71, 71, 72, 68, 71, 69, 72, 67, 72, 68, 72, 70, 70, 72, 68, 72,
    68, 69, 69, 70, 70, 73, 71, 70, 71, 71, 72, 71, 69, 68, 68, 67, 60,
    63, 64, 66, 64, 70, 70, 72, 75, 70, 70, 67, 64, 65, 66, 63, 64, 66,
    68, 72, 73, 77, 77, 76, 74, 68, 66, 67, 64, 65, 69, 68, 74, 77, 78,
    74, 72, 70, 71, 69, 68, 69, 68, 65, 67, 67, 67, 68, 67, 65, 69, 68,
    69 ]
