%YAML:1.0
---
videoName: "headNod16.mp4"
gestureLabel: 202
fps: 29
pixelSizeInCmTemp: 3.3263888888888887e-01
faceCenterPointX: 255
faceCenterPointY: 77
headPositionsX: [ 255, 257, 261, 258, 258, 260, 258, 259, 258, 260, 260,
    261, 257, 261, 257, 259, 260, 257, 259, 260, 258, 257, 260, 259, 259,
    259, 257, 261, 260, 258, 261, 258, 259, 259, 258, 260, 259, 260, 259,
    261, 258, 257, 258, 261, 259, 257, 261, 257, 259, 257, 258, 256, 255,
    256, 257, 259, 255, 256, 256, 255, 256, 260, 254, 257, 254, 256, 254,
    253, 257, 255, 254, 257, 254, 255, 257, 254, 254, 255, 257, 254, 256,
    255, 253, 254, 256, 256, 257, 256, 255, 257, 254, 256, 253, 254, 253,
    257, 254, 257, 257, 253 ]
headPositionsY: [ 75, 76, 74, 76, 76, 76, 76, 74, 74, 74, 74, 74, 75, 74,
    76, 76, 76, 76, 73, 76, 75, 72, 73, 76, 77, 75, 74, 76, 75, 76, 74,
    74, 76, 72, 75, 72, 69, 70, 69, 68, 71, 70, 69, 73, 75, 79, 79, 82,
    83, 81, 77, 72, 70, 67, 72, 71, 73, 73, 78, 82, 81, 82, 79, 79, 80,
    76, 73, 72, 72, 73, 73, 72, 76, 79, 78, 77, 82, 79, 75, 72, 69, 67,
    71, 68, 70, 73, 74, 80, 76, 75, 78, 75, 75, 79, 77, 75, 75, 74, 78,
    75 ]
