%YAML:1.0
---
videoName: "headLookDown3.mp4"
gestureLabel: 206
fps: 29
pixelSizeInCmTemp: 3.5746268656716418e-01
faceCenterPointX: 273
faceCenterPointY: 98
headPositionsX: [ 273, 271, 273, 274, 270, 271, 271, 271, 271, 272, 274,
    272, 271, 272, 274, 274, 270, 275, 274, 272, 274, 274, 270, 271, 275,
    273, 275, 272, 271, 271, 273, 273, 271, 272, 271, 271, 271, 271, 272,
    271, 272, 271, 273, 273, 272, 275, 272, 274, 271, 272, 270, 274, 270,
    274, 271, 272, 273, 272, 270, 271, 269, 274, 268, 268, 274, 273, 272,
    271, 272, 270, 269, 274, 272, 273, 271, 271, 272, 273, 270, 274, 270,
    271, 273, 274, 273, 272, 274, 271, 272, 272, 270, 273, 273, 273, 272,
    274, 274, 272, 275, 272 ]
headPositionsY: [ 99, 79, 79, 79, 79, 78, 77, 77, 76, 76, 80, 78, 79, 77,
    77, 79, 77, 77, 79, 80, 77, 80, 77, 77, 79, 79, 77, 78, 79, 80, 77,
    80, 81, 80, 81, 78, 78, 82, 83, 81, 81, 81, 83, 83, 86, 88, 87, 88,
    91, 91, 89, 92, 92, 94, 91, 95, 98, 98, 97, 98, 97, 100, 98, 100,
    101, 100, 99, 99, 100, 102, 101, 100, 101, 102, 100, 101, 100, 101,
    101, 101, 100, 101, 101, 103, 100, 101, 98, 98, 103, 103, 102, 99,
    100, 100, 103, 101, 101, 97, 99, 98 ]
