%YAML:1.0
---
videoName: "headNod3.mp4"
gestureLabel: 202
fps: 29
pixelSizeInCmTemp: 3.1933333333333330e-01
faceCenterPointX: 264
faceCenterPointY: 76
headPositionsX: [ 265, 263, 262, 265, 264, 263, 263, 265, 263, 267, 266,
    267, 263, 267, 267, 264, 264, 267, 266, 266, 265, 263, 264, 266, 263,
    267, 263, 266, 264, 268, 266, 265, 268, 268, 266, 267, 265, 265, 268,
    264, 267, 266, 267, 264, 267, 265, 266, 265, 266, 265, 265, 264, 265,
    267, 264, 261, 266, 262, 262, 262, 262, 265, 265, 262, 261, 266, 263,
    264, 265, 265, 264, 262, 265, 264, 262, 263, 261, 263, 263, 265, 262,
    263, 263, 262, 262, 263, 265, 265, 265, 265, 261, 265, 264, 262, 262,
    266, 266, 267, 265, 264 ]
headPositionsY: [ 76, 77, 78, 77, 78, 76, 74, 75, 77, 72, 77, 72, 75, 72,
    75, 71, 72, 75, 71, 71, 74, 73, 70, 71, 75, 73, 75, 72, 75, 77, 76,
    74, 75, 75, 75, 76, 74, 73, 75, 74, 77, 72, 76, 74, 74, 67, 66, 68,
    68, 64, 70, 68, 70, 74, 80, 78, 85, 82, 82, 76, 74, 73, 67, 68, 66,
    67, 69, 70, 75, 79, 81, 80, 79, 79, 75, 72, 71, 69, 67, 66, 64, 68,
    69, 70, 72, 77, 76, 79, 81, 82, 76, 79, 77, 79, 77, 77, 78, 77, 75,
    77 ]
