%YAML:1.0
---
videoName: "headNod17.mp4"
gestureLabel: 202
fps: 30
pixelSizeInCmTemp: 3.2808219178082193e-01
faceCenterPointX: 253
faceCenterPointY: 76
headPositionsX: [ 251, 257, 256, 255, 255, 255, 256, 254, 253, 254, 256,
    256, 253, 258, 255, 255, 256, 254, 253, 256, 257, 254, 256, 257, 255,
    257, 257, 254, 257, 255, 255, 257, 254, 256, 254, 256, 257, 255, 256,
    254, 254, 251, 252, 253, 251, 252, 255, 253, 251, 255, 252, 255, 253,
    252, 256, 255, 254, 256, 253, 256, 257, 256, 254, 253, 255, 254, 255,
    254, 254, 254, 252, 254, 253, 255, 253, 254, 256, 253, 254, 255, 255,
    255, 256, 252, 254, 252, 254, 255, 254, 254, 256, 255, 254, 253, 256,
    253, 257, 256, 256, 256 ]
headPositionsY: [ 78, 79, 78, 78, 76, 76, 75, 76, 78, 78, 76, 79, 77, 78,
    79, 77, 78, 76, 78, 78, 76, 75, 74, 71, 71, 68, 71, 69, 68, 69, 66,
    68, 69, 67, 67, 70, 72, 73, 75, 78, 77, 83, 83, 83, 86, 85, 83, 85,
    80, 79, 75, 78, 75, 70, 73, 69, 70, 68, 70, 72, 73, 73, 76, 73, 78,
    81, 82, 80, 82, 79, 80, 78, 76, 74, 77, 78, 79, 77, 78, 78, 74, 75,
    77, 76, 75, 77, 76, 79, 80, 79, 79, 79, 76, 76, 79, 74, 77, 75, 77,
    78 ]
