%YAML:1.0
---
videoName: "headNod4.mp4"
gestureLabel: 202
fps: 29
pixelSizeInCmTemp: 3.2808219178082193e-01
faceCenterPointX: 264
faceCenterPointY: 72
headPositionsX: [ 266, 269, 269, 271, 269, 268, 268, 268, 273, 269, 269,
    268, 270, 270, 270, 266, 268, 268, 269, 266, 267, 267, 267, 266, 265,
    270, 267, 268, 265, 269, 268, 265, 269, 266, 267, 269, 267, 269, 269,
    267, 270, 268, 264, 269, 266, 265, 269, 268, 268, 269, 269, 269, 266,
    266, 265, 266, 265, 268, 266, 268, 265, 268, 267, 268, 264, 266, 267,
    264, 266, 267, 266, 264, 263, 262, 265, 263, 266, 262, 267, 266, 263,
    263, 263, 263, 266, 265, 262, 268, 265, 263, 263, 267, 263, 266, 264,
    264, 262, 266, 265, 263 ]
headPositionsY: [ 70, 73, 74, 77, 72, 72, 73, 76, 77, 74, 73, 73, 77, 75,
    73, 74, 75, 75, 72, 76, 72, 75, 72, 77, 74, 74, 74, 74, 74, 74, 75,
    72, 76, 76, 77, 73, 75, 74, 76, 73, 74, 75, 73, 74, 72, 71, 67, 66,
    65, 64, 67, 71, 70, 77, 77, 81, 82, 81, 78, 75, 72, 72, 71, 70, 71,
    69, 74, 77, 82, 79, 84, 82, 83, 76, 74, 72, 69, 67, 68, 67, 67, 70,
    73, 74, 80, 79, 84, 85, 84, 80, 80, 81, 78, 79, 74, 77, 76, 74, 72,
    75 ]
