%YAML:1.0
---
videoName: "headLookUp3.mp4"
gestureLabel: 205
fps: 29
pixelSizeInCmTemp: 3.7421874999999999e-01
faceCenterPointX: 254
faceCenterPointY: 68
headPositionsX: [ 255, 258, 256, 256, 255, 258, 257, 258, 253, 253, 256,
    257, 255, 254, 258, 255, 256, 259, 255, 258, 258, 254, 259, 259, 254,
    258, 256, 258, 257, 255, 255, 258, 258, 256, 258, 255, 254, 254, 258,
    256, 258, 257, 254, 255, 254, 254, 255, 253, 258, 258, 256, 255, 253,
    253, 256, 255, 255, 254, 255, 253, 255, 256, 254, 257, 257, 252, 255,
    256, 253, 256, 252, 255, 257, 254, 255, 255, 254, 253, 258, 253, 255,
    254, 257, 255, 256, 255, 254, 256, 255, 254, 254, 255, 256, 256, 253,
    253, 254, 258, 257, 254 ]
headPositionsY: [ 67, 84, 81, 82, 80, 83, 80, 80, 82, 80, 83, 81, 80, 80,
    83, 80, 83, 82, 81, 80, 83, 80, 85, 84, 80, 83, 84, 80, 81, 83, 82,
    82, 81, 82, 85, 83, 84, 82, 81, 79, 78, 77, 76, 77, 71, 71, 72, 69,
    68, 68, 66, 68, 68, 66, 70, 67, 67, 68, 69, 66, 66, 66, 69, 66, 66,
    67, 64, 69, 66, 69, 66, 67, 66, 66, 66, 66, 66, 67, 66, 66, 70, 66,
    68, 67, 69, 69, 67, 69, 69, 67, 67, 65, 67, 66, 67, 70, 70, 68, 68,
    65 ]
