%YAML:1.0
---
videoName: "headNod40.mp4"
gestureLabel: 202
fps: 29
pixelSizeInCmTemp: 2.8511904761904761e-01
faceCenterPointX: 267
faceCenterPointY: 78
headPositionsX: [ 269, 267, 268, 265, 265, 267, 267, 269, 269, 269, 266,
    269, 267, 269, 268, 267, 267, 268, 269, 269, 266, 266, 267, 269, 270,
    270, 268, 268, 269, 266, 269, 269, 268, 268, 269, 266, 266, 269, 266,
    266, 268, 265, 264, 266, 268, 266, 267, 263, 265, 265, 267, 268, 268,
    263, 263, 264, 264, 266, 264, 265, 268, 264, 265, 267, 267, 266, 264,
    265, 268, 268, 266, 270, 268, 268, 268, 270, 267, 265, 265, 268, 268,
    267, 268, 269, 268, 268, 266, 265, 269, 266, 265, 264, 266, 267, 267,
    269, 264, 265, 267, 266 ]
headPositionsY: [ 78, 75, 75, 77, 75, 78, 75, 75, 75, 74, 78, 74, 77, 73,
    76, 77, 75, 75, 77, 74, 75, 75, 76, 74, 75, 75, 77, 75, 73, 76, 74,
    73, 73, 74, 76, 73, 76, 75, 76, 76, 81, 86, 91, 97, 96, 95, 96, 93,
    86, 84, 79, 78, 77, 69, 68, 71, 69, 67, 70, 73, 80, 86, 88, 85, 82,
    84, 79, 80, 73, 75, 73, 73, 74, 73, 73, 74, 82, 81, 78, 77, 80, 80,
    79, 81, 78, 78, 81, 80, 77, 77, 79, 75, 75, 78, 78, 78, 79, 75, 79,
    79 ]
