%YAML:1.0
---
videoName: "headLookLeft4.mp4"
gestureLabel: 203
fps: 29
pixelSizeInCmTemp: 3.4710144927536229e-01
faceCenterPointX: 288
faceCenterPointY: 74
headPositionsX: [ 289, 265, 267, 264, 268, 267, 266, 269, 274, 272, 276,
    280, 279, 282, 287, 291, 293, 295, 298, 297, 296, 291, 293, 294, 291,
    297, 293, 295, 296, 295, 296, 295, 296, 295, 290, 296, 295, 296, 295,
    293, 292, 290, 295, 297, 296, 288, 288, 291, 288, 292, 292, 290, 289,
    291, 292, 290, 291, 290, 290, 291, 291, 288, 293, 287, 287, 293, 290,
    291, 285, 292, 287, 289, 291, 290, 289, 290, 290, 285, 293, 288, 289,
    291, 293, 294, 289, 292, 291, 289, 293, 291, 288, 290, 290, 286, 292,
    287, 288, 291, 289, 287 ]
headPositionsY: [ 73, 77, 78, 77, 77, 79, 80, 77, 79, 78, 78, 78, 77, 76,
    77, 79, 77, 78, 75, 79, 76, 77, 76, 74, 77, 75, 77, 77, 77, 78, 76,
    79, 79, 76, 75, 74, 78, 76, 75, 74, 78, 74, 73, 74, 75, 75, 72, 77,
    76, 77, 72, 73, 73, 76, 72, 72, 72, 77, 75, 75, 73, 75, 75, 75, 75,
    74, 73, 72, 74, 73, 74, 73, 73, 75, 72, 75, 79, 73, 78, 76, 78, 72,
    75, 74, 75, 74, 73, 74, 73, 74, 78, 73, 77, 73, 75, 76, 76, 73, 72,
    74 ]
