%YAML:1.0
---
videoName: "headNod43.mp4"
gestureLabel: 202
fps: 29
pixelSizeInCmTemp: 2.8855421686746985e-01
faceCenterPointX: 268
faceCenterPointY: 74
headPositionsX: [ 266, 270, 270, 271, 271, 270, 270, 270, 269, 271, 266,
    271, 267, 267, 270, 266, 268, 266, 267, 266, 270, 267, 267, 268, 265,
    265, 269, 267, 265, 267, 265, 264, 267, 263, 264, 266, 266, 263, 265,
    266, 266, 265, 266, 263, 266, 267, 267, 268, 266, 265, 267, 263, 266,
    265, 262, 263, 266, 264, 266, 264, 263, 263, 263, 266, 263, 263, 265,
    264, 264, 270, 268, 269, 270, 270, 266, 264, 268, 268, 265, 265, 269,
    270, 266, 270, 268, 268, 269, 266, 268, 267, 270, 269, 268, 270, 268,
    268, 270, 270, 270, 270 ]
headPositionsY: [ 76, 77, 76, 74, 77, 77, 76, 74, 77, 74, 77, 76, 75, 73,
    77, 76, 76, 74, 74, 73, 73, 76, 76, 76, 74, 78, 80, 84, 88, 89, 91,
    89, 88, 83, 77, 78, 77, 81, 84, 86, 87, 92, 90, 88, 82, 79, 79, 80,
    84, 85, 86, 90, 91, 89, 86, 87, 84, 81, 81, 85, 85, 87, 89, 90, 88,
    86, 83, 79, 77, 77, 79, 80, 85, 89, 88, 92, 91, 87, 84, 79, 79, 76,
    73, 72, 73, 73, 75, 74, 75, 71, 74, 74, 74, 75, 72, 74, 73, 72, 73,
    76 ]
