%YAML:1.0
---
videoName: "headLookLeft3.mp4"
gestureLabel: 203
fps: 29
pixelSizeInCmTemp: 3.4214285714285714e-01
faceCenterPointX: 290
faceCenterPointY: 74
headPositionsX: [ 289, 263, 265, 264, 266, 264, 264, 269, 269, 272, 272,
    273, 278, 280, 282, 284, 283, 287, 286, 291, 288, 287, 292, 291, 287,
    290, 296, 289, 287, 282, 289, 288, 290, 290, 286, 289, 285, 291, 293,
    288, 287, 286, 290, 296, 291, 291, 286, 288, 291, 286, 291, 293, 289,
    288, 285, 286, 289, 286, 289, 290, 291, 291, 291, 286, 286, 286, 291,
    289, 287, 290, 286, 287, 289, 286, 284, 286, 285, 287, 289, 288, 285,
    288, 291, 284, 288, 285, 288, 288, 289, 290, 285, 288, 289, 288, 286,
    284, 287, 289, 287, 286 ]
headPositionsY: [ 76, 76, 76, 77, 78, 75, 79, 77, 77, 76, 74, 77, 75, 77,
    75, 73, 76, 76, 73, 72, 73, 73, 73, 74, 71, 74, 74, 73, 72, 70, 74,
    73, 74, 76, 72, 76, 75, 73, 74, 74, 72, 71, 72, 75, 74, 75, 73, 75,
    74, 71, 75, 71, 74, 73, 76, 76, 72, 74, 72, 75, 74, 75, 76, 71, 73,
    74, 74, 75, 74, 72, 71, 73, 73, 74, 74, 73, 73, 73, 74, 72, 73, 76,
    71, 74, 73, 75, 75, 72, 73, 76, 72, 72, 74, 73, 72, 76, 73, 74, 73,
    76 ]
