%YAML:1.0
---
videoName: "headShake15.mp4"
gestureLabel: 201
fps: 29
pixelSizeInCmTemp: 3.3263888888888887e-01
faceCenterPointX: 243
faceCenterPointY: 76
headPositionsX: [ 245, 245, 245, 245, 245, 242, 243, 245, 243, 242, 242,
    242, 245, 246, 244, 242, 244, 244, 242, 243, 242, 242, 245, 242, 242,
    242, 241, 245, 241, 242, 242, 245, 243, 242, 242, 245, 243, 245, 243,
    241, 243, 242, 241, 243, 240, 244, 246, 241, 244, 242, 245, 242, 241,
    242, 243, 244, 244, 241, 242, 244, 242, 241, 246, 245, 250, 253, 254,
    260, 257, 256, 255, 254, 252, 248, 244, 237, 240, 237, 235, 237, 240,
    242, 244, 247, 245, 247, 248, 246, 247, 242, 243, 244, 242, 241, 244,
    242, 245, 242, 243, 242 ]
headPositionsY: [ 76, 75, 76, 77, 74, 75, 75, 74, 74, 74, 77, 76, 73, 74,
    76, 74, 75, 77, 73, 72, 75, 73, 74, 77, 72, 75, 72, 77, 74, 76, 76,
    74, 73, 74, 77, 75, 78, 76, 76, 73, 74, 74, 77, 75, 74, 75, 74, 77,
    77, 75, 76, 77, 75, 76, 77, 75, 77, 74, 78, 77, 74, 77, 76, 75, 73,
    74, 74, 72, 75, 75, 74, 77, 78, 78, 76, 77, 78, 77, 74, 76, 75, 79,
    79, 77, 76, 75, 76, 75, 77, 75, 77, 75, 74, 79, 75, 75, 75, 77, 74,
    75 ]
