%YAML:1.0
---
videoName: "headShake24.mp4"
gestureLabel: 201
fps: 29
pixelSizeInCmTemp: 3.2808219178082193e-01
faceCenterPointX: 240
faceCenterPointY: 78
headPositionsX: [ 242, 249, 249, 252, 255, 255, 255, 255, 253, 250, 248,
    245, 243, 245, 242, 235, 236, 234, 232, 233, 230, 227, 231, 234, 233,
    234, 234, 240, 243, 242, 246, 246, 249, 249, 251, 251, 250, 247, 245,
    244, 243, 243, 243, 241, 239, 238, 236, 232, 236, 233, 236, 232, 238,
    234, 239, 239, 241, 243, 243, 246, 247, 246, 248, 247, 246, 248, 246,
    246, 245, 245, 243, 245, 244, 239, 241, 242, 241, 237, 238, 241, 239,
    240, 239, 239, 238, 238, 239, 241, 239, 238, 239, 242, 239, 240, 243,
    238, 242, 240, 242, 238 ]
headPositionsY: [ 80, 78, 76, 76, 76, 74, 77, 77, 76, 77, 78, 75, 77, 77,
    80, 76, 77, 77, 79, 76, 76, 77, 77, 78, 77, 79, 78, 78, 76, 76, 76,
    77, 79, 80, 77, 79, 79, 77, 79, 76, 80, 76, 80, 76, 80, 79, 76, 75,
    79, 75, 77, 77, 76, 80, 76, 80, 77, 76, 78, 79, 77, 79, 77, 77, 77,
    75, 80, 75, 78, 78, 77, 76, 79, 76, 78, 78, 78, 76, 79, 76, 79, 79,
    78, 77, 78, 78, 76, 80, 80, 77, 78, 79, 80, 76, 77, 76, 77, 80, 76,
    79 ]
