%YAML:1.0
---
videoName: "headShake23.mp4"
gestureLabel: 201
fps: 29
pixelSizeInCmTemp: 3.2808219178082193e-01
faceCenterPointX: 240
faceCenterPointY: 77
headPositionsX: [ 240, 244, 240, 244, 244, 244, 239, 240, 239, 240, 240,
    243, 243, 242, 239, 240, 242, 240, 237, 239, 242, 239, 244, 244, 248,
    250, 251, 253, 253, 257, 255, 253, 253, 252, 246, 243, 239, 236, 234,
    229, 231, 229, 230, 227, 231, 231, 230, 232, 238, 239, 242, 246, 248,
    248, 249, 253, 251, 252, 250, 252, 248, 249, 245, 242, 244, 242, 240,
    235, 235, 238, 236, 232, 232, 233, 235, 234, 236, 236, 239, 235, 239,
    239, 241, 240, 243, 244, 241, 242, 245, 242, 243, 243, 245, 244, 245,
    246, 243, 244, 241, 243 ]
headPositionsY: [ 75, 78, 77, 76, 79, 75, 79, 79, 75, 78, 79, 78, 78, 79,
    77, 79, 74, 78, 76, 77, 78, 75, 77, 78, 75, 75, 74, 76, 77, 75, 76,
    78, 76, 74, 78, 77, 76, 79, 77, 75, 77, 78, 75, 76, 75, 75, 77, 80,
    78, 77, 79, 76, 75, 78, 74, 78, 78, 77, 78, 74, 76, 78, 81, 78, 76,
    79, 76, 77, 77, 78, 80, 80, 79, 78, 79, 76, 79, 79, 78, 77, 75, 76,
    77, 78, 79, 77, 75, 78, 77, 76, 77, 76, 80, 76, 76, 76, 78, 76, 77,
    75 ]
