%YAML:1.0
---
videoName: "headNod49.mp4"
gestureLabel: 202
fps: 29
pixelSizeInCmTemp: 2.9207317073170730e-01
faceCenterPointX: 263
faceCenterPointY: 74
headPositionsX: [ 263, 266, 267, 264, 268, 265, 262, 265, 264, 262, 267,
    264, 265, 266, 263, 265, 264, 262, 265, 264, 264, 266, 262, 265, 263,
    264, 263, 267, 263, 264, 263, 264, 265, 262, 265, 262, 264, 262, 264,
    266, 266, 262, 265, 263, 263, 261, 261, 263, 262, 261, 263, 261, 265,
    266, 261, 262, 261, 262, 262, 266, 264, 264, 265, 266, 262, 262, 263,
    265, 264, 264, 263, 264, 264, 263, 262, 263, 261, 264, 264, 262, 263,
    262, 261, 264, 260, 263, 263, 262, 261, 261, 262, 264, 265, 261, 264,
    262, 261, 264, 262, 263 ]
headPositionsY: [ 75, 72, 70, 72, 71, 73, 70, 74, 72, 72, 73, 72, 71, 67,
    66, 69, 66, 68, 68, 71, 66, 70, 74, 73, 77, 76, 78, 78, 74, 76, 70,
    71, 70, 71, 68, 68, 70, 74, 75, 78, 81, 76, 76, 78, 74, 70, 73, 68,
    73, 71, 74, 71, 74, 79, 77, 76, 79, 76, 76, 72, 73, 71, 72, 71, 71,
    74, 76, 79, 78, 79, 76, 77, 75, 74, 74, 73, 72, 72, 75, 73, 76, 75,
    76, 74, 75, 76, 73, 73, 74, 74, 76, 75, 75, 75, 73, 77, 74, 74, 76,
    76 ]
