%YAML:1.0
---
videoName: "headNod13.mp4"
gestureLabel: 202
fps: 29
pixelSizeInCmTemp: 3.2364864864864862e-01
faceCenterPointX: 253
faceCenterPointY: 79
headPositionsX: [ 252, 250, 254, 252, 253, 251, 255, 254, 253, 256, 252,
    252, 252, 254, 253, 253, 254, 254, 256, 254, 254, 254, 255, 254, 254,
    254, 252, 253, 252, 255, 252, 255, 254, 254, 254, 254, 253, 255, 251,
    255, 254, 254, 253, 251, 253, 255, 252, 253, 251, 251, 255, 254, 254,
    255, 254, 256, 256, 251, 256, 254, 256, 254, 254, 254, 251, 252, 253,
    256, 255, 254, 255, 253, 254, 254, 254, 256, 253, 256, 253, 254, 252,
    254, 257, 252, 255, 256, 255, 254, 254, 257, 254, 256, 256, 256, 252,
    251, 252, 255, 253, 250 ]
headPositionsY: [ 78, 71, 74, 74, 75, 75, 73, 71, 72, 72, 71, 71, 73, 73,
    74, 72, 76, 74, 75, 74, 74, 74, 71, 73, 72, 76, 76, 74, 74, 73, 72,
    72, 75, 74, 72, 75, 72, 76, 75, 71, 72, 72, 76, 74, 76, 72, 72, 74,
    71, 74, 70, 69, 70, 68, 70, 72, 72, 74, 77, 78, 81, 79, 75, 74, 72,
    73, 69, 70, 67, 70, 74, 72, 74, 75, 76, 78, 80, 80, 76, 74, 75, 74,
    75, 74, 72, 77, 77, 78, 81, 82, 78, 78, 82, 80, 78, 78, 81, 78, 78,
    78 ]
