%YAML:1.0
---
videoName: "headShake41.mp4"
gestureLabel: 201
fps: 29
pixelSizeInCmTemp: 3.2364864864864862e-01
faceCenterPointX: 264
faceCenterPointY: 85
headPositionsX: [ 263, 262, 261, 262, 261, 263, 262, 260, 260, 261, 264,
    259, 263, 260, 261, 261, 260, 263, 263, 258, 263, 261, 264, 265, 268,
    269, 272, 275, 276, 275, 276, 278, 280, 282, 278, 284, 282, 280, 279,
    276, 275, 272, 267, 261, 254, 252, 253, 251, 244, 248, 246, 245, 246,
    245, 249, 249, 249, 252, 258, 262, 265, 269, 267, 275, 275, 276, 277,
    279, 275, 275, 279, 275, 274, 274, 273, 267, 266, 269, 266, 264, 265,
    265, 263, 261, 261, 263, 260, 264, 262, 263, 264, 261, 260, 261, 262,
    261, 263, 265, 263, 263 ]
headPositionsY: [ 87, 81, 82, 83, 85, 83, 81, 83, 83, 80, 85, 83, 82, 86,
    81, 82, 85, 82, 83, 84, 86, 86, 83, 83, 83, 81, 83, 81, 82, 83, 79,
    83, 80, 79, 82, 83, 83, 81, 83, 84, 86, 84, 83, 83, 82, 85, 85, 85,
    84, 81, 82, 83, 81, 82, 85, 86, 82, 85, 87, 83, 85, 85, 82, 86, 82,
    84, 85, 83, 82, 86, 85, 82, 82, 84, 87, 84, 84, 86, 84, 83, 82, 82,
    85, 84, 83, 84, 85, 84, 85, 84, 85, 84, 84, 84, 84, 86, 84, 85, 84,
    83 ]
