%YAML:1.0
---
videoName: "headLookUp5.mp4"
gestureLabel: 205
fps: 29
pixelSizeInCmTemp: 3.6287878787878786e-01
faceCenterPointX: 256
faceCenterPointY: 67
headPositionsX: [ 257, 257, 255, 254, 258, 259, 255, 258, 257, 258, 254,
    255, 254, 256, 254, 258, 254, 255, 255, 257, 259, 258, 256, 254, 255,
    258, 254, 254, 255, 254, 254, 258, 257, 257, 258, 254, 255, 254, 258,
    259, 257, 259, 257, 258, 256, 258, 256, 254, 254, 259, 259, 257, 254,
    254, 256, 255, 254, 254, 256, 254, 257, 253, 257, 255, 255, 257, 256,
    253, 257, 258, 258, 258, 259, 255, 255, 257, 257, 257, 256, 256, 255,
    257, 255, 254, 255, 258, 255, 257, 257, 256, 257, 254, 253, 257, 256,
    257, 257, 255, 254, 255 ]
headPositionsY: [ 66, 80, 80, 83, 80, 81, 81, 82, 81, 82, 83, 84, 83, 82,
    81, 81, 79, 79, 80, 81, 79, 83, 82, 80, 80, 79, 82, 79, 79, 82, 82,
    78, 77, 80, 80, 75, 77, 74, 74, 71, 70, 71, 72, 70, 66, 67, 67, 70,
    67, 67, 70, 68, 66, 66, 66, 71, 67, 70, 66, 68, 67, 68, 71, 66, 68,
    67, 68, 66, 68, 68, 68, 68, 65, 69, 70, 66, 68, 66, 63, 66, 67, 67,
    69, 69, 65, 68, 66, 67, 69, 68, 69, 66, 68, 69, 64, 65, 65, 68, 67,
    68 ]
