%YAML:1.0
---
videoName: "headLookUp9.mp4"
gestureLabel: 205
fps: 29
pixelSizeInCmTemp: 3.3732394366197183e-01
faceCenterPointX: 251
faceCenterPointY: 57
headPositionsX: [ 249, 251, 250, 253, 253, 254, 253, 252, 253, 251, 249,
    253, 251, 251, 251, 250, 250, 249, 249, 250, 250, 252, 249, 251, 251,
    253, 251, 251, 250, 254, 251, 253, 254, 252, 252, 253, 250, 252, 254,
    250, 249, 253, 252, 252, 253, 252, 252, 251, 253, 253, 253, 250, 251,
    252, 249, 253, 252, 250, 249, 253, 252, 250, 250, 251, 251, 250, 253,
    253, 250, 252, 253, 252, 253, 251, 252, 252, 253, 252, 253, 252, 251,
    253, 252, 249, 250, 251, 249, 250, 251, 253, 252, 250, 253, 252, 249,
    252, 252, 252, 250, 250 ]
headPositionsY: [ 55, 75, 74, 73, 74, 73, 72, 72, 75, 76, 72, 74, 77, 72,
    76, 74, 76, 72, 75, 74, 72, 73, 72, 76, 72, 74, 75, 75, 76, 75, 73,
    73, 69, 72, 72, 67, 68, 65, 68, 66, 65, 65, 61, 62, 60, 58, 63, 60,
    60, 61, 56, 58, 58, 57, 56, 57, 56, 56, 57, 58, 60, 55, 57, 58, 55,
    55, 55, 55, 57, 57, 58, 56, 57, 58, 56, 57, 58, 55, 55, 58, 59, 55,
    59, 57, 56, 55, 58, 56, 56, 56, 55, 55, 55, 57, 55, 56, 58, 54, 59,
    57 ]
