%YAML:1.0
---
videoName: "headNod36.mp4"
gestureLabel: 202
fps: 29
pixelSizeInCmTemp: 2.8176470588235292e-01
faceCenterPointX: 269
faceCenterPointY: 75
headPositionsX: [ 269, 270, 272, 270, 273, 272, 268, 270, 272, 269, 270,
    273, 268, 269, 271, 269, 272, 271, 270, 273, 272, 268, 273, 272, 269,
    271, 268, 267, 269, 270, 271, 268, 272, 269, 270, 268, 268, 266, 269,
    266, 269, 269, 267, 269, 272, 269, 268, 272, 270, 272, 271, 272, 271,
    273, 271, 269, 269, 268, 270, 272, 268, 268, 269, 267, 266, 270, 267,
    267, 266, 268, 267, 268, 269, 268, 265, 267, 266, 270, 268, 267, 267,
    267, 271, 269, 269, 268, 268, 270, 269, 268, 271, 269, 268, 268, 270,
    271, 268, 270, 269, 271 ]
headPositionsY: [ 77, 75, 73, 73, 76, 76, 73, 75, 73, 74, 76, 76, 75, 75,
    73, 76, 75, 74, 76, 77, 76, 77, 80, 79, 73, 77, 67, 69, 64, 63, 62,
    65, 73, 74, 77, 85, 86, 91, 90, 85, 83, 78, 74, 74, 73, 67, 68, 67,
    70, 69, 69, 73, 77, 80, 85, 87, 88, 84, 84, 84, 78, 75, 76, 72, 71,
    71, 75, 75, 80, 85, 83, 82, 78, 80, 78, 74, 73, 74, 78, 80, 82, 81,
    83, 85, 82, 82, 79, 77, 76, 77, 75, 75, 78, 76, 73, 77, 77, 78, 77,
    73 ]
