%YAML:1.0
---
videoName: "headShake1.mp4"
gestureLabel: 201
fps: 29
pixelSizeInCmTemp: 3.3263888888888887e-01
faceCenterPointX: 279
faceCenterPointY: 98
headPositionsX: [ 281, 281, 278, 277, 277, 282, 279, 281, 280, 278, 277,
    281, 281, 278, 276, 278, 281, 281, 278, 277, 278, 281, 278, 281, 281,
    281, 280, 278, 281, 284, 287, 286, 288, 290, 291, 295, 292, 290, 286,
    283, 280, 274, 273, 271, 267, 269, 271, 275, 281, 286, 286, 289, 294,
    289, 288, 289, 283, 281, 276, 268, 269, 265, 268, 269, 274, 278, 283,
    284, 289, 293, 290, 289, 291, 286, 285, 281, 275, 276, 270, 269, 271,
    272, 272, 271, 273, 275, 273, 279, 279, 278, 278, 280, 281, 279, 282,
    281, 279, 279, 281, 278 ]
headPositionsY: [ 96, 97, 96, 99, 96, 99, 98, 96, 98, 98, 98, 97, 96, 98,
    95, 98, 96, 97, 98, 97, 99, 99, 99, 99, 96, 99, 98, 97, 98, 96, 99,
    94, 97, 95, 95, 94, 95, 97, 95, 96, 100, 95, 97, 98, 96, 98, 95, 95,
    97, 93, 96, 95, 98, 98, 94, 97, 99, 95, 97, 96, 98, 97, 95, 94, 95,
    95, 98, 93, 96, 97, 95, 94, 97, 97, 96, 97, 97, 95, 97, 95, 96, 97,
    95, 99, 99, 100, 97, 100, 98, 99, 97, 95, 100, 96, 98, 96, 100, 101,
    97, 98 ]
