%YAML:1.0
---
videoName: "headLookLeft2.mp4"
gestureLabel: 203
fps: 29
pixelSizeInCmTemp: 3.6846153846153845e-01
faceCenterPointX: 278
faceCenterPointY: 74
headPositionsX: [ 278, 257, 259, 260, 257, 257, 259, 258, 259, 258, 258,
    261, 258, 261, 259, 261, 262, 261, 260, 260, 264, 267, 267, 265, 268,
    270, 272, 271, 272, 278, 277, 278, 275, 279, 280, 283, 277, 281, 276,
    277, 281, 278, 280, 281, 279, 279, 281, 281, 286, 278, 281, 281, 280,
    279, 276, 278, 277, 273, 281, 278, 285, 277, 278, 279, 281, 277, 281,
    285, 281, 282, 279, 282, 283, 273, 277, 282, 278, 279, 276, 280, 277,
    281, 281, 282, 282, 277, 284, 279, 276, 282, 284, 277, 284, 279, 280,
    279, 280, 282, 288, 281 ]
headPositionsY: [ 72, 76, 73, 74, 77, 76, 76, 75, 74, 75, 77, 75, 73, 74,
    76, 77, 75, 73, 77, 76, 73, 76, 76, 76, 76, 76, 72, 76, 73, 76, 73,
    74, 71, 75, 71, 75, 76, 73, 77, 74, 75, 76, 75, 73, 74, 73, 76, 74,
    75, 73, 75, 76, 74, 75, 74, 77, 76, 76, 74, 77, 74, 74, 76, 76, 74,
    75, 72, 76, 74, 75, 76, 73, 75, 74, 72, 74, 75, 75, 74, 77, 74, 74,
    76, 73, 76, 72, 72, 76, 76, 76, 77, 74, 78, 74, 74, 75, 72, 75, 75,
    72 ]
