%YAML:1.0
---
videoName: "headShake21.mp4"
gestureLabel: 201
fps: 29
pixelSizeInCmTemp: 3.1933333333333330e-01
faceCenterPointX: 241
faceCenterPointY: 78
headPositionsX: [ 239, 246, 242, 245, 241, 244, 244, 240, 240, 240, 243,
    239, 241, 242, 241, 239, 244, 239, 242, 244, 242, 242, 244, 244, 243,
    244, 242, 243, 241, 241, 241, 242, 243, 244, 244, 241, 242, 244, 243,
    240, 243, 242, 240, 240, 242, 242, 241, 243, 243, 239, 244, 241, 242,
    239, 244, 240, 239, 240, 243, 243, 243, 238, 242, 241, 240, 238, 241,
    241, 246, 249, 250, 254, 249, 247, 243, 244, 239, 233, 233, 235, 237,
    236, 241, 242, 241, 243, 242, 242, 239, 237, 240, 239, 241, 239, 238,
    241, 243, 239, 242, 243 ]
headPositionsY: [ 76, 85, 81, 77, 77, 75, 74, 72, 70, 74, 72, 70, 73, 71,
    69, 70, 69, 72, 73, 73, 70, 73, 74, 75, 72, 73, 77, 74, 76, 74, 74,
    76, 79, 75, 75, 76, 76, 75, 77, 75, 75, 79, 77, 78, 78, 76, 80, 76,
    77, 77, 80, 76, 78, 77, 80, 77, 78, 75, 79, 77, 77, 76, 76, 80, 77,
    80, 78, 79, 77, 78, 77, 76, 78, 79, 77, 77, 81, 77, 76, 75, 79, 80,
    77, 77, 80, 77, 77, 79, 79, 79, 78, 78, 79, 76, 80, 76, 79, 78, 77,
    78 ]
