%YAML:1.0
---
videoName: "headShake4.mp4"
gestureLabel: 201
fps: 30
pixelSizeInCmTemp: 3.2364864864864862e-01
faceCenterPointX: 237
faceCenterPointY: 101
headPositionsX: [ 237, 244, 244, 247, 249, 256, 254, 256, 254, 248, 245,
    239, 233, 228, 224, 224, 227, 231, 235, 243, 250, 249, 252, 251, 251,
    245, 241, 235, 232, 223, 223, 223, 226, 229, 235, 243, 248, 249, 256,
    257, 254, 254, 245, 245, 237, 232, 227, 226, 223, 225, 229, 231, 232,
    237, 244, 244, 248, 249, 250, 249, 245, 246, 239, 236, 232, 230, 230,
    233, 230, 231, 234, 234, 235, 239, 239, 242, 243, 243, 243, 241, 242,
    241, 242, 237, 236, 237, 236, 235, 236, 239, 235, 239, 237, 234, 239,
    237, 239, 238, 235, 238 ]
headPositionsY: [ 99, 101, 97, 96, 97, 98, 99, 100, 99, 100, 99, 99, 97,
    98, 98, 97, 97, 101, 98, 101, 98, 97, 97, 100, 99, 100, 98, 101, 100,
    96, 98, 101, 99, 96, 98, 102, 97, 101, 97, 99, 101, 100, 98, 103,
    102, 100, 98, 103, 102, 99, 100, 101, 99, 100, 100, 98, 97, 98, 99,
    100, 101, 98, 101, 99, 102, 102, 102, 99, 99, 99, 100, 98, 101, 101,
    100, 102, 99, 98, 99, 102, 100, 103, 99, 99, 102, 99, 101, 99, 99,
    100, 100, 99, 101, 99, 98, 102, 100, 98, 101, 98 ]
