%YAML:1.0
---
videoName: "headNod3.mp4"
gestureLabel: 202
fps: 29
pixelSizeInCmTemp: 3.1933333333333330e-01
faceCenterPointX: 264
faceCenterPointY: 76
headPositionsX: [ 262, 262, 264, 263, 265, 265, 263, 264, 266, 266, 269,
    266, 266, 266, 264, 263, 263, 265, 266, 266, 266, 266, 264, 264, 263,
    266, 265, 265, 265, 265, 265, 267, 267, 268, 263, 267, 265, 264, 268,
    267, 268, 266, 268, 265, 264, 267, 264, 267, 265, 265, 266, 265, 267,
    266, 265, 261, 264, 262, 263, 264, 265, 263, 264, 263, 262, 265, 263,
    266, 264, 264, 263, 263, 265, 266, 261, 265, 262, 262, 262, 263, 262,
    265, 263, 265, 264, 264, 265, 261, 266, 266, 262, 263, 261, 264, 263,
    262, 262, 266, 265, 267 ]
headPositionsY: [ 76, 77, 78, 77, 77, 74, 76, 76, 77, 75, 73, 73, 74, 73,
    73, 75, 75, 73, 73, 74, 73, 70, 70, 73, 75, 75, 75, 76, 76, 77, 76,
    75, 76, 74, 73, 75, 74, 75, 74, 72, 74, 74, 75, 71, 70, 70, 66, 65,
    64, 65, 67, 67, 73, 76, 76, 78, 81, 81, 84, 79, 78, 71, 69, 70, 69,
    66, 71, 71, 76, 78, 82, 82, 81, 79, 77, 74, 69, 67, 65, 66, 68, 66,
    68, 73, 75, 76, 79, 81, 82, 82, 80, 78, 75, 75, 76, 78, 74, 75, 73,
    78 ]
