%YAML:1.0
---
videoName: "headNod13.mp4"
gestureLabel: 202
fps: 29
pixelSizeInCmTemp: 3.2364864864864862e-01
faceCenterPointX: 253
faceCenterPointY: 79
headPositionsX: [ 253, 253, 251, 255, 251, 254, 255, 255, 251, 252, 252,
    253, 254, 255, 256, 256, 256, 256, 254, 253, 253, 253, 255, 253, 255,
    255, 253, 253, 254, 253, 254, 252, 256, 252, 254, 256, 254, 253, 252,
    252, 252, 252, 252, 251, 255, 255, 252, 255, 251, 252, 252, 252, 252,
    254, 252, 253, 252, 252, 256, 254, 255, 254, 254, 254, 253, 253, 252,
    254, 256, 253, 252, 253, 253, 256, 254, 257, 254, 252, 256, 253, 253,
    257, 257, 253, 252, 256, 254, 256, 253, 257, 257, 256, 254, 255, 252,
    253, 253, 253, 252, 252 ]
headPositionsY: [ 78, 74, 73, 76, 75, 75, 74, 75, 72, 75, 75, 71, 71, 73,
    73, 73, 76, 72, 72, 72, 72, 72, 71, 76, 76, 72, 74, 73, 74, 75, 72,
    75, 76, 75, 75, 76, 74, 74, 72, 73, 73, 74, 76, 75, 76, 73, 74, 73,
    71, 73, 69, 69, 69, 66, 68, 69, 73, 75, 74, 76, 78, 78, 79, 75, 71,
    70, 71, 67, 70, 70, 73, 74, 77, 74, 79, 81, 79, 78, 78, 78, 72, 71,
    75, 70, 73, 74, 76, 79, 78, 80, 79, 80, 79, 79, 79, 79, 79, 77, 80,
    80 ]
