%YAML:1.0
---
videoName: "headNod10.mp4"
gestureLabel: 202
fps: 29
pixelSizeInCmTemp: 3.2808219178082193e-01
faceCenterPointX: 260
faceCenterPointY: 67
headPositionsX: [ 261, 260, 261, 259, 259, 260, 260, 256, 256, 259, 257,
    256, 260, 260, 259, 259, 259, 259, 257, 257, 256, 259, 261, 257, 257,
    261, 259, 260, 257, 256, 260, 261, 258, 260, 259, 259, 261, 258, 261,
    257, 257, 259, 258, 258, 262, 261, 258, 261, 263, 260, 259, 259, 262,
    261, 261, 259, 256, 260, 261, 258, 260, 260, 260, 262, 257, 262, 261,
    260, 259, 258, 260, 258, 257, 256, 257, 257, 256, 258, 260, 257, 256,
    258, 257, 260, 258, 259, 260, 260, 258, 259, 261, 260, 261, 261, 262,
    261, 260, 263, 262, 261 ]
headPositionsY: [ 67, 72, 69, 69, 70, 71, 68, 72, 71, 71, 68, 70, 68, 68,
    70, 67, 72, 71, 72, 71, 69, 70, 68, 68, 69, 68, 69, 71, 72, 69, 70,
    70, 71, 72, 72, 73, 70, 68, 72, 71, 73, 71, 72, 70, 67, 66, 66, 60,
    63, 62, 65, 66, 69, 72, 76, 75, 74, 73, 71, 66, 64, 62, 62, 66, 67,
    70, 69, 76, 75, 76, 75, 74, 72, 65, 66, 65, 63, 67, 69, 73, 76, 75,
    76, 73, 71, 72, 67, 69, 68, 67, 66, 65, 64, 65, 69, 67, 65, 70, 65,
    70 ]
