%YAML:1.0
---
videoName: "headLookLeft6.mp4"
gestureLabel: 203
fps: 29
pixelSizeInCmTemp: 3.2808219178082193e-01
faceCenterPointX: 267
faceCenterPointY: 69
headPositionsX: [ 268, 245, 243, 244, 242, 244, 246, 244, 247, 245, 247,
    246, 244, 246, 245, 246, 247, 248, 248, 244, 245, 247, 245, 245, 245,
    247, 249, 248, 251, 251, 255, 255, 261, 261, 263, 263, 266, 270, 270,
    272, 268, 271, 267, 265, 267, 269, 271, 271, 267, 271, 266, 266, 270,
    270, 269, 269, 268, 269, 265, 270, 269, 264, 266, 266, 267, 266, 266,
    268, 267, 266, 269, 268, 266, 268, 263, 265, 267, 270, 271, 267, 265,
    265, 268, 267, 268, 267, 268, 265, 267, 267, 266, 267, 268, 269, 267,
    267, 266, 266, 270, 264 ]
headPositionsY: [ 68, 70, 69, 70, 71, 71, 73, 72, 72, 74, 71, 72, 70, 72,
    71, 70, 72, 75, 71, 72, 72, 70, 73, 71, 70, 75, 71, 71, 70, 69, 73,
    73, 72, 73, 73, 69, 69, 71, 72, 72, 71, 70, 71, 72, 67, 72, 66, 72,
    72, 71, 67, 68, 71, 70, 71, 71, 69, 68, 70, 72, 70, 68, 70, 66, 71,
    68, 70, 67, 72, 71, 69, 70, 71, 71, 67, 67, 70, 71, 69, 72, 70, 71,
    71, 71, 68, 69, 72, 69, 70, 72, 70, 70, 72, 67, 68, 71, 69, 68, 69,
    66 ]
