%YAML:1.0
---
videoName: "headShake8.mp4"
gestureLabel: 201
fps: 29
pixelSizeInCmTemp: 3.2364864864864862e-01
faceCenterPointX: 243
faceCenterPointY: 72
headPositionsX: [ 244, 242, 243, 246, 244, 242, 242, 244, 242, 243, 245,
    244, 245, 246, 243, 242, 245, 242, 242, 242, 242, 246, 245, 244, 242,
    243, 242, 245, 241, 242, 241, 243, 242, 246, 248, 249, 252, 256, 260,
    266, 264, 267, 264, 262, 256, 253, 246, 242, 236, 232, 229, 233, 230,
    239, 243, 249, 253, 261, 261, 261, 257, 255, 253, 244, 244, 240, 233,
    232, 234, 236, 233, 237, 239, 242, 243, 247, 246, 249, 247, 250, 249,
    250, 250, 249, 250, 247, 250, 247, 245, 244, 243, 244, 245, 245, 242,
    244, 245, 244, 241, 241 ]
headPositionsY: [ 72, 70, 73, 70, 70, 71, 71, 72, 72, 73, 73, 74, 73, 72,
    72, 72, 69, 71, 69, 74, 74, 73, 69, 70, 72, 74, 73, 73, 70, 74, 73,
    73, 69, 72, 72, 72, 71, 72, 71, 71, 70, 68, 70, 69, 71, 69, 71, 69,
    71, 70, 70, 73, 71, 73, 70, 71, 72, 71, 69, 70, 68, 69, 73, 70, 71,
    71, 73, 73, 70, 74, 70, 73, 70, 74, 74, 72, 72, 73, 71, 73, 74, 70,
    69, 73, 69, 71, 73, 73, 69, 72, 70, 70, 71, 70, 72, 72, 74, 74, 70,
    71 ]
