%YAML:1.0
---
videoName: "headNod17.mp4"
gestureLabel: 202
fps: 30
pixelSizeInCmTemp: 3.2808219178082193e-01
faceCenterPointX: 253
faceCenterPointY: 76
headPositionsX: [ 251, 254, 254, 254, 254, 256, 255, 255, 254, 253, 254,
    253, 257, 254, 254, 255, 257, 256, 256, 255, 254, 255, 255, 253, 253,
    253, 255, 258, 256, 255, 254, 255, 254, 255, 253, 254, 257, 256, 255,
    256, 252, 251, 252, 251, 254, 252, 252, 253, 253, 253, 251, 252, 253,
    256, 256, 251, 257, 255, 257, 253, 257, 257, 255, 254, 255, 254, 253,
    253, 255, 254, 254, 255, 255, 256, 252, 253, 255, 256, 252, 253, 254,
    256, 252, 256, 254, 256, 255, 255, 252, 253, 254, 253, 256, 255, 255,
    254, 253, 252, 254, 253 ]
headPositionsY: [ 77, 77, 75, 77, 79, 79, 75, 80, 74, 76, 75, 79, 76, 79,
    77, 78, 78, 75, 80, 79, 78, 75, 72, 75, 74, 71, 68, 71, 70, 65, 65,
    66, 66, 70, 67, 72, 69, 74, 75, 78, 77, 83, 82, 86, 83, 84, 83, 83,
    83, 80, 77, 78, 76, 71, 70, 71, 69, 69, 70, 70, 73, 71, 75, 76, 78,
    79, 82, 80, 82, 79, 78, 76, 74, 78, 75, 76, 77, 81, 81, 80, 74, 76,
    76, 75, 75, 75, 77, 79, 77, 76, 77, 79, 76, 76, 77, 74, 76, 79, 77,
    79 ]
