%YAML:1.0
---
videoName: "headLookRight7.mp4"
gestureLabel: 204
fps: 30
pixelSizeInCmTemp: 3.4710144927536229e-01
faceCenterPointX: 226
faceCenterPointY: 74
headPositionsX: [ 225, 249, 247, 250, 251, 250, 248, 251, 252, 249, 248,
    249, 252, 249, 247, 250, 250, 248, 249, 250, 248, 249, 248, 247, 249,
    247, 248, 248, 248, 244, 245, 240, 240, 236, 237, 234, 233, 229, 230,
    226, 225, 223, 222, 225, 222, 224, 224, 226, 223, 221, 225, 227, 223,
    222, 222, 224, 222, 222, 224, 223, 225, 224, 224, 224, 226, 222, 222,
    221, 225, 224, 218, 227, 225, 227, 225, 225, 223, 222, 225, 224, 223,
    223, 224, 222, 224, 223, 228, 224, 223, 222, 223, 220, 220, 226, 226,
    224, 224, 224, 223, 226 ]
headPositionsY: [ 75, 74, 72, 77, 76, 77, 75, 73, 72, 76, 72, 75, 75, 76,
    75, 73, 73, 74, 77, 72, 76, 73, 74, 73, 75, 75, 73, 77, 75, 72, 77,
    74, 74, 75, 74, 74, 77, 74, 75, 74, 74, 72, 72, 74, 76, 72, 75, 75,
    75, 75, 76, 77, 76, 74, 73, 72, 76, 73, 73, 72, 73, 72, 73, 73, 74,
    72, 73, 71, 71, 72, 76, 75, 71, 77, 77, 72, 75, 73, 74, 72, 73, 77,
    73, 77, 76, 77, 76, 73, 74, 76, 74, 73, 74, 75, 75, 75, 74, 76, 72,
    73 ]
