%YAML:1.0
---
videoName: "headShake42.mp4"
gestureLabel: 201
fps: 29
pixelSizeInCmTemp: 3.2808219178082193e-01
faceCenterPointX: 257
faceCenterPointY: 85
headPositionsX: [ 256, 271, 275, 276, 279, 276, 276, 277, 277, 273, 272,
    271, 269, 261, 258, 256, 250, 249, 246, 245, 243, 243, 244, 244, 245,
    243, 249, 250, 253, 257, 265, 266, 272, 278, 279, 282, 277, 278, 279,
    275, 273, 268, 269, 263, 262, 257, 257, 251, 248, 250, 244, 247, 245,
    244, 244, 245, 247, 252, 253, 256, 260, 263, 262, 265, 266, 268, 268,
    268, 267, 268, 268, 267, 269, 267, 264, 264, 260, 259, 260, 261, 261,
    258, 257, 258, 255, 254, 256, 255, 254, 255, 258, 255, 254, 258, 255,
    256, 257, 255, 259, 259 ]
headPositionsY: [ 83, 84, 80, 83, 81, 80, 81, 82, 81, 80, 84, 86, 85, 86,
    82, 85, 83, 82, 86, 83, 82, 82, 83, 87, 84, 84, 84, 86, 83, 83, 87,
    82, 83, 84, 84, 84, 82, 82, 83, 84, 83, 87, 87, 87, 88, 87, 88, 88,
    88, 86, 87, 85, 84, 86, 84, 83, 83, 84, 84, 87, 87, 86, 87, 87, 86,
    86, 84, 85, 87, 84, 86, 88, 86, 84, 85, 87, 86, 85, 88, 83, 88, 84,
    84, 83, 84, 84, 86, 84, 87, 84, 88, 87, 85, 87, 87, 86, 85, 83, 86,
    86 ]
