%YAML:1.0
---
videoName: "headLookLeft1.mp4"
gestureLabel: 203
fps: 30
pixelSizeInCmTemp: 3.6287878787878786e-01
faceCenterPointX: 276
faceCenterPointY: 73
headPositionsX: [ 278, 258, 255, 254, 255, 255, 255, 256, 258, 256, 255,
    254, 256, 254, 256, 257, 258, 254, 258, 255, 259, 257, 258, 256, 256,
    257, 256, 255, 257, 257, 256, 259, 254, 257, 256, 254, 254, 255, 259,
    255, 255, 259, 253, 255, 258, 255, 255, 255, 254, 257, 253, 256, 255,
    254, 254, 257, 257, 255, 259, 258, 259, 262, 265, 264, 268, 269, 272,
    272, 275, 277, 279, 276, 273, 273, 272, 278, 279, 277, 278, 276, 282,
    277, 279, 280, 281, 279, 276, 280, 278, 279, 281, 279, 279, 277, 276,
    274, 277, 278, 279, 273 ]
headPositionsY: [ 72, 77, 75, 76, 76, 78, 77, 74, 74, 75, 76, 77, 77, 78,
    74, 74, 78, 75, 75, 77, 77, 78, 75, 75, 75, 77, 76, 78, 78, 78, 80,
    77, 76, 80, 76, 75, 80, 80, 78, 77, 79, 78, 77, 77, 77, 78, 76, 79,
    78, 76, 79, 76, 76, 77, 78, 76, 78, 78, 78, 81, 80, 79, 78, 76, 75,
    79, 76, 78, 78, 80, 76, 74, 77, 76, 72, 74, 75, 77, 78, 74, 74, 76,
    75, 76, 76, 78, 76, 75, 75, 75, 73, 75, 75, 75, 73, 73, 75, 76, 76,
    71 ]
