%YAML:1.0
---
videoName: "headNod20.mp4"
gestureLabel: 202
fps: 30
pixelSizeInCmTemp: 3.2808219178082193e-01
faceCenterPointX: 253
faceCenterPointY: 80
headPositionsX: [ 254, 258, 256, 258, 255, 258, 254, 256, 258, 256, 256,
    256, 256, 254, 258, 257, 254, 256, 254, 254, 253, 255, 254, 254, 254,
    256, 254, 254, 258, 256, 257, 253, 253, 258, 254, 256, 253, 256, 253,
    252, 254, 251, 256, 253, 255, 253, 253, 252, 251, 254, 253, 252, 250,
    253, 250, 249, 252, 254, 252, 251, 250, 252, 252, 253, 253, 253, 251,
    251, 252, 254, 255, 253, 253, 250, 251, 255, 255, 255, 251, 250, 252,
    250, 253, 252, 251, 252, 254, 255, 252, 253, 254, 253, 254, 254, 252,
    255, 253, 255, 252, 256 ]
headPositionsY: [ 82, 79, 79, 80, 77, 78, 78, 76, 78, 78, 77, 76, 79, 80,
    77, 78, 79, 79, 77, 79, 78, 78, 81, 76, 77, 79, 78, 79, 78, 84, 83,
    86, 88, 86, 85, 82, 79, 78, 73, 71, 71, 72, 74, 76, 76, 81, 86, 89,
    90, 86, 89, 82, 82, 78, 78, 77, 75, 77, 81, 82, 82, 84, 79, 81, 76,
    76, 78, 79, 82, 81, 80, 80, 77, 76, 80, 81, 80, 78, 84, 82, 79, 82,
    80, 82, 79, 80, 79, 82, 82, 80, 79, 82, 79, 80, 79, 79, 81, 82, 80,
    80 ]
