%YAML:1.0
---
videoName: "headShake37.mp4"
gestureLabel: 201
fps: 30
pixelSizeInCmTemp: 3.1933333333333330e-01
faceCenterPointX: 263
faceCenterPointY: 83
headPositionsX: [ 261, 260, 259, 261, 263, 261, 261, 261, 264, 260, 263,
    262, 264, 261, 264, 260, 263, 261, 260, 263, 262, 262, 261, 262, 260,
    259, 264, 264, 261, 264, 264, 264, 261, 262, 261, 264, 262, 260, 263,
    261, 262, 262, 259, 261, 262, 263, 263, 263, 269, 270, 275, 279, 279,
    283, 283, 279, 273, 264, 256, 253, 253, 253, 257, 256, 262, 267, 270,
    274, 272, 274, 270, 263, 260, 255, 252, 253, 253, 252, 256, 255, 259,
    259, 261, 264, 267, 265, 265, 267, 265, 265, 265, 266, 262, 263, 264,
    262, 264, 264, 263, 265 ]
headPositionsY: [ 81, 84, 82, 84, 84, 84, 81, 86, 85, 81, 84, 81, 81, 83,
    83, 82, 84, 82, 81, 83, 83, 82, 81, 82, 85, 82, 82, 83, 81, 80, 82,
    85, 81, 83, 84, 83, 85, 81, 82, 81, 82, 81, 85, 81, 84, 84, 82, 84,
    85, 84, 84, 80, 79, 79, 79, 81, 83, 84, 81, 83, 80, 80, 82, 80, 83,
    82, 79, 82, 82, 80, 80, 84, 85, 82, 85, 82, 83, 79, 81, 82, 83, 83,
    81, 83, 81, 83, 85, 84, 82, 84, 82, 85, 81, 84, 83, 84, 85, 85, 85,
    80 ]
