%YAML:1.0
---
videoName: "headShake9.mp4"
gestureLabel: 201
fps: 30
pixelSizeInCmTemp: 3.2808219178082193e-01
faceCenterPointX: 243
faceCenterPointY: 73
headPositionsX: [ 241, 243, 241, 243, 241, 241, 244, 243, 241, 244, 241,
    244, 240, 242, 241, 242, 242, 244, 245, 242, 242, 244, 245, 245, 242,
    242, 240, 243, 244, 241, 244, 242, 245, 241, 242, 244, 243, 244, 245,
    243, 248, 251, 255, 256, 263, 264, 263, 266, 263, 256, 251, 246, 241,
    240, 235, 232, 229, 227, 231, 236, 242, 249, 254, 255, 259, 263, 264,
    257, 255, 249, 246, 237, 232, 231, 232, 228, 226, 231, 239, 238, 246,
    246, 248, 252, 253, 250, 248, 249, 249, 245, 244, 244, 246, 246, 245,
    241, 244, 243, 244, 244 ]
headPositionsY: [ 72, 73, 73, 73, 71, 74, 74, 73, 71, 71, 73, 74, 71, 72,
    72, 71, 70, 72, 71, 73, 70, 74, 74, 71, 73, 74, 73, 71, 73, 73, 70,
    73, 73, 72, 73, 71, 73, 71, 74, 74, 73, 73, 72, 68, 68, 68, 69, 73,
    73, 73, 74, 74, 71, 74, 70, 74, 74, 71, 75, 75, 75, 73, 73, 70, 70,
    68, 72, 73, 71, 71, 73, 72, 73, 72, 75, 72, 74, 71, 74, 74, 72, 73,
    73, 70, 71, 75, 73, 75, 74, 71, 74, 71, 74, 71, 71, 72, 75, 73, 76,
    72 ]
