%YAML:1.0
---
videoName: "headLookLeft9.mp4"
gestureLabel: 203
fps: 30
pixelSizeInCmTemp: 3.2364864864864862e-01
faceCenterPointX: 273
faceCenterPointY: 69
headPositionsX: [ 272, 245, 248, 248, 248, 248, 249, 247, 244, 248, 245,
    246, 245, 247, 246, 246, 245, 244, 245, 247, 247, 244, 246, 243, 248,
    245, 247, 244, 245, 243, 244, 246, 250, 247, 249, 254, 256, 258, 260,
    262, 263, 265, 268, 269, 264, 267, 273, 270, 271, 270, 271, 273, 273,
    268, 273, 269, 274, 271, 273, 270, 271, 270, 270, 271, 275, 274, 269,
    270, 274, 273, 271, 273, 270, 273, 275, 272, 274, 270, 272, 271, 270,
    272, 269, 270, 273, 269, 272, 273, 270, 269, 272, 271, 271, 270, 273,
    274, 271, 270, 271, 271 ]
headPositionsY: [ 69, 70, 69, 71, 73, 68, 71, 71, 69, 72, 72, 72, 69, 71,
    70, 70, 70, 70, 71, 70, 69, 71, 69, 68, 69, 71, 70, 69, 70, 69, 70,
    70, 69, 72, 68, 71, 70, 70, 69, 66, 67, 68, 70, 71, 66, 68, 69, 67,
    70, 70, 69, 66, 67, 67, 68, 66, 67, 69, 68, 69, 68, 68, 70, 71, 66,
    71, 66, 70, 71, 67, 69, 70, 67, 68, 70, 66, 67, 67, 65, 70, 69, 67,
    65, 67, 71, 69, 66, 70, 67, 65, 68, 67, 69, 66, 66, 70, 71, 69, 68,
    71 ]
