%YAML:1.0
---
videoName: "headLookUp3.mp4"
gestureLabel: 205
fps: 29
pixelSizeInCmTemp: 3.7421874999999999e-01
faceCenterPointX: 254
faceCenterPointY: 68
headPositionsX: [ 253, 256, 254, 253, 256, 258, 254, 258, 257, 256, 254,
    256, 254, 258, 258, 254, 255, 256, 257, 255, 255, 256, 256, 256, 257,
    257, 258, 258, 256, 256, 259, 255, 258, 258, 254, 257, 258, 258, 256,
    256, 257, 254, 256, 257, 254, 258, 254, 256, 257, 258, 255, 256, 253,
    257, 255, 255, 256, 256, 254, 253, 255, 258, 255, 257, 256, 253, 256,
    256, 256, 257, 253, 255, 254, 257, 253, 255, 256, 257, 257, 255, 254,
    255, 257, 251, 253, 253, 256, 255, 256, 255, 256, 257, 258, 258, 254,
    257, 256, 259, 253, 257 ]
headPositionsY: [ 67, 84, 84, 83, 83, 80, 80, 80, 80, 80, 82, 80, 83, 80,
    82, 80, 82, 81, 82, 80, 84, 83, 83, 83, 81, 80, 80, 79, 82, 80, 83,
    82, 81, 80, 81, 80, 83, 82, 81, 80, 82, 78, 77, 75, 72, 73, 71, 69,
    70, 69, 65, 69, 68, 67, 69, 67, 71, 68, 66, 66, 67, 67, 67, 67, 66,
    66, 67, 68, 66, 70, 68, 67, 69, 68, 66, 65, 68, 66, 67, 66, 70, 69,
    67, 65, 67, 68, 70, 68, 66, 67, 65, 69, 66, 66, 67, 68, 71, 68, 66,
    67 ]
