%YAML:1.0
---
videoName: "headShake20.mp4"
gestureLabel: 201
fps: 29
pixelSizeInCmTemp: 3.3263888888888887e-01
faceCenterPointX: 242
faceCenterPointY: 78
headPositionsX: [ 241, 245, 242, 242, 242, 241, 243, 243, 244, 245, 242,
    241, 244, 244, 242, 241, 241, 245, 243, 244, 245, 244, 245, 243, 244,
    245, 245, 241, 243, 241, 244, 242, 245, 244, 244, 244, 242, 240, 245,
    245, 246, 252, 256, 260, 259, 258, 255, 254, 250, 242, 238, 232, 233,
    230, 228, 234, 236, 245, 246, 252, 254, 250, 248, 244, 243, 239, 235,
    235, 233, 232, 236, 236, 240, 245, 246, 245, 244, 244, 242, 241, 238,
    242, 241, 241, 242, 239, 244, 245, 241, 242, 242, 245, 241, 243, 241,
    242, 243, 240, 242, 239 ]
headPositionsY: [ 77, 78, 78, 74, 78, 75, 78, 76, 74, 79, 76, 77, 78, 78,
    75, 74, 74, 76, 77, 78, 75, 76, 78, 77, 75, 74, 75, 76, 77, 76, 77,
    76, 76, 75, 76, 77, 76, 76, 75, 76, 75, 74, 77, 74, 72, 75, 76, 78,
    78, 75, 74, 75, 77, 74, 73, 74, 77, 74, 78, 77, 75, 75, 77, 78, 77,
    76, 78, 77, 76, 76, 76, 77, 77, 77, 77, 75, 76, 77, 76, 78, 78, 79,
    77, 79, 77, 76, 79, 79, 78, 79, 77, 76, 77, 78, 79, 76, 76, 76, 77,
    74 ]
