%YAML:1.0
---
videoName: "headLookUp1.mp4"
gestureLabel: 205
fps: 29
pixelSizeInCmTemp: 3.7421874999999999e-01
faceCenterPointX: 258
faceCenterPointY: 66
headPositionsX: [ 260, 257, 257, 261, 257, 258, 261, 257, 259, 260, 258,
    258, 260, 257, 258, 260, 262, 260, 259, 259, 259, 259, 256, 259, 258,
    260, 258, 261, 260, 258, 257, 260, 259, 258, 261, 259, 257, 256, 260,
    260, 261, 256, 258, 256, 259, 257, 256, 257, 261, 258, 257, 255, 259,
    260, 260, 254, 258, 256, 256, 259, 257, 256, 260, 257, 257, 257, 257,
    258, 256, 256, 258, 258, 259, 259, 257, 255, 257, 260, 260, 259, 260,
    256, 260, 260, 260, 258, 256, 256, 256, 258, 256, 257, 258, 255, 259,
    255, 256, 258, 255, 261 ]
headPositionsY: [ 65, 81, 81, 80, 81, 82, 82, 80, 79, 79, 81, 83, 81, 79,
    82, 82, 79, 81, 83, 81, 79, 82, 79, 80, 82, 81, 80, 82, 83, 81, 83,
    81, 83, 83, 83, 79, 79, 79, 78, 82, 80, 76, 76, 78, 76, 74, 70, 69,
    70, 65, 65, 65, 67, 64, 66, 61, 66, 63, 65, 62, 68, 63, 65, 63, 68,
    62, 64, 64, 66, 63, 65, 63, 63, 68, 68, 63, 64, 63, 68, 66, 68, 65,
    67, 64, 64, 69, 65, 67, 64, 66, 63, 70, 66, 64, 68, 64, 64, 65, 67,
    65 ]
