%YAML:1.0
---
videoName: "headShake27.mp4"
gestureLabel: 201
fps: 29
pixelSizeInCmTemp: 3.3263888888888887e-01
faceCenterPointX: 244
faceCenterPointY: 78
headPositionsX: [ 243, 247, 244, 251, 250, 252, 255, 252, 254, 256, 254,
    256, 256, 255, 255, 248, 247, 245, 243, 240, 243, 239, 239, 238, 236,
    236, 231, 234, 232, 235, 233, 232, 236, 236, 239, 241, 239, 241, 246,
    249, 250, 246, 250, 247, 250, 249, 252, 248, 249, 246, 245, 241, 243,
    242, 239, 235, 233, 231, 232, 232, 233, 233, 236, 233, 234, 235, 238,
    240, 239, 239, 241, 246, 245, 244, 247, 247, 248, 250, 250, 246, 248,
    249, 247, 244, 245, 245, 246, 247, 247, 243, 245, 245, 242, 245, 247,
    243, 242, 242, 244, 244 ]
headPositionsY: [ 76, 77, 75, 76, 78, 74, 76, 76, 77, 78, 75, 78, 77, 74,
    81, 76, 77, 79, 77, 80, 77, 76, 79, 80, 78, 77, 80, 78, 79, 76, 81,
    80, 77, 78, 79, 81, 77, 78, 81, 81, 80, 79, 80, 81, 78, 80, 82, 81,
    77, 81, 80, 78, 79, 80, 79, 80, 79, 79, 81, 80, 80, 78, 78, 80, 80,
    81, 79, 79, 80, 80, 78, 78, 77, 81, 81, 82, 81, 80, 77, 82, 78, 78,
    77, 81, 79, 80, 78, 78, 80, 82, 79, 80, 77, 80, 81, 77, 81, 81, 80,
    82 ]
