%YAML:1.0
---
videoName: "headLookLeft2.mp4"
gestureLabel: 203
fps: 29
pixelSizeInCmTemp: 3.6846153846153845e-01
faceCenterPointX: 278
faceCenterPointY: 74
headPositionsX: [ 277, 258, 260, 258, 261, 257, 261, 260, 259, 259, 260,
    258, 258, 262, 263, 258, 258, 262, 264, 264, 263, 266, 266, 269, 270,
    270, 272, 275, 275, 275, 275, 276, 275, 280, 277, 283, 279, 279, 277,
    276, 279, 281, 281, 282, 281, 280, 283, 283, 287, 280, 282, 283, 281,
    281, 278, 282, 281, 274, 281, 279, 284, 275, 278, 282, 280, 280, 280,
    285, 281, 282, 278, 282, 279, 273, 275, 280, 276, 281, 280, 281, 277,
    281, 277, 282, 282, 280, 282, 279, 278, 280, 283, 278, 285, 281, 280,
    279, 282, 279, 287, 280 ]
headPositionsY: [ 75, 72, 75, 76, 75, 74, 77, 78, 77, 76, 75, 76, 73, 76,
    78, 76, 75, 75, 75, 78, 76, 74, 75, 73, 73, 76, 76, 75, 73, 73, 76,
    74, 72, 75, 73, 77, 76, 74, 74, 76, 75, 73, 77, 75, 76, 74, 74, 77,
    74, 76, 74, 78, 76, 74, 72, 76, 74, 76, 72, 77, 74, 75, 72, 72, 72,
    75, 74, 76, 73, 71, 72, 75, 77, 72, 71, 76, 72, 73, 75, 74, 75, 73,
    75, 73, 77, 73, 73, 75, 76, 74, 75, 75, 75, 73, 71, 73, 72, 75, 74,
    71 ]
