%YAML:1.0
---
videoName: "headLookRight0.mp4"
gestureLabel: 204
fps: 29
pixelSizeInCmTemp: 3.1933333333333330e-01
faceCenterPointX: 229
faceCenterPointY: 68
headPositionsX: [ 229, 255, 254, 253, 254, 254, 257, 256, 254, 255, 254,
    258, 256, 255, 258, 256, 256, 257, 254, 255, 258, 257, 256, 254, 258,
    253, 255, 254, 256, 257, 257, 258, 255, 257, 254, 254, 255, 254, 256,
    254, 251, 248, 248, 246, 243, 240, 238, 237, 235, 234, 232, 234, 236,
    232, 234, 234, 233, 232, 233, 234, 233, 234, 234, 232, 233, 231, 234,
    234, 235, 232, 235, 234, 232, 236, 232, 233, 231, 233, 230, 229, 234,
    232, 231, 229, 233, 232, 234, 233, 230, 228, 231, 233, 230, 229, 228,
    227, 232, 230, 226, 230 ]
headPositionsY: [ 69, 68, 65, 65, 66, 63, 66, 65, 63, 67, 64, 65, 68, 67,
    65, 69, 64, 67, 65, 66, 69, 68, 68, 69, 68, 67, 66, 67, 66, 67, 66,
    66, 68, 66, 70, 68, 67, 66, 67, 70, 67, 68, 67, 65, 65, 67, 69, 68,
    70, 65, 67, 70, 69, 67, 67, 70, 68, 66, 66, 66, 70, 69, 68, 69, 67,
    65, 65, 69, 65, 66, 67, 67, 70, 67, 68, 69, 68, 66, 71, 68, 66, 68,
    68, 69, 66, 69, 71, 69, 67, 67, 69, 69, 67, 71, 66, 66, 70, 65, 70,
    70 ]
