%YAML:1.0
---
videoName: "headShake26.mp4"
gestureLabel: 201
fps: 30
pixelSizeInCmTemp: 3.2808219178082193e-01
faceCenterPointX: 243
faceCenterPointY: 78
headPositionsX: [ 243, 239, 242, 240, 238, 243, 246, 245, 246, 249, 249,
    249, 253, 252, 249, 250, 252, 250, 246, 246, 243, 236, 234, 232, 229,
    227, 229, 231, 228, 230, 230, 237, 237, 242, 248, 244, 247, 251, 253,
    253, 254, 253, 249, 247, 243, 239, 241, 236, 231, 229, 228, 230, 230,
    232, 231, 232, 235, 241, 240, 248, 250, 252, 252, 251, 254, 250, 252,
    250, 248, 247, 247, 241, 239, 239, 239, 235, 236, 238, 235, 238, 235,
    239, 240, 238, 241, 240, 243, 240, 243, 245, 243, 242, 246, 243, 243,
    244, 245, 243, 243, 242 ]
headPositionsY: [ 79, 76, 76, 76, 77, 77, 79, 75, 80, 79, 78, 78, 79, 79,
    76, 78, 77, 79, 77, 78, 79, 78, 77, 78, 76, 76, 77, 77, 76, 75, 75,
    77, 77, 77, 80, 76, 78, 78, 74, 76, 77, 76, 78, 80, 79, 79, 78, 75,
    76, 79, 74, 74, 79, 75, 75, 79, 77, 78, 79, 79, 80, 79, 76, 79, 74,
    74, 76, 77, 77, 78, 81, 79, 78, 80, 77, 78, 78, 79, 79, 80, 77, 81,
    79, 77, 79, 79, 77, 77, 78, 80, 80, 80, 81, 81, 76, 81, 76, 79, 81,
    80 ]
