%YAML:1.0
---
videoName: "headNod15.mp4"
gestureLabel: 202
fps: 29
pixelSizeInCmTemp: 3.1933333333333330e-01
faceCenterPointX: 255
faceCenterPointY: 74
headPositionsX: [ 256, 257, 257, 256, 259, 259, 257, 256, 255, 258, 255,
    258, 257, 256, 254, 258, 254, 255, 253, 254, 256, 256, 254, 256, 257,
    253, 257, 254, 255, 257, 256, 253, 254, 256, 257, 257, 257, 253, 257,
    255, 255, 253, 257, 253, 253, 255, 254, 256, 252, 257, 257, 253, 257,
    257, 254, 256, 255, 256, 254, 255, 254, 256, 256, 254, 254, 258, 256,
    255, 254, 254, 254, 254, 255, 253, 253, 253, 255, 251, 255, 254, 254,
    253, 255, 252, 252, 254, 253, 255, 252, 256, 252, 254, 252, 255, 255,
    256, 254, 253, 255, 256 ]
headPositionsY: [ 73, 75, 73, 75, 73, 72, 75, 74, 73, 74, 72, 76, 72, 72,
    71, 76, 73, 76, 73, 72, 73, 76, 74, 71, 73, 73, 75, 74, 74, 73, 74,
    76, 76, 75, 75, 76, 79, 79, 82, 81, 84, 80, 79, 75, 75, 71, 73, 68,
    69, 75, 76, 78, 80, 82, 79, 79, 77, 70, 73, 68, 71, 71, 75, 78, 81,
    83, 82, 79, 80, 78, 72, 72, 71, 72, 72, 74, 78, 79, 79, 74, 72, 71,
    71, 71, 71, 70, 71, 73, 73, 72, 72, 75, 74, 72, 72, 71, 73, 74, 72,
    72 ]
