%YAML:1.0
---
videoName: "headNod24.mp4"
gestureLabel: 202
fps: 29
pixelSizeInCmTemp: 3.1513157894736843e-01
faceCenterPointX: 272
faceCenterPointY: 72
headPositionsX: [ 270, 273, 274, 274, 276, 274, 273, 274, 274, 275, 274,
    273, 275, 274, 274, 273, 274, 274, 275, 272, 274, 275, 275, 274, 272,
    274, 271, 272, 275, 273, 274, 275, 271, 272, 274, 275, 272, 275, 273,
    273, 273, 272, 272, 271, 270, 272, 271, 272, 272, 272, 272, 275, 273,
    271, 272, 270, 274, 271, 274, 272, 272, 274, 270, 269, 271, 271, 272,
    270, 273, 272, 273, 272, 270, 268, 272, 270, 268, 272, 273, 269, 271,
    270, 269, 268, 269, 269, 270, 272, 268, 269, 270, 270, 270, 274, 271,
    272, 270, 271, 271, 272 ]
headPositionsY: [ 70, 74, 71, 71, 71, 73, 72, 71, 76, 73, 74, 75, 71, 71,
    72, 76, 71, 74, 74, 71, 71, 74, 74, 73, 74, 75, 76, 73, 72, 72, 72,
    74, 72, 75, 75, 72, 69, 72, 68, 72, 72, 74, 74, 81, 79, 82, 79, 76,
    68, 68, 67, 69, 69, 74, 77, 75, 75, 71, 68, 70, 68, 68, 68, 68, 69,
    72, 75, 74, 76, 73, 74, 71, 71, 70, 71, 69, 71, 74, 73, 74, 72, 75,
    72, 70, 69, 68, 72, 70, 69, 71, 73, 71, 72, 74, 75, 71, 75, 73, 70,
    73 ]
