%YAML:1.0
---
videoName: "headShake39.mp4"
gestureLabel: 201
fps: 29
pixelSizeInCmTemp: 3.1933333333333330e-01
faceCenterPointX: 263
faceCenterPointY: 83
headPositionsX: [ 261, 263, 263, 262, 261, 262, 260, 261, 261, 260, 260,
    260, 262, 259, 259, 260, 259, 258, 261, 259, 257, 261, 258, 254, 252,
    251, 250, 246, 245, 242, 243, 242, 249, 253, 258, 259, 266, 270, 275,
    281, 283, 278, 276, 269, 266, 257, 253, 249, 245, 249, 248, 247, 252,
    254, 259, 269, 274, 278, 280, 281, 278, 275, 267, 262, 261, 256, 252,
    250, 247, 250, 253, 251, 253, 255, 258, 258, 259, 261, 263, 265, 265,
    264, 265, 265, 268, 268, 266, 267, 266, 265, 264, 263, 264, 262, 261,
    265, 260, 262, 263, 263 ]
headPositionsY: [ 84, 81, 82, 82, 82, 83, 84, 83, 84, 80, 81, 84, 81, 85,
    84, 85, 83, 81, 85, 84, 81, 84, 84, 81, 84, 85, 80, 80, 80, 84, 85,
    84, 81, 81, 81, 84, 84, 80, 79, 79, 80, 79, 81, 81, 84, 82, 83, 82,
    82, 81, 81, 85, 84, 83, 81, 83, 81, 82, 80, 80, 81, 83, 81, 82, 80,
    82, 78, 79, 77, 78, 81, 82, 82, 80, 82, 82, 85, 82, 84, 81, 80, 83,
    80, 83, 83, 83, 84, 81, 80, 85, 82, 82, 84, 82, 83, 81, 81, 84, 83,
    84 ]
