%YAML:1.0
---
videoName: "headNod18.mp4"
gestureLabel: 202
fps: 29
pixelSizeInCmTemp: 3.3263888888888887e-01
faceCenterPointX: 255
faceCenterPointY: 77
headPositionsX: [ 254, 256, 256, 254, 256, 255, 259, 257, 256, 254, 254,
    258, 256, 257, 254, 257, 256, 256, 256, 256, 257, 256, 256, 254, 257,
    253, 255, 253, 256, 252, 256, 256, 253, 253, 256, 257, 256, 256, 256,
    254, 257, 255, 253, 254, 253, 254, 254, 254, 254, 253, 255, 255, 255,
    257, 252, 253, 256, 253, 255, 253, 256, 252, 253, 254, 253, 256, 255,
    256, 256, 254, 255, 253, 253, 254, 256, 252, 255, 256, 254, 253, 255,
    255, 252, 255, 254, 255, 257, 257, 254, 257, 255, 254, 253, 254, 253,
    256, 258, 256, 257, 255 ]
headPositionsY: [ 76, 80, 77, 77, 79, 75, 75, 79, 79, 76, 75, 78, 77, 78,
    77, 77, 78, 78, 80, 80, 79, 80, 77, 77, 80, 80, 81, 77, 78, 77, 79,
    76, 78, 76, 79, 78, 78, 78, 77, 76, 76, 72, 71, 73, 70, 73, 70, 74,
    75, 76, 78, 79, 77, 82, 82, 80, 79, 76, 71, 74, 74, 73, 77, 79, 80,
    84, 78, 78, 76, 76, 76, 77, 78, 81, 82, 85, 83, 82, 77, 77, 73, 75,
    75, 79, 78, 82, 82, 83, 80, 82, 77, 77, 76, 75, 77, 79, 79, 76, 75,
    76 ]
