%YAML:1.0
---
videoName: "headLookDown5.mp4"
gestureLabel: 206
fps: 29
pixelSizeInCmTemp: 3.4710144927536229e-01
faceCenterPointX: 272
faceCenterPointY: 102
headPositionsX: [ 271, 272, 272, 272, 269, 273, 272, 269, 270, 273, 272,
    273, 270, 273, 273, 273, 272, 270, 269, 273, 271, 271, 271, 270, 271,
    271, 271, 272, 271, 270, 271, 272, 274, 273, 273, 271, 271, 272, 274,
    269, 273, 273, 273, 271, 272, 272, 272, 272, 274, 269, 272, 270, 271,
    274, 273, 271, 270, 274, 274, 273, 272, 272, 271, 273, 270, 272, 269,
    270, 269, 271, 271, 270, 271, 274, 270, 273, 272, 271, 272, 273, 272,
    274, 271, 271, 271, 275, 271, 273, 271, 273, 274, 274, 273, 272, 269,
    273, 273, 273, 272, 270 ]
headPositionsY: [ 101, 85, 83, 86, 86, 82, 84, 86, 83, 86, 84, 82, 85,
    85, 82, 82, 81, 81, 83, 85, 82, 85, 81, 81, 82, 85, 82, 85, 84, 84,
    84, 84, 82, 85, 82, 82, 84, 82, 86, 85, 83, 85, 81, 82, 82, 86, 86,
    87, 86, 88, 87, 90, 91, 95, 95, 96, 97, 98, 96, 100, 101, 102, 98,
    100, 101, 99, 101, 101, 102, 100, 104, 103, 105, 104, 103, 101, 103,
    103, 104, 104, 104, 105, 100, 102, 105, 102, 104, 102, 104, 104, 103,
    102, 101, 102, 101, 101, 105, 101, 105, 104 ]
