%YAML:1.0
---
videoName: "headLookLeft0.mp4"
gestureLabel: 203
fps: 29
pixelSizeInCmTemp: 3.6287878787878786e-01
faceCenterPointX: 286
faceCenterPointY: 69
headPositionsX: [ 285, 256, 253, 257, 252, 256, 252, 252, 252, 254, 254,
    255, 254, 254, 251, 252, 253, 251, 254, 251, 252, 252, 255, 255, 256,
    253, 256, 257, 256, 252, 253, 256, 253, 254, 256, 254, 257, 256, 255,
    256, 253, 254, 258, 254, 254, 256, 256, 254, 254, 256, 256, 256, 253,
    256, 255, 254, 254, 253, 255, 255, 253, 257, 254, 256, 257, 254, 256,
    253, 256, 255, 255, 254, 255, 255, 256, 254, 256, 254, 259, 263, 259,
    263, 265, 267, 270, 271, 276, 276, 281, 275, 278, 278, 280, 281, 288,
    288, 285, 285, 285, 285 ]
headPositionsY: [ 68, 71, 69, 71, 69, 68, 70, 66, 68, 69, 68, 68, 71, 71,
    70, 69, 69, 70, 69, 71, 68, 67, 68, 70, 70, 71, 68, 69, 69, 69, 69,
    71, 68, 69, 73, 73, 73, 73, 68, 70, 72, 70, 70, 69, 71, 69, 71, 74,
    73, 73, 70, 69, 69, 71, 69, 73, 72, 72, 72, 71, 73, 69, 72, 72, 74,
    72, 72, 71, 69, 71, 73, 72, 73, 72, 69, 71, 71, 73, 72, 70, 70, 71,
    69, 69, 68, 67, 70, 69, 73, 67, 65, 69, 68, 69, 68, 69, 71, 71, 68,
    71 ]
