%YAML:1.0
---
videoName: "headNod31.mp4"
gestureLabel: 202
fps: 29
pixelSizeInCmTemp: 2.8855421686746985e-01
faceCenterPointX: 267
faceCenterPointY: 75
headPositionsX: [ 266, 271, 271, 268, 269, 272, 271, 270, 271, 268, 269,
    270, 268, 270, 269, 268, 270, 266, 270, 266, 269, 266, 269, 268, 267,
    264, 266, 267, 270, 270, 267, 270, 269, 268, 269, 270, 268, 269, 267,
    269, 267, 269, 268, 265, 268, 267, 267, 266, 266, 268, 265, 268, 268,
    265, 268, 263, 267, 268, 267, 268, 266, 268, 266, 267, 267, 268, 264,
    265, 267, 268, 267, 265, 264, 265, 265, 268, 267, 266, 265, 268, 268,
    264, 265, 268, 268, 264, 268, 265, 267, 266, 265, 268, 266, 269, 267,
    267, 266, 269, 267, 268 ]
headPositionsY: [ 76, 74, 72, 73, 75, 75, 76, 65, 65, 66, 64, 65, 64, 66,
    74, 81, 82, 83, 88, 86, 87, 84, 82, 78, 75, 70, 72, 70, 70, 67, 71,
    68, 74, 76, 76, 84, 84, 86, 88, 88, 84, 80, 80, 78, 73, 73, 73, 74,
    78, 79, 80, 84, 86, 84, 85, 78, 78, 75, 72, 69, 70, 71, 69, 67, 71,
    75, 73, 79, 77, 83, 78, 77, 76, 78, 75, 71, 71, 70, 73, 71, 75, 75,
    74, 78, 79, 78, 75, 77, 77, 73, 77, 75, 72, 76, 76, 76, 77, 77, 76,
    73 ]
