%YAML:1.0
---
videoName: "headNod19.mp4"
gestureLabel: 202
fps: 29
pixelSizeInCmTemp: 3.1933333333333330e-01
faceCenterPointX: 255
faceCenterPointY: 81
headPositionsX: [ 255, 258, 259, 259, 259, 254, 256, 255, 258, 256, 253,
    258, 256, 254, 257, 254, 251, 252, 253, 254, 253, 254, 249, 250, 250,
    249, 249, 249, 249, 251, 248, 249, 250, 252, 253, 255, 255, 252, 253,
    254, 252, 254, 253, 257, 255, 257, 257, 258, 256, 255, 257, 256, 257,
    255, 256, 254, 258, 258, 255, 257, 255, 256, 253, 257, 255, 256, 254,
    254, 255, 257, 256, 254, 256, 255, 255, 255, 256, 255, 256, 257, 254,
    257, 256, 255, 257, 254, 255, 254, 254, 254, 253, 258, 254, 256, 258,
    257, 255, 253, 256, 255 ]
headPositionsY: [ 82, 83, 84, 82, 79, 78, 79, 75, 76, 79, 75, 74, 79, 76,
    75, 77, 76, 76, 77, 77, 77, 78, 78, 76, 81, 76, 81, 79, 78, 80, 77,
    78, 76, 79, 77, 77, 78, 80, 80, 81, 78, 78, 78, 76, 79, 81, 79, 80,
    79, 79, 80, 81, 80, 80, 79, 79, 79, 80, 79, 81, 78, 78, 79, 81, 82,
    80, 78, 79, 74, 75, 75, 76, 77, 76, 81, 83, 85, 83, 81, 78, 78, 74,
    79, 79, 84, 82, 85, 82, 83, 82, 82, 82, 83, 81, 82, 84, 84, 79, 84,
    80 ]
