%YAML:1.0
---
videoName: "headShake25.mp4"
gestureLabel: 201
fps: 30
pixelSizeInCmTemp: 3.2364864864864862e-01
faceCenterPointX: 241
faceCenterPointY: 79
headPositionsX: [ 239, 253, 253, 254, 250, 253, 248, 247, 245, 245, 240,
    236, 234, 235, 231, 231, 228, 228, 231, 229, 230, 233, 232, 234, 238,
    239, 243, 244, 247, 248, 246, 249, 250, 246, 246, 243, 241, 241, 240,
    236, 231, 231, 231, 228, 231, 230, 231, 230, 232, 236, 241, 239, 245,
    247, 245, 249, 252, 248, 253, 250, 251, 247, 248, 248, 246, 245, 243,
    237, 239, 239, 236, 234, 234, 235, 234, 237, 235, 234, 237, 238, 239,
    240, 238, 243, 242, 241, 242, 243, 241, 244, 240, 244, 240, 243, 240,
    241, 244, 242, 241, 238 ]
headPositionsY: [ 81, 78, 76, 78, 74, 76, 75, 76, 77, 79, 76, 77, 77, 78,
    77, 78, 80, 78, 77, 80, 79, 77, 78, 77, 78, 76, 79, 80, 79, 78, 78,
    76, 78, 81, 79, 78, 78, 76, 80, 77, 76, 80, 80, 77, 77, 80, 79, 77,
    79, 81, 80, 79, 79, 77, 79, 80, 82, 78, 76, 80, 81, 80, 80, 81, 79,
    79, 81, 80, 80, 77, 77, 78, 79, 78, 79, 78, 77, 78, 79, 77, 80, 79,
    77, 80, 78, 78, 78, 79, 78, 78, 79, 78, 80, 78, 78, 78, 80, 80, 81,
    78 ]
