%YAML:1.0
---
videoName: "headNod4.mp4"
gestureLabel: 202
fps: 29
pixelSizeInCmTemp: 3.2808219178082193e-01
faceCenterPointX: 264
faceCenterPointY: 72
headPositionsX: [ 264, 267, 268, 269, 268, 272, 272, 270, 273, 273, 269,
    267, 270, 267, 268, 267, 269, 269, 266, 268, 267, 268, 270, 269, 269,
    268, 270, 269, 269, 266, 266, 269, 269, 266, 268, 265, 268, 265, 269,
    269, 267, 266, 265, 268, 268, 265, 267, 270, 268, 270, 268, 267, 267,
    266, 268, 267, 267, 264, 266, 264, 267, 268, 267, 266, 267, 267, 264,
    263, 264, 265, 267, 263, 265, 265, 265, 263, 262, 262, 265, 263, 266,
    266, 266, 265, 266, 265, 265, 265, 264, 267, 265, 264, 266, 262, 265,
    267, 262, 264, 263, 266 ]
headPositionsY: [ 70, 72, 76, 76, 73, 76, 75, 72, 75, 75, 76, 72, 73, 72,
    73, 77, 76, 73, 76, 72, 75, 73, 73, 75, 72, 74, 73, 73, 75, 77, 73,
    74, 77, 74, 73, 74, 74, 72, 73, 73, 77, 75, 73, 74, 73, 71, 70, 67,
    65, 66, 64, 71, 73, 76, 75, 82, 84, 84, 79, 77, 72, 72, 70, 70, 69,
    69, 74, 78, 82, 80, 81, 81, 82, 76, 76, 72, 71, 69, 70, 67, 67, 71,
    74, 74, 78, 83, 83, 83, 83, 83, 80, 81, 79, 79, 74, 78, 76, 74, 74,
    74 ]
