%YAML:1.0
---
videoName: "headLookUp3.mp4"
gestureLabel: 205
fps: 29
pixelSizeInCmTemp: 3.7421874999999999e-01
faceCenterPointX: 254
faceCenterPointY: 68
headPositionsX: [ 255, 256, 258, 256, 253, 254, 256, 256, 255, 255, 257,
    254, 253, 257, 258, 255, 254, 257, 255, 258, 256, 255, 255, 257, 257,
    254, 256, 257, 257, 256, 256, 258, 258, 259, 255, 254, 257, 258, 254,
    257, 256, 258, 257, 254, 253, 255, 256, 255, 255, 254, 255, 256, 253,
    256, 255, 254, 253, 253, 255, 253, 254, 258, 256, 257, 253, 253, 258,
    252, 253, 254, 255, 257, 257, 256, 254, 257, 256, 254, 254, 254, 258,
    255, 258, 254, 256, 257, 254, 255, 254, 254, 255, 258, 255, 258, 252,
    253, 256, 257, 254, 254 ]
headPositionsY: [ 66, 81, 83, 82, 83, 84, 81, 83, 81, 83, 82, 82, 82, 80,
    80, 82, 79, 84, 83, 80, 80, 82, 82, 82, 82, 83, 83, 83, 82, 83, 81,
    81, 80, 81, 83, 82, 80, 81, 82, 80, 80, 75, 76, 73, 73, 72, 70, 71,
    70, 67, 66, 66, 68, 66, 69, 66, 68, 66, 69, 67, 66, 69, 70, 68, 68,
    66, 67, 67, 69, 66, 68, 70, 69, 65, 69, 69, 68, 66, 69, 69, 70, 68,
    70, 68, 69, 65, 68, 70, 65, 66, 66, 67, 66, 69, 67, 70, 67, 68, 68,
    69 ]
