%YAML:1.0
---
videoName: "headNod37.mp4"
gestureLabel: 202
fps: 29
pixelSizeInCmTemp: 2.9207317073170730e-01
faceCenterPointX: 269
faceCenterPointY: 78
headPositionsX: [ 269, 272, 271, 270, 268, 270, 271, 267, 270, 267, 272,
    271, 273, 271, 268, 270, 270, 267, 268, 270, 269, 270, 268, 269, 271,
    267, 268, 271, 270, 272, 269, 270, 268, 272, 270, 271, 269, 268, 270,
    269, 269, 271, 271, 270, 268, 268, 271, 268, 270, 269, 271, 267, 272,
    269, 269, 272, 268, 268, 269, 269, 267, 267, 268, 269, 268, 268, 265,
    267, 264, 267, 266, 264, 268, 268, 270, 268, 270, 269, 267, 268, 269,
    268, 268, 271, 268, 268, 269, 271, 268, 270, 268, 267, 268, 271, 268,
    271, 266, 269, 269, 269 ]
headPositionsY: [ 78, 75, 77, 75, 74, 77, 74, 75, 76, 76, 75, 74, 73, 73,
    77, 76, 75, 75, 74, 74, 76, 75, 76, 77, 76, 76, 75, 74, 76, 77, 74,
    76, 77, 76, 76, 75, 76, 75, 74, 78, 75, 76, 75, 73, 74, 75, 77, 78,
    79, 78, 73, 72, 72, 70, 66, 67, 63, 65, 69, 68, 69, 72, 80, 82, 88,
    88, 89, 87, 82, 81, 75, 73, 69, 67, 68, 67, 64, 67, 69, 68, 70, 75,
    78, 79, 81, 80, 80, 81, 81, 80, 81, 77, 78, 79, 76, 76, 75, 76, 77,
    79 ]
