%YAML:1.0
---
videoName: "headShake26.mp4"
gestureLabel: 201
fps: 30
pixelSizeInCmTemp: 3.2808219178082193e-01
faceCenterPointX: 243
faceCenterPointY: 78
headPositionsX: [ 245, 240, 240, 241, 240, 245, 245, 246, 249, 247, 250,
    250, 251, 249, 252, 250, 250, 246, 246, 245, 241, 235, 237, 232, 230,
    227, 228, 228, 229, 231, 234, 234, 237, 239, 245, 247, 248, 253, 250,
    255, 255, 249, 252, 248, 247, 242, 239, 237, 234, 232, 230, 227, 228,
    229, 229, 233, 235, 241, 244, 247, 246, 252, 253, 251, 254, 250, 249,
    248, 247, 246, 244, 242, 243, 242, 239, 235, 236, 235, 235, 237, 238,
    237, 239, 240, 242, 242, 243, 240, 241, 243, 243, 246, 244, 244, 243,
    242, 244, 242, 245, 242 ]
headPositionsY: [ 79, 76, 79, 76, 76, 75, 76, 79, 77, 76, 80, 79, 76, 77,
    78, 78, 80, 77, 76, 76, 79, 76, 79, 76, 78, 78, 75, 77, 77, 75, 78,
    77, 75, 77, 77, 75, 76, 79, 77, 77, 76, 76, 77, 80, 79, 79, 79, 75,
    79, 80, 76, 76, 79, 77, 77, 79, 79, 77, 77, 80, 76, 78, 77, 79, 74,
    78, 77, 79, 81, 79, 77, 79, 78, 79, 79, 80, 78, 77, 78, 80, 77, 81,
    81, 78, 79, 76, 79, 80, 81, 81, 79, 81, 80, 79, 79, 77, 76, 77, 78,
    81 ]
