%YAML:1.0
---
videoName: "headLookRight9.mp4"
gestureLabel: 204
fps: 29
pixelSizeInCmTemp: 2.8511904761904761e-01
faceCenterPointX: 217
faceCenterPointY: 75
headPositionsX: [ 215, 244, 244, 245, 243, 245, 242, 243, 242, 244, 244,
    243, 245, 241, 241, 245, 245, 242, 244, 244, 242, 242, 244, 243, 241,
    242, 241, 242, 245, 241, 241, 237, 236, 233, 234, 229, 228, 225, 221,
    219, 222, 218, 217, 214, 216, 214, 215, 215, 217, 217, 215, 214, 212,
    216, 211, 211, 213, 214, 214, 214, 214, 214, 219, 212, 219, 217, 215,
    214, 213, 214, 214, 211, 209, 216, 213, 216, 215, 216, 216, 215, 216,
    217, 214, 217, 217, 218, 217, 215, 218, 216, 215, 213, 214, 216, 213,
    215, 216, 220, 219, 219 ]
headPositionsY: [ 74, 72, 75, 76, 77, 76, 76, 73, 75, 75, 74, 74, 74, 76,
    74, 76, 76, 76, 74, 74, 75, 73, 76, 73, 75, 75, 75, 74, 73, 74, 75,
    75, 75, 75, 76, 74, 71, 70, 75, 74, 74, 71, 73, 82, 71, 70, 73, 72,
    69, 69, 73, 73, 73, 73, 74, 72, 73, 72, 72, 71, 69, 71, 73, 72, 76,
    78, 71, 76, 71, 70, 73, 80, 78, 71, 72, 72, 73, 75, 72, 74, 71, 72,
    71, 73, 73, 72, 71, 73, 72, 74, 78, 73, 72, 71, 73, 71, 75, 72, 71,
    79 ]
