%YAML:1.0
---
videoName: "headShake41.mp4"
gestureLabel: 201
fps: 29
pixelSizeInCmTemp: 3.2364864864864862e-01
faceCenterPointX: 264
faceCenterPointY: 85
headPositionsX: [ 265, 261, 263, 260, 262, 261, 260, 259, 263, 263, 263,
    262, 263, 261, 261, 263, 259, 259, 259, 262, 264, 263, 266, 263, 265,
    269, 269, 272, 274, 277, 278, 277, 282, 280, 278, 281, 279, 281, 276,
    278, 272, 271, 265, 260, 255, 256, 253, 251, 246, 248, 244, 244, 246,
    245, 250, 250, 249, 251, 259, 258, 266, 267, 269, 273, 273, 277, 277,
    277, 278, 277, 277, 274, 274, 274, 270, 266, 266, 265, 266, 267, 265,
    261, 265, 265, 265, 261, 261, 264, 260, 264, 262, 264, 261, 263, 262,
    264, 261, 261, 261, 263 ]
headPositionsY: [ 84, 83, 84, 84, 85, 85, 81, 85, 85, 84, 84, 83, 85, 83,
    83, 84, 82, 82, 82, 81, 84, 82, 84, 82, 85, 84, 82, 84, 83, 82, 82,
    79, 79, 80, 83, 82, 83, 83, 81, 81, 82, 85, 86, 83, 84, 86, 85, 84,
    84, 84, 81, 83, 81, 86, 86, 85, 83, 82, 85, 85, 83, 83, 84, 82, 83,
    82, 84, 86, 86, 84, 82, 83, 84, 84, 86, 85, 83, 83, 86, 83, 82, 84,
    84, 84, 86, 84, 84, 83, 82, 86, 82, 83, 86, 82, 82, 85, 85, 83, 84,
    86 ]
