%YAML:1.0
---
videoName: "headNod26.mp4"
gestureLabel: 202
fps: 29
pixelSizeInCmTemp: 3.1513157894736843e-01
faceCenterPointX: 271
faceCenterPointY: 78
headPositionsX: [ 269, 274, 272, 271, 272, 274, 272, 270, 271, 272, 272,
    271, 273, 274, 275, 273, 272, 273, 274, 274, 270, 275, 274, 272, 270,
    271, 272, 271, 269, 271, 274, 272, 274, 269, 274, 270, 269, 272, 269,
    271, 272, 273, 274, 272, 270, 270, 270, 272, 272, 270, 270, 273, 274,
    274, 273, 271, 270, 272, 273, 272, 274, 274, 273, 274, 271, 272, 271,
    273, 271, 274, 271, 273, 272, 270, 274, 270, 271, 271, 271, 271, 268,
    273, 273, 268, 272, 269, 269, 270, 272, 274, 273, 274, 270, 273, 270,
    272, 273, 269, 271, 269 ]
headPositionsY: [ 76, 72, 75, 74, 75, 70, 70, 71, 69, 67, 68, 66, 64, 67,
    68, 67, 70, 71, 74, 77, 79, 82, 83, 83, 82, 81, 77, 72, 74, 70, 67,
    70, 68, 66, 68, 73, 72, 73, 77, 81, 78, 78, 79, 72, 74, 72, 67, 71,
    67, 69, 71, 71, 72, 75, 76, 77, 74, 75, 72, 69, 68, 66, 66, 65, 67,
    69, 68, 68, 69, 70, 75, 76, 75, 77, 76, 72, 70, 70, 67, 71, 68, 69,
    72, 72, 71, 75, 77, 77, 76, 79, 81, 77, 79, 81, 78, 77, 78, 80, 78,
    76 ]
