%YAML:1.0
---
videoName: "headLookUp2.mp4"
gestureLabel: 205
fps: 29
pixelSizeInCmTemp: 3.7421874999999999e-01
faceCenterPointX: 254
faceCenterPointY: 67
headPositionsX: [ 256, 256, 256, 256, 258, 254, 255, 255, 256, 255, 256,
    253, 255, 256, 255, 252, 255, 257, 254, 255, 254, 252, 253, 255, 256,
    257, 256, 256, 254, 254, 255, 255, 254, 255, 256, 252, 254, 253, 252,
    254, 256, 255, 252, 252, 256, 253, 256, 253, 254, 255, 252, 256, 254,
    255, 256, 256, 251, 253, 254, 253, 252, 252, 255, 252, 251, 253, 252,
    256, 255, 252, 254, 252, 254, 253, 251, 252, 252, 254, 253, 256, 256,
    253, 256, 253, 254, 251, 253, 255, 253, 256, 252, 252, 252, 256, 252,
    256, 252, 256, 256, 255 ]
headPositionsY: [ 67, 79, 83, 81, 80, 83, 80, 83, 80, 83, 84, 81, 81, 79,
    78, 80, 83, 81, 78, 83, 83, 80, 81, 82, 81, 83, 83, 82, 78, 80, 82,
    80, 79, 83, 82, 78, 82, 81, 81, 80, 82, 80, 79, 78, 77, 77, 72, 71,
    71, 67, 71, 68, 70, 70, 68, 69, 66, 67, 69, 67, 69, 69, 68, 68, 70,
    67, 68, 69, 69, 66, 66, 67, 66, 68, 69, 68, 67, 69, 70, 69, 67, 66,
    68, 68, 71, 69, 67, 68, 69, 68, 69, 66, 69, 69, 68, 67, 66, 69, 67,
    66 ]
