%YAML:1.0
---
videoName: "headShake16.mp4"
gestureLabel: 201
fps: 29
pixelSizeInCmTemp: 3.2364864864864862e-01
faceCenterPointX: 242
faceCenterPointY: 77
headPositionsX: [ 242, 244, 244, 244, 244, 246, 245, 242, 241, 241, 243,
    241, 243, 244, 244, 242, 242, 245, 244, 244, 241, 244, 245, 244, 244,
    243, 241, 243, 241, 245, 244, 243, 240, 243, 240, 243, 240, 242, 247,
    248, 249, 255, 253, 256, 254, 248, 248, 243, 241, 236, 235, 232, 233,
    238, 240, 242, 243, 249, 249, 247, 247, 246, 249, 244, 239, 238, 234,
    236, 234, 235, 237, 238, 236, 241, 241, 245, 244, 244, 243, 242, 244,
    241, 241, 238, 239, 240, 239, 241, 242, 242, 239, 242, 244, 244, 242,
    242, 243, 243, 242, 244 ]
headPositionsY: [ 78, 77, 76, 78, 75, 75, 77, 78, 75, 77, 75, 77, 76, 76,
    78, 75, 73, 77, 78, 77, 78, 75, 76, 74, 77, 74, 75, 74, 76, 74, 74,
    76, 75, 75, 75, 78, 76, 75, 76, 77, 75, 77, 75, 73, 77, 77, 74, 77,
    76, 76, 79, 76, 77, 79, 79, 75, 77, 76, 78, 77, 74, 75, 77, 75, 76,
    77, 77, 78, 78, 79, 76, 79, 76, 75, 78, 76, 75, 79, 76, 77, 80, 77,
    79, 79, 78, 78, 78, 77, 79, 75, 73, 77, 77, 78, 77, 77, 74, 75, 76,
    78 ]
