%YAML:1.0
---
videoName: "headShake40.mp4"
gestureLabel: 201
fps: 29
pixelSizeInCmTemp: 3.2808219178082193e-01
faceCenterPointX: 261
faceCenterPointY: 86
headPositionsX: [ 263, 260, 261, 259, 261, 260, 259, 259, 261, 259, 263,
    262, 261, 259, 262, 263, 262, 263, 259, 258, 261, 260, 263, 258, 260,
    258, 263, 259, 260, 257, 256, 253, 253, 255, 254, 256, 255, 259, 265,
    271, 274, 280, 279, 277, 280, 275, 271, 264, 259, 256, 251, 249, 247,
    246, 248, 251, 257, 260, 264, 266, 270, 270, 268, 269, 266, 263, 259,
    259, 256, 259, 257, 255, 260, 262, 264, 265, 265, 265, 266, 265, 266,
    266, 260, 262, 257, 260, 257, 255, 259, 256, 260, 260, 258, 261, 258,
    258, 259, 262, 260, 262 ]
headPositionsY: [ 86, 84, 82, 83, 83, 83, 81, 82, 86, 85, 83, 82, 82, 84,
    86, 85, 83, 84, 82, 84, 83, 81, 85, 86, 83, 83, 83, 86, 83, 82, 81,
    84, 84, 85, 82, 83, 85, 86, 82, 82, 81, 81, 81, 78, 81, 83, 81, 83,
    84, 84, 81, 83, 79, 82, 84, 83, 84, 86, 82, 81, 83, 82, 83, 84, 82,
    85, 82, 83, 81, 83, 81, 83, 82, 84, 80, 82, 85, 83, 82, 82, 84, 81,
    84, 86, 83, 82, 83, 85, 82, 85, 85, 87, 85, 87, 84, 87, 86, 85, 88,
    84 ]
