%YAML:1.0
---
videoName: "headShake46.mp4"
gestureLabel: 201
fps: 30
pixelSizeInCmTemp: 3.2364864864864862e-01
faceCenterPointX: 262
faceCenterPointY: 85
headPositionsX: [ 263, 259, 263, 259, 260, 258, 262, 260, 261, 259, 260,
    262, 258, 259, 259, 260, 262, 259, 262, 259, 263, 259, 261, 261, 262,
    260, 258, 260, 259, 259, 263, 265, 272, 275, 276, 277, 277, 273, 267,
    261, 253, 249, 250, 254, 255, 262, 268, 267, 267, 269, 264, 257, 255,
    252, 255, 257, 262, 267, 270, 266, 266, 261, 259, 256, 259, 259, 262,
    267, 267, 267, 267, 263, 263, 259, 261, 258, 259, 265, 266, 265, 265,
    266, 262, 262, 258, 261, 258, 262, 259, 259, 259, 258, 260, 261, 262,
    264, 259, 261, 260, 262 ]
headPositionsY: [ 84, 84, 85, 85, 84, 86, 82, 84, 83, 86, 83, 85, 86, 82,
    83, 83, 85, 87, 85, 84, 86, 83, 86, 84, 83, 83, 82, 86, 85, 85, 84,
    83, 83, 83, 83, 80, 83, 84, 85, 84, 85, 83, 83, 87, 86, 84, 85, 83,
    85, 87, 86, 85, 86, 87, 86, 85, 87, 84, 82, 87, 86, 87, 87, 83, 87,
    86, 83, 85, 83, 83, 85, 86, 86, 86, 84, 87, 83, 86, 86, 87, 84, 86,
    82, 87, 82, 85, 84, 85, 84, 85, 85, 82, 83, 85, 87, 87, 84, 87, 84,
    83 ]
