%YAML:1.0
---
videoName: "headShake47.mp4"
gestureLabel: 201
fps: 29
pixelSizeInCmTemp: 3.2364864864864862e-01
faceCenterPointX: 258
faceCenterPointY: 86
headPositionsX: [ 259, 258, 260, 258, 261, 258, 258, 262, 260, 259, 260,
    262, 258, 260, 259, 260, 258, 260, 262, 261, 261, 263, 260, 259, 262,
    257, 259, 260, 260, 259, 261, 261, 259, 259, 256, 256, 253, 252, 249,
    249, 251, 248, 251, 255, 261, 266, 269, 268, 263, 266, 261, 255, 253,
    252, 255, 256, 263, 265, 268, 266, 261, 258, 252, 250, 250, 255, 258,
    262, 265, 262, 263, 262, 257, 256, 254, 254, 256, 261, 261, 265, 265,
    261, 260, 255, 257, 252, 252, 258, 258, 258, 258, 255, 259, 258, 258,
    257, 259, 258, 257, 259 ]
headPositionsY: [ 87, 85, 83, 83, 83, 86, 84, 85, 83, 83, 87, 83, 82, 86,
    83, 86, 83, 84, 87, 87, 84, 87, 86, 85, 85, 83, 87, 86, 85, 86, 87,
    85, 86, 88, 83, 88, 83, 84, 86, 83, 85, 87, 89, 86, 89, 89, 87, 88,
    89, 90, 90, 90, 88, 87, 91, 87, 88, 86, 90, 90, 87, 90, 87, 88, 86,
    85, 87, 87, 89, 86, 88, 85, 87, 86, 86, 86, 84, 88, 88, 86, 87, 85,
    86, 85, 87, 87, 88, 86, 84, 88, 88, 84, 87, 88, 88, 84, 87, 89, 87,
    87 ]
