%YAML:1.0
---
videoName: "headLookDown7.mp4"
gestureLabel: 206
fps: 30
pixelSizeInCmTemp: 3.3732394366197183e-01
faceCenterPointX: 274
faceCenterPointY: 95
headPositionsX: [ 272, 276, 273, 275, 271, 272, 274, 271, 275, 276, 273,
    272, 272, 275, 274, 274, 271, 271, 272, 271, 274, 272, 276, 275, 272,
    276, 275, 272, 276, 272, 275, 273, 271, 275, 271, 271, 275, 275, 271,
    272, 275, 275, 274, 275, 274, 274, 275, 273, 272, 276, 273, 275, 274,
    273, 275, 276, 277, 274, 276, 275, 275, 275, 274, 274, 272, 272, 275,
    273, 276, 272, 273, 274, 273, 272, 275, 275, 272, 276, 273, 275, 277,
    276, 275, 275, 277, 272, 278, 273, 274, 277, 272, 275, 275, 273, 276,
    274, 273, 277, 276, 277 ]
headPositionsY: [ 96, 83, 81, 82, 82, 82, 82, 80, 80, 81, 80, 82, 81, 84,
    82, 83, 82, 80, 82, 83, 82, 83, 83, 83, 83, 84, 83, 82, 83, 84, 83,
    82, 84, 84, 83, 82, 83, 81, 83, 81, 81, 82, 82, 83, 85, 85, 85, 86,
    85, 86, 83, 86, 87, 90, 89, 87, 91, 91, 93, 92, 93, 92, 96, 95, 95,
    96, 96, 95, 95, 93, 95, 95, 93, 97, 95, 94, 95, 94, 95, 95, 97, 94,
    95, 97, 93, 93, 94, 93, 98, 97, 94, 96, 98, 96, 94, 97, 94, 96, 95,
    96 ]
