%YAML:1.0
---
videoName: "headShake14.mp4"
gestureLabel: 201
fps: 29
pixelSizeInCmTemp: 3.2364864864864862e-01
faceCenterPointX: 244
faceCenterPointY: 76
headPositionsX: [ 245, 246, 246, 245, 245, 247, 245, 247, 244, 245, 247,
    247, 246, 243, 247, 243, 244, 247, 243, 243, 247, 244, 244, 246, 248,
    249, 251, 252, 254, 261, 261, 260, 261, 260, 256, 253, 249, 243, 237,
    231, 228, 225, 225, 230, 230, 237, 243, 246, 251, 256, 254, 255, 252,
    252, 248, 240, 239, 235, 235, 235, 235, 232, 234, 238, 240, 241, 243,
    245, 246, 248, 251, 249, 248, 246, 248, 242, 245, 243, 239, 240, 239,
    238, 241, 242, 242, 243, 243, 246, 244, 247, 243, 246, 246, 246, 246,
    245, 242, 244, 242, 244 ]
headPositionsY: [ 76, 77, 73, 74, 77, 75, 77, 77, 73, 76, 77, 77, 77, 77,
    76, 75, 74, 74, 73, 74, 73, 74, 74, 76, 75, 76, 75, 74, 73, 75, 71,
    72, 70, 76, 75, 75, 76, 74, 78, 73, 76, 76, 74, 76, 76, 74, 73, 74,
    75, 71, 73, 73, 74, 72, 75, 73, 75, 78, 77, 73, 73, 73, 76, 77, 76,
    77, 77, 74, 78, 77, 77, 77, 74, 78, 74, 75, 76, 77, 74, 76, 73, 74,
    76, 74, 77, 77, 75, 74, 77, 77, 76, 76, 76, 74, 77, 78, 74, 75, 76,
    78 ]
