%YAML:1.0
---
videoName: "headLookUp6.mp4"
gestureLabel: 205
fps: 30
pixelSizeInCmTemp: 3.7421874999999999e-01
faceCenterPointX: 255
faceCenterPointY: 70
headPositionsX: [ 255, 256, 256, 254, 256, 256, 255, 258, 257, 256, 257,
    255, 254, 257, 254, 256, 257, 257, 256, 254, 252, 257, 258, 254, 254,
    257, 254, 254, 253, 257, 253, 258, 256, 256, 254, 257, 253, 257, 256,
    257, 255, 255, 252, 253, 254, 256, 252, 257, 253, 253, 254, 255, 253,
    255, 254, 256, 254, 256, 254, 256, 254, 255, 253, 255, 255, 254, 254,
    253, 257, 255, 254, 253, 254, 252, 257, 252, 256, 252, 255, 254, 258,
    252, 253, 257, 257, 255, 253, 252, 256, 256, 253, 255, 257, 257, 254,
    254, 256, 256, 256, 257 ]
headPositionsY: [ 70, 82, 81, 81, 83, 82, 84, 82, 83, 84, 81, 85, 82, 84,
    84, 84, 84, 84, 86, 81, 80, 82, 82, 80, 79, 82, 80, 80, 74, 75, 71,
    71, 74, 72, 69, 70, 70, 69, 71, 69, 70, 67, 67, 66, 68, 71, 65, 67,
    71, 70, 66, 70, 71, 68, 70, 66, 68, 68, 70, 72, 67, 71, 67, 69, 69,
    69, 69, 68, 68, 70, 69, 69, 68, 68, 67, 68, 69, 68, 69, 71, 71, 68,
    68, 72, 71, 67, 68, 72, 72, 68, 71, 71, 69, 69, 71, 68, 69, 70, 72,
    69 ]
