%YAML:1.0
---
videoName: "headShake0.mp4"
gestureLabel: 201
fps: 29
pixelSizeInCmTemp: 3.2808219178082193e-01
faceCenterPointX: 279
faceCenterPointY: 94
headPositionsX: [ 278, 279, 280, 279, 278, 277, 279, 280, 278, 277, 280,
    277, 277, 278, 279, 281, 277, 278, 280, 280, 280, 280, 278, 281, 278,
    277, 279, 280, 278, 278, 276, 281, 279, 277, 276, 277, 277, 277, 277,
    277, 281, 279, 283, 286, 290, 295, 301, 301, 302, 302, 297, 292, 288,
    285, 276, 275, 274, 271, 275, 276, 283, 285, 290, 290, 288, 288, 288,
    280, 278, 274, 271, 273, 273, 274, 279, 283, 283, 285, 285, 285, 280,
    280, 276, 276, 277, 274, 276, 277, 277, 276, 277, 281, 280, 279, 280,
    280, 280, 278, 277, 278 ]
headPositionsY: [ 92, 95, 93, 93, 93, 95, 94, 93, 91, 94, 93, 94, 95, 95,
    92, 93, 91, 92, 94, 95, 94, 95, 92, 94, 92, 94, 92, 91, 91, 91, 94,
    93, 94, 93, 94, 94, 94, 93, 95, 93, 94, 91, 92, 90, 90, 88, 90, 93,
    94, 92, 91, 90, 93, 95, 93, 94, 95, 95, 93, 94, 93, 94, 93, 94, 93,
    91, 94, 91, 95, 95, 95, 91, 93, 92, 92, 91, 93, 95, 94, 93, 92, 96,
    92, 95, 95, 91, 94, 95, 94, 94, 94, 93, 96, 94, 96, 92, 96, 93, 94,
    96 ]
