%YAML:1.0
---
videoName: "headNod5.mp4"
gestureLabel: 202
fps: 29
pixelSizeInCmTemp: 3.1513157894736843e-01
faceCenterPointX: 263
faceCenterPointY: 75
headPositionsX: [ 262, 263, 260, 262, 261, 262, 264, 264, 264, 263, 262,
    263, 265, 264, 263, 263, 264, 265, 263, 262, 264, 265, 263, 267, 266,
    265, 263, 264, 267, 263, 268, 267, 264, 263, 264, 265, 267, 264, 267,
    268, 268, 265, 268, 268, 265, 265, 267, 263, 263, 265, 265, 268, 266,
    262, 261, 263, 266, 262, 264, 266, 265, 263, 264, 265, 262, 263, 266,
    262, 266, 265, 265, 265, 263, 267, 265, 265, 266, 266, 266, 265, 266,
    266, 262, 265, 266, 261, 264, 264, 262, 262, 264, 263, 261, 260, 261,
    260, 260, 262, 259, 264 ]
headPositionsY: [ 74, 75, 76, 73, 75, 75, 74, 74, 74, 74, 73, 72, 74, 76,
    72, 77, 77, 77, 75, 74, 77, 78, 75, 76, 75, 73, 77, 78, 75, 74, 77,
    77, 75, 74, 78, 76, 79, 75, 76, 77, 75, 79, 75, 76, 78, 79, 79, 78,
    77, 76, 78, 81, 85, 83, 86, 83, 81, 77, 77, 76, 78, 78, 83, 87, 87,
    89, 85, 84, 81, 73, 77, 76, 78, 81, 85, 87, 86, 82, 80, 79, 76, 74,
    72, 73, 77, 76, 79, 83, 82, 78, 77, 80, 77, 72, 75, 75, 72, 77, 75,
    75 ]
