%YAML:1.0
---
videoName: "headShake29.mp4"
gestureLabel: 201
fps: 29
pixelSizeInCmTemp: 3.3263888888888887e-01
faceCenterPointX: 243
faceCenterPointY: 76
headPositionsX: [ 243, 242, 244, 245, 244, 242, 243, 241, 245, 240, 240,
    245, 245, 245, 241, 244, 244, 243, 241, 241, 244, 243, 244, 242, 238,
    238, 239, 238, 236, 238, 241, 245, 252, 254, 255, 253, 253, 251, 249,
    241, 236, 235, 229, 226, 227, 228, 232, 237, 244, 248, 249, 250, 253,
    249, 247, 245, 240, 239, 232, 233, 231, 229, 230, 233, 240, 241, 246,
    251, 252, 254, 251, 252, 250, 247, 244, 240, 238, 238, 232, 235, 234,
    234, 235, 239, 236, 236, 241, 239, 242, 241, 243, 241, 242, 245, 243,
    246, 244, 243, 243, 244 ]
headPositionsY: [ 75, 78, 75, 77, 78, 74, 77, 74, 75, 76, 78, 77, 75, 75,
    74, 78, 78, 75, 78, 76, 77, 75, 77, 75, 77, 77, 75, 77, 75, 77, 75,
    78, 77, 77, 76, 73, 74, 77, 73, 76, 77, 78, 74, 76, 74, 74, 77, 75,
    75, 76, 78, 74, 76, 77, 76, 75, 78, 78, 79, 79, 75, 77, 75, 78, 80,
    79, 78, 75, 74, 77, 74, 77, 77, 76, 76, 78, 76, 74, 77, 73, 74, 74,
    76, 77, 78, 77, 78, 75, 78, 77, 75, 79, 75, 77, 77, 75, 75, 77, 78,
    79 ]
