%YAML:1.0
---
videoName: "headNod15.mp4"
gestureLabel: 202
fps: 29
pixelSizeInCmTemp: 3.1933333333333330e-01
faceCenterPointX: 255
faceCenterPointY: 74
headPositionsX: [ 253, 256, 257, 254, 255, 255, 255, 256, 255, 256, 258,
    256, 255, 257, 255, 256, 254, 257, 256, 256, 254, 254, 254, 256, 254,
    256, 257, 257, 253, 254, 256, 253, 255, 255, 254, 256, 255, 256, 258,
    257, 256, 254, 256, 255, 254, 255, 254, 256, 254, 255, 255, 255, 256,
    254, 255, 253, 253, 254, 256, 254, 255, 253, 252, 257, 257, 257, 259,
    258, 254, 254, 256, 256, 255, 253, 255, 251, 252, 255, 251, 254, 253,
    251, 254, 254, 254, 255, 256, 254, 252, 256, 254, 254, 253, 255, 252,
    256, 252, 256, 256, 252 ]
headPositionsY: [ 72, 75, 76, 73, 73, 72, 72, 75, 71, 74, 71, 75, 74, 72,
    75, 75, 74, 73, 75, 72, 76, 72, 75, 73, 75, 72, 71, 73, 74, 73, 74,
    75, 74, 73, 72, 76, 75, 76, 80, 83, 84, 80, 77, 78, 75, 72, 70, 71,
    71, 74, 76, 78, 81, 84, 77, 76, 75, 74, 71, 69, 72, 71, 75, 78, 82,
    83, 85, 83, 81, 77, 72, 69, 69, 73, 70, 73, 78, 78, 78, 78, 74, 73,
    71, 69, 71, 71, 70, 70, 73, 76, 72, 75, 71, 74, 71, 75, 75, 71, 75,
    71 ]
