%YAML:1.0
---
videoName: "headLookRight0.mp4"
gestureLabel: 204
fps: 29
pixelSizeInCmTemp: 3.1933333333333330e-01
faceCenterPointX: 229
faceCenterPointY: 68
headPositionsX: [ 231, 257, 256, 256, 256, 255, 255, 256, 255, 257, 255,
    256, 255, 258, 259, 258, 255, 254, 258, 256, 255, 255, 254, 254, 257,
    253, 254, 257, 254, 259, 253, 257, 256, 253, 255, 256, 256, 256, 254,
    255, 250, 249, 250, 243, 243, 241, 236, 236, 237, 237, 234, 234, 233,
    234, 233, 232, 234, 233, 232, 231, 235, 233, 234, 233, 232, 233, 233,
    232, 233, 233, 231, 235, 235, 235, 233, 234, 228, 231, 230, 232, 233,
    233, 230, 230, 231, 229, 232, 232, 230, 229, 232, 229, 232, 230, 231,
    231, 230, 233, 225, 230 ]
headPositionsY: [ 69, 67, 67, 67, 65, 67, 66, 65, 64, 68, 65, 67, 69, 67,
    69, 66, 66, 68, 66, 66, 68, 66, 69, 66, 67, 68, 66, 69, 67, 67, 66,
    66, 67, 66, 69, 69, 69, 69, 70, 67, 69, 65, 69, 68, 67, 66, 65, 68,
    69, 66, 71, 68, 65, 70, 70, 70, 69, 68, 69, 66, 69, 69, 68, 70, 70,
    68, 68, 67, 66, 69, 69, 66, 68, 67, 66, 68, 66, 69, 68, 69, 69, 69,
    69, 68, 67, 69, 71, 69, 66, 69, 67, 66, 70, 69, 67, 70, 68, 68, 68,
    68 ]
