%YAML:1.0
---
videoName: "headNod24.mp4"
gestureLabel: 202
fps: 29
pixelSizeInCmTemp: 3.1513157894736843e-01
faceCenterPointX: 272
faceCenterPointY: 72
headPositionsX: [ 270, 276, 275, 276, 275, 274, 276, 273, 274, 274, 277,
    277, 276, 277, 273, 273, 276, 274, 275, 272, 274, 273, 275, 274, 274,
    272, 271, 272, 272, 275, 274, 273, 273, 272, 274, 276, 275, 275, 273,
    273, 274, 275, 274, 274, 273, 273, 271, 272, 275, 272, 271, 273, 271,
    271, 275, 270, 271, 270, 273, 270, 270, 271, 269, 270, 271, 269, 271,
    273, 269, 273, 271, 272, 273, 272, 269, 270, 271, 271, 273, 270, 268,
    271, 269, 271, 269, 270, 268, 271, 268, 269, 271, 270, 272, 274, 270,
    271, 274, 270, 273, 274 ]
headPositionsY: [ 70, 74, 72, 71, 75, 71, 72, 75, 76, 73, 74, 72, 75, 72,
    73, 73, 73, 76, 75, 74, 75, 73, 73, 72, 75, 71, 73, 75, 73, 76, 73,
    72, 75, 74, 72, 74, 70, 69, 70, 71, 68, 72, 77, 79, 79, 80, 81, 77,
    69, 67, 65, 68, 67, 71, 74, 77, 76, 75, 72, 70, 66, 69, 66, 71, 72,
    72, 75, 77, 73, 71, 70, 67, 70, 66, 67, 71, 69, 75, 76, 74, 73, 75,
    73, 69, 68, 70, 69, 68, 69, 69, 73, 73, 71, 72, 74, 71, 74, 70, 69,
    73 ]
