%YAML:1.0
---
videoName: "headNod16.mp4"
gestureLabel: 202
fps: 29
pixelSizeInCmTemp: 3.3263888888888887e-01
faceCenterPointX: 255
faceCenterPointY: 77
headPositionsX: [ 256, 261, 259, 258, 257, 260, 258, 261, 260, 257, 260,
    261, 260, 259, 257, 259, 259, 260, 258, 260, 259, 256, 258, 256, 261,
    259, 257, 260, 257, 259, 261, 259, 259, 256, 260, 260, 261, 258, 258,
    259, 261, 258, 259, 258, 261, 256, 258, 257, 259, 257, 259, 259, 258,
    255, 260, 257, 256, 260, 258, 258, 259, 256, 254, 258, 257, 257, 256,
    255, 257, 255, 256, 255, 253, 256, 255, 255, 255, 253, 255, 257, 254,
    256, 255, 256, 255, 256, 253, 255, 256, 256, 255, 258, 253, 257, 256,
    253, 255, 254, 253, 257 ]
headPositionsY: [ 77, 73, 73, 75, 75, 73, 75, 76, 77, 76, 74, 74, 75, 75,
    77, 76, 76, 72, 75, 72, 75, 76, 73, 77, 74, 76, 73, 77, 74, 77, 77,
    75, 73, 74, 75, 74, 73, 70, 69, 68, 69, 68, 73, 73, 76, 78, 83, 81,
    81, 79, 78, 72, 70, 68, 72, 70, 71, 74, 77, 82, 82, 82, 79, 79, 80,
    75, 73, 69, 68, 73, 71, 73, 73, 79, 79, 81, 81, 78, 73, 73, 70, 67,
    70, 69, 72, 74, 73, 76, 76, 79, 75, 77, 76, 75, 75, 76, 79, 74, 75,
    77 ]
