%YAML:1.0
---
videoName: "headShake39.mp4"
gestureLabel: 201
fps: 29
pixelSizeInCmTemp: 3.1933333333333330e-01
faceCenterPointX: 263
faceCenterPointY: 83
headPositionsX: [ 263, 262, 263, 258, 261, 263, 261, 262, 262, 262, 263,
    262, 259, 259, 259, 260, 259, 259, 259, 261, 258, 258, 254, 253, 253,
    248, 248, 243, 243, 242, 243, 244, 245, 250, 255, 259, 266, 270, 275,
    282, 282, 281, 275, 269, 265, 257, 251, 246, 247, 249, 246, 249, 251,
    257, 261, 268, 275, 278, 279, 278, 279, 271, 268, 265, 261, 256, 252,
    247, 248, 250, 253, 249, 252, 252, 255, 260, 261, 264, 264, 263, 266,
    265, 268, 265, 266, 269, 267, 268, 266, 264, 266, 265, 264, 264, 263,
    262, 264, 263, 262, 263 ]
headPositionsY: [ 84, 85, 82, 85, 85, 82, 85, 82, 83, 82, 83, 82, 84, 83,
    81, 84, 84, 85, 84, 84, 81, 83, 81, 84, 83, 82, 84, 83, 82, 82, 81,
    84, 83, 81, 82, 81, 80, 83, 78, 80, 78, 82, 83, 83, 84, 85, 84, 82,
    81, 81, 81, 84, 84, 81, 81, 82, 83, 81, 82, 81, 80, 82, 85, 83, 82,
    83, 81, 79, 78, 79, 77, 79, 81, 79, 82, 80, 83, 82, 81, 82, 81, 82,
    83, 82, 84, 82, 83, 84, 83, 84, 84, 82, 82, 83, 82, 85, 84, 83, 82,
    84 ]
