%YAML:1.0
---
videoName: "headShake19.mp4"
gestureLabel: 201
fps: 29
pixelSizeInCmTemp: 3.1933333333333330e-01
faceCenterPointX: 243
faceCenterPointY: 78
headPositionsX: [ 242, 242, 242, 245, 245, 242, 243, 244, 241, 243, 245,
    246, 243, 241, 243, 245, 242, 241, 244, 245, 244, 243, 243, 245, 242,
    244, 241, 244, 242, 245, 242, 241, 240, 242, 241, 240, 241, 238, 235,
    233, 232, 234, 238, 244, 249, 252, 256, 259, 257, 255, 247, 244, 239,
    233, 231, 231, 234, 235, 240, 242, 247, 249, 248, 249, 244, 246, 239,
    237, 235, 238, 237, 238, 239, 237, 241, 242, 246, 245, 246, 247, 246,
    245, 243, 244, 241, 243, 241, 240, 239, 241, 240, 244, 241, 240, 244,
    244, 246, 244, 244, 245 ]
headPositionsY: [ 78, 78, 76, 76, 74, 76, 74, 77, 78, 76, 78, 76, 74, 76,
    78, 77, 76, 78, 78, 77, 75, 77, 78, 77, 76, 75, 76, 74, 77, 78, 79,
    77, 77, 79, 78, 77, 78, 74, 77, 75, 78, 75, 79, 75, 77, 76, 77, 77,
    75, 76, 78, 78, 76, 75, 76, 78, 75, 76, 79, 76, 78, 77, 77, 78, 80,
    76, 79, 78, 78, 80, 76, 77, 75, 75, 78, 78, 77, 79, 78, 76, 80, 80,
    75, 77, 80, 80, 78, 80, 79, 77, 80, 79, 80, 80, 79, 76, 76, 80, 79,
    77 ]
