%YAML:1.0
---
videoName: "headNod44.mp4"
gestureLabel: 202
fps: 29
pixelSizeInCmTemp: 2.9567901234567900e-01
faceCenterPointX: 268
faceCenterPointY: 78
headPositionsX: [ 267, 267, 269, 268, 267, 270, 270, 266, 272, 271, 269,
    267, 268, 268, 271, 267, 271, 270, 271, 268, 268, 271, 270, 266, 267,
    269, 266, 267, 267, 265, 266, 268, 265, 266, 267, 268, 266, 269, 268,
    269, 264, 266, 266, 266, 267, 264, 266, 270, 269, 265, 266, 268, 266,
    265, 268, 266, 266, 270, 266, 269, 267, 269, 267, 266, 266, 268, 267,
    265, 266, 269, 270, 267, 268, 270, 267, 266, 271, 269, 268, 271, 267,
    269, 266, 269, 269, 268, 267, 269, 269, 269, 268, 267, 267, 266, 268,
    269, 267, 266, 268, 270 ]
headPositionsY: [ 77, 75, 74, 72, 76, 75, 73, 76, 72, 75, 72, 76, 75, 75,
    74, 77, 73, 78, 80, 80, 86, 89, 93, 95, 97, 91, 89, 84, 78, 76, 71,
    68, 71, 72, 72, 73, 78, 81, 84, 89, 86, 84, 79, 76, 71, 72, 74, 74,
    77, 81, 86, 89, 92, 87, 89, 84, 77, 75, 77, 76, 74, 77, 78, 82, 85,
    86, 82, 80, 77, 78, 78, 78, 74, 79, 78, 80, 86, 88, 88, 87, 82, 84,
    78, 81, 79, 77, 74, 80, 79, 79, 77, 79, 80, 78, 77, 77, 77, 75, 79,
    75 ]
