%YAML:1.0
---
videoName: "headNod14.mp4"
gestureLabel: 202
fps: 29
pixelSizeInCmTemp: 3.2808219178082193e-01
faceCenterPointX: 257
faceCenterPointY: 71
headPositionsX: [ 258, 256, 256, 259, 257, 257, 259, 261, 255, 257, 259,
    260, 257, 258, 257, 258, 257, 259, 258, 260, 260, 258, 256, 259, 259,
    257, 258, 257, 261, 259, 261, 260, 258, 258, 260, 261, 260, 261, 259,
    260, 259, 261, 261, 260, 260, 261, 258, 261, 260, 260, 260, 260, 257,
    260, 260, 260, 259, 258, 261, 258, 257, 258, 260, 259, 260, 258, 257,
    258, 261, 259, 261, 258, 260, 255, 259, 260, 259, 257, 258, 260, 260,
    257, 258, 258, 260, 258, 256, 255, 257, 257, 257, 258, 258, 256, 257,
    258, 257, 257, 256, 256 ]
headPositionsY: [ 73, 79, 77, 77, 77, 78, 79, 76, 77, 79, 76, 80, 76, 76,
    79, 75, 75, 77, 77, 78, 80, 76, 77, 76, 77, 76, 78, 78, 80, 76, 79,
    78, 79, 80, 79, 79, 77, 80, 77, 76, 75, 72, 73, 70, 70, 66, 68, 73,
    70, 72, 77, 78, 81, 80, 82, 81, 81, 82, 78, 76, 74, 69, 67, 71, 71,
    71, 75, 76, 80, 82, 82, 84, 78, 75, 73, 71, 71, 70, 66, 70, 70, 75,
    74, 77, 82, 80, 79, 77, 75, 77, 71, 72, 69, 71, 70, 69, 73, 72, 69,
    71 ]
