%YAML:1.0
---
videoName: "headNod12.mp4"
gestureLabel: 202
fps: 29
pixelSizeInCmTemp: 3.2808219178082193e-01
faceCenterPointX: 254
faceCenterPointY: 69
headPositionsX: [ 252, 251, 253, 255, 252, 252, 256, 255, 256, 253, 257,
    257, 253, 257, 257, 256, 253, 254, 257, 255, 253, 254, 258, 253, 254,
    254, 259, 254, 254, 257, 259, 254, 258, 252, 256, 255, 254, 257, 255,
    255, 253, 255, 257, 252, 252, 257, 253, 253, 256, 254, 254, 255, 252,
    254, 256, 252, 253, 252, 252, 253, 256, 253, 254, 256, 252, 253, 253,
    257, 253, 251, 254, 253, 253, 253, 254, 254, 254, 255, 255, 255, 256,
    256, 255, 253, 254, 253, 252, 257, 253, 254, 254, 257, 254, 256, 256,
    255, 256, 254, 254, 252 ]
headPositionsY: [ 71, 73, 70, 72, 73, 70, 74, 70, 72, 73, 73, 77, 72, 73,
    71, 75, 74, 74, 71, 73, 73, 74, 76, 71, 76, 72, 76, 72, 73, 73, 73,
    73, 75, 73, 74, 73, 68, 69, 68, 62, 61, 61, 63, 63, 62, 68, 69, 70,
    73, 73, 76, 81, 79, 77, 75, 71, 72, 65, 64, 65, 66, 64, 65, 66, 67,
    67, 68, 72, 73, 73, 76, 76, 77, 73, 73, 71, 70, 70, 67, 64, 66, 66,
    65, 64, 70, 69, 68, 72, 73, 75, 72, 74, 72, 71, 71, 69, 72, 69, 71,
    68 ]
