%YAML:1.0
---
videoName: "headNod12.mp4"
gestureLabel: 202
fps: 29
pixelSizeInCmTemp: 3.2808219178082193e-01
faceCenterPointX: 254
faceCenterPointY: 69
headPositionsX: [ 253, 253, 254, 252, 253, 251, 252, 253, 256, 254, 255,
    255, 254, 258, 254, 257, 255, 257, 256, 257, 257, 256, 255, 255, 257,
    257, 257, 256, 257, 256, 256, 257, 257, 253, 255, 253, 254, 253, 254,
    253, 254, 257, 256, 252, 255, 256, 257, 252, 253, 255, 254, 257, 256,
    254, 256, 254, 253, 256, 252, 255, 256, 256, 254, 254, 255, 252, 257,
    257, 252, 253, 252, 254, 252, 253, 253, 253, 254, 253, 254, 255, 256,
    253, 256, 257, 255, 252, 255, 256, 252, 253, 254, 253, 256, 253, 254,
    252, 255, 256, 252, 256 ]
headPositionsY: [ 70, 75, 72, 73, 73, 71, 76, 72, 75, 76, 72, 76, 75, 74,
    75, 74, 70, 73, 73, 74, 73, 72, 72, 74, 74, 76, 74, 72, 73, 76, 76,
    74, 72, 74, 71, 72, 70, 68, 64, 63, 63, 62, 63, 63, 63, 65, 66, 69,
    71, 74, 78, 79, 77, 77, 78, 71, 72, 69, 68, 63, 66, 61, 62, 64, 64,
    70, 70, 71, 75, 75, 76, 75, 77, 75, 75, 68, 70, 66, 67, 66, 65, 67,
    65, 66, 70, 68, 71, 72, 74, 72, 74, 72, 71, 72, 70, 69, 72, 72, 72,
    70 ]
