%YAML:1.0
---
videoName: "headShake22.mp4"
gestureLabel: 201
fps: 29
pixelSizeInCmTemp: 3.2364864864864862e-01
faceCenterPointX: 241
faceCenterPointY: 79
headPositionsX: [ 239, 243, 240, 241, 241, 240, 243, 240, 242, 244, 241,
    242, 242, 240, 241, 244, 240, 241, 242, 243, 244, 243, 241, 240, 242,
    241, 242, 244, 242, 241, 243, 240, 245, 240, 244, 244, 242, 241, 240,
    245, 244, 239, 242, 244, 241, 243, 241, 239, 240, 244, 243, 243, 244,
    243, 240, 243, 243, 243, 242, 240, 243, 240, 239, 242, 241, 238, 240,
    242, 246, 248, 249, 255, 255, 255, 254, 251, 248, 240, 239, 238, 236,
    236, 238, 244, 243, 245, 244, 245, 246, 241, 239, 239, 243, 239, 239,
    238, 239, 240, 239, 240 ]
headPositionsY: [ 77, 75, 77, 78, 76, 73, 75, 77, 78, 78, 74, 77, 76, 78,
    78, 77, 76, 78, 75, 77, 75, 77, 77, 75, 75, 78, 76, 79, 78, 76, 76,
    75, 75, 77, 76, 77, 78, 76, 76, 74, 80, 76, 76, 79, 78, 75, 78, 77,
    74, 77, 74, 75, 79, 76, 77, 74, 78, 78, 79, 75, 76, 79, 75, 77, 75,
    75, 75, 78, 76, 77, 77, 75, 76, 74, 78, 74, 76, 78, 77, 75, 76, 75,
    77, 77, 77, 77, 77, 75, 78, 76, 80, 77, 80, 80, 77, 80, 79, 77, 76,
    76 ]
