%YAML:1.0
---
videoName: "headNod32.mp4"
gestureLabel: 202
fps: 29
pixelSizeInCmTemp: 2.8855421686746985e-01
faceCenterPointX: 266
faceCenterPointY: 74
headPositionsX: [ 266, 269, 268, 266, 267, 267, 267, 266, 264, 268, 268,
    267, 263, 266, 267, 264, 268, 268, 265, 267, 264, 264, 265, 264, 268,
    269, 267, 265, 267, 265, 267, 268, 267, 266, 268, 269, 266, 269, 269,
    266, 267, 266, 269, 266, 266, 266, 270, 266, 269, 269, 269, 267, 266,
    265, 266, 268, 268, 269, 265, 265, 268, 267, 268, 266, 269, 269, 267,
    268, 267, 268, 264, 268, 268, 268, 266, 267, 266, 264, 264, 266, 265,
    266, 266, 265, 266, 268, 268, 268, 266, 266, 268, 265, 267, 264, 266,
    266, 269, 266, 265, 266 ]
headPositionsY: [ 74, 78, 77, 79, 77, 76, 79, 78, 79, 80, 77, 76, 78, 77,
    77, 76, 79, 77, 76, 78, 75, 78, 77, 79, 78, 77, 77, 75, 79, 75, 79,
    76, 76, 77, 77, 76, 78, 76, 78, 76, 77, 76, 79, 77, 80, 75, 80, 79,
    80, 79, 77, 79, 78, 78, 78, 75, 73, 73, 74, 76, 67, 67, 68, 66, 63,
    69, 70, 74, 80, 80, 85, 86, 90, 87, 84, 79, 76, 74, 70, 71, 69, 72,
    72, 71, 71, 76, 75, 73, 75, 73, 74, 77, 75, 75, 72, 76, 77, 75, 77,
    76 ]
