%YAML:1.0
---
videoName: "headNod23.mp4"
gestureLabel: 202
fps: 29
pixelSizeInCmTemp: 3.1933333333333330e-01
faceCenterPointX: 273
faceCenterPointY: 75
headPositionsX: [ 274, 273, 273, 273, 272, 272, 273, 273, 274, 274, 276,
    277, 274, 275, 272, 273, 275, 273, 274, 276, 275, 277, 275, 276, 272,
    276, 276, 276, 274, 277, 274, 276, 274, 273, 275, 273, 275, 276, 275,
    274, 272, 272, 272, 270, 270, 272, 270, 274, 275, 276, 273, 276, 274,
    274, 276, 274, 274, 272, 272, 275, 275, 276, 271, 275, 273, 274, 273,
    276, 276, 272, 273, 274, 275, 276, 274, 273, 274, 276, 273, 276, 275,
    272, 274, 274, 276, 273, 274, 277, 273, 275, 272, 274, 272, 273, 274,
    276, 273, 273, 273, 272 ]
headPositionsY: [ 73, 75, 77, 78, 75, 78, 77, 75, 76, 77, 74, 75, 76, 78,
    76, 76, 77, 74, 74, 75, 75, 76, 78, 77, 74, 72, 71, 67, 65, 65, 63,
    62, 64, 64, 68, 70, 73, 77, 81, 82, 83, 83, 79, 80, 78, 75, 71, 67,
    70, 69, 65, 67, 67, 73, 73, 75, 77, 77, 77, 75, 78, 76, 75, 73, 71,
    69, 71, 68, 69, 69, 71, 72, 75, 78, 78, 79, 78, 77, 78, 75, 77, 75,
    77, 75, 76, 70, 72, 74, 75, 73, 74, 72, 73, 75, 75, 76, 74, 74, 75,
    73 ]
