%YAML:1.0
---
videoName: "headNod33.mp4"
gestureLabel: 202
fps: 29
pixelSizeInCmTemp: 2.9567901234567900e-01
faceCenterPointX: 268
faceCenterPointY: 74
headPositionsX: [ 270, 267, 270, 267, 266, 270, 269, 270, 270, 268, 271,
    272, 271, 271, 268, 269, 269, 270, 272, 272, 272, 272, 270, 270, 270,
    269, 270, 272, 270, 266, 268, 268, 271, 270, 268, 270, 269, 270, 271,
    268, 271, 269, 268, 269, 269, 270, 271, 271, 268, 269, 267, 266, 270,
    267, 266, 266, 269, 268, 268, 267, 268, 267, 269, 268, 267, 269, 267,
    267, 266, 266, 266, 268, 268, 270, 269, 269, 269, 268, 267, 270, 270,
    268, 270, 267, 267, 265, 269, 265, 269, 266, 266, 266, 265, 266, 269,
    269, 269, 268, 269, 266 ]
headPositionsY: [ 75, 69, 73, 73, 70, 71, 71, 72, 74, 71, 70, 73, 74, 68,
    73, 69, 72, 71, 70, 72, 72, 72, 71, 74, 72, 71, 73, 73, 72, 71, 70,
    71, 74, 74, 75, 74, 79, 78, 76, 71, 70, 66, 65, 67, 67, 67, 69, 75,
    78, 83, 85, 83, 81, 79, 75, 73, 69, 72, 68, 69, 69, 70, 71, 74, 72,
    74, 75, 78, 78, 76, 76, 75, 74, 71, 73, 70, 71, 71, 74, 73, 74, 74,
    76, 80, 77, 79, 75, 77, 77, 75, 73, 76, 77, 77, 77, 74, 75, 76, 73,
    73 ]
