%YAML:1.0
---
videoName: "headNod40.mp4"
gestureLabel: 202
fps: 29
pixelSizeInCmTemp: 2.8511904761904761e-01
faceCenterPointX: 267
faceCenterPointY: 78
headPositionsX: [ 265, 267, 267, 266, 266, 268, 266, 268, 269, 266, 268,
    268, 267, 266, 269, 269, 265, 269, 269, 268, 266, 267, 268, 267, 270,
    267, 269, 266, 269, 268, 269, 269, 267, 269, 268, 266, 267, 268, 267,
    266, 270, 266, 268, 266, 266, 263, 264, 266, 268, 264, 267, 264, 265,
    263, 263, 268, 266, 264, 264, 268, 265, 265, 265, 266, 265, 265, 264,
    265, 267, 265, 265, 268, 267, 266, 270, 268, 267, 269, 269, 266, 265,
    269, 269, 268, 269, 266, 265, 266, 265, 267, 265, 267, 265, 269, 269,
    266, 264, 265, 269, 269 ]
headPositionsY: [ 78, 77, 76, 74, 74, 78, 75, 77, 77, 75, 75, 75, 77, 74,
    74, 75, 76, 74, 76, 76, 77, 76, 75, 76, 76, 75, 77, 76, 76, 77, 77,
    73, 75, 76, 73, 73, 76, 73, 76, 76, 84, 88, 90, 96, 97, 98, 94, 91,
    89, 84, 77, 80, 76, 68, 69, 67, 70, 67, 67, 74, 80, 83, 86, 88, 85,
    81, 81, 78, 75, 72, 74, 71, 71, 75, 76, 72, 80, 80, 80, 81, 81, 80,
    78, 77, 77, 79, 81, 77, 78, 76, 75, 79, 79, 76, 75, 79, 75, 79, 78,
    77 ]
