%YAML:1.0
---
videoName: "headShake38.mp4"
gestureLabel: 201
fps: 29
pixelSizeInCmTemp: 3.2808219178082193e-01
faceCenterPointX: 259
faceCenterPointY: 84
headPositionsX: [ 259, 263, 265, 261, 262, 265, 266, 263, 262, 260, 264,
    261, 263, 261, 265, 262, 265, 263, 264, 264, 263, 262, 261, 264, 261,
    263, 265, 262, 265, 262, 263, 262, 261, 263, 262, 264, 260, 263, 264,
    263, 263, 263, 260, 258, 254, 248, 247, 247, 248, 254, 260, 264, 272,
    277, 279, 276, 270, 261, 256, 251, 246, 249, 254, 260, 266, 269, 274,
    271, 264, 258, 254, 251, 247, 246, 249, 254, 260, 266, 268, 267, 270,
    269, 265, 265, 265, 264, 262, 263, 261, 258, 262, 258, 260, 260, 263,
    259, 259, 258, 262, 262 ]
headPositionsY: [ 85, 85, 81, 81, 84, 82, 83, 82, 85, 80, 82, 82, 83, 82,
    84, 83, 81, 84, 82, 84, 86, 85, 85, 84, 81, 82, 83, 81, 85, 83, 84,
    81, 82, 83, 83, 84, 81, 85, 85, 83, 82, 82, 84, 81, 85, 83, 81, 82,
    84, 83, 85, 83, 85, 84, 81, 80, 82, 82, 84, 86, 83, 80, 85, 83, 83,
    81, 84, 84, 85, 83, 82, 80, 83, 82, 81, 85, 81, 84, 84, 81, 86, 85,
    86, 86, 86, 87, 86, 82, 86, 86, 85, 86, 86, 86, 85, 85, 85, 84, 82,
    84 ]
