%YAML:1.0
---
videoName: "headLookDown6.mp4"
gestureLabel: 206
fps: 29
pixelSizeInCmTemp: 3.4710144927536229e-01
faceCenterPointX: 276
faceCenterPointY: 98
headPositionsX: [ 275, 276, 275, 276, 275, 275, 277, 272, 274, 273, 275,
    275, 276, 275, 273, 277, 275, 273, 273, 277, 274, 274, 274, 277, 277,
    273, 272, 274, 274, 276, 274, 278, 273, 273, 276, 277, 276, 274, 274,
    275, 273, 274, 274, 277, 277, 273, 276, 275, 273, 278, 276, 274, 273,
    277, 277, 273, 276, 277, 274, 277, 272, 273, 276, 273, 273, 273, 273,
    272, 277, 277, 273, 277, 276, 274, 277, 277, 273, 274, 276, 277, 274,
    277, 273, 277, 275, 277, 277, 278, 275, 276, 276, 275, 278, 274, 274,
    276, 279, 277, 277, 275 ]
headPositionsY: [ 96, 79, 83, 79, 81, 81, 82, 82, 82, 80, 80, 81, 79, 79,
    81, 80, 81, 82, 80, 84, 81, 82, 82, 80, 82, 80, 80, 81, 83, 82, 82,
    81, 81, 82, 84, 81, 84, 84, 83, 82, 84, 86, 86, 88, 84, 90, 91, 89,
    90, 91, 92, 93, 96, 94, 94, 98, 97, 95, 98, 97, 97, 99, 96, 96, 96,
    101, 100, 98, 96, 98, 97, 97, 99, 100, 99, 100, 97, 99, 97, 97, 98,
    101, 96, 99, 97, 100, 99, 97, 98, 97, 101, 96, 100, 97, 97, 99, 97,
    99, 96, 98 ]
