%YAML:1.0
---
videoName: "headNod4.mp4"
gestureLabel: 202
fps: 29
pixelSizeInCmTemp: 3.2808219178082193e-01
faceCenterPointX: 264
faceCenterPointY: 72
headPositionsX: [ 263, 269, 269, 269, 269, 269, 272, 270, 273, 269, 270,
    271, 268, 269, 269, 270, 266, 270, 267, 268, 266, 270, 268, 266, 267,
    267, 266, 266, 268, 268, 266, 268, 267, 268, 265, 266, 265, 268, 266,
    265, 267, 269, 264, 269, 267, 265, 269, 267, 266, 268, 269, 269, 266,
    266, 264, 267, 266, 264, 266, 266, 265, 268, 266, 266, 266, 266, 264,
    266, 263, 263, 267, 263, 266, 266, 266, 262, 263, 262, 266, 266, 263,
    262, 267, 266, 265, 265, 262, 264, 264, 265, 262, 267, 267, 262, 264,
    264, 262, 262, 266, 264 ]
headPositionsY: [ 72, 76, 73, 73, 74, 73, 74, 72, 73, 77, 72, 73, 74, 72,
    75, 75, 73, 76, 73, 75, 75, 74, 73, 77, 75, 75, 74, 74, 74, 75, 74,
    76, 73, 75, 75, 73, 73, 72, 75, 76, 77, 76, 76, 74, 73, 67, 67, 68,
    68, 66, 66, 70, 70, 74, 78, 81, 82, 82, 81, 77, 73, 72, 68, 71, 68,
    73, 76, 78, 78, 81, 83, 79, 81, 78, 75, 74, 68, 70, 67, 69, 68, 73,
    73, 78, 80, 83, 84, 81, 82, 82, 80, 80, 78, 80, 75, 78, 75, 76, 71,
    73 ]
