%YAML:1.0
---
videoName: "headNod15.mp4"
gestureLabel: 202
fps: 29
pixelSizeInCmTemp: 3.1933333333333330e-01
faceCenterPointX: 255
faceCenterPointY: 74
headPositionsX: [ 254, 255, 260, 256, 258, 259, 258, 259, 255, 256, 257,
    255, 254, 256, 254, 254, 256, 257, 254, 254, 254, 257, 254, 255, 254,
    254, 256, 255, 253, 254, 254, 257, 256, 255, 253, 257, 253, 257, 255,
    254, 257, 256, 256, 254, 254, 254, 257, 254, 252, 257, 253, 256, 254,
    254, 255, 253, 252, 252, 257, 257, 254, 256, 253, 255, 256, 255, 255,
    256, 253, 256, 253, 253, 254, 254, 252, 251, 253, 253, 251, 255, 253,
    253, 255, 253, 253, 255, 252, 255, 256, 254, 253, 254, 252, 256, 254,
    253, 253, 254, 255, 256 ]
headPositionsY: [ 72, 72, 76, 74, 73, 75, 75, 75, 71, 75, 74, 75, 75, 74,
    74, 76, 74, 72, 71, 72, 73, 75, 73, 73, 75, 74, 72, 72, 76, 72, 71,
    73, 76, 74, 74, 75, 78, 76, 81, 81, 81, 80, 77, 78, 76, 72, 72, 71,
    73, 76, 77, 81, 84, 80, 77, 76, 74, 72, 69, 71, 70, 73, 73, 78, 79,
    84, 84, 82, 80, 77, 75, 72, 69, 70, 72, 74, 76, 78, 75, 75, 76, 69,
    69, 70, 71, 68, 71, 73, 74, 74, 75, 74, 73, 71, 71, 73, 72, 71, 71,
    73 ]
