%YAML:1.0
---
videoName: "headLookUp9.mp4"
gestureLabel: 205
fps: 29
pixelSizeInCmTemp: 3.3732394366197183e-01
faceCenterPointX: 251
faceCenterPointY: 57
headPositionsX: [ 251, 250, 250, 253, 249, 253, 251, 249, 253, 250, 253,
    250, 254, 249, 250, 249, 249, 253, 250, 253, 253, 251, 249, 251, 252,
    253, 251, 253, 253, 252, 250, 250, 251, 251, 252, 250, 253, 249, 252,
    250, 249, 251, 249, 250, 250, 249, 254, 253, 250, 253, 251, 249, 251,
    253, 249, 250, 250, 251, 249, 249, 250, 249, 251, 251, 250, 249, 249,
    252, 250, 251, 249, 251, 251, 253, 250, 253, 253, 250, 249, 253, 253,
    250, 253, 251, 249, 252, 251, 251, 250, 250, 253, 250, 251, 253, 250,
    252, 253, 252, 250, 253 ]
headPositionsY: [ 59, 76, 74, 72, 73, 75, 73, 74, 75, 77, 74, 74, 75, 75,
    74, 72, 74, 74, 74, 75, 76, 75, 74, 73, 75, 73, 75, 72, 73, 74, 71,
    74, 71, 71, 69, 68, 69, 65, 69, 65, 67, 62, 64, 60, 59, 60, 60, 59,
    58, 60, 60, 60, 60, 58, 59, 60, 60, 58, 57, 55, 61, 55, 57, 56, 56,
    57, 55, 57, 55, 59, 59, 59, 56, 55, 57, 55, 55, 58, 59, 55, 59, 57,
    55, 59, 56, 57, 56, 59, 59, 55, 59, 59, 55, 59, 57, 55, 58, 56, 59,
    57 ]
