%YAML:1.0
---
videoName: "headLookLeft7.mp4"
gestureLabel: 203
fps: 29
pixelSizeInCmTemp: 3.4214285714285714e-01
faceCenterPointX: 268
faceCenterPointY: 68
headPositionsX: [ 268, 247, 248, 243, 247, 243, 248, 245, 247, 246, 246,
    246, 247, 243, 246, 246, 246, 245, 243, 245, 247, 248, 246, 243, 243,
    246, 247, 245, 245, 247, 250, 249, 253, 256, 259, 260, 259, 263, 262,
    266, 268, 265, 267, 264, 265, 269, 267, 269, 265, 270, 264, 270, 270,
    267, 268, 270, 265, 268, 269, 268, 264, 270, 268, 267, 271, 267, 267,
    272, 263, 265, 271, 267, 267, 267, 268, 270, 271, 270, 267, 271, 268,
    270, 269, 266, 269, 267, 270, 271, 266, 270, 272, 270, 271, 267, 268,
    270, 267, 269, 271, 270 ]
headPositionsY: [ 70, 69, 67, 71, 69, 71, 68, 69, 68, 69, 69, 71, 71, 70,
    69, 72, 71, 69, 68, 72, 70, 71, 69, 69, 70, 72, 70, 69, 70, 68, 70,
    71, 69, 70, 68, 66, 69, 69, 68, 69, 65, 69, 68, 69, 67, 68, 71, 66,
    71, 68, 67, 67, 70, 67, 66, 69, 68, 66, 65, 70, 67, 69, 69, 70, 69,
    67, 68, 69, 68, 68, 71, 69, 71, 72, 67, 70, 67, 70, 69, 72, 66, 67,
    71, 68, 69, 69, 68, 69, 68, 69, 70, 67, 67, 69, 70, 69, 70, 70, 72,
    71 ]
