%YAML:1.0
---
videoName: "headLookDown2.mp4"
gestureLabel: 206
fps: 29
pixelSizeInCmTemp: 3.3732394366197183e-01
faceCenterPointX: 274
faceCenterPointY: 95
headPositionsX: [ 276, 273, 276, 274, 275, 273, 272, 275, 273, 275, 274,
    276, 272, 274, 276, 274, 272, 276, 274, 273, 271, 275, 273, 275, 274,
    274, 276, 273, 275, 271, 271, 272, 274, 274, 275, 272, 276, 275, 272,
    275, 272, 274, 273, 273, 277, 273, 276, 272, 271, 275, 275, 274, 273,
    275, 274, 275, 272, 276, 274, 272, 276, 273, 274, 275, 273, 273, 277,
    273, 273, 276, 276, 274, 274, 274, 276, 277, 275, 273, 276, 275, 275,
    277, 277, 277, 273, 273, 275, 275, 277, 273, 274, 273, 275, 276, 275,
    274, 276, 275, 276, 273 ]
headPositionsY: [ 97, 81, 78, 79, 78, 78, 80, 77, 80, 77, 76, 77, 80, 80,
    81, 77, 80, 78, 81, 79, 81, 81, 78, 79, 78, 80, 78, 81, 81, 78, 81,
    80, 80, 80, 82, 82, 81, 82, 84, 85, 89, 90, 91, 90, 94, 92, 95, 95,
    94, 91, 92, 96, 94, 94, 92, 94, 96, 96, 96, 95, 93, 96, 94, 93, 95,
    95, 95, 97, 95, 94, 94, 96, 93, 94, 93, 95, 94, 93, 93, 93, 93, 95,
    95, 95, 94, 94, 94, 95, 94, 93, 94, 94, 97, 95, 93, 97, 97, 93, 94,
    94 ]
