%YAML:1.0
---
videoName: "headNod20.mp4"
gestureLabel: 202
fps: 30
pixelSizeInCmTemp: 3.2808219178082193e-01
faceCenterPointX: 253
faceCenterPointY: 80
headPositionsX: [ 255, 258, 254, 256, 256, 255, 257, 254, 257, 256, 254,
    254, 254, 256, 256, 254, 258, 255, 255, 255, 255, 255, 258, 257, 257,
    255, 255, 257, 256, 254, 258, 253, 253, 255, 255, 252, 256, 255, 254,
    254, 256, 253, 256, 253, 256, 253, 255, 250, 255, 252, 251, 250, 254,
    251, 253, 252, 249, 252, 250, 250, 254, 251, 252, 253, 253, 255, 253,
    253, 254, 254, 253, 252, 255, 253, 255, 252, 254, 254, 251, 252, 254,
    251, 251, 255, 254, 252, 251, 251, 253, 255, 254, 255, 252, 252, 252,
    253, 255, 252, 253, 256 ]
headPositionsY: [ 80, 80, 77, 76, 76, 77, 78, 79, 80, 79, 78, 76, 78, 80,
    79, 76, 78, 76, 77, 77, 78, 76, 77, 79, 81, 80, 81, 80, 80, 80, 85,
    84, 88, 85, 88, 83, 79, 78, 75, 73, 71, 72, 73, 72, 80, 78, 82, 88,
    88, 89, 88, 81, 79, 76, 79, 75, 76, 81, 78, 80, 82, 84, 83, 77, 77,
    76, 78, 78, 79, 83, 84, 81, 77, 79, 80, 80, 82, 80, 84, 82, 80, 81,
    79, 79, 79, 82, 83, 82, 81, 82, 80, 81, 79, 81, 81, 78, 80, 79, 82,
    81 ]
