%YAML:1.0
---
videoName: "headNod24.mp4"
gestureLabel: 202
fps: 29
pixelSizeInCmTemp: 3.1513157894736843e-01
faceCenterPointX: 272
faceCenterPointY: 72
headPositionsX: [ 273, 275, 275, 273, 274, 273, 276, 274, 274, 275, 273,
    274, 275, 275, 272, 272, 274, 272, 274, 275, 272, 273, 272, 274, 275,
    274, 272, 275, 271, 273, 273, 275, 272, 275, 274, 275, 271, 272, 274,
    273, 273, 275, 270, 272, 273, 271, 275, 271, 273, 271, 275, 273, 272,
    272, 274, 274, 275, 272, 274, 271, 269, 273, 270, 269, 272, 268, 273,
    269, 272, 271, 270, 272, 271, 270, 268, 272, 269, 272, 270, 270, 269,
    271, 268, 271, 271, 268, 271, 272, 269, 269, 269, 272, 273, 271, 269,
    274, 271, 271, 273, 270 ]
headPositionsY: [ 73, 74, 75, 73, 74, 72, 73, 74, 74, 75, 73, 74, 73, 72,
    72, 74, 74, 72, 75, 74, 72, 73, 73, 71, 75, 71, 74, 72, 72, 72, 75,
    73, 74, 75, 73, 72, 71, 71, 71, 68, 71, 73, 75, 78, 83, 83, 78, 75,
    71, 69, 67, 67, 70, 71, 75, 75, 74, 75, 71, 67, 65, 67, 66, 69, 71,
    73, 74, 78, 72, 72, 70, 69, 67, 67, 70, 69, 73, 73, 75, 73, 75, 73,
    75, 71, 68, 70, 68, 72, 72, 69, 72, 70, 72, 71, 73, 73, 73, 74, 71,
    72 ]
