%YAML:1.0
---
videoName: "headShake30.mp4"
gestureLabel: 201
fps: 29
pixelSizeInCmTemp: 3.2808219178082193e-01
faceCenterPointX: 240
faceCenterPointY: 68
headPositionsX: [ 238, 233, 235, 235, 233, 233, 235, 234, 232, 236, 234,
    234, 238, 236, 241, 239, 242, 242, 245, 242, 246, 243, 243, 244, 245,
    244, 241, 244, 244, 239, 242, 238, 239, 240, 239, 240, 239, 239, 241,
    248, 250, 254, 256, 260, 259, 260, 256, 255, 250, 242, 239, 228, 226,
    222, 225, 224, 227, 234, 241, 246, 249, 250, 253, 252, 244, 240, 235,
    232, 226, 228, 228, 230, 231, 238, 243, 247, 247, 248, 250, 250, 249,
    245, 241, 236, 235, 234, 237, 236, 236, 239, 241, 241, 242, 240, 242,
    240, 238, 239, 240, 240 ]
headPositionsY: [ 67, 57, 54, 57, 59, 57, 61, 58, 62, 61, 65, 62, 62, 64,
    66, 65, 67, 64, 66, 64, 63, 66, 63, 67, 66, 66, 66, 66, 67, 67, 65,
    63, 64, 67, 65, 64, 68, 68, 68, 64, 63, 66, 67, 67, 67, 65, 67, 65,
    67, 66, 70, 66, 66, 66, 70, 68, 67, 70, 69, 70, 65, 65, 67, 69, 68,
    69, 66, 70, 68, 70, 70, 67, 68, 67, 66, 68, 64, 65, 69, 64, 64, 66,
    69, 66, 66, 65, 67, 70, 65, 68, 66, 69, 66, 69, 66, 69, 67, 66, 70,
    66 ]
