%YAML:1.0
---
videoName: "headLookUp6.mp4"
gestureLabel: 205
fps: 30
pixelSizeInCmTemp: 3.7421874999999999e-01
faceCenterPointX: 255
faceCenterPointY: 70
headPositionsX: [ 254, 257, 256, 254, 256, 258, 253, 255, 257, 255, 254,
    255, 257, 254, 255, 254, 254, 253, 254, 253, 253, 256, 258, 257, 254,
    254, 257, 256, 256, 258, 256, 258, 254, 257, 254, 253, 255, 255, 257,
    256, 252, 254, 256, 257, 255, 255, 255, 257, 257, 254, 253, 252, 254,
    254, 254, 253, 253, 254, 252, 254, 256, 254, 252, 253, 252, 253, 254,
    253, 253, 257, 253, 252, 256, 255, 257, 255, 255, 256, 257, 256, 256,
    252, 257, 257, 254, 255, 254, 256, 256, 256, 253, 254, 254, 254, 254,
    252, 252, 254, 255, 257 ]
headPositionsY: [ 71, 82, 83, 81, 81, 85, 84, 84, 82, 84, 85, 81, 83, 86,
    85, 85, 81, 82, 84, 83, 82, 84, 82, 80, 83, 80, 77, 79, 77, 77, 75,
    74, 74, 68, 67, 71, 68, 67, 71, 72, 69, 71, 70, 67, 71, 69, 69, 71,
    69, 70, 69, 70, 67, 71, 68, 66, 69, 72, 71, 68, 67, 69, 70, 69, 69,
    69, 69, 68, 69, 70, 69, 68, 71, 68, 69, 68, 67, 71, 68, 68, 72, 70,
    71, 72, 67, 70, 67, 70, 72, 68, 69, 71, 70, 72, 70, 70, 72, 70, 72,
    70 ]
