%YAML:1.0
---
videoName: "headShake12.mp4"
gestureLabel: 201
fps: 29
pixelSizeInCmTemp: 3.2808219178082193e-01
faceCenterPointX: 241
faceCenterPointY: 76
headPositionsX: [ 239, 239, 240, 240, 241, 244, 242, 240, 244, 243, 245,
    242, 243, 240, 241, 243, 240, 240, 240, 240, 240, 244, 243, 241, 242,
    241, 244, 242, 243, 243, 244, 240, 242, 240, 240, 241, 243, 243, 243,
    243, 242, 240, 243, 241, 240, 242, 242, 241, 244, 240, 243, 242, 243,
    243, 240, 241, 243, 244, 245, 244, 249, 254, 255, 258, 259, 258, 258,
    251, 247, 241, 238, 234, 230, 230, 239, 239, 245, 250, 251, 255, 252,
    250, 248, 245, 242, 239, 235, 238, 238, 237, 236, 240, 239, 240, 241,
    239, 241, 242, 241, 238 ]
headPositionsY: [ 76, 70, 73, 73, 76, 72, 76, 74, 72, 71, 71, 73, 72, 75,
    74, 71, 73, 74, 75, 74, 72, 71, 77, 74, 71, 74, 72, 75, 72, 71, 75,
    74, 76, 74, 72, 76, 73, 76, 74, 73, 72, 74, 76, 74, 72, 73, 72, 73,
    76, 74, 75, 72, 76, 75, 76, 76, 73, 73, 73, 75, 75, 73, 72, 73, 75,
    74, 73, 75, 75, 76, 74, 75, 78, 78, 75, 77, 78, 77, 75, 75, 75, 76,
    78, 76, 77, 78, 74, 75, 74, 77, 75, 77, 74, 76, 78, 74, 77, 74, 76,
    78 ]
