%YAML:1.0
---
videoName: "headLookLeft6.mp4"
gestureLabel: 203
fps: 29
pixelSizeInCmTemp: 3.2808219178082193e-01
faceCenterPointX: 267
faceCenterPointY: 69
headPositionsX: [ 268, 242, 245, 247, 242, 247, 246, 244, 244, 246, 244,
    244, 247, 244, 246, 246, 247, 244, 247, 246, 245, 246, 244, 246, 245,
    245, 249, 252, 250, 251, 253, 258, 257, 259, 265, 266, 265, 268, 269,
    272, 268, 269, 267, 265, 271, 271, 271, 268, 267, 270, 268, 267, 269,
    270, 269, 269, 269, 268, 269, 266, 267, 264, 269, 266, 267, 268, 267,
    265, 267, 267, 266, 265, 268, 266, 263, 267, 264, 268, 269, 271, 264,
    269, 268, 268, 268, 268, 266, 269, 266, 271, 269, 268, 267, 266, 269,
    268, 265, 264, 267, 265 ]
headPositionsY: [ 70, 71, 71, 71, 71, 70, 72, 73, 71, 74, 71, 71, 72, 72,
    71, 74, 74, 74, 70, 74, 70, 70, 72, 73, 74, 75, 70, 70, 72, 69, 69,
    70, 71, 69, 71, 68, 70, 72, 69, 69, 67, 72, 70, 70, 69, 69, 68, 69,
    70, 73, 66, 71, 68, 67, 70, 69, 70, 71, 72, 70, 72, 67, 71, 68, 68,
    69, 69, 67, 71, 69, 72, 71, 69, 70, 69, 70, 68, 68, 69, 72, 70, 71,
    71, 67, 70, 68, 71, 68, 73, 69, 71, 68, 68, 71, 69, 71, 70, 69, 72,
    66 ]
