%YAML:1.0
---
videoName: "headNod28.mp4"
gestureLabel: 202
fps: 30
pixelSizeInCmTemp: 3.2364864864864862e-01
faceCenterPointX: 270
faceCenterPointY: 76
headPositionsX: [ 269, 273, 273, 271, 273, 272, 269, 270, 272, 270, 269,
    269, 272, 269, 269, 269, 268, 271, 269, 267, 272, 269, 269, 269, 268,
    270, 270, 271, 268, 272, 269, 272, 269, 269, 269, 271, 270, 270, 273,
    268, 271, 271, 271, 271, 270, 269, 270, 270, 269, 270, 271, 269, 271,
    270, 269, 273, 272, 272, 270, 269, 269, 270, 270, 272, 271, 271, 270,
    272, 271, 270, 271, 271, 271, 272, 271, 271, 271, 272, 270, 272, 270,
    270, 270, 272, 270, 269, 270, 270, 270, 271, 270, 274, 274, 270, 270,
    273, 270, 270, 270, 270 ]
headPositionsY: [ 74, 73, 74, 76, 75, 74, 74, 76, 73, 75, 77, 73, 76, 76,
    73, 75, 74, 73, 76, 76, 74, 75, 76, 74, 76, 76, 76, 75, 76, 77, 73,
    77, 75, 75, 74, 72, 74, 73, 76, 73, 72, 75, 78, 82, 81, 84, 80, 82,
    80, 75, 75, 71, 73, 73, 71, 69, 70, 74, 76, 80, 82, 81, 79, 81, 78,
    75, 72, 73, 73, 73, 74, 76, 78, 81, 78, 78, 80, 77, 74, 73, 75, 72,
    74, 76, 76, 76, 79, 76, 77, 78, 78, 77, 75, 73, 74, 79, 77, 77, 78,
    77 ]
