%YAML:1.0
---
videoName: "headShake0.mp4"
gestureLabel: 201
fps: 29
pixelSizeInCmTemp: 3.2808219178082193e-01
faceCenterPointX: 279
faceCenterPointY: 94
headPositionsX: [ 280, 281, 279, 280, 280, 280, 280, 277, 278, 278, 278,
    279, 278, 279, 280, 277, 277, 277, 277, 280, 280, 281, 281, 278, 281,
    277, 281, 281, 277, 279, 276, 278, 277, 279, 277, 279, 280, 277, 281,
    281, 280, 279, 285, 287, 292, 294, 301, 299, 299, 298, 296, 295, 289,
    282, 276, 274, 274, 275, 275, 276, 282, 288, 290, 292, 289, 287, 287,
    280, 280, 276, 274, 274, 272, 274, 279, 280, 283, 284, 286, 285, 278,
    279, 279, 276, 276, 275, 275, 279, 280, 276, 277, 278, 278, 277, 279,
    280, 278, 281, 280, 279 ]
headPositionsY: [ 94, 92, 93, 93, 93, 95, 95, 95, 91, 91, 95, 90, 92, 91,
    91, 94, 95, 94, 95, 91, 92, 94, 92, 91, 95, 91, 94, 92, 91, 94, 92,
    91, 94, 93, 95, 95, 91, 92, 93, 96, 95, 91, 92, 91, 93, 92, 91, 93,
    90, 90, 90, 91, 95, 93, 90, 92, 91, 91, 91, 91, 92, 94, 93, 91, 91,
    92, 93, 93, 95, 95, 93, 94, 93, 93, 92, 95, 93, 92, 95, 94, 95, 94,
    94, 95, 93, 94, 93, 91, 96, 94, 92, 96, 93, 96, 95, 95, 94, 96, 92,
    93 ]
