%YAML:1.0
---
videoName: "headLookRight2.mp4"
gestureLabel: 204
fps: 29
pixelSizeInCmTemp: 3.8015873015873014e-01
faceCenterPointX: 228
faceCenterPointY: 68
headPositionsX: [ 227, 252, 254, 250, 250, 251, 249, 249, 254, 251, 253,
    250, 250, 253, 250, 252, 253, 250, 253, 251, 253, 251, 250, 250, 252,
    254, 255, 255, 254, 253, 255, 255, 254, 255, 254, 254, 253, 254, 254,
    253, 255, 253, 250, 254, 252, 254, 254, 252, 248, 251, 248, 246, 244,
    239, 237, 238, 234, 235, 229, 232, 229, 228, 230, 230, 229, 226, 227,
    227, 222, 227, 227, 230, 226, 228, 225, 229, 227, 231, 227, 230, 228,
    228, 228, 228, 230, 230, 230, 225, 230, 225, 226, 228, 231, 231, 226,
    228, 227, 232, 228, 232 ]
headPositionsY: [ 69, 69, 69, 65, 66, 67, 67, 69, 70, 67, 70, 71, 67, 68,
    69, 68, 72, 69, 69, 69, 68, 69, 67, 69, 71, 69, 71, 70, 68, 70, 72,
    68, 67, 67, 71, 70, 71, 68, 69, 68, 71, 68, 71, 68, 69, 70, 70, 70,
    69, 70, 68, 70, 68, 69, 70, 69, 67, 69, 67, 69, 65, 70, 67, 65, 66,
    66, 67, 68, 71, 68, 72, 69, 70, 70, 71, 69, 71, 70, 70, 71, 70, 70,
    69, 70, 70, 67, 71, 70, 68, 68, 68, 69, 70, 68, 69, 69, 70, 69, 73,
    70 ]
