%YAML:1.0
---
videoName: "headLookUp3.mp4"
gestureLabel: 205
fps: 29
pixelSizeInCmTemp: 3.7421874999999999e-01
faceCenterPointX: 254
faceCenterPointY: 68
headPositionsX: [ 252, 254, 255, 254, 253, 254, 253, 256, 253, 257, 257,
    255, 257, 257, 256, 254, 255, 259, 257, 256, 259, 258, 258, 259, 258,
    256, 257, 258, 258, 258, 258, 257, 257, 256, 257, 256, 258, 256, 256,
    255, 258, 255, 253, 257, 256, 254, 254, 254, 254, 258, 257, 254, 253,
    254, 254, 258, 255, 253, 254, 254, 252, 258, 256, 254, 255, 253, 254,
    254, 254, 254, 252, 258, 254, 256, 252, 257, 253, 257, 257, 257, 256,
    254, 258, 255, 256, 256, 257, 257, 258, 257, 254, 255, 255, 258, 256,
    257, 255, 257, 254, 256 ]
headPositionsY: [ 66, 81, 85, 81, 83, 80, 80, 83, 83, 81, 82, 84, 81, 83,
    84, 82, 80, 84, 82, 82, 83, 82, 81, 82, 81, 83, 82, 81, 80, 81, 81,
    81, 82, 84, 84, 83, 81, 79, 80, 77, 78, 76, 76, 73, 73, 72, 71, 68,
    70, 67, 65, 68, 67, 66, 67, 69, 69, 67, 69, 66, 66, 70, 67, 69, 66,
    65, 65, 66, 68, 67, 68, 69, 66, 65, 68, 65, 67, 66, 67, 66, 66, 68,
    70, 66, 65, 69, 66, 67, 66, 69, 65, 67, 68, 67, 69, 70, 68, 68, 67,
    68 ]
