%YAML:1.0
---
videoName: "headLookRight6.mp4"
gestureLabel: 204
fps: 29
pixelSizeInCmTemp: 3.8015873015873014e-01
faceCenterPointX: 226
faceCenterPointY: 72
headPositionsX: [ 227, 249, 247, 248, 246, 247, 250, 249, 248, 249, 247,
    248, 249, 247, 248, 252, 250, 251, 249, 249, 248, 249, 249, 249, 251,
    252, 251, 251, 252, 250, 252, 251, 247, 250, 246, 248, 243, 241, 239,
    236, 231, 230, 227, 230, 228, 226, 228, 228, 222, 226, 227, 226, 225,
    227, 224, 226, 225, 226, 229, 227, 228, 225, 230, 226, 225, 224, 224,
    228, 231, 225, 226, 228, 229, 228, 225, 223, 228, 227, 228, 226, 224,
    227, 226, 228, 225, 226, 231, 229, 224, 227, 228, 228, 229, 227, 227,
    228, 223, 228, 226, 227 ]
headPositionsY: [ 74, 70, 71, 73, 72, 74, 71, 72, 73, 74, 71, 75, 72, 75,
    73, 72, 73, 72, 76, 76, 72, 77, 75, 76, 72, 72, 72, 74, 75, 73, 76,
    76, 72, 76, 76, 73, 76, 75, 75, 71, 72, 73, 75, 73, 74, 73, 73, 70,
    76, 75, 75, 72, 74, 75, 75, 74, 73, 75, 74, 76, 77, 75, 78, 69, 76,
    72, 75, 72, 74, 74, 74, 75, 73, 75, 71, 70, 73, 72, 72, 75, 78, 75,
    72, 73, 73, 75, 75, 73, 74, 75, 71, 76, 73, 72, 71, 76, 71, 74, 73,
    69 ]
