%YAML:1.0
---
videoName: "headNod45.mp4"
gestureLabel: 202
fps: 30
pixelSizeInCmTemp: 3.0316455696202532e-01
faceCenterPointX: 265
faceCenterPointY: 77
headPositionsX: [ 267, 269, 268, 267, 269, 267, 267, 268, 268, 269, 269,
    268, 269, 270, 265, 268, 269, 265, 266, 269, 269, 265, 266, 270, 268,
    265, 266, 265, 266, 264, 266, 265, 263, 267, 264, 264, 265, 264, 267,
    267, 266, 266, 266, 267, 267, 263, 266, 267, 268, 268, 266, 265, 265,
    266, 269, 266, 265, 269, 267, 267, 265, 266, 263, 264, 266, 269, 265,
    265, 266, 265, 267, 269, 265, 265, 267, 264, 267, 268, 266, 265, 266,
    263, 268, 268, 265, 268, 266, 266, 265, 263, 267, 267, 266, 268, 264,
    267, 267, 266, 264, 265 ]
headPositionsY: [ 75, 76, 73, 77, 75, 74, 75, 75, 77, 74, 75, 74, 75, 73,
    78, 74, 78, 80, 78, 81, 86, 90, 91, 93, 94, 92, 91, 87, 83, 79, 72,
    72, 68, 67, 64, 66, 65, 72, 75, 78, 81, 88, 91, 93, 91, 88, 87, 85,
    79, 80, 75, 71, 72, 74, 75, 75, 76, 80, 86, 86, 86, 85, 80, 78, 77,
    75, 75, 70, 72, 73, 79, 82, 84, 85, 88, 86, 87, 82, 82, 81, 75, 74,
    76, 78, 77, 80, 78, 82, 80, 79, 80, 79, 79, 80, 80, 76, 76, 78, 76,
    79 ]
