%YAML:1.0
---
videoName: "headLookDown1.mp4"
gestureLabel: 206
fps: 29
pixelSizeInCmTemp: 3.4710144927536229e-01
faceCenterPointX: 271
faceCenterPointY: 97
headPositionsX: [ 273, 271, 268, 270, 268, 269, 272, 272, 269, 269, 270,
    270, 271, 272, 269, 271, 273, 271, 269, 269, 273, 273, 269, 273, 272,
    272, 274, 270, 272, 269, 270, 269, 269, 269, 273, 273, 270, 272, 273,
    272, 269, 273, 272, 271, 270, 269, 272, 270, 269, 269, 272, 271, 270,
    271, 272, 271, 272, 271, 269, 269, 271, 269, 273, 269, 267, 271, 269,
    272, 272, 268, 272, 270, 270, 274, 272, 271, 274, 272, 268, 269, 271,
    271, 269, 269, 273, 272, 271, 272, 272, 273, 270, 270, 273, 273, 271,
    270, 272, 274, 269, 272 ]
headPositionsY: [ 95, 76, 76, 77, 78, 79, 78, 80, 77, 77, 78, 81, 78, 80,
    77, 78, 80, 81, 81, 78, 77, 77, 81, 80, 82, 80, 77, 80, 78, 81, 81,
    82, 77, 80, 82, 78, 78, 79, 81, 79, 78, 81, 84, 80, 86, 84, 87, 89,
    92, 91, 91, 94, 94, 95, 94, 98, 96, 98, 99, 100, 98, 97, 97, 100, 97,
    98, 98, 99, 100, 101, 99, 101, 97, 98, 101, 98, 99, 100, 97, 99, 94,
    98, 98, 97, 96, 100, 97, 99, 97, 100, 100, 98, 98, 97, 96, 100, 96,
    97, 96, 98 ]
