%YAML:1.0
---
videoName: "headNod15.mp4"
gestureLabel: 202
fps: 29
pixelSizeInCmTemp: 3.1933333333333330e-01
faceCenterPointX: 255
faceCenterPointY: 74
headPositionsX: [ 256, 258, 256, 255, 257, 257, 255, 259, 254, 259, 254,
    255, 256, 259, 256, 254, 257, 258, 256, 255, 254, 255, 253, 254, 258,
    257, 254, 254, 256, 254, 253, 257, 256, 255, 255, 255, 256, 255, 255,
    255, 256, 257, 255, 252, 256, 253, 253, 253, 255, 255, 253, 256, 255,
    253, 255, 255, 256, 252, 254, 256, 256, 254, 254, 254, 256, 257, 259,
    256, 253, 257, 254, 253, 253, 253, 253, 254, 253, 252, 253, 253, 251,
    251, 256, 254, 256, 255, 256, 256, 253, 253, 253, 256, 253, 256, 252,
    255, 256, 253, 252, 252 ]
headPositionsY: [ 75, 74, 75, 73, 73, 73, 72, 72, 73, 72, 71, 75, 73, 73,
    75, 74, 75, 72, 73, 74, 76, 74, 72, 74, 76, 73, 73, 72, 76, 71, 75,
    75, 73, 74, 73, 73, 76, 76, 81, 82, 84, 80, 79, 75, 74, 73, 70, 71,
    72, 75, 79, 81, 81, 82, 77, 78, 74, 72, 72, 71, 70, 75, 75, 78, 80,
    84, 83, 80, 80, 78, 73, 72, 70, 72, 72, 76, 76, 79, 77, 78, 75, 73,
    69, 70, 71, 72, 73, 72, 75, 73, 73, 75, 73, 74, 71, 74, 71, 71, 74,
    73 ]
