%YAML:1.0
---
videoName: "headShake41.mp4"
gestureLabel: 201
fps: 29
pixelSizeInCmTemp: 3.2364864864864862e-01
faceCenterPointX: 264
faceCenterPointY: 85
headPositionsX: [ 264, 263, 261, 263, 260, 259, 260, 262, 262, 261, 262,
    263, 263, 261, 263, 262, 261, 263, 263, 262, 260, 262, 266, 264, 266,
    271, 272, 271, 272, 277, 278, 280, 280, 283, 277, 281, 280, 281, 278,
    277, 276, 271, 264, 263, 258, 255, 253, 250, 247, 246, 242, 247, 245,
    246, 247, 250, 251, 251, 259, 261, 262, 267, 269, 274, 275, 276, 277,
    279, 278, 278, 277, 276, 274, 270, 273, 270, 266, 265, 265, 266, 263,
    262, 264, 265, 265, 261, 263, 265, 262, 262, 263, 261, 262, 263, 263,
    262, 261, 264, 263, 263 ]
headPositionsY: [ 84, 81, 83, 83, 83, 82, 80, 85, 83, 80, 82, 82, 85, 85,
    84, 84, 84, 83, 83, 81, 86, 84, 83, 84, 81, 81, 80, 84, 82, 80, 83,
    83, 82, 80, 81, 81, 81, 84, 84, 80, 86, 85, 84, 84, 83, 86, 85, 85,
    83, 81, 80, 84, 82, 86, 86, 84, 81, 84, 84, 83, 83, 84, 86, 86, 84,
    85, 86, 83, 84, 84, 84, 84, 86, 86, 83, 84, 83, 83, 83, 85, 85, 84,
    83, 86, 84, 84, 83, 83, 82, 85, 84, 84, 87, 83, 83, 85, 82, 86, 82,
    85 ]
