%YAML:1.0
---
videoName: "headLookUp4.mp4"
gestureLabel: 205
fps: 30
pixelSizeInCmTemp: 3.6846153846153845e-01
faceCenterPointX: 256
faceCenterPointY: 68
headPositionsX: [ 255, 257, 258, 256, 258, 256, 255, 256, 258, 255, 257,
    257, 258, 257, 254, 257, 258, 254, 255, 257, 258, 255, 258, 255, 254,
    257, 257, 256, 257, 254, 259, 257, 254, 257, 255, 254, 254, 255, 253,
    253, 257, 258, 256, 256, 255, 254, 258, 256, 256, 256, 253, 258, 257,
    254, 254, 256, 255, 256, 256, 256, 255, 255, 256, 257, 255, 256, 256,
    254, 258, 257, 258, 255, 258, 256, 258, 259, 255, 258, 255, 253, 256,
    254, 253, 258, 254, 254, 256, 253, 256, 258, 259, 255, 259, 254, 259,
    254, 258, 255, 257, 255 ]
headPositionsY: [ 69, 80, 82, 83, 84, 80, 83, 82, 82, 81, 84, 80, 84, 80,
    83, 83, 83, 83, 81, 80, 81, 83, 82, 79, 77, 77, 77, 72, 74, 69, 71,
    67, 70, 71, 69, 65, 69, 69, 69, 70, 69, 72, 70, 66, 70, 68, 70, 69,
    70, 68, 68, 71, 71, 68, 69, 67, 70, 71, 70, 71, 66, 66, 65, 68, 69,
    70, 72, 70, 70, 68, 69, 68, 68, 67, 68, 69, 66, 71, 69, 67, 68, 67,
    72, 69, 71, 70, 72, 68, 70, 70, 68, 69, 69, 69, 68, 68, 70, 72, 67,
    70 ]
