%YAML:1.0
---
videoName: "headNod23.mp4"
gestureLabel: 202
fps: 29
pixelSizeInCmTemp: 3.1933333333333330e-01
faceCenterPointX: 273
faceCenterPointY: 75
headPositionsX: [ 272, 271, 274, 273, 272, 275, 273, 273, 276, 274, 275,
    273, 273, 277, 276, 276, 276, 272, 275, 274, 272, 275, 273, 276, 273,
    277, 275, 277, 273, 273, 275, 275, 277, 273, 272, 273, 274, 275, 274,
    274, 273, 271, 272, 272, 273, 273, 273, 270, 271, 273, 275, 272, 275,
    276, 275, 272, 272, 276, 275, 271, 272, 276, 275, 274, 272, 274, 272,
    274, 275, 276, 274, 273, 276, 275, 275, 271, 273, 272, 272, 275, 275,
    273, 273, 273, 276, 273, 275, 276, 273, 273, 276, 271, 275, 272, 273,
    272, 275, 275, 274, 272 ]
headPositionsY: [ 75, 78, 74, 76, 75, 77, 74, 77, 78, 75, 76, 75, 76, 77,
    77, 79, 76, 74, 77, 78, 76, 78, 78, 75, 75, 73, 67, 66, 66, 65, 65,
    64, 64, 65, 66, 72, 75, 75, 78, 82, 82, 84, 80, 79, 79, 74, 71, 71,
    67, 66, 69, 71, 71, 69, 73, 77, 75, 79, 78, 76, 76, 78, 72, 70, 69,
    71, 70, 70, 71, 70, 70, 74, 76, 76, 77, 81, 77, 81, 76, 78, 77, 73,
    75, 73, 76, 73, 73, 74, 75, 74, 76, 73, 75, 76, 76, 78, 76, 75, 75,
    77 ]
