%YAML:1.0
---
videoName: "headNod8.mp4"
gestureLabel: 202
fps: 29
pixelSizeInCmTemp: 3.1933333333333330e-01
faceCenterPointX: 262
faceCenterPointY: 74
headPositionsX: [ 261, 263, 261, 259, 261, 261, 263, 262, 263, 261, 263,
    262, 264, 263, 260, 263, 260, 262, 260, 261, 259, 260, 263, 264, 259,
    261, 263, 259, 262, 262, 260, 259, 262, 261, 260, 259, 261, 262, 260,
    260, 262, 264, 263, 261, 260, 263, 265, 261, 260, 264, 262, 259, 263,
    259, 262, 263, 259, 260, 262, 262, 262, 260, 260, 259, 259, 263, 262,
    262, 259, 263, 259, 259, 259, 262, 262, 259, 260, 262, 261, 260, 259,
    263, 262, 262, 260, 263, 261, 262, 265, 262, 261, 265, 260, 262, 261,
    265, 264, 263, 261, 262 ]
headPositionsY: [ 72, 75, 75, 77, 78, 77, 75, 77, 75, 77, 75, 76, 78, 78,
    76, 75, 78, 78, 76, 74, 78, 77, 74, 74, 78, 75, 78, 76, 79, 78, 74,
    78, 78, 78, 74, 77, 78, 75, 75, 76, 71, 72, 70, 67, 68, 68, 70, 69,
    73, 74, 77, 81, 85, 85, 83, 80, 80, 76, 71, 71, 71, 71, 72, 75, 76,
    80, 83, 83, 84, 82, 76, 73, 72, 69, 69, 73, 74, 77, 80, 83, 83, 82,
    82, 76, 75, 73, 73, 74, 71, 74, 76, 75, 74, 76, 79, 80, 78, 75, 75,
    73 ]
