%YAML:1.0
---
videoName: "headLookLeft7.mp4"
gestureLabel: 203
fps: 29
pixelSizeInCmTemp: 3.4214285714285714e-01
faceCenterPointX: 268
faceCenterPointY: 68
headPositionsX: [ 269, 245, 244, 244, 248, 244, 246, 245, 243, 243, 246,
    243, 247, 244, 248, 243, 246, 244, 243, 246, 246, 244, 248, 243, 246,
    246, 246, 245, 245, 248, 246, 252, 254, 252, 255, 258, 263, 265, 261,
    266, 266, 265, 270, 263, 264, 267, 268, 265, 266, 269, 264, 270, 267,
    268, 265, 268, 269, 268, 267, 270, 265, 270, 266, 266, 269, 265, 268,
    270, 264, 266, 267, 265, 267, 266, 269, 266, 268, 267, 265, 270, 266,
    271, 270, 269, 271, 266, 270, 268, 268, 272, 272, 268, 270, 270, 269,
    272, 268, 271, 267, 271 ]
headPositionsY: [ 70, 70, 70, 71, 70, 70, 70, 69, 69, 70, 68, 72, 72, 68,
    73, 73, 68, 68, 72, 70, 70, 68, 70, 72, 69, 68, 68, 70, 72, 71, 71,
    69, 66, 67, 71, 67, 69, 68, 66, 68, 65, 67, 67, 69, 66, 69, 71, 68,
    70, 66, 69, 67, 70, 69, 68, 71, 69, 67, 66, 70, 67, 67, 70, 71, 67,
    69, 69, 68, 67, 67, 71, 68, 70, 70, 68, 69, 71, 70, 68, 69, 65, 69,
    71, 66, 69, 69, 66, 68, 68, 68, 69, 68, 67, 69, 70, 72, 70, 67, 69,
    67 ]
