%YAML:1.0
---
videoName: "headLookRight4.mp4"
gestureLabel: 204
fps: 30
pixelSizeInCmTemp: 3.4214285714285714e-01
faceCenterPointX: 228
faceCenterPointY: 75
headPositionsX: [ 228, 255, 252, 253, 251, 252, 255, 253, 253, 255, 253,
    252, 256, 253, 255, 255, 253, 251, 254, 252, 255, 254, 253, 251, 252,
    252, 252, 254, 250, 250, 249, 249, 249, 246, 244, 243, 238, 236, 237,
    234, 234, 231, 229, 228, 229, 231, 229, 228, 227, 228, 228, 230, 225,
    225, 228, 227, 226, 225, 227, 226, 228, 226, 228, 227, 225, 226, 225,
    227, 224, 223, 224, 225, 228, 225, 225, 226, 230, 226, 228, 225, 227,
    229, 226, 229, 227, 224, 227, 224, 227, 227, 226, 228, 223, 227, 227,
    228, 225, 225, 226, 228 ]
headPositionsY: [ 73, 73, 69, 74, 73, 70, 71, 70, 71, 70, 71, 74, 71, 72,
    71, 74, 73, 74, 72, 71, 74, 73, 72, 74, 75, 74, 74, 75, 74, 72, 73,
    75, 74, 75, 73, 71, 71, 71, 74, 74, 70, 75, 73, 74, 74, 72, 76, 71,
    72, 72, 76, 75, 72, 76, 74, 75, 72, 75, 73, 75, 74, 72, 73, 74, 74,
    71, 73, 76, 75, 76, 75, 76, 75, 76, 78, 76, 76, 75, 78, 77, 74, 77,
    75, 73, 73, 76, 74, 76, 74, 74, 74, 70, 75, 78, 77, 72, 74, 76, 72,
    75 ]
