%YAML:1.0
---
videoName: "headLookUp4.mp4"
gestureLabel: 205
fps: 30
pixelSizeInCmTemp: 3.6846153846153845e-01
faceCenterPointX: 256
faceCenterPointY: 68
headPositionsX: [ 254, 258, 254, 258, 255, 254, 255, 256, 258, 255, 255,
    255, 255, 256, 258, 253, 256, 254, 257, 254, 256, 255, 257, 256, 256,
    256, 254, 254, 255, 256, 256, 257, 256, 255, 255, 255, 257, 256, 257,
    257, 257, 254, 256, 256, 254, 258, 258, 257, 255, 256, 255, 256, 257,
    254, 254, 258, 255, 255, 255, 255, 255, 253, 254, 256, 257, 256, 257,
    256, 257, 258, 258, 257, 255, 256, 256, 256, 255, 258, 256, 257, 257,
    257, 256, 255, 257, 256, 257, 255, 256, 254, 256, 258, 258, 256, 258,
    256, 255, 258, 257, 258 ]
headPositionsY: [ 66, 82, 83, 84, 83, 82, 80, 82, 83, 80, 82, 83, 84, 81,
    82, 82, 82, 81, 84, 84, 83, 82, 80, 82, 80, 78, 77, 75, 75, 73, 69,
    71, 69, 70, 71, 65, 69, 70, 70, 70, 68, 72, 69, 69, 70, 67, 70, 67,
    71, 68, 69, 69, 68, 68, 70, 68, 67, 69, 68, 70, 68, 65, 67, 68, 68,
    69, 70, 69, 71, 69, 68, 71, 68, 71, 69, 69, 67, 70, 68, 70, 69, 67,
    70, 67, 70, 67, 68, 66, 69, 69, 68, 68, 71, 69, 72, 70, 68, 68, 67,
    72 ]
