%YAML:1.0
---
videoName: "headLookRight9.mp4"
gestureLabel: 204
fps: 29
pixelSizeInCmTemp: 2.8511904761904761e-01
faceCenterPointX: 217
faceCenterPointY: 75
headPositionsX: [ 219, 243, 246, 245, 243, 244, 243, 243, 243, 245, 246,
    244, 243, 243, 242, 242, 241, 243, 241, 245, 244, 241, 241, 246, 243,
    244, 244, 244, 244, 244, 244, 241, 236, 233, 233, 229, 227, 223, 222,
    222, 221, 220, 215, 218, 218, 217, 216, 213, 217, 215, 214, 216, 212,
    214, 214, 215, 214, 214, 215, 214, 215, 214, 219, 216, 217, 220, 216,
    215, 213, 213, 216, 210, 209, 215, 212, 215, 215, 213, 213, 218, 218,
    217, 214, 217, 214, 216, 215, 218, 218, 216, 218, 214, 214, 214, 215,
    216, 220, 217, 218, 219 ]
headPositionsY: [ 75, 73, 75, 75, 74, 75, 75, 72, 76, 74, 74, 74, 77, 76,
    76, 76, 74, 76, 74, 73, 76, 72, 77, 74, 72, 77, 72, 75, 75, 72, 76,
    73, 73, 73, 73, 74, 72, 72, 74, 73, 75, 71, 71, 81, 71, 70, 70, 75,
    71, 73, 73, 73, 71, 75, 72, 75, 72, 72, 71, 74, 72, 70, 73, 74, 78,
    79, 73, 73, 74, 73, 71, 80, 78, 72, 73, 71, 73, 76, 75, 72, 71, 70,
    71, 75, 73, 74, 73, 73, 73, 73, 74, 69, 71, 74, 72, 71, 75, 74, 71,
    78 ]
