%YAML:1.0
---
videoName: "headNod7.mp4"
gestureLabel: 202
fps: 29
pixelSizeInCmTemp: 3.2808219178082193e-01
faceCenterPointX: 261
faceCenterPointY: 71
headPositionsX: [ 263, 264, 264, 267, 266, 266, 267, 266, 265, 262, 265,
    262, 266, 266, 263, 262, 260, 261, 263, 262, 264, 261, 261, 262, 264,
    264, 261, 263, 263, 260, 262, 262, 262, 264, 261, 263, 261, 260, 259,
    262, 262, 264, 261, 264, 262, 261, 259, 264, 259, 261, 262, 263, 263,
    264, 261, 262, 261, 260, 263, 260, 262, 262, 262, 263, 262, 260, 260,
    262, 260, 259, 259, 261, 262, 262, 260, 261, 263, 260, 262, 261, 261,
    261, 263, 261, 263, 262, 260, 263, 263, 262, 260, 262, 261, 260, 261,
    260, 263, 259, 262, 262 ]
headPositionsY: [ 73, 77, 72, 75, 73, 70, 73, 73, 76, 71, 76, 71, 75, 73,
    73, 73, 74, 77, 76, 75, 77, 75, 74, 77, 76, 76, 73, 78, 75, 73, 74,
    76, 77, 77, 73, 74, 75, 75, 73, 76, 73, 76, 74, 73, 74, 78, 74, 76,
    75, 70, 72, 69, 68, 69, 74, 76, 75, 81, 78, 79, 74, 72, 69, 70, 73,
    72, 72, 77, 77, 81, 80, 75, 73, 69, 73, 68, 72, 70, 72, 75, 76, 76,
    79, 76, 77, 79, 78, 75, 71, 72, 70, 70, 72, 68, 71, 69, 71, 69, 70,
    71 ]
