%YAML:1.0
---
videoName: "headLookLeft1.mp4"
gestureLabel: 203
fps: 30
pixelSizeInCmTemp: 3.6287878787878786e-01
faceCenterPointX: 276
faceCenterPointY: 73
headPositionsX: [ 274, 257, 256, 254, 255, 257, 258, 257, 256, 257, 256,
    255, 256, 254, 257, 255, 258, 255, 255, 258, 255, 256, 256, 257, 256,
    254, 258, 257, 256, 254, 258, 257, 255, 254, 255, 256, 257, 257, 255,
    257, 255, 255, 253, 256, 257, 253, 258, 257, 257, 254, 254, 257, 255,
    254, 254, 255, 258, 258, 258, 257, 260, 262, 264, 268, 266, 270, 270,
    273, 273, 275, 278, 277, 273, 271, 274, 279, 279, 276, 278, 276, 278,
    277, 280, 277, 278, 276, 274, 281, 278, 277, 280, 279, 277, 277, 274,
    276, 276, 276, 276, 274 ]
headPositionsY: [ 71, 76, 76, 74, 75, 78, 78, 77, 76, 73, 76, 73, 74, 78,
    77, 77, 74, 78, 77, 75, 77, 75, 77, 76, 76, 77, 78, 79, 78, 76, 80,
    80, 79, 81, 78, 78, 79, 81, 78, 77, 78, 77, 79, 79, 76, 81, 78, 79,
    78, 79, 76, 80, 78, 79, 79, 76, 77, 77, 80, 80, 80, 81, 76, 80, 76,
    75, 78, 78, 78, 79, 75, 76, 77, 74, 74, 77, 75, 75, 79, 78, 78, 74,
    72, 76, 77, 74, 72, 74, 77, 74, 77, 74, 76, 76, 74, 74, 77, 74, 72,
    74 ]
