%YAML:1.0
---
videoName: "headShake17.mp4"
gestureLabel: 201
fps: 29
pixelSizeInCmTemp: 3.3263888888888887e-01
faceCenterPointX: 242
faceCenterPointY: 76
headPositionsX: [ 241, 237, 240, 236, 236, 239, 240, 240, 244, 247, 252,
    255, 261, 259, 259, 259, 254, 247, 244, 238, 234, 233, 230, 228, 228,
    228, 228, 230, 236, 241, 245, 249, 250, 253, 253, 255, 251, 250, 249,
    245, 240, 240, 239, 233, 234, 231, 232, 232, 232, 236, 239, 239, 244,
    245, 242, 245, 244, 245, 243, 244, 241, 244, 240, 240, 239, 239, 240,
    241, 241, 239, 237, 240, 242, 239, 238, 243, 243, 239, 240, 241, 239,
    241, 240, 242, 243, 242, 243, 240, 239, 241, 243, 241, 243, 240, 241,
    242, 244, 241, 241, 242 ]
headPositionsY: [ 75, 77, 77, 76, 75, 77, 75, 75, 77, 73, 74, 75, 77, 75,
    74, 74, 76, 76, 78, 79, 78, 79, 76, 78, 78, 78, 78, 75, 78, 79, 74,
    77, 76, 74, 75, 73, 74, 76, 78, 80, 78, 78, 78, 75, 74, 76, 74, 78,
    77, 75, 77, 77, 78, 77, 79, 77, 74, 79, 79, 75, 74, 75, 79, 78, 74,
    76, 74, 76, 77, 79, 76, 74, 75, 77, 76, 77, 77, 75, 78, 78, 77, 76,
    77, 76, 74, 76, 79, 74, 75, 76, 77, 76, 77, 77, 75, 74, 75, 78, 74,
    74 ]
