%YAML:1.0
---
videoName: "headNod42.mp4"
gestureLabel: 202
fps: 30
pixelSizeInCmTemp: 3.0316455696202532e-01
faceCenterPointX: 265
faceCenterPointY: 77
headPositionsX: [ 267, 266, 270, 267, 268, 270, 269, 269, 270, 269, 267,
    267, 269, 269, 268, 271, 268, 268, 269, 269, 268, 270, 268, 270, 266,
    269, 268, 265, 266, 266, 265, 265, 267, 267, 265, 268, 264, 265, 268,
    264, 264, 267, 263, 266, 266, 267, 262, 263, 267, 266, 266, 262, 264,
    263, 263, 267, 266, 264, 265, 267, 264, 264, 263, 264, 265, 266, 267,
    263, 266, 263, 267, 265, 265, 267, 267, 267, 267, 267, 268, 265, 266,
    267, 268, 264, 266, 266, 265, 268, 264, 265, 266, 265, 263, 265, 264,
    263, 265, 266, 263, 265 ]
headPositionsY: [ 75, 77, 73, 75, 79, 74, 74, 75, 79, 77, 79, 79, 76, 76,
    74, 70, 70, 66, 65, 66, 68, 70, 70, 75, 81, 85, 87, 89, 93, 88, 89,
    82, 77, 75, 77, 69, 69, 67, 71, 70, 77, 79, 82, 84, 82, 82, 82, 77,
    75, 75, 69, 71, 73, 74, 74, 76, 83, 86, 82, 85, 82, 84, 81, 78, 76,
    74, 76, 76, 75, 77, 73, 78, 80, 83, 81, 80, 78, 78, 77, 75, 76, 72,
    77, 78, 79, 82, 80, 80, 83, 82, 82, 79, 80, 79, 80, 77, 77, 75, 77,
    76 ]
