%YAML:1.0
---
videoName: "headShake45.mp4"
gestureLabel: 201
fps: 30
pixelSizeInCmTemp: 3.3263888888888887e-01
faceCenterPointX: 262
faceCenterPointY: 84
headPositionsX: [ 263, 262, 261, 262, 261, 261, 265, 262, 264, 262, 264,
    261, 260, 261, 262, 261, 264, 265, 264, 263, 261, 264, 261, 263, 261,
    264, 260, 262, 261, 263, 262, 262, 264, 261, 263, 259, 260, 260, 261,
    257, 257, 255, 259, 265, 272, 273, 277, 281, 278, 279, 274, 267, 263,
    256, 256, 252, 256, 264, 269, 273, 273, 276, 271, 267, 266, 258, 257,
    257, 257, 258, 263, 270, 270, 270, 272, 266, 265, 259, 258, 257, 259,
    257, 260, 260, 263, 262, 261, 263, 262, 258, 259, 263, 260, 263, 263,
    263, 262, 264, 260, 260 ]
headPositionsY: [ 82, 79, 82, 81, 80, 83, 83, 82, 82, 85, 81, 81, 80, 83,
    80, 80, 84, 83, 80, 80, 84, 83, 83, 80, 83, 84, 83, 81, 82, 84, 80,
    83, 81, 80, 82, 82, 81, 80, 81, 82, 80, 80, 80, 80, 83, 81, 81, 81,
    78, 80, 81, 84, 82, 84, 83, 85, 83, 84, 81, 83, 79, 82, 80, 83, 81,
    83, 84, 83, 81, 82, 83, 84, 83, 83, 81, 80, 81, 85, 81, 81, 81, 82,
    83, 82, 83, 83, 82, 84, 84, 83, 83, 84, 85, 81, 85, 81, 82, 82, 81,
    85 ]
