%YAML:1.0
---
videoName: "headShake13.mp4"
gestureLabel: 201
fps: 29
pixelSizeInCmTemp: 3.2364864864864862e-01
faceCenterPointX: 241
faceCenterPointY: 77
headPositionsX: [ 239, 239, 240, 241, 239, 239, 243, 239, 243, 241, 240,
    244, 241, 240, 241, 240, 243, 244, 243, 241, 240, 241, 239, 240, 239,
    243, 241, 241, 242, 240, 238, 240, 238, 241, 243, 249, 251, 255, 258,
    261, 261, 263, 257, 253, 250, 244, 240, 233, 229, 227, 231, 233, 235,
    238, 243, 246, 250, 248, 248, 248, 246, 243, 238, 234, 231, 233, 231,
    234, 237, 241, 244, 250, 249, 251, 252, 249, 246, 244, 243, 237, 235,
    233, 234, 234, 235, 237, 237, 237, 243, 242, 242, 243, 246, 246, 243,
    242, 245, 242, 243, 243 ]
headPositionsY: [ 79, 78, 76, 76, 75, 76, 76, 77, 77, 76, 78, 76, 77, 77,
    76, 75, 78, 75, 74, 75, 78, 74, 74, 78, 74, 76, 76, 75, 74, 73, 78,
    77, 77, 78, 74, 78, 77, 76, 74, 75, 75, 74, 74, 75, 79, 76, 76, 78,
    76, 78, 77, 76, 76, 78, 79, 74, 76, 75, 78, 75, 76, 75, 75, 76, 75,
    79, 74, 77, 77, 77, 76, 75, 76, 74, 78, 78, 76, 74, 75, 78, 76, 76,
    76, 76, 79, 76, 77, 76, 78, 79, 78, 74, 78, 74, 76, 75, 76, 76, 77,
    77 ]
