%YAML:1.0
---
videoName: "headLookRight9.mp4"
gestureLabel: 204
fps: 29
pixelSizeInCmTemp: 2.8511904761904761e-01
faceCenterPointX: 217
faceCenterPointY: 75
headPositionsX: [ 218, 243, 242, 243, 246, 244, 242, 241, 245, 241, 243,
    242, 241, 243, 242, 245, 245, 243, 245, 241, 241, 240, 245, 242, 242,
    242, 243, 245, 245, 242, 244, 237, 236, 233, 235, 228, 226, 225, 222,
    219, 221, 219, 213, 215, 218, 213, 217, 212, 213, 213, 217, 217, 211,
    214, 214, 214, 213, 210, 216, 217, 212, 215, 218, 213, 218, 218, 214,
    214, 215, 217, 215, 208, 207, 218, 212, 216, 213, 215, 213, 217, 218,
    215, 217, 215, 215, 216, 217, 216, 216, 215, 217, 214, 216, 215, 213,
    218, 218, 217, 220, 216 ]
headPositionsY: [ 77, 72, 72, 73, 73, 75, 74, 73, 72, 75, 74, 76, 74, 76,
    74, 76, 73, 72, 73, 76, 75, 72, 75, 74, 73, 76, 76, 73, 75, 72, 76,
    77, 72, 73, 72, 76, 71, 74, 74, 73, 73, 71, 74, 79, 70, 70, 74, 75,
    72, 73, 72, 70, 70, 71, 74, 74, 73, 75, 70, 71, 69, 71, 75, 71, 76,
    78, 74, 72, 74, 71, 69, 78, 76, 68, 74, 72, 70, 75, 74, 73, 75, 71,
    72, 73, 72, 74, 73, 70, 72, 71, 74, 73, 72, 73, 73, 72, 78, 76, 71,
    78 ]
