%YAML:1.0
---
videoName: "headShake20.mp4"
gestureLabel: 201
fps: 29
pixelSizeInCmTemp: 3.3263888888888887e-01
faceCenterPointX: 242
faceCenterPointY: 78
headPositionsX: [ 243, 242, 242, 243, 242, 243, 245, 245, 245, 245, 242,
    241, 246, 241, 242, 244, 245, 242, 245, 244, 243, 244, 244, 244, 243,
    243, 244, 245, 242, 242, 244, 243, 243, 242, 242, 243, 242, 244, 243,
    247, 247, 253, 254, 260, 261, 260, 257, 253, 249, 243, 236, 236, 229,
    228, 230, 233, 240, 243, 246, 250, 253, 251, 250, 248, 242, 237, 235,
    234, 231, 230, 237, 236, 242, 243, 247, 247, 244, 244, 243, 242, 240,
    239, 240, 241, 241, 242, 243, 241, 244, 245, 243, 246, 244, 242, 243,
    244, 244, 240, 242, 239 ]
headPositionsY: [ 78, 74, 78, 74, 76, 78, 77, 76, 77, 78, 75, 74, 78, 78,
    76, 75, 74, 78, 74, 76, 78, 74, 75, 76, 74, 78, 75, 77, 78, 79, 75,
    74, 78, 77, 74, 75, 76, 75, 77, 75, 77, 77, 77, 74, 74, 74, 77, 78,
    77, 78, 75, 77, 77, 76, 74, 77, 76, 76, 74, 77, 76, 75, 74, 74, 78,
    75, 79, 75, 75, 75, 77, 77, 79, 77, 75, 79, 79, 76, 76, 74, 77, 75,
    76, 77, 78, 76, 79, 76, 78, 76, 76, 77, 75, 79, 75, 78, 76, 77, 75,
    76 ]
