%YAML:1.0
---
videoName: "headLookLeft0.mp4"
gestureLabel: 203
fps: 29
pixelSizeInCmTemp: 3.6287878787878786e-01
faceCenterPointX: 286
faceCenterPointY: 69
headPositionsX: [ 284, 255, 253, 256, 252, 255, 251, 253, 255, 255, 253,
    253, 251, 254, 255, 252, 250, 252, 254, 253, 253, 253, 255, 257, 254,
    254, 255, 257, 256, 256, 254, 254, 255, 254, 253, 255, 255, 258, 253,
    258, 253, 256, 254, 256, 255, 258, 257, 258, 254, 254, 257, 256, 255,
    254, 254, 257, 256, 253, 256, 257, 255, 255, 255, 253, 254, 257, 254,
    253, 253, 254, 255, 257, 255, 255, 257, 255, 258, 256, 256, 259, 258,
    266, 264, 268, 272, 273, 273, 277, 285, 279, 281, 274, 283, 281, 287,
    284, 288, 285, 287, 287 ]
headPositionsY: [ 68, 69, 66, 70, 69, 67, 68, 68, 69, 66, 70, 70, 68, 68,
    71, 69, 67, 71, 67, 69, 70, 69, 70, 68, 70, 71, 69, 68, 68, 70, 71,
    72, 71, 72, 72, 72, 69, 70, 69, 70, 71, 71, 70, 73, 71, 72, 72, 72,
    73, 73, 69, 72, 69, 73, 72, 69, 71, 72, 71, 73, 72, 72, 72, 69, 71,
    71, 72, 71, 69, 71, 73, 72, 74, 69, 73, 72, 72, 71, 73, 72, 69, 68,
    69, 72, 72, 70, 69, 67, 73, 69, 64, 67, 66, 66, 68, 70, 69, 69, 70,
    67 ]
