%YAML:1.0
---
videoName: "headNod1.mp4"
gestureLabel: 202
fps: 29
pixelSizeInCmTemp: 3.2808219178082193e-01
faceCenterPointX: 263
faceCenterPointY: 78
headPositionsX: [ 265, 263, 265, 264, 261, 263, 264, 266, 265, 265, 262,
    262, 263, 262, 263, 266, 262, 265, 266, 263, 262, 262, 266, 266, 266,
    266, 267, 262, 266, 264, 262, 266, 264, 265, 264, 266, 262, 263, 266,
    263, 268, 266, 267, 267, 266, 263, 264, 264, 264, 266, 265, 263, 266,
    261, 262, 261, 261, 261, 262, 262, 265, 264, 265, 262, 262, 263, 267,
    262, 263, 264, 261, 265, 263, 261, 262, 262, 263, 260, 264, 262, 259,
    263, 263, 264, 261, 262, 263, 265, 264, 261, 262, 260, 262, 262, 261,
    264, 265, 262, 264, 264 ]
headPositionsY: [ 76, 75, 74, 73, 75, 73, 77, 75, 77, 76, 76, 76, 75, 74,
    74, 76, 73, 72, 75, 75, 75, 74, 76, 75, 73, 74, 73, 74, 76, 77, 74,
    76, 75, 74, 71, 71, 67, 66, 67, 65, 66, 63, 61, 63, 67, 64, 66, 72,
    71, 74, 75, 79, 84, 81, 82, 81, 79, 78, 75, 71, 72, 69, 68, 67, 63,
    67, 67, 74, 75, 78, 76, 78, 77, 77, 73, 70, 67, 68, 66, 64, 66, 66,
    70, 73, 72, 75, 79, 82, 79, 83, 81, 82, 78, 81, 80, 79, 77, 76, 78,
    76 ]
