%YAML:1.0
---
videoName: "headNod47.mp4"
gestureLabel: 202
fps: 29
pixelSizeInCmTemp: 3.0316455696202532e-01
faceCenterPointX: 266
faceCenterPointY: 70
headPositionsX: [ 268, 268, 267, 266, 269, 267, 265, 266, 267, 266, 264,
    265, 265, 267, 265, 263, 265, 265, 262, 263, 265, 266, 265, 267, 267,
    264, 268, 268, 265, 269, 269, 266, 269, 265, 266, 265, 267, 267, 269,
    268, 266, 267, 268, 270, 266, 267, 268, 268, 266, 265, 267, 265, 264,
    267, 265, 266, 268, 265, 267, 269, 267, 265, 265, 265, 264, 267, 267,
    266, 267, 264, 264, 266, 267, 265, 266, 267, 268, 266, 266, 266, 266,
    264, 267, 266, 267, 266, 266, 265, 266, 264, 267, 265, 265, 266, 265,
    264, 265, 265, 267, 268 ]
headPositionsY: [ 69, 64, 58, 59, 57, 56, 59, 60, 63, 67, 69, 78, 78, 81,
    82, 75, 72, 69, 67, 65, 68, 65, 68, 68, 73, 76, 78, 78, 77, 76, 72,
    73, 72, 70, 67, 69, 67, 71, 73, 74, 79, 81, 81, 77, 76, 75, 72, 70,
    68, 70, 67, 67, 69, 74, 76, 75, 72, 72, 70, 72, 69, 67, 66, 70, 67,
    70, 71, 76, 76, 76, 73, 72, 72, 70, 68, 70, 70, 67, 70, 70, 71, 75,
    74, 73, 70, 71, 73, 71, 68, 71, 71, 72, 71, 72, 69, 70, 73, 69, 70,
    72 ]
