%YAML:1.0
---
videoName: "headNod42.mp4"
gestureLabel: 202
fps: 30
pixelSizeInCmTemp: 3.0316455696202532e-01
faceCenterPointX: 265
faceCenterPointY: 77
headPositionsX: [ 267, 266, 266, 270, 271, 270, 270, 268, 268, 271, 267,
    267, 266, 266, 270, 271, 269, 269, 268, 268, 269, 267, 268, 268, 268,
    270, 267, 265, 267, 264, 265, 266, 266, 265, 267, 264, 265, 267, 265,
    264, 268, 263, 266, 264, 265, 266, 264, 264, 265, 263, 264, 263, 264,
    262, 267, 267, 265, 265, 265, 267, 266, 265, 264, 263, 264, 267, 264,
    263, 267, 265, 265, 265, 266, 265, 267, 264, 265, 266, 267, 267, 265,
    263, 264, 268, 266, 267, 263, 268, 265, 267, 267, 263, 264, 265, 267,
    263, 266, 268, 266, 264 ]
headPositionsY: [ 76, 77, 73, 76, 76, 74, 77, 78, 75, 79, 79, 79, 75, 74,
    75, 71, 66, 65, 63, 67, 68, 69, 67, 73, 79, 84, 88, 92, 92, 90, 87,
    82, 79, 78, 76, 70, 71, 68, 70, 72, 73, 78, 81, 81, 86, 82, 82, 79,
    76, 72, 72, 72, 72, 74, 72, 79, 80, 82, 85, 87, 83, 83, 80, 77, 75,
    73, 72, 75, 72, 73, 75, 80, 81, 83, 79, 78, 76, 78, 76, 73, 75, 74,
    74, 78, 78, 79, 81, 80, 83, 78, 81, 80, 80, 79, 76, 76, 80, 79, 76,
    79 ]
