%YAML:1.0
---
videoName: "headNod43.mp4"
gestureLabel: 202
fps: 29
pixelSizeInCmTemp: 2.8855421686746985e-01
faceCenterPointX: 268
faceCenterPointY: 74
headPositionsX: [ 270, 269, 271, 271, 268, 268, 270, 271, 270, 270, 268,
    270, 271, 267, 271, 270, 266, 267, 270, 266, 266, 271, 266, 268, 268,
    266, 268, 266, 266, 265, 267, 265, 264, 267, 267, 266, 264, 267, 265,
    267, 266, 263, 263, 262, 263, 266, 266, 269, 264, 264, 264, 262, 264,
    266, 264, 264, 265, 266, 262, 265, 265, 263, 266, 265, 265, 266, 264,
    265, 266, 270, 268, 266, 268, 267, 265, 264, 268, 267, 267, 268, 268,
    271, 269, 270, 268, 266, 268, 270, 269, 269, 270, 270, 268, 266, 271,
    267, 266, 267, 269, 267 ]
headPositionsY: [ 73, 79, 78, 75, 77, 76, 77, 77, 76, 74, 75, 74, 77, 74,
    76, 76, 75, 76, 74, 76, 76, 75, 76, 75, 78, 79, 80, 84, 88, 91, 91,
    86, 87, 84, 79, 78, 80, 81, 82, 84, 87, 89, 90, 89, 86, 80, 80, 83,
    81, 87, 88, 92, 89, 92, 86, 84, 81, 84, 83, 83, 87, 88, 89, 89, 91,
    85, 85, 79, 78, 79, 79, 81, 85, 86, 92, 88, 89, 90, 84, 83, 78, 75,
    75, 75, 75, 74, 74, 74, 72, 73, 75, 74, 73, 73, 74, 75, 73, 74, 74,
    73 ]
