%YAML:1.0
---
videoName: "headShake9.mp4"
gestureLabel: 201
fps: 30
pixelSizeInCmTemp: 3.2808219178082193e-01
faceCenterPointX: 243
faceCenterPointY: 73
headPositionsX: [ 241, 244, 241, 244, 245, 242, 243, 242, 244, 242, 242,
    242, 242, 244, 244, 241, 242, 243, 243, 245, 241, 244, 244, 243, 242,
    244, 240, 244, 241, 241, 244, 241, 244, 241, 243, 245, 240, 243, 242,
    245, 245, 251, 252, 256, 260, 261, 265, 264, 259, 257, 255, 246, 243,
    236, 234, 233, 227, 230, 233, 235, 239, 249, 251, 255, 260, 263, 261,
    260, 255, 250, 242, 238, 236, 231, 228, 230, 226, 234, 235, 239, 245,
    249, 248, 253, 253, 251, 251, 250, 250, 244, 245, 244, 243, 246, 243,
    245, 244, 244, 241, 241 ]
headPositionsY: [ 74, 71, 70, 70, 71, 73, 71, 73, 72, 71, 70, 72, 72, 71,
    70, 71, 70, 72, 72, 75, 74, 71, 72, 72, 71, 74, 73, 72, 74, 73, 71,
    70, 71, 74, 74, 74, 72, 73, 73, 73, 73, 71, 72, 68, 69, 71, 70, 71,
    69, 72, 71, 75, 71, 73, 70, 70, 70, 71, 75, 74, 71, 74, 73, 72, 67,
    72, 72, 69, 71, 71, 71, 71, 74, 70, 72, 69, 70, 70, 74, 72, 75, 71,
    72, 74, 71, 73, 70, 73, 73, 72, 72, 74, 75, 74, 73, 71, 71, 74, 74,
    72 ]
