%YAML:1.0
---
videoName: "headNod5.mp4"
gestureLabel: 202
fps: 29
pixelSizeInCmTemp: 3.1513157894736843e-01
faceCenterPointX: 263
faceCenterPointY: 75
headPositionsX: [ 263, 262, 260, 263, 261, 262, 264, 265, 260, 262, 261,
    263, 265, 261, 264, 265, 266, 266, 266, 263, 266, 266, 263, 265, 266,
    265, 264, 267, 264, 264, 264, 268, 266, 267, 264, 269, 266, 266, 264,
    264, 267, 265, 267, 267, 266, 264, 264, 264, 264, 264, 263, 265, 264,
    262, 261, 262, 266, 264, 262, 263, 264, 265, 266, 265, 262, 267, 266,
    262, 267, 263, 265, 263, 263, 265, 266, 266, 265, 265, 263, 265, 265,
    264, 264, 264, 265, 260, 265, 262, 265, 266, 264, 263, 261, 260, 261,
    262, 264, 262, 263, 265 ]
headPositionsY: [ 75, 73, 75, 75, 74, 74, 76, 76, 72, 73, 74, 74, 75, 73,
    75, 77, 75, 76, 74, 74, 76, 76, 76, 78, 77, 76, 76, 76, 78, 74, 74,
    76, 77, 74, 79, 78, 77, 75, 78, 76, 75, 78, 79, 78, 78, 77, 78, 79,
    80, 80, 80, 81, 83, 83, 86, 81, 81, 75, 73, 76, 77, 79, 83, 84, 89,
    86, 84, 83, 80, 76, 76, 77, 76, 79, 83, 83, 84, 82, 82, 79, 77, 74,
    76, 72, 76, 76, 80, 80, 81, 79, 78, 80, 76, 72, 76, 76, 73, 75, 76,
    73 ]
