%YAML:1.0
---
videoName: "headShake45.mp4"
gestureLabel: 201
fps: 30
pixelSizeInCmTemp: 3.3263888888888887e-01
faceCenterPointX: 262
faceCenterPointY: 84
headPositionsX: [ 260, 262, 260, 263, 263, 262, 262, 261, 261, 265, 260,
    261, 261, 263, 264, 261, 261, 261, 264, 263, 264, 261, 264, 264, 260,
    263, 262, 264, 261, 264, 261, 261, 263, 259, 260, 263, 262, 262, 261,
    256, 257, 257, 260, 265, 271, 273, 278, 284, 278, 279, 274, 266, 259,
    253, 255, 252, 257, 264, 267, 269, 272, 272, 271, 268, 263, 258, 255,
    255, 255, 262, 266, 271, 270, 272, 273, 270, 266, 258, 257, 257, 258,
    256, 259, 264, 263, 263, 263, 262, 258, 260, 258, 259, 261, 262, 260,
    265, 261, 264, 261, 260 ]
headPositionsY: [ 85, 81, 82, 83, 80, 83, 81, 83, 80, 85, 83, 80, 84, 81,
    81, 84, 84, 83, 83, 80, 80, 83, 85, 80, 82, 82, 81, 81, 82, 84, 84,
    81, 80, 82, 81, 82, 85, 83, 83, 83, 82, 84, 81, 82, 82, 81, 81, 81,
    82, 79, 83, 82, 85, 84, 82, 85, 84, 85, 80, 80, 79, 81, 82, 80, 84,
    85, 82, 82, 82, 82, 82, 83, 84, 83, 82, 81, 83, 82, 84, 83, 84, 81,
    82, 83, 84, 84, 83, 85, 83, 82, 84, 81, 83, 83, 85, 83, 86, 85, 82,
    83 ]
