%YAML:1.0
---
videoName: "headNod10.mp4"
gestureLabel: 202
fps: 29
pixelSizeInCmTemp: 3.2808219178082193e-01
faceCenterPointX: 260
faceCenterPointY: 67
headPositionsX: [ 262, 261, 257, 256, 256, 256, 257, 258, 260, 260, 259,
    258, 258, 257, 256, 257, 256, 258, 260, 257, 257, 258, 259, 260, 257,
    260, 258, 258, 258, 259, 258, 259, 260, 260, 259, 258, 261, 258, 257,
    260, 259, 258, 260, 258, 261, 262, 258, 262, 263, 262, 261, 262, 260,
    260, 259, 259, 257, 257, 260, 262, 260, 258, 261, 263, 258, 260, 258,
    260, 258, 261, 257, 257, 258, 256, 258, 259, 258, 258, 257, 261, 256,
    261, 257, 260, 260, 260, 258, 259, 258, 259, 260, 262, 261, 258, 261,
    261, 260, 261, 262, 262 ]
headPositionsY: [ 66, 71, 68, 68, 72, 72, 68, 70, 72, 69, 69, 70, 68, 69,
    68, 71, 70, 68, 68, 68, 71, 70, 68, 72, 70, 72, 72, 72, 72, 71, 68,
    72, 69, 70, 71, 72, 70, 71, 71, 72, 70, 71, 70, 69, 70, 65, 63, 61,
    64, 63, 66, 68, 67, 73, 73, 75, 71, 72, 71, 67, 64, 64, 61, 66, 65,
    68, 69, 73, 76, 78, 76, 73, 70, 64, 67, 64, 66, 65, 68, 71, 74, 75,
    73, 75, 73, 69, 70, 69, 69, 67, 67, 66, 68, 64, 65, 65, 65, 68, 65,
    68 ]
