%YAML:1.0
---
videoName: "headNod31.mp4"
gestureLabel: 202
fps: 29
pixelSizeInCmTemp: 2.8855421686746985e-01
faceCenterPointX: 267
faceCenterPointY: 75
headPositionsX: [ 265, 271, 269, 269, 270, 269, 272, 271, 268, 271, 271,
    270, 271, 268, 271, 267, 267, 266, 270, 266, 267, 265, 266, 268, 264,
    265, 268, 264, 270, 266, 267, 267, 270, 269, 271, 269, 268, 268, 269,
    269, 270, 266, 269, 266, 265, 269, 266, 265, 269, 267, 266, 267, 264,
    266, 264, 263, 265, 264, 269, 265, 265, 267, 268, 268, 267, 266, 264,
    268, 266, 265, 265, 268, 266, 264, 264, 269, 266, 267, 266, 267, 267,
    265, 266, 265, 265, 265, 268, 265, 267, 264, 265, 268, 265, 266, 267,
    265, 265, 267, 266, 264 ]
headPositionsY: [ 74, 73, 76, 75, 74, 75, 74, 68, 68, 66, 65, 64, 68, 66,
    74, 80, 83, 87, 86, 87, 86, 81, 83, 79, 75, 72, 70, 74, 68, 66, 70,
    70, 73, 76, 80, 83, 84, 85, 86, 88, 85, 83, 80, 76, 74, 74, 75, 73,
    76, 78, 80, 82, 85, 86, 84, 79, 77, 74, 71, 72, 71, 72, 70, 68, 74,
    71, 73, 75, 78, 80, 82, 79, 78, 78, 77, 71, 72, 69, 73, 71, 75, 76,
    75, 75, 77, 74, 76, 78, 75, 73, 73, 73, 72, 77, 76, 77, 78, 77, 77,
    77 ]
