%YAML:1.0
---
videoName: "headShake31.mp4"
gestureLabel: 201
fps: 29
pixelSizeInCmTemp: 3.2808219178082193e-01
faceCenterPointX: 236
faceCenterPointY: 68
headPositionsX: [ 237, 235, 236, 236, 237, 239, 238, 239, 238, 235, 239,
    237, 237, 238, 237, 238, 237, 237, 237, 238, 235, 235, 235, 236, 236,
    236, 237, 235, 235, 239, 236, 238, 238, 239, 233, 235, 234, 235, 241,
    244, 248, 250, 250, 250, 250, 248, 247, 241, 233, 224, 220, 223, 220,
    222, 226, 231, 240, 243, 247, 248, 247, 245, 243, 239, 232, 232, 227,
    227, 231, 232, 230, 235, 240, 238, 244, 244, 242, 242, 239, 240, 238,
    234, 236, 236, 233, 233, 234, 234, 234, 233, 232, 238, 235, 237, 235,
    235, 234, 238, 236, 237 ]
headPositionsY: [ 68, 68, 69, 69, 67, 69, 67, 67, 67, 66, 66, 65, 65, 66,
    66, 67, 68, 69, 68, 66, 69, 68, 69, 69, 65, 67, 68, 66, 67, 68, 69,
    66, 68, 67, 69, 65, 69, 68, 65, 65, 66, 64, 64, 64, 65, 66, 69, 70,
    67, 66, 67, 69, 67, 69, 69, 71, 72, 72, 70, 68, 69, 68, 71, 68, 67,
    70, 67, 68, 69, 71, 71, 69, 67, 68, 71, 66, 68, 68, 67, 70, 69, 69,
    68, 70, 66, 69, 70, 68, 71, 67, 66, 68, 71, 69, 67, 68, 67, 69, 71,
    67 ]
