%YAML:1.0
---
videoName: "headShake36.mp4"
gestureLabel: 201
fps: 29
pixelSizeInCmTemp: 3.2364864864864862e-01
faceCenterPointX: 263
faceCenterPointY: 80
headPositionsX: [ 262, 263, 263, 264, 264, 264, 266, 267, 269, 274, 275,
    276, 279, 282, 281, 283, 282, 281, 281, 278, 277, 274, 271, 269, 260,
    260, 255, 251, 252, 247, 246, 246, 245, 243, 247, 245, 249, 246, 247,
    254, 259, 262, 263, 270, 270, 274, 276, 275, 278, 277, 280, 280, 278,
    277, 275, 275, 270, 268, 261, 258, 257, 253, 249, 250, 252, 248, 248,
    253, 250, 251, 255, 256, 260, 262, 264, 267, 268, 265, 267, 266, 265,
    266, 267, 265, 267, 267, 265, 267, 264, 267, 266, 263, 262, 262, 265,
    264, 261, 265, 264, 263 ]
headPositionsY: [ 79, 80, 80, 78, 80, 80, 80, 80, 79, 78, 79, 80, 78, 77,
    77, 78, 74, 76, 77, 81, 81, 80, 81, 82, 80, 79, 80, 79, 81, 80, 81,
    79, 84, 79, 79, 79, 81, 78, 82, 82, 82, 82, 80, 80, 78, 78, 81, 81,
    79, 78, 80, 79, 76, 81, 77, 78, 79, 80, 82, 82, 79, 82, 81, 78, 76,
    82, 81, 78, 79, 80, 81, 79, 81, 81, 82, 80, 80, 81, 80, 79, 80, 82,
    80, 81, 82, 80, 80, 79, 78, 82, 79, 82, 81, 81, 83, 78, 82, 78, 78,
    78 ]
