%YAML:1.0
---
videoName: "headShake48.mp4"
gestureLabel: 201
fps: 29
pixelSizeInCmTemp: 3.1103896103896100e-01
faceCenterPointX: 258
faceCenterPointY: 85
headPositionsX: [ 256, 262, 258, 260, 260, 257, 259, 258, 260, 261, 259,
    262, 260, 262, 259, 261, 258, 259, 262, 261, 261, 259, 259, 261, 262,
    258, 257, 257, 257, 257, 259, 261, 259, 259, 262, 261, 266, 271, 273,
    274, 275, 275, 271, 268, 261, 252, 251, 246, 247, 248, 254, 256, 263,
    265, 267, 267, 262, 259, 255, 252, 250, 248, 250, 255, 263, 264, 266,
    265, 263, 260, 255, 252, 252, 250, 248, 254, 254, 263, 264, 264, 264,
    263, 264, 264, 260, 259, 257, 260, 260, 260, 258, 258, 259, 256, 257,
    257, 260, 257, 259, 260 ]
headPositionsY: [ 83, 80, 79, 77, 79, 79, 77, 78, 80, 78, 82, 79, 79, 82,
    80, 78, 79, 81, 81, 82, 83, 79, 83, 83, 83, 82, 81, 81, 83, 84, 84,
    83, 83, 79, 83, 84, 81, 82, 81, 83, 83, 85, 84, 83, 85, 85, 84, 82,
    81, 86, 84, 83, 86, 88, 84, 87, 87, 84, 87, 87, 86, 85, 86, 85, 84,
    89, 83, 85, 87, 84, 86, 86, 84, 86, 87, 87, 86, 85, 85, 86, 83, 85,
    87, 87, 88, 88, 86, 87, 86, 84, 86, 87, 86, 85, 86, 84, 86, 86, 84,
    86 ]
