%YAML:1.0
---
videoName: "headNod12.mp4"
gestureLabel: 202
fps: 29
pixelSizeInCmTemp: 3.2808219178082193e-01
faceCenterPointX: 254
faceCenterPointY: 69
headPositionsX: [ 255, 254, 254, 253, 251, 252, 253, 253, 255, 254, 254,
    258, 254, 255, 255, 257, 256, 254, 255, 256, 256, 258, 259, 253, 258,
    256, 255, 254, 256, 255, 255, 257, 257, 255, 257, 252, 254, 257, 253,
    253, 254, 256, 257, 255, 253, 254, 255, 253, 254, 253, 256, 256, 253,
    253, 255, 254, 255, 254, 252, 256, 256, 256, 253, 253, 255, 252, 254,
    253, 254, 255, 253, 256, 256, 253, 256, 253, 253, 256, 254, 257, 254,
    257, 254, 256, 256, 255, 255, 254, 254, 253, 257, 255, 253, 253, 253,
    254, 254, 255, 253, 252 ]
headPositionsY: [ 68, 72, 71, 72, 70, 70, 75, 73, 75, 76, 74, 76, 73, 74,
    71, 73, 72, 72, 72, 72, 75, 74, 72, 72, 75, 75, 74, 74, 73, 72, 75,
    74, 73, 73, 73, 69, 69, 69, 68, 66, 61, 62, 61, 63, 65, 67, 70, 71,
    70, 73, 79, 78, 77, 75, 78, 71, 72, 69, 67, 66, 65, 63, 62, 66, 64,
    66, 70, 71, 75, 73, 76, 75, 76, 75, 75, 69, 71, 70, 69, 68, 64, 65,
    67, 67, 67, 69, 70, 72, 73, 71, 73, 74, 71, 70, 72, 69, 73, 69, 72,
    69 ]
