%YAML:1.0
---
videoName: "headNod29.mp4"
gestureLabel: 202
fps: 29
pixelSizeInCmTemp: 3.1933333333333330e-01
faceCenterPointX: 271
faceCenterPointY: 70
headPositionsX: [ 271, 275, 274, 272, 272, 273, 275, 273, 272, 273, 273,
    274, 271, 271, 273, 271, 273, 273, 275, 274, 270, 274, 273, 273, 272,
    273, 273, 271, 270, 272, 270, 270, 271, 270, 273, 269, 269, 270, 272,
    269, 271, 269, 268, 273, 272, 271, 269, 273, 272, 272, 269, 271, 271,
    271, 272, 271, 269, 272, 268, 270, 270, 270, 267, 270, 271, 267, 272,
    272, 267, 270, 268, 273, 270, 272, 271, 269, 273, 269, 273, 271, 272,
    269, 273, 272, 274, 271, 273, 269, 270, 270, 272, 272, 273, 272, 269,
    269, 271, 273, 268, 274 ]
headPositionsY: [ 71, 75, 72, 74, 73, 74, 77, 77, 78, 78, 78, 77, 78, 77,
    74, 70, 68, 67, 69, 69, 66, 70, 70, 72, 75, 75, 76, 81, 81, 79, 77,
    76, 76, 75, 72, 74, 72, 68, 72, 74, 74, 75, 79, 81, 77, 77, 75, 77,
    74, 71, 73, 74, 74, 77, 81, 82, 81, 81, 76, 77, 76, 76, 75, 77, 79,
    77, 77, 80, 77, 73, 72, 69, 69, 71, 71, 71, 71, 72, 75, 79, 77, 74,
    72, 70, 74, 73, 72, 70, 71, 70, 68, 70, 68, 71, 72, 71, 70, 70, 68,
    69 ]
