%YAML:1.0
---
videoName: "headLookUp9.mp4"
gestureLabel: 205
fps: 29
pixelSizeInCmTemp: 3.3732394366197183e-01
faceCenterPointX: 251
faceCenterPointY: 57
headPositionsX: [ 251, 254, 252, 249, 253, 251, 251, 252, 252, 254, 252,
    249, 253, 250, 250, 250, 253, 252, 251, 249, 250, 250, 252, 251, 253,
    250, 253, 250, 253, 250, 250, 250, 251, 253, 254, 250, 251, 250, 252,
    252, 253, 252, 249, 253, 250, 250, 251, 250, 251, 251, 253, 251, 251,
    253, 253, 251, 252, 253, 250, 249, 252, 253, 253, 253, 249, 253, 250,
    252, 252, 249, 252, 252, 253, 249, 252, 250, 252, 249, 250, 251, 253,
    250, 253, 251, 250, 249, 250, 253, 252, 253, 250, 253, 250, 250, 250,
    253, 251, 253, 254, 253 ]
headPositionsY: [ 57, 73, 73, 74, 71, 75, 75, 75, 74, 73, 75, 73, 74, 74,
    76, 74, 73, 75, 76, 72, 75, 73, 72, 76, 72, 74, 74, 72, 75, 72, 73,
    73, 73, 71, 70, 68, 67, 65, 67, 66, 67, 65, 63, 63, 61, 62, 63, 61,
    60, 60, 59, 57, 60, 60, 60, 57, 59, 59, 55, 55, 61, 55, 56, 59, 59,
    57, 57, 58, 58, 56, 59, 58, 60, 56, 56, 58, 57, 58, 59, 57, 58, 57,
    55, 57, 56, 58, 55, 58, 55, 55, 59, 56, 58, 58, 57, 56, 56, 56, 59,
    54 ]
