%YAML:1.0
---
videoName: "headShake5.mp4"
gestureLabel: 201
fps: 30
pixelSizeInCmTemp: 3.3263888888888887e-01
faceCenterPointX: 275
faceCenterPointY: 73
headPositionsX: [ 274, 279, 278, 277, 276, 278, 279, 276, 276, 279, 279,
    277, 277, 277, 279, 276, 276, 279, 278, 276, 278, 276, 278, 279, 277,
    276, 277, 276, 280, 276, 277, 276, 281, 280, 282, 286, 290, 291, 297,
    297, 293, 293, 290, 284, 279, 271, 264, 265, 261, 264, 267, 274, 281,
    287, 290, 292, 290, 284, 281, 275, 269, 261, 261, 263, 266, 272, 275,
    281, 283, 286, 284, 285, 283, 280, 274, 271, 266, 268, 267, 265, 267,
    273, 275, 277, 278, 281, 283, 282, 281, 282, 279, 280, 278, 275, 277,
    276, 276, 273, 277, 274 ]
headPositionsY: [ 72, 72, 72, 74, 73, 75, 73, 73, 73, 74, 72, 73, 76, 75,
    72, 73, 74, 74, 71, 72, 73, 74, 74, 73, 74, 72, 75, 75, 75, 72, 71,
    74, 72, 75, 73, 75, 74, 72, 71, 72, 72, 70, 72, 71, 76, 72, 71, 75,
    72, 74, 75, 72, 74, 73, 75, 72, 73, 73, 74, 76, 78, 75, 74, 74, 75,
    76, 75, 73, 75, 76, 74, 76, 73, 77, 76, 72, 74, 72, 70, 71, 73, 74,
    73, 72, 71, 74, 71, 74, 72, 73, 73, 71, 70, 71, 72, 71, 73, 72, 75,
    71 ]
