%YAML:1.0
---
videoName: "headShake15.mp4"
gestureLabel: 201
fps: 29
pixelSizeInCmTemp: 3.3263888888888887e-01
faceCenterPointX: 243
faceCenterPointY: 76
headPositionsX: [ 241, 243, 245, 242, 245, 243, 242, 244, 242, 244, 244,
    243, 245, 244, 242, 244, 242, 243, 243, 243, 245, 244, 242, 245, 241,
    244, 243, 245, 243, 243, 244, 242, 244, 245, 243, 245, 244, 245, 243,
    245, 245, 244, 244, 243, 244, 242, 246, 242, 241, 244, 242, 242, 242,
    242, 243, 242, 241, 245, 240, 244, 242, 244, 245, 246, 251, 252, 254,
    256, 258, 259, 258, 252, 249, 245, 241, 241, 238, 236, 239, 240, 240,
    244, 245, 246, 248, 247, 244, 246, 246, 243, 243, 240, 244, 244, 241,
    240, 243, 242, 241, 243 ]
headPositionsY: [ 74, 76, 78, 77, 75, 76, 73, 75, 76, 75, 76, 77, 77, 75,
    76, 75, 75, 74, 74, 73, 76, 72, 75, 74, 75, 76, 76, 74, 74, 76, 73,
    77, 75, 75, 77, 75, 75, 75, 76, 75, 77, 77, 74, 74, 76, 77, 75, 73,
    75, 75, 74, 75, 76, 76, 76, 75, 73, 75, 75, 75, 75, 75, 79, 78, 73,
    76, 75, 75, 72, 76, 77, 76, 75, 76, 78, 76, 76, 73, 76, 78, 77, 76,
    77, 79, 77, 74, 80, 75, 78, 76, 74, 79, 78, 79, 79, 75, 74, 78, 77,
    77 ]
