%YAML:1.0
---
videoName: "headNod24.mp4"
gestureLabel: 202
fps: 29
pixelSizeInCmTemp: 3.1513157894736843e-01
faceCenterPointX: 272
faceCenterPointY: 72
headPositionsX: [ 272, 273, 275, 277, 275, 274, 275, 276, 275, 276, 274,
    274, 275, 275, 274, 276, 277, 272, 272, 276, 275, 275, 272, 274, 275,
    271, 272, 273, 271, 274, 273, 274, 274, 272, 273, 272, 275, 272, 275,
    274, 271, 275, 270, 273, 270, 275, 272, 274, 275, 274, 272, 272, 272,
    271, 275, 273, 275, 274, 271, 273, 272, 274, 271, 269, 270, 269, 273,
    273, 270, 272, 270, 268, 272, 268, 270, 273, 269, 272, 269, 271, 271,
    269, 269, 272, 270, 270, 271, 272, 272, 269, 273, 269, 271, 274, 273,
    274, 271, 273, 270, 271 ]
headPositionsY: [ 70, 75, 73, 73, 71, 72, 72, 72, 74, 71, 72, 74, 72, 75,
    75, 76, 72, 73, 74, 73, 71, 74, 75, 74, 75, 75, 72, 74, 74, 73, 73,
    73, 74, 72, 73, 73, 70, 70, 68, 72, 68, 72, 75, 81, 82, 81, 79, 73,
    70, 66, 69, 69, 68, 72, 75, 75, 77, 75, 69, 70, 65, 67, 64, 67, 72,
    75, 77, 78, 72, 75, 71, 70, 71, 66, 67, 70, 69, 76, 74, 75, 76, 73,
    72, 70, 68, 70, 71, 69, 68, 69, 73, 71, 74, 71, 75, 73, 72, 74, 70,
    71 ]
