%YAML:1.0
---
videoName: "headShake46.mp4"
gestureLabel: 201
fps: 30
pixelSizeInCmTemp: 3.2364864864864862e-01
faceCenterPointX: 262
faceCenterPointY: 85
headPositionsX: [ 263, 259, 259, 262, 261, 259, 261, 260, 262, 262, 262,
    261, 261, 260, 259, 262, 262, 260, 258, 260, 260, 259, 262, 258, 260,
    261, 258, 260, 257, 260, 262, 265, 273, 273, 276, 275, 274, 271, 264,
    260, 256, 250, 248, 252, 254, 263, 265, 268, 267, 269, 262, 258, 254,
    254, 256, 261, 263, 266, 266, 266, 267, 264, 258, 257, 259, 260, 261,
    268, 270, 270, 268, 267, 264, 258, 257, 261, 261, 262, 264, 267, 266,
    262, 264, 264, 260, 259, 261, 260, 260, 262, 259, 258, 260, 261, 260,
    260, 260, 263, 261, 260 ]
headPositionsY: [ 83, 84, 86, 83, 85, 82, 85, 82, 86, 86, 84, 84, 82, 86,
    85, 86, 85, 86, 86, 83, 84, 84, 85, 85, 83, 83, 83, 85, 82, 82, 82,
    81, 82, 81, 84, 81, 82, 81, 87, 86, 83, 83, 83, 85, 86, 86, 83, 86,
    86, 86, 87, 84, 85, 84, 83, 87, 85, 84, 82, 87, 88, 87, 84, 87, 87,
    83, 83, 84, 85, 87, 83, 83, 84, 85, 83, 83, 85, 82, 86, 87, 83, 86,
    83, 87, 83, 86, 83, 86, 85, 82, 86, 84, 83, 84, 87, 84, 85, 84, 82,
    87 ]
