%YAML:1.0
---
videoName: "headNod34.mp4"
gestureLabel: 202
fps: 29
pixelSizeInCmTemp: 2.9567901234567900e-01
faceCenterPointX: 266
faceCenterPointY: 78
headPositionsX: [ 266, 270, 267, 268, 269, 270, 269, 268, 270, 268, 268,
    267, 270, 267, 267, 271, 268, 270, 270, 268, 267, 271, 269, 271, 271,
    268, 271, 269, 269, 268, 269, 268, 268, 271, 268, 270, 270, 271, 270,
    272, 271, 270, 268, 271, 273, 270, 272, 270, 269, 270, 268, 271, 271,
    270, 268, 269, 268, 268, 273, 273, 271, 271, 268, 272, 271, 270, 268,
    268, 272, 269, 269, 266, 269, 267, 268, 265, 268, 265, 266, 265, 266,
    266, 265, 265, 263, 267, 267, 266, 266, 268, 268, 268, 263, 268, 264,
    264, 268, 269, 264, 268 ]
headPositionsY: [ 79, 77, 77, 74, 76, 77, 74, 76, 79, 76, 76, 77, 77, 78,
    74, 77, 79, 78, 77, 74, 79, 76, 77, 79, 78, 79, 78, 76, 74, 74, 76,
    77, 77, 78, 77, 78, 76, 74, 71, 73, 71, 73, 74, 74, 79, 82, 91, 88,
    85, 84, 82, 73, 72, 72, 70, 75, 76, 76, 80, 81, 81, 82, 82, 81, 79,
    79, 78, 77, 79, 83, 85, 83, 84, 81, 82, 78, 80, 78, 78, 79, 81, 80,
    84, 85, 83, 83, 83, 80, 80, 80, 76, 78, 78, 80, 80, 81, 78, 80, 80,
    78 ]
