%YAML:1.0
---
videoName: "headNod25.mp4"
gestureLabel: 202
fps: 29
pixelSizeInCmTemp: 3.1933333333333330e-01
faceCenterPointX: 270
faceCenterPointY: 75
headPositionsX: [ 272, 271, 273, 272, 272, 271, 271, 268, 271, 269, 268,
    269, 267, 270, 268, 267, 268, 269, 271, 272, 274, 270, 273, 272, 273,
    272, 274, 274, 273, 273, 271, 272, 271, 270, 274, 271, 272, 270, 270,
    274, 269, 274, 273, 274, 270, 274, 271, 270, 270, 269, 269, 272, 272,
    271, 273, 271, 274, 270, 272, 271, 271, 271, 271, 272, 269, 271, 268,
    269, 270, 272, 269, 268, 271, 270, 273, 271, 269, 273, 272, 270, 272,
    273, 269, 269, 268, 270, 269, 270, 270, 272, 271, 273, 269, 273, 270,
    271, 272, 269, 269, 272 ]
headPositionsY: [ 75, 75, 75, 73, 75, 73, 75, 72, 76, 74, 72, 76, 72, 76,
    73, 72, 75, 74, 74, 76, 74, 73, 75, 76, 75, 74, 77, 76, 73, 76, 77,
    74, 75, 76, 77, 77, 77, 75, 75, 74, 74, 75, 74, 77, 76, 76, 73, 75,
    72, 73, 70, 70, 65, 67, 65, 64, 67, 66, 66, 71, 69, 77, 76, 85, 85,
    87, 87, 86, 86, 79, 77, 76, 70, 72, 71, 66, 68, 69, 71, 73, 76, 79,
    78, 81, 82, 80, 79, 79, 80, 76, 76, 76, 73, 77, 77, 75, 76, 76, 77,
    76 ]
