%YAML:1.0
---
videoName: "headNod34.mp4"
gestureLabel: 202
fps: 29
pixelSizeInCmTemp: 2.9567901234567900e-01
faceCenterPointX: 266
faceCenterPointY: 78
headPositionsX: [ 268, 266, 271, 268, 269, 268, 271, 269, 269, 268, 271,
    269, 268, 269, 271, 270, 270, 269, 270, 269, 271, 271, 270, 268, 269,
    272, 269, 272, 269, 270, 270, 267, 267, 269, 268, 268, 269, 272, 272,
    269, 269, 269, 271, 268, 269, 270, 269, 271, 269, 267, 269, 270, 271,
    267, 269, 268, 269, 272, 270, 271, 272, 273, 272, 269, 272, 271, 272,
    272, 269, 270, 267, 266, 266, 266, 266, 266, 268, 268, 266, 268, 266,
    266, 264, 264, 263, 266, 268, 268, 268, 266, 268, 268, 267, 268, 268,
    267, 268, 265, 266, 267 ]
headPositionsY: [ 78, 75, 78, 74, 79, 75, 76, 77, 76, 74, 76, 75, 75, 78,
    78, 77, 77, 77, 78, 75, 79, 76, 79, 76, 78, 79, 75, 74, 78, 75, 76,
    78, 75, 77, 78, 77, 76, 74, 71, 69, 73, 73, 74, 74, 82, 83, 91, 86,
    88, 84, 81, 74, 74, 71, 73, 73, 73, 75, 81, 82, 83, 85, 81, 79, 78,
    77, 76, 81, 77, 81, 82, 85, 84, 83, 81, 82, 77, 75, 79, 77, 79, 83,
    80, 82, 82, 83, 79, 80, 80, 80, 80, 80, 76, 81, 80, 81, 80, 80, 81,
    78 ]
