%YAML:1.0
---
videoName: "headShake2.mp4"
gestureLabel: 201
fps: 29
pixelSizeInCmTemp: 3.4214285714285714e-01
faceCenterPointX: 276
faceCenterPointY: 98
headPositionsX: [ 277, 280, 279, 275, 277, 279, 275, 278, 277, 278, 278,
    278, 278, 276, 278, 275, 275, 278, 279, 275, 277, 277, 277, 279, 276,
    275, 279, 275, 279, 276, 279, 279, 277, 275, 280, 278, 277, 277, 278,
    277, 275, 279, 281, 282, 289, 287, 293, 295, 295, 296, 293, 288, 283,
    277, 272, 270, 264, 266, 267, 269, 274, 277, 284, 290, 290, 289, 289,
    287, 284, 279, 276, 270, 268, 268, 270, 272, 274, 281, 284, 285, 286,
    287, 286, 282, 281, 281, 279, 278, 275, 275, 277, 274, 277, 277, 272,
    277, 277, 276, 274, 275 ]
headPositionsY: [ 99, 99, 98, 96, 99, 95, 99, 98, 100, 97, 100, 98, 100,
    96, 98, 100, 99, 97, 99, 96, 100, 101, 101, 98, 97, 96, 98, 96, 101,
    98, 99, 101, 99, 98, 101, 102, 100, 99, 98, 98, 97, 99, 98, 96, 97,
    99, 99, 97, 95, 99, 97, 98, 100, 100, 99, 95, 100, 98, 95, 97, 98,
    99, 97, 97, 95, 97, 98, 98, 96, 99, 99, 96, 97, 99, 97, 97, 98, 101,
    98, 96, 100, 97, 99, 100, 101, 101, 99, 100, 98, 100, 99, 101, 98,
    102, 99, 101, 96, 101, 97, 99 ]
