%YAML:1.0
---
videoName: "headShake2.mp4"
gestureLabel: 201
fps: 29
pixelSizeInCmTemp: 3.4214285714285714e-01
faceCenterPointX: 276
faceCenterPointY: 98
headPositionsX: [ 278, 279, 275, 278, 277, 278, 276, 279, 279, 276, 277,
    278, 279, 277, 276, 275, 278, 277, 280, 277, 275, 276, 280, 276, 278,
    277, 279, 276, 280, 280, 277, 280, 276, 275, 280, 276, 277, 277, 276,
    278, 277, 278, 280, 283, 289, 289, 291, 293, 294, 295, 290, 289, 285,
    280, 274, 267, 265, 262, 264, 267, 273, 277, 284, 286, 290, 290, 289,
    286, 284, 279, 273, 269, 268, 266, 270, 271, 274, 281, 282, 284, 289,
    286, 287, 285, 282, 279, 277, 278, 276, 278, 274, 277, 274, 273, 274,
    273, 273, 273, 276, 278 ]
headPositionsY: [ 99, 97, 100, 99, 100, 95, 99, 99, 98, 96, 100, 98, 101,
    97, 100, 98, 100, 99, 99, 96, 97, 97, 101, 99, 101, 96, 100, 98, 100,
    99, 100, 101, 100, 101, 97, 99, 97, 98, 97, 101, 99, 99, 100, 97, 95,
    99, 95, 95, 95, 96, 95, 97, 98, 97, 100, 95, 98, 98, 97, 98, 96, 99,
    96, 99, 96, 96, 96, 99, 99, 97, 97, 98, 96, 96, 100, 100, 97, 99,
    100, 99, 98, 99, 97, 101, 99, 101, 101, 98, 100, 98, 100, 100, 99,
    101, 97, 98, 97, 98, 100, 102 ]
