%YAML:1.0
---
videoName: "headNod0.mp4"
gestureLabel: 202
fps: 29
pixelSizeInCmTemp: 3.2364864864864862e-01
faceCenterPointX: 264
faceCenterPointY: 76
headPositionsX: [ 264, 265, 269, 270, 266, 265, 265, 265, 269, 267, 267,
    265, 268, 265, 267, 267, 263, 267, 267, 264, 263, 266, 267, 264, 266,
    264, 265, 267, 268, 264, 263, 266, 264, 264, 265, 269, 268, 267, 265,
    267, 265, 267, 266, 266, 263, 265, 267, 264, 266, 265, 264, 264, 262,
    264, 267, 265, 265, 267, 263, 266, 264, 264, 266, 265, 268, 267, 265,
    264, 264, 266, 267, 266, 266, 264, 263, 264, 262, 264, 264, 267, 262,
    264, 265, 264, 263, 266, 266, 263, 267, 266, 267, 264, 265, 264, 265,
    266, 266, 265, 263, 263 ]
headPositionsY: [ 74, 75, 74, 73, 70, 75, 73, 72, 74, 74, 71, 72, 74, 73,
    75, 73, 75, 75, 75, 73, 71, 73, 75, 74, 75, 76, 75, 74, 74, 73, 72,
    68, 64, 65, 64, 62, 65, 61, 65, 67, 69, 71, 72, 74, 78, 81, 81, 83,
    81, 82, 77, 76, 70, 72, 70, 67, 70, 66, 68, 67, 72, 70, 75, 76, 79,
    77, 79, 81, 80, 77, 77, 77, 74, 72, 66, 68, 66, 69, 70, 68, 71, 71,
    74, 73, 74, 79, 76, 79, 78, 78, 76, 78, 77, 77, 74, 76, 73, 75, 76,
    77 ]
