%YAML:1.0
---
videoName: "headShake49.mp4"
gestureLabel: 201
fps: 30
pixelSizeInCmTemp: 2.8855421686746985e-01
faceCenterPointX: 259
faceCenterPointY: 84
headPositionsX: [ 259, 263, 260, 262, 263, 261, 262, 262, 260, 260, 262,
    259, 260, 259, 262, 261, 263, 259, 262, 260, 259, 262, 260, 260, 259,
    259, 261, 259, 263, 259, 263, 261, 263, 265, 267, 273, 278, 280, 283,
    284, 284, 277, 272, 265, 257, 251, 248, 250, 248, 254, 262, 269, 274,
    275, 274, 265, 264, 258, 250, 251, 247, 249, 256, 261, 263, 271, 272,
    267, 266, 258, 254, 252, 252, 253, 258, 260, 266, 268, 268, 270, 267,
    263, 262, 259, 259, 259, 256, 261, 260, 259, 261, 258, 259, 261, 257,
    258, 258, 259, 261, 259 ]
headPositionsY: [ 85, 81, 80, 82, 82, 82, 79, 79, 80, 81, 80, 82, 80, 80,
    81, 78, 80, 79, 79, 79, 79, 81, 81, 79, 82, 78, 82, 82, 81, 79, 82,
    81, 82, 83, 82, 80, 82, 82, 78, 80, 80, 81, 83, 83, 86, 83, 81, 82,
    81, 86, 86, 84, 86, 82, 85, 83, 82, 85, 86, 85, 85, 83, 86, 82, 87,
    85, 86, 86, 87, 85, 83, 84, 84, 83, 86, 83, 86, 83, 86, 86, 87, 86,
    85, 83, 84, 84, 83, 82, 83, 83, 86, 83, 82, 85, 84, 84, 85, 85, 85,
    85 ]
