%YAML:1.0
---
videoName: "headShake4.mp4"
gestureLabel: 201
fps: 30
pixelSizeInCmTemp: 3.2364864864864862e-01
faceCenterPointX: 237
faceCenterPointY: 101
headPositionsX: [ 238, 244, 245, 249, 249, 253, 254, 256, 254, 251, 244,
    235, 232, 226, 227, 224, 227, 229, 238, 241, 249, 251, 255, 250, 249,
    248, 239, 232, 230, 224, 222, 224, 224, 228, 235, 241, 244, 248, 254,
    257, 257, 251, 249, 242, 235, 230, 227, 224, 225, 225, 226, 231, 233,
    238, 244, 248, 248, 246, 251, 248, 248, 245, 240, 237, 234, 234, 230,
    231, 227, 231, 234, 234, 237, 239, 240, 240, 241, 244, 239, 242, 242,
    242, 238, 240, 238, 239, 237, 238, 236, 238, 237, 238, 236, 234, 239,
    235, 238, 236, 239, 235 ]
headPositionsY: [ 103, 98, 99, 99, 100, 96, 97, 98, 100, 100, 99, 98,
    100, 98, 99, 96, 96, 101, 101, 99, 95, 98, 99, 100, 98, 99, 99, 98,
    98, 97, 96, 97, 96, 96, 98, 102, 97, 100, 98, 101, 97, 98, 98, 101,
    100, 98, 101, 101, 99, 97, 97, 102, 100, 101, 101, 99, 97, 99, 97,
    99, 100, 102, 101, 99, 100, 102, 100, 99, 100, 101, 102, 100, 100,
    98, 100, 102, 102, 98, 102, 99, 100, 102, 100, 98, 98, 101, 100, 99,
    99, 101, 101, 100, 98, 100, 100, 103, 102, 99, 101, 102 ]
