%YAML:1.0
---
videoName: "headLookRight5.mp4"
gestureLabel: 204
fps: 29
pixelSizeInCmTemp: 3.1513157894736843e-01
faceCenterPointX: 228
faceCenterPointY: 76
headPositionsX: [ 229, 252, 251, 252, 248, 247, 251, 250, 251, 250, 250,
    249, 248, 249, 252, 251, 249, 249, 251, 249, 248, 249, 249, 251, 249,
    251, 249, 248, 250, 247, 246, 247, 245, 246, 241, 240, 238, 235, 234,
    229, 230, 231, 226, 226, 227, 228, 226, 223, 224, 229, 226, 226, 221,
    228, 225, 225, 227, 225, 226, 222, 227, 222, 227, 228, 228, 228, 226,
    224, 226, 227, 224, 221, 224, 228, 224, 228, 228, 227, 225, 222, 224,
    225, 224, 224, 226, 225, 226, 221, 225, 227, 222, 227, 223, 229, 223,
    225, 223, 224, 225, 225 ]
headPositionsY: [ 78, 74, 74, 74, 72, 76, 75, 74, 76, 72, 72, 72, 74, 74,
    77, 76, 76, 77, 77, 73, 76, 75, 77, 72, 72, 75, 77, 76, 76, 73, 76,
    75, 74, 76, 73, 76, 74, 71, 75, 74, 75, 74, 74, 77, 75, 74, 71, 72,
    74, 76, 73, 73, 75, 77, 74, 76, 74, 74, 77, 73, 75, 74, 77, 75, 76,
    76, 75, 74, 76, 76, 73, 75, 76, 75, 73, 74, 75, 74, 73, 70, 76, 72,
    74, 76, 73, 73, 76, 73, 76, 74, 72, 76, 72, 75, 71, 72, 74, 74, 74,
    72 ]
