%YAML:1.0
---
videoName: "headShake40.mp4"
gestureLabel: 201
fps: 29
pixelSizeInCmTemp: 3.2808219178082193e-01
faceCenterPointX: 261
faceCenterPointY: 86
headPositionsX: [ 260, 262, 259, 262, 262, 260, 261, 259, 262, 260, 263,
    262, 262, 262, 261, 261, 259, 261, 262, 258, 259, 259, 261, 259, 259,
    258, 262, 258, 260, 256, 255, 255, 255, 253, 251, 255, 257, 259, 265,
    268, 273, 278, 278, 279, 280, 276, 272, 264, 260, 255, 251, 247, 247,
    248, 251, 254, 255, 259, 264, 266, 271, 270, 269, 268, 267, 263, 263,
    258, 258, 257, 257, 258, 261, 261, 264, 264, 268, 265, 264, 265, 263,
    265, 260, 261, 257, 258, 257, 255, 259, 259, 261, 257, 261, 261, 260,
    262, 262, 261, 262, 260 ]
headPositionsY: [ 88, 84, 82, 82, 85, 82, 82, 83, 85, 82, 83, 84, 85, 83,
    83, 84, 83, 83, 83, 81, 84, 82, 85, 82, 86, 84, 86, 85, 83, 84, 85,
    85, 83, 84, 83, 84, 85, 82, 82, 83, 82, 79, 81, 80, 82, 79, 84, 84,
    83, 82, 85, 84, 80, 81, 81, 84, 85, 82, 85, 84, 83, 85, 85, 81, 85,
    83, 82, 82, 81, 83, 81, 81, 86, 85, 81, 85, 81, 84, 83, 84, 81, 84,
    81, 86, 83, 86, 82, 84, 84, 85, 87, 84, 85, 84, 85, 84, 86, 87, 84,
    84 ]
