%YAML:1.0
---
videoName: "headNod9.mp4"
gestureLabel: 202
fps: 29
pixelSizeInCmTemp: 3.1513157894736843e-01
faceCenterPointX: 261
faceCenterPointY: 75
headPositionsX: [ 263, 260, 261, 263, 261, 263, 260, 263, 261, 259, 262,
    261, 260, 259, 261, 263, 259, 261, 261, 262, 262, 261, 262, 262, 258,
    260, 262, 260, 260, 259, 262, 262, 260, 260, 263, 262, 262, 259, 260,
    260, 262, 262, 260, 262, 259, 261, 259, 258, 261, 261, 258, 258, 259,
    258, 259, 263, 263, 262, 261, 260, 258, 260, 260, 262, 261, 261, 260,
    260, 259, 259, 259, 257, 258, 261, 258, 260, 257, 261, 261, 261, 259,
    259, 257, 260, 257, 258, 257, 258, 259, 258, 259, 259, 259, 260, 262,
    262, 257, 260, 260, 258 ]
headPositionsY: [ 74, 74, 73, 75, 73, 75, 76, 76, 76, 74, 75, 76, 76, 75,
    73, 77, 76, 74, 73, 75, 75, 76, 76, 78, 76, 76, 73, 74, 73, 75, 76,
    79, 80, 79, 81, 80, 79, 75, 77, 73, 72, 72, 78, 83, 85, 89, 87, 83,
    80, 78, 74, 76, 78, 78, 80, 82, 87, 85, 83, 76, 75, 71, 74, 75, 79,
    80, 80, 84, 83, 84, 78, 76, 72, 71, 73, 71, 74, 73, 76, 79, 80, 85,
    84, 80, 80, 77, 78, 73, 74, 71, 71, 73, 74, 75, 73, 74, 75, 75, 74,
    72 ]
