%YAML:1.0
---
videoName: "headNod45.mp4"
gestureLabel: 202
fps: 30
pixelSizeInCmTemp: 3.0316455696202532e-01
faceCenterPointX: 265
faceCenterPointY: 77
headPositionsX: [ 266, 266, 269, 267, 269, 270, 269, 269, 270, 268, 267,
    267, 266, 266, 267, 267, 267, 269, 266, 269, 267, 269, 265, 270, 268,
    266, 265, 265, 267, 265, 264, 265, 266, 265, 266, 267, 267, 266, 266,
    266, 264, 266, 267, 264, 265, 266, 266, 265, 265, 268, 264, 267, 265,
    267, 269, 266, 267, 265, 267, 264, 266, 266, 263, 263, 267, 265, 264,
    265, 268, 268, 266, 267, 265, 267, 268, 263, 267, 266, 266, 264, 267,
    263, 268, 266, 264, 267, 268, 266, 265, 267, 265, 265, 267, 268, 265,
    264, 267, 267, 267, 265 ]
headPositionsY: [ 77, 77, 76, 76, 75, 76, 76, 77, 75, 77, 77, 75, 73, 73,
    76, 78, 75, 76, 80, 79, 83, 89, 92, 93, 92, 91, 89, 86, 79, 75, 71,
    73, 69, 68, 65, 66, 68, 68, 75, 77, 79, 89, 89, 93, 93, 92, 88, 83,
    79, 78, 76, 71, 75, 70, 75, 74, 77, 83, 86, 87, 87, 86, 80, 80, 74,
    72, 73, 70, 75, 76, 79, 80, 81, 89, 87, 86, 88, 85, 81, 79, 76, 77,
    74, 75, 75, 80, 80, 79, 82, 77, 80, 78, 80, 76, 80, 79, 77, 80, 78,
    79 ]
