%YAML:1.0
---
videoName: "headShake42.mp4"
gestureLabel: 201
fps: 29
pixelSizeInCmTemp: 3.2808219178082193e-01
faceCenterPointX: 257
faceCenterPointY: 85
headPositionsX: [ 256, 271, 275, 276, 276, 276, 279, 278, 277, 275, 273,
    268, 269, 261, 258, 254, 253, 250, 246, 243, 242, 243, 244, 243, 245,
    244, 246, 252, 256, 258, 261, 269, 271, 278, 280, 280, 279, 280, 277,
    277, 275, 269, 269, 265, 261, 257, 253, 249, 248, 250, 244, 245, 245,
    244, 248, 248, 248, 250, 252, 255, 259, 260, 265, 263, 268, 266, 266,
    268, 269, 270, 267, 270, 269, 263, 265, 265, 262, 263, 258, 258, 257,
    255, 259, 256, 257, 256, 255, 258, 257, 257, 259, 256, 257, 258, 257,
    258, 258, 256, 258, 256 ]
headPositionsY: [ 85, 82, 82, 81, 80, 83, 80, 84, 84, 81, 81, 82, 85, 82,
    86, 84, 85, 85, 83, 81, 84, 86, 85, 86, 82, 84, 83, 83, 83, 85, 87,
    85, 84, 84, 83, 81, 84, 81, 84, 84, 83, 87, 84, 84, 89, 86, 86, 84,
    86, 87, 84, 84, 87, 88, 83, 86, 84, 85, 85, 86, 86, 84, 85, 87, 83,
    87, 87, 87, 86, 86, 85, 86, 85, 85, 83, 84, 83, 84, 86, 84, 85, 84,
    85, 87, 86, 85, 86, 83, 87, 87, 84, 87, 83, 86, 87, 83, 85, 84, 86,
    83 ]
