%YAML:1.0
---
videoName: "headShake30.mp4"
gestureLabel: 201
fps: 29
pixelSizeInCmTemp: 3.2808219178082193e-01
faceCenterPointX: 240
faceCenterPointY: 68
headPositionsX: [ 240, 232, 233, 235, 234, 233, 235, 231, 234, 236, 237,
    235, 239, 239, 238, 240, 243, 242, 243, 242, 245, 241, 242, 245, 244,
    241, 242, 243, 244, 240, 240, 239, 242, 239, 241, 241, 241, 241, 244,
    248, 252, 252, 257, 256, 261, 258, 260, 253, 248, 242, 236, 228, 228,
    225, 224, 227, 228, 235, 240, 248, 249, 251, 252, 253, 244, 241, 239,
    230, 226, 225, 226, 228, 231, 236, 242, 247, 246, 252, 250, 248, 249,
    245, 240, 237, 239, 235, 235, 236, 235, 240, 239, 242, 238, 240, 238,
    238, 241, 239, 241, 238 ]
headPositionsY: [ 70, 56, 58, 55, 57, 61, 59, 57, 62, 63, 63, 63, 64, 63,
    67, 66, 66, 63, 67, 64, 63, 63, 65, 64, 68, 64, 64, 65, 67, 64, 66,
    66, 67, 68, 66, 67, 66, 68, 66, 66, 64, 66, 65, 67, 64, 63, 65, 68,
    65, 69, 68, 64, 66, 66, 67, 66, 70, 68, 69, 70, 69, 67, 64, 67, 69,
    67, 67, 68, 66, 66, 69, 67, 66, 66, 70, 68, 66, 67, 68, 67, 64, 68,
    66, 68, 65, 69, 66, 67, 66, 67, 67, 68, 69, 68, 69, 66, 67, 70, 71,
    66 ]
