%YAML:1.0
---
videoName: "headShake33.mp4"
gestureLabel: 201
fps: 29
pixelSizeInCmTemp: 3.2364864864864862e-01
faceCenterPointX: 244
faceCenterPointY: 84
headPositionsX: [ 242, 243, 245, 247, 245, 244, 246, 244, 245, 243, 245,
    244, 246, 247, 243, 245, 247, 244, 245, 246, 244, 248, 248, 251, 250,
    256, 259, 259, 262, 263, 264, 264, 261, 258, 261, 254, 251, 247, 245,
    240, 236, 234, 234, 229, 229, 227, 226, 226, 226, 234, 232, 238, 242,
    246, 250, 253, 256, 257, 257, 262, 258, 259, 258, 258, 253, 250, 246,
    243, 240, 236, 235, 235, 232, 233, 230, 234, 233, 233, 236, 234, 237,
    239, 239, 244, 245, 243, 245, 248, 247, 249, 246, 246, 245, 245, 244,
    244, 243, 246, 243, 242 ]
headPositionsY: [ 85, 82, 80, 85, 84, 81, 82, 84, 83, 84, 84, 84, 84, 84,
    81, 82, 81, 85, 83, 81, 84, 85, 81, 81, 80, 84, 82, 83, 81, 80, 83,
    83, 83, 81, 82, 84, 84, 81, 80, 81, 83, 84, 83, 83, 81, 83, 79, 82,
    84, 85, 85, 84, 83, 84, 84, 83, 83, 81, 83, 78, 83, 81, 84, 84, 82,
    85, 83, 83, 83, 83, 83, 85, 83, 80, 84, 80, 82, 84, 81, 83, 85, 84,
    84, 82, 84, 82, 83, 82, 81, 85, 83, 84, 84, 84, 84, 85, 80, 85, 83,
    82 ]
