%YAML:1.0
---
videoName: "headShake35.mp4"
gestureLabel: 201
fps: 29
pixelSizeInCmTemp: 3.2364864864864862e-01
faceCenterPointX: 267
faceCenterPointY: 82
headPositionsX: [ 265, 269, 265, 266, 268, 269, 269, 267, 268, 267, 270,
    269, 268, 268, 269, 270, 266, 268, 270, 266, 266, 267, 269, 267, 267,
    268, 268, 267, 266, 269, 267, 268, 267, 267, 269, 268, 269, 266, 269,
    270, 269, 266, 265, 266, 269, 268, 270, 266, 266, 267, 266, 267, 268,
    265, 265, 268, 268, 268, 268, 268, 268, 267, 268, 270, 272, 276, 279,
    281, 282, 279, 274, 269, 265, 261, 262, 259, 262, 260, 263, 271, 273,
    276, 273, 273, 269, 269, 264, 262, 264, 263, 264, 262, 264, 269, 265,
    265, 267, 270, 265, 266 ]
headPositionsY: [ 83, 81, 81, 77, 79, 78, 82, 80, 81, 78, 78, 79, 82, 79,
    78, 78, 78, 78, 81, 81, 78, 80, 78, 79, 82, 78, 81, 79, 81, 80, 81,
    78, 82, 82, 81, 82, 81, 78, 81, 79, 82, 82, 80, 80, 81, 80, 83, 78,
    78, 79, 82, 81, 82, 78, 78, 83, 81, 80, 80, 78, 79, 83, 78, 81, 78,
    81, 78, 78, 78, 79, 82, 79, 81, 81, 81, 78, 80, 81, 81, 81, 84, 83,
    83, 83, 82, 81, 82, 82, 83, 79, 83, 83, 83, 79, 83, 80, 79, 82, 83,
    83 ]
