%YAML:1.0
---
videoName: "headShake2.mp4"
gestureLabel: 201
fps: 29
pixelSizeInCmTemp: 3.4214285714285714e-01
faceCenterPointX: 276
faceCenterPointY: 98
headPositionsX: [ 275, 278, 276, 279, 278, 276, 277, 279, 275, 275, 277,
    279, 276, 277, 276, 277, 277, 275, 279, 275, 276, 279, 276, 278, 278,
    278, 275, 276, 278, 277, 276, 279, 276, 279, 279, 278, 277, 279, 276,
    275, 277, 278, 280, 281, 286, 288, 293, 295, 294, 294, 293, 289, 284,
    277, 271, 268, 267, 264, 265, 265, 274, 277, 281, 287, 289, 288, 289,
    286, 283, 280, 275, 270, 266, 269, 267, 273, 273, 280, 283, 284, 286,
    288, 288, 282, 285, 282, 280, 277, 278, 278, 277, 275, 277, 274, 276,
    276, 275, 275, 274, 278 ]
headPositionsY: [ 99, 99, 99, 100, 100, 99, 97, 99, 98, 99, 100, 97, 99,
    100, 99, 99, 100, 97, 100, 100, 100, 98, 97, 97, 100, 99, 98, 100,
    100, 100, 98, 99, 97, 101, 99, 99, 100, 100, 98, 98, 97, 100, 97, 96,
    96, 97, 97, 96, 98, 96, 94, 98, 99, 100, 98, 99, 97, 96, 99, 99, 100,
    100, 99, 97, 99, 94, 96, 95, 96, 98, 97, 100, 97, 99, 97, 100, 97,
    98, 97, 99, 99, 98, 100, 98, 98, 97, 99, 99, 98, 99, 99, 97, 101, 98,
    97, 101, 96, 101, 99, 100 ]
