%YAML:1.0
---
videoName: "headLookLeft1.mp4"
gestureLabel: 203
fps: 30
pixelSizeInCmTemp: 3.6287878787878786e-01
faceCenterPointX: 276
faceCenterPointY: 73
headPositionsX: [ 277, 258, 255, 257, 259, 257, 257, 259, 256, 257, 255,
    256, 258, 256, 257, 256, 257, 256, 256, 258, 259, 256, 259, 256, 255,
    257, 254, 255, 259, 254, 254, 256, 255, 257, 254, 255, 257, 256, 259,
    255, 257, 255, 253, 256, 255, 254, 257, 258, 253, 257, 257, 254, 255,
    253, 253, 258, 258, 256, 257, 261, 259, 263, 262, 265, 267, 268, 274,
    272, 275, 273, 276, 279, 272, 274, 274, 281, 280, 276, 276, 276, 278,
    276, 280, 280, 279, 280, 277, 280, 277, 279, 281, 280, 280, 274, 276,
    277, 277, 278, 276, 274 ]
headPositionsY: [ 74, 74, 73, 77, 77, 77, 74, 76, 77, 74, 74, 73, 76, 78,
    74, 77, 77, 78, 75, 79, 76, 79, 78, 75, 76, 77, 78, 80, 77, 77, 76,
    76, 77, 78, 79, 79, 78, 79, 78, 80, 78, 78, 79, 78, 79, 79, 79, 80,
    79, 78, 78, 76, 80, 78, 78, 76, 81, 78, 81, 78, 77, 81, 76, 79, 79,
    79, 79, 78, 77, 80, 73, 76, 76, 74, 72, 75, 76, 77, 77, 75, 78, 73,
    76, 76, 79, 78, 72, 77, 73, 75, 73, 73, 72, 76, 74, 74, 77, 74, 73,
    75 ]
