%YAML:1.0
---
videoName: "headNod8.mp4"
gestureLabel: 202
fps: 29
pixelSizeInCmTemp: 3.1933333333333330e-01
faceCenterPointX: 262
faceCenterPointY: 74
headPositionsX: [ 263, 264, 262, 263, 262, 259, 261, 259, 263, 260, 260,
    262, 260, 259, 262, 262, 259, 261, 261, 261, 261, 264, 264, 264, 263,
    260, 262, 261, 261, 261, 261, 262, 261, 261, 261, 260, 259, 261, 261,
    262, 261, 263, 261, 261, 262, 262, 262, 260, 262, 260, 259, 262, 260,
    263, 262, 261, 262, 258, 263, 259, 259, 259, 260, 261, 262, 262, 261,
    262, 263, 261, 259, 258, 259, 261, 260, 261, 259, 260, 261, 262, 263,
    264, 262, 261, 260, 263, 263, 260, 263, 265, 260, 264, 261, 260, 263,
    264, 263, 261, 260, 262 ]
headPositionsY: [ 72, 75, 74, 78, 76, 78, 75, 79, 76, 77, 76, 76, 78, 77,
    74, 76, 78, 75, 78, 78, 76, 78, 74, 74, 77, 77, 77, 74, 77, 78, 78,
    76, 77, 78, 74, 75, 74, 76, 73, 73, 73, 71, 68, 70, 66, 65, 67, 71,
    72, 76, 75, 82, 84, 85, 83, 81, 77, 75, 72, 71, 69, 68, 72, 72, 77,
    83, 83, 85, 82, 81, 78, 75, 69, 72, 68, 73, 71, 78, 79, 82, 84, 81,
    82, 76, 74, 71, 74, 70, 70, 71, 76, 76, 77, 79, 76, 80, 79, 75, 76,
    74 ]
