%YAML:1.0
---
videoName: "headShake36.mp4"
gestureLabel: 201
fps: 29
pixelSizeInCmTemp: 3.2364864864864862e-01
faceCenterPointX: 263
faceCenterPointY: 80
headPositionsX: [ 261, 262, 264, 262, 264, 265, 266, 269, 268, 272, 275,
    278, 276, 282, 281, 284, 285, 282, 280, 277, 277, 270, 271, 266, 260,
    257, 257, 251, 249, 251, 246, 246, 247, 244, 246, 244, 248, 250, 251,
    254, 257, 258, 265, 266, 271, 275, 276, 279, 280, 281, 281, 283, 279,
    279, 273, 274, 268, 266, 260, 257, 255, 252, 252, 248, 251, 251, 251,
    252, 252, 254, 256, 259, 259, 260, 261, 267, 266, 265, 265, 266, 267,
    269, 267, 267, 267, 264, 264, 264, 266, 265, 264, 261, 263, 262, 263,
    261, 264, 264, 265, 265 ]
headPositionsY: [ 81, 78, 81, 78, 81, 78, 81, 77, 81, 76, 77, 80, 77, 78,
    76, 77, 75, 76, 80, 80, 80, 81, 82, 83, 82, 83, 81, 80, 80, 82, 83,
    82, 82, 81, 79, 80, 79, 81, 79, 82, 79, 82, 84, 83, 81, 80, 78, 80,
    80, 79, 77, 79, 77, 80, 80, 78, 80, 81, 80, 82, 77, 82, 78, 79, 76,
    80, 77, 79, 80, 78, 79, 82, 79, 82, 83, 83, 82, 78, 80, 81, 79, 82,
    79, 79, 81, 82, 80, 82, 81, 83, 81, 80, 81, 78, 80, 79, 79, 81, 80,
    80 ]
