%YAML:1.0
---
videoName: "headNod36.mp4"
gestureLabel: 202
fps: 29
pixelSizeInCmTemp: 2.8176470588235292e-01
faceCenterPointX: 269
faceCenterPointY: 75
headPositionsX: [ 270, 270, 270, 268, 270, 270, 272, 271, 270, 270, 271,
    270, 269, 272, 268, 270, 272, 271, 270, 273, 272, 269, 271, 269, 269,
    270, 268, 267, 268, 270, 272, 269, 271, 271, 268, 270, 267, 266, 266,
    266, 269, 267, 266, 269, 272, 271, 272, 272, 272, 271, 273, 268, 272,
    272, 271, 268, 269, 267, 269, 271, 267, 267, 271, 267, 269, 266, 267,
    265, 270, 267, 267, 267, 266, 269, 266, 268, 266, 268, 266, 270, 270,
    269, 270, 271, 269, 271, 269, 271, 269, 267, 269, 269, 269, 267, 268,
    269, 269, 270, 268, 270 ]
headPositionsY: [ 74, 73, 73, 74, 75, 73, 72, 76, 75, 74, 77, 76, 75, 72,
    75, 73, 74, 74, 73, 77, 79, 78, 79, 77, 76, 77, 67, 69, 65, 66, 64,
    64, 73, 74, 80, 86, 87, 89, 89, 86, 87, 77, 78, 71, 72, 67, 67, 69,
    69, 70, 67, 72, 80, 82, 85, 86, 87, 86, 85, 82, 80, 76, 74, 72, 75,
    71, 77, 76, 81, 85, 85, 82, 78, 77, 76, 73, 74, 76, 77, 79, 81, 81,
    83, 82, 83, 85, 83, 80, 77, 78, 75, 73, 76, 76, 74, 73, 77, 78, 77,
    73 ]
