%YAML:1.0
---
videoName: "headLookRight7.mp4"
gestureLabel: 204
fps: 30
pixelSizeInCmTemp: 3.4710144927536229e-01
faceCenterPointX: 226
faceCenterPointY: 74
headPositionsX: [ 226, 250, 248, 251, 251, 252, 251, 252, 248, 250, 251,
    250, 251, 247, 250, 250, 248, 248, 248, 248, 247, 249, 248, 247, 249,
    248, 246, 246, 248, 246, 243, 244, 239, 239, 236, 230, 233, 229, 229,
    229, 229, 227, 221, 223, 222, 220, 222, 224, 226, 221, 225, 226, 224,
    225, 223, 226, 224, 225, 224, 224, 226, 223, 225, 222, 222, 224, 225,
    221, 221, 226, 219, 227, 226, 225, 224, 227, 224, 222, 223, 223, 221,
    220, 226, 223, 226, 222, 225, 227, 223, 225, 225, 220, 224, 224, 223,
    221, 225, 227, 225, 223 ]
headPositionsY: [ 72, 76, 76, 73, 72, 74, 74, 77, 72, 73, 75, 75, 73, 73,
    75, 72, 74, 75, 77, 74, 77, 77, 75, 77, 77, 75, 73, 76, 73, 76, 77,
    76, 73, 77, 77, 77, 74, 77, 76, 72, 75, 71, 70, 74, 74, 75, 76, 73,
    76, 72, 75, 74, 74, 76, 73, 73, 72, 72, 74, 74, 75, 74, 74, 71, 75,
    72, 76, 72, 74, 73, 77, 73, 71, 74, 74, 74, 73, 73, 74, 72, 73, 75,
    72, 74, 76, 74, 74, 75, 74, 75, 78, 75, 74, 75, 71, 74, 76, 76, 73,
    76 ]
