%YAML:1.0
---
videoName: "headShake12.mp4"
gestureLabel: 201
fps: 29
pixelSizeInCmTemp: 3.2808219178082193e-01
faceCenterPointX: 241
faceCenterPointY: 76
headPositionsX: [ 243, 242, 241, 240, 241, 243, 240, 240, 240, 242, 243,
    243, 242, 244, 243, 241, 242, 242, 241, 241, 243, 243, 244, 242, 244,
    244, 242, 240, 244, 240, 240, 241, 243, 242, 239, 241, 240, 239, 240,
    240, 239, 241, 243, 241, 243, 241, 244, 241, 241, 241, 241, 244, 240,
    241, 240, 239, 242, 243, 241, 246, 246, 254, 253, 256, 257, 261, 257,
    254, 249, 241, 238, 234, 229, 233, 236, 241, 245, 247, 250, 253, 250,
    249, 246, 243, 243, 242, 235, 235, 238, 235, 239, 240, 238, 240, 241,
    241, 241, 240, 239, 240 ]
headPositionsY: [ 75, 73, 72, 71, 75, 71, 72, 74, 74, 75, 74, 74, 75, 73,
    73, 72, 73, 72, 72, 73, 72, 73, 77, 72, 72, 77, 72, 75, 72, 75, 74,
    75, 77, 72, 73, 73, 76, 73, 73, 74, 75, 75, 72, 76, 72, 74, 73, 76,
    74, 75, 72, 75, 74, 74, 72, 76, 75, 73, 72, 72, 74, 74, 72, 71, 74,
    74, 71, 76, 78, 75, 77, 74, 77, 74, 77, 75, 77, 76, 77, 77, 75, 73,
    77, 75, 74, 77, 74, 76, 76, 76, 78, 76, 74, 75, 78, 77, 78, 74, 79,
    75 ]
