%YAML:1.0
---
videoName: "headShake19.mp4"
gestureLabel: 201
fps: 29
pixelSizeInCmTemp: 3.1933333333333330e-01
faceCenterPointX: 243
faceCenterPointY: 78
headPositionsX: [ 243, 245, 244, 242, 242, 241, 244, 242, 242, 244, 242,
    244, 242, 244, 245, 241, 242, 243, 244, 241, 244, 240, 240, 245, 240,
    241, 240, 244, 243, 245, 244, 244, 244, 242, 240, 241, 238, 237, 234,
    231, 231, 235, 238, 242, 250, 255, 258, 255, 258, 256, 247, 246, 240,
    236, 230, 232, 232, 232, 238, 243, 245, 247, 248, 247, 248, 244, 240,
    239, 239, 235, 237, 236, 235, 238, 240, 243, 244, 247, 243, 247, 246,
    244, 243, 241, 242, 240, 239, 239, 240, 239, 240, 243, 243, 241, 242,
    241, 243, 243, 244, 244 ]
headPositionsY: [ 77, 77, 75, 78, 77, 75, 75, 75, 76, 75, 79, 76, 78, 76,
    76, 74, 77, 78, 75, 77, 74, 75, 78, 77, 77, 76, 77, 77, 75, 76, 76,
    76, 78, 77, 77, 74, 75, 78, 76, 78, 76, 76, 79, 76, 77, 78, 75, 77,
    76, 75, 79, 79, 76, 78, 75, 75, 73, 75, 75, 79, 76, 75, 76, 78, 79,
    78, 78, 75, 77, 78, 76, 76, 79, 78, 78, 75, 76, 78, 77, 78, 77, 79,
    74, 77, 77, 79, 76, 78, 76, 76, 80, 76, 80, 76, 76, 79, 76, 77, 79,
    78 ]
