%YAML:1.0
---
videoName: "headLookRight8.mp4"
gestureLabel: 204
fps: 29
pixelSizeInCmTemp: 3.1513157894736843e-01
faceCenterPointX: 218
faceCenterPointY: 80
headPositionsX: [ 219, 247, 247, 248, 247, 251, 250, 250, 248, 246, 250,
    246, 245, 246, 246, 245, 246, 247, 246, 243, 248, 249, 248, 246, 247,
    245, 248, 248, 247, 246, 247, 245, 245, 249, 247, 248, 246, 248, 246,
    246, 248, 247, 248, 248, 247, 247, 246, 245, 245, 247, 245, 243, 248,
    248, 244, 245, 244, 247, 245, 246, 248, 247, 248, 247, 248, 246, 246,
    247, 244, 243, 242, 237, 237, 233, 229, 227, 227, 224, 224, 221, 220,
    219, 218, 217, 217, 218, 217, 219, 220, 220, 219, 220, 217, 215, 219,
    218, 217, 220, 216, 220 ]
headPositionsY: [ 82, 77, 75, 72, 75, 74, 74, 72, 71, 75, 77, 77, 74, 73,
    74, 77, 76, 75, 73, 75, 77, 75, 75, 76, 77, 77, 78, 74, 77, 75, 75,
    75, 75, 76, 75, 77, 75, 76, 74, 75, 76, 76, 75, 79, 75, 79, 78, 74,
    77, 77, 76, 77, 75, 76, 76, 76, 74, 77, 75, 79, 75, 75, 75, 76, 77,
    75, 79, 80, 75, 75, 78, 79, 78, 74, 75, 74, 78, 75, 72, 74, 73, 79,
    71, 82, 71, 82, 82, 79, 80, 80, 79, 82, 75, 77, 75, 78, 81, 82, 79,
    81 ]
