%YAML:1.0
---
videoName: "headNod39.mp4"
gestureLabel: 202
fps: 29
pixelSizeInCmTemp: 2.9937500000000000e-01
faceCenterPointX: 268
faceCenterPointY: 78
headPositionsX: [ 268, 269, 266, 269, 266, 269, 270, 266, 269, 267, 266,
    266, 267, 271, 270, 268, 268, 270, 269, 269, 268, 270, 268, 270, 267,
    268, 270, 271, 269, 267, 270, 267, 267, 267, 268, 266, 270, 269, 270,
    267, 270, 269, 267, 266, 265, 269, 270, 267, 267, 268, 265, 268, 268,
    267, 265, 269, 267, 267, 266, 264, 266, 268, 265, 266, 267, 266, 265,
    267, 264, 267, 268, 268, 268, 267, 265, 266, 269, 267, 265, 265, 266,
    266, 265, 267, 269, 267, 269, 268, 268, 266, 268, 265, 267, 267, 266,
    270, 268, 268, 266, 264 ]
headPositionsY: [ 78, 77, 76, 76, 76, 76, 76, 75, 77, 76, 75, 75, 74, 78,
    76, 78, 77, 77, 78, 74, 75, 77, 77, 77, 78, 77, 79, 75, 74, 79, 78,
    77, 74, 78, 78, 75, 76, 80, 80, 82, 82, 85, 87, 88, 85, 81, 81, 77,
    74, 75, 77, 75, 77, 77, 78, 83, 86, 89, 93, 87, 87, 80, 76, 77, 72,
    71, 71, 76, 79, 80, 83, 83, 81, 81, 80, 78, 74, 74, 77, 74, 77, 77,
    80, 80, 79, 79, 77, 77, 81, 78, 78, 78, 80, 76, 76, 80, 76, 78, 80,
    79 ]
