%YAML:1.0
---
videoName: "headLookRight4.mp4"
gestureLabel: 204
fps: 30
pixelSizeInCmTemp: 3.4214285714285714e-01
faceCenterPointX: 228
faceCenterPointY: 75
headPositionsX: [ 227, 251, 252, 253, 255, 254, 253, 255, 255, 254, 253,
    254, 253, 253, 251, 253, 254, 255, 253, 253, 253, 253, 251, 251, 251,
    255, 251, 254, 251, 250, 252, 248, 247, 245, 247, 244, 240, 236, 237,
    232, 232, 231, 232, 232, 230, 228, 228, 227, 231, 229, 227, 230, 226,
    229, 227, 225, 227, 226, 226, 225, 225, 224, 226, 228, 227, 225, 226,
    225, 228, 225, 227, 225, 227, 222, 224, 225, 229, 227, 228, 229, 228,
    226, 229, 228, 223, 228, 225, 226, 228, 229, 225, 225, 227, 230, 227,
    228, 225, 225, 228, 226 ]
headPositionsY: [ 77, 72, 71, 72, 72, 71, 71, 71, 71, 73, 71, 70, 74, 70,
    72, 75, 73, 76, 72, 75, 75, 72, 74, 73, 75, 72, 72, 72, 71, 73, 74,
    71, 75, 71, 72, 73, 70, 72, 70, 72, 71, 75, 72, 74, 74, 70, 76, 75,
    71, 71, 75, 73, 76, 72, 73, 76, 75, 71, 73, 73, 76, 76, 73, 77, 74,
    72, 74, 76, 74, 75, 75, 72, 77, 74, 78, 76, 72, 77, 76, 77, 72, 78,
    75, 74, 71, 74, 74, 77, 75, 78, 72, 73, 74, 77, 76, 72, 75, 76, 76,
    72 ]
