%YAML:1.0
---
videoName: "headNod12.mp4"
gestureLabel: 202
fps: 29
pixelSizeInCmTemp: 3.2808219178082193e-01
faceCenterPointX: 254
faceCenterPointY: 69
headPositionsX: [ 255, 254, 252, 254, 253, 255, 254, 255, 255, 257, 255,
    258, 257, 255, 255, 258, 254, 256, 256, 256, 257, 254, 259, 256, 256,
    254, 256, 256, 257, 253, 256, 256, 254, 256, 253, 252, 254, 256, 255,
    256, 256, 256, 253, 255, 255, 255, 254, 253, 253, 254, 253, 256, 253,
    253, 254, 255, 256, 254, 252, 253, 254, 255, 254, 254, 252, 254, 254,
    254, 254, 254, 255, 254, 254, 254, 256, 255, 253, 256, 256, 255, 253,
    255, 255, 257, 255, 256, 256, 258, 255, 256, 255, 256, 256, 254, 253,
    252, 253, 255, 253, 252 ]
headPositionsY: [ 71, 74, 72, 74, 74, 72, 73, 72, 75, 76, 76, 76, 73, 74,
    74, 71, 71, 74, 72, 72, 72, 73, 73, 71, 76, 72, 76, 72, 74, 75, 77,
    73, 73, 74, 71, 73, 71, 66, 65, 64, 63, 62, 64, 61, 62, 66, 67, 69,
    73, 73, 78, 79, 78, 79, 78, 73, 69, 66, 64, 63, 65, 63, 62, 64, 66,
    69, 70, 71, 71, 72, 76, 74, 78, 72, 73, 71, 67, 66, 66, 64, 67, 66,
    65, 67, 68, 68, 70, 74, 75, 72, 74, 74, 73, 73, 70, 70, 73, 69, 70,
    69 ]
