%YAML:1.0
---
videoName: "headShake38.mp4"
gestureLabel: 201
fps: 29
pixelSizeInCmTemp: 3.2808219178082193e-01
faceCenterPointX: 259
faceCenterPointY: 84
headPositionsX: [ 260, 262, 262, 263, 264, 265, 265, 264, 262, 264, 265,
    263, 265, 265, 265, 264, 263, 266, 261, 265, 266, 265, 263, 264, 262,
    265, 261, 263, 263, 263, 262, 262, 263, 265, 264, 262, 264, 263, 261,
    263, 263, 262, 260, 257, 253, 249, 247, 249, 249, 250, 258, 265, 271,
    278, 279, 276, 271, 262, 252, 250, 249, 249, 256, 258, 268, 269, 274,
    271, 268, 260, 255, 248, 248, 249, 252, 255, 261, 262, 264, 268, 269,
    269, 266, 267, 267, 265, 260, 261, 262, 262, 258, 260, 260, 259, 260,
    257, 260, 261, 258, 262 ]
headPositionsY: [ 85, 84, 82, 84, 84, 82, 82, 85, 83, 82, 85, 83, 85, 82,
    83, 81, 81, 83, 81, 82, 86, 82, 82, 85, 84, 86, 85, 83, 82, 82, 82,
    84, 82, 83, 84, 86, 84, 84, 85, 85, 81, 86, 84, 85, 85, 81, 81, 83,
    81, 82, 84, 84, 81, 82, 85, 82, 82, 84, 86, 83, 84, 82, 85, 84, 85,
    81, 82, 84, 82, 86, 84, 82, 84, 82, 84, 82, 81, 85, 86, 85, 85, 85,
    86, 87, 83, 85, 84, 84, 82, 85, 85, 82, 85, 83, 86, 85, 82, 85, 85,
    86 ]
