%YAML:1.0
---
videoName: "headShake5.mp4"
gestureLabel: 201
fps: 30
pixelSizeInCmTemp: 3.3263888888888887e-01
faceCenterPointX: 275
faceCenterPointY: 73
headPositionsX: [ 277, 278, 278, 279, 279, 275, 281, 277, 278, 276, 280,
    279, 279, 275, 277, 277, 276, 279, 277, 279, 276, 280, 280, 276, 276,
    277, 278, 277, 280, 277, 279, 279, 277, 282, 280, 285, 291, 293, 297,
    296, 294, 292, 290, 283, 277, 271, 268, 265, 265, 265, 267, 274, 283,
    285, 292, 290, 290, 284, 279, 276, 270, 265, 260, 265, 269, 272, 273,
    279, 283, 284, 285, 283, 283, 279, 272, 271, 267, 265, 265, 267, 268,
    272, 276, 276, 278, 280, 280, 281, 279, 279, 281, 277, 278, 275, 277,
    275, 274, 276, 274, 276 ]
headPositionsY: [ 72, 71, 72, 71, 75, 74, 74, 71, 75, 74, 74, 72, 75, 72,
    76, 75, 74, 73, 75, 73, 72, 73, 75, 74, 74, 73, 75, 73, 75, 74, 73,
    74, 72, 72, 75, 72, 71, 74, 74, 71, 70, 73, 74, 75, 76, 75, 73, 76,
    74, 75, 72, 72, 74, 72, 72, 74, 74, 74, 75, 73, 77, 76, 74, 75, 73,
    76, 75, 74, 75, 74, 74, 74, 73, 76, 72, 73, 75, 71, 74, 72, 73, 72,
    71, 70, 72, 72, 72, 71, 70, 72, 72, 72, 72, 72, 71, 75, 71, 72, 75,
    73 ]
