%YAML:1.0
---
videoName: "headShake48.mp4"
gestureLabel: 201
fps: 29
pixelSizeInCmTemp: 3.1103896103896100e-01
faceCenterPointX: 258
faceCenterPointY: 85
headPositionsX: [ 256, 262, 261, 261, 259, 260, 260, 258, 260, 258, 257,
    261, 261, 258, 259, 260, 259, 258, 260, 259, 258, 257, 260, 261, 259,
    261, 256, 257, 260, 260, 261, 257, 257, 258, 260, 261, 267, 268, 274,
    272, 274, 275, 270, 266, 264, 252, 249, 248, 248, 248, 254, 260, 263,
    268, 269, 269, 266, 258, 257, 253, 250, 248, 252, 256, 263, 264, 266,
    266, 267, 264, 258, 252, 250, 250, 249, 253, 256, 262, 264, 265, 268,
    266, 265, 262, 262, 258, 259, 261, 258, 258, 261, 259, 258, 259, 259,
    260, 261, 260, 261, 259 ]
headPositionsY: [ 83, 78, 79, 79, 76, 77, 79, 80, 81, 77, 79, 80, 80, 79,
    82, 81, 80, 79, 80, 82, 83, 83, 81, 81, 82, 80, 81, 79, 80, 80, 84,
    81, 81, 81, 82, 84, 82, 79, 81, 81, 82, 81, 82, 86, 83, 82, 81, 82,
    85, 86, 84, 86, 87, 85, 85, 84, 84, 86, 84, 88, 87, 85, 84, 89, 88,
    87, 87, 86, 89, 86, 87, 87, 87, 84, 84, 88, 85, 87, 84, 85, 83, 86,
    87, 84, 88, 88, 87, 88, 87, 87, 88, 83, 84, 83, 86, 85, 83, 87, 86,
    86 ]
