%YAML:1.0
---
videoName: "headNod40.mp4"
gestureLabel: 202
fps: 29
pixelSizeInCmTemp: 2.8511904761904761e-01
faceCenterPointX: 267
faceCenterPointY: 78
headPositionsX: [ 267, 265, 265, 266, 266, 268, 266, 267, 266, 270, 267,
    269, 267, 268, 266, 270, 268, 267, 270, 266, 269, 267, 270, 269, 269,
    270, 266, 268, 265, 267, 269, 266, 269, 269, 270, 270, 270, 269, 270,
    267, 267, 266, 265, 265, 267, 266, 264, 266, 268, 265, 268, 266, 265,
    267, 263, 266, 267, 267, 266, 267, 268, 265, 265, 264, 266, 265, 268,
    264, 267, 268, 265, 269, 269, 269, 269, 268, 266, 269, 269, 269, 268,
    266, 269, 267, 269, 268, 266, 269, 265, 266, 266, 265, 267, 266, 268,
    268, 267, 264, 268, 265 ]
headPositionsY: [ 76, 74, 77, 75, 75, 75, 76, 77, 76, 74, 74, 77, 77, 76,
    74, 78, 75, 76, 78, 78, 76, 74, 77, 76, 77, 76, 78, 77, 74, 77, 74,
    74, 76, 77, 73, 73, 76, 76, 76, 74, 81, 90, 90, 94, 97, 98, 96, 91,
    86, 81, 76, 78, 76, 68, 69, 68, 68, 69, 67, 76, 82, 83, 88, 84, 85,
    84, 81, 80, 72, 76, 76, 71, 72, 72, 75, 72, 80, 81, 80, 78, 81, 81,
    80, 80, 80, 80, 77, 81, 75, 78, 78, 76, 75, 79, 76, 77, 76, 79, 75,
    77 ]
