%YAML:1.0
---
videoName: "headNod41.mp4"
gestureLabel: 202
fps: 29
pixelSizeInCmTemp: 2.9937500000000000e-01
faceCenterPointX: 267
faceCenterPointY: 76
headPositionsX: [ 266, 270, 271, 268, 271, 268, 268, 271, 270, 272, 272,
    267, 268, 268, 270, 268, 270, 269, 272, 269, 272, 273, 272, 269, 272,
    269, 267, 269, 270, 269, 271, 268, 268, 270, 270, 268, 271, 271, 268,
    268, 268, 269, 270, 270, 271, 269, 269, 269, 269, 267, 265, 270, 271,
    271, 270, 269, 267, 268, 269, 267, 269, 270, 268, 269, 267, 270, 266,
    269, 266, 266, 270, 268, 269, 268, 269, 269, 265, 267, 266, 266, 270,
    265, 270, 269, 266, 269, 268, 267, 266, 269, 267, 266, 267, 267, 268,
    269, 270, 267, 268, 270 ]
headPositionsY: [ 75, 73, 74, 72, 73, 74, 74, 72, 73, 73, 72, 72, 74, 72,
    74, 74, 75, 74, 76, 73, 72, 72, 73, 75, 73, 74, 72, 76, 75, 75, 74,
    76, 74, 72, 75, 72, 75, 75, 74, 78, 78, 81, 86, 89, 94, 91, 89, 87,
    84, 80, 77, 68, 68, 65, 64, 68, 64, 70, 71, 77, 79, 86, 91, 94, 91,
    90, 84, 82, 79, 76, 72, 72, 72, 71, 72, 79, 82, 84, 85, 82, 84, 81,
    78, 75, 74, 76, 73, 74, 73, 73, 78, 80, 78, 82, 80, 80, 79, 76, 76,
    78 ]
