%YAML:1.0
---
videoName: "headLookUp9.mp4"
gestureLabel: 205
fps: 29
pixelSizeInCmTemp: 3.3732394366197183e-01
faceCenterPointX: 251
faceCenterPointY: 57
headPositionsX: [ 249, 252, 250, 253, 253, 250, 251, 252, 251, 251, 251,
    253, 250, 251, 252, 249, 253, 251, 251, 251, 252, 252, 251, 249, 254,
    252, 251, 250, 250, 251, 251, 252, 251, 252, 251, 249, 250, 250, 250,
    249, 250, 252, 251, 253, 251, 253, 250, 253, 249, 251, 251, 252, 251,
    250, 250, 250, 251, 251, 250, 249, 252, 251, 250, 251, 249, 250, 252,
    252, 250, 253, 253, 251, 251, 251, 250, 253, 253, 252, 251, 251, 250,
    250, 251, 252, 251, 251, 249, 253, 253, 250, 252, 250, 250, 250, 251,
    252, 250, 252, 250, 249 ]
headPositionsY: [ 59, 74, 75, 72, 75, 75, 73, 73, 74, 76, 74, 75, 77, 76,
    76, 74, 75, 72, 72, 74, 76, 72, 72, 73, 73, 74, 76, 75, 75, 73, 72,
    72, 71, 69, 70, 66, 67, 68, 65, 68, 67, 65, 61, 61, 60, 59, 60, 59,
    58, 61, 57, 59, 61, 58, 60, 60, 58, 57, 57, 56, 61, 55, 58, 58, 59,
    59, 56, 56, 58, 59, 57, 59, 56, 59, 55, 55, 56, 55, 58, 58, 57, 55,
    59, 56, 56, 59, 58, 55, 55, 57, 55, 55, 58, 57, 58, 57, 55, 54, 56,
    58 ]
