%YAML:1.0
---
videoName: "headLookRight3.mp4"
gestureLabel: 204
fps: 29
pixelSizeInCmTemp: 3.5746268656716418e-01
faceCenterPointX: 232
faceCenterPointY: 71
headPositionsX: [ 230, 254, 255, 252, 252, 254, 255, 252, 254, 255, 252,
    255, 253, 254, 252, 255, 254, 256, 254, 257, 254, 256, 255, 253, 254,
    252, 253, 255, 254, 253, 253, 257, 252, 253, 252, 254, 256, 253, 255,
    253, 249, 246, 246, 244, 243, 240, 240, 236, 233, 236, 235, 231, 232,
    233, 232, 232, 233, 235, 231, 234, 230, 231, 234, 233, 234, 232, 229,
    231, 232, 233, 230, 233, 230, 235, 230, 232, 232, 233, 232, 230, 236,
    229, 234, 233, 232, 232, 232, 235, 232, 232, 234, 232, 230, 231, 232,
    234, 235, 232, 239, 230 ]
headPositionsY: [ 70, 69, 69, 71, 68, 71, 70, 72, 69, 67, 70, 69, 71, 69,
    68, 71, 72, 72, 73, 69, 69, 69, 73, 72, 74, 73, 72, 74, 72, 71, 73,
    72, 69, 71, 72, 70, 72, 69, 73, 69, 72, 71, 72, 69, 69, 72, 69, 73,
    70, 70, 74, 69, 72, 74, 73, 70, 70, 74, 71, 75, 71, 71, 72, 74, 71,
    74, 76, 71, 72, 74, 73, 69, 71, 71, 71, 70, 72, 71, 70, 74, 73, 70,
    73, 72, 72, 73, 73, 69, 71, 73, 72, 69, 70, 73, 70, 70, 73, 69, 70,
    73 ]
