%YAML:1.0
---
videoName: "headLookLeft3.mp4"
gestureLabel: 203
fps: 29
pixelSizeInCmTemp: 3.4214285714285714e-01
faceCenterPointX: 290
faceCenterPointY: 74
headPositionsX: [ 288, 262, 262, 265, 265, 263, 268, 270, 268, 271, 273,
    272, 275, 276, 279, 281, 286, 285, 288, 288, 287, 289, 291, 292, 288,
    290, 294, 290, 287, 282, 288, 291, 292, 292, 285, 288, 283, 293, 289,
    289, 287, 288, 290, 295, 288, 288, 289, 289, 292, 286, 292, 292, 290,
    289, 287, 288, 288, 288, 290, 293, 291, 288, 289, 288, 287, 285, 289,
    287, 287, 288, 286, 288, 286, 284, 284, 288, 287, 288, 289, 285, 286,
    288, 289, 285, 286, 284, 289, 290, 287, 287, 287, 284, 289, 289, 288,
    285, 287, 286, 289, 286 ]
headPositionsY: [ 76, 77, 77, 77, 79, 77, 79, 80, 76, 78, 77, 76, 76, 74,
    77, 72, 73, 76, 74, 73, 72, 72, 73, 75, 70, 73, 75, 77, 75, 74, 73,
    74, 75, 77, 76, 73, 73, 75, 73, 75, 71, 71, 73, 74, 74, 75, 72, 72,
    75, 75, 74, 71, 75, 76, 73, 73, 73, 74, 72, 74, 75, 72, 72, 73, 74,
    72, 72, 72, 75, 72, 75, 72, 73, 74, 73, 76, 73, 76, 76, 75, 73, 73,
    75, 72, 72, 72, 74, 72, 74, 73, 75, 74, 75, 77, 76, 77, 73, 72, 72,
    72 ]
