%YAML:1.0
---
videoName: "headNod14.mp4"
gestureLabel: 202
fps: 29
pixelSizeInCmTemp: 3.2808219178082193e-01
faceCenterPointX: 257
faceCenterPointY: 71
headPositionsX: [ 255, 257, 257, 257, 259, 256, 258, 260, 257, 260, 261,
    257, 257, 256, 260, 256, 259, 259, 257, 257, 258, 257, 259, 257, 258,
    257, 261, 259, 261, 260, 259, 257, 261, 259, 256, 259, 260, 259, 257,
    259, 261, 258, 259, 259, 261, 259, 260, 261, 257, 261, 260, 257, 257,
    258, 256, 257, 259, 256, 257, 260, 258, 257, 259, 261, 257, 260, 257,
    261, 257, 257, 260, 259, 259, 259, 256, 256, 259, 256, 259, 260, 256,
    258, 256, 258, 256, 259, 256, 257, 258, 255, 255, 256, 258, 258, 257,
    259, 257, 258, 259, 256 ]
headPositionsY: [ 69, 76, 77, 78, 78, 77, 77, 76, 77, 78, 78, 78, 77, 76,
    77, 78, 78, 78, 77, 76, 76, 77, 79, 79, 75, 77, 77, 75, 77, 79, 77,
    79, 79, 80, 76, 78, 78, 80, 79, 74, 72, 72, 70, 69, 68, 68, 69, 72,
    73, 75, 75, 78, 80, 82, 82, 79, 80, 81, 75, 74, 72, 71, 67, 70, 69,
    69, 72, 76, 76, 82, 79, 81, 81, 77, 76, 70, 72, 69, 69, 68, 71, 71,
    74, 78, 80, 82, 82, 77, 76, 75, 73, 71, 68, 70, 68, 71, 69, 71, 73,
    72 ]
