%YAML:1.0
---
videoName: "headLookRight5.mp4"
gestureLabel: 204
fps: 29
pixelSizeInCmTemp: 3.1513157894736843e-01
faceCenterPointX: 228
faceCenterPointY: 76
headPositionsX: [ 228, 250, 251, 252, 251, 250, 248, 250, 247, 251, 249,
    249, 248, 248, 252, 251, 250, 250, 249, 250, 249, 250, 249, 251, 250,
    251, 251, 250, 252, 249, 246, 248, 249, 247, 242, 243, 237, 235, 233,
    229, 230, 230, 224, 224, 224, 227, 226, 226, 227, 226, 227, 228, 220,
    228, 225, 228, 223, 226, 224, 225, 225, 220, 227, 225, 227, 226, 224,
    224, 226, 229, 226, 221, 223, 228, 227, 224, 228, 228, 228, 226, 225,
    224, 224, 226, 224, 228, 229, 223, 224, 224, 224, 225, 222, 227, 225,
    225, 226, 223, 227, 226 ]
headPositionsY: [ 78, 75, 72, 75, 75, 77, 76, 74, 76, 76, 72, 76, 73, 73,
    74, 72, 77, 75, 74, 75, 73, 72, 73, 75, 75, 77, 77, 74, 75, 74, 73,
    74, 75, 76, 77, 74, 72, 73, 74, 75, 75, 72, 72, 77, 74, 77, 75, 72,
    73, 76, 71, 75, 72, 77, 73, 74, 74, 73, 74, 74, 78, 73, 76, 76, 77,
    73, 73, 75, 72, 75, 75, 73, 72, 74, 71, 73, 71, 74, 72, 70, 77, 73,
    76, 77, 73, 74, 76, 74, 72, 74, 75, 74, 75, 74, 74, 72, 74, 72, 75,
    73 ]
