%YAML:1.0
---
videoName: "headLookDown2.mp4"
gestureLabel: 206
fps: 29
pixelSizeInCmTemp: 3.3732394366197183e-01
faceCenterPointX: 274
faceCenterPointY: 95
headPositionsX: [ 275, 276, 274, 274, 274, 272, 271, 274, 275, 272, 271,
    276, 272, 272, 273, 272, 274, 276, 273, 275, 273, 272, 274, 273, 273,
    275, 274, 274, 272, 272, 272, 275, 274, 274, 276, 272, 273, 275, 275,
    274, 275, 273, 276, 275, 277, 274, 275, 274, 274, 275, 273, 273, 272,
    273, 273, 272, 273, 275, 276, 273, 273, 274, 272, 273, 274, 276, 273,
    273, 276, 274, 275, 274, 277, 275, 273, 278, 277, 274, 275, 274, 273,
    276, 275, 276, 277, 273, 273, 276, 276, 275, 277, 276, 272, 274, 272,
    273, 273, 273, 273, 277 ]
headPositionsY: [ 95, 80, 81, 79, 81, 80, 79, 77, 79, 79, 79, 78, 80, 79,
    77, 79, 80, 81, 81, 81, 78, 81, 81, 77, 82, 77, 80, 81, 80, 80, 77,
    80, 82, 82, 79, 80, 82, 82, 83, 87, 85, 90, 88, 93, 91, 93, 94, 93,
    94, 94, 95, 93, 96, 96, 95, 94, 93, 95, 93, 92, 97, 94, 96, 94, 96,
    94, 94, 96, 93, 93, 95, 95, 96, 94, 97, 94, 93, 93, 93, 97, 97, 97,
    94, 95, 97, 93, 94, 93, 94, 97, 98, 94, 93, 94, 94, 95, 98, 95, 97,
    98 ]
