%YAML:1.0
---
videoName: "headLookUp4.mp4"
gestureLabel: 205
fps: 30
pixelSizeInCmTemp: 3.6846153846153845e-01
faceCenterPointX: 256
faceCenterPointY: 68
headPositionsX: [ 257, 258, 257, 258, 254, 254, 256, 257, 258, 258, 255,
    256, 255, 255, 256, 257, 258, 257, 256, 257, 257, 255, 254, 255, 255,
    254, 255, 256, 256, 255, 255, 255, 257, 256, 255, 255, 255, 257, 255,
    253, 253, 256, 257, 253, 257, 256, 255, 254, 256, 255, 257, 258, 255,
    258, 257, 255, 257, 254, 256, 255, 254, 254, 257, 255, 256, 258, 254,
    258, 254, 257, 257, 257, 256, 257, 255, 256, 253, 258, 257, 256, 256,
    254, 257, 258, 257, 254, 256, 254, 258, 255, 255, 256, 257, 253, 256,
    256, 254, 256, 257, 255 ]
headPositionsY: [ 70, 82, 80, 83, 82, 80, 81, 82, 81, 81, 81, 80, 82, 82,
    81, 83, 80, 80, 82, 80, 82, 83, 80, 78, 77, 76, 75, 73, 75, 71, 68,
    69, 71, 71, 68, 68, 68, 70, 72, 71, 66, 69, 68, 67, 67, 67, 71, 70,
    67, 66, 71, 68, 68, 71, 71, 71, 66, 72, 69, 72, 68, 67, 66, 66, 72,
    72, 72, 72, 71, 68, 71, 67, 67, 70, 69, 67, 69, 69, 65, 66, 70, 69,
    68, 67, 70, 68, 71, 68, 71, 70, 68, 70, 68, 66, 71, 68, 69, 68, 69,
    72 ]
