%YAML:1.0
---
videoName: "headNod41.mp4"
gestureLabel: 202
fps: 29
pixelSizeInCmTemp: 2.9937500000000000e-01
faceCenterPointX: 267
faceCenterPointY: 76
headPositionsX: [ 268, 269, 269, 272, 269, 270, 269, 272, 270, 272, 272,
    271, 270, 271, 268, 269, 268, 270, 273, 273, 270, 271, 270, 270, 271,
    267, 270, 270, 269, 268, 272, 268, 271, 270, 269, 269, 269, 272, 271,
    268, 271, 272, 268, 268, 269, 269, 270, 269, 267, 266, 266, 271, 268,
    270, 270, 270, 267, 267, 268, 267, 269, 266, 269, 268, 268, 268, 267,
    268, 267, 268, 266, 267, 269, 268, 270, 267, 269, 265, 265, 268, 269,
    265, 266, 265, 267, 269, 265, 267, 266, 269, 266, 267, 268, 269, 269,
    269, 270, 267, 266, 266 ]
headPositionsY: [ 77, 72, 73, 73, 73, 73, 75, 75, 71, 71, 72, 75, 73, 72,
    74, 74, 74, 74, 75, 76, 72, 73, 76, 73, 73, 74, 73, 76, 74, 75, 72,
    73, 73, 75, 73, 74, 76, 73, 75, 76, 78, 81, 88, 90, 91, 90, 92, 86,
    83, 80, 76, 71, 70, 64, 65, 68, 64, 67, 72, 78, 81, 87, 93, 92, 91,
    91, 85, 82, 76, 76, 74, 70, 72, 71, 73, 76, 80, 84, 82, 83, 80, 81,
    77, 74, 72, 72, 73, 72, 73, 73, 79, 79, 79, 82, 79, 76, 76, 76, 75,
    75 ]
