%YAML:1.0
---
videoName: "headShake45.mp4"
gestureLabel: 201
fps: 30
pixelSizeInCmTemp: 3.3263888888888887e-01
faceCenterPointX: 262
faceCenterPointY: 84
headPositionsX: [ 264, 263, 260, 261, 261, 263, 263, 260, 262, 262, 262,
    264, 264, 262, 262, 260, 265, 261, 262, 264, 261, 262, 261, 261, 261,
    262, 263, 261, 262, 264, 260, 260, 261, 262, 264, 262, 261, 258, 259,
    259, 253, 255, 261, 264, 272, 273, 277, 283, 281, 279, 272, 265, 262,
    257, 252, 255, 256, 263, 267, 269, 273, 275, 274, 270, 262, 261, 255,
    256, 257, 262, 265, 269, 270, 273, 273, 270, 265, 262, 257, 257, 259,
    258, 259, 261, 262, 264, 264, 259, 258, 261, 259, 261, 263, 261, 262,
    263, 262, 260, 262, 262 ]
headPositionsY: [ 82, 79, 80, 82, 82, 80, 81, 79, 84, 84, 80, 82, 83, 84,
    82, 83, 82, 83, 82, 81, 83, 83, 82, 82, 80, 80, 84, 83, 80, 80, 83,
    85, 83, 84, 80, 81, 82, 82, 81, 84, 81, 82, 84, 83, 84, 80, 80, 80,
    79, 79, 82, 83, 83, 83, 83, 86, 82, 85, 80, 82, 81, 84, 79, 84, 83,
    81, 82, 83, 82, 82, 84, 81, 83, 81, 83, 81, 82, 86, 80, 80, 83, 82,
    85, 84, 85, 81, 83, 85, 85, 81, 83, 83, 85, 81, 83, 81, 82, 81, 81,
    81 ]
