%YAML:1.0
---
videoName: "headNod11.mp4"
gestureLabel: 202
fps: 29
pixelSizeInCmTemp: 3.2364864864864862e-01
faceCenterPointX: 261
faceCenterPointY: 75
headPositionsX: [ 259, 260, 259, 259, 258, 261, 258, 258, 260, 259, 260,
    257, 260, 261, 260, 257, 257, 258, 259, 261, 260, 260, 262, 260, 259,
    263, 261, 259, 258, 259, 261, 259, 259, 257, 260, 259, 263, 258, 262,
    262, 261, 259, 262, 261, 260, 258, 261, 259, 262, 263, 260, 262, 262,
    262, 261, 262, 263, 262, 261, 259, 261, 261, 261, 257, 259, 257, 259,
    260, 255, 259, 259, 255, 256, 257, 256, 257, 255, 258, 257, 259, 258,
    260, 258, 261, 260, 261, 257, 260, 261, 260, 259, 261, 260, 257, 262,
    261, 260, 261, 262, 259 ]
headPositionsY: [ 76, 74, 75, 73, 76, 76, 73, 74, 73, 73, 76, 73, 73, 73,
    76, 76, 74, 75, 72, 74, 72, 72, 75, 74, 75, 75, 74, 77, 76, 78, 76,
    77, 73, 75, 77, 75, 77, 77, 76, 77, 76, 77, 77, 75, 77, 75, 75, 75,
    71, 70, 70, 68, 70, 67, 69, 69, 72, 76, 78, 82, 80, 78, 79, 73, 73,
    70, 68, 68, 68, 74, 75, 75, 77, 80, 82, 81, 80, 79, 74, 73, 73, 70,
    72, 73, 74, 76, 80, 82, 79, 78, 78, 77, 76, 76, 75, 75, 75, 74, 74,
    77 ]
