%YAML:1.0
---
videoName: "headShake37.mp4"
gestureLabel: 201
fps: 30
pixelSizeInCmTemp: 3.1933333333333330e-01
faceCenterPointX: 263
faceCenterPointY: 83
headPositionsX: [ 261, 261, 261, 262, 259, 260, 261, 262, 263, 262, 264,
    264, 264, 260, 264, 264, 263, 263, 263, 263, 264, 265, 263, 261, 262,
    262, 260, 263, 261, 264, 263, 261, 261, 261, 260, 265, 262, 262, 265,
    261, 262, 264, 261, 263, 261, 259, 260, 266, 266, 271, 273, 275, 279,
    279, 280, 279, 269, 266, 259, 255, 252, 252, 253, 260, 264, 270, 271,
    273, 273, 274, 270, 264, 263, 258, 253, 252, 252, 253, 258, 256, 257,
    259, 264, 263, 264, 268, 268, 264, 267, 265, 266, 264, 262, 266, 261,
    261, 262, 265, 263, 265 ]
headPositionsY: [ 85, 83, 82, 86, 81, 85, 83, 82, 84, 81, 85, 83, 84, 84,
    85, 84, 83, 80, 85, 84, 83, 83, 84, 83, 86, 85, 83, 82, 81, 83, 81,
    83, 85, 85, 82, 83, 85, 82, 84, 84, 81, 84, 82, 84, 83, 85, 84, 82,
    82, 83, 83, 80, 79, 82, 82, 81, 83, 85, 84, 80, 80, 83, 82, 80, 82,
    82, 80, 80, 80, 82, 81, 83, 85, 81, 83, 83, 84, 82, 84, 82, 85, 83,
    81, 83, 85, 81, 81, 84, 84, 85, 84, 82, 83, 84, 84, 85, 85, 81, 84,
    82 ]
