%YAML:1.0
---
videoName: "headShake20.mp4"
gestureLabel: 201
fps: 29
pixelSizeInCmTemp: 3.3263888888888887e-01
faceCenterPointX: 242
faceCenterPointY: 78
headPositionsX: [ 240, 243, 246, 246, 244, 243, 244, 241, 246, 242, 244,
    244, 243, 242, 244, 243, 244, 242, 244, 244, 242, 242, 243, 244, 243,
    245, 241, 242, 241, 241, 241, 242, 245, 245, 242, 243, 242, 240, 244,
    246, 245, 253, 255, 258, 259, 258, 259, 255, 249, 245, 235, 236, 229,
    229, 230, 235, 236, 245, 247, 252, 253, 254, 248, 246, 242, 239, 233,
    233, 232, 231, 234, 238, 243, 242, 246, 244, 244, 244, 244, 243, 238,
    241, 239, 239, 243, 240, 246, 242, 241, 246, 243, 246, 242, 245, 242,
    245, 240, 240, 242, 239 ]
headPositionsY: [ 80, 75, 76, 76, 77, 74, 78, 77, 76, 75, 76, 78, 75, 75,
    76, 77, 78, 76, 75, 77, 77, 75, 78, 78, 77, 74, 75, 75, 78, 78, 75,
    78, 78, 76, 76, 76, 76, 78, 79, 75, 74, 77, 73, 76, 72, 74, 73, 75,
    80, 78, 78, 75, 77, 73, 74, 78, 78, 76, 75, 75, 75, 75, 76, 76, 76,
    76, 76, 77, 78, 76, 79, 78, 78, 77, 76, 77, 77, 75, 77, 76, 76, 79,
    78, 77, 78, 79, 75, 76, 77, 80, 78, 79, 77, 77, 76, 76, 75, 78, 78,
    75 ]
