%YAML:1.0
---
videoName: "headLookRight7.mp4"
gestureLabel: 204
fps: 30
pixelSizeInCmTemp: 3.4710144927536229e-01
faceCenterPointX: 226
faceCenterPointY: 74
headPositionsX: [ 225, 252, 251, 250, 249, 250, 247, 250, 249, 248, 250,
    250, 251, 247, 249, 250, 248, 248, 250, 249, 247, 249, 249, 249, 248,
    251, 246, 248, 248, 246, 242, 244, 239, 238, 234, 230, 232, 228, 230,
    227, 228, 223, 224, 224, 221, 220, 222, 224, 225, 223, 223, 223, 224,
    224, 224, 223, 223, 222, 223, 225, 223, 222, 224, 221, 222, 226, 223,
    221, 221, 226, 221, 225, 223, 225, 225, 226, 225, 222, 226, 223, 220,
    224, 224, 222, 222, 223, 227, 226, 225, 224, 226, 224, 220, 222, 227,
    223, 222, 224, 223, 226 ]
headPositionsY: [ 74, 74, 72, 76, 75, 76, 77, 75, 72, 75, 75, 76, 73, 75,
    73, 74, 73, 76, 74, 74, 76, 74, 75, 77, 74, 75, 77, 76, 77, 75, 76,
    75, 73, 76, 77, 74, 74, 76, 73, 75, 71, 73, 72, 73, 73, 73, 76, 72,
    72, 76, 75, 75, 76, 75, 73, 75, 75, 71, 76, 73, 75, 74, 71, 74, 75,
    72, 73, 72, 71, 74, 79, 75, 74, 74, 73, 72, 76, 74, 75, 71, 75, 78,
    73, 78, 74, 76, 76, 74, 74, 75, 74, 75, 77, 74, 71, 75, 74, 73, 75,
    73 ]
