%YAML:1.0
---
videoName: "headLookLeft4.mp4"
gestureLabel: 203
fps: 29
pixelSizeInCmTemp: 3.4710144927536229e-01
faceCenterPointX: 288
faceCenterPointY: 74
headPositionsX: [ 288, 263, 266, 264, 268, 264, 267, 270, 271, 274, 275,
    281, 282, 286, 288, 291, 295, 294, 295, 297, 295, 295, 296, 297, 289,
    296, 293, 297, 296, 295, 294, 294, 294, 293, 290, 296, 293, 295, 296,
    291, 291, 288, 293, 296, 294, 290, 288, 293, 289, 292, 290, 291, 290,
    289, 289, 288, 291, 292, 288, 288, 289, 291, 293, 289, 290, 290, 289,
    289, 289, 291, 289, 289, 289, 293, 290, 290, 292, 289, 294, 289, 293,
    290, 293, 294, 289, 293, 288, 288, 294, 291, 291, 290, 289, 288, 291,
    287, 288, 289, 286, 288 ]
headPositionsY: [ 75, 81, 81, 78, 81, 81, 81, 79, 80, 78, 76, 76, 77, 78,
    76, 75, 78, 78, 74, 79, 76, 79, 77, 75, 75, 76, 78, 81, 76, 75, 75,
    77, 78, 74, 73, 73, 82, 72, 75, 74, 78, 76, 73, 77, 76, 74, 74, 76,
    73, 75, 74, 76, 71, 75, 72, 74, 75, 77, 75, 75, 74, 76, 75, 72, 73,
    77, 74, 75, 75, 72, 72, 74, 77, 74, 74, 74, 78, 74, 78, 76, 74, 74,
    75, 75, 75, 73, 72, 75, 76, 77, 76, 73, 74, 74, 76, 75, 73, 73, 74,
    73 ]
