%YAML:1.0
---
videoName: "headLookLeft2.mp4"
gestureLabel: 203
fps: 29
pixelSizeInCmTemp: 3.6846153846153845e-01
faceCenterPointX: 278
faceCenterPointY: 74
headPositionsX: [ 277, 258, 258, 258, 257, 260, 259, 260, 261, 257, 260,
    261, 258, 259, 262, 262, 258, 259, 260, 262, 264, 266, 267, 269, 269,
    271, 271, 275, 272, 275, 276, 278, 275, 281, 280, 280, 279, 280, 278,
    278, 280, 280, 280, 280, 278, 281, 279, 281, 283, 280, 281, 284, 284,
    281, 280, 280, 281, 270, 277, 279, 281, 277, 279, 278, 278, 280, 278,
    281, 279, 281, 282, 283, 281, 276, 275, 281, 278, 278, 276, 283, 280,
    278, 280, 281, 284, 280, 282, 281, 276, 284, 280, 281, 282, 279, 279,
    281, 279, 281, 289, 281 ]
headPositionsY: [ 74, 72, 76, 76, 77, 73, 78, 74, 75, 77, 76, 76, 75, 77,
    76, 77, 75, 73, 75, 77, 77, 75, 75, 76, 77, 77, 76, 76, 77, 72, 74,
    73, 71, 72, 74, 76, 73, 72, 75, 73, 72, 74, 76, 72, 73, 76, 77, 76,
    74, 75, 73, 78, 76, 76, 75, 74, 76, 73, 73, 74, 74, 73, 74, 75, 75,
    72, 73, 75, 75, 73, 73, 75, 76, 71, 75, 74, 73, 75, 72, 76, 75, 74,
    73, 76, 77, 72, 75, 73, 74, 74, 73, 73, 76, 74, 75, 72, 74, 73, 76,
    74 ]
