%YAML:1.0
---
videoName: "headShake15.mp4"
gestureLabel: 201
fps: 29
pixelSizeInCmTemp: 3.3263888888888887e-01
faceCenterPointX: 243
faceCenterPointY: 76
headPositionsX: [ 241, 245, 243, 242, 245, 245, 244, 246, 242, 245, 244,
    244, 244, 246, 241, 243, 241, 242, 243, 242, 242, 242, 245, 244, 242,
    245, 241, 243, 245, 240, 242, 242, 243, 243, 241, 241, 245, 243, 241,
    245, 245, 243, 243, 244, 244, 242, 244, 240, 242, 242, 245, 243, 240,
    242, 240, 241, 243, 245, 242, 241, 241, 244, 246, 247, 250, 255, 254,
    259, 259, 258, 258, 252, 248, 249, 242, 237, 238, 234, 235, 241, 240,
    241, 242, 246, 245, 244, 248, 245, 244, 245, 244, 241, 242, 244, 244,
    240, 241, 242, 241, 244 ]
headPositionsY: [ 78, 75, 76, 77, 76, 73, 75, 74, 75, 74, 76, 76, 75, 75,
    74, 73, 72, 73, 75, 72, 76, 73, 74, 76, 75, 76, 73, 73, 75, 74, 75,
    74, 73, 75, 74, 76, 78, 75, 76, 72, 75, 73, 73, 75, 77, 77, 74, 76,
    74, 73, 77, 75, 78, 75, 77, 77, 75, 74, 74, 74, 77, 73, 79, 74, 76,
    74, 71, 76, 74, 77, 75, 76, 74, 75, 78, 77, 79, 73, 75, 79, 77, 79,
    77, 78, 77, 76, 77, 76, 77, 75, 78, 76, 76, 75, 75, 78, 77, 78, 74,
    75 ]
