%YAML:1.0
---
videoName: "headNod21.mp4"
gestureLabel: 202
fps: 29
pixelSizeInCmTemp: 3.2808219178082193e-01
faceCenterPointX: 253
faceCenterPointY: 78
headPositionsX: [ 255, 254, 256, 253, 257, 255, 257, 257, 256, 256, 253,
    253, 254, 256, 255, 253, 254, 253, 252, 253, 256, 255, 257, 257, 253,
    257, 253, 256, 258, 253, 258, 256, 255, 255, 255, 256, 255, 257, 258,
    254, 254, 257, 258, 257, 254, 256, 253, 255, 255, 256, 253, 254, 256,
    255, 256, 253, 255, 252, 255, 251, 256, 254, 253, 253, 250, 252, 250,
    251, 253, 252, 252, 250, 253, 250, 252, 250, 250, 249, 247, 249, 250,
    249, 252, 249, 252, 249, 254, 253, 255, 252, 253, 252, 253, 252, 254,
    256, 255, 252, 252, 256 ]
headPositionsY: [ 76, 78, 80, 78, 80, 78, 80, 76, 80, 79, 78, 76, 79, 78,
    78, 78, 77, 78, 80, 79, 78, 80, 80, 79, 80, 81, 81, 79, 79, 83, 84,
    85, 84, 82, 78, 76, 74, 76, 77, 80, 80, 80, 83, 86, 84, 80, 78, 78,
    79, 78, 78, 84, 84, 84, 83, 81, 80, 76, 76, 79, 78, 81, 84, 81, 82,
    82, 81, 77, 79, 75, 74, 79, 80, 78, 84, 84, 83, 81, 81, 79, 78, 77,
    75, 79, 77, 77, 78, 77, 81, 79, 77, 76, 77, 81, 79, 79, 80, 79, 78,
    79 ]
