%YAML:1.0
---
videoName: "headLookUp9.mp4"
gestureLabel: 205
fps: 29
pixelSizeInCmTemp: 3.3732394366197183e-01
faceCenterPointX: 251
faceCenterPointY: 57
headPositionsX: [ 253, 250, 251, 250, 249, 252, 250, 249, 249, 254, 251,
    251, 252, 250, 254, 251, 250, 250, 251, 253, 254, 250, 251, 253, 250,
    251, 250, 251, 253, 253, 251, 252, 250, 251, 251, 251, 250, 253, 253,
    253, 253, 251, 250, 252, 251, 251, 251, 253, 253, 251, 252, 250, 249,
    250, 252, 251, 249, 250, 250, 250, 252, 251, 251, 249, 252, 250, 252,
    251, 253, 251, 250, 250, 254, 252, 250, 252, 250, 251, 253, 249, 251,
    252, 250, 252, 249, 249, 253, 251, 251, 250, 252, 252, 250, 251, 251,
    249, 251, 249, 254, 252 ]
headPositionsY: [ 58, 74, 75, 74, 73, 76, 75, 74, 74, 76, 72, 74, 76, 76,
    77, 76, 75, 74, 75, 75, 74, 76, 74, 75, 75, 72, 73, 75, 73, 74, 74,
    72, 73, 69, 70, 66, 66, 67, 69, 68, 66, 66, 63, 63, 59, 58, 60, 60,
    61, 61, 57, 59, 61, 60, 56, 58, 60, 60, 55, 56, 58, 58, 55, 60, 57,
    58, 59, 56, 57, 58, 58, 58, 57, 57, 55, 57, 58, 56, 56, 55, 58, 56,
    57, 58, 55, 56, 55, 55, 56, 59, 58, 55, 59, 59, 59, 58, 56, 54, 57,
    56 ]
