%YAML:1.0
---
videoName: "headLookUp7.mp4"
gestureLabel: 205
fps: 29
pixelSizeInCmTemp: 3.6846153846153845e-01
faceCenterPointX: 257
faceCenterPointY: 70
headPositionsX: [ 256, 256, 257, 255, 254, 258, 254, 254, 256, 254, 258,
    257, 254, 258, 256, 255, 258, 257, 259, 257, 256, 255, 256, 254, 256,
    257, 255, 257, 255, 256, 254, 255, 259, 254, 257, 253, 259, 256, 257,
    257, 254, 254, 257, 256, 256, 253, 258, 259, 255, 256, 255, 258, 254,
    255, 258, 255, 256, 255, 253, 256, 258, 258, 254, 257, 256, 259, 254,
    259, 255, 256, 259, 256, 256, 255, 257, 259, 257, 257, 258, 256, 256,
    257, 257, 255, 257, 258, 254, 258, 255, 256, 254, 255, 259, 257, 257,
    257, 257, 258, 258, 256 ]
headPositionsY: [ 69, 83, 84, 81, 82, 82, 83, 83, 81, 81, 83, 81, 84, 81,
    84, 85, 83, 82, 79, 79, 82, 80, 78, 77, 72, 72, 74, 69, 71, 69, 68,
    69, 69, 69, 68, 70, 69, 67, 71, 69, 68, 68, 67, 65, 68, 68, 68, 70,
    67, 67, 66, 69, 71, 70, 68, 69, 66, 69, 66, 69, 68, 70, 66, 72, 66,
    68, 66, 71, 70, 71, 69, 67, 70, 71, 69, 69, 69, 72, 68, 68, 70, 71,
    67, 68, 66, 69, 66, 72, 69, 70, 66, 67, 70, 70, 68, 68, 69, 68, 70,
    67 ]
