%YAML:1.0
---
videoName: "headNod13.mp4"
gestureLabel: 202
fps: 29
pixelSizeInCmTemp: 3.2364864864864862e-01
faceCenterPointX: 253
faceCenterPointY: 79
headPositionsX: [ 252, 251, 254, 251, 251, 252, 255, 255, 251, 252, 252,
    253, 256, 257, 256, 255, 256, 257, 254, 255, 253, 256, 253, 255, 255,
    252, 253, 252, 251, 253, 254, 254, 252, 253, 256, 255, 254, 254, 253,
    252, 252, 252, 250, 252, 252, 255, 253, 255, 255, 254, 254, 256, 255,
    254, 254, 254, 253, 253, 256, 252, 255, 256, 252, 252, 254, 251, 254,
    253, 255, 253, 253, 256, 256, 253, 255, 253, 256, 253, 253, 254, 252,
    255, 255, 253, 252, 253, 253, 257, 252, 257, 257, 254, 255, 252, 252,
    253, 253, 255, 253, 253 ]
headPositionsY: [ 78, 71, 73, 73, 71, 73, 75, 75, 74, 73, 71, 71, 75, 75,
    75, 74, 76, 73, 73, 76, 72, 76, 75, 75, 73, 73, 76, 74, 72, 73, 74,
    76, 74, 72, 75, 75, 75, 76, 73, 73, 75, 75, 76, 73, 74, 76, 73, 74,
    75, 71, 71, 71, 70, 68, 69, 68, 70, 74, 78, 76, 77, 78, 78, 75, 71,
    69, 71, 68, 69, 71, 70, 72, 74, 75, 80, 81, 81, 80, 75, 76, 74, 71,
    75, 70, 74, 78, 75, 79, 77, 82, 79, 81, 78, 80, 78, 79, 79, 76, 78,
    76 ]
