%YAML:1.0
---
videoName: "headShake37.mp4"
gestureLabel: 201
fps: 30
pixelSizeInCmTemp: 3.1933333333333330e-01
faceCenterPointX: 263
faceCenterPointY: 83
headPositionsX: [ 265, 258, 261, 261, 261, 261, 261, 262, 263, 260, 261,
    263, 260, 262, 263, 261, 261, 262, 261, 260, 262, 264, 263, 263, 261,
    260, 263, 263, 264, 261, 264, 260, 262, 262, 262, 263, 263, 261, 262,
    264, 264, 264, 263, 260, 262, 261, 260, 264, 267, 271, 276, 277, 281,
    283, 281, 277, 271, 266, 257, 254, 254, 253, 255, 259, 261, 270, 271,
    274, 271, 274, 268, 265, 261, 259, 256, 254, 255, 252, 254, 256, 258,
    260, 264, 265, 265, 266, 266, 267, 264, 268, 263, 264, 263, 262, 263,
    263, 262, 264, 262, 261 ]
headPositionsY: [ 84, 80, 81, 85, 83, 85, 85, 82, 81, 81, 81, 83, 84, 84,
    83, 81, 82, 84, 83, 81, 81, 82, 81, 83, 86, 81, 84, 82, 84, 80, 84,
    86, 82, 84, 81, 85, 85, 82, 84, 84, 83, 83, 84, 85, 83, 82, 81, 84,
    84, 84, 81, 78, 79, 81, 79, 84, 80, 82, 81, 84, 83, 83, 84, 83, 81,
    81, 81, 82, 81, 81, 80, 83, 82, 82, 82, 84, 82, 80, 81, 81, 81, 82,
    81, 84, 85, 81, 81, 81, 84, 82, 84, 81, 82, 84, 81, 84, 84, 84, 85,
    83 ]
