%YAML:1.0
---
videoName: "headLookDown7.mp4"
gestureLabel: 206
fps: 30
pixelSizeInCmTemp: 3.3732394366197183e-01
faceCenterPointX: 274
faceCenterPointY: 95
headPositionsX: [ 275, 272, 272, 274, 273, 271, 274, 271, 273, 272, 271,
    272, 274, 271, 272, 273, 275, 273, 275, 273, 272, 274, 276, 272, 276,
    276, 273, 274, 275, 276, 274, 274, 273, 275, 275, 273, 275, 273, 275,
    275, 275, 271, 274, 273, 275, 272, 273, 276, 272, 276, 275, 275, 274,
    272, 274, 274, 274, 276, 273, 274, 276, 273, 274, 276, 273, 276, 273,
    273, 275, 273, 274, 275, 275, 275, 272, 271, 274, 273, 275, 275, 273,
    274, 273, 277, 277, 273, 275, 276, 276, 275, 273, 273, 275, 274, 277,
    274, 276, 274, 273, 277 ]
headPositionsY: [ 95, 83, 81, 83, 80, 80, 83, 80, 80, 85, 83, 84, 85, 80,
    80, 81, 84, 83, 84, 85, 80, 82, 81, 80, 85, 84, 85, 82, 82, 82, 84,
    84, 81, 81, 80, 81, 83, 85, 84, 81, 84, 81, 82, 84, 81, 82, 81, 85,
    82, 83, 83, 87, 85, 88, 86, 87, 90, 91, 90, 93, 94, 96, 93, 95, 94,
    94, 96, 93, 93, 94, 96, 95, 96, 94, 96, 93, 97, 95, 94, 98, 98, 95,
    96, 98, 97, 93, 95, 94, 95, 97, 95, 94, 99, 98, 98, 96, 95, 96, 93,
    94 ]
