%YAML:1.0
---
videoName: "headLookDown2.mp4"
gestureLabel: 206
fps: 29
pixelSizeInCmTemp: 3.3732394366197183e-01
faceCenterPointX: 274
faceCenterPointY: 95
headPositionsX: [ 274, 273, 272, 272, 275, 272, 271, 272, 272, 273, 275,
    273, 275, 273, 272, 272, 273, 273, 273, 273, 272, 273, 271, 275, 273,
    273, 273, 272, 275, 274, 273, 273, 276, 271, 275, 273, 276, 273, 273,
    273, 274, 276, 272, 276, 274, 275, 272, 276, 275, 273, 272, 271, 274,
    276, 271, 272, 275, 273, 273, 275, 276, 275, 274, 275, 276, 276, 273,
    272, 274, 275, 272, 275, 274, 275, 274, 278, 273, 276, 277, 274, 273,
    276, 275, 277, 276, 275, 275, 273, 274, 273, 274, 277, 272, 275, 273,
    276, 273, 274, 275, 274 ]
headPositionsY: [ 95, 81, 78, 77, 78, 77, 76, 79, 79, 79, 77, 80, 81, 80,
    80, 77, 81, 79, 81, 77, 77, 80, 81, 81, 81, 81, 79, 78, 79, 81, 79,
    78, 80, 81, 83, 82, 80, 86, 85, 88, 86, 90, 92, 91, 94, 93, 92, 92,
    94, 95, 92, 93, 95, 92, 95, 93, 94, 94, 96, 94, 97, 96, 92, 97, 93,
    93, 96, 95, 96, 93, 96, 95, 93, 97, 94, 95, 95, 95, 97, 93, 95, 94,
    96, 95, 93, 94, 96, 93, 94, 93, 97, 98, 93, 98, 95, 97, 97, 95, 95,
    96 ]
