%YAML:1.0
---
videoName: "headNod17.mp4"
gestureLabel: 202
fps: 30
pixelSizeInCmTemp: 3.2808219178082193e-01
faceCenterPointX: 253
faceCenterPointY: 76
headPositionsX: [ 252, 257, 257, 257, 257, 257, 255, 253, 256, 256, 256,
    254, 257, 257, 257, 253, 257, 254, 257, 255, 254, 257, 254, 256, 256,
    257, 254, 258, 255, 254, 255, 256, 257, 258, 255, 255, 256, 255, 255,
    256, 252, 251, 255, 255, 255, 254, 251, 255, 251, 252, 251, 254, 256,
    254, 257, 254, 257, 255, 254, 255, 256, 253, 253, 254, 255, 253, 254,
    256, 256, 252, 252, 254, 256, 254, 255, 252, 253, 256, 255, 256, 255,
    254, 254, 254, 255, 256, 255, 253, 254, 255, 255, 253, 255, 255, 254,
    252, 254, 256, 253, 256 ]
headPositionsY: [ 77, 79, 76, 75, 79, 76, 77, 78, 78, 79, 75, 76, 77, 80,
    79, 79, 77, 78, 80, 79, 77, 77, 75, 75, 71, 71, 70, 70, 70, 68, 68,
    64, 66, 70, 68, 71, 73, 74, 74, 80, 80, 81, 83, 86, 86, 87, 85, 85,
    83, 77, 79, 77, 74, 70, 72, 71, 69, 70, 71, 72, 73, 69, 72, 75, 76,
    79, 80, 82, 79, 78, 79, 79, 75, 76, 77, 80, 77, 79, 81, 76, 74, 76,
    76, 76, 78, 75, 75, 79, 80, 80, 78, 79, 75, 77, 80, 77, 79, 78, 76,
    78 ]
