%YAML:1.0
---
videoName: "headLookLeft7.mp4"
gestureLabel: 203
fps: 29
pixelSizeInCmTemp: 3.4214285714285714e-01
faceCenterPointX: 268
faceCenterPointY: 68
headPositionsX: [ 267, 245, 245, 245, 245, 243, 245, 248, 243, 243, 247,
    244, 246, 247, 244, 244, 247, 244, 243, 243, 246, 245, 247, 245, 243,
    247, 248, 247, 244, 250, 249, 250, 251, 256, 258, 258, 260, 262, 264,
    264, 265, 264, 268, 264, 264, 267, 270, 269, 269, 267, 268, 268, 267,
    266, 266, 266, 269, 268, 267, 269, 265, 271, 267, 270, 269, 266, 267,
    272, 265, 268, 269, 268, 268, 267, 266, 270, 269, 267, 264, 270, 267,
    271, 272, 268, 269, 270, 267, 271, 264, 270, 269, 268, 267, 271, 270,
    269, 268, 272, 271, 270 ]
headPositionsY: [ 67, 67, 68, 69, 71, 70, 69, 72, 67, 70, 68, 69, 70, 70,
    70, 71, 72, 70, 69, 69, 72, 71, 69, 70, 71, 71, 69, 70, 68, 72, 68,
    68, 67, 69, 68, 69, 70, 68, 67, 70, 67, 69, 66, 68, 68, 70, 67, 66,
    68, 67, 67, 69, 69, 69, 67, 67, 68, 66, 68, 70, 70, 71, 67, 72, 71,
    69, 69, 70, 67, 71, 69, 66, 70, 71, 71, 68, 68, 66, 68, 72, 65, 71,
    69, 67, 68, 70, 69, 70, 68, 72, 70, 68, 69, 67, 71, 72, 66, 66, 68,
    69 ]
