%YAML:1.0
---
videoName: "headNod6.mp4"
gestureLabel: 202
fps: 29
pixelSizeInCmTemp: 3.1513157894736843e-01
faceCenterPointX: 262
faceCenterPointY: 73
headPositionsX: [ 261, 264, 260, 264, 264, 260, 260, 260, 264, 262, 264,
    264, 261, 264, 264, 265, 261, 261, 264, 260, 262, 264, 263, 260, 264,
    261, 264, 262, 262, 262, 260, 261, 261, 264, 260, 262, 262, 262, 265,
    263, 261, 262, 261, 264, 263, 261, 262, 262, 260, 261, 262, 262, 261,
    261, 261, 262, 260, 260, 261, 260, 259, 261, 258, 260, 262, 259, 262,
    260, 262, 262, 262, 262, 259, 263, 263, 263, 259, 258, 263, 263, 261,
    260, 262, 263, 260, 259, 261, 262, 260, 260, 263, 259, 264, 262, 260,
    261, 263, 264, 262, 260 ]
headPositionsY: [ 74, 72, 72, 75, 76, 74, 74, 74, 72, 73, 75, 73, 72, 73,
    73, 74, 73, 75, 76, 73, 72, 76, 73, 73, 74, 72, 74, 72, 75, 76, 72,
    75, 72, 68, 68, 66, 66, 63, 67, 68, 70, 79, 83, 85, 84, 81, 77, 74,
    68, 69, 67, 71, 72, 74, 79, 83, 82, 79, 78, 75, 69, 68, 68, 70, 73,
    73, 77, 83, 85, 82, 81, 74, 71, 69, 65, 66, 67, 66, 69, 74, 78, 84,
    83, 84, 81, 77, 77, 71, 70, 68, 70, 67, 68, 73, 74, 74, 70, 73, 72,
    70 ]
