%YAML:1.0
---
videoName: "headShake10.mp4"
gestureLabel: 201
fps: 29
pixelSizeInCmTemp: 3.3732394366197183e-01
faceCenterPointX: 240
faceCenterPointY: 74
headPositionsX: [ 239, 246, 246, 244, 244, 246, 244, 247, 248, 246, 244,
    245, 247, 244, 246, 245, 247, 247, 245, 244, 246, 247, 245, 244, 247,
    244, 248, 247, 244, 246, 247, 248, 247, 247, 246, 248, 243, 246, 248,
    244, 244, 246, 246, 245, 246, 245, 247, 244, 243, 246, 246, 250, 250,
    253, 258, 259, 259, 259, 259, 261, 254, 253, 250, 241, 237, 234, 231,
    233, 231, 235, 236, 239, 246, 248, 252, 257, 257, 257, 257, 253, 249,
    249, 244, 246, 243, 240, 242, 241, 239, 238, 238, 239, 240, 243, 238,
    241, 241, 243, 240, 241 ]
headPositionsY: [ 75, 75, 75, 74, 71, 75, 71, 71, 72, 73, 73, 76, 72, 73,
    71, 72, 73, 72, 74, 73, 74, 71, 72, 75, 75, 70, 75, 72, 73, 72, 75,
    73, 75, 75, 74, 73, 73, 70, 74, 73, 72, 71, 75, 72, 72, 71, 70, 72,
    74, 72, 73, 72, 71, 71, 74, 71, 73, 69, 72, 73, 72, 73, 76, 72, 72,
    75, 75, 73, 71, 72, 76, 75, 72, 72, 74, 73, 73, 74, 74, 76, 73, 76,
    73, 77, 73, 73, 76, 77, 73, 74, 77, 76, 72, 76, 77, 76, 74, 76, 76,
    75 ]
