%YAML:1.0
---
videoName: "headShake4.mp4"
gestureLabel: 201
fps: 30
pixelSizeInCmTemp: 3.2364864864864862e-01
faceCenterPointX: 237
faceCenterPointY: 101
headPositionsX: [ 237, 241, 245, 249, 252, 254, 255, 252, 254, 251, 243,
    236, 233, 227, 224, 224, 227, 230, 235, 242, 248, 249, 252, 251, 249,
    247, 238, 234, 231, 223, 221, 223, 224, 230, 232, 239, 246, 248, 256,
    254, 257, 251, 247, 242, 238, 229, 229, 224, 223, 224, 229, 232, 233,
    239, 240, 248, 245, 246, 251, 248, 246, 242, 240, 239, 232, 231, 229,
    231, 228, 230, 233, 236, 233, 236, 238, 239, 241, 244, 239, 241, 241,
    238, 240, 241, 237, 237, 239, 239, 235, 240, 236, 239, 234, 237, 238,
    236, 238, 235, 235, 237 ]
headPositionsY: [ 103, 97, 98, 97, 99, 98, 100, 99, 100, 101, 98, 100,
    101, 99, 98, 99, 95, 99, 98, 98, 97, 97, 96, 97, 98, 99, 98, 99, 101,
    98, 100, 100, 100, 99, 98, 99, 98, 101, 98, 98, 99, 100, 100, 102,
    101, 98, 102, 103, 102, 98, 98, 101, 100, 101, 99, 101, 97, 98, 101,
    98, 98, 99, 102, 103, 101, 99, 101, 98, 98, 98, 98, 99, 97, 101, 101,
    102, 100, 99, 99, 100, 101, 101, 102, 101, 101, 99, 101, 99, 101,
    103, 99, 99, 100, 101, 102, 99, 99, 102, 99, 98 ]
