%YAML:1.0
---
videoName: "headLookUp4.mp4"
gestureLabel: 205
fps: 30
pixelSizeInCmTemp: 3.6846153846153845e-01
faceCenterPointX: 256
faceCenterPointY: 68
headPositionsX: [ 257, 254, 257, 256, 256, 257, 258, 258, 258, 254, 258,
    259, 259, 258, 258, 257, 256, 255, 258, 254, 256, 254, 257, 256, 255,
    258, 258, 254, 257, 257, 256, 258, 255, 253, 258, 256, 254, 257, 257,
    256, 255, 255, 254, 255, 255, 256, 256, 257, 256, 254, 255, 257, 258,
    254, 257, 254, 258, 254, 255, 257, 257, 253, 255, 255, 254, 255, 254,
    254, 258, 257, 258, 258, 258, 256, 257, 258, 253, 257, 256, 253, 255,
    255, 253, 255, 254, 255, 257, 254, 256, 257, 259, 258, 256, 253, 259,
    255, 254, 257, 253, 257 ]
headPositionsY: [ 70, 83, 80, 81, 84, 82, 81, 81, 83, 81, 80, 81, 80, 81,
    83, 84, 83, 82, 82, 83, 84, 79, 78, 78, 78, 77, 76, 76, 76, 71, 70,
    68, 68, 71, 70, 68, 65, 70, 68, 70, 68, 71, 70, 69, 69, 71, 69, 71,
    68, 67, 69, 69, 70, 69, 68, 70, 70, 71, 70, 69, 65, 67, 67, 69, 72,
    71, 71, 72, 71, 69, 67, 67, 71, 67, 67, 70, 70, 70, 68, 66, 68, 67,
    70, 71, 69, 69, 69, 67, 68, 69, 71, 70, 71, 70, 70, 70, 71, 68, 68,
    68 ]
