%YAML:1.0
---
videoName: "headLookUp7.mp4"
gestureLabel: 205
fps: 29
pixelSizeInCmTemp: 3.6846153846153845e-01
faceCenterPointX: 257
faceCenterPointY: 70
headPositionsX: [ 258, 257, 257, 257, 254, 256, 257, 254, 256, 257, 258,
    256, 255, 258, 255, 257, 255, 257, 255, 255, 256, 254, 258, 255, 255,
    259, 255, 256, 254, 254, 254, 256, 255, 257, 256, 254, 258, 254, 255,
    257, 254, 254, 254, 257, 255, 254, 256, 255, 257, 257, 255, 255, 256,
    256, 256, 258, 255, 255, 254, 257, 256, 258, 258, 259, 254, 256, 258,
    255, 257, 254, 255, 257, 256, 257, 256, 257, 257, 254, 258, 259, 254,
    256, 256, 257, 256, 259, 255, 257, 254, 256, 255, 255, 257, 257, 256,
    259, 257, 258, 256, 257 ]
headPositionsY: [ 70, 84, 84, 81, 81, 83, 84, 83, 83, 82, 83, 80, 83, 85,
    82, 84, 81, 83, 80, 77, 78, 79, 78, 78, 72, 74, 74, 73, 70, 71, 70,
    72, 68, 72, 71, 70, 68, 67, 70, 68, 68, 69, 68, 66, 70, 71, 70, 70,
    69, 69, 69, 65, 70, 68, 67, 68, 70, 67, 70, 67, 68, 70, 67, 72, 69,
    71, 69, 70, 69, 71, 69, 68, 68, 69, 69, 68, 68, 69, 70, 67, 71, 71,
    69, 70, 66, 68, 67, 68, 69, 70, 70, 67, 70, 70, 70, 72, 71, 69, 72,
    67 ]
