%YAML:1.0
---
videoName: "headNod24.mp4"
gestureLabel: 202
fps: 29
pixelSizeInCmTemp: 3.1513157894736843e-01
faceCenterPointX: 272
faceCenterPointY: 72
headPositionsX: [ 270, 277, 273, 277, 274, 272, 274, 272, 275, 273, 274,
    274, 275, 277, 275, 276, 274, 273, 272, 275, 274, 273, 271, 272, 274,
    272, 275, 274, 274, 274, 270, 275, 273, 274, 271, 275, 272, 272, 274,
    273, 272, 271, 274, 272, 272, 275, 275, 272, 272, 273, 275, 275, 275,
    274, 273, 271, 273, 272, 271, 273, 272, 272, 269, 270, 271, 269, 272,
    271, 270, 272, 274, 268, 271, 270, 268, 269, 270, 270, 270, 268, 268,
    271, 269, 270, 270, 272, 269, 268, 271, 273, 272, 272, 273, 270, 273,
    274, 271, 271, 271, 273 ]
headPositionsY: [ 73, 75, 71, 73, 72, 75, 73, 74, 76, 72, 71, 73, 72, 73,
    73, 76, 72, 72, 73, 75, 71, 75, 74, 74, 74, 71, 72, 73, 76, 72, 71,
    72, 75, 74, 76, 75, 73, 73, 70, 72, 68, 75, 74, 80, 80, 83, 80, 73,
    72, 68, 65, 67, 67, 73, 76, 75, 76, 75, 72, 68, 64, 68, 66, 69, 72,
    74, 75, 78, 75, 75, 71, 69, 70, 68, 70, 69, 70, 72, 73, 73, 73, 74,
    74, 73, 70, 68, 70, 71, 72, 71, 71, 72, 74, 71, 73, 72, 74, 73, 70,
    70 ]
