%YAML:1.0
---
videoName: "headNod26.mp4"
gestureLabel: 202
fps: 29
pixelSizeInCmTemp: 3.1513157894736843e-01
faceCenterPointX: 271
faceCenterPointY: 78
headPositionsX: [ 271, 274, 272, 270, 270, 273, 270, 271, 271, 272, 272,
    271, 273, 273, 272, 273, 271, 272, 272, 271, 271, 273, 271, 272, 272,
    270, 273, 274, 273, 272, 274, 270, 272, 272, 270, 270, 272, 272, 271,
    271, 272, 270, 274, 270, 274, 270, 273, 272, 268, 274, 272, 275, 270,
    273, 273, 271, 274, 269, 271, 270, 270, 271, 274, 272, 270, 274, 270,
    271, 271, 274, 270, 273, 269, 272, 271, 270, 272, 269, 268, 269, 269,
    273, 272, 270, 272, 271, 271, 269, 272, 272, 272, 271, 269, 272, 271,
    272, 272, 268, 270, 270 ]
headPositionsY: [ 77, 74, 74, 73, 76, 73, 70, 68, 69, 67, 66, 66, 67, 67,
    69, 65, 70, 73, 74, 73, 80, 80, 81, 85, 82, 81, 79, 76, 70, 71, 70,
    70, 67, 66, 71, 72, 73, 76, 80, 81, 81, 80, 77, 75, 74, 70, 71, 69,
    69, 69, 68, 70, 71, 76, 75, 75, 77, 74, 74, 70, 72, 66, 66, 69, 67,
    70, 69, 72, 70, 71, 72, 75, 78, 76, 77, 72, 73, 71, 70, 69, 67, 68,
    70, 68, 72, 74, 77, 79, 80, 78, 81, 80, 80, 77, 79, 77, 79, 77, 76,
    79 ]
