%YAML:1.0
---
videoName: "headNod29.mp4"
gestureLabel: 202
fps: 29
pixelSizeInCmTemp: 3.1933333333333330e-01
faceCenterPointX: 271
faceCenterPointY: 70
headPositionsX: [ 270, 271, 275, 272, 274, 274, 273, 272, 275, 271, 273,
    271, 274, 272, 270, 270, 271, 271, 273, 272, 270, 273, 273, 275, 271,
    273, 271, 272, 273, 270, 273, 269, 271, 269, 269, 272, 269, 270, 272,
    272, 269, 270, 272, 272, 273, 272, 272, 271, 269, 273, 273, 273, 272,
    271, 270, 271, 268, 272, 268, 272, 270, 269, 268, 270, 270, 269, 268,
    272, 267, 268, 270, 271, 273, 271, 272, 269, 270, 271, 271, 274, 270,
    271, 271, 269, 272, 270, 272, 273, 271, 271, 271, 271, 269, 269, 268,
    272, 269, 269, 272, 273 ]
headPositionsY: [ 68, 74, 74, 72, 73, 75, 77, 78, 80, 78, 78, 77, 75, 75,
    70, 72, 71, 65, 66, 66, 69, 67, 67, 72, 73, 76, 77, 78, 79, 81, 79,
    75, 77, 73, 74, 71, 72, 68, 71, 73, 73, 75, 81, 78, 78, 79, 76, 74,
    73, 72, 74, 72, 76, 81, 79, 80, 83, 78, 80, 76, 74, 75, 75, 75, 75,
    78, 79, 77, 77, 74, 71, 72, 70, 69, 70, 73, 73, 72, 74, 78, 74, 76,
    76, 73, 70, 69, 70, 70, 70, 67, 71, 67, 72, 69, 68, 71, 70, 69, 70,
    73 ]
