%YAML:1.0
---
videoName: "headNod6.mp4"
gestureLabel: 202
fps: 29
pixelSizeInCmTemp: 3.1513157894736843e-01
faceCenterPointX: 262
faceCenterPointY: 73
headPositionsX: [ 260, 263, 262, 263, 263, 264, 262, 262, 263, 262, 261,
    263, 261, 261, 260, 265, 264, 262, 264, 261, 265, 265, 264, 264, 265,
    261, 261, 261, 263, 263, 262, 263, 263, 264, 260, 263, 262, 261, 264,
    261, 264, 262, 260, 262, 263, 263, 258, 260, 259, 263, 261, 260, 261,
    259, 264, 263, 261, 259, 263, 262, 258, 262, 259, 260, 261, 260, 262,
    261, 261, 259, 263, 261, 259, 262, 263, 260, 261, 259, 261, 263, 260,
    264, 260, 264, 262, 261, 260, 260, 262, 260, 264, 263, 262, 264, 259,
    260, 263, 260, 262, 260 ]
headPositionsY: [ 75, 72, 73, 72, 74, 72, 74, 76, 76, 74, 71, 76, 74, 72,
    74, 72, 72, 73, 73, 76, 73, 72, 74, 73, 73, 75, 72, 72, 75, 75, 75,
    74, 69, 67, 66, 64, 67, 67, 65, 71, 72, 75, 80, 82, 83, 81, 79, 73,
    71, 68, 66, 67, 73, 74, 78, 83, 84, 79, 76, 73, 72, 68, 67, 67, 73,
    74, 78, 82, 83, 82, 78, 72, 72, 69, 68, 66, 68, 65, 72, 75, 79, 81,
    84, 81, 79, 81, 73, 75, 73, 68, 69, 70, 71, 72, 74, 71, 70, 72, 70,
    74 ]
