%YAML:1.0
---
videoName: "headShake18.mp4"
gestureLabel: 201
fps: 30
pixelSizeInCmTemp: 3.2808219178082193e-01
faceCenterPointX: 240
faceCenterPointY: 77
headPositionsX: [ 239, 242, 241, 240, 242, 243, 242, 240, 242, 244, 238,
    238, 243, 240, 240, 240, 243, 243, 241, 238, 241, 242, 240, 243, 239,
    241, 238, 241, 240, 238, 242, 238, 241, 241, 240, 240, 245, 245, 248,
    251, 253, 254, 250, 250, 248, 241, 240, 236, 230, 230, 230, 233, 237,
    241, 244, 245, 249, 251, 248, 244, 245, 239, 237, 237, 231, 235, 233,
    236, 238, 238, 245, 242, 245, 243, 245, 244, 239, 235, 239, 235, 234,
    235, 237, 238, 239, 240, 242, 242, 240, 242, 240, 242, 240, 240, 240,
    241, 239, 240, 239, 243 ]
headPositionsY: [ 79, 77, 77, 78, 77, 74, 74, 75, 76, 79, 75, 74, 73, 78,
    76, 77, 78, 75, 75, 77, 76, 78, 78, 75, 78, 76, 74, 77, 78, 77, 79,
    77, 78, 75, 78, 77, 78, 77, 77, 78, 75, 75, 75, 75, 77, 75, 77, 78,
    76, 77, 74, 75, 75, 78, 75, 75, 76, 74, 74, 76, 76, 74, 77, 77, 75,
    77, 75, 78, 78, 78, 75, 78, 80, 76, 80, 78, 76, 79, 79, 74, 79, 77,
    75, 79, 75, 79, 75, 78, 77, 77, 79, 76, 76, 77, 79, 79, 75, 78, 76,
    78 ]
