%YAML:1.0
---
videoName: "headShake20.mp4"
gestureLabel: 201
fps: 29
pixelSizeInCmTemp: 3.3263888888888887e-01
faceCenterPointX: 242
faceCenterPointY: 78
headPositionsX: [ 243, 244, 246, 243, 246, 241, 243, 243, 245, 245, 240,
    243, 246, 242, 240, 241, 245, 242, 244, 244, 245, 244, 243, 242, 243,
    245, 245, 244, 243, 242, 245, 243, 244, 243, 243, 243, 242, 241, 242,
    244, 247, 252, 256, 256, 260, 261, 255, 251, 248, 241, 235, 236, 232,
    232, 228, 233, 237, 243, 247, 253, 250, 252, 248, 244, 245, 236, 236,
    235, 232, 234, 233, 240, 240, 241, 248, 247, 246, 244, 244, 240, 241,
    242, 239, 239, 240, 243, 246, 242, 243, 245, 241, 246, 241, 242, 245,
    241, 244, 242, 242, 240 ]
headPositionsY: [ 77, 78, 75, 76, 76, 77, 74, 77, 76, 79, 75, 78, 74, 79,
    74, 78, 77, 79, 75, 78, 76, 78, 75, 77, 78, 78, 77, 77, 76, 79, 79,
    78, 78, 74, 75, 78, 78, 75, 75, 75, 77, 76, 75, 75, 72, 75, 75, 75,
    76, 76, 75, 79, 78, 74, 77, 76, 74, 75, 74, 77, 74, 77, 77, 76, 75,
    74, 77, 75, 78, 75, 75, 75, 77, 79, 78, 76, 77, 76, 78, 77, 78, 79,
    79, 76, 78, 78, 77, 77, 79, 79, 77, 78, 75, 76, 78, 78, 76, 79, 77,
    74 ]
