%YAML:1.0
---
videoName: "headShake40.mp4"
gestureLabel: 201
fps: 29
pixelSizeInCmTemp: 3.2808219178082193e-01
faceCenterPointX: 261
faceCenterPointY: 86
headPositionsX: [ 263, 263, 260, 262, 259, 263, 258, 262, 260, 262, 259,
    261, 264, 260, 263, 263, 260, 260, 259, 258, 263, 261, 263, 261, 260,
    260, 262, 261, 258, 260, 259, 253, 253, 252, 252, 252, 257, 259, 266,
    271, 271, 280, 282, 278, 280, 274, 271, 267, 257, 255, 250, 249, 248,
    246, 248, 252, 258, 262, 265, 269, 272, 270, 267, 267, 268, 261, 259,
    260, 255, 256, 259, 259, 259, 261, 262, 264, 268, 268, 265, 267, 267,
    263, 261, 260, 259, 257, 259, 257, 259, 259, 257, 258, 259, 260, 260,
    258, 262, 262, 262, 261 ]
headPositionsY: [ 87, 83, 84, 85, 84, 84, 85, 81, 82, 82, 84, 85, 83, 82,
    84, 82, 85, 82, 84, 80, 83, 85, 85, 86, 86, 83, 84, 84, 82, 85, 85,
    82, 83, 84, 83, 84, 85, 83, 84, 81, 79, 80, 80, 80, 79, 83, 82, 81,
    82, 84, 82, 81, 81, 85, 81, 83, 84, 84, 83, 81, 83, 82, 83, 82, 82,
    84, 85, 83, 85, 81, 83, 82, 83, 85, 82, 82, 81, 82, 82, 85, 85, 83,
    85, 83, 85, 85, 86, 82, 82, 82, 84, 85, 83, 86, 83, 84, 88, 88, 84,
    84 ]
