%YAML:1.0
---
videoName: "headShake24.mp4"
gestureLabel: 201
fps: 29
pixelSizeInCmTemp: 3.2808219178082193e-01
faceCenterPointX: 240
faceCenterPointY: 78
headPositionsX: [ 238, 250, 253, 250, 253, 254, 252, 256, 254, 252, 248,
    249, 243, 245, 240, 235, 236, 232, 232, 232, 233, 229, 232, 230, 231,
    236, 238, 238, 241, 241, 245, 249, 249, 252, 250, 249, 248, 246, 249,
    244, 243, 245, 243, 237, 236, 234, 234, 235, 235, 234, 234, 236, 234,
    234, 238, 242, 244, 245, 243, 243, 246, 247, 249, 247, 250, 248, 250,
    249, 244, 244, 245, 245, 242, 240, 240, 238, 238, 241, 241, 237, 238,
    239, 241, 240, 237, 239, 237, 241, 238, 240, 239, 239, 242, 238, 239,
    241, 242, 239, 238, 240 ]
headPositionsY: [ 80, 74, 77, 74, 73, 75, 73, 75, 75, 79, 77, 78, 80, 78,
    78, 75, 77, 77, 78, 75, 79, 78, 80, 76, 75, 77, 79, 75, 76, 78, 76,
    79, 78, 76, 76, 81, 77, 80, 79, 80, 80, 77, 77, 80, 80, 78, 79, 75,
    75, 79, 79, 78, 79, 76, 79, 76, 79, 79, 79, 78, 76, 76, 77, 78, 79,
    78, 76, 76, 79, 78, 78, 80, 76, 79, 78, 77, 79, 79, 78, 76, 77, 78,
    79, 76, 77, 77, 77, 80, 80, 80, 77, 76, 77, 78, 77, 79, 78, 78, 78,
    77 ]
