%YAML:1.0
---
videoName: "headNod22.mp4"
gestureLabel: 202
fps: 29
pixelSizeInCmTemp: 3.1513157894736843e-01
faceCenterPointX: 252
faceCenterPointY: 80
headPositionsX: [ 253, 254, 254, 252, 253, 253, 253, 254, 252, 254, 254,
    253, 255, 253, 253, 253, 255, 251, 251, 255, 254, 255, 252, 255, 253,
    253, 252, 255, 254, 255, 251, 255, 253, 255, 255, 257, 252, 257, 254,
    255, 256, 254, 251, 253, 252, 255, 251, 253, 253, 254, 250, 251, 250,
    253, 250, 254, 250, 251, 251, 255, 250, 254, 252, 252, 253, 251, 253,
    252, 250, 250, 251, 254, 254, 251, 251, 253, 252, 252, 253, 255, 251,
    250, 253, 252, 251, 253, 253, 248, 250, 252, 253, 253, 251, 250, 249,
    253, 252, 253, 250, 250 ]
headPositionsY: [ 81, 77, 80, 79, 76, 75, 77, 78, 76, 76, 77, 78, 76, 79,
    80, 77, 78, 77, 79, 80, 79, 81, 80, 80, 81, 85, 85, 82, 82, 81, 78,
    75, 74, 69, 73, 74, 76, 80, 81, 83, 84, 81, 80, 75, 75, 71, 69, 71,
    73, 74, 74, 80, 83, 86, 86, 84, 81, 77, 77, 75, 74, 70, 74, 75, 78,
    80, 78, 80, 77, 75, 75, 76, 76, 75, 79, 77, 82, 80, 78, 82, 79, 77,
    75, 78, 76, 78, 81, 81, 81, 80, 78, 81, 77, 76, 80, 82, 80, 80, 80,
    79 ]
