%YAML:1.0
---
videoName: "headNod16.mp4"
gestureLabel: 202
fps: 29
pixelSizeInCmTemp: 3.3263888888888887e-01
faceCenterPointX: 255
faceCenterPointY: 77
headPositionsX: [ 255, 258, 258, 259, 259, 259, 257, 258, 258, 259, 260,
    259, 258, 257, 259, 260, 259, 258, 259, 258, 259, 260, 258, 257, 258,
    260, 261, 260, 257, 258, 258, 256, 257, 259, 258, 256, 257, 257, 259,
    261, 257, 258, 258, 262, 259, 258, 260, 257, 256, 255, 257, 257, 255,
    255, 260, 260, 258, 256, 256, 258, 259, 257, 255, 255, 258, 257, 254,
    255, 255, 258, 257, 254, 257, 255, 253, 255, 253, 253, 257, 257, 255,
    255, 254, 256, 254, 257, 256, 254, 255, 256, 253, 257, 256, 255, 253,
    257, 258, 253, 257, 255 ]
headPositionsY: [ 79, 75, 74, 76, 73, 75, 73, 74, 76, 77, 73, 78, 73, 74,
    73, 76, 74, 73, 74, 76, 73, 74, 77, 76, 78, 72, 77, 74, 72, 75, 74,
    76, 73, 72, 77, 74, 69, 68, 67, 69, 70, 71, 69, 75, 78, 76, 82, 82,
    81, 81, 77, 75, 68, 67, 71, 71, 71, 74, 76, 78, 81, 82, 79, 81, 76,
    75, 73, 68, 71, 73, 69, 74, 74, 79, 82, 80, 82, 78, 77, 71, 73, 67,
    68, 68, 70, 75, 73, 77, 76, 78, 78, 77, 74, 75, 75, 76, 79, 75, 77,
    75 ]
