%YAML:1.0
---
videoName: "headLookRight0.mp4"
gestureLabel: 204
fps: 29
pixelSizeInCmTemp: 3.1933333333333330e-01
faceCenterPointX: 229
faceCenterPointY: 68
headPositionsX: [ 227, 258, 254, 256, 254, 254, 258, 256, 254, 258, 254,
    256, 255, 258, 255, 256, 257, 256, 257, 257, 258, 257, 254, 257, 255,
    255, 254, 256, 256, 257, 255, 258, 257, 255, 255, 253, 254, 253, 252,
    253, 253, 250, 250, 245, 244, 242, 236, 235, 235, 235, 236, 235, 234,
    231, 235, 232, 234, 235, 232, 232, 236, 233, 235, 233, 229, 233, 233,
    231, 231, 233, 231, 236, 235, 237, 234, 233, 228, 230, 232, 231, 235,
    232, 231, 228, 232, 229, 234, 231, 231, 230, 232, 231, 232, 226, 227,
    229, 230, 230, 226, 231 ]
headPositionsY: [ 69, 66, 63, 64, 64, 63, 66, 63, 63, 65, 64, 69, 68, 69,
    67, 68, 66, 65, 69, 69, 67, 68, 69, 67, 67, 65, 70, 69, 69, 68, 67,
    66, 67, 67, 67, 66, 68, 66, 68, 66, 66, 65, 67, 66, 68, 66, 67, 68,
    70, 69, 70, 66, 69, 68, 69, 67, 68, 68, 70, 68, 67, 68, 70, 67, 67,
    68, 66, 66, 68, 68, 68, 67, 66, 70, 67, 67, 69, 67, 69, 67, 70, 67,
    68, 69, 69, 70, 69, 66, 68, 67, 69, 66, 68, 71, 66, 66, 67, 64, 68,
    69 ]
