%YAML:1.0
---
videoName: "headNod29.mp4"
gestureLabel: 202
fps: 29
pixelSizeInCmTemp: 3.1933333333333330e-01
faceCenterPointX: 271
faceCenterPointY: 70
headPositionsX: [ 269, 274, 272, 274, 276, 272, 273, 274, 275, 275, 271,
    271, 272, 275, 272, 273, 274, 269, 271, 271, 270, 272, 274, 273, 273,
    273, 274, 273, 273, 269, 269, 272, 270, 269, 272, 269, 271, 271, 274,
    272, 273, 268, 271, 271, 269, 271, 273, 271, 271, 272, 272, 272, 270,
    271, 271, 269, 272, 273, 268, 269, 271, 271, 269, 273, 272, 270, 270,
    268, 267, 272, 270, 272, 270, 272, 273, 272, 272, 270, 272, 272, 269,
    273, 271, 273, 274, 274, 273, 270, 272, 270, 272, 269, 269, 269, 269,
    272, 272, 273, 270, 270 ]
headPositionsY: [ 68, 73, 72, 74, 74, 78, 78, 79, 79, 82, 82, 79, 75, 75,
    73, 69, 71, 66, 68, 65, 67, 67, 67, 72, 72, 74, 77, 80, 80, 81, 81,
    77, 78, 74, 73, 72, 73, 72, 72, 73, 73, 75, 78, 81, 81, 78, 78, 77,
    72, 71, 71, 75, 77, 78, 82, 84, 82, 78, 77, 74, 74, 72, 76, 75, 79,
    77, 78, 79, 74, 75, 72, 71, 70, 69, 69, 72, 71, 76, 78, 76, 76, 75,
    73, 71, 71, 71, 70, 69, 72, 67, 67, 68, 70, 69, 68, 69, 71, 70, 67,
    73 ]
