%YAML:1.0
---
videoName: "headShake12.mp4"
gestureLabel: 201
fps: 29
pixelSizeInCmTemp: 3.2808219178082193e-01
faceCenterPointX: 241
faceCenterPointY: 76
headPositionsX: [ 240, 242, 240, 240, 241, 242, 241, 243, 244, 242, 241,
    243, 241, 240, 242, 242, 244, 240, 240, 243, 243, 242, 244, 244, 244,
    242, 241, 239, 242, 240, 244, 243, 242, 241, 240, 240, 241, 240, 243,
    241, 242, 241, 239, 243, 243, 241, 244, 240, 241, 240, 243, 240, 243,
    241, 240, 241, 242, 241, 243, 248, 250, 252, 255, 258, 259, 260, 256,
    253, 250, 240, 239, 231, 233, 233, 236, 241, 246, 250, 251, 255, 250,
    250, 248, 244, 240, 240, 238, 238, 235, 239, 238, 240, 241, 240, 239,
    242, 240, 238, 240, 238 ]
headPositionsY: [ 76, 72, 72, 71, 76, 73, 75, 72, 72, 73, 75, 74, 73, 73,
    75, 74, 72, 75, 74, 76, 75, 71, 74, 72, 75, 74, 74, 74, 76, 75, 76,
    71, 75, 75, 72, 75, 74, 76, 73, 74, 75, 76, 76, 74, 73, 75, 73, 73,
    74, 73, 73, 72, 72, 73, 74, 73, 73, 74, 76, 72, 73, 73, 75, 74, 72,
    73, 71, 75, 74, 74, 74, 75, 74, 78, 78, 76, 78, 75, 77, 77, 75, 74,
    77, 77, 74, 75, 75, 77, 75, 74, 76, 74, 78, 74, 79, 75, 75, 75, 78,
    74 ]
