%YAML:1.0
---
videoName: "headLookUp0.mp4"
gestureLabel: 205
fps: 29
pixelSizeInCmTemp: 3.6846153846153845e-01
faceCenterPointX: 258
faceCenterPointY: 66
headPositionsX: [ 257, 260, 257, 257, 257, 257, 261, 261, 261, 257, 259,
    262, 259, 257, 260, 259, 258, 258, 257, 260, 258, 259, 261, 257, 259,
    261, 260, 261, 258, 261, 259, 259, 257, 257, 257, 257, 258, 257, 260,
    257, 261, 259, 261, 259, 258, 260, 256, 261, 261, 259, 257, 257, 259,
    257, 260, 261, 260, 260, 260, 259, 260, 258, 258, 259, 257, 257, 261,
    259, 259, 259, 257, 257, 260, 259, 258, 256, 259, 259, 256, 260, 259,
    260, 257, 257, 255, 259, 261, 258, 258, 260, 256, 261, 258, 257, 258,
    257, 259, 259, 259, 261 ]
headPositionsY: [ 64, 79, 81, 79, 81, 80, 81, 83, 82, 79, 79, 82, 78, 78,
    76, 76, 75, 76, 73, 73, 74, 69, 70, 71, 71, 69, 65, 68, 65, 67, 69,
    66, 64, 68, 67, 64, 64, 69, 64, 64, 68, 69, 65, 67, 65, 69, 66, 69,
    65, 66, 65, 65, 69, 66, 68, 68, 65, 66, 65, 69, 65, 69, 69, 69, 65,
    68, 68, 66, 68, 68, 65, 66, 68, 68, 67, 70, 65, 69, 70, 69, 65, 66,
    66, 69, 70, 67, 66, 66, 64, 68, 68, 69, 66, 70, 67, 68, 68, 67, 67,
    69 ]
