%YAML:1.0
---
videoName: "headLookLeft8.mp4"
gestureLabel: 203
fps: 29
pixelSizeInCmTemp: 3.6287878787878786e-01
faceCenterPointX: 273
faceCenterPointY: 69
headPositionsX: [ 274, 242, 244, 241, 243, 239, 239, 240, 242, 240, 240,
    241, 241, 242, 241, 243, 246, 244, 246, 249, 246, 245, 246, 246, 247,
    246, 247, 246, 246, 246, 247, 244, 246, 245, 247, 244, 246, 246, 245,
    245, 247, 245, 246, 245, 247, 247, 245, 246, 245, 244, 248, 249, 247,
    246, 247, 249, 254, 257, 258, 259, 260, 266, 268, 271, 270, 274, 276,
    282, 281, 274, 279, 277, 278, 274, 278, 279, 274, 273, 278, 281, 276,
    276, 276, 269, 270, 275, 280, 277, 274, 276, 273, 273, 272, 275, 276,
    274, 275, 273, 271, 269 ]
headPositionsY: [ 68, 66, 68, 67, 68, 66, 67, 66, 66, 70, 69, 65, 66, 67,
    69, 69, 68, 68, 68, 69, 69, 67, 67, 69, 68, 69, 72, 73, 73, 73, 71,
    69, 72, 71, 73, 74, 73, 71, 73, 73, 70, 73, 69, 70, 71, 72, 71, 72,
    72, 75, 72, 71, 72, 73, 70, 74, 74, 69, 69, 67, 69, 71, 71, 74, 67,
    69, 69, 71, 70, 69, 69, 70, 68, 72, 70, 70, 70, 70, 67, 72, 70, 72,
    72, 69, 69, 68, 70, 70, 69, 71, 67, 71, 68, 67, 73, 70, 71, 68, 71,
    68 ]
