%YAML:1.0
---
videoName: "headNod12.mp4"
gestureLabel: 202
fps: 29
pixelSizeInCmTemp: 3.2808219178082193e-01
faceCenterPointX: 254
faceCenterPointY: 69
headPositionsX: [ 252, 254, 254, 253, 255, 251, 252, 254, 256, 256, 257,
    258, 254, 256, 255, 258, 254, 257, 257, 255, 256, 257, 257, 254, 257,
    255, 257, 256, 254, 253, 256, 256, 254, 252, 256, 256, 255, 255, 255,
    254, 254, 253, 255, 255, 255, 255, 253, 254, 255, 257, 254, 253, 256,
    253, 252, 254, 252, 254, 253, 254, 253, 256, 257, 252, 252, 256, 256,
    257, 255, 253, 252, 253, 252, 252, 252, 253, 253, 253, 253, 255, 254,
    253, 257, 254, 253, 252, 252, 257, 256, 253, 256, 257, 257, 257, 253,
    252, 254, 255, 252, 252 ]
headPositionsY: [ 69, 74, 70, 76, 74, 70, 75, 71, 72, 75, 75, 76, 72, 72,
    75, 74, 73, 74, 71, 73, 72, 71, 74, 73, 72, 72, 75, 72, 74, 75, 75,
    74, 75, 72, 72, 69, 70, 68, 65, 64, 63, 62, 62, 64, 65, 65, 70, 73,
    70, 75, 79, 77, 80, 75, 78, 75, 70, 65, 64, 63, 62, 61, 63, 63, 64,
    66, 71, 69, 71, 73, 77, 76, 77, 75, 72, 71, 71, 70, 67, 64, 64, 67,
    64, 65, 68, 68, 68, 73, 73, 74, 73, 74, 75, 74, 72, 70, 71, 72, 72,
    68 ]
