%YAML:1.0
---
videoName: "headNod37.mp4"
gestureLabel: 202
fps: 29
pixelSizeInCmTemp: 2.9207317073170730e-01
faceCenterPointX: 269
faceCenterPointY: 78
headPositionsX: [ 268, 270, 271, 270, 269, 268, 271, 271, 272, 269, 271,
    272, 269, 269, 270, 272, 268, 270, 267, 268, 271, 267, 267, 266, 270,
    267, 270, 270, 270, 272, 269, 268, 268, 272, 271, 270, 270, 269, 268,
    271, 268, 269, 267, 268, 270, 268, 272, 270, 271, 269, 271, 268, 272,
    272, 268, 272, 270, 270, 270, 270, 271, 268, 270, 267, 266, 268, 266,
    267, 267, 266, 268, 265, 265, 267, 270, 268, 270, 267, 270, 269, 270,
    270, 272, 268, 268, 272, 270, 272, 268, 267, 270, 269, 271, 267, 271,
    270, 270, 269, 271, 270 ]
headPositionsY: [ 76, 78, 76, 76, 75, 74, 77, 75, 75, 73, 75, 78, 77, 73,
    74, 73, 74, 75, 73, 75, 74, 74, 75, 74, 75, 77, 73, 74, 76, 74, 78,
    75, 76, 76, 74, 77, 76, 77, 76, 76, 76, 77, 76, 75, 77, 74, 75, 77,
    75, 74, 77, 75, 73, 68, 65, 65, 66, 64, 68, 66, 73, 71, 79, 84, 89,
    86, 88, 86, 81, 79, 73, 74, 68, 65, 66, 64, 64, 66, 68, 69, 72, 73,
    79, 80, 80, 82, 84, 84, 83, 82, 81, 77, 76, 75, 79, 76, 77, 76, 79,
    76 ]
