%YAML:1.0
---
videoName: "headShake29.mp4"
gestureLabel: 201
fps: 29
pixelSizeInCmTemp: 3.3263888888888887e-01
faceCenterPointX: 243
faceCenterPointY: 76
headPositionsX: [ 242, 241, 242, 242, 242, 241, 240, 240, 243, 244, 241,
    244, 244, 244, 240, 240, 242, 243, 244, 242, 245, 242, 240, 243, 242,
    237, 241, 236, 237, 241, 243, 244, 253, 251, 254, 255, 254, 252, 247,
    241, 239, 231, 231, 230, 229, 231, 231, 236, 241, 248, 251, 252, 252,
    251, 250, 245, 240, 238, 232, 230, 228, 229, 230, 235, 237, 241, 248,
    250, 249, 253, 250, 250, 249, 246, 242, 242, 235, 238, 232, 234, 233,
    232, 236, 235, 236, 238, 239, 242, 241, 243, 244, 241, 243, 245, 243,
    245, 243, 241, 240, 245 ]
headPositionsY: [ 76, 74, 73, 77, 76, 74, 76, 74, 76, 75, 75, 76, 78, 74,
    73, 77, 74, 74, 76, 77, 76, 78, 76, 76, 78, 75, 76, 74, 78, 76, 75,
    77, 75, 75, 73, 76, 75, 74, 73, 78, 75, 77, 77, 78, 78, 77, 75, 75,
    77, 75, 76, 76, 76, 74, 77, 77, 77, 76, 78, 79, 78, 75, 78, 76, 77,
    78, 75, 75, 76, 75, 77, 76, 75, 75, 77, 74, 75, 78, 76, 77, 75, 77,
    76, 74, 77, 75, 76, 76, 78, 77, 76, 80, 77, 77, 76, 78, 79, 78, 76,
    75 ]
