%YAML:1.0
---
videoName: "headShake31.mp4"
gestureLabel: 201
fps: 29
pixelSizeInCmTemp: 3.2808219178082193e-01
faceCenterPointX: 236
faceCenterPointY: 68
headPositionsX: [ 238, 236, 236, 235, 239, 237, 238, 238, 235, 237, 237,
    235, 239, 238, 237, 237, 236, 236, 235, 238, 235, 237, 238, 235, 235,
    237, 235, 237, 237, 236, 236, 239, 236, 235, 233, 236, 235, 238, 239,
    245, 247, 250, 252, 254, 251, 251, 244, 237, 233, 225, 223, 224, 220,
    225, 227, 231, 241, 242, 246, 249, 248, 245, 241, 236, 235, 230, 229,
    227, 230, 233, 232, 236, 241, 240, 241, 242, 243, 243, 242, 240, 236,
    234, 236, 234, 234, 236, 232, 233, 235, 236, 236, 238, 236, 234, 235,
    237, 235, 234, 237, 236 ]
headPositionsY: [ 67, 66, 67, 66, 69, 67, 65, 67, 65, 68, 65, 64, 69, 68,
    68, 65, 69, 70, 67, 64, 69, 67, 68, 68, 68, 67, 66, 65, 69, 68, 65,
    69, 69, 67, 67, 68, 66, 65, 65, 67, 68, 67, 67, 67, 66, 68, 70, 69,
    67, 68, 67, 66, 65, 68, 70, 72, 68, 70, 72, 71, 71, 71, 69, 70, 70,
    67, 67, 68, 70, 68, 68, 67, 69, 68, 69, 68, 70, 71, 70, 67, 68, 70,
    69, 67, 69, 67, 69, 70, 69, 67, 67, 69, 70, 70, 68, 68, 67, 67, 68,
    69 ]
