%YAML:1.0
---
videoName: "headNod24.mp4"
gestureLabel: 202
fps: 29
pixelSizeInCmTemp: 3.1513157894736843e-01
faceCenterPointX: 272
faceCenterPointY: 72
headPositionsX: [ 270, 275, 272, 276, 276, 275, 276, 272, 276, 276, 276,
    273, 274, 276, 276, 276, 273, 276, 274, 276, 271, 274, 272, 272, 272,
    273, 272, 272, 271, 274, 270, 275, 272, 275, 271, 274, 273, 275, 272,
    274, 274, 274, 273, 275, 272, 271, 275, 273, 272, 270, 274, 275, 275,
    273, 271, 273, 271, 270, 270, 274, 270, 270, 270, 270, 269, 272, 269,
    269, 269, 274, 273, 268, 270, 268, 271, 269, 270, 271, 272, 269, 271,
    270, 270, 270, 270, 272, 271, 272, 270, 269, 271, 268, 271, 274, 273,
    272, 274, 274, 274, 270 ]
headPositionsY: [ 70, 72, 73, 75, 74, 72, 71, 74, 74, 72, 73, 74, 71, 71,
    73, 73, 71, 73, 75, 74, 71, 73, 71, 71, 74, 75, 76, 73, 75, 73, 75,
    74, 71, 73, 73, 71, 69, 71, 69, 69, 71, 72, 75, 79, 81, 82, 78, 77,
    68, 69, 69, 65, 67, 71, 73, 76, 74, 72, 68, 66, 67, 68, 64, 69, 69,
    73, 76, 78, 75, 73, 70, 71, 69, 67, 67, 72, 72, 73, 76, 74, 76, 76,
    73, 71, 68, 72, 70, 68, 69, 70, 72, 70, 72, 71, 72, 74, 71, 71, 73,
    69 ]
