%YAML:1.0
---
videoName: "headShake27.mp4"
gestureLabel: 201
fps: 29
pixelSizeInCmTemp: 3.3263888888888887e-01
faceCenterPointX: 244
faceCenterPointY: 78
headPositionsX: [ 243, 248, 248, 247, 249, 252, 253, 254, 256, 255, 255,
    255, 255, 254, 255, 252, 247, 248, 243, 242, 241, 239, 238, 238, 236,
    235, 234, 234, 230, 233, 235, 232, 236, 233, 237, 240, 238, 241, 247,
    248, 249, 250, 247, 249, 250, 248, 251, 247, 250, 248, 244, 244, 243,
    240, 239, 238, 234, 233, 233, 233, 232, 231, 235, 232, 233, 236, 236,
    240, 240, 242, 244, 244, 247, 245, 247, 248, 246, 246, 248, 246, 248,
    246, 245, 244, 246, 247, 245, 245, 247, 243, 243, 242, 244, 245, 246,
    245, 245, 245, 247, 245 ]
headPositionsY: [ 77, 78, 75, 75, 75, 74, 78, 75, 78, 74, 77, 76, 76, 76,
    78, 76, 79, 77, 79, 77, 80, 77, 80, 81, 79, 81, 79, 78, 78, 78, 78,
    78, 77, 77, 79, 79, 79, 81, 80, 81, 80, 77, 81, 80, 81, 77, 78, 80,
    80, 80, 81, 79, 77, 79, 80, 78, 77, 80, 81, 76, 76, 76, 78, 77, 79,
    80, 79, 77, 78, 80, 78, 82, 78, 81, 77, 78, 80, 81, 81, 78, 79, 82,
    79, 82, 82, 80, 78, 81, 77, 80, 81, 79, 77, 82, 78, 81, 81, 81, 81,
    80 ]
