%YAML:1.0
---
videoName: "headShake6.mp4"
gestureLabel: 201
fps: 29
pixelSizeInCmTemp: 3.2808219178082193e-01
faceCenterPointX: 244
faceCenterPointY: 68
headPositionsX: [ 245, 243, 246, 245, 246, 246, 245, 243, 246, 242, 247,
    245, 245, 246, 245, 247, 245, 246, 246, 245, 245, 244, 243, 243, 245,
    246, 245, 248, 249, 252, 257, 256, 263, 264, 265, 261, 260, 252, 247,
    243, 234, 231, 229, 233, 232, 240, 244, 251, 253, 259, 260, 256, 258,
    253, 247, 242, 237, 232, 233, 233, 234, 234, 239, 242, 247, 249, 250,
    254, 250, 251, 245, 245, 241, 238, 238, 240, 240, 240, 240, 240, 241,
    240, 244, 243, 242, 245, 246, 245, 243, 243, 244, 245, 242, 243, 244,
    246, 242, 242, 246, 246 ]
headPositionsY: [ 70, 65, 68, 69, 68, 66, 64, 65, 65, 66, 66, 65, 67, 66,
    67, 65, 66, 69, 65, 65, 66, 68, 69, 68, 67, 68, 68, 65, 68, 69, 64,
    67, 67, 67, 65, 64, 64, 68, 66, 69, 67, 68, 66, 69, 70, 67, 67, 67,
    66, 66, 69, 65, 67, 66, 68, 68, 69, 67, 68, 67, 69, 68, 68, 67, 66,
    67, 69, 68, 67, 69, 66, 68, 66, 67, 65, 67, 69, 69, 70, 66, 67, 68,
    67, 70, 66, 69, 67, 67, 70, 71, 69, 68, 70, 71, 67, 69, 69, 70, 66,
    70 ]
