%YAML:1.0
---
videoName: "headLookLeft2.mp4"
gestureLabel: 203
fps: 29
pixelSizeInCmTemp: 3.6846153846153845e-01
faceCenterPointX: 278
faceCenterPointY: 74
headPositionsX: [ 279, 256, 257, 257, 261, 257, 261, 260, 258, 261, 260,
    262, 259, 261, 263, 260, 261, 262, 262, 261, 263, 265, 266, 269, 267,
    271, 271, 271, 272, 277, 278, 277, 274, 281, 279, 282, 278, 283, 278,
    279, 280, 280, 283, 278, 279, 282, 283, 284, 287, 280, 279, 284, 283,
    280, 277, 282, 277, 274, 279, 279, 281, 277, 282, 279, 280, 280, 282,
    282, 281, 281, 280, 282, 279, 277, 276, 283, 277, 280, 279, 280, 278,
    282, 277, 280, 284, 279, 285, 281, 279, 284, 284, 279, 283, 281, 279,
    281, 282, 283, 286, 281 ]
headPositionsY: [ 73, 73, 74, 76, 75, 75, 75, 77, 74, 76, 75, 75, 75, 73,
    75, 74, 78, 77, 78, 77, 74, 77, 78, 73, 74, 75, 73, 76, 77, 75, 73,
    73, 72, 76, 73, 74, 72, 72, 73, 72, 74, 77, 73, 75, 76, 73, 73, 74,
    77, 77, 75, 75, 73, 77, 72, 75, 72, 76, 75, 77, 76, 74, 75, 76, 75,
    74, 72, 76, 74, 74, 76, 73, 77, 75, 72, 74, 72, 77, 75, 76, 76, 73,
    73, 74, 76, 70, 75, 76, 73, 75, 74, 75, 74, 75, 71, 75, 76, 73, 77,
    73 ]
