%YAML:1.0
---
videoName: "headLookUp2.mp4"
gestureLabel: 205
fps: 29
pixelSizeInCmTemp: 3.7421874999999999e-01
faceCenterPointX: 254
faceCenterPointY: 67
headPositionsX: [ 252, 254, 255, 258, 255, 257, 254, 254, 256, 257, 254,
    253, 255, 256, 255, 254, 253, 254, 254, 256, 256, 255, 256, 255, 253,
    256, 255, 255, 254, 252, 255, 254, 254, 252, 256, 252, 254, 256, 255,
    256, 256, 253, 255, 256, 254, 256, 253, 253, 252, 256, 256, 254, 257,
    256, 256, 253, 252, 256, 256, 255, 253, 253, 253, 251, 254, 254, 252,
    254, 255, 253, 252, 255, 252, 254, 252, 250, 253, 254, 251, 253, 252,
    254, 256, 253, 255, 251, 251, 255, 255, 256, 255, 255, 255, 255, 256,
    256, 255, 254, 253, 256 ]
headPositionsY: [ 67, 80, 81, 81, 81, 79, 81, 82, 82, 80, 81, 80, 81, 83,
    79, 81, 82, 83, 78, 83, 82, 79, 78, 81, 83, 83, 80, 80, 79, 81, 81,
    83, 82, 79, 80, 78, 79, 81, 82, 79, 82, 81, 76, 76, 76, 74, 73, 72,
    71, 69, 67, 70, 66, 68, 67, 68, 64, 71, 66, 67, 69, 67, 66, 69, 66,
    68, 70, 66, 71, 64, 65, 65, 67, 70, 69, 66, 70, 68, 70, 67, 65, 67,
    70, 65, 69, 67, 68, 65, 66, 68, 69, 70, 67, 70, 69, 66, 64, 66, 68,
    69 ]
