%YAML:1.0
---
videoName: "headNod40.mp4"
gestureLabel: 202
fps: 29
pixelSizeInCmTemp: 2.8511904761904761e-01
faceCenterPointX: 267
faceCenterPointY: 78
headPositionsX: [ 268, 268, 269, 267, 265, 270, 266, 265, 268, 270, 267,
    265, 266, 270, 268, 268, 266, 266, 267, 269, 267, 267, 266, 267, 270,
    268, 267, 267, 268, 269, 269, 266, 267, 269, 267, 270, 267, 267, 268,
    266, 269, 266, 267, 266, 268, 267, 263, 267, 266, 267, 266, 265, 264,
    265, 266, 266, 268, 268, 264, 267, 267, 268, 268, 267, 265, 266, 264,
    267, 267, 269, 266, 266, 268, 269, 269, 266, 269, 269, 269, 268, 268,
    265, 265, 265, 265, 265, 266, 267, 269, 265, 267, 268, 266, 265, 267,
    266, 265, 268, 265, 269 ]
headPositionsY: [ 77, 77, 78, 75, 77, 74, 78, 75, 75, 75, 75, 75, 75, 77,
    77, 75, 78, 77, 77, 77, 74, 77, 75, 75, 78, 75, 77, 75, 77, 74, 75,
    75, 73, 77, 74, 73, 77, 77, 76, 73, 83, 86, 89, 95, 98, 97, 93, 90,
    86, 81, 80, 79, 79, 68, 70, 70, 71, 71, 68, 77, 79, 82, 88, 84, 82,
    83, 79, 81, 72, 73, 75, 72, 70, 76, 73, 73, 80, 79, 81, 78, 77, 79,
    81, 80, 81, 81, 77, 80, 78, 79, 77, 77, 77, 79, 79, 77, 76, 75, 79,
    75 ]
