%YAML:1.0
---
videoName: "headShake25.mp4"
gestureLabel: 201
fps: 30
pixelSizeInCmTemp: 3.2364864864864862e-01
faceCenterPointX: 241
faceCenterPointY: 79
headPositionsX: [ 242, 253, 255, 255, 252, 252, 248, 250, 247, 245, 238,
    235, 235, 233, 230, 233, 232, 230, 229, 228, 231, 234, 231, 234, 240,
    239, 245, 246, 247, 250, 250, 248, 248, 246, 248, 245, 241, 238, 236,
    233, 234, 233, 231, 230, 230, 229, 232, 234, 231, 239, 241, 239, 245,
    247, 246, 250, 249, 248, 251, 253, 253, 247, 246, 244, 247, 241, 243,
    237, 237, 237, 234, 237, 233, 237, 233, 234, 235, 234, 237, 236, 238,
    240, 239, 239, 240, 242, 241, 244, 242, 242, 240, 243, 242, 241, 242,
    241, 244, 240, 242, 241 ]
headPositionsY: [ 81, 76, 79, 79, 78, 79, 79, 80, 80, 77, 76, 77, 79, 80,
    76, 79, 80, 76, 78, 78, 77, 77, 80, 79, 78, 77, 79, 77, 80, 80, 78,
    76, 81, 78, 79, 80, 78, 79, 78, 81, 80, 76, 80, 80, 77, 77, 77, 77,
    78, 80, 79, 79, 78, 77, 78, 81, 81, 79, 75, 77, 78, 80, 78, 77, 81,
    79, 77, 77, 76, 77, 76, 79, 77, 76, 78, 77, 77, 76, 80, 77, 80, 77,
    78, 76, 78, 78, 80, 81, 77, 81, 80, 80, 78, 80, 77, 80, 81, 81, 81,
    77 ]
