%YAML:1.0
---
videoName: "headNod23.mp4"
gestureLabel: 202
fps: 29
pixelSizeInCmTemp: 3.1933333333333330e-01
faceCenterPointX: 273
faceCenterPointY: 75
headPositionsX: [ 272, 273, 277, 276, 273, 276, 273, 273, 273, 274, 273,
    274, 275, 276, 275, 276, 276, 276, 274, 275, 276, 276, 276, 276, 275,
    275, 276, 273, 273, 273, 274, 275, 275, 277, 273, 273, 273, 276, 274,
    271, 271, 272, 272, 271, 273, 275, 270, 270, 273, 272, 272, 273, 274,
    276, 273, 273, 272, 273, 272, 275, 275, 275, 272, 276, 273, 272, 274,
    276, 276, 274, 273, 273, 273, 276, 271, 271, 271, 276, 271, 272, 274,
    274, 274, 274, 275, 273, 276, 273, 273, 275, 273, 275, 274, 275, 273,
    276, 273, 274, 272, 271 ]
headPositionsY: [ 73, 77, 75, 75, 79, 77, 76, 76, 78, 76, 78, 75, 76, 75,
    76, 76, 76, 75, 74, 77, 75, 78, 76, 76, 73, 70, 68, 66, 65, 68, 65,
    63, 64, 68, 66, 69, 75, 76, 79, 83, 82, 83, 79, 79, 77, 77, 72, 71,
    68, 68, 65, 68, 70, 70, 72, 74, 78, 77, 78, 75, 79, 78, 72, 73, 69,
    67, 68, 69, 67, 70, 69, 73, 73, 78, 76, 81, 77, 81, 79, 75, 76, 75,
    73, 75, 72, 70, 74, 74, 71, 75, 76, 72, 76, 74, 77, 75, 75, 76, 77,
    73 ]
