%YAML:1.0
---
videoName: "headLookUp4.mp4"
gestureLabel: 205
fps: 30
pixelSizeInCmTemp: 3.6846153846153845e-01
faceCenterPointX: 256
faceCenterPointY: 68
headPositionsX: [ 254, 255, 254, 259, 258, 254, 257, 257, 257, 258, 258,
    258, 255, 255, 256, 255, 254, 254, 255, 258, 257, 257, 256, 257, 257,
    256, 257, 255, 254, 256, 258, 255, 255, 257, 257, 253, 255, 255, 255,
    256, 257, 257, 255, 256, 256, 257, 256, 256, 255, 256, 253, 255, 255,
    258, 254, 257, 257, 257, 256, 256, 255, 254, 257, 254, 256, 257, 258,
    258, 258, 258, 255, 257, 258, 257, 255, 258, 256, 256, 257, 257, 257,
    253, 257, 254, 255, 257, 258, 252, 259, 255, 256, 255, 255, 254, 256,
    256, 256, 255, 257, 256 ]
headPositionsY: [ 68, 80, 84, 80, 82, 81, 84, 83, 81, 81, 81, 81, 80, 81,
    80, 83, 81, 81, 82, 84, 82, 81, 78, 79, 77, 76, 76, 76, 74, 71, 69,
    70, 67, 70, 67, 65, 69, 70, 69, 70, 69, 72, 67, 68, 68, 68, 67, 69,
    68, 69, 69, 71, 67, 67, 68, 67, 69, 69, 67, 69, 65, 65, 69, 68, 69,
    68, 72, 68, 70, 71, 68, 71, 69, 68, 67, 71, 66, 71, 66, 70, 70, 66,
    71, 70, 68, 67, 68, 70, 69, 70, 71, 69, 70, 68, 70, 67, 70, 68, 68,
    70 ]
