%YAML:1.0
---
videoName: "headShake49.mp4"
gestureLabel: 201
fps: 30
pixelSizeInCmTemp: 2.8855421686746985e-01
faceCenterPointX: 259
faceCenterPointY: 84
headPositionsX: [ 260, 263, 262, 261, 259, 262, 263, 261, 262, 260, 259,
    259, 261, 259, 260, 259, 261, 260, 259, 260, 263, 262, 260, 263, 260,
    258, 260, 258, 260, 260, 263, 263, 265, 266, 270, 273, 276, 282, 284,
    285, 283, 280, 272, 266, 261, 252, 249, 248, 251, 256, 261, 269, 273,
    275, 271, 269, 262, 255, 250, 249, 247, 251, 256, 260, 264, 268, 271,
    267, 266, 260, 257, 251, 252, 257, 259, 264, 268, 266, 269, 269, 268,
    261, 259, 259, 257, 255, 257, 261, 257, 258, 257, 262, 258, 258, 260,
    260, 257, 261, 259, 260 ]
headPositionsY: [ 85, 82, 79, 78, 83, 83, 82, 80, 78, 78, 80, 80, 79, 80,
    78, 79, 79, 83, 80, 81, 78, 79, 79, 82, 78, 82, 80, 82, 83, 82, 82,
    79, 83, 80, 80, 83, 82, 82, 79, 79, 81, 82, 81, 84, 83, 84, 83, 86,
    82, 86, 86, 82, 85, 83, 83, 82, 86, 86, 87, 86, 84, 83, 87, 86, 86,
    82, 83, 85, 87, 84, 87, 82, 87, 86, 85, 83, 83, 82, 84, 87, 84, 87,
    84, 85, 84, 86, 85, 83, 86, 83, 84, 83, 82, 84, 82, 83, 86, 85, 86,
    87 ]
