%YAML:1.0
---
videoName: "headLookLeft0.mp4"
gestureLabel: 203
fps: 29
pixelSizeInCmTemp: 3.6287878787878786e-01
faceCenterPointX: 286
faceCenterPointY: 69
headPositionsX: [ 287, 255, 252, 253, 252, 255, 254, 253, 256, 253, 253,
    251, 253, 255, 255, 256, 254, 253, 255, 252, 255, 255, 256, 257, 255,
    256, 253, 253, 253, 253, 254, 253, 255, 252, 257, 257, 255, 255, 255,
    256, 253, 255, 258, 257, 255, 255, 257, 258, 258, 255, 254, 257, 256,
    254, 255, 256, 258, 253, 253, 257, 253, 256, 254, 254, 253, 257, 255,
    253, 256, 257, 253, 258, 257, 255, 257, 253, 255, 256, 257, 262, 262,
    263, 265, 269, 268, 273, 275, 274, 284, 277, 281, 274, 283, 283, 286,
    288, 288, 284, 285, 288 ]
headPositionsY: [ 69, 69, 69, 67, 67, 68, 66, 67, 69, 69, 69, 67, 71, 72,
    68, 72, 70, 67, 69, 70, 71, 71, 71, 68, 69, 72, 70, 69, 69, 72, 70,
    71, 71, 68, 70, 73, 73, 71, 68, 73, 68, 68, 70, 69, 69, 73, 71, 71,
    71, 71, 73, 73, 73, 71, 70, 70, 72, 69, 73, 70, 73, 71, 71, 73, 72,
    69, 71, 71, 71, 72, 73, 71, 70, 69, 73, 72, 69, 72, 74, 70, 69, 72,
    70, 68, 68, 69, 69, 68, 69, 69, 67, 65, 66, 65, 69, 68, 69, 68, 69,
    67 ]
