%YAML:1.0
---
videoName: "headShake3.mp4"
gestureLabel: 201
fps: 30
pixelSizeInCmTemp: 3.3263888888888887e-01
faceCenterPointX: 240
faceCenterPointY: 101
headPositionsX: [ 239, 243, 240, 242, 243, 242, 241, 241, 239, 243, 243,
    241, 242, 242, 241, 241, 242, 241, 239, 242, 240, 239, 243, 240, 242,
    241, 243, 241, 242, 242, 236, 238, 242, 243, 247, 250, 252, 255, 255,
    255, 256, 252, 250, 243, 236, 234, 231, 231, 226, 231, 232, 238, 244,
    249, 249, 249, 248, 248, 241, 239, 231, 231, 226, 224, 226, 228, 230,
    235, 241, 241, 245, 244, 246, 243, 242, 243, 238, 235, 237, 236, 232,
    232, 233, 236, 234, 236, 238, 237, 241, 237, 239, 241, 239, 243, 240,
    243, 243, 239, 242, 242 ]
headPositionsY: [ 100, 101, 98, 98, 100, 97, 98, 96, 101, 97, 99, 98,
    101, 97, 99, 98, 99, 98, 97, 101, 101, 99, 102, 99, 100, 97, 100,
    101, 96, 101, 100, 99, 97, 97, 99, 97, 96, 97, 100, 96, 98, 100, 99,
    98, 100, 97, 99, 100, 97, 97, 97, 97, 98, 99, 100, 99, 99, 96, 97,
    99, 100, 99, 96, 100, 97, 98, 97, 98, 101, 97, 101, 99, 97, 101, 98,
    101, 98, 101, 100, 99, 99, 98, 101, 102, 98, 98, 98, 100, 98, 99,
    101, 99, 99, 100, 101, 102, 102, 101, 100, 102 ]
