%YAML:1.0
---
videoName: "headShake43.mp4"
gestureLabel: 201
fps: 29
pixelSizeInCmTemp: 3.2808219178082193e-01
faceCenterPointX: 257
faceCenterPointY: 84
headPositionsX: [ 255, 261, 262, 259, 261, 259, 259, 258, 260, 258, 260,
    260, 261, 259, 258, 259, 260, 260, 258, 261, 261, 261, 259, 260, 262,
    264, 264, 267, 266, 269, 270, 276, 277, 276, 280, 283, 279, 278, 275,
    275, 270, 267, 264, 254, 254, 249, 243, 246, 243, 242, 250, 251, 255,
    262, 268, 271, 271, 274, 274, 271, 273, 268, 260, 254, 251, 247, 245,
    243, 243, 246, 249, 252, 256, 258, 262, 268, 270, 270, 267, 267, 266,
    267, 264, 262, 261, 259, 261, 258, 260, 259, 257, 258, 257, 255, 256,
    254, 257, 254, 258, 256 ]
headPositionsY: [ 86, 84, 85, 84, 85, 83, 83, 84, 84, 87, 88, 87, 83, 85,
    83, 85, 87, 84, 87, 84, 85, 85, 87, 86, 84, 84, 84, 85, 84, 82, 86,
    83, 80, 83, 81, 81, 81, 84, 83, 80, 86, 84, 87, 87, 86, 82, 81, 82,
    85, 85, 82, 82, 83, 83, 85, 84, 85, 80, 81, 83, 81, 85, 86, 85, 82,
    84, 83, 83, 81, 83, 86, 84, 82, 83, 84, 86, 81, 83, 86, 84, 81, 82,
    84, 86, 82, 87, 86, 82, 83, 82, 83, 84, 85, 85, 85, 82, 86, 83, 82,
    85 ]
