%YAML:1.0
---
videoName: "headLookDown2.mp4"
gestureLabel: 206
fps: 29
pixelSizeInCmTemp: 3.3732394366197183e-01
faceCenterPointX: 274
faceCenterPointY: 95
headPositionsX: [ 275, 275, 274, 273, 272, 276, 271, 276, 275, 275, 275,
    273, 272, 272, 273, 275, 274, 272, 271, 273, 272, 273, 274, 276, 277,
    271, 273, 273, 274, 274, 274, 273, 275, 272, 273, 274, 273, 275, 274,
    272, 272, 274, 275, 274, 273, 273, 273, 272, 272, 273, 274, 272, 274,
    272, 273, 271, 274, 276, 274, 275, 275, 272, 276, 274, 276, 275, 273,
    275, 274, 276, 274, 276, 277, 274, 276, 278, 276, 275, 277, 277, 275,
    274, 274, 277, 274, 275, 277, 274, 275, 276, 274, 277, 275, 276, 273,
    273, 274, 276, 273, 276 ]
headPositionsY: [ 96, 78, 80, 78, 78, 81, 77, 78, 78, 77, 79, 77, 77, 79,
    80, 80, 81, 81, 77, 78, 80, 81, 81, 79, 81, 80, 78, 81, 81, 80, 80,
    80, 82, 82, 82, 82, 83, 86, 84, 85, 88, 88, 89, 89, 92, 92, 93, 93,
    92, 94, 95, 94, 94, 94, 94, 95, 94, 97, 93, 95, 94, 97, 92, 95, 94,
    96, 96, 96, 93, 95, 93, 96, 96, 95, 93, 97, 96, 94, 96, 96, 93, 95,
    95, 97, 95, 93, 93, 95, 95, 95, 98, 95, 94, 94, 94, 94, 95, 95, 98,
    98 ]
