%YAML:1.0
---
videoName: "headShake23.mp4"
gestureLabel: 201
fps: 29
pixelSizeInCmTemp: 3.2808219178082193e-01
faceCenterPointX: 240
faceCenterPointY: 77
headPositionsX: [ 239, 244, 240, 241, 240, 244, 241, 244, 241, 241, 242,
    239, 243, 240, 243, 239, 242, 241, 240, 237, 241, 241, 246, 244, 249,
    251, 251, 255, 256, 255, 255, 256, 251, 249, 248, 246, 242, 240, 233,
    231, 231, 229, 229, 230, 229, 231, 230, 231, 236, 239, 244, 243, 246,
    252, 252, 252, 251, 254, 251, 249, 250, 249, 245, 245, 240, 243, 240,
    238, 235, 234, 236, 234, 236, 236, 237, 232, 236, 237, 235, 235, 237,
    239, 241, 243, 245, 244, 243, 246, 246, 246, 244, 244, 245, 246, 244,
    245, 241, 242, 240, 243 ]
headPositionsY: [ 75, 78, 79, 74, 75, 79, 78, 76, 79, 74, 79, 77, 74, 76,
    77, 78, 76, 76, 78, 76, 78, 78, 78, 79, 75, 76, 77, 79, 74, 75, 74,
    74, 78, 78, 78, 80, 75, 78, 77, 75, 74, 78, 74, 74, 75, 78, 79, 79,
    77, 80, 79, 75, 76, 78, 75, 76, 75, 77, 75, 74, 75, 80, 79, 78, 80,
    78, 78, 76, 79, 77, 78, 79, 76, 76, 79, 79, 78, 79, 76, 79, 77, 76,
    79, 77, 77, 78, 78, 76, 75, 77, 76, 77, 79, 77, 76, 80, 75, 75, 77,
    75 ]
