%YAML:1.0
---
videoName: "headNod49.mp4"
gestureLabel: 202
fps: 29
pixelSizeInCmTemp: 2.9207317073170730e-01
faceCenterPointX: 263
faceCenterPointY: 74
headPositionsX: [ 264, 263, 267, 263, 268, 263, 262, 267, 266, 262, 263,
    263, 267, 263, 265, 266, 265, 265, 266, 264, 264, 264, 265, 264, 263,
    265, 265, 264, 265, 263, 263, 262, 262, 263, 264, 264, 263, 263, 262,
    262, 262, 266, 265, 264, 264, 264, 263, 263, 264, 261, 261, 264, 261,
    262, 262, 265, 264, 266, 265, 264, 265, 266, 262, 265, 266, 265, 265,
    266, 265, 266, 265, 266, 262, 264, 265, 261, 264, 264, 263, 262, 264,
    262, 263, 261, 263, 261, 263, 263, 262, 262, 263, 264, 261, 261, 264,
    263, 263, 260, 261, 264 ]
headPositionsY: [ 74, 72, 69, 72, 69, 75, 70, 74, 74, 70, 70, 70, 71, 68,
    68, 70, 69, 66, 67, 67, 68, 68, 72, 76, 77, 76, 77, 76, 75, 72, 71,
    72, 71, 70, 67, 72, 70, 71, 72, 77, 78, 78, 77, 77, 73, 71, 72, 71,
    70, 73, 74, 72, 73, 77, 79, 79, 76, 75, 76, 73, 75, 73, 71, 73, 75,
    73, 76, 78, 79, 79, 76, 78, 77, 73, 74, 74, 76, 76, 76, 73, 75, 77,
    74, 76, 73, 75, 73, 74, 75, 75, 73, 77, 73, 73, 71, 76, 76, 73, 74,
    75 ]
