%YAML:1.0
---
videoName: "headShake5.mp4"
gestureLabel: 201
fps: 30
pixelSizeInCmTemp: 3.3263888888888887e-01
faceCenterPointX: 275
faceCenterPointY: 73
headPositionsX: [ 276, 275, 280, 279, 277, 279, 278, 280, 276, 279, 276,
    278, 278, 277, 277, 279, 279, 279, 276, 278, 277, 280, 278, 278, 277,
    277, 279, 276, 280, 275, 279, 278, 278, 281, 280, 287, 290, 295, 295,
    294, 297, 292, 289, 284, 279, 273, 265, 262, 262, 266, 267, 275, 281,
    286, 290, 288, 288, 285, 280, 275, 268, 265, 262, 264, 267, 268, 273,
    282, 284, 282, 283, 285, 283, 277, 274, 272, 267, 266, 265, 265, 268,
    272, 274, 280, 278, 284, 281, 280, 282, 281, 281, 280, 278, 276, 277,
    273, 277, 273, 274, 274 ]
headPositionsY: [ 74, 74, 72, 75, 72, 71, 74, 74, 74, 74, 75, 75, 75, 72,
    74, 73, 72, 75, 72, 72, 74, 73, 76, 72, 74, 73, 73, 72, 73, 73, 74,
    73, 74, 72, 75, 75, 71, 70, 71, 71, 71, 70, 71, 74, 74, 75, 72, 74,
    72, 74, 73, 72, 75, 72, 75, 72, 74, 74, 74, 77, 74, 74, 76, 74, 72,
    73, 72, 73, 74, 74, 76, 72, 76, 73, 75, 75, 76, 73, 70, 72, 76, 71,
    71, 70, 73, 74, 70, 73, 74, 73, 73, 74, 70, 72, 72, 74, 73, 74, 75,
    71 ]
