%YAML:1.0
---
videoName: "headNod28.mp4"
gestureLabel: 202
fps: 30
pixelSizeInCmTemp: 3.2364864864864862e-01
faceCenterPointX: 270
faceCenterPointY: 76
headPositionsX: [ 271, 272, 274, 271, 269, 273, 272, 273, 273, 274, 272,
    271, 270, 272, 270, 270, 271, 269, 269, 271, 270, 270, 271, 268, 270,
    272, 271, 268, 270, 268, 268, 271, 271, 272, 269, 273, 269, 270, 270,
    268, 272, 270, 271, 269, 267, 269, 271, 268, 271, 272, 268, 271, 271,
    273, 270, 271, 270, 272, 268, 269, 272, 268, 272, 270, 273, 269, 272,
    271, 270, 272, 269, 272, 273, 269, 273, 269, 274, 270, 271, 271, 270,
    272, 273, 273, 272, 269, 271, 270, 271, 271, 271, 273, 274, 269, 271,
    269, 269, 273, 271, 271 ]
headPositionsY: [ 75, 74, 77, 73, 77, 76, 76, 76, 73, 76, 77, 77, 75, 74,
    77, 73, 75, 77, 76, 77, 77, 75, 75, 75, 77, 75, 73, 76, 74, 74, 77,
    73, 73, 77, 72, 75, 76, 76, 73, 73, 74, 78, 78, 80, 80, 85, 82, 78,
    78, 75, 73, 75, 70, 73, 70, 69, 70, 74, 77, 77, 82, 81, 78, 81, 78,
    77, 73, 71, 74, 73, 74, 74, 77, 81, 79, 80, 82, 75, 73, 74, 74, 74,
    72, 74, 76, 79, 78, 78, 77, 77, 74, 76, 78, 76, 77, 76, 75, 79, 78,
    78 ]
