%YAML:1.0
---
videoName: "headNod41.mp4"
gestureLabel: 202
fps: 29
pixelSizeInCmTemp: 2.9937500000000000e-01
faceCenterPointX: 267
faceCenterPointY: 76
headPositionsX: [ 269, 271, 269, 272, 271, 270, 270, 271, 271, 269, 272,
    269, 271, 269, 271, 271, 270, 272, 269, 273, 270, 273, 271, 271, 271,
    270, 268, 271, 268, 268, 271, 272, 270, 269, 269, 271, 270, 268, 272,
    270, 268, 272, 269, 271, 267, 270, 271, 268, 271, 265, 267, 268, 269,
    271, 268, 268, 266, 269, 268, 270, 271, 268, 269, 268, 268, 271, 266,
    269, 266, 269, 266, 268, 266, 269, 270, 265, 268, 266, 267, 269, 267,
    269, 266, 266, 266, 265, 266, 267, 269, 270, 268, 269, 265, 265, 267,
    266, 270, 267, 269, 267 ]
headPositionsY: [ 74, 70, 75, 75, 75, 75, 74, 72, 73, 74, 73, 72, 73, 74,
    73, 76, 74, 72, 76, 73, 74, 76, 75, 73, 72, 72, 72, 75, 74, 73, 75,
    76, 74, 72, 76, 74, 72, 73, 75, 78, 79, 83, 85, 89, 90, 90, 88, 88,
    85, 78, 79, 69, 71, 65, 65, 67, 64, 67, 71, 76, 79, 86, 90, 95, 92,
    92, 87, 79, 78, 76, 76, 71, 73, 71, 72, 76, 81, 85, 81, 85, 82, 78,
    75, 75, 75, 76, 72, 73, 76, 73, 80, 80, 80, 80, 80, 77, 77, 75, 74,
    79 ]
