%YAML:1.0
---
videoName: "headNod32.mp4"
gestureLabel: 202
fps: 29
pixelSizeInCmTemp: 2.8855421686746985e-01
faceCenterPointX: 266
faceCenterPointY: 74
headPositionsX: [ 264, 267, 270, 268, 269, 268, 265, 267, 268, 267, 268,
    266, 266, 265, 268, 267, 268, 267, 268, 266, 264, 267, 265, 267, 265,
    265, 265, 266, 268, 266, 269, 264, 268, 269, 266, 266, 269, 268, 270,
    269, 268, 270, 268, 269, 269, 266, 267, 270, 268, 269, 266, 266, 268,
    267, 265, 265, 267, 266, 265, 269, 266, 265, 265, 269, 269, 266, 266,
    266, 269, 265, 265, 265, 264, 266, 265, 266, 264, 264, 267, 265, 267,
    266, 266, 263, 265, 268, 268, 267, 266, 267, 267, 267, 269, 266, 266,
    264, 267, 266, 265, 266 ]
headPositionsY: [ 73, 77, 77, 79, 78, 80, 78, 76, 79, 79, 77, 77, 80, 79,
    75, 80, 77, 75, 77, 75, 79, 79, 76, 77, 76, 78, 80, 79, 80, 79, 77,
    79, 80, 79, 76, 77, 80, 78, 76, 80, 77, 80, 76, 77, 78, 75, 77, 77,
    77, 75, 80, 78, 79, 78, 77, 75, 76, 75, 77, 75, 69, 66, 65, 66, 66,
    69, 69, 71, 76, 80, 87, 86, 88, 87, 82, 79, 74, 75, 71, 70, 69, 71,
    70, 70, 69, 75, 73, 75, 74, 76, 76, 74, 78, 74, 75, 77, 74, 75, 73,
    76 ]
