%YAML:1.0
---
videoName: "headShake19.mp4"
gestureLabel: 201
fps: 29
pixelSizeInCmTemp: 3.1933333333333330e-01
faceCenterPointX: 243
faceCenterPointY: 78
headPositionsX: [ 244, 242, 243, 245, 242, 243, 244, 242, 244, 243, 246,
    246, 243, 245, 244, 242, 241, 242, 242, 243, 243, 242, 241, 245, 244,
    243, 240, 241, 241, 244, 240, 240, 240, 240, 240, 241, 240, 237, 235,
    233, 235, 234, 237, 242, 248, 253, 257, 257, 256, 255, 251, 243, 239,
    233, 233, 229, 233, 231, 236, 239, 243, 247, 249, 246, 246, 244, 240,
    237, 236, 238, 238, 239, 238, 239, 241, 241, 245, 246, 247, 243, 243,
    244, 242, 244, 241, 239, 241, 238, 239, 242, 239, 240, 242, 240, 243,
    240, 242, 243, 243, 245 ]
headPositionsY: [ 77, 75, 74, 77, 77, 78, 76, 74, 78, 78, 76, 76, 75, 78,
    75, 74, 77, 78, 74, 77, 78, 79, 77, 78, 76, 79, 79, 77, 77, 78, 75,
    76, 74, 76, 75, 78, 79, 78, 75, 75, 78, 74, 79, 79, 75, 75, 74, 77,
    77, 74, 76, 75, 74, 78, 75, 77, 76, 75, 79, 78, 79, 75, 77, 78, 79,
    77, 78, 77, 75, 79, 77, 76, 79, 76, 75, 76, 80, 76, 78, 79, 77, 78,
    75, 80, 80, 77, 77, 79, 78, 80, 76, 78, 80, 77, 77, 79, 79, 79, 77,
    80 ]
