%YAML:1.0
---
videoName: "headLookLeft6.mp4"
gestureLabel: 203
fps: 29
pixelSizeInCmTemp: 3.2808219178082193e-01
faceCenterPointX: 267
faceCenterPointY: 69
headPositionsX: [ 266, 244, 245, 244, 242, 245, 245, 245, 243, 246, 245,
    247, 246, 246, 244, 245, 246, 246, 245, 248, 245, 244, 245, 245, 246,
    247, 248, 250, 252, 254, 254, 257, 259, 260, 263, 265, 269, 266, 266,
    272, 269, 271, 270, 268, 267, 267, 270, 271, 270, 269, 268, 266, 271,
    270, 269, 271, 268, 271, 265, 268, 268, 264, 266, 268, 271, 265, 267,
    269, 269, 265, 267, 267, 267, 268, 264, 266, 268, 270, 268, 267, 264,
    266, 265, 267, 268, 270, 266, 267, 267, 267, 268, 269, 269, 266, 269,
    265, 267, 268, 266, 267 ]
headPositionsY: [ 70, 72, 71, 72, 74, 70, 71, 72, 71, 71, 70, 72, 72, 72,
    70, 73, 70, 71, 71, 74, 71, 72, 70, 73, 72, 75, 72, 72, 69, 73, 73,
    72, 72, 72, 71, 67, 70, 72, 68, 68, 71, 70, 68, 68, 68, 69, 70, 69,
    71, 71, 67, 70, 71, 71, 73, 72, 68, 69, 68, 68, 72, 69, 68, 66, 72,
    72, 68, 69, 72, 69, 70, 68, 71, 70, 70, 70, 72, 68, 73, 72, 71, 68,
    68, 68, 70, 69, 68, 67, 70, 71, 70, 67, 71, 70, 70, 68, 70, 67, 71,
    66 ]
