%YAML:1.0
---
videoName: "headNod12.mp4"
gestureLabel: 202
fps: 29
pixelSizeInCmTemp: 3.2808219178082193e-01
faceCenterPointX: 254
faceCenterPointY: 69
headPositionsX: [ 252, 254, 253, 253, 253, 251, 254, 253, 253, 257, 254,
    258, 255, 256, 254, 257, 257, 255, 255, 259, 256, 256, 257, 255, 255,
    256, 259, 257, 255, 255, 255, 257, 256, 256, 256, 254, 254, 257, 253,
    255, 254, 255, 257, 252, 253, 256, 257, 255, 256, 253, 254, 256, 252,
    253, 252, 253, 256, 256, 256, 255, 253, 252, 255, 256, 256, 253, 254,
    255, 255, 252, 253, 253, 255, 253, 252, 255, 255, 257, 253, 256, 254,
    257, 254, 255, 257, 254, 254, 254, 253, 257, 253, 255, 257, 257, 257,
    254, 253, 253, 252, 254 ]
headPositionsY: [ 71, 76, 73, 76, 70, 71, 72, 73, 73, 76, 74, 73, 75, 73,
    71, 71, 74, 73, 74, 72, 73, 71, 75, 72, 75, 76, 72, 72, 72, 75, 73,
    73, 72, 71, 74, 70, 69, 66, 66, 64, 62, 64, 61, 63, 63, 66, 67, 72,
    70, 76, 77, 78, 80, 76, 76, 75, 72, 68, 65, 66, 62, 62, 61, 63, 63,
    69, 71, 72, 71, 73, 76, 73, 77, 72, 71, 71, 68, 67, 67, 65, 64, 68,
    65, 68, 69, 70, 70, 73, 73, 72, 73, 73, 75, 71, 70, 73, 70, 69, 69,
    70 ]
