%YAML:1.0
---
videoName: "headNod31.mp4"
gestureLabel: 202
fps: 29
pixelSizeInCmTemp: 2.8855421686746985e-01
faceCenterPointX: 267
faceCenterPointY: 75
headPositionsX: [ 268, 269, 270, 272, 271, 272, 271, 268, 272, 272, 269,
    272, 270, 269, 268, 268, 269, 268, 269, 268, 268, 268, 268, 264, 266,
    264, 264, 265, 268, 270, 266, 269, 268, 269, 271, 269, 267, 269, 267,
    269, 266, 266, 269, 266, 265, 265, 268, 266, 269, 268, 266, 268, 265,
    265, 265, 263, 266, 267, 267, 266, 265, 268, 267, 268, 269, 269, 264,
    267, 268, 268, 267, 265, 264, 268, 265, 266, 264, 267, 266, 267, 268,
    265, 266, 266, 267, 267, 267, 268, 266, 265, 267, 269, 267, 266, 269,
    268, 268, 269, 266, 267 ]
headPositionsY: [ 73, 74, 75, 72, 73, 72, 75, 67, 64, 65, 67, 68, 66, 68,
    74, 80, 82, 85, 87, 85, 85, 83, 80, 79, 72, 71, 70, 71, 67, 68, 67,
    68, 73, 76, 76, 80, 84, 87, 85, 88, 87, 82, 81, 77, 75, 72, 74, 73,
    74, 79, 79, 85, 83, 84, 82, 82, 77, 74, 73, 69, 71, 71, 71, 67, 72,
    74, 74, 76, 79, 79, 79, 79, 77, 75, 74, 72, 73, 69, 73, 73, 72, 75,
    74, 76, 76, 78, 77, 78, 75, 72, 76, 75, 74, 77, 74, 76, 74, 77, 76,
    73 ]
