%YAML:1.0
---
videoName: "headShake29.mp4"
gestureLabel: 201
fps: 29
pixelSizeInCmTemp: 3.3263888888888887e-01
faceCenterPointX: 243
faceCenterPointY: 76
headPositionsX: [ 242, 244, 241, 245, 242, 244, 242, 244, 244, 244, 242,
    245, 244, 243, 243, 240, 242, 240, 244, 243, 245, 244, 242, 239, 240,
    237, 241, 235, 240, 240, 243, 248, 252, 253, 254, 254, 253, 251, 248,
    241, 237, 231, 229, 227, 228, 232, 233, 238, 242, 247, 251, 250, 253,
    252, 248, 245, 239, 235, 235, 232, 229, 230, 233, 236, 236, 239, 248,
    251, 253, 252, 252, 252, 248, 246, 244, 242, 239, 238, 235, 234, 232,
    233, 233, 238, 236, 236, 241, 240, 242, 243, 241, 245, 244, 241, 243,
    245, 241, 241, 244, 242 ]
headPositionsY: [ 77, 78, 77, 74, 74, 76, 73, 74, 75, 75, 74, 76, 74, 77,
    77, 74, 76, 74, 76, 75, 77, 75, 75, 74, 76, 74, 75, 74, 75, 77, 75,
    77, 75, 77, 75, 73, 76, 75, 73, 74, 78, 74, 74, 77, 76, 76, 74, 74,
    79, 76, 77, 75, 75, 75, 77, 77, 75, 76, 78, 76, 77, 77, 74, 75, 76,
    75, 79, 74, 75, 77, 73, 76, 76, 74, 74, 77, 76, 78, 75, 75, 74, 74,
    77, 76, 78, 78, 75, 78, 78, 74, 75, 80, 79, 77, 79, 78, 75, 75, 76,
    76 ]
