%YAML:1.0
---
videoName: "headShake43.mp4"
gestureLabel: 201
fps: 29
pixelSizeInCmTemp: 3.2808219178082193e-01
faceCenterPointX: 257
faceCenterPointY: 84
headPositionsX: [ 257, 260, 260, 258, 260, 259, 258, 261, 259, 260, 261,
    262, 259, 258, 259, 260, 262, 258, 260, 258, 262, 258, 259, 262, 261,
    263, 261, 266, 269, 268, 273, 274, 279, 276, 280, 283, 279, 276, 278,
    275, 268, 267, 264, 258, 250, 246, 243, 242, 241, 245, 248, 252, 258,
    260, 266, 269, 274, 276, 275, 273, 273, 267, 263, 258, 251, 246, 247,
    244, 243, 249, 247, 251, 257, 261, 264, 266, 268, 270, 269, 270, 267,
    268, 266, 264, 261, 262, 261, 259, 258, 258, 257, 258, 256, 258, 259,
    258, 256, 258, 259, 255 ]
headPositionsY: [ 82, 87, 87, 86, 87, 86, 83, 86, 84, 85, 86, 87, 86, 84,
    87, 86, 87, 85, 87, 87, 85, 87, 87, 84, 86, 84, 83, 85, 86, 85, 85,
    84, 84, 80, 84, 83, 85, 84, 81, 84, 84, 86, 84, 83, 86, 83, 85, 85,
    84, 85, 82, 84, 82, 86, 83, 85, 84, 82, 84, 80, 83, 82, 83, 83, 85,
    83, 80, 81, 85, 85, 83, 83, 83, 87, 84, 84, 85, 81, 85, 81, 85, 83,
    86, 86, 85, 83, 84, 85, 82, 83, 82, 81, 84, 82, 82, 85, 86, 83, 83,
    82 ]
