%YAML:1.0
---
videoName: "headLookDown0.mp4"
gestureLabel: 206
fps: 29
pixelSizeInCmTemp: 3.3263888888888887e-01
faceCenterPointX: 273
faceCenterPointY: 93
headPositionsX: [ 272, 271, 275, 273, 271, 273, 270, 272, 270, 271, 270,
    274, 274, 274, 273, 272, 270, 273, 270, 273, 273, 270, 274, 272, 271,
    270, 271, 272, 269, 273, 270, 271, 270, 270, 271, 273, 271, 272, 271,
    269, 273, 273, 271, 271, 271, 272, 272, 274, 273, 270, 273, 273, 272,
    271, 274, 274, 270, 271, 273, 271, 274, 270, 274, 273, 272, 271, 271,
    273, 272, 272, 272, 273, 270, 273, 274, 272, 273, 270, 273, 275, 272,
    273, 271, 270, 273, 275, 275, 274, 273, 272, 274, 274, 274, 270, 271,
    273, 273, 274, 274, 270 ]
headPositionsY: [ 91, 78, 79, 81, 80, 79, 81, 82, 80, 78, 79, 80, 82, 77,
    78, 78, 79, 81, 78, 82, 82, 80, 78, 82, 79, 78, 80, 77, 82, 78, 80,
    79, 78, 78, 79, 83, 83, 84, 83, 83, 85, 86, 90, 92, 93, 92, 94, 98,
    96, 96, 97, 96, 96, 97, 97, 98, 98, 95, 94, 95, 97, 98, 98, 95, 94,
    98, 97, 93, 94, 98, 96, 98, 95, 93, 93, 94, 93, 96, 95, 93, 93, 93,
    96, 93, 95, 96, 94, 97, 93, 94, 96, 94, 93, 91, 94, 93, 93, 92, 94,
    95 ]
