%YAML:1.0
---
videoName: "headLookUp3.mp4"
gestureLabel: 205
fps: 29
pixelSizeInCmTemp: 3.7421874999999999e-01
faceCenterPointX: 254
faceCenterPointY: 68
headPositionsX: [ 255, 258, 255, 254, 253, 258, 255, 254, 253, 255, 256,
    257, 253, 254, 254, 255, 256, 259, 258, 259, 259, 255, 257, 256, 255,
    254, 257, 258, 257, 254, 257, 255, 256, 259, 257, 256, 257, 255, 257,
    256, 258, 257, 255, 254, 253, 254, 258, 255, 255, 258, 253, 258, 253,
    257, 255, 256, 256, 257, 255, 257, 255, 257, 253, 254, 255, 253, 256,
    254, 255, 257, 255, 254, 253, 257, 254, 257, 253, 256, 255, 255, 256,
    256, 256, 255, 252, 253, 258, 254, 255, 257, 258, 255, 257, 255, 256,
    256, 256, 257, 255, 256 ]
headPositionsY: [ 67, 85, 83, 80, 80, 84, 82, 80, 80, 80, 80, 82, 82, 81,
    80, 82, 80, 81, 82, 82, 80, 82, 82, 82, 84, 80, 83, 81, 81, 81, 81,
    82, 81, 84, 84, 80, 82, 79, 79, 77, 80, 76, 79, 75, 73, 74, 69, 68,
    67, 68, 67, 69, 66, 67, 66, 67, 71, 64, 67, 67, 67, 68, 68, 70, 68,
    68, 64, 69, 69, 68, 66, 69, 68, 67, 69, 67, 67, 69, 69, 68, 70, 67,
    67, 66, 67, 68, 66, 67, 69, 68, 69, 69, 68, 68, 67, 69, 68, 71, 68,
    69 ]
