%YAML:1.0
---
videoName: "headNod11.mp4"
gestureLabel: 202
fps: 29
pixelSizeInCmTemp: 3.2364864864864862e-01
faceCenterPointX: 261
faceCenterPointY: 75
headPositionsX: [ 261, 261, 260, 257, 260, 258, 261, 259, 258, 258, 260,
    257, 258, 258, 257, 258, 261, 259, 260, 261, 260, 260, 260, 259, 261,
    261, 261, 262, 262, 259, 260, 262, 261, 260, 259, 258, 260, 258, 262,
    258, 261, 258, 262, 260, 259, 261, 263, 260, 259, 261, 261, 259, 259,
    261, 260, 261, 259, 262, 257, 260, 258, 259, 260, 259, 257, 256, 259,
    258, 257, 259, 259, 257, 258, 257, 256, 258, 257, 255, 258, 255, 258,
    257, 258, 261, 259, 261, 260, 258, 260, 260, 260, 258, 258, 258, 258,
    260, 258, 261, 262, 258 ]
headPositionsY: [ 76, 72, 73, 76, 75, 75, 72, 75, 72, 72, 75, 72, 73, 76,
    72, 75, 75, 75, 76, 74, 73, 75, 73, 75, 76, 75, 72, 75, 74, 78, 77,
    73, 74, 76, 73, 73, 77, 76, 76, 74, 77, 74, 74, 76, 76, 74, 73, 74,
    74, 72, 69, 70, 69, 69, 69, 69, 76, 78, 75, 80, 80, 81, 78, 72, 71,
    67, 68, 67, 70, 74, 75, 75, 78, 81, 80, 82, 77, 79, 76, 72, 73, 68,
    73, 72, 76, 75, 76, 80, 80, 78, 78, 77, 79, 76, 78, 75, 77, 76, 74,
    74 ]
