%YAML:1.0
---
videoName: "headShake20.mp4"
gestureLabel: 201
fps: 29
pixelSizeInCmTemp: 3.3263888888888887e-01
faceCenterPointX: 242
faceCenterPointY: 78
headPositionsX: [ 244, 243, 246, 244, 243, 242, 244, 243, 244, 244, 241,
    242, 244, 243, 241, 245, 245, 244, 244, 243, 241, 244, 243, 244, 241,
    241, 242, 242, 241, 242, 242, 245, 241, 243, 244, 243, 241, 244, 246,
    247, 245, 251, 253, 256, 262, 259, 255, 254, 251, 244, 238, 232, 232,
    229, 229, 232, 239, 246, 248, 253, 254, 252, 249, 247, 242, 240, 235,
    235, 229, 231, 237, 237, 240, 243, 246, 244, 247, 243, 241, 241, 240,
    238, 241, 242, 240, 239, 242, 242, 244, 246, 244, 242, 241, 242, 241,
    245, 240, 240, 239, 241 ]
headPositionsY: [ 77, 76, 74, 78, 78, 74, 75, 78, 75, 77, 75, 78, 77, 75,
    78, 74, 74, 79, 78, 75, 78, 75, 74, 74, 78, 76, 78, 74, 77, 77, 78,
    77, 75, 76, 75, 78, 76, 76, 78, 75, 77, 78, 77, 76, 72, 75, 74, 77,
    77, 78, 74, 77, 75, 73, 77, 78, 77, 75, 77, 76, 74, 74, 74, 76, 76,
    77, 77, 77, 75, 77, 76, 76, 76, 75, 75, 76, 77, 75, 78, 76, 77, 79,
    77, 75, 79, 79, 75, 75, 76, 79, 76, 77, 77, 80, 78, 79, 75, 78, 76,
    76 ]
