%YAML:1.0
---
videoName: "headShake43.mp4"
gestureLabel: 201
fps: 29
pixelSizeInCmTemp: 3.2808219178082193e-01
faceCenterPointX: 257
faceCenterPointY: 84
headPositionsX: [ 259, 262, 260, 261, 258, 262, 262, 258, 258, 258, 262,
    259, 261, 261, 261, 261, 258, 261, 260, 259, 261, 262, 260, 261, 260,
    262, 262, 266, 270, 270, 270, 274, 278, 276, 279, 284, 281, 278, 279,
    277, 270, 266, 263, 254, 254, 250, 243, 243, 241, 244, 247, 252, 257,
    262, 269, 268, 271, 272, 274, 273, 272, 264, 262, 255, 253, 244, 247,
    241, 244, 245, 250, 253, 256, 258, 262, 266, 267, 268, 268, 270, 269,
    265, 264, 264, 263, 260, 262, 260, 256, 256, 259, 259, 256, 258, 259,
    255, 259, 255, 255, 254 ]
headPositionsY: [ 86, 86, 84, 83, 86, 83, 86, 87, 85, 87, 85, 87, 87, 85,
    85, 84, 87, 86, 87, 84, 84, 88, 88, 83, 86, 86, 83, 85, 85, 85, 85,
    83, 80, 81, 84, 81, 85, 82, 82, 82, 83, 84, 86, 87, 87, 85, 84, 84,
    85, 82, 86, 83, 86, 84, 86, 84, 81, 82, 81, 82, 85, 86, 83, 83, 84,
    85, 83, 82, 85, 83, 83, 85, 82, 87, 84, 84, 81, 83, 84, 81, 85, 82,
    86, 82, 83, 83, 85, 83, 84, 86, 81, 85, 83, 85, 86, 86, 83, 81, 81,
    85 ]
