%YAML:1.0
---
videoName: "headNod35.mp4"
gestureLabel: 202
fps: 30
pixelSizeInCmTemp: 2.9937500000000000e-01
faceCenterPointX: 268
faceCenterPointY: 78
headPositionsX: [ 268, 266, 267, 270, 269, 269, 271, 268, 269, 271, 271,
    269, 268, 269, 268, 268, 268, 270, 270, 270, 268, 270, 272, 272, 270,
    272, 272, 269, 271, 269, 269, 271, 268, 271, 268, 268, 271, 269, 266,
    266, 267, 265, 267, 267, 270, 270, 267, 267, 271, 268, 269, 271, 267,
    269, 266, 267, 271, 267, 266, 269, 267, 269, 270, 269, 267, 270, 270,
    269, 269, 268, 271, 271, 268, 271, 269, 266, 270, 271, 267, 272, 268,
    268, 269, 269, 266, 264, 266, 268, 266, 267, 265, 266, 269, 265, 266,
    267, 265, 267, 270, 269 ]
headPositionsY: [ 77, 76, 74, 76, 76, 76, 75, 77, 78, 79, 78, 78, 77, 77,
    75, 77, 79, 75, 76, 76, 76, 77, 77, 78, 77, 75, 76, 72, 69, 70, 66,
    67, 67, 68, 69, 75, 81, 83, 91, 92, 95, 93, 86, 84, 79, 76, 73, 72,
    73, 74, 76, 81, 85, 88, 89, 91, 87, 84, 80, 82, 75, 73, 70, 74, 71,
    74, 78, 81, 86, 86, 85, 87, 81, 80, 76, 74, 73, 73, 74, 76, 80, 85,
    86, 86, 87, 84, 82, 81, 80, 78, 80, 79, 81, 80, 80, 76, 78, 79, 79,
    80 ]
