%YAML:1.0
---
videoName: "headLookLeft6.mp4"
gestureLabel: 203
fps: 29
pixelSizeInCmTemp: 3.2808219178082193e-01
faceCenterPointX: 267
faceCenterPointY: 69
headPositionsX: [ 267, 246, 242, 247, 244, 246, 246, 248, 244, 244, 248,
    245, 244, 247, 246, 243, 247, 245, 247, 244, 247, 244, 246, 244, 243,
    246, 249, 248, 249, 251, 252, 256, 259, 262, 265, 264, 267, 268, 266,
    268, 268, 270, 269, 266, 267, 269, 270, 267, 270, 269, 269, 267, 268,
    269, 268, 271, 265, 267, 267, 270, 266, 267, 267, 269, 270, 267, 266,
    265, 265, 269, 266, 266, 265, 265, 266, 268, 264, 268, 271, 267, 265,
    265, 266, 267, 266, 266, 269, 269, 266, 269, 265, 267, 266, 268, 266,
    265, 263, 264, 267, 267 ]
headPositionsY: [ 67, 74, 71, 72, 72, 73, 71, 70, 72, 71, 70, 73, 71, 70,
    71, 70, 71, 73, 74, 70, 72, 71, 73, 73, 72, 73, 70, 74, 72, 70, 73,
    72, 68, 72, 72, 69, 71, 69, 70, 70, 70, 68, 68, 69, 69, 69, 66, 72,
    70, 69, 66, 68, 71, 69, 70, 69, 72, 69, 69, 71, 69, 71, 68, 67, 70,
    69, 68, 70, 68, 68, 69, 67, 68, 71, 70, 71, 70, 71, 69, 69, 70, 72,
    69, 71, 69, 68, 72, 67, 72, 69, 68, 67, 69, 70, 68, 70, 69, 68, 70,
    70 ]
