%YAML:1.0
---
videoName: "headLookRight2.mp4"
gestureLabel: 204
fps: 29
pixelSizeInCmTemp: 3.8015873015873014e-01
faceCenterPointX: 228
faceCenterPointY: 68
headPositionsX: [ 226, 252, 254, 253, 251, 250, 249, 251, 253, 254, 250,
    254, 252, 249, 250, 253, 250, 252, 253, 254, 251, 251, 254, 252, 252,
    255, 255, 252, 253, 256, 256, 253, 252, 254, 254, 253, 256, 250, 254,
    251, 254, 255, 254, 252, 251, 253, 254, 249, 251, 251, 246, 244, 244,
    241, 241, 235, 236, 234, 229, 232, 226, 227, 232, 229, 227, 225, 226,
    227, 224, 227, 230, 229, 226, 227, 227, 226, 230, 231, 229, 227, 232,
    232, 231, 229, 231, 226, 231, 224, 229, 227, 228, 229, 229, 231, 228,
    230, 227, 229, 225, 230 ]
headPositionsY: [ 70, 65, 70, 66, 70, 67, 70, 70, 70, 67, 69, 71, 69, 68,
    67, 67, 71, 69, 71, 68, 71, 70, 68, 71, 69, 72, 72, 71, 69, 72, 69,
    70, 71, 68, 68, 69, 70, 68, 71, 71, 67, 71, 68, 71, 71, 71, 70, 68,
    68, 67, 66, 69, 70, 67, 68, 67, 71, 71, 70, 72, 68, 70, 66, 65, 67,
    67, 66, 70, 74, 71, 68, 66, 68, 68, 71, 70, 72, 70, 69, 69, 70, 72,
    72, 72, 70, 67, 69, 68, 70, 69, 70, 69, 70, 67, 66, 66, 70, 69, 69,
    68 ]
