%YAML:1.0
---
videoName: "headShake17.mp4"
gestureLabel: 201
fps: 29
pixelSizeInCmTemp: 3.3263888888888887e-01
faceCenterPointX: 242
faceCenterPointY: 76
headPositionsX: [ 243, 238, 238, 240, 236, 240, 237, 242, 243, 247, 250,
    254, 257, 258, 256, 257, 256, 250, 247, 238, 234, 235, 231, 227, 224,
    226, 229, 233, 235, 242, 242, 247, 250, 253, 254, 253, 253, 251, 246,
    245, 242, 240, 239, 232, 232, 234, 230, 231, 233, 235, 239, 241, 244,
    243, 243, 245, 247, 247, 246, 244, 240, 240, 240, 240, 240, 240, 238,
    238, 239, 239, 238, 243, 239, 240, 239, 239, 239, 238, 239, 242, 242,
    243, 240, 240, 242, 239, 242, 240, 240, 243, 241, 242, 241, 241, 240,
    240, 240, 242, 239, 239 ]
headPositionsY: [ 75, 74, 77, 77, 77, 78, 75, 75, 74, 77, 77, 73, 76, 76,
    77, 78, 73, 76, 79, 75, 79, 76, 77, 75, 78, 76, 75, 79, 78, 78, 75,
    78, 77, 74, 75, 73, 75, 76, 76, 79, 77, 75, 79, 78, 77, 75, 74, 77,
    79, 76, 75, 75, 76, 78, 78, 79, 75, 79, 75, 77, 78, 79, 79, 75, 77,
    74, 78, 76, 77, 77, 78, 75, 77, 75, 75, 78, 74, 76, 77, 78, 78, 78,
    78, 77, 78, 75, 78, 76, 77, 74, 78, 76, 78, 77, 76, 78, 74, 78, 75,
    78 ]
