%YAML:1.0
---
videoName: "headLookDown7.mp4"
gestureLabel: 206
fps: 30
pixelSizeInCmTemp: 3.3732394366197183e-01
faceCenterPointX: 274
faceCenterPointY: 95
headPositionsX: [ 276, 276, 273, 272, 275, 274, 275, 273, 275, 275, 275,
    274, 276, 275, 276, 272, 275, 274, 274, 274, 274, 274, 272, 275, 272,
    274, 275, 272, 276, 273, 274, 271, 275, 275, 275, 273, 272, 271, 273,
    272, 274, 273, 271, 274, 272, 272, 275, 272, 275, 272, 273, 277, 274,
    276, 275, 273, 273, 277, 274, 276, 276, 274, 274, 273, 276, 276, 276,
    272, 275, 272, 272, 276, 272, 272, 273, 271, 274, 275, 277, 273, 274,
    276, 274, 274, 274, 274, 275, 277, 273, 276, 276, 273, 275, 274, 276,
    275, 276, 275, 275, 276 ]
headPositionsY: [ 96, 84, 85, 80, 82, 80, 82, 82, 82, 83, 84, 81, 85, 83,
    81, 80, 81, 82, 81, 82, 80, 81, 80, 83, 84, 83, 83, 82, 84, 81, 85,
    80, 83, 81, 84, 84, 84, 85, 81, 82, 82, 85, 84, 82, 81, 82, 85, 83,
    84, 84, 84, 85, 87, 89, 86, 91, 92, 92, 92, 91, 95, 95, 95, 96, 94,
    94, 95, 97, 97, 97, 96, 93, 93, 97, 95, 97, 98, 96, 94, 94, 95, 94,
    96, 95, 93, 94, 97, 93, 97, 95, 94, 94, 95, 96, 94, 95, 97, 97, 95,
    98 ]
