%YAML:1.0
---
videoName: "headShake24.mp4"
gestureLabel: 201
fps: 29
pixelSizeInCmTemp: 3.2808219178082193e-01
faceCenterPointX: 240
faceCenterPointY: 78
headPositionsX: [ 242, 251, 252, 254, 251, 252, 255, 254, 253, 250, 251,
    245, 242, 245, 238, 236, 237, 233, 231, 232, 229, 228, 232, 230, 230,
    233, 236, 241, 241, 244, 245, 248, 248, 251, 249, 249, 250, 246, 247,
    244, 242, 241, 241, 237, 239, 235, 234, 236, 233, 233, 236, 235, 236,
    235, 236, 240, 241, 243, 247, 243, 245, 247, 246, 247, 248, 247, 249,
    246, 244, 245, 243, 245, 244, 240, 239, 242, 240, 238, 241, 237, 239,
    238, 238, 240, 238, 238, 239, 241, 242, 241, 239, 238, 239, 242, 242,
    239, 242, 239, 240, 241 ]
headPositionsY: [ 77, 78, 77, 73, 75, 74, 73, 75, 76, 77, 75, 78, 80, 78,
    80, 79, 75, 75, 77, 77, 77, 75, 79, 78, 78, 79, 76, 77, 80, 75, 78,
    79, 76, 77, 78, 79, 76, 80, 78, 79, 77, 78, 77, 79, 80, 77, 77, 75,
    79, 75, 78, 76, 78, 76, 77, 78, 80, 77, 77, 75, 79, 80, 78, 79, 75,
    78, 76, 75, 75, 77, 79, 80, 76, 77, 77, 74, 80, 78, 77, 80, 79, 77,
    77, 79, 78, 76, 77, 79, 80, 78, 78, 79, 76, 79, 78, 78, 76, 77, 79,
    75 ]
