%YAML:1.0
---
videoName: "headShake23.mp4"
gestureLabel: 201
fps: 29
pixelSizeInCmTemp: 3.2808219178082193e-01
faceCenterPointX: 240
faceCenterPointY: 77
headPositionsX: [ 242, 240, 242, 244, 241, 242, 243, 241, 242, 240, 244,
    242, 242, 241, 239, 242, 243, 241, 238, 241, 242, 241, 246, 245, 248,
    251, 252, 252, 255, 255, 251, 252, 255, 251, 248, 243, 242, 240, 233,
    229, 233, 231, 228, 227, 231, 231, 231, 233, 237, 238, 241, 246, 247,
    249, 252, 250, 250, 255, 254, 252, 251, 251, 245, 242, 241, 239, 239,
    239, 237, 238, 234, 234, 233, 235, 235, 232, 235, 234, 239, 239, 237,
    242, 242, 243, 241, 244, 241, 242, 244, 246, 247, 244, 245, 243, 241,
    245, 245, 241, 243, 239 ]
headPositionsY: [ 78, 78, 78, 78, 79, 76, 77, 75, 79, 78, 76, 77, 76, 77,
    79, 76, 74, 78, 74, 77, 77, 74, 75, 76, 79, 78, 75, 75, 75, 76, 74,
    74, 78, 78, 79, 78, 78, 79, 77, 75, 78, 79, 78, 76, 76, 75, 77, 77,
    79, 80, 77, 76, 79, 79, 76, 76, 78, 78, 75, 76, 76, 79, 78, 78, 77,
    80, 79, 79, 76, 80, 77, 77, 80, 79, 77, 79, 79, 80, 80, 76, 76, 78,
    77, 76, 77, 79, 77, 79, 79, 75, 80, 79, 80, 76, 75, 77, 77, 77, 77,
    78 ]
