%YAML:1.0
---
videoName: "headShake38.mp4"
gestureLabel: 201
fps: 29
pixelSizeInCmTemp: 3.2808219178082193e-01
faceCenterPointX: 259
faceCenterPointY: 84
headPositionsX: [ 258, 265, 262, 261, 261, 263, 263, 261, 263, 260, 266,
    263, 262, 265, 262, 265, 263, 262, 265, 265, 264, 262, 264, 264, 262,
    261, 262, 262, 264, 263, 262, 264, 264, 261, 262, 265, 263, 265, 261,
    263, 263, 261, 257, 257, 253, 251, 248, 246, 247, 250, 259, 264, 275,
    276, 277, 275, 269, 262, 254, 250, 248, 247, 252, 261, 265, 269, 270,
    271, 265, 261, 252, 249, 248, 249, 252, 256, 260, 263, 266, 269, 268,
    268, 266, 265, 265, 262, 263, 260, 259, 262, 262, 258, 259, 261, 261,
    258, 259, 260, 261, 260 ]
headPositionsY: [ 83, 84, 81, 83, 84, 85, 82, 81, 86, 82, 82, 82, 85, 83,
    82, 82, 83, 85, 81, 83, 86, 82, 83, 85, 82, 86, 85, 81, 83, 85, 86,
    84, 82, 83, 81, 83, 85, 84, 84, 84, 85, 85, 86, 85, 81, 80, 82, 80,
    84, 84, 83, 85, 83, 84, 81, 80, 83, 84, 82, 82, 82, 84, 82, 86, 85,
    84, 83, 85, 85, 84, 82, 82, 84, 84, 84, 85, 84, 86, 84, 81, 85, 85,
    85, 84, 86, 84, 83, 83, 85, 83, 85, 85, 83, 85, 87, 86, 84, 83, 82,
    85 ]
