%YAML:1.0
---
videoName: "headShake14.mp4"
gestureLabel: 201
fps: 29
pixelSizeInCmTemp: 3.2364864864864862e-01
faceCenterPointX: 244
faceCenterPointY: 76
headPositionsX: [ 244, 247, 243, 246, 244, 243, 245, 245, 245, 247, 247,
    247, 243, 247, 246, 245, 245, 246, 245, 244, 245, 246, 245, 246, 246,
    248, 249, 249, 257, 260, 263, 259, 259, 259, 256, 252, 248, 240, 238,
    228, 227, 224, 229, 226, 229, 237, 244, 250, 251, 257, 254, 256, 253,
    248, 246, 240, 237, 236, 235, 234, 236, 236, 237, 238, 242, 243, 244,
    249, 247, 250, 249, 248, 247, 246, 249, 243, 244, 242, 239, 242, 240,
    239, 240, 240, 239, 242, 242, 246, 244, 247, 246, 244, 242, 245, 245,
    245, 241, 243, 242, 242 ]
headPositionsY: [ 75, 76, 74, 74, 76, 74, 74, 77, 74, 73, 75, 78, 78, 74,
    75, 77, 77, 77, 76, 73, 73, 74, 74, 76, 78, 77, 75, 74, 72, 75, 71,
    73, 73, 72, 73, 76, 77, 74, 74, 77, 73, 73, 74, 75, 77, 77, 73, 75,
    73, 74, 71, 71, 75, 75, 77, 75, 74, 77, 76, 75, 76, 74, 77, 74, 74,
    76, 78, 74, 78, 78, 74, 74, 77, 76, 78, 76, 77, 74, 74, 75, 77, 74,
    77, 75, 78, 75, 78, 75, 77, 79, 75, 76, 74, 76, 74, 78, 76, 74, 78,
    74 ]
