%YAML:1.0
---
videoName: "headNod48.mp4"
gestureLabel: 202
fps: 29
pixelSizeInCmTemp: 2.8855421686746985e-01
faceCenterPointX: 264
faceCenterPointY: 72
headPositionsX: [ 262, 266, 265, 266, 266, 263, 263, 264, 266, 265, 263,
    266, 267, 265, 265, 264, 264, 261, 264, 261, 260, 260, 260, 259, 259,
    261, 262, 259, 263, 262, 262, 262, 260, 263, 264, 265, 265, 260, 264,
    263, 262, 263, 261, 261, 260, 260, 259, 262, 264, 263, 259, 261, 263,
    261, 259, 260, 263, 263, 263, 263, 262, 260, 265, 263, 262, 264, 261,
    264, 264, 265, 265, 263, 267, 263, 264, 264, 264, 265, 265, 263, 264,
    267, 266, 267, 266, 263, 264, 265, 266, 266, 264, 267, 265, 265, 265,
    265, 265, 267, 264, 263 ]
headPositionsY: [ 71, 74, 78, 78, 79, 78, 76, 70, 68, 65, 61, 61, 64, 66,
    68, 68, 76, 81, 86, 89, 88, 85, 83, 82, 79, 74, 71, 71, 65, 66, 63,
    68, 64, 65, 68, 72, 73, 75, 81, 80, 83, 84, 82, 80, 76, 76, 73, 73,
    70, 69, 74, 74, 77, 76, 81, 80, 76, 78, 75, 73, 69, 71, 69, 74, 72,
    77, 77, 76, 75, 74, 78, 73, 73, 70, 70, 71, 70, 71, 70, 74, 73, 77,
    72, 73, 75, 75, 70, 69, 71, 71, 71, 73, 76, 74, 73, 70, 75, 72, 70,
    71 ]
