%YAML:1.0
---
videoName: "headNod14.mp4"
gestureLabel: 202
fps: 29
pixelSizeInCmTemp: 3.2808219178082193e-01
faceCenterPointX: 257
faceCenterPointY: 71
headPositionsX: [ 258, 258, 259, 257, 260, 259, 256, 261, 257, 260, 261,
    258, 257, 259, 256, 259, 258, 257, 258, 259, 258, 257, 258, 261, 259,
    258, 258, 256, 259, 258, 258, 257, 258, 260, 257, 258, 257, 261, 256,
    261, 257, 259, 261, 259, 261, 257, 259, 260, 259, 260, 257, 258, 259,
    258, 259, 258, 257, 257, 258, 256, 257, 257, 258, 257, 260, 259, 258,
    257, 257, 259, 258, 261, 257, 259, 256, 259, 258, 257, 257, 257, 258,
    257, 258, 258, 260, 258, 259, 255, 258, 254, 257, 256, 260, 254, 255,
    257, 257, 257, 255, 257 ]
headPositionsY: [ 73, 77, 76, 76, 76, 78, 76, 75, 78, 79, 79, 80, 76, 78,
    77, 78, 76, 76, 79, 77, 77, 77, 76, 78, 79, 78, 76, 76, 80, 77, 80,
    79, 77, 80, 75, 78, 75, 78, 76, 75, 74, 71, 70, 71, 71, 67, 71, 70,
    72, 75, 76, 79, 81, 78, 81, 81, 80, 81, 79, 74, 75, 71, 69, 68, 73,
    71, 76, 75, 77, 80, 80, 83, 82, 77, 76, 72, 70, 69, 67, 68, 73, 74,
    77, 79, 82, 81, 78, 78, 78, 74, 72, 71, 69, 70, 70, 68, 73, 70, 69,
    72 ]
