%YAML:1.0
---
videoName: "headNod19.mp4"
gestureLabel: 202
fps: 29
pixelSizeInCmTemp: 3.1933333333333330e-01
faceCenterPointX: 255
faceCenterPointY: 81
headPositionsX: [ 255, 260, 257, 258, 257, 256, 258, 254, 258, 259, 256,
    257, 256, 255, 254, 257, 251, 255, 253, 252, 251, 251, 251, 253, 251,
    250, 250, 253, 248, 251, 250, 252, 250, 254, 252, 255, 252, 255, 255,
    254, 255, 255, 257, 257, 256, 255, 254, 256, 257, 255, 255, 255, 257,
    258, 256, 253, 255, 257, 257, 254, 256, 254, 253, 257, 256, 256, 253,
    258, 253, 258, 257, 258, 258, 254, 258, 253, 255, 257, 255, 253, 256,
    257, 254, 256, 254, 256, 256, 255, 254, 257, 254, 256, 253, 258, 258,
    254, 256, 253, 255, 253 ]
headPositionsY: [ 80, 84, 86, 82, 81, 77, 76, 75, 75, 78, 77, 75, 78, 75,
    77, 76, 75, 79, 79, 76, 80, 80, 78, 80, 81, 80, 79, 76, 78, 82, 80,
    81, 78, 81, 80, 77, 77, 78, 78, 77, 79, 79, 77, 78, 78, 81, 77, 78,
    79, 80, 78, 80, 76, 78, 77, 81, 77, 79, 78, 81, 78, 79, 81, 80, 79,
    81, 76, 79, 74, 75, 72, 72, 76, 75, 78, 80, 84, 83, 79, 81, 75, 76,
    78, 79, 84, 83, 85, 84, 84, 82, 81, 83, 81, 82, 83, 84, 81, 81, 80,
    81 ]
