%YAML:1.0
---
videoName: "headNod26.mp4"
gestureLabel: 202
fps: 29
pixelSizeInCmTemp: 3.1513157894736843e-01
faceCenterPointX: 271
faceCenterPointY: 78
headPositionsX: [ 269, 273, 273, 269, 274, 271, 274, 270, 273, 272, 273,
    273, 273, 272, 273, 270, 275, 272, 272, 272, 272, 271, 271, 274, 272,
    270, 271, 274, 270, 270, 270, 270, 270, 272, 274, 272, 271, 273, 272,
    269, 271, 273, 270, 270, 271, 271, 270, 272, 268, 270, 270, 272, 274,
    271, 269, 274, 272, 271, 273, 270, 270, 273, 272, 272, 271, 272, 273,
    271, 274, 274, 272, 272, 269, 269, 272, 269, 269, 268, 268, 273, 270,
    271, 269, 272, 272, 271, 269, 272, 272, 272, 272, 273, 271, 270, 271,
    269, 273, 271, 271, 270 ]
headPositionsY: [ 80, 74, 72, 73, 72, 70, 70, 70, 66, 67, 68, 66, 64, 64,
    68, 68, 69, 69, 71, 76, 80, 83, 85, 86, 84, 79, 79, 73, 73, 70, 69,
    70, 68, 66, 69, 73, 75, 73, 78, 79, 80, 79, 76, 73, 75, 68, 67, 71,
    66, 67, 70, 73, 71, 74, 73, 76, 77, 73, 75, 72, 70, 67, 69, 65, 67,
    68, 69, 71, 72, 70, 76, 73, 76, 77, 75, 74, 74, 71, 69, 69, 70, 69,
    70, 72, 69, 75, 76, 79, 77, 80, 81, 80, 79, 78, 78, 77, 80, 76, 76,
    80 ]
