%YAML:1.0
---
videoName: "headNod1.mp4"
gestureLabel: 202
fps: 29
pixelSizeInCmTemp: 3.2808219178082193e-01
faceCenterPointX: 263
faceCenterPointY: 78
headPositionsX: [ 262, 261, 265, 264, 264, 262, 264, 266, 262, 264, 263,
    263, 263, 264, 264, 263, 262, 263, 266, 265, 262, 264, 265, 262, 264,
    262, 266, 262, 265, 265, 262, 262, 263, 263, 263, 262, 264, 262, 265,
    267, 265, 266, 264, 266, 264, 265, 264, 263, 267, 265, 262, 263, 266,
    265, 264, 262, 263, 262, 263, 262, 264, 264, 261, 265, 263, 264, 266,
    266, 263, 265, 261, 264, 261, 261, 263, 261, 261, 260, 264, 260, 263,
    264, 261, 263, 264, 262, 264, 263, 263, 262, 264, 260, 263, 264, 262,
    260, 262, 261, 265, 265 ]
headPositionsY: [ 80, 76, 74, 76, 76, 73, 76, 74, 77, 76, 75, 77, 77, 73,
    73, 76, 76, 72, 75, 77, 74, 75, 75, 77, 77, 77, 76, 73, 77, 75, 74,
    74, 75, 75, 71, 70, 69, 67, 67, 62, 66, 62, 64, 63, 63, 64, 66, 71,
    71, 74, 78, 79, 83, 82, 81, 81, 80, 79, 77, 73, 69, 66, 67, 67, 63,
    68, 70, 73, 73, 75, 79, 76, 78, 78, 75, 68, 67, 67, 65, 63, 68, 66,
    70, 73, 72, 75, 77, 78, 80, 83, 81, 82, 81, 78, 79, 78, 78, 76, 78,
    79 ]
