%YAML:1.0
---
videoName: "headShake4.mp4"
gestureLabel: 201
fps: 30
pixelSizeInCmTemp: 3.2364864864864862e-01
faceCenterPointX: 237
faceCenterPointY: 101
headPositionsX: [ 236, 243, 244, 250, 251, 254, 252, 253, 252, 248, 244,
    238, 230, 229, 227, 225, 226, 231, 235, 243, 246, 252, 254, 249, 248,
    244, 242, 235, 232, 224, 222, 222, 227, 227, 235, 239, 248, 248, 252,
    255, 256, 252, 245, 244, 239, 232, 227, 223, 222, 223, 225, 231, 232,
    238, 241, 244, 246, 247, 251, 246, 245, 242, 242, 237, 233, 233, 232,
    233, 229, 231, 233, 236, 237, 235, 238, 241, 242, 242, 241, 243, 243,
    240, 241, 240, 236, 236, 236, 237, 237, 240, 236, 236, 235, 235, 237,
    238, 237, 239, 237, 237 ]
headPositionsY: [ 103, 101, 98, 96, 100, 99, 98, 100, 99, 99, 101, 98,
    98, 97, 100, 96, 96, 101, 100, 101, 95, 101, 97, 96, 97, 98, 99, 101,
    97, 100, 100, 97, 100, 98, 100, 100, 100, 99, 97, 101, 98, 96, 100,
    102, 101, 101, 101, 103, 100, 101, 97, 101, 99, 100, 103, 99, 100,
    101, 101, 97, 101, 100, 103, 102, 102, 101, 102, 99, 98, 98, 100, 98,
    101, 102, 101, 98, 101, 99, 101, 100, 98, 103, 103, 98, 99, 101, 99,
    98, 99, 103, 98, 98, 97, 98, 102, 103, 100, 100, 101, 99 ]
