%YAML:1.0
---
videoName: "headShake22.mp4"
gestureLabel: 201
fps: 29
pixelSizeInCmTemp: 3.2364864864864862e-01
faceCenterPointX: 241
faceCenterPointY: 79
headPositionsX: [ 242, 241, 242, 242, 244, 239, 242, 243, 241, 243, 241,
    243, 242, 240, 244, 241, 243, 245, 240, 245, 241, 242, 242, 242, 245,
    240, 241, 242, 241, 244, 242, 240, 241, 243, 240, 245, 244, 242, 242,
    245, 244, 239, 241, 241, 243, 242, 241, 239, 244, 241, 242, 240, 242,
    242, 241, 244, 243, 241, 241, 242, 241, 240, 241, 242, 243, 241, 243,
    242, 243, 250, 251, 251, 257, 254, 255, 248, 248, 244, 240, 238, 235,
    237, 238, 241, 244, 247, 246, 243, 246, 242, 240, 240, 239, 241, 240,
    240, 243, 242, 239, 239 ]
headPositionsY: [ 78, 75, 78, 76, 79, 74, 79, 77, 77, 76, 78, 74, 75, 78,
    77, 76, 76, 77, 75, 75, 77, 75, 75, 74, 75, 74, 78, 75, 77, 74, 79,
    74, 76, 77, 74, 74, 76, 76, 75, 76, 80, 73, 75, 76, 78, 75, 78, 76,
    74, 75, 74, 74, 75, 79, 74, 76, 75, 79, 77, 75, 78, 76, 74, 75, 76,
    73, 76, 77, 78, 78, 78, 76, 76, 77, 74, 76, 78, 76, 76, 76, 75, 79,
    79, 75, 75, 78, 76, 75, 78, 78, 78, 78, 80, 80, 77, 80, 77, 80, 78,
    79 ]
