%YAML:1.0
---
videoName: "headLookLeft0.mp4"
gestureLabel: 203
fps: 29
pixelSizeInCmTemp: 3.6287878787878786e-01
faceCenterPointX: 286
faceCenterPointY: 69
headPositionsX: [ 285, 257, 252, 253, 256, 256, 254, 256, 252, 254, 253,
    254, 252, 256, 253, 254, 251, 252, 256, 251, 256, 256, 254, 253, 253,
    253, 254, 256, 255, 255, 256, 257, 256, 256, 255, 256, 256, 257, 253,
    258, 253, 256, 256, 257, 255, 257, 257, 257, 255, 257, 257, 253, 255,
    254, 253, 256, 257, 254, 256, 257, 257, 253, 253, 253, 253, 255, 254,
    253, 255, 255, 257, 258, 253, 255, 257, 254, 258, 257, 258, 263, 260,
    266, 264, 266, 271, 274, 273, 276, 282, 279, 278, 274, 280, 284, 284,
    286, 284, 287, 288, 284 ]
headPositionsY: [ 69, 69, 67, 67, 66, 68, 69, 67, 68, 67, 68, 71, 70, 70,
    70, 68, 67, 70, 70, 71, 72, 68, 69, 72, 71, 72, 70, 71, 71, 69, 70,
    70, 69, 68, 71, 70, 72, 72, 70, 72, 68, 69, 69, 70, 70, 70, 73, 70,
    70, 72, 71, 71, 71, 73, 70, 70, 70, 71, 69, 70, 71, 73, 72, 72, 73,
    70, 72, 71, 69, 71, 69, 70, 72, 73, 70, 73, 69, 71, 71, 70, 71, 68,
    70, 71, 72, 67, 69, 68, 73, 66, 67, 69, 64, 69, 71, 70, 67, 67, 69,
    69 ]
