%YAML:1.0
---
videoName: "headShake49.mp4"
gestureLabel: 201
fps: 30
pixelSizeInCmTemp: 2.8855421686746985e-01
faceCenterPointX: 259
faceCenterPointY: 84
headPositionsX: [ 260, 259, 259, 258, 261, 263, 259, 259, 261, 258, 259,
    262, 259, 259, 258, 259, 259, 263, 260, 263, 260, 260, 259, 263, 263,
    261, 259, 261, 260, 262, 260, 260, 264, 264, 266, 273, 278, 279, 283,
    284, 280, 279, 272, 265, 258, 253, 248, 250, 251, 258, 262, 270, 270,
    274, 272, 267, 262, 254, 250, 247, 246, 249, 255, 260, 264, 271, 271,
    269, 264, 262, 255, 254, 255, 254, 256, 263, 266, 266, 271, 266, 268,
    265, 262, 259, 260, 259, 256, 260, 259, 258, 258, 258, 256, 260, 257,
    258, 258, 259, 257, 257 ]
headPositionsY: [ 82, 80, 80, 82, 79, 79, 78, 81, 80, 78, 82, 82, 83, 79,
    79, 79, 83, 83, 83, 81, 81, 82, 80, 80, 79, 78, 81, 83, 81, 78, 83,
    81, 81, 80, 83, 80, 82, 78, 80, 79, 79, 79, 80, 85, 83, 82, 83, 86,
    82, 84, 84, 82, 86, 83, 85, 84, 82, 83, 86, 84, 83, 82, 84, 85, 87,
    85, 82, 84, 86, 83, 84, 82, 84, 86, 84, 84, 82, 84, 83, 85, 86, 84,
    86, 83, 82, 82, 83, 85, 82, 87, 83, 84, 85, 87, 82, 83, 83, 84, 84,
    84 ]
