%YAML:1.0
---
videoName: "headShake23.mp4"
gestureLabel: 201
fps: 29
pixelSizeInCmTemp: 3.2808219178082193e-01
faceCenterPointX: 240
faceCenterPointY: 77
headPositionsX: [ 241, 242, 244, 241, 243, 242, 239, 241, 242, 243, 240,
    243, 239, 244, 242, 242, 240, 242, 241, 240, 240, 239, 244, 248, 250,
    251, 254, 254, 252, 254, 255, 252, 255, 249, 247, 244, 239, 236, 237,
    229, 230, 233, 229, 227, 229, 228, 232, 235, 237, 240, 243, 244, 249,
    249, 252, 252, 254, 255, 252, 253, 248, 247, 249, 242, 240, 243, 240,
    235, 236, 234, 234, 232, 235, 236, 234, 235, 234, 238, 235, 237, 239,
    239, 240, 242, 245, 243, 245, 242, 247, 242, 244, 245, 246, 246, 241,
    245, 243, 243, 242, 243 ]
headPositionsY: [ 75, 76, 75, 78, 76, 75, 75, 76, 77, 78, 76, 76, 75, 76,
    78, 78, 78, 75, 78, 75, 78, 78, 77, 75, 76, 74, 77, 79, 77, 75, 75,
    77, 76, 74, 77, 76, 75, 76, 76, 78, 77, 78, 76, 77, 79, 78, 76, 77,
    80, 76, 79, 79, 75, 77, 74, 76, 76, 76, 76, 78, 79, 78, 81, 79, 77,
    80, 78, 76, 78, 77, 80, 77, 78, 80, 76, 75, 80, 77, 77, 78, 75, 77,
    77, 78, 75, 76, 77, 80, 77, 78, 80, 79, 77, 75, 76, 79, 75, 77, 75,
    78 ]
