%YAML:1.0
---
videoName: "headShake23.mp4"
gestureLabel: 201
fps: 29
pixelSizeInCmTemp: 3.2808219178082193e-01
faceCenterPointX: 240
faceCenterPointY: 77
headPositionsX: [ 240, 240, 240, 242, 244, 241, 242, 240, 239, 242, 244,
    241, 241, 243, 241, 243, 241, 239, 239, 239, 242, 239, 244, 245, 247,
    248, 250, 255, 256, 255, 252, 253, 251, 250, 248, 243, 240, 239, 237,
    232, 233, 232, 229, 229, 230, 232, 231, 235, 234, 240, 244, 246, 245,
    252, 252, 250, 251, 255, 251, 250, 250, 247, 249, 244, 240, 239, 239,
    235, 237, 236, 236, 234, 236, 233, 236, 232, 236, 234, 236, 236, 241,
    239, 239, 241, 241, 244, 242, 244, 243, 246, 245, 246, 247, 245, 241,
    242, 244, 242, 242, 241 ]
headPositionsY: [ 77, 74, 79, 76, 78, 75, 79, 79, 78, 74, 77, 76, 74, 78,
    79, 75, 77, 79, 78, 75, 76, 74, 79, 79, 75, 77, 78, 79, 76, 78, 78,
    75, 74, 78, 78, 78, 75, 76, 79, 74, 75, 78, 77, 76, 78, 76, 78, 77,
    78, 80, 79, 77, 76, 78, 77, 78, 78, 74, 78, 74, 75, 78, 78, 81, 80,
    80, 76, 76, 77, 78, 77, 77, 77, 76, 80, 75, 79, 80, 78, 76, 78, 79,
    77, 79, 78, 76, 75, 76, 75, 77, 79, 78, 77, 79, 75, 76, 77, 75, 75,
    79 ]
