%YAML:1.0
---
videoName: "headNod11.mp4"
gestureLabel: 202
fps: 29
pixelSizeInCmTemp: 3.2364864864864862e-01
faceCenterPointX: 261
faceCenterPointY: 75
headPositionsX: [ 261, 257, 258, 257, 261, 258, 257, 260, 258, 258, 260,
    258, 259, 261, 257, 260, 259, 258, 260, 261, 262, 259, 260, 259, 263,
    262, 262, 258, 261, 260, 260, 260, 262, 257, 258, 260, 259, 259, 262,
    260, 258, 259, 258, 263, 261, 262, 261, 261, 258, 259, 263, 262, 259,
    262, 263, 262, 261, 260, 260, 262, 259, 257, 257, 258, 257, 257, 257,
    260, 256, 256, 257, 255, 259, 259, 258, 257, 258, 258, 257, 257, 257,
    259, 256, 261, 261, 261, 259, 257, 258, 259, 259, 259, 259, 259, 260,
    259, 262, 259, 262, 262 ]
headPositionsY: [ 73, 72, 74, 73, 77, 75, 76, 73, 74, 72, 76, 72, 74, 76,
    76, 76, 73, 74, 74, 75, 75, 76, 76, 75, 75, 74, 72, 75, 73, 75, 75,
    76, 77, 74, 75, 75, 75, 74, 77, 76, 77, 78, 73, 74, 77, 77, 73, 73,
    70, 72, 68, 70, 66, 66, 68, 69, 75, 77, 75, 78, 78, 78, 79, 75, 70,
    70, 68, 68, 72, 74, 72, 78, 80, 82, 81, 79, 79, 79, 77, 71, 73, 68,
    71, 70, 74, 75, 78, 82, 82, 79, 79, 80, 79, 79, 77, 76, 75, 78, 78,
    74 ]
