%YAML:1.0
---
videoName: "headLookLeft9.mp4"
gestureLabel: 203
fps: 30
pixelSizeInCmTemp: 3.2364864864864862e-01
faceCenterPointX: 273
faceCenterPointY: 69
headPositionsX: [ 273, 246, 249, 248, 248, 248, 249, 246, 245, 245, 247,
    244, 246, 247, 244, 247, 246, 245, 246, 247, 244, 245, 246, 244, 247,
    246, 246, 246, 246, 246, 243, 245, 248, 247, 251, 253, 256, 255, 261,
    263, 264, 263, 269, 269, 266, 269, 274, 269, 270, 272, 269, 272, 271,
    272, 272, 273, 272, 270, 274, 274, 271, 271, 271, 271, 275, 270, 269,
    270, 275, 273, 270, 269, 273, 274, 272, 270, 271, 269, 272, 268, 271,
    272, 267, 272, 274, 269, 268, 272, 270, 270, 274, 271, 274, 270, 271,
    274, 273, 270, 268, 268 ]
headPositionsY: [ 68, 69, 68, 73, 72, 71, 72, 69, 71, 69, 71, 71, 69, 69,
    72, 73, 73, 71, 71, 72, 71, 68, 70, 68, 71, 70, 72, 71, 70, 71, 71,
    69, 73, 70, 70, 68, 69, 70, 66, 69, 68, 70, 68, 71, 68, 66, 68, 66,
    69, 68, 68, 67, 68, 65, 70, 66, 66, 68, 68, 69, 67, 69, 67, 68, 70,
    70, 67, 68, 67, 68, 68, 67, 68, 70, 70, 66, 69, 66, 66, 68, 68, 68,
    67, 67, 67, 68, 69, 71, 69, 69, 67, 68, 68, 65, 67, 69, 69, 67, 68,
    68 ]
