%YAML:1.0
---
videoName: "headShake22.mp4"
gestureLabel: 201
fps: 29
pixelSizeInCmTemp: 3.2364864864864862e-01
faceCenterPointX: 241
faceCenterPointY: 79
headPositionsX: [ 243, 241, 241, 243, 240, 243, 245, 241, 243, 243, 241,
    244, 244, 241, 243, 241, 241, 242, 244, 244, 242, 244, 243, 240, 242,
    243, 242, 244, 244, 240, 241, 240, 241, 244, 241, 244, 240, 245, 243,
    245, 241, 242, 241, 241, 240, 242, 243, 240, 242, 240, 243, 244, 243,
    243, 240, 243, 244, 243, 243, 240, 242, 244, 240, 244, 243, 239, 240,
    242, 245, 250, 251, 254, 254, 253, 251, 248, 246, 240, 242, 237, 239,
    239, 242, 244, 247, 247, 247, 247, 242, 243, 242, 241, 243, 241, 240,
    239, 243, 238, 238, 243 ]
headPositionsY: [ 79, 77, 76, 78, 78, 76, 78, 74, 74, 75, 77, 77, 78, 75,
    78, 75, 76, 75, 75, 77, 78, 78, 74, 77, 79, 77, 74, 79, 78, 78, 79,
    76, 74, 75, 75, 75, 78, 75, 77, 78, 78, 77, 76, 75, 77, 77, 75, 78,
    77, 78, 75, 74, 79, 79, 78, 75, 74, 78, 79, 78, 78, 77, 78, 76, 79,
    74, 75, 77, 75, 75, 74, 77, 73, 77, 76, 78, 78, 79, 79, 76, 79, 77,
    78, 77, 76, 78, 79, 77, 77, 77, 80, 76, 79, 76, 78, 76, 81, 76, 79,
    77 ]
