%YAML:1.0
---
videoName: "headShake23.mp4"
gestureLabel: 201
fps: 29
pixelSizeInCmTemp: 3.2808219178082193e-01
faceCenterPointX: 240
faceCenterPointY: 77
headPositionsX: [ 239, 241, 240, 242, 242, 243, 243, 242, 242, 244, 241,
    241, 240, 244, 239, 241, 241, 241, 237, 239, 240, 240, 245, 247, 247,
    252, 253, 252, 254, 256, 251, 256, 254, 248, 250, 247, 242, 237, 235,
    231, 230, 231, 229, 231, 229, 232, 233, 234, 237, 239, 241, 245, 245,
    251, 251, 252, 250, 253, 252, 250, 251, 249, 247, 246, 241, 242, 239,
    236, 237, 234, 233, 232, 235, 236, 236, 236, 235, 238, 238, 237, 237,
    242, 239, 240, 245, 245, 244, 245, 244, 243, 243, 244, 247, 243, 245,
    246, 241, 241, 242, 240 ]
headPositionsY: [ 79, 78, 76, 76, 77, 79, 75, 75, 78, 75, 75, 79, 75, 77,
    77, 76, 75, 79, 76, 79, 76, 78, 78, 76, 77, 78, 77, 78, 77, 76, 74,
    74, 75, 77, 79, 77, 75, 77, 78, 74, 75, 78, 78, 74, 79, 78, 80, 79,
    80, 78, 79, 77, 75, 77, 78, 77, 74, 74, 77, 77, 78, 80, 77, 80, 79,
    80, 79, 78, 77, 76, 79, 77, 76, 77, 77, 77, 79, 80, 78, 75, 78, 76,
    78, 76, 78, 75, 75, 78, 78, 77, 77, 77, 79, 78, 79, 79, 78, 77, 76,
    78 ]
