%YAML:1.0
---
videoName: "headShake13.mp4"
gestureLabel: 201
fps: 29
pixelSizeInCmTemp: 3.2364864864864862e-01
faceCenterPointX: 241
faceCenterPointY: 77
headPositionsX: [ 239, 242, 244, 243, 241, 241, 241, 241, 239, 243, 239,
    240, 244, 241, 239, 243, 242, 240, 240, 242, 243, 242, 239, 242, 242,
    239, 244, 241, 239, 239, 240, 237, 240, 242, 241, 247, 253, 254, 257,
    261, 265, 263, 257, 257, 252, 242, 236, 233, 228, 230, 228, 231, 237,
    239, 242, 246, 250, 251, 250, 248, 245, 242, 236, 232, 234, 233, 232,
    234, 238, 240, 243, 250, 253, 251, 249, 251, 247, 242, 242, 240, 235,
    232, 231, 235, 236, 235, 235, 238, 240, 243, 245, 243, 245, 247, 243,
    242, 244, 241, 239, 242 ]
headPositionsY: [ 76, 75, 78, 78, 77, 77, 76, 74, 75, 76, 75, 78, 75, 79,
    76, 77, 75, 75, 75, 74, 74, 75, 77, 76, 77, 77, 78, 76, 75, 76, 74,
    74, 76, 79, 76, 74, 76, 76, 74, 76, 74, 74, 75, 74, 77, 76, 78, 75,
    75, 78, 77, 76, 74, 79, 75, 75, 77, 77, 75, 76, 78, 78, 75, 75, 76,
    78, 77, 76, 79, 77, 74, 78, 77, 78, 75, 78, 75, 76, 78, 78, 77, 78,
    76, 76, 78, 78, 74, 76, 75, 78, 77, 73, 78, 77, 76, 78, 78, 77, 78,
    77 ]
