%YAML:1.0
---
videoName: "headShake20.mp4"
gestureLabel: 201
fps: 29
pixelSizeInCmTemp: 3.3263888888888887e-01
faceCenterPointX: 242
faceCenterPointY: 78
headPositionsX: [ 242, 244, 246, 242, 242, 244, 245, 245, 242, 241, 241,
    245, 245, 243, 242, 242, 243, 246, 243, 243, 244, 243, 244, 243, 243,
    243, 242, 241, 245, 243, 245, 244, 245, 244, 243, 242, 245, 241, 246,
    243, 247, 250, 253, 257, 260, 261, 255, 252, 247, 243, 239, 232, 233,
    230, 232, 232, 240, 243, 249, 253, 253, 254, 251, 248, 245, 240, 234,
    235, 231, 230, 234, 239, 243, 242, 246, 246, 247, 243, 242, 239, 241,
    241, 242, 238, 242, 240, 246, 242, 242, 243, 243, 242, 242, 244, 245,
    243, 240, 244, 240, 240 ]
headPositionsY: [ 80, 74, 77, 74, 74, 75, 76, 75, 78, 76, 76, 75, 77, 75,
    75, 78, 76, 79, 78, 75, 75, 77, 74, 78, 78, 74, 74, 74, 75, 78, 77,
    75, 78, 77, 75, 78, 76, 74, 78, 77, 74, 74, 76, 75, 74, 76, 75, 78,
    80, 74, 77, 75, 79, 73, 77, 78, 76, 77, 77, 76, 77, 75, 77, 75, 75,
    74, 76, 79, 79, 79, 78, 78, 78, 79, 78, 78, 75, 76, 77, 74, 75, 76,
    79, 79, 76, 75, 76, 77, 76, 78, 79, 77, 75, 78, 75, 75, 75, 78, 78,
    78 ]
