%YAML:1.0
---
videoName: "headNod43.mp4"
gestureLabel: 202
fps: 29
pixelSizeInCmTemp: 2.8855421686746985e-01
faceCenterPointX: 268
faceCenterPointY: 74
headPositionsX: [ 269, 270, 271, 271, 269, 271, 269, 267, 270, 271, 269,
    269, 267, 266, 270, 269, 266, 269, 270, 267, 266, 268, 268, 266, 266,
    265, 268, 268, 264, 265, 264, 266, 266, 263, 265, 267, 266, 266, 263,
    267, 263, 265, 265, 265, 267, 264, 264, 266, 264, 263, 265, 265, 266,
    263, 263, 263, 262, 265, 264, 267, 263, 264, 264, 266, 266, 264, 264,
    265, 266, 268, 269, 269, 267, 269, 266, 268, 267, 267, 267, 265, 271,
    271, 270, 267, 269, 266, 267, 267, 270, 267, 269, 268, 270, 266, 268,
    271, 268, 270, 270, 269 ]
headPositionsY: [ 76, 76, 78, 76, 75, 77, 78, 75, 77, 77, 74, 74, 76, 75,
    77, 74, 74, 73, 75, 77, 76, 74, 74, 74, 77, 76, 79, 85, 86, 89, 89,
    90, 87, 82, 77, 79, 79, 80, 80, 88, 88, 89, 88, 86, 86, 82, 78, 83,
    83, 86, 88, 91, 91, 92, 88, 83, 83, 82, 82, 86, 89, 89, 92, 90, 90,
    85, 85, 83, 79, 77, 79, 80, 81, 86, 91, 92, 91, 88, 85, 79, 77, 73,
    74, 75, 73, 72, 72, 72, 73, 74, 72, 76, 73, 75, 73, 75, 75, 75, 74,
    73 ]
