%YAML:1.0
---
videoName: "headNod43.mp4"
gestureLabel: 202
fps: 29
pixelSizeInCmTemp: 2.8855421686746985e-01
faceCenterPointX: 268
faceCenterPointY: 74
headPositionsX: [ 268, 270, 270, 271, 269, 269, 272, 267, 271, 268, 267,
    267, 268, 266, 270, 267, 269, 267, 270, 266, 269, 269, 269, 267, 269,
    267, 265, 269, 268, 264, 266, 265, 266, 263, 268, 267, 267, 266, 266,
    266, 263, 264, 267, 266, 263, 264, 264, 266, 265, 263, 265, 262, 266,
    265, 266, 264, 266, 267, 266, 264, 267, 262, 265, 262, 267, 263, 268,
    264, 268, 269, 265, 267, 266, 267, 265, 268, 266, 269, 268, 268, 269,
    267, 269, 269, 271, 267, 271, 266, 267, 269, 269, 267, 267, 269, 268,
    268, 270, 269, 268, 270 ]
headPositionsY: [ 73, 79, 77, 77, 78, 78, 75, 77, 75, 77, 77, 74, 77, 73,
    77, 77, 75, 76, 74, 77, 74, 74, 73, 77, 75, 79, 82, 84, 88, 92, 89,
    90, 88, 83, 80, 79, 78, 78, 83, 87, 86, 91, 92, 89, 84, 82, 79, 80,
    80, 85, 90, 90, 90, 92, 89, 83, 84, 80, 82, 87, 85, 88, 93, 92, 88,
    85, 85, 83, 78, 76, 79, 79, 85, 87, 92, 91, 88, 90, 82, 81, 80, 73,
    75, 73, 73, 70, 74, 71, 72, 74, 75, 72, 73, 74, 74, 74, 73, 73, 73,
    72 ]
