%YAML:1.0
---
videoName: "headShake10.mp4"
gestureLabel: 201
fps: 29
pixelSizeInCmTemp: 3.3732394366197183e-01
faceCenterPointX: 240
faceCenterPointY: 74
headPositionsX: [ 238, 246, 246, 244, 243, 246, 248, 243, 247, 248, 245,
    248, 247, 244, 245, 244, 246, 247, 248, 245, 247, 248, 247, 248, 244,
    245, 247, 248, 248, 247, 246, 246, 247, 244, 248, 245, 243, 246, 245,
    246, 245, 247, 246, 246, 247, 247, 247, 245, 246, 246, 246, 251, 249,
    255, 255, 259, 260, 260, 258, 258, 258, 251, 250, 245, 240, 236, 231,
    230, 232, 233, 239, 239, 245, 247, 255, 257, 255, 256, 256, 254, 251,
    248, 246, 245, 243, 242, 240, 239, 238, 240, 240, 238, 240, 240, 241,
    239, 240, 243, 242, 243 ]
headPositionsY: [ 74, 71, 75, 73, 70, 72, 73, 70, 73, 72, 71, 73, 74, 72,
    71, 74, 75, 74, 74, 73, 75, 74, 74, 72, 75, 73, 75, 75, 72, 73, 73,
    74, 75, 71, 74, 75, 75, 71, 73, 74, 75, 72, 74, 75, 72, 73, 72, 76,
    72, 71, 74, 72, 74, 70, 71, 72, 71, 73, 71, 74, 74, 74, 76, 73, 72,
    72, 74, 75, 74, 74, 75, 76, 76, 73, 71, 75, 73, 74, 74, 75, 72, 76,
    77, 74, 75, 73, 73, 78, 76, 74, 73, 75, 73, 77, 75, 77, 76, 74, 73,
    77 ]
