%YAML:1.0
---
videoName: "headNod3.mp4"
gestureLabel: 202
fps: 29
pixelSizeInCmTemp: 3.1933333333333330e-01
faceCenterPointX: 264
faceCenterPointY: 76
headPositionsX: [ 262, 263, 264, 264, 266, 261, 266, 265, 267, 267, 267,
    264, 266, 266, 264, 267, 263, 265, 263, 263, 262, 265, 265, 266, 264,
    264, 266, 265, 267, 266, 263, 265, 268, 267, 265, 267, 265, 264, 265,
    264, 267, 265, 265, 264, 264, 264, 266, 263, 265, 263, 264, 265, 264,
    265, 264, 262, 262, 266, 263, 264, 262, 262, 265, 263, 263, 264, 263,
    266, 262, 265, 264, 265, 263, 263, 263, 262, 262, 266, 261, 265, 264,
    261, 266, 265, 264, 263, 264, 263, 264, 266, 262, 265, 263, 265, 265,
    266, 262, 264, 264, 267 ]
headPositionsY: [ 77, 78, 76, 77, 75, 77, 78, 76, 76, 74, 74, 73, 73, 73,
    72, 75, 71, 75, 73, 71, 71, 70, 74, 72, 72, 73, 76, 74, 73, 73, 74,
    75, 74, 74, 76, 73, 76, 76, 74, 76, 77, 75, 75, 75, 70, 67, 67, 67,
    65, 67, 69, 67, 72, 73, 78, 82, 83, 85, 80, 79, 78, 73, 71, 68, 66,
    65, 69, 70, 76, 79, 81, 81, 81, 81, 79, 72, 69, 70, 67, 64, 64, 65,
    70, 70, 74, 77, 78, 80, 81, 81, 78, 77, 77, 76, 74, 79, 74, 77, 77,
    74 ]
