%YAML:1.0
---
videoName: "headNod32.mp4"
gestureLabel: 202
fps: 29
pixelSizeInCmTemp: 2.8855421686746985e-01
faceCenterPointX: 266
faceCenterPointY: 74
headPositionsX: [ 265, 270, 267, 270, 271, 268, 264, 265, 264, 266, 264,
    266, 266, 266, 265, 267, 265, 264, 267, 267, 268, 266, 265, 267, 266,
    268, 264, 265, 267, 268, 269, 267, 267, 265, 265, 265, 265, 268, 269,
    268, 267, 270, 268, 268, 268, 268, 268, 268, 266, 268, 268, 267, 265,
    269, 265, 268, 269, 269, 265, 265, 267, 265, 265, 268, 268, 266, 266,
    268, 267, 268, 265, 267, 264, 265, 267, 265, 264, 264, 268, 263, 264,
    265, 265, 263, 266, 268, 266, 266, 269, 268, 266, 268, 270, 268, 267,
    268, 267, 265, 266, 267 ]
headPositionsY: [ 73, 77, 79, 77, 78, 77, 76, 80, 79, 78, 77, 76, 80, 78,
    75, 78, 79, 77, 76, 78, 79, 76, 77, 77, 75, 76, 79, 78, 79, 76, 81,
    80, 80, 79, 78, 78, 79, 77, 80, 80, 76, 77, 76, 79, 80, 77, 76, 77,
    77, 78, 76, 76, 77, 75, 77, 76, 74, 76, 74, 75, 69, 66, 66, 64, 64,
    70, 69, 74, 80, 80, 87, 90, 86, 88, 81, 78, 74, 73, 70, 70, 71, 73,
    70, 71, 72, 75, 74, 74, 74, 74, 74, 76, 76, 73, 75, 74, 76, 73, 76,
    75 ]
