%YAML:1.0
---
videoName: "headNod10.mp4"
gestureLabel: 202
fps: 29
pixelSizeInCmTemp: 3.2808219178082193e-01
faceCenterPointX: 260
faceCenterPointY: 67
headPositionsX: [ 260, 261, 258, 258, 256, 256, 260, 258, 259, 259, 257,
    260, 260, 256, 257, 260, 259, 259, 259, 259, 259, 259, 257, 260, 259,
    260, 258, 261, 260, 257, 261, 261, 259, 257, 257, 257, 261, 259, 261,
    261, 257, 258, 259, 258, 262, 263, 260, 259, 260, 261, 263, 258, 261,
    261, 259, 257, 258, 260, 259, 260, 259, 261, 261, 260, 259, 260, 258,
    258, 259, 261, 256, 259, 258, 259, 260, 257, 258, 259, 259, 258, 259,
    260, 256, 260, 257, 258, 261, 257, 260, 257, 261, 261, 259, 259, 262,
    260, 260, 261, 260, 261 ]
headPositionsY: [ 66, 70, 70, 70, 71, 68, 71, 72, 71, 69, 69, 72, 72, 68,
    69, 68, 71, 70, 68, 72, 71, 71, 67, 71, 69, 70, 72, 72, 71, 71, 72,
    71, 70, 71, 70, 71, 70, 70, 72, 71, 72, 71, 70, 68, 70, 69, 63, 63,
    61, 63, 63, 68, 69, 70, 73, 75, 73, 70, 68, 67, 65, 66, 64, 66, 64,
    71, 73, 75, 76, 75, 75, 73, 72, 66, 65, 64, 67, 66, 71, 72, 73, 74,
    75, 76, 73, 70, 66, 65, 68, 69, 66, 64, 64, 64, 65, 66, 65, 69, 69,
    68 ]
