%YAML:1.0
---
videoName: "headNod26.mp4"
gestureLabel: 202
fps: 29
pixelSizeInCmTemp: 3.1513157894736843e-01
faceCenterPointX: 271
faceCenterPointY: 78
headPositionsX: [ 273, 270, 274, 270, 270, 271, 273, 272, 271, 270, 272,
    273, 275, 272, 272, 272, 272, 273, 271, 273, 272, 273, 274, 270, 274,
    271, 272, 270, 271, 273, 273, 271, 270, 270, 270, 272, 270, 273, 270,
    272, 271, 269, 270, 272, 273, 274, 269, 272, 272, 273, 273, 272, 273,
    270, 271, 273, 272, 270, 275, 272, 272, 271, 271, 274, 270, 275, 273,
    270, 272, 271, 270, 270, 269, 272, 274, 271, 271, 270, 272, 273, 272,
    271, 273, 270, 272, 271, 272, 272, 268, 273, 271, 274, 271, 271, 271,
    269, 271, 271, 269, 271 ]
headPositionsY: [ 80, 71, 74, 72, 72, 70, 72, 70, 67, 67, 64, 67, 67, 64,
    65, 66, 70, 70, 72, 74, 79, 84, 85, 83, 81, 79, 77, 72, 70, 68, 68,
    68, 68, 69, 69, 72, 73, 75, 80, 77, 79, 78, 78, 76, 73, 71, 71, 70,
    69, 70, 69, 69, 72, 75, 73, 79, 75, 77, 72, 73, 71, 67, 68, 65, 70,
    67, 66, 70, 69, 74, 74, 75, 76, 76, 75, 75, 71, 69, 67, 70, 66, 67,
    70, 68, 72, 76, 77, 79, 78, 81, 80, 80, 76, 77, 75, 75, 79, 77, 79,
    80 ]
