%YAML:1.0
---
videoName: "headLookLeft8.mp4"
gestureLabel: 203
fps: 29
pixelSizeInCmTemp: 3.6287878787878786e-01
faceCenterPointX: 273
faceCenterPointY: 69
headPositionsX: [ 273, 241, 241, 239, 241, 241, 241, 240, 241, 242, 242,
    243, 244, 244, 244, 245, 247, 246, 249, 248, 248, 249, 246, 245, 246,
    249, 247, 249, 247, 245, 244, 248, 248, 245, 248, 246, 244, 244, 248,
    248, 243, 246, 244, 247, 246, 245, 244, 247, 247, 248, 246, 247, 248,
    250, 251, 251, 252, 255, 257, 261, 260, 268, 270, 271, 270, 272, 273,
    284, 281, 273, 279, 277, 276, 274, 275, 279, 276, 276, 278, 279, 277,
    278, 278, 271, 274, 277, 280, 277, 273, 277, 273, 275, 276, 276, 276,
    275, 275, 275, 272, 273 ]
headPositionsY: [ 67, 68, 67, 67, 66, 66, 65, 69, 70, 69, 69, 67, 69, 68,
    66, 69, 70, 67, 70, 67, 69, 69, 70, 69, 69, 68, 69, 71, 73, 70, 70,
    70, 71, 73, 71, 74, 69, 74, 70, 71, 71, 73, 69, 70, 71, 72, 71, 74,
    73, 73, 75, 75, 71, 70, 71, 74, 74, 69, 72, 67, 70, 69, 71, 71, 70,
    70, 67, 73, 69, 68, 69, 67, 71, 69, 69, 70, 70, 71, 67, 71, 68, 69,
    69, 71, 67, 69, 69, 71, 69, 71, 70, 71, 71, 70, 72, 69, 71, 70, 68,
    67 ]
