%YAML:1.0
---
videoName: "headLookUp1.mp4"
gestureLabel: 205
fps: 29
pixelSizeInCmTemp: 3.7421874999999999e-01
faceCenterPointX: 258
faceCenterPointY: 66
headPositionsX: [ 256, 259, 257, 257, 259, 257, 261, 260, 259, 260, 261,
    258, 261, 257, 256, 257, 258, 258, 260, 257, 257, 261, 260, 256, 258,
    259, 260, 259, 257, 259, 260, 259, 259, 259, 260, 257, 260, 260, 257,
    261, 259, 257, 261, 260, 259, 256, 258, 257, 259, 256, 261, 257, 256,
    260, 256, 254, 257, 255, 258, 257, 258, 258, 261, 257, 258, 256, 260,
    260, 257, 256, 259, 260, 258, 257, 255, 255, 261, 260, 260, 259, 257,
    254, 262, 259, 257, 258, 259, 258, 260, 257, 258, 259, 258, 255, 260,
    257, 257, 256, 256, 260 ]
headPositionsY: [ 65, 80, 81, 78, 84, 82, 83, 81, 82, 78, 81, 83, 82, 79,
    80, 81, 80, 81, 79, 83, 80, 84, 83, 80, 80, 80, 82, 82, 81, 79, 82,
    80, 81, 80, 79, 78, 81, 83, 79, 82, 78, 79, 75, 76, 76, 72, 72, 67,
    70, 68, 69, 64, 63, 67, 65, 62, 65, 62, 65, 63, 66, 65, 66, 67, 68,
    64, 67, 62, 66, 64, 65, 65, 65, 67, 69, 66, 65, 66, 68, 62, 64, 65,
    68, 64, 66, 69, 65, 68, 67, 63, 65, 67, 64, 67, 64, 66, 65, 68, 65,
    69 ]
