%YAML:1.0
---
videoName: "headNod44.mp4"
gestureLabel: 202
fps: 29
pixelSizeInCmTemp: 2.9567901234567900e-01
faceCenterPointX: 268
faceCenterPointY: 78
headPositionsX: [ 267, 268, 271, 269, 269, 269, 271, 267, 270, 271, 268,
    267, 269, 267, 270, 270, 270, 267, 269, 270, 269, 270, 267, 267, 269,
    266, 268, 267, 266, 268, 266, 266, 269, 265, 267, 268, 265, 269, 268,
    267, 264, 265, 266, 266, 264, 268, 268, 267, 268, 268, 265, 268, 267,
    266, 267, 268, 268, 270, 266, 270, 268, 270, 265, 270, 267, 266, 266,
    268, 267, 269, 268, 267, 268, 266, 268, 266, 271, 267, 268, 267, 267,
    269, 268, 268, 269, 270, 270, 270, 269, 269, 269, 266, 267, 268, 269,
    269, 268, 269, 268, 270 ]
headPositionsY: [ 76, 75, 75, 76, 77, 77, 72, 75, 72, 73, 76, 74, 73, 74,
    73, 73, 73, 76, 80, 82, 83, 90, 93, 93, 94, 94, 89, 83, 79, 77, 72,
    71, 67, 69, 70, 77, 79, 81, 87, 90, 85, 84, 81, 79, 74, 71, 73, 75,
    75, 78, 86, 87, 89, 86, 89, 84, 79, 76, 74, 73, 73, 77, 79, 83, 87,
    85, 85, 80, 81, 78, 77, 78, 75, 77, 80, 81, 85, 87, 86, 88, 86, 84,
    80, 79, 80, 80, 75, 77, 77, 80, 78, 80, 78, 76, 75, 77, 78, 77, 80,
    76 ]
