%YAML:1.0
---
videoName: "headLookRight2.mp4"
gestureLabel: 204
fps: 29
pixelSizeInCmTemp: 3.8015873015873014e-01
faceCenterPointX: 228
faceCenterPointY: 68
headPositionsX: [ 228, 253, 253, 250, 250, 249, 252, 250, 254, 251, 252,
    250, 253, 252, 250, 252, 251, 253, 253, 254, 250, 251, 254, 251, 252,
    254, 253, 253, 254, 255, 253, 256, 253, 251, 253, 254, 254, 252, 255,
    252, 253, 254, 250, 254, 251, 252, 250, 251, 252, 249, 248, 244, 244,
    239, 239, 237, 233, 231, 230, 229, 227, 229, 231, 228, 228, 226, 228,
    226, 224, 226, 230, 229, 229, 230, 225, 228, 228, 228, 230, 229, 228,
    228, 227, 226, 229, 228, 229, 228, 230, 229, 226, 227, 230, 230, 227,
    229, 230, 231, 228, 228 ]
headPositionsY: [ 67, 66, 67, 67, 69, 70, 69, 66, 68, 68, 68, 71, 69, 68,
    70, 68, 71, 68, 68, 69, 68, 70, 70, 69, 70, 71, 72, 72, 68, 72, 69,
    68, 67, 68, 70, 69, 67, 70, 68, 68, 68, 71, 70, 69, 70, 70, 68, 68,
    69, 70, 66, 71, 68, 69, 70, 68, 68, 69, 67, 71, 69, 69, 67, 68, 67,
    67, 67, 70, 70, 70, 71, 70, 68, 68, 68, 70, 70, 71, 70, 68, 70, 71,
    68, 71, 67, 70, 67, 72, 69, 66, 68, 67, 71, 68, 68, 69, 68, 70, 71,
    72 ]
