%YAML:1.0
---
videoName: "headNod16.mp4"
gestureLabel: 202
fps: 29
pixelSizeInCmTemp: 3.3263888888888887e-01
faceCenterPointX: 255
faceCenterPointY: 77
headPositionsX: [ 253, 261, 260, 260, 259, 259, 259, 261, 258, 261, 259,
    260, 259, 258, 259, 260, 257, 256, 259, 257, 257, 259, 261, 257, 257,
    260, 261, 258, 260, 261, 261, 258, 257, 259, 260, 256, 257, 261, 261,
    258, 257, 257, 260, 258, 259, 257, 258, 259, 259, 257, 257, 256, 255,
    258, 257, 259, 255, 258, 258, 257, 257, 260, 257, 257, 256, 255, 257,
    253, 253, 256, 255, 254, 257, 257, 255, 256, 252, 252, 255, 253, 255,
    252, 253, 253, 255, 257, 254, 255, 255, 255, 254, 257, 253, 256, 256,
    254, 258, 255, 253, 254 ]
headPositionsY: [ 75, 77, 72, 75, 76, 74, 74, 73, 77, 74, 74, 75, 75, 76,
    77, 73, 73, 73, 73, 74, 75, 74, 77, 73, 76, 73, 73, 77, 73, 77, 73,
    74, 77, 74, 75, 74, 71, 72, 70, 66, 71, 70, 71, 75, 77, 77, 80, 84,
    83, 79, 76, 76, 71, 68, 72, 72, 73, 74, 79, 80, 83, 85, 80, 80, 79,
    77, 73, 70, 70, 73, 73, 75, 76, 79, 79, 81, 82, 78, 76, 73, 71, 69,
    68, 71, 70, 73, 74, 76, 79, 79, 79, 78, 75, 78, 75, 77, 79, 75, 75,
    78 ]
