%YAML:1.0
---
videoName: "headShake17.mp4"
gestureLabel: 201
fps: 29
pixelSizeInCmTemp: 3.3263888888888887e-01
faceCenterPointX: 242
faceCenterPointY: 76
headPositionsX: [ 244, 240, 239, 240, 237, 240, 237, 244, 243, 249, 250,
    252, 260, 258, 260, 255, 256, 251, 244, 239, 237, 234, 231, 228, 224,
    226, 227, 230, 234, 238, 244, 249, 251, 252, 254, 254, 253, 250, 247,
    249, 241, 238, 238, 235, 232, 230, 229, 233, 232, 234, 239, 241, 241,
    243, 243, 243, 247, 247, 243, 241, 242, 242, 240, 242, 240, 237, 238,
    237, 241, 240, 241, 239, 238, 238, 239, 239, 240, 242, 243, 240, 242,
    240, 239, 240, 242, 239, 243, 239, 241, 243, 239, 240, 241, 239, 241,
    239, 243, 243, 240, 241 ]
headPositionsY: [ 78, 74, 77, 78, 78, 77, 76, 75, 77, 76, 74, 76, 73, 74,
    76, 74, 75, 75, 77, 79, 78, 76, 79, 75, 74, 77, 75, 75, 77, 76, 75,
    76, 74, 75, 75, 76, 77, 77, 76, 76, 78, 75, 79, 79, 77, 74, 74, 75,
    76, 77, 74, 79, 76, 76, 77, 76, 77, 76, 76, 75, 78, 76, 79, 75, 74,
    76, 78, 75, 77, 76, 74, 74, 76, 75, 75, 77, 74, 75, 77, 77, 76, 78,
    77, 76, 77, 73, 75, 78, 77, 77, 78, 76, 74, 78, 76, 78, 74, 78, 75,
    78 ]
