%YAML:1.0
---
videoName: "headShake29.mp4"
gestureLabel: 201
fps: 29
pixelSizeInCmTemp: 3.3263888888888887e-01
faceCenterPointX: 243
faceCenterPointY: 76
headPositionsX: [ 243, 244, 243, 243, 243, 240, 241, 242, 245, 241, 244,
    243, 241, 245, 240, 242, 245, 241, 241, 244, 244, 240, 240, 243, 241,
    241, 238, 237, 236, 238, 241, 248, 250, 254, 253, 255, 255, 250, 248,
    240, 236, 232, 232, 229, 227, 230, 233, 240, 240, 248, 250, 254, 250,
    252, 248, 247, 243, 235, 232, 229, 230, 227, 231, 234, 237, 239, 246,
    250, 249, 251, 249, 252, 251, 245, 244, 238, 239, 238, 232, 235, 232,
    234, 237, 237, 239, 239, 237, 240, 241, 241, 243, 242, 243, 242, 242,
    246, 242, 241, 241, 243 ]
headPositionsY: [ 76, 77, 76, 75, 74, 74, 75, 76, 74, 77, 76, 76, 77, 75,
    73, 74, 75, 78, 77, 74, 77, 78, 74, 77, 77, 74, 75, 77, 74, 79, 76,
    77, 75, 75, 75, 76, 73, 75, 77, 76, 79, 74, 73, 78, 74, 74, 74, 78,
    76, 75, 78, 78, 76, 76, 76, 78, 75, 74, 77, 78, 78, 77, 74, 74, 76,
    79, 77, 74, 74, 74, 77, 77, 75, 77, 74, 76, 76, 75, 75, 73, 75, 76,
    76, 76, 75, 75, 75, 79, 77, 77, 73, 77, 79, 77, 78, 78, 77, 78, 76,
    78 ]
