%YAML:1.0
---
videoName: "headShake27.mp4"
gestureLabel: 201
fps: 29
pixelSizeInCmTemp: 3.3263888888888887e-01
faceCenterPointX: 244
faceCenterPointY: 78
headPositionsX: [ 246, 247, 245, 248, 251, 254, 253, 254, 256, 258, 258,
    258, 256, 256, 252, 251, 248, 245, 245, 243, 241, 239, 235, 238, 234,
    233, 232, 232, 230, 231, 233, 236, 236, 236, 238, 240, 239, 242, 247,
    246, 247, 248, 248, 249, 249, 251, 249, 248, 246, 248, 247, 242, 240,
    243, 237, 236, 233, 233, 236, 231, 230, 233, 232, 235, 237, 234, 236,
    240, 239, 238, 240, 242, 246, 248, 248, 249, 250, 246, 250, 246, 249,
    248, 244, 247, 247, 244, 246, 248, 247, 244, 245, 242, 242, 244, 245,
    242, 242, 246, 244, 245 ]
headPositionsY: [ 80, 80, 76, 75, 75, 75, 78, 78, 74, 78, 75, 75, 77, 76,
    80, 78, 79, 79, 78, 76, 79, 77, 77, 80, 76, 77, 76, 78, 76, 77, 81,
    81, 81, 78, 80, 79, 78, 80, 82, 78, 78, 78, 82, 78, 81, 77, 82, 81,
    77, 79, 78, 79, 78, 80, 79, 80, 81, 78, 77, 78, 76, 79, 78, 78, 78,
    79, 80, 80, 78, 80, 77, 79, 77, 79, 81, 79, 78, 79, 80, 81, 77, 79,
    80, 82, 79, 78, 81, 81, 79, 82, 78, 81, 80, 80, 79, 78, 80, 80, 77,
    81 ]
