%YAML:1.0
---
videoName: "headNod47.mp4"
gestureLabel: 202
fps: 29
pixelSizeInCmTemp: 3.0316455696202532e-01
faceCenterPointX: 266
faceCenterPointY: 70
headPositionsX: [ 264, 268, 269, 266, 266, 268, 268, 264, 268, 267, 265,
    268, 265, 266, 263, 265, 267, 263, 264, 267, 264, 267, 266, 266, 264,
    265, 269, 267, 268, 267, 269, 268, 267, 266, 265, 268, 269, 268, 265,
    270, 265, 268, 270, 270, 267, 266, 267, 266, 264, 265, 266, 269, 266,
    265, 265, 268, 266, 265, 267, 267, 266, 269, 265, 268, 267, 265, 267,
    266, 265, 265, 265, 268, 265, 266, 269, 266, 266, 264, 265, 265, 264,
    267, 267, 268, 265, 265, 268, 263, 265, 266, 266, 265, 268, 266, 267,
    267, 266, 265, 267, 265 ]
headPositionsY: [ 72, 61, 61, 61, 61, 58, 57, 59, 65, 69, 73, 75, 79, 80,
    82, 78, 76, 71, 70, 67, 68, 66, 65, 67, 73, 76, 75, 80, 75, 73, 75,
    74, 71, 66, 69, 66, 70, 72, 71, 73, 77, 79, 77, 80, 78, 71, 68, 68,
    67, 70, 69, 71, 73, 72, 76, 75, 72, 73, 73, 68, 67, 69, 70, 69, 67,
    69, 70, 72, 72, 74, 74, 71, 73, 70, 68, 69, 70, 67, 70, 72, 71, 74,
    73, 72, 70, 73, 73, 68, 68, 68, 69, 70, 69, 70, 71, 72, 73, 69, 72,
    72 ]
