%YAML:1.0
---
videoName: "headShake35.mp4"
gestureLabel: 201
fps: 29
pixelSizeInCmTemp: 3.2364864864864862e-01
faceCenterPointX: 267
faceCenterPointY: 82
headPositionsX: [ 268, 266, 267, 268, 266, 269, 268, 267, 269, 266, 268,
    266, 268, 269, 266, 269, 269, 270, 268, 268, 266, 266, 267, 268, 267,
    265, 266, 270, 269, 268, 269, 268, 270, 266, 268, 268, 270, 269, 270,
    267, 268, 265, 268, 269, 266, 266, 266, 265, 266, 266, 265, 268, 270,
    269, 269, 270, 265, 265, 266, 266, 266, 268, 266, 270, 275, 277, 276,
    278, 278, 278, 276, 270, 265, 261, 259, 258, 260, 261, 264, 270, 275,
    276, 272, 271, 272, 268, 266, 263, 260, 261, 262, 263, 264, 266, 268,
    265, 267, 267, 265, 270 ]
headPositionsY: [ 83, 79, 82, 78, 80, 79, 81, 80, 82, 78, 78, 78, 79, 79,
    79, 78, 78, 81, 80, 80, 78, 77, 78, 78, 81, 82, 78, 81, 82, 83, 78,
    78, 80, 79, 79, 80, 82, 82, 80, 78, 81, 80, 80, 82, 79, 78, 82, 81,
    80, 83, 82, 79, 81, 78, 80, 81, 78, 79, 79, 81, 81, 83, 82, 83, 78,
    82, 81, 79, 80, 83, 81, 83, 79, 79, 82, 81, 80, 83, 80, 82, 82, 81,
    83, 80, 80, 80, 79, 80, 79, 80, 83, 82, 83, 81, 81, 83, 80, 82, 81,
    84 ]
