%YAML:1.0
---
videoName: "headNod40.mp4"
gestureLabel: 202
fps: 29
pixelSizeInCmTemp: 2.8511904761904761e-01
faceCenterPointX: 267
faceCenterPointY: 78
headPositionsX: [ 269, 269, 266, 268, 269, 270, 270, 265, 270, 268, 268,
    267, 267, 266, 270, 267, 269, 267, 268, 266, 266, 267, 268, 265, 266,
    270, 269, 270, 269, 270, 269, 268, 266, 268, 270, 268, 266, 268, 269,
    270, 268, 265, 267, 264, 265, 267, 263, 266, 267, 268, 264, 265, 266,
    265, 263, 268, 264, 265, 264, 267, 264, 264, 264, 265, 265, 267, 266,
    268, 269, 269, 267, 267, 270, 267, 269, 267, 268, 268, 265, 269, 269,
    268, 268, 269, 265, 267, 266, 267, 265, 267, 267, 266, 265, 267, 266,
    267, 266, 266, 265, 268 ]
headPositionsY: [ 77, 76, 78, 76, 77, 78, 76, 74, 78, 75, 76, 73, 76, 74,
    77, 74, 78, 77, 75, 77, 77, 75, 77, 76, 74, 77, 77, 74, 74, 74, 74,
    73, 77, 73, 77, 74, 77, 73, 77, 75, 81, 87, 90, 95, 94, 94, 93, 92,
    88, 84, 80, 80, 79, 68, 69, 68, 70, 67, 68, 74, 79, 84, 86, 85, 83,
    81, 78, 77, 72, 76, 72, 71, 74, 72, 73, 73, 82, 82, 79, 78, 81, 81,
    81, 77, 77, 79, 78, 81, 79, 76, 76, 78, 75, 75, 78, 79, 78, 75, 77,
    79 ]
