%YAML:1.0
---
videoName: "headNod21.mp4"
gestureLabel: 202
fps: 29
pixelSizeInCmTemp: 3.2808219178082193e-01
faceCenterPointX: 253
faceCenterPointY: 78
headPositionsX: [ 253, 257, 254, 256, 254, 256, 254, 255, 255, 255, 253,
    254, 255, 254, 257, 257, 254, 257, 254, 255, 257, 255, 256, 255, 253,
    255, 256, 256, 257, 256, 257, 257, 257, 256, 258, 256, 256, 258, 256,
    255, 256, 256, 258, 255, 254, 257, 254, 254, 256, 255, 254, 254, 253,
    255, 257, 252, 254, 255, 256, 255, 254, 255, 251, 255, 251, 251, 250,
    252, 251, 250, 252, 249, 252, 248, 251, 252, 250, 251, 248, 250, 252,
    249, 249, 250, 250, 252, 255, 253, 255, 250, 255, 254, 254, 255, 252,
    253, 256, 253, 252, 257 ]
headPositionsY: [ 80, 79, 77, 77, 79, 79, 76, 80, 77, 78, 79, 76, 79, 76,
    80, 80, 81, 79, 80, 77, 79, 78, 79, 80, 82, 77, 78, 79, 81, 80, 82,
    82, 80, 82, 77, 76, 73, 75, 74, 77, 80, 82, 84, 86, 83, 80, 76, 79,
    79, 76, 78, 80, 86, 85, 84, 80, 78, 78, 77, 78, 79, 83, 82, 84, 84,
    79, 79, 79, 75, 74, 78, 79, 78, 82, 84, 82, 81, 78, 78, 75, 75, 79,
    78, 78, 77, 80, 78, 78, 81, 76, 81, 77, 78, 77, 77, 82, 79, 79, 77,
    78 ]
