%YAML:1.0
---
videoName: "headShake27.mp4"
gestureLabel: 201
fps: 29
pixelSizeInCmTemp: 3.3263888888888887e-01
faceCenterPointX: 244
faceCenterPointY: 78
headPositionsX: [ 242, 244, 246, 248, 250, 254, 256, 255, 254, 255, 257,
    257, 252, 254, 255, 249, 247, 246, 244, 243, 240, 239, 237, 234, 235,
    234, 231, 230, 233, 232, 233, 232, 232, 237, 236, 239, 242, 242, 245,
    249, 248, 250, 248, 250, 251, 251, 251, 248, 248, 249, 244, 245, 241,
    239, 239, 238, 233, 232, 236, 232, 234, 231, 233, 236, 233, 235, 237,
    237, 243, 240, 242, 244, 243, 246, 246, 246, 248, 246, 248, 245, 248,
    249, 247, 246, 246, 244, 245, 247, 244, 246, 244, 244, 245, 245, 246,
    246, 242, 244, 244, 244 ]
headPositionsY: [ 77, 76, 79, 78, 78, 77, 79, 76, 76, 76, 77, 78, 75, 76,
    81, 80, 80, 77, 78, 79, 81, 80, 80, 81, 76, 77, 76, 80, 80, 79, 81,
    80, 79, 77, 81, 78, 77, 80, 80, 77, 79, 81, 80, 80, 81, 80, 78, 80,
    77, 81, 78, 78, 79, 81, 76, 79, 80, 77, 80, 76, 80, 77, 79, 80, 81,
    78, 78, 79, 80, 78, 78, 80, 76, 81, 79, 80, 79, 79, 78, 79, 78, 78,
    79, 80, 78, 80, 81, 81, 81, 79, 81, 77, 77, 82, 82, 79, 79, 81, 79,
    78 ]
