%YAML:1.0
---
videoName: "headLookLeft3.mp4"
gestureLabel: 203
fps: 29
pixelSizeInCmTemp: 3.4214285714285714e-01
faceCenterPointX: 290
faceCenterPointY: 74
headPositionsX: [ 292, 262, 261, 263, 265, 264, 266, 270, 267, 270, 270,
    276, 276, 279, 283, 280, 284, 288, 290, 290, 291, 286, 291, 289, 284,
    286, 295, 291, 290, 282, 288, 289, 289, 292, 286, 288, 283, 290, 290,
    290, 290, 285, 291, 296, 289, 287, 287, 286, 291, 287, 293, 289, 292,
    288, 286, 286, 290, 287, 291, 291, 290, 289, 290, 287, 289, 286, 288,
    288, 288, 288, 286, 289, 287, 286, 287, 286, 287, 287, 289, 288, 286,
    285, 289, 284, 288, 288, 288, 288, 288, 286, 287, 288, 288, 289, 286,
    284, 289, 288, 286, 288 ]
headPositionsY: [ 73, 76, 78, 78, 78, 78, 76, 77, 77, 78, 77, 73, 76, 77,
    76, 74, 74, 77, 72, 73, 72, 74, 74, 73, 74, 71, 75, 75, 75, 73, 75,
    74, 76, 75, 72, 77, 71, 73, 74, 73, 74, 71, 74, 75, 72, 72, 74, 76,
    75, 73, 75, 71, 73, 77, 72, 75, 75, 74, 71, 73, 75, 75, 73, 71, 73,
    74, 73, 75, 75, 75, 72, 72, 72, 72, 75, 77, 75, 74, 75, 71, 74, 74,
    71, 73, 74, 74, 74, 72, 74, 73, 72, 73, 73, 73, 76, 75, 74, 72, 75,
    72 ]
