%YAML:1.0
---
videoName: "headNod33.mp4"
gestureLabel: 202
fps: 29
pixelSizeInCmTemp: 2.9567901234567900e-01
faceCenterPointX: 268
faceCenterPointY: 74
headPositionsX: [ 270, 268, 267, 270, 267, 270, 269, 268, 269, 269, 272,
    271, 269, 270, 268, 270, 272, 270, 270, 270, 272, 272, 272, 271, 268,
    271, 267, 268, 268, 269, 270, 270, 268, 268, 269, 271, 268, 270, 270,
    272, 271, 270, 271, 271, 268, 269, 269, 268, 272, 268, 267, 269, 267,
    268, 269, 269, 266, 269, 268, 268, 267, 269, 265, 267, 266, 267, 268,
    268, 268, 266, 269, 269, 265, 269, 267, 269, 268, 271, 269, 270, 271,
    270, 267, 267, 268, 266, 269, 265, 267, 265, 266, 266, 269, 266, 269,
    266, 270, 270, 268, 265 ]
headPositionsY: [ 73, 73, 71, 69, 71, 72, 72, 73, 73, 69, 71, 69, 73, 71,
    71, 72, 70, 69, 73, 70, 74, 73, 73, 74, 69, 71, 72, 74, 73, 72, 72,
    74, 73, 76, 76, 75, 79, 76, 76, 69, 70, 69, 64, 64, 68, 68, 70, 73,
    80, 81, 83, 80, 79, 77, 75, 74, 73, 70, 68, 68, 67, 71, 71, 73, 75,
    74, 77, 76, 77, 76, 75, 76, 75, 69, 73, 72, 72, 72, 75, 76, 77, 76,
    79, 79, 77, 79, 78, 74, 74, 77, 75, 76, 73, 77, 76, 76, 76, 73, 74,
    73 ]
