%YAML:1.0
---
videoName: "headNod41.mp4"
gestureLabel: 202
fps: 29
pixelSizeInCmTemp: 2.9937500000000000e-01
faceCenterPointX: 267
faceCenterPointY: 76
headPositionsX: [ 265, 270, 271, 269, 271, 269, 270, 270, 271, 269, 272,
    271, 268, 270, 270, 271, 268, 271, 269, 272, 272, 273, 271, 271, 272,
    269, 269, 271, 270, 268, 271, 268, 269, 269, 267, 268, 270, 271, 270,
    270, 272, 270, 268, 268, 268, 270, 270, 267, 270, 267, 267, 268, 271,
    268, 267, 269, 269, 269, 271, 270, 271, 268, 269, 270, 267, 267, 267,
    266, 267, 268, 268, 269, 266, 267, 269, 269, 266, 268, 267, 265, 267,
    267, 266, 265, 269, 265, 269, 265, 269, 267, 267, 268, 267, 265, 268,
    269, 270, 268, 266, 266 ]
headPositionsY: [ 75, 71, 73, 74, 75, 74, 73, 75, 71, 73, 75, 72, 74, 74,
    74, 74, 73, 72, 75, 73, 75, 73, 75, 76, 74, 76, 73, 74, 76, 73, 74,
    74, 73, 73, 76, 72, 73, 75, 74, 78, 82, 83, 85, 89, 93, 94, 91, 87,
    84, 80, 80, 71, 71, 68, 62, 64, 64, 67, 71, 76, 80, 86, 91, 95, 90,
    92, 86, 82, 78, 75, 75, 73, 72, 69, 69, 78, 78, 85, 81, 84, 84, 79,
    76, 75, 74, 74, 72, 72, 76, 76, 76, 78, 77, 82, 80, 80, 76, 78, 75,
    79 ]
