%YAML:1.0
---
videoName: "headShake32.mp4"
gestureLabel: 201
fps: 29
pixelSizeInCmTemp: 3.2808219178082193e-01
faceCenterPointX: 237
faceCenterPointY: 77
headPositionsX: [ 237, 238, 236, 235, 239, 236, 238, 240, 239, 240, 236,
    238, 240, 238, 238, 241, 239, 239, 239, 240, 240, 240, 241, 242, 240,
    241, 242, 240, 239, 241, 241, 238, 236, 237, 239, 237, 237, 238, 239,
    244, 242, 244, 247, 247, 247, 248, 252, 250, 253, 252, 250, 248, 246,
    245, 240, 239, 236, 234, 232, 233, 229, 230, 227, 225, 227, 225, 225,
    230, 233, 230, 234, 239, 239, 241, 248, 246, 247, 248, 250, 250, 246,
    245, 244, 243, 245, 245, 240, 239, 241, 240, 239, 237, 238, 236, 237,
    235, 239, 237, 237, 238 ]
headPositionsY: [ 79, 70, 75, 72, 72, 74, 72, 72, 73, 74, 71, 73, 71, 75,
    75, 72, 75, 73, 72, 72, 76, 72, 75, 72, 74, 76, 76, 74, 74, 75, 76,
    73, 72, 75, 74, 73, 76, 74, 72, 77, 76, 73, 75, 75, 72, 72, 71, 71,
    71, 72, 72, 75, 75, 76, 78, 74, 74, 74, 77, 74, 74, 76, 77, 77, 78,
    73, 77, 74, 78, 75, 77, 77, 74, 76, 73, 76, 76, 75, 76, 77, 76, 77,
    75, 79, 75, 76, 75, 79, 79, 78, 78, 77, 77, 76, 76, 79, 80, 79, 75,
    79 ]
