%YAML:1.0
---
videoName: "headShake38.mp4"
gestureLabel: 201
fps: 29
pixelSizeInCmTemp: 3.2808219178082193e-01
faceCenterPointX: 259
faceCenterPointY: 84
headPositionsX: [ 257, 264, 264, 263, 262, 263, 265, 263, 266, 262, 264,
    262, 263, 261, 261, 264, 263, 265, 265, 262, 262, 263, 263, 262, 262,
    262, 265, 265, 265, 263, 262, 264, 261, 264, 261, 264, 260, 261, 264,
    260, 263, 263, 261, 257, 255, 251, 249, 245, 248, 252, 258, 265, 273,
    278, 278, 273, 267, 262, 253, 252, 248, 251, 253, 259, 269, 269, 274,
    269, 268, 261, 251, 251, 248, 249, 251, 254, 257, 264, 266, 269, 271,
    269, 266, 268, 264, 266, 264, 260, 259, 260, 259, 261, 258, 261, 259,
    260, 261, 258, 258, 259 ]
headPositionsY: [ 84, 82, 84, 83, 81, 82, 82, 82, 86, 81, 81, 82, 81, 82,
    85, 84, 85, 86, 83, 84, 84, 81, 82, 81, 83, 82, 81, 82, 82, 85, 83,
    81, 85, 82, 84, 84, 84, 82, 84, 85, 84, 86, 83, 82, 82, 80, 83, 82,
    82, 83, 84, 82, 82, 84, 85, 82, 83, 82, 86, 82, 82, 84, 84, 82, 85,
    85, 86, 81, 84, 85, 86, 81, 83, 84, 85, 86, 85, 85, 85, 82, 86, 87,
    82, 83, 87, 87, 87, 85, 83, 86, 82, 82, 86, 84, 83, 86, 84, 86, 84,
    84 ]
