%YAML:1.0
---
videoName: "headShake27.mp4"
gestureLabel: 201
fps: 29
pixelSizeInCmTemp: 3.3263888888888887e-01
faceCenterPointX: 244
faceCenterPointY: 78
headPositionsX: [ 242, 245, 244, 249, 250, 252, 252, 254, 254, 256, 257,
    256, 254, 254, 252, 250, 249, 247, 242, 244, 243, 236, 235, 234, 233,
    234, 232, 233, 230, 233, 235, 233, 234, 235, 238, 242, 239, 242, 243,
    249, 248, 246, 251, 247, 251, 250, 251, 250, 248, 245, 245, 243, 241,
    241, 238, 238, 237, 232, 232, 234, 231, 235, 235, 232, 234, 234, 237,
    238, 240, 238, 243, 245, 247, 244, 248, 248, 246, 250, 246, 248, 246,
    246, 245, 247, 248, 245, 245, 245, 243, 245, 245, 246, 242, 242, 247,
    242, 243, 245, 243, 244 ]
headPositionsY: [ 76, 77, 75, 76, 77, 76, 76, 77, 76, 75, 74, 74, 74, 75,
    79, 78, 80, 77, 79, 76, 77, 78, 78, 77, 76, 77, 79, 78, 76, 76, 81,
    81, 80, 80, 80, 80, 79, 78, 78, 77, 82, 81, 78, 81, 81, 78, 81, 81,
    78, 77, 78, 80, 81, 80, 76, 81, 79, 76, 81, 79, 79, 80, 78, 80, 79,
    81, 80, 79, 82, 80, 77, 82, 76, 78, 80, 82, 80, 81, 77, 82, 76, 82,
    81, 79, 78, 78, 82, 82, 80, 81, 81, 81, 78, 80, 81, 80, 77, 81, 81,
    82 ]
