%YAML:1.0
---
videoName: "headLookUp6.mp4"
gestureLabel: 205
fps: 30
pixelSizeInCmTemp: 3.7421874999999999e-01
faceCenterPointX: 255
faceCenterPointY: 70
headPositionsX: [ 256, 254, 257, 256, 257, 257, 253, 257, 258, 256, 254,
    257, 256, 256, 254, 255, 255, 255, 253, 255, 254, 253, 256, 257, 257,
    254, 257, 255, 255, 258, 256, 258, 258, 253, 253, 253, 257, 254, 257,
    253, 255, 254, 256, 253, 257, 254, 254, 255, 256, 254, 255, 252, 257,
    254, 256, 255, 252, 255, 256, 254, 254, 255, 254, 253, 256, 253, 257,
    254, 255, 257, 251, 256, 258, 256, 253, 253, 256, 253, 256, 253, 258,
    255, 254, 253, 257, 252, 254, 254, 253, 253, 255, 256, 253, 254, 254,
    252, 254, 256, 256, 255 ]
headPositionsY: [ 70, 82, 84, 82, 81, 81, 81, 82, 84, 85, 84, 82, 84, 85,
    82, 82, 82, 84, 82, 82, 83, 84, 84, 82, 83, 79, 81, 79, 75, 74, 73,
    72, 73, 68, 68, 72, 70, 67, 69, 68, 70, 67, 68, 68, 69, 71, 68, 68,
    70, 67, 65, 68, 68, 71, 66, 66, 69, 69, 71, 69, 71, 71, 67, 67, 66,
    70, 71, 68, 67, 68, 69, 71, 70, 68, 71, 69, 69, 70, 70, 71, 71, 71,
    70, 72, 70, 68, 70, 69, 70, 69, 70, 71, 68, 71, 69, 67, 70, 67, 72,
    68 ]
