%YAML:1.0
---
videoName: "headNod8.mp4"
gestureLabel: 202
fps: 29
pixelSizeInCmTemp: 3.1933333333333330e-01
faceCenterPointX: 262
faceCenterPointY: 74
headPositionsX: [ 260, 264, 262, 263, 261, 263, 261, 262, 262, 261, 262,
    263, 262, 263, 262, 260, 262, 261, 261, 262, 263, 263, 262, 263, 260,
    259, 260, 262, 262, 262, 260, 263, 263, 262, 259, 262, 262, 263, 263,
    264, 264, 263, 262, 262, 261, 261, 261, 261, 261, 263, 259, 262, 264,
    263, 261, 259, 259, 259, 260, 261, 263, 262, 263, 260, 263, 262, 259,
    260, 260, 259, 262, 262, 259, 261, 259, 258, 259, 259, 259, 263, 262,
    264, 263, 264, 262, 262, 263, 261, 261, 261, 263, 262, 264, 260, 262,
    264, 261, 264, 263, 262 ]
headPositionsY: [ 72, 78, 77, 77, 75, 74, 77, 76, 75, 77, 75, 77, 76, 74,
    74, 74, 76, 74, 75, 74, 75, 74, 78, 78, 77, 74, 74, 76, 79, 78, 77,
    79, 79, 76, 74, 79, 76, 77, 75, 73, 74, 72, 70, 68, 68, 66, 67, 68,
    73, 74, 76, 81, 83, 81, 83, 81, 80, 72, 72, 68, 72, 67, 69, 76, 76,
    81, 81, 83, 80, 79, 75, 73, 73, 68, 71, 71, 72, 76, 79, 79, 85, 81,
    80, 78, 74, 73, 70, 71, 71, 74, 73, 75, 74, 78, 79, 81, 78, 79, 77,
    73 ]
