%YAML:1.0
---
videoName: "headLookLeft2.mp4"
gestureLabel: 203
fps: 29
pixelSizeInCmTemp: 3.6846153846153845e-01
faceCenterPointX: 278
faceCenterPointY: 74
headPositionsX: [ 277, 260, 257, 258, 257, 261, 259, 257, 258, 258, 261,
    260, 257, 258, 263, 260, 262, 261, 264, 260, 263, 264, 265, 267, 266,
    270, 272, 275, 273, 274, 277, 275, 278, 277, 277, 280, 280, 279, 277,
    276, 279, 280, 282, 278, 280, 279, 281, 284, 286, 278, 279, 283, 284,
    279, 279, 280, 279, 271, 280, 279, 283, 275, 278, 280, 277, 280, 280,
    283, 280, 280, 278, 281, 282, 274, 277, 279, 279, 280, 280, 281, 279,
    281, 277, 281, 281, 276, 286, 279, 275, 282, 283, 279, 281, 278, 280,
    278, 280, 281, 286, 278 ]
headPositionsY: [ 73, 76, 75, 75, 73, 77, 78, 75, 77, 75, 74, 76, 74, 74,
    74, 74, 78, 75, 78, 74, 74, 76, 77, 77, 77, 74, 74, 77, 76, 76, 76,
    72, 73, 74, 75, 74, 75, 73, 73, 73, 74, 75, 76, 76, 76, 77, 73, 75,
    76, 74, 72, 74, 75, 76, 73, 75, 73, 75, 75, 74, 77, 71, 75, 76, 73,
    74, 72, 76, 73, 72, 76, 76, 76, 74, 72, 73, 74, 77, 71, 77, 74, 72,
    76, 72, 73, 73, 72, 73, 72, 76, 73, 75, 76, 72, 72, 75, 72, 74, 76,
    71 ]
