%YAML:1.0
---
videoName: "headShake14.mp4"
gestureLabel: 201
fps: 29
pixelSizeInCmTemp: 3.2364864864864862e-01
faceCenterPointX: 244
faceCenterPointY: 76
headPositionsX: [ 244, 248, 244, 247, 247, 243, 245, 245, 246, 245, 246,
    246, 245, 243, 244, 245, 243, 247, 244, 244, 247, 245, 243, 246, 248,
    248, 251, 250, 256, 257, 260, 262, 263, 258, 254, 251, 248, 239, 238,
    228, 227, 224, 226, 226, 231, 239, 245, 247, 252, 254, 256, 258, 251,
    251, 249, 240, 238, 238, 231, 234, 232, 233, 235, 236, 242, 242, 244,
    245, 246, 251, 249, 249, 251, 250, 247, 243, 242, 240, 242, 242, 241,
    239, 238, 241, 242, 240, 244, 242, 246, 245, 247, 246, 242, 244, 243,
    246, 244, 246, 246, 241 ]
headPositionsY: [ 78, 77, 74, 74, 77, 76, 76, 73, 77, 76, 74, 78, 76, 77,
    74, 77, 73, 73, 77, 77, 74, 76, 76, 77, 78, 75, 77, 74, 73, 72, 73,
    72, 73, 74, 76, 77, 78, 74, 78, 75, 75, 75, 77, 73, 74, 76, 75, 73,
    74, 73, 70, 72, 72, 76, 76, 73, 77, 74, 74, 74, 77, 73, 77, 73, 77,
    74, 74, 76, 78, 77, 76, 77, 74, 76, 76, 78, 77, 73, 75, 76, 74, 76,
    78, 78, 75, 78, 75, 75, 76, 79, 74, 75, 74, 78, 74, 74, 76, 74, 79,
    77 ]
