%YAML:1.0
---
videoName: "headLookRight5.mp4"
gestureLabel: 204
fps: 29
pixelSizeInCmTemp: 3.1513157894736843e-01
faceCenterPointX: 228
faceCenterPointY: 76
headPositionsX: [ 230, 251, 250, 248, 250, 251, 249, 248, 248, 249, 247,
    251, 252, 247, 252, 248, 251, 248, 249, 252, 247, 247, 251, 249, 247,
    251, 248, 248, 249, 246, 249, 249, 245, 243, 242, 240, 237, 237, 232,
    232, 230, 231, 225, 228, 224, 227, 225, 226, 224, 229, 225, 226, 221,
    228, 224, 227, 225, 225, 224, 222, 224, 220, 228, 225, 225, 227, 224,
    228, 227, 228, 228, 224, 226, 229, 226, 225, 226, 227, 225, 226, 225,
    223, 228, 224, 223, 224, 227, 225, 227, 225, 222, 225, 224, 225, 225,
    226, 226, 223, 223, 224 ]
headPositionsY: [ 76, 74, 72, 75, 72, 75, 72, 76, 73, 74, 72, 74, 75, 72,
    74, 74, 75, 75, 75, 77, 76, 74, 73, 73, 74, 74, 73, 74, 73, 73, 72,
    76, 74, 74, 77, 74, 72, 71, 74, 74, 75, 73, 73, 73, 74, 74, 72, 73,
    72, 73, 74, 72, 75, 75, 75, 73, 76, 72, 77, 77, 74, 76, 75, 72, 77,
    76, 77, 72, 75, 75, 76, 77, 72, 75, 73, 72, 73, 76, 74, 72, 77, 73,
    73, 76, 71, 76, 76, 73, 75, 75, 71, 77, 73, 74, 72, 73, 72, 75, 75,
    75 ]
