%YAML:1.0
---
videoName: "headShake34.mp4"
gestureLabel: 201
fps: 29
pixelSizeInCmTemp: 3.2364864864864862e-01
faceCenterPointX: 263
faceCenterPointY: 83
headPositionsX: [ 262, 263, 264, 263, 263, 263, 264, 263, 262, 263, 263,
    262, 266, 265, 266, 262, 265, 266, 264, 264, 264, 262, 265, 263, 267,
    263, 262, 264, 262, 261, 261, 262, 262, 263, 262, 264, 266, 265, 267,
    270, 272, 275, 276, 275, 276, 278, 280, 275, 278, 274, 271, 268, 265,
    261, 256, 255, 251, 253, 251, 254, 258, 262, 266, 265, 272, 271, 272,
    269, 267, 259, 259, 256, 255, 256, 255, 257, 259, 260, 265, 263, 262,
    263, 265, 267, 266, 266, 263, 263, 267, 263, 267, 264, 263, 261, 266,
    264, 261, 262, 262, 263 ]
headPositionsY: [ 83, 82, 83, 85, 83, 83, 82, 85, 81, 84, 82, 81, 81, 81,
    82, 80, 83, 82, 85, 84, 81, 83, 83, 81, 82, 80, 81, 83, 82, 83, 85,
    82, 82, 81, 85, 81, 85, 85, 82, 82, 83, 80, 82, 82, 80, 83, 80, 82,
    82, 84, 81, 82, 85, 82, 79, 80, 80, 82, 83, 84, 85, 82, 83, 80, 84,
    83, 81, 83, 85, 82, 85, 82, 81, 84, 81, 82, 82, 82, 82, 82, 85, 82,
    85, 81, 83, 83, 83, 81, 83, 82, 85, 82, 83, 85, 86, 83, 83, 83, 84,
    82 ]
