%YAML:1.0
---
videoName: "headLookLeft1.mp4"
gestureLabel: 203
fps: 30
pixelSizeInCmTemp: 3.6287878787878786e-01
faceCenterPointX: 276
faceCenterPointY: 73
headPositionsX: [ 278, 255, 255, 254, 258, 256, 256, 257, 254, 253, 254,
    256, 255, 258, 257, 256, 254, 254, 254, 255, 256, 255, 257, 255, 255,
    254, 256, 255, 257, 254, 257, 258, 255, 256, 255, 256, 255, 258, 258,
    256, 258, 258, 257, 258, 255, 255, 258, 256, 257, 255, 253, 255, 256,
    254, 256, 255, 258, 258, 255, 259, 258, 262, 262, 267, 266, 272, 273,
    276, 273, 276, 280, 278, 274, 272, 274, 278, 279, 278, 275, 276, 282,
    277, 276, 280, 281, 280, 275, 281, 280, 275, 279, 280, 278, 278, 274,
    276, 277, 275, 276, 275 ]
headPositionsY: [ 72, 77, 76, 74, 73, 76, 78, 74, 74, 73, 73, 74, 73, 74,
    78, 75, 74, 76, 75, 79, 76, 78, 77, 75, 79, 79, 79, 79, 79, 78, 76,
    79, 79, 77, 77, 77, 78, 81, 76, 80, 81, 77, 77, 79, 77, 78, 78, 81,
    80, 79, 76, 78, 80, 78, 79, 77, 80, 78, 79, 79, 81, 77, 78, 79, 79,
    78, 75, 78, 78, 78, 76, 75, 77, 74, 73, 77, 74, 74, 78, 74, 78, 74,
    74, 73, 79, 77, 75, 76, 77, 77, 77, 75, 75, 75, 75, 76, 75, 77, 75,
    72 ]
