%YAML:1.0
---
videoName: "headLookUp2.mp4"
gestureLabel: 205
fps: 29
pixelSizeInCmTemp: 3.7421874999999999e-01
faceCenterPointX: 254
faceCenterPointY: 67
headPositionsX: [ 254, 258, 258, 254, 258, 257, 255, 257, 254, 256, 254,
    254, 257, 255, 255, 252, 253, 257, 253, 256, 256, 256, 257, 257, 254,
    254, 254, 253, 253, 252, 256, 254, 252, 256, 254, 253, 255, 256, 254,
    256, 256, 255, 252, 256, 256, 253, 253, 256, 256, 257, 253, 253, 255,
    255, 253, 255, 254, 253, 253, 254, 253, 252, 254, 252, 255, 250, 253,
    256, 252, 254, 254, 253, 251, 256, 255, 250, 251, 256, 253, 254, 253,
    253, 254, 254, 254, 255, 253, 253, 254, 253, 254, 252, 255, 255, 254,
    254, 255, 256, 256, 256 ]
headPositionsY: [ 65, 81, 82, 81, 82, 82, 83, 81, 81, 83, 81, 81, 80, 80,
    80, 79, 83, 82, 79, 80, 83, 83, 78, 81, 84, 83, 83, 81, 79, 81, 81,
    81, 81, 79, 79, 80, 82, 82, 79, 78, 80, 78, 76, 75, 78, 75, 73, 73,
    68, 68, 71, 67, 69, 70, 67, 71, 67, 69, 65, 65, 67, 66, 66, 68, 70,
    68, 69, 70, 67, 66, 69, 68, 70, 68, 70, 70, 66, 67, 66, 69, 69, 67,
    70, 65, 70, 69, 66, 66, 66, 70, 71, 67, 66, 66, 69, 66, 66, 67, 66,
    66 ]
