%YAML:1.0
---
videoName: "headLookRight7.mp4"
gestureLabel: 204
fps: 30
pixelSizeInCmTemp: 3.4710144927536229e-01
faceCenterPointX: 226
faceCenterPointY: 74
headPositionsX: [ 228, 248, 248, 250, 250, 250, 248, 252, 248, 249, 250,
    249, 251, 248, 251, 248, 250, 250, 248, 251, 248, 247, 248, 247, 248,
    251, 247, 246, 247, 243, 243, 240, 240, 235, 238, 232, 230, 227, 230,
    228, 225, 226, 223, 225, 222, 224, 222, 225, 222, 221, 224, 226, 225,
    225, 223, 224, 225, 222, 226, 226, 222, 221, 222, 224, 226, 222, 222,
    224, 223, 225, 221, 226, 223, 224, 221, 224, 226, 224, 226, 225, 221,
    222, 226, 223, 224, 220, 226, 227, 223, 224, 226, 221, 223, 222, 224,
    221, 224, 223, 226, 224 ]
headPositionsY: [ 76, 74, 72, 77, 75, 77, 75, 77, 74, 76, 72, 72, 75, 76,
    74, 72, 73, 73, 77, 75, 74, 74, 73, 74, 75, 74, 74, 76, 75, 74, 74,
    75, 77, 74, 75, 76, 77, 77, 73, 75, 75, 73, 74, 75, 76, 72, 72, 72,
    76, 74, 74, 76, 76, 74, 73, 74, 74, 71, 75, 72, 72, 71, 73, 74, 75,
    73, 75, 71, 74, 73, 80, 74, 74, 76, 75, 74, 74, 72, 73, 74, 74, 74,
    76, 76, 75, 77, 73, 75, 76, 75, 75, 73, 75, 75, 75, 72, 75, 75, 71,
    75 ]
