%YAML:1.0
---
videoName: "headLookLeft2.mp4"
gestureLabel: 203
fps: 29
pixelSizeInCmTemp: 3.6846153846153845e-01
faceCenterPointX: 278
faceCenterPointY: 74
headPositionsX: [ 276, 260, 259, 261, 259, 257, 261, 261, 261, 257, 259,
    260, 257, 259, 263, 261, 262, 261, 260, 260, 262, 266, 266, 269, 267,
    272, 271, 273, 273, 275, 276, 278, 275, 280, 277, 281, 278, 280, 278,
    277, 280, 281, 282, 280, 282, 278, 283, 284, 285, 279, 278, 282, 284,
    282, 278, 282, 280, 272, 281, 280, 284, 278, 279, 279, 279, 281, 282,
    281, 281, 279, 278, 282, 281, 277, 275, 279, 278, 281, 277, 283, 276,
    280, 281, 280, 284, 277, 284, 277, 278, 280, 280, 279, 282, 278, 277,
    277, 279, 282, 285, 280 ]
headPositionsY: [ 76, 73, 76, 76, 77, 73, 74, 74, 74, 75, 74, 75, 74, 77,
    76, 78, 75, 73, 77, 74, 75, 75, 75, 74, 76, 74, 72, 76, 75, 73, 75,
    72, 75, 73, 75, 76, 74, 72, 73, 72, 74, 76, 73, 75, 76, 76, 77, 77,
    77, 73, 76, 76, 75, 77, 72, 77, 76, 76, 75, 73, 74, 75, 74, 75, 74,
    74, 74, 74, 74, 71, 72, 74, 76, 72, 75, 75, 72, 76, 73, 75, 75, 73,
    76, 73, 76, 70, 73, 74, 75, 72, 77, 75, 78, 73, 73, 73, 73, 74, 75,
    75 ]
