%YAML:1.0
---
videoName: "headLookDown3.mp4"
gestureLabel: 206
fps: 29
pixelSizeInCmTemp: 3.5746268656716418e-01
faceCenterPointX: 273
faceCenterPointY: 98
headPositionsX: [ 271, 274, 272, 275, 270, 271, 272, 272, 270, 275, 275,
    273, 270, 274, 274, 270, 270, 273, 274, 271, 273, 273, 271, 271, 274,
    270, 271, 274, 271, 273, 275, 273, 273, 271, 271, 272, 271, 273, 270,
    274, 271, 273, 272, 271, 273, 275, 270, 274, 275, 273, 274, 275, 273,
    274, 271, 274, 275, 270, 273, 270, 270, 272, 270, 268, 271, 271, 269,
    269, 270, 271, 269, 271, 272, 273, 269, 270, 269, 273, 271, 274, 270,
    271, 271, 271, 270, 273, 274, 269, 274, 274, 271, 274, 274, 274, 276,
    274, 275, 271, 272, 275 ]
headPositionsY: [ 96, 77, 78, 79, 80, 77, 76, 77, 77, 79, 77, 78, 80, 76,
    78, 76, 78, 80, 80, 77, 77, 81, 79, 80, 81, 76, 81, 78, 80, 80, 78,
    78, 80, 79, 78, 78, 82, 79, 83, 81, 82, 83, 85, 86, 84, 87, 84, 87,
    87, 88, 89, 90, 90, 92, 91, 95, 96, 97, 99, 99, 100, 98, 100, 96,
    101, 101, 100, 101, 101, 103, 103, 103, 101, 102, 104, 102, 103, 101,
    102, 100, 101, 102, 101, 102, 102, 99, 99, 101, 103, 101, 100, 99,
    100, 99, 101, 101, 102, 99, 98, 102 ]
