%YAML:1.0
---
videoName: "headNod11.mp4"
gestureLabel: 202
fps: 29
pixelSizeInCmTemp: 3.2364864864864862e-01
faceCenterPointX: 261
faceCenterPointY: 75
headPositionsX: [ 259, 257, 259, 261, 261, 258, 258, 261, 259, 257, 257,
    259, 258, 262, 260, 261, 259, 259, 262, 257, 262, 260, 259, 263, 262,
    259, 258, 260, 261, 263, 258, 261, 263, 259, 261, 261, 263, 258, 258,
    262, 261, 261, 260, 262, 261, 261, 263, 260, 260, 263, 262, 258, 259,
    261, 263, 261, 262, 259, 258, 262, 257, 261, 258, 260, 260, 256, 260,
    257, 257, 256, 255, 255, 259, 256, 257, 254, 255, 255, 257, 256, 257,
    258, 258, 259, 260, 259, 261, 261, 257, 258, 261, 262, 259, 257, 261,
    258, 262, 262, 259, 260 ]
headPositionsY: [ 73, 75, 76, 76, 77, 76, 74, 73, 76, 76, 73, 74, 76, 74,
    72, 76, 72, 73, 74, 75, 75, 74, 72, 76, 76, 74, 75, 77, 74, 78, 75,
    75, 74, 73, 73, 73, 75, 77, 76, 74, 77, 76, 74, 73, 77, 76, 76, 73,
    74, 73, 69, 67, 69, 68, 70, 73, 75, 74, 77, 82, 80, 80, 75, 74, 73,
    68, 66, 68, 69, 70, 74, 76, 80, 80, 81, 83, 80, 77, 78, 74, 70, 68,
    71, 73, 76, 74, 76, 82, 82, 79, 78, 76, 75, 79, 76, 77, 74, 78, 78,
    75 ]
