%YAML:1.0
---
videoName: "headNod27.mp4"
gestureLabel: 202
fps: 29
pixelSizeInCmTemp: 3.0705128205128202e-01
faceCenterPointX: 271
faceCenterPointY: 77
headPositionsX: [ 271, 274, 270, 269, 272, 274, 272, 270, 272, 271, 273,
    272, 271, 269, 270, 272, 269, 270, 273, 270, 271, 272, 273, 270, 274,
    271, 271, 271, 274, 274, 273, 271, 270, 271, 270, 269, 268, 271, 268,
    269, 267, 272, 270, 270, 270, 268, 270, 270, 268, 270, 268, 271, 268,
    270, 267, 272, 271, 269, 272, 269, 270, 268, 268, 270, 268, 265, 265,
    265, 270, 270, 269, 269, 268, 268, 269, 268, 267, 270, 270, 267, 270,
    267, 269, 269, 270, 272, 270, 270, 272, 272, 272, 269, 273, 272, 268,
    268, 268, 271, 271, 270 ]
headPositionsY: [ 75, 75, 71, 73, 74, 71, 71, 72, 75, 74, 75, 76, 75, 72,
    75, 73, 75, 75, 73, 73, 72, 71, 70, 68, 65, 65, 65, 62, 66, 68, 69,
    76, 81, 84, 82, 85, 80, 79, 72, 72, 69, 68, 69, 66, 69, 73, 77, 77,
    81, 82, 80, 76, 75, 74, 69, 71, 72, 71, 74, 75, 79, 80, 81, 83, 83,
    79, 75, 75, 71, 72, 74, 74, 72, 78, 77, 78, 80, 80, 78, 73, 72, 70,
    71, 70, 72, 74, 75, 75, 81, 79, 81, 79, 80, 75, 78, 77, 78, 79, 76,
    76 ]
