%YAML:1.0
---
videoName: "headShake19.mp4"
gestureLabel: 201
fps: 29
pixelSizeInCmTemp: 3.1933333333333330e-01
faceCenterPointX: 243
faceCenterPointY: 78
headPositionsX: [ 244, 242, 245, 244, 241, 241, 244, 241, 244, 243, 244,
    245, 245, 244, 242, 245, 241, 241, 243, 243, 244, 241, 241, 241, 240,
    245, 240, 242, 244, 241, 242, 244, 240, 241, 242, 241, 237, 239, 234,
    235, 231, 235, 238, 242, 249, 251, 255, 258, 258, 252, 247, 246, 237,
    232, 230, 231, 231, 234, 236, 240, 244, 249, 248, 246, 248, 244, 239,
    241, 236, 238, 235, 236, 238, 239, 242, 243, 242, 244, 244, 244, 244,
    243, 244, 242, 242, 241, 240, 238, 242, 242, 239, 244, 243, 243, 243,
    242, 245, 244, 241, 242 ]
headPositionsY: [ 77, 78, 74, 79, 78, 74, 78, 76, 78, 77, 77, 79, 76, 75,
    77, 76, 78, 77, 78, 78, 77, 78, 74, 76, 76, 76, 79, 76, 75, 75, 76,
    76, 76, 78, 75, 78, 77, 78, 79, 79, 76, 76, 77, 77, 75, 78, 74, 75,
    75, 74, 76, 77, 77, 74, 78, 75, 77, 74, 75, 76, 79, 77, 78, 77, 79,
    78, 75, 77, 79, 76, 79, 76, 76, 77, 75, 79, 80, 79, 76, 77, 80, 80,
    76, 76, 80, 78, 78, 80, 76, 79, 79, 78, 79, 78, 79, 77, 80, 79, 78,
    79 ]
