%YAML:1.0
---
videoName: "headNod41.mp4"
gestureLabel: 202
fps: 29
pixelSizeInCmTemp: 2.9937500000000000e-01
faceCenterPointX: 267
faceCenterPointY: 76
headPositionsX: [ 267, 267, 268, 269, 272, 272, 270, 271, 269, 272, 270,
    270, 271, 271, 272, 270, 272, 269, 273, 272, 269, 269, 270, 271, 269,
    268, 271, 267, 269, 271, 270, 271, 269, 268, 270, 268, 269, 270, 269,
    268, 271, 268, 270, 270, 271, 267, 271, 268, 267, 265, 268, 270, 270,
    270, 270, 269, 269, 271, 271, 270, 269, 268, 269, 267, 269, 270, 270,
    270, 270, 267, 269, 265, 268, 269, 267, 268, 265, 267, 269, 266, 270,
    265, 267, 268, 266, 265, 267, 265, 270, 266, 268, 266, 265, 269, 266,
    268, 270, 266, 266, 267 ]
headPositionsY: [ 77, 69, 75, 73, 75, 74, 74, 71, 74, 74, 75, 74, 74, 73,
    75, 74, 75, 74, 72, 73, 74, 74, 72, 73, 76, 76, 74, 73, 74, 75, 75,
    74, 74, 74, 73, 73, 75, 75, 77, 75, 82, 84, 86, 89, 92, 93, 90, 89,
    83, 78, 76, 68, 72, 65, 62, 66, 65, 68, 72, 75, 81, 87, 93, 95, 92,
    89, 85, 82, 78, 75, 76, 72, 73, 73, 71, 79, 81, 85, 85, 84, 84, 78,
    78, 73, 73, 75, 72, 73, 72, 72, 79, 78, 80, 79, 77, 80, 80, 75, 75,
    77 ]
