%YAML:1.0
---
videoName: "headNod33.mp4"
gestureLabel: 202
fps: 29
pixelSizeInCmTemp: 2.9567901234567900e-01
faceCenterPointX: 268
faceCenterPointY: 74
headPositionsX: [ 269, 269, 270, 269, 270, 268, 270, 271, 271, 271, 270,
    271, 269, 269, 271, 272, 269, 273, 269, 268, 270, 273, 270, 270, 270,
    271, 268, 269, 271, 267, 269, 270, 272, 267, 269, 267, 271, 269, 270,
    271, 268, 268, 272, 271, 268, 269, 268, 272, 271, 269, 270, 267, 266,
    270, 270, 269, 268, 268, 265, 266, 268, 269, 269, 266, 269, 266, 265,
    270, 266, 266, 267, 265, 265, 266, 268, 268, 269, 268, 271, 267, 271,
    267, 266, 267, 270, 266, 269, 265, 269, 268, 266, 268, 266, 267, 267,
    267, 269, 267, 270, 266 ]
headPositionsY: [ 74, 72, 71, 72, 73, 69, 70, 73, 74, 70, 72, 69, 72, 70,
    72, 70, 72, 72, 71, 70, 73, 71, 70, 72, 72, 72, 71, 73, 71, 71, 72,
    71, 74, 74, 76, 78, 77, 77, 73, 70, 66, 66, 67, 66, 65, 66, 70, 76,
    76, 79, 84, 83, 83, 78, 76, 75, 70, 72, 72, 69, 70, 70, 74, 75, 75,
    77, 78, 76, 79, 78, 75, 73, 73, 69, 72, 72, 70, 71, 72, 73, 76, 78,
    78, 78, 78, 76, 76, 77, 78, 76, 75, 75, 77, 77, 74, 78, 76, 76, 73,
    77 ]
