%YAML:1.0
---
videoName: "headNod14.mp4"
gestureLabel: 202
fps: 29
pixelSizeInCmTemp: 3.2808219178082193e-01
faceCenterPointX: 257
faceCenterPointY: 71
headPositionsX: [ 255, 256, 260, 257, 259, 258, 256, 258, 258, 257, 258,
    258, 260, 259, 259, 259, 257, 261, 257, 257, 260, 257, 257, 258, 260,
    258, 261, 260, 257, 260, 258, 256, 261, 261, 260, 260, 257, 258, 258,
    258, 257, 257, 259, 260, 259, 260, 258, 258, 259, 257, 261, 256, 257,
    258, 259, 258, 257, 257, 261, 256, 261, 258, 258, 261, 260, 259, 260,
    260, 257, 259, 260, 260, 260, 258, 256, 259, 259, 259, 259, 260, 259,
    256, 257, 256, 257, 259, 256, 258, 260, 256, 257, 257, 259, 255, 257,
    257, 258, 255, 258, 257 ]
headPositionsY: [ 72, 77, 76, 75, 76, 76, 75, 75, 78, 79, 77, 77, 80, 77,
    79, 77, 78, 77, 76, 76, 79, 76, 78, 79, 75, 78, 78, 75, 79, 78, 79,
    76, 80, 77, 77, 80, 79, 77, 76, 73, 72, 73, 72, 68, 70, 70, 68, 69,
    73, 75, 76, 77, 79, 82, 82, 79, 82, 78, 76, 73, 75, 70, 71, 72, 71,
    72, 72, 78, 78, 82, 82, 83, 80, 75, 77, 72, 70, 68, 67, 70, 73, 73,
    76, 76, 78, 82, 80, 75, 77, 76, 71, 69, 69, 69, 72, 71, 73, 73, 73,
    71 ]
