%YAML:1.0
---
videoName: "headLookUp9.mp4"
gestureLabel: 205
fps: 29
pixelSizeInCmTemp: 3.3732394366197183e-01
faceCenterPointX: 251
faceCenterPointY: 57
headPositionsX: [ 253, 250, 251, 251, 251, 253, 250, 253, 253, 251, 250,
    251, 252, 250, 250, 249, 252, 251, 249, 250, 251, 252, 251, 252, 252,
    253, 253, 251, 252, 253, 252, 251, 253, 251, 252, 249, 253, 251, 253,
    251, 250, 254, 250, 253, 252, 252, 253, 253, 251, 249, 254, 252, 253,
    250, 250, 250, 252, 250, 249, 253, 252, 251, 249, 250, 248, 250, 250,
    250, 252, 251, 251, 250, 250, 252, 253, 253, 250, 251, 253, 251, 251,
    253, 251, 252, 253, 250, 252, 250, 250, 251, 249, 254, 253, 251, 250,
    250, 249, 249, 254, 252 ]
headPositionsY: [ 55, 76, 72, 73, 71, 74, 76, 72, 73, 73, 75, 72, 75, 73,
    75, 73, 73, 76, 76, 72, 74, 72, 73, 74, 72, 71, 74, 74, 73, 74, 74,
    74, 72, 71, 71, 69, 67, 67, 68, 64, 68, 66, 61, 60, 59, 61, 60, 60,
    58, 57, 59, 57, 57, 56, 60, 59, 57, 60, 56, 59, 58, 56, 56, 56, 59,
    56, 56, 55, 57, 57, 59, 58, 60, 57, 55, 57, 55, 58, 56, 57, 56, 59,
    55, 59, 59, 57, 56, 59, 56, 56, 56, 55, 58, 57, 58, 56, 56, 54, 59,
    56 ]
