%YAML:1.0
---
videoName: "headShake6.mp4"
gestureLabel: 201
fps: 29
pixelSizeInCmTemp: 3.2808219178082193e-01
faceCenterPointX: 244
faceCenterPointY: 68
headPositionsX: [ 244, 245, 245, 247, 244, 247, 243, 247, 244, 245, 243,
    244, 243, 248, 247, 245, 243, 246, 244, 247, 244, 244, 243, 244, 244,
    246, 244, 248, 250, 255, 257, 256, 263, 264, 262, 258, 260, 250, 246,
    244, 236, 231, 231, 230, 233, 241, 244, 249, 256, 258, 256, 259, 254,
    254, 247, 242, 240, 233, 232, 233, 234, 234, 236, 243, 247, 247, 253,
    251, 251, 248, 246, 245, 240, 240, 238, 239, 239, 238, 237, 242, 241,
    240, 241, 241, 243, 247, 246, 246, 245, 246, 244, 246, 242, 245, 245,
    245, 243, 246, 245, 242 ]
headPositionsY: [ 67, 69, 67, 69, 65, 64, 68, 64, 69, 65, 64, 66, 65, 65,
    69, 65, 68, 66, 66, 64, 66, 66, 69, 65, 68, 66, 67, 65, 67, 69, 68,
    66, 63, 66, 65, 67, 68, 70, 70, 70, 69, 68, 66, 65, 70, 70, 67, 67,
    67, 69, 69, 65, 65, 68, 69, 70, 69, 65, 68, 66, 67, 69, 69, 68, 68,
    70, 70, 68, 68, 68, 66, 67, 67, 67, 67, 69, 68, 66, 67, 69, 66, 68,
    69, 70, 67, 70, 67, 66, 68, 70, 68, 67, 70, 71, 68, 66, 68, 69, 70,
    70 ]
