%YAML:1.0
---
videoName: "headShake20.mp4"
gestureLabel: 201
fps: 29
pixelSizeInCmTemp: 3.3263888888888887e-01
faceCenterPointX: 242
faceCenterPointY: 78
headPositionsX: [ 244, 245, 245, 246, 242, 243, 242, 244, 246, 241, 243,
    244, 246, 241, 242, 242, 243, 246, 243, 241, 241, 242, 243, 242, 244,
    243, 244, 242, 241, 244, 242, 245, 243, 243, 241, 245, 241, 242, 243,
    247, 248, 252, 255, 260, 258, 257, 258, 254, 251, 245, 239, 232, 232,
    230, 228, 231, 237, 242, 246, 253, 250, 251, 250, 248, 241, 237, 237,
    235, 229, 233, 235, 236, 239, 241, 248, 248, 246, 244, 242, 241, 240,
    241, 240, 240, 242, 240, 242, 242, 244, 245, 245, 242, 242, 243, 243,
    244, 243, 242, 242, 240 ]
headPositionsY: [ 78, 78, 75, 78, 75, 76, 78, 74, 77, 78, 78, 74, 74, 76,
    74, 74, 76, 75, 74, 74, 76, 74, 75, 75, 75, 74, 74, 76, 74, 77, 77,
    76, 74, 78, 74, 77, 79, 76, 78, 77, 77, 76, 74, 77, 72, 77, 73, 78,
    79, 75, 74, 77, 79, 73, 77, 75, 76, 77, 77, 76, 77, 76, 75, 77, 75,
    78, 79, 75, 75, 76, 76, 78, 75, 78, 79, 79, 77, 79, 76, 76, 77, 75,
    79, 75, 78, 76, 75, 77, 79, 78, 76, 78, 76, 79, 75, 75, 77, 79, 75,
    78 ]
