%YAML:1.0
---
videoName: "headShake22.mp4"
gestureLabel: 201
fps: 29
pixelSizeInCmTemp: 3.2364864864864862e-01
faceCenterPointX: 241
faceCenterPointY: 79
headPositionsX: [ 239, 241, 241, 240, 242, 241, 245, 243, 241, 244, 243,
    244, 242, 244, 240, 244, 244, 245, 243, 242, 242, 241, 244, 243, 241,
    243, 240, 240, 243, 240, 241, 240, 245, 240, 243, 242, 242, 241, 243,
    244, 244, 241, 240, 244, 240, 242, 242, 243, 241, 244, 242, 243, 242,
    240, 243, 243, 244, 241, 241, 241, 243, 241, 241, 243, 243, 238, 240,
    244, 245, 250, 250, 255, 256, 257, 251, 248, 246, 242, 242, 237, 237,
    240, 241, 241, 244, 246, 247, 243, 246, 241, 242, 242, 243, 241, 240,
    239, 239, 239, 240, 241 ]
headPositionsY: [ 80, 75, 78, 78, 75, 73, 75, 77, 76, 77, 75, 75, 77, 77,
    78, 77, 77, 78, 75, 76, 76, 78, 74, 74, 77, 78, 78, 78, 74, 78, 77,
    78, 76, 77, 74, 78, 78, 77, 74, 76, 77, 76, 75, 76, 78, 74, 76, 78,
    76, 76, 74, 75, 79, 76, 77, 77, 78, 75, 76, 78, 78, 77, 75, 76, 77,
    77, 78, 78, 77, 77, 75, 74, 77, 74, 74, 74, 76, 78, 77, 79, 77, 78,
    78, 77, 78, 77, 77, 75, 76, 76, 80, 77, 79, 76, 78, 80, 78, 76, 76,
    79 ]
