%YAML:1.0
---
videoName: "headNod9.mp4"
gestureLabel: 202
fps: 29
pixelSizeInCmTemp: 3.1513157894736843e-01
faceCenterPointX: 261
faceCenterPointY: 75
headPositionsX: [ 262, 262, 259, 260, 259, 260, 262, 263, 261, 261, 258,
    260, 260, 259, 259, 261, 259, 260, 261, 260, 259, 261, 259, 260, 259,
    259, 263, 259, 260, 262, 261, 261, 261, 259, 262, 260, 261, 261, 259,
    261, 260, 260, 261, 258, 263, 261, 259, 257, 261, 261, 257, 259, 259,
    258, 263, 263, 259, 262, 259, 258, 260, 258, 261, 261, 261, 258, 259,
    259, 260, 260, 258, 260, 259, 260, 261, 262, 261, 258, 259, 259, 257,
    258, 257, 257, 258, 256, 257, 256, 258, 259, 260, 260, 258, 261, 262,
    258, 259, 260, 261, 261 ]
headPositionsY: [ 77, 77, 75, 74, 74, 77, 74, 75, 76, 75, 73, 77, 75, 77,
    77, 77, 73, 76, 73, 74, 74, 75, 77, 77, 78, 77, 75, 75, 75, 76, 76,
    77, 80, 78, 80, 81, 81, 74, 73, 74, 74, 75, 79, 82, 83, 85, 86, 84,
    81, 81, 77, 77, 78, 78, 83, 84, 86, 85, 79, 78, 75, 71, 73, 74, 76,
    78, 81, 82, 82, 84, 80, 74, 74, 72, 70, 74, 71, 72, 76, 78, 80, 81,
    83, 79, 82, 76, 76, 75, 75, 73, 72, 74, 70, 74, 76, 72, 72, 75, 74,
    75 ]
