%YAML:1.0
---
videoName: "headLookRight3.mp4"
gestureLabel: 204
fps: 29
pixelSizeInCmTemp: 3.5746268656716418e-01
faceCenterPointX: 232
faceCenterPointY: 71
headPositionsX: [ 233, 255, 253, 255, 253, 251, 253, 255, 253, 255, 254,
    252, 255, 256, 253, 254, 254, 255, 252, 254, 252, 256, 254, 255, 255,
    252, 252, 255, 255, 256, 256, 254, 255, 255, 252, 256, 252, 255, 251,
    250, 250, 247, 245, 245, 241, 242, 240, 236, 236, 236, 233, 232, 235,
    230, 235, 232, 232, 234, 233, 231, 229, 230, 232, 230, 233, 229, 232,
    233, 231, 231, 230, 232, 232, 232, 231, 233, 234, 232, 234, 232, 238,
    229, 234, 231, 232, 231, 231, 233, 231, 233, 233, 230, 231, 230, 230,
    233, 235, 233, 235, 231 ]
headPositionsY: [ 70, 71, 70, 68, 69, 71, 68, 71, 70, 71, 68, 70, 70, 68,
    72, 73, 69, 72, 73, 69, 73, 70, 72, 70, 74, 72, 74, 70, 72, 71, 72,
    71, 72, 73, 69, 72, 72, 73, 69, 69, 72, 71, 69, 71, 70, 68, 69, 69,
    71, 69, 73, 73, 70, 74, 73, 73, 72, 72, 70, 71, 72, 72, 72, 70, 72,
    73, 72, 74, 73, 72, 69, 72, 70, 71, 73, 73, 71, 71, 71, 72, 71, 69,
    71, 71, 70, 72, 73, 70, 72, 70, 71, 73, 71, 72, 71, 71, 70, 68, 72,
    73 ]
