%YAML:1.0
---
videoName: "headNod27.mp4"
gestureLabel: 202
fps: 29
pixelSizeInCmTemp: 3.0705128205128202e-01
faceCenterPointX: 271
faceCenterPointY: 77
headPositionsX: [ 273, 270, 274, 269, 272, 274, 273, 273, 273, 271, 272,
    272, 273, 273, 271, 271, 271, 273, 273, 274, 274, 272, 272, 272, 272,
    274, 273, 273, 273, 270, 271, 271, 270, 272, 272, 271, 270, 269, 267,
    269, 267, 269, 270, 271, 268, 270, 270, 268, 267, 268, 271, 269, 269,
    270, 268, 268, 272, 268, 272, 270, 271, 270, 269, 266, 269, 267, 268,
    265, 269, 266, 266, 268, 267, 267, 269, 268, 268, 267, 269, 269, 268,
    269, 269, 266, 268, 269, 270, 269, 271, 269, 271, 270, 272, 269, 269,
    270, 269, 272, 269, 268 ]
headPositionsY: [ 77, 72, 72, 75, 73, 71, 71, 76, 76, 75, 72, 73, 75, 76,
    74, 75, 74, 76, 77, 73, 72, 71, 70, 64, 64, 66, 64, 62, 62, 69, 70,
    77, 83, 84, 86, 83, 82, 80, 76, 70, 70, 67, 66, 66, 68, 71, 73, 77,
    82, 79, 80, 76, 75, 73, 70, 68, 72, 69, 76, 75, 76, 79, 81, 85, 82,
    76, 75, 72, 75, 71, 70, 74, 76, 77, 77, 77, 78, 78, 75, 74, 74, 69,
    72, 68, 69, 72, 73, 79, 80, 80, 79, 80, 78, 79, 76, 76, 78, 77, 77,
    74 ]
