%YAML:1.0
---
videoName: "headShake43.mp4"
gestureLabel: 201
fps: 29
pixelSizeInCmTemp: 3.2808219178082193e-01
faceCenterPointX: 257
faceCenterPointY: 84
headPositionsX: [ 256, 262, 258, 260, 258, 259, 260, 259, 258, 259, 263,
    261, 257, 262, 259, 259, 262, 261, 258, 262, 261, 258, 262, 258, 260,
    262, 260, 266, 268, 272, 274, 274, 279, 280, 281, 282, 281, 278, 277,
    273, 272, 264, 262, 256, 254, 250, 243, 243, 245, 243, 247, 250, 256,
    262, 265, 272, 270, 276, 274, 275, 270, 266, 261, 254, 252, 248, 246,
    241, 241, 249, 249, 253, 253, 258, 263, 268, 269, 270, 269, 266, 268,
    267, 264, 264, 262, 263, 262, 257, 257, 259, 258, 255, 256, 258, 258,
    254, 259, 257, 257, 258 ]
headPositionsY: [ 86, 86, 87, 85, 83, 86, 87, 84, 86, 84, 88, 86, 84, 83,
    84, 87, 86, 84, 87, 84, 83, 87, 88, 83, 87, 87, 84, 85, 86, 82, 83,
    84, 83, 83, 82, 84, 82, 80, 84, 83, 84, 86, 84, 86, 87, 82, 83, 85,
    84, 83, 82, 82, 82, 84, 86, 82, 82, 81, 82, 80, 85, 86, 83, 84, 82,
    81, 83, 82, 83, 85, 86, 85, 83, 84, 83, 85, 81, 81, 83, 83, 83, 85,
    86, 85, 83, 84, 86, 84, 84, 86, 82, 82, 85, 85, 82, 83, 85, 84, 85,
    81 ]
