%YAML:1.0
---
videoName: "headShake35.mp4"
gestureLabel: 201
fps: 29
pixelSizeInCmTemp: 3.2364864864864862e-01
faceCenterPointX: 267
faceCenterPointY: 82
headPositionsX: [ 265, 265, 268, 266, 265, 268, 269, 266, 267, 270, 267,
    268, 268, 271, 266, 267, 269, 269, 268, 269, 270, 265, 270, 268, 270,
    266, 266, 268, 266, 271, 269, 267, 269, 270, 268, 270, 270, 269, 267,
    266, 268, 269, 267, 270, 267, 268, 267, 267, 269, 270, 267, 269, 268,
    268, 269, 269, 269, 269, 266, 267, 266, 269, 269, 270, 272, 275, 276,
    281, 280, 281, 274, 273, 265, 260, 258, 258, 259, 261, 263, 270, 274,
    278, 275, 271, 268, 269, 264, 264, 264, 263, 265, 266, 263, 266, 266,
    265, 268, 268, 269, 270 ]
headPositionsY: [ 82, 79, 82, 81, 78, 81, 81, 78, 82, 80, 78, 82, 82, 81,
    79, 81, 81, 79, 80, 82, 82, 80, 78, 81, 80, 81, 77, 81, 78, 83, 80,
    81, 81, 81, 81, 82, 78, 80, 82, 82, 80, 78, 81, 80, 80, 78, 83, 81,
    79, 83, 78, 80, 80, 78, 78, 81, 78, 80, 78, 80, 79, 81, 82, 79, 79,
    79, 80, 80, 82, 79, 80, 81, 82, 80, 81, 79, 83, 80, 83, 80, 81, 81,
    80, 82, 81, 82, 83, 81, 80, 81, 82, 82, 83, 83, 80, 80, 81, 83, 80,
    83 ]
