%YAML:1.0
---
videoName: "headLookRight5.mp4"
gestureLabel: 204
fps: 29
pixelSizeInCmTemp: 3.1513157894736843e-01
faceCenterPointX: 228
faceCenterPointY: 76
headPositionsX: [ 229, 251, 247, 251, 252, 249, 247, 252, 250, 249, 248,
    247, 251, 246, 250, 248, 250, 249, 248, 250, 249, 247, 250, 247, 251,
    251, 250, 247, 250, 246, 246, 249, 246, 247, 242, 241, 240, 234, 234,
    230, 229, 228, 226, 228, 225, 224, 226, 225, 226, 230, 227, 227, 220,
    225, 223, 224, 225, 228, 223, 224, 227, 221, 225, 226, 225, 227, 224,
    226, 226, 226, 228, 221, 223, 225, 227, 228, 226, 228, 225, 224, 224,
    223, 224, 227, 226, 225, 227, 225, 223, 227, 224, 225, 226, 227, 222,
    225, 223, 226, 225, 226 ]
headPositionsY: [ 78, 74, 74, 73, 76, 73, 74, 72, 73, 76, 75, 76, 72, 75,
    73, 75, 73, 75, 77, 73, 73, 75, 76, 75, 76, 77, 74, 73, 75, 74, 72,
    76, 75, 74, 74, 75, 71, 73, 72, 72, 72, 74, 74, 76, 75, 76, 73, 75,
    76, 77, 72, 74, 75, 73, 75, 75, 72, 76, 74, 75, 75, 75, 74, 76, 74,
    77, 73, 72, 72, 73, 75, 76, 72, 75, 75, 75, 72, 76, 73, 69, 75, 73,
    75, 74, 73, 75, 73, 71, 75, 75, 71, 73, 76, 74, 74, 72, 72, 73, 75,
    73 ]
