%YAML:1.0
---
videoName: "headShake43.mp4"
gestureLabel: 201
fps: 29
pixelSizeInCmTemp: 3.2808219178082193e-01
faceCenterPointX: 257
faceCenterPointY: 84
headPositionsX: [ 258, 259, 260, 261, 262, 258, 259, 261, 258, 258, 262,
    260, 260, 258, 261, 260, 260, 260, 259, 261, 261, 261, 262, 260, 260,
    264, 263, 263, 270, 269, 271, 274, 279, 280, 279, 281, 280, 275, 276,
    274, 270, 266, 263, 256, 252, 249, 246, 243, 244, 243, 246, 250, 256,
    264, 269, 269, 273, 276, 272, 272, 272, 267, 262, 255, 249, 246, 246,
    242, 244, 245, 249, 250, 254, 261, 265, 268, 269, 270, 270, 269, 269,
    268, 268, 265, 264, 263, 259, 258, 260, 260, 255, 256, 255, 258, 259,
    258, 256, 254, 259, 255 ]
headPositionsY: [ 86, 86, 83, 86, 86, 86, 86, 84, 87, 87, 84, 83, 87, 86,
    83, 86, 83, 86, 87, 87, 83, 84, 85, 84, 83, 85, 83, 83, 84, 82, 86,
    84, 81, 83, 82, 82, 84, 81, 83, 81, 83, 84, 83, 85, 85, 86, 82, 83,
    83, 83, 84, 82, 86, 83, 82, 83, 82, 81, 84, 80, 85, 83, 84, 83, 84,
    83, 82, 82, 82, 85, 83, 84, 82, 85, 87, 86, 85, 82, 84, 81, 85, 84,
    84, 86, 86, 85, 84, 82, 82, 84, 81, 83, 82, 83, 85, 84, 82, 83, 83,
    83 ]
