%YAML:1.0
---
videoName: "headNod2.mp4"
gestureLabel: 202
fps: 29
pixelSizeInCmTemp: 3.2364864864864862e-01
faceCenterPointX: 263
faceCenterPointY: 70
headPositionsX: [ 264, 264, 263, 261, 261, 263, 262, 264, 265, 264, 262,
    264, 266, 262, 266, 264, 266, 263, 264, 262, 262, 264, 262, 262, 260,
    264, 264, 263, 264, 264, 262, 260, 263, 260, 260, 260, 262, 262, 262,
    259, 264, 264, 261, 263, 262, 261, 262, 262, 261, 263, 263, 260, 260,
    261, 264, 264, 264, 261, 263, 262, 260, 265, 262, 261, 263, 264, 262,
    262, 263, 260, 264, 263, 263, 261, 263, 261, 265, 263, 261, 263, 262,
    262, 264, 264, 263, 263, 265, 265, 261, 261, 262, 265, 263, 261, 263,
    265, 261, 266, 264, 266 ]
headPositionsY: [ 69, 77, 76, 78, 77, 77, 75, 77, 77, 77, 76, 74, 74, 76,
    73, 76, 77, 77, 75, 75, 77, 75, 75, 74, 75, 77, 76, 74, 74, 74, 75,
    73, 74, 75, 75, 73, 77, 72, 76, 75, 73, 76, 76, 75, 74, 74, 77, 72,
    71, 74, 73, 69, 68, 74, 75, 77, 79, 76, 76, 73, 72, 71, 72, 76, 74,
    77, 75, 69, 71, 69, 69, 73, 76, 79, 76, 74, 74, 72, 71, 73, 72, 72,
    74, 75, 77, 74, 70, 70, 69, 68, 72, 70, 73, 73, 69, 72, 68, 69, 70,
    71 ]
