%YAML:1.0
---
videoName: "headShake33.mp4"
gestureLabel: 201
fps: 29
pixelSizeInCmTemp: 3.2364864864864862e-01
faceCenterPointX: 244
faceCenterPointY: 84
headPositionsX: [ 243, 247, 246, 245, 244, 246, 248, 243, 247, 244, 247,
    243, 244, 243, 247, 245, 243, 242, 244, 246, 246, 246, 250, 251, 250,
    252, 259, 259, 261, 263, 262, 261, 265, 259, 261, 254, 254, 247, 243,
    241, 238, 235, 234, 229, 229, 226, 226, 227, 228, 233, 233, 235, 239,
    243, 250, 253, 254, 260, 258, 258, 259, 261, 256, 254, 256, 253, 245,
    246, 239, 238, 235, 236, 233, 229, 230, 234, 234, 232, 236, 236, 239,
    238, 239, 242, 244, 247, 247, 249, 247, 249, 249, 248, 245, 245, 247,
    245, 242, 243, 245, 246 ]
headPositionsY: [ 84, 85, 80, 83, 80, 84, 85, 84, 83, 84, 83, 82, 81, 81,
    83, 81, 84, 83, 82, 80, 82, 84, 85, 84, 82, 81, 81, 80, 80, 78, 79,
    83, 83, 84, 81, 83, 85, 84, 84, 84, 81, 81, 82, 80, 83, 84, 82, 83,
    85, 81, 83, 81, 81, 82, 83, 81, 83, 81, 82, 79, 82, 82, 81, 81, 82,
    84, 84, 85, 82, 85, 81, 85, 84, 83, 84, 84, 83, 85, 83, 81, 84, 84,
    81, 81, 82, 82, 83, 82, 83, 86, 81, 83, 83, 84, 81, 84, 83, 82, 84,
    85 ]
