%YAML:1.0
---
videoName: "headLookUp9.mp4"
gestureLabel: 205
fps: 29
pixelSizeInCmTemp: 3.3732394366197183e-01
faceCenterPointX: 251
faceCenterPointY: 57
headPositionsX: [ 249, 254, 254, 250, 249, 251, 251, 252, 250, 252, 253,
    249, 252, 253, 252, 249, 250, 253, 249, 250, 253, 253, 249, 252, 252,
    252, 250, 251, 249, 251, 252, 250, 254, 249, 254, 250, 252, 252, 253,
    253, 250, 251, 252, 250, 252, 249, 252, 252, 251, 250, 254, 250, 250,
    253, 253, 251, 252, 252, 250, 250, 251, 253, 251, 253, 252, 250, 249,
    251, 252, 253, 252, 251, 250, 250, 249, 253, 252, 252, 253, 253, 250,
    253, 252, 250, 251, 251, 252, 252, 251, 250, 251, 251, 252, 252, 249,
    253, 250, 249, 254, 252 ]
headPositionsY: [ 57, 74, 73, 73, 72, 74, 73, 72, 75, 74, 74, 73, 73, 75,
    74, 76, 75, 76, 73, 74, 76, 73, 74, 72, 76, 71, 75, 74, 73, 71, 73,
    70, 72, 68, 70, 70, 69, 67, 65, 64, 66, 65, 63, 61, 62, 59, 62, 61,
    58, 61, 60, 61, 58, 60, 59, 59, 58, 59, 57, 55, 61, 59, 56, 57, 57,
    56, 58, 58, 55, 56, 59, 59, 57, 59, 55, 58, 55, 56, 55, 57, 56, 56,
    59, 57, 56, 59, 58, 55, 59, 57, 55, 55, 59, 57, 56, 58, 56, 57, 56,
    55 ]
