%YAML:1.0
---
videoName: "headShake8.mp4"
gestureLabel: 201
fps: 29
pixelSizeInCmTemp: 3.2364864864864862e-01
faceCenterPointX: 243
faceCenterPointY: 72
headPositionsX: [ 241, 242, 242, 246, 245, 244, 245, 244, 244, 242, 244,
    244, 244, 242, 244, 245, 243, 244, 241, 244, 246, 245, 241, 242, 243,
    246, 245, 241, 242, 241, 241, 242, 242, 243, 245, 251, 252, 256, 262,
    264, 263, 264, 262, 263, 254, 249, 246, 238, 233, 231, 229, 233, 231,
    239, 246, 247, 254, 257, 257, 259, 258, 255, 251, 244, 240, 240, 233,
    234, 235, 233, 236, 238, 241, 239, 243, 245, 248, 248, 249, 248, 248,
    249, 250, 249, 249, 250, 246, 246, 248, 244, 245, 244, 245, 242, 245,
    245, 245, 244, 241, 243 ]
headPositionsY: [ 70, 73, 74, 74, 71, 71, 72, 70, 70, 72, 70, 72, 71, 70,
    74, 71, 73, 70, 71, 74, 72, 71, 69, 70, 73, 70, 70, 69, 71, 74, 70,
    74, 72, 71, 70, 73, 70, 68, 72, 69, 70, 69, 69, 73, 71, 69, 72, 69,
    70, 70, 71, 72, 69, 72, 71, 72, 72, 69, 71, 70, 71, 71, 69, 71, 71,
    74, 74, 70, 73, 70, 74, 72, 73, 74, 74, 71, 75, 71, 72, 72, 71, 70,
    73, 69, 73, 73, 71, 72, 72, 69, 71, 73, 69, 69, 70, 70, 72, 74, 70,
    72 ]
