%YAML:1.0
---
videoName: "headShake34.mp4"
gestureLabel: 201
fps: 29
pixelSizeInCmTemp: 3.2364864864864862e-01
faceCenterPointX: 263
faceCenterPointY: 83
headPositionsX: [ 265, 262, 266, 264, 261, 262, 266, 263, 265, 264, 265,
    266, 262, 264, 262, 263, 266, 266, 264, 262, 264, 265, 263, 265, 266,
    264, 265, 265, 262, 262, 263, 263, 265, 263, 264, 263, 265, 267, 270,
    271, 272, 274, 273, 274, 278, 280, 276, 278, 277, 273, 272, 269, 263,
    258, 253, 253, 250, 254, 251, 256, 259, 260, 267, 269, 270, 270, 270,
    270, 263, 259, 256, 253, 255, 256, 255, 259, 258, 261, 265, 266, 265,
    266, 268, 265, 263, 264, 264, 266, 266, 264, 263, 264, 266, 264, 265,
    263, 264, 262, 262, 264 ]
headPositionsY: [ 81, 83, 81, 83, 80, 82, 83, 82, 82, 86, 84, 85, 83, 82,
    84, 80, 82, 81, 81, 82, 83, 85, 85, 82, 85, 82, 85, 83, 86, 85, 81,
    81, 85, 81, 82, 84, 84, 82, 84, 82, 83, 80, 82, 83, 80, 83, 83, 81,
    79, 80, 83, 82, 82, 84, 80, 83, 81, 82, 80, 82, 84, 81, 85, 84, 84,
    83, 85, 85, 85, 85, 81, 84, 84, 81, 81, 81, 81, 84, 84, 82, 84, 84,
    83, 81, 82, 86, 83, 84, 81, 84, 85, 82, 84, 81, 82, 82, 83, 82, 85,
    85 ]
