%YAML:1.0
---
videoName: "headNod48.mp4"
gestureLabel: 202
fps: 29
pixelSizeInCmTemp: 2.8855421686746985e-01
faceCenterPointX: 264
faceCenterPointY: 72
headPositionsX: [ 266, 263, 264, 267, 265, 267, 264, 264, 266, 262, 267,
    264, 265, 264, 265, 265, 261, 262, 264, 262, 262, 261, 262, 259, 262,
    262, 259, 262, 262, 260, 259, 264, 262, 262, 264, 261, 262, 261, 261,
    264, 263, 261, 260, 261, 261, 262, 259, 260, 263, 262, 261, 260, 259,
    259, 259, 259, 262, 260, 264, 262, 262, 264, 265, 262, 264, 261, 262,
    263, 266, 262, 266, 265, 266, 266, 264, 267, 266, 267, 262, 265, 263,
    264, 263, 263, 266, 263, 265, 266, 267, 266, 264, 263, 264, 268, 264,
    265, 266, 264, 266, 266 ]
headPositionsY: [ 71, 74, 76, 80, 79, 77, 73, 70, 66, 66, 64, 62, 64, 65,
    67, 69, 77, 79, 83, 90, 85, 88, 82, 79, 79, 76, 71, 70, 66, 62, 64,
    64, 67, 67, 69, 73, 73, 75, 82, 82, 81, 80, 82, 81, 79, 76, 75, 72,
    72, 73, 72, 75, 75, 80, 79, 78, 77, 77, 73, 72, 73, 70, 72, 72, 72,
    75, 73, 75, 78, 75, 74, 74, 73, 71, 73, 68, 69, 70, 70, 73, 74, 74,
    73, 74, 76, 75, 74, 68, 72, 73, 73, 74, 76, 75, 75, 73, 73, 72, 71,
    72 ]
