%YAML:1.0
---
videoName: "headNod41.mp4"
gestureLabel: 202
fps: 29
pixelSizeInCmTemp: 2.9937500000000000e-01
faceCenterPointX: 267
faceCenterPointY: 76
headPositionsX: [ 268, 267, 270, 269, 270, 272, 272, 269, 268, 271, 272,
    270, 268, 268, 270, 272, 272, 271, 273, 273, 270, 270, 269, 273, 270,
    268, 268, 269, 269, 270, 271, 268, 270, 271, 269, 271, 272, 271, 270,
    271, 270, 270, 267, 269, 269, 271, 269, 270, 270, 269, 266, 268, 271,
    267, 269, 267, 267, 267, 268, 268, 267, 266, 270, 268, 267, 269, 269,
    270, 268, 267, 270, 269, 270, 266, 269, 265, 266, 269, 269, 265, 268,
    266, 266, 269, 268, 267, 268, 265, 267, 269, 267, 266, 268, 269, 267,
    268, 268, 266, 265, 268 ]
headPositionsY: [ 77, 71, 74, 72, 71, 71, 74, 74, 74, 71, 74, 73, 75, 75,
    74, 72, 72, 75, 75, 75, 74, 72, 76, 75, 76, 73, 75, 75, 74, 76, 75,
    72, 74, 74, 75, 76, 73, 76, 78, 79, 79, 82, 85, 87, 91, 93, 89, 86,
    86, 80, 80, 70, 70, 67, 63, 68, 67, 68, 73, 77, 83, 84, 91, 91, 92,
    90, 85, 83, 77, 75, 72, 71, 69, 71, 71, 75, 82, 81, 85, 86, 81, 78,
    75, 73, 76, 72, 73, 74, 76, 76, 78, 79, 78, 79, 79, 77, 77, 78, 74,
    76 ]
