%YAML:1.0
---
videoName: "headShake1.mp4"
gestureLabel: 201
fps: 29
pixelSizeInCmTemp: 3.3263888888888887e-01
faceCenterPointX: 279
faceCenterPointY: 98
headPositionsX: [ 278, 277, 281, 277, 278, 282, 280, 277, 279, 281, 280,
    279, 281, 278, 278, 281, 280, 277, 277, 280, 277, 280, 279, 280, 280,
    281, 278, 278, 280, 283, 284, 287, 289, 294, 295, 294, 290, 286, 284,
    283, 277, 275, 271, 272, 269, 269, 271, 278, 282, 283, 289, 291, 292,
    291, 288, 288, 282, 280, 272, 271, 267, 266, 269, 271, 271, 278, 281,
    288, 288, 290, 292, 289, 290, 289, 286, 280, 276, 273, 270, 272, 271,
    273, 270, 272, 273, 276, 274, 278, 276, 280, 277, 278, 278, 282, 281,
    278, 280, 279, 278, 277 ]
headPositionsY: [ 97, 98, 97, 96, 96, 97, 96, 97, 99, 96, 96, 97, 95,
    100, 96, 96, 95, 98, 95, 95, 97, 99, 95, 99, 99, 99, 98, 97, 94, 96,
    98, 94, 95, 98, 97, 94, 94, 97, 96, 96, 99, 95, 97, 97, 95, 96, 93,
    96, 95, 95, 98, 94, 95, 94, 95, 94, 97, 99, 98, 97, 96, 97, 93, 94,
    99, 96, 97, 97, 97, 97, 96, 96, 96, 98, 97, 98, 99, 99, 96, 99, 94,
    96, 97, 99, 100, 97, 99, 98, 98, 98, 98, 99, 100, 100, 97, 100, 97,
    101, 98, 97 ]
