%YAML:1.0
---
videoName: "headShake44.mp4"
gestureLabel: 201
fps: 30
pixelSizeInCmTemp: 3.2808219178082193e-01
faceCenterPointX: 260
faceCenterPointY: 84
headPositionsX: [ 258, 263, 261, 263, 259, 259, 260, 260, 262, 262, 261,
    259, 259, 262, 259, 259, 259, 261, 263, 259, 259, 260, 263, 259, 259,
    259, 262, 262, 262, 258, 260, 263, 262, 259, 260, 259, 259, 260, 260,
    261, 265, 267, 272, 275, 274, 273, 274, 265, 262, 257, 251, 252, 250,
    252, 254, 262, 268, 269, 273, 271, 269, 263, 259, 252, 255, 255, 259,
    266, 271, 271, 272, 269, 266, 264, 259, 253, 253, 252, 251, 254, 258,
    260, 257, 260, 260, 262, 261, 264, 263, 263, 260, 259, 263, 263, 262,
    262, 262, 260, 263, 262 ]
headPositionsY: [ 82, 82, 84, 80, 83, 84, 83, 81, 83, 81, 82, 82, 85, 81,
    81, 81, 83, 82, 84, 81, 84, 83, 81, 84, 83, 81, 83, 81, 85, 80, 82,
    84, 83, 83, 84, 82, 81, 85, 82, 82, 83, 85, 80, 79, 82, 82, 84, 86,
    82, 86, 85, 84, 86, 85, 85, 87, 85, 82, 82, 84, 83, 83, 86, 85, 83,
    84, 86, 86, 83, 85, 85, 82, 84, 83, 83, 82, 83, 86, 84, 85, 82, 86,
    84, 83, 81, 84, 82, 86, 84, 83, 85, 83, 86, 84, 84, 84, 84, 88, 86,
    85 ]
