%YAML:1.0
---
videoName: "headShake48.mp4"
gestureLabel: 201
fps: 29
pixelSizeInCmTemp: 3.1103896103896100e-01
faceCenterPointX: 258
faceCenterPointY: 85
headPositionsX: [ 260, 259, 259, 258, 259, 259, 259, 258, 257, 261, 259,
    261, 260, 258, 258, 259, 258, 260, 262, 259, 258, 257, 259, 261, 259,
    258, 260, 256, 259, 261, 260, 258, 259, 260, 259, 263, 266, 269, 273,
    274, 274, 274, 272, 267, 263, 253, 252, 249, 245, 250, 252, 259, 265,
    266, 270, 268, 265, 259, 254, 253, 250, 250, 251, 255, 261, 265, 266,
    264, 266, 262, 259, 251, 249, 247, 249, 250, 257, 262, 263, 265, 266,
    267, 265, 261, 260, 262, 261, 262, 257, 257, 259, 258, 260, 257, 261,
    257, 260, 261, 261, 261 ]
headPositionsY: [ 85, 78, 78, 79, 80, 81, 79, 81, 80, 80, 81, 81, 81, 81,
    80, 80, 80, 79, 81, 82, 79, 80, 82, 83, 82, 81, 83, 82, 82, 80, 81,
    82, 79, 81, 80, 81, 80, 83, 84, 83, 80, 83, 83, 86, 86, 85, 82, 84,
    84, 86, 84, 84, 88, 86, 83, 84, 86, 86, 88, 87, 88, 87, 84, 86, 87,
    87, 84, 85, 85, 84, 86, 88, 87, 86, 87, 88, 85, 87, 84, 86, 86, 88,
    85, 84, 86, 85, 87, 85, 88, 85, 87, 85, 88, 84, 88, 83, 87, 85, 86,
    84 ]
