%YAML:1.0
---
videoName: "headShake28.mp4"
gestureLabel: 201
fps: 29
pixelSizeInCmTemp: 3.2808219178082193e-01
faceCenterPointX: 242
faceCenterPointY: 80
headPositionsX: [ 244, 243, 241, 241, 240, 242, 241, 242, 242, 240, 242,
    242, 242, 240, 243, 242, 240, 242, 240, 244, 243, 240, 239, 244, 243,
    244, 244, 244, 243, 240, 242, 243, 241, 242, 241, 241, 242, 242, 244,
    243, 245, 244, 243, 246, 244, 246, 243, 246, 242, 242, 239, 235, 233,
    231, 231, 234, 241, 241, 248, 251, 254, 256, 255, 252, 245, 241, 237,
    231, 233, 235, 240, 241, 247, 250, 252, 255, 251, 252, 250, 244, 242,
    240, 237, 236, 235, 239, 237, 238, 238, 240, 245, 244, 242, 242, 241,
    240, 243, 242, 241, 244 ]
headPositionsY: [ 78, 77, 76, 74, 77, 75, 78, 77, 79, 80, 80, 77, 78, 77,
    80, 78, 80, 80, 77, 79, 78, 77, 81, 79, 79, 78, 79, 77, 79, 78, 80,
    77, 79, 75, 76, 80, 79, 76, 77, 77, 78, 78, 80, 76, 78, 77, 80, 77,
    79, 78, 76, 79, 78, 78, 76, 75, 77, 75, 76, 76, 76, 76, 79, 79, 76,
    80, 77, 78, 79, 78, 78, 80, 79, 78, 76, 77, 77, 81, 80, 77, 76, 79,
    78, 78, 80, 79, 78, 80, 79, 79, 80, 78, 79, 79, 81, 78, 78, 79, 79,
    81 ]
