%YAML:1.0
---
videoName: "headNod22.mp4"
gestureLabel: 202
fps: 29
pixelSizeInCmTemp: 3.1513157894736843e-01
faceCenterPointX: 252
faceCenterPointY: 80
headPositionsX: [ 251, 252, 252, 254, 255, 254, 250, 254, 251, 251, 253,
    252, 251, 251, 251, 250, 253, 251, 251, 251, 252, 254, 253, 252, 252,
    252, 254, 252, 256, 252, 250, 252, 254, 256, 256, 253, 253, 256, 256,
    252, 255, 256, 252, 252, 251, 251, 253, 252, 251, 252, 254, 253, 252,
    252, 250, 250, 253, 253, 253, 252, 252, 254, 254, 253, 250, 254, 254,
    250, 251, 253, 255, 251, 254, 255, 253, 250, 252, 254, 253, 252, 253,
    254, 250, 253, 250, 254, 253, 249, 254, 251, 252, 252, 250, 251, 250,
    250, 249, 250, 252, 253 ]
headPositionsY: [ 82, 78, 81, 78, 80, 75, 78, 79, 80, 80, 78, 81, 80, 78,
    76, 77, 77, 77, 78, 81, 79, 82, 78, 80, 80, 82, 81, 82, 83, 78, 78,
    76, 73, 73, 69, 74, 74, 80, 79, 80, 84, 82, 82, 75, 74, 71, 73, 73,
    71, 72, 75, 82, 82, 84, 86, 83, 81, 77, 77, 72, 72, 73, 75, 75, 74,
    78, 81, 78, 80, 79, 74, 73, 77, 76, 79, 78, 81, 81, 78, 81, 80, 76,
    73, 78, 75, 79, 81, 83, 81, 79, 79, 79, 78, 80, 82, 82, 81, 81, 80,
    80 ]
