%YAML:1.0
---
videoName: "headNod25.mp4"
gestureLabel: 202
fps: 29
pixelSizeInCmTemp: 3.1933333333333330e-01
faceCenterPointX: 270
faceCenterPointY: 75
headPositionsX: [ 270, 273, 272, 272, 274, 270, 270, 271, 270, 269, 271,
    271, 269, 268, 272, 269, 268, 272, 273, 270, 272, 270, 274, 273, 271,
    271, 272, 271, 272, 272, 275, 271, 272, 270, 273, 272, 273, 271, 274,
    272, 272, 272, 270, 274, 270, 274, 269, 272, 272, 271, 272, 274, 272,
    271, 273, 272, 270, 271, 272, 269, 271, 271, 269, 269, 270, 273, 270,
    272, 272, 271, 270, 270, 270, 271, 270, 270, 271, 269, 274, 272, 271,
    271, 270, 270, 269, 269, 273, 270, 270, 272, 271, 272, 270, 273, 272,
    269, 269, 270, 272, 269 ]
headPositionsY: [ 74, 73, 72, 74, 71, 72, 74, 76, 75, 72, 73, 72, 75, 75,
    74, 75, 72, 76, 77, 73, 74, 75, 75, 76, 76, 76, 77, 74, 74, 74, 75,
    77, 74, 74, 76, 77, 74, 74, 76, 73, 73, 75, 75, 77, 74, 78, 72, 75,
    73, 71, 69, 70, 66, 63, 63, 66, 67, 68, 68, 69, 69, 75, 76, 85, 85,
    87, 90, 88, 82, 81, 80, 75, 72, 70, 71, 69, 67, 67, 69, 72, 73, 75,
    80, 82, 82, 79, 79, 78, 79, 75, 74, 74, 74, 76, 74, 75, 73, 76, 73,
    75 ]
