%YAML:1.0
---
videoName: "headShake49.mp4"
gestureLabel: 201
fps: 30
pixelSizeInCmTemp: 2.8855421686746985e-01
faceCenterPointX: 259
faceCenterPointY: 84
headPositionsX: [ 258, 260, 258, 258, 262, 259, 262, 258, 259, 259, 260,
    263, 262, 259, 259, 262, 262, 263, 259, 260, 259, 260, 262, 259, 261,
    261, 260, 259, 261, 262, 263, 263, 264, 263, 270, 271, 274, 281, 282,
    284, 281, 276, 271, 265, 259, 250, 250, 248, 248, 254, 261, 267, 271,
    272, 274, 266, 264, 256, 253, 251, 249, 250, 257, 261, 263, 272, 272,
    266, 264, 261, 257, 254, 252, 257, 255, 264, 266, 269, 270, 269, 269,
    262, 260, 259, 260, 256, 258, 257, 260, 258, 259, 262, 259, 259, 260,
    259, 259, 261, 260, 257 ]
headPositionsY: [ 86, 79, 83, 81, 81, 80, 81, 81, 80, 81, 83, 82, 82, 80,
    82, 78, 80, 80, 80, 81, 82, 80, 79, 80, 80, 79, 79, 82, 80, 78, 81,
    81, 80, 83, 84, 80, 82, 80, 80, 81, 81, 80, 81, 86, 86, 82, 81, 83,
    82, 86, 86, 82, 86, 84, 84, 82, 83, 86, 84, 82, 85, 83, 87, 82, 84,
    82, 86, 86, 86, 83, 84, 82, 85, 83, 86, 82, 86, 84, 86, 83, 84, 85,
    83, 85, 86, 83, 83, 81, 82, 86, 87, 84, 83, 85, 84, 84, 87, 83, 87,
    87 ]
