%YAML:1.0
---
videoName: "headNod17.mp4"
gestureLabel: 202
fps: 30
pixelSizeInCmTemp: 3.2808219178082193e-01
faceCenterPointX: 253
faceCenterPointY: 76
headPositionsX: [ 252, 255, 256, 254, 255, 255, 254, 254, 256, 257, 256,
    255, 257, 254, 254, 255, 254, 256, 255, 258, 257, 255, 254, 257, 257,
    254, 255, 256, 254, 253, 255, 257, 255, 256, 254, 256, 254, 255, 255,
    253, 253, 251, 255, 254, 252, 254, 253, 255, 253, 253, 251, 252, 252,
    256, 257, 254, 254, 256, 257, 255, 254, 253, 257, 256, 254, 257, 253,
    253, 256, 254, 253, 254, 256, 256, 253, 256, 255, 254, 252, 256, 255,
    255, 255, 254, 254, 253, 253, 255, 252, 257, 252, 257, 256, 254, 257,
    252, 253, 252, 254, 253 ]
headPositionsY: [ 75, 78, 77, 79, 77, 79, 75, 79, 77, 78, 76, 76, 78, 80,
    79, 76, 78, 75, 79, 79, 75, 77, 73, 73, 71, 70, 67, 69, 66, 66, 66,
    67, 67, 69, 71, 72, 70, 75, 74, 80, 80, 82, 82, 83, 83, 83, 81, 84,
    81, 80, 78, 76, 74, 72, 71, 70, 70, 70, 68, 70, 72, 72, 73, 75, 76,
    81, 80, 79, 80, 77, 76, 77, 76, 74, 79, 76, 78, 78, 81, 79, 78, 77,
    74, 74, 77, 75, 79, 78, 77, 76, 75, 79, 78, 77, 76, 78, 79, 78, 75,
    79 ]
