%YAML:1.0
---
videoName: "headShake41.mp4"
gestureLabel: 201
fps: 29
pixelSizeInCmTemp: 3.2364864864864862e-01
faceCenterPointX: 264
faceCenterPointY: 85
headPositionsX: [ 265, 263, 261, 262, 261, 259, 259, 262, 263, 263, 263,
    260, 261, 259, 259, 263, 260, 262, 260, 261, 263, 262, 264, 263, 264,
    269, 269, 273, 274, 275, 278, 278, 283, 284, 277, 282, 281, 282, 279,
    275, 275, 272, 265, 260, 255, 254, 253, 249, 248, 246, 246, 246, 243,
    247, 247, 252, 250, 254, 258, 260, 262, 266, 271, 273, 273, 279, 277,
    278, 277, 277, 280, 278, 273, 271, 273, 266, 267, 265, 267, 264, 265,
    261, 266, 261, 261, 262, 264, 265, 262, 261, 263, 262, 260, 264, 260,
    262, 261, 262, 265, 265 ]
headPositionsY: [ 83, 82, 83, 82, 83, 84, 82, 82, 82, 83, 83, 83, 81, 82,
    81, 82, 86, 83, 82, 81, 83, 85, 83, 82, 85, 84, 84, 80, 79, 79, 82,
    81, 82, 78, 81, 82, 79, 81, 81, 80, 86, 84, 84, 85, 81, 85, 85, 86,
    81, 81, 82, 86, 80, 82, 84, 86, 82, 84, 83, 87, 84, 85, 84, 85, 85,
    85, 85, 85, 85, 84, 83, 83, 82, 85, 86, 85, 85, 83, 85, 86, 82, 83,
    86, 84, 82, 83, 83, 84, 83, 86, 84, 85, 84, 82, 82, 83, 85, 84, 83,
    84 ]
