%YAML:1.0
---
videoName: "headShake25.mp4"
gestureLabel: 201
fps: 30
pixelSizeInCmTemp: 3.2364864864864862e-01
faceCenterPointX: 241
faceCenterPointY: 79
headPositionsX: [ 243, 255, 256, 254, 253, 249, 251, 247, 245, 242, 238,
    235, 238, 236, 234, 230, 228, 231, 228, 230, 233, 230, 233, 237, 238,
    240, 244, 244, 249, 248, 247, 248, 250, 249, 249, 245, 245, 241, 236,
    234, 235, 231, 230, 228, 229, 230, 231, 231, 233, 235, 237, 242, 243,
    245, 248, 246, 252, 248, 251, 249, 251, 248, 250, 247, 246, 245, 239,
    236, 237, 236, 236, 236, 235, 237, 237, 234, 235, 234, 235, 235, 236,
    241, 242, 240, 239, 243, 242, 244, 244, 241, 241, 242, 241, 241, 239,
    243, 242, 239, 240, 242 ]
headPositionsY: [ 80, 79, 75, 77, 76, 77, 75, 78, 77, 75, 79, 76, 78, 76,
    79, 79, 77, 80, 80, 77, 79, 76, 80, 78, 79, 76, 77, 79, 77, 80, 78,
    80, 77, 77, 78, 79, 81, 76, 79, 78, 76, 76, 77, 80, 76, 78, 78, 80,
    78, 77, 77, 79, 81, 80, 80, 81, 78, 78, 75, 76, 81, 77, 80, 80, 78,
    78, 80, 78, 76, 80, 80, 76, 76, 80, 79, 76, 77, 77, 79, 79, 81, 76,
    81, 77, 79, 77, 79, 80, 80, 80, 81, 81, 79, 76, 81, 78, 80, 79, 78,
    77 ]
