%YAML:1.0
---
videoName: "headLookUp7.mp4"
gestureLabel: 205
fps: 29
pixelSizeInCmTemp: 3.6846153846153845e-01
faceCenterPointX: 257
faceCenterPointY: 70
headPositionsX: [ 256, 258, 256, 255, 254, 256, 257, 254, 258, 256, 256,
    257, 256, 254, 256, 256, 254, 256, 258, 257, 254, 257, 255, 254, 256,
    256, 257, 258, 254, 258, 256, 257, 259, 253, 258, 253, 256, 253, 255,
    254, 254, 256, 257, 254, 254, 255, 257, 256, 254, 255, 254, 254, 254,
    253, 257, 255, 257, 257, 253, 254, 258, 259, 257, 259, 254, 256, 255,
    259, 257, 257, 259, 257, 257, 256, 259, 257, 256, 254, 256, 255, 256,
    255, 257, 255, 258, 258, 254, 258, 256, 256, 257, 258, 259, 257, 259,
    259, 257, 257, 256, 257 ]
headPositionsY: [ 72, 85, 85, 80, 84, 82, 84, 85, 81, 82, 82, 80, 81, 81,
    80, 82, 80, 80, 83, 77, 80, 78, 76, 74, 72, 75, 74, 70, 70, 68, 66,
    69, 69, 72, 72, 69, 67, 69, 70, 68, 67, 66, 69, 65, 67, 69, 67, 69,
    66, 69, 69, 68, 67, 68, 66, 71, 69, 68, 66, 69, 66, 70, 70, 69, 68,
    71, 70, 71, 71, 68, 69, 70, 69, 71, 71, 71, 69, 68, 67, 70, 69, 68,
    70, 72, 70, 69, 66, 70, 67, 69, 67, 67, 68, 69, 69, 71, 70, 70, 69,
    67 ]
