%YAML:1.0
---
videoName: "headShake29.mp4"
gestureLabel: 201
fps: 29
pixelSizeInCmTemp: 3.3263888888888887e-01
faceCenterPointX: 243
faceCenterPointY: 76
headPositionsX: [ 242, 242, 240, 242, 245, 242, 244, 241, 245, 242, 244,
    241, 242, 242, 244, 242, 241, 244, 245, 244, 241, 242, 242, 241, 242,
    238, 240, 237, 239, 241, 243, 244, 249, 254, 255, 254, 254, 250, 249,
    240, 236, 233, 230, 226, 229, 229, 235, 239, 240, 249, 248, 252, 254,
    253, 248, 247, 241, 238, 232, 232, 230, 229, 231, 235, 237, 241, 246,
    251, 250, 251, 252, 249, 249, 246, 241, 241, 238, 238, 233, 233, 232,
    235, 233, 235, 237, 238, 238, 241, 243, 242, 245, 243, 245, 243, 245,
    245, 245, 244, 242, 243 ]
headPositionsY: [ 74, 74, 73, 74, 75, 76, 76, 77, 78, 77, 77, 75, 76, 75,
    77, 76, 78, 77, 79, 76, 77, 76, 77, 76, 74, 78, 76, 77, 77, 77, 78,
    78, 74, 77, 75, 77, 76, 75, 73, 76, 78, 77, 73, 75, 76, 75, 77, 75,
    77, 77, 76, 75, 76, 76, 78, 78, 77, 74, 76, 75, 77, 77, 78, 78, 77,
    75, 77, 75, 74, 77, 74, 73, 74, 77, 77, 77, 75, 74, 76, 75, 77, 74,
    74, 74, 78, 74, 74, 75, 76, 75, 74, 79, 75, 77, 77, 75, 79, 78, 75,
    78 ]
