%YAML:1.0
---
videoName: "headLookDown0.mp4"
gestureLabel: 206
fps: 29
pixelSizeInCmTemp: 3.3263888888888887e-01
faceCenterPointX: 273
faceCenterPointY: 93
headPositionsX: [ 272, 273, 275, 271, 272, 269, 274, 270, 273, 269, 270,
    273, 272, 274, 274, 271, 270, 273, 272, 271, 273, 271, 271, 274, 270,
    271, 271, 274, 272, 272, 271, 273, 271, 271, 273, 274, 271, 272, 273,
    272, 271, 274, 271, 270, 272, 274, 272, 272, 272, 274, 271, 270, 271,
    273, 272, 271, 272, 272, 272, 269, 270, 273, 273, 274, 270, 272, 272,
    272, 271, 272, 270, 272, 273, 273, 275, 270, 271, 274, 270, 272, 274,
    273, 273, 270, 271, 272, 274, 274, 275, 273, 271, 272, 270, 273, 273,
    271, 273, 271, 274, 274 ]
headPositionsY: [ 93, 78, 79, 79, 80, 81, 77, 80, 79, 81, 80, 81, 79, 81,
    80, 78, 78, 80, 82, 79, 79, 81, 78, 80, 78, 80, 80, 79, 82, 77, 79,
    77, 81, 80, 82, 82, 79, 84, 83, 85, 84, 85, 89, 91, 93, 93, 94, 94,
    99, 95, 99, 98, 97, 96, 97, 97, 95, 97, 95, 96, 98, 94, 97, 94, 96,
    94, 98, 97, 95, 98, 95, 98, 95, 93, 94, 94, 93, 93, 95, 96, 97, 96,
    96, 95, 93, 96, 96, 97, 95, 95, 96, 95, 96, 91, 92, 92, 94, 91, 93,
    96 ]
