%YAML:1.0
---
videoName: "headShake10.mp4"
gestureLabel: 201
fps: 29
pixelSizeInCmTemp: 3.3732394366197183e-01
faceCenterPointX: 240
faceCenterPointY: 74
headPositionsX: [ 241, 248, 247, 246, 243, 247, 248, 245, 245, 247, 247,
    245, 248, 245, 244, 244, 244, 245, 244, 245, 248, 245, 245, 245, 244,
    248, 244, 248, 247, 245, 246, 248, 246, 244, 244, 248, 246, 243, 247,
    245, 247, 245, 243, 243, 247, 246, 247, 244, 242, 247, 244, 251, 250,
    253, 254, 258, 263, 259, 259, 259, 255, 252, 247, 244, 239, 234, 231,
    232, 231, 233, 237, 243, 245, 247, 254, 255, 254, 257, 255, 256, 250,
    248, 248, 246, 242, 243, 240, 243, 240, 238, 240, 238, 239, 239, 238,
    243, 242, 239, 241, 244 ]
headPositionsY: [ 73, 75, 71, 71, 74, 72, 70, 73, 72, 73, 75, 75, 72, 74,
    72, 72, 73, 75, 72, 72, 74, 71, 75, 73, 75, 70, 75, 74, 73, 75, 73,
    71, 75, 71, 72, 73, 75, 71, 75, 71, 75, 73, 75, 74, 74, 71, 73, 74,
    74, 73, 71, 71, 70, 71, 74, 69, 69, 72, 71, 72, 71, 74, 74, 75, 71,
    76, 76, 73, 74, 73, 75, 75, 76, 71, 74, 73, 74, 74, 72, 72, 75, 73,
    73, 73, 73, 74, 76, 75, 74, 74, 77, 77, 73, 73, 74, 76, 74, 78, 74,
    75 ]
