%YAML:1.0
---
videoName: "headNod36.mp4"
gestureLabel: 202
fps: 29
pixelSizeInCmTemp: 2.8176470588235292e-01
faceCenterPointX: 269
faceCenterPointY: 75
headPositionsX: [ 271, 268, 269, 269, 270, 269, 272, 269, 271, 271, 272,
    271, 270, 269, 268, 269, 273, 269, 271, 270, 271, 268, 271, 270, 269,
    269, 267, 270, 270, 268, 270, 269, 272, 268, 268, 270, 269, 267, 269,
    265, 268, 270, 270, 270, 272, 270, 272, 272, 268, 270, 272, 268, 269,
    271, 268, 270, 272, 271, 268, 269, 267, 267, 267, 268, 270, 267, 267,
    268, 268, 269, 270, 269, 269, 267, 267, 269, 267, 268, 267, 270, 269,
    271, 270, 269, 268, 269, 267, 269, 268, 271, 270, 267, 268, 267, 267,
    270, 268, 271, 266, 269 ]
headPositionsY: [ 73, 74, 72, 75, 73, 76, 75, 74, 77, 76, 76, 73, 75, 75,
    74, 73, 73, 76, 73, 77, 80, 80, 80, 78, 75, 74, 69, 66, 66, 62, 64,
    66, 69, 73, 77, 85, 88, 90, 89, 87, 87, 79, 75, 75, 72, 70, 69, 67,
    68, 67, 70, 72, 77, 83, 82, 88, 89, 85, 84, 84, 79, 77, 76, 71, 75,
    73, 78, 78, 82, 81, 84, 81, 79, 77, 79, 72, 73, 76, 79, 79, 82, 82,
    83, 86, 84, 85, 83, 81, 78, 77, 76, 73, 76, 74, 75, 77, 73, 74, 76,
    76 ]
