%YAML:1.0
---
videoName: "headLookLeft7.mp4"
gestureLabel: 203
fps: 29
pixelSizeInCmTemp: 3.4214285714285714e-01
faceCenterPointX: 268
faceCenterPointY: 68
headPositionsX: [ 270, 247, 244, 247, 244, 245, 248, 245, 243, 245, 245,
    244, 245, 247, 244, 243, 245, 245, 243, 247, 246, 246, 244, 247, 244,
    245, 247, 245, 247, 247, 249, 250, 251, 252, 258, 259, 261, 264, 264,
    264, 265, 266, 267, 266, 267, 269, 269, 266, 268, 270, 266, 270, 267,
    270, 264, 267, 268, 265, 269, 270, 267, 268, 265, 270, 271, 266, 267,
    269, 263, 266, 271, 268, 270, 268, 270, 267, 270, 266, 265, 269, 268,
    269, 270, 267, 268, 267, 267, 269, 266, 270, 270, 266, 268, 267, 268,
    269, 270, 269, 268, 272 ]
headPositionsY: [ 69, 67, 70, 70, 70, 69, 68, 71, 67, 70, 69, 72, 71, 71,
    71, 71, 68, 70, 68, 72, 70, 72, 71, 68, 67, 72, 68, 71, 68, 69, 72,
    71, 69, 69, 70, 66, 69, 70, 66, 68, 69, 67, 67, 66, 69, 67, 67, 70,
    68, 69, 69, 68, 68, 69, 66, 69, 71, 67, 67, 68, 71, 70, 67, 70, 67,
    68, 68, 70, 70, 69, 68, 66, 68, 71, 69, 69, 69, 69, 68, 72, 69, 69,
    68, 70, 69, 66, 68, 68, 68, 70, 67, 67, 68, 70, 71, 70, 69, 67, 69,
    69 ]
