%YAML:1.0
---
videoName: "headShake21.mp4"
gestureLabel: 201
fps: 29
pixelSizeInCmTemp: 3.1933333333333330e-01
faceCenterPointX: 241
faceCenterPointY: 78
headPositionsX: [ 239, 246, 243, 241, 242, 244, 241, 241, 241, 241, 240,
    240, 244, 241, 243, 243, 240, 240, 245, 240, 242, 241, 242, 242, 244,
    241, 244, 241, 242, 243, 244, 244, 243, 241, 241, 241, 242, 244, 244,
    243, 242, 241, 239, 241, 239, 242, 243, 240, 239, 240, 244, 243, 241,
    240, 243, 239, 240, 244, 242, 244, 243, 242, 239, 239, 239, 242, 239,
    241, 244, 249, 253, 250, 249, 250, 247, 244, 236, 233, 231, 234, 237,
    236, 237, 243, 241, 244, 242, 241, 240, 237, 239, 237, 237, 240, 239,
    242, 242, 240, 242, 240 ]
headPositionsY: [ 78, 81, 82, 80, 78, 73, 72, 72, 71, 74, 72, 70, 70, 69,
    69, 71, 72, 71, 73, 69, 72, 70, 72, 75, 72, 73, 77, 74, 77, 77, 77,
    75, 79, 78, 75, 74, 78, 76, 77, 77, 77, 77, 76, 77, 79, 77, 76, 77,
    76, 79, 80, 76, 79, 78, 78, 80, 80, 77, 77, 79, 78, 79, 77, 78, 80,
    78, 77, 76, 77, 77, 78, 75, 78, 80, 76, 78, 79, 79, 77, 76, 79, 77,
    76, 78, 79, 80, 79, 81, 80, 76, 80, 77, 77, 79, 78, 77, 78, 78, 81,
    80 ]
