%YAML:1.0
---
videoName: "headNod48.mp4"
gestureLabel: 202
fps: 29
pixelSizeInCmTemp: 2.8855421686746985e-01
faceCenterPointX: 264
faceCenterPointY: 72
headPositionsX: [ 264, 265, 267, 263, 264, 265, 265, 267, 266, 263, 264,
    263, 266, 263, 262, 261, 262, 259, 263, 262, 260, 258, 260, 262, 261,
    260, 258, 263, 262, 261, 259, 262, 264, 264, 263, 264, 263, 263, 265,
    262, 264, 264, 263, 260, 263, 259, 259, 259, 260, 263, 262, 264, 259,
    262, 263, 261, 260, 262, 264, 263, 260, 262, 262, 266, 264, 263, 264,
    265, 265, 263, 264, 263, 264, 262, 266, 266, 266, 263, 265, 263, 267,
    265, 267, 267, 265, 263, 263, 264, 265, 266, 265, 267, 265, 264, 265,
    263, 266, 267, 266, 267 ]
headPositionsY: [ 73, 73, 79, 76, 80, 77, 73, 73, 67, 64, 65, 60, 61, 65,
    67, 72, 75, 79, 84, 89, 86, 87, 82, 81, 79, 75, 70, 71, 64, 65, 65,
    67, 63, 66, 68, 71, 73, 75, 80, 80, 83, 84, 78, 79, 79, 76, 72, 75,
    71, 71, 74, 73, 75, 79, 80, 77, 77, 78, 73, 69, 71, 68, 72, 71, 74,
    77, 75, 78, 78, 74, 78, 75, 71, 70, 70, 69, 71, 69, 71, 73, 72, 73,
    74, 75, 76, 71, 73, 68, 74, 70, 72, 75, 76, 74, 72, 71, 73, 70, 70,
    71 ]
