%YAML:1.0
---
videoName: "headShake37.mp4"
gestureLabel: 201
fps: 30
pixelSizeInCmTemp: 3.1933333333333330e-01
faceCenterPointX: 263
faceCenterPointY: 83
headPositionsX: [ 265, 259, 261, 264, 259, 261, 260, 261, 263, 261, 263,
    261, 262, 264, 265, 264, 265, 262, 262, 260, 262, 264, 260, 263, 260,
    261, 260, 263, 262, 262, 263, 261, 259, 264, 263, 265, 260, 263, 262,
    261, 263, 261, 261, 261, 261, 262, 262, 265, 267, 270, 276, 278, 280,
    280, 281, 275, 272, 268, 259, 256, 252, 253, 255, 258, 264, 267, 271,
    270, 273, 274, 270, 267, 262, 255, 253, 253, 252, 253, 258, 258, 260,
    263, 262, 264, 264, 264, 266, 265, 265, 265, 265, 263, 263, 263, 261,
    264, 264, 264, 263, 261 ]
headPositionsY: [ 81, 81, 85, 86, 81, 82, 81, 83, 82, 84, 84, 85, 81, 85,
    82, 81, 82, 83, 82, 83, 83, 85, 82, 82, 83, 81, 81, 85, 84, 83, 83,
    86, 81, 82, 81, 82, 82, 83, 84, 81, 85, 82, 82, 81, 81, 83, 84, 82,
    82, 83, 81, 80, 80, 78, 79, 81, 84, 84, 80, 81, 81, 81, 80, 83, 81,
    81, 79, 79, 81, 80, 82, 83, 83, 82, 84, 83, 83, 82, 82, 83, 85, 83,
    83, 83, 85, 84, 82, 83, 83, 84, 84, 83, 84, 82, 82, 81, 83, 82, 81,
    82 ]
