%YAML:1.0
---
videoName: "headNod7.mp4"
gestureLabel: 202
fps: 29
pixelSizeInCmTemp: 3.2808219178082193e-01
faceCenterPointX: 261
faceCenterPointY: 71
headPositionsX: [ 260, 268, 267, 264, 268, 264, 266, 263, 267, 261, 263,
    262, 264, 263, 261, 261, 264, 261, 263, 264, 262, 262, 260, 263, 264,
    261, 260, 262, 263, 261, 261, 264, 263, 260, 264, 261, 262, 261, 260,
    259, 261, 263, 262, 263, 262, 262, 260, 264, 261, 263, 261, 264, 263,
    262, 261, 259, 260, 262, 261, 261, 262, 263, 263, 262, 260, 263, 263,
    260, 262, 259, 261, 259, 260, 260, 261, 259, 262, 262, 263, 262, 262,
    261, 261, 262, 262, 263, 262, 261, 262, 263, 261, 261, 260, 259, 260,
    262, 260, 263, 263, 262 ]
headPositionsY: [ 73, 74, 75, 76, 76, 74, 75, 72, 72, 73, 74, 70, 74, 75,
    75, 75, 74, 76, 76, 72, 74, 74, 76, 74, 76, 78, 73, 78, 77, 76, 77,
    73, 73, 76, 73, 73, 76, 76, 75, 75, 74, 77, 76, 76, 78, 78, 75, 74,
    75, 69, 70, 69, 72, 70, 71, 73, 78, 82, 79, 75, 78, 69, 70, 68, 71,
    74, 74, 77, 80, 80, 79, 76, 72, 73, 70, 70, 70, 72, 69, 75, 75, 77,
    77, 79, 81, 77, 74, 75, 74, 73, 70, 72, 71, 72, 69, 71, 70, 73, 74,
    70 ]
