%YAML:1.0
---
videoName: "headLookUp4.mp4"
gestureLabel: 205
fps: 30
pixelSizeInCmTemp: 3.6846153846153845e-01
faceCenterPointX: 256
faceCenterPointY: 68
headPositionsX: [ 255, 258, 254, 256, 255, 256, 255, 255, 255, 258, 254,
    259, 257, 258, 255, 253, 258, 258, 259, 255, 256, 257, 256, 254, 254,
    256, 257, 256, 257, 256, 257, 256, 254, 254, 257, 257, 256, 255, 256,
    257, 254, 255, 256, 253, 258, 258, 256, 255, 258, 256, 256, 254, 257,
    254, 256, 258, 257, 254, 254, 257, 255, 253, 255, 256, 254, 257, 256,
    258, 256, 255, 258, 254, 257, 258, 255, 257, 254, 257, 257, 256, 253,
    253, 253, 257, 258, 256, 259, 254, 256, 254, 259, 258, 258, 253, 259,
    256, 258, 259, 257, 256 ]
headPositionsY: [ 70, 83, 80, 83, 81, 81, 83, 85, 83, 84, 81, 80, 83, 83,
    81, 81, 83, 84, 84, 84, 80, 79, 80, 81, 78, 77, 74, 72, 73, 73, 72,
    69, 70, 69, 69, 67, 66, 70, 69, 70, 70, 69, 69, 66, 67, 71, 71, 71,
    70, 65, 67, 70, 67, 71, 69, 70, 68, 69, 66, 69, 69, 69, 66, 69, 68,
    70, 68, 70, 69, 71, 71, 70, 69, 68, 65, 71, 68, 67, 67, 68, 69, 67,
    72, 71, 68, 69, 68, 68, 71, 71, 67, 68, 72, 67, 72, 67, 68, 70, 70,
    69 ]
