%YAML:1.0
---
videoName: "headLookUp7.mp4"
gestureLabel: 205
fps: 29
pixelSizeInCmTemp: 3.6846153846153845e-01
faceCenterPointX: 257
faceCenterPointY: 70
headPositionsX: [ 257, 259, 256, 254, 258, 258, 255, 257, 256, 256, 255,
    258, 255, 256, 256, 258, 254, 254, 255, 257, 258, 257, 256, 257, 255,
    258, 255, 256, 255, 257, 254, 255, 259, 257, 259, 254, 258, 254, 255,
    254, 255, 257, 258, 256, 258, 257, 258, 259, 256, 255, 253, 257, 255,
    256, 254, 259, 258, 255, 254, 254, 258, 259, 257, 258, 254, 255, 258,
    259, 257, 255, 259, 258, 254, 258, 258, 258, 254, 257, 258, 256, 255,
    258, 258, 259, 257, 255, 258, 259, 258, 258, 256, 256, 258, 255, 257,
    255, 260, 258, 259, 255 ]
headPositionsY: [ 69, 83, 81, 84, 85, 83, 82, 83, 81, 81, 84, 83, 81, 85,
    82, 81, 84, 82, 82, 81, 82, 80, 79, 75, 76, 71, 73, 73, 73, 70, 70,
    70, 69, 72, 70, 71, 71, 71, 69, 68, 67, 70, 69, 67, 66, 68, 66, 67,
    67, 69, 66, 68, 69, 68, 68, 67, 69, 67, 67, 68, 66, 69, 68, 72, 68,
    70, 66, 68, 69, 71, 70, 67, 67, 68, 71, 69, 69, 68, 67, 71, 71, 70,
    68, 68, 69, 67, 67, 69, 69, 71, 67, 67, 67, 69, 68, 68, 69, 68, 72,
    71 ]
