%YAML:1.0
---
videoName: "headNod27.mp4"
gestureLabel: 202
fps: 29
pixelSizeInCmTemp: 3.0705128205128202e-01
faceCenterPointX: 271
faceCenterPointY: 77
headPositionsX: [ 270, 272, 274, 270, 270, 273, 270, 270, 270, 272, 272,
    271, 272, 271, 271, 273, 270, 272, 270, 274, 273, 273, 273, 273, 274,
    274, 271, 273, 273, 271, 269, 272, 269, 273, 268, 268, 267, 270, 270,
    267, 269, 268, 269, 271, 269, 269, 271, 270, 267, 268, 267, 268, 267,
    269, 271, 272, 270, 270, 272, 270, 271, 271, 267, 267, 266, 269, 267,
    265, 270, 270, 268, 271, 266, 268, 268, 269, 267, 267, 269, 268, 267,
    270, 267, 270, 267, 271, 271, 271, 269, 271, 272, 273, 273, 269, 269,
    270, 270, 268, 271, 269 ]
headPositionsY: [ 79, 71, 72, 75, 75, 75, 74, 74, 74, 76, 71, 72, 75, 72,
    72, 72, 76, 73, 77, 75, 71, 70, 68, 66, 63, 65, 63, 62, 62, 67, 68,
    77, 79, 81, 83, 81, 81, 77, 76, 71, 68, 70, 68, 69, 68, 70, 75, 78,
    81, 80, 79, 79, 74, 73, 68, 70, 73, 70, 73, 77, 79, 81, 82, 84, 80,
    78, 77, 72, 73, 70, 74, 72, 75, 77, 76, 79, 77, 79, 75, 71, 73, 69,
    73, 72, 73, 75, 73, 75, 81, 78, 77, 78, 77, 76, 79, 75, 77, 79, 79,
    78 ]
