%YAML:1.0
---
videoName: "headLookRight3.mp4"
gestureLabel: 204
fps: 29
pixelSizeInCmTemp: 3.5746268656716418e-01
faceCenterPointX: 232
faceCenterPointY: 71
headPositionsX: [ 234, 254, 254, 252, 254, 252, 254, 252, 253, 254, 255,
    252, 255, 254, 252, 252, 254, 255, 254, 256, 255, 255, 252, 257, 255,
    254, 254, 256, 257, 256, 255, 256, 254, 255, 255, 257, 255, 256, 254,
    252, 251, 248, 247, 245, 243, 241, 238, 236, 233, 235, 236, 232, 234,
    234, 231, 234, 232, 233, 230, 232, 233, 232, 231, 230, 233, 231, 233,
    231, 233, 230, 234, 235, 232, 232, 230, 232, 234, 229, 233, 228, 236,
    229, 235, 231, 231, 234, 230, 233, 234, 233, 232, 231, 234, 230, 230,
    232, 231, 234, 236, 231 ]
headPositionsY: [ 71, 68, 69, 67, 67, 70, 70, 70, 69, 70, 71, 72, 71, 68,
    72, 73, 73, 68, 70, 71, 71, 73, 69, 73, 70, 69, 71, 74, 72, 72, 72,
    73, 70, 69, 72, 69, 69, 72, 69, 71, 72, 73, 73, 69, 71, 69, 70, 70,
    71, 70, 73, 71, 73, 70, 73, 71, 71, 70, 73, 73, 73, 69, 73, 74, 74,
    72, 75, 72, 71, 71, 71, 73, 74, 71, 73, 70, 71, 70, 72, 70, 70, 71,
    70, 72, 74, 74, 72, 73, 71, 72, 70, 73, 72, 73, 71, 72, 72, 69, 71,
    73 ]
