%YAML:1.0
---
videoName: "headNod22.mp4"
gestureLabel: 202
fps: 29
pixelSizeInCmTemp: 3.1513157894736843e-01
faceCenterPointX: 252
faceCenterPointY: 80
headPositionsX: [ 251, 253, 252, 252, 253, 252, 251, 255, 254, 253, 252,
    254, 255, 252, 255, 252, 256, 252, 255, 252, 252, 252, 254, 253, 255,
    254, 253, 255, 256, 255, 253, 256, 255, 255, 252, 253, 253, 257, 253,
    251, 254, 253, 252, 256, 250, 251, 252, 252, 253, 253, 253, 255, 254,
    251, 253, 254, 252, 249, 250, 254, 251, 255, 255, 253, 250, 252, 254,
    251, 251, 251, 255, 253, 254, 251, 250, 250, 251, 254, 252, 252, 250,
    250, 252, 253, 252, 255, 253, 252, 254, 253, 250, 251, 251, 253, 252,
    250, 251, 251, 253, 251 ]
headPositionsY: [ 78, 80, 80, 76, 77, 76, 80, 80, 80, 77, 76, 81, 77, 81,
    78, 79, 81, 79, 80, 77, 80, 82, 81, 80, 81, 82, 82, 84, 82, 80, 75,
    72, 71, 72, 70, 73, 74, 80, 81, 82, 86, 84, 79, 75, 72, 71, 70, 72,
    73, 75, 75, 79, 81, 84, 87, 83, 82, 76, 73, 74, 73, 72, 73, 74, 78,
    77, 81, 79, 77, 77, 74, 73, 74, 76, 77, 76, 80, 78, 79, 80, 78, 75,
    76, 76, 76, 79, 81, 82, 81, 80, 77, 77, 76, 79, 78, 82, 83, 80, 81,
    81 ]
