%YAML:1.0
---
videoName: "headShake40.mp4"
gestureLabel: 201
fps: 29
pixelSizeInCmTemp: 3.2808219178082193e-01
faceCenterPointX: 261
faceCenterPointY: 86
headPositionsX: [ 259, 262, 259, 263, 263, 263, 260, 259, 259, 260, 259,
    259, 263, 258, 263, 262, 262, 261, 262, 259, 261, 262, 260, 262, 261,
    257, 259, 257, 259, 258, 258, 257, 256, 254, 252, 252, 256, 259, 265,
    271, 271, 279, 278, 278, 276, 274, 272, 264, 259, 252, 248, 249, 244,
    249, 252, 251, 255, 263, 266, 270, 271, 272, 267, 266, 266, 263, 261,
    256, 259, 256, 258, 257, 259, 260, 261, 264, 268, 268, 265, 267, 264,
    263, 263, 260, 260, 259, 257, 257, 255, 260, 258, 256, 258, 257, 259,
    261, 261, 260, 259, 260 ]
headPositionsY: [ 84, 85, 85, 82, 85, 81, 83, 82, 82, 81, 83, 84, 82, 84,
    84, 83, 85, 82, 84, 82, 83, 83, 86, 86, 84, 85, 84, 83, 83, 86, 83,
    85, 84, 84, 84, 82, 85, 84, 84, 80, 82, 80, 81, 79, 78, 80, 83, 82,
    80, 84, 83, 85, 80, 85, 84, 82, 85, 85, 83, 84, 81, 83, 82, 82, 86,
    81, 85, 85, 81, 83, 81, 81, 85, 82, 84, 84, 85, 81, 81, 84, 83, 82,
    82, 85, 85, 84, 83, 83, 85, 86, 84, 84, 83, 85, 87, 85, 88, 85, 87,
    85 ]
