%YAML:1.0
---
videoName: "headLookLeft3.mp4"
gestureLabel: 203
fps: 29
pixelSizeInCmTemp: 3.4214285714285714e-01
faceCenterPointX: 290
faceCenterPointY: 74
headPositionsX: [ 291, 264, 265, 262, 264, 264, 265, 266, 269, 272, 270,
    272, 276, 280, 282, 280, 282, 287, 287, 288, 289, 288, 291, 291, 285,
    289, 295, 292, 288, 282, 290, 288, 293, 293, 288, 288, 283, 290, 291,
    290, 288, 286, 289, 295, 291, 288, 290, 288, 292, 289, 293, 291, 291,
    290, 287, 286, 287, 289, 288, 293, 291, 292, 291, 289, 287, 288, 288,
    288, 287, 289, 285, 286, 288, 286, 285, 287, 285, 287, 288, 288, 289,
    287, 288, 288, 290, 285, 288, 286, 287, 288, 286, 288, 286, 290, 287,
    285, 288, 288, 286, 288 ]
headPositionsY: [ 76, 79, 78, 78, 76, 75, 77, 79, 75, 79, 78, 77, 74, 74,
    76, 74, 74, 77, 76, 75, 73, 75, 73, 77, 71, 71, 76, 75, 74, 72, 71,
    75, 72, 74, 76, 73, 75, 77, 75, 72, 75, 75, 74, 77, 72, 75, 75, 73,
    75, 72, 74, 73, 72, 77, 76, 72, 76, 75, 75, 77, 72, 71, 75, 71, 76,
    75, 72, 75, 72, 72, 75, 72, 73, 71, 73, 73, 72, 76, 74, 71, 75, 76,
    75, 72, 75, 73, 75, 74, 74, 74, 74, 76, 74, 75, 76, 73, 73, 73, 75,
    73 ]
