%YAML:1.0
---
videoName: "headLookLeft4.mp4"
gestureLabel: 203
fps: 29
pixelSizeInCmTemp: 3.4710144927536229e-01
faceCenterPointX: 288
faceCenterPointY: 74
headPositionsX: [ 290, 264, 265, 263, 266, 265, 269, 270, 273, 273, 275,
    278, 282, 286, 285, 287, 293, 296, 296, 295, 295, 295, 296, 295, 289,
    295, 293, 296, 296, 293, 296, 293, 295, 293, 294, 293, 296, 293, 296,
    293, 292, 292, 293, 297, 296, 288, 290, 293, 289, 289, 294, 289, 289,
    290, 289, 287, 290, 290, 287, 291, 288, 288, 291, 290, 289, 291, 291,
    288, 289, 292, 288, 290, 288, 290, 287, 290, 294, 286, 292, 288, 292,
    292, 294, 294, 292, 292, 287, 288, 290, 291, 292, 290, 291, 286, 291,
    290, 290, 290, 286, 287 ]
headPositionsY: [ 74, 81, 80, 77, 78, 77, 79, 79, 76, 75, 77, 80, 77, 76,
    77, 75, 76, 77, 75, 78, 74, 77, 74, 75, 74, 73, 78, 81, 75, 77, 75,
    76, 78, 77, 75, 77, 81, 76, 78, 75, 76, 74, 75, 75, 77, 74, 76, 75,
    73, 77, 72, 74, 73, 73, 76, 74, 72, 73, 75, 73, 76, 74, 76, 72, 73,
    76, 72, 75, 75, 75, 72, 72, 74, 78, 72, 77, 79, 74, 79, 75, 78, 73,
    79, 77, 73, 74, 72, 75, 77, 73, 78, 75, 76, 76, 76, 76, 73, 75, 76,
    76 ]
