%YAML:1.0
---
videoName: "headLookUp4.mp4"
gestureLabel: 205
fps: 30
pixelSizeInCmTemp: 3.6846153846153845e-01
faceCenterPointX: 256
faceCenterPointY: 68
headPositionsX: [ 257, 257, 258, 257, 255, 254, 255, 255, 256, 258, 256,
    259, 256, 254, 257, 254, 257, 257, 255, 258, 258, 255, 258, 254, 254,
    256, 256, 257, 256, 257, 256, 255, 254, 255, 256, 256, 254, 254, 256,
    254, 256, 256, 254, 254, 256, 256, 255, 255, 254, 253, 255, 254, 256,
    258, 257, 258, 258, 255, 255, 256, 257, 257, 254, 256, 256, 256, 258,
    255, 256, 258, 255, 257, 257, 257, 258, 256, 253, 258, 256, 253, 254,
    253, 257, 257, 255, 256, 257, 252, 255, 256, 255, 258, 256, 254, 256,
    255, 254, 255, 254, 255 ]
headPositionsY: [ 67, 84, 83, 81, 83, 81, 84, 82, 84, 81, 80, 84, 81, 84,
    81, 84, 82, 83, 84, 82, 80, 83, 79, 81, 79, 79, 77, 75, 76, 71, 68,
    68, 71, 72, 70, 65, 66, 69, 71, 67, 66, 68, 69, 66, 66, 67, 70, 71,
    67, 65, 69, 70, 69, 71, 68, 71, 67, 72, 67, 68, 66, 65, 65, 68, 72,
    68, 68, 70, 69, 72, 71, 71, 70, 71, 66, 69, 68, 70, 66, 67, 72, 69,
    68, 68, 69, 70, 72, 69, 71, 72, 68, 69, 72, 69, 71, 66, 68, 72, 69,
    71 ]
