%YAML:1.0
---
videoName: "headLookLeft3.mp4"
gestureLabel: 203
fps: 29
pixelSizeInCmTemp: 3.4214285714285714e-01
faceCenterPointX: 290
faceCenterPointY: 74
headPositionsX: [ 291, 262, 262, 263, 266, 266, 268, 266, 271, 268, 274,
    272, 277, 276, 280, 281, 285, 289, 288, 288, 291, 289, 295, 289, 286,
    289, 295, 288, 287, 284, 288, 288, 290, 291, 288, 290, 281, 292, 291,
    287, 289, 289, 287, 298, 291, 289, 286, 287, 289, 286, 293, 293, 291,
    289, 289, 288, 287, 287, 288, 292, 292, 288, 287, 286, 286, 287, 287,
    291, 288, 287, 287, 287, 287, 285, 285, 288, 288, 286, 288, 284, 286,
    289, 289, 288, 286, 287, 292, 289, 289, 288, 288, 287, 289, 287, 288,
    282, 287, 285, 286, 284 ]
headPositionsY: [ 73, 78, 75, 76, 76, 77, 80, 80, 75, 77, 78, 77, 76, 74,
    77, 75, 75, 75, 74, 73, 74, 75, 77, 76, 72, 70, 73, 73, 76, 70, 75,
    72, 76, 74, 75, 73, 75, 74, 76, 75, 73, 74, 72, 77, 75, 76, 73, 74,
    78, 73, 71, 71, 73, 77, 72, 76, 74, 72, 73, 75, 76, 73, 75, 71, 73,
    76, 75, 75, 72, 76, 72, 74, 74, 74, 74, 74, 75, 76, 76, 75, 71, 75,
    73, 72, 74, 74, 74, 73, 72, 73, 73, 73, 74, 75, 74, 77, 75, 73, 75,
    72 ]
