%YAML:1.0
---
videoName: "headLookLeft4.mp4"
gestureLabel: 203
fps: 29
pixelSizeInCmTemp: 3.4710144927536229e-01
faceCenterPointX: 288
faceCenterPointY: 74
headPositionsX: [ 290, 266, 267, 266, 264, 266, 268, 270, 272, 273, 276,
    280, 279, 282, 286, 289, 292, 293, 295, 296, 294, 294, 293, 294, 293,
    295, 291, 295, 298, 295, 296, 296, 296, 295, 292, 294, 292, 293, 294,
    293, 292, 291, 295, 293, 292, 292, 288, 292, 288, 292, 290, 291, 290,
    290, 291, 287, 288, 289, 290, 289, 289, 287, 291, 288, 287, 292, 288,
    290, 289, 292, 290, 290, 290, 294, 289, 292, 292, 285, 292, 292, 289,
    288, 294, 294, 289, 289, 290, 289, 292, 292, 290, 289, 291, 289, 292,
    288, 290, 291, 289, 288 ]
headPositionsY: [ 76, 81, 82, 80, 77, 81, 81, 78, 77, 76, 80, 77, 79, 77,
    79, 77, 78, 79, 77, 82, 73, 77, 73, 75, 73, 77, 77, 81, 78, 79, 75,
    77, 79, 78, 75, 77, 79, 75, 74, 78, 76, 72, 72, 75, 73, 75, 76, 78,
    72, 73, 75, 76, 73, 73, 73, 76, 73, 75, 75, 75, 73, 77, 75, 75, 74,
    75, 74, 76, 75, 74, 75, 76, 76, 78, 74, 75, 75, 72, 79, 73, 74, 74,
    75, 78, 75, 72, 74, 76, 75, 77, 74, 73, 78, 75, 75, 75, 76, 73, 75,
    75 ]
