%YAML:1.0
---
videoName: "headShake14.mp4"
gestureLabel: 201
fps: 29
pixelSizeInCmTemp: 3.2364864864864862e-01
faceCenterPointX: 244
faceCenterPointY: 76
headPositionsX: [ 245, 248, 246, 247, 247, 244, 244, 246, 244, 247, 245,
    246, 247, 243, 245, 245, 243, 244, 245, 244, 243, 247, 244, 244, 247,
    245, 251, 252, 253, 257, 262, 263, 262, 258, 256, 252, 249, 241, 237,
    230, 226, 226, 227, 229, 233, 236, 244, 250, 251, 257, 256, 256, 254,
    249, 248, 241, 236, 235, 232, 235, 234, 232, 234, 238, 239, 243, 245,
    246, 250, 248, 251, 250, 250, 249, 249, 243, 245, 242, 242, 238, 238,
    241, 241, 242, 239, 242, 245, 246, 245, 246, 244, 247, 243, 243, 245,
    243, 242, 244, 243, 244 ]
headPositionsY: [ 74, 77, 76, 75, 78, 76, 74, 76, 74, 77, 78, 74, 78, 76,
    76, 73, 73, 75, 75, 74, 75, 78, 75, 74, 78, 74, 73, 75, 73, 73, 73,
    75, 71, 75, 72, 74, 75, 74, 78, 73, 73, 74, 77, 74, 73, 77, 76, 76,
    72, 71, 73, 72, 72, 75, 77, 76, 76, 77, 75, 75, 73, 77, 75, 74, 76,
    73, 75, 75, 78, 78, 78, 77, 74, 75, 77, 76, 78, 74, 76, 75, 75, 77,
    74, 76, 78, 77, 75, 75, 76, 76, 78, 74, 76, 77, 74, 75, 77, 77, 76,
    75 ]
