%YAML:1.0
---
videoName: "headLookLeft4.mp4"
gestureLabel: 203
fps: 29
pixelSizeInCmTemp: 3.4710144927536229e-01
faceCenterPointX: 288
faceCenterPointY: 74
headPositionsX: [ 290, 264, 266, 264, 264, 265, 270, 270, 273, 273, 277,
    277, 282, 284, 285, 287, 292, 294, 295, 294, 294, 291, 294, 296, 289,
    294, 295, 299, 296, 294, 296, 296, 295, 293, 291, 293, 292, 293, 297,
    294, 292, 289, 292, 296, 296, 289, 288, 291, 290, 289, 290, 290, 291,
    291, 288, 290, 290, 291, 288, 288, 291, 290, 293, 286, 290, 290, 289,
    291, 288, 290, 289, 292, 290, 293, 291, 291, 293, 287, 293, 289, 290,
    290, 291, 292, 292, 293, 288, 290, 294, 292, 288, 289, 289, 290, 291,
    288, 292, 290, 287, 288 ]
headPositionsY: [ 73, 79, 78, 78, 78, 79, 79, 78, 80, 78, 79, 76, 75, 77,
    75, 76, 79, 75, 77, 80, 77, 79, 73, 77, 77, 73, 75, 79, 75, 75, 75,
    78, 76, 78, 75, 75, 80, 75, 75, 77, 77, 72, 75, 77, 77, 75, 76, 77,
    75, 73, 76, 74, 71, 76, 76, 75, 74, 73, 75, 73, 72, 75, 77, 74, 75,
    76, 74, 72, 73, 72, 73, 74, 76, 75, 75, 76, 77, 73, 78, 74, 76, 72,
    78, 78, 75, 74, 75, 75, 74, 73, 75, 73, 77, 75, 77, 73, 73, 76, 74,
    74 ]
