%YAML:1.0
---
videoName: "headNod47.mp4"
gestureLabel: 202
fps: 29
pixelSizeInCmTemp: 3.0316455696202532e-01
faceCenterPointX: 266
faceCenterPointY: 70
headPositionsX: [ 268, 266, 265, 268, 269, 269, 267, 265, 264, 266, 264,
    264, 265, 266, 263, 266, 265, 266, 262, 267, 266, 263, 265, 264, 267,
    264, 265, 267, 268, 269, 266, 266, 266, 269, 268, 269, 267, 266, 265,
    266, 266, 266, 266, 269, 267, 267, 264, 266, 265, 265, 265, 269, 267,
    268, 269, 268, 265, 265, 266, 265, 267, 265, 265, 266, 264, 266, 265,
    269, 268, 265, 265, 267, 266, 266, 267, 267, 264, 264, 266, 268, 267,
    264, 266, 267, 264, 265, 266, 264, 269, 264, 264, 266, 264, 266, 266,
    264, 265, 268, 267, 264 ]
headPositionsY: [ 72, 60, 61, 57, 61, 59, 57, 62, 65, 67, 71, 74, 78, 81,
    81, 76, 75, 69, 67, 68, 66, 65, 67, 67, 73, 74, 75, 76, 77, 77, 73,
    74, 68, 69, 65, 69, 66, 73, 74, 75, 76, 77, 80, 80, 78, 75, 68, 68,
    70, 67, 71, 67, 70, 75, 75, 73, 73, 72, 71, 68, 68, 65, 69, 68, 68,
    69, 73, 72, 73, 72, 76, 72, 74, 71, 69, 67, 70, 68, 69, 70, 73, 73,
    73, 72, 74, 70, 70, 72, 72, 72, 71, 72, 71, 72, 70, 72, 71, 71, 70,
    72 ]
