%YAML:1.0
---
videoName: "headNod21.mp4"
gestureLabel: 202
fps: 29
pixelSizeInCmTemp: 3.2808219178082193e-01
faceCenterPointX: 253
faceCenterPointY: 78
headPositionsX: [ 254, 256, 255, 253, 257, 257, 256, 256, 255, 254, 257,
    254, 256, 254, 253, 256, 256, 254, 254, 256, 256, 253, 256, 257, 257,
    255, 254, 253, 254, 256, 254, 258, 257, 255, 257, 254, 257, 258, 256,
    258, 257, 258, 258, 254, 254, 255, 254, 255, 256, 254, 256, 252, 253,
    255, 254, 252, 256, 255, 256, 254, 252, 255, 255, 255, 251, 254, 249,
    253, 250, 250, 254, 252, 250, 249, 249, 251, 247, 252, 249, 253, 248,
    253, 249, 251, 250, 253, 251, 251, 255, 253, 254, 253, 251, 254, 255,
    253, 253, 253, 252, 254 ]
headPositionsY: [ 78, 79, 79, 77, 78, 77, 79, 77, 78, 77, 77, 80, 76, 76,
    79, 78, 80, 77, 77, 77, 79, 78, 78, 79, 82, 80, 81, 78, 82, 80, 80,
    82, 81, 82, 80, 77, 73, 75, 76, 80, 80, 84, 82, 83, 83, 81, 78, 75,
    79, 75, 82, 84, 82, 83, 86, 82, 80, 77, 79, 77, 82, 80, 82, 82, 83,
    83, 81, 78, 75, 77, 75, 80, 81, 82, 84, 83, 83, 82, 81, 75, 79, 78,
    79, 78, 80, 78, 82, 77, 77, 79, 78, 76, 77, 81, 79, 80, 79, 78, 77,
    78 ]
