%YAML:1.0
---
videoName: "headShake22.mp4"
gestureLabel: 201
fps: 29
pixelSizeInCmTemp: 3.2364864864864862e-01
faceCenterPointX: 241
faceCenterPointY: 79
headPositionsX: [ 240, 241, 241, 240, 241, 239, 244, 243, 245, 241, 242,
    242, 245, 241, 243, 240, 243, 242, 244, 242, 244, 244, 244, 242, 244,
    240, 244, 243, 243, 241, 245, 241, 244, 242, 240, 245, 242, 245, 243,
    241, 244, 242, 241, 240, 240, 241, 244, 242, 241, 240, 242, 244, 244,
    244, 244, 242, 242, 241, 244, 242, 242, 240, 242, 244, 241, 239, 242,
    242, 245, 250, 252, 252, 254, 257, 253, 252, 245, 244, 241, 239, 235,
    240, 238, 241, 243, 247, 246, 245, 245, 243, 239, 239, 243, 242, 239,
    240, 243, 238, 241, 242 ]
headPositionsY: [ 78, 78, 75, 74, 76, 77, 77, 76, 74, 74, 77, 75, 74, 75,
    77, 74, 76, 76, 74, 76, 75, 75, 77, 78, 76, 77, 74, 79, 76, 78, 75,
    76, 78, 75, 76, 75, 78, 76, 77, 75, 80, 75, 77, 79, 74, 74, 78, 77,
    75, 74, 76, 76, 76, 78, 77, 78, 74, 79, 78, 76, 75, 75, 74, 77, 77,
    73, 77, 78, 74, 75, 76, 76, 74, 73, 77, 76, 75, 75, 79, 75, 79, 78,
    75, 75, 76, 76, 79, 75, 77, 79, 76, 77, 78, 77, 77, 76, 79, 77, 79,
    80 ]
