%YAML:1.0
---
videoName: "headShake37.mp4"
gestureLabel: 201
fps: 30
pixelSizeInCmTemp: 3.1933333333333330e-01
faceCenterPointX: 263
faceCenterPointY: 83
headPositionsX: [ 261, 259, 263, 263, 260, 263, 263, 262, 264, 262, 262,
    262, 264, 263, 262, 264, 262, 261, 261, 261, 260, 262, 260, 264, 261,
    261, 264, 260, 263, 264, 264, 261, 263, 263, 262, 265, 260, 260, 261,
    262, 260, 262, 259, 259, 262, 261, 263, 266, 267, 271, 276, 278, 281,
    281, 281, 277, 270, 264, 260, 257, 251, 252, 253, 257, 260, 267, 270,
    272, 273, 272, 266, 265, 259, 258, 254, 252, 255, 254, 255, 258, 259,
    262, 264, 265, 268, 268, 268, 266, 267, 268, 262, 264, 263, 265, 264,
    264, 262, 265, 263, 261 ]
headPositionsY: [ 81, 80, 84, 84, 85, 85, 85, 85, 83, 81, 84, 84, 82, 82,
    82, 81, 85, 81, 84, 83, 84, 82, 82, 82, 83, 85, 85, 81, 82, 82, 82,
    85, 82, 82, 81, 83, 85, 83, 84, 82, 83, 83, 82, 81, 82, 83, 84, 83,
    81, 81, 83, 80, 80, 78, 81, 84, 82, 83, 81, 83, 81, 82, 82, 80, 82,
    85, 83, 82, 79, 83, 84, 81, 81, 82, 82, 80, 85, 82, 85, 82, 82, 80,
    81, 85, 83, 82, 85, 81, 84, 84, 84, 81, 85, 82, 84, 83, 81, 81, 81,
    83 ]
