%YAML:1.0
---
videoName: "headNod48.mp4"
gestureLabel: 202
fps: 29
pixelSizeInCmTemp: 2.8855421686746985e-01
faceCenterPointX: 264
faceCenterPointY: 72
headPositionsX: [ 263, 266, 265, 265, 262, 265, 264, 265, 266, 265, 263,
    263, 265, 265, 262, 265, 264, 262, 260, 264, 260, 262, 261, 261, 261,
    262, 258, 262, 264, 260, 260, 263, 263, 263, 260, 261, 263, 260, 263,
    265, 261, 264, 261, 264, 263, 261, 263, 261, 260, 261, 261, 261, 261,
    258, 262, 261, 260, 261, 264, 260, 263, 264, 262, 263, 264, 261, 262,
    262, 263, 262, 265, 266, 264, 266, 264, 267, 267, 266, 266, 266, 267,
    266, 267, 266, 268, 264, 264, 266, 263, 263, 266, 266, 268, 265, 266,
    265, 264, 264, 267, 267 ]
headPositionsY: [ 73, 73, 76, 76, 79, 76, 76, 69, 69, 67, 62, 61, 60, 63,
    68, 68, 74, 81, 84, 86, 89, 87, 85, 82, 77, 74, 68, 69, 65, 65, 63,
    68, 66, 67, 68, 74, 74, 75, 82, 80, 81, 80, 80, 77, 79, 75, 74, 71,
    73, 70, 73, 72, 76, 78, 79, 80, 75, 76, 76, 71, 73, 68, 70, 72, 72,
    75, 77, 76, 77, 76, 78, 75, 74, 72, 70, 70, 69, 68, 72, 72, 73, 75,
    72, 74, 75, 75, 74, 68, 71, 69, 74, 75, 73, 73, 71, 74, 73, 70, 74,
    72 ]
