%YAML:1.0
---
videoName: "headLookRight0.mp4"
gestureLabel: 204
fps: 29
pixelSizeInCmTemp: 3.1933333333333330e-01
faceCenterPointX: 229
faceCenterPointY: 68
headPositionsX: [ 229, 258, 257, 253, 258, 256, 255, 258, 254, 257, 257,
    258, 257, 257, 257, 255, 255, 256, 256, 258, 258, 257, 255, 254, 258,
    253, 258, 254, 257, 257, 254, 256, 256, 255, 255, 253, 253, 254, 255,
    255, 252, 249, 250, 245, 242, 238, 240, 235, 235, 237, 236, 236, 235,
    235, 233, 236, 234, 234, 235, 233, 236, 232, 231, 235, 230, 233, 235,
    231, 231, 235, 231, 238, 233, 237, 232, 233, 228, 231, 233, 228, 235,
    230, 232, 228, 231, 228, 233, 233, 227, 231, 231, 229, 229, 230, 229,
    229, 228, 232, 227, 229 ]
headPositionsY: [ 67, 65, 66, 67, 67, 63, 63, 62, 66, 65, 66, 66, 67, 68,
    65, 69, 66, 64, 68, 69, 67, 66, 68, 67, 67, 68, 70, 67, 67, 69, 66,
    67, 69, 66, 68, 69, 68, 68, 69, 69, 68, 68, 66, 66, 68, 66, 67, 69,
    66, 67, 68, 69, 68, 70, 68, 70, 66, 68, 69, 65, 66, 67, 67, 67, 67,
    68, 66, 70, 66, 66, 68, 68, 68, 70, 69, 66, 68, 69, 68, 68, 68, 70,
    69, 65, 68, 70, 70, 68, 65, 67, 69, 69, 69, 69, 68, 66, 70, 65, 67,
    67 ]
