%YAML:1.0
---
videoName: "headShake23.mp4"
gestureLabel: 201
fps: 29
pixelSizeInCmTemp: 3.2808219178082193e-01
faceCenterPointX: 240
faceCenterPointY: 77
headPositionsX: [ 239, 242, 244, 242, 244, 242, 241, 241, 240, 244, 244,
    242, 242, 243, 243, 242, 239, 239, 239, 239, 240, 240, 246, 247, 250,
    251, 252, 255, 253, 253, 254, 253, 252, 248, 250, 245, 241, 239, 236,
    232, 231, 232, 228, 228, 228, 229, 230, 234, 238, 239, 243, 245, 246,
    252, 252, 250, 250, 253, 253, 252, 249, 251, 248, 245, 242, 240, 237,
    237, 235, 234, 234, 233, 232, 235, 233, 233, 237, 237, 239, 238, 239,
    240, 241, 239, 245, 244, 244, 246, 245, 244, 246, 243, 247, 245, 244,
    243, 244, 243, 243, 241 ]
headPositionsY: [ 76, 77, 78, 75, 75, 77, 78, 76, 78, 74, 78, 79, 78, 79,
    77, 75, 74, 79, 75, 75, 76, 77, 78, 79, 77, 76, 78, 76, 74, 78, 74,
    76, 76, 76, 79, 80, 78, 79, 75, 78, 76, 77, 75, 77, 76, 79, 76, 79,
    78, 80, 76, 76, 78, 75, 75, 76, 78, 76, 75, 75, 79, 80, 79, 80, 77,
    81, 79, 79, 80, 76, 78, 77, 78, 76, 76, 77, 78, 78, 78, 79, 79, 80,
    79, 75, 75, 77, 76, 77, 79, 76, 78, 76, 80, 79, 79, 79, 79, 76, 76,
    76 ]
