%YAML:1.0
---
videoName: "headLookUp7.mp4"
gestureLabel: 205
fps: 29
pixelSizeInCmTemp: 3.6846153846153845e-01
faceCenterPointX: 257
faceCenterPointY: 70
headPositionsX: [ 258, 258, 257, 254, 254, 257, 256, 255, 255, 254, 257,
    254, 254, 256, 258, 258, 254, 256, 258, 256, 257, 256, 254, 258, 257,
    258, 256, 258, 254, 255, 253, 256, 257, 257, 255, 256, 259, 256, 255,
    255, 255, 258, 258, 256, 255, 254, 256, 259, 256, 258, 253, 258, 253,
    257, 258, 257, 254, 257, 256, 257, 256, 259, 254, 259, 257, 257, 254,
    257, 255, 257, 257, 254, 255, 254, 256, 259, 255, 254, 254, 259, 257,
    257, 255, 256, 255, 257, 256, 257, 257, 258, 257, 258, 258, 259, 256,
    259, 259, 256, 257, 257 ]
headPositionsY: [ 69, 83, 81, 81, 81, 85, 81, 84, 84, 82, 82, 82, 81, 83,
    83, 81, 82, 82, 82, 78, 79, 76, 75, 74, 76, 71, 72, 72, 69, 68, 68,
    71, 70, 71, 70, 72, 69, 71, 70, 69, 66, 70, 69, 66, 69, 70, 70, 66,
    66, 71, 70, 68, 68, 69, 66, 68, 68, 69, 69, 65, 68, 70, 68, 68, 69,
    69, 68, 71, 70, 70, 67, 66, 71, 71, 71, 68, 69, 68, 67, 67, 69, 72,
    67, 70, 67, 68, 68, 72, 70, 71, 68, 71, 69, 71, 70, 70, 70, 67, 68,
    70 ]
