%YAML:1.0
---
videoName: "headShake7.mp4"
gestureLabel: 201
fps: 29
pixelSizeInCmTemp: 3.3263888888888887e-01
faceCenterPointX: 244
faceCenterPointY: 72
headPositionsX: [ 242, 241, 244, 243, 243, 241, 244, 241, 243, 242, 246,
    246, 249, 252, 255, 256, 261, 262, 257, 256, 251, 248, 238, 233, 232,
    232, 234, 239, 247, 253, 257, 260, 258, 256, 256, 252, 245, 238, 231,
    231, 229, 228, 230, 237, 239, 245, 248, 252, 257, 253, 254, 248, 243,
    240, 238, 231, 232, 231, 230, 235, 240, 243, 247, 253, 256, 256, 257,
    256, 251, 253, 248, 245, 240, 235, 235, 233, 233, 235, 237, 240, 238,
    240, 245, 245, 246, 247, 246, 249, 247, 249, 245, 243, 245, 245, 244,
    246, 245, 242, 242, 243 ]
headPositionsY: [ 72, 71, 69, 69, 70, 69, 69, 70, 72, 74, 71, 71, 71, 67,
    71, 69, 70, 70, 69, 71, 72, 69, 69, 68, 71, 73, 71, 69, 70, 71, 69,
    69, 68, 71, 71, 68, 71, 69, 71, 69, 70, 70, 72, 72, 72, 70, 72, 68,
    68, 69, 68, 72, 73, 73, 72, 71, 73, 67, 68, 70, 73, 70, 70, 72, 70,
    68, 67, 67, 71, 69, 69, 73, 72, 71, 69, 70, 72, 70, 70, 73, 70, 69,
    73, 71, 72, 73, 73, 70, 72, 73, 72, 71, 71, 70, 73, 74, 73, 73, 70,
    74 ]
