%YAML:1.0
---
videoName: "headNod4.mp4"
gestureLabel: 202
fps: 29
pixelSizeInCmTemp: 3.2808219178082193e-01
faceCenterPointX: 264
faceCenterPointY: 72
headPositionsX: [ 262, 268, 271, 268, 271, 271, 271, 267, 272, 271, 271,
    267, 271, 270, 268, 266, 268, 271, 266, 268, 266, 267, 270, 269, 266,
    266, 267, 269, 266, 270, 269, 265, 269, 268, 265, 268, 265, 268, 266,
    268, 267, 270, 267, 267, 268, 269, 266, 267, 270, 267, 269, 266, 265,
    268, 266, 268, 266, 264, 266, 265, 263, 268, 263, 267, 266, 263, 267,
    263, 267, 267, 267, 266, 267, 266, 264, 263, 264, 265, 267, 267, 264,
    263, 264, 263, 263, 265, 262, 265, 263, 264, 262, 267, 263, 264, 266,
    267, 264, 266, 265, 264 ]
headPositionsY: [ 71, 72, 73, 73, 73, 75, 74, 73, 75, 75, 74, 72, 75, 76,
    75, 74, 74, 75, 74, 74, 73, 74, 72, 75, 72, 76, 73, 73, 72, 76, 72,
    76, 74, 76, 73, 76, 76, 74, 73, 75, 74, 76, 73, 74, 71, 71, 69, 64,
    65, 63, 68, 70, 74, 77, 75, 80, 82, 83, 81, 79, 72, 70, 68, 67, 70,
    71, 76, 78, 82, 83, 85, 80, 79, 76, 74, 71, 72, 69, 71, 66, 71, 71,
    76, 75, 81, 83, 82, 84, 81, 82, 80, 79, 78, 78, 78, 77, 74, 74, 71,
    72 ]
