%YAML:1.0
---
videoName: "headShake25.mp4"
gestureLabel: 201
fps: 30
pixelSizeInCmTemp: 3.2364864864864862e-01
faceCenterPointX: 241
faceCenterPointY: 79
headPositionsX: [ 240, 256, 256, 255, 251, 252, 251, 248, 247, 243, 242,
    237, 238, 233, 230, 233, 231, 228, 228, 231, 232, 232, 234, 237, 240,
    242, 243, 247, 248, 247, 250, 250, 249, 248, 246, 246, 244, 238, 236,
    236, 234, 232, 231, 228, 232, 229, 232, 233, 231, 238, 237, 242, 244,
    245, 249, 247, 248, 249, 249, 251, 251, 248, 248, 248, 243, 242, 241,
    236, 236, 237, 234, 237, 236, 236, 234, 237, 237, 233, 236, 239, 240,
    241, 239, 243, 241, 240, 240, 244, 241, 244, 242, 240, 241, 241, 239,
    243, 244, 240, 242, 242 ]
headPositionsY: [ 80, 77, 75, 77, 76, 75, 76, 76, 79, 78, 77, 77, 77, 79,
    75, 77, 76, 80, 77, 76, 77, 80, 76, 80, 80, 80, 81, 76, 79, 80, 78,
    78, 78, 78, 79, 80, 81, 76, 80, 79, 78, 79, 76, 76, 78, 80, 78, 79,
    76, 79, 80, 80, 78, 77, 77, 80, 81, 79, 79, 80, 77, 78, 81, 78, 81,
    79, 78, 79, 80, 80, 76, 77, 77, 76, 79, 78, 79, 78, 77, 77, 79, 78,
    80, 77, 78, 81, 77, 80, 81, 81, 81, 81, 78, 80, 79, 78, 81, 81, 79,
    80 ]
