%YAML:1.0
---
videoName: "headNod30.mp4"
gestureLabel: 202
fps: 29
pixelSizeInCmTemp: 3.2364864864864862e-01
faceCenterPointX: 271
faceCenterPointY: 72
headPositionsX: [ 270, 271, 269, 274, 274, 272, 270, 274, 272, 271, 274,
    269, 273, 272, 274, 273, 271, 273, 272, 271, 273, 272, 272, 271, 270,
    273, 275, 274, 270, 272, 274, 271, 272, 271, 270, 268, 273, 269, 272,
    268, 272, 269, 272, 269, 270, 271, 267, 270, 267, 268, 267, 268, 271,
    269, 270, 270, 270, 269, 269, 271, 273, 269, 269, 273, 272, 273, 269,
    269, 272, 272, 269, 272, 271, 273, 270, 270, 271, 271, 270, 270, 271,
    273, 271, 270, 270, 273, 270, 273, 272, 271, 271, 274, 272, 273, 273,
    274, 270, 273, 271, 271 ]
headPositionsY: [ 72, 76, 77, 74, 77, 76, 73, 77, 74, 73, 73, 74, 73, 77,
    78, 74, 77, 77, 77, 75, 74, 73, 73, 72, 67, 68, 69, 68, 70, 70, 74,
    76, 77, 82, 81, 80, 79, 76, 73, 75, 71, 69, 71, 71, 75, 74, 77, 80,
    79, 79, 79, 74, 74, 73, 69, 72, 69, 71, 71, 74, 75, 78, 75, 75, 76,
    75, 71, 67, 70, 69, 69, 70, 70, 74, 74, 72, 76, 75, 76, 72, 73, 73,
    69, 69, 72, 72, 69, 70, 72, 73, 72, 76, 76, 72, 75, 73, 74, 74, 74,
    71 ]
