%YAML:1.0
---
videoName: "headNod13.mp4"
gestureLabel: 202
fps: 29
pixelSizeInCmTemp: 3.2364864864864862e-01
faceCenterPointX: 253
faceCenterPointY: 79
headPositionsX: [ 254, 249, 250, 255, 254, 253, 253, 251, 252, 252, 254,
    254, 253, 256, 256, 253, 256, 255, 256, 256, 254, 254, 255, 254, 253,
    255, 256, 251, 255, 251, 256, 253, 254, 254, 253, 254, 255, 254, 253,
    255, 255, 254, 252, 255, 251, 254, 251, 251, 255, 254, 255, 253, 254,
    256, 253, 254, 254, 253, 255, 253, 252, 254, 254, 255, 253, 253, 255,
    254, 256, 255, 253, 252, 255, 256, 253, 254, 253, 256, 252, 252, 252,
    257, 256, 252, 253, 256, 256, 256, 253, 257, 253, 254, 256, 252, 252,
    254, 255, 252, 251, 252 ]
headPositionsY: [ 81, 73, 71, 76, 75, 72, 75, 71, 75, 72, 72, 71, 74, 72,
    75, 73, 72, 72, 75, 72, 73, 72, 73, 74, 76, 74, 73, 71, 75, 74, 73,
    72, 75, 74, 74, 74, 72, 74, 76, 74, 76, 76, 76, 74, 75, 76, 76, 75,
    75, 71, 70, 67, 69, 68, 70, 71, 72, 74, 77, 77, 81, 81, 76, 75, 75,
    70, 70, 70, 69, 71, 71, 71, 74, 75, 80, 80, 80, 78, 76, 78, 73, 74,
    71, 71, 74, 76, 74, 79, 78, 78, 80, 79, 80, 80, 78, 79, 81, 76, 78,
    76 ]
