%YAML:1.0
---
videoName: "headShake9.mp4"
gestureLabel: 201
fps: 30
pixelSizeInCmTemp: 3.2808219178082193e-01
faceCenterPointX: 243
faceCenterPointY: 73
headPositionsX: [ 243, 244, 245, 240, 241, 243, 246, 245, 244, 242, 245,
    245, 242, 241, 245, 244, 243, 243, 245, 241, 240, 245, 245, 245, 241,
    243, 241, 245, 242, 242, 243, 242, 241, 243, 244, 243, 242, 245, 242,
    242, 245, 250, 255, 258, 261, 261, 264, 265, 262, 255, 255, 248, 245,
    240, 235, 232, 229, 227, 230, 237, 240, 248, 252, 255, 259, 260, 260,
    258, 254, 249, 242, 240, 235, 230, 230, 227, 227, 231, 237, 241, 247,
    249, 250, 251, 250, 248, 251, 249, 250, 245, 247, 243, 245, 245, 245,
    241, 246, 246, 243, 243 ]
headPositionsY: [ 71, 73, 71, 72, 74, 72, 72, 74, 70, 74, 70, 71, 72, 72,
    72, 74, 72, 72, 72, 71, 72, 72, 70, 71, 70, 74, 71, 70, 71, 74, 71,
    70, 74, 72, 71, 72, 74, 73, 71, 75, 70, 71, 71, 70, 69, 71, 69, 69,
    72, 69, 73, 71, 73, 72, 73, 72, 72, 74, 75, 73, 73, 73, 73, 69, 67,
    68, 68, 69, 71, 72, 70, 74, 72, 70, 73, 71, 73, 72, 73, 74, 73, 75,
    74, 70, 74, 72, 70, 71, 73, 73, 75, 73, 76, 73, 75, 73, 71, 73, 74,
    72 ]
