%YAML:1.0
---
videoName: "headNod15.mp4"
gestureLabel: 202
fps: 29
pixelSizeInCmTemp: 3.1933333333333330e-01
faceCenterPointX: 255
faceCenterPointY: 74
headPositionsX: [ 254, 257, 260, 256, 259, 259, 257, 259, 254, 258, 257,
    255, 256, 256, 254, 257, 254, 257, 253, 255, 258, 256, 257, 256, 256,
    255, 255, 255, 256, 256, 254, 256, 255, 255, 257, 257, 254, 254, 256,
    257, 257, 255, 257, 254, 255, 252, 253, 253, 254, 255, 253, 255, 255,
    253, 256, 255, 256, 255, 254, 256, 256, 255, 254, 257, 254, 257, 255,
    254, 257, 253, 257, 254, 257, 255, 255, 251, 251, 253, 255, 254, 252,
    252, 253, 254, 253, 254, 253, 255, 252, 253, 253, 254, 251, 256, 254,
    255, 254, 252, 254, 254 ]
headPositionsY: [ 76, 72, 72, 72, 71, 74, 75, 75, 74, 76, 74, 72, 72, 74,
    73, 76, 74, 73, 74, 75, 74, 76, 75, 72, 74, 75, 72, 73, 73, 75, 74,
    72, 74, 74, 75, 77, 75, 79, 78, 81, 82, 82, 78, 75, 74, 70, 71, 70,
    71, 72, 79, 82, 80, 81, 77, 79, 74, 70, 70, 71, 72, 75, 76, 78, 79,
    83, 84, 83, 81, 76, 72, 71, 72, 70, 73, 75, 75, 79, 77, 77, 73, 71,
    73, 71, 70, 70, 71, 71, 71, 75, 75, 72, 74, 72, 72, 74, 71, 71, 74,
    74 ]
