%YAML:1.0
---
videoName: "headNod12.mp4"
gestureLabel: 202
fps: 29
pixelSizeInCmTemp: 3.2808219178082193e-01
faceCenterPointX: 254
faceCenterPointY: 69
headPositionsX: [ 256, 255, 251, 253, 252, 255, 255, 253, 253, 254, 257,
    258, 254, 255, 257, 257, 257, 257, 258, 259, 256, 255, 255, 257, 256,
    254, 257, 257, 256, 253, 257, 255, 255, 256, 253, 256, 254, 255, 254,
    254, 252, 255, 253, 253, 252, 254, 253, 255, 252, 256, 252, 254, 252,
    256, 254, 255, 256, 252, 254, 254, 252, 255, 256, 253, 256, 252, 256,
    256, 256, 255, 253, 253, 254, 256, 255, 252, 256, 254, 255, 255, 255,
    254, 254, 254, 253, 255, 252, 257, 252, 254, 254, 256, 254, 256, 255,
    255, 256, 255, 252, 254 ]
headPositionsY: [ 71, 74, 74, 72, 72, 74, 75, 74, 75, 74, 73, 73, 73, 71,
    72, 71, 74, 75, 75, 75, 74, 72, 75, 73, 74, 74, 75, 74, 75, 73, 73,
    73, 76, 73, 75, 73, 72, 66, 66, 64, 65, 64, 65, 61, 63, 67, 69, 73,
    72, 73, 75, 81, 78, 75, 75, 71, 70, 69, 64, 67, 65, 61, 64, 64, 67,
    66, 68, 73, 73, 75, 74, 75, 76, 73, 73, 68, 68, 66, 69, 68, 67, 64,
    65, 66, 70, 70, 68, 70, 75, 72, 74, 73, 71, 70, 74, 70, 72, 71, 68,
    69 ]
