%YAML:1.0
---
videoName: "headShake1.mp4"
gestureLabel: 201
fps: 29
pixelSizeInCmTemp: 3.3263888888888887e-01
faceCenterPointX: 279
faceCenterPointY: 98
headPositionsX: [ 279, 281, 278, 281, 276, 279, 277, 280, 279, 281, 280,
    281, 280, 277, 277, 281, 279, 277, 281, 279, 278, 277, 277, 280, 277,
    281, 278, 282, 282, 285, 287, 290, 291, 291, 291, 292, 290, 290, 285,
    280, 279, 275, 272, 269, 267, 268, 269, 277, 282, 286, 289, 289, 290,
    291, 289, 285, 285, 278, 272, 271, 267, 265, 270, 268, 271, 276, 283,
    285, 289, 291, 294, 292, 288, 287, 283, 279, 278, 273, 274, 271, 270,
    274, 270, 271, 273, 277, 277, 278, 277, 277, 280, 279, 278, 279, 278,
    280, 280, 281, 277, 281 ]
headPositionsY: [ 100, 97, 96, 99, 99, 99, 97, 99, 98, 95, 97, 97, 98,
    96, 94, 98, 98, 99, 97, 96, 98, 97, 97, 96, 99, 97, 99, 98, 96, 96,
    98, 98, 96, 95, 98, 96, 95, 94, 95, 97, 97, 98, 97, 95, 98, 96, 94,
    95, 96, 93, 96, 96, 98, 98, 93, 98, 99, 97, 98, 95, 95, 95, 96, 95,
    95, 98, 95, 96, 98, 97, 97, 97, 98, 96, 95, 96, 99, 97, 95, 95, 97,
    96, 97, 99, 96, 96, 99, 99, 98, 99, 98, 95, 96, 99, 98, 97, 99, 98,
    95, 98 ]
