%YAML:1.0
---
videoName: "headShake34.mp4"
gestureLabel: 201
fps: 29
pixelSizeInCmTemp: 3.2364864864864862e-01
faceCenterPointX: 263
faceCenterPointY: 83
headPositionsX: [ 261, 262, 264, 266, 261, 262, 264, 263, 261, 266, 263,
    264, 262, 262, 264, 263, 266, 263, 264, 266, 265, 265, 263, 265, 266,
    265, 262, 263, 264, 264, 263, 263, 264, 263, 262, 264, 267, 266, 268,
    269, 269, 272, 274, 278, 277, 278, 279, 276, 279, 274, 271, 270, 265,
    259, 257, 253, 252, 255, 251, 253, 259, 258, 266, 268, 270, 272, 270,
    270, 265, 260, 256, 254, 257, 254, 253, 259, 260, 262, 264, 263, 264,
    266, 267, 263, 263, 266, 267, 267, 265, 264, 265, 263, 264, 265, 262,
    263, 264, 266, 261, 264 ]
headPositionsY: [ 81, 83, 85, 81, 80, 86, 80, 83, 81, 84, 84, 84, 85, 85,
    82, 83, 82, 85, 85, 83, 81, 83, 84, 82, 84, 83, 84, 83, 86, 85, 83,
    83, 83, 83, 84, 84, 85, 81, 83, 81, 84, 82, 82, 80, 80, 80, 83, 82,
    79, 84, 80, 84, 82, 81, 81, 83, 82, 80, 80, 84, 82, 83, 81, 80, 85,
    81, 84, 82, 84, 83, 83, 83, 81, 81, 81, 82, 81, 84, 83, 82, 85, 84,
    82, 81, 85, 86, 83, 85, 82, 86, 83, 85, 84, 83, 83, 84, 84, 84, 86,
    85 ]
