%YAML:1.0
---
videoName: "headLookLeft4.mp4"
gestureLabel: 203
fps: 29
pixelSizeInCmTemp: 3.4710144927536229e-01
faceCenterPointX: 288
faceCenterPointY: 74
headPositionsX: [ 286, 265, 265, 267, 267, 266, 267, 270, 273, 271, 278,
    278, 282, 284, 288, 290, 295, 296, 295, 294, 295, 295, 295, 297, 289,
    296, 295, 299, 299, 292, 292, 294, 295, 293, 292, 296, 292, 296, 297,
    292, 292, 290, 295, 295, 292, 291, 288, 294, 291, 291, 292, 288, 293,
    289, 291, 289, 287, 291, 290, 291, 291, 288, 289, 288, 287, 294, 289,
    287, 285, 290, 287, 291, 290, 292, 288, 290, 293, 287, 295, 290, 290,
    288, 291, 293, 290, 293, 291, 290, 290, 293, 292, 291, 289, 286, 291,
    286, 290, 289, 286, 291 ]
headPositionsY: [ 75, 78, 80, 80, 79, 79, 80, 79, 78, 77, 79, 79, 77, 76,
    77, 77, 75, 77, 75, 79, 76, 76, 73, 75, 73, 74, 74, 77, 75, 77, 75,
    80, 78, 78, 75, 74, 78, 72, 78, 75, 77, 72, 75, 74, 73, 74, 76, 77,
    73, 73, 76, 76, 72, 72, 73, 73, 76, 73, 72, 73, 73, 73, 75, 76, 74,
    73, 73, 75, 74, 73, 76, 75, 75, 78, 73, 74, 76, 72, 78, 76, 75, 74,
    78, 75, 72, 72, 74, 77, 74, 77, 78, 77, 76, 76, 73, 74, 75, 73, 72,
    75 ]
