%YAML:1.0
---
videoName: "headShake26.mp4"
gestureLabel: 201
fps: 30
pixelSizeInCmTemp: 3.2808219178082193e-01
faceCenterPointX: 243
faceCenterPointY: 78
headPositionsX: [ 242, 241, 240, 239, 240, 241, 245, 245, 247, 249, 250,
    249, 250, 251, 252, 254, 253, 250, 245, 243, 242, 237, 236, 234, 231,
    227, 229, 228, 232, 233, 233, 237, 241, 239, 246, 247, 248, 249, 251,
    255, 256, 250, 251, 249, 244, 239, 238, 233, 233, 232, 231, 227, 227,
    231, 233, 235, 235, 241, 240, 246, 247, 250, 252, 252, 252, 250, 249,
    251, 248, 247, 243, 244, 240, 239, 240, 237, 236, 235, 238, 236, 237,
    239, 240, 241, 241, 239, 240, 241, 241, 243, 243, 246, 244, 242, 244,
    244, 245, 244, 244, 243 ]
headPositionsY: [ 76, 79, 78, 75, 75, 78, 77, 78, 78, 75, 77, 80, 78, 79,
    76, 80, 78, 77, 76, 80, 80, 77, 79, 79, 78, 78, 75, 77, 77, 75, 77,
    78, 75, 76, 78, 75, 79, 75, 77, 76, 79, 80, 77, 77, 76, 78, 79, 79,
    76, 76, 77, 73, 76, 76, 76, 78, 81, 79, 79, 78, 80, 77, 78, 77, 76,
    75, 77, 79, 80, 80, 80, 80, 80, 79, 79, 81, 77, 76, 76, 78, 76, 81,
    78, 80, 78, 80, 77, 79, 80, 79, 77, 78, 79, 78, 77, 78, 80, 76, 77,
    81 ]
