%YAML:1.0
---
videoName: "headNod10.mp4"
gestureLabel: 202
fps: 29
pixelSizeInCmTemp: 3.2808219178082193e-01
faceCenterPointX: 260
faceCenterPointY: 67
headPositionsX: [ 260, 259, 257, 259, 260, 257, 258, 260, 260, 260, 257,
    260, 259, 256, 257, 256, 257, 258, 257, 258, 260, 260, 257, 260, 258,
    260, 261, 260, 256, 258, 257, 259, 261, 259, 260, 258, 260, 260, 258,
    258, 259, 257, 261, 261, 260, 259, 262, 258, 261, 261, 262, 259, 258,
    260, 261, 260, 259, 260, 258, 261, 263, 260, 260, 263, 261, 259, 259,
    259, 261, 260, 260, 258, 259, 257, 261, 260, 257, 261, 260, 259, 258,
    257, 257, 258, 260, 261, 258, 258, 262, 260, 260, 258, 258, 262, 258,
    261, 261, 263, 260, 263 ]
headPositionsY: [ 69, 72, 71, 68, 70, 72, 69, 69, 70, 70, 69, 71, 71, 69,
    71, 67, 70, 72, 72, 70, 71, 70, 68, 70, 70, 70, 70, 68, 68, 70, 71,
    72, 69, 69, 71, 69, 71, 71, 69, 69, 71, 72, 70, 72, 68, 69, 66, 62,
    63, 64, 64, 65, 66, 71, 76, 75, 72, 71, 67, 67, 67, 63, 62, 67, 64,
    68, 73, 72, 76, 74, 72, 75, 70, 65, 66, 67, 67, 68, 67, 70, 73, 76,
    74, 75, 70, 69, 68, 69, 68, 65, 64, 66, 68, 68, 65, 66, 69, 69, 67,
    70 ]
