%YAML:1.0
---
videoName: "headNod41.mp4"
gestureLabel: 202
fps: 29
pixelSizeInCmTemp: 2.9937500000000000e-01
faceCenterPointX: 267
faceCenterPointY: 76
headPositionsX: [ 269, 271, 269, 268, 270, 271, 271, 272, 272, 271, 268,
    269, 272, 271, 269, 268, 271, 271, 271, 269, 271, 273, 269, 272, 268,
    271, 270, 267, 267, 272, 269, 272, 270, 271, 270, 268, 268, 269, 272,
    270, 272, 272, 268, 267, 271, 267, 267, 267, 271, 265, 268, 267, 269,
    270, 269, 268, 267, 270, 267, 269, 271, 270, 271, 268, 266, 270, 269,
    268, 269, 270, 269, 269, 269, 266, 267, 269, 267, 266, 266, 265, 270,
    265, 270, 268, 266, 267, 265, 266, 267, 270, 269, 269, 266, 268, 266,
    266, 267, 268, 268, 267 ]
headPositionsY: [ 77, 73, 74, 74, 74, 73, 71, 75, 75, 72, 75, 74, 74, 74,
    75, 74, 72, 73, 72, 75, 74, 76, 74, 74, 74, 76, 75, 75, 74, 73, 75,
    74, 74, 71, 75, 73, 73, 76, 75, 78, 78, 85, 87, 88, 92, 93, 89, 86,
    84, 80, 76, 68, 71, 66, 64, 66, 64, 68, 70, 77, 81, 84, 94, 91, 92,
    89, 85, 82, 77, 74, 73, 70, 69, 69, 72, 76, 79, 84, 83, 82, 83, 80,
    75, 73, 72, 74, 76, 72, 74, 72, 76, 81, 77, 79, 80, 76, 76, 75, 77,
    77 ]
