%YAML:1.0
---
videoName: "headShake2.mp4"
gestureLabel: 201
fps: 29
pixelSizeInCmTemp: 3.4214285714285714e-01
faceCenterPointX: 276
faceCenterPointY: 98
headPositionsX: [ 274, 280, 275, 279, 276, 277, 277, 278, 275, 278, 276,
    279, 276, 276, 278, 276, 275, 279, 276, 276, 275, 277, 277, 279, 280,
    278, 279, 276, 279, 276, 278, 277, 275, 276, 279, 279, 278, 275, 279,
    275, 278, 277, 282, 282, 288, 288, 291, 293, 296, 294, 289, 288, 285,
    279, 272, 270, 264, 263, 264, 266, 272, 279, 283, 289, 291, 289, 292,
    288, 282, 281, 276, 270, 267, 270, 269, 273, 274, 277, 283, 284, 287,
    288, 287, 283, 285, 281, 278, 279, 277, 277, 277, 276, 278, 274, 274,
    277, 273, 274, 277, 274 ]
headPositionsY: [ 100, 98, 100, 97, 99, 96, 97, 97, 96, 96, 98, 98, 97,
    100, 98, 96, 100, 101, 99, 99, 99, 100, 100, 96, 101, 96, 98, 96, 98,
    97, 97, 100, 97, 98, 99, 99, 99, 97, 101, 101, 97, 99, 96, 99, 97,
    97, 95, 97, 96, 99, 94, 95, 96, 100, 99, 97, 96, 100, 98, 95, 98, 98,
    95, 97, 96, 97, 98, 98, 96, 98, 100, 99, 99, 100, 97, 97, 96, 97, 98,
    99, 99, 99, 97, 97, 98, 100, 101, 97, 101, 101, 99, 98, 100, 98, 98,
    98, 97, 102, 98, 100 ]
