%YAML:1.0
---
videoName: "headLookRight5.mp4"
gestureLabel: 204
fps: 29
pixelSizeInCmTemp: 3.1513157894736843e-01
faceCenterPointX: 228
faceCenterPointY: 76
headPositionsX: [ 227, 251, 249, 252, 249, 251, 247, 249, 251, 249, 247,
    247, 248, 248, 252, 251, 250, 252, 251, 248, 250, 247, 250, 249, 248,
    252, 250, 250, 252, 247, 249, 250, 245, 247, 243, 240, 239, 235, 235,
    230, 232, 229, 226, 224, 223, 227, 227, 222, 227, 229, 227, 225, 223,
    228, 226, 226, 223, 224, 226, 225, 227, 220, 225, 228, 229, 229, 226,
    226, 228, 228, 224, 223, 223, 229, 223, 227, 225, 227, 224, 223, 221,
    227, 224, 223, 225, 228, 229, 221, 225, 227, 222, 227, 224, 228, 226,
    223, 227, 225, 227, 226 ]
headPositionsY: [ 77, 73, 74, 77, 76, 74, 76, 74, 77, 72, 74, 76, 73, 74,
    75, 74, 75, 73, 77, 75, 74, 76, 74, 75, 75, 74, 74, 77, 76, 75, 72,
    77, 74, 73, 76, 74, 74, 73, 76, 74, 75, 72, 75, 74, 73, 73, 75, 74,
    76, 75, 72, 74, 73, 73, 74, 75, 73, 73, 74, 77, 78, 72, 77, 73, 74,
    77, 75, 76, 76, 76, 72, 76, 73, 74, 74, 71, 71, 74, 73, 70, 75, 76,
    75, 75, 74, 74, 73, 75, 76, 73, 71, 74, 74, 77, 73, 73, 75, 76, 73,
    73 ]
