%YAML:1.0
---
videoName: "headShake0.mp4"
gestureLabel: 201
fps: 29
pixelSizeInCmTemp: 3.2808219178082193e-01
faceCenterPointX: 279
faceCenterPointY: 94
headPositionsX: [ 278, 279, 280, 277, 279, 279, 281, 280, 279, 279, 281,
    281, 278, 279, 279, 280, 280, 279, 277, 281, 280, 278, 277, 278, 280,
    280, 281, 280, 278, 279, 280, 280, 281, 280, 280, 277, 279, 279, 278,
    280, 281, 280, 287, 288, 294, 293, 301, 301, 302, 300, 299, 291, 287,
    283, 276, 277, 274, 271, 276, 279, 280, 287, 290, 289, 292, 288, 284,
    284, 280, 277, 273, 270, 275, 275, 277, 284, 284, 286, 285, 282, 278,
    277, 275, 277, 275, 276, 276, 277, 280, 276, 279, 277, 281, 280, 281,
    277, 279, 278, 277, 277 ]
headPositionsY: [ 95, 93, 91, 94, 95, 93, 93, 95, 93, 92, 94, 93, 95, 91,
    92, 94, 95, 95, 91, 95, 94, 93, 92, 94, 91, 91, 93, 91, 95, 92, 92,
    92, 91, 93, 92, 93, 92, 91, 92, 93, 95, 93, 93, 89, 90, 90, 89, 89,
    94, 89, 89, 90, 92, 94, 91, 94, 91, 93, 91, 93, 94, 92, 92, 91, 94,
    90, 92, 95, 94, 95, 92, 93, 94, 94, 93, 91, 95, 92, 95, 93, 96, 93,
    92, 95, 94, 94, 93, 95, 95, 94, 96, 93, 96, 94, 94, 95, 97, 96, 93,
    96 ]
