%YAML:1.0
---
videoName: "headShake41.mp4"
gestureLabel: 201
fps: 29
pixelSizeInCmTemp: 3.2364864864864862e-01
faceCenterPointX: 264
faceCenterPointY: 85
headPositionsX: [ 262, 260, 263, 260, 261, 262, 262, 260, 260, 260, 260,
    262, 263, 260, 261, 259, 263, 261, 263, 262, 261, 263, 262, 266, 267,
    269, 271, 271, 274, 279, 277, 277, 279, 284, 280, 280, 280, 279, 280,
    277, 275, 269, 265, 261, 256, 256, 253, 250, 248, 248, 244, 245, 244,
    248, 246, 248, 251, 252, 256, 260, 266, 267, 269, 273, 276, 279, 279,
    280, 277, 278, 277, 274, 273, 273, 273, 266, 269, 268, 266, 264, 264,
    262, 262, 263, 263, 263, 260, 263, 263, 263, 263, 264, 262, 264, 260,
    260, 265, 264, 264, 263 ]
headPositionsY: [ 86, 81, 84, 83, 83, 81, 84, 83, 83, 80, 82, 82, 83, 83,
    83, 85, 86, 83, 86, 83, 86, 86, 82, 85, 82, 83, 80, 80, 79, 79, 83,
    81, 81, 81, 79, 81, 79, 80, 83, 82, 82, 85, 83, 83, 84, 85, 82, 82,
    83, 81, 84, 84, 80, 86, 86, 83, 81, 83, 87, 83, 84, 85, 85, 84, 84,
    84, 83, 84, 85, 86, 86, 82, 82, 86, 83, 84, 87, 85, 84, 83, 86, 82,
    82, 83, 86, 83, 84, 87, 84, 85, 85, 83, 84, 83, 85, 86, 85, 83, 86,
    87 ]
