%YAML:1.0
---
videoName: "headNod15.mp4"
gestureLabel: 202
fps: 29
pixelSizeInCmTemp: 3.1933333333333330e-01
faceCenterPointX: 255
faceCenterPointY: 74
headPositionsX: [ 254, 257, 259, 256, 256, 258, 256, 256, 255, 259, 256,
    257, 256, 255, 255, 255, 254, 258, 253, 254, 255, 254, 253, 257, 258,
    255, 255, 257, 256, 254, 253, 256, 254, 256, 255, 258, 256, 256, 257,
    257, 258, 253, 256, 256, 257, 252, 255, 254, 256, 256, 255, 257, 255,
    256, 254, 255, 254, 252, 255, 253, 256, 254, 255, 257, 257, 257, 256,
    255, 255, 255, 253, 256, 254, 255, 255, 255, 252, 255, 253, 254, 251,
    253, 252, 253, 256, 254, 254, 252, 254, 256, 252, 254, 254, 253, 255,
    256, 253, 252, 256, 256 ]
headPositionsY: [ 73, 73, 73, 71, 71, 75, 73, 75, 74, 74, 73, 73, 72, 75,
    75, 74, 75, 75, 72, 72, 75, 76, 75, 74, 72, 73, 72, 74, 73, 71, 73,
    73, 75, 71, 76, 77, 76, 78, 80, 80, 84, 84, 80, 79, 75, 70, 69, 68,
    72, 72, 77, 80, 82, 84, 77, 78, 73, 70, 70, 68, 68, 71, 75, 77, 80,
    81, 82, 81, 81, 74, 74, 69, 72, 70, 71, 73, 74, 79, 79, 77, 73, 71,
    71, 69, 68, 69, 69, 70, 74, 72, 72, 75, 71, 70, 72, 75, 75, 72, 74,
    72 ]
