%YAML:1.0
---
videoName: "headLookRight3.mp4"
gestureLabel: 204
fps: 29
pixelSizeInCmTemp: 3.5746268656716418e-01
faceCenterPointX: 232
faceCenterPointY: 71
headPositionsX: [ 233, 252, 254, 255, 254, 253, 251, 255, 251, 256, 252,
    255, 254, 255, 252, 254, 252, 256, 253, 253, 254, 253, 252, 255, 254,
    253, 254, 255, 254, 254, 254, 254, 255, 253, 252, 256, 253, 252, 251,
    252, 253, 248, 245, 245, 243, 242, 241, 237, 235, 235, 234, 233, 231,
    234, 233, 235, 235, 233, 231, 231, 232, 230, 234, 233, 234, 230, 233,
    231, 233, 230, 232, 234, 233, 232, 230, 233, 234, 232, 230, 232, 236,
    231, 231, 233, 231, 231, 232, 232, 235, 234, 233, 232, 234, 230, 231,
    231, 231, 234, 236, 233 ]
headPositionsY: [ 73, 67, 71, 69, 71, 70, 70, 72, 68, 69, 71, 70, 72, 72,
    68, 73, 70, 71, 72, 71, 69, 70, 72, 73, 70, 72, 72, 72, 73, 71, 72,
    73, 69, 71, 72, 73, 70, 70, 71, 72, 70, 71, 69, 70, 68, 68, 69, 71,
    73, 70, 72, 71, 72, 70, 70, 74, 70, 71, 69, 74, 71, 73, 72, 71, 73,
    71, 74, 70, 69, 73, 71, 71, 72, 73, 73, 73, 71, 72, 71, 74, 71, 73,
    73, 74, 74, 70, 69, 69, 71, 70, 72, 69, 71, 71, 71, 71, 73, 69, 71,
    70 ]
