%YAML:1.0
---
videoName: "headLookUp4.mp4"
gestureLabel: 205
fps: 30
pixelSizeInCmTemp: 3.6846153846153845e-01
faceCenterPointX: 256
faceCenterPointY: 68
headPositionsX: [ 255, 254, 255, 258, 258, 254, 254, 258, 258, 258, 255,
    258, 258, 257, 256, 254, 257, 254, 255, 257, 255, 254, 257, 255, 255,
    258, 256, 256, 256, 255, 259, 256, 254, 256, 256, 256, 255, 256, 254,
    257, 256, 256, 254, 255, 258, 256, 254, 253, 256, 256, 257, 255, 256,
    254, 258, 255, 258, 257, 255, 253, 257, 253, 255, 258, 258, 258, 258,
    256, 256, 257, 258, 257, 254, 259, 254, 256, 255, 257, 254, 256, 254,
    257, 254, 257, 255, 255, 259, 252, 257, 258, 259, 258, 256, 254, 255,
    256, 257, 259, 253, 256 ]
headPositionsY: [ 69, 81, 83, 81, 82, 80, 81, 84, 84, 84, 82, 84, 81, 84,
    82, 81, 81, 83, 80, 81, 80, 83, 78, 79, 80, 75, 74, 75, 74, 71, 69,
    67, 71, 70, 70, 68, 66, 67, 71, 69, 69, 71, 66, 70, 70, 67, 67, 69,
    71, 66, 68, 71, 71, 67, 70, 71, 68, 69, 66, 68, 69, 65, 67, 68, 69,
    72, 69, 72, 68, 69, 67, 70, 70, 71, 68, 68, 68, 71, 65, 70, 70, 66,
    70, 71, 68, 66, 71, 68, 70, 72, 68, 71, 69, 69, 68, 67, 69, 71, 69,
    68 ]
