%YAML:1.0
---
videoName: "headLookUp8.mp4"
gestureLabel: 205
fps: 29
pixelSizeInCmTemp: 3.4214285714285714e-01
faceCenterPointX: 253
faceCenterPointY: 59
headPositionsX: [ 255, 253, 253, 251, 250, 253, 256, 254, 252, 251, 251,
    253, 254, 251, 254, 250, 254, 251, 253, 252, 249, 254, 251, 252, 251,
    253, 253, 254, 252, 250, 254, 251, 253, 250, 251, 254, 250, 250, 251,
    253, 253, 252, 253, 254, 254, 254, 250, 254, 251, 250, 253, 254, 251,
    250, 254, 254, 252, 254, 251, 254, 253, 254, 252, 252, 255, 255, 250,
    254, 253, 255, 251, 251, 254, 251, 250, 252, 252, 253, 253, 251, 252,
    254, 253, 252, 254, 252, 251, 255, 252, 252, 255, 254, 253, 251, 255,
    251, 251, 253, 253, 254 ]
headPositionsY: [ 58, 76, 76, 77, 76, 78, 79, 78, 75, 76, 77, 73, 75, 73,
    76, 74, 73, 70, 72, 69, 68, 68, 69, 69, 65, 69, 66, 66, 63, 63, 65,
    60, 62, 62, 61, 63, 60, 58, 59, 61, 60, 59, 58, 59, 59, 60, 60, 59,
    58, 58, 59, 57, 57, 58, 60, 60, 60, 58, 59, 60, 56, 60, 57, 61, 61,
    60, 58, 57, 60, 57, 60, 57, 60, 57, 61, 57, 61, 59, 61, 61, 57, 58,
    57, 59, 59, 58, 58, 58, 61, 58, 60, 59, 57, 60, 61, 59, 61, 61, 61,
    57 ]
