%YAML:1.0
---
videoName: "headLookLeft4.mp4"
gestureLabel: 203
fps: 29
pixelSizeInCmTemp: 3.4710144927536229e-01
faceCenterPointX: 288
faceCenterPointY: 74
headPositionsX: [ 289, 262, 268, 264, 264, 268, 266, 270, 272, 273, 275,
    279, 281, 286, 288, 291, 296, 296, 295, 295, 295, 293, 293, 294, 291,
    294, 294, 297, 296, 294, 292, 295, 292, 295, 291, 294, 293, 295, 293,
    293, 289, 292, 294, 295, 293, 291, 289, 292, 291, 291, 292, 290, 289,
    290, 290, 288, 291, 292, 286, 288, 289, 291, 292, 287, 287, 292, 290,
    287, 287, 292, 287, 291, 290, 292, 288, 292, 294, 286, 294, 291, 290,
    291, 292, 293, 290, 290, 287, 289, 294, 291, 292, 288, 288, 290, 289,
    288, 292, 287, 287, 291 ]
headPositionsY: [ 74, 77, 82, 79, 79, 78, 80, 80, 78, 77, 77, 76, 77, 78,
    78, 78, 77, 75, 78, 78, 75, 77, 73, 77, 73, 76, 78, 80, 75, 79, 77,
    77, 76, 78, 73, 73, 82, 76, 78, 78, 78, 76, 74, 75, 77, 72, 72, 76,
    74, 76, 74, 72, 75, 75, 76, 73, 74, 74, 74, 74, 72, 77, 78, 72, 75,
    76, 75, 72, 72, 73, 74, 72, 74, 74, 73, 76, 78, 73, 75, 75, 77, 75,
    75, 77, 76, 73, 73, 73, 75, 76, 74, 75, 78, 72, 75, 72, 73, 73, 73,
    76 ]
