%YAML:1.0
---
videoName: "headNod12.mp4"
gestureLabel: 202
fps: 29
pixelSizeInCmTemp: 3.2808219178082193e-01
faceCenterPointX: 254
faceCenterPointY: 69
headPositionsX: [ 253, 252, 255, 256, 253, 251, 255, 251, 257, 257, 253,
    258, 256, 257, 258, 259, 254, 255, 258, 255, 256, 255, 256, 257, 258,
    258, 257, 254, 255, 253, 259, 253, 255, 252, 255, 252, 254, 253, 256,
    254, 256, 253, 253, 252, 256, 254, 253, 254, 256, 253, 252, 255, 256,
    255, 253, 252, 256, 253, 255, 256, 252, 253, 257, 253, 253, 255, 256,
    255, 256, 254, 256, 254, 253, 254, 254, 256, 256, 257, 254, 255, 254,
    254, 256, 256, 254, 252, 252, 257, 256, 257, 257, 255, 255, 256, 255,
    253, 253, 254, 253, 256 ]
headPositionsY: [ 67, 75, 71, 74, 73, 71, 74, 70, 76, 76, 73, 74, 75, 73,
    72, 71, 74, 75, 73, 72, 73, 74, 76, 74, 72, 75, 74, 74, 76, 75, 75,
    72, 74, 71, 74, 71, 69, 66, 65, 66, 62, 60, 62, 63, 63, 67, 69, 69,
    72, 77, 75, 78, 76, 78, 78, 73, 73, 65, 68, 66, 66, 63, 65, 64, 67,
    70, 67, 72, 75, 75, 74, 77, 74, 72, 72, 71, 70, 70, 66, 64, 65, 66,
    64, 67, 66, 70, 69, 73, 73, 72, 73, 72, 75, 74, 70, 71, 73, 68, 71,
    68 ]
