%YAML:1.0
---
videoName: "headNod33.mp4"
gestureLabel: 202
fps: 29
pixelSizeInCmTemp: 2.9567901234567900e-01
faceCenterPointX: 268
faceCenterPointY: 74
headPositionsX: [ 269, 269, 268, 271, 270, 271, 268, 270, 270, 272, 269,
    272, 268, 268, 272, 269, 271, 269, 268, 270, 269, 271, 269, 270, 272,
    271, 267, 269, 269, 270, 271, 267, 268, 271, 270, 268, 270, 269, 270,
    270, 268, 270, 272, 271, 270, 268, 271, 271, 268, 270, 267, 266, 269,
    266, 267, 268, 267, 270, 266, 266, 269, 266, 267, 266, 266, 269, 266,
    270, 269, 268, 267, 267, 268, 266, 270, 268, 268, 267, 270, 268, 268,
    269, 270, 268, 267, 267, 268, 266, 266, 268, 266, 266, 267, 267, 265,
    267, 270, 266, 268, 266 ]
headPositionsY: [ 75, 73, 73, 73, 72, 71, 72, 72, 72, 71, 70, 73, 73, 68,
    71, 69, 70, 73, 73, 72, 73, 71, 72, 74, 73, 71, 70, 73, 73, 72, 72,
    73, 74, 74, 78, 74, 79, 75, 75, 72, 69, 66, 65, 65, 65, 65, 70, 77,
    76, 81, 85, 84, 80, 79, 76, 71, 73, 69, 69, 69, 70, 73, 74, 72, 75,
    75, 77, 77, 78, 78, 72, 72, 74, 72, 71, 73, 70, 74, 72, 76, 76, 76,
    77, 79, 78, 78, 75, 75, 77, 76, 73, 75, 75, 76, 75, 74, 76, 73, 75,
    73 ]
