%YAML:1.0
---
videoName: "headShake9.mp4"
gestureLabel: 201
fps: 30
pixelSizeInCmTemp: 3.2808219178082193e-01
faceCenterPointX: 243
faceCenterPointY: 73
headPositionsX: [ 243, 243, 242, 241, 241, 242, 243, 245, 243, 241, 242,
    241, 241, 245, 244, 241, 245, 242, 244, 244, 240, 245, 244, 245, 243,
    241, 243, 243, 244, 244, 241, 244, 241, 244, 243, 243, 240, 245, 243,
    244, 248, 248, 255, 256, 260, 262, 265, 265, 262, 255, 251, 249, 243,
    240, 235, 229, 227, 227, 233, 236, 243, 249, 251, 255, 259, 262, 261,
    257, 257, 248, 244, 238, 234, 228, 232, 227, 226, 231, 238, 239, 246,
    249, 248, 250, 252, 248, 252, 248, 247, 246, 244, 247, 243, 244, 244,
    241, 242, 244, 245, 241 ]
headPositionsY: [ 71, 72, 74, 73, 71, 72, 71, 71, 73, 70, 73, 74, 70, 70,
    74, 74, 72, 71, 71, 71, 71, 72, 73, 74, 72, 74, 73, 72, 71, 74, 70,
    74, 73, 74, 70, 71, 71, 71, 71, 75, 74, 74, 73, 70, 70, 68, 71, 71,
    72, 70, 75, 74, 72, 74, 73, 71, 73, 71, 71, 75, 73, 74, 72, 72, 70,
    71, 72, 70, 71, 72, 74, 71, 72, 72, 75, 73, 73, 71, 74, 75, 71, 71,
    74, 73, 71, 74, 72, 72, 72, 75, 75, 72, 75, 72, 74, 71, 73, 74, 73,
    75 ]
