%YAML:1.0
---
videoName: "headLookUp5.mp4"
gestureLabel: 205
fps: 29
pixelSizeInCmTemp: 3.6287878787878786e-01
faceCenterPointX: 256
faceCenterPointY: 67
headPositionsX: [ 258, 258, 259, 258, 258, 255, 255, 255, 254, 259, 256,
    258, 256, 258, 257, 255, 257, 255, 257, 258, 257, 258, 254, 258, 256,
    257, 257, 258, 254, 254, 255, 255, 257, 254, 255, 255, 256, 258, 255,
    258, 258, 259, 255, 258, 257, 256, 256, 257, 253, 257, 255, 258, 257,
    258, 255, 258, 254, 254, 257, 257, 257, 256, 257, 254, 254, 254, 258,
    253, 254, 255, 254, 257, 255, 258, 256, 256, 255, 254, 256, 258, 256,
    258, 256, 257, 255, 255, 258, 255, 256, 257, 256, 257, 257, 255, 253,
    254, 256, 257, 254, 256 ]
headPositionsY: [ 69, 83, 80, 80, 83, 81, 84, 80, 82, 84, 83, 84, 81, 82,
    83, 83, 83, 83, 82, 81, 82, 83, 80, 79, 79, 80, 82, 79, 80, 82, 78,
    82, 78, 79, 76, 79, 78, 75, 73, 71, 70, 67, 72, 67, 69, 69, 70, 67,
    69, 70, 66, 68, 68, 67, 67, 69, 70, 67, 68, 70, 66, 67, 68, 66, 67,
    68, 68, 69, 67, 69, 66, 65, 67, 69, 69, 65, 69, 70, 67, 68, 69, 66,
    68, 68, 65, 66, 66, 66, 69, 67, 70, 66, 66, 69, 66, 68, 66, 65, 69,
    65 ]
