%YAML:1.0
---
videoName: "headShake20.mp4"
gestureLabel: 201
fps: 29
pixelSizeInCmTemp: 3.3263888888888887e-01
faceCenterPointX: 242
faceCenterPointY: 78
headPositionsX: [ 244, 243, 245, 242, 245, 242, 246, 244, 244, 244, 241,
    244, 242, 244, 241, 244, 243, 246, 244, 245, 241, 245, 243, 241, 243,
    243, 244, 243, 241, 241, 245, 245, 245, 242, 245, 241, 242, 243, 245,
    244, 246, 253, 253, 260, 258, 259, 255, 254, 249, 243, 239, 235, 231,
    232, 228, 233, 239, 245, 247, 249, 252, 252, 248, 245, 242, 238, 237,
    234, 233, 230, 234, 240, 240, 241, 248, 247, 244, 243, 245, 241, 242,
    241, 239, 242, 240, 242, 243, 245, 243, 243, 243, 245, 242, 241, 241,
    243, 244, 241, 241, 241 ]
headPositionsY: [ 76, 74, 76, 78, 76, 75, 74, 75, 78, 78, 74, 77, 78, 77,
    77, 76, 74, 77, 75, 75, 74, 77, 77, 75, 76, 75, 75, 76, 74, 77, 77,
    76, 75, 76, 74, 78, 78, 78, 76, 77, 75, 78, 74, 77, 74, 74, 77, 77,
    77, 78, 77, 78, 79, 75, 77, 77, 75, 75, 78, 76, 73, 76, 73, 75, 79,
    76, 79, 79, 76, 78, 76, 76, 76, 79, 79, 78, 78, 76, 77, 78, 75, 77,
    76, 75, 75, 79, 75, 75, 78, 77, 76, 77, 78, 77, 79, 75, 78, 77, 75,
    74 ]
