%YAML:1.0
---
videoName: "headLookDown8.mp4"
gestureLabel: 206
fps: 29
pixelSizeInCmTemp: 3.3732394366197183e-01
faceCenterPointX: 276
faceCenterPointY: 96
headPositionsX: [ 278, 275, 274, 273, 272, 273, 274, 272, 277, 276, 273,
    277, 275, 277, 275, 276, 276, 277, 276, 277, 273, 274, 275, 272, 274,
    274, 275, 277, 277, 274, 273, 276, 274, 277, 275, 274, 274, 275, 273,
    274, 274, 276, 276, 275, 275, 273, 276, 274, 275, 274, 277, 274, 277,
    275, 275, 275, 275, 277, 274, 275, 275, 275, 276, 274, 276, 276, 276,
    274, 274, 276, 274, 277, 274, 278, 273, 274, 274, 276, 274, 278, 276,
    277, 276, 276, 275, 274, 278, 277, 276, 277, 275, 276, 275, 278, 275,
    278, 277, 279, 276, 276 ]
headPositionsY: [ 97, 79, 78, 80, 79, 81, 82, 81, 82, 80, 78, 82, 79, 78,
    79, 78, 79, 78, 79, 80, 80, 77, 80, 79, 79, 79, 78, 80, 78, 82, 81,
    82, 83, 81, 82, 86, 83, 85, 84, 87, 87, 91, 90, 88, 91, 92, 94, 95,
    92, 94, 98, 95, 98, 96, 96, 100, 97, 96, 98, 97, 95, 98, 98, 98, 96,
    98, 99, 96, 98, 98, 99, 99, 95, 99, 95, 99, 95, 95, 99, 97, 96, 95,
    98, 95, 97, 98, 95, 95, 95, 95, 97, 95, 98, 96, 96, 96, 94, 98, 94,
    96 ]
