%YAML:1.0
---
videoName: "headLookDown1.mp4"
gestureLabel: 206
fps: 29
pixelSizeInCmTemp: 3.4710144927536229e-01
faceCenterPointX: 271
faceCenterPointY: 97
headPositionsX: [ 272, 270, 268, 269, 272, 268, 272, 271, 271, 268, 270,
    270, 270, 272, 270, 271, 269, 273, 270, 270, 273, 271, 271, 271, 270,
    270, 274, 273, 271, 272, 271, 269, 273, 271, 272, 274, 273, 269, 272,
    269, 270, 273, 269, 272, 272, 273, 271, 273, 272, 273, 270, 272, 271,
    273, 269, 268, 272, 271, 268, 273, 268, 269, 269, 271, 271, 270, 268,
    272, 268, 270, 270, 271, 272, 270, 271, 273, 273, 273, 269, 270, 271,
    273, 271, 271, 272, 272, 270, 271, 271, 270, 272, 269, 273, 272, 273,
    271, 271, 274, 271, 271 ]
headPositionsY: [ 95, 78, 78, 80, 78, 76, 78, 78, 80, 79, 79, 77, 78, 79,
    78, 81, 78, 77, 80, 79, 81, 81, 80, 78, 79, 79, 80, 79, 78, 78, 77,
    81, 80, 80, 81, 78, 82, 77, 82, 81, 81, 79, 82, 82, 83, 87, 86, 88,
    92, 91, 94, 93, 95, 98, 95, 98, 99, 97, 99, 100, 99, 100, 101, 98,
    99, 100, 99, 97, 97, 101, 98, 100, 99, 98, 98, 101, 98, 98, 95, 99,
    96, 97, 96, 100, 98, 99, 100, 99, 97, 99, 98, 99, 95, 97, 97, 97, 95,
    99, 96, 100 ]
