%YAML:1.0
---
videoName: "headLookRight1.mp4"
gestureLabel: 204
fps: 29
pixelSizeInCmTemp: 3.3263888888888887e-01
faceCenterPointX: 232
faceCenterPointY: 68
headPositionsX: [ 230, 257, 254, 256, 258, 257, 256, 254, 254, 257, 257,
    258, 256, 257, 256, 256, 258, 256, 258, 256, 255, 257, 253, 254, 256,
    257, 253, 256, 254, 256, 252, 252, 251, 249, 246, 244, 243, 241, 238,
    233, 232, 233, 229, 232, 228, 235, 230, 228, 232, 230, 229, 235, 233,
    231, 231, 232, 232, 234, 235, 233, 230, 234, 232, 234, 233, 230, 231,
    234, 232, 233, 233, 230, 233, 231, 238, 232, 229, 234, 233, 234, 230,
    234, 233, 234, 233, 230, 233, 231, 234, 234, 231, 233, 233, 231, 231,
    232, 231, 233, 232, 232 ]
headPositionsY: [ 69, 66, 66, 66, 67, 66, 67, 70, 66, 67, 69, 69, 69, 66,
    67, 66, 69, 68, 69, 70, 69, 71, 69, 67, 67, 70, 68, 67, 66, 71, 70,
    66, 68, 70, 68, 69, 66, 68, 69, 67, 70, 66, 69, 69, 67, 67, 68, 71,
    67, 67, 70, 69, 68, 71, 69, 67, 71, 69, 66, 68, 68, 66, 70, 67, 69,
    69, 66, 70, 67, 70, 68, 67, 68, 70, 69, 66, 68, 68, 66, 67, 68, 66,
    67, 70, 69, 70, 67, 70, 69, 71, 68, 67, 66, 68, 68, 69, 69, 68, 70,
    69 ]
