%YAML:1.0
---
videoName: "headNod28.mp4"
gestureLabel: 202
fps: 30
pixelSizeInCmTemp: 3.2364864864864862e-01
faceCenterPointX: 270
faceCenterPointY: 76
headPositionsX: [ 272, 269, 273, 270, 272, 271, 271, 270, 272, 271, 269,
    272, 273, 268, 268, 271, 269, 269, 271, 268, 270, 268, 271, 272, 268,
    271, 268, 269, 269, 272, 272, 269, 271, 271, 271, 269, 272, 267, 270,
    269, 270, 272, 272, 271, 271, 271, 267, 268, 271, 270, 270, 269, 271,
    271, 271, 273, 272, 272, 270, 272, 271, 269, 272, 272, 272, 270, 268,
    271, 271, 273, 270, 269, 270, 272, 270, 270, 273, 270, 272, 272, 273,
    273, 271, 270, 269, 272, 270, 269, 270, 271, 271, 274, 271, 271, 274,
    270, 270, 273, 270, 270 ]
headPositionsY: [ 74, 75, 75, 73, 77, 74, 72, 73, 75, 73, 76, 76, 73, 75,
    77, 75, 73, 77, 73, 75, 77, 76, 73, 75, 77, 73, 75, 75, 72, 77, 76,
    73, 77, 77, 72, 75, 74, 76, 73, 73, 73, 77, 79, 82, 80, 85, 81, 79,
    76, 78, 72, 75, 71, 72, 71, 72, 72, 73, 74, 80, 79, 83, 80, 81, 76,
    75, 70, 69, 73, 74, 73, 73, 78, 81, 80, 82, 81, 76, 77, 71, 72, 71,
    71, 77, 75, 79, 78, 78, 76, 78, 74, 74, 75, 75, 76, 79, 78, 77, 75,
    78 ]
