%YAML:1.0
---
videoName: "headLookRight7.mp4"
gestureLabel: 204
fps: 30
pixelSizeInCmTemp: 3.4710144927536229e-01
faceCenterPointX: 226
faceCenterPointY: 74
headPositionsX: [ 225, 248, 250, 248, 250, 248, 251, 250, 250, 250, 251,
    250, 251, 250, 247, 250, 247, 249, 251, 251, 250, 247, 250, 249, 251,
    248, 249, 250, 248, 244, 245, 241, 239, 236, 237, 231, 232, 226, 226,
    228, 228, 226, 223, 223, 222, 221, 224, 225, 223, 220, 222, 227, 224,
    226, 225, 223, 226, 223, 226, 224, 224, 221, 221, 221, 224, 224, 225,
    223, 225, 224, 219, 225, 227, 225, 221, 226, 223, 226, 222, 221, 223,
    221, 224, 222, 225, 223, 225, 224, 226, 222, 223, 220, 222, 226, 226,
    220, 225, 227, 225, 226 ]
headPositionsY: [ 73, 77, 72, 73, 75, 76, 75, 75, 75, 74, 74, 75, 77, 75,
    76, 75, 75, 76, 73, 75, 76, 76, 76, 75, 76, 76, 76, 74, 76, 72, 75,
    73, 73, 73, 75, 73, 74, 74, 72, 74, 71, 74, 71, 77, 76, 71, 75, 74,
    72, 72, 75, 77, 74, 76, 76, 76, 74, 73, 76, 75, 76, 72, 72, 74, 75,
    73, 75, 70, 73, 72, 76, 73, 71, 75, 75, 75, 74, 72, 76, 73, 71, 74,
    72, 76, 76, 77, 72, 73, 72, 72, 74, 74, 74, 75, 75, 72, 73, 75, 73,
    76 ]
