%YAML:1.0
---
videoName: "headNod39.mp4"
gestureLabel: 202
fps: 29
pixelSizeInCmTemp: 2.9937500000000000e-01
faceCenterPointX: 268
faceCenterPointY: 78
headPositionsX: [ 268, 269, 266, 269, 266, 267, 268, 266, 270, 268, 267,
    269, 269, 268, 269, 267, 267, 269, 268, 268, 271, 269, 271, 270, 270,
    267, 270, 269, 268, 269, 269, 270, 270, 267, 269, 267, 270, 268, 267,
    270, 267, 267, 266, 269, 267, 267, 269, 268, 269, 269, 268, 268, 267,
    269, 268, 267, 267, 267, 268, 268, 264, 264, 266, 266, 268, 268, 269,
    268, 264, 267, 264, 269, 266, 267, 266, 266, 266, 268, 267, 268, 269,
    269, 267, 268, 265, 266, 267, 265, 266, 268, 266, 266, 266, 267, 269,
    269, 268, 268, 267, 265 ]
headPositionsY: [ 80, 78, 74, 74, 75, 77, 79, 77, 76, 76, 74, 74, 78, 78,
    78, 76, 75, 76, 75, 76, 77, 75, 76, 75, 76, 78, 77, 78, 75, 75, 75,
    77, 78, 76, 76, 75, 75, 79, 79, 80, 83, 85, 83, 85, 84, 81, 79, 77,
    74, 76, 75, 73, 75, 76, 79, 84, 86, 90, 93, 89, 84, 80, 78, 75, 75,
    71, 75, 74, 77, 79, 80, 83, 84, 81, 76, 75, 76, 75, 75, 75, 79, 77,
    77, 79, 81, 82, 80, 77, 81, 76, 77, 78, 77, 77, 77, 80, 78, 80, 80,
    76 ]
