%YAML:1.0
---
videoName: "headShake6.mp4"
gestureLabel: 201
fps: 29
pixelSizeInCmTemp: 3.2808219178082193e-01
faceCenterPointX: 244
faceCenterPointY: 68
headPositionsX: [ 244, 247, 247, 244, 247, 244, 245, 245, 246, 244, 244,
    246, 245, 248, 247, 246, 246, 246, 243, 247, 245, 247, 246, 242, 246,
    246, 245, 247, 249, 253, 257, 256, 261, 261, 262, 258, 258, 254, 247,
    244, 237, 230, 229, 233, 232, 239, 242, 247, 255, 259, 260, 258, 255,
    254, 249, 241, 236, 236, 231, 231, 232, 232, 238, 244, 248, 249, 250,
    254, 249, 250, 244, 244, 243, 241, 240, 239, 239, 239, 240, 238, 242,
    240, 245, 245, 245, 247, 245, 244, 242, 245, 242, 242, 242, 243, 244,
    244, 242, 242, 243, 244 ]
headPositionsY: [ 69, 67, 66, 65, 68, 67, 68, 68, 69, 66, 64, 69, 64, 65,
    67, 66, 67, 68, 64, 65, 68, 66, 68, 66, 69, 65, 65, 68, 68, 67, 65,
    63, 67, 63, 67, 63, 66, 68, 68, 66, 70, 66, 69, 65, 69, 69, 70, 71,
    67, 65, 69, 67, 65, 67, 68, 71, 68, 68, 67, 68, 66, 67, 67, 68, 68,
    66, 66, 69, 66, 68, 68, 67, 68, 69, 66, 66, 65, 68, 67, 67, 68, 67,
    69, 66, 67, 68, 69, 70, 67, 68, 68, 69, 67, 67, 67, 69, 68, 69, 67,
    68 ]
