%YAML:1.0
---
videoName: "headNod17.mp4"
gestureLabel: 202
fps: 30
pixelSizeInCmTemp: 3.2808219178082193e-01
faceCenterPointX: 253
faceCenterPointY: 76
headPositionsX: [ 252, 256, 255, 255, 253, 255, 255, 256, 254, 256, 257,
    254, 255, 255, 255, 253, 257, 257, 257, 257, 257, 256, 253, 256, 255,
    255, 254, 257, 254, 253, 255, 257, 256, 255, 257, 254, 256, 254, 254,
    257, 255, 255, 252, 252, 251, 251, 252, 254, 253, 255, 251, 253, 255,
    255, 254, 251, 257, 253, 256, 257, 253, 255, 253, 255, 257, 255, 254,
    254, 255, 254, 256, 256, 253, 252, 254, 252, 253, 255, 251, 254, 251,
    256, 253, 256, 256, 256, 257, 255, 253, 256, 253, 253, 254, 255, 253,
    253, 256, 254, 254, 254 ]
headPositionsY: [ 75, 78, 77, 76, 76, 78, 76, 78, 74, 76, 79, 77, 77, 79,
    76, 80, 77, 77, 77, 79, 76, 76, 76, 75, 71, 70, 71, 71, 67, 68, 65,
    65, 70, 71, 67, 68, 71, 71, 75, 80, 78, 80, 82, 84, 83, 83, 82, 82,
    80, 77, 76, 76, 76, 70, 73, 72, 68, 68, 69, 70, 71, 69, 74, 75, 77,
    77, 79, 78, 81, 81, 80, 77, 75, 75, 77, 79, 81, 80, 81, 77, 76, 78,
    76, 75, 76, 75, 75, 79, 78, 77, 76, 75, 76, 75, 76, 75, 77, 79, 75,
    77 ]
