%YAML:1.0
---
videoName: "headLookUp4.mp4"
gestureLabel: 205
fps: 30
pixelSizeInCmTemp: 3.6846153846153845e-01
faceCenterPointX: 256
faceCenterPointY: 68
headPositionsX: [ 256, 256, 256, 257, 256, 256, 258, 255, 254, 255, 256,
    257, 257, 258, 255, 254, 256, 258, 257, 257, 256, 256, 254, 254, 255,
    258, 256, 254, 256, 254, 255, 257, 254, 254, 256, 255, 257, 256, 257,
    254, 254, 255, 257, 256, 255, 255, 258, 255, 254, 256, 253, 254, 257,
    257, 255, 258, 254, 254, 258, 253, 257, 256, 257, 258, 254, 256, 258,
    258, 256, 256, 257, 258, 257, 255, 254, 257, 255, 255, 255, 254, 255,
    254, 255, 256, 255, 254, 259, 254, 256, 256, 256, 257, 257, 257, 257,
    255, 257, 258, 254, 254 ]
headPositionsY: [ 66, 84, 83, 84, 81, 80, 80, 82, 82, 83, 83, 83, 81, 82,
    80, 82, 84, 80, 80, 80, 83, 83, 79, 78, 79, 78, 74, 75, 72, 72, 69,
    69, 71, 69, 71, 67, 69, 69, 72, 68, 66, 69, 70, 70, 70, 70, 69, 68,
    70, 66, 70, 67, 70, 69, 71, 68, 67, 69, 68, 68, 69, 69, 68, 65, 68,
    72, 68, 69, 69, 68, 69, 69, 69, 70, 65, 71, 67, 69, 65, 69, 69, 67,
    71, 68, 67, 66, 70, 66, 68, 70, 68, 68, 68, 69, 68, 69, 67, 71, 70,
    70 ]
