%YAML:1.0
---
videoName: "headLookLeft6.mp4"
gestureLabel: 203
fps: 29
pixelSizeInCmTemp: 3.2808219178082193e-01
faceCenterPointX: 267
faceCenterPointY: 69
headPositionsX: [ 266, 246, 242, 247, 246, 247, 247, 248, 243, 246, 244,
    246, 245, 244, 243, 245, 246, 246, 248, 247, 244, 244, 247, 243, 243,
    248, 248, 251, 253, 252, 255, 259, 259, 263, 263, 266, 266, 268, 267,
    272, 266, 270, 267, 267, 268, 270, 269, 271, 266, 269, 268, 265, 270,
    269, 267, 269, 268, 271, 269, 270, 267, 268, 269, 267, 269, 268, 267,
    268, 268, 266, 269, 269, 266, 264, 267, 266, 268, 268, 271, 267, 267,
    267, 267, 267, 268, 266, 270, 266, 267, 271, 267, 267, 267, 268, 270,
    265, 264, 265, 269, 266 ]
headPositionsY: [ 68, 71, 69, 70, 70, 74, 71, 72, 73, 73, 72, 71, 72, 72,
    74, 70, 70, 75, 74, 73, 70, 73, 72, 74, 73, 72, 71, 70, 73, 69, 72,
    69, 68, 70, 73, 68, 69, 71, 69, 68, 71, 70, 70, 68, 68, 71, 69, 71,
    69, 71, 69, 67, 72, 70, 73, 68, 72, 70, 68, 68, 69, 70, 69, 66, 71,
    72, 70, 70, 68, 69, 68, 71, 72, 71, 70, 70, 72, 69, 69, 68, 73, 71,
    69, 70, 68, 71, 68, 69, 70, 72, 69, 70, 71, 68, 69, 71, 70, 66, 72,
    66 ]
