%YAML:1.0
---
videoName: "headShake19.mp4"
gestureLabel: 201
fps: 29
pixelSizeInCmTemp: 3.1933333333333330e-01
faceCenterPointX: 243
faceCenterPointY: 78
headPositionsX: [ 242, 243, 241, 242, 245, 245, 240, 242, 245, 241, 246,
    246, 241, 243, 244, 241, 245, 245, 245, 245, 243, 243, 240, 243, 240,
    242, 244, 243, 244, 245, 241, 243, 242, 242, 241, 240, 238, 237, 234,
    231, 233, 233, 237, 242, 247, 255, 255, 256, 255, 252, 251, 243, 237,
    234, 234, 231, 234, 231, 237, 241, 244, 246, 247, 248, 247, 243, 241,
    240, 239, 235, 235, 236, 235, 240, 243, 245, 243, 247, 246, 245, 245,
    243, 242, 244, 239, 240, 239, 238, 242, 238, 240, 240, 243, 244, 245,
    242, 245, 242, 243, 242 ]
headPositionsY: [ 80, 76, 77, 76, 74, 78, 75, 78, 75, 74, 75, 76, 78, 79,
    78, 78, 79, 76, 74, 76, 77, 79, 78, 79, 77, 79, 77, 74, 77, 78, 75,
    79, 78, 78, 79, 74, 78, 76, 76, 79, 75, 78, 75, 76, 78, 77, 76, 75,
    76, 77, 75, 79, 77, 74, 78, 75, 74, 78, 77, 79, 76, 75, 79, 76, 77,
    76, 76, 75, 75, 77, 76, 77, 78, 76, 76, 78, 78, 76, 79, 79, 76, 79,
    76, 76, 77, 79, 76, 79, 77, 76, 79, 80, 79, 77, 78, 80, 78, 77, 76,
    76 ]
