%YAML:1.0
---
videoName: "headNod44.mp4"
gestureLabel: 202
fps: 29
pixelSizeInCmTemp: 2.9567901234567900e-01
faceCenterPointX: 268
faceCenterPointY: 78
headPositionsX: [ 270, 270, 267, 269, 267, 271, 270, 266, 269, 267, 269,
    267, 266, 271, 271, 267, 268, 270, 270, 268, 271, 269, 267, 267, 268,
    269, 269, 265, 265, 266, 266, 267, 269, 266, 268, 269, 265, 265, 268,
    266, 265, 268, 265, 268, 265, 266, 265, 268, 266, 268, 267, 267, 265,
    265, 266, 266, 266, 270, 270, 268, 267, 270, 267, 269, 266, 267, 269,
    267, 269, 270, 269, 267, 268, 270, 269, 267, 269, 267, 268, 268, 271,
    267, 266, 270, 269, 267, 268, 271, 267, 269, 266, 267, 269, 268, 266,
    266, 267, 268, 269, 266 ]
headPositionsY: [ 80, 76, 73, 72, 75, 77, 74, 72, 76, 72, 76, 72, 76, 75,
    74, 73, 75, 79, 78, 81, 87, 87, 92, 95, 95, 92, 90, 86, 78, 75, 73,
    69, 71, 72, 72, 74, 78, 84, 88, 86, 88, 85, 79, 75, 74, 72, 73, 75,
    74, 82, 87, 86, 90, 87, 88, 80, 79, 76, 76, 72, 74, 77, 80, 80, 87,
    83, 84, 83, 78, 79, 77, 78, 76, 79, 81, 84, 82, 87, 88, 86, 85, 84,
    78, 78, 76, 79, 75, 80, 77, 80, 78, 81, 79, 76, 75, 76, 78, 75, 77,
    78 ]
