%YAML:1.0
---
videoName: "headNod39.mp4"
gestureLabel: 202
fps: 29
pixelSizeInCmTemp: 2.9937500000000000e-01
faceCenterPointX: 268
faceCenterPointY: 78
headPositionsX: [ 268, 266, 267, 267, 266, 271, 269, 265, 266, 268, 266,
    270, 267, 267, 267, 268, 268, 267, 267, 269, 268, 270, 271, 269, 267,
    268, 270, 268, 268, 268, 268, 270, 269, 271, 268, 270, 268, 270, 269,
    269, 267, 269, 270, 269, 266, 269, 270, 268, 268, 268, 266, 267, 267,
    267, 265, 266, 267, 264, 264, 265, 265, 267, 267, 268, 267, 267, 269,
    267, 264, 266, 267, 268, 266, 266, 267, 266, 266, 269, 268, 265, 265,
    267, 269, 265, 265, 266, 267, 265, 267, 269, 265, 265, 268, 270, 269,
    269, 269, 267, 269, 265 ]
headPositionsY: [ 78, 75, 78, 76, 78, 76, 77, 77, 75, 75, 74, 74, 76, 77,
    76, 74, 74, 79, 77, 76, 77, 76, 76, 74, 74, 76, 78, 77, 74, 75, 79,
    78, 76, 75, 77, 75, 79, 80, 77, 78, 83, 81, 87, 88, 85, 80, 77, 77,
    76, 77, 74, 77, 75, 74, 79, 86, 88, 91, 91, 87, 85, 79, 79, 76, 73,
    71, 75, 76, 79, 80, 82, 82, 84, 83, 79, 75, 76, 77, 75, 78, 75, 78,
    81, 79, 82, 79, 77, 81, 78, 79, 76, 79, 78, 76, 79, 80, 80, 80, 77,
    80 ]
