%YAML:1.0
---
videoName: "headNod43.mp4"
gestureLabel: 202
fps: 29
pixelSizeInCmTemp: 2.8855421686746985e-01
faceCenterPointX: 268
faceCenterPointY: 74
headPositionsX: [ 270, 270, 268, 269, 270, 272, 270, 270, 272, 268, 269,
    268, 270, 268, 269, 266, 268, 267, 266, 270, 269, 271, 267, 269, 265,
    266, 265, 268, 266, 267, 265, 266, 264, 263, 264, 267, 265, 265, 265,
    266, 264, 266, 267, 263, 264, 263, 265, 265, 264, 265, 266, 264, 265,
    264, 266, 264, 264, 267, 263, 265, 267, 264, 266, 264, 267, 263, 268,
    266, 268, 269, 267, 269, 269, 269, 269, 265, 266, 267, 265, 268, 271,
    268, 269, 267, 271, 266, 271, 269, 271, 270, 267, 271, 268, 266, 271,
    269, 267, 270, 270, 267 ]
headPositionsY: [ 74, 79, 74, 78, 76, 74, 77, 76, 76, 74, 73, 78, 73, 72,
    77, 74, 73, 77, 75, 74, 76, 76, 75, 77, 74, 76, 80, 85, 86, 90, 88,
    88, 86, 81, 79, 76, 78, 79, 81, 86, 90, 89, 91, 86, 85, 81, 81, 81,
    83, 83, 86, 92, 90, 88, 90, 87, 81, 84, 83, 85, 89, 87, 89, 92, 89,
    84, 86, 82, 81, 78, 77, 79, 85, 88, 88, 89, 89, 86, 84, 81, 78, 73,
    76, 74, 73, 71, 75, 74, 76, 75, 73, 75, 72, 73, 73, 73, 74, 76, 73,
    74 ]
