%YAML:1.0
---
videoName: "headShake10.mp4"
gestureLabel: 201
fps: 29
pixelSizeInCmTemp: 3.3732394366197183e-01
faceCenterPointX: 240
faceCenterPointY: 74
headPositionsX: [ 241, 248, 248, 247, 247, 246, 244, 247, 244, 248, 248,
    248, 244, 247, 248, 245, 244, 247, 246, 246, 245, 245, 248, 245, 246,
    247, 246, 247, 244, 247, 245, 247, 245, 248, 246, 247, 245, 243, 248,
    246, 245, 248, 246, 247, 244, 247, 245, 247, 243, 244, 247, 249, 248,
    255, 258, 255, 262, 260, 260, 258, 256, 253, 250, 245, 238, 235, 234,
    230, 234, 236, 236, 240, 247, 251, 252, 257, 258, 256, 256, 252, 253,
    251, 245, 242, 242, 241, 239, 240, 241, 240, 238, 242, 242, 239, 238,
    241, 240, 239, 242, 240 ]
headPositionsY: [ 75, 73, 72, 71, 71, 74, 73, 70, 73, 71, 71, 72, 75, 72,
    74, 74, 73, 75, 71, 74, 74, 72, 71, 75, 74, 70, 72, 74, 75, 75, 75,
    72, 73, 73, 72, 76, 75, 72, 75, 72, 74, 74, 75, 74, 74, 73, 72, 73,
    74, 72, 74, 72, 70, 73, 72, 71, 73, 71, 71, 73, 73, 71, 74, 75, 71,
    73, 75, 76, 74, 75, 72, 76, 75, 75, 71, 73, 75, 72, 74, 73, 72, 74,
    74, 77, 73, 73, 77, 74, 73, 77, 76, 76, 73, 76, 76, 74, 77, 77, 73,
    77 ]
