%YAML:1.0
---
videoName: "headLookRight6.mp4"
gestureLabel: 204
fps: 29
pixelSizeInCmTemp: 3.8015873015873014e-01
faceCenterPointX: 226
faceCenterPointY: 72
headPositionsX: [ 226, 248, 248, 249, 247, 247, 251, 248, 248, 247, 247,
    248, 251, 248, 249, 249, 250, 248, 252, 249, 250, 249, 249, 250, 249,
    249, 250, 250, 253, 252, 251, 252, 250, 251, 246, 245, 242, 240, 236,
    236, 234, 230, 228, 230, 227, 225, 227, 224, 226, 225, 223, 225, 228,
    226, 228, 230, 227, 225, 229, 230, 231, 228, 227, 223, 227, 227, 224,
    228, 230, 229, 229, 229, 228, 229, 227, 227, 228, 225, 228, 226, 227,
    230, 226, 227, 225, 228, 230, 229, 225, 226, 226, 226, 229, 225, 224,
    227, 225, 225, 227, 224 ]
headPositionsY: [ 71, 74, 71, 74, 70, 73, 73, 71, 74, 75, 71, 71, 75, 74,
    72, 74, 71, 76, 75, 77, 76, 75, 74, 73, 76, 75, 75, 74, 76, 73, 76,
    75, 76, 73, 72, 74, 74, 72, 73, 73, 74, 71, 74, 77, 74, 75, 71, 70,
    77, 72, 76, 68, 76, 75, 74, 76, 76, 74, 73, 78, 76, 76, 78, 73, 74,
    69, 71, 75, 76, 76, 73, 75, 73, 73, 74, 73, 71, 75, 75, 75, 74, 73,
    74, 71, 75, 74, 74, 73, 73, 73, 71, 72, 73, 75, 72, 74, 70, 75, 72,
    72 ]
