%YAML:1.0
---
videoName: "headLookUp6.mp4"
gestureLabel: 205
fps: 30
pixelSizeInCmTemp: 3.7421874999999999e-01
faceCenterPointX: 255
faceCenterPointY: 70
headPositionsX: [ 257, 254, 254, 255, 257, 257, 255, 256, 258, 255, 257,
    256, 258, 253, 258, 257, 256, 253, 255, 254, 253, 255, 258, 256, 254,
    253, 255, 256, 256, 254, 255, 255, 257, 254, 253, 254, 256, 255, 254,
    254, 252, 254, 253, 255, 256, 258, 253, 257, 256, 255, 255, 252, 253,
    256, 254, 255, 255, 253, 252, 254, 253, 257, 256, 256, 252, 257, 254,
    254, 256, 255, 255, 252, 258, 256, 254, 256, 253, 252, 256, 256, 257,
    255, 254, 254, 255, 253, 252, 252, 256, 253, 257, 254, 256, 256, 257,
    254, 254, 256, 252, 255 ]
headPositionsY: [ 71, 81, 80, 85, 85, 81, 83, 82, 81, 85, 81, 84, 86, 83,
    85, 82, 81, 84, 86, 83, 80, 83, 85, 82, 82, 80, 80, 76, 76, 77, 71,
    73, 71, 71, 68, 71, 72, 67, 68, 68, 68, 67, 69, 69, 71, 68, 65, 67,
    68, 66, 65, 68, 69, 68, 66, 70, 70, 69, 68, 72, 69, 67, 67, 68, 67,
    68, 71, 69, 69, 69, 70, 71, 68, 68, 68, 66, 67, 72, 66, 69, 68, 70,
    68, 69, 69, 66, 71, 72, 71, 69, 71, 72, 72, 70, 68, 70, 69, 70, 70,
    70 ]
