%YAML:1.0
---
videoName: "headShake39.mp4"
gestureLabel: 201
fps: 29
pixelSizeInCmTemp: 3.1933333333333330e-01
faceCenterPointX: 263
faceCenterPointY: 83
headPositionsX: [ 264, 262, 263, 262, 260, 259, 262, 262, 263, 261, 261,
    260, 260, 261, 263, 260, 259, 262, 262, 257, 259, 260, 255, 254, 252,
    249, 248, 244, 244, 244, 242, 242, 249, 251, 255, 263, 268, 270, 274,
    280, 280, 279, 276, 269, 266, 258, 255, 248, 249, 249, 246, 249, 255,
    255, 260, 267, 272, 278, 277, 279, 278, 272, 270, 264, 260, 254, 250,
    249, 247, 247, 253, 251, 253, 252, 255, 260, 259, 261, 263, 265, 265,
    264, 264, 267, 265, 265, 264, 267, 264, 266, 265, 263, 262, 265, 264,
    262, 264, 262, 264, 263 ]
headPositionsY: [ 83, 84, 82, 83, 83, 84, 85, 85, 85, 81, 80, 85, 83, 84,
    85, 85, 83, 85, 82, 83, 81, 81, 81, 83, 81, 84, 82, 82, 82, 84, 84,
    80, 81, 82, 81, 83, 84, 83, 78, 79, 82, 81, 83, 81, 81, 85, 84, 81,
    85, 83, 84, 84, 82, 81, 83, 84, 84, 82, 82, 79, 83, 83, 81, 82, 81,
    84, 79, 81, 78, 79, 77, 78, 80, 81, 81, 82, 85, 81, 84, 83, 80, 82,
    81, 80, 81, 84, 83, 85, 82, 85, 83, 85, 82, 85, 82, 82, 84, 83, 81,
    81 ]
