%YAML:1.0
---
videoName: "headNod32.mp4"
gestureLabel: 202
fps: 29
pixelSizeInCmTemp: 2.8855421686746985e-01
faceCenterPointX: 266
faceCenterPointY: 74
headPositionsX: [ 266, 267, 270, 268, 271, 265, 268, 266, 267, 269, 267,
    267, 266, 264, 267, 264, 265, 265, 266, 266, 265, 265, 268, 264, 266,
    269, 268, 267, 264, 267, 269, 266, 268, 268, 265, 269, 266, 268, 270,
    266, 270, 270, 268, 265, 266, 268, 267, 268, 270, 268, 267, 268, 265,
    269, 265, 265, 268, 267, 268, 268, 268, 265, 266, 265, 267, 266, 270,
    266, 267, 266, 267, 266, 266, 268, 266, 264, 265, 265, 265, 266, 264,
    267, 265, 266, 264, 268, 268, 266, 266, 268, 266, 268, 268, 265, 265,
    267, 266, 268, 268, 267 ]
headPositionsY: [ 76, 80, 76, 79, 79, 78, 76, 80, 80, 79, 76, 79, 78, 76,
    76, 77, 75, 79, 77, 76, 79, 77, 76, 79, 76, 77, 76, 75, 76, 76, 79,
    78, 79, 77, 78, 79, 77, 78, 78, 78, 75, 80, 76, 76, 79, 76, 78, 75,
    76, 79, 79, 75, 78, 77, 77, 75, 73, 74, 75, 74, 70, 68, 68, 64, 66,
    70, 68, 74, 76, 80, 88, 89, 88, 84, 83, 79, 76, 76, 71, 69, 69, 70,
    69, 73, 71, 76, 73, 76, 74, 72, 75, 76, 77, 74, 75, 77, 73, 75, 73,
    73 ]
