%YAML:1.0
---
videoName: "headShake15.mp4"
gestureLabel: 201
fps: 29
pixelSizeInCmTemp: 3.3263888888888887e-01
faceCenterPointX: 243
faceCenterPointY: 76
headPositionsX: [ 241, 246, 244, 244, 245, 243, 243, 245, 245, 246, 241,
    245, 244, 245, 241, 243, 242, 245, 244, 245, 244, 242, 242, 243, 244,
    241, 242, 241, 242, 244, 244, 245, 240, 241, 242, 243, 244, 242, 241,
    244, 245, 243, 242, 244, 241, 243, 246, 243, 245, 242, 243, 242, 243,
    243, 241, 240, 244, 242, 242, 242, 243, 245, 247, 249, 250, 254, 255,
    260, 256, 257, 255, 251, 251, 246, 241, 240, 238, 237, 238, 240, 239,
    244, 242, 244, 249, 246, 245, 247, 243, 245, 240, 242, 244, 242, 243,
    244, 241, 241, 243, 245 ]
headPositionsY: [ 77, 77, 76, 74, 74, 75, 77, 75, 72, 76, 75, 76, 73, 76,
    74, 75, 75, 77, 77, 76, 75, 73, 75, 77, 76, 73, 76, 76, 74, 74, 77,
    73, 73, 73, 76, 73, 74, 74, 73, 75, 76, 73, 74, 75, 74, 77, 78, 73,
    76, 77, 75, 75, 74, 74, 74, 75, 77, 75, 75, 78, 77, 74, 76, 78, 77,
    72, 71, 72, 73, 75, 76, 76, 78, 75, 78, 76, 77, 75, 76, 79, 77, 77,
    75, 77, 79, 74, 76, 78, 79, 79, 75, 78, 78, 77, 78, 77, 77, 77, 76,
    79 ]
