%YAML:1.0
---
videoName: "headShake20.mp4"
gestureLabel: 201
fps: 29
pixelSizeInCmTemp: 3.3263888888888887e-01
faceCenterPointX: 242
faceCenterPointY: 78
headPositionsX: [ 244, 243, 245, 246, 244, 241, 245, 241, 242, 241, 240,
    242, 242, 241, 244, 241, 244, 244, 242, 242, 243, 245, 241, 245, 243,
    243, 241, 242, 245, 244, 244, 245, 244, 242, 245, 242, 242, 240, 246,
    244, 247, 253, 257, 256, 258, 258, 256, 253, 248, 243, 236, 234, 229,
    229, 229, 234, 236, 246, 248, 253, 253, 253, 251, 248, 241, 236, 237,
    232, 233, 234, 235, 236, 239, 244, 248, 245, 245, 247, 241, 242, 240,
    239, 239, 239, 239, 242, 245, 241, 244, 244, 245, 246, 244, 243, 242,
    243, 244, 240, 241, 243 ]
headPositionsY: [ 80, 77, 75, 77, 74, 76, 77, 77, 75, 75, 74, 78, 75, 78,
    76, 76, 74, 76, 77, 78, 77, 76, 76, 74, 74, 78, 77, 76, 78, 75, 78,
    77, 77, 78, 74, 75, 77, 77, 79, 74, 78, 76, 76, 73, 74, 75, 73, 77,
    80, 78, 78, 77, 78, 77, 73, 78, 76, 77, 78, 73, 77, 75, 76, 74, 79,
    76, 79, 79, 78, 75, 77, 79, 77, 76, 77, 78, 79, 78, 78, 75, 76, 76,
    75, 76, 79, 75, 79, 78, 75, 79, 77, 79, 74, 79, 77, 77, 77, 75, 79,
    75 ]
