%YAML:1.0
---
videoName: "headShake22.mp4"
gestureLabel: 201
fps: 29
pixelSizeInCmTemp: 3.2364864864864862e-01
faceCenterPointX: 241
faceCenterPointY: 79
headPositionsX: [ 240, 239, 242, 240, 242, 243, 242, 240, 244, 241, 244,
    243, 245, 240, 244, 240, 244, 243, 241, 243, 240, 242, 242, 244, 242,
    240, 240, 241, 242, 240, 241, 242, 244, 243, 243, 243, 244, 241, 240,
    241, 244, 240, 242, 242, 244, 243, 243, 239, 244, 242, 242, 241, 242,
    242, 241, 241, 243, 243, 244, 240, 244, 241, 242, 240, 243, 241, 239,
    241, 242, 248, 251, 253, 256, 253, 253, 252, 247, 244, 240, 239, 239,
    239, 239, 243, 244, 247, 248, 243, 242, 243, 241, 242, 239, 240, 241,
    242, 240, 242, 240, 243 ]
headPositionsY: [ 79, 74, 76, 75, 78, 75, 76, 75, 78, 78, 74, 75, 76, 78,
    76, 77, 74, 75, 74, 78, 75, 78, 76, 78, 77, 77, 76, 75, 75, 75, 76,
    77, 78, 78, 76, 75, 76, 75, 75, 78, 77, 76, 75, 76, 77, 76, 78, 78,
    76, 74, 75, 76, 76, 75, 74, 75, 76, 78, 77, 75, 79, 79, 77, 76, 78,
    75, 74, 77, 74, 77, 77, 74, 73, 76, 75, 75, 77, 78, 76, 75, 78, 76,
    75, 77, 76, 78, 80, 77, 77, 77, 80, 78, 81, 78, 81, 78, 79, 77, 80,
    78 ]
