%YAML:1.0
---
videoName: "headNod23.mp4"
gestureLabel: 202
fps: 29
pixelSizeInCmTemp: 3.1933333333333330e-01
faceCenterPointX: 273
faceCenterPointY: 75
headPositionsX: [ 273, 273, 277, 274, 276, 276, 275, 274, 274, 274, 276,
    276, 273, 276, 273, 275, 275, 276, 276, 275, 275, 273, 275, 272, 275,
    273, 276, 273, 276, 274, 274, 275, 274, 274, 275, 277, 272, 276, 273,
    272, 271, 273, 272, 274, 271, 273, 274, 274, 275, 273, 276, 276, 273,
    273, 273, 276, 272, 272, 274, 271, 273, 276, 274, 276, 275, 273, 273,
    275, 275, 273, 275, 273, 273, 272, 275, 272, 274, 273, 272, 276, 272,
    275, 273, 272, 276, 274, 276, 275, 274, 276, 273, 273, 273, 275, 273,
    276, 276, 275, 276, 275 ]
headPositionsY: [ 74, 78, 77, 75, 76, 74, 78, 79, 75, 75, 74, 78, 76, 75,
    75, 77, 75, 75, 74, 78, 78, 76, 76, 77, 71, 74, 68, 69, 66, 68, 66,
    64, 65, 64, 69, 70, 73, 77, 80, 80, 82, 84, 79, 81, 75, 76, 73, 68,
    68, 66, 68, 71, 68, 71, 72, 74, 78, 77, 80, 77, 78, 74, 75, 74, 72,
    69, 70, 71, 70, 71, 70, 72, 75, 75, 78, 78, 81, 81, 75, 76, 78, 73,
    73, 73, 73, 73, 74, 72, 74, 73, 76, 74, 77, 77, 76, 78, 78, 76, 78,
    74 ]
