%YAML:1.0
---
videoName: "headNod3.mp4"
gestureLabel: 202
fps: 29
pixelSizeInCmTemp: 3.1933333333333330e-01
faceCenterPointX: 264
faceCenterPointY: 76
headPositionsX: [ 263, 264, 265, 261, 263, 261, 266, 264, 266, 266, 269,
    267, 266, 265, 265, 266, 264, 267, 265, 267, 262, 264, 264, 264, 267,
    267, 267, 267, 264, 265, 264, 267, 268, 268, 267, 265, 266, 266, 268,
    266, 265, 263, 266, 265, 268, 265, 265, 263, 264, 264, 265, 263, 264,
    263, 266, 263, 263, 263, 261, 262, 263, 264, 264, 265, 263, 265, 264,
    263, 264, 265, 264, 262, 265, 265, 261, 264, 263, 265, 261, 266, 264,
    265, 264, 263, 265, 261, 263, 265, 266, 266, 262, 263, 264, 262, 264,
    265, 264, 266, 265, 265 ]
headPositionsY: [ 75, 74, 78, 74, 78, 78, 76, 78, 78, 74, 74, 72, 73, 75,
    71, 73, 72, 75, 75, 71, 70, 73, 72, 71, 73, 71, 75, 72, 76, 74, 72,
    76, 73, 74, 74, 77, 73, 74, 77, 76, 76, 75, 73, 72, 74, 68, 66, 66,
    68, 66, 69, 67, 73, 77, 80, 80, 85, 81, 82, 78, 78, 71, 67, 70, 68,
    67, 70, 71, 72, 80, 80, 80, 79, 80, 77, 75, 70, 70, 68, 66, 64, 65,
    69, 71, 73, 74, 76, 80, 79, 78, 78, 79, 76, 79, 77, 77, 75, 76, 75,
    74 ]
