%YAML:1.0
---
videoName: "headLookUp8.mp4"
gestureLabel: 205
fps: 29
pixelSizeInCmTemp: 3.4214285714285714e-01
faceCenterPointX: 253
faceCenterPointY: 59
headPositionsX: [ 255, 250, 253, 253, 253, 252, 253, 251, 253, 254, 251,
    253, 253, 251, 250, 251, 254, 253, 251, 249, 251, 252, 253, 253, 251,
    253, 252, 252, 250, 254, 253, 251, 250, 253, 253, 252, 251, 252, 253,
    253, 252, 251, 253, 250, 251, 252, 251, 252, 252, 250, 250, 255, 252,
    252, 254, 255, 252, 250, 253, 250, 253, 253, 254, 254, 253, 255, 253,
    255, 250, 255, 255, 252, 254, 253, 254, 255, 251, 252, 253, 252, 255,
    251, 251, 254, 250, 253, 253, 255, 251, 252, 254, 255, 254, 252, 255,
    251, 252, 252, 251, 255 ]
headPositionsY: [ 57, 76, 76, 76, 74, 77, 76, 77, 75, 76, 74, 73, 77, 77,
    73, 72, 73, 70, 71, 72, 69, 67, 66, 69, 64, 67, 68, 63, 62, 63, 62,
    60, 61, 63, 61, 61, 62, 59, 59, 60, 59, 61, 61, 58, 57, 59, 57, 58,
    60, 58, 59, 59, 60, 56, 61, 58, 60, 60, 56, 57, 56, 59, 56, 61, 58,
    59, 58, 59, 61, 60, 60, 61, 57, 59, 59, 60, 58, 58, 59, 57, 61, 60,
    59, 58, 59, 59, 57, 59, 58, 60, 58, 61, 57, 59, 59, 60, 59, 58, 58,
    58 ]
