%YAML:1.0
---
videoName: "headShake19.mp4"
gestureLabel: 201
fps: 29
pixelSizeInCmTemp: 3.1933333333333330e-01
faceCenterPointX: 243
faceCenterPointY: 78
headPositionsX: [ 243, 244, 241, 242, 242, 245, 244, 241, 242, 242, 245,
    242, 241, 242, 242, 242, 245, 244, 245, 242, 242, 240, 241, 243, 240,
    242, 242, 244, 241, 244, 240, 242, 244, 242, 242, 242, 237, 238, 234,
    231, 233, 235, 240, 242, 249, 252, 256, 259, 255, 256, 249, 245, 237,
    233, 232, 233, 235, 232, 236, 242, 246, 246, 249, 247, 245, 245, 239,
    237, 237, 235, 237, 239, 236, 238, 239, 242, 245, 245, 246, 246, 244,
    244, 244, 241, 243, 239, 240, 239, 240, 242, 242, 241, 242, 242, 241,
    244, 245, 243, 243, 244 ]
headPositionsY: [ 80, 77, 74, 75, 77, 77, 76, 75, 77, 76, 79, 76, 78, 75,
    76, 78, 78, 74, 75, 76, 77, 75, 78, 78, 79, 79, 79, 76, 79, 78, 76,
    75, 78, 77, 77, 75, 77, 76, 76, 77, 77, 74, 79, 78, 76, 75, 74, 73,
    78, 75, 77, 76, 74, 75, 74, 76, 77, 74, 76, 79, 77, 79, 78, 77, 76,
    78, 76, 77, 78, 77, 77, 76, 75, 77, 77, 76, 79, 80, 76, 76, 80, 76,
    74, 80, 78, 77, 78, 80, 77, 76, 77, 80, 78, 76, 76, 78, 78, 77, 80,
    78 ]
