%YAML:1.0
---
videoName: "headNod35.mp4"
gestureLabel: 202
fps: 30
pixelSizeInCmTemp: 2.9937500000000000e-01
faceCenterPointX: 268
faceCenterPointY: 78
headPositionsX: [ 270, 265, 266, 267, 271, 268, 270, 272, 269, 271, 272,
    271, 269, 269, 268, 269, 271, 272, 270, 268, 267, 270, 269, 268, 268,
    270, 270, 268, 272, 272, 273, 272, 271, 270, 272, 269, 269, 270, 269,
    269, 266, 267, 269, 266, 266, 268, 266, 270, 270, 268, 271, 270, 267,
    268, 269, 270, 269, 267, 270, 268, 267, 269, 268, 267, 270, 269, 266,
    269, 271, 269, 267, 271, 266, 270, 267, 266, 267, 270, 271, 271, 269,
    269, 267, 269, 267, 266, 264, 269, 266, 264, 266, 268, 268, 265, 265,
    265, 265, 269, 268, 267 ]
headPositionsY: [ 77, 74, 76, 76, 74, 77, 74, 78, 76, 76, 75, 77, 75, 76,
    77, 76, 77, 74, 76, 74, 79, 78, 76, 78, 74, 78, 78, 72, 69, 68, 70,
    68, 70, 69, 70, 76, 79, 86, 91, 90, 91, 92, 87, 85, 80, 79, 73, 75,
    76, 75, 78, 78, 86, 85, 87, 91, 87, 82, 80, 82, 76, 70, 71, 75, 74,
    73, 78, 83, 84, 85, 88, 84, 80, 79, 74, 78, 76, 74, 77, 80, 79, 82,
    89, 86, 85, 87, 84, 84, 81, 79, 80, 79, 79, 80, 80, 76, 80, 79, 81,
    80 ]
