%YAML:1.0
---
videoName: "headNod33.mp4"
gestureLabel: 202
fps: 29
pixelSizeInCmTemp: 2.9567901234567900e-01
faceCenterPointX: 268
faceCenterPointY: 74
headPositionsX: [ 268, 266, 271, 271, 267, 267, 269, 271, 271, 272, 270,
    269, 268, 271, 271, 269, 272, 272, 270, 272, 269, 273, 272, 270, 268,
    268, 268, 271, 271, 270, 267, 269, 268, 267, 270, 269, 270, 270, 269,
    269, 271, 267, 268, 268, 269, 270, 267, 272, 270, 266, 270, 270, 270,
    267, 267, 268, 266, 269, 268, 266, 267, 269, 266, 269, 265, 267, 269,
    267, 270, 268, 267, 269, 266, 267, 270, 271, 267, 268, 267, 267, 269,
    271, 270, 265, 267, 266, 269, 265, 265, 269, 269, 266, 266, 266, 265,
    270, 270, 266, 270, 266 ]
headPositionsY: [ 72, 72, 70, 69, 69, 69, 73, 71, 70, 71, 74, 73, 71, 71,
    71, 72, 72, 71, 72, 69, 75, 71, 72, 70, 69, 72, 72, 70, 70, 72, 71,
    72, 74, 73, 76, 77, 78, 78, 73, 71, 70, 66, 67, 65, 67, 66, 69, 73,
    79, 82, 82, 83, 80, 76, 74, 73, 69, 68, 68, 70, 67, 70, 71, 75, 75,
    74, 75, 78, 77, 75, 72, 74, 71, 73, 69, 73, 71, 73, 74, 76, 73, 77,
    79, 80, 78, 76, 77, 74, 74, 76, 76, 74, 76, 75, 77, 76, 74, 76, 77,
    75 ]
