%YAML:1.0
---
videoName: "headShake29.mp4"
gestureLabel: 201
fps: 29
pixelSizeInCmTemp: 3.3263888888888887e-01
faceCenterPointX: 243
faceCenterPointY: 76
headPositionsX: [ 242, 241, 242, 241, 242, 243, 242, 241, 245, 241, 243,
    242, 242, 243, 243, 240, 244, 242, 245, 244, 241, 241, 240, 241, 240,
    240, 239, 237, 238, 240, 242, 247, 249, 254, 253, 257, 253, 252, 249,
    243, 236, 231, 229, 227, 229, 232, 233, 237, 240, 247, 247, 250, 251,
    251, 247, 248, 240, 239, 231, 231, 230, 229, 233, 233, 238, 240, 245,
    251, 249, 251, 249, 251, 247, 246, 243, 240, 239, 234, 233, 234, 234,
    234, 237, 236, 239, 236, 239, 239, 242, 241, 244, 245, 241, 243, 245,
    245, 244, 242, 241, 243 ]
headPositionsY: [ 74, 75, 76, 74, 74, 75, 73, 76, 77, 74, 75, 76, 78, 77,
    77, 74, 77, 76, 76, 77, 78, 76, 74, 74, 76, 78, 74, 77, 78, 76, 74,
    78, 78, 74, 72, 77, 76, 73, 74, 78, 78, 75, 77, 79, 75, 74, 73, 77,
    77, 79, 75, 77, 75, 78, 74, 78, 77, 78, 78, 77, 74, 78, 76, 76, 77,
    76, 79, 77, 73, 75, 76, 77, 74, 77, 78, 76, 76, 75, 77, 76, 76, 76,
    73, 78, 79, 74, 77, 76, 77, 74, 76, 77, 78, 74, 76, 79, 79, 75, 76,
    78 ]
