%YAML:1.0
---
videoName: "headShake8.mp4"
gestureLabel: 201
fps: 29
pixelSizeInCmTemp: 3.2364864864864862e-01
faceCenterPointX: 243
faceCenterPointY: 72
headPositionsX: [ 245, 245, 244, 245, 246, 242, 246, 242, 244, 246, 241,
    242, 241, 246, 242, 242, 243, 245, 241, 244, 242, 242, 245, 245, 244,
    245, 245, 242, 245, 245, 242, 245, 242, 245, 248, 247, 251, 255, 259,
    264, 265, 264, 262, 260, 257, 251, 244, 241, 233, 235, 230, 229, 230,
    236, 243, 250, 256, 259, 260, 257, 256, 254, 249, 247, 241, 237, 237,
    234, 235, 234, 234, 236, 237, 241, 242, 247, 248, 248, 249, 250, 248,
    252, 249, 248, 250, 251, 247, 247, 246, 245, 247, 243, 245, 245, 241,
    243, 245, 242, 245, 244 ]
headPositionsY: [ 72, 71, 74, 72, 73, 72, 74, 72, 71, 72, 72, 70, 71, 71,
    74, 72, 70, 69, 71, 73, 70, 70, 71, 74, 73, 70, 72, 73, 74, 70, 73,
    72, 72, 71, 70, 72, 72, 72, 71, 71, 70, 71, 69, 72, 70, 72, 74, 72,
    70, 73, 71, 69, 72, 70, 74, 70, 69, 71, 68, 68, 68, 70, 73, 72, 74,
    73, 73, 69, 73, 70, 70, 72, 74, 73, 71, 72, 73, 72, 71, 74, 73, 71,
    70, 70, 69, 74, 70, 74, 71, 72, 71, 70, 73, 71, 70, 72, 70, 71, 73,
    72 ]
