%YAML:1.0
---
videoName: "headNod9.mp4"
gestureLabel: 202
fps: 29
pixelSizeInCmTemp: 3.1513157894736843e-01
faceCenterPointX: 261
faceCenterPointY: 75
headPositionsX: [ 261, 260, 259, 263, 263, 259, 259, 263, 262, 263, 262,
    262, 259, 261, 259, 262, 259, 262, 260, 260, 262, 263, 263, 258, 259,
    260, 259, 262, 262, 259, 259, 261, 263, 262, 259, 263, 260, 260, 261,
    259, 263, 260, 260, 260, 259, 262, 259, 261, 259, 261, 260, 258, 260,
    261, 260, 262, 260, 262, 259, 258, 259, 262, 259, 262, 262, 259, 260,
    263, 262, 259, 258, 259, 261, 260, 258, 260, 259, 258, 261, 259, 257,
    259, 259, 260, 261, 260, 257, 259, 257, 258, 258, 260, 259, 257, 259,
    261, 257, 260, 260, 260 ]
headPositionsY: [ 74, 73, 77, 73, 77, 73, 76, 73, 77, 77, 73, 74, 78, 76,
    73, 75, 73, 74, 75, 76, 74, 77, 74, 76, 77, 75, 77, 76, 74, 76, 78,
    76, 78, 80, 83, 81, 81, 73, 77, 73, 75, 73, 77, 82, 82, 87, 84, 82,
    79, 77, 78, 78, 75, 76, 83, 82, 84, 84, 80, 80, 74, 75, 73, 72, 75,
    80, 84, 82, 84, 83, 77, 78, 75, 72, 71, 73, 74, 76, 75, 80, 80, 82,
    82, 80, 82, 76, 75, 74, 75, 73, 74, 73, 70, 75, 74, 76, 74, 76, 76,
    76 ]
