%YAML:1.0
---
videoName: "headShake15.mp4"
gestureLabel: 201
fps: 29
pixelSizeInCmTemp: 3.3263888888888887e-01
faceCenterPointX: 243
faceCenterPointY: 76
headPositionsX: [ 241, 243, 243, 243, 245, 246, 242, 243, 242, 245, 243,
    245, 243, 242, 245, 242, 242, 245, 245, 245, 241, 241, 242, 243, 241,
    242, 242, 241, 243, 243, 245, 245, 241, 245, 245, 244, 243, 244, 243,
    241, 245, 241, 245, 244, 240, 244, 243, 240, 241, 242, 244, 243, 240,
    240, 244, 241, 244, 242, 243, 241, 241, 241, 243, 248, 248, 255, 255,
    260, 260, 256, 254, 252, 249, 247, 241, 241, 239, 238, 239, 240, 242,
    241, 243, 246, 248, 246, 247, 247, 243, 245, 242, 241, 241, 241, 242,
    244, 242, 242, 241, 244 ]
headPositionsY: [ 75, 75, 77, 73, 78, 77, 74, 74, 72, 78, 75, 74, 75, 77,
    75, 77, 76, 74, 76, 72, 74, 75, 77, 76, 76, 75, 75, 77, 73, 73, 74,
    77, 75, 73, 74, 75, 77, 74, 73, 76, 75, 73, 75, 78, 73, 75, 75, 77,
    75, 73, 77, 76, 75, 73, 78, 77, 73, 74, 76, 76, 75, 74, 79, 78, 74,
    74, 75, 73, 74, 75, 77, 74, 78, 77, 76, 77, 75, 73, 74, 79, 74, 77,
    76, 76, 75, 75, 78, 74, 75, 78, 77, 79, 76, 77, 77, 77, 77, 75, 77,
    77 ]
