%YAML:1.0
---
videoName: "headShake34.mp4"
gestureLabel: 201
fps: 29
pixelSizeInCmTemp: 3.2364864864864862e-01
faceCenterPointX: 263
faceCenterPointY: 83
headPositionsX: [ 262, 263, 264, 266, 261, 263, 266, 265, 265, 262, 264,
    266, 265, 265, 265, 262, 263, 264, 266, 263, 266, 265, 264, 266, 263,
    266, 266, 265, 265, 265, 265, 262, 263, 262, 265, 263, 265, 265, 267,
    267, 270, 273, 272, 277, 278, 280, 276, 278, 278, 275, 274, 268, 264,
    260, 255, 253, 252, 251, 252, 256, 257, 262, 264, 269, 270, 272, 268,
    269, 264, 262, 257, 257, 255, 256, 253, 257, 258, 261, 262, 266, 266,
    267, 268, 264, 267, 265, 263, 266, 264, 264, 267, 266, 265, 262, 262,
    265, 261, 263, 264, 263 ]
headPositionsY: [ 82, 82, 81, 85, 81, 82, 82, 81, 80, 86, 82, 84, 82, 81,
    82, 84, 80, 82, 83, 82, 84, 83, 83, 82, 84, 82, 82, 84, 84, 81, 81,
    85, 83, 82, 86, 85, 84, 85, 81, 82, 82, 81, 82, 79, 80, 79, 81, 81,
    82, 80, 84, 82, 81, 83, 80, 83, 81, 83, 81, 80, 83, 82, 85, 83, 83,
    84, 82, 81, 84, 84, 82, 81, 82, 85, 83, 83, 84, 85, 82, 84, 81, 82,
    84, 81, 82, 84, 81, 84, 85, 86, 81, 83, 83, 85, 85, 81, 82, 83, 86,
    86 ]
