%YAML:1.0
---
videoName: "headShake10.mp4"
gestureLabel: 201
fps: 29
pixelSizeInCmTemp: 3.3732394366197183e-01
faceCenterPointX: 240
faceCenterPointY: 74
headPositionsX: [ 240, 245, 244, 245, 246, 246, 247, 244, 247, 247, 245,
    244, 247, 245, 247, 246, 244, 244, 245, 247, 245, 245, 245, 245, 246,
    248, 247, 247, 244, 248, 244, 247, 246, 248, 247, 245, 246, 243, 244,
    244, 246, 244, 245, 247, 244, 245, 246, 246, 244, 244, 244, 247, 251,
    255, 254, 258, 263, 261, 259, 257, 256, 253, 249, 243, 236, 237, 230,
    230, 230, 233, 236, 241, 245, 251, 252, 257, 254, 258, 257, 252, 253,
    251, 248, 246, 242, 243, 241, 241, 241, 242, 238, 241, 241, 243, 241,
    240, 243, 239, 239, 242 ]
headPositionsY: [ 73, 73, 73, 74, 72, 72, 74, 70, 74, 72, 74, 72, 73, 72,
    71, 71, 75, 72, 72, 71, 71, 75, 71, 74, 72, 73, 74, 74, 71, 73, 71,
    75, 75, 74, 73, 74, 73, 73, 72, 72, 73, 75, 74, 72, 75, 74, 71, 74,
    71, 74, 71, 71, 70, 73, 70, 71, 70, 73, 72, 73, 75, 72, 76, 72, 73,
    76, 72, 74, 75, 73, 74, 74, 72, 74, 71, 71, 72, 71, 73, 74, 72, 74,
    76, 77, 76, 75, 73, 75, 73, 74, 73, 75, 73, 76, 75, 73, 73, 77, 76,
    74 ]
