%YAML:1.0
---
videoName: "headShake16.mp4"
gestureLabel: 201
fps: 29
pixelSizeInCmTemp: 3.2364864864864862e-01
faceCenterPointX: 242
faceCenterPointY: 77
headPositionsX: [ 243, 241, 243, 246, 243, 242, 244, 245, 242, 244, 245,
    242, 243, 242, 246, 243, 242, 246, 241, 245, 243, 241, 241, 244, 240,
    244, 243, 244, 241, 245, 240, 243, 243, 240, 242, 241, 242, 244, 247,
    246, 252, 254, 256, 254, 252, 249, 246, 243, 243, 239, 236, 236, 237,
    239, 239, 243, 244, 247, 250, 248, 248, 249, 247, 241, 239, 241, 238,
    233, 234, 233, 234, 236, 239, 240, 240, 242, 245, 245, 246, 245, 244,
    242, 241, 242, 237, 236, 240, 241, 239, 238, 239, 242, 244, 242, 243,
    241, 242, 244, 243, 244 ]
headPositionsY: [ 75, 73, 75, 75, 75, 76, 77, 78, 73, 75, 74, 78, 75, 77,
    75, 75, 77, 76, 75, 77, 74, 77, 74, 75, 74, 75, 73, 77, 76, 76, 74,
    78, 76, 75, 77, 78, 77, 78, 77, 74, 74, 75, 73, 74, 74, 77, 77, 74,
    79, 76, 76, 79, 76, 77, 76, 76, 79, 75, 74, 76, 76, 77, 75, 79, 78,
    79, 77, 77, 77, 79, 77, 77, 75, 78, 76, 78, 74, 76, 79, 78, 78, 79,
    78, 75, 75, 74, 75, 78, 77, 75, 74, 77, 77, 78, 78, 74, 78, 77, 78,
    77 ]
