%YAML:1.0
---
videoName: "headShake13.mp4"
gestureLabel: 201
fps: 29
pixelSizeInCmTemp: 3.2364864864864862e-01
faceCenterPointX: 241
faceCenterPointY: 77
headPositionsX: [ 242, 239, 244, 241, 240, 240, 240, 242, 242, 240, 242,
    240, 240, 240, 242, 243, 242, 244, 241, 242, 243, 243, 239, 242, 241,
    242, 240, 243, 240, 238, 240, 238, 240, 243, 245, 249, 252, 257, 257,
    261, 264, 264, 258, 253, 250, 243, 236, 233, 229, 230, 229, 233, 236,
    238, 246, 247, 251, 248, 247, 246, 246, 241, 237, 235, 233, 232, 234,
    233, 238, 243, 246, 249, 251, 253, 248, 252, 246, 244, 241, 237, 236,
    232, 235, 232, 233, 237, 236, 239, 244, 241, 242, 243, 243, 245, 245,
    243, 244, 243, 243, 242 ]
headPositionsY: [ 77, 74, 76, 78, 74, 78, 77, 77, 77, 77, 78, 78, 74, 77,
    74, 77, 78, 77, 77, 78, 76, 74, 76, 77, 78, 74, 76, 75, 75, 75, 74,
    75, 78, 77, 77, 76, 77, 74, 76, 73, 74, 72, 73, 76, 76, 75, 74, 78,
    79, 77, 76, 78, 76, 75, 79, 75, 74, 74, 76, 76, 74, 76, 78, 78, 77,
    77, 75, 76, 77, 76, 75, 78, 78, 77, 76, 76, 76, 76, 78, 78, 78, 78,
    76, 75, 79, 74, 78, 75, 78, 76, 77, 75, 78, 78, 74, 74, 76, 76, 74,
    78 ]
