%YAML:1.0
---
videoName: "headNod16.mp4"
gestureLabel: 202
fps: 29
pixelSizeInCmTemp: 3.3263888888888887e-01
faceCenterPointX: 255
faceCenterPointY: 77
headPositionsX: [ 255, 261, 258, 258, 259, 261, 257, 259, 256, 261, 258,
    257, 260, 258, 259, 259, 257, 257, 258, 260, 257, 257, 259, 256, 260,
    260, 259, 257, 261, 259, 260, 258, 258, 256, 259, 256, 259, 258, 259,
    257, 258, 258, 261, 258, 260, 257, 261, 258, 258, 256, 256, 260, 255,
    256, 257, 257, 258, 258, 257, 257, 257, 259, 256, 255, 256, 257, 253,
    256, 257, 255, 256, 255, 256, 257, 256, 254, 254, 255, 256, 256, 257,
    252, 254, 256, 255, 254, 255, 253, 253, 256, 257, 258, 255, 256, 256,
    255, 257, 253, 254, 254 ]
headPositionsY: [ 79, 76, 75, 76, 77, 74, 75, 74, 76, 73, 77, 78, 77, 75,
    76, 74, 77, 75, 75, 74, 77, 76, 73, 76, 78, 73, 74, 77, 74, 76, 75,
    75, 77, 75, 77, 72, 73, 72, 69, 69, 70, 69, 69, 74, 76, 79, 81, 80,
    81, 80, 78, 74, 71, 70, 70, 69, 72, 74, 76, 81, 80, 81, 82, 80, 78,
    74, 73, 72, 70, 70, 70, 76, 77, 79, 81, 78, 82, 78, 77, 73, 71, 71,
    67, 70, 70, 72, 74, 78, 78, 75, 78, 77, 74, 76, 73, 78, 76, 78, 75,
    77 ]
