%YAML:1.0
---
videoName: "headNod27.mp4"
gestureLabel: 202
fps: 29
pixelSizeInCmTemp: 3.0705128205128202e-01
faceCenterPointX: 271
faceCenterPointY: 77
headPositionsX: [ 269, 270, 274, 269, 271, 272, 272, 272, 272, 274, 272,
    275, 273, 271, 270, 272, 273, 273, 274, 272, 271, 272, 271, 270, 272,
    274, 274, 271, 271, 273, 269, 273, 273, 271, 269, 270, 267, 267, 268,
    269, 271, 272, 272, 270, 269, 268, 268, 268, 268, 270, 267, 267, 268,
    269, 269, 271, 271, 272, 268, 269, 271, 269, 271, 268, 268, 268, 265,
    266, 267, 269, 270, 269, 266, 267, 268, 267, 269, 268, 269, 267, 267,
    267, 267, 268, 269, 272, 268, 270, 272, 269, 272, 272, 270, 271, 272,
    272, 272, 268, 272, 269 ]
headPositionsY: [ 78, 71, 73, 75, 71, 71, 71, 75, 75, 73, 73, 72, 76, 72,
    76, 73, 76, 76, 74, 75, 74, 71, 70, 67, 64, 66, 64, 63, 64, 69, 68,
    75, 80, 85, 82, 81, 80, 77, 74, 73, 69, 69, 67, 66, 71, 73, 77, 76,
    79, 79, 80, 78, 75, 72, 68, 70, 73, 69, 75, 75, 78, 83, 82, 82, 81,
    79, 75, 75, 75, 70, 72, 73, 73, 79, 78, 78, 78, 80, 77, 74, 73, 71,
    73, 72, 72, 74, 74, 78, 80, 78, 77, 79, 80, 75, 78, 76, 77, 77, 77,
    76 ]
