%YAML:1.0
---
videoName: "headLookLeft6.mp4"
gestureLabel: 203
fps: 29
pixelSizeInCmTemp: 3.2808219178082193e-01
faceCenterPointX: 267
faceCenterPointY: 69
headPositionsX: [ 267, 245, 242, 245, 245, 245, 244, 246, 247, 248, 244,
    244, 244, 247, 247, 246, 246, 245, 248, 244, 245, 243, 246, 245, 247,
    245, 248, 248, 249, 253, 254, 258, 261, 260, 261, 266, 269, 266, 266,
    271, 268, 268, 268, 268, 270, 268, 270, 270, 269, 270, 270, 266, 271,
    268, 269, 268, 265, 270, 269, 267, 267, 268, 268, 267, 267, 267, 265,
    265, 269, 265, 266, 267, 269, 266, 267, 269, 267, 269, 268, 269, 266,
    269, 264, 265, 265, 268, 270, 268, 268, 271, 268, 268, 267, 269, 268,
    267, 264, 267, 269, 264 ]
headPositionsY: [ 67, 70, 72, 74, 74, 71, 72, 70, 72, 72, 70, 70, 71, 70,
    72, 74, 72, 71, 71, 72, 74, 71, 73, 72, 73, 74, 74, 72, 70, 72, 73,
    70, 70, 73, 72, 69, 69, 72, 71, 69, 71, 70, 70, 70, 71, 72, 66, 69,
    71, 73, 67, 71, 71, 70, 69, 70, 69, 71, 68, 69, 71, 71, 71, 67, 72,
    72, 71, 70, 72, 69, 69, 70, 71, 68, 70, 68, 72, 71, 72, 68, 71, 70,
    71, 69, 69, 71, 68, 70, 69, 70, 71, 67, 68, 69, 72, 71, 69, 68, 69,
    67 ]
