%YAML:1.0
---
videoName: "headLookUp0.mp4"
gestureLabel: 205
fps: 29
pixelSizeInCmTemp: 3.6846153846153845e-01
faceCenterPointX: 258
faceCenterPointY: 66
headPositionsX: [ 256, 261, 258, 261, 260, 260, 260, 259, 258, 259, 257,
    262, 257, 258, 259, 257, 260, 261, 257, 262, 257, 261, 261, 258, 258,
    257, 260, 259, 259, 262, 259, 259, 257, 260, 257, 256, 260, 261, 260,
    260, 258, 259, 258, 255, 258, 256, 256, 261, 259, 259, 259, 257, 259,
    256, 259, 259, 258, 258, 260, 258, 259, 258, 257, 259, 257, 260, 259,
    255, 257, 257, 257, 258, 256, 259, 259, 259, 257, 259, 255, 257, 257,
    258, 259, 259, 259, 257, 258, 258, 256, 258, 258, 257, 255, 259, 260,
    259, 261, 256, 257, 261 ]
headPositionsY: [ 64, 80, 81, 83, 81, 79, 79, 82, 80, 78, 78, 80, 80, 81,
    79, 77, 77, 74, 76, 75, 71, 70, 71, 70, 70, 66, 69, 69, 69, 70, 66,
    66, 65, 68, 65, 66, 66, 69, 64, 66, 67, 67, 66, 69, 65, 68, 65, 67,
    65, 68, 66, 68, 67, 66, 67, 68, 68, 65, 65, 66, 66, 68, 68, 70, 68,
    66, 69, 68, 67, 67, 65, 68, 68, 68, 67, 67, 65, 66, 69, 67, 66, 66,
    67, 70, 66, 68, 66, 70, 65, 65, 69, 67, 68, 68, 66, 69, 71, 65, 68,
    69 ]
