%YAML:1.0
---
videoName: "headNod31.mp4"
gestureLabel: 202
fps: 29
pixelSizeInCmTemp: 2.8855421686746985e-01
faceCenterPointX: 267
faceCenterPointY: 75
headPositionsX: [ 269, 272, 269, 270, 271, 268, 268, 269, 268, 272, 271,
    270, 272, 269, 269, 269, 266, 266, 270, 265, 269, 268, 265, 265, 266,
    264, 267, 265, 268, 266, 269, 270, 270, 268, 270, 268, 270, 271, 270,
    269, 267, 268, 269, 265, 266, 266, 269, 266, 269, 267, 267, 265, 268,
    266, 268, 264, 269, 264, 267, 268, 266, 266, 267, 266, 267, 267, 268,
    267, 265, 265, 268, 267, 265, 266, 268, 268, 264, 266, 265, 267, 266,
    268, 266, 267, 268, 264, 265, 266, 268, 268, 267, 268, 266, 269, 267,
    267, 266, 265, 268, 268 ]
headPositionsY: [ 76, 72, 73, 76, 73, 74, 76, 68, 64, 64, 67, 65, 67, 67,
    76, 78, 80, 87, 85, 84, 83, 82, 79, 79, 73, 74, 70, 71, 70, 69, 71,
    71, 71, 75, 79, 81, 83, 85, 87, 85, 87, 84, 80, 75, 74, 73, 73, 74,
    76, 76, 83, 85, 82, 83, 82, 82, 76, 75, 72, 69, 69, 71, 70, 67, 74,
    72, 75, 79, 78, 83, 80, 80, 79, 78, 77, 73, 69, 69, 69, 71, 76, 76,
    76, 76, 75, 77, 75, 78, 74, 72, 77, 75, 76, 77, 74, 74, 77, 76, 76,
    77 ]
