%YAML:1.0
---
videoName: "headLookDown1.mp4"
gestureLabel: 206
fps: 29
pixelSizeInCmTemp: 3.4710144927536229e-01
faceCenterPointX: 271
faceCenterPointY: 97
headPositionsX: [ 269, 270, 271, 269, 270, 272, 268, 268, 271, 272, 268,
    269, 268, 270, 271, 270, 272, 273, 273, 273, 269, 273, 270, 271, 272,
    269, 273, 273, 273, 268, 273, 269, 272, 272, 269, 270, 272, 271, 271,
    273, 268, 269, 270, 272, 270, 270, 272, 271, 271, 271, 269, 270, 269,
    272, 273, 268, 269, 273, 268, 270, 270, 271, 272, 270, 269, 267, 267,
    268, 272, 269, 270, 270, 270, 273, 270, 270, 274, 272, 268, 271, 269,
    271, 272, 273, 269, 270, 273, 273, 270, 272, 272, 271, 270, 271, 271,
    272, 272, 273, 272, 273 ]
headPositionsY: [ 99, 77, 79, 77, 80, 77, 80, 78, 78, 79, 81, 80, 78, 77,
    79, 79, 81, 78, 79, 80, 78, 77, 81, 77, 79, 77, 78, 80, 77, 77, 79,
    79, 78, 78, 82, 78, 79, 78, 79, 80, 78, 80, 82, 82, 85, 85, 84, 88,
    92, 93, 94, 92, 96, 98, 95, 95, 99, 100, 99, 100, 99, 99, 97, 97, 99,
    98, 97, 97, 98, 100, 98, 99, 96, 98, 101, 98, 96, 98, 99, 98, 96, 99,
    96, 97, 96, 96, 99, 99, 97, 100, 96, 96, 98, 95, 99, 97, 98, 99, 97,
    98 ]
