%YAML:1.0
---
videoName: "headShake23.mp4"
gestureLabel: 201
fps: 29
pixelSizeInCmTemp: 3.2808219178082193e-01
faceCenterPointX: 240
faceCenterPointY: 77
headPositionsX: [ 241, 244, 244, 242, 241, 244, 243, 241, 243, 241, 242,
    240, 242, 240, 243, 241, 243, 238, 237, 241, 238, 242, 243, 244, 249,
    251, 253, 253, 253, 257, 254, 256, 253, 252, 249, 246, 241, 236, 237,
    230, 233, 232, 231, 229, 231, 228, 230, 233, 234, 238, 240, 247, 246,
    248, 253, 250, 253, 254, 252, 253, 252, 247, 246, 245, 241, 240, 238,
    235, 236, 235, 235, 236, 232, 232, 234, 233, 237, 238, 236, 239, 239,
    241, 238, 240, 243, 244, 245, 244, 243, 243, 245, 243, 243, 242, 243,
    244, 241, 245, 242, 241 ]
headPositionsY: [ 77, 77, 77, 76, 76, 78, 77, 75, 79, 75, 77, 78, 76, 78,
    75, 75, 75, 77, 78, 78, 75, 77, 79, 76, 79, 78, 75, 78, 76, 77, 76,
    77, 78, 78, 77, 79, 76, 76, 76, 74, 77, 79, 75, 77, 76, 75, 80, 76,
    77, 76, 80, 76, 77, 75, 74, 75, 77, 75, 77, 75, 79, 78, 80, 77, 76,
    79, 78, 77, 78, 76, 77, 78, 77, 76, 79, 76, 76, 77, 77, 76, 75, 79,
    77, 75, 78, 78, 77, 77, 78, 77, 76, 80, 79, 78, 79, 78, 76, 77, 77,
    79 ]
