%YAML:1.0
---
videoName: "headNod17.mp4"
gestureLabel: 202
fps: 30
pixelSizeInCmTemp: 3.2808219178082193e-01
faceCenterPointX: 253
faceCenterPointY: 76
headPositionsX: [ 252, 257, 256, 256, 256, 253, 254, 254, 254, 254, 256,
    254, 256, 256, 256, 255, 257, 255, 254, 258, 253, 254, 254, 254, 257,
    255, 254, 258, 254, 254, 253, 256, 257, 255, 254, 256, 253, 254, 255,
    257, 256, 255, 251, 254, 251, 251, 252, 253, 251, 251, 253, 252, 254,
    252, 253, 253, 257, 256, 257, 254, 255, 257, 256, 254, 256, 256, 253,
    255, 257, 256, 253, 255, 254, 253, 252, 255, 255, 254, 255, 253, 253,
    255, 253, 253, 256, 252, 256, 254, 252, 256, 255, 256, 256, 253, 254,
    253, 256, 255, 254, 255 ]
headPositionsY: [ 77, 77, 77, 76, 78, 78, 79, 78, 77, 76, 77, 77, 79, 77,
    78, 79, 75, 76, 79, 78, 75, 75, 72, 74, 73, 70, 67, 71, 67, 69, 66,
    64, 67, 69, 68, 72, 70, 75, 73, 80, 81, 82, 82, 84, 84, 86, 83, 83,
    80, 79, 79, 75, 73, 74, 71, 69, 72, 70, 69, 68, 71, 70, 73, 73, 79,
    79, 81, 78, 81, 81, 79, 77, 74, 77, 79, 79, 79, 80, 79, 79, 75, 77,
    78, 73, 78, 76, 75, 78, 80, 80, 77, 77, 77, 76, 80, 77, 80, 77, 75,
    75 ]
