%YAML:1.0
---
videoName: "headNod15.mp4"
gestureLabel: 202
fps: 29
pixelSizeInCmTemp: 3.1933333333333330e-01
faceCenterPointX: 255
faceCenterPointY: 74
headPositionsX: [ 255, 257, 256, 258, 258, 256, 256, 256, 254, 255, 254,
    259, 257, 259, 258, 258, 257, 258, 253, 257, 256, 258, 256, 256, 257,
    254, 256, 253, 257, 256, 256, 256, 255, 256, 253, 257, 256, 253, 255,
    254, 255, 253, 257, 253, 257, 254, 254, 253, 253, 255, 257, 256, 254,
    254, 254, 252, 256, 255, 256, 255, 256, 253, 255, 256, 257, 256, 257,
    254, 257, 257, 257, 253, 253, 257, 253, 251, 255, 254, 251, 254, 255,
    255, 256, 254, 255, 254, 256, 254, 252, 254, 255, 253, 254, 252, 255,
    257, 253, 256, 256, 255 ]
headPositionsY: [ 74, 72, 75, 73, 72, 74, 73, 74, 71, 72, 73, 72, 71, 76,
    75, 74, 73, 75, 75, 74, 72, 72, 72, 71, 72, 73, 71, 71, 73, 72, 72,
    76, 73, 73, 76, 75, 77, 80, 80, 80, 82, 83, 80, 76, 74, 71, 71, 72,
    69, 72, 75, 80, 82, 80, 81, 78, 77, 73, 69, 68, 71, 75, 73, 77, 81,
    85, 83, 83, 78, 76, 75, 72, 71, 71, 74, 73, 77, 77, 79, 77, 74, 73,
    70, 72, 72, 72, 70, 71, 75, 73, 73, 73, 75, 70, 72, 75, 73, 73, 74,
    72 ]
