%YAML:1.0
---
videoName: "headNod4.mp4"
gestureLabel: 202
fps: 29
pixelSizeInCmTemp: 3.2808219178082193e-01
faceCenterPointX: 264
faceCenterPointY: 72
headPositionsX: [ 262, 270, 269, 272, 272, 270, 269, 267, 270, 272, 271,
    269, 269, 266, 270, 267, 267, 271, 269, 267, 269, 270, 270, 269, 268,
    267, 267, 267, 265, 269, 265, 267, 268, 266, 269, 265, 269, 265, 267,
    269, 267, 269, 267, 270, 266, 267, 268, 270, 267, 267, 267, 269, 267,
    265, 267, 267, 266, 264, 267, 265, 265, 264, 264, 268, 266, 264, 267,
    264, 265, 267, 267, 265, 265, 266, 266, 265, 266, 265, 267, 267, 265,
    264, 266, 266, 264, 264, 266, 267, 263, 263, 263, 267, 267, 264, 263,
    266, 265, 265, 266, 267 ]
headPositionsY: [ 71, 74, 74, 74, 76, 74, 72, 76, 74, 77, 72, 76, 77, 73,
    73, 76, 76, 75, 72, 73, 74, 74, 72, 77, 75, 77, 75, 76, 76, 74, 73,
    76, 75, 74, 76, 76, 76, 72, 74, 72, 73, 74, 74, 73, 72, 68, 66, 67,
    65, 63, 68, 70, 70, 77, 76, 80, 83, 82, 79, 78, 72, 70, 67, 67, 71,
    69, 75, 75, 81, 81, 82, 82, 80, 78, 74, 71, 69, 70, 68, 66, 71, 69,
    72, 78, 77, 80, 82, 82, 84, 80, 83, 79, 81, 80, 76, 76, 76, 73, 72,
    74 ]
