%YAML:1.0
---
videoName: "headShake29.mp4"
gestureLabel: 201
fps: 29
pixelSizeInCmTemp: 3.3263888888888887e-01
faceCenterPointX: 243
faceCenterPointY: 76
headPositionsX: [ 244, 242, 243, 244, 243, 243, 240, 244, 245, 242, 242,
    245, 242, 245, 240, 242, 241, 244, 241, 244, 242, 240, 244, 241, 238,
    240, 239, 235, 240, 240, 245, 246, 250, 253, 256, 257, 254, 250, 249,
    244, 237, 234, 231, 227, 229, 232, 232, 239, 240, 246, 247, 251, 251,
    249, 250, 245, 239, 237, 232, 231, 229, 231, 230, 235, 236, 239, 245,
    249, 250, 255, 251, 251, 249, 244, 241, 241, 235, 237, 235, 231, 234,
    232, 234, 239, 240, 237, 240, 243, 243, 242, 243, 241, 244, 243, 244,
    243, 242, 244, 240, 243 ]
headPositionsY: [ 75, 77, 75, 74, 76, 73, 74, 78, 76, 74, 74, 74, 75, 78,
    76, 77, 75, 74, 75, 75, 77, 77, 78, 76, 78, 78, 75, 78, 74, 78, 75,
    76, 78, 77, 74, 76, 73, 74, 74, 76, 76, 77, 73, 77, 78, 74, 74, 75,
    79, 76, 77, 78, 73, 74, 75, 76, 77, 74, 77, 75, 77, 76, 75, 77, 76,
    76, 75, 74, 77, 78, 76, 76, 77, 75, 75, 77, 76, 75, 76, 76, 76, 77,
    76, 76, 79, 75, 75, 75, 77, 78, 73, 79, 79, 77, 77, 79, 75, 76, 75,
    78 ]
