%YAML:1.0
---
videoName: "headShake22.mp4"
gestureLabel: 201
fps: 29
pixelSizeInCmTemp: 3.2364864864864862e-01
faceCenterPointX: 241
faceCenterPointY: 79
headPositionsX: [ 240, 241, 241, 240, 241, 242, 243, 240, 241, 244, 243,
    244, 241, 240, 243, 242, 244, 242, 242, 245, 243, 243, 242, 243, 242,
    243, 241, 240, 244, 244, 242, 243, 245, 241, 241, 244, 244, 244, 243,
    241, 245, 240, 242, 243, 240, 243, 245, 242, 242, 243, 242, 242, 240,
    243, 240, 241, 240, 241, 242, 244, 240, 242, 239, 244, 243, 238, 240,
    242, 245, 250, 249, 251, 254, 253, 255, 252, 247, 243, 242, 237, 235,
    239, 238, 241, 246, 248, 245, 245, 242, 244, 242, 243, 240, 242, 239,
    239, 241, 242, 241, 239 ]
headPositionsY: [ 80, 78, 74, 75, 78, 75, 79, 75, 75, 75, 75, 76, 75, 75,
    74, 78, 78, 78, 78, 77, 76, 78, 75, 76, 77, 75, 74, 75, 74, 76, 76,
    75, 78, 74, 76, 76, 77, 75, 76, 74, 76, 77, 75, 76, 76, 75, 79, 76,
    78, 74, 75, 77, 75, 75, 78, 75, 74, 79, 76, 77, 77, 78, 74, 78, 79,
    74, 75, 79, 77, 76, 78, 77, 77, 76, 77, 74, 79, 78, 77, 78, 79, 79,
    78, 75, 78, 77, 77, 75, 78, 76, 79, 78, 78, 77, 77, 78, 78, 80, 78,
    77 ]
