%YAML:1.0
---
videoName: "headNod18.mp4"
gestureLabel: 202
fps: 29
pixelSizeInCmTemp: 3.3263888888888887e-01
faceCenterPointX: 255
faceCenterPointY: 77
headPositionsX: [ 254, 259, 255, 258, 255, 257, 258, 254, 256, 254, 256,
    258, 256, 254, 256, 257, 257, 257, 256, 252, 257, 257, 253, 254, 254,
    254, 255, 253, 256, 252, 256, 257, 255, 253, 256, 258, 253, 255, 256,
    256, 253, 254, 256, 257, 257, 258, 258, 255, 257, 253, 255, 253, 253,
    254, 254, 254, 256, 252, 255, 255, 252, 254, 256, 253, 253, 255, 254,
    252, 254, 256, 255, 253, 253, 256, 255, 254, 255, 257, 256, 255, 254,
    253, 251, 253, 255, 252, 255, 257, 255, 257, 252, 255, 255, 257, 253,
    252, 256, 253, 254, 257 ]
headPositionsY: [ 78, 78, 77, 78, 80, 78, 76, 78, 78, 79, 79, 78, 79, 78,
    78, 77, 76, 77, 77, 80, 79, 79, 78, 78, 76, 77, 78, 77, 77, 76, 80,
    79, 76, 77, 76, 77, 80, 80, 78, 79, 74, 73, 73, 70, 73, 73, 70, 70,
    74, 75, 74, 80, 80, 80, 80, 82, 75, 76, 71, 73, 71, 74, 77, 80, 83,
    81, 78, 78, 75, 74, 74, 77, 78, 79, 84, 85, 83, 80, 75, 74, 75, 78,
    77, 76, 79, 83, 81, 84, 80, 81, 80, 76, 78, 79, 79, 75, 77, 78, 79,
    80 ]
