%YAML:1.0
---
videoName: "headShake4.mp4"
gestureLabel: 201
fps: 30
pixelSizeInCmTemp: 3.2364864864864862e-01
faceCenterPointX: 237
faceCenterPointY: 101
headPositionsX: [ 235, 243, 243, 250, 249, 254, 254, 256, 252, 249, 242,
    235, 230, 229, 226, 226, 224, 231, 234, 243, 249, 250, 255, 251, 248,
    247, 241, 232, 230, 223, 223, 226, 227, 228, 235, 240, 244, 250, 255,
    258, 256, 251, 245, 243, 238, 230, 231, 224, 223, 225, 229, 228, 234,
    240, 242, 245, 248, 250, 249, 249, 249, 243, 239, 239, 233, 231, 229,
    231, 228, 232, 234, 232, 233, 235, 240, 240, 243, 240, 240, 243, 239,
    242, 239, 240, 236, 237, 239, 239, 238, 238, 236, 235, 236, 237, 238,
    239, 237, 238, 236, 236 ]
headPositionsY: [ 100, 97, 97, 96, 99, 98, 98, 99, 99, 97, 99, 98, 100,
    100, 96, 99, 96, 100, 99, 101, 97, 99, 96, 96, 98, 101, 100, 102,
    101, 99, 97, 101, 99, 98, 99, 101, 98, 100, 100, 98, 97, 99, 97, 103,
    98, 99, 99, 102, 101, 98, 98, 98, 102, 99, 101, 102, 97, 101, 101,
    98, 100, 100, 99, 102, 102, 98, 101, 99, 100, 98, 99, 101, 97, 98,
    100, 102, 102, 98, 102, 103, 101, 99, 100, 99, 101, 100, 99, 98, 102,
    103, 100, 101, 97, 101, 101, 99, 100, 99, 98, 99 ]
