%YAML:1.0
---
videoName: "headNod33.mp4"
gestureLabel: 202
fps: 29
pixelSizeInCmTemp: 2.9567901234567900e-01
faceCenterPointX: 268
faceCenterPointY: 74
headPositionsX: [ 269, 268, 270, 267, 266, 268, 269, 270, 268, 271, 270,
    270, 272, 269, 268, 271, 272, 272, 270, 268, 269, 269, 272, 269, 271,
    269, 267, 270, 270, 270, 271, 268, 271, 269, 270, 268, 269, 269, 269,
    268, 267, 267, 270, 269, 268, 270, 268, 271, 272, 268, 268, 270, 267,
    270, 266, 269, 266, 268, 266, 269, 266, 269, 268, 270, 266, 267, 269,
    267, 268, 269, 266, 267, 269, 269, 267, 267, 267, 268, 271, 267, 270,
    269, 268, 268, 269, 269, 267, 269, 268, 269, 269, 265, 268, 268, 266,
    267, 266, 267, 269, 269 ]
headPositionsY: [ 72, 69, 72, 71, 73, 73, 74, 71, 73, 71, 74, 70, 72, 69,
    72, 69, 72, 69, 71, 69, 75, 70, 71, 70, 73, 70, 73, 73, 74, 73, 74,
    72, 71, 73, 77, 75, 76, 76, 73, 70, 68, 68, 67, 64, 68, 66, 73, 75,
    80, 83, 85, 82, 81, 78, 73, 71, 71, 71, 72, 70, 67, 72, 73, 74, 75,
    75, 76, 80, 75, 79, 75, 74, 75, 70, 71, 70, 71, 73, 75, 74, 76, 77,
    77, 80, 78, 76, 79, 77, 78, 76, 73, 77, 75, 73, 77, 78, 77, 77, 74,
    73 ]
