%YAML:1.0
---
videoName: "headLookLeft2.mp4"
gestureLabel: 203
fps: 29
pixelSizeInCmTemp: 3.6846153846153845e-01
faceCenterPointX: 278
faceCenterPointY: 74
headPositionsX: [ 278, 259, 257, 258, 258, 260, 257, 259, 260, 258, 259,
    260, 259, 260, 259, 262, 258, 261, 262, 263, 265, 264, 266, 269, 266,
    269, 272, 272, 273, 278, 277, 275, 276, 278, 280, 280, 280, 280, 279,
    277, 279, 281, 281, 282, 279, 278, 283, 281, 284, 278, 280, 284, 282,
    279, 276, 279, 280, 274, 279, 279, 282, 277, 281, 281, 278, 281, 282,
    284, 280, 280, 279, 281, 282, 275, 278, 281, 279, 280, 277, 281, 277,
    282, 281, 278, 282, 278, 285, 280, 278, 284, 281, 279, 281, 281, 280,
    278, 280, 280, 287, 281 ]
headPositionsY: [ 73, 73, 77, 76, 76, 74, 76, 78, 77, 78, 75, 74, 77, 75,
    74, 75, 77, 76, 75, 77, 76, 74, 77, 75, 77, 76, 74, 78, 75, 75, 73,
    76, 73, 75, 75, 76, 74, 75, 75, 74, 73, 73, 75, 76, 75, 73, 75, 77,
    75, 77, 73, 75, 72, 73, 73, 73, 76, 76, 72, 76, 75, 73, 74, 75, 74,
    72, 72, 75, 73, 72, 72, 75, 77, 72, 72, 75, 73, 74, 72, 75, 73, 72,
    75, 72, 73, 72, 72, 73, 74, 74, 74, 72, 77, 76, 73, 76, 73, 77, 76,
    74 ]
