%YAML:1.0
---
videoName: "headLookLeft5.mp4"
gestureLabel: 203
fps: 30
pixelSizeInCmTemp: 3.5746268656716418e-01
faceCenterPointX: 284
faceCenterPointY: 67
headPositionsX: [ 284, 258, 259, 261, 258, 260, 261, 260, 262, 260, 262,
    261, 258, 260, 264, 262, 260, 261, 264, 263, 266, 268, 268, 270, 271,
    273, 275, 278, 276, 277, 281, 282, 284, 282, 285, 284, 289, 287, 286,
    288, 286, 286, 283, 286, 289, 285, 286, 286, 286, 284, 289, 284, 286,
    283, 282, 282, 284, 283, 283, 285, 285, 285, 281, 284, 286, 281, 286,
    283, 285, 284, 285, 285, 283, 284, 283, 284, 289, 286, 285, 286, 283,
    288, 285, 288, 285, 287, 284, 286, 285, 287, 286, 287, 284, 286, 284,
    285, 283, 282, 285, 284 ]
headPositionsY: [ 69, 74, 69, 69, 74, 70, 73, 72, 70, 70, 73, 71, 71, 74,
    73, 73, 72, 70, 71, 72, 71, 73, 73, 72, 71, 69, 72, 70, 70, 70, 71,
    71, 70, 70, 68, 69, 67, 69, 66, 67, 68, 69, 65, 67, 69, 67, 70, 66,
    68, 69, 66, 70, 70, 70, 69, 68, 67, 70, 68, 66, 69, 69, 67, 67, 67,
    67, 66, 66, 68, 68, 67, 70, 70, 66, 68, 71, 68, 66, 70, 66, 69, 68,
    68, 67, 70, 70, 65, 69, 68, 69, 70, 69, 71, 68, 69, 66, 67, 69, 70,
    67 ]
