%YAML:1.0
---
videoName: "headShake24.mp4"
gestureLabel: 201
fps: 29
pixelSizeInCmTemp: 3.2808219178082193e-01
faceCenterPointX: 240
faceCenterPointY: 78
headPositionsX: [ 240, 253, 250, 251, 251, 256, 252, 255, 255, 252, 250,
    248, 244, 245, 242, 237, 237, 232, 233, 232, 231, 230, 232, 233, 230,
    237, 237, 237, 242, 242, 246, 245, 249, 248, 248, 252, 248, 248, 249,
    248, 242, 244, 240, 239, 239, 235, 233, 236, 232, 234, 237, 234, 237,
    236, 237, 242, 241, 242, 244, 244, 244, 247, 249, 249, 249, 245, 247,
    247, 245, 247, 246, 245, 241, 239, 243, 238, 238, 241, 239, 239, 240,
    238, 237, 241, 237, 238, 237, 237, 238, 238, 239, 240, 242, 241, 242,
    237, 238, 242, 239, 240 ]
headPositionsY: [ 77, 78, 78, 75, 74, 76, 74, 74, 78, 76, 76, 77, 76, 80,
    78, 76, 79, 75, 80, 78, 78, 76, 78, 76, 79, 76, 78, 79, 77, 79, 75,
    75, 77, 77, 77, 77, 80, 78, 80, 76, 77, 79, 76, 80, 77, 78, 76, 78,
    76, 79, 78, 80, 76, 76, 79, 80, 76, 75, 79, 77, 77, 77, 78, 77, 77,
    74, 77, 76, 77, 77, 77, 79, 77, 79, 76, 76, 77, 78, 77, 78, 78, 76,
    75, 78, 79, 75, 76, 80, 79, 79, 77, 78, 79, 76, 76, 77, 78, 79, 77,
    77 ]
