%YAML:1.0
---
videoName: "headShake37.mp4"
gestureLabel: 201
fps: 30
pixelSizeInCmTemp: 3.1933333333333330e-01
faceCenterPointX: 263
faceCenterPointY: 83
headPositionsX: [ 261, 262, 262, 260, 262, 264, 262, 265, 260, 262, 262,
    264, 261, 263, 264, 260, 262, 260, 260, 262, 260, 263, 261, 265, 262,
    263, 260, 261, 263, 261, 262, 261, 263, 261, 260, 262, 260, 263, 261,
    262, 261, 263, 263, 263, 261, 261, 262, 264, 266, 271, 272, 275, 278,
    283, 282, 279, 273, 266, 257, 256, 253, 252, 253, 258, 262, 270, 268,
    270, 275, 270, 269, 265, 263, 256, 253, 252, 253, 253, 257, 258, 258,
    262, 265, 267, 267, 267, 264, 265, 264, 268, 266, 262, 266, 263, 262,
    264, 261, 262, 264, 263 ]
headPositionsY: [ 84, 82, 82, 84, 83, 85, 82, 82, 84, 81, 83, 85, 81, 82,
    81, 81, 82, 80, 84, 82, 82, 81, 81, 81, 82, 81, 81, 85, 83, 83, 82,
    84, 84, 82, 85, 83, 83, 85, 84, 83, 84, 83, 85, 85, 85, 81, 85, 82,
    81, 82, 80, 81, 81, 81, 83, 81, 82, 83, 81, 82, 81, 80, 81, 82, 82,
    82, 83, 79, 80, 83, 84, 85, 83, 83, 82, 84, 84, 83, 85, 83, 81, 82,
    83, 85, 82, 85, 82, 80, 83, 83, 86, 84, 81, 85, 84, 83, 82, 83, 82,
    82 ]
