%YAML:1.0
---
videoName: "headLookLeft9.mp4"
gestureLabel: 203
fps: 30
pixelSizeInCmTemp: 3.2364864864864862e-01
faceCenterPointX: 273
faceCenterPointY: 69
headPositionsX: [ 271, 247, 248, 247, 245, 249, 245, 244, 247, 247, 246,
    245, 244, 246, 245, 247, 244, 247, 247, 246, 246, 246, 243, 246, 244,
    246, 246, 245, 246, 245, 247, 248, 248, 249, 251, 251, 253, 255, 258,
    260, 264, 265, 267, 268, 265, 270, 273, 269, 271, 273, 272, 273, 273,
    269, 272, 269, 272, 272, 271, 272, 271, 271, 272, 273, 275, 273, 269,
    273, 274, 273, 269, 272, 271, 274, 272, 273, 274, 270, 269, 268, 273,
    268, 270, 272, 271, 269, 270, 269, 272, 271, 275, 271, 271, 270, 272,
    276, 270, 271, 268, 268 ]
headPositionsY: [ 68, 72, 70, 71, 70, 71, 72, 69, 68, 70, 71, 70, 68, 71,
    72, 72, 69, 69, 71, 70, 71, 72, 72, 68, 73, 72, 72, 71, 71, 70, 70,
    71, 72, 71, 69, 71, 69, 69, 65, 67, 67, 67, 67, 71, 68, 65, 66, 68,
    70, 71, 69, 64, 67, 68, 66, 69, 69, 69, 68, 66, 67, 66, 71, 71, 69,
    69, 69, 66, 69, 65, 69, 68, 70, 71, 72, 66, 67, 65, 68, 68, 68, 71,
    68, 70, 68, 66, 69, 70, 66, 65, 66, 70, 68, 65, 67, 69, 71, 68, 70,
    69 ]
