%YAML:1.0
---
videoName: "headLookRight6.mp4"
gestureLabel: 204
fps: 29
pixelSizeInCmTemp: 3.8015873015873014e-01
faceCenterPointX: 226
faceCenterPointY: 72
headPositionsX: [ 226, 252, 247, 251, 249, 249, 249, 250, 250, 248, 247,
    250, 250, 248, 248, 248, 252, 250, 251, 249, 251, 253, 249, 249, 252,
    252, 252, 252, 251, 249, 253, 252, 251, 247, 246, 244, 241, 240, 237,
    237, 234, 231, 226, 229, 226, 227, 228, 227, 226, 229, 224, 226, 226,
    225, 224, 229, 227, 228, 225, 229, 232, 228, 229, 226, 229, 228, 225,
    225, 228, 227, 228, 226, 227, 229, 225, 226, 230, 228, 228, 229, 228,
    226, 225, 227, 227, 226, 230, 231, 227, 228, 228, 229, 231, 224, 228,
    226, 224, 225, 229, 228 ]
headPositionsY: [ 74, 72, 69, 72, 73, 74, 70, 72, 73, 74, 73, 73, 75, 71,
    75, 74, 75, 75, 72, 75, 76, 76, 76, 72, 74, 74, 73, 72, 72, 74, 76,
    75, 74, 74, 72, 74, 74, 74, 71, 75, 73, 75, 75, 76, 71, 76, 71, 73,
    76, 74, 74, 69, 76, 74, 71, 76, 77, 76, 72, 77, 74, 76, 77, 73, 76,
    72, 73, 74, 78, 75, 75, 72, 72, 74, 70, 73, 70, 76, 76, 74, 76, 75,
    75, 72, 72, 72, 78, 74, 74, 72, 71, 74, 76, 75, 71, 74, 72, 74, 76,
    70 ]
