%YAML:1.0
---
videoName: "headNod47.mp4"
gestureLabel: 202
fps: 29
pixelSizeInCmTemp: 3.0316455696202532e-01
faceCenterPointX: 266
faceCenterPointY: 70
headPositionsX: [ 265, 267, 269, 269, 265, 266, 265, 266, 265, 269, 265,
    264, 264, 263, 263, 265, 266, 264, 265, 263, 265, 265, 263, 266, 266,
    268, 266, 267, 264, 267, 268, 269, 268, 266, 269, 268, 267, 266, 266,
    270, 269, 269, 270, 270, 268, 264, 264, 264, 268, 266, 267, 269, 264,
    269, 267, 267, 267, 269, 268, 265, 266, 267, 266, 266, 265, 266, 265,
    265, 266, 267, 265, 268, 268, 267, 268, 269, 265, 268, 265, 266, 264,
    267, 267, 267, 264, 265, 266, 263, 268, 268, 265, 267, 265, 266, 267,
    265, 266, 267, 268, 265 ]
headPositionsY: [ 72, 62, 60, 61, 60, 56, 58, 62, 64, 65, 71, 76, 81, 82,
    80, 78, 74, 69, 67, 66, 65, 66, 67, 70, 69, 72, 78, 78, 77, 74, 72,
    70, 69, 66, 69, 70, 67, 71, 72, 76, 76, 77, 80, 79, 74, 73, 69, 71,
    66, 70, 71, 70, 69, 74, 73, 77, 72, 73, 73, 70, 68, 69, 67, 66, 67,
    70, 69, 72, 76, 73, 72, 73, 73, 70, 71, 71, 69, 66, 72, 73, 75, 74,
    74, 76, 70, 73, 69, 71, 68, 71, 68, 72, 71, 71, 70, 73, 70, 73, 68,
    73 ]
