%YAML:1.0
---
videoName: "headLookUp4.mp4"
gestureLabel: 205
fps: 30
pixelSizeInCmTemp: 3.6846153846153845e-01
faceCenterPointX: 256
faceCenterPointY: 68
headPositionsX: [ 254, 255, 257, 256, 257, 257, 255, 256, 255, 255, 256,
    259, 256, 255, 255, 254, 258, 255, 259, 255, 256, 258, 255, 256, 258,
    258, 258, 257, 255, 254, 256, 256, 255, 253, 255, 254, 254, 255, 257,
    253, 257, 254, 258, 254, 255, 255, 258, 257, 258, 254, 253, 257, 254,
    255, 255, 258, 256, 254, 256, 256, 255, 255, 253, 255, 255, 258, 257,
    256, 256, 257, 256, 254, 257, 256, 257, 255, 253, 257, 254, 253, 255,
    256, 254, 254, 255, 258, 255, 256, 258, 257, 256, 258, 257, 257, 255,
    255, 255, 256, 256, 254 ]
headPositionsY: [ 66, 81, 81, 82, 82, 84, 82, 85, 83, 81, 80, 83, 80, 82,
    84, 83, 84, 84, 83, 82, 83, 83, 80, 78, 77, 75, 77, 74, 76, 71, 68,
    67, 67, 71, 71, 69, 66, 68, 69, 67, 66, 72, 67, 69, 67, 69, 71, 70,
    68, 65, 71, 67, 69, 70, 68, 69, 68, 70, 67, 68, 66, 67, 65, 67, 69,
    69, 69, 72, 68, 71, 70, 71, 67, 67, 66, 68, 70, 68, 65, 66, 70, 70,
    72, 69, 68, 67, 70, 67, 68, 68, 70, 67, 70, 68, 68, 69, 68, 70, 68,
    69 ]
