%YAML:1.0
---
videoName: "headNod31.mp4"
gestureLabel: 202
fps: 29
pixelSizeInCmTemp: 2.8855421686746985e-01
faceCenterPointX: 267
faceCenterPointY: 75
headPositionsX: [ 268, 270, 268, 270, 272, 269, 270, 270, 270, 272, 271,
    270, 268, 271, 267, 268, 268, 270, 267, 267, 269, 266, 268, 267, 264,
    266, 264, 264, 266, 270, 270, 267, 269, 269, 270, 271, 271, 269, 270,
    270, 269, 269, 266, 268, 267, 267, 269, 266, 269, 269, 265, 265, 264,
    265, 267, 265, 267, 268, 267, 266, 264, 269, 268, 266, 267, 266, 265,
    268, 269, 268, 267, 264, 264, 266, 264, 266, 267, 265, 265, 267, 267,
    267, 267, 268, 265, 264, 268, 268, 265, 265, 265, 266, 269, 265, 266,
    266, 269, 267, 266, 268 ]
headPositionsY: [ 74, 72, 76, 76, 74, 76, 76, 68, 65, 64, 68, 65, 65, 64,
    78, 80, 81, 86, 88, 87, 83, 82, 80, 79, 74, 70, 71, 73, 67, 69, 70,
    70, 73, 77, 80, 83, 83, 88, 87, 88, 87, 82, 78, 75, 72, 75, 75, 73,
    76, 77, 83, 81, 82, 86, 85, 80, 79, 75, 71, 73, 72, 69, 71, 71, 70,
    72, 76, 75, 80, 82, 80, 78, 78, 75, 75, 74, 70, 71, 73, 74, 76, 76,
    74, 77, 79, 75, 79, 75, 75, 76, 74, 74, 75, 76, 76, 75, 76, 76, 77,
    77 ]
