%YAML:1.0
---
videoName: "headShake40.mp4"
gestureLabel: 201
fps: 29
pixelSizeInCmTemp: 3.2808219178082193e-01
faceCenterPointX: 261
faceCenterPointY: 86
headPositionsX: [ 261, 259, 263, 259, 262, 263, 258, 260, 263, 258, 259,
    259, 263, 262, 260, 262, 258, 259, 260, 259, 262, 263, 259, 262, 261,
    260, 259, 261, 258, 256, 255, 253, 256, 251, 252, 256, 258, 259, 267,
    271, 273, 278, 280, 281, 276, 274, 272, 267, 258, 255, 248, 249, 248,
    248, 248, 250, 258, 260, 263, 269, 268, 273, 269, 266, 267, 264, 262,
    258, 258, 257, 258, 257, 259, 259, 264, 265, 264, 267, 266, 265, 263,
    266, 260, 261, 261, 261, 255, 259, 257, 260, 257, 260, 259, 261, 262,
    260, 259, 261, 261, 259 ]
headPositionsY: [ 84, 86, 83, 81, 83, 82, 85, 81, 86, 83, 86, 85, 82, 81,
    86, 82, 83, 85, 84, 84, 82, 82, 84, 84, 83, 82, 82, 85, 84, 85, 85,
    83, 85, 85, 82, 85, 81, 82, 86, 81, 81, 82, 78, 82, 80, 79, 82, 83,
    81, 85, 83, 84, 83, 81, 84, 81, 82, 83, 84, 84, 84, 81, 83, 82, 86,
    85, 81, 82, 84, 82, 84, 84, 84, 85, 80, 83, 85, 82, 85, 82, 83, 81,
    83, 84, 84, 83, 85, 83, 83, 84, 83, 83, 86, 86, 83, 83, 84, 84, 88,
    87 ]
