%YAML:1.0
---
videoName: "headShake26.mp4"
gestureLabel: 201
fps: 30
pixelSizeInCmTemp: 3.2808219178082193e-01
faceCenterPointX: 243
faceCenterPointY: 78
headPositionsX: [ 245, 240, 241, 242, 239, 241, 246, 247, 248, 250, 248,
    249, 252, 249, 252, 251, 250, 250, 246, 243, 240, 236, 233, 234, 232,
    231, 229, 232, 230, 233, 231, 235, 237, 240, 248, 248, 250, 252, 252,
    255, 252, 250, 252, 248, 246, 242, 239, 237, 234, 229, 229, 227, 229,
    230, 230, 233, 239, 238, 241, 247, 250, 249, 252, 254, 254, 250, 253,
    252, 251, 249, 245, 244, 243, 242, 240, 238, 236, 235, 234, 234, 239,
    237, 239, 241, 242, 242, 243, 243, 241, 241, 245, 246, 242, 246, 245,
    241, 244, 243, 242, 244 ]
headPositionsY: [ 80, 78, 76, 79, 77, 76, 78, 78, 78, 79, 79, 76, 78, 78,
    75, 79, 76, 76, 77, 77, 81, 79, 77, 77, 78, 76, 75, 75, 78, 78, 75,
    78, 77, 75, 76, 74, 79, 78, 76, 77, 77, 77, 75, 76, 79, 76, 78, 79,
    76, 79, 76, 77, 77, 78, 78, 79, 78, 78, 79, 76, 80, 78, 76, 75, 76,
    75, 77, 77, 77, 76, 80, 78, 77, 78, 81, 78, 78, 78, 77, 80, 77, 80,
    79, 79, 79, 78, 78, 78, 80, 80, 79, 79, 79, 80, 78, 78, 79, 77, 79,
    79 ]
