%YAML:1.0
---
videoName: "headShake31.mp4"
gestureLabel: 201
fps: 29
pixelSizeInCmTemp: 3.2808219178082193e-01
faceCenterPointX: 236
faceCenterPointY: 68
headPositionsX: [ 234, 237, 238, 237, 239, 239, 235, 238, 236, 238, 237,
    237, 236, 239, 236, 236, 239, 238, 237, 236, 238, 237, 236, 238, 235,
    238, 237, 235, 235, 237, 235, 239, 238, 239, 237, 236, 236, 235, 240,
    244, 248, 249, 251, 250, 250, 250, 246, 238, 232, 225, 222, 220, 220,
    222, 226, 234, 241, 246, 245, 247, 246, 245, 239, 238, 232, 233, 230,
    228, 227, 233, 234, 237, 237, 242, 244, 240, 241, 245, 243, 239, 236,
    235, 237, 235, 232, 237, 233, 237, 234, 235, 233, 238, 236, 234, 237,
    234, 233, 236, 236, 234 ]
headPositionsY: [ 69, 68, 66, 65, 67, 67, 66, 67, 69, 68, 66, 68, 68, 65,
    69, 68, 69, 69, 67, 67, 68, 68, 65, 69, 67, 66, 68, 68, 69, 67, 68,
    69, 69, 66, 69, 69, 69, 66, 65, 65, 66, 64, 67, 67, 67, 68, 69, 68,
    69, 69, 66, 67, 69, 69, 70, 68, 71, 69, 69, 67, 70, 71, 70, 69, 70,
    71, 71, 71, 67, 69, 67, 67, 68, 70, 67, 70, 70, 68, 71, 71, 70, 66,
    67, 70, 69, 71, 70, 70, 70, 70, 66, 71, 70, 67, 68, 68, 68, 70, 71,
    68 ]
