%YAML:1.0
---
videoName: "headNod1.mp4"
gestureLabel: 202
fps: 29
pixelSizeInCmTemp: 3.2808219178082193e-01
faceCenterPointX: 263
faceCenterPointY: 78
headPositionsX: [ 261, 263, 261, 261, 262, 263, 264, 265, 262, 265, 263,
    263, 264, 265, 265, 262, 264, 263, 265, 262, 266, 265, 265, 263, 262,
    264, 263, 266, 263, 263, 264, 263, 263, 266, 264, 266, 266, 265, 264,
    263, 266, 265, 264, 267, 265, 267, 267, 267, 263, 264, 262, 265, 264,
    261, 261, 263, 260, 261, 262, 260, 264, 261, 262, 264, 262, 266, 263,
    266, 264, 264, 261, 261, 262, 261, 262, 264, 264, 261, 263, 262, 263,
    260, 261, 260, 263, 263, 261, 263, 265, 263, 264, 260, 260, 263, 261,
    264, 264, 264, 263, 264 ]
headPositionsY: [ 80, 73, 74, 75, 76, 73, 73, 74, 73, 76, 75, 76, 77, 74,
    74, 73, 74, 72, 73, 77, 74, 74, 77, 73, 76, 75, 73, 75, 76, 76, 75,
    73, 76, 72, 72, 73, 67, 68, 66, 62, 63, 61, 65, 63, 65, 68, 70, 71,
    72, 73, 76, 81, 84, 80, 81, 82, 81, 76, 77, 70, 71, 69, 64, 65, 64,
    65, 69, 71, 75, 74, 76, 77, 76, 76, 74, 68, 66, 65, 66, 63, 68, 65,
    68, 69, 75, 74, 78, 82, 81, 82, 81, 81, 82, 78, 81, 79, 78, 77, 81,
    77 ]
