%YAML:1.0
---
videoName: "headShake31.mp4"
gestureLabel: 201
fps: 29
pixelSizeInCmTemp: 3.2808219178082193e-01
faceCenterPointX: 236
faceCenterPointY: 68
headPositionsX: [ 234, 235, 235, 237, 238, 236, 237, 238, 237, 237, 235,
    237, 237, 238, 236, 238, 239, 238, 237, 235, 234, 237, 239, 238, 234,
    236, 237, 238, 239, 235, 235, 236, 237, 238, 236, 236, 235, 238, 239,
    243, 250, 252, 250, 251, 253, 252, 243, 240, 231, 227, 220, 221, 220,
    225, 228, 232, 239, 242, 248, 249, 244, 243, 240, 239, 233, 233, 228,
    227, 227, 232, 230, 235, 238, 241, 241, 241, 241, 245, 242, 239, 239,
    237, 237, 237, 235, 234, 236, 235, 236, 235, 236, 238, 236, 237, 237,
    238, 233, 238, 235, 236 ]
headPositionsY: [ 69, 64, 68, 68, 68, 67, 69, 67, 66, 67, 67, 68, 67, 68,
    66, 68, 69, 67, 70, 65, 69, 67, 65, 69, 68, 68, 65, 69, 66, 67, 65,
    68, 67, 66, 69, 65, 67, 67, 65, 66, 64, 68, 65, 64, 66, 66, 68, 66,
    69, 67, 67, 70, 68, 70, 69, 69, 68, 70, 70, 70, 70, 68, 69, 67, 67,
    69, 67, 69, 69, 70, 71, 71, 69, 69, 67, 70, 70, 69, 67, 71, 71, 69,
    68, 69, 69, 67, 67, 69, 71, 71, 70, 67, 71, 67, 68, 70, 67, 69, 69,
    71 ]
