%YAML:1.0
---
videoName: "headShake46.mp4"
gestureLabel: 201
fps: 30
pixelSizeInCmTemp: 3.2364864864864862e-01
faceCenterPointX: 262
faceCenterPointY: 85
headPositionsX: [ 262, 262, 261, 259, 260, 262, 259, 259, 262, 260, 260,
    259, 261, 262, 259, 259, 262, 263, 259, 261, 261, 259, 262, 261, 261,
    259, 260, 259, 259, 263, 262, 265, 270, 273, 280, 275, 277, 270, 267,
    260, 253, 253, 248, 253, 255, 262, 269, 271, 269, 267, 261, 258, 254,
    255, 254, 261, 265, 267, 267, 265, 267, 264, 259, 259, 258, 258, 262,
    269, 268, 271, 269, 265, 263, 257, 257, 260, 259, 261, 264, 266, 266,
    262, 261, 262, 258, 262, 262, 260, 261, 263, 260, 262, 258, 261, 260,
    260, 261, 259, 259, 258 ]
headPositionsY: [ 84, 85, 84, 83, 83, 85, 84, 83, 86, 82, 84, 85, 86, 84,
    85, 85, 83, 87, 82, 82, 82, 85, 85, 82, 84, 82, 83, 85, 83, 82, 85,
    83, 81, 83, 84, 82, 82, 83, 86, 82, 84, 82, 87, 83, 86, 87, 84, 86,
    85, 85, 86, 86, 85, 86, 83, 86, 85, 84, 82, 87, 87, 87, 84, 83, 87,
    86, 84, 83, 87, 84, 85, 85, 87, 82, 86, 83, 86, 82, 84, 87, 84, 84,
    84, 83, 83, 85, 83, 83, 84, 86, 84, 86, 84, 83, 85, 85, 87, 86, 85,
    87 ]
