%YAML:1.0
---
videoName: "headLookLeft4.mp4"
gestureLabel: 203
fps: 29
pixelSizeInCmTemp: 3.4710144927536229e-01
faceCenterPointX: 288
faceCenterPointY: 74
headPositionsX: [ 290, 266, 266, 264, 264, 268, 269, 270, 272, 275, 276,
    278, 279, 283, 285, 290, 295, 296, 298, 294, 295, 292, 294, 294, 291,
    296, 295, 296, 295, 292, 295, 296, 296, 293, 293, 296, 296, 296, 295,
    294, 291, 289, 296, 297, 296, 288, 289, 292, 288, 289, 293, 289, 290,
    291, 288, 288, 291, 292, 287, 290, 289, 288, 293, 288, 289, 293, 288,
    289, 288, 292, 286, 289, 289, 292, 288, 290, 293, 289, 293, 291, 290,
    292, 294, 291, 289, 292, 288, 288, 291, 293, 291, 290, 288, 286, 288,
    286, 288, 289, 288, 290 ]
headPositionsY: [ 76, 81, 78, 80, 78, 81, 78, 77, 76, 78, 79, 77, 78, 79,
    78, 79, 77, 77, 76, 81, 73, 76, 75, 78, 77, 74, 74, 79, 76, 75, 75,
    80, 78, 75, 77, 76, 78, 72, 75, 78, 74, 76, 76, 76, 74, 72, 75, 75,
    74, 75, 74, 74, 74, 73, 72, 74, 72, 74, 72, 77, 73, 74, 74, 74, 76,
    73, 76, 73, 72, 76, 75, 76, 75, 75, 76, 77, 78, 72, 78, 74, 77, 72,
    79, 74, 73, 73, 73, 77, 75, 76, 77, 73, 74, 74, 76, 76, 77, 75, 73,
    74 ]
