%YAML:1.0
---
videoName: "headNod35.mp4"
gestureLabel: 202
fps: 30
pixelSizeInCmTemp: 2.9937500000000000e-01
faceCenterPointX: 268
faceCenterPointY: 78
headPositionsX: [ 266, 267, 270, 266, 269, 267, 270, 270, 267, 269, 270,
    270, 269, 270, 272, 267, 272, 270, 272, 270, 268, 269, 270, 268, 267,
    271, 272, 267, 270, 273, 269, 270, 271, 269, 271, 269, 268, 268, 266,
    267, 266, 268, 266, 269, 267, 268, 269, 267, 271, 269, 272, 267, 269,
    269, 266, 268, 271, 270, 270, 268, 266, 267, 270, 267, 267, 271, 269,
    267, 269, 270, 271, 269, 266, 267, 267, 269, 270, 270, 271, 272, 267,
    269, 267, 268, 269, 267, 265, 269, 265, 264, 266, 265, 265, 269, 267,
    269, 265, 269, 268, 266 ]
headPositionsY: [ 77, 75, 73, 75, 76, 74, 74, 78, 78, 77, 77, 76, 75, 75,
    77, 75, 79, 76, 74, 77, 77, 76, 79, 76, 74, 76, 74, 71, 69, 68, 67,
    65, 70, 70, 68, 77, 78, 82, 88, 92, 93, 90, 87, 85, 80, 75, 75, 72,
    76, 75, 77, 79, 83, 89, 87, 90, 86, 83, 82, 82, 73, 71, 70, 74, 72,
    74, 77, 82, 86, 87, 87, 84, 81, 77, 75, 75, 74, 75, 76, 77, 79, 83,
    85, 87, 84, 83, 82, 84, 82, 82, 77, 82, 80, 76, 77, 77, 81, 75, 79,
    76 ]
