%YAML:1.0
---
videoName: "headNod37.mp4"
gestureLabel: 202
fps: 29
pixelSizeInCmTemp: 2.9207317073170730e-01
faceCenterPointX: 269
faceCenterPointY: 78
headPositionsX: [ 271, 270, 272, 273, 270, 272, 270, 270, 270, 270, 270,
    270, 271, 271, 269, 271, 270, 267, 267, 270, 272, 268, 270, 266, 267,
    268, 269, 269, 269, 269, 271, 268, 271, 270, 269, 270, 269, 269, 269,
    270, 270, 268, 271, 270, 269, 269, 271, 268, 269, 268, 268, 271, 270,
    273, 270, 271, 268, 268, 271, 267, 269, 270, 267, 269, 265, 265, 266,
    266, 265, 265, 266, 264, 269, 266, 269, 268, 270, 268, 270, 270, 269,
    268, 270, 269, 268, 270, 267, 268, 272, 267, 271, 269, 269, 271, 268,
    268, 267, 268, 270, 268 ]
headPositionsY: [ 76, 76, 75, 77, 77, 75, 76, 76, 77, 77, 72, 74, 74, 77,
    76, 73, 73, 74, 73, 75, 76, 77, 75, 76, 74, 74, 75, 75, 73, 76, 75,
    77, 76, 77, 74, 74, 75, 75, 75, 78, 75, 76, 75, 76, 76, 77, 78, 78,
    78, 76, 74, 72, 71, 72, 69, 67, 63, 68, 65, 66, 72, 71, 78, 85, 87,
    86, 89, 87, 81, 81, 74, 74, 68, 65, 68, 66, 65, 66, 65, 70, 71, 72,
    79, 82, 81, 81, 84, 80, 82, 81, 79, 79, 80, 77, 78, 77, 75, 78, 78,
    80 ]
