%YAML:1.0
---
videoName: "headNod36.mp4"
gestureLabel: 202
fps: 29
pixelSizeInCmTemp: 2.8176470588235292e-01
faceCenterPointX: 269
faceCenterPointY: 75
headPositionsX: [ 271, 270, 270, 271, 270, 272, 268, 271, 270, 272, 269,
    271, 270, 272, 270, 268, 272, 269, 271, 270, 270, 270, 270, 270, 272,
    271, 270, 271, 268, 268, 272, 270, 270, 272, 268, 270, 267, 265, 269,
    266, 266, 268, 268, 269, 268, 268, 268, 270, 269, 271, 273, 269, 270,
    272, 271, 272, 272, 271, 269, 268, 271, 269, 270, 266, 269, 266, 267,
    269, 267, 269, 269, 266, 266, 267, 266, 269, 270, 269, 270, 270, 267,
    268, 268, 270, 267, 268, 267, 268, 268, 271, 268, 269, 270, 268, 267,
    272, 270, 270, 268, 268 ]
headPositionsY: [ 75, 73, 74, 75, 72, 72, 73, 72, 73, 72, 75, 74, 72, 72,
    72, 76, 73, 77, 75, 75, 78, 80, 79, 79, 76, 74, 67, 68, 66, 63, 64,
    63, 72, 72, 81, 84, 86, 91, 91, 87, 84, 79, 74, 72, 71, 66, 66, 66,
    66, 70, 70, 75, 79, 79, 84, 85, 86, 88, 83, 80, 78, 78, 74, 75, 73,
    74, 75, 75, 81, 83, 83, 83, 78, 80, 76, 75, 76, 72, 76, 78, 81, 82,
    82, 83, 83, 82, 83, 79, 80, 76, 78, 73, 76, 75, 77, 77, 73, 76, 76,
    77 ]
