%YAML:1.0
---
videoName: "headLookUp9.mp4"
gestureLabel: 205
fps: 29
pixelSizeInCmTemp: 3.3732394366197183e-01
faceCenterPointX: 251
faceCenterPointY: 57
headPositionsX: [ 249, 251, 251, 252, 252, 254, 253, 249, 250, 254, 249,
    249, 252, 250, 251, 252, 251, 251, 252, 251, 250, 253, 250, 253, 251,
    249, 252, 249, 252, 254, 251, 252, 254, 250, 252, 252, 252, 249, 250,
    249, 249, 252, 251, 252, 254, 251, 252, 252, 251, 249, 252, 251, 253,
    253, 251, 253, 252, 253, 250, 250, 252, 253, 253, 249, 252, 250, 249,
    251, 249, 250, 249, 249, 252, 253, 253, 251, 252, 253, 250, 252, 252,
    252, 253, 253, 253, 251, 250, 251, 250, 252, 253, 253, 252, 251, 250,
    249, 253, 250, 254, 249 ]
headPositionsY: [ 58, 74, 73, 72, 74, 75, 74, 75, 73, 73, 72, 75, 76, 73,
    76, 73, 75, 75, 74, 72, 72, 75, 73, 75, 75, 75, 76, 74, 72, 73, 70,
    74, 73, 71, 72, 69, 70, 68, 69, 67, 67, 65, 61, 62, 61, 61, 61, 61,
    61, 57, 59, 57, 58, 56, 56, 59, 56, 59, 59, 57, 59, 56, 57, 56, 55,
    56, 58, 57, 56, 56, 56, 55, 57, 59, 58, 55, 58, 57, 58, 59, 59, 56,
    59, 57, 56, 55, 55, 59, 58, 58, 58, 55, 56, 58, 58, 59, 55, 57, 58,
    54 ]
