%YAML:1.0
---
videoName: "headShake30.mp4"
gestureLabel: 201
fps: 29
pixelSizeInCmTemp: 3.2808219178082193e-01
faceCenterPointX: 240
faceCenterPointY: 68
headPositionsX: [ 239, 233, 233, 235, 234, 233, 234, 231, 235, 237, 233,
    236, 236, 238, 239, 238, 242, 242, 245, 241, 243, 242, 245, 242, 242,
    243, 244, 244, 242, 243, 238, 239, 240, 240, 241, 239, 239, 238, 245,
    247, 248, 253, 259, 258, 261, 259, 256, 256, 252, 244, 238, 228, 229,
    222, 225, 224, 227, 232, 238, 245, 250, 251, 254, 250, 244, 240, 239,
    234, 228, 228, 227, 229, 231, 238, 244, 244, 249, 251, 252, 251, 246,
    242, 244, 236, 238, 234, 237, 235, 237, 241, 238, 241, 241, 243, 240,
    241, 240, 242, 241, 241 ]
headPositionsY: [ 67, 57, 54, 58, 60, 61, 60, 61, 60, 64, 66, 62, 64, 64,
    65, 65, 63, 65, 67, 67, 67, 67, 67, 66, 64, 67, 64, 65, 66, 67, 67,
    64, 68, 64, 66, 64, 65, 67, 67, 66, 66, 65, 65, 65, 67, 64, 66, 68,
    68, 65, 68, 67, 65, 66, 68, 66, 71, 67, 67, 67, 67, 65, 68, 66, 70,
    67, 69, 67, 67, 67, 70, 70, 68, 70, 68, 69, 67, 67, 68, 66, 67, 65,
    66, 67, 65, 69, 70, 70, 66, 69, 66, 67, 66, 68, 70, 67, 69, 70, 69,
    70 ]
