%YAML:1.0
---
videoName: "headLookLeft2.mp4"
gestureLabel: 203
fps: 29
pixelSizeInCmTemp: 3.6846153846153845e-01
faceCenterPointX: 278
faceCenterPointY: 74
headPositionsX: [ 279, 257, 260, 259, 260, 261, 261, 260, 261, 261, 260,
    259, 261, 258, 262, 259, 258, 261, 262, 261, 264, 265, 267, 265, 267,
    271, 272, 274, 276, 275, 277, 279, 278, 279, 278, 283, 277, 281, 278,
    278, 277, 281, 282, 278, 280, 280, 279, 280, 286, 282, 279, 282, 282,
    278, 277, 282, 279, 270, 280, 278, 281, 276, 279, 281, 280, 277, 278,
    282, 282, 281, 281, 283, 282, 276, 278, 282, 276, 280, 279, 282, 276,
    280, 280, 281, 283, 277, 284, 279, 276, 283, 282, 281, 284, 279, 280,
    277, 283, 279, 286, 279 ]
headPositionsY: [ 75, 74, 74, 76, 73, 73, 78, 74, 78, 77, 74, 74, 77, 76,
    75, 74, 76, 76, 79, 77, 77, 77, 76, 73, 77, 77, 75, 74, 75, 76, 76,
    76, 71, 73, 73, 74, 74, 72, 74, 75, 76, 74, 74, 75, 72, 77, 74, 73,
    76, 73, 76, 77, 74, 75, 73, 74, 74, 73, 74, 77, 77, 73, 76, 74, 74,
    72, 74, 75, 75, 75, 72, 73, 73, 73, 71, 74, 75, 73, 71, 73, 73, 72,
    76, 76, 76, 74, 73, 74, 74, 72, 74, 74, 77, 72, 75, 73, 74, 77, 75,
    72 ]
