%YAML:1.0
---
videoName: "headNod20.mp4"
gestureLabel: 202
fps: 30
pixelSizeInCmTemp: 3.2808219178082193e-01
faceCenterPointX: 253
faceCenterPointY: 80
headPositionsX: [ 253, 255, 255, 254, 258, 257, 253, 256, 256, 255, 257,
    256, 256, 255, 254, 255, 256, 254, 256, 254, 257, 254, 254, 255, 254,
    256, 255, 253, 255, 256, 256, 253, 257, 258, 254, 254, 256, 256, 255,
    252, 256, 252, 253, 254, 252, 252, 253, 253, 255, 252, 252, 254, 251,
    252, 253, 252, 251, 254, 250, 249, 250, 251, 251, 251, 251, 253, 251,
    253, 251, 255, 254, 251, 255, 250, 252, 253, 252, 254, 250, 250, 254,
    250, 255, 253, 253, 254, 254, 253, 252, 252, 253, 255, 250, 253, 255,
    253, 251, 252, 251, 254 ]
headPositionsY: [ 81, 77, 77, 78, 77, 80, 78, 78, 79, 80, 80, 76, 77, 80,
    80, 78, 78, 78, 77, 76, 76, 79, 79, 77, 77, 79, 81, 81, 81, 83, 85,
    84, 84, 88, 87, 84, 78, 77, 77, 70, 70, 71, 72, 74, 79, 79, 84, 85,
    90, 88, 88, 84, 81, 77, 77, 74, 79, 77, 79, 81, 81, 83, 80, 79, 80,
    77, 79, 81, 82, 85, 84, 80, 78, 78, 77, 81, 79, 78, 80, 80, 83, 79,
    78, 78, 78, 82, 79, 82, 82, 79, 78, 80, 80, 81, 82, 82, 78, 79, 81,
    80 ]
