%YAML:1.0
---
videoName: "headNod7.mp4"
gestureLabel: 202
fps: 29
pixelSizeInCmTemp: 3.2808219178082193e-01
faceCenterPointX: 261
faceCenterPointY: 71
headPositionsX: [ 259, 264, 267, 265, 265, 262, 264, 262, 264, 263, 264,
    264, 264, 262, 261, 261, 260, 262, 264, 264, 263, 261, 263, 262, 261,
    262, 264, 262, 265, 264, 260, 263, 262, 262, 263, 260, 263, 260, 262,
    259, 260, 263, 263, 264, 262, 261, 260, 261, 260, 264, 263, 261, 264,
    264, 263, 262, 263, 263, 263, 260, 261, 263, 260, 262, 261, 261, 263,
    261, 261, 259, 259, 259, 262, 262, 259, 261, 261, 263, 264, 262, 264,
    262, 264, 262, 263, 264, 259, 262, 259, 260, 260, 262, 263, 262, 260,
    260, 264, 263, 260, 262 ]
headPositionsY: [ 73, 74, 74, 73, 77, 73, 73, 70, 75, 74, 76, 70, 73, 75,
    71, 74, 73, 77, 76, 72, 75, 73, 76, 73, 75, 78, 75, 78, 75, 77, 76,
    77, 75, 76, 76, 74, 75, 77, 77, 75, 77, 74, 74, 75, 77, 76, 75, 77,
    72, 69, 71, 68, 68, 72, 73, 74, 79, 82, 79, 76, 78, 69, 71, 71, 71,
    72, 76, 77, 77, 79, 80, 74, 72, 70, 71, 72, 70, 68, 70, 71, 76, 75,
    77, 77, 81, 77, 74, 73, 74, 71, 69, 72, 72, 68, 72, 72, 74, 69, 72,
    73 ]
