%YAML:1.0
---
videoName: "headLookRight0.mp4"
gestureLabel: 204
fps: 29
pixelSizeInCmTemp: 3.1933333333333330e-01
faceCenterPointX: 229
faceCenterPointY: 68
headPositionsX: [ 227, 257, 258, 255, 257, 256, 255, 257, 254, 256, 256,
    255, 258, 255, 255, 255, 257, 256, 258, 256, 259, 259, 256, 253, 256,
    254, 258, 256, 258, 257, 256, 256, 254, 255, 257, 254, 254, 257, 253,
    254, 250, 249, 250, 246, 241, 242, 239, 238, 236, 235, 232, 233, 233,
    232, 236, 236, 235, 236, 235, 233, 235, 232, 233, 235, 232, 231, 235,
    234, 231, 232, 232, 234, 233, 237, 234, 232, 232, 233, 231, 228, 233,
    229, 232, 227, 230, 230, 231, 229, 231, 230, 233, 229, 232, 230, 227,
    230, 228, 232, 226, 228 ]
headPositionsY: [ 70, 65, 67, 67, 65, 67, 62, 64, 64, 64, 66, 65, 66, 68,
    69, 66, 67, 65, 68, 69, 68, 68, 65, 69, 67, 69, 68, 68, 68, 66, 69,
    70, 67, 67, 69, 67, 66, 70, 66, 67, 69, 65, 65, 65, 69, 69, 67, 67,
    66, 69, 70, 69, 66, 67, 70, 68, 67, 70, 66, 68, 68, 68, 69, 67, 68,
    68, 68, 70, 68, 69, 65, 66, 69, 70, 69, 65, 67, 65, 70, 70, 70, 67,
    69, 69, 65, 67, 69, 68, 66, 66, 67, 69, 71, 70, 70, 68, 66, 66, 67,
    69 ]
