%YAML:1.0
---
videoName: "headLookDown3.mp4"
gestureLabel: 206
fps: 29
pixelSizeInCmTemp: 3.5746268656716418e-01
faceCenterPointX: 273
faceCenterPointY: 98
headPositionsX: [ 274, 271, 275, 274, 274, 272, 272, 275, 274, 275, 275,
    273, 272, 272, 272, 272, 271, 272, 273, 275, 270, 274, 272, 274, 273,
    273, 275, 272, 274, 275, 272, 273, 272, 274, 271, 273, 272, 273, 272,
    272, 272, 274, 270, 270, 272, 272, 271, 274, 274, 274, 274, 271, 273,
    273, 271, 274, 274, 270, 271, 273, 273, 270, 269, 270, 273, 271, 271,
    270, 272, 271, 271, 274, 269, 271, 270, 269, 272, 273, 271, 270, 273,
    273, 270, 271, 273, 273, 272, 272, 274, 273, 270, 274, 272, 271, 276,
    275, 274, 272, 273, 273 ]
headPositionsY: [ 100, 80, 76, 79, 80, 77, 79, 80, 76, 79, 81, 80, 80,
    80, 78, 79, 76, 77, 81, 81, 79, 78, 78, 77, 78, 79, 80, 81, 77, 78,
    81, 77, 78, 80, 78, 80, 80, 80, 81, 79, 84, 85, 82, 82, 85, 86, 85,
    91, 87, 92, 92, 93, 91, 93, 92, 96, 97, 98, 96, 98, 100, 98, 100, 97,
    102, 100, 100, 101, 100, 99, 99, 104, 100, 103, 100, 99, 99, 100,
    101, 101, 100, 102, 103, 99, 100, 99, 102, 102, 103, 103, 101, 102,
    103, 102, 100, 99, 99, 99, 101, 98 ]
