%YAML:1.0
---
videoName: "headLookUp3.mp4"
gestureLabel: 205
fps: 29
pixelSizeInCmTemp: 3.7421874999999999e-01
faceCenterPointX: 254
faceCenterPointY: 68
headPositionsX: [ 254, 257, 258, 254, 255, 255, 257, 256, 254, 255, 255,
    256, 257, 258, 258, 258, 256, 255, 255, 259, 259, 256, 256, 255, 255,
    257, 256, 255, 258, 257, 259, 257, 255, 255, 258, 254, 254, 254, 255,
    256, 258, 258, 254, 258, 256, 254, 254, 257, 254, 257, 255, 256, 255,
    255, 257, 254, 257, 257, 254, 257, 256, 257, 256, 257, 255, 253, 254,
    252, 256, 254, 252, 257, 256, 254, 256, 256, 253, 255, 256, 256, 256,
    254, 255, 255, 255, 256, 257, 254, 255, 254, 258, 257, 254, 256, 255,
    257, 254, 257, 256, 255 ]
headPositionsY: [ 68, 81, 81, 84, 84, 83, 83, 83, 81, 80, 81, 81, 82, 81,
    84, 80, 81, 83, 80, 80, 80, 84, 83, 83, 83, 84, 81, 79, 81, 80, 84,
    82, 83, 82, 82, 83, 83, 79, 82, 79, 78, 75, 79, 77, 74, 71, 69, 71,
    70, 70, 68, 70, 66, 68, 69, 69, 69, 64, 68, 66, 66, 69, 67, 70, 68,
    67, 64, 67, 70, 68, 69, 67, 69, 68, 68, 69, 67, 68, 69, 69, 69, 67,
    66, 65, 66, 68, 68, 70, 66, 66, 68, 66, 68, 68, 65, 69, 67, 70, 70,
    67 ]
