%YAML:1.0
---
videoName: "headShake45.mp4"
gestureLabel: 201
fps: 30
pixelSizeInCmTemp: 3.3263888888888887e-01
faceCenterPointX: 262
faceCenterPointY: 84
headPositionsX: [ 262, 262, 261, 261, 262, 261, 262, 260, 265, 265, 261,
    261, 261, 262, 263, 260, 261, 262, 264, 262, 260, 261, 260, 262, 260,
    263, 259, 264, 263, 264, 262, 264, 264, 260, 264, 260, 262, 258, 260,
    257, 255, 257, 261, 265, 268, 273, 278, 283, 282, 276, 270, 266, 260,
    255, 256, 255, 257, 263, 268, 269, 272, 272, 271, 266, 263, 258, 256,
    254, 255, 260, 267, 269, 273, 272, 269, 266, 265, 260, 256, 254, 257,
    258, 258, 261, 263, 265, 263, 261, 258, 259, 258, 261, 260, 260, 262,
    262, 263, 264, 263, 264 ]
headPositionsY: [ 84, 83, 83, 82, 83, 79, 80, 83, 81, 85, 80, 81, 84, 81,
    82, 81, 84, 84, 82, 81, 82, 79, 85, 84, 82, 83, 83, 83, 80, 81, 80,
    84, 81, 80, 80, 84, 84, 82, 83, 80, 80, 83, 83, 80, 83, 81, 79, 81,
    80, 80, 82, 84, 81, 81, 81, 84, 84, 82, 84, 82, 82, 83, 79, 82, 85,
    81, 84, 81, 85, 81, 82, 83, 82, 81, 83, 83, 85, 85, 83, 80, 83, 82,
    82, 81, 82, 82, 81, 82, 84, 81, 82, 82, 85, 81, 84, 81, 82, 84, 82,
    85 ]
