%YAML:1.0
---
videoName: "headShake47.mp4"
gestureLabel: 201
fps: 29
pixelSizeInCmTemp: 3.2364864864864862e-01
faceCenterPointX: 258
faceCenterPointY: 86
headPositionsX: [ 258, 261, 258, 260, 259, 261, 260, 261, 262, 259, 258,
    261, 257, 261, 259, 258, 258, 261, 259, 263, 259, 263, 260, 261, 259,
    259, 262, 259, 262, 260, 258, 263, 259, 257, 254, 257, 255, 253, 251,
    249, 250, 250, 251, 255, 262, 266, 268, 266, 265, 263, 261, 254, 255,
    254, 256, 257, 261, 264, 265, 266, 260, 257, 255, 251, 253, 253, 259,
    260, 263, 265, 262, 262, 258, 252, 254, 253, 255, 261, 262, 265, 261,
    262, 257, 257, 255, 255, 252, 254, 258, 257, 256, 257, 256, 259, 257,
    255, 255, 257, 256, 256 ]
headPositionsY: [ 88, 84, 87, 85, 87, 87, 85, 86, 86, 85, 85, 83, 82, 84,
    82, 87, 82, 87, 87, 87, 85, 87, 86, 85, 85, 86, 83, 84, 87, 84, 86,
    84, 84, 88, 84, 84, 83, 87, 85, 83, 84, 87, 85, 89, 90, 86, 86, 89,
    91, 91, 90, 88, 91, 87, 91, 89, 89, 89, 87, 86, 89, 89, 86, 86, 88,
    84, 88, 89, 86, 88, 87, 86, 89, 87, 86, 88, 86, 88, 88, 88, 87, 85,
    86, 86, 85, 85, 86, 88, 88, 88, 87, 88, 84, 85, 88, 85, 88, 88, 84,
    88 ]
