%YAML:1.0
---
videoName: "headNod5.mp4"
gestureLabel: 202
fps: 29
pixelSizeInCmTemp: 3.1513157894736843e-01
faceCenterPointX: 263
faceCenterPointY: 75
headPositionsX: [ 265, 265, 263, 265, 261, 262, 260, 261, 261, 260, 260,
    262, 265, 262, 263, 264, 266, 266, 266, 265, 265, 268, 266, 265, 264,
    266, 262, 266, 264, 264, 265, 267, 263, 267, 267, 268, 264, 266, 265,
    268, 265, 268, 264, 265, 265, 265, 266, 267, 266, 263, 264, 264, 267,
    261, 262, 263, 262, 265, 262, 264, 262, 263, 266, 266, 264, 266, 262,
    264, 265, 266, 265, 263, 267, 267, 262, 263, 266, 263, 264, 265, 265,
    264, 263, 263, 263, 260, 263, 261, 263, 262, 265, 264, 263, 260, 263,
    264, 260, 264, 263, 262 ]
headPositionsY: [ 75, 72, 75, 75, 72, 72, 73, 75, 72, 74, 74, 73, 76, 73,
    75, 74, 76, 74, 75, 75, 75, 76, 77, 78, 75, 75, 75, 77, 77, 75, 76,
    78, 77, 73, 78, 75, 80, 76, 76, 78, 78, 76, 79, 77, 75, 79, 80, 78,
    77, 79, 80, 79, 84, 82, 83, 81, 81, 77, 75, 76, 74, 76, 80, 83, 85,
    90, 85, 80, 79, 73, 74, 75, 79, 78, 84, 87, 84, 86, 82, 78, 78, 74,
    75, 75, 74, 78, 80, 79, 81, 82, 80, 80, 73, 72, 73, 72, 72, 73, 72,
    72 ]
