%YAML:1.0
---
videoName: "headLookLeft3.mp4"
gestureLabel: 203
fps: 29
pixelSizeInCmTemp: 3.4214285714285714e-01
faceCenterPointX: 290
faceCenterPointY: 74
headPositionsX: [ 288, 262, 262, 265, 262, 266, 268, 266, 267, 270, 271,
    274, 276, 276, 279, 284, 285, 286, 289, 290, 290, 287, 291, 292, 284,
    289, 294, 289, 288, 283, 289, 289, 292, 293, 286, 289, 285, 293, 290,
    290, 290, 289, 288, 295, 290, 289, 289, 287, 289, 287, 292, 293, 289,
    288, 289, 289, 290, 290, 292, 290, 292, 291, 289, 288, 286, 289, 287,
    291, 284, 291, 288, 287, 287, 285, 284, 288, 287, 286, 288, 288, 287,
    287, 290, 288, 290, 285, 291, 288, 288, 288, 287, 288, 287, 286, 285,
    283, 287, 287, 288, 284 ]
headPositionsY: [ 74, 76, 74, 75, 76, 74, 80, 78, 79, 75, 78, 75, 75, 76,
    76, 76, 76, 77, 74, 74, 74, 73, 73, 77, 74, 72, 73, 75, 73, 73, 74,
    73, 73, 77, 75, 74, 72, 74, 73, 76, 75, 75, 75, 76, 76, 73, 72, 73,
    75, 72, 73, 74, 72, 73, 74, 74, 72, 75, 73, 76, 74, 72, 72, 71, 75,
    73, 72, 72, 72, 75, 75, 75, 73, 73, 71, 76, 74, 74, 73, 74, 72, 75,
    71, 74, 73, 75, 73, 75, 73, 74, 72, 72, 72, 74, 75, 75, 74, 74, 74,
    72 ]
