%YAML:1.0
---
videoName: "headNod1.mp4"
gestureLabel: 202
fps: 29
pixelSizeInCmTemp: 3.2808219178082193e-01
faceCenterPointX: 263
faceCenterPointY: 78
headPositionsX: [ 264, 263, 262, 262, 263, 262, 264, 263, 262, 264, 263,
    266, 261, 265, 264, 265, 264, 265, 266, 263, 265, 265, 263, 263, 266,
    264, 267, 262, 264, 264, 264, 262, 263, 265, 263, 265, 262, 264, 264,
    263, 265, 266, 266, 265, 266, 266, 266, 266, 263, 262, 263, 263, 262,
    261, 262, 264, 263, 264, 262, 264, 264, 263, 264, 264, 262, 264, 267,
    263, 265, 262, 260, 262, 263, 265, 264, 261, 260, 261, 263, 262, 261,
    260, 263, 262, 261, 263, 265, 265, 264, 260, 261, 260, 263, 260, 261,
    260, 264, 262, 265, 265 ]
headPositionsY: [ 80, 73, 72, 72, 74, 77, 75, 76, 73, 76, 73, 73, 74, 75,
    76, 75, 72, 74, 73, 75, 74, 75, 77, 76, 74, 75, 75, 77, 76, 75, 77,
    73, 73, 75, 72, 71, 68, 66, 68, 65, 62, 62, 62, 64, 63, 68, 69, 71,
    71, 74, 79, 80, 82, 84, 80, 83, 80, 76, 73, 71, 68, 68, 68, 66, 65,
    65, 71, 71, 76, 77, 80, 79, 78, 78, 73, 68, 68, 65, 68, 65, 64, 65,
    70, 71, 75, 75, 80, 81, 81, 83, 80, 80, 78, 82, 81, 79, 81, 80, 79,
    77 ]
