%YAML:1.0
---
videoName: "headShake13.mp4"
gestureLabel: 201
fps: 29
pixelSizeInCmTemp: 3.2364864864864862e-01
faceCenterPointX: 241
faceCenterPointY: 77
headPositionsX: [ 242, 241, 244, 243, 242, 240, 244, 240, 240, 240, 240,
    243, 243, 241, 243, 240, 242, 241, 241, 242, 240, 244, 240, 240, 243,
    242, 244, 239, 241, 240, 239, 237, 237, 241, 245, 248, 251, 255, 257,
    262, 262, 262, 257, 253, 251, 242, 239, 236, 230, 231, 228, 230, 235,
    241, 243, 250, 248, 252, 247, 250, 246, 240, 235, 236, 233, 230, 230,
    234, 236, 241, 246, 249, 251, 254, 252, 251, 247, 245, 241, 238, 236,
    232, 235, 235, 233, 233, 236, 238, 242, 244, 243, 244, 244, 246, 242,
    242, 245, 242, 239, 243 ]
headPositionsY: [ 75, 78, 74, 75, 76, 75, 77, 76, 75, 74, 74, 77, 74, 77,
    76, 76, 76, 78, 74, 74, 76, 75, 76, 74, 75, 75, 78, 78, 75, 73, 74,
    74, 75, 79, 77, 74, 76, 77, 72, 75, 73, 72, 74, 78, 78, 78, 77, 75,
    75, 76, 77, 74, 74, 79, 77, 77, 76, 77, 76, 75, 76, 78, 75, 76, 77,
    77, 76, 74, 78, 78, 74, 78, 77, 77, 78, 77, 76, 74, 75, 77, 74, 74,
    76, 74, 75, 76, 75, 74, 75, 75, 75, 73, 75, 78, 78, 74, 77, 74, 75,
    74 ]
