%YAML:1.0
---
videoName: "headShake5.mp4"
gestureLabel: 201
fps: 30
pixelSizeInCmTemp: 3.3263888888888887e-01
faceCenterPointX: 275
faceCenterPointY: 73
headPositionsX: [ 275, 275, 276, 275, 279, 279, 278, 278, 279, 276, 280,
    280, 279, 275, 276, 279, 276, 278, 279, 280, 278, 278, 279, 276, 277,
    276, 277, 277, 279, 278, 277, 279, 281, 282, 282, 286, 289, 294, 297,
    298, 296, 295, 292, 286, 280, 273, 265, 264, 263, 262, 270, 275, 280,
    287, 289, 289, 290, 285, 281, 274, 270, 265, 264, 266, 269, 270, 274,
    281, 284, 286, 286, 284, 280, 276, 275, 272, 266, 265, 269, 267, 268,
    270, 276, 280, 281, 281, 280, 281, 280, 283, 278, 281, 276, 278, 274,
    276, 277, 277, 273, 275 ]
headPositionsY: [ 75, 74, 72, 74, 71, 73, 73, 71, 75, 74, 75, 72, 74, 71,
    73, 71, 76, 73, 73, 75, 75, 75, 76, 74, 75, 75, 74, 73, 75, 75, 74,
    74, 74, 72, 74, 71, 71, 72, 74, 72, 70, 71, 70, 74, 72, 74, 71, 73,
    73, 71, 71, 75, 75, 72, 73, 72, 76, 72, 73, 76, 77, 76, 76, 76, 72,
    72, 73, 73, 72, 76, 73, 76, 72, 73, 72, 75, 72, 74, 71, 73, 75, 73,
    70, 73, 73, 71, 74, 71, 73, 74, 71, 71, 70, 72, 72, 71, 71, 73, 71,
    72 ]
