%YAML:1.0
---
videoName: "headShake11.mp4"
gestureLabel: 201
fps: 29
pixelSizeInCmTemp: 3.2364864864864862e-01
faceCenterPointX: 244
faceCenterPointY: 76
headPositionsX: [ 243, 241, 239, 241, 244, 240, 243, 243, 240, 242, 244,
    240, 240, 242, 241, 240, 242, 243, 242, 240, 242, 242, 243, 240, 244,
    240, 245, 244, 246, 250, 254, 256, 258, 260, 259, 261, 262, 256, 252,
    247, 244, 238, 235, 229, 228, 226, 229, 230, 234, 238, 246, 248, 254,
    260, 260, 257, 254, 253, 247, 243, 241, 235, 232, 231, 231, 232, 237,
    241, 242, 246, 250, 254, 256, 257, 259, 253, 252, 250, 246, 241, 239,
    236, 236, 234, 235, 237, 238, 242, 244, 246, 245, 248, 250, 248, 247,
    244, 243, 245, 246, 242 ]
headPositionsY: [ 75, 73, 73, 74, 72, 70, 75, 73, 73, 71, 74, 73, 75, 73,
    70, 73, 72, 71, 73, 73, 75, 73, 74, 72, 72, 74, 71, 73, 71, 73, 74,
    74, 73, 70, 73, 70, 71, 75, 75, 75, 73, 75, 74, 72, 76, 73, 76, 72,
    73, 73, 76, 76, 73, 74, 74, 70, 73, 74, 75, 75, 76, 75, 74, 76, 74,
    74, 75, 75, 75, 73, 74, 71, 73, 72, 75, 75, 73, 77, 75, 76, 74, 76,
    73, 75, 76, 74, 74, 77, 74, 74, 76, 75, 75, 73, 76, 74, 74, 76, 73,
    76 ]
