%YAML:1.0
---
videoName: "headLookUp5.mp4"
gestureLabel: 205
fps: 29
pixelSizeInCmTemp: 3.6287878787878786e-01
faceCenterPointX: 256
faceCenterPointY: 67
headPositionsX: [ 254, 258, 259, 256, 255, 256, 258, 255, 256, 259, 256,
    257, 258, 257, 257, 256, 256, 258, 256, 257, 259, 257, 256, 256, 255,
    254, 254, 258, 254, 255, 255, 257, 256, 255, 256, 254, 259, 258, 257,
    259, 259, 255, 258, 258, 254, 255, 254, 255, 253, 255, 257, 256, 256,
    254, 257, 258, 253, 255, 255, 254, 257, 254, 256, 256, 256, 258, 254,
    254, 253, 254, 256, 254, 258, 255, 256, 254, 257, 257, 257, 258, 256,
    256, 256, 256, 254, 255, 254, 256, 254, 253, 258, 257, 256, 258, 257,
    257, 256, 256, 257, 257 ]
headPositionsY: [ 69, 83, 84, 83, 80, 81, 81, 82, 79, 80, 83, 83, 81, 84,
    83, 82, 80, 80, 82, 81, 82, 81, 80, 82, 83, 83, 81, 83, 82, 80, 78,
    78, 79, 81, 80, 75, 75, 74, 74, 71, 70, 69, 70, 68, 65, 67, 66, 70,
    68, 67, 68, 67, 66, 66, 66, 67, 69, 69, 66, 68, 69, 65, 67, 69, 68,
    66, 66, 67, 68, 69, 67, 68, 66, 68, 67, 67, 70, 70, 63, 69, 65, 67,
    69, 68, 67, 70, 66, 67, 67, 68, 67, 66, 65, 65, 67, 66, 66, 69, 67,
    68 ]
