%YAML:1.0
---
videoName: "headShake8.mp4"
gestureLabel: 201
fps: 29
pixelSizeInCmTemp: 3.2364864864864862e-01
faceCenterPointX: 243
faceCenterPointY: 72
headPositionsX: [ 245, 243, 244, 245, 243, 245, 244, 242, 245, 243, 245,
    246, 245, 243, 246, 243, 244, 242, 243, 242, 245, 246, 245, 242, 243,
    242, 242, 242, 244, 245, 241, 243, 241, 245, 245, 248, 252, 258, 262,
    263, 265, 264, 263, 263, 257, 249, 244, 241, 233, 231, 231, 230, 231,
    237, 244, 247, 254, 257, 259, 260, 258, 254, 251, 244, 241, 239, 236,
    234, 236, 234, 234, 237, 238, 240, 244, 247, 247, 245, 251, 252, 251,
    248, 248, 251, 251, 247, 246, 248, 245, 246, 244, 243, 243, 245, 245,
    244, 242, 244, 243, 245 ]
headPositionsY: [ 74, 71, 73, 71, 72, 73, 71, 70, 70, 74, 73, 70, 71, 72,
    74, 70, 70, 69, 72, 70, 70, 74, 70, 70, 72, 72, 70, 71, 71, 73, 70,
    72, 73, 73, 70, 71, 72, 71, 72, 71, 70, 69, 68, 72, 72, 70, 74, 72,
    72, 71, 73, 70, 69, 71, 72, 72, 70, 68, 67, 72, 68, 72, 69, 70, 73,
    70, 71, 69, 70, 72, 72, 72, 72, 74, 71, 72, 73, 69, 73, 70, 71, 73,
    72, 72, 72, 73, 73, 71, 72, 70, 71, 70, 72, 70, 71, 69, 74, 72, 71,
    72 ]
