%YAML:1.0
---
videoName: "headShake20.mp4"
gestureLabel: 201
fps: 29
pixelSizeInCmTemp: 3.3263888888888887e-01
faceCenterPointX: 242
faceCenterPointY: 78
headPositionsX: [ 243, 242, 246, 244, 242, 241, 244, 243, 245, 242, 242,
    243, 243, 243, 242, 242, 243, 242, 241, 244, 243, 243, 241, 244, 241,
    244, 241, 243, 241, 242, 243, 243, 243, 243, 243, 242, 242, 240, 244,
    243, 245, 253, 256, 256, 258, 257, 256, 254, 248, 244, 236, 235, 233,
    230, 228, 231, 236, 244, 248, 249, 251, 252, 249, 246, 241, 236, 236,
    231, 233, 233, 235, 237, 242, 242, 244, 245, 246, 246, 245, 239, 240,
    241, 238, 241, 242, 240, 245, 244, 243, 244, 242, 246, 245, 241, 243,
    241, 241, 242, 243, 240 ]
headPositionsY: [ 78, 74, 78, 76, 74, 74, 77, 76, 74, 76, 78, 78, 78, 76,
    75, 76, 78, 77, 74, 75, 74, 77, 77, 77, 77, 78, 74, 74, 77, 78, 76,
    77, 74, 76, 76, 76, 76, 78, 78, 75, 76, 74, 77, 74, 72, 75, 75, 79,
    79, 78, 75, 78, 75, 73, 77, 78, 74, 75, 76, 75, 73, 75, 73, 76, 77,
    78, 76, 79, 77, 77, 75, 78, 79, 76, 75, 75, 78, 75, 77, 76, 78, 75,
    77, 76, 79, 79, 75, 79, 78, 79, 79, 77, 75, 80, 79, 79, 75, 77, 77,
    78 ]
