%YAML:1.0
---
videoName: "headShake5.mp4"
gestureLabel: 201
fps: 30
pixelSizeInCmTemp: 3.3263888888888887e-01
faceCenterPointX: 275
faceCenterPointY: 73
headPositionsX: [ 275, 276, 277, 279, 280, 276, 279, 278, 276, 276, 278,
    277, 277, 276, 279, 276, 280, 278, 279, 278, 277, 276, 278, 277, 278,
    279, 277, 275, 278, 276, 277, 276, 279, 282, 281, 283, 290, 294, 296,
    297, 297, 295, 288, 287, 276, 271, 267, 262, 264, 262, 267, 276, 279,
    288, 289, 288, 287, 282, 280, 275, 267, 264, 262, 264, 265, 271, 273,
    279, 284, 284, 283, 283, 282, 276, 275, 270, 268, 267, 269, 266, 270,
    270, 275, 278, 280, 280, 282, 280, 281, 281, 281, 280, 276, 275, 275,
    274, 277, 275, 274, 274 ]
headPositionsY: [ 71, 74, 75, 73, 74, 73, 75, 72, 71, 74, 74, 71, 72, 74,
    76, 74, 76, 75, 74, 74, 71, 75, 72, 74, 74, 72, 73, 75, 76, 74, 75,
    73, 75, 75, 75, 73, 74, 71, 71, 73, 74, 72, 72, 73, 76, 75, 71, 76,
    73, 74, 72, 75, 74, 76, 73, 74, 74, 72, 77, 77, 74, 75, 74, 74, 75,
    76, 74, 72, 73, 73, 75, 75, 73, 74, 73, 75, 73, 70, 73, 71, 75, 72,
    71, 74, 71, 75, 70, 71, 71, 70, 73, 75, 70, 71, 74, 75, 71, 74, 73,
    75 ]
