%YAML:1.0
---
videoName: "headShake1.mp4"
gestureLabel: 201
fps: 29
pixelSizeInCmTemp: 3.3263888888888887e-01
faceCenterPointX: 279
faceCenterPointY: 98
headPositionsX: [ 278, 280, 277, 281, 279, 279, 278, 277, 279, 281, 277,
    280, 277, 278, 277, 281, 277, 281, 277, 279, 281, 279, 278, 278, 279,
    280, 281, 280, 282, 283, 285, 290, 292, 293, 292, 293, 293, 287, 288,
    284, 280, 273, 273, 272, 270, 269, 272, 276, 280, 283, 288, 293, 290,
    293, 291, 287, 283, 280, 272, 272, 270, 268, 267, 269, 274, 278, 284,
    285, 289, 294, 293, 293, 289, 287, 283, 282, 277, 273, 273, 272, 269,
    271, 272, 272, 273, 273, 276, 276, 275, 277, 279, 281, 278, 279, 282,
    278, 281, 280, 280, 279 ]
headPositionsY: [ 100, 97, 96, 95, 97, 98, 95, 99, 97, 97, 96, 96, 98,
    98, 94, 99, 97, 96, 98, 97, 95, 97, 96, 96, 97, 99, 96, 96, 98, 95,
    96, 96, 94, 98, 96, 95, 94, 94, 96, 97, 97, 95, 95, 97, 94, 96, 95,
    95, 98, 95, 98, 95, 96, 96, 97, 97, 95, 99, 95, 97, 98, 97, 95, 95,
    97, 95, 96, 97, 96, 93, 94, 95, 96, 99, 95, 96, 96, 99, 96, 98, 98,
    94, 98, 98, 98, 99, 98, 99, 98, 99, 99, 97, 100, 100, 98, 100, 98,
    98, 98, 96 ]
