%YAML:1.0
---
videoName: "headNod13.mp4"
gestureLabel: 202
fps: 29
pixelSizeInCmTemp: 3.2364864864864862e-01
faceCenterPointX: 253
faceCenterPointY: 79
headPositionsX: [ 251, 252, 254, 253, 250, 250, 251, 252, 254, 253, 256,
    252, 254, 253, 253, 255, 257, 255, 257, 257, 254, 253, 252, 256, 255,
    253, 256, 251, 252, 254, 255, 253, 252, 253, 252, 255, 251, 254, 254,
    253, 252, 253, 251, 251, 254, 251, 252, 254, 251, 254, 255, 252, 254,
    253, 253, 252, 253, 255, 253, 254, 256, 254, 253, 254, 253, 251, 251,
    256, 256, 254, 256, 256, 253, 254, 253, 254, 253, 256, 255, 255, 256,
    254, 258, 253, 256, 254, 253, 253, 254, 253, 255, 254, 256, 253, 251,
    254, 253, 251, 254, 250 ]
headPositionsY: [ 81, 75, 74, 73, 75, 72, 74, 74, 72, 72, 73, 75, 74, 72,
    73, 72, 75, 74, 75, 74, 73, 75, 75, 75, 74, 76, 72, 71, 74, 73, 72,
    75, 72, 75, 74, 76, 75, 73, 72, 75, 73, 76, 75, 74, 75, 72, 76, 76,
    72, 74, 71, 69, 70, 66, 68, 71, 71, 75, 77, 74, 77, 81, 75, 75, 71,
    70, 72, 69, 71, 68, 74, 74, 73, 77, 78, 81, 79, 78, 77, 75, 71, 73,
    74, 70, 71, 75, 77, 80, 77, 82, 79, 78, 78, 82, 78, 77, 77, 80, 80,
    79 ]
