%YAML:1.0
---
videoName: "headNod43.mp4"
gestureLabel: 202
fps: 29
pixelSizeInCmTemp: 2.8855421686746985e-01
faceCenterPointX: 268
faceCenterPointY: 74
headPositionsX: [ 267, 271, 268, 272, 270, 269, 272, 269, 268, 271, 266,
    270, 269, 269, 270, 266, 269, 267, 270, 267, 267, 268, 269, 268, 269,
    268, 266, 267, 266, 266, 266, 266, 267, 267, 268, 265, 268, 266, 266,
    267, 264, 263, 263, 263, 263, 267, 264, 269, 264, 265, 263, 265, 265,
    263, 264, 262, 265, 267, 262, 266, 265, 262, 266, 262, 263, 263, 267,
    268, 265, 268, 266, 268, 269, 266, 269, 268, 266, 269, 269, 269, 267,
    267, 268, 270, 271, 266, 267, 268, 267, 270, 271, 267, 268, 270, 267,
    268, 269, 268, 269, 269 ]
headPositionsY: [ 72, 75, 74, 74, 78, 74, 75, 74, 78, 74, 77, 76, 73, 75,
    76, 77, 75, 74, 74, 77, 77, 73, 74, 77, 78, 79, 78, 81, 87, 90, 88,
    90, 85, 82, 80, 79, 78, 81, 82, 84, 86, 89, 88, 87, 86, 83, 81, 80,
    83, 83, 86, 91, 91, 88, 90, 84, 82, 81, 80, 83, 89, 91, 93, 88, 91,
    86, 82, 80, 78, 76, 79, 83, 81, 88, 91, 90, 89, 89, 82, 80, 77, 73,
    76, 75, 74, 71, 74, 72, 74, 73, 71, 76, 76, 76, 71, 72, 74, 75, 76,
    72 ]
