%YAML:1.0
---
videoName: "headShake4.mp4"
gestureLabel: 201
fps: 30
pixelSizeInCmTemp: 3.2364864864864862e-01
faceCenterPointX: 237
faceCenterPointY: 101
headPositionsX: [ 238, 243, 244, 249, 251, 253, 256, 253, 252, 251, 246,
    237, 232, 228, 224, 226, 224, 230, 237, 240, 246, 249, 254, 249, 249,
    248, 240, 235, 228, 226, 224, 224, 224, 228, 236, 240, 245, 248, 256,
    255, 257, 253, 248, 246, 235, 229, 231, 227, 223, 223, 228, 230, 234,
    239, 240, 248, 248, 246, 248, 250, 246, 243, 241, 236, 235, 234, 229,
    231, 229, 229, 235, 233, 237, 239, 237, 242, 239, 244, 243, 243, 241,
    239, 239, 240, 238, 237, 236, 235, 238, 239, 235, 238, 238, 236, 235,
    236, 236, 238, 237, 236 ]
headPositionsY: [ 99, 101, 98, 97, 101, 100, 98, 98, 98, 101, 100, 101,
    100, 100, 100, 100, 99, 97, 99, 97, 97, 101, 99, 96, 100, 101, 100,
    101, 101, 98, 100, 101, 97, 98, 100, 100, 99, 98, 100, 97, 99, 96,
    100, 103, 102, 98, 102, 99, 101, 99, 99, 101, 98, 101, 100, 98, 99,
    101, 100, 101, 99, 100, 99, 100, 102, 101, 99, 101, 99, 98, 102, 97,
    99, 100, 100, 101, 101, 102, 99, 101, 101, 102, 103, 98, 99, 99, 101,
    98, 99, 100, 98, 98, 99, 101, 102, 100, 102, 98, 102, 102 ]
