%YAML:1.0
---
videoName: "headNod13.mp4"
gestureLabel: 202
fps: 29
pixelSizeInCmTemp: 3.2364864864864862e-01
faceCenterPointX: 253
faceCenterPointY: 79
headPositionsX: [ 255, 252, 253, 254, 252, 254, 252, 253, 255, 255, 253,
    254, 255, 253, 255, 253, 254, 254, 256, 255, 253, 253, 255, 254, 256,
    255, 254, 255, 252, 252, 253, 254, 256, 252, 256, 255, 254, 253, 253,
    255, 253, 254, 253, 251, 254, 251, 250, 255, 255, 254, 251, 252, 256,
    256, 252, 252, 253, 251, 253, 251, 254, 253, 252, 254, 252, 252, 255,
    254, 252, 253, 252, 252, 253, 254, 255, 256, 254, 256, 255, 254, 256,
    256, 255, 256, 253, 257, 255, 255, 256, 256, 253, 254, 256, 254, 253,
    253, 255, 251, 251, 250 ]
headPositionsY: [ 77, 71, 74, 76, 73, 75, 72, 73, 72, 75, 72, 72, 74, 75,
    74, 74, 73, 73, 76, 75, 73, 73, 73, 76, 72, 76, 76, 71, 75, 72, 71,
    73, 75, 75, 74, 76, 75, 76, 72, 74, 75, 74, 75, 72, 73, 74, 72, 72,
    73, 74, 69, 69, 69, 66, 70, 70, 70, 73, 78, 74, 77, 78, 77, 74, 75,
    73, 71, 71, 68, 69, 73, 72, 74, 76, 76, 78, 80, 76, 76, 74, 73, 70,
    71, 71, 72, 78, 77, 80, 81, 81, 82, 79, 81, 79, 77, 77, 81, 78, 77,
    80 ]
