%YAML:1.0
---
videoName: "headLookLeft3.mp4"
gestureLabel: 203
fps: 29
pixelSizeInCmTemp: 3.4214285714285714e-01
faceCenterPointX: 290
faceCenterPointY: 74
headPositionsX: [ 288, 266, 262, 266, 263, 262, 265, 269, 271, 270, 274,
    273, 277, 279, 283, 282, 283, 287, 287, 287, 289, 287, 294, 291, 287,
    290, 294, 292, 287, 281, 289, 288, 291, 290, 284, 291, 283, 291, 290,
    289, 288, 287, 289, 296, 290, 290, 289, 289, 290, 289, 292, 290, 291,
    290, 286, 288, 289, 288, 290, 290, 290, 288, 288, 288, 289, 289, 288,
    290, 288, 289, 289, 285, 286, 284, 287, 285, 287, 288, 289, 284, 287,
    287, 289, 287, 289, 288, 289, 290, 285, 289, 284, 284, 290, 287, 287,
    285, 287, 285, 286, 287 ]
headPositionsY: [ 75, 77, 74, 77, 75, 75, 78, 78, 75, 77, 74, 73, 76, 77,
    74, 75, 77, 77, 76, 72, 76, 73, 74, 75, 74, 74, 75, 75, 74, 73, 73,
    72, 76, 73, 75, 76, 73, 75, 74, 72, 74, 73, 75, 74, 72, 73, 73, 76,
    74, 75, 73, 73, 75, 73, 74, 72, 75, 73, 73, 77, 76, 75, 73, 72, 76,
    75, 72, 73, 73, 72, 71, 71, 74, 71, 71, 75, 75, 77, 75, 72, 75, 74,
    75, 74, 74, 73, 77, 72, 75, 77, 76, 76, 75, 74, 74, 73, 73, 75, 73,
    74 ]
