%YAML:1.0
---
videoName: "headLookUp7.mp4"
gestureLabel: 205
fps: 29
pixelSizeInCmTemp: 3.6846153846153845e-01
faceCenterPointX: 257
faceCenterPointY: 70
headPositionsX: [ 257, 257, 257, 255, 258, 255, 258, 255, 254, 255, 255,
    255, 254, 256, 258, 255, 254, 256, 256, 255, 257, 254, 258, 258, 256,
    258, 256, 257, 254, 257, 253, 257, 257, 255, 259, 257, 257, 256, 254,
    255, 256, 255, 255, 257, 258, 256, 254, 258, 256, 255, 254, 255, 253,
    253, 256, 256, 254, 256, 254, 256, 256, 255, 255, 258, 257, 255, 256,
    256, 258, 257, 259, 258, 258, 254, 256, 259, 254, 257, 257, 259, 256,
    256, 255, 259, 256, 255, 257, 255, 256, 257, 255, 255, 257, 258, 257,
    255, 256, 255, 256, 259 ]
headPositionsY: [ 72, 84, 85, 82, 81, 84, 81, 81, 85, 81, 85, 82, 85, 84,
    83, 83, 83, 83, 83, 81, 78, 80, 75, 74, 75, 71, 74, 73, 72, 69, 67,
    70, 70, 70, 71, 69, 69, 67, 68, 66, 70, 70, 67, 67, 66, 71, 70, 66,
    67, 70, 70, 68, 69, 66, 67, 67, 66, 70, 69, 67, 67, 71, 68, 68, 67,
    69, 66, 68, 71, 71, 67, 66, 68, 71, 67, 71, 66, 70, 69, 71, 69, 68,
    70, 68, 67, 71, 68, 68, 68, 72, 68, 68, 68, 72, 70, 69, 70, 69, 69,
    69 ]
