%YAML:1.0
---
videoName: "headLookUp0.mp4"
gestureLabel: 205
fps: 29
pixelSizeInCmTemp: 3.6846153846153845e-01
faceCenterPointX: 258
faceCenterPointY: 66
headPositionsX: [ 258, 259, 261, 261, 257, 261, 259, 259, 259, 261, 256,
    260, 260, 259, 256, 259, 261, 262, 259, 261, 259, 261, 260, 257, 257,
    257, 256, 260, 261, 258, 258, 258, 260, 258, 259, 256, 259, 259, 256,
    258, 258, 257, 260, 256, 256, 259, 259, 258, 260, 259, 257, 260, 256,
    257, 256, 258, 257, 259, 257, 259, 257, 260, 258, 257, 258, 257, 258,
    256, 261, 259, 260, 258, 260, 258, 259, 256, 258, 258, 257, 258, 257,
    258, 259, 261, 257, 259, 261, 255, 257, 260, 257, 260, 255, 257, 259,
    257, 258, 259, 257, 260 ]
headPositionsY: [ 67, 81, 82, 82, 78, 80, 79, 79, 82, 82, 81, 79, 81, 79,
    78, 75, 78, 75, 74, 71, 71, 73, 72, 67, 67, 66, 67, 65, 66, 70, 69,
    69, 67, 68, 64, 68, 66, 69, 68, 65, 69, 67, 67, 65, 69, 69, 65, 66,
    66, 69, 66, 69, 69, 67, 69, 66, 69, 65, 67, 67, 65, 69, 67, 69, 68,
    68, 69, 69, 69, 66, 64, 68, 65, 68, 67, 69, 65, 69, 67, 69, 65, 68,
    67, 68, 68, 68, 70, 66, 66, 65, 67, 66, 69, 70, 66, 65, 70, 64, 66,
    68 ]
