%YAML:1.0
---
videoName: "headLookUp2.mp4"
gestureLabel: 205
fps: 29
pixelSizeInCmTemp: 3.7421874999999999e-01
faceCenterPointX: 254
faceCenterPointY: 67
headPositionsX: [ 253, 256, 257, 255, 254, 255, 258, 253, 255, 253, 258,
    255, 257, 256, 254, 255, 256, 256, 254, 257, 256, 252, 253, 257, 256,
    257, 255, 257, 254, 253, 252, 253, 252, 255, 257, 254, 256, 253, 255,
    254, 256, 257, 252, 254, 256, 253, 257, 254, 255, 253, 252, 254, 254,
    255, 254, 254, 251, 255, 255, 253, 251, 252, 254, 253, 254, 252, 255,
    254, 253, 252, 255, 251, 251, 257, 254, 250, 254, 252, 252, 253, 254,
    252, 256, 251, 257, 252, 254, 253, 254, 256, 255, 254, 253, 254, 254,
    255, 255, 256, 255, 255 ]
headPositionsY: [ 68, 82, 81, 80, 82, 79, 83, 83, 83, 81, 83, 80, 81, 82,
    81, 81, 83, 83, 79, 82, 80, 81, 82, 81, 80, 79, 82, 82, 80, 81, 83,
    83, 82, 81, 82, 81, 80, 82, 81, 82, 78, 80, 77, 75, 76, 76, 74, 71,
    71, 69, 69, 66, 69, 66, 68, 71, 67, 67, 65, 68, 69, 69, 67, 67, 69,
    68, 68, 67, 69, 65, 65, 68, 67, 69, 70, 67, 68, 68, 68, 70, 65, 67,
    68, 68, 67, 67, 66, 67, 69, 67, 71, 68, 67, 70, 65, 65, 67, 69, 67,
    69 ]
