%YAML:1.0
---
videoName: "headShake7.mp4"
gestureLabel: 201
fps: 29
pixelSizeInCmTemp: 3.3263888888888887e-01
faceCenterPointX: 244
faceCenterPointY: 72
headPositionsX: [ 243, 242, 243, 245, 245, 245, 243, 244, 244, 244, 244,
    249, 250, 252, 258, 257, 260, 258, 257, 257, 251, 249, 240, 235, 232,
    233, 233, 242, 248, 253, 259, 260, 259, 256, 255, 250, 242, 239, 232,
    228, 226, 226, 231, 237, 241, 244, 252, 255, 255, 257, 253, 248, 245,
    243, 235, 235, 230, 229, 232, 234, 241, 242, 246, 254, 254, 258, 258,
    256, 252, 250, 249, 242, 239, 234, 234, 235, 234, 233, 234, 237, 241,
    238, 244, 244, 247, 246, 247, 248, 246, 245, 246, 245, 245, 245, 244,
    242, 245, 245, 244, 242 ]
headPositionsY: [ 73, 73, 73, 73, 69, 72, 70, 72, 70, 71, 70, 73, 71, 68,
    72, 68, 70, 67, 67, 71, 70, 70, 69, 69, 72, 73, 71, 69, 73, 72, 68,
    70, 67, 69, 70, 68, 73, 73, 70, 68, 72, 70, 68, 71, 72, 72, 72, 69,
    70, 69, 72, 69, 72, 73, 72, 73, 73, 70, 72, 72, 70, 70, 73, 69, 71,
    70, 69, 67, 69, 73, 72, 70, 70, 68, 70, 73, 69, 72, 68, 71, 72, 73,
    73, 71, 71, 73, 69, 71, 72, 73, 72, 73, 72, 73, 74, 70, 71, 74, 72,
    74 ]
