%YAML:1.0
---
videoName: "headShake15.mp4"
gestureLabel: 201
fps: 29
pixelSizeInCmTemp: 3.3263888888888887e-01
faceCenterPointX: 243
faceCenterPointY: 76
headPositionsX: [ 244, 245, 242, 244, 245, 244, 246, 242, 245, 245, 241,
    242, 245, 244, 243, 242, 241, 242, 242, 244, 243, 245, 241, 243, 243,
    241, 244, 243, 242, 244, 241, 241, 243, 243, 241, 242, 244, 242, 241,
    241, 241, 240, 244, 244, 241, 241, 245, 240, 244, 242, 241, 242, 240,
    241, 240, 244, 242, 245, 242, 240, 243, 241, 247, 246, 248, 253, 253,
    258, 258, 260, 255, 252, 251, 249, 245, 238, 239, 238, 239, 237, 241,
    243, 246, 245, 248, 245, 245, 243, 245, 245, 242, 242, 241, 244, 242,
    241, 244, 245, 244, 242 ]
headPositionsY: [ 77, 77, 76, 75, 76, 75, 75, 77, 76, 75, 73, 78, 75, 76,
    72, 73, 75, 73, 77, 73, 74, 75, 75, 77, 72, 77, 76, 77, 73, 77, 76,
    75, 75, 73, 73, 77, 77, 75, 73, 73, 74, 76, 73, 77, 73, 78, 78, 77,
    74, 75, 74, 77, 76, 73, 77, 74, 76, 76, 78, 76, 76, 76, 77, 75, 77,
    72, 75, 74, 75, 73, 77, 75, 77, 76, 75, 74, 76, 73, 76, 76, 74, 75,
    75, 78, 79, 77, 79, 78, 75, 78, 75, 78, 76, 79, 77, 74, 77, 77, 77,
    77 ]
