%YAML:1.0
---
videoName: "headLookDown4.mp4"
gestureLabel: 206
fps: 29
pixelSizeInCmTemp: 3.4710144927536229e-01
faceCenterPointX: 275
faceCenterPointY: 97
headPositionsX: [ 275, 271, 274, 273, 274, 275, 273, 270, 275, 272, 274,
    274, 274, 273, 274, 274, 274, 275, 272, 271, 275, 271, 274, 271, 273,
    273, 273, 273, 271, 272, 275, 273, 271, 273, 274, 271, 272, 271, 273,
    272, 275, 276, 273, 272, 276, 274, 273, 274, 272, 272, 272, 276, 275,
    273, 271, 272, 275, 276, 274, 272, 272, 274, 272, 276, 274, 276, 276,
    274, 276, 274, 275, 274, 276, 276, 275, 276, 274, 274, 275, 276, 276,
    276, 274, 272, 275, 274, 277, 273, 275, 272, 275, 276, 275, 276, 273,
    274, 273, 274, 273, 273 ]
headPositionsY: [ 96, 83, 79, 83, 81, 81, 80, 80, 81, 81, 81, 80, 79, 81,
    78, 82, 82, 79, 78, 79, 80, 80, 82, 78, 79, 83, 79, 81, 81, 81, 81,
    79, 80, 81, 85, 86, 82, 86, 87, 89, 86, 87, 92, 91, 89, 91, 95, 93,
    95, 94, 94, 95, 98, 99, 98, 102, 102, 103, 99, 99, 102, 100, 98, 101,
    101, 99, 101, 97, 98, 99, 97, 101, 97, 99, 99, 97, 98, 100, 97, 99,
    95, 95, 96, 96, 95, 100, 97, 99, 95, 98, 95, 99, 99, 99, 96, 96, 97,
    99, 98, 98 ]
