%YAML:1.0
---
videoName: "headLookLeft5.mp4"
gestureLabel: 203
fps: 30
pixelSizeInCmTemp: 3.5746268656716418e-01
faceCenterPointX: 284
faceCenterPointY: 67
headPositionsX: [ 284, 261, 259, 261, 259, 261, 258, 260, 260, 261, 262,
    261, 260, 260, 264, 262, 261, 261, 262, 262, 262, 267, 267, 269, 272,
    272, 276, 275, 280, 277, 279, 285, 284, 281, 283, 287, 286, 284, 283,
    288, 286, 285, 283, 282, 289, 285, 285, 284, 284, 285, 288, 282, 285,
    283, 285, 284, 281, 285, 283, 283, 285, 284, 283, 284, 282, 282, 283,
    285, 281, 283, 285, 285, 284, 286, 284, 283, 285, 286, 284, 287, 286,
    285, 286, 287, 286, 287, 286, 285, 282, 285, 284, 283, 284, 283, 286,
    286, 286, 285, 282, 286 ]
headPositionsY: [ 65, 73, 71, 70, 70, 69, 70, 71, 70, 71, 73, 71, 71, 72,
    70, 69, 71, 74, 72, 70, 71, 72, 74, 71, 68, 71, 68, 68, 66, 67, 68,
    67, 67, 68, 68, 68, 68, 70, 66, 68, 72, 70, 65, 66, 66, 69, 71, 68,
    68, 69, 66, 71, 68, 68, 70, 67, 69, 69, 67, 68, 69, 68, 66, 69, 70,
    69, 69, 67, 68, 69, 70, 68, 67, 69, 68, 71, 67, 66, 68, 68, 68, 68,
    67, 66, 68, 68, 69, 69, 68, 70, 69, 67, 67, 71, 69, 68, 66, 65, 66,
    67 ]
