%YAML:1.0
---
videoName: "headShake11.mp4"
gestureLabel: 201
fps: 29
pixelSizeInCmTemp: 3.2364864864864862e-01
faceCenterPointX: 244
faceCenterPointY: 76
headPositionsX: [ 246, 243, 242, 243, 240, 244, 245, 240, 244, 244, 242,
    242, 241, 241, 243, 240, 244, 243, 244, 242, 243, 240, 242, 240, 243,
    243, 241, 242, 245, 248, 256, 255, 259, 261, 263, 260, 263, 256, 254,
    249, 244, 237, 236, 228, 229, 228, 229, 232, 235, 239, 246, 250, 253,
    258, 261, 258, 256, 252, 249, 245, 238, 234, 234, 231, 232, 234, 235,
    238, 243, 247, 252, 257, 257, 256, 258, 253, 251, 246, 243, 242, 240,
    234, 234, 236, 233, 237, 242, 240, 245, 246, 245, 250, 247, 248, 246,
    245, 246, 245, 244, 244 ]
headPositionsY: [ 75, 74, 73, 70, 73, 74, 71, 71, 72, 73, 74, 70, 74, 72,
    74, 72, 71, 73, 73, 74, 71, 73, 73, 74, 74, 74, 73, 74, 70, 72, 74,
    74, 70, 74, 69, 73, 73, 72, 72, 77, 76, 74, 73, 74, 72, 75, 75, 74,
    77, 77, 74, 73, 71, 73, 73, 73, 72, 74, 73, 78, 76, 77, 76, 74, 76,
    76, 75, 74, 76, 75, 73, 73, 72, 71, 73, 72, 73, 75, 74, 74, 77, 72,
    75, 73, 75, 74, 76, 74, 75, 77, 74, 75, 74, 73, 75, 75, 77, 77, 76,
    75 ]
