%YAML:1.0
---
videoName: "headShake48.mp4"
gestureLabel: 201
fps: 29
pixelSizeInCmTemp: 3.1103896103896100e-01
faceCenterPointX: 258
faceCenterPointY: 85
headPositionsX: [ 256, 259, 261, 260, 257, 257, 257, 261, 257, 260, 260,
    260, 262, 261, 261, 262, 260, 259, 262, 260, 260, 261, 260, 258, 262,
    260, 257, 256, 258, 261, 261, 259, 256, 261, 261, 265, 268, 268, 270,
    274, 277, 272, 270, 268, 260, 256, 252, 245, 246, 249, 254, 258, 266,
    265, 269, 268, 265, 262, 255, 251, 253, 248, 252, 258, 261, 264, 268,
    268, 265, 263, 259, 251, 250, 246, 248, 251, 257, 261, 261, 264, 267,
    263, 265, 260, 261, 259, 257, 262, 260, 257, 259, 258, 258, 257, 261,
    259, 259, 261, 259, 259 ]
headPositionsY: [ 87, 79, 78, 78, 78, 77, 78, 80, 77, 79, 80, 80, 82, 80,
    79, 78, 80, 79, 81, 82, 80, 80, 82, 80, 82, 80, 80, 83, 82, 80, 82,
    82, 82, 80, 83, 80, 81, 82, 82, 83, 84, 82, 84, 83, 86, 84, 85, 83,
    81, 85, 86, 84, 88, 84, 85, 85, 86, 87, 88, 84, 86, 88, 87, 88, 86,
    87, 86, 85, 88, 85, 89, 89, 86, 87, 88, 85, 84, 87, 86, 88, 87, 88,
    86, 85, 88, 84, 84, 88, 88, 84, 85, 87, 84, 87, 84, 83, 83, 85, 87,
    86 ]
