%YAML:1.0
---
videoName: "headShake9.mp4"
gestureLabel: 201
fps: 30
pixelSizeInCmTemp: 3.2808219178082193e-01
faceCenterPointX: 243
faceCenterPointY: 73
headPositionsX: [ 241, 246, 244, 244, 244, 241, 242, 245, 243, 242, 241,
    241, 244, 242, 242, 241, 241, 243, 242, 245, 243, 242, 241, 242, 242,
    244, 244, 244, 243, 242, 242, 244, 242, 243, 241, 245, 241, 242, 241,
    243, 247, 251, 255, 255, 264, 263, 265, 266, 259, 256, 252, 247, 242,
    237, 235, 231, 228, 228, 230, 235, 242, 249, 252, 258, 263, 260, 261,
    256, 256, 250, 243, 239, 236, 229, 232, 230, 226, 231, 239, 242, 243,
    247, 249, 253, 249, 252, 250, 249, 249, 247, 248, 244, 243, 244, 246,
    245, 243, 242, 241, 244 ]
headPositionsY: [ 73, 73, 70, 70, 73, 72, 71, 72, 70, 74, 74, 71, 72, 73,
    71, 75, 71, 72, 70, 71, 71, 74, 74, 70, 70, 71, 70, 72, 75, 72, 74,
    71, 72, 71, 70, 73, 70, 70, 71, 73, 72, 71, 72, 71, 69, 70, 71, 69,
    73, 69, 73, 74, 72, 71, 70, 73, 71, 71, 74, 72, 74, 70, 69, 70, 68,
    68, 71, 71, 70, 74, 72, 73, 73, 71, 75, 73, 71, 73, 71, 74, 75, 71,
    74, 72, 72, 72, 73, 75, 71, 73, 71, 75, 74, 75, 73, 71, 72, 72, 73,
    72 ]
