%YAML:1.0
---
videoName: "headShake8.mp4"
gestureLabel: 201
fps: 29
pixelSizeInCmTemp: 3.2364864864864862e-01
faceCenterPointX: 243
faceCenterPointY: 72
headPositionsX: [ 242, 244, 246, 245, 242, 244, 242, 243, 244, 244, 242,
    242, 242, 246, 246, 242, 242, 245, 242, 245, 242, 244, 243, 244, 245,
    243, 244, 244, 245, 244, 241, 243, 242, 246, 245, 248, 250, 257, 261,
    264, 267, 265, 265, 262, 255, 253, 244, 240, 237, 232, 232, 231, 232,
    238, 246, 251, 252, 259, 258, 259, 258, 254, 250, 248, 242, 239, 233,
    234, 236, 236, 236, 236, 241, 238, 244, 244, 245, 249, 248, 250, 248,
    252, 250, 250, 247, 248, 247, 246, 245, 245, 243, 242, 244, 241, 242,
    242, 241, 242, 242, 243 ]
headPositionsY: [ 70, 72, 72, 70, 70, 71, 70, 70, 71, 73, 72, 73, 71, 71,
    71, 72, 72, 72, 72, 72, 73, 72, 73, 72, 69, 71, 72, 70, 70, 71, 69,
    71, 71, 72, 72, 73, 69, 70, 70, 68, 69, 70, 72, 70, 69, 71, 73, 72,
    72, 72, 70, 72, 73, 71, 73, 71, 70, 71, 71, 72, 71, 69, 72, 70, 71,
    71, 72, 72, 74, 71, 72, 70, 71, 72, 74, 74, 73, 71, 70, 73, 71, 70,
    70, 69, 70, 74, 73, 70, 69, 73, 71, 69, 73, 73, 71, 73, 73, 73, 73,
    70 ]
