%YAML:1.0
---
videoName: "headLookUp7.mp4"
gestureLabel: 205
fps: 29
pixelSizeInCmTemp: 3.6846153846153845e-01
faceCenterPointX: 257
faceCenterPointY: 70
headPositionsX: [ 258, 256, 256, 258, 257, 256, 255, 255, 254, 254, 256,
    256, 257, 255, 254, 258, 256, 257, 259, 256, 255, 255, 256, 256, 254,
    257, 257, 257, 257, 258, 256, 259, 259, 255, 259, 255, 255, 253, 256,
    258, 254, 254, 258, 258, 257, 253, 257, 255, 256, 255, 256, 256, 256,
    257, 257, 255, 254, 258, 256, 253, 254, 258, 255, 257, 254, 258, 254,
    258, 256, 254, 259, 256, 258, 257, 255, 258, 257, 256, 256, 258, 256,
    258, 255, 259, 254, 259, 256, 258, 256, 255, 258, 256, 256, 257, 259,
    258, 258, 258, 256, 255 ]
headPositionsY: [ 72, 84, 85, 83, 82, 85, 82, 83, 83, 81, 81, 81, 81, 85,
    84, 82, 80, 83, 79, 81, 82, 76, 76, 78, 75, 74, 73, 73, 70, 69, 68,
    69, 72, 68, 68, 72, 68, 71, 68, 66, 67, 69, 68, 67, 70, 67, 66, 68,
    70, 71, 69, 68, 71, 69, 68, 68, 66, 67, 70, 67, 67, 70, 67, 71, 69,
    70, 67, 67, 69, 68, 68, 67, 71, 68, 67, 72, 70, 72, 69, 69, 70, 68,
    71, 71, 70, 67, 66, 72, 69, 70, 68, 69, 68, 71, 69, 69, 68, 69, 71,
    70 ]
