%YAML:1.0
---
videoName: "headLookLeft9.mp4"
gestureLabel: 203
fps: 30
pixelSizeInCmTemp: 3.2364864864864862e-01
faceCenterPointX: 273
faceCenterPointY: 69
headPositionsX: [ 274, 246, 246, 247, 249, 247, 246, 246, 247, 248, 245,
    248, 245, 244, 248, 248, 248, 246, 245, 248, 246, 247, 246, 247, 248,
    244, 247, 244, 244, 247, 243, 247, 250, 248, 253, 251, 255, 259, 260,
    259, 265, 265, 268, 271, 268, 267, 274, 271, 271, 271, 273, 272, 269,
    269, 270, 271, 272, 269, 271, 270, 271, 270, 268, 270, 274, 273, 270,
    269, 272, 273, 269, 269, 274, 272, 272, 271, 272, 269, 270, 270, 270,
    268, 269, 269, 271, 271, 272, 270, 274, 269, 274, 270, 274, 271, 270,
    274, 273, 273, 272, 269 ]
headPositionsY: [ 71, 71, 70, 69, 70, 71, 73, 68, 67, 71, 73, 70, 69, 69,
    69, 70, 71, 73, 71, 72, 70, 70, 71, 72, 71, 71, 69, 70, 72, 72, 70,
    72, 71, 69, 69, 70, 69, 70, 66, 66, 67, 69, 68, 67, 66, 65, 68, 65,
    69, 67, 66, 67, 68, 68, 66, 68, 68, 70, 70, 66, 66, 66, 69, 68, 69,
    69, 66, 68, 68, 67, 65, 69, 70, 71, 68, 67, 69, 69, 69, 70, 69, 68,
    65, 68, 71, 67, 70, 67, 67, 66, 66, 70, 68, 68, 66, 66, 72, 67, 70,
    67 ]
