%YAML:1.0
---
videoName: "headLookRight2.mp4"
gestureLabel: 204
fps: 29
pixelSizeInCmTemp: 3.8015873015873014e-01
faceCenterPointX: 228
faceCenterPointY: 68
headPositionsX: [ 227, 249, 254, 250, 254, 251, 250, 253, 253, 253, 250,
    254, 251, 251, 251, 251, 251, 251, 251, 253, 251, 251, 254, 251, 255,
    251, 255, 255, 253, 256, 255, 254, 252, 255, 252, 251, 253, 250, 254,
    251, 253, 251, 251, 254, 251, 252, 250, 251, 248, 250, 248, 244, 244,
    239, 240, 234, 232, 235, 233, 230, 227, 228, 231, 229, 227, 229, 226,
    225, 225, 224, 229, 231, 226, 231, 228, 227, 226, 228, 230, 227, 232,
    231, 227, 229, 229, 227, 229, 224, 228, 227, 226, 228, 230, 231, 227,
    227, 228, 229, 228, 229 ]
headPositionsY: [ 70, 65, 68, 65, 70, 66, 68, 66, 69, 68, 66, 69, 69, 68,
    70, 69, 68, 72, 69, 71, 69, 67, 68, 70, 69, 72, 70, 71, 70, 68, 72,
    68, 69, 67, 67, 68, 68, 71, 67, 68, 67, 68, 69, 69, 67, 69, 71, 67,
    71, 70, 68, 70, 70, 67, 71, 70, 71, 68, 67, 69, 65, 66, 67, 68, 70,
    70, 67, 68, 73, 70, 71, 68, 71, 70, 69, 72, 71, 72, 72, 72, 69, 71,
    68, 72, 71, 69, 71, 70, 69, 69, 70, 68, 67, 69, 70, 69, 70, 72, 73,
    71 ]
