%YAML:1.0
---
videoName: "headLookLeft2.mp4"
gestureLabel: 203
fps: 29
pixelSizeInCmTemp: 3.6846153846153845e-01
faceCenterPointX: 278
faceCenterPointY: 74
headPositionsX: [ 277, 258, 258, 260, 261, 257, 257, 257, 258, 257, 262,
    262, 258, 261, 262, 258, 259, 261, 262, 261, 261, 266, 267, 269, 267,
    268, 272, 274, 276, 278, 277, 275, 277, 279, 278, 280, 278, 279, 277,
    276, 279, 280, 280, 282, 278, 282, 279, 282, 284, 282, 281, 282, 282,
    278, 279, 279, 278, 273, 279, 281, 282, 278, 281, 281, 278, 279, 279,
    284, 283, 278, 282, 283, 280, 277, 275, 279, 277, 278, 277, 282, 278,
    279, 279, 281, 282, 280, 286, 279, 279, 283, 281, 279, 283, 279, 277,
    278, 279, 281, 287, 279 ]
headPositionsY: [ 74, 74, 73, 76, 77, 76, 74, 77, 74, 76, 77, 78, 73, 73,
    78, 76, 77, 73, 79, 74, 75, 75, 75, 77, 76, 75, 75, 78, 73, 73, 74,
    75, 71, 76, 71, 76, 73, 75, 77, 75, 76, 77, 77, 72, 74, 76, 77, 77,
    77, 77, 73, 78, 75, 74, 76, 76, 76, 75, 75, 77, 77, 71, 75, 73, 74,
    76, 76, 78, 76, 74, 73, 74, 73, 75, 71, 75, 74, 76, 71, 76, 74, 74,
    72, 74, 75, 70, 74, 73, 76, 74, 73, 75, 74, 73, 74, 72, 74, 74, 74,
    74 ]
