%YAML:1.0
---
videoName: "headLookDown9.mp4"
gestureLabel: 206
fps: 29
pixelSizeInCmTemp: 3.5220588235294115e-01
faceCenterPointX: 274
faceCenterPointY: 97
headPositionsX: [ 275, 273, 274, 271, 274, 274, 273, 273, 270, 272, 275,
    272, 272, 274, 274, 275, 274, 272, 272, 274, 272, 273, 275, 273, 273,
    272, 275, 273, 273, 270, 274, 271, 272, 271, 274, 272, 272, 270, 273,
    273, 274, 273, 275, 271, 270, 273, 275, 271, 275, 275, 274, 270, 275,
    274, 273, 274, 272, 271, 273, 273, 272, 271, 271, 271, 272, 269, 273,
    274, 269, 270, 272, 270, 274, 270, 274, 272, 272, 270, 274, 272, 274,
    274, 273, 271, 272, 275, 271, 271, 274, 272, 272, 273, 272, 275, 273,
    274, 271, 274, 272, 275 ]
headPositionsY: [ 97, 80, 82, 81, 82, 81, 78, 80, 81, 80, 83, 81, 81, 80,
    81, 80, 80, 79, 78, 77, 80, 82, 77, 80, 80, 78, 82, 82, 80, 83, 83,
    79, 81, 83, 85, 84, 83, 86, 88, 85, 91, 89, 91, 94, 93, 93, 98, 94,
    97, 95, 97, 98, 101, 99, 101, 96, 99, 96, 100, 101, 101, 97, 100, 99,
    96, 98, 99, 97, 99, 99, 96, 99, 99, 98, 99, 94, 97, 95, 97, 99, 98,
    99, 95, 97, 98, 97, 97, 98, 97, 96, 95, 95, 94, 99, 95, 99, 94, 95,
    97, 94 ]
