%YAML:1.0
---
videoName: "headLookDown5.mp4"
gestureLabel: 206
fps: 29
pixelSizeInCmTemp: 3.4710144927536229e-01
faceCenterPointX: 272
faceCenterPointY: 102
headPositionsX: [ 272, 274, 271, 271, 272, 270, 271, 270, 272, 273, 271,
    273, 271, 273, 271, 271, 273, 271, 273, 273, 270, 272, 270, 273, 271,
    270, 269, 272, 271, 274, 270, 272, 271, 272, 272, 272, 272, 270, 271,
    271, 269, 270, 272, 273, 270, 272, 274, 273, 270, 273, 272, 269, 272,
    273, 273, 271, 272, 272, 275, 274, 272, 269, 270, 271, 272, 271, 272,
    272, 270, 273, 272, 270, 270, 272, 272, 269, 269, 271, 273, 275, 270,
    272, 271, 270, 271, 275, 271, 272, 271, 274, 274, 272, 275, 275, 269,
    271, 274, 273, 273, 274 ]
headPositionsY: [ 102, 85, 82, 85, 83, 84, 83, 86, 86, 84, 85, 84, 84,
    85, 84, 83, 84, 85, 83, 82, 82, 82, 84, 84, 85, 81, 85, 82, 81, 82,
    85, 81, 85, 84, 84, 83, 86, 82, 85, 83, 84, 83, 85, 85, 83, 83, 86,
    87, 85, 89, 91, 87, 89, 95, 94, 95, 96, 98, 100, 99, 97, 101, 100,
    99, 103, 99, 100, 101, 99, 99, 103, 102, 103, 101, 103, 101, 103, 99,
    103, 102, 102, 101, 102, 101, 104, 106, 103, 100, 101, 103, 102, 104,
    104, 101, 103, 104, 105, 102, 103, 104 ]
