%YAML:1.0
---
videoName: "headShake32.mp4"
gestureLabel: 201
fps: 29
pixelSizeInCmTemp: 3.2808219178082193e-01
faceCenterPointX: 237
faceCenterPointY: 77
headPositionsX: [ 238, 235, 237, 236, 236, 237, 239, 239, 239, 239, 238,
    241, 241, 239, 240, 238, 240, 240, 241, 239, 242, 242, 239, 241, 238,
    242, 239, 242, 239, 240, 240, 238, 238, 240, 237, 240, 239, 241, 242,
    240, 245, 243, 247, 250, 250, 251, 249, 249, 251, 248, 248, 247, 244,
    241, 240, 239, 239, 236, 234, 230, 231, 229, 229, 229, 223, 226, 229,
    232, 229, 231, 233, 239, 242, 242, 247, 250, 247, 250, 248, 247, 249,
    246, 244, 243, 241, 242, 238, 241, 240, 238, 239, 239, 235, 237, 239,
    236, 239, 237, 240, 238 ]
headPositionsY: [ 78, 72, 74, 75, 73, 71, 72, 74, 75, 76, 73, 73, 72, 75,
    71, 71, 76, 74, 75, 74, 72, 71, 72, 73, 73, 75, 72, 75, 73, 72, 72,
    75, 72, 75, 76, 74, 76, 72, 73, 76, 75, 75, 74, 72, 71, 73, 75, 71,
    73, 74, 73, 75, 73, 76, 74, 76, 76, 75, 74, 78, 75, 74, 76, 77, 77,
    77, 74, 78, 74, 75, 76, 76, 76, 74, 76, 76, 76, 76, 76, 73, 74, 77,
    76, 78, 75, 79, 75, 77, 79, 75, 78, 80, 78, 79, 76, 79, 79, 75, 75,
    80 ]
