%YAML:1.0
---
videoName: "headShake45.mp4"
gestureLabel: 201
fps: 30
pixelSizeInCmTemp: 3.3263888888888887e-01
faceCenterPointX: 262
faceCenterPointY: 84
headPositionsX: [ 264, 264, 262, 263, 264, 264, 263, 263, 265, 263, 262,
    262, 264, 265, 260, 261, 265, 264, 264, 261, 262, 262, 260, 264, 264,
    262, 259, 262, 263, 260, 262, 263, 262, 261, 263, 260, 262, 261, 258,
    257, 254, 256, 257, 263, 269, 274, 278, 280, 278, 279, 274, 267, 263,
    257, 252, 254, 257, 260, 270, 270, 273, 276, 273, 267, 263, 258, 256,
    254, 257, 262, 265, 270, 272, 270, 270, 270, 266, 261, 258, 257, 257,
    257, 258, 264, 263, 266, 264, 259, 258, 259, 261, 262, 260, 260, 260,
    263, 265, 263, 261, 263 ]
headPositionsY: [ 84, 83, 80, 81, 81, 79, 79, 80, 80, 84, 82, 82, 81, 80,
    84, 83, 82, 85, 80, 82, 81, 79, 85, 80, 83, 80, 82, 82, 80, 83, 81,
    85, 81, 81, 83, 84, 84, 82, 82, 81, 83, 80, 83, 81, 84, 81, 79, 81,
    79, 78, 85, 82, 81, 80, 81, 84, 81, 82, 82, 79, 80, 83, 82, 80, 84,
    83, 85, 81, 81, 83, 81, 81, 82, 83, 84, 80, 81, 82, 82, 84, 82, 83,
    84, 82, 82, 81, 82, 81, 82, 84, 81, 82, 83, 83, 84, 83, 82, 82, 83,
    85 ]
