%YAML:1.0
---
videoName: "headLookLeft5.mp4"
gestureLabel: 203
fps: 30
pixelSizeInCmTemp: 3.5746268656716418e-01
faceCenterPointX: 284
faceCenterPointY: 67
headPositionsX: [ 282, 258, 257, 259, 259, 262, 259, 259, 259, 258, 261,
    262, 258, 259, 260, 261, 261, 265, 262, 262, 262, 266, 269, 271, 272,
    272, 276, 275, 278, 278, 281, 283, 285, 280, 283, 288, 286, 286, 286,
    287, 287, 285, 283, 285, 287, 284, 284, 285, 287, 283, 288, 284, 285,
    280, 285, 282, 283, 285, 285, 285, 283, 284, 285, 281, 285, 284, 285,
    282, 285, 280, 284, 284, 283, 285, 285, 284, 288, 283, 286, 285, 284,
    287, 284, 284, 284, 286, 286, 287, 282, 286, 287, 285, 284, 285, 287,
    284, 282, 284, 284, 285 ]
headPositionsY: [ 66, 70, 70, 69, 73, 72, 72, 69, 71, 72, 71, 73, 69, 73,
    71, 71, 74, 71, 71, 73, 72, 70, 72, 70, 68, 68, 68, 66, 69, 71, 69,
    71, 71, 67, 71, 66, 69, 70, 66, 69, 68, 67, 69, 70, 69, 71, 71, 69,
    68, 67, 69, 68, 68, 67, 68, 66, 68, 67, 68, 70, 66, 68, 67, 66, 66,
    67, 69, 67, 67, 70, 69, 70, 69, 68, 68, 69, 69, 68, 67, 69, 67, 68,
    69, 68, 69, 71, 67, 67, 69, 70, 66, 69, 67, 71, 68, 70, 70, 67, 69,
    70 ]
