%YAML:1.0
---
videoName: "headNod25.mp4"
gestureLabel: 202
fps: 29
pixelSizeInCmTemp: 3.1933333333333330e-01
faceCenterPointX: 270
faceCenterPointY: 75
headPositionsX: [ 269, 272, 270, 269, 274, 268, 269, 270, 270, 270, 271,
    268, 266, 268, 269, 269, 269, 270, 269, 270, 274, 272, 270, 271, 274,
    271, 273, 274, 275, 274, 274, 271, 274, 273, 275, 274, 274, 273, 274,
    271, 273, 271, 269, 271, 270, 272, 272, 272, 273, 269, 270, 270, 269,
    273, 270, 273, 272, 271, 271, 272, 271, 270, 269, 271, 271, 270, 271,
    271, 269, 270, 271, 271, 271, 273, 273, 269, 269, 269, 273, 268, 273,
    273, 269, 270, 272, 269, 271, 271, 273, 271, 272, 272, 272, 269, 269,
    273, 270, 268, 268, 269 ]
headPositionsY: [ 75, 74, 75, 75, 73, 71, 72, 74, 75, 75, 76, 73, 74, 75,
    74, 76, 73, 76, 76, 76, 77, 76, 72, 76, 74, 72, 74, 73, 73, 72, 75,
    76, 74, 76, 74, 76, 74, 73, 77, 77, 74, 73, 74, 74, 76, 74, 72, 75,
    72, 69, 71, 66, 68, 67, 66, 66, 65, 65, 66, 68, 73, 76, 79, 83, 87,
    86, 90, 85, 82, 83, 79, 74, 73, 69, 70, 67, 67, 71, 71, 69, 72, 76,
    81, 78, 82, 78, 77, 77, 79, 75, 77, 74, 77, 76, 75, 76, 74, 74, 75,
    73 ]
