%YAML:1.0
---
videoName: "headShake28.mp4"
gestureLabel: 201
fps: 29
pixelSizeInCmTemp: 3.2808219178082193e-01
faceCenterPointX: 242
faceCenterPointY: 80
headPositionsX: [ 244, 239, 240, 239, 242, 240, 241, 243, 238, 243, 239,
    239, 242, 243, 242, 240, 240, 239, 239, 242, 242, 241, 242, 240, 240,
    244, 244, 244, 241, 240, 240, 241, 243, 242, 241, 241, 242, 240, 241,
    242, 245, 245, 244, 244, 243, 244, 242, 245, 246, 244, 240, 237, 233,
    227, 233, 231, 239, 241, 251, 251, 256, 256, 254, 248, 248, 241, 238,
    231, 234, 234, 237, 242, 246, 252, 251, 253, 252, 251, 250, 248, 241,
    239, 236, 235, 236, 237, 239, 240, 242, 239, 245, 241, 241, 243, 244,
    240, 240, 240, 243, 241 ]
headPositionsY: [ 80, 77, 76, 78, 77, 76, 78, 79, 77, 77, 78, 79, 78, 81,
    77, 80, 77, 77, 79, 77, 78, 78, 81, 80, 78, 77, 80, 78, 79, 80, 80,
    77, 77, 75, 78, 79, 80, 78, 77, 79, 79, 78, 78, 76, 77, 76, 79, 75,
    77, 77, 79, 76, 76, 75, 78, 75, 76, 77, 80, 78, 75, 77, 79, 77, 76,
    80, 80, 80, 78, 81, 79, 80, 78, 77, 76, 79, 77, 79, 79, 78, 79, 79,
    77, 78, 76, 79, 80, 78, 79, 80, 80, 81, 78, 80, 79, 79, 80, 80, 79,
    81 ]
