%YAML:1.0
---
videoName: "headNod32.mp4"
gestureLabel: 202
fps: 29
pixelSizeInCmTemp: 2.8855421686746985e-01
faceCenterPointX: 266
faceCenterPointY: 74
headPositionsX: [ 267, 271, 268, 268, 269, 266, 265, 269, 265, 265, 264,
    263, 267, 264, 266, 266, 268, 267, 264, 265, 266, 267, 265, 265, 268,
    268, 266, 267, 268, 265, 268, 266, 267, 269, 268, 267, 268, 268, 266,
    268, 268, 270, 267, 265, 266, 267, 268, 267, 268, 269, 267, 269, 269,
    269, 269, 267, 266, 268, 266, 267, 268, 265, 266, 269, 268, 267, 269,
    266, 269, 265, 264, 266, 266, 267, 265, 267, 265, 267, 266, 264, 266,
    267, 264, 264, 265, 267, 265, 267, 268, 265, 268, 268, 268, 268, 266,
    266, 269, 266, 268, 268 ]
headPositionsY: [ 74, 80, 80, 76, 80, 77, 77, 80, 76, 79, 76, 77, 79, 80,
    78, 80, 79, 76, 78, 78, 76, 78, 79, 75, 77, 76, 80, 78, 76, 79, 77,
    79, 78, 75, 77, 77, 77, 78, 77, 77, 75, 76, 79, 75, 79, 77, 78, 76,
    79, 79, 76, 76, 78, 76, 75, 78, 75, 74, 77, 77, 70, 66, 65, 64, 65,
    68, 68, 75, 80, 80, 89, 86, 90, 88, 83, 79, 77, 72, 70, 71, 71, 71,
    71, 70, 69, 74, 72, 74, 75, 76, 74, 73, 75, 72, 72, 73, 74, 72, 76,
    73 ]
