%YAML:1.0
---
videoName: "headNod45.mp4"
gestureLabel: 202
fps: 30
pixelSizeInCmTemp: 3.0316455696202532e-01
faceCenterPointX: 265
faceCenterPointY: 77
headPositionsX: [ 263, 270, 265, 268, 268, 270, 269, 269, 267, 270, 270,
    266, 267, 269, 269, 267, 267, 269, 268, 269, 266, 267, 268, 267, 268,
    268, 269, 267, 267, 266, 264, 266, 264, 265, 266, 266, 263, 266, 265,
    266, 266, 264, 265, 266, 264, 263, 266, 263, 267, 266, 265, 265, 269,
    268, 268, 264, 265, 268, 269, 265, 265, 266, 267, 264, 263, 266, 267,
    267, 266, 267, 264, 265, 268, 268, 266, 266, 265, 268, 265, 263, 268,
    263, 268, 264, 267, 267, 269, 265, 267, 264, 266, 264, 266, 267, 266,
    268, 263, 267, 266, 265 ]
headPositionsY: [ 76, 74, 73, 76, 73, 75, 76, 76, 75, 76, 76, 76, 76, 74,
    76, 76, 75, 80, 80, 82, 86, 87, 89, 96, 91, 91, 89, 87, 80, 75, 73,
    73, 67, 64, 64, 65, 66, 72, 73, 77, 80, 88, 90, 92, 93, 90, 85, 84,
    82, 77, 74, 71, 75, 74, 73, 74, 79, 82, 82, 86, 83, 85, 83, 77, 74,
    76, 73, 72, 76, 76, 77, 82, 83, 88, 86, 89, 86, 83, 81, 77, 79, 74,
    78, 79, 78, 79, 82, 78, 81, 79, 81, 80, 77, 79, 77, 76, 76, 80, 78,
    77 ]
