%YAML:1.0
---
videoName: "headNod39.mp4"
gestureLabel: 202
fps: 29
pixelSizeInCmTemp: 2.9937500000000000e-01
faceCenterPointX: 268
faceCenterPointY: 78
headPositionsX: [ 267, 268, 265, 269, 267, 271, 267, 269, 268, 266, 269,
    269, 267, 268, 267, 270, 267, 270, 268, 268, 269, 270, 271, 270, 268,
    271, 270, 270, 269, 270, 268, 266, 270, 267, 267, 268, 268, 268, 270,
    267, 268, 270, 270, 269, 268, 269, 266, 269, 269, 266, 265, 265, 268,
    267, 266, 267, 268, 266, 265, 268, 267, 264, 265, 267, 265, 265, 266,
    266, 268, 265, 264, 267, 268, 268, 266, 268, 268, 269, 268, 265, 268,
    268, 266, 267, 269, 267, 266, 264, 266, 267, 266, 267, 266, 270, 268,
    267, 268, 265, 267, 268 ]
headPositionsY: [ 77, 78, 78, 78, 75, 79, 76, 77, 75, 78, 76, 77, 76, 78,
    74, 75, 76, 79, 78, 78, 78, 79, 77, 78, 75, 77, 78, 77, 78, 76, 78,
    77, 78, 76, 74, 78, 79, 80, 79, 80, 84, 84, 86, 87, 86, 84, 79, 76,
    73, 76, 76, 73, 74, 77, 78, 85, 87, 89, 90, 87, 87, 82, 80, 74, 73,
    72, 74, 76, 79, 78, 83, 84, 80, 83, 77, 74, 77, 76, 77, 75, 77, 80,
    78, 83, 82, 82, 79, 78, 79, 78, 76, 76, 76, 77, 80, 79, 80, 77, 80,
    79 ]
