%YAML:1.0
---
videoName: "headNod40.mp4"
gestureLabel: 202
fps: 29
pixelSizeInCmTemp: 2.8511904761904761e-01
faceCenterPointX: 267
faceCenterPointY: 78
headPositionsX: [ 266, 268, 268, 265, 266, 266, 268, 265, 268, 269, 269,
    266, 266, 268, 268, 268, 266, 268, 267, 266, 266, 268, 266, 266, 267,
    266, 266, 269, 265, 268, 269, 269, 269, 269, 270, 268, 268, 266, 266,
    268, 270, 269, 268, 265, 266, 266, 266, 266, 268, 266, 268, 268, 264,
    265, 265, 264, 268, 267, 268, 264, 267, 268, 266, 267, 267, 265, 265,
    266, 268, 269, 269, 270, 266, 270, 270, 266, 267, 268, 267, 266, 269,
    267, 268, 268, 266, 268, 267, 268, 267, 266, 265, 265, 264, 269, 266,
    266, 268, 268, 266, 268 ]
headPositionsY: [ 79, 76, 78, 75, 76, 75, 78, 78, 76, 75, 77, 73, 76, 77,
    75, 74, 75, 74, 76, 78, 75, 78, 74, 74, 74, 77, 75, 73, 75, 77, 74,
    73, 76, 77, 73, 73, 77, 77, 73, 73, 80, 86, 93, 96, 98, 97, 93, 89,
    85, 83, 79, 77, 76, 67, 68, 69, 68, 67, 69, 76, 78, 84, 87, 85, 84,
    80, 77, 81, 76, 72, 73, 70, 73, 74, 74, 76, 80, 79, 82, 77, 79, 80,
    80, 79, 77, 78, 77, 79, 75, 80, 75, 79, 75, 78, 76, 76, 79, 79, 76,
    76 ]
