%YAML:1.0
---
videoName: "headNod0.mp4"
gestureLabel: 202
fps: 29
pixelSizeInCmTemp: 3.2364864864864862e-01
faceCenterPointX: 264
faceCenterPointY: 76
headPositionsX: [ 264, 266, 267, 270, 269, 269, 265, 265, 266, 268, 268,
    266, 269, 265, 264, 264, 265, 263, 263, 267, 267, 268, 263, 265, 263,
    264, 265, 265, 265, 266, 265, 267, 265, 267, 266, 269, 265, 265, 266,
    266, 264, 264, 266, 263, 263, 263, 265, 262, 265, 262, 267, 265, 262,
    268, 264, 265, 265, 263, 262, 263, 263, 264, 268, 268, 266, 266, 267,
    265, 267, 266, 266, 264, 264, 263, 262, 266, 262, 262, 262, 265, 264,
    264, 266, 263, 263, 266, 265, 266, 266, 263, 267, 262, 264, 265, 265,
    263, 264, 263, 267, 265 ]
headPositionsY: [ 74, 72, 70, 73, 74, 74, 71, 75, 76, 73, 72, 74, 75, 75,
    75, 71, 73, 74, 73, 73, 73, 72, 75, 72, 73, 74, 71, 74, 75, 69, 70,
    70, 63, 65, 63, 65, 62, 65, 65, 65, 69, 72, 71, 75, 78, 80, 80, 81,
    79, 80, 78, 77, 70, 69, 70, 66, 66, 63, 67, 67, 69, 71, 74, 76, 78,
    80, 81, 78, 81, 77, 75, 75, 74, 70, 68, 67, 68, 67, 70, 70, 70, 72,
    71, 75, 78, 76, 77, 81, 78, 79, 76, 79, 75, 77, 78, 78, 74, 76, 75,
    76 ]
