%YAML:1.0
---
videoName: "headNod33.mp4"
gestureLabel: 202
fps: 29
pixelSizeInCmTemp: 2.9567901234567900e-01
faceCenterPointX: 268
faceCenterPointY: 74
headPositionsX: [ 266, 270, 269, 271, 270, 270, 270, 269, 268, 269, 271,
    270, 272, 269, 268, 270, 269, 269, 272, 268, 270, 269, 269, 269, 271,
    268, 268, 268, 270, 269, 267, 268, 271, 269, 267, 267, 271, 268, 268,
    270, 270, 269, 270, 269, 271, 270, 269, 268, 268, 270, 269, 267, 266,
    268, 269, 270, 268, 268, 266, 268, 266, 269, 269, 270, 265, 266, 268,
    267, 270, 269, 267, 265, 265, 267, 267, 267, 269, 267, 270, 270, 267,
    269, 267, 266, 268, 266, 270, 269, 268, 269, 266, 268, 267, 269, 267,
    266, 269, 267, 266, 268 ]
headPositionsY: [ 75, 69, 74, 69, 70, 69, 72, 73, 71, 73, 74, 72, 73, 69,
    71, 73, 73, 70, 73, 71, 72, 73, 72, 72, 72, 70, 73, 71, 70, 70, 70,
    72, 73, 72, 74, 75, 79, 75, 72, 69, 70, 70, 67, 64, 65, 66, 73, 77,
    77, 83, 81, 80, 81, 76, 76, 74, 69, 70, 70, 71, 69, 72, 74, 72, 72,
    75, 75, 78, 75, 76, 72, 75, 75, 72, 73, 73, 69, 74, 71, 72, 77, 77,
    79, 77, 78, 78, 77, 77, 75, 75, 74, 74, 73, 73, 76, 75, 77, 75, 76,
    76 ]
