%YAML:1.0
---
videoName: "headShake46.mp4"
gestureLabel: 201
fps: 30
pixelSizeInCmTemp: 3.2364864864864862e-01
faceCenterPointX: 262
faceCenterPointY: 85
headPositionsX: [ 263, 260, 259, 260, 262, 259, 260, 261, 259, 259, 260,
    260, 258, 261, 262, 262, 259, 263, 259, 259, 259, 262, 260, 260, 263,
    258, 260, 257, 260, 261, 265, 268, 272, 274, 279, 276, 278, 274, 268,
    257, 253, 253, 252, 251, 253, 260, 266, 268, 269, 265, 262, 255, 252,
    253, 253, 258, 265, 268, 266, 268, 266, 264, 258, 255, 258, 259, 263,
    265, 271, 268, 267, 265, 262, 259, 258, 260, 259, 264, 266, 265, 265,
    263, 264, 261, 259, 262, 259, 258, 258, 262, 259, 259, 259, 259, 258,
    261, 263, 263, 259, 259 ]
headPositionsY: [ 87, 85, 85, 86, 84, 86, 84, 84, 85, 83, 86, 86, 86, 85,
    86, 83, 82, 87, 83, 86, 82, 84, 85, 84, 86, 86, 83, 85, 82, 84, 84,
    84, 81, 82, 83, 82, 82, 82, 83, 84, 85, 85, 85, 85, 85, 86, 87, 85,
    82, 84, 86, 82, 85, 87, 84, 84, 85, 84, 85, 83, 85, 87, 84, 87, 85,
    87, 83, 85, 85, 86, 84, 86, 85, 85, 86, 87, 85, 84, 85, 86, 85, 86,
    82, 85, 82, 83, 83, 83, 84, 84, 83, 85, 87, 84, 87, 86, 84, 85, 85,
    85 ]
