%YAML:1.0
---
videoName: "headNod17.mp4"
gestureLabel: 202
fps: 30
pixelSizeInCmTemp: 3.2808219178082193e-01
faceCenterPointX: 253
faceCenterPointY: 76
headPositionsX: [ 255, 257, 253, 256, 255, 254, 256, 253, 257, 253, 253,
    254, 255, 255, 257, 253, 256, 255, 256, 256, 257, 257, 255, 256, 254,
    257, 254, 256, 257, 254, 255, 254, 256, 256, 254, 253, 257, 254, 256,
    256, 254, 254, 254, 253, 255, 254, 254, 254, 251, 251, 251, 252, 255,
    252, 255, 252, 255, 256, 257, 254, 254, 256, 257, 254, 253, 256, 254,
    252, 253, 252, 256, 252, 252, 252, 255, 255, 256, 254, 255, 253, 252,
    255, 254, 256, 253, 252, 256, 255, 254, 256, 255, 256, 252, 252, 256,
    253, 255, 253, 252, 256 ]
headPositionsY: [ 75, 78, 79, 79, 79, 79, 77, 77, 77, 75, 75, 76, 79, 76,
    77, 79, 75, 76, 77, 76, 77, 77, 75, 72, 71, 71, 67, 71, 70, 67, 65,
    66, 69, 68, 70, 72, 71, 72, 76, 79, 77, 81, 81, 83, 87, 84, 84, 81,
    79, 80, 76, 78, 75, 72, 69, 70, 69, 69, 70, 68, 72, 70, 74, 77, 80,
    80, 79, 79, 78, 77, 77, 79, 74, 78, 75, 78, 81, 80, 79, 77, 77, 75,
    74, 74, 78, 75, 78, 78, 78, 80, 76, 78, 76, 74, 78, 74, 78, 79, 75,
    79 ]
