%YAML:1.0
---
videoName: "headNod23.mp4"
gestureLabel: 202
fps: 29
pixelSizeInCmTemp: 3.1933333333333330e-01
faceCenterPointX: 273
faceCenterPointY: 75
headPositionsX: [ 275, 273, 274, 274, 272, 276, 274, 272, 275, 274, 275,
    277, 276, 275, 272, 272, 274, 272, 276, 276, 276, 277, 275, 272, 275,
    275, 275, 277, 273, 273, 275, 274, 277, 277, 276, 277, 273, 274, 274,
    272, 272, 269, 272, 272, 270, 271, 272, 273, 271, 273, 273, 275, 276,
    275, 273, 273, 274, 273, 271, 273, 272, 276, 271, 273, 272, 274, 274,
    276, 275, 273, 276, 276, 273, 273, 272, 275, 273, 276, 274, 274, 272,
    274, 275, 275, 273, 274, 272, 273, 275, 273, 276, 272, 272, 275, 275,
    275, 276, 275, 272, 274 ]
headPositionsY: [ 77, 75, 75, 75, 77, 74, 76, 75, 76, 77, 74, 74, 79, 76,
    77, 78, 76, 75, 75, 77, 75, 75, 76, 73, 72, 71, 70, 67, 64, 67, 64,
    64, 67, 66, 69, 73, 72, 74, 77, 80, 84, 81, 82, 80, 76, 73, 73, 67,
    69, 68, 68, 70, 68, 71, 70, 77, 76, 79, 77, 76, 78, 78, 73, 70, 71,
    69, 67, 67, 68, 73, 69, 73, 77, 79, 76, 77, 77, 77, 77, 75, 78, 74,
    75, 73, 75, 72, 73, 73, 73, 72, 74, 72, 76, 74, 74, 77, 78, 74, 74,
    76 ]
