%YAML:1.0
---
videoName: "headNod32.mp4"
gestureLabel: 202
fps: 29
pixelSizeInCmTemp: 2.8855421686746985e-01
faceCenterPointX: 266
faceCenterPointY: 74
headPositionsX: [ 266, 271, 266, 266, 267, 266, 266, 269, 266, 269, 267,
    263, 264, 267, 267, 265, 269, 264, 268, 265, 265, 264, 265, 264, 266,
    267, 266, 266, 266, 266, 265, 265, 267, 268, 265, 269, 266, 266, 266,
    268, 268, 266, 266, 268, 267, 265, 266, 270, 269, 266, 266, 269, 265,
    267, 267, 269, 266, 267, 268, 266, 267, 266, 267, 267, 268, 268, 270,
    268, 269, 267, 267, 267, 264, 268, 265, 266, 264, 266, 265, 263, 265,
    265, 265, 267, 265, 269, 267, 265, 268, 266, 268, 266, 266, 266, 266,
    264, 269, 264, 269, 267 ]
headPositionsY: [ 72, 78, 78, 79, 80, 76, 79, 76, 80, 77, 79, 76, 79, 78,
    76, 80, 75, 76, 77, 79, 76, 77, 78, 75, 77, 80, 77, 75, 76, 77, 79,
    80, 80, 75, 76, 76, 78, 78, 77, 80, 79, 76, 79, 77, 79, 78, 80, 77,
    76, 77, 77, 76, 79, 79, 78, 76, 76, 76, 77, 75, 69, 68, 66, 66, 63,
    70, 67, 74, 76, 81, 86, 86, 86, 88, 84, 79, 77, 74, 74, 72, 72, 72,
    72, 69, 72, 73, 74, 76, 75, 74, 76, 77, 74, 73, 74, 74, 73, 72, 77,
    74 ]
