%YAML:1.0
---
videoName: "headNod25.mp4"
gestureLabel: 202
fps: 29
pixelSizeInCmTemp: 3.1933333333333330e-01
faceCenterPointX: 270
faceCenterPointY: 75
headPositionsX: [ 268, 269, 270, 271, 270, 272, 271, 270, 272, 272, 270,
    270, 270, 267, 268, 270, 270, 269, 272, 271, 273, 271, 273, 272, 274,
    274, 271, 271, 273, 272, 275, 270, 273, 272, 272, 274, 273, 274, 273,
    274, 272, 273, 272, 271, 273, 273, 271, 272, 272, 273, 269, 271, 271,
    270, 274, 273, 271, 271, 270, 272, 271, 270, 272, 269, 270, 270, 269,
    270, 271, 269, 271, 271, 270, 269, 272, 269, 269, 271, 273, 271, 272,
    271, 271, 272, 268, 272, 272, 272, 271, 272, 272, 269, 271, 273, 268,
    272, 268, 271, 272, 271 ]
headPositionsY: [ 76, 73, 73, 76, 72, 74, 76, 75, 74, 74, 72, 73, 76, 73,
    75, 75, 73, 74, 75, 77, 76, 72, 72, 75, 74, 73, 77, 76, 75, 72, 76,
    73, 73, 72, 73, 75, 75, 75, 76, 75, 74, 76, 76, 77, 72, 78, 75, 76,
    74, 71, 71, 67, 64, 67, 63, 65, 66, 68, 70, 69, 69, 75, 79, 85, 86,
    87, 89, 84, 84, 80, 79, 76, 72, 72, 70, 70, 66, 71, 72, 73, 73, 78,
    80, 79, 82, 82, 80, 80, 80, 76, 74, 77, 73, 76, 78, 76, 75, 76, 74,
    76 ]
