%YAML:1.0
---
videoName: "headShake22.mp4"
gestureLabel: 201
fps: 29
pixelSizeInCmTemp: 3.2364864864864862e-01
faceCenterPointX: 241
faceCenterPointY: 79
headPositionsX: [ 243, 239, 244, 243, 240, 243, 241, 244, 241, 242, 241,
    241, 242, 241, 242, 242, 242, 245, 243, 241, 241, 243, 242, 243, 242,
    243, 241, 243, 243, 244, 242, 241, 241, 242, 241, 245, 244, 242, 244,
    245, 243, 243, 242, 240, 240, 244, 245, 239, 242, 244, 243, 244, 240,
    244, 242, 242, 240, 245, 244, 244, 240, 244, 240, 244, 240, 240, 243,
    240, 243, 247, 250, 253, 258, 257, 252, 252, 245, 244, 238, 235, 238,
    236, 239, 241, 247, 244, 245, 243, 242, 241, 242, 239, 239, 241, 242,
    238, 242, 240, 242, 240 ]
headPositionsY: [ 81, 74, 76, 77, 79, 74, 78, 78, 75, 74, 78, 76, 74, 77,
    78, 77, 78, 77, 76, 77, 75, 75, 78, 78, 79, 74, 74, 75, 76, 78, 76,
    75, 78, 78, 74, 76, 77, 76, 76, 75, 76, 73, 74, 76, 75, 75, 77, 77,
    78, 78, 77, 76, 75, 77, 75, 76, 74, 77, 75, 76, 78, 77, 77, 74, 79,
    74, 75, 75, 76, 75, 78, 76, 74, 77, 77, 74, 77, 76, 77, 75, 79, 79,
    78, 75, 77, 79, 78, 76, 78, 76, 77, 78, 78, 76, 81, 77, 79, 80, 76,
    76 ]
