%YAML:1.0
---
videoName: "headLookDown8.mp4"
gestureLabel: 206
fps: 29
pixelSizeInCmTemp: 3.3732394366197183e-01
faceCenterPointX: 276
faceCenterPointY: 96
headPositionsX: [ 275, 275, 273, 272, 275, 274, 275, 272, 274, 276, 272,
    273, 274, 275, 273, 273, 274, 274, 274, 275, 275, 272, 277, 276, 275,
    274, 273, 275, 274, 273, 272, 277, 274, 274, 272, 273, 272, 272, 272,
    274, 273, 277, 277, 274, 277, 275, 277, 273, 274, 277, 277, 277, 276,
    277, 277, 277, 277, 277, 278, 277, 277, 277, 274, 276, 278, 274, 278,
    273, 277, 274, 274, 276, 276, 274, 273, 278, 274, 274, 274, 278, 277,
    277, 278, 277, 277, 275, 275, 278, 274, 277, 276, 275, 278, 274, 276,
    275, 276, 276, 276, 277 ]
headPositionsY: [ 97, 77, 80, 81, 78, 82, 78, 81, 78, 79, 80, 78, 78, 79,
    80, 81, 79, 79, 79, 82, 77, 81, 80, 80, 80, 79, 78, 78, 78, 79, 80,
    82, 80, 82, 83, 83, 86, 84, 83, 85, 85, 89, 91, 89, 91, 93, 93, 91,
    92, 96, 98, 95, 100, 98, 99, 99, 99, 96, 99, 97, 99, 100, 100, 98,
    98, 97, 99, 99, 99, 98, 97, 99, 98, 97, 96, 99, 96, 98, 99, 99, 95,
    96, 95, 94, 97, 99, 95, 97, 96, 98, 94, 96, 99, 95, 98, 94, 98, 99,
    97, 95 ]
