%YAML:1.0
---
videoName: "headNod34.mp4"
gestureLabel: 202
fps: 29
pixelSizeInCmTemp: 2.9567901234567900e-01
faceCenterPointX: 266
faceCenterPointY: 78
headPositionsX: [ 266, 266, 271, 270, 271, 270, 272, 270, 270, 267, 267,
    267, 271, 268, 267, 269, 269, 271, 271, 267, 268, 270, 271, 270, 270,
    270, 269, 270, 268, 270, 270, 270, 270, 272, 271, 267, 271, 270, 268,
    268, 268, 271, 272, 272, 270, 269, 272, 268, 270, 268, 267, 270, 267,
    269, 268, 271, 269, 270, 272, 272, 269, 272, 272, 272, 268, 272, 269,
    270, 269, 270, 269, 270, 267, 268, 265, 266, 266, 265, 265, 267, 264,
    268, 265, 268, 267, 266, 266, 265, 264, 267, 266, 266, 267, 266, 267,
    265, 266, 269, 265, 268 ]
headPositionsY: [ 78, 75, 76, 78, 79, 74, 75, 74, 76, 78, 76, 78, 79, 74,
    77, 76, 75, 74, 79, 77, 79, 74, 78, 78, 75, 75, 76, 75, 77, 76, 77,
    74, 75, 77, 75, 76, 75, 72, 73, 73, 71, 71, 73, 74, 83, 85, 89, 88,
    87, 82, 81, 77, 73, 71, 74, 75, 72, 75, 78, 81, 84, 81, 80, 78, 78,
    81, 78, 78, 81, 81, 83, 86, 86, 83, 84, 78, 79, 79, 77, 78, 78, 83,
    83, 85, 82, 79, 79, 80, 79, 76, 80, 80, 77, 79, 82, 78, 81, 78, 81,
    81 ]
