%YAML:1.0
---
videoName: "headLookRight1.mp4"
gestureLabel: 204
fps: 29
pixelSizeInCmTemp: 3.3263888888888887e-01
faceCenterPointX: 232
faceCenterPointY: 68
headPositionsX: [ 231, 257, 254, 255, 255, 255, 257, 258, 254, 255, 256,
    255, 257, 257, 258, 253, 254, 254, 257, 254, 257, 255, 255, 254, 257,
    257, 256, 255, 254, 253, 252, 254, 249, 250, 247, 245, 241, 239, 239,
    234, 233, 234, 229, 229, 231, 233, 232, 229, 231, 232, 230, 233, 229,
    231, 233, 235, 231, 236, 231, 235, 232, 232, 233, 230, 231, 234, 230,
    235, 232, 235, 231, 232, 234, 232, 237, 230, 232, 231, 233, 233, 233,
    232, 234, 232, 230, 232, 234, 230, 233, 233, 235, 232, 230, 232, 231,
    233, 231, 231, 231, 232 ]
headPositionsY: [ 69, 67, 66, 69, 69, 67, 67, 67, 67, 68, 68, 68, 68, 68,
    66, 66, 69, 69, 67, 68, 70, 67, 68, 66, 67, 70, 66, 69, 68, 70, 70,
    68, 69, 66, 69, 67, 66, 69, 68, 68, 70, 68, 68, 67, 66, 70, 70, 67,
    66, 68, 67, 69, 71, 69, 70, 67, 68, 70, 68, 67, 70, 67, 69, 69, 69,
    69, 66, 67, 67, 69, 68, 70, 66, 69, 67, 69, 71, 69, 66, 71, 67, 70,
    70, 69, 67, 71, 67, 66, 70, 68, 70, 66, 67, 69, 68, 69, 68, 70, 70,
    68 ]
