%YAML:1.0
---
videoName: "headNod2.mp4"
gestureLabel: 202
fps: 29
pixelSizeInCmTemp: 3.2364864864864862e-01
faceCenterPointX: 263
faceCenterPointY: 70
headPositionsX: [ 263, 261, 260, 261, 264, 260, 261, 265, 264, 263, 264,
    266, 264, 266, 264, 265, 266, 266, 262, 264, 264, 261, 263, 265, 260,
    263, 265, 261, 263, 261, 260, 262, 261, 260, 261, 261, 264, 261, 261,
    263, 260, 264, 263, 261, 263, 260, 263, 264, 262, 261, 261, 263, 262,
    264, 260, 263, 263, 261, 263, 263, 261, 261, 264, 264, 261, 260, 265,
    264, 261, 261, 262, 263, 262, 262, 264, 262, 261, 262, 261, 260, 263,
    263, 264, 262, 260, 262, 265, 261, 263, 261, 265, 263, 264, 264, 263,
    265, 261, 265, 264, 266 ]
headPositionsY: [ 68, 76, 75, 74, 77, 77, 75, 76, 76, 73, 77, 75, 75, 75,
    75, 78, 75, 76, 74, 76, 76, 75, 76, 74, 72, 75, 76, 72, 77, 74, 75,
    72, 75, 74, 76, 72, 73, 73, 72, 74, 75, 75, 75, 75, 72, 75, 73, 74,
    74, 71, 73, 70, 71, 71, 74, 78, 77, 76, 74, 73, 72, 71, 73, 76, 74,
    75, 74, 71, 71, 68, 68, 71, 72, 75, 74, 76, 73, 69, 73, 69, 72, 76,
    75, 78, 75, 72, 70, 70, 69, 69, 72, 71, 71, 71, 71, 71, 68, 70, 69,
    68 ]
