%YAML:1.0
---
videoName: "headLookRight9.mp4"
gestureLabel: 204
fps: 29
pixelSizeInCmTemp: 2.8511904761904761e-01
faceCenterPointX: 217
faceCenterPointY: 75
headPositionsX: [ 218, 242, 246, 243, 242, 242, 245, 241, 244, 241, 244,
    242, 241, 244, 241, 243, 242, 245, 245, 242, 244, 241, 241, 243, 241,
    243, 245, 245, 244, 240, 241, 239, 236, 234, 232, 229, 229, 224, 222,
    220, 222, 219, 214, 215, 218, 216, 216, 214, 215, 217, 213, 214, 214,
    215, 211, 215, 210, 214, 214, 213, 213, 214, 215, 215, 221, 221, 213,
    216, 216, 215, 215, 208, 208, 214, 212, 217, 217, 215, 213, 216, 214,
    219, 217, 219, 216, 218, 213, 218, 217, 219, 217, 212, 213, 215, 216,
    216, 216, 216, 217, 220 ]
headPositionsY: [ 77, 72, 72, 75, 76, 73, 73, 74, 74, 73, 75, 74, 77, 76,
    74, 73, 72, 75, 75, 76, 74, 75, 74, 77, 74, 77, 74, 73, 76, 76, 75,
    77, 74, 76, 75, 74, 75, 72, 76, 75, 77, 72, 71, 82, 71, 73, 70, 73,
    69, 72, 70, 72, 69, 73, 75, 72, 73, 75, 71, 72, 73, 73, 74, 73, 77,
    78, 73, 72, 73, 71, 71, 78, 77, 70, 75, 71, 73, 73, 73, 71, 72, 73,
    70, 75, 72, 74, 70, 71, 73, 71, 75, 73, 75, 71, 71, 71, 77, 74, 71,
    75 ]
