%YAML:1.0
---
videoName: "headShake29.mp4"
gestureLabel: 201
fps: 29
pixelSizeInCmTemp: 3.3263888888888887e-01
faceCenterPointX: 243
faceCenterPointY: 76
headPositionsX: [ 241, 242, 242, 244, 242, 241, 243, 242, 243, 243, 240,
    241, 244, 245, 242, 241, 244, 243, 244, 242, 242, 241, 241, 243, 241,
    240, 240, 236, 238, 238, 243, 244, 252, 252, 253, 253, 253, 253, 250,
    243, 239, 235, 233, 227, 228, 229, 234, 240, 240, 246, 251, 252, 251,
    250, 247, 245, 239, 236, 232, 230, 229, 229, 232, 232, 239, 239, 245,
    248, 251, 253, 250, 250, 250, 244, 243, 239, 237, 236, 235, 232, 233,
    234, 235, 235, 240, 239, 240, 240, 241, 240, 245, 245, 242, 243, 245,
    242, 243, 245, 240, 244 ]
headPositionsY: [ 76, 77, 75, 75, 74, 77, 75, 74, 76, 73, 77, 76, 74, 76,
    75, 78, 76, 74, 78, 76, 76, 79, 78, 76, 74, 74, 74, 77, 78, 79, 75,
    76, 74, 75, 76, 76, 77, 76, 73, 78, 77, 75, 73, 79, 75, 76, 76, 76,
    77, 75, 76, 76, 73, 78, 74, 76, 78, 75, 79, 75, 77, 77, 75, 76, 77,
    77, 76, 76, 76, 76, 74, 74, 78, 77, 76, 74, 76, 74, 77, 74, 77, 76,
    76, 76, 77, 74, 74, 77, 75, 76, 74, 76, 76, 78, 75, 76, 78, 74, 74,
    76 ]
