%YAML:1.0
---
videoName: "headShake30.mp4"
gestureLabel: 201
fps: 29
pixelSizeInCmTemp: 3.2808219178082193e-01
faceCenterPointX: 240
faceCenterPointY: 68
headPositionsX: [ 241, 234, 233, 233, 231, 235, 234, 231, 232, 237, 235,
    237, 236, 239, 241, 238, 242, 243, 243, 241, 244, 242, 244, 242, 243,
    241, 240, 243, 242, 239, 240, 240, 240, 242, 241, 239, 239, 240, 242,
    249, 249, 254, 257, 256, 260, 262, 257, 256, 248, 243, 240, 230, 225,
    223, 222, 227, 231, 234, 241, 245, 248, 251, 253, 252, 248, 244, 238,
    230, 226, 229, 230, 230, 232, 238, 242, 246, 246, 248, 251, 251, 248,
    244, 242, 239, 237, 237, 239, 237, 238, 241, 241, 240, 240, 240, 242,
    239, 242, 239, 242, 238 ]
headPositionsY: [ 67, 55, 57, 59, 56, 58, 62, 58, 60, 63, 64, 64, 62, 64,
    67, 64, 65, 67, 64, 65, 64, 66, 64, 63, 67, 63, 63, 68, 66, 64, 67,
    65, 66, 66, 68, 64, 68, 64, 64, 65, 64, 63, 64, 65, 66, 66, 65, 67,
    64, 66, 66, 68, 66, 70, 69, 66, 68, 67, 67, 69, 65, 67, 66, 69, 70,
    69, 67, 70, 68, 66, 71, 68, 68, 68, 68, 67, 64, 67, 66, 65, 64, 67,
    69, 69, 67, 69, 67, 70, 67, 69, 67, 69, 70, 69, 68, 66, 69, 70, 69,
    70 ]
