%YAML:1.0
---
videoName: "headNod46.mp4"
gestureLabel: 202
fps: 30
pixelSizeInCmTemp: 2.8511904761904761e-01
faceCenterPointX: 264
faceCenterPointY: 72
headPositionsX: [ 263, 263, 266, 266, 262, 265, 266, 267, 265, 262, 263,
    264, 261, 263, 262, 267, 265, 266, 263, 265, 266, 264, 266, 266, 265,
    266, 268, 264, 266, 269, 267, 267, 265, 262, 265, 260, 260, 261, 261,
    262, 260, 261, 264, 265, 261, 263, 262, 263, 260, 259, 263, 263, 260,
    260, 264, 263, 265, 263, 266, 264, 263, 262, 262, 265, 266, 265, 262,
    261, 266, 263, 265, 265, 264, 263, 263, 263, 264, 266, 263, 265, 264,
    263, 263, 263, 262, 265, 264, 263, 262, 264, 262, 265, 261, 264, 262,
    264, 263, 265, 261, 262 ]
headPositionsY: [ 73, 67, 71, 68, 69, 68, 68, 72, 74, 74, 74, 76, 82, 81,
    87, 89, 88, 90, 86, 82, 79, 75, 73, 68, 72, 69, 70, 71, 72, 77, 80,
    86, 87, 92, 89, 82, 82, 76, 78, 69, 70, 66, 70, 69, 72, 76, 79, 84,
    83, 83, 79, 81, 73, 69, 70, 68, 68, 68, 68, 70, 73, 75, 80, 78, 75,
    73, 74, 70, 69, 66, 69, 72, 73, 72, 74, 72, 74, 73, 70, 69, 70, 69,
    69, 68, 73, 72, 76, 75, 74, 73, 71, 71, 73, 72, 71, 71, 73, 73, 73,
    70 ]
