%YAML:1.0
---
videoName: "headShake30.mp4"
gestureLabel: 201
fps: 29
pixelSizeInCmTemp: 3.2808219178082193e-01
faceCenterPointX: 240
faceCenterPointY: 68
headPositionsX: [ 239, 232, 233, 232, 234, 234, 234, 233, 233, 233, 235,
    237, 237, 237, 240, 241, 240, 242, 245, 244, 242, 242, 241, 242, 244,
    240, 243, 242, 243, 242, 241, 239, 242, 239, 240, 241, 238, 242, 243,
    246, 248, 255, 258, 257, 259, 259, 259, 253, 249, 244, 239, 231, 229,
    222, 221, 224, 229, 235, 242, 246, 248, 252, 253, 250, 244, 240, 239,
    232, 229, 225, 230, 227, 230, 238, 244, 247, 249, 249, 250, 248, 246,
    245, 241, 236, 235, 236, 237, 239, 239, 237, 238, 240, 242, 243, 241,
    242, 240, 240, 239, 237 ]
headPositionsY: [ 67, 56, 57, 59, 56, 59, 59, 59, 62, 65, 62, 62, 66, 64,
    64, 66, 66, 65, 68, 64, 64, 65, 66, 63, 66, 63, 67, 68, 66, 66, 67,
    67, 66, 67, 65, 64, 68, 68, 67, 65, 67, 67, 64, 67, 64, 65, 68, 65,
    65, 66, 67, 64, 66, 67, 69, 69, 67, 71, 69, 68, 69, 66, 66, 68, 67,
    67, 67, 67, 68, 66, 69, 69, 69, 69, 66, 65, 68, 64, 69, 67, 68, 65,
    66, 67, 65, 67, 66, 70, 65, 67, 67, 69, 70, 68, 66, 69, 70, 66, 71,
    67 ]
