%YAML:1.0
---
videoName: "headLookLeft0.mp4"
gestureLabel: 203
fps: 29
pixelSizeInCmTemp: 3.6287878787878786e-01
faceCenterPointX: 286
faceCenterPointY: 69
headPositionsX: [ 284, 254, 252, 255, 252, 256, 253, 254, 254, 255, 252,
    253, 252, 252, 254, 256, 251, 254, 256, 253, 254, 254, 255, 253, 253,
    255, 253, 254, 255, 255, 254, 253, 255, 256, 256, 256, 253, 254, 256,
    258, 257, 256, 254, 257, 256, 254, 253, 256, 257, 253, 253, 254, 254,
    254, 253, 255, 255, 256, 256, 256, 255, 257, 253, 253, 253, 256, 253,
    256, 256, 255, 253, 257, 256, 254, 255, 254, 255, 256, 257, 262, 262,
    266, 268, 269, 271, 273, 275, 275, 281, 275, 282, 274, 282, 283, 284,
    287, 284, 285, 284, 286 ]
headPositionsY: [ 70, 70, 70, 70, 68, 69, 70, 67, 70, 70, 68, 68, 70, 68,
    68, 69, 70, 67, 69, 69, 68, 67, 70, 71, 69, 72, 70, 72, 68, 68, 72,
    70, 68, 71, 73, 73, 70, 70, 69, 70, 72, 72, 70, 70, 72, 72, 71, 72,
    70, 72, 71, 69, 70, 73, 69, 69, 70, 70, 73, 72, 71, 73, 72, 72, 70,
    71, 71, 70, 70, 71, 70, 69, 72, 73, 73, 71, 73, 73, 70, 72, 70, 72,
    71, 70, 69, 71, 68, 68, 73, 66, 65, 66, 65, 68, 67, 69, 67, 67, 71,
    69 ]
