%YAML:1.0
---
videoName: "headLookUp4.mp4"
gestureLabel: 205
fps: 30
pixelSizeInCmTemp: 3.6846153846153845e-01
faceCenterPointX: 256
faceCenterPointY: 68
headPositionsX: [ 258, 258, 257, 256, 256, 254, 256, 258, 257, 257, 254,
    256, 258, 258, 254, 254, 255, 254, 255, 256, 254, 256, 256, 256, 254,
    254, 257, 255, 254, 256, 257, 256, 256, 257, 256, 257, 256, 256, 253,
    253, 256, 254, 255, 257, 255, 256, 257, 257, 255, 257, 253, 257, 258,
    255, 254, 254, 257, 257, 255, 254, 255, 253, 253, 255, 257, 257, 256,
    254, 257, 257, 258, 258, 257, 255, 254, 256, 255, 256, 253, 253, 255,
    254, 254, 258, 258, 257, 255, 256, 255, 258, 258, 258, 256, 257, 259,
    257, 257, 255, 256, 255 ]
headPositionsY: [ 66, 83, 84, 82, 83, 82, 83, 83, 83, 84, 84, 82, 81, 81,
    81, 83, 80, 83, 82, 81, 80, 82, 79, 81, 77, 78, 76, 74, 72, 70, 68,
    69, 69, 72, 69, 69, 65, 69, 69, 68, 70, 69, 69, 67, 68, 67, 68, 67,
    69, 65, 67, 70, 68, 70, 68, 71, 66, 68, 69, 69, 69, 65, 67, 68, 70,
    69, 68, 69, 72, 72, 68, 70, 69, 71, 67, 71, 66, 67, 66, 66, 69, 68,
    68, 70, 68, 70, 68, 67, 70, 70, 71, 71, 69, 69, 71, 70, 69, 72, 67,
    68 ]
