%YAML:1.0
---
videoName: "headNod8.mp4"
gestureLabel: 202
fps: 29
pixelSizeInCmTemp: 3.1933333333333330e-01
faceCenterPointX: 262
faceCenterPointY: 74
headPositionsX: [ 263, 260, 262, 260, 260, 260, 262, 263, 261, 263, 261,
    261, 264, 261, 262, 260, 262, 261, 261, 263, 263, 264, 262, 264, 262,
    259, 261, 263, 260, 261, 259, 261, 261, 262, 261, 259, 260, 261, 263,
    263, 262, 263, 261, 264, 262, 264, 263, 263, 264, 263, 262, 259, 263,
    261, 262, 262, 263, 259, 263, 259, 261, 262, 259, 263, 259, 260, 261,
    261, 259, 259, 261, 262, 259, 261, 262, 261, 258, 258, 262, 263, 259,
    260, 262, 261, 259, 262, 264, 262, 264, 265, 263, 261, 262, 263, 261,
    266, 260, 265, 262, 261 ]
headPositionsY: [ 76, 77, 76, 76, 74, 78, 78, 76, 79, 76, 78, 74, 77, 74,
    75, 77, 78, 74, 77, 78, 76, 77, 78, 78, 77, 73, 76, 75, 76, 75, 74,
    76, 79, 75, 77, 76, 77, 78, 73, 75, 70, 72, 71, 68, 66, 66, 68, 70,
    73, 77, 75, 78, 82, 81, 83, 78, 76, 74, 71, 68, 72, 68, 70, 76, 77,
    82, 83, 82, 81, 81, 79, 75, 73, 68, 72, 72, 71, 77, 79, 80, 85, 80,
    80, 77, 76, 75, 72, 71, 74, 70, 72, 77, 77, 78, 77, 78, 78, 77, 78,
    77 ]
