%YAML:1.0
---
videoName: "headShake38.mp4"
gestureLabel: 201
fps: 29
pixelSizeInCmTemp: 3.2808219178082193e-01
faceCenterPointX: 259
faceCenterPointY: 84
headPositionsX: [ 259, 261, 262, 261, 264, 264, 262, 263, 265, 264, 262,
    264, 266, 262, 264, 265, 261, 265, 265, 264, 264, 263, 262, 262, 264,
    263, 265, 262, 261, 264, 265, 260, 262, 265, 264, 263, 263, 263, 261,
    262, 264, 259, 257, 256, 255, 252, 248, 246, 250, 253, 261, 264, 274,
    275, 277, 276, 269, 260, 253, 251, 246, 250, 253, 260, 266, 271, 271,
    269, 264, 261, 251, 248, 245, 250, 249, 253, 259, 265, 268, 270, 267,
    268, 269, 266, 264, 264, 263, 263, 261, 262, 260, 260, 261, 262, 260,
    261, 262, 262, 261, 261 ]
headPositionsY: [ 86, 81, 83, 82, 83, 83, 83, 83, 82, 83, 85, 81, 85, 85,
    83, 85, 83, 84, 82, 86, 84, 85, 86, 83, 83, 84, 81, 84, 82, 85, 84,
    83, 84, 84, 84, 85, 83, 86, 85, 81, 85, 84, 82, 82, 81, 80, 81, 84,
    83, 86, 84, 85, 85, 81, 81, 84, 86, 85, 82, 82, 83, 81, 83, 85, 86,
    82, 85, 85, 85, 85, 82, 83, 83, 83, 84, 83, 82, 82, 86, 85, 82, 85,
    83, 85, 84, 83, 86, 85, 86, 86, 82, 83, 82, 85, 85, 85, 84, 86, 82,
    86 ]
