%YAML:1.0
---
videoName: "headShake21.mp4"
gestureLabel: 201
fps: 29
pixelSizeInCmTemp: 3.1933333333333330e-01
faceCenterPointX: 241
faceCenterPointY: 78
headPositionsX: [ 240, 245, 242, 245, 243, 241, 241, 242, 240, 244, 240,
    242, 243, 241, 239, 240, 243, 241, 243, 241, 241, 243, 242, 240, 244,
    244, 244, 242, 243, 243, 243, 244, 244, 245, 244, 243, 243, 242, 242,
    244, 244, 244, 243, 242, 241, 244, 239, 244, 239, 239, 244, 242, 241,
    241, 244, 239, 241, 242, 241, 243, 242, 238, 241, 238, 242, 238, 241,
    244, 248, 250, 251, 254, 252, 247, 244, 241, 238, 234, 234, 233, 237,
    238, 237, 242, 244, 243, 244, 243, 239, 238, 238, 240, 238, 236, 240,
    243, 243, 243, 240, 241 ]
headPositionsY: [ 79, 83, 81, 81, 75, 74, 76, 71, 71, 74, 73, 72, 69, 68,
    70, 73, 72, 73, 73, 72, 73, 73, 70, 72, 72, 73, 76, 76, 74, 77, 75,
    76, 75, 77, 77, 75, 77, 75, 77, 74, 75, 75, 75, 78, 80, 80, 78, 80,
    76, 80, 77, 78, 78, 75, 78, 78, 77, 78, 80, 76, 77, 77, 76, 76, 76,
    81, 78, 79, 79, 77, 76, 79, 75, 79, 78, 81, 80, 80, 77, 76, 77, 77,
    76, 81, 78, 77, 76, 77, 78, 76, 78, 80, 81, 80, 78, 80, 81, 78, 79,
    80 ]
