%YAML:1.0
---
videoName: "headShake6.mp4"
gestureLabel: 201
fps: 29
pixelSizeInCmTemp: 3.2808219178082193e-01
faceCenterPointX: 244
faceCenterPointY: 68
headPositionsX: [ 245, 245, 244, 246, 245, 245, 246, 246, 245, 242, 244,
    247, 245, 246, 247, 247, 247, 246, 242, 245, 245, 247, 244, 246, 246,
    243, 245, 249, 249, 255, 257, 260, 262, 262, 263, 262, 256, 253, 247,
    241, 237, 230, 232, 230, 235, 237, 245, 248, 256, 257, 260, 258, 254,
    253, 249, 244, 238, 234, 229, 233, 234, 234, 236, 241, 247, 250, 250,
    250, 251, 250, 245, 243, 242, 241, 239, 240, 239, 238, 238, 238, 240,
    240, 245, 241, 243, 246, 244, 244, 243, 245, 244, 244, 245, 242, 246,
    245, 242, 242, 243, 242 ]
headPositionsY: [ 68, 65, 65, 65, 67, 68, 65, 65, 66, 66, 66, 67, 67, 68,
    66, 65, 68, 69, 66, 64, 68, 64, 66, 65, 69, 66, 67, 65, 67, 65, 68,
    63, 66, 66, 67, 65, 65, 69, 66, 70, 68, 66, 68, 66, 67, 70, 70, 70,
    68, 68, 69, 66, 65, 70, 66, 71, 69, 65, 67, 65, 66, 68, 70, 66, 67,
    67, 66, 69, 69, 65, 66, 70, 67, 69, 69, 69, 69, 65, 68, 70, 70, 68,
    70, 66, 66, 69, 70, 67, 68, 70, 67, 69, 70, 68, 70, 67, 70, 71, 69,
    66 ]
