%YAML:1.0
---
videoName: "headNod3.mp4"
gestureLabel: 202
fps: 29
pixelSizeInCmTemp: 3.1933333333333330e-01
faceCenterPointX: 264
faceCenterPointY: 76
headPositionsX: [ 262, 262, 265, 261, 266, 261, 266, 263, 265, 263, 267,
    264, 265, 267, 266, 266, 265, 266, 263, 265, 265, 263, 266, 267, 264,
    266, 264, 266, 263, 267, 267, 268, 267, 265, 267, 267, 264, 265, 267,
    268, 264, 265, 267, 267, 267, 265, 264, 264, 267, 265, 266, 266, 264,
    265, 264, 263, 264, 265, 265, 265, 265, 263, 264, 263, 264, 264, 264,
    264, 263, 263, 265, 265, 262, 263, 261, 263, 265, 262, 262, 262, 262,
    261, 266, 263, 266, 265, 264, 263, 265, 264, 262, 262, 261, 263, 261,
    262, 266, 266, 265, 263 ]
headPositionsY: [ 77, 77, 76, 77, 79, 77, 76, 78, 78, 74, 76, 72, 73, 71,
    73, 72, 71, 74, 71, 74, 74, 71, 70, 73, 72, 74, 75, 75, 74, 76, 72,
    72, 73, 75, 73, 74, 75, 76, 77, 72, 75, 73, 75, 72, 72, 70, 67, 66,
    66, 64, 69, 68, 72, 76, 78, 79, 84, 85, 80, 78, 76, 74, 67, 69, 66,
    69, 70, 73, 74, 78, 83, 83, 82, 78, 78, 74, 71, 67, 67, 65, 64, 66,
    68, 70, 71, 73, 78, 79, 79, 79, 78, 80, 78, 79, 75, 77, 74, 78, 74,
    77 ]
