%YAML:1.0
---
videoName: "headLookDown9.mp4"
gestureLabel: 206
fps: 29
pixelSizeInCmTemp: 3.5220588235294115e-01
faceCenterPointX: 274
faceCenterPointY: 97
headPositionsX: [ 273, 270, 273, 274, 273, 274, 273, 270, 272, 272, 271,
    275, 273, 273, 270, 273, 272, 272, 270, 273, 272, 274, 272, 273, 272,
    275, 275, 270, 274, 271, 271, 273, 273, 274, 274, 270, 270, 273, 274,
    274, 273, 275, 275, 274, 273, 271, 271, 272, 274, 275, 274, 274, 275,
    272, 272, 270, 274, 270, 274, 273, 270, 271, 271, 271, 270, 271, 271,
    271, 271, 270, 272, 270, 273, 273, 270, 275, 274, 271, 272, 273, 270,
    272, 272, 270, 274, 274, 275, 273, 273, 272, 272, 273, 275, 276, 271,
    273, 275, 272, 274, 273 ]
headPositionsY: [ 96, 82, 83, 78, 81, 80, 78, 81, 82, 82, 84, 81, 79, 80,
    78, 81, 79, 78, 82, 79, 80, 79, 80, 81, 82, 79, 82, 79, 82, 83, 82,
    82, 83, 80, 82, 86, 82, 84, 85, 87, 88, 92, 91, 92, 92, 95, 94, 94,
    94, 98, 97, 99, 99, 97, 99, 96, 98, 96, 100, 101, 97, 100, 98, 99,
    97, 98, 98, 100, 100, 99, 99, 95, 97, 99, 96, 95, 98, 98, 95, 95, 99,
    98, 95, 99, 97, 96, 99, 96, 95, 96, 96, 96, 95, 98, 99, 98, 95, 97,
    95, 98 ]
