%YAML:1.0
---
videoName: "headNod0.mp4"
gestureLabel: 202
fps: 29
pixelSizeInCmTemp: 3.2364864864864862e-01
faceCenterPointX: 264
faceCenterPointY: 76
headPositionsX: [ 263, 265, 268, 269, 270, 267, 268, 267, 265, 266, 266,
    267, 266, 267, 268, 264, 266, 264, 267, 264, 267, 265, 264, 267, 265,
    266, 267, 265, 267, 265, 266, 267, 264, 266, 267, 267, 269, 264, 264,
    266, 268, 264, 267, 266, 263, 263, 267, 266, 265, 266, 267, 266, 263,
    264, 266, 263, 263, 263, 262, 264, 266, 263, 266, 268, 265, 264, 265,
    264, 264, 266, 267, 266, 262, 263, 264, 266, 262, 265, 265, 267, 265,
    265, 263, 264, 264, 263, 262, 265, 267, 263, 266, 264, 263, 264, 262,
    263, 266, 265, 265, 262 ]
headPositionsY: [ 74, 75, 72, 73, 70, 74, 71, 72, 72, 72, 71, 74, 71, 74,
    74, 73, 75, 75, 74, 74, 74, 71, 76, 73, 76, 73, 72, 72, 71, 73, 72,
    69, 67, 66, 64, 62, 61, 62, 66, 68, 65, 72, 72, 77, 76, 81, 83, 82,
    80, 78, 77, 73, 70, 72, 68, 67, 70, 64, 67, 70, 68, 71, 71, 74, 75,
    79, 77, 80, 80, 79, 76, 73, 70, 71, 69, 68, 66, 66, 69, 71, 72, 74,
    71, 76, 77, 77, 79, 79, 81, 78, 79, 75, 76, 77, 75, 75, 77, 77, 77,
    75 ]
