%YAML:1.0
---
videoName: "headNod20.mp4"
gestureLabel: 202
fps: 30
pixelSizeInCmTemp: 3.2808219178082193e-01
faceCenterPointX: 253
faceCenterPointY: 80
headPositionsX: [ 254, 256, 255, 256, 256, 254, 254, 254, 255, 255, 257,
    253, 257, 254, 256, 254, 257, 258, 256, 254, 255, 254, 257, 257, 254,
    257, 257, 256, 258, 257, 257, 255, 254, 254, 258, 255, 254, 252, 253,
    254, 255, 255, 256, 253, 256, 251, 255, 253, 252, 252, 252, 250, 254,
    249, 249, 253, 253, 250, 251, 250, 254, 255, 252, 254, 251, 252, 252,
    253, 254, 251, 253, 253, 254, 252, 254, 254, 255, 253, 254, 251, 253,
    252, 252, 254, 253, 252, 251, 251, 252, 253, 252, 254, 254, 253, 253,
    255, 252, 255, 253, 256 ]
headPositionsY: [ 82, 78, 79, 77, 76, 77, 76, 79, 78, 79, 77, 77, 79, 79,
    79, 79, 80, 79, 76, 77, 78, 77, 80, 77, 77, 80, 80, 81, 82, 80, 83,
    84, 86, 86, 88, 83, 81, 77, 75, 71, 71, 73, 70, 76, 77, 82, 83, 85,
    87, 86, 88, 81, 82, 79, 77, 75, 78, 81, 79, 84, 81, 82, 79, 79, 77,
    76, 80, 82, 83, 83, 84, 78, 79, 77, 78, 80, 80, 82, 82, 83, 79, 78,
    81, 79, 82, 81, 81, 80, 79, 81, 78, 82, 79, 81, 79, 79, 82, 78, 80,
    81 ]
