%YAML:1.0
---
videoName: "headShake7.mp4"
gestureLabel: 201
fps: 29
pixelSizeInCmTemp: 3.3263888888888887e-01
faceCenterPointX: 244
faceCenterPointY: 72
headPositionsX: [ 242, 244, 242, 243, 245, 245, 243, 241, 244, 242, 244,
    250, 250, 255, 255, 257, 258, 260, 260, 257, 253, 246, 240, 236, 233,
    234, 234, 241, 244, 254, 257, 260, 259, 256, 257, 248, 244, 236, 235,
    229, 229, 229, 228, 233, 238, 244, 249, 254, 254, 255, 254, 249, 246,
    244, 236, 235, 230, 231, 230, 233, 241, 242, 246, 254, 254, 258, 257,
    257, 255, 253, 245, 245, 239, 236, 237, 235, 234, 235, 237, 237, 239,
    240, 241, 243, 247, 247, 247, 245, 247, 248, 248, 247, 246, 244, 246,
    244, 243, 242, 242, 241 ]
headPositionsY: [ 74, 72, 70, 69, 71, 69, 69, 73, 73, 73, 72, 71, 70, 71,
    69, 67, 69, 67, 71, 69, 72, 69, 68, 68, 73, 71, 69, 72, 69, 68, 68,
    68, 69, 68, 71, 71, 69, 69, 73, 70, 69, 73, 68, 69, 69, 73, 71, 70,
    70, 68, 70, 70, 72, 71, 73, 71, 70, 70, 68, 73, 71, 71, 73, 70, 71,
    67, 70, 67, 68, 70, 69, 70, 72, 71, 70, 69, 69, 69, 70, 71, 73, 73,
    70, 72, 72, 73, 71, 71, 73, 72, 71, 72, 73, 72, 72, 74, 74, 70, 74,
    70 ]
