%YAML:1.0
---
videoName: "headShake1.mp4"
gestureLabel: 201
fps: 29
pixelSizeInCmTemp: 3.3263888888888887e-01
faceCenterPointX: 279
faceCenterPointY: 98
headPositionsX: [ 280, 277, 277, 278, 279, 278, 278, 279, 279, 279, 278,
    277, 280, 278, 277, 279, 278, 279, 280, 281, 277, 278, 280, 278, 279,
    278, 278, 281, 281, 281, 286, 290, 291, 294, 294, 293, 293, 289, 286,
    284, 281, 276, 272, 272, 270, 272, 272, 276, 280, 284, 289, 292, 294,
    290, 292, 285, 284, 280, 275, 268, 270, 268, 267, 269, 273, 275, 284,
    288, 289, 293, 291, 292, 291, 287, 283, 280, 278, 273, 270, 273, 268,
    271, 271, 271, 272, 273, 273, 279, 276, 279, 277, 279, 280, 278, 278,
    278, 278, 281, 280, 277 ]
headPositionsY: [ 96, 97, 96, 96, 99, 95, 96, 99, 97, 98, 98, 98, 98, 96,
    94, 98, 97, 99, 99, 98, 97, 96, 97, 96, 96, 98, 96, 98, 97, 98, 99,
    97, 96, 96, 97, 95, 97, 93, 96, 99, 100, 97, 96, 97, 98, 96, 97, 98,
    97, 94, 98, 96, 97, 95, 95, 95, 99, 98, 96, 96, 98, 94, 94, 97, 95,
    97, 99, 96, 95, 95, 93, 97, 98, 95, 97, 100, 98, 99, 94, 96, 98, 98,
    95, 96, 98, 99, 95, 96, 95, 97, 100, 99, 98, 99, 98, 98, 100, 98, 97,
    98 ]
