%YAML:1.0
---
videoName: "headShake9.mp4"
gestureLabel: 201
fps: 30
pixelSizeInCmTemp: 3.2808219178082193e-01
faceCenterPointX: 243
faceCenterPointY: 73
headPositionsX: [ 241, 245, 241, 244, 243, 244, 242, 241, 243, 244, 243,
    243, 242, 241, 244, 244, 243, 244, 242, 245, 240, 245, 243, 242, 245,
    241, 243, 245, 241, 242, 240, 244, 242, 243, 241, 241, 241, 242, 245,
    242, 245, 248, 252, 256, 263, 261, 264, 264, 262, 259, 253, 250, 241,
    236, 235, 230, 228, 228, 234, 236, 241, 249, 252, 255, 261, 259, 261,
    258, 254, 249, 243, 237, 234, 232, 228, 227, 229, 234, 238, 240, 243,
    248, 249, 249, 253, 252, 248, 247, 250, 248, 246, 244, 244, 246, 245,
    242, 245, 244, 241, 243 ]
headPositionsY: [ 75, 73, 72, 73, 72, 71, 72, 71, 71, 72, 73, 71, 74, 74,
    70, 71, 71, 72, 70, 72, 70, 72, 71, 74, 74, 75, 74, 74, 75, 71, 70,
    73, 75, 70, 74, 74, 70, 74, 70, 71, 72, 74, 73, 71, 71, 71, 68, 69,
    73, 73, 71, 74, 74, 75, 70, 71, 74, 71, 71, 75, 73, 73, 70, 72, 69,
    69, 72, 72, 74, 72, 74, 71, 74, 70, 75, 69, 71, 71, 71, 75, 74, 72,
    70, 71, 71, 72, 71, 75, 75, 71, 73, 73, 76, 72, 75, 72, 71, 71, 73,
    71 ]
