%YAML:1.0
---
videoName: "headNod37.mp4"
gestureLabel: 202
fps: 29
pixelSizeInCmTemp: 2.9207317073170730e-01
faceCenterPointX: 269
faceCenterPointY: 78
headPositionsX: [ 270, 269, 269, 272, 270, 269, 272, 269, 271, 267, 269,
    270, 271, 272, 269, 269, 271, 268, 270, 270, 272, 270, 271, 266, 271,
    269, 271, 268, 269, 270, 271, 269, 268, 268, 269, 270, 269, 270, 271,
    271, 271, 267, 271, 271, 269, 270, 268, 271, 273, 272, 270, 271, 268,
    269, 271, 268, 268, 267, 271, 269, 270, 269, 270, 267, 268, 265, 268,
    267, 268, 269, 266, 266, 265, 269, 267, 271, 268, 267, 267, 272, 269,
    268, 270, 270, 272, 269, 268, 271, 270, 267, 268, 268, 268, 270, 267,
    268, 267, 271, 269, 268 ]
headPositionsY: [ 77, 75, 74, 76, 74, 74, 76, 76, 77, 74, 76, 75, 76, 74,
    76, 74, 76, 73, 74, 77, 76, 73, 77, 74, 75, 74, 74, 78, 73, 77, 78,
    74, 76, 75, 77, 74, 74, 74, 73, 77, 75, 73, 78, 76, 76, 78, 77, 77,
    77, 78, 75, 73, 72, 69, 68, 66, 63, 66, 67, 65, 71, 72, 78, 82, 85,
    88, 89, 85, 83, 82, 74, 71, 68, 65, 68, 64, 67, 65, 69, 70, 74, 75,
    76, 81, 80, 83, 81, 80, 82, 79, 78, 79, 79, 76, 77, 77, 77, 78, 78,
    77 ]
