%YAML:1.0
---
videoName: "headLookDown7.mp4"
gestureLabel: 206
fps: 30
pixelSizeInCmTemp: 3.3732394366197183e-01
faceCenterPointX: 274
faceCenterPointY: 95
headPositionsX: [ 274, 276, 273, 273, 272, 271, 275, 273, 271, 276, 273,
    272, 276, 273, 273, 275, 275, 271, 274, 273, 274, 274, 273, 273, 272,
    275, 272, 272, 274, 272, 272, 273, 274, 274, 274, 275, 274, 274, 273,
    274, 273, 272, 274, 275, 273, 275, 275, 272, 271, 273, 275, 276, 272,
    275, 274, 272, 275, 273, 277, 276, 277, 272, 272, 272, 273, 274, 273,
    275, 272, 272, 272, 276, 274, 276, 275, 275, 276, 275, 273, 274, 276,
    277, 275, 277, 275, 272, 276, 277, 274, 275, 275, 277, 275, 273, 274,
    273, 277, 276, 272, 274 ]
headPositionsY: [ 96, 83, 82, 81, 83, 83, 83, 83, 82, 84, 82, 82, 82, 83,
    82, 80, 85, 84, 84, 84, 82, 85, 81, 83, 82, 82, 84, 82, 83, 84, 81,
    81, 80, 81, 81, 81, 81, 82, 85, 83, 81, 84, 83, 83, 82, 83, 82, 86,
    86, 86, 87, 87, 86, 90, 88, 89, 88, 90, 91, 92, 93, 94, 94, 94, 93,
    92, 96, 93, 96, 96, 93, 97, 93, 95, 94, 95, 98, 94, 95, 98, 96, 95,
    95, 94, 94, 95, 96, 95, 95, 97, 97, 96, 96, 96, 98, 97, 98, 97, 96,
    94 ]
