%YAML:1.0
---
videoName: "headShake9.mp4"
gestureLabel: 201
fps: 30
pixelSizeInCmTemp: 3.2808219178082193e-01
faceCenterPointX: 243
faceCenterPointY: 73
headPositionsX: [ 245, 242, 242, 240, 244, 240, 242, 244, 244, 245, 244,
    241, 241, 241, 244, 243, 242, 243, 244, 243, 244, 243, 245, 243, 241,
    243, 241, 244, 244, 241, 243, 244, 243, 244, 241, 241, 242, 242, 244,
    245, 246, 251, 251, 255, 260, 263, 264, 267, 259, 259, 252, 248, 244,
    240, 233, 233, 226, 227, 233, 237, 242, 245, 255, 259, 263, 263, 263,
    258, 257, 251, 244, 240, 234, 230, 231, 226, 229, 235, 239, 240, 244,
    250, 251, 250, 249, 248, 251, 250, 249, 247, 245, 244, 244, 245, 242,
    242, 245, 242, 242, 241 ]
headPositionsY: [ 72, 74, 73, 72, 72, 72, 72, 74, 74, 72, 73, 72, 74, 74,
    72, 71, 70, 72, 74, 73, 72, 73, 71, 74, 71, 74, 71, 74, 74, 72, 72,
    74, 71, 71, 73, 73, 74, 74, 71, 71, 70, 72, 70, 71, 71, 70, 71, 73,
    73, 73, 72, 71, 75, 73, 73, 72, 71, 73, 72, 74, 72, 73, 69, 69, 71,
    69, 70, 69, 71, 71, 74, 72, 73, 71, 74, 71, 71, 73, 71, 72, 74, 72,
    70, 73, 73, 75, 72, 73, 74, 72, 72, 72, 76, 73, 72, 71, 73, 73, 73,
    73 ]
