%YAML:1.0
---
videoName: "headNod23.mp4"
gestureLabel: 202
fps: 29
pixelSizeInCmTemp: 3.1933333333333330e-01
faceCenterPointX: 273
faceCenterPointY: 75
headPositionsX: [ 274, 275, 277, 276, 274, 273, 275, 275, 272, 276, 275,
    276, 275, 274, 276, 273, 272, 274, 274, 272, 272, 277, 276, 273, 273,
    274, 272, 276, 277, 274, 277, 273, 277, 275, 276, 274, 273, 272, 275,
    272, 270, 273, 272, 274, 272, 275, 272, 271, 273, 273, 275, 276, 273,
    276, 272, 272, 272, 272, 274, 271, 272, 275, 275, 274, 275, 271, 274,
    275, 273, 275, 275, 275, 272, 276, 274, 272, 273, 274, 274, 275, 272,
    271, 275, 274, 276, 272, 274, 276, 273, 273, 272, 272, 275, 274, 273,
    276, 273, 273, 273, 274 ]
headPositionsY: [ 74, 74, 77, 78, 77, 78, 74, 77, 79, 78, 77, 78, 78, 78,
    77, 75, 75, 74, 74, 76, 78, 78, 78, 74, 71, 71, 70, 69, 66, 68, 65,
    66, 66, 66, 70, 71, 74, 76, 80, 79, 82, 84, 80, 80, 77, 74, 70, 68,
    67, 68, 67, 70, 70, 72, 74, 77, 78, 77, 76, 78, 78, 77, 75, 70, 72,
    69, 70, 68, 69, 69, 70, 73, 77, 77, 76, 77, 77, 79, 75, 75, 78, 77,
    77, 75, 74, 73, 75, 74, 74, 74, 76, 72, 77, 75, 75, 76, 75, 73, 77,
    74 ]
