%YAML:1.0
---
videoName: "headShake1.mp4"
gestureLabel: 201
fps: 29
pixelSizeInCmTemp: 3.3263888888888887e-01
faceCenterPointX: 279
faceCenterPointY: 98
headPositionsX: [ 279, 280, 280, 278, 278, 282, 278, 280, 279, 280, 280,
    278, 279, 279, 279, 278, 280, 277, 280, 278, 280, 279, 277, 281, 281,
    279, 278, 281, 279, 284, 284, 288, 289, 294, 291, 295, 290, 287, 286,
    284, 278, 274, 272, 272, 269, 269, 269, 276, 282, 285, 290, 292, 291,
    291, 292, 287, 283, 281, 275, 271, 269, 266, 268, 268, 274, 275, 281,
    287, 291, 294, 290, 293, 289, 289, 285, 280, 277, 274, 271, 272, 271,
    271, 272, 271, 272, 276, 276, 277, 275, 279, 281, 279, 281, 282, 281,
    279, 281, 282, 278, 277 ]
headPositionsY: [ 97, 95, 97, 96, 96, 95, 98, 97, 95, 97, 99, 99, 97, 99,
    96, 98, 96, 99, 99, 96, 95, 98, 97, 96, 97, 98, 95, 98, 94, 97, 97,
    98, 96, 95, 98, 95, 96, 93, 97, 96, 96, 96, 95, 96, 94, 95, 96, 95,
    98, 96, 96, 96, 95, 95, 97, 94, 97, 96, 98, 97, 97, 95, 96, 95, 99,
    97, 99, 95, 96, 94, 93, 93, 95, 98, 97, 96, 97, 95, 95, 95, 94, 94,
    97, 95, 97, 96, 96, 98, 95, 97, 96, 96, 97, 100, 100, 100, 97, 99,
    99, 100 ]
