%YAML:1.0
---
videoName: "headShake39.mp4"
gestureLabel: 201
fps: 29
pixelSizeInCmTemp: 3.1933333333333330e-01
faceCenterPointX: 263
faceCenterPointY: 83
headPositionsX: [ 265, 262, 261, 258, 263, 259, 264, 262, 260, 260, 261,
    262, 259, 260, 259, 259, 262, 259, 261, 261, 259, 259, 257, 253, 253,
    250, 249, 247, 243, 245, 242, 243, 246, 252, 255, 259, 265, 270, 278,
    283, 281, 281, 273, 273, 263, 258, 255, 249, 245, 246, 244, 249, 253,
    255, 259, 270, 275, 276, 279, 279, 276, 271, 271, 263, 260, 254, 249,
    251, 249, 248, 249, 253, 254, 255, 255, 259, 262, 264, 263, 264, 265,
    264, 267, 264, 269, 268, 267, 268, 263, 267, 264, 266, 261, 261, 265,
    264, 264, 263, 263, 261 ]
headPositionsY: [ 85, 82, 82, 85, 84, 81, 85, 83, 84, 81, 82, 83, 81, 82,
    85, 84, 85, 85, 81, 85, 85, 85, 81, 83, 82, 85, 84, 81, 82, 80, 85,
    83, 81, 80, 82, 85, 84, 79, 82, 78, 82, 78, 80, 82, 81, 84, 84, 80,
    85, 83, 82, 83, 85, 82, 81, 84, 80, 81, 80, 79, 79, 82, 85, 82, 81,
    81, 78, 81, 79, 81, 81, 80, 80, 79, 85, 82, 82, 80, 82, 84, 84, 82,
    81, 80, 81, 84, 82, 83, 83, 83, 83, 82, 83, 84, 83, 83, 85, 85, 84,
    84 ]
