%YAML:1.0
---
videoName: "headShake30.mp4"
gestureLabel: 201
fps: 29
pixelSizeInCmTemp: 3.2808219178082193e-01
faceCenterPointX: 240
faceCenterPointY: 68
headPositionsX: [ 238, 233, 235, 233, 230, 233, 234, 231, 235, 237, 235,
    237, 237, 239, 238, 239, 243, 239, 242, 242, 242, 243, 244, 241, 243,
    241, 243, 243, 244, 240, 241, 242, 240, 241, 239, 237, 241, 242, 245,
    249, 252, 252, 256, 259, 260, 261, 257, 253, 248, 242, 238, 229, 226,
    222, 221, 226, 231, 234, 240, 248, 252, 252, 250, 250, 248, 241, 239,
    230, 228, 228, 226, 227, 230, 238, 244, 246, 246, 250, 251, 250, 249,
    242, 243, 239, 239, 234, 237, 235, 239, 237, 240, 241, 240, 242, 242,
    241, 240, 241, 239, 238 ]
headPositionsY: [ 70, 56, 57, 55, 59, 60, 59, 60, 62, 63, 64, 63, 65, 65,
    65, 67, 64, 67, 68, 65, 64, 66, 66, 64, 67, 64, 67, 68, 67, 66, 67,
    66, 65, 66, 68, 64, 67, 66, 65, 67, 64, 64, 63, 65, 64, 63, 66, 65,
    66, 65, 67, 67, 69, 67, 67, 70, 70, 68, 67, 69, 65, 65, 65, 66, 67,
    70, 66, 69, 69, 66, 70, 68, 70, 66, 68, 66, 65, 66, 66, 66, 64, 67,
    66, 66, 66, 65, 70, 67, 68, 65, 70, 66, 69, 67, 66, 69, 66, 67, 70,
    66 ]
