%YAML:1.0
---
videoName: "headNod22.mp4"
gestureLabel: 202
fps: 29
pixelSizeInCmTemp: 3.1513157894736843e-01
faceCenterPointX: 252
faceCenterPointY: 80
headPositionsX: [ 250, 253, 251, 254, 253, 252, 250, 252, 252, 250, 252,
    253, 255, 252, 254, 250, 256, 253, 254, 255, 251, 253, 254, 254, 251,
    255, 253, 253, 254, 255, 250, 254, 255, 256, 256, 254, 253, 253, 256,
    252, 256, 254, 254, 255, 250, 251, 251, 254, 251, 250, 254, 255, 251,
    251, 253, 250, 250, 252, 252, 252, 252, 254, 255, 252, 254, 250, 251,
    250, 250, 251, 253, 254, 251, 251, 250, 254, 254, 254, 251, 252, 252,
    254, 252, 252, 252, 253, 250, 251, 251, 250, 249, 254, 253, 253, 250,
    252, 249, 251, 250, 251 ]
headPositionsY: [ 81, 77, 79, 76, 77, 79, 76, 80, 80, 80, 77, 81, 80, 81,
    78, 78, 81, 76, 79, 78, 76, 80, 79, 78, 80, 85, 85, 83, 83, 81, 74,
    74, 73, 73, 70, 74, 72, 79, 78, 81, 86, 84, 82, 78, 74, 71, 70, 69,
    69, 72, 77, 81, 83, 84, 84, 82, 79, 76, 77, 74, 74, 71, 73, 75, 76,
    79, 82, 81, 78, 78, 76, 76, 77, 76, 76, 76, 82, 78, 80, 78, 80, 76,
    73, 76, 76, 81, 81, 83, 80, 79, 78, 77, 76, 78, 78, 79, 82, 83, 82,
    81 ]
