%YAML:1.0
---
videoName: "headNod35.mp4"
gestureLabel: 202
fps: 30
pixelSizeInCmTemp: 2.9937500000000000e-01
faceCenterPointX: 268
faceCenterPointY: 78
headPositionsX: [ 269, 268, 266, 267, 270, 270, 271, 268, 269, 268, 270,
    272, 272, 270, 270, 267, 271, 269, 270, 268, 270, 271, 271, 268, 269,
    269, 271, 270, 269, 270, 270, 272, 269, 269, 269, 271, 272, 267, 269,
    266, 268, 266, 266, 265, 266, 269, 270, 267, 271, 271, 270, 270, 271,
    267, 270, 270, 270, 268, 269, 266, 267, 270, 266, 267, 268, 271, 267,
    266, 267, 271, 267, 271, 268, 269, 266, 268, 266, 270, 270, 270, 269,
    268, 268, 267, 267, 266, 265, 266, 268, 266, 266, 266, 266, 265, 268,
    269, 266, 267, 268, 267 ]
headPositionsY: [ 78, 77, 77, 75, 74, 75, 77, 74, 76, 77, 74, 78, 76, 75,
    74, 77, 78, 77, 75, 75, 78, 78, 77, 76, 77, 78, 74, 70, 70, 71, 67,
    66, 71, 69, 72, 75, 80, 82, 91, 91, 92, 91, 86, 86, 78, 77, 75, 74,
    74, 73, 76, 79, 82, 85, 90, 91, 89, 86, 80, 79, 76, 72, 74, 73, 71,
    76, 77, 82, 86, 86, 84, 85, 82, 79, 75, 77, 72, 76, 74, 80, 80, 81,
    87, 87, 85, 87, 81, 81, 80, 79, 77, 81, 77, 80, 77, 77, 81, 78, 77,
    77 ]
