%YAML:1.0
---
videoName: "headLookLeft6.mp4"
gestureLabel: 203
fps: 29
pixelSizeInCmTemp: 3.2808219178082193e-01
faceCenterPointX: 267
faceCenterPointY: 69
headPositionsX: [ 265, 245, 246, 246, 243, 246, 246, 247, 247, 244, 248,
    243, 243, 245, 247, 243, 247, 244, 248, 245, 247, 244, 246, 244, 245,
    245, 250, 249, 251, 254, 252, 255, 258, 259, 262, 263, 265, 268, 267,
    269, 270, 269, 271, 269, 269, 268, 271, 268, 269, 270, 268, 268, 268,
    269, 269, 268, 268, 270, 269, 269, 266, 264, 269, 268, 271, 268, 265,
    267, 268, 266, 265, 265, 266, 265, 265, 265, 267, 266, 268, 270, 268,
    266, 267, 269, 266, 267, 269, 268, 265, 271, 266, 270, 269, 269, 267,
    269, 264, 264, 267, 267 ]
headPositionsY: [ 70, 74, 69, 70, 72, 72, 74, 72, 72, 71, 72, 71, 72, 70,
    71, 72, 71, 73, 73, 73, 70, 73, 73, 71, 73, 73, 72, 72, 71, 70, 70,
    73, 72, 73, 73, 69, 69, 72, 69, 71, 67, 71, 71, 70, 70, 71, 70, 68,
    69, 70, 68, 71, 68, 71, 72, 71, 69, 71, 69, 72, 72, 68, 68, 70, 72,
    68, 68, 67, 70, 69, 68, 67, 72, 72, 67, 68, 68, 70, 73, 72, 70, 70,
    72, 69, 69, 70, 69, 68, 73, 70, 68, 70, 71, 71, 70, 68, 71, 66, 72,
    67 ]
