%YAML:1.0
---
videoName: "headNod6.mp4"
gestureLabel: 202
fps: 29
pixelSizeInCmTemp: 3.1513157894736843e-01
faceCenterPointX: 262
faceCenterPointY: 73
headPositionsX: [ 263, 261, 262, 264, 264, 261, 264, 264, 265, 262, 260,
    264, 263, 263, 264, 263, 264, 259, 265, 262, 264, 263, 264, 260, 263,
    264, 264, 263, 261, 260, 261, 264, 262, 262, 264, 264, 265, 264, 264,
    264, 261, 263, 262, 260, 260, 261, 260, 261, 258, 259, 263, 261, 259,
    259, 264, 260, 262, 259, 259, 258, 258, 258, 258, 261, 258, 262, 258,
    260, 262, 260, 263, 262, 262, 261, 259, 263, 259, 262, 262, 260, 261,
    263, 262, 264, 262, 263, 259, 263, 261, 260, 262, 261, 262, 263, 260,
    259, 262, 264, 263, 263 ]
headPositionsY: [ 75, 73, 74, 72, 73, 72, 72, 75, 74, 75, 74, 72, 72, 72,
    72, 73, 76, 74, 73, 74, 72, 74, 72, 74, 73, 73, 72, 76, 72, 72, 75,
    74, 70, 70, 68, 65, 64, 64, 65, 68, 73, 75, 79, 85, 85, 80, 77, 73,
    67, 70, 67, 71, 72, 75, 78, 81, 82, 83, 76, 75, 68, 70, 66, 68, 70,
    73, 76, 79, 82, 81, 80, 72, 72, 68, 65, 64, 64, 68, 73, 73, 79, 85,
    86, 85, 82, 78, 76, 73, 69, 69, 72, 71, 72, 71, 73, 70, 73, 72, 71,
    72 ]
