%YAML:1.0
---
videoName: "headShake29.mp4"
gestureLabel: 201
fps: 29
pixelSizeInCmTemp: 3.3263888888888887e-01
faceCenterPointX: 243
faceCenterPointY: 76
headPositionsX: [ 245, 244, 242, 243, 242, 242, 242, 240, 242, 242, 242,
    242, 244, 243, 244, 241, 244, 241, 243, 241, 244, 242, 244, 240, 239,
    241, 238, 235, 239, 240, 243, 247, 249, 252, 255, 255, 257, 252, 248,
    242, 239, 231, 233, 226, 227, 229, 232, 236, 244, 245, 251, 252, 253,
    249, 251, 247, 241, 239, 233, 232, 230, 228, 229, 235, 236, 243, 248,
    249, 253, 254, 251, 252, 248, 247, 244, 241, 237, 238, 235, 235, 233,
    235, 233, 237, 238, 238, 241, 239, 243, 240, 241, 244, 243, 241, 243,
    245, 244, 245, 242, 242 ]
headPositionsY: [ 74, 75, 75, 76, 76, 73, 74, 77, 78, 75, 75, 78, 76, 77,
    76, 75, 76, 76, 75, 74, 78, 79, 77, 76, 76, 76, 76, 75, 77, 78, 74,
    74, 76, 77, 72, 73, 73, 76, 75, 77, 77, 74, 74, 77, 74, 77, 76, 78,
    79, 79, 78, 77, 76, 74, 75, 78, 77, 76, 76, 77, 74, 76, 77, 74, 78,
    77, 77, 74, 75, 78, 75, 76, 76, 75, 76, 77, 75, 75, 76, 73, 77, 75,
    77, 76, 75, 74, 74, 78, 77, 74, 76, 79, 75, 76, 79, 78, 75, 75, 75,
    78 ]
