%YAML:1.0
---
videoName: "headLookLeft2.mp4"
gestureLabel: 203
fps: 29
pixelSizeInCmTemp: 3.6846153846153845e-01
faceCenterPointX: 278
faceCenterPointY: 74
headPositionsX: [ 279, 257, 260, 258, 258, 258, 258, 260, 259, 258, 258,
    261, 259, 258, 260, 258, 258, 260, 261, 263, 261, 267, 265, 266, 268,
    268, 271, 272, 273, 276, 275, 277, 278, 277, 279, 280, 280, 281, 280,
    277, 279, 280, 280, 278, 279, 279, 282, 281, 285, 278, 280, 284, 283,
    282, 278, 279, 278, 270, 277, 279, 281, 275, 279, 278, 280, 279, 278,
    285, 281, 282, 282, 279, 280, 274, 277, 283, 276, 281, 278, 283, 276,
    278, 280, 282, 284, 277, 282, 281, 276, 281, 281, 277, 283, 282, 279,
    278, 283, 282, 286, 280 ]
headPositionsY: [ 76, 75, 76, 77, 73, 77, 75, 75, 77, 74, 75, 74, 77, 75,
    78, 77, 75, 76, 78, 74, 77, 74, 77, 75, 73, 75, 72, 78, 74, 74, 72,
    76, 72, 72, 74, 77, 74, 74, 77, 72, 72, 75, 77, 76, 75, 75, 76, 74,
    74, 75, 76, 77, 75, 77, 76, 74, 75, 72, 75, 74, 77, 71, 72, 73, 72,
    74, 74, 74, 76, 72, 72, 76, 77, 72, 74, 73, 75, 74, 71, 76, 76, 75,
    73, 74, 73, 71, 74, 75, 76, 72, 76, 72, 78, 72, 72, 73, 74, 75, 75,
    73 ]
