%YAML:1.0
---
videoName: "headLookLeft2.mp4"
gestureLabel: 203
fps: 29
pixelSizeInCmTemp: 3.6846153846153845e-01
faceCenterPointX: 278
faceCenterPointY: 74
headPositionsX: [ 279, 260, 259, 259, 258, 260, 261, 259, 260, 257, 261,
    258, 259, 258, 263, 260, 262, 262, 263, 263, 261, 266, 265, 266, 268,
    268, 270, 274, 273, 276, 278, 278, 277, 278, 278, 280, 277, 282, 280,
    280, 280, 280, 283, 278, 279, 278, 282, 284, 287, 279, 279, 280, 281,
    279, 276, 280, 280, 273, 279, 280, 282, 276, 278, 280, 277, 280, 279,
    285, 281, 279, 280, 280, 282, 277, 277, 280, 278, 281, 279, 283, 279,
    280, 281, 279, 281, 279, 283, 277, 279, 283, 281, 278, 284, 279, 276,
    279, 283, 280, 287, 281 ]
headPositionsY: [ 75, 74, 76, 74, 77, 77, 77, 75, 74, 76, 73, 75, 75, 76,
    76, 76, 74, 77, 79, 78, 75, 78, 74, 75, 73, 73, 73, 77, 75, 72, 76,
    72, 73, 72, 75, 77, 74, 75, 74, 73, 73, 77, 73, 76, 74, 73, 75, 77,
    78, 76, 74, 77, 76, 75, 76, 77, 75, 72, 73, 76, 73, 71, 76, 72, 72,
    73, 74, 78, 74, 74, 76, 74, 73, 73, 74, 76, 74, 75, 73, 77, 76, 74,
    75, 74, 73, 70, 73, 74, 72, 72, 75, 75, 77, 74, 74, 74, 73, 77, 76,
    75 ]
