%YAML:1.0
---
videoName: "headShake18.mp4"
gestureLabel: 201
fps: 30
pixelSizeInCmTemp: 3.2808219178082193e-01
faceCenterPointX: 240
faceCenterPointY: 77
headPositionsX: [ 238, 242, 241, 244, 244, 239, 240, 243, 241, 242, 240,
    241, 243, 240, 243, 242, 241, 243, 242, 241, 239, 243, 239, 243, 241,
    238, 239, 242, 241, 239, 238, 238, 241, 237, 237, 240, 242, 244, 247,
    252, 251, 252, 249, 250, 246, 245, 239, 234, 232, 230, 232, 232, 235,
    240, 240, 244, 248, 248, 246, 248, 242, 240, 238, 236, 233, 236, 237,
    238, 237, 239, 244, 242, 243, 246, 246, 244, 242, 238, 238, 237, 238,
    236, 239, 237, 239, 238, 243, 241, 242, 244, 241, 240, 241, 241, 241,
    241, 242, 240, 240, 243 ]
headPositionsY: [ 77, 75, 74, 78, 78, 73, 77, 73, 75, 78, 75, 78, 73, 74,
    75, 75, 75, 74, 77, 75, 76, 78, 78, 77, 74, 78, 76, 75, 76, 76, 75,
    77, 77, 75, 77, 74, 74, 75, 78, 78, 77, 76, 76, 74, 75, 79, 78, 75,
    79, 74, 74, 74, 75, 78, 77, 77, 74, 76, 75, 77, 74, 76, 77, 79, 77,
    77, 77, 74, 79, 76, 77, 78, 76, 78, 78, 79, 75, 76, 78, 75, 79, 75,
    77, 76, 78, 78, 76, 78, 79, 77, 77, 79, 80, 77, 75, 77, 75, 78, 75,
    78 ]
