%YAML:1.0
---
videoName: "headShake5.mp4"
gestureLabel: 201
fps: 30
pixelSizeInCmTemp: 3.3263888888888887e-01
faceCenterPointX: 275
faceCenterPointY: 73
headPositionsX: [ 276, 279, 276, 275, 280, 277, 281, 279, 276, 277, 280,
    276, 277, 275, 276, 280, 276, 275, 276, 280, 277, 279, 278, 275, 279,
    279, 277, 277, 280, 278, 278, 277, 278, 279, 280, 286, 291, 295, 296,
    296, 294, 293, 292, 284, 276, 271, 267, 262, 261, 264, 267, 274, 281,
    285, 290, 289, 289, 283, 278, 275, 270, 265, 261, 263, 268, 270, 273,
    282, 285, 286, 284, 283, 282, 279, 271, 273, 267, 265, 266, 265, 268,
    271, 273, 277, 280, 280, 284, 280, 283, 280, 280, 279, 275, 275, 273,
    277, 277, 274, 275, 273 ]
headPositionsY: [ 71, 73, 72, 75, 73, 74, 74, 74, 75, 71, 71, 71, 73, 73,
    75, 72, 75, 74, 73, 75, 71, 73, 74, 74, 76, 75, 76, 72, 76, 75, 71,
    74, 75, 75, 73, 72, 72, 73, 75, 74, 72, 71, 71, 73, 73, 75, 73, 72,
    75, 73, 75, 72, 73, 72, 73, 75, 74, 74, 75, 75, 76, 76, 72, 75, 76,
    73, 72, 72, 71, 74, 76, 72, 73, 76, 74, 71, 72, 70, 73, 71, 72, 72,
    71, 73, 73, 73, 70, 72, 74, 71, 73, 73, 72, 75, 72, 73, 73, 75, 74,
    71 ]
