%YAML:1.0
---
videoName: "headShake48.mp4"
gestureLabel: 201
fps: 29
pixelSizeInCmTemp: 3.1103896103896100e-01
faceCenterPointX: 258
faceCenterPointY: 85
headPositionsX: [ 259, 259, 261, 259, 256, 257, 258, 261, 260, 261, 259,
    259, 258, 261, 262, 258, 257, 261, 262, 258, 261, 259, 260, 259, 259,
    258, 259, 258, 256, 260, 260, 259, 257, 259, 261, 265, 266, 268, 270,
    276, 275, 276, 270, 266, 264, 253, 252, 247, 247, 249, 253, 258, 265,
    269, 268, 267, 263, 261, 255, 251, 253, 250, 252, 255, 260, 264, 269,
    264, 263, 264, 256, 252, 250, 249, 248, 251, 255, 259, 262, 264, 266,
    264, 266, 262, 261, 258, 258, 260, 260, 259, 259, 256, 256, 258, 258,
    261, 258, 260, 261, 257 ]
headPositionsY: [ 84, 79, 77, 78, 79, 77, 78, 80, 80, 78, 82, 82, 78, 81,
    83, 79, 80, 80, 80, 80, 83, 82, 79, 83, 82, 82, 80, 81, 82, 82, 80,
    82, 79, 81, 83, 83, 84, 82, 84, 83, 84, 84, 84, 86, 82, 83, 82, 85,
    82, 82, 82, 87, 85, 86, 83, 88, 87, 84, 85, 84, 84, 86, 86, 86, 84,
    89, 86, 85, 87, 88, 85, 89, 85, 87, 87, 86, 84, 86, 86, 87, 85, 84,
    88, 85, 89, 84, 87, 84, 89, 87, 84, 85, 86, 83, 88, 84, 85, 86, 86,
    84 ]
