%YAML:1.0
---
videoName: "headLookRight3.mp4"
gestureLabel: 204
fps: 29
pixelSizeInCmTemp: 3.5746268656716418e-01
faceCenterPointX: 232
faceCenterPointY: 71
headPositionsX: [ 232, 251, 254, 253, 251, 252, 254, 252, 252, 256, 252,
    251, 256, 254, 254, 252, 252, 255, 256, 257, 256, 256, 254, 254, 253,
    254, 254, 257, 257, 256, 253, 254, 254, 253, 254, 254, 253, 256, 255,
    249, 253, 250, 247, 243, 244, 239, 241, 236, 233, 237, 235, 231, 231,
    232, 235, 232, 234, 233, 230, 234, 231, 232, 233, 230, 230, 231, 229,
    232, 235, 231, 231, 233, 231, 234, 231, 235, 233, 231, 231, 231, 234,
    230, 233, 234, 232, 233, 230, 232, 232, 232, 234, 230, 234, 233, 234,
    232, 235, 232, 237, 234 ]
headPositionsY: [ 69, 71, 70, 69, 68, 70, 68, 70, 67, 71, 68, 70, 71, 70,
    69, 73, 69, 68, 69, 69, 72, 69, 72, 73, 71, 71, 71, 72, 73, 72, 72,
    70, 71, 69, 73, 73, 70, 71, 70, 72, 71, 73, 69, 71, 69, 68, 68, 73,
    72, 73, 73, 73, 73, 72, 70, 74, 70, 70, 73, 74, 71, 69, 72, 71, 71,
    74, 75, 71, 71, 73, 69, 70, 73, 70, 73, 71, 70, 72, 69, 74, 74, 72,
    69, 70, 73, 73, 73, 72, 73, 71, 69, 69, 73, 69, 73, 71, 73, 72, 72,
    70 ]
