%YAML:1.0
---
videoName: "headShake46.mp4"
gestureLabel: 201
fps: 30
pixelSizeInCmTemp: 3.2364864864864862e-01
faceCenterPointX: 262
faceCenterPointY: 85
headPositionsX: [ 263, 262, 260, 259, 258, 258, 259, 259, 263, 258, 258,
    261, 261, 262, 261, 259, 260, 260, 258, 262, 262, 263, 263, 259, 259,
    259, 261, 261, 260, 262, 266, 267, 274, 274, 279, 277, 277, 270, 268,
    261, 255, 250, 248, 251, 253, 262, 267, 268, 269, 266, 262, 256, 256,
    254, 257, 257, 262, 269, 269, 266, 267, 264, 261, 259, 257, 260, 265,
    268, 268, 267, 269, 266, 261, 258, 259, 262, 262, 263, 262, 266, 265,
    263, 265, 262, 260, 259, 260, 262, 258, 261, 262, 259, 259, 259, 258,
    264, 261, 263, 259, 261 ]
headPositionsY: [ 85, 84, 83, 83, 83, 83, 85, 82, 83, 84, 85, 82, 86, 84,
    83, 85, 85, 83, 82, 84, 86, 84, 86, 85, 84, 82, 83, 85, 85, 86, 84,
    82, 81, 84, 82, 83, 82, 82, 83, 82, 87, 86, 84, 83, 85, 87, 83, 84,
    83, 83, 83, 83, 86, 86, 83, 84, 84, 85, 86, 87, 88, 83, 85, 85, 87,
    83, 86, 85, 85, 83, 87, 87, 85, 84, 85, 86, 83, 86, 84, 85, 87, 87,
    83, 84, 83, 86, 82, 84, 87, 83, 84, 86, 84, 87, 86, 84, 83, 84, 84,
    86 ]
