%YAML:1.0
---
videoName: "headLookLeft4.mp4"
gestureLabel: 203
fps: 29
pixelSizeInCmTemp: 3.4710144927536229e-01
faceCenterPointX: 288
faceCenterPointY: 74
headPositionsX: [ 288, 266, 268, 266, 268, 265, 269, 268, 272, 272, 275,
    277, 280, 286, 287, 291, 292, 296, 296, 295, 294, 291, 294, 294, 293,
    296, 295, 295, 298, 292, 295, 292, 294, 292, 292, 296, 296, 293, 297,
    293, 291, 288, 294, 297, 292, 291, 289, 290, 291, 288, 294, 289, 293,
    290, 289, 287, 288, 291, 289, 291, 291, 289, 290, 289, 289, 293, 291,
    289, 287, 289, 286, 293, 287, 291, 289, 291, 292, 285, 293, 291, 291,
    289, 292, 291, 292, 293, 287, 289, 290, 293, 288, 287, 291, 286, 289,
    287, 288, 287, 289, 287 ]
headPositionsY: [ 73, 78, 79, 81, 80, 77, 77, 79, 79, 78, 80, 77, 75, 78,
    78, 78, 78, 79, 74, 79, 75, 79, 76, 76, 77, 73, 75, 78, 75, 75, 77,
    76, 77, 74, 76, 76, 82, 76, 77, 74, 75, 76, 74, 73, 73, 72, 76, 77,
    72, 75, 74, 76, 71, 76, 75, 74, 73, 75, 73, 73, 76, 74, 78, 74, 74,
    75, 72, 75, 72, 74, 75, 76, 74, 78, 76, 75, 76, 74, 79, 74, 77, 74,
    78, 78, 74, 74, 72, 77, 74, 75, 78, 76, 75, 76, 73, 72, 75, 72, 74,
    76 ]
