%YAML:1.0
---
videoName: "headShake1.mp4"
gestureLabel: 201
fps: 29
pixelSizeInCmTemp: 3.3263888888888887e-01
faceCenterPointX: 279
faceCenterPointY: 98
headPositionsX: [ 277, 279, 277, 281, 279, 278, 277, 281, 279, 280, 278,
    279, 281, 277, 278, 282, 279, 280, 281, 277, 279, 278, 281, 277, 279,
    281, 279, 281, 282, 281, 287, 289, 292, 293, 295, 291, 293, 287, 288,
    282, 278, 273, 271, 269, 270, 270, 272, 276, 281, 283, 288, 289, 294,
    293, 291, 286, 283, 279, 274, 268, 266, 268, 269, 269, 274, 278, 284,
    285, 288, 294, 292, 293, 290, 288, 286, 283, 278, 277, 271, 269, 268,
    270, 270, 271, 275, 273, 275, 279, 278, 279, 279, 280, 278, 279, 282,
    282, 282, 281, 280, 281 ]
headPositionsY: [ 98, 99, 96, 96, 95, 96, 96, 98, 97, 98, 95, 96, 96,
    100, 97, 95, 98, 96, 97, 96, 97, 99, 95, 99, 96, 97, 95, 95, 96, 97,
    96, 97, 97, 97, 95, 95, 97, 97, 94, 96, 96, 99, 96, 96, 95, 98, 94,
    99, 95, 93, 94, 96, 97, 98, 94, 98, 96, 98, 97, 96, 97, 98, 95, 95,
    99, 97, 96, 96, 95, 93, 96, 97, 96, 95, 97, 99, 99, 99, 98, 95, 98,
    97, 95, 98, 96, 100, 96, 97, 95, 95, 97, 99, 97, 98, 96, 98, 99, 100,
    95, 96 ]
