%YAML:1.0
---
videoName: "headShake20.mp4"
gestureLabel: 201
fps: 29
pixelSizeInCmTemp: 3.3263888888888887e-01
faceCenterPointX: 242
faceCenterPointY: 78
headPositionsX: [ 242, 245, 244, 243, 244, 242, 243, 241, 243, 244, 243,
    245, 243, 244, 241, 243, 241, 245, 241, 242, 244, 241, 245, 241, 245,
    242, 241, 244, 241, 244, 241, 245, 242, 244, 243, 242, 241, 241, 246,
    243, 247, 251, 254, 257, 258, 261, 259, 254, 251, 244, 239, 235, 231,
    232, 231, 232, 237, 246, 250, 253, 252, 252, 250, 248, 242, 236, 237,
    234, 230, 233, 233, 240, 239, 241, 244, 246, 246, 244, 244, 239, 240,
    241, 242, 238, 243, 241, 244, 245, 245, 246, 242, 242, 242, 243, 242,
    241, 240, 241, 242, 243 ]
headPositionsY: [ 78, 78, 74, 78, 75, 77, 77, 76, 77, 78, 75, 77, 75, 76,
    78, 74, 76, 79, 74, 76, 75, 74, 74, 74, 78, 75, 77, 78, 78, 75, 79,
    76, 78, 77, 76, 75, 78, 77, 79, 74, 77, 78, 75, 74, 75, 78, 73, 75,
    77, 75, 74, 79, 78, 73, 75, 74, 78, 77, 75, 75, 75, 75, 77, 75, 77,
    78, 75, 79, 76, 78, 78, 77, 78, 77, 77, 77, 76, 78, 78, 75, 76, 76,
    79, 77, 75, 79, 78, 77, 77, 79, 78, 78, 74, 76, 79, 77, 77, 75, 75,
    75 ]
