%YAML:1.0
---
videoName: "headNod40.mp4"
gestureLabel: 202
fps: 29
pixelSizeInCmTemp: 2.8511904761904761e-01
faceCenterPointX: 267
faceCenterPointY: 78
headPositionsX: [ 268, 266, 266, 265, 267, 269, 266, 265, 270, 269, 266,
    269, 266, 268, 266, 266, 269, 267, 268, 267, 265, 269, 269, 266, 268,
    266, 269, 268, 266, 268, 267, 268, 270, 270, 268, 266, 266, 267, 269,
    268, 268, 268, 264, 268, 267, 265, 267, 263, 268, 265, 267, 265, 267,
    265, 267, 268, 265, 264, 267, 267, 267, 265, 268, 264, 268, 265, 266,
    266, 266, 266, 268, 270, 267, 266, 267, 269, 267, 267, 267, 266, 266,
    266, 265, 265, 265, 267, 268, 268, 267, 267, 264, 265, 266, 266, 267,
    267, 264, 268, 266, 266 ]
headPositionsY: [ 76, 75, 74, 75, 77, 76, 75, 77, 74, 78, 77, 76, 79, 75,
    76, 76, 76, 73, 78, 76, 78, 78, 77, 74, 74, 75, 74, 73, 74, 77, 75,
    74, 73, 73, 74, 74, 77, 76, 75, 76, 84, 88, 89, 93, 98, 97, 94, 91,
    87, 83, 76, 76, 78, 66, 66, 69, 70, 67, 70, 77, 79, 82, 85, 86, 82,
    81, 81, 79, 72, 74, 74, 71, 70, 75, 72, 75, 78, 81, 82, 81, 81, 79,
    78, 78, 77, 78, 79, 77, 75, 79, 76, 76, 77, 79, 79, 77, 78, 79, 76,
    78 ]
