%YAML:1.0
---
videoName: "headNod7.mp4"
gestureLabel: 202
fps: 29
pixelSizeInCmTemp: 3.2808219178082193e-01
faceCenterPointX: 261
faceCenterPointY: 71
headPositionsX: [ 260, 268, 265, 264, 265, 265, 267, 266, 264, 263, 263,
    261, 265, 266, 260, 265, 263, 265, 262, 264, 264, 263, 264, 263, 262,
    261, 264, 264, 262, 261, 262, 262, 259, 261, 261, 263, 264, 259, 259,
    261, 260, 262, 261, 263, 262, 263, 260, 262, 261, 260, 262, 263, 260,
    260, 262, 261, 262, 262, 264, 261, 263, 260, 261, 259, 262, 260, 262,
    263, 263, 259, 258, 260, 259, 263, 260, 259, 259, 263, 263, 261, 263,
    261, 264, 262, 264, 264, 260, 260, 263, 262, 262, 260, 263, 260, 261,
    263, 262, 261, 263, 262 ]
headPositionsY: [ 69, 76, 76, 73, 75, 74, 74, 73, 74, 72, 73, 72, 72, 75,
    75, 76, 76, 77, 74, 75, 76, 74, 77, 73, 75, 74, 74, 78, 76, 77, 75,
    74, 76, 76, 73, 75, 75, 77, 74, 76, 77, 73, 76, 75, 78, 77, 76, 76,
    73, 72, 69, 69, 72, 69, 74, 76, 75, 78, 82, 78, 77, 70, 73, 71, 70,
    75, 72, 79, 79, 79, 78, 73, 72, 71, 72, 68, 68, 72, 69, 71, 76, 76,
    81, 78, 79, 78, 74, 75, 70, 72, 72, 70, 69, 68, 69, 69, 73, 71, 72,
    70 ]
