%YAML:1.0
---
videoName: "headNod27.mp4"
gestureLabel: 202
fps: 29
pixelSizeInCmTemp: 3.0705128205128202e-01
faceCenterPointX: 271
faceCenterPointY: 77
headPositionsX: [ 272, 273, 270, 269, 270, 272, 271, 270, 272, 273, 269,
    274, 272, 272, 271, 272, 269, 272, 274, 272, 272, 273, 272, 274, 272,
    274, 275, 269, 272, 272, 269, 273, 271, 269, 268, 271, 270, 271, 269,
    268, 271, 270, 271, 268, 272, 271, 272, 267, 268, 268, 267, 269, 270,
    268, 271, 271, 270, 268, 268, 271, 269, 269, 268, 269, 270, 268, 266,
    267, 269, 266, 270, 271, 266, 271, 269, 271, 268, 269, 270, 270, 270,
    268, 268, 266, 270, 270, 271, 270, 272, 271, 271, 272, 269, 273, 272,
    269, 271, 271, 268, 271 ]
headPositionsY: [ 75, 72, 72, 74, 71, 75, 72, 76, 76, 72, 74, 75, 76, 72,
    73, 76, 75, 76, 77, 75, 71, 69, 68, 67, 64, 66, 62, 65, 63, 67, 71,
    77, 81, 83, 82, 85, 80, 76, 76, 72, 70, 69, 70, 69, 70, 73, 75, 78,
    79, 82, 77, 78, 76, 70, 69, 68, 69, 69, 76, 75, 78, 79, 84, 85, 80,
    79, 74, 75, 73, 72, 73, 70, 76, 79, 76, 80, 80, 77, 74, 74, 73, 69,
    73, 69, 69, 74, 74, 77, 79, 79, 79, 81, 80, 79, 78, 78, 75, 77, 77,
    74 ]
