%YAML:1.0
---
videoName: "headShake38.mp4"
gestureLabel: 201
fps: 29
pixelSizeInCmTemp: 3.2808219178082193e-01
faceCenterPointX: 259
faceCenterPointY: 84
headPositionsX: [ 259, 265, 261, 261, 262, 265, 265, 263, 264, 262, 262,
    264, 266, 264, 262, 264, 261, 262, 264, 262, 266, 262, 263, 260, 265,
    263, 262, 264, 265, 264, 264, 263, 265, 261, 260, 263, 261, 262, 264,
    264, 261, 263, 258, 258, 256, 249, 249, 248, 249, 254, 260, 267, 272,
    277, 280, 276, 271, 264, 254, 248, 248, 247, 252, 259, 265, 272, 272,
    270, 268, 258, 254, 247, 248, 250, 252, 256, 261, 264, 265, 270, 271,
    269, 267, 266, 267, 265, 262, 259, 262, 260, 260, 259, 262, 261, 260,
    261, 258, 258, 262, 261 ]
headPositionsY: [ 82, 82, 82, 84, 83, 81, 83, 81, 86, 84, 84, 84, 85, 81,
    83, 84, 81, 83, 84, 82, 82, 85, 84, 85, 83, 86, 82, 85, 85, 82, 84,
    82, 82, 85, 83, 84, 83, 85, 85, 82, 82, 84, 86, 84, 83, 79, 84, 80,
    85, 83, 86, 83, 82, 84, 83, 80, 82, 85, 83, 86, 86, 81, 83, 84, 86,
    85, 85, 81, 85, 84, 85, 82, 82, 82, 84, 85, 81, 84, 85, 85, 83, 86,
    84, 87, 87, 83, 83, 83, 82, 86, 83, 83, 85, 83, 84, 86, 86, 87, 86,
    86 ]
