%YAML:1.0
---
videoName: "headLookUp0.mp4"
gestureLabel: 205
fps: 29
pixelSizeInCmTemp: 3.6846153846153845e-01
faceCenterPointX: 258
faceCenterPointY: 66
headPositionsX: [ 259, 262, 261, 260, 260, 259, 261, 257, 259, 258, 257,
    262, 260, 257, 256, 259, 258, 258, 260, 260, 259, 257, 262, 261, 259,
    260, 257, 258, 259, 261, 260, 261, 259, 258, 258, 258, 257, 257, 257,
    260, 261, 259, 261, 258, 257, 256, 260, 258, 258, 255, 257, 258, 256,
    257, 260, 257, 260, 258, 258, 256, 260, 258, 256, 260, 258, 257, 259,
    258, 257, 260, 261, 259, 260, 259, 261, 258, 257, 261, 258, 257, 258,
    261, 256, 260, 257, 258, 259, 259, 258, 259, 257, 260, 257, 258, 260,
    258, 259, 259, 257, 259 ]
headPositionsY: [ 64, 83, 82, 81, 79, 82, 79, 81, 79, 78, 80, 78, 79, 77,
    75, 79, 75, 76, 73, 75, 73, 73, 68, 68, 69, 68, 68, 68, 69, 67, 67,
    65, 66, 69, 67, 65, 67, 65, 66, 63, 67, 65, 66, 69, 65, 69, 66, 66,
    66, 66, 67, 65, 68, 68, 69, 67, 66, 65, 67, 69, 66, 70, 68, 68, 67,
    65, 70, 66, 67, 67, 67, 70, 66, 68, 67, 69, 69, 69, 66, 67, 65, 69,
    65, 66, 67, 67, 67, 70, 64, 65, 70, 70, 66, 70, 68, 69, 70, 64, 69,
    70 ]
