%YAML:1.0
---
videoName: "headLookLeft9.mp4"
gestureLabel: 203
fps: 30
pixelSizeInCmTemp: 3.2364864864864862e-01
faceCenterPointX: 273
faceCenterPointY: 69
headPositionsX: [ 273, 249, 248, 250, 245, 246, 247, 248, 247, 247, 247,
    248, 248, 246, 246, 245, 248, 247, 246, 245, 246, 243, 245, 245, 248,
    246, 244, 246, 246, 246, 247, 246, 250, 248, 250, 252, 256, 257, 260,
    262, 264, 263, 267, 267, 266, 268, 272, 269, 268, 274, 272, 270, 271,
    272, 272, 269, 272, 273, 273, 272, 272, 271, 270, 273, 273, 273, 271,
    269, 273, 271, 269, 272, 273, 274, 272, 273, 271, 271, 273, 268, 273,
    272, 269, 269, 271, 269, 272, 269, 272, 269, 272, 271, 270, 267, 273,
    274, 270, 270, 271, 272 ]
headPositionsY: [ 71, 71, 68, 69, 73, 72, 69, 71, 69, 72, 69, 70, 72, 71,
    69, 72, 71, 72, 72, 70, 70, 68, 72, 71, 69, 72, 73, 70, 71, 70, 73,
    73, 72, 70, 71, 70, 70, 69, 66, 70, 66, 66, 66, 70, 69, 67, 68, 69,
    66, 70, 68, 67, 70, 68, 68, 67, 66, 69, 68, 65, 66, 69, 67, 67, 66,
    68, 67, 69, 67, 69, 68, 66, 68, 70, 69, 67, 67, 69, 69, 70, 66, 67,
    68, 70, 68, 67, 68, 70, 68, 66, 67, 66, 69, 69, 68, 67, 69, 71, 69,
    70 ]
