%YAML:1.0
---
videoName: "headShake25.mp4"
gestureLabel: 201
fps: 30
pixelSizeInCmTemp: 3.2364864864864862e-01
faceCenterPointX: 241
faceCenterPointY: 79
headPositionsX: [ 240, 253, 255, 255, 254, 249, 247, 247, 244, 244, 238,
    236, 237, 233, 232, 231, 228, 230, 227, 232, 232, 230, 232, 238, 240,
    239, 242, 247, 250, 247, 246, 248, 250, 247, 246, 243, 241, 239, 236,
    236, 231, 234, 230, 229, 230, 229, 232, 231, 231, 238, 241, 239, 245,
    246, 246, 250, 251, 251, 251, 249, 249, 251, 247, 248, 247, 243, 241,
    237, 235, 238, 233, 236, 233, 234, 237, 236, 234, 237, 237, 238, 238,
    237, 241, 239, 241, 241, 243, 242, 242, 240, 244, 242, 243, 240, 242,
    239, 243, 242, 239, 240 ]
headPositionsY: [ 78, 78, 77, 79, 76, 77, 77, 80, 78, 77, 77, 76, 77, 80,
    77, 77, 78, 79, 79, 80, 77, 80, 78, 76, 76, 76, 79, 77, 79, 76, 79,
    79, 78, 79, 79, 81, 81, 79, 78, 79, 78, 80, 78, 79, 78, 79, 80, 76,
    78, 80, 79, 78, 80, 80, 77, 78, 81, 76, 78, 78, 77, 80, 78, 78, 78,
    77, 77, 78, 76, 80, 77, 76, 76, 76, 80, 76, 80, 77, 79, 79, 77, 78,
    78, 76, 78, 78, 79, 77, 80, 78, 81, 78, 77, 76, 80, 78, 78, 81, 79,
    80 ]
