%YAML:1.0
---
videoName: "headNod45.mp4"
gestureLabel: 202
fps: 30
pixelSizeInCmTemp: 3.0316455696202532e-01
faceCenterPointX: 265
faceCenterPointY: 77
headPositionsX: [ 266, 269, 269, 269, 267, 266, 266, 267, 268, 270, 269,
    266, 265, 267, 267, 268, 266, 265, 266, 268, 266, 268, 268, 267, 268,
    266, 268, 267, 264, 265, 268, 268, 263, 266, 267, 265, 263, 265, 264,
    268, 267, 266, 264, 265, 264, 266, 264, 263, 268, 264, 267, 267, 265,
    268, 268, 268, 266, 267, 266, 268, 265, 267, 266, 267, 263, 266, 266,
    266, 269, 269, 268, 269, 266, 265, 267, 265, 264, 265, 266, 263, 267,
    264, 267, 267, 265, 268, 268, 264, 266, 263, 266, 268, 266, 268, 265,
    264, 263, 264, 265, 264 ]
headPositionsY: [ 79, 75, 76, 75, 75, 77, 73, 73, 78, 73, 75, 73, 75, 76,
    74, 77, 77, 80, 79, 83, 87, 89, 91, 94, 91, 93, 88, 85, 81, 79, 75,
    72, 68, 66, 67, 69, 67, 68, 72, 79, 83, 85, 92, 92, 90, 90, 88, 84,
    79, 80, 76, 75, 74, 73, 76, 75, 78, 82, 84, 87, 83, 86, 83, 80, 78,
    75, 75, 74, 72, 75, 76, 79, 81, 85, 89, 85, 87, 85, 84, 79, 77, 75,
    75, 78, 76, 77, 80, 78, 79, 81, 79, 76, 79, 76, 77, 79, 75, 76, 80,
    77 ]
