%YAML:1.0
---
videoName: "headNod46.mp4"
gestureLabel: 202
fps: 30
pixelSizeInCmTemp: 2.8511904761904761e-01
faceCenterPointX: 264
faceCenterPointY: 72
headPositionsX: [ 264, 265, 266, 263, 264, 266, 262, 263, 267, 263, 266,
    262, 261, 265, 264, 265, 263, 262, 265, 263, 262, 262, 264, 268, 266,
    268, 267, 265, 266, 267, 268, 265, 266, 262, 263, 263, 262, 262, 262,
    262, 262, 263, 262, 263, 261, 261, 260, 263, 262, 263, 264, 265, 260,
    260, 265, 264, 264, 263, 263, 261, 260, 262, 265, 264, 262, 263, 262,
    263, 266, 263, 265, 266, 263, 264, 266, 261, 266, 262, 264, 263, 266,
    264, 262, 262, 262, 263, 264, 262, 263, 262, 262, 263, 261, 262, 264,
    262, 264, 266, 262, 265 ]
headPositionsY: [ 70, 69, 69, 70, 70, 69, 69, 69, 70, 72, 77, 80, 82, 81,
    87, 91, 91, 90, 84, 82, 80, 75, 77, 71, 72, 69, 69, 68, 73, 75, 79,
    85, 87, 89, 90, 84, 78, 75, 77, 69, 69, 66, 68, 70, 72, 78, 82, 84,
    86, 84, 80, 78, 75, 68, 68, 66, 68, 69, 68, 69, 75, 76, 80, 80, 75,
    72, 70, 69, 71, 70, 68, 68, 70, 73, 74, 74, 74, 74, 73, 73, 73, 67,
    70, 69, 71, 74, 73, 73, 75, 73, 74, 73, 71, 74, 70, 73, 72, 70, 71,
    74 ]
