%YAML:1.0
---
videoName: "headLookUp5.mp4"
gestureLabel: 205
fps: 29
pixelSizeInCmTemp: 3.6287878787878786e-01
faceCenterPointX: 256
faceCenterPointY: 67
headPositionsX: [ 258, 259, 255, 257, 258, 257, 258, 254, 255, 257, 256,
    255, 257, 258, 258, 258, 255, 256, 257, 255, 255, 254, 255, 254, 256,
    254, 254, 255, 255, 253, 254, 256, 257, 258, 258, 254, 257, 256, 257,
    258, 255, 259, 255, 256, 256, 256, 256, 258, 257, 255, 258, 256, 255,
    254, 256, 258, 256, 258, 255, 257, 256, 256, 258, 253, 255, 255, 258,
    253, 256, 255, 257, 256, 255, 256, 257, 254, 259, 256, 256, 255, 256,
    255, 255, 254, 258, 257, 258, 255, 257, 255, 256, 257, 256, 257, 253,
    255, 258, 254, 257, 258 ]
headPositionsY: [ 68, 84, 84, 81, 81, 84, 80, 79, 80, 81, 84, 81, 83, 81,
    82, 83, 79, 79, 81, 79, 79, 79, 81, 79, 79, 79, 83, 81, 80, 81, 80,
    80, 78, 79, 79, 78, 75, 75, 74, 70, 69, 68, 71, 69, 69, 68, 70, 66,
    68, 71, 68, 69, 67, 67, 70, 69, 66, 69, 66, 66, 67, 67, 67, 70, 65,
    65, 68, 69, 65, 65, 66, 65, 68, 69, 69, 69, 67, 68, 66, 67, 68, 65,
    70, 68, 66, 69, 70, 66, 68, 66, 70, 66, 64, 66, 67, 66, 68, 67, 69,
    69 ]
