%YAML:1.0
---
videoName: "headNod11.mp4"
gestureLabel: 202
fps: 29
pixelSizeInCmTemp: 3.2364864864864862e-01
faceCenterPointX: 261
faceCenterPointY: 75
headPositionsX: [ 263, 261, 258, 258, 258, 257, 257, 258, 260, 260, 260,
    259, 260, 260, 259, 259, 260, 260, 262, 261, 262, 258, 260, 261, 263,
    260, 262, 259, 262, 260, 261, 260, 263, 260, 261, 261, 263, 261, 261,
    261, 261, 259, 258, 263, 262, 258, 262, 259, 262, 260, 259, 259, 262,
    262, 260, 260, 263, 263, 260, 260, 257, 260, 261, 258, 261, 258, 259,
    257, 255, 260, 258, 258, 260, 260, 260, 256, 256, 257, 258, 258, 256,
    260, 256, 262, 259, 259, 260, 260, 257, 259, 260, 258, 261, 259, 259,
    258, 262, 259, 259, 260 ]
headPositionsY: [ 75, 74, 75, 76, 74, 75, 76, 77, 74, 75, 76, 73, 72, 74,
    72, 72, 76, 75, 74, 76, 74, 72, 74, 77, 75, 73, 75, 77, 77, 78, 76,
    75, 76, 76, 77, 74, 77, 75, 73, 76, 74, 78, 76, 77, 74, 75, 74, 74,
    74, 70, 71, 69, 67, 66, 68, 69, 72, 74, 75, 82, 80, 77, 78, 73, 71,
    71, 68, 68, 71, 74, 72, 74, 78, 80, 80, 81, 78, 75, 74, 71, 69, 72,
    69, 74, 75, 75, 77, 79, 78, 82, 79, 80, 78, 79, 76, 75, 78, 78, 77,
    73 ]
