%YAML:1.0
---
videoName: "headLookRight3.mp4"
gestureLabel: 204
fps: 29
pixelSizeInCmTemp: 3.5746268656716418e-01
faceCenterPointX: 232
faceCenterPointY: 71
headPositionsX: [ 232, 254, 255, 251, 255, 253, 252, 255, 255, 256, 256,
    255, 254, 253, 252, 256, 255, 252, 253, 256, 255, 254, 252, 255, 257,
    256, 253, 253, 253, 252, 252, 255, 254, 255, 253, 256, 254, 254, 255,
    253, 249, 248, 249, 243, 243, 240, 241, 238, 233, 237, 234, 232, 231,
    233, 233, 236, 235, 234, 232, 233, 231, 232, 231, 232, 231, 229, 232,
    232, 231, 231, 231, 235, 233, 231, 231, 233, 233, 230, 233, 232, 234,
    232, 235, 231, 235, 234, 234, 233, 234, 234, 234, 230, 234, 232, 230,
    233, 235, 234, 237, 232 ]
headPositionsY: [ 71, 69, 67, 69, 67, 72, 70, 69, 67, 69, 68, 72, 72, 70,
    70, 70, 69, 71, 73, 72, 71, 69, 70, 72, 70, 69, 70, 71, 69, 73, 69,
    72, 73, 73, 72, 69, 69, 69, 69, 71, 70, 73, 69, 70, 70, 68, 68, 69,
    71, 72, 72, 71, 69, 73, 73, 72, 71, 72, 72, 72, 74, 71, 74, 73, 72,
    73, 73, 74, 69, 71, 73, 70, 70, 73, 69, 72, 74, 73, 73, 70, 70, 70,
    71, 74, 74, 70, 72, 71, 72, 71, 69, 70, 71, 70, 72, 70, 69, 71, 73,
    73 ]
