%YAML:1.0
---
videoName: "headNod14.mp4"
gestureLabel: 202
fps: 29
pixelSizeInCmTemp: 3.2808219178082193e-01
faceCenterPointX: 257
faceCenterPointY: 71
headPositionsX: [ 257, 256, 259, 256, 260, 258, 258, 257, 256, 259, 257,
    257, 257, 260, 256, 260, 257, 260, 258, 260, 260, 260, 259, 258, 257,
    260, 260, 256, 260, 261, 260, 257, 257, 260, 257, 257, 256, 257, 258,
    261, 259, 260, 262, 257, 258, 258, 261, 261, 259, 257, 260, 257, 260,
    256, 256, 260, 259, 256, 261, 258, 258, 259, 258, 258, 260, 261, 258,
    259, 261, 257, 257, 257, 260, 256, 256, 257, 259, 259, 256, 259, 258,
    257, 255, 257, 257, 259, 257, 255, 259, 258, 255, 259, 258, 256, 257,
    259, 259, 258, 258, 259 ]
headPositionsY: [ 69, 76, 77, 79, 76, 78, 75, 77, 77, 76, 77, 78, 78, 75,
    76, 78, 74, 79, 79, 75, 77, 77, 76, 76, 77, 80, 76, 75, 77, 79, 78,
    77, 76, 80, 76, 79, 75, 78, 79, 74, 73, 74, 72, 68, 68, 67, 69, 70,
    69, 71, 74, 76, 81, 81, 82, 82, 81, 80, 78, 76, 73, 72, 67, 70, 71,
    69, 72, 76, 80, 78, 79, 84, 81, 79, 73, 73, 69, 67, 66, 70, 72, 72,
    75, 78, 82, 81, 78, 76, 79, 73, 72, 73, 67, 67, 72, 70, 69, 71, 70,
    69 ]
