%YAML:1.0
---
videoName: "headLookLeft0.mp4"
gestureLabel: 203
fps: 29
pixelSizeInCmTemp: 3.6287878787878786e-01
faceCenterPointX: 286
faceCenterPointY: 69
headPositionsX: [ 284, 253, 255, 253, 256, 252, 253, 255, 255, 252, 255,
    253, 252, 256, 255, 256, 250, 252, 255, 252, 253, 255, 253, 257, 253,
    256, 254, 257, 255, 254, 253, 257, 253, 253, 255, 254, 255, 254, 256,
    255, 255, 256, 258, 254, 255, 255, 253, 257, 258, 254, 253, 254, 257,
    255, 254, 255, 254, 256, 256, 256, 255, 256, 254, 253, 253, 255, 253,
    255, 255, 254, 256, 258, 253, 254, 253, 256, 254, 254, 257, 263, 260,
    266, 265, 268, 270, 274, 275, 275, 285, 278, 279, 274, 283, 280, 288,
    288, 285, 287, 287, 288 ]
headPositionsY: [ 69, 71, 68, 70, 69, 67, 66, 69, 68, 68, 67, 67, 68, 70,
    70, 69, 69, 71, 67, 69, 68, 67, 67, 70, 67, 72, 71, 71, 68, 72, 69,
    69, 69, 70, 72, 69, 71, 73, 69, 69, 72, 70, 70, 72, 71, 69, 73, 73,
    70, 73, 73, 72, 69, 72, 70, 70, 72, 69, 73, 70, 74, 72, 71, 69, 74,
    69, 70, 73, 71, 71, 71, 72, 74, 73, 71, 73, 69, 71, 71, 72, 72, 70,
    69, 68, 72, 70, 71, 68, 72, 69, 68, 69, 66, 68, 68, 69, 70, 68, 71,
    70 ]
