%YAML:1.0
---
videoName: "headShake12.mp4"
gestureLabel: 201
fps: 29
pixelSizeInCmTemp: 3.2808219178082193e-01
faceCenterPointX: 241
faceCenterPointY: 76
headPositionsX: [ 242, 242, 241, 242, 243, 244, 241, 240, 243, 243, 245,
    244, 240, 242, 241, 240, 242, 239, 242, 241, 242, 240, 242, 242, 240,
    243, 240, 240, 243, 241, 241, 240, 240, 242, 240, 241, 242, 242, 241,
    241, 241, 243, 243, 242, 244, 239, 242, 239, 242, 240, 240, 244, 243,
    242, 242, 239, 242, 242, 244, 248, 246, 251, 255, 255, 259, 261, 256,
    250, 249, 240, 235, 233, 233, 232, 235, 241, 245, 248, 254, 253, 254,
    249, 247, 244, 243, 241, 235, 237, 236, 236, 236, 239, 239, 238, 240,
    238, 237, 239, 238, 238 ]
headPositionsY: [ 75, 71, 72, 74, 72, 75, 76, 72, 72, 72, 71, 75, 76, 72,
    76, 74, 75, 75, 73, 73, 74, 74, 74, 72, 73, 76, 75, 76, 74, 72, 73,
    75, 75, 75, 75, 72, 75, 76, 74, 72, 76, 72, 72, 73, 72, 72, 74, 75,
    72, 73, 73, 74, 76, 72, 73, 74, 73, 74, 74, 72, 72, 72, 72, 73, 72,
    74, 75, 73, 74, 74, 78, 76, 78, 77, 75, 75, 74, 73, 73, 77, 77, 75,
    76, 76, 75, 76, 73, 77, 75, 75, 76, 73, 76, 77, 75, 78, 74, 75, 77,
    78 ]
