%YAML:1.0
---
videoName: "headLookRight2.mp4"
gestureLabel: 204
fps: 29
pixelSizeInCmTemp: 3.8015873015873014e-01
faceCenterPointX: 228
faceCenterPointY: 68
headPositionsX: [ 226, 249, 254, 252, 254, 251, 249, 251, 253, 252, 251,
    253, 253, 249, 250, 250, 251, 253, 250, 253, 251, 253, 254, 252, 253,
    251, 252, 255, 251, 256, 255, 256, 255, 252, 252, 252, 255, 254, 253,
    253, 253, 253, 251, 255, 253, 253, 250, 251, 250, 251, 247, 247, 246,
    239, 240, 238, 234, 233, 233, 232, 230, 227, 231, 226, 229, 229, 226,
    229, 223, 226, 227, 229, 227, 231, 224, 228, 228, 231, 227, 228, 229,
    229, 229, 228, 227, 230, 229, 224, 230, 229, 229, 229, 229, 229, 228,
    228, 230, 228, 228, 231 ]
headPositionsY: [ 68, 68, 66, 66, 69, 70, 70, 67, 67, 67, 66, 70, 68, 69,
    71, 69, 71, 71, 69, 70, 69, 68, 70, 67, 70, 68, 72, 71, 71, 69, 68,
    68, 70, 69, 70, 69, 68, 69, 69, 67, 67, 68, 67, 69, 68, 67, 68, 70,
    71, 67, 70, 69, 68, 68, 67, 68, 70, 71, 69, 72, 66, 69, 66, 65, 69,
    69, 69, 66, 70, 69, 71, 66, 68, 69, 70, 72, 70, 70, 70, 71, 69, 71,
    71, 70, 71, 69, 68, 68, 71, 67, 70, 67, 68, 67, 70, 70, 70, 72, 73,
    71 ]
