%YAML:1.0
---
videoName: "headShake17.mp4"
gestureLabel: 201
fps: 29
pixelSizeInCmTemp: 3.3263888888888887e-01
faceCenterPointX: 242
faceCenterPointY: 76
headPositionsX: [ 240, 241, 236, 238, 237, 239, 237, 244, 246, 248, 251,
    252, 259, 259, 259, 255, 255, 251, 243, 241, 237, 234, 229, 225, 226,
    227, 229, 234, 235, 238, 242, 246, 249, 249, 254, 252, 252, 250, 246,
    247, 242, 242, 235, 233, 234, 231, 230, 233, 233, 234, 237, 241, 244,
    241, 245, 247, 245, 244, 246, 244, 242, 243, 243, 239, 241, 239, 242,
    239, 242, 240, 240, 239, 238, 240, 238, 243, 240, 241, 243, 242, 243,
    241, 242, 243, 240, 241, 242, 243, 243, 240, 239, 244, 239, 241, 241,
    239, 240, 242, 243, 243 ]
headPositionsY: [ 76, 74, 73, 76, 76, 78, 77, 76, 78, 73, 74, 72, 73, 74,
    75, 74, 73, 76, 75, 75, 79, 76, 78, 78, 75, 77, 75, 78, 76, 79, 76,
    78, 77, 76, 76, 75, 74, 78, 75, 77, 77, 77, 79, 78, 78, 78, 75, 74,
    79, 76, 78, 78, 78, 78, 79, 79, 75, 79, 79, 77, 74, 77, 79, 76, 74,
    77, 75, 76, 77, 79, 74, 76, 78, 75, 77, 74, 75, 77, 78, 75, 77, 74,
    76, 74, 75, 76, 79, 77, 74, 77, 76, 78, 78, 77, 76, 74, 78, 77, 75,
    77 ]
