%YAML:1.0
---
videoName: "headNod13.mp4"
gestureLabel: 202
fps: 29
pixelSizeInCmTemp: 3.2364864864864862e-01
faceCenterPointX: 253
faceCenterPointY: 79
headPositionsX: [ 251, 250, 254, 253, 252, 254, 252, 251, 253, 252, 252,
    253, 255, 254, 257, 255, 253, 254, 253, 253, 253, 252, 254, 253, 255,
    252, 256, 255, 255, 254, 255, 253, 256, 253, 256, 252, 252, 253, 253,
    253, 253, 254, 254, 254, 251, 254, 253, 255, 254, 255, 254, 256, 253,
    256, 252, 253, 255, 254, 252, 254, 256, 254, 253, 252, 253, 253, 255,
    254, 254, 251, 254, 254, 252, 253, 253, 256, 252, 254, 256, 254, 254,
    257, 255, 256, 255, 253, 253, 253, 256, 257, 256, 256, 253, 256, 253,
    254, 254, 252, 253, 250 ]
headPositionsY: [ 81, 73, 75, 73, 75, 72, 73, 72, 71, 75, 72, 71, 73, 73,
    74, 73, 76, 76, 72, 74, 75, 75, 71, 76, 73, 72, 73, 73, 72, 75, 75,
    76, 73, 72, 75, 76, 75, 75, 76, 74, 75, 72, 73, 76, 72, 75, 72, 75,
    75, 72, 70, 69, 70, 66, 67, 70, 73, 75, 78, 77, 80, 77, 78, 76, 73,
    73, 71, 68, 71, 68, 72, 72, 74, 74, 76, 77, 82, 77, 77, 77, 71, 74,
    72, 71, 74, 78, 76, 76, 81, 80, 81, 78, 82, 82, 77, 81, 77, 79, 78,
    77 ]
