%YAML:1.0
---
videoName: "headShake28.mp4"
gestureLabel: 201
fps: 29
pixelSizeInCmTemp: 3.2808219178082193e-01
faceCenterPointX: 242
faceCenterPointY: 80
headPositionsX: [ 242, 239, 243, 242, 242, 239, 240, 240, 241, 243, 241,
    241, 243, 243, 241, 244, 243, 240, 239, 241, 244, 243, 240, 241, 240,
    243, 243, 242, 240, 244, 244, 244, 240, 242, 241, 243, 245, 242, 244,
    241, 242, 245, 244, 246, 244, 242, 245, 247, 242, 243, 238, 234, 233,
    231, 231, 235, 240, 242, 251, 254, 255, 257, 254, 251, 244, 240, 236,
    235, 233, 235, 239, 242, 249, 253, 253, 254, 252, 249, 249, 245, 242,
    241, 238, 239, 237, 236, 238, 238, 239, 242, 244, 242, 242, 242, 241,
    240, 242, 240, 240, 243 ]
headPositionsY: [ 82, 74, 77, 74, 79, 78, 79, 76, 75, 79, 78, 80, 77, 79,
    78, 77, 77, 76, 79, 79, 81, 76, 81, 81, 77, 81, 77, 77, 80, 78, 80,
    79, 81, 77, 78, 81, 77, 78, 76, 76, 76, 75, 76, 78, 76, 77, 79, 79,
    79, 75, 77, 79, 76, 77, 78, 79, 80, 77, 76, 78, 76, 78, 77, 76, 80,
    78, 78, 78, 76, 80, 76, 80, 80, 77, 78, 76, 78, 78, 80, 81, 77, 77,
    78, 78, 80, 76, 78, 78, 79, 81, 78, 81, 81, 80, 79, 82, 77, 78, 80,
    79 ]
