%YAML:1.0
---
videoName: "headNod4.mp4"
gestureLabel: 202
fps: 29
pixelSizeInCmTemp: 3.2808219178082193e-01
faceCenterPointX: 264
faceCenterPointY: 72
headPositionsX: [ 263, 271, 267, 269, 271, 270, 269, 267, 272, 272, 271,
    271, 272, 269, 271, 267, 266, 267, 270, 269, 266, 268, 267, 266, 266,
    270, 268, 268, 268, 268, 268, 267, 269, 267, 266, 267, 269, 268, 268,
    268, 268, 268, 266, 268, 266, 269, 267, 270, 266, 266, 267, 270, 267,
    267, 264, 264, 267, 266, 268, 264, 267, 265, 267, 266, 265, 264, 266,
    267, 266, 263, 266, 264, 263, 263, 262, 266, 266, 265, 266, 264, 266,
    263, 267, 265, 267, 265, 265, 268, 264, 267, 266, 265, 266, 263, 262,
    265, 262, 264, 265, 263 ]
headPositionsY: [ 70, 75, 75, 74, 76, 74, 72, 74, 76, 74, 72, 75, 75, 74,
    76, 76, 74, 75, 72, 72, 74, 74, 75, 75, 71, 73, 76, 75, 74, 75, 76,
    73, 75, 75, 73, 73, 77, 76, 75, 73, 74, 73, 74, 76, 71, 67, 70, 68,
    64, 64, 68, 68, 73, 75, 77, 78, 81, 81, 80, 78, 75, 70, 67, 68, 69,
    72, 73, 77, 78, 80, 84, 80, 83, 80, 76, 73, 68, 70, 70, 69, 71, 71,
    75, 74, 80, 79, 83, 82, 82, 82, 80, 81, 77, 80, 78, 75, 77, 73, 73,
    74 ]
