%YAML:1.0
---
videoName: "headShake33.mp4"
gestureLabel: 201
fps: 29
pixelSizeInCmTemp: 3.2364864864864862e-01
faceCenterPointX: 244
faceCenterPointY: 84
headPositionsX: [ 244, 243, 244, 244, 243, 244, 246, 247, 246, 247, 244,
    245, 246, 247, 243, 246, 247, 243, 243, 245, 246, 250, 250, 248, 252,
    252, 255, 257, 260, 264, 260, 263, 264, 259, 257, 256, 253, 249, 244,
    242, 239, 234, 230, 230, 228, 227, 224, 227, 230, 233, 231, 235, 242,
    246, 251, 251, 256, 260, 258, 260, 262, 259, 257, 256, 252, 252, 249,
    246, 239, 239, 238, 236, 233, 232, 231, 234, 234, 231, 234, 235, 236,
    237, 242, 242, 245, 244, 246, 247, 249, 246, 245, 247, 245, 247, 247,
    246, 245, 246, 246, 242 ]
headPositionsY: [ 84, 83, 82, 85, 81, 82, 81, 84, 81, 83, 81, 80, 82, 83,
    81, 82, 84, 83, 81, 84, 85, 81, 82, 84, 84, 82, 81, 83, 79, 80, 83,
    83, 80, 84, 83, 82, 85, 81, 80, 83, 80, 85, 83, 81, 81, 84, 83, 83,
    82, 81, 85, 85, 85, 83, 82, 84, 81, 80, 83, 79, 79, 83, 81, 84, 84,
    86, 82, 81, 85, 82, 83, 85, 80, 83, 82, 80, 82, 84, 80, 81, 82, 81,
    85, 81, 81, 85, 84, 82, 81, 83, 82, 86, 84, 81, 82, 85, 81, 83, 82,
    84 ]
