%YAML:1.0
---
videoName: "headNod27.mp4"
gestureLabel: 202
fps: 29
pixelSizeInCmTemp: 3.0705128205128202e-01
faceCenterPointX: 271
faceCenterPointY: 77
headPositionsX: [ 272, 271, 271, 269, 271, 274, 271, 272, 272, 273, 270,
    274, 271, 272, 271, 273, 270, 272, 270, 273, 271, 273, 272, 274, 272,
    275, 274, 270, 274, 272, 273, 271, 270, 270, 271, 271, 268, 270, 269,
    268, 270, 272, 270, 271, 268, 272, 272, 267, 268, 270, 268, 268, 268,
    272, 271, 271, 272, 271, 271, 269, 268, 269, 271, 269, 266, 267, 266,
    268, 267, 270, 266, 270, 266, 271, 269, 267, 268, 270, 268, 267, 270,
    266, 271, 266, 269, 269, 270, 271, 271, 271, 269, 271, 273, 269, 272,
    269, 269, 270, 272, 272 ]
headPositionsY: [ 79, 71, 75, 71, 73, 73, 74, 74, 74, 74, 74, 73, 76, 76,
    76, 76, 74, 75, 77, 73, 71, 72, 67, 68, 66, 62, 63, 65, 63, 68, 68,
    78, 83, 84, 86, 84, 80, 78, 72, 72, 70, 66, 67, 69, 68, 73, 73, 77,
    80, 82, 80, 78, 76, 73, 69, 71, 71, 71, 72, 77, 79, 81, 82, 83, 80,
    76, 75, 74, 71, 71, 71, 70, 74, 79, 78, 77, 78, 76, 76, 75, 73, 71,
    69, 71, 71, 74, 75, 78, 80, 77, 79, 78, 79, 78, 76, 79, 78, 77, 77,
    77 ]
