%YAML:1.0
---
videoName: "headLookLeft0.mp4"
gestureLabel: 203
fps: 29
pixelSizeInCmTemp: 3.6287878787878786e-01
faceCenterPointX: 286
faceCenterPointY: 69
headPositionsX: [ 286, 255, 254, 256, 252, 252, 254, 256, 253, 251, 251,
    254, 251, 253, 252, 253, 254, 253, 252, 254, 254, 255, 253, 255, 254,
    254, 255, 254, 253, 253, 256, 253, 257, 253, 254, 255, 255, 255, 255,
    257, 256, 256, 257, 258, 255, 254, 257, 255, 257, 253, 257, 254, 257,
    255, 256, 253, 258, 256, 256, 254, 254, 255, 256, 254, 255, 257, 255,
    253, 256, 253, 253, 254, 257, 256, 253, 257, 256, 254, 259, 262, 259,
    266, 268, 268, 271, 274, 276, 278, 285, 275, 280, 278, 283, 283, 287,
    287, 286, 284, 286, 286 ]
headPositionsY: [ 71, 70, 69, 69, 70, 71, 68, 69, 67, 69, 69, 71, 72, 69,
    68, 70, 69, 69, 71, 71, 72, 69, 69, 71, 71, 69, 72, 72, 71, 69, 68,
    69, 68, 70, 70, 71, 69, 70, 72, 69, 70, 70, 69, 69, 73, 73, 69, 71,
    73, 69, 72, 73, 71, 70, 71, 71, 72, 70, 72, 69, 74, 70, 72, 70, 72,
    73, 73, 69, 71, 70, 70, 70, 71, 69, 73, 74, 69, 72, 70, 74, 72, 69,
    71, 71, 71, 70, 68, 71, 69, 67, 64, 66, 64, 65, 68, 67, 69, 69, 70,
    70 ]
