%YAML:1.0
---
videoName: "headNod31.mp4"
gestureLabel: 202
fps: 29
pixelSizeInCmTemp: 2.8855421686746985e-01
faceCenterPointX: 267
faceCenterPointY: 75
headPositionsX: [ 269, 272, 269, 272, 272, 268, 271, 268, 271, 270, 270,
    270, 269, 270, 269, 270, 267, 267, 267, 267, 265, 264, 269, 266, 268,
    268, 268, 268, 270, 269, 269, 267, 272, 268, 271, 269, 271, 270, 266,
    267, 266, 266, 269, 269, 264, 268, 268, 266, 266, 265, 265, 268, 266,
    266, 264, 267, 269, 268, 267, 267, 266, 265, 266, 264, 269, 269, 264,
    268, 266, 265, 266, 268, 268, 267, 268, 268, 266, 268, 268, 269, 268,
    268, 266, 264, 268, 265, 267, 268, 269, 267, 266, 268, 268, 267, 268,
    269, 267, 266, 266, 264 ]
headPositionsY: [ 74, 75, 75, 76, 73, 76, 73, 67, 66, 66, 68, 67, 64, 66,
    78, 81, 83, 83, 86, 85, 86, 82, 82, 75, 75, 73, 73, 73, 68, 67, 68,
    70, 74, 77, 80, 83, 84, 85, 87, 87, 87, 81, 81, 76, 74, 74, 73, 75,
    74, 77, 81, 83, 84, 83, 82, 79, 76, 74, 72, 72, 72, 71, 69, 70, 74,
    72, 75, 78, 81, 79, 81, 78, 80, 77, 75, 71, 70, 70, 73, 71, 75, 74,
    77, 76, 77, 75, 76, 78, 73, 72, 74, 74, 72, 75, 77, 74, 75, 76, 77,
    76 ]
