%YAML:1.0
---
videoName: "headNod33.mp4"
gestureLabel: 202
fps: 29
pixelSizeInCmTemp: 2.9567901234567900e-01
faceCenterPointX: 268
faceCenterPointY: 74
headPositionsX: [ 268, 267, 270, 271, 267, 271, 268, 270, 270, 268, 271,
    270, 269, 268, 269, 272, 273, 270, 271, 270, 269, 269, 271, 267, 269,
    267, 267, 269, 267, 270, 270, 268, 270, 267, 268, 268, 270, 269, 270,
    269, 270, 269, 269, 268, 267, 269, 269, 270, 272, 270, 268, 266, 270,
    270, 269, 267, 266, 268, 265, 269, 265, 266, 265, 270, 266, 265, 267,
    266, 266, 267, 269, 268, 265, 266, 270, 267, 267, 269, 270, 268, 271,
    267, 267, 265, 270, 268, 266, 266, 265, 269, 268, 267, 266, 267, 269,
    268, 269, 267, 266, 268 ]
headPositionsY: [ 72, 72, 72, 73, 73, 70, 74, 71, 71, 69, 70, 70, 71, 71,
    72, 70, 71, 72, 70, 71, 74, 70, 73, 74, 69, 71, 69, 71, 74, 74, 70,
    75, 74, 73, 74, 75, 75, 74, 72, 69, 66, 66, 66, 63, 64, 65, 69, 73,
    77, 79, 83, 83, 82, 75, 74, 74, 72, 68, 70, 70, 69, 73, 70, 71, 74,
    77, 74, 76, 79, 77, 76, 74, 74, 71, 72, 69, 71, 70, 73, 72, 76, 78,
    78, 77, 80, 78, 78, 74, 76, 74, 74, 75, 77, 76, 74, 76, 75, 77, 73,
    76 ]
