%YAML:1.0
---
videoName: "headShake49.mp4"
gestureLabel: 201
fps: 30
pixelSizeInCmTemp: 2.8855421686746985e-01
faceCenterPointX: 259
faceCenterPointY: 84
headPositionsX: [ 261, 259, 258, 259, 261, 262, 260, 261, 261, 258, 261,
    259, 262, 263, 259, 260, 261, 262, 260, 259, 263, 263, 261, 262, 263,
    259, 263, 260, 262, 263, 261, 261, 262, 266, 267, 273, 277, 279, 281,
    283, 280, 279, 273, 267, 257, 254, 246, 250, 248, 257, 261, 268, 274,
    274, 274, 266, 260, 255, 252, 251, 246, 249, 258, 262, 266, 269, 271,
    266, 264, 258, 257, 254, 252, 255, 259, 264, 264, 268, 272, 267, 265,
    262, 263, 257, 258, 257, 257, 260, 260, 261, 257, 259, 260, 260, 260,
    257, 258, 259, 258, 260 ]
headPositionsY: [ 82, 80, 80, 78, 81, 81, 80, 80, 79, 80, 79, 78, 79, 78,
    81, 81, 83, 81, 81, 81, 82, 79, 82, 82, 79, 82, 78, 80, 81, 78, 81,
    83, 81, 82, 84, 81, 78, 81, 81, 78, 81, 83, 81, 84, 82, 85, 81, 83,
    85, 82, 82, 83, 86, 84, 86, 86, 84, 86, 83, 85, 85, 84, 84, 86, 83,
    82, 84, 86, 85, 84, 83, 83, 85, 84, 84, 85, 84, 83, 85, 85, 83, 85,
    87, 86, 84, 85, 86, 81, 83, 83, 87, 83, 82, 85, 84, 84, 86, 82, 86,
    87 ]
