%YAML:1.0
---
videoName: "headLookUp0.mp4"
gestureLabel: 205
fps: 29
pixelSizeInCmTemp: 3.6846153846153845e-01
faceCenterPointX: 258
faceCenterPointY: 66
headPositionsX: [ 259, 259, 257, 261, 259, 259, 259, 258, 258, 257, 257,
    259, 259, 257, 260, 257, 261, 261, 261, 258, 259, 259, 259, 260, 257,
    258, 258, 259, 259, 260, 257, 259, 258, 259, 258, 257, 261, 260, 260,
    258, 260, 257, 258, 258, 257, 260, 257, 261, 260, 257, 258, 256, 258,
    259, 259, 257, 257, 259, 257, 256, 260, 261, 258, 258, 258, 259, 258,
    259, 258, 256, 259, 259, 260, 260, 261, 259, 256, 259, 255, 257, 259,
    261, 258, 259, 257, 258, 257, 259, 258, 258, 257, 260, 257, 259, 256,
    260, 259, 255, 257, 259 ]
headPositionsY: [ 67, 81, 79, 79, 80, 81, 81, 79, 81, 79, 81, 78, 78, 81,
    79, 79, 75, 76, 73, 74, 73, 69, 68, 69, 68, 70, 69, 67, 65, 69, 65,
    67, 68, 65, 64, 66, 64, 68, 67, 64, 68, 67, 66, 65, 67, 70, 64, 68,
    68, 68, 65, 66, 68, 69, 67, 65, 67, 68, 67, 68, 67, 67, 69, 66, 67,
    65, 70, 68, 70, 65, 63, 69, 65, 66, 67, 70, 66, 70, 69, 68, 69, 70,
    65, 66, 68, 67, 66, 66, 66, 66, 66, 67, 69, 67, 69, 65, 70, 66, 67,
    68 ]
