%YAML:1.0
---
videoName: "headShake12.mp4"
gestureLabel: 201
fps: 29
pixelSizeInCmTemp: 3.2808219178082193e-01
faceCenterPointX: 241
faceCenterPointY: 76
headPositionsX: [ 243, 241, 239, 239, 240, 243, 243, 242, 243, 243, 245,
    240, 242, 242, 240, 241, 241, 241, 242, 242, 242, 240, 241, 240, 244,
    243, 244, 239, 243, 242, 244, 242, 240, 244, 240, 240, 244, 243, 244,
    241, 241, 240, 241, 239, 240, 242, 242, 241, 240, 244, 243, 244, 239,
    242, 242, 243, 239, 240, 245, 244, 248, 251, 256, 256, 257, 258, 258,
    250, 246, 244, 237, 233, 230, 230, 238, 243, 247, 251, 253, 253, 252,
    249, 250, 243, 241, 241, 236, 239, 234, 239, 237, 239, 239, 240, 239,
    238, 241, 240, 239, 241 ]
headPositionsY: [ 77, 71, 72, 73, 72, 73, 72, 75, 76, 73, 74, 73, 73, 72,
    76, 71, 75, 75, 76, 72, 71, 73, 76, 72, 74, 76, 74, 72, 75, 72, 76,
    71, 75, 75, 72, 73, 72, 75, 73, 75, 75, 74, 72, 72, 72, 74, 76, 74,
    76, 75, 73, 76, 73, 73, 76, 75, 72, 77, 76, 73, 73, 72, 71, 72, 74,
    72, 74, 74, 77, 76, 78, 77, 75, 75, 76, 74, 77, 75, 77, 74, 74, 74,
    76, 78, 78, 75, 73, 78, 78, 74, 75, 77, 75, 74, 76, 76, 74, 76, 79,
    75 ]
