%YAML:1.0
---
videoName: "headNod15.mp4"
gestureLabel: 202
fps: 29
pixelSizeInCmTemp: 3.1933333333333330e-01
faceCenterPointX: 255
faceCenterPointY: 74
headPositionsX: [ 256, 257, 257, 254, 256, 257, 255, 259, 255, 258, 257,
    257, 256, 257, 254, 258, 254, 257, 255, 257, 255, 254, 255, 254, 257,
    256, 254, 254, 256, 255, 257, 253, 255, 254, 257, 256, 255, 256, 258,
    253, 256, 253, 254, 253, 255, 254, 256, 254, 254, 256, 257, 255, 254,
    256, 255, 254, 255, 255, 253, 256, 256, 256, 253, 253, 253, 258, 256,
    256, 254, 253, 254, 256, 253, 254, 253, 255, 252, 254, 252, 252, 254,
    251, 256, 252, 252, 253, 253, 252, 255, 256, 253, 254, 252, 253, 253,
    257, 253, 256, 253, 254 ]
headPositionsY: [ 72, 72, 72, 71, 73, 73, 71, 74, 73, 73, 70, 73, 75, 76,
    73, 75, 75, 75, 74, 71, 76, 75, 74, 74, 74, 72, 74, 75, 75, 72, 72,
    74, 72, 71, 74, 77, 77, 80, 80, 80, 81, 80, 78, 75, 76, 73, 69, 70,
    71, 76, 78, 82, 82, 84, 79, 76, 73, 73, 70, 68, 68, 72, 74, 80, 81,
    84, 82, 83, 81, 74, 73, 71, 68, 73, 71, 76, 76, 80, 76, 74, 75, 73,
    72, 70, 69, 68, 69, 70, 71, 72, 76, 74, 71, 72, 71, 73, 74, 70, 74,
    73 ]
