%YAML:1.0
---
videoName: "headShake16.mp4"
gestureLabel: 201
fps: 29
pixelSizeInCmTemp: 3.2364864864864862e-01
faceCenterPointX: 242
faceCenterPointY: 77
headPositionsX: [ 240, 243, 244, 244, 242, 242, 244, 242, 245, 244, 245,
    243, 241, 245, 243, 242, 243, 244, 244, 242, 243, 243, 245, 242, 242,
    242, 244, 244, 242, 243, 243, 245, 242, 241, 241, 240, 244, 242, 247,
    248, 253, 254, 257, 255, 254, 250, 247, 246, 239, 236, 236, 236, 235,
    235, 239, 240, 245, 248, 249, 247, 247, 249, 248, 244, 240, 238, 236,
    234, 236, 237, 234, 238, 239, 242, 243, 241, 245, 247, 245, 241, 241,
    243, 241, 238, 241, 236, 240, 240, 242, 241, 239, 240, 242, 242, 244,
    240, 241, 243, 243, 242 ]
headPositionsY: [ 79, 74, 78, 76, 73, 75, 73, 75, 74, 74, 76, 77, 74, 74,
    77, 76, 73, 75, 76, 75, 74, 74, 76, 74, 76, 76, 73, 74, 77, 78, 77,
    74, 76, 74, 74, 74, 78, 78, 76, 78, 75, 74, 74, 74, 76, 73, 75, 76,
    76, 74, 76, 79, 77, 79, 78, 75, 75, 78, 78, 75, 75, 76, 75, 76, 77,
    78, 76, 75, 77, 77, 77, 79, 75, 78, 78, 79, 76, 78, 77, 75, 76, 78,
    75, 75, 79, 78, 79, 75, 77, 75, 77, 78, 75, 77, 75, 78, 76, 77, 78,
    79 ]
