%YAML:1.0
---
videoName: "headLookDown8.mp4"
gestureLabel: 206
fps: 29
pixelSizeInCmTemp: 3.3732394366197183e-01
faceCenterPointX: 276
faceCenterPointY: 96
headPositionsX: [ 274, 274, 273, 273, 273, 277, 277, 275, 274, 278, 272,
    275, 277, 276, 276, 273, 275, 277, 277, 275, 274, 273, 278, 274, 274,
    277, 275, 274, 275, 272, 271, 274, 276, 273, 274, 276, 273, 274, 276,
    277, 273, 277, 276, 276, 275, 277, 275, 277, 273, 277, 277, 278, 277,
    275, 274, 277, 274, 277, 278, 274, 276, 275, 276, 274, 276, 276, 277,
    276, 273, 277, 277, 275, 273, 276, 277, 275, 275, 276, 275, 275, 277,
    278, 278, 276, 276, 277, 276, 278, 274, 279, 276, 277, 276, 274, 276,
    276, 277, 277, 277, 274 ]
headPositionsY: [ 94, 81, 77, 80, 77, 80, 79, 80, 78, 78, 78, 81, 79, 81,
    78, 79, 80, 79, 78, 81, 79, 77, 77, 77, 78, 80, 82, 79, 78, 79, 78,
    81, 83, 81, 82, 83, 82, 82, 86, 88, 85, 90, 88, 92, 89, 91, 94, 94,
    94, 96, 94, 95, 99, 98, 100, 97, 97, 97, 97, 95, 99, 96, 97, 98, 99,
    100, 96, 96, 97, 100, 97, 98, 99, 97, 96, 97, 97, 98, 98, 97, 98, 98,
    97, 96, 94, 98, 95, 96, 99, 97, 97, 97, 97, 98, 98, 98, 98, 95, 98,
    96 ]
