%YAML:1.0
---
videoName: "headLookUp7.mp4"
gestureLabel: 205
fps: 29
pixelSizeInCmTemp: 3.6846153846153845e-01
faceCenterPointX: 257
faceCenterPointY: 70
headPositionsX: [ 256, 259, 255, 256, 255, 254, 254, 255, 257, 258, 258,
    257, 255, 255, 254, 255, 254, 255, 258, 255, 257, 256, 258, 258, 253,
    259, 257, 256, 257, 255, 257, 258, 256, 255, 259, 257, 255, 255, 258,
    258, 256, 256, 254, 257, 254, 257, 254, 258, 256, 254, 255, 254, 254,
    255, 258, 257, 255, 257, 257, 256, 254, 256, 256, 259, 258, 259, 257,
    258, 255, 254, 256, 255, 254, 255, 259, 259, 258, 256, 258, 255, 254,
    254, 256, 258, 255, 257, 255, 259, 257, 256, 258, 258, 259, 255, 259,
    257, 259, 256, 256, 257 ]
headPositionsY: [ 72, 82, 83, 84, 85, 81, 81, 84, 84, 83, 81, 80, 81, 82,
    81, 85, 82, 80, 82, 78, 81, 78, 78, 75, 75, 74, 71, 69, 70, 70, 66,
    72, 69, 68, 72, 72, 68, 67, 69, 70, 68, 70, 65, 68, 68, 71, 66, 67,
    69, 67, 66, 66, 70, 70, 69, 70, 69, 68, 68, 69, 66, 68, 67, 72, 69,
    71, 67, 70, 71, 72, 71, 69, 67, 71, 67, 68, 68, 68, 68, 70, 68, 72,
    68, 69, 67, 68, 70, 71, 67, 71, 70, 67, 70, 68, 70, 71, 71, 66, 70,
    71 ]
