%YAML:1.0
---
videoName: "headShake6.mp4"
gestureLabel: 201
fps: 29
pixelSizeInCmTemp: 3.2808219178082193e-01
faceCenterPointX: 244
faceCenterPointY: 68
headPositionsX: [ 242, 245, 245, 244, 244, 244, 244, 243, 244, 245, 243,
    246, 244, 246, 245, 246, 243, 247, 246, 246, 246, 247, 247, 244, 245,
    245, 243, 246, 249, 252, 258, 260, 261, 262, 263, 262, 256, 252, 249,
    244, 237, 231, 231, 232, 232, 241, 242, 247, 255, 256, 257, 258, 254,
    255, 246, 244, 236, 233, 229, 233, 230, 236, 237, 242, 247, 248, 249,
    250, 250, 250, 246, 244, 243, 241, 240, 237, 240, 239, 241, 239, 241,
    244, 241, 241, 242, 243, 243, 243, 242, 242, 244, 243, 245, 242, 245,
    246, 246, 243, 242, 246 ]
headPositionsY: [ 69, 67, 67, 68, 68, 67, 68, 67, 68, 65, 64, 65, 67, 67,
    67, 67, 65, 67, 65, 66, 68, 67, 67, 68, 68, 65, 66, 68, 68, 67, 64,
    67, 66, 66, 67, 63, 65, 70, 67, 66, 68, 67, 69, 69, 69, 66, 69, 70,
    68, 66, 68, 68, 65, 67, 68, 71, 67, 66, 67, 67, 69, 69, 69, 69, 68,
    69, 66, 66, 68, 65, 66, 68, 70, 66, 66, 67, 65, 66, 66, 67, 67, 66,
    70, 66, 70, 70, 67, 66, 66, 68, 67, 68, 70, 71, 70, 68, 68, 68, 68,
    68 ]
