%YAML:1.0
---
videoName: "headShake12.mp4"
gestureLabel: 201
fps: 29
pixelSizeInCmTemp: 3.2808219178082193e-01
faceCenterPointX: 241
faceCenterPointY: 76
headPositionsX: [ 243, 241, 241, 240, 240, 242, 240, 242, 242, 243, 244,
    243, 242, 241, 243, 242, 241, 242, 241, 242, 243, 240, 241, 242, 241,
    240, 242, 239, 242, 239, 244, 244, 242, 241, 240, 243, 242, 242, 242,
    242, 242, 243, 240, 243, 243, 241, 244, 239, 244, 244, 243, 242, 239,
    242, 242, 243, 243, 241, 245, 247, 250, 252, 252, 257, 257, 258, 255,
    252, 250, 243, 235, 234, 232, 230, 237, 242, 248, 248, 254, 252, 253,
    250, 247, 247, 241, 240, 237, 235, 237, 239, 238, 240, 241, 238, 241,
    242, 241, 241, 241, 239 ]
headPositionsY: [ 76, 74, 74, 73, 73, 74, 73, 71, 72, 74, 74, 74, 75, 71,
    72, 71, 72, 74, 76, 73, 71, 74, 73, 73, 74, 77, 76, 74, 73, 71, 74,
    73, 73, 73, 75, 73, 75, 73, 72, 74, 76, 76, 75, 76, 73, 72, 72, 73,
    75, 76, 73, 74, 73, 75, 75, 72, 74, 77, 75, 71, 71, 75, 75, 72, 74,
    73, 75, 75, 74, 75, 76, 74, 77, 77, 75, 76, 78, 76, 75, 73, 75, 74,
    75, 76, 78, 75, 77, 77, 74, 73, 74, 74, 78, 77, 77, 78, 74, 74, 78,
    74 ]
