%YAML:1.0
---
videoName: "headShake11.mp4"
gestureLabel: 201
fps: 29
pixelSizeInCmTemp: 3.2364864864864862e-01
faceCenterPointX: 244
faceCenterPointY: 76
headPositionsX: [ 244, 242, 240, 239, 240, 241, 242, 240, 244, 241, 240,
    244, 241, 241, 243, 243, 243, 242, 242, 243, 243, 244, 240, 242, 241,
    242, 243, 245, 245, 252, 252, 255, 258, 259, 261, 264, 260, 260, 251,
    248, 244, 237, 232, 228, 226, 226, 229, 233, 235, 238, 246, 250, 253,
    258, 261, 260, 258, 253, 248, 242, 240, 234, 231, 232, 229, 232, 234,
    239, 242, 247, 252, 253, 258, 259, 256, 256, 251, 247, 244, 242, 236,
    233, 236, 233, 236, 238, 242, 242, 243, 248, 245, 248, 246, 246, 246,
    246, 247, 245, 243, 245 ]
headPositionsY: [ 74, 71, 73, 71, 72, 73, 71, 73, 73, 72, 75, 72, 72, 72,
    74, 73, 72, 74, 71, 74, 74, 74, 71, 71, 74, 72, 74, 73, 74, 71, 74,
    74, 72, 72, 71, 74, 75, 75, 75, 75, 75, 76, 73, 73, 75, 75, 75, 74,
    73, 76, 73, 76, 71, 74, 76, 71, 72, 73, 74, 75, 77, 75, 77, 76, 78,
    77, 75, 75, 74, 77, 73, 75, 74, 71, 75, 73, 74, 77, 78, 73, 76, 75,
    74, 73, 73, 76, 73, 74, 77, 73, 73, 77, 74, 75, 76, 76, 73, 75, 76,
    77 ]
