%YAML:1.0
---
videoName: "headLookRight2.mp4"
gestureLabel: 204
fps: 29
pixelSizeInCmTemp: 3.8015873015873014e-01
faceCenterPointX: 228
faceCenterPointY: 68
headPositionsX: [ 226, 250, 251, 253, 252, 249, 252, 252, 251, 251, 251,
    251, 253, 253, 253, 251, 254, 251, 252, 254, 251, 255, 253, 254, 251,
    255, 252, 254, 250, 253, 254, 254, 253, 251, 252, 253, 253, 253, 254,
    252, 253, 254, 251, 255, 252, 251, 251, 252, 252, 247, 247, 245, 244,
    238, 240, 236, 235, 233, 233, 230, 229, 230, 229, 228, 227, 225, 225,
    226, 222, 228, 230, 229, 227, 228, 228, 229, 229, 230, 231, 230, 231,
    228, 228, 230, 228, 226, 230, 224, 230, 228, 229, 228, 227, 231, 230,
    230, 229, 230, 225, 231 ]
headPositionsY: [ 69, 65, 70, 69, 66, 67, 69, 66, 70, 66, 67, 67, 71, 67,
    67, 69, 70, 69, 67, 69, 67, 67, 67, 67, 71, 71, 70, 70, 71, 71, 72,
    70, 69, 67, 71, 67, 71, 67, 70, 70, 68, 69, 67, 68, 67, 71, 72, 69,
    68, 68, 67, 67, 69, 67, 71, 68, 70, 69, 67, 69, 68, 69, 70, 67, 67,
    67, 69, 67, 74, 67, 68, 67, 70, 70, 71, 69, 70, 69, 71, 70, 69, 68,
    71, 72, 67, 70, 67, 69, 67, 66, 69, 69, 68, 71, 68, 67, 69, 69, 71,
    71 ]
