%YAML:1.0
---
videoName: "headLookUp6.mp4"
gestureLabel: 205
fps: 30
pixelSizeInCmTemp: 3.7421874999999999e-01
faceCenterPointX: 255
faceCenterPointY: 70
headPositionsX: [ 257, 253, 257, 256, 254, 256, 257, 254, 255, 256, 254,
    257, 256, 253, 256, 257, 254, 255, 254, 256, 252, 256, 258, 253, 253,
    255, 258, 256, 256, 258, 257, 257, 256, 256, 252, 255, 255, 258, 253,
    253, 256, 253, 254, 255, 253, 256, 253, 256, 255, 255, 254, 255, 253,
    253, 252, 257, 252, 256, 254, 254, 253, 255, 254, 255, 255, 256, 256,
    255, 255, 254, 253, 252, 257, 255, 256, 255, 257, 255, 253, 253, 255,
    253, 255, 257, 255, 252, 256, 255, 253, 256, 253, 255, 256, 253, 253,
    252, 255, 256, 254, 254 ]
headPositionsY: [ 69, 85, 82, 85, 82, 84, 84, 83, 84, 85, 84, 82, 83, 83,
    81, 85, 85, 81, 83, 82, 83, 84, 81, 84, 83, 78, 78, 77, 76, 73, 72,
    74, 73, 71, 68, 68, 70, 67, 68, 69, 68, 67, 69, 70, 72, 69, 69, 69,
    70, 66, 69, 69, 67, 71, 68, 68, 69, 69, 69, 71, 69, 69, 67, 71, 68,
    70, 70, 66, 71, 69, 68, 68, 69, 71, 67, 67, 70, 72, 69, 69, 72, 67,
    69, 72, 68, 68, 71, 70, 71, 68, 71, 68, 71, 72, 71, 67, 72, 70, 71,
    67 ]
