%YAML:1.0
---
videoName: "headShake45.mp4"
gestureLabel: 201
fps: 30
pixelSizeInCmTemp: 3.3263888888888887e-01
faceCenterPointX: 262
faceCenterPointY: 84
headPositionsX: [ 262, 264, 261, 262, 262, 261, 263, 260, 262, 262, 260,
    262, 260, 262, 262, 262, 264, 262, 264, 263, 261, 262, 260, 264, 262,
    262, 259, 260, 260, 262, 264, 264, 260, 261, 261, 262, 261, 262, 258,
    259, 256, 259, 258, 264, 271, 277, 278, 282, 279, 275, 271, 265, 262,
    254, 256, 256, 257, 262, 267, 271, 275, 274, 272, 266, 264, 258, 254,
    256, 256, 260, 267, 267, 271, 272, 272, 268, 267, 259, 255, 255, 258,
    256, 258, 264, 262, 262, 262, 259, 260, 258, 262, 262, 259, 263, 261,
    261, 262, 263, 264, 261 ]
headPositionsY: [ 83, 79, 81, 82, 83, 83, 81, 79, 84, 81, 79, 81, 80, 80,
    83, 83, 80, 83, 82, 80, 81, 83, 83, 80, 84, 82, 83, 80, 82, 82, 83,
    82, 83, 84, 81, 82, 84, 83, 82, 83, 83, 82, 80, 82, 82, 80, 82, 82,
    81, 80, 83, 82, 84, 84, 85, 86, 85, 81, 81, 82, 82, 82, 79, 81, 84,
    85, 84, 83, 83, 80, 84, 81, 84, 83, 80, 82, 81, 85, 83, 81, 83, 81,
    84, 82, 84, 84, 83, 85, 85, 85, 81, 84, 83, 81, 82, 85, 82, 84, 85,
    81 ]
