%YAML:1.0
---
videoName: "headNod9.mp4"
gestureLabel: 202
fps: 29
pixelSizeInCmTemp: 3.1513157894736843e-01
faceCenterPointX: 261
faceCenterPointY: 75
headPositionsX: [ 259, 262, 259, 260, 260, 263, 260, 261, 259, 263, 261,
    259, 260, 261, 259, 260, 262, 262, 262, 262, 263, 262, 259, 259, 261,
    262, 263, 262, 260, 262, 263, 260, 259, 262, 260, 262, 261, 261, 260,
    260, 259, 261, 261, 259, 260, 259, 258, 258, 262, 257, 258, 258, 260,
    258, 261, 260, 261, 260, 259, 259, 261, 259, 258, 260, 260, 262, 262,
    263, 261, 258, 261, 259, 261, 260, 258, 258, 261, 258, 258, 259, 259,
    258, 258, 258, 259, 260, 260, 256, 260, 259, 261, 258, 260, 258, 262,
    261, 258, 260, 262, 258 ]
headPositionsY: [ 77, 74, 74, 76, 73, 74, 73, 74, 74, 75, 73, 77, 74, 76,
    77, 77, 74, 74, 73, 76, 73, 76, 76, 78, 78, 76, 73, 77, 73, 76, 77,
    76, 80, 80, 80, 81, 78, 73, 77, 75, 75, 73, 79, 80, 82, 89, 88, 86,
    81, 78, 74, 77, 77, 79, 81, 86, 84, 84, 81, 78, 72, 72, 72, 73, 78,
    78, 82, 83, 83, 82, 79, 75, 74, 71, 69, 72, 74, 73, 79, 81, 80, 82,
    84, 80, 80, 78, 75, 75, 76, 71, 71, 73, 70, 75, 74, 73, 74, 75, 76,
    75 ]
