%YAML:1.0
---
videoName: "headNod4.mp4"
gestureLabel: 202
fps: 29
pixelSizeInCmTemp: 3.2808219178082193e-01
faceCenterPointX: 264
faceCenterPointY: 72
headPositionsX: [ 263, 269, 270, 272, 270, 270, 271, 267, 270, 271, 268,
    269, 270, 267, 267, 266, 270, 268, 268, 268, 268, 269, 267, 267, 267,
    268, 270, 270, 268, 270, 267, 265, 266, 269, 265, 265, 266, 265, 268,
    265, 267, 266, 265, 268, 268, 265, 268, 267, 268, 269, 268, 266, 267,
    265, 266, 264, 268, 265, 265, 268, 266, 265, 263, 264, 264, 266, 267,
    263, 263, 265, 267, 264, 263, 264, 264, 266, 264, 266, 267, 264, 266,
    266, 265, 262, 266, 266, 266, 268, 263, 265, 265, 265, 265, 262, 265,
    263, 263, 264, 263, 265 ]
headPositionsY: [ 73, 74, 74, 73, 74, 75, 73, 72, 77, 75, 76, 72, 76, 76,
    76, 75, 74, 74, 74, 73, 76, 74, 75, 74, 71, 73, 75, 73, 75, 73, 72,
    75, 76, 72, 75, 77, 77, 72, 74, 73, 77, 75, 74, 76, 71, 70, 68, 66,
    67, 67, 64, 67, 71, 73, 77, 78, 82, 80, 79, 75, 76, 71, 71, 69, 67,
    71, 74, 74, 82, 82, 82, 83, 81, 80, 76, 74, 72, 69, 69, 68, 69, 72,
    74, 74, 80, 82, 81, 81, 82, 81, 80, 82, 79, 76, 77, 75, 77, 76, 71,
    75 ]
