%YAML:1.0
---
videoName: "headLookUp0.mp4"
gestureLabel: 205
fps: 29
pixelSizeInCmTemp: 3.6846153846153845e-01
faceCenterPointX: 258
faceCenterPointY: 66
headPositionsX: [ 256, 262, 261, 259, 261, 258, 261, 259, 259, 258, 257,
    261, 257, 258, 260, 261, 260, 262, 261, 261, 258, 260, 262, 257, 258,
    258, 257, 260, 258, 262, 257, 261, 260, 259, 261, 258, 257, 261, 257,
    259, 260, 256, 262, 258, 259, 260, 258, 260, 260, 255, 258, 256, 260,
    260, 256, 258, 260, 260, 256, 260, 257, 261, 258, 260, 258, 258, 261,
    255, 261, 256, 258, 258, 256, 257, 259, 258, 256, 261, 255, 257, 258,
    259, 258, 261, 258, 259, 258, 257, 258, 259, 259, 260, 258, 257, 259,
    256, 259, 257, 260, 261 ]
headPositionsY: [ 64, 83, 81, 82, 79, 81, 81, 79, 79, 80, 79, 80, 77, 80,
    79, 78, 79, 76, 73, 73, 75, 72, 69, 67, 68, 66, 68, 69, 66, 70, 69,
    69, 67, 68, 65, 65, 67, 67, 65, 64, 68, 68, 67, 66, 68, 66, 68, 69,
    66, 68, 67, 66, 67, 67, 66, 69, 68, 66, 68, 66, 66, 69, 69, 70, 68,
    65, 66, 69, 67, 66, 66, 70, 68, 69, 68, 66, 68, 69, 69, 69, 67, 70,
    67, 66, 68, 66, 67, 69, 67, 69, 67, 68, 70, 71, 65, 66, 68, 66, 69,
    68 ]
