%YAML:1.0
---
videoName: "headNod21.mp4"
gestureLabel: 202
fps: 29
pixelSizeInCmTemp: 3.2808219178082193e-01
faceCenterPointX: 253
faceCenterPointY: 78
headPositionsX: [ 251, 258, 257, 255, 257, 255, 253, 257, 254, 255, 255,
    255, 255, 253, 256, 255, 253, 257, 252, 255, 255, 255, 253, 254, 257,
    253, 256, 256, 254, 253, 256, 254, 257, 254, 258, 254, 253, 256, 258,
    258, 253, 255, 258, 254, 253, 257, 255, 253, 253, 254, 255, 253, 253,
    255, 255, 255, 252, 255, 252, 254, 253, 255, 254, 251, 253, 250, 252,
    250, 250, 254, 254, 252, 252, 248, 249, 250, 249, 251, 250, 253, 249,
    250, 250, 250, 251, 251, 254, 254, 252, 253, 253, 252, 251, 253, 256,
    256, 254, 256, 256, 256 ]
headPositionsY: [ 78, 80, 80, 77, 76, 79, 77, 79, 77, 80, 78, 76, 77, 79,
    78, 79, 80, 77, 77, 81, 79, 80, 79, 80, 81, 80, 82, 81, 79, 80, 81,
    83, 80, 79, 79, 78, 75, 76, 74, 79, 78, 80, 83, 85, 83, 81, 77, 78,
    77, 77, 82, 83, 83, 85, 86, 79, 78, 76, 78, 78, 79, 80, 82, 85, 82,
    79, 78, 78, 76, 78, 76, 79, 79, 81, 83, 81, 82, 81, 81, 75, 76, 79,
    78, 79, 80, 79, 78, 80, 78, 78, 78, 78, 80, 80, 79, 78, 76, 78, 79,
    79 ]
