%YAML:1.0
---
videoName: "headShake36.mp4"
gestureLabel: 201
fps: 29
pixelSizeInCmTemp: 3.2364864864864862e-01
faceCenterPointX: 263
faceCenterPointY: 80
headPositionsX: [ 261, 266, 261, 264, 265, 264, 264, 268, 268, 272, 273,
    278, 277, 280, 281, 281, 284, 282, 282, 276, 276, 270, 267, 267, 264,
    257, 256, 252, 252, 249, 249, 246, 246, 243, 246, 245, 246, 249, 251,
    253, 257, 260, 265, 267, 273, 271, 274, 277, 277, 277, 282, 279, 280,
    275, 274, 273, 272, 266, 261, 260, 253, 252, 253, 250, 250, 249, 248,
    251, 250, 252, 253, 256, 261, 260, 264, 264, 266, 265, 268, 269, 265,
    266, 268, 263, 264, 267, 266, 266, 267, 264, 266, 264, 262, 261, 264,
    265, 265, 265, 264, 261 ]
headPositionsY: [ 78, 82, 79, 78, 79, 79, 81, 81, 82, 79, 79, 76, 76, 78,
    77, 76, 77, 77, 76, 77, 77, 81, 80, 80, 81, 80, 79, 80, 80, 81, 81,
    83, 84, 81, 79, 78, 79, 82, 79, 79, 82, 83, 80, 80, 79, 77, 82, 78,
    80, 78, 79, 78, 78, 81, 79, 80, 82, 81, 81, 81, 81, 80, 78, 79, 79,
    82, 77, 82, 77, 80, 81, 79, 79, 82, 84, 81, 81, 81, 78, 80, 78, 79,
    82, 79, 79, 81, 82, 83, 78, 81, 79, 81, 81, 79, 82, 79, 82, 81, 81,
    81 ]
