%YAML:1.0
---
videoName: "headShake37.mp4"
gestureLabel: 201
fps: 30
pixelSizeInCmTemp: 3.1933333333333330e-01
faceCenterPointX: 263
faceCenterPointY: 83
headPositionsX: [ 262, 261, 261, 263, 263, 262, 261, 261, 261, 264, 264,
    261, 261, 263, 265, 263, 262, 263, 264, 263, 260, 262, 261, 264, 264,
    259, 264, 264, 261, 260, 261, 263, 261, 261, 260, 262, 264, 264, 261,
    263, 261, 260, 262, 263, 261, 260, 259, 263, 267, 270, 275, 277, 278,
    279, 282, 276, 271, 266, 260, 254, 251, 253, 256, 257, 262, 269, 271,
    271, 271, 270, 266, 263, 261, 258, 255, 255, 254, 251, 254, 255, 258,
    261, 263, 263, 265, 268, 266, 264, 266, 267, 265, 264, 263, 263, 261,
    263, 262, 264, 265, 263 ]
headPositionsY: [ 82, 82, 82, 86, 85, 83, 81, 84, 84, 85, 81, 85, 83, 85,
    83, 82, 84, 80, 81, 83, 81, 83, 84, 82, 84, 81, 83, 82, 85, 81, 84,
    85, 83, 85, 81, 81, 81, 82, 82, 82, 82, 82, 81, 84, 84, 84, 84, 84,
    81, 81, 84, 82, 81, 80, 81, 84, 80, 81, 83, 80, 82, 83, 84, 81, 84,
    81, 79, 81, 82, 84, 80, 83, 83, 81, 82, 80, 81, 80, 84, 84, 83, 81,
    82, 83, 85, 85, 82, 82, 81, 84, 82, 84, 82, 85, 81, 82, 84, 85, 84,
    84 ]
