%YAML:1.0
---
videoName: "headShake30.mp4"
gestureLabel: 201
fps: 29
pixelSizeInCmTemp: 3.2808219178082193e-01
faceCenterPointX: 240
faceCenterPointY: 68
headPositionsX: [ 239, 233, 232, 231, 231, 232, 233, 231, 234, 235, 237,
    238, 239, 237, 239, 240, 241, 240, 245, 245, 243, 244, 243, 242, 244,
    242, 242, 243, 242, 243, 238, 239, 238, 238, 237, 237, 241, 239, 243,
    249, 251, 255, 259, 256, 259, 262, 260, 256, 252, 245, 240, 230, 228,
    223, 221, 226, 227, 232, 240, 248, 250, 254, 253, 251, 244, 243, 236,
    233, 230, 229, 226, 230, 234, 236, 240, 247, 246, 250, 249, 248, 248,
    243, 241, 239, 238, 237, 239, 236, 238, 237, 239, 240, 240, 243, 242,
    242, 239, 241, 238, 237 ]
headPositionsY: [ 69, 57, 56, 55, 57, 60, 60, 57, 63, 65, 62, 62, 62, 66,
    63, 63, 66, 66, 68, 65, 67, 66, 66, 63, 68, 63, 64, 67, 67, 63, 63,
    65, 67, 68, 67, 64, 65, 66, 68, 67, 67, 66, 65, 65, 67, 67, 66, 68,
    68, 67, 66, 67, 68, 66, 67, 68, 71, 68, 68, 68, 67, 66, 67, 67, 70,
    69, 70, 69, 67, 69, 69, 68, 69, 69, 70, 68, 67, 66, 65, 66, 64, 69,
    67, 68, 68, 66, 68, 68, 69, 68, 68, 66, 70, 69, 67, 68, 68, 70, 68,
    67 ]
