%YAML:1.0
---
videoName: "headShake19.mp4"
gestureLabel: 201
fps: 29
pixelSizeInCmTemp: 3.1933333333333330e-01
faceCenterPointX: 243
faceCenterPointY: 78
headPositionsX: [ 241, 245, 245, 244, 245, 242, 240, 241, 245, 241, 243,
    244, 244, 242, 245, 245, 242, 241, 245, 245, 243, 243, 244, 241, 242,
    241, 242, 242, 244, 244, 240, 243, 241, 242, 242, 239, 237, 235, 234,
    235, 231, 232, 236, 243, 249, 254, 258, 256, 259, 252, 249, 246, 240,
    233, 234, 230, 231, 234, 240, 241, 243, 248, 247, 247, 244, 244, 242,
    237, 238, 234, 234, 239, 236, 237, 243, 243, 246, 244, 247, 245, 245,
    244, 242, 244, 242, 239, 240, 242, 242, 241, 241, 240, 242, 241, 245,
    242, 244, 242, 244, 241 ]
headPositionsY: [ 77, 78, 78, 79, 74, 74, 74, 77, 77, 78, 77, 76, 78, 75,
    77, 74, 76, 78, 77, 79, 76, 78, 75, 79, 78, 75, 79, 77, 78, 75, 77,
    75, 74, 79, 78, 74, 76, 74, 78, 78, 78, 74, 75, 78, 78, 78, 78, 77,
    78, 78, 75, 76, 77, 74, 76, 76, 74, 76, 78, 76, 77, 78, 75, 76, 77,
    77, 75, 79, 78, 77, 79, 80, 79, 79, 78, 79, 78, 77, 76, 79, 76, 77,
    75, 76, 76, 79, 75, 81, 80, 78, 77, 77, 80, 78, 78, 80, 76, 78, 80,
    78 ]
