%YAML:1.0
---
videoName: "headNod25.mp4"
gestureLabel: 202
fps: 29
pixelSizeInCmTemp: 3.1933333333333330e-01
faceCenterPointX: 270
faceCenterPointY: 75
headPositionsX: [ 271, 271, 269, 269, 270, 269, 272, 272, 268, 271, 270,
    269, 269, 267, 270, 267, 270, 269, 271, 271, 271, 269, 270, 273, 273,
    273, 275, 274, 275, 272, 275, 274, 272, 270, 272, 275, 274, 274, 274,
    270, 270, 271, 271, 272, 272, 271, 272, 271, 274, 269, 272, 273, 272,
    271, 273, 274, 274, 271, 271, 272, 271, 270, 272, 273, 272, 270, 268,
    271, 271, 269, 269, 268, 269, 273, 272, 269, 268, 272, 273, 270, 273,
    271, 273, 272, 270, 272, 273, 269, 273, 274, 272, 269, 271, 270, 271,
    272, 269, 272, 271, 272 ]
headPositionsY: [ 74, 74, 74, 73, 75, 75, 72, 76, 75, 72, 76, 76, 75, 76,
    74, 76, 76, 75, 76, 74, 76, 73, 74, 76, 73, 73, 74, 73, 77, 74, 76,
    74, 77, 75, 77, 73, 73, 75, 73, 77, 75, 74, 74, 76, 76, 75, 74, 76,
    74, 69, 68, 68, 67, 67, 62, 65, 64, 68, 68, 68, 69, 75, 80, 82, 89,
    89, 87, 86, 82, 83, 78, 74, 71, 71, 68, 67, 69, 68, 71, 71, 76, 76,
    81, 80, 81, 78, 81, 78, 77, 76, 76, 78, 77, 76, 78, 74, 73, 75, 73,
    76 ]
