%YAML:1.0
---
videoName: "headNod42.mp4"
gestureLabel: 202
fps: 30
pixelSizeInCmTemp: 3.0316455696202532e-01
faceCenterPointX: 265
faceCenterPointY: 77
headPositionsX: [ 263, 267, 268, 270, 271, 269, 271, 269, 268, 270, 270,
    267, 269, 268, 267, 271, 269, 270, 268, 267, 268, 268, 268, 270, 267,
    269, 268, 267, 265, 264, 263, 264, 263, 264, 268, 266, 264, 268, 268,
    266, 266, 265, 265, 262, 263, 267, 262, 264, 266, 267, 267, 263, 263,
    262, 263, 267, 263, 263, 262, 263, 264, 264, 263, 263, 264, 264, 266,
    263, 264, 267, 265, 267, 268, 267, 263, 265, 268, 268, 265, 267, 266,
    266, 265, 268, 268, 264, 263, 267, 263, 267, 265, 266, 263, 264, 264,
    263, 265, 267, 263, 266 ]
headPositionsY: [ 76, 77, 73, 77, 76, 76, 74, 78, 77, 76, 79, 75, 78, 77,
    75, 70, 68, 63, 63, 67, 68, 68, 68, 72, 78, 83, 89, 92, 89, 89, 89,
    83, 77, 75, 77, 71, 70, 68, 67, 73, 77, 78, 82, 85, 84, 85, 78, 78,
    72, 74, 71, 69, 73, 74, 75, 76, 82, 84, 84, 87, 82, 81, 81, 77, 75,
    73, 72, 76, 75, 77, 73, 79, 79, 81, 78, 78, 76, 74, 77, 71, 76, 76,
    75, 75, 79, 79, 78, 84, 82, 82, 82, 80, 80, 77, 77, 75, 79, 78, 78,
    79 ]
