%YAML:1.0
---
videoName: "headShake21.mp4"
gestureLabel: 201
fps: 29
pixelSizeInCmTemp: 3.1933333333333330e-01
faceCenterPointX: 241
faceCenterPointY: 78
headPositionsX: [ 242, 244, 246, 241, 243, 240, 243, 243, 240, 241, 243,
    241, 244, 243, 242, 240, 243, 242, 245, 244, 242, 241, 241, 242, 241,
    241, 242, 244, 244, 242, 244, 243, 245, 241, 244, 243, 243, 243, 245,
    240, 240, 243, 241, 240, 243, 244, 239, 244, 240, 242, 240, 240, 241,
    240, 244, 243, 243, 244, 242, 241, 243, 241, 243, 238, 241, 240, 240,
    243, 248, 246, 252, 253, 252, 249, 247, 242, 236, 233, 235, 234, 238,
    237, 238, 244, 241, 241, 242, 241, 240, 240, 237, 236, 239, 240, 239,
    240, 243, 240, 243, 243 ]
headPositionsY: [ 79, 85, 81, 81, 79, 73, 72, 73, 70, 74, 70, 71, 73, 71,
    72, 73, 73, 70, 73, 71, 73, 71, 71, 73, 72, 76, 76, 72, 73, 77, 76,
    77, 77, 78, 76, 76, 76, 79, 75, 77, 78, 76, 78, 79, 78, 78, 77, 78,
    79, 76, 79, 79, 75, 78, 80, 77, 79, 75, 80, 77, 76, 77, 79, 77, 79,
    80, 79, 79, 80, 78, 79, 79, 75, 78, 78, 80, 77, 77, 78, 79, 77, 78,
    76, 79, 76, 79, 79, 79, 80, 79, 80, 80, 77, 77, 78, 76, 77, 76, 79,
    80 ]
