%YAML:1.0
---
videoName: "headShake17.mp4"
gestureLabel: 201
fps: 29
pixelSizeInCmTemp: 3.3263888888888887e-01
faceCenterPointX: 242
faceCenterPointY: 76
headPositionsX: [ 241, 240, 238, 240, 237, 239, 240, 243, 243, 247, 252,
    253, 258, 256, 258, 257, 252, 251, 245, 238, 235, 234, 227, 229, 224,
    228, 229, 230, 235, 239, 242, 246, 253, 251, 251, 252, 255, 250, 246,
    248, 241, 242, 237, 233, 233, 233, 231, 234, 234, 236, 236, 238, 241,
    241, 242, 247, 245, 244, 247, 245, 243, 242, 240, 238, 240, 237, 241,
    239, 241, 239, 239, 241, 241, 239, 239, 240, 242, 239, 239, 243, 240,
    241, 242, 243, 243, 243, 242, 240, 239, 239, 242, 243, 240, 242, 241,
    239, 244, 240, 240, 239 ]
headPositionsY: [ 77, 76, 75, 75, 74, 75, 76, 77, 78, 73, 76, 74, 73, 76,
    77, 75, 73, 78, 78, 77, 75, 76, 75, 78, 76, 75, 77, 77, 78, 76, 78,
    75, 75, 74, 76, 72, 77, 76, 78, 77, 77, 75, 76, 77, 74, 77, 77, 74,
    78, 78, 75, 76, 79, 77, 79, 77, 76, 76, 78, 77, 77, 78, 79, 74, 74,
    75, 75, 76, 77, 78, 75, 77, 78, 74, 78, 78, 77, 75, 75, 76, 76, 76,
    76, 74, 78, 75, 75, 76, 76, 76, 74, 77, 75, 77, 75, 75, 75, 76, 76,
    75 ]
