%YAML:1.0
---
videoName: "headLookLeft5.mp4"
gestureLabel: 203
fps: 30
pixelSizeInCmTemp: 3.5746268656716418e-01
faceCenterPointX: 284
faceCenterPointY: 67
headPositionsX: [ 285, 258, 258, 262, 260, 261, 260, 261, 258, 259, 259,
    260, 259, 261, 264, 261, 264, 264, 261, 261, 266, 268, 269, 270, 273,
    274, 276, 278, 280, 281, 282, 282, 283, 281, 286, 285, 286, 285, 284,
    285, 285, 286, 282, 283, 289, 286, 288, 286, 285, 286, 287, 282, 286,
    280, 282, 282, 282, 282, 286, 282, 283, 282, 281, 285, 283, 283, 286,
    281, 284, 283, 284, 283, 282, 286, 284, 287, 285, 286, 284, 283, 287,
    284, 284, 285, 286, 284, 286, 283, 284, 289, 285, 284, 287, 285, 283,
    285, 284, 281, 282, 282 ]
headPositionsY: [ 69, 73, 69, 73, 70, 69, 73, 73, 70, 73, 74, 73, 73, 71,
    70, 69, 72, 74, 71, 72, 74, 70, 71, 68, 72, 68, 70, 70, 70, 71, 70,
    69, 70, 70, 68, 66, 70, 69, 65, 68, 68, 69, 65, 66, 69, 69, 68, 68,
    69, 68, 66, 70, 70, 69, 70, 70, 69, 68, 65, 68, 66, 67, 70, 70, 70,
    68, 70, 70, 65, 71, 69, 67, 71, 67, 67, 72, 67, 66, 71, 65, 70, 66,
    70, 66, 69, 67, 69, 67, 70, 67, 69, 69, 69, 68, 69, 67, 67, 66, 70,
    67 ]
