%YAML:1.0
---
videoName: "headLookDown6.mp4"
gestureLabel: 206
fps: 29
pixelSizeInCmTemp: 3.4710144927536229e-01
faceCenterPointX: 276
faceCenterPointY: 98
headPositionsX: [ 275, 277, 275, 275, 273, 273, 277, 272, 273, 275, 273,
    275, 276, 276, 274, 275, 277, 272, 277, 275, 276, 277, 274, 275, 273,
    276, 275, 275, 276, 273, 276, 276, 276, 276, 276, 273, 276, 273, 275,
    275, 274, 274, 275, 275, 275, 275, 278, 274, 273, 277, 276, 273, 275,
    275, 277, 273, 273, 273, 274, 275, 276, 275, 277, 275, 274, 274, 275,
    272, 276, 273, 273, 273, 274, 275, 277, 276, 275, 274, 276, 274, 276,
    274, 273, 278, 277, 274, 277, 276, 278, 277, 276, 278, 276, 278, 275,
    276, 276, 277, 279, 278 ]
headPositionsY: [ 96, 82, 82, 82, 80, 79, 82, 82, 82, 83, 83, 80, 83, 79,
    80, 80, 79, 79, 83, 84, 82, 80, 84, 82, 82, 84, 83, 83, 82, 85, 82,
    83, 81, 82, 85, 82, 83, 83, 83, 84, 81, 83, 86, 89, 84, 88, 91, 90,
    90, 91, 95, 94, 95, 95, 94, 95, 98, 97, 97, 100, 97, 98, 100, 96, 99,
    98, 98, 98, 98, 101, 95, 98, 97, 101, 100, 101, 98, 101, 96, 99, 99,
    97, 97, 98, 100, 98, 99, 101, 98, 97, 98, 98, 96, 99, 99, 100, 97,
    95, 100, 99 ]
