%YAML:1.0
---
videoName: "headNod44.mp4"
gestureLabel: 202
fps: 29
pixelSizeInCmTemp: 2.9567901234567900e-01
faceCenterPointX: 268
faceCenterPointY: 78
headPositionsX: [ 270, 271, 270, 269, 268, 271, 267, 270, 272, 267, 267,
    268, 267, 268, 268, 268, 268, 268, 268, 269, 271, 268, 269, 266, 270,
    268, 269, 268, 265, 268, 270, 268, 266, 268, 268, 266, 266, 266, 267,
    265, 267, 265, 265, 266, 266, 268, 269, 266, 266, 265, 266, 269, 269,
    266, 267, 267, 265, 267, 269, 270, 267, 267, 268, 267, 267, 269, 266,
    268, 270, 269, 270, 267, 269, 268, 268, 268, 268, 268, 271, 267, 271,
    271, 270, 269, 266, 266, 268, 270, 266, 270, 267, 269, 266, 269, 265,
    266, 266, 266, 267, 266 ]
headPositionsY: [ 76, 73, 73, 73, 76, 74, 75, 75, 76, 72, 76, 73, 75, 74,
    76, 77, 76, 75, 77, 80, 85, 89, 90, 96, 97, 94, 88, 87, 79, 77, 74,
    72, 67, 72, 74, 73, 80, 83, 86, 86, 86, 85, 82, 76, 71, 73, 72, 77,
    77, 81, 86, 88, 89, 88, 86, 84, 76, 78, 76, 76, 77, 75, 81, 84, 84,
    83, 85, 80, 80, 80, 74, 78, 78, 77, 78, 84, 83, 88, 89, 86, 84, 83,
    81, 81, 77, 76, 77, 79, 79, 77, 78, 80, 80, 78, 78, 79, 77, 76, 80,
    78 ]
