%YAML:1.0
---
videoName: "headLookDown6.mp4"
gestureLabel: 206
fps: 29
pixelSizeInCmTemp: 3.4710144927536229e-01
faceCenterPointX: 276
faceCenterPointY: 98
headPositionsX: [ 274, 275, 273, 275, 276, 276, 276, 274, 277, 273, 274,
    274, 275, 277, 275, 274, 275, 276, 273, 275, 278, 275, 276, 274, 274,
    276, 275, 273, 275, 277, 277, 275, 277, 274, 274, 274, 274, 276, 276,
    272, 275, 277, 273, 278, 278, 277, 276, 274, 275, 274, 277, 275, 274,
    279, 276, 275, 275, 275, 276, 276, 275, 275, 273, 273, 277, 275, 273,
    275, 274, 277, 274, 275, 277, 275, 277, 276, 275, 277, 275, 275, 277,
    275, 275, 277, 276, 274, 274, 277, 274, 275, 277, 277, 274, 276, 275,
    278, 279, 277, 276, 277 ]
headPositionsY: [ 99, 79, 81, 81, 80, 82, 79, 82, 83, 82, 82, 80, 79, 79,
    79, 83, 82, 81, 80, 80, 81, 81, 80, 84, 82, 81, 81, 82, 84, 81, 82,
    81, 81, 82, 81, 81, 83, 81, 86, 85, 84, 85, 84, 85, 88, 90, 88, 89,
    90, 93, 91, 94, 92, 93, 98, 98, 98, 95, 97, 99, 97, 97, 96, 99, 97,
    97, 96, 96, 100, 99, 96, 99, 98, 97, 101, 101, 98, 101, 99, 99, 98,
    99, 100, 101, 99, 99, 100, 101, 101, 98, 100, 99, 100, 98, 95, 100,
    99, 97, 98, 97 ]
