%YAML:1.0
---
videoName: "headLookUp4.mp4"
gestureLabel: 205
fps: 30
pixelSizeInCmTemp: 3.6846153846153845e-01
faceCenterPointX: 256
faceCenterPointY: 68
headPositionsX: [ 256, 254, 255, 258, 256, 255, 256, 255, 255, 258, 254,
    257, 258, 254, 255, 255, 258, 257, 259, 258, 254, 255, 255, 257, 256,
    256, 255, 256, 258, 254, 255, 257, 257, 254, 254, 253, 254, 258, 256,
    253, 256, 257, 257, 257, 257, 255, 258, 257, 256, 254, 257, 258, 257,
    258, 257, 255, 258, 255, 256, 257, 257, 254, 257, 256, 258, 257, 256,
    254, 257, 254, 254, 258, 258, 258, 258, 256, 257, 256, 256, 253, 254,
    256, 257, 258, 257, 258, 257, 256, 259, 255, 258, 258, 258, 254, 257,
    253, 254, 257, 255, 256 ]
headPositionsY: [ 68, 84, 81, 84, 81, 80, 84, 85, 81, 82, 82, 81, 80, 81,
    80, 84, 84, 81, 80, 82, 81, 80, 81, 82, 80, 78, 75, 72, 76, 71, 72,
    71, 67, 72, 67, 66, 65, 66, 72, 68, 70, 69, 68, 67, 66, 67, 70, 69,
    69, 68, 70, 71, 69, 71, 67, 68, 68, 69, 67, 72, 69, 68, 66, 66, 71,
    71, 69, 68, 68, 71, 69, 71, 71, 67, 66, 70, 68, 71, 68, 70, 72, 70,
    69, 70, 67, 68, 68, 66, 72, 71, 70, 69, 70, 69, 72, 68, 71, 72, 70,
    71 ]
