%YAML:1.0
---
videoName: "headNod13.mp4"
gestureLabel: 202
fps: 29
pixelSizeInCmTemp: 3.2364864864864862e-01
faceCenterPointX: 253
faceCenterPointY: 79
headPositionsX: [ 254, 252, 251, 251, 251, 250, 253, 251, 255, 252, 256,
    252, 255, 257, 257, 255, 256, 255, 257, 256, 253, 254, 256, 255, 255,
    253, 252, 251, 251, 251, 255, 255, 252, 256, 256, 253, 255, 251, 254,
    251, 252, 255, 250, 252, 254, 253, 253, 253, 251, 254, 252, 255, 252,
    252, 256, 252, 254, 251, 253, 255, 255, 253, 251, 252, 251, 255, 255,
    255, 255, 255, 255, 252, 253, 254, 253, 255, 254, 254, 253, 253, 255,
    257, 254, 256, 255, 253, 253, 253, 255, 257, 257, 255, 253, 254, 255,
    253, 254, 253, 251, 252 ]
headPositionsY: [ 78, 73, 74, 75, 73, 73, 73, 73, 71, 73, 73, 73, 74, 74,
    76, 72, 73, 76, 76, 74, 75, 74, 74, 72, 72, 76, 73, 74, 75, 75, 72,
    73, 76, 74, 75, 76, 72, 74, 73, 75, 76, 73, 75, 73, 74, 74, 73, 75,
    71, 73, 71, 69, 66, 67, 69, 70, 70, 75, 74, 74, 80, 79, 76, 77, 73,
    72, 72, 68, 69, 70, 70, 75, 75, 75, 77, 78, 79, 78, 78, 76, 71, 74,
    73, 70, 72, 75, 76, 80, 80, 80, 80, 80, 80, 82, 79, 80, 79, 79, 79,
    78 ]
