%YAML:1.0
---
videoName: "headNod23.mp4"
gestureLabel: 202
fps: 29
pixelSizeInCmTemp: 3.1933333333333330e-01
faceCenterPointX: 273
faceCenterPointY: 75
headPositionsX: [ 273, 272, 273, 277, 276, 276, 273, 272, 275, 274, 276,
    277, 273, 274, 274, 276, 275, 273, 275, 273, 276, 274, 275, 273, 273,
    277, 275, 277, 274, 273, 273, 274, 275, 276, 272, 275, 272, 273, 271,
    274, 272, 273, 272, 273, 273, 273, 270, 273, 274, 276, 273, 273, 272,
    276, 273, 272, 275, 272, 275, 274, 272, 273, 273, 273, 274, 272, 276,
    273, 274, 276, 273, 274, 275, 275, 273, 271, 273, 275, 274, 275, 271,
    271, 275, 271, 276, 272, 273, 275, 273, 275, 275, 272, 275, 275, 271,
    272, 276, 272, 273, 271 ]
headPositionsY: [ 74, 77, 74, 78, 75, 77, 76, 77, 79, 74, 75, 77, 75, 77,
    77, 77, 76, 75, 76, 76, 76, 76, 77, 74, 74, 70, 69, 69, 64, 68, 65,
    63, 66, 67, 70, 73, 72, 78, 79, 83, 83, 81, 80, 81, 78, 74, 70, 71,
    70, 69, 66, 67, 70, 72, 70, 75, 76, 80, 77, 76, 75, 77, 73, 71, 70,
    70, 71, 68, 67, 69, 73, 75, 73, 79, 77, 79, 81, 79, 79, 79, 76, 75,
    73, 73, 73, 74, 72, 74, 75, 72, 75, 75, 77, 78, 75, 76, 78, 75, 76,
    75 ]
