%YAML:1.0
---
videoName: "headNod23.mp4"
gestureLabel: 202
fps: 29
pixelSizeInCmTemp: 3.1933333333333330e-01
faceCenterPointX: 273
faceCenterPointY: 75
headPositionsX: [ 273, 273, 277, 273, 276, 273, 273, 272, 272, 273, 276,
    274, 275, 274, 272, 273, 272, 275, 274, 274, 272, 274, 276, 272, 274,
    274, 272, 275, 274, 273, 275, 275, 273, 276, 272, 274, 275, 274, 275,
    272, 273, 270, 273, 272, 271, 271, 271, 274, 274, 273, 272, 275, 272,
    276, 275, 273, 274, 275, 275, 273, 274, 275, 274, 272, 274, 272, 276,
    274, 273, 272, 272, 272, 274, 273, 274, 271, 273, 272, 270, 273, 275,
    271, 272, 273, 276, 273, 273, 277, 273, 275, 273, 275, 273, 274, 274,
    275, 272, 273, 274, 271 ]
headPositionsY: [ 76, 77, 74, 78, 77, 77, 75, 78, 79, 76, 74, 75, 78, 78,
    79, 75, 75, 74, 75, 79, 78, 75, 76, 75, 74, 73, 69, 66, 64, 65, 65,
    66, 65, 67, 66, 72, 74, 76, 79, 80, 80, 80, 79, 79, 79, 73, 69, 69,
    66, 69, 67, 71, 69, 72, 72, 76, 76, 77, 76, 76, 75, 74, 75, 74, 70,
    71, 69, 69, 69, 69, 72, 73, 75, 77, 79, 77, 81, 78, 75, 79, 78, 73,
    77, 71, 76, 72, 75, 73, 74, 74, 72, 74, 75, 77, 76, 74, 75, 76, 76,
    77 ]
