%YAML:1.0
---
videoName: "headShake2.mp4"
gestureLabel: 201
fps: 29
pixelSizeInCmTemp: 3.4214285714285714e-01
faceCenterPointX: 276
faceCenterPointY: 98
headPositionsX: [ 278, 280, 276, 277, 277, 279, 278, 279, 279, 277, 275,
    278, 277, 278, 277, 277, 275, 277, 279, 276, 275, 275, 279, 275, 277,
    278, 278, 276, 278, 277, 275, 277, 277, 276, 276, 278, 277, 276, 276,
    279, 275, 280, 278, 281, 289, 287, 291, 292, 292, 292, 289, 286, 281,
    276, 273, 266, 267, 266, 266, 266, 271, 277, 282, 287, 289, 289, 290,
    286, 285, 281, 275, 271, 269, 268, 266, 273, 277, 281, 285, 286, 285,
    287, 284, 284, 281, 282, 278, 275, 279, 278, 277, 277, 277, 273, 275,
    277, 277, 275, 273, 275 ]
headPositionsY: [ 97, 96, 97, 99, 96, 95, 97, 97, 97, 98, 97, 96, 100,
    100, 98, 99, 96, 97, 100, 99, 101, 100, 97, 99, 100, 99, 99, 100, 98,
    98, 97, 101, 100, 97, 101, 99, 96, 101, 97, 97, 99, 97, 99, 96, 96,
    97, 96, 98, 98, 98, 97, 97, 99, 98, 100, 97, 100, 100, 98, 98, 100,
    100, 99, 95, 98, 98, 98, 99, 95, 96, 96, 99, 98, 99, 100, 99, 100,
    100, 100, 99, 100, 98, 97, 101, 101, 101, 97, 96, 98, 101, 100, 98,
    101, 99, 98, 101, 100, 100, 97, 99 ]
