%YAML:1.0
---
videoName: "headShake36.mp4"
gestureLabel: 201
fps: 29
pixelSizeInCmTemp: 3.2364864864864862e-01
faceCenterPointX: 263
faceCenterPointY: 80
headPositionsX: [ 265, 266, 260, 265, 261, 265, 264, 269, 268, 270, 274,
    277, 280, 281, 278, 284, 284, 278, 281, 277, 277, 270, 271, 267, 264,
    259, 257, 253, 249, 248, 249, 249, 246, 245, 248, 243, 249, 250, 251,
    255, 259, 258, 266, 269, 270, 275, 278, 279, 280, 279, 281, 279, 280,
    277, 273, 272, 269, 267, 260, 256, 256, 253, 250, 251, 251, 250, 249,
    252, 249, 252, 255, 258, 261, 262, 261, 264, 267, 264, 267, 268, 269,
    265, 268, 266, 264, 267, 264, 264, 263, 263, 265, 262, 262, 264, 262,
    263, 264, 265, 262, 264 ]
headPositionsY: [ 78, 78, 81, 78, 79, 81, 77, 79, 82, 78, 79, 80, 77, 75,
    74, 75, 76, 75, 79, 80, 80, 78, 80, 82, 79, 80, 79, 81, 78, 79, 79,
    81, 81, 83, 81, 81, 83, 81, 83, 80, 81, 80, 81, 82, 79, 77, 79, 81,
    76, 77, 79, 79, 80, 77, 78, 81, 83, 80, 79, 80, 81, 81, 79, 80, 76,
    82, 81, 78, 80, 80, 81, 80, 80, 83, 84, 79, 79, 80, 78, 82, 78, 82,
    78, 78, 79, 81, 81, 80, 82, 82, 82, 81, 80, 79, 79, 78, 82, 82, 82,
    79 ]
