%YAML:1.0
---
videoName: "headShake1.mp4"
gestureLabel: 201
fps: 29
pixelSizeInCmTemp: 3.3263888888888887e-01
faceCenterPointX: 279
faceCenterPointY: 98
headPositionsX: [ 280, 281, 281, 281, 277, 279, 279, 277, 277, 281, 278,
    279, 279, 280, 276, 282, 277, 279, 281, 281, 280, 281, 279, 281, 278,
    281, 277, 282, 281, 282, 286, 288, 290, 292, 292, 291, 291, 290, 286,
    281, 279, 273, 272, 272, 271, 269, 269, 277, 281, 287, 286, 289, 291,
    289, 292, 288, 282, 280, 274, 272, 267, 266, 268, 270, 274, 275, 283,
    285, 292, 293, 292, 289, 288, 289, 283, 280, 277, 275, 272, 271, 270,
    270, 272, 271, 272, 273, 276, 279, 279, 276, 279, 280, 282, 279, 280,
    282, 279, 281, 281, 278 ]
headPositionsY: [ 97, 98, 98, 99, 99, 96, 97, 97, 99, 95, 95, 96, 96, 99,
    94, 95, 95, 95, 96, 95, 98, 99, 96, 95, 99, 99, 99, 97, 98, 98, 99,
    98, 98, 95, 98, 96, 96, 96, 97, 95, 99, 97, 97, 96, 97, 96, 96, 97,
    95, 96, 97, 97, 95, 95, 96, 96, 99, 97, 99, 95, 96, 98, 96, 96, 95,
    96, 97, 95, 94, 93, 97, 94, 95, 97, 98, 99, 96, 99, 94, 97, 95, 95,
    95, 97, 98, 97, 99, 99, 96, 96, 97, 99, 97, 96, 97, 97, 96, 100, 95,
    99 ]
