%YAML:1.0
---
videoName: "headShake28.mp4"
gestureLabel: 201
fps: 29
pixelSizeInCmTemp: 3.2808219178082193e-01
faceCenterPointX: 242
faceCenterPointY: 80
headPositionsX: [ 242, 241, 242, 240, 239, 240, 241, 240, 238, 240, 240,
    241, 242, 244, 240, 241, 243, 241, 239, 242, 242, 240, 240, 243, 243,
    244, 241, 240, 242, 242, 244, 243, 242, 242, 243, 244, 245, 241, 245,
    242, 244, 243, 245, 245, 245, 245, 245, 244, 243, 244, 241, 233, 232,
    228, 231, 231, 239, 242, 250, 253, 255, 255, 253, 252, 246, 241, 237,
    233, 232, 236, 239, 245, 247, 253, 254, 257, 254, 253, 247, 247, 243,
    241, 237, 238, 237, 238, 240, 240, 241, 239, 241, 244, 240, 241, 243,
    240, 241, 242, 241, 243 ]
headPositionsY: [ 80, 75, 76, 76, 79, 75, 79, 78, 75, 77, 81, 78, 78, 81,
    77, 80, 81, 76, 78, 79, 80, 76, 77, 79, 78, 81, 81, 80, 77, 78, 80,
    80, 80, 75, 80, 77, 77, 77, 79, 77, 79, 77, 76, 77, 75, 77, 79, 75,
    78, 75, 79, 75, 76, 76, 75, 78, 77, 76, 77, 75, 74, 75, 76, 76, 78,
    79, 78, 78, 79, 78, 80, 77, 79, 78, 74, 75, 78, 81, 76, 78, 78, 80,
    79, 79, 76, 76, 79, 81, 80, 79, 79, 81, 79, 78, 81, 79, 77, 78, 82,
    79 ]
