%YAML:1.0
---
videoName: "headShake23.mp4"
gestureLabel: 201
fps: 29
pixelSizeInCmTemp: 3.2808219178082193e-01
faceCenterPointX: 240
faceCenterPointY: 77
headPositionsX: [ 240, 244, 241, 244, 244, 242, 241, 241, 239, 243, 243,
    242, 240, 243, 239, 239, 241, 238, 237, 241, 238, 243, 246, 247, 248,
    251, 254, 254, 256, 257, 255, 256, 254, 248, 247, 245, 241, 238, 237,
    232, 231, 233, 228, 230, 229, 231, 230, 232, 237, 238, 240, 245, 248,
    250, 252, 250, 250, 251, 250, 252, 251, 248, 248, 243, 240, 240, 239,
    236, 236, 236, 236, 232, 234, 235, 233, 236, 233, 234, 238, 237, 238,
    242, 240, 240, 244, 244, 241, 242, 244, 244, 245, 247, 247, 244, 242,
    244, 244, 241, 240, 241 ]
headPositionsY: [ 75, 75, 76, 78, 78, 76, 79, 75, 77, 76, 78, 77, 74, 77,
    78, 79, 75, 75, 78, 79, 75, 74, 78, 75, 77, 74, 76, 76, 75, 74, 75,
    75, 77, 77, 77, 78, 77, 78, 75, 78, 74, 75, 75, 75, 78, 75, 77, 80,
    80, 80, 79, 75, 77, 77, 78, 77, 76, 76, 74, 78, 75, 77, 80, 78, 78,
    78, 76, 79, 76, 77, 78, 77, 77, 79, 76, 78, 78, 80, 76, 75, 79, 77,
    75, 79, 77, 75, 76, 80, 75, 77, 77, 77, 77, 75, 76, 78, 79, 77, 75,
    75 ]
