%YAML:1.0
---
videoName: "headNod35.mp4"
gestureLabel: 202
fps: 30
pixelSizeInCmTemp: 2.9937500000000000e-01
faceCenterPointX: 268
faceCenterPointY: 78
headPositionsX: [ 270, 265, 267, 268, 269, 270, 267, 270, 269, 271, 268,
    269, 270, 268, 268, 270, 271, 270, 271, 269, 269, 270, 272, 271, 267,
    272, 272, 268, 272, 272, 270, 272, 268, 272, 272, 271, 270, 271, 269,
    270, 270, 268, 269, 265, 270, 267, 267, 270, 268, 267, 271, 271, 270,
    267, 267, 269, 271, 268, 270, 268, 269, 270, 267, 271, 269, 268, 267,
    270, 271, 267, 267, 270, 266, 267, 270, 270, 267, 268, 269, 270, 268,
    268, 269, 266, 268, 267, 268, 269, 268, 266, 265, 268, 265, 268, 266,
    268, 267, 268, 266, 265 ]
headPositionsY: [ 78, 76, 76, 78, 77, 77, 77, 77, 74, 75, 77, 75, 78, 74,
    75, 75, 76, 78, 75, 74, 76, 78, 76, 75, 77, 78, 76, 73, 69, 68, 70,
    69, 69, 71, 68, 76, 78, 85, 89, 92, 93, 89, 88, 82, 79, 77, 77, 76,
    72, 76, 78, 81, 84, 86, 88, 90, 87, 85, 82, 81, 73, 71, 70, 75, 71,
    77, 79, 83, 82, 85, 88, 87, 80, 81, 76, 76, 74, 75, 78, 78, 83, 82,
    89, 89, 84, 85, 85, 80, 81, 79, 78, 80, 79, 78, 76, 78, 81, 77, 80,
    77 ]
