%YAML:1.0
---
videoName: "headLookLeft4.mp4"
gestureLabel: 203
fps: 29
pixelSizeInCmTemp: 3.4710144927536229e-01
faceCenterPointX: 288
faceCenterPointY: 74
headPositionsX: [ 289, 265, 267, 265, 267, 268, 270, 270, 272, 272, 277,
    280, 281, 284, 285, 291, 295, 294, 297, 295, 294, 294, 295, 295, 290,
    297, 293, 299, 299, 295, 294, 294, 293, 293, 291, 292, 296, 293, 296,
    291, 291, 288, 294, 296, 292, 288, 288, 291, 289, 289, 291, 291, 293,
    289, 288, 286, 290, 288, 287, 290, 288, 289, 293, 289, 287, 290, 287,
    290, 286, 290, 288, 292, 288, 294, 290, 292, 294, 287, 292, 291, 290,
    292, 291, 294, 292, 291, 288, 288, 293, 291, 291, 287, 292, 286, 290,
    289, 292, 288, 290, 289 ]
headPositionsY: [ 72, 81, 79, 80, 77, 80, 78, 78, 78, 79, 76, 78, 75, 78,
    77, 78, 79, 78, 75, 80, 75, 79, 74, 75, 76, 75, 76, 79, 75, 77, 79,
    78, 76, 78, 75, 75, 82, 74, 78, 75, 77, 72, 73, 73, 77, 73, 73, 75,
    72, 77, 74, 73, 73, 75, 72, 73, 76, 76, 72, 75, 74, 77, 78, 76, 72,
    74, 76, 75, 76, 76, 73, 74, 74, 77, 75, 77, 76, 73, 75, 75, 78, 74,
    77, 77, 75, 76, 73, 75, 75, 74, 74, 75, 77, 74, 77, 72, 74, 74, 74,
    76 ]
