%YAML:1.0
---
videoName: "headShake28.mp4"
gestureLabel: 201
fps: 29
pixelSizeInCmTemp: 3.2808219178082193e-01
faceCenterPointX: 242
faceCenterPointY: 80
headPositionsX: [ 244, 240, 242, 239, 240, 243, 239, 239, 239, 240, 240,
    238, 243, 243, 244, 242, 241, 239, 239, 241, 241, 243, 240, 240, 240,
    243, 244, 244, 242, 244, 240, 240, 241, 243, 243, 244, 243, 242, 244,
    245, 243, 242, 246, 246, 245, 244, 242, 243, 243, 244, 240, 235, 232,
    231, 230, 233, 238, 243, 251, 252, 253, 254, 253, 250, 248, 242, 237,
    233, 232, 236, 238, 243, 249, 252, 254, 256, 251, 249, 251, 248, 242,
    242, 238, 237, 234, 237, 240, 238, 239, 242, 243, 241, 241, 243, 241,
    241, 242, 240, 242, 244 ]
headPositionsY: [ 79, 77, 76, 77, 76, 75, 75, 79, 75, 78, 78, 76, 80, 81,
    81, 76, 81, 78, 78, 79, 79, 79, 77, 81, 80, 81, 79, 78, 79, 77, 81,
    79, 81, 79, 78, 81, 78, 77, 78, 78, 76, 76, 77, 78, 77, 78, 77, 78,
    76, 76, 79, 79, 78, 78, 79, 79, 78, 75, 77, 75, 74, 77, 75, 80, 77,
    82, 79, 79, 77, 77, 76, 81, 77, 77, 75, 78, 77, 77, 80, 79, 80, 80,
    79, 78, 80, 79, 77, 79, 79, 79, 81, 80, 79, 80, 77, 79, 77, 82, 81,
    81 ]
