%YAML:1.0
---
videoName: "headLookDown3.mp4"
gestureLabel: 206
fps: 29
pixelSizeInCmTemp: 3.5746268656716418e-01
faceCenterPointX: 273
faceCenterPointY: 98
headPositionsX: [ 273, 273, 275, 271, 271, 274, 272, 275, 274, 271, 273,
    271, 271, 273, 271, 273, 273, 273, 271, 275, 273, 273, 274, 274, 272,
    270, 273, 271, 270, 275, 272, 275, 274, 270, 274, 272, 271, 270, 274,
    272, 272, 271, 272, 270, 271, 274, 274, 271, 273, 271, 271, 271, 271,
    272, 275, 275, 273, 270, 270, 270, 269, 270, 269, 271, 273, 269, 271,
    268, 268, 271, 271, 270, 270, 271, 271, 271, 272, 272, 270, 271, 270,
    271, 272, 272, 269, 274, 274, 273, 272, 273, 272, 272, 273, 271, 275,
    272, 273, 272, 275, 274 ]
headPositionsY: [ 99, 80, 77, 79, 76, 79, 76, 80, 77, 76, 81, 80, 79, 78,
    80, 78, 78, 77, 78, 78, 79, 78, 77, 81, 81, 77, 78, 80, 80, 81, 81,
    79, 79, 80, 81, 81, 82, 80, 80, 80, 83, 82, 82, 82, 88, 88, 84, 87,
    91, 91, 93, 94, 91, 93, 95, 94, 94, 95, 97, 96, 101, 98, 96, 100,
    100, 101, 99, 100, 100, 99, 99, 102, 103, 103, 104, 103, 102, 101,
    103, 101, 100, 99, 99, 101, 102, 99, 100, 102, 103, 102, 100, 101,
    104, 99, 102, 99, 98, 100, 102, 102 ]
