%YAML:1.0
---
videoName: "headLookRight0.mp4"
gestureLabel: 204
fps: 29
pixelSizeInCmTemp: 3.1933333333333330e-01
faceCenterPointX: 229
faceCenterPointY: 68
headPositionsX: [ 229, 255, 255, 257, 258, 257, 255, 254, 258, 254, 258,
    259, 256, 256, 256, 257, 256, 256, 257, 256, 256, 257, 254, 253, 257,
    256, 255, 253, 256, 257, 256, 255, 255, 253, 255, 253, 256, 254, 255,
    251, 249, 247, 248, 243, 242, 238, 236, 238, 234, 234, 234, 237, 235,
    234, 236, 234, 235, 235, 232, 232, 234, 234, 234, 235, 233, 231, 231,
    232, 235, 233, 232, 235, 235, 233, 232, 234, 231, 233, 231, 228, 233,
    229, 233, 231, 233, 230, 234, 232, 227, 231, 229, 229, 231, 230, 231,
    228, 229, 232, 227, 230 ]
headPositionsY: [ 66, 66, 67, 63, 67, 64, 63, 62, 66, 66, 68, 65, 67, 69,
    69, 66, 65, 68, 69, 67, 70, 69, 68, 67, 68, 67, 66, 69, 65, 70, 65,
    66, 70, 68, 70, 67, 67, 69, 70, 70, 68, 65, 66, 67, 66, 68, 65, 69,
    67, 69, 71, 67, 68, 70, 70, 66, 68, 68, 69, 68, 68, 67, 67, 69, 70,
    65, 69, 70, 69, 70, 66, 66, 68, 69, 67, 67, 69, 65, 69, 67, 70, 67,
    69, 69, 66, 70, 69, 67, 65, 66, 67, 70, 68, 69, 68, 69, 67, 65, 67,
    70 ]
