%YAML:1.0
---
videoName: "headNod19.mp4"
gestureLabel: 202
fps: 29
pixelSizeInCmTemp: 3.1933333333333330e-01
faceCenterPointX: 255
faceCenterPointY: 81
headPositionsX: [ 254, 256, 257, 255, 256, 254, 259, 256, 255, 257, 257,
    255, 255, 254, 255, 255, 254, 255, 250, 253, 252, 250, 248, 252, 253,
    252, 249, 252, 250, 251, 252, 251, 251, 252, 254, 255, 254, 253, 254,
    254, 256, 256, 253, 255, 257, 257, 255, 258, 257, 254, 258, 257, 255,
    255, 257, 256, 257, 255, 257, 253, 258, 255, 254, 256, 257, 254, 253,
    255, 253, 258, 257, 258, 256, 255, 254, 255, 255, 253, 255, 255, 255,
    257, 254, 255, 255, 255, 255, 254, 253, 255, 254, 257, 255, 257, 255,
    254, 258, 257, 255, 254 ]
headPositionsY: [ 83, 85, 86, 82, 80, 79, 79, 77, 75, 79, 76, 77, 77, 79,
    79, 77, 78, 77, 78, 79, 79, 81, 76, 80, 77, 79, 77, 79, 77, 79, 78,
    81, 79, 81, 77, 78, 78, 79, 78, 81, 77, 77, 79, 78, 80, 78, 76, 79,
    81, 77, 77, 80, 79, 78, 78, 80, 80, 77, 77, 80, 78, 81, 77, 80, 83,
    79, 77, 76, 75, 75, 73, 75, 75, 77, 82, 82, 86, 84, 82, 80, 75, 75,
    79, 79, 85, 83, 86, 85, 84, 80, 82, 80, 84, 81, 84, 83, 85, 80, 84,
    80 ]
