%YAML:1.0
---
videoName: "headShake40.mp4"
gestureLabel: 201
fps: 29
pixelSizeInCmTemp: 3.2808219178082193e-01
faceCenterPointX: 261
faceCenterPointY: 86
headPositionsX: [ 259, 259, 259, 262, 263, 260, 262, 262, 262, 261, 260,
    262, 261, 259, 260, 261, 262, 263, 259, 259, 261, 263, 259, 261, 262,
    257, 260, 257, 257, 256, 257, 254, 254, 253, 252, 253, 257, 259, 265,
    270, 273, 277, 282, 279, 277, 276, 271, 263, 261, 255, 249, 247, 248,
    245, 249, 252, 254, 262, 263, 269, 270, 271, 271, 269, 266, 261, 260,
    256, 258, 259, 259, 258, 257, 261, 264, 266, 264, 267, 265, 264, 263,
    266, 264, 260, 259, 257, 259, 259, 258, 257, 261, 257, 259, 260, 262,
    262, 263, 262, 262, 259 ]
headPositionsY: [ 86, 84, 83, 81, 81, 83, 85, 84, 84, 83, 85, 85, 85, 81,
    84, 86, 86, 82, 82, 81, 83, 85, 84, 84, 86, 81, 84, 84, 81, 84, 81,
    85, 84, 83, 81, 84, 82, 85, 84, 81, 83, 83, 80, 80, 80, 80, 85, 84,
    84, 84, 81, 84, 83, 82, 80, 81, 83, 82, 81, 84, 81, 82, 85, 82, 85,
    81, 83, 83, 82, 84, 84, 80, 84, 83, 80, 84, 82, 81, 81, 83, 83, 84,
    83, 84, 82, 85, 82, 82, 82, 83, 87, 87, 84, 87, 86, 87, 86, 88, 86,
    83 ]
