%YAML:1.0
---
videoName: "headLookDown1.mp4"
gestureLabel: 206
fps: 29
pixelSizeInCmTemp: 3.4710144927536229e-01
faceCenterPointX: 271
faceCenterPointY: 97
headPositionsX: [ 272, 272, 270, 273, 269, 272, 272, 269, 272, 272, 272,
    269, 269, 272, 268, 270, 272, 273, 270, 273, 272, 271, 272, 271, 270,
    271, 271, 271, 273, 268, 272, 273, 272, 270, 271, 272, 274, 271, 273,
    272, 268, 270, 273, 271, 271, 269, 270, 270, 269, 270, 270, 268, 271,
    269, 272, 271, 273, 271, 268, 272, 269, 271, 273, 273, 268, 271, 268,
    269, 270, 270, 273, 269, 273, 272, 273, 269, 274, 271, 268, 272, 272,
    271, 269, 269, 269, 269, 271, 273, 272, 269, 269, 273, 273, 273, 274,
    270, 272, 271, 271, 273 ]
headPositionsY: [ 96, 77, 75, 79, 77, 75, 78, 77, 79, 80, 77, 77, 77, 80,
    77, 80, 80, 80, 82, 77, 79, 81, 80, 79, 79, 79, 77, 80, 81, 81, 81,
    78, 80, 79, 78, 82, 79, 81, 82, 79, 81, 81, 80, 81, 86, 87, 85, 89,
    90, 93, 93, 93, 96, 97, 94, 95, 97, 98, 100, 99, 96, 98, 100, 101,
    97, 99, 96, 100, 101, 100, 97, 99, 97, 97, 99, 97, 97, 97, 98, 98,
    97, 99, 98, 98, 96, 100, 98, 97, 98, 100, 98, 98, 97, 97, 99, 100,
    96, 99, 99, 98 ]
