%YAML:1.0
---
videoName: "headLookDown2.mp4"
gestureLabel: 206
fps: 29
pixelSizeInCmTemp: 3.3732394366197183e-01
faceCenterPointX: 274
faceCenterPointY: 95
headPositionsX: [ 275, 275, 274, 276, 273, 275, 271, 274, 272, 272, 274,
    275, 275, 275, 273, 273, 272, 274, 271, 275, 271, 272, 272, 276, 273,
    273, 274, 276, 272, 274, 271, 272, 276, 274, 275, 275, 276, 276, 271,
    276, 272, 275, 273, 275, 276, 274, 275, 275, 272, 275, 273, 275, 275,
    275, 275, 275, 273, 276, 276, 274, 276, 274, 276, 275, 275, 273, 274,
    275, 275, 275, 275, 275, 275, 276, 274, 275, 277, 277, 276, 277, 277,
    274, 275, 277, 276, 276, 274, 273, 273, 276, 277, 277, 275, 273, 273,
    273, 277, 276, 274, 275 ]
headPositionsY: [ 95, 77, 77, 79, 77, 79, 80, 79, 77, 80, 77, 80, 80, 78,
    77, 79, 78, 79, 79, 78, 77, 79, 77, 77, 80, 78, 81, 77, 81, 78, 81,
    82, 79, 81, 83, 83, 83, 85, 85, 88, 85, 90, 88, 90, 92, 95, 92, 94,
    92, 92, 93, 92, 95, 94, 94, 95, 92, 94, 97, 94, 96, 96, 96, 95, 96,
    94, 93, 95, 94, 93, 96, 93, 95, 96, 93, 93, 96, 93, 96, 95, 95, 93,
    97, 97, 96, 96, 95, 97, 96, 96, 97, 94, 97, 96, 93, 93, 96, 93, 95,
    96 ]
