%YAML:1.0
---
videoName: "headLookDown7.mp4"
gestureLabel: 206
fps: 30
pixelSizeInCmTemp: 3.3732394366197183e-01
faceCenterPointX: 274
faceCenterPointY: 95
headPositionsX: [ 273, 275, 274, 274, 272, 274, 272, 271, 274, 274, 271,
    275, 274, 273, 275, 272, 275, 271, 271, 273, 273, 275, 273, 272, 274,
    273, 274, 274, 273, 272, 274, 273, 274, 273, 271, 274, 274, 271, 273,
    274, 272, 272, 272, 273, 272, 274, 273, 272, 273, 275, 272, 277, 275,
    274, 276, 274, 273, 277, 274, 274, 274, 274, 274, 276, 276, 275, 272,
    273, 274, 275, 274, 273, 273, 273, 275, 273, 276, 276, 275, 276, 275,
    276, 277, 273, 273, 274, 275, 274, 275, 278, 273, 276, 276, 274, 276,
    274, 273, 276, 276, 276 ]
headPositionsY: [ 97, 84, 84, 82, 81, 84, 83, 82, 81, 85, 84, 85, 85, 81,
    81, 83, 83, 80, 84, 82, 82, 85, 81, 83, 83, 82, 81, 85, 85, 82, 83,
    80, 84, 85, 82, 83, 83, 84, 84, 85, 83, 85, 84, 81, 82, 83, 85, 86,
    82, 83, 83, 88, 87, 86, 90, 91, 91, 92, 94, 95, 95, 93, 92, 96, 96,
    92, 97, 96, 97, 97, 93, 94, 93, 97, 94, 93, 97, 94, 95, 97, 95, 96,
    97, 98, 95, 94, 95, 94, 94, 96, 96, 95, 99, 98, 96, 98, 96, 98, 93,
    95 ]
