%YAML:1.0
---
videoName: "headShake11.mp4"
gestureLabel: 201
fps: 29
pixelSizeInCmTemp: 3.2364864864864862e-01
faceCenterPointX: 244
faceCenterPointY: 76
headPositionsX: [ 246, 243, 243, 239, 241, 240, 244, 243, 242, 243, 244,
    242, 242, 244, 240, 242, 242, 240, 242, 244, 244, 242, 240, 244, 242,
    243, 245, 246, 246, 248, 254, 256, 258, 259, 259, 263, 263, 257, 253,
    250, 243, 238, 235, 231, 228, 227, 231, 233, 236, 239, 246, 251, 255,
    257, 259, 259, 257, 255, 250, 246, 238, 233, 232, 230, 229, 234, 237,
    241, 241, 249, 253, 254, 257, 256, 259, 255, 253, 247, 247, 240, 240,
    235, 233, 236, 234, 239, 242, 244, 246, 246, 245, 247, 249, 245, 247,
    245, 245, 246, 243, 242 ]
headPositionsY: [ 74, 70, 70, 73, 70, 72, 71, 70, 71, 74, 75, 71, 71, 73,
    73, 75, 75, 73, 71, 72, 74, 75, 72, 75, 75, 74, 75, 72, 73, 73, 74,
    71, 70, 73, 70, 72, 74, 74, 71, 73, 75, 74, 74, 72, 74, 73, 73, 75,
    76, 77, 77, 76, 73, 73, 73, 71, 75, 75, 76, 75, 75, 74, 75, 75, 77,
    76, 74, 77, 75, 74, 75, 75, 73, 74, 76, 73, 76, 73, 75, 73, 77, 74,
    75, 76, 72, 74, 74, 77, 73, 77, 75, 75, 76, 72, 75, 76, 74, 78, 75,
    74 ]
