%YAML:1.0
---
videoName: "headShake49.mp4"
gestureLabel: 201
fps: 30
pixelSizeInCmTemp: 2.8855421686746985e-01
faceCenterPointX: 259
faceCenterPointY: 84
headPositionsX: [ 259, 260, 262, 261, 259, 262, 262, 258, 262, 259, 262,
    262, 259, 261, 258, 258, 260, 259, 260, 263, 262, 263, 260, 262, 259,
    258, 259, 259, 262, 262, 262, 261, 263, 266, 266, 275, 277, 280, 285,
    285, 281, 280, 273, 267, 261, 251, 247, 249, 250, 254, 260, 268, 272,
    272, 272, 265, 263, 257, 251, 249, 249, 253, 257, 260, 264, 269, 270,
    267, 262, 261, 256, 251, 255, 254, 257, 260, 268, 270, 271, 267, 265,
    263, 261, 260, 256, 258, 258, 258, 260, 261, 257, 260, 260, 262, 261,
    257, 257, 257, 261, 257 ]
headPositionsY: [ 83, 79, 83, 79, 79, 80, 79, 80, 81, 80, 79, 82, 83, 80,
    80, 82, 80, 82, 83, 82, 78, 80, 82, 80, 80, 81, 80, 81, 82, 82, 83,
    81, 80, 79, 82, 79, 80, 80, 79, 81, 81, 80, 84, 86, 86, 82, 84, 86,
    81, 84, 83, 84, 83, 85, 85, 86, 83, 85, 85, 84, 82, 85, 87, 82, 85,
    86, 85, 83, 84, 83, 83, 84, 84, 84, 86, 86, 84, 83, 82, 85, 84, 86,
    84, 84, 86, 84, 85, 82, 86, 84, 86, 84, 85, 86, 85, 85, 84, 84, 87,
    83 ]
