%YAML:1.0
---
videoName: "headLookLeft4.mp4"
gestureLabel: 203
fps: 29
pixelSizeInCmTemp: 3.4710144927536229e-01
faceCenterPointX: 288
faceCenterPointY: 74
headPositionsX: [ 289, 265, 267, 266, 265, 267, 266, 272, 272, 275, 276,
    277, 283, 286, 285, 290, 292, 295, 294, 296, 297, 291, 297, 294, 290,
    295, 293, 295, 298, 294, 295, 295, 293, 295, 291, 295, 292, 293, 294,
    293, 290, 292, 296, 297, 293, 289, 291, 291, 290, 290, 291, 292, 291,
    289, 288, 289, 288, 288, 289, 290, 289, 287, 289, 289, 289, 293, 291,
    289, 288, 291, 287, 292, 288, 294, 288, 292, 293, 287, 291, 290, 293,
    288, 291, 291, 292, 291, 287, 289, 291, 289, 288, 289, 291, 290, 288,
    288, 292, 288, 286, 290 ]
headPositionsY: [ 76, 81, 80, 78, 79, 78, 77, 79, 78, 77, 79, 76, 75, 79,
    78, 78, 79, 76, 74, 81, 73, 77, 74, 74, 77, 75, 77, 79, 75, 77, 79,
    80, 76, 77, 75, 77, 80, 76, 75, 77, 75, 74, 74, 77, 73, 73, 75, 76,
    72, 77, 72, 73, 74, 74, 73, 74, 73, 74, 75, 74, 72, 76, 77, 76, 73,
    73, 73, 75, 74, 76, 74, 73, 74, 77, 73, 76, 75, 73, 75, 72, 74, 73,
    79, 76, 73, 75, 73, 76, 75, 75, 74, 73, 78, 76, 76, 74, 77, 76, 75,
    75 ]
