%YAML:1.0
---
videoName: "headLookDown0.mp4"
gestureLabel: 206
fps: 29
pixelSizeInCmTemp: 3.3263888888888887e-01
faceCenterPointX: 273
faceCenterPointY: 93
headPositionsX: [ 273, 272, 274, 272, 274, 271, 270, 272, 272, 272, 270,
    270, 272, 273, 273, 271, 270, 273, 274, 270, 270, 274, 272, 274, 271,
    273, 270, 270, 269, 272, 270, 273, 271, 273, 272, 272, 271, 273, 269,
    273, 271, 274, 273, 270, 272, 273, 273, 270, 272, 273, 272, 271, 271,
    270, 273, 270, 274, 272, 269, 269, 270, 270, 274, 270, 273, 272, 272,
    269, 271, 272, 274, 273, 274, 269, 272, 273, 273, 270, 270, 273, 271,
    271, 272, 270, 271, 274, 273, 274, 272, 272, 274, 270, 272, 270, 270,
    274, 274, 271, 274, 273 ]
headPositionsY: [ 91, 76, 80, 79, 78, 77, 79, 82, 81, 78, 79, 82, 79, 79,
    78, 81, 77, 82, 80, 78, 79, 79, 81, 78, 81, 79, 81, 78, 78, 80, 81,
    81, 79, 80, 78, 81, 79, 80, 85, 85, 88, 87, 87, 92, 92, 94, 93, 98,
    99, 98, 96, 98, 97, 97, 98, 98, 98, 97, 94, 94, 97, 95, 98, 95, 93,
    97, 98, 96, 95, 94, 95, 97, 97, 97, 97, 98, 94, 97, 92, 94, 96, 95,
    93, 96, 96, 93, 97, 95, 95, 92, 95, 93, 96, 95, 95, 96, 96, 91, 91,
    93 ]
