%YAML:1.0
---
videoName: "headShake15.mp4"
gestureLabel: 201
fps: 29
pixelSizeInCmTemp: 3.3263888888888887e-01
faceCenterPointX: 243
faceCenterPointY: 76
headPositionsX: [ 242, 243, 241, 244, 242, 244, 245, 243, 244, 243, 244,
    245, 244, 246, 245, 244, 245, 245, 241, 242, 244, 244, 242, 244, 243,
    241, 243, 245, 241, 244, 243, 242, 240, 241, 243, 241, 242, 245, 241,
    244, 245, 241, 245, 241, 244, 241, 242, 244, 244, 241, 244, 243, 241,
    240, 240, 241, 244, 243, 241, 240, 240, 245, 244, 247, 248, 255, 255,
    260, 258, 260, 258, 251, 248, 249, 242, 237, 239, 235, 236, 238, 239,
    245, 242, 244, 247, 244, 248, 246, 247, 245, 244, 241, 243, 240, 240,
    240, 243, 245, 244, 242 ]
headPositionsY: [ 78, 74, 78, 74, 75, 77, 75, 76, 74, 77, 75, 78, 74, 75,
    72, 76, 76, 73, 73, 73, 75, 76, 78, 73, 75, 77, 75, 76, 74, 77, 73,
    76, 76, 73, 77, 75, 74, 75, 74, 75, 75, 73, 73, 78, 74, 74, 74, 73,
    75, 75, 76, 78, 74, 73, 77, 75, 74, 76, 77, 78, 78, 73, 75, 78, 75,
    73, 74, 74, 76, 74, 73, 77, 75, 75, 78, 78, 75, 73, 78, 76, 76, 77,
    77, 78, 76, 74, 79, 75, 77, 79, 77, 78, 77, 75, 77, 76, 75, 76, 78,
    76 ]
