%YAML:1.0
---
videoName: "headShake33.mp4"
gestureLabel: 201
fps: 29
pixelSizeInCmTemp: 3.2364864864864862e-01
faceCenterPointX: 244
faceCenterPointY: 84
headPositionsX: [ 245, 244, 246, 245, 244, 245, 248, 243, 247, 246, 244,
    243, 244, 246, 243, 243, 247, 242, 246, 244, 244, 248, 250, 249, 250,
    253, 255, 257, 261, 264, 263, 262, 263, 258, 261, 257, 255, 249, 246,
    239, 236, 235, 230, 231, 228, 227, 224, 225, 229, 234, 232, 238, 239,
    243, 250, 254, 258, 260, 258, 262, 258, 258, 258, 254, 252, 251, 245,
    247, 242, 236, 236, 234, 230, 229, 231, 231, 232, 234, 235, 237, 238,
    236, 242, 240, 243, 245, 244, 247, 249, 245, 245, 244, 247, 244, 245,
    245, 245, 246, 242, 245 ]
headPositionsY: [ 86, 82, 83, 85, 82, 81, 83, 84, 82, 84, 83, 84, 84, 84,
    84, 82, 80, 82, 84, 82, 83, 85, 82, 85, 81, 81, 83, 79, 82, 82, 80,
    82, 79, 82, 79, 81, 82, 84, 82, 83, 84, 81, 81, 82, 81, 81, 83, 81,
    84, 85, 81, 85, 82, 81, 85, 82, 82, 80, 80, 80, 80, 83, 81, 83, 83,
    86, 84, 83, 85, 81, 85, 85, 82, 84, 82, 81, 81, 83, 81, 84, 82, 84,
    81, 85, 85, 82, 84, 81, 81, 82, 82, 83, 81, 81, 83, 86, 83, 83, 81,
    82 ]
