%YAML:1.0
---
videoName: "headNod46.mp4"
gestureLabel: 202
fps: 30
pixelSizeInCmTemp: 2.8511904761904761e-01
faceCenterPointX: 264
faceCenterPointY: 72
headPositionsX: [ 265, 264, 266, 263, 263, 264, 266, 266, 266, 264, 266,
    263, 263, 265, 263, 266, 265, 263, 264, 266, 264, 265, 266, 268, 267,
    264, 266, 267, 266, 269, 264, 266, 264, 263, 261, 264, 259, 264, 264,
    261, 264, 261, 265, 265, 262, 260, 263, 260, 262, 261, 261, 262, 262,
    260, 265, 264, 265, 264, 265, 264, 264, 261, 261, 261, 266, 261, 262,
    265, 263, 262, 261, 263, 264, 266, 266, 265, 265, 264, 263, 265, 266,
    262, 266, 263, 261, 265, 264, 263, 261, 263, 261, 263, 263, 264, 261,
    261, 264, 263, 263, 264 ]
headPositionsY: [ 71, 68, 71, 69, 70, 69, 70, 73, 74, 76, 76, 80, 81, 81,
    86, 91, 89, 89, 86, 85, 79, 73, 76, 72, 72, 69, 71, 69, 70, 77, 78,
    84, 87, 91, 86, 82, 81, 76, 76, 69, 67, 66, 70, 71, 75, 75, 79, 85,
    86, 83, 80, 79, 75, 72, 69, 67, 66, 66, 71, 69, 73, 76, 79, 80, 76,
    75, 74, 70, 68, 68, 67, 72, 70, 76, 74, 74, 74, 71, 71, 71, 69, 69,
    71, 72, 71, 74, 73, 76, 75, 74, 73, 72, 72, 71, 71, 70, 72, 72, 70,
    74 ]
