%YAML:1.0
---
videoName: "headShake15.mp4"
gestureLabel: 201
fps: 29
pixelSizeInCmTemp: 3.3263888888888887e-01
faceCenterPointX: 243
faceCenterPointY: 76
headPositionsX: [ 245, 244, 243, 241, 246, 242, 244, 242, 241, 246, 245,
    243, 241, 242, 241, 242, 244, 244, 243, 245, 243, 244, 241, 243, 242,
    243, 241, 243, 243, 243, 241, 244, 241, 242, 242, 243, 244, 245, 240,
    245, 241, 240, 242, 244, 244, 244, 245, 240, 241, 243, 243, 242, 240,
    244, 241, 242, 243, 244, 242, 244, 243, 244, 246, 246, 248, 253, 254,
    256, 259, 260, 257, 251, 249, 245, 245, 237, 239, 237, 238, 237, 238,
    245, 243, 245, 248, 245, 245, 243, 244, 244, 244, 241, 242, 241, 244,
    244, 245, 242, 244, 244 ]
headPositionsY: [ 75, 77, 77, 74, 77, 75, 73, 78, 75, 74, 73, 77, 75, 76,
    73, 77, 75, 77, 73, 74, 76, 74, 75, 76, 75, 77, 73, 75, 76, 73, 75,
    74, 76, 76, 75, 76, 75, 77, 73, 75, 74, 76, 75, 76, 75, 75, 74, 76,
    78, 74, 75, 76, 74, 77, 74, 74, 76, 78, 78, 77, 74, 77, 77, 76, 76,
    76, 75, 73, 73, 74, 76, 77, 78, 78, 77, 74, 76, 77, 75, 77, 74, 75,
    77, 79, 78, 75, 78, 76, 75, 77, 75, 77, 77, 76, 76, 77, 75, 78, 75,
    79 ]
