%YAML:1.0
---
videoName: "headShake42.mp4"
gestureLabel: 201
fps: 29
pixelSizeInCmTemp: 3.2808219178082193e-01
faceCenterPointX: 257
faceCenterPointY: 85
headPositionsX: [ 255, 271, 274, 274, 277, 277, 280, 277, 276, 273, 271,
    271, 269, 264, 260, 256, 250, 252, 247, 245, 246, 245, 243, 241, 244,
    242, 246, 253, 256, 260, 263, 265, 273, 277, 280, 282, 278, 277, 276,
    276, 273, 268, 265, 263, 261, 258, 256, 250, 251, 250, 247, 243, 243,
    246, 246, 246, 249, 253, 256, 254, 261, 263, 262, 264, 269, 266, 267,
    271, 268, 268, 267, 268, 266, 263, 263, 265, 263, 263, 262, 259, 257,
    259, 257, 259, 256, 255, 257, 257, 257, 255, 259, 256, 257, 259, 259,
    257, 257, 259, 257, 256 ]
headPositionsY: [ 84, 85, 84, 83, 83, 81, 84, 80, 83, 80, 81, 85, 85, 82,
    85, 83, 86, 82, 85, 82, 86, 85, 84, 84, 86, 82, 84, 83, 85, 84, 86,
    86, 81, 84, 82, 85, 81, 82, 85, 85, 85, 84, 88, 84, 85, 84, 85, 85,
    84, 86, 84, 85, 87, 87, 83, 85, 87, 87, 86, 87, 86, 87, 86, 87, 83,
    88, 86, 83, 86, 86, 88, 88, 85, 86, 84, 84, 83, 83, 86, 84, 87, 87,
    84, 86, 85, 83, 85, 84, 84, 87, 85, 86, 87, 83, 84, 84, 83, 84, 82,
    85 ]
