%YAML:1.0
---
videoName: "headLookLeft0.mp4"
gestureLabel: 203
fps: 29
pixelSizeInCmTemp: 3.6287878787878786e-01
faceCenterPointX: 286
faceCenterPointY: 69
headPositionsX: [ 286, 254, 256, 255, 252, 252, 255, 252, 252, 255, 251,
    255, 254, 254, 255, 255, 253, 252, 255, 251, 255, 255, 252, 254, 254,
    253, 257, 253, 254, 254, 253, 255, 254, 254, 253, 256, 256, 258, 254,
    257, 254, 256, 258, 258, 255, 256, 253, 258, 256, 257, 256, 254, 254,
    256, 257, 256, 256, 255, 256, 254, 254, 255, 257, 253, 255, 254, 253,
    257, 253, 254, 257, 257, 253, 256, 255, 254, 258, 258, 259, 259, 262,
    265, 268, 269, 269, 273, 275, 276, 284, 279, 282, 277, 283, 281, 287,
    284, 285, 288, 284, 287 ]
headPositionsY: [ 70, 69, 67, 68, 70, 67, 66, 66, 71, 67, 68, 71, 68, 71,
    72, 70, 71, 67, 70, 68, 72, 69, 67, 68, 67, 68, 70, 70, 70, 70, 71,
    71, 68, 69, 72, 71, 71, 69, 72, 73, 71, 68, 69, 70, 71, 69, 70, 71,
    70, 73, 71, 71, 70, 72, 69, 69, 73, 71, 73, 70, 70, 70, 71, 70, 74,
    73, 71, 69, 72, 73, 70, 71, 70, 69, 70, 73, 69, 72, 73, 71, 71, 69,
    71, 72, 69, 68, 67, 69, 69, 65, 65, 69, 64, 66, 69, 70, 69, 70, 71,
    69 ]
