%YAML:1.0
---
videoName: "headShake21.mp4"
gestureLabel: 201
fps: 29
pixelSizeInCmTemp: 3.1933333333333330e-01
faceCenterPointX: 241
faceCenterPointY: 78
headPositionsX: [ 241, 246, 243, 245, 243, 242, 242, 242, 240, 242, 241,
    240, 242, 241, 240, 242, 242, 240, 245, 241, 243, 242, 243, 242, 241,
    244, 244, 243, 241, 242, 245, 243, 243, 243, 242, 245, 240, 243, 242,
    241, 243, 242, 240, 241, 240, 242, 241, 244, 241, 243, 244, 241, 240,
    243, 240, 243, 240, 242, 240, 243, 243, 240, 240, 239, 241, 238, 237,
    241, 245, 249, 251, 254, 249, 249, 244, 243, 239, 233, 231, 235, 238,
    236, 238, 240, 242, 244, 243, 244, 239, 238, 237, 236, 238, 239, 241,
    243, 242, 243, 240, 240 ]
headPositionsY: [ 78, 81, 79, 77, 75, 74, 72, 71, 73, 70, 71, 69, 70, 71,
    69, 71, 69, 73, 70, 71, 73, 72, 71, 71, 73, 74, 76, 75, 74, 77, 77,
    78, 76, 77, 78, 77, 76, 78, 79, 76, 76, 78, 79, 76, 79, 76, 76, 78,
    76, 76, 80, 80, 76, 76, 79, 78, 80, 75, 79, 80, 79, 78, 78, 80, 78,
    81, 79, 77, 78, 78, 76, 76, 78, 76, 77, 80, 80, 80, 79, 78, 77, 80,
    76, 79, 76, 77, 77, 78, 76, 77, 81, 80, 81, 78, 78, 76, 77, 80, 77,
    77 ]
