%YAML:1.0
---
videoName: "headNod39.mp4"
gestureLabel: 202
fps: 29
pixelSizeInCmTemp: 2.9937500000000000e-01
faceCenterPointX: 268
faceCenterPointY: 78
headPositionsX: [ 267, 266, 269, 269, 269, 270, 269, 266, 270, 266, 270,
    266, 269, 268, 271, 267, 268, 267, 267, 271, 268, 267, 271, 267, 271,
    271, 270, 269, 269, 270, 270, 270, 266, 268, 271, 270, 267, 271, 268,
    269, 267, 269, 270, 266, 268, 270, 268, 268, 268, 268, 267, 265, 266,
    270, 266, 265, 268, 265, 267, 268, 266, 265, 265, 269, 268, 265, 266,
    267, 266, 266, 267, 265, 268, 267, 267, 268, 269, 265, 266, 265, 267,
    266, 268, 268, 265, 270, 266, 266, 267, 266, 268, 268, 269, 266, 267,
    266, 266, 268, 269, 264 ]
headPositionsY: [ 80, 76, 75, 77, 75, 75, 76, 74, 74, 74, 77, 77, 77, 76,
    76, 74, 74, 76, 74, 75, 75, 77, 78, 75, 76, 74, 79, 75, 78, 77, 76,
    77, 74, 77, 77, 78, 77, 79, 81, 79, 82, 83, 84, 85, 82, 84, 81, 76,
    75, 73, 73, 74, 74, 76, 76, 84, 86, 93, 92, 91, 85, 79, 78, 76, 72,
    74, 75, 75, 76, 78, 80, 82, 82, 80, 78, 75, 74, 76, 75, 78, 79, 80,
    81, 83, 81, 78, 80, 78, 81, 76, 76, 78, 79, 76, 80, 78, 79, 76, 76,
    79 ]
