%YAML:1.0
---
videoName: "headNod39.mp4"
gestureLabel: 202
fps: 29
pixelSizeInCmTemp: 2.9937500000000000e-01
faceCenterPointX: 268
faceCenterPointY: 78
headPositionsX: [ 267, 267, 267, 267, 268, 270, 271, 268, 268, 267, 269,
    268, 267, 268, 270, 268, 271, 268, 268, 271, 267, 268, 270, 269, 268,
    269, 271, 269, 270, 268, 267, 268, 266, 270, 269, 266, 266, 267, 270,
    268, 269, 268, 269, 269, 268, 269, 270, 268, 265, 267, 268, 268, 265,
    267, 268, 268, 266, 268, 267, 267, 267, 264, 267, 268, 266, 267, 266,
    269, 268, 267, 266, 269, 268, 268, 266, 266, 269, 267, 267, 267, 266,
    268, 267, 266, 266, 270, 266, 266, 268, 267, 267, 268, 269, 268, 265,
    269, 267, 266, 266, 266 ]
headPositionsY: [ 76, 77, 76, 74, 77, 77, 76, 74, 75, 77, 75, 78, 75, 78,
    76, 74, 76, 77, 74, 75, 78, 79, 77, 76, 77, 74, 78, 75, 75, 76, 76,
    78, 78, 76, 75, 78, 76, 77, 79, 78, 81, 82, 86, 88, 83, 81, 80, 74,
    77, 75, 75, 73, 73, 75, 78, 82, 90, 89, 91, 90, 86, 80, 78, 76, 73,
    75, 72, 77, 77, 79, 84, 85, 81, 83, 76, 78, 77, 77, 74, 76, 79, 81,
    79, 83, 81, 82, 79, 78, 78, 76, 79, 79, 79, 80, 78, 76, 77, 78, 80,
    76 ]
