%YAML:1.0
---
videoName: "headNod47.mp4"
gestureLabel: 202
fps: 29
pixelSizeInCmTemp: 3.0316455696202532e-01
faceCenterPointX: 266
faceCenterPointY: 70
headPositionsX: [ 268, 267, 266, 267, 269, 266, 267, 264, 265, 266, 264,
    266, 264, 264, 266, 263, 265, 263, 264, 266, 266, 264, 263, 268, 265,
    264, 266, 265, 266, 267, 269, 268, 268, 268, 265, 268, 268, 266, 267,
    268, 265, 265, 270, 268, 269, 268, 264, 264, 268, 265, 265, 269, 264,
    266, 269, 269, 265, 269, 268, 267, 266, 268, 266, 268, 265, 265, 268,
    269, 267, 267, 266, 268, 266, 268, 267, 265, 267, 267, 265, 269, 267,
    264, 265, 264, 268, 263, 265, 267, 267, 267, 264, 264, 267, 264, 267,
    266, 268, 264, 266, 264 ]
headPositionsY: [ 72, 62, 59, 57, 61, 57, 60, 60, 64, 68, 71, 76, 82, 82,
    81, 76, 74, 69, 70, 67, 65, 66, 66, 69, 70, 76, 74, 78, 77, 75, 73,
    72, 71, 70, 69, 66, 67, 73, 73, 75, 77, 79, 79, 79, 75, 75, 72, 67,
    68, 66, 70, 71, 73, 72, 74, 77, 75, 72, 71, 68, 68, 68, 66, 68, 68,
    68, 73, 74, 72, 75, 75, 72, 74, 69, 68, 70, 68, 66, 72, 71, 75, 74,
    75, 74, 71, 70, 69, 72, 69, 70, 68, 69, 73, 71, 72, 73, 70, 72, 69,
    69 ]
