%YAML:1.0
---
videoName: "headNod9.mp4"
gestureLabel: 202
fps: 29
pixelSizeInCmTemp: 3.1513157894736843e-01
faceCenterPointX: 261
faceCenterPointY: 75
headPositionsX: [ 262, 260, 259, 259, 259, 259, 259, 260, 260, 261, 259,
    262, 263, 258, 260, 260, 260, 259, 261, 260, 260, 263, 262, 262, 262,
    258, 261, 259, 260, 263, 262, 261, 261, 261, 262, 259, 260, 258, 260,
    263, 263, 263, 261, 260, 260, 258, 257, 258, 261, 261, 258, 262, 259,
    262, 261, 259, 261, 258, 259, 262, 261, 261, 259, 261, 260, 261, 259,
    260, 258, 261, 258, 258, 258, 261, 262, 261, 261, 260, 257, 257, 260,
    260, 260, 258, 257, 258, 258, 257, 259, 260, 259, 260, 262, 261, 262,
    260, 259, 258, 258, 261 ]
headPositionsY: [ 77, 75, 73, 76, 74, 76, 77, 74, 73, 75, 76, 78, 75, 77,
    75, 73, 74, 73, 76, 76, 77, 73, 73, 78, 76, 75, 74, 76, 77, 74, 76,
    75, 80, 82, 82, 80, 79, 76, 77, 74, 73, 72, 75, 79, 84, 86, 85, 86,
    82, 80, 77, 75, 77, 77, 81, 86, 85, 83, 82, 77, 75, 72, 72, 74, 75,
    81, 81, 85, 83, 81, 79, 76, 74, 73, 70, 72, 71, 74, 79, 78, 79, 82,
    84, 79, 80, 77, 78, 73, 76, 75, 73, 71, 74, 73, 77, 73, 73, 72, 76,
    75 ]
