%YAML:1.0
---
videoName: "headNod11.mp4"
gestureLabel: 202
fps: 29
pixelSizeInCmTemp: 3.2364864864864862e-01
faceCenterPointX: 261
faceCenterPointY: 75
headPositionsX: [ 263, 259, 258, 257, 257, 259, 257, 262, 256, 259, 260,
    260, 260, 260, 259, 259, 261, 259, 261, 260, 259, 262, 258, 261, 263,
    261, 259, 258, 262, 261, 258, 259, 259, 261, 261, 260, 263, 261, 262,
    262, 262, 261, 261, 259, 259, 261, 261, 261, 260, 259, 262, 258, 263,
    259, 261, 260, 262, 260, 259, 262, 260, 260, 259, 256, 260, 260, 258,
    259, 258, 259, 257, 257, 260, 258, 260, 256, 256, 256, 259, 259, 259,
    260, 259, 259, 258, 257, 259, 260, 259, 260, 261, 260, 261, 257, 261,
    262, 262, 259, 262, 261 ]
headPositionsY: [ 75, 74, 73, 75, 75, 77, 74, 73, 72, 74, 74, 73, 75, 76,
    75, 74, 75, 73, 72, 76, 72, 76, 76, 77, 75, 76, 76, 75, 75, 77, 74,
    77, 77, 76, 73, 75, 75, 77, 77, 73, 74, 74, 77, 77, 75, 73, 75, 72,
    73, 70, 70, 70, 67, 67, 69, 72, 72, 77, 75, 79, 80, 80, 75, 71, 71,
    71, 69, 67, 70, 70, 73, 78, 78, 79, 82, 80, 81, 78, 74, 72, 69, 72,
    69, 73, 76, 76, 79, 80, 78, 78, 80, 80, 76, 79, 76, 77, 76, 74, 77,
    73 ]
