%YAML:1.0
---
videoName: "headLookUp2.mp4"
gestureLabel: 205
fps: 29
pixelSizeInCmTemp: 3.7421874999999999e-01
faceCenterPointX: 254
faceCenterPointY: 67
headPositionsX: [ 254, 254, 255, 254, 257, 257, 258, 253, 255, 255, 256,
    253, 257, 255, 254, 254, 253, 254, 256, 255, 254, 255, 256, 253, 254,
    256, 253, 254, 253, 256, 253, 257, 256, 255, 254, 256, 255, 253, 256,
    254, 254, 253, 255, 256, 256, 255, 253, 255, 256, 257, 254, 253, 255,
    256, 254, 256, 255, 252, 255, 256, 255, 252, 253, 250, 253, 252, 253,
    252, 255, 254, 254, 253, 250, 253, 255, 254, 254, 254, 251, 256, 254,
    253, 255, 251, 258, 255, 254, 255, 256, 256, 253, 251, 254, 257, 255,
    255, 256, 253, 253, 255 ]
headPositionsY: [ 67, 82, 80, 83, 80, 83, 80, 81, 80, 83, 83, 79, 83, 83,
    80, 79, 81, 81, 81, 80, 81, 82, 78, 82, 83, 79, 79, 83, 82, 83, 81,
    83, 81, 81, 81, 79, 79, 80, 78, 80, 78, 80, 77, 78, 75, 74, 74, 72,
    69, 71, 68, 66, 70, 70, 66, 70, 68, 68, 67, 67, 66, 68, 68, 66, 69,
    69, 70, 70, 67, 67, 66, 64, 67, 71, 71, 70, 66, 71, 70, 68, 69, 68,
    69, 65, 70, 68, 65, 66, 68, 69, 70, 68, 66, 70, 68, 66, 67, 65, 67,
    68 ]
