%YAML:1.0
---
videoName: "headNod32.mp4"
gestureLabel: 202
fps: 29
pixelSizeInCmTemp: 2.8855421686746985e-01
faceCenterPointX: 266
faceCenterPointY: 74
headPositionsX: [ 264, 269, 266, 267, 270, 268, 265, 267, 264, 268, 264,
    266, 263, 263, 268, 267, 266, 264, 266, 264, 267, 265, 268, 267, 266,
    266, 264, 265, 266, 268, 266, 266, 268, 266, 268, 268, 267, 266, 266,
    269, 268, 269, 265, 266, 269, 265, 270, 266, 268, 268, 265, 265, 266,
    268, 267, 269, 266, 267, 269, 268, 269, 268, 265, 268, 268, 266, 269,
    266, 267, 265, 267, 267, 268, 265, 268, 268, 265, 267, 266, 263, 265,
    266, 264, 267, 263, 268, 268, 265, 269, 265, 269, 265, 269, 268, 267,
    264, 266, 265, 268, 264 ]
headPositionsY: [ 74, 77, 76, 77, 80, 80, 80, 79, 78, 79, 76, 79, 78, 80,
    78, 80, 75, 76, 79, 79, 75, 76, 78, 77, 76, 76, 79, 76, 79, 79, 78,
    78, 77, 78, 79, 76, 79, 75, 76, 76, 76, 80, 76, 76, 79, 79, 76, 76,
    80, 79, 77, 75, 80, 79, 77, 75, 77, 76, 76, 73, 68, 70, 67, 67, 66,
    69, 68, 73, 80, 81, 87, 86, 90, 85, 81, 78, 74, 74, 73, 70, 69, 71,
    70, 70, 71, 76, 72, 74, 72, 73, 77, 74, 75, 76, 73, 74, 73, 72, 77,
    76 ]
