%YAML:1.0
---
videoName: "headNod16.mp4"
gestureLabel: 202
fps: 29
pixelSizeInCmTemp: 3.3263888888888887e-01
faceCenterPointX: 255
faceCenterPointY: 77
headPositionsX: [ 255, 261, 257, 258, 261, 257, 257, 262, 258, 257, 259,
    258, 259, 259, 260, 260, 258, 256, 261, 258, 259, 260, 257, 256, 258,
    259, 258, 259, 260, 261, 258, 259, 257, 260, 261, 258, 259, 260, 262,
    261, 261, 258, 259, 258, 259, 256, 257, 259, 257, 259, 257, 260, 257,
    259, 257, 257, 257, 256, 258, 257, 257, 258, 258, 256, 257, 257, 253,
    257, 254, 254, 258, 253, 253, 255, 254, 252, 252, 255, 253, 253, 256,
    254, 254, 255, 255, 257, 255, 254, 254, 255, 256, 258, 254, 256, 252,
    256, 254, 254, 256, 256 ]
headPositionsY: [ 76, 73, 75, 74, 74, 74, 75, 72, 75, 74, 75, 77, 74, 72,
    73, 73, 74, 73, 73, 75, 75, 72, 75, 76, 76, 73, 75, 73, 74, 77, 75,
    76, 74, 72, 76, 73, 72, 69, 69, 66, 70, 71, 70, 74, 76, 78, 81, 83,
    81, 79, 78, 73, 69, 71, 70, 71, 73, 76, 75, 79, 80, 83, 83, 80, 77,
    73, 75, 70, 72, 71, 69, 76, 73, 79, 82, 77, 81, 78, 75, 74, 69, 71,
    71, 68, 70, 73, 76, 78, 77, 76, 77, 78, 76, 76, 76, 76, 76, 74, 76,
    76 ]
