%YAML:1.0
---
videoName: "headNod16.mp4"
gestureLabel: 202
fps: 29
pixelSizeInCmTemp: 3.3263888888888887e-01
faceCenterPointX: 255
faceCenterPointY: 77
headPositionsX: [ 256, 257, 261, 261, 260, 260, 260, 260, 256, 258, 261,
    261, 259, 258, 260, 261, 261, 259, 261, 256, 260, 258, 257, 259, 261,
    257, 259, 257, 257, 257, 259, 260, 261, 259, 261, 257, 258, 260, 262,
    258, 260, 259, 258, 260, 262, 259, 258, 260, 257, 255, 255, 256, 259,
    256, 260, 260, 258, 260, 260, 257, 258, 258, 256, 256, 258, 253, 253,
    255, 257, 258, 254, 256, 256, 253, 256, 252, 252, 255, 257, 257, 255,
    254, 252, 255, 257, 256, 253, 255, 257, 257, 256, 256, 256, 258, 253,
    253, 254, 253, 253, 257 ]
headPositionsY: [ 75, 77, 75, 73, 77, 73, 75, 72, 74, 76, 77, 78, 77, 74,
    75, 72, 74, 75, 75, 76, 76, 73, 77, 75, 78, 73, 73, 77, 72, 73, 75,
    72, 75, 72, 77, 74, 72, 72, 67, 67, 69, 68, 73, 75, 77, 76, 82, 81,
    80, 79, 74, 75, 70, 68, 68, 72, 72, 77, 75, 82, 82, 83, 83, 79, 79,
    76, 73, 68, 72, 72, 73, 75, 77, 79, 80, 81, 79, 76, 75, 73, 70, 71,
    67, 69, 72, 73, 74, 78, 78, 77, 76, 75, 75, 75, 76, 76, 78, 75, 78,
    78 ]
