%YAML:1.0
---
videoName: "headShake29.mp4"
gestureLabel: 201
fps: 29
pixelSizeInCmTemp: 3.3263888888888887e-01
faceCenterPointX: 243
faceCenterPointY: 76
headPositionsX: [ 242, 243, 244, 245, 243, 244, 240, 240, 242, 244, 243,
    245, 241, 245, 243, 241, 242, 240, 245, 244, 241, 243, 242, 242, 239,
    240, 241, 237, 238, 237, 245, 245, 249, 252, 255, 254, 256, 253, 247,
    242, 237, 234, 229, 226, 228, 229, 231, 240, 243, 248, 249, 250, 250,
    252, 251, 248, 239, 239, 232, 232, 231, 230, 230, 232, 236, 242, 246,
    252, 251, 254, 253, 250, 247, 244, 245, 241, 235, 235, 236, 233, 234,
    234, 235, 236, 239, 239, 237, 241, 240, 241, 242, 241, 243, 243, 241,
    242, 245, 241, 240, 241 ]
headPositionsY: [ 75, 77, 73, 77, 76, 75, 73, 74, 74, 73, 74, 76, 74, 75,
    75, 74, 77, 75, 75, 74, 74, 79, 76, 77, 78, 77, 78, 74, 74, 75, 77,
    76, 76, 74, 75, 76, 75, 76, 75, 78, 75, 78, 77, 76, 78, 75, 73, 75,
    76, 75, 78, 76, 75, 75, 76, 75, 77, 77, 78, 78, 74, 75, 75, 76, 80,
    77, 75, 76, 73, 76, 76, 75, 75, 77, 78, 76, 73, 78, 78, 76, 73, 75,
    75, 74, 78, 75, 76, 76, 78, 74, 77, 78, 77, 75, 79, 75, 77, 74, 78,
    77 ]
