%YAML:1.0
---
videoName: "headLookLeft0.mp4"
gestureLabel: 203
fps: 29
pixelSizeInCmTemp: 3.6287878787878786e-01
faceCenterPointX: 286
faceCenterPointY: 69
headPositionsX: [ 284, 255, 256, 256, 256, 254, 254, 253, 252, 252, 253,
    253, 251, 253, 251, 252, 253, 255, 255, 254, 253, 256, 256, 257, 252,
    253, 256, 256, 254, 256, 255, 254, 255, 255, 256, 255, 254, 256, 253,
    254, 257, 257, 258, 258, 255, 254, 254, 254, 258, 256, 257, 255, 253,
    256, 256, 253, 256, 256, 254, 254, 253, 254, 255, 255, 255, 255, 254,
    254, 255, 255, 253, 256, 256, 256, 253, 257, 258, 258, 256, 259, 262,
    263, 266, 269, 270, 272, 273, 276, 281, 278, 280, 274, 283, 284, 284,
    284, 286, 286, 288, 287 ]
headPositionsY: [ 67, 67, 68, 70, 67, 67, 70, 66, 70, 68, 71, 68, 70, 69,
    69, 70, 67, 71, 71, 70, 71, 67, 71, 70, 71, 72, 72, 70, 68, 68, 70,
    70, 72, 69, 71, 73, 69, 71, 69, 70, 68, 72, 70, 71, 72, 69, 69, 72,
    73, 73, 69, 73, 70, 69, 72, 69, 71, 71, 72, 70, 73, 69, 71, 69, 73,
    73, 72, 72, 71, 70, 70, 69, 71, 70, 71, 74, 69, 71, 72, 71, 69, 69,
    73, 69, 69, 67, 70, 70, 72, 69, 68, 65, 68, 68, 71, 68, 67, 67, 70,
    71 ]
