%YAML:1.0
---
videoName: "headNod33.mp4"
gestureLabel: 202
fps: 29
pixelSizeInCmTemp: 2.9567901234567900e-01
faceCenterPointX: 268
faceCenterPointY: 74
headPositionsX: [ 266, 269, 268, 270, 267, 271, 268, 272, 272, 271, 270,
    272, 271, 269, 269, 272, 270, 271, 269, 272, 272, 272, 272, 267, 271,
    271, 269, 269, 268, 267, 269, 271, 268, 271, 271, 267, 271, 271, 269,
    268, 271, 267, 269, 268, 270, 269, 270, 268, 269, 267, 270, 266, 268,
    268, 268, 268, 269, 268, 269, 269, 268, 269, 267, 266, 268, 265, 268,
    270, 267, 266, 265, 265, 267, 270, 270, 268, 267, 271, 267, 269, 267,
    270, 268, 269, 266, 267, 266, 266, 269, 265, 269, 268, 268, 268, 269,
    269, 270, 270, 267, 266 ]
headPositionsY: [ 73, 71, 72, 73, 69, 70, 74, 72, 70, 71, 70, 72, 70, 70,
    70, 69, 72, 71, 74, 71, 74, 71, 71, 70, 70, 70, 71, 72, 72, 73, 74,
    71, 75, 72, 74, 78, 79, 76, 74, 72, 68, 70, 65, 65, 64, 64, 69, 76,
    80, 83, 81, 81, 80, 76, 74, 75, 70, 70, 72, 69, 67, 69, 70, 74, 75,
    77, 78, 80, 77, 78, 73, 72, 75, 71, 70, 70, 72, 72, 73, 74, 76, 74,
    76, 80, 80, 78, 78, 78, 76, 77, 73, 76, 77, 74, 77, 77, 76, 73, 77,
    75 ]
