%YAML:1.0
---
videoName: "headNod4.mp4"
gestureLabel: 202
fps: 29
pixelSizeInCmTemp: 3.2808219178082193e-01
faceCenterPointX: 264
faceCenterPointY: 72
headPositionsX: [ 265, 269, 271, 270, 271, 272, 271, 270, 269, 272, 269,
    267, 268, 266, 269, 270, 267, 268, 269, 270, 266, 268, 266, 270, 268,
    269, 270, 269, 267, 266, 268, 267, 270, 265, 267, 266, 265, 269, 266,
    268, 269, 268, 264, 269, 269, 268, 269, 266, 269, 266, 266, 270, 269,
    269, 268, 268, 268, 264, 266, 265, 264, 267, 267, 265, 265, 265, 267,
    265, 265, 263, 266, 264, 266, 266, 264, 266, 266, 263, 266, 266, 265,
    263, 263, 263, 263, 265, 262, 266, 266, 263, 263, 263, 265, 265, 262,
    266, 265, 266, 262, 266 ]
headPositionsY: [ 71, 75, 76, 76, 72, 73, 76, 72, 74, 77, 72, 75, 73, 74,
    73, 73, 72, 75, 75, 76, 73, 73, 76, 76, 75, 76, 74, 76, 73, 77, 74,
    74, 74, 76, 77, 73, 76, 74, 74, 73, 77, 72, 76, 74, 73, 68, 69, 65,
    66, 65, 65, 68, 70, 75, 75, 80, 82, 82, 79, 79, 75, 73, 71, 68, 70,
    70, 72, 78, 80, 83, 82, 83, 83, 79, 73, 73, 72, 70, 68, 69, 70, 70,
    74, 78, 81, 83, 81, 81, 84, 83, 80, 81, 78, 79, 78, 79, 73, 73, 72,
    76 ]
