%YAML:1.0
---
videoName: "headNod46.mp4"
gestureLabel: 202
fps: 30
pixelSizeInCmTemp: 2.8511904761904761e-01
faceCenterPointX: 264
faceCenterPointY: 72
headPositionsX: [ 262, 263, 263, 264, 265, 263, 263, 267, 267, 262, 264,
    263, 263, 266, 262, 263, 264, 262, 266, 264, 264, 266, 266, 266, 264,
    268, 265, 265, 269, 267, 268, 266, 267, 265, 262, 264, 260, 262, 260,
    262, 262, 263, 261, 262, 262, 264, 260, 264, 260, 263, 260, 264, 263,
    264, 261, 261, 264, 261, 264, 264, 262, 262, 261, 265, 265, 262, 264,
    264, 264, 265, 264, 263, 263, 263, 265, 264, 263, 263, 267, 265, 266,
    265, 264, 266, 265, 261, 264, 261, 261, 264, 265, 265, 261, 266, 264,
    265, 261, 265, 262, 262 ]
headPositionsY: [ 71, 69, 70, 71, 66, 70, 68, 69, 71, 76, 74, 79, 82, 81,
    89, 89, 88, 90, 87, 86, 81, 75, 74, 69, 72, 69, 69, 70, 73, 73, 82,
    84, 89, 90, 90, 82, 81, 75, 76, 70, 67, 70, 67, 70, 75, 75, 80, 86,
    86, 85, 81, 78, 75, 70, 68, 66, 69, 67, 67, 70, 74, 76, 76, 76, 75,
    73, 72, 69, 69, 70, 70, 71, 71, 75, 75, 76, 77, 75, 71, 72, 69, 71,
    70, 72, 73, 75, 76, 74, 74, 74, 73, 69, 69, 70, 72, 73, 71, 72, 73,
    71 ]
