%YAML:1.0
---
videoName: "headShake6.mp4"
gestureLabel: 201
fps: 29
pixelSizeInCmTemp: 3.2808219178082193e-01
faceCenterPointX: 244
faceCenterPointY: 68
headPositionsX: [ 246, 243, 246, 246, 244, 246, 243, 243, 248, 242, 246,
    243, 246, 245, 246, 244, 247, 246, 242, 245, 247, 246, 245, 242, 243,
    243, 245, 246, 248, 251, 254, 257, 260, 261, 263, 260, 259, 252, 246,
    242, 238, 231, 230, 231, 233, 241, 242, 249, 252, 256, 256, 257, 254,
    253, 250, 242, 239, 233, 229, 230, 233, 233, 236, 242, 247, 246, 252,
    254, 250, 248, 248, 241, 244, 241, 239, 237, 238, 241, 241, 238, 240,
    244, 245, 245, 242, 245, 243, 244, 244, 243, 242, 242, 245, 244, 242,
    245, 243, 244, 245, 243 ]
headPositionsY: [ 67, 68, 64, 66, 68, 68, 68, 67, 68, 67, 65, 66, 67, 66,
    67, 64, 65, 69, 65, 65, 66, 65, 66, 67, 69, 67, 66, 65, 66, 68, 64,
    65, 66, 63, 67, 65, 65, 66, 66, 69, 70, 69, 67, 67, 70, 69, 70, 70,
    66, 66, 67, 67, 69, 68, 66, 71, 69, 68, 66, 67, 70, 66, 70, 66, 67,
    67, 70, 67, 69, 66, 69, 68, 68, 67, 68, 68, 67, 67, 67, 68, 68, 70,
    67, 70, 70, 66, 69, 67, 69, 71, 67, 69, 67, 70, 68, 68, 70, 67, 66,
    67 ]
