%YAML:1.0
---
videoName: "headLookLeft4.mp4"
gestureLabel: 203
fps: 29
pixelSizeInCmTemp: 3.4710144927536229e-01
faceCenterPointX: 288
faceCenterPointY: 74
headPositionsX: [ 290, 264, 266, 267, 268, 267, 268, 269, 273, 275, 277,
    280, 281, 286, 287, 291, 295, 292, 298, 296, 295, 292, 296, 295, 292,
    296, 291, 299, 299, 296, 293, 293, 292, 293, 294, 295, 295, 295, 297,
    292, 293, 292, 294, 296, 295, 291, 288, 293, 288, 291, 290, 291, 289,
    290, 290, 286, 288, 289, 289, 291, 290, 290, 289, 289, 287, 290, 289,
    288, 288, 290, 287, 290, 290, 290, 288, 288, 290, 288, 291, 291, 290,
    289, 292, 293, 291, 289, 288, 289, 290, 293, 291, 287, 292, 290, 289,
    290, 289, 289, 289, 287 ]
headPositionsY: [ 72, 81, 78, 78, 79, 81, 77, 78, 76, 76, 76, 78, 75, 78,
    79, 78, 76, 76, 74, 79, 76, 78, 77, 77, 76, 75, 78, 77, 77, 78, 79,
    76, 78, 76, 76, 74, 78, 73, 75, 76, 75, 74, 76, 77, 75, 73, 76, 78,
    72, 74, 76, 74, 74, 75, 72, 73, 73, 73, 71, 75, 75, 76, 77, 72, 76,
    75, 72, 76, 76, 75, 72, 72, 75, 76, 75, 76, 78, 76, 75, 76, 76, 76,
    76, 76, 76, 73, 72, 77, 77, 77, 77, 73, 75, 74, 75, 75, 75, 76, 76,
    77 ]
