%YAML:1.0
---
videoName: "headLookUp1.mp4"
gestureLabel: 205
fps: 29
pixelSizeInCmTemp: 3.7421874999999999e-01
faceCenterPointX: 258
faceCenterPointY: 66
headPositionsX: [ 256, 258, 257, 260, 259, 257, 258, 258, 257, 258, 259,
    257, 258, 257, 257, 259, 259, 257, 260, 258, 261, 260, 259, 256, 257,
    258, 260, 261, 257, 256, 259, 260, 259, 258, 260, 257, 259, 257, 260,
    260, 257, 259, 260, 258, 260, 257, 258, 261, 258, 258, 258, 258, 257,
    257, 258, 254, 260, 254, 256, 258, 260, 258, 258, 256, 258, 259, 260,
    260, 256, 256, 259, 259, 260, 259, 256, 258, 261, 260, 259, 257, 259,
    255, 261, 260, 260, 261, 259, 257, 260, 257, 260, 258, 259, 256, 260,
    259, 256, 258, 255, 260 ]
headPositionsY: [ 67, 81, 83, 80, 80, 79, 81, 82, 82, 81, 82, 81, 81, 83,
    80, 81, 83, 80, 79, 83, 83, 83, 82, 78, 80, 82, 80, 80, 82, 80, 80,
    83, 80, 83, 82, 78, 82, 82, 80, 78, 81, 78, 79, 74, 72, 72, 70, 67,
    66, 69, 67, 65, 66, 66, 67, 64, 69, 63, 65, 65, 67, 66, 66, 64, 68,
    62, 67, 65, 65, 65, 65, 67, 67, 66, 69, 65, 65, 65, 65, 66, 66, 65,
    67, 64, 63, 68, 65, 65, 66, 63, 64, 70, 67, 65, 66, 64, 66, 65, 65,
    66 ]
