%YAML:1.0
---
videoName: "headLookDown7.mp4"
gestureLabel: 206
fps: 30
pixelSizeInCmTemp: 3.3732394366197183e-01
faceCenterPointX: 274
faceCenterPointY: 95
headPositionsX: [ 276, 276, 273, 275, 274, 274, 275, 274, 275, 272, 273,
    275, 274, 274, 274, 275, 274, 274, 275, 274, 272, 271, 273, 273, 276,
    275, 274, 275, 276, 272, 272, 272, 272, 273, 274, 274, 272, 273, 271,
    273, 273, 271, 272, 271, 275, 273, 273, 272, 271, 276, 276, 275, 273,
    275, 272, 273, 274, 273, 276, 277, 277, 273, 274, 274, 275, 275, 274,
    275, 275, 275, 272, 275, 274, 273, 276, 272, 272, 272, 273, 276, 276,
    273, 274, 276, 275, 275, 277, 273, 276, 276, 276, 273, 276, 272, 276,
    277, 276, 274, 274, 276 ]
headPositionsY: [ 94, 81, 82, 82, 81, 80, 80, 83, 82, 84, 81, 83, 83, 84,
    81, 80, 84, 83, 81, 82, 84, 84, 80, 82, 84, 85, 82, 83, 84, 85, 85,
    84, 83, 84, 80, 83, 85, 84, 82, 82, 82, 84, 83, 85, 82, 83, 81, 83,
    84, 83, 86, 85, 86, 88, 87, 89, 91, 90, 94, 92, 92, 93, 96, 97, 96,
    94, 96, 97, 93, 97, 93, 96, 94, 95, 97, 95, 96, 97, 93, 97, 98, 93,
    96, 95, 94, 95, 97, 96, 94, 97, 95, 97, 98, 94, 96, 99, 94, 98, 93,
    97 ]
