%YAML:1.0
---
videoName: "headLookLeft2.mp4"
gestureLabel: 203
fps: 29
pixelSizeInCmTemp: 3.6846153846153845e-01
faceCenterPointX: 278
faceCenterPointY: 74
headPositionsX: [ 280, 256, 257, 259, 261, 260, 258, 258, 261, 259, 261,
    260, 260, 259, 260, 259, 261, 262, 260, 264, 261, 267, 265, 269, 268,
    269, 272, 272, 276, 274, 279, 278, 274, 277, 277, 279, 280, 280, 280,
    279, 281, 279, 281, 282, 281, 281, 283, 284, 285, 282, 281, 284, 283,
    280, 278, 279, 278, 272, 277, 279, 283, 278, 279, 281, 280, 279, 278,
    283, 282, 281, 282, 281, 280, 276, 276, 281, 279, 281, 280, 281, 279,
    281, 279, 280, 281, 280, 284, 277, 278, 280, 282, 277, 282, 278, 277,
    277, 282, 279, 286, 279 ]
headPositionsY: [ 73, 72, 76, 77, 74, 76, 77, 77, 76, 74, 73, 78, 76, 76,
    75, 75, 77, 75, 77, 77, 74, 76, 77, 76, 73, 75, 72, 77, 73, 76, 72,
    75, 71, 74, 73, 76, 74, 73, 74, 72, 73, 74, 74, 76, 73, 74, 73, 77,
    76, 74, 72, 75, 74, 77, 74, 73, 73, 74, 71, 74, 75, 72, 76, 75, 74,
    73, 76, 75, 75, 75, 74, 76, 73, 74, 72, 76, 72, 76, 72, 74, 73, 71,
    76, 76, 76, 73, 74, 74, 74, 75, 75, 76, 74, 74, 71, 75, 73, 75, 74,
    73 ]
