%YAML:1.0
---
videoName: "headShake37.mp4"
gestureLabel: 201
fps: 30
pixelSizeInCmTemp: 3.1933333333333330e-01
faceCenterPointX: 263
faceCenterPointY: 83
headPositionsX: [ 263, 261, 259, 261, 262, 262, 259, 262, 261, 264, 265,
    260, 264, 262, 265, 262, 262, 261, 262, 263, 264, 264, 262, 264, 263,
    262, 261, 260, 261, 263, 261, 263, 263, 260, 260, 262, 261, 263, 261,
    260, 263, 263, 260, 263, 260, 263, 259, 263, 266, 268, 275, 279, 280,
    283, 283, 279, 272, 264, 259, 257, 252, 254, 257, 258, 262, 268, 271,
    270, 272, 273, 270, 263, 259, 256, 252, 253, 254, 254, 256, 256, 257,
    261, 262, 264, 264, 264, 264, 265, 267, 264, 263, 265, 262, 263, 261,
    261, 262, 265, 264, 264 ]
headPositionsY: [ 81, 84, 85, 86, 81, 85, 85, 82, 84, 85, 83, 84, 84, 84,
    84, 83, 82, 81, 83, 85, 85, 85, 85, 81, 85, 85, 82, 82, 84, 84, 82,
    86, 83, 81, 85, 84, 84, 81, 84, 83, 84, 82, 82, 81, 82, 83, 83, 85,
    82, 82, 82, 79, 80, 79, 79, 83, 83, 82, 82, 81, 81, 81, 82, 81, 81,
    82, 80, 79, 79, 81, 81, 83, 81, 85, 82, 80, 85, 83, 84, 83, 84, 82,
    85, 81, 82, 81, 82, 84, 80, 84, 86, 82, 81, 82, 82, 82, 84, 81, 83,
    80 ]
