%YAML:1.0
---
videoName: "headShake19.mp4"
gestureLabel: 201
fps: 29
pixelSizeInCmTemp: 3.1933333333333330e-01
faceCenterPointX: 243
faceCenterPointY: 78
headPositionsX: [ 243, 242, 243, 246, 244, 242, 241, 243, 243, 244, 245,
    242, 242, 244, 243, 243, 241, 244, 241, 242, 244, 240, 241, 245, 241,
    241, 244, 241, 244, 241, 240, 243, 243, 242, 243, 239, 237, 238, 235,
    234, 234, 235, 236, 242, 246, 253, 256, 257, 256, 252, 249, 244, 236,
    233, 232, 231, 231, 233, 236, 242, 246, 248, 248, 245, 244, 245, 239,
    240, 236, 236, 237, 237, 236, 239, 242, 244, 246, 247, 244, 245, 242,
    244, 240, 243, 241, 242, 241, 239, 239, 242, 239, 241, 241, 240, 243,
    242, 246, 245, 245, 244 ]
headPositionsY: [ 77, 75, 76, 76, 77, 74, 77, 77, 79, 74, 78, 76, 76, 75,
    78, 74, 75, 75, 75, 79, 77, 79, 76, 75, 79, 78, 76, 77, 76, 79, 76,
    75, 75, 76, 78, 74, 77, 77, 78, 75, 75, 76, 75, 77, 79, 78, 78, 76,
    74, 76, 78, 77, 78, 75, 75, 74, 77, 75, 79, 79, 75, 77, 75, 76, 80,
    77, 75, 75, 79, 80, 77, 80, 78, 78, 75, 77, 77, 78, 79, 80, 76, 78,
    78, 78, 77, 79, 78, 77, 80, 79, 76, 77, 80, 76, 79, 80, 78, 78, 76,
    79 ]
