%YAML:1.0
---
videoName: "headShake34.mp4"
gestureLabel: 201
fps: 29
pixelSizeInCmTemp: 3.2364864864864862e-01
faceCenterPointX: 263
faceCenterPointY: 83
headPositionsX: [ 262, 266, 263, 266, 263, 266, 264, 262, 263, 262, 265,
    264, 263, 263, 265, 266, 265, 264, 264, 263, 265, 264, 264, 266, 263,
    264, 264, 264, 266, 264, 264, 262, 265, 266, 265, 263, 263, 269, 268,
    270, 273, 272, 273, 278, 275, 280, 280, 278, 279, 277, 270, 269, 264,
    260, 254, 252, 251, 253, 252, 254, 260, 259, 265, 265, 269, 271, 268,
    267, 264, 262, 259, 254, 255, 252, 253, 259, 260, 260, 265, 267, 263,
    266, 265, 265, 263, 264, 264, 264, 263, 264, 267, 263, 265, 261, 262,
    263, 261, 264, 263, 264 ]
headPositionsY: [ 83, 83, 83, 81, 82, 83, 83, 84, 80, 83, 83, 85, 84, 83,
    82, 80, 83, 84, 85, 82, 84, 84, 84, 81, 81, 82, 85, 82, 84, 81, 85,
    81, 86, 83, 84, 81, 85, 81, 85, 82, 81, 83, 82, 80, 80, 80, 80, 80,
    81, 83, 83, 85, 81, 85, 81, 83, 79, 84, 83, 81, 84, 85, 81, 81, 81,
    83, 85, 83, 86, 82, 82, 83, 82, 82, 84, 85, 82, 85, 81, 81, 84, 82,
    83, 83, 83, 86, 83, 81, 85, 82, 81, 83, 85, 82, 85, 82, 84, 82, 86,
    82 ]
