%YAML:1.0
---
videoName: "headLookRight6.mp4"
gestureLabel: 204
fps: 29
pixelSizeInCmTemp: 3.8015873015873014e-01
faceCenterPointX: 226
faceCenterPointY: 72
headPositionsX: [ 225, 248, 247, 249, 250, 247, 249, 248, 247, 250, 248,
    248, 248, 249, 251, 252, 248, 251, 252, 252, 249, 249, 251, 251, 253,
    251, 252, 254, 253, 250, 253, 250, 248, 247, 248, 245, 241, 239, 235,
    236, 233, 229, 228, 232, 228, 225, 227, 225, 224, 229, 226, 225, 226,
    228, 227, 226, 227, 224, 228, 226, 231, 229, 230, 224, 228, 227, 225,
    226, 227, 228, 229, 227, 226, 226, 225, 224, 227, 224, 228, 230, 228,
    227, 228, 227, 224, 227, 230, 228, 224, 226, 228, 229, 230, 228, 224,
    228, 226, 227, 226, 228 ]
headPositionsY: [ 71, 70, 71, 73, 73, 73, 71, 74, 71, 72, 71, 72, 73, 71,
    75, 72, 71, 72, 75, 75, 74, 75, 73, 73, 73, 74, 73, 73, 74, 72, 76,
    77, 72, 74, 72, 73, 74, 74, 73, 73, 71, 74, 71, 75, 74, 77, 69, 70,
    73, 76, 74, 69, 73, 72, 73, 76, 76, 73, 72, 78, 75, 74, 74, 70, 76,
    69, 74, 72, 77, 76, 74, 76, 75, 75, 72, 71, 71, 75, 74, 73, 75, 74,
    75, 70, 75, 76, 77, 73, 75, 76, 75, 76, 76, 74, 72, 76, 69, 75, 75,
    70 ]
