%YAML:1.0
---
videoName: "headNod44.mp4"
gestureLabel: 202
fps: 29
pixelSizeInCmTemp: 2.9567901234567900e-01
faceCenterPointX: 268
faceCenterPointY: 78
headPositionsX: [ 266, 270, 267, 269, 270, 268, 271, 267, 268, 267, 267,
    268, 269, 267, 271, 271, 272, 267, 267, 269, 269, 269, 267, 268, 268,
    268, 268, 268, 269, 267, 268, 267, 266, 269, 266, 266, 265, 265, 267,
    267, 267, 266, 268, 268, 266, 266, 266, 267, 268, 269, 269, 267, 265,
    267, 269, 266, 269, 267, 270, 268, 268, 267, 266, 269, 270, 267, 266,
    269, 270, 268, 269, 270, 272, 269, 269, 268, 267, 269, 267, 267, 268,
    268, 268, 269, 268, 270, 270, 271, 266, 270, 268, 269, 270, 265, 268,
    270, 266, 267, 270, 270 ]
headPositionsY: [ 80, 75, 73, 73, 73, 75, 76, 76, 75, 73, 76, 72, 76, 74,
    77, 74, 73, 77, 80, 82, 87, 88, 91, 96, 94, 91, 88, 85, 80, 74, 70,
    71, 71, 68, 70, 73, 80, 81, 88, 90, 89, 82, 80, 79, 73, 73, 71, 75,
    76, 82, 85, 86, 92, 88, 87, 81, 78, 74, 73, 76, 76, 77, 79, 81, 86,
    86, 83, 83, 79, 80, 78, 78, 75, 80, 80, 80, 84, 87, 87, 85, 83, 81,
    81, 78, 76, 78, 74, 79, 77, 79, 77, 77, 77, 75, 76, 80, 77, 78, 76,
    79 ]
