%YAML:1.0
---
videoName: "headNod48.mp4"
gestureLabel: 202
fps: 29
pixelSizeInCmTemp: 2.8855421686746985e-01
faceCenterPointX: 264
faceCenterPointY: 72
headPositionsX: [ 262, 265, 266, 267, 263, 264, 263, 264, 264, 265, 263,
    263, 264, 262, 264, 261, 264, 263, 261, 261, 260, 259, 262, 261, 258,
    262, 262, 260, 261, 263, 261, 263, 261, 261, 260, 265, 261, 263, 262,
    261, 261, 264, 262, 264, 260, 259, 260, 263, 262, 264, 262, 261, 262,
    261, 263, 261, 259, 264, 263, 263, 261, 261, 263, 263, 261, 265, 264,
    264, 265, 264, 262, 265, 267, 266, 262, 265, 266, 263, 265, 266, 267,
    263, 265, 264, 266, 265, 267, 267, 265, 263, 268, 263, 266, 264, 264,
    263, 267, 267, 267, 267 ]
headPositionsY: [ 72, 74, 78, 77, 80, 78, 72, 69, 68, 63, 65, 61, 61, 64,
    68, 69, 76, 79, 83, 86, 87, 89, 82, 79, 79, 73, 69, 69, 65, 66, 65,
    64, 67, 66, 69, 72, 73, 76, 81, 81, 81, 82, 82, 80, 76, 74, 73, 71,
    70, 73, 72, 74, 76, 79, 80, 77, 79, 74, 75, 71, 71, 69, 70, 72, 72,
    74, 76, 75, 76, 78, 75, 72, 71, 73, 72, 69, 68, 69, 71, 73, 73, 76,
    72, 76, 75, 72, 71, 69, 74, 73, 73, 75, 72, 72, 75, 73, 74, 71, 73,
    72 ]
