%YAML:1.0
---
videoName: "headLookRight5.mp4"
gestureLabel: 204
fps: 29
pixelSizeInCmTemp: 3.1513157894736843e-01
faceCenterPointX: 228
faceCenterPointY: 76
headPositionsX: [ 227, 251, 250, 248, 252, 248, 249, 251, 248, 248, 248,
    248, 251, 250, 248, 248, 247, 248, 248, 252, 249, 248, 249, 249, 248,
    251, 251, 249, 252, 248, 247, 247, 245, 245, 244, 243, 237, 237, 231,
    231, 229, 230, 227, 226, 226, 225, 226, 224, 224, 226, 224, 226, 220,
    229, 226, 224, 225, 228, 227, 222, 226, 221, 227, 228, 229, 225, 223,
    227, 224, 226, 224, 221, 225, 225, 224, 225, 228, 226, 225, 223, 224,
    226, 226, 224, 222, 227, 226, 223, 225, 226, 223, 225, 223, 227, 224,
    225, 224, 226, 226, 223 ]
headPositionsY: [ 76, 72, 73, 74, 76, 73, 73, 76, 76, 74, 76, 76, 73, 75,
    73, 72, 76, 77, 73, 75, 73, 74, 74, 76, 75, 77, 76, 74, 77, 76, 73,
    73, 75, 73, 75, 74, 72, 72, 75, 72, 72, 73, 72, 75, 72, 73, 73, 73,
    76, 75, 73, 76, 72, 75, 75, 76, 74, 76, 76, 74, 77, 72, 73, 72, 73,
    73, 76, 74, 72, 73, 72, 74, 75, 73, 75, 74, 72, 73, 76, 70, 77, 74,
    76, 75, 75, 74, 72, 71, 76, 73, 75, 77, 74, 74, 72, 72, 74, 75, 74,
    75 ]
