%YAML:1.0
---
videoName: "headNod25.mp4"
gestureLabel: 202
fps: 29
pixelSizeInCmTemp: 3.1933333333333330e-01
faceCenterPointX: 270
faceCenterPointY: 75
headPositionsX: [ 269, 272, 269, 269, 273, 270, 272, 271, 272, 270, 270,
    267, 269, 267, 269, 268, 269, 268, 271, 271, 270, 271, 273, 270, 271,
    272, 271, 273, 274, 271, 274, 273, 270, 271, 275, 272, 271, 272, 270,
    270, 270, 271, 272, 272, 271, 271, 273, 270, 270, 273, 270, 270, 269,
    273, 271, 272, 272, 274, 273, 271, 271, 269, 270, 269, 269, 270, 268,
    270, 271, 268, 267, 268, 272, 272, 272, 269, 269, 272, 271, 269, 273,
    272, 269, 270, 268, 272, 271, 269, 271, 271, 270, 272, 269, 273, 268,
    271, 271, 269, 269, 271 ]
headPositionsY: [ 77, 71, 71, 74, 73, 75, 74, 72, 76, 73, 74, 73, 75, 73,
    73, 73, 75, 73, 75, 76, 74, 74, 72, 77, 74, 74, 74, 75, 73, 74, 76,
    73, 75, 76, 77, 73, 75, 76, 75, 73, 74, 77, 75, 74, 73, 76, 76, 77,
    76, 71, 71, 66, 68, 66, 63, 65, 68, 68, 70, 71, 71, 77, 76, 85, 86,
    87, 88, 86, 83, 80, 78, 75, 74, 71, 69, 70, 67, 70, 72, 69, 75, 75,
    79, 80, 83, 79, 79, 80, 78, 79, 75, 76, 73, 76, 76, 78, 77, 74, 77,
    73 ]
