%YAML:1.0
---
videoName: "headNod21.mp4"
gestureLabel: 202
fps: 29
pixelSizeInCmTemp: 3.2808219178082193e-01
faceCenterPointX: 253
faceCenterPointY: 78
headPositionsX: [ 254, 257, 257, 255, 254, 257, 257, 257, 255, 254, 256,
    253, 256, 254, 255, 257, 254, 257, 254, 253, 253, 255, 255, 255, 257,
    256, 253, 255, 257, 253, 255, 255, 254, 255, 255, 256, 256, 254, 256,
    255, 254, 258, 255, 258, 255, 257, 256, 254, 255, 255, 254, 255, 257,
    252, 253, 255, 255, 252, 255, 254, 253, 251, 252, 252, 251, 251, 252,
    253, 252, 251, 252, 250, 249, 252, 250, 250, 249, 249, 250, 252, 252,
    251, 250, 251, 250, 252, 255, 250, 251, 254, 253, 251, 254, 251, 253,
    255, 256, 254, 256, 257 ]
headPositionsY: [ 80, 78, 78, 79, 79, 79, 78, 78, 77, 78, 79, 78, 79, 80,
    77, 80, 79, 79, 79, 78, 78, 79, 80, 79, 81, 80, 82, 79, 81, 80, 84,
    85, 82, 78, 80, 79, 77, 77, 76, 80, 78, 80, 86, 83, 80, 82, 78, 75,
    76, 75, 81, 80, 82, 85, 85, 80, 82, 75, 77, 75, 80, 79, 83, 84, 82,
    83, 81, 80, 79, 76, 75, 76, 82, 82, 83, 81, 79, 81, 78, 76, 77, 79,
    77, 78, 77, 80, 79, 79, 77, 77, 78, 80, 80, 78, 77, 82, 79, 77, 77,
    79 ]
