%YAML:1.0
---
videoName: "headLookLeft8.mp4"
gestureLabel: 203
fps: 29
pixelSizeInCmTemp: 3.6287878787878786e-01
faceCenterPointX: 273
faceCenterPointY: 69
headPositionsX: [ 273, 244, 244, 241, 242, 241, 239, 241, 242, 240, 239,
    242, 242, 244, 244, 243, 247, 244, 246, 246, 249, 246, 245, 245, 249,
    245, 246, 245, 247, 247, 247, 244, 247, 248, 247, 245, 244, 245, 245,
    249, 247, 244, 246, 243, 247, 245, 247, 245, 244, 247, 244, 246, 249,
    250, 247, 249, 256, 255, 258, 260, 263, 265, 267, 272, 269, 275, 277,
    283, 283, 276, 278, 279, 276, 277, 275, 276, 272, 274, 278, 281, 277,
    277, 277, 270, 271, 273, 277, 276, 277, 276, 274, 276, 272, 276, 274,
    275, 277, 275, 273, 272 ]
headPositionsY: [ 71, 68, 67, 65, 69, 68, 66, 67, 70, 67, 66, 66, 68, 67,
    68, 66, 69, 70, 67, 71, 70, 68, 71, 67, 69, 71, 68, 72, 70, 73, 69,
    71, 71, 71, 73, 71, 71, 70, 70, 71, 70, 69, 70, 70, 75, 72, 74, 73,
    71, 73, 74, 72, 75, 71, 70, 71, 73, 69, 70, 69, 72, 71, 69, 71, 71,
    70, 68, 71, 71, 70, 67, 71, 71, 70, 72, 68, 70, 70, 68, 69, 68, 71,
    71, 69, 69, 68, 69, 69, 71, 69, 71, 67, 70, 68, 71, 70, 67, 70, 70,
    70 ]
