%YAML:1.0
---
videoName: "headNod10.mp4"
gestureLabel: 202
fps: 29
pixelSizeInCmTemp: 3.2808219178082193e-01
faceCenterPointX: 260
faceCenterPointY: 67
headPositionsX: [ 260, 260, 260, 256, 257, 256, 257, 256, 259, 256, 257,
    256, 260, 257, 257, 260, 257, 256, 258, 260, 257, 257, 257, 261, 259,
    257, 259, 258, 260, 260, 260, 260, 260, 260, 257, 258, 261, 259, 261,
    257, 256, 261, 257, 258, 261, 260, 262, 261, 262, 259, 260, 259, 261,
    259, 258, 258, 260, 260, 261, 259, 263, 260, 262, 259, 261, 258, 261,
    258, 261, 260, 260, 259, 257, 259, 261, 259, 258, 258, 257, 259, 256,
    257, 260, 259, 259, 258, 259, 259, 258, 261, 257, 262, 261, 259, 260,
    258, 260, 259, 261, 259 ]
headPositionsY: [ 69, 73, 70, 70, 72, 72, 72, 70, 68, 72, 69, 68, 69, 71,
    72, 70, 72, 71, 70, 71, 68, 72, 70, 70, 68, 72, 71, 68, 71, 68, 70,
    68, 72, 71, 69, 72, 71, 68, 73, 71, 74, 74, 71, 69, 70, 67, 63, 61,
    61, 63, 65, 65, 69, 71, 76, 73, 74, 72, 67, 64, 63, 62, 61, 63, 67,
    70, 70, 75, 78, 76, 74, 74, 72, 66, 66, 67, 63, 69, 69, 70, 73, 76,
    76, 73, 71, 70, 66, 67, 65, 69, 67, 68, 66, 65, 67, 65, 68, 68, 67,
    67 ]
