%YAML:1.0
---
videoName: "headLookRight4.mp4"
gestureLabel: 204
fps: 30
pixelSizeInCmTemp: 3.4214285714285714e-01
faceCenterPointX: 228
faceCenterPointY: 75
headPositionsX: [ 226, 251, 251, 256, 251, 254, 254, 256, 254, 253, 252,
    253, 254, 252, 255, 251, 254, 255, 252, 253, 255, 252, 252, 249, 252,
    255, 251, 252, 250, 250, 252, 250, 249, 247, 247, 240, 242, 236, 235,
    232, 231, 231, 230, 231, 232, 230, 232, 227, 230, 229, 228, 226, 228,
    226, 231, 225, 227, 226, 226, 229, 228, 226, 227, 228, 224, 225, 225,
    224, 224, 226, 225, 228, 228, 224, 225, 228, 229, 227, 226, 229, 225,
    228, 227, 227, 223, 227, 226, 227, 228, 227, 226, 229, 227, 230, 227,
    229, 225, 224, 224, 229 ]
headPositionsY: [ 76, 74, 73, 72, 70, 73, 69, 71, 70, 73, 74, 72, 72, 70,
    74, 73, 74, 73, 75, 72, 75, 71, 75, 71, 74, 74, 73, 71, 74, 75, 72,
    73, 75, 73, 75, 74, 70, 74, 73, 72, 74, 71, 72, 75, 74, 72, 74, 71,
    75, 71, 76, 73, 72, 75, 76, 76, 75, 73, 74, 75, 75, 75, 75, 77, 73,
    71, 76, 78, 76, 72, 76, 75, 75, 74, 75, 72, 76, 77, 77, 73, 75, 74,
    76, 76, 71, 73, 76, 77, 73, 74, 73, 73, 72, 76, 74, 75, 75, 75, 72,
    73 ]
