%YAML:1.0
---
videoName: "headLookLeft9.mp4"
gestureLabel: 203
fps: 30
pixelSizeInCmTemp: 3.2364864864864862e-01
faceCenterPointX: 273
faceCenterPointY: 69
headPositionsX: [ 274, 249, 248, 248, 247, 248, 246, 245, 245, 248, 249,
    246, 245, 244, 246, 246, 248, 245, 247, 245, 248, 243, 244, 244, 248,
    246, 247, 244, 246, 246, 244, 246, 247, 248, 251, 251, 256, 256, 258,
    261, 264, 265, 270, 268, 265, 271, 272, 270, 268, 271, 273, 273, 273,
    272, 270, 271, 274, 269, 274, 271, 269, 273, 270, 272, 275, 271, 269,
    273, 272, 270, 270, 270, 272, 274, 271, 273, 271, 271, 269, 270, 270,
    270, 269, 272, 274, 270, 270, 269, 271, 272, 274, 271, 274, 271, 272,
    272, 271, 274, 271, 268 ]
headPositionsY: [ 70, 70, 70, 70, 72, 69, 69, 69, 70, 71, 71, 73, 68, 72,
    68, 73, 73, 69, 70, 71, 72, 69, 73, 70, 72, 72, 73, 73, 73, 71, 71,
    72, 71, 70, 69, 71, 70, 70, 67, 70, 69, 68, 66, 71, 68, 67, 65, 65,
    67, 69, 70, 64, 70, 67, 69, 68, 67, 67, 68, 68, 70, 68, 68, 68, 67,
    69, 68, 70, 67, 67, 69, 66, 67, 71, 71, 68, 71, 65, 68, 67, 69, 71,
    68, 70, 69, 66, 67, 70, 68, 66, 66, 70, 66, 67, 66, 68, 69, 70, 68,
    69 ]
