%YAML:1.0
---
videoName: "headShake38.mp4"
gestureLabel: 201
fps: 29
pixelSizeInCmTemp: 3.2808219178082193e-01
faceCenterPointX: 259
faceCenterPointY: 84
headPositionsX: [ 258, 263, 264, 264, 264, 262, 263, 265, 264, 260, 266,
    261, 265, 265, 261, 265, 265, 262, 265, 264, 265, 263, 265, 263, 261,
    262, 264, 263, 263, 261, 264, 262, 263, 263, 260, 263, 261, 265, 264,
    263, 262, 259, 260, 256, 254, 248, 246, 246, 249, 252, 257, 267, 272,
    275, 279, 275, 268, 261, 255, 249, 249, 248, 256, 260, 265, 269, 270,
    270, 268, 260, 253, 248, 247, 248, 251, 252, 259, 264, 264, 268, 267,
    269, 268, 267, 264, 263, 262, 260, 259, 262, 258, 260, 262, 258, 263,
    257, 262, 261, 262, 260 ]
headPositionsY: [ 83, 81, 84, 83, 85, 85, 81, 85, 83, 81, 82, 82, 83, 82,
    85, 85, 81, 83, 81, 83, 83, 84, 86, 85, 83, 83, 82, 83, 84, 82, 82,
    84, 81, 86, 82, 83, 82, 83, 81, 85, 84, 85, 86, 83, 84, 79, 83, 83,
    82, 85, 86, 86, 83, 80, 82, 84, 85, 83, 86, 85, 82, 83, 81, 82, 84,
    82, 83, 81, 85, 84, 85, 83, 83, 84, 85, 84, 85, 86, 84, 82, 85, 86,
    84, 84, 83, 85, 87, 82, 85, 84, 84, 84, 82, 85, 83, 86, 82, 85, 86,
    84 ]
