%YAML:1.0
---
videoName: "headShake42.mp4"
gestureLabel: 201
fps: 29
pixelSizeInCmTemp: 3.2808219178082193e-01
faceCenterPointX: 257
faceCenterPointY: 85
headPositionsX: [ 259, 275, 277, 274, 278, 276, 278, 276, 276, 272, 274,
    267, 267, 262, 257, 255, 251, 251, 247, 246, 246, 242, 242, 245, 243,
    243, 248, 252, 255, 259, 262, 267, 273, 274, 280, 278, 279, 279, 277,
    274, 274, 271, 268, 264, 261, 260, 254, 250, 250, 247, 244, 244, 243,
    248, 244, 249, 250, 249, 253, 258, 260, 262, 265, 266, 265, 270, 269,
    271, 270, 267, 267, 268, 268, 265, 265, 264, 259, 260, 258, 259, 258,
    258, 255, 257, 256, 255, 254, 258, 255, 258, 257, 258, 255, 259, 255,
    255, 259, 259, 259, 258 ]
headPositionsY: [ 84, 81, 81, 81, 81, 82, 81, 80, 83, 84, 84, 82, 85, 83,
    85, 82, 82, 82, 84, 83, 83, 86, 86, 86, 86, 85, 85, 83, 87, 85, 84,
    83, 83, 83, 85, 84, 84, 82, 84, 84, 82, 88, 85, 86, 88, 87, 85, 85,
    85, 87, 85, 86, 84, 86, 84, 86, 84, 85, 83, 86, 88, 84, 87, 87, 87,
    87, 86, 85, 83, 86, 84, 86, 85, 88, 86, 85, 87, 86, 84, 86, 84, 87,
    84, 84, 83, 85, 86, 85, 84, 86, 85, 84, 86, 83, 84, 86, 85, 86, 86,
    86 ]
