%YAML:1.0
---
videoName: "headShake24.mp4"
gestureLabel: 201
fps: 29
pixelSizeInCmTemp: 3.2808219178082193e-01
faceCenterPointX: 240
faceCenterPointY: 78
headPositionsX: [ 238, 251, 250, 251, 251, 256, 256, 252, 255, 252, 247,
    246, 246, 242, 241, 236, 235, 235, 231, 233, 233, 229, 232, 233, 233,
    233, 236, 240, 240, 245, 246, 245, 247, 248, 249, 251, 251, 249, 249,
    245, 245, 242, 240, 237, 237, 236, 233, 236, 236, 233, 236, 234, 237,
    238, 236, 241, 242, 243, 244, 243, 248, 244, 247, 248, 248, 248, 247,
    248, 245, 248, 245, 246, 241, 242, 241, 242, 240, 238, 241, 239, 238,
    241, 237, 241, 237, 240, 239, 237, 240, 241, 242, 239, 239, 239, 240,
    240, 240, 238, 238, 241 ]
headPositionsY: [ 78, 78, 74, 74, 73, 76, 77, 76, 77, 77, 75, 75, 80, 78,
    77, 78, 75, 79, 76, 77, 78, 79, 78, 79, 75, 79, 77, 78, 76, 77, 78,
    79, 77, 79, 80, 79, 78, 76, 79, 80, 79, 76, 78, 78, 76, 79, 77, 78,
    79, 75, 78, 77, 77, 78, 78, 77, 80, 75, 79, 78, 79, 77, 78, 75, 75,
    75, 80, 79, 76, 79, 79, 76, 79, 77, 79, 75, 77, 79, 76, 79, 76, 77,
    77, 80, 79, 77, 78, 78, 77, 79, 78, 80, 78, 80, 77, 76, 80, 80, 78,
    77 ]
