%YAML:1.0
---
videoName: "headNod48.mp4"
gestureLabel: 202
fps: 29
pixelSizeInCmTemp: 2.8855421686746985e-01
faceCenterPointX: 264
faceCenterPointY: 72
headPositionsX: [ 264, 264, 263, 264, 266, 265, 264, 263, 267, 263, 263,
    266, 267, 263, 263, 263, 263, 260, 262, 264, 263, 258, 261, 260, 259,
    261, 261, 263, 264, 263, 262, 261, 264, 263, 263, 261, 262, 262, 264,
    264, 260, 263, 264, 260, 263, 259, 262, 261, 264, 262, 261, 264, 259,
    259, 263, 259, 259, 261, 264, 262, 263, 263, 262, 266, 264, 261, 263,
    261, 266, 263, 266, 264, 266, 264, 264, 267, 266, 264, 265, 266, 265,
    264, 264, 266, 266, 264, 264, 265, 265, 263, 264, 263, 264, 268, 268,
    262, 265, 265, 267, 266 ]
headPositionsY: [ 70, 73, 79, 78, 76, 75, 76, 71, 70, 67, 62, 64, 64, 65,
    66, 72, 73, 77, 82, 90, 88, 88, 84, 82, 80, 73, 70, 70, 64, 62, 61,
    65, 64, 67, 70, 74, 72, 78, 79, 81, 81, 82, 80, 79, 76, 77, 74, 74,
    73, 70, 70, 76, 76, 77, 81, 80, 79, 78, 76, 69, 71, 72, 70, 71, 72,
    75, 74, 75, 77, 74, 75, 74, 74, 71, 70, 69, 71, 68, 69, 75, 73, 73,
    72, 74, 74, 74, 73, 71, 71, 69, 72, 71, 72, 72, 75, 71, 73, 72, 73,
    70 ]
