%YAML:1.0
---
videoName: "headLookLeft3.mp4"
gestureLabel: 203
fps: 29
pixelSizeInCmTemp: 3.4214285714285714e-01
faceCenterPointX: 290
faceCenterPointY: 74
headPositionsX: [ 288, 263, 263, 265, 264, 262, 266, 268, 271, 268, 273,
    273, 279, 276, 281, 280, 285, 287, 288, 287, 289, 288, 295, 292, 284,
    290, 295, 291, 286, 285, 287, 289, 290, 293, 284, 289, 285, 290, 289,
    289, 286, 288, 289, 296, 290, 290, 290, 288, 291, 286, 289, 289, 289,
    290, 287, 288, 290, 286, 290, 294, 292, 289, 291, 289, 288, 287, 288,
    288, 285, 291, 289, 286, 288, 286, 285, 288, 287, 289, 288, 288, 288,
    288, 291, 284, 288, 287, 288, 290, 285, 286, 287, 288, 286, 287, 285,
    282, 290, 287, 286, 287 ]
headPositionsY: [ 76, 76, 78, 76, 75, 77, 79, 78, 78, 79, 75, 74, 76, 75,
    75, 73, 74, 73, 76, 76, 76, 74, 76, 76, 74, 71, 75, 74, 75, 73, 74,
    75, 76, 74, 73, 76, 71, 76, 74, 72, 71, 74, 72, 75, 75, 76, 73, 76,
    76, 75, 73, 72, 73, 73, 76, 72, 74, 73, 72, 73, 75, 71, 72, 75, 76,
    74, 73, 73, 74, 73, 71, 72, 72, 73, 73, 75, 74, 73, 77, 71, 73, 76,
    71, 73, 75, 73, 76, 76, 71, 76, 74, 72, 76, 76, 72, 75, 74, 75, 75,
    72 ]
