%YAML:1.0
---
videoName: "headShake33.mp4"
gestureLabel: 201
fps: 29
pixelSizeInCmTemp: 3.2364864864864862e-01
faceCenterPointX: 244
faceCenterPointY: 84
headPositionsX: [ 242, 244, 245, 247, 244, 247, 248, 246, 246, 246, 246,
    244, 246, 244, 243, 245, 243, 243, 246, 243, 245, 246, 247, 252, 249,
    254, 256, 258, 259, 263, 262, 262, 261, 258, 258, 254, 253, 251, 244,
    243, 237, 234, 234, 230, 227, 226, 227, 225, 229, 234, 233, 235, 240,
    246, 251, 252, 256, 258, 258, 261, 258, 258, 257, 256, 253, 253, 248,
    246, 243, 240, 235, 236, 234, 233, 234, 231, 233, 232, 236, 234, 240,
    238, 238, 240, 246, 245, 245, 248, 248, 245, 249, 247, 245, 243, 246,
    247, 245, 242, 244, 246 ]
headPositionsY: [ 86, 83, 82, 85, 80, 81, 81, 80, 85, 82, 81, 80, 85, 84,
    83, 82, 81, 85, 81, 83, 84, 83, 82, 84, 81, 82, 79, 81, 83, 82, 83,
    80, 83, 81, 81, 84, 85, 83, 83, 82, 80, 81, 81, 81, 84, 81, 80, 81,
    82, 81, 85, 82, 83, 81, 82, 84, 80, 83, 80, 82, 83, 82, 84, 80, 84,
    84, 81, 85, 81, 83, 81, 84, 84, 83, 81, 82, 81, 82, 81, 82, 83, 84,
    83, 84, 82, 83, 83, 83, 85, 82, 84, 82, 81, 84, 85, 86, 80, 81, 81,
    85 ]
