%YAML:1.0
---
videoName: "headShake20.mp4"
gestureLabel: 201
fps: 29
pixelSizeInCmTemp: 3.3263888888888887e-01
faceCenterPointX: 242
faceCenterPointY: 78
headPositionsX: [ 242, 246, 243, 244, 245, 242, 242, 245, 244, 243, 241,
    241, 244, 241, 243, 244, 244, 243, 243, 241, 244, 241, 243, 242, 244,
    245, 244, 244, 242, 241, 245, 242, 241, 242, 245, 241, 242, 240, 242,
    244, 249, 253, 257, 258, 259, 257, 255, 253, 249, 243, 237, 232, 233,
    229, 229, 231, 236, 243, 248, 249, 253, 254, 249, 247, 241, 240, 234,
    232, 229, 231, 236, 236, 241, 242, 245, 244, 245, 243, 241, 240, 240,
    239, 241, 239, 240, 240, 244, 244, 245, 243, 245, 243, 244, 244, 241,
    242, 243, 243, 239, 242 ]
headPositionsY: [ 79, 77, 75, 75, 74, 77, 78, 77, 77, 76, 74, 75, 77, 75,
    78, 75, 74, 79, 76, 78, 76, 75, 74, 77, 74, 76, 76, 78, 76, 79, 75,
    75, 74, 77, 75, 76, 76, 77, 79, 78, 74, 74, 76, 75, 73, 74, 75, 79,
    76, 76, 78, 75, 77, 73, 75, 76, 76, 74, 78, 77, 77, 73, 75, 77, 79,
    78, 76, 78, 78, 77, 76, 75, 78, 77, 79, 78, 75, 77, 79, 77, 77, 78,
    79, 76, 79, 76, 77, 75, 75, 79, 79, 76, 78, 80, 78, 76, 76, 77, 78,
    75 ]
