%YAML:1.0
---
videoName: "headLookLeft3.mp4"
gestureLabel: 203
fps: 29
pixelSizeInCmTemp: 3.4214285714285714e-01
faceCenterPointX: 290
faceCenterPointY: 74
headPositionsX: [ 291, 262, 262, 264, 264, 264, 264, 266, 270, 271, 272,
    273, 276, 278, 282, 284, 286, 288, 288, 291, 291, 285, 293, 291, 286,
    287, 297, 289, 290, 283, 288, 288, 291, 292, 284, 290, 282, 290, 293,
    286, 288, 288, 291, 294, 290, 289, 288, 287, 290, 290, 290, 291, 289,
    288, 288, 288, 291, 290, 291, 294, 288, 288, 288, 287, 289, 288, 291,
    287, 287, 288, 288, 289, 285, 286, 288, 288, 286, 287, 289, 286, 287,
    286, 288, 287, 287, 288, 288, 290, 285, 289, 284, 287, 288, 287, 285,
    286, 287, 286, 289, 288 ]
headPositionsY: [ 76, 78, 75, 79, 76, 75, 79, 80, 79, 78, 76, 74, 75, 74,
    75, 72, 75, 73, 73, 75, 72, 74, 76, 77, 72, 70, 73, 74, 74, 72, 72,
    72, 74, 73, 74, 76, 72, 73, 76, 73, 72, 72, 75, 75, 72, 73, 75, 73,
    77, 75, 71, 75, 71, 74, 74, 74, 76, 75, 74, 76, 72, 75, 75, 75, 72,
    75, 72, 76, 75, 73, 73, 71, 74, 71, 75, 76, 73, 75, 76, 73, 75, 76,
    73, 73, 73, 73, 75, 76, 74, 75, 73, 73, 75, 77, 72, 73, 72, 73, 74,
    74 ]
