%YAML:1.0
---
videoName: "headShake34.mp4"
gestureLabel: 201
fps: 29
pixelSizeInCmTemp: 3.2364864864864862e-01
faceCenterPointX: 263
faceCenterPointY: 83
headPositionsX: [ 265, 262, 265, 265, 265, 265, 264, 266, 262, 263, 263,
    264, 263, 262, 263, 264, 264, 262, 266, 264, 267, 265, 264, 263, 267,
    264, 264, 266, 263, 261, 261, 262, 265, 265, 262, 266, 266, 267, 270,
    269, 269, 275, 275, 274, 276, 279, 276, 279, 275, 277, 274, 269, 261,
    260, 253, 252, 252, 255, 254, 253, 257, 260, 263, 268, 269, 270, 269,
    269, 267, 261, 256, 253, 255, 254, 256, 258, 260, 259, 262, 264, 262,
    267, 266, 265, 263, 265, 264, 263, 265, 265, 265, 263, 264, 265, 265,
    262, 261, 264, 264, 262 ]
headPositionsY: [ 82, 82, 84, 84, 82, 83, 84, 82, 80, 83, 84, 81, 85, 82,
    83, 83, 83, 81, 81, 83, 82, 84, 82, 83, 81, 80, 81, 85, 86, 82, 85,
    82, 83, 83, 85, 83, 82, 83, 84, 85, 81, 80, 84, 83, 82, 81, 83, 82,
    82, 81, 84, 85, 82, 84, 81, 83, 80, 84, 83, 84, 82, 83, 85, 83, 81,
    83, 82, 83, 84, 82, 81, 84, 84, 82, 81, 82, 83, 85, 83, 81, 83, 83,
    81, 85, 85, 84, 82, 83, 83, 82, 83, 83, 84, 83, 83, 82, 86, 84, 83,
    85 ]
