%YAML:1.0
---
videoName: "headShake30.mp4"
gestureLabel: 201
fps: 29
pixelSizeInCmTemp: 3.2808219178082193e-01
faceCenterPointX: 240
faceCenterPointY: 68
headPositionsX: [ 241, 233, 233, 232, 234, 234, 234, 230, 233, 233, 235,
    236, 238, 238, 239, 240, 239, 239, 245, 242, 246, 241, 245, 244, 242,
    240, 244, 243, 242, 243, 239, 241, 240, 241, 240, 241, 240, 242, 242,
    248, 251, 253, 256, 260, 261, 258, 256, 255, 252, 242, 237, 228, 227,
    225, 225, 224, 231, 232, 241, 245, 251, 250, 252, 249, 245, 243, 235,
    231, 227, 225, 229, 228, 232, 239, 240, 245, 247, 250, 253, 249, 246,
    246, 244, 238, 239, 237, 238, 238, 236, 238, 241, 241, 242, 241, 242,
    242, 239, 240, 239, 241 ]
headPositionsY: [ 70, 53, 54, 58, 57, 58, 59, 58, 63, 63, 62, 66, 66, 66,
    63, 64, 67, 65, 68, 67, 66, 63, 65, 64, 65, 63, 65, 65, 68, 63, 66,
    65, 67, 67, 67, 64, 67, 68, 67, 66, 66, 63, 64, 66, 67, 66, 68, 64,
    67, 65, 68, 65, 66, 67, 68, 67, 68, 67, 67, 71, 66, 66, 65, 67, 70,
    67, 66, 67, 67, 68, 68, 70, 67, 66, 68, 69, 68, 67, 69, 67, 67, 69,
    69, 68, 66, 65, 67, 66, 66, 66, 67, 67, 66, 68, 67, 67, 70, 69, 70,
    68 ]
