%YAML:1.0
---
videoName: "headLookRight0.mp4"
gestureLabel: 204
fps: 29
pixelSizeInCmTemp: 3.1933333333333330e-01
faceCenterPointX: 229
faceCenterPointY: 68
headPositionsX: [ 229, 255, 254, 256, 256, 257, 256, 257, 255, 258, 256,
    259, 254, 257, 255, 258, 258, 257, 256, 254, 258, 258, 254, 253, 256,
    256, 257, 253, 257, 259, 255, 257, 253, 256, 256, 255, 257, 257, 255,
    255, 252, 247, 249, 244, 242, 238, 237, 236, 237, 235, 233, 236, 237,
    231, 235, 236, 235, 235, 233, 234, 236, 231, 235, 235, 233, 234, 234,
    233, 232, 233, 235, 238, 234, 236, 233, 232, 230, 232, 230, 229, 236,
    229, 232, 231, 234, 229, 231, 232, 229, 232, 232, 231, 230, 226, 227,
    229, 230, 229, 226, 227 ]
headPositionsY: [ 68, 64, 65, 66, 63, 63, 65, 66, 66, 68, 66, 67, 69, 65,
    65, 66, 67, 66, 65, 69, 66, 67, 67, 65, 69, 66, 67, 68, 66, 66, 66,
    67, 70, 67, 69, 66, 69, 68, 67, 67, 69, 68, 65, 65, 65, 69, 65, 67,
    67, 67, 69, 70, 68, 67, 71, 68, 69, 66, 68, 69, 69, 67, 67, 68, 68,
    67, 65, 68, 67, 68, 67, 69, 67, 67, 70, 66, 66, 67, 69, 67, 67, 67,
    67, 66, 66, 70, 69, 67, 65, 68, 66, 68, 71, 67, 67, 69, 66, 65, 67,
    67 ]
