%YAML:1.0
---
videoName: "headNod45.mp4"
gestureLabel: 202
fps: 30
pixelSizeInCmTemp: 3.0316455696202532e-01
faceCenterPointX: 265
faceCenterPointY: 77
headPositionsX: [ 265, 268, 268, 269, 267, 266, 270, 269, 268, 269, 268,
    268, 267, 270, 267, 266, 267, 268, 267, 267, 268, 265, 267, 266, 267,
    267, 267, 267, 267, 266, 264, 268, 266, 268, 266, 265, 267, 264, 265,
    265, 265, 263, 265, 265, 266, 265, 267, 263, 268, 268, 265, 266, 269,
    269, 265, 268, 269, 266, 268, 264, 269, 267, 266, 266, 264, 265, 266,
    265, 268, 269, 267, 268, 264, 266, 267, 264, 266, 269, 264, 265, 267,
    265, 266, 268, 264, 266, 266, 266, 268, 264, 265, 264, 265, 268, 265,
    264, 264, 265, 268, 264 ]
headPositionsY: [ 75, 76, 73, 77, 75, 78, 73, 75, 74, 73, 78, 75, 73, 76,
    74, 78, 74, 79, 79, 81, 84, 89, 91, 92, 92, 94, 90, 85, 80, 78, 72,
    71, 68, 65, 67, 69, 67, 68, 73, 77, 79, 86, 90, 93, 91, 89, 85, 82,
    82, 77, 75, 72, 72, 72, 73, 74, 77, 79, 82, 86, 84, 86, 81, 80, 78,
    72, 73, 73, 74, 75, 77, 81, 85, 88, 86, 86, 86, 83, 80, 80, 77, 76,
    74, 78, 78, 80, 78, 81, 78, 80, 78, 79, 79, 78, 78, 77, 78, 80, 78,
    76 ]
