%YAML:1.0
---
videoName: "headNod11.mp4"
gestureLabel: 202
fps: 29
pixelSizeInCmTemp: 3.2364864864864862e-01
faceCenterPointX: 261
faceCenterPointY: 75
headPositionsX: [ 263, 259, 258, 259, 260, 259, 259, 260, 257, 260, 258,
    261, 258, 258, 260, 257, 261, 258, 260, 257, 258, 258, 260, 262, 259,
    262, 260, 260, 258, 259, 261, 261, 262, 260, 261, 261, 263, 260, 258,
    262, 259, 262, 261, 260, 259, 259, 259, 261, 258, 259, 261, 259, 259,
    263, 260, 263, 261, 263, 259, 260, 257, 260, 258, 256, 260, 259, 259,
    259, 258, 260, 257, 255, 256, 256, 258, 256, 256, 258, 258, 259, 259,
    260, 259, 261, 257, 258, 260, 260, 258, 257, 259, 262, 257, 257, 258,
    260, 260, 262, 260, 259 ]
headPositionsY: [ 75, 74, 76, 74, 73, 73, 72, 74, 75, 76, 76, 76, 74, 74,
    73, 76, 76, 72, 72, 73, 74, 73, 75, 73, 77, 76, 76, 77, 76, 76, 74,
    73, 76, 73, 77, 76, 78, 77, 75, 74, 77, 75, 74, 77, 76, 77, 75, 71,
    70, 69, 68, 69, 66, 66, 68, 71, 76, 74, 78, 80, 80, 78, 78, 72, 73,
    67, 68, 67, 68, 73, 72, 75, 78, 78, 84, 83, 81, 78, 75, 72, 69, 72,
    70, 71, 74, 78, 76, 81, 80, 78, 81, 78, 76, 75, 78, 74, 76, 76, 77,
    76 ]
