%YAML:1.0
---
videoName: "headShake24.mp4"
gestureLabel: 201
fps: 29
pixelSizeInCmTemp: 3.2808219178082193e-01
faceCenterPointX: 240
faceCenterPointY: 78
headPositionsX: [ 240, 249, 252, 253, 255, 255, 253, 255, 251, 251, 249,
    246, 246, 244, 239, 234, 235, 231, 232, 231, 233, 227, 233, 232, 230,
    233, 237, 241, 243, 241, 244, 248, 248, 252, 251, 248, 249, 250, 249,
    246, 246, 244, 239, 238, 238, 238, 233, 236, 235, 234, 237, 234, 236,
    234, 238, 241, 240, 242, 244, 247, 246, 244, 248, 249, 250, 247, 247,
    248, 246, 247, 242, 242, 244, 239, 239, 242, 240, 237, 240, 238, 240,
    238, 239, 238, 238, 238, 239, 238, 238, 240, 242, 241, 241, 242, 242,
    239, 241, 241, 238, 241 ]
headPositionsY: [ 78, 74, 75, 73, 77, 76, 75, 77, 78, 77, 76, 76, 76, 78,
    76, 75, 75, 76, 79, 78, 75, 76, 80, 78, 75, 78, 77, 77, 79, 75, 75,
    79, 75, 77, 77, 79, 78, 80, 78, 78, 79, 78, 76, 77, 78, 78, 77, 79,
    78, 78, 77, 80, 78, 76, 76, 78, 76, 75, 77, 79, 79, 77, 78, 75, 76,
    78, 76, 75, 75, 80, 77, 80, 78, 78, 78, 74, 80, 75, 75, 77, 78, 79,
    75, 80, 79, 77, 79, 80, 76, 76, 78, 76, 79, 78, 80, 75, 76, 80, 77,
    76 ]
