%YAML:1.0
---
videoName: "headNod41.mp4"
gestureLabel: 202
fps: 29
pixelSizeInCmTemp: 2.9937500000000000e-01
faceCenterPointX: 267
faceCenterPointY: 76
headPositionsX: [ 268, 270, 271, 269, 272, 271, 270, 271, 271, 268, 271,
    271, 269, 272, 268, 272, 269, 269, 271, 272, 272, 269, 269, 269, 270,
    269, 271, 269, 269, 269, 272, 271, 271, 269, 269, 267, 268, 270, 269,
    267, 271, 268, 269, 270, 268, 269, 269, 267, 269, 269, 269, 271, 271,
    271, 268, 267, 268, 269, 267, 267, 271, 269, 268, 271, 269, 267, 266,
    269, 268, 269, 267, 267, 270, 267, 268, 265, 266, 268, 269, 269, 267,
    267, 269, 265, 269, 268, 269, 266, 270, 266, 270, 266, 267, 265, 268,
    268, 269, 266, 265, 268 ]
headPositionsY: [ 78, 69, 72, 72, 74, 75, 71, 75, 74, 74, 74, 72, 76, 73,
    76, 73, 75, 76, 75, 73, 75, 72, 76, 73, 73, 76, 74, 76, 72, 75, 74,
    72, 75, 73, 74, 73, 76, 73, 77, 75, 80, 83, 87, 86, 90, 92, 90, 87,
    82, 80, 80, 68, 69, 67, 64, 64, 65, 69, 70, 77, 81, 87, 94, 93, 90,
    91, 88, 80, 77, 75, 72, 73, 70, 73, 69, 79, 78, 81, 83, 83, 81, 81,
    74, 74, 76, 74, 73, 74, 72, 74, 76, 78, 78, 80, 78, 80, 79, 75, 78,
    76 ]
