%YAML:1.0
---
videoName: "headLookLeft4.mp4"
gestureLabel: 203
fps: 29
pixelSizeInCmTemp: 3.4710144927536229e-01
faceCenterPointX: 288
faceCenterPointY: 74
headPositionsX: [ 286, 265, 264, 264, 268, 266, 268, 268, 275, 272, 274,
    278, 283, 283, 284, 288, 295, 293, 298, 294, 296, 293, 295, 294, 291,
    293, 294, 298, 296, 295, 295, 294, 294, 291, 292, 294, 296, 294, 297,
    291, 289, 288, 294, 297, 292, 288, 289, 290, 289, 289, 292, 290, 291,
    291, 289, 286, 287, 289, 288, 288, 288, 287, 289, 289, 291, 291, 288,
    290, 289, 289, 289, 293, 289, 294, 291, 288, 294, 286, 295, 290, 293,
    292, 293, 292, 288, 289, 289, 290, 294, 290, 291, 289, 290, 289, 291,
    289, 289, 289, 287, 290 ]
headPositionsY: [ 74, 79, 80, 80, 80, 80, 81, 76, 78, 75, 79, 78, 76, 75,
    79, 77, 79, 79, 78, 80, 74, 76, 74, 74, 73, 75, 74, 81, 77, 75, 77,
    76, 78, 76, 76, 77, 78, 75, 74, 75, 78, 76, 74, 75, 77, 74, 73, 78,
    72, 74, 73, 75, 73, 73, 72, 72, 72, 77, 71, 73, 74, 77, 75, 76, 75,
    76, 75, 76, 74, 75, 74, 72, 76, 74, 75, 76, 78, 74, 78, 75, 75, 75,
    77, 76, 75, 72, 76, 74, 73, 73, 76, 74, 77, 74, 74, 73, 74, 75, 73,
    76 ]
