%YAML:1.0
---
videoName: "headLookLeft0.mp4"
gestureLabel: 203
fps: 29
pixelSizeInCmTemp: 3.6287878787878786e-01
faceCenterPointX: 286
faceCenterPointY: 69
headPositionsX: [ 284, 256, 253, 256, 256, 252, 252, 253, 253, 251, 255,
    253, 253, 255, 255, 255, 253, 251, 256, 254, 255, 256, 256, 256, 256,
    255, 255, 257, 254, 252, 255, 253, 256, 252, 253, 253, 256, 257, 255,
    258, 254, 257, 257, 257, 256, 255, 256, 256, 257, 253, 255, 253, 257,
    257, 253, 253, 255, 254, 256, 256, 257, 257, 257, 257, 253, 257, 253,
    253, 254, 253, 257, 255, 253, 257, 255, 254, 255, 256, 258, 261, 260,
    262, 268, 265, 270, 272, 276, 277, 283, 276, 282, 278, 279, 283, 284,
    284, 285, 287, 287, 286 ]
headPositionsY: [ 67, 70, 69, 70, 68, 71, 70, 67, 67, 70, 70, 69, 71, 68,
    69, 70, 67, 68, 69, 71, 72, 68, 71, 72, 69, 68, 70, 69, 69, 72, 70,
    69, 70, 68, 73, 71, 73, 72, 72, 73, 72, 71, 71, 72, 73, 69, 69, 73,
    69, 73, 73, 72, 69, 69, 70, 71, 74, 70, 70, 72, 71, 73, 70, 69, 71,
    70, 69, 69, 70, 71, 71, 73, 70, 72, 72, 72, 71, 70, 70, 71, 72, 71,
    69, 68, 68, 69, 67, 71, 70, 67, 64, 65, 66, 68, 70, 69, 68, 71, 68,
    68 ]
