%YAML:1.0
---
videoName: "headNod5.mp4"
gestureLabel: 202
fps: 29
pixelSizeInCmTemp: 3.1513157894736843e-01
faceCenterPointX: 263
faceCenterPointY: 75
headPositionsX: [ 263, 266, 262, 262, 264, 262, 263, 263, 262, 261, 264,
    264, 264, 261, 261, 264, 262, 266, 266, 265, 265, 266, 266, 263, 265,
    263, 266, 266, 268, 266, 264, 268, 264, 267, 268, 265, 264, 267, 264,
    268, 264, 265, 266, 264, 266, 267, 267, 263, 266, 265, 263, 267, 266,
    262, 265, 264, 262, 266, 265, 263, 262, 265, 263, 262, 265, 264, 263,
    262, 264, 265, 265, 264, 266, 265, 263, 266, 263, 266, 262, 264, 264,
    264, 264, 261, 266, 260, 263, 263, 264, 263, 264, 261, 264, 261, 264,
    260, 263, 262, 259, 262 ]
headPositionsY: [ 75, 75, 76, 71, 74, 72, 73, 74, 76, 72, 75, 74, 72, 77,
    73, 74, 77, 76, 73, 73, 74, 76, 75, 75, 77, 77, 77, 77, 74, 75, 75,
    75, 78, 74, 76, 78, 79, 76, 80, 76, 76, 76, 78, 75, 75, 77, 80, 80,
    79, 78, 77, 81, 85, 85, 82, 83, 81, 75, 73, 75, 75, 79, 83, 83, 87,
    86, 83, 82, 78, 74, 75, 74, 77, 79, 83, 85, 85, 84, 80, 79, 76, 73,
    72, 74, 74, 80, 78, 79, 80, 81, 79, 80, 77, 73, 73, 73, 76, 75, 75,
    75 ]
