%YAML:1.0
---
videoName: "headShake21.mp4"
gestureLabel: 201
fps: 29
pixelSizeInCmTemp: 3.1933333333333330e-01
faceCenterPointX: 241
faceCenterPointY: 78
headPositionsX: [ 241, 246, 244, 242, 245, 243, 240, 242, 240, 244, 241,
    242, 242, 241, 240, 240, 244, 243, 241, 241, 244, 241, 243, 242, 241,
    242, 243, 241, 243, 242, 244, 244, 245, 245, 242, 244, 243, 241, 241,
    244, 242, 242, 243, 243, 242, 241, 240, 244, 239, 240, 240, 243, 243,
    241, 243, 242, 239, 244, 244, 243, 242, 240, 242, 239, 240, 241, 240,
    241, 244, 250, 249, 254, 252, 250, 247, 240, 238, 233, 235, 233, 234,
    236, 237, 242, 243, 240, 241, 242, 238, 237, 240, 237, 240, 240, 239,
    243, 242, 243, 243, 240 ]
headPositionsY: [ 79, 85, 80, 80, 76, 74, 75, 72, 73, 72, 73, 71, 73, 70,
    68, 72, 70, 69, 73, 69, 70, 74, 72, 74, 71, 76, 74, 72, 77, 74, 76,
    77, 75, 76, 75, 76, 75, 75, 79, 74, 78, 79, 79, 79, 79, 79, 77, 79,
    79, 80, 76, 76, 75, 79, 80, 77, 76, 79, 76, 76, 76, 76, 76, 79, 78,
    80, 77, 78, 77, 77, 76, 76, 76, 78, 79, 81, 81, 77, 76, 78, 77, 78,
    77, 79, 78, 79, 80, 79, 76, 78, 80, 76, 81, 76, 76, 80, 80, 76, 78,
    80 ]
