%YAML:1.0
---
videoName: "headLookRight0.mp4"
gestureLabel: 204
fps: 29
pixelSizeInCmTemp: 3.1933333333333330e-01
faceCenterPointX: 229
faceCenterPointY: 68
headPositionsX: [ 229, 258, 256, 257, 254, 258, 258, 258, 254, 254, 258,
    258, 257, 259, 258, 255, 254, 257, 254, 257, 255, 255, 255, 254, 256,
    254, 254, 257, 254, 256, 254, 254, 253, 253, 257, 253, 254, 254, 253,
    253, 253, 248, 246, 245, 241, 239, 237, 239, 235, 235, 233, 233, 235,
    232, 235, 234, 233, 234, 234, 231, 234, 232, 232, 233, 229, 234, 235,
    232, 233, 236, 234, 237, 235, 236, 231, 230, 231, 230, 229, 232, 234,
    233, 234, 231, 230, 230, 234, 233, 228, 229, 229, 230, 232, 228, 231,
    231, 231, 233, 225, 228 ]
headPositionsY: [ 67, 64, 65, 67, 67, 64, 63, 62, 66, 64, 66, 66, 68, 68,
    67, 68, 68, 66, 68, 69, 67, 67, 68, 67, 68, 65, 68, 65, 69, 69, 65,
    69, 69, 69, 67, 70, 66, 68, 68, 66, 69, 66, 67, 66, 65, 70, 68, 68,
    66, 65, 69, 67, 69, 69, 69, 66, 67, 67, 67, 66, 70, 70, 66, 69, 69,
    66, 68, 66, 68, 70, 66, 69, 70, 67, 69, 69, 70, 65, 71, 67, 70, 70,
    68, 68, 66, 70, 71, 67, 65, 68, 70, 70, 69, 67, 70, 70, 67, 65, 70,
    67 ]
