%YAML:1.0
---
videoName: "headLookRight2.mp4"
gestureLabel: 204
fps: 29
pixelSizeInCmTemp: 3.8015873015873014e-01
faceCenterPointX: 228
faceCenterPointY: 68
headPositionsX: [ 229, 252, 251, 249, 252, 253, 251, 252, 250, 254, 253,
    253, 250, 250, 254, 254, 254, 252, 251, 254, 254, 251, 252, 251, 254,
    254, 253, 253, 252, 255, 254, 255, 255, 251, 252, 251, 252, 252, 254,
    252, 253, 252, 252, 254, 254, 253, 251, 253, 252, 249, 249, 246, 246,
    238, 238, 234, 236, 234, 230, 228, 228, 227, 230, 227, 230, 227, 227,
    227, 223, 224, 227, 230, 227, 231, 227, 230, 227, 229, 227, 229, 232,
    231, 227, 226, 227, 229, 230, 224, 228, 229, 227, 226, 230, 228, 227,
    228, 229, 230, 227, 228 ]
headPositionsY: [ 67, 67, 70, 66, 67, 69, 66, 69, 69, 69, 68, 71, 67, 69,
    69, 70, 71, 68, 71, 67, 71, 71, 70, 69, 70, 70, 71, 70, 71, 69, 72,
    67, 68, 70, 68, 69, 69, 70, 68, 70, 68, 69, 69, 71, 67, 69, 68, 68,
    69, 67, 67, 71, 69, 67, 71, 70, 68, 72, 70, 69, 66, 69, 69, 66, 66,
    67, 69, 69, 72, 67, 72, 69, 69, 69, 68, 72, 69, 72, 68, 69, 68, 72,
    69, 74, 68, 70, 69, 70, 69, 70, 68, 69, 70, 71, 70, 68, 71, 68, 73,
    70 ]
