%YAML:1.0
---
videoName: "headNod48.mp4"
gestureLabel: 202
fps: 29
pixelSizeInCmTemp: 2.8855421686746985e-01
faceCenterPointX: 264
faceCenterPointY: 72
headPositionsX: [ 263, 263, 264, 263, 265, 264, 265, 267, 264, 264, 266,
    265, 265, 263, 262, 261, 262, 263, 262, 264, 262, 260, 260, 262, 260,
    262, 258, 259, 260, 260, 259, 262, 262, 260, 260, 262, 264, 262, 264,
    262, 264, 261, 261, 260, 260, 260, 263, 263, 262, 262, 263, 263, 260,
    261, 263, 260, 262, 264, 261, 260, 261, 262, 265, 264, 262, 265, 261,
    261, 265, 262, 263, 264, 263, 263, 265, 263, 266, 265, 264, 265, 266,
    264, 265, 263, 266, 263, 265, 268, 266, 266, 266, 263, 264, 268, 264,
    266, 265, 264, 267, 267 ]
headPositionsY: [ 71, 74, 79, 80, 79, 75, 75, 73, 69, 63, 63, 63, 60, 65,
    67, 71, 75, 79, 84, 88, 85, 88, 86, 83, 80, 73, 72, 67, 67, 63, 61,
    64, 64, 64, 69, 71, 76, 75, 83, 81, 82, 81, 79, 78, 75, 77, 72, 74,
    73, 69, 72, 73, 76, 78, 81, 79, 79, 77, 75, 71, 72, 71, 73, 74, 73,
    77, 77, 75, 78, 75, 78, 76, 75, 72, 69, 69, 70, 70, 71, 75, 76, 77,
    72, 72, 73, 72, 74, 69, 74, 73, 72, 73, 74, 72, 71, 72, 74, 72, 73,
    73 ]
