%YAML:1.0
---
videoName: "headLookLeft5.mp4"
gestureLabel: 203
fps: 30
pixelSizeInCmTemp: 3.5746268656716418e-01
faceCenterPointX: 284
faceCenterPointY: 67
headPositionsX: [ 282, 259, 259, 260, 261, 262, 260, 259, 261, 258, 261,
    261, 261, 260, 264, 264, 264, 261, 263, 265, 265, 264, 267, 268, 269,
    275, 276, 277, 278, 278, 279, 284, 283, 280, 285, 286, 289, 284, 285,
    284, 283, 284, 283, 284, 287, 283, 286, 288, 284, 284, 287, 282, 284,
    282, 285, 285, 285, 282, 282, 284, 283, 282, 281, 284, 283, 282, 283,
    283, 283, 282, 286, 283, 282, 284, 283, 285, 289, 284, 284, 283, 283,
    284, 286, 287, 286, 286, 285, 283, 283, 286, 283, 284, 286, 285, 283,
    283, 282, 282, 283, 283 ]
headPositionsY: [ 65, 72, 69, 70, 74, 72, 69, 72, 70, 72, 71, 70, 73, 73,
    72, 72, 72, 71, 71, 72, 73, 74, 73, 68, 72, 72, 71, 69, 69, 68, 68,
    70, 71, 70, 68, 68, 70, 70, 68, 70, 70, 68, 69, 68, 70, 68, 69, 66,
    69, 71, 68, 70, 68, 69, 69, 67, 67, 66, 67, 70, 66, 68, 66, 67, 70,
    70, 69, 69, 69, 69, 70, 71, 71, 68, 70, 71, 70, 69, 68, 65, 66, 67,
    70, 66, 70, 71, 65, 70, 68, 69, 66, 70, 70, 68, 70, 68, 67, 67, 67,
    69 ]
