%YAML:1.0
---
videoName: "headShake30.mp4"
gestureLabel: 201
fps: 29
pixelSizeInCmTemp: 3.2808219178082193e-01
faceCenterPointX: 240
faceCenterPointY: 68
headPositionsX: [ 241, 232, 234, 234, 232, 235, 232, 234, 234, 236, 237,
    234, 239, 240, 241, 239, 239, 240, 241, 244, 242, 244, 244, 244, 242,
    244, 241, 243, 240, 243, 239, 238, 238, 242, 241, 237, 239, 239, 243,
    248, 251, 256, 256, 257, 261, 260, 256, 257, 250, 244, 239, 231, 226,
    225, 222, 225, 228, 234, 239, 246, 250, 252, 252, 253, 246, 244, 237,
    233, 226, 225, 227, 226, 231, 236, 243, 243, 247, 250, 251, 250, 250,
    246, 244, 237, 239, 237, 236, 238, 237, 240, 238, 240, 242, 239, 240,
    242, 239, 239, 241, 237 ]
headPositionsY: [ 66, 54, 58, 55, 58, 60, 59, 58, 63, 64, 62, 65, 62, 65,
    66, 63, 64, 65, 68, 66, 64, 66, 67, 66, 67, 65, 67, 67, 65, 64, 65,
    67, 65, 68, 64, 68, 64, 64, 64, 66, 66, 66, 66, 63, 63, 64, 66, 65,
    68, 67, 67, 67, 69, 69, 69, 66, 71, 67, 69, 71, 68, 65, 68, 70, 68,
    67, 67, 70, 69, 66, 67, 67, 66, 70, 66, 65, 66, 66, 69, 66, 68, 65,
    67, 69, 68, 68, 70, 69, 66, 67, 68, 69, 69, 69, 69, 68, 70, 69, 68,
    68 ]
