%YAML:1.0
---
videoName: "headShake0.mp4"
gestureLabel: 201
fps: 29
pixelSizeInCmTemp: 3.2808219178082193e-01
faceCenterPointX: 279
faceCenterPointY: 94
headPositionsX: [ 279, 279, 281, 278, 277, 278, 278, 278, 280, 281, 279,
    280, 278, 278, 279, 278, 280, 279, 280, 281, 280, 281, 277, 277, 279,
    280, 280, 279, 279, 279, 280, 281, 280, 280, 280, 280, 281, 279, 278,
    279, 279, 282, 283, 286, 290, 293, 297, 299, 301, 300, 299, 294, 288,
    284, 278, 277, 273, 274, 274, 276, 280, 284, 289, 291, 291, 287, 287,
    280, 276, 275, 271, 270, 274, 275, 280, 284, 282, 286, 286, 281, 282,
    280, 279, 277, 274, 277, 279, 275, 278, 278, 278, 278, 278, 279, 277,
    279, 277, 277, 281, 280 ]
headPositionsY: [ 95, 91, 93, 93, 95, 95, 91, 92, 93, 95, 94, 91, 92, 92,
    92, 93, 91, 95, 92, 91, 93, 91, 94, 95, 95, 95, 91, 93, 94, 90, 90,
    91, 95, 95, 93, 93, 92, 95, 91, 95, 91, 94, 91, 90, 91, 92, 93, 93,
    94, 91, 90, 89, 91, 92, 94, 93, 94, 91, 94, 92, 93, 90, 90, 92, 90,
    93, 94, 94, 93, 92, 94, 95, 92, 91, 91, 95, 91, 93, 94, 91, 96, 93,
    94, 92, 94, 94, 94, 93, 93, 96, 95, 94, 95, 92, 96, 95, 93, 97, 93,
    95 ]
