%YAML:1.0
---
videoName: "headNod20.mp4"
gestureLabel: 202
fps: 30
pixelSizeInCmTemp: 3.2808219178082193e-01
faceCenterPointX: 253
faceCenterPointY: 80
headPositionsX: [ 254, 257, 257, 255, 255, 257, 254, 257, 258, 255, 255,
    254, 253, 256, 257, 253, 257, 255, 253, 254, 257, 255, 256, 253, 255,
    253, 256, 256, 256, 256, 256, 253, 257, 258, 258, 252, 256, 254, 255,
    252, 256, 254, 255, 253, 255, 254, 255, 250, 252, 250, 254, 254, 253,
    251, 249, 249, 253, 252, 249, 251, 250, 251, 251, 254, 252, 254, 254,
    254, 251, 251, 253, 252, 251, 253, 255, 252, 252, 253, 251, 251, 254,
    250, 255, 253, 252, 250, 254, 251, 254, 256, 254, 255, 254, 254, 252,
    254, 253, 253, 251, 256 ]
headPositionsY: [ 79, 76, 76, 80, 78, 80, 76, 77, 80, 76, 77, 77, 79, 79,
    77, 76, 81, 79, 77, 77, 76, 76, 80, 77, 80, 80, 77, 81, 79, 83, 84,
    84, 87, 88, 88, 85, 80, 77, 76, 72, 71, 72, 73, 76, 78, 78, 83, 88,
    86, 88, 88, 82, 81, 77, 76, 74, 75, 79, 78, 80, 81, 81, 83, 78, 78,
    77, 81, 82, 82, 83, 82, 79, 80, 80, 80, 79, 83, 82, 80, 80, 83, 78,
    78, 82, 81, 80, 79, 83, 83, 79, 79, 83, 82, 78, 82, 82, 79, 80, 79,
    82 ]
