%YAML:1.0
---
videoName: "headNod0.mp4"
gestureLabel: 202
fps: 29
pixelSizeInCmTemp: 3.2364864864864862e-01
faceCenterPointX: 264
faceCenterPointY: 76
headPositionsX: [ 263, 265, 266, 266, 268, 268, 267, 267, 267, 267, 268,
    267, 265, 264, 268, 266, 263, 263, 263, 267, 266, 267, 263, 266, 266,
    264, 264, 267, 265, 265, 266, 263, 268, 264, 268, 268, 265, 266, 265,
    264, 266, 267, 268, 262, 264, 264, 264, 265, 262, 263, 266, 266, 266,
    265, 265, 262, 266, 267, 265, 266, 267, 267, 266, 266, 268, 265, 265,
    266, 264, 264, 263, 266, 262, 265, 264, 262, 264, 264, 266, 266, 264,
    264, 266, 266, 263, 262, 266, 264, 266, 265, 264, 262, 263, 263, 265,
    266, 266, 266, 266, 264 ]
headPositionsY: [ 77, 71, 71, 73, 74, 72, 74, 71, 72, 75, 75, 71, 75, 74,
    72, 74, 73, 72, 71, 72, 73, 71, 74, 76, 75, 76, 71, 72, 75, 73, 69,
    66, 65, 66, 62, 63, 65, 63, 65, 64, 65, 71, 71, 74, 80, 82, 82, 83,
    80, 81, 76, 77, 70, 70, 67, 65, 68, 65, 64, 66, 72, 73, 73, 73, 79,
    80, 80, 81, 78, 79, 78, 77, 70, 71, 69, 69, 68, 68, 69, 68, 72, 71,
    71, 75, 76, 75, 76, 78, 81, 77, 76, 75, 76, 76, 74, 75, 77, 76, 74,
    76 ]
