%YAML:1.0
---
videoName: "headLookRight4.mp4"
gestureLabel: 204
fps: 30
pixelSizeInCmTemp: 3.4214285714285714e-01
faceCenterPointX: 228
faceCenterPointY: 75
headPositionsX: [ 228, 253, 252, 253, 255, 252, 252, 252, 254, 252, 256,
    252, 252, 254, 251, 255, 255, 253, 255, 253, 254, 252, 253, 251, 253,
    252, 250, 252, 250, 249, 249, 251, 248, 245, 246, 240, 239, 237, 234,
    232, 232, 230, 230, 231, 232, 227, 229, 227, 228, 226, 227, 227, 228,
    228, 229, 227, 225, 225, 226, 228, 225, 227, 225, 227, 224, 224, 227,
    225, 227, 226, 226, 228, 225, 222, 222, 225, 227, 227, 229, 229, 226,
    226, 225, 227, 227, 228, 224, 223, 225, 228, 227, 229, 226, 227, 230,
    226, 225, 228, 227, 228 ]
headPositionsY: [ 77, 71, 72, 73, 73, 70, 71, 70, 72, 70, 72, 74, 71, 73,
    72, 74, 74, 76, 73, 75, 72, 75, 74, 74, 73, 74, 72, 75, 74, 76, 71,
    74, 71, 75, 75, 74, 74, 72, 72, 71, 73, 73, 72, 71, 73, 70, 72, 74,
    71, 72, 73, 75, 76, 73, 76, 74, 74, 75, 76, 71, 76, 74, 75, 75, 72,
    71, 74, 78, 76, 73, 77, 76, 76, 72, 75, 73, 75, 77, 75, 77, 76, 76,
    73, 73, 72, 74, 73, 73, 73, 74, 72, 74, 75, 78, 77, 72, 74, 73, 72,
    76 ]
