%YAML:1.0
---
videoName: "headLookUp3.mp4"
gestureLabel: 205
fps: 29
pixelSizeInCmTemp: 3.7421874999999999e-01
faceCenterPointX: 254
faceCenterPointY: 68
headPositionsX: [ 254, 256, 257, 256, 256, 255, 253, 254, 255, 253, 254,
    257, 254, 254, 255, 255, 255, 257, 257, 257, 258, 254, 258, 259, 254,
    256, 254, 256, 254, 257, 255, 255, 258, 257, 255, 257, 258, 254, 256,
    256, 254, 257, 254, 255, 252, 258, 254, 256, 255, 257, 253, 254, 256,
    255, 254, 255, 256, 253, 252, 257, 253, 257, 255, 256, 253, 253, 255,
    252, 256, 255, 255, 254, 257, 255, 255, 257, 252, 257, 254, 253, 255,
    253, 255, 254, 255, 255, 257, 254, 257, 257, 255, 257, 257, 258, 256,
    255, 254, 259, 256, 258 ]
headPositionsY: [ 70, 82, 84, 82, 80, 81, 82, 83, 83, 81, 84, 82, 80, 82,
    81, 83, 80, 82, 81, 83, 82, 83, 85, 81, 81, 82, 84, 82, 83, 82, 81,
    81, 84, 83, 85, 83, 84, 81, 80, 78, 81, 79, 75, 74, 72, 73, 72, 71,
    68, 69, 68, 70, 66, 69, 69, 69, 70, 64, 70, 66, 66, 69, 67, 66, 66,
    65, 67, 65, 68, 69, 70, 68, 66, 66, 68, 66, 66, 67, 68, 66, 68, 66,
    68, 65, 69, 68, 68, 68, 69, 70, 66, 66, 68, 67, 66, 67, 68, 70, 66,
    67 ]
