%YAML:1.0
---
videoName: "headNod11.mp4"
gestureLabel: 202
fps: 29
pixelSizeInCmTemp: 3.2364864864864862e-01
faceCenterPointX: 261
faceCenterPointY: 75
headPositionsX: [ 260, 258, 259, 260, 258, 260, 260, 259, 256, 257, 261,
    261, 259, 258, 259, 259, 259, 258, 258, 258, 259, 260, 259, 259, 263,
    259, 261, 262, 260, 259, 260, 259, 260, 261, 260, 261, 260, 258, 260,
    262, 259, 260, 262, 260, 260, 262, 260, 259, 262, 262, 259, 259, 260,
    262, 259, 259, 262, 262, 259, 259, 259, 260, 261, 257, 257, 259, 258,
    260, 257, 256, 256, 257, 256, 257, 260, 255, 258, 257, 255, 259, 258,
    258, 258, 259, 258, 257, 257, 260, 260, 259, 260, 259, 260, 261, 262,
    262, 260, 259, 258, 258 ]
headPositionsY: [ 74, 76, 74, 76, 76, 77, 75, 74, 75, 76, 76, 73, 76, 74,
    75, 73, 73, 72, 72, 72, 76, 76, 72, 73, 76, 73, 76, 73, 76, 76, 74,
    76, 74, 74, 73, 76, 77, 73, 74, 74, 73, 78, 73, 75, 74, 73, 74, 74,
    71, 72, 68, 68, 69, 69, 69, 72, 74, 74, 77, 79, 80, 81, 79, 73, 71,
    71, 66, 67, 71, 74, 76, 77, 80, 79, 82, 83, 79, 78, 76, 75, 73, 72,
    69, 72, 73, 74, 80, 78, 80, 81, 80, 78, 77, 76, 75, 77, 74, 74, 78,
    77 ]
