%YAML:1.0
---
videoName: "headShake35.mp4"
gestureLabel: 201
fps: 29
pixelSizeInCmTemp: 3.2364864864864862e-01
faceCenterPointX: 267
faceCenterPointY: 82
headPositionsX: [ 267, 269, 265, 265, 266, 268, 270, 268, 266, 267, 269,
    266, 269, 268, 269, 266, 266, 271, 271, 270, 268, 265, 268, 267, 269,
    265, 270, 269, 267, 271, 267, 269, 267, 269, 270, 268, 268, 267, 266,
    269, 269, 267, 266, 268, 266, 266, 268, 265, 267, 269, 267, 268, 270,
    267, 268, 266, 268, 269, 268, 267, 267, 267, 266, 271, 275, 274, 280,
    278, 282, 280, 274, 269, 268, 262, 262, 260, 259, 262, 264, 272, 274,
    275, 275, 272, 270, 267, 265, 262, 260, 261, 261, 264, 265, 265, 267,
    269, 265, 266, 267, 269 ]
headPositionsY: [ 80, 79, 78, 77, 81, 79, 79, 79, 81, 78, 78, 81, 80, 80,
    79, 78, 81, 82, 81, 78, 80, 80, 81, 79, 79, 82, 79, 80, 80, 79, 80,
    78, 79, 81, 82, 78, 82, 78, 79, 80, 79, 82, 78, 82, 82, 78, 80, 81,
    82, 80, 79, 81, 80, 78, 82, 79, 80, 82, 82, 79, 80, 80, 82, 82, 78,
    82, 79, 78, 80, 80, 83, 80, 79, 80, 79, 81, 81, 83, 81, 81, 83, 82,
    81, 83, 81, 80, 82, 81, 79, 79, 80, 82, 80, 80, 79, 79, 81, 80, 83,
    80 ]
