%YAML:1.0
---
videoName: "headNod8.mp4"
gestureLabel: 202
fps: 29
pixelSizeInCmTemp: 3.1933333333333330e-01
faceCenterPointX: 262
faceCenterPointY: 74
headPositionsX: [ 262, 264, 263, 259, 263, 262, 262, 260, 261, 261, 262,
    264, 261, 261, 259, 262, 263, 263, 263, 262, 262, 261, 260, 262, 261,
    258, 263, 263, 262, 262, 260, 263, 261, 259, 259, 261, 259, 262, 260,
    260, 262, 260, 261, 261, 263, 261, 263, 260, 263, 261, 261, 263, 261,
    262, 259, 260, 259, 257, 260, 258, 259, 260, 261, 261, 260, 264, 261,
    260, 262, 263, 262, 260, 262, 261, 263, 260, 262, 261, 260, 261, 259,
    264, 265, 262, 263, 264, 263, 261, 263, 262, 264, 261, 263, 260, 262,
    264, 262, 265, 262, 265 ]
headPositionsY: [ 74, 75, 75, 76, 76, 78, 75, 79, 78, 76, 74, 75, 76, 74,
    76, 74, 75, 78, 78, 74, 76, 74, 77, 78, 76, 74, 74, 76, 79, 76, 77,
    77, 79, 78, 76, 79, 75, 77, 75, 73, 71, 72, 71, 69, 67, 67, 69, 68,
    71, 74, 77, 78, 83, 81, 81, 80, 76, 73, 71, 70, 71, 69, 71, 74, 76,
    80, 81, 86, 83, 81, 79, 74, 71, 71, 72, 73, 74, 74, 77, 81, 82, 82,
    83, 78, 76, 75, 74, 71, 70, 71, 72, 77, 74, 80, 79, 77, 78, 78, 78,
    76 ]
