%YAML:1.0
---
videoName: "headShake3.mp4"
gestureLabel: 201
fps: 30
pixelSizeInCmTemp: 3.3263888888888887e-01
faceCenterPointX: 240
faceCenterPointY: 101
headPositionsX: [ 242, 243, 240, 240, 242, 240, 243, 239, 239, 242, 239,
    242, 243, 240, 240, 243, 244, 244, 243, 240, 241, 239, 243, 242, 240,
    241, 241, 243, 239, 239, 238, 239, 241, 243, 246, 247, 255, 256, 257,
    257, 255, 250, 248, 243, 236, 234, 232, 231, 228, 231, 234, 238, 241,
    250, 252, 251, 251, 247, 245, 239, 234, 227, 227, 224, 222, 226, 230,
    232, 241, 242, 244, 244, 247, 246, 244, 244, 239, 236, 233, 233, 231,
    234, 236, 232, 234, 234, 237, 235, 241, 238, 238, 242, 240, 241, 239,
    241, 243, 241, 239, 240 ]
headPositionsY: [ 101, 98, 99, 100, 101, 97, 99, 99, 97, 97, 97, 98, 97,
    99, 98, 97, 97, 98, 100, 98, 97, 98, 99, 97, 100, 100, 97, 97, 96,
    100, 96, 100, 99, 98, 100, 100, 99, 94, 100, 98, 97, 96, 101, 98,
    101, 101, 99, 98, 100, 100, 96, 101, 99, 97, 99, 97, 96, 98, 98, 97,
    100, 100, 100, 98, 96, 98, 98, 97, 100, 99, 99, 98, 98, 97, 98, 99,
    97, 102, 101, 101, 98, 101, 100, 100, 101, 101, 99, 100, 100, 98,
    100, 101, 101, 99, 99, 102, 103, 101, 103, 99 ]
