%YAML:1.0
---
videoName: "headShake48.mp4"
gestureLabel: 201
fps: 29
pixelSizeInCmTemp: 3.1103896103896100e-01
faceCenterPointX: 258
faceCenterPointY: 85
headPositionsX: [ 259, 262, 258, 260, 256, 257, 261, 260, 261, 261, 258,
    262, 262, 262, 262, 258, 261, 259, 259, 261, 261, 259, 261, 260, 260,
    257, 256, 256, 256, 258, 262, 258, 258, 260, 259, 265, 267, 271, 274,
    274, 275, 274, 272, 265, 262, 253, 249, 249, 245, 249, 251, 257, 262,
    267, 269, 266, 263, 262, 255, 253, 252, 251, 252, 258, 263, 264, 267,
    267, 266, 264, 256, 250, 250, 248, 248, 252, 258, 259, 262, 264, 265,
    266, 262, 263, 263, 261, 259, 261, 259, 260, 261, 258, 260, 258, 257,
    258, 261, 259, 260, 258 ]
headPositionsY: [ 86, 79, 78, 80, 79, 81, 81, 79, 79, 81, 80, 78, 82, 79,
    82, 80, 79, 78, 81, 83, 83, 80, 83, 80, 81, 81, 82, 79, 81, 84, 82,
    80, 79, 82, 84, 81, 80, 80, 81, 83, 82, 81, 86, 84, 82, 85, 82, 81,
    85, 84, 83, 87, 86, 84, 85, 87, 84, 86, 85, 86, 86, 85, 86, 87, 88,
    88, 87, 87, 85, 84, 89, 87, 88, 85, 86, 84, 88, 87, 86, 86, 84, 87,
    85, 84, 89, 86, 88, 86, 86, 84, 87, 87, 84, 83, 88, 85, 87, 88, 87,
    84 ]
