%YAML:1.0
---
videoName: "headNod15.mp4"
gestureLabel: 202
fps: 29
pixelSizeInCmTemp: 3.1933333333333330e-01
faceCenterPointX: 255
faceCenterPointY: 74
headPositionsX: [ 257, 255, 258, 258, 257, 257, 255, 256, 255, 255, 258,
    257, 254, 258, 257, 258, 254, 254, 257, 257, 254, 255, 254, 258, 258,
    256, 255, 255, 253, 255, 257, 257, 255, 253, 256, 254, 255, 253, 255,
    254, 257, 256, 253, 256, 253, 256, 255, 254, 253, 253, 256, 257, 255,
    253, 254, 255, 256, 255, 254, 257, 252, 255, 255, 257, 253, 255, 258,
    256, 255, 256, 255, 253, 256, 255, 254, 253, 254, 252, 252, 253, 254,
    251, 252, 253, 256, 254, 255, 256, 256, 257, 252, 255, 252, 254, 253,
    255, 254, 252, 254, 256 ]
headPositionsY: [ 72, 76, 74, 73, 74, 76, 75, 74, 72, 73, 71, 73, 72, 75,
    74, 73, 72, 76, 72, 72, 76, 75, 72, 75, 76, 75, 73, 71, 75, 74, 72,
    74, 75, 73, 73, 77, 77, 79, 78, 83, 82, 82, 77, 77, 77, 72, 71, 69,
    73, 73, 77, 82, 80, 81, 79, 76, 75, 70, 69, 70, 70, 73, 72, 80, 80,
    83, 81, 82, 81, 77, 72, 72, 72, 72, 72, 73, 76, 79, 77, 75, 73, 73,
    72, 71, 71, 71, 70, 74, 74, 75, 73, 75, 74, 70, 72, 73, 74, 72, 75,
    73 ]
