%YAML:1.0
---
videoName: "headLookUp1.mp4"
gestureLabel: 205
fps: 29
pixelSizeInCmTemp: 3.7421874999999999e-01
faceCenterPointX: 258
faceCenterPointY: 66
headPositionsX: [ 259, 256, 260, 260, 258, 260, 257, 261, 259, 260, 260,
    258, 261, 261, 256, 260, 259, 256, 258, 257, 259, 259, 260, 258, 261,
    258, 260, 258, 260, 259, 257, 260, 260, 261, 261, 257, 257, 260, 260,
    257, 258, 258, 258, 257, 258, 260, 257, 259, 259, 259, 260, 257, 258,
    257, 257, 258, 261, 256, 258, 255, 256, 259, 260, 259, 254, 256, 260,
    256, 260, 256, 256, 260, 260, 257, 258, 259, 260, 259, 261, 260, 261,
    258, 260, 256, 259, 257, 259, 259, 256, 257, 256, 257, 259, 257, 256,
    258, 256, 257, 258, 260 ]
headPositionsY: [ 68, 81, 82, 80, 81, 82, 83, 79, 80, 80, 82, 79, 84, 80,
    80, 80, 79, 79, 80, 80, 80, 81, 80, 81, 82, 83, 83, 81, 81, 82, 79,
    82, 82, 80, 79, 80, 80, 79, 78, 80, 79, 77, 79, 75, 76, 71, 70, 68,
    67, 69, 69, 68, 65, 64, 69, 63, 68, 62, 64, 65, 65, 63, 66, 64, 65,
    65, 68, 64, 67, 66, 65, 66, 64, 68, 68, 66, 65, 64, 65, 64, 68, 65,
    65, 65, 66, 69, 67, 65, 64, 67, 63, 70, 67, 67, 65, 66, 67, 66, 64,
    67 ]
