%YAML:1.0
---
videoName: "headShake2.mp4"
gestureLabel: 201
fps: 29
pixelSizeInCmTemp: 3.4214285714285714e-01
faceCenterPointX: 276
faceCenterPointY: 98
headPositionsX: [ 276, 278, 276, 276, 279, 275, 277, 277, 277, 277, 277,
    278, 275, 275, 278, 277, 279, 279, 278, 277, 279, 279, 277, 279, 278,
    275, 279, 277, 279, 277, 279, 279, 275, 278, 278, 279, 277, 278, 279,
    277, 278, 277, 278, 283, 289, 288, 295, 294, 296, 295, 290, 289, 281,
    280, 275, 268, 265, 265, 263, 266, 274, 280, 284, 286, 291, 290, 288,
    287, 284, 278, 275, 273, 267, 270, 266, 271, 275, 279, 283, 285, 285,
    284, 288, 284, 283, 279, 278, 279, 279, 278, 273, 273, 274, 275, 274,
    275, 274, 275, 276, 275 ]
headPositionsY: [ 96, 100, 99, 97, 98, 97, 99, 100, 96, 99, 98, 97, 99,
    96, 97, 100, 98, 101, 98, 100, 98, 97, 101, 98, 100, 100, 101, 98,
    98, 97, 96, 99, 99, 98, 100, 102, 96, 98, 98, 97, 98, 100, 99, 99,
    99, 96, 96, 97, 98, 97, 94, 96, 97, 98, 98, 97, 96, 98, 96, 99, 96,
    98, 97, 98, 97, 97, 98, 96, 96, 98, 100, 97, 97, 97, 99, 99, 98, 99,
    97, 100, 96, 95, 99, 97, 99, 99, 100, 99, 100, 101, 98, 99, 101, 100,
    98, 101, 99, 100, 101, 101 ]
