%YAML:1.0
---
videoName: "headNod35.mp4"
gestureLabel: 202
fps: 30
pixelSizeInCmTemp: 2.9937500000000000e-01
faceCenterPointX: 268
faceCenterPointY: 78
headPositionsX: [ 268, 265, 268, 268, 270, 268, 269, 272, 271, 270, 271,
    268, 271, 271, 272, 270, 269, 268, 270, 268, 269, 268, 272, 268, 269,
    271, 272, 269, 268, 269, 271, 269, 269, 269, 271, 268, 271, 267, 269,
    267, 269, 269, 267, 266, 266, 270, 267, 267, 268, 269, 269, 268, 268,
    270, 268, 266, 270, 266, 270, 266, 266, 266, 266, 270, 271, 270, 267,
    267, 268, 268, 267, 271, 269, 270, 267, 267, 270, 269, 268, 270, 269,
    270, 265, 268, 268, 267, 268, 266, 264, 264, 269, 266, 268, 268, 268,
    268, 268, 266, 266, 265 ]
headPositionsY: [ 77, 78, 74, 77, 73, 78, 74, 74, 78, 78, 75, 77, 79, 76,
    78, 77, 78, 75, 77, 75, 79, 75, 77, 79, 76, 77, 76, 74, 71, 69, 66,
    68, 70, 70, 71, 75, 79, 86, 89, 92, 93, 91, 88, 84, 78, 79, 76, 76,
    76, 74, 79, 82, 85, 89, 87, 90, 88, 85, 80, 80, 74, 72, 70, 75, 75,
    73, 79, 81, 86, 86, 87, 84, 82, 81, 78, 75, 75, 76, 74, 77, 83, 84,
    86, 85, 86, 87, 82, 81, 83, 79, 78, 78, 77, 76, 76, 79, 81, 78, 80,
    76 ]
