%YAML:1.0
---
videoName: "headShake49.mp4"
gestureLabel: 201
fps: 30
pixelSizeInCmTemp: 2.8855421686746985e-01
faceCenterPointX: 259
faceCenterPointY: 84
headPositionsX: [ 259, 259, 262, 261, 259, 262, 260, 261, 262, 260, 260,
    261, 262, 259, 258, 260, 262, 259, 259, 260, 260, 261, 260, 260, 261,
    258, 261, 259, 260, 260, 261, 260, 262, 264, 270, 275, 276, 281, 282,
    282, 283, 279, 270, 267, 260, 252, 249, 246, 252, 257, 262, 270, 270,
    274, 274, 267, 260, 256, 253, 251, 249, 250, 255, 261, 267, 269, 268,
    265, 264, 261, 254, 251, 252, 257, 256, 263, 266, 268, 269, 270, 268,
    264, 263, 260, 259, 258, 256, 260, 258, 261, 258, 262, 260, 259, 261,
    258, 258, 261, 261, 258 ]
headPositionsY: [ 82, 83, 79, 81, 80, 80, 80, 82, 79, 78, 82, 79, 81, 80,
    81, 79, 79, 81, 79, 81, 82, 79, 79, 79, 81, 82, 80, 82, 81, 80, 84,
    83, 81, 81, 82, 80, 79, 79, 81, 81, 80, 79, 83, 86, 86, 83, 82, 85,
    81, 82, 82, 83, 84, 81, 86, 85, 83, 86, 83, 84, 83, 83, 83, 85, 86,
    86, 83, 83, 85, 84, 87, 85, 84, 82, 84, 84, 83, 84, 82, 84, 86, 84,
    85, 86, 83, 83, 84, 83, 84, 86, 85, 86, 85, 87, 82, 85, 87, 85, 84,
    83 ]
