%YAML:1.0
---
videoName: "headNod21.mp4"
gestureLabel: 202
fps: 29
pixelSizeInCmTemp: 3.2808219178082193e-01
faceCenterPointX: 253
faceCenterPointY: 78
headPositionsX: [ 252, 257, 254, 256, 253, 256, 256, 253, 255, 253, 253,
    254, 253, 256, 256, 256, 256, 256, 255, 252, 253, 253, 255, 255, 254,
    256, 255, 256, 257, 255, 258, 258, 254, 257, 256, 254, 254, 257, 254,
    258, 257, 256, 254, 258, 257, 256, 254, 257, 257, 255, 256, 253, 257,
    252, 254, 256, 254, 255, 255, 252, 256, 251, 251, 251, 252, 253, 250,
    249, 251, 250, 253, 249, 253, 251, 251, 252, 251, 251, 247, 253, 251,
    253, 252, 253, 249, 250, 254, 253, 253, 251, 255, 250, 253, 254, 252,
    256, 256, 255, 256, 255 ]
headPositionsY: [ 79, 81, 79, 78, 79, 76, 76, 76, 81, 80, 79, 80, 80, 80,
    80, 80, 81, 81, 78, 77, 77, 78, 80, 81, 78, 80, 79, 78, 82, 81, 82,
    82, 83, 81, 76, 75, 73, 76, 76, 78, 77, 81, 82, 84, 80, 82, 78, 78,
    76, 77, 80, 81, 86, 85, 84, 80, 78, 76, 77, 77, 78, 83, 82, 81, 84,
    83, 78, 77, 77, 76, 78, 79, 78, 81, 81, 81, 80, 79, 80, 77, 75, 77,
    78, 77, 80, 81, 78, 77, 77, 78, 79, 79, 79, 77, 79, 80, 76, 77, 79,
    78 ]
