%YAML:1.0
---
videoName: "headShake28.mp4"
gestureLabel: 201
fps: 29
pixelSizeInCmTemp: 3.2808219178082193e-01
faceCenterPointX: 242
faceCenterPointY: 80
headPositionsX: [ 242, 239, 240, 242, 242, 241, 240, 240, 241, 241, 241,
    240, 240, 242, 244, 242, 243, 239, 239, 242, 243, 241, 242, 241, 243,
    241, 241, 243, 242, 240, 243, 240, 240, 243, 242, 242, 241, 244, 242,
    244, 244, 243, 243, 243, 242, 246, 245, 247, 243, 242, 240, 235, 232,
    230, 232, 231, 241, 244, 251, 252, 255, 258, 253, 248, 245, 241, 237,
    231, 231, 233, 237, 241, 247, 253, 253, 253, 254, 251, 248, 248, 241,
    238, 240, 237, 235, 237, 239, 238, 240, 242, 244, 245, 240, 245, 244,
    242, 242, 241, 243, 242 ]
headPositionsY: [ 78, 77, 75, 75, 78, 78, 76, 76, 79, 80, 77, 79, 77, 80,
    77, 78, 80, 80, 77, 80, 77, 76, 80, 81, 76, 79, 81, 78, 81, 80, 79,
    77, 80, 79, 80, 79, 77, 76, 77, 80, 76, 75, 76, 77, 76, 76, 76, 78,
    75, 78, 77, 76, 76, 79, 77, 75, 78, 76, 76, 78, 75, 74, 78, 80, 80,
    78, 79, 81, 77, 81, 80, 79, 76, 79, 76, 78, 76, 78, 76, 77, 78, 77,
    80, 78, 77, 79, 80, 81, 79, 77, 81, 82, 80, 80, 78, 78, 81, 82, 82,
    80 ]
