%YAML:1.0
---
videoName: "headNod10.mp4"
gestureLabel: 202
fps: 29
pixelSizeInCmTemp: 3.2808219178082193e-01
faceCenterPointX: 260
faceCenterPointY: 67
headPositionsX: [ 261, 259, 261, 256, 260, 258, 256, 257, 258, 259, 258,
    256, 259, 260, 257, 258, 256, 258, 261, 258, 258, 258, 258, 260, 261,
    261, 260, 258, 256, 259, 259, 257, 261, 257, 256, 259, 257, 257, 259,
    260, 260, 261, 259, 258, 260, 260, 262, 261, 259, 261, 260, 262, 259,
    262, 260, 260, 258, 257, 257, 259, 259, 258, 258, 259, 259, 258, 260,
    261, 258, 261, 258, 256, 260, 256, 257, 257, 259, 261, 259, 259, 260,
    259, 258, 258, 256, 258, 259, 260, 259, 258, 257, 259, 259, 262, 262,
    261, 262, 259, 262, 260 ]
headPositionsY: [ 69, 71, 69, 72, 69, 71, 68, 71, 71, 70, 68, 72, 69, 72,
    72, 67, 69, 72, 70, 70, 71, 69, 68, 70, 69, 71, 71, 72, 69, 70, 72,
    71, 73, 72, 70, 72, 73, 71, 71, 70, 73, 72, 72, 68, 67, 66, 67, 63,
    62, 62, 62, 68, 67, 71, 74, 72, 73, 70, 67, 65, 65, 65, 65, 65, 65,
    68, 70, 76, 78, 77, 74, 75, 70, 64, 66, 65, 65, 68, 71, 73, 75, 76,
    75, 74, 72, 72, 68, 68, 67, 65, 68, 66, 67, 65, 67, 68, 65, 66, 69,
    67 ]
