%YAML:1.0
---
videoName: "headLookDown5.mp4"
gestureLabel: 206
fps: 29
pixelSizeInCmTemp: 3.4710144927536229e-01
faceCenterPointX: 272
faceCenterPointY: 102
headPositionsX: [ 272, 272, 269, 273, 273, 272, 272, 271, 274, 271, 269,
    273, 270, 271, 272, 274, 271, 272, 270, 269, 270, 273, 270, 271, 272,
    269, 271, 270, 270, 270, 273, 270, 274, 274, 269, 270, 273, 274, 271,
    273, 273, 274, 270, 271, 271, 273, 271, 273, 270, 272, 272, 273, 269,
    273, 272, 272, 273, 273, 274, 274, 270, 273, 272, 272, 270, 273, 273,
    272, 269, 274, 273, 274, 272, 272, 273, 269, 271, 269, 270, 273, 273,
    274, 268, 271, 273, 275, 274, 269, 271, 274, 272, 273, 275, 274, 269,
    271, 274, 275, 273, 271 ]
headPositionsY: [ 102, 84, 83, 84, 84, 82, 86, 86, 86, 83, 86, 82, 81,
    84, 83, 83, 84, 83, 84, 82, 83, 84, 82, 85, 86, 81, 82, 82, 83, 82,
    81, 84, 84, 85, 83, 82, 82, 82, 84, 82, 83, 85, 82, 82, 83, 84, 85,
    86, 88, 90, 88, 91, 92, 93, 92, 94, 95, 94, 96, 100, 98, 100, 98,
    101, 102, 100, 100, 102, 101, 100, 102, 104, 105, 102, 101, 101, 100,
    99, 101, 104, 102, 103, 101, 100, 102, 104, 101, 100, 103, 100, 103,
    104, 101, 102, 103, 103, 105, 103, 104, 103 ]
