%YAML:1.0
---
videoName: "headShake49.mp4"
gestureLabel: 201
fps: 30
pixelSizeInCmTemp: 2.8855421686746985e-01
faceCenterPointX: 259
faceCenterPointY: 84
headPositionsX: [ 261, 263, 262, 259, 263, 260, 259, 259, 261, 262, 259,
    259, 261, 263, 262, 260, 263, 259, 261, 262, 263, 263, 258, 261, 263,
    261, 263, 261, 260, 259, 262, 263, 265, 267, 268, 274, 278, 278, 284,
    285, 284, 278, 271, 268, 259, 251, 249, 250, 248, 256, 259, 270, 271,
    272, 271, 267, 260, 257, 250, 249, 247, 252, 254, 261, 267, 272, 269,
    265, 266, 262, 256, 255, 256, 257, 259, 264, 268, 266, 272, 268, 267,
    265, 263, 258, 259, 257, 260, 261, 260, 259, 257, 258, 256, 261, 257,
    256, 256, 259, 260, 257 ]
headPositionsY: [ 82, 80, 82, 81, 83, 83, 78, 80, 81, 81, 82, 81, 83, 78,
    79, 80, 80, 80, 79, 82, 78, 80, 80, 79, 80, 81, 78, 82, 82, 80, 80,
    82, 80, 83, 81, 80, 82, 79, 80, 79, 79, 82, 84, 84, 83, 82, 85, 86,
    84, 83, 84, 82, 86, 82, 84, 83, 84, 86, 87, 82, 81, 85, 85, 83, 83,
    83, 84, 86, 83, 84, 87, 85, 87, 84, 85, 82, 82, 86, 84, 83, 87, 83,
    84, 82, 83, 82, 86, 85, 85, 83, 85, 84, 82, 83, 82, 85, 86, 85, 86,
    84 ]
