%YAML:1.0
---
videoName: "headShake47.mp4"
gestureLabel: 201
fps: 29
pixelSizeInCmTemp: 3.2364864864864862e-01
faceCenterPointX: 258
faceCenterPointY: 86
headPositionsX: [ 256, 258, 261, 262, 258, 260, 259, 260, 258, 263, 260,
    261, 260, 261, 261, 260, 259, 262, 260, 262, 257, 261, 258, 262, 260,
    258, 262, 262, 261, 261, 262, 262, 260, 260, 257, 257, 255, 253, 250,
    247, 251, 251, 253, 256, 262, 267, 266, 267, 264, 266, 259, 256, 253,
    253, 253, 257, 264, 262, 264, 264, 263, 259, 254, 250, 254, 255, 256,
    261, 263, 262, 263, 259, 254, 254, 255, 253, 254, 258, 261, 263, 262,
    261, 260, 255, 255, 253, 253, 258, 256, 257, 259, 258, 257, 259, 256,
    258, 259, 257, 257, 257 ]
headPositionsY: [ 88, 83, 84, 87, 84, 83, 87, 85, 83, 86, 86, 83, 85, 86,
    86, 86, 85, 84, 83, 85, 85, 87, 83, 82, 85, 87, 83, 86, 84, 85, 85,
    87, 83, 86, 83, 88, 84, 87, 86, 84, 87, 86, 87, 86, 90, 86, 86, 90,
    88, 87, 88, 91, 91, 88, 88, 87, 89, 87, 90, 90, 88, 87, 87, 86, 85,
    86, 87, 85, 87, 89, 87, 86, 87, 88, 84, 85, 85, 85, 89, 87, 87, 88,
    87, 86, 88, 85, 84, 85, 88, 84, 85, 85, 88, 85, 85, 87, 86, 89, 87,
    88 ]
