%YAML:1.0
---
videoName: "headLookUp3.mp4"
gestureLabel: 205
fps: 29
pixelSizeInCmTemp: 3.7421874999999999e-01
faceCenterPointX: 254
faceCenterPointY: 68
headPositionsX: [ 252, 257, 254, 256, 257, 254, 256, 254, 253, 255, 257,
    255, 256, 258, 257, 258, 256, 258, 259, 256, 257, 256, 258, 257, 258,
    255, 254, 255, 255, 258, 257, 255, 258, 259, 255, 255, 255, 255, 256,
    254, 256, 256, 253, 256, 252, 257, 254, 254, 254, 256, 254, 257, 255,
    254, 257, 258, 257, 255, 252, 256, 253, 256, 254, 254, 257, 253, 256,
    253, 256, 254, 253, 255, 253, 256, 255, 258, 255, 257, 257, 254, 254,
    256, 256, 255, 253, 255, 258, 257, 258, 255, 254, 254, 258, 257, 256,
    256, 253, 258, 257, 258 ]
headPositionsY: [ 69, 82, 84, 82, 84, 82, 84, 80, 82, 80, 82, 83, 81, 83,
    84, 83, 82, 84, 82, 81, 84, 84, 83, 83, 81, 83, 82, 81, 83, 82, 83,
    83, 80, 81, 85, 84, 80, 80, 79, 81, 80, 79, 76, 75, 73, 73, 69, 69,
    70, 67, 68, 67, 69, 68, 69, 70, 70, 64, 68, 68, 67, 70, 69, 68, 70,
    68, 65, 66, 69, 68, 69, 70, 67, 66, 69, 69, 69, 66, 66, 66, 66, 69,
    70, 67, 66, 65, 70, 67, 69, 69, 67, 68, 67, 66, 69, 68, 70, 68, 68,
    67 ]
