%YAML:1.0
---
videoName: "headShake10.mp4"
gestureLabel: 201
fps: 29
pixelSizeInCmTemp: 3.3732394366197183e-01
faceCenterPointX: 240
faceCenterPointY: 74
headPositionsX: [ 242, 246, 248, 246, 246, 247, 247, 246, 244, 248, 245,
    248, 247, 244, 244, 248, 246, 248, 246, 244, 248, 244, 245, 247, 247,
    245, 245, 245, 248, 247, 248, 248, 247, 248, 247, 245, 246, 247, 247,
    246, 246, 247, 246, 247, 246, 245, 246, 243, 244, 243, 244, 249, 248,
    254, 258, 258, 262, 261, 262, 257, 258, 251, 250, 244, 236, 237, 232,
    229, 233, 236, 239, 240, 244, 250, 255, 258, 254, 256, 254, 252, 251,
    250, 244, 244, 244, 240, 239, 239, 241, 240, 239, 241, 239, 241, 238,
    242, 242, 239, 243, 241 ]
headPositionsY: [ 73, 73, 75, 72, 71, 71, 74, 70, 73, 71, 75, 75, 75, 72,
    75, 74, 74, 71, 71, 72, 75, 71, 74, 72, 72, 71, 73, 71, 74, 72, 74,
    73, 73, 74, 73, 74, 74, 72, 73, 75, 75, 72, 71, 73, 75, 73, 73, 76,
    73, 74, 72, 73, 72, 72, 73, 71, 71, 70, 69, 73, 73, 72, 74, 73, 73,
    75, 75, 74, 71, 74, 75, 73, 75, 74, 75, 73, 71, 71, 73, 75, 74, 75,
    73, 76, 76, 76, 76, 74, 73, 78, 74, 75, 72, 73, 77, 77, 76, 75, 74,
    75 ]
