%YAML:1.0
---
videoName: "headShake36.mp4"
gestureLabel: 201
fps: 29
pixelSizeInCmTemp: 3.2364864864864862e-01
faceCenterPointX: 263
faceCenterPointY: 80
headPositionsX: [ 261, 263, 263, 263, 262, 263, 263, 268, 272, 271, 273,
    275, 276, 281, 277, 281, 284, 281, 280, 276, 275, 273, 269, 269, 262,
    261, 255, 255, 253, 251, 249, 248, 244, 247, 249, 245, 246, 250, 249,
    253, 259, 259, 264, 270, 272, 273, 277, 279, 279, 280, 282, 283, 279,
    275, 274, 272, 268, 266, 262, 257, 256, 254, 252, 251, 251, 247, 248,
    251, 249, 252, 254, 256, 257, 262, 263, 265, 266, 266, 269, 268, 267,
    265, 264, 263, 267, 263, 267, 267, 266, 264, 264, 263, 265, 263, 265,
    261, 263, 265, 265, 261 ]
headPositionsY: [ 78, 82, 78, 82, 80, 78, 81, 81, 79, 76, 76, 79, 79, 77,
    78, 79, 76, 76, 76, 77, 79, 81, 82, 83, 82, 81, 79, 81, 78, 82, 80,
    81, 84, 83, 80, 80, 81, 80, 80, 81, 81, 81, 84, 80, 81, 79, 82, 77,
    80, 78, 80, 77, 80, 78, 79, 79, 79, 82, 81, 81, 79, 82, 77, 79, 78,
    82, 78, 81, 79, 78, 79, 82, 79, 83, 84, 82, 82, 79, 79, 81, 79, 83,
    79, 78, 82, 79, 81, 82, 78, 79, 83, 80, 80, 80, 80, 78, 79, 78, 78,
    82 ]
