%YAML:1.0
---
videoName: "headNod19.mp4"
gestureLabel: 202
fps: 29
pixelSizeInCmTemp: 3.1933333333333330e-01
faceCenterPointX: 255
faceCenterPointY: 81
headPositionsX: [ 255, 257, 256, 255, 255, 256, 257, 255, 256, 257, 255,
    256, 258, 252, 254, 254, 255, 253, 252, 252, 250, 254, 249, 249, 249,
    249, 249, 253, 250, 253, 250, 253, 253, 253, 251, 252, 253, 252, 254,
    252, 253, 255, 254, 253, 254, 256, 254, 258, 254, 257, 255, 257, 254,
    255, 255, 253, 257, 254, 254, 255, 256, 255, 253, 256, 253, 255, 255,
    255, 253, 257, 258, 257, 255, 256, 255, 255, 258, 253, 256, 254, 253,
    254, 258, 257, 257, 256, 257, 255, 255, 256, 257, 255, 253, 254, 254,
    254, 255, 257, 257, 254 ]
headPositionsY: [ 79, 86, 84, 80, 80, 76, 75, 76, 75, 78, 74, 78, 75, 76,
    79, 77, 79, 79, 76, 77, 77, 80, 79, 78, 77, 78, 77, 76, 78, 82, 80,
    77, 77, 81, 78, 79, 81, 78, 76, 80, 79, 79, 78, 80, 81, 81, 76, 78,
    77, 78, 78, 80, 78, 79, 77, 80, 78, 79, 78, 80, 79, 77, 79, 77, 83,
    81, 77, 76, 74, 73, 74, 75, 77, 74, 78, 83, 84, 84, 80, 79, 74, 78,
    76, 79, 81, 84, 86, 86, 83, 83, 81, 84, 81, 80, 84, 84, 82, 80, 80,
    82 ]
