%YAML:1.0
---
videoName: "headNod45.mp4"
gestureLabel: 202
fps: 30
pixelSizeInCmTemp: 3.0316455696202532e-01
faceCenterPointX: 265
faceCenterPointY: 77
headPositionsX: [ 266, 268, 269, 268, 269, 268, 270, 270, 268, 271, 267,
    270, 268, 270, 269, 265, 270, 266, 270, 266, 267, 265, 269, 270, 266,
    267, 269, 263, 264, 265, 266, 267, 263, 266, 267, 264, 265, 263, 268,
    267, 267, 263, 265, 264, 266, 266, 266, 264, 266, 268, 268, 267, 269,
    266, 268, 268, 266, 269, 266, 266, 269, 267, 263, 266, 263, 266, 266,
    269, 269, 267, 264, 267, 268, 264, 264, 265, 265, 267, 268, 263, 267,
    263, 264, 268, 265, 264, 267, 267, 265, 266, 265, 265, 266, 268, 265,
    268, 265, 263, 264, 268 ]
headPositionsY: [ 78, 77, 75, 77, 73, 76, 75, 75, 74, 75, 78, 77, 77, 76,
    78, 75, 74, 77, 81, 79, 84, 87, 93, 95, 92, 92, 89, 84, 79, 79, 71,
    73, 69, 66, 67, 69, 69, 68, 72, 76, 80, 87, 92, 90, 93, 89, 85, 84,
    78, 76, 74, 74, 73, 74, 73, 76, 78, 80, 86, 84, 87, 82, 82, 80, 75,
    74, 74, 72, 75, 76, 76, 79, 81, 88, 90, 86, 86, 85, 83, 78, 76, 78,
    78, 77, 79, 80, 80, 78, 81, 78, 80, 77, 80, 78, 76, 79, 78, 79, 77,
    77 ]
