%YAML:1.0
---
videoName: "headShake31.mp4"
gestureLabel: 201
fps: 29
pixelSizeInCmTemp: 3.2808219178082193e-01
faceCenterPointX: 236
faceCenterPointY: 68
headPositionsX: [ 237, 239, 236, 235, 239, 238, 236, 236, 238, 237, 239,
    235, 236, 238, 235, 237, 238, 239, 239, 236, 238, 239, 235, 237, 235,
    235, 236, 235, 237, 235, 235, 236, 236, 237, 233, 233, 235, 236, 242,
    243, 250, 252, 250, 252, 250, 251, 245, 238, 231, 225, 222, 222, 221,
    226, 226, 235, 241, 242, 246, 247, 244, 243, 239, 237, 233, 233, 229,
    227, 231, 232, 234, 237, 237, 239, 243, 243, 245, 243, 243, 238, 236,
    237, 236, 234, 233, 236, 234, 233, 233, 233, 232, 235, 235, 237, 236,
    238, 235, 234, 237, 236 ]
headPositionsY: [ 69, 64, 68, 67, 69, 67, 65, 68, 66, 67, 69, 65, 65, 66,
    69, 68, 68, 69, 67, 64, 68, 70, 67, 67, 65, 67, 67, 65, 69, 67, 65,
    66, 65, 70, 70, 66, 69, 68, 66, 68, 66, 65, 68, 68, 67, 65, 66, 70,
    66, 67, 66, 68, 68, 72, 69, 68, 70, 69, 70, 69, 71, 67, 71, 71, 71,
    69, 69, 71, 69, 72, 70, 68, 68, 68, 68, 70, 69, 69, 67, 68, 70, 70,
    68, 71, 68, 69, 67, 70, 71, 70, 70, 68, 67, 66, 69, 68, 71, 69, 70,
    70 ]
