%YAML:1.0
---
videoName: "headShake31.mp4"
gestureLabel: 201
fps: 29
pixelSizeInCmTemp: 3.2808219178082193e-01
faceCenterPointX: 236
faceCenterPointY: 68
headPositionsX: [ 234, 239, 238, 236, 235, 239, 237, 235, 238, 236, 238,
    238, 236, 235, 238, 238, 239, 237, 236, 236, 236, 235, 238, 237, 235,
    235, 236, 238, 238, 238, 237, 238, 237, 236, 234, 236, 237, 235, 239,
    243, 246, 249, 252, 254, 254, 249, 246, 239, 232, 224, 222, 224, 224,
    223, 228, 234, 240, 245, 247, 248, 244, 245, 242, 235, 233, 231, 229,
    230, 229, 233, 231, 236, 239, 238, 243, 242, 242, 241, 241, 239, 236,
    236, 234, 233, 232, 233, 235, 236, 236, 237, 235, 236, 237, 234, 233,
    238, 233, 238, 234, 235 ]
headPositionsY: [ 70, 66, 65, 66, 69, 68, 66, 66, 68, 68, 67, 66, 68, 67,
    66, 66, 69, 67, 69, 67, 65, 70, 69, 68, 68, 67, 65, 69, 66, 69, 65,
    68, 66, 67, 69, 69, 67, 66, 65, 66, 68, 67, 68, 68, 66, 65, 69, 66,
    68, 66, 68, 69, 68, 69, 69, 68, 71, 70, 69, 68, 69, 67, 69, 69, 70,
    69, 68, 69, 67, 70, 69, 69, 70, 70, 71, 66, 67, 70, 68, 67, 67, 68,
    69, 70, 67, 67, 70, 71, 68, 70, 66, 68, 67, 66, 66, 71, 71, 71, 72,
    71 ]
