%YAML:1.0
---
videoName: "headLookLeft9.mp4"
gestureLabel: 203
fps: 30
pixelSizeInCmTemp: 3.2364864864864862e-01
faceCenterPointX: 273
faceCenterPointY: 69
headPositionsX: [ 271, 247, 245, 250, 246, 245, 246, 246, 245, 244, 248,
    247, 246, 244, 244, 244, 247, 247, 247, 245, 244, 247, 247, 243, 246,
    243, 243, 245, 245, 245, 246, 244, 246, 247, 252, 250, 253, 256, 258,
    263, 263, 263, 266, 268, 265, 270, 274, 271, 270, 274, 273, 273, 270,
    271, 271, 271, 272, 270, 274, 271, 270, 271, 271, 270, 272, 271, 272,
    273, 272, 270, 273, 269, 270, 273, 272, 270, 272, 270, 272, 270, 273,
    271, 268, 270, 272, 268, 269, 272, 273, 270, 272, 272, 273, 271, 269,
    276, 272, 274, 272, 271 ]
headPositionsY: [ 70, 73, 72, 73, 72, 68, 73, 70, 71, 72, 69, 71, 71, 70,
    72, 71, 72, 69, 73, 73, 70, 69, 73, 68, 70, 70, 73, 69, 71, 69, 70,
    69, 70, 73, 69, 69, 71, 67, 67, 68, 69, 67, 70, 71, 70, 69, 66, 67,
    66, 68, 70, 66, 69, 68, 69, 66, 68, 69, 70, 68, 68, 65, 70, 67, 68,
    69, 67, 68, 69, 68, 66, 68, 67, 70, 69, 70, 69, 65, 65, 66, 70, 71,
    68, 70, 69, 65, 68, 70, 66, 68, 70, 69, 66, 69, 65, 67, 71, 70, 71,
    69 ]
