%YAML:1.0
---
videoName: "headNod31.mp4"
gestureLabel: 202
fps: 29
pixelSizeInCmTemp: 2.8855421686746985e-01
faceCenterPointX: 267
faceCenterPointY: 75
headPositionsX: [ 268, 271, 272, 271, 269, 270, 271, 269, 270, 270, 268,
    271, 272, 272, 269, 271, 268, 270, 270, 265, 267, 268, 265, 264, 268,
    264, 268, 267, 268, 267, 266, 266, 269, 270, 268, 267, 269, 270, 266,
    267, 267, 266, 266, 268, 264, 268, 268, 266, 267, 268, 266, 268, 266,
    268, 264, 264, 267, 267, 269, 264, 267, 265, 268, 265, 266, 267, 268,
    267, 266, 269, 267, 264, 264, 268, 266, 267, 265, 265, 266, 268, 269,
    265, 265, 264, 265, 267, 264, 267, 269, 265, 268, 267, 265, 266, 266,
    265, 266, 266, 269, 264 ]
headPositionsY: [ 73, 73, 73, 73, 75, 75, 76, 67, 66, 68, 64, 65, 67, 68,
    75, 79, 81, 84, 84, 83, 85, 85, 81, 77, 75, 73, 73, 72, 67, 68, 71,
    70, 75, 76, 80, 81, 86, 85, 88, 86, 87, 83, 78, 75, 72, 76, 74, 72,
    75, 79, 80, 84, 85, 86, 83, 78, 80, 74, 74, 69, 70, 69, 68, 70, 74,
    71, 73, 77, 80, 83, 78, 81, 79, 77, 76, 72, 72, 72, 69, 72, 74, 76,
    77, 79, 79, 78, 79, 77, 73, 76, 74, 73, 76, 73, 77, 74, 76, 77, 77,
    77 ]
