%YAML:1.0
---
videoName: "headShake2.mp4"
gestureLabel: 201
fps: 29
pixelSizeInCmTemp: 3.4214285714285714e-01
faceCenterPointX: 276
faceCenterPointY: 98
headPositionsX: [ 277, 278, 277, 275, 279, 277, 277, 277, 279, 275, 279,
    278, 275, 279, 275, 278, 277, 279, 279, 277, 279, 275, 277, 279, 279,
    278, 275, 279, 278, 276, 278, 276, 275, 277, 277, 277, 277, 277, 278,
    277, 279, 278, 278, 282, 288, 289, 294, 295, 294, 296, 293, 289, 285,
    280, 272, 266, 267, 263, 267, 269, 271, 276, 284, 288, 291, 288, 292,
    287, 283, 281, 276, 272, 269, 266, 270, 271, 277, 277, 285, 285, 289,
    286, 286, 282, 282, 279, 279, 275, 277, 276, 277, 273, 276, 276, 272,
    275, 274, 277, 273, 278 ]
headPositionsY: [ 99, 96, 99, 98, 100, 95, 99, 96, 100, 99, 96, 100, 100,
    98, 100, 98, 98, 98, 97, 96, 101, 101, 97, 96, 99, 99, 101, 99, 102,
    100, 97, 98, 100, 97, 99, 99, 100, 98, 98, 98, 97, 99, 97, 97, 97,
    96, 97, 95, 96, 97, 94, 99, 99, 98, 100, 98, 97, 99, 99, 96, 96, 96,
    95, 95, 97, 97, 98, 98, 95, 100, 97, 96, 97, 99, 100, 96, 98, 99, 97,
    100, 100, 95, 100, 101, 102, 98, 98, 96, 99, 98, 98, 101, 100, 99,
    99, 99, 96, 99, 99, 100 ]
