%YAML:1.0
---
videoName: "headNod36.mp4"
gestureLabel: 202
fps: 29
pixelSizeInCmTemp: 2.8176470588235292e-01
faceCenterPointX: 269
faceCenterPointY: 75
headPositionsX: [ 270, 269, 271, 268, 271, 272, 269, 272, 268, 269, 270,
    269, 271, 268, 269, 272, 273, 272, 271, 272, 270, 271, 272, 271, 269,
    269, 269, 267, 268, 269, 271, 272, 270, 271, 272, 271, 268, 266, 270,
    268, 266, 266, 266, 269, 269, 269, 272, 271, 270, 271, 273, 270, 271,
    270, 271, 268, 272, 270, 270, 269, 271, 267, 267, 266, 270, 269, 268,
    265, 268, 267, 269, 270, 265, 267, 269, 269, 270, 266, 267, 268, 270,
    270, 269, 269, 268, 271, 267, 267, 270, 269, 269, 268, 268, 270, 269,
    268, 267, 272, 266, 271 ]
headPositionsY: [ 76, 76, 76, 73, 75, 72, 73, 75, 77, 73, 74, 74, 75, 73,
    76, 73, 76, 77, 74, 75, 78, 79, 79, 77, 74, 76, 67, 70, 67, 63, 64,
    63, 70, 76, 81, 84, 86, 88, 88, 88, 86, 81, 77, 71, 71, 66, 68, 69,
    69, 67, 70, 75, 78, 81, 84, 86, 89, 84, 83, 84, 81, 74, 75, 72, 73,
    74, 76, 77, 83, 84, 82, 83, 78, 80, 78, 72, 75, 72, 78, 81, 82, 84,
    86, 85, 84, 84, 79, 77, 79, 77, 76, 73, 74, 73, 77, 77, 73, 74, 74,
    74 ]
