%YAML:1.0
---
videoName: "headLookRight9.mp4"
gestureLabel: 204
fps: 29
pixelSizeInCmTemp: 2.8511904761904761e-01
faceCenterPointX: 217
faceCenterPointY: 75
headPositionsX: [ 217, 246, 244, 244, 246, 244, 245, 245, 242, 241, 243,
    243, 241, 242, 243, 244, 241, 245, 243, 242, 244, 240, 245, 243, 241,
    242, 244, 243, 245, 241, 241, 239, 239, 232, 231, 229, 230, 226, 220,
    219, 220, 220, 214, 215, 219, 215, 216, 214, 213, 217, 217, 216, 210,
    218, 212, 215, 212, 212, 215, 217, 215, 212, 219, 216, 221, 217, 217,
    216, 214, 216, 215, 209, 210, 214, 212, 217, 213, 213, 216, 215, 215,
    218, 214, 217, 216, 217, 217, 218, 217, 215, 215, 212, 217, 218, 213,
    218, 217, 220, 217, 219 ]
headPositionsY: [ 75, 75, 75, 74, 76, 72, 75, 73, 72, 73, 76, 75, 75, 75,
    75, 75, 76, 75, 72, 75, 72, 73, 75, 77, 73, 74, 76, 77, 76, 72, 73,
    75, 73, 73, 72, 75, 73, 73, 76, 72, 76, 70, 72, 79, 72, 73, 74, 75,
    72, 73, 72, 70, 73, 71, 76, 74, 74, 76, 70, 73, 73, 69, 73, 70, 76,
    76, 75, 75, 70, 70, 72, 78, 77, 69, 75, 70, 72, 72, 74, 72, 73, 73,
    71, 74, 70, 74, 73, 70, 76, 73, 75, 69, 75, 73, 70, 73, 77, 76, 74,
    78 ]
