%YAML:1.0
---
videoName: "headNod33.mp4"
gestureLabel: 202
fps: 29
pixelSizeInCmTemp: 2.9567901234567900e-01
faceCenterPointX: 268
faceCenterPointY: 74
headPositionsX: [ 266, 268, 268, 269, 268, 271, 268, 270, 272, 269, 272,
    271, 271, 271, 270, 272, 269, 270, 271, 269, 273, 272, 272, 270, 270,
    267, 268, 270, 271, 267, 267, 269, 268, 269, 268, 267, 269, 268, 268,
    270, 268, 269, 268, 270, 269, 267, 267, 270, 270, 266, 269, 269, 266,
    270, 267, 267, 268, 266, 266, 266, 268, 269, 265, 267, 266, 268, 269,
    268, 268, 267, 266, 266, 268, 267, 270, 268, 271, 268, 271, 268, 267,
    267, 267, 266, 267, 266, 268, 267, 266, 267, 269, 269, 268, 267, 266,
    270, 267, 266, 269, 269 ]
headPositionsY: [ 75, 69, 71, 73, 73, 73, 72, 69, 74, 70, 73, 70, 71, 72,
    72, 69, 73, 73, 73, 72, 71, 71, 70, 74, 71, 70, 69, 72, 74, 72, 70,
    73, 73, 76, 77, 78, 77, 76, 75, 72, 68, 70, 67, 65, 65, 66, 69, 73,
    78, 82, 85, 80, 83, 77, 75, 72, 73, 68, 69, 70, 68, 69, 74, 72, 72,
    77, 74, 78, 76, 78, 76, 76, 73, 71, 71, 71, 71, 70, 73, 76, 74, 75,
    77, 80, 79, 78, 79, 75, 74, 76, 73, 76, 76, 75, 74, 76, 76, 77, 74,
    75 ]
