%YAML:1.0
---
videoName: "headNod32.mp4"
gestureLabel: 202
fps: 29
pixelSizeInCmTemp: 2.8855421686746985e-01
faceCenterPointX: 266
faceCenterPointY: 74
headPositionsX: [ 268, 270, 267, 270, 267, 265, 265, 266, 264, 267, 265,
    267, 264, 263, 264, 264, 265, 265, 266, 265, 265, 267, 266, 268, 267,
    265, 266, 264, 266, 264, 269, 265, 267, 265, 269, 268, 269, 267, 270,
    267, 268, 267, 269, 267, 269, 269, 266, 266, 266, 268, 269, 268, 268,
    266, 268, 267, 266, 268, 267, 268, 267, 269, 266, 266, 269, 268, 268,
    268, 266, 266, 264, 266, 264, 264, 266, 264, 267, 267, 267, 267, 266,
    264, 267, 266, 265, 269, 269, 265, 267, 268, 269, 268, 266, 264, 266,
    266, 269, 267, 267, 264 ]
headPositionsY: [ 76, 77, 77, 76, 80, 77, 80, 77, 76, 80, 76, 76, 80, 77,
    77, 79, 78, 79, 76, 79, 76, 78, 78, 75, 77, 78, 78, 78, 78, 77, 79,
    80, 78, 79, 78, 76, 79, 76, 77, 78, 76, 76, 75, 75, 80, 79, 76, 79,
    79, 75, 79, 79, 77, 77, 78, 75, 75, 75, 77, 77, 67, 67, 65, 67, 64,
    68, 70, 72, 80, 81, 85, 87, 89, 88, 82, 82, 75, 74, 74, 69, 72, 72,
    69, 70, 70, 72, 73, 76, 75, 75, 74, 77, 75, 75, 74, 73, 77, 76, 73,
    74 ]
