%YAML:1.0
---
videoName: "headNod5.mp4"
gestureLabel: 202
fps: 29
pixelSizeInCmTemp: 3.1513157894736843e-01
faceCenterPointX: 263
faceCenterPointY: 75
headPositionsX: [ 262, 265, 261, 265, 262, 265, 263, 261, 260, 262, 261,
    262, 261, 263, 261, 262, 262, 263, 262, 262, 263, 267, 267, 265, 264,
    264, 263, 266, 266, 263, 264, 267, 267, 267, 267, 265, 266, 266, 268,
    264, 264, 266, 264, 267, 267, 268, 268, 265, 265, 266, 264, 267, 267,
    262, 263, 264, 262, 266, 264, 265, 264, 265, 262, 262, 266, 266, 264,
    264, 263, 267, 265, 263, 267, 264, 263, 263, 265, 265, 265, 265, 262,
    263, 261, 263, 265, 264, 264, 261, 264, 266, 264, 264, 263, 263, 261,
    263, 262, 260, 263, 265 ]
headPositionsY: [ 75, 75, 75, 73, 75, 72, 73, 74, 73, 76, 73, 75, 74, 75,
    74, 76, 75, 77, 75, 77, 74, 77, 75, 77, 74, 75, 77, 76, 76, 74, 76,
    75, 75, 77, 76, 76, 78, 79, 76, 77, 79, 75, 78, 75, 77, 75, 77, 79,
    78, 77, 79, 83, 81, 83, 83, 81, 81, 77, 74, 76, 76, 79, 83, 87, 85,
    90, 85, 81, 77, 77, 74, 76, 77, 78, 84, 84, 88, 83, 82, 79, 77, 75,
    72, 76, 77, 76, 79, 81, 84, 80, 77, 79, 76, 73, 72, 75, 74, 77, 74,
    72 ]
