%YAML:1.0
---
videoName: "headLookRight5.mp4"
gestureLabel: 204
fps: 29
pixelSizeInCmTemp: 3.1513157894736843e-01
faceCenterPointX: 228
faceCenterPointY: 76
headPositionsX: [ 230, 250, 251, 248, 249, 250, 247, 252, 248, 247, 247,
    247, 249, 249, 249, 247, 250, 250, 251, 248, 247, 247, 252, 247, 249,
    252, 251, 251, 249, 246, 248, 246, 247, 245, 245, 240, 240, 238, 234,
    231, 232, 229, 226, 224, 225, 227, 226, 224, 228, 229, 223, 228, 221,
    228, 224, 226, 226, 228, 226, 225, 227, 224, 226, 225, 227, 225, 223,
    227, 227, 228, 226, 225, 227, 225, 224, 226, 225, 228, 228, 223, 221,
    223, 226, 227, 225, 227, 228, 223, 224, 224, 222, 224, 225, 225, 226,
    223, 223, 224, 223, 227 ]
headPositionsY: [ 74, 74, 75, 73, 72, 75, 73, 75, 74, 75, 73, 75, 75, 74,
    76, 74, 75, 73, 77, 73, 74, 73, 74, 75, 76, 74, 75, 76, 76, 75, 73,
    74, 73, 74, 77, 74, 75, 72, 72, 71, 73, 72, 73, 73, 76, 75, 75, 72,
    72, 75, 75, 72, 75, 76, 72, 74, 72, 75, 74, 77, 75, 76, 77, 74, 77,
    77, 76, 74, 73, 72, 75, 77, 74, 74, 75, 73, 71, 77, 75, 73, 76, 75,
    74, 77, 73, 76, 73, 75, 75, 76, 73, 74, 74, 76, 71, 74, 72, 74, 75,
    72 ]
