%YAML:1.0
---
videoName: "headShake43.mp4"
gestureLabel: 201
fps: 29
pixelSizeInCmTemp: 3.2808219178082193e-01
faceCenterPointX: 257
faceCenterPointY: 84
headPositionsX: [ 256, 260, 258, 258, 260, 259, 260, 262, 261, 262, 259,
    259, 261, 261, 258, 260, 262, 262, 262, 258, 262, 260, 261, 259, 260,
    261, 262, 263, 270, 269, 270, 275, 280, 280, 278, 283, 281, 276, 278,
    274, 272, 266, 264, 254, 254, 249, 244, 246, 242, 243, 250, 253, 258,
    264, 266, 272, 273, 275, 273, 275, 273, 266, 261, 258, 251, 247, 246,
    243, 243, 248, 246, 250, 253, 258, 263, 268, 268, 268, 271, 268, 269,
    269, 264, 265, 264, 259, 260, 257, 257, 260, 257, 255, 255, 257, 258,
    254, 256, 257, 258, 258 ]
headPositionsY: [ 82, 84, 85, 83, 86, 84, 87, 86, 84, 83, 84, 85, 87, 83,
    85, 87, 83, 87, 86, 86, 84, 87, 84, 83, 87, 83, 86, 86, 86, 85, 84,
    81, 81, 83, 83, 82, 84, 83, 84, 83, 87, 84, 85, 83, 85, 84, 82, 84,
    83, 84, 83, 84, 82, 83, 82, 83, 81, 82, 83, 81, 84, 83, 85, 86, 83,
    82, 83, 81, 82, 83, 82, 83, 83, 85, 86, 84, 82, 82, 83, 84, 81, 84,
    86, 83, 86, 85, 84, 83, 83, 82, 81, 84, 82, 85, 83, 84, 86, 84, 84,
    84 ]
