%YAML:1.0
---
videoName: "headShake22.mp4"
gestureLabel: 201
fps: 29
pixelSizeInCmTemp: 3.2364864864864862e-01
faceCenterPointX: 241
faceCenterPointY: 79
headPositionsX: [ 242, 239, 243, 244, 240, 240, 244, 240, 243, 242, 242,
    244, 243, 240, 243, 243, 242, 244, 243, 242, 240, 241, 240, 243, 241,
    242, 240, 241, 244, 240, 243, 242, 241, 240, 244, 244, 240, 241, 242,
    244, 241, 243, 243, 241, 242, 243, 241, 243, 241, 243, 239, 241, 242,
    243, 244, 240, 244, 244, 243, 241, 241, 243, 241, 241, 242, 239, 241,
    244, 242, 248, 253, 254, 258, 254, 255, 248, 244, 241, 241, 239, 237,
    239, 239, 244, 244, 244, 245, 247, 242, 242, 239, 242, 242, 242, 241,
    239, 243, 240, 240, 240 ]
headPositionsY: [ 81, 74, 78, 76, 78, 75, 76, 76, 74, 77, 78, 76, 75, 75,
    77, 75, 74, 78, 76, 78, 76, 74, 74, 78, 78, 74, 74, 76, 76, 78, 79,
    76, 74, 77, 77, 77, 78, 78, 75, 75, 78, 75, 78, 78, 77, 78, 78, 74,
    76, 74, 76, 78, 78, 77, 75, 76, 78, 76, 77, 78, 79, 78, 76, 78, 78,
    76, 75, 78, 76, 78, 74, 75, 76, 73, 77, 76, 76, 78, 77, 76, 77, 76,
    77, 78, 78, 78, 76, 78, 78, 76, 77, 78, 77, 80, 79, 80, 78, 80, 80,
    77 ]
