%YAML:1.0
---
videoName: "headLookRight0.mp4"
gestureLabel: 204
fps: 29
pixelSizeInCmTemp: 3.1933333333333330e-01
faceCenterPointX: 229
faceCenterPointY: 68
headPositionsX: [ 229, 258, 255, 254, 258, 257, 255, 258, 258, 257, 255,
    255, 256, 258, 255, 256, 254, 254, 256, 254, 256, 255, 257, 254, 258,
    257, 258, 254, 256, 259, 254, 254, 253, 254, 258, 256, 257, 253, 252,
    255, 252, 247, 246, 245, 243, 240, 237, 237, 237, 234, 232, 234, 237,
    231, 233, 236, 232, 234, 235, 233, 236, 232, 235, 233, 233, 235, 234,
    231, 234, 232, 232, 235, 235, 233, 233, 230, 231, 231, 231, 231, 236,
    229, 233, 230, 230, 232, 233, 229, 230, 229, 230, 233, 228, 229, 229,
    228, 230, 232, 225, 231 ]
headPositionsY: [ 70, 67, 64, 63, 64, 65, 64, 65, 65, 64, 65, 67, 69, 66,
    68, 68, 65, 65, 66, 67, 69, 67, 67, 66, 67, 67, 70, 69, 65, 66, 69,
    68, 69, 69, 66, 67, 66, 67, 67, 67, 65, 66, 69, 68, 65, 68, 69, 69,
    68, 65, 70, 68, 69, 69, 71, 67, 69, 70, 69, 67, 67, 68, 67, 67, 67,
    68, 67, 66, 69, 69, 69, 70, 66, 70, 66, 69, 68, 69, 70, 66, 67, 70,
    69, 68, 68, 68, 71, 66, 64, 65, 68, 67, 70, 68, 68, 66, 70, 67, 68,
    67 ]
