%YAML:1.0
---
videoName: "headShake48.mp4"
gestureLabel: 201
fps: 29
pixelSizeInCmTemp: 3.1103896103896100e-01
faceCenterPointX: 258
faceCenterPointY: 85
headPositionsX: [ 256, 261, 261, 260, 257, 261, 260, 257, 259, 258, 257,
    261, 262, 262, 258, 258, 258, 259, 261, 257, 258, 257, 258, 261, 262,
    259, 256, 258, 259, 259, 261, 257, 256, 260, 260, 262, 264, 268, 270,
    272, 273, 272, 273, 268, 262, 252, 248, 245, 245, 248, 252, 259, 262,
    268, 269, 269, 262, 259, 257, 253, 249, 251, 252, 256, 262, 264, 265,
    268, 266, 263, 258, 254, 250, 249, 248, 250, 258, 259, 265, 265, 268,
    267, 264, 264, 261, 259, 257, 260, 259, 259, 257, 260, 257, 259, 259,
    259, 260, 259, 262, 261 ]
headPositionsY: [ 85, 81, 78, 78, 78, 78, 79, 81, 81, 77, 80, 78, 78, 80,
    83, 80, 78, 79, 83, 82, 83, 83, 83, 81, 80, 82, 82, 82, 82, 82, 84,
    82, 79, 80, 81, 82, 81, 80, 83, 81, 82, 81, 86, 83, 86, 82, 84, 85,
    83, 83, 82, 87, 86, 84, 84, 87, 86, 85, 88, 86, 84, 86, 86, 88, 87,
    85, 87, 88, 89, 84, 85, 87, 85, 87, 88, 88, 87, 88, 84, 85, 83, 85,
    86, 87, 86, 86, 86, 86, 85, 87, 87, 87, 86, 86, 86, 83, 86, 85, 88,
    83 ]
