%YAML:1.0
---
videoName: "headNod27.mp4"
gestureLabel: 202
fps: 29
pixelSizeInCmTemp: 3.0705128205128202e-01
faceCenterPointX: 271
faceCenterPointY: 77
headPositionsX: [ 272, 273, 272, 271, 270, 272, 270, 274, 272, 274, 270,
    273, 272, 269, 274, 274, 272, 272, 270, 270, 273, 273, 270, 274, 274,
    274, 273, 269, 273, 274, 270, 269, 273, 273, 270, 268, 267, 267, 268,
    267, 268, 271, 269, 271, 271, 268, 268, 268, 269, 268, 268, 271, 271,
    272, 267, 271, 270, 269, 268, 271, 270, 272, 268, 270, 266, 267, 265,
    269, 271, 268, 269, 267, 266, 268, 266, 269, 267, 266, 269, 266, 268,
    269, 268, 269, 271, 269, 268, 268, 270, 272, 271, 269, 272, 273, 272,
    272, 272, 270, 272, 268 ]
headPositionsY: [ 77, 73, 71, 75, 75, 71, 73, 74, 74, 76, 72, 74, 74, 72,
    75, 72, 74, 72, 75, 73, 74, 72, 70, 67, 64, 62, 63, 63, 65, 65, 67,
    75, 83, 81, 82, 84, 79, 79, 76, 71, 70, 66, 70, 66, 70, 71, 76, 79,
    81, 81, 77, 78, 73, 70, 71, 68, 70, 69, 76, 76, 78, 83, 83, 82, 82,
    78, 77, 73, 72, 73, 73, 72, 74, 77, 77, 79, 80, 78, 74, 71, 71, 72,
    71, 72, 73, 74, 73, 75, 78, 79, 81, 79, 78, 76, 75, 76, 76, 75, 76,
    74 ]
