%YAML:1.0
---
videoName: "headShake21.mp4"
gestureLabel: 201
fps: 29
pixelSizeInCmTemp: 3.1933333333333330e-01
faceCenterPointX: 241
faceCenterPointY: 78
headPositionsX: [ 243, 244, 244, 244, 244, 241, 241, 243, 240, 241, 240,
    243, 243, 240, 241, 241, 240, 240, 243, 243, 241, 241, 241, 244, 241,
    245, 244, 243, 244, 241, 243, 242, 243, 245, 241, 244, 243, 241, 242,
    244, 244, 242, 239, 241, 241, 242, 243, 240, 241, 243, 241, 240, 241,
    239, 243, 239, 241, 241, 244, 240, 241, 239, 243, 238, 239, 238, 238,
    241, 245, 248, 250, 254, 253, 250, 246, 240, 235, 231, 234, 231, 234,
    236, 241, 240, 241, 244, 244, 242, 241, 241, 239, 239, 239, 238, 240,
    243, 239, 239, 243, 239 ]
headPositionsY: [ 80, 84, 80, 78, 76, 77, 72, 75, 70, 74, 72, 70, 69, 72,
    68, 73, 70, 72, 73, 70, 74, 70, 74, 74, 75, 74, 73, 74, 77, 78, 77,
    77, 76, 74, 76, 78, 78, 78, 76, 74, 75, 77, 77, 75, 77, 77, 79, 78,
    78, 79, 79, 78, 78, 77, 79, 80, 77, 75, 79, 78, 76, 75, 78, 78, 77,
    77, 80, 75, 76, 76, 76, 78, 78, 78, 76, 81, 77, 76, 77, 75, 76, 78,
    75, 77, 78, 80, 79, 79, 78, 78, 78, 79, 81, 80, 76, 79, 81, 76, 81,
    80 ]
