%YAML:1.0
---
videoName: "headShake27.mp4"
gestureLabel: 201
fps: 29
pixelSizeInCmTemp: 3.3263888888888887e-01
faceCenterPointX: 244
faceCenterPointY: 78
headPositionsX: [ 242, 246, 246, 250, 250, 251, 255, 256, 254, 258, 257,
    257, 253, 255, 253, 252, 249, 248, 245, 240, 239, 239, 238, 237, 236,
    233, 232, 230, 232, 232, 232, 236, 236, 237, 240, 242, 240, 240, 243,
    248, 247, 246, 250, 251, 248, 251, 251, 251, 247, 246, 248, 243, 244,
    239, 238, 236, 235, 231, 233, 232, 233, 233, 236, 233, 235, 234, 234,
    237, 241, 238, 242, 242, 245, 246, 246, 246, 247, 250, 249, 249, 248,
    249, 245, 247, 244, 248, 244, 246, 245, 245, 245, 244, 246, 242, 243,
    243, 243, 244, 243, 246 ]
headPositionsY: [ 80, 76, 79, 75, 78, 75, 75, 75, 75, 74, 75, 78, 74, 74,
    78, 76, 80, 76, 78, 79, 78, 79, 77, 78, 78, 81, 77, 80, 79, 78, 79,
    77, 80, 80, 78, 81, 78, 79, 81, 79, 81, 80, 81, 80, 80, 80, 80, 79,
    80, 78, 80, 78, 78, 78, 78, 80, 77, 76, 78, 79, 77, 76, 77, 78, 78,
    80, 80, 81, 82, 77, 80, 80, 76, 77, 81, 80, 79, 80, 78, 82, 77, 78,
    80, 81, 79, 81, 78, 79, 78, 81, 78, 79, 77, 80, 82, 79, 77, 78, 81,
    80 ]
