%YAML:1.0
---
videoName: "headLookRight3.mp4"
gestureLabel: 204
fps: 29
pixelSizeInCmTemp: 3.5746268656716418e-01
faceCenterPointX: 232
faceCenterPointY: 71
headPositionsX: [ 233, 254, 254, 252, 251, 253, 253, 254, 251, 252, 253,
    255, 256, 254, 252, 253, 255, 254, 254, 257, 252, 256, 256, 255, 257,
    253, 255, 256, 257, 254, 256, 256, 252, 255, 256, 257, 253, 253, 251,
    249, 249, 248, 249, 242, 244, 239, 239, 234, 235, 233, 233, 235, 232,
    230, 235, 233, 234, 233, 230, 231, 233, 233, 234, 232, 231, 230, 230,
    232, 233, 229, 231, 233, 231, 235, 234, 234, 232, 229, 233, 229, 238,
    231, 232, 231, 232, 234, 232, 231, 232, 233, 232, 234, 234, 233, 232,
    231, 232, 233, 237, 231 ]
headPositionsY: [ 73, 71, 71, 71, 71, 71, 70, 70, 70, 71, 72, 72, 68, 71,
    69, 73, 70, 72, 71, 72, 70, 70, 72, 69, 71, 69, 74, 74, 71, 73, 71,
    69, 70, 69, 69, 69, 70, 72, 69, 73, 70, 70, 69, 71, 69, 69, 69, 70,
    71, 71, 71, 71, 73, 71, 72, 72, 72, 74, 72, 75, 70, 72, 72, 70, 70,
    74, 76, 74, 71, 72, 70, 70, 74, 69, 71, 71, 72, 73, 73, 73, 71, 73,
    71, 73, 70, 74, 69, 72, 72, 73, 72, 70, 71, 71, 72, 70, 73, 72, 74,
    71 ]
