%YAML:1.0
---
videoName: "headNod41.mp4"
gestureLabel: 202
fps: 29
pixelSizeInCmTemp: 2.9937500000000000e-01
faceCenterPointX: 267
faceCenterPointY: 76
headPositionsX: [ 268, 268, 269, 270, 272, 269, 270, 270, 269, 272, 271,
    267, 269, 270, 270, 269, 268, 271, 271, 273, 272, 271, 273, 269, 268,
    268, 270, 269, 271, 272, 268, 270, 270, 272, 269, 267, 268, 272, 269,
    268, 269, 272, 270, 270, 267, 268, 270, 270, 268, 269, 265, 269, 267,
    270, 270, 268, 266, 268, 267, 269, 268, 269, 267, 270, 268, 271, 270,
    269, 269, 268, 269, 267, 267, 266, 270, 266, 265, 269, 269, 267, 266,
    267, 270, 266, 266, 265, 267, 269, 268, 269, 268, 269, 266, 266, 269,
    268, 270, 265, 265, 269 ]
headPositionsY: [ 77, 73, 73, 75, 75, 72, 72, 71, 75, 74, 73, 75, 76, 76,
    72, 76, 72, 76, 76, 76, 74, 75, 76, 72, 74, 76, 74, 72, 76, 76, 72,
    75, 72, 73, 74, 75, 76, 74, 78, 78, 79, 82, 87, 90, 94, 92, 88, 85,
    83, 76, 80, 68, 71, 66, 62, 65, 68, 70, 74, 77, 82, 85, 94, 95, 92,
    92, 85, 79, 77, 74, 76, 70, 72, 70, 70, 75, 80, 83, 81, 85, 84, 78,
    76, 74, 74, 73, 76, 72, 76, 74, 78, 81, 78, 78, 77, 78, 76, 79, 77,
    77 ]
