%YAML:1.0
---
videoName: "headNod35.mp4"
gestureLabel: 202
fps: 30
pixelSizeInCmTemp: 2.9937500000000000e-01
faceCenterPointX: 268
faceCenterPointY: 78
headPositionsX: [ 267, 267, 268, 267, 271, 271, 271, 270, 267, 271, 269,
    268, 268, 269, 270, 271, 271, 269, 272, 271, 270, 267, 270, 268, 271,
    269, 270, 267, 268, 269, 269, 271, 272, 268, 269, 269, 271, 271, 268,
    267, 270, 269, 268, 268, 267, 266, 270, 268, 271, 269, 268, 267, 270,
    266, 268, 267, 267, 269, 269, 267, 266, 267, 270, 271, 267, 269, 266,
    269, 268, 270, 268, 268, 268, 271, 266, 268, 266, 269, 271, 268, 270,
    268, 269, 267, 265, 264, 265, 265, 265, 264, 265, 266, 268, 266, 268,
    268, 266, 267, 270, 268 ]
headPositionsY: [ 79, 78, 77, 76, 75, 78, 77, 76, 76, 78, 74, 78, 79, 74,
    76, 74, 76, 76, 77, 78, 76, 78, 78, 78, 74, 76, 76, 70, 70, 67, 70,
    69, 68, 69, 69, 76, 80, 84, 88, 92, 92, 89, 86, 86, 82, 76, 77, 75,
    72, 76, 79, 78, 84, 85, 89, 91, 90, 85, 81, 82, 75, 72, 70, 74, 74,
    77, 79, 81, 84, 88, 87, 85, 80, 80, 75, 75, 76, 73, 78, 80, 83, 84,
    85, 86, 87, 86, 81, 81, 81, 80, 80, 80, 80, 80, 80, 78, 77, 76, 77,
    78 ]
