%YAML:1.0
---
videoName: "headLookLeft7.mp4"
gestureLabel: 203
fps: 29
pixelSizeInCmTemp: 3.4214285714285714e-01
faceCenterPointX: 268
faceCenterPointY: 68
headPositionsX: [ 270, 247, 245, 245, 246, 244, 246, 246, 247, 244, 247,
    243, 245, 246, 248, 246, 245, 245, 247, 246, 243, 247, 248, 243, 246,
    246, 244, 246, 244, 246, 247, 250, 251, 253, 259, 261, 259, 265, 263,
    266, 267, 264, 269, 263, 267, 267, 267, 267, 265, 266, 268, 268, 268,
    269, 265, 266, 267, 267, 268, 269, 265, 271, 266, 268, 269, 268, 268,
    271, 266, 265, 268, 265, 268, 266, 266, 268, 270, 269, 268, 267, 269,
    267, 268, 269, 268, 270, 270, 268, 266, 271, 270, 267, 267, 267, 268,
    270, 270, 268, 267, 270 ]
headPositionsY: [ 69, 66, 71, 68, 72, 70, 69, 72, 69, 69, 67, 72, 70, 71,
    71, 69, 70, 72, 71, 72, 70, 72, 72, 70, 71, 69, 69, 72, 70, 69, 71,
    70, 69, 67, 69, 67, 69, 68, 69, 70, 67, 66, 66, 67, 66, 67, 67, 66,
    71, 70, 67, 70, 70, 68, 66, 67, 68, 67, 69, 71, 70, 71, 69, 68, 69,
    69, 68, 69, 67, 71, 69, 70, 69, 72, 68, 68, 68, 69, 66, 72, 68, 69,
    68, 69, 69, 66, 68, 66, 67, 70, 67, 67, 68, 68, 69, 70, 67, 69, 70,
    68 ]
