%YAML:1.0
---
videoName: "headShake13.mp4"
gestureLabel: 201
fps: 29
pixelSizeInCmTemp: 3.2364864864864862e-01
faceCenterPointX: 241
faceCenterPointY: 77
headPositionsX: [ 239, 242, 241, 241, 241, 240, 242, 241, 241, 241, 242,
    241, 243, 242, 239, 240, 244, 242, 242, 243, 242, 240, 242, 241, 243,
    242, 240, 241, 239, 242, 241, 240, 239, 240, 241, 249, 250, 254, 258,
    262, 264, 263, 260, 253, 250, 241, 236, 235, 228, 230, 232, 233, 237,
    240, 245, 246, 247, 249, 251, 248, 245, 240, 236, 235, 232, 232, 232,
    236, 239, 242, 247, 251, 250, 250, 249, 250, 248, 242, 240, 236, 234,
    234, 231, 235, 236, 236, 237, 237, 244, 245, 245, 243, 247, 246, 241,
    246, 243, 244, 241, 240 ]
headPositionsY: [ 77, 76, 76, 78, 74, 74, 76, 75, 74, 77, 77, 77, 74, 79,
    74, 75, 74, 76, 76, 76, 76, 75, 75, 74, 75, 76, 79, 76, 75, 76, 75,
    76, 78, 79, 75, 77, 77, 75, 75, 74, 74, 76, 73, 77, 79, 76, 76, 76,
    78, 78, 77, 75, 76, 77, 79, 76, 73, 74, 76, 75, 77, 75, 75, 78, 79,
    77, 77, 76, 77, 76, 75, 78, 76, 78, 78, 75, 75, 78, 78, 76, 74, 76,
    75, 78, 79, 78, 75, 76, 76, 78, 76, 75, 77, 78, 77, 77, 78, 77, 76,
    75 ]
