%YAML:1.0
---
videoName: "headNod48.mp4"
gestureLabel: 202
fps: 29
pixelSizeInCmTemp: 2.8855421686746985e-01
faceCenterPointX: 264
faceCenterPointY: 72
headPositionsX: [ 262, 267, 264, 263, 265, 264, 266, 267, 267, 264, 267,
    263, 265, 264, 266, 262, 264, 261, 261, 263, 260, 261, 258, 261, 260,
    262, 258, 262, 264, 263, 260, 262, 263, 264, 263, 261, 263, 264, 263,
    263, 261, 261, 260, 264, 263, 262, 262, 261, 262, 263, 260, 262, 263,
    262, 260, 262, 259, 261, 263, 262, 261, 263, 262, 265, 262, 265, 264,
    265, 262, 265, 265, 263, 264, 265, 264, 266, 265, 267, 262, 267, 267,
    265, 267, 264, 267, 263, 264, 267, 265, 267, 264, 264, 266, 266, 266,
    264, 267, 267, 265, 263 ]
headPositionsY: [ 71, 76, 76, 79, 76, 74, 74, 70, 67, 66, 63, 64, 60, 66,
    67, 70, 77, 81, 82, 90, 85, 87, 85, 81, 78, 75, 72, 71, 65, 62, 62,
    66, 65, 67, 69, 70, 73, 76, 82, 84, 84, 81, 81, 78, 78, 75, 72, 71,
    73, 70, 72, 73, 75, 80, 79, 81, 78, 77, 75, 70, 73, 71, 69, 70, 72,
    75, 74, 75, 75, 74, 76, 75, 72, 73, 70, 70, 69, 72, 71, 75, 74, 75,
    73, 76, 75, 74, 74, 69, 70, 70, 73, 73, 73, 72, 71, 70, 74, 73, 74,
    72 ]
