%YAML:1.0
---
videoName: "headLookLeft5.mp4"
gestureLabel: 203
fps: 30
pixelSizeInCmTemp: 3.5746268656716418e-01
faceCenterPointX: 284
faceCenterPointY: 67
headPositionsX: [ 286, 258, 258, 258, 259, 261, 261, 259, 259, 260, 258,
    261, 259, 260, 261, 261, 264, 264, 264, 263, 265, 268, 267, 270, 272,
    274, 273, 274, 276, 277, 283, 284, 287, 284, 286, 287, 286, 287, 284,
    284, 284, 285, 283, 285, 286, 283, 284, 285, 286, 285, 285, 282, 282,
    280, 284, 283, 284, 281, 284, 284, 283, 285, 283, 283, 284, 285, 287,
    285, 282, 283, 285, 285, 283, 285, 285, 284, 285, 286, 286, 286, 286,
    287, 288, 285, 287, 284, 284, 287, 284, 289, 284, 283, 283, 285, 287,
    284, 282, 284, 286, 284 ]
headPositionsY: [ 68, 72, 70, 73, 74, 70, 70, 69, 71, 72, 70, 71, 71, 74,
    70, 71, 70, 70, 70, 72, 74, 70, 70, 72, 68, 68, 68, 68, 69, 68, 68,
    71, 67, 67, 70, 68, 67, 69, 68, 67, 70, 68, 65, 67, 68, 69, 68, 67,
    66, 67, 69, 70, 68, 69, 66, 67, 65, 68, 67, 66, 70, 68, 68, 68, 69,
    70, 67, 70, 68, 68, 69, 69, 70, 68, 67, 69, 71, 66, 68, 66, 67, 69,
    69, 67, 69, 69, 66, 67, 69, 67, 68, 67, 67, 68, 67, 66, 69, 68, 66,
    69 ]
