%YAML:1.0
---
videoName: "headLookDown2.mp4"
gestureLabel: 206
fps: 29
pixelSizeInCmTemp: 3.3732394366197183e-01
faceCenterPointX: 274
faceCenterPointY: 95
headPositionsX: [ 275, 272, 275, 275, 273, 272, 271, 276, 275, 275, 275,
    272, 276, 274, 274, 272, 272, 276, 273, 276, 273, 273, 274, 273, 277,
    271, 274, 273, 274, 273, 274, 271, 275, 275, 276, 272, 272, 276, 274,
    275, 275, 274, 276, 276, 274, 272, 274, 276, 274, 271, 274, 274, 272,
    272, 272, 272, 272, 275, 276, 274, 274, 276, 276, 275, 273, 277, 276,
    274, 273, 277, 274, 273, 276, 277, 275, 277, 276, 277, 274, 273, 276,
    274, 275, 275, 277, 274, 276, 276, 274, 275, 274, 273, 275, 277, 275,
    274, 274, 272, 274, 274 ]
headPositionsY: [ 97, 78, 79, 81, 77, 79, 76, 79, 79, 79, 77, 78, 80, 79,
    78, 81, 79, 77, 79, 77, 79, 78, 81, 77, 78, 79, 80, 77, 79, 80, 78,
    78, 81, 80, 79, 82, 80, 82, 85, 85, 87, 91, 90, 91, 92, 94, 94, 96,
    95, 95, 96, 94, 93, 92, 95, 96, 96, 93, 95, 96, 96, 95, 96, 94, 95,
    94, 93, 97, 96, 94, 96, 93, 96, 95, 96, 97, 95, 96, 93, 97, 93, 97,
    96, 95, 96, 97, 95, 96, 95, 96, 94, 96, 93, 97, 94, 95, 95, 95, 94,
    97 ]
