%YAML:1.0
---
videoName: "headNod25.mp4"
gestureLabel: 202
fps: 29
pixelSizeInCmTemp: 3.1933333333333330e-01
faceCenterPointX: 270
faceCenterPointY: 75
headPositionsX: [ 272, 270, 273, 270, 270, 268, 272, 270, 268, 272, 267,
    271, 268, 271, 272, 268, 271, 270, 269, 271, 273, 272, 270, 272, 274,
    273, 271, 271, 275, 270, 275, 271, 270, 271, 272, 274, 273, 272, 270,
    274, 269, 272, 269, 270, 273, 272, 272, 270, 272, 272, 270, 272, 272,
    271, 273, 271, 271, 273, 271, 273, 270, 273, 271, 269, 271, 269, 271,
    268, 269, 272, 270, 272, 273, 272, 273, 269, 270, 273, 274, 271, 272,
    269, 272, 271, 268, 269, 270, 269, 271, 271, 273, 269, 270, 269, 271,
    269, 270, 272, 270, 271 ]
headPositionsY: [ 73, 71, 71, 75, 73, 72, 76, 73, 75, 72, 73, 76, 73, 74,
    73, 72, 74, 73, 75, 76, 73, 74, 75, 73, 76, 76, 73, 74, 76, 75, 74,
    77, 77, 72, 77, 76, 74, 75, 76, 76, 73, 75, 72, 75, 73, 78, 76, 76,
    74, 70, 71, 70, 67, 65, 63, 66, 65, 67, 70, 71, 73, 74, 76, 84, 87,
    86, 86, 84, 84, 82, 78, 75, 74, 72, 69, 68, 67, 69, 70, 69, 72, 78,
    81, 82, 80, 78, 77, 76, 78, 79, 78, 78, 76, 77, 78, 75, 77, 77, 73,
    73 ]
