%YAML:1.0
---
videoName: "headNod18.mp4"
gestureLabel: 202
fps: 29
pixelSizeInCmTemp: 3.3263888888888887e-01
faceCenterPointX: 255
faceCenterPointY: 77
headPositionsX: [ 254, 257, 258, 257, 255, 254, 256, 257, 258, 254, 257,
    259, 256, 258, 253, 257, 256, 253, 255, 252, 255, 254, 252, 254, 256,
    253, 255, 253, 258, 255, 258, 255, 257, 254, 253, 255, 255, 255, 254,
    257, 254, 257, 255, 253, 254, 258, 258, 253, 257, 255, 256, 253, 252,
    257, 256, 255, 254, 255, 254, 252, 253, 252, 253, 252, 254, 252, 252,
    252, 255, 256, 252, 252, 256, 255, 252, 252, 252, 255, 253, 253, 255,
    257, 252, 255, 253, 252, 253, 253, 257, 257, 255, 255, 255, 257, 255,
    255, 257, 252, 256, 257 ]
headPositionsY: [ 78, 77, 79, 78, 76, 75, 76, 77, 77, 76, 76, 77, 75, 80,
    78, 77, 80, 78, 77, 79, 76, 77, 78, 81, 80, 77, 81, 80, 79, 79, 78,
    76, 78, 79, 79, 80, 80, 79, 75, 75, 73, 75, 72, 71, 72, 71, 71, 73,
    75, 76, 76, 79, 78, 81, 82, 82, 78, 76, 73, 73, 74, 72, 75, 77, 84,
    82, 82, 78, 75, 75, 75, 74, 76, 81, 84, 81, 83, 79, 79, 74, 77, 78,
    74, 76, 78, 83, 83, 82, 79, 79, 77, 79, 75, 76, 78, 76, 80, 78, 78,
    80 ]
