%YAML:1.0
---
videoName: "headLookLeft3.mp4"
gestureLabel: 203
fps: 29
pixelSizeInCmTemp: 3.4214285714285714e-01
faceCenterPointX: 290
faceCenterPointY: 74
headPositionsX: [ 292, 264, 264, 266, 262, 263, 267, 269, 270, 270, 272,
    276, 277, 277, 281, 284, 284, 288, 288, 287, 287, 286, 293, 289, 287,
    288, 298, 288, 287, 281, 289, 291, 292, 293, 287, 289, 284, 292, 290,
    288, 287, 286, 288, 295, 288, 288, 288, 286, 291, 287, 292, 293, 290,
    290, 285, 289, 287, 288, 292, 290, 292, 290, 288, 286, 288, 286, 289,
    291, 284, 289, 289, 286, 287, 285, 288, 287, 289, 288, 287, 284, 289,
    285, 289, 286, 290, 287, 289, 288, 288, 287, 284, 286, 289, 290, 284,
    282, 288, 288, 287, 287 ]
headPositionsY: [ 72, 75, 76, 75, 79, 77, 79, 77, 79, 75, 76, 74, 75, 77,
    76, 75, 73, 74, 72, 76, 76, 74, 73, 75, 71, 70, 73, 75, 73, 70, 73,
    73, 72, 73, 72, 77, 71, 75, 76, 73, 74, 74, 72, 77, 75, 72, 72, 75,
    77, 71, 72, 71, 75, 76, 74, 73, 74, 72, 71, 75, 75, 74, 72, 75, 74,
    73, 75, 74, 73, 72, 72, 75, 72, 75, 72, 74, 72, 73, 74, 75, 73, 73,
    74, 73, 74, 72, 76, 75, 74, 76, 73, 76, 75, 73, 75, 75, 73, 71, 74,
    73 ]
