%YAML:1.0
---
videoName: "headLookDown3.mp4"
gestureLabel: 206
fps: 29
pixelSizeInCmTemp: 3.5746268656716418e-01
faceCenterPointX: 273
faceCenterPointY: 98
headPositionsX: [ 272, 270, 274, 274, 271, 273, 273, 275, 272, 271, 274,
    271, 272, 272, 272, 274, 270, 275, 274, 274, 270, 275, 271, 272, 273,
    273, 271, 271, 271, 273, 274, 274, 272, 274, 272, 270, 272, 269, 272,
    270, 270, 270, 273, 270, 274, 273, 271, 272, 271, 272, 273, 271, 271,
    273, 271, 271, 272, 271, 272, 271, 273, 272, 268, 271, 272, 270, 272,
    268, 269, 269, 271, 271, 272, 270, 271, 271, 269, 272, 273, 272, 269,
    271, 270, 271, 273, 270, 270, 273, 270, 272, 270, 274, 274, 272, 273,
    272, 273, 271, 272, 272 ]
headPositionsY: [ 96, 76, 79, 79, 77, 78, 77, 77, 77, 80, 80, 80, 77, 78,
    80, 79, 80, 81, 79, 77, 79, 81, 79, 77, 81, 80, 77, 80, 76, 78, 77,
    80, 79, 79, 79, 80, 80, 82, 83, 81, 81, 84, 85, 84, 84, 86, 88, 88,
    89, 89, 89, 90, 93, 91, 94, 96, 98, 97, 97, 100, 97, 101, 96, 97, 98,
    102, 100, 100, 98, 103, 101, 104, 102, 99, 100, 101, 101, 102, 101,
    101, 102, 99, 102, 103, 102, 99, 98, 102, 99, 100, 98, 100, 100, 102,
    103, 98, 101, 100, 101, 100 ]
