%YAML:1.0
---
videoName: "headLookUp3.mp4"
gestureLabel: 205
fps: 29
pixelSizeInCmTemp: 3.7421874999999999e-01
faceCenterPointX: 254
faceCenterPointY: 68
headPositionsX: [ 254, 254, 257, 256, 253, 255, 256, 254, 254, 256, 256,
    253, 254, 257, 257, 255, 257, 259, 259, 257, 257, 257, 257, 259, 256,
    254, 255, 256, 256, 258, 259, 255, 257, 258, 257, 256, 254, 258, 254,
    255, 255, 254, 256, 256, 255, 257, 257, 255, 257, 257, 257, 254, 255,
    254, 254, 257, 253, 257, 255, 255, 256, 256, 255, 257, 256, 255, 258,
    255, 257, 256, 253, 255, 257, 258, 255, 254, 254, 256, 256, 255, 255,
    254, 257, 251, 255, 256, 258, 253, 257, 254, 257, 255, 258, 254, 253,
    257, 256, 258, 257, 255 ]
headPositionsY: [ 67, 83, 84, 80, 83, 83, 83, 83, 80, 82, 83, 84, 83, 82,
    83, 82, 81, 84, 84, 83, 81, 83, 85, 81, 83, 84, 82, 83, 82, 82, 84,
    83, 81, 81, 85, 80, 83, 79, 78, 81, 82, 79, 78, 76, 75, 72, 71, 71,
    71, 71, 68, 69, 68, 68, 70, 67, 71, 68, 68, 69, 67, 67, 68, 68, 70,
    66, 66, 67, 70, 67, 67, 68, 65, 69, 66, 67, 68, 67, 66, 66, 67, 68,
    66, 68, 65, 67, 66, 67, 66, 66, 69, 68, 70, 70, 69, 67, 67, 67, 69,
    69 ]
