%YAML:1.0
---
videoName: "headShake46.mp4"
gestureLabel: 201
fps: 30
pixelSizeInCmTemp: 3.2364864864864862e-01
faceCenterPointX: 262
faceCenterPointY: 85
headPositionsX: [ 261, 260, 263, 260, 261, 258, 261, 259, 263, 259, 258,
    259, 258, 262, 259, 261, 259, 261, 258, 258, 261, 259, 261, 261, 260,
    259, 261, 258, 257, 259, 266, 268, 274, 275, 277, 277, 275, 274, 267,
    257, 255, 249, 249, 251, 254, 261, 269, 267, 269, 265, 261, 256, 255,
    253, 254, 260, 261, 267, 268, 265, 266, 263, 258, 255, 256, 258, 264,
    269, 268, 269, 268, 266, 264, 257, 261, 258, 262, 262, 265, 265, 263,
    264, 264, 263, 260, 262, 258, 262, 262, 260, 261, 261, 258, 263, 262,
    260, 260, 262, 263, 259 ]
headPositionsY: [ 87, 85, 84, 82, 82, 85, 84, 82, 85, 86, 86, 83, 85, 84,
    87, 86, 85, 86, 82, 82, 84, 82, 83, 84, 85, 85, 83, 86, 83, 84, 83,
    81, 82, 81, 84, 83, 84, 81, 87, 86, 87, 82, 85, 87, 86, 86, 84, 82,
    84, 87, 87, 82, 83, 86, 84, 84, 83, 86, 83, 86, 88, 83, 85, 86, 86,
    87, 86, 84, 85, 85, 84, 86, 84, 86, 86, 86, 83, 83, 82, 86, 83, 85,
    85, 85, 86, 84, 86, 86, 84, 82, 86, 86, 83, 84, 85, 84, 85, 87, 86,
    87 ]
