%YAML:1.0
---
videoName: "headShake13.mp4"
gestureLabel: 201
fps: 29
pixelSizeInCmTemp: 3.2364864864864862e-01
faceCenterPointX: 241
faceCenterPointY: 77
headPositionsX: [ 241, 243, 243, 243, 242, 242, 243, 241, 241, 242, 243,
    244, 241, 241, 243, 243, 244, 241, 239, 241, 239, 241, 240, 240, 243,
    242, 240, 241, 239, 241, 238, 237, 237, 241, 243, 246, 251, 255, 259,
    261, 263, 264, 261, 257, 250, 243, 236, 236, 231, 230, 231, 230, 235,
    238, 244, 248, 249, 251, 248, 246, 242, 243, 239, 236, 234, 231, 230,
    236, 237, 240, 247, 249, 249, 251, 251, 253, 248, 242, 240, 238, 237,
    232, 233, 235, 235, 235, 239, 240, 240, 242, 242, 245, 244, 246, 243,
    246, 242, 242, 239, 239 ]
headPositionsY: [ 75, 76, 75, 78, 77, 77, 79, 78, 74, 78, 77, 77, 77, 76,
    75, 74, 77, 75, 77, 78, 76, 76, 77, 76, 74, 77, 78, 74, 78, 75, 78,
    74, 78, 75, 77, 74, 76, 75, 72, 74, 77, 73, 75, 78, 75, 77, 74, 74,
    79, 78, 79, 76, 74, 76, 78, 74, 74, 74, 75, 75, 78, 77, 74, 77, 75,
    77, 76, 74, 75, 74, 75, 74, 78, 74, 75, 75, 76, 78, 78, 79, 74, 74,
    74, 74, 75, 76, 78, 76, 75, 76, 74, 75, 75, 75, 77, 74, 77, 74, 76,
    75 ]
