%YAML:1.0
---
videoName: "headShake0.mp4"
gestureLabel: 201
fps: 29
pixelSizeInCmTemp: 3.2808219178082193e-01
faceCenterPointX: 279
faceCenterPointY: 94
headPositionsX: [ 280, 281, 277, 279, 278, 279, 279, 279, 279, 279, 277,
    280, 280, 280, 277, 281, 278, 280, 277, 281, 277, 279, 279, 278, 278,
    281, 280, 280, 279, 281, 278, 278, 280, 276, 277, 277, 280, 277, 277,
    280, 277, 282, 287, 287, 290, 293, 299, 300, 302, 301, 299, 295, 290,
    284, 279, 276, 273, 273, 273, 276, 280, 284, 290, 288, 289, 289, 286,
    282, 276, 273, 271, 270, 273, 277, 279, 281, 282, 286, 285, 285, 278,
    279, 276, 276, 277, 278, 279, 276, 276, 280, 277, 281, 281, 279, 278,
    280, 278, 278, 278, 279 ]
headPositionsY: [ 94, 95, 94, 91, 95, 93, 92, 95, 94, 95, 93, 93, 93, 91,
    95, 92, 95, 93, 92, 91, 94, 94, 95, 94, 94, 92, 95, 93, 94, 90, 91,
    94, 95, 91, 93, 93, 92, 94, 95, 96, 95, 91, 91, 90, 91, 88, 91, 92,
    92, 92, 89, 89, 92, 95, 93, 91, 92, 92, 94, 93, 92, 90, 94, 92, 91,
    93, 93, 94, 95, 93, 93, 92, 92, 91, 93, 91, 92, 94, 91, 95, 95, 94,
    95, 92, 92, 95, 94, 95, 92, 96, 92, 95, 92, 92, 93, 94, 97, 96, 92,
    96 ]
