%YAML:1.0
---
videoName: "headNod37.mp4"
gestureLabel: 202
fps: 29
pixelSizeInCmTemp: 2.9207317073170730e-01
faceCenterPointX: 269
faceCenterPointY: 78
headPositionsX: [ 268, 271, 273, 271, 272, 270, 271, 268, 270, 271, 269,
    269, 269, 270, 269, 272, 271, 267, 268, 268, 269, 267, 269, 266, 268,
    268, 268, 268, 268, 272, 269, 271, 268, 272, 269, 271, 267, 271, 270,
    269, 271, 270, 269, 270, 271, 268, 271, 270, 271, 269, 271, 270, 268,
    269, 269, 269, 272, 270, 268, 268, 270, 267, 266, 268, 269, 268, 266,
    268, 266, 267, 267, 265, 267, 267, 267, 268, 269, 269, 270, 268, 271,
    270, 269, 269, 270, 269, 270, 268, 272, 270, 271, 270, 269, 270, 269,
    271, 267, 270, 269, 270 ]
headPositionsY: [ 78, 78, 75, 78, 73, 75, 77, 77, 73, 77, 75, 77, 76, 73,
    74, 74, 77, 73, 74, 77, 74, 74, 77, 75, 75, 73, 75, 78, 75, 74, 76,
    74, 74, 75, 77, 73, 76, 78, 77, 78, 78, 76, 74, 74, 75, 76, 78, 76,
    78, 78, 76, 75, 74, 72, 66, 65, 63, 66, 67, 68, 72, 72, 78, 85, 86,
    87, 88, 88, 81, 79, 75, 70, 71, 68, 68, 68, 66, 65, 69, 70, 70, 75,
    79, 80, 83, 84, 83, 84, 80, 82, 77, 81, 77, 78, 79, 79, 76, 80, 79,
    78 ]
