%YAML:1.0
---
videoName: "headNod45.mp4"
gestureLabel: 202
fps: 30
pixelSizeInCmTemp: 3.0316455696202532e-01
faceCenterPointX: 265
faceCenterPointY: 77
headPositionsX: [ 263, 266, 269, 269, 265, 267, 268, 270, 267, 268, 266,
    269, 266, 270, 266, 267, 267, 266, 267, 269, 266, 265, 266, 270, 266,
    266, 269, 264, 266, 266, 264, 266, 263, 267, 268, 266, 267, 265, 266,
    266, 266, 266, 264, 265, 265, 263, 264, 264, 268, 264, 268, 264, 266,
    266, 268, 266, 268, 268, 269, 264, 269, 268, 265, 267, 266, 267, 264,
    267, 267, 266, 264, 269, 264, 266, 266, 263, 264, 266, 267, 263, 268,
    266, 268, 264, 266, 268, 269, 265, 267, 267, 266, 268, 268, 266, 265,
    265, 264, 265, 268, 266 ]
headPositionsY: [ 77, 76, 77, 77, 76, 78, 73, 73, 77, 76, 76, 77, 75, 77,
    78, 76, 77, 78, 77, 82, 86, 90, 91, 93, 94, 93, 92, 86, 81, 79, 72,
    74, 68, 66, 65, 66, 65, 69, 72, 77, 81, 87, 92, 92, 92, 91, 89, 84,
    80, 79, 76, 75, 74, 71, 73, 73, 76, 83, 83, 84, 83, 86, 81, 76, 75,
    76, 73, 73, 75, 73, 79, 82, 85, 89, 88, 89, 87, 84, 81, 79, 75, 77,
    76, 77, 79, 80, 81, 80, 82, 79, 80, 80, 81, 80, 76, 79, 75, 78, 77,
    79 ]
