%YAML:1.0
---
videoName: "headNod31.mp4"
gestureLabel: 202
fps: 29
pixelSizeInCmTemp: 2.8855421686746985e-01
faceCenterPointX: 267
faceCenterPointY: 75
headPositionsX: [ 266, 269, 271, 270, 270, 268, 270, 271, 271, 271, 269,
    269, 271, 270, 270, 271, 267, 269, 266, 265, 267, 268, 266, 264, 268,
    266, 267, 268, 268, 266, 266, 267, 272, 267, 267, 268, 267, 268, 268,
    267, 266, 267, 268, 266, 264, 269, 266, 266, 268, 267, 267, 265, 267,
    264, 267, 267, 266, 268, 265, 268, 266, 268, 266, 266, 265, 268, 264,
    265, 268, 268, 264, 265, 268, 267, 264, 269, 266, 266, 266, 267, 266,
    264, 263, 265, 268, 266, 265, 267, 265, 267, 269, 267, 266, 265, 268,
    269, 265, 267, 267, 265 ]
headPositionsY: [ 76, 73, 75, 73, 76, 76, 73, 66, 65, 64, 64, 65, 64, 65,
    77, 78, 81, 85, 88, 84, 85, 81, 79, 79, 76, 73, 71, 72, 68, 66, 71,
    67, 71, 74, 76, 83, 83, 85, 89, 89, 86, 80, 81, 75, 72, 76, 73, 73,
    78, 77, 79, 82, 85, 84, 85, 79, 80, 75, 71, 70, 72, 69, 70, 71, 71,
    71, 75, 77, 81, 80, 78, 80, 79, 76, 74, 73, 73, 71, 70, 71, 75, 77,
    73, 79, 75, 75, 78, 74, 76, 73, 73, 73, 76, 74, 77, 77, 78, 75, 75,
    74 ]
