%YAML:1.0
---
videoName: "headNod30.mp4"
gestureLabel: 202
fps: 29
pixelSizeInCmTemp: 3.2364864864864862e-01
faceCenterPointX: 271
faceCenterPointY: 72
headPositionsX: [ 269, 271, 273, 272, 273, 272, 269, 271, 272, 269, 273,
    271, 274, 274, 274, 270, 273, 270, 273, 270, 274, 269, 274, 272, 272,
    271, 275, 273, 271, 271, 274, 273, 272, 272, 271, 269, 273, 273, 272,
    269, 272, 271, 271, 270, 268, 267, 271, 270, 268, 271, 269, 269, 271,
    268, 269, 269, 269, 271, 273, 269, 271, 271, 271, 273, 271, 273, 269,
    271, 272, 272, 271, 270, 269, 272, 269, 269, 270, 270, 273, 270, 271,
    272, 272, 271, 272, 271, 273, 271, 271, 274, 270, 274, 273, 271, 269,
    272, 274, 270, 269, 270 ]
headPositionsY: [ 70, 76, 77, 75, 74, 73, 76, 74, 77, 74, 74, 77, 75, 77,
    78, 76, 74, 75, 77, 73, 76, 74, 71, 71, 70, 69, 66, 70, 67, 70, 73,
    76, 77, 82, 81, 83, 79, 77, 74, 74, 71, 71, 71, 73, 73, 77, 78, 81,
    77, 80, 78, 77, 75, 73, 72, 70, 69, 72, 75, 75, 74, 78, 74, 77, 74,
    75, 69, 68, 72, 69, 69, 69, 71, 72, 76, 74, 75, 76, 75, 69, 73, 69,
    68, 69, 68, 73, 71, 70, 71, 72, 73, 76, 74, 75, 73, 75, 72, 73, 74,
    74 ]
