%YAML:1.0
---
videoName: "headNod6.mp4"
gestureLabel: 202
fps: 29
pixelSizeInCmTemp: 3.1513157894736843e-01
faceCenterPointX: 262
faceCenterPointY: 73
headPositionsX: [ 261, 264, 263, 263, 262, 262, 262, 260, 263, 262, 260,
    264, 263, 262, 262, 265, 264, 263, 262, 261, 261, 263, 264, 260, 261,
    264, 260, 262, 261, 264, 260, 261, 260, 262, 264, 262, 263, 263, 264,
    264, 262, 261, 261, 262, 260, 262, 259, 263, 261, 263, 260, 262, 259,
    261, 261, 264, 263, 258, 260, 262, 258, 262, 259, 263, 259, 258, 258,
    260, 261, 262, 259, 261, 263, 261, 262, 263, 259, 258, 262, 261, 261,
    261, 262, 260, 260, 260, 259, 262, 261, 260, 263, 260, 261, 260, 261,
    259, 262, 261, 259, 263 ]
headPositionsY: [ 73, 73, 73, 75, 76, 72, 72, 73, 72, 72, 75, 72, 75, 74,
    73, 74, 76, 71, 72, 76, 72, 75, 75, 75, 74, 75, 76, 74, 73, 75, 74,
    72, 70, 69, 69, 66, 63, 65, 64, 67, 73, 79, 79, 85, 82, 82, 77, 74,
    68, 68, 65, 71, 74, 74, 82, 82, 83, 81, 77, 73, 72, 71, 70, 68, 69,
    74, 79, 82, 85, 79, 79, 73, 72, 66, 64, 68, 66, 67, 73, 73, 81, 84,
    84, 83, 79, 77, 73, 72, 72, 68, 71, 71, 72, 70, 71, 71, 74, 75, 70,
    74 ]
