%YAML:1.0
---
videoName: "headNod3.mp4"
gestureLabel: 202
fps: 29
pixelSizeInCmTemp: 3.1933333333333330e-01
faceCenterPointX: 264
faceCenterPointY: 76
headPositionsX: [ 263, 264, 262, 265, 264, 264, 267, 266, 265, 264, 269,
    267, 265, 265, 266, 266, 265, 267, 266, 263, 263, 267, 264, 263, 263,
    267, 263, 267, 264, 264, 265, 264, 265, 268, 267, 268, 267, 265, 266,
    266, 268, 266, 267, 263, 265, 266, 263, 267, 264, 263, 266, 263, 267,
    266, 263, 262, 266, 266, 262, 265, 265, 263, 262, 262, 262, 263, 265,
    265, 265, 262, 266, 263, 265, 264, 262, 265, 263, 265, 262, 266, 261,
    263, 262, 263, 266, 262, 266, 261, 266, 262, 264, 263, 262, 263, 263,
    266, 264, 267, 264, 267 ]
headPositionsY: [ 74, 76, 76, 74, 78, 74, 76, 74, 77, 73, 77, 72, 74, 74,
    71, 73, 74, 74, 75, 75, 74, 70, 74, 75, 74, 72, 75, 75, 73, 76, 75,
    73, 74, 76, 77, 76, 74, 77, 74, 75, 74, 72, 73, 72, 73, 69, 70, 66,
    64, 65, 67, 70, 74, 75, 80, 78, 81, 83, 80, 80, 77, 71, 70, 67, 68,
    68, 69, 71, 73, 79, 79, 80, 82, 78, 78, 75, 71, 69, 65, 68, 68, 67,
    69, 71, 72, 74, 78, 79, 78, 80, 77, 79, 78, 79, 75, 76, 78, 77, 73,
    74 ]
