%YAML:1.0
---
videoName: "headShake13.mp4"
gestureLabel: 201
fps: 29
pixelSizeInCmTemp: 3.2364864864864862e-01
faceCenterPointX: 241
faceCenterPointY: 77
headPositionsX: [ 243, 239, 242, 242, 241, 242, 241, 243, 240, 240, 239,
    241, 241, 240, 242, 242, 242, 241, 239, 241, 243, 242, 241, 241, 241,
    241, 241, 243, 241, 241, 237, 240, 237, 239, 242, 248, 252, 258, 260,
    263, 265, 260, 260, 253, 250, 244, 236, 235, 228, 231, 228, 234, 236,
    237, 244, 248, 248, 249, 251, 247, 244, 239, 237, 232, 234, 229, 231,
    234, 236, 241, 245, 248, 253, 251, 251, 252, 246, 243, 242, 237, 237,
    232, 232, 236, 236, 234, 239, 240, 244, 242, 245, 246, 246, 246, 243,
    245, 241, 241, 239, 240 ]
headPositionsY: [ 79, 75, 76, 77, 74, 78, 78, 75, 74, 75, 75, 76, 74, 76,
    77, 74, 77, 77, 76, 78, 75, 74, 77, 74, 77, 75, 76, 76, 77, 77, 74,
    75, 74, 76, 76, 77, 77, 76, 76, 73, 74, 72, 75, 75, 75, 78, 78, 78,
    75, 77, 76, 75, 77, 79, 77, 75, 75, 74, 75, 75, 76, 76, 77, 77, 77,
    75, 78, 78, 76, 74, 78, 77, 75, 78, 75, 76, 78, 77, 77, 79, 75, 76,
    76, 78, 77, 74, 75, 77, 77, 79, 74, 76, 77, 76, 78, 75, 78, 77, 76,
    74 ]
