%YAML:1.0
---
videoName: "headLookLeft9.mp4"
gestureLabel: 203
fps: 30
pixelSizeInCmTemp: 3.2364864864864862e-01
faceCenterPointX: 273
faceCenterPointY: 69
headPositionsX: [ 275, 249, 247, 246, 248, 245, 246, 247, 247, 248, 246,
    246, 244, 244, 246, 244, 247, 245, 245, 244, 246, 246, 247, 244, 244,
    246, 247, 245, 244, 247, 247, 247, 249, 247, 250, 251, 256, 257, 261,
    260, 266, 266, 266, 268, 264, 268, 270, 272, 269, 270, 269, 274, 270,
    269, 273, 269, 274, 271, 272, 270, 273, 271, 272, 271, 275, 272, 269,
    273, 274, 271, 273, 270, 270, 272, 274, 272, 274, 268, 273, 271, 272,
    272, 271, 272, 273, 267, 271, 271, 274, 273, 271, 273, 270, 267, 271,
    276, 271, 274, 271, 270 ]
headPositionsY: [ 68, 73, 71, 71, 71, 71, 73, 70, 68, 72, 70, 69, 68, 69,
    72, 72, 72, 70, 70, 73, 71, 68, 72, 68, 71, 73, 70, 72, 73, 73, 71,
    70, 71, 72, 69, 72, 68, 68, 67, 70, 66, 66, 69, 71, 70, 68, 69, 69,
    67, 70, 70, 65, 68, 65, 68, 66, 65, 66, 66, 68, 66, 65, 70, 70, 70,
    68, 65, 67, 68, 66, 68, 69, 67, 71, 71, 70, 70, 69, 66, 69, 70, 67,
    68, 71, 69, 66, 68, 68, 68, 65, 68, 67, 70, 68, 66, 70, 72, 68, 67,
    71 ]
