%YAML:1.0
---
videoName: "headNod22.mp4"
gestureLabel: 202
fps: 29
pixelSizeInCmTemp: 3.1513157894736843e-01
faceCenterPointX: 252
faceCenterPointY: 80
headPositionsX: [ 251, 252, 251, 251, 255, 254, 250, 254, 252, 251, 251,
    254, 255, 253, 251, 252, 256, 254, 254, 255, 253, 255, 254, 251, 255,
    253, 252, 252, 253, 252, 252, 255, 254, 256, 253, 257, 251, 253, 255,
    253, 253, 252, 253, 256, 253, 254, 251, 255, 253, 254, 253, 255, 253,
    249, 250, 253, 249, 251, 251, 252, 251, 254, 251, 253, 253, 251, 251,
    253, 252, 252, 252, 252, 252, 252, 254, 251, 252, 250, 250, 254, 250,
    253, 250, 255, 253, 254, 250, 250, 252, 253, 249, 254, 254, 249, 249,
    253, 251, 251, 254, 251 ]
headPositionsY: [ 82, 80, 80, 79, 76, 76, 80, 79, 77, 79, 79, 77, 79, 81,
    80, 76, 80, 79, 80, 79, 77, 80, 78, 79, 82, 83, 85, 82, 81, 81, 77,
    73, 73, 70, 73, 73, 76, 79, 79, 84, 85, 85, 79, 79, 74, 70, 72, 71,
    69, 73, 75, 81, 84, 83, 88, 82, 82, 79, 77, 74, 75, 73, 71, 73, 77,
    77, 81, 81, 81, 77, 78, 74, 76, 73, 75, 77, 78, 79, 82, 81, 79, 78,
    77, 79, 77, 81, 81, 80, 79, 77, 79, 80, 78, 80, 80, 78, 82, 82, 81,
    81 ]
