%YAML:1.0
---
videoName: "headNod24.mp4"
gestureLabel: 202
fps: 29
pixelSizeInCmTemp: 3.1513157894736843e-01
faceCenterPointX: 272
faceCenterPointY: 72
headPositionsX: [ 270, 277, 272, 275, 275, 276, 274, 273, 276, 274, 274,
    277, 272, 275, 272, 274, 276, 272, 273, 276, 275, 271, 273, 274, 274,
    274, 271, 275, 275, 271, 274, 272, 275, 275, 273, 273, 271, 273, 275,
    273, 273, 272, 272, 272, 271, 275, 271, 272, 274, 270, 273, 273, 272,
    272, 274, 270, 275, 274, 274, 273, 270, 271, 268, 272, 270, 272, 270,
    273, 269, 274, 270, 271, 273, 272, 271, 273, 272, 270, 272, 270, 270,
    267, 268, 269, 267, 270, 268, 272, 270, 269, 273, 268, 270, 272, 271,
    271, 271, 273, 271, 271 ]
headPositionsY: [ 74, 71, 75, 71, 71, 75, 75, 72, 75, 71, 73, 74, 71, 74,
    75, 76, 71, 76, 72, 73, 75, 74, 74, 74, 72, 72, 74, 76, 76, 72, 74,
    76, 74, 74, 75, 71, 72, 71, 71, 71, 70, 72, 74, 82, 79, 82, 78, 77,
    68, 68, 67, 68, 67, 72, 73, 73, 77, 72, 71, 69, 64, 69, 66, 67, 70,
    75, 73, 76, 75, 74, 73, 68, 70, 69, 69, 73, 71, 72, 74, 77, 76, 72,
    73, 72, 72, 72, 70, 70, 69, 71, 73, 72, 75, 72, 73, 71, 73, 74, 72,
    72 ]
