%YAML:1.0
---
videoName: "headNod13.mp4"
gestureLabel: 202
fps: 29
pixelSizeInCmTemp: 3.2364864864864862e-01
faceCenterPointX: 253
faceCenterPointY: 79
headPositionsX: [ 254, 250, 250, 253, 253, 250, 253, 255, 253, 254, 255,
    256, 253, 254, 257, 252, 256, 253, 256, 255, 257, 254, 255, 254, 255,
    252, 253, 254, 255, 251, 256, 255, 253, 254, 254, 255, 255, 252, 251,
    255, 254, 255, 251, 253, 255, 254, 251, 255, 255, 251, 253, 254, 253,
    252, 256, 253, 256, 253, 253, 251, 255, 252, 254, 251, 254, 254, 253,
    255, 253, 253, 255, 255, 255, 254, 257, 255, 254, 256, 256, 255, 254,
    254, 256, 256, 256, 255, 254, 256, 253, 256, 255, 256, 252, 255, 254,
    252, 254, 255, 250, 251 ]
headPositionsY: [ 80, 73, 72, 72, 73, 71, 73, 74, 73, 76, 74, 75, 72, 71,
    76, 73, 75, 72, 73, 76, 75, 75, 74, 76, 73, 76, 73, 72, 71, 73, 72,
    75, 75, 73, 74, 75, 76, 74, 73, 75, 76, 76, 72, 75, 76, 76, 74, 73,
    74, 70, 72, 70, 66, 65, 70, 70, 70, 75, 78, 77, 80, 79, 75, 75, 71,
    72, 70, 69, 70, 67, 72, 75, 77, 78, 80, 78, 78, 79, 78, 74, 74, 72,
    74, 73, 71, 75, 75, 76, 80, 80, 80, 77, 78, 80, 78, 81, 80, 79, 79,
    77 ]
