%YAML:1.0
---
videoName: "headNod21.mp4"
gestureLabel: 202
fps: 29
pixelSizeInCmTemp: 3.2808219178082193e-01
faceCenterPointX: 253
faceCenterPointY: 78
headPositionsX: [ 255, 254, 257, 256, 257, 253, 253, 255, 256, 255, 254,
    254, 254, 254, 256, 255, 255, 256, 256, 254, 257, 253, 254, 255, 254,
    254, 257, 254, 258, 252, 255, 255, 255, 256, 254, 255, 255, 256, 256,
    258, 256, 258, 257, 254, 255, 255, 256, 256, 254, 253, 256, 252, 253,
    252, 256, 254, 252, 254, 252, 254, 253, 251, 252, 253, 252, 251, 250,
    250, 251, 252, 251, 250, 250, 250, 250, 251, 248, 252, 248, 252, 252,
    249, 248, 252, 252, 251, 253, 252, 252, 251, 253, 251, 252, 253, 252,
    255, 254, 253, 253, 257 ]
headPositionsY: [ 78, 77, 81, 80, 77, 80, 80, 79, 77, 79, 80, 80, 76, 79,
    79, 77, 80, 78, 76, 81, 77, 79, 78, 79, 78, 78, 78, 77, 80, 80, 84,
    83, 84, 79, 78, 79, 76, 75, 77, 78, 81, 81, 86, 84, 84, 80, 75, 76,
    77, 77, 78, 81, 84, 83, 83, 81, 79, 77, 77, 75, 82, 79, 83, 84, 82,
    83, 77, 76, 79, 78, 75, 79, 82, 80, 83, 81, 81, 80, 79, 79, 78, 76,
    79, 78, 77, 81, 78, 81, 77, 77, 81, 80, 79, 78, 76, 80, 79, 79, 77,
    81 ]
