%YAML:1.0
---
videoName: "headNod22.mp4"
gestureLabel: 202
fps: 29
pixelSizeInCmTemp: 3.1513157894736843e-01
faceCenterPointX: 252
faceCenterPointY: 80
headPositionsX: [ 251, 251, 255, 253, 252, 254, 250, 256, 251, 253, 254,
    252, 253, 253, 254, 251, 253, 253, 255, 253, 251, 253, 252, 253, 255,
    251, 253, 253, 252, 252, 252, 255, 252, 254, 252, 257, 254, 255, 255,
    253, 256, 252, 251, 254, 250, 252, 251, 255, 251, 252, 254, 252, 254,
    252, 252, 252, 249, 250, 250, 253, 250, 253, 252, 253, 252, 252, 253,
    251, 252, 253, 254, 250, 252, 252, 250, 254, 250, 254, 252, 252, 253,
    253, 253, 254, 251, 252, 252, 249, 253, 254, 250, 253, 250, 251, 252,
    249, 251, 252, 254, 251 ]
headPositionsY: [ 79, 79, 79, 79, 77, 78, 76, 76, 77, 78, 76, 78, 79, 80,
    78, 78, 79, 76, 80, 78, 78, 80, 80, 78, 80, 82, 85, 83, 79, 79, 74,
    73, 73, 69, 69, 72, 76, 79, 80, 84, 87, 85, 82, 77, 72, 72, 70, 73,
    71, 76, 74, 82, 81, 83, 88, 82, 81, 79, 75, 74, 75, 70, 75, 74, 75,
    78, 78, 78, 80, 76, 76, 77, 74, 76, 79, 77, 82, 82, 81, 82, 77, 78,
    74, 79, 77, 81, 81, 80, 81, 79, 79, 80, 80, 78, 81, 80, 79, 81, 80,
    77 ]
