%YAML:1.0
---
videoName: "headShake1.mp4"
gestureLabel: 201
fps: 29
pixelSizeInCmTemp: 3.3263888888888887e-01
faceCenterPointX: 279
faceCenterPointY: 98
headPositionsX: [ 279, 280, 281, 279, 276, 280, 277, 279, 278, 278, 279,
    281, 279, 281, 280, 282, 279, 278, 277, 277, 279, 281, 278, 280, 280,
    279, 277, 278, 282, 285, 285, 290, 291, 290, 294, 293, 292, 290, 288,
    284, 278, 275, 270, 268, 271, 271, 271, 276, 282, 283, 287, 289, 290,
    292, 288, 289, 284, 281, 276, 268, 270, 268, 267, 267, 273, 279, 281,
    285, 288, 292, 293, 291, 289, 286, 285, 279, 276, 277, 274, 271, 267,
    274, 271, 271, 271, 275, 277, 279, 277, 280, 279, 280, 279, 282, 282,
    281, 282, 280, 279, 280 ]
headPositionsY: [ 97, 96, 97, 99, 97, 96, 95, 98, 99, 97, 95, 98, 97, 99,
    94, 96, 98, 96, 99, 96, 95, 98, 99, 99, 98, 99, 95, 98, 96, 95, 96,
    94, 94, 98, 97, 94, 96, 93, 95, 99, 99, 96, 95, 98, 96, 96, 93, 98,
    97, 96, 97, 96, 96, 94, 93, 94, 99, 99, 96, 97, 98, 94, 96, 93, 99,
    97, 95, 96, 98, 93, 97, 93, 98, 96, 99, 100, 95, 96, 96, 96, 95, 98,
    98, 96, 97, 96, 97, 98, 98, 95, 100, 95, 97, 97, 97, 96, 100, 101,
    99, 100 ]
