%YAML:1.0
---
videoName: "headShake25.mp4"
gestureLabel: 201
fps: 30
pixelSizeInCmTemp: 3.2364864864864862e-01
faceCenterPointX: 241
faceCenterPointY: 79
headPositionsX: [ 240, 254, 253, 254, 251, 252, 251, 249, 246, 244, 239,
    237, 236, 235, 231, 231, 230, 228, 228, 229, 232, 231, 233, 235, 239,
    243, 242, 245, 246, 251, 247, 249, 251, 249, 245, 247, 245, 238, 239,
    235, 235, 230, 230, 228, 229, 231, 229, 233, 234, 237, 241, 241, 242,
    247, 246, 249, 252, 251, 249, 249, 253, 248, 247, 246, 244, 245, 241,
    240, 237, 238, 233, 236, 235, 236, 236, 233, 235, 235, 237, 238, 239,
    238, 241, 241, 243, 242, 243, 244, 244, 243, 242, 242, 244, 242, 239,
    240, 244, 238, 241, 239 ]
headPositionsY: [ 81, 78, 77, 77, 76, 79, 77, 78, 80, 78, 75, 75, 78, 78,
    78, 76, 79, 80, 77, 76, 79, 76, 78, 79, 76, 77, 79, 77, 81, 80, 76,
    80, 77, 78, 78, 80, 79, 76, 77, 80, 79, 77, 77, 80, 76, 78, 79, 77,
    80, 77, 81, 78, 78, 81, 78, 79, 79, 78, 79, 78, 81, 80, 79, 80, 81,
    80, 79, 76, 79, 81, 78, 77, 79, 78, 77, 76, 77, 77, 76, 76, 81, 78,
    78, 77, 78, 77, 77, 81, 78, 78, 79, 79, 77, 76, 80, 79, 77, 80, 81,
    77 ]
