%YAML:1.0
---
videoName: "headShake36.mp4"
gestureLabel: 201
fps: 29
pixelSizeInCmTemp: 3.2364864864864862e-01
faceCenterPointX: 263
faceCenterPointY: 80
headPositionsX: [ 265, 263, 263, 261, 262, 264, 267, 267, 268, 270, 276,
    275, 280, 281, 280, 281, 286, 281, 282, 276, 274, 274, 268, 269, 264,
    261, 255, 251, 249, 251, 245, 247, 244, 246, 247, 244, 246, 247, 248,
    255, 259, 258, 266, 266, 271, 274, 277, 278, 281, 278, 279, 280, 281,
    275, 275, 273, 272, 264, 262, 260, 256, 252, 249, 251, 251, 249, 250,
    253, 252, 255, 256, 257, 257, 264, 263, 265, 267, 265, 269, 268, 266,
    269, 266, 266, 266, 264, 265, 264, 265, 263, 263, 264, 264, 261, 264,
    263, 264, 263, 263, 261 ]
headPositionsY: [ 78, 79, 77, 78, 81, 80, 80, 79, 80, 79, 76, 78, 78, 75,
    76, 78, 74, 76, 79, 80, 78, 81, 83, 84, 83, 83, 79, 79, 80, 79, 81,
    82, 80, 80, 83, 78, 82, 78, 82, 83, 81, 83, 81, 81, 80, 78, 81, 81,
    79, 76, 79, 78, 79, 78, 77, 77, 79, 79, 79, 82, 79, 79, 80, 81, 76,
    80, 79, 81, 80, 81, 81, 82, 80, 79, 82, 80, 80, 80, 81, 81, 78, 79,
    79, 81, 80, 79, 82, 83, 78, 79, 82, 81, 80, 78, 81, 79, 80, 80, 81,
    80 ]
