%YAML:1.0
---
videoName: "headNod33.mp4"
gestureLabel: 202
fps: 29
pixelSizeInCmTemp: 2.9567901234567900e-01
faceCenterPointX: 268
faceCenterPointY: 74
headPositionsX: [ 268, 269, 268, 268, 270, 268, 268, 268, 271, 268, 271,
    268, 270, 272, 268, 271, 271, 270, 271, 271, 269, 269, 270, 268, 269,
    268, 270, 268, 267, 268, 269, 271, 268, 271, 268, 270, 268, 271, 269,
    269, 269, 271, 269, 271, 268, 271, 271, 270, 272, 267, 269, 269, 269,
    266, 269, 268, 266, 267, 265, 266, 268, 265, 269, 269, 267, 267, 268,
    267, 268, 268, 269, 265, 269, 268, 266, 267, 271, 267, 270, 268, 270,
    268, 270, 269, 270, 269, 266, 267, 265, 268, 269, 269, 269, 268, 268,
    267, 267, 270, 267, 267 ]
headPositionsY: [ 74, 73, 70, 72, 70, 73, 72, 70, 71, 71, 70, 72, 74, 71,
    72, 70, 74, 70, 71, 68, 71, 71, 70, 73, 71, 72, 69, 73, 72, 71, 72,
    72, 71, 73, 76, 77, 76, 77, 73, 73, 66, 70, 66, 66, 64, 67, 70, 73,
    76, 81, 82, 83, 79, 77, 74, 75, 71, 71, 68, 72, 67, 69, 72, 73, 72,
    76, 75, 77, 79, 78, 75, 76, 72, 69, 71, 70, 72, 74, 74, 74, 73, 75,
    78, 76, 76, 79, 76, 76, 78, 74, 74, 76, 73, 77, 77, 74, 74, 74, 76,
    75 ]
