%YAML:1.0
---
videoName: "headNod13.mp4"
gestureLabel: 202
fps: 29
pixelSizeInCmTemp: 3.2364864864864862e-01
faceCenterPointX: 253
faceCenterPointY: 79
headPositionsX: [ 254, 253, 250, 255, 253, 254, 251, 252, 252, 254, 252,
    256, 253, 253, 253, 253, 253, 255, 254, 257, 255, 255, 255, 254, 254,
    254, 256, 254, 252, 251, 255, 253, 256, 253, 254, 256, 253, 253, 253,
    255, 255, 254, 250, 254, 255, 253, 250, 254, 251, 252, 251, 256, 252,
    255, 255, 254, 256, 255, 253, 253, 253, 254, 253, 255, 254, 253, 252,
    252, 254, 253, 252, 252, 253, 255, 253, 256, 252, 254, 253, 252, 253,
    253, 255, 255, 252, 254, 257, 255, 256, 256, 253, 256, 252, 254, 253,
    253, 251, 254, 254, 250 ]
headPositionsY: [ 77, 75, 73, 73, 73, 74, 75, 72, 75, 75, 73, 71, 74, 75,
    77, 71, 74, 73, 75, 75, 74, 76, 72, 74, 74, 72, 72, 74, 72, 75, 71,
    73, 75, 75, 76, 75, 74, 75, 73, 75, 72, 73, 75, 74, 75, 75, 75, 76,
    74, 73, 71, 71, 70, 67, 69, 69, 70, 72, 78, 76, 80, 79, 76, 76, 71,
    69, 68, 70, 67, 70, 71, 71, 77, 78, 77, 81, 80, 79, 79, 74, 71, 70,
    71, 71, 71, 74, 74, 76, 79, 80, 81, 81, 78, 82, 78, 78, 77, 76, 77,
    77 ]
