%YAML:1.0
---
videoName: "headNod12.mp4"
gestureLabel: 202
fps: 29
pixelSizeInCmTemp: 3.2808219178082193e-01
faceCenterPointX: 254
faceCenterPointY: 69
headPositionsX: [ 256, 253, 252, 254, 253, 252, 256, 252, 253, 257, 257,
    259, 255, 254, 256, 256, 255, 257, 258, 255, 257, 258, 258, 257, 255,
    257, 259, 258, 256, 253, 257, 255, 254, 253, 256, 252, 253, 256, 255,
    252, 254, 253, 257, 252, 252, 254, 256, 252, 253, 255, 254, 254, 256,
    254, 253, 253, 255, 256, 256, 253, 255, 253, 257, 253, 252, 255, 257,
    257, 254, 255, 252, 255, 252, 253, 252, 253, 253, 256, 254, 254, 253,
    256, 255, 254, 253, 255, 253, 254, 254, 255, 253, 256, 257, 254, 255,
    252, 255, 255, 256, 252 ]
headPositionsY: [ 68, 74, 74, 73, 70, 71, 74, 70, 73, 76, 74, 74, 72, 75,
    72, 72, 72, 73, 71, 72, 75, 73, 75, 75, 73, 73, 74, 72, 76, 74, 77,
    74, 75, 71, 74, 71, 72, 66, 65, 66, 63, 64, 61, 60, 65, 67, 68, 69,
    70, 77, 75, 81, 76, 79, 77, 74, 73, 66, 66, 63, 62, 64, 61, 65, 66,
    69, 67, 71, 72, 75, 78, 73, 74, 73, 73, 71, 68, 69, 69, 66, 68, 67,
    66, 67, 67, 68, 69, 71, 72, 74, 73, 72, 71, 71, 74, 70, 70, 69, 72,
    68 ]
