%YAML:1.0
---
videoName: "headNod12.mp4"
gestureLabel: 202
fps: 29
pixelSizeInCmTemp: 3.2808219178082193e-01
faceCenterPointX: 254
faceCenterPointY: 69
headPositionsX: [ 254, 251, 251, 254, 254, 254, 255, 255, 257, 253, 257,
    259, 257, 254, 254, 256, 254, 258, 254, 255, 253, 258, 255, 254, 256,
    258, 256, 257, 254, 256, 257, 253, 255, 252, 257, 253, 253, 254, 256,
    252, 254, 257, 256, 256, 254, 254, 257, 253, 253, 257, 254, 257, 253,
    253, 254, 252, 253, 255, 254, 252, 253, 252, 255, 256, 255, 255, 256,
    255, 256, 251, 253, 255, 252, 256, 255, 254, 254, 257, 252, 254, 254,
    257, 253, 255, 253, 252, 252, 257, 254, 254, 254, 257, 257, 255, 255,
    256, 254, 256, 252, 252 ]
headPositionsY: [ 70, 73, 71, 72, 70, 72, 76, 70, 74, 73, 72, 77, 75, 71,
    73, 73, 72, 73, 75, 71, 71, 72, 75, 71, 76, 73, 73, 75, 75, 74, 77,
    76, 75, 71, 74, 71, 69, 66, 64, 65, 61, 62, 63, 60, 63, 65, 66, 71,
    74, 76, 75, 79, 77, 76, 74, 75, 69, 68, 65, 67, 65, 62, 63, 66, 67,
    69, 71, 71, 73, 72, 74, 74, 77, 76, 71, 69, 71, 68, 69, 65, 67, 64,
    68, 65, 70, 71, 69, 70, 71, 75, 72, 74, 71, 73, 74, 69, 72, 70, 72,
    70 ]
