%YAML:1.0
---
videoName: "headLookRight8.mp4"
gestureLabel: 204
fps: 29
pixelSizeInCmTemp: 3.1513157894736843e-01
faceCenterPointX: 218
faceCenterPointY: 80
headPositionsX: [ 220, 251, 251, 251, 251, 250, 249, 250, 250, 250, 246,
    248, 247, 244, 244, 246, 246, 245, 245, 245, 247, 248, 246, 247, 247,
    245, 249, 244, 245, 249, 248, 245, 246, 246, 249, 249, 249, 249, 244,
    246, 244, 246, 244, 245, 246, 246, 248, 246, 248, 245, 248, 245, 244,
    246, 247, 247, 245, 244, 247, 245, 244, 245, 245, 246, 247, 243, 246,
    246, 244, 243, 242, 241, 236, 232, 233, 227, 227, 222, 224, 219, 219,
    217, 218, 218, 220, 220, 217, 220, 218, 219, 218, 218, 219, 216, 220,
    217, 218, 217, 219, 219 ]
headPositionsY: [ 79, 74, 74, 75, 72, 72, 74, 75, 72, 73, 77, 73, 74, 74,
    75, 73, 76, 78, 73, 75, 75, 76, 76, 78, 79, 78, 75, 74, 77, 74, 78,
    75, 77, 77, 78, 75, 79, 75, 76, 77, 76, 79, 76, 75, 77, 79, 75, 76,
    75, 79, 74, 76, 76, 78, 77, 76, 74, 75, 77, 78, 77, 78, 77, 78, 80,
    75, 77, 78, 78, 76, 78, 78, 79, 74, 78, 77, 77, 75, 72, 75, 75, 80,
    71, 80, 75, 80, 79, 82, 78, 81, 78, 82, 76, 78, 75, 78, 79, 80, 80,
    79 ]
