%YAML:1.0
---
videoName: "headNod23.mp4"
gestureLabel: 202
fps: 29
pixelSizeInCmTemp: 3.1933333333333330e-01
faceCenterPointX: 273
faceCenterPointY: 75
headPositionsX: [ 274, 275, 276, 276, 272, 272, 274, 274, 275, 274, 275,
    275, 273, 273, 276, 273, 274, 272, 275, 276, 275, 274, 275, 276, 271,
    276, 275, 274, 277, 277, 273, 276, 273, 275, 276, 277, 274, 273, 271,
    274, 273, 271, 274, 271, 270, 271, 274, 273, 274, 274, 273, 274, 275,
    274, 272, 272, 274, 275, 274, 272, 273, 275, 272, 272, 273, 275, 273,
    273, 274, 272, 276, 275, 274, 275, 274, 273, 275, 276, 273, 274, 272,
    271, 272, 273, 273, 273, 274, 273, 276, 272, 274, 274, 272, 273, 275,
    276, 275, 275, 276, 272 ]
headPositionsY: [ 77, 74, 78, 76, 79, 75, 78, 79, 75, 77, 75, 77, 79, 77,
    76, 76, 77, 78, 76, 75, 76, 78, 79, 76, 73, 70, 67, 67, 68, 66, 65,
    62, 68, 67, 67, 72, 74, 78, 79, 82, 82, 81, 80, 77, 77, 77, 70, 69,
    69, 68, 67, 68, 69, 69, 73, 74, 77, 80, 78, 75, 76, 78, 75, 70, 68,
    71, 69, 69, 70, 71, 71, 76, 75, 76, 77, 80, 81, 77, 78, 78, 75, 74,
    73, 73, 75, 71, 71, 72, 72, 73, 75, 76, 73, 74, 77, 74, 77, 77, 78,
    77 ]
