%YAML:1.0
---
videoName: "headLookDown0.mp4"
gestureLabel: 206
fps: 29
pixelSizeInCmTemp: 3.3263888888888887e-01
faceCenterPointX: 273
faceCenterPointY: 93
headPositionsX: [ 271, 274, 273, 274, 274, 271, 273, 270, 274, 270, 272,
    272, 271, 272, 274, 270, 273, 270, 272, 273, 273, 271, 274, 272, 273,
    274, 269, 273, 273, 272, 272, 269, 271, 271, 271, 273, 272, 273, 270,
    273, 273, 273, 271, 273, 271, 273, 272, 272, 271, 273, 270, 271, 272,
    270, 273, 271, 273, 274, 272, 269, 270, 272, 274, 274, 270, 272, 272,
    269, 273, 271, 272, 271, 274, 273, 275, 271, 273, 273, 273, 272, 273,
    272, 271, 270, 271, 273, 275, 275, 274, 271, 274, 271, 270, 274, 270,
    275, 273, 274, 271, 274 ]
headPositionsY: [ 91, 79, 81, 80, 81, 80, 77, 80, 80, 77, 79, 79, 81, 78,
    80, 79, 79, 82, 80, 82, 82, 79, 78, 78, 79, 78, 78, 77, 81, 78, 80,
    79, 82, 79, 78, 79, 82, 84, 82, 82, 85, 85, 87, 92, 94, 94, 97, 94,
    97, 99, 97, 94, 96, 99, 96, 95, 94, 95, 97, 96, 99, 94, 97, 96, 94,
    96, 95, 94, 97, 97, 93, 97, 97, 96, 97, 94, 93, 94, 92, 94, 96, 94,
    96, 94, 95, 95, 93, 96, 94, 92, 93, 96, 94, 94, 93, 92, 94, 94, 95,
    92 ]
