%YAML:1.0
---
videoName: "headLookDown0.mp4"
gestureLabel: 206
fps: 29
pixelSizeInCmTemp: 3.3263888888888887e-01
faceCenterPointX: 273
faceCenterPointY: 93
headPositionsX: [ 275, 273, 275, 273, 274, 272, 270, 270, 274, 270, 273,
    271, 273, 272, 272, 270, 274, 270, 271, 273, 270, 271, 271, 271, 271,
    272, 272, 270, 273, 273, 271, 269, 274, 273, 272, 271, 271, 270, 270,
    272, 274, 273, 274, 273, 273, 272, 270, 272, 275, 273, 271, 270, 269,
    271, 274, 273, 271, 273, 271, 273, 274, 270, 272, 271, 271, 274, 269,
    270, 273, 271, 272, 271, 274, 273, 272, 270, 274, 272, 271, 273, 273,
    272, 272, 272, 274, 275, 271, 274, 275, 272, 275, 271, 273, 273, 272,
    272, 270, 273, 272, 274 ]
headPositionsY: [ 92, 77, 80, 78, 80, 79, 77, 80, 77, 80, 77, 81, 81, 77,
    78, 81, 80, 82, 79, 80, 79, 82, 82, 78, 80, 79, 80, 77, 78, 81, 78,
    79, 78, 78, 79, 81, 83, 81, 85, 86, 85, 86, 89, 92, 93, 92, 96, 95,
    99, 98, 97, 98, 97, 95, 99, 95, 96, 99, 96, 94, 96, 98, 94, 96, 94,
    97, 97, 96, 95, 98, 93, 96, 96, 97, 95, 94, 93, 95, 96, 97, 95, 96,
    97, 95, 94, 96, 97, 97, 95, 91, 93, 95, 96, 95, 94, 93, 94, 92, 91,
    96 ]
