%YAML:1.0
---
videoName: "headLookRight3.mp4"
gestureLabel: 204
fps: 29
pixelSizeInCmTemp: 3.5746268656716418e-01
faceCenterPointX: 232
faceCenterPointY: 71
headPositionsX: [ 233, 253, 254, 255, 255, 254, 251, 252, 252, 252, 252,
    251, 252, 253, 255, 253, 252, 252, 255, 255, 252, 256, 256, 254, 255,
    256, 255, 253, 254, 255, 252, 254, 254, 254, 256, 253, 252, 253, 254,
    252, 249, 247, 247, 242, 244, 243, 239, 234, 235, 233, 236, 232, 234,
    233, 233, 232, 233, 232, 230, 234, 232, 231, 233, 234, 232, 233, 231,
    234, 231, 232, 234, 234, 234, 235, 230, 232, 233, 232, 231, 229, 237,
    229, 234, 232, 233, 235, 234, 235, 231, 231, 233, 231, 232, 233, 232,
    230, 231, 234, 239, 233 ]
headPositionsY: [ 73, 67, 67, 70, 69, 71, 69, 69, 67, 70, 68, 71, 72, 68,
    70, 69, 70, 70, 71, 69, 69, 72, 69, 69, 74, 73, 71, 71, 69, 71, 72,
    69, 70, 71, 70, 72, 70, 69, 69, 70, 73, 73, 69, 68, 69, 72, 69, 73,
    71, 69, 74, 72, 73, 70, 72, 72, 71, 73, 70, 71, 71, 72, 71, 73, 70,
    72, 74, 74, 71, 73, 73, 73, 72, 71, 72, 70, 74, 71, 69, 72, 73, 69,
    73, 74, 71, 73, 73, 70, 71, 69, 69, 70, 70, 70, 71, 72, 69, 71, 71,
    70 ]
