%YAML:1.0
---
videoName: "headShake7.mp4"
gestureLabel: 201
fps: 29
pixelSizeInCmTemp: 3.3263888888888887e-01
faceCenterPointX: 244
faceCenterPointY: 72
headPositionsX: [ 243, 243, 241, 242, 241, 243, 244, 245, 244, 242, 247,
    249, 250, 254, 254, 259, 260, 260, 256, 255, 250, 247, 242, 236, 232,
    232, 236, 238, 247, 251, 259, 258, 259, 257, 257, 250, 244, 237, 235,
    229, 227, 229, 230, 237, 242, 245, 248, 253, 255, 257, 253, 248, 246,
    241, 237, 234, 233, 229, 230, 236, 241, 242, 249, 250, 257, 255, 259,
    253, 253, 251, 246, 243, 239, 237, 237, 232, 235, 235, 234, 238, 237,
    238, 241, 243, 247, 244, 245, 247, 246, 247, 246, 244, 244, 243, 246,
    244, 243, 241, 246, 245 ]
headPositionsY: [ 71, 71, 70, 70, 71, 70, 69, 69, 73, 72, 70, 73, 71, 70,
    69, 69, 67, 67, 67, 67, 70, 71, 68, 68, 71, 73, 70, 69, 73, 70, 67,
    70, 71, 70, 72, 72, 70, 73, 71, 70, 70, 69, 71, 73, 73, 71, 68, 70,
    67, 68, 71, 71, 72, 73, 71, 71, 71, 70, 70, 70, 69, 71, 71, 72, 70,
    68, 71, 69, 72, 72, 69, 73, 70, 68, 69, 71, 73, 72, 72, 71, 70, 69,
    72, 70, 71, 69, 69, 73, 73, 69, 73, 70, 72, 72, 73, 70, 70, 73, 71,
    74 ]
