%YAML:1.0
---
videoName: "headLookUp6.mp4"
gestureLabel: 205
fps: 30
pixelSizeInCmTemp: 3.7421874999999999e-01
faceCenterPointX: 255
faceCenterPointY: 70
headPositionsX: [ 253, 253, 254, 257, 258, 256, 254, 258, 256, 253, 254,
    254, 255, 257, 256, 256, 254, 255, 253, 253, 255, 257, 257, 257, 257,
    256, 255, 254, 254, 254, 254, 258, 257, 254, 254, 257, 257, 258, 254,
    255, 255, 257, 254, 253, 254, 256, 255, 257, 257, 253, 252, 254, 257,
    253, 254, 255, 256, 253, 252, 255, 255, 256, 252, 255, 256, 253, 253,
    257, 254, 257, 252, 256, 254, 253, 257, 255, 254, 252, 256, 254, 258,
    254, 254, 255, 256, 255, 256, 256, 253, 256, 253, 255, 256, 256, 253,
    254, 253, 256, 255, 257 ]
headPositionsY: [ 70, 82, 82, 81, 85, 84, 83, 85, 85, 84, 83, 83, 82, 83,
    81, 83, 81, 84, 83, 83, 83, 81, 84, 82, 79, 80, 78, 78, 77, 77, 74,
    70, 73, 69, 69, 72, 69, 70, 67, 70, 66, 71, 68, 70, 68, 71, 69, 71,
    67, 68, 65, 71, 67, 67, 70, 69, 67, 68, 71, 70, 69, 71, 68, 68, 70,
    67, 71, 68, 70, 71, 67, 71, 69, 68, 67, 70, 71, 71, 66, 68, 69, 70,
    70, 68, 68, 68, 68, 68, 69, 68, 69, 70, 70, 69, 67, 70, 72, 67, 69,
    70 ]
