%YAML:1.0
---
videoName: "headLookRight1.mp4"
gestureLabel: 204
fps: 29
pixelSizeInCmTemp: 3.3263888888888887e-01
faceCenterPointX: 232
faceCenterPointY: 68
headPositionsX: [ 233, 256, 254, 254, 254, 258, 258, 254, 254, 257, 255,
    258, 257, 258, 256, 254, 254, 257, 258, 253, 258, 254, 256, 255, 256,
    257, 254, 257, 253, 253, 255, 253, 250, 250, 247, 245, 242, 238, 235,
    237, 236, 235, 232, 229, 228, 233, 232, 225, 232, 232, 229, 232, 229,
    229, 233, 232, 232, 237, 234, 234, 230, 231, 230, 230, 231, 234, 229,
    232, 233, 233, 230, 231, 233, 235, 238, 233, 233, 230, 233, 231, 232,
    230, 234, 234, 231, 231, 234, 230, 230, 233, 235, 233, 233, 233, 232,
    230, 233, 233, 233, 234 ]
headPositionsY: [ 69, 68, 68, 70, 69, 67, 67, 69, 70, 66, 68, 70, 68, 69,
    67, 70, 66, 70, 70, 69, 68, 71, 70, 66, 70, 71, 66, 67, 69, 68, 69,
    69, 69, 70, 68, 70, 68, 66, 67, 68, 69, 68, 70, 68, 67, 69, 66, 71,
    70, 67, 70, 70, 70, 68, 69, 67, 68, 70, 68, 69, 69, 67, 69, 69, 66,
    67, 68, 70, 69, 70, 66, 67, 66, 67, 68, 70, 67, 67, 66, 68, 69, 68,
    67, 66, 69, 70, 66, 68, 66, 68, 68, 68, 66, 68, 68, 68, 68, 70, 66,
    70 ]
