%YAML:1.0
---
videoName: "headShake36.mp4"
gestureLabel: 201
fps: 29
pixelSizeInCmTemp: 3.2364864864864862e-01
faceCenterPointX: 263
faceCenterPointY: 80
headPositionsX: [ 261, 266, 261, 261, 261, 263, 266, 266, 272, 274, 272,
    276, 279, 282, 281, 283, 285, 280, 281, 278, 276, 271, 269, 266, 263,
    260, 258, 255, 253, 249, 247, 247, 244, 245, 245, 243, 247, 246, 249,
    253, 258, 262, 267, 267, 272, 274, 275, 278, 278, 280, 278, 279, 279,
    277, 276, 274, 272, 266, 260, 258, 257, 254, 253, 249, 249, 251, 248,
    251, 251, 253, 255, 259, 258, 262, 264, 267, 264, 268, 268, 268, 268,
    268, 266, 264, 268, 263, 266, 265, 265, 264, 264, 265, 263, 260, 265,
    261, 265, 261, 262, 261 ]
headPositionsY: [ 81, 82, 80, 78, 79, 79, 79, 79, 78, 79, 80, 78, 76, 77,
    76, 78, 78, 79, 80, 79, 77, 82, 81, 82, 83, 82, 83, 78, 81, 78, 81,
    80, 80, 81, 83, 82, 80, 81, 80, 83, 79, 80, 81, 80, 81, 79, 81, 79,
    77, 76, 80, 80, 78, 80, 76, 79, 82, 80, 83, 82, 80, 80, 80, 79, 77,
    78, 81, 80, 81, 80, 79, 80, 80, 81, 81, 83, 79, 79, 82, 81, 81, 83,
    79, 78, 79, 81, 81, 81, 80, 83, 81, 83, 82, 81, 83, 79, 80, 82, 79,
    81 ]
