%YAML:1.0
---
videoName: "headNod44.mp4"
gestureLabel: 202
fps: 29
pixelSizeInCmTemp: 2.9567901234567900e-01
faceCenterPointX: 268
faceCenterPointY: 78
headPositionsX: [ 269, 269, 268, 268, 270, 271, 269, 270, 269, 267, 268,
    271, 267, 270, 268, 268, 269, 266, 268, 271, 268, 267, 271, 270, 267,
    270, 270, 266, 268, 268, 268, 268, 265, 268, 267, 266, 267, 269, 267,
    267, 266, 265, 267, 265, 265, 264, 268, 270, 267, 269, 266, 270, 267,
    268, 268, 267, 267, 266, 270, 266, 270, 271, 269, 267, 270, 269, 270,
    267, 268, 269, 267, 267, 269, 267, 267, 268, 269, 268, 270, 268, 270,
    271, 269, 268, 266, 270, 267, 271, 268, 269, 268, 267, 267, 266, 268,
    270, 268, 268, 267, 266 ]
headPositionsY: [ 76, 75, 74, 75, 73, 75, 75, 74, 72, 74, 73, 73, 72, 75,
    75, 76, 77, 77, 80, 81, 86, 90, 93, 94, 97, 94, 88, 87, 79, 73, 74,
    68, 67, 68, 73, 74, 79, 81, 86, 90, 89, 82, 81, 77, 71, 72, 72, 75,
    76, 78, 86, 88, 93, 87, 89, 84, 77, 78, 73, 72, 73, 76, 80, 80, 83,
    85, 85, 79, 80, 78, 76, 75, 76, 78, 81, 81, 82, 85, 85, 87, 85, 84,
    80, 78, 77, 78, 76, 79, 77, 80, 79, 79, 78, 77, 78, 79, 78, 76, 79,
    79 ]
