%YAML:1.0
---
videoName: "headNod43.mp4"
gestureLabel: 202
fps: 29
pixelSizeInCmTemp: 2.8855421686746985e-01
faceCenterPointX: 268
faceCenterPointY: 74
headPositionsX: [ 268, 270, 271, 268, 270, 271, 269, 270, 270, 271, 268,
    270, 271, 268, 268, 269, 269, 269, 270, 267, 266, 270, 268, 269, 266,
    267, 268, 267, 265, 266, 267, 267, 263, 267, 266, 267, 265, 263, 267,
    265, 262, 266, 267, 262, 263, 264, 267, 269, 264, 266, 264, 264, 263,
    263, 265, 265, 266, 266, 262, 265, 264, 266, 262, 262, 265, 264, 264,
    265, 268, 267, 266, 266, 270, 269, 266, 266, 267, 269, 265, 266, 269,
    271, 269, 266, 271, 269, 271, 269, 271, 270, 269, 267, 267, 269, 269,
    268, 266, 266, 271, 270 ]
headPositionsY: [ 72, 78, 78, 74, 77, 75, 74, 75, 78, 75, 75, 75, 75, 73,
    75, 73, 76, 76, 75, 76, 74, 76, 73, 76, 74, 76, 79, 81, 88, 89, 91,
    90, 87, 85, 77, 77, 78, 81, 84, 87, 89, 91, 92, 85, 85, 82, 78, 81,
    84, 87, 86, 90, 90, 91, 88, 83, 82, 83, 81, 86, 87, 87, 92, 92, 92,
    87, 85, 83, 77, 78, 79, 80, 83, 87, 91, 90, 89, 87, 84, 82, 79, 76,
    73, 74, 71, 70, 75, 74, 73, 71, 72, 74, 75, 76, 72, 74, 74, 75, 72,
    76 ]
