%YAML:1.0
---
videoName: "headShake6.mp4"
gestureLabel: 201
fps: 29
pixelSizeInCmTemp: 3.2808219178082193e-01
faceCenterPointX: 244
faceCenterPointY: 68
headPositionsX: [ 245, 243, 243, 244, 244, 243, 244, 245, 248, 243, 247,
    247, 246, 247, 243, 246, 245, 247, 243, 247, 244, 243, 245, 244, 243,
    245, 246, 247, 251, 254, 254, 256, 263, 260, 263, 258, 258, 250, 248,
    242, 238, 232, 232, 232, 233, 238, 241, 249, 256, 258, 256, 258, 254,
    252, 250, 243, 240, 234, 230, 232, 234, 233, 239, 242, 245, 246, 252,
    252, 252, 251, 244, 241, 241, 241, 239, 238, 239, 239, 241, 241, 239,
    242, 243, 242, 242, 247, 244, 246, 243, 244, 243, 242, 245, 246, 246,
    246, 245, 245, 243, 246 ]
headPositionsY: [ 67, 65, 67, 67, 65, 65, 67, 68, 65, 65, 67, 68, 63, 66,
    69, 64, 67, 66, 66, 68, 66, 64, 69, 66, 66, 65, 69, 68, 68, 67, 64,
    67, 66, 64, 69, 63, 65, 70, 70, 69, 69, 66, 67, 69, 68, 67, 66, 71,
    65, 65, 67, 66, 67, 68, 68, 71, 67, 68, 68, 68, 66, 66, 66, 68, 67,
    70, 68, 66, 67, 66, 69, 68, 67, 70, 69, 67, 65, 65, 68, 66, 69, 69,
    70, 69, 69, 70, 69, 69, 66, 69, 67, 70, 68, 67, 66, 66, 69, 68, 67,
    67 ]
