%YAML:1.0
---
videoName: "headLookRight3.mp4"
gestureLabel: 204
fps: 29
pixelSizeInCmTemp: 3.5746268656716418e-01
faceCenterPointX: 232
faceCenterPointY: 71
headPositionsX: [ 231, 253, 252, 251, 255, 255, 254, 254, 251, 255, 253,
    253, 253, 254, 253, 253, 253, 252, 252, 256, 254, 254, 256, 254, 253,
    256, 255, 257, 257, 254, 252, 253, 254, 255, 255, 254, 253, 256, 253,
    249, 249, 246, 249, 242, 242, 243, 240, 234, 233, 237, 233, 234, 231,
    232, 235, 232, 233, 235, 233, 233, 232, 234, 233, 231, 234, 230, 230,
    232, 234, 230, 234, 232, 230, 235, 234, 234, 233, 229, 230, 232, 235,
    233, 232, 232, 234, 233, 230, 234, 233, 233, 233, 234, 234, 231, 233,
    231, 233, 230, 236, 233 ]
headPositionsY: [ 73, 71, 70, 67, 69, 71, 68, 72, 67, 70, 71, 71, 71, 69,
    68, 72, 70, 68, 72, 69, 70, 72, 69, 69, 71, 72, 72, 71, 71, 71, 71,
    71, 73, 70, 69, 71, 73, 72, 71, 70, 73, 70, 69, 68, 72, 71, 70, 70,
    73, 69, 70, 73, 73, 74, 70, 74, 70, 70, 70, 75, 71, 73, 73, 70, 74,
    74, 73, 74, 70, 72, 69, 72, 73, 70, 70, 71, 72, 71, 72, 73, 74, 73,
    69, 71, 73, 71, 71, 69, 72, 69, 73, 73, 71, 71, 72, 69, 72, 70, 72,
    74 ]
