%YAML:1.0
---
videoName: "headNod13.mp4"
gestureLabel: 202
fps: 29
pixelSizeInCmTemp: 3.2364864864864862e-01
faceCenterPointX: 253
faceCenterPointY: 79
headPositionsX: [ 254, 251, 253, 254, 250, 254, 252, 253, 253, 254, 254,
    253, 252, 256, 256, 254, 256, 255, 254, 254, 257, 256, 254, 256, 255,
    252, 253, 252, 252, 254, 252, 253, 252, 256, 253, 255, 255, 252, 254,
    251, 251, 252, 251, 253, 251, 255, 250, 255, 254, 254, 252, 255, 255,
    255, 253, 252, 254, 252, 252, 253, 254, 254, 253, 252, 252, 255, 252,
    256, 252, 252, 253, 254, 255, 253, 257, 256, 255, 253, 256, 253, 255,
    253, 255, 255, 254, 257, 257, 256, 255, 253, 253, 254, 254, 255, 254,
    251, 255, 254, 250, 252 ]
headPositionsY: [ 77, 73, 73, 74, 73, 73, 72, 73, 74, 73, 72, 75, 75, 74,
    73, 72, 76, 74, 74, 75, 75, 74, 75, 76, 76, 74, 72, 75, 74, 73, 75,
    74, 75, 74, 73, 73, 74, 72, 75, 73, 76, 74, 74, 72, 74, 73, 75, 75,
    72, 73, 71, 69, 66, 68, 69, 72, 74, 73, 76, 74, 79, 79, 76, 77, 75,
    69, 68, 70, 69, 69, 72, 71, 76, 77, 79, 80, 78, 76, 75, 77, 73, 71,
    71, 73, 74, 74, 74, 80, 77, 78, 79, 77, 79, 82, 80, 79, 80, 80, 81,
    76 ]
