%YAML:1.0
---
videoName: "headShake47.mp4"
gestureLabel: 201
fps: 29
pixelSizeInCmTemp: 3.2364864864864862e-01
faceCenterPointX: 258
faceCenterPointY: 86
headPositionsX: [ 260, 260, 258, 259, 259, 259, 260, 260, 259, 261, 261,
    260, 261, 260, 261, 259, 262, 260, 260, 263, 258, 262, 260, 263, 260,
    260, 260, 259, 258, 259, 260, 259, 258, 257, 256, 255, 255, 252, 251,
    250, 247, 251, 254, 255, 263, 267, 265, 269, 265, 263, 261, 254, 254,
    252, 252, 256, 263, 266, 267, 263, 261, 257, 255, 254, 254, 252, 259,
    261, 265, 262, 262, 258, 258, 252, 252, 252, 254, 260, 264, 266, 261,
    263, 260, 255, 256, 255, 256, 254, 254, 259, 259, 259, 259, 259, 260,
    259, 259, 259, 255, 259 ]
headPositionsY: [ 84, 84, 86, 86, 85, 86, 85, 82, 87, 86, 87, 87, 86, 84,
    83, 83, 83, 85, 83, 85, 85, 85, 83, 83, 86, 85, 87, 84, 83, 84, 83,
    86, 83, 86, 83, 84, 86, 83, 86, 86, 85, 84, 86, 88, 86, 89, 87, 87,
    87, 89, 87, 87, 89, 88, 88, 91, 88, 86, 88, 86, 86, 86, 85, 86, 84,
    88, 85, 89, 86, 88, 90, 85, 87, 86, 87, 86, 88, 85, 85, 85, 87, 89,
    86, 88, 85, 84, 87, 85, 86, 86, 85, 86, 85, 86, 84, 86, 86, 86, 84,
    85 ]
