%YAML:1.0
---
videoName: "headNod39.mp4"
gestureLabel: 202
fps: 29
pixelSizeInCmTemp: 2.9937500000000000e-01
faceCenterPointX: 268
faceCenterPointY: 78
headPositionsX: [ 266, 269, 267, 265, 266, 268, 271, 268, 267, 269, 270,
    269, 268, 267, 271, 271, 267, 270, 270, 269, 268, 270, 269, 270, 267,
    267, 268, 271, 267, 271, 270, 267, 270, 270, 270, 266, 268, 270, 268,
    271, 268, 267, 269, 266, 269, 270, 268, 267, 269, 267, 265, 267, 265,
    267, 268, 265, 268, 266, 267, 265, 266, 265, 264, 267, 265, 269, 265,
    266, 266, 267, 264, 265, 269, 265, 265, 269, 265, 269, 267, 269, 268,
    269, 265, 268, 268, 266, 266, 264, 270, 268, 267, 265, 268, 267, 266,
    270, 269, 269, 266, 266 ]
headPositionsY: [ 76, 79, 77, 76, 74, 75, 75, 77, 76, 76, 77, 74, 76, 78,
    77, 75, 77, 79, 76, 75, 75, 78, 78, 76, 75, 76, 75, 79, 75, 76, 76,
    74, 76, 79, 77, 77, 78, 77, 77, 78, 81, 81, 86, 85, 83, 81, 77, 75,
    73, 77, 73, 73, 74, 74, 80, 82, 90, 90, 90, 88, 87, 83, 76, 77, 74,
    75, 71, 77, 76, 79, 83, 82, 80, 82, 79, 76, 75, 73, 75, 76, 76, 81,
    81, 80, 82, 79, 79, 77, 77, 76, 78, 79, 76, 77, 77, 77, 80, 76, 79,
    80 ]
