%YAML:1.0
---
videoName: "headNod11.mp4"
gestureLabel: 202
fps: 29
pixelSizeInCmTemp: 3.2364864864864862e-01
faceCenterPointX: 261
faceCenterPointY: 75
headPositionsX: [ 262, 259, 259, 260, 258, 259, 258, 262, 256, 259, 258,
    260, 257, 261, 261, 261, 260, 262, 258, 259, 259, 259, 258, 261, 260,
    261, 258, 261, 260, 263, 262, 261, 261, 257, 258, 258, 261, 261, 262,
    258, 258, 259, 260, 263, 262, 261, 261, 262, 261, 261, 262, 258, 260,
    262, 262, 262, 259, 260, 259, 261, 257, 258, 257, 259, 258, 258, 260,
    257, 259, 260, 256, 259, 256, 258, 258, 258, 259, 257, 256, 259, 260,
    259, 257, 262, 261, 261, 260, 260, 259, 258, 262, 261, 261, 257, 261,
    262, 258, 261, 260, 262 ]
headPositionsY: [ 74, 74, 75, 74, 76, 74, 76, 75, 73, 75, 76, 75, 75, 75,
    74, 73, 76, 75, 75, 73, 75, 73, 75, 76, 75, 75, 72, 76, 76, 76, 73,
    75, 75, 73, 75, 73, 74, 77, 75, 76, 74, 74, 75, 76, 75, 76, 73, 75,
    71, 70, 70, 70, 70, 68, 68, 72, 76, 74, 79, 80, 79, 79, 75, 74, 72,
    69, 67, 70, 72, 71, 72, 76, 76, 79, 82, 80, 78, 76, 77, 75, 71, 70,
    71, 74, 77, 76, 76, 82, 79, 82, 79, 80, 78, 75, 76, 76, 76, 77, 75,
    75 ]
