%YAML:1.0
---
videoName: "headLookRight1.mp4"
gestureLabel: 204
fps: 29
pixelSizeInCmTemp: 3.3263888888888887e-01
faceCenterPointX: 232
faceCenterPointY: 68
headPositionsX: [ 233, 256, 255, 255, 257, 257, 255, 258, 257, 255, 255,
    256, 255, 256, 258, 257, 256, 255, 254, 257, 257, 257, 255, 255, 256,
    257, 254, 253, 256, 253, 255, 252, 251, 248, 247, 245, 242, 238, 237,
    233, 235, 235, 232, 233, 232, 232, 232, 227, 228, 229, 231, 231, 232,
    233, 231, 234, 230, 235, 234, 233, 232, 232, 232, 231, 235, 231, 232,
    233, 233, 234, 230, 230, 231, 231, 236, 233, 230, 233, 231, 232, 231,
    233, 233, 230, 229, 231, 230, 233, 232, 231, 235, 231, 234, 229, 233,
    232, 233, 233, 233, 230 ]
headPositionsY: [ 66, 68, 66, 66, 69, 70, 66, 66, 69, 67, 68, 67, 67, 67,
    67, 67, 68, 67, 67, 66, 69, 67, 68, 69, 70, 70, 69, 67, 69, 70, 67,
    67, 66, 68, 68, 68, 70, 66, 68, 68, 66, 69, 66, 69, 66, 66, 69, 69,
    69, 67, 71, 68, 71, 69, 67, 66, 67, 69, 67, 65, 66, 69, 67, 66, 69,
    67, 65, 70, 66, 67, 67, 67, 66, 71, 66, 68, 68, 66, 69, 70, 68, 67,
    69, 69, 66, 70, 67, 69, 66, 68, 67, 65, 69, 66, 70, 67, 67, 71, 66,
    69 ]
