%YAML:1.0
---
videoName: "headLookUp4.mp4"
gestureLabel: 205
fps: 30
pixelSizeInCmTemp: 3.6846153846153845e-01
faceCenterPointX: 256
faceCenterPointY: 68
headPositionsX: [ 257, 258, 257, 257, 255, 255, 258, 256, 258, 258, 254,
    257, 259, 257, 256, 257, 255, 256, 255, 255, 256, 258, 255, 256, 257,
    254, 254, 254, 254, 256, 257, 255, 255, 257, 254, 257, 257, 257, 254,
    257, 254, 254, 257, 255, 255, 258, 255, 256, 258, 256, 254, 257, 255,
    256, 257, 257, 254, 254, 254, 255, 253, 257, 253, 257, 254, 256, 254,
    255, 256, 257, 258, 257, 258, 255, 256, 255, 253, 258, 256, 256, 257,
    257, 257, 255, 256, 256, 257, 254, 256, 255, 257, 258, 258, 257, 258,
    257, 254, 256, 254, 256 ]
headPositionsY: [ 68, 84, 80, 84, 81, 84, 83, 82, 80, 83, 82, 83, 83, 83,
    81, 83, 82, 84, 80, 81, 84, 83, 78, 80, 78, 77, 78, 73, 76, 71, 71,
    70, 68, 70, 71, 69, 66, 67, 68, 70, 68, 70, 68, 68, 66, 69, 71, 69,
    68, 68, 70, 68, 71, 68, 70, 71, 66, 70, 66, 68, 67, 65, 67, 68, 69,
    68, 70, 71, 70, 69, 70, 67, 70, 71, 69, 70, 69, 68, 66, 67, 69, 67,
    71, 69, 68, 67, 70, 66, 68, 69, 69, 67, 69, 67, 72, 67, 69, 70, 68,
    72 ]
