%YAML:1.0
---
videoName: "headNod1.mp4"
gestureLabel: 202
fps: 29
pixelSizeInCmTemp: 3.2808219178082193e-01
faceCenterPointX: 263
faceCenterPointY: 78
headPositionsX: [ 264, 265, 261, 262, 261, 266, 262, 266, 261, 265, 264,
    265, 263, 264, 264, 266, 263, 264, 263, 266, 265, 263, 266, 263, 266,
    262, 267, 266, 262, 266, 263, 266, 265, 265, 263, 262, 263, 266, 262,
    264, 266, 266, 266, 265, 264, 264, 264, 264, 263, 262, 263, 263, 266,
    261, 262, 263, 260, 261, 263, 263, 265, 263, 261, 264, 262, 266, 264,
    264, 263, 263, 261, 264, 263, 263, 265, 264, 263, 259, 261, 263, 260,
    261, 262, 263, 260, 260, 265, 262, 262, 261, 260, 264, 264, 263, 262,
    261, 263, 264, 262, 261 ]
headPositionsY: [ 76, 75, 73, 75, 75, 77, 76, 76, 77, 73, 74, 77, 75, 73,
    75, 73, 76, 73, 77, 76, 73, 76, 76, 74, 77, 76, 73, 74, 74, 77, 74,
    73, 74, 74, 73, 69, 67, 67, 68, 62, 63, 61, 62, 64, 66, 67, 70, 68,
    70, 75, 75, 78, 83, 84, 84, 83, 80, 75, 75, 73, 68, 66, 64, 67, 67,
    66, 69, 71, 73, 78, 80, 77, 79, 75, 74, 72, 68, 65, 67, 64, 65, 69,
    69, 70, 76, 77, 79, 79, 83, 80, 81, 80, 81, 82, 80, 80, 81, 80, 79,
    79 ]
