%YAML:1.0
---
videoName: "headShake12.mp4"
gestureLabel: 201
fps: 29
pixelSizeInCmTemp: 3.2808219178082193e-01
faceCenterPointX: 241
faceCenterPointY: 76
headPositionsX: [ 242, 238, 239, 240, 240, 240, 241, 240, 243, 242, 243,
    241, 243, 240, 241, 244, 242, 243, 243, 241, 242, 244, 243, 243, 243,
    240, 244, 239, 242, 242, 243, 240, 244, 244, 241, 244, 243, 239, 244,
    239, 240, 243, 241, 239, 241, 243, 241, 243, 240, 244, 241, 241, 243,
    244, 240, 239, 240, 242, 244, 247, 250, 254, 253, 257, 258, 257, 257,
    251, 250, 240, 239, 232, 229, 234, 238, 243, 246, 251, 254, 252, 250,
    251, 249, 247, 243, 239, 235, 238, 234, 237, 240, 240, 237, 237, 240,
    242, 237, 238, 240, 239 ]
headPositionsY: [ 78, 73, 72, 74, 76, 71, 72, 75, 73, 72, 74, 76, 73, 73,
    75, 72, 75, 75, 76, 76, 75, 71, 76, 74, 73, 74, 75, 72, 74, 71, 74,
    72, 76, 73, 73, 73, 76, 76, 72, 72, 72, 75, 72, 74, 73, 76, 73, 76,
    73, 73, 72, 73, 76, 72, 75, 75, 73, 73, 75, 73, 74, 74, 75, 71, 72,
    71, 72, 72, 75, 76, 75, 78, 77, 77, 78, 77, 77, 75, 76, 73, 77, 73,
    75, 78, 76, 75, 74, 76, 74, 73, 75, 76, 74, 76, 76, 75, 74, 77, 79,
    78 ]
