%YAML:1.0
---
videoName: "headShake26.mp4"
gestureLabel: 201
fps: 30
pixelSizeInCmTemp: 3.2808219178082193e-01
faceCenterPointX: 243
faceCenterPointY: 78
headPositionsX: [ 245, 238, 238, 238, 241, 242, 242, 244, 246, 246, 250,
    252, 251, 249, 250, 250, 252, 246, 246, 244, 239, 235, 233, 232, 229,
    230, 229, 228, 228, 232, 232, 233, 239, 239, 244, 245, 249, 249, 253,
    252, 256, 249, 249, 246, 246, 242, 238, 233, 232, 228, 229, 230, 227,
    231, 233, 232, 235, 239, 240, 246, 246, 249, 252, 252, 252, 253, 252,
    248, 248, 247, 243, 241, 240, 238, 237, 239, 234, 237, 234, 234, 235,
    236, 240, 241, 240, 243, 240, 241, 244, 242, 247, 242, 245, 245, 247,
    241, 242, 244, 243, 242 ]
headPositionsY: [ 80, 77, 76, 76, 76, 75, 76, 76, 79, 79, 80, 77, 78, 78,
    76, 78, 76, 76, 78, 80, 77, 80, 77, 78, 77, 74, 74, 74, 76, 77, 78,
    76, 77, 78, 78, 74, 75, 76, 77, 79, 79, 77, 76, 79, 80, 79, 80, 78,
    78, 79, 77, 73, 76, 77, 74, 75, 79, 77, 79, 78, 79, 79, 76, 79, 77,
    77, 76, 76, 81, 78, 78, 80, 76, 81, 79, 79, 79, 79, 79, 78, 79, 78,
    78, 80, 80, 76, 80, 76, 79, 81, 78, 78, 77, 81, 77, 80, 80, 79, 77,
    79 ]
