%YAML:1.0
---
videoName: "headNod18.mp4"
gestureLabel: 202
fps: 29
pixelSizeInCmTemp: 3.3263888888888887e-01
faceCenterPointX: 255
faceCenterPointY: 77
headPositionsX: [ 254, 255, 257, 257, 255, 255, 259, 255, 255, 257, 257,
    257, 256, 255, 254, 253, 256, 253, 254, 252, 257, 257, 253, 253, 255,
    256, 254, 254, 256, 256, 255, 254, 254, 254, 257, 256, 255, 256, 257,
    257, 254, 257, 256, 255, 255, 255, 258, 255, 256, 254, 253, 256, 253,
    253, 256, 256, 255, 252, 253, 256, 254, 254, 255, 255, 253, 252, 253,
    254, 255, 255, 256, 256, 256, 252, 256, 254, 255, 256, 253, 252, 256,
    257, 254, 253, 256, 255, 255, 253, 257, 257, 256, 255, 255, 256, 252,
    255, 255, 255, 254, 253 ]
headPositionsY: [ 77, 79, 76, 78, 80, 77, 78, 75, 76, 75, 75, 78, 79, 79,
    79, 79, 80, 77, 78, 79, 76, 80, 76, 80, 80, 76, 79, 79, 79, 75, 81,
    79, 80, 79, 77, 76, 80, 80, 79, 79, 73, 74, 73, 71, 70, 73, 72, 74,
    73, 75, 76, 79, 79, 84, 82, 79, 77, 72, 70, 72, 73, 72, 75, 79, 80,
    84, 80, 79, 73, 72, 75, 75, 78, 82, 83, 85, 83, 80, 78, 78, 73, 76,
    75, 77, 81, 84, 85, 81, 78, 79, 79, 79, 79, 76, 75, 76, 81, 79, 76,
    80 ]
