%YAML:1.0
---
videoName: "headShake48.mp4"
gestureLabel: 201
fps: 29
pixelSizeInCmTemp: 3.1103896103896100e-01
faceCenterPointX: 258
faceCenterPointY: 85
headPositionsX: [ 260, 260, 262, 259, 258, 258, 258, 261, 261, 259, 258,
    261, 259, 259, 260, 258, 261, 257, 260, 257, 258, 261, 259, 258, 259,
    258, 259, 256, 256, 260, 260, 261, 257, 257, 262, 264, 266, 271, 271,
    276, 275, 272, 273, 267, 263, 255, 251, 245, 244, 249, 251, 258, 262,
    269, 268, 266, 265, 258, 254, 249, 251, 250, 250, 257, 261, 264, 267,
    268, 266, 263, 257, 250, 248, 250, 250, 252, 258, 263, 264, 264, 265,
    266, 264, 263, 260, 259, 257, 261, 261, 258, 259, 258, 258, 256, 259,
    261, 259, 258, 262, 260 ]
headPositionsY: [ 84, 79, 78, 81, 76, 77, 78, 80, 78, 77, 80, 82, 80, 78,
    79, 82, 81, 79, 82, 79, 80, 83, 83, 79, 80, 83, 82, 82, 79, 80, 84,
    79, 83, 79, 83, 81, 84, 79, 83, 82, 82, 81, 83, 84, 82, 85, 83, 82,
    83, 82, 84, 85, 86, 88, 86, 84, 85, 88, 86, 85, 87, 85, 86, 87, 84,
    86, 83, 88, 87, 84, 85, 88, 85, 84, 88, 88, 87, 85, 85, 87, 85, 86,
    86, 84, 87, 86, 88, 86, 85, 87, 86, 86, 88, 87, 88, 85, 83, 88, 84,
    87 ]
