%YAML:1.0
---
videoName: "headShake6.mp4"
gestureLabel: 201
fps: 29
pixelSizeInCmTemp: 3.2808219178082193e-01
faceCenterPointX: 244
faceCenterPointY: 68
headPositionsX: [ 245, 244, 244, 248, 245, 247, 247, 247, 246, 246, 243,
    246, 245, 246, 243, 245, 244, 245, 244, 244, 244, 243, 247, 242, 243,
    243, 246, 249, 249, 253, 258, 259, 259, 261, 261, 262, 260, 250, 245,
    242, 238, 234, 232, 229, 234, 238, 243, 251, 255, 257, 256, 259, 256,
    256, 250, 245, 239, 233, 233, 232, 234, 233, 239, 240, 245, 249, 253,
    253, 249, 249, 244, 245, 242, 239, 238, 239, 238, 240, 237, 238, 240,
    241, 242, 244, 243, 243, 244, 244, 243, 246, 242, 244, 246, 242, 243,
    246, 246, 243, 246, 244 ]
headPositionsY: [ 69, 68, 64, 68, 66, 67, 66, 65, 66, 66, 68, 65, 65, 67,
    69, 64, 67, 69, 68, 65, 67, 64, 69, 64, 66, 68, 68, 69, 69, 68, 67,
    66, 64, 66, 67, 67, 68, 67, 68, 69, 67, 65, 70, 66, 70, 66, 67, 68,
    65, 68, 66, 68, 67, 67, 68, 71, 66, 66, 70, 65, 67, 65, 68, 67, 67,
    68, 68, 67, 69, 69, 70, 68, 68, 67, 67, 67, 69, 67, 69, 70, 69, 70,
    66, 66, 66, 69, 70, 70, 66, 67, 67, 70, 70, 70, 70, 68, 68, 67, 66,
    67 ]
