%YAML:1.0
---
videoName: "headShake33.mp4"
gestureLabel: 201
fps: 29
pixelSizeInCmTemp: 3.2364864864864862e-01
faceCenterPointX: 244
faceCenterPointY: 84
headPositionsX: [ 244, 243, 244, 243, 246, 244, 245, 243, 243, 247, 246,
    243, 246, 245, 243, 245, 247, 243, 244, 244, 247, 249, 246, 250, 252,
    252, 258, 258, 262, 260, 262, 263, 263, 261, 260, 254, 251, 251, 247,
    242, 237, 233, 231, 229, 228, 226, 228, 229, 228, 230, 231, 236, 243,
    243, 252, 254, 258, 259, 259, 259, 261, 261, 260, 254, 254, 253, 246,
    244, 241, 237, 238, 233, 231, 230, 230, 235, 231, 231, 233, 236, 238,
    239, 242, 243, 242, 245, 244, 246, 245, 249, 249, 247, 248, 243, 243,
    247, 246, 244, 242, 245 ]
headPositionsY: [ 82, 83, 82, 83, 80, 85, 81, 82, 85, 82, 82, 81, 83, 80,
    85, 81, 82, 84, 85, 80, 84, 81, 81, 85, 81, 84, 83, 80, 79, 80, 80,
    83, 81, 81, 80, 80, 85, 81, 81, 81, 82, 85, 81, 84, 80, 82, 82, 83,
    82, 83, 84, 84, 83, 85, 81, 81, 80, 80, 80, 80, 81, 81, 81, 81, 85,
    86, 85, 84, 83, 83, 85, 82, 84, 80, 84, 80, 80, 83, 84, 84, 86, 84,
    82, 85, 83, 82, 82, 83, 81, 85, 83, 84, 84, 85, 82, 83, 82, 84, 83,
    81 ]
