%YAML:1.0
---
videoName: "headLookDown4.mp4"
gestureLabel: 206
fps: 29
pixelSizeInCmTemp: 3.4710144927536229e-01
faceCenterPointX: 275
faceCenterPointY: 97
headPositionsX: [ 277, 273, 274, 271, 272, 275, 272, 272, 275, 272, 274,
    274, 271, 274, 271, 274, 276, 272, 271, 272, 274, 271, 272, 273, 275,
    274, 275, 272, 272, 271, 272, 274, 273, 273, 276, 274, 275, 270, 275,
    273, 272, 275, 273, 276, 272, 275, 272, 272, 275, 274, 275, 274, 275,
    274, 273, 275, 272, 275, 274, 271, 276, 273, 276, 276, 273, 273, 273,
    272, 274, 275, 272, 276, 273, 274, 274, 276, 273, 274, 274, 273, 275,
    276, 275, 274, 274, 273, 276, 277, 276, 274, 274, 275, 272, 273, 275,
    276, 277, 274, 273, 275 ]
headPositionsY: [ 96, 79, 79, 80, 81, 79, 77, 81, 80, 83, 83, 81, 78, 79,
    80, 83, 83, 81, 81, 82, 82, 80, 82, 78, 82, 81, 81, 82, 81, 80, 81,
    82, 84, 81, 83, 84, 86, 86, 86, 86, 88, 89, 92, 91, 90, 90, 92, 95,
    97, 97, 95, 97, 96, 99, 99, 101, 99, 101, 98, 99, 99, 101, 100, 100,
    99, 99, 98, 100, 101, 102, 98, 98, 99, 96, 99, 96, 96, 100, 96, 99,
    99, 96, 97, 97, 99, 96, 97, 99, 96, 96, 95, 95, 96, 99, 97, 95, 98,
    98, 98, 99 ]
