%YAML:1.0
---
videoName: "headShake37.mp4"
gestureLabel: 201
fps: 30
pixelSizeInCmTemp: 3.1933333333333330e-01
faceCenterPointX: 263
faceCenterPointY: 83
headPositionsX: [ 265, 261, 263, 263, 260, 264, 261, 263, 264, 264, 264,
    261, 260, 262, 262, 264, 265, 264, 262, 261, 264, 264, 261, 261, 260,
    263, 263, 261, 261, 260, 263, 263, 262, 264, 261, 265, 263, 264, 262,
    260, 262, 260, 260, 262, 259, 263, 260, 262, 265, 269, 272, 277, 280,
    280, 279, 275, 269, 264, 256, 256, 251, 251, 253, 260, 263, 267, 269,
    274, 272, 271, 267, 267, 262, 259, 252, 253, 255, 255, 256, 259, 259,
    263, 264, 267, 268, 268, 268, 265, 264, 264, 262, 264, 265, 264, 260,
    261, 261, 265, 263, 263 ]
headPositionsY: [ 82, 83, 85, 83, 81, 83, 82, 85, 81, 84, 85, 81, 85, 83,
    81, 82, 85, 80, 83, 81, 83, 85, 85, 85, 83, 81, 85, 83, 83, 81, 84,
    84, 84, 84, 83, 82, 85, 83, 85, 81, 85, 84, 84, 84, 85, 82, 82, 81,
    85, 83, 81, 82, 80, 80, 79, 82, 81, 81, 80, 81, 82, 81, 84, 84, 81,
    85, 80, 78, 79, 83, 82, 82, 85, 82, 85, 82, 85, 80, 82, 82, 84, 82,
    83, 84, 85, 83, 84, 80, 84, 83, 82, 83, 83, 85, 83, 83, 81, 85, 82,
    81 ]
