%YAML:1.0
---
videoName: "headShake13.mp4"
gestureLabel: 201
fps: 29
pixelSizeInCmTemp: 3.2364864864864862e-01
faceCenterPointX: 241
faceCenterPointY: 77
headPositionsX: [ 242, 241, 241, 243, 241, 240, 244, 243, 242, 239, 242,
    243, 240, 240, 241, 242, 243, 242, 239, 243, 239, 244, 243, 241, 243,
    241, 240, 239, 242, 242, 239, 240, 238, 242, 242, 249, 249, 256, 258,
    260, 265, 262, 261, 255, 249, 242, 237, 235, 231, 229, 231, 230, 237,
    238, 243, 248, 251, 249, 248, 250, 244, 240, 239, 234, 230, 233, 233,
    234, 237, 239, 243, 251, 253, 251, 251, 249, 249, 242, 239, 238, 237,
    231, 231, 232, 236, 234, 237, 237, 240, 241, 246, 244, 243, 245, 242,
    242, 241, 244, 241, 242 ]
headPositionsY: [ 76, 75, 76, 74, 77, 77, 76, 76, 74, 74, 74, 79, 75, 77,
    76, 76, 74, 78, 78, 77, 75, 76, 77, 74, 77, 73, 77, 77, 75, 73, 75,
    75, 76, 78, 78, 78, 77, 73, 73, 75, 74, 76, 74, 76, 78, 74, 78, 75,
    77, 77, 77, 77, 77, 76, 78, 76, 75, 77, 74, 76, 76, 75, 77, 78, 77,
    79, 76, 74, 79, 76, 77, 75, 74, 77, 74, 76, 77, 76, 76, 76, 75, 77,
    74, 74, 78, 74, 78, 75, 78, 77, 76, 73, 75, 77, 74, 77, 75, 78, 76,
    76 ]
