%YAML:1.0
---
videoName: "headLookRight6.mp4"
gestureLabel: 204
fps: 29
pixelSizeInCmTemp: 3.8015873015873014e-01
faceCenterPointX: 226
faceCenterPointY: 72
headPositionsX: [ 225, 252, 250, 248, 246, 249, 251, 251, 250, 246, 249,
    252, 251, 247, 250, 250, 250, 251, 251, 252, 249, 249, 249, 252, 251,
    249, 249, 250, 251, 252, 252, 252, 249, 248, 245, 244, 242, 240, 235,
    236, 230, 231, 229, 230, 229, 226, 228, 226, 225, 226, 223, 227, 227,
    226, 228, 226, 227, 224, 225, 226, 232, 227, 227, 226, 228, 226, 227,
    226, 228, 229, 229, 227, 229, 226, 224, 224, 230, 226, 227, 228, 226,
    226, 226, 226, 226, 227, 228, 229, 224, 227, 226, 227, 229, 226, 228,
    228, 224, 227, 226, 225 ]
headPositionsY: [ 70, 73, 71, 75, 73, 70, 72, 75, 74, 75, 72, 72, 73, 75,
    74, 73, 71, 72, 72, 75, 75, 75, 75, 74, 72, 76, 72, 73, 76, 74, 76,
    75, 72, 74, 75, 73, 74, 72, 73, 72, 75, 73, 73, 73, 71, 77, 72, 73,
    74, 75, 76, 68, 76, 73, 72, 75, 77, 76, 70, 77, 78, 72, 76, 69, 73,
    70, 75, 71, 78, 75, 75, 72, 76, 74, 73, 72, 72, 75, 72, 73, 78, 77,
    75, 70, 72, 74, 77, 77, 75, 75, 71, 72, 75, 73, 69, 73, 72, 72, 74,
    73 ]
