%YAML:1.0
---
videoName: "headShake2.mp4"
gestureLabel: 201
fps: 29
pixelSizeInCmTemp: 3.4214285714285714e-01
faceCenterPointX: 276
faceCenterPointY: 98
headPositionsX: [ 276, 278, 275, 278, 277, 275, 279, 275, 279, 278, 277,
    276, 276, 277, 277, 276, 275, 278, 280, 278, 275, 279, 278, 277, 280,
    278, 279, 279, 276, 277, 277, 280, 278, 279, 279, 275, 277, 278, 277,
    276, 276, 280, 281, 285, 287, 288, 291, 294, 293, 293, 289, 286, 282,
    278, 274, 267, 265, 265, 265, 267, 275, 280, 283, 288, 292, 290, 292,
    287, 285, 282, 275, 272, 267, 270, 269, 272, 277, 279, 284, 286, 288,
    287, 285, 285, 283, 281, 279, 277, 276, 276, 273, 275, 278, 275, 273,
    275, 275, 277, 274, 275 ]
headPositionsY: [ 98, 96, 98, 98, 97, 97, 97, 98, 100, 96, 99, 97, 100,
    96, 97, 97, 98, 100, 101, 97, 100, 98, 97, 96, 99, 99, 100, 98, 100,
    99, 97, 98, 97, 100, 98, 98, 98, 100, 99, 99, 98, 99, 99, 97, 99, 98,
    98, 97, 97, 95, 98, 95, 96, 97, 98, 96, 96, 98, 97, 99, 96, 98, 97,
    96, 95, 97, 99, 95, 96, 98, 97, 96, 96, 99, 97, 100, 97, 97, 98, 100,
    96, 95, 99, 100, 102, 97, 98, 96, 100, 101, 100, 98, 98, 99, 99, 98,
    100, 101, 97, 98 ]
