%YAML:1.0
---
videoName: "headLookLeft2.mp4"
gestureLabel: 203
fps: 29
pixelSizeInCmTemp: 3.6846153846153845e-01
faceCenterPointX: 278
faceCenterPointY: 74
headPositionsX: [ 278, 258, 261, 257, 259, 258, 260, 261, 260, 259, 261,
    258, 257, 261, 259, 259, 260, 262, 260, 261, 264, 267, 266, 266, 268,
    272, 270, 271, 272, 275, 275, 279, 274, 277, 280, 281, 280, 283, 279,
    276, 278, 282, 282, 278, 280, 280, 280, 281, 286, 279, 282, 282, 282,
    279, 276, 282, 279, 274, 278, 281, 281, 276, 279, 278, 280, 277, 280,
    283, 282, 280, 280, 281, 280, 275, 279, 280, 277, 280, 279, 282, 278,
    280, 277, 278, 280, 278, 282, 278, 279, 282, 280, 280, 285, 282, 280,
    277, 282, 283, 285, 280 ]
headPositionsY: [ 76, 74, 75, 75, 73, 73, 74, 75, 77, 76, 77, 78, 73, 75,
    78, 76, 76, 74, 75, 77, 76, 77, 78, 75, 73, 76, 72, 76, 77, 74, 75,
    75, 71, 73, 75, 76, 76, 73, 76, 73, 73, 76, 75, 75, 76, 76, 77, 77,
    77, 73, 72, 76, 74, 76, 72, 75, 75, 73, 71, 74, 77, 74, 75, 76, 74,
    74, 74, 75, 73, 75, 72, 73, 75, 74, 74, 74, 74, 73, 71, 73, 75, 75,
    73, 76, 76, 71, 74, 75, 75, 73, 76, 73, 77, 76, 73, 73, 73, 77, 78,
    73 ]
