%YAML:1.0
---
videoName: "headNod43.mp4"
gestureLabel: 202
fps: 29
pixelSizeInCmTemp: 2.8855421686746985e-01
faceCenterPointX: 268
faceCenterPointY: 74
headPositionsX: [ 269, 271, 270, 270, 268, 268, 268, 268, 272, 271, 270,
    270, 268, 266, 267, 268, 266, 270, 268, 270, 270, 269, 270, 270, 269,
    265, 269, 265, 268, 268, 263, 263, 266, 263, 266, 265, 267, 263, 267,
    264, 262, 264, 265, 263, 264, 263, 266, 265, 268, 264, 267, 264, 264,
    263, 263, 264, 265, 263, 265, 267, 263, 262, 266, 262, 267, 263, 267,
    264, 267, 270, 268, 266, 268, 267, 265, 267, 267, 268, 265, 269, 268,
    269, 270, 268, 271, 269, 269, 267, 268, 268, 270, 271, 269, 267, 271,
    268, 268, 268, 268, 270 ]
headPositionsY: [ 74, 76, 75, 77, 77, 75, 75, 74, 76, 74, 75, 76, 77, 74,
    77, 75, 74, 74, 73, 76, 76, 73, 74, 76, 77, 76, 82, 82, 87, 88, 88,
    86, 86, 81, 78, 76, 77, 79, 83, 84, 89, 90, 91, 85, 83, 82, 82, 81,
    81, 86, 90, 90, 89, 91, 90, 86, 85, 83, 83, 85, 88, 88, 90, 88, 90,
    85, 86, 82, 81, 80, 81, 80, 82, 86, 92, 90, 91, 89, 84, 83, 76, 76,
    75, 75, 73, 70, 75, 71, 75, 71, 74, 72, 76, 74, 71, 76, 71, 75, 74,
    72 ]
