%YAML:1.0
---
videoName: "headLookUp0.mp4"
gestureLabel: 205
fps: 29
pixelSizeInCmTemp: 3.6846153846153845e-01
faceCenterPointX: 258
faceCenterPointY: 66
headPositionsX: [ 256, 261, 261, 261, 258, 260, 258, 258, 259, 258, 257,
    259, 260, 261, 258, 259, 259, 262, 259, 261, 260, 257, 259, 258, 260,
    259, 256, 258, 259, 262, 259, 261, 259, 257, 257, 258, 257, 260, 258,
    256, 258, 258, 260, 258, 260, 256, 258, 261, 260, 259, 258, 259, 256,
    259, 257, 258, 258, 260, 256, 257, 258, 259, 258, 260, 258, 257, 257,
    255, 258, 259, 261, 257, 260, 260, 257, 259, 259, 258, 259, 258, 256,
    261, 260, 261, 258, 259, 257, 259, 256, 257, 260, 260, 258, 258, 257,
    260, 261, 255, 260, 260 ]
headPositionsY: [ 64, 82, 78, 82, 78, 80, 79, 83, 79, 78, 80, 81, 80, 80,
    78, 77, 78, 75, 76, 72, 72, 70, 68, 67, 71, 66, 67, 68, 69, 67, 66,
    69, 66, 65, 66, 66, 64, 65, 65, 65, 66, 68, 68, 65, 69, 68, 68, 67,
    68, 67, 67, 67, 69, 69, 70, 67, 69, 66, 67, 69, 67, 70, 66, 66, 68,
    68, 70, 69, 67, 68, 65, 67, 68, 65, 68, 66, 69, 69, 68, 66, 69, 70,
    65, 68, 68, 67, 69, 70, 65, 66, 69, 70, 68, 70, 68, 67, 70, 68, 68,
    70 ]
