%YAML:1.0
---
videoName: "headNod35.mp4"
gestureLabel: 202
fps: 30
pixelSizeInCmTemp: 2.9937500000000000e-01
faceCenterPointX: 268
faceCenterPointY: 78
headPositionsX: [ 268, 268, 269, 270, 270, 269, 270, 271, 270, 272, 268,
    269, 268, 271, 272, 270, 271, 270, 270, 268, 269, 271, 271, 269, 267,
    271, 271, 267, 268, 270, 273, 271, 272, 270, 270, 268, 268, 269, 267,
    267, 266, 269, 265, 267, 266, 266, 269, 268, 271, 268, 271, 267, 269,
    268, 269, 267, 267, 266, 268, 268, 269, 270, 267, 270, 268, 268, 270,
    270, 268, 271, 268, 269, 267, 268, 268, 270, 268, 267, 270, 268, 268,
    270, 266, 270, 269, 267, 268, 267, 268, 268, 267, 268, 268, 267, 268,
    269, 267, 267, 269, 265 ]
headPositionsY: [ 77, 77, 77, 75, 75, 76, 74, 78, 77, 77, 78, 76, 77, 76,
    76, 75, 79, 75, 78, 75, 79, 77, 75, 75, 77, 78, 74, 72, 69, 70, 67,
    69, 68, 68, 70, 77, 79, 82, 91, 90, 93, 92, 89, 82, 82, 75, 77, 73,
    73, 77, 77, 78, 84, 85, 88, 87, 88, 85, 82, 82, 75, 70, 71, 72, 74,
    76, 76, 80, 83, 86, 86, 87, 83, 79, 76, 76, 76, 75, 75, 78, 81, 84,
    86, 89, 88, 84, 81, 81, 79, 81, 80, 78, 81, 80, 79, 76, 77, 77, 80,
    78 ]
