%YAML:1.0
---
videoName: "headShake24.mp4"
gestureLabel: 201
fps: 29
pixelSizeInCmTemp: 3.2808219178082193e-01
faceCenterPointX: 240
faceCenterPointY: 78
headPositionsX: [ 242, 251, 252, 252, 253, 254, 253, 252, 253, 252, 250,
    247, 242, 243, 240, 238, 234, 234, 230, 230, 229, 228, 232, 234, 230,
    233, 236, 239, 241, 242, 243, 245, 251, 249, 249, 249, 251, 246, 249,
    248, 244, 242, 243, 237, 240, 234, 233, 235, 236, 231, 235, 232, 236,
    238, 237, 239, 241, 245, 246, 245, 248, 248, 249, 247, 246, 246, 246,
    247, 244, 245, 246, 243, 240, 239, 239, 242, 238, 237, 241, 237, 239,
    240, 239, 240, 238, 240, 240, 238, 238, 239, 240, 239, 238, 238, 239,
    240, 238, 240, 238, 239 ]
headPositionsY: [ 77, 74, 76, 76, 77, 74, 74, 77, 77, 77, 76, 75, 78, 76,
    77, 77, 79, 77, 80, 76, 77, 76, 78, 78, 77, 80, 75, 79, 79, 79, 78,
    79, 78, 76, 77, 78, 77, 79, 80, 76, 80, 80, 80, 76, 79, 76, 79, 78,
    78, 78, 77, 78, 77, 77, 75, 79, 78, 75, 79, 76, 79, 79, 76, 76, 75,
    78, 76, 79, 78, 76, 78, 79, 75, 76, 77, 78, 80, 77, 77, 76, 75, 78,
    77, 79, 77, 78, 78, 77, 80, 79, 80, 79, 77, 77, 80, 77, 80, 78, 78,
    75 ]
