%YAML:1.0
---
videoName: "headNod44.mp4"
gestureLabel: 202
fps: 29
pixelSizeInCmTemp: 2.9567901234567900e-01
faceCenterPointX: 268
faceCenterPointY: 78
headPositionsX: [ 267, 269, 268, 270, 270, 270, 267, 267, 269, 270, 270,
    268, 266, 270, 271, 269, 269, 270, 268, 271, 270, 269, 268, 268, 268,
    267, 266, 268, 269, 269, 266, 268, 266, 268, 269, 266, 269, 267, 267,
    268, 266, 265, 266, 264, 268, 266, 268, 269, 265, 268, 265, 267, 268,
    267, 265, 267, 268, 269, 268, 266, 270, 271, 265, 266, 269, 268, 268,
    265, 270, 268, 270, 269, 270, 266, 271, 268, 270, 270, 269, 267, 268,
    269, 268, 269, 268, 267, 266, 268, 266, 268, 267, 270, 268, 266, 267,
    267, 269, 267, 267, 268 ]
headPositionsY: [ 76, 72, 75, 75, 75, 77, 76, 73, 72, 76, 75, 74, 76, 76,
    77, 74, 74, 76, 77, 84, 86, 87, 94, 96, 93, 92, 91, 86, 82, 74, 74,
    71, 67, 72, 74, 73, 79, 84, 87, 89, 85, 82, 79, 75, 75, 74, 72, 73,
    74, 80, 83, 87, 93, 89, 88, 84, 79, 75, 75, 73, 73, 77, 81, 83, 87,
    87, 82, 83, 77, 80, 74, 76, 78, 77, 81, 84, 82, 89, 85, 84, 82, 80,
    80, 77, 79, 76, 78, 80, 76, 77, 75, 80, 79, 75, 75, 78, 77, 77, 76,
    78 ]
