%YAML:1.0
---
videoName: "headNod24.mp4"
gestureLabel: 202
fps: 29
pixelSizeInCmTemp: 3.1513157894736843e-01
faceCenterPointX: 272
faceCenterPointY: 72
headPositionsX: [ 271, 275, 275, 275, 274, 276, 273, 274, 275, 273, 275,
    274, 275, 274, 276, 276, 277, 276, 273, 276, 273, 274, 271, 272, 273,
    272, 271, 275, 272, 271, 271, 275, 274, 273, 272, 275, 273, 274, 274,
    274, 273, 275, 274, 274, 270, 274, 272, 274, 273, 272, 272, 273, 272,
    275, 273, 274, 274, 274, 271, 271, 270, 274, 270, 272, 271, 271, 271,
    273, 271, 273, 274, 269, 270, 272, 271, 270, 270, 270, 269, 270, 270,
    268, 269, 268, 270, 268, 272, 270, 270, 272, 271, 268, 270, 273, 272,
    272, 272, 273, 272, 270 ]
headPositionsY: [ 73, 71, 75, 73, 75, 73, 74, 75, 73, 71, 75, 76, 74, 72,
    73, 73, 75, 74, 73, 74, 71, 72, 74, 72, 75, 73, 76, 73, 76, 75, 75,
    72, 71, 76, 76, 73, 72, 72, 68, 71, 70, 72, 75, 79, 81, 80, 80, 74,
    70, 69, 68, 68, 70, 74, 77, 74, 75, 72, 70, 68, 65, 69, 67, 71, 72,
    74, 74, 78, 72, 72, 71, 70, 69, 66, 70, 72, 70, 72, 76, 74, 72, 75,
    73, 72, 68, 72, 68, 70, 70, 72, 71, 70, 73, 75, 72, 75, 74, 74, 71,
    71 ]
