%YAML:1.0
---
videoName: "headShake2.mp4"
gestureLabel: 201
fps: 29
pixelSizeInCmTemp: 3.4214285714285714e-01
faceCenterPointX: 276
faceCenterPointY: 98
headPositionsX: [ 274, 279, 279, 278, 276, 277, 279, 279, 275, 276, 275,
    275, 275, 275, 277, 279, 277, 279, 279, 278, 279, 276, 277, 276, 278,
    279, 278, 275, 276, 276, 277, 278, 276, 276, 279, 275, 274, 275, 279,
    279, 278, 276, 281, 283, 287, 290, 295, 293, 296, 292, 293, 290, 283,
    280, 274, 269, 265, 262, 266, 265, 274, 276, 283, 286, 289, 292, 292,
    285, 283, 281, 274, 269, 268, 266, 269, 270, 277, 280, 283, 286, 287,
    288, 284, 286, 281, 279, 279, 278, 277, 275, 275, 277, 277, 273, 276,
    274, 277, 275, 277, 277 ]
headPositionsY: [ 99, 97, 100, 98, 98, 98, 98, 97, 100, 96, 99, 99, 97,
    100, 99, 99, 100, 98, 98, 99, 101, 98, 99, 96, 98, 96, 97, 96, 102,
    99, 100, 100, 98, 101, 99, 102, 99, 100, 101, 99, 96, 100, 98, 96,
    99, 99, 96, 95, 94, 99, 97, 96, 96, 96, 99, 99, 96, 100, 95, 98, 98,
    96, 95, 98, 99, 94, 98, 96, 95, 96, 100, 97, 98, 96, 98, 96, 100,
    101, 97, 97, 96, 98, 96, 101, 101, 101, 98, 97, 101, 101, 99, 99,
    101, 101, 97, 101, 100, 102, 100, 101 ]
