%YAML:1.0
---
videoName: "headLookDown6.mp4"
gestureLabel: 206
fps: 29
pixelSizeInCmTemp: 3.4710144927536229e-01
faceCenterPointX: 276
faceCenterPointY: 98
headPositionsX: [ 274, 274, 274, 274, 273, 276, 275, 276, 274, 274, 273,
    276, 274, 275, 275, 274, 273, 274, 277, 276, 274, 276, 277, 276, 277,
    273, 276, 274, 275, 273, 277, 275, 273, 276, 276, 274, 273, 273, 273,
    273, 274, 276, 274, 277, 278, 273, 276, 278, 274, 274, 277, 274, 274,
    277, 277, 277, 275, 273, 276, 275, 272, 277, 273, 273, 273, 275, 272,
    274, 274, 276, 272, 274, 273, 274, 277, 277, 276, 273, 276, 274, 276,
    273, 275, 277, 275, 277, 277, 278, 275, 274, 274, 274, 275, 276, 274,
    278, 275, 274, 278, 274 ]
headPositionsY: [ 99, 83, 83, 80, 83, 82, 81, 79, 81, 83, 81, 83, 79, 81,
    83, 81, 80, 80, 80, 80, 83, 83, 82, 81, 83, 84, 81, 82, 84, 84, 80,
    82, 83, 84, 82, 81, 84, 81, 86, 83, 82, 85, 84, 85, 84, 86, 90, 90,
    91, 91, 93, 95, 94, 95, 95, 97, 99, 98, 96, 100, 94, 98, 100, 98, 96,
    99, 97, 99, 96, 100, 96, 100, 99, 98, 101, 100, 97, 100, 99, 98, 101,
    97, 96, 97, 97, 98, 100, 101, 101, 99, 100, 97, 97, 101, 96, 98, 98,
    97, 97, 96 ]
