%YAML:1.0
---
videoName: "headShake38.mp4"
gestureLabel: 201
fps: 29
pixelSizeInCmTemp: 3.2808219178082193e-01
faceCenterPointX: 259
faceCenterPointY: 84
headPositionsX: [ 260, 265, 261, 265, 264, 261, 265, 261, 262, 260, 263,
    263, 263, 265, 265, 264, 263, 266, 263, 263, 262, 261, 263, 262, 264,
    264, 262, 261, 261, 260, 263, 263, 263, 263, 264, 261, 264, 264, 261,
    264, 262, 261, 257, 258, 254, 249, 248, 247, 249, 254, 257, 266, 271,
    275, 278, 273, 267, 260, 255, 248, 248, 251, 252, 260, 269, 271, 270,
    269, 266, 257, 251, 250, 245, 249, 252, 254, 258, 262, 264, 270, 267,
    268, 265, 267, 263, 263, 260, 262, 259, 259, 258, 262, 261, 262, 259,
    259, 259, 260, 262, 262 ]
headPositionsY: [ 85, 84, 82, 83, 85, 85, 84, 84, 82, 80, 82, 84, 82, 82,
    81, 83, 83, 86, 82, 83, 83, 84, 86, 83, 85, 83, 81, 83, 86, 82, 86,
    81, 81, 84, 85, 84, 85, 86, 85, 82, 84, 82, 84, 83, 85, 83, 84, 83,
    82, 83, 85, 82, 82, 83, 82, 83, 82, 86, 84, 82, 86, 80, 81, 84, 82,
    83, 83, 81, 86, 83, 85, 80, 82, 82, 81, 83, 83, 83, 82, 83, 86, 84,
    85, 86, 83, 83, 85, 86, 86, 86, 83, 82, 86, 84, 87, 83, 84, 84, 82,
    85 ]
