%YAML:1.0
---
videoName: "headLookLeft3.mp4"
gestureLabel: 203
fps: 29
pixelSizeInCmTemp: 3.4214285714285714e-01
faceCenterPointX: 290
faceCenterPointY: 74
headPositionsX: [ 292, 266, 261, 264, 265, 266, 267, 267, 269, 271, 273,
    272, 277, 276, 279, 283, 286, 288, 289, 289, 288, 289, 295, 290, 285,
    288, 297, 292, 287, 285, 288, 288, 291, 293, 285, 288, 282, 293, 290,
    290, 286, 287, 291, 295, 290, 289, 289, 286, 289, 287, 292, 290, 291,
    288, 289, 289, 291, 287, 288, 292, 289, 291, 290, 288, 285, 288, 288,
    288, 287, 290, 289, 289, 286, 284, 287, 287, 288, 290, 287, 288, 289,
    289, 287, 288, 286, 284, 290, 286, 287, 287, 284, 287, 290, 290, 285,
    285, 288, 287, 287, 285 ]
headPositionsY: [ 74, 75, 74, 78, 76, 77, 78, 80, 75, 75, 74, 73, 77, 74,
    76, 75, 76, 76, 74, 73, 76, 72, 76, 73, 74, 70, 77, 74, 76, 71, 75,
    73, 75, 75, 72, 73, 75, 76, 74, 72, 72, 72, 75, 78, 75, 76, 74, 75,
    75, 72, 74, 73, 71, 74, 73, 75, 76, 75, 71, 73, 72, 72, 73, 72, 76,
    73, 73, 72, 73, 76, 71, 72, 71, 75, 71, 74, 72, 74, 76, 73, 74, 74,
    75, 72, 76, 72, 76, 73, 74, 75, 74, 76, 74, 74, 72, 75, 74, 71, 72,
    73 ]
