%YAML:1.0
---
videoName: "headShake36.mp4"
gestureLabel: 201
fps: 29
pixelSizeInCmTemp: 3.2364864864864862e-01
faceCenterPointX: 263
faceCenterPointY: 80
headPositionsX: [ 262, 265, 262, 263, 265, 266, 267, 265, 272, 274, 276,
    277, 277, 281, 280, 282, 283, 279, 279, 278, 275, 273, 268, 268, 262,
    260, 254, 254, 250, 251, 247, 247, 248, 244, 247, 246, 247, 250, 247,
    254, 258, 258, 264, 269, 270, 274, 274, 278, 277, 277, 278, 283, 281,
    279, 274, 275, 269, 268, 263, 256, 254, 252, 250, 249, 249, 250, 250,
    253, 253, 253, 257, 258, 258, 260, 262, 265, 266, 268, 265, 267, 267,
    268, 266, 263, 265, 265, 267, 265, 265, 264, 265, 265, 263, 263, 262,
    261, 262, 264, 262, 263 ]
headPositionsY: [ 82, 82, 77, 80, 81, 80, 80, 79, 78, 80, 77, 77, 79, 77,
    77, 75, 75, 79, 78, 80, 80, 80, 81, 84, 83, 79, 81, 81, 80, 79, 80,
    80, 82, 83, 82, 81, 79, 82, 80, 79, 79, 80, 80, 82, 81, 79, 78, 79,
    78, 76, 76, 78, 78, 77, 77, 77, 79, 79, 82, 80, 81, 79, 79, 78, 78,
    80, 81, 80, 81, 77, 80, 80, 79, 82, 82, 80, 81, 80, 78, 81, 79, 81,
    81, 78, 82, 83, 80, 80, 81, 80, 79, 82, 83, 80, 83, 80, 81, 78, 80,
    78 ]
