%YAML:1.0
---
videoName: "headShake16.mp4"
gestureLabel: 201
fps: 29
pixelSizeInCmTemp: 3.2364864864864862e-01
faceCenterPointX: 242
faceCenterPointY: 77
headPositionsX: [ 240, 241, 243, 243, 243, 243, 244, 242, 244, 245, 243,
    241, 243, 244, 246, 243, 243, 245, 241, 245, 245, 244, 242, 243, 244,
    243, 244, 242, 243, 243, 244, 243, 242, 244, 239, 239, 241, 246, 246,
    250, 251, 252, 254, 256, 256, 252, 250, 243, 240, 239, 237, 235, 234,
    238, 240, 244, 243, 248, 251, 250, 248, 249, 245, 245, 242, 237, 234,
    233, 236, 234, 235, 236, 236, 242, 242, 245, 245, 243, 245, 242, 243,
    243, 240, 241, 241, 239, 236, 240, 239, 238, 238, 243, 243, 242, 244,
    242, 243, 240, 241, 242 ]
headPositionsY: [ 78, 77, 75, 75, 74, 75, 74, 76, 76, 74, 78, 75, 77, 75,
    76, 78, 73, 77, 74, 77, 78, 75, 76, 78, 75, 76, 76, 74, 75, 77, 74,
    76, 75, 76, 74, 76, 74, 79, 78, 76, 76, 75, 76, 74, 74, 74, 77, 76,
    79, 75, 78, 79, 75, 79, 77, 77, 77, 78, 75, 78, 76, 79, 78, 79, 79,
    75, 74, 76, 76, 78, 76, 75, 77, 76, 75, 78, 75, 76, 76, 74, 76, 75,
    77, 75, 77, 77, 78, 76, 75, 75, 76, 77, 76, 76, 77, 78, 77, 79, 78,
    79 ]
