%YAML:1.0
---
videoName: "headNod48.mp4"
gestureLabel: 202
fps: 29
pixelSizeInCmTemp: 2.8855421686746985e-01
faceCenterPointX: 264
faceCenterPointY: 72
headPositionsX: [ 263, 264, 263, 265, 264, 265, 263, 263, 266, 264, 265,
    264, 264, 263, 266, 261, 261, 259, 262, 263, 263, 262, 262, 258, 260,
    262, 259, 263, 264, 261, 263, 261, 264, 260, 262, 262, 264, 264, 261,
    265, 260, 262, 261, 261, 261, 263, 262, 259, 264, 260, 261, 264, 259,
    262, 259, 261, 259, 261, 264, 263, 263, 261, 264, 266, 262, 262, 262,
    264, 263, 263, 262, 265, 266, 266, 264, 263, 267, 265, 265, 266, 265,
    265, 263, 265, 267, 265, 264, 268, 264, 263, 267, 267, 264, 266, 265,
    266, 267, 265, 267, 265 ]
headPositionsY: [ 71, 74, 78, 79, 79, 78, 76, 70, 66, 65, 62, 64, 62, 66,
    68, 68, 73, 81, 85, 90, 89, 86, 82, 80, 76, 73, 71, 68, 68, 62, 64,
    68, 67, 64, 69, 74, 75, 79, 82, 82, 80, 81, 78, 79, 78, 76, 74, 72,
    73, 72, 74, 73, 78, 78, 82, 78, 76, 76, 73, 71, 73, 70, 71, 73, 72,
    77, 75, 77, 79, 77, 75, 73, 74, 71, 71, 69, 71, 68, 72, 74, 76, 77,
    75, 75, 73, 71, 72, 70, 71, 73, 75, 73, 75, 76, 74, 73, 75, 73, 74,
    73 ]
