%YAML:1.0
---
videoName: "headShake12.mp4"
gestureLabel: 201
fps: 29
pixelSizeInCmTemp: 3.2808219178082193e-01
faceCenterPointX: 241
faceCenterPointY: 76
headPositionsX: [ 243, 242, 240, 239, 240, 243, 242, 241, 240, 240, 243,
    242, 241, 243, 242, 242, 240, 241, 242, 244, 241, 242, 241, 243, 240,
    242, 243, 239, 242, 240, 242, 241, 241, 244, 243, 240, 242, 241, 242,
    243, 241, 240, 240, 242, 241, 239, 242, 239, 242, 241, 244, 243, 240,
    243, 241, 243, 243, 240, 241, 245, 248, 252, 256, 258, 260, 259, 259,
    250, 247, 244, 237, 232, 229, 232, 237, 243, 244, 248, 252, 253, 254,
    250, 249, 244, 242, 242, 237, 237, 234, 239, 240, 238, 237, 237, 240,
    238, 239, 239, 239, 238 ]
headPositionsY: [ 77, 73, 71, 71, 72, 75, 76, 75, 72, 72, 75, 76, 76, 73,
    72, 75, 76, 74, 72, 74, 75, 73, 75, 74, 73, 73, 73, 75, 76, 74, 73,
    72, 77, 74, 72, 72, 73, 74, 76, 74, 72, 76, 75, 75, 76, 74, 76, 72,
    72, 76, 75, 75, 76, 76, 73, 76, 75, 77, 73, 74, 75, 72, 75, 74, 73,
    72, 72, 72, 76, 77, 75, 78, 76, 75, 75, 77, 74, 74, 73, 74, 75, 76,
    77, 76, 77, 77, 74, 77, 78, 73, 75, 75, 76, 74, 78, 75, 75, 76, 75,
    74 ]
