%YAML:1.0
---
videoName: "headShake18.mp4"
gestureLabel: 201
fps: 30
pixelSizeInCmTemp: 3.2808219178082193e-01
faceCenterPointX: 240
faceCenterPointY: 77
headPositionsX: [ 242, 243, 241, 241, 240, 241, 242, 243, 239, 240, 239,
    241, 241, 241, 243, 241, 242, 243, 239, 238, 243, 243, 240, 239, 239,
    238, 239, 240, 240, 238, 240, 237, 241, 237, 237, 241, 244, 248, 251,
    252, 252, 253, 248, 251, 248, 241, 237, 237, 234, 229, 230, 230, 236,
    240, 242, 245, 249, 249, 250, 247, 242, 239, 239, 236, 235, 233, 234,
    237, 236, 242, 242, 241, 246, 246, 244, 240, 241, 235, 236, 236, 237,
    239, 235, 238, 241, 240, 240, 243, 244, 244, 240, 241, 240, 238, 239,
    240, 239, 239, 239, 239 ]
headPositionsY: [ 78, 77, 74, 74, 77, 76, 73, 75, 74, 77, 77, 77, 76, 74,
    74, 76, 74, 77, 75, 76, 76, 77, 78, 74, 76, 76, 73, 75, 78, 75, 78,
    76, 75, 76, 75, 75, 76, 76, 76, 76, 77, 77, 74, 78, 78, 78, 78, 75,
    77, 75, 74, 78, 78, 76, 74, 75, 75, 75, 77, 78, 77, 76, 78, 78, 78,
    75, 76, 77, 78, 79, 75, 75, 80, 78, 80, 75, 76, 78, 77, 77, 78, 79,
    76, 77, 77, 77, 76, 80, 75, 80, 79, 79, 76, 76, 76, 76, 75, 79, 79,
    75 ]
