%YAML:1.0
---
videoName: "headNod23.mp4"
gestureLabel: 202
fps: 29
pixelSizeInCmTemp: 3.1933333333333330e-01
faceCenterPointX: 273
faceCenterPointY: 75
headPositionsX: [ 273, 273, 274, 273, 276, 273, 274, 274, 274, 276, 274,
    274, 272, 275, 275, 274, 273, 276, 275, 275, 274, 275, 276, 274, 273,
    273, 276, 277, 277, 274, 274, 273, 276, 274, 274, 274, 272, 275, 272,
    271, 271, 270, 273, 273, 271, 273, 270, 273, 275, 273, 273, 276, 274,
    272, 272, 276, 275, 273, 271, 273, 276, 273, 275, 276, 271, 273, 274,
    276, 276, 274, 276, 273, 272, 272, 274, 272, 271, 276, 270, 273, 273,
    273, 276, 272, 276, 276, 275, 273, 274, 273, 272, 274, 275, 273, 275,
    273, 272, 275, 274, 275 ]
headPositionsY: [ 75, 76, 77, 78, 77, 77, 75, 79, 79, 77, 77, 77, 75, 79,
    75, 75, 76, 75, 77, 78, 76, 79, 79, 74, 71, 70, 69, 66, 64, 68, 66,
    65, 66, 67, 69, 73, 75, 77, 79, 83, 80, 81, 81, 79, 77, 75, 73, 71,
    68, 67, 68, 71, 70, 71, 73, 75, 78, 79, 76, 77, 78, 76, 76, 70, 69,
    68, 69, 67, 67, 73, 69, 74, 76, 75, 76, 78, 80, 80, 76, 76, 76, 74,
    77, 75, 75, 74, 71, 74, 71, 72, 73, 76, 74, 77, 74, 75, 77, 77, 75,
    77 ]
