%YAML:1.0
---
videoName: "headLookDown1.mp4"
gestureLabel: 206
fps: 29
pixelSizeInCmTemp: 3.4710144927536229e-01
faceCenterPointX: 271
faceCenterPointY: 97
headPositionsX: [ 272, 268, 271, 273, 272, 270, 270, 268, 268, 271, 271,
    268, 272, 268, 268, 270, 272, 273, 270, 270, 270, 273, 269, 274, 274,
    271, 272, 272, 270, 272, 270, 273, 271, 270, 273, 274, 274, 269, 269,
    273, 269, 273, 269, 268, 272, 269, 272, 270, 273, 270, 273, 269, 271,
    269, 272, 270, 269, 273, 271, 269, 272, 269, 272, 269, 267, 270, 270,
    270, 271, 271, 273, 268, 269, 272, 272, 272, 270, 271, 271, 270, 268,
    272, 273, 272, 269, 273, 272, 273, 273, 273, 271, 269, 272, 271, 271,
    271, 273, 270, 272, 273 ]
headPositionsY: [ 98, 78, 77, 80, 80, 78, 79, 78, 81, 81, 77, 81, 78, 81,
    81, 80, 77, 81, 81, 78, 78, 80, 78, 77, 82, 81, 78, 81, 77, 79, 80,
    78, 80, 78, 81, 82, 81, 78, 81, 81, 81, 83, 83, 84, 85, 85, 88, 86,
    90, 89, 92, 92, 93, 98, 95, 99, 98, 96, 97, 99, 96, 98, 97, 100, 100,
    96, 99, 99, 100, 97, 101, 100, 97, 99, 97, 99, 98, 100, 98, 99, 97,
    96, 100, 96, 96, 99, 97, 97, 100, 99, 97, 99, 95, 97, 96, 100, 98,
    98, 99, 97 ]
