%YAML:1.0
---
videoName: "headNod1.mp4"
gestureLabel: 202
fps: 29
pixelSizeInCmTemp: 3.2808219178082193e-01
faceCenterPointX: 263
faceCenterPointY: 78
headPositionsX: [ 261, 265, 263, 262, 264, 266, 264, 263, 265, 263, 261,
    262, 261, 263, 263, 264, 264, 264, 266, 266, 262, 264, 263, 264, 266,
    266, 267, 262, 266, 264, 262, 266, 265, 265, 265, 264, 264, 264, 263,
    267, 267, 262, 265, 263, 265, 264, 264, 265, 266, 264, 262, 265, 266,
    261, 261, 261, 262, 263, 264, 261, 264, 263, 264, 266, 263, 263, 267,
    265, 262, 263, 263, 264, 262, 263, 262, 262, 261, 259, 262, 264, 260,
    262, 263, 262, 262, 261, 264, 261, 262, 261, 264, 263, 261, 260, 263,
    264, 265, 263, 262, 265 ]
headPositionsY: [ 78, 73, 75, 74, 75, 73, 74, 77, 75, 76, 77, 76, 74, 74,
    75, 74, 73, 75, 75, 74, 75, 76, 74, 77, 75, 73, 77, 76, 75, 76, 76,
    76, 72, 73, 74, 73, 70, 66, 67, 64, 62, 62, 65, 66, 67, 66, 70, 69,
    73, 75, 75, 80, 84, 84, 81, 82, 79, 77, 74, 74, 70, 68, 65, 64, 64,
    65, 69, 70, 73, 78, 80, 78, 76, 74, 72, 68, 67, 66, 64, 64, 65, 68,
    68, 71, 75, 75, 76, 79, 81, 84, 83, 84, 79, 81, 81, 80, 80, 76, 79,
    78 ]
