%YAML:1.0
---
videoName: "headNod17.mp4"
gestureLabel: 202
fps: 30
pixelSizeInCmTemp: 3.2808219178082193e-01
faceCenterPointX: 253
faceCenterPointY: 76
headPositionsX: [ 254, 253, 254, 257, 256, 255, 255, 254, 253, 255, 256,
    256, 253, 256, 255, 253, 257, 256, 253, 258, 254, 257, 255, 255, 256,
    253, 254, 255, 257, 254, 253, 255, 254, 257, 256, 253, 255, 253, 254,
    254, 253, 254, 255, 251, 255, 255, 252, 253, 252, 253, 255, 256, 256,
    256, 257, 255, 254, 256, 257, 253, 254, 253, 254, 257, 257, 257, 254,
    252, 254, 253, 253, 255, 253, 255, 253, 256, 256, 256, 254, 256, 254,
    255, 252, 252, 254, 256, 255, 256, 253, 254, 255, 253, 252, 255, 253,
    254, 257, 254, 255, 253 ]
headPositionsY: [ 75, 76, 76, 79, 79, 80, 78, 79, 76, 77, 76, 76, 75, 80,
    77, 78, 76, 75, 79, 78, 76, 75, 74, 75, 71, 68, 70, 67, 66, 66, 66,
    64, 68, 70, 70, 72, 70, 75, 76, 80, 80, 79, 82, 86, 87, 87, 82, 81,
    79, 80, 79, 76, 72, 72, 72, 69, 72, 70, 72, 70, 73, 73, 74, 74, 76,
    79, 80, 81, 79, 79, 78, 79, 74, 76, 77, 78, 77, 79, 79, 78, 78, 79,
    78, 73, 74, 75, 78, 76, 76, 76, 76, 79, 77, 75, 76, 75, 80, 79, 75,
    78 ]
