%YAML:1.0
---
videoName: "headNod8.mp4"
gestureLabel: 202
fps: 29
pixelSizeInCmTemp: 3.1933333333333330e-01
faceCenterPointX: 262
faceCenterPointY: 74
headPositionsX: [ 262, 261, 259, 262, 260, 261, 260, 263, 262, 262, 259,
    263, 261, 261, 262, 261, 263, 262, 263, 259, 261, 263, 264, 261, 261,
    262, 261, 262, 264, 263, 261, 259, 262, 262, 261, 261, 260, 262, 261,
    264, 261, 264, 262, 263, 264, 262, 262, 262, 264, 261, 260, 259, 263,
    261, 259, 260, 261, 261, 261, 259, 259, 260, 260, 261, 259, 262, 263,
    261, 262, 261, 259, 261, 263, 258, 261, 258, 259, 258, 261, 259, 259,
    262, 262, 261, 262, 263, 260, 261, 263, 264, 261, 263, 260, 264, 262,
    264, 262, 261, 264, 261 ]
headPositionsY: [ 75, 79, 75, 76, 76, 76, 76, 78, 78, 76, 78, 78, 75, 78,
    74, 77, 75, 74, 75, 75, 74, 75, 74, 76, 76, 77, 78, 78, 79, 77, 75,
    76, 76, 77, 75, 76, 76, 74, 73, 74, 74, 70, 71, 70, 70, 67, 66, 72,
    73, 76, 76, 78, 85, 83, 82, 80, 76, 76, 75, 68, 71, 67, 71, 75, 79,
    79, 83, 85, 80, 81, 76, 74, 72, 68, 69, 71, 72, 74, 79, 83, 84, 80,
    81, 76, 76, 75, 74, 73, 73, 72, 74, 75, 74, 79, 77, 80, 80, 75, 74,
    75 ]
