%YAML:1.0
---
videoName: "headLookUp1.mp4"
gestureLabel: 205
fps: 29
pixelSizeInCmTemp: 3.7421874999999999e-01
faceCenterPointX: 258
faceCenterPointY: 66
headPositionsX: [ 259, 258, 261, 261, 258, 257, 259, 258, 256, 259, 261,
    258, 260, 258, 260, 261, 260, 257, 259, 257, 260, 259, 259, 260, 261,
    260, 258, 258, 257, 257, 260, 261, 257, 259, 259, 260, 258, 259, 259,
    258, 258, 260, 260, 257, 256, 257, 259, 258, 259, 259, 257, 259, 258,
    257, 257, 258, 260, 256, 256, 255, 259, 260, 260, 258, 258, 257, 260,
    257, 258, 259, 259, 258, 261, 259, 258, 255, 259, 257, 259, 259, 260,
    255, 262, 256, 258, 261, 257, 255, 256, 257, 259, 259, 257, 255, 260,
    258, 257, 258, 255, 261 ]
headPositionsY: [ 64, 82, 79, 81, 83, 81, 79, 79, 78, 80, 83, 82, 83, 80,
    80, 79, 80, 81, 80, 83, 82, 84, 79, 81, 82, 81, 79, 82, 83, 81, 83,
    79, 82, 82, 79, 82, 78, 83, 81, 82, 78, 80, 78, 77, 73, 70, 72, 70,
    69, 67, 66, 67, 63, 65, 66, 62, 68, 62, 65, 62, 67, 66, 69, 67, 64,
    64, 67, 64, 68, 62, 65, 64, 67, 68, 69, 64, 64, 67, 68, 65, 65, 66,
    64, 67, 64, 68, 66, 64, 67, 63, 66, 68, 66, 66, 67, 65, 65, 65, 67,
    65 ]
