%YAML:1.0
---
videoName: "headShake46.mp4"
gestureLabel: 201
fps: 30
pixelSizeInCmTemp: 3.2364864864864862e-01
faceCenterPointX: 262
faceCenterPointY: 85
headPositionsX: [ 261, 259, 260, 261, 260, 261, 262, 260, 260, 262, 261,
    261, 260, 262, 260, 260, 259, 259, 258, 262, 261, 260, 262, 261, 262,
    261, 261, 260, 259, 263, 263, 268, 273, 277, 276, 275, 276, 274, 264,
    261, 253, 253, 251, 251, 255, 262, 268, 270, 268, 266, 265, 257, 253,
    256, 257, 258, 262, 267, 269, 267, 266, 261, 258, 256, 257, 260, 261,
    267, 268, 269, 269, 264, 264, 261, 259, 262, 260, 265, 265, 265, 262,
    262, 261, 260, 260, 262, 258, 261, 258, 263, 259, 259, 259, 260, 259,
    264, 261, 262, 260, 261 ]
headPositionsY: [ 87, 82, 82, 83, 83, 83, 84, 85, 87, 83, 83, 85, 86, 85,
    86, 85, 86, 84, 82, 82, 86, 82, 83, 81, 85, 86, 83, 84, 83, 84, 83,
    84, 80, 80, 80, 82, 84, 83, 86, 85, 84, 85, 86, 86, 85, 84, 83, 86,
    85, 84, 85, 82, 84, 85, 87, 83, 87, 84, 83, 83, 85, 83, 88, 84, 87,
    87, 82, 83, 86, 86, 83, 85, 84, 85, 86, 86, 86, 86, 86, 86, 86, 85,
    82, 86, 82, 85, 84, 86, 85, 86, 87, 86, 87, 84, 85, 87, 87, 86, 82,
    85 ]
