%YAML:1.0
---
videoName: "headNod42.mp4"
gestureLabel: 202
fps: 30
pixelSizeInCmTemp: 3.0316455696202532e-01
faceCenterPointX: 265
faceCenterPointY: 77
headPositionsX: [ 263, 267, 266, 269, 270, 269, 267, 271, 270, 271, 270,
    266, 269, 266, 266, 270, 271, 268, 270, 269, 269, 267, 270, 267, 269,
    270, 264, 267, 264, 267, 265, 265, 263, 267, 265, 266, 264, 267, 264,
    265, 267, 264, 267, 264, 267, 265, 264, 263, 264, 264, 268, 266, 265,
    265, 263, 266, 266, 266, 264, 264, 268, 267, 264, 266, 267, 267, 264,
    267, 267, 264, 264, 267, 264, 268, 264, 266, 265, 268, 265, 266, 267,
    264, 268, 266, 269, 266, 266, 264, 264, 263, 263, 263, 266, 265, 267,
    263, 268, 267, 266, 266 ]
headPositionsY: [ 75, 76, 76, 76, 78, 74, 77, 78, 78, 77, 75, 78, 75, 75,
    76, 69, 70, 63, 64, 68, 67, 71, 70, 76, 78, 86, 87, 91, 91, 88, 86,
    83, 79, 75, 78, 67, 71, 70, 69, 70, 74, 80, 81, 82, 85, 84, 80, 76,
    74, 74, 72, 71, 73, 70, 73, 77, 83, 84, 82, 87, 84, 80, 78, 79, 76,
    74, 75, 77, 73, 73, 74, 77, 81, 83, 81, 77, 78, 74, 75, 74, 76, 74,
    76, 75, 77, 78, 79, 80, 83, 82, 78, 79, 79, 76, 78, 76, 78, 75, 77,
    76 ]
