%YAML:1.0
---
videoName: "headShake24.mp4"
gestureLabel: 201
fps: 29
pixelSizeInCmTemp: 3.2808219178082193e-01
faceCenterPointX: 240
faceCenterPointY: 78
headPositionsX: [ 242, 252, 250, 251, 252, 252, 253, 252, 253, 253, 249,
    248, 243, 241, 238, 234, 233, 235, 234, 233, 232, 231, 233, 233, 233,
    236, 236, 238, 241, 241, 245, 247, 247, 248, 250, 252, 251, 247, 249,
    248, 246, 242, 242, 237, 236, 237, 233, 234, 234, 235, 237, 233, 237,
    236, 238, 241, 240, 242, 243, 245, 248, 245, 249, 247, 249, 246, 250,
    245, 247, 248, 243, 244, 242, 240, 242, 239, 239, 239, 240, 237, 238,
    239, 239, 240, 236, 237, 240, 241, 240, 240, 241, 242, 239, 238, 239,
    240, 241, 241, 239, 241 ]
headPositionsY: [ 79, 78, 74, 73, 76, 73, 77, 73, 79, 76, 76, 78, 76, 77,
    77, 79, 75, 75, 79, 76, 77, 78, 76, 77, 79, 79, 78, 79, 79, 79, 75,
    76, 76, 80, 79, 80, 78, 76, 78, 77, 79, 76, 79, 79, 76, 79, 77, 76,
    75, 76, 80, 78, 78, 79, 75, 78, 77, 75, 81, 78, 80, 77, 80, 79, 79,
    74, 79, 77, 78, 77, 76, 76, 79, 76, 80, 76, 78, 79, 77, 79, 78, 79,
    79, 76, 79, 77, 77, 78, 80, 76, 78, 77, 78, 78, 76, 77, 80, 78, 77,
    75 ]
