%YAML:1.0
---
videoName: "headLookRight1.mp4"
gestureLabel: 204
fps: 29
pixelSizeInCmTemp: 3.3263888888888887e-01
faceCenterPointX: 232
faceCenterPointY: 68
headPositionsX: [ 232, 255, 257, 257, 256, 257, 258, 257, 257, 254, 254,
    256, 253, 259, 258, 256, 257, 253, 258, 256, 258, 255, 253, 257, 257,
    253, 255, 255, 256, 254, 253, 254, 252, 248, 247, 244, 239, 237, 236,
    236, 236, 234, 228, 229, 230, 233, 229, 228, 228, 232, 232, 232, 233,
    231, 234, 235, 231, 236, 233, 232, 230, 230, 233, 232, 231, 231, 231,
    233, 233, 235, 233, 232, 230, 233, 235, 233, 230, 234, 231, 232, 229,
    231, 230, 234, 233, 232, 233, 231, 232, 234, 233, 233, 232, 233, 230,
    230, 232, 233, 232, 230 ]
headPositionsY: [ 67, 65, 68, 68, 70, 69, 69, 66, 68, 68, 70, 69, 66, 68,
    68, 68, 67, 70, 69, 68, 71, 69, 69, 68, 70, 69, 70, 69, 70, 71, 67,
    68, 70, 70, 71, 67, 67, 65, 69, 69, 70, 70, 67, 70, 65, 67, 69, 70,
    68, 66, 67, 70, 71, 68, 67, 67, 69, 70, 68, 68, 68, 66, 67, 69, 67,
    70, 69, 67, 67, 66, 69, 67, 68, 68, 66, 68, 71, 67, 66, 68, 69, 69,
    68, 69, 66, 69, 67, 68, 70, 70, 71, 67, 69, 67, 67, 69, 70, 67, 67,
    66 ]
