%YAML:1.0
---
videoName: "headNod12.mp4"
gestureLabel: 202
fps: 29
pixelSizeInCmTemp: 3.2808219178082193e-01
faceCenterPointX: 254
faceCenterPointY: 69
headPositionsX: [ 255, 255, 253, 253, 253, 253, 253, 252, 253, 256, 257,
    256, 257, 255, 256, 256, 254, 258, 256, 259, 253, 255, 256, 253, 255,
    258, 259, 256, 256, 257, 257, 255, 255, 256, 255, 256, 256, 257, 253,
    252, 252, 255, 257, 252, 254, 257, 256, 254, 256, 255, 256, 256, 255,
    256, 253, 252, 256, 255, 255, 255, 255, 254, 254, 254, 253, 256, 257,
    257, 253, 251, 256, 255, 256, 255, 255, 255, 253, 256, 254, 254, 253,
    256, 255, 256, 256, 253, 253, 255, 252, 253, 255, 253, 255, 254, 253,
    255, 254, 254, 253, 254 ]
headPositionsY: [ 68, 74, 73, 76, 71, 73, 73, 73, 72, 73, 73, 75, 76, 71,
    71, 75, 74, 72, 75, 72, 74, 73, 72, 73, 76, 73, 76, 72, 72, 73, 74,
    74, 72, 72, 72, 72, 72, 66, 65, 62, 62, 64, 65, 61, 64, 65, 70, 71,
    73, 74, 78, 80, 78, 77, 76, 74, 72, 68, 67, 66, 63, 61, 61, 66, 63,
    70, 70, 70, 72, 75, 75, 74, 78, 74, 74, 70, 71, 67, 69, 66, 68, 68,
    66, 67, 66, 67, 67, 74, 73, 75, 72, 75, 75, 74, 74, 69, 72, 71, 71,
    70 ]
