%YAML:1.0
---
videoName: "headNod46.mp4"
gestureLabel: 202
fps: 30
pixelSizeInCmTemp: 2.8511904761904761e-01
faceCenterPointX: 264
faceCenterPointY: 72
headPositionsX: [ 265, 263, 263, 267, 266, 263, 262, 263, 263, 264, 262,
    262, 265, 266, 263, 267, 265, 263, 264, 266, 263, 265, 266, 267, 264,
    268, 267, 267, 265, 269, 268, 265, 266, 261, 263, 264, 260, 261, 262,
    260, 263, 264, 262, 261, 263, 264, 264, 263, 261, 259, 264, 262, 262,
    261, 264, 262, 265, 262, 265, 261, 262, 264, 262, 261, 262, 261, 262,
    263, 264, 265, 263, 266, 266, 263, 264, 265, 266, 263, 264, 265, 267,
    262, 265, 265, 265, 261, 262, 262, 262, 260, 265, 263, 261, 266, 263,
    261, 265, 264, 263, 266 ]
headPositionsY: [ 74, 69, 71, 69, 67, 71, 70, 72, 71, 72, 78, 80, 81, 83,
    85, 89, 90, 87, 88, 85, 82, 76, 75, 69, 68, 70, 72, 70, 72, 74, 80,
    83, 87, 91, 90, 86, 80, 74, 75, 69, 66, 69, 67, 71, 74, 75, 79, 86,
    85, 85, 81, 79, 77, 68, 67, 65, 65, 66, 68, 72, 73, 76, 78, 76, 77,
    75, 73, 69, 71, 66, 70, 71, 70, 76, 77, 76, 74, 75, 71, 72, 69, 70,
    72, 70, 73, 75, 76, 76, 73, 73, 71, 69, 73, 72, 70, 69, 73, 72, 74,
    70 ]
