%YAML:1.0
---
videoName: "headShake31.mp4"
gestureLabel: 201
fps: 29
pixelSizeInCmTemp: 3.2808219178082193e-01
faceCenterPointX: 236
faceCenterPointY: 68
headPositionsX: [ 238, 235, 239, 239, 236, 238, 239, 239, 239, 239, 236,
    236, 236, 239, 235, 235, 239, 237, 238, 234, 236, 238, 237, 235, 234,
    238, 239, 239, 236, 238, 239, 235, 236, 235, 233, 237, 234, 239, 241,
    243, 248, 250, 253, 250, 251, 252, 244, 240, 230, 226, 223, 221, 221,
    224, 230, 235, 239, 243, 248, 247, 248, 244, 242, 238, 235, 229, 227,
    228, 227, 229, 234, 234, 238, 239, 243, 244, 241, 245, 240, 238, 238,
    237, 235, 233, 233, 236, 234, 233, 236, 237, 233, 236, 237, 233, 234,
    238, 233, 234, 238, 236 ]
headPositionsY: [ 68, 67, 68, 67, 66, 66, 66, 66, 69, 67, 67, 68, 67, 66,
    66, 68, 67, 68, 70, 67, 66, 69, 68, 66, 64, 69, 69, 69, 68, 65, 67,
    68, 69, 70, 70, 69, 68, 69, 66, 67, 65, 68, 66, 67, 67, 69, 69, 66,
    69, 65, 67, 68, 67, 72, 71, 71, 68, 70, 70, 71, 70, 69, 68, 67, 70,
    69, 71, 71, 67, 68, 71, 67, 67, 69, 70, 70, 67, 70, 69, 71, 69, 69,
    71, 67, 69, 68, 69, 71, 68, 71, 67, 70, 71, 67, 66, 69, 68, 71, 72,
    69 ]
