%YAML:1.0
---
videoName: "headNod23.mp4"
gestureLabel: 202
fps: 29
pixelSizeInCmTemp: 3.1933333333333330e-01
faceCenterPointX: 273
faceCenterPointY: 75
headPositionsX: [ 275, 274, 275, 273, 273, 276, 276, 276, 272, 275, 273,
    277, 276, 274, 273, 276, 274, 276, 273, 274, 273, 274, 275, 274, 271,
    273, 272, 276, 275, 275, 274, 275, 274, 277, 275, 277, 276, 275, 274,
    273, 272, 272, 271, 271, 272, 275, 270, 273, 272, 275, 272, 274, 274,
    272, 274, 272, 275, 276, 272, 272, 276, 276, 272, 275, 273, 271, 275,
    272, 277, 272, 273, 276, 274, 274, 273, 272, 273, 272, 271, 273, 275,
    274, 272, 274, 275, 276, 276, 274, 272, 275, 272, 273, 272, 274, 273,
    274, 274, 272, 273, 272 ]
headPositionsY: [ 76, 77, 78, 76, 78, 78, 78, 78, 75, 76, 74, 78, 77, 75,
    77, 76, 76, 78, 74, 78, 77, 78, 78, 74, 73, 71, 68, 70, 66, 65, 62,
    64, 67, 64, 69, 70, 74, 78, 78, 82, 84, 81, 83, 80, 75, 76, 72, 71,
    68, 67, 66, 69, 70, 72, 71, 73, 77, 77, 76, 77, 79, 74, 74, 72, 69,
    70, 69, 71, 69, 72, 72, 75, 75, 78, 80, 77, 81, 78, 76, 79, 76, 76,
    74, 75, 76, 72, 75, 73, 74, 75, 74, 73, 75, 77, 77, 77, 77, 77, 74,
    76 ]
