%YAML:1.0
---
videoName: "headNod27.mp4"
gestureLabel: 202
fps: 29
pixelSizeInCmTemp: 3.0705128205128202e-01
faceCenterPointX: 271
faceCenterPointY: 77
headPositionsX: [ 269, 270, 273, 270, 270, 274, 270, 270, 273, 274, 272,
    273, 271, 272, 272, 273, 272, 269, 274, 271, 273, 274, 271, 271, 271,
    274, 274, 273, 271, 273, 271, 272, 273, 273, 271, 268, 270, 270, 268,
    269, 270, 268, 268, 269, 272, 272, 271, 269, 268, 269, 270, 268, 269,
    268, 268, 272, 268, 272, 268, 269, 270, 272, 270, 270, 269, 267, 265,
    267, 268, 268, 270, 270, 267, 269, 267, 271, 268, 268, 270, 267, 269,
    270, 271, 266, 270, 272, 271, 268, 271, 272, 269, 271, 272, 269, 268,
    269, 269, 271, 269, 270 ]
headPositionsY: [ 78, 72, 74, 73, 71, 71, 73, 72, 72, 74, 73, 72, 75, 73,
    75, 73, 73, 73, 73, 73, 71, 70, 70, 64, 63, 64, 62, 64, 65, 69, 70,
    78, 79, 83, 86, 81, 83, 78, 73, 70, 69, 70, 66, 68, 69, 72, 74, 78,
    81, 81, 81, 78, 72, 74, 71, 71, 73, 69, 74, 74, 78, 79, 83, 81, 83,
    76, 76, 74, 71, 72, 70, 72, 76, 77, 78, 77, 79, 79, 76, 73, 74, 70,
    73, 71, 73, 72, 74, 75, 78, 80, 78, 80, 78, 77, 76, 79, 74, 76, 75,
    78 ]
