%YAML:1.0
---
videoName: "headShake12.mp4"
gestureLabel: 201
fps: 29
pixelSizeInCmTemp: 3.2808219178082193e-01
faceCenterPointX: 241
faceCenterPointY: 76
headPositionsX: [ 239, 240, 240, 241, 244, 243, 244, 244, 241, 240, 245,
    242, 242, 240, 243, 240, 243, 241, 242, 240, 239, 244, 243, 243, 241,
    243, 243, 240, 243, 242, 240, 241, 243, 244, 239, 243, 242, 240, 240,
    242, 243, 241, 239, 242, 240, 243, 244, 239, 244, 240, 241, 241, 239,
    240, 242, 242, 243, 241, 245, 245, 249, 253, 256, 257, 256, 260, 258,
    252, 249, 240, 238, 235, 229, 231, 236, 239, 247, 248, 250, 254, 252,
    250, 246, 244, 240, 238, 235, 239, 238, 238, 240, 240, 237, 239, 240,
    239, 237, 238, 238, 238 ]
headPositionsY: [ 76, 72, 74, 70, 75, 73, 72, 75, 75, 75, 75, 72, 72, 71,
    75, 75, 72, 73, 76, 75, 74, 71, 76, 73, 72, 73, 73, 76, 76, 72, 76,
    71, 76, 75, 73, 72, 76, 73, 73, 76, 73, 73, 72, 76, 73, 73, 72, 73,
    72, 73, 72, 76, 75, 75, 75, 73, 75, 74, 76, 72, 75, 72, 75, 73, 75,
    74, 73, 74, 76, 78, 76, 76, 76, 76, 74, 77, 76, 77, 77, 75, 74, 73,
    74, 79, 76, 75, 73, 74, 76, 75, 75, 75, 77, 78, 76, 77, 75, 75, 75,
    74 ]
