%YAML:1.0
---
videoName: "headNod42.mp4"
gestureLabel: 202
fps: 30
pixelSizeInCmTemp: 3.0316455696202532e-01
faceCenterPointX: 265
faceCenterPointY: 77
headPositionsX: [ 267, 268, 267, 270, 269, 269, 270, 271, 269, 271, 270,
    266, 266, 270, 268, 269, 271, 267, 271, 269, 266, 271, 267, 266, 270,
    270, 266, 267, 263, 268, 265, 265, 264, 266, 268, 267, 265, 266, 265,
    266, 267, 266, 264, 266, 267, 264, 264, 265, 265, 264, 266, 266, 266,
    262, 264, 263, 265, 267, 264, 265, 264, 264, 263, 263, 267, 267, 267,
    263, 266, 265, 266, 264, 268, 266, 265, 266, 264, 265, 268, 264, 268,
    266, 266, 268, 267, 268, 267, 265, 265, 267, 266, 267, 265, 266, 267,
    266, 266, 264, 267, 267 ]
headPositionsY: [ 77, 73, 74, 76, 77, 74, 75, 78, 77, 76, 78, 75, 74, 75,
    74, 71, 67, 64, 65, 65, 66, 69, 69, 74, 79, 83, 90, 92, 89, 89, 89,
    86, 80, 77, 76, 70, 69, 68, 70, 70, 74, 78, 83, 84, 84, 82, 78, 80,
    76, 71, 72, 73, 73, 72, 72, 79, 80, 83, 83, 84, 82, 84, 78, 76, 75,
    74, 75, 73, 76, 77, 73, 81, 82, 81, 82, 81, 78, 76, 77, 75, 76, 75,
    76, 79, 78, 81, 80, 82, 82, 82, 82, 80, 77, 76, 80, 75, 80, 77, 78,
    78 ]
