%YAML:1.0
---
videoName: "headShake38.mp4"
gestureLabel: 201
fps: 29
pixelSizeInCmTemp: 3.2808219178082193e-01
faceCenterPointX: 259
faceCenterPointY: 84
headPositionsX: [ 259, 263, 261, 265, 264, 265, 262, 264, 266, 264, 265,
    265, 263, 261, 265, 261, 263, 266, 263, 261, 266, 265, 264, 261, 264,
    264, 262, 261, 265, 260, 263, 264, 262, 265, 260, 264, 260, 262, 261,
    262, 262, 263, 261, 255, 253, 250, 248, 245, 246, 253, 260, 266, 273,
    278, 279, 276, 269, 263, 254, 250, 249, 251, 254, 262, 269, 272, 270,
    270, 268, 261, 254, 248, 245, 248, 248, 252, 258, 263, 265, 269, 270,
    267, 269, 264, 263, 262, 261, 259, 263, 258, 262, 259, 261, 260, 263,
    257, 259, 259, 260, 262 ]
headPositionsY: [ 86, 82, 82, 82, 83, 85, 84, 85, 85, 81, 84, 82, 83, 81,
    85, 83, 84, 85, 85, 86, 83, 83, 86, 83, 84, 84, 85, 83, 86, 85, 83,
    81, 81, 86, 82, 83, 83, 83, 84, 82, 84, 83, 83, 85, 82, 82, 82, 84,
    85, 85, 82, 82, 81, 81, 84, 83, 86, 84, 86, 86, 84, 83, 84, 86, 85,
    82, 84, 82, 82, 82, 84, 80, 83, 81, 84, 85, 84, 86, 82, 81, 83, 83,
    85, 86, 86, 85, 87, 84, 86, 84, 86, 83, 85, 86, 85, 86, 85, 83, 84,
    85 ]
