%YAML:1.0
---
videoName: "headShake17.mp4"
gestureLabel: 201
fps: 29
pixelSizeInCmTemp: 3.3263888888888887e-01
faceCenterPointX: 242
faceCenterPointY: 76
headPositionsX: [ 242, 240, 238, 237, 236, 240, 241, 244, 247, 246, 251,
    254, 258, 256, 259, 256, 255, 250, 247, 238, 238, 233, 229, 228, 227,
    225, 228, 230, 235, 242, 245, 246, 251, 250, 251, 251, 253, 251, 249,
    247, 244, 240, 239, 234, 232, 230, 233, 231, 235, 234, 238, 239, 240,
    243, 242, 243, 244, 243, 246, 241, 242, 242, 242, 239, 241, 239, 240,
    241, 239, 242, 237, 240, 239, 242, 238, 243, 242, 241, 240, 239, 239,
    240, 242, 240, 241, 239, 239, 241, 241, 243, 243, 241, 239, 240, 242,
    239, 243, 242, 239, 242 ]
headPositionsY: [ 75, 78, 77, 79, 75, 74, 74, 76, 76, 76, 74, 72, 74, 77,
    74, 78, 75, 76, 78, 76, 75, 77, 77, 76, 76, 75, 76, 79, 77, 79, 74,
    74, 78, 76, 76, 74, 73, 74, 76, 79, 75, 75, 79, 75, 78, 75, 77, 75,
    75, 75, 75, 77, 79, 75, 76, 79, 75, 76, 76, 77, 74, 78, 76, 74, 74,
    78, 78, 76, 75, 78, 78, 78, 74, 74, 74, 74, 76, 77, 79, 75, 75, 77,
    79, 74, 76, 73, 78, 75, 78, 75, 77, 78, 76, 76, 75, 77, 76, 75, 75,
    76 ]
