%YAML:1.0
---
videoName: "headShake15.mp4"
gestureLabel: 201
fps: 29
pixelSizeInCmTemp: 3.3263888888888887e-01
faceCenterPointX: 243
faceCenterPointY: 76
headPositionsX: [ 244, 244, 241, 244, 243, 242, 243, 243, 241, 246, 244,
    243, 243, 243, 243, 241, 243, 244, 243, 245, 244, 242, 241, 242, 242,
    244, 244, 241, 242, 243, 245, 243, 243, 244, 245, 245, 242, 244, 242,
    245, 245, 242, 244, 243, 241, 242, 242, 241, 244, 245, 245, 241, 241,
    243, 244, 240, 242, 241, 244, 244, 243, 241, 246, 247, 250, 254, 254,
    257, 257, 260, 256, 254, 248, 246, 243, 237, 237, 236, 239, 237, 240,
    241, 245, 245, 246, 248, 248, 246, 245, 245, 244, 242, 240, 240, 241,
    242, 241, 245, 241, 245 ]
headPositionsY: [ 76, 73, 76, 74, 77, 75, 77, 75, 73, 76, 76, 77, 74, 75,
    72, 74, 76, 74, 74, 75, 77, 74, 74, 75, 76, 74, 74, 77, 77, 77, 76,
    73, 73, 72, 77, 73, 75, 77, 76, 73, 77, 75, 77, 77, 76, 78, 74, 73,
    76, 73, 77, 76, 74, 74, 78, 74, 76, 75, 74, 76, 78, 77, 78, 78, 74,
    72, 71, 74, 73, 73, 75, 73, 74, 74, 75, 76, 78, 74, 78, 78, 76, 77,
    77, 77, 77, 76, 77, 75, 75, 76, 78, 77, 75, 75, 78, 75, 75, 75, 78,
    77 ]
