%YAML:1.0
---
videoName: "headNod22.mp4"
gestureLabel: 202
fps: 29
pixelSizeInCmTemp: 3.1513157894736843e-01
faceCenterPointX: 252
faceCenterPointY: 80
headPositionsX: [ 251, 252, 253, 254, 252, 254, 250, 256, 253, 253, 251,
    253, 255, 252, 253, 254, 254, 253, 254, 252, 254, 254, 255, 253, 254,
    253, 252, 253, 255, 252, 254, 254, 252, 254, 255, 257, 255, 253, 254,
    255, 254, 254, 253, 252, 251, 251, 251, 255, 252, 251, 254, 251, 254,
    250, 251, 250, 253, 249, 253, 255, 251, 252, 253, 253, 252, 253, 253,
    254, 251, 253, 253, 252, 254, 251, 254, 251, 253, 250, 253, 253, 253,
    252, 251, 253, 251, 255, 252, 251, 251, 252, 252, 251, 253, 251, 252,
    251, 250, 250, 250, 252 ]
headPositionsY: [ 81, 80, 80, 80, 78, 76, 76, 78, 79, 80, 77, 78, 80, 77,
    76, 76, 77, 80, 78, 79, 76, 80, 82, 79, 79, 83, 84, 83, 79, 78, 74,
    76, 73, 73, 72, 71, 76, 79, 81, 83, 87, 84, 81, 78, 75, 72, 71, 73,
    71, 72, 78, 81, 83, 82, 86, 85, 80, 79, 74, 72, 72, 71, 74, 72, 77,
    78, 82, 78, 77, 76, 78, 77, 73, 76, 79, 80, 81, 79, 79, 81, 78, 77,
    73, 78, 77, 81, 80, 79, 82, 80, 80, 80, 76, 77, 78, 79, 83, 82, 81,
    77 ]
