%YAML:1.0
---
videoName: "headLookLeft9.mp4"
gestureLabel: 203
fps: 30
pixelSizeInCmTemp: 3.2364864864864862e-01
faceCenterPointX: 273
faceCenterPointY: 69
headPositionsX: [ 271, 248, 246, 246, 249, 248, 248, 248, 244, 248, 248,
    245, 244, 247, 246, 246, 246, 248, 245, 247, 246, 247, 245, 243, 244,
    246, 247, 246, 245, 243, 247, 247, 247, 250, 252, 250, 254, 258, 257,
    260, 263, 263, 266, 270, 266, 269, 272, 269, 272, 271, 272, 271, 273,
    269, 274, 269, 274, 272, 273, 273, 273, 271, 272, 272, 271, 271, 271,
    273, 274, 272, 272, 271, 274, 270, 275, 274, 273, 270, 270, 269, 269,
    269, 271, 271, 272, 269, 270, 272, 273, 269, 273, 271, 270, 271, 269,
    276, 270, 272, 272, 268 ]
headPositionsY: [ 67, 70, 72, 71, 69, 68, 72, 70, 71, 70, 72, 71, 68, 72,
    68, 70, 73, 71, 72, 69, 70, 70, 73, 70, 69, 69, 69, 72, 73, 70, 71,
    70, 71, 69, 72, 69, 67, 68, 67, 66, 68, 67, 68, 67, 69, 66, 69, 68,
    69, 67, 69, 64, 68, 68, 68, 67, 67, 66, 70, 69, 67, 68, 67, 67, 66,
    71, 66, 69, 70, 69, 65, 69, 70, 72, 72, 66, 69, 69, 65, 68, 70, 69,
    65, 67, 70, 65, 70, 68, 70, 69, 70, 68, 66, 69, 67, 66, 70, 67, 68,
    70 ]
