%YAML:1.0
---
videoName: "headShake2.mp4"
gestureLabel: 201
fps: 29
pixelSizeInCmTemp: 3.4214285714285714e-01
faceCenterPointX: 276
faceCenterPointY: 98
headPositionsX: [ 278, 276, 276, 279, 280, 276, 277, 279, 276, 279, 279,
    276, 277, 276, 278, 275, 275, 278, 278, 275, 279, 278, 278, 279, 277,
    276, 279, 277, 279, 280, 278, 277, 276, 275, 277, 275, 278, 278, 279,
    276, 275, 278, 280, 282, 286, 287, 292, 294, 293, 295, 290, 286, 285,
    276, 271, 268, 264, 263, 267, 268, 273, 276, 284, 289, 290, 290, 291,
    287, 282, 282, 276, 271, 270, 270, 267, 270, 273, 278, 284, 288, 286,
    284, 286, 286, 284, 280, 279, 279, 279, 277, 274, 273, 276, 274, 275,
    275, 273, 277, 275, 276 ]
headPositionsY: [ 96, 100, 98, 98, 97, 96, 96, 100, 97, 99, 99, 97, 100,
    96, 100, 100, 98, 101, 97, 98, 100, 100, 97, 99, 99, 98, 100, 96,
    102, 98, 97, 98, 100, 98, 100, 102, 96, 101, 97, 99, 100, 98, 96, 99,
    97, 98, 98, 98, 98, 95, 96, 99, 99, 98, 98, 96, 97, 99, 98, 95, 98,
    98, 98, 99, 96, 94, 99, 98, 98, 99, 96, 96, 98, 99, 98, 100, 96, 101,
    99, 100, 96, 99, 99, 98, 100, 100, 99, 99, 98, 101, 101, 99, 99, 102,
    100, 97, 98, 101, 100, 101 ]
