%YAML:1.0
---
videoName: "headLookUp4.mp4"
gestureLabel: 205
fps: 30
pixelSizeInCmTemp: 3.6846153846153845e-01
faceCenterPointX: 256
faceCenterPointY: 68
headPositionsX: [ 258, 256, 254, 257, 254, 255, 256, 259, 255, 257, 254,
    257, 259, 254, 256, 257, 257, 255, 259, 256, 258, 258, 254, 255, 256,
    255, 256, 258, 256, 257, 258, 255, 253, 255, 255, 257, 254, 257, 254,
    255, 256, 256, 256, 257, 254, 258, 255, 255, 258, 253, 254, 256, 257,
    254, 257, 258, 254, 257, 254, 255, 254, 254, 254, 255, 257, 258, 255,
    255, 256, 257, 255, 254, 257, 256, 254, 256, 254, 255, 253, 256, 256,
    256, 255, 255, 255, 256, 257, 253, 257, 254, 258, 257, 258, 253, 259,
    254, 255, 256, 257, 255 ]
headPositionsY: [ 70, 83, 81, 84, 84, 82, 82, 84, 84, 81, 84, 81, 84, 84,
    82, 82, 81, 82, 80, 84, 80, 80, 80, 82, 78, 76, 78, 74, 72, 69, 71,
    67, 67, 68, 71, 66, 65, 68, 70, 68, 68, 72, 70, 67, 67, 69, 70, 70,
    67, 65, 70, 70, 69, 69, 69, 71, 70, 68, 69, 72, 68, 68, 67, 68, 68,
    68, 71, 71, 68, 71, 69, 70, 71, 68, 66, 67, 68, 70, 66, 68, 68, 70,
    70, 70, 69, 67, 72, 66, 68, 68, 69, 71, 70, 68, 68, 66, 70, 69, 68,
    72 ]
