%YAML:1.0
---
videoName: "headShake12.mp4"
gestureLabel: 201
fps: 29
pixelSizeInCmTemp: 3.2808219178082193e-01
faceCenterPointX: 241
faceCenterPointY: 76
headPositionsX: [ 242, 242, 239, 243, 242, 241, 243, 241, 241, 240, 242,
    242, 242, 244, 242, 243, 242, 240, 244, 240, 240, 242, 241, 242, 242,
    243, 242, 243, 243, 239, 241, 243, 240, 240, 240, 244, 240, 241, 241,
    240, 242, 239, 239, 243, 244, 239, 240, 241, 241, 244, 240, 241, 239,
    240, 239, 243, 243, 243, 243, 244, 246, 250, 252, 258, 259, 258, 255,
    254, 247, 243, 235, 231, 229, 233, 238, 242, 244, 248, 252, 256, 253,
    249, 250, 243, 243, 241, 238, 239, 238, 238, 236, 236, 239, 239, 239,
    238, 241, 241, 242, 242 ]
headPositionsY: [ 74, 73, 74, 71, 75, 74, 76, 71, 75, 74, 72, 75, 76, 74,
    76, 74, 73, 71, 75, 74, 72, 75, 76, 73, 71, 77, 76, 75, 72, 72, 72,
    73, 76, 73, 74, 74, 72, 72, 75, 75, 72, 74, 75, 74, 76, 74, 73, 75,
    75, 77, 76, 72, 74, 74, 73, 72, 72, 73, 73, 75, 71, 74, 71, 73, 75,
    74, 75, 72, 75, 75, 75, 75, 75, 77, 78, 74, 77, 77, 73, 77, 74, 75,
    75, 77, 75, 75, 73, 75, 75, 75, 76, 76, 75, 75, 77, 75, 76, 75, 78,
    78 ]
