%YAML:1.0
---
videoName: "headNod35.mp4"
gestureLabel: 202
fps: 30
pixelSizeInCmTemp: 2.9937500000000000e-01
faceCenterPointX: 268
faceCenterPointY: 78
headPositionsX: [ 268, 268, 266, 269, 267, 271, 270, 272, 269, 270, 268,
    272, 272, 269, 272, 268, 272, 269, 271, 272, 267, 267, 272, 272, 268,
    272, 269, 271, 270, 273, 269, 272, 271, 271, 271, 268, 270, 269, 268,
    267, 267, 268, 268, 265, 269, 269, 266, 270, 269, 271, 270, 269, 269,
    267, 270, 268, 267, 269, 270, 267, 268, 266, 267, 269, 268, 267, 269,
    270, 270, 270, 271, 267, 268, 269, 266, 270, 267, 271, 269, 271, 266,
    270, 266, 270, 266, 265, 266, 268, 267, 268, 268, 267, 266, 266, 267,
    266, 267, 268, 266, 266 ]
headPositionsY: [ 78, 74, 76, 76, 73, 77, 75, 78, 76, 76, 76, 78, 79, 77,
    75, 77, 78, 77, 75, 75, 76, 78, 78, 79, 75, 77, 74, 73, 68, 69, 67,
    66, 70, 72, 72, 74, 78, 85, 87, 90, 93, 89, 89, 83, 82, 78, 73, 76,
    72, 73, 76, 79, 86, 88, 88, 91, 87, 86, 80, 79, 73, 73, 72, 71, 71,
    77, 78, 82, 85, 88, 84, 85, 80, 77, 74, 76, 75, 76, 76, 79, 81, 81,
    89, 85, 85, 84, 84, 83, 79, 82, 79, 80, 80, 79, 80, 76, 79, 78, 77,
    80 ]
