%YAML:1.0
---
videoName: "headShake48.mp4"
gestureLabel: 201
fps: 29
pixelSizeInCmTemp: 3.1103896103896100e-01
faceCenterPointX: 258
faceCenterPointY: 85
headPositionsX: [ 259, 261, 262, 260, 260, 259, 261, 260, 261, 258, 259,
    262, 261, 258, 261, 258, 259, 258, 260, 261, 259, 258, 260, 257, 261,
    257, 258, 257, 260, 259, 259, 257, 256, 261, 258, 265, 267, 267, 270,
    272, 277, 273, 269, 265, 262, 255, 250, 246, 244, 249, 252, 259, 265,
    266, 267, 268, 262, 259, 253, 251, 249, 251, 254, 259, 260, 263, 267,
    266, 264, 262, 256, 252, 250, 249, 247, 253, 256, 261, 264, 267, 265,
    265, 264, 263, 262, 260, 261, 262, 258, 258, 259, 259, 260, 256, 260,
    258, 260, 260, 260, 258 ]
headPositionsY: [ 85, 81, 78, 79, 76, 77, 78, 80, 78, 79, 79, 81, 82, 79,
    79, 78, 80, 82, 83, 81, 81, 82, 83, 79, 80, 80, 82, 83, 80, 82, 84,
    81, 80, 79, 84, 82, 83, 80, 84, 83, 80, 85, 83, 84, 82, 85, 83, 82,
    83, 86, 82, 85, 88, 86, 87, 84, 83, 88, 87, 84, 88, 86, 83, 85, 88,
    88, 83, 88, 89, 87, 86, 86, 88, 86, 86, 86, 85, 84, 86, 86, 87, 88,
    86, 84, 87, 86, 85, 84, 89, 87, 85, 85, 86, 85, 85, 85, 85, 84, 86,
    87 ]
