%YAML:1.0
---
videoName: "headNod35.mp4"
gestureLabel: 202
fps: 30
pixelSizeInCmTemp: 2.9937500000000000e-01
faceCenterPointX: 268
faceCenterPointY: 78
headPositionsX: [ 270, 265, 269, 269, 268, 267, 268, 272, 269, 269, 271,
    271, 271, 270, 268, 271, 272, 270, 271, 271, 271, 271, 270, 268, 267,
    272, 268, 267, 272, 269, 270, 270, 270, 269, 271, 272, 270, 268, 266,
    266, 270, 269, 265, 266, 268, 269, 268, 271, 270, 270, 270, 271, 269,
    267, 270, 270, 271, 269, 270, 268, 269, 267, 270, 267, 270, 268, 268,
    266, 271, 270, 268, 271, 266, 268, 267, 266, 267, 271, 269, 269, 269,
    266, 265, 269, 267, 266, 268, 269, 265, 267, 268, 269, 265, 266, 266,
    268, 269, 269, 268, 267 ]
headPositionsY: [ 78, 77, 75, 74, 73, 74, 75, 77, 75, 77, 74, 75, 76, 77,
    75, 78, 78, 74, 74, 75, 78, 78, 76, 78, 77, 76, 74, 70, 70, 71, 68,
    66, 70, 69, 70, 78, 79, 83, 90, 92, 94, 89, 87, 85, 80, 76, 75, 73,
    73, 74, 78, 78, 85, 87, 91, 88, 87, 84, 79, 80, 76, 70, 72, 71, 73,
    77, 78, 80, 83, 86, 86, 85, 81, 77, 75, 76, 72, 75, 74, 78, 82, 83,
    86, 89, 87, 83, 82, 84, 79, 79, 81, 82, 80, 77, 78, 76, 79, 77, 77,
    77 ]
