%YAML:1.0
---
videoName: "headLookLeft4.mp4"
gestureLabel: 203
fps: 29
pixelSizeInCmTemp: 3.4710144927536229e-01
faceCenterPointX: 288
faceCenterPointY: 74
headPositionsX: [ 289, 262, 264, 266, 265, 266, 270, 270, 272, 271, 278,
    281, 280, 285, 287, 290, 294, 292, 296, 298, 298, 294, 296, 295, 292,
    297, 293, 296, 298, 293, 293, 295, 292, 293, 294, 295, 296, 295, 294,
    293, 292, 290, 295, 297, 294, 288, 287, 293, 290, 290, 290, 292, 289,
    292, 291, 288, 291, 292, 286, 288, 287, 291, 290, 287, 290, 294, 289,
    290, 287, 289, 286, 293, 288, 294, 290, 292, 294, 286, 291, 289, 293,
    291, 291, 291, 290, 292, 291, 290, 294, 292, 292, 291, 290, 290, 289,
    289, 288, 287, 288, 289 ]
headPositionsY: [ 73, 78, 82, 79, 78, 81, 79, 80, 79, 77, 80, 79, 79, 76,
    79, 77, 77, 79, 75, 82, 75, 79, 74, 78, 73, 75, 76, 77, 78, 79, 76,
    78, 80, 74, 73, 77, 80, 76, 75, 78, 76, 74, 72, 74, 73, 75, 74, 74,
    76, 74, 72, 74, 74, 73, 74, 75, 73, 75, 75, 75, 74, 77, 76, 75, 75,
    77, 72, 74, 76, 76, 75, 73, 73, 76, 74, 74, 76, 74, 75, 73, 75, 74,
    77, 76, 76, 74, 76, 75, 73, 73, 76, 73, 74, 73, 74, 72, 76, 73, 76,
    76 ]
