%YAML:1.0
---
videoName: "headLookUp0.mp4"
gestureLabel: 205
fps: 29
pixelSizeInCmTemp: 3.6846153846153845e-01
faceCenterPointX: 258
faceCenterPointY: 66
headPositionsX: [ 259, 258, 261, 261, 258, 261, 257, 258, 262, 260, 260,
    262, 257, 259, 259, 261, 261, 260, 260, 262, 260, 260, 258, 259, 260,
    260, 260, 259, 257, 260, 257, 259, 258, 258, 258, 259, 258, 258, 259,
    256, 260, 257, 259, 255, 257, 259, 256, 258, 259, 255, 257, 259, 259,
    258, 256, 260, 258, 259, 258, 256, 259, 259, 257, 257, 261, 258, 259,
    259, 260, 257, 261, 259, 260, 257, 261, 258, 260, 257, 256, 256, 258,
    257, 257, 261, 257, 256, 257, 255, 259, 259, 259, 258, 255, 256, 260,
    260, 257, 256, 256, 259 ]
headPositionsY: [ 64, 81, 80, 80, 79, 83, 83, 83, 83, 80, 80, 80, 79, 77,
    78, 77, 77, 77, 76, 72, 71, 73, 70, 68, 68, 67, 66, 65, 65, 68, 68,
    65, 67, 67, 68, 64, 64, 67, 66, 65, 66, 68, 66, 67, 67, 68, 66, 65,
    69, 68, 66, 65, 66, 68, 69, 69, 68, 68, 67, 65, 65, 69, 66, 69, 69,
    66, 69, 67, 68, 64, 63, 69, 67, 68, 67, 67, 65, 69, 67, 68, 68, 68,
    66, 67, 67, 69, 70, 70, 68, 69, 70, 66, 69, 69, 68, 65, 68, 65, 67,
    67 ]
