%YAML:1.0
---
videoName: "headShake15.mp4"
gestureLabel: 201
fps: 29
pixelSizeInCmTemp: 3.3263888888888887e-01
faceCenterPointX: 243
faceCenterPointY: 76
headPositionsX: [ 244, 242, 242, 245, 242, 242, 245, 243, 242, 245, 245,
    245, 241, 245, 245, 242, 243, 241, 241, 243, 242, 243, 242, 241, 241,
    244, 241, 242, 241, 242, 241, 242, 243, 243, 242, 245, 241, 241, 240,
    243, 242, 240, 243, 243, 244, 243, 243, 240, 244, 242, 245, 244, 243,
    241, 243, 243, 241, 245, 243, 244, 240, 245, 243, 246, 249, 253, 256,
    260, 259, 256, 255, 253, 252, 246, 243, 238, 238, 237, 237, 239, 240,
    241, 242, 248, 246, 246, 244, 243, 243, 243, 241, 240, 241, 242, 244,
    244, 245, 241, 242, 246 ]
headPositionsY: [ 78, 76, 77, 76, 78, 77, 73, 76, 75, 74, 76, 76, 73, 75,
    72, 75, 76, 77, 75, 73, 75, 76, 78, 77, 75, 74, 73, 75, 75, 73, 74,
    74, 76, 76, 75, 75, 78, 77, 75, 73, 74, 74, 74, 76, 75, 75, 76, 74,
    77, 76, 76, 77, 74, 75, 78, 73, 76, 78, 74, 78, 74, 75, 76, 78, 74,
    76, 73, 75, 73, 76, 73, 74, 76, 74, 79, 78, 78, 73, 74, 75, 78, 77,
    75, 76, 76, 74, 77, 74, 76, 75, 77, 76, 75, 76, 78, 76, 76, 76, 75,
    75 ]
