%YAML:1.0
---
videoName: "headNod4.mp4"
gestureLabel: 202
fps: 29
pixelSizeInCmTemp: 3.2808219178082193e-01
faceCenterPointX: 264
faceCenterPointY: 72
headPositionsX: [ 263, 269, 270, 272, 268, 268, 269, 267, 269, 269, 267,
    268, 270, 268, 268, 268, 267, 268, 270, 268, 266, 267, 266, 266, 267,
    267, 268, 269, 269, 268, 265, 265, 269, 267, 267, 268, 266, 266, 266,
    267, 267, 266, 268, 266, 269, 268, 266, 269, 266, 267, 267, 269, 267,
    267, 266, 266, 267, 266, 267, 265, 266, 268, 267, 265, 265, 264, 265,
    264, 265, 266, 265, 266, 263, 264, 263, 264, 263, 266, 266, 267, 266,
    263, 265, 265, 267, 267, 265, 264, 266, 266, 262, 264, 263, 263, 266,
    265, 264, 265, 264, 263 ]
headPositionsY: [ 74, 75, 75, 77, 75, 72, 72, 73, 75, 73, 72, 73, 74, 72,
    76, 73, 73, 76, 76, 73, 72, 74, 75, 77, 71, 76, 74, 75, 73, 75, 75,
    72, 75, 76, 73, 75, 73, 73, 74, 74, 74, 75, 76, 74, 70, 67, 66, 64,
    66, 63, 68, 70, 73, 74, 79, 80, 82, 81, 79, 79, 72, 74, 69, 67, 71,
    73, 75, 74, 82, 81, 83, 82, 83, 80, 73, 71, 68, 70, 68, 66, 71, 69,
    75, 76, 77, 81, 82, 85, 83, 84, 80, 82, 81, 79, 75, 78, 77, 75, 72,
    74 ]
