%YAML:1.0
---
videoName: "headShake18.mp4"
gestureLabel: 201
fps: 30
pixelSizeInCmTemp: 3.2808219178082193e-01
faceCenterPointX: 240
faceCenterPointY: 77
headPositionsX: [ 240, 243, 240, 240, 241, 241, 241, 242, 242, 243, 241,
    242, 241, 239, 243, 238, 240, 240, 242, 242, 243, 240, 239, 241, 241,
    240, 240, 242, 240, 239, 242, 237, 238, 241, 239, 243, 243, 248, 247,
    250, 250, 254, 250, 250, 247, 242, 239, 236, 230, 230, 228, 230, 237,
    241, 243, 246, 251, 248, 246, 244, 243, 241, 238, 236, 235, 234, 235,
    236, 237, 241, 244, 243, 246, 247, 245, 241, 241, 237, 236, 235, 236,
    236, 236, 238, 237, 242, 242, 241, 241, 244, 240, 239, 244, 239, 238,
    240, 239, 239, 238, 241 ]
headPositionsY: [ 79, 75, 77, 75, 77, 77, 75, 76, 75, 79, 75, 76, 76, 77,
    76, 78, 74, 78, 76, 77, 77, 76, 75, 75, 74, 75, 73, 78, 74, 78, 76,
    75, 75, 77, 75, 76, 74, 76, 78, 78, 78, 73, 77, 75, 77, 75, 76, 79,
    75, 77, 73, 77, 77, 78, 76, 75, 77, 77, 76, 79, 75, 74, 75, 78, 78,
    77, 78, 75, 77, 76, 77, 78, 76, 77, 78, 78, 79, 79, 79, 77, 75, 76,
    75, 79, 75, 75, 75, 77, 78, 79, 77, 75, 80, 76, 75, 77, 75, 79, 75,
    77 ]
