%YAML:1.0
---
videoName: "headLookUp8.mp4"
gestureLabel: 205
fps: 29
pixelSizeInCmTemp: 3.4214285714285714e-01
faceCenterPointX: 253
faceCenterPointY: 59
headPositionsX: [ 251, 251, 251, 255, 254, 255, 253, 254, 252, 254, 254,
    254, 250, 254, 252, 253, 252, 251, 250, 251, 253, 253, 252, 250, 251,
    254, 251, 252, 251, 251, 255, 254, 251, 251, 250, 253, 250, 250, 251,
    253, 252, 252, 252, 252, 254, 251, 251, 252, 252, 250, 254, 253, 253,
    254, 254, 251, 254, 250, 253, 252, 251, 253, 251, 252, 255, 254, 254,
    254, 253, 253, 252, 251, 253, 252, 251, 255, 253, 255, 255, 255, 255,
    252, 255, 250, 250, 253, 251, 251, 253, 253, 253, 253, 254, 255, 252,
    251, 251, 252, 254, 254 ]
headPositionsY: [ 60, 77, 74, 78, 74, 75, 78, 77, 78, 76, 74, 75, 73, 74,
    76, 72, 72, 69, 71, 69, 71, 68, 68, 69, 64, 67, 68, 65, 61, 61, 62,
    62, 62, 61, 62, 60, 63, 59, 59, 57, 57, 59, 59, 57, 59, 60, 58, 59,
    59, 60, 60, 58, 57, 59, 61, 58, 58, 58, 60, 58, 56, 60, 58, 57, 59,
    60, 59, 60, 60, 57, 60, 60, 56, 61, 59, 57, 60, 59, 59, 61, 59, 59,
    57, 58, 61, 59, 57, 58, 61, 61, 61, 60, 58, 57, 57, 57, 58, 60, 61,
    61 ]
