%YAML:1.0
---
videoName: "headLookLeft1.mp4"
gestureLabel: 203
fps: 30
pixelSizeInCmTemp: 3.6287878787878786e-01
faceCenterPointX: 276
faceCenterPointY: 73
headPositionsX: [ 278, 257, 258, 254, 258, 258, 257, 258, 256, 254, 256,
    258, 255, 254, 255, 257, 254, 256, 257, 254, 259, 255, 258, 258, 254,
    254, 258, 258, 259, 254, 257, 257, 257, 258, 255, 258, 256, 255, 255,
    255, 255, 259, 257, 258, 257, 255, 254, 256, 253, 257, 254, 256, 255,
    253, 256, 257, 255, 257, 256, 259, 262, 261, 263, 267, 266, 270, 271,
    273, 272, 273, 279, 276, 273, 274, 270, 278, 280, 278, 274, 277, 279,
    276, 277, 280, 279, 278, 274, 279, 278, 276, 277, 280, 278, 275, 274,
    274, 276, 278, 276, 274 ]
headPositionsY: [ 73, 75, 76, 74, 73, 76, 76, 76, 74, 76, 77, 77, 74, 75,
    77, 76, 74, 76, 75, 76, 77, 79, 79, 79, 79, 80, 79, 80, 75, 78, 77,
    79, 80, 78, 76, 76, 80, 78, 79, 79, 80, 78, 79, 76, 78, 78, 76, 81,
    77, 78, 77, 79, 77, 77, 79, 77, 79, 80, 78, 81, 77, 77, 76, 78, 78,
    76, 77, 79, 78, 80, 73, 75, 73, 77, 75, 77, 75, 75, 78, 78, 76, 75,
    73, 73, 79, 75, 72, 74, 77, 78, 76, 77, 76, 74, 73, 73, 76, 74, 75,
    71 ]
