%YAML:1.0
---
videoName: "headShake24.mp4"
gestureLabel: 201
fps: 29
pixelSizeInCmTemp: 3.2808219178082193e-01
faceCenterPointX: 240
faceCenterPointY: 78
headPositionsX: [ 241, 250, 251, 250, 255, 252, 256, 253, 255, 250, 250,
    247, 244, 245, 240, 234, 233, 234, 231, 229, 229, 228, 230, 232, 234,
    233, 237, 240, 243, 242, 244, 245, 250, 251, 248, 250, 251, 247, 246,
    248, 244, 241, 239, 237, 237, 235, 234, 235, 234, 231, 237, 233, 236,
    238, 238, 242, 242, 243, 246, 246, 248, 245, 246, 246, 250, 247, 250,
    248, 248, 245, 246, 244, 243, 239, 239, 242, 237, 241, 240, 239, 236,
    241, 239, 240, 236, 241, 238, 239, 239, 237, 240, 241, 241, 238, 242,
    237, 240, 241, 239, 242 ]
headPositionsY: [ 76, 77, 76, 75, 73, 74, 77, 76, 77, 77, 76, 76, 79, 77,
    80, 79, 78, 77, 79, 78, 77, 75, 79, 78, 77, 77, 75, 76, 79, 78, 74,
    75, 77, 80, 76, 81, 80, 76, 76, 77, 77, 77, 78, 80, 76, 79, 77, 76,
    79, 75, 80, 79, 76, 77, 75, 76, 76, 75, 81, 76, 80, 80, 78, 75, 78,
    78, 77, 78, 77, 79, 79, 77, 79, 75, 80, 75, 78, 78, 79, 76, 78, 76,
    79, 78, 78, 76, 78, 80, 80, 76, 77, 78, 80, 76, 76, 77, 79, 77, 76,
    77 ]
