%YAML:1.0
---
videoName: "headNod48.mp4"
gestureLabel: 202
fps: 29
pixelSizeInCmTemp: 2.8855421686746985e-01
faceCenterPointX: 264
faceCenterPointY: 72
headPositionsX: [ 264, 265, 267, 263, 265, 263, 267, 264, 265, 265, 265,
    265, 267, 261, 263, 263, 261, 263, 263, 262, 263, 259, 258, 262, 261,
    259, 262, 261, 263, 260, 259, 261, 264, 261, 264, 263, 264, 264, 261,
    262, 260, 262, 262, 262, 262, 263, 263, 263, 261, 260, 261, 260, 259,
    262, 259, 261, 260, 263, 262, 261, 261, 264, 265, 266, 263, 264, 264,
    261, 265, 263, 262, 263, 264, 264, 266, 266, 265, 264, 266, 266, 264,
    267, 263, 263, 266, 264, 263, 267, 263, 264, 268, 265, 265, 268, 264,
    266, 267, 265, 266, 267 ]
headPositionsY: [ 70, 74, 79, 76, 78, 78, 74, 73, 70, 66, 62, 60, 63, 66,
    65, 71, 73, 81, 84, 88, 89, 87, 82, 79, 78, 76, 71, 69, 68, 63, 63,
    67, 63, 63, 70, 71, 74, 77, 82, 82, 80, 81, 79, 78, 77, 76, 75, 73,
    72, 70, 72, 75, 74, 76, 78, 81, 78, 74, 76, 71, 72, 72, 71, 73, 73,
    73, 75, 75, 76, 74, 74, 72, 73, 73, 73, 70, 69, 68, 72, 72, 75, 74,
    75, 75, 74, 74, 73, 71, 71, 72, 71, 72, 72, 74, 75, 74, 73, 73, 72,
    74 ]
