%YAML:1.0
---
videoName: "headLookUp1.mp4"
gestureLabel: 205
fps: 29
pixelSizeInCmTemp: 3.7421874999999999e-01
faceCenterPointX: 258
faceCenterPointY: 66
headPositionsX: [ 259, 259, 258, 258, 257, 261, 261, 260, 258, 257, 258,
    259, 258, 261, 258, 258, 258, 258, 258, 260, 260, 261, 257, 259, 260,
    260, 259, 259, 259, 259, 257, 261, 258, 260, 258, 259, 256, 257, 258,
    259, 261, 260, 258, 257, 260, 259, 257, 261, 260, 256, 261, 255, 256,
    258, 256, 257, 258, 256, 259, 258, 259, 257, 261, 260, 255, 258, 257,
    257, 259, 258, 258, 259, 258, 257, 257, 255, 260, 258, 259, 257, 257,
    256, 259, 259, 257, 258, 257, 256, 260, 258, 256, 256, 257, 258, 260,
    256, 258, 256, 259, 258 ]
headPositionsY: [ 68, 80, 79, 79, 82, 82, 79, 80, 81, 81, 80, 82, 84, 80,
    80, 83, 82, 79, 81, 83, 80, 80, 79, 82, 81, 81, 81, 83, 82, 79, 82,
    82, 80, 83, 82, 80, 79, 82, 78, 79, 81, 76, 79, 77, 72, 71, 70, 67,
    66, 65, 69, 64, 64, 65, 67, 63, 65, 63, 66, 65, 67, 63, 68, 66, 68,
    62, 65, 66, 65, 64, 64, 63, 63, 65, 69, 64, 65, 67, 65, 64, 66, 64,
    64, 63, 66, 69, 65, 68, 66, 67, 62, 66, 68, 64, 64, 67, 64, 69, 64,
    65 ]
