%YAML:1.0
---
videoName: "headShake40.mp4"
gestureLabel: 201
fps: 29
pixelSizeInCmTemp: 3.2808219178082193e-01
faceCenterPointX: 261
faceCenterPointY: 86
headPositionsX: [ 261, 262, 262, 259, 263, 260, 258, 263, 261, 259, 263,
    261, 263, 259, 261, 263, 260, 260, 260, 260, 262, 260, 260, 258, 261,
    258, 261, 259, 257, 258, 257, 257, 255, 253, 252, 256, 257, 260, 264,
    269, 271, 280, 279, 280, 276, 273, 273, 267, 258, 255, 248, 246, 248,
    246, 249, 251, 257, 259, 263, 266, 272, 273, 267, 270, 265, 262, 263,
    257, 259, 257, 256, 258, 261, 260, 261, 264, 265, 268, 264, 265, 265,
    265, 263, 259, 258, 259, 255, 258, 259, 256, 261, 258, 258, 257, 259,
    262, 259, 261, 263, 262 ]
headPositionsY: [ 88, 83, 81, 83, 83, 84, 85, 83, 85, 83, 84, 82, 83, 82,
    85, 84, 86, 84, 86, 80, 85, 85, 86, 85, 83, 82, 84, 83, 83, 83, 85,
    84, 85, 84, 81, 84, 81, 85, 85, 80, 83, 79, 78, 80, 81, 83, 82, 84,
    80, 83, 85, 85, 79, 85, 83, 82, 86, 83, 81, 81, 85, 84, 85, 85, 83,
    84, 81, 82, 82, 84, 85, 82, 86, 82, 81, 85, 84, 84, 84, 81, 83, 83,
    85, 82, 84, 84, 85, 85, 84, 84, 87, 85, 83, 84, 84, 87, 87, 86, 86,
    83 ]
