%YAML:1.0
---
videoName: "headNod11.mp4"
gestureLabel: 202
fps: 29
pixelSizeInCmTemp: 3.2364864864864862e-01
faceCenterPointX: 261
faceCenterPointY: 75
headPositionsX: [ 263, 259, 258, 260, 260, 261, 258, 258, 258, 260, 261,
    257, 260, 259, 258, 261, 260, 261, 261, 257, 261, 261, 260, 262, 262,
    263, 260, 262, 258, 263, 259, 262, 260, 261, 262, 260, 259, 258, 261,
    259, 260, 258, 258, 261, 261, 260, 263, 260, 261, 260, 263, 262, 259,
    261, 260, 262, 261, 262, 261, 261, 258, 258, 257, 258, 257, 260, 260,
    260, 255, 257, 256, 259, 260, 260, 257, 255, 258, 256, 256, 258, 257,
    258, 258, 258, 260, 258, 257, 258, 261, 259, 258, 260, 260, 259, 260,
    260, 259, 262, 261, 261 ]
headPositionsY: [ 75, 74, 73, 76, 75, 74, 72, 74, 74, 74, 73, 72, 73, 75,
    75, 76, 74, 73, 73, 73, 72, 76, 73, 77, 73, 76, 76, 74, 74, 78, 76,
    74, 77, 76, 77, 74, 76, 77, 77, 76, 74, 77, 76, 73, 76, 77, 76, 71,
    71, 69, 68, 67, 68, 70, 69, 72, 76, 77, 76, 80, 78, 80, 79, 72, 69,
    70, 66, 71, 71, 72, 76, 77, 78, 81, 81, 79, 78, 77, 74, 73, 69, 70,
    71, 71, 74, 78, 79, 79, 78, 79, 81, 79, 79, 75, 75, 78, 78, 75, 76,
    75 ]
