%YAML:1.0
---
videoName: "headLookRight9.mp4"
gestureLabel: 204
fps: 29
pixelSizeInCmTemp: 2.8511904761904761e-01
faceCenterPointX: 217
faceCenterPointY: 75
headPositionsX: [ 218, 243, 243, 242, 243, 244, 244, 242, 244, 244, 242,
    242, 245, 241, 244, 243, 242, 243, 241, 241, 242, 244, 242, 245, 243,
    244, 243, 243, 241, 241, 240, 240, 237, 236, 231, 229, 226, 223, 222,
    219, 218, 219, 213, 214, 216, 214, 215, 215, 215, 215, 216, 213, 213,
    217, 214, 212, 213, 213, 217, 213, 214, 212, 216, 212, 218, 219, 215,
    212, 215, 214, 214, 209, 207, 217, 211, 217, 217, 215, 217, 215, 217,
    218, 214, 216, 215, 219, 214, 215, 216, 217, 215, 212, 217, 217, 212,
    215, 220, 220, 220, 218 ]
headPositionsY: [ 73, 72, 76, 74, 73, 72, 74, 76, 73, 75, 73, 76, 73, 75,
    75, 73, 73, 74, 72, 73, 76, 72, 74, 73, 75, 76, 74, 76, 76, 75, 76,
    76, 76, 73, 75, 74, 73, 71, 76, 76, 77, 73, 71, 80, 74, 71, 71, 75,
    71, 70, 71, 71, 71, 72, 73, 75, 76, 72, 72, 74, 69, 69, 72, 70, 76,
    76, 72, 74, 74, 73, 73, 80, 78, 71, 73, 70, 71, 72, 72, 72, 73, 70,
    71, 73, 73, 71, 73, 70, 76, 74, 74, 71, 74, 73, 71, 71, 75, 75, 74,
    77 ]
