%YAML:1.0
---
videoName: "headShake36.mp4"
gestureLabel: 201
fps: 29
pixelSizeInCmTemp: 3.2364864864864862e-01
faceCenterPointX: 263
faceCenterPointY: 80
headPositionsX: [ 265, 262, 261, 263, 264, 263, 267, 265, 270, 272, 274,
    275, 280, 282, 277, 284, 282, 279, 280, 277, 277, 274, 270, 265, 260,
    259, 255, 253, 252, 248, 249, 247, 245, 246, 246, 243, 249, 246, 249,
    254, 257, 259, 267, 268, 272, 274, 278, 276, 279, 278, 278, 283, 279,
    276, 277, 272, 270, 265, 263, 257, 254, 254, 253, 251, 250, 251, 248,
    252, 249, 255, 256, 255, 257, 262, 263, 264, 265, 268, 268, 268, 267,
    269, 264, 265, 267, 267, 267, 267, 267, 263, 266, 262, 265, 262, 263,
    262, 262, 263, 265, 265 ]
headPositionsY: [ 78, 82, 81, 81, 79, 82, 79, 80, 82, 76, 76, 76, 77, 76,
    77, 75, 76, 78, 77, 77, 80, 80, 83, 82, 80, 80, 79, 78, 79, 81, 79,
    79, 83, 82, 83, 82, 82, 78, 80, 79, 81, 84, 80, 81, 81, 79, 79, 77,
    78, 77, 78, 76, 78, 79, 79, 81, 83, 81, 83, 82, 78, 82, 80, 77, 77,
    79, 79, 81, 77, 78, 79, 80, 79, 79, 80, 83, 79, 82, 81, 80, 78, 80,
    79, 79, 79, 79, 79, 80, 80, 81, 81, 80, 79, 79, 79, 81, 79, 81, 80,
    80 ]
