%YAML:1.0
---
videoName: "headNod19.mp4"
gestureLabel: 202
fps: 29
pixelSizeInCmTemp: 3.1933333333333330e-01
faceCenterPointX: 255
faceCenterPointY: 81
headPositionsX: [ 256, 260, 259, 259, 255, 257, 257, 255, 257, 258, 254,
    254, 255, 252, 256, 255, 251, 253, 250, 255, 251, 250, 248, 250, 251,
    250, 250, 249, 248, 250, 250, 253, 252, 253, 252, 254, 255, 252, 253,
    256, 253, 253, 256, 255, 256, 258, 256, 255, 255, 255, 255, 257, 254,
    257, 258, 256, 255, 254, 255, 254, 256, 253, 257, 257, 256, 254, 253,
    254, 254, 258, 255, 254, 258, 257, 257, 254, 254, 255, 257, 256, 254,
    257, 257, 256, 256, 254, 255, 254, 256, 254, 255, 254, 254, 256, 256,
    254, 257, 254, 258, 256 ]
headPositionsY: [ 79, 86, 82, 82, 82, 79, 76, 77, 78, 76, 74, 78, 77, 76,
    76, 78, 75, 77, 79, 77, 76, 80, 77, 80, 78, 79, 79, 80, 80, 82, 79,
    79, 78, 77, 81, 77, 81, 77, 79, 80, 78, 79, 79, 78, 77, 78, 79, 78,
    81, 78, 79, 81, 79, 77, 77, 78, 76, 77, 79, 77, 80, 77, 79, 80, 79,
    79, 77, 77, 75, 76, 74, 73, 73, 77, 79, 81, 82, 83, 80, 79, 75, 74,
    76, 78, 82, 83, 83, 85, 85, 82, 84, 82, 82, 81, 84, 81, 82, 80, 83,
    82 ]
