%YAML:1.0
---
videoName: "headNod8.mp4"
gestureLabel: 202
fps: 29
pixelSizeInCmTemp: 3.1933333333333330e-01
faceCenterPointX: 262
faceCenterPointY: 74
headPositionsX: [ 262, 260, 263, 259, 261, 259, 259, 261, 260, 259, 262,
    260, 260, 263, 259, 260, 260, 261, 260, 263, 263, 263, 262, 264, 262,
    260, 263, 260, 260, 263, 261, 262, 263, 259, 262, 262, 261, 264, 259,
    261, 264, 260, 260, 261, 264, 263, 262, 262, 261, 260, 260, 259, 264,
    263, 262, 261, 259, 257, 261, 260, 261, 261, 261, 259, 259, 263, 263,
    260, 260, 263, 260, 258, 263, 262, 259, 262, 262, 259, 262, 263, 261,
    263, 262, 264, 260, 262, 261, 263, 261, 261, 264, 262, 264, 260, 263,
    265, 263, 263, 260, 264 ]
headPositionsY: [ 73, 75, 78, 76, 75, 78, 79, 75, 75, 76, 77, 75, 77, 77,
    76, 74, 75, 77, 76, 77, 75, 75, 76, 74, 77, 76, 77, 78, 75, 78, 77,
    77, 77, 75, 78, 78, 75, 78, 76, 75, 72, 73, 68, 67, 69, 68, 66, 72,
    69, 76, 77, 81, 81, 85, 83, 82, 78, 73, 74, 68, 70, 70, 72, 73, 79,
    81, 83, 83, 84, 83, 76, 73, 70, 72, 71, 73, 73, 74, 77, 82, 84, 82,
    81, 77, 76, 74, 71, 70, 74, 71, 72, 77, 76, 78, 79, 78, 80, 75, 78,
    74 ]
