%YAML:1.0
---
videoName: "headNod42.mp4"
gestureLabel: 202
fps: 30
pixelSizeInCmTemp: 3.0316455696202532e-01
faceCenterPointX: 265
faceCenterPointY: 77
headPositionsX: [ 266, 269, 267, 266, 269, 267, 270, 267, 267, 268, 269,
    267, 268, 269, 270, 271, 268, 270, 267, 267, 270, 268, 271, 270, 269,
    268, 264, 267, 263, 267, 263, 263, 267, 265, 268, 267, 265, 267, 265,
    266, 268, 263, 266, 264, 264, 266, 264, 266, 266, 263, 268, 262, 267,
    262, 264, 264, 264, 263, 264, 263, 264, 264, 262, 267, 267, 265, 266,
    264, 267, 267, 266, 266, 268, 265, 266, 267, 267, 268, 265, 265, 264,
    265, 268, 268, 269, 267, 265, 267, 266, 267, 266, 264, 265, 265, 263,
    263, 264, 264, 267, 264 ]
headPositionsY: [ 77, 76, 76, 74, 76, 78, 77, 76, 77, 77, 77, 77, 77, 77,
    77, 69, 67, 63, 66, 67, 66, 71, 68, 74, 79, 86, 88, 91, 90, 89, 89,
    85, 79, 75, 78, 67, 71, 68, 71, 69, 76, 77, 81, 85, 83, 82, 80, 76,
    75, 72, 72, 73, 69, 74, 73, 78, 80, 85, 86, 86, 86, 83, 80, 76, 78,
    74, 75, 73, 74, 73, 75, 79, 80, 83, 80, 79, 76, 76, 76, 75, 74, 74,
    73, 77, 79, 80, 82, 82, 80, 79, 82, 79, 76, 78, 78, 77, 77, 77, 79,
    80 ]
