%YAML:1.0
---
videoName: "headLookRight1.mp4"
gestureLabel: 204
fps: 29
pixelSizeInCmTemp: 3.3263888888888887e-01
faceCenterPointX: 232
faceCenterPointY: 68
headPositionsX: [ 233, 255, 258, 257, 256, 256, 256, 257, 257, 256, 254,
    256, 254, 257, 258, 253, 258, 254, 254, 256, 254, 253, 253, 257, 254,
    256, 255, 256, 256, 254, 256, 250, 249, 247, 246, 247, 243, 241, 236,
    234, 235, 231, 229, 230, 228, 235, 232, 226, 228, 232, 231, 231, 229,
    231, 233, 231, 233, 237, 233, 233, 232, 232, 232, 230, 232, 231, 230,
    232, 234, 232, 234, 234, 230, 232, 235, 234, 229, 231, 233, 235, 231,
    234, 231, 231, 230, 233, 233, 230, 230, 232, 233, 232, 230, 229, 230,
    233, 231, 234, 231, 232 ]
headPositionsY: [ 68, 65, 70, 66, 67, 68, 68, 66, 66, 68, 70, 69, 70, 66,
    66, 67, 70, 68, 69, 69, 68, 67, 69, 70, 69, 69, 69, 70, 67, 70, 68,
    70, 68, 66, 71, 68, 68, 65, 66, 68, 67, 69, 66, 67, 67, 66, 70, 70,
    66, 68, 70, 68, 72, 71, 69, 67, 69, 67, 69, 66, 70, 65, 67, 67, 70,
    66, 68, 69, 66, 68, 69, 70, 67, 67, 66, 68, 69, 67, 66, 68, 65, 68,
    70, 67, 69, 68, 67, 66, 66, 67, 71, 66, 68, 66, 66, 67, 66, 69, 68,
    69 ]
