%YAML:1.0
---
videoName: "headNod46.mp4"
gestureLabel: 202
fps: 30
pixelSizeInCmTemp: 2.8511904761904761e-01
faceCenterPointX: 264
faceCenterPointY: 72
headPositionsX: [ 265, 264, 263, 266, 263, 264, 262, 266, 266, 266, 262,
    264, 265, 265, 263, 264, 265, 265, 266, 264, 263, 262, 266, 264, 266,
    268, 268, 267, 267, 266, 264, 266, 265, 261, 264, 260, 261, 260, 263,
    260, 264, 262, 261, 262, 264, 264, 264, 263, 262, 263, 260, 263, 264,
    261, 265, 265, 262, 264, 266, 261, 262, 263, 262, 263, 265, 261, 262,
    265, 264, 263, 263, 263, 267, 267, 265, 263, 263, 266, 267, 266, 267,
    265, 266, 264, 263, 264, 266, 262, 261, 261, 264, 263, 261, 262, 264,
    264, 264, 263, 261, 264 ]
headPositionsY: [ 73, 69, 67, 68, 67, 68, 67, 70, 73, 73, 75, 76, 80, 84,
    85, 87, 89, 89, 88, 84, 81, 77, 75, 71, 68, 71, 70, 71, 70, 73, 78,
    86, 88, 92, 86, 83, 82, 77, 77, 67, 69, 68, 67, 72, 74, 77, 79, 84,
    83, 83, 79, 78, 76, 68, 69, 68, 69, 69, 71, 71, 73, 77, 78, 80, 75,
    72, 73, 71, 69, 70, 66, 72, 72, 74, 74, 72, 75, 75, 72, 69, 73, 70,
    73, 72, 74, 76, 74, 73, 73, 74, 71, 71, 73, 72, 69, 70, 70, 72, 71,
    70 ]
