%YAML:1.0
---
videoName: "headNod11.mp4"
gestureLabel: 202
fps: 29
pixelSizeInCmTemp: 3.2364864864864862e-01
faceCenterPointX: 261
faceCenterPointY: 75
headPositionsX: [ 262, 261, 258, 260, 261, 258, 257, 262, 259, 260, 257,
    260, 261, 262, 260, 259, 259, 258, 261, 258, 259, 262, 262, 263, 260,
    262, 259, 259, 259, 260, 262, 260, 263, 261, 259, 258, 262, 261, 258,
    258, 261, 260, 258, 262, 261, 260, 259, 262, 259, 262, 259, 262, 263,
    262, 263, 263, 260, 261, 257, 259, 260, 260, 258, 257, 260, 259, 258,
    258, 257, 260, 259, 257, 257, 258, 256, 256, 256, 258, 257, 257, 256,
    260, 256, 260, 260, 258, 261, 257, 257, 258, 259, 258, 261, 258, 260,
    258, 261, 262, 260, 262 ]
headPositionsY: [ 76, 72, 76, 76, 76, 74, 73, 76, 73, 74, 75, 76, 74, 74,
    72, 76, 74, 73, 72, 72, 76, 72, 75, 77, 76, 75, 74, 77, 77, 75, 77,
    76, 74, 76, 75, 72, 77, 77, 77, 77, 75, 78, 73, 77, 77, 76, 74, 75,
    71, 71, 69, 66, 70, 68, 72, 69, 73, 75, 78, 78, 82, 80, 75, 74, 69,
    67, 68, 71, 70, 73, 74, 74, 77, 80, 82, 81, 78, 78, 76, 71, 69, 70,
    71, 74, 74, 78, 76, 81, 81, 79, 79, 76, 75, 79, 78, 77, 78, 75, 78,
    77 ]
