%YAML:1.0
---
videoName: "headShake12.mp4"
gestureLabel: 201
fps: 29
pixelSizeInCmTemp: 3.2808219178082193e-01
faceCenterPointX: 241
faceCenterPointY: 76
headPositionsX: [ 242, 241, 238, 241, 240, 241, 240, 242, 241, 241, 245,
    240, 244, 241, 239, 241, 242, 241, 242, 241, 240, 244, 240, 244, 244,
    242, 243, 242, 240, 242, 243, 241, 241, 241, 240, 243, 242, 242, 244,
    239, 241, 243, 241, 241, 243, 240, 244, 243, 240, 244, 244, 240, 242,
    243, 239, 239, 243, 240, 244, 247, 249, 250, 256, 259, 258, 260, 256,
    252, 247, 242, 238, 234, 229, 232, 236, 240, 245, 249, 253, 256, 250,
    250, 246, 246, 242, 238, 235, 235, 236, 236, 239, 236, 240, 238, 238,
    239, 241, 239, 240, 241 ]
headPositionsY: [ 75, 71, 72, 73, 75, 74, 75, 73, 73, 74, 74, 74, 76, 72,
    74, 71, 73, 74, 72, 75, 75, 73, 75, 72, 72, 74, 75, 72, 74, 73, 75,
    72, 75, 73, 74, 73, 73, 73, 76, 75, 72, 73, 74, 73, 72, 73, 75, 72,
    76, 73, 75, 73, 76, 76, 75, 75, 75, 74, 75, 71, 73, 72, 75, 75, 73,
    71, 74, 73, 75, 78, 77, 78, 77, 74, 76, 75, 78, 74, 75, 74, 77, 76,
    76, 77, 77, 74, 76, 76, 78, 73, 77, 76, 78, 74, 78, 78, 77, 76, 76,
    76 ]
