%YAML:1.0
---
videoName: "headNod42.mp4"
gestureLabel: 202
fps: 30
pixelSizeInCmTemp: 3.0316455696202532e-01
faceCenterPointX: 265
faceCenterPointY: 77
headPositionsX: [ 267, 267, 269, 267, 271, 270, 269, 271, 270, 267, 271,
    267, 270, 269, 270, 270, 271, 271, 269, 268, 268, 267, 270, 269, 268,
    268, 264, 266, 265, 265, 264, 266, 263, 266, 268, 268, 268, 264, 265,
    267, 268, 265, 264, 266, 264, 265, 265, 267, 264, 267, 264, 266, 266,
    264, 266, 263, 264, 263, 262, 264, 267, 265, 266, 265, 267, 267, 267,
    265, 264, 267, 267, 265, 265, 268, 265, 264, 265, 265, 268, 265, 268,
    266, 268, 265, 269, 265, 267, 267, 265, 263, 267, 267, 263, 268, 263,
    266, 267, 266, 266, 266 ]
headPositionsY: [ 79, 76, 75, 78, 77, 77, 74, 78, 79, 79, 75, 75, 74, 74,
    74, 68, 67, 65, 66, 64, 66, 69, 71, 72, 78, 83, 86, 91, 90, 89, 88,
    85, 77, 78, 76, 68, 68, 67, 67, 70, 75, 76, 80, 83, 82, 82, 82, 77,
    76, 75, 71, 69, 70, 73, 74, 77, 82, 86, 86, 87, 84, 82, 82, 75, 75,
    73, 72, 73, 72, 76, 76, 77, 79, 82, 81, 81, 77, 78, 76, 71, 75, 72,
    76, 78, 80, 80, 79, 81, 83, 78, 82, 80, 77, 77, 80, 78, 78, 75, 76,
    78 ]
