%YAML:1.0
---
videoName: "headLookLeft2.mp4"
gestureLabel: 203
fps: 29
pixelSizeInCmTemp: 3.6846153846153845e-01
faceCenterPointX: 278
faceCenterPointY: 74
headPositionsX: [ 278, 259, 260, 259, 258, 259, 260, 258, 259, 259, 261,
    258, 258, 260, 261, 262, 259, 261, 263, 262, 261, 267, 267, 266, 270,
    270, 273, 272, 276, 276, 278, 279, 277, 280, 280, 283, 279, 280, 280,
    276, 278, 282, 282, 279, 279, 279, 283, 282, 284, 281, 280, 283, 283,
    280, 280, 282, 278, 270, 277, 282, 282, 279, 281, 279, 279, 278, 281,
    284, 283, 282, 278, 283, 279, 273, 279, 280, 275, 280, 280, 280, 276,
    280, 279, 279, 284, 280, 282, 280, 279, 281, 281, 279, 282, 278, 279,
    280, 279, 280, 289, 281 ]
headPositionsY: [ 73, 74, 76, 77, 74, 74, 77, 76, 75, 76, 76, 74, 76, 75,
    78, 76, 76, 77, 77, 75, 75, 74, 77, 76, 77, 77, 75, 78, 73, 73, 76,
    74, 71, 75, 74, 75, 72, 73, 73, 73, 76, 77, 75, 75, 72, 73, 74, 75,
    77, 74, 75, 74, 74, 73, 75, 76, 75, 74, 75, 77, 77, 75, 73, 76, 73,
    73, 76, 76, 73, 73, 74, 74, 77, 71, 71, 75, 75, 73, 72, 73, 73, 74,
    75, 72, 73, 74, 74, 75, 73, 72, 74, 73, 78, 73, 72, 75, 76, 77, 77,
    72 ]
