%YAML:1.0
---
videoName: "headShake42.mp4"
gestureLabel: 201
fps: 29
pixelSizeInCmTemp: 3.2808219178082193e-01
faceCenterPointX: 257
faceCenterPointY: 85
headPositionsX: [ 258, 273, 277, 275, 277, 275, 278, 277, 275, 273, 272,
    270, 267, 264, 259, 256, 252, 250, 246, 244, 245, 242, 244, 243, 241,
    242, 246, 252, 254, 259, 262, 269, 272, 275, 277, 278, 279, 280, 280,
    276, 274, 271, 267, 264, 260, 258, 256, 251, 251, 248, 248, 244, 244,
    248, 244, 245, 248, 252, 253, 257, 257, 259, 262, 264, 265, 268, 269,
    269, 269, 267, 268, 268, 267, 263, 263, 264, 260, 261, 259, 258, 261,
    257, 256, 255, 257, 254, 258, 257, 254, 258, 257, 256, 258, 258, 259,
    258, 257, 259, 257, 259 ]
headPositionsY: [ 86, 82, 81, 82, 82, 83, 80, 84, 80, 81, 81, 85, 86, 86,
    83, 81, 82, 82, 86, 81, 82, 85, 86, 86, 85, 85, 84, 83, 83, 83, 87,
    84, 85, 81, 81, 81, 84, 84, 82, 83, 86, 85, 88, 85, 88, 84, 85, 88,
    85, 85, 85, 86, 86, 86, 86, 84, 86, 85, 84, 84, 86, 86, 84, 87, 86,
    88, 84, 83, 87, 83, 88, 86, 84, 85, 83, 84, 86, 84, 84, 85, 88, 87,
    83, 87, 87, 86, 83, 87, 85, 85, 85, 86, 87, 86, 87, 83, 85, 87, 83,
    86 ]
