%YAML:1.0
---
videoName: "headShake18.mp4"
gestureLabel: 201
fps: 30
pixelSizeInCmTemp: 3.2808219178082193e-01
faceCenterPointX: 240
faceCenterPointY: 77
headPositionsX: [ 239, 240, 241, 242, 244, 240, 240, 242, 240, 240, 239,
    241, 244, 239, 240, 238, 243, 240, 242, 238, 240, 240, 240, 240, 239,
    239, 240, 241, 241, 241, 240, 238, 241, 239, 240, 241, 241, 246, 250,
    251, 254, 252, 249, 251, 248, 244, 237, 235, 232, 228, 229, 232, 238,
    237, 241, 244, 247, 251, 247, 247, 245, 241, 240, 233, 233, 233, 233,
    236, 239, 240, 243, 243, 245, 246, 246, 243, 240, 235, 236, 237, 234,
    238, 238, 238, 239, 241, 242, 243, 241, 241, 242, 240, 242, 240, 238,
    239, 241, 239, 238, 242 ]
headPositionsY: [ 78, 76, 78, 74, 78, 73, 73, 77, 75, 76, 75, 78, 74, 74,
    78, 76, 78, 77, 77, 76, 75, 78, 76, 77, 76, 78, 77, 74, 75, 75, 77,
    77, 78, 76, 79, 76, 76, 76, 75, 77, 77, 74, 74, 75, 76, 78, 75, 79,
    76, 77, 75, 78, 76, 75, 77, 79, 76, 74, 77, 76, 78, 77, 79, 75, 79,
    79, 79, 76, 78, 78, 75, 77, 76, 79, 77, 76, 79, 78, 75, 74, 76, 79,
    78, 77, 76, 78, 77, 76, 75, 79, 79, 77, 77, 76, 78, 77, 77, 77, 77,
    78 ]
