%YAML:1.0
---
videoName: "headNod5.mp4"
gestureLabel: 202
fps: 29
pixelSizeInCmTemp: 3.1513157894736843e-01
faceCenterPointX: 263
faceCenterPointY: 75
headPositionsX: [ 265, 265, 261, 263, 260, 264, 263, 264, 262, 264, 261,
    264, 262, 265, 263, 261, 266, 262, 263, 263, 267, 266, 267, 264, 263,
    265, 263, 264, 267, 265, 265, 265, 267, 263, 266, 265, 265, 267, 268,
    266, 267, 264, 264, 268, 266, 267, 265, 266, 266, 264, 267, 266, 265,
    262, 262, 263, 265, 263, 266, 265, 264, 265, 263, 265, 266, 264, 264,
    264, 267, 267, 265, 264, 264, 267, 265, 266, 262, 265, 265, 262, 264,
    263, 264, 263, 262, 263, 261, 263, 264, 263, 263, 264, 264, 261, 263,
    260, 264, 263, 263, 262 ]
headPositionsY: [ 75, 75, 72, 71, 73, 74, 72, 74, 75, 75, 76, 73, 72, 74,
    75, 76, 77, 75, 73, 77, 77, 75, 76, 74, 76, 76, 75, 78, 78, 76, 74,
    76, 76, 73, 79, 79, 79, 78, 79, 74, 79, 77, 75, 75, 79, 79, 79, 80,
    78, 77, 80, 80, 83, 81, 82, 84, 79, 79, 74, 76, 78, 79, 81, 84, 88,
    88, 87, 82, 81, 77, 77, 73, 79, 80, 83, 87, 87, 82, 81, 80, 78, 76,
    76, 76, 77, 79, 79, 81, 83, 80, 80, 78, 76, 72, 73, 76, 74, 76, 76,
    76 ]
