%YAML:1.0
---
videoName: "headLookLeft3.mp4"
gestureLabel: 203
fps: 29
pixelSizeInCmTemp: 3.4214285714285714e-01
faceCenterPointX: 290
faceCenterPointY: 74
headPositionsX: [ 292, 263, 264, 262, 266, 264, 267, 266, 271, 271, 271,
    272, 278, 278, 283, 282, 284, 287, 289, 287, 287, 287, 294, 293, 287,
    290, 297, 291, 286, 284, 290, 289, 292, 291, 288, 290, 281, 289, 290,
    288, 289, 285, 290, 294, 291, 287, 290, 288, 290, 287, 292, 290, 288,
    289, 286, 289, 289, 290, 292, 292, 292, 289, 288, 286, 287, 288, 287,
    291, 285, 291, 285, 287, 287, 286, 284, 288, 286, 287, 288, 287, 287,
    288, 290, 285, 289, 285, 288, 287, 285, 286, 284, 284, 288, 289, 286,
    282, 291, 285, 289, 286 ]
headPositionsY: [ 76, 78, 75, 79, 76, 74, 78, 77, 76, 76, 78, 77, 73, 77,
    73, 75, 75, 77, 74, 75, 72, 72, 77, 73, 74, 70, 74, 76, 76, 70, 71,
    75, 73, 76, 74, 74, 74, 77, 72, 76, 75, 74, 74, 76, 76, 73, 74, 75,
    74, 75, 71, 72, 74, 75, 75, 72, 75, 72, 73, 77, 72, 75, 76, 73, 72,
    76, 72, 74, 71, 72, 72, 73, 71, 71, 73, 76, 72, 74, 76, 73, 72, 76,
    73, 75, 72, 74, 73, 76, 71, 74, 73, 76, 76, 73, 73, 77, 76, 74, 73,
    76 ]
