%YAML:1.0
---
videoName: "headShake38.mp4"
gestureLabel: 201
fps: 29
pixelSizeInCmTemp: 3.2808219178082193e-01
faceCenterPointX: 259
faceCenterPointY: 84
headPositionsX: [ 259, 265, 263, 261, 265, 261, 263, 264, 262, 260, 264,
    261, 264, 264, 265, 262, 265, 264, 262, 261, 263, 263, 265, 264, 262,
    261, 262, 265, 264, 264, 265, 263, 262, 263, 261, 262, 264, 262, 262,
    262, 261, 263, 258, 256, 252, 252, 248, 249, 247, 250, 257, 267, 274,
    279, 279, 275, 271, 261, 254, 251, 249, 249, 252, 258, 267, 271, 270,
    268, 264, 258, 252, 250, 249, 249, 252, 256, 258, 266, 265, 270, 270,
    269, 265, 268, 267, 266, 263, 261, 261, 259, 260, 261, 262, 262, 260,
    259, 259, 261, 261, 260 ]
headPositionsY: [ 84, 83, 83, 81, 82, 85, 81, 84, 84, 82, 83, 84, 84, 85,
    83, 83, 82, 83, 85, 86, 83, 83, 82, 82, 81, 86, 85, 85, 86, 85, 84,
    85, 84, 86, 83, 86, 85, 82, 81, 84, 85, 86, 82, 82, 81, 79, 85, 82,
    82, 82, 84, 82, 82, 84, 81, 83, 83, 86, 85, 83, 86, 81, 82, 84, 83,
    81, 84, 83, 86, 84, 82, 83, 82, 81, 85, 84, 85, 84, 83, 85, 83, 85,
    84, 85, 86, 87, 86, 85, 86, 86, 86, 82, 82, 82, 85, 85, 84, 84, 83,
    83 ]
