%YAML:1.0
---
videoName: "headNod6.mp4"
gestureLabel: 202
fps: 29
pixelSizeInCmTemp: 3.1513157894736843e-01
faceCenterPointX: 262
faceCenterPointY: 73
headPositionsX: [ 262, 260, 263, 264, 261, 264, 263, 262, 264, 262, 264,
    262, 260, 260, 263, 263, 263, 260, 261, 262, 263, 261, 264, 264, 261,
    263, 264, 264, 265, 260, 263, 264, 264, 262, 260, 264, 261, 265, 264,
    264, 264, 263, 260, 260, 261, 261, 262, 264, 259, 262, 261, 262, 260,
    262, 263, 263, 261, 262, 261, 261, 260, 259, 262, 261, 262, 259, 260,
    261, 260, 259, 260, 262, 261, 263, 262, 262, 259, 258, 264, 260, 263,
    263, 261, 261, 263, 259, 259, 264, 264, 264, 264, 263, 263, 260, 262,
    259, 260, 261, 263, 263 ]
headPositionsY: [ 75, 74, 73, 72, 72, 73, 74, 76, 72, 73, 72, 76, 74, 74,
    72, 75, 76, 75, 72, 73, 72, 76, 76, 72, 72, 74, 72, 76, 75, 75, 74,
    73, 71, 69, 69, 66, 65, 64, 67, 69, 70, 77, 81, 81, 86, 79, 77, 71,
    71, 68, 68, 70, 71, 77, 78, 81, 81, 83, 80, 75, 68, 67, 70, 69, 69,
    73, 75, 81, 84, 83, 80, 72, 73, 69, 65, 67, 68, 65, 69, 74, 81, 82,
    85, 83, 79, 77, 73, 72, 69, 69, 69, 67, 71, 73, 72, 74, 74, 72, 71,
    73 ]
