%YAML:1.0
---
videoName: "headShake3.mp4"
gestureLabel: 201
fps: 30
pixelSizeInCmTemp: 3.3263888888888887e-01
faceCenterPointX: 240
faceCenterPointY: 101
headPositionsX: [ 242, 240, 239, 241, 241, 239, 243, 240, 241, 242, 242,
    242, 240, 242, 242, 243, 242, 243, 241, 239, 243, 241, 242, 242, 242,
    243, 240, 243, 242, 240, 238, 238, 238, 241, 248, 247, 251, 256, 254,
    259, 254, 250, 248, 242, 239, 233, 231, 231, 228, 232, 231, 239, 241,
    250, 252, 249, 248, 244, 241, 236, 233, 231, 224, 223, 223, 225, 232,
    234, 241, 242, 245, 246, 244, 244, 246, 242, 242, 236, 233, 232, 231,
    230, 234, 236, 235, 237, 237, 236, 238, 239, 240, 240, 241, 242, 238,
    242, 240, 243, 243, 238 ]
headPositionsY: [ 103, 98, 99, 97, 98, 98, 101, 97, 98, 99, 99, 96, 98,
    97, 97, 100, 100, 101, 97, 97, 101, 99, 100, 101, 100, 97, 97, 97,
    100, 98, 97, 100, 101, 99, 96, 98, 99, 94, 96, 100, 100, 100, 101,
    100, 97, 99, 99, 98, 97, 101, 97, 99, 98, 98, 100, 100, 99, 96, 97,
    101, 101, 99, 96, 99, 97, 97, 100, 98, 99, 101, 99, 97, 98, 99, 99,
    97, 97, 101, 100, 100, 102, 100, 102, 101, 99, 100, 99, 101, 99, 101,
    101, 98, 102, 99, 102, 102, 101, 102, 103, 102 ]
