%YAML:1.0
---
videoName: "headNod12.mp4"
gestureLabel: 202
fps: 29
pixelSizeInCmTemp: 3.2808219178082193e-01
faceCenterPointX: 254
faceCenterPointY: 69
headPositionsX: [ 253, 253, 253, 254, 253, 253, 252, 252, 257, 255, 254,
    257, 255, 254, 258, 259, 255, 254, 254, 257, 256, 258, 257, 254, 258,
    255, 257, 258, 254, 254, 255, 253, 254, 256, 255, 253, 256, 254, 253,
    253, 252, 257, 255, 255, 255, 254, 255, 256, 255, 255, 256, 253, 254,
    253, 254, 252, 256, 256, 254, 254, 255, 253, 254, 253, 255, 253, 257,
    255, 252, 251, 254, 252, 256, 252, 253, 253, 254, 256, 254, 257, 252,
    257, 257, 257, 253, 255, 255, 255, 252, 256, 256, 254, 256, 253, 253,
    255, 253, 254, 256, 252 ]
headPositionsY: [ 71, 73, 74, 72, 72, 74, 73, 74, 76, 73, 72, 77, 75, 71,
    74, 75, 74, 75, 72, 75, 73, 75, 74, 75, 75, 74, 76, 76, 75, 74, 75,
    75, 72, 74, 71, 72, 71, 69, 65, 63, 63, 62, 63, 61, 62, 66, 66, 72,
    72, 76, 76, 77, 80, 78, 77, 71, 71, 66, 64, 65, 64, 62, 61, 67, 63,
    68, 71, 71, 74, 75, 74, 75, 75, 75, 73, 70, 69, 67, 70, 65, 65, 67,
    66, 67, 69, 71, 67, 73, 74, 75, 75, 75, 74, 73, 72, 73, 69, 71, 69,
    72 ]
