%YAML:1.0
---
videoName: "headShake25.mp4"
gestureLabel: 201
fps: 30
pixelSizeInCmTemp: 3.2364864864864862e-01
faceCenterPointX: 241
faceCenterPointY: 79
headPositionsX: [ 239, 256, 255, 252, 254, 251, 250, 246, 245, 241, 240,
    237, 235, 233, 234, 233, 231, 230, 230, 232, 229, 230, 233, 238, 239,
    242, 242, 247, 250, 251, 249, 251, 251, 246, 246, 245, 244, 239, 240,
    235, 231, 233, 231, 230, 228, 231, 231, 230, 232, 238, 241, 242, 241,
    247, 245, 249, 251, 248, 249, 251, 250, 248, 249, 246, 244, 244, 239,
    236, 235, 239, 234, 237, 233, 236, 234, 234, 237, 234, 237, 236, 236,
    237, 240, 241, 243, 242, 242, 241, 242, 240, 241, 242, 243, 243, 243,
    242, 240, 242, 239, 238 ]
headPositionsY: [ 78, 77, 76, 75, 75, 78, 75, 77, 79, 78, 75, 79, 78, 77,
    79, 78, 77, 77, 78, 79, 80, 77, 78, 80, 79, 79, 78, 79, 77, 80, 80,
    79, 77, 80, 79, 77, 80, 79, 80, 77, 78, 77, 80, 78, 76, 80, 76, 77,
    77, 80, 81, 76, 81, 81, 79, 77, 79, 78, 79, 77, 80, 80, 79, 77, 78,
    77, 78, 79, 76, 78, 77, 80, 79, 79, 76, 77, 77, 77, 77, 79, 81, 76,
    78, 77, 77, 81, 76, 78, 80, 77, 80, 77, 80, 80, 77, 81, 80, 79, 78,
    81 ]
