%YAML:1.0
---
videoName: "headShake40.mp4"
gestureLabel: 201
fps: 29
pixelSizeInCmTemp: 3.2808219178082193e-01
faceCenterPointX: 261
faceCenterPointY: 86
headPositionsX: [ 260, 262, 262, 260, 259, 261, 262, 260, 261, 260, 259,
    261, 261, 258, 262, 262, 260, 262, 262, 260, 259, 259, 263, 260, 259,
    257, 260, 260, 258, 260, 255, 257, 253, 255, 251, 253, 255, 262, 267,
    270, 273, 280, 281, 277, 277, 274, 273, 265, 258, 255, 251, 248, 244,
    248, 252, 254, 255, 259, 263, 266, 270, 271, 267, 266, 266, 261, 261,
    258, 255, 259, 255, 259, 257, 261, 262, 267, 264, 267, 264, 268, 264,
    262, 263, 259, 261, 258, 259, 256, 255, 258, 257, 256, 257, 259, 262,
    258, 260, 262, 262, 263 ]
headPositionsY: [ 87, 85, 85, 82, 85, 82, 84, 82, 84, 82, 82, 83, 84, 83,
    84, 86, 86, 83, 85, 84, 82, 83, 83, 86, 82, 81, 83, 85, 82, 84, 81,
    85, 83, 81, 82, 83, 81, 83, 85, 82, 79, 79, 80, 82, 79, 82, 82, 82,
    81, 85, 84, 84, 79, 83, 82, 85, 85, 83, 81, 82, 83, 81, 82, 81, 85,
    82, 84, 82, 83, 81, 83, 80, 83, 83, 82, 83, 81, 84, 84, 84, 82, 81,
    85, 86, 83, 86, 86, 84, 82, 86, 83, 87, 83, 87, 84, 85, 86, 88, 86,
    87 ]
