%YAML:1.0
---
videoName: "headLookLeft0.mp4"
gestureLabel: 203
fps: 29
pixelSizeInCmTemp: 3.6287878787878786e-01
faceCenterPointX: 286
faceCenterPointY: 69
headPositionsX: [ 288, 254, 254, 254, 253, 254, 252, 252, 255, 255, 255,
    253, 252, 256, 255, 255, 253, 251, 255, 254, 256, 255, 255, 255, 255,
    254, 257, 257, 256, 256, 256, 253, 256, 255, 254, 255, 255, 257, 253,
    256, 253, 257, 256, 258, 258, 257, 254, 255, 257, 257, 254, 253, 254,
    253, 256, 257, 254, 256, 254, 254, 256, 254, 253, 254, 257, 253, 252,
    256, 256, 255, 256, 255, 257, 257, 256, 255, 256, 254, 260, 260, 262,
    262, 265, 267, 271, 273, 273, 275, 282, 278, 279, 274, 283, 282, 284,
    285, 288, 288, 288, 284 ]
headPositionsY: [ 70, 68, 69, 69, 67, 68, 67, 68, 69, 70, 71, 70, 68, 71,
    72, 69, 70, 69, 71, 70, 71, 67, 71, 68, 71, 70, 71, 72, 67, 70, 71,
    70, 68, 72, 70, 69, 73, 69, 72, 71, 72, 70, 70, 73, 72, 69, 73, 74,
    70, 72, 71, 73, 69, 70, 71, 72, 74, 69, 72, 71, 71, 71, 71, 69, 74,
    72, 72, 70, 73, 71, 70, 73, 74, 71, 72, 74, 72, 73, 71, 70, 71, 71,
    73, 68, 72, 69, 71, 69, 73, 66, 67, 66, 68, 65, 70, 67, 71, 70, 67,
    71 ]
