%YAML:1.0
---
videoName: "headNod0.mp4"
gestureLabel: 202
fps: 29
pixelSizeInCmTemp: 3.2364864864864862e-01
faceCenterPointX: 264
faceCenterPointY: 76
headPositionsX: [ 264, 267, 266, 267, 268, 268, 266, 266, 266, 267, 268,
    269, 269, 267, 264, 265, 265, 264, 265, 266, 264, 265, 264, 267, 265,
    264, 263, 265, 264, 265, 266, 267, 268, 264, 264, 265, 265, 266, 264,
    267, 266, 266, 268, 264, 265, 266, 263, 265, 265, 262, 267, 264, 262,
    268, 266, 262, 264, 263, 263, 264, 264, 267, 264, 265, 267, 263, 268,
    265, 264, 264, 263, 265, 262, 263, 265, 265, 266, 262, 264, 263, 265,
    263, 263, 264, 264, 265, 263, 265, 264, 266, 265, 266, 267, 264, 264,
    264, 263, 264, 267, 265 ]
headPositionsY: [ 77, 75, 70, 71, 74, 71, 75, 71, 72, 74, 73, 72, 75, 71,
    74, 71, 75, 71, 71, 72, 73, 73, 73, 74, 75, 75, 73, 73, 73, 72, 69,
    67, 67, 62, 62, 62, 65, 64, 65, 67, 66, 72, 72, 76, 76, 79, 82, 82,
    83, 81, 80, 77, 74, 73, 70, 68, 66, 63, 64, 66, 69, 73, 71, 73, 76,
    76, 80, 78, 77, 77, 76, 74, 73, 68, 67, 68, 66, 69, 68, 72, 70, 71,
    71, 73, 74, 75, 76, 79, 78, 78, 79, 77, 76, 77, 75, 74, 73, 77, 78,
    78 ]
