%YAML:1.0
---
videoName: "headLookDown1.mp4"
gestureLabel: 206
fps: 29
pixelSizeInCmTemp: 3.4710144927536229e-01
faceCenterPointX: 271
faceCenterPointY: 97
headPositionsX: [ 273, 270, 272, 269, 270, 268, 270, 272, 270, 270, 270,
    269, 271, 272, 270, 272, 273, 270, 271, 270, 269, 269, 270, 270, 270,
    271, 274, 269, 270, 271, 269, 271, 273, 272, 271, 270, 274, 270, 273,
    270, 272, 273, 271, 269, 270, 273, 270, 273, 269, 273, 271, 268, 270,
    273, 270, 268, 271, 269, 271, 272, 271, 272, 270, 269, 268, 267, 269,
    272, 270, 268, 273, 270, 269, 273, 271, 269, 273, 270, 269, 271, 268,
    271, 273, 272, 269, 269, 272, 270, 271, 270, 271, 271, 273, 272, 270,
    270, 271, 273, 269, 274 ]
headPositionsY: [ 96, 79, 77, 79, 76, 79, 78, 79, 81, 77, 78, 79, 80, 81,
    78, 81, 77, 78, 78, 77, 80, 80, 79, 80, 79, 80, 78, 82, 81, 78, 80,
    81, 79, 80, 82, 78, 79, 79, 82, 81, 79, 80, 81, 82, 83, 84, 85, 89,
    89, 89, 93, 93, 97, 95, 96, 98, 99, 100, 97, 100, 98, 100, 100, 99,
    97, 98, 97, 98, 100, 97, 100, 101, 96, 99, 99, 98, 97, 99, 98, 96,
    94, 98, 97, 99, 98, 98, 96, 97, 99, 100, 97, 97, 99, 96, 95, 97, 95,
    97, 98, 100 ]
