%YAML:1.0
---
videoName: "headShake18.mp4"
gestureLabel: 201
fps: 30
pixelSizeInCmTemp: 3.2808219178082193e-01
faceCenterPointX: 240
faceCenterPointY: 77
headPositionsX: [ 242, 239, 243, 242, 240, 241, 239, 241, 241, 243, 242,
    240, 243, 242, 241, 242, 243, 239, 241, 241, 239, 243, 242, 241, 240,
    241, 242, 239, 240, 242, 239, 239, 237, 238, 239, 242, 241, 247, 250,
    253, 253, 253, 251, 252, 245, 243, 239, 233, 230, 230, 229, 229, 238,
    238, 244, 244, 249, 250, 250, 246, 244, 238, 239, 235, 235, 235, 235,
    236, 240, 240, 243, 245, 244, 243, 246, 240, 242, 238, 239, 234, 238,
    237, 238, 237, 241, 240, 242, 244, 241, 243, 242, 243, 240, 242, 240,
    238, 242, 240, 238, 242 ]
headPositionsY: [ 75, 75, 75, 74, 78, 77, 73, 73, 73, 78, 77, 76, 74, 75,
    76, 75, 74, 78, 76, 74, 74, 75, 76, 75, 76, 74, 74, 76, 76, 76, 79,
    75, 75, 76, 75, 75, 78, 77, 74, 76, 77, 76, 74, 75, 77, 78, 78, 76,
    79, 74, 77, 77, 75, 77, 75, 79, 75, 76, 75, 76, 75, 75, 78, 78, 78,
    76, 77, 75, 78, 76, 78, 78, 80, 75, 79, 78, 78, 75, 79, 75, 79, 75,
    76, 75, 78, 77, 76, 77, 77, 80, 76, 77, 79, 78, 77, 76, 76, 76, 79,
    77 ]
