%YAML:1.0
---
videoName: "headLookLeft3.mp4"
gestureLabel: 203
fps: 29
pixelSizeInCmTemp: 3.4214285714285714e-01
faceCenterPointX: 290
faceCenterPointY: 74
headPositionsX: [ 292, 265, 262, 264, 263, 265, 264, 268, 270, 268, 273,
    275, 275, 279, 280, 284, 286, 288, 287, 289, 288, 288, 293, 291, 286,
    288, 296, 289, 288, 282, 287, 288, 290, 291, 286, 291, 285, 293, 289,
    289, 286, 289, 289, 294, 289, 291, 287, 289, 289, 289, 292, 291, 289,
    291, 285, 286, 288, 287, 288, 290, 289, 292, 289, 286, 289, 285, 289,
    287, 288, 287, 288, 288, 285, 288, 286, 286, 289, 287, 287, 285, 285,
    285, 290, 284, 288, 284, 291, 288, 288, 289, 288, 287, 286, 289, 288,
    284, 290, 289, 286, 284 ]
headPositionsY: [ 72, 77, 75, 76, 78, 77, 78, 76, 76, 78, 76, 76, 75, 77,
    74, 75, 77, 74, 72, 76, 76, 74, 73, 77, 72, 73, 76, 73, 75, 73, 75,
    72, 76, 75, 72, 76, 75, 77, 73, 75, 74, 73, 73, 76, 73, 73, 76, 75,
    77, 73, 73, 71, 72, 76, 75, 74, 75, 71, 73, 76, 74, 72, 74, 73, 72,
    75, 73, 72, 73, 75, 73, 73, 73, 72, 73, 77, 72, 74, 77, 74, 74, 75,
    74, 74, 76, 74, 77, 76, 72, 75, 72, 76, 74, 74, 75, 76, 72, 75, 74,
    74 ]
