%YAML:1.0
---
videoName: "headShake41.mp4"
gestureLabel: 201
fps: 29
pixelSizeInCmTemp: 3.2364864864864862e-01
faceCenterPointX: 264
faceCenterPointY: 85
headPositionsX: [ 262, 262, 262, 264, 260, 259, 260, 261, 263, 263, 262,
    259, 261, 259, 260, 259, 261, 263, 261, 258, 261, 263, 265, 263, 265,
    267, 269, 275, 273, 275, 279, 277, 283, 284, 277, 282, 282, 281, 278,
    278, 273, 269, 264, 260, 254, 253, 251, 248, 248, 246, 242, 246, 247,
    246, 249, 249, 250, 254, 259, 260, 263, 266, 267, 273, 276, 275, 280,
    276, 279, 278, 276, 274, 273, 274, 271, 269, 270, 265, 265, 264, 264,
    263, 265, 263, 265, 261, 260, 262, 263, 264, 260, 265, 260, 261, 260,
    261, 263, 263, 261, 264 ]
headPositionsY: [ 85, 83, 81, 83, 81, 84, 84, 83, 84, 80, 82, 81, 85, 82,
    85, 85, 86, 83, 85, 85, 82, 82, 82, 85, 82, 81, 84, 82, 83, 82, 80,
    83, 83, 79, 80, 82, 80, 83, 85, 83, 86, 83, 84, 87, 85, 83, 84, 84,
    83, 81, 82, 83, 81, 85, 83, 84, 82, 86, 84, 85, 86, 84, 84, 85, 85,
    85, 84, 85, 85, 84, 84, 85, 82, 83, 83, 86, 85, 84, 86, 84, 84, 81,
    85, 85, 86, 86, 82, 83, 82, 82, 83, 84, 84, 85, 82, 84, 86, 83, 84,
    87 ]
