%YAML:1.0
---
videoName: "headLookRight6.mp4"
gestureLabel: 204
fps: 29
pixelSizeInCmTemp: 3.8015873015873014e-01
faceCenterPointX: 226
faceCenterPointY: 72
headPositionsX: [ 228, 249, 249, 251, 248, 247, 251, 250, 249, 248, 247,
    249, 249, 247, 249, 248, 250, 252, 248, 252, 249, 252, 251, 250, 253,
    251, 251, 253, 252, 253, 251, 248, 249, 251, 246, 248, 244, 241, 236,
    233, 234, 231, 228, 232, 227, 228, 228, 227, 222, 229, 224, 223, 228,
    228, 224, 230, 227, 226, 227, 227, 232, 226, 228, 222, 229, 224, 223,
    225, 230, 229, 226, 226, 226, 226, 224, 226, 229, 226, 225, 227, 228,
    227, 226, 225, 223, 229, 231, 230, 226, 224, 226, 229, 231, 228, 226,
    228, 227, 225, 228, 228 ]
headPositionsY: [ 71, 70, 69, 74, 70, 72, 74, 71, 75, 73, 70, 72, 75, 75,
    74, 72, 75, 76, 72, 76, 72, 74, 72, 73, 75, 72, 75, 73, 75, 73, 76,
    77, 75, 73, 73, 73, 72, 76, 75, 73, 73, 75, 72, 75, 73, 73, 69, 72,
    75, 76, 73, 68, 74, 72, 73, 72, 74, 75, 72, 76, 76, 75, 76, 72, 75,
    72, 74, 71, 77, 76, 76, 74, 74, 75, 71, 71, 74, 73, 74, 77, 77, 74,
    75, 70, 72, 72, 76, 76, 74, 74, 72, 73, 73, 72, 69, 74, 73, 75, 73,
    70 ]
