%YAML:1.0
---
videoName: "headNod32.mp4"
gestureLabel: 202
fps: 29
pixelSizeInCmTemp: 2.8855421686746985e-01
faceCenterPointX: 266
faceCenterPointY: 74
headPositionsX: [ 268, 269, 270, 268, 268, 268, 264, 266, 268, 266, 264,
    266, 265, 267, 265, 265, 269, 266, 267, 267, 264, 266, 268, 266, 267,
    265, 267, 265, 266, 268, 266, 264, 266, 268, 266, 266, 269, 265, 268,
    268, 268, 270, 269, 265, 269, 269, 270, 270, 270, 265, 267, 267, 268,
    268, 268, 266, 267, 269, 265, 266, 269, 269, 266, 269, 267, 268, 267,
    266, 268, 268, 264, 267, 266, 268, 266, 268, 266, 265, 264, 266, 267,
    267, 264, 266, 263, 267, 265, 266, 265, 267, 269, 265, 267, 266, 267,
    265, 268, 268, 269, 266 ]
headPositionsY: [ 75, 79, 76, 76, 78, 80, 76, 77, 76, 79, 77, 78, 80, 79,
    78, 77, 75, 78, 77, 79, 77, 77, 79, 78, 75, 80, 78, 77, 80, 78, 80,
    78, 79, 78, 78, 79, 77, 78, 77, 77, 76, 76, 79, 78, 79, 75, 78, 75,
    79, 79, 78, 76, 80, 75, 77, 77, 77, 76, 73, 76, 70, 67, 66, 67, 64,
    67, 67, 75, 79, 83, 88, 87, 86, 85, 81, 80, 78, 74, 73, 69, 73, 69,
    73, 71, 69, 74, 76, 72, 74, 72, 75, 75, 76, 73, 76, 74, 76, 76, 74,
    75 ]
