%YAML:1.0
---
videoName: "headShake45.mp4"
gestureLabel: 201
fps: 30
pixelSizeInCmTemp: 3.3263888888888887e-01
faceCenterPointX: 262
faceCenterPointY: 84
headPositionsX: [ 260, 261, 264, 261, 262, 265, 264, 260, 265, 265, 262,
    261, 260, 262, 261, 262, 265, 263, 261, 261, 261, 262, 264, 261, 264,
    260, 260, 260, 263, 262, 263, 260, 262, 260, 262, 262, 263, 261, 257,
    256, 254, 259, 257, 266, 268, 273, 280, 282, 278, 278, 272, 265, 263,
    253, 254, 255, 260, 261, 270, 269, 273, 273, 274, 270, 266, 257, 254,
    253, 254, 259, 265, 271, 271, 272, 271, 266, 267, 260, 255, 255, 258,
    257, 260, 262, 264, 263, 261, 263, 260, 259, 261, 259, 263, 260, 263,
    261, 263, 261, 262, 263 ]
headPositionsY: [ 84, 83, 81, 83, 81, 79, 80, 81, 82, 81, 80, 80, 83, 82,
    82, 83, 80, 84, 81, 83, 84, 83, 81, 80, 81, 84, 83, 80, 80, 81, 82,
    82, 84, 84, 80, 80, 82, 83, 80, 80, 80, 81, 81, 80, 84, 83, 78, 78,
    82, 79, 82, 82, 84, 80, 81, 85, 81, 85, 82, 81, 80, 82, 83, 84, 83,
    84, 83, 82, 84, 80, 85, 82, 83, 81, 83, 84, 81, 83, 83, 81, 82, 84,
    84, 83, 83, 84, 84, 81, 85, 85, 83, 81, 81, 81, 84, 83, 85, 84, 82,
    85 ]
