%YAML:1.0
---
videoName: "headShake44.mp4"
gestureLabel: 201
fps: 30
pixelSizeInCmTemp: 3.2808219178082193e-01
faceCenterPointX: 260
faceCenterPointY: 84
headPositionsX: [ 261, 264, 262, 259, 262, 260, 258, 259, 259, 263, 261,
    259, 263, 261, 263, 259, 260, 260, 261, 261, 259, 260, 260, 259, 263,
    261, 259, 262, 263, 261, 262, 262, 260, 260, 261, 260, 262, 262, 263,
    263, 265, 269, 274, 276, 274, 274, 273, 265, 263, 258, 251, 251, 249,
    250, 255, 261, 267, 272, 272, 268, 266, 262, 260, 255, 254, 254, 260,
    266, 268, 270, 272, 271, 266, 260, 255, 252, 250, 251, 255, 255, 255,
    257, 257, 263, 263, 260, 260, 262, 262, 264, 261, 260, 260, 263, 259,
    260, 262, 259, 263, 263 ]
headPositionsY: [ 85, 84, 81, 84, 83, 81, 83, 82, 82, 81, 81, 81, 81, 80,
    82, 84, 85, 82, 81, 80, 83, 83, 85, 80, 84, 82, 84, 84, 83, 83, 81,
    84, 85, 82, 85, 80, 81, 84, 82, 82, 81, 81, 84, 79, 84, 83, 80, 83,
    83, 82, 82, 84, 82, 83, 82, 85, 82, 81, 84, 83, 86, 82, 86, 82, 83,
    81, 82, 86, 85, 85, 85, 83, 83, 84, 85, 81, 85, 85, 84, 86, 85, 85,
    82, 86, 83, 82, 85, 87, 84, 85, 86, 84, 86, 87, 85, 85, 83, 87, 84,
    86 ]
