%YAML:1.0
---
videoName: "headShake0.mp4"
gestureLabel: 201
fps: 29
pixelSizeInCmTemp: 3.2808219178082193e-01
faceCenterPointX: 279
faceCenterPointY: 94
headPositionsX: [ 280, 280, 279, 277, 277, 278, 278, 280, 281, 281, 278,
    279, 278, 277, 278, 279, 280, 277, 277, 280, 277, 277, 281, 277, 279,
    278, 281, 280, 280, 277, 280, 277, 277, 276, 279, 277, 279, 276, 277,
    278, 277, 283, 285, 286, 293, 294, 300, 302, 300, 302, 296, 294, 290,
    281, 276, 276, 272, 272, 275, 279, 284, 284, 287, 292, 288, 290, 286,
    283, 279, 273, 275, 271, 272, 275, 278, 284, 285, 282, 283, 281, 280,
    277, 278, 276, 277, 275, 277, 275, 276, 279, 279, 279, 278, 281, 277,
    277, 278, 281, 278, 279 ]
headPositionsY: [ 94, 95, 94, 94, 93, 95, 94, 94, 94, 92, 92, 91, 95, 92,
    93, 92, 91, 93, 93, 91, 93, 95, 95, 95, 92, 94, 95, 91, 95, 90, 91,
    95, 91, 93, 93, 94, 94, 93, 95, 95, 95, 93, 90, 92, 89, 88, 92, 93,
    90, 89, 91, 92, 93, 94, 91, 93, 94, 94, 91, 94, 90, 94, 91, 93, 92,
    91, 93, 95, 95, 94, 93, 93, 90, 95, 95, 91, 91, 95, 93, 93, 92, 95,
    91, 93, 93, 93, 95, 95, 95, 94, 93, 95, 92, 92, 94, 94, 94, 97, 96,
    94 ]
