%YAML:1.0
---
videoName: "headNod38.mp4"
gestureLabel: 202
fps: 29
pixelSizeInCmTemp: 2.9937500000000000e-01
faceCenterPointX: 267
faceCenterPointY: 73
headPositionsX: [ 265, 265, 265, 267, 269, 268, 266, 266, 265, 269, 266,
    268, 268, 269, 267, 269, 266, 268, 265, 268, 265, 268, 265, 267, 266,
    264, 265, 265, 265, 266, 265, 264, 265, 263, 266, 264, 263, 263, 267,
    264, 268, 267, 266, 267, 268, 269, 268, 269, 266, 266, 266, 265, 266,
    266, 267, 271, 267, 266, 266, 269, 266, 268, 270, 269, 271, 269, 270,
    271, 270, 268, 269, 268, 267, 268, 269, 270, 269, 269, 270, 268, 267,
    267, 266, 268, 269, 267, 267, 269, 270, 268, 268, 265, 269, 267, 267,
    269, 268, 269, 269, 268 ]
headPositionsY: [ 72, 76, 73, 76, 77, 82, 85, 86, 86, 81, 82, 78, 75, 77,
    76, 80, 84, 86, 88, 87, 82, 79, 76, 76, 79, 80, 81, 83, 88, 87, 89,
    86, 82, 78, 77, 75, 75, 72, 78, 76, 81, 86, 88, 88, 87, 82, 80, 76,
    71, 70, 71, 71, 71, 74, 77, 84, 85, 84, 83, 82, 79, 79, 76, 77, 75,
    74, 69, 74, 75, 76, 80, 83, 83, 86, 84, 86, 85, 81, 78, 74, 77, 71,
    72, 72, 74, 71, 73, 73, 71, 74, 71, 71, 73, 74, 74, 74, 73, 74, 72,
    75 ]
