%YAML:1.0
---
videoName: "headNod38.mp4"
gestureLabel: 202
fps: 29
pixelSizeInCmTemp: 2.9937500000000000e-01
faceCenterPointX: 267
faceCenterPointY: 73
headPositionsX: [ 268, 265, 267, 265, 267, 266, 267, 268, 264, 267, 265,
    268, 268, 268, 268, 268, 266, 266, 268, 268, 264, 267, 268, 265, 268,
    265, 264, 265, 266, 265, 265, 265, 267, 266, 265, 262, 266, 264, 268,
    265, 266, 267, 265, 264, 264, 267, 267, 269, 266, 267, 269, 267, 267,
    265, 267, 267, 266, 270, 270, 270, 268, 270, 268, 270, 271, 268, 270,
    268, 267, 269, 269, 270, 270, 266, 267, 270, 267, 267, 266, 269, 265,
    269, 267, 266, 269, 269, 265, 267, 267, 267, 268, 266, 267, 267, 266,
    265, 266, 268, 267, 269 ]
headPositionsY: [ 73, 73, 72, 76, 77, 79, 82, 85, 87, 81, 80, 77, 76, 76,
    78, 80, 81, 87, 87, 83, 81, 79, 76, 73, 76, 78, 79, 86, 87, 87, 90,
    87, 80, 79, 75, 72, 74, 72, 78, 79, 83, 84, 87, 91, 87, 83, 79, 74,
    73, 69, 71, 70, 72, 74, 80, 83, 84, 85, 86, 84, 82, 77, 76, 76, 76,
    73, 71, 76, 76, 74, 78, 81, 85, 85, 85, 82, 85, 80, 79, 74, 74, 74,
    70, 71, 74, 73, 74, 70, 71, 74, 71, 75, 72, 71, 73, 75, 71, 73, 72,
    74 ]
