%YAML:1.0
---
videoName: "headShake23.mp4"
gestureLabel: 201
fps: 29
pixelSizeInCmTemp: 3.2808219178082193e-01
faceCenterPointX: 240
faceCenterPointY: 77
headPositionsX: [ 242, 244, 240, 243, 240, 241, 239, 240, 243, 244, 244,
    243, 242, 240, 239, 242, 243, 238, 241, 239, 242, 240, 243, 248, 250,
    251, 253, 253, 256, 254, 251, 256, 251, 250, 248, 246, 241, 240, 236,
    231, 231, 229, 230, 228, 228, 228, 229, 232, 236, 237, 244, 247, 245,
    248, 251, 253, 252, 255, 254, 249, 251, 247, 247, 244, 243, 240, 239,
    235, 237, 235, 235, 233, 233, 235, 234, 232, 236, 234, 238, 238, 237,
    242, 239, 241, 243, 241, 242, 244, 243, 246, 243, 244, 246, 246, 245,
    243, 242, 245, 239, 239 ]
headPositionsY: [ 75, 78, 76, 76, 78, 77, 77, 76, 76, 75, 75, 77, 77, 79,
    76, 78, 74, 76, 76, 78, 79, 78, 76, 75, 79, 74, 76, 76, 76, 75, 75,
    75, 78, 78, 77, 78, 76, 77, 75, 77, 74, 78, 75, 74, 76, 76, 79, 76,
    77, 76, 77, 77, 79, 76, 78, 75, 78, 74, 78, 75, 79, 76, 79, 78, 79,
    79, 76, 78, 77, 76, 80, 76, 79, 76, 78, 75, 80, 80, 77, 75, 77, 80,
    75, 79, 75, 79, 76, 77, 75, 78, 77, 80, 76, 78, 78, 79, 79, 75, 77,
    78 ]
