%YAML:1.0
---
videoName: "headShake10.mp4"
gestureLabel: 201
fps: 29
pixelSizeInCmTemp: 3.3732394366197183e-01
faceCenterPointX: 240
faceCenterPointY: 74
headPositionsX: [ 242, 246, 245, 244, 244, 247, 245, 247, 244, 248, 245,
    247, 244, 245, 248, 246, 245, 244, 245, 247, 246, 245, 246, 245, 246,
    247, 247, 244, 244, 248, 245, 247, 247, 245, 247, 247, 244, 245, 248,
    245, 247, 248, 244, 245, 247, 243, 247, 244, 242, 245, 246, 249, 248,
    251, 258, 257, 262, 259, 261, 261, 255, 250, 250, 244, 237, 234, 230,
    233, 230, 234, 236, 243, 244, 247, 252, 256, 256, 258, 254, 254, 250,
    248, 248, 246, 241, 242, 242, 242, 242, 242, 238, 239, 242, 241, 241,
    241, 241, 240, 243, 241 ]
headPositionsY: [ 73, 72, 73, 75, 72, 71, 70, 72, 75, 74, 72, 72, 73, 75,
    74, 75, 73, 71, 74, 75, 74, 75, 72, 72, 74, 70, 73, 71, 73, 73, 75,
    75, 72, 74, 74, 73, 74, 74, 76, 75, 71, 71, 74, 73, 75, 75, 70, 72,
    73, 75, 71, 74, 71, 71, 71, 71, 72, 70, 70, 73, 73, 74, 75, 73, 73,
    76, 72, 76, 73, 76, 75, 73, 74, 72, 72, 74, 72, 72, 75, 74, 72, 75,
    75, 74, 77, 73, 76, 75, 74, 74, 73, 74, 72, 75, 74, 75, 75, 75, 76,
    78 ]
