%YAML:1.0
---
videoName: "headNod35.mp4"
gestureLabel: 202
fps: 30
pixelSizeInCmTemp: 2.9937500000000000e-01
faceCenterPointX: 268
faceCenterPointY: 78
headPositionsX: [ 267, 268, 268, 266, 270, 271, 271, 269, 269, 269, 272,
    268, 269, 269, 269, 271, 268, 268, 269, 269, 268, 271, 271, 270, 267,
    269, 271, 268, 268, 270, 269, 273, 270, 272, 268, 270, 268, 270, 269,
    268, 269, 266, 266, 267, 270, 269, 269, 269, 272, 269, 269, 270, 269,
    266, 269, 268, 267, 270, 270, 270, 266, 269, 267, 269, 269, 270, 269,
    270, 270, 267, 270, 268, 267, 268, 267, 270, 267, 268, 270, 268, 267,
    267, 265, 267, 267, 267, 268, 268, 267, 265, 268, 267, 269, 267, 264,
    268, 269, 269, 270, 266 ]
headPositionsY: [ 77, 78, 77, 76, 74, 78, 74, 76, 76, 75, 77, 79, 75, 74,
    75, 77, 79, 74, 75, 74, 76, 74, 78, 78, 74, 78, 77, 72, 70, 71, 66,
    69, 71, 69, 71, 77, 79, 84, 87, 93, 92, 91, 90, 82, 81, 79, 76, 74,
    73, 75, 78, 81, 84, 89, 91, 90, 88, 86, 83, 82, 76, 73, 74, 73, 72,
    73, 79, 81, 82, 86, 88, 84, 81, 79, 75, 78, 72, 75, 76, 76, 79, 84,
    85, 86, 86, 86, 85, 82, 80, 79, 77, 79, 78, 79, 76, 78, 80, 76, 77,
    77 ]
