%YAML:1.0
---
videoName: "headShake41.mp4"
gestureLabel: 201
fps: 29
pixelSizeInCmTemp: 3.2364864864864862e-01
faceCenterPointX: 264
faceCenterPointY: 85
headPositionsX: [ 266, 261, 263, 263, 262, 260, 261, 259, 264, 263, 260,
    260, 263, 259, 263, 263, 259, 262, 263, 258, 260, 264, 262, 266, 268,
    270, 269, 272, 273, 277, 280, 277, 283, 281, 279, 281, 282, 282, 279,
    279, 275, 270, 266, 261, 255, 253, 253, 251, 248, 248, 244, 244, 244,
    244, 246, 251, 251, 254, 256, 261, 264, 269, 267, 271, 277, 275, 278,
    277, 276, 279, 276, 278, 272, 274, 273, 270, 269, 265, 264, 266, 264,
    265, 263, 263, 264, 263, 264, 264, 259, 263, 264, 262, 261, 263, 261,
    264, 262, 263, 262, 265 ]
headPositionsY: [ 85, 82, 85, 83, 82, 84, 83, 84, 86, 81, 86, 85, 84, 83,
    84, 84, 83, 86, 83, 85, 82, 82, 85, 83, 84, 85, 84, 80, 81, 81, 82,
    80, 79, 78, 83, 80, 81, 84, 83, 83, 83, 82, 83, 86, 83, 83, 85, 85,
    83, 84, 82, 82, 81, 86, 83, 86, 83, 86, 85, 83, 87, 86, 86, 82, 81,
    82, 86, 84, 86, 84, 83, 83, 82, 87, 86, 84, 84, 83, 83, 83, 86, 85,
    85, 84, 86, 84, 83, 85, 86, 83, 82, 86, 87, 85, 82, 86, 83, 82, 82,
    86 ]
