%YAML:1.0
---
videoName: "headLookLeft6.mp4"
gestureLabel: 203
fps: 29
pixelSizeInCmTemp: 3.2808219178082193e-01
faceCenterPointX: 267
faceCenterPointY: 69
headPositionsX: [ 265, 242, 243, 246, 244, 246, 246, 244, 245, 244, 244,
    245, 244, 243, 245, 243, 245, 245, 248, 246, 246, 246, 243, 246, 245,
    248, 250, 252, 250, 253, 256, 256, 260, 262, 262, 266, 266, 269, 268,
    272, 266, 267, 271, 266, 268, 271, 270, 271, 266, 267, 268, 268, 270,
    270, 265, 269, 267, 267, 265, 268, 267, 264, 266, 266, 270, 265, 267,
    265, 268, 269, 265, 265, 269, 268, 265, 267, 264, 269, 269, 271, 266,
    267, 266, 269, 269, 267, 270, 265, 264, 268, 267, 268, 266, 265, 267,
    265, 263, 265, 266, 268 ]
headPositionsY: [ 68, 74, 73, 74, 73, 70, 74, 72, 72, 73, 73, 74, 71, 73,
    74, 72, 71, 74, 73, 71, 71, 71, 70, 70, 70, 75, 71, 71, 71, 69, 73,
    69, 72, 70, 73, 67, 68, 68, 70, 69, 67, 72, 70, 72, 69, 70, 70, 72,
    68, 71, 69, 69, 72, 67, 69, 70, 71, 70, 70, 71, 71, 69, 71, 67, 68,
    72, 69, 71, 69, 71, 68, 69, 68, 69, 70, 70, 69, 71, 72, 69, 71, 69,
    70, 69, 70, 71, 72, 69, 69, 71, 72, 71, 72, 69, 72, 71, 72, 69, 71,
    67 ]
