%YAML:1.0
---
videoName: "headLookDown0.mp4"
gestureLabel: 206
fps: 29
pixelSizeInCmTemp: 3.3263888888888887e-01
faceCenterPointX: 273
faceCenterPointY: 93
headPositionsX: [ 275, 273, 271, 270, 275, 273, 273, 271, 274, 270, 274,
    270, 272, 274, 273, 274, 273, 271, 274, 271, 272, 273, 270, 273, 274,
    273, 273, 273, 273, 272, 272, 272, 273, 271, 270, 272, 274, 273, 271,
    271, 273, 272, 273, 274, 273, 273, 272, 273, 275, 270, 270, 270, 273,
    271, 271, 273, 273, 271, 270, 271, 270, 272, 270, 271, 269, 273, 269,
    269, 274, 271, 274, 269, 272, 272, 271, 272, 273, 271, 273, 274, 272,
    272, 273, 270, 273, 275, 274, 274, 272, 270, 275, 274, 272, 270, 274,
    274, 273, 273, 271, 271 ]
headPositionsY: [ 95, 79, 78, 81, 78, 78, 77, 82, 80, 79, 80, 81, 81, 79,
    80, 79, 78, 81, 81, 81, 82, 82, 79, 78, 81, 77, 80, 79, 81, 77, 82,
    77, 79, 78, 78, 82, 83, 82, 83, 86, 84, 85, 89, 89, 91, 93, 96, 96,
    97, 95, 96, 97, 98, 97, 98, 97, 98, 99, 98, 94, 95, 96, 97, 98, 97,
    94, 98, 95, 95, 97, 97, 95, 96, 93, 96, 98, 96, 96, 93, 94, 96, 93,
    97, 95, 95, 96, 94, 96, 94, 91, 94, 92, 95, 93, 94, 94, 94, 91, 95,
    96 ]
