%YAML:1.0
---
videoName: "headNod11.mp4"
gestureLabel: 202
fps: 29
pixelSizeInCmTemp: 3.2364864864864862e-01
faceCenterPointX: 261
faceCenterPointY: 75
headPositionsX: [ 259, 258, 260, 258, 260, 260, 261, 259, 258, 260, 257,
    259, 258, 259, 259, 260, 261, 259, 261, 257, 262, 260, 259, 259, 259,
    263, 260, 260, 259, 263, 261, 262, 262, 258, 260, 260, 262, 262, 260,
    260, 260, 259, 261, 262, 261, 258, 263, 260, 259, 263, 261, 260, 260,
    262, 259, 263, 261, 261, 257, 258, 260, 259, 260, 257, 257, 256, 258,
    260, 259, 258, 257, 256, 258, 258, 257, 255, 256, 256, 255, 256, 257,
    256, 257, 262, 259, 257, 258, 259, 259, 258, 259, 258, 259, 257, 260,
    259, 261, 258, 258, 260 ]
headPositionsY: [ 77, 75, 72, 72, 77, 73, 72, 73, 76, 74, 72, 73, 72, 76,
    75, 74, 72, 76, 72, 76, 72, 72, 72, 75, 77, 76, 75, 77, 76, 76, 77,
    73, 75, 74, 74, 72, 76, 77, 73, 74, 74, 78, 74, 75, 76, 76, 76, 73,
    73, 73, 71, 68, 70, 69, 70, 72, 73, 74, 79, 78, 78, 81, 79, 74, 69,
    69, 70, 67, 68, 71, 72, 78, 78, 82, 82, 82, 81, 77, 76, 75, 69, 72,
    69, 73, 77, 75, 76, 79, 78, 79, 80, 77, 78, 76, 75, 78, 77, 77, 75,
    76 ]
