%YAML:1.0
---
videoName: "headNod39.mp4"
gestureLabel: 202
fps: 29
pixelSizeInCmTemp: 2.9937500000000000e-01
faceCenterPointX: 268
faceCenterPointY: 78
headPositionsX: [ 268, 266, 266, 269, 266, 271, 270, 267, 266, 269, 269,
    268, 267, 270, 271, 269, 268, 271, 268, 268, 267, 271, 267, 270, 267,
    270, 270, 271, 270, 268, 271, 270, 269, 269, 270, 269, 267, 267, 268,
    270, 270, 267, 270, 266, 265, 266, 266, 266, 266, 269, 267, 265, 265,
    269, 267, 265, 265, 265, 266, 267, 266, 267, 264, 266, 265, 269, 265,
    268, 266, 264, 266, 265, 265, 266, 269, 267, 265, 268, 266, 267, 266,
    269, 266, 268, 268, 268, 267, 265, 270, 269, 269, 265, 269, 267, 268,
    267, 269, 265, 267, 266 ]
headPositionsY: [ 79, 79, 76, 78, 77, 78, 77, 78, 77, 77, 74, 76, 78, 75,
    74, 74, 76, 75, 77, 76, 76, 77, 78, 78, 76, 75, 76, 75, 76, 77, 75,
    76, 78, 77, 77, 75, 79, 76, 80, 78, 82, 82, 83, 84, 82, 81, 80, 74,
    76, 77, 77, 76, 73, 73, 80, 86, 87, 89, 93, 91, 84, 81, 79, 75, 74,
    74, 74, 73, 80, 78, 82, 81, 82, 81, 76, 78, 73, 74, 75, 74, 76, 80,
    77, 79, 78, 78, 80, 78, 77, 79, 80, 76, 78, 76, 80, 76, 80, 80, 76,
    78 ]
