%YAML:1.0
---
videoName: "headNod11.mp4"
gestureLabel: 202
fps: 29
pixelSizeInCmTemp: 3.2364864864864862e-01
faceCenterPointX: 261
faceCenterPointY: 75
headPositionsX: [ 260, 257, 259, 257, 258, 261, 257, 259, 259, 257, 259,
    257, 257, 258, 259, 260, 261, 261, 262, 258, 261, 262, 258, 262, 260,
    263, 259, 262, 258, 261, 262, 261, 259, 257, 259, 261, 261, 261, 258,
    261, 262, 261, 260, 263, 261, 262, 261, 258, 261, 261, 260, 260, 263,
    260, 260, 262, 261, 260, 257, 259, 260, 261, 260, 259, 260, 260, 257,
    259, 258, 259, 259, 259, 256, 259, 259, 257, 256, 256, 255, 257, 256,
    256, 256, 258, 258, 261, 258, 258, 258, 261, 258, 260, 257, 259, 260,
    260, 262, 259, 261, 261 ]
headPositionsY: [ 76, 73, 74, 75, 77, 75, 73, 74, 74, 72, 74, 75, 73, 74,
    74, 75, 75, 72, 74, 75, 76, 74, 76, 75, 75, 74, 73, 73, 75, 78, 75,
    75, 75, 75, 73, 72, 76, 74, 73, 75, 73, 78, 76, 73, 75, 73, 77, 73,
    74, 69, 67, 66, 70, 70, 69, 73, 73, 77, 79, 79, 82, 81, 78, 72, 72,
    70, 70, 67, 72, 71, 75, 78, 76, 81, 82, 82, 79, 78, 74, 74, 70, 70,
    71, 71, 73, 75, 77, 78, 82, 78, 79, 78, 77, 77, 74, 74, 74, 76, 74,
    73 ]
