%YAML:1.0
---
videoName: "headLookRight9.mp4"
gestureLabel: 204
fps: 29
pixelSizeInCmTemp: 2.8511904761904761e-01
faceCenterPointX: 217
faceCenterPointY: 75
headPositionsX: [ 216, 246, 245, 246, 243, 245, 241, 244, 244, 242, 244,
    245, 242, 243, 242, 245, 244, 241, 244, 241, 245, 240, 242, 246, 240,
    245, 245, 244, 241, 243, 240, 237, 239, 232, 233, 228, 230, 224, 223,
    219, 222, 219, 215, 214, 216, 217, 217, 213, 214, 215, 213, 217, 213,
    217, 212, 215, 214, 211, 216, 216, 212, 211, 217, 212, 217, 220, 213,
    215, 215, 215, 213, 211, 209, 217, 214, 215, 214, 213, 215, 219, 218,
    215, 213, 216, 217, 220, 215, 219, 218, 216, 219, 213, 217, 217, 213,
    214, 220, 218, 218, 216 ]
headPositionsY: [ 77, 72, 72, 73, 77, 73, 76, 74, 72, 73, 73, 72, 74, 72,
    77, 75, 72, 72, 75, 72, 74, 76, 75, 73, 72, 76, 74, 75, 73, 76, 77,
    77, 76, 73, 75, 72, 75, 70, 72, 76, 73, 72, 73, 82, 72, 72, 70, 74,
    70, 72, 73, 69, 71, 72, 73, 73, 76, 75, 72, 71, 71, 70, 74, 74, 79,
    77, 74, 72, 70, 71, 72, 79, 78, 69, 72, 72, 74, 74, 76, 74, 73, 73,
    70, 73, 70, 72, 70, 71, 74, 73, 75, 69, 72, 74, 72, 74, 74, 73, 71,
    76 ]
