%YAML:1.0
---
videoName: "headLookLeft1.mp4"
gestureLabel: 203
fps: 30
pixelSizeInCmTemp: 3.6287878787878786e-01
faceCenterPointX: 276
faceCenterPointY: 73
headPositionsX: [ 278, 258, 255, 254, 258, 258, 257, 256, 258, 257, 257,
    258, 257, 255, 254, 256, 256, 255, 254, 256, 257, 257, 257, 255, 254,
    254, 255, 255, 257, 255, 256, 255, 258, 256, 257, 255, 257, 257, 255,
    257, 255, 255, 254, 257, 255, 257, 258, 256, 255, 256, 257, 257, 255,
    256, 257, 254, 259, 256, 258, 259, 258, 264, 265, 266, 265, 270, 274,
    276, 276, 275, 277, 276, 276, 275, 272, 279, 280, 277, 276, 277, 281,
    279, 276, 281, 278, 277, 277, 279, 281, 279, 278, 280, 276, 277, 276,
    278, 276, 276, 279, 274 ]
headPositionsY: [ 72, 77, 74, 73, 73, 77, 78, 74, 78, 73, 73, 76, 75, 78,
    75, 74, 74, 78, 78, 77, 79, 77, 76, 79, 78, 78, 78, 78, 79, 77, 78,
    80, 76, 77, 78, 79, 80, 79, 78, 80, 79, 77, 80, 78, 78, 79, 80, 77,
    79, 77, 79, 80, 77, 79, 77, 80, 81, 76, 77, 79, 78, 79, 76, 80, 77,
    76, 75, 75, 77, 77, 75, 74, 75, 74, 76, 76, 77, 75, 78, 75, 76, 76,
    75, 75, 75, 74, 75, 77, 76, 75, 74, 76, 72, 74, 77, 77, 74, 75, 72,
    75 ]
