%YAML:1.0
---
videoName: "headNod46.mp4"
gestureLabel: 202
fps: 30
pixelSizeInCmTemp: 2.8511904761904761e-01
faceCenterPointX: 264
faceCenterPointY: 72
headPositionsX: [ 266, 265, 266, 263, 263, 266, 266, 264, 267, 264, 265,
    264, 265, 266, 264, 266, 262, 264, 263, 266, 263, 265, 262, 265, 267,
    268, 268, 265, 267, 265, 268, 263, 265, 261, 262, 264, 263, 264, 261,
    262, 264, 263, 265, 261, 264, 261, 260, 264, 260, 263, 264, 264, 264,
    263, 263, 265, 264, 263, 263, 263, 263, 263, 263, 264, 262, 265, 265,
    264, 266, 264, 264, 262, 267, 265, 264, 264, 267, 264, 266, 265, 263,
    265, 263, 264, 262, 265, 265, 265, 260, 264, 261, 265, 265, 265, 264,
    261, 262, 262, 264, 264 ]
headPositionsY: [ 73, 68, 70, 67, 69, 67, 67, 69, 73, 73, 75, 77, 82, 83,
    88, 88, 91, 87, 84, 86, 79, 77, 73, 68, 71, 72, 70, 68, 73, 75, 79,
    85, 89, 89, 88, 86, 80, 74, 77, 66, 69, 68, 70, 70, 76, 78, 79, 85,
    84, 81, 80, 80, 75, 72, 68, 68, 65, 66, 69, 72, 71, 77, 80, 78, 78,
    72, 73, 72, 69, 67, 67, 71, 72, 74, 75, 74, 73, 74, 71, 71, 72, 68,
    69, 69, 73, 75, 77, 73, 76, 73, 72, 73, 73, 73, 72, 71, 73, 74, 74,
    72 ]
