%YAML:1.0
---
videoName: "headShake25.mp4"
gestureLabel: 201
fps: 30
pixelSizeInCmTemp: 3.2364864864864862e-01
faceCenterPointX: 241
faceCenterPointY: 79
headPositionsX: [ 241, 252, 255, 251, 254, 252, 251, 250, 245, 244, 240,
    237, 234, 234, 233, 230, 229, 228, 230, 228, 231, 232, 235, 237, 237,
    243, 244, 248, 248, 251, 250, 247, 250, 248, 248, 244, 241, 242, 236,
    234, 235, 231, 232, 231, 228, 228, 229, 233, 234, 235, 241, 241, 243,
    247, 247, 248, 251, 249, 251, 252, 250, 251, 250, 248, 246, 244, 239,
    236, 235, 235, 234, 235, 236, 236, 237, 237, 237, 235, 237, 237, 239,
    237, 239, 242, 243, 241, 242, 243, 243, 241, 244, 244, 240, 242, 241,
    243, 244, 239, 243, 240 ]
headPositionsY: [ 81, 76, 75, 76, 76, 75, 79, 76, 78, 77, 78, 75, 78, 80,
    76, 77, 80, 76, 77, 76, 80, 80, 80, 76, 76, 77, 77, 76, 80, 77, 78,
    78, 79, 78, 80, 78, 77, 79, 80, 78, 78, 78, 80, 76, 77, 76, 80, 79,
    80, 78, 77, 77, 79, 77, 77, 79, 79, 75, 75, 79, 78, 78, 78, 81, 77,
    80, 78, 78, 76, 80, 79, 76, 77, 79, 77, 78, 79, 79, 78, 79, 81, 80,
    81, 80, 79, 78, 78, 77, 77, 78, 77, 80, 79, 80, 80, 79, 81, 79, 81,
    79 ]
