%YAML:1.0
---
videoName: "headNod29.mp4"
gestureLabel: 202
fps: 29
pixelSizeInCmTemp: 3.1933333333333330e-01
faceCenterPointX: 271
faceCenterPointY: 70
headPositionsX: [ 272, 273, 273, 271, 275, 274, 275, 273, 276, 274, 272,
    273, 273, 271, 271, 270, 270, 270, 273, 270, 272, 273, 273, 272, 272,
    270, 270, 273, 270, 271, 269, 268, 273, 270, 269, 273, 268, 270, 270,
    269, 273, 271, 270, 271, 271, 269, 272, 272, 271, 271, 272, 273, 271,
    272, 272, 273, 268, 273, 268, 272, 271, 271, 271, 273, 269, 270, 268,
    268, 271, 272, 271, 269, 270, 270, 271, 272, 271, 270, 271, 273, 269,
    272, 272, 271, 271, 270, 269, 269, 269, 270, 269, 269, 269, 271, 272,
    271, 273, 271, 268, 274 ]
headPositionsY: [ 68, 71, 75, 75, 75, 74, 77, 79, 78, 79, 78, 77, 75, 77,
    71, 69, 71, 65, 68, 67, 67, 67, 67, 71, 74, 73, 80, 80, 79, 78, 81,
    76, 78, 74, 71, 72, 73, 68, 73, 71, 75, 77, 79, 81, 78, 78, 79, 75,
    73, 72, 75, 72, 77, 80, 82, 83, 82, 82, 77, 73, 76, 72, 73, 77, 76,
    75, 78, 78, 75, 72, 70, 70, 72, 70, 70, 73, 72, 74, 77, 79, 76, 76,
    74, 72, 74, 70, 69, 72, 72, 69, 68, 70, 70, 71, 68, 72, 72, 72, 67,
    69 ]
