%YAML:1.0
---
videoName: "headShake27.mp4"
gestureLabel: 201
fps: 29
pixelSizeInCmTemp: 3.3263888888888887e-01
faceCenterPointX: 244
faceCenterPointY: 78
headPositionsX: [ 243, 248, 247, 251, 251, 253, 255, 255, 257, 257, 257,
    254, 254, 252, 253, 248, 246, 247, 242, 241, 239, 236, 239, 237, 234,
    234, 231, 230, 233, 232, 235, 233, 232, 236, 236, 238, 241, 243, 246,
    246, 247, 246, 251, 251, 251, 250, 252, 248, 247, 249, 244, 242, 240,
    243, 236, 237, 237, 235, 232, 234, 234, 235, 232, 232, 235, 236, 235,
    238, 240, 241, 241, 242, 243, 247, 247, 246, 247, 247, 246, 245, 249,
    249, 248, 245, 244, 244, 247, 247, 244, 245, 243, 243, 244, 242, 247,
    243, 246, 242, 247, 242 ]
headPositionsY: [ 80, 76, 77, 77, 79, 78, 75, 76, 76, 77, 74, 78, 76, 74,
    79, 78, 79, 79, 77, 79, 81, 76, 78, 77, 80, 79, 79, 78, 78, 76, 80,
    78, 78, 80, 81, 81, 81, 79, 78, 79, 78, 78, 79, 78, 82, 77, 81, 81,
    81, 79, 79, 78, 80, 80, 78, 81, 79, 79, 77, 76, 78, 78, 77, 80, 77,
    77, 78, 77, 80, 81, 80, 80, 80, 78, 77, 80, 79, 78, 77, 81, 76, 79,
    81, 81, 82, 81, 80, 78, 78, 81, 82, 81, 80, 79, 81, 81, 77, 78, 79,
    80 ]
