%YAML:1.0
---
videoName: "headShake11.mp4"
gestureLabel: 201
fps: 29
pixelSizeInCmTemp: 3.2364864864864862e-01
faceCenterPointX: 244
faceCenterPointY: 76
headPositionsX: [ 245, 242, 242, 243, 241, 240, 244, 240, 242, 244, 243,
    240, 240, 243, 239, 240, 243, 241, 241, 244, 243, 241, 242, 242, 243,
    244, 244, 246, 249, 248, 255, 258, 260, 259, 260, 264, 260, 258, 253,
    251, 243, 237, 232, 228, 229, 224, 230, 231, 232, 241, 246, 252, 253,
    259, 259, 257, 254, 251, 247, 243, 239, 236, 232, 232, 230, 234, 237,
    238, 241, 246, 250, 255, 256, 257, 257, 254, 255, 246, 244, 238, 237,
    237, 236, 236, 236, 239, 240, 241, 245, 244, 248, 250, 250, 246, 246,
    247, 245, 245, 246, 243 ]
headPositionsY: [ 74, 72, 70, 71, 73, 70, 72, 71, 74, 71, 73, 73, 71, 74,
    73, 73, 71, 73, 71, 74, 74, 75, 72, 71, 73, 73, 74, 72, 74, 73, 72,
    74, 71, 72, 73, 71, 73, 71, 71, 75, 76, 75, 74, 76, 76, 72, 74, 74,
    74, 76, 73, 72, 72, 74, 74, 72, 74, 72, 75, 76, 76, 78, 74, 75, 76,
    73, 77, 77, 77, 73, 75, 75, 71, 72, 74, 74, 76, 77, 75, 73, 73, 73,
    74, 76, 76, 74, 74, 76, 74, 75, 74, 77, 75, 74, 76, 73, 75, 78, 77,
    75 ]
