%YAML:1.0
---
videoName: "headShake37.mp4"
gestureLabel: 201
fps: 30
pixelSizeInCmTemp: 3.1933333333333330e-01
faceCenterPointX: 263
faceCenterPointY: 83
headPositionsX: [ 261, 261, 262, 263, 263, 261, 262, 265, 264, 262, 265,
    262, 261, 260, 262, 261, 264, 262, 264, 263, 260, 263, 260, 262, 261,
    259, 260, 263, 263, 262, 260, 261, 259, 262, 262, 261, 261, 260, 265,
    261, 262, 263, 263, 260, 261, 259, 261, 266, 265, 269, 273, 279, 279,
    279, 281, 275, 271, 267, 260, 253, 252, 252, 254, 259, 263, 267, 269,
    272, 275, 270, 270, 266, 261, 258, 255, 252, 254, 253, 258, 256, 257,
    261, 261, 263, 266, 266, 268, 265, 266, 267, 262, 263, 264, 263, 260,
    262, 261, 264, 266, 263 ]
headPositionsY: [ 85, 84, 84, 85, 85, 81, 81, 85, 82, 85, 85, 82, 84, 83,
    81, 85, 85, 83, 85, 81, 85, 83, 83, 84, 84, 85, 81, 81, 85, 82, 82,
    83, 83, 83, 85, 85, 82, 85, 84, 81, 84, 81, 82, 83, 84, 83, 83, 84,
    85, 83, 80, 81, 80, 81, 83, 84, 80, 82, 84, 80, 81, 80, 84, 81, 81,
    85, 81, 82, 80, 82, 83, 84, 81, 84, 81, 80, 81, 82, 83, 85, 82, 82,
    83, 82, 82, 85, 81, 84, 84, 86, 85, 85, 81, 82, 83, 82, 81, 83, 83,
    80 ]
