%YAML:1.0
---
videoName: "headShake13.mp4"
gestureLabel: 201
fps: 29
pixelSizeInCmTemp: 3.2364864864864862e-01
faceCenterPointX: 241
faceCenterPointY: 77
headPositionsX: [ 240, 241, 240, 243, 240, 239, 243, 242, 240, 240, 239,
    242, 244, 240, 239, 240, 242, 242, 243, 240, 243, 244, 240, 239, 239,
    239, 243, 241, 242, 240, 241, 240, 238, 239, 244, 248, 249, 255, 261,
    259, 263, 260, 257, 254, 249, 242, 240, 232, 229, 229, 231, 234, 238,
    241, 246, 247, 248, 251, 251, 250, 245, 239, 238, 236, 234, 231, 231,
    232, 238, 243, 243, 249, 249, 254, 248, 252, 247, 243, 240, 236, 237,
    235, 233, 232, 233, 233, 239, 241, 243, 241, 246, 242, 245, 246, 244,
    242, 241, 240, 239, 242 ]
headPositionsY: [ 77, 75, 78, 78, 76, 76, 78, 76, 76, 74, 75, 78, 75, 79,
    78, 76, 76, 78, 76, 74, 76, 78, 77, 74, 77, 76, 76, 77, 76, 76, 78,
    77, 78, 75, 78, 75, 73, 75, 72, 72, 76, 73, 74, 76, 79, 77, 77, 75,
    77, 79, 75, 76, 77, 76, 79, 78, 75, 74, 77, 75, 77, 77, 76, 75, 79,
    76, 77, 77, 77, 78, 78, 78, 78, 78, 75, 75, 75, 75, 74, 78, 74, 78,
    76, 78, 75, 76, 78, 77, 78, 78, 78, 74, 77, 77, 77, 78, 79, 77, 76,
    75 ]
