%YAML:1.0
---
videoName: "headNod6.mp4"
gestureLabel: 202
fps: 29
pixelSizeInCmTemp: 3.1513157894736843e-01
faceCenterPointX: 262
faceCenterPointY: 73
headPositionsX: [ 262, 261, 261, 263, 260, 263, 263, 260, 264, 263, 264,
    264, 261, 263, 263, 263, 261, 259, 265, 260, 265, 264, 261, 261, 264,
    263, 263, 263, 264, 262, 261, 262, 263, 265, 262, 261, 263, 261, 263,
    265, 262, 263, 263, 262, 264, 260, 261, 263, 259, 261, 263, 262, 262,
    263, 261, 261, 262, 260, 263, 258, 262, 258, 259, 262, 258, 260, 259,
    258, 263, 262, 263, 259, 261, 262, 262, 262, 262, 258, 264, 263, 263,
    264, 263, 262, 259, 259, 260, 261, 263, 264, 264, 263, 263, 261, 262,
    260, 260, 261, 260, 261 ]
headPositionsY: [ 74, 72, 75, 74, 73, 71, 75, 74, 75, 76, 71, 74, 74, 76,
    74, 73, 76, 71, 74, 73, 72, 73, 76, 74, 76, 74, 73, 73, 73, 76, 75,
    75, 73, 70, 68, 64, 64, 66, 67, 71, 71, 79, 82, 84, 82, 79, 76, 75,
    68, 66, 65, 70, 72, 77, 82, 84, 81, 79, 78, 72, 70, 71, 69, 67, 71,
    72, 75, 80, 82, 83, 78, 73, 70, 69, 64, 65, 67, 66, 69, 75, 80, 81,
    83, 81, 81, 81, 73, 74, 73, 68, 70, 71, 71, 73, 72, 72, 71, 73, 70,
    72 ]
