%YAML:1.0
---
videoName: "headNod16.mp4"
gestureLabel: 202
fps: 29
pixelSizeInCmTemp: 3.3263888888888887e-01
faceCenterPointX: 255
faceCenterPointY: 77
headPositionsX: [ 254, 258, 261, 261, 257, 259, 257, 260, 257, 257, 258,
    261, 258, 260, 260, 258, 258, 258, 260, 260, 258, 256, 259, 258, 260,
    259, 259, 261, 257, 261, 258, 258, 257, 256, 259, 260, 257, 260, 259,
    261, 260, 259, 260, 259, 261, 260, 261, 258, 257, 259, 259, 260, 258,
    259, 260, 257, 257, 256, 257, 259, 256, 256, 258, 254, 254, 257, 253,
    257, 256, 258, 256, 256, 257, 253, 254, 254, 254, 255, 254, 256, 256,
    253, 254, 256, 256, 254, 257, 257, 257, 255, 256, 257, 254, 255, 253,
    254, 258, 257, 255, 254 ]
headPositionsY: [ 78, 74, 73, 73, 74, 74, 75, 75, 76, 76, 74, 74, 77, 75,
    76, 76, 74, 76, 77, 73, 75, 76, 77, 76, 75, 72, 76, 73, 74, 75, 77,
    76, 74, 73, 75, 73, 72, 69, 68, 68, 71, 71, 73, 76, 78, 79, 81, 84,
    82, 81, 74, 76, 70, 68, 70, 69, 74, 74, 76, 80, 81, 85, 80, 80, 77,
    76, 74, 72, 68, 69, 70, 76, 73, 81, 82, 79, 82, 75, 76, 70, 70, 69,
    71, 71, 72, 75, 73, 80, 77, 76, 77, 76, 74, 75, 73, 77, 79, 75, 77,
    79 ]
