%YAML:1.0
---
videoName: "headNod27.mp4"
gestureLabel: 202
fps: 29
pixelSizeInCmTemp: 3.0705128205128202e-01
faceCenterPointX: 271
faceCenterPointY: 77
headPositionsX: [ 269, 271, 272, 269, 274, 271, 273, 274, 270, 274, 270,
    272, 272, 271, 274, 271, 272, 271, 271, 272, 275, 271, 271, 274, 272,
    273, 275, 269, 274, 272, 270, 269, 269, 272, 268, 268, 267, 268, 270,
    267, 267, 272, 268, 271, 271, 269, 271, 269, 270, 272, 269, 270, 269,
    268, 268, 272, 268, 269, 268, 268, 268, 270, 267, 270, 270, 269, 269,
    265, 271, 267, 266, 267, 269, 267, 270, 271, 270, 269, 267, 267, 271,
    267, 269, 267, 271, 270, 270, 267, 272, 268, 272, 270, 273, 271, 269,
    271, 268, 268, 270, 272 ]
headPositionsY: [ 79, 73, 72, 71, 74, 71, 75, 75, 75, 72, 74, 74, 73, 75,
    72, 74, 73, 76, 73, 73, 71, 72, 71, 68, 63, 65, 62, 63, 65, 67, 68,
    77, 83, 82, 86, 83, 83, 76, 76, 71, 66, 69, 67, 70, 71, 71, 74, 76,
    81, 80, 79, 78, 74, 70, 71, 69, 71, 69, 74, 77, 76, 82, 82, 81, 83,
    80, 75, 74, 72, 72, 74, 73, 73, 77, 77, 78, 77, 79, 78, 71, 74, 72,
    69, 68, 73, 74, 74, 79, 77, 81, 77, 78, 80, 78, 76, 76, 76, 75, 76,
    74 ]
