%YAML:1.0
---
videoName: "headNod33.mp4"
gestureLabel: 202
fps: 29
pixelSizeInCmTemp: 2.9567901234567900e-01
faceCenterPointX: 268
faceCenterPointY: 74
headPositionsX: [ 267, 268, 267, 268, 266, 268, 272, 272, 272, 272, 268,
    270, 268, 270, 268, 271, 270, 270, 268, 269, 271, 271, 272, 268, 269,
    270, 267, 269, 269, 266, 269, 270, 268, 267, 268, 270, 271, 270, 272,
    270, 270, 267, 268, 272, 268, 271, 271, 268, 271, 267, 271, 266, 268,
    270, 266, 269, 266, 268, 265, 267, 268, 268, 265, 267, 268, 267, 269,
    266, 266, 266, 265, 265, 268, 267, 266, 267, 268, 267, 268, 268, 267,
    269, 266, 267, 267, 267, 270, 269, 265, 268, 266, 268, 268, 268, 268,
    266, 266, 269, 270, 265 ]
headPositionsY: [ 75, 73, 72, 69, 73, 73, 72, 71, 70, 70, 73, 71, 72, 70,
    72, 73, 73, 70, 71, 71, 74, 72, 70, 70, 72, 70, 73, 74, 73, 74, 74,
    73, 72, 72, 78, 75, 77, 74, 72, 71, 68, 66, 64, 66, 67, 65, 69, 75,
    77, 79, 84, 81, 81, 79, 74, 72, 71, 69, 68, 70, 70, 71, 70, 74, 76,
    75, 77, 80, 75, 75, 72, 72, 74, 72, 72, 72, 70, 74, 73, 76, 73, 76,
    77, 79, 80, 75, 78, 77, 76, 77, 74, 73, 77, 77, 77, 77, 77, 75, 73,
    75 ]
