%YAML:1.0
---
videoName: "headShake6.mp4"
gestureLabel: 201
fps: 29
pixelSizeInCmTemp: 3.2808219178082193e-01
faceCenterPointX: 244
faceCenterPointY: 68
headPositionsX: [ 245, 243, 243, 248, 246, 245, 245, 244, 244, 246, 247,
    246, 247, 245, 243, 245, 245, 245, 246, 245, 247, 246, 245, 242, 243,
    243, 243, 248, 249, 251, 256, 256, 259, 260, 263, 261, 257, 254, 245,
    244, 236, 233, 230, 231, 231, 237, 242, 250, 253, 255, 257, 259, 256,
    254, 248, 242, 240, 235, 229, 232, 230, 233, 237, 244, 245, 249, 253,
    253, 251, 249, 244, 243, 240, 241, 237, 237, 237, 237, 238, 241, 240,
    240, 245, 241, 246, 244, 243, 244, 243, 246, 243, 244, 245, 245, 245,
    243, 245, 245, 243, 246 ]
headPositionsY: [ 69, 65, 67, 65, 68, 66, 66, 67, 69, 67, 64, 67, 67, 65,
    69, 66, 68, 69, 65, 67, 68, 67, 66, 65, 69, 65, 67, 67, 67, 69, 68,
    65, 65, 65, 65, 64, 66, 70, 67, 69, 67, 66, 67, 65, 66, 67, 66, 71,
    68, 69, 65, 65, 66, 68, 68, 70, 69, 65, 70, 66, 67, 65, 67, 67, 69,
    67, 69, 67, 65, 69, 68, 67, 70, 66, 68, 67, 66, 65, 66, 69, 69, 66,
    67, 67, 70, 68, 71, 69, 68, 70, 67, 71, 67, 71, 67, 69, 70, 70, 69,
    66 ]
