%YAML:1.0
---
videoName: "headNod1.mp4"
gestureLabel: 202
fps: 29
pixelSizeInCmTemp: 3.2808219178082193e-01
faceCenterPointX: 263
faceCenterPointY: 78
headPositionsX: [ 262, 262, 261, 263, 265, 264, 260, 266, 262, 264, 262,
    265, 261, 262, 264, 264, 263, 263, 262, 264, 266, 265, 266, 263, 262,
    266, 267, 264, 263, 263, 263, 264, 261, 263, 264, 265, 266, 265, 266,
    264, 264, 264, 266, 266, 264, 266, 267, 263, 267, 264, 264, 262, 265,
    264, 263, 261, 261, 262, 263, 260, 264, 264, 261, 262, 262, 263, 265,
    263, 261, 263, 263, 262, 261, 265, 262, 263, 260, 262, 263, 263, 261,
    261, 259, 262, 264, 260, 261, 264, 262, 263, 262, 263, 261, 263, 264,
    263, 262, 263, 261, 264 ]
headPositionsY: [ 78, 73, 74, 73, 74, 73, 76, 75, 77, 75, 73, 77, 74, 77,
    74, 73, 75, 75, 73, 73, 72, 74, 73, 75, 77, 75, 77, 76, 75, 75, 77,
    75, 75, 76, 73, 72, 71, 69, 64, 62, 62, 62, 61, 62, 66, 66, 68, 69,
    69, 74, 78, 79, 81, 81, 82, 81, 78, 78, 77, 70, 71, 70, 65, 67, 64,
    67, 70, 71, 75, 78, 76, 77, 77, 78, 75, 72, 66, 67, 65, 64, 66, 65,
    69, 73, 73, 73, 78, 80, 80, 84, 84, 84, 80, 82, 80, 77, 81, 80, 79,
    77 ]
