%YAML:1.0
---
videoName: "headNod10.mp4"
gestureLabel: 202
fps: 29
pixelSizeInCmTemp: 3.2808219178082193e-01
faceCenterPointX: 260
faceCenterPointY: 67
headPositionsX: [ 259, 258, 259, 256, 260, 258, 256, 256, 257, 260, 259,
    260, 261, 259, 257, 258, 259, 258, 259, 257, 259, 257, 257, 260, 258,
    260, 257, 257, 256, 258, 258, 257, 259, 261, 258, 259, 261, 261, 258,
    258, 257, 259, 261, 259, 262, 262, 258, 259, 263, 259, 263, 262, 260,
    258, 262, 257, 256, 257, 260, 259, 262, 260, 262, 261, 260, 258, 260,
    260, 261, 260, 260, 257, 257, 260, 257, 259, 256, 257, 257, 259, 257,
    258, 260, 260, 256, 259, 260, 257, 260, 260, 260, 258, 259, 262, 262,
    258, 262, 263, 258, 261 ]
headPositionsY: [ 66, 71, 71, 72, 71, 69, 70, 70, 72, 72, 68, 72, 69, 70,
    69, 68, 72, 71, 70, 68, 72, 72, 68, 69, 72, 72, 69, 69, 71, 68, 70,
    71, 72, 71, 68, 71, 70, 72, 70, 71, 70, 71, 73, 69, 66, 69, 65, 61,
    60, 61, 65, 67, 66, 74, 72, 73, 74, 73, 68, 67, 65, 63, 64, 63, 67,
    70, 73, 76, 78, 76, 74, 72, 68, 65, 66, 65, 66, 66, 71, 71, 76, 78,
    77, 76, 72, 71, 70, 68, 67, 67, 65, 68, 68, 65, 66, 66, 69, 68, 68,
    67 ]
