%YAML:1.0
---
videoName: "headLookUp0.mp4"
gestureLabel: 205
fps: 29
pixelSizeInCmTemp: 3.6846153846153845e-01
faceCenterPointX: 258
faceCenterPointY: 66
headPositionsX: [ 259, 260, 260, 261, 259, 261, 257, 259, 258, 258, 260,
    262, 261, 257, 258, 258, 258, 260, 258, 262, 257, 257, 261, 260, 257,
    258, 256, 259, 261, 261, 260, 261, 257, 260, 261, 256, 261, 261, 258,
    257, 261, 260, 258, 256, 260, 258, 259, 261, 260, 259, 259, 259, 256,
    259, 258, 260, 260, 258, 256, 259, 260, 258, 257, 259, 260, 259, 260,
    258, 258, 260, 258, 260, 260, 256, 258, 255, 258, 258, 255, 259, 257,
    257, 260, 258, 258, 258, 261, 255, 257, 259, 257, 260, 258, 259, 259,
    258, 260, 259, 258, 260 ]
headPositionsY: [ 67, 80, 78, 81, 79, 79, 83, 81, 83, 78, 78, 79, 77, 79,
    78, 78, 76, 73, 72, 75, 72, 70, 72, 71, 71, 66, 65, 69, 67, 70, 67,
    69, 67, 66, 64, 67, 64, 65, 66, 63, 69, 65, 68, 66, 66, 67, 65, 68,
    69, 70, 66, 67, 65, 65, 66, 65, 66, 68, 67, 66, 67, 69, 68, 67, 67,
    65, 67, 68, 66, 66, 65, 67, 66, 68, 69, 66, 69, 68, 66, 66, 66, 70,
    66, 68, 67, 69, 68, 68, 66, 69, 69, 67, 69, 69, 68, 65, 67, 66, 67,
    69 ]
