%YAML:1.0
---
videoName: "headLookUp6.mp4"
gestureLabel: 205
fps: 30
pixelSizeInCmTemp: 3.7421874999999999e-01
faceCenterPointX: 255
faceCenterPointY: 70
headPositionsX: [ 255, 254, 255, 258, 258, 258, 253, 255, 255, 253, 256,
    255, 258, 253, 256, 253, 255, 254, 256, 257, 254, 257, 254, 253, 254,
    255, 256, 257, 254, 254, 254, 257, 256, 253, 252, 253, 253, 257, 254,
    256, 254, 255, 256, 253, 257, 256, 253, 255, 255, 254, 254, 254, 253,
    257, 254, 257, 252, 256, 254, 252, 253, 254, 254, 254, 253, 253, 255,
    253, 256, 256, 255, 256, 256, 254, 256, 254, 254, 256, 254, 254, 254,
    256, 254, 256, 255, 255, 252, 254, 253, 255, 255, 252, 254, 256, 254,
    254, 253, 253, 252, 255 ]
headPositionsY: [ 68, 85, 81, 84, 82, 81, 82, 85, 85, 84, 82, 81, 83, 86,
    84, 82, 82, 83, 83, 83, 82, 83, 81, 80, 79, 82, 78, 80, 75, 73, 72,
    72, 73, 72, 69, 70, 70, 68, 71, 70, 68, 70, 67, 68, 72, 67, 69, 71,
    69, 67, 68, 67, 68, 67, 67, 66, 70, 69, 68, 69, 67, 70, 70, 67, 70,
    67, 70, 70, 69, 71, 68, 70, 69, 71, 71, 68, 71, 71, 70, 69, 72, 70,
    70, 72, 70, 70, 70, 69, 72, 69, 71, 71, 72, 70, 67, 71, 71, 67, 72,
    69 ]
