%YAML:1.0
---
videoName: "headNod5.mp4"
gestureLabel: 202
fps: 29
pixelSizeInCmTemp: 3.1513157894736843e-01
faceCenterPointX: 263
faceCenterPointY: 75
headPositionsX: [ 261, 265, 261, 261, 261, 265, 264, 261, 264, 261, 262,
    261, 264, 262, 262, 263, 266, 263, 264, 264, 266, 266, 264, 266, 265,
    264, 264, 265, 266, 265, 266, 266, 267, 263, 266, 267, 264, 268, 265,
    266, 268, 265, 264, 264, 267, 266, 264, 267, 264, 264, 267, 268, 263,
    262, 265, 265, 264, 262, 265, 264, 266, 263, 265, 262, 263, 266, 264,
    265, 263, 264, 262, 265, 265, 264, 266, 265, 266, 263, 264, 264, 265,
    263, 263, 261, 266, 260, 265, 265, 264, 263, 264, 265, 263, 262, 261,
    261, 263, 263, 263, 265 ]
headPositionsY: [ 75, 74, 75, 72, 75, 71, 76, 72, 76, 74, 74, 73, 73, 77,
    76, 75, 73, 73, 75, 73, 76, 78, 78, 78, 73, 75, 74, 77, 77, 74, 75,
    78, 74, 77, 80, 79, 80, 78, 79, 75, 75, 77, 79, 75, 78, 78, 76, 80,
    77, 77, 81, 80, 82, 85, 85, 81, 80, 76, 77, 75, 76, 78, 83, 85, 85,
    88, 87, 82, 77, 77, 76, 76, 77, 78, 84, 85, 86, 83, 80, 80, 75, 73,
    73, 76, 77, 79, 76, 83, 80, 81, 78, 78, 75, 73, 75, 72, 74, 76, 73,
    74 ]
