%YAML:1.0
---
videoName: "headShake44.mp4"
gestureLabel: 201
fps: 30
pixelSizeInCmTemp: 3.2808219178082193e-01
faceCenterPointX: 260
faceCenterPointY: 84
headPositionsX: [ 260, 260, 262, 260, 260, 260, 260, 259, 259, 263, 262,
    263, 261, 261, 261, 263, 261, 263, 261, 263, 262, 263, 262, 263, 259,
    259, 263, 262, 262, 261, 260, 263, 260, 262, 261, 261, 262, 260, 264,
    261, 267, 271, 274, 275, 276, 273, 271, 267, 261, 258, 251, 252, 250,
    254, 254, 260, 268, 272, 270, 272, 265, 262, 260, 255, 255, 254, 259,
    266, 267, 272, 269, 269, 266, 262, 256, 255, 254, 250, 252, 257, 257,
    258, 258, 261, 263, 262, 264, 260, 261, 263, 261, 260, 262, 261, 262,
    259, 262, 259, 259, 263 ]
headPositionsY: [ 83, 82, 81, 81, 81, 82, 83, 83, 81, 81, 81, 80, 85, 81,
    85, 81, 83, 84, 81, 83, 83, 83, 84, 80, 82, 82, 84, 81, 84, 84, 81,
    85, 82, 83, 85, 84, 82, 84, 82, 83, 84, 81, 80, 82, 84, 84, 82, 83,
    84, 85, 85, 86, 82, 85, 83, 86, 82, 84, 84, 84, 86, 84, 82, 82, 84,
    84, 86, 84, 82, 82, 82, 84, 85, 86, 85, 85, 86, 82, 82, 83, 86, 82,
    82, 86, 85, 84, 84, 86, 87, 86, 85, 82, 85, 85, 86, 85, 84, 84, 86,
    85 ]
