%YAML:1.0
---
videoName: "headLookUp0.mp4"
gestureLabel: 205
fps: 29
pixelSizeInCmTemp: 3.6846153846153845e-01
faceCenterPointX: 258
faceCenterPointY: 66
headPositionsX: [ 258, 258, 261, 260, 261, 260, 258, 260, 262, 258, 260,
    262, 260, 261, 257, 257, 259, 260, 259, 259, 257, 259, 262, 257, 257,
    259, 258, 258, 259, 260, 261, 259, 257, 260, 257, 258, 258, 260, 257,
    256, 257, 260, 262, 259, 258, 258, 259, 257, 261, 259, 257, 257, 260,
    260, 258, 261, 260, 259, 259, 257, 257, 261, 256, 259, 257, 257, 260,
    255, 260, 256, 258, 260, 256, 258, 258, 259, 258, 258, 255, 256, 258,
    258, 258, 257, 258, 257, 259, 255, 258, 258, 258, 257, 256, 259, 259,
    258, 261, 258, 260, 258 ]
headPositionsY: [ 65, 82, 82, 79, 82, 83, 80, 79, 79, 79, 79, 79, 77, 77,
    78, 79, 76, 74, 72, 74, 75, 71, 68, 67, 71, 68, 69, 65, 66, 68, 69,
    65, 64, 66, 65, 64, 64, 65, 66, 67, 65, 65, 66, 67, 65, 67, 66, 67,
    69, 69, 69, 66, 66, 69, 67, 68, 66, 66, 68, 66, 65, 66, 65, 67, 65,
    65, 66, 68, 67, 67, 63, 70, 66, 66, 69, 70, 68, 69, 68, 69, 69, 66,
    65, 67, 69, 66, 66, 68, 68, 67, 66, 67, 67, 67, 66, 65, 68, 68, 66,
    69 ]
