%YAML:1.0
---
videoName: "headNod12.mp4"
gestureLabel: 202
fps: 29
pixelSizeInCmTemp: 3.2808219178082193e-01
faceCenterPointX: 254
faceCenterPointY: 69
headPositionsX: [ 256, 255, 252, 254, 252, 254, 252, 255, 253, 256, 257,
    255, 254, 257, 257, 259, 254, 258, 257, 255, 254, 255, 258, 253, 256,
    257, 255, 255, 256, 257, 256, 254, 256, 256, 257, 255, 255, 253, 252,
    255, 253, 256, 256, 252, 254, 254, 256, 253, 253, 255, 252, 257, 254,
    256, 252, 251, 254, 252, 256, 255, 253, 255, 257, 256, 254, 256, 254,
    254, 252, 252, 253, 253, 252, 256, 252, 255, 256, 255, 256, 255, 256,
    253, 254, 254, 256, 254, 253, 258, 254, 255, 254, 257, 254, 256, 253,
    254, 255, 254, 253, 256 ]
headPositionsY: [ 70, 74, 73, 75, 71, 70, 74, 71, 72, 75, 75, 77, 73, 73,
    73, 71, 74, 73, 75, 74, 74, 71, 72, 72, 73, 74, 74, 74, 76, 75, 75,
    74, 75, 74, 74, 72, 71, 70, 68, 64, 65, 61, 61, 60, 65, 67, 70, 70,
    70, 76, 78, 79, 77, 79, 76, 75, 69, 67, 65, 66, 66, 63, 61, 64, 64,
    66, 69, 69, 75, 73, 76, 77, 76, 74, 71, 68, 67, 69, 70, 65, 64, 68,
    67, 66, 70, 71, 68, 73, 72, 71, 75, 76, 73, 73, 74, 72, 73, 70, 71,
    69 ]
