%YAML:1.0
---
videoName: "headNod31.mp4"
gestureLabel: 202
fps: 29
pixelSizeInCmTemp: 2.8855421686746985e-01
faceCenterPointX: 267
faceCenterPointY: 75
headPositionsX: [ 267, 271, 268, 269, 268, 270, 268, 272, 272, 269, 269,
    270, 268, 270, 267, 268, 269, 268, 268, 268, 266, 266, 266, 268, 268,
    267, 266, 267, 268, 267, 266, 267, 269, 271, 268, 267, 268, 268, 268,
    270, 268, 268, 268, 269, 267, 266, 268, 267, 267, 269, 266, 266, 268,
    265, 268, 264, 266, 266, 268, 264, 268, 269, 264, 265, 268, 266, 267,
    267, 268, 266, 266, 266, 266, 265, 268, 268, 268, 265, 266, 265, 266,
    267, 264, 266, 265, 267, 268, 268, 265, 268, 268, 265, 266, 266, 265,
    267, 269, 267, 269, 264 ]
headPositionsY: [ 75, 75, 76, 72, 73, 74, 74, 69, 66, 68, 65, 66, 66, 65,
    78, 79, 83, 84, 87, 86, 87, 84, 79, 77, 74, 74, 73, 71, 67, 70, 67,
    68, 71, 76, 80, 83, 82, 84, 87, 85, 86, 81, 82, 76, 76, 72, 76, 72,
    75, 77, 81, 82, 84, 82, 82, 81, 78, 74, 75, 73, 73, 70, 67, 68, 73,
    72, 73, 79, 79, 83, 81, 79, 76, 75, 74, 73, 73, 72, 72, 72, 74, 73,
    76, 76, 77, 77, 75, 74, 73, 72, 73, 76, 73, 76, 73, 76, 74, 76, 78,
    77 ]
