%YAML:1.0
---
videoName: "headNod1.mp4"
gestureLabel: 202
fps: 29
pixelSizeInCmTemp: 3.2808219178082193e-01
faceCenterPointX: 263
faceCenterPointY: 78
headPositionsX: [ 261, 263, 264, 262, 265, 263, 261, 262, 264, 261, 262,
    266, 263, 261, 263, 266, 261, 265, 263, 266, 263, 263, 264, 262, 263,
    263, 265, 263, 265, 264, 265, 262, 263, 263, 263, 265, 266, 262, 265,
    263, 268, 266, 265, 264, 264, 263, 265, 266, 265, 262, 265, 265, 263,
    261, 262, 262, 262, 263, 262, 261, 263, 265, 263, 262, 261, 263, 267,
    266, 262, 265, 263, 262, 264, 265, 263, 263, 263, 259, 260, 264, 259,
    261, 260, 260, 260, 261, 264, 264, 264, 260, 260, 263, 260, 263, 263,
    264, 261, 262, 265, 264 ]
headPositionsY: [ 78, 74, 75, 76, 75, 77, 75, 77, 77, 75, 75, 77, 75, 74,
    73, 77, 73, 74, 76, 75, 72, 72, 74, 76, 74, 73, 73, 75, 75, 75, 73,
    74, 75, 72, 75, 71, 69, 67, 66, 65, 66, 65, 64, 66, 63, 67, 67, 69,
    72, 77, 78, 81, 83, 80, 81, 79, 80, 77, 76, 72, 68, 69, 65, 66, 67,
    68, 71, 72, 76, 78, 80, 76, 77, 76, 73, 70, 67, 65, 68, 63, 64, 69,
    70, 70, 74, 74, 76, 81, 79, 82, 81, 82, 82, 82, 80, 76, 78, 78, 78,
    79 ]
