%YAML:1.0
---
videoName: "headLookUp1.mp4"
gestureLabel: 205
fps: 29
pixelSizeInCmTemp: 3.7421874999999999e-01
faceCenterPointX: 258
faceCenterPointY: 66
headPositionsX: [ 259, 257, 261, 261, 258, 261, 260, 257, 259, 257, 257,
    261, 260, 261, 258, 258, 262, 259, 261, 261, 261, 258, 260, 260, 259,
    257, 258, 261, 260, 257, 258, 260, 260, 257, 260, 258, 257, 259, 259,
    259, 261, 260, 259, 257, 258, 256, 257, 258, 258, 260, 261, 258, 259,
    257, 259, 254, 260, 255, 255, 258, 256, 259, 258, 260, 254, 259, 259,
    257, 256, 256, 260, 256, 259, 257, 257, 255, 261, 258, 260, 256, 260,
    257, 259, 257, 256, 260, 259, 256, 260, 260, 259, 257, 260, 256, 258,
    255, 257, 260, 256, 260 ]
headPositionsY: [ 67, 81, 81, 81, 82, 83, 79, 81, 82, 81, 81, 79, 82, 81,
    78, 82, 81, 82, 80, 83, 82, 82, 81, 81, 81, 80, 82, 82, 79, 80, 82,
    82, 79, 82, 79, 79, 80, 81, 79, 82, 78, 76, 78, 78, 72, 74, 71, 68,
    68, 68, 65, 67, 65, 66, 66, 63, 65, 64, 64, 62, 65, 64, 65, 63, 68,
    65, 66, 64, 68, 63, 65, 65, 67, 67, 69, 67, 67, 67, 66, 66, 64, 65,
    64, 66, 62, 68, 63, 66, 63, 63, 65, 67, 67, 67, 67, 66, 63, 68, 67,
    68 ]
