%YAML:1.0
---
videoName: "headShake43.mp4"
gestureLabel: 201
fps: 29
pixelSizeInCmTemp: 3.2808219178082193e-01
faceCenterPointX: 257
faceCenterPointY: 84
headPositionsX: [ 257, 260, 262, 261, 260, 259, 260, 259, 262, 259, 262,
    262, 257, 261, 260, 261, 262, 258, 261, 258, 261, 260, 263, 260, 262,
    264, 262, 263, 270, 270, 274, 275, 277, 279, 279, 285, 279, 276, 275,
    274, 272, 265, 262, 255, 252, 247, 245, 245, 241, 241, 247, 254, 255,
    262, 267, 270, 270, 273, 272, 272, 271, 267, 263, 258, 251, 246, 243,
    245, 241, 247, 249, 250, 257, 260, 262, 265, 267, 270, 268, 266, 266,
    266, 266, 264, 261, 262, 261, 257, 256, 258, 257, 256, 258, 259, 257,
    257, 258, 255, 258, 255 ]
headPositionsY: [ 82, 84, 85, 86, 85, 86, 87, 85, 85, 86, 85, 85, 86, 85,
    85, 87, 86, 86, 86, 85, 87, 85, 85, 83, 87, 84, 84, 86, 85, 85, 86,
    82, 84, 84, 83, 81, 83, 83, 82, 81, 83, 83, 87, 85, 83, 84, 81, 85,
    82, 83, 85, 82, 85, 85, 84, 83, 84, 83, 80, 80, 83, 82, 83, 84, 83,
    85, 82, 82, 81, 84, 86, 85, 84, 87, 87, 82, 82, 81, 86, 83, 82, 82,
    86, 83, 84, 84, 82, 86, 85, 82, 82, 83, 83, 84, 85, 82, 83, 83, 85,
    83 ]
