%YAML:1.0
---
videoName: "headNod0.mp4"
gestureLabel: 202
fps: 29
pixelSizeInCmTemp: 3.2364864864864862e-01
faceCenterPointX: 264
faceCenterPointY: 76
headPositionsX: [ 263, 269, 267, 269, 270, 269, 268, 268, 266, 268, 267,
    266, 267, 264, 264, 265, 266, 267, 266, 265, 263, 268, 264, 264, 266,
    266, 267, 265, 265, 265, 266, 264, 266, 266, 268, 266, 266, 268, 264,
    268, 268, 265, 264, 262, 263, 264, 264, 262, 262, 264, 267, 266, 263,
    266, 263, 266, 266, 265, 263, 266, 264, 267, 264, 267, 268, 265, 265,
    264, 267, 265, 264, 263, 262, 267, 263, 265, 262, 265, 266, 267, 265,
    263, 263, 267, 262, 263, 262, 266, 264, 266, 264, 263, 265, 267, 265,
    264, 264, 263, 263, 266 ]
headPositionsY: [ 78, 75, 73, 74, 70, 75, 73, 74, 74, 73, 75, 72, 73, 74,
    75, 74, 72, 73, 71, 75, 72, 74, 74, 76, 74, 72, 75, 73, 73, 73, 70,
    67, 63, 66, 65, 63, 62, 62, 64, 65, 67, 70, 74, 73, 80, 80, 83, 84,
    82, 78, 78, 74, 74, 71, 71, 65, 70, 63, 64, 70, 70, 69, 74, 72, 77,
    78, 79, 79, 81, 77, 76, 74, 71, 70, 69, 69, 67, 68, 70, 69, 72, 74,
    75, 76, 76, 79, 79, 80, 81, 77, 79, 75, 76, 75, 78, 76, 77, 73, 74,
    76 ]
