%YAML:1.0
---
videoName: "headShake3.mp4"
gestureLabel: 201
fps: 30
pixelSizeInCmTemp: 3.3263888888888887e-01
faceCenterPointX: 240
faceCenterPointY: 101
headPositionsX: [ 238, 244, 239, 240, 242, 241, 242, 242, 242, 243, 243,
    242, 242, 239, 244, 240, 243, 240, 243, 241, 239, 240, 239, 242, 242,
    242, 243, 243, 239, 239, 239, 239, 239, 244, 247, 247, 251, 254, 257,
    258, 253, 253, 248, 241, 238, 234, 230, 231, 226, 231, 235, 237, 242,
    246, 248, 252, 250, 244, 241, 239, 235, 228, 228, 225, 224, 228, 230,
    236, 241, 241, 245, 245, 247, 247, 243, 244, 241, 237, 236, 232, 235,
    231, 236, 233, 233, 238, 234, 239, 237, 236, 239, 242, 238, 241, 238,
    242, 240, 242, 242, 242 ]
headPositionsY: [ 102, 97, 98, 99, 100, 100, 100, 96, 99, 96, 99, 97,
    100, 96, 97, 100, 99, 100, 97, 98, 97, 101, 102, 101, 99, 98, 98, 99,
    99, 101, 98, 97, 99, 101, 97, 96, 95, 95, 100, 96, 100, 97, 98, 100,
    99, 100, 101, 100, 100, 100, 98, 101, 100, 96, 97, 97, 100, 98, 99,
    101, 100, 99, 100, 99, 95, 100, 97, 100, 98, 100, 98, 101, 97, 101,
    102, 101, 99, 98, 100, 101, 102, 98, 99, 98, 101, 101, 101, 99, 99,
    98, 99, 98, 102, 98, 99, 99, 100, 99, 100, 101 ]
