%YAML:1.0
---
videoName: "headShake45.mp4"
gestureLabel: 201
fps: 30
pixelSizeInCmTemp: 3.3263888888888887e-01
faceCenterPointX: 262
faceCenterPointY: 84
headPositionsX: [ 263, 264, 262, 264, 261, 265, 261, 262, 264, 264, 262,
    263, 262, 262, 263, 263, 261, 264, 260, 264, 260, 262, 261, 264, 264,
    263, 260, 261, 264, 262, 264, 262, 262, 263, 264, 262, 262, 262, 261,
    256, 257, 256, 261, 267, 270, 273, 277, 283, 282, 278, 272, 265, 259,
    256, 253, 254, 256, 261, 266, 269, 274, 272, 271, 266, 263, 261, 257,
    257, 254, 260, 267, 271, 273, 270, 271, 267, 264, 260, 256, 256, 257,
    256, 260, 263, 263, 265, 261, 260, 258, 261, 260, 260, 261, 259, 261,
    262, 261, 262, 260, 264 ]
headPositionsY: [ 84, 82, 80, 79, 80, 83, 82, 83, 83, 84, 80, 84, 82, 84,
    84, 83, 80, 85, 81, 82, 82, 79, 83, 83, 83, 83, 84, 80, 84, 80, 84,
    82, 80, 83, 83, 80, 81, 82, 83, 80, 80, 81, 84, 83, 82, 82, 80, 78,
    81, 82, 84, 85, 83, 81, 81, 84, 84, 85, 81, 81, 83, 83, 81, 82, 85,
    85, 85, 85, 83, 82, 81, 82, 82, 79, 81, 81, 82, 82, 83, 81, 85, 84,
    83, 81, 83, 83, 83, 82, 85, 84, 85, 83, 83, 85, 82, 83, 84, 82, 83,
    82 ]
