%YAML:1.0
---
videoName: "headNod13.mp4"
gestureLabel: 202
fps: 29
pixelSizeInCmTemp: 3.2364864864864862e-01
faceCenterPointX: 253
faceCenterPointY: 79
headPositionsX: [ 254, 249, 253, 252, 254, 252, 255, 252, 254, 252, 256,
    254, 252, 256, 253, 253, 255, 255, 255, 255, 257, 256, 256, 256, 252,
    252, 252, 255, 252, 253, 256, 256, 256, 256, 252, 253, 255, 251, 253,
    252, 254, 251, 252, 255, 255, 251, 251, 252, 255, 252, 252, 252, 256,
    254, 256, 253, 256, 251, 255, 254, 254, 252, 252, 251, 253, 252, 252,
    254, 253, 251, 255, 254, 252, 253, 256, 254, 252, 252, 254, 252, 254,
    254, 256, 255, 255, 254, 257, 254, 253, 254, 256, 254, 253, 255, 255,
    253, 255, 253, 251, 251 ]
headPositionsY: [ 77, 74, 74, 76, 71, 73, 72, 72, 75, 76, 74, 71, 75, 72,
    74, 72, 72, 75, 72, 75, 75, 74, 71, 75, 76, 75, 76, 71, 75, 72, 74,
    73, 73, 75, 75, 73, 72, 73, 73, 75, 73, 75, 74, 76, 72, 75, 74, 72,
    72, 74, 71, 67, 68, 65, 67, 70, 74, 73, 74, 77, 81, 80, 75, 75, 71,
    72, 68, 71, 68, 67, 70, 74, 73, 75, 76, 78, 79, 79, 75, 76, 72, 73,
    71, 73, 73, 74, 75, 80, 81, 78, 80, 80, 78, 78, 76, 80, 79, 80, 79,
    79 ]
