%YAML:1.0
---
videoName: "headNod32.mp4"
gestureLabel: 202
fps: 29
pixelSizeInCmTemp: 2.8855421686746985e-01
faceCenterPointX: 266
faceCenterPointY: 74
headPositionsX: [ 267, 270, 268, 268, 270, 266, 265, 269, 266, 268, 264,
    265, 267, 265, 265, 263, 266, 268, 265, 267, 266, 266, 266, 268, 267,
    268, 265, 266, 267, 266, 268, 265, 264, 267, 265, 265, 265, 267, 270,
    267, 269, 267, 267, 269, 269, 265, 270, 270, 268, 267, 266, 267, 265,
    268, 266, 268, 269, 265, 265, 269, 268, 268, 265, 268, 269, 268, 267,
    267, 265, 268, 265, 266, 265, 266, 268, 267, 264, 266, 268, 267, 265,
    267, 266, 267, 266, 268, 265, 267, 267, 266, 265, 267, 268, 266, 267,
    268, 268, 265, 266, 267 ]
headPositionsY: [ 74, 79, 76, 79, 77, 79, 79, 80, 80, 77, 79, 78, 76, 79,
    78, 77, 78, 75, 78, 79, 75, 75, 78, 77, 76, 77, 78, 79, 76, 79, 77,
    76, 78, 79, 76, 75, 78, 77, 78, 78, 78, 76, 79, 78, 76, 77, 76, 77,
    80, 77, 79, 78, 80, 78, 78, 74, 76, 74, 73, 75, 68, 66, 67, 65, 65,
    66, 67, 72, 79, 84, 87, 88, 90, 86, 83, 82, 76, 75, 71, 72, 73, 71,
    70, 72, 73, 73, 72, 74, 75, 76, 75, 76, 78, 75, 72, 73, 76, 75, 73,
    74 ]
