%YAML:1.0
---
videoName: "headNod49.mp4"
gestureLabel: 202
fps: 29
pixelSizeInCmTemp: 2.9207317073170730e-01
faceCenterPointX: 263
faceCenterPointY: 74
headPositionsX: [ 264, 265, 265, 267, 268, 264, 263, 266, 264, 262, 266,
    262, 266, 262, 265, 262, 265, 266, 263, 266, 265, 265, 262, 263, 265,
    263, 265, 266, 264, 265, 266, 262, 261, 265, 262, 262, 262, 264, 262,
    263, 264, 262, 262, 264, 265, 265, 264, 264, 261, 262, 261, 265, 265,
    266, 264, 264, 264, 265, 262, 265, 263, 262, 266, 264, 262, 264, 265,
    262, 264, 263, 266, 263, 266, 266, 265, 262, 265, 263, 264, 261, 261,
    262, 264, 261, 264, 263, 261, 262, 262, 263, 265, 263, 265, 263, 263,
    262, 261, 261, 261, 263 ]
headPositionsY: [ 75, 69, 69, 73, 70, 74, 71, 71, 73, 71, 73, 69, 71, 70,
    68, 66, 66, 66, 66, 71, 69, 72, 72, 74, 79, 79, 78, 77, 77, 76, 72,
    70, 71, 71, 71, 72, 73, 73, 73, 79, 81, 79, 78, 77, 73, 70, 73, 70,
    70, 72, 71, 71, 77, 76, 76, 79, 78, 79, 75, 75, 74, 71, 74, 74, 72,
    74, 75, 79, 81, 76, 79, 77, 77, 74, 76, 76, 75, 76, 74, 76, 77, 75,
    75, 74, 74, 77, 73, 72, 72, 76, 76, 73, 73, 73, 71, 76, 74, 73, 73,
    72 ]
