%YAML:1.0
---
videoName: "headLookUp2.mp4"
gestureLabel: 205
fps: 29
pixelSizeInCmTemp: 3.7421874999999999e-01
faceCenterPointX: 254
faceCenterPointY: 67
headPositionsX: [ 252, 257, 257, 255, 258, 254, 254, 257, 256, 254, 254,
    257, 255, 254, 254, 253, 257, 257, 255, 257, 256, 255, 254, 254, 257,
    254, 256, 256, 255, 256, 252, 256, 254, 255, 256, 256, 253, 256, 254,
    252, 254, 255, 255, 253, 253, 253, 256, 253, 255, 256, 256, 256, 255,
    256, 254, 254, 255, 254, 254, 253, 254, 255, 253, 254, 254, 252, 255,
    254, 256, 253, 256, 251, 251, 256, 252, 253, 253, 254, 253, 254, 254,
    254, 256, 253, 254, 255, 253, 255, 255, 253, 254, 253, 254, 256, 255,
    256, 255, 253, 256, 252 ]
headPositionsY: [ 67, 82, 80, 81, 79, 80, 81, 83, 82, 79, 80, 80, 83, 79,
    78, 80, 83, 80, 79, 81, 81, 82, 80, 80, 84, 82, 80, 80, 79, 83, 82,
    83, 82, 83, 81, 78, 78, 81, 78, 80, 78, 80, 78, 74, 75, 76, 72, 69,
    72, 70, 68, 68, 70, 70, 68, 71, 68, 69, 65, 66, 66, 67, 66, 68, 68,
    68, 68, 68, 71, 68, 66, 65, 67, 69, 69, 69, 66, 70, 70, 68, 68, 68,
    67, 69, 67, 67, 68, 67, 66, 67, 68, 67, 66, 67, 66, 65, 67, 68, 70,
    66 ]
