%YAML:1.0
---
videoName: "headNod32.mp4"
gestureLabel: 202
fps: 29
pixelSizeInCmTemp: 2.8855421686746985e-01
faceCenterPointX: 266
faceCenterPointY: 74
headPositionsX: [ 265, 268, 266, 268, 268, 265, 266, 267, 265, 266, 265,
    264, 264, 266, 267, 263, 265, 265, 267, 265, 264, 268, 264, 265, 265,
    266, 266, 265, 266, 268, 267, 264, 265, 267, 267, 269, 268, 269, 267,
    269, 266, 266, 268, 265, 269, 265, 268, 268, 268, 266, 267, 269, 268,
    267, 267, 269, 267, 268, 267, 265, 265, 269, 265, 269, 265, 269, 267,
    266, 267, 267, 267, 267, 266, 264, 266, 266, 264, 266, 264, 263, 263,
    267, 265, 263, 267, 267, 268, 265, 269, 265, 266, 269, 269, 265, 267,
    268, 266, 268, 269, 268 ]
headPositionsY: [ 73, 78, 76, 80, 81, 78, 76, 78, 77, 76, 75, 78, 80, 79,
    77, 79, 75, 75, 75, 75, 78, 75, 79, 76, 79, 76, 76, 79, 79, 79, 78,
    77, 79, 75, 80, 76, 76, 78, 80, 76, 76, 79, 77, 79, 79, 79, 80, 76,
    76, 79, 80, 78, 80, 75, 77, 75, 73, 75, 74, 77, 69, 68, 65, 65, 66,
    69, 67, 72, 79, 82, 87, 89, 88, 88, 85, 82, 75, 72, 71, 70, 73, 72,
    70, 69, 72, 76, 75, 75, 73, 76, 75, 75, 75, 76, 72, 77, 74, 76, 75,
    75 ]
