%YAML:1.0
---
videoName: "headLookDown9.mp4"
gestureLabel: 206
fps: 29
pixelSizeInCmTemp: 3.5220588235294115e-01
faceCenterPointX: 274
faceCenterPointY: 97
headPositionsX: [ 275, 271, 272, 274, 270, 275, 271, 271, 272, 273, 274,
    273, 270, 275, 274, 271, 273, 275, 273, 273, 272, 274, 273, 272, 274,
    272, 272, 272, 274, 271, 273, 275, 272, 271, 271, 272, 272, 274, 271,
    273, 270, 274, 271, 275, 271, 273, 274, 272, 272, 273, 274, 271, 272,
    271, 275, 271, 273, 271, 274, 271, 273, 273, 270, 272, 272, 272, 272,
    273, 270, 271, 274, 274, 271, 273, 271, 272, 272, 274, 274, 272, 273,
    271, 274, 270, 275, 272, 275, 272, 272, 275, 276, 274, 273, 272, 274,
    273, 271, 270, 275, 272 ]
headPositionsY: [ 98, 78, 83, 79, 81, 79, 78, 80, 79, 79, 84, 78, 80, 79,
    80, 80, 81, 78, 78, 80, 80, 82, 79, 82, 82, 80, 81, 80, 81, 81, 79,
    83, 81, 84, 82, 84, 86, 83, 88, 88, 87, 91, 93, 92, 95, 94, 95, 93,
    94, 97, 99, 97, 98, 96, 100, 98, 102, 97, 98, 101, 98, 100, 100, 97,
    100, 98, 97, 97, 99, 96, 98, 95, 96, 98, 100, 94, 96, 99, 96, 97, 99,
    98, 96, 97, 99, 95, 98, 97, 98, 98, 98, 97, 94, 97, 98, 99, 95, 96,
    95, 95 ]
