%YAML:1.0
---
videoName: "headShake41.mp4"
gestureLabel: 201
fps: 29
pixelSizeInCmTemp: 3.2364864864864862e-01
faceCenterPointX: 264
faceCenterPointY: 85
headPositionsX: [ 265, 259, 261, 260, 260, 262, 259, 261, 260, 262, 262,
    262, 263, 263, 261, 261, 263, 261, 259, 259, 262, 264, 263, 266, 266,
    267, 273, 271, 273, 277, 277, 279, 279, 284, 277, 282, 282, 278, 277,
    278, 272, 269, 267, 260, 258, 256, 250, 250, 245, 245, 245, 245, 245,
    246, 250, 248, 251, 254, 255, 262, 263, 265, 268, 272, 273, 278, 277,
    278, 277, 277, 276, 278, 273, 270, 271, 266, 266, 269, 266, 265, 263,
    265, 262, 264, 263, 261, 260, 261, 261, 263, 264, 261, 264, 264, 262,
    261, 261, 264, 261, 264 ]
headPositionsY: [ 86, 84, 82, 84, 85, 82, 83, 81, 86, 82, 85, 81, 81, 84,
    84, 86, 85, 86, 83, 82, 84, 85, 84, 83, 81, 83, 82, 80, 82, 79, 82,
    79, 79, 80, 79, 81, 83, 81, 85, 82, 82, 85, 82, 85, 85, 85, 85, 86,
    83, 84, 84, 85, 84, 85, 84, 86, 84, 82, 83, 85, 85, 86, 83, 86, 84,
    82, 83, 86, 86, 85, 85, 86, 82, 86, 84, 87, 83, 84, 82, 85, 85, 84,
    86, 84, 85, 83, 86, 86, 82, 85, 86, 87, 85, 85, 82, 83, 82, 82, 86,
    87 ]
