%YAML:1.0
---
videoName: "headShake22.mp4"
gestureLabel: 201
fps: 29
pixelSizeInCmTemp: 3.2364864864864862e-01
faceCenterPointX: 241
faceCenterPointY: 79
headPositionsX: [ 241, 240, 241, 244, 242, 239, 242, 244, 242, 243, 240,
    244, 245, 241, 243, 241, 241, 241, 242, 245, 240, 244, 241, 244, 244,
    244, 242, 244, 241, 241, 245, 244, 245, 243, 240, 243, 243, 241, 242,
    244, 243, 240, 243, 240, 244, 241, 244, 241, 241, 240, 239, 244, 241,
    242, 244, 240, 242, 242, 241, 244, 242, 244, 243, 244, 240, 241, 242,
    242, 245, 249, 253, 251, 254, 253, 251, 250, 245, 243, 242, 236, 236,
    240, 241, 244, 247, 246, 245, 245, 244, 243, 241, 242, 242, 242, 241,
    239, 242, 242, 242, 240 ]
headPositionsY: [ 81, 78, 74, 75, 78, 74, 79, 75, 78, 76, 76, 77, 74, 74,
    78, 75, 74, 78, 76, 76, 74, 74, 77, 74, 76, 75, 77, 78, 74, 76, 76,
    77, 76, 78, 76, 78, 78, 75, 74, 75, 76, 76, 76, 77, 78, 76, 75, 74,
    75, 77, 77, 75, 76, 79, 78, 75, 77, 75, 76, 78, 75, 76, 76, 77, 77,
    73, 77, 75, 78, 77, 76, 76, 74, 74, 76, 77, 78, 77, 78, 78, 77, 76,
    76, 78, 76, 77, 77, 75, 79, 80, 78, 80, 79, 77, 80, 77, 77, 80, 76,
    80 ]
