%YAML:1.0
---
videoName: "headLookLeft1.mp4"
gestureLabel: 203
fps: 30
pixelSizeInCmTemp: 3.6287878787878786e-01
faceCenterPointX: 276
faceCenterPointY: 73
headPositionsX: [ 275, 256, 257, 258, 259, 256, 257, 257, 258, 255, 255,
    255, 255, 254, 255, 255, 255, 258, 256, 256, 257, 258, 259, 258, 257,
    258, 254, 256, 259, 254, 258, 258, 257, 258, 257, 258, 254, 257, 258,
    254, 258, 258, 256, 258, 257, 257, 256, 256, 256, 253, 256, 253, 257,
    256, 256, 258, 259, 257, 256, 258, 260, 260, 264, 268, 268, 272, 270,
    272, 272, 277, 277, 278, 276, 274, 273, 280, 277, 278, 274, 277, 278,
    280, 276, 279, 280, 278, 274, 282, 280, 276, 281, 277, 279, 278, 274,
    275, 280, 276, 277, 276 ]
headPositionsY: [ 71, 77, 74, 77, 76, 78, 78, 76, 75, 75, 77, 77, 74, 77,
    78, 77, 78, 77, 78, 78, 76, 77, 76, 77, 77, 80, 77, 76, 77, 79, 76,
    79, 77, 77, 77, 75, 79, 77, 79, 77, 78, 80, 76, 78, 77, 80, 76, 77,
    77, 78, 77, 78, 78, 76, 78, 77, 77, 78, 81, 77, 79, 78, 79, 76, 77,
    75, 75, 77, 77, 79, 77, 74, 74, 77, 72, 76, 74, 77, 77, 74, 75, 73,
    76, 73, 75, 77, 76, 75, 75, 76, 75, 73, 74, 77, 77, 77, 78, 77, 72,
    71 ]
