%YAML:1.0
---
videoName: "headLookLeft3.mp4"
gestureLabel: 203
fps: 29
pixelSizeInCmTemp: 3.4214285714285714e-01
faceCenterPointX: 290
faceCenterPointY: 74
headPositionsX: [ 288, 263, 264, 264, 262, 263, 268, 269, 269, 271, 273,
    273, 279, 276, 280, 284, 282, 287, 290, 291, 288, 285, 293, 289, 285,
    287, 296, 289, 287, 282, 289, 288, 292, 290, 286, 289, 283, 289, 290,
    287, 286, 289, 288, 294, 290, 288, 286, 288, 290, 289, 289, 289, 288,
    290, 286, 285, 291, 289, 289, 294, 290, 288, 289, 289, 286, 288, 289,
    288, 287, 287, 285, 286, 286, 286, 284, 287, 287, 287, 287, 284, 286,
    285, 289, 288, 290, 286, 292, 289, 287, 287, 285, 288, 287, 288, 288,
    284, 288, 286, 286, 287 ]
headPositionsY: [ 75, 78, 75, 78, 77, 77, 77, 79, 79, 76, 76, 76, 76, 75,
    74, 74, 77, 76, 73, 75, 76, 75, 75, 76, 70, 72, 76, 74, 72, 70, 74,
    74, 75, 77, 75, 75, 73, 76, 75, 73, 71, 74, 75, 78, 72, 73, 75, 75,
    77, 71, 73, 75, 73, 74, 72, 74, 75, 73, 73, 74, 73, 75, 74, 73, 75,
    74, 72, 73, 73, 72, 74, 75, 73, 75, 72, 75, 72, 76, 73, 74, 73, 75,
    75, 75, 74, 75, 74, 72, 73, 75, 72, 73, 72, 77, 75, 75, 73, 71, 73,
    76 ]
