%YAML:1.0
---
videoName: "headShake20.mp4"
gestureLabel: 201
fps: 29
pixelSizeInCmTemp: 3.3263888888888887e-01
faceCenterPointX: 242
faceCenterPointY: 78
headPositionsX: [ 244, 242, 244, 244, 243, 244, 245, 242, 242, 241, 241,
    241, 242, 245, 244, 245, 244, 243, 245, 242, 243, 243, 243, 245, 244,
    245, 243, 245, 242, 241, 242, 241, 241, 241, 241, 244, 245, 242, 245,
    243, 245, 251, 256, 260, 259, 259, 256, 252, 248, 243, 236, 234, 229,
    229, 230, 235, 237, 243, 248, 251, 254, 250, 250, 245, 245, 239, 236,
    232, 229, 230, 237, 239, 242, 241, 248, 248, 245, 244, 245, 240, 238,
    242, 242, 241, 239, 241, 243, 244, 243, 244, 242, 246, 245, 242, 242,
    245, 240, 244, 243, 240 ]
headPositionsY: [ 77, 75, 74, 75, 74, 75, 78, 76, 75, 75, 76, 74, 78, 75,
    74, 76, 76, 76, 78, 77, 78, 78, 75, 77, 75, 76, 77, 75, 74, 76, 79,
    76, 75, 77, 74, 76, 75, 76, 77, 78, 75, 75, 77, 77, 75, 77, 73, 76,
    77, 75, 75, 78, 79, 77, 75, 74, 76, 78, 74, 76, 73, 76, 74, 74, 78,
    78, 79, 77, 77, 77, 76, 77, 77, 79, 78, 75, 77, 77, 75, 75, 75, 75,
    79, 75, 75, 77, 79, 75, 75, 79, 79, 78, 76, 76, 75, 79, 76, 78, 78,
    74 ]
