%YAML:1.0
---
videoName: "headNod22.mp4"
gestureLabel: 202
fps: 29
pixelSizeInCmTemp: 3.1513157894736843e-01
faceCenterPointX: 252
faceCenterPointY: 80
headPositionsX: [ 252, 253, 255, 252, 254, 253, 254, 255, 253, 250, 254,
    251, 251, 253, 255, 254, 254, 255, 253, 254, 254, 255, 251, 255, 255,
    251, 255, 252, 252, 256, 252, 254, 254, 253, 256, 257, 254, 257, 254,
    253, 254, 255, 252, 252, 253, 252, 253, 254, 251, 254, 250, 251, 251,
    253, 251, 250, 249, 249, 251, 255, 250, 251, 255, 252, 253, 252, 253,
    250, 252, 252, 254, 251, 254, 254, 251, 250, 254, 251, 250, 254, 252,
    251, 252, 253, 251, 253, 252, 250, 252, 250, 253, 252, 254, 250, 251,
    250, 248, 251, 250, 249 ]
headPositionsY: [ 82, 79, 80, 77, 79, 78, 80, 79, 78, 80, 77, 77, 76, 81,
    80, 78, 80, 79, 77, 79, 77, 81, 80, 79, 82, 85, 82, 81, 80, 80, 77,
    72, 71, 73, 72, 75, 73, 80, 79, 83, 83, 82, 79, 76, 76, 70, 69, 72,
    70, 73, 75, 80, 84, 82, 86, 85, 82, 78, 76, 73, 72, 72, 71, 72, 77,
    76, 78, 78, 80, 77, 78, 74, 75, 74, 79, 78, 82, 78, 78, 79, 78, 76,
    75, 76, 75, 81, 81, 80, 78, 78, 80, 79, 80, 80, 82, 81, 81, 82, 81,
    81 ]
