%YAML:1.0
---
videoName: "headNod48.mp4"
gestureLabel: 202
fps: 29
pixelSizeInCmTemp: 2.8855421686746985e-01
faceCenterPointX: 264
faceCenterPointY: 72
headPositionsX: [ 262, 264, 263, 263, 265, 265, 263, 266, 263, 265, 264,
    262, 264, 265, 266, 262, 264, 259, 261, 263, 260, 258, 261, 260, 262,
    259, 262, 260, 263, 263, 262, 260, 260, 260, 262, 265, 261, 262, 265,
    265, 263, 263, 262, 262, 263, 262, 259, 259, 260, 262, 260, 262, 262,
    259, 263, 259, 263, 262, 263, 261, 262, 263, 265, 263, 262, 262, 264,
    264, 262, 266, 262, 262, 263, 266, 263, 267, 267, 266, 263, 267, 264,
    263, 267, 267, 268, 266, 266, 266, 263, 265, 267, 263, 265, 264, 265,
    264, 267, 263, 265, 266 ]
headPositionsY: [ 70, 76, 75, 79, 76, 78, 73, 69, 70, 66, 62, 64, 62, 64,
    66, 68, 76, 77, 83, 87, 87, 88, 84, 79, 80, 76, 71, 68, 65, 65, 64,
    67, 67, 64, 70, 70, 72, 76, 82, 83, 83, 80, 80, 81, 77, 73, 73, 72,
    74, 73, 71, 73, 77, 77, 80, 77, 79, 74, 72, 71, 72, 68, 70, 71, 71,
    77, 76, 78, 78, 78, 78, 75, 75, 73, 69, 70, 69, 68, 71, 75, 72, 76,
    72, 73, 74, 75, 70, 71, 73, 71, 73, 74, 76, 73, 73, 70, 71, 71, 70,
    74 ]
