%YAML:1.0
---
videoName: "headNod17.mp4"
gestureLabel: 202
fps: 30
pixelSizeInCmTemp: 3.2808219178082193e-01
faceCenterPointX: 253
faceCenterPointY: 76
headPositionsX: [ 253, 254, 257, 256, 253, 257, 257, 255, 256, 256, 257,
    253, 254, 257, 256, 257, 254, 256, 256, 256, 255, 257, 254, 253, 254,
    255, 256, 255, 256, 256, 253, 258, 255, 255, 254, 256, 256, 253, 257,
    256, 253, 254, 251, 251, 252, 254, 255, 253, 255, 252, 254, 252, 256,
    253, 253, 255, 253, 256, 253, 253, 257, 253, 255, 253, 254, 257, 256,
    254, 254, 255, 256, 254, 256, 255, 252, 253, 256, 252, 255, 253, 254,
    257, 252, 254, 257, 256, 255, 255, 253, 257, 252, 257, 254, 256, 255,
    253, 254, 256, 253, 256 ]
headPositionsY: [ 75, 77, 77, 76, 75, 78, 76, 78, 76, 75, 78, 76, 77, 76,
    75, 79, 75, 78, 76, 76, 76, 74, 74, 71, 70, 69, 69, 70, 68, 65, 67,
    68, 67, 68, 71, 70, 71, 74, 75, 78, 81, 82, 81, 86, 84, 85, 83, 83,
    82, 78, 75, 75, 76, 73, 72, 72, 71, 70, 69, 70, 73, 69, 76, 73, 77,
    80, 83, 82, 78, 80, 77, 78, 76, 78, 79, 80, 80, 78, 78, 79, 77, 79,
    78, 77, 75, 78, 77, 78, 78, 77, 78, 79, 75, 74, 79, 76, 78, 78, 78,
    77 ]
