%YAML:1.0
---
videoName: "headLookRight4.mp4"
gestureLabel: 204
fps: 30
pixelSizeInCmTemp: 3.4214285714285714e-01
faceCenterPointX: 228
faceCenterPointY: 75
headPositionsX: [ 230, 254, 255, 256, 251, 255, 254, 256, 256, 253, 254,
    252, 253, 252, 251, 255, 253, 254, 255, 252, 255, 252, 252, 253, 251,
    251, 253, 250, 253, 249, 252, 251, 250, 248, 244, 244, 238, 240, 236,
    232, 231, 234, 230, 229, 230, 229, 231, 229, 231, 229, 230, 228, 227,
    229, 228, 225, 225, 226, 230, 228, 225, 226, 229, 227, 226, 224, 226,
    227, 226, 224, 226, 225, 227, 221, 223, 228, 228, 225, 230, 228, 226,
    228, 225, 226, 227, 228, 225, 224, 227, 229, 228, 225, 223, 230, 227,
    225, 225, 226, 227, 227 ]
headPositionsY: [ 75, 71, 73, 70, 72, 69, 69, 72, 73, 71, 72, 74, 70, 74,
    73, 72, 73, 73, 75, 73, 73, 71, 73, 74, 72, 75, 73, 72, 71, 76, 72,
    72, 72, 75, 75, 74, 70, 74, 71, 73, 72, 71, 73, 71, 73, 70, 76, 71,
    72, 73, 74, 72, 73, 72, 72, 73, 76, 74, 73, 73, 73, 72, 76, 75, 72,
    71, 75, 76, 74, 72, 75, 76, 77, 75, 78, 76, 73, 73, 75, 75, 76, 75,
    76, 74, 75, 75, 74, 73, 72, 75, 73, 74, 75, 78, 73, 72, 75, 77, 73,
    74 ]
