%YAML:1.0
---
videoName: "headLookRight9.mp4"
gestureLabel: 204
fps: 29
pixelSizeInCmTemp: 2.8511904761904761e-01
faceCenterPointX: 217
faceCenterPointY: 75
headPositionsX: [ 219, 243, 245, 245, 242, 245, 245, 241, 245, 244, 244,
    244, 241, 244, 245, 242, 241, 242, 245, 241, 242, 240, 242, 243, 244,
    241, 241, 242, 245, 242, 240, 240, 236, 234, 233, 229, 229, 222, 221,
    221, 220, 217, 213, 217, 215, 215, 214, 212, 214, 216, 213, 217, 214,
    217, 212, 214, 214, 214, 217, 215, 211, 213, 218, 213, 217, 221, 214,
    212, 215, 214, 213, 207, 208, 216, 214, 217, 217, 213, 215, 215, 216,
    217, 213, 217, 214, 218, 213, 217, 215, 216, 215, 211, 217, 215, 214,
    216, 218, 220, 218, 217 ]
headPositionsY: [ 77, 72, 76, 76, 75, 74, 73, 72, 73, 72, 74, 73, 76, 76,
    75, 77, 75, 74, 72, 73, 75, 73, 77, 75, 76, 75, 73, 76, 77, 76, 76,
    74, 72, 75, 74, 72, 73, 74, 74, 74, 75, 71, 71, 79, 72, 70, 70, 71,
    73, 72, 70, 73, 69, 75, 76, 75, 73, 75, 70, 72, 70, 71, 75, 74, 77,
    76, 75, 73, 72, 72, 73, 80, 79, 69, 73, 70, 71, 76, 76, 72, 74, 71,
    70, 71, 74, 74, 73, 70, 72, 71, 75, 73, 72, 72, 70, 71, 75, 74, 75,
    77 ]
