%YAML:1.0
---
videoName: "headLookLeft2.mp4"
gestureLabel: 203
fps: 29
pixelSizeInCmTemp: 3.6846153846153845e-01
faceCenterPointX: 278
faceCenterPointY: 74
headPositionsX: [ 279, 258, 259, 258, 257, 259, 257, 258, 259, 257, 259,
    262, 258, 259, 262, 261, 260, 260, 261, 262, 261, 267, 267, 265, 266,
    271, 270, 273, 274, 274, 278, 276, 278, 279, 278, 282, 279, 280, 280,
    280, 277, 278, 282, 281, 278, 280, 283, 282, 287, 278, 281, 280, 281,
    279, 276, 280, 278, 274, 278, 279, 282, 277, 282, 279, 281, 277, 278,
    283, 282, 282, 278, 279, 280, 277, 277, 283, 275, 280, 277, 283, 277,
    278, 279, 281, 284, 280, 284, 281, 277, 280, 284, 277, 284, 279, 278,
    278, 281, 283, 288, 279 ]
headPositionsY: [ 76, 74, 77, 75, 77, 77, 77, 76, 78, 78, 74, 78, 77, 75,
    76, 78, 75, 73, 75, 76, 75, 75, 76, 74, 77, 77, 72, 74, 76, 76, 76,
    73, 72, 72, 75, 78, 74, 72, 73, 76, 73, 76, 77, 75, 72, 73, 75, 75,
    78, 76, 75, 75, 76, 75, 73, 73, 72, 74, 72, 74, 77, 74, 74, 72, 72,
    76, 76, 75, 76, 74, 75, 73, 77, 73, 73, 74, 71, 74, 72, 77, 73, 74,
    76, 76, 76, 70, 73, 74, 72, 76, 77, 75, 78, 72, 73, 75, 72, 73, 74,
    75 ]
