%YAML:1.0
---
videoName: "headNod17.mp4"
gestureLabel: 202
fps: 30
pixelSizeInCmTemp: 3.2808219178082193e-01
faceCenterPointX: 253
faceCenterPointY: 76
headPositionsX: [ 251, 257, 255, 253, 253, 256, 255, 255, 254, 257, 254,
    254, 253, 257, 255, 255, 257, 253, 257, 257, 256, 257, 253, 254, 257,
    253, 257, 256, 254, 254, 255, 256, 257, 257, 256, 255, 257, 256, 254,
    255, 253, 253, 253, 255, 254, 252, 255, 254, 254, 253, 251, 253, 253,
    254, 256, 252, 254, 255, 253, 254, 255, 257, 255, 256, 257, 257, 256,
    255, 255, 255, 252, 252, 253, 255, 256, 252, 254, 252, 251, 256, 255,
    257, 252, 252, 254, 254, 256, 257, 252, 254, 252, 257, 253, 254, 253,
    255, 253, 253, 254, 257 ]
headPositionsY: [ 75, 79, 78, 75, 79, 78, 79, 76, 74, 75, 77, 75, 79, 76,
    75, 79, 77, 75, 80, 79, 76, 77, 76, 72, 72, 71, 67, 70, 70, 65, 66,
    67, 70, 70, 71, 70, 73, 72, 73, 78, 78, 83, 82, 87, 83, 83, 82, 81,
    82, 77, 76, 77, 76, 74, 71, 72, 68, 66, 72, 69, 72, 71, 75, 76, 79,
    77, 80, 81, 79, 79, 76, 75, 77, 76, 78, 78, 78, 77, 81, 76, 78, 78,
    76, 76, 75, 74, 79, 80, 77, 78, 78, 79, 77, 76, 77, 75, 77, 75, 74,
    78 ]
