%YAML:1.0
---
videoName: "headLookLeft4.mp4"
gestureLabel: 203
fps: 29
pixelSizeInCmTemp: 3.4710144927536229e-01
faceCenterPointX: 288
faceCenterPointY: 74
headPositionsX: [ 287, 262, 267, 266, 265, 265, 266, 270, 273, 272, 276,
    280, 283, 283, 286, 288, 294, 292, 297, 294, 295, 293, 296, 298, 293,
    295, 293, 298, 298, 295, 295, 296, 296, 291, 292, 292, 292, 293, 293,
    293, 289, 289, 294, 296, 293, 289, 288, 294, 288, 288, 292, 289, 291,
    291, 290, 289, 288, 289, 288, 291, 288, 291, 291, 287, 287, 293, 290,
    289, 288, 292, 288, 293, 289, 294, 291, 290, 293, 285, 295, 289, 293,
    291, 293, 291, 291, 289, 290, 287, 294, 293, 289, 288, 289, 290, 289,
    287, 291, 287, 289, 288 ]
headPositionsY: [ 72, 81, 80, 79, 77, 80, 79, 76, 77, 79, 76, 79, 77, 77,
    77, 75, 79, 76, 77, 79, 73, 78, 77, 74, 76, 76, 76, 80, 75, 78, 79,
    78, 76, 75, 75, 75, 79, 75, 78, 76, 75, 72, 72, 74, 74, 72, 72, 74,
    73, 73, 72, 76, 73, 76, 72, 76, 76, 75, 71, 74, 73, 75, 77, 73, 74,
    76, 74, 76, 75, 74, 75, 75, 76, 78, 72, 77, 75, 72, 76, 74, 74, 74,
    77, 76, 73, 72, 76, 74, 75, 73, 77, 76, 78, 72, 77, 75, 74, 73, 73,
    77 ]
