%YAML:1.0
---
videoName: "headShake38.mp4"
gestureLabel: 201
fps: 29
pixelSizeInCmTemp: 3.2808219178082193e-01
faceCenterPointX: 259
faceCenterPointY: 84
headPositionsX: [ 259, 261, 263, 264, 264, 262, 265, 263, 264, 261, 262,
    261, 263, 262, 265, 264, 261, 266, 261, 265, 262, 261, 264, 264, 263,
    262, 262, 265, 262, 264, 265, 263, 263, 264, 263, 265, 263, 264, 263,
    263, 264, 261, 260, 254, 256, 252, 249, 246, 248, 254, 260, 267, 274,
    278, 276, 272, 267, 263, 255, 252, 249, 248, 254, 258, 266, 271, 274,
    267, 266, 259, 255, 250, 245, 250, 251, 254, 260, 262, 266, 267, 270,
    270, 267, 266, 266, 266, 260, 263, 263, 260, 261, 260, 259, 258, 263,
    257, 258, 259, 258, 259 ]
headPositionsY: [ 82, 83, 85, 84, 81, 84, 81, 82, 86, 82, 82, 85, 82, 83,
    82, 84, 85, 82, 83, 83, 86, 83, 83, 81, 82, 84, 85, 84, 85, 82, 85,
    81, 83, 83, 81, 84, 82, 84, 81, 84, 81, 86, 82, 82, 82, 80, 83, 84,
    85, 85, 86, 83, 82, 82, 82, 82, 83, 82, 85, 83, 82, 84, 82, 85, 83,
    85, 82, 81, 86, 86, 82, 82, 86, 85, 83, 83, 82, 84, 82, 81, 84, 86,
    83, 84, 83, 85, 87, 85, 83, 82, 84, 85, 82, 83, 83, 85, 85, 83, 82,
    83 ]
