%YAML:1.0
---
videoName: "headShake17.mp4"
gestureLabel: 201
fps: 29
pixelSizeInCmTemp: 3.3263888888888887e-01
faceCenterPointX: 242
faceCenterPointY: 76
headPositionsX: [ 240, 240, 240, 240, 235, 239, 238, 244, 247, 249, 252,
    253, 257, 258, 259, 255, 252, 248, 243, 241, 236, 232, 229, 227, 226,
    228, 228, 230, 234, 240, 245, 249, 250, 250, 251, 252, 255, 252, 248,
    246, 242, 242, 235, 235, 232, 230, 232, 233, 236, 237, 238, 239, 240,
    243, 242, 246, 244, 244, 244, 242, 242, 244, 242, 238, 240, 238, 240,
    241, 240, 241, 241, 240, 239, 242, 238, 243, 242, 242, 239, 240, 242,
    241, 243, 239, 239, 243, 241, 240, 239, 240, 243, 243, 239, 241, 243,
    240, 242, 242, 241, 243 ]
headPositionsY: [ 74, 77, 76, 76, 77, 78, 78, 75, 77, 75, 76, 73, 73, 76,
    74, 77, 73, 77, 75, 78, 75, 76, 76, 75, 77, 79, 77, 77, 78, 79, 78,
    74, 78, 75, 72, 76, 76, 74, 78, 79, 77, 79, 79, 78, 76, 74, 76, 76,
    77, 76, 77, 76, 79, 76, 75, 78, 76, 76, 77, 75, 75, 78, 76, 76, 73,
    77, 76, 76, 76, 76, 78, 74, 74, 74, 75, 78, 76, 76, 75, 78, 75, 77,
    75, 74, 75, 74, 75, 77, 77, 74, 77, 79, 74, 75, 77, 76, 76, 76, 74,
    76 ]
