%YAML:1.0
---
videoName: "headNod36.mp4"
gestureLabel: 202
fps: 29
pixelSizeInCmTemp: 2.8176470588235292e-01
faceCenterPointX: 269
faceCenterPointY: 75
headPositionsX: [ 267, 268, 272, 270, 270, 270, 270, 272, 271, 271, 269,
    272, 268, 269, 271, 269, 272, 270, 267, 272, 268, 268, 272, 273, 272,
    270, 270, 271, 270, 268, 272, 270, 272, 269, 269, 268, 271, 266, 268,
    266, 268, 270, 267, 270, 268, 272, 272, 268, 271, 271, 271, 271, 271,
    270, 272, 268, 270, 270, 267, 270, 270, 269, 270, 268, 269, 268, 270,
    268, 266, 271, 267, 269, 267, 268, 265, 267, 268, 266, 267, 270, 267,
    271, 269, 268, 271, 267, 269, 268, 271, 268, 268, 267, 269, 270, 270,
    271, 267, 270, 267, 270 ]
headPositionsY: [ 77, 76, 74, 75, 74, 72, 75, 75, 75, 75, 76, 76, 73, 74,
    74, 75, 72, 75, 73, 77, 78, 76, 79, 77, 77, 73, 68, 70, 65, 64, 63,
    64, 72, 76, 80, 83, 90, 89, 90, 85, 87, 77, 78, 73, 73, 68, 68, 66,
    70, 68, 67, 74, 77, 79, 85, 88, 88, 88, 86, 81, 78, 78, 73, 71, 75,
    72, 77, 77, 82, 82, 84, 80, 81, 76, 79, 72, 75, 74, 76, 79, 81, 84,
    85, 83, 84, 82, 83, 81, 76, 76, 77, 75, 77, 77, 74, 76, 75, 78, 75,
    74 ]
