%YAML:1.0
---
videoName: "headNod31.mp4"
gestureLabel: 202
fps: 29
pixelSizeInCmTemp: 2.8855421686746985e-01
faceCenterPointX: 267
faceCenterPointY: 75
headPositionsX: [ 267, 272, 271, 272, 271, 269, 272, 270, 271, 268, 268,
    269, 268, 268, 267, 269, 267, 266, 268, 267, 266, 267, 266, 264, 268,
    265, 268, 266, 267, 268, 267, 267, 272, 267, 269, 269, 268, 269, 266,
    266, 270, 268, 269, 267, 266, 269, 267, 266, 270, 265, 268, 267, 265,
    267, 266, 265, 269, 266, 267, 267, 268, 267, 267, 265, 268, 267, 264,
    266, 265, 268, 264, 266, 266, 264, 264, 265, 268, 265, 267, 266, 266,
    267, 266, 265, 268, 264, 264, 268, 266, 265, 268, 268, 268, 268, 269,
    266, 266, 266, 265, 267 ]
headPositionsY: [ 73, 74, 76, 74, 76, 75, 72, 67, 68, 65, 67, 67, 67, 65,
    78, 79, 81, 84, 85, 86, 85, 82, 83, 78, 75, 73, 73, 74, 66, 68, 70,
    68, 72, 74, 76, 81, 86, 88, 86, 89, 87, 81, 81, 76, 74, 75, 75, 76,
    76, 76, 81, 82, 86, 84, 81, 81, 80, 76, 75, 69, 73, 70, 71, 67, 72,
    72, 77, 76, 81, 82, 78, 78, 77, 77, 75, 73, 69, 71, 73, 74, 72, 76,
    76, 76, 79, 75, 79, 77, 76, 72, 74, 73, 76, 73, 76, 75, 74, 78, 77,
    76 ]
