%YAML:1.0
---
videoName: "headNod18.mp4"
gestureLabel: 202
fps: 29
pixelSizeInCmTemp: 3.3263888888888887e-01
faceCenterPointX: 255
faceCenterPointY: 77
headPositionsX: [ 253, 256, 254, 256, 259, 258, 258, 255, 259, 255, 255,
    256, 256, 254, 256, 256, 255, 255, 254, 253, 256, 255, 256, 257, 253,
    253, 257, 257, 255, 255, 257, 253, 253, 255, 255, 254, 253, 257, 253,
    257, 255, 255, 254, 254, 256, 255, 256, 254, 256, 257, 256, 254, 255,
    253, 256, 254, 254, 255, 255, 252, 255, 255, 257, 253, 254, 253, 254,
    255, 254, 253, 256, 254, 256, 254, 256, 254, 256, 256, 255, 252, 254,
    257, 253, 254, 255, 255, 256, 255, 257, 256, 252, 255, 254, 256, 252,
    253, 257, 253, 255, 253 ]
headPositionsY: [ 75, 77, 78, 78, 80, 77, 79, 78, 77, 79, 77, 77, 75, 79,
    79, 76, 77, 75, 80, 80, 78, 76, 78, 77, 79, 78, 79, 78, 81, 75, 79,
    80, 80, 78, 76, 78, 79, 78, 76, 78, 74, 74, 71, 70, 72, 73, 71, 72,
    73, 77, 75, 80, 77, 81, 80, 82, 77, 76, 71, 73, 73, 73, 79, 80, 84,
    84, 80, 78, 77, 76, 75, 75, 77, 80, 84, 84, 83, 79, 77, 78, 77, 74,
    73, 79, 79, 84, 84, 84, 78, 82, 79, 75, 78, 77, 77, 78, 78, 77, 79,
    78 ]
