%YAML:1.0
---
videoName: "headLookLeft5.mp4"
gestureLabel: 203
fps: 30
pixelSizeInCmTemp: 3.5746268656716418e-01
faceCenterPointX: 284
faceCenterPointY: 67
headPositionsX: [ 285, 258, 260, 260, 258, 262, 257, 261, 261, 258, 262,
    262, 262, 262, 263, 264, 262, 261, 262, 263, 266, 267, 269, 270, 273,
    273, 275, 274, 278, 281, 281, 281, 287, 281, 286, 287, 287, 286, 285,
    287, 283, 285, 283, 283, 289, 287, 284, 286, 284, 283, 285, 283, 284,
    280, 284, 281, 284, 282, 282, 282, 282, 284, 281, 285, 283, 285, 285,
    284, 285, 283, 284, 285, 286, 286, 284, 287, 285, 284, 283, 285, 283,
    285, 288, 284, 285, 283, 285, 283, 286, 289, 287, 286, 283, 284, 286,
    285, 283, 281, 284, 285 ]
headPositionsY: [ 66, 71, 72, 73, 72, 69, 73, 69, 71, 70, 72, 72, 69, 73,
    72, 69, 70, 70, 71, 70, 74, 74, 73, 71, 69, 68, 70, 69, 66, 68, 67,
    68, 69, 68, 70, 66, 68, 67, 68, 71, 68, 68, 66, 68, 68, 69, 68, 66,
    66, 71, 66, 70, 68, 70, 69, 67, 67, 70, 68, 67, 69, 70, 67, 69, 67,
    67, 67, 70, 65, 71, 67, 71, 67, 69, 67, 70, 68, 70, 71, 69, 67, 69,
    70, 67, 70, 69, 69, 70, 70, 67, 68, 67, 67, 68, 69, 69, 66, 65, 69,
    66 ]
