%YAML:1.0
---
videoName: "headLookUp6.mp4"
gestureLabel: 205
fps: 30
pixelSizeInCmTemp: 3.7421874999999999e-01
faceCenterPointX: 255
faceCenterPointY: 70
headPositionsX: [ 256, 255, 254, 255, 255, 256, 254, 256, 257, 254, 254,
    255, 254, 254, 258, 254, 258, 254, 253, 255, 252, 253, 257, 256, 255,
    257, 255, 257, 257, 256, 257, 255, 255, 253, 253, 254, 255, 257, 256,
    257, 253, 254, 256, 255, 254, 258, 251, 256, 253, 255, 255, 255, 253,
    257, 255, 256, 255, 255, 256, 255, 254, 254, 254, 254, 255, 253, 256,
    253, 255, 257, 254, 252, 255, 253, 256, 255, 255, 256, 254, 254, 254,
    252, 257, 255, 255, 251, 253, 252, 255, 255, 253, 254, 255, 255, 253,
    253, 254, 256, 253, 256 ]
headPositionsY: [ 70, 83, 84, 84, 83, 81, 82, 81, 82, 83, 84, 83, 82, 85,
    81, 83, 85, 85, 85, 85, 83, 83, 81, 81, 83, 78, 77, 78, 76, 75, 74,
    71, 73, 70, 71, 72, 71, 70, 68, 72, 69, 71, 68, 68, 72, 71, 67, 70,
    68, 69, 65, 70, 67, 71, 67, 69, 70, 69, 68, 70, 68, 68, 66, 71, 69,
    69, 69, 68, 69, 69, 70, 71, 71, 69, 70, 66, 68, 71, 66, 72, 70, 69,
    67, 69, 67, 69, 68, 72, 71, 70, 69, 72, 71, 72, 69, 68, 71, 68, 71,
    66 ]
