%YAML:1.0
---
videoName: "headLookRight6.mp4"
gestureLabel: 204
fps: 29
pixelSizeInCmTemp: 3.8015873015873014e-01
faceCenterPointX: 226
faceCenterPointY: 72
headPositionsX: [ 224, 250, 247, 249, 248, 247, 249, 249, 251, 247, 251,
    252, 249, 251, 249, 249, 251, 248, 252, 249, 251, 249, 253, 252, 249,
    252, 251, 251, 249, 250, 251, 250, 251, 247, 246, 245, 244, 239, 236,
    233, 232, 231, 227, 230, 228, 226, 225, 227, 225, 226, 227, 224, 227,
    225, 225, 226, 228, 225, 229, 230, 232, 228, 228, 224, 227, 227, 224,
    229, 228, 227, 227, 225, 229, 230, 226, 225, 228, 226, 226, 226, 227,
    227, 228, 224, 225, 229, 230, 232, 226, 226, 224, 228, 230, 225, 227,
    228, 225, 227, 226, 228 ]
headPositionsY: [ 70, 73, 70, 71, 72, 74, 72, 71, 75, 73, 70, 72, 72, 73,
    74, 76, 73, 74, 74, 75, 75, 75, 72, 74, 72, 75, 75, 72, 75, 73, 76,
    76, 73, 74, 73, 75, 73, 75, 74, 73, 71, 74, 73, 73, 75, 75, 72, 71,
    76, 72, 74, 70, 74, 73, 71, 73, 77, 74, 72, 75, 76, 75, 74, 71, 76,
    70, 74, 74, 74, 74, 72, 74, 76, 71, 72, 72, 70, 76, 72, 75, 76, 75,
    72, 69, 76, 73, 74, 75, 75, 74, 74, 76, 77, 76, 71, 77, 70, 76, 73,
    69 ]
