%YAML:1.0
---
videoName: "headLookLeft3.mp4"
gestureLabel: 203
fps: 29
pixelSizeInCmTemp: 3.4214285714285714e-01
faceCenterPointX: 290
faceCenterPointY: 74
headPositionsX: [ 289, 263, 262, 266, 266, 262, 268, 270, 271, 269, 272,
    275, 276, 278, 280, 283, 284, 289, 289, 289, 288, 285, 295, 293, 285,
    286, 298, 292, 290, 284, 289, 291, 293, 291, 285, 289, 285, 291, 292,
    290, 289, 288, 288, 294, 289, 287, 290, 286, 290, 287, 291, 292, 290,
    287, 285, 288, 288, 287, 288, 290, 288, 288, 287, 286, 286, 285, 291,
    288, 284, 287, 286, 286, 288, 287, 286, 287, 286, 289, 288, 285, 286,
    286, 289, 285, 288, 288, 289, 288, 289, 286, 288, 284, 289, 287, 285,
    286, 291, 285, 286, 288 ]
headPositionsY: [ 72, 78, 75, 75, 75, 74, 77, 77, 78, 75, 78, 76, 77, 75,
    77, 73, 76, 73, 76, 76, 73, 75, 74, 73, 70, 70, 74, 75, 76, 73, 73,
    73, 72, 75, 74, 76, 75, 73, 76, 76, 71, 75, 74, 75, 76, 74, 76, 72,
    76, 75, 71, 73, 74, 73, 74, 73, 72, 74, 74, 77, 73, 73, 76, 74, 72,
    75, 74, 74, 73, 74, 71, 74, 73, 73, 73, 77, 76, 76, 73, 73, 71, 72,
    72, 74, 74, 74, 74, 74, 71, 76, 74, 73, 75, 75, 76, 75, 75, 71, 74,
    75 ]
