%YAML:1.0
---
videoName: "headShake41.mp4"
gestureLabel: 201
fps: 29
pixelSizeInCmTemp: 3.2364864864864862e-01
faceCenterPointX: 264
faceCenterPointY: 85
headPositionsX: [ 263, 263, 259, 264, 259, 260, 262, 261, 260, 259, 262,
    263, 262, 263, 261, 260, 262, 259, 263, 261, 261, 261, 262, 263, 265,
    267, 269, 271, 276, 279, 279, 278, 283, 280, 281, 284, 283, 281, 277,
    277, 276, 269, 268, 261, 257, 256, 252, 248, 244, 247, 245, 246, 247,
    246, 246, 252, 252, 253, 256, 262, 265, 267, 267, 274, 277, 275, 280,
    276, 277, 278, 278, 276, 275, 271, 273, 270, 268, 266, 264, 265, 263,
    265, 263, 261, 263, 261, 260, 263, 259, 260, 262, 263, 260, 264, 263,
    260, 264, 261, 263, 266 ]
headPositionsY: [ 85, 81, 83, 85, 82, 83, 80, 82, 82, 80, 82, 83, 83, 84,
    83, 82, 86, 85, 85, 84, 83, 85, 86, 85, 84, 82, 82, 84, 81, 82, 83,
    83, 82, 82, 83, 80, 82, 81, 84, 81, 83, 84, 83, 86, 84, 83, 84, 82,
    80, 80, 80, 82, 81, 86, 83, 84, 81, 82, 86, 87, 84, 85, 84, 83, 84,
    84, 86, 83, 82, 86, 82, 83, 85, 83, 85, 84, 84, 86, 85, 82, 83, 84,
    85, 84, 83, 84, 82, 85, 84, 84, 84, 85, 83, 83, 82, 82, 85, 83, 83,
    84 ]
