%YAML:1.0
---
videoName: "headLookRight0.mp4"
gestureLabel: 204
fps: 29
pixelSizeInCmTemp: 3.1933333333333330e-01
faceCenterPointX: 229
faceCenterPointY: 68
headPositionsX: [ 230, 259, 257, 253, 254, 257, 255, 254, 255, 254, 257,
    257, 254, 256, 257, 256, 254, 256, 255, 255, 255, 259, 254, 257, 255,
    254, 256, 253, 255, 257, 255, 257, 256, 257, 258, 256, 256, 254, 254,
    251, 252, 249, 247, 243, 242, 240, 238, 237, 236, 237, 236, 236, 236,
    233, 236, 232, 233, 233, 232, 233, 235, 233, 233, 235, 231, 231, 234,
    234, 235, 236, 231, 237, 233, 234, 231, 230, 229, 231, 232, 228, 236,
    230, 231, 227, 233, 232, 230, 233, 227, 232, 232, 230, 230, 228, 228,
    229, 231, 229, 229, 230 ]
headPositionsY: [ 67, 67, 64, 64, 63, 64, 63, 66, 67, 66, 68, 66, 65, 66,
    68, 69, 68, 66, 67, 69, 67, 65, 67, 65, 69, 69, 66, 66, 66, 69, 69,
    67, 66, 67, 70, 69, 66, 69, 67, 68, 68, 69, 69, 66, 65, 69, 67, 66,
    67, 66, 69, 69, 69, 71, 68, 70, 69, 70, 68, 69, 67, 69, 68, 69, 69,
    68, 68, 70, 69, 70, 66, 70, 66, 66, 68, 67, 70, 65, 69, 67, 67, 68,
    70, 66, 66, 69, 68, 66, 66, 65, 69, 69, 68, 70, 68, 69, 69, 64, 69,
    69 ]
