%YAML:1.0
---
videoName: "headNod47.mp4"
gestureLabel: 202
fps: 29
pixelSizeInCmTemp: 3.0316455696202532e-01
faceCenterPointX: 266
faceCenterPointY: 70
headPositionsX: [ 266, 269, 265, 269, 267, 268, 268, 267, 265, 265, 267,
    266, 263, 263, 266, 266, 265, 265, 263, 266, 266, 265, 267, 266, 264,
    264, 266, 268, 264, 266, 266, 267, 266, 267, 267, 265, 266, 266, 267,
    270, 267, 265, 270, 267, 270, 266, 266, 267, 264, 265, 264, 265, 267,
    266, 268, 267, 267, 266, 267, 268, 267, 266, 268, 265, 264, 267, 264,
    266, 266, 267, 264, 267, 269, 266, 267, 267, 264, 267, 266, 269, 266,
    264, 266, 267, 266, 264, 266, 263, 265, 264, 267, 268, 268, 264, 264,
    268, 266, 268, 268, 264 ]
headPositionsY: [ 69, 62, 58, 57, 60, 57, 58, 63, 66, 69, 70, 76, 82, 81,
    82, 76, 74, 72, 69, 68, 68, 63, 66, 70, 69, 72, 76, 76, 76, 77, 76,
    71, 69, 70, 65, 66, 68, 70, 74, 75, 75, 77, 79, 76, 78, 73, 70, 71,
    69, 70, 71, 71, 71, 73, 76, 77, 76, 74, 69, 69, 69, 69, 68, 68, 69,
    71, 72, 72, 72, 72, 75, 72, 74, 71, 71, 71, 71, 68, 71, 72, 72, 72,
    75, 75, 74, 69, 71, 69, 71, 72, 71, 72, 72, 72, 69, 71, 69, 73, 69,
    71 ]
