%YAML:1.0
---
videoName: "headShake12.mp4"
gestureLabel: 201
fps: 29
pixelSizeInCmTemp: 3.2808219178082193e-01
faceCenterPointX: 241
faceCenterPointY: 76
headPositionsX: [ 239, 242, 238, 240, 242, 242, 242, 240, 243, 243, 244,
    240, 241, 241, 240, 243, 241, 242, 244, 243, 241, 244, 244, 243, 243,
    243, 240, 242, 244, 243, 241, 241, 240, 242, 239, 240, 243, 239, 240,
    241, 243, 240, 240, 241, 240, 240, 243, 239, 241, 244, 241, 241, 240,
    240, 239, 243, 242, 241, 244, 247, 248, 251, 255, 258, 259, 257, 258,
    253, 249, 241, 236, 232, 232, 234, 238, 239, 246, 247, 253, 252, 253,
    250, 250, 243, 241, 240, 238, 237, 237, 236, 238, 238, 238, 240, 242,
    242, 238, 241, 242, 242 ]
headPositionsY: [ 74, 70, 71, 72, 73, 72, 73, 73, 72, 71, 73, 73, 73, 71,
    72, 75, 75, 75, 75, 73, 71, 74, 73, 72, 73, 75, 75, 76, 73, 73, 72,
    73, 76, 73, 74, 76, 72, 74, 72, 74, 74, 74, 76, 75, 75, 75, 73, 73,
    73, 75, 75, 72, 74, 73, 72, 76, 75, 75, 73, 73, 71, 75, 73, 71, 74,
    73, 71, 72, 76, 77, 75, 76, 74, 76, 77, 77, 78, 73, 75, 75, 76, 76,
    76, 76, 77, 76, 74, 78, 76, 73, 74, 76, 75, 75, 76, 76, 77, 75, 76,
    78 ]
