%YAML:1.0
---
videoName: "headNod15.mp4"
gestureLabel: 202
fps: 29
pixelSizeInCmTemp: 3.1933333333333330e-01
faceCenterPointX: 255
faceCenterPointY: 74
headPositionsX: [ 253, 258, 256, 258, 255, 256, 259, 258, 257, 257, 256,
    258, 253, 256, 258, 257, 257, 256, 254, 258, 258, 256, 254, 256, 257,
    253, 254, 255, 255, 257, 255, 255, 255, 255, 253, 254, 257, 254, 258,
    257, 257, 254, 254, 256, 254, 256, 253, 253, 252, 255, 256, 255, 257,
    256, 254, 255, 255, 254, 253, 254, 252, 254, 256, 257, 255, 257, 258,
    254, 253, 253, 253, 255, 257, 254, 253, 251, 253, 254, 252, 252, 251,
    254, 252, 252, 254, 254, 255, 254, 254, 256, 252, 255, 253, 254, 254,
    253, 253, 253, 256, 255 ]
headPositionsY: [ 73, 73, 72, 74, 72, 74, 71, 72, 71, 74, 72, 74, 75, 76,
    72, 76, 71, 76, 71, 71, 73, 75, 71, 73, 76, 74, 73, 75, 72, 71, 74,
    72, 76, 74, 73, 76, 75, 76, 78, 79, 83, 83, 78, 75, 75, 70, 72, 70,
    71, 76, 77, 80, 84, 84, 80, 80, 76, 74, 71, 72, 68, 71, 73, 78, 83,
    82, 82, 81, 78, 78, 71, 73, 72, 69, 70, 74, 74, 76, 78, 76, 75, 69,
    71, 70, 68, 69, 71, 74, 75, 72, 76, 74, 75, 70, 73, 75, 74, 73, 74,
    75 ]
