%YAML:1.0
---
videoName: "headLookUp6.mp4"
gestureLabel: 205
fps: 30
pixelSizeInCmTemp: 3.7421874999999999e-01
faceCenterPointX: 255
faceCenterPointY: 70
headPositionsX: [ 254, 256, 257, 256, 254, 257, 256, 257, 255, 253, 255,
    256, 257, 256, 257, 257, 256, 255, 254, 257, 253, 256, 255, 257, 257,
    254, 255, 258, 256, 256, 255, 258, 257, 254, 255, 255, 256, 254, 257,
    256, 253, 254, 252, 256, 253, 257, 254, 256, 255, 254, 256, 256, 254,
    255, 256, 254, 253, 253, 256, 255, 255, 254, 253, 255, 256, 257, 256,
    256, 253, 254, 252, 254, 255, 253, 253, 253, 254, 255, 255, 257, 255,
    252, 253, 256, 254, 254, 256, 253, 256, 256, 256, 254, 254, 255, 255,
    255, 256, 257, 253, 257 ]
headPositionsY: [ 71, 81, 80, 84, 82, 81, 81, 84, 82, 84, 82, 85, 82, 85,
    85, 81, 84, 83, 82, 85, 84, 84, 82, 82, 80, 78, 81, 78, 76, 77, 73,
    74, 74, 69, 71, 70, 71, 69, 70, 70, 68, 71, 70, 66, 71, 68, 65, 67,
    70, 69, 67, 68, 68, 71, 70, 67, 70, 69, 70, 72, 67, 69, 69, 70, 70,
    67, 68, 68, 68, 68, 67, 68, 70, 67, 67, 69, 70, 68, 70, 69, 72, 68,
    67, 72, 70, 69, 67, 68, 72, 69, 70, 72, 72, 72, 68, 68, 70, 70, 71,
    67 ]
