%YAML:1.0
---
videoName: "headLookUp1.mp4"
gestureLabel: 205
fps: 29
pixelSizeInCmTemp: 3.7421874999999999e-01
faceCenterPointX: 258
faceCenterPointY: 66
headPositionsX: [ 258, 258, 260, 261, 257, 259, 260, 259, 256, 261, 257,
    259, 260, 257, 256, 259, 259, 258, 259, 258, 261, 257, 260, 259, 257,
    261, 261, 261, 256, 260, 257, 257, 259, 259, 259, 256, 256, 260, 256,
    258, 257, 257, 258, 259, 260, 257, 258, 261, 261, 256, 258, 255, 257,
    258, 259, 256, 258, 255, 257, 257, 258, 257, 260, 257, 258, 260, 256,
    260, 258, 257, 257, 259, 261, 259, 257, 259, 257, 261, 258, 259, 258,
    254, 261, 256, 258, 258, 255, 255, 258, 261, 256, 256, 257, 256, 259,
    256, 256, 256, 259, 259 ]
headPositionsY: [ 67, 79, 79, 82, 84, 80, 82, 83, 80, 82, 82, 81, 80, 79,
    82, 79, 83, 80, 81, 82, 79, 80, 80, 80, 82, 79, 81, 82, 83, 80, 80,
    83, 79, 83, 82, 81, 80, 82, 79, 81, 79, 78, 77, 75, 76, 73, 70, 71,
    68, 68, 66, 65, 67, 66, 67, 65, 66, 65, 64, 66, 67, 64, 67, 63, 68,
    62, 64, 64, 66, 63, 67, 63, 65, 68, 69, 66, 66, 65, 66, 62, 67, 65,
    64, 64, 63, 66, 66, 67, 66, 65, 62, 68, 68, 67, 68, 64, 64, 66, 66,
    68 ]
