%YAML:1.0
---
videoName: "headShake30.mp4"
gestureLabel: 201
fps: 29
pixelSizeInCmTemp: 3.2808219178082193e-01
faceCenterPointX: 240
faceCenterPointY: 68
headPositionsX: [ 240, 231, 232, 231, 230, 233, 234, 230, 235, 236, 237,
    235, 236, 238, 239, 242, 242, 243, 243, 243, 245, 245, 245, 242, 242,
    241, 241, 244, 243, 243, 242, 238, 239, 241, 238, 240, 237, 238, 241,
    247, 251, 252, 256, 257, 258, 262, 259, 254, 248, 243, 237, 230, 229,
    225, 222, 227, 231, 234, 242, 245, 251, 252, 251, 251, 245, 241, 239,
    233, 228, 226, 227, 226, 234, 237, 241, 245, 250, 252, 249, 250, 246,
    244, 242, 240, 239, 235, 238, 239, 239, 241, 237, 242, 242, 239, 240,
    239, 241, 240, 239, 240 ]
headPositionsY: [ 69, 53, 57, 58, 58, 58, 62, 61, 60, 65, 63, 65, 66, 66,
    65, 63, 63, 63, 68, 67, 65, 67, 65, 67, 67, 64, 67, 68, 66, 66, 66,
    65, 66, 64, 67, 67, 68, 66, 67, 66, 65, 65, 63, 65, 65, 64, 64, 65,
    67, 67, 67, 67, 67, 70, 70, 70, 69, 70, 70, 70, 65, 65, 68, 66, 70,
    71, 66, 67, 68, 69, 70, 68, 70, 69, 66, 66, 67, 66, 65, 65, 67, 68,
    69, 69, 67, 67, 67, 70, 68, 66, 66, 68, 70, 70, 70, 66, 68, 67, 67,
    69 ]
