%YAML:1.0
---
videoName: "headLookRight2.mp4"
gestureLabel: 204
fps: 29
pixelSizeInCmTemp: 3.8015873015873014e-01
faceCenterPointX: 228
faceCenterPointY: 68
headPositionsX: [ 226, 251, 250, 251, 254, 253, 250, 253, 251, 254, 251,
    252, 250, 252, 250, 252, 253, 253, 251, 250, 250, 252, 251, 251, 253,
    254, 253, 251, 250, 254, 255, 253, 252, 254, 256, 254, 252, 251, 254,
    253, 251, 252, 253, 253, 252, 252, 254, 252, 249, 248, 245, 245, 243,
    238, 240, 234, 234, 233, 231, 232, 227, 230, 228, 230, 230, 228, 225,
    227, 225, 226, 229, 230, 226, 229, 227, 226, 226, 232, 230, 227, 231,
    229, 230, 226, 230, 227, 232, 226, 229, 229, 226, 229, 228, 228, 229,
    230, 229, 228, 227, 230 ]
headPositionsY: [ 66, 67, 69, 67, 68, 70, 67, 67, 66, 70, 69, 70, 69, 70,
    68, 68, 68, 70, 71, 71, 71, 68, 69, 70, 71, 71, 71, 72, 72, 69, 68,
    69, 70, 69, 71, 67, 69, 70, 69, 70, 71, 69, 68, 68, 71, 69, 68, 70,
    69, 70, 70, 71, 70, 70, 68, 69, 67, 68, 70, 71, 69, 67, 70, 65, 70,
    67, 66, 70, 74, 70, 71, 67, 71, 68, 70, 68, 72, 73, 72, 72, 69, 68,
    68, 73, 71, 67, 69, 69, 67, 68, 72, 68, 69, 71, 66, 68, 71, 70, 69,
    69 ]
