%YAML:1.0
---
videoName: "headShake4.mp4"
gestureLabel: 201
fps: 30
pixelSizeInCmTemp: 3.2364864864864862e-01
faceCenterPointX: 237
faceCenterPointY: 101
headPositionsX: [ 239, 240, 245, 246, 251, 254, 254, 254, 252, 248, 245,
    237, 231, 227, 227, 224, 228, 230, 237, 243, 249, 253, 252, 253, 251,
    247, 242, 234, 232, 222, 222, 226, 224, 230, 233, 241, 244, 250, 255,
    254, 257, 251, 245, 246, 236, 230, 228, 227, 222, 227, 227, 232, 234,
    236, 244, 246, 245, 247, 247, 247, 249, 244, 239, 237, 236, 234, 230,
    230, 227, 233, 231, 235, 235, 239, 240, 241, 241, 243, 241, 242, 242,
    242, 239, 241, 236, 238, 239, 236, 237, 236, 234, 239, 236, 234, 237,
    235, 235, 236, 236, 235 ]
headPositionsY: [ 101, 100, 96, 99, 98, 98, 99, 97, 97, 100, 101, 102,
    97, 97, 99, 98, 98, 101, 101, 101, 98, 97, 96, 98, 97, 101, 100, 99,
    99, 98, 96, 97, 100, 96, 100, 98, 100, 98, 98, 100, 98, 96, 97, 102,
    102, 99, 101, 100, 102, 98, 100, 99, 100, 99, 102, 101, 99, 99, 100,
    101, 100, 100, 99, 103, 102, 100, 101, 99, 99, 100, 99, 100, 98, 98,
    100, 98, 102, 101, 103, 103, 102, 102, 101, 100, 98, 101, 99, 100,
    100, 99, 98, 102, 99, 100, 100, 99, 101, 101, 99, 98 ]
