%YAML:1.0
---
videoName: "headNod13.mp4"
gestureLabel: 202
fps: 29
pixelSizeInCmTemp: 3.2364864864864862e-01
faceCenterPointX: 253
faceCenterPointY: 79
headPositionsX: [ 255, 252, 254, 255, 252, 250, 254, 251, 254, 252, 255,
    254, 256, 257, 254, 256, 253, 253, 256, 256, 255, 256, 253, 256, 254,
    255, 255, 252, 253, 253, 254, 252, 252, 256, 256, 254, 252, 252, 250,
    251, 254, 252, 254, 251, 254, 253, 254, 254, 254, 255, 255, 254, 252,
    255, 253, 252, 253, 255, 255, 255, 256, 254, 255, 252, 251, 255, 255,
    252, 253, 255, 256, 252, 255, 255, 254, 257, 252, 255, 254, 254, 253,
    256, 256, 253, 252, 253, 253, 253, 256, 253, 255, 254, 255, 256, 255,
    254, 253, 251, 251, 252 ]
headPositionsY: [ 78, 73, 74, 75, 75, 72, 76, 75, 74, 75, 75, 72, 75, 74,
    73, 74, 74, 76, 73, 75, 74, 72, 75, 75, 73, 72, 72, 74, 74, 75, 75,
    76, 76, 74, 72, 73, 73, 76, 76, 73, 74, 73, 72, 73, 74, 76, 74, 73,
    72, 74, 69, 68, 70, 65, 66, 70, 73, 73, 76, 78, 78, 77, 77, 75, 73,
    71, 71, 70, 70, 69, 71, 71, 75, 78, 79, 81, 79, 76, 79, 77, 71, 71,
    71, 71, 73, 77, 76, 77, 81, 78, 80, 80, 81, 79, 80, 79, 79, 76, 79,
    79 ]
