%YAML:1.0
---
videoName: "headShake9.mp4"
gestureLabel: 201
fps: 30
pixelSizeInCmTemp: 3.2808219178082193e-01
faceCenterPointX: 243
faceCenterPointY: 73
headPositionsX: [ 241, 242, 244, 244, 244, 242, 246, 245, 245, 242, 244,
    244, 243, 244, 243, 241, 242, 242, 245, 242, 242, 245, 243, 242, 243,
    242, 244, 245, 243, 242, 243, 242, 242, 241, 245, 245, 244, 244, 244,
    246, 248, 251, 255, 258, 260, 263, 264, 263, 260, 257, 252, 249, 243,
    239, 234, 231, 228, 229, 232, 237, 241, 245, 251, 256, 260, 260, 264,
    259, 256, 248, 246, 237, 236, 232, 229, 227, 226, 234, 237, 242, 244,
    249, 248, 252, 253, 250, 250, 246, 246, 246, 245, 247, 246, 243, 242,
    244, 245, 243, 243, 245 ]
headPositionsY: [ 75, 74, 72, 71, 70, 74, 73, 70, 73, 70, 71, 70, 73, 70,
    74, 73, 70, 72, 74, 72, 71, 71, 74, 70, 70, 74, 72, 72, 75, 75, 73,
    71, 71, 70, 71, 74, 73, 70, 73, 74, 71, 72, 69, 69, 69, 71, 68, 72,
    71, 71, 72, 75, 71, 75, 70, 71, 71, 71, 75, 74, 72, 74, 72, 72, 69,
    70, 71, 73, 70, 70, 72, 73, 71, 70, 75, 70, 73, 70, 72, 71, 74, 71,
    72, 73, 71, 71, 70, 71, 71, 73, 72, 74, 75, 72, 71, 71, 75, 73, 74,
    75 ]
