%YAML:1.0
---
videoName: "headShake42.mp4"
gestureLabel: 201
fps: 29
pixelSizeInCmTemp: 3.2808219178082193e-01
faceCenterPointX: 257
faceCenterPointY: 85
headPositionsX: [ 258, 272, 276, 278, 277, 274, 280, 274, 277, 272, 272,
    268, 268, 263, 257, 255, 252, 252, 247, 246, 245, 242, 243, 242, 244,
    245, 246, 252, 255, 260, 262, 269, 273, 274, 279, 279, 275, 280, 276,
    277, 271, 271, 268, 266, 261, 259, 257, 252, 251, 247, 244, 244, 247,
    244, 246, 249, 250, 250, 253, 255, 257, 261, 262, 266, 266, 266, 267,
    267, 266, 267, 269, 266, 269, 266, 264, 261, 259, 262, 262, 257, 260,
    259, 255, 257, 255, 255, 256, 256, 257, 256, 258, 258, 256, 257, 258,
    255, 257, 257, 258, 258 ]
headPositionsY: [ 84, 82, 83, 81, 84, 81, 84, 80, 84, 80, 84, 86, 85, 84,
    84, 81, 83, 86, 85, 85, 84, 86, 85, 85, 83, 83, 86, 87, 83, 87, 87,
    82, 82, 84, 84, 81, 84, 82, 82, 84, 83, 85, 88, 86, 89, 86, 88, 86,
    86, 85, 84, 86, 87, 87, 85, 83, 83, 87, 83, 86, 84, 84, 87, 85, 84,
    87, 84, 87, 83, 85, 85, 84, 88, 88, 87, 84, 83, 86, 87, 83, 86, 87,
    85, 83, 86, 87, 83, 83, 84, 84, 87, 88, 84, 86, 83, 86, 86, 86, 86,
    86 ]
