%YAML:1.0
---
videoName: "headLookRight9.mp4"
gestureLabel: 204
fps: 29
pixelSizeInCmTemp: 2.8511904761904761e-01
faceCenterPointX: 217
faceCenterPointY: 75
headPositionsX: [ 215, 242, 244, 245, 244, 243, 243, 244, 242, 245, 245,
    243, 242, 244, 242, 242, 243, 241, 241, 242, 241, 240, 245, 245, 244,
    244, 245, 244, 241, 244, 242, 237, 236, 235, 231, 232, 230, 222, 222,
    220, 222, 217, 217, 214, 215, 214, 214, 213, 214, 215, 214, 213, 211,
    215, 214, 211, 212, 214, 215, 216, 212, 211, 215, 215, 219, 221, 217,
    216, 214, 213, 217, 210, 208, 215, 211, 216, 217, 215, 215, 215, 216,
    215, 216, 215, 215, 220, 213, 215, 215, 219, 215, 214, 216, 216, 216,
    216, 216, 219, 218, 219 ]
headPositionsY: [ 76, 74, 73, 72, 73, 76, 73, 73, 76, 74, 76, 72, 76, 72,
    76, 76, 74, 72, 73, 72, 73, 76, 73, 76, 76, 75, 75, 76, 75, 74, 73,
    75, 76, 74, 73, 72, 75, 73, 76, 72, 73, 71, 73, 78, 73, 70, 74, 72,
    72, 72, 72, 71, 72, 71, 76, 73, 73, 72, 70, 71, 69, 71, 74, 70, 77,
    80, 74, 72, 74, 70, 70, 79, 78, 70, 75, 70, 72, 72, 72, 75, 75, 69,
    72, 72, 70, 70, 71, 74, 76, 72, 74, 69, 73, 74, 72, 70, 78, 74, 72,
    78 ]
