%YAML:1.0
---
videoName: "headShake15.mp4"
gestureLabel: 201
fps: 29
pixelSizeInCmTemp: 3.3263888888888887e-01
faceCenterPointX: 243
faceCenterPointY: 76
headPositionsX: [ 241, 245, 245, 244, 246, 242, 243, 243, 243, 245, 243,
    245, 242, 246, 243, 241, 245, 241, 241, 242, 244, 243, 243, 243, 241,
    241, 242, 241, 241, 242, 244, 243, 240, 241, 244, 242, 241, 242, 243,
    244, 243, 241, 241, 241, 244, 244, 246, 244, 243, 242, 244, 244, 241,
    240, 242, 241, 240, 242, 240, 241, 244, 242, 245, 246, 252, 253, 255,
    258, 260, 258, 258, 254, 252, 246, 241, 238, 236, 234, 239, 240, 238,
    242, 245, 245, 248, 248, 244, 245, 246, 243, 240, 242, 244, 240, 244,
    244, 242, 245, 243, 244 ]
headPositionsY: [ 77, 75, 76, 77, 78, 73, 74, 76, 73, 77, 76, 78, 75, 74,
    75, 74, 76, 74, 75, 74, 76, 75, 74, 74, 74, 73, 76, 75, 75, 76, 76,
    76, 75, 74, 76, 76, 76, 73, 77, 73, 77, 73, 75, 78, 74, 76, 74, 73,
    77, 75, 78, 78, 74, 77, 74, 76, 76, 74, 76, 75, 75, 73, 76, 75, 75,
    72, 71, 76, 72, 77, 77, 75, 76, 78, 77, 78, 77, 74, 78, 79, 78, 77,
    75, 79, 75, 75, 76, 74, 78, 76, 75, 77, 78, 78, 76, 75, 75, 78, 76,
    79 ]
