%YAML:1.0
---
videoName: "headNod10.mp4"
gestureLabel: 202
fps: 29
pixelSizeInCmTemp: 3.2808219178082193e-01
faceCenterPointX: 260
faceCenterPointY: 67
headPositionsX: [ 260, 261, 261, 258, 257, 260, 258, 257, 260, 258, 257,
    258, 260, 260, 256, 258, 260, 260, 259, 256, 256, 256, 261, 261, 258,
    258, 259, 257, 257, 257, 259, 259, 259, 261, 257, 257, 260, 257, 258,
    257, 260, 260, 258, 261, 262, 259, 260, 260, 263, 260, 260, 262, 261,
    259, 259, 258, 260, 258, 260, 262, 259, 258, 258, 260, 260, 261, 258,
    260, 257, 260, 256, 256, 257, 259, 261, 258, 259, 260, 260, 261, 259,
    261, 256, 259, 259, 257, 261, 260, 259, 257, 259, 258, 259, 260, 261,
    259, 260, 259, 258, 259 ]
headPositionsY: [ 65, 70, 71, 69, 72, 68, 69, 71, 72, 69, 70, 72, 68, 71,
    69, 70, 72, 71, 71, 69, 72, 69, 67, 70, 69, 70, 70, 69, 69, 71, 71,
    70, 72, 71, 71, 72, 73, 70, 72, 69, 72, 72, 72, 68, 66, 68, 67, 63,
    61, 63, 65, 67, 67, 70, 74, 75, 70, 72, 68, 64, 63, 65, 65, 66, 68,
    69, 73, 76, 77, 74, 74, 74, 70, 66, 67, 63, 65, 69, 71, 74, 74, 78,
    75, 73, 72, 69, 67, 68, 69, 65, 64, 67, 64, 66, 68, 65, 66, 70, 69,
    68 ]
