%YAML:1.0
---
videoName: "headNod3.mp4"
gestureLabel: 202
fps: 29
pixelSizeInCmTemp: 3.1933333333333330e-01
faceCenterPointX: 264
faceCenterPointY: 76
headPositionsX: [ 265, 264, 263, 261, 266, 262, 265, 262, 267, 264, 266,
    265, 264, 268, 268, 266, 263, 267, 265, 264, 263, 266, 263, 266, 263,
    263, 267, 264, 267, 264, 267, 265, 268, 264, 264, 265, 264, 264, 264,
    266, 266, 265, 265, 263, 266, 267, 264, 266, 264, 266, 266, 267, 267,
    265, 264, 265, 265, 262, 265, 264, 265, 261, 265, 263, 265, 262, 263,
    266, 264, 265, 263, 266, 265, 262, 261, 263, 263, 266, 261, 265, 261,
    263, 262, 263, 264, 261, 266, 261, 264, 262, 265, 264, 261, 265, 261,
    262, 262, 263, 266, 266 ]
headPositionsY: [ 76, 77, 78, 77, 78, 74, 75, 74, 77, 72, 73, 75, 71, 75,
    72, 71, 74, 75, 74, 72, 72, 71, 73, 75, 73, 72, 76, 72, 76, 76, 76,
    73, 75, 74, 73, 77, 76, 73, 77, 72, 77, 76, 76, 74, 71, 71, 66, 67,
    65, 66, 66, 70, 74, 74, 76, 79, 85, 84, 82, 76, 74, 71, 68, 70, 69,
    67, 67, 70, 75, 77, 83, 80, 83, 80, 76, 74, 72, 71, 65, 65, 66, 65,
    68, 70, 71, 75, 78, 77, 80, 79, 80, 79, 76, 77, 74, 76, 78, 77, 75,
    74 ]
