%YAML:1.0
---
videoName: "headNod11.mp4"
gestureLabel: 202
fps: 29
pixelSizeInCmTemp: 3.2364864864864862e-01
faceCenterPointX: 261
faceCenterPointY: 75
headPositionsX: [ 262, 257, 260, 261, 261, 257, 257, 262, 258, 258, 257,
    258, 261, 259, 260, 259, 261, 261, 262, 258, 260, 260, 258, 259, 262,
    260, 258, 261, 262, 263, 261, 261, 262, 257, 259, 262, 260, 259, 261,
    260, 261, 260, 258, 261, 260, 258, 260, 258, 261, 259, 260, 259, 259,
    262, 261, 260, 263, 260, 261, 258, 261, 261, 261, 257, 260, 259, 260,
    258, 257, 257, 256, 259, 257, 259, 256, 256, 259, 255, 256, 259, 256,
    257, 258, 261, 257, 257, 257, 260, 258, 261, 260, 259, 260, 258, 259,
    259, 261, 260, 258, 259 ]
headPositionsY: [ 73, 73, 74, 72, 76, 73, 75, 74, 72, 75, 72, 75, 72, 76,
    72, 76, 72, 72, 75, 76, 76, 75, 76, 73, 75, 77, 75, 76, 73, 78, 75,
    76, 76, 74, 75, 76, 77, 73, 73, 75, 73, 75, 74, 77, 75, 75, 74, 73,
    73, 69, 71, 67, 67, 67, 72, 71, 76, 77, 76, 80, 81, 77, 75, 72, 69,
    68, 67, 70, 69, 71, 76, 76, 77, 82, 84, 83, 80, 77, 78, 75, 73, 69,
    71, 72, 77, 78, 79, 81, 78, 82, 79, 79, 76, 76, 77, 78, 78, 74, 76,
    77 ]
