%YAML:1.0
---
videoName: "headShake45.mp4"
gestureLabel: 201
fps: 30
pixelSizeInCmTemp: 3.3263888888888887e-01
faceCenterPointX: 262
faceCenterPointY: 84
headPositionsX: [ 261, 261, 261, 263, 263, 264, 264, 264, 261, 264, 264,
    265, 263, 263, 260, 263, 265, 262, 262, 264, 264, 260, 260, 263, 260,
    262, 262, 261, 262, 262, 263, 263, 263, 262, 262, 260, 263, 258, 261,
    257, 257, 255, 258, 263, 270, 274, 280, 283, 278, 276, 272, 266, 263,
    254, 253, 254, 258, 264, 266, 273, 275, 275, 271, 269, 264, 260, 257,
    256, 257, 261, 267, 270, 269, 269, 271, 270, 265, 261, 255, 256, 257,
    258, 260, 262, 266, 266, 264, 263, 259, 261, 261, 260, 261, 261, 260,
    262, 262, 263, 260, 264 ]
headPositionsY: [ 82, 80, 83, 81, 83, 83, 80, 80, 81, 82, 79, 84, 81, 81,
    81, 83, 82, 82, 84, 80, 82, 81, 84, 80, 84, 83, 80, 81, 83, 84, 82,
    83, 80, 80, 82, 80, 81, 82, 80, 81, 81, 81, 80, 83, 81, 83, 79, 79,
    81, 81, 81, 82, 83, 81, 81, 84, 82, 83, 81, 82, 82, 83, 80, 83, 84,
    83, 83, 81, 85, 82, 84, 82, 84, 82, 81, 80, 83, 82, 81, 82, 81, 83,
    81, 81, 84, 83, 83, 84, 84, 82, 85, 84, 83, 85, 84, 81, 82, 82, 83,
    84 ]
