%YAML:1.0
---
videoName: "headLookRight8.mp4"
gestureLabel: 204
fps: 29
pixelSizeInCmTemp: 3.1513157894736843e-01
faceCenterPointX: 218
faceCenterPointY: 80
headPositionsX: [ 219, 249, 250, 248, 247, 248, 248, 247, 248, 247, 248,
    248, 247, 245, 246, 245, 246, 249, 248, 243, 246, 249, 249, 246, 248,
    246, 249, 248, 244, 249, 248, 246, 248, 249, 245, 246, 245, 245, 245,
    248, 247, 246, 248, 244, 246, 248, 248, 244, 246, 248, 245, 245, 244,
    248, 245, 248, 245, 245, 248, 246, 248, 248, 248, 246, 247, 247, 247,
    246, 245, 241, 241, 238, 238, 235, 233, 229, 228, 225, 223, 220, 218,
    217, 215, 216, 217, 220, 216, 218, 218, 220, 216, 216, 216, 215, 220,
    217, 220, 220, 219, 216 ]
headPositionsY: [ 81, 73, 73, 72, 72, 74, 73, 73, 74, 76, 77, 77, 75, 76,
    77, 77, 76, 76, 77, 74, 76, 77, 77, 76, 78, 77, 74, 74, 77, 74, 75,
    78, 75, 74, 79, 77, 78, 75, 76, 78, 76, 79, 79, 78, 75, 77, 79, 78,
    77, 75, 77, 75, 75, 76, 76, 77, 76, 78, 78, 78, 76, 78, 77, 75, 78,
    77, 76, 77, 76, 79, 78, 78, 75, 75, 78, 77, 77, 76, 73, 75, 75, 80,
    73, 81, 74, 80, 82, 78, 80, 79, 78, 78, 78, 79, 77, 82, 81, 81, 82,
    80 ]
