%YAML:1.0
---
videoName: "headNod7.mp4"
gestureLabel: 202
fps: 29
pixelSizeInCmTemp: 3.2808219178082193e-01
faceCenterPointX: 261
faceCenterPointY: 71
headPositionsX: [ 262, 266, 265, 266, 265, 266, 265, 266, 266, 263, 265,
    265, 266, 262, 263, 264, 262, 261, 261, 262, 264, 261, 261, 260, 261,
    265, 263, 264, 261, 261, 260, 264, 262, 262, 264, 261, 262, 263, 261,
    260, 259, 262, 262, 262, 260, 260, 260, 262, 260, 263, 260, 260, 262,
    264, 265, 259, 262, 261, 261, 260, 264, 259, 262, 262, 260, 262, 262,
    260, 259, 262, 260, 260, 262, 261, 262, 260, 262, 263, 262, 259, 262,
    262, 260, 262, 262, 262, 262, 264, 263, 261, 260, 263, 262, 259, 262,
    263, 264, 261, 260, 263 ]
headPositionsY: [ 70, 74, 75, 73, 75, 71, 74, 70, 74, 72, 73, 74, 75, 76,
    75, 76, 74, 76, 73, 75, 77, 74, 73, 74, 73, 75, 76, 76, 75, 74, 74,
    75, 75, 73, 74, 73, 77, 76, 75, 73, 77, 76, 77, 77, 74, 76, 78, 78,
    74, 73, 68, 70, 71, 69, 75, 72, 75, 80, 78, 78, 76, 70, 70, 71, 73,
    73, 72, 79, 81, 79, 76, 76, 72, 73, 71, 68, 69, 70, 70, 72, 75, 78,
    81, 78, 80, 78, 77, 74, 73, 71, 70, 73, 71, 70, 69, 71, 73, 73, 71,
    73 ]
