%YAML:1.0
---
videoName: "headShake21.mp4"
gestureLabel: 201
fps: 29
pixelSizeInCmTemp: 3.1933333333333330e-01
faceCenterPointX: 241
faceCenterPointY: 78
headPositionsX: [ 242, 245, 244, 244, 245, 244, 242, 244, 241, 243, 242,
    241, 240, 242, 239, 239, 244, 241, 245, 241, 242, 242, 241, 243, 245,
    245, 246, 245, 243, 243, 244, 245, 241, 243, 242, 244, 242, 244, 243,
    244, 242, 242, 240, 241, 241, 241, 243, 243, 243, 240, 242, 242, 239,
    241, 242, 239, 242, 244, 241, 243, 240, 242, 240, 240, 239, 242, 237,
    243, 245, 246, 253, 254, 252, 250, 246, 240, 238, 233, 231, 233, 235,
    236, 239, 242, 244, 240, 242, 241, 237, 238, 239, 240, 240, 236, 238,
    243, 241, 243, 243, 240 ]
headPositionsY: [ 80, 85, 82, 80, 78, 73, 73, 72, 74, 74, 71, 72, 73, 69,
    71, 73, 70, 73, 69, 73, 73, 71, 71, 75, 75, 77, 75, 73, 73, 76, 77,
    75, 75, 76, 77, 76, 74, 75, 77, 77, 78, 77, 76, 78, 78, 78, 78, 78,
    75, 76, 80, 78, 75, 75, 80, 77, 80, 78, 80, 77, 77, 79, 75, 80, 78,
    80, 77, 79, 78, 77, 75, 78, 77, 77, 77, 77, 80, 80, 77, 79, 79, 80,
    75, 80, 79, 78, 78, 80, 78, 79, 80, 80, 78, 76, 77, 79, 81, 77, 79,
    77 ]
