%YAML:1.0
---
videoName: "headLookRight1.mp4"
gestureLabel: 204
fps: 29
pixelSizeInCmTemp: 3.3263888888888887e-01
faceCenterPointX: 232
faceCenterPointY: 68
headPositionsX: [ 234, 254, 258, 258, 258, 258, 256, 256, 254, 256, 255,
    256, 253, 259, 258, 256, 256, 253, 258, 257, 255, 254, 253, 258, 253,
    256, 252, 255, 255, 257, 254, 250, 251, 250, 247, 245, 242, 241, 237,
    236, 232, 235, 230, 232, 228, 231, 229, 225, 230, 229, 233, 234, 233,
    233, 233, 232, 231, 233, 231, 232, 230, 231, 230, 232, 234, 231, 231,
    234, 231, 233, 232, 232, 231, 232, 238, 233, 229, 231, 233, 232, 230,
    230, 234, 233, 230, 229, 230, 231, 231, 234, 231, 233, 233, 229, 230,
    233, 231, 233, 231, 231 ]
headPositionsY: [ 66, 68, 69, 68, 69, 66, 70, 70, 69, 70, 67, 69, 67, 66,
    69, 66, 70, 69, 70, 69, 67, 71, 66, 68, 66, 71, 66, 68, 68, 70, 67,
    67, 70, 69, 70, 69, 69, 69, 67, 68, 67, 68, 68, 67, 68, 66, 67, 69,
    70, 67, 69, 70, 71, 68, 67, 66, 71, 69, 69, 68, 68, 65, 67, 68, 67,
    66, 66, 67, 66, 68, 68, 66, 68, 71, 68, 66, 67, 69, 66, 67, 68, 67,
    70, 67, 70, 67, 69, 70, 69, 69, 71, 67, 65, 69, 69, 70, 67, 69, 70,
    70 ]
