%YAML:1.0
---
videoName: "headLookUp1.mp4"
gestureLabel: 205
fps: 29
pixelSizeInCmTemp: 3.7421874999999999e-01
faceCenterPointX: 258
faceCenterPointY: 66
headPositionsX: [ 257, 259, 258, 257, 258, 260, 261, 259, 257, 258, 260,
    261, 260, 261, 259, 257, 258, 259, 260, 257, 258, 259, 256, 257, 260,
    260, 259, 258, 256, 259, 260, 260, 260, 257, 259, 257, 259, 259, 256,
    258, 258, 259, 261, 257, 257, 257, 260, 261, 261, 257, 259, 255, 256,
    260, 256, 258, 258, 256, 256, 255, 256, 257, 261, 259, 258, 259, 260,
    257, 259, 257, 259, 257, 260, 260, 257, 257, 260, 258, 259, 257, 258,
    257, 261, 257, 257, 258, 259, 258, 260, 257, 256, 256, 257, 256, 259,
    258, 257, 257, 256, 257 ]
headPositionsY: [ 67, 78, 80, 79, 83, 79, 79, 80, 78, 80, 82, 79, 83, 82,
    82, 82, 79, 82, 83, 79, 81, 80, 83, 79, 80, 82, 83, 80, 83, 78, 79,
    83, 82, 83, 79, 79, 79, 81, 79, 80, 80, 76, 76, 77, 73, 71, 68, 71,
    67, 69, 69, 66, 65, 67, 65, 63, 67, 65, 65, 64, 65, 65, 68, 65, 65,
    63, 68, 66, 66, 64, 68, 66, 65, 68, 69, 65, 66, 64, 67, 66, 68, 67,
    64, 66, 63, 69, 67, 68, 65, 66, 63, 70, 68, 63, 68, 65, 65, 66, 63,
    69 ]
