%YAML:1.0
---
videoName: "headShake33.mp4"
gestureLabel: 201
fps: 29
pixelSizeInCmTemp: 3.2364864864864862e-01
faceCenterPointX: 244
faceCenterPointY: 84
headPositionsX: [ 243, 247, 243, 246, 244, 247, 244, 246, 247, 245, 247,
    245, 247, 245, 245, 245, 244, 244, 247, 245, 245, 250, 250, 250, 251,
    255, 255, 258, 259, 260, 262, 261, 261, 261, 261, 254, 252, 250, 243,
    242, 236, 237, 230, 228, 226, 227, 228, 228, 226, 231, 232, 239, 242,
    246, 250, 253, 254, 260, 257, 259, 261, 258, 260, 255, 256, 251, 248,
    247, 243, 237, 236, 233, 232, 232, 231, 233, 234, 235, 236, 236, 237,
    238, 240, 242, 245, 247, 244, 248, 246, 245, 245, 245, 247, 243, 245,
    247, 244, 242, 244, 243 ]
headPositionsY: [ 83, 81, 83, 84, 84, 85, 85, 83, 81, 81, 84, 81, 83, 82,
    85, 85, 81, 83, 82, 81, 82, 83, 85, 81, 81, 84, 82, 79, 80, 79, 81,
    79, 81, 83, 82, 81, 82, 81, 82, 82, 82, 81, 83, 84, 80, 82, 81, 84,
    85, 85, 84, 85, 81, 83, 82, 81, 83, 83, 79, 81, 80, 83, 81, 80, 83,
    82, 81, 82, 81, 85, 83, 86, 81, 83, 82, 82, 80, 84, 80, 85, 86, 83,
    81, 85, 81, 82, 83, 85, 85, 85, 83, 84, 81, 85, 85, 85, 80, 85, 83,
    81 ]
