%YAML:1.0
---
videoName: "headNod27.mp4"
gestureLabel: 202
fps: 29
pixelSizeInCmTemp: 3.0705128205128202e-01
faceCenterPointX: 271
faceCenterPointY: 77
headPositionsX: [ 269, 273, 270, 273, 274, 270, 274, 271, 272, 274, 271,
    271, 271, 271, 270, 270, 273, 269, 270, 272, 272, 270, 274, 272, 272,
    273, 273, 272, 275, 271, 271, 273, 271, 270, 268, 271, 268, 267, 270,
    270, 269, 270, 270, 271, 268, 272, 269, 268, 270, 270, 270, 269, 267,
    271, 271, 272, 270, 272, 269, 270, 272, 270, 268, 269, 269, 265, 269,
    266, 268, 270, 267, 270, 270, 268, 268, 267, 269, 267, 269, 267, 267,
    268, 269, 268, 267, 272, 272, 267, 271, 272, 273, 271, 269, 273, 269,
    270, 270, 270, 269, 271 ]
headPositionsY: [ 79, 72, 73, 75, 71, 73, 71, 72, 73, 75, 75, 75, 74, 74,
    74, 73, 73, 72, 76, 75, 73, 73, 68, 68, 66, 65, 63, 64, 62, 66, 69,
    75, 81, 84, 86, 82, 80, 78, 73, 71, 70, 70, 68, 69, 69, 71, 74, 79,
    80, 81, 80, 75, 73, 70, 72, 71, 69, 73, 74, 76, 78, 82, 80, 84, 83,
    77, 77, 72, 73, 70, 73, 74, 74, 75, 78, 80, 81, 80, 75, 73, 72, 71,
    69, 68, 73, 72, 73, 75, 78, 81, 80, 79, 77, 75, 75, 75, 78, 75, 76,
    75 ]
