%YAML:1.0
---
videoName: "headNod43.mp4"
gestureLabel: 202
fps: 29
pixelSizeInCmTemp: 2.8855421686746985e-01
faceCenterPointX: 268
faceCenterPointY: 74
headPositionsX: [ 267, 269, 269, 271, 270, 268, 272, 270, 270, 268, 266,
    269, 270, 268, 270, 267, 266, 270, 269, 270, 270, 270, 268, 268, 266,
    269, 265, 265, 267, 264, 267, 267, 263, 266, 265, 263, 265, 264, 265,
    264, 264, 263, 264, 265, 264, 264, 266, 265, 267, 266, 263, 266, 263,
    263, 266, 263, 265, 266, 263, 267, 267, 264, 265, 264, 263, 262, 266,
    265, 264, 266, 268, 268, 268, 266, 268, 268, 268, 265, 269, 267, 267,
    268, 270, 270, 271, 270, 269, 270, 268, 270, 269, 269, 268, 270, 271,
    269, 266, 270, 268, 270 ]
headPositionsY: [ 75, 79, 77, 77, 75, 76, 76, 73, 74, 75, 75, 78, 77, 73,
    76, 74, 76, 74, 75, 77, 74, 76, 74, 74, 75, 76, 80, 81, 87, 91, 90,
    88, 85, 82, 79, 80, 79, 78, 82, 87, 88, 93, 91, 86, 84, 81, 81, 82,
    83, 83, 88, 89, 90, 88, 88, 83, 84, 83, 80, 83, 87, 89, 90, 91, 92,
    85, 83, 81, 80, 79, 78, 81, 84, 87, 92, 92, 89, 89, 86, 80, 77, 75,
    76, 72, 73, 72, 74, 75, 73, 72, 71, 76, 72, 76, 71, 75, 73, 76, 76,
    72 ]
