%YAML:1.0
---
videoName: "headShake25.mp4"
gestureLabel: 201
fps: 30
pixelSizeInCmTemp: 3.2364864864864862e-01
faceCenterPointX: 241
faceCenterPointY: 79
headPositionsX: [ 242, 256, 252, 254, 253, 252, 247, 250, 247, 244, 238,
    236, 234, 235, 231, 232, 230, 231, 227, 232, 232, 234, 232, 236, 240,
    241, 245, 247, 248, 248, 246, 251, 250, 246, 249, 247, 245, 238, 236,
    237, 232, 230, 229, 232, 232, 231, 232, 234, 235, 236, 238, 243, 243,
    247, 247, 250, 252, 252, 249, 252, 249, 250, 249, 248, 246, 242, 243,
    239, 237, 237, 235, 237, 236, 236, 233, 235, 237, 237, 238, 237, 238,
    239, 239, 242, 241, 240, 244, 245, 243, 241, 243, 242, 241, 241, 242,
    239, 241, 238, 239, 241 ]
headPositionsY: [ 80, 76, 75, 78, 76, 76, 79, 80, 79, 77, 78, 78, 76, 76,
    75, 78, 79, 76, 80, 78, 77, 79, 77, 76, 80, 79, 78, 76, 77, 80, 76,
    79, 80, 81, 81, 80, 78, 78, 79, 78, 77, 80, 77, 76, 76, 76, 79, 77,
    77, 77, 81, 80, 78, 78, 78, 80, 79, 76, 76, 79, 80, 78, 77, 77, 79,
    76, 78, 79, 80, 78, 77, 80, 77, 76, 77, 76, 79, 77, 78, 78, 79, 80,
    78, 76, 79, 79, 80, 80, 78, 80, 81, 81, 81, 77, 80, 77, 79, 78, 81,
    81 ]
