%YAML:1.0
---
videoName: "headNod30.mp4"
gestureLabel: 202
fps: 29
pixelSizeInCmTemp: 3.2364864864864862e-01
faceCenterPointX: 271
faceCenterPointY: 72
headPositionsX: [ 272, 272, 270, 274, 273, 273, 272, 274, 271, 270, 271,
    270, 271, 270, 272, 273, 272, 271, 271, 272, 273, 272, 273, 274, 272,
    274, 274, 272, 270, 273, 274, 273, 271, 273, 273, 272, 270, 271, 269,
    272, 269, 270, 269, 269, 268, 270, 271, 269, 268, 271, 270, 270, 268,
    271, 271, 268, 270, 272, 273, 273, 271, 270, 271, 271, 273, 273, 270,
    271, 272, 270, 269, 274, 272, 271, 271, 271, 269, 268, 270, 272, 271,
    273, 271, 270, 271, 272, 272, 269, 270, 274, 272, 272, 270, 271, 273,
    272, 271, 272, 271, 271 ]
headPositionsY: [ 73, 76, 77, 73, 78, 76, 77, 74, 73, 76, 75, 73, 73, 78,
    77, 75, 74, 76, 77, 73, 73, 72, 71, 72, 68, 67, 68, 69, 68, 72, 75,
    78, 76, 81, 84, 79, 80, 80, 77, 75, 71, 72, 69, 73, 73, 74, 79, 79,
    78, 77, 79, 76, 72, 71, 72, 69, 71, 69, 72, 76, 73, 74, 75, 75, 76,
    75, 71, 71, 69, 69, 70, 72, 70, 72, 76, 74, 74, 75, 74, 71, 72, 73,
    71, 70, 70, 72, 71, 70, 73, 73, 73, 75, 74, 73, 72, 75, 75, 74, 72,
    73 ]
