%YAML:1.0
---
videoName: "headLookRight4.mp4"
gestureLabel: 204
fps: 30
pixelSizeInCmTemp: 3.4214285714285714e-01
faceCenterPointX: 228
faceCenterPointY: 75
headPositionsX: [ 226, 252, 252, 252, 252, 251, 254, 253, 256, 255, 255,
    254, 255, 253, 252, 253, 254, 254, 255, 251, 251, 252, 250, 252, 252,
    255, 252, 252, 253, 249, 250, 248, 247, 248, 247, 241, 238, 240, 235,
    236, 235, 231, 230, 232, 230, 229, 228, 231, 229, 228, 229, 228, 226,
    225, 227, 229, 223, 225, 227, 225, 226, 224, 227, 226, 225, 227, 227,
    224, 226, 224, 227, 229, 227, 224, 223, 225, 230, 223, 227, 227, 228,
    226, 227, 226, 225, 226, 224, 227, 226, 230, 227, 228, 224, 229, 227,
    226, 226, 224, 224, 229 ]
headPositionsY: [ 76, 71, 72, 73, 71, 69, 71, 73, 74, 71, 70, 71, 74, 72,
    75, 71, 71, 76, 74, 72, 74, 72, 75, 72, 76, 75, 70, 74, 72, 72, 75,
    74, 71, 74, 74, 72, 72, 73, 70, 75, 72, 73, 71, 72, 74, 71, 75, 73,
    74, 73, 72, 73, 75, 74, 76, 76, 74, 75, 72, 74, 76, 74, 77, 76, 72,
    73, 76, 77, 74, 74, 75, 75, 73, 73, 75, 75, 76, 73, 78, 76, 75, 75,
    72, 74, 71, 75, 77, 77, 73, 75, 76, 71, 72, 74, 73, 72, 75, 75, 75,
    76 ]
