%YAML:1.0
---
videoName: "headNod23.mp4"
gestureLabel: 202
fps: 29
pixelSizeInCmTemp: 3.1933333333333330e-01
faceCenterPointX: 273
faceCenterPointY: 75
headPositionsX: [ 271, 275, 277, 276, 275, 276, 273, 276, 275, 276, 276,
    276, 274, 275, 276, 274, 273, 275, 274, 272, 276, 277, 276, 273, 274,
    277, 272, 275, 273, 273, 276, 275, 276, 276, 275, 276, 273, 274, 274,
    274, 270, 272, 271, 272, 271, 274, 273, 273, 275, 275, 275, 272, 275,
    274, 273, 276, 274, 272, 274, 275, 275, 274, 272, 274, 272, 273, 272,
    274, 276, 273, 273, 274, 272, 276, 275, 272, 274, 276, 272, 276, 273,
    271, 275, 271, 276, 274, 273, 274, 274, 272, 272, 272, 272, 276, 273,
    272, 273, 275, 272, 271 ]
headPositionsY: [ 75, 77, 74, 76, 75, 76, 76, 77, 76, 75, 74, 75, 75, 77,
    79, 77, 77, 74, 78, 76, 76, 75, 77, 76, 75, 72, 70, 70, 68, 68, 62,
    64, 65, 65, 68, 72, 73, 75, 80, 81, 83, 84, 83, 78, 79, 73, 69, 70,
    69, 68, 65, 68, 70, 69, 70, 76, 78, 79, 78, 79, 76, 74, 76, 70, 69,
    70, 68, 71, 68, 69, 71, 75, 74, 76, 79, 77, 77, 79, 77, 79, 77, 76,
    73, 71, 76, 71, 72, 73, 73, 71, 73, 74, 75, 75, 73, 77, 77, 75, 74,
    74 ]
