%YAML:1.0
---
videoName: "headShake21.mp4"
gestureLabel: 201
fps: 29
pixelSizeInCmTemp: 3.1933333333333330e-01
faceCenterPointX: 241
faceCenterPointY: 78
headPositionsX: [ 241, 245, 244, 241, 242, 244, 244, 244, 240, 240, 242,
    242, 240, 240, 243, 239, 240, 239, 245, 243, 241, 245, 242, 241, 242,
    244, 245, 245, 242, 243, 245, 241, 244, 245, 245, 243, 242, 242, 242,
    241, 241, 240, 241, 240, 239, 241, 239, 240, 240, 239, 242, 240, 240,
    243, 243, 239, 243, 242, 242, 243, 241, 239, 243, 241, 241, 239, 240,
    244, 246, 247, 252, 250, 253, 247, 246, 244, 238, 235, 235, 235, 238,
    239, 239, 243, 243, 243, 244, 244, 241, 237, 241, 240, 238, 237, 237,
    242, 242, 239, 244, 241 ]
headPositionsY: [ 80, 83, 81, 77, 77, 75, 75, 75, 71, 71, 71, 69, 70, 69,
    69, 70, 69, 73, 73, 71, 72, 71, 73, 71, 73, 76, 77, 75, 76, 78, 77,
    76, 78, 77, 76, 77, 76, 75, 78, 77, 78, 79, 76, 78, 78, 80, 79, 79,
    77, 77, 78, 79, 77, 76, 81, 79, 76, 77, 77, 79, 78, 77, 76, 76, 76,
    79, 78, 75, 77, 79, 77, 78, 78, 79, 80, 80, 78, 80, 75, 77, 78, 80,
    75, 80, 77, 77, 79, 79, 78, 77, 80, 79, 78, 80, 77, 80, 79, 77, 80,
    76 ]
