%YAML:1.0
---
videoName: "headNod39.mp4"
gestureLabel: 202
fps: 29
pixelSizeInCmTemp: 2.9937500000000000e-01
faceCenterPointX: 268
faceCenterPointY: 78
headPositionsX: [ 269, 269, 267, 268, 266, 271, 268, 267, 268, 268, 269,
    269, 268, 267, 268, 269, 267, 267, 267, 267, 269, 271, 270, 266, 267,
    270, 270, 269, 266, 267, 269, 267, 267, 271, 267, 267, 267, 270, 267,
    269, 268, 269, 270, 270, 266, 266, 267, 267, 266, 265, 265, 269, 266,
    268, 268, 267, 268, 268, 264, 268, 268, 266, 264, 267, 266, 267, 268,
    268, 266, 268, 267, 268, 268, 269, 266, 265, 267, 265, 269, 265, 268,
    268, 269, 267, 265, 268, 267, 265, 268, 268, 268, 269, 269, 268, 265,
    267, 265, 265, 269, 265 ]
headPositionsY: [ 77, 79, 78, 74, 75, 76, 79, 78, 75, 74, 74, 75, 76, 77,
    76, 77, 73, 76, 78, 75, 78, 78, 76, 77, 74, 76, 75, 75, 78, 78, 77,
    74, 76, 79, 75, 77, 75, 77, 81, 81, 83, 82, 85, 84, 83, 80, 80, 73,
    76, 75, 77, 77, 75, 75, 76, 85, 90, 91, 89, 91, 86, 80, 76, 73, 71,
    72, 75, 73, 79, 80, 83, 85, 81, 80, 76, 77, 75, 73, 77, 77, 76, 80,
    81, 83, 80, 80, 78, 77, 77, 80, 80, 79, 77, 76, 76, 77, 78, 77, 77,
    76 ]
