%YAML:1.0
---
videoName: "headShake26.mp4"
gestureLabel: 201
fps: 30
pixelSizeInCmTemp: 3.2808219178082193e-01
faceCenterPointX: 243
faceCenterPointY: 78
headPositionsX: [ 245, 242, 241, 239, 238, 244, 246, 245, 249, 246, 251,
    250, 252, 250, 250, 253, 253, 247, 248, 243, 242, 238, 234, 233, 229,
    227, 230, 231, 228, 229, 230, 235, 239, 241, 248, 245, 251, 251, 254,
    251, 254, 251, 252, 247, 245, 241, 238, 233, 231, 229, 229, 227, 229,
    229, 229, 235, 239, 239, 243, 249, 248, 248, 251, 253, 253, 253, 253,
    252, 247, 247, 247, 243, 242, 238, 239, 239, 238, 235, 234, 236, 236,
    238, 240, 239, 241, 240, 241, 240, 245, 245, 244, 244, 245, 242, 243,
    242, 246, 246, 244, 244 ]
headPositionsY: [ 78, 77, 77, 77, 77, 76, 80, 79, 80, 75, 76, 78, 77, 77,
    75, 80, 78, 80, 80, 78, 79, 77, 78, 76, 78, 75, 76, 78, 76, 78, 77,
    75, 77, 77, 77, 76, 75, 78, 76, 76, 75, 80, 78, 76, 80, 76, 80, 79,
    78, 76, 74, 76, 76, 79, 78, 78, 77, 76, 80, 80, 79, 79, 79, 77, 76,
    78, 79, 77, 78, 78, 81, 79, 80, 78, 78, 81, 78, 76, 79, 77, 78, 79,
    79, 77, 79, 79, 78, 79, 80, 78, 80, 81, 81, 78, 79, 81, 76, 76, 78,
    78 ]
