%YAML:1.0
---
videoName: "headNod24.mp4"
gestureLabel: 202
fps: 29
pixelSizeInCmTemp: 3.1513157894736843e-01
faceCenterPointX: 272
faceCenterPointY: 72
headPositionsX: [ 272, 275, 276, 275, 275, 276, 272, 274, 277, 275, 273,
    277, 273, 276, 272, 275, 275, 273, 275, 273, 273, 274, 275, 273, 271,
    271, 273, 275, 274, 271, 274, 271, 275, 275, 275, 273, 275, 274, 272,
    275, 275, 274, 271, 272, 269, 273, 271, 273, 272, 270, 275, 272, 273,
    272, 271, 273, 272, 273, 271, 274, 270, 270, 268, 272, 269, 271, 273,
    271, 273, 270, 273, 271, 270, 271, 271, 270, 268, 270, 270, 269, 270,
    267, 272, 268, 267, 272, 271, 268, 268, 273, 272, 272, 272, 272, 271,
    271, 272, 271, 273, 274 ]
headPositionsY: [ 71, 74, 71, 71, 72, 73, 71, 71, 74, 72, 71, 73, 74, 75,
    71, 73, 71, 75, 71, 75, 75, 74, 73, 74, 74, 73, 76, 72, 74, 74, 72,
    76, 75, 76, 76, 73, 69, 72, 68, 69, 72, 73, 77, 81, 83, 80, 78, 76,
    68, 69, 66, 69, 69, 74, 76, 77, 74, 71, 69, 68, 68, 66, 66, 67, 73,
    75, 76, 75, 72, 72, 71, 71, 71, 68, 69, 72, 69, 72, 77, 76, 73, 75,
    76, 73, 68, 68, 69, 68, 71, 73, 69, 72, 74, 74, 75, 74, 75, 70, 73,
    73 ]
