%YAML:1.0
---
videoName: "headNod24.mp4"
gestureLabel: 202
fps: 29
pixelSizeInCmTemp: 3.1513157894736843e-01
faceCenterPointX: 272
faceCenterPointY: 72
headPositionsX: [ 274, 277, 274, 275, 273, 274, 276, 272, 275, 275, 273,
    275, 275, 275, 276, 275, 276, 275, 276, 274, 273, 274, 272, 271, 271,
    274, 273, 274, 272, 272, 274, 274, 274, 274, 272, 274, 273, 276, 274,
    274, 272, 274, 271, 275, 269, 271, 275, 272, 272, 272, 275, 274, 271,
    272, 275, 272, 275, 271, 274, 271, 270, 271, 271, 273, 273, 272, 269,
    269, 273, 274, 273, 270, 272, 270, 270, 269, 269, 268, 269, 270, 270,
    271, 269, 271, 268, 272, 268, 271, 268, 269, 273, 271, 272, 274, 272,
    272, 274, 274, 270, 271 ]
headPositionsY: [ 71, 73, 75, 71, 72, 73, 71, 74, 75, 73, 71, 73, 73, 72,
    73, 72, 75, 75, 71, 73, 71, 73, 72, 75, 72, 75, 74, 73, 76, 73, 75,
    76, 74, 74, 73, 72, 73, 72, 68, 69, 72, 72, 76, 78, 79, 80, 80, 74,
    69, 68, 67, 68, 67, 73, 73, 74, 77, 74, 70, 70, 65, 66, 65, 69, 70,
    74, 76, 75, 72, 74, 71, 69, 70, 70, 70, 69, 70, 73, 77, 76, 72, 74,
    73, 73, 69, 72, 70, 69, 72, 69, 73, 72, 72, 74, 73, 75, 73, 70, 70,
    73 ]
