%YAML:1.0
---
videoName: "headShake10.mp4"
gestureLabel: 201
fps: 29
pixelSizeInCmTemp: 3.3732394366197183e-01
faceCenterPointX: 240
faceCenterPointY: 74
headPositionsX: [ 242, 248, 244, 246, 247, 246, 245, 246, 246, 247, 245,
    244, 248, 245, 247, 246, 247, 246, 245, 248, 247, 245, 245, 247, 247,
    246, 248, 248, 246, 247, 246, 248, 247, 246, 248, 247, 244, 246, 246,
    244, 246, 245, 243, 247, 245, 243, 245, 244, 244, 244, 247, 249, 250,
    253, 256, 258, 263, 261, 259, 257, 257, 251, 247, 245, 238, 236, 232,
    229, 233, 235, 239, 242, 246, 251, 256, 255, 256, 256, 257, 255, 249,
    248, 247, 246, 244, 239, 239, 241, 239, 241, 242, 240, 243, 242, 238,
    240, 241, 242, 241, 240 ]
headPositionsY: [ 74, 72, 72, 72, 73, 71, 74, 74, 71, 72, 74, 76, 72, 75,
    74, 75, 72, 74, 74, 74, 75, 72, 71, 71, 74, 73, 73, 74, 71, 75, 71,
    75, 73, 74, 72, 72, 72, 72, 73, 74, 75, 71, 74, 72, 73, 75, 71, 76,
    71, 73, 74, 71, 73, 72, 72, 68, 70, 72, 70, 74, 73, 73, 76, 75, 71,
    74, 74, 73, 74, 76, 72, 76, 72, 73, 72, 72, 74, 73, 75, 76, 73, 73,
    77, 77, 74, 76, 77, 78, 77, 78, 76, 77, 73, 76, 73, 75, 73, 74, 76,
    74 ]
