%YAML:1.0
---
videoName: "headShake13.mp4"
gestureLabel: 201
fps: 29
pixelSizeInCmTemp: 3.2364864864864862e-01
faceCenterPointX: 241
faceCenterPointY: 77
headPositionsX: [ 242, 239, 240, 239, 243, 240, 243, 240, 239, 241, 241,
    240, 242, 241, 242, 242, 243, 241, 243, 241, 242, 242, 240, 242, 240,
    243, 242, 241, 241, 239, 237, 238, 239, 239, 244, 249, 250, 256, 260,
    263, 265, 260, 260, 253, 252, 244, 238, 235, 230, 231, 228, 230, 238,
    239, 246, 247, 249, 252, 250, 246, 246, 240, 235, 236, 231, 231, 234,
    232, 236, 242, 244, 248, 253, 252, 248, 251, 246, 245, 242, 238, 234,
    232, 233, 235, 233, 237, 235, 241, 240, 242, 244, 245, 243, 247, 245,
    242, 244, 241, 240, 239 ]
headPositionsY: [ 79, 75, 77, 78, 78, 75, 79, 76, 78, 77, 77, 76, 76, 78,
    75, 75, 76, 77, 78, 76, 75, 75, 77, 78, 74, 74, 76, 78, 74, 75, 76,
    76, 75, 75, 76, 78, 77, 73, 72, 73, 75, 76, 77, 77, 79, 75, 76, 78,
    79, 76, 75, 77, 78, 79, 77, 78, 75, 75, 77, 76, 77, 79, 75, 78, 78,
    75, 75, 74, 78, 74, 75, 75, 75, 77, 75, 74, 76, 77, 78, 76, 77, 77,
    77, 78, 79, 75, 78, 78, 79, 76, 74, 75, 77, 77, 75, 75, 75, 78, 74,
    74 ]
