%YAML:1.0
---
videoName: "headNod7.mp4"
gestureLabel: 202
fps: 29
pixelSizeInCmTemp: 3.2808219178082193e-01
faceCenterPointX: 261
faceCenterPointY: 71
headPositionsX: [ 259, 264, 266, 265, 267, 265, 263, 265, 263, 265, 264,
    263, 262, 263, 263, 261, 261, 264, 262, 263, 262, 260, 264, 264, 262,
    264, 261, 262, 264, 264, 263, 263, 259, 260, 260, 260, 260, 259, 260,
    262, 263, 263, 259, 263, 260, 261, 260, 261, 262, 262, 264, 262, 264,
    264, 265, 263, 260, 262, 262, 261, 264, 263, 264, 263, 260, 260, 263,
    261, 260, 259, 259, 261, 262, 259, 262, 261, 261, 261, 264, 262, 262,
    260, 264, 261, 262, 263, 259, 264, 260, 261, 259, 261, 259, 262, 263,
    260, 260, 260, 260, 261 ]
headPositionsY: [ 72, 74, 73, 76, 77, 71, 76, 74, 73, 75, 74, 74, 74, 75,
    71, 73, 73, 73, 77, 75, 77, 74, 76, 77, 74, 78, 73, 77, 74, 75, 78,
    77, 75, 73, 74, 73, 73, 77, 77, 73, 73, 73, 75, 76, 78, 76, 75, 74,
    73, 71, 69, 72, 68, 69, 72, 74, 79, 80, 79, 77, 75, 72, 73, 72, 72,
    73, 73, 75, 79, 80, 78, 76, 72, 69, 73, 70, 71, 68, 69, 74, 75, 76,
    77, 75, 78, 76, 74, 73, 71, 71, 70, 69, 71, 71, 71, 69, 73, 73, 70,
    73 ]
