%YAML:1.0
---
videoName: "headShake0.mp4"
gestureLabel: 201
fps: 29
pixelSizeInCmTemp: 3.2808219178082193e-01
faceCenterPointX: 279
faceCenterPointY: 94
headPositionsX: [ 279, 281, 281, 277, 278, 277, 281, 277, 278, 279, 277,
    281, 279, 280, 276, 277, 279, 280, 278, 279, 277, 277, 280, 280, 279,
    278, 278, 278, 277, 281, 278, 279, 281, 277, 280, 276, 280, 278, 280,
    278, 281, 279, 287, 285, 294, 293, 298, 301, 299, 300, 295, 294, 289,
    282, 275, 273, 271, 273, 272, 276, 281, 286, 288, 290, 292, 289, 287,
    280, 276, 275, 275, 270, 272, 274, 279, 280, 285, 282, 282, 283, 279,
    277, 275, 275, 274, 276, 279, 275, 280, 277, 277, 280, 278, 278, 280,
    279, 281, 280, 279, 280 ]
headPositionsY: [ 95, 92, 95, 94, 95, 95, 95, 92, 94, 94, 91, 94, 95, 93,
    93, 93, 91, 95, 93, 92, 93, 93, 91, 91, 91, 95, 94, 93, 95, 94, 93,
    94, 92, 91, 93, 92, 95, 93, 92, 92, 94, 92, 90, 90, 89, 88, 89, 90,
    90, 89, 92, 90, 93, 94, 91, 95, 94, 91, 91, 93, 94, 90, 94, 91, 94,
    93, 94, 95, 93, 93, 92, 95, 93, 94, 91, 94, 93, 92, 93, 94, 94, 96,
    94, 93, 94, 93, 95, 93, 93, 94, 92, 94, 93, 95, 95, 96, 93, 93, 94,
    94 ]
