%YAML:1.0
---
videoName: "headLookDown6.mp4"
gestureLabel: 206
fps: 29
pixelSizeInCmTemp: 3.4710144927536229e-01
faceCenterPointX: 276
faceCenterPointY: 98
headPositionsX: [ 278, 274, 273, 275, 277, 277, 275, 273, 273, 274, 277,
    274, 274, 275, 273, 276, 277, 272, 273, 277, 274, 277, 273, 274, 277,
    276, 274, 275, 276, 274, 275, 276, 275, 275, 277, 277, 274, 275, 273,
    272, 277, 278, 276, 278, 278, 276, 274, 277, 273, 274, 276, 275, 273,
    278, 276, 276, 275, 274, 275, 277, 275, 276, 273, 275, 273, 275, 276,
    273, 274, 273, 272, 276, 273, 277, 273, 274, 273, 275, 275, 276, 274,
    275, 277, 275, 273, 276, 276, 275, 278, 277, 277, 274, 276, 275, 275,
    277, 278, 276, 278, 275 ]
headPositionsY: [ 96, 83, 81, 83, 79, 83, 80, 81, 80, 83, 80, 80, 83, 83,
    82, 82, 81, 79, 81, 84, 84, 82, 80, 81, 82, 83, 82, 82, 83, 83, 84,
    85, 81, 81, 85, 84, 83, 81, 85, 82, 84, 86, 83, 86, 87, 86, 91, 90,
    92, 90, 91, 94, 93, 97, 98, 98, 98, 96, 95, 100, 98, 98, 96, 97, 97,
    100, 96, 96, 96, 98, 96, 96, 99, 97, 100, 100, 101, 99, 99, 97, 102,
    101, 96, 99, 98, 100, 101, 101, 101, 98, 97, 99, 97, 98, 97, 96, 99,
    97, 98, 99 ]
