%YAML:1.0
---
videoName: "headLookLeft6.mp4"
gestureLabel: 203
fps: 29
pixelSizeInCmTemp: 3.2808219178082193e-01
faceCenterPointX: 267
faceCenterPointY: 69
headPositionsX: [ 265, 245, 244, 247, 243, 245, 244, 247, 243, 245, 244,
    247, 247, 246, 246, 246, 243, 247, 247, 248, 243, 243, 244, 245, 243,
    248, 246, 250, 252, 251, 252, 257, 259, 261, 264, 267, 266, 266, 268,
    269, 266, 271, 268, 269, 268, 269, 269, 271, 267, 269, 269, 265, 267,
    267, 266, 270, 266, 271, 267, 268, 266, 265, 268, 267, 271, 264, 267,
    265, 267, 265, 265, 267, 266, 267, 265, 268, 264, 266, 271, 270, 264,
    269, 264, 265, 267, 268, 267, 266, 266, 269, 265, 268, 268, 267, 269,
    268, 265, 264, 266, 268 ]
headPositionsY: [ 68, 72, 69, 70, 71, 74, 71, 72, 72, 72, 74, 73, 73, 70,
    70, 74, 72, 75, 73, 74, 71, 74, 72, 71, 74, 74, 73, 70, 71, 73, 70,
    72, 68, 72, 69, 70, 68, 68, 72, 68, 71, 72, 68, 68, 71, 68, 68, 68,
    72, 71, 67, 71, 71, 71, 69, 69, 69, 69, 68, 69, 68, 69, 69, 67, 69,
    72, 70, 67, 69, 71, 72, 70, 70, 72, 70, 68, 69, 68, 71, 71, 69, 72,
    68, 68, 68, 70, 72, 68, 71, 70, 68, 67, 68, 67, 69, 68, 69, 67, 70,
    66 ]
