%YAML:1.0
---
videoName: "headLookUp6.mp4"
gestureLabel: 205
fps: 30
pixelSizeInCmTemp: 3.7421874999999999e-01
faceCenterPointX: 255
faceCenterPointY: 70
headPositionsX: [ 253, 253, 255, 256, 258, 255, 253, 258, 257, 257, 256,
    254, 254, 257, 255, 257, 255, 257, 255, 254, 256, 257, 258, 257, 255,
    256, 255, 256, 254, 255, 256, 255, 255, 256, 255, 257, 254, 258, 253,
    256, 252, 253, 253, 253, 256, 254, 255, 256, 255, 254, 253, 255, 253,
    257, 254, 254, 253, 255, 252, 252, 257, 255, 254, 256, 252, 254, 257,
    255, 256, 256, 252, 255, 256, 256, 256, 255, 253, 252, 254, 256, 257,
    252, 257, 256, 257, 253, 252, 255, 255, 254, 255, 256, 257, 254, 257,
    255, 253, 256, 253, 254 ]
headPositionsY: [ 72, 82, 84, 82, 81, 82, 81, 81, 83, 81, 81, 84, 85, 86,
    85, 83, 83, 84, 83, 85, 80, 85, 83, 80, 79, 79, 80, 80, 76, 74, 71,
    70, 70, 71, 71, 70, 71, 70, 70, 70, 70, 70, 69, 66, 70, 71, 68, 68,
    67, 66, 65, 70, 69, 67, 68, 69, 70, 71, 67, 69, 69, 70, 66, 68, 69,
    67, 70, 66, 69, 69, 67, 70, 72, 67, 68, 66, 69, 71, 68, 70, 70, 71,
    67, 68, 67, 68, 67, 69, 68, 71, 70, 72, 72, 71, 71, 70, 71, 69, 70,
    67 ]
