%YAML:1.0
---
videoName: "headLookRight4.mp4"
gestureLabel: 204
fps: 30
pixelSizeInCmTemp: 3.4214285714285714e-01
faceCenterPointX: 228
faceCenterPointY: 75
headPositionsX: [ 229, 252, 255, 253, 255, 253, 251, 254, 252, 251, 255,
    252, 254, 252, 254, 252, 253, 255, 252, 251, 252, 253, 252, 249, 253,
    253, 253, 253, 251, 250, 250, 248, 247, 244, 244, 240, 242, 239, 237,
    234, 232, 234, 230, 229, 230, 227, 230, 229, 229, 227, 229, 228, 228,
    227, 228, 228, 226, 226, 230, 227, 229, 226, 226, 228, 225, 227, 225,
    223, 226, 224, 224, 225, 228, 222, 222, 227, 226, 223, 226, 228, 228,
    227, 225, 227, 225, 224, 228, 223, 228, 228, 228, 225, 225, 230, 227,
    226, 227, 227, 225, 225 ]
headPositionsY: [ 76, 74, 69, 74, 73, 70, 70, 70, 73, 73, 74, 70, 70, 72,
    74, 74, 75, 76, 72, 73, 71, 74, 72, 75, 76, 74, 73, 73, 73, 72, 74,
    75, 73, 72, 73, 72, 70, 71, 74, 72, 70, 71, 73, 75, 74, 70, 76, 71,
    75, 72, 75, 75, 74, 73, 75, 75, 73, 75, 75, 73, 76, 72, 77, 74, 73,
    71, 72, 75, 74, 76, 77, 72, 76, 75, 76, 76, 76, 77, 77, 74, 74, 78,
    75, 74, 75, 73, 75, 75, 74, 77, 74, 74, 76, 77, 73, 72, 77, 76, 73,
    72 ]
