%YAML:1.0
---
videoName: "headLookUp5.mp4"
gestureLabel: 205
fps: 29
pixelSizeInCmTemp: 3.6287878787878786e-01
faceCenterPointX: 256
faceCenterPointY: 67
headPositionsX: [ 254, 256, 256, 256, 256, 259, 256, 257, 255, 259, 254,
    259, 257, 255, 258, 254, 258, 258, 253, 254, 257, 257, 258, 254, 258,
    258, 256, 255, 258, 254, 258, 258, 258, 257, 258, 256, 256, 255, 256,
    259, 258, 258, 256, 257, 257, 256, 252, 256, 253, 258, 258, 257, 256,
    257, 258, 256, 257, 258, 257, 255, 259, 256, 254, 253, 255, 258, 254,
    256, 253, 258, 255, 256, 256, 258, 254, 254, 255, 254, 254, 255, 254,
    257, 258, 257, 257, 254, 254, 255, 255, 256, 257, 255, 257, 254, 256,
    258, 256, 255, 258, 256 ]
headPositionsY: [ 66, 82, 83, 81, 81, 83, 81, 83, 83, 83, 82, 84, 80, 84,
    79, 80, 80, 83, 79, 80, 79, 82, 78, 82, 79, 79, 83, 83, 79, 79, 79,
    81, 80, 81, 76, 78, 77, 72, 72, 70, 72, 68, 72, 70, 66, 68, 66, 66,
    69, 68, 70, 71, 66, 69, 68, 70, 70, 69, 68, 70, 67, 67, 68, 68, 65,
    65, 66, 66, 65, 69, 69, 67, 65, 66, 70, 65, 69, 69, 66, 68, 69, 68,
    69, 67, 66, 69, 66, 66, 67, 67, 67, 68, 68, 69, 68, 66, 69, 67, 65,
    66 ]
