%YAML:1.0
---
videoName: "headShake23.mp4"
gestureLabel: 201
fps: 29
pixelSizeInCmTemp: 3.2808219178082193e-01
faceCenterPointX: 240
faceCenterPointY: 77
headPositionsX: [ 242, 242, 243, 242, 244, 244, 239, 243, 242, 240, 242,
    243, 241, 244, 240, 239, 243, 240, 238, 240, 239, 242, 244, 248, 247,
    249, 251, 253, 252, 257, 252, 255, 255, 248, 246, 243, 242, 239, 235,
    229, 233, 233, 229, 228, 231, 230, 233, 232, 236, 238, 242, 245, 248,
    251, 251, 251, 253, 255, 251, 250, 252, 248, 249, 243, 240, 241, 240,
    235, 236, 238, 233, 232, 232, 236, 235, 234, 235, 238, 237, 238, 239,
    241, 242, 240, 242, 245, 241, 243, 245, 244, 246, 244, 244, 244, 244,
    244, 244, 245, 240, 241 ]
headPositionsY: [ 76, 74, 79, 77, 77, 79, 79, 79, 78, 78, 75, 77, 75, 79,
    75, 78, 75, 79, 76, 79, 75, 76, 79, 76, 79, 74, 77, 79, 76, 76, 77,
    76, 78, 76, 78, 80, 78, 76, 75, 78, 77, 75, 75, 75, 79, 79, 80, 77,
    76, 77, 80, 76, 75, 78, 77, 76, 75, 75, 78, 77, 78, 77, 77, 81, 79,
    79, 80, 78, 79, 79, 76, 80, 79, 80, 76, 78, 79, 77, 80, 78, 75, 80,
    79, 77, 76, 76, 79, 78, 77, 76, 79, 78, 80, 75, 77, 80, 77, 75, 75,
    79 ]
