%YAML:1.0
---
videoName: "headShake16.mp4"
gestureLabel: 201
fps: 29
pixelSizeInCmTemp: 3.2364864864864862e-01
faceCenterPointX: 242
faceCenterPointY: 77
headPositionsX: [ 241, 245, 244, 244, 244, 243, 246, 241, 243, 244, 246,
    242, 245, 243, 242, 245, 242, 245, 241, 244, 243, 245, 244, 242, 243,
    242, 242, 241, 242, 241, 240, 244, 244, 242, 241, 241, 244, 245, 248,
    247, 252, 253, 256, 256, 256, 251, 246, 243, 241, 238, 235, 235, 233,
    236, 238, 241, 246, 245, 249, 251, 247, 249, 247, 244, 241, 240, 235,
    236, 236, 236, 236, 235, 235, 242, 241, 242, 245, 246, 243, 243, 243,
    242, 240, 242, 239, 236, 236, 240, 240, 239, 240, 243, 243, 242, 244,
    244, 241, 240, 243, 243 ]
headPositionsY: [ 78, 76, 74, 77, 73, 74, 76, 76, 73, 77, 78, 74, 74, 75,
    74, 76, 76, 77, 78, 74, 77, 74, 73, 77, 73, 74, 77, 77, 75, 74, 77,
    75, 77, 78, 76, 76, 77, 76, 74, 74, 77, 77, 72, 77, 77, 76, 78, 78,
    75, 77, 76, 76, 77, 77, 79, 77, 76, 74, 76, 79, 75, 76, 79, 79, 78,
    76, 74, 74, 74, 76, 78, 78, 78, 79, 75, 76, 74, 77, 77, 78, 80, 77,
    78, 76, 79, 75, 78, 74, 79, 77, 75, 78, 76, 77, 77, 75, 74, 75, 77,
    79 ]
