%YAML:1.0
---
videoName: "headLookUp6.mp4"
gestureLabel: 205
fps: 30
pixelSizeInCmTemp: 3.7421874999999999e-01
faceCenterPointX: 255
faceCenterPointY: 70
headPositionsX: [ 254, 253, 257, 258, 256, 255, 256, 257, 258, 253, 254,
    254, 254, 254, 257, 257, 254, 254, 254, 254, 252, 257, 258, 255, 256,
    254, 256, 255, 254, 258, 255, 255, 255, 253, 253, 256, 255, 256, 255,
    254, 254, 253, 256, 253, 257, 257, 254, 256, 255, 255, 256, 252, 254,
    253, 253, 256, 255, 253, 254, 255, 253, 257, 256, 256, 253, 255, 256,
    253, 254, 256, 253, 255, 258, 256, 256, 256, 253, 254, 254, 254, 254,
    256, 256, 255, 254, 253, 255, 256, 256, 254, 256, 253, 254, 254, 256,
    252, 254, 254, 254, 254 ]
headPositionsY: [ 71, 84, 81, 82, 85, 81, 81, 83, 81, 85, 82, 81, 83, 83,
    84, 83, 83, 81, 86, 82, 82, 84, 81, 81, 83, 82, 81, 76, 75, 76, 74,
    72, 73, 70, 69, 70, 70, 66, 70, 68, 66, 71, 68, 66, 72, 69, 65, 67,
    69, 70, 68, 69, 70, 67, 70, 66, 67, 71, 70, 70, 69, 68, 67, 71, 67,
    67, 69, 66, 68, 70, 70, 70, 68, 69, 67, 67, 70, 71, 68, 72, 72, 68,
    71, 72, 67, 67, 70, 71, 70, 71, 70, 71, 69, 69, 71, 69, 72, 70, 70,
    69 ]
