%YAML:1.0
---
videoName: "headShake32.mp4"
gestureLabel: 201
fps: 29
pixelSizeInCmTemp: 3.2808219178082193e-01
faceCenterPointX: 237
faceCenterPointY: 77
headPositionsX: [ 237, 238, 237, 237, 239, 237, 235, 238, 236, 241, 237,
    239, 239, 238, 239, 238, 238, 239, 240, 240, 242, 240, 239, 238, 242,
    240, 242, 239, 238, 238, 240, 241, 238, 241, 238, 238, 240, 240, 242,
    242, 243, 245, 248, 250, 250, 251, 249, 249, 251, 250, 251, 250, 246,
    245, 242, 241, 238, 235, 232, 229, 229, 226, 226, 228, 227, 228, 226,
    232, 232, 231, 234, 237, 240, 242, 248, 249, 247, 251, 247, 248, 248,
    246, 246, 244, 241, 242, 241, 238, 238, 240, 238, 236, 239, 239, 237,
    239, 236, 235, 236, 236 ]
headPositionsY: [ 75, 73, 76, 74, 76, 72, 71, 74, 72, 76, 75, 74, 73, 71,
    72, 73, 72, 76, 75, 73, 73, 71, 76, 73, 74, 74, 76, 74, 75, 73, 74,
    76, 76, 75, 76, 77, 74, 73, 76, 75, 76, 74, 76, 73, 74, 71, 74, 71,
    73, 73, 73, 73, 76, 76, 74, 78, 74, 78, 73, 74, 78, 73, 77, 78, 75,
    74, 75, 78, 76, 74, 74, 77, 76, 75, 77, 76, 76, 75, 74, 74, 74, 76,
    74, 76, 77, 75, 75, 76, 75, 75, 76, 76, 78, 75, 78, 78, 80, 78, 75,
    78 ]
