%YAML:1.0
---
videoName: "headLookDown9.mp4"
gestureLabel: 206
fps: 29
pixelSizeInCmTemp: 3.5220588235294115e-01
faceCenterPointX: 274
faceCenterPointY: 97
headPositionsX: [ 276, 274, 274, 270, 271, 271, 273, 273, 273, 272, 274,
    275, 272, 272, 274, 275, 273, 272, 271, 273, 271, 270, 272, 271, 274,
    272, 271, 274, 271, 274, 271, 273, 272, 270, 274, 272, 272, 274, 274,
    275, 273, 272, 271, 271, 273, 271, 273, 273, 272, 273, 270, 270, 274,
    274, 272, 274, 271, 273, 274, 272, 272, 274, 271, 272, 274, 271, 272,
    273, 273, 269, 270, 273, 274, 274, 270, 275, 275, 274, 273, 272, 274,
    274, 270, 274, 271, 272, 271, 270, 274, 274, 272, 271, 272, 274, 274,
    272, 273, 270, 272, 275 ]
headPositionsY: [ 95, 81, 79, 80, 80, 79, 79, 78, 83, 80, 83, 78, 81, 79,
    78, 80, 79, 79, 82, 81, 78, 78, 77, 79, 78, 79, 80, 79, 78, 80, 82,
    82, 82, 81, 81, 87, 85, 82, 87, 87, 87, 91, 90, 92, 91, 93, 94, 94,
    97, 95, 97, 97, 99, 99, 101, 96, 100, 99, 97, 99, 99, 100, 101, 99,
    99, 97, 95, 96, 99, 95, 97, 97, 96, 98, 98, 97, 96, 97, 96, 97, 98,
    95, 97, 97, 95, 97, 96, 96, 99, 94, 98, 97, 94, 99, 98, 99, 98, 96,
    96, 94 ]
