%YAML:1.0
---
videoName: "headLookLeft8.mp4"
gestureLabel: 203
fps: 29
pixelSizeInCmTemp: 3.6287878787878786e-01
faceCenterPointX: 273
faceCenterPointY: 69
headPositionsX: [ 273, 242, 243, 241, 241, 239, 239, 242, 240, 243, 242,
    242, 242, 243, 242, 245, 243, 248, 247, 249, 246, 246, 246, 245, 245,
    248, 245, 248, 244, 248, 244, 244, 246, 245, 248, 245, 245, 247, 246,
    249, 243, 243, 245, 243, 247, 248, 246, 245, 245, 246, 246, 248, 249,
    248, 249, 252, 253, 255, 257, 262, 262, 266, 270, 272, 267, 275, 274,
    282, 280, 272, 276, 278, 279, 274, 279, 278, 275, 274, 279, 278, 278,
    278, 277, 270, 272, 275, 280, 275, 275, 274, 277, 277, 276, 273, 276,
    273, 275, 274, 272, 269 ]
headPositionsY: [ 71, 65, 67, 66, 67, 70, 67, 66, 69, 69, 68, 69, 67, 66,
    66, 66, 69, 66, 67, 71, 70, 70, 68, 69, 67, 68, 70, 73, 69, 73, 73,
    70, 70, 71, 73, 73, 70, 74, 71, 70, 73, 72, 72, 74, 71, 70, 73, 70,
    73, 72, 72, 75, 74, 72, 72, 73, 71, 71, 71, 68, 70, 70, 68, 71, 68,
    71, 68, 70, 69, 68, 69, 67, 69, 69, 68, 67, 71, 70, 69, 69, 72, 71,
    70, 68, 65, 69, 71, 68, 67, 70, 71, 70, 71, 71, 70, 69, 70, 70, 67,
    70 ]
