%YAML:1.0
---
videoName: "headNod20.mp4"
gestureLabel: 202
fps: 30
pixelSizeInCmTemp: 3.2808219178082193e-01
faceCenterPointX: 253
faceCenterPointY: 80
headPositionsX: [ 255, 256, 257, 254, 257, 256, 253, 257, 256, 256, 253,
    253, 254, 256, 257, 254, 258, 257, 257, 257, 253, 255, 256, 253, 254,
    255, 258, 254, 256, 256, 257, 255, 255, 254, 258, 254, 253, 255, 255,
    252, 256, 255, 254, 254, 253, 251, 254, 250, 251, 253, 253, 254, 250,
    253, 250, 251, 250, 252, 250, 253, 254, 253, 254, 252, 253, 254, 254,
    254, 254, 251, 255, 251, 255, 250, 252, 253, 254, 254, 253, 250, 252,
    254, 255, 251, 253, 254, 253, 255, 254, 254, 252, 254, 254, 255, 253,
    251, 255, 252, 252, 255 ]
headPositionsY: [ 81, 76, 77, 78, 80, 76, 78, 78, 76, 77, 78, 77, 77, 81,
    81, 75, 81, 78, 78, 80, 77, 79, 78, 80, 78, 76, 78, 78, 79, 84, 81,
    83, 86, 89, 87, 82, 79, 78, 75, 74, 74, 73, 71, 74, 76, 79, 83, 88,
    90, 88, 89, 81, 80, 77, 78, 74, 76, 79, 80, 82, 81, 85, 79, 78, 77,
    79, 78, 82, 81, 83, 84, 78, 80, 77, 77, 77, 81, 78, 81, 81, 80, 80,
    78, 79, 79, 78, 83, 83, 80, 82, 81, 83, 81, 78, 82, 80, 80, 79, 82,
    83 ]
