%YAML:1.0
---
videoName: "headShake45.mp4"
gestureLabel: 201
fps: 30
pixelSizeInCmTemp: 3.3263888888888887e-01
faceCenterPointX: 262
faceCenterPointY: 84
headPositionsX: [ 261, 262, 261, 260, 260, 265, 263, 263, 264, 262, 262,
    263, 260, 263, 262, 261, 261, 261, 260, 260, 262, 263, 261, 261, 263,
    263, 263, 260, 261, 262, 262, 260, 264, 260, 261, 261, 263, 258, 259,
    255, 253, 257, 261, 265, 272, 277, 280, 280, 281, 277, 271, 268, 263,
    254, 254, 253, 257, 260, 269, 269, 273, 275, 274, 267, 262, 259, 255,
    255, 257, 260, 266, 267, 273, 273, 273, 268, 265, 262, 258, 257, 259,
    258, 261, 260, 262, 263, 261, 259, 259, 260, 261, 259, 260, 263, 263,
    265, 264, 264, 262, 264 ]
headPositionsY: [ 85, 81, 83, 82, 84, 82, 79, 79, 83, 85, 82, 82, 82, 81,
    84, 83, 81, 85, 82, 84, 84, 81, 84, 81, 80, 80, 80, 81, 83, 83, 83,
    81, 82, 83, 81, 80, 83, 82, 82, 82, 82, 80, 83, 80, 82, 79, 79, 78,
    82, 82, 81, 83, 84, 84, 84, 83, 83, 81, 84, 83, 83, 82, 83, 84, 85,
    81, 86, 85, 83, 80, 81, 83, 84, 83, 80, 82, 85, 84, 83, 84, 83, 80,
    82, 83, 82, 85, 81, 82, 83, 81, 82, 82, 84, 81, 81, 83, 85, 82, 82,
    81 ]
