%YAML:1.0
---
videoName: "headShake35.mp4"
gestureLabel: 201
fps: 29
pixelSizeInCmTemp: 3.2364864864864862e-01
faceCenterPointX: 267
faceCenterPointY: 82
headPositionsX: [ 266, 269, 269, 267, 269, 269, 266, 268, 268, 266, 267,
    270, 269, 269, 270, 267, 270, 269, 269, 269, 266, 267, 269, 270, 267,
    267, 268, 268, 270, 271, 267, 266, 270, 269, 267, 269, 267, 267, 269,
    268, 267, 269, 266, 266, 267, 267, 266, 265, 267, 267, 268, 269, 267,
    268, 265, 267, 268, 266, 265, 266, 270, 267, 268, 271, 274, 276, 276,
    279, 279, 280, 274, 270, 267, 261, 260, 257, 259, 263, 266, 270, 271,
    276, 275, 272, 269, 265, 265, 263, 261, 262, 264, 266, 267, 265, 266,
    265, 269, 270, 269, 266 ]
headPositionsY: [ 83, 77, 80, 80, 82, 79, 80, 79, 81, 82, 82, 81, 82, 81,
    81, 81, 81, 79, 80, 79, 78, 78, 82, 80, 81, 79, 77, 79, 82, 79, 82,
    78, 80, 80, 78, 80, 82, 80, 79, 82, 83, 79, 80, 83, 81, 81, 83, 82,
    78, 81, 82, 82, 82, 78, 82, 82, 79, 78, 81, 79, 79, 83, 78, 81, 80,
    81, 81, 80, 79, 81, 83, 82, 78, 79, 82, 79, 81, 81, 83, 84, 82, 84,
    80, 80, 82, 83, 79, 82, 82, 82, 81, 83, 83, 81, 83, 80, 79, 84, 83,
    82 ]
