%YAML:1.0
---
videoName: "headNod5.mp4"
gestureLabel: 202
fps: 29
pixelSizeInCmTemp: 3.1513157894736843e-01
faceCenterPointX: 263
faceCenterPointY: 75
headPositionsX: [ 261, 266, 260, 264, 264, 264, 263, 262, 263, 263, 262,
    264, 264, 264, 261, 264, 264, 262, 266, 266, 265, 265, 263, 263, 266,
    263, 262, 267, 266, 267, 266, 266, 263, 265, 265, 269, 268, 266, 268,
    266, 265, 268, 268, 267, 267, 266, 266, 265, 263, 265, 265, 264, 265,
    262, 264, 265, 266, 266, 263, 265, 264, 262, 265, 264, 262, 263, 266,
    262, 263, 265, 266, 265, 264, 264, 265, 264, 263, 266, 263, 263, 262,
    263, 263, 263, 266, 260, 261, 263, 263, 262, 262, 262, 262, 259, 261,
    263, 263, 263, 259, 261 ]
headPositionsY: [ 76, 75, 76, 71, 72, 72, 76, 75, 72, 72, 75, 74, 73, 75,
    74, 73, 77, 75, 77, 74, 75, 75, 74, 77, 73, 77, 77, 74, 78, 74, 78,
    79, 78, 74, 80, 79, 79, 78, 78, 75, 78, 76, 77, 75, 75, 75, 77, 79,
    77, 76, 79, 81, 82, 84, 83, 84, 80, 77, 75, 73, 77, 77, 79, 83, 86,
    86, 86, 83, 81, 76, 73, 73, 79, 82, 81, 87, 85, 84, 84, 77, 76, 75,
    72, 72, 74, 76, 76, 80, 82, 80, 78, 76, 74, 76, 76, 76, 73, 77, 76,
    74 ]
