%YAML:1.0
---
videoName: "headShake42.mp4"
gestureLabel: 201
fps: 29
pixelSizeInCmTemp: 3.2808219178082193e-01
faceCenterPointX: 257
faceCenterPointY: 85
headPositionsX: [ 258, 273, 276, 275, 275, 276, 277, 275, 277, 275, 271,
    267, 267, 264, 257, 255, 254, 250, 247, 246, 245, 243, 245, 242, 244,
    245, 247, 253, 256, 258, 265, 268, 269, 277, 280, 278, 279, 276, 276,
    277, 273, 269, 269, 265, 262, 259, 257, 250, 250, 247, 245, 246, 243,
    246, 244, 245, 248, 251, 256, 258, 258, 261, 262, 264, 269, 268, 265,
    270, 266, 266, 270, 268, 269, 265, 262, 263, 262, 261, 261, 260, 260,
    257, 255, 256, 259, 255, 254, 254, 257, 259, 256, 258, 255, 259, 257,
    257, 257, 258, 259, 259 ]
headPositionsY: [ 84, 83, 81, 82, 83, 79, 84, 81, 83, 82, 83, 83, 86, 84,
    83, 81, 82, 86, 85, 85, 86, 85, 86, 87, 84, 82, 86, 85, 85, 83, 86,
    86, 82, 84, 85, 83, 83, 82, 83, 85, 84, 88, 87, 86, 87, 86, 85, 84,
    84, 85, 85, 87, 84, 88, 83, 86, 83, 85, 85, 85, 85, 85, 87, 83, 83,
    88, 87, 86, 85, 87, 88, 86, 86, 88, 84, 85, 85, 83, 86, 83, 88, 84,
    83, 87, 85, 87, 84, 86, 85, 84, 87, 88, 85, 84, 84, 86, 85, 83, 85,
    83 ]
