%YAML:1.0
---
videoName: "headNod25.mp4"
gestureLabel: 202
fps: 29
pixelSizeInCmTemp: 3.1933333333333330e-01
faceCenterPointX: 270
faceCenterPointY: 75
headPositionsX: [ 268, 270, 270, 271, 270, 269, 271, 272, 272, 269, 268,
    271, 267, 271, 270, 268, 270, 272, 270, 272, 270, 272, 270, 271, 273,
    273, 274, 272, 274, 273, 273, 271, 270, 274, 273, 273, 271, 274, 271,
    273, 273, 270, 269, 270, 273, 273, 270, 271, 270, 271, 271, 270, 272,
    271, 270, 270, 273, 272, 273, 273, 270, 273, 272, 269, 270, 271, 269,
    269, 269, 270, 269, 268, 272, 273, 271, 271, 268, 273, 273, 268, 273,
    272, 269, 269, 272, 269, 270, 272, 270, 272, 269, 272, 269, 270, 268,
    273, 268, 269, 269, 268 ]
headPositionsY: [ 73, 75, 71, 76, 72, 74, 75, 72, 76, 73, 72, 74, 76, 74,
    75, 74, 72, 74, 77, 73, 74, 74, 72, 76, 72, 75, 75, 72, 74, 75, 76,
    74, 75, 76, 75, 74, 75, 77, 74, 76, 72, 77, 72, 77, 72, 78, 72, 77,
    72, 72, 69, 66, 65, 64, 63, 64, 68, 67, 70, 67, 72, 77, 80, 83, 88,
    86, 90, 87, 85, 81, 76, 75, 74, 72, 67, 70, 68, 68, 73, 72, 75, 75,
    78, 82, 80, 79, 78, 79, 80, 78, 76, 77, 73, 74, 78, 75, 74, 73, 76,
    76 ]
