%YAML:1.0
---
videoName: "headNod24.mp4"
gestureLabel: 202
fps: 29
pixelSizeInCmTemp: 3.1513157894736843e-01
faceCenterPointX: 272
faceCenterPointY: 72
headPositionsX: [ 271, 273, 276, 276, 276, 275, 276, 273, 273, 275, 274,
    274, 276, 276, 272, 273, 276, 272, 274, 276, 274, 275, 272, 271, 273,
    275, 273, 272, 274, 271, 271, 273, 273, 272, 273, 274, 272, 275, 275,
    272, 275, 273, 272, 275, 270, 272, 271, 271, 272, 274, 274, 273, 274,
    275, 274, 271, 275, 274, 274, 273, 273, 272, 272, 273, 270, 272, 271,
    272, 273, 274, 272, 270, 271, 269, 270, 272, 270, 271, 272, 272, 272,
    269, 269, 272, 267, 272, 272, 268, 270, 273, 269, 268, 273, 272, 269,
    271, 273, 273, 273, 271 ]
headPositionsY: [ 71, 71, 75, 71, 75, 75, 71, 74, 76, 73, 73, 76, 75, 75,
    71, 75, 73, 74, 75, 71, 73, 73, 72, 73, 72, 74, 76, 74, 75, 74, 74,
    75, 73, 73, 73, 75, 72, 73, 67, 72, 71, 71, 75, 82, 79, 82, 79, 75,
    69, 66, 69, 65, 67, 73, 76, 73, 76, 75, 69, 70, 64, 65, 64, 69, 71,
    74, 77, 75, 72, 75, 73, 69, 68, 70, 67, 69, 72, 74, 74, 73, 73, 73,
    76, 72, 72, 70, 68, 71, 70, 73, 69, 70, 73, 75, 75, 73, 74, 73, 69,
    73 ]
