%YAML:1.0
---
videoName: "headLookLeft9.mp4"
gestureLabel: 203
fps: 30
pixelSizeInCmTemp: 3.2364864864864862e-01
faceCenterPointX: 273
faceCenterPointY: 69
headPositionsX: [ 273, 247, 248, 246, 247, 247, 246, 247, 246, 244, 245,
    245, 246, 245, 248, 248, 245, 246, 248, 246, 246, 245, 243, 245, 248,
    246, 243, 244, 247, 246, 243, 244, 249, 250, 251, 254, 256, 259, 257,
    260, 264, 264, 269, 270, 267, 270, 270, 271, 271, 272, 271, 274, 272,
    270, 272, 270, 271, 269, 271, 273, 271, 270, 270, 270, 275, 270, 271,
    270, 274, 272, 270, 271, 271, 270, 271, 274, 273, 270, 269, 269, 269,
    270, 267, 268, 274, 269, 269, 270, 271, 270, 275, 273, 273, 267, 272,
    272, 271, 270, 271, 269 ]
headPositionsY: [ 68, 72, 69, 73, 73, 72, 69, 72, 71, 72, 71, 72, 71, 69,
    70, 73, 69, 71, 73, 73, 73, 72, 71, 70, 69, 71, 73, 72, 72, 73, 70,
    70, 71, 71, 68, 70, 68, 68, 69, 68, 67, 67, 67, 67, 68, 68, 65, 67,
    67, 71, 66, 66, 69, 67, 68, 68, 69, 69, 67, 68, 66, 68, 67, 71, 69,
    70, 68, 70, 70, 67, 66, 67, 66, 70, 69, 70, 71, 68, 68, 68, 67, 70,
    66, 67, 68, 68, 68, 71, 68, 67, 66, 70, 70, 69, 67, 69, 71, 69, 68,
    70 ]
