%YAML:1.0
---
videoName: "headShake16.mp4"
gestureLabel: 201
fps: 29
pixelSizeInCmTemp: 3.2364864864864862e-01
faceCenterPointX: 242
faceCenterPointY: 77
headPositionsX: [ 241, 242, 245, 242, 241, 243, 243, 241, 243, 245, 245,
    245, 242, 245, 246, 245, 242, 244, 243, 243, 243, 245, 243, 241, 240,
    241, 242, 241, 240, 243, 240, 245, 243, 240, 240, 243, 241, 245, 246,
    246, 253, 253, 255, 254, 256, 252, 250, 243, 242, 238, 234, 233, 237,
    236, 240, 244, 245, 249, 250, 247, 248, 246, 245, 241, 240, 241, 235,
    235, 233, 234, 236, 239, 236, 242, 242, 245, 242, 247, 245, 241, 241,
    241, 238, 239, 237, 240, 236, 237, 242, 242, 239, 242, 243, 241, 240,
    241, 244, 244, 242, 245 ]
headPositionsY: [ 76, 76, 74, 77, 74, 76, 74, 77, 74, 76, 74, 78, 77, 78,
    75, 74, 76, 77, 74, 76, 76, 78, 73, 77, 75, 78, 77, 75, 76, 78, 76,
    74, 76, 74, 76, 77, 74, 79, 77, 77, 76, 74, 73, 77, 73, 73, 78, 75,
    75, 78, 77, 76, 76, 75, 77, 76, 78, 75, 74, 77, 77, 76, 76, 77, 76,
    77, 74, 76, 75, 76, 77, 75, 77, 79, 78, 75, 77, 79, 77, 77, 78, 77,
    78, 78, 75, 74, 77, 75, 77, 79, 75, 76, 78, 77, 77, 77, 78, 76, 78,
    77 ]
