%YAML:1.0
---
videoName: "headShake21.mp4"
gestureLabel: 201
fps: 29
pixelSizeInCmTemp: 3.1933333333333330e-01
faceCenterPointX: 241
faceCenterPointY: 78
headPositionsX: [ 241, 247, 242, 244, 241, 243, 243, 241, 243, 244, 241,
    241, 242, 241, 241, 241, 244, 243, 245, 240, 245, 242, 241, 241, 244,
    242, 242, 241, 243, 243, 242, 242, 244, 241, 244, 245, 243, 243, 245,
    241, 244, 244, 242, 243, 240, 242, 243, 242, 242, 243, 240, 240, 240,
    243, 240, 241, 239, 241, 244, 241, 243, 241, 239, 239, 240, 239, 239,
    244, 247, 248, 250, 254, 251, 248, 247, 242, 236, 232, 234, 234, 238,
    236, 241, 243, 240, 243, 243, 242, 240, 239, 239, 239, 241, 240, 238,
    239, 241, 243, 241, 239 ]
headPositionsY: [ 76, 85, 80, 77, 79, 74, 74, 73, 73, 73, 69, 70, 72, 69,
    70, 71, 69, 71, 70, 69, 70, 74, 70, 73, 73, 77, 74, 74, 75, 74, 77,
    78, 76, 75, 74, 74, 75, 75, 78, 76, 76, 75, 78, 76, 79, 78, 78, 77,
    76, 77, 77, 78, 79, 77, 79, 79, 76, 76, 77, 76, 78, 77, 75, 80, 78,
    79, 77, 77, 78, 76, 75, 75, 79, 76, 78, 77, 79, 78, 75, 79, 77, 76,
    78, 78, 79, 80, 77, 80, 77, 80, 81, 79, 78, 79, 78, 78, 81, 79, 78,
    76 ]
