%YAML:1.0
---
videoName: "headLookLeft4.mp4"
gestureLabel: 203
fps: 29
pixelSizeInCmTemp: 3.4710144927536229e-01
faceCenterPointX: 288
faceCenterPointY: 74
headPositionsX: [ 290, 263, 265, 267, 268, 267, 268, 270, 275, 271, 274,
    277, 279, 284, 287, 287, 293, 294, 296, 298, 296, 293, 296, 295, 289,
    294, 291, 298, 297, 295, 292, 296, 295, 295, 294, 295, 294, 296, 297,
    291, 291, 292, 296, 294, 296, 290, 289, 294, 292, 290, 292, 292, 292,
    290, 291, 290, 291, 291, 287, 292, 291, 287, 291, 286, 291, 293, 287,
    289, 286, 288, 289, 291, 290, 293, 291, 290, 293, 285, 292, 288, 291,
    290, 291, 294, 290, 290, 288, 291, 291, 291, 291, 291, 290, 287, 289,
    288, 290, 288, 289, 291 ]
headPositionsY: [ 75, 78, 80, 80, 78, 79, 80, 76, 77, 77, 78, 76, 79, 75,
    78, 77, 77, 79, 74, 81, 75, 76, 75, 75, 75, 75, 75, 79, 78, 78, 76,
    79, 78, 75, 74, 76, 81, 73, 78, 74, 78, 72, 75, 75, 77, 75, 74, 77,
    74, 73, 73, 75, 72, 73, 72, 75, 74, 76, 74, 75, 76, 77, 75, 73, 75,
    73, 76, 76, 76, 72, 74, 76, 77, 78, 72, 76, 77, 74, 78, 76, 74, 76,
    77, 77, 76, 76, 72, 77, 73, 76, 78, 77, 76, 72, 77, 72, 74, 75, 75,
    75 ]
