%YAML:1.0
---
videoName: "headShake41.mp4"
gestureLabel: 201
fps: 29
pixelSizeInCmTemp: 3.2364864864864862e-01
faceCenterPointX: 264
faceCenterPointY: 85
headPositionsX: [ 266, 262, 262, 260, 260, 260, 263, 260, 262, 260, 262,
    262, 262, 261, 259, 262, 261, 261, 262, 260, 261, 263, 262, 266, 264,
    267, 271, 271, 275, 275, 279, 279, 280, 280, 280, 284, 283, 278, 277,
    275, 272, 271, 264, 260, 257, 254, 251, 250, 247, 246, 245, 247, 247,
    246, 247, 250, 252, 255, 256, 260, 264, 267, 268, 275, 274, 275, 279,
    276, 278, 276, 278, 278, 272, 274, 269, 270, 268, 265, 263, 266, 262,
    262, 262, 262, 262, 262, 260, 262, 261, 263, 260, 261, 260, 261, 262,
    262, 263, 261, 262, 265 ]
headPositionsY: [ 83, 80, 82, 83, 83, 84, 82, 82, 84, 84, 84, 83, 82, 83,
    82, 83, 83, 86, 84, 81, 84, 82, 86, 85, 84, 83, 82, 83, 80, 80, 79,
    81, 82, 80, 80, 81, 79, 80, 81, 84, 83, 82, 83, 87, 83, 84, 85, 82,
    84, 81, 84, 82, 83, 85, 86, 83, 85, 84, 85, 86, 85, 86, 86, 86, 84,
    86, 84, 86, 85, 86, 84, 84, 82, 83, 84, 85, 85, 85, 83, 82, 86, 82,
    85, 82, 86, 83, 83, 86, 82, 86, 86, 83, 87, 83, 82, 82, 82, 82, 84,
    85 ]
