%YAML:1.0
---
videoName: "headShake36.mp4"
gestureLabel: 201
fps: 29
pixelSizeInCmTemp: 3.2364864864864862e-01
faceCenterPointX: 263
faceCenterPointY: 80
headPositionsX: [ 263, 266, 261, 263, 262, 264, 265, 265, 272, 270, 274,
    275, 276, 282, 277, 283, 286, 278, 278, 274, 276, 273, 268, 268, 264,
    258, 254, 255, 249, 248, 245, 248, 246, 246, 247, 244, 246, 247, 250,
    251, 256, 259, 267, 270, 272, 271, 277, 276, 281, 279, 281, 281, 277,
    279, 277, 274, 271, 268, 264, 256, 256, 255, 251, 248, 251, 248, 251,
    252, 250, 255, 253, 255, 257, 262, 262, 265, 264, 268, 266, 269, 267,
    269, 266, 267, 265, 265, 265, 263, 263, 267, 264, 264, 262, 260, 265,
    263, 262, 265, 264, 261 ]
headPositionsY: [ 82, 80, 78, 81, 82, 80, 81, 78, 82, 76, 79, 80, 77, 76,
    77, 78, 78, 76, 79, 78, 77, 82, 82, 80, 79, 83, 79, 80, 80, 81, 80,
    79, 81, 80, 82, 79, 81, 78, 81, 80, 81, 81, 84, 82, 80, 78, 79, 80,
    80, 77, 76, 80, 80, 81, 76, 78, 80, 80, 80, 81, 78, 78, 80, 80, 78,
    79, 79, 80, 77, 79, 80, 78, 80, 83, 82, 82, 80, 79, 78, 82, 82, 79,
    81, 80, 79, 81, 79, 83, 78, 80, 79, 79, 81, 78, 79, 80, 78, 79, 82,
    78 ]
