%YAML:1.0
---
videoName: "headNod35.mp4"
gestureLabel: 202
fps: 30
pixelSizeInCmTemp: 2.9937500000000000e-01
faceCenterPointX: 268
faceCenterPointY: 78
headPositionsX: [ 269, 268, 267, 269, 271, 268, 268, 271, 267, 268, 268,
    270, 269, 267, 271, 267, 271, 270, 269, 271, 270, 267, 271, 270, 267,
    268, 268, 269, 271, 271, 271, 271, 269, 271, 268, 271, 268, 268, 266,
    266, 267, 268, 267, 267, 268, 269, 270, 267, 268, 267, 271, 268, 267,
    269, 266, 266, 268, 270, 268, 269, 267, 267, 266, 270, 267, 270, 267,
    266, 269, 269, 267, 267, 266, 268, 269, 267, 267, 268, 270, 269, 270,
    267, 266, 267, 267, 266, 266, 267, 264, 265, 266, 268, 266, 268, 266,
    267, 266, 266, 268, 268 ]
headPositionsY: [ 77, 74, 76, 77, 76, 76, 78, 76, 74, 77, 76, 75, 79, 78,
    77, 78, 77, 77, 74, 78, 76, 77, 77, 79, 78, 75, 74, 74, 68, 68, 67,
    67, 70, 71, 70, 75, 78, 86, 90, 91, 93, 93, 89, 86, 78, 76, 73, 73,
    75, 74, 75, 79, 83, 86, 91, 90, 90, 86, 83, 82, 74, 70, 74, 73, 75,
    75, 75, 83, 86, 85, 87, 87, 84, 78, 75, 76, 76, 76, 78, 79, 83, 83,
    89, 87, 86, 87, 82, 84, 83, 80, 77, 79, 80, 79, 76, 79, 81, 75, 77,
    80 ]
