%YAML:1.0
---
videoName: "headLookUp1.mp4"
gestureLabel: 205
fps: 29
pixelSizeInCmTemp: 3.7421874999999999e-01
faceCenterPointX: 258
faceCenterPointY: 66
headPositionsX: [ 260, 260, 257, 261, 260, 260, 258, 260, 259, 257, 260,
    257, 260, 261, 259, 257, 261, 260, 261, 260, 257, 257, 260, 256, 259,
    260, 261, 259, 256, 258, 260, 258, 257, 260, 257, 260, 259, 258, 256,
    257, 259, 256, 258, 257, 256, 256, 260, 257, 257, 260, 260, 257, 260,
    259, 258, 255, 258, 257, 255, 258, 257, 259, 261, 259, 257, 258, 257,
    256, 257, 255, 258, 260, 259, 260, 259, 258, 260, 261, 259, 256, 257,
    258, 260, 256, 257, 257, 258, 255, 259, 261, 260, 260, 257, 257, 259,
    256, 260, 257, 257, 259 ]
headPositionsY: [ 64, 81, 80, 78, 81, 83, 83, 80, 78, 82, 80, 81, 84, 81,
    82, 83, 81, 81, 82, 80, 79, 84, 80, 82, 79, 81, 79, 84, 79, 80, 80,
    80, 79, 79, 82, 81, 80, 80, 81, 82, 79, 76, 79, 75, 75, 73, 69, 68,
    66, 69, 67, 64, 67, 65, 68, 65, 67, 62, 66, 66, 66, 66, 66, 66, 64,
    63, 67, 66, 66, 64, 65, 67, 64, 68, 65, 65, 64, 63, 68, 66, 64, 66,
    64, 65, 63, 65, 65, 67, 65, 64, 64, 70, 67, 63, 66, 63, 65, 68, 64,
    68 ]
