%YAML:1.0
---
videoName: "headShake17.mp4"
gestureLabel: 201
fps: 29
pixelSizeInCmTemp: 3.3263888888888887e-01
faceCenterPointX: 242
faceCenterPointY: 76
headPositionsX: [ 241, 240, 238, 236, 235, 239, 239, 240, 245, 247, 251,
    252, 258, 260, 260, 259, 253, 247, 246, 240, 235, 232, 227, 227, 228,
    226, 227, 231, 235, 238, 242, 249, 252, 251, 251, 253, 255, 251, 246,
    246, 242, 242, 235, 233, 234, 230, 232, 234, 233, 235, 237, 242, 244,
    245, 242, 247, 243, 244, 246, 245, 243, 244, 243, 238, 238, 241, 242,
    237, 241, 242, 240, 239, 238, 238, 241, 243, 242, 240, 239, 243, 239,
    242, 243, 240, 242, 241, 243, 243, 241, 240, 241, 243, 241, 243, 239,
    239, 240, 239, 242, 241 ]
headPositionsY: [ 78, 77, 76, 79, 74, 77, 78, 77, 78, 73, 77, 75, 73, 74,
    77, 76, 73, 76, 76, 76, 77, 78, 75, 78, 74, 79, 75, 78, 75, 76, 78,
    75, 75, 75, 72, 74, 77, 74, 76, 80, 78, 76, 79, 78, 74, 77, 76, 78,
    78, 78, 74, 76, 75, 79, 75, 75, 78, 76, 75, 76, 74, 76, 77, 78, 75,
    76, 74, 76, 75, 79, 77, 74, 74, 75, 74, 77, 77, 73, 79, 76, 75, 78,
    76, 74, 78, 73, 78, 75, 77, 77, 78, 78, 77, 77, 77, 76, 78, 78, 75,
    77 ]
