%YAML:1.0
---
videoName: "headLookRight2.mp4"
gestureLabel: 204
fps: 29
pixelSizeInCmTemp: 3.8015873015873014e-01
faceCenterPointX: 228
faceCenterPointY: 68
headPositionsX: [ 226, 249, 253, 252, 253, 249, 249, 253, 250, 253, 252,
    251, 251, 252, 250, 253, 251, 254, 253, 251, 252, 254, 253, 254, 252,
    252, 251, 252, 254, 256, 253, 255, 254, 252, 253, 252, 252, 250, 252,
    255, 255, 254, 251, 255, 252, 254, 250, 251, 250, 248, 246, 245, 247,
    239, 239, 234, 235, 235, 233, 228, 227, 227, 232, 226, 228, 227, 226,
    229, 222, 224, 230, 228, 226, 231, 227, 230, 230, 232, 230, 231, 231,
    232, 228, 228, 228, 226, 228, 226, 229, 226, 228, 228, 231, 229, 229,
    230, 228, 232, 227, 228 ]
headPositionsY: [ 69, 69, 70, 69, 67, 68, 68, 66, 69, 66, 70, 69, 68, 69,
    67, 69, 69, 71, 68, 71, 71, 71, 70, 70, 71, 70, 71, 71, 69, 70, 68,
    68, 71, 69, 70, 68, 70, 69, 71, 69, 67, 71, 67, 69, 68, 67, 68, 70,
    70, 69, 66, 71, 68, 67, 69, 68, 68, 69, 68, 68, 69, 69, 70, 66, 70,
    70, 67, 67, 71, 71, 70, 66, 67, 66, 71, 68, 71, 72, 70, 69, 70, 70,
    71, 73, 68, 70, 69, 71, 69, 67, 68, 67, 68, 70, 68, 70, 67, 69, 73,
    69 ]
