%YAML:1.0
---
videoName: "headShake9.mp4"
gestureLabel: 201
fps: 30
pixelSizeInCmTemp: 3.2808219178082193e-01
faceCenterPointX: 243
faceCenterPointY: 73
headPositionsX: [ 243, 244, 244, 243, 245, 244, 243, 241, 242, 245, 245,
    245, 242, 244, 242, 241, 244, 245, 241, 245, 240, 241, 241, 241, 245,
    243, 242, 242, 242, 241, 241, 242, 243, 244, 244, 241, 240, 242, 243,
    245, 246, 250, 251, 256, 260, 264, 263, 266, 263, 256, 252, 249, 242,
    236, 232, 231, 226, 227, 234, 236, 241, 245, 251, 257, 261, 261, 264,
    256, 257, 251, 243, 236, 236, 230, 230, 230, 230, 232, 236, 240, 244,
    249, 252, 250, 253, 251, 252, 248, 249, 248, 247, 246, 247, 244, 244,
    243, 244, 244, 245, 242 ]
headPositionsY: [ 74, 70, 74, 72, 71, 70, 70, 71, 71, 72, 73, 70, 70, 71,
    72, 72, 74, 70, 71, 71, 74, 73, 71, 74, 70, 71, 73, 70, 74, 72, 70,
    71, 72, 72, 74, 73, 71, 70, 70, 73, 70, 70, 73, 70, 68, 69, 71, 73,
    72, 72, 74, 73, 73, 74, 74, 73, 72, 72, 74, 75, 71, 72, 71, 70, 68,
    69, 72, 73, 73, 70, 71, 73, 75, 72, 72, 72, 71, 70, 73, 72, 73, 74,
    70, 72, 72, 75, 71, 72, 75, 73, 75, 73, 73, 75, 73, 75, 74, 73, 76,
    71 ]
