%YAML:1.0
---
videoName: "headLookLeft4.mp4"
gestureLabel: 203
fps: 29
pixelSizeInCmTemp: 3.4710144927536229e-01
faceCenterPointX: 288
faceCenterPointY: 74
headPositionsX: [ 289, 265, 264, 263, 264, 265, 270, 272, 272, 274, 276,
    280, 283, 284, 288, 288, 294, 294, 298, 295, 296, 292, 294, 294, 292,
    297, 295, 299, 297, 293, 295, 294, 293, 292, 291, 293, 296, 292, 297,
    293, 291, 290, 295, 293, 293, 289, 287, 291, 289, 291, 291, 290, 292,
    291, 291, 288, 289, 290, 289, 290, 290, 290, 291, 290, 289, 291, 289,
    288, 285, 288, 288, 290, 287, 294, 291, 289, 290, 289, 292, 292, 293,
    292, 294, 291, 290, 289, 289, 290, 293, 291, 291, 288, 291, 288, 289,
    286, 288, 288, 290, 287 ]
headPositionsY: [ 75, 80, 79, 77, 77, 77, 80, 76, 76, 75, 79, 80, 78, 76,
    78, 78, 78, 78, 75, 81, 77, 79, 74, 75, 75, 75, 75, 80, 79, 76, 77,
    76, 77, 76, 77, 75, 81, 75, 75, 74, 74, 73, 72, 74, 77, 74, 72, 77,
    76, 74, 75, 75, 74, 74, 72, 72, 72, 76, 72, 75, 76, 77, 76, 72, 74,
    74, 76, 75, 75, 76, 74, 75, 76, 77, 74, 76, 77, 72, 79, 72, 77, 72,
    77, 74, 73, 72, 76, 76, 73, 73, 74, 77, 77, 73, 77, 74, 75, 76, 76,
    74 ]
