%YAML:1.0
---
videoName: "headNod3.mp4"
gestureLabel: 202
fps: 29
pixelSizeInCmTemp: 3.1933333333333330e-01
faceCenterPointX: 264
faceCenterPointY: 76
headPositionsX: [ 263, 262, 265, 261, 265, 263, 267, 265, 263, 266, 266,
    267, 265, 268, 265, 263, 264, 265, 267, 265, 262, 267, 266, 265, 267,
    266, 265, 263, 263, 267, 267, 266, 264, 267, 263, 267, 264, 265, 266,
    265, 264, 265, 266, 266, 264, 263, 263, 263, 267, 265, 268, 263, 266,
    263, 266, 264, 264, 262, 262, 264, 263, 265, 265, 265, 264, 264, 264,
    265, 264, 266, 265, 265, 261, 265, 262, 261, 264, 262, 262, 264, 264,
    265, 264, 266, 263, 263, 262, 265, 264, 262, 261, 266, 263, 263, 264,
    266, 266, 263, 262, 263 ]
headPositionsY: [ 76, 76, 78, 78, 75, 78, 77, 76, 74, 76, 73, 75, 74, 74,
    72, 72, 71, 75, 75, 73, 71, 72, 72, 71, 73, 72, 74, 73, 74, 75, 73,
    72, 76, 75, 73, 77, 76, 73, 74, 75, 74, 75, 74, 73, 74, 70, 67, 67,
    64, 65, 69, 69, 71, 74, 78, 81, 81, 81, 84, 78, 76, 70, 70, 70, 69,
    69, 70, 73, 74, 76, 79, 81, 81, 81, 78, 76, 70, 67, 66, 67, 68, 69,
    67, 73, 71, 73, 78, 78, 78, 79, 79, 79, 76, 76, 75, 76, 78, 78, 77,
    77 ]
