%YAML:1.0
---
videoName: "headLookLeft1.mp4"
gestureLabel: 203
fps: 30
pixelSizeInCmTemp: 3.6287878787878786e-01
faceCenterPointX: 276
faceCenterPointY: 73
headPositionsX: [ 277, 257, 258, 258, 255, 255, 256, 256, 257, 257, 257,
    256, 254, 256, 258, 257, 254, 258, 256, 257, 259, 258, 258, 256, 255,
    254, 256, 258, 258, 256, 256, 257, 257, 255, 258, 256, 254, 257, 258,
    255, 258, 257, 257, 257, 258, 254, 258, 258, 253, 253, 256, 253, 255,
    257, 255, 257, 256, 256, 256, 259, 259, 260, 264, 264, 269, 272, 274,
    275, 273, 276, 279, 276, 275, 272, 274, 278, 280, 276, 275, 274, 280,
    276, 279, 280, 277, 278, 277, 281, 281, 277, 279, 278, 278, 274, 276,
    274, 276, 275, 279, 272 ]
headPositionsY: [ 71, 76, 77, 76, 74, 74, 76, 76, 74, 74, 73, 73, 73, 77,
    78, 74, 75, 75, 75, 77, 77, 77, 77, 79, 77, 78, 76, 79, 77, 79, 78,
    76, 80, 77, 76, 78, 78, 77, 79, 76, 81, 80, 78, 76, 80, 77, 79, 81,
    79, 79, 77, 79, 77, 76, 76, 76, 79, 78, 80, 79, 78, 80, 77, 79, 76,
    77, 77, 77, 75, 78, 75, 77, 75, 77, 73, 73, 77, 77, 79, 74, 74, 75,
    72, 77, 77, 77, 72, 76, 74, 78, 74, 76, 75, 75, 74, 77, 75, 74, 72,
    72 ]
