%YAML:1.0
---
videoName: "headNod9.mp4"
gestureLabel: 202
fps: 29
pixelSizeInCmTemp: 3.1513157894736843e-01
faceCenterPointX: 261
faceCenterPointY: 75
headPositionsX: [ 262, 260, 259, 259, 263, 261, 260, 259, 260, 260, 260,
    263, 263, 259, 259, 263, 263, 258, 260, 259, 259, 261, 259, 261, 261,
    262, 260, 260, 259, 263, 263, 259, 263, 259, 262, 260, 259, 262, 259,
    262, 259, 263, 259, 261, 259, 262, 261, 257, 262, 261, 260, 262, 261,
    258, 263, 262, 261, 260, 261, 258, 258, 262, 258, 262, 262, 261, 261,
    261, 258, 260, 260, 259, 258, 258, 262, 260, 260, 259, 261, 261, 260,
    257, 256, 256, 258, 260, 260, 258, 258, 259, 259, 259, 258, 257, 258,
    260, 260, 262, 262, 261 ]
headPositionsY: [ 74, 76, 73, 74, 73, 75, 74, 76, 74, 77, 75, 76, 77, 74,
    77, 76, 76, 77, 74, 76, 77, 74, 76, 78, 75, 76, 75, 77, 76, 77, 75,
    77, 80, 80, 79, 79, 77, 74, 73, 71, 74, 76, 77, 81, 83, 89, 84, 84,
    83, 78, 78, 76, 79, 80, 81, 84, 85, 85, 83, 76, 76, 72, 72, 74, 76,
    77, 82, 85, 82, 82, 81, 78, 74, 73, 73, 71, 71, 75, 75, 77, 82, 84,
    81, 83, 82, 79, 75, 73, 73, 75, 71, 72, 74, 73, 73, 74, 76, 75, 73,
    74 ]
