%YAML:1.0
---
videoName: "headShake24.mp4"
gestureLabel: 201
fps: 29
pixelSizeInCmTemp: 3.2808219178082193e-01
faceCenterPointX: 240
faceCenterPointY: 78
headPositionsX: [ 238, 250, 250, 250, 254, 253, 256, 256, 253, 249, 247,
    245, 246, 243, 242, 237, 234, 235, 230, 232, 230, 231, 233, 230, 233,
    236, 238, 240, 243, 241, 245, 246, 250, 251, 251, 248, 249, 250, 249,
    244, 246, 243, 240, 239, 240, 238, 234, 236, 232, 234, 235, 236, 238,
    238, 237, 241, 244, 242, 243, 245, 244, 246, 246, 249, 247, 247, 249,
    248, 246, 248, 242, 242, 240, 243, 241, 241, 238, 237, 241, 241, 237,
    241, 240, 240, 236, 237, 239, 240, 239, 241, 238, 241, 240, 238, 241,
    239, 240, 240, 240, 238 ]
headPositionsY: [ 78, 74, 76, 74, 75, 76, 73, 73, 76, 75, 79, 76, 76, 77,
    80, 79, 75, 78, 79, 76, 75, 76, 77, 77, 76, 78, 79, 79, 78, 78, 77,
    77, 77, 79, 80, 78, 80, 79, 79, 80, 80, 77, 76, 80, 77, 75, 75, 76,
    75, 76, 80, 80, 77, 78, 76, 79, 76, 77, 78, 77, 78, 78, 77, 75, 79,
    74, 79, 76, 79, 78, 79, 80, 79, 76, 76, 76, 78, 75, 77, 77, 77, 78,
    79, 78, 77, 75, 80, 78, 78, 78, 78, 79, 77, 78, 79, 79, 76, 79, 77,
    77 ]
