%YAML:1.0
---
videoName: "headShake24.mp4"
gestureLabel: 201
fps: 29
pixelSizeInCmTemp: 3.2808219178082193e-01
faceCenterPointX: 240
faceCenterPointY: 78
headPositionsX: [ 238, 249, 251, 254, 254, 256, 252, 256, 251, 250, 249,
    247, 242, 244, 242, 234, 237, 233, 230, 230, 231, 229, 230, 232, 231,
    236, 235, 239, 241, 243, 247, 248, 251, 251, 250, 249, 251, 247, 248,
    248, 246, 243, 241, 237, 236, 236, 237, 232, 232, 231, 234, 235, 234,
    234, 236, 239, 242, 241, 247, 245, 248, 246, 245, 246, 246, 248, 249,
    247, 248, 248, 244, 242, 241, 240, 240, 240, 238, 240, 240, 238, 240,
    237, 237, 240, 238, 239, 241, 239, 240, 239, 240, 240, 238, 240, 240,
    240, 242, 240, 240, 241 ]
headPositionsY: [ 80, 76, 75, 77, 76, 77, 76, 73, 79, 77, 77, 78, 78, 77,
    76, 75, 77, 75, 79, 76, 76, 77, 80, 77, 77, 77, 78, 77, 79, 78, 75,
    79, 77, 76, 76, 79, 77, 76, 77, 77, 80, 77, 78, 79, 78, 78, 79, 76,
    76, 77, 78, 80, 79, 80, 78, 78, 79, 76, 81, 79, 79, 78, 79, 75, 78,
    76, 79, 75, 75, 79, 78, 77, 79, 75, 76, 76, 76, 77, 75, 77, 78, 78,
    77, 76, 78, 77, 78, 79, 77, 76, 78, 78, 80, 78, 79, 75, 77, 79, 78,
    78 ]
