%YAML:1.0
---
videoName: "headShake14.mp4"
gestureLabel: 201
fps: 29
pixelSizeInCmTemp: 3.2364864864864862e-01
faceCenterPointX: 244
faceCenterPointY: 76
headPositionsX: [ 242, 245, 244, 248, 247, 246, 246, 245, 246, 243, 244,
    245, 243, 245, 245, 244, 243, 245, 247, 243, 246, 245, 245, 246, 248,
    246, 252, 249, 255, 258, 260, 260, 261, 257, 256, 252, 247, 241, 234,
    230, 226, 224, 227, 227, 232, 235, 241, 246, 252, 258, 258, 257, 254,
    249, 250, 240, 239, 236, 233, 231, 233, 232, 237, 240, 239, 241, 243,
    245, 247, 249, 250, 247, 250, 248, 248, 243, 243, 241, 239, 238, 239,
    239, 242, 238, 240, 242, 242, 244, 242, 243, 245, 245, 245, 244, 243,
    244, 244, 246, 244, 241 ]
headPositionsY: [ 74, 76, 75, 76, 77, 75, 75, 73, 75, 73, 75, 74, 76, 75,
    77, 77, 76, 74, 74, 77, 75, 75, 77, 76, 74, 77, 76, 72, 73, 75, 74,
    74, 70, 76, 72, 77, 75, 74, 75, 76, 74, 75, 75, 75, 75, 74, 73, 73,
    71, 71, 70, 74, 75, 73, 76, 73, 74, 76, 73, 76, 74, 74, 77, 73, 75,
    73, 76, 76, 74, 74, 77, 78, 78, 77, 76, 78, 76, 77, 75, 73, 74, 77,
    78, 74, 76, 77, 78, 75, 74, 77, 74, 74, 76, 77, 76, 77, 75, 77, 77,
    74 ]
