%YAML:1.0
---
videoName: "headLookUp5.mp4"
gestureLabel: 205
fps: 29
pixelSizeInCmTemp: 3.6287878787878786e-01
faceCenterPointX: 256
faceCenterPointY: 67
headPositionsX: [ 255, 256, 255, 257, 257, 258, 258, 256, 255, 258, 254,
    256, 255, 257, 254, 257, 257, 255, 255, 256, 257, 258, 254, 256, 257,
    257, 255, 257, 258, 253, 256, 255, 256, 256, 256, 257, 257, 258, 257,
    258, 255, 259, 256, 257, 255, 256, 253, 254, 256, 257, 255, 254, 254,
    257, 257, 254, 255, 255, 256, 256, 257, 257, 256, 257, 256, 257, 254,
    255, 254, 255, 256, 256, 256, 255, 255, 254, 258, 258, 256, 258, 256,
    254, 257, 254, 255, 256, 256, 256, 258, 254, 259, 257, 257, 258, 257,
    255, 258, 254, 254, 257 ]
headPositionsY: [ 68, 84, 83, 82, 81, 82, 83, 79, 79, 81, 82, 84, 83, 81,
    80, 79, 83, 79, 80, 80, 82, 80, 80, 83, 83, 80, 79, 83, 79, 78, 80,
    80, 81, 81, 77, 77, 75, 75, 71, 73, 71, 69, 72, 69, 66, 68, 68, 70,
    70, 67, 67, 69, 69, 69, 66, 68, 68, 70, 67, 70, 66, 66, 67, 70, 67,
    68, 66, 68, 67, 69, 67, 66, 67, 66, 68, 66, 69, 66, 64, 70, 66, 67,
    69, 70, 69, 70, 70, 67, 70, 68, 69, 67, 66, 67, 65, 67, 69, 67, 69,
    68 ]
