%YAML:1.0
---
videoName: "headLookLeft8.mp4"
gestureLabel: 203
fps: 29
pixelSizeInCmTemp: 3.6287878787878786e-01
faceCenterPointX: 273
faceCenterPointY: 69
headPositionsX: [ 275, 240, 242, 240, 242, 241, 242, 240, 240, 240, 241,
    243, 240, 245, 241, 245, 245, 244, 246, 248, 248, 247, 249, 247, 248,
    249, 245, 249, 248, 245, 245, 248, 247, 245, 249, 246, 243, 247, 248,
    248, 243, 246, 247, 244, 245, 247, 246, 248, 246, 248, 247, 247, 249,
    246, 249, 252, 253, 254, 260, 262, 264, 268, 266, 273, 268, 275, 273,
    280, 284, 272, 278, 279, 280, 275, 279, 278, 276, 273, 277, 277, 279,
    277, 279, 269, 272, 275, 278, 275, 275, 275, 277, 276, 275, 275, 278,
    272, 277, 273, 274, 272 ]
headPositionsY: [ 68, 68, 68, 65, 68, 67, 67, 69, 66, 66, 69, 68, 70, 66,
    69, 68, 66, 70, 67, 70, 70, 68, 68, 71, 71, 71, 68, 72, 70, 72, 69,
    73, 71, 74, 70, 74, 73, 70, 72, 70, 72, 70, 71, 73, 73, 72, 71, 71,
    72, 74, 74, 73, 72, 74, 72, 71, 74, 68, 68, 70, 72, 68, 70, 71, 71,
    70, 67, 70, 69, 70, 69, 70, 72, 71, 72, 68, 70, 71, 69, 69, 68, 71,
    69, 70, 65, 69, 72, 67, 70, 69, 68, 69, 71, 70, 69, 68, 71, 69, 69,
    69 ]
