%YAML:1.0
---
videoName: "headShake8.mp4"
gestureLabel: 201
fps: 29
pixelSizeInCmTemp: 3.2364864864864862e-01
faceCenterPointX: 243
faceCenterPointY: 72
headPositionsX: [ 243, 242, 243, 245, 244, 245, 242, 242, 242, 244, 243,
    243, 245, 243, 245, 244, 244, 244, 243, 242, 245, 246, 243, 245, 245,
    245, 241, 242, 241, 242, 241, 245, 245, 246, 244, 248, 253, 257, 261,
    265, 265, 265, 262, 262, 254, 251, 248, 241, 235, 234, 233, 232, 232,
    236, 245, 248, 253, 261, 260, 259, 256, 253, 252, 248, 240, 240, 237,
    233, 237, 235, 237, 239, 237, 240, 242, 246, 249, 245, 248, 250, 250,
    252, 251, 251, 247, 251, 248, 245, 246, 244, 243, 242, 243, 244, 242,
    241, 245, 244, 244, 241 ]
headPositionsY: [ 71, 71, 72, 74, 70, 71, 73, 71, 73, 73, 69, 70, 74, 73,
    74, 72, 70, 73, 72, 74, 74, 71, 71, 70, 69, 71, 72, 72, 72, 71, 72,
    72, 69, 72, 70, 73, 70, 71, 69, 69, 71, 68, 70, 72, 69, 71, 74, 69,
    70, 69, 73, 72, 72, 70, 74, 72, 71, 70, 67, 71, 68, 70, 69, 69, 72,
    72, 70, 73, 70, 72, 74, 73, 74, 71, 70, 74, 75, 71, 70, 73, 70, 73,
    69, 69, 73, 71, 73, 74, 72, 70, 72, 70, 72, 73, 71, 70, 72, 73, 73,
    73 ]
