%YAML:1.0
---
videoName: "headNod14.mp4"
gestureLabel: 202
fps: 29
pixelSizeInCmTemp: 3.2808219178082193e-01
faceCenterPointX: 257
faceCenterPointY: 71
headPositionsX: [ 258, 258, 258, 257, 261, 255, 259, 257, 255, 259, 261,
    257, 259, 256, 256, 260, 257, 259, 259, 259, 258, 257, 259, 261, 257,
    261, 258, 257, 258, 261, 258, 260, 257, 261, 258, 259, 259, 260, 257,
    260, 260, 258, 261, 259, 261, 261, 259, 262, 261, 257, 261, 259, 258,
    258, 260, 260, 259, 256, 259, 258, 258, 257, 258, 259, 257, 258, 259,
    257, 261, 256, 260, 261, 256, 256, 255, 257, 259, 258, 257, 256, 256,
    259, 255, 258, 257, 259, 258, 257, 256, 256, 259, 258, 258, 258, 255,
    259, 259, 257, 258, 257 ]
headPositionsY: [ 69, 79, 74, 76, 79, 76, 76, 75, 75, 75, 78, 77, 80, 77,
    76, 78, 77, 78, 75, 75, 76, 78, 75, 79, 77, 78, 80, 77, 80, 79, 80,
    75, 79, 79, 77, 76, 75, 76, 79, 74, 76, 73, 72, 70, 70, 66, 68, 73,
    72, 73, 74, 79, 78, 79, 82, 83, 81, 78, 75, 74, 75, 69, 70, 72, 71,
    71, 72, 76, 76, 81, 80, 82, 78, 76, 76, 73, 70, 70, 66, 72, 70, 74,
    75, 80, 81, 82, 79, 79, 76, 74, 73, 72, 71, 70, 71, 70, 71, 71, 72,
    70 ]
