%YAML:1.0
---
videoName: "headShake26.mp4"
gestureLabel: 201
fps: 30
pixelSizeInCmTemp: 3.2808219178082193e-01
faceCenterPointX: 243
faceCenterPointY: 78
headPositionsX: [ 243, 242, 242, 242, 241, 245, 244, 247, 248, 248, 250,
    248, 253, 252, 251, 252, 250, 247, 245, 245, 243, 237, 234, 233, 231,
    231, 227, 229, 230, 230, 231, 233, 238, 241, 247, 248, 247, 251, 251,
    254, 254, 253, 248, 248, 247, 242, 239, 233, 234, 232, 229, 231, 228,
    229, 232, 233, 237, 241, 243, 245, 250, 252, 253, 253, 254, 253, 249,
    252, 250, 248, 245, 241, 243, 242, 240, 239, 235, 236, 236, 236, 236,
    239, 240, 238, 239, 242, 239, 241, 243, 241, 246, 246, 246, 242, 245,
    244, 244, 246, 242, 245 ]
headPositionsY: [ 78, 79, 77, 75, 75, 78, 77, 78, 78, 79, 77, 80, 76, 79,
    79, 78, 76, 79, 78, 78, 80, 80, 79, 76, 77, 75, 76, 74, 75, 76, 76,
    76, 78, 75, 79, 74, 77, 78, 77, 76, 76, 76, 79, 76, 79, 80, 80, 76,
    79, 79, 75, 76, 79, 78, 76, 77, 78, 79, 76, 77, 78, 76, 79, 79, 77,
    75, 77, 76, 78, 80, 81, 80, 77, 79, 77, 79, 80, 78, 80, 77, 79, 77,
    77, 79, 80, 76, 80, 77, 80, 80, 79, 77, 77, 80, 77, 78, 77, 77, 79,
    80 ]
