%YAML:1.0
---
videoName: "headNod9.mp4"
gestureLabel: 202
fps: 29
pixelSizeInCmTemp: 3.1513157894736843e-01
faceCenterPointX: 261
faceCenterPointY: 75
headPositionsX: [ 259, 260, 261, 261, 260, 262, 260, 263, 259, 263, 260,
    263, 263, 261, 259, 259, 262, 261, 259, 259, 260, 261, 263, 260, 259,
    261, 263, 260, 263, 260, 262, 260, 260, 261, 259, 263, 263, 258, 262,
    263, 263, 263, 263, 259, 263, 260, 258, 258, 259, 260, 258, 259, 258,
    258, 259, 259, 259, 260, 262, 261, 260, 258, 260, 259, 262, 260, 262,
    261, 259, 261, 260, 261, 261, 259, 258, 259, 258, 259, 258, 260, 256,
    259, 258, 259, 257, 257, 256, 260, 259, 260, 259, 260, 260, 261, 260,
    258, 257, 261, 260, 262 ]
headPositionsY: [ 74, 77, 73, 76, 74, 76, 75, 73, 77, 78, 73, 75, 77, 75,
    77, 74, 77, 73, 76, 77, 73, 76, 74, 74, 75, 77, 76, 75, 74, 78, 76,
    79, 80, 80, 80, 82, 77, 74, 74, 74, 71, 72, 75, 80, 86, 87, 85, 84,
    83, 78, 76, 76, 77, 80, 82, 82, 86, 81, 83, 80, 73, 71, 73, 73, 75,
    81, 81, 85, 81, 83, 81, 75, 73, 74, 70, 73, 74, 75, 77, 78, 82, 82,
    83, 82, 79, 78, 76, 76, 76, 74, 74, 73, 74, 74, 76, 74, 76, 75, 73,
    73 ]
