%YAML:1.0
---
videoName: "headShake36.mp4"
gestureLabel: 201
fps: 29
pixelSizeInCmTemp: 3.2364864864864862e-01
faceCenterPointX: 263
faceCenterPointY: 80
headPositionsX: [ 264, 263, 261, 262, 262, 262, 267, 265, 272, 272, 274,
    276, 279, 283, 281, 282, 285, 282, 281, 274, 274, 271, 271, 266, 261,
    261, 258, 253, 252, 249, 247, 247, 244, 244, 246, 245, 247, 247, 248,
    252, 258, 261, 264, 267, 271, 271, 276, 276, 278, 280, 282, 283, 281,
    276, 276, 272, 270, 267, 263, 260, 255, 255, 250, 248, 250, 248, 249,
    251, 250, 252, 256, 258, 260, 260, 263, 266, 265, 267, 269, 270, 268,
    269, 264, 263, 268, 263, 263, 267, 265, 264, 262, 264, 266, 261, 264,
    261, 265, 262, 261, 261 ]
headPositionsY: [ 78, 80, 81, 81, 81, 80, 81, 79, 82, 76, 79, 77, 78, 77,
    77, 79, 78, 78, 80, 81, 80, 82, 79, 80, 82, 81, 82, 78, 80, 79, 82,
    79, 83, 80, 82, 78, 79, 79, 83, 83, 81, 82, 82, 81, 80, 80, 82, 81,
    79, 78, 80, 76, 78, 77, 77, 79, 80, 79, 83, 82, 78, 80, 80, 81, 76,
    78, 81, 82, 77, 77, 79, 80, 81, 82, 81, 80, 79, 78, 80, 82, 82, 80,
    82, 78, 83, 83, 80, 80, 79, 83, 82, 79, 80, 82, 83, 79, 79, 82, 82,
    79 ]
