%YAML:1.0
---
videoName: "headNod9.mp4"
gestureLabel: 202
fps: 29
pixelSizeInCmTemp: 3.1513157894736843e-01
faceCenterPointX: 261
faceCenterPointY: 75
headPositionsX: [ 262, 260, 263, 260, 263, 262, 258, 263, 259, 263, 261,
    262, 262, 259, 258, 263, 261, 262, 261, 259, 261, 259, 259, 261, 260,
    260, 261, 260, 262, 260, 262, 261, 260, 263, 263, 263, 261, 259, 260,
    262, 262, 260, 263, 260, 259, 258, 260, 259, 259, 260, 257, 260, 262,
    261, 261, 262, 259, 262, 261, 260, 260, 259, 258, 261, 262, 262, 262,
    260, 262, 257, 262, 257, 260, 258, 258, 259, 258, 258, 257, 261, 260,
    257, 260, 256, 257, 258, 257, 257, 260, 261, 258, 257, 260, 258, 258,
    260, 257, 262, 259, 258 ]
headPositionsY: [ 73, 74, 76, 72, 76, 77, 73, 77, 74, 74, 73, 78, 76, 77,
    76, 76, 77, 77, 76, 75, 77, 77, 74, 76, 74, 76, 77, 75, 77, 74, 78,
    78, 79, 82, 80, 78, 79, 74, 77, 75, 74, 72, 77, 82, 86, 89, 84, 83,
    83, 79, 77, 74, 75, 78, 83, 86, 86, 82, 83, 76, 76, 73, 73, 73, 77,
    78, 80, 83, 81, 80, 78, 78, 76, 70, 71, 70, 71, 73, 75, 79, 79, 81,
    80, 79, 79, 79, 75, 75, 74, 75, 74, 74, 72, 71, 73, 73, 72, 75, 75,
    75 ]
