%YAML:1.0
---
videoName: "headShake5.mp4"
gestureLabel: 201
fps: 30
pixelSizeInCmTemp: 3.3263888888888887e-01
faceCenterPointX: 275
faceCenterPointY: 73
headPositionsX: [ 276, 277, 277, 277, 280, 277, 281, 278, 279, 279, 276,
    279, 276, 277, 280, 277, 277, 275, 275, 276, 280, 277, 276, 276, 278,
    276, 277, 276, 279, 275, 278, 275, 280, 279, 280, 283, 289, 292, 294,
    298, 294, 295, 289, 286, 279, 273, 264, 262, 263, 262, 270, 275, 279,
    285, 289, 289, 290, 283, 280, 274, 270, 265, 264, 266, 267, 269, 274,
    278, 283, 286, 287, 285, 282, 278, 273, 273, 266, 268, 265, 268, 267,
    271, 276, 277, 281, 284, 282, 284, 283, 279, 282, 281, 275, 275, 277,
    274, 277, 273, 273, 276 ]
headPositionsY: [ 74, 75, 71, 75, 74, 73, 76, 74, 71, 74, 72, 73, 72, 73,
    73, 74, 76, 74, 72, 71, 72, 73, 72, 71, 75, 73, 73, 73, 76, 76, 71,
    75, 72, 71, 75, 73, 70, 74, 73, 73, 70, 72, 72, 71, 73, 75, 71, 75,
    74, 74, 74, 74, 73, 72, 73, 75, 74, 75, 77, 75, 74, 72, 76, 76, 72,
    76, 72, 73, 73, 76, 72, 73, 74, 73, 72, 74, 73, 74, 70, 72, 72, 70,
    74, 71, 75, 72, 73, 70, 73, 71, 74, 72, 73, 74, 70, 72, 73, 72, 75,
    74 ]
