%YAML:1.0
---
videoName: "headLookLeft4.mp4"
gestureLabel: 203
fps: 29
pixelSizeInCmTemp: 3.4710144927536229e-01
faceCenterPointX: 288
faceCenterPointY: 74
headPositionsX: [ 287, 265, 265, 263, 264, 264, 266, 269, 271, 274, 278,
    277, 280, 285, 288, 289, 296, 292, 295, 294, 296, 295, 295, 298, 292,
    293, 292, 299, 297, 295, 296, 296, 293, 291, 291, 293, 294, 296, 294,
    293, 291, 288, 294, 294, 294, 292, 291, 291, 288, 292, 294, 289, 289,
    293, 291, 290, 291, 288, 290, 291, 289, 289, 293, 288, 288, 294, 291,
    290, 287, 290, 290, 290, 290, 291, 291, 289, 294, 289, 292, 288, 289,
    290, 291, 292, 291, 292, 288, 290, 294, 293, 291, 288, 288, 286, 292,
    290, 289, 291, 290, 291 ]
headPositionsY: [ 72, 80, 81, 79, 81, 81, 78, 79, 77, 79, 78, 77, 75, 75,
    76, 75, 76, 79, 78, 79, 73, 75, 76, 77, 76, 75, 74, 77, 75, 78, 75,
    78, 77, 77, 75, 75, 80, 72, 77, 77, 77, 76, 74, 77, 77, 75, 74, 74,
    76, 76, 72, 73, 71, 75, 75, 74, 73, 76, 72, 75, 76, 76, 75, 75, 76,
    76, 75, 73, 74, 72, 76, 75, 76, 77, 74, 77, 75, 72, 77, 73, 78, 75,
    75, 76, 73, 73, 75, 77, 73, 75, 78, 74, 77, 75, 73, 75, 74, 76, 72,
    77 ]
