%YAML:1.0
---
videoName: "headNod15.mp4"
gestureLabel: 202
fps: 29
pixelSizeInCmTemp: 3.1933333333333330e-01
faceCenterPointX: 255
faceCenterPointY: 74
headPositionsX: [ 254, 256, 259, 258, 255, 255, 256, 255, 255, 256, 254,
    255, 256, 257, 258, 257, 258, 258, 256, 257, 258, 256, 256, 254, 258,
    256, 256, 255, 257, 257, 257, 255, 254, 256, 255, 255, 256, 255, 255,
    256, 258, 257, 254, 253, 256, 255, 253, 257, 256, 255, 254, 255, 253,
    255, 255, 253, 254, 256, 257, 257, 256, 255, 252, 256, 256, 256, 259,
    255, 257, 254, 256, 253, 256, 254, 254, 255, 252, 252, 252, 253, 255,
    252, 252, 256, 253, 252, 255, 252, 256, 257, 256, 256, 255, 256, 253,
    253, 255, 255, 254, 255 ]
headPositionsY: [ 74, 73, 72, 74, 72, 75, 71, 72, 73, 73, 74, 75, 71, 76,
    75, 76, 73, 73, 73, 72, 72, 76, 73, 71, 76, 72, 74, 71, 76, 75, 74,
    74, 76, 73, 75, 76, 77, 80, 80, 80, 82, 81, 78, 76, 77, 73, 71, 71,
    69, 75, 75, 82, 80, 83, 80, 76, 75, 73, 69, 70, 69, 75, 74, 77, 83,
    83, 81, 82, 77, 76, 73, 71, 70, 70, 70, 73, 76, 76, 77, 76, 74, 73,
    73, 68, 69, 68, 69, 70, 71, 76, 74, 72, 71, 71, 72, 74, 72, 70, 73,
    73 ]
