%YAML:1.0
---
videoName: "headNod12.mp4"
gestureLabel: 202
fps: 29
pixelSizeInCmTemp: 3.2808219178082193e-01
faceCenterPointX: 254
faceCenterPointY: 69
headPositionsX: [ 256, 252, 253, 256, 255, 254, 255, 253, 257, 255, 254,
    257, 255, 257, 258, 255, 253, 256, 255, 258, 257, 258, 257, 257, 255,
    258, 258, 258, 254, 254, 259, 253, 257, 253, 255, 256, 253, 254, 254,
    252, 254, 254, 255, 253, 252, 256, 255, 254, 252, 256, 253, 254, 256,
    256, 254, 255, 256, 253, 255, 252, 254, 252, 257, 255, 252, 256, 255,
    255, 252, 253, 255, 253, 253, 255, 256, 256, 256, 255, 256, 254, 253,
    253, 253, 257, 255, 254, 254, 255, 256, 255, 256, 256, 254, 255, 256,
    252, 255, 255, 256, 252 ]
headPositionsY: [ 71, 74, 72, 74, 71, 72, 74, 74, 73, 76, 73, 75, 75, 75,
    72, 72, 70, 71, 72, 71, 72, 72, 74, 75, 74, 72, 75, 75, 74, 75, 73,
    73, 73, 70, 75, 71, 68, 66, 66, 64, 64, 64, 62, 64, 64, 67, 69, 71,
    72, 74, 75, 79, 80, 77, 76, 75, 70, 69, 68, 63, 62, 65, 62, 66, 66,
    69, 70, 69, 71, 75, 76, 75, 75, 73, 71, 68, 67, 67, 70, 68, 64, 68,
    67, 66, 69, 68, 71, 70, 72, 74, 74, 73, 71, 71, 70, 70, 72, 70, 69,
    71 ]
