%YAML:1.0
---
videoName: "headShake30.mp4"
gestureLabel: 201
fps: 29
pixelSizeInCmTemp: 3.2808219178082193e-01
faceCenterPointX: 240
faceCenterPointY: 68
headPositionsX: [ 241, 233, 231, 233, 233, 235, 232, 231, 234, 234, 234,
    237, 235, 238, 239, 238, 239, 240, 242, 241, 243, 242, 244, 243, 243,
    240, 240, 245, 240, 240, 242, 242, 239, 238, 240, 240, 237, 241, 241,
    248, 252, 252, 259, 257, 258, 261, 259, 253, 251, 242, 236, 231, 229,
    222, 224, 227, 230, 234, 240, 246, 248, 250, 251, 249, 248, 243, 238,
    234, 230, 226, 229, 227, 232, 239, 240, 246, 247, 250, 253, 249, 248,
    246, 241, 237, 236, 234, 237, 238, 238, 237, 239, 238, 240, 241, 241,
    238, 241, 241, 238, 239 ]
headPositionsY: [ 67, 53, 56, 56, 60, 58, 58, 58, 62, 63, 65, 64, 62, 63,
    66, 67, 64, 64, 67, 66, 64, 64, 67, 63, 67, 67, 64, 64, 64, 66, 64,
    66, 65, 68, 67, 68, 64, 67, 66, 68, 63, 65, 65, 63, 63, 64, 64, 64,
    68, 66, 69, 66, 66, 70, 68, 69, 71, 70, 67, 67, 69, 66, 66, 69, 69,
    68, 69, 69, 69, 68, 70, 67, 70, 68, 70, 67, 65, 67, 68, 66, 67, 69,
    65, 67, 66, 65, 68, 66, 65, 69, 66, 67, 67, 68, 66, 66, 67, 68, 69,
    66 ]
