%YAML:1.0
---
videoName: "headLookRight9.mp4"
gestureLabel: 204
fps: 29
pixelSizeInCmTemp: 2.8511904761904761e-01
faceCenterPointX: 217
faceCenterPointY: 75
headPositionsX: [ 215, 245, 245, 246, 245, 245, 244, 243, 244, 243, 244,
    245, 241, 243, 244, 241, 244, 242, 243, 243, 244, 243, 245, 242, 244,
    244, 245, 241, 243, 241, 241, 239, 238, 232, 233, 232, 226, 226, 224,
    221, 220, 216, 216, 217, 216, 217, 213, 213, 217, 217, 214, 213, 214,
    218, 211, 212, 214, 213, 213, 215, 213, 211, 216, 216, 221, 219, 214,
    216, 214, 213, 214, 209, 208, 216, 211, 216, 216, 216, 214, 215, 217,
    219, 217, 217, 215, 218, 217, 219, 217, 215, 215, 211, 216, 217, 213,
    218, 218, 220, 221, 217 ]
headPositionsY: [ 75, 75, 76, 72, 77, 74, 73, 76, 72, 74, 76, 74, 75, 73,
    74, 73, 72, 72, 74, 75, 74, 75, 73, 77, 72, 74, 75, 75, 73, 74, 73,
    75, 73, 73, 74, 73, 75, 74, 76, 75, 75, 72, 71, 81, 72, 71, 70, 73,
    71, 73, 72, 73, 69, 72, 76, 73, 72, 72, 72, 72, 72, 72, 71, 74, 76,
    76, 71, 72, 73, 71, 71, 78, 78, 70, 75, 70, 74, 75, 76, 73, 71, 72,
    73, 71, 70, 74, 69, 70, 72, 72, 77, 72, 74, 71, 73, 70, 75, 74, 74,
    79 ]
