%YAML:1.0
---
videoName: "headNod3.mp4"
gestureLabel: 202
fps: 29
pixelSizeInCmTemp: 3.1933333333333330e-01
faceCenterPointX: 264
faceCenterPointY: 76
headPositionsX: [ 266, 266, 263, 262, 262, 262, 264, 264, 266, 265, 269,
    268, 263, 266, 265, 265, 264, 265, 263, 267, 262, 264, 266, 266, 265,
    265, 267, 266, 264, 265, 264, 266, 267, 267, 265, 268, 267, 267, 267,
    265, 266, 266, 268, 266, 266, 264, 266, 267, 267, 264, 264, 264, 268,
    264, 263, 263, 265, 262, 261, 262, 264, 262, 265, 262, 264, 264, 263,
    263, 265, 265, 266, 266, 265, 265, 262, 261, 261, 262, 261, 263, 261,
    263, 265, 262, 263, 261, 263, 264, 262, 266, 262, 262, 262, 266, 262,
    264, 263, 265, 266, 266 ]
headPositionsY: [ 77, 74, 77, 78, 78, 77, 77, 74, 76, 76, 75, 73, 73, 73,
    71, 73, 75, 74, 74, 74, 73, 70, 74, 75, 73, 74, 72, 75, 73, 77, 73,
    74, 75, 76, 75, 77, 73, 75, 76, 74, 75, 72, 76, 72, 74, 71, 66, 65,
    68, 64, 67, 68, 70, 77, 76, 78, 82, 85, 80, 79, 78, 71, 71, 68, 68,
    67, 68, 72, 76, 79, 81, 81, 83, 81, 78, 74, 72, 69, 67, 67, 66, 69,
    71, 73, 74, 74, 75, 81, 80, 80, 80, 80, 78, 79, 74, 77, 76, 76, 77,
    76 ]
