%YAML:1.0
---
videoName: "headNod5.mp4"
gestureLabel: 202
fps: 29
pixelSizeInCmTemp: 3.1513157894736843e-01
faceCenterPointX: 263
faceCenterPointY: 75
headPositionsX: [ 264, 265, 263, 264, 262, 264, 262, 262, 260, 264, 263,
    261, 261, 262, 263, 263, 263, 266, 262, 265, 264, 268, 265, 265, 263,
    265, 266, 264, 266, 264, 265, 268, 265, 267, 265, 268, 267, 268, 267,
    267, 265, 268, 267, 268, 263, 266, 266, 265, 265, 263, 265, 264, 263,
    263, 261, 265, 266, 262, 262, 264, 265, 265, 262, 266, 265, 263, 263,
    266, 267, 267, 262, 264, 265, 267, 263, 267, 265, 264, 265, 265, 266,
    265, 261, 263, 264, 264, 265, 264, 262, 263, 263, 263, 263, 259, 263,
    264, 261, 263, 262, 262 ]
headPositionsY: [ 74, 72, 72, 74, 72, 73, 76, 74, 73, 76, 76, 73, 74, 77,
    73, 76, 74, 74, 74, 74, 74, 74, 77, 75, 77, 75, 75, 75, 76, 75, 78,
    75, 74, 77, 79, 79, 77, 79, 77, 76, 76, 75, 75, 79, 77, 78, 77, 80,
    79, 78, 79, 81, 84, 81, 86, 83, 81, 76, 75, 73, 77, 77, 81, 85, 89,
    86, 86, 80, 81, 77, 74, 76, 78, 81, 81, 83, 85, 85, 83, 77, 77, 75,
    72, 73, 76, 76, 79, 83, 82, 82, 81, 77, 74, 72, 75, 76, 74, 74, 74,
    74 ]
