%YAML:1.0
---
videoName: "headShake6.mp4"
gestureLabel: 201
fps: 29
pixelSizeInCmTemp: 3.2808219178082193e-01
faceCenterPointX: 244
faceCenterPointY: 68
headPositionsX: [ 243, 243, 246, 245, 243, 244, 244, 247, 248, 242, 244,
    247, 247, 245, 244, 246, 243, 247, 244, 246, 245, 247, 243, 243, 246,
    246, 244, 248, 250, 255, 255, 260, 262, 261, 263, 260, 257, 252, 245,
    243, 234, 232, 232, 231, 234, 237, 243, 249, 252, 255, 259, 258, 257,
    256, 246, 245, 236, 235, 229, 230, 233, 235, 236, 243, 247, 248, 251,
    250, 251, 251, 248, 243, 243, 238, 240, 238, 240, 238, 238, 238, 241,
    243, 242, 242, 242, 246, 247, 246, 246, 246, 244, 244, 242, 244, 243,
    243, 242, 244, 244, 245 ]
headPositionsY: [ 66, 66, 67, 68, 65, 64, 67, 67, 69, 68, 67, 66, 67, 66,
    69, 65, 66, 67, 66, 64, 65, 67, 70, 68, 67, 65, 68, 68, 65, 65, 68,
    63, 67, 65, 67, 65, 67, 70, 66, 70, 69, 68, 69, 68, 68, 70, 67, 70,
    69, 68, 68, 67, 69, 70, 70, 68, 69, 68, 67, 69, 68, 68, 68, 69, 68,
    70, 69, 70, 69, 66, 69, 67, 67, 69, 65, 67, 67, 67, 70, 66, 66, 66,
    68, 67, 69, 67, 67, 66, 66, 68, 66, 70, 66, 69, 70, 67, 70, 67, 66,
    68 ]
