%YAML:1.0
---
videoName: "headNod28.mp4"
gestureLabel: 202
fps: 30
pixelSizeInCmTemp: 3.2364864864864862e-01
faceCenterPointX: 270
faceCenterPointY: 76
headPositionsX: [ 270, 272, 273, 270, 272, 273, 273, 271, 270, 270, 273,
    273, 271, 269, 269, 270, 269, 268, 269, 268, 270, 269, 268, 268, 271,
    268, 269, 268, 269, 269, 271, 273, 271, 271, 272, 269, 273, 271, 270,
    268, 269, 273, 270, 270, 270, 270, 269, 272, 269, 272, 270, 272, 270,
    273, 270, 271, 270, 271, 272, 270, 270, 269, 270, 271, 271, 270, 272,
    272, 273, 271, 273, 273, 270, 269, 269, 272, 273, 271, 269, 270, 269,
    271, 271, 270, 270, 270, 272, 270, 273, 272, 272, 273, 274, 271, 271,
    270, 272, 270, 270, 269 ]
headPositionsY: [ 76, 74, 75, 74, 74, 74, 72, 72, 76, 75, 73, 74, 74, 76,
    76, 75, 72, 73, 76, 76, 74, 75, 75, 74, 74, 75, 73, 73, 76, 74, 75,
    75, 74, 75, 75, 76, 75, 76, 76, 73, 76, 75, 77, 80, 83, 82, 79, 81,
    77, 76, 71, 72, 74, 73, 72, 73, 74, 76, 73, 79, 78, 81, 81, 77, 75,
    73, 73, 71, 74, 70, 75, 77, 79, 82, 81, 78, 80, 76, 75, 72, 73, 73,
    71, 77, 77, 79, 78, 76, 75, 79, 76, 75, 75, 76, 75, 76, 77, 78, 77,
    78 ]
