%YAML:1.0
---
videoName: "headNod49.mp4"
gestureLabel: 202
fps: 29
pixelSizeInCmTemp: 2.9207317073170730e-01
faceCenterPointX: 263
faceCenterPointY: 74
headPositionsX: [ 262, 266, 267, 267, 264, 264, 263, 264, 263, 264, 265,
    265, 267, 264, 266, 264, 265, 266, 263, 266, 266, 263, 262, 265, 264,
    262, 265, 265, 264, 266, 264, 266, 261, 262, 263, 262, 265, 265, 265,
    265, 264, 263, 265, 261, 264, 261, 264, 264, 264, 261, 264, 264, 264,
    266, 263, 261, 262, 266, 265, 265, 264, 265, 262, 263, 263, 263, 263,
    262, 265, 263, 262, 264, 265, 262, 265, 261, 261, 265, 264, 264, 261,
    262, 264, 264, 263, 264, 261, 260, 261, 261, 263, 264, 265, 262, 262,
    264, 264, 262, 261, 261 ]
headPositionsY: [ 75, 69, 70, 72, 69, 75, 74, 73, 73, 70, 72, 73, 71, 71,
    69, 67, 69, 66, 66, 70, 66, 72, 74, 73, 79, 76, 80, 75, 76, 72, 74,
    71, 70, 72, 70, 70, 73, 73, 72, 76, 78, 78, 79, 75, 76, 74, 71, 68,
    70, 70, 73, 73, 76, 76, 75, 75, 79, 77, 78, 72, 75, 75, 74, 75, 72,
    77, 75, 79, 79, 79, 76, 79, 74, 74, 73, 74, 73, 74, 73, 77, 75, 73,
    76, 76, 74, 75, 75, 74, 73, 73, 72, 76, 74, 74, 71, 75, 72, 72, 73,
    74 ]
