%YAML:1.0
---
videoName: "headNod43.mp4"
gestureLabel: 202
fps: 29
pixelSizeInCmTemp: 2.8855421686746985e-01
faceCenterPointX: 268
faceCenterPointY: 74
headPositionsX: [ 269, 269, 268, 270, 269, 269, 272, 271, 268, 270, 270,
    269, 268, 268, 268, 269, 266, 270, 266, 267, 269, 268, 269, 270, 265,
    268, 268, 267, 266, 266, 266, 264, 264, 266, 268, 264, 268, 265, 266,
    264, 265, 263, 265, 264, 263, 266, 268, 267, 265, 267, 267, 263, 264,
    266, 263, 261, 263, 264, 264, 265, 263, 265, 264, 264, 263, 264, 266,
    267, 268, 269, 269, 270, 270, 266, 269, 266, 268, 265, 265, 266, 270,
    271, 269, 270, 270, 268, 267, 269, 269, 269, 270, 271, 268, 268, 269,
    268, 268, 270, 268, 270 ]
headPositionsY: [ 73, 79, 77, 74, 78, 78, 78, 74, 76, 73, 77, 78, 77, 74,
    78, 74, 73, 77, 75, 75, 74, 74, 76, 75, 75, 79, 81, 85, 86, 88, 90,
    88, 88, 82, 80, 76, 77, 80, 83, 87, 86, 89, 90, 89, 82, 81, 82, 81,
    82, 85, 86, 89, 91, 92, 87, 84, 83, 84, 83, 83, 88, 89, 92, 89, 91,
    87, 85, 79, 77, 78, 81, 81, 85, 89, 92, 91, 92, 90, 83, 80, 76, 77,
    73, 74, 72, 73, 71, 74, 74, 72, 73, 76, 74, 76, 72, 76, 73, 74, 73,
    74 ]
