%YAML:1.0
---
videoName: "headLookRight6.mp4"
gestureLabel: 204
fps: 29
pixelSizeInCmTemp: 3.8015873015873014e-01
faceCenterPointX: 226
faceCenterPointY: 72
headPositionsX: [ 226, 251, 249, 247, 250, 246, 249, 250, 251, 249, 248,
    252, 248, 248, 250, 251, 251, 248, 249, 253, 248, 252, 250, 252, 250,
    249, 252, 253, 252, 253, 250, 252, 249, 251, 246, 244, 241, 238, 239,
    237, 232, 231, 228, 232, 229, 228, 224, 228, 222, 226, 224, 224, 228,
    226, 225, 228, 228, 227, 227, 227, 232, 226, 230, 225, 227, 227, 225,
    225, 229, 225, 228, 226, 227, 230, 225, 227, 229, 224, 224, 226, 227,
    227, 227, 226, 225, 225, 227, 230, 226, 224, 224, 227, 232, 226, 226,
    227, 226, 225, 228, 227 ]
headPositionsY: [ 72, 70, 70, 75, 70, 71, 71, 73, 75, 73, 73, 72, 71, 72,
    75, 72, 75, 73, 75, 77, 76, 74, 75, 73, 74, 74, 75, 72, 72, 75, 72,
    73, 74, 76, 76, 72, 76, 73, 72, 75, 74, 75, 72, 75, 72, 73, 71, 71,
    77, 72, 74, 69, 77, 73, 74, 73, 77, 76, 73, 77, 76, 73, 76, 73, 75,
    69, 74, 71, 77, 73, 72, 76, 75, 74, 73, 70, 73, 75, 73, 73, 78, 75,
    72, 69, 73, 75, 77, 75, 74, 74, 75, 73, 77, 73, 68, 73, 73, 74, 75,
    73 ]
