%YAML:1.0
---
videoName: "headNod33.mp4"
gestureLabel: 202
fps: 29
pixelSizeInCmTemp: 2.9567901234567900e-01
faceCenterPointX: 268
faceCenterPointY: 74
headPositionsX: [ 268, 269, 267, 267, 269, 270, 268, 272, 270, 269, 268,
    270, 271, 268, 271, 273, 273, 272, 269, 271, 270, 272, 271, 268, 270,
    270, 267, 269, 268, 268, 269, 271, 268, 271, 270, 270, 271, 271, 271,
    271, 269, 269, 270, 270, 269, 271, 268, 270, 269, 270, 271, 266, 270,
    266, 268, 268, 269, 268, 266, 267, 265, 266, 266, 269, 266, 269, 266,
    267, 268, 269, 266, 268, 268, 270, 269, 270, 267, 268, 269, 268, 267,
    270, 266, 265, 267, 267, 268, 268, 269, 266, 268, 267, 269, 269, 266,
    270, 270, 267, 270, 268 ]
headPositionsY: [ 74, 71, 70, 73, 71, 72, 74, 73, 70, 72, 70, 70, 70, 70,
    72, 71, 72, 73, 71, 69, 72, 72, 73, 70, 69, 71, 72, 71, 72, 73, 70,
    71, 72, 73, 75, 76, 77, 77, 72, 71, 69, 69, 66, 66, 64, 65, 73, 75,
    80, 83, 85, 80, 82, 78, 77, 71, 69, 70, 72, 68, 70, 69, 71, 73, 76,
    78, 77, 77, 78, 79, 74, 75, 72, 72, 72, 70, 69, 74, 71, 76, 75, 74,
    78, 78, 79, 78, 78, 77, 77, 75, 75, 75, 74, 74, 73, 78, 74, 77, 74,
    73 ]
