%YAML:1.0
---
videoName: "headShake10.mp4"
gestureLabel: 201
fps: 29
pixelSizeInCmTemp: 3.3732394366197183e-01
faceCenterPointX: 240
faceCenterPointY: 74
headPositionsX: [ 239, 246, 246, 245, 246, 245, 244, 245, 248, 244, 244,
    247, 247, 248, 245, 246, 246, 248, 245, 246, 244, 245, 248, 244, 247,
    246, 246, 246, 245, 247, 244, 247, 245, 246, 245, 248, 244, 244, 246,
    244, 243, 246, 245, 243, 245, 245, 246, 245, 245, 245, 248, 247, 250,
    252, 255, 257, 260, 259, 262, 260, 256, 252, 247, 244, 240, 237, 233,
    231, 232, 232, 237, 241, 247, 248, 252, 254, 255, 257, 257, 252, 249,
    249, 248, 246, 243, 240, 241, 243, 241, 239, 241, 240, 240, 239, 242,
    242, 240, 242, 243, 241 ]
headPositionsY: [ 76, 75, 74, 71, 74, 73, 74, 74, 73, 71, 74, 73, 72, 72,
    75, 72, 74, 74, 73, 74, 73, 71, 72, 73, 74, 71, 73, 73, 74, 72, 72,
    73, 73, 71, 71, 73, 74, 72, 75, 72, 74, 73, 75, 74, 71, 75, 74, 75,
    70, 71, 71, 73, 74, 70, 74, 72, 71, 69, 73, 70, 73, 75, 75, 75, 72,
    73, 72, 76, 73, 72, 74, 76, 75, 74, 73, 72, 74, 74, 73, 73, 72, 75,
    74, 74, 75, 76, 76, 75, 76, 78, 74, 73, 74, 73, 77, 76, 77, 75, 74,
    77 ]
