%YAML:1.0
---
videoName: "headShake6.mp4"
gestureLabel: 201
fps: 29
pixelSizeInCmTemp: 3.2808219178082193e-01
faceCenterPointX: 244
faceCenterPointY: 68
headPositionsX: [ 244, 243, 244, 245, 246, 246, 247, 243, 245, 245, 247,
    243, 244, 248, 245, 246, 244, 247, 245, 246, 246, 247, 243, 244, 247,
    244, 245, 248, 250, 254, 255, 259, 260, 262, 263, 260, 256, 252, 247,
    242, 234, 232, 230, 233, 234, 240, 245, 247, 253, 259, 256, 258, 255,
    252, 250, 244, 237, 235, 231, 232, 230, 232, 235, 241, 244, 250, 253,
    254, 249, 248, 245, 242, 244, 242, 239, 239, 238, 240, 238, 239, 239,
    244, 243, 241, 242, 244, 245, 246, 243, 243, 245, 245, 245, 244, 246,
    243, 242, 245, 244, 246 ]
headPositionsY: [ 67, 67, 67, 66, 65, 67, 64, 67, 69, 65, 65, 67, 64, 64,
    69, 63, 67, 68, 67, 66, 66, 66, 68, 68, 67, 65, 65, 66, 69, 67, 68,
    66, 67, 63, 67, 63, 65, 67, 68, 69, 70, 65, 67, 65, 68, 67, 68, 71,
    65, 68, 69, 65, 67, 68, 67, 70, 68, 68, 68, 65, 67, 68, 66, 68, 68,
    68, 68, 67, 69, 65, 69, 69, 70, 69, 65, 67, 66, 65, 67, 66, 69, 68,
    70, 68, 66, 69, 69, 70, 67, 70, 66, 69, 68, 68, 68, 68, 68, 71, 67,
    68 ]
