%YAML:1.0
---
videoName: "headNod26.mp4"
gestureLabel: 202
fps: 29
pixelSizeInCmTemp: 3.1513157894736843e-01
faceCenterPointX: 271
faceCenterPointY: 78
headPositionsX: [ 273, 273, 273, 271, 271, 270, 271, 273, 273, 272, 272,
    275, 271, 273, 272, 271, 275, 274, 271, 270, 271, 274, 271, 271, 272,
    274, 272, 270, 270, 270, 273, 270, 273, 272, 274, 270, 272, 270, 272,
    270, 270, 270, 270, 272, 272, 273, 270, 274, 271, 270, 270, 272, 272,
    271, 272, 271, 272, 270, 271, 269, 272, 270, 273, 273, 270, 274, 274,
    272, 271, 271, 272, 271, 271, 269, 273, 271, 270, 268, 271, 270, 272,
    271, 272, 269, 270, 273, 268, 269, 269, 272, 272, 270, 270, 272, 270,
    268, 270, 269, 271, 270 ]
headPositionsY: [ 76, 73, 76, 75, 72, 73, 70, 69, 69, 66, 64, 67, 66, 64,
    67, 66, 69, 72, 72, 77, 80, 83, 84, 85, 83, 81, 78, 74, 72, 72, 67,
    67, 70, 66, 71, 71, 71, 73, 79, 80, 77, 79, 79, 76, 72, 70, 68, 68,
    66, 70, 67, 69, 75, 76, 76, 76, 75, 73, 73, 70, 70, 67, 69, 66, 66,
    71, 69, 69, 73, 74, 72, 77, 77, 74, 78, 72, 74, 72, 70, 69, 68, 69,
    72, 69, 69, 74, 74, 78, 78, 77, 81, 80, 80, 80, 77, 75, 79, 76, 80,
    79 ]
