%YAML:1.0
---
videoName: "headShake32.mp4"
gestureLabel: 201
fps: 29
pixelSizeInCmTemp: 3.2808219178082193e-01
faceCenterPointX: 237
faceCenterPointY: 77
headPositionsX: [ 238, 238, 236, 238, 236, 240, 236, 237, 238, 240, 240,
    242, 237, 241, 241, 239, 240, 241, 238, 241, 239, 242, 242, 239, 241,
    239, 238, 242, 239, 239, 237, 240, 238, 239, 239, 241, 238, 242, 241,
    241, 245, 245, 244, 247, 248, 252, 249, 249, 253, 248, 249, 246, 245,
    244, 242, 237, 237, 235, 232, 230, 228, 228, 225, 227, 227, 229, 229,
    229, 229, 232, 237, 238, 239, 242, 244, 247, 250, 248, 248, 247, 248,
    247, 247, 243, 244, 241, 240, 241, 241, 239, 238, 237, 237, 240, 240,
    239, 236, 239, 237, 239 ]
headPositionsY: [ 77, 71, 72, 71, 74, 73, 73, 75, 71, 74, 71, 76, 73, 75,
    74, 75, 72, 72, 73, 75, 72, 74, 72, 74, 72, 76, 72, 76, 77, 74, 75,
    74, 73, 73, 77, 77, 76, 72, 73, 76, 73, 76, 75, 74, 71, 73, 72, 74,
    73, 75, 72, 72, 74, 74, 76, 76, 77, 74, 76, 76, 77, 74, 77, 77, 78,
    74, 77, 75, 77, 78, 76, 76, 75, 77, 76, 78, 73, 73, 74, 76, 76, 75,
    74, 76, 76, 76, 75, 75, 76, 77, 75, 78, 79, 79, 78, 79, 78, 79, 77,
    76 ]
