%YAML:1.0
---
videoName: "headShake31.mp4"
gestureLabel: 201
fps: 29
pixelSizeInCmTemp: 3.2808219178082193e-01
faceCenterPointX: 236
faceCenterPointY: 68
headPositionsX: [ 235, 236, 239, 237, 235, 236, 237, 239, 236, 238, 235,
    235, 236, 236, 238, 236, 237, 236, 237, 234, 235, 236, 239, 236, 237,
    235, 239, 239, 236, 238, 239, 239, 236, 239, 233, 234, 233, 237, 239,
    243, 250, 250, 250, 254, 253, 250, 247, 239, 230, 223, 224, 223, 220,
    226, 226, 231, 238, 245, 248, 245, 244, 244, 240, 238, 233, 232, 227,
    229, 231, 229, 234, 234, 241, 238, 241, 242, 244, 241, 243, 241, 238,
    237, 235, 236, 234, 237, 232, 234, 234, 237, 235, 238, 236, 236, 237,
    236, 234, 235, 236, 237 ]
headPositionsY: [ 67, 64, 68, 68, 65, 69, 68, 70, 67, 68, 66, 65, 68, 65,
    69, 69, 67, 67, 68, 68, 65, 69, 69, 66, 66, 69, 69, 66, 68, 69, 69,
    65, 67, 67, 69, 66, 66, 69, 66, 68, 66, 68, 65, 65, 66, 68, 67, 69,
    68, 68, 68, 66, 68, 70, 70, 71, 71, 70, 68, 68, 70, 67, 67, 71, 68,
    68, 71, 69, 69, 69, 69, 68, 70, 67, 68, 66, 70, 69, 71, 67, 70, 66,
    70, 67, 66, 68, 69, 69, 68, 68, 69, 70, 68, 68, 70, 68, 67, 69, 68,
    71 ]
