%YAML:1.0
---
videoName: "headShake41.mp4"
gestureLabel: 201
fps: 29
pixelSizeInCmTemp: 3.2364864864864862e-01
faceCenterPointX: 264
faceCenterPointY: 85
headPositionsX: [ 262, 259, 262, 261, 263, 260, 263, 263, 261, 259, 262,
    262, 261, 261, 260, 260, 263, 263, 260, 258, 262, 264, 265, 267, 265,
    268, 272, 271, 272, 277, 276, 277, 280, 280, 279, 281, 280, 280, 277,
    278, 275, 271, 268, 262, 255, 256, 249, 248, 248, 244, 246, 244, 245,
    246, 250, 248, 249, 254, 258, 260, 262, 266, 267, 275, 273, 279, 277,
    277, 275, 275, 276, 278, 276, 273, 269, 269, 269, 269, 265, 263, 262,
    262, 266, 263, 261, 262, 260, 263, 261, 260, 261, 261, 264, 265, 260,
    261, 264, 265, 261, 265 ]
headPositionsY: [ 85, 82, 83, 84, 85, 81, 80, 81, 86, 80, 82, 85, 83, 85,
    83, 84, 82, 83, 83, 81, 86, 82, 82, 83, 84, 85, 81, 81, 81, 82, 81,
    80, 79, 79, 83, 83, 79, 83, 81, 82, 83, 85, 85, 86, 85, 85, 83, 84,
    83, 81, 83, 82, 83, 85, 83, 86, 82, 83, 84, 87, 86, 86, 85, 85, 82,
    86, 82, 83, 83, 86, 84, 86, 83, 83, 83, 86, 87, 86, 84, 85, 85, 82,
    82, 84, 83, 85, 84, 84, 86, 83, 83, 85, 83, 82, 86, 85, 86, 83, 82,
    86 ]
