%YAML:1.0
---
videoName: "headNod8.mp4"
gestureLabel: 202
fps: 29
pixelSizeInCmTemp: 3.1933333333333330e-01
faceCenterPointX: 262
faceCenterPointY: 74
headPositionsX: [ 262, 264, 263, 259, 261, 262, 263, 262, 260, 260, 260,
    260, 262, 259, 260, 259, 261, 259, 259, 263, 261, 260, 260, 264, 262,
    261, 259, 261, 263, 261, 261, 262, 260, 263, 259, 261, 262, 261, 262,
    262, 262, 264, 262, 262, 264, 263, 265, 260, 263, 260, 259, 263, 264,
    259, 261, 261, 261, 260, 263, 260, 263, 260, 263, 262, 261, 260, 259,
    259, 261, 261, 263, 261, 263, 258, 259, 258, 261, 260, 260, 262, 263,
    262, 263, 260, 262, 264, 264, 260, 264, 264, 264, 261, 260, 262, 260,
    263, 261, 261, 262, 263 ]
headPositionsY: [ 76, 76, 74, 74, 77, 75, 77, 78, 77, 74, 76, 77, 74, 75,
    76, 74, 75, 75, 77, 77, 76, 74, 77, 77, 75, 73, 76, 77, 78, 76, 76,
    75, 79, 79, 76, 75, 75, 76, 73, 75, 73, 71, 70, 66, 67, 67, 66, 69,
    73, 77, 77, 80, 85, 82, 80, 81, 76, 74, 73, 72, 71, 68, 72, 73, 78,
    80, 85, 86, 84, 79, 78, 73, 72, 69, 69, 71, 75, 75, 81, 79, 85, 83,
    82, 80, 76, 72, 70, 72, 73, 73, 73, 77, 75, 77, 78, 79, 80, 75, 76,
    76 ]
