%YAML:1.0
---
videoName: "headShake0.mp4"
gestureLabel: 201
fps: 29
pixelSizeInCmTemp: 3.2808219178082193e-01
faceCenterPointX: 279
faceCenterPointY: 94
headPositionsX: [ 277, 277, 281, 278, 277, 279, 278, 279, 281, 278, 281,
    278, 280, 277, 278, 281, 277, 281, 277, 281, 281, 280, 281, 280, 281,
    281, 278, 280, 280, 281, 280, 277, 279, 280, 278, 277, 278, 276, 277,
    281, 278, 283, 287, 285, 290, 296, 297, 301, 300, 302, 298, 293, 290,
    281, 279, 275, 272, 272, 272, 279, 283, 287, 289, 288, 291, 286, 286,
    281, 279, 275, 274, 270, 272, 277, 279, 280, 283, 286, 284, 285, 278,
    280, 277, 276, 277, 277, 276, 276, 280, 276, 279, 281, 277, 279, 278,
    279, 278, 279, 281, 277 ]
headPositionsY: [ 94, 92, 95, 91, 92, 94, 93, 92, 92, 92, 95, 92, 94, 94,
    93, 92, 91, 95, 93, 91, 95, 92, 92, 92, 94, 91, 92, 95, 94, 94, 94,
    95, 92, 92, 95, 93, 93, 93, 93, 92, 91, 94, 93, 90, 92, 91, 91, 89,
    91, 89, 93, 93, 95, 94, 92, 94, 94, 95, 92, 92, 93, 94, 94, 91, 90,
    94, 95, 92, 91, 95, 91, 91, 91, 93, 91, 95, 93, 95, 94, 92, 95, 95,
    93, 94, 95, 92, 95, 93, 92, 92, 93, 94, 95, 94, 94, 94, 95, 94, 95,
    97 ]
