%YAML:1.0
---
videoName: "headShake35.mp4"
gestureLabel: 201
fps: 29
pixelSizeInCmTemp: 3.2364864864864862e-01
faceCenterPointX: 267
faceCenterPointY: 82
headPositionsX: [ 266, 269, 266, 267, 267, 269, 270, 265, 266, 269, 270,
    269, 266, 271, 267, 270, 268, 269, 271, 266, 269, 266, 269, 267, 271,
    267, 270, 268, 268, 270, 268, 269, 268, 267, 268, 266, 268, 270, 266,
    269, 269, 265, 265, 267, 268, 265, 267, 268, 266, 266, 267, 268, 267,
    265, 267, 267, 269, 265, 268, 266, 267, 267, 268, 272, 272, 274, 280,
    282, 282, 279, 277, 273, 266, 261, 258, 256, 260, 263, 264, 270, 272,
    278, 275, 271, 269, 266, 265, 264, 264, 260, 263, 263, 266, 269, 266,
    268, 267, 267, 268, 268 ]
headPositionsY: [ 80, 77, 81, 80, 81, 78, 78, 80, 79, 80, 80, 82, 81, 80,
    79, 81, 78, 80, 81, 79, 78, 79, 78, 81, 80, 79, 78, 80, 81, 79, 81,
    81, 79, 81, 81, 79, 81, 79, 82, 78, 83, 81, 79, 82, 80, 81, 82, 80,
    82, 80, 81, 78, 83, 81, 82, 81, 78, 80, 82, 78, 79, 79, 79, 79, 80,
    79, 78, 81, 81, 79, 82, 83, 79, 83, 79, 81, 84, 81, 82, 81, 80, 81,
    80, 84, 81, 81, 79, 82, 80, 82, 80, 81, 80, 79, 82, 83, 80, 83, 83,
    82 ]
