%YAML:1.0
---
videoName: "headNod3.mp4"
gestureLabel: 202
fps: 29
pixelSizeInCmTemp: 3.1933333333333330e-01
faceCenterPointX: 264
faceCenterPointY: 76
headPositionsX: [ 262, 266, 264, 265, 265, 264, 264, 262, 267, 264, 268,
    268, 263, 266, 268, 267, 265, 264, 263, 263, 264, 267, 267, 263, 263,
    264, 263, 264, 267, 267, 264, 267, 264, 266, 266, 264, 265, 265, 264,
    266, 265, 266, 264, 264, 265, 264, 263, 263, 267, 265, 267, 267, 265,
    264, 265, 263, 265, 264, 261, 263, 263, 263, 261, 262, 265, 265, 262,
    263, 263, 265, 265, 266, 261, 262, 261, 262, 263, 266, 264, 264, 265,
    261, 262, 262, 264, 263, 262, 264, 266, 266, 265, 265, 261, 264, 262,
    264, 264, 263, 262, 263 ]
headPositionsY: [ 76, 78, 77, 74, 77, 76, 76, 74, 75, 75, 74, 75, 74, 72,
    72, 71, 75, 71, 75, 71, 72, 71, 70, 73, 72, 73, 74, 76, 72, 77, 76,
    75, 76, 74, 73, 77, 76, 74, 74, 72, 74, 75, 77, 73, 73, 67, 67, 66,
    65, 64, 68, 68, 74, 73, 76, 79, 85, 82, 81, 79, 78, 70, 67, 69, 67,
    66, 67, 73, 74, 80, 80, 84, 80, 78, 76, 75, 69, 70, 69, 65, 67, 69,
    68, 73, 72, 76, 76, 78, 80, 78, 79, 78, 78, 78, 78, 79, 74, 78, 74,
    77 ]
