%YAML:1.0
---
videoName: "headShake9.mp4"
gestureLabel: 201
fps: 30
pixelSizeInCmTemp: 3.2808219178082193e-01
faceCenterPointX: 243
faceCenterPointY: 73
headPositionsX: [ 244, 242, 242, 241, 243, 240, 245, 242, 243, 245, 244,
    243, 244, 245, 245, 245, 241, 243, 244, 244, 243, 243, 243, 244, 244,
    244, 241, 242, 241, 241, 242, 244, 245, 243, 245, 245, 243, 242, 241,
    245, 246, 248, 255, 258, 263, 260, 265, 265, 261, 258, 255, 246, 242,
    236, 233, 229, 226, 228, 232, 235, 242, 248, 252, 257, 259, 260, 261,
    258, 254, 252, 246, 239, 233, 230, 231, 229, 226, 235, 236, 239, 243,
    249, 252, 250, 253, 250, 248, 249, 248, 244, 247, 243, 246, 246, 243,
    242, 244, 244, 244, 245 ]
headPositionsY: [ 73, 74, 70, 71, 70, 74, 70, 72, 74, 74, 70, 72, 71, 72,
    74, 75, 72, 70, 74, 71, 73, 71, 73, 70, 73, 71, 70, 73, 74, 71, 72,
    70, 73, 72, 74, 70, 70, 73, 74, 73, 73, 71, 69, 71, 72, 70, 70, 70,
    73, 72, 72, 73, 72, 72, 70, 72, 72, 74, 73, 71, 71, 71, 69, 73, 67,
    70, 72, 71, 72, 72, 71, 70, 75, 73, 73, 69, 73, 74, 71, 74, 75, 72,
    73, 71, 73, 73, 74, 73, 73, 74, 71, 73, 75, 75, 75, 71, 72, 72, 73,
    75 ]
