%YAML:1.0
---
videoName: "headShake16.mp4"
gestureLabel: 201
fps: 29
pixelSizeInCmTemp: 3.2364864864864862e-01
faceCenterPointX: 242
faceCenterPointY: 77
headPositionsX: [ 243, 241, 246, 242, 243, 242, 242, 244, 245, 245, 246,
    242, 244, 243, 246, 245, 243, 245, 244, 243, 242, 244, 243, 243, 243,
    243, 243, 242, 242, 243, 244, 243, 244, 243, 242, 243, 241, 244, 246,
    247, 252, 254, 256, 256, 253, 252, 247, 245, 239, 238, 235, 235, 236,
    237, 241, 243, 243, 248, 251, 249, 251, 250, 247, 244, 243, 240, 234,
    235, 236, 235, 233, 235, 235, 238, 240, 241, 242, 247, 245, 243, 241,
    240, 241, 238, 241, 237, 238, 240, 241, 239, 242, 239, 244, 242, 241,
    244, 241, 244, 240, 243 ]
headPositionsY: [ 75, 75, 75, 77, 77, 74, 76, 74, 73, 74, 75, 76, 76, 76,
    78, 75, 75, 78, 77, 76, 74, 75, 77, 75, 75, 75, 75, 77, 75, 74, 74,
    77, 77, 76, 73, 76, 77, 78, 74, 77, 77, 74, 75, 73, 73, 77, 74, 75,
    77, 78, 79, 76, 78, 77, 77, 77, 75, 75, 76, 75, 76, 77, 79, 78, 78,
    77, 76, 74, 77, 79, 75, 79, 75, 75, 79, 78, 76, 79, 75, 75, 76, 75,
    76, 78, 75, 78, 77, 74, 75, 78, 76, 74, 76, 77, 75, 77, 78, 75, 74,
    76 ]
