%YAML:1.0
---
videoName: "headLookDown7.mp4"
gestureLabel: 206
fps: 30
pixelSizeInCmTemp: 3.3732394366197183e-01
faceCenterPointX: 274
faceCenterPointY: 95
headPositionsX: [ 275, 275, 275, 272, 275, 275, 275, 271, 273, 276, 275,
    273, 275, 272, 276, 274, 275, 274, 275, 272, 275, 272, 273, 272, 273,
    272, 273, 275, 273, 274, 273, 273, 273, 273, 272, 271, 271, 273, 274,
    273, 275, 273, 275, 275, 272, 273, 273, 275, 271, 274, 273, 274, 272,
    276, 274, 274, 275, 277, 273, 274, 273, 276, 273, 276, 274, 276, 275,
    274, 276, 275, 275, 276, 273, 275, 272, 273, 275, 273, 277, 277, 276,
    277, 276, 277, 274, 273, 278, 273, 276, 278, 272, 276, 277, 274, 274,
    273, 276, 274, 273, 273 ]
headPositionsY: [ 94, 83, 81, 81, 84, 80, 80, 81, 83, 84, 84, 85, 84, 83,
    81, 83, 81, 82, 84, 81, 84, 82, 80, 83, 84, 85, 82, 85, 83, 81, 83,
    82, 84, 81, 81, 84, 81, 84, 84, 85, 85, 82, 81, 84, 84, 85, 81, 84,
    85, 84, 86, 86, 88, 89, 89, 90, 91, 89, 94, 95, 93, 94, 95, 93, 93,
    94, 94, 94, 95, 93, 97, 96, 96, 95, 96, 97, 94, 97, 96, 97, 94, 96,
    96, 95, 93, 94, 97, 96, 96, 98, 97, 98, 95, 97, 97, 96, 98, 94, 95,
    95 ]
