%YAML:1.0
---
videoName: "headShake34.mp4"
gestureLabel: 201
fps: 29
pixelSizeInCmTemp: 3.2364864864864862e-01
faceCenterPointX: 263
faceCenterPointY: 83
headPositionsX: [ 261, 266, 263, 264, 264, 263, 262, 262, 263, 262, 266,
    263, 266, 265, 263, 263, 262, 263, 265, 263, 266, 264, 266, 263, 263,
    264, 263, 266, 262, 264, 265, 266, 266, 265, 263, 267, 265, 268, 270,
    271, 273, 273, 274, 275, 274, 278, 278, 279, 277, 273, 272, 269, 264,
    259, 257, 254, 252, 254, 255, 254, 256, 258, 263, 266, 268, 268, 272,
    270, 266, 259, 260, 257, 256, 256, 255, 255, 260, 260, 264, 266, 262,
    266, 266, 266, 265, 265, 265, 264, 265, 266, 263, 264, 264, 264, 262,
    264, 262, 262, 262, 261 ]
headPositionsY: [ 83, 81, 83, 83, 84, 84, 82, 85, 84, 86, 85, 83, 85, 81,
    84, 84, 81, 83, 85, 83, 83, 83, 84, 83, 84, 84, 84, 83, 86, 81, 81,
    81, 82, 82, 86, 83, 82, 83, 83, 82, 83, 80, 83, 82, 80, 80, 81, 83,
    83, 84, 84, 83, 82, 85, 82, 80, 82, 84, 83, 82, 84, 83, 82, 80, 83,
    84, 83, 84, 85, 81, 84, 84, 81, 83, 84, 85, 81, 81, 83, 85, 83, 84,
    84, 84, 84, 86, 81, 84, 85, 86, 82, 84, 83, 83, 84, 85, 86, 82, 82,
    84 ]
