%YAML:1.0
---
videoName: "headShake25.mp4"
gestureLabel: 201
fps: 30
pixelSizeInCmTemp: 3.2364864864864862e-01
faceCenterPointX: 241
faceCenterPointY: 79
headPositionsX: [ 242, 254, 253, 253, 253, 250, 248, 249, 246, 243, 238,
    238, 236, 233, 231, 233, 229, 231, 228, 232, 229, 231, 231, 237, 241,
    239, 246, 245, 246, 250, 249, 250, 251, 248, 249, 247, 244, 240, 239,
    236, 235, 230, 231, 232, 229, 231, 230, 234, 232, 237, 239, 243, 244,
    246, 249, 249, 252, 249, 249, 253, 253, 250, 250, 248, 245, 242, 241,
    238, 239, 235, 233, 237, 232, 237, 233, 237, 236, 235, 238, 238, 237,
    240, 238, 241, 239, 243, 242, 242, 241, 242, 240, 242, 242, 241, 241,
    240, 242, 242, 242, 241 ]
headPositionsY: [ 79, 78, 77, 79, 77, 78, 77, 78, 80, 75, 75, 76, 78, 80,
    79, 77, 77, 78, 78, 76, 76, 76, 80, 76, 79, 76, 79, 79, 80, 78, 79,
    78, 80, 78, 79, 79, 77, 78, 77, 78, 79, 77, 76, 78, 79, 79, 77, 79,
    80, 79, 78, 79, 78, 79, 79, 78, 79, 78, 76, 78, 77, 77, 81, 80, 79,
    79, 81, 80, 76, 80, 76, 80, 79, 76, 76, 76, 78, 79, 78, 78, 77, 76,
    79, 80, 77, 77, 80, 81, 79, 81, 79, 79, 81, 79, 79, 78, 78, 77, 78,
    79 ]
