%YAML:1.0
---
videoName: "headNod47.mp4"
gestureLabel: 202
fps: 29
pixelSizeInCmTemp: 3.0316455696202532e-01
faceCenterPointX: 266
faceCenterPointY: 70
headPositionsX: [ 264, 269, 265, 266, 269, 267, 264, 268, 267, 265, 268,
    268, 263, 264, 264, 263, 265, 263, 265, 263, 266, 265, 267, 268, 268,
    267, 268, 265, 266, 265, 267, 269, 266, 266, 266, 267, 266, 269, 268,
    266, 265, 269, 269, 269, 269, 268, 267, 267, 267, 268, 267, 269, 266,
    266, 267, 269, 267, 267, 265, 269, 266, 265, 267, 266, 267, 266, 266,
    269, 264, 266, 266, 269, 266, 268, 266, 267, 268, 266, 264, 267, 264,
    264, 266, 267, 266, 266, 267, 266, 266, 265, 263, 268, 265, 267, 265,
    267, 268, 265, 264, 268 ]
headPositionsY: [ 68, 60, 62, 60, 59, 57, 61, 60, 64, 68, 69, 76, 79, 82,
    80, 76, 73, 73, 66, 67, 65, 63, 69, 68, 73, 74, 76, 77, 79, 73, 76,
    73, 71, 67, 68, 66, 69, 71, 72, 73, 79, 81, 79, 78, 77, 74, 70, 70,
    66, 66, 67, 71, 69, 74, 77, 75, 75, 71, 70, 70, 68, 67, 66, 70, 66,
    67, 70, 72, 72, 74, 75, 71, 70, 72, 71, 67, 69, 66, 72, 72, 75, 73,
    74, 72, 71, 73, 70, 69, 68, 71, 68, 69, 69, 72, 69, 71, 72, 73, 72,
    71 ]
