%YAML:1.0
---
videoName: "headLookDown1.mp4"
gestureLabel: 206
fps: 29
pixelSizeInCmTemp: 3.4710144927536229e-01
faceCenterPointX: 271
faceCenterPointY: 97
headPositionsX: [ 269, 270, 269, 269, 269, 269, 268, 268, 271, 271, 272,
    271, 271, 268, 269, 269, 272, 273, 271, 270, 273, 273, 269, 272, 273,
    269, 271, 270, 272, 270, 270, 270, 269, 273, 272, 272, 270, 270, 270,
    273, 268, 269, 272, 269, 270, 273, 271, 270, 269, 272, 271, 269, 273,
    270, 270, 268, 269, 270, 269, 271, 269, 272, 273, 273, 271, 267, 267,
    270, 270, 268, 269, 272, 273, 272, 272, 269, 270, 273, 271, 273, 271,
    269, 271, 273, 273, 269, 273, 270, 270, 273, 269, 270, 273, 272, 274,
    271, 271, 271, 273, 270 ]
headPositionsY: [ 96, 80, 76, 78, 78, 77, 77, 77, 77, 79, 78, 80, 81, 80,
    77, 80, 80, 77, 80, 77, 81, 79, 78, 79, 82, 79, 79, 78, 77, 81, 81,
    78, 81, 77, 82, 81, 78, 80, 80, 77, 80, 81, 81, 81, 86, 85, 84, 88,
    92, 89, 90, 96, 96, 94, 98, 99, 95, 96, 99, 100, 96, 101, 101, 101,
    97, 97, 100, 99, 100, 101, 101, 101, 96, 100, 100, 101, 100, 96, 97,
    99, 96, 95, 97, 97, 98, 99, 98, 99, 100, 96, 100, 99, 98, 98, 96,
    100, 98, 96, 99, 97 ]
