%YAML:1.0
---
videoName: "headNod23.mp4"
gestureLabel: 202
fps: 29
pixelSizeInCmTemp: 3.1933333333333330e-01
faceCenterPointX: 273
faceCenterPointY: 75
headPositionsX: [ 275, 274, 276, 277, 276, 272, 275, 272, 273, 274, 275,
    273, 275, 274, 273, 273, 272, 274, 276, 274, 276, 274, 275, 274, 273,
    276, 274, 274, 273, 276, 277, 273, 274, 276, 272, 273, 276, 273, 275,
    270, 274, 273, 274, 270, 270, 275, 270, 273, 271, 273, 274, 276, 275,
    276, 272, 276, 274, 273, 272, 271, 272, 273, 274, 272, 271, 272, 275,
    276, 277, 273, 273, 274, 273, 273, 272, 275, 271, 272, 273, 274, 275,
    274, 275, 274, 273, 272, 276, 277, 275, 276, 276, 271, 274, 273, 272,
    273, 273, 271, 274, 273 ]
headPositionsY: [ 74, 78, 76, 78, 76, 77, 75, 77, 78, 75, 74, 75, 78, 78,
    76, 76, 75, 75, 75, 78, 77, 79, 78, 76, 71, 74, 69, 69, 68, 67, 62,
    64, 68, 65, 67, 73, 74, 78, 78, 81, 84, 80, 83, 78, 77, 76, 70, 67,
    67, 70, 65, 69, 71, 72, 74, 77, 77, 79, 79, 79, 78, 74, 72, 72, 68,
    68, 71, 68, 69, 69, 70, 73, 75, 75, 79, 77, 79, 79, 75, 75, 74, 75,
    74, 71, 74, 74, 72, 71, 72, 74, 75, 75, 74, 78, 77, 74, 74, 75, 74,
    76 ]
