%YAML:1.0
---
videoName: "headNod13.mp4"
gestureLabel: 202
fps: 29
pixelSizeInCmTemp: 3.2364864864864862e-01
faceCenterPointX: 253
faceCenterPointY: 79
headPositionsX: [ 251, 252, 252, 254, 254, 253, 254, 252, 251, 253, 252,
    255, 255, 253, 256, 256, 255, 254, 253, 257, 255, 253, 252, 253, 252,
    253, 256, 255, 251, 252, 256, 252, 255, 252, 256, 253, 253, 254, 251,
    254, 253, 255, 253, 253, 251, 255, 253, 255, 251, 252, 253, 255, 252,
    255, 255, 252, 254, 252, 252, 252, 253, 253, 255, 251, 255, 254, 254,
    254, 252, 255, 254, 255, 255, 255, 255, 254, 256, 252, 252, 255, 255,
    254, 255, 255, 253, 256, 253, 257, 254, 255, 255, 255, 254, 253, 253,
    255, 251, 251, 252, 250 ]
headPositionsY: [ 81, 74, 75, 73, 74, 71, 73, 73, 73, 73, 73, 75, 74, 74,
    76, 73, 74, 73, 75, 76, 76, 72, 73, 76, 76, 73, 73, 73, 74, 75, 73,
    73, 74, 72, 73, 76, 72, 72, 72, 75, 74, 76, 74, 72, 73, 72, 72, 75,
    71, 71, 69, 71, 69, 65, 67, 68, 72, 73, 78, 77, 78, 81, 78, 78, 72,
    73, 70, 71, 67, 69, 70, 71, 76, 75, 76, 80, 78, 80, 79, 74, 74, 71,
    73, 72, 74, 76, 77, 78, 78, 78, 81, 81, 79, 81, 78, 78, 80, 78, 77,
    78 ]
