%YAML:1.0
---
videoName: "headShake49.mp4"
gestureLabel: 201
fps: 30
pixelSizeInCmTemp: 2.8855421686746985e-01
faceCenterPointX: 259
faceCenterPointY: 84
headPositionsX: [ 259, 262, 261, 259, 262, 261, 262, 258, 263, 259, 261,
    263, 260, 260, 262, 262, 263, 259, 260, 263, 259, 263, 260, 260, 263,
    260, 259, 260, 263, 260, 260, 262, 261, 266, 270, 272, 276, 279, 284,
    286, 283, 280, 272, 266, 257, 252, 249, 248, 251, 254, 259, 269, 273,
    274, 272, 267, 263, 258, 250, 248, 249, 251, 258, 260, 266, 272, 270,
    268, 264, 260, 258, 255, 256, 256, 258, 260, 264, 266, 270, 268, 269,
    261, 263, 257, 257, 255, 257, 258, 260, 258, 261, 260, 260, 261, 258,
    257, 260, 259, 258, 257 ]
headPositionsY: [ 86, 82, 80, 78, 83, 81, 80, 81, 80, 79, 79, 81, 79, 80,
    79, 80, 82, 83, 80, 79, 78, 80, 79, 79, 79, 79, 80, 81, 82, 81, 83,
    83, 83, 80, 83, 80, 81, 82, 77, 79, 79, 82, 82, 82, 82, 82, 82, 86,
    84, 84, 83, 86, 83, 84, 86, 84, 85, 86, 83, 86, 85, 84, 83, 84, 86,
    83, 85, 85, 84, 82, 87, 86, 83, 84, 83, 84, 84, 85, 84, 83, 85, 84,
    84, 85, 83, 86, 84, 84, 84, 83, 87, 85, 86, 83, 83, 82, 87, 82, 84,
    87 ]
