%YAML:1.0
---
videoName: "headShake33.mp4"
gestureLabel: 201
fps: 29
pixelSizeInCmTemp: 3.2364864864864862e-01
faceCenterPointX: 244
faceCenterPointY: 84
headPositionsX: [ 245, 245, 245, 244, 244, 246, 245, 247, 244, 244, 247,
    242, 244, 245, 243, 244, 245, 245, 247, 243, 245, 247, 250, 249, 249,
    255, 257, 259, 261, 261, 262, 263, 265, 260, 258, 254, 255, 247, 244,
    240, 239, 234, 232, 229, 228, 229, 225, 227, 230, 231, 235, 239, 240,
    244, 252, 252, 256, 257, 258, 259, 260, 261, 260, 258, 254, 251, 246,
    245, 240, 237, 237, 232, 230, 231, 233, 235, 234, 235, 233, 236, 240,
    236, 241, 240, 243, 244, 244, 246, 249, 249, 245, 247, 246, 245, 247,
    243, 244, 242, 245, 242 ]
headPositionsY: [ 86, 82, 83, 81, 84, 85, 85, 84, 82, 84, 81, 82, 81, 83,
    84, 83, 81, 83, 85, 81, 81, 81, 81, 81, 83, 80, 82, 82, 82, 78, 82,
    81, 83, 84, 82, 80, 82, 85, 81, 84, 80, 81, 83, 80, 81, 80, 80, 80,
    83, 83, 84, 82, 83, 81, 81, 82, 83, 82, 80, 78, 82, 84, 84, 84, 82,
    86, 81, 84, 82, 84, 85, 85, 83, 84, 82, 83, 83, 83, 83, 84, 83, 84,
    81, 81, 82, 83, 84, 82, 81, 84, 81, 82, 81, 83, 81, 85, 84, 85, 84,
    85 ]
