%YAML:1.0
---
videoName: "headLookLeft0.mp4"
gestureLabel: 203
fps: 29
pixelSizeInCmTemp: 3.6287878787878786e-01
faceCenterPointX: 286
faceCenterPointY: 69
headPositionsX: [ 287, 257, 252, 254, 255, 254, 254, 252, 253, 251, 253,
    254, 253, 252, 254, 255, 254, 255, 255, 255, 256, 256, 255, 254, 255,
    257, 254, 256, 255, 256, 255, 253, 255, 254, 254, 254, 256, 258, 254,
    255, 254, 254, 254, 258, 258, 257, 256, 254, 255, 253, 255, 253, 255,
    256, 254, 255, 258, 255, 253, 255, 255, 255, 254, 257, 254, 256, 254,
    256, 255, 256, 256, 255, 253, 255, 253, 254, 254, 258, 259, 260, 259,
    263, 265, 267, 270, 271, 274, 275, 285, 276, 282, 274, 283, 284, 286,
    285, 284, 286, 286, 285 ]
headPositionsY: [ 67, 71, 70, 71, 70, 67, 67, 66, 70, 70, 71, 67, 68, 71,
    69, 72, 70, 67, 69, 68, 72, 68, 68, 68, 68, 70, 68, 71, 70, 68, 71,
    70, 70, 72, 69, 70, 69, 73, 70, 72, 70, 71, 70, 72, 70, 73, 72, 74,
    71, 71, 72, 69, 69, 69, 71, 70, 74, 73, 69, 71, 72, 73, 72, 71, 71,
    73, 71, 73, 69, 69, 69, 71, 73, 71, 70, 74, 71, 72, 73, 74, 73, 68,
    71, 68, 68, 68, 68, 71, 73, 68, 67, 67, 68, 66, 67, 69, 69, 70, 71,
    70 ]
