%YAML:1.0
---
videoName: "headLookUp3.mp4"
gestureLabel: 205
fps: 29
pixelSizeInCmTemp: 3.7421874999999999e-01
faceCenterPointX: 254
faceCenterPointY: 68
headPositionsX: [ 253, 254, 254, 255, 254, 258, 254, 258, 253, 255, 257,
    257, 254, 257, 258, 255, 255, 258, 255, 259, 258, 255, 257, 259, 257,
    255, 256, 254, 256, 254, 255, 258, 255, 258, 254, 255, 255, 257, 254,
    256, 255, 256, 254, 254, 252, 258, 256, 257, 255, 256, 256, 257, 253,
    257, 257, 254, 256, 255, 255, 257, 256, 257, 254, 257, 253, 253, 258,
    254, 253, 256, 254, 258, 256, 255, 253, 255, 256, 256, 256, 253, 258,
    257, 254, 255, 256, 254, 257, 254, 258, 257, 256, 256, 256, 257, 256,
    257, 255, 256, 253, 256 ]
headPositionsY: [ 68, 81, 82, 82, 84, 83, 83, 82, 84, 82, 81, 84, 81, 83,
    81, 83, 83, 82, 80, 82, 84, 83, 84, 82, 80, 82, 80, 79, 80, 81, 82,
    82, 82, 80, 85, 81, 83, 79, 81, 79, 82, 77, 78, 74, 75, 70, 69, 72,
    70, 67, 68, 67, 70, 69, 67, 66, 68, 66, 66, 68, 66, 69, 67, 70, 69,
    67, 65, 69, 66, 66, 69, 70, 66, 65, 69, 69, 69, 69, 67, 69, 70, 65,
    66, 68, 66, 68, 69, 68, 66, 67, 66, 69, 70, 66, 65, 66, 68, 69, 68,
    69 ]
