%YAML:1.0
---
videoName: "headShake18.mp4"
gestureLabel: 201
fps: 30
pixelSizeInCmTemp: 3.2808219178082193e-01
faceCenterPointX: 240
faceCenterPointY: 77
headPositionsX: [ 238, 242, 242, 244, 240, 241, 239, 239, 243, 242, 242,
    240, 241, 242, 243, 239, 241, 242, 239, 241, 243, 241, 241, 240, 242,
    240, 242, 239, 238, 239, 239, 241, 241, 238, 239, 243, 242, 247, 248,
    253, 250, 250, 251, 251, 247, 245, 240, 236, 230, 227, 232, 231, 238,
    240, 240, 247, 247, 247, 248, 248, 244, 240, 236, 237, 231, 233, 236,
    234, 240, 241, 243, 244, 244, 246, 245, 242, 238, 239, 237, 235, 234,
    236, 235, 240, 240, 241, 240, 244, 244, 241, 241, 239, 242, 242, 240,
    240, 240, 242, 242, 239 ]
headPositionsY: [ 78, 75, 74, 78, 78, 74, 77, 75, 73, 79, 76, 74, 76, 74,
    74, 75, 74, 75, 74, 78, 77, 79, 74, 74, 76, 75, 76, 75, 77, 78, 75,
    77, 76, 74, 79, 76, 77, 78, 78, 75, 76, 74, 74, 75, 78, 75, 77, 77,
    77, 75, 75, 78, 79, 76, 76, 77, 77, 78, 74, 75, 74, 74, 75, 79, 75,
    77, 76, 74, 77, 75, 76, 79, 79, 75, 76, 78, 78, 78, 75, 74, 76, 76,
    78, 76, 78, 76, 79, 79, 76, 78, 76, 77, 79, 79, 79, 77, 78, 76, 75,
    75 ]
