%YAML:1.0
---
videoName: "headNod41.mp4"
gestureLabel: 202
fps: 29
pixelSizeInCmTemp: 2.9937500000000000e-01
faceCenterPointX: 267
faceCenterPointY: 76
headPositionsX: [ 268, 268, 269, 272, 270, 271, 269, 271, 268, 269, 270,
    270, 269, 271, 272, 271, 271, 273, 270, 272, 272, 271, 269, 269, 269,
    268, 268, 269, 269, 268, 268, 270, 270, 272, 271, 270, 271, 268, 268,
    271, 269, 271, 270, 269, 271, 268, 269, 270, 267, 266, 268, 271, 270,
    270, 271, 269, 268, 271, 271, 271, 268, 268, 271, 267, 270, 267, 270,
    266, 268, 266, 268, 269, 267, 266, 266, 265, 265, 269, 269, 269, 266,
    268, 267, 269, 266, 265, 265, 268, 268, 266, 267, 265, 268, 268, 267,
    265, 268, 269, 269, 269 ]
headPositionsY: [ 78, 70, 72, 71, 75, 74, 71, 71, 74, 74, 73, 71, 74, 72,
    75, 72, 73, 72, 76, 76, 76, 75, 74, 74, 72, 73, 74, 74, 75, 72, 73,
    74, 75, 75, 76, 73, 72, 77, 76, 79, 79, 84, 87, 87, 91, 93, 91, 86,
    86, 77, 79, 68, 70, 67, 62, 64, 66, 71, 71, 76, 80, 85, 94, 94, 93,
    91, 87, 79, 76, 74, 72, 72, 70, 72, 71, 76, 81, 81, 82, 83, 83, 81,
    76, 75, 73, 75, 72, 76, 75, 75, 77, 79, 78, 80, 81, 77, 80, 77, 74,
    78 ]
