%YAML:1.0
---
videoName: "headShake49.mp4"
gestureLabel: 201
fps: 30
pixelSizeInCmTemp: 2.8855421686746985e-01
faceCenterPointX: 259
faceCenterPointY: 84
headPositionsX: [ 258, 260, 259, 258, 263, 260, 259, 258, 263, 260, 263,
    261, 262, 260, 258, 262, 262, 260, 263, 262, 259, 259, 259, 260, 259,
    260, 260, 260, 261, 259, 262, 261, 261, 264, 270, 275, 274, 282, 282,
    283, 284, 279, 269, 265, 258, 252, 248, 250, 250, 256, 263, 267, 274,
    272, 274, 265, 261, 256, 250, 247, 245, 252, 256, 261, 266, 268, 271,
    268, 266, 259, 254, 253, 254, 257, 258, 260, 265, 266, 268, 267, 267,
    261, 263, 260, 256, 255, 257, 260, 258, 260, 259, 261, 258, 258, 260,
    260, 260, 257, 259, 260 ]
headPositionsY: [ 82, 81, 79, 79, 79, 82, 82, 79, 80, 80, 82, 79, 83, 79,
    79, 81, 82, 81, 80, 81, 81, 79, 80, 83, 82, 82, 81, 82, 81, 82, 83,
    83, 79, 81, 82, 80, 78, 79, 77, 80, 80, 82, 80, 84, 84, 81, 85, 86,
    85, 83, 85, 84, 82, 83, 85, 85, 83, 83, 87, 82, 84, 84, 83, 84, 86,
    82, 85, 84, 85, 85, 86, 85, 84, 85, 83, 84, 83, 83, 83, 83, 85, 84,
    83, 83, 86, 82, 85, 84, 84, 87, 85, 84, 85, 85, 82, 83, 83, 86, 87,
    83 ]
