%YAML:1.0
---
videoName: "headLookRight8.mp4"
gestureLabel: 204
fps: 29
pixelSizeInCmTemp: 3.1513157894736843e-01
faceCenterPointX: 218
faceCenterPointY: 80
headPositionsX: [ 216, 248, 247, 248, 251, 250, 249, 249, 247, 246, 247,
    250, 246, 248, 245, 248, 245, 249, 246, 247, 247, 245, 246, 244, 248,
    245, 246, 246, 244, 246, 245, 248, 248, 245, 247, 247, 249, 246, 244,
    247, 247, 246, 246, 247, 246, 248, 244, 245, 245, 244, 245, 246, 245,
    244, 245, 244, 248, 248, 244, 246, 246, 248, 245, 248, 247, 246, 243,
    247, 244, 244, 244, 240, 238, 236, 231, 226, 227, 221, 223, 220, 219,
    221, 217, 218, 219, 217, 216, 219, 220, 218, 219, 217, 218, 215, 219,
    219, 218, 216, 218, 216 ]
headPositionsY: [ 78, 73, 73, 74, 74, 76, 72, 72, 73, 72, 75, 73, 75, 73,
    73, 73, 75, 77, 77, 73, 75, 77, 75, 76, 79, 74, 74, 75, 77, 75, 75,
    74, 78, 75, 79, 79, 78, 77, 75, 75, 78, 79, 75, 77, 77, 79, 78, 77,
    75, 77, 74, 75, 78, 79, 75, 76, 77, 75, 76, 75, 75, 79, 77, 76, 76,
    75, 77, 78, 74, 79, 77, 79, 77, 74, 75, 76, 74, 76, 73, 75, 76, 79,
    75, 82, 75, 80, 81, 80, 80, 81, 82, 80, 76, 76, 78, 81, 78, 80, 79,
    78 ]
