%YAML:1.0
---
videoName: "headNod27.mp4"
gestureLabel: 202
fps: 29
pixelSizeInCmTemp: 3.0705128205128202e-01
faceCenterPointX: 271
faceCenterPointY: 77
headPositionsX: [ 270, 271, 271, 273, 274, 273, 273, 274, 273, 274, 270,
    275, 270, 270, 270, 270, 269, 273, 274, 271, 271, 273, 270, 271, 274,
    275, 272, 271, 272, 273, 271, 272, 271, 271, 269, 270, 267, 268, 268,
    266, 271, 270, 270, 270, 268, 268, 272, 270, 271, 269, 269, 271, 269,
    269, 271, 270, 268, 271, 268, 271, 272, 270, 271, 268, 268, 269, 268,
    265, 269, 270, 266, 270, 270, 270, 269, 271, 267, 268, 271, 268, 268,
    266, 267, 269, 269, 271, 272, 271, 273, 271, 270, 271, 272, 269, 269,
    271, 272, 269, 268, 270 ]
headPositionsY: [ 79, 71, 72, 75, 74, 72, 73, 76, 74, 74, 74, 76, 72, 75,
    73, 72, 76, 76, 76, 75, 74, 72, 68, 68, 66, 62, 62, 63, 65, 66, 69,
    77, 81, 84, 85, 83, 82, 80, 73, 69, 67, 70, 68, 66, 69, 73, 73, 76,
    78, 82, 77, 75, 75, 71, 69, 68, 70, 73, 73, 76, 79, 79, 81, 85, 82,
    77, 77, 74, 73, 72, 74, 71, 73, 78, 79, 78, 80, 80, 75, 72, 74, 70,
    69, 70, 73, 73, 74, 79, 78, 80, 81, 80, 77, 76, 76, 75, 76, 76, 75,
    75 ]
