%YAML:1.0
---
videoName: "headNod7.mp4"
gestureLabel: 202
fps: 29
pixelSizeInCmTemp: 3.2808219178082193e-01
faceCenterPointX: 261
faceCenterPointY: 71
headPositionsX: [ 259, 266, 263, 266, 264, 262, 263, 265, 266, 265, 262,
    265, 266, 264, 261, 263, 262, 264, 264, 260, 260, 260, 262, 263, 262,
    263, 261, 263, 261, 260, 264, 263, 261, 261, 261, 261, 264, 259, 262,
    262, 263, 263, 260, 263, 263, 261, 262, 263, 260, 261, 261, 261, 263,
    263, 264, 263, 259, 261, 261, 260, 260, 262, 263, 263, 262, 260, 261,
    260, 260, 262, 258, 258, 260, 261, 261, 262, 262, 261, 263, 259, 261,
    260, 260, 259, 265, 262, 260, 260, 262, 262, 262, 261, 262, 260, 264,
    261, 263, 259, 260, 260 ]
headPositionsY: [ 70, 74, 76, 73, 76, 73, 77, 74, 76, 72, 74, 70, 75, 73,
    73, 73, 76, 74, 75, 74, 76, 76, 77, 77, 75, 78, 74, 77, 76, 74, 74,
    77, 77, 75, 74, 74, 77, 76, 76, 73, 76, 73, 76, 73, 74, 74, 74, 77,
    73, 69, 68, 70, 70, 71, 75, 75, 76, 79, 79, 75, 77, 69, 71, 70, 69,
    74, 76, 79, 77, 80, 78, 74, 75, 71, 70, 68, 72, 69, 73, 75, 75, 75,
    77, 75, 78, 79, 78, 75, 74, 72, 71, 71, 69, 70, 71, 72, 72, 70, 73,
    69 ]
