%YAML:1.0
---
videoName: "headNod10.mp4"
gestureLabel: 202
fps: 29
pixelSizeInCmTemp: 3.2808219178082193e-01
faceCenterPointX: 260
faceCenterPointY: 67
headPositionsX: [ 260, 259, 257, 256, 256, 259, 260, 256, 258, 258, 259,
    257, 260, 260, 260, 257, 260, 256, 258, 257, 258, 258, 257, 260, 260,
    260, 261, 257, 260, 260, 258, 261, 259, 258, 258, 258, 259, 257, 261,
    261, 258, 259, 260, 260, 259, 263, 260, 261, 260, 259, 259, 259, 260,
    259, 260, 259, 260, 258, 257, 262, 261, 262, 261, 263, 257, 258, 259,
    259, 261, 258, 257, 259, 258, 258, 257, 260, 260, 257, 259, 257, 256,
    261, 256, 259, 260, 257, 257, 259, 262, 261, 257, 259, 257, 258, 260,
    260, 261, 260, 258, 260 ]
headPositionsY: [ 67, 72, 70, 70, 68, 68, 70, 70, 69, 72, 69, 70, 69, 69,
    68, 68, 71, 72, 69, 68, 70, 70, 71, 72, 70, 71, 70, 68, 69, 71, 69,
    68, 69, 73, 68, 70, 69, 69, 70, 69, 70, 71, 71, 70, 69, 68, 67, 60,
    60, 65, 62, 64, 67, 73, 72, 74, 72, 72, 71, 65, 67, 64, 63, 67, 64,
    71, 72, 75, 78, 75, 75, 71, 71, 68, 64, 66, 64, 65, 70, 73, 75, 77,
    74, 76, 72, 69, 67, 65, 65, 67, 64, 67, 64, 68, 67, 67, 66, 67, 68,
    69 ]
