%YAML:1.0
---
videoName: "headNod19.mp4"
gestureLabel: 202
fps: 29
pixelSizeInCmTemp: 3.1933333333333330e-01
faceCenterPointX: 255
faceCenterPointY: 81
headPositionsX: [ 255, 256, 258, 258, 255, 256, 257, 254, 257, 256, 256,
    255, 258, 252, 256, 255, 253, 251, 250, 253, 249, 251, 252, 251, 252,
    252, 252, 249, 250, 254, 252, 251, 252, 251, 255, 255, 252, 252, 255,
    256, 254, 255, 254, 253, 256, 256, 257, 256, 258, 256, 258, 255, 257,
    255, 257, 256, 255, 256, 254, 256, 257, 255, 255, 255, 257, 255, 254,
    254, 254, 257, 258, 257, 258, 254, 255, 257, 255, 254, 257, 253, 256,
    253, 255, 253, 258, 256, 255, 255, 256, 255, 255, 255, 256, 256, 256,
    254, 255, 254, 257, 256 ]
headPositionsY: [ 82, 86, 83, 83, 81, 79, 75, 78, 74, 79, 77, 78, 77, 77,
    79, 78, 78, 79, 76, 76, 78, 80, 79, 78, 81, 80, 78, 77, 79, 81, 78,
    80, 78, 81, 78, 78, 81, 76, 77, 79, 81, 78, 81, 77, 77, 79, 78, 80,
    78, 77, 77, 81, 76, 77, 79, 79, 78, 79, 77, 81, 80, 79, 80, 81, 79,
    82, 79, 79, 74, 72, 71, 74, 74, 77, 78, 81, 85, 86, 82, 80, 74, 77,
    78, 76, 82, 84, 83, 82, 85, 81, 81, 84, 81, 84, 81, 84, 82, 83, 81,
    80 ]
