%YAML:1.0
---
videoName: "headShake11.mp4"
gestureLabel: 201
fps: 29
pixelSizeInCmTemp: 3.2364864864864862e-01
faceCenterPointX: 244
faceCenterPointY: 76
headPositionsX: [ 243, 240, 242, 240, 244, 241, 245, 243, 240, 241, 240,
    244, 242, 244, 243, 240, 243, 241, 241, 241, 243, 243, 242, 242, 242,
    240, 241, 244, 246, 249, 252, 258, 260, 263, 259, 263, 261, 259, 255,
    249, 246, 237, 232, 230, 225, 226, 227, 232, 235, 241, 244, 249, 256,
    256, 260, 258, 255, 253, 249, 246, 240, 233, 232, 232, 229, 231, 237,
    237, 243, 248, 251, 257, 256, 258, 259, 256, 251, 250, 247, 242, 240,
    236, 237, 233, 234, 235, 242, 243, 243, 245, 245, 250, 249, 248, 247,
    246, 246, 248, 246, 242 ]
headPositionsY: [ 75, 70, 72, 72, 70, 70, 72, 74, 73, 75, 73, 70, 71, 71,
    73, 71, 71, 75, 71, 75, 74, 73, 71, 74, 71, 74, 71, 75, 72, 74, 74,
    74, 70, 73, 71, 70, 72, 72, 72, 74, 73, 72, 72, 76, 73, 74, 76, 74,
    75, 75, 75, 74, 72, 73, 76, 71, 73, 72, 76, 77, 75, 75, 76, 76, 78,
    74, 74, 74, 74, 75, 76, 71, 71, 71, 75, 75, 72, 76, 77, 75, 77, 72,
    76, 75, 75, 72, 76, 73, 74, 75, 75, 75, 74, 73, 74, 77, 77, 74, 74,
    74 ]
