%YAML:1.0
---
videoName: "headNod17.mp4"
gestureLabel: 202
fps: 30
pixelSizeInCmTemp: 3.2808219178082193e-01
faceCenterPointX: 253
faceCenterPointY: 76
headPositionsX: [ 255, 257, 253, 256, 253, 255, 257, 257, 254, 256, 255,
    254, 254, 256, 253, 254, 253, 257, 256, 254, 253, 257, 254, 253, 257,
    254, 253, 257, 258, 253, 254, 258, 254, 258, 257, 256, 253, 254, 255,
    254, 256, 251, 253, 254, 252, 253, 255, 254, 254, 251, 252, 252, 255,
    256, 257, 255, 253, 256, 257, 253, 256, 256, 257, 255, 254, 255, 255,
    254, 254, 252, 255, 254, 256, 253, 253, 252, 257, 252, 255, 253, 253,
    255, 254, 255, 254, 253, 256, 256, 255, 255, 254, 256, 256, 254, 257,
    253, 253, 255, 254, 254 ]
headPositionsY: [ 77, 80, 76, 75, 77, 80, 76, 80, 74, 79, 78, 76, 77, 77,
    76, 77, 78, 75, 79, 79, 78, 76, 74, 73, 74, 68, 69, 70, 66, 68, 64,
    68, 68, 70, 67, 70, 69, 71, 73, 76, 79, 82, 81, 85, 87, 84, 82, 81,
    83, 77, 76, 77, 73, 73, 70, 72, 69, 68, 70, 72, 69, 71, 75, 73, 78,
    77, 82, 80, 79, 80, 79, 79, 77, 74, 79, 77, 80, 80, 78, 79, 78, 76,
    76, 75, 76, 76, 79, 77, 79, 76, 76, 75, 79, 77, 80, 78, 80, 76, 78,
    75 ]
