%YAML:1.0
---
videoName: "headLookDown6.mp4"
gestureLabel: 206
fps: 29
pixelSizeInCmTemp: 3.4710144927536229e-01
faceCenterPointX: 276
faceCenterPointY: 98
headPositionsX: [ 276, 276, 275, 273, 274, 275, 273, 272, 276, 273, 276,
    276, 276, 277, 274, 273, 277, 275, 274, 278, 276, 277, 277, 278, 275,
    273, 276, 277, 273, 277, 274, 276, 274, 277, 274, 277, 274, 277, 274,
    272, 276, 274, 274, 276, 274, 276, 278, 278, 277, 276, 274, 273, 273,
    275, 278, 273, 276, 274, 274, 274, 272, 273, 275, 276, 275, 276, 274,
    276, 276, 274, 273, 275, 273, 274, 276, 274, 276, 274, 276, 275, 276,
    273, 277, 275, 274, 274, 276, 275, 276, 275, 276, 278, 275, 278, 276,
    275, 276, 274, 278, 276 ]
headPositionsY: [ 100, 79, 79, 80, 83, 80, 83, 80, 79, 80, 82, 83, 83,
    83, 81, 83, 79, 80, 80, 82, 84, 84, 81, 80, 81, 82, 81, 81, 85, 84,
    82, 81, 82, 81, 85, 81, 84, 84, 83, 85, 81, 87, 85, 85, 85, 86, 90,
    89, 91, 93, 93, 92, 93, 94, 94, 96, 98, 95, 98, 97, 96, 96, 98, 100,
    97, 100, 97, 96, 97, 98, 95, 98, 100, 97, 99, 99, 101, 101, 97, 99,
    99, 100, 98, 99, 99, 96, 101, 97, 98, 100, 100, 100, 99, 99, 95, 98,
    98, 96, 96, 98 ]
