%YAML:1.0
---
videoName: "headShake30.mp4"
gestureLabel: 201
fps: 29
pixelSizeInCmTemp: 3.2808219178082193e-01
faceCenterPointX: 240
faceCenterPointY: 68
headPositionsX: [ 238, 232, 235, 235, 230, 232, 231, 234, 236, 237, 233,
    236, 235, 237, 237, 241, 239, 240, 242, 241, 242, 244, 244, 242, 245,
    244, 241, 244, 242, 242, 242, 240, 238, 242, 239, 240, 239, 242, 244,
    247, 250, 255, 259, 260, 258, 260, 256, 253, 252, 246, 240, 229, 227,
    222, 222, 223, 227, 236, 238, 246, 249, 253, 250, 251, 244, 242, 238,
    230, 227, 228, 230, 229, 234, 238, 240, 245, 250, 251, 251, 247, 248,
    243, 240, 236, 237, 235, 237, 239, 235, 241, 239, 238, 241, 240, 238,
    240, 239, 241, 242, 238 ]
headPositionsY: [ 68, 57, 56, 55, 60, 61, 60, 60, 62, 64, 62, 63, 64, 67,
    67, 65, 63, 63, 64, 65, 66, 65, 67, 63, 66, 67, 66, 68, 68, 66, 67,
    64, 66, 65, 65, 68, 66, 68, 65, 68, 63, 67, 63, 67, 66, 67, 64, 68,
    66, 68, 66, 67, 67, 68, 70, 68, 67, 67, 68, 68, 65, 65, 67, 70, 70,
    69, 69, 70, 69, 67, 69, 71, 69, 69, 69, 65, 67, 68, 69, 65, 67, 67,
    67, 67, 65, 69, 68, 67, 65, 68, 69, 69, 70, 68, 70, 67, 70, 67, 70,
    66 ]
