%YAML:1.0
---
videoName: "headLookRight9.mp4"
gestureLabel: 204
fps: 29
pixelSizeInCmTemp: 2.8511904761904761e-01
faceCenterPointX: 217
faceCenterPointY: 75
headPositionsX: [ 215, 243, 245, 245, 242, 241, 245, 241, 245, 242, 246,
    242, 242, 244, 245, 243, 244, 243, 243, 242, 243, 244, 244, 243, 241,
    245, 241, 244, 242, 240, 244, 237, 235, 236, 234, 228, 226, 223, 220,
    220, 218, 217, 214, 214, 217, 215, 217, 213, 217, 213, 217, 217, 212,
    214, 212, 215, 213, 213, 215, 217, 213, 215, 219, 214, 221, 217, 214,
    214, 213, 215, 215, 210, 211, 217, 214, 213, 213, 216, 216, 217, 215,
    217, 213, 215, 214, 218, 215, 215, 215, 216, 219, 213, 216, 218, 216,
    218, 218, 217, 218, 218 ]
headPositionsY: [ 75, 73, 74, 74, 73, 73, 72, 75, 75, 73, 74, 75, 75, 75,
    73, 76, 72, 72, 74, 76, 74, 76, 75, 74, 72, 75, 75, 76, 75, 73, 76,
    73, 73, 75, 75, 75, 72, 70, 72, 75, 73, 70, 70, 79, 71, 71, 73, 73,
    73, 72, 70, 73, 70, 72, 75, 72, 73, 75, 70, 74, 69, 73, 72, 74, 77,
    77, 71, 76, 70, 71, 69, 79, 76, 69, 74, 74, 73, 73, 72, 73, 71, 69,
    70, 74, 73, 71, 72, 73, 74, 72, 74, 73, 72, 73, 70, 71, 77, 76, 72,
    79 ]
