%YAML:1.0
---
videoName: "headNod23.mp4"
gestureLabel: 202
fps: 29
pixelSizeInCmTemp: 3.1933333333333330e-01
faceCenterPointX: 273
faceCenterPointY: 75
headPositionsX: [ 272, 271, 277, 277, 276, 275, 274, 276, 272, 276, 272,
    275, 275, 275, 275, 273, 275, 273, 273, 272, 273, 277, 273, 272, 273,
    275, 273, 276, 273, 275, 274, 274, 274, 275, 273, 274, 272, 273, 273,
    273, 272, 272, 272, 274, 272, 273, 270, 273, 274, 276, 275, 274, 275,
    274, 274, 276, 273, 272, 275, 272, 273, 273, 271, 273, 273, 273, 272,
    275, 273, 274, 272, 276, 276, 275, 272, 274, 272, 274, 273, 274, 275,
    273, 275, 274, 276, 272, 273, 273, 272, 275, 272, 275, 271, 276, 274,
    274, 274, 273, 276, 274 ]
headPositionsY: [ 77, 78, 76, 75, 77, 77, 76, 77, 79, 74, 74, 78, 77, 77,
    79, 76, 79, 74, 76, 76, 75, 77, 79, 74, 73, 74, 69, 70, 66, 66, 64,
    62, 66, 65, 66, 73, 72, 75, 77, 79, 81, 83, 81, 80, 79, 73, 72, 68,
    66, 69, 65, 67, 67, 71, 71, 73, 74, 78, 77, 78, 79, 75, 73, 74, 69,
    70, 69, 71, 71, 73, 70, 73, 73, 75, 80, 77, 78, 80, 76, 77, 76, 74,
    74, 74, 76, 72, 72, 72, 74, 74, 76, 73, 77, 75, 75, 78, 78, 76, 76,
    77 ]
