%YAML:1.0
---
videoName: "headNod31.mp4"
gestureLabel: 202
fps: 29
pixelSizeInCmTemp: 2.8855421686746985e-01
faceCenterPointX: 267
faceCenterPointY: 75
headPositionsX: [ 265, 269, 269, 271, 268, 270, 268, 269, 269, 270, 270,
    269, 268, 270, 269, 268, 268, 266, 266, 269, 266, 266, 267, 265, 265,
    265, 268, 264, 270, 268, 270, 270, 272, 271, 271, 269, 270, 269, 268,
    270, 266, 269, 266, 265, 264, 269, 267, 265, 269, 265, 267, 268, 266,
    265, 265, 264, 267, 267, 266, 265, 268, 265, 264, 265, 266, 269, 268,
    265, 266, 267, 264, 264, 265, 265, 265, 265, 265, 265, 267, 269, 270,
    264, 265, 264, 269, 268, 265, 266, 269, 265, 268, 269, 267, 267, 266,
    268, 269, 269, 268, 265 ]
headPositionsY: [ 73, 73, 76, 74, 75, 72, 72, 66, 68, 65, 64, 67, 66, 64,
    76, 80, 83, 85, 88, 84, 84, 84, 81, 79, 74, 73, 71, 71, 66, 68, 69,
    68, 71, 74, 76, 82, 86, 84, 85, 88, 87, 82, 80, 75, 76, 73, 75, 74,
    76, 77, 82, 84, 85, 86, 81, 80, 76, 75, 73, 72, 71, 72, 67, 70, 73,
    73, 75, 79, 77, 83, 80, 80, 77, 77, 75, 73, 73, 70, 73, 72, 74, 74,
    74, 77, 78, 77, 79, 77, 76, 75, 75, 76, 75, 76, 76, 76, 76, 76, 77,
    77 ]
