%YAML:1.0
---
videoName: "headShake20.mp4"
gestureLabel: 201
fps: 29
pixelSizeInCmTemp: 3.3263888888888887e-01
faceCenterPointX: 242
faceCenterPointY: 78
headPositionsX: [ 242, 243, 242, 243, 244, 244, 245, 241, 242, 242, 244,
    242, 245, 241, 241, 243, 241, 244, 245, 244, 242, 241, 245, 241, 245,
    242, 245, 241, 243, 243, 243, 243, 244, 245, 245, 241, 245, 241, 246,
    244, 248, 253, 254, 258, 260, 261, 256, 252, 250, 242, 235, 234, 233,
    231, 228, 231, 240, 245, 249, 253, 254, 254, 251, 246, 244, 236, 233,
    234, 233, 231, 237, 237, 241, 242, 246, 247, 245, 246, 244, 243, 238,
    242, 239, 242, 242, 241, 246, 245, 241, 246, 244, 246, 242, 242, 243,
    242, 241, 243, 243, 242 ]
headPositionsY: [ 79, 75, 76, 78, 75, 75, 76, 75, 77, 78, 74, 75, 78, 78,
    76, 76, 78, 79, 74, 78, 74, 78, 74, 75, 78, 78, 75, 77, 76, 75, 75,
    76, 78, 78, 77, 77, 75, 76, 78, 75, 75, 76, 75, 75, 74, 75, 74, 75,
    80, 75, 74, 77, 78, 74, 75, 76, 78, 74, 75, 75, 74, 75, 75, 77, 77,
    74, 75, 79, 75, 78, 75, 76, 77, 76, 78, 76, 76, 75, 76, 78, 79, 77,
    76, 75, 75, 79, 79, 75, 75, 78, 77, 79, 74, 79, 76, 75, 79, 75, 76,
    75 ]
