%YAML:1.0
---
videoName: "headNod12.mp4"
gestureLabel: 202
fps: 29
pixelSizeInCmTemp: 3.2808219178082193e-01
faceCenterPointX: 254
faceCenterPointY: 69
headPositionsX: [ 253, 252, 255, 255, 255, 251, 256, 254, 256, 254, 256,
    259, 254, 255, 255, 259, 257, 255, 257, 258, 255, 257, 258, 255, 258,
    257, 255, 257, 257, 254, 256, 257, 256, 256, 257, 255, 256, 255, 256,
    252, 252, 257, 253, 252, 252, 254, 255, 256, 252, 257, 254, 254, 256,
    255, 256, 253, 252, 253, 252, 256, 252, 253, 256, 254, 255, 254, 256,
    257, 256, 253, 256, 253, 254, 256, 254, 253, 256, 257, 253, 257, 252,
    253, 253, 257, 256, 252, 254, 255, 256, 256, 254, 257, 253, 255, 256,
    256, 253, 255, 252, 256 ]
headPositionsY: [ 69, 74, 71, 76, 74, 71, 73, 72, 75, 76, 73, 73, 73, 75,
    72, 71, 74, 72, 75, 74, 74, 74, 76, 75, 75, 75, 76, 75, 74, 76, 77,
    73, 76, 71, 71, 71, 69, 69, 68, 64, 64, 60, 61, 60, 66, 67, 69, 72,
    74, 75, 78, 81, 78, 77, 76, 75, 72, 67, 68, 63, 63, 61, 63, 64, 63,
    70, 70, 69, 71, 73, 78, 74, 78, 75, 72, 71, 67, 68, 67, 66, 68, 67,
    67, 65, 67, 68, 70, 73, 71, 74, 72, 72, 71, 73, 73, 70, 69, 70, 70,
    72 ]
