%YAML:1.0
---
videoName: "headShake44.mp4"
gestureLabel: 201
fps: 30
pixelSizeInCmTemp: 3.2808219178082193e-01
faceCenterPointX: 260
faceCenterPointY: 84
headPositionsX: [ 258, 261, 259, 263, 261, 259, 259, 260, 262, 260, 260,
    261, 260, 261, 259, 260, 260, 263, 263, 260, 261, 263, 263, 263, 260,
    260, 260, 260, 259, 262, 261, 262, 262, 259, 262, 261, 261, 258, 263,
    263, 264, 269, 272, 276, 277, 276, 270, 265, 262, 254, 252, 251, 250,
    254, 257, 264, 266, 270, 272, 272, 267, 260, 258, 253, 254, 254, 258,
    265, 268, 271, 270, 272, 268, 260, 257, 255, 254, 253, 253, 256, 258,
    261, 261, 263, 263, 264, 263, 263, 263, 260, 259, 260, 259, 261, 259,
    260, 260, 259, 261, 263 ]
headPositionsY: [ 82, 85, 81, 84, 81, 81, 83, 81, 84, 83, 84, 84, 82, 80,
    85, 83, 83, 81, 82, 80, 84, 80, 85, 81, 85, 82, 84, 84, 84, 84, 84,
    83, 82, 81, 84, 80, 81, 83, 85, 85, 85, 83, 83, 80, 82, 83, 84, 83,
    83, 86, 86, 86, 86, 84, 84, 85, 86, 82, 85, 86, 86, 83, 85, 85, 85,
    85, 85, 85, 81, 81, 83, 83, 83, 86, 82, 82, 83, 84, 82, 83, 84, 84,
    86, 84, 83, 86, 83, 85, 84, 83, 83, 82, 83, 83, 83, 85, 84, 84, 84,
    84 ]
