%YAML:1.0
---
videoName: "headShake4.mp4"
gestureLabel: 201
fps: 30
pixelSizeInCmTemp: 3.2364864864864862e-01
faceCenterPointX: 237
faceCenterPointY: 101
headPositionsX: [ 238, 244, 244, 246, 251, 255, 256, 252, 252, 250, 244,
    237, 231, 225, 226, 222, 224, 231, 238, 242, 250, 253, 253, 250, 250,
    244, 238, 235, 229, 225, 221, 222, 227, 231, 236, 239, 244, 249, 253,
    254, 257, 253, 249, 246, 236, 230, 231, 226, 223, 223, 229, 230, 233,
    238, 241, 248, 246, 249, 247, 249, 246, 243, 242, 238, 236, 234, 231,
    230, 230, 230, 233, 232, 236, 238, 240, 238, 243, 244, 239, 240, 239,
    241, 239, 237, 240, 238, 235, 239, 237, 239, 236, 235, 237, 238, 237,
    237, 236, 239, 239, 236 ]
headPositionsY: [ 99, 97, 99, 100, 101, 98, 98, 97, 100, 98, 102, 99, 97,
    100, 99, 97, 97, 99, 99, 99, 99, 98, 98, 100, 99, 102, 102, 99, 97,
    96, 99, 101, 96, 96, 98, 100, 99, 101, 96, 97, 100, 98, 100, 100,
    101, 100, 99, 100, 101, 99, 98, 100, 100, 102, 100, 101, 101, 100,
    98, 99, 98, 101, 101, 100, 100, 99, 102, 98, 97, 99, 102, 99, 99, 99,
    100, 98, 99, 101, 103, 99, 98, 101, 100, 101, 102, 101, 102, 98, 98,
    99, 99, 98, 101, 102, 101, 103, 102, 99, 101, 100 ]
