%YAML:1.0
---
videoName: "headNod3.mp4"
gestureLabel: 202
fps: 29
pixelSizeInCmTemp: 3.1933333333333330e-01
faceCenterPointX: 264
faceCenterPointY: 76
headPositionsX: [ 265, 265, 265, 262, 264, 265, 264, 265, 266, 264, 268,
    267, 264, 266, 264, 266, 264, 266, 263, 265, 262, 265, 265, 267, 265,
    264, 267, 266, 267, 264, 267, 265, 266, 266, 265, 266, 265, 265, 268,
    265, 268, 267, 268, 263, 266, 265, 264, 263, 268, 266, 264, 266, 264,
    266, 262, 262, 265, 262, 264, 262, 263, 261, 264, 265, 264, 263, 262,
    266, 264, 265, 266, 262, 264, 265, 262, 261, 262, 264, 262, 263, 261,
    262, 263, 263, 266, 263, 264, 262, 262, 262, 263, 265, 263, 264, 263,
    264, 262, 264, 262, 263 ]
headPositionsY: [ 75, 75, 75, 77, 78, 74, 74, 77, 74, 75, 76, 72, 72, 72,
    71, 75, 73, 73, 72, 73, 70, 74, 74, 71, 74, 71, 73, 74, 73, 76, 73,
    74, 77, 72, 75, 73, 72, 76, 74, 76, 77, 72, 77, 73, 73, 70, 70, 66,
    64, 67, 69, 71, 72, 75, 78, 78, 81, 83, 84, 76, 76, 71, 70, 70, 68,
    67, 67, 74, 72, 78, 79, 80, 81, 81, 75, 74, 73, 69, 67, 64, 68, 66,
    70, 71, 75, 75, 77, 78, 78, 79, 78, 77, 77, 79, 75, 79, 75, 75, 74,
    74 ]
