%YAML:1.0
---
videoName: "headLookRight5.mp4"
gestureLabel: 204
fps: 29
pixelSizeInCmTemp: 3.1513157894736843e-01
faceCenterPointX: 228
faceCenterPointY: 76
headPositionsX: [ 227, 251, 251, 252, 252, 247, 248, 252, 250, 247, 251,
    249, 248, 247, 252, 247, 247, 249, 249, 248, 248, 247, 250, 250, 249,
    251, 249, 250, 251, 250, 247, 250, 249, 247, 245, 242, 238, 235, 235,
    231, 232, 231, 227, 226, 223, 226, 223, 223, 225, 227, 225, 225, 222,
    226, 226, 226, 226, 225, 223, 223, 227, 220, 229, 225, 229, 229, 224,
    224, 226, 225, 227, 223, 227, 227, 227, 228, 226, 227, 224, 226, 223,
    224, 224, 226, 225, 227, 225, 223, 226, 227, 221, 227, 224, 227, 226,
    225, 223, 225, 225, 223 ]
headPositionsY: [ 77, 74, 76, 74, 76, 76, 73, 75, 74, 74, 73, 75, 76, 72,
    77, 75, 73, 74, 73, 77, 74, 73, 73, 75, 72, 73, 73, 73, 73, 77, 73,
    74, 77, 73, 73, 74, 73, 71, 73, 71, 75, 73, 74, 74, 72, 73, 71, 73,
    72, 73, 73, 74, 76, 74, 76, 73, 75, 76, 73, 76, 76, 75, 73, 73, 75,
    74, 77, 75, 75, 74, 72, 74, 75, 74, 71, 74, 73, 74, 72, 69, 76, 74,
    73, 74, 71, 73, 74, 71, 76, 77, 73, 75, 76, 74, 72, 72, 76, 73, 75,
    72 ]
