%YAML:1.0
---
videoName: "headShake18.mp4"
gestureLabel: 201
fps: 30
pixelSizeInCmTemp: 3.2808219178082193e-01
faceCenterPointX: 240
faceCenterPointY: 77
headPositionsX: [ 242, 240, 242, 243, 242, 239, 242, 241, 240, 243, 239,
    241, 243, 243, 243, 238, 241, 242, 242, 240, 243, 240, 238, 239, 242,
    240, 241, 241, 241, 239, 241, 240, 237, 241, 239, 242, 241, 246, 247,
    253, 254, 254, 249, 251, 245, 242, 238, 236, 233, 230, 229, 229, 237,
    239, 244, 246, 250, 251, 247, 248, 242, 238, 239, 234, 233, 236, 234,
    235, 240, 238, 244, 242, 247, 246, 246, 242, 242, 236, 239, 236, 237,
    237, 237, 239, 238, 241, 244, 244, 244, 243, 241, 242, 244, 241, 241,
    240, 242, 240, 238, 240 ]
headPositionsY: [ 79, 75, 77, 77, 75, 76, 77, 74, 73, 76, 77, 77, 75, 76,
    75, 74, 75, 78, 77, 77, 73, 77, 74, 75, 74, 77, 74, 77, 76, 78, 79,
    77, 76, 75, 77, 76, 76, 75, 74, 75, 77, 77, 76, 78, 75, 75, 76, 76,
    75, 74, 74, 77, 79, 75, 77, 79, 77, 77, 74, 79, 74, 77, 75, 78, 75,
    79, 79, 75, 75, 76, 79, 78, 76, 79, 80, 78, 76, 78, 75, 77, 77, 76,
    77, 79, 75, 77, 77, 79, 79, 79, 78, 77, 79, 77, 76, 78, 79, 79, 76,
    75 ]
