%YAML:1.0
---
videoName: "headNod39.mp4"
gestureLabel: 202
fps: 29
pixelSizeInCmTemp: 2.9937500000000000e-01
faceCenterPointX: 268
faceCenterPointY: 78
headPositionsX: [ 267, 266, 265, 268, 267, 270, 271, 266, 269, 269, 266,
    266, 266, 269, 271, 267, 267, 271, 268, 267, 268, 271, 269, 269, 267,
    271, 271, 270, 269, 267, 268, 267, 266, 267, 267, 270, 269, 269, 268,
    268, 267, 266, 268, 268, 266, 270, 267, 265, 269, 269, 268, 269, 268,
    266, 268, 265, 269, 266, 265, 264, 267, 265, 268, 266, 267, 269, 267,
    266, 264, 268, 267, 269, 268, 268, 267, 269, 266, 269, 267, 268, 266,
    266, 268, 265, 267, 269, 267, 268, 267, 266, 265, 265, 269, 269, 265,
    270, 268, 268, 270, 265 ]
headPositionsY: [ 76, 77, 75, 76, 77, 78, 79, 78, 75, 78, 76, 77, 78, 74,
    76, 75, 76, 77, 74, 74, 78, 79, 77, 74, 75, 76, 76, 77, 77, 77, 79,
    78, 77, 79, 78, 76, 79, 79, 78, 81, 80, 85, 87, 86, 86, 81, 78, 75,
    74, 77, 77, 74, 74, 77, 79, 83, 89, 93, 89, 90, 87, 83, 80, 74, 72,
    72, 73, 73, 80, 79, 84, 85, 84, 79, 80, 77, 77, 77, 77, 75, 78, 80,
    81, 81, 79, 81, 78, 79, 77, 80, 77, 78, 79, 78, 79, 76, 79, 79, 78,
    79 ]
