%YAML:1.0
---
videoName: "headShake44.mp4"
gestureLabel: 201
fps: 30
pixelSizeInCmTemp: 3.2808219178082193e-01
faceCenterPointX: 260
faceCenterPointY: 84
headPositionsX: [ 258, 260, 261, 263, 263, 261, 258, 260, 259, 260, 260,
    262, 259, 262, 261, 261, 261, 259, 260, 263, 261, 259, 259, 261, 262,
    262, 262, 262, 262, 262, 262, 260, 262, 263, 258, 258, 259, 259, 260,
    262, 268, 267, 273, 273, 273, 276, 273, 269, 264, 256, 254, 253, 248,
    250, 254, 264, 266, 272, 273, 270, 265, 264, 259, 256, 255, 257, 257,
    266, 267, 271, 272, 270, 265, 260, 255, 255, 251, 251, 255, 253, 258,
    257, 261, 261, 263, 263, 263, 261, 262, 260, 263, 261, 260, 261, 259,
    261, 260, 259, 260, 260 ]
headPositionsY: [ 86, 84, 80, 80, 85, 83, 81, 85, 83, 84, 81, 80, 85, 81,
    84, 80, 81, 82, 85, 83, 84, 81, 81, 84, 85, 83, 82, 85, 84, 82, 85,
    82, 84, 83, 83, 84, 82, 81, 83, 82, 81, 81, 81, 82, 80, 83, 82, 83,
    86, 86, 85, 83, 84, 86, 84, 84, 86, 82, 82, 83, 83, 86, 85, 82, 84,
    83, 84, 85, 83, 83, 85, 82, 85, 84, 82, 83, 84, 82, 86, 86, 84, 82,
    86, 85, 84, 82, 84, 83, 84, 83, 83, 86, 84, 83, 83, 86, 82, 86, 83,
    83 ]
