%YAML:1.0
---
videoName: "headShake21.mp4"
gestureLabel: 201
fps: 29
pixelSizeInCmTemp: 3.1933333333333330e-01
faceCenterPointX: 241
faceCenterPointY: 78
headPositionsX: [ 241, 243, 242, 245, 244, 240, 244, 240, 239, 244, 239,
    240, 244, 241, 240, 243, 240, 240, 242, 244, 241, 243, 243, 243, 245,
    241, 244, 244, 243, 242, 243, 243, 242, 244, 243, 244, 242, 241, 242,
    243, 242, 240, 239, 241, 243, 244, 240, 244, 240, 242, 242, 242, 243,
    243, 244, 242, 240, 241, 242, 244, 240, 242, 240, 241, 242, 242, 237,
    243, 244, 250, 251, 251, 250, 247, 247, 241, 237, 233, 235, 232, 236,
    235, 237, 244, 242, 242, 244, 241, 240, 238, 240, 240, 241, 240, 237,
    243, 239, 240, 240, 241 ]
headPositionsY: [ 79, 82, 80, 79, 78, 76, 75, 72, 73, 74, 71, 71, 70, 70,
    71, 73, 70, 70, 73, 73, 70, 70, 70, 74, 71, 75, 74, 74, 77, 77, 73,
    76, 76, 77, 74, 76, 78, 78, 79, 74, 75, 77, 76, 77, 80, 78, 77, 79,
    78, 77, 76, 79, 77, 77, 81, 79, 80, 77, 77, 80, 75, 79, 78, 78, 77,
    77, 77, 76, 77, 75, 79, 75, 78, 77, 76, 80, 77, 80, 76, 77, 79, 79,
    75, 81, 77, 79, 79, 79, 76, 79, 81, 76, 79, 78, 76, 78, 81, 79, 80,
    80 ]
