%YAML:1.0
---
videoName: "headShake32.mp4"
gestureLabel: 201
fps: 29
pixelSizeInCmTemp: 3.2808219178082193e-01
faceCenterPointX: 237
faceCenterPointY: 77
headPositionsX: [ 236, 234, 237, 235, 238, 237, 238, 237, 237, 240, 240,
    240, 241, 238, 239, 242, 238, 240, 242, 239, 243, 239, 242, 242, 241,
    239, 240, 239, 238, 240, 241, 240, 236, 240, 241, 240, 238, 238, 240,
    244, 244, 246, 245, 250, 249, 252, 252, 253, 252, 252, 249, 246, 245,
    244, 240, 241, 239, 233, 233, 231, 228, 228, 225, 228, 226, 228, 225,
    231, 231, 232, 235, 235, 240, 243, 247, 249, 250, 252, 247, 248, 246,
    245, 244, 247, 243, 244, 240, 240, 239, 239, 238, 236, 235, 236, 239,
    239, 240, 236, 238, 236 ]
headPositionsY: [ 77, 73, 76, 74, 72, 71, 71, 71, 74, 75, 75, 75, 73, 73,
    71, 72, 76, 74, 71, 75, 73, 75, 74, 75, 75, 73, 76, 75, 77, 75, 73,
    76, 73, 74, 74, 77, 73, 72, 74, 74, 76, 73, 74, 73, 73, 71, 72, 72,
    75, 73, 71, 74, 75, 76, 77, 74, 76, 75, 76, 78, 75, 73, 76, 77, 76,
    74, 76, 75, 76, 75, 76, 77, 77, 74, 76, 75, 76, 75, 75, 77, 75, 76,
    75, 76, 75, 75, 76, 79, 79, 78, 77, 76, 77, 78, 79, 76, 76, 79, 79,
    77 ]
