%YAML:1.0
---
videoName: "headShake28.mp4"
gestureLabel: 201
fps: 29
pixelSizeInCmTemp: 3.2808219178082193e-01
faceCenterPointX: 242
faceCenterPointY: 80
headPositionsX: [ 244, 243, 240, 240, 243, 240, 241, 243, 239, 241, 241,
    242, 242, 244, 241, 243, 244, 239, 239, 240, 244, 242, 241, 243, 239,
    243, 243, 244, 243, 241, 241, 243, 242, 242, 242, 240, 245, 243, 241,
    244, 243, 244, 244, 243, 243, 245, 244, 245, 245, 245, 241, 234, 232,
    230, 232, 234, 238, 245, 249, 252, 253, 258, 255, 248, 248, 243, 238,
    234, 233, 233, 237, 242, 249, 252, 253, 257, 252, 251, 250, 247, 243,
    242, 240, 239, 236, 237, 239, 237, 238, 243, 245, 242, 243, 244, 241,
    240, 242, 243, 244, 240 ]
headPositionsY: [ 82, 75, 79, 77, 76, 76, 77, 79, 78, 80, 78, 76, 78, 77,
    78, 78, 80, 80, 77, 78, 77, 77, 79, 80, 78, 81, 79, 81, 78, 79, 79,
    76, 80, 79, 78, 78, 78, 78, 78, 78, 77, 78, 80, 77, 76, 79, 77, 77,
    79, 76, 75, 77, 78, 78, 77, 75, 80, 79, 79, 77, 78, 76, 76, 77, 76,
    78, 76, 80, 79, 79, 78, 77, 80, 79, 78, 79, 78, 80, 77, 79, 78, 81,
    81, 79, 77, 80, 80, 77, 80, 78, 78, 80, 78, 82, 79, 79, 81, 80, 81,
    79 ]
