%YAML:1.0
---
videoName: "headNod19.mp4"
gestureLabel: 202
fps: 29
pixelSizeInCmTemp: 3.1933333333333330e-01
faceCenterPointX: 255
faceCenterPointY: 81
headPositionsX: [ 255, 259, 257, 258, 257, 258, 256, 258, 254, 258, 255,
    257, 254, 253, 253, 257, 255, 252, 251, 251, 249, 250, 249, 251, 250,
    252, 251, 251, 248, 253, 248, 252, 251, 255, 255, 251, 254, 256, 252,
    253, 253, 254, 253, 255, 257, 256, 253, 258, 256, 257, 256, 254, 257,
    254, 258, 255, 254, 258, 256, 254, 258, 252, 254, 258, 256, 256, 256,
    256, 256, 254, 258, 258, 255, 257, 258, 253, 256, 256, 253, 253, 255,
    254, 254, 257, 256, 256, 255, 255, 253, 255, 255, 254, 253, 257, 254,
    256, 258, 253, 257, 257 ]
headPositionsY: [ 83, 86, 85, 80, 79, 76, 77, 79, 77, 79, 76, 77, 78, 75,
    75, 75, 75, 79, 78, 80, 76, 80, 79, 77, 78, 80, 78, 79, 77, 78, 77,
    80, 78, 77, 77, 78, 78, 79, 76, 79, 80, 77, 78, 78, 81, 78, 76, 80,
    79, 77, 78, 80, 78, 78, 81, 77, 76, 79, 79, 81, 78, 79, 80, 81, 79,
    80, 79, 77, 77, 74, 71, 74, 73, 77, 81, 82, 83, 83, 82, 80, 75, 74,
    75, 80, 81, 82, 84, 85, 84, 83, 83, 83, 83, 84, 81, 81, 83, 80, 81,
    81 ]
