%YAML:1.0
---
videoName: "headNod12.mp4"
gestureLabel: 202
fps: 29
pixelSizeInCmTemp: 3.2808219178082193e-01
faceCenterPointX: 254
faceCenterPointY: 69
headPositionsX: [ 255, 254, 252, 252, 254, 255, 254, 255, 254, 254, 254,
    256, 255, 256, 256, 258, 256, 258, 255, 256, 254, 256, 258, 253, 255,
    258, 259, 255, 254, 254, 256, 253, 255, 254, 256, 254, 252, 254, 253,
    256, 253, 253, 255, 255, 252, 255, 257, 256, 255, 254, 252, 255, 253,
    252, 254, 251, 253, 252, 254, 255, 252, 255, 257, 256, 253, 255, 254,
    254, 252, 254, 255, 256, 255, 254, 255, 252, 256, 255, 252, 253, 254,
    253, 254, 253, 254, 254, 252, 256, 253, 254, 256, 253, 253, 254, 255,
    255, 253, 253, 255, 255 ]
headPositionsY: [ 70, 74, 71, 74, 73, 71, 72, 73, 73, 74, 76, 77, 75, 73,
    72, 74, 73, 73, 73, 72, 74, 71, 75, 72, 75, 73, 76, 74, 73, 76, 77,
    73, 74, 71, 71, 69, 70, 70, 67, 63, 64, 64, 62, 62, 64, 64, 67, 69,
    71, 73, 78, 77, 78, 76, 78, 73, 73, 65, 64, 64, 63, 63, 63, 63, 65,
    69, 70, 71, 71, 72, 74, 77, 77, 76, 72, 69, 70, 70, 70, 65, 64, 67,
    68, 67, 67, 67, 69, 73, 71, 74, 72, 74, 71, 73, 73, 73, 70, 70, 71,
    68 ]
