%YAML:1.0
---
videoName: "headShake14.mp4"
gestureLabel: 201
fps: 29
pixelSizeInCmTemp: 3.2364864864864862e-01
faceCenterPointX: 244
faceCenterPointY: 76
headPositionsX: [ 245, 248, 243, 245, 245, 245, 245, 243, 246, 247, 245,
    243, 247, 247, 243, 247, 244, 245, 245, 246, 243, 246, 246, 247, 247,
    249, 251, 252, 256, 257, 261, 260, 259, 258, 256, 251, 246, 241, 236,
    228, 226, 223, 227, 229, 232, 236, 241, 250, 250, 254, 254, 255, 253,
    252, 247, 242, 240, 234, 233, 233, 232, 233, 233, 238, 243, 241, 246,
    249, 249, 250, 247, 251, 251, 250, 248, 242, 246, 243, 242, 240, 242,
    240, 241, 240, 243, 243, 242, 244, 245, 246, 245, 247, 245, 247, 245,
    243, 242, 246, 244, 242 ]
headPositionsY: [ 78, 77, 77, 73, 76, 74, 74, 73, 74, 73, 74, 78, 76, 75,
    73, 73, 77, 75, 75, 76, 73, 78, 74, 74, 77, 75, 73, 74, 75, 72, 72,
    71, 74, 74, 74, 77, 77, 75, 78, 74, 75, 73, 74, 73, 75, 75, 77, 73,
    75, 71, 74, 74, 71, 74, 76, 76, 76, 76, 76, 75, 73, 76, 76, 75, 76,
    77, 76, 77, 74, 77, 78, 77, 78, 77, 76, 76, 75, 75, 75, 76, 73, 77,
    75, 74, 77, 77, 75, 76, 75, 75, 77, 74, 76, 77, 77, 75, 76, 78, 75,
    75 ]
