%YAML:1.0
---
videoName: "headShake5.mp4"
gestureLabel: 201
fps: 30
pixelSizeInCmTemp: 3.3263888888888887e-01
faceCenterPointX: 275
faceCenterPointY: 73
headPositionsX: [ 275, 278, 278, 275, 279, 276, 277, 278, 278, 278, 280,
    278, 280, 277, 280, 276, 276, 276, 276, 279, 279, 280, 279, 275, 278,
    275, 276, 278, 278, 275, 278, 279, 281, 278, 283, 284, 290, 292, 297,
    296, 295, 294, 290, 283, 277, 270, 267, 262, 265, 263, 268, 272, 282,
    286, 290, 289, 287, 283, 279, 274, 267, 261, 264, 265, 265, 270, 276,
    281, 284, 286, 287, 283, 279, 280, 271, 270, 266, 265, 267, 269, 271,
    274, 276, 277, 280, 283, 282, 280, 283, 279, 282, 281, 278, 275, 275,
    276, 275, 276, 274, 275 ]
headPositionsY: [ 72, 72, 73, 72, 71, 71, 73, 75, 75, 75, 73, 74, 76, 75,
    75, 72, 75, 74, 75, 72, 72, 74, 74, 72, 74, 72, 74, 73, 72, 76, 72,
    73, 71, 71, 75, 73, 73, 70, 71, 73, 72, 72, 70, 71, 72, 72, 71, 72,
    71, 73, 73, 74, 75, 73, 73, 74, 76, 73, 76, 73, 75, 73, 73, 73, 73,
    73, 76, 74, 73, 72, 72, 74, 76, 74, 75, 72, 73, 71, 70, 74, 74, 74,
    71, 74, 75, 75, 73, 73, 74, 71, 71, 71, 72, 71, 71, 71, 75, 74, 71,
    74 ]
