%YAML:1.0
---
videoName: "headLookUp1.mp4"
gestureLabel: 205
fps: 29
pixelSizeInCmTemp: 3.7421874999999999e-01
faceCenterPointX: 258
faceCenterPointY: 66
headPositionsX: [ 257, 256, 258, 261, 258, 259, 259, 258, 258, 259, 259,
    260, 258, 260, 257, 261, 262, 259, 258, 261, 260, 257, 256, 257, 260,
    260, 259, 261, 259, 259, 259, 260, 257, 261, 260, 258, 257, 256, 257,
    260, 259, 259, 261, 256, 258, 256, 257, 257, 259, 257, 260, 255, 258,
    256, 260, 254, 258, 256, 259, 258, 257, 258, 260, 259, 255, 256, 257,
    258, 260, 258, 256, 257, 261, 257, 259, 259, 260, 257, 258, 260, 261,
    255, 260, 258, 257, 260, 255, 257, 260, 261, 258, 257, 259, 256, 256,
    255, 260, 260, 257, 259 ]
headPositionsY: [ 66, 81, 82, 79, 84, 82, 81, 82, 80, 79, 82, 79, 84, 82,
    80, 81, 83, 80, 81, 81, 81, 84, 79, 80, 83, 80, 81, 81, 82, 78, 79,
    83, 81, 82, 80, 81, 78, 82, 82, 78, 78, 76, 75, 74, 75, 73, 68, 70,
    66, 69, 67, 66, 65, 64, 66, 62, 68, 65, 65, 62, 67, 62, 67, 64, 66,
    66, 64, 62, 67, 64, 68, 64, 64, 68, 65, 67, 66, 66, 67, 66, 67, 66,
    64, 65, 65, 67, 65, 68, 67, 64, 65, 66, 66, 67, 65, 66, 63, 65, 64,
    68 ]
