%YAML:1.0
---
videoName: "headNod41.mp4"
gestureLabel: 202
fps: 29
pixelSizeInCmTemp: 2.9937500000000000e-01
faceCenterPointX: 267
faceCenterPointY: 76
headPositionsX: [ 267, 269, 270, 272, 272, 270, 268, 270, 269, 271, 268,
    268, 270, 268, 270, 271, 271, 270, 272, 273, 271, 270, 272, 273, 268,
    268, 267, 269, 267, 272, 269, 270, 269, 272, 270, 269, 271, 272, 272,
    269, 271, 270, 271, 267, 268, 267, 267, 269, 269, 266, 265, 268, 271,
    268, 268, 267, 269, 268, 267, 270, 267, 267, 269, 271, 267, 267, 270,
    270, 266, 268, 267, 268, 269, 266, 270, 266, 268, 267, 267, 269, 266,
    269, 267, 266, 269, 268, 265, 265, 267, 269, 270, 265, 268, 266, 266,
    268, 267, 268, 268, 270 ]
headPositionsY: [ 77, 71, 71, 71, 71, 73, 71, 74, 73, 75, 74, 73, 76, 73,
    76, 75, 73, 73, 74, 73, 75, 75, 74, 76, 75, 75, 74, 73, 73, 74, 71,
    74, 75, 75, 76, 72, 73, 77, 77, 77, 80, 83, 88, 87, 92, 90, 91, 86,
    82, 77, 80, 71, 69, 68, 63, 66, 65, 70, 74, 78, 81, 86, 94, 91, 93,
    90, 84, 81, 78, 76, 73, 69, 70, 73, 73, 75, 78, 83, 82, 82, 84, 79,
    78, 76, 73, 73, 75, 74, 76, 73, 78, 80, 79, 81, 78, 76, 78, 77, 78,
    77 ]
