%YAML:1.0
---
videoName: "headLookUp0.mp4"
gestureLabel: 205
fps: 29
pixelSizeInCmTemp: 3.6846153846153845e-01
faceCenterPointX: 258
faceCenterPointY: 66
headPositionsX: [ 257, 258, 257, 260, 257, 258, 259, 258, 261, 259, 258,
    261, 261, 258, 259, 261, 258, 259, 258, 260, 257, 260, 258, 261, 258,
    261, 259, 261, 259, 262, 261, 258, 258, 259, 260, 257, 260, 260, 256,
    257, 257, 260, 261, 259, 257, 260, 257, 261, 257, 255, 256, 256, 259,
    259, 259, 260, 260, 259, 259, 258, 257, 257, 256, 261, 260, 256, 259,
    256, 258, 257, 259, 258, 260, 258, 261, 255, 260, 261, 258, 258, 259,
    257, 258, 257, 257, 259, 257, 259, 259, 257, 259, 257, 257, 256, 258,
    257, 261, 256, 257, 261 ]
headPositionsY: [ 65, 80, 82, 80, 81, 81, 82, 83, 81, 78, 78, 78, 78, 78,
    76, 75, 75, 73, 75, 71, 74, 70, 72, 68, 68, 66, 65, 68, 66, 68, 69,
    66, 68, 66, 65, 64, 68, 66, 66, 66, 69, 67, 69, 67, 67, 66, 64, 66,
    68, 67, 69, 67, 67, 67, 68, 69, 68, 66, 68, 69, 68, 66, 65, 66, 69,
    66, 67, 67, 67, 65, 66, 67, 66, 66, 70, 66, 66, 69, 67, 65, 66, 70,
    66, 68, 66, 67, 66, 68, 64, 66, 68, 68, 70, 71, 69, 69, 69, 68, 69,
    69 ]
