%YAML:1.0
---
videoName: "headShake22.mp4"
gestureLabel: 201
fps: 29
pixelSizeInCmTemp: 3.2364864864864862e-01
faceCenterPointX: 241
faceCenterPointY: 79
headPositionsX: [ 239, 242, 242, 244, 240, 239, 244, 243, 243, 243, 243,
    245, 242, 240, 242, 242, 240, 242, 240, 242, 240, 242, 243, 243, 244,
    240, 244, 242, 243, 242, 242, 241, 244, 243, 243, 245, 240, 244, 240,
    241, 241, 241, 241, 242, 242, 240, 244, 239, 240, 243, 240, 241, 242,
    242, 244, 243, 240, 245, 241, 241, 244, 242, 243, 244, 240, 241, 241,
    241, 243, 247, 249, 255, 255, 256, 253, 251, 248, 243, 241, 239, 237,
    236, 242, 242, 247, 246, 247, 243, 242, 245, 239, 239, 239, 242, 238,
    242, 241, 242, 239, 241 ]
headPositionsY: [ 77, 76, 75, 75, 78, 77, 78, 78, 78, 78, 78, 76, 74, 74,
    76, 74, 78, 78, 77, 79, 77, 76, 78, 77, 78, 77, 74, 77, 76, 74, 77,
    74, 76, 76, 77, 75, 75, 74, 74, 78, 79, 76, 74, 79, 74, 77, 78, 76,
    77, 74, 74, 77, 79, 78, 78, 77, 76, 79, 77, 74, 77, 76, 74, 78, 78,
    75, 78, 77, 78, 75, 76, 76, 75, 74, 75, 75, 79, 78, 77, 77, 79, 79,
    79, 76, 79, 77, 79, 77, 78, 76, 76, 76, 77, 77, 77, 77, 81, 76, 76,
    78 ]
