%YAML:1.0
---
videoName: "headNod23.mp4"
gestureLabel: 202
fps: 29
pixelSizeInCmTemp: 3.1933333333333330e-01
faceCenterPointX: 273
faceCenterPointY: 75
headPositionsX: [ 272, 274, 273, 275, 272, 273, 275, 272, 272, 272, 276,
    274, 275, 277, 274, 272, 272, 276, 273, 273, 276, 277, 275, 274, 275,
    277, 273, 274, 277, 276, 275, 275, 276, 273, 275, 275, 275, 275, 274,
    273, 274, 270, 270, 271, 272, 272, 270, 272, 271, 272, 274, 273, 275,
    275, 276, 276, 272, 274, 273, 275, 275, 273, 275, 274, 273, 271, 272,
    272, 273, 276, 276, 276, 274, 273, 272, 275, 271, 273, 271, 275, 271,
    274, 272, 275, 272, 274, 273, 276, 274, 275, 276, 272, 275, 275, 274,
    275, 275, 275, 274, 272 ]
headPositionsY: [ 73, 76, 77, 76, 76, 76, 76, 79, 77, 76, 74, 78, 79, 79,
    77, 79, 76, 77, 77, 76, 77, 75, 76, 73, 71, 70, 68, 67, 68, 64, 63,
    66, 66, 68, 66, 72, 74, 74, 81, 81, 82, 81, 82, 78, 79, 73, 73, 71,
    66, 66, 69, 70, 71, 69, 71, 73, 78, 76, 80, 77, 76, 78, 72, 73, 71,
    69, 70, 71, 67, 69, 69, 74, 77, 79, 78, 77, 78, 81, 75, 79, 77, 76,
    76, 72, 74, 73, 74, 71, 72, 72, 75, 72, 77, 74, 76, 77, 74, 76, 77,
    77 ]
