%YAML:1.0
---
videoName: "headNod32.mp4"
gestureLabel: 202
fps: 29
pixelSizeInCmTemp: 2.8855421686746985e-01
faceCenterPointX: 266
faceCenterPointY: 74
headPositionsX: [ 266, 269, 268, 266, 267, 267, 264, 266, 268, 268, 267,
    266, 264, 267, 268, 264, 268, 268, 265, 267, 267, 268, 264, 267, 268,
    269, 266, 264, 266, 268, 268, 266, 265, 267, 266, 268, 269, 269, 269,
    268, 270, 267, 265, 267, 266, 266, 268, 269, 268, 267, 269, 266, 268,
    267, 268, 267, 268, 268, 268, 265, 265, 267, 268, 268, 265, 270, 270,
    265, 268, 268, 265, 267, 265, 265, 268, 267, 265, 268, 266, 264, 264,
    265, 266, 263, 265, 265, 265, 268, 267, 265, 265, 267, 266, 268, 264,
    268, 265, 268, 269, 264 ]
headPositionsY: [ 72, 80, 78, 80, 79, 79, 76, 78, 77, 78, 78, 80, 78, 76,
    79, 79, 77, 78, 76, 75, 76, 76, 77, 75, 76, 78, 76, 79, 76, 78, 79,
    76, 77, 79, 77, 76, 79, 78, 78, 79, 77, 77, 79, 75, 80, 79, 77, 75,
    79, 78, 78, 78, 80, 79, 78, 77, 77, 75, 77, 75, 69, 68, 68, 67, 66,
    67, 69, 73, 78, 80, 89, 90, 90, 86, 84, 82, 74, 76, 72, 73, 72, 73,
    71, 71, 71, 74, 72, 76, 73, 74, 77, 76, 74, 73, 72, 74, 76, 73, 77,
    73 ]
