%YAML:1.0
---
videoName: "headShake15.mp4"
gestureLabel: 201
fps: 29
pixelSizeInCmTemp: 3.3263888888888887e-01
faceCenterPointX: 243
faceCenterPointY: 76
headPositionsX: [ 241, 246, 245, 242, 246, 244, 242, 242, 242, 245, 241,
    242, 241, 246, 241, 244, 243, 241, 242, 245, 245, 244, 244, 244, 241,
    243, 242, 242, 245, 243, 242, 241, 244, 242, 245, 244, 244, 243, 241,
    244, 244, 241, 245, 243, 243, 244, 242, 241, 242, 245, 243, 243, 240,
    244, 243, 240, 240, 242, 240, 241, 241, 242, 245, 245, 248, 252, 253,
    256, 257, 257, 258, 255, 250, 248, 241, 238, 239, 237, 237, 241, 238,
    241, 243, 247, 247, 244, 248, 244, 247, 241, 244, 241, 243, 240, 241,
    242, 242, 243, 243, 244 ]
headPositionsY: [ 78, 73, 77, 73, 76, 76, 77, 77, 76, 75, 77, 77, 74, 77,
    74, 77, 75, 77, 74, 76, 77, 75, 74, 74, 74, 75, 74, 76, 75, 77, 74,
    77, 76, 76, 76, 76, 77, 76, 75, 72, 76, 75, 77, 74, 77, 74, 77, 73,
    77, 77, 76, 75, 77, 73, 75, 76, 74, 76, 75, 76, 77, 76, 77, 75, 77,
    75, 75, 74, 72, 73, 76, 76, 76, 75, 75, 75, 77, 75, 76, 75, 75, 79,
    75, 77, 77, 75, 77, 74, 79, 75, 77, 79, 74, 79, 75, 74, 75, 77, 78,
    76 ]
