%YAML:1.0
---
videoName: "headLookUp4.mp4"
gestureLabel: 205
fps: 30
pixelSizeInCmTemp: 3.6846153846153845e-01
faceCenterPointX: 256
faceCenterPointY: 68
headPositionsX: [ 256, 258, 256, 259, 254, 257, 256, 258, 255, 258, 258,
    258, 255, 256, 258, 257, 256, 254, 257, 258, 254, 256, 254, 256, 258,
    257, 258, 258, 257, 256, 258, 255, 255, 254, 256, 257, 256, 255, 257,
    257, 254, 257, 257, 254, 256, 257, 257, 256, 256, 253, 255, 257, 256,
    258, 254, 255, 255, 254, 258, 255, 254, 256, 255, 256, 258, 255, 256,
    255, 255, 255, 254, 257, 255, 259, 258, 258, 253, 254, 257, 256, 254,
    255, 257, 258, 255, 256, 257, 256, 255, 257, 259, 255, 259, 256, 256,
    257, 258, 256, 253, 255 ]
headPositionsY: [ 68, 83, 84, 84, 83, 80, 84, 85, 83, 82, 81, 84, 81, 82,
    84, 84, 82, 82, 84, 83, 81, 80, 80, 79, 79, 78, 77, 76, 73, 73, 72,
    68, 70, 72, 70, 67, 67, 68, 71, 71, 68, 71, 66, 68, 68, 69, 70, 69,
    69, 65, 69, 67, 70, 71, 70, 69, 69, 71, 70, 68, 69, 67, 69, 67, 71,
    69, 69, 70, 72, 68, 69, 70, 69, 71, 67, 68, 70, 70, 68, 67, 70, 69,
    71, 71, 68, 68, 68, 67, 69, 71, 70, 68, 70, 70, 71, 69, 71, 69, 68,
    70 ]
