%YAML:1.0
---
videoName: "headLookRight3.mp4"
gestureLabel: 204
fps: 29
pixelSizeInCmTemp: 3.5746268656716418e-01
faceCenterPointX: 232
faceCenterPointY: 71
headPositionsX: [ 231, 255, 253, 251, 251, 253, 254, 255, 255, 254, 256,
    254, 256, 255, 254, 252, 255, 256, 253, 255, 254, 255, 255, 253, 256,
    254, 256, 256, 256, 252, 252, 255, 252, 253, 254, 254, 255, 253, 252,
    253, 250, 247, 249, 246, 244, 243, 240, 234, 236, 235, 233, 233, 233,
    233, 234, 232, 235, 232, 231, 235, 233, 230, 230, 230, 234, 233, 231,
    231, 233, 233, 232, 233, 234, 233, 231, 233, 231, 230, 233, 228, 236,
    229, 234, 235, 232, 235, 233, 231, 234, 233, 231, 234, 232, 230, 230,
    234, 235, 234, 237, 234 ]
headPositionsY: [ 73, 68, 68, 69, 68, 71, 70, 71, 71, 70, 68, 70, 72, 68,
    70, 70, 70, 69, 69, 72, 73, 71, 69, 69, 74, 72, 71, 73, 72, 72, 73,
    73, 71, 69, 72, 71, 71, 72, 70, 71, 69, 72, 70, 70, 72, 72, 70, 70,
    70, 71, 72, 70, 69, 71, 71, 73, 70, 71, 73, 75, 73, 71, 73, 72, 73,
    73, 76, 73, 72, 71, 71, 69, 71, 70, 72, 74, 70, 71, 73, 73, 70, 71,
    69, 70, 70, 73, 71, 70, 69, 73, 72, 69, 71, 73, 69, 73, 71, 70, 74,
    72 ]
