%YAML:1.0
---
videoName: "headNod28.mp4"
gestureLabel: 202
fps: 30
pixelSizeInCmTemp: 3.2364864864864862e-01
faceCenterPointX: 270
faceCenterPointY: 76
headPositionsX: [ 272, 270, 273, 269, 272, 270, 272, 273, 270, 274, 273,
    273, 273, 268, 270, 269, 269, 268, 272, 268, 269, 268, 269, 269, 271,
    271, 268, 271, 270, 268, 270, 270, 269, 273, 270, 273, 270, 271, 273,
    272, 271, 269, 271, 268, 268, 272, 271, 272, 268, 269, 268, 271, 269,
    272, 268, 272, 271, 273, 270, 270, 268, 268, 269, 273, 273, 271, 269,
    273, 273, 270, 271, 271, 272, 269, 273, 270, 272, 269, 272, 272, 269,
    273, 270, 271, 273, 272, 272, 272, 273, 270, 272, 271, 274, 269, 270,
    272, 270, 270, 272, 268 ]
headPositionsY: [ 77, 74, 73, 72, 74, 76, 75, 72, 77, 77, 74, 76, 74, 75,
    77, 74, 74, 77, 75, 75, 76, 73, 74, 77, 73, 72, 76, 74, 76, 74, 76,
    76, 76, 74, 73, 76, 77, 76, 74, 75, 75, 75, 80, 79, 83, 81, 81, 81,
    80, 79, 73, 74, 72, 72, 70, 73, 70, 76, 77, 80, 82, 80, 80, 79, 77,
    74, 71, 71, 71, 73, 74, 76, 78, 79, 78, 81, 79, 79, 73, 71, 71, 75,
    73, 74, 74, 78, 77, 79, 77, 77, 77, 77, 76, 75, 75, 76, 76, 79, 74,
    78 ]
