%YAML:1.0
---
videoName: "headLookLeft6.mp4"
gestureLabel: 203
fps: 29
pixelSizeInCmTemp: 3.2808219178082193e-01
faceCenterPointX: 267
faceCenterPointY: 69
headPositionsX: [ 269, 246, 244, 244, 243, 246, 245, 244, 247, 246, 245,
    247, 243, 245, 243, 244, 246, 245, 244, 244, 247, 244, 245, 246, 246,
    247, 246, 249, 251, 252, 256, 259, 258, 263, 262, 264, 269, 267, 268,
    268, 268, 270, 270, 267, 271, 268, 270, 271, 266, 268, 269, 266, 270,
    269, 267, 268, 268, 267, 265, 269, 270, 264, 270, 267, 269, 266, 268,
    265, 269, 269, 267, 269, 268, 264, 263, 268, 265, 268, 269, 269, 265,
    267, 267, 265, 266, 270, 266, 266, 267, 271, 269, 269, 268, 265, 269,
    269, 264, 267, 267, 264 ]
headPositionsY: [ 69, 70, 69, 72, 73, 70, 71, 69, 73, 75, 73, 70, 74, 70,
    71, 74, 73, 72, 71, 74, 73, 72, 71, 73, 73, 72, 72, 73, 72, 72, 73,
    71, 71, 73, 70, 70, 70, 70, 71, 70, 70, 70, 67, 71, 69, 71, 66, 71,
    71, 69, 69, 67, 70, 68, 70, 68, 69, 69, 68, 69, 72, 70, 70, 66, 69,
    70, 72, 69, 71, 70, 68, 67, 69, 71, 68, 71, 68, 67, 69, 68, 71, 72,
    69, 69, 72, 71, 68, 70, 70, 73, 72, 71, 68, 71, 68, 68, 72, 66, 68,
    67 ]
