%YAML:1.0
---
videoName: "headLookDown6.mp4"
gestureLabel: 206
fps: 29
pixelSizeInCmTemp: 3.4710144927536229e-01
faceCenterPointX: 276
faceCenterPointY: 98
headPositionsX: [ 274, 276, 275, 272, 276, 276, 274, 274, 275, 276, 274,
    276, 273, 276, 275, 275, 277, 273, 276, 274, 275, 277, 277, 276, 275,
    277, 276, 277, 275, 276, 276, 278, 277, 274, 277, 275, 277, 273, 275,
    275, 273, 278, 274, 277, 275, 274, 277, 276, 273, 278, 274, 274, 274,
    279, 278, 273, 276, 273, 274, 275, 275, 276, 276, 276, 274, 273, 275,
    272, 275, 277, 276, 275, 274, 274, 276, 277, 274, 277, 272, 276, 276,
    276, 273, 278, 275, 277, 274, 275, 274, 276, 278, 278, 278, 274, 274,
    276, 276, 275, 277, 277 ]
headPositionsY: [ 97, 82, 83, 79, 82, 80, 82, 79, 83, 80, 83, 80, 80, 80,
    80, 80, 82, 82, 83, 82, 80, 80, 84, 83, 82, 80, 83, 84, 82, 83, 80,
    82, 83, 82, 83, 80, 84, 82, 82, 84, 85, 85, 85, 87, 88, 89, 88, 90,
    92, 91, 95, 96, 96, 96, 96, 97, 98, 97, 99, 100, 97, 97, 98, 100, 99,
    100, 96, 96, 99, 101, 96, 100, 100, 98, 101, 98, 98, 100, 99, 97,
    101, 97, 97, 101, 101, 100, 98, 101, 101, 98, 99, 98, 98, 99, 99,
    100, 96, 98, 99, 97 ]
