%YAML:1.0
---
videoName: "headNod38.mp4"
gestureLabel: 202
fps: 29
pixelSizeInCmTemp: 2.9937500000000000e-01
faceCenterPointX: 267
faceCenterPointY: 73
headPositionsX: [ 268, 268, 268, 268, 265, 268, 266, 268, 266, 266, 266,
    264, 266, 265, 268, 268, 266, 267, 267, 265, 268, 267, 265, 264, 267,
    263, 265, 264, 266, 266, 265, 266, 265, 265, 266, 263, 263, 265, 266,
    265, 267, 265, 267, 265, 267, 269, 268, 265, 266, 267, 270, 265, 266,
    268, 267, 267, 270, 270, 269, 270, 270, 270, 270, 269, 268, 267, 269,
    270, 266, 269, 269, 267, 267, 266, 265, 268, 267, 269, 266, 267, 269,
    269, 266, 269, 265, 270, 266, 266, 268, 267, 266, 267, 269, 268, 265,
    266, 266, 268, 267, 269 ]
headPositionsY: [ 71, 74, 74, 77, 80, 80, 82, 87, 86, 85, 79, 75, 77, 74,
    78, 79, 83, 86, 88, 86, 81, 81, 76, 73, 79, 78, 81, 87, 88, 86, 87,
    86, 80, 79, 77, 74, 75, 72, 78, 78, 84, 86, 86, 91, 84, 82, 80, 76,
    71, 70, 74, 73, 74, 73, 77, 81, 82, 85, 87, 85, 83, 76, 75, 74, 73,
    73, 73, 74, 73, 75, 78, 82, 86, 87, 83, 85, 86, 82, 81, 78, 73, 72,
    73, 70, 74, 74, 72, 70, 75, 74, 75, 71, 71, 73, 75, 71, 71, 71, 71,
    72 ]
