%YAML:1.0
---
videoName: "headShake16.mp4"
gestureLabel: 201
fps: 29
pixelSizeInCmTemp: 3.2364864864864862e-01
faceCenterPointX: 242
faceCenterPointY: 77
headPositionsX: [ 243, 241, 243, 243, 244, 242, 246, 244, 243, 241, 243,
    244, 241, 243, 244, 245, 243, 242, 244, 246, 241, 242, 245, 241, 241,
    245, 244, 244, 241, 241, 242, 245, 244, 244, 243, 239, 240, 244, 244,
    250, 252, 252, 256, 253, 255, 252, 249, 244, 243, 239, 238, 236, 237,
    237, 241, 244, 244, 246, 251, 247, 247, 246, 245, 241, 241, 237, 235,
    235, 232, 233, 235, 235, 235, 238, 240, 244, 241, 244, 244, 241, 243,
    242, 241, 241, 241, 237, 239, 238, 242, 240, 238, 240, 244, 242, 243,
    244, 241, 243, 242, 241 ]
headPositionsY: [ 77, 73, 75, 77, 77, 76, 77, 75, 76, 77, 78, 75, 74, 78,
    74, 77, 75, 78, 75, 76, 76, 76, 74, 75, 76, 75, 75, 74, 77, 76, 75,
    75, 74, 77, 74, 78, 76, 76, 75, 78, 76, 76, 73, 73, 74, 76, 74, 76,
    78, 74, 79, 78, 76, 76, 76, 75, 76, 78, 74, 78, 76, 77, 75, 75, 75,
    78, 76, 75, 78, 76, 75, 78, 75, 77, 78, 77, 74, 75, 77, 78, 78, 77,
    78, 79, 77, 74, 79, 77, 78, 75, 75, 74, 74, 78, 78, 78, 76, 75, 76,
    76 ]
