%YAML:1.0
---
videoName: "headNod19.mp4"
gestureLabel: 202
fps: 29
pixelSizeInCmTemp: 3.1933333333333330e-01
faceCenterPointX: 255
faceCenterPointY: 81
headPositionsX: [ 253, 259, 257, 259, 256, 256, 259, 255, 256, 255, 257,
    255, 258, 253, 257, 256, 252, 252, 250, 255, 252, 250, 251, 253, 251,
    249, 250, 250, 251, 253, 252, 250, 250, 252, 251, 251, 252, 255, 253,
    255, 253, 253, 253, 254, 257, 257, 255, 258, 256, 256, 255, 256, 255,
    255, 257, 257, 255, 257, 254, 254, 255, 255, 257, 256, 256, 256, 254,
    257, 255, 256, 258, 257, 257, 257, 254, 255, 257, 257, 257, 255, 256,
    257, 257, 257, 254, 256, 257, 255, 257, 255, 256, 256, 253, 258, 256,
    258, 255, 256, 254, 257 ]
headPositionsY: [ 79, 83, 86, 84, 83, 76, 76, 78, 76, 75, 76, 74, 75, 77,
    79, 77, 77, 77, 78, 76, 80, 79, 79, 79, 79, 80, 77, 77, 77, 78, 77,
    80, 77, 80, 80, 76, 81, 78, 80, 78, 81, 81, 78, 79, 78, 80, 78, 78,
    80, 79, 78, 80, 78, 81, 81, 79, 80, 81, 79, 81, 82, 80, 79, 80, 82,
    80, 80, 75, 75, 76, 75, 73, 74, 78, 81, 83, 83, 85, 79, 78, 76, 74,
    75, 77, 84, 85, 82, 82, 83, 80, 84, 83, 81, 81, 84, 83, 83, 82, 81,
    80 ]
