%YAML:1.0
---
videoName: "headNod34.mp4"
gestureLabel: 202
fps: 29
pixelSizeInCmTemp: 2.9567901234567900e-01
faceCenterPointX: 266
faceCenterPointY: 78
headPositionsX: [ 267, 267, 271, 269, 270, 268, 268, 271, 269, 267, 268,
    266, 270, 270, 269, 268, 268, 269, 269, 270, 270, 268, 269, 270, 268,
    272, 270, 270, 271, 269, 271, 269, 268, 270, 270, 270, 267, 270, 269,
    272, 270, 270, 271, 269, 269, 272, 269, 267, 268, 271, 271, 269, 271,
    268, 267, 270, 270, 269, 269, 271, 268, 270, 271, 270, 269, 269, 268,
    269, 271, 268, 268, 268, 268, 269, 267, 268, 266, 266, 267, 267, 266,
    266, 265, 264, 265, 266, 265, 266, 266, 267, 266, 266, 263, 266, 264,
    264, 266, 267, 268, 265 ]
headPositionsY: [ 76, 76, 77, 77, 78, 78, 76, 74, 79, 75, 79, 75, 75, 74,
    76, 75, 78, 74, 79, 77, 76, 77, 77, 77, 76, 75, 74, 78, 76, 75, 78,
    75, 76, 78, 77, 75, 77, 74, 74, 69, 73, 71, 75, 73, 82, 84, 89, 87,
    85, 83, 79, 74, 74, 72, 73, 71, 75, 79, 79, 81, 83, 81, 79, 80, 80,
    78, 76, 78, 80, 81, 84, 83, 87, 84, 83, 79, 77, 78, 75, 79, 79, 79,
    82, 86, 83, 79, 79, 77, 80, 77, 78, 77, 77, 78, 80, 80, 82, 82, 79,
    78 ]
