%YAML:1.0
---
videoName: "headNod47.mp4"
gestureLabel: 202
fps: 29
pixelSizeInCmTemp: 3.0316455696202532e-01
faceCenterPointX: 266
faceCenterPointY: 70
headPositionsX: [ 264, 267, 268, 269, 268, 267, 264, 265, 264, 268, 266,
    265, 264, 264, 265, 263, 263, 263, 265, 266, 266, 267, 265, 265, 266,
    267, 268, 265, 265, 269, 268, 266, 269, 268, 268, 266, 270, 269, 266,
    267, 267, 267, 269, 268, 269, 264, 265, 267, 264, 265, 265, 267, 267,
    265, 266, 266, 266, 265, 269, 266, 265, 265, 265, 266, 265, 264, 264,
    269, 264, 265, 268, 265, 269, 267, 265, 268, 268, 268, 266, 267, 268,
    268, 267, 266, 266, 267, 265, 265, 269, 266, 266, 268, 268, 267, 263,
    265, 266, 268, 265, 266 ]
headPositionsY: [ 68, 64, 61, 57, 60, 56, 59, 62, 64, 69, 70, 75, 79, 84,
    79, 74, 72, 71, 66, 68, 66, 66, 68, 71, 70, 75, 74, 78, 75, 75, 72,
    72, 69, 66, 67, 68, 67, 69, 74, 77, 79, 80, 77, 78, 76, 72, 70, 70,
    66, 70, 69, 71, 73, 71, 75, 77, 72, 74, 72, 70, 69, 66, 68, 69, 69,
    69, 72, 75, 76, 75, 75, 74, 73, 73, 69, 68, 70, 69, 69, 72, 74, 72,
    75, 75, 72, 72, 73, 72, 72, 69, 71, 72, 70, 69, 72, 70, 70, 70, 68,
    72 ]
