%YAML:1.0
---
videoName: "headNod15.mp4"
gestureLabel: 202
fps: 29
pixelSizeInCmTemp: 3.1933333333333330e-01
faceCenterPointX: 255
faceCenterPointY: 74
headPositionsX: [ 254, 256, 259, 257, 255, 259, 259, 257, 257, 259, 256,
    257, 255, 259, 257, 254, 258, 254, 254, 255, 256, 258, 255, 258, 258,
    253, 255, 254, 253, 254, 257, 256, 257, 254, 253, 258, 256, 255, 258,
    256, 255, 253, 254, 253, 257, 255, 256, 255, 254, 253, 257, 256, 254,
    255, 256, 253, 252, 253, 253, 257, 253, 257, 256, 254, 253, 258, 257,
    258, 254, 254, 256, 257, 257, 253, 254, 254, 252, 252, 254, 253, 253,
    255, 256, 255, 255, 255, 253, 252, 255, 256, 254, 252, 254, 256, 252,
    256, 254, 254, 256, 253 ]
headPositionsY: [ 74, 76, 73, 72, 72, 73, 72, 71, 74, 76, 70, 74, 71, 75,
    71, 72, 74, 72, 73, 73, 72, 73, 75, 73, 76, 71, 71, 73, 75, 74, 71,
    75, 72, 74, 75, 75, 79, 80, 78, 79, 84, 82, 77, 75, 77, 72, 69, 71,
    72, 72, 75, 81, 81, 82, 79, 77, 74, 74, 70, 71, 69, 73, 74, 78, 80,
    84, 81, 81, 78, 75, 71, 69, 68, 71, 70, 72, 75, 79, 77, 75, 74, 72,
    73, 70, 71, 70, 71, 74, 74, 74, 76, 72, 71, 71, 72, 73, 75, 74, 74,
    71 ]
