%YAML:1.0
---
videoName: "headNod47.mp4"
gestureLabel: 202
fps: 29
pixelSizeInCmTemp: 3.0316455696202532e-01
faceCenterPointX: 266
faceCenterPointY: 70
headPositionsX: [ 264, 266, 265, 269, 269, 267, 266, 264, 267, 269, 264,
    265, 266, 266, 263, 264, 267, 263, 262, 266, 265, 263, 264, 265, 264,
    265, 265, 265, 267, 268, 267, 270, 266, 267, 266, 269, 270, 269, 267,
    267, 267, 268, 269, 266, 270, 264, 265, 268, 265, 265, 267, 269, 265,
    265, 265, 266, 269, 269, 268, 265, 264, 269, 267, 267, 268, 267, 268,
    269, 265, 266, 268, 268, 267, 266, 268, 266, 265, 268, 265, 266, 268,
    267, 266, 268, 268, 265, 268, 264, 266, 268, 267, 266, 268, 265, 266,
    268, 266, 264, 265, 268 ]
headPositionsY: [ 68, 62, 62, 58, 61, 60, 60, 63, 66, 66, 70, 78, 82, 83,
    81, 77, 76, 72, 66, 65, 65, 64, 66, 70, 70, 74, 77, 79, 78, 74, 72,
    70, 68, 66, 69, 69, 70, 72, 70, 73, 75, 78, 78, 79, 75, 75, 72, 69,
    66, 67, 68, 71, 69, 74, 76, 74, 74, 71, 69, 71, 67, 68, 67, 68, 69,
    70, 72, 75, 76, 72, 72, 73, 74, 71, 67, 69, 71, 69, 68, 69, 75, 72,
    73, 73, 71, 71, 72, 68, 72, 70, 70, 72, 70, 68, 73, 69, 69, 71, 68,
    71 ]
