%YAML:1.0
---
videoName: "headNod24.mp4"
gestureLabel: 202
fps: 29
pixelSizeInCmTemp: 3.1513157894736843e-01
faceCenterPointX: 272
faceCenterPointY: 72
headPositionsX: [ 272, 276, 275, 274, 273, 273, 273, 274, 275, 276, 273,
    273, 276, 275, 274, 273, 273, 273, 274, 273, 272, 271, 274, 272, 273,
    274, 274, 273, 272, 273, 274, 271, 271, 273, 272, 275, 274, 273, 274,
    274, 274, 274, 274, 272, 270, 274, 271, 272, 275, 272, 273, 274, 272,
    273, 271, 274, 274, 273, 273, 270, 271, 271, 269, 269, 273, 270, 271,
    271, 272, 274, 271, 272, 270, 268, 269, 270, 270, 272, 271, 269, 269,
    270, 269, 269, 271, 270, 268, 271, 269, 269, 273, 269, 270, 273, 273,
    270, 273, 274, 274, 272 ]
headPositionsY: [ 71, 71, 74, 72, 71, 75, 72, 71, 74, 73, 73, 75, 73, 75,
    71, 73, 75, 73, 72, 74, 72, 71, 72, 72, 74, 72, 76, 74, 75, 72, 74,
    76, 75, 72, 74, 74, 73, 69, 70, 71, 71, 72, 76, 78, 79, 79, 77, 75,
    70, 65, 65, 69, 71, 72, 77, 75, 73, 72, 71, 70, 68, 68, 64, 67, 69,
    74, 75, 78, 74, 72, 72, 69, 69, 67, 71, 72, 73, 74, 76, 74, 73, 76,
    73, 72, 72, 72, 68, 71, 72, 69, 73, 71, 73, 74, 73, 75, 74, 72, 71,
    72 ]
