%YAML:1.0
---
videoName: "headNod47.mp4"
gestureLabel: 202
fps: 29
pixelSizeInCmTemp: 3.0316455696202532e-01
faceCenterPointX: 266
faceCenterPointY: 70
headPositionsX: [ 268, 266, 269, 266, 269, 269, 267, 267, 264, 269, 266,
    266, 267, 265, 265, 263, 263, 263, 262, 263, 267, 266, 264, 268, 265,
    266, 269, 268, 267, 268, 268, 266, 268, 267, 268, 265, 266, 267, 266,
    270, 268, 266, 270, 268, 269, 264, 264, 265, 264, 267, 265, 268, 267,
    267, 265, 269, 269, 268, 269, 265, 265, 267, 265, 266, 265, 267, 266,
    268, 264, 267, 264, 267, 267, 266, 265, 269, 267, 266, 266, 267, 266,
    265, 266, 264, 268, 263, 264, 267, 267, 264, 266, 266, 266, 267, 265,
    268, 265, 267, 265, 264 ]
headPositionsY: [ 71, 64, 58, 58, 61, 57, 59, 60, 65, 68, 69, 78, 79, 83,
    82, 78, 73, 69, 68, 68, 68, 63, 67, 67, 69, 73, 77, 78, 75, 76, 76,
    71, 70, 69, 65, 66, 68, 71, 74, 75, 78, 80, 79, 78, 77, 72, 71, 69,
    70, 66, 68, 69, 72, 73, 73, 73, 73, 73, 73, 69, 70, 68, 70, 68, 70,
    68, 69, 75, 74, 73, 72, 71, 71, 71, 71, 70, 71, 69, 70, 71, 74, 73,
    74, 75, 73, 73, 72, 71, 70, 70, 69, 72, 70, 68, 73, 69, 69, 69, 71,
    70 ]
