%YAML:1.0
---
videoName: "headShake5.mp4"
gestureLabel: 201
fps: 30
pixelSizeInCmTemp: 3.3263888888888887e-01
faceCenterPointX: 275
faceCenterPointY: 73
headPositionsX: [ 274, 278, 276, 277, 280, 276, 280, 278, 278, 279, 278,
    276, 278, 279, 278, 279, 276, 278, 275, 278, 276, 277, 276, 275, 276,
    276, 276, 279, 277, 277, 276, 279, 280, 282, 284, 287, 288, 294, 293,
    297, 294, 294, 288, 286, 276, 273, 265, 264, 261, 265, 266, 272, 279,
    285, 292, 292, 286, 285, 282, 273, 270, 261, 264, 263, 268, 271, 273,
    279, 284, 286, 287, 282, 279, 280, 274, 272, 268, 267, 267, 268, 270,
    274, 275, 278, 280, 280, 283, 284, 280, 283, 281, 279, 275, 278, 274,
    277, 275, 273, 273, 274 ]
headPositionsY: [ 75, 75, 73, 71, 74, 73, 72, 75, 74, 73, 71, 75, 74, 72,
    72, 75, 72, 71, 72, 73, 74, 75, 72, 74, 72, 71, 75, 73, 72, 76, 71,
    74, 74, 71, 75, 72, 73, 72, 75, 71, 71, 73, 73, 74, 73, 75, 74, 74,
    72, 71, 71, 75, 76, 74, 75, 73, 72, 73, 76, 73, 78, 72, 74, 73, 72,
    74, 72, 74, 73, 74, 74, 72, 75, 77, 75, 73, 75, 72, 73, 72, 75, 71,
    72, 71, 75, 73, 71, 72, 71, 71, 73, 72, 74, 75, 73, 73, 75, 71, 74,
    72 ]
