%YAML:1.0
---
videoName: "headLookDown4.mp4"
gestureLabel: 206
fps: 29
pixelSizeInCmTemp: 3.4710144927536229e-01
faceCenterPointX: 275
faceCenterPointY: 97
headPositionsX: [ 276, 272, 275, 275, 274, 272, 270, 271, 273, 272, 275,
    275, 271, 270, 275, 273, 275, 272, 274, 272, 272, 272, 270, 273, 272,
    274, 271, 271, 271, 271, 271, 275, 273, 271, 273, 275, 275, 273, 272,
    272, 273, 273, 272, 275, 273, 273, 274, 272, 273, 275, 276, 274, 274,
    275, 275, 272, 275, 276, 275, 271, 276, 275, 275, 272, 273, 276, 274,
    272, 276, 272, 272, 272, 273, 272, 276, 274, 273, 275, 275, 277, 274,
    276, 274, 273, 273, 273, 275, 274, 274, 276, 272, 272, 273, 275, 277,
    276, 273, 274, 275, 273 ]
headPositionsY: [ 97, 80, 79, 81, 83, 79, 77, 79, 78, 80, 80, 81, 79, 81,
    82, 79, 81, 79, 80, 82, 82, 79, 79, 80, 83, 81, 80, 82, 82, 81, 83,
    82, 83, 85, 84, 85, 82, 84, 86, 87, 87, 89, 92, 92, 90, 90, 93, 95,
    97, 96, 98, 99, 98, 97, 102, 99, 99, 101, 99, 100, 101, 102, 102,
    102, 99, 99, 99, 99, 97, 99, 101, 97, 97, 98, 100, 96, 100, 96, 98,
    98, 98, 99, 96, 98, 96, 98, 97, 97, 95, 99, 97, 95, 97, 95, 98, 98,
    97, 99, 96, 95 ]
