%YAML:1.0
---
videoName: "headLookLeft3.mp4"
gestureLabel: 203
fps: 29
pixelSizeInCmTemp: 3.4214285714285714e-01
faceCenterPointX: 290
faceCenterPointY: 74
headPositionsX: [ 291, 266, 263, 266, 262, 262, 265, 269, 269, 270, 271,
    272, 275, 280, 279, 281, 285, 287, 290, 291, 287, 286, 292, 293, 288,
    289, 295, 288, 286, 285, 287, 292, 292, 292, 286, 292, 281, 289, 293,
    290, 289, 289, 287, 298, 289, 289, 290, 286, 292, 289, 291, 289, 290,
    288, 286, 286, 287, 287, 290, 290, 290, 288, 289, 290, 289, 285, 290,
    288, 285, 288, 285, 288, 289, 284, 286, 285, 287, 290, 285, 284, 287,
    285, 288, 284, 288, 286, 292, 290, 286, 289, 284, 288, 288, 289, 286,
    283, 291, 285, 288, 286 ]
headPositionsY: [ 74, 79, 78, 79, 76, 74, 79, 77, 76, 77, 77, 73, 76, 75,
    77, 75, 74, 75, 74, 74, 75, 75, 75, 73, 71, 72, 77, 74, 75, 72, 72,
    74, 75, 74, 74, 73, 71, 77, 76, 72, 73, 75, 75, 76, 74, 75, 76, 75,
    75, 74, 75, 72, 72, 73, 74, 74, 76, 72, 72, 74, 74, 74, 75, 73, 76,
    73, 72, 72, 75, 74, 75, 71, 73, 73, 72, 74, 76, 75, 73, 75, 71, 75,
    71, 75, 73, 75, 76, 76, 72, 77, 76, 76, 75, 74, 76, 77, 73, 74, 74,
    75 ]
