%YAML:1.0
---
videoName: "headNod38.mp4"
gestureLabel: 202
fps: 29
pixelSizeInCmTemp: 2.9937500000000000e-01
faceCenterPointX: 267
faceCenterPointY: 73
headPositionsX: [ 268, 268, 268, 266, 267, 267, 268, 264, 268, 266, 265,
    264, 264, 269, 269, 265, 266, 268, 266, 266, 267, 265, 264, 266, 269,
    266, 264, 266, 263, 266, 266, 266, 267, 266, 263, 266, 263, 263, 264,
    267, 266, 268, 265, 268, 265, 265, 265, 266, 270, 265, 267, 266, 266,
    266, 267, 267, 270, 268, 268, 269, 268, 269, 270, 270, 267, 268, 266,
    267, 266, 270, 270, 269, 268, 268, 268, 269, 266, 268, 267, 265, 265,
    266, 266, 268, 265, 270, 265, 267, 269, 268, 270, 266, 266, 270, 267,
    268, 267, 267, 270, 268 ]
headPositionsY: [ 74, 74, 75, 73, 77, 79, 81, 84, 85, 84, 82, 76, 76, 74,
    79, 80, 81, 85, 87, 84, 84, 79, 75, 77, 79, 76, 82, 83, 88, 87, 91,
    87, 83, 81, 76, 74, 75, 76, 78, 79, 83, 88, 89, 91, 85, 84, 77, 74,
    73, 70, 72, 73, 71, 77, 80, 82, 86, 85, 83, 84, 83, 77, 78, 73, 72,
    72, 69, 73, 72, 78, 79, 80, 86, 86, 84, 83, 84, 79, 78, 78, 75, 71,
    74, 72, 70, 70, 72, 70, 72, 73, 74, 75, 75, 73, 71, 71, 72, 75, 74,
    73 ]
