%YAML:1.0
---
videoName: "headLookRight9.mp4"
gestureLabel: 204
fps: 29
pixelSizeInCmTemp: 2.8511904761904761e-01
faceCenterPointX: 217
faceCenterPointY: 75
headPositionsX: [ 215, 245, 246, 245, 246, 243, 244, 244, 244, 241, 242,
    244, 243, 245, 245, 243, 242, 241, 242, 242, 241, 243, 243, 244, 244,
    242, 241, 244, 244, 243, 240, 238, 238, 233, 235, 228, 229, 226, 222,
    221, 222, 217, 214, 217, 215, 215, 213, 214, 214, 213, 215, 217, 211,
    218, 214, 212, 214, 213, 214, 214, 214, 215, 219, 213, 218, 218, 216,
    212, 214, 213, 217, 209, 207, 218, 211, 216, 217, 212, 217, 215, 214,
    216, 214, 217, 218, 217, 216, 215, 215, 216, 215, 212, 213, 218, 212,
    215, 220, 220, 219, 219 ]
headPositionsY: [ 76, 75, 74, 76, 76, 72, 75, 72, 72, 74, 76, 75, 75, 72,
    73, 74, 73, 72, 72, 75, 73, 72, 74, 76, 75, 73, 72, 77, 77, 73, 74,
    73, 72, 72, 73, 76, 74, 74, 72, 74, 77, 74, 73, 79, 73, 73, 73, 72,
    73, 72, 72, 73, 71, 72, 74, 74, 73, 75, 71, 74, 69, 70, 71, 70, 78,
    80, 73, 75, 70, 72, 73, 77, 80, 69, 76, 73, 70, 73, 74, 75, 73, 72,
    74, 71, 74, 72, 71, 71, 74, 71, 75, 72, 74, 75, 72, 72, 77, 73, 72,
    76 ]
