%YAML:1.0
---
videoName: "headLookUp5.mp4"
gestureLabel: 205
fps: 29
pixelSizeInCmTemp: 3.6287878787878786e-01
faceCenterPointX: 256
faceCenterPointY: 67
headPositionsX: [ 254, 257, 258, 256, 255, 259, 255, 257, 255, 258, 258,
    256, 254, 255, 258, 256, 256, 255, 256, 254, 255, 257, 257, 256, 254,
    258, 256, 254, 254, 254, 257, 254, 257, 256, 258, 256, 255, 255, 255,
    257, 255, 257, 257, 255, 257, 256, 253, 254, 254, 257, 258, 256, 253,
    254, 258, 257, 254, 256, 254, 254, 258, 256, 254, 256, 258, 254, 258,
    256, 257, 254, 257, 255, 256, 255, 257, 258, 255, 257, 254, 255, 255,
    255, 257, 258, 256, 258, 257, 254, 255, 254, 258, 255, 257, 255, 255,
    256, 258, 257, 256, 254 ]
headPositionsY: [ 66, 81, 84, 82, 82, 84, 84, 83, 82, 84, 80, 80, 80, 81,
    81, 79, 79, 80, 80, 79, 79, 81, 80, 81, 83, 81, 83, 83, 78, 78, 80,
    82, 81, 81, 79, 77, 77, 72, 74, 73, 71, 70, 69, 69, 67, 70, 66, 67,
    67, 70, 68, 67, 69, 67, 70, 68, 70, 66, 70, 68, 69, 68, 68, 66, 69,
    68, 69, 69, 67, 68, 66, 65, 69, 68, 68, 67, 69, 70, 65, 68, 69, 68,
    70, 70, 68, 67, 66, 68, 69, 69, 66, 67, 64, 69, 65, 66, 66, 68, 68,
    67 ]
