%YAML:1.0
---
videoName: "headLookRight2.mp4"
gestureLabel: 204
fps: 29
pixelSizeInCmTemp: 3.8015873015873014e-01
faceCenterPointX: 228
faceCenterPointY: 68
headPositionsX: [ 229, 252, 252, 253, 251, 250, 252, 249, 254, 250, 250,
    252, 250, 253, 252, 251, 253, 251, 254, 254, 251, 252, 253, 254, 255,
    254, 254, 253, 253, 255, 254, 253, 251, 251, 254, 252, 256, 251, 255,
    254, 255, 252, 250, 253, 250, 254, 251, 253, 248, 251, 249, 243, 244,
    239, 241, 238, 236, 231, 230, 228, 226, 227, 228, 230, 230, 226, 228,
    226, 224, 227, 230, 231, 227, 230, 224, 227, 228, 228, 227, 230, 228,
    231, 231, 229, 229, 227, 230, 225, 226, 226, 226, 227, 227, 228, 228,
    227, 230, 228, 227, 231 ]
headPositionsY: [ 68, 66, 68, 66, 69, 68, 68, 68, 66, 70, 68, 69, 71, 66,
    67, 67, 71, 70, 71, 67, 67, 71, 71, 68, 69, 70, 69, 72, 70, 70, 71,
    69, 67, 67, 69, 70, 67, 67, 71, 67, 70, 68, 68, 69, 71, 68, 72, 67,
    69, 71, 70, 69, 68, 68, 69, 70, 70, 70, 70, 72, 69, 68, 70, 68, 69,
    66, 66, 66, 72, 68, 68, 68, 67, 68, 72, 72, 69, 73, 70, 72, 68, 69,
    72, 72, 68, 68, 67, 72, 68, 68, 70, 66, 68, 70, 70, 67, 70, 68, 70,
    70 ]
