%YAML:1.0
---
videoName: "headShake41.mp4"
gestureLabel: 201
fps: 29
pixelSizeInCmTemp: 3.2364864864864862e-01
faceCenterPointX: 264
faceCenterPointY: 85
headPositionsX: [ 265, 260, 259, 261, 261, 263, 263, 262, 264, 262, 263,
    260, 263, 262, 262, 260, 262, 263, 260, 262, 260, 264, 262, 267, 267,
    270, 273, 275, 274, 277, 277, 277, 283, 281, 278, 281, 283, 282, 276,
    278, 275, 272, 268, 262, 255, 255, 250, 247, 247, 246, 243, 246, 244,
    246, 246, 251, 252, 253, 258, 258, 265, 266, 267, 271, 276, 279, 280,
    277, 276, 277, 277, 276, 275, 274, 269, 266, 269, 267, 265, 265, 264,
    261, 264, 265, 263, 261, 264, 261, 262, 260, 262, 262, 261, 263, 263,
    262, 265, 262, 261, 266 ]
headPositionsY: [ 85, 80, 81, 83, 81, 81, 81, 81, 83, 80, 86, 82, 83, 86,
    82, 82, 84, 86, 83, 85, 86, 82, 85, 84, 81, 85, 84, 81, 81, 81, 82,
    83, 79, 80, 79, 79, 79, 83, 85, 81, 86, 81, 84, 85, 84, 83, 86, 85,
    80, 82, 82, 83, 84, 83, 85, 83, 84, 83, 84, 87, 85, 85, 83, 83, 82,
    84, 85, 85, 85, 84, 83, 85, 86, 87, 83, 83, 87, 86, 83, 84, 86, 84,
    83, 82, 83, 83, 83, 87, 82, 84, 83, 84, 85, 84, 84, 83, 84, 82, 85,
    86 ]
