%YAML:1.0
---
videoName: "headNod16.mp4"
gestureLabel: 202
fps: 29
pixelSizeInCmTemp: 3.3263888888888887e-01
faceCenterPointX: 255
faceCenterPointY: 77
headPositionsX: [ 255, 260, 259, 257, 257, 260, 258, 260, 260, 257, 259,
    260, 260, 257, 260, 257, 261, 260, 258, 259, 257, 256, 261, 258, 258,
    256, 258, 258, 260, 258, 257, 257, 258, 259, 261, 257, 259, 258, 261,
    259, 257, 258, 257, 262, 262, 256, 257, 257, 256, 256, 255, 257, 259,
    257, 258, 259, 255, 258, 260, 257, 255, 257, 254, 256, 255, 253, 256,
    253, 253, 255, 258, 254, 257, 253, 256, 256, 252, 253, 256, 254, 255,
    252, 255, 254, 258, 253, 255, 256, 255, 256, 256, 257, 253, 255, 255,
    256, 258, 255, 254, 254 ]
headPositionsY: [ 78, 74, 75, 74, 76, 72, 77, 74, 76, 75, 75, 77, 74, 75,
    77, 73, 73, 72, 76, 72, 75, 72, 77, 73, 74, 73, 75, 74, 74, 76, 75,
    73, 73, 75, 75, 71, 70, 71, 68, 66, 70, 71, 70, 72, 77, 78, 81, 83,
    79, 81, 77, 75, 72, 71, 71, 68, 71, 73, 78, 82, 84, 81, 80, 81, 77,
    73, 72, 72, 70, 70, 69, 72, 77, 77, 78, 77, 79, 76, 75, 70, 69, 67,
    71, 70, 74, 74, 74, 77, 77, 78, 76, 79, 76, 75, 74, 74, 78, 78, 77,
    79 ]
