%YAML:1.0
---
videoName: "headNod0.mp4"
gestureLabel: 202
fps: 29
pixelSizeInCmTemp: 3.2364864864864862e-01
faceCenterPointX: 264
faceCenterPointY: 76
headPositionsX: [ 262, 268, 267, 269, 269, 266, 267, 268, 267, 268, 266,
    269, 266, 267, 268, 266, 266, 264, 266, 265, 263, 268, 265, 267, 265,
    264, 264, 266, 267, 266, 266, 266, 265, 264, 266, 266, 267, 268, 266,
    264, 268, 265, 265, 263, 267, 264, 267, 264, 264, 262, 264, 265, 262,
    264, 264, 266, 263, 267, 266, 264, 266, 264, 267, 264, 265, 264, 264,
    266, 265, 264, 263, 263, 266, 266, 264, 264, 263, 262, 265, 267, 264,
    266, 263, 266, 265, 263, 263, 264, 263, 264, 263, 264, 265, 266, 262,
    262, 262, 264, 267, 265 ]
headPositionsY: [ 76, 75, 73, 75, 74, 75, 73, 72, 73, 74, 72, 75, 75, 71,
    73, 72, 72, 73, 73, 71, 72, 73, 72, 72, 73, 72, 72, 72, 74, 71, 72,
    69, 67, 63, 61, 64, 63, 61, 66, 66, 69, 70, 73, 77, 80, 80, 81, 81,
    79, 79, 79, 75, 71, 72, 68, 66, 69, 64, 68, 68, 71, 71, 72, 72, 78,
    79, 80, 78, 78, 79, 77, 75, 73, 70, 67, 66, 66, 68, 67, 71, 72, 72,
    75, 72, 75, 78, 79, 78, 77, 77, 78, 78, 78, 77, 77, 77, 75, 77, 76,
    75 ]
