%YAML:1.0
---
videoName: "headLookUp0.mp4"
gestureLabel: 205
fps: 29
pixelSizeInCmTemp: 3.6846153846153845e-01
faceCenterPointX: 258
faceCenterPointY: 66
headPositionsX: [ 256, 259, 260, 261, 258, 257, 261, 258, 260, 261, 256,
    261, 260, 260, 256, 260, 261, 262, 260, 260, 257, 261, 260, 257, 257,
    259, 260, 257, 260, 260, 260, 259, 258, 259, 260, 257, 257, 261, 258,
    259, 260, 260, 261, 256, 259, 259, 256, 257, 257, 255, 256, 257, 257,
    257, 260, 258, 257, 257, 259, 259, 260, 261, 258, 260, 260, 256, 261,
    258, 258, 256, 258, 259, 256, 257, 259, 259, 260, 258, 257, 258, 259,
    258, 256, 260, 255, 257, 259, 258, 257, 257, 257, 259, 257, 259, 259,
    257, 257, 258, 259, 261 ]
headPositionsY: [ 66, 83, 80, 82, 78, 83, 83, 79, 82, 81, 79, 81, 79, 80,
    78, 77, 76, 76, 76, 74, 74, 73, 71, 70, 70, 69, 65, 65, 66, 69, 69,
    69, 64, 69, 65, 67, 66, 69, 65, 66, 65, 66, 67, 67, 69, 66, 67, 66,
    66, 68, 68, 65, 65, 65, 68, 65, 69, 65, 67, 67, 66, 66, 67, 68, 68,
    65, 70, 66, 69, 64, 67, 70, 69, 69, 66, 70, 67, 70, 66, 67, 68, 68,
    68, 67, 66, 66, 67, 69, 65, 69, 70, 70, 69, 70, 67, 68, 68, 66, 70,
    67 ]
