%YAML:1.0
---
videoName: "headNod6.mp4"
gestureLabel: 202
fps: 29
pixelSizeInCmTemp: 3.1513157894736843e-01
faceCenterPointX: 262
faceCenterPointY: 73
headPositionsX: [ 260, 261, 263, 264, 264, 261, 264, 261, 261, 261, 260,
    263, 263, 264, 262, 264, 262, 261, 262, 260, 262, 263, 261, 262, 265,
    260, 261, 260, 264, 263, 261, 264, 264, 264, 264, 263, 261, 263, 265,
    265, 262, 263, 263, 261, 264, 261, 261, 262, 261, 259, 263, 259, 260,
    260, 264, 263, 260, 261, 260, 258, 262, 262, 258, 259, 258, 258, 261,
    261, 261, 258, 262, 259, 262, 259, 259, 260, 261, 261, 260, 260, 263,
    260, 260, 263, 263, 260, 260, 264, 261, 262, 260, 263, 261, 261, 262,
    261, 262, 263, 261, 262 ]
headPositionsY: [ 75, 74, 74, 73, 73, 75, 72, 73, 74, 76, 72, 74, 72, 73,
    76, 74, 75, 71, 72, 73, 71, 72, 73, 76, 74, 73, 73, 73, 75, 72, 76,
    76, 70, 69, 66, 64, 65, 63, 68, 70, 72, 79, 80, 83, 83, 80, 78, 73,
    67, 70, 66, 68, 70, 75, 82, 84, 85, 80, 78, 74, 68, 68, 67, 68, 71,
    76, 78, 80, 83, 82, 78, 73, 71, 67, 67, 66, 66, 65, 71, 74, 79, 81,
    83, 83, 82, 80, 73, 73, 72, 69, 71, 68, 71, 73, 74, 71, 70, 75, 73,
    72 ]
