%YAML:1.0
---
videoName: "headLookUp2.mp4"
gestureLabel: 205
fps: 29
pixelSizeInCmTemp: 3.7421874999999999e-01
faceCenterPointX: 254
faceCenterPointY: 67
headPositionsX: [ 254, 257, 255, 256, 254, 258, 257, 253, 255, 255, 256,
    256, 255, 253, 253, 253, 253, 256, 254, 257, 255, 252, 255, 253, 253,
    254, 253, 257, 256, 255, 256, 254, 253, 256, 255, 255, 256, 254, 255,
    253, 255, 256, 253, 255, 256, 255, 254, 255, 255, 253, 256, 253, 253,
    252, 255, 256, 255, 256, 254, 252, 252, 253, 252, 253, 252, 251, 252,
    255, 255, 255, 252, 254, 251, 255, 255, 250, 252, 254, 252, 252, 255,
    255, 253, 251, 254, 252, 253, 257, 257, 254, 254, 255, 252, 254, 256,
    254, 253, 254, 253, 256 ]
headPositionsY: [ 67, 79, 79, 82, 82, 81, 80, 79, 84, 83, 80, 83, 80, 82,
    80, 81, 81, 81, 78, 80, 80, 82, 79, 79, 84, 79, 82, 81, 81, 80, 81,
    83, 83, 82, 81, 82, 80, 81, 81, 82, 78, 82, 78, 75, 75, 76, 74, 71,
    71, 67, 69, 68, 70, 69, 70, 67, 64, 70, 68, 65, 70, 68, 67, 68, 69,
    70, 69, 67, 68, 66, 68, 66, 68, 69, 68, 67, 67, 71, 70, 68, 67, 66,
    70, 67, 70, 67, 64, 69, 69, 70, 69, 70, 68, 68, 66, 66, 66, 68, 68,
    69 ]
