%YAML:1.0
---
videoName: "headLookLeft7.mp4"
gestureLabel: 203
fps: 29
pixelSizeInCmTemp: 3.4214285714285714e-01
faceCenterPointX: 268
faceCenterPointY: 68
headPositionsX: [ 268, 248, 247, 243, 245, 246, 246, 248, 244, 246, 243,
    244, 245, 244, 246, 245, 247, 244, 244, 243, 246, 246, 244, 247, 243,
    246, 244, 247, 244, 250, 250, 249, 253, 256, 255, 257, 260, 262, 263,
    264, 268, 265, 267, 266, 267, 267, 268, 268, 267, 269, 267, 269, 269,
    269, 265, 266, 268, 268, 266, 271, 266, 269, 267, 266, 268, 267, 268,
    271, 267, 266, 271, 267, 266, 267, 270, 267, 268, 268, 265, 268, 267,
    269, 268, 268, 271, 270, 268, 271, 265, 270, 270, 266, 269, 269, 269,
    268, 269, 270, 270, 272 ]
headPositionsY: [ 68, 69, 68, 68, 70, 70, 71, 69, 68, 71, 68, 68, 69, 72,
    73, 72, 70, 70, 70, 71, 71, 72, 70, 68, 71, 72, 72, 71, 70, 69, 70,
    69, 69, 70, 71, 66, 69, 68, 70, 70, 67, 65, 70, 66, 66, 67, 68, 66,
    67, 69, 69, 70, 68, 68, 66, 68, 69, 70, 65, 68, 67, 68, 69, 72, 67,
    69, 69, 71, 67, 69, 68, 67, 70, 68, 71, 67, 71, 67, 66, 71, 68, 70,
    72, 67, 70, 67, 66, 69, 67, 71, 70, 70, 69, 70, 71, 71, 70, 67, 70,
    68 ]
