%YAML:1.0
---
videoName: "headShake2.mp4"
gestureLabel: 201
fps: 29
pixelSizeInCmTemp: 3.4214285714285714e-01
faceCenterPointX: 276
faceCenterPointY: 98
headPositionsX: [ 274, 277, 279, 279, 277, 277, 278, 277, 275, 279, 275,
    279, 279, 277, 279, 276, 276, 279, 276, 275, 279, 279, 280, 275, 280,
    277, 278, 278, 280, 276, 277, 280, 277, 279, 280, 276, 274, 276, 276,
    278, 275, 280, 282, 281, 288, 289, 291, 294, 296, 295, 290, 290, 281,
    279, 271, 270, 268, 266, 264, 266, 271, 278, 281, 288, 291, 288, 290,
    288, 281, 281, 275, 270, 268, 268, 266, 272, 277, 281, 284, 286, 286,
    286, 285, 284, 282, 279, 277, 275, 277, 274, 276, 276, 277, 274, 272,
    275, 276, 273, 275, 277 ]
headPositionsY: [ 100, 99, 99, 98, 98, 99, 97, 98, 99, 100, 99, 98, 101,
    100, 100, 100, 100, 101, 99, 100, 97, 100, 98, 97, 97, 96, 98, 96,
    102, 98, 97, 97, 98, 99, 99, 99, 98, 99, 100, 101, 99, 98, 96, 99,
    98, 96, 96, 95, 98, 96, 94, 99, 97, 98, 99, 97, 100, 98, 97, 96, 96,
    97, 95, 96, 97, 96, 99, 99, 96, 98, 100, 97, 98, 100, 97, 96, 100,
    98, 100, 99, 98, 99, 99, 100, 101, 97, 99, 97, 97, 98, 100, 99, 101,
    99, 99, 100, 97, 99, 100, 98 ]
