%YAML:1.0
---
videoName: "headShake4.mp4"
gestureLabel: 201
fps: 30
pixelSizeInCmTemp: 3.2364864864864862e-01
faceCenterPointX: 237
faceCenterPointY: 101
headPositionsX: [ 236, 241, 244, 248, 253, 253, 254, 255, 252, 250, 246,
    237, 232, 226, 225, 225, 226, 228, 238, 240, 250, 249, 252, 252, 252,
    247, 238, 232, 228, 226, 223, 226, 226, 229, 233, 240, 245, 251, 252,
    254, 255, 253, 245, 242, 239, 230, 231, 227, 223, 223, 225, 232, 232,
    239, 242, 244, 247, 250, 247, 250, 245, 243, 240, 235, 236, 233, 230,
    230, 229, 231, 234, 232, 236, 239, 238, 239, 242, 240, 243, 243, 239,
    242, 238, 237, 239, 235, 235, 237, 238, 236, 234, 236, 238, 235, 238,
    239, 237, 235, 237, 236 ]
headPositionsY: [ 100, 100, 96, 98, 98, 98, 97, 96, 96, 100, 99, 101, 97,
    97, 99, 98, 98, 97, 100, 100, 98, 98, 99, 100, 101, 100, 98, 101, 98,
    98, 96, 101, 97, 96, 98, 100, 99, 99, 96, 98, 98, 98, 97, 99, 101,
    98, 100, 99, 100, 98, 101, 102, 101, 99, 100, 101, 98, 99, 101, 101,
    100, 100, 103, 102, 98, 100, 100, 99, 99, 98, 102, 101, 100, 99, 102,
    98, 102, 102, 99, 101, 102, 101, 101, 98, 99, 99, 100, 100, 98, 102,
    100, 98, 99, 99, 99, 99, 100, 102, 100, 100 ]
