%YAML:1.0
---
videoName: "headShake14.mp4"
gestureLabel: 201
fps: 29
pixelSizeInCmTemp: 3.2364864864864862e-01
faceCenterPointX: 244
faceCenterPointY: 76
headPositionsX: [ 244, 248, 247, 245, 246, 246, 245, 243, 247, 245, 244,
    244, 246, 247, 244, 243, 246, 244, 244, 246, 243, 246, 246, 243, 244,
    249, 251, 253, 256, 258, 261, 261, 262, 257, 257, 253, 246, 241, 234,
    230, 227, 226, 225, 229, 233, 236, 241, 246, 250, 255, 255, 257, 252,
    250, 250, 241, 238, 234, 232, 234, 236, 233, 233, 239, 240, 243, 242,
    246, 247, 251, 251, 249, 247, 249, 246, 245, 246, 244, 239, 240, 239,
    238, 241, 239, 240, 240, 242, 242, 242, 247, 244, 245, 243, 247, 246,
    246, 245, 242, 243, 245 ]
headPositionsY: [ 78, 75, 73, 75, 75, 76, 77, 75, 73, 77, 77, 74, 75, 73,
    77, 76, 77, 77, 77, 76, 76, 75, 73, 75, 77, 76, 76, 75, 71, 73, 74,
    74, 72, 75, 75, 75, 75, 76, 74, 76, 75, 72, 76, 75, 73, 76, 74, 72,
    74, 74, 74, 72, 75, 73, 75, 77, 74, 77, 73, 75, 73, 73, 76, 77, 78,
    75, 74, 76, 78, 78, 76, 76, 75, 79, 76, 78, 74, 77, 77, 73, 76, 76,
    74, 74, 76, 74, 77, 76, 78, 75, 77, 75, 77, 76, 75, 77, 77, 76, 76,
    78 ]
