%YAML:1.0
---
videoName: "headNod32.mp4"
gestureLabel: 202
fps: 29
pixelSizeInCmTemp: 2.8855421686746985e-01
faceCenterPointX: 266
faceCenterPointY: 74
headPositionsX: [ 267, 269, 266, 270, 269, 269, 267, 269, 268, 269, 267,
    263, 266, 264, 265, 265, 265, 264, 265, 264, 268, 268, 265, 267, 267,
    266, 267, 264, 265, 267, 267, 265, 264, 266, 269, 268, 266, 269, 267,
    267, 266, 270, 269, 265, 266, 268, 266, 268, 270, 266, 268, 265, 268,
    265, 266, 268, 265, 267, 266, 267, 265, 265, 265, 268, 268, 266, 267,
    268, 268, 266, 264, 268, 268, 264, 268, 268, 265, 264, 266, 267, 267,
    264, 263, 264, 265, 268, 266, 267, 266, 265, 269, 269, 268, 266, 268,
    266, 266, 268, 266, 267 ]
headPositionsY: [ 75, 78, 76, 80, 80, 77, 76, 79, 78, 79, 79, 79, 78, 78,
    78, 76, 79, 78, 78, 76, 77, 76, 76, 76, 75, 80, 78, 75, 76, 78, 78,
    80, 76, 79, 80, 77, 79, 78, 79, 78, 77, 80, 75, 79, 76, 78, 77, 76,
    78, 75, 78, 78, 76, 78, 74, 77, 75, 74, 77, 75, 68, 67, 66, 64, 66,
    69, 67, 73, 77, 82, 87, 90, 88, 87, 81, 79, 78, 75, 73, 70, 72, 73,
    73, 69, 72, 73, 73, 75, 75, 75, 76, 74, 74, 74, 76, 76, 74, 75, 74,
    72 ]
