%YAML:1.0
---
videoName: "headLookDown1.mp4"
gestureLabel: 206
fps: 29
pixelSizeInCmTemp: 3.4710144927536229e-01
faceCenterPointX: 271
faceCenterPointY: 97
headPositionsX: [ 270, 269, 272, 271, 271, 270, 272, 272, 268, 269, 270,
    271, 272, 268, 272, 270, 271, 273, 273, 272, 273, 270, 269, 272, 270,
    272, 271, 269, 271, 268, 271, 269, 269, 272, 271, 273, 273, 269, 273,
    273, 271, 272, 269, 271, 269, 270, 269, 270, 273, 271, 272, 272, 269,
    270, 269, 271, 270, 269, 269, 272, 268, 270, 273, 270, 267, 271, 268,
    271, 268, 271, 272, 271, 271, 274, 274, 269, 274, 271, 270, 273, 271,
    271, 272, 269, 269, 272, 269, 269, 271, 272, 271, 271, 273, 270, 270,
    271, 270, 270, 272, 270 ]
headPositionsY: [ 96, 78, 76, 77, 77, 75, 79, 78, 79, 81, 78, 81, 78, 80,
    79, 78, 80, 81, 78, 80, 77, 80, 80, 81, 79, 79, 80, 82, 77, 78, 77,
    78, 81, 80, 79, 81, 79, 79, 78, 81, 80, 83, 82, 83, 85, 85, 85, 89,
    90, 90, 92, 93, 96, 97, 98, 98, 98, 97, 100, 98, 96, 100, 101, 100,
    100, 98, 97, 98, 100, 101, 99, 98, 100, 100, 101, 97, 100, 100, 97,
    100, 95, 97, 99, 98, 97, 96, 100, 98, 97, 96, 100, 97, 97, 98, 95,
    99, 95, 95, 96, 99 ]
