%YAML:1.0
---
videoName: "headNod7.mp4"
gestureLabel: 202
fps: 29
pixelSizeInCmTemp: 3.2808219178082193e-01
faceCenterPointX: 261
faceCenterPointY: 71
headPositionsX: [ 259, 265, 264, 265, 267, 263, 264, 263, 264, 262, 262,
    262, 263, 266, 263, 261, 264, 261, 262, 264, 260, 260, 264, 262, 260,
    262, 263, 263, 261, 264, 264, 260, 263, 263, 263, 260, 264, 261, 262,
    262, 261, 264, 261, 262, 262, 261, 262, 264, 263, 262, 264, 262, 261,
    263, 263, 259, 261, 261, 263, 262, 262, 263, 264, 263, 264, 263, 262,
    262, 259, 262, 259, 260, 261, 259, 262, 259, 261, 259, 263, 259, 264,
    263, 262, 263, 261, 262, 260, 262, 263, 263, 260, 263, 260, 260, 262,
    261, 264, 260, 261, 263 ]
headPositionsY: [ 71, 73, 73, 72, 74, 71, 74, 73, 76, 75, 72, 71, 73, 75,
    71, 76, 74, 76, 76, 73, 77, 75, 75, 76, 77, 77, 74, 74, 77, 74, 78,
    76, 76, 74, 76, 74, 76, 75, 74, 74, 73, 73, 76, 75, 78, 74, 77, 76,
    73, 69, 69, 70, 71, 70, 72, 74, 79, 78, 81, 77, 74, 72, 73, 72, 73,
    72, 73, 79, 77, 81, 78, 77, 72, 71, 72, 71, 71, 71, 71, 74, 75, 78,
    78, 75, 78, 77, 77, 75, 73, 72, 71, 72, 68, 71, 69, 73, 72, 73, 72,
    71 ]
