%YAML:1.0
---
videoName: "headShake8.mp4"
gestureLabel: 201
fps: 29
pixelSizeInCmTemp: 3.2364864864864862e-01
faceCenterPointX: 243
faceCenterPointY: 72
headPositionsX: [ 244, 243, 245, 244, 242, 243, 244, 243, 245, 244, 245,
    246, 241, 246, 243, 242, 241, 241, 241, 242, 245, 243, 244, 246, 241,
    245, 241, 245, 243, 244, 243, 246, 245, 245, 247, 249, 254, 254, 262,
    264, 264, 263, 263, 262, 258, 253, 244, 238, 233, 232, 233, 229, 233,
    236, 245, 250, 254, 257, 257, 259, 259, 255, 252, 246, 242, 240, 237,
    232, 234, 236, 235, 237, 240, 240, 242, 244, 245, 247, 249, 249, 249,
    251, 249, 252, 248, 247, 246, 246, 247, 244, 247, 246, 242, 242, 243,
    245, 242, 243, 243, 242 ]
headPositionsY: [ 72, 71, 72, 74, 74, 72, 74, 73, 69, 74, 71, 74, 71, 72,
    73, 70, 70, 73, 71, 70, 74, 72, 73, 72, 70, 71, 69, 70, 71, 73, 72,
    74, 72, 72, 70, 70, 71, 70, 72, 69, 69, 68, 71, 69, 70, 73, 70, 73,
    69, 70, 72, 71, 71, 73, 74, 72, 72, 69, 71, 70, 69, 72, 71, 72, 73,
    71, 74, 69, 70, 70, 71, 73, 71, 70, 73, 71, 74, 73, 71, 70, 70, 70,
    73, 71, 71, 71, 69, 73, 72, 73, 72, 71, 71, 69, 72, 69, 74, 70, 73,
    71 ]
