%YAML:1.0
---
videoName: "headShake36.mp4"
gestureLabel: 201
fps: 29
pixelSizeInCmTemp: 3.2364864864864862e-01
faceCenterPointX: 263
faceCenterPointY: 80
headPositionsX: [ 263, 266, 261, 262, 263, 266, 265, 268, 269, 271, 272,
    276, 277, 280, 279, 282, 285, 282, 279, 275, 274, 270, 270, 266, 264,
    258, 254, 255, 253, 247, 247, 246, 245, 246, 249, 245, 248, 247, 250,
    252, 257, 261, 264, 268, 273, 271, 274, 275, 280, 280, 278, 283, 280,
    278, 274, 271, 272, 267, 262, 258, 253, 253, 251, 250, 251, 248, 251,
    251, 249, 251, 255, 257, 258, 262, 265, 265, 268, 265, 267, 267, 267,
    267, 265, 266, 266, 265, 266, 266, 266, 263, 262, 265, 265, 264, 265,
    262, 264, 263, 265, 264 ]
headPositionsY: [ 82, 80, 80, 82, 80, 79, 81, 81, 78, 77, 76, 76, 78, 77,
    74, 76, 76, 75, 79, 81, 81, 79, 81, 80, 83, 83, 82, 80, 82, 79, 81,
    82, 80, 79, 80, 82, 81, 82, 79, 79, 82, 80, 81, 80, 77, 78, 80, 77,
    77, 80, 79, 79, 79, 80, 76, 80, 81, 83, 82, 82, 78, 80, 80, 81, 78,
    79, 79, 80, 77, 80, 80, 79, 78, 81, 84, 80, 80, 82, 79, 80, 82, 79,
    79, 78, 81, 81, 79, 80, 80, 79, 82, 83, 82, 80, 82, 82, 80, 82, 78,
    78 ]
