%YAML:1.0
---
videoName: "headLookRight9.mp4"
gestureLabel: 204
fps: 29
pixelSizeInCmTemp: 2.8511904761904761e-01
faceCenterPointX: 217
faceCenterPointY: 75
headPositionsX: [ 216, 243, 242, 246, 244, 241, 243, 242, 241, 245, 245,
    245, 243, 241, 242, 242, 242, 243, 242, 243, 245, 240, 243, 243, 242,
    243, 244, 243, 244, 240, 242, 240, 239, 235, 235, 230, 230, 226, 222,
    220, 219, 220, 215, 216, 219, 216, 215, 213, 216, 213, 214, 213, 211,
    218, 213, 214, 212, 212, 213, 215, 214, 213, 215, 215, 221, 217, 217,
    212, 213, 217, 215, 208, 211, 217, 211, 217, 217, 216, 213, 217, 215,
    219, 213, 217, 214, 216, 217, 218, 219, 216, 215, 214, 217, 217, 215,
    216, 218, 218, 220, 220 ]
headPositionsY: [ 77, 75, 75, 75, 73, 72, 72, 76, 74, 74, 76, 72, 75, 76,
    74, 76, 73, 76, 73, 75, 73, 76, 73, 76, 76, 74, 74, 74, 76, 74, 74,
    76, 72, 72, 76, 76, 73, 71, 75, 74, 77, 72, 73, 80, 73, 73, 71, 72,
    72, 71, 72, 71, 73, 74, 75, 74, 74, 72, 70, 74, 73, 70, 71, 74, 78,
    80, 75, 76, 70, 71, 70, 76, 80, 68, 75, 71, 72, 75, 76, 71, 72, 71,
    71, 74, 72, 70, 71, 74, 72, 70, 74, 71, 73, 74, 72, 74, 74, 75, 74,
    77 ]
