%YAML:1.0
---
videoName: "headShake23.mp4"
gestureLabel: 201
fps: 29
pixelSizeInCmTemp: 3.2808219178082193e-01
faceCenterPointX: 240
faceCenterPointY: 77
headPositionsX: [ 238, 241, 244, 242, 244, 243, 242, 241, 240, 244, 244,
    243, 240, 240, 239, 243, 242, 241, 237, 240, 242, 243, 245, 247, 251,
    252, 252, 252, 253, 256, 255, 256, 251, 249, 246, 247, 243, 236, 233,
    230, 231, 230, 227, 231, 227, 228, 233, 233, 235, 240, 240, 247, 249,
    250, 249, 253, 252, 255, 253, 252, 252, 251, 247, 243, 241, 241, 238,
    238, 234, 236, 235, 233, 235, 236, 236, 233, 235, 234, 235, 237, 240,
    238, 240, 239, 241, 243, 244, 242, 247, 245, 246, 243, 246, 246, 242,
    245, 245, 241, 241, 243 ]
headPositionsY: [ 76, 78, 75, 78, 75, 77, 76, 79, 79, 75, 75, 76, 75, 79,
    75, 77, 78, 76, 77, 75, 77, 77, 77, 76, 75, 77, 76, 79, 74, 77, 78,
    78, 75, 75, 76, 76, 77, 77, 76, 77, 75, 75, 77, 78, 76, 76, 78, 80,
    77, 79, 77, 75, 78, 75, 76, 77, 75, 74, 78, 78, 78, 80, 79, 77, 76,
    81, 80, 80, 77, 79, 77, 80, 79, 80, 76, 78, 76, 76, 79, 78, 79, 79,
    76, 75, 75, 77, 78, 78, 76, 77, 78, 76, 76, 75, 77, 80, 75, 76, 78,
    79 ]
