%YAML:1.0
---
videoName: "headNod17.mp4"
gestureLabel: 202
fps: 30
pixelSizeInCmTemp: 3.2808219178082193e-01
faceCenterPointX: 253
faceCenterPointY: 76
headPositionsX: [ 253, 253, 253, 254, 256, 256, 257, 257, 253, 256, 256,
    255, 256, 256, 256, 255, 255, 257, 254, 255, 255, 256, 253, 254, 254,
    253, 255, 258, 256, 255, 256, 258, 255, 255, 256, 255, 257, 253, 256,
    257, 253, 255, 255, 253, 254, 253, 253, 255, 254, 253, 254, 255, 255,
    256, 256, 253, 256, 256, 257, 256, 254, 255, 256, 253, 255, 253, 256,
    256, 254, 252, 254, 256, 253, 252, 254, 256, 253, 256, 253, 256, 252,
    253, 256, 256, 254, 254, 254, 254, 252, 257, 253, 256, 255, 256, 254,
    255, 255, 253, 252, 254 ]
headPositionsY: [ 77, 76, 75, 78, 76, 79, 79, 79, 78, 79, 76, 75, 75, 76,
    75, 78, 78, 79, 78, 78, 75, 76, 73, 72, 70, 68, 71, 69, 67, 65, 66,
    67, 67, 69, 71, 71, 72, 74, 74, 80, 80, 81, 85, 83, 84, 84, 81, 81,
    82, 80, 76, 74, 76, 73, 71, 70, 68, 69, 69, 71, 72, 70, 75, 74, 78,
    78, 80, 80, 81, 81, 80, 76, 75, 76, 77, 77, 77, 77, 78, 76, 77, 78,
    78, 75, 74, 75, 78, 76, 78, 76, 76, 77, 78, 74, 80, 74, 80, 76, 76,
    79 ]
