%YAML:1.0
---
videoName: "headNod26.mp4"
gestureLabel: 202
fps: 29
pixelSizeInCmTemp: 3.1513157894736843e-01
faceCenterPointX: 271
faceCenterPointY: 78
headPositionsX: [ 273, 270, 270, 269, 273, 272, 273, 271, 271, 274, 271,
    273, 273, 270, 271, 272, 273, 271, 274, 271, 274, 275, 274, 270, 274,
    270, 269, 274, 273, 273, 270, 272, 274, 272, 271, 272, 270, 271, 270,
    270, 269, 269, 272, 273, 270, 273, 272, 274, 270, 273, 269, 272, 272,
    274, 270, 273, 272, 272, 271, 273, 272, 273, 274, 272, 274, 274, 274,
    270, 270, 271, 271, 274, 269, 270, 272, 270, 272, 271, 271, 270, 269,
    271, 272, 268, 271, 270, 269, 272, 268, 273, 271, 272, 270, 271, 270,
    270, 271, 271, 271, 271 ]
headPositionsY: [ 80, 71, 72, 71, 74, 71, 73, 71, 67, 69, 64, 66, 66, 65,
    66, 68, 70, 72, 75, 75, 76, 80, 83, 85, 81, 78, 80, 76, 73, 69, 70,
    70, 70, 67, 69, 72, 71, 75, 78, 78, 78, 77, 77, 75, 75, 68, 70, 70,
    70, 69, 71, 70, 73, 74, 73, 79, 77, 73, 75, 70, 70, 67, 68, 67, 67,
    69, 70, 68, 70, 74, 76, 73, 76, 77, 77, 74, 74, 72, 70, 70, 67, 69,
    72, 70, 70, 76, 76, 78, 80, 78, 79, 78, 78, 78, 79, 75, 80, 80, 80,
    77 ]
