%YAML:1.0
---
videoName: "headNod36.mp4"
gestureLabel: 202
fps: 29
pixelSizeInCmTemp: 2.8176470588235292e-01
faceCenterPointX: 269
faceCenterPointY: 75
headPositionsX: [ 267, 268, 271, 269, 272, 271, 270, 271, 268, 271, 272,
    273, 269, 269, 269, 271, 271, 273, 270, 271, 270, 268, 272, 270, 273,
    270, 269, 271, 270, 268, 270, 268, 270, 268, 270, 267, 271, 265, 267,
    268, 268, 268, 267, 270, 268, 268, 269, 272, 270, 272, 272, 271, 270,
    272, 269, 272, 270, 271, 269, 272, 268, 270, 267, 268, 266, 266, 268,
    266, 267, 267, 267, 267, 265, 265, 265, 270, 266, 267, 266, 269, 271,
    269, 270, 267, 268, 269, 267, 271, 269, 270, 269, 268, 272, 267, 268,
    270, 267, 269, 266, 267 ]
headPositionsY: [ 75, 73, 75, 76, 75, 73, 74, 76, 76, 72, 74, 77, 74, 73,
    73, 73, 75, 78, 77, 74, 78, 77, 80, 78, 75, 74, 68, 66, 66, 66, 65,
    65, 69, 76, 81, 83, 87, 90, 91, 89, 87, 80, 77, 75, 74, 70, 69, 67,
    68, 67, 69, 73, 77, 82, 83, 85, 85, 86, 83, 82, 77, 74, 74, 73, 73,
    75, 74, 75, 83, 82, 84, 80, 79, 80, 76, 76, 75, 76, 75, 79, 79, 85,
    85, 84, 82, 83, 83, 80, 76, 75, 77, 73, 74, 77, 75, 73, 73, 78, 75,
    73 ]
