%YAML:1.0
---
videoName: "headShake47.mp4"
gestureLabel: 201
fps: 29
pixelSizeInCmTemp: 3.2364864864864862e-01
faceCenterPointX: 258
faceCenterPointY: 86
headPositionsX: [ 260, 260, 262, 261, 260, 260, 261, 258, 262, 259, 262,
    259, 257, 260, 258, 259, 258, 258, 259, 260, 260, 262, 258, 260, 261,
    261, 260, 262, 261, 260, 260, 261, 261, 258, 256, 257, 251, 251, 250,
    249, 247, 250, 250, 255, 262, 265, 267, 269, 267, 266, 260, 257, 251,
    251, 255, 260, 263, 266, 268, 263, 264, 257, 253, 250, 253, 254, 256,
    260, 263, 265, 265, 260, 255, 252, 251, 256, 254, 260, 260, 263, 264,
    262, 260, 255, 256, 252, 252, 258, 256, 255, 259, 259, 255, 256, 259,
    255, 255, 257, 258, 256 ]
headPositionsY: [ 85, 84, 87, 85, 86, 87, 83, 83, 86, 83, 85, 85, 86, 85,
    86, 84, 86, 86, 86, 88, 85, 83, 85, 84, 85, 83, 87, 86, 84, 84, 87,
    86, 86, 85, 87, 85, 86, 87, 86, 86, 84, 86, 87, 88, 86, 88, 87, 89,
    87, 91, 90, 91, 90, 88, 90, 91, 91, 86, 88, 86, 87, 89, 87, 85, 84,
    85, 86, 89, 85, 86, 87, 88, 87, 89, 88, 85, 88, 88, 86, 86, 89, 89,
    89, 85, 89, 85, 84, 86, 85, 84, 87, 84, 84, 89, 87, 84, 85, 88, 85,
    86 ]
