%YAML:1.0
---
videoName: "headShake45.mp4"
gestureLabel: 201
fps: 30
pixelSizeInCmTemp: 3.3263888888888887e-01
faceCenterPointX: 262
faceCenterPointY: 84
headPositionsX: [ 261, 263, 263, 260, 261, 264, 264, 260, 263, 263, 263,
    262, 260, 262, 262, 264, 263, 262, 260, 262, 263, 263, 263, 260, 264,
    263, 261, 263, 261, 261, 263, 262, 263, 261, 263, 263, 263, 261, 259,
    259, 256, 259, 261, 266, 270, 273, 279, 280, 278, 277, 273, 266, 263,
    253, 255, 256, 256, 262, 267, 270, 275, 276, 270, 269, 263, 257, 258,
    253, 256, 261, 267, 270, 272, 271, 269, 269, 263, 258, 256, 254, 255,
    259, 260, 260, 264, 264, 265, 261, 260, 260, 261, 260, 261, 263, 262,
    262, 261, 261, 263, 262 ]
headPositionsY: [ 86, 79, 84, 80, 80, 81, 83, 80, 81, 81, 81, 83, 82, 83,
    82, 82, 82, 81, 81, 81, 83, 81, 81, 81, 83, 82, 83, 81, 81, 80, 81,
    83, 84, 82, 83, 84, 82, 82, 80, 80, 80, 84, 84, 83, 82, 81, 82, 81,
    82, 79, 82, 82, 83, 81, 84, 85, 83, 84, 84, 82, 80, 82, 81, 84, 81,
    81, 85, 82, 81, 80, 83, 82, 80, 79, 80, 83, 83, 84, 84, 82, 85, 84,
    85, 81, 85, 84, 82, 83, 83, 84, 85, 82, 85, 84, 81, 81, 82, 81, 81,
    83 ]
