%YAML:1.0
---
videoName: "headNod28.mp4"
gestureLabel: 202
fps: 30
pixelSizeInCmTemp: 3.2364864864864862e-01
faceCenterPointX: 270
faceCenterPointY: 76
headPositionsX: [ 270, 271, 271, 269, 273, 272, 272, 272, 271, 271, 273,
    271, 270, 271, 271, 271, 268, 268, 273, 268, 269, 270, 268, 271, 270,
    270, 272, 269, 269, 268, 271, 273, 269, 271, 272, 270, 271, 268, 272,
    269, 272, 273, 269, 269, 267, 271, 268, 269, 270, 271, 271, 270, 268,
    272, 268, 272, 272, 273, 271, 268, 271, 268, 273, 269, 269, 269, 270,
    272, 271, 271, 272, 273, 272, 273, 269, 272, 273, 272, 268, 273, 270,
    271, 273, 272, 271, 270, 273, 273, 269, 272, 272, 272, 273, 270, 270,
    271, 268, 270, 272, 268 ]
headPositionsY: [ 76, 74, 76, 75, 74, 75, 73, 72, 76, 75, 73, 76, 76, 76,
    77, 76, 73, 74, 74, 76, 74, 77, 76, 77, 74, 74, 73, 76, 73, 74, 73,
    73, 74, 77, 72, 72, 75, 75, 73, 76, 74, 78, 79, 79, 80, 83, 82, 81,
    79, 78, 74, 74, 71, 73, 69, 73, 72, 75, 77, 80, 81, 80, 82, 81, 75,
    74, 74, 73, 73, 71, 73, 77, 76, 81, 81, 79, 81, 76, 73, 73, 74, 75,
    71, 73, 74, 78, 80, 77, 76, 78, 74, 75, 75, 75, 75, 75, 77, 79, 74,
    77 ]
