%YAML:1.0
---
videoName: "headNod2.mp4"
gestureLabel: 202
fps: 29
pixelSizeInCmTemp: 3.2364864864864862e-01
faceCenterPointX: 263
faceCenterPointY: 70
headPositionsX: [ 263, 260, 263, 261, 262, 261, 265, 263, 263, 265, 261,
    263, 263, 264, 264, 266, 262, 263, 262, 263, 262, 264, 264, 261, 262,
    261, 265, 264, 264, 262, 264, 263, 260, 264, 260, 261, 260, 263, 262,
    261, 261, 262, 260, 263, 263, 260, 261, 264, 264, 265, 264, 264, 262,
    263, 262, 264, 265, 262, 262, 262, 264, 264, 262, 260, 261, 263, 264,
    260, 264, 261, 264, 263, 265, 261, 260, 262, 261, 263, 262, 263, 263,
    262, 265, 263, 264, 263, 264, 265, 262, 263, 264, 264, 263, 262, 263,
    264, 265, 265, 262, 263 ]
headPositionsY: [ 70, 73, 77, 77, 77, 77, 76, 75, 77, 77, 77, 75, 74, 75,
    77, 74, 74, 73, 73, 74, 74, 73, 76, 75, 75, 76, 75, 76, 75, 75, 75,
    73, 74, 74, 74, 74, 77, 73, 73, 75, 75, 76, 74, 74, 74, 74, 75, 72,
    75, 72, 71, 71, 71, 71, 77, 78, 78, 79, 76, 70, 69, 70, 70, 73, 74,
    73, 75, 71, 70, 69, 69, 70, 73, 79, 75, 75, 76, 72, 69, 72, 71, 72,
    74, 77, 77, 75, 73, 70, 68, 70, 73, 69, 69, 71, 72, 69, 68, 69, 72,
    69 ]
