%YAML:1.0
---
videoName: "headShake41.mp4"
gestureLabel: 201
fps: 29
pixelSizeInCmTemp: 3.2364864864864862e-01
faceCenterPointX: 264
faceCenterPointY: 85
headPositionsX: [ 265, 262, 262, 260, 260, 262, 260, 259, 260, 263, 260,
    262, 263, 260, 262, 261, 262, 259, 260, 259, 261, 265, 266, 263, 264,
    268, 272, 272, 276, 278, 279, 281, 281, 282, 280, 280, 280, 282, 277,
    278, 275, 268, 267, 260, 256, 254, 250, 251, 246, 244, 246, 244, 247,
    246, 247, 252, 249, 253, 256, 258, 265, 267, 269, 275, 276, 279, 280,
    279, 277, 279, 279, 275, 273, 274, 269, 267, 270, 267, 267, 264, 264,
    263, 264, 261, 265, 263, 261, 265, 262, 262, 262, 264, 262, 264, 261,
    263, 261, 265, 262, 264 ]
headPositionsY: [ 87, 82, 85, 83, 84, 85, 82, 84, 84, 83, 83, 81, 85, 84,
    81, 86, 82, 82, 82, 84, 83, 86, 83, 84, 85, 82, 81, 84, 80, 81, 80,
    82, 81, 79, 82, 81, 81, 80, 81, 82, 84, 81, 85, 87, 83, 85, 83, 83,
    81, 84, 80, 85, 82, 85, 84, 87, 81, 83, 87, 87, 87, 83, 83, 84, 82,
    86, 82, 84, 84, 84, 84, 84, 86, 83, 87, 84, 86, 87, 86, 85, 86, 83,
    83, 83, 86, 83, 86, 85, 84, 86, 85, 83, 84, 86, 86, 85, 85, 83, 85,
    85 ]
