%YAML:1.0
---
videoName: "headLookRight9.mp4"
gestureLabel: 204
fps: 29
pixelSizeInCmTemp: 2.8511904761904761e-01
faceCenterPointX: 217
faceCenterPointY: 75
headPositionsX: [ 219, 246, 243, 243, 246, 244, 245, 243, 243, 242, 245,
    245, 245, 242, 244, 241, 243, 243, 242, 245, 243, 242, 241, 244, 243,
    243, 245, 245, 243, 242, 242, 241, 236, 235, 234, 230, 229, 226, 224,
    219, 220, 220, 214, 216, 219, 217, 217, 215, 214, 215, 213, 215, 214,
    215, 213, 215, 211, 214, 217, 217, 212, 213, 217, 216, 221, 218, 214,
    216, 216, 213, 215, 209, 211, 216, 215, 214, 217, 216, 216, 215, 216,
    219, 216, 217, 217, 218, 217, 215, 217, 218, 219, 214, 214, 214, 214,
    218, 217, 219, 219, 220 ]
headPositionsY: [ 73, 76, 72, 73, 76, 74, 73, 73, 76, 72, 73, 74, 74, 75,
    75, 76, 75, 75, 74, 74, 74, 75, 77, 73, 74, 76, 72, 76, 75, 75, 75,
    76, 72, 75, 72, 75, 72, 70, 73, 74, 77, 73, 71, 81, 71, 70, 73, 71,
    69, 70, 69, 71, 72, 75, 72, 75, 76, 75, 71, 72, 69, 70, 75, 71, 77,
    76, 74, 74, 72, 72, 72, 79, 78, 71, 72, 73, 71, 74, 73, 72, 71, 73,
    73, 75, 70, 73, 73, 72, 75, 70, 75, 70, 72, 74, 73, 71, 77, 73, 75,
    77 ]
