%YAML:1.0
---
videoName: "headNod2.mp4"
gestureLabel: 202
fps: 29
pixelSizeInCmTemp: 3.2364864864864862e-01
faceCenterPointX: 263
faceCenterPointY: 70
headPositionsX: [ 262, 261, 261, 261, 264, 260, 263, 262, 262, 265, 265,
    262, 265, 265, 266, 263, 266, 266, 265, 263, 262, 262, 265, 262, 262,
    263, 264, 264, 263, 264, 264, 263, 262, 263, 260, 264, 260, 264, 263,
    262, 262, 263, 261, 262, 260, 260, 264, 261, 264, 264, 263, 264, 262,
    262, 262, 262, 263, 264, 260, 263, 260, 263, 260, 264, 264, 264, 261,
    264, 261, 262, 262, 261, 263, 264, 262, 265, 265, 264, 263, 262, 262,
    264, 264, 263, 264, 264, 265, 264, 263, 264, 264, 264, 261, 262, 265,
    263, 264, 263, 266, 266 ]
headPositionsY: [ 71, 74, 76, 76, 74, 77, 76, 77, 76, 76, 77, 77, 76, 74,
    77, 78, 75, 73, 76, 74, 76, 77, 74, 77, 72, 73, 76, 72, 76, 74, 73,
    74, 72, 74, 74, 72, 75, 73, 75, 75, 75, 75, 72, 76, 76, 72, 75, 73,
    73, 74, 73, 71, 71, 72, 75, 77, 79, 77, 76, 70, 69, 72, 73, 73, 77,
    76, 74, 73, 69, 70, 72, 71, 76, 77, 74, 73, 76, 72, 71, 70, 71, 72,
    76, 75, 74, 73, 74, 69, 68, 71, 69, 73, 71, 72, 73, 72, 71, 72, 72,
    72 ]
