%YAML:1.0
---
videoName: "headShake0.mp4"
gestureLabel: 201
fps: 29
pixelSizeInCmTemp: 3.2808219178082193e-01
faceCenterPointX: 279
faceCenterPointY: 94
headPositionsX: [ 278, 280, 279, 281, 280, 281, 278, 280, 277, 278, 278,
    277, 280, 280, 277, 279, 281, 279, 281, 279, 280, 278, 278, 281, 279,
    279, 279, 281, 281, 278, 278, 279, 278, 276, 280, 277, 277, 277, 281,
    279, 279, 282, 283, 287, 291, 297, 301, 302, 301, 301, 297, 294, 286,
    285, 278, 275, 271, 273, 274, 275, 284, 284, 289, 291, 292, 289, 284,
    281, 279, 273, 275, 270, 271, 277, 278, 283, 285, 282, 286, 285, 280,
    281, 275, 278, 273, 274, 278, 275, 280, 277, 278, 279, 278, 281, 277,
    277, 280, 278, 278, 280 ]
headPositionsY: [ 93, 92, 92, 91, 94, 91, 93, 92, 92, 94, 94, 90, 91, 92,
    95, 95, 95, 91, 94, 92, 95, 94, 92, 92, 92, 92, 95, 91, 94, 94, 91,
    94, 94, 92, 93, 95, 94, 92, 92, 96, 91, 93, 90, 92, 93, 91, 89, 93,
    94, 90, 91, 89, 92, 95, 94, 93, 94, 95, 90, 90, 91, 91, 94, 92, 92,
    91, 92, 95, 93, 91, 91, 95, 94, 92, 94, 95, 93, 95, 94, 94, 96, 96,
    92, 93, 96, 93, 96, 91, 95, 92, 95, 95, 92, 92, 96, 94, 93, 96, 93,
    95 ]
