%YAML:1.0
---
videoName: "headLookRight8.mp4"
gestureLabel: 204
fps: 29
pixelSizeInCmTemp: 3.1513157894736843e-01
faceCenterPointX: 218
faceCenterPointY: 80
headPositionsX: [ 219, 248, 251, 250, 249, 248, 250, 246, 249, 250, 247,
    246, 247, 244, 246, 245, 246, 249, 244, 246, 246, 247, 247, 248, 246,
    245, 249, 248, 248, 247, 248, 247, 247, 245, 245, 249, 247, 245, 244,
    249, 248, 244, 247, 245, 245, 245, 246, 245, 247, 248, 245, 247, 245,
    244, 244, 247, 246, 247, 245, 247, 244, 248, 244, 246, 244, 245, 244,
    248, 244, 243, 244, 241, 234, 236, 233, 227, 225, 225, 222, 219, 219,
    220, 218, 214, 220, 218, 216, 219, 216, 216, 217, 217, 216, 217, 220,
    220, 216, 220, 218, 216 ]
headPositionsY: [ 79, 77, 73, 76, 75, 73, 72, 72, 72, 72, 73, 73, 75, 74,
    74, 73, 76, 76, 73, 75, 76, 79, 76, 77, 78, 75, 75, 78, 76, 75, 76,
    77, 78, 75, 78, 79, 78, 75, 75, 76, 78, 79, 78, 76, 76, 78, 79, 76,
    78, 76, 74, 78, 79, 77, 75, 75, 77, 78, 75, 75, 77, 75, 77, 75, 78,
    75, 76, 78, 78, 77, 80, 78, 78, 78, 74, 75, 78, 74, 72, 75, 73, 78,
    73, 79, 74, 82, 79, 81, 79, 82, 81, 80, 76, 77, 74, 82, 80, 79, 82,
    78 ]
