%YAML:1.0
---
videoName: "headLookLeft9.mp4"
gestureLabel: 203
fps: 30
pixelSizeInCmTemp: 3.2364864864864862e-01
faceCenterPointX: 273
faceCenterPointY: 69
headPositionsX: [ 274, 249, 247, 246, 248, 249, 247, 247, 248, 247, 246,
    247, 245, 246, 248, 244, 248, 248, 246, 244, 244, 243, 246, 247, 246,
    245, 243, 243, 245, 244, 246, 247, 246, 250, 252, 250, 253, 256, 259,
    262, 265, 267, 267, 270, 268, 271, 271, 271, 269, 270, 273, 273, 270,
    269, 274, 272, 275, 271, 270, 272, 273, 273, 270, 271, 273, 274, 268,
    273, 275, 269, 272, 269, 272, 274, 271, 272, 273, 270, 270, 270, 269,
    270, 270, 272, 272, 271, 268, 271, 273, 269, 273, 273, 274, 268, 269,
    275, 271, 271, 269, 272 ]
headPositionsY: [ 70, 72, 71, 73, 70, 69, 69, 71, 67, 72, 73, 72, 69, 72,
    68, 72, 70, 73, 69, 70, 70, 72, 70, 69, 71, 69, 71, 70, 69, 73, 70,
    72, 71, 73, 71, 70, 69, 70, 68, 70, 68, 67, 68, 67, 67, 66, 67, 66,
    70, 69, 67, 64, 68, 69, 66, 69, 69, 67, 66, 68, 67, 65, 67, 67, 69,
    71, 67, 66, 70, 68, 67, 70, 66, 68, 72, 67, 70, 69, 69, 68, 66, 70,
    67, 68, 69, 66, 66, 70, 68, 65, 66, 70, 69, 68, 68, 70, 69, 68, 70,
    71 ]
