%YAML:1.0
---
videoName: "headShake24.mp4"
gestureLabel: 201
fps: 29
pixelSizeInCmTemp: 3.2808219178082193e-01
faceCenterPointX: 240
faceCenterPointY: 78
headPositionsX: [ 240, 252, 250, 253, 253, 254, 254, 255, 252, 253, 250,
    248, 245, 243, 242, 234, 233, 231, 232, 233, 229, 229, 233, 230, 234,
    233, 237, 237, 242, 242, 245, 248, 248, 248, 251, 251, 251, 247, 247,
    248, 242, 242, 239, 241, 236, 238, 237, 233, 236, 232, 237, 234, 235,
    238, 237, 238, 242, 241, 245, 244, 245, 247, 247, 247, 249, 245, 248,
    246, 244, 247, 243, 245, 240, 242, 241, 240, 240, 240, 241, 240, 237,
    239, 238, 242, 238, 239, 241, 240, 239, 240, 240, 239, 241, 239, 240,
    237, 238, 239, 241, 238 ]
headPositionsY: [ 79, 76, 74, 76, 77, 75, 77, 74, 75, 77, 79, 75, 79, 79,
    78, 78, 77, 77, 79, 79, 75, 77, 77, 76, 79, 76, 79, 76, 80, 77, 74,
    77, 76, 77, 78, 80, 76, 79, 80, 76, 80, 80, 78, 76, 77, 77, 76, 75,
    76, 77, 77, 79, 76, 79, 78, 78, 79, 77, 79, 77, 78, 77, 77, 79, 77,
    78, 79, 79, 78, 78, 77, 79, 75, 79, 79, 77, 77, 75, 75, 80, 75, 76,
    76, 76, 79, 79, 78, 79, 79, 79, 77, 80, 78, 79, 80, 78, 80, 76, 80,
    76 ]
