%YAML:1.0
---
videoName: "headNod39.mp4"
gestureLabel: 202
fps: 29
pixelSizeInCmTemp: 2.9937500000000000e-01
faceCenterPointX: 268
faceCenterPointY: 78
headPositionsX: [ 267, 269, 268, 265, 267, 269, 271, 267, 270, 266, 267,
    268, 267, 267, 268, 270, 271, 268, 271, 267, 271, 270, 271, 270, 271,
    271, 267, 268, 268, 270, 268, 269, 268, 270, 271, 268, 267, 268, 270,
    270, 271, 268, 267, 270, 266, 268, 266, 269, 266, 265, 267, 268, 269,
    266, 268, 266, 267, 267, 264, 266, 264, 265, 264, 269, 266, 268, 266,
    268, 264, 268, 267, 265, 267, 267, 266, 266, 269, 266, 269, 269, 266,
    267, 267, 268, 267, 270, 270, 265, 266, 269, 269, 268, 268, 267, 267,
    270, 268, 267, 268, 265 ]
headPositionsY: [ 77, 76, 77, 78, 75, 79, 76, 76, 77, 77, 77, 78, 78, 74,
    76, 74, 74, 77, 77, 75, 79, 76, 77, 74, 78, 74, 77, 75, 78, 76, 77,
    77, 77, 79, 77, 74, 76, 76, 81, 82, 82, 82, 85, 85, 82, 80, 81, 75,
    77, 77, 75, 76, 76, 73, 80, 82, 87, 92, 93, 90, 84, 82, 79, 73, 74,
    75, 74, 75, 80, 82, 83, 82, 84, 80, 79, 78, 77, 77, 73, 76, 78, 79,
    79, 79, 82, 78, 78, 81, 78, 78, 78, 78, 80, 78, 78, 79, 76, 77, 80,
    80 ]
