%YAML:1.0
---
videoName: "headShake41.mp4"
gestureLabel: 201
fps: 29
pixelSizeInCmTemp: 3.2364864864864862e-01
faceCenterPointX: 264
faceCenterPointY: 85
headPositionsX: [ 266, 263, 263, 264, 261, 262, 263, 261, 262, 262, 262,
    260, 263, 262, 261, 263, 263, 262, 261, 261, 260, 261, 263, 263, 265,
    269, 271, 272, 276, 276, 279, 280, 282, 282, 279, 283, 283, 281, 280,
    278, 274, 270, 268, 262, 255, 255, 251, 251, 245, 248, 246, 245, 244,
    247, 247, 251, 250, 255, 258, 260, 263, 266, 271, 272, 276, 277, 278,
    280, 277, 276, 278, 277, 272, 272, 273, 269, 270, 267, 265, 267, 262,
    262, 264, 263, 264, 265, 264, 263, 262, 263, 260, 261, 260, 261, 264,
    261, 263, 261, 262, 265 ]
headPositionsY: [ 85, 83, 82, 83, 82, 81, 83, 81, 84, 81, 85, 83, 85, 84,
    85, 82, 83, 83, 82, 83, 83, 82, 85, 85, 81, 83, 84, 82, 79, 83, 80,
    81, 80, 79, 81, 80, 83, 83, 81, 81, 82, 83, 82, 84, 82, 85, 85, 83,
    81, 81, 81, 86, 82, 86, 85, 85, 84, 82, 86, 86, 86, 85, 83, 85, 82,
    82, 86, 85, 86, 82, 83, 82, 86, 83, 83, 84, 83, 87, 86, 86, 82, 84,
    83, 82, 86, 86, 85, 86, 86, 84, 83, 85, 86, 82, 85, 83, 82, 85, 82,
    87 ]
