%YAML:1.0
---
videoName: "headLookLeft7.mp4"
gestureLabel: 203
fps: 29
pixelSizeInCmTemp: 3.4214285714285714e-01
faceCenterPointX: 268
faceCenterPointY: 68
headPositionsX: [ 266, 246, 248, 243, 245, 245, 248, 245, 246, 243, 244,
    243, 247, 247, 244, 245, 246, 243, 246, 244, 243, 246, 245, 243, 244,
    245, 248, 244, 247, 247, 249, 252, 253, 252, 257, 258, 260, 264, 261,
    263, 267, 266, 270, 266, 265, 267, 271, 265, 269, 270, 264, 270, 269,
    266, 264, 269, 269, 267, 267, 270, 267, 268, 264, 269, 271, 269, 266,
    271, 265, 265, 271, 268, 269, 266, 266, 268, 270, 269, 268, 270, 269,
    270, 272, 268, 271, 270, 270, 267, 265, 272, 272, 269, 268, 271, 268,
    272, 271, 269, 271, 269 ]
headPositionsY: [ 66, 69, 67, 71, 72, 71, 68, 71, 69, 69, 68, 72, 71, 71,
    69, 72, 70, 72, 72, 69, 68, 70, 72, 68, 67, 69, 72, 72, 68, 68, 72,
    67, 70, 68, 69, 68, 68, 70, 66, 70, 69, 67, 66, 69, 66, 67, 68, 68,
    71, 66, 71, 67, 67, 67, 66, 70, 70, 70, 69, 71, 67, 71, 66, 70, 70,
    69, 70, 68, 68, 67, 68, 70, 69, 72, 70, 69, 69, 67, 66, 72, 68, 70,
    69, 67, 70, 70, 70, 66, 67, 72, 68, 71, 68, 69, 70, 71, 69, 66, 72,
    67 ]
