%YAML:1.0
---
videoName: "headNod46.mp4"
gestureLabel: 202
fps: 30
pixelSizeInCmTemp: 2.8511904761904761e-01
faceCenterPointX: 264
faceCenterPointY: 72
headPositionsX: [ 266, 262, 264, 264, 263, 264, 266, 264, 265, 265, 265,
    263, 261, 265, 265, 266, 265, 265, 265, 265, 266, 266, 263, 266, 268,
    266, 264, 266, 269, 265, 267, 263, 263, 264, 264, 263, 259, 262, 262,
    261, 260, 261, 265, 264, 263, 261, 264, 262, 264, 259, 263, 261, 261,
    262, 262, 264, 263, 264, 262, 263, 262, 265, 261, 264, 266, 265, 262,
    265, 263, 264, 262, 264, 265, 264, 266, 261, 263, 262, 266, 264, 266,
    263, 263, 266, 261, 264, 262, 263, 264, 264, 262, 265, 261, 265, 265,
    264, 261, 262, 262, 266 ]
headPositionsY: [ 71, 70, 69, 71, 67, 67, 68, 72, 73, 72, 77, 78, 80, 81,
    88, 89, 87, 87, 84, 84, 81, 76, 73, 71, 69, 69, 71, 72, 74, 76, 82,
    84, 89, 90, 87, 85, 82, 75, 77, 66, 67, 69, 70, 73, 74, 75, 79, 82,
    83, 81, 83, 81, 73, 72, 70, 65, 65, 67, 67, 73, 72, 77, 80, 78, 77,
    73, 70, 68, 70, 70, 69, 68, 72, 76, 76, 75, 77, 72, 73, 73, 70, 68,
    70, 71, 73, 76, 75, 72, 75, 74, 71, 71, 72, 70, 71, 71, 72, 73, 73,
    71 ]
