%YAML:1.0
---
videoName: "headNod48.mp4"
gestureLabel: 202
fps: 29
pixelSizeInCmTemp: 2.8855421686746985e-01
faceCenterPointX: 264
faceCenterPointY: 72
headPositionsX: [ 265, 263, 267, 267, 266, 263, 264, 264, 266, 266, 263,
    262, 264, 261, 266, 262, 263, 263, 264, 262, 263, 262, 261, 259, 259,
    259, 259, 262, 262, 262, 263, 263, 260, 263, 260, 261, 263, 261, 262,
    261, 263, 260, 264, 261, 259, 262, 259, 262, 262, 260, 261, 264, 259,
    262, 262, 259, 260, 262, 264, 260, 260, 264, 264, 264, 261, 262, 263,
    264, 264, 262, 264, 265, 263, 263, 262, 263, 263, 266, 265, 265, 263,
    265, 265, 263, 264, 263, 266, 264, 264, 264, 266, 265, 267, 264, 267,
    266, 265, 263, 263, 264 ]
headPositionsY: [ 71, 75, 76, 78, 79, 78, 73, 71, 69, 67, 61, 64, 64, 63,
    65, 71, 74, 77, 84, 87, 87, 88, 85, 79, 79, 76, 68, 67, 68, 65, 63,
    65, 65, 64, 68, 74, 72, 77, 79, 84, 84, 81, 82, 78, 76, 74, 75, 75,
    72, 73, 70, 75, 75, 76, 81, 77, 79, 76, 73, 69, 72, 71, 70, 73, 70,
    74, 73, 78, 76, 76, 76, 76, 74, 71, 71, 69, 71, 71, 73, 73, 75, 75,
    73, 73, 72, 75, 70, 68, 70, 72, 74, 74, 72, 72, 73, 71, 72, 72, 72,
    70 ]
