%YAML:1.0
---
videoName: "headLookUp1.mp4"
gestureLabel: 205
fps: 29
pixelSizeInCmTemp: 3.7421874999999999e-01
faceCenterPointX: 258
faceCenterPointY: 66
headPositionsX: [ 260, 256, 257, 261, 257, 258, 258, 257, 258, 261, 257,
    257, 260, 258, 258, 260, 262, 259, 257, 259, 257, 260, 257, 258, 258,
    258, 260, 262, 258, 260, 257, 260, 260, 259, 258, 257, 256, 257, 258,
    258, 260, 256, 260, 256, 257, 258, 256, 258, 257, 260, 258, 259, 258,
    259, 259, 254, 261, 255, 257, 258, 258, 259, 257, 260, 256, 259, 256,
    257, 259, 258, 260, 258, 258, 257, 258, 255, 259, 257, 259, 259, 257,
    255, 262, 258, 256, 259, 256, 256, 258, 258, 259, 259, 257, 256, 257,
    256, 259, 259, 256, 259 ]
headPositionsY: [ 66, 81, 83, 79, 84, 79, 80, 83, 79, 79, 82, 81, 82, 82,
    82, 80, 80, 78, 80, 80, 80, 80, 81, 79, 79, 83, 79, 83, 80, 82, 83,
    83, 83, 79, 79, 81, 79, 81, 82, 79, 80, 79, 75, 77, 75, 71, 71, 68,
    66, 68, 69, 68, 63, 66, 65, 63, 67, 65, 64, 64, 66, 65, 68, 65, 65,
    62, 64, 65, 65, 62, 66, 66, 65, 65, 67, 67, 68, 63, 65, 65, 66, 65,
    64, 63, 65, 66, 65, 65, 64, 63, 65, 66, 67, 65, 67, 67, 65, 65, 63,
    68 ]
