%YAML:1.0
---
videoName: "headShake4.mp4"
gestureLabel: 201
fps: 30
pixelSizeInCmTemp: 3.2364864864864862e-01
faceCenterPointX: 237
faceCenterPointY: 101
headPositionsX: [ 237, 244, 247, 246, 252, 254, 256, 252, 252, 248, 244,
    239, 229, 227, 223, 222, 224, 232, 238, 240, 250, 251, 252, 253, 248,
    245, 242, 233, 231, 224, 225, 226, 226, 230, 236, 239, 247, 252, 253,
    256, 257, 251, 249, 246, 236, 231, 227, 223, 225, 226, 228, 232, 233,
    237, 244, 244, 248, 248, 251, 249, 249, 242, 243, 238, 236, 230, 229,
    232, 227, 230, 231, 233, 236, 236, 240, 242, 242, 241, 243, 239, 239,
    241, 242, 237, 237, 236, 239, 237, 237, 240, 234, 236, 237, 236, 237,
    235, 236, 237, 237, 236 ]
headPositionsY: [ 99, 99, 96, 97, 101, 98, 97, 96, 98, 100, 102, 99, 97,
    98, 98, 100, 97, 98, 102, 99, 97, 101, 97, 100, 100, 99, 100, 98, 99,
    98, 96, 100, 97, 99, 102, 102, 101, 97, 99, 97, 100, 98, 98, 100,
    100, 101, 98, 100, 102, 101, 100, 98, 102, 100, 103, 101, 100, 102,
    98, 98, 100, 98, 101, 100, 98, 100, 98, 99, 98, 100, 102, 97, 97, 99,
    100, 101, 101, 99, 102, 99, 98, 103, 102, 101, 98, 101, 99, 98, 101,
    100, 98, 99, 99, 98, 100, 100, 101, 98, 102, 98 ]
