%YAML:1.0
---
videoName: "headLookUp7.mp4"
gestureLabel: 205
fps: 29
pixelSizeInCmTemp: 3.6846153846153845e-01
faceCenterPointX: 257
faceCenterPointY: 70
headPositionsX: [ 257, 258, 259, 258, 257, 256, 257, 257, 257, 258, 259,
    255, 258, 257, 257, 257, 254, 258, 255, 255, 255, 256, 255, 254, 254,
    256, 256, 254, 258, 257, 256, 258, 258, 255, 255, 254, 259, 255, 256,
    255, 258, 254, 258, 257, 254, 256, 255, 256, 255, 255, 257, 257, 254,
    255, 255, 259, 255, 254, 254, 256, 254, 255, 258, 259, 255, 256, 257,
    258, 255, 254, 258, 255, 254, 257, 258, 257, 257, 255, 257, 256, 256,
    256, 255, 257, 257, 256, 256, 258, 257, 259, 257, 257, 256, 259, 258,
    256, 259, 258, 258, 255 ]
headPositionsY: [ 68, 82, 81, 84, 81, 83, 81, 82, 84, 80, 81, 84, 85, 82,
    80, 82, 82, 84, 82, 80, 80, 77, 78, 77, 72, 71, 73, 71, 69, 69, 68,
    69, 72, 70, 68, 70, 67, 68, 68, 70, 68, 70, 67, 66, 66, 68, 70, 70,
    68, 71, 66, 68, 68, 69, 67, 70, 68, 71, 70, 66, 67, 70, 69, 72, 67,
    69, 67, 70, 69, 70, 69, 66, 68, 71, 71, 72, 69, 68, 67, 68, 67, 71,
    68, 71, 69, 70, 67, 68, 67, 71, 69, 70, 69, 68, 70, 68, 72, 67, 70,
    67 ]
