%YAML:1.0
---
videoName: "headNod12.mp4"
gestureLabel: 202
fps: 29
pixelSizeInCmTemp: 3.2808219178082193e-01
faceCenterPointX: 254
faceCenterPointY: 69
headPositionsX: [ 253, 253, 253, 252, 253, 251, 255, 251, 257, 256, 254,
    258, 253, 254, 254, 257, 255, 255, 256, 255, 255, 254, 257, 255, 255,
    257, 256, 256, 257, 254, 258, 257, 257, 255, 253, 252, 254, 255, 253,
    253, 254, 254, 253, 256, 252, 258, 254, 254, 256, 253, 256, 257, 252,
    256, 255, 254, 253, 255, 253, 254, 253, 254, 257, 256, 253, 255, 257,
    257, 252, 253, 256, 253, 252, 252, 253, 252, 252, 256, 256, 255, 254,
    255, 253, 255, 257, 253, 256, 255, 254, 254, 256, 254, 253, 255, 253,
    252, 252, 256, 256, 256 ]
headPositionsY: [ 69, 73, 70, 76, 73, 72, 73, 71, 72, 75, 76, 74, 73, 71,
    74, 72, 74, 75, 75, 75, 73, 73, 73, 73, 75, 75, 74, 76, 73, 75, 74,
    76, 72, 72, 75, 71, 68, 66, 67, 64, 62, 62, 62, 64, 62, 66, 70, 73,
    74, 74, 77, 81, 77, 79, 78, 71, 70, 67, 67, 66, 66, 64, 62, 64, 66,
    69, 71, 73, 71, 75, 75, 77, 77, 72, 73, 69, 69, 68, 67, 65, 66, 65,
    67, 64, 68, 68, 70, 71, 74, 72, 75, 75, 75, 74, 72, 73, 72, 71, 72,
    70 ]
