%YAML:1.0
---
videoName: "headLookUp4.mp4"
gestureLabel: 205
fps: 30
pixelSizeInCmTemp: 3.6846153846153845e-01
faceCenterPointX: 256
faceCenterPointY: 68
headPositionsX: [ 256, 256, 258, 255, 256, 258, 258, 258, 255, 257, 255,
    256, 257, 255, 258, 256, 258, 255, 257, 258, 258, 257, 255, 257, 256,
    257, 256, 255, 255, 256, 259, 257, 256, 256, 258, 256, 255, 258, 257,
    253, 256, 254, 258, 255, 258, 256, 257, 257, 258, 253, 253, 256, 258,
    258, 258, 254, 254, 257, 258, 255, 253, 254, 257, 257, 258, 256, 258,
    256, 255, 255, 255, 254, 254, 255, 257, 257, 253, 254, 256, 255, 257,
    254, 255, 256, 258, 254, 258, 255, 259, 255, 255, 254, 256, 255, 259,
    255, 258, 258, 255, 258 ]
headPositionsY: [ 70, 81, 80, 83, 82, 84, 80, 83, 84, 80, 83, 83, 81, 84,
    83, 83, 82, 82, 80, 80, 81, 79, 82, 79, 81, 75, 78, 75, 75, 71, 70,
    71, 68, 71, 68, 66, 66, 66, 72, 71, 69, 69, 70, 67, 66, 69, 67, 68,
    71, 67, 67, 71, 71, 68, 70, 68, 70, 70, 67, 70, 66, 69, 65, 69, 69,
    68, 70, 72, 71, 68, 68, 71, 71, 67, 65, 71, 66, 71, 68, 68, 69, 68,
    71, 69, 68, 70, 68, 66, 72, 70, 69, 70, 69, 68, 69, 66, 69, 72, 70,
    71 ]
