%YAML:1.0
---
videoName: "headNod42.mp4"
gestureLabel: 202
fps: 30
pixelSizeInCmTemp: 3.0316455696202532e-01
faceCenterPointX: 265
faceCenterPointY: 77
headPositionsX: [ 266, 267, 269, 266, 270, 268, 268, 267, 271, 271, 267,
    268, 266, 270, 268, 272, 269, 269, 271, 270, 267, 267, 267, 269, 268,
    269, 268, 264, 265, 268, 266, 266, 267, 266, 267, 264, 264, 264, 267,
    266, 266, 264, 264, 262, 267, 267, 263, 267, 264, 265, 265, 265, 267,
    266, 265, 263, 266, 267, 264, 267, 265, 267, 266, 263, 267, 265, 266,
    265, 264, 264, 263, 266, 267, 268, 267, 268, 266, 265, 266, 267, 265,
    267, 264, 266, 267, 267, 267, 267, 264, 267, 264, 264, 265, 266, 263,
    265, 266, 267, 265, 264 ]
headPositionsY: [ 75, 77, 75, 76, 77, 76, 77, 78, 77, 77, 76, 79, 74, 75,
    77, 68, 70, 64, 65, 65, 67, 71, 68, 73, 79, 82, 88, 92, 89, 92, 90,
    82, 77, 77, 76, 68, 67, 70, 70, 73, 76, 77, 83, 84, 86, 84, 78, 80,
    73, 75, 73, 73, 73, 74, 72, 78, 80, 86, 86, 83, 82, 82, 82, 77, 76,
    76, 72, 77, 74, 76, 76, 80, 83, 83, 79, 81, 74, 75, 76, 74, 72, 76,
    77, 75, 78, 82, 80, 83, 81, 81, 79, 80, 76, 80, 77, 79, 76, 77, 79,
    78 ]
