%YAML:1.0
---
videoName: "headShake43.mp4"
gestureLabel: 201
fps: 29
pixelSizeInCmTemp: 3.2808219178082193e-01
faceCenterPointX: 257
faceCenterPointY: 84
headPositionsX: [ 258, 263, 260, 262, 258, 259, 261, 262, 262, 260, 262,
    260, 259, 262, 259, 261, 259, 262, 258, 259, 262, 261, 262, 261, 262,
    261, 260, 263, 270, 272, 274, 274, 279, 277, 279, 282, 282, 279, 279,
    276, 268, 267, 263, 256, 254, 247, 244, 246, 242, 243, 249, 253, 254,
    260, 269, 270, 273, 272, 272, 274, 273, 264, 262, 255, 253, 244, 243,
    245, 243, 248, 246, 250, 256, 262, 263, 268, 267, 267, 270, 269, 268,
    266, 264, 263, 263, 260, 262, 257, 257, 257, 255, 258, 257, 257, 255,
    257, 257, 255, 256, 255 ]
headPositionsY: [ 82, 87, 86, 83, 85, 83, 87, 84, 86, 87, 87, 87, 83, 86,
    83, 86, 85, 84, 84, 87, 87, 88, 87, 87, 84, 83, 85, 85, 84, 82, 86,
    83, 83, 84, 82, 83, 82, 83, 82, 82, 85, 86, 84, 87, 84, 82, 81, 82,
    85, 86, 82, 84, 82, 83, 82, 82, 84, 83, 83, 82, 81, 83, 83, 84, 83,
    82, 83, 84, 81, 83, 86, 83, 84, 86, 86, 86, 84, 85, 85, 81, 83, 84,
    82, 86, 86, 84, 85, 86, 86, 86, 85, 81, 82, 82, 85, 84, 83, 82, 82,
    84 ]
