%YAML:1.0
---
videoName: "headNod24.mp4"
gestureLabel: 202
fps: 29
pixelSizeInCmTemp: 3.1513157894736843e-01
faceCenterPointX: 272
faceCenterPointY: 72
headPositionsX: [ 271, 277, 276, 276, 276, 272, 273, 273, 277, 274, 277,
    274, 273, 276, 276, 272, 273, 272, 274, 276, 272, 271, 272, 271, 272,
    273, 274, 273, 272, 271, 270, 274, 272, 273, 273, 275, 272, 274, 275,
    276, 275, 274, 270, 273, 272, 272, 271, 275, 271, 270, 272, 276, 275,
    274, 273, 273, 275, 270, 270, 270, 272, 272, 270, 270, 271, 269, 273,
    270, 270, 273, 274, 270, 271, 270, 268, 273, 272, 270, 271, 268, 271,
    268, 272, 268, 270, 271, 270, 270, 271, 269, 273, 270, 271, 270, 272,
    274, 271, 273, 273, 271 ]
headPositionsY: [ 70, 75, 72, 74, 73, 73, 71, 74, 74, 71, 73, 74, 71, 73,
    71, 76, 74, 72, 75, 73, 74, 73, 73, 72, 74, 71, 76, 75, 74, 74, 75,
    75, 74, 75, 73, 75, 73, 69, 67, 68, 72, 75, 74, 81, 80, 80, 77, 73,
    69, 68, 66, 65, 68, 74, 76, 75, 76, 72, 71, 67, 67, 67, 67, 71, 73,
    73, 74, 74, 75, 73, 71, 69, 68, 68, 68, 70, 72, 74, 77, 74, 73, 75,
    76, 72, 69, 72, 69, 71, 71, 73, 72, 73, 75, 74, 72, 72, 75, 70, 72,
    72 ]
