%YAML:1.0
---
videoName: "headLookLeft8.mp4"
gestureLabel: 203
fps: 29
pixelSizeInCmTemp: 3.6287878787878786e-01
faceCenterPointX: 273
faceCenterPointY: 69
headPositionsX: [ 275, 240, 243, 242, 243, 239, 240, 243, 242, 241, 240,
    243, 244, 243, 245, 246, 244, 248, 249, 246, 246, 247, 247, 247, 247,
    245, 248, 245, 248, 246, 247, 245, 245, 246, 245, 248, 245, 248, 248,
    246, 244, 243, 246, 245, 244, 245, 246, 248, 244, 244, 248, 246, 247,
    246, 249, 253, 255, 255, 256, 259, 264, 266, 266, 273, 271, 273, 274,
    281, 283, 274, 277, 278, 280, 274, 278, 275, 274, 276, 277, 277, 280,
    277, 280, 271, 270, 273, 277, 276, 276, 277, 274, 276, 273, 275, 277,
    272, 276, 277, 271, 270 ]
headPositionsY: [ 69, 68, 69, 66, 67, 70, 68, 69, 70, 69, 67, 65, 68, 68,
    69, 69, 67, 70, 68, 68, 68, 71, 69, 69, 71, 68, 72, 72, 72, 72, 72,
    72, 72, 70, 70, 72, 70, 74, 70, 70, 73, 73, 73, 74, 74, 73, 73, 71,
    73, 73, 74, 73, 75, 72, 71, 71, 72, 69, 69, 71, 70, 72, 68, 72, 67,
    69, 68, 69, 73, 70, 68, 69, 71, 71, 70, 69, 71, 70, 70, 69, 70, 69,
    70, 70, 68, 69, 68, 68, 71, 68, 67, 67, 67, 67, 73, 67, 70, 70, 68,
    69 ]
