%YAML:1.0
---
videoName: "headLookLeft7.mp4"
gestureLabel: 203
fps: 29
pixelSizeInCmTemp: 3.4214285714285714e-01
faceCenterPointX: 268
faceCenterPointY: 68
headPositionsX: [ 266, 245, 246, 245, 244, 243, 245, 248, 245, 246, 243,
    246, 244, 245, 245, 246, 245, 247, 245, 245, 246, 248, 246, 247, 246,
    243, 248, 245, 246, 246, 247, 250, 255, 252, 256, 261, 260, 262, 263,
    263, 266, 267, 269, 264, 266, 269, 271, 269, 267, 269, 266, 269, 270,
    270, 267, 270, 267, 268, 267, 272, 267, 270, 268, 267, 267, 266, 265,
    268, 267, 265, 271, 266, 269, 266, 267, 268, 270, 268, 267, 270, 269,
    271, 268, 269, 271, 269, 267, 268, 264, 271, 272, 270, 269, 267, 267,
    271, 267, 271, 267, 269 ]
headPositionsY: [ 70, 69, 69, 70, 72, 70, 69, 71, 71, 70, 67, 71, 69, 68,
    70, 71, 69, 68, 69, 68, 71, 72, 68, 70, 69, 70, 68, 69, 68, 71, 68,
    69, 69, 69, 67, 69, 67, 67, 68, 69, 67, 69, 68, 66, 66, 69, 69, 69,
    71, 68, 71, 69, 66, 71, 68, 69, 67, 69, 68, 69, 67, 69, 68, 68, 69,
    68, 68, 69, 70, 67, 69, 68, 70, 72, 68, 69, 71, 69, 69, 70, 68, 69,
    71, 70, 68, 70, 67, 68, 70, 68, 70, 68, 71, 71, 71, 72, 69, 68, 70,
    67 ]
