%YAML:1.0
---
videoName: "headNod20.mp4"
gestureLabel: 202
fps: 30
pixelSizeInCmTemp: 3.2808219178082193e-01
faceCenterPointX: 253
faceCenterPointY: 80
headPositionsX: [ 251, 257, 256, 257, 258, 257, 256, 256, 254, 254, 254,
    253, 255, 256, 256, 253, 254, 254, 257, 255, 257, 253, 254, 256, 257,
    253, 258, 257, 257, 256, 254, 256, 257, 255, 258, 254, 253, 254, 255,
    255, 253, 255, 255, 253, 255, 251, 256, 250, 251, 251, 253, 253, 251,
    251, 252, 253, 252, 250, 253, 253, 252, 255, 250, 250, 253, 254, 255,
    253, 253, 251, 251, 255, 252, 254, 251, 254, 252, 254, 250, 251, 252,
    250, 253, 253, 254, 254, 254, 255, 251, 255, 252, 255, 252, 254, 251,
    252, 254, 253, 254, 252 ]
headPositionsY: [ 81, 80, 79, 78, 76, 78, 77, 77, 79, 78, 76, 76, 79, 77,
    80, 75, 81, 80, 80, 78, 76, 77, 78, 79, 77, 79, 79, 81, 82, 82, 82,
    84, 85, 88, 84, 81, 81, 77, 76, 71, 72, 69, 72, 76, 76, 81, 82, 85,
    88, 87, 85, 83, 79, 76, 76, 74, 79, 80, 79, 83, 82, 81, 83, 81, 77,
    80, 79, 78, 81, 84, 81, 78, 80, 80, 79, 79, 83, 79, 80, 82, 83, 80,
    78, 78, 78, 82, 82, 80, 79, 82, 81, 83, 79, 79, 78, 80, 78, 81, 82,
    81 ]
