%YAML:1.0
---
videoName: "headNod44.mp4"
gestureLabel: 202
fps: 29
pixelSizeInCmTemp: 2.9567901234567900e-01
faceCenterPointX: 268
faceCenterPointY: 78
headPositionsX: [ 268, 269, 269, 271, 271, 269, 267, 269, 272, 268, 268,
    268, 269, 269, 271, 268, 268, 268, 270, 270, 269, 269, 268, 269, 270,
    269, 267, 267, 267, 267, 266, 269, 266, 267, 270, 266, 265, 266, 266,
    265, 264, 264, 268, 267, 266, 266, 269, 267, 266, 266, 266, 269, 267,
    266, 266, 268, 269, 270, 270, 267, 269, 271, 268, 270, 269, 269, 266,
    269, 268, 270, 271, 268, 270, 267, 271, 268, 270, 267, 269, 267, 269,
    268, 267, 270, 267, 267, 267, 269, 269, 269, 266, 267, 266, 266, 266,
    266, 266, 269, 270, 268 ]
headPositionsY: [ 80, 72, 77, 72, 73, 76, 73, 75, 75, 74, 75, 76, 72, 72,
    73, 76, 74, 75, 77, 83, 86, 89, 91, 96, 93, 95, 88, 83, 81, 75, 70,
    68, 71, 70, 74, 73, 78, 85, 86, 89, 87, 82, 79, 76, 74, 70, 74, 73,
    77, 81, 86, 89, 90, 89, 86, 80, 80, 74, 75, 75, 77, 79, 77, 82, 83,
    84, 86, 79, 81, 80, 74, 79, 76, 77, 81, 81, 85, 85, 86, 86, 83, 81,
    78, 78, 79, 80, 77, 78, 75, 76, 77, 79, 78, 79, 75, 77, 78, 79, 80,
    76 ]
