%YAML:1.0
---
videoName: "headNod18.mp4"
gestureLabel: 202
fps: 29
pixelSizeInCmTemp: 3.3263888888888887e-01
faceCenterPointX: 255
faceCenterPointY: 77
headPositionsX: [ 255, 256, 254, 254, 257, 255, 255, 256, 258, 258, 255,
    259, 255, 257, 257, 256, 256, 255, 257, 255, 253, 257, 254, 254, 257,
    254, 258, 255, 254, 255, 257, 254, 255, 255, 256, 255, 254, 254, 257,
    253, 256, 257, 257, 255, 257, 255, 257, 255, 255, 254, 255, 256, 252,
    255, 253, 255, 255, 256, 252, 255, 253, 254, 256, 252, 254, 255, 252,
    256, 256, 252, 255, 253, 254, 255, 256, 256, 254, 257, 256, 253, 254,
    256, 253, 256, 254, 252, 256, 255, 256, 254, 252, 252, 256, 257, 254,
    255, 257, 255, 256, 256 ]
headPositionsY: [ 75, 76, 79, 79, 77, 75, 76, 78, 79, 77, 79, 77, 76, 76,
    75, 76, 77, 78, 77, 80, 76, 78, 78, 80, 80, 80, 78, 79, 80, 76, 79,
    78, 77, 76, 80, 76, 76, 78, 76, 78, 77, 75, 74, 71, 70, 72, 71, 72,
    76, 75, 76, 80, 80, 84, 82, 80, 79, 76, 72, 72, 73, 72, 78, 77, 81,
    84, 81, 76, 73, 76, 74, 75, 79, 80, 85, 84, 81, 78, 77, 74, 76, 74,
    77, 76, 81, 81, 81, 82, 82, 78, 81, 76, 78, 75, 77, 75, 78, 79, 78,
    77 ]
