%YAML:1.0
---
videoName: "headNod23.mp4"
gestureLabel: 202
fps: 29
pixelSizeInCmTemp: 3.1933333333333330e-01
faceCenterPointX: 273
faceCenterPointY: 75
headPositionsX: [ 271, 273, 275, 275, 273, 272, 276, 276, 273, 273, 273,
    275, 274, 275, 275, 272, 273, 273, 275, 272, 276, 277, 276, 275, 271,
    274, 272, 276, 276, 274, 277, 276, 273, 276, 276, 277, 275, 274, 272,
    274, 271, 272, 270, 271, 272, 274, 273, 272, 274, 272, 275, 275, 276,
    275, 272, 276, 271, 275, 275, 274, 272, 275, 274, 273, 272, 272, 275,
    274, 277, 275, 273, 276, 274, 272, 273, 273, 275, 276, 273, 273, 275,
    275, 276, 275, 275, 274, 272, 273, 275, 276, 276, 275, 273, 272, 273,
    275, 274, 273, 274, 271 ]
headPositionsY: [ 76, 78, 74, 79, 77, 78, 76, 77, 75, 77, 75, 74, 79, 78,
    75, 75, 75, 76, 77, 79, 77, 79, 76, 76, 72, 74, 67, 68, 67, 68, 64,
    62, 68, 66, 66, 71, 71, 74, 80, 82, 84, 81, 80, 80, 78, 74, 71, 69,
    67, 66, 67, 67, 71, 71, 73, 75, 77, 76, 77, 79, 75, 74, 73, 70, 72,
    68, 70, 70, 68, 71, 70, 76, 73, 79, 80, 77, 77, 78, 75, 79, 78, 75,
    73, 72, 74, 71, 75, 71, 73, 74, 73, 73, 73, 78, 76, 78, 77, 73, 77,
    77 ]
