%YAML:1.0
---
videoName: "headShake34.mp4"
gestureLabel: 201
fps: 29
pixelSizeInCmTemp: 3.2364864864864862e-01
faceCenterPointX: 263
faceCenterPointY: 83
headPositionsX: [ 265, 264, 264, 265, 263, 262, 264, 265, 261, 266, 265,
    262, 265, 262, 264, 262, 264, 266, 264, 263, 267, 263, 265, 264, 265,
    265, 262, 263, 266, 261, 261, 264, 263, 263, 263, 263, 266, 265, 268,
    269, 273, 273, 276, 278, 278, 278, 278, 279, 275, 274, 270, 270, 263,
    262, 256, 253, 252, 251, 252, 255, 257, 261, 264, 265, 270, 271, 272,
    268, 265, 262, 256, 255, 254, 254, 255, 257, 260, 262, 263, 264, 266,
    266, 264, 265, 263, 266, 267, 266, 263, 266, 265, 265, 264, 261, 263,
    264, 261, 265, 265, 264 ]
headPositionsY: [ 82, 81, 81, 82, 81, 85, 82, 85, 81, 84, 85, 83, 82, 81,
    85, 81, 81, 85, 83, 85, 85, 81, 85, 83, 81, 81, 84, 82, 83, 83, 82,
    84, 84, 82, 86, 85, 81, 84, 85, 84, 81, 84, 81, 79, 83, 80, 84, 79,
    83, 80, 81, 82, 82, 84, 80, 82, 80, 81, 80, 82, 86, 83, 81, 81, 82,
    81, 81, 82, 83, 81, 82, 82, 85, 85, 84, 81, 82, 84, 85, 83, 82, 82,
    85, 84, 86, 86, 81, 81, 84, 83, 84, 82, 85, 81, 85, 82, 85, 82, 86,
    86 ]
