%YAML:1.0
---
videoName: "headLookRight0.mp4"
gestureLabel: 204
fps: 29
pixelSizeInCmTemp: 3.1933333333333330e-01
faceCenterPointX: 229
faceCenterPointY: 68
headPositionsX: [ 227, 257, 255, 255, 256, 255, 258, 258, 255, 254, 254,
    256, 254, 259, 256, 259, 254, 254, 257, 254, 259, 258, 255, 255, 256,
    256, 258, 256, 258, 256, 255, 256, 253, 255, 257, 256, 255, 253, 254,
    251, 252, 248, 250, 246, 242, 239, 237, 235, 237, 237, 235, 233, 236,
    233, 236, 235, 234, 236, 232, 231, 233, 231, 235, 232, 233, 234, 233,
    234, 234, 236, 233, 234, 232, 235, 234, 234, 228, 232, 230, 231, 233,
    232, 232, 229, 230, 230, 231, 230, 231, 228, 232, 231, 228, 227, 228,
    228, 228, 231, 227, 230 ]
headPositionsY: [ 66, 66, 63, 64, 65, 65, 63, 65, 64, 68, 68, 66, 65, 67,
    67, 65, 65, 65, 65, 66, 66, 65, 65, 68, 69, 65, 70, 65, 65, 68, 67,
    69, 68, 68, 67, 66, 66, 68, 70, 70, 65, 68, 66, 65, 69, 67, 65, 70,
    66, 69, 70, 70, 67, 69, 71, 66, 66, 69, 67, 65, 69, 68, 70, 66, 68,
    65, 68, 70, 69, 70, 67, 69, 70, 69, 66, 67, 67, 67, 70, 66, 66, 66,
    67, 67, 67, 69, 69, 67, 68, 67, 66, 69, 68, 68, 68, 69, 67, 68, 67,
    68 ]
