%YAML:1.0
---
videoName: "headLookRight7.mp4"
gestureLabel: 204
fps: 30
pixelSizeInCmTemp: 3.4710144927536229e-01
faceCenterPointX: 226
faceCenterPointY: 74
headPositionsX: [ 225, 251, 250, 250, 249, 251, 250, 250, 249, 249, 247,
    249, 251, 248, 251, 250, 248, 248, 251, 251, 248, 251, 247, 251, 250,
    247, 250, 248, 245, 247, 242, 240, 240, 239, 238, 230, 231, 226, 229,
    227, 227, 224, 225, 222, 224, 222, 223, 223, 223, 223, 224, 223, 223,
    225, 222, 225, 224, 222, 224, 225, 226, 222, 224, 222, 225, 222, 222,
    221, 222, 226, 218, 227, 223, 224, 223, 224, 222, 222, 224, 222, 221,
    220, 227, 222, 226, 223, 227, 223, 226, 224, 225, 223, 220, 225, 224,
    223, 223, 223, 223, 226 ]
headPositionsY: [ 74, 74, 72, 77, 74, 75, 76, 74, 72, 75, 73, 74, 77, 72,
    74, 76, 73, 76, 73, 76, 74, 74, 74, 77, 76, 77, 74, 76, 73, 72, 76,
    73, 73, 75, 74, 74, 75, 77, 72, 74, 72, 74, 70, 76, 73, 73, 74, 72,
    75, 75, 76, 77, 76, 76, 74, 75, 73, 70, 72, 75, 76, 71, 75, 71, 76,
    73, 75, 74, 73, 75, 80, 74, 74, 74, 75, 74, 76, 73, 72, 74, 73, 77,
    76, 78, 73, 76, 75, 77, 72, 75, 78, 72, 73, 76, 75, 74, 74, 74, 75,
    77 ]
