%YAML:1.0
---
videoName: "headShake11.mp4"
gestureLabel: 201
fps: 29
pixelSizeInCmTemp: 3.2364864864864862e-01
faceCenterPointX: 244
faceCenterPointY: 76
headPositionsX: [ 246, 241, 243, 243, 242, 242, 243, 240, 244, 244, 240,
    242, 241, 241, 239, 243, 242, 241, 244, 242, 242, 240, 241, 244, 243,
    243, 242, 243, 247, 248, 256, 257, 259, 261, 262, 263, 259, 259, 252,
    247, 242, 238, 233, 228, 226, 227, 230, 233, 234, 238, 247, 252, 253,
    257, 260, 258, 256, 254, 249, 244, 238, 237, 231, 232, 230, 231, 234,
    240, 241, 247, 253, 255, 258, 256, 258, 257, 255, 249, 246, 239, 238,
    234, 236, 237, 236, 236, 238, 242, 243, 245, 249, 249, 246, 247, 246,
    247, 245, 248, 243, 242 ]
headPositionsY: [ 77, 72, 71, 70, 71, 71, 73, 74, 73, 75, 74, 70, 72, 70,
    72, 75, 72, 74, 73, 75, 75, 72, 74, 74, 72, 75, 71, 74, 70, 75, 74,
    72, 71, 70, 69, 74, 73, 74, 71, 76, 72, 73, 76, 75, 72, 76, 75, 73,
    76, 75, 76, 72, 75, 73, 72, 72, 75, 75, 76, 74, 78, 78, 78, 73, 75,
    77, 76, 76, 75, 77, 74, 75, 71, 72, 72, 71, 75, 73, 74, 74, 75, 73,
    72, 74, 75, 76, 75, 76, 76, 74, 75, 76, 76, 74, 75, 73, 75, 75, 76,
    77 ]
