%YAML:1.0
---
videoName: "headShake30.mp4"
gestureLabel: 201
fps: 29
pixelSizeInCmTemp: 3.2808219178082193e-01
faceCenterPointX: 240
faceCenterPointY: 68
headPositionsX: [ 239, 233, 233, 235, 234, 231, 234, 230, 233, 234, 235,
    235, 237, 239, 238, 239, 242, 242, 241, 243, 244, 241, 241, 244, 246,
    240, 244, 241, 244, 239, 240, 238, 239, 241, 241, 239, 237, 241, 242,
    248, 251, 256, 256, 256, 259, 258, 259, 255, 252, 243, 239, 228, 226,
    223, 223, 223, 229, 236, 241, 247, 249, 250, 250, 252, 246, 241, 235,
    234, 229, 226, 227, 230, 232, 235, 240, 245, 250, 251, 250, 251, 246,
    242, 240, 238, 239, 235, 237, 235, 237, 237, 238, 242, 238, 240, 241,
    242, 238, 241, 241, 241 ]
headPositionsY: [ 69, 55, 55, 55, 57, 60, 59, 58, 62, 64, 63, 63, 63, 66,
    63, 66, 63, 67, 68, 64, 67, 63, 63, 63, 65, 66, 67, 64, 66, 63, 67,
    66, 66, 67, 64, 68, 68, 64, 66, 64, 64, 64, 65, 63, 66, 66, 67, 67,
    68, 67, 66, 67, 69, 69, 69, 68, 69, 70, 69, 68, 68, 68, 65, 68, 68,
    67, 67, 70, 68, 69, 70, 67, 68, 67, 70, 67, 65, 68, 68, 68, 67, 66,
    69, 67, 66, 67, 66, 66, 68, 66, 66, 70, 66, 66, 66, 67, 68, 67, 70,
    67 ]
