%YAML:1.0
---
videoName: "headShake35.mp4"
gestureLabel: 201
fps: 29
pixelSizeInCmTemp: 3.2364864864864862e-01
faceCenterPointX: 267
faceCenterPointY: 82
headPositionsX: [ 268, 269, 265, 267, 269, 267, 267, 265, 269, 269, 269,
    267, 267, 270, 268, 268, 267, 268, 271, 269, 266, 266, 269, 267, 271,
    269, 268, 267, 266, 271, 267, 266, 268, 266, 268, 266, 268, 267, 266,
    269, 269, 266, 265, 268, 269, 269, 269, 268, 266, 270, 265, 267, 266,
    265, 265, 267, 269, 269, 267, 266, 266, 269, 268, 270, 272, 275, 280,
    281, 279, 279, 278, 269, 268, 263, 262, 256, 261, 262, 266, 269, 271,
    275, 274, 271, 270, 268, 263, 263, 260, 263, 262, 262, 267, 267, 269,
    268, 268, 266, 268, 267 ]
headPositionsY: [ 82, 81, 80, 79, 81, 80, 80, 80, 78, 80, 82, 79, 81, 82,
    81, 80, 79, 79, 80, 82, 82, 78, 81, 80, 80, 78, 77, 82, 81, 79, 80,
    80, 80, 78, 79, 78, 80, 79, 81, 82, 83, 80, 80, 82, 80, 78, 81, 80,
    79, 82, 79, 80, 79, 79, 78, 82, 78, 82, 82, 80, 80, 81, 80, 79, 79,
    78, 78, 82, 82, 82, 79, 81, 80, 80, 81, 82, 80, 83, 84, 83, 84, 83,
    81, 81, 82, 80, 79, 81, 81, 82, 83, 81, 83, 83, 83, 82, 79, 82, 80,
    84 ]
