%YAML:1.0
---
videoName: "headNod43.mp4"
gestureLabel: 202
fps: 29
pixelSizeInCmTemp: 2.8855421686746985e-01
faceCenterPointX: 268
faceCenterPointY: 74
headPositionsX: [ 268, 270, 271, 270, 267, 272, 270, 267, 270, 270, 269,
    271, 271, 268, 269, 266, 269, 267, 270, 268, 266, 271, 266, 267, 265,
    269, 265, 265, 267, 266, 265, 263, 267, 267, 266, 266, 266, 264, 263,
    264, 266, 265, 264, 262, 263, 263, 266, 266, 268, 263, 264, 265, 263,
    262, 263, 264, 266, 267, 263, 264, 263, 266, 266, 263, 265, 265, 267,
    267, 266, 267, 267, 266, 269, 269, 267, 268, 266, 268, 268, 269, 269,
    270, 267, 266, 268, 270, 271, 268, 270, 271, 271, 269, 267, 268, 270,
    270, 270, 266, 268, 266 ]
headPositionsY: [ 76, 78, 74, 75, 75, 77, 75, 74, 74, 75, 76, 77, 74, 73,
    74, 74, 74, 76, 73, 75, 74, 75, 76, 75, 76, 80, 78, 84, 85, 92, 90,
    87, 86, 83, 77, 79, 80, 78, 82, 87, 86, 89, 91, 89, 83, 80, 78, 82,
    83, 87, 89, 92, 89, 91, 86, 85, 81, 82, 80, 86, 88, 90, 90, 91, 89,
    85, 86, 82, 81, 77, 79, 82, 85, 89, 88, 90, 92, 86, 85, 82, 76, 77,
    75, 73, 71, 70, 72, 71, 73, 73, 71, 76, 75, 73, 71, 72, 73, 74, 72,
    74 ]
