%YAML:1.0
---
videoName: "headNod19.mp4"
gestureLabel: 202
fps: 29
pixelSizeInCmTemp: 3.1933333333333330e-01
faceCenterPointX: 255
faceCenterPointY: 81
headPositionsX: [ 255, 257, 259, 257, 259, 258, 259, 258, 257, 256, 257,
    255, 256, 256, 253, 254, 255, 253, 252, 254, 250, 252, 248, 253, 250,
    251, 248, 249, 248, 251, 250, 253, 253, 252, 254, 252, 254, 255, 255,
    256, 255, 257, 255, 254, 254, 257, 253, 255, 257, 255, 257, 258, 257,
    254, 257, 254, 254, 258, 253, 253, 254, 252, 254, 258, 254, 256, 254,
    257, 256, 257, 255, 258, 254, 257, 257, 257, 255, 257, 254, 253, 256,
    255, 255, 253, 257, 256, 254, 253, 254, 255, 254, 256, 254, 256, 258,
    255, 257, 253, 255, 254 ]
headPositionsY: [ 79, 86, 83, 80, 83, 76, 75, 77, 74, 76, 76, 74, 78, 75,
    76, 79, 79, 79, 80, 77, 76, 81, 76, 80, 78, 77, 80, 80, 78, 80, 77,
    79, 79, 81, 80, 78, 79, 77, 80, 80, 79, 81, 80, 79, 79, 77, 76, 78,
    79, 79, 80, 77, 78, 78, 79, 78, 79, 81, 77, 79, 78, 81, 78, 78, 81,
    78, 80, 78, 76, 75, 73, 72, 77, 75, 79, 83, 82, 86, 83, 79, 77, 74,
    76, 79, 83, 84, 83, 86, 83, 81, 81, 80, 82, 84, 80, 80, 81, 80, 83,
    83 ]
