%YAML:1.0
---
videoName: "headNod19.mp4"
gestureLabel: 202
fps: 29
pixelSizeInCmTemp: 3.1933333333333330e-01
faceCenterPointX: 255
faceCenterPointY: 81
headPositionsX: [ 253, 259, 257, 256, 259, 254, 255, 256, 256, 256, 257,
    258, 255, 252, 255, 257, 254, 254, 252, 255, 253, 254, 252, 252, 252,
    251, 252, 253, 250, 250, 251, 253, 253, 254, 254, 251, 254, 254, 252,
    252, 256, 255, 257, 254, 254, 257, 255, 256, 254, 254, 257, 255, 257,
    258, 256, 257, 256, 256, 253, 255, 256, 255, 255, 256, 253, 257, 255,
    256, 256, 255, 255, 256, 258, 257, 257, 253, 257, 257, 253, 256, 256,
    253, 256, 256, 255, 253, 253, 256, 254, 256, 255, 254, 257, 258, 257,
    257, 256, 256, 258, 256 ]
headPositionsY: [ 79, 83, 86, 83, 80, 78, 77, 78, 78, 77, 78, 76, 78, 77,
    79, 77, 77, 79, 76, 80, 78, 80, 76, 77, 81, 77, 77, 77, 78, 81, 77,
    79, 76, 78, 78, 77, 81, 79, 77, 78, 79, 78, 79, 78, 77, 77, 76, 78,
    80, 76, 81, 81, 79, 80, 79, 80, 77, 80, 78, 78, 79, 77, 79, 77, 81,
    82, 78, 77, 77, 74, 75, 72, 76, 78, 82, 84, 85, 85, 79, 80, 76, 78,
    78, 80, 84, 85, 85, 83, 82, 84, 81, 81, 84, 83, 80, 82, 81, 82, 84,
    83 ]
