%YAML:1.0
---
videoName: "headLookRight0.mp4"
gestureLabel: 204
fps: 29
pixelSizeInCmTemp: 3.1933333333333330e-01
faceCenterPointX: 229
faceCenterPointY: 68
headPositionsX: [ 228, 256, 255, 254, 254, 255, 254, 255, 254, 257, 258,
    259, 254, 258, 256, 258, 254, 254, 256, 257, 257, 259, 257, 257, 259,
    253, 257, 257, 257, 257, 253, 258, 256, 256, 258, 254, 255, 257, 256,
    253, 251, 247, 248, 244, 244, 242, 236, 237, 238, 233, 233, 236, 237,
    235, 232, 234, 232, 235, 233, 233, 232, 233, 232, 235, 232, 234, 233,
    234, 235, 234, 231, 237, 232, 236, 234, 232, 232, 232, 233, 229, 236,
    230, 234, 230, 232, 231, 230, 233, 228, 232, 232, 230, 228, 228, 227,
    228, 230, 229, 227, 228 ]
headPositionsY: [ 69, 65, 64, 66, 65, 66, 66, 64, 63, 65, 64, 67, 65, 65,
    67, 68, 67, 66, 68, 66, 67, 68, 65, 65, 68, 69, 66, 67, 65, 69, 67,
    69, 70, 69, 70, 67, 66, 66, 69, 66, 67, 66, 66, 68, 68, 70, 69, 68,
    66, 69, 68, 69, 65, 67, 67, 66, 67, 68, 70, 66, 69, 68, 66, 67, 69,
    68, 65, 70, 65, 69, 69, 68, 66, 70, 70, 67, 67, 68, 68, 69, 69, 69,
    67, 69, 69, 68, 67, 68, 66, 67, 68, 68, 70, 67, 67, 66, 67, 65, 70,
    67 ]
