%YAML:1.0
---
videoName: "headLookUp1.mp4"
gestureLabel: 205
fps: 29
pixelSizeInCmTemp: 3.7421874999999999e-01
faceCenterPointX: 258
faceCenterPointY: 66
headPositionsX: [ 258, 260, 261, 261, 261, 258, 260, 259, 257, 259, 257,
    260, 258, 258, 259, 260, 261, 259, 259, 260, 258, 261, 257, 257, 257,
    260, 260, 260, 258, 258, 258, 257, 259, 257, 258, 256, 258, 257, 260,
    261, 258, 260, 260, 257, 259, 256, 256, 261, 257, 256, 259, 259, 257,
    256, 260, 257, 259, 258, 255, 257, 258, 258, 258, 257, 255, 259, 258,
    257, 260, 257, 258, 258, 262, 261, 255, 258, 260, 261, 261, 259, 260,
    256, 258, 258, 256, 259, 256, 255, 257, 258, 260, 259, 256, 259, 256,
    258, 258, 259, 259, 259 ]
headPositionsY: [ 65, 80, 83, 82, 80, 80, 82, 81, 81, 79, 80, 80, 83, 80,
    78, 82, 81, 79, 79, 80, 83, 84, 80, 78, 80, 81, 81, 81, 80, 79, 81,
    79, 80, 79, 80, 80, 79, 81, 81, 79, 78, 79, 77, 74, 76, 73, 70, 68,
    66, 68, 68, 67, 67, 67, 65, 62, 68, 65, 64, 66, 69, 65, 67, 63, 65,
    65, 64, 62, 68, 65, 67, 67, 63, 66, 65, 66, 67, 64, 64, 64, 68, 68,
    68, 65, 62, 69, 65, 68, 63, 66, 64, 69, 65, 67, 65, 64, 64, 65, 66,
    68 ]
