%YAML:1.0
---
videoName: "headShake21.mp4"
gestureLabel: 201
fps: 29
pixelSizeInCmTemp: 3.1933333333333330e-01
faceCenterPointX: 241
faceCenterPointY: 78
headPositionsX: [ 242, 244, 243, 245, 243, 240, 243, 244, 242, 241, 239,
    240, 241, 242, 240, 240, 241, 242, 242, 243, 244, 243, 242, 243, 244,
    242, 246, 243, 245, 242, 241, 241, 241, 241, 243, 243, 240, 241, 244,
    241, 243, 241, 243, 241, 243, 242, 243, 244, 241, 242, 242, 241, 241,
    240, 243, 239, 243, 243, 243, 244, 242, 239, 241, 241, 238, 239, 237,
    244, 248, 249, 251, 250, 250, 248, 245, 241, 237, 231, 233, 232, 238,
    237, 239, 240, 241, 243, 240, 240, 238, 237, 237, 239, 239, 240, 239,
    242, 241, 239, 242, 239 ]
headPositionsY: [ 78, 82, 81, 80, 78, 76, 74, 74, 70, 73, 70, 69, 70, 68,
    72, 73, 72, 72, 72, 72, 72, 71, 72, 71, 72, 77, 76, 73, 75, 77, 76,
    75, 78, 78, 76, 78, 76, 76, 75, 78, 76, 76, 79, 79, 79, 80, 80, 77,
    76, 78, 79, 80, 76, 79, 79, 79, 78, 76, 79, 80, 79, 78, 78, 76, 79,
    78, 76, 78, 76, 75, 79, 76, 79, 78, 76, 77, 77, 76, 78, 77, 80, 79,
    79, 80, 79, 79, 76, 79, 80, 77, 79, 78, 77, 77, 77, 80, 81, 77, 78,
    77 ]
