%YAML:1.0
---
videoName: "headLookRight1.mp4"
gestureLabel: 204
fps: 29
pixelSizeInCmTemp: 3.3263888888888887e-01
faceCenterPointX: 232
faceCenterPointY: 68
headPositionsX: [ 231, 257, 257, 257, 254, 258, 255, 256, 258, 258, 254,
    257, 257, 255, 255, 255, 255, 257, 258, 255, 254, 255, 254, 256, 257,
    257, 254, 253, 257, 256, 255, 254, 253, 248, 245, 247, 242, 239, 239,
    237, 233, 235, 232, 231, 230, 233, 232, 225, 228, 230, 231, 233, 230,
    229, 232, 232, 232, 235, 231, 233, 234, 233, 229, 232, 231, 234, 229,
    234, 232, 231, 234, 231, 231, 231, 236, 234, 230, 233, 233, 232, 231,
    231, 231, 230, 229, 233, 231, 232, 231, 232, 234, 231, 230, 229, 233,
    231, 234, 231, 230, 231 ]
headPositionsY: [ 68, 68, 66, 69, 68, 70, 67, 66, 66, 67, 67, 70, 70, 68,
    66, 70, 68, 66, 68, 69, 70, 67, 68, 70, 67, 69, 69, 68, 66, 68, 68,
    70, 67, 70, 68, 66, 67, 65, 68, 70, 67, 70, 66, 67, 68, 66, 67, 71,
    68, 70, 71, 68, 71, 68, 68, 67, 68, 67, 69, 68, 66, 66, 70, 66, 66,
    66, 66, 69, 67, 67, 66, 66, 68, 67, 70, 66, 67, 70, 69, 71, 66, 68,
    68, 68, 68, 67, 67, 70, 66, 71, 67, 67, 65, 67, 70, 66, 68, 68, 68,
    70 ]
