%YAML:1.0
---
videoName: "headLookLeft9.mp4"
gestureLabel: 203
fps: 30
pixelSizeInCmTemp: 3.2364864864864862e-01
faceCenterPointX: 273
faceCenterPointY: 69
headPositionsX: [ 274, 245, 248, 250, 248, 249, 248, 248, 244, 245, 248,
    247, 248, 248, 247, 244, 247, 246, 248, 244, 248, 243, 246, 245, 244,
    245, 243, 246, 245, 243, 243, 245, 248, 248, 250, 250, 256, 258, 257,
    262, 265, 266, 269, 267, 266, 271, 272, 271, 268, 272, 269, 272, 272,
    270, 272, 269, 272, 271, 273, 272, 269, 273, 272, 274, 272, 271, 271,
    272, 273, 270, 271, 269, 272, 271, 275, 274, 271, 268, 271, 268, 269,
    271, 270, 269, 273, 267, 268, 272, 273, 273, 272, 272, 273, 268, 270,
    275, 270, 272, 268, 272 ]
headPositionsY: [ 68, 69, 69, 70, 71, 70, 71, 69, 70, 72, 72, 70, 70, 72,
    69, 71, 72, 71, 72, 72, 73, 70, 72, 70, 70, 71, 70, 69, 69, 69, 73,
    73, 72, 71, 70, 70, 70, 70, 66, 68, 68, 66, 67, 68, 70, 68, 68, 65,
    66, 67, 67, 64, 68, 69, 67, 67, 68, 70, 68, 66, 70, 67, 68, 68, 66,
    71, 65, 66, 71, 67, 65, 69, 67, 69, 68, 66, 70, 67, 65, 68, 68, 69,
    65, 70, 67, 69, 67, 68, 68, 65, 66, 69, 69, 69, 69, 68, 71, 68, 69,
    71 ]
