%YAML:1.0
---
videoName: "headNod20.mp4"
gestureLabel: 202
fps: 30
pixelSizeInCmTemp: 3.2808219178082193e-01
faceCenterPointX: 253
faceCenterPointY: 80
headPositionsX: [ 251, 257, 256, 258, 257, 258, 257, 257, 255, 254, 253,
    256, 253, 255, 255, 256, 255, 255, 255, 255, 257, 255, 256, 256, 254,
    257, 255, 254, 258, 257, 258, 253, 256, 254, 258, 255, 254, 252, 252,
    256, 254, 251, 253, 255, 254, 253, 253, 251, 255, 252, 254, 254, 252,
    249, 253, 251, 249, 251, 250, 251, 254, 254, 254, 251, 254, 255, 253,
    253, 252, 254, 251, 251, 253, 253, 254, 252, 254, 253, 251, 254, 252,
    254, 251, 252, 255, 254, 251, 254, 253, 253, 254, 251, 250, 254, 251,
    253, 254, 252, 252, 252 ]
headPositionsY: [ 79, 77, 76, 79, 78, 77, 80, 78, 76, 76, 77, 79, 78, 77,
    81, 79, 78, 78, 78, 79, 76, 80, 77, 78, 79, 77, 77, 78, 79, 80, 81,
    85, 86, 89, 84, 81, 79, 78, 74, 72, 70, 70, 74, 76, 78, 81, 85, 89,
    86, 90, 87, 85, 81, 77, 78, 78, 78, 77, 81, 80, 82, 82, 82, 81, 77,
    80, 81, 78, 79, 85, 81, 78, 77, 80, 78, 78, 81, 80, 84, 84, 82, 81,
    81, 79, 81, 81, 81, 83, 83, 79, 78, 79, 81, 80, 79, 78, 80, 81, 81,
    80 ]
