%YAML:1.0
---
videoName: "headLookDown5.mp4"
gestureLabel: 206
fps: 29
pixelSizeInCmTemp: 3.4710144927536229e-01
faceCenterPointX: 272
faceCenterPointY: 102
headPositionsX: [ 272, 274, 271, 273, 271, 270, 273, 271, 273, 273, 270,
    270, 273, 271, 269, 271, 273, 272, 271, 272, 272, 270, 271, 271, 274,
    272, 269, 273, 271, 274, 272, 269, 274, 273, 272, 270, 270, 273, 273,
    272, 272, 270, 272, 273, 269, 271, 271, 271, 271, 271, 271, 270, 270,
    271, 275, 271, 272, 271, 271, 272, 269, 271, 273, 272, 270, 269, 270,
    274, 269, 274, 271, 270, 272, 273, 272, 271, 272, 270, 270, 274, 273,
    271, 272, 274, 271, 272, 270, 269, 273, 271, 273, 272, 275, 273, 272,
    271, 275, 273, 275, 271 ]
headPositionsY: [ 101, 85, 84, 86, 84, 84, 84, 86, 84, 82, 85, 82, 83,
    84, 82, 86, 83, 81, 83, 84, 84, 82, 83, 81, 83, 81, 84, 83, 84, 84,
    82, 81, 82, 84, 85, 83, 85, 86, 84, 84, 85, 84, 83, 85, 85, 82, 85,
    86, 88, 90, 89, 89, 92, 94, 96, 97, 94, 97, 99, 99, 101, 99, 100,
    102, 103, 98, 102, 100, 103, 100, 100, 100, 103, 101, 102, 100, 101,
    102, 101, 103, 101, 102, 104, 101, 105, 105, 101, 102, 100, 104, 105,
    103, 104, 105, 99, 102, 104, 104, 103, 102 ]
