%YAML:1.0
---
videoName: "headShake0.mp4"
gestureLabel: 201
fps: 29
pixelSizeInCmTemp: 3.2808219178082193e-01
faceCenterPointX: 279
faceCenterPointY: 94
headPositionsX: [ 278, 281, 277, 280, 280, 277, 281, 279, 279, 277, 280,
    281, 281, 276, 278, 279, 280, 278, 279, 277, 279, 280, 280, 280, 280,
    281, 281, 278, 277, 281, 277, 279, 281, 276, 279, 280, 280, 279, 280,
    280, 278, 279, 285, 287, 294, 293, 301, 301, 299, 301, 299, 291, 287,
    285, 279, 274, 272, 275, 272, 277, 284, 287, 289, 291, 288, 288, 288,
    282, 279, 274, 274, 270, 275, 277, 280, 282, 285, 284, 284, 283, 282,
    279, 278, 278, 275, 277, 279, 277, 279, 280, 279, 280, 281, 280, 279,
    280, 280, 280, 281, 279 ]
headPositionsY: [ 95, 91, 91, 91, 94, 92, 94, 91, 93, 92, 93, 94, 91, 91,
    95, 91, 92, 92, 92, 91, 94, 93, 91, 95, 94, 94, 92, 93, 92, 93, 93,
    95, 92, 93, 91, 91, 94, 95, 91, 92, 94, 94, 90, 92, 92, 90, 93, 92,
    94, 91, 92, 91, 94, 92, 93, 92, 93, 92, 92, 93, 90, 94, 92, 93, 92,
    92, 92, 92, 93, 91, 95, 92, 92, 93, 91, 93, 93, 94, 92, 91, 96, 94,
    95, 92, 96, 95, 94, 94, 94, 95, 92, 95, 93, 95, 93, 92, 93, 94, 93,
    95 ]
