%YAML:1.0
---
videoName: "headShake46.mp4"
gestureLabel: 201
fps: 30
pixelSizeInCmTemp: 3.2364864864864862e-01
faceCenterPointX: 262
faceCenterPointY: 85
headPositionsX: [ 262, 259, 261, 259, 258, 262, 260, 258, 263, 258, 262,
    260, 258, 258, 261, 262, 258, 259, 262, 261, 262, 261, 262, 261, 259,
    260, 258, 258, 259, 263, 262, 267, 272, 275, 279, 275, 274, 274, 268,
    259, 256, 253, 249, 250, 254, 262, 269, 268, 267, 267, 264, 256, 253,
    254, 257, 257, 263, 267, 266, 267, 266, 260, 260, 256, 256, 258, 265,
    265, 269, 268, 270, 266, 265, 259, 257, 260, 262, 262, 263, 267, 262,
    262, 264, 264, 259, 260, 258, 262, 259, 260, 261, 258, 261, 263, 262,
    263, 262, 262, 261, 259 ]
headPositionsY: [ 83, 86, 84, 86, 82, 83, 85, 84, 86, 82, 83, 86, 82, 82,
    84, 83, 83, 84, 84, 85, 84, 82, 85, 84, 84, 86, 86, 83, 85, 82, 83,
    82, 80, 81, 80, 84, 84, 85, 86, 85, 84, 86, 83, 84, 85, 83, 84, 84,
    86, 83, 85, 85, 84, 86, 86, 87, 84, 85, 85, 85, 87, 85, 88, 85, 84,
    84, 84, 84, 87, 83, 85, 86, 85, 83, 85, 87, 85, 86, 85, 84, 87, 84,
    85, 83, 84, 87, 82, 85, 85, 85, 83, 84, 85, 86, 87, 87, 83, 87, 83,
    83 ]
