%YAML:1.0
---
videoName: "headShake22.mp4"
gestureLabel: 201
fps: 29
pixelSizeInCmTemp: 3.2364864864864862e-01
faceCenterPointX: 241
faceCenterPointY: 79
headPositionsX: [ 243, 242, 242, 242, 244, 242, 244, 243, 245, 243, 242,
    245, 243, 244, 240, 240, 243, 242, 241, 241, 242, 244, 240, 241, 243,
    241, 244, 244, 240, 243, 244, 242, 244, 241, 241, 242, 243, 244, 242,
    241, 244, 241, 241, 244, 243, 244, 243, 241, 240, 243, 243, 242, 243,
    240, 241, 243, 243, 243, 240, 242, 242, 241, 243, 244, 242, 240, 242,
    242, 242, 249, 253, 252, 255, 253, 254, 251, 247, 243, 242, 235, 239,
    238, 239, 241, 244, 248, 246, 244, 242, 242, 243, 243, 239, 238, 239,
    239, 243, 242, 241, 243 ]
headPositionsY: [ 77, 74, 78, 76, 79, 73, 76, 76, 76, 76, 78, 76, 74, 75,
    76, 76, 76, 76, 76, 75, 74, 78, 78, 74, 75, 74, 76, 78, 74, 77, 75,
    74, 76, 77, 78, 78, 76, 77, 75, 76, 77, 76, 75, 75, 74, 76, 75, 76,
    77, 75, 78, 76, 78, 78, 75, 75, 76, 79, 79, 77, 79, 77, 75, 77, 76,
    76, 75, 79, 77, 76, 77, 77, 73, 73, 76, 74, 75, 75, 79, 75, 78, 75,
    76, 79, 77, 77, 77, 77, 77, 80, 79, 78, 81, 76, 79, 79, 78, 78, 76,
    78 ]
