%YAML:1.0
---
videoName: "headNod31.mp4"
gestureLabel: 202
fps: 29
pixelSizeInCmTemp: 2.8855421686746985e-01
faceCenterPointX: 267
faceCenterPointY: 75
headPositionsX: [ 267, 269, 272, 269, 269, 271, 268, 270, 272, 268, 270,
    272, 271, 271, 267, 267, 268, 266, 270, 269, 267, 264, 269, 265, 268,
    264, 267, 265, 266, 267, 266, 268, 269, 268, 268, 270, 268, 267, 268,
    268, 268, 269, 267, 266, 266, 267, 266, 266, 267, 269, 267, 266, 268,
    264, 267, 266, 265, 268, 268, 267, 266, 266, 266, 266, 269, 268, 265,
    265, 269, 267, 268, 268, 266, 268, 267, 265, 264, 265, 267, 265, 268,
    264, 263, 267, 269, 267, 268, 268, 265, 266, 267, 268, 267, 269, 266,
    268, 266, 269, 269, 265 ]
headPositionsY: [ 77, 75, 76, 76, 75, 74, 72, 67, 68, 65, 66, 66, 66, 67,
    76, 81, 83, 84, 88, 83, 85, 83, 83, 77, 74, 73, 72, 73, 69, 70, 67,
    68, 72, 73, 79, 82, 82, 86, 87, 87, 83, 84, 78, 78, 72, 73, 72, 73,
    76, 76, 79, 83, 84, 86, 82, 82, 78, 75, 74, 71, 70, 72, 71, 71, 70,
    74, 76, 79, 81, 81, 79, 81, 76, 75, 73, 75, 70, 71, 70, 72, 76, 77,
    74, 78, 76, 75, 79, 77, 74, 75, 77, 76, 74, 76, 75, 76, 78, 77, 74,
    75 ]
