%YAML:1.0
---
videoName: "headNod36.mp4"
gestureLabel: 202
fps: 29
pixelSizeInCmTemp: 2.8176470588235292e-01
faceCenterPointX: 269
faceCenterPointY: 75
headPositionsX: [ 267, 269, 271, 268, 273, 271, 272, 271, 271, 273, 272,
    273, 272, 271, 270, 270, 273, 269, 271, 272, 270, 270, 272, 271, 273,
    270, 270, 268, 269, 268, 272, 271, 269, 269, 268, 269, 270, 268, 269,
    268, 270, 270, 268, 270, 270, 271, 268, 272, 269, 270, 269, 268, 273,
    273, 270, 268, 270, 268, 268, 270, 268, 267, 267, 268, 266, 268, 269,
    265, 266, 268, 267, 267, 269, 265, 269, 270, 266, 266, 266, 267, 267,
    270, 270, 270, 270, 271, 267, 270, 271, 269, 271, 270, 271, 266, 270,
    268, 268, 271, 268, 270 ]
headPositionsY: [ 74, 73, 74, 72, 75, 72, 75, 76, 73, 74, 76, 76, 74, 75,
    76, 75, 74, 77, 77, 74, 76, 77, 79, 79, 73, 74, 68, 67, 64, 62, 63,
    62, 72, 73, 79, 85, 89, 88, 88, 89, 86, 81, 76, 73, 75, 70, 70, 69,
    68, 68, 67, 74, 80, 82, 82, 85, 89, 85, 86, 81, 79, 74, 75, 75, 75,
    75, 74, 76, 80, 82, 84, 84, 81, 78, 80, 72, 77, 75, 75, 80, 79, 81,
    86, 84, 86, 82, 82, 77, 77, 76, 78, 75, 75, 74, 77, 75, 75, 76, 77,
    77 ]
