%YAML:1.0
---
videoName: "headShake28.mp4"
gestureLabel: 201
fps: 29
pixelSizeInCmTemp: 3.2808219178082193e-01
faceCenterPointX: 242
faceCenterPointY: 80
headPositionsX: [ 242, 242, 241, 241, 239, 240, 240, 239, 239, 241, 239,
    241, 239, 242, 243, 244, 244, 243, 240, 244, 242, 241, 242, 241, 242,
    244, 242, 240, 242, 241, 241, 244, 243, 242, 244, 244, 244, 244, 245,
    241, 245, 244, 244, 246, 243, 245, 242, 244, 245, 243, 240, 236, 234,
    228, 233, 231, 241, 244, 250, 253, 257, 254, 254, 249, 245, 239, 237,
    232, 230, 237, 238, 245, 250, 250, 254, 253, 251, 249, 247, 245, 242,
    242, 238, 238, 235, 235, 239, 237, 240, 242, 244, 242, 242, 242, 243,
    244, 244, 242, 241, 243 ]
headPositionsY: [ 81, 76, 75, 76, 75, 75, 76, 79, 79, 76, 77, 78, 77, 79,
    78, 77, 79, 77, 81, 79, 80, 77, 78, 79, 79, 81, 78, 78, 77, 80, 77,
    79, 79, 75, 79, 80, 78, 79, 76, 77, 77, 77, 79, 79, 76, 77, 77, 78,
    78, 76, 76, 76, 79, 76, 76, 76, 78, 77, 77, 78, 74, 76, 76, 80, 76,
    80, 78, 78, 77, 81, 78, 77, 76, 81, 76, 76, 78, 80, 76, 80, 79, 79,
    77, 81, 80, 77, 81, 81, 80, 80, 79, 80, 79, 80, 80, 82, 78, 78, 81,
    80 ]
