%YAML:1.0
---
videoName: "headNod1.mp4"
gestureLabel: 202
fps: 29
pixelSizeInCmTemp: 3.2808219178082193e-01
faceCenterPointX: 263
faceCenterPointY: 78
headPositionsX: [ 263, 263, 261, 262, 261, 262, 264, 265, 264, 261, 262,
    262, 263, 263, 261, 266, 261, 266, 262, 262, 264, 264, 265, 262, 265,
    264, 265, 265, 263, 266, 266, 262, 264, 263, 262, 266, 263, 264, 266,
    265, 265, 266, 266, 267, 266, 266, 264, 266, 266, 265, 264, 262, 266,
    261, 262, 265, 263, 262, 264, 262, 265, 262, 265, 263, 261, 262, 266,
    262, 265, 262, 261, 262, 264, 264, 261, 263, 262, 259, 262, 261, 263,
    261, 262, 263, 263, 264, 265, 262, 263, 262, 264, 260, 263, 262, 262,
    260, 263, 264, 265, 264 ]
headPositionsY: [ 80, 74, 75, 73, 74, 74, 77, 76, 73, 74, 77, 75, 75, 74,
    76, 77, 72, 73, 75, 77, 76, 73, 73, 75, 77, 74, 76, 75, 76, 77, 73,
    73, 72, 76, 75, 72, 69, 66, 68, 65, 65, 61, 65, 65, 65, 65, 69, 70,
    69, 73, 79, 80, 82, 81, 80, 81, 77, 75, 74, 74, 68, 69, 64, 64, 64,
    65, 69, 72, 73, 74, 76, 79, 75, 74, 72, 71, 66, 65, 66, 63, 68, 65,
    67, 69, 75, 73, 77, 82, 81, 83, 83, 81, 80, 82, 81, 77, 80, 76, 79,
    77 ]
