%YAML:1.0
---
videoName: "headShake9.mp4"
gestureLabel: 201
fps: 30
pixelSizeInCmTemp: 3.2808219178082193e-01
faceCenterPointX: 243
faceCenterPointY: 73
headPositionsX: [ 243, 245, 242, 243, 241, 240, 243, 241, 241, 243, 241,
    241, 241, 242, 245, 244, 243, 242, 244, 242, 244, 244, 241, 244, 243,
    241, 244, 245, 244, 242, 242, 245, 242, 245, 245, 241, 241, 244, 243,
    246, 246, 248, 255, 259, 264, 260, 264, 265, 261, 256, 254, 250, 245,
    240, 231, 230, 228, 228, 233, 235, 240, 248, 254, 258, 263, 263, 262,
    257, 256, 249, 246, 237, 232, 230, 231, 230, 226, 233, 235, 238, 246,
    250, 248, 253, 252, 251, 248, 249, 250, 246, 244, 243, 244, 246, 243,
    242, 242, 245, 241, 245 ]
headPositionsY: [ 75, 72, 72, 71, 71, 73, 74, 70, 72, 72, 72, 70, 73, 74,
    70, 73, 70, 74, 70, 75, 74, 72, 73, 71, 72, 75, 70, 72, 75, 75, 74,
    74, 72, 72, 72, 73, 72, 72, 71, 75, 72, 73, 73, 69, 70, 68, 69, 71,
    69, 71, 73, 72, 71, 75, 70, 72, 73, 70, 72, 74, 73, 72, 69, 70, 71,
    68, 68, 71, 73, 70, 73, 70, 72, 73, 73, 72, 71, 72, 72, 73, 71, 75,
    74, 70, 74, 73, 74, 75, 74, 74, 73, 73, 73, 75, 74, 75, 75, 73, 74,
    72 ]
