%YAML:1.0
---
videoName: "headNod24.mp4"
gestureLabel: 202
fps: 29
pixelSizeInCmTemp: 3.1513157894736843e-01
faceCenterPointX: 272
faceCenterPointY: 72
headPositionsX: [ 273, 275, 276, 273, 273, 274, 274, 275, 273, 276, 274,
    274, 276, 277, 273, 276, 276, 272, 275, 273, 272, 275, 271, 275, 271,
    273, 273, 271, 273, 271, 271, 274, 275, 275, 273, 275, 271, 272, 273,
    276, 272, 271, 270, 273, 269, 274, 272, 272, 271, 271, 274, 273, 272,
    272, 272, 272, 273, 270, 270, 270, 270, 273, 270, 273, 269, 269, 271,
    270, 272, 271, 272, 271, 270, 269, 271, 272, 268, 271, 269, 270, 272,
    268, 269, 270, 269, 272, 268, 270, 270, 270, 270, 269, 273, 274, 269,
    271, 271, 270, 273, 270 ]
headPositionsY: [ 73, 71, 72, 71, 71, 72, 72, 74, 76, 71, 75, 76, 72, 73,
    73, 72, 75, 74, 74, 71, 73, 74, 71, 75, 72, 71, 72, 73, 76, 74, 75,
    75, 74, 75, 73, 74, 71, 72, 71, 68, 71, 72, 74, 82, 82, 82, 77, 74,
    68, 65, 67, 66, 69, 74, 73, 73, 75, 71, 69, 70, 68, 65, 66, 68, 71,
    71, 73, 77, 72, 72, 70, 71, 67, 66, 70, 69, 73, 74, 77, 73, 74, 72,
    74, 71, 72, 68, 72, 72, 68, 73, 71, 72, 75, 73, 71, 75, 74, 74, 69,
    72 ]
