%YAML:1.0
---
videoName: "headShake46.mp4"
gestureLabel: 201
fps: 30
pixelSizeInCmTemp: 3.2364864864864862e-01
faceCenterPointX: 262
faceCenterPointY: 85
headPositionsX: [ 262, 261, 260, 259, 260, 258, 260, 261, 260, 262, 259,
    259, 258, 259, 262, 261, 260, 260, 258, 261, 259, 259, 263, 260, 259,
    260, 261, 258, 259, 260, 266, 265, 271, 276, 278, 278, 275, 274, 268,
    260, 255, 252, 250, 251, 254, 262, 269, 268, 269, 269, 262, 256, 253,
    252, 254, 258, 262, 269, 269, 268, 267, 262, 260, 259, 255, 258, 263,
    268, 271, 268, 268, 263, 261, 257, 257, 261, 263, 263, 266, 263, 265,
    264, 261, 262, 259, 263, 261, 262, 260, 262, 263, 261, 262, 261, 261,
    261, 263, 259, 259, 261 ]
headPositionsY: [ 86, 84, 86, 84, 85, 85, 85, 82, 85, 84, 85, 85, 83, 85,
    85, 83, 83, 83, 85, 86, 85, 83, 82, 83, 83, 83, 82, 83, 84, 86, 86,
    81, 82, 83, 82, 80, 83, 81, 84, 82, 87, 85, 85, 86, 84, 85, 85, 82,
    84, 85, 87, 83, 87, 84, 87, 84, 87, 83, 86, 86, 84, 86, 85, 85, 86,
    87, 85, 85, 85, 85, 86, 87, 83, 83, 84, 84, 86, 86, 83, 83, 87, 84,
    83, 84, 82, 85, 82, 86, 83, 85, 87, 83, 85, 83, 84, 84, 84, 84, 86,
    84 ]
