%YAML:1.0
---
videoName: "headNod43.mp4"
gestureLabel: 202
fps: 29
pixelSizeInCmTemp: 2.8855421686746985e-01
faceCenterPointX: 268
faceCenterPointY: 74
headPositionsX: [ 270, 269, 271, 270, 268, 269, 271, 269, 270, 268, 269,
    268, 269, 267, 270, 266, 268, 268, 266, 269, 268, 271, 268, 268, 266,
    268, 268, 269, 264, 265, 267, 263, 265, 265, 267, 266, 266, 265, 265,
    263, 264, 265, 264, 264, 264, 263, 266, 267, 264, 266, 264, 262, 264,
    262, 264, 265, 266, 265, 263, 265, 265, 266, 263, 262, 266, 265, 268,
    268, 266, 267, 269, 270, 269, 270, 266, 267, 267, 268, 265, 267, 267,
    270, 266, 270, 269, 269, 267, 266, 267, 270, 271, 271, 267, 270, 267,
    269, 270, 266, 271, 268 ]
headPositionsY: [ 75, 78, 78, 77, 74, 76, 75, 74, 75, 75, 73, 78, 73, 72,
    74, 74, 73, 77, 77, 77, 77, 74, 73, 78, 77, 76, 82, 82, 88, 88, 91,
    87, 87, 81, 78, 79, 76, 81, 82, 84, 88, 93, 88, 87, 82, 80, 80, 82,
    82, 85, 90, 92, 89, 90, 90, 85, 81, 81, 84, 87, 89, 90, 89, 92, 92,
    88, 83, 81, 78, 78, 80, 82, 83, 87, 88, 92, 88, 86, 84, 82, 79, 77,
    74, 71, 75, 70, 75, 72, 72, 72, 72, 73, 74, 73, 74, 75, 73, 76, 73,
    75 ]
