%YAML:1.0
---
videoName: "headShake26.mp4"
gestureLabel: 201
fps: 30
pixelSizeInCmTemp: 3.2808219178082193e-01
faceCenterPointX: 243
faceCenterPointY: 78
headPositionsX: [ 243, 239, 238, 238, 240, 241, 246, 244, 247, 250, 251,
    250, 253, 252, 252, 252, 249, 246, 247, 245, 242, 235, 236, 233, 229,
    229, 226, 230, 228, 231, 231, 237, 238, 243, 247, 248, 251, 253, 250,
    255, 255, 249, 249, 248, 245, 239, 237, 235, 235, 230, 227, 229, 228,
    231, 229, 236, 236, 241, 244, 248, 248, 250, 254, 251, 254, 253, 252,
    249, 251, 249, 244, 243, 241, 240, 238, 239, 237, 237, 236, 235, 239,
    237, 236, 237, 238, 243, 239, 241, 241, 244, 247, 244, 246, 243, 243,
    241, 244, 242, 243, 242 ]
headPositionsY: [ 76, 79, 79, 79, 77, 75, 77, 75, 79, 76, 77, 76, 78, 79,
    79, 79, 79, 80, 76, 76, 81, 79, 79, 76, 77, 77, 77, 74, 76, 77, 77,
    77, 77, 75, 78, 74, 76, 75, 77, 75, 77, 80, 78, 78, 77, 80, 80, 77,
    76, 80, 78, 76, 78, 78, 75, 75, 77, 80, 78, 80, 79, 78, 79, 78, 78,
    77, 80, 80, 81, 78, 79, 80, 80, 77, 79, 78, 78, 76, 80, 78, 76, 79,
    78, 81, 79, 77, 81, 80, 77, 79, 80, 79, 80, 81, 80, 79, 79, 78, 78,
    80 ]
