%YAML:1.0
---
videoName: "headShake22.mp4"
gestureLabel: 201
fps: 29
pixelSizeInCmTemp: 3.2364864864864862e-01
faceCenterPointX: 241
faceCenterPointY: 79
headPositionsX: [ 239, 239, 240, 240, 242, 243, 241, 243, 245, 245, 240,
    243, 242, 240, 243, 240, 242, 242, 242, 245, 240, 241, 244, 241, 241,
    240, 241, 243, 244, 241, 241, 243, 241, 242, 241, 241, 244, 242, 243,
    241, 245, 242, 240, 240, 241, 242, 241, 239, 244, 241, 241, 244, 241,
    242, 240, 244, 242, 244, 244, 241, 242, 244, 243, 243, 241, 239, 243,
    244, 245, 249, 249, 251, 256, 255, 251, 251, 247, 242, 238, 239, 238,
    239, 239, 241, 247, 244, 247, 247, 243, 243, 243, 243, 242, 241, 239,
    238, 242, 242, 240, 241 ]
headPositionsY: [ 79, 75, 75, 76, 77, 75, 78, 74, 76, 77, 78, 74, 77, 75,
    74, 75, 76, 79, 74, 79, 78, 78, 76, 76, 79, 75, 74, 78, 78, 76, 75,
    76, 76, 78, 78, 76, 76, 77, 75, 74, 76, 73, 74, 79, 74, 74, 77, 74,
    76, 76, 75, 78, 75, 77, 74, 78, 74, 76, 79, 75, 76, 77, 76, 75, 79,
    76, 75, 79, 78, 76, 75, 73, 76, 73, 78, 78, 78, 75, 77, 78, 79, 75,
    76, 77, 76, 76, 77, 77, 77, 77, 77, 76, 81, 78, 77, 80, 78, 78, 76,
    79 ]
