%YAML:1.0
---
videoName: "headShake36.mp4"
gestureLabel: 201
fps: 29
pixelSizeInCmTemp: 3.2364864864864862e-01
faceCenterPointX: 263
faceCenterPointY: 80
headPositionsX: [ 262, 265, 264, 265, 265, 266, 266, 266, 271, 271, 273,
    278, 276, 279, 279, 284, 285, 278, 278, 276, 278, 272, 269, 267, 263,
    258, 254, 254, 253, 248, 247, 248, 247, 244, 246, 245, 249, 246, 251,
    253, 255, 262, 267, 268, 271, 273, 275, 275, 277, 280, 282, 282, 279,
    276, 275, 275, 272, 265, 261, 257, 256, 254, 253, 252, 250, 248, 247,
    253, 250, 253, 257, 259, 258, 262, 263, 267, 268, 265, 266, 268, 266,
    265, 268, 263, 264, 264, 265, 264, 265, 267, 264, 262, 265, 263, 264,
    263, 263, 263, 262, 262 ]
headPositionsY: [ 80, 79, 80, 79, 82, 78, 81, 78, 80, 79, 78, 77, 78, 77,
    77, 77, 78, 77, 80, 77, 79, 79, 79, 83, 83, 79, 79, 78, 78, 80, 79,
    80, 83, 80, 82, 79, 83, 79, 83, 81, 80, 80, 81, 80, 79, 80, 78, 79,
    76, 77, 80, 77, 76, 81, 79, 80, 80, 82, 82, 81, 77, 82, 77, 78, 76,
    78, 81, 81, 79, 77, 79, 80, 81, 83, 84, 82, 82, 79, 79, 82, 80, 80,
    78, 80, 83, 83, 83, 80, 81, 83, 79, 79, 81, 81, 83, 78, 78, 78, 78,
    79 ]
