%YAML:1.0
---
videoName: "headLookUp3.mp4"
gestureLabel: 205
fps: 29
pixelSizeInCmTemp: 3.7421874999999999e-01
faceCenterPointX: 254
faceCenterPointY: 68
headPositionsX: [ 253, 255, 257, 253, 256, 256, 257, 254, 254, 253, 254,
    257, 253, 258, 257, 256, 255, 258, 256, 258, 257, 257, 255, 255, 257,
    254, 258, 254, 254, 256, 259, 258, 256, 258, 255, 257, 256, 255, 255,
    258, 254, 257, 254, 256, 253, 257, 254, 255, 256, 257, 255, 256, 254,
    254, 256, 255, 255, 256, 255, 255, 255, 256, 254, 257, 254, 253, 255,
    255, 257, 257, 253, 255, 253, 255, 252, 256, 252, 253, 254, 253, 255,
    255, 255, 252, 252, 256, 254, 253, 255, 253, 256, 258, 256, 256, 255,
    255, 255, 259, 255, 254 ]
headPositionsY: [ 67, 85, 81, 82, 80, 82, 80, 83, 83, 82, 82, 80, 84, 80,
    80, 81, 81, 80, 80, 79, 84, 80, 82, 83, 81, 80, 82, 81, 83, 80, 84,
    84, 84, 81, 82, 82, 84, 82, 80, 79, 79, 76, 76, 77, 72, 73, 69, 71,
    71, 70, 66, 67, 67, 70, 69, 66, 70, 67, 70, 68, 66, 68, 69, 69, 68,
    65, 67, 68, 70, 67, 69, 70, 65, 65, 65, 69, 67, 67, 65, 70, 66, 65,
    70, 67, 68, 66, 66, 69, 67, 68, 68, 69, 67, 67, 69, 67, 67, 71, 68,
    68 ]
