%YAML:1.0
---
videoName: "headLookLeft3.mp4"
gestureLabel: 203
fps: 29
pixelSizeInCmTemp: 3.4214285714285714e-01
faceCenterPointX: 290
faceCenterPointY: 74
headPositionsX: [ 292, 262, 263, 263, 265, 265, 268, 268, 269, 268, 274,
    276, 275, 279, 280, 281, 286, 287, 290, 290, 288, 286, 292, 291, 288,
    287, 296, 288, 287, 285, 288, 290, 292, 292, 287, 289, 283, 290, 292,
    287, 286, 286, 287, 296, 292, 288, 286, 290, 290, 286, 291, 292, 291,
    287, 289, 286, 290, 289, 288, 291, 289, 292, 290, 288, 285, 286, 288,
    290, 284, 288, 288, 285, 287, 286, 285, 284, 286, 286, 285, 286, 285,
    285, 290, 285, 287, 284, 288, 286, 288, 287, 285, 285, 286, 289, 288,
    284, 288, 285, 287, 285 ]
headPositionsY: [ 73, 76, 75, 77, 78, 74, 77, 77, 78, 79, 77, 77, 76, 75,
    74, 72, 73, 74, 73, 73, 74, 75, 74, 73, 73, 73, 76, 73, 76, 74, 74,
    72, 72, 73, 73, 77, 72, 76, 75, 72, 73, 73, 75, 78, 75, 72, 73, 75,
    76, 75, 73, 71, 73, 74, 74, 76, 72, 74, 74, 77, 75, 74, 76, 71, 73,
    73, 71, 74, 74, 75, 73, 71, 74, 74, 71, 75, 73, 76, 73, 74, 75, 73,
    71, 73, 72, 74, 77, 73, 71, 76, 74, 72, 73, 73, 75, 76, 74, 73, 75,
    72 ]
