%YAML:1.0
---
videoName: "headLookRight0.mp4"
gestureLabel: 204
fps: 29
pixelSizeInCmTemp: 3.1933333333333330e-01
faceCenterPointX: 229
faceCenterPointY: 68
headPositionsX: [ 230, 259, 255, 255, 257, 254, 255, 255, 255, 256, 255,
    258, 254, 259, 258, 255, 254, 255, 255, 256, 258, 256, 258, 255, 258,
    255, 257, 257, 255, 257, 255, 258, 254, 254, 257, 257, 254, 254, 252,
    255, 253, 251, 247, 244, 244, 238, 238, 237, 238, 237, 232, 235, 234,
    235, 235, 235, 233, 234, 232, 230, 233, 235, 231, 234, 233, 231, 231,
    234, 233, 236, 231, 236, 232, 236, 235, 234, 232, 233, 229, 229, 232,
    232, 231, 228, 230, 228, 232, 229, 228, 232, 231, 231, 228, 230, 228,
    231, 229, 229, 226, 231 ]
headPositionsY: [ 66, 68, 65, 66, 67, 66, 63, 65, 66, 68, 67, 65, 69, 67,
    69, 67, 65, 65, 65, 65, 67, 68, 68, 69, 68, 65, 68, 68, 69, 70, 65,
    67, 70, 69, 69, 68, 68, 70, 69, 68, 69, 67, 67, 65, 66, 69, 66, 66,
    66, 65, 70, 67, 69, 70, 68, 69, 69, 67, 67, 65, 70, 68, 70, 69, 70,
    65, 67, 69, 66, 66, 69, 70, 69, 67, 66, 67, 68, 69, 69, 70, 70, 70,
    68, 68, 66, 67, 70, 70, 68, 69, 68, 67, 68, 70, 68, 66, 68, 64, 68,
    70 ]
