%YAML:1.0
---
videoName: "headShake18.mp4"
gestureLabel: 201
fps: 30
pixelSizeInCmTemp: 3.2808219178082193e-01
faceCenterPointX: 240
faceCenterPointY: 77
headPositionsX: [ 238, 240, 244, 240, 244, 243, 239, 240, 241, 241, 239,
    242, 240, 241, 239, 242, 241, 242, 243, 238, 241, 239, 239, 240, 242,
    242, 239, 242, 240, 242, 238, 240, 237, 237, 238, 244, 245, 244, 249,
    249, 250, 250, 252, 249, 247, 242, 236, 236, 231, 231, 232, 230, 235,
    237, 240, 246, 249, 247, 249, 248, 243, 241, 236, 233, 234, 233, 233,
    234, 237, 240, 241, 242, 244, 245, 245, 240, 242, 238, 238, 237, 234,
    235, 239, 238, 240, 240, 244, 244, 243, 242, 240, 243, 244, 239, 242,
    238, 242, 241, 241, 241 ]
headPositionsY: [ 78, 75, 78, 77, 77, 76, 75, 76, 73, 76, 75, 78, 74, 75,
    77, 76, 76, 77, 77, 76, 77, 76, 76, 74, 76, 75, 76, 77, 77, 74, 76,
    74, 76, 75, 78, 76, 74, 77, 78, 78, 75, 75, 74, 76, 77, 79, 77, 78,
    77, 75, 74, 77, 75, 75, 77, 76, 76, 74, 76, 78, 77, 78, 78, 77, 77,
    75, 77, 74, 77, 75, 79, 76, 78, 79, 77, 75, 78, 75, 75, 77, 75, 76,
    79, 76, 79, 77, 78, 77, 75, 79, 78, 78, 78, 75, 76, 75, 78, 76, 79,
    79 ]
