%YAML:1.0
---
videoName: "headShake15.mp4"
gestureLabel: 201
fps: 29
pixelSizeInCmTemp: 3.3263888888888887e-01
faceCenterPointX: 243
faceCenterPointY: 76
headPositionsX: [ 243, 243, 242, 243, 242, 242, 244, 246, 245, 242, 244,
    243, 245, 246, 243, 241, 242, 245, 244, 243, 244, 245, 245, 244, 241,
    245, 241, 242, 244, 242, 242, 243, 242, 241, 241, 244, 244, 243, 241,
    241, 244, 242, 242, 244, 240, 243, 245, 244, 242, 244, 242, 242, 241,
    244, 241, 243, 243, 242, 241, 244, 242, 241, 243, 248, 249, 253, 255,
    259, 259, 259, 255, 255, 251, 246, 245, 239, 238, 234, 235, 239, 239,
    243, 245, 244, 248, 247, 247, 247, 246, 245, 244, 242, 244, 244, 244,
    243, 242, 244, 243, 243 ]
headPositionsY: [ 74, 73, 78, 74, 74, 75, 73, 77, 72, 76, 74, 75, 76, 74,
    75, 75, 72, 77, 77, 76, 74, 72, 77, 73, 75, 73, 73, 73, 77, 76, 76,
    77, 74, 76, 74, 76, 77, 75, 75, 74, 73, 74, 76, 74, 73, 76, 74, 77,
    76, 73, 74, 77, 78, 75, 75, 73, 73, 78, 78, 77, 78, 75, 77, 76, 75,
    75, 75, 73, 76, 74, 77, 75, 76, 78, 79, 74, 75, 74, 77, 75, 78, 79,
    76, 76, 75, 74, 76, 74, 79, 75, 74, 78, 77, 76, 75, 74, 76, 78, 76,
    76 ]
