%YAML:1.0
---
videoName: "headShake26.mp4"
gestureLabel: 201
fps: 30
pixelSizeInCmTemp: 3.2808219178082193e-01
faceCenterPointX: 243
faceCenterPointY: 78
headPositionsX: [ 245, 239, 241, 241, 241, 242, 244, 244, 246, 250, 248,
    248, 251, 251, 252, 254, 252, 247, 246, 244, 242, 237, 234, 233, 232,
    230, 229, 231, 230, 231, 231, 237, 240, 240, 246, 248, 251, 251, 250,
    253, 256, 250, 250, 250, 243, 239, 241, 233, 233, 232, 227, 231, 228,
    229, 233, 232, 237, 241, 241, 246, 249, 252, 252, 253, 251, 250, 249,
    250, 251, 249, 247, 244, 243, 238, 238, 236, 234, 236, 236, 236, 236,
    239, 238, 239, 240, 241, 243, 241, 244, 241, 245, 245, 243, 244, 245,
    245, 242, 246, 243, 245 ]
headPositionsY: [ 78, 78, 75, 75, 74, 77, 78, 77, 78, 77, 79, 78, 78, 77,
    78, 77, 77, 77, 79, 79, 78, 77, 75, 76, 75, 74, 74, 74, 77, 75, 76,
    79, 75, 77, 79, 74, 79, 76, 74, 76, 79, 76, 78, 77, 76, 76, 78, 78,
    79, 76, 74, 76, 76, 75, 74, 75, 79, 77, 77, 77, 77, 79, 76, 76, 77,
    75, 80, 76, 77, 77, 79, 80, 80, 81, 79, 79, 77, 79, 76, 80, 77, 77,
    77, 77, 79, 80, 80, 77, 79, 78, 79, 80, 81, 79, 76, 79, 80, 80, 80,
    77 ]
