%YAML:1.0
---
videoName: "headShake4.mp4"
gestureLabel: 201
fps: 30
pixelSizeInCmTemp: 3.2364864864864862e-01
faceCenterPointX: 237
faceCenterPointY: 101
headPositionsX: [ 236, 241, 244, 250, 252, 253, 254, 254, 252, 248, 243,
    238, 232, 227, 224, 222, 228, 231, 234, 244, 247, 251, 251, 252, 248,
    245, 242, 234, 228, 226, 222, 222, 225, 231, 235, 243, 244, 249, 254,
    255, 255, 250, 246, 246, 235, 231, 231, 227, 224, 224, 228, 231, 233,
    239, 241, 246, 248, 246, 248, 249, 248, 242, 242, 239, 234, 230, 230,
    232, 231, 229, 233, 235, 235, 238, 240, 242, 243, 244, 243, 239, 243,
    238, 242, 237, 237, 237, 235, 236, 235, 238, 237, 236, 236, 238, 239,
    238, 239, 236, 237, 238 ]
headPositionsY: [ 100, 97, 96, 98, 100, 99, 97, 98, 96, 98, 101, 102, 97,
    99, 97, 100, 95, 98, 100, 101, 98, 99, 99, 98, 97, 102, 100, 102, 98,
    98, 100, 101, 100, 98, 102, 98, 98, 101, 98, 99, 101, 96, 97, 99,
    102, 101, 100, 100, 98, 101, 98, 98, 102, 102, 99, 101, 98, 101, 98,
    100, 99, 98, 103, 101, 101, 98, 100, 99, 97, 101, 98, 100, 97, 102,
    99, 98, 101, 102, 100, 103, 98, 102, 99, 102, 101, 100, 101, 101, 99,
    103, 100, 101, 99, 98, 99, 99, 98, 99, 102, 101 ]
