%YAML:1.0
---
videoName: "headLookDown3.mp4"
gestureLabel: 206
fps: 29
pixelSizeInCmTemp: 3.5746268656716418e-01
faceCenterPointX: 273
faceCenterPointY: 98
headPositionsX: [ 275, 273, 273, 275, 272, 273, 270, 275, 274, 274, 271,
    272, 274, 272, 274, 272, 273, 274, 275, 272, 272, 274, 271, 271, 275,
    273, 271, 272, 270, 271, 271, 275, 273, 273, 272, 272, 275, 269, 274,
    274, 271, 271, 272, 273, 270, 275, 273, 275, 273, 273, 273, 273, 273,
    274, 274, 275, 273, 271, 272, 274, 272, 271, 269, 272, 272, 271, 271,
    269, 270, 273, 272, 270, 271, 271, 270, 268, 269, 270, 272, 270, 271,
    270, 269, 272, 271, 273, 274, 270, 271, 271, 270, 275, 271, 273, 272,
    272, 275, 273, 274, 274 ]
headPositionsY: [ 96, 80, 77, 78, 80, 76, 78, 77, 76, 78, 81, 76, 77, 79,
    77, 77, 78, 78, 79, 78, 81, 78, 78, 81, 81, 77, 78, 79, 77, 81, 77,
    81, 79, 78, 78, 80, 78, 79, 82, 82, 82, 81, 84, 83, 86, 85, 88, 87,
    89, 90, 92, 91, 90, 91, 92, 94, 95, 97, 99, 96, 100, 100, 100, 96,
    100, 103, 100, 103, 101, 101, 99, 101, 99, 99, 101, 99, 100, 101, 99,
    100, 101, 102, 102, 103, 101, 103, 98, 100, 99, 100, 99, 103, 102,
    100, 104, 99, 99, 99, 99, 99 ]
