%YAML:1.0
---
videoName: "headNod40.mp4"
gestureLabel: 202
fps: 29
pixelSizeInCmTemp: 2.8511904761904761e-01
faceCenterPointX: 267
faceCenterPointY: 78
headPositionsX: [ 269, 269, 268, 265, 265, 267, 269, 265, 270, 269, 270,
    269, 267, 267, 269, 270, 268, 265, 267, 268, 267, 269, 270, 269, 268,
    270, 266, 269, 268, 266, 268, 267, 267, 266, 268, 267, 266, 269, 268,
    267, 268, 267, 267, 264, 267, 267, 265, 265, 267, 267, 266, 266, 266,
    264, 263, 264, 268, 267, 267, 265, 264, 268, 265, 266, 267, 266, 265,
    267, 267, 268, 265, 268, 270, 270, 268, 270, 269, 265, 267, 267, 266,
    268, 269, 268, 266, 266, 267, 265, 265, 266, 264, 268, 264, 265, 265,
    269, 264, 265, 267, 267 ]
headPositionsY: [ 76, 77, 74, 76, 74, 74, 78, 75, 78, 74, 75, 74, 75, 74,
    74, 77, 74, 74, 78, 75, 77, 77, 74, 73, 78, 74, 78, 75, 75, 75, 77,
    73, 73, 77, 77, 73, 74, 75, 77, 77, 84, 86, 93, 93, 94, 95, 94, 89,
    85, 82, 79, 79, 78, 67, 70, 69, 71, 70, 67, 74, 81, 86, 85, 85, 83,
    83, 81, 80, 72, 75, 73, 73, 70, 76, 75, 72, 80, 79, 79, 77, 78, 78,
    78, 77, 77, 79, 80, 79, 75, 76, 75, 77, 77, 77, 76, 76, 76, 77, 77,
    78 ]
