%YAML:1.0
---
videoName: "headNod44.mp4"
gestureLabel: 202
fps: 29
pixelSizeInCmTemp: 2.9567901234567900e-01
faceCenterPointX: 268
faceCenterPointY: 78
headPositionsX: [ 267, 268, 267, 268, 270, 268, 271, 270, 269, 271, 266,
    267, 270, 270, 270, 271, 270, 270, 270, 270, 268, 271, 267, 270, 270,
    267, 270, 268, 267, 266, 268, 268, 267, 265, 268, 267, 266, 266, 267,
    265, 268, 268, 265, 265, 268, 267, 269, 268, 267, 265, 268, 270, 266,
    266, 268, 268, 269, 268, 266, 267, 269, 268, 269, 266, 270, 266, 269,
    266, 266, 269, 270, 269, 269, 270, 271, 269, 271, 271, 268, 271, 270,
    267, 270, 269, 266, 266, 266, 270, 269, 269, 270, 269, 270, 267, 268,
    267, 269, 270, 266, 270 ]
headPositionsY: [ 78, 76, 75, 73, 77, 76, 72, 73, 75, 74, 74, 74, 72, 72,
    77, 76, 76, 76, 81, 82, 83, 89, 90, 96, 95, 93, 88, 83, 79, 75, 70,
    69, 67, 70, 70, 76, 79, 81, 88, 87, 89, 85, 81, 76, 72, 74, 74, 74,
    74, 80, 83, 90, 91, 90, 88, 81, 77, 76, 75, 73, 73, 78, 80, 84, 83,
    84, 82, 80, 79, 77, 75, 76, 74, 78, 78, 83, 86, 87, 87, 86, 84, 83,
    82, 79, 76, 80, 74, 76, 77, 78, 77, 78, 80, 76, 79, 79, 77, 78, 80,
    79 ]
