%YAML:1.0
---
videoName: "headNod13.mp4"
gestureLabel: 202
fps: 29
pixelSizeInCmTemp: 3.2364864864864862e-01
faceCenterPointX: 253
faceCenterPointY: 79
headPositionsX: [ 251, 252, 252, 255, 250, 252, 254, 251, 251, 254, 256,
    254, 254, 254, 254, 253, 254, 255, 254, 255, 255, 256, 255, 255, 255,
    256, 253, 254, 253, 255, 255, 256, 256, 256, 255, 252, 253, 252, 253,
    253, 253, 255, 252, 253, 255, 252, 250, 251, 254, 255, 251, 253, 256,
    254, 256, 254, 252, 252, 252, 255, 254, 256, 255, 252, 254, 253, 251,
    254, 256, 251, 254, 254, 256, 252, 256, 256, 254, 253, 253, 255, 253,
    253, 256, 256, 255, 256, 255, 253, 256, 253, 253, 256, 255, 256, 251,
    255, 254, 251, 250, 250 ]
headPositionsY: [ 78, 71, 73, 76, 71, 75, 73, 75, 71, 73, 75, 72, 72, 75,
    75, 71, 74, 73, 75, 75, 74, 74, 73, 72, 76, 72, 76, 75, 75, 73, 73,
    75, 76, 74, 75, 74, 76, 72, 76, 75, 75, 72, 73, 76, 74, 75, 76, 72,
    73, 73, 72, 70, 69, 69, 67, 72, 70, 73, 75, 76, 80, 80, 76, 75, 73,
    73, 72, 67, 69, 68, 72, 72, 76, 77, 80, 78, 80, 78, 76, 77, 71, 70,
    75, 71, 75, 77, 74, 80, 80, 78, 82, 79, 79, 79, 78, 77, 77, 80, 78,
    78 ]
