%YAML:1.0
---
videoName: "headNod45.mp4"
gestureLabel: 202
fps: 30
pixelSizeInCmTemp: 3.0316455696202532e-01
faceCenterPointX: 265
faceCenterPointY: 77
headPositionsX: [ 267, 270, 265, 268, 269, 268, 270, 268, 268, 267, 266,
    269, 267, 266, 269, 268, 266, 268, 269, 266, 266, 268, 268, 267, 267,
    269, 266, 264, 267, 267, 266, 264, 266, 264, 267, 265, 264, 265, 267,
    264, 264, 263, 266, 267, 263, 267, 266, 266, 265, 267, 266, 264, 269,
    268, 269, 266, 269, 265, 268, 266, 267, 269, 265, 267, 267, 267, 265,
    268, 268, 268, 268, 265, 267, 265, 266, 265, 268, 267, 267, 265, 266,
    267, 266, 266, 268, 265, 269, 263, 268, 265, 264, 266, 266, 265, 264,
    266, 266, 264, 267, 268 ]
headPositionsY: [ 79, 73, 76, 75, 77, 75, 77, 76, 78, 74, 74, 73, 76, 77,
    75, 76, 78, 76, 81, 81, 87, 88, 90, 94, 90, 91, 92, 87, 81, 78, 72,
    72, 70, 67, 68, 67, 68, 71, 71, 80, 81, 85, 90, 89, 92, 89, 89, 82,
    81, 79, 73, 75, 75, 74, 76, 75, 76, 80, 83, 88, 87, 84, 83, 79, 74,
    74, 71, 73, 72, 77, 78, 78, 84, 85, 88, 86, 87, 84, 81, 77, 76, 76,
    78, 78, 79, 81, 80, 82, 82, 77, 79, 80, 79, 77, 79, 78, 75, 76, 78,
    76 ]
