%YAML:1.0
---
videoName: "headNod5.mp4"
gestureLabel: 202
fps: 29
pixelSizeInCmTemp: 3.1513157894736843e-01
faceCenterPointX: 263
faceCenterPointY: 75
headPositionsX: [ 262, 263, 264, 264, 260, 265, 264, 264, 261, 262, 260,
    260, 262, 261, 263, 261, 263, 262, 264, 262, 263, 264, 267, 265, 265,
    266, 265, 263, 265, 265, 264, 266, 265, 266, 267, 266, 267, 264, 267,
    265, 267, 264, 267, 267, 264, 267, 266, 266, 266, 266, 263, 265, 265,
    261, 264, 266, 262, 265, 262, 263, 262, 266, 266, 262, 264, 267, 262,
    262, 263, 265, 264, 267, 265, 265, 263, 264, 266, 266, 266, 265, 262,
    262, 261, 264, 266, 264, 263, 261, 263, 266, 263, 264, 265, 263, 263,
    262, 263, 260, 261, 264 ]
headPositionsY: [ 77, 76, 74, 73, 71, 73, 75, 73, 76, 75, 74, 76, 75, 73,
    72, 75, 73, 75, 74, 73, 75, 77, 78, 75, 76, 75, 77, 78, 74, 74, 78,
    75, 77, 76, 80, 79, 80, 77, 80, 76, 77, 77, 77, 79, 76, 79, 79, 76,
    80, 76, 77, 81, 83, 81, 85, 83, 81, 78, 77, 72, 75, 76, 83, 84, 89,
    87, 87, 80, 81, 74, 74, 73, 78, 79, 83, 84, 85, 86, 84, 77, 74, 72,
    76, 76, 74, 79, 79, 80, 83, 82, 79, 76, 76, 74, 72, 75, 72, 76, 75,
    76 ]
