%YAML:1.0
---
videoName: "headShake42.mp4"
gestureLabel: 201
fps: 29
pixelSizeInCmTemp: 3.2808219178082193e-01
faceCenterPointX: 257
faceCenterPointY: 85
headPositionsX: [ 258, 272, 276, 277, 278, 278, 277, 274, 277, 273, 272,
    271, 265, 264, 258, 253, 250, 251, 246, 247, 243, 245, 241, 243, 241,
    242, 246, 252, 253, 258, 265, 267, 271, 274, 278, 282, 275, 277, 279,
    278, 272, 271, 266, 266, 261, 258, 257, 249, 252, 248, 244, 246, 246,
    245, 246, 247, 251, 251, 252, 255, 260, 260, 264, 263, 269, 269, 267,
    267, 266, 269, 266, 270, 266, 265, 263, 264, 261, 263, 261, 259, 257,
    256, 256, 255, 255, 255, 254, 256, 256, 259, 256, 255, 256, 255, 256,
    256, 257, 256, 257, 256 ]
headPositionsY: [ 85, 83, 82, 83, 82, 81, 81, 82, 84, 82, 82, 83, 84, 84,
    86, 81, 84, 82, 82, 83, 85, 85, 87, 84, 83, 81, 82, 83, 83, 87, 85,
    83, 84, 83, 83, 85, 84, 82, 85, 81, 85, 88, 84, 86, 86, 85, 88, 88,
    88, 88, 86, 83, 85, 84, 85, 84, 84, 86, 84, 88, 87, 84, 86, 87, 85,
    88, 85, 87, 84, 83, 86, 84, 84, 84, 84, 88, 86, 87, 85, 84, 86, 86,
    84, 84, 85, 86, 87, 87, 87, 84, 84, 88, 84, 85, 83, 84, 85, 84, 83,
    84 ]
