%YAML:1.0
---
videoName: "headNod11.mp4"
gestureLabel: 202
fps: 29
pixelSizeInCmTemp: 3.2364864864864862e-01
faceCenterPointX: 261
faceCenterPointY: 75
headPositionsX: [ 263, 257, 258, 258, 259, 260, 257, 258, 260, 261, 259,
    261, 259, 260, 257, 261, 261, 258, 259, 257, 261, 262, 258, 260, 260,
    262, 260, 261, 261, 263, 259, 261, 263, 258, 259, 261, 261, 261, 262,
    262, 259, 260, 261, 261, 262, 262, 262, 260, 259, 261, 261, 260, 263,
    262, 262, 259, 262, 262, 259, 259, 260, 257, 257, 259, 257, 256, 257,
    260, 255, 259, 258, 257, 258, 257, 257, 254, 255, 257, 258, 256, 260,
    257, 258, 259, 259, 257, 261, 257, 257, 259, 258, 259, 258, 258, 261,
    258, 258, 259, 258, 259 ]
headPositionsY: [ 73, 76, 75, 74, 73, 75, 76, 73, 72, 76, 76, 75, 76, 75,
    74, 75, 73, 72, 72, 72, 76, 74, 73, 76, 77, 74, 73, 77, 75, 76, 76,
    75, 75, 76, 76, 74, 77, 76, 75, 76, 76, 77, 75, 76, 77, 74, 76, 72,
    72, 72, 67, 69, 66, 70, 72, 69, 72, 75, 77, 81, 80, 79, 77, 72, 69,
    68, 68, 67, 69, 74, 73, 78, 79, 80, 84, 82, 79, 77, 77, 73, 71, 70,
    69, 72, 74, 78, 76, 82, 81, 82, 81, 78, 78, 78, 76, 77, 77, 75, 74,
    77 ]
