%YAML:1.0
---
videoName: "headNod14.mp4"
gestureLabel: 202
fps: 29
pixelSizeInCmTemp: 3.2808219178082193e-01
faceCenterPointX: 257
faceCenterPointY: 71
headPositionsX: [ 255, 256, 260, 260, 257, 259, 256, 260, 258, 260, 260,
    259, 261, 257, 259, 258, 259, 261, 259, 257, 259, 257, 257, 257, 259,
    257, 258, 258, 260, 258, 261, 256, 261, 257, 257, 257, 256, 257, 256,
    260, 258, 259, 261, 258, 259, 260, 258, 262, 258, 260, 260, 258, 257,
    256, 257, 258, 260, 258, 261, 258, 258, 256, 261, 257, 258, 259, 261,
    257, 257, 258, 259, 260, 258, 257, 258, 258, 258, 259, 259, 258, 256,
    257, 259, 256, 259, 259, 258, 256, 257, 255, 256, 258, 257, 254, 257,
    255, 256, 255, 258, 258 ]
headPositionsY: [ 72, 79, 74, 78, 80, 78, 75, 77, 78, 75, 77, 77, 78, 79,
    77, 76, 74, 78, 78, 78, 79, 75, 78, 78, 75, 79, 80, 75, 79, 77, 76,
    77, 79, 78, 75, 77, 76, 78, 78, 75, 74, 72, 73, 67, 67, 70, 69, 70,
    69, 74, 75, 76, 78, 80, 81, 80, 78, 82, 79, 75, 74, 68, 68, 69, 69,
    71, 74, 75, 80, 80, 81, 80, 82, 79, 76, 74, 69, 68, 67, 69, 71, 73,
    73, 79, 79, 80, 81, 77, 76, 75, 74, 73, 69, 70, 71, 68, 70, 72, 69,
    69 ]
