%YAML:1.0
---
videoName: "headNod12.mp4"
gestureLabel: 202
fps: 29
pixelSizeInCmTemp: 3.2808219178082193e-01
faceCenterPointX: 254
faceCenterPointY: 69
headPositionsX: [ 256, 253, 255, 256, 255, 253, 254, 254, 257, 254, 253,
    257, 254, 254, 256, 257, 255, 255, 257, 256, 257, 255, 258, 254, 254,
    254, 259, 254, 256, 257, 258, 253, 255, 253, 256, 253, 254, 257, 256,
    252, 255, 255, 255, 252, 253, 254, 257, 256, 253, 256, 252, 253, 254,
    252, 253, 252, 254, 254, 256, 256, 255, 252, 254, 253, 252, 255, 253,
    254, 252, 251, 254, 256, 253, 253, 254, 252, 253, 254, 253, 257, 256,
    255, 257, 256, 256, 254, 254, 255, 255, 254, 255, 253, 256, 257, 253,
    255, 252, 252, 254, 252 ]
headPositionsY: [ 68, 73, 74, 74, 70, 72, 76, 71, 75, 76, 72, 73, 76, 71,
    72, 75, 70, 73, 71, 71, 74, 75, 74, 71, 74, 76, 73, 76, 73, 74, 74,
    76, 75, 73, 72, 69, 68, 68, 64, 64, 63, 64, 61, 64, 63, 64, 68, 72,
    72, 75, 79, 77, 79, 77, 75, 71, 72, 69, 66, 65, 64, 64, 62, 63, 67,
    67, 68, 73, 75, 72, 77, 76, 77, 76, 75, 69, 69, 67, 69, 65, 66, 68,
    67, 68, 68, 67, 67, 71, 73, 74, 76, 73, 73, 71, 70, 70, 72, 70, 69,
    71 ]
