%YAML:1.0
---
videoName: "headShake21.mp4"
gestureLabel: 201
fps: 29
pixelSizeInCmTemp: 3.1933333333333330e-01
faceCenterPointX: 241
faceCenterPointY: 78
headPositionsX: [ 240, 245, 245, 243, 244, 241, 243, 241, 241, 243, 242,
    240, 244, 244, 239, 240, 242, 240, 242, 243, 241, 244, 243, 243, 242,
    245, 243, 241, 241, 244, 245, 241, 245, 244, 244, 245, 240, 241, 244,
    243, 240, 242, 239, 242, 243, 243, 243, 243, 241, 242, 242, 243, 242,
    239, 244, 241, 240, 241, 244, 240, 240, 242, 242, 240, 240, 242, 238,
    243, 247, 248, 250, 252, 252, 248, 245, 242, 236, 235, 231, 231, 235,
    238, 239, 241, 241, 242, 244, 244, 241, 237, 237, 239, 239, 238, 238,
    239, 240, 243, 242, 241 ]
headPositionsY: [ 77, 82, 83, 80, 77, 77, 73, 73, 74, 72, 71, 72, 71, 72,
    70, 70, 73, 72, 70, 70, 73, 72, 73, 73, 74, 76, 77, 75, 74, 77, 74,
    78, 76, 78, 75, 78, 74, 77, 78, 75, 78, 79, 77, 79, 80, 78, 77, 78,
    77, 78, 76, 77, 77, 78, 78, 78, 78, 76, 78, 78, 78, 76, 78, 79, 78,
    78, 76, 79, 80, 78, 77, 75, 77, 77, 78, 77, 77, 76, 79, 78, 76, 77,
    76, 80, 77, 80, 79, 79, 79, 76, 80, 77, 79, 79, 78, 76, 80, 76, 78,
    77 ]
