%YAML:1.0
---
videoName: "headShake4.mp4"
gestureLabel: 201
fps: 30
pixelSizeInCmTemp: 3.2364864864864862e-01
faceCenterPointX: 237
faceCenterPointY: 101
headPositionsX: [ 238, 242, 243, 249, 249, 256, 253, 253, 251, 247, 246,
    239, 231, 225, 225, 226, 224, 230, 237, 241, 247, 252, 253, 253, 249,
    245, 238, 234, 232, 223, 222, 222, 226, 231, 232, 243, 245, 248, 252,
    255, 254, 254, 246, 246, 235, 229, 231, 227, 223, 227, 229, 229, 231,
    236, 241, 244, 247, 248, 251, 247, 246, 243, 239, 237, 236, 233, 230,
    233, 228, 231, 235, 236, 237, 239, 237, 242, 242, 240, 241, 240, 242,
    242, 240, 239, 239, 239, 237, 236, 236, 240, 234, 237, 236, 234, 239,
    235, 236, 235, 236, 239 ]
headPositionsY: [ 101, 97, 99, 96, 100, 97, 100, 98, 99, 99, 98, 99, 99,
    98, 100, 99, 96, 97, 100, 98, 95, 101, 99, 98, 98, 101, 99, 99, 101,
    98, 99, 99, 100, 96, 101, 98, 99, 98, 97, 100, 101, 100, 97, 100, 99,
    101, 101, 99, 100, 97, 97, 98, 101, 103, 101, 99, 101, 101, 100, 100,
    100, 99, 99, 99, 101, 102, 99, 100, 98, 98, 98, 97, 99, 101, 99, 98,
    103, 102, 103, 100, 98, 101, 100, 100, 102, 101, 102, 102, 98, 101,
    101, 102, 99, 100, 98, 102, 102, 101, 100, 98 ]
