%YAML:1.0
---
videoName: "headShake25.mp4"
gestureLabel: 201
fps: 30
pixelSizeInCmTemp: 3.2364864864864862e-01
faceCenterPointX: 241
faceCenterPointY: 79
headPositionsX: [ 242, 252, 256, 254, 252, 251, 249, 248, 244, 241, 240,
    235, 237, 233, 232, 230, 232, 228, 230, 231, 231, 232, 232, 234, 237,
    242, 245, 247, 248, 250, 246, 249, 251, 250, 249, 247, 241, 239, 240,
    233, 233, 230, 233, 229, 230, 229, 233, 232, 235, 237, 237, 243, 242,
    246, 248, 247, 252, 250, 250, 250, 251, 247, 249, 247, 246, 243, 243,
    237, 235, 235, 233, 237, 232, 235, 235, 237, 236, 237, 238, 237, 240,
    237, 242, 240, 241, 244, 244, 242, 245, 240, 242, 243, 240, 242, 239,
    241, 242, 242, 242, 239 ]
headPositionsY: [ 79, 76, 78, 76, 78, 76, 75, 76, 79, 77, 75, 78, 77, 76,
    76, 78, 77, 78, 77, 77, 77, 77, 77, 76, 76, 76, 78, 78, 80, 76, 80,
    80, 78, 79, 78, 81, 79, 79, 80, 80, 77, 79, 77, 76, 76, 76, 79, 80,
    76, 79, 77, 78, 78, 77, 79, 80, 79, 79, 78, 78, 80, 79, 78, 77, 78,
    76, 77, 78, 78, 79, 78, 80, 77, 80, 78, 79, 80, 79, 80, 77, 77, 79,
    81, 78, 77, 77, 80, 79, 77, 80, 81, 79, 81, 79, 79, 80, 77, 80, 78,
    78 ]
