%YAML:1.0
---
videoName: "headNod45.mp4"
gestureLabel: 202
fps: 30
pixelSizeInCmTemp: 3.0316455696202532e-01
faceCenterPointX: 265
faceCenterPointY: 77
headPositionsX: [ 267, 269, 267, 266, 269, 267, 269, 267, 266, 269, 268,
    268, 265, 268, 265, 268, 268, 269, 268, 268, 269, 269, 266, 269, 265,
    268, 265, 263, 265, 267, 264, 264, 263, 266, 266, 265, 267, 263, 267,
    264, 268, 263, 266, 263, 266, 267, 264, 264, 268, 266, 265, 264, 268,
    270, 269, 268, 267, 268, 268, 266, 268, 269, 267, 267, 266, 269, 267,
    266, 268, 265, 264, 267, 265, 268, 267, 265, 267, 266, 264, 263, 265,
    264, 265, 268, 266, 265, 268, 266, 264, 264, 266, 264, 264, 268, 268,
    266, 263, 263, 264, 266 ]
headPositionsY: [ 79, 76, 74, 76, 73, 77, 76, 75, 77, 76, 77, 73, 76, 74,
    77, 78, 74, 78, 79, 83, 87, 90, 91, 95, 90, 90, 92, 87, 81, 78, 74,
    74, 70, 68, 67, 67, 66, 72, 71, 78, 82, 87, 88, 92, 90, 92, 89, 85,
    78, 78, 77, 71, 73, 74, 74, 75, 77, 82, 85, 88, 87, 83, 79, 78, 75,
    76, 73, 71, 72, 74, 78, 79, 85, 88, 89, 86, 85, 86, 83, 81, 77, 78,
    75, 78, 75, 78, 78, 82, 80, 78, 80, 78, 80, 76, 78, 80, 79, 80, 76,
    80 ]
