%YAML:1.0
---
videoName: "headShake0.mp4"
gestureLabel: 201
fps: 29
pixelSizeInCmTemp: 3.2808219178082193e-01
faceCenterPointX: 279
faceCenterPointY: 94
headPositionsX: [ 279, 280, 278, 281, 279, 280, 282, 278, 278, 281, 278,
    281, 280, 280, 276, 279, 278, 277, 281, 281, 281, 277, 277, 277, 280,
    277, 277, 278, 278, 279, 276, 280, 281, 279, 280, 278, 278, 278, 280,
    279, 278, 281, 287, 288, 293, 297, 298, 300, 302, 300, 296, 291, 286,
    284, 279, 277, 270, 273, 275, 275, 282, 284, 287, 290, 290, 290, 288,
    280, 278, 274, 275, 271, 272, 274, 279, 282, 286, 283, 282, 282, 281,
    277, 275, 275, 273, 275, 276, 279, 280, 280, 278, 278, 279, 278, 277,
    277, 281, 281, 277, 280 ]
headPositionsY: [ 93, 95, 92, 91, 95, 93, 91, 95, 92, 95, 94, 90, 95, 94,
    91, 91, 95, 95, 93, 91, 92, 92, 94, 92, 93, 95, 91, 94, 93, 94, 92,
    91, 92, 91, 92, 91, 92, 91, 93, 96, 91, 95, 89, 91, 93, 91, 90, 90,
    90, 92, 93, 90, 95, 91, 92, 92, 93, 95, 91, 90, 93, 90, 91, 93, 91,
    90, 93, 92, 94, 92, 93, 94, 94, 95, 95, 95, 92, 94, 92, 93, 92, 92,
    95, 91, 92, 95, 92, 92, 96, 92, 95, 94, 94, 94, 97, 95, 94, 93, 93,
    93 ]
