%YAML:1.0
---
videoName: "headNod45.mp4"
gestureLabel: 202
fps: 30
pixelSizeInCmTemp: 3.0316455696202532e-01
faceCenterPointX: 265
faceCenterPointY: 77
headPositionsX: [ 267, 266, 269, 269, 268, 270, 268, 268, 267, 268, 266,
    268, 266, 269, 268, 267, 268, 265, 267, 266, 268, 269, 269, 266, 268,
    268, 269, 267, 267, 264, 267, 268, 267, 268, 268, 264, 263, 265, 267,
    267, 267, 263, 267, 263, 267, 263, 265, 266, 267, 266, 266, 264, 267,
    269, 269, 264, 267, 267, 268, 264, 267, 267, 263, 265, 264, 265, 265,
    265, 268, 268, 266, 269, 268, 267, 266, 264, 268, 269, 267, 265, 264,
    267, 265, 265, 264, 266, 266, 266, 268, 266, 263, 266, 266, 266, 267,
    266, 265, 267, 265, 266 ]
headPositionsY: [ 79, 77, 75, 74, 76, 74, 75, 75, 76, 73, 74, 75, 73, 75,
    77, 76, 75, 77, 77, 81, 86, 87, 89, 92, 92, 91, 92, 88, 83, 76, 73,
    75, 67, 64, 67, 65, 68, 68, 72, 80, 83, 87, 89, 91, 93, 91, 86, 85,
    81, 78, 76, 72, 71, 72, 76, 74, 79, 79, 86, 85, 85, 85, 79, 79, 78,
    72, 75, 72, 75, 74, 80, 82, 84, 87, 90, 86, 85, 84, 81, 77, 79, 78,
    76, 75, 78, 77, 79, 80, 79, 78, 81, 80, 78, 77, 76, 76, 78, 76, 76,
    77 ]
