%YAML:1.0
---
videoName: "headShake42.mp4"
gestureLabel: 201
fps: 29
pixelSizeInCmTemp: 3.2808219178082193e-01
faceCenterPointX: 257
faceCenterPointY: 85
headPositionsX: [ 259, 274, 275, 275, 277, 277, 280, 278, 274, 272, 274,
    269, 269, 261, 260, 255, 253, 250, 249, 247, 245, 243, 245, 243, 241,
    245, 245, 250, 252, 258, 263, 265, 270, 278, 278, 281, 276, 280, 279,
    275, 272, 270, 268, 266, 263, 256, 255, 251, 248, 251, 245, 247, 245,
    246, 245, 249, 248, 251, 253, 255, 258, 262, 263, 265, 268, 268, 265,
    267, 268, 266, 267, 268, 267, 266, 266, 265, 263, 259, 261, 259, 260,
    259, 258, 257, 256, 257, 258, 256, 254, 257, 258, 257, 254, 256, 255,
    257, 256, 255, 257, 258 ]
headPositionsY: [ 83, 84, 82, 83, 83, 83, 80, 84, 82, 82, 83, 85, 85, 86,
    82, 82, 83, 84, 86, 83, 83, 82, 85, 83, 83, 85, 86, 84, 87, 85, 85,
    86, 85, 81, 82, 82, 81, 85, 81, 82, 84, 88, 88, 84, 88, 84, 87, 85,
    86, 87, 86, 86, 85, 85, 83, 85, 86, 87, 83, 85, 88, 84, 86, 86, 84,
    87, 87, 84, 83, 83, 88, 84, 86, 85, 84, 88, 84, 85, 84, 85, 87, 86,
    84, 85, 87, 87, 84, 87, 86, 88, 84, 85, 87, 84, 84, 86, 86, 83, 83,
    85 ]
