%YAML:1.0
---
videoName: "headShake47.mp4"
gestureLabel: 201
fps: 29
pixelSizeInCmTemp: 3.2364864864864862e-01
faceCenterPointX: 258
faceCenterPointY: 86
headPositionsX: [ 260, 262, 262, 259, 261, 260, 260, 260, 261, 262, 261,
    262, 257, 262, 262, 259, 259, 259, 262, 260, 259, 263, 258, 262, 261,
    260, 259, 263, 259, 261, 260, 263, 257, 257, 258, 258, 253, 252, 248,
    250, 251, 248, 250, 257, 259, 266, 268, 269, 267, 265, 260, 254, 253,
    252, 255, 257, 264, 262, 264, 262, 264, 257, 252, 254, 250, 252, 255,
    263, 264, 265, 262, 261, 254, 254, 253, 255, 255, 261, 260, 263, 263,
    263, 261, 258, 255, 256, 253, 257, 254, 259, 259, 258, 255, 258, 259,
    255, 259, 257, 259, 260 ]
headPositionsY: [ 85, 83, 87, 86, 87, 85, 83, 85, 85, 84, 85, 86, 84, 85,
    84, 83, 85, 86, 87, 86, 86, 84, 83, 85, 86, 83, 83, 85, 83, 83, 87,
    86, 85, 86, 87, 86, 87, 85, 84, 83, 87, 87, 88, 85, 89, 86, 89, 89,
    87, 88, 90, 91, 91, 90, 91, 88, 88, 90, 88, 89, 89, 86, 87, 85, 85,
    85, 88, 89, 88, 89, 87, 87, 88, 85, 84, 85, 87, 85, 87, 86, 87, 89,
    87, 85, 87, 88, 86, 88, 86, 86, 84, 84, 84, 89, 85, 88, 87, 86, 85,
    86 ]
