%YAML:1.0
---
videoName: "headShake21.mp4"
gestureLabel: 201
fps: 29
pixelSizeInCmTemp: 3.1933333333333330e-01
faceCenterPointX: 241
faceCenterPointY: 78
headPositionsX: [ 242, 243, 243, 241, 243, 244, 242, 243, 242, 242, 243,
    241, 244, 244, 239, 241, 242, 239, 243, 240, 245, 242, 244, 242, 241,
    242, 245, 244, 242, 243, 245, 241, 245, 241, 242, 244, 243, 245, 242,
    243, 243, 240, 243, 241, 241, 242, 239, 242, 240, 240, 240, 239, 242,
    239, 244, 241, 239, 242, 244, 244, 242, 239, 240, 242, 240, 238, 238,
    242, 247, 248, 250, 250, 253, 249, 243, 243, 236, 233, 235, 231, 238,
    235, 240, 243, 240, 244, 241, 243, 237, 241, 238, 240, 238, 236, 239,
    243, 240, 240, 243, 243 ]
headPositionsY: [ 79, 83, 83, 78, 76, 75, 73, 74, 70, 72, 73, 70, 71, 70,
    72, 71, 70, 69, 70, 71, 73, 72, 73, 72, 71, 73, 76, 76, 76, 76, 75,
    75, 79, 76, 76, 77, 78, 78, 79, 77, 79, 79, 77, 76, 78, 80, 78, 80,
    77, 80, 78, 80, 77, 79, 79, 76, 77, 78, 80, 77, 77, 79, 79, 80, 79,
    79, 78, 77, 77, 76, 77, 79, 79, 79, 80, 81, 79, 78, 79, 79, 80, 77,
    75, 78, 80, 78, 76, 77, 79, 80, 80, 79, 80, 78, 77, 78, 81, 78, 78,
    76 ]
