%YAML:1.0
---
videoName: "headLookLeft9.mp4"
gestureLabel: 203
fps: 30
pixelSizeInCmTemp: 3.2364864864864862e-01
faceCenterPointX: 273
faceCenterPointY: 69
headPositionsX: [ 275, 248, 245, 249, 246, 245, 246, 246, 246, 247, 248,
    248, 248, 248, 244, 245, 248, 248, 245, 247, 244, 247, 244, 247, 245,
    247, 244, 246, 244, 245, 247, 245, 250, 247, 251, 254, 256, 256, 260,
    261, 262, 267, 270, 269, 267, 269, 272, 269, 272, 272, 273, 271, 270,
    270, 273, 273, 273, 272, 271, 273, 272, 270, 271, 270, 274, 272, 268,
    273, 272, 271, 269, 271, 273, 274, 273, 272, 274, 269, 272, 271, 270,
    272, 271, 268, 274, 269, 271, 269, 273, 271, 271, 274, 272, 269, 269,
    274, 269, 270, 269, 270 ]
headPositionsY: [ 67, 71, 71, 70, 72, 70, 70, 69, 67, 69, 73, 71, 71, 73,
    70, 71, 72, 71, 71, 69, 69, 71, 69, 72, 72, 70, 71, 69, 69, 72, 69,
    72, 70, 71, 68, 72, 68, 67, 67, 66, 70, 69, 70, 68, 66, 65, 69, 67,
    68, 68, 69, 64, 70, 66, 68, 66, 66, 66, 68, 68, 69, 66, 69, 67, 69,
    67, 69, 69, 69, 65, 68, 67, 69, 68, 71, 68, 70, 66, 69, 68, 67, 67,
    68, 69, 69, 68, 68, 67, 70, 68, 68, 67, 68, 67, 67, 69, 70, 68, 68,
    71 ]
