%YAML:1.0
---
videoName: "headShake26.mp4"
gestureLabel: 201
fps: 30
pixelSizeInCmTemp: 3.2808219178082193e-01
faceCenterPointX: 243
faceCenterPointY: 78
headPositionsX: [ 243, 241, 241, 241, 238, 241, 243, 247, 249, 249, 248,
    250, 250, 250, 251, 252, 252, 250, 245, 246, 239, 237, 234, 235, 232,
    230, 227, 232, 229, 233, 234, 236, 241, 241, 245, 245, 250, 252, 252,
    251, 252, 251, 251, 246, 246, 239, 241, 233, 233, 230, 229, 229, 227,
    231, 231, 235, 238, 239, 243, 249, 249, 249, 252, 254, 250, 250, 250,
    251, 250, 249, 247, 241, 240, 239, 240, 237, 235, 238, 234, 237, 237,
    239, 236, 239, 238, 242, 239, 240, 245, 242, 244, 242, 243, 244, 245,
    245, 243, 245, 245, 244 ]
headPositionsY: [ 79, 79, 77, 78, 77, 77, 78, 79, 78, 75, 77, 76, 78, 76,
    75, 77, 80, 76, 80, 76, 77, 77, 75, 77, 76, 75, 78, 74, 77, 79, 76,
    76, 75, 75, 78, 76, 79, 76, 76, 79, 78, 79, 75, 76, 78, 77, 78, 79,
    76, 78, 74, 76, 75, 77, 75, 79, 79, 76, 77, 76, 77, 78, 76, 77, 74,
    75, 78, 77, 80, 80, 78, 80, 78, 78, 78, 80, 76, 76, 76, 80, 78, 78,
    79, 77, 76, 79, 81, 79, 78, 79, 80, 81, 78, 80, 80, 77, 80, 79, 81,
    80 ]
