%YAML:1.0
---
videoName: "headNod30.mp4"
gestureLabel: 202
fps: 29
pixelSizeInCmTemp: 3.2364864864864862e-01
faceCenterPointX: 271
faceCenterPointY: 72
headPositionsX: [ 273, 272, 271, 270, 273, 272, 272, 270, 272, 272, 272,
    269, 270, 270, 272, 270, 272, 270, 271, 273, 271, 273, 272, 274, 270,
    274, 275, 273, 271, 273, 275, 271, 271, 272, 273, 271, 270, 273, 272,
    270, 270, 270, 270, 268, 271, 267, 271, 271, 268, 272, 271, 271, 269,
    272, 269, 271, 271, 271, 272, 273, 270, 271, 271, 270, 270, 271, 271,
    272, 270, 272, 273, 270, 271, 273, 272, 270, 272, 271, 270, 272, 272,
    270, 273, 270, 273, 271, 271, 273, 273, 274, 270, 273, 271, 273, 273,
    274, 274, 273, 272, 270 ]
headPositionsY: [ 73, 75, 73, 75, 78, 76, 74, 74, 73, 77, 77, 77, 75, 75,
    76, 77, 77, 75, 76, 73, 73, 73, 73, 71, 70, 68, 66, 68, 67, 70, 75,
    76, 78, 82, 80, 80, 80, 78, 77, 75, 69, 69, 69, 74, 75, 75, 78, 78,
    80, 79, 78, 77, 71, 72, 69, 70, 73, 69, 72, 75, 76, 78, 75, 73, 72,
    72, 73, 69, 69, 67, 68, 70, 72, 72, 75, 73, 74, 77, 74, 71, 73, 69,
    70, 68, 72, 69, 69, 71, 74, 75, 76, 72, 74, 71, 75, 71, 73, 72, 71,
    73 ]
