%YAML:1.0
---
videoName: "headNod47.mp4"
gestureLabel: 202
fps: 29
pixelSizeInCmTemp: 3.0316455696202532e-01
faceCenterPointX: 266
faceCenterPointY: 70
headPositionsX: [ 265, 269, 266, 265, 267, 266, 265, 266, 264, 265, 268,
    268, 265, 265, 263, 266, 265, 266, 264, 267, 263, 265, 266, 268, 268,
    265, 266, 267, 264, 269, 266, 269, 270, 267, 269, 267, 266, 267, 268,
    266, 267, 266, 268, 270, 267, 268, 268, 267, 268, 268, 267, 265, 267,
    266, 265, 267, 268, 269, 267, 268, 267, 269, 267, 264, 264, 265, 266,
    265, 266, 264, 266, 267, 269, 268, 265, 265, 267, 265, 265, 267, 264,
    268, 266, 268, 265, 263, 267, 267, 269, 265, 265, 267, 267, 264, 266,
    267, 264, 267, 268, 266 ]
headPositionsY: [ 69, 60, 62, 57, 57, 57, 59, 62, 63, 65, 70, 74, 82, 84,
    79, 75, 74, 70, 67, 65, 65, 66, 68, 69, 71, 72, 77, 77, 77, 76, 74,
    73, 70, 68, 65, 68, 68, 71, 74, 76, 75, 81, 78, 80, 77, 74, 71, 69,
    69, 67, 70, 70, 72, 74, 76, 77, 73, 73, 72, 72, 69, 69, 68, 69, 69,
    69, 69, 73, 76, 74, 76, 72, 74, 71, 67, 71, 68, 66, 68, 72, 71, 72,
    73, 76, 72, 70, 70, 71, 71, 70, 71, 71, 70, 70, 72, 73, 73, 71, 69,
    71 ]
