%YAML:1.0
---
videoName: "headShake39.mp4"
gestureLabel: 201
fps: 29
pixelSizeInCmTemp: 3.1933333333333330e-01
faceCenterPointX: 263
faceCenterPointY: 83
headPositionsX: [ 263, 262, 263, 262, 260, 260, 262, 262, 263, 262, 259,
    262, 263, 261, 262, 259, 259, 259, 259, 259, 257, 257, 258, 254, 254,
    250, 248, 245, 242, 245, 242, 243, 246, 252, 258, 260, 268, 272, 276,
    282, 280, 282, 274, 269, 262, 260, 255, 248, 245, 248, 247, 251, 252,
    254, 263, 266, 274, 276, 280, 280, 277, 272, 271, 264, 257, 255, 253,
    251, 247, 250, 250, 251, 252, 252, 256, 256, 259, 263, 265, 265, 264,
    268, 267, 268, 268, 267, 268, 264, 266, 263, 263, 265, 263, 262, 261,
    264, 260, 265, 261, 262 ]
headPositionsY: [ 84, 82, 85, 85, 82, 83, 81, 81, 84, 84, 81, 84, 81, 82,
    82, 81, 81, 85, 84, 82, 82, 85, 84, 81, 84, 84, 82, 84, 83, 82, 85,
    83, 82, 84, 82, 82, 82, 83, 80, 81, 80, 78, 83, 84, 83, 82, 84, 84,
    85, 82, 84, 82, 82, 81, 80, 82, 81, 83, 79, 80, 83, 82, 82, 83, 83,
    82, 81, 81, 79, 79, 81, 80, 78, 82, 82, 84, 84, 82, 83, 81, 83, 81,
    80, 80, 83, 82, 84, 84, 80, 84, 82, 81, 84, 85, 81, 84, 81, 81, 85,
    84 ]
