%YAML:1.0
---
videoName: "headNod3.mp4"
gestureLabel: 202
fps: 29
pixelSizeInCmTemp: 3.1933333333333330e-01
faceCenterPointX: 264
faceCenterPointY: 76
headPositionsX: [ 264, 262, 266, 262, 266, 263, 265, 264, 263, 265, 266,
    265, 266, 266, 267, 267, 265, 267, 267, 265, 263, 265, 266, 266, 264,
    263, 263, 266, 267, 265, 267, 265, 264, 268, 264, 266, 268, 268, 267,
    264, 266, 267, 264, 265, 267, 265, 267, 267, 264, 267, 264, 266, 266,
    265, 266, 265, 266, 264, 264, 262, 264, 261, 261, 266, 264, 262, 265,
    263, 264, 265, 262, 266, 265, 262, 261, 264, 261, 265, 265, 264, 263,
    262, 263, 266, 263, 262, 264, 261, 265, 265, 261, 266, 261, 264, 263,
    265, 265, 265, 264, 264 ]
headPositionsY: [ 76, 74, 77, 78, 75, 74, 78, 74, 75, 73, 74, 75, 72, 72,
    72, 72, 75, 75, 75, 73, 74, 71, 72, 71, 75, 72, 76, 72, 73, 77, 75,
    72, 74, 73, 75, 74, 75, 73, 74, 74, 77, 76, 77, 72, 70, 68, 70, 68,
    64, 64, 68, 70, 70, 75, 79, 79, 85, 82, 81, 79, 78, 70, 71, 71, 68,
    68, 71, 71, 75, 78, 80, 81, 79, 81, 77, 75, 72, 67, 69, 64, 65, 65,
    69, 70, 71, 76, 77, 81, 79, 82, 80, 79, 78, 75, 76, 77, 77, 78, 75,
    77 ]
