%YAML:1.0
---
videoName: "headShake44.mp4"
gestureLabel: 201
fps: 30
pixelSizeInCmTemp: 3.2808219178082193e-01
faceCenterPointX: 260
faceCenterPointY: 84
headPositionsX: [ 258, 264, 262, 261, 261, 260, 261, 263, 261, 261, 263,
    260, 262, 261, 261, 261, 261, 262, 259, 259, 259, 262, 262, 260, 261,
    261, 261, 261, 260, 259, 261, 259, 260, 261, 258, 259, 259, 258, 261,
    265, 268, 270, 273, 275, 275, 275, 274, 265, 262, 256, 251, 250, 249,
    254, 256, 260, 266, 270, 269, 270, 267, 262, 257, 254, 252, 257, 261,
    266, 267, 270, 272, 271, 267, 262, 255, 256, 250, 253, 254, 254, 257,
    258, 260, 262, 259, 263, 261, 261, 261, 263, 260, 262, 259, 264, 259,
    260, 261, 260, 261, 261 ]
headPositionsY: [ 85, 82, 84, 80, 81, 81, 82, 84, 82, 85, 84, 83, 85, 84,
    84, 81, 84, 83, 84, 84, 84, 83, 81, 82, 84, 82, 83, 81, 83, 82, 85,
    82, 83, 82, 82, 84, 83, 85, 85, 81, 81, 81, 83, 81, 80, 84, 81, 83,
    86, 82, 83, 85, 83, 85, 86, 85, 84, 83, 82, 85, 84, 82, 83, 85, 86,
    81, 85, 85, 84, 81, 85, 81, 81, 82, 85, 83, 84, 86, 83, 85, 82, 84,
    82, 84, 83, 86, 83, 86, 86, 85, 86, 84, 86, 87, 85, 87, 84, 87, 85,
    85 ]
