%YAML:1.0
---
videoName: "headNod11.mp4"
gestureLabel: 202
fps: 29
pixelSizeInCmTemp: 3.2364864864864862e-01
faceCenterPointX: 261
faceCenterPointY: 75
headPositionsX: [ 261, 259, 259, 258, 260, 258, 259, 261, 258, 261, 260,
    261, 257, 261, 257, 261, 260, 260, 259, 259, 258, 261, 262, 262, 261,
    263, 261, 261, 259, 263, 258, 262, 263, 260, 261, 262, 260, 258, 261,
    258, 259, 262, 261, 262, 261, 260, 263, 260, 260, 262, 259, 260, 263,
    262, 259, 262, 260, 260, 258, 258, 259, 259, 259, 260, 260, 260, 256,
    259, 256, 257, 257, 256, 260, 257, 259, 257, 255, 255, 256, 256, 259,
    260, 258, 262, 258, 257, 261, 260, 259, 259, 261, 262, 257, 261, 262,
    258, 259, 261, 261, 261 ]
headPositionsY: [ 75, 76, 72, 73, 73, 75, 75, 74, 75, 75, 75, 76, 76, 74,
    76, 74, 74, 72, 72, 74, 76, 72, 73, 76, 73, 74, 73, 74, 75, 74, 76,
    74, 74, 73, 73, 72, 78, 73, 73, 75, 77, 78, 75, 75, 76, 73, 73, 72,
    74, 70, 71, 68, 70, 68, 68, 73, 72, 77, 77, 82, 80, 81, 79, 71, 70,
    67, 66, 67, 68, 73, 73, 76, 76, 78, 81, 83, 78, 75, 74, 75, 69, 71,
    71, 72, 77, 74, 78, 81, 79, 79, 79, 80, 78, 78, 76, 75, 76, 75, 78,
    73 ]
