%YAML:1.0
---
videoName: "headShake43.mp4"
gestureLabel: 201
fps: 29
pixelSizeInCmTemp: 3.2808219178082193e-01
faceCenterPointX: 257
faceCenterPointY: 84
headPositionsX: [ 257, 259, 261, 259, 261, 262, 261, 262, 262, 260, 261,
    262, 261, 262, 259, 262, 259, 260, 259, 262, 258, 260, 260, 258, 259,
    260, 263, 263, 267, 268, 270, 274, 280, 280, 280, 282, 281, 277, 279,
    273, 271, 268, 261, 255, 250, 247, 243, 243, 245, 242, 247, 252, 255,
    263, 268, 272, 274, 272, 273, 274, 272, 267, 262, 254, 251, 245, 244,
    241, 242, 248, 250, 251, 253, 262, 263, 264, 269, 267, 269, 266, 270,
    267, 266, 266, 261, 260, 258, 257, 256, 260, 258, 258, 257, 257, 256,
    254, 259, 257, 255, 258 ]
headPositionsY: [ 83, 86, 86, 86, 85, 85, 83, 87, 86, 84, 84, 83, 84, 84,
    85, 83, 86, 83, 84, 83, 86, 86, 84, 85, 83, 83, 85, 83, 86, 82, 86,
    81, 83, 84, 81, 84, 84, 81, 81, 84, 83, 85, 86, 86, 87, 86, 84, 83,
    82, 82, 84, 86, 83, 85, 83, 84, 85, 82, 83, 83, 82, 85, 84, 85, 84,
    85, 84, 83, 81, 84, 85, 86, 84, 86, 83, 82, 82, 83, 85, 82, 81, 85,
    83, 84, 83, 87, 84, 85, 86, 82, 81, 82, 81, 86, 82, 84, 85, 84, 85,
    83 ]
