%YAML:1.0
---
videoName: "headShake11.mp4"
gestureLabel: 201
fps: 29
pixelSizeInCmTemp: 3.2364864864864862e-01
faceCenterPointX: 244
faceCenterPointY: 76
headPositionsX: [ 243, 239, 239, 240, 240, 244, 241, 241, 243, 242, 242,
    241, 241, 242, 241, 242, 244, 241, 241, 243, 240, 242, 243, 243, 242,
    244, 242, 244, 246, 248, 256, 257, 257, 259, 263, 260, 261, 257, 254,
    247, 243, 236, 232, 231, 226, 227, 229, 233, 234, 240, 247, 250, 252,
    258, 259, 256, 255, 251, 249, 242, 241, 233, 231, 232, 232, 232, 233,
    240, 244, 250, 254, 255, 257, 260, 255, 257, 251, 246, 246, 241, 240,
    233, 234, 234, 234, 235, 238, 241, 244, 248, 248, 246, 246, 247, 248,
    244, 247, 248, 244, 246 ]
headPositionsY: [ 75, 74, 71, 71, 71, 70, 73, 74, 75, 74, 73, 70, 73, 74,
    72, 74, 71, 73, 75, 71, 72, 72, 74, 75, 74, 75, 74, 75, 72, 72, 70,
    71, 70, 73, 70, 73, 74, 74, 74, 77, 75, 72, 76, 72, 72, 74, 74, 72,
    77, 75, 75, 73, 72, 74, 73, 71, 72, 72, 77, 74, 76, 77, 74, 75, 76,
    73, 75, 74, 77, 73, 72, 71, 73, 70, 74, 75, 73, 74, 75, 76, 73, 75,
    72, 74, 76, 75, 73, 73, 74, 76, 75, 74, 72, 76, 73, 75, 77, 77, 73,
    76 ]
