%YAML:1.0
---
videoName: "headNod12.mp4"
gestureLabel: 202
fps: 29
pixelSizeInCmTemp: 3.2808219178082193e-01
faceCenterPointX: 254
faceCenterPointY: 69
headPositionsX: [ 254, 252, 252, 252, 252, 251, 253, 255, 254, 255, 257,
    257, 254, 257, 257, 259, 257, 258, 257, 255, 255, 256, 257, 254, 256,
    255, 257, 255, 258, 256, 259, 256, 255, 253, 255, 253, 256, 256, 256,
    254, 252, 256, 254, 252, 254, 255, 255, 255, 253, 255, 256, 253, 256,
    255, 252, 255, 256, 256, 256, 255, 255, 255, 255, 254, 253, 252, 257,
    253, 252, 252, 256, 255, 255, 254, 253, 253, 253, 253, 254, 257, 254,
    255, 253, 256, 256, 253, 252, 254, 255, 256, 256, 255, 255, 254, 256,
    253, 256, 252, 256, 254 ]
headPositionsY: [ 68, 75, 72, 75, 71, 71, 73, 71, 75, 73, 76, 75, 75, 75,
    75, 75, 74, 75, 73, 75, 73, 72, 76, 75, 74, 76, 74, 75, 75, 72, 75,
    72, 73, 74, 75, 73, 71, 70, 64, 65, 63, 63, 63, 60, 62, 68, 68, 71,
    72, 75, 76, 78, 76, 78, 76, 75, 72, 67, 68, 63, 65, 62, 61, 66, 67,
    70, 68, 69, 73, 72, 75, 73, 78, 72, 73, 70, 71, 68, 68, 68, 64, 66,
    65, 65, 68, 71, 71, 74, 74, 75, 76, 72, 72, 74, 74, 73, 69, 70, 70,
    68 ]
