%YAML:1.0
---
videoName: "headNod42.mp4"
gestureLabel: 202
fps: 30
pixelSizeInCmTemp: 3.0316455696202532e-01
faceCenterPointX: 265
faceCenterPointY: 77
headPositionsX: [ 265, 269, 266, 267, 267, 269, 270, 267, 268, 268, 267,
    270, 268, 270, 266, 272, 272, 270, 270, 268, 266, 268, 267, 267, 266,
    267, 264, 264, 263, 265, 267, 265, 266, 264, 267, 267, 265, 264, 264,
    266, 264, 267, 263, 263, 266, 266, 266, 265, 265, 267, 265, 263, 267,
    264, 266, 265, 263, 267, 264, 263, 264, 265, 263, 265, 265, 266, 266,
    267, 264, 267, 265, 264, 264, 265, 263, 264, 266, 266, 265, 264, 268,
    267, 267, 267, 265, 265, 267, 265, 267, 263, 265, 265, 267, 266, 265,
    266, 264, 265, 264, 267 ]
headPositionsY: [ 76, 73, 73, 78, 79, 76, 74, 77, 79, 75, 77, 75, 76, 76,
    77, 67, 69, 63, 66, 66, 67, 67, 67, 76, 77, 86, 89, 92, 90, 88, 86,
    84, 79, 76, 78, 69, 67, 67, 68, 70, 75, 77, 80, 82, 82, 81, 80, 76,
    75, 73, 70, 72, 69, 72, 74, 77, 81, 83, 84, 85, 82, 82, 81, 78, 76,
    75, 76, 76, 75, 73, 73, 77, 80, 80, 82, 77, 76, 77, 78, 72, 72, 73,
    73, 75, 81, 78, 81, 83, 80, 80, 79, 80, 77, 80, 80, 79, 80, 75, 76,
    78 ]
