%YAML:1.0
---
videoName: "headNod42.mp4"
gestureLabel: 202
fps: 30
pixelSizeInCmTemp: 3.0316455696202532e-01
faceCenterPointX: 265
faceCenterPointY: 77
headPositionsX: [ 265, 269, 268, 269, 268, 270, 268, 270, 270, 270, 270,
    269, 268, 267, 268, 272, 271, 269, 270, 268, 270, 270, 267, 268, 269,
    268, 265, 267, 265, 268, 265, 267, 266, 264, 265, 268, 266, 268, 266,
    263, 264, 264, 264, 264, 264, 265, 264, 264, 263, 266, 264, 266, 266,
    263, 266, 266, 263, 265, 266, 265, 264, 263, 265, 267, 267, 265, 266,
    264, 263, 265, 264, 267, 266, 267, 267, 267, 267, 265, 267, 264, 264,
    263, 268, 267, 269, 264, 267, 267, 267, 263, 264, 267, 263, 265, 266,
    266, 268, 265, 263, 264 ]
headPositionsY: [ 75, 77, 73, 78, 76, 77, 75, 75, 78, 75, 77, 78, 78, 78,
    78, 67, 68, 67, 63, 66, 69, 70, 68, 74, 78, 82, 88, 89, 90, 89, 86,
    82, 81, 78, 74, 70, 68, 70, 68, 70, 74, 79, 82, 84, 82, 83, 80, 80,
    72, 72, 70, 69, 70, 72, 72, 76, 83, 85, 82, 83, 84, 84, 79, 79, 77,
    75, 72, 76, 72, 76, 76, 81, 80, 83, 80, 78, 78, 78, 76, 73, 74, 76,
    76, 76, 79, 79, 80, 84, 80, 79, 82, 77, 80, 79, 79, 79, 77, 77, 79,
    80 ]
