%YAML:1.0
---
videoName: "headShake39.mp4"
gestureLabel: 201
fps: 29
pixelSizeInCmTemp: 3.1933333333333330e-01
faceCenterPointX: 263
faceCenterPointY: 83
headPositionsX: [ 264, 261, 263, 260, 261, 263, 260, 263, 261, 263, 262,
    263, 260, 262, 259, 262, 261, 261, 263, 258, 259, 257, 255, 254, 252,
    247, 246, 243, 242, 245, 244, 243, 245, 250, 254, 260, 266, 270, 276,
    283, 279, 280, 273, 271, 265, 258, 253, 247, 246, 247, 246, 248, 255,
    254, 260, 269, 272, 277, 279, 280, 279, 275, 269, 265, 259, 253, 250,
    251, 247, 249, 249, 250, 252, 256, 256, 256, 261, 264, 264, 267, 264,
    264, 265, 266, 268, 266, 267, 267, 265, 264, 266, 266, 264, 262, 263,
    264, 260, 265, 265, 261 ]
headPositionsY: [ 84, 81, 83, 82, 81, 83, 85, 82, 84, 83, 83, 84, 82, 83,
    85, 85, 84, 82, 83, 81, 83, 83, 82, 84, 84, 83, 81, 82, 80, 82, 85,
    83, 80, 83, 85, 81, 81, 81, 81, 80, 81, 80, 83, 85, 85, 85, 82, 80,
    85, 80, 83, 82, 82, 84, 84, 83, 83, 83, 81, 78, 79, 81, 82, 83, 81,
    80, 79, 77, 78, 80, 80, 80, 80, 82, 83, 80, 84, 80, 83, 81, 82, 83,
    82, 84, 83, 85, 83, 85, 83, 84, 85, 84, 82, 82, 84, 82, 83, 84, 81,
    85 ]
