%YAML:1.0
---
videoName: "headShake16.mp4"
gestureLabel: 201
fps: 29
pixelSizeInCmTemp: 3.2364864864864862e-01
faceCenterPointX: 242
faceCenterPointY: 77
headPositionsX: [ 241, 242, 245, 242, 245, 242, 242, 245, 244, 241, 244,
    241, 241, 244, 246, 241, 242, 245, 245, 245, 241, 245, 244, 242, 243,
    243, 241, 245, 241, 242, 240, 242, 241, 242, 241, 243, 242, 246, 246,
    247, 250, 254, 254, 254, 254, 250, 248, 246, 240, 239, 236, 233, 237,
    235, 241, 243, 242, 249, 247, 250, 250, 246, 247, 241, 239, 237, 236,
    233, 234, 237, 234, 237, 238, 241, 241, 243, 244, 246, 245, 244, 245,
    239, 238, 242, 241, 237, 239, 240, 241, 238, 240, 242, 244, 244, 243,
    242, 240, 240, 243, 245 ]
headPositionsY: [ 77, 76, 74, 75, 73, 77, 76, 76, 75, 74, 75, 74, 76, 78,
    77, 77, 77, 76, 75, 77, 75, 76, 75, 76, 77, 77, 76, 74, 73, 74, 73,
    74, 76, 77, 73, 77, 77, 79, 78, 76, 77, 73, 74, 77, 75, 75, 77, 75,
    75, 74, 76, 78, 74, 76, 77, 75, 76, 78, 75, 77, 78, 78, 76, 78, 76,
    77, 75, 74, 76, 78, 75, 75, 74, 76, 75, 79, 77, 77, 76, 74, 78, 75,
    77, 79, 79, 77, 76, 77, 78, 79, 75, 76, 74, 75, 77, 77, 76, 77, 75,
    77 ]
