%YAML:1.0
---
videoName: "headShake39.mp4"
gestureLabel: 201
fps: 29
pixelSizeInCmTemp: 3.1933333333333330e-01
faceCenterPointX: 263
faceCenterPointY: 83
headPositionsX: [ 263, 263, 259, 260, 260, 263, 264, 262, 262, 260, 259,
    261, 259, 260, 262, 259, 262, 260, 259, 258, 260, 260, 257, 253, 251,
    247, 250, 247, 243, 244, 243, 244, 248, 251, 255, 263, 265, 269, 278,
    280, 283, 281, 276, 273, 263, 259, 253, 247, 245, 245, 248, 250, 253,
    254, 262, 266, 273, 276, 277, 282, 278, 273, 267, 263, 257, 252, 253,
    250, 248, 250, 249, 252, 254, 256, 257, 257, 259, 263, 262, 263, 267,
    264, 268, 267, 268, 269, 264, 264, 265, 265, 265, 262, 264, 262, 265,
    265, 262, 262, 265, 261 ]
headPositionsY: [ 82, 83, 82, 85, 82, 80, 81, 84, 82, 82, 82, 81, 85, 84,
    82, 81, 81, 84, 83, 82, 81, 83, 85, 83, 81, 84, 84, 81, 83, 84, 85,
    81, 84, 82, 85, 85, 81, 79, 79, 79, 81, 81, 79, 81, 83, 84, 84, 80,
    85, 82, 80, 84, 83, 81, 80, 84, 83, 80, 80, 82, 80, 82, 83, 85, 82,
    81, 82, 80, 78, 78, 77, 79, 78, 82, 83, 83, 84, 81, 85, 81, 84, 83,
    84, 80, 84, 84, 81, 82, 83, 85, 84, 83, 82, 81, 82, 84, 81, 84, 83,
    83 ]
