%YAML:1.0
---
videoName: "headShake32.mp4"
gestureLabel: 201
fps: 29
pixelSizeInCmTemp: 3.2808219178082193e-01
faceCenterPointX: 237
faceCenterPointY: 77
headPositionsX: [ 238, 237, 235, 236, 236, 240, 239, 236, 240, 239, 238,
    241, 240, 240, 240, 239, 238, 241, 240, 239, 239, 243, 239, 239, 241,
    240, 242, 240, 242, 239, 238, 241, 240, 241, 240, 238, 236, 239, 242,
    242, 242, 243, 247, 249, 247, 249, 250, 251, 252, 248, 252, 247, 246,
    244, 242, 238, 236, 236, 234, 229, 230, 227, 225, 229, 226, 227, 229,
    230, 231, 234, 234, 239, 239, 240, 247, 248, 246, 251, 247, 247, 248,
    246, 248, 247, 242, 241, 238, 240, 241, 240, 240, 237, 237, 236, 240,
    236, 237, 239, 238, 237 ]
headPositionsY: [ 77, 70, 76, 71, 73, 73, 71, 72, 73, 75, 73, 72, 71, 75,
    72, 74, 74, 72, 74, 73, 72, 71, 76, 75, 74, 73, 74, 75, 76, 74, 72,
    73, 74, 75, 76, 77, 76, 75, 72, 77, 76, 75, 74, 74, 75, 71, 75, 72,
    73, 74, 72, 76, 76, 75, 76, 77, 75, 74, 74, 78, 78, 75, 77, 74, 77,
    73, 75, 74, 76, 76, 74, 75, 74, 74, 75, 74, 75, 74, 77, 77, 77, 78,
    77, 78, 77, 76, 74, 75, 79, 76, 77, 78, 78, 78, 80, 78, 80, 79, 75,
    79 ]
