%YAML:1.0
---
videoName: "headShake28.mp4"
gestureLabel: 201
fps: 29
pixelSizeInCmTemp: 3.2808219178082193e-01
faceCenterPointX: 242
faceCenterPointY: 80
headPositionsX: [ 240, 243, 242, 240, 239, 241, 242, 241, 239, 240, 240,
    242, 239, 240, 242, 244, 243, 241, 242, 240, 242, 243, 243, 243, 241,
    243, 240, 243, 243, 242, 241, 242, 241, 241, 243, 241, 241, 243, 245,
    243, 241, 243, 243, 245, 246, 242, 245, 244, 246, 243, 239, 236, 230,
    230, 232, 232, 239, 242, 251, 252, 255, 254, 255, 248, 244, 240, 234,
    235, 234, 233, 239, 241, 246, 250, 251, 257, 251, 253, 249, 246, 243,
    241, 236, 237, 236, 237, 236, 237, 240, 242, 241, 241, 243, 242, 244,
    242, 240, 242, 240, 244 ]
headPositionsY: [ 80, 77, 76, 75, 77, 76, 76, 78, 79, 77, 80, 79, 77, 77,
    80, 77, 77, 80, 79, 80, 80, 80, 77, 79, 80, 77, 78, 81, 80, 77, 80,
    76, 77, 75, 79, 81, 78, 78, 76, 76, 79, 76, 77, 77, 79, 77, 78, 78,
    76, 79, 76, 78, 76, 76, 77, 75, 77, 77, 77, 77, 74, 74, 75, 77, 79,
    80, 76, 81, 76, 81, 78, 78, 77, 81, 74, 75, 78, 77, 77, 80, 80, 81,
    78, 78, 79, 78, 80, 80, 78, 77, 78, 80, 77, 78, 80, 80, 79, 78, 79,
    82 ]
