%YAML:1.0
---
videoName: "headNod12.mp4"
gestureLabel: 202
fps: 29
pixelSizeInCmTemp: 3.2808219178082193e-01
faceCenterPointX: 254
faceCenterPointY: 69
headPositionsX: [ 252, 254, 253, 252, 254, 252, 255, 255, 256, 256, 256,
    255, 254, 254, 257, 258, 254, 254, 254, 256, 257, 258, 258, 254, 258,
    256, 258, 258, 254, 257, 258, 254, 257, 255, 253, 254, 252, 256, 255,
    254, 252, 253, 253, 253, 254, 257, 256, 253, 254, 255, 254, 257, 254,
    256, 255, 252, 252, 256, 252, 256, 254, 253, 254, 256, 254, 252, 257,
    256, 254, 252, 253, 255, 254, 252, 255, 255, 253, 256, 253, 257, 252,
    257, 253, 256, 254, 254, 255, 255, 252, 257, 256, 254, 254, 253, 253,
    252, 253, 256, 252, 252 ]
headPositionsY: [ 68, 73, 71, 74, 71, 73, 75, 71, 76, 75, 74, 76, 76, 73,
    74, 75, 72, 72, 72, 74, 71, 72, 74, 74, 72, 73, 73, 73, 76, 72, 73,
    75, 74, 74, 75, 69, 71, 70, 64, 65, 64, 60, 62, 61, 65, 66, 67, 69,
    74, 77, 75, 78, 76, 77, 74, 72, 73, 66, 65, 67, 64, 65, 62, 65, 66,
    66, 67, 72, 74, 76, 74, 75, 75, 74, 75, 68, 68, 70, 68, 66, 64, 65,
    67, 66, 70, 70, 67, 70, 75, 74, 74, 72, 72, 73, 72, 71, 73, 70, 72,
    72 ]
