%YAML:1.0
---
videoName: "headLookUp6.mp4"
gestureLabel: 205
fps: 30
pixelSizeInCmTemp: 3.7421874999999999e-01
faceCenterPointX: 255
faceCenterPointY: 70
headPositionsX: [ 256, 256, 257, 256, 256, 254, 255, 256, 257, 254, 257,
    253, 258, 257, 254, 256, 255, 253, 255, 253, 253, 256, 255, 256, 257,
    253, 258, 255, 253, 254, 254, 256, 256, 253, 253, 253, 256, 258, 253,
    255, 256, 257, 255, 253, 256, 255, 252, 253, 256, 254, 254, 256, 253,
    256, 253, 253, 254, 255, 256, 256, 256, 254, 254, 253, 256, 253, 256,
    253, 254, 254, 252, 256, 256, 256, 253, 256, 256, 252, 256, 254, 258,
    253, 254, 257, 253, 254, 253, 255, 253, 255, 254, 252, 256, 257, 257,
    252, 256, 254, 253, 253 ]
headPositionsY: [ 72, 85, 82, 85, 81, 83, 84, 82, 82, 81, 81, 83, 84, 86,
    85, 84, 81, 84, 86, 82, 83, 83, 85, 84, 81, 79, 78, 78, 75, 75, 74,
    71, 71, 68, 69, 72, 69, 69, 68, 72, 66, 70, 69, 66, 72, 69, 66, 71,
    69, 66, 65, 70, 70, 67, 67, 67, 70, 69, 69, 68, 67, 69, 67, 68, 67,
    69, 69, 67, 68, 72, 67, 67, 68, 69, 68, 68, 71, 72, 68, 70, 70, 68,
    69, 71, 69, 66, 71, 71, 72, 70, 71, 70, 71, 69, 71, 69, 68, 66, 68,
    68 ]
