%YAML:1.0
---
videoName: "headShake16.mp4"
gestureLabel: 201
fps: 29
pixelSizeInCmTemp: 3.2364864864864862e-01
faceCenterPointX: 242
faceCenterPointY: 77
headPositionsX: [ 240, 244, 246, 245, 244, 246, 242, 244, 242, 245, 245,
    245, 244, 244, 244, 245, 244, 243, 244, 246, 241, 242, 242, 244, 244,
    244, 242, 242, 241, 242, 244, 245, 241, 241, 241, 242, 241, 245, 244,
    250, 249, 255, 257, 256, 253, 251, 246, 243, 242, 238, 236, 235, 233,
    238, 241, 240, 244, 247, 249, 251, 250, 250, 245, 245, 243, 241, 237,
    235, 233, 237, 235, 236, 236, 241, 240, 245, 244, 247, 244, 241, 242,
    239, 238, 239, 238, 238, 236, 239, 240, 240, 238, 243, 242, 244, 243,
    244, 242, 244, 241, 241 ]
headPositionsY: [ 79, 75, 75, 76, 75, 77, 73, 77, 74, 77, 76, 74, 75, 74,
    77, 76, 76, 74, 76, 77, 77, 74, 73, 77, 76, 78, 75, 74, 76, 74, 77,
    74, 74, 75, 74, 78, 78, 76, 76, 78, 76, 74, 74, 77, 77, 75, 78, 76,
    77, 77, 79, 75, 74, 75, 79, 75, 75, 78, 75, 76, 75, 78, 78, 75, 77,
    75, 76, 75, 78, 77, 78, 76, 78, 77, 75, 79, 74, 79, 77, 77, 76, 78,
    77, 75, 78, 77, 79, 75, 77, 75, 75, 78, 74, 78, 76, 77, 77, 79, 76,
    75 ]
