%YAML:1.0
---
videoName: "headLookUp0.mp4"
gestureLabel: 205
fps: 29
pixelSizeInCmTemp: 3.6846153846153845e-01
faceCenterPointX: 258
faceCenterPointY: 66
headPositionsX: [ 256, 261, 257, 257, 258, 260, 260, 261, 262, 258, 259,
    258, 257, 260, 260, 261, 260, 259, 261, 259, 257, 258, 259, 260, 258,
    260, 258, 259, 259, 260, 258, 260, 259, 256, 258, 259, 260, 257, 256,
    260, 261, 258, 259, 257, 258, 259, 258, 258, 257, 259, 260, 257, 257,
    260, 256, 261, 258, 257, 257, 257, 257, 259, 259, 258, 260, 259, 260,
    258, 261, 256, 258, 256, 259, 260, 260, 258, 259, 259, 258, 260, 257,
    258, 260, 261, 257, 259, 258, 255, 256, 256, 259, 260, 258, 258, 257,
    257, 260, 257, 256, 260 ]
headPositionsY: [ 64, 81, 81, 82, 80, 83, 79, 79, 83, 81, 81, 82, 77, 80,
    79, 79, 78, 76, 72, 71, 72, 70, 71, 68, 68, 66, 69, 68, 66, 70, 69,
    67, 66, 66, 66, 67, 67, 66, 68, 66, 67, 67, 66, 65, 66, 69, 68, 68,
    69, 68, 66, 67, 68, 65, 67, 67, 66, 67, 69, 69, 68, 70, 69, 68, 69,
    69, 68, 68, 70, 64, 65, 67, 69, 68, 70, 69, 67, 66, 67, 68, 69, 67,
    68, 68, 68, 69, 66, 69, 64, 68, 67, 66, 66, 67, 66, 69, 71, 64, 67,
    71 ]
