%YAML:1.0
---
videoName: "headShake20.mp4"
gestureLabel: 201
fps: 29
pixelSizeInCmTemp: 3.3263888888888887e-01
faceCenterPointX: 242
faceCenterPointY: 78
headPositionsX: [ 242, 242, 246, 243, 246, 243, 242, 242, 246, 241, 240,
    245, 245, 244, 242, 242, 244, 246, 242, 242, 241, 242, 243, 244, 241,
    242, 244, 242, 245, 245, 242, 242, 244, 243, 242, 244, 243, 241, 244,
    246, 248, 252, 256, 257, 262, 260, 256, 255, 251, 245, 238, 232, 232,
    228, 228, 231, 236, 246, 247, 250, 251, 254, 252, 248, 244, 238, 233,
    232, 232, 230, 233, 240, 240, 243, 247, 248, 245, 243, 244, 243, 241,
    238, 242, 240, 243, 243, 244, 242, 243, 246, 244, 242, 243, 244, 244,
    243, 242, 242, 239, 239 ]
headPositionsY: [ 76, 75, 77, 75, 78, 76, 77, 76, 74, 79, 77, 74, 74, 76,
    76, 76, 78, 78, 75, 77, 74, 74, 76, 78, 74, 77, 77, 78, 74, 76, 78,
    75, 77, 75, 76, 77, 79, 77, 76, 78, 77, 78, 77, 77, 73, 75, 73, 79,
    77, 78, 74, 78, 78, 75, 73, 74, 74, 76, 76, 77, 76, 73, 73, 77, 75,
    75, 79, 79, 77, 79, 78, 79, 76, 77, 76, 76, 76, 76, 76, 77, 76, 77,
    76, 78, 75, 78, 79, 77, 79, 79, 77, 78, 78, 78, 76, 78, 79, 75, 79,
    76 ]
