%YAML:1.0
---
videoName: "headLookDown5.mp4"
gestureLabel: 206
fps: 29
pixelSizeInCmTemp: 3.4710144927536229e-01
faceCenterPointX: 272
faceCenterPointY: 102
headPositionsX: [ 270, 272, 271, 272, 273, 269, 271, 272, 274, 270, 270,
    272, 270, 271, 271, 273, 271, 272, 269, 269, 270, 272, 271, 273, 271,
    272, 271, 273, 273, 273, 272, 273, 270, 273, 271, 269, 271, 270, 272,
    272, 270, 271, 272, 271, 272, 269, 273, 269, 271, 273, 270, 272, 270,
    271, 274, 274, 271, 270, 275, 273, 269, 270, 271, 269, 269, 269, 269,
    273, 272, 271, 273, 273, 271, 275, 273, 270, 272, 272, 272, 272, 270,
    270, 272, 274, 272, 272, 270, 272, 270, 274, 271, 272, 273, 272, 273,
    275, 271, 274, 276, 274 ]
headPositionsY: [ 101, 82, 83, 84, 85, 85, 85, 84, 86, 84, 86, 83, 85,
    84, 82, 83, 83, 85, 82, 85, 85, 82, 83, 85, 83, 85, 85, 84, 83, 85,
    82, 84, 85, 84, 85, 85, 83, 85, 86, 83, 85, 85, 82, 86, 83, 83, 84,
    86, 87, 89, 87, 89, 92, 94, 92, 94, 97, 95, 99, 101, 98, 102, 99,
    100, 103, 100, 99, 102, 103, 102, 101, 103, 101, 101, 104, 103, 104,
    102, 102, 102, 105, 104, 100, 104, 105, 103, 105, 104, 101, 100, 101,
    102, 102, 103, 101, 102, 101, 104, 101, 104 ]
