%YAML:1.0
---
videoName: "headShake33.mp4"
gestureLabel: 201
fps: 29
pixelSizeInCmTemp: 3.2364864864864862e-01
faceCenterPointX: 244
faceCenterPointY: 84
headPositionsX: [ 243, 244, 247, 244, 245, 243, 245, 247, 244, 245, 245,
    246, 244, 247, 244, 246, 243, 245, 244, 246, 247, 247, 248, 248, 253,
    252, 257, 258, 261, 261, 263, 263, 265, 261, 257, 256, 253, 250, 247,
    240, 237, 235, 231, 232, 227, 225, 227, 227, 227, 231, 235, 237, 242,
    243, 251, 251, 257, 257, 257, 262, 262, 257, 259, 256, 255, 249, 248,
    244, 242, 237, 238, 234, 234, 230, 233, 235, 233, 232, 234, 237, 240,
    237, 238, 243, 243, 244, 246, 247, 247, 248, 248, 247, 244, 243, 245,
    243, 243, 245, 242, 246 ]
headPositionsY: [ 83, 85, 84, 85, 84, 81, 82, 84, 85, 83, 81, 82, 85, 83,
    84, 83, 84, 81, 82, 83, 84, 82, 82, 81, 84, 82, 81, 81, 81, 79, 79,
    82, 82, 80, 79, 84, 84, 85, 81, 82, 81, 82, 85, 82, 80, 82, 82, 81,
    82, 84, 84, 83, 84, 84, 83, 80, 79, 82, 83, 80, 81, 82, 82, 80, 85,
    85, 83, 82, 85, 81, 82, 85, 80, 84, 83, 83, 81, 84, 81, 84, 86, 83,
    81, 81, 82, 83, 83, 83, 84, 84, 83, 83, 83, 82, 85, 82, 84, 81, 85,
    81 ]
