%YAML:1.0
---
videoName: "headNod4.mp4"
gestureLabel: 202
fps: 29
pixelSizeInCmTemp: 3.2808219178082193e-01
faceCenterPointX: 264
faceCenterPointY: 72
headPositionsX: [ 263, 270, 267, 270, 271, 271, 268, 269, 270, 272, 268,
    268, 272, 270, 268, 267, 268, 268, 269, 269, 270, 270, 266, 270, 267,
    270, 266, 269, 267, 270, 266, 268, 266, 267, 266, 266, 265, 267, 268,
    265, 269, 267, 265, 268, 267, 266, 268, 266, 269, 268, 269, 270, 269,
    265, 266, 267, 264, 264, 264, 265, 264, 265, 267, 267, 264, 266, 264,
    264, 265, 267, 265, 265, 264, 264, 265, 264, 263, 266, 266, 265, 266,
    266, 265, 263, 264, 265, 266, 267, 262, 266, 264, 266, 264, 266, 265,
    267, 265, 264, 263, 267 ]
headPositionsY: [ 72, 76, 72, 76, 74, 74, 74, 73, 74, 74, 74, 76, 76, 74,
    74, 73, 72, 75, 72, 75, 74, 74, 76, 75, 72, 77, 75, 74, 75, 77, 76,
    76, 76, 76, 76, 73, 73, 74, 75, 73, 76, 73, 73, 73, 72, 69, 70, 67,
    68, 65, 67, 67, 72, 75, 79, 80, 82, 83, 82, 79, 75, 74, 69, 69, 71,
    70, 72, 75, 80, 79, 83, 80, 82, 77, 77, 73, 70, 70, 68, 70, 71, 70,
    74, 75, 81, 81, 83, 83, 82, 80, 83, 79, 79, 80, 77, 78, 75, 76, 73,
    76 ]
