%YAML:1.0
---
videoName: "headShake20.mp4"
gestureLabel: 201
fps: 29
pixelSizeInCmTemp: 3.3263888888888887e-01
faceCenterPointX: 242
faceCenterPointY: 78
headPositionsX: [ 244, 246, 242, 246, 244, 243, 246, 242, 243, 241, 241,
    243, 242, 243, 244, 245, 245, 245, 244, 242, 242, 245, 241, 245, 243,
    244, 242, 244, 243, 245, 242, 241, 243, 242, 244, 242, 245, 243, 244,
    243, 248, 249, 256, 258, 258, 259, 257, 254, 247, 244, 236, 234, 232,
    230, 229, 235, 237, 243, 248, 249, 251, 252, 252, 248, 244, 237, 237,
    233, 230, 234, 236, 237, 239, 245, 245, 247, 247, 243, 241, 241, 239,
    241, 241, 238, 242, 239, 242, 243, 244, 243, 242, 242, 241, 244, 245,
    242, 240, 244, 239, 241 ]
headPositionsY: [ 79, 75, 76, 78, 78, 77, 77, 75, 74, 76, 78, 78, 77, 75,
    77, 75, 76, 77, 75, 78, 75, 75, 74, 78, 78, 77, 76, 76, 77, 76, 77,
    77, 78, 77, 75, 74, 77, 76, 76, 74, 78, 78, 73, 77, 74, 77, 77, 78,
    80, 75, 76, 79, 78, 75, 73, 77, 77, 78, 74, 76, 77, 74, 77, 74, 77,
    78, 77, 77, 76, 75, 79, 79, 78, 78, 78, 76, 77, 77, 77, 75, 78, 77,
    77, 77, 76, 78, 78, 76, 76, 76, 76, 80, 74, 76, 78, 76, 78, 79, 75,
    78 ]
