%YAML:1.0
---
videoName: "headShake38.mp4"
gestureLabel: 201
fps: 29
pixelSizeInCmTemp: 3.2808219178082193e-01
faceCenterPointX: 259
faceCenterPointY: 84
headPositionsX: [ 261, 264, 265, 261, 261, 261, 265, 263, 263, 264, 262,
    264, 263, 262, 264, 263, 261, 263, 265, 261, 265, 261, 262, 260, 263,
    262, 264, 264, 264, 264, 263, 260, 263, 263, 260, 261, 262, 265, 261,
    263, 263, 259, 259, 257, 254, 249, 246, 247, 247, 251, 259, 267, 275,
    276, 279, 274, 269, 264, 255, 250, 246, 251, 252, 261, 266, 270, 272,
    271, 266, 257, 251, 247, 245, 248, 252, 254, 261, 263, 267, 267, 268,
    268, 267, 267, 266, 262, 261, 259, 263, 261, 259, 260, 261, 261, 259,
    258, 261, 260, 260, 258 ]
headPositionsY: [ 86, 85, 84, 80, 83, 81, 85, 84, 83, 80, 85, 82, 85, 81,
    83, 82, 83, 83, 81, 84, 84, 84, 83, 81, 82, 83, 84, 83, 84, 81, 82,
    83, 83, 82, 81, 85, 85, 82, 84, 81, 82, 84, 84, 82, 82, 81, 85, 84,
    84, 84, 84, 83, 85, 80, 81, 84, 82, 86, 82, 82, 86, 83, 81, 83, 83,
    84, 85, 83, 82, 84, 83, 80, 86, 82, 84, 82, 83, 86, 86, 83, 84, 84,
    84, 83, 85, 87, 87, 85, 84, 84, 82, 83, 82, 85, 87, 85, 84, 85, 86,
    82 ]
