%YAML:1.0
---
videoName: "headShake40.mp4"
gestureLabel: 201
fps: 29
pixelSizeInCmTemp: 3.2808219178082193e-01
faceCenterPointX: 261
faceCenterPointY: 86
headPositionsX: [ 263, 262, 263, 259, 261, 262, 262, 263, 262, 261, 260,
    261, 264, 260, 263, 263, 258, 262, 262, 260, 259, 261, 260, 260, 259,
    261, 259, 257, 260, 256, 258, 256, 253, 252, 252, 254, 254, 261, 267,
    270, 275, 276, 282, 280, 280, 274, 271, 264, 258, 254, 250, 248, 247,
    245, 252, 252, 256, 262, 267, 268, 271, 274, 271, 266, 266, 264, 263,
    258, 259, 255, 258, 256, 259, 259, 261, 264, 265, 268, 268, 268, 267,
    263, 261, 263, 258, 261, 258, 257, 255, 258, 257, 257, 257, 258, 259,
    261, 262, 264, 262, 261 ]
headPositionsY: [ 85, 82, 82, 81, 83, 84, 84, 81, 86, 82, 83, 83, 85, 83,
    84, 83, 85, 81, 86, 82, 82, 84, 82, 86, 83, 84, 85, 86, 84, 84, 83,
    84, 83, 81, 82, 84, 85, 85, 84, 83, 80, 82, 81, 79, 78, 82, 84, 84,
    80, 82, 82, 83, 83, 83, 80, 84, 83, 86, 82, 83, 81, 81, 84, 81, 82,
    82, 83, 85, 84, 81, 84, 81, 82, 83, 81, 84, 83, 85, 84, 82, 83, 82,
    84, 86, 81, 82, 86, 84, 86, 86, 87, 85, 85, 87, 87, 86, 87, 86, 85,
    85 ]
