%YAML:1.0
---
videoName: "headShake15.mp4"
gestureLabel: 201
fps: 29
pixelSizeInCmTemp: 3.3263888888888887e-01
faceCenterPointX: 243
faceCenterPointY: 76
headPositionsX: [ 245, 244, 241, 245, 246, 243, 244, 245, 245, 242, 245,
    246, 242, 245, 241, 245, 243, 242, 242, 241, 245, 245, 241, 241, 244,
    242, 242, 242, 243, 244, 244, 242, 244, 243, 242, 243, 245, 242, 242,
    244, 241, 244, 242, 241, 241, 244, 242, 243, 242, 243, 244, 243, 244,
    243, 241, 241, 244, 244, 244, 240, 240, 241, 244, 248, 249, 251, 256,
    257, 260, 260, 255, 255, 252, 245, 242, 240, 236, 236, 237, 239, 241,
    244, 245, 248, 248, 246, 244, 247, 244, 241, 242, 242, 242, 242, 243,
    242, 241, 243, 244, 242 ]
headPositionsY: [ 75, 74, 76, 74, 76, 74, 75, 75, 76, 77, 76, 78, 74, 74,
    76, 76, 75, 74, 75, 74, 78, 73, 75, 76, 76, 75, 72, 75, 77, 73, 73,
    75, 77, 72, 77, 77, 77, 75, 74, 74, 73, 73, 73, 75, 73, 76, 76, 76,
    77, 76, 78, 74, 77, 75, 74, 76, 75, 77, 74, 75, 76, 76, 79, 78, 74,
    75, 75, 76, 73, 73, 76, 73, 74, 74, 77, 78, 77, 73, 74, 75, 75, 76,
    77, 78, 75, 78, 77, 77, 78, 76, 75, 79, 78, 77, 78, 74, 76, 77, 76,
    79 ]
