%YAML:1.0
---
videoName: "headShake22.mp4"
gestureLabel: 201
fps: 29
pixelSizeInCmTemp: 3.2364864864864862e-01
faceCenterPointX: 241
faceCenterPointY: 79
headPositionsX: [ 239, 242, 244, 242, 241, 243, 241, 244, 245, 241, 244,
    245, 241, 240, 240, 242, 243, 243, 240, 245, 243, 241, 241, 241, 242,
    244, 244, 240, 244, 240, 243, 243, 242, 240, 241, 242, 244, 244, 244,
    241, 242, 239, 244, 240, 243, 240, 244, 241, 243, 242, 239, 241, 240,
    244, 241, 240, 240, 241, 242, 243, 242, 244, 241, 241, 243, 241, 243,
    244, 246, 248, 253, 255, 258, 253, 251, 250, 248, 244, 240, 236, 236,
    240, 242, 240, 243, 247, 246, 243, 243, 245, 242, 241, 242, 240, 242,
    242, 243, 240, 242, 242 ]
headPositionsY: [ 79, 77, 78, 74, 79, 73, 79, 75, 75, 78, 77, 78, 75, 77,
    76, 75, 76, 77, 78, 75, 78, 75, 74, 75, 76, 74, 74, 79, 74, 75, 76,
    75, 75, 75, 76, 75, 76, 75, 74, 76, 79, 73, 74, 79, 75, 74, 79, 74,
    74, 74, 76, 74, 79, 76, 75, 78, 74, 76, 76, 78, 78, 79, 78, 77, 77,
    76, 74, 78, 76, 77, 76, 73, 73, 77, 78, 78, 75, 76, 78, 76, 76, 78,
    78, 78, 75, 80, 76, 77, 76, 77, 76, 78, 81, 78, 79, 78, 79, 78, 79,
    79 ]
