%YAML:1.0
---
videoName: "headLookRight2.mp4"
gestureLabel: 204
fps: 29
pixelSizeInCmTemp: 3.8015873015873014e-01
faceCenterPointX: 228
faceCenterPointY: 68
headPositionsX: [ 226, 253, 252, 249, 250, 249, 253, 250, 251, 251, 251,
    254, 250, 253, 253, 251, 251, 252, 254, 254, 251, 253, 251, 250, 255,
    253, 251, 255, 250, 253, 254, 252, 254, 254, 253, 250, 253, 253, 251,
    253, 255, 253, 252, 255, 251, 252, 251, 252, 250, 249, 248, 244, 243,
    240, 241, 238, 236, 232, 231, 229, 226, 226, 230, 227, 227, 227, 226,
    227, 223, 225, 226, 228, 230, 230, 225, 227, 230, 231, 227, 229, 229,
    232, 227, 229, 229, 229, 232, 225, 229, 228, 226, 226, 229, 230, 227,
    231, 228, 232, 228, 229 ]
headPositionsY: [ 66, 67, 66, 69, 67, 68, 67, 69, 70, 67, 70, 69, 67, 69,
    70, 70, 71, 72, 71, 67, 67, 71, 69, 67, 69, 68, 72, 72, 70, 69, 70,
    67, 70, 70, 71, 67, 70, 69, 68, 68, 69, 71, 70, 71, 67, 67, 71, 71,
    70, 69, 67, 71, 71, 69, 67, 71, 70, 69, 71, 72, 68, 68, 66, 66, 67,
    70, 68, 70, 72, 69, 72, 69, 69, 68, 69, 68, 72, 73, 71, 72, 69, 69,
    69, 72, 71, 71, 69, 69, 70, 70, 72, 70, 67, 68, 68, 67, 67, 72, 69,
    70 ]
