%YAML:1.0
---
videoName: "headNod26.mp4"
gestureLabel: 202
fps: 29
pixelSizeInCmTemp: 3.1513157894736843e-01
faceCenterPointX: 271
faceCenterPointY: 78
headPositionsX: [ 271, 273, 274, 273, 274, 270, 270, 273, 271, 274, 273,
    272, 272, 274, 273, 274, 274, 274, 274, 274, 272, 273, 271, 273, 273,
    270, 271, 270, 271, 273, 272, 273, 271, 269, 270, 270, 271, 273, 273,
    273, 272, 269, 274, 271, 274, 272, 273, 270, 270, 273, 273, 271, 273,
    273, 273, 272, 272, 272, 273, 269, 272, 270, 274, 272, 273, 271, 270,
    270, 271, 273, 270, 274, 270, 270, 271, 269, 270, 269, 271, 270, 271,
    272, 270, 268, 270, 270, 268, 271, 270, 270, 270, 271, 271, 271, 269,
    269, 273, 268, 271, 270 ]
headPositionsY: [ 80, 71, 76, 72, 75, 71, 72, 68, 68, 65, 65, 64, 66, 67,
    66, 69, 69, 69, 74, 75, 80, 81, 81, 85, 82, 81, 78, 73, 71, 68, 68,
    70, 66, 69, 71, 70, 75, 76, 78, 80, 79, 77, 80, 76, 74, 72, 68, 71,
    67, 70, 68, 71, 75, 73, 74, 78, 75, 75, 74, 70, 69, 68, 67, 69, 66,
    67, 67, 68, 72, 72, 72, 76, 74, 77, 75, 73, 72, 69, 67, 71, 70, 71,
    69, 70, 73, 74, 76, 76, 80, 77, 81, 78, 77, 81, 79, 75, 79, 78, 80,
    80 ]
