%YAML:1.0
---
videoName: "headLookUp3.mp4"
gestureLabel: 205
fps: 29
pixelSizeInCmTemp: 3.7421874999999999e-01
faceCenterPointX: 254
faceCenterPointY: 68
headPositionsX: [ 255, 254, 256, 257, 254, 258, 257, 256, 253, 257, 254,
    256, 255, 254, 255, 256, 256, 257, 256, 256, 257, 255, 257, 255, 256,
    256, 257, 254, 258, 255, 258, 259, 258, 257, 257, 256, 258, 256, 258,
    255, 255, 258, 255, 256, 254, 258, 255, 255, 255, 256, 255, 254, 255,
    254, 253, 256, 255, 256, 256, 253, 256, 255, 254, 255, 253, 254, 257,
    254, 257, 257, 253, 254, 257, 255, 255, 256, 252, 254, 256, 254, 255,
    255, 258, 251, 255, 257, 255, 257, 258, 255, 256, 256, 255, 258, 252,
    254, 256, 255, 257, 256 ]
headPositionsY: [ 67, 83, 82, 80, 83, 84, 83, 81, 83, 83, 80, 83, 82, 83,
    81, 83, 81, 84, 82, 82, 82, 81, 81, 80, 80, 80, 84, 81, 81, 83, 84,
    80, 84, 83, 83, 81, 81, 82, 81, 80, 78, 78, 77, 77, 72, 71, 71, 71,
    67, 69, 69, 70, 69, 69, 69, 68, 70, 66, 70, 66, 65, 69, 67, 67, 67,
    68, 68, 68, 67, 66, 70, 69, 69, 68, 67, 67, 68, 70, 66, 69, 69, 66,
    69, 67, 68, 67, 69, 70, 65, 69, 68, 67, 68, 66, 69, 68, 70, 68, 70,
    68 ]
