%YAML:1.0
---
videoName: "headShake25.mp4"
gestureLabel: 201
fps: 30
pixelSizeInCmTemp: 3.2364864864864862e-01
faceCenterPointX: 241
faceCenterPointY: 79
headPositionsX: [ 240, 256, 253, 254, 253, 250, 251, 246, 246, 244, 238,
    237, 236, 234, 231, 232, 228, 231, 230, 229, 231, 234, 232, 238, 239,
    242, 243, 247, 248, 250, 247, 250, 250, 249, 248, 246, 243, 241, 240,
    236, 235, 231, 231, 229, 231, 232, 232, 231, 234, 235, 237, 243, 245,
    246, 247, 247, 252, 252, 251, 250, 253, 247, 247, 244, 245, 242, 243,
    239, 236, 237, 233, 237, 234, 237, 235, 234, 234, 237, 237, 238, 238,
    240, 241, 243, 240, 243, 240, 243, 244, 242, 241, 242, 241, 241, 241,
    240, 240, 239, 240, 239 ]
headPositionsY: [ 77, 76, 78, 77, 76, 79, 77, 77, 76, 76, 77, 77, 79, 76,
    79, 80, 78, 79, 78, 76, 79, 80, 79, 76, 78, 76, 79, 77, 79, 79, 77,
    80, 78, 77, 81, 79, 81, 78, 78, 79, 79, 76, 78, 76, 78, 76, 77, 80,
    77, 77, 81, 79, 79, 79, 80, 81, 80, 79, 79, 77, 77, 80, 81, 77, 79,
    77, 79, 79, 77, 81, 80, 76, 80, 76, 80, 78, 79, 80, 78, 78, 81, 79,
    78, 80, 79, 80, 78, 80, 80, 81, 77, 79, 77, 80, 77, 77, 78, 78, 77,
    78 ]
