%YAML:1.0
---
videoName: "headLookLeft8.mp4"
gestureLabel: 203
fps: 29
pixelSizeInCmTemp: 3.6287878787878786e-01
faceCenterPointX: 273
faceCenterPointY: 69
headPositionsX: [ 272, 244, 243, 239, 240, 239, 240, 243, 240, 241, 242,
    241, 243, 242, 243, 242, 245, 245, 245, 246, 245, 248, 247, 245, 245,
    245, 244, 247, 248, 249, 245, 246, 246, 246, 246, 247, 245, 246, 247,
    246, 244, 243, 246, 244, 247, 247, 248, 247, 244, 246, 247, 245, 247,
    250, 248, 250, 255, 255, 258, 258, 264, 268, 266, 273, 269, 274, 275,
    283, 280, 276, 278, 277, 280, 277, 277, 278, 274, 273, 278, 277, 279,
    278, 279, 272, 271, 273, 277, 279, 277, 274, 277, 277, 272, 276, 278,
    273, 276, 274, 273, 271 ]
headPositionsY: [ 68, 66, 65, 66, 67, 68, 65, 68, 68, 68, 66, 69, 68, 67,
    69, 69, 66, 66, 71, 67, 70, 68, 68, 70, 69, 68, 69, 73, 70, 71, 71,
    69, 72, 71, 70, 73, 69, 71, 70, 73, 69, 69, 71, 71, 73, 72, 72, 72,
    72, 75, 71, 73, 75, 71, 71, 71, 72, 71, 70, 71, 71, 68, 68, 72, 70,
    72, 71, 71, 71, 69, 70, 70, 69, 72, 70, 69, 71, 68, 71, 68, 69, 72,
    72, 71, 67, 71, 70, 69, 70, 68, 70, 68, 69, 68, 70, 68, 69, 71, 70,
    67 ]
