%YAML:1.0
---
videoName: "headShake31.mp4"
gestureLabel: 201
fps: 29
pixelSizeInCmTemp: 3.2808219178082193e-01
faceCenterPointX: 236
faceCenterPointY: 68
headPositionsX: [ 238, 238, 237, 237, 237, 238, 235, 237, 239, 239, 239,
    234, 235, 235, 239, 238, 237, 239, 236, 235, 236, 236, 239, 238, 236,
    235, 235, 238, 239, 236, 237, 237, 238, 235, 233, 234, 237, 236, 240,
    245, 246, 253, 250, 254, 252, 252, 247, 237, 233, 225, 220, 221, 222,
    226, 226, 233, 239, 242, 244, 247, 245, 242, 239, 239, 233, 230, 228,
    226, 228, 231, 233, 236, 239, 241, 240, 244, 242, 242, 241, 238, 238,
    234, 234, 233, 232, 236, 236, 236, 232, 233, 233, 237, 234, 233, 237,
    238, 235, 234, 236, 237 ]
headPositionsY: [ 67, 67, 68, 67, 66, 66, 69, 66, 66, 68, 67, 67, 66, 68,
    66, 66, 65, 67, 70, 67, 67, 69, 68, 68, 65, 66, 67, 67, 66, 65, 69,
    69, 68, 68, 70, 66, 65, 65, 65, 64, 65, 64, 64, 67, 69, 65, 66, 66,
    67, 67, 66, 66, 69, 68, 68, 72, 70, 68, 70, 68, 70, 70, 68, 68, 69,
    69, 68, 68, 66, 71, 67, 68, 70, 70, 67, 66, 68, 70, 70, 69, 69, 67,
    70, 68, 67, 71, 67, 69, 68, 71, 69, 70, 68, 67, 66, 70, 67, 70, 72,
    71 ]
