%YAML:1.0
---
videoName: "headShake32.mp4"
gestureLabel: 201
fps: 29
pixelSizeInCmTemp: 3.2808219178082193e-01
faceCenterPointX: 237
faceCenterPointY: 77
headPositionsX: [ 235, 237, 238, 234, 239, 237, 236, 238, 236, 240, 240,
    240, 238, 242, 240, 238, 242, 240, 241, 239, 239, 240, 239, 239, 242,
    242, 242, 239, 239, 241, 241, 238, 236, 237, 237, 241, 238, 239, 241,
    242, 243, 246, 247, 250, 247, 252, 248, 250, 253, 248, 249, 250, 246,
    244, 240, 240, 236, 234, 233, 231, 228, 226, 225, 226, 224, 228, 225,
    232, 229, 233, 234, 237, 243, 244, 244, 250, 249, 250, 248, 250, 249,
    249, 246, 245, 242, 245, 242, 238, 240, 237, 239, 236, 238, 238, 236,
    236, 240, 236, 240, 239 ]
headPositionsY: [ 77, 72, 75, 73, 74, 72, 72, 72, 72, 72, 74, 72, 71, 72,
    72, 73, 73, 76, 71, 75, 74, 74, 76, 73, 73, 74, 76, 74, 74, 72, 75,
    75, 72, 74, 74, 77, 76, 72, 72, 74, 73, 73, 76, 72, 72, 72, 73, 73,
    72, 72, 72, 76, 73, 77, 76, 78, 76, 77, 77, 78, 77, 77, 73, 77, 76,
    73, 75, 78, 78, 75, 74, 78, 75, 77, 75, 77, 75, 76, 74, 75, 75, 75,
    78, 75, 79, 75, 74, 75, 77, 75, 79, 76, 79, 79, 79, 76, 80, 75, 78,
    80 ]
