%YAML:1.0
---
videoName: "headLookDown2.mp4"
gestureLabel: 206
fps: 29
pixelSizeInCmTemp: 3.3732394366197183e-01
faceCenterPointX: 274
faceCenterPointY: 95
headPositionsX: [ 274, 275, 276, 272, 276, 274, 273, 272, 275, 275, 271,
    274, 276, 275, 272, 272, 275, 274, 274, 272, 272, 271, 274, 273, 273,
    275, 275, 272, 272, 273, 275, 274, 276, 274, 272, 276, 272, 275, 273,
    276, 273, 275, 273, 274, 277, 275, 272, 273, 271, 275, 274, 273, 274,
    272, 271, 275, 273, 275, 273, 275, 274, 273, 274, 275, 276, 275, 275,
    274, 276, 273, 276, 273, 274, 277, 273, 274, 274, 277, 276, 277, 276,
    274, 273, 273, 273, 273, 274, 274, 273, 273, 273, 277, 274, 277, 274,
    276, 274, 272, 277, 276 ]
headPositionsY: [ 96, 78, 78, 81, 79, 78, 79, 80, 81, 78, 80, 81, 81, 80,
    80, 81, 77, 77, 78, 77, 77, 78, 78, 81, 80, 81, 82, 81, 80, 78, 81,
    78, 81, 81, 79, 81, 81, 85, 85, 85, 87, 91, 92, 92, 95, 94, 94, 92,
    95, 91, 96, 92, 93, 95, 94, 93, 92, 96, 96, 94, 97, 96, 96, 93, 94,
    95, 94, 94, 94, 94, 94, 93, 94, 95, 96, 97, 93, 94, 95, 97, 94, 94,
    94, 93, 96, 96, 96, 94, 94, 96, 97, 97, 94, 97, 97, 97, 94, 95, 95,
    94 ]
