%YAML:1.0
---
videoName: "headNod34.mp4"
gestureLabel: 202
fps: 29
pixelSizeInCmTemp: 2.9567901234567900e-01
faceCenterPointX: 266
faceCenterPointY: 78
headPositionsX: [ 264, 269, 267, 266, 269, 268, 271, 271, 270, 266, 271,
    268, 267, 267, 267, 268, 271, 270, 268, 267, 269, 268, 268, 270, 268,
    269, 271, 270, 268, 268, 270, 268, 268, 270, 267, 268, 271, 268, 270,
    272, 270, 268, 272, 272, 273, 271, 272, 269, 269, 270, 267, 269, 271,
    268, 267, 270, 271, 270, 270, 271, 270, 272, 271, 272, 271, 271, 269,
    271, 272, 268, 271, 268, 270, 266, 268, 268, 265, 267, 268, 265, 266,
    268, 265, 266, 265, 264, 268, 265, 267, 264, 267, 264, 264, 268, 268,
    264, 267, 268, 268, 268 ]
headPositionsY: [ 80, 75, 76, 77, 76, 74, 77, 76, 76, 77, 76, 76, 75, 77,
    75, 77, 76, 74, 78, 76, 77, 78, 78, 77, 76, 77, 78, 76, 74, 78, 74,
    76, 74, 79, 76, 77, 77, 72, 74, 70, 72, 70, 72, 72, 83, 86, 90, 88,
    86, 81, 78, 76, 72, 71, 74, 75, 73, 77, 81, 81, 82, 85, 79, 79, 80,
    79, 75, 78, 78, 83, 81, 86, 85, 83, 84, 80, 79, 79, 76, 80, 79, 82,
    82, 83, 83, 80, 80, 80, 79, 78, 80, 80, 79, 78, 79, 78, 79, 79, 81,
    80 ]
