%YAML:1.0
---
videoName: "headNod8.mp4"
gestureLabel: 202
fps: 29
pixelSizeInCmTemp: 3.1933333333333330e-01
faceCenterPointX: 262
faceCenterPointY: 74
headPositionsX: [ 263, 263, 260, 259, 263, 263, 262, 261, 261, 261, 261,
    261, 260, 259, 262, 260, 263, 263, 260, 259, 260, 260, 260, 262, 260,
    258, 262, 260, 263, 260, 260, 262, 261, 260, 259, 260, 262, 261, 260,
    264, 260, 262, 261, 261, 262, 264, 263, 260, 261, 264, 262, 262, 262,
    260, 262, 260, 260, 257, 261, 261, 259, 258, 261, 259, 263, 262, 262,
    262, 262, 263, 259, 259, 260, 261, 263, 259, 262, 261, 258, 259, 260,
    261, 264, 260, 262, 262, 263, 264, 264, 264, 260, 263, 264, 260, 260,
    263, 262, 265, 261, 261 ]
headPositionsY: [ 76, 79, 74, 75, 75, 76, 77, 75, 76, 78, 78, 77, 77, 76,
    75, 76, 77, 78, 77, 74, 78, 76, 75, 76, 77, 73, 75, 76, 79, 78, 74,
    76, 78, 75, 78, 78, 77, 76, 73, 75, 72, 70, 68, 66, 70, 67, 66, 71,
    69, 74, 77, 81, 83, 81, 84, 82, 77, 72, 72, 69, 68, 68, 73, 73, 75,
    81, 83, 83, 82, 79, 75, 75, 69, 71, 72, 73, 71, 76, 77, 83, 84, 82,
    83, 76, 75, 73, 71, 72, 72, 74, 75, 74, 74, 77, 76, 79, 80, 79, 78,
    77 ]
