%YAML:1.0
---
videoName: "headLookDown2.mp4"
gestureLabel: 206
fps: 29
pixelSizeInCmTemp: 3.3732394366197183e-01
faceCenterPointX: 274
faceCenterPointY: 95
headPositionsX: [ 274, 275, 272, 276, 273, 276, 275, 275, 272, 273, 271,
    274, 274, 273, 272, 275, 276, 276, 275, 274, 272, 275, 275, 275, 275,
    273, 276, 275, 276, 274, 271, 272, 273, 273, 273, 275, 276, 272, 274,
    272, 272, 273, 272, 277, 277, 276, 275, 273, 274, 272, 271, 275, 273,
    272, 273, 274, 274, 272, 273, 273, 275, 272, 275, 276, 273, 277, 275,
    273, 276, 275, 274, 273, 274, 275, 275, 275, 274, 274, 277, 276, 276,
    278, 273, 275, 276, 272, 273, 277, 277, 275, 276, 277, 276, 277, 274,
    276, 276, 272, 276, 273 ]
headPositionsY: [ 97, 79, 81, 77, 78, 81, 80, 77, 79, 80, 76, 77, 80, 79,
    78, 78, 79, 78, 77, 79, 78, 81, 80, 79, 78, 81, 78, 78, 81, 78, 80,
    78, 82, 81, 82, 84, 81, 85, 85, 88, 87, 91, 92, 93, 93, 94, 92, 96,
    93, 92, 96, 95, 94, 95, 96, 92, 94, 97, 94, 95, 94, 97, 96, 94, 95,
    95, 96, 95, 96, 93, 95, 94, 97, 97, 96, 95, 95, 94, 95, 96, 93, 95,
    95, 94, 93, 95, 96, 94, 94, 94, 98, 94, 95, 98, 93, 93, 94, 94, 95,
    98 ]
