%YAML:1.0
---
videoName: "headNod19.mp4"
gestureLabel: 202
fps: 29
pixelSizeInCmTemp: 3.1933333333333330e-01
faceCenterPointX: 255
faceCenterPointY: 81
headPositionsX: [ 254, 256, 258, 256, 255, 258, 255, 255, 258, 258, 256,
    256, 258, 255, 254, 253, 254, 251, 252, 251, 252, 251, 249, 252, 252,
    251, 248, 253, 250, 252, 249, 251, 252, 254, 253, 252, 253, 256, 255,
    252, 252, 255, 254, 256, 254, 256, 254, 259, 258, 254, 254, 258, 255,
    256, 254, 253, 254, 258, 254, 256, 255, 256, 255, 255, 257, 256, 255,
    255, 257, 257, 256, 258, 255, 256, 256, 254, 256, 257, 257, 256, 254,
    255, 254, 253, 256, 254, 253, 255, 255, 253, 257, 254, 257, 255, 256,
    255, 258, 254, 256, 257 ]
headPositionsY: [ 82, 84, 85, 81, 79, 78, 75, 79, 78, 78, 78, 77, 79, 78,
    78, 78, 76, 78, 77, 78, 80, 80, 79, 76, 80, 76, 81, 79, 81, 79, 78,
    77, 79, 79, 77, 76, 77, 76, 80, 79, 79, 77, 77, 78, 79, 78, 78, 79,
    77, 80, 78, 77, 77, 78, 80, 77, 79, 77, 80, 79, 81, 79, 80, 81, 79,
    79, 77, 79, 76, 76, 73, 76, 76, 77, 80, 84, 85, 84, 80, 78, 74, 74,
    79, 79, 85, 83, 85, 84, 83, 82, 84, 81, 80, 83, 84, 82, 85, 82, 82,
    83 ]
