%YAML:1.0
---
videoName: "headLookUp3.mp4"
gestureLabel: 205
fps: 29
pixelSizeInCmTemp: 3.7421874999999999e-01
faceCenterPointX: 254
faceCenterPointY: 68
headPositionsX: [ 254, 258, 258, 255, 253, 255, 254, 255, 256, 253, 255,
    253, 256, 255, 254, 258, 255, 258, 259, 256, 257, 257, 255, 255, 258,
    255, 254, 254, 257, 255, 255, 259, 257, 255, 254, 256, 257, 258, 258,
    256, 256, 254, 257, 256, 255, 256, 258, 257, 258, 255, 256, 258, 257,
    254, 255, 254, 257, 256, 252, 257, 252, 256, 253, 257, 255, 255, 256,
    256, 256, 256, 256, 258, 256, 256, 253, 256, 255, 255, 257, 256, 256,
    255, 254, 251, 253, 256, 257, 253, 257, 257, 258, 255, 256, 254, 254,
    255, 252, 256, 254, 258 ]
headPositionsY: [ 66, 81, 83, 81, 84, 81, 83, 84, 81, 82, 81, 82, 82, 82,
    83, 82, 81, 84, 83, 80, 80, 81, 83, 83, 82, 81, 81, 83, 81, 82, 81,
    84, 82, 83, 82, 81, 82, 78, 80, 80, 79, 75, 78, 75, 73, 72, 73, 71,
    67, 71, 66, 70, 69, 66, 66, 66, 67, 65, 68, 67, 65, 69, 69, 70, 70,
    66, 66, 65, 69, 69, 67, 70, 66, 68, 69, 66, 67, 67, 67, 67, 68, 66,
    66, 67, 65, 68, 70, 67, 67, 69, 68, 69, 67, 70, 66, 67, 70, 68, 68,
    67 ]
