%YAML:1.0
---
videoName: "headNod20.mp4"
gestureLabel: 202
fps: 30
pixelSizeInCmTemp: 3.2808219178082193e-01
faceCenterPointX: 253
faceCenterPointY: 80
headPositionsX: [ 252, 258, 256, 256, 255, 258, 254, 254, 254, 257, 255,
    257, 253, 255, 254, 256, 255, 255, 254, 257, 255, 254, 258, 255, 258,
    255, 255, 257, 254, 257, 258, 253, 254, 255, 255, 253, 254, 256, 256,
    256, 252, 251, 252, 252, 253, 252, 256, 254, 252, 254, 255, 252, 253,
    252, 251, 251, 250, 250, 252, 250, 253, 253, 254, 251, 253, 253, 255,
    251, 254, 254, 252, 254, 255, 251, 253, 251, 253, 253, 252, 253, 252,
    254, 255, 254, 255, 251, 254, 251, 255, 254, 252, 252, 250, 254, 251,
    255, 253, 255, 251, 254 ]
headPositionsY: [ 80, 80, 77, 79, 78, 79, 79, 80, 79, 80, 80, 77, 77, 80,
    81, 75, 81, 80, 76, 80, 79, 76, 81, 76, 78, 80, 79, 77, 80, 84, 82,
    84, 85, 85, 88, 85, 81, 76, 76, 70, 71, 73, 70, 73, 80, 80, 83, 89,
    87, 89, 88, 85, 81, 80, 78, 77, 78, 79, 82, 82, 81, 82, 80, 77, 80,
    79, 79, 79, 81, 81, 80, 80, 76, 79, 77, 77, 81, 78, 83, 81, 83, 79,
    82, 80, 80, 78, 79, 79, 82, 80, 78, 82, 79, 79, 81, 78, 80, 81, 80,
    83 ]
