%YAML:1.0
---
videoName: "headNod20.mp4"
gestureLabel: 202
fps: 30
pixelSizeInCmTemp: 3.2808219178082193e-01
faceCenterPointX: 253
faceCenterPointY: 80
headPositionsX: [ 255, 256, 253, 257, 256, 258, 253, 255, 255, 254, 254,
    253, 254, 257, 255, 257, 255, 256, 254, 257, 257, 253, 258, 255, 254,
    257, 257, 257, 258, 256, 255, 256, 255, 256, 256, 253, 255, 255, 255,
    256, 254, 253, 256, 254, 255, 253, 255, 252, 252, 250, 252, 253, 254,
    253, 249, 252, 252, 250, 250, 251, 252, 253, 250, 253, 250, 253, 254,
    251, 252, 252, 252, 253, 254, 252, 253, 255, 254, 255, 253, 251, 251,
    251, 254, 252, 251, 252, 252, 252, 253, 253, 251, 253, 250, 253, 251,
    251, 253, 253, 251, 253 ]
headPositionsY: [ 81, 77, 78, 78, 78, 80, 80, 76, 80, 76, 76, 76, 77, 79,
    77, 79, 78, 78, 80, 79, 77, 77, 80, 76, 79, 77, 78, 81, 79, 83, 84,
    82, 87, 87, 87, 85, 78, 77, 75, 71, 73, 71, 70, 73, 78, 78, 83, 88,
    88, 87, 86, 82, 80, 77, 78, 77, 76, 77, 78, 83, 81, 83, 82, 80, 76,
    79, 81, 78, 82, 82, 83, 80, 77, 78, 80, 80, 80, 81, 82, 80, 79, 78,
    79, 80, 78, 79, 83, 81, 83, 80, 80, 82, 81, 78, 81, 80, 78, 82, 81,
    80 ]
