%YAML:1.0
---
videoName: "headNod15.mp4"
gestureLabel: 202
fps: 29
pixelSizeInCmTemp: 3.1933333333333330e-01
faceCenterPointX: 255
faceCenterPointY: 74
headPositionsX: [ 253, 256, 259, 256, 259, 257, 259, 257, 256, 259, 257,
    259, 253, 259, 254, 256, 257, 256, 253, 258, 257, 256, 256, 258, 255,
    256, 257, 257, 255, 257, 256, 254, 255, 256, 256, 256, 253, 256, 256,
    253, 255, 255, 254, 255, 254, 254, 257, 257, 252, 253, 256, 256, 256,
    253, 255, 254, 255, 255, 253, 253, 252, 253, 253, 254, 254, 258, 255,
    257, 256, 254, 256, 254, 256, 253, 255, 253, 253, 254, 251, 253, 253,
    255, 255, 253, 254, 253, 253, 253, 256, 256, 256, 256, 252, 255, 256,
    257, 253, 254, 254, 252 ]
headPositionsY: [ 72, 76, 74, 75, 73, 72, 74, 73, 73, 72, 73, 76, 75, 74,
    71, 76, 75, 75, 72, 72, 74, 75, 72, 71, 74, 73, 72, 73, 73, 73, 75,
    76, 74, 72, 74, 73, 75, 78, 78, 81, 80, 84, 79, 79, 77, 71, 69, 72,
    71, 73, 75, 79, 83, 81, 79, 78, 76, 72, 69, 71, 72, 72, 72, 78, 79,
    83, 84, 82, 80, 77, 73, 73, 70, 70, 73, 73, 78, 77, 75, 77, 74, 70,
    70, 72, 70, 71, 72, 70, 73, 75, 72, 75, 71, 73, 75, 75, 74, 72, 75,
    73 ]
