%YAML:1.0
---
videoName: "headShake24.mp4"
gestureLabel: 201
fps: 29
pixelSizeInCmTemp: 3.2808219178082193e-01
faceCenterPointX: 240
faceCenterPointY: 78
headPositionsX: [ 239, 253, 252, 254, 253, 256, 254, 256, 251, 252, 247,
    247, 243, 244, 241, 234, 235, 232, 231, 232, 233, 227, 232, 234, 230,
    233, 236, 239, 241, 245, 243, 245, 247, 249, 252, 248, 249, 246, 245,
    244, 244, 243, 243, 238, 239, 237, 236, 234, 235, 231, 235, 232, 237,
    238, 238, 239, 242, 245, 246, 246, 245, 246, 245, 249, 248, 247, 250,
    246, 244, 248, 246, 243, 242, 239, 240, 241, 238, 239, 238, 237, 238,
    239, 240, 241, 239, 239, 237, 241, 239, 239, 241, 240, 238, 241, 239,
    237, 242, 241, 241, 241 ]
headPositionsY: [ 78, 76, 75, 76, 77, 75, 74, 76, 79, 78, 77, 78, 80, 79,
    79, 78, 78, 77, 78, 79, 79, 79, 80, 78, 78, 76, 77, 78, 79, 76, 74,
    75, 78, 79, 80, 80, 80, 80, 77, 77, 77, 79, 79, 76, 78, 75, 78, 78,
    76, 77, 80, 76, 78, 78, 79, 77, 79, 78, 81, 77, 76, 79, 78, 75, 75,
    74, 76, 77, 76, 80, 75, 77, 79, 75, 80, 78, 77, 79, 77, 76, 79, 76,
    77, 77, 78, 75, 78, 80, 78, 80, 80, 76, 79, 76, 77, 75, 76, 76, 79,
    76 ]
