%YAML:1.0
---
videoName: "headLookLeft6.mp4"
gestureLabel: 203
fps: 29
pixelSizeInCmTemp: 3.2808219178082193e-01
faceCenterPointX: 267
faceCenterPointY: 69
headPositionsX: [ 267, 246, 242, 243, 242, 244, 248, 247, 247, 248, 244,
    247, 244, 244, 247, 247, 247, 244, 246, 247, 247, 245, 246, 245, 247,
    246, 247, 248, 250, 252, 255, 259, 257, 261, 264, 264, 267, 268, 270,
    268, 270, 270, 271, 269, 268, 270, 267, 270, 266, 271, 267, 266, 268,
    266, 269, 271, 269, 269, 266, 270, 266, 264, 268, 268, 268, 267, 268,
    268, 268, 266, 266, 265, 265, 267, 267, 268, 265, 270, 271, 268, 264,
    268, 267, 268, 267, 266, 268, 265, 266, 270, 268, 270, 266, 268, 267,
    269, 266, 267, 270, 267 ]
headPositionsY: [ 69, 73, 69, 70, 72, 73, 73, 73, 72, 73, 74, 73, 71, 74,
    74, 70, 74, 75, 70, 71, 72, 71, 71, 71, 74, 72, 71, 70, 73, 72, 69,
    69, 70, 70, 73, 69, 70, 69, 71, 71, 69, 72, 68, 69, 70, 69, 67, 70,
    71, 72, 67, 68, 72, 71, 72, 71, 72, 72, 71, 71, 68, 71, 71, 70, 71,
    72, 71, 68, 68, 71, 72, 67, 69, 69, 67, 69, 72, 67, 70, 68, 73, 68,
    68, 71, 69, 70, 71, 67, 70, 69, 71, 69, 69, 68, 71, 68, 72, 70, 68,
    70 ]
