%YAML:1.0
---
videoName: "headShake42.mp4"
gestureLabel: 201
fps: 29
pixelSizeInCmTemp: 3.2808219178082193e-01
faceCenterPointX: 257
faceCenterPointY: 85
headPositionsX: [ 258, 273, 277, 278, 277, 278, 280, 275, 276, 273, 273,
    271, 266, 265, 257, 255, 251, 251, 249, 245, 246, 242, 244, 241, 244,
    246, 247, 251, 255, 259, 261, 269, 273, 276, 278, 280, 279, 280, 279,
    275, 272, 268, 266, 266, 263, 259, 257, 251, 249, 249, 245, 243, 244,
    244, 244, 246, 247, 249, 254, 257, 258, 263, 264, 267, 265, 268, 267,
    271, 269, 269, 266, 267, 269, 264, 265, 265, 263, 261, 262, 259, 260,
    259, 255, 255, 257, 255, 254, 256, 257, 257, 259, 255, 255, 255, 258,
    256, 255, 256, 258, 257 ]
headPositionsY: [ 87, 85, 81, 83, 83, 82, 83, 83, 80, 80, 82, 83, 85, 84,
    82, 81, 83, 85, 82, 82, 83, 86, 83, 86, 83, 82, 86, 83, 83, 84, 84,
    84, 85, 81, 81, 81, 81, 83, 81, 84, 82, 85, 88, 86, 85, 88, 84, 87,
    85, 85, 85, 85, 84, 88, 84, 85, 87, 86, 84, 86, 87, 83, 84, 87, 84,
    87, 87, 84, 85, 87, 84, 86, 87, 86, 87, 84, 87, 84, 85, 84, 84, 87,
    83, 83, 85, 87, 87, 86, 84, 88, 86, 88, 87, 86, 85, 87, 83, 83, 84,
    87 ]
