%YAML:1.0
---
videoName: "headShake5.mp4"
gestureLabel: 201
fps: 30
pixelSizeInCmTemp: 3.3263888888888887e-01
faceCenterPointX: 275
faceCenterPointY: 73
headPositionsX: [ 276, 277, 278, 278, 278, 277, 281, 277, 278, 276, 276,
    277, 279, 278, 280, 276, 279, 275, 275, 279, 277, 279, 277, 276, 280,
    279, 280, 276, 279, 277, 278, 277, 279, 280, 282, 283, 290, 294, 296,
    298, 294, 294, 291, 285, 277, 271, 266, 264, 262, 262, 270, 274, 279,
    286, 290, 292, 290, 285, 278, 274, 266, 262, 261, 262, 266, 268, 277,
    280, 281, 286, 284, 281, 283, 279, 274, 273, 268, 266, 269, 267, 268,
    274, 275, 280, 279, 282, 282, 283, 281, 281, 280, 277, 278, 278, 274,
    276, 275, 274, 274, 275 ]
headPositionsY: [ 74, 73, 71, 72, 75, 74, 76, 74, 75, 72, 72, 73, 76, 71,
    72, 74, 75, 73, 74, 74, 73, 75, 74, 72, 76, 74, 72, 74, 75, 74, 75,
    72, 74, 71, 72, 72, 71, 73, 73, 74, 73, 72, 71, 71, 74, 73, 71, 75,
    73, 71, 73, 72, 76, 73, 75, 71, 74, 75, 74, 73, 75, 74, 75, 73, 75,
    73, 76, 74, 73, 76, 74, 75, 73, 75, 73, 73, 72, 72, 74, 73, 73, 74,
    74, 74, 75, 73, 70, 72, 70, 74, 70, 74, 70, 73, 72, 73, 71, 71, 72,
    72 ]
