%YAML:1.0
---
videoName: "headNod18.mp4"
gestureLabel: 202
fps: 29
pixelSizeInCmTemp: 3.3263888888888887e-01
faceCenterPointX: 255
faceCenterPointY: 77
headPositionsX: [ 255, 259, 257, 256, 255, 254, 258, 258, 256, 254, 257,
    259, 258, 258, 255, 255, 255, 257, 256, 256, 255, 253, 256, 256, 256,
    257, 255, 256, 254, 256, 257, 253, 254, 255, 256, 254, 253, 256, 254,
    253, 255, 256, 256, 255, 253, 257, 254, 255, 258, 256, 252, 253, 256,
    256, 253, 254, 252, 256, 256, 256, 253, 252, 254, 255, 256, 254, 254,
    255, 252, 256, 254, 253, 253, 252, 255, 252, 255, 257, 256, 254, 255,
    255, 251, 252, 256, 252, 255, 255, 255, 254, 254, 253, 254, 256, 256,
    252, 255, 255, 254, 256 ]
headPositionsY: [ 77, 80, 77, 79, 77, 75, 75, 79, 77, 77, 76, 80, 79, 77,
    77, 76, 79, 77, 78, 77, 78, 79, 76, 81, 79, 80, 80, 79, 78, 76, 80,
    76, 78, 77, 80, 78, 79, 76, 75, 78, 76, 75, 74, 72, 74, 73, 69, 74,
    77, 75, 77, 77, 78, 83, 78, 80, 78, 72, 72, 73, 74, 75, 76, 79, 82,
    82, 82, 79, 75, 73, 75, 73, 80, 80, 84, 82, 82, 79, 75, 74, 77, 77,
    76, 76, 81, 80, 84, 84, 78, 80, 79, 77, 78, 75, 77, 76, 79, 80, 78,
    79 ]
