%YAML:1.0
---
videoName: "headLookDown7.mp4"
gestureLabel: 206
fps: 30
pixelSizeInCmTemp: 3.3732394366197183e-01
faceCenterPointX: 274
faceCenterPointY: 95
headPositionsX: [ 272, 274, 271, 273, 273, 273, 272, 271, 274, 274, 274,
    275, 274, 273, 276, 272, 273, 271, 274, 272, 274, 272, 275, 274, 276,
    274, 274, 275, 275, 275, 272, 275, 271, 275, 272, 273, 273, 272, 272,
    274, 275, 273, 275, 273, 273, 271, 274, 275, 271, 272, 274, 274, 272,
    274, 274, 276, 273, 273, 274, 274, 275, 274, 272, 276, 276, 273, 275,
    272, 274, 273, 275, 273, 273, 274, 273, 271, 272, 275, 275, 275, 276,
    277, 273, 273, 275, 274, 274, 275, 274, 276, 276, 273, 274, 276, 277,
    275, 273, 276, 276, 276 ]
headPositionsY: [ 93, 81, 81, 81, 83, 80, 80, 84, 80, 81, 81, 85, 83, 81,
    84, 83, 85, 82, 82, 84, 83, 85, 81, 81, 81, 82, 84, 85, 81, 82, 83,
    84, 82, 85, 83, 83, 85, 82, 85, 84, 85, 85, 81, 84, 83, 84, 81, 85,
    84, 85, 83, 86, 87, 88, 90, 89, 89, 90, 94, 95, 93, 93, 93, 95, 94,
    95, 93, 95, 93, 93, 97, 95, 95, 93, 93, 97, 94, 93, 97, 95, 97, 97,
    96, 97, 97, 95, 97, 96, 96, 99, 98, 96, 98, 98, 95, 97, 95, 98, 96,
    94 ]
