%YAML:1.0
---
videoName: "headNod41.mp4"
gestureLabel: 202
fps: 29
pixelSizeInCmTemp: 2.9937500000000000e-01
faceCenterPointX: 267
faceCenterPointY: 76
headPositionsX: [ 266, 270, 269, 270, 272, 272, 268, 268, 269, 269, 271,
    270, 269, 269, 271, 269, 269, 270, 270, 271, 270, 273, 273, 270, 268,
    270, 271, 268, 270, 268, 270, 272, 271, 268, 269, 270, 272, 270, 268,
    267, 270, 271, 271, 267, 270, 271, 270, 267, 268, 269, 265, 270, 269,
    270, 271, 271, 269, 269, 271, 269, 271, 270, 269, 267, 269, 269, 270,
    269, 269, 268, 267, 269, 268, 270, 266, 269, 267, 265, 268, 269, 269,
    268, 270, 265, 265, 265, 266, 267, 267, 269, 270, 265, 268, 267, 269,
    268, 270, 269, 267, 268 ]
headPositionsY: [ 75, 72, 73, 71, 72, 74, 75, 71, 73, 71, 75, 75, 72, 73,
    74, 75, 75, 74, 73, 74, 72, 73, 75, 75, 76, 74, 75, 74, 72, 72, 73,
    74, 76, 71, 73, 73, 72, 73, 76, 75, 81, 81, 88, 89, 94, 90, 92, 88,
    82, 78, 76, 72, 72, 66, 62, 64, 64, 67, 74, 78, 83, 85, 91, 95, 94,
    90, 88, 79, 76, 74, 74, 70, 71, 73, 70, 77, 80, 84, 85, 85, 80, 79,
    74, 72, 74, 72, 73, 74, 74, 75, 78, 82, 81, 78, 77, 78, 79, 78, 78,
    79 ]
