%YAML:1.0
---
videoName: "headLookDown8.mp4"
gestureLabel: 206
fps: 29
pixelSizeInCmTemp: 3.3732394366197183e-01
faceCenterPointX: 276
faceCenterPointY: 96
headPositionsX: [ 275, 272, 272, 272, 274, 277, 275, 274, 273, 277, 274,
    277, 277, 273, 277, 273, 275, 276, 276, 275, 275, 274, 274, 276, 275,
    273, 276, 273, 273, 273, 272, 274, 273, 277, 276, 273, 276, 273, 274,
    276, 274, 273, 276, 272, 273, 275, 277, 274, 277, 278, 278, 277, 278,
    276, 275, 276, 274, 275, 275, 277, 275, 277, 277, 273, 276, 277, 275,
    274, 273, 274, 277, 274, 273, 277, 276, 276, 274, 278, 278, 276, 278,
    279, 277, 278, 276, 276, 278, 275, 276, 275, 276, 275, 278, 275, 278,
    276, 274, 279, 276, 276 ]
headPositionsY: [ 96, 81, 79, 78, 81, 81, 79, 81, 79, 82, 80, 81, 79, 80,
    80, 79, 80, 79, 80, 79, 80, 81, 81, 79, 82, 80, 81, 81, 81, 78, 80,
    80, 80, 80, 81, 82, 84, 86, 86, 86, 86, 88, 89, 89, 91, 90, 94, 91,
    92, 95, 96, 97, 97, 98, 98, 98, 96, 97, 100, 95, 95, 96, 100, 97,
    100, 97, 99, 97, 97, 96, 95, 99, 97, 100, 97, 96, 99, 94, 99, 99, 94,
    95, 99, 96, 98, 98, 94, 94, 95, 99, 94, 98, 99, 99, 94, 94, 94, 99,
    96, 94 ]
