%YAML:1.0
---
videoName: "headLookRight0.mp4"
gestureLabel: 204
fps: 29
pixelSizeInCmTemp: 3.1933333333333330e-01
faceCenterPointX: 229
faceCenterPointY: 68
headPositionsX: [ 227, 258, 256, 253, 255, 254, 254, 255, 257, 257, 256,
    256, 256, 259, 256, 255, 256, 255, 255, 255, 258, 259, 258, 254, 255,
    255, 257, 253, 255, 258, 255, 256, 256, 253, 254, 257, 254, 254, 252,
    252, 249, 250, 250, 245, 242, 242, 240, 237, 237, 237, 235, 235, 236,
    234, 235, 232, 233, 236, 235, 230, 235, 232, 233, 234, 230, 231, 232,
    234, 233, 236, 231, 234, 231, 234, 235, 232, 231, 233, 230, 232, 233,
    230, 234, 231, 232, 228, 231, 232, 229, 229, 229, 232, 229, 227, 230,
    229, 230, 231, 225, 227 ]
headPositionsY: [ 70, 64, 63, 65, 63, 63, 62, 63, 67, 64, 66, 65, 66, 67,
    69, 66, 68, 66, 67, 67, 70, 68, 66, 67, 68, 65, 67, 67, 66, 70, 66,
    67, 68, 69, 68, 70, 68, 67, 69, 66, 66, 66, 66, 69, 66, 67, 65, 66,
    70, 67, 67, 66, 66, 70, 69, 66, 67, 68, 69, 68, 70, 67, 70, 67, 66,
    65, 68, 69, 66, 68, 67, 69, 66, 69, 70, 68, 66, 66, 70, 67, 67, 68,
    69, 69, 68, 70, 67, 67, 68, 69, 70, 67, 68, 70, 66, 66, 66, 68, 67,
    67 ]
