%YAML:1.0
---
videoName: "headShake41.mp4"
gestureLabel: 201
fps: 29
pixelSizeInCmTemp: 3.2364864864864862e-01
faceCenterPointX: 264
faceCenterPointY: 85
headPositionsX: [ 262, 263, 261, 260, 259, 259, 263, 261, 260, 259, 263,
    260, 261, 261, 262, 261, 260, 263, 260, 260, 264, 262, 262, 264, 267,
    267, 269, 272, 272, 275, 279, 277, 282, 281, 278, 284, 280, 279, 278,
    279, 273, 272, 265, 261, 257, 255, 250, 251, 247, 245, 244, 245, 243,
    244, 248, 252, 251, 252, 258, 260, 263, 269, 270, 271, 273, 275, 277,
    277, 276, 276, 279, 274, 274, 271, 271, 269, 266, 266, 267, 267, 264,
    262, 266, 261, 265, 265, 263, 264, 263, 262, 260, 262, 261, 265, 260,
    263, 262, 263, 263, 265 ]
headPositionsY: [ 85, 80, 83, 83, 84, 83, 80, 81, 84, 84, 85, 83, 81, 83,
    84, 84, 83, 84, 82, 83, 86, 86, 84, 86, 83, 82, 82, 83, 79, 80, 79,
    80, 80, 79, 82, 80, 83, 80, 81, 82, 85, 81, 83, 84, 85, 85, 86, 85,
    83, 84, 80, 83, 84, 86, 83, 87, 82, 84, 86, 87, 85, 82, 84, 85, 84,
    85, 86, 83, 85, 82, 82, 86, 85, 84, 87, 87, 86, 83, 82, 85, 85, 82,
    83, 83, 85, 84, 84, 83, 86, 86, 84, 85, 84, 83, 83, 84, 83, 82, 85,
    86 ]
