%YAML:1.0
---
videoName: "headShake46.mp4"
gestureLabel: 201
fps: 30
pixelSizeInCmTemp: 3.2364864864864862e-01
faceCenterPointX: 262
faceCenterPointY: 85
headPositionsX: [ 260, 261, 263, 260, 258, 261, 260, 259, 262, 262, 260,
    260, 258, 258, 259, 261, 258, 260, 260, 259, 262, 260, 260, 262, 261,
    260, 258, 260, 261, 261, 263, 267, 274, 273, 276, 277, 278, 273, 268,
    260, 255, 253, 252, 250, 254, 263, 268, 269, 271, 265, 261, 256, 252,
    252, 257, 258, 261, 267, 266, 268, 266, 261, 259, 257, 255, 262, 263,
    265, 270, 271, 270, 263, 261, 258, 259, 259, 261, 261, 264, 267, 265,
    262, 263, 261, 258, 263, 260, 261, 262, 261, 261, 262, 258, 260, 262,
    264, 263, 259, 259, 262 ]
headPositionsY: [ 84, 83, 83, 84, 85, 82, 86, 85, 86, 83, 86, 83, 82, 84,
    84, 82, 83, 84, 85, 86, 84, 86, 85, 84, 86, 84, 85, 83, 84, 85, 82,
    81, 83, 81, 82, 82, 83, 83, 84, 84, 85, 84, 83, 87, 86, 84, 87, 86,
    85, 83, 85, 85, 86, 83, 84, 84, 87, 86, 86, 84, 86, 86, 84, 87, 85,
    86, 82, 84, 83, 83, 85, 84, 87, 82, 85, 85, 83, 82, 84, 84, 85, 87,
    85, 86, 82, 85, 83, 86, 86, 85, 85, 84, 84, 86, 83, 86, 83, 86, 86,
    84 ]
