%YAML:1.0
---
videoName: "headNod5.mp4"
gestureLabel: 202
fps: 29
pixelSizeInCmTemp: 3.1513157894736843e-01
faceCenterPointX: 263
faceCenterPointY: 75
headPositionsX: [ 261, 265, 263, 265, 263, 264, 264, 265, 263, 261, 262,
    263, 262, 265, 263, 264, 262, 263, 265, 266, 264, 266, 264, 264, 265,
    264, 266, 263, 267, 264, 266, 267, 265, 266, 268, 269, 264, 264, 264,
    264, 266, 266, 267, 265, 264, 264, 268, 264, 263, 265, 267, 265, 264,
    265, 262, 263, 264, 262, 264, 262, 264, 265, 266, 266, 262, 267, 262,
    264, 267, 265, 265, 265, 264, 264, 263, 264, 263, 265, 265, 263, 263,
    266, 264, 263, 266, 264, 261, 264, 262, 263, 261, 264, 265, 259, 263,
    261, 260, 260, 261, 263 ]
headPositionsY: [ 73, 76, 74, 71, 74, 71, 76, 74, 75, 76, 74, 76, 75, 75,
    72, 75, 76, 77, 76, 76, 76, 78, 77, 76, 77, 74, 74, 76, 77, 74, 74,
    76, 74, 73, 80, 76, 80, 76, 79, 75, 79, 76, 79, 75, 78, 77, 76, 79,
    78, 77, 78, 82, 84, 81, 82, 84, 80, 78, 74, 73, 75, 77, 82, 84, 85,
    90, 83, 80, 77, 75, 76, 75, 79, 78, 85, 84, 87, 82, 81, 76, 75, 73,
    72, 75, 77, 79, 76, 83, 84, 81, 80, 76, 74, 73, 74, 75, 74, 77, 74,
    76 ]
