%YAML:1.0
---
videoName: "headShake11.mp4"
gestureLabel: 201
fps: 29
pixelSizeInCmTemp: 3.2364864864864862e-01
faceCenterPointX: 244
faceCenterPointY: 76
headPositionsX: [ 243, 239, 239, 242, 243, 244, 243, 241, 240, 244, 243,
    244, 244, 240, 241, 243, 244, 244, 244, 242, 240, 240, 240, 244, 242,
    244, 241, 243, 245, 249, 252, 257, 257, 259, 261, 263, 259, 257, 253,
    248, 246, 237, 232, 229, 229, 228, 229, 230, 235, 242, 245, 249, 252,
    258, 260, 258, 256, 255, 249, 242, 240, 237, 230, 233, 231, 232, 236,
    240, 241, 246, 251, 257, 257, 258, 258, 254, 251, 250, 243, 242, 238,
    236, 235, 233, 236, 237, 240, 240, 243, 245, 247, 246, 246, 249, 248,
    244, 247, 246, 244, 246 ]
headPositionsY: [ 77, 74, 71, 70, 72, 71, 71, 70, 75, 71, 72, 73, 75, 73,
    71, 72, 73, 75, 74, 75, 75, 73, 75, 71, 73, 71, 75, 72, 71, 71, 70,
    73, 72, 73, 71, 73, 75, 72, 75, 74, 74, 75, 75, 73, 72, 74, 72, 75,
    73, 77, 75, 72, 73, 72, 76, 74, 75, 74, 73, 74, 75, 77, 74, 74, 75,
    74, 77, 77, 77, 77, 76, 73, 75, 73, 75, 74, 74, 75, 74, 75, 75, 75,
    74, 75, 73, 74, 73, 74, 74, 74, 74, 76, 73, 74, 74, 77, 76, 78, 73,
    76 ]
