%YAML:1.0
---
videoName: "headNod26.mp4"
gestureLabel: 202
fps: 29
pixelSizeInCmTemp: 3.1513157894736843e-01
faceCenterPointX: 271
faceCenterPointY: 78
headPositionsX: [ 269, 274, 271, 272, 272, 271, 274, 272, 272, 274, 272,
    274, 274, 272, 272, 272, 271, 274, 275, 274, 272, 272, 272, 273, 273,
    273, 270, 272, 272, 272, 273, 273, 274, 273, 274, 273, 272, 273, 273,
    270, 272, 270, 271, 274, 274, 274, 271, 273, 271, 271, 271, 275, 271,
    272, 273, 271, 272, 270, 271, 270, 272, 273, 272, 272, 274, 275, 271,
    272, 271, 272, 271, 274, 273, 272, 270, 271, 269, 269, 270, 271, 271,
    273, 273, 272, 270, 271, 268, 271, 268, 274, 270, 271, 270, 269, 270,
    272, 273, 268, 271, 269 ]
headPositionsY: [ 76, 75, 76, 75, 74, 73, 72, 68, 70, 65, 65, 66, 65, 63,
    65, 69, 72, 69, 72, 77, 76, 80, 82, 85, 81, 80, 76, 76, 71, 68, 69,
    67, 70, 70, 71, 70, 73, 74, 77, 81, 80, 77, 76, 76, 72, 72, 68, 69,
    70, 70, 68, 73, 75, 75, 77, 76, 76, 74, 74, 73, 72, 69, 67, 66, 68,
    71, 67, 72, 70, 70, 73, 76, 75, 74, 77, 73, 73, 68, 68, 70, 67, 69,
    72, 70, 70, 73, 74, 79, 78, 81, 77, 81, 78, 80, 79, 75, 76, 77, 77,
    76 ]
