%YAML:1.0
---
videoName: "headNod16.mp4"
gestureLabel: 202
fps: 29
pixelSizeInCmTemp: 3.3263888888888887e-01
faceCenterPointX: 255
faceCenterPointY: 77
headPositionsX: [ 255, 261, 259, 259, 258, 261, 259, 262, 258, 258, 262,
    257, 260, 257, 259, 261, 261, 258, 259, 256, 257, 256, 259, 259, 257,
    260, 259, 257, 261, 257, 259, 258, 260, 259, 258, 259, 258, 259, 260,
    257, 258, 257, 260, 262, 258, 260, 260, 256, 256, 258, 258, 256, 258,
    258, 258, 257, 257, 260, 257, 258, 258, 260, 255, 257, 257, 254, 254,
    253, 256, 254, 257, 254, 253, 255, 254, 252, 254, 252, 255, 254, 255,
    252, 253, 255, 254, 255, 256, 255, 256, 256, 254, 258, 256, 257, 253,
    257, 254, 254, 257, 253 ]
headPositionsY: [ 78, 74, 74, 74, 76, 72, 75, 75, 76, 76, 74, 76, 77, 75,
    74, 75, 76, 74, 75, 72, 73, 75, 73, 74, 75, 74, 76, 76, 73, 76, 76,
    72, 75, 73, 77, 73, 69, 68, 68, 66, 68, 69, 72, 75, 77, 80, 83, 82,
    81, 78, 78, 72, 71, 70, 69, 69, 74, 77, 75, 81, 81, 84, 83, 81, 78,
    77, 74, 69, 71, 70, 71, 76, 77, 77, 81, 79, 81, 77, 73, 72, 69, 68,
    71, 71, 74, 74, 73, 76, 76, 78, 79, 77, 74, 75, 77, 77, 75, 77, 76,
    76 ]
