%YAML:1.0
---
videoName: "headShake37.mp4"
gestureLabel: 201
fps: 30
pixelSizeInCmTemp: 3.1933333333333330e-01
faceCenterPointX: 263
faceCenterPointY: 83
headPositionsX: [ 264, 262, 262, 261, 262, 264, 259, 261, 264, 264, 261,
    261, 261, 264, 264, 260, 262, 260, 260, 263, 261, 264, 259, 262, 263,
    263, 260, 263, 264, 261, 264, 261, 263, 264, 264, 264, 260, 263, 264,
    264, 262, 262, 263, 263, 262, 261, 263, 266, 267, 271, 274, 275, 278,
    281, 283, 277, 271, 268, 258, 254, 254, 254, 257, 256, 262, 266, 269,
    273, 274, 270, 266, 264, 261, 257, 252, 252, 253, 251, 255, 257, 261,
    263, 261, 265, 267, 264, 266, 267, 267, 267, 264, 264, 264, 263, 264,
    264, 264, 262, 263, 261 ]
headPositionsY: [ 81, 82, 81, 84, 85, 85, 81, 86, 82, 85, 82, 85, 84, 82,
    84, 83, 81, 83, 81, 82, 81, 81, 82, 83, 85, 85, 83, 82, 83, 81, 81,
    84, 84, 84, 85, 82, 84, 85, 83, 85, 84, 85, 84, 82, 84, 84, 82, 84,
    82, 81, 82, 81, 79, 82, 83, 81, 84, 83, 81, 82, 81, 81, 81, 81, 81,
    85, 79, 79, 79, 81, 81, 83, 83, 82, 83, 82, 83, 81, 85, 83, 83, 83,
    84, 84, 81, 83, 84, 81, 82, 86, 83, 85, 85, 81, 81, 84, 83, 81, 85,
    81 ]
