%YAML:1.0
---
videoName: "headShake47.mp4"
gestureLabel: 201
fps: 29
pixelSizeInCmTemp: 3.2364864864864862e-01
faceCenterPointX: 258
faceCenterPointY: 86
headPositionsX: [ 259, 261, 262, 260, 262, 259, 260, 259, 261, 259, 262,
    262, 258, 261, 260, 260, 260, 260, 261, 262, 257, 262, 260, 259, 262,
    260, 260, 259, 260, 259, 262, 261, 260, 259, 255, 254, 254, 253, 249,
    247, 247, 252, 253, 253, 261, 266, 265, 266, 266, 266, 258, 258, 255,
    250, 254, 259, 264, 264, 264, 262, 262, 258, 255, 254, 252, 253, 257,
    262, 264, 262, 261, 261, 254, 252, 255, 255, 256, 258, 262, 266, 264,
    264, 260, 257, 253, 256, 255, 256, 256, 257, 256, 256, 256, 257, 260,
    255, 256, 258, 256, 258 ]
headPositionsY: [ 87, 84, 84, 86, 83, 83, 83, 84, 85, 85, 85, 85, 84, 84,
    86, 85, 86, 85, 84, 87, 82, 86, 87, 82, 84, 84, 84, 84, 86, 85, 85,
    83, 84, 85, 83, 86, 85, 84, 83, 87, 85, 88, 85, 88, 89, 87, 86, 88,
    89, 88, 88, 89, 90, 88, 87, 87, 89, 88, 91, 88, 88, 90, 89, 86, 85,
    86, 85, 88, 85, 86, 89, 86, 89, 87, 87, 89, 87, 87, 88, 85, 89, 88,
    85, 84, 86, 86, 87, 87, 87, 86, 84, 87, 87, 89, 84, 84, 87, 85, 85,
    84 ]
