%YAML:1.0
---
videoName: "headNod39.mp4"
gestureLabel: 202
fps: 29
pixelSizeInCmTemp: 2.9937500000000000e-01
faceCenterPointX: 268
faceCenterPointY: 78
headPositionsX: [ 268, 268, 269, 267, 266, 268, 270, 266, 268, 267, 267,
    267, 266, 270, 268, 268, 271, 271, 269, 270, 271, 267, 268, 268, 269,
    268, 268, 270, 266, 267, 269, 267, 270, 269, 267, 268, 270, 268, 271,
    268, 267, 267, 266, 270, 265, 266, 268, 269, 269, 268, 266, 265, 266,
    269, 268, 266, 265, 266, 264, 267, 268, 264, 264, 268, 268, 267, 269,
    269, 264, 267, 265, 266, 266, 265, 267, 267, 268, 266, 269, 268, 268,
    268, 265, 268, 268, 266, 267, 265, 270, 268, 265, 267, 268, 270, 269,
    270, 269, 266, 268, 268 ]
headPositionsY: [ 79, 77, 77, 74, 74, 79, 78, 74, 75, 75, 76, 77, 75, 78,
    74, 77, 74, 78, 77, 74, 79, 77, 75, 76, 76, 78, 76, 79, 76, 79, 78,
    75, 76, 78, 77, 78, 78, 77, 77, 82, 81, 81, 86, 86, 83, 83, 81, 77,
    74, 77, 75, 75, 73, 75, 77, 85, 88, 89, 90, 89, 86, 81, 76, 75, 75,
    73, 74, 73, 76, 78, 83, 81, 83, 81, 78, 78, 76, 76, 75, 75, 79, 80,
    79, 81, 78, 81, 78, 79, 79, 80, 80, 80, 76, 79, 78, 78, 80, 78, 80,
    76 ]
