%YAML:1.0
---
videoName: "headLookUp1.mp4"
gestureLabel: 205
fps: 29
pixelSizeInCmTemp: 3.7421874999999999e-01
faceCenterPointX: 258
faceCenterPointY: 66
headPositionsX: [ 257, 259, 258, 260, 261, 259, 257, 257, 260, 261, 259,
    261, 257, 258, 257, 260, 258, 258, 259, 258, 259, 257, 258, 259, 260,
    257, 260, 262, 256, 256, 259, 257, 261, 259, 257, 256, 260, 256, 260,
    261, 260, 259, 258, 256, 257, 259, 260, 261, 258, 260, 261, 255, 257,
    257, 258, 256, 257, 255, 259, 257, 260, 257, 258, 258, 255, 256, 258,
    258, 259, 257, 259, 256, 262, 260, 255, 256, 259, 257, 260, 257, 260,
    258, 260, 258, 256, 259, 259, 258, 256, 257, 258, 258, 256, 257, 258,
    255, 260, 256, 259, 260 ]
headPositionsY: [ 68, 79, 82, 82, 83, 80, 82, 80, 82, 81, 81, 83, 81, 82,
    82, 81, 80, 78, 82, 81, 83, 82, 81, 81, 79, 82, 79, 84, 80, 79, 82,
    82, 83, 81, 83, 79, 79, 82, 81, 81, 80, 76, 79, 75, 72, 74, 69, 70,
    66, 65, 65, 67, 67, 66, 69, 63, 69, 62, 65, 62, 68, 66, 69, 66, 64,
    63, 64, 65, 66, 65, 67, 63, 64, 67, 65, 64, 64, 67, 68, 66, 65, 64,
    67, 65, 64, 66, 66, 64, 64, 64, 62, 66, 67, 66, 65, 66, 65, 69, 66,
    68 ]
