%YAML:1.0
---
videoName: "headNod16.mp4"
gestureLabel: 202
fps: 29
pixelSizeInCmTemp: 3.3263888888888887e-01
faceCenterPointX: 255
faceCenterPointY: 77
headPositionsX: [ 253, 261, 257, 259, 258, 260, 260, 261, 259, 260, 258,
    261, 259, 260, 260, 261, 258, 256, 257, 257, 260, 257, 260, 260, 258,
    259, 259, 258, 261, 260, 257, 258, 260, 256, 259, 257, 259, 261, 260,
    260, 260, 259, 261, 261, 259, 257, 258, 259, 258, 257, 255, 257, 255,
    259, 256, 256, 257, 257, 256, 257, 257, 258, 254, 254, 254, 253, 255,
    254, 255, 256, 256, 253, 253, 257, 256, 255, 254, 252, 255, 253, 254,
    255, 252, 253, 258, 257, 256, 255, 255, 256, 257, 255, 253, 255, 255,
    256, 257, 254, 257, 255 ]
headPositionsY: [ 78, 76, 75, 74, 73, 75, 73, 75, 75, 74, 76, 77, 73, 75,
    74, 75, 73, 75, 75, 75, 76, 75, 74, 74, 75, 74, 74, 77, 74, 73, 74,
    75, 75, 72, 74, 72, 69, 70, 66, 68, 71, 69, 72, 75, 77, 79, 82, 81,
    81, 81, 78, 75, 68, 70, 70, 72, 70, 77, 77, 81, 84, 83, 82, 79, 79,
    75, 75, 71, 68, 73, 71, 76, 76, 79, 78, 78, 82, 76, 75, 73, 69, 70,
    68, 70, 70, 75, 77, 80, 76, 78, 75, 78, 76, 75, 75, 77, 77, 78, 74,
    75 ]
