%YAML:1.0
---
videoName: "headLookLeft3.mp4"
gestureLabel: 203
fps: 29
pixelSizeInCmTemp: 3.4214285714285714e-01
faceCenterPointX: 290
faceCenterPointY: 74
headPositionsX: [ 292, 262, 264, 266, 265, 265, 266, 266, 271, 270, 274,
    273, 278, 280, 280, 280, 283, 285, 290, 290, 291, 287, 292, 293, 288,
    289, 295, 288, 290, 283, 289, 292, 292, 290, 284, 288, 282, 291, 289,
    287, 286, 286, 287, 295, 291, 289, 290, 288, 290, 286, 289, 289, 291,
    289, 285, 289, 289, 289, 290, 291, 288, 289, 288, 287, 289, 287, 288,
    290, 288, 290, 286, 287, 288, 288, 287, 287, 286, 289, 285, 284, 289,
    287, 291, 288, 287, 286, 289, 290, 287, 289, 285, 287, 287, 286, 285,
    284, 290, 287, 289, 288 ]
headPositionsY: [ 74, 75, 76, 75, 76, 77, 79, 76, 76, 78, 76, 74, 74, 77,
    75, 76, 77, 74, 74, 74, 72, 73, 73, 75, 71, 74, 73, 77, 74, 73, 72,
    75, 74, 74, 72, 73, 71, 76, 72, 73, 71, 71, 71, 77, 74, 72, 74, 73,
    76, 72, 75, 75, 74, 73, 76, 72, 75, 71, 73, 74, 74, 72, 75, 74, 75,
    73, 75, 74, 71, 72, 71, 75, 75, 75, 73, 75, 76, 74, 75, 71, 71, 73,
    74, 73, 73, 73, 73, 73, 73, 77, 76, 76, 73, 75, 75, 75, 74, 73, 73,
    73 ]
