%YAML:1.0
---
videoName: "headNod10.mp4"
gestureLabel: 202
fps: 29
pixelSizeInCmTemp: 3.2808219178082193e-01
faceCenterPointX: 260
faceCenterPointY: 67
headPositionsX: [ 261, 258, 258, 258, 259, 256, 259, 259, 260, 260, 257,
    260, 259, 258, 259, 256, 260, 259, 257, 256, 257, 258, 259, 259, 258,
    257, 258, 257, 259, 260, 257, 261, 259, 261, 257, 260, 260, 258, 261,
    257, 259, 260, 258, 258, 258, 259, 258, 261, 263, 261, 263, 262, 258,
    261, 260, 258, 259, 261, 261, 262, 263, 258, 261, 259, 258, 261, 261,
    257, 259, 262, 259, 260, 257, 256, 258, 258, 257, 261, 257, 260, 257,
    258, 256, 258, 256, 257, 259, 260, 258, 260, 260, 262, 257, 261, 258,
    262, 261, 261, 259, 259 ]
headPositionsY: [ 69, 72, 70, 70, 70, 69, 72, 70, 72, 68, 71, 72, 72, 69,
    69, 67, 71, 70, 69, 72, 72, 69, 68, 70, 70, 72, 70, 70, 70, 72, 68,
    69, 72, 70, 72, 70, 69, 71, 70, 70, 74, 73, 69, 69, 67, 65, 67, 64,
    62, 61, 64, 67, 70, 71, 74, 73, 72, 72, 69, 68, 64, 62, 63, 64, 66,
    67, 69, 72, 74, 77, 72, 73, 70, 67, 63, 65, 66, 65, 67, 70, 73, 74,
    74, 74, 69, 71, 69, 67, 66, 65, 67, 65, 67, 65, 65, 65, 67, 69, 68,
    70 ]
