%YAML:1.0
---
videoName: "headNod9.mp4"
gestureLabel: 202
fps: 29
pixelSizeInCmTemp: 3.1513157894736843e-01
faceCenterPointX: 261
faceCenterPointY: 75
headPositionsX: [ 260, 260, 261, 261, 263, 260, 258, 261, 261, 263, 261,
    260, 259, 261, 260, 261, 260, 259, 261, 260, 261, 260, 260, 262, 261,
    260, 260, 263, 261, 259, 261, 262, 262, 259, 260, 259, 259, 261, 260,
    262, 260, 261, 262, 261, 260, 261, 260, 259, 261, 261, 257, 261, 259,
    258, 261, 261, 262, 260, 258, 260, 261, 258, 262, 260, 263, 258, 261,
    263, 261, 258, 261, 258, 259, 261, 262, 259, 261, 259, 258, 261, 258,
    258, 257, 258, 258, 258, 259, 259, 258, 260, 258, 259, 259, 259, 261,
    259, 257, 262, 260, 259 ]
headPositionsY: [ 73, 73, 77, 75, 75, 76, 75, 77, 77, 77, 77, 77, 77, 74,
    75, 74, 75, 75, 73, 77, 76, 74, 75, 76, 78, 76, 74, 74, 73, 78, 79,
    78, 79, 81, 82, 78, 80, 76, 77, 73, 75, 73, 76, 80, 85, 87, 87, 83,
    79, 79, 76, 75, 78, 79, 81, 84, 84, 85, 82, 80, 73, 73, 74, 76, 77,
    81, 80, 82, 82, 80, 80, 76, 76, 74, 72, 70, 70, 76, 79, 79, 80, 82,
    80, 80, 79, 79, 76, 76, 76, 74, 72, 74, 70, 73, 75, 76, 74, 73, 75,
    75 ]
