%YAML:1.0
---
videoName: "headNod8.mp4"
gestureLabel: 202
fps: 29
pixelSizeInCmTemp: 3.1933333333333330e-01
faceCenterPointX: 262
faceCenterPointY: 74
headPositionsX: [ 262, 264, 263, 261, 261, 263, 263, 261, 262, 263, 261,
    264, 262, 263, 260, 260, 259, 262, 261, 263, 260, 260, 262, 262, 261,
    260, 259, 260, 262, 259, 262, 259, 260, 259, 260, 261, 260, 263, 261,
    261, 260, 260, 259, 260, 261, 262, 263, 261, 264, 262, 260, 262, 262,
    260, 261, 263, 261, 259, 260, 259, 263, 259, 262, 262, 261, 264, 262,
    261, 262, 263, 260, 258, 259, 260, 262, 260, 258, 260, 262, 263, 259,
    261, 262, 260, 261, 263, 260, 262, 262, 265, 261, 261, 264, 261, 260,
    262, 261, 263, 263, 264 ]
headPositionsY: [ 73, 75, 77, 75, 74, 76, 76, 75, 75, 77, 75, 75, 77, 76,
    76, 77, 79, 77, 75, 75, 77, 75, 74, 76, 78, 76, 75, 78, 79, 76, 75,
    76, 76, 78, 76, 78, 76, 77, 75, 74, 74, 73, 70, 66, 69, 67, 68, 72,
    71, 76, 79, 80, 83, 85, 82, 82, 79, 72, 73, 69, 72, 71, 71, 75, 78,
    82, 85, 82, 82, 80, 77, 75, 70, 70, 69, 72, 73, 74, 77, 81, 84, 83,
    81, 78, 74, 71, 72, 71, 74, 72, 73, 75, 78, 76, 80, 78, 78, 79, 77,
    77 ]
