%YAML:1.0
---
videoName: "headLookUp7.mp4"
gestureLabel: 205
fps: 29
pixelSizeInCmTemp: 3.6846153846153845e-01
faceCenterPointX: 257
faceCenterPointY: 70
headPositionsX: [ 255, 258, 255, 257, 258, 255, 258, 258, 255, 255, 258,
    254, 257, 258, 257, 257, 255, 257, 258, 256, 255, 257, 257, 255, 253,
    255, 258, 254, 257, 258, 254, 258, 259, 255, 258, 255, 257, 253, 254,
    255, 256, 256, 257, 256, 257, 253, 258, 256, 256, 257, 253, 256, 253,
    253, 254, 259, 257, 258, 254, 254, 258, 257, 254, 255, 254, 257, 254,
    258, 257, 256, 258, 255, 258, 254, 257, 256, 258, 256, 258, 258, 255,
    258, 259, 257, 257, 259, 256, 258, 256, 258, 257, 257, 256, 259, 255,
    256, 260, 257, 255, 259 ]
headPositionsY: [ 70, 83, 85, 82, 84, 82, 83, 82, 84, 80, 82, 83, 84, 83,
    82, 82, 84, 83, 82, 77, 80, 79, 76, 78, 74, 75, 71, 72, 69, 71, 66,
    71, 72, 70, 68, 68, 70, 69, 71, 66, 67, 67, 67, 68, 70, 71, 68, 70,
    70, 71, 67, 66, 69, 66, 68, 71, 68, 69, 67, 67, 67, 68, 69, 72, 70,
    67, 69, 71, 70, 68, 69, 67, 69, 71, 71, 69, 69, 71, 71, 69, 68, 69,
    71, 70, 68, 69, 70, 71, 69, 72, 67, 70, 69, 70, 68, 68, 70, 67, 68,
    67 ]
