%YAML:1.0
---
videoName: "headShake21.mp4"
gestureLabel: 201
fps: 29
pixelSizeInCmTemp: 3.1933333333333330e-01
faceCenterPointX: 241
faceCenterPointY: 78
headPositionsX: [ 243, 244, 244, 241, 241, 242, 243, 242, 239, 242, 241,
    243, 240, 242, 241, 240, 242, 239, 244, 240, 243, 242, 243, 243, 241,
    245, 243, 242, 242, 244, 242, 241, 245, 242, 242, 245, 241, 245, 242,
    242, 244, 242, 242, 243, 240, 241, 240, 242, 239, 243, 243, 239, 240,
    239, 243, 242, 239, 242, 241, 243, 241, 239, 242, 242, 241, 238, 237,
    244, 245, 246, 250, 250, 250, 250, 246, 243, 238, 235, 234, 232, 236,
    239, 240, 240, 240, 241, 243, 241, 239, 239, 241, 239, 239, 237, 238,
    242, 241, 242, 241, 241 ]
headPositionsY: [ 77, 82, 81, 77, 78, 74, 75, 72, 72, 74, 71, 70, 73, 68,
    72, 71, 70, 69, 70, 70, 73, 72, 73, 72, 75, 76, 75, 72, 76, 74, 76,
    78, 77, 78, 75, 75, 74, 76, 76, 75, 77, 78, 76, 79, 80, 76, 80, 76,
    77, 79, 80, 76, 75, 78, 77, 79, 76, 78, 76, 77, 76, 77, 76, 80, 78,
    78, 79, 78, 80, 78, 79, 75, 76, 76, 77, 81, 80, 77, 75, 78, 76, 77,
    79, 79, 80, 76, 77, 77, 78, 80, 79, 78, 78, 77, 78, 79, 80, 78, 79,
    76 ]
