%YAML:1.0
---
videoName: "headLookLeft6.mp4"
gestureLabel: 203
fps: 29
pixelSizeInCmTemp: 3.2808219178082193e-01
faceCenterPointX: 267
faceCenterPointY: 69
headPositionsX: [ 269, 242, 242, 243, 242, 244, 247, 247, 247, 248, 248,
    245, 243, 246, 244, 245, 244, 246, 247, 248, 247, 244, 247, 247, 243,
    247, 249, 251, 253, 255, 252, 257, 261, 262, 263, 265, 267, 269, 268,
    269, 269, 270, 268, 266, 269, 271, 269, 271, 270, 270, 270, 266, 267,
    270, 267, 271, 269, 268, 269, 267, 266, 268, 268, 266, 270, 268, 268,
    266, 265, 266, 267, 265, 268, 266, 264, 269, 268, 268, 268, 268, 264,
    265, 267, 267, 265, 267, 268, 268, 268, 269, 265, 268, 269, 268, 268,
    267, 264, 268, 267, 268 ]
headPositionsY: [ 71, 73, 72, 71, 70, 74, 73, 70, 69, 74, 74, 72, 73, 71,
    73, 72, 71, 71, 70, 71, 72, 72, 72, 74, 74, 72, 72, 74, 69, 71, 69,
    70, 70, 69, 71, 68, 72, 68, 70, 72, 71, 72, 69, 72, 70, 69, 70, 68,
    70, 69, 67, 71, 71, 68, 73, 68, 71, 68, 72, 71, 69, 69, 68, 69, 71,
    70, 71, 68, 72, 68, 68, 69, 68, 68, 69, 67, 70, 67, 70, 69, 73, 70,
    69, 67, 69, 68, 72, 70, 71, 69, 68, 67, 70, 69, 72, 69, 69, 68, 68,
    67 ]
