%YAML:1.0
---
videoName: "headShake13.mp4"
gestureLabel: 201
fps: 29
pixelSizeInCmTemp: 3.2364864864864862e-01
faceCenterPointX: 241
faceCenterPointY: 77
headPositionsX: [ 243, 239, 244, 243, 243, 241, 240, 242, 240, 242, 240,
    243, 242, 242, 241, 243, 243, 240, 239, 239, 241, 243, 239, 242, 239,
    242, 243, 239, 239, 239, 237, 240, 241, 241, 244, 246, 252, 256, 261,
    259, 262, 262, 257, 256, 252, 244, 238, 235, 229, 230, 228, 234, 236,
    240, 243, 248, 250, 252, 251, 246, 244, 240, 236, 234, 232, 231, 232,
    232, 238, 239, 246, 251, 252, 254, 252, 252, 248, 246, 240, 236, 237,
    235, 232, 232, 233, 237, 238, 240, 241, 243, 245, 242, 243, 243, 243,
    244, 241, 243, 243, 239 ]
headPositionsY: [ 77, 77, 78, 74, 77, 78, 75, 74, 74, 74, 75, 77, 75, 76,
    78, 75, 78, 75, 75, 75, 74, 75, 78, 77, 77, 73, 78, 75, 75, 76, 77,
    76, 75, 75, 74, 76, 76, 77, 72, 75, 74, 75, 75, 74, 76, 78, 77, 74,
    76, 78, 79, 77, 75, 76, 78, 75, 75, 74, 77, 76, 76, 78, 76, 77, 78,
    75, 78, 75, 78, 74, 77, 76, 74, 75, 77, 74, 78, 76, 78, 77, 74, 74,
    77, 76, 79, 76, 78, 74, 75, 78, 74, 76, 74, 74, 75, 74, 75, 78, 78,
    75 ]
