%YAML:1.0
---
videoName: "headNod6.mp4"
gestureLabel: 202
fps: 29
pixelSizeInCmTemp: 3.1513157894736843e-01
faceCenterPointX: 262
faceCenterPointY: 73
headPositionsX: [ 261, 261, 259, 260, 264, 262, 261, 260, 265, 260, 261,
    262, 264, 264, 261, 263, 261, 262, 265, 263, 262, 264, 264, 263, 262,
    260, 260, 264, 262, 261, 260, 263, 264, 261, 262, 263, 264, 262, 262,
    264, 264, 261, 263, 263, 264, 262, 260, 262, 258, 260, 263, 261, 262,
    263, 262, 263, 259, 259, 259, 260, 262, 259, 260, 262, 260, 262, 260,
    258, 263, 261, 262, 261, 259, 260, 263, 261, 263, 261, 261, 259, 262,
    260, 259, 264, 261, 260, 263, 261, 264, 261, 264, 261, 260, 262, 263,
    263, 264, 261, 263, 264 ]
headPositionsY: [ 74, 74, 71, 75, 76, 75, 74, 74, 73, 74, 73, 76, 71, 76,
    75, 73, 74, 71, 74, 73, 74, 74, 75, 74, 72, 74, 75, 74, 75, 75, 75,
    72, 70, 69, 69, 68, 63, 65, 67, 71, 73, 79, 79, 81, 86, 82, 76, 73,
    71, 69, 65, 69, 73, 74, 79, 81, 82, 80, 80, 71, 70, 70, 66, 67, 69,
    74, 79, 83, 84, 82, 78, 72, 72, 68, 67, 66, 68, 67, 73, 73, 81, 85,
    83, 83, 80, 81, 77, 74, 73, 71, 68, 68, 69, 72, 74, 71, 74, 73, 72,
    73 ]
