%YAML:1.0
---
videoName: "headNod25.mp4"
gestureLabel: 202
fps: 29
pixelSizeInCmTemp: 3.1933333333333330e-01
faceCenterPointX: 270
faceCenterPointY: 75
headPositionsX: [ 272, 271, 269, 273, 272, 270, 271, 269, 271, 268, 270,
    269, 268, 271, 272, 270, 269, 271, 273, 270, 272, 272, 272, 271, 271,
    273, 273, 273, 274, 271, 272, 272, 274, 270, 273, 273, 273, 270, 272,
    274, 271, 273, 272, 271, 272, 274, 270, 272, 274, 269, 271, 274, 269,
    271, 273, 274, 274, 273, 273, 269, 272, 272, 272, 269, 272, 271, 269,
    271, 271, 270, 270, 268, 271, 273, 272, 269, 272, 271, 272, 270, 272,
    269, 271, 272, 272, 268, 273, 272, 269, 273, 272, 273, 271, 269, 271,
    272, 271, 269, 270, 271 ]
headPositionsY: [ 77, 72, 71, 73, 72, 72, 74, 75, 73, 73, 73, 75, 75, 75,
    74, 73, 74, 75, 76, 74, 75, 73, 73, 73, 73, 74, 77, 75, 74, 72, 73,
    74, 74, 75, 75, 74, 76, 74, 77, 77, 74, 74, 76, 77, 73, 76, 75, 76,
    75, 69, 68, 68, 64, 67, 64, 64, 68, 65, 70, 67, 72, 77, 78, 81, 86,
    88, 87, 87, 82, 80, 77, 76, 73, 69, 69, 67, 67, 69, 73, 69, 76, 77,
    78, 79, 79, 79, 77, 78, 76, 78, 75, 75, 76, 77, 78, 74, 77, 74, 76,
    73 ]
