%YAML:1.0
---
videoName: "headNod34.mp4"
gestureLabel: 202
fps: 29
pixelSizeInCmTemp: 2.9567901234567900e-01
faceCenterPointX: 266
faceCenterPointY: 78
headPositionsX: [ 267, 266, 271, 267, 268, 270, 272, 267, 272, 268, 268,
    268, 268, 270, 271, 268, 269, 271, 268, 269, 271, 268, 268, 272, 271,
    270, 271, 272, 268, 267, 271, 271, 271, 270, 271, 270, 269, 271, 269,
    272, 271, 269, 269, 271, 272, 272, 272, 270, 267, 270, 270, 267, 271,
    267, 271, 269, 270, 272, 270, 270, 271, 273, 272, 269, 270, 268, 269,
    268, 268, 271, 268, 270, 268, 265, 264, 266, 265, 267, 266, 264, 265,
    268, 265, 264, 263, 265, 265, 265, 265, 266, 267, 266, 267, 266, 268,
    265, 266, 267, 264, 267 ]
headPositionsY: [ 80, 76, 77, 75, 76, 76, 77, 76, 76, 77, 76, 77, 76, 78,
    78, 76, 79, 74, 75, 75, 79, 78, 76, 79, 75, 79, 78, 78, 74, 76, 78,
    74, 76, 76, 77, 76, 75, 76, 70, 70, 72, 71, 72, 75, 82, 82, 91, 86,
    88, 84, 78, 77, 76, 72, 74, 74, 76, 76, 79, 82, 81, 85, 80, 78, 77,
    79, 76, 80, 77, 79, 82, 82, 83, 85, 83, 82, 79, 75, 77, 78, 79, 83,
    82, 82, 81, 80, 82, 77, 77, 80, 79, 77, 80, 81, 81, 80, 81, 78, 77,
    81 ]
