%YAML:1.0
---
videoName: "headLookDown7.mp4"
gestureLabel: 206
fps: 30
pixelSizeInCmTemp: 3.3732394366197183e-01
faceCenterPointX: 274
faceCenterPointY: 95
headPositionsX: [ 273, 276, 274, 273, 271, 274, 275, 271, 273, 274, 274,
    275, 275, 271, 272, 274, 274, 272, 273, 275, 274, 273, 274, 276, 274,
    275, 273, 274, 275, 273, 274, 274, 271, 272, 273, 273, 271, 275, 274,
    274, 272, 275, 274, 275, 273, 271, 275, 275, 274, 274, 276, 276, 273,
    274, 273, 275, 275, 275, 277, 274, 277, 274, 276, 274, 276, 276, 275,
    274, 273, 276, 275, 272, 274, 276, 275, 271, 273, 276, 273, 273, 277,
    276, 276, 277, 275, 273, 278, 273, 276, 278, 273, 275, 278, 273, 276,
    274, 274, 274, 273, 277 ]
headPositionsY: [ 97, 83, 81, 80, 81, 83, 84, 81, 81, 83, 81, 84, 85, 80,
    81, 81, 81, 84, 83, 82, 80, 82, 84, 84, 85, 81, 83, 81, 82, 83, 81,
    81, 83, 83, 82, 83, 85, 82, 83, 83, 84, 85, 85, 82, 85, 83, 85, 86,
    85, 86, 83, 86, 84, 86, 89, 90, 91, 93, 94, 92, 94, 95, 96, 97, 96,
    93, 96, 94, 95, 95, 97, 96, 93, 93, 93, 95, 95, 93, 93, 98, 96, 97,
    96, 97, 93, 96, 95, 94, 98, 97, 94, 95, 97, 97, 95, 97, 95, 95, 97,
    94 ]
