%YAML:1.0
---
videoName: "headNod17.mp4"
gestureLabel: 202
fps: 30
pixelSizeInCmTemp: 3.2808219178082193e-01
faceCenterPointX: 253
faceCenterPointY: 76
headPositionsX: [ 254, 254, 256, 255, 253, 256, 253, 254, 254, 257, 255,
    256, 254, 257, 255, 257, 255, 256, 256, 257, 256, 257, 255, 256, 256,
    254, 254, 256, 254, 257, 257, 254, 257, 258, 256, 257, 255, 254, 255,
    257, 255, 252, 254, 251, 251, 253, 255, 251, 251, 255, 255, 254, 252,
    253, 255, 252, 253, 255, 255, 256, 256, 256, 253, 255, 256, 257, 257,
    256, 254, 256, 256, 253, 253, 252, 255, 252, 255, 256, 251, 255, 254,
    257, 254, 252, 257, 255, 253, 254, 256, 254, 254, 254, 253, 254, 255,
    252, 257, 252, 254, 255 ]
headPositionsY: [ 76, 79, 75, 75, 78, 76, 78, 78, 75, 78, 76, 75, 79, 79,
    76, 78, 75, 78, 79, 78, 77, 75, 72, 73, 70, 72, 70, 67, 68, 66, 65,
    68, 70, 69, 67, 72, 69, 72, 73, 78, 78, 81, 82, 85, 87, 83, 83, 81,
    80, 79, 78, 78, 73, 72, 70, 71, 72, 66, 70, 70, 72, 73, 76, 75, 77,
    79, 80, 79, 82, 79, 77, 76, 75, 75, 79, 80, 78, 81, 80, 80, 77, 76,
    77, 77, 76, 75, 79, 80, 77, 79, 79, 75, 78, 75, 80, 77, 80, 78, 76,
    77 ]
