%YAML:1.0
---
videoName: "headNod44.mp4"
gestureLabel: 202
fps: 29
pixelSizeInCmTemp: 2.9567901234567900e-01
faceCenterPointX: 268
faceCenterPointY: 78
headPositionsX: [ 268, 269, 267, 268, 268, 271, 269, 267, 272, 269, 269,
    269, 268, 267, 268, 267, 270, 269, 269, 269, 271, 269, 267, 268, 266,
    270, 270, 265, 267, 266, 269, 268, 269, 265, 267, 266, 266, 268, 265,
    269, 265, 265, 264, 266, 265, 268, 268, 270, 266, 268, 265, 267, 269,
    265, 267, 269, 267, 269, 270, 266, 267, 268, 268, 270, 269, 268, 270,
    268, 267, 266, 267, 270, 272, 267, 268, 266, 270, 270, 270, 270, 271,
    269, 269, 268, 266, 267, 267, 271, 270, 267, 268, 269, 269, 266, 267,
    269, 269, 268, 266, 270 ]
headPositionsY: [ 76, 74, 77, 74, 73, 75, 75, 74, 72, 74, 73, 73, 74, 73,
    77, 76, 73, 76, 77, 83, 87, 87, 92, 96, 94, 91, 90, 85, 79, 77, 73,
    71, 70, 69, 70, 76, 77, 82, 85, 89, 85, 86, 80, 77, 73, 70, 74, 75,
    76, 82, 85, 86, 90, 88, 85, 80, 76, 78, 73, 72, 75, 76, 77, 83, 86,
    87, 82, 83, 79, 79, 78, 79, 74, 80, 78, 82, 86, 89, 89, 88, 85, 80,
    78, 77, 77, 76, 76, 76, 79, 78, 78, 77, 80, 78, 75, 76, 75, 76, 76,
    78 ]
