%YAML:1.0
---
videoName: "headShake17.mp4"
gestureLabel: 201
fps: 29
pixelSizeInCmTemp: 3.3263888888888887e-01
faceCenterPointX: 242
faceCenterPointY: 76
headPositionsX: [ 244, 237, 238, 237, 237, 239, 237, 242, 246, 249, 251,
    254, 260, 257, 260, 259, 252, 250, 244, 241, 234, 234, 229, 225, 228,
    228, 227, 230, 235, 240, 245, 246, 250, 253, 255, 251, 254, 252, 249,
    248, 244, 241, 236, 236, 230, 234, 232, 233, 236, 235, 236, 238, 244,
    244, 243, 245, 243, 247, 247, 241, 243, 242, 240, 242, 237, 240, 239,
    238, 241, 242, 238, 242, 241, 238, 238, 239, 241, 242, 242, 242, 242,
    242, 243, 241, 242, 242, 241, 241, 241, 240, 242, 242, 242, 240, 243,
    242, 243, 239, 242, 243 ]
headPositionsY: [ 78, 76, 74, 75, 74, 78, 74, 75, 78, 75, 73, 75, 73, 77,
    73, 77, 74, 75, 76, 77, 78, 76, 75, 77, 78, 78, 76, 77, 78, 77, 78,
    76, 74, 75, 73, 72, 75, 75, 78, 79, 75, 76, 76, 75, 75, 78, 76, 77,
    78, 76, 74, 75, 78, 78, 76, 77, 76, 75, 76, 78, 77, 77, 77, 77, 73,
    78, 77, 78, 78, 77, 74, 75, 75, 76, 78, 78, 76, 74, 75, 75, 75, 74,
    76, 74, 76, 75, 75, 75, 75, 78, 76, 75, 76, 77, 77, 77, 75, 78, 75,
    75 ]
