%YAML:1.0
---
videoName: "headLookRight2.mp4"
gestureLabel: 204
fps: 29
pixelSizeInCmTemp: 3.8015873015873014e-01
faceCenterPointX: 228
faceCenterPointY: 68
headPositionsX: [ 228, 251, 250, 253, 250, 250, 249, 249, 253, 250, 253,
    250, 253, 251, 253, 250, 250, 250, 252, 251, 254, 253, 250, 250, 254,
    252, 251, 253, 254, 256, 252, 253, 253, 251, 254, 252, 256, 250, 251,
    255, 252, 255, 250, 255, 250, 254, 254, 249, 250, 247, 247, 243, 243,
    238, 241, 236, 235, 231, 229, 228, 229, 226, 230, 228, 226, 227, 225,
    227, 221, 225, 226, 230, 230, 230, 228, 226, 227, 232, 231, 230, 230,
    229, 228, 226, 231, 230, 230, 227, 228, 226, 227, 230, 230, 231, 230,
    230, 230, 232, 228, 231 ]
headPositionsY: [ 66, 67, 70, 69, 69, 69, 70, 70, 66, 70, 66, 68, 69, 70,
    69, 67, 70, 71, 68, 70, 67, 67, 68, 68, 69, 72, 70, 72, 70, 70, 68,
    67, 69, 70, 67, 70, 67, 71, 68, 68, 69, 70, 69, 67, 70, 71, 72, 71,
    68, 71, 69, 71, 67, 68, 67, 67, 68, 71, 68, 71, 69, 67, 70, 67, 67,
    70, 67, 69, 74, 69, 68, 69, 68, 68, 70, 68, 70, 70, 68, 72, 69, 70,
    72, 70, 70, 71, 69, 69, 70, 67, 71, 70, 67, 70, 67, 69, 68, 71, 71,
    69 ]
