%YAML:1.0
---
videoName: "headNod49.mp4"
gestureLabel: 202
fps: 29
pixelSizeInCmTemp: 2.9207317073170730e-01
faceCenterPointX: 263
faceCenterPointY: 74
headPositionsX: [ 261, 267, 265, 263, 265, 267, 265, 267, 266, 265, 267,
    264, 266, 262, 265, 266, 262, 265, 265, 267, 265, 265, 265, 263, 264,
    264, 263, 263, 264, 264, 266, 266, 264, 266, 262, 265, 263, 262, 266,
    263, 266, 265, 262, 262, 264, 263, 264, 265, 265, 264, 264, 262, 261,
    263, 262, 265, 261, 262, 264, 262, 263, 263, 266, 265, 262, 265, 262,
    264, 266, 266, 264, 266, 262, 264, 263, 261, 263, 262, 262, 261, 264,
    263, 262, 262, 263, 264, 265, 264, 262, 264, 264, 262, 265, 263, 264,
    263, 263, 264, 260, 263 ]
headPositionsY: [ 73, 73, 72, 74, 69, 72, 74, 71, 71, 71, 72, 72, 70, 68,
    66, 67, 66, 70, 69, 68, 70, 70, 74, 76, 76, 77, 78, 79, 73, 73, 71,
    73, 69, 68, 67, 69, 71, 71, 76, 77, 80, 79, 78, 75, 77, 73, 73, 70,
    70, 73, 70, 75, 76, 75, 76, 78, 77, 76, 77, 76, 73, 75, 73, 75, 72,
    74, 75, 78, 77, 80, 79, 77, 77, 76, 73, 73, 74, 72, 75, 75, 74, 75,
    75, 74, 75, 76, 72, 75, 76, 72, 76, 73, 73, 73, 72, 77, 76, 75, 72,
    72 ]
