%YAML:1.0
---
videoName: "headNod41.mp4"
gestureLabel: 202
fps: 29
pixelSizeInCmTemp: 2.9937500000000000e-01
faceCenterPointX: 267
faceCenterPointY: 76
headPositionsX: [ 269, 268, 268, 272, 272, 268, 270, 269, 268, 269, 271,
    271, 270, 271, 270, 268, 271, 272, 273, 269, 272, 273, 271, 269, 268,
    271, 271, 271, 270, 269, 272, 271, 271, 270, 271, 268, 270, 269, 268,
    269, 268, 271, 269, 271, 270, 268, 267, 268, 267, 266, 265, 270, 268,
    269, 267, 269, 266, 271, 271, 269, 269, 269, 269, 270, 268, 268, 266,
    267, 270, 268, 270, 267, 266, 270, 270, 268, 269, 266, 265, 266, 267,
    265, 270, 266, 267, 267, 267, 268, 268, 270, 267, 266, 268, 269, 266,
    269, 267, 269, 269, 267 ]
headPositionsY: [ 75, 70, 71, 71, 73, 73, 74, 72, 71, 73, 73, 74, 72, 72,
    73, 75, 71, 74, 72, 72, 72, 73, 75, 73, 76, 72, 72, 76, 72, 72, 71,
    74, 74, 73, 75, 73, 72, 75, 78, 75, 78, 82, 86, 89, 94, 93, 91, 87,
    85, 77, 78, 71, 69, 65, 63, 64, 67, 67, 71, 79, 82, 84, 94, 91, 92,
    91, 88, 82, 80, 72, 73, 70, 71, 69, 71, 77, 80, 82, 82, 84, 83, 79,
    75, 75, 73, 73, 72, 72, 76, 73, 79, 79, 79, 79, 78, 78, 79, 77, 74,
    78 ]
