%YAML:1.0
---
videoName: "headShake6.mp4"
gestureLabel: 201
fps: 29
pixelSizeInCmTemp: 3.2808219178082193e-01
faceCenterPointX: 244
faceCenterPointY: 68
headPositionsX: [ 243, 244, 243, 248, 244, 245, 246, 243, 246, 244, 247,
    247, 244, 248, 244, 245, 244, 248, 246, 244, 246, 245, 246, 244, 245,
    245, 246, 249, 249, 254, 258, 258, 259, 260, 262, 259, 257, 254, 247,
    241, 234, 234, 231, 229, 235, 241, 244, 247, 254, 255, 258, 256, 255,
    252, 247, 241, 240, 236, 230, 232, 230, 236, 239, 244, 245, 250, 251,
    251, 248, 251, 244, 241, 242, 240, 237, 238, 240, 237, 237, 240, 242,
    243, 241, 243, 246, 246, 243, 242, 242, 244, 242, 243, 243, 243, 242,
    244, 246, 246, 245, 244 ]
headPositionsY: [ 68, 65, 66, 68, 64, 64, 66, 64, 67, 67, 66, 65, 66, 64,
    68, 64, 68, 65, 68, 64, 67, 65, 68, 67, 69, 68, 68, 66, 69, 66, 64,
    66, 66, 65, 65, 63, 67, 70, 67, 68, 67, 69, 68, 67, 69, 68, 67, 70,
    66, 66, 66, 67, 69, 68, 66, 69, 69, 69, 66, 65, 67, 66, 66, 70, 70,
    66, 69, 68, 68, 67, 70, 66, 67, 67, 66, 69, 66, 67, 68, 70, 68, 70,
    69, 70, 68, 67, 69, 67, 68, 68, 70, 68, 67, 67, 66, 68, 66, 70, 69,
    68 ]
