%YAML:1.0
---
videoName: "headShake48.mp4"
gestureLabel: 201
fps: 29
pixelSizeInCmTemp: 3.1103896103896100e-01
faceCenterPointX: 258
faceCenterPointY: 85
headPositionsX: [ 260, 259, 262, 260, 260, 261, 260, 259, 261, 260, 258,
    259, 259, 262, 262, 261, 257, 258, 259, 257, 258, 257, 258, 257, 259,
    259, 256, 257, 260, 259, 259, 260, 257, 258, 262, 263, 268, 269, 274,
    276, 273, 274, 271, 265, 263, 256, 251, 245, 244, 248, 252, 256, 262,
    268, 269, 270, 266, 260, 254, 249, 252, 251, 253, 256, 260, 264, 268,
    264, 267, 261, 257, 252, 252, 246, 251, 252, 258, 260, 261, 265, 266,
    265, 263, 261, 262, 258, 257, 261, 257, 261, 261, 260, 259, 260, 261,
    260, 260, 259, 261, 258 ]
headPositionsY: [ 84, 78, 80, 78, 76, 81, 78, 78, 81, 78, 81, 78, 81, 81,
    80, 79, 79, 78, 79, 83, 80, 80, 81, 80, 83, 82, 82, 81, 79, 83, 83,
    81, 83, 79, 81, 84, 83, 80, 84, 82, 82, 85, 84, 83, 86, 81, 82, 82,
    81, 83, 84, 87, 87, 87, 87, 87, 85, 85, 84, 87, 87, 86, 85, 88, 87,
    89, 87, 87, 85, 85, 89, 86, 86, 84, 86, 85, 85, 86, 87, 87, 83, 86,
    85, 84, 85, 88, 84, 85, 85, 87, 87, 84, 88, 87, 86, 87, 86, 84, 87,
    83 ]
