%YAML:1.0
---
videoName: "headLookRight5.mp4"
gestureLabel: 204
fps: 29
pixelSizeInCmTemp: 3.1513157894736843e-01
faceCenterPointX: 228
faceCenterPointY: 76
headPositionsX: [ 226, 248, 250, 250, 252, 248, 248, 249, 251, 247, 251,
    248, 252, 248, 248, 250, 248, 251, 247, 251, 246, 249, 251, 247, 247,
    251, 249, 248, 249, 250, 249, 247, 247, 243, 245, 240, 237, 236, 233,
    231, 231, 229, 225, 227, 224, 227, 227, 225, 228, 227, 225, 227, 220,
    228, 226, 224, 226, 228, 223, 223, 227, 223, 229, 224, 227, 229, 226,
    226, 224, 228, 225, 225, 226, 228, 227, 225, 228, 226, 228, 226, 224,
    224, 227, 225, 226, 226, 225, 221, 225, 224, 225, 227, 225, 226, 223,
    222, 226, 224, 223, 224 ]
headPositionsY: [ 77, 74, 75, 76, 72, 74, 75, 76, 77, 75, 73, 75, 76, 72,
    76, 76, 77, 75, 77, 74, 73, 76, 74, 74, 75, 76, 76, 74, 77, 73, 74,
    77, 73, 73, 77, 75, 73, 71, 72, 71, 75, 73, 73, 77, 75, 73, 72, 72,
    73, 73, 72, 76, 75, 76, 73, 77, 74, 76, 75, 76, 78, 74, 75, 76, 74,
    76, 73, 75, 72, 73, 73, 77, 76, 75, 71, 74, 75, 74, 75, 73, 75, 75,
    73, 77, 71, 75, 72, 73, 74, 76, 74, 73, 73, 76, 72, 73, 72, 73, 76,
    75 ]
