%YAML:1.0
---
videoName: "headNod8.mp4"
gestureLabel: 202
fps: 29
pixelSizeInCmTemp: 3.1933333333333330e-01
faceCenterPointX: 262
faceCenterPointY: 74
headPositionsX: [ 262, 260, 260, 261, 261, 263, 263, 259, 261, 260, 261,
    260, 264, 262, 263, 259, 260, 263, 259, 260, 262, 260, 264, 260, 262,
    260, 261, 259, 263, 263, 262, 261, 260, 259, 263, 262, 259, 261, 262,
    260, 261, 264, 263, 262, 263, 261, 262, 264, 261, 263, 259, 259, 260,
    261, 261, 263, 261, 258, 262, 262, 263, 262, 263, 259, 262, 261, 260,
    261, 259, 262, 261, 262, 262, 260, 259, 259, 258, 262, 261, 263, 259,
    260, 262, 261, 261, 261, 264, 264, 263, 261, 263, 264, 260, 261, 263,
    266, 262, 261, 260, 263 ]
headPositionsY: [ 73, 79, 75, 75, 74, 78, 77, 79, 79, 76, 75, 74, 76, 77,
    74, 76, 75, 77, 77, 78, 76, 74, 77, 75, 74, 73, 74, 74, 79, 77, 78,
    78, 78, 78, 78, 76, 74, 74, 77, 75, 74, 73, 68, 66, 67, 69, 68, 70,
    69, 75, 77, 81, 81, 82, 81, 78, 79, 73, 71, 69, 69, 70, 69, 74, 77,
    82, 83, 82, 80, 82, 78, 72, 69, 69, 69, 73, 73, 76, 81, 80, 82, 84,
    79, 78, 76, 74, 71, 74, 72, 73, 72, 77, 78, 76, 79, 80, 77, 78, 77,
    75 ]
