%YAML:1.0
---
videoName: "headNod45.mp4"
gestureLabel: 202
fps: 30
pixelSizeInCmTemp: 3.0316455696202532e-01
faceCenterPointX: 265
faceCenterPointY: 77
headPositionsX: [ 267, 266, 268, 269, 268, 266, 266, 268, 267, 269, 267,
    268, 266, 266, 269, 267, 268, 266, 270, 268, 268, 267, 267, 268, 269,
    269, 269, 264, 268, 264, 266, 265, 263, 268, 265, 266, 266, 265, 268,
    265, 268, 265, 266, 265, 266, 267, 266, 263, 268, 265, 266, 266, 266,
    267, 267, 266, 266, 268, 265, 266, 266, 267, 266, 265, 266, 268, 264,
    267, 267, 269, 267, 268, 264, 266, 266, 263, 264, 265, 266, 265, 265,
    265, 264, 268, 264, 264, 266, 264, 267, 267, 263, 267, 267, 265, 266,
    267, 267, 266, 268, 264 ]
headPositionsY: [ 75, 73, 74, 74, 76, 76, 77, 73, 77, 77, 75, 75, 73, 73,
    77, 78, 77, 79, 80, 83, 83, 90, 93, 95, 90, 90, 89, 85, 81, 78, 73,
    71, 67, 65, 67, 68, 67, 72, 71, 79, 79, 87, 92, 90, 92, 90, 88, 84,
    82, 80, 77, 74, 72, 71, 75, 77, 80, 82, 85, 88, 86, 84, 79, 80, 75,
    72, 73, 70, 75, 77, 77, 81, 82, 87, 87, 85, 85, 84, 81, 79, 78, 78,
    78, 79, 76, 78, 81, 80, 81, 81, 80, 77, 77, 78, 77, 79, 75, 80, 78,
    77 ]
