%YAML:1.0
---
videoName: "headShake28.mp4"
gestureLabel: 201
fps: 29
pixelSizeInCmTemp: 3.2808219178082193e-01
faceCenterPointX: 242
faceCenterPointY: 80
headPositionsX: [ 240, 243, 241, 242, 242, 243, 239, 240, 238, 243, 240,
    242, 242, 240, 240, 242, 242, 243, 240, 243, 242, 242, 243, 244, 240,
    244, 240, 240, 242, 240, 244, 242, 242, 243, 241, 240, 244, 244, 242,
    244, 242, 246, 245, 243, 243, 246, 245, 244, 242, 244, 237, 237, 232,
    227, 229, 234, 241, 242, 250, 253, 255, 258, 255, 252, 248, 239, 237,
    231, 233, 233, 238, 241, 249, 251, 254, 256, 255, 250, 249, 248, 240,
    240, 239, 239, 237, 238, 239, 237, 239, 239, 245, 242, 243, 244, 244,
    240, 244, 244, 244, 240 ]
headPositionsY: [ 79, 77, 76, 78, 76, 77, 78, 76, 76, 77, 80, 76, 77, 80,
    78, 80, 78, 76, 81, 78, 81, 78, 79, 80, 79, 78, 81, 80, 78, 78, 79,
    79, 81, 77, 76, 77, 80, 80, 78, 80, 76, 76, 78, 79, 78, 79, 78, 78,
    79, 77, 78, 78, 78, 75, 76, 78, 77, 78, 79, 77, 74, 77, 76, 79, 76,
    81, 77, 77, 78, 81, 78, 79, 78, 81, 76, 77, 76, 81, 80, 78, 77, 79,
    79, 82, 76, 77, 78, 77, 79, 81, 80, 78, 80, 80, 77, 78, 81, 81, 80,
    80 ]
