%YAML:1.0
---
videoName: "headNod47.mp4"
gestureLabel: 202
fps: 29
pixelSizeInCmTemp: 3.0316455696202532e-01
faceCenterPointX: 266
faceCenterPointY: 70
headPositionsX: [ 268, 265, 269, 268, 269, 269, 268, 268, 268, 266, 265,
    266, 266, 264, 266, 264, 265, 265, 264, 266, 264, 264, 267, 266, 264,
    268, 266, 268, 264, 269, 267, 267, 267, 269, 266, 267, 269, 266, 265,
    266, 266, 266, 270, 266, 266, 264, 267, 266, 265, 265, 266, 268, 267,
    266, 268, 267, 266, 267, 265, 269, 265, 269, 266, 265, 267, 265, 266,
    268, 264, 268, 266, 266, 266, 265, 268, 265, 264, 266, 268, 265, 268,
    264, 264, 265, 266, 266, 264, 264, 265, 264, 267, 266, 268, 266, 263,
    267, 264, 266, 264, 268 ]
headPositionsY: [ 70, 60, 61, 59, 61, 57, 60, 59, 63, 66, 69, 78, 82, 82,
    80, 77, 75, 70, 69, 66, 67, 65, 66, 69, 73, 74, 77, 78, 79, 74, 73,
    73, 71, 66, 66, 70, 69, 69, 70, 74, 77, 80, 79, 78, 74, 71, 72, 67,
    69, 69, 68, 71, 70, 73, 77, 73, 75, 73, 73, 69, 70, 67, 69, 70, 70,
    68, 72, 75, 75, 72, 76, 74, 72, 72, 71, 68, 68, 70, 72, 73, 71, 72,
    74, 73, 73, 72, 73, 68, 68, 70, 72, 69, 72, 70, 70, 69, 72, 69, 69,
    73 ]
