%YAML:1.0
---
videoName: "headLookLeft5.mp4"
gestureLabel: 203
fps: 30
pixelSizeInCmTemp: 3.5746268656716418e-01
faceCenterPointX: 284
faceCenterPointY: 67
headPositionsX: [ 283, 259, 261, 262, 258, 258, 259, 261, 258, 262, 260,
    260, 260, 261, 262, 262, 264, 261, 264, 265, 262, 265, 270, 271, 273,
    275, 277, 275, 279, 281, 279, 282, 286, 282, 286, 284, 288, 284, 283,
    284, 283, 284, 284, 284, 290, 284, 285, 284, 284, 284, 287, 285, 282,
    280, 283, 285, 281, 283, 286, 285, 286, 282, 285, 285, 286, 285, 285,
    285, 283, 281, 284, 283, 285, 282, 281, 284, 286, 283, 285, 283, 287,
    288, 288, 286, 286, 284, 285, 285, 285, 287, 284, 287, 287, 286, 285,
    285, 284, 282, 284, 282 ]
headPositionsY: [ 66, 71, 71, 69, 70, 69, 71, 70, 73, 73, 73, 72, 70, 72,
    69, 69, 70, 72, 72, 73, 72, 70, 71, 69, 71, 69, 72, 68, 70, 68, 69,
    67, 70, 70, 70, 70, 69, 69, 65, 67, 70, 69, 66, 70, 66, 67, 70, 68,
    70, 69, 67, 68, 67, 69, 69, 67, 69, 70, 69, 67, 66, 66, 70, 67, 69,
    66, 66, 70, 69, 68, 67, 67, 70, 68, 66, 69, 71, 67, 69, 65, 70, 69,
    66, 66, 70, 68, 66, 68, 69, 68, 68, 70, 70, 68, 68, 69, 70, 69, 70,
    67 ]
