%YAML:1.0
---
videoName: "headShake1.mp4"
gestureLabel: 201
fps: 29
pixelSizeInCmTemp: 3.3263888888888887e-01
faceCenterPointX: 279
faceCenterPointY: 98
headPositionsX: [ 277, 281, 278, 279, 279, 282, 277, 281, 278, 277, 280,
    280, 281, 277, 280, 278, 278, 280, 281, 281, 277, 279, 279, 281, 281,
    280, 279, 282, 279, 283, 287, 290, 290, 290, 293, 294, 291, 289, 288,
    281, 277, 272, 272, 271, 269, 272, 272, 276, 278, 286, 290, 291, 290,
    293, 290, 287, 284, 281, 276, 268, 269, 266, 268, 269, 273, 279, 285,
    284, 290, 290, 291, 293, 292, 289, 282, 281, 279, 273, 272, 273, 270,
    273, 273, 274, 272, 276, 273, 275, 277, 277, 278, 279, 282, 282, 281,
    279, 280, 282, 279, 281 ]
headPositionsY: [ 100, 97, 99, 98, 96, 95, 97, 97, 98, 97, 99, 98, 97,
    100, 97, 95, 98, 99, 95, 98, 99, 97, 97, 98, 100, 95, 96, 99, 95, 98,
    99, 94, 98, 95, 97, 93, 93, 97, 94, 95, 96, 98, 96, 96, 98, 97, 96,
    97, 95, 97, 96, 96, 95, 97, 94, 97, 95, 97, 96, 96, 98, 94, 94, 94,
    99, 98, 95, 95, 95, 95, 97, 94, 97, 95, 95, 97, 96, 97, 95, 96, 98,
    97, 94, 99, 96, 96, 98, 97, 98, 95, 100, 99, 96, 96, 96, 98, 99, 99,
    98, 99 ]
