%YAML:1.0
---
videoName: "headNod16.mp4"
gestureLabel: 202
fps: 29
pixelSizeInCmTemp: 3.3263888888888887e-01
faceCenterPointX: 255
faceCenterPointY: 77
headPositionsX: [ 256, 261, 257, 260, 257, 258, 261, 260, 259, 261, 258,
    259, 259, 259, 259, 261, 258, 260, 259, 257, 261, 257, 257, 257, 257,
    256, 257, 257, 258, 259, 261, 258, 258, 257, 260, 258, 257, 260, 259,
    259, 258, 259, 259, 261, 260, 257, 258, 256, 258, 258, 255, 259, 255,
    257, 257, 257, 257, 260, 259, 258, 256, 259, 258, 256, 255, 256, 255,
    254, 253, 255, 255, 255, 257, 255, 256, 256, 254, 253, 254, 254, 253,
    255, 252, 254, 255, 255, 255, 255, 253, 254, 257, 254, 257, 254, 256,
    257, 256, 257, 255, 257 ]
headPositionsY: [ 79, 73, 73, 74, 77, 76, 75, 76, 77, 74, 74, 77, 77, 74,
    76, 72, 74, 76, 73, 76, 73, 75, 77, 77, 74, 74, 75, 76, 75, 75, 76,
    76, 77, 72, 74, 73, 72, 68, 66, 67, 70, 71, 73, 72, 77, 79, 83, 82,
    83, 81, 74, 75, 71, 69, 72, 71, 71, 74, 75, 79, 83, 83, 82, 81, 76,
    76, 75, 68, 68, 72, 70, 75, 74, 81, 81, 77, 79, 77, 77, 72, 71, 68,
    68, 72, 70, 71, 76, 78, 80, 76, 78, 76, 78, 79, 73, 75, 75, 76, 77,
    79 ]
