%YAML:1.0
---
videoName: "headLookRight5.mp4"
gestureLabel: 204
fps: 29
pixelSizeInCmTemp: 3.1513157894736843e-01
faceCenterPointX: 228
faceCenterPointY: 76
headPositionsX: [ 228, 250, 248, 250, 248, 250, 251, 248, 250, 251, 247,
    247, 249, 250, 249, 250, 248, 249, 247, 250, 246, 249, 251, 250, 247,
    250, 251, 247, 251, 248, 248, 248, 245, 243, 243, 243, 236, 235, 232,
    230, 228, 228, 226, 225, 227, 227, 227, 222, 225, 227, 226, 226, 221,
    226, 227, 227, 225, 227, 226, 226, 225, 224, 227, 224, 225, 226, 227,
    227, 226, 227, 225, 222, 224, 228, 224, 227, 229, 229, 224, 224, 221,
    226, 228, 224, 224, 228, 226, 221, 225, 225, 224, 225, 226, 229, 226,
    224, 225, 223, 226, 223 ]
headPositionsY: [ 78, 74, 72, 73, 76, 77, 72, 75, 75, 74, 74, 75, 75, 72,
    75, 73, 74, 74, 73, 76, 73, 72, 76, 74, 72, 73, 75, 73, 75, 74, 73,
    77, 77, 74, 75, 73, 75, 73, 76, 72, 72, 74, 74, 75, 72, 75, 74, 72,
    75, 73, 71, 76, 72, 76, 74, 75, 76, 76, 77, 74, 76, 73, 73, 75, 73,
    77, 76, 72, 73, 72, 74, 75, 72, 76, 73, 73, 75, 73, 73, 72, 77, 75,
    77, 73, 74, 75, 74, 74, 72, 75, 72, 75, 76, 75, 71, 73, 76, 76, 73,
    75 ]
