%YAML:1.0
---
videoName: "headLookRight5.mp4"
gestureLabel: 204
fps: 29
pixelSizeInCmTemp: 3.1513157894736843e-01
faceCenterPointX: 228
faceCenterPointY: 76
headPositionsX: [ 227, 252, 248, 249, 250, 249, 247, 249, 248, 247, 249,
    251, 248, 248, 250, 249, 248, 252, 251, 248, 246, 251, 250, 250, 251,
    250, 251, 249, 252, 249, 250, 246, 246, 243, 243, 239, 240, 236, 234,
    229, 229, 229, 227, 226, 225, 228, 223, 222, 224, 229, 224, 224, 221,
    227, 227, 226, 224, 225, 224, 225, 226, 221, 227, 224, 229, 228, 227,
    228, 226, 229, 226, 225, 225, 229, 227, 224, 225, 227, 224, 222, 222,
    225, 225, 224, 223, 224, 229, 224, 224, 227, 224, 228, 225, 229, 224,
    225, 224, 225, 223, 225 ]
headPositionsY: [ 77, 72, 76, 75, 74, 76, 72, 76, 77, 75, 76, 73, 76, 73,
    77, 74, 73, 76, 75, 76, 73, 74, 76, 76, 72, 73, 76, 77, 73, 73, 76,
    73, 75, 76, 74, 75, 72, 74, 75, 74, 73, 72, 74, 77, 76, 77, 74, 76,
    75, 77, 75, 73, 72, 73, 76, 75, 74, 73, 73, 75, 77, 74, 73, 72, 74,
    77, 76, 76, 76, 72, 73, 76, 74, 75, 71, 71, 74, 74, 75, 72, 75, 73,
    73, 74, 75, 77, 72, 74, 75, 77, 71, 73, 74, 76, 73, 74, 74, 75, 76,
    72 ]
