%YAML:1.0
---
videoName: "headLookLeft2.mp4"
gestureLabel: 203
fps: 29
pixelSizeInCmTemp: 3.6846153846153845e-01
faceCenterPointX: 278
faceCenterPointY: 74
headPositionsX: [ 280, 256, 259, 261, 257, 261, 257, 261, 258, 259, 262,
    261, 257, 258, 259, 261, 261, 261, 261, 264, 261, 263, 266, 269, 267,
    272, 271, 271, 273, 275, 278, 278, 277, 278, 277, 280, 280, 279, 277,
    277, 280, 282, 280, 279, 281, 279, 282, 280, 285, 278, 282, 280, 281,
    282, 278, 278, 278, 272, 280, 281, 284, 277, 281, 278, 280, 280, 278,
    285, 283, 282, 279, 282, 279, 277, 279, 283, 279, 279, 280, 279, 278,
    278, 278, 278, 280, 277, 282, 281, 279, 281, 281, 278, 282, 278, 279,
    280, 279, 282, 285, 281 ]
headPositionsY: [ 76, 76, 73, 76, 73, 73, 78, 76, 77, 78, 75, 78, 73, 74,
    77, 75, 75, 73, 76, 78, 76, 76, 76, 74, 76, 77, 73, 78, 77, 74, 74,
    73, 74, 74, 74, 75, 73, 75, 77, 73, 74, 73, 77, 76, 74, 73, 77, 74,
    75, 73, 72, 74, 73, 77, 72, 76, 72, 75, 75, 76, 73, 72, 75, 76, 73,
    72, 75, 78, 75, 72, 72, 74, 77, 71, 71, 75, 72, 77, 72, 74, 72, 74,
    74, 74, 74, 71, 74, 73, 75, 75, 74, 76, 78, 75, 74, 75, 73, 73, 75,
    71 ]
