%YAML:1.0
---
videoName: "headLookLeft1.mp4"
gestureLabel: 203
fps: 30
pixelSizeInCmTemp: 3.6287878787878786e-01
faceCenterPointX: 276
faceCenterPointY: 73
headPositionsX: [ 278, 257, 255, 254, 256, 255, 258, 258, 256, 255, 254,
    257, 254, 258, 254, 254, 256, 255, 256, 257, 255, 257, 257, 254, 256,
    256, 254, 255, 257, 256, 257, 256, 258, 254, 256, 255, 254, 257, 259,
    257, 258, 255, 253, 256, 255, 256, 255, 254, 254, 254, 254, 257, 253,
    256, 253, 257, 258, 256, 255, 261, 261, 263, 261, 264, 268, 269, 270,
    273, 272, 273, 276, 279, 272, 273, 272, 278, 276, 278, 275, 277, 282,
    280, 279, 281, 277, 276, 275, 282, 278, 276, 280, 279, 279, 276, 272,
    276, 276, 278, 276, 275 ]
headPositionsY: [ 71, 77, 77, 75, 76, 76, 75, 78, 77, 73, 74, 76, 73, 78,
    77, 75, 77, 76, 79, 78, 75, 77, 76, 79, 75, 76, 77, 79, 78, 79, 76,
    79, 78, 81, 76, 79, 77, 80, 76, 78, 77, 78, 79, 76, 76, 81, 77, 80,
    80, 80, 77, 78, 80, 76, 79, 78, 79, 78, 78, 80, 80, 80, 77, 77, 77,
    75, 75, 77, 75, 81, 74, 75, 73, 74, 74, 77, 74, 77, 79, 78, 75, 73,
    74, 73, 75, 74, 76, 75, 74, 77, 73, 76, 75, 73, 73, 74, 75, 75, 76,
    74 ]
