%YAML:1.0
---
videoName: "headShake23.mp4"
gestureLabel: 201
fps: 29
pixelSizeInCmTemp: 3.2808219178082193e-01
faceCenterPointX: 240
faceCenterPointY: 77
headPositionsX: [ 241, 241, 241, 243, 240, 244, 240, 241, 240, 241, 241,
    243, 240, 240, 239, 239, 243, 240, 237, 237, 239, 239, 245, 244, 251,
    252, 254, 255, 253, 256, 253, 253, 251, 248, 247, 247, 241, 239, 234,
    230, 233, 229, 231, 227, 230, 232, 230, 235, 238, 237, 240, 245, 246,
    251, 253, 253, 252, 252, 254, 251, 252, 251, 247, 244, 244, 240, 239,
    235, 235, 234, 234, 236, 233, 235, 233, 235, 237, 237, 236, 239, 241,
    242, 242, 240, 245, 244, 241, 244, 245, 246, 243, 244, 245, 244, 244,
    242, 245, 244, 241, 242 ]
headPositionsY: [ 79, 76, 79, 75, 75, 79, 79, 77, 78, 77, 79, 79, 78, 76,
    78, 77, 76, 77, 76, 78, 78, 76, 79, 76, 77, 74, 74, 78, 77, 77, 74,
    75, 78, 75, 77, 78, 76, 77, 76, 76, 75, 78, 76, 78, 77, 79, 80, 80,
    76, 76, 79, 77, 76, 78, 77, 77, 74, 78, 76, 75, 79, 79, 79, 81, 80,
    80, 80, 79, 79, 80, 78, 77, 80, 77, 79, 78, 77, 76, 79, 78, 76, 76,
    75, 77, 77, 79, 76, 80, 76, 77, 77, 76, 77, 76, 78, 76, 78, 78, 75,
    76 ]
