%YAML:1.0
---
videoName: "headLookUp1.mp4"
gestureLabel: 205
fps: 29
pixelSizeInCmTemp: 3.7421874999999999e-01
faceCenterPointX: 258
faceCenterPointY: 66
headPositionsX: [ 259, 259, 257, 259, 260, 257, 259, 257, 258, 259, 259,
    259, 258, 261, 258, 261, 262, 260, 259, 261, 259, 260, 256, 258, 257,
    257, 262, 261, 256, 257, 258, 258, 258, 260, 258, 259, 256, 257, 259,
    257, 258, 257, 261, 260, 257, 256, 260, 261, 258, 260, 259, 258, 259,
    259, 260, 254, 260, 255, 259, 256, 257, 257, 261, 259, 254, 257, 259,
    260, 257, 256, 256, 260, 258, 257, 257, 256, 261, 257, 259, 260, 261,
    256, 262, 257, 258, 261, 257, 257, 256, 257, 260, 259, 256, 257, 257,
    255, 258, 256, 256, 259 ]
headPositionsY: [ 68, 81, 80, 82, 84, 81, 81, 80, 82, 80, 82, 82, 81, 83,
    78, 79, 81, 82, 83, 82, 80, 84, 81, 81, 79, 81, 79, 80, 79, 79, 82,
    83, 81, 79, 80, 80, 81, 80, 78, 82, 78, 77, 78, 75, 76, 72, 68, 70,
    67, 68, 67, 65, 63, 64, 68, 65, 66, 65, 64, 62, 68, 65, 69, 66, 65,
    64, 64, 63, 66, 65, 65, 67, 64, 64, 68, 63, 64, 65, 65, 66, 67, 64,
    65, 65, 66, 67, 67, 64, 64, 63, 62, 69, 68, 65, 67, 63, 63, 66, 64,
    65 ]
