%YAML:1.0
---
videoName: "headNod22.mp4"
gestureLabel: 202
fps: 29
pixelSizeInCmTemp: 3.1513157894736843e-01
faceCenterPointX: 252
faceCenterPointY: 80
headPositionsX: [ 252, 252, 254, 251, 253, 251, 251, 254, 252, 254, 251,
    255, 251, 252, 254, 252, 253, 254, 254, 255, 251, 253, 255, 254, 252,
    253, 252, 252, 253, 253, 254, 256, 251, 253, 252, 255, 255, 255, 256,
    254, 255, 254, 252, 256, 251, 255, 251, 254, 251, 250, 252, 251, 250,
    251, 250, 253, 251, 249, 252, 253, 254, 253, 251, 250, 251, 254, 254,
    251, 253, 252, 255, 250, 252, 255, 254, 252, 253, 254, 250, 255, 251,
    250, 252, 252, 252, 255, 250, 250, 251, 253, 252, 251, 254, 252, 249,
    253, 251, 253, 252, 251 ]
headPositionsY: [ 79, 80, 79, 76, 78, 77, 80, 78, 78, 78, 77, 80, 76, 81,
    77, 80, 79, 79, 80, 81, 80, 82, 82, 82, 81, 84, 81, 84, 80, 77, 78,
    72, 71, 69, 69, 74, 75, 77, 81, 82, 87, 81, 79, 75, 72, 72, 71, 71,
    70, 76, 76, 78, 84, 84, 88, 83, 80, 76, 77, 75, 73, 73, 75, 72, 77,
    77, 81, 79, 79, 78, 78, 76, 77, 75, 75, 80, 79, 80, 80, 81, 77, 77,
    77, 79, 77, 80, 82, 83, 81, 81, 77, 78, 80, 80, 82, 82, 79, 80, 82,
    81 ]
