%YAML:1.0
---
videoName: "headShake3.mp4"
gestureLabel: 201
fps: 30
pixelSizeInCmTemp: 3.3263888888888887e-01
faceCenterPointX: 240
faceCenterPointY: 101
headPositionsX: [ 238, 240, 242, 241, 241, 240, 244, 241, 240, 241, 239,
    240, 241, 242, 243, 243, 240, 243, 242, 243, 243, 243, 243, 239, 239,
    240, 242, 239, 241, 240, 237, 237, 238, 242, 247, 247, 254, 255, 255,
    257, 253, 253, 250, 241, 239, 232, 228, 229, 228, 231, 234, 240, 243,
    246, 251, 253, 248, 248, 244, 239, 235, 229, 226, 225, 224, 225, 231,
    232, 238, 241, 247, 247, 243, 247, 243, 241, 240, 238, 235, 233, 232,
    232, 234, 236, 232, 235, 237, 236, 238, 240, 239, 242, 238, 240, 238,
    243, 241, 239, 241, 242 ]
headPositionsY: [ 102, 100, 97, 100, 101, 99, 99, 96, 99, 98, 97, 98, 98,
    97, 97, 97, 98, 99, 101, 98, 101, 99, 100, 101, 98, 100, 101, 100,
    100, 101, 98, 100, 98, 97, 96, 97, 97, 96, 99, 98, 100, 97, 99, 100,
    98, 101, 97, 99, 98, 101, 96, 101, 100, 98, 100, 100, 100, 98, 101,
    101, 97, 96, 98, 98, 96, 96, 97, 97, 99, 99, 99, 100, 98, 97, 101,
    98, 99, 102, 101, 98, 100, 97, 99, 100, 98, 98, 98, 101, 98, 101,
    101, 99, 100, 98, 102, 103, 100, 99, 101, 102 ]
