%YAML:1.0
---
videoName: "headShake48.mp4"
gestureLabel: 201
fps: 29
pixelSizeInCmTemp: 3.1103896103896100e-01
faceCenterPointX: 258
faceCenterPointY: 85
headPositionsX: [ 256, 259, 259, 260, 258, 260, 258, 258, 261, 259, 259,
    262, 259, 262, 258, 261, 261, 261, 260, 258, 258, 260, 259, 259, 261,
    258, 258, 257, 256, 259, 262, 261, 260, 259, 259, 261, 265, 267, 270,
    276, 277, 273, 271, 269, 262, 256, 251, 248, 247, 250, 253, 260, 263,
    267, 267, 267, 266, 258, 253, 249, 250, 250, 251, 258, 260, 264, 269,
    265, 263, 264, 258, 250, 251, 246, 249, 253, 256, 260, 262, 266, 266,
    265, 264, 264, 264, 258, 258, 260, 259, 260, 259, 257, 260, 256, 260,
    259, 260, 261, 261, 259 ]
headPositionsY: [ 84, 78, 77, 79, 79, 80, 81, 77, 77, 81, 80, 79, 78, 82,
    79, 78, 81, 78, 82, 79, 83, 80, 82, 82, 79, 83, 79, 83, 79, 82, 84,
    83, 82, 80, 83, 82, 80, 82, 83, 83, 82, 81, 86, 87, 85, 81, 84, 81,
    82, 85, 82, 83, 84, 88, 85, 85, 86, 87, 84, 88, 87, 85, 86, 89, 88,
    87, 87, 88, 88, 87, 87, 86, 85, 85, 88, 84, 86, 86, 84, 86, 83, 86,
    87, 85, 87, 87, 85, 84, 85, 87, 85, 83, 87, 85, 86, 83, 87, 84, 85,
    87 ]
