%YAML:1.0
---
videoName: "headShake19.mp4"
gestureLabel: 201
fps: 29
pixelSizeInCmTemp: 3.1933333333333330e-01
faceCenterPointX: 243
faceCenterPointY: 78
headPositionsX: [ 243, 245, 243, 243, 241, 241, 241, 244, 241, 242, 242,
    245, 241, 245, 242, 245, 245, 244, 245, 243, 243, 242, 243, 244, 240,
    245, 243, 243, 243, 242, 240, 242, 240, 241, 241, 240, 237, 235, 236,
    232, 233, 233, 240, 245, 247, 251, 254, 255, 257, 253, 250, 246, 237,
    233, 231, 229, 232, 234, 240, 240, 243, 249, 246, 247, 244, 244, 241,
    240, 237, 234, 238, 236, 239, 241, 242, 243, 246, 245, 244, 245, 245,
    245, 240, 240, 239, 239, 240, 238, 238, 238, 241, 241, 243, 242, 244,
    241, 245, 241, 243, 245 ]
headPositionsY: [ 76, 78, 76, 76, 77, 75, 76, 77, 78, 77, 77, 76, 76, 76,
    76, 77, 78, 75, 76, 77, 75, 77, 77, 76, 79, 79, 75, 75, 75, 77, 76,
    78, 74, 75, 78, 76, 75, 76, 78, 75, 79, 76, 76, 75, 77, 78, 77, 74,
    76, 77, 75, 79, 78, 76, 75, 75, 75, 76, 79, 79, 77, 75, 75, 76, 77,
    80, 78, 78, 76, 78, 75, 78, 79, 75, 75, 77, 77, 78, 79, 76, 80, 78,
    75, 77, 79, 77, 79, 78, 77, 78, 76, 76, 76, 76, 78, 77, 77, 78, 78,
    76 ]
