%YAML:1.0
---
videoName: "headLookUp6.mp4"
gestureLabel: 205
fps: 30
pixelSizeInCmTemp: 3.7421874999999999e-01
faceCenterPointX: 255
faceCenterPointY: 70
headPositionsX: [ 254, 257, 255, 255, 256, 256, 257, 257, 257, 254, 258,
    254, 257, 254, 257, 255, 257, 257, 253, 257, 254, 257, 258, 256, 253,
    256, 258, 257, 255, 258, 256, 256, 258, 253, 254, 253, 253, 257, 257,
    257, 254, 253, 254, 255, 253, 255, 251, 257, 256, 256, 254, 254, 255,
    253, 253, 254, 252, 256, 255, 255, 253, 256, 256, 253, 255, 255, 256,
    257, 257, 253, 252, 255, 255, 254, 255, 256, 254, 252, 255, 253, 256,
    254, 257, 256, 257, 253, 253, 252, 253, 255, 256, 254, 257, 253, 253,
    256, 254, 254, 255, 255 ]
headPositionsY: [ 68, 81, 81, 85, 81, 84, 83, 81, 84, 85, 84, 85, 86, 82,
    81, 85, 81, 81, 84, 81, 81, 82, 81, 80, 80, 82, 81, 78, 76, 76, 71,
    72, 70, 72, 69, 69, 71, 68, 69, 68, 70, 70, 70, 66, 71, 67, 65, 70,
    71, 69, 66, 69, 68, 70, 67, 68, 71, 69, 70, 68, 70, 69, 69, 68, 68,
    68, 68, 70, 67, 71, 69, 69, 70, 69, 70, 67, 67, 71, 68, 70, 70, 67,
    70, 70, 68, 70, 70, 68, 70, 69, 70, 72, 72, 72, 69, 69, 69, 70, 70,
    67 ]
