%YAML:1.0
---
videoName: "headShake29.mp4"
gestureLabel: 201
fps: 29
pixelSizeInCmTemp: 3.3263888888888887e-01
faceCenterPointX: 243
faceCenterPointY: 76
headPositionsX: [ 245, 240, 240, 244, 242, 244, 241, 244, 242, 242, 240,
    243, 241, 244, 243, 242, 241, 243, 242, 242, 245, 243, 242, 240, 242,
    238, 237, 239, 236, 237, 244, 248, 250, 251, 256, 254, 256, 250, 250,
    243, 238, 234, 229, 228, 226, 228, 233, 237, 242, 248, 250, 253, 250,
    253, 248, 246, 243, 239, 233, 233, 231, 227, 231, 234, 240, 239, 244,
    249, 251, 254, 250, 249, 250, 244, 243, 241, 239, 235, 236, 233, 234,
    232, 237, 235, 237, 237, 240, 239, 243, 244, 241, 241, 244, 241, 245,
    242, 243, 243, 240, 243 ]
headPositionsY: [ 78, 77, 73, 74, 77, 76, 73, 74, 78, 76, 77, 74, 75, 74,
    76, 74, 74, 78, 76, 77, 77, 77, 75, 74, 76, 76, 74, 77, 75, 76, 76,
    78, 76, 76, 75, 74, 77, 73, 73, 76, 78, 74, 74, 75, 74, 75, 76, 74,
    76, 77, 77, 75, 77, 75, 77, 79, 78, 78, 75, 75, 77, 78, 78, 74, 78,
    77, 79, 75, 74, 77, 73, 75, 75, 77, 78, 77, 74, 75, 78, 77, 74, 78,
    74, 76, 79, 78, 75, 75, 76, 77, 75, 80, 78, 78, 79, 76, 76, 76, 77,
    77 ]
