%YAML:1.0
---
videoName: "headShake42.mp4"
gestureLabel: 201
fps: 29
pixelSizeInCmTemp: 3.2808219178082193e-01
faceCenterPointX: 257
faceCenterPointY: 85
headPositionsX: [ 259, 274, 275, 274, 279, 277, 276, 276, 274, 274, 273,
    268, 267, 264, 258, 257, 250, 250, 246, 243, 242, 245, 245, 242, 244,
    243, 247, 249, 252, 259, 264, 269, 271, 275, 279, 282, 277, 278, 276,
    275, 273, 272, 267, 267, 264, 258, 254, 253, 252, 250, 246, 244, 247,
    246, 245, 248, 249, 251, 253, 257, 260, 263, 263, 263, 268, 268, 266,
    268, 267, 269, 270, 267, 265, 266, 264, 264, 263, 261, 261, 261, 260,
    257, 255, 258, 255, 254, 258, 254, 254, 259, 257, 258, 258, 255, 257,
    259, 257, 256, 256, 259 ]
headPositionsY: [ 87, 84, 82, 82, 83, 82, 83, 84, 80, 80, 82, 82, 86, 84,
    86, 84, 83, 82, 85, 82, 82, 83, 87, 84, 86, 84, 83, 87, 87, 86, 83,
    83, 83, 80, 81, 84, 82, 85, 84, 85, 85, 87, 86, 84, 89, 87, 88, 87,
    86, 85, 85, 86, 85, 88, 86, 84, 86, 85, 86, 84, 86, 85, 85, 87, 84,
    88, 85, 84, 84, 85, 86, 84, 87, 86, 86, 84, 86, 86, 85, 83, 84, 88,
    83, 86, 85, 85, 83, 84, 84, 84, 86, 85, 84, 85, 84, 85, 84, 85, 86,
    84 ]
