%YAML:1.0
---
videoName: "headLookRight6.mp4"
gestureLabel: 204
fps: 29
pixelSizeInCmTemp: 3.8015873015873014e-01
faceCenterPointX: 226
faceCenterPointY: 72
headPositionsX: [ 228, 250, 250, 249, 247, 248, 249, 251, 251, 247, 247,
    251, 250, 250, 252, 251, 248, 248, 249, 253, 248, 250, 252, 248, 253,
    248, 252, 250, 250, 250, 249, 249, 247, 251, 248, 248, 241, 238, 236,
    236, 232, 230, 229, 231, 226, 226, 225, 225, 222, 225, 226, 227, 226,
    227, 225, 228, 228, 225, 229, 226, 229, 228, 228, 226, 226, 226, 227,
    226, 230, 228, 229, 225, 226, 230, 228, 225, 226, 226, 226, 227, 224,
    226, 226, 224, 223, 227, 230, 230, 225, 224, 226, 225, 228, 224, 228,
    230, 226, 229, 226, 225 ]
headPositionsY: [ 73, 70, 69, 71, 73, 70, 73, 75, 72, 72, 72, 71, 75, 75,
    73, 73, 74, 72, 74, 73, 76, 75, 76, 73, 75, 72, 76, 74, 72, 74, 75,
    75, 75, 74, 73, 74, 72, 75, 74, 75, 72, 72, 71, 75, 75, 73, 71, 71,
    76, 76, 77, 72, 74, 75, 74, 76, 75, 74, 74, 77, 75, 75, 74, 71, 75,
    73, 73, 75, 75, 73, 73, 74, 74, 75, 74, 73, 70, 73, 76, 75, 75, 76,
    74, 71, 72, 72, 77, 77, 74, 75, 72, 73, 74, 73, 70, 73, 69, 74, 76,
    71 ]
