%YAML:1.0
---
videoName: "headShake28.mp4"
gestureLabel: 201
fps: 29
pixelSizeInCmTemp: 3.2808219178082193e-01
faceCenterPointX: 242
faceCenterPointY: 80
headPositionsX: [ 241, 241, 241, 241, 239, 240, 241, 240, 240, 239, 243,
    240, 243, 240, 244, 242, 243, 243, 241, 244, 241, 243, 243, 241, 241,
    241, 242, 240, 242, 244, 243, 241, 240, 240, 244, 240, 242, 243, 241,
    243, 245, 245, 246, 242, 243, 246, 244, 246, 244, 244, 239, 233, 234,
    229, 232, 232, 239, 243, 248, 254, 255, 254, 255, 248, 245, 243, 238,
    232, 233, 237, 237, 245, 247, 250, 253, 254, 254, 249, 247, 246, 240,
    240, 238, 237, 234, 236, 239, 238, 238, 240, 244, 242, 240, 243, 242,
    240, 244, 241, 244, 240 ]
headPositionsY: [ 79, 76, 79, 75, 75, 75, 76, 78, 76, 79, 78, 76, 76, 80,
    77, 79, 77, 76, 77, 79, 80, 80, 77, 80, 77, 79, 79, 79, 79, 78, 80,
    79, 77, 75, 80, 80, 77, 76, 79, 77, 80, 79, 79, 76, 76, 78, 77, 75,
    76, 77, 79, 79, 75, 78, 78, 79, 80, 76, 76, 78, 75, 78, 77, 77, 77,
    78, 79, 80, 76, 79, 78, 78, 76, 77, 75, 77, 79, 78, 78, 78, 77, 78,
    78, 79, 80, 78, 78, 77, 81, 79, 78, 80, 80, 81, 80, 81, 78, 79, 79,
    80 ]
