%YAML:1.0
---
videoName: "headNod31.mp4"
gestureLabel: 202
fps: 29
pixelSizeInCmTemp: 2.8855421686746985e-01
faceCenterPointX: 267
faceCenterPointY: 75
headPositionsX: [ 267, 269, 272, 271, 272, 272, 270, 268, 271, 272, 270,
    272, 270, 268, 270, 269, 270, 269, 268, 267, 266, 265, 269, 267, 268,
    267, 264, 267, 270, 267, 267, 270, 270, 270, 271, 268, 269, 270, 268,
    268, 269, 267, 266, 265, 264, 265, 269, 268, 269, 266, 269, 269, 267,
    268, 268, 266, 268, 265, 266, 265, 268, 266, 265, 266, 268, 269, 267,
    265, 269, 267, 268, 264, 264, 268, 265, 265, 264, 266, 267, 266, 267,
    264, 264, 264, 266, 268, 267, 267, 266, 266, 268, 266, 268, 268, 266,
    269, 266, 269, 266, 265 ]
headPositionsY: [ 76, 75, 75, 76, 73, 72, 75, 68, 68, 68, 68, 65, 65, 64,
    74, 80, 82, 84, 87, 84, 85, 81, 80, 79, 74, 70, 73, 72, 69, 67, 68,
    69, 75, 77, 78, 81, 85, 85, 86, 85, 84, 84, 82, 76, 76, 74, 75, 73,
    77, 78, 81, 85, 85, 84, 85, 82, 80, 75, 73, 73, 73, 68, 67, 69, 70,
    72, 75, 75, 79, 80, 81, 77, 76, 77, 76, 72, 73, 70, 71, 74, 72, 77,
    74, 76, 77, 77, 79, 77, 77, 72, 73, 75, 76, 74, 76, 74, 77, 78, 78,
    75 ]
