%YAML:1.0
---
videoName: "headLookRight3.mp4"
gestureLabel: 204
fps: 29
pixelSizeInCmTemp: 3.5746268656716418e-01
faceCenterPointX: 232
faceCenterPointY: 71
headPositionsX: [ 233, 253, 255, 254, 253, 251, 253, 254, 253, 252, 254,
    252, 254, 255, 256, 252, 254, 254, 252, 257, 254, 256, 255, 257, 255,
    253, 253, 253, 253, 255, 256, 253, 253, 257, 253, 255, 256, 255, 255,
    250, 250, 250, 245, 246, 243, 243, 237, 238, 233, 234, 236, 233, 234,
    231, 232, 234, 234, 233, 234, 235, 232, 231, 232, 232, 231, 229, 233,
    233, 234, 231, 233, 235, 230, 234, 234, 232, 235, 233, 230, 228, 238,
    233, 235, 231, 234, 231, 231, 232, 234, 231, 233, 233, 231, 233, 234,
    233, 234, 233, 238, 233 ]
headPositionsY: [ 73, 67, 69, 68, 67, 72, 70, 71, 68, 71, 72, 72, 71, 68,
    71, 70, 72, 69, 72, 73, 69, 73, 73, 71, 74, 70, 71, 72, 71, 71, 71,
    72, 71, 73, 69, 72, 70, 73, 72, 69, 73, 71, 69, 72, 68, 71, 70, 69,
    70, 71, 73, 73, 73, 73, 69, 70, 69, 72, 70, 72, 71, 70, 72, 73, 70,
    73, 72, 70, 71, 74, 70, 71, 74, 70, 70, 72, 71, 70, 73, 70, 71, 70,
    72, 74, 74, 71, 71, 69, 73, 69, 69, 69, 73, 69, 70, 73, 73, 70, 73,
    72 ]
