%YAML:1.0
---
videoName: "headNod5.mp4"
gestureLabel: 202
fps: 29
pixelSizeInCmTemp: 3.1513157894736843e-01
faceCenterPointX: 263
faceCenterPointY: 75
headPositionsX: [ 264, 263, 261, 261, 262, 264, 263, 262, 262, 264, 260,
    263, 261, 261, 262, 265, 263, 266, 264, 262, 264, 264, 267, 266, 264,
    264, 263, 263, 264, 263, 265, 264, 266, 263, 264, 268, 267, 266, 267,
    265, 265, 267, 267, 267, 266, 267, 266, 263, 265, 265, 267, 264, 263,
    262, 265, 263, 263, 264, 264, 265, 264, 264, 263, 263, 263, 265, 264,
    266, 263, 265, 266, 264, 267, 266, 262, 264, 266, 262, 266, 264, 262,
    262, 262, 265, 265, 260, 263, 261, 263, 263, 265, 265, 263, 263, 263,
    262, 262, 261, 261, 262 ]
headPositionsY: [ 76, 73, 73, 75, 73, 71, 74, 73, 76, 76, 77, 72, 76, 76,
    73, 75, 75, 76, 77, 76, 74, 74, 76, 75, 75, 75, 77, 76, 74, 74, 76,
    76, 76, 75, 79, 75, 76, 77, 80, 76, 75, 78, 75, 75, 75, 75, 78, 78,
    76, 80, 80, 81, 83, 83, 85, 81, 80, 79, 74, 73, 78, 76, 79, 84, 88,
    86, 87, 80, 78, 77, 76, 73, 79, 81, 83, 84, 86, 85, 83, 80, 77, 72,
    76, 75, 75, 77, 78, 82, 82, 81, 78, 80, 74, 74, 75, 74, 74, 76, 75,
    75 ]
