%YAML:1.0
---
videoName: "headNod10.mp4"
gestureLabel: 202
fps: 29
pixelSizeInCmTemp: 3.2808219178082193e-01
faceCenterPointX: 260
faceCenterPointY: 67
headPositionsX: [ 262, 260, 260, 257, 257, 257, 256, 258, 258, 256, 260,
    257, 260, 256, 258, 258, 256, 260, 257, 256, 258, 256, 261, 257, 261,
    258, 260, 261, 259, 258, 259, 260, 260, 261, 256, 260, 260, 260, 257,
    261, 260, 259, 261, 260, 261, 260, 258, 259, 259, 261, 261, 258, 259,
    258, 262, 260, 260, 257, 257, 259, 263, 258, 259, 262, 259, 259, 262,
    260, 258, 261, 260, 258, 260, 260, 261, 260, 257, 258, 259, 259, 256,
    260, 259, 257, 260, 261, 261, 259, 259, 259, 260, 262, 257, 262, 262,
    259, 261, 261, 260, 263 ]
headPositionsY: [ 69, 72, 70, 68, 70, 72, 68, 69, 71, 70, 71, 72, 70, 68,
    69, 68, 68, 68, 72, 69, 71, 70, 71, 68, 68, 72, 70, 70, 69, 70, 72,
    69, 71, 69, 70, 69, 72, 71, 69, 71, 72, 73, 71, 71, 66, 67, 65, 64,
    60, 61, 65, 66, 68, 71, 73, 72, 71, 70, 67, 67, 65, 66, 63, 65, 67,
    68, 70, 74, 75, 76, 75, 74, 68, 67, 67, 64, 66, 69, 68, 74, 73, 76,
    76, 73, 72, 71, 66, 69, 66, 67, 66, 65, 68, 68, 66, 67, 66, 69, 68,
    70 ]
