%YAML:1.0
---
videoName: "headNod28.mp4"
gestureLabel: 202
fps: 30
pixelSizeInCmTemp: 3.2364864864864862e-01
faceCenterPointX: 270
faceCenterPointY: 76
headPositionsX: [ 272, 272, 272, 270, 272, 274, 271, 269, 273, 274, 270,
    270, 272, 268, 270, 272, 270, 269, 273, 271, 273, 272, 269, 271, 268,
    272, 271, 268, 270, 272, 270, 270, 268, 271, 268, 273, 273, 271, 272,
    272, 272, 270, 271, 270, 268, 270, 271, 272, 272, 271, 269, 271, 268,
    272, 270, 269, 268, 271, 268, 269, 272, 271, 272, 272, 271, 271, 270,
    273, 273, 271, 270, 273, 269, 273, 269, 269, 274, 271, 272, 269, 271,
    270, 272, 269, 270, 268, 272, 271, 272, 270, 272, 272, 274, 269, 271,
    273, 269, 271, 269, 272 ]
headPositionsY: [ 74, 74, 74, 74, 76, 74, 75, 76, 74, 74, 73, 76, 77, 72,
    76, 77, 72, 75, 75, 74, 77, 77, 75, 77, 73, 72, 74, 76, 72, 73, 76,
    77, 76, 74, 72, 75, 76, 76, 75, 74, 75, 76, 77, 80, 79, 85, 82, 78,
    79, 78, 74, 74, 70, 73, 69, 73, 71, 76, 73, 78, 79, 83, 78, 78, 77,
    76, 71, 72, 73, 70, 73, 75, 80, 82, 79, 80, 82, 75, 73, 73, 71, 75,
    73, 73, 73, 80, 78, 80, 76, 77, 76, 77, 74, 76, 73, 76, 78, 77, 74,
    76 ]
