%YAML:1.0
---
videoName: "headLookLeft2.mp4"
gestureLabel: 203
fps: 29
pixelSizeInCmTemp: 3.6846153846153845e-01
faceCenterPointX: 278
faceCenterPointY: 74
headPositionsX: [ 280, 256, 261, 259, 258, 260, 260, 260, 260, 259, 260,
    258, 259, 259, 260, 260, 262, 262, 263, 261, 264, 267, 268, 265, 266,
    269, 270, 271, 272, 277, 279, 276, 277, 280, 276, 279, 277, 279, 277,
    277, 277, 279, 284, 282, 278, 280, 283, 283, 287, 278, 280, 282, 280,
    279, 278, 281, 280, 271, 277, 281, 282, 278, 278, 282, 281, 280, 280,
    283, 280, 281, 279, 282, 281, 274, 275, 280, 279, 279, 278, 280, 278,
    279, 280, 281, 283, 276, 282, 277, 278, 281, 282, 278, 282, 278, 277,
    277, 279, 279, 289, 278 ]
headPositionsY: [ 76, 73, 77, 77, 75, 77, 75, 75, 74, 78, 77, 78, 76, 74,
    78, 74, 75, 74, 79, 78, 73, 78, 74, 74, 76, 73, 76, 75, 77, 75, 73,
    76, 74, 73, 71, 77, 75, 72, 73, 75, 76, 74, 74, 72, 73, 75, 73, 77,
    74, 75, 72, 74, 73, 73, 73, 73, 72, 76, 71, 77, 74, 72, 73, 72, 73,
    75, 75, 77, 76, 73, 76, 76, 76, 72, 73, 73, 72, 76, 74, 75, 75, 72,
    72, 75, 73, 73, 76, 72, 76, 73, 75, 72, 76, 75, 73, 72, 72, 75, 78,
    73 ]
