%YAML:1.0
---
videoName: "headShake49.mp4"
gestureLabel: 201
fps: 30
pixelSizeInCmTemp: 2.8855421686746985e-01
faceCenterPointX: 259
faceCenterPointY: 84
headPositionsX: [ 260, 259, 258, 259, 259, 259, 263, 262, 261, 262, 262,
    259, 261, 263, 260, 259, 259, 261, 260, 261, 261, 263, 261, 261, 259,
    262, 263, 258, 262, 263, 260, 260, 263, 267, 269, 274, 277, 281, 283,
    282, 281, 277, 273, 264, 261, 252, 248, 248, 252, 255, 263, 270, 273,
    272, 274, 267, 260, 256, 252, 251, 246, 253, 255, 261, 263, 272, 268,
    268, 263, 260, 254, 255, 256, 257, 256, 262, 268, 269, 269, 267, 265,
    261, 262, 260, 260, 255, 259, 261, 258, 258, 258, 262, 258, 262, 261,
    257, 258, 257, 261, 261 ]
headPositionsY: [ 85, 80, 81, 79, 80, 79, 81, 79, 82, 81, 83, 81, 81, 78,
    80, 82, 83, 83, 83, 80, 78, 80, 78, 83, 78, 78, 81, 79, 81, 81, 84,
    80, 81, 79, 80, 81, 79, 79, 81, 81, 79, 81, 82, 84, 84, 83, 85, 84,
    82, 86, 82, 82, 82, 82, 85, 86, 86, 86, 86, 83, 81, 86, 84, 82, 86,
    86, 84, 83, 87, 84, 86, 83, 87, 86, 85, 82, 83, 84, 86, 87, 87, 87,
    83, 84, 83, 86, 85, 83, 82, 87, 84, 84, 84, 86, 83, 85, 85, 86, 86,
    85 ]
