%YAML:1.0
---
videoName: "headShake26.mp4"
gestureLabel: 201
fps: 30
pixelSizeInCmTemp: 3.2808219178082193e-01
faceCenterPointX: 243
faceCenterPointY: 78
headPositionsX: [ 245, 240, 238, 241, 241, 243, 242, 247, 248, 247, 252,
    251, 250, 253, 252, 252, 250, 247, 248, 246, 239, 239, 237, 233, 232,
    228, 228, 232, 231, 230, 230, 237, 241, 240, 248, 246, 251, 252, 251,
    251, 253, 253, 250, 248, 246, 240, 241, 235, 234, 229, 229, 228, 228,
    231, 230, 234, 239, 238, 240, 247, 248, 248, 251, 253, 250, 252, 251,
    249, 251, 245, 247, 245, 243, 241, 237, 236, 238, 239, 234, 234, 239,
    240, 239, 239, 239, 239, 243, 241, 243, 245, 243, 243, 245, 246, 244,
    245, 245, 246, 242, 244 ]
headPositionsY: [ 78, 75, 77, 76, 74, 78, 78, 78, 77, 76, 77, 80, 79, 78,
    79, 76, 78, 76, 76, 76, 81, 76, 77, 75, 79, 78, 78, 77, 74, 77, 75,
    77, 76, 79, 79, 74, 77, 77, 78, 75, 77, 78, 77, 77, 80, 76, 79, 78,
    77, 78, 76, 75, 78, 77, 76, 76, 81, 78, 79, 76, 77, 78, 77, 76, 74,
    74, 79, 79, 78, 77, 77, 78, 77, 81, 79, 81, 78, 78, 76, 78, 76, 81,
    81, 80, 78, 79, 77, 77, 78, 77, 78, 78, 78, 78, 77, 78, 80, 78, 81,
    81 ]
