%YAML:1.0
---
videoName: "headNod13.mp4"
gestureLabel: 202
fps: 29
pixelSizeInCmTemp: 3.2364864864864862e-01
faceCenterPointX: 253
faceCenterPointY: 79
headPositionsX: [ 254, 250, 250, 252, 251, 252, 255, 253, 251, 253, 255,
    254, 254, 255, 254, 255, 257, 253, 255, 254, 255, 255, 254, 255, 253,
    252, 256, 251, 251, 254, 253, 253, 253, 255, 252, 252, 255, 253, 252,
    251, 251, 253, 250, 253, 252, 254, 252, 251, 251, 254, 251, 253, 256,
    255, 256, 255, 256, 251, 252, 255, 253, 252, 255, 253, 253, 254, 254,
    252, 253, 255, 252, 255, 254, 252, 254, 254, 255, 254, 255, 253, 254,
    254, 256, 252, 252, 257, 256, 253, 253, 255, 253, 255, 256, 252, 255,
    253, 252, 251, 252, 253 ]
headPositionsY: [ 79, 75, 75, 75, 73, 74, 76, 73, 71, 75, 73, 74, 75, 72,
    74, 71, 72, 73, 74, 73, 74, 73, 74, 74, 72, 74, 73, 72, 71, 74, 75,
    72, 73, 76, 73, 76, 73, 76, 76, 75, 75, 74, 72, 76, 74, 72, 74, 73,
    74, 74, 71, 67, 68, 68, 67, 71, 73, 76, 78, 78, 77, 78, 77, 74, 74,
    72, 70, 71, 68, 71, 74, 73, 77, 78, 79, 78, 82, 78, 75, 74, 72, 73,
    75, 73, 75, 78, 75, 76, 79, 82, 78, 80, 78, 81, 77, 77, 81, 80, 77,
    79 ]
