%YAML:1.0
---
videoName: "headNod34.mp4"
gestureLabel: 202
fps: 29
pixelSizeInCmTemp: 2.9567901234567900e-01
faceCenterPointX: 266
faceCenterPointY: 78
headPositionsX: [ 265, 269, 269, 266, 268, 268, 268, 269, 272, 267, 268,
    268, 268, 268, 271, 270, 269, 267, 272, 266, 267, 270, 270, 271, 271,
    271, 272, 272, 272, 268, 270, 271, 268, 268, 268, 268, 269, 269, 271,
    271, 269, 270, 269, 272, 269, 272, 272, 271, 271, 271, 270, 269, 269,
    269, 271, 270, 268, 272, 272, 271, 272, 272, 270, 268, 268, 271, 271,
    270, 272, 268, 271, 267, 268, 267, 267, 268, 268, 268, 265, 266, 268,
    264, 263, 265, 263, 263, 266, 267, 267, 268, 267, 265, 264, 267, 264,
    265, 268, 266, 268, 265 ]
headPositionsY: [ 76, 78, 76, 76, 76, 74, 78, 74, 79, 76, 79, 76, 77, 77,
    74, 74, 78, 75, 77, 73, 79, 77, 76, 75, 78, 78, 76, 78, 78, 77, 76,
    75, 74, 79, 77, 78, 78, 73, 73, 71, 69, 70, 73, 73, 79, 84, 91, 85,
    84, 81, 80, 75, 72, 70, 73, 74, 76, 79, 82, 84, 84, 84, 78, 80, 81,
    81, 75, 80, 79, 80, 84, 86, 86, 81, 80, 81, 80, 75, 79, 77, 81, 81,
    83, 83, 81, 83, 81, 80, 78, 78, 78, 79, 77, 78, 80, 79, 78, 79, 80,
    81 ]
