%YAML:1.0
---
videoName: "headShake36.mp4"
gestureLabel: 201
fps: 29
pixelSizeInCmTemp: 3.2364864864864862e-01
faceCenterPointX: 263
faceCenterPointY: 80
headPositionsX: [ 263, 265, 261, 262, 261, 262, 266, 268, 271, 272, 275,
    276, 279, 283, 278, 282, 284, 282, 280, 277, 276, 272, 270, 267, 263,
    261, 255, 252, 250, 247, 247, 245, 244, 244, 248, 243, 249, 249, 247,
    251, 255, 260, 267, 270, 271, 271, 278, 277, 277, 277, 278, 279, 277,
    277, 275, 275, 271, 264, 262, 260, 256, 253, 253, 251, 250, 247, 247,
    252, 249, 253, 257, 259, 258, 262, 263, 267, 267, 268, 266, 266, 268,
    268, 268, 266, 268, 266, 266, 267, 266, 267, 262, 261, 266, 264, 265,
    262, 261, 261, 264, 261 ]
headPositionsY: [ 82, 79, 81, 81, 82, 81, 78, 77, 82, 78, 79, 79, 76, 78,
    77, 79, 74, 75, 78, 80, 81, 78, 81, 83, 80, 82, 82, 77, 80, 80, 83,
    81, 81, 83, 82, 81, 81, 80, 81, 82, 81, 81, 84, 83, 77, 80, 81, 80,
    78, 76, 76, 80, 76, 79, 76, 78, 80, 81, 79, 81, 78, 81, 78, 80, 77,
    78, 80, 79, 79, 77, 82, 78, 81, 82, 80, 82, 81, 82, 81, 81, 82, 82,
    79, 81, 79, 81, 79, 83, 81, 81, 80, 81, 81, 82, 81, 80, 80, 78, 81,
    82 ]
