%YAML:1.0
---
videoName: "headNod20.mp4"
gestureLabel: 202
fps: 30
pixelSizeInCmTemp: 3.2808219178082193e-01
faceCenterPointX: 253
faceCenterPointY: 80
headPositionsX: [ 252, 255, 254, 256, 256, 257, 257, 258, 258, 256, 254,
    256, 257, 254, 254, 253, 256, 257, 255, 255, 254, 255, 254, 255, 254,
    256, 258, 257, 258, 254, 258, 255, 255, 258, 255, 253, 253, 252, 254,
    252, 256, 252, 252, 255, 254, 253, 252, 253, 251, 251, 251, 250, 250,
    252, 249, 253, 253, 250, 251, 252, 253, 253, 251, 250, 250, 252, 252,
    253, 253, 253, 252, 252, 255, 252, 255, 254, 251, 255, 250, 253, 252,
    253, 251, 253, 254, 253, 252, 254, 255, 254, 253, 252, 253, 253, 254,
    255, 254, 253, 252, 253 ]
headPositionsY: [ 78, 80, 75, 80, 78, 78, 78, 76, 76, 80, 78, 76, 77, 80,
    77, 76, 78, 80, 78, 77, 80, 80, 81, 77, 79, 78, 78, 78, 82, 81, 83,
    83, 86, 87, 85, 83, 82, 77, 77, 73, 70, 73, 74, 72, 78, 79, 82, 88,
    87, 87, 85, 83, 79, 80, 76, 74, 79, 77, 81, 83, 81, 83, 81, 81, 77,
    78, 80, 82, 79, 85, 80, 82, 77, 77, 76, 77, 79, 81, 81, 84, 79, 82,
    81, 79, 82, 79, 79, 83, 82, 82, 80, 82, 79, 79, 78, 81, 79, 81, 82,
    83 ]
