%YAML:1.0
---
videoName: "headLookUp9.mp4"
gestureLabel: 205
fps: 29
pixelSizeInCmTemp: 3.3732394366197183e-01
faceCenterPointX: 251
faceCenterPointY: 57
headPositionsX: [ 251, 251, 250, 252, 249, 251, 249, 253, 251, 253, 250,
    253, 253, 252, 252, 250, 249, 252, 249, 251, 252, 251, 251, 250, 250,
    250, 251, 249, 253, 252, 249, 254, 252, 249, 253, 249, 253, 252, 251,
    249, 249, 251, 252, 253, 250, 249, 250, 252, 253, 249, 252, 251, 251,
    253, 251, 253, 253, 252, 252, 253, 251, 250, 249, 253, 251, 253, 250,
    251, 252, 252, 249, 249, 250, 253, 251, 251, 251, 249, 251, 249, 252,
    251, 251, 252, 253, 250, 251, 249, 249, 250, 249, 251, 252, 251, 252,
    249, 253, 253, 253, 253 ]
headPositionsY: [ 55, 72, 71, 72, 72, 74, 76, 75, 76, 73, 72, 75, 76, 75,
    74, 74, 75, 75, 75, 76, 73, 74, 74, 76, 73, 74, 76, 73, 75, 71, 71,
    74, 69, 68, 69, 68, 70, 65, 67, 67, 66, 66, 64, 61, 61, 59, 61, 61,
    58, 61, 58, 60, 61, 60, 59, 57, 58, 58, 58, 59, 61, 56, 58, 59, 56,
    57, 59, 59, 59, 60, 57, 56, 56, 57, 59, 57, 57, 57, 57, 56, 58, 55,
    59, 59, 59, 55, 58, 58, 59, 57, 59, 55, 58, 57, 56, 59, 54, 54, 56,
    58 ]
