%YAML:1.0
---
videoName: "headLookDown9.mp4"
gestureLabel: 206
fps: 29
pixelSizeInCmTemp: 3.5220588235294115e-01
faceCenterPointX: 274
faceCenterPointY: 97
headPositionsX: [ 274, 274, 275, 270, 271, 273, 275, 272, 274, 271, 274,
    273, 272, 273, 272, 272, 272, 272, 273, 271, 272, 272, 272, 271, 273,
    272, 273, 274, 274, 274, 274, 275, 275, 274, 272, 273, 272, 273, 275,
    275, 270, 272, 271, 275, 270, 271, 274, 273, 274, 274, 272, 272, 272,
    270, 273, 270, 271, 272, 273, 275, 273, 272, 271, 274, 270, 270, 273,
    275, 273, 271, 270, 274, 275, 273, 272, 274, 272, 273, 274, 274, 274,
    273, 273, 272, 271, 272, 272, 274, 272, 272, 276, 273, 271, 273, 272,
    275, 271, 271, 272, 273 ]
headPositionsY: [ 96, 82, 79, 81, 80, 82, 80, 82, 79, 79, 83, 80, 79, 81,
    82, 79, 78, 78, 79, 80, 79, 82, 77, 80, 78, 78, 83, 79, 79, 80, 79,
    82, 83, 82, 81, 85, 83, 82, 88, 86, 88, 92, 89, 92, 94, 92, 95, 96,
    96, 97, 96, 97, 98, 99, 101, 96, 98, 98, 97, 99, 97, 98, 100, 100,
    99, 97, 96, 97, 97, 95, 97, 97, 97, 95, 100, 98, 98, 96, 96, 95, 97,
    95, 98, 95, 99, 96, 96, 97, 95, 97, 98, 95, 96, 95, 97, 97, 94, 97,
    97, 98 ]
