%YAML:1.0
---
videoName: "headNod28.mp4"
gestureLabel: 202
fps: 30
pixelSizeInCmTemp: 3.2364864864864862e-01
faceCenterPointX: 270
faceCenterPointY: 76
headPositionsX: [ 270, 272, 270, 270, 270, 270, 273, 272, 272, 271, 270,
    272, 269, 272, 268, 272, 271, 270, 273, 267, 270, 271, 270, 272, 271,
    270, 270, 272, 272, 269, 272, 273, 271, 273, 272, 269, 270, 269, 274,
    269, 269, 273, 271, 268, 268, 268, 267, 268, 272, 270, 268, 271, 270,
    270, 268, 272, 268, 269, 268, 272, 270, 268, 272, 270, 270, 272, 268,
    269, 272, 272, 270, 271, 272, 271, 271, 273, 275, 273, 270, 269, 271,
    271, 272, 272, 270, 272, 272, 269, 273, 271, 269, 274, 272, 270, 271,
    272, 271, 273, 270, 271 ]
headPositionsY: [ 75, 76, 74, 75, 74, 73, 75, 73, 74, 75, 73, 75, 77, 76,
    74, 76, 76, 74, 77, 74, 76, 77, 77, 74, 77, 73, 76, 73, 72, 73, 74,
    73, 75, 74, 72, 75, 76, 74, 74, 77, 72, 77, 76, 81, 82, 82, 79, 82,
    80, 79, 72, 73, 74, 70, 73, 73, 74, 75, 76, 79, 81, 83, 81, 80, 76,
    76, 71, 69, 70, 74, 75, 75, 79, 82, 80, 79, 82, 76, 75, 73, 71, 72,
    72, 73, 73, 76, 80, 80, 77, 76, 78, 75, 75, 76, 77, 77, 77, 78, 74,
    75 ]
