%YAML:1.0
---
videoName: "headLookUp5.mp4"
gestureLabel: 205
fps: 29
pixelSizeInCmTemp: 3.6287878787878786e-01
faceCenterPointX: 256
faceCenterPointY: 67
headPositionsX: [ 257, 256, 259, 254, 254, 259, 256, 257, 257, 256, 256,
    259, 256, 255, 257, 254, 254, 257, 255, 255, 255, 257, 255, 255, 258,
    255, 255, 258, 258, 253, 254, 255, 258, 257, 258, 254, 256, 256, 257,
    257, 255, 256, 255, 259, 255, 259, 254, 257, 256, 255, 256, 256, 254,
    254, 255, 257, 253, 258, 255, 255, 258, 254, 256, 253, 255, 255, 258,
    257, 257, 256, 255, 257, 257, 258, 255, 257, 258, 254, 256, 254, 258,
    254, 256, 255, 258, 257, 257, 255, 257, 253, 257, 258, 256, 258, 253,
    255, 254, 256, 257, 254 ]
headPositionsY: [ 66, 82, 83, 81, 81, 80, 83, 83, 82, 81, 82, 82, 79, 82,
    82, 81, 80, 79, 81, 81, 79, 79, 81, 79, 83, 82, 83, 79, 81, 78, 82,
    78, 77, 80, 76, 77, 76, 73, 74, 73, 70, 67, 71, 71, 69, 68, 68, 69,
    67, 69, 67, 69, 70, 69, 68, 69, 68, 69, 66, 68, 68, 65, 67, 70, 66,
    66, 70, 66, 69, 68, 65, 69, 69, 67, 67, 67, 69, 68, 63, 69, 68, 65,
    66, 66, 65, 70, 70, 67, 70, 67, 70, 68, 68, 69, 64, 64, 67, 65, 65,
    67 ]
