%YAML:1.0
---
videoName: "headNod35.mp4"
gestureLabel: 202
fps: 30
pixelSizeInCmTemp: 2.9937500000000000e-01
faceCenterPointX: 268
faceCenterPointY: 78
headPositionsX: [ 267, 266, 267, 266, 270, 270, 270, 268, 267, 269, 270,
    269, 271, 269, 272, 268, 270, 268, 268, 268, 268, 269, 268, 272, 270,
    268, 271, 270, 270, 271, 273, 272, 271, 272, 269, 272, 272, 269, 269,
    267, 270, 266, 265, 268, 267, 266, 266, 267, 269, 270, 269, 269, 268,
    266, 269, 269, 270, 267, 267, 266, 269, 266, 266, 268, 268, 270, 267,
    268, 269, 271, 267, 269, 266, 271, 269, 270, 267, 270, 270, 272, 270,
    269, 269, 267, 269, 266, 268, 268, 266, 264, 267, 265, 265, 268, 265,
    266, 265, 268, 266, 265 ]
headPositionsY: [ 77, 74, 77, 77, 74, 78, 76, 74, 75, 76, 78, 76, 78, 78,
    77, 76, 78, 75, 78, 77, 79, 77, 79, 76, 78, 74, 77, 73, 71, 71, 67,
    69, 67, 69, 69, 77, 79, 84, 87, 92, 94, 93, 86, 82, 79, 79, 75, 72,
    74, 76, 78, 78, 85, 88, 88, 87, 86, 84, 81, 79, 76, 71, 73, 73, 74,
    77, 76, 81, 85, 88, 87, 86, 81, 81, 75, 75, 74, 75, 78, 80, 82, 81,
    86, 87, 85, 85, 84, 82, 82, 79, 81, 80, 80, 79, 80, 77, 81, 79, 78,
    76 ]
