%YAML:1.0
---
videoName: "headLookLeft3.mp4"
gestureLabel: 203
fps: 29
pixelSizeInCmTemp: 3.4214285714285714e-01
faceCenterPointX: 290
faceCenterPointY: 74
headPositionsX: [ 291, 263, 263, 263, 264, 266, 267, 266, 269, 271, 273,
    273, 279, 276, 280, 281, 283, 287, 289, 287, 289, 285, 292, 292, 288,
    286, 298, 292, 290, 285, 288, 290, 290, 291, 288, 291, 285, 290, 292,
    287, 287, 289, 290, 298, 288, 288, 290, 289, 292, 288, 289, 290, 290,
    289, 285, 287, 289, 288, 290, 292, 288, 289, 287, 288, 289, 287, 291,
    291, 285, 289, 287, 287, 287, 288, 286, 288, 289, 288, 287, 284, 287,
    287, 291, 287, 287, 284, 290, 286, 285, 290, 287, 287, 287, 286, 288,
    284, 289, 287, 286, 285 ]
headPositionsY: [ 75, 78, 76, 78, 77, 74, 79, 80, 75, 77, 78, 75, 77, 73,
    76, 76, 75, 74, 72, 73, 74, 73, 73, 76, 74, 71, 77, 75, 76, 72, 74,
    74, 73, 73, 76, 75, 71, 77, 74, 75, 72, 72, 74, 77, 72, 73, 73, 72,
    74, 75, 74, 72, 75, 75, 73, 72, 76, 73, 72, 74, 73, 75, 76, 73, 75,
    75, 71, 73, 72, 74, 71, 73, 73, 72, 73, 77, 72, 74, 77, 73, 71, 72,
    75, 74, 76, 72, 75, 72, 73, 75, 74, 73, 75, 77, 76, 76, 75, 73, 76,
    74 ]
