%YAML:1.0
---
videoName: "headNod37.mp4"
gestureLabel: 202
fps: 29
pixelSizeInCmTemp: 2.9207317073170730e-01
faceCenterPointX: 269
faceCenterPointY: 78
headPositionsX: [ 268, 269, 271, 272, 272, 272, 273, 270, 271, 269, 270,
    271, 269, 270, 270, 272, 270, 267, 268, 270, 269, 269, 271, 270, 267,
    271, 271, 271, 268, 270, 268, 269, 271, 268, 269, 267, 268, 269, 271,
    270, 271, 269, 269, 269, 267, 270, 271, 268, 269, 269, 268, 268, 270,
    271, 268, 269, 268, 269, 270, 267, 271, 271, 268, 266, 266, 264, 265,
    265, 267, 269, 266, 267, 267, 267, 270, 271, 267, 268, 270, 272, 271,
    271, 269, 268, 268, 270, 269, 270, 269, 271, 268, 268, 269, 269, 270,
    269, 270, 269, 269, 268 ]
headPositionsY: [ 77, 74, 75, 77, 76, 75, 75, 74, 76, 73, 73, 76, 75, 76,
    77, 76, 73, 77, 75, 74, 78, 74, 76, 74, 75, 76, 75, 74, 73, 77, 74,
    78, 74, 79, 78, 76, 76, 75, 73, 77, 75, 73, 78, 74, 76, 78, 77, 74,
    78, 77, 75, 75, 74, 69, 66, 68, 65, 64, 65, 68, 72, 70, 81, 83, 89,
    88, 85, 85, 84, 79, 77, 71, 70, 68, 67, 65, 64, 66, 66, 69, 74, 76,
    77, 78, 82, 83, 84, 84, 81, 81, 81, 81, 78, 76, 79, 75, 76, 77, 79,
    76 ]
