%YAML:1.0
---
videoName: "headLookRight6.mp4"
gestureLabel: 204
fps: 29
pixelSizeInCmTemp: 3.8015873015873014e-01
faceCenterPointX: 226
faceCenterPointY: 72
headPositionsX: [ 228, 251, 249, 249, 250, 246, 249, 248, 247, 250, 251,
    248, 252, 248, 248, 249, 250, 248, 251, 250, 251, 251, 250, 252, 252,
    248, 249, 251, 251, 253, 251, 249, 251, 248, 247, 244, 242, 239, 239,
    236, 231, 231, 226, 231, 229, 225, 224, 225, 224, 225, 223, 224, 225,
    227, 226, 228, 225, 224, 225, 229, 229, 225, 231, 226, 229, 227, 225,
    229, 228, 229, 228, 229, 226, 229, 227, 223, 226, 227, 227, 230, 224,
    228, 224, 226, 225, 228, 231, 231, 226, 226, 228, 228, 232, 225, 225,
    226, 224, 229, 228, 225 ]
headPositionsY: [ 74, 70, 70, 73, 71, 74, 74, 74, 75, 74, 73, 73, 72, 72,
    72, 72, 71, 74, 76, 77, 75, 74, 73, 73, 73, 72, 76, 72, 74, 72, 75,
    75, 73, 73, 75, 75, 72, 75, 75, 72, 72, 75, 74, 74, 72, 74, 69, 70,
    73, 75, 77, 68, 74, 73, 71, 76, 73, 76, 73, 74, 77, 75, 76, 69, 73,
    73, 72, 73, 77, 73, 74, 76, 73, 75, 74, 73, 73, 72, 75, 75, 75, 76,
    72, 71, 73, 73, 77, 77, 75, 73, 73, 72, 73, 73, 68, 75, 70, 73, 73,
    72 ]
