%YAML:1.0
---
videoName: "headNod45.mp4"
gestureLabel: 202
fps: 30
pixelSizeInCmTemp: 3.0316455696202532e-01
faceCenterPointX: 265
faceCenterPointY: 77
headPositionsX: [ 264, 269, 265, 269, 268, 266, 267, 267, 266, 270, 266,
    266, 269, 268, 265, 265, 266, 269, 266, 265, 266, 266, 266, 268, 268,
    265, 268, 263, 265, 265, 264, 265, 264, 267, 267, 268, 265, 263, 267,
    265, 268, 264, 263, 265, 263, 263, 264, 263, 267, 267, 265, 268, 265,
    267, 267, 267, 269, 266, 267, 265, 267, 266, 264, 267, 267, 265, 268,
    269, 267, 267, 266, 269, 264, 267, 265, 264, 266, 268, 264, 266, 266,
    265, 266, 268, 264, 267, 265, 266, 267, 267, 264, 268, 267, 265, 265,
    267, 266, 265, 266, 265 ]
headPositionsY: [ 79, 74, 73, 74, 75, 75, 73, 77, 76, 77, 75, 76, 73, 73,
    75, 75, 77, 78, 80, 82, 86, 88, 92, 92, 91, 93, 89, 84, 79, 77, 72,
    72, 68, 65, 66, 69, 66, 72, 73, 76, 81, 89, 91, 91, 92, 90, 85, 82,
    80, 79, 74, 71, 71, 74, 73, 77, 76, 80, 85, 85, 84, 85, 82, 76, 76,
    74, 75, 73, 73, 75, 77, 79, 85, 88, 89, 89, 88, 86, 82, 79, 77, 74,
    74, 77, 75, 80, 79, 82, 78, 81, 80, 78, 78, 79, 76, 80, 76, 79, 80,
    76 ]
