%YAML:1.0
---
videoName: "headLookDown5.mp4"
gestureLabel: 206
fps: 29
pixelSizeInCmTemp: 3.4710144927536229e-01
faceCenterPointX: 272
faceCenterPointY: 102
headPositionsX: [ 270, 270, 272, 270, 269, 273, 270, 271, 274, 272, 269,
    272, 271, 273, 270, 273, 270, 269, 269, 273, 270, 273, 273, 270, 274,
    271, 270, 271, 273, 273, 270, 269, 274, 274, 271, 270, 270, 274, 273,
    269, 271, 270, 272, 272, 273, 270, 273, 271, 274, 270, 274, 269, 272,
    272, 272, 274, 272, 271, 273, 272, 269, 272, 272, 272, 272, 270, 269,
    270, 271, 272, 271, 272, 273, 273, 273, 273, 273, 272, 273, 273, 271,
    270, 270, 271, 271, 271, 274, 272, 274, 273, 272, 271, 271, 273, 269,
    274, 271, 271, 274, 270 ]
headPositionsY: [ 104, 83, 81, 83, 83, 81, 83, 84, 85, 83, 82, 82, 83,
    83, 82, 82, 81, 84, 85, 84, 82, 85, 82, 82, 86, 85, 83, 86, 84, 82,
    81, 83, 83, 82, 82, 82, 86, 83, 85, 82, 82, 86, 84, 85, 83, 84, 86,
    87, 89, 90, 87, 88, 90, 91, 93, 95, 95, 94, 100, 97, 100, 99, 101,
    99, 103, 100, 100, 100, 100, 101, 103, 104, 103, 104, 102, 101, 103,
    99, 101, 106, 102, 105, 103, 104, 104, 104, 105, 100, 103, 102, 105,
    103, 101, 101, 103, 101, 101, 103, 102, 102 ]
