%YAML:1.0
---
videoName: "headShake49.mp4"
gestureLabel: 201
fps: 30
pixelSizeInCmTemp: 2.8855421686746985e-01
faceCenterPointX: 259
faceCenterPointY: 84
headPositionsX: [ 257, 260, 262, 259, 262, 262, 259, 258, 262, 260, 263,
    263, 262, 260, 258, 261, 262, 259, 261, 263, 262, 260, 258, 261, 260,
    262, 263, 262, 263, 261, 263, 260, 261, 267, 267, 274, 278, 278, 283,
    286, 280, 278, 269, 264, 261, 250, 250, 246, 251, 256, 263, 267, 272,
    272, 270, 265, 260, 254, 249, 247, 248, 252, 254, 262, 266, 269, 268,
    265, 263, 261, 257, 251, 255, 256, 257, 263, 265, 268, 272, 267, 265,
    265, 260, 258, 256, 255, 256, 257, 258, 261, 259, 260, 260, 260, 258,
    260, 260, 261, 260, 257 ]
headPositionsY: [ 83, 81, 82, 81, 80, 80, 81, 79, 80, 81, 80, 80, 79, 79,
    80, 78, 81, 79, 79, 82, 82, 79, 80, 81, 81, 78, 80, 79, 79, 80, 80,
    83, 80, 81, 80, 83, 82, 80, 78, 81, 78, 81, 84, 84, 86, 82, 83, 84,
    84, 86, 86, 83, 86, 81, 82, 85, 84, 86, 87, 85, 85, 86, 84, 86, 87,
    84, 82, 84, 85, 85, 84, 83, 83, 86, 86, 86, 84, 85, 85, 83, 85, 86,
    84, 82, 82, 86, 84, 84, 84, 84, 86, 82, 85, 85, 85, 86, 87, 83, 86,
    83 ]
