%YAML:1.0
---
videoName: "headShake37.mp4"
gestureLabel: 201
fps: 30
pixelSizeInCmTemp: 3.1933333333333330e-01
faceCenterPointX: 263
faceCenterPointY: 83
headPositionsX: [ 263, 261, 262, 263, 262, 263, 259, 262, 263, 263, 262,
    263, 264, 261, 265, 261, 261, 261, 264, 262, 264, 263, 263, 264, 261,
    262, 263, 261, 261, 264, 263, 264, 261, 262, 260, 264, 264, 261, 261,
    261, 262, 262, 262, 260, 259, 259, 262, 264, 266, 272, 275, 277, 279,
    281, 280, 278, 270, 265, 257, 253, 252, 251, 254, 257, 263, 266, 270,
    274, 272, 273, 267, 265, 259, 256, 256, 251, 255, 255, 258, 259, 259,
    263, 265, 263, 266, 265, 268, 265, 266, 267, 265, 264, 266, 266, 263,
    261, 262, 265, 265, 262 ]
headPositionsY: [ 83, 84, 82, 83, 83, 85, 83, 84, 85, 85, 84, 82, 82, 83,
    85, 85, 85, 83, 83, 81, 83, 83, 81, 85, 84, 85, 85, 82, 81, 84, 83,
    83, 82, 81, 83, 85, 85, 84, 85, 83, 81, 82, 85, 81, 85, 83, 82, 84,
    85, 81, 83, 82, 79, 79, 80, 84, 82, 82, 81, 83, 80, 81, 80, 83, 83,
    84, 82, 79, 80, 84, 82, 81, 81, 84, 82, 84, 81, 80, 82, 81, 81, 82,
    84, 82, 82, 84, 81, 83, 84, 84, 83, 82, 83, 84, 80, 82, 82, 83, 84,
    82 ]
