%YAML:1.0
---
videoName: "headShake3.mp4"
gestureLabel: 201
fps: 30
pixelSizeInCmTemp: 3.3263888888888887e-01
faceCenterPointX: 240
faceCenterPointY: 101
headPositionsX: [ 242, 243, 241, 240, 243, 239, 242, 243, 242, 240, 243,
    239, 243, 239, 240, 242, 240, 240, 242, 242, 239, 242, 241, 242, 239,
    242, 239, 243, 239, 242, 236, 240, 242, 240, 245, 250, 253, 254, 255,
    259, 255, 253, 248, 244, 236, 234, 232, 228, 226, 230, 234, 240, 243,
    246, 250, 251, 248, 248, 242, 236, 232, 231, 226, 226, 223, 229, 232,
    235, 241, 245, 246, 248, 243, 246, 243, 242, 239, 238, 236, 236, 233,
    233, 235, 235, 232, 235, 238, 237, 239, 238, 241, 238, 240, 243, 241,
    242, 242, 243, 243, 242 ]
headPositionsY: [ 102, 98, 99, 98, 100, 99, 97, 97, 101, 100, 99, 97, 98,
    96, 97, 98, 101, 101, 99, 100, 97, 98, 99, 100, 98, 99, 100, 98, 96,
    100, 99, 100, 99, 98, 96, 97, 96, 95, 96, 100, 99, 97, 101, 100, 101,
    100, 99, 99, 99, 100, 98, 99, 100, 96, 99, 98, 100, 100, 101, 100,
    99, 100, 99, 99, 95, 98, 98, 98, 97, 100, 97, 97, 97, 99, 98, 97, 97,
    102, 101, 102, 100, 97, 99, 102, 102, 101, 101, 99, 102, 100, 103,
    102, 98, 100, 102, 100, 100, 101, 102, 100 ]
