%YAML:1.0
---
videoName: "headLookLeft4.mp4"
gestureLabel: 203
fps: 29
pixelSizeInCmTemp: 3.4710144927536229e-01
faceCenterPointX: 288
faceCenterPointY: 74
headPositionsX: [ 289, 266, 264, 263, 268, 266, 269, 269, 271, 271, 277,
    280, 283, 283, 285, 288, 292, 293, 297, 297, 295, 294, 293, 297, 291,
    296, 292, 298, 295, 295, 292, 294, 292, 291, 290, 296, 295, 294, 295,
    293, 292, 291, 294, 294, 294, 291, 291, 290, 288, 292, 294, 289, 290,
    292, 292, 286, 288, 291, 287, 289, 290, 288, 289, 286, 287, 292, 290,
    290, 287, 292, 288, 289, 289, 290, 288, 289, 292, 288, 292, 291, 289,
    289, 290, 291, 290, 289, 291, 288, 294, 289, 289, 287, 290, 289, 290,
    290, 290, 289, 288, 290 ]
headPositionsY: [ 73, 77, 79, 77, 78, 78, 79, 76, 78, 76, 78, 80, 79, 75,
    77, 79, 79, 78, 78, 79, 75, 77, 75, 74, 74, 74, 75, 77, 77, 78, 79,
    79, 79, 76, 74, 73, 78, 74, 75, 75, 74, 73, 76, 76, 77, 72, 76, 76,
    72, 77, 73, 72, 71, 72, 73, 73, 76, 73, 73, 75, 74, 77, 77, 75, 73,
    76, 72, 74, 75, 76, 75, 73, 73, 74, 72, 77, 75, 74, 78, 72, 75, 75,
    78, 77, 73, 72, 75, 73, 76, 76, 77, 76, 75, 76, 76, 74, 76, 76, 75,
    75 ]
