%YAML:1.0
---
videoName: "headLookLeft2.mp4"
gestureLabel: 203
fps: 29
pixelSizeInCmTemp: 3.6846153846153845e-01
faceCenterPointX: 278
faceCenterPointY: 74
headPositionsX: [ 278, 259, 257, 257, 258, 259, 260, 259, 260, 260, 261,
    260, 260, 261, 261, 259, 261, 261, 264, 264, 265, 264, 264, 267, 268,
    271, 270, 275, 276, 277, 278, 278, 275, 280, 278, 280, 280, 280, 277,
    279, 281, 280, 282, 281, 281, 278, 280, 284, 283, 280, 279, 284, 281,
    281, 279, 279, 278, 270, 281, 280, 283, 276, 281, 282, 278, 279, 282,
    281, 283, 278, 280, 281, 280, 276, 278, 281, 278, 282, 280, 283, 277,
    279, 278, 280, 284, 279, 286, 279, 278, 283, 281, 279, 285, 279, 278,
    279, 281, 279, 289, 282 ]
headPositionsY: [ 75, 72, 77, 75, 74, 77, 77, 75, 74, 77, 77, 75, 74, 76,
    76, 78, 77, 73, 77, 77, 77, 78, 76, 75, 74, 73, 73, 77, 76, 74, 76,
    72, 74, 76, 74, 78, 75, 73, 74, 72, 75, 74, 76, 72, 75, 77, 73, 74,
    78, 75, 75, 74, 74, 73, 74, 77, 74, 75, 75, 73, 76, 73, 76, 73, 76,
    76, 74, 77, 74, 73, 74, 74, 73, 72, 75, 76, 75, 77, 71, 73, 75, 73,
    76, 73, 73, 70, 72, 73, 73, 72, 75, 76, 76, 75, 71, 74, 73, 73, 74,
    73 ]
