%YAML:1.0
---
videoName: "headShake42.mp4"
gestureLabel: 201
fps: 29
pixelSizeInCmTemp: 3.2808219178082193e-01
faceCenterPointX: 257
faceCenterPointY: 85
headPositionsX: [ 258, 272, 274, 277, 278, 277, 279, 274, 276, 273, 273,
    268, 266, 265, 260, 253, 254, 250, 249, 244, 244, 241, 244, 241, 245,
    243, 249, 252, 255, 261, 265, 267, 271, 278, 276, 278, 277, 278, 276,
    277, 272, 271, 267, 266, 260, 256, 253, 250, 248, 247, 246, 247, 247,
    246, 245, 248, 248, 249, 253, 255, 260, 261, 265, 264, 268, 266, 267,
    267, 268, 269, 268, 266, 265, 267, 262, 264, 259, 263, 258, 257, 260,
    257, 256, 258, 255, 258, 255, 258, 256, 256, 255, 254, 255, 256, 259,
    259, 256, 258, 259, 258 ]
headPositionsY: [ 86, 82, 82, 81, 82, 81, 80, 84, 83, 84, 80, 83, 85, 86,
    86, 83, 86, 85, 85, 84, 85, 85, 87, 84, 82, 84, 86, 84, 84, 86, 85,
    83, 81, 80, 85, 84, 85, 81, 82, 85, 83, 85, 84, 84, 88, 87, 88, 88,
    86, 88, 84, 83, 87, 85, 84, 86, 84, 86, 84, 85, 85, 86, 88, 83, 84,
    88, 87, 83, 83, 86, 85, 85, 84, 86, 86, 85, 83, 84, 88, 86, 87, 84,
    84, 84, 84, 87, 83, 87, 86, 87, 84, 88, 84, 84, 87, 86, 83, 83, 85,
    85 ]
