%YAML:1.0
---
videoName: "headLookLeft1.mp4"
gestureLabel: 203
fps: 30
pixelSizeInCmTemp: 3.6287878787878786e-01
faceCenterPointX: 276
faceCenterPointY: 73
headPositionsX: [ 278, 255, 254, 255, 258, 256, 255, 255, 255, 254, 258,
    255, 255, 255, 256, 254, 254, 254, 254, 256, 256, 257, 258, 257, 255,
    258, 255, 257, 256, 258, 258, 256, 256, 254, 254, 254, 255, 256, 255,
    254, 254, 259, 255, 258, 255, 253, 255, 257, 254, 254, 257, 255, 257,
    256, 254, 255, 258, 257, 259, 258, 258, 264, 265, 268, 265, 269, 272,
    275, 272, 277, 276, 278, 274, 275, 274, 279, 277, 278, 278, 278, 282,
    276, 277, 277, 278, 278, 274, 280, 277, 276, 279, 279, 279, 278, 273,
    276, 280, 276, 278, 275 ]
headPositionsY: [ 72, 75, 73, 74, 73, 78, 77, 78, 75, 73, 74, 77, 76, 78,
    74, 75, 76, 77, 76, 77, 77, 78, 79, 78, 75, 80, 78, 79, 75, 79, 77,
    79, 78, 77, 76, 78, 79, 79, 80, 80, 77, 79, 78, 79, 78, 77, 76, 79,
    79, 76, 78, 80, 80, 76, 78, 77, 81, 79, 81, 78, 78, 80, 78, 79, 79,
    76, 77, 75, 76, 78, 76, 74, 75, 74, 74, 77, 76, 75, 79, 78, 75, 74,
    76, 75, 79, 78, 76, 75, 77, 75, 75, 74, 75, 75, 73, 75, 74, 75, 76,
    75 ]
