%YAML:1.0
---
videoName: "headShake39.mp4"
gestureLabel: 201
fps: 29
pixelSizeInCmTemp: 3.1933333333333330e-01
faceCenterPointX: 263
faceCenterPointY: 83
headPositionsX: [ 261, 263, 260, 261, 260, 260, 263, 262, 263, 261, 259,
    263, 262, 260, 259, 261, 259, 261, 260, 260, 259, 258, 257, 255, 252,
    247, 246, 244, 241, 244, 241, 246, 249, 250, 257, 260, 268, 272, 277,
    280, 281, 280, 274, 270, 265, 260, 253, 248, 249, 246, 244, 248, 254,
    258, 259, 269, 273, 275, 281, 282, 276, 274, 268, 265, 258, 252, 250,
    247, 250, 247, 251, 253, 254, 253, 259, 260, 260, 263, 266, 267, 264,
    268, 266, 265, 269, 267, 266, 264, 265, 265, 263, 264, 261, 265, 262,
    264, 264, 264, 261, 261 ]
headPositionsY: [ 84, 85, 84, 81, 85, 80, 82, 84, 84, 83, 83, 81, 83, 84,
    82, 85, 83, 81, 84, 85, 82, 82, 82, 81, 82, 81, 83, 81, 82, 81, 82,
    83, 84, 82, 81, 85, 83, 80, 82, 78, 81, 79, 82, 81, 83, 85, 82, 82,
    83, 82, 80, 82, 81, 81, 83, 84, 82, 81, 82, 82, 83, 83, 82, 82, 81,
    80, 79, 81, 79, 79, 81, 81, 80, 81, 85, 80, 82, 84, 82, 81, 81, 84,
    82, 82, 81, 83, 83, 84, 83, 81, 82, 82, 81, 83, 82, 81, 83, 83, 84,
    81 ]
