%YAML:1.0
---
videoName: "headLookUp8.mp4"
gestureLabel: 205
fps: 29
pixelSizeInCmTemp: 3.4214285714285714e-01
faceCenterPointX: 253
faceCenterPointY: 59
headPositionsX: [ 251, 252, 253, 255, 252, 251, 252, 251, 253, 250, 252,
    255, 253, 252, 250, 253, 253, 251, 254, 252, 251, 254, 251, 249, 254,
    252, 253, 251, 252, 253, 254, 252, 251, 250, 254, 251, 251, 252, 252,
    251, 252, 252, 250, 251, 253, 253, 250, 254, 252, 251, 254, 252, 254,
    252, 252, 255, 254, 254, 254, 254, 251, 253, 252, 250, 253, 251, 251,
    251, 254, 253, 251, 253, 251, 254, 251, 255, 251, 251, 252, 252, 252,
    255, 251, 254, 251, 251, 255, 252, 255, 252, 255, 254, 251, 255, 252,
    253, 253, 251, 253, 251 ]
headPositionsY: [ 59, 75, 74, 75, 75, 78, 76, 74, 78, 78, 78, 74, 77, 73,
    74, 71, 73, 71, 69, 69, 70, 70, 68, 67, 66, 68, 65, 64, 64, 64, 62,
    61, 61, 64, 61, 61, 61, 59, 61, 58, 59, 57, 61, 57, 60, 58, 59, 61,
    60, 58, 57, 56, 60, 58, 58, 59, 58, 60, 59, 59, 57, 60, 58, 58, 60,
    57, 57, 61, 59, 58, 59, 61, 56, 60, 59, 59, 58, 61, 58, 61, 59, 59,
    57, 57, 60, 61, 58, 60, 57, 57, 58, 60, 61, 61, 60, 61, 58, 58, 58,
    57 ]
