%YAML:1.0
---
videoName: "headLookLeft0.mp4"
gestureLabel: 203
fps: 29
pixelSizeInCmTemp: 3.6287878787878786e-01
faceCenterPointX: 286
faceCenterPointY: 69
headPositionsX: [ 285, 256, 255, 254, 254, 253, 251, 255, 254, 255, 254,
    251, 252, 253, 255, 254, 254, 255, 253, 255, 253, 253, 255, 255, 252,
    256, 256, 257, 253, 254, 256, 255, 256, 252, 255, 253, 253, 255, 255,
    256, 257, 258, 254, 256, 255, 258, 253, 254, 257, 255, 257, 255, 255,
    256, 253, 256, 255, 257, 254, 257, 254, 254, 254, 255, 254, 256, 255,
    255, 255, 253, 256, 258, 253, 257, 255, 255, 258, 254, 258, 260, 258,
    265, 267, 268, 270, 272, 273, 277, 281, 277, 281, 274, 282, 283, 284,
    288, 286, 286, 284, 288 ]
headPositionsY: [ 70, 70, 70, 67, 70, 68, 68, 68, 69, 69, 68, 69, 68, 72,
    71, 69, 67, 70, 67, 68, 72, 68, 69, 72, 67, 71, 68, 72, 67, 68, 70,
    69, 71, 68, 72, 69, 71, 69, 69, 69, 71, 70, 70, 72, 72, 71, 73, 71,
    72, 71, 73, 73, 72, 71, 71, 69, 74, 73, 71, 72, 71, 69, 70, 69, 71,
    71, 73, 72, 70, 71, 73, 70, 73, 69, 69, 74, 73, 73, 70, 74, 73, 70,
    70, 70, 68, 69, 68, 70, 72, 67, 65, 65, 67, 65, 68, 71, 69, 71, 69,
    67 ]
