%YAML:1.0
---
videoName: "headNod41.mp4"
gestureLabel: 202
fps: 29
pixelSizeInCmTemp: 2.9937500000000000e-01
faceCenterPointX: 267
faceCenterPointY: 76
headPositionsX: [ 265, 271, 268, 268, 269, 270, 269, 268, 272, 270, 269,
    270, 268, 270, 269, 272, 268, 270, 269, 270, 269, 271, 273, 269, 268,
    268, 269, 270, 268, 272, 270, 272, 269, 272, 268, 267, 268, 271, 268,
    267, 271, 269, 271, 269, 271, 270, 267, 268, 268, 267, 266, 269, 271,
    268, 269, 270, 269, 268, 271, 268, 269, 266, 268, 270, 268, 269, 269,
    266, 270, 267, 268, 265, 268, 269, 267, 265, 267, 265, 269, 267, 269,
    266, 267, 266, 266, 269, 267, 265, 270, 266, 268, 266, 268, 267, 268,
    268, 268, 265, 269, 267 ]
headPositionsY: [ 75, 73, 72, 73, 74, 72, 73, 74, 75, 72, 73, 75, 73, 74,
    73, 75, 74, 75, 72, 76, 74, 74, 72, 74, 76, 74, 75, 76, 75, 75, 73,
    75, 76, 74, 72, 75, 74, 73, 77, 75, 80, 83, 88, 89, 91, 92, 88, 87,
    83, 80, 80, 69, 70, 65, 64, 65, 66, 67, 74, 77, 79, 87, 94, 94, 94,
    92, 86, 81, 77, 73, 75, 72, 73, 69, 72, 78, 79, 85, 83, 85, 81, 78,
    75, 72, 75, 76, 73, 74, 76, 76, 76, 79, 77, 78, 79, 80, 78, 76, 75,
    79 ]
