%YAML:1.0
---
videoName: "headLookRight5.mp4"
gestureLabel: 204
fps: 29
pixelSizeInCmTemp: 3.1513157894736843e-01
faceCenterPointX: 228
faceCenterPointY: 76
headPositionsX: [ 230, 249, 251, 252, 251, 247, 249, 248, 251, 250, 249,
    247, 252, 247, 250, 248, 250, 251, 251, 249, 249, 248, 249, 248, 249,
    248, 248, 251, 250, 249, 248, 247, 249, 244, 244, 241, 240, 237, 232,
    229, 230, 230, 224, 226, 224, 228, 223, 223, 227, 229, 223, 224, 222,
    225, 226, 224, 227, 226, 226, 226, 223, 224, 225, 228, 228, 225, 224,
    227, 227, 228, 226, 225, 226, 229, 225, 227, 227, 228, 228, 222, 222,
    223, 228, 224, 225, 228, 225, 224, 225, 225, 225, 226, 226, 226, 225,
    224, 223, 226, 223, 224 ]
headPositionsY: [ 77, 76, 75, 73, 73, 73, 74, 72, 76, 75, 73, 72, 76, 74,
    73, 76, 76, 75, 75, 73, 76, 74, 77, 76, 72, 76, 73, 76, 73, 76, 76,
    74, 76, 73, 77, 72, 73, 74, 74, 72, 71, 73, 73, 76, 74, 75, 73, 75,
    76, 77, 72, 72, 74, 77, 76, 75, 74, 73, 77, 73, 74, 74, 75, 75, 75,
    75, 75, 76, 76, 72, 73, 77, 75, 73, 72, 75, 72, 75, 72, 70, 73, 72,
    77, 74, 71, 74, 72, 72, 73, 74, 72, 77, 74, 74, 73, 75, 75, 73, 73,
    74 ]
