%YAML:1.0
---
videoName: "headShake23.mp4"
gestureLabel: 201
fps: 29
pixelSizeInCmTemp: 3.2808219178082193e-01
faceCenterPointX: 240
faceCenterPointY: 77
headPositionsX: [ 238, 240, 243, 244, 242, 242, 239, 243, 243, 242, 244,
    239, 239, 241, 242, 242, 241, 239, 240, 238, 242, 241, 242, 245, 247,
    251, 254, 254, 252, 257, 251, 256, 252, 252, 247, 246, 242, 240, 237,
    232, 230, 232, 230, 227, 229, 230, 232, 232, 238, 237, 240, 244, 245,
    249, 249, 250, 253, 255, 253, 251, 249, 250, 247, 244, 241, 243, 238,
    237, 235, 237, 236, 233, 234, 232, 233, 236, 233, 238, 236, 239, 237,
    241, 238, 240, 242, 243, 245, 246, 247, 243, 245, 247, 244, 246, 245,
    244, 242, 245, 243, 241 ]
headPositionsY: [ 79, 78, 77, 74, 78, 79, 77, 76, 76, 78, 76, 76, 75, 76,
    79, 75, 74, 75, 75, 76, 75, 74, 76, 76, 75, 74, 76, 79, 75, 76, 76,
    76, 74, 76, 79, 76, 77, 79, 76, 76, 78, 78, 77, 74, 78, 79, 77, 79,
    80, 76, 79, 77, 79, 77, 77, 78, 75, 77, 77, 77, 76, 79, 77, 79, 80,
    80, 76, 79, 79, 77, 80, 77, 80, 78, 76, 78, 77, 77, 76, 77, 75, 79,
    76, 77, 76, 75, 77, 76, 78, 77, 78, 76, 77, 78, 75, 78, 79, 76, 79,
    78 ]
