%YAML:1.0
---
videoName: "headShake43.mp4"
gestureLabel: 201
fps: 29
pixelSizeInCmTemp: 3.2808219178082193e-01
faceCenterPointX: 257
faceCenterPointY: 84
headPositionsX: [ 257, 261, 258, 258, 261, 259, 260, 259, 258, 261, 260,
    261, 258, 258, 260, 262, 258, 258, 260, 261, 260, 261, 262, 262, 261,
    262, 261, 264, 267, 269, 271, 274, 277, 280, 278, 281, 280, 279, 277,
    273, 268, 266, 263, 257, 253, 249, 245, 242, 244, 241, 246, 253, 254,
    262, 268, 272, 271, 276, 273, 273, 269, 267, 260, 258, 250, 246, 243,
    245, 242, 248, 249, 249, 254, 262, 266, 264, 269, 269, 271, 270, 266,
    269, 265, 264, 263, 259, 262, 261, 257, 257, 257, 256, 259, 255, 258,
    257, 255, 254, 257, 257 ]
headPositionsY: [ 82, 86, 85, 87, 83, 86, 87, 83, 83, 87, 85, 87, 84, 87,
    85, 84, 86, 85, 87, 86, 87, 87, 88, 85, 87, 85, 82, 85, 87, 81, 83,
    83, 84, 83, 81, 80, 83, 83, 82, 80, 86, 87, 83, 85, 86, 85, 81, 81,
    83, 84, 83, 83, 86, 86, 86, 83, 81, 82, 81, 83, 81, 85, 85, 86, 85,
    83, 83, 84, 85, 81, 84, 86, 84, 84, 83, 84, 81, 82, 85, 84, 82, 84,
    86, 83, 82, 86, 85, 85, 86, 86, 83, 84, 82, 86, 84, 82, 84, 81, 83,
    82 ]
