%YAML:1.0
---
videoName: "headNod2.mp4"
gestureLabel: 202
fps: 29
pixelSizeInCmTemp: 3.2364864864864862e-01
faceCenterPointX: 263
faceCenterPointY: 70
headPositionsX: [ 263, 260, 264, 262, 260, 263, 261, 262, 262, 262, 261,
    266, 264, 263, 263, 265, 265, 266, 263, 264, 264, 262, 261, 261, 262,
    263, 263, 261, 264, 261, 264, 260, 262, 264, 264, 260, 260, 261, 262,
    259, 261, 261, 261, 260, 261, 262, 262, 263, 264, 264, 262, 264, 262,
    260, 260, 263, 263, 264, 264, 262, 264, 263, 261, 260, 263, 261, 262,
    261, 263, 262, 264, 261, 265, 264, 262, 264, 265, 264, 261, 260, 264,
    265, 264, 262, 264, 261, 261, 263, 261, 262, 265, 261, 263, 262, 263,
    264, 263, 264, 263, 265 ]
headPositionsY: [ 70, 73, 76, 74, 76, 73, 74, 75, 75, 77, 75, 78, 74, 76,
    73, 74, 73, 73, 76, 74, 75, 74, 73, 74, 75, 73, 73, 76, 77, 73, 74,
    72, 73, 74, 74, 74, 76, 73, 75, 72, 75, 72, 74, 74, 76, 72, 76, 76,
    74, 71, 73, 68, 72, 70, 76, 77, 77, 76, 77, 74, 69, 72, 70, 74, 74,
    77, 75, 73, 70, 69, 69, 72, 76, 78, 75, 77, 76, 71, 73, 72, 74, 72,
    75, 79, 76, 76, 70, 73, 68, 72, 69, 69, 72, 72, 72, 69, 69, 69, 70,
    69 ]
