%YAML:1.0
---
videoName: "headLookDown2.mp4"
gestureLabel: 206
fps: 29
pixelSizeInCmTemp: 3.3732394366197183e-01
faceCenterPointX: 274
faceCenterPointY: 95
headPositionsX: [ 273, 273, 273, 273, 273, 272, 272, 276, 276, 272, 274,
    272, 274, 273, 275, 273, 275, 272, 272, 276, 271, 275, 274, 276, 273,
    273, 273, 272, 275, 273, 275, 274, 273, 272, 276, 276, 274, 273, 275,
    275, 276, 276, 275, 277, 273, 274, 274, 272, 275, 272, 271, 274, 275,
    272, 272, 275, 276, 272, 274, 275, 274, 273, 273, 272, 273, 273, 276,
    274, 276, 275, 272, 275, 275, 273, 277, 278, 277, 276, 275, 273, 276,
    275, 276, 273, 273, 273, 275, 273, 277, 274, 275, 273, 273, 274, 275,
    273, 276, 274, 275, 274 ]
headPositionsY: [ 96, 79, 80, 81, 81, 79, 79, 80, 79, 80, 80, 79, 78, 80,
    78, 77, 80, 81, 79, 79, 80, 81, 80, 78, 82, 81, 82, 78, 80, 81, 79,
    80, 78, 81, 81, 80, 82, 85, 85, 86, 89, 91, 92, 91, 95, 94, 92, 95,
    92, 95, 93, 92, 93, 95, 96, 94, 94, 95, 95, 94, 94, 94, 93, 97, 94,
    95, 97, 97, 96, 94, 96, 95, 95, 94, 96, 93, 96, 96, 95, 96, 94, 95,
    96, 97, 94, 94, 96, 96, 96, 95, 97, 98, 93, 95, 95, 93, 98, 95, 97,
    98 ]
