%YAML:1.0
---
videoName: "headShake8.mp4"
gestureLabel: 201
fps: 29
pixelSizeInCmTemp: 3.2364864864864862e-01
faceCenterPointX: 243
faceCenterPointY: 72
headPositionsX: [ 244, 242, 245, 242, 242, 243, 243, 245, 245, 245, 242,
    244, 245, 244, 244, 244, 242, 242, 241, 244, 244, 243, 243, 243, 243,
    245, 243, 245, 242, 243, 243, 245, 243, 244, 248, 247, 254, 255, 263,
    266, 264, 264, 263, 261, 254, 249, 246, 238, 233, 231, 232, 233, 232,
    240, 242, 250, 252, 260, 260, 257, 258, 256, 251, 247, 244, 240, 234,
    232, 235, 235, 237, 239, 239, 240, 244, 247, 246, 247, 248, 250, 251,
    248, 251, 251, 250, 251, 249, 249, 247, 244, 246, 243, 245, 245, 245,
    242, 242, 245, 243, 245 ]
headPositionsY: [ 72, 69, 72, 71, 72, 74, 71, 74, 73, 70, 71, 71, 74, 74,
    73, 71, 72, 70, 72, 74, 72, 71, 69, 74, 70, 72, 72, 72, 72, 73, 73,
    74, 70, 70, 73, 71, 71, 70, 68, 70, 71, 69, 72, 72, 73, 72, 70, 72,
    71, 73, 72, 70, 73, 71, 70, 72, 69, 69, 67, 72, 72, 70, 72, 73, 73,
    74, 71, 72, 71, 74, 72, 72, 73, 74, 73, 73, 73, 71, 70, 73, 73, 70,
    72, 73, 70, 72, 72, 72, 73, 71, 71, 70, 71, 71, 74, 69, 73, 71, 73,
    71 ]
