%YAML:1.0
---
videoName: "headLookUp2.mp4"
gestureLabel: 205
fps: 29
pixelSizeInCmTemp: 3.7421874999999999e-01
faceCenterPointX: 254
faceCenterPointY: 67
headPositionsX: [ 252, 255, 257, 255, 254, 255, 258, 256, 257, 256, 257,
    256, 257, 256, 255, 253, 256, 257, 254, 256, 252, 253, 256, 253, 253,
    257, 256, 255, 254, 256, 256, 257, 255, 254, 254, 256, 252, 254, 254,
    255, 254, 254, 254, 252, 252, 253, 255, 252, 253, 256, 256, 256, 254,
    253, 257, 255, 253, 256, 253, 252, 252, 254, 254, 250, 253, 251, 253,
    254, 255, 254, 256, 252, 253, 254, 251, 250, 253, 254, 253, 253, 256,
    251, 255, 252, 254, 254, 255, 253, 257, 256, 256, 254, 254, 257, 254,
    254, 252, 254, 256, 253 ]
headPositionsY: [ 67, 79, 82, 80, 81, 80, 81, 80, 82, 80, 83, 80, 82, 82,
    78, 80, 79, 79, 81, 82, 82, 80, 80, 83, 84, 79, 79, 80, 78, 82, 82,
    83, 80, 83, 82, 79, 79, 78, 80, 80, 82, 80, 76, 75, 74, 76, 72, 71,
    70, 69, 70, 70, 66, 66, 66, 67, 66, 67, 65, 66, 70, 69, 69, 66, 67,
    68, 67, 66, 71, 68, 65, 64, 70, 69, 71, 69, 68, 70, 70, 70, 69, 68,
    69, 67, 68, 71, 68, 66, 68, 69, 68, 67, 68, 66, 68, 67, 65, 67, 67,
    65 ]
