%YAML:1.0
---
videoName: "headNod49.mp4"
gestureLabel: 202
fps: 29
pixelSizeInCmTemp: 2.9207317073170730e-01
faceCenterPointX: 263
faceCenterPointY: 74
headPositionsX: [ 265, 265, 266, 267, 265, 263, 264, 263, 267, 264, 266,
    265, 263, 265, 265, 262, 262, 266, 263, 266, 263, 262, 263, 267, 266,
    266, 264, 266, 262, 262, 262, 266, 262, 263, 261, 264, 265, 266, 263,
    263, 263, 266, 261, 261, 261, 261, 261, 263, 264, 261, 262, 261, 265,
    265, 261, 263, 264, 264, 266, 265, 262, 264, 263, 265, 263, 263, 262,
    263, 265, 262, 266, 263, 265, 264, 266, 262, 263, 265, 264, 262, 264,
    263, 264, 262, 262, 264, 262, 261, 263, 261, 263, 264, 261, 264, 265,
    266, 264, 261, 263, 261 ]
headPositionsY: [ 75, 69, 69, 72, 71, 75, 71, 74, 72, 72, 74, 73, 73, 69,
    68, 68, 70, 70, 69, 68, 68, 72, 70, 75, 79, 79, 76, 76, 74, 76, 71,
    70, 68, 71, 70, 71, 72, 71, 76, 75, 77, 77, 80, 74, 76, 74, 70, 68,
    69, 70, 73, 73, 76, 75, 75, 77, 79, 79, 77, 74, 76, 73, 73, 71, 71,
    77, 74, 76, 78, 78, 76, 78, 74, 74, 77, 73, 72, 72, 73, 77, 75, 76,
    76, 74, 74, 74, 73, 75, 72, 75, 76, 76, 76, 74, 74, 73, 76, 76, 75,
    76 ]
