%YAML:1.0
---
videoName: "headShake46.mp4"
gestureLabel: 201
fps: 30
pixelSizeInCmTemp: 3.2364864864864862e-01
faceCenterPointX: 262
faceCenterPointY: 85
headPositionsX: [ 264, 260, 261, 260, 260, 262, 262, 259, 260, 260, 259,
    260, 259, 261, 263, 259, 260, 263, 261, 258, 261, 261, 261, 260, 260,
    261, 258, 260, 260, 260, 262, 265, 270, 277, 279, 276, 278, 271, 266,
    258, 256, 253, 251, 252, 254, 264, 269, 270, 270, 266, 265, 255, 254,
    255, 256, 261, 261, 269, 269, 265, 264, 263, 260, 259, 257, 262, 261,
    265, 271, 269, 269, 264, 262, 261, 259, 260, 259, 264, 262, 263, 264,
    264, 265, 260, 258, 261, 262, 261, 258, 263, 262, 262, 262, 263, 261,
    263, 261, 260, 262, 261 ]
headPositionsY: [ 86, 85, 85, 86, 86, 86, 85, 82, 84, 86, 85, 84, 82, 84,
    84, 86, 83, 86, 82, 83, 86, 82, 84, 83, 86, 83, 86, 85, 86, 85, 86,
    81, 82, 83, 81, 81, 81, 83, 83, 86, 87, 82, 86, 83, 82, 85, 85, 86,
    82, 87, 86, 85, 87, 84, 86, 84, 86, 84, 84, 85, 88, 83, 87, 85, 84,
    84, 82, 83, 85, 86, 83, 86, 84, 86, 85, 85, 86, 85, 85, 83, 86, 83,
    84, 86, 84, 87, 84, 86, 87, 83, 86, 86, 83, 86, 86, 85, 86, 83, 82,
    85 ]
