%YAML:1.0
---
videoName: "headShake43.mp4"
gestureLabel: 201
fps: 29
pixelSizeInCmTemp: 3.2808219178082193e-01
faceCenterPointX: 257
faceCenterPointY: 84
headPositionsX: [ 256, 260, 260, 259, 258, 261, 262, 260, 260, 259, 260,
    261, 258, 261, 259, 261, 261, 262, 261, 258, 259, 262, 262, 261, 261,
    264, 263, 264, 266, 270, 274, 275, 277, 278, 277, 283, 280, 275, 277,
    277, 271, 265, 260, 257, 254, 248, 245, 246, 242, 245, 249, 252, 256,
    260, 269, 272, 274, 273, 273, 272, 269, 265, 261, 255, 249, 247, 247,
    242, 244, 247, 250, 250, 253, 262, 262, 268, 266, 268, 269, 268, 268,
    269, 267, 263, 263, 261, 259, 259, 256, 260, 255, 257, 258, 256, 259,
    254, 255, 256, 256, 256 ]
headPositionsY: [ 82, 85, 84, 84, 85, 84, 87, 87, 84, 85, 87, 86, 87, 83,
    87, 87, 87, 85, 84, 87, 83, 86, 87, 84, 84, 84, 83, 87, 84, 85, 83,
    83, 82, 83, 81, 84, 82, 83, 84, 84, 84, 86, 86, 87, 85, 83, 83, 85,
    82, 85, 83, 85, 86, 84, 83, 84, 83, 81, 83, 81, 83, 86, 83, 86, 85,
    83, 84, 83, 83, 82, 86, 84, 82, 83, 83, 83, 81, 85, 84, 82, 83, 82,
    82, 86, 85, 86, 86, 84, 83, 86, 83, 85, 84, 84, 83, 83, 86, 82, 84,
    83 ]
