%YAML:1.0
---
videoName: "headNod29.mp4"
gestureLabel: 202
fps: 29
pixelSizeInCmTemp: 3.1933333333333330e-01
faceCenterPointX: 271
faceCenterPointY: 70
headPositionsX: [ 271, 273, 276, 273, 274, 272, 271, 271, 275, 273, 272,
    271, 271, 274, 271, 274, 270, 271, 274, 270, 271, 273, 270, 273, 274,
    271, 272, 272, 269, 270, 273, 269, 270, 271, 270, 271, 268, 272, 271,
    268, 273, 271, 270, 273, 272, 269, 273, 272, 271, 270, 273, 272, 271,
    273, 271, 273, 269, 270, 268, 272, 268, 270, 267, 271, 271, 268, 268,
    268, 267, 271, 271, 270, 272, 273, 269, 273, 270, 271, 270, 274, 273,
    269, 272, 271, 273, 270, 273, 273, 273, 272, 270, 273, 270, 270, 269,
    270, 271, 272, 272, 272 ]
headPositionsY: [ 72, 74, 71, 72, 75, 78, 76, 76, 78, 78, 81, 79, 75, 73,
    74, 71, 67, 65, 69, 65, 68, 70, 70, 72, 73, 77, 79, 82, 77, 81, 79,
    78, 75, 71, 73, 73, 69, 70, 70, 75, 76, 79, 80, 81, 78, 78, 79, 77,
    72, 73, 73, 73, 78, 81, 82, 81, 80, 82, 80, 73, 75, 72, 74, 77, 77,
    76, 77, 77, 74, 73, 72, 73, 68, 68, 72, 71, 73, 73, 77, 76, 75, 76,
    74, 74, 72, 71, 69, 69, 69, 67, 67, 67, 72, 71, 72, 68, 72, 72, 67,
    69 ]
