%YAML:1.0
---
videoName: "headNod49.mp4"
gestureLabel: 202
fps: 29
pixelSizeInCmTemp: 2.9207317073170730e-01
faceCenterPointX: 263
faceCenterPointY: 74
headPositionsX: [ 265, 267, 267, 266, 265, 264, 264, 263, 267, 265, 267,
    262, 263, 262, 264, 263, 266, 265, 266, 267, 266, 262, 263, 265, 266,
    263, 262, 265, 261, 265, 266, 264, 264, 263, 265, 266, 264, 262, 262,
    264, 266, 263, 263, 264, 265, 265, 260, 262, 265, 262, 265, 262, 265,
    266, 261, 261, 265, 265, 265, 264, 265, 262, 265, 264, 264, 265, 261,
    264, 263, 264, 266, 262, 264, 266, 265, 261, 264, 265, 263, 265, 264,
    263, 265, 261, 260, 260, 262, 262, 264, 260, 261, 265, 263, 265, 263,
    263, 264, 263, 264, 262 ]
headPositionsY: [ 72, 69, 73, 70, 72, 73, 72, 72, 73, 73, 70, 69, 73, 69,
    69, 67, 69, 67, 69, 70, 70, 71, 74, 74, 77, 77, 77, 79, 77, 72, 74,
    69, 71, 69, 68, 71, 73, 71, 74, 78, 80, 79, 77, 76, 77, 74, 72, 70,
    73, 72, 73, 71, 76, 77, 77, 78, 76, 79, 77, 73, 75, 73, 75, 73, 71,
    73, 75, 75, 78, 76, 75, 79, 74, 73, 75, 73, 74, 73, 76, 77, 73, 74,
    78, 76, 73, 74, 73, 72, 75, 74, 73, 75, 76, 77, 74, 75, 72, 72, 76,
    73 ]
