%YAML:1.0
---
videoName: "headLookUp3.mp4"
gestureLabel: 205
fps: 29
pixelSizeInCmTemp: 3.7421874999999999e-01
faceCenterPointX: 254
faceCenterPointY: 68
headPositionsX: [ 253, 255, 256, 257, 257, 258, 256, 256, 253, 257, 255,
    253, 257, 254, 255, 258, 258, 258, 257, 257, 255, 254, 256, 255, 256,
    254, 255, 254, 257, 254, 258, 255, 259, 255, 258, 257, 254, 258, 254,
    254, 258, 255, 254, 256, 254, 254, 257, 254, 258, 256, 256, 258, 253,
    257, 254, 254, 255, 253, 253, 256, 252, 257, 255, 257, 257, 252, 255,
    253, 255, 253, 254, 258, 254, 258, 254, 256, 255, 256, 255, 256, 256,
    255, 256, 254, 252, 256, 258, 257, 254, 253, 258, 254, 256, 257, 256,
    256, 254, 256, 254, 255 ]
headPositionsY: [ 68, 83, 83, 80, 82, 84, 81, 82, 82, 81, 82, 80, 81, 81,
    81, 81, 82, 82, 81, 80, 82, 81, 84, 82, 83, 81, 80, 82, 82, 80, 81,
    82, 84, 80, 81, 81, 81, 81, 80, 79, 79, 75, 77, 74, 73, 74, 70, 68,
    70, 70, 65, 70, 67, 66, 68, 66, 71, 64, 66, 65, 68, 67, 68, 67, 68,
    69, 65, 66, 67, 70, 68, 66, 68, 68, 68, 68, 69, 70, 68, 66, 68, 69,
    68, 68, 69, 68, 67, 70, 67, 68, 67, 66, 67, 68, 66, 68, 70, 68, 66,
    65 ]
