%YAML:1.0
---
videoName: "headShake42.mp4"
gestureLabel: 201
fps: 29
pixelSizeInCmTemp: 3.2808219178082193e-01
faceCenterPointX: 257
faceCenterPointY: 85
headPositionsX: [ 257, 273, 277, 276, 278, 277, 278, 274, 273, 271, 271,
    270, 267, 265, 260, 256, 253, 249, 248, 243, 244, 241, 245, 244, 241,
    243, 249, 249, 254, 258, 264, 269, 273, 274, 280, 280, 275, 277, 277,
    275, 272, 268, 267, 267, 261, 259, 254, 251, 251, 247, 247, 244, 245,
    247, 247, 247, 250, 253, 253, 256, 257, 263, 264, 263, 269, 269, 268,
    268, 266, 266, 266, 267, 265, 266, 266, 265, 262, 261, 259, 258, 257,
    256, 255, 256, 258, 254, 258, 254, 256, 258, 259, 254, 254, 257, 258,
    257, 258, 255, 255, 256 ]
headPositionsY: [ 85, 84, 81, 83, 82, 79, 83, 83, 82, 84, 83, 85, 82, 86,
    83, 85, 85, 86, 85, 83, 82, 84, 85, 87, 85, 83, 85, 83, 85, 86, 83,
    82, 83, 84, 83, 84, 85, 84, 85, 83, 85, 88, 88, 86, 85, 86, 85, 84,
    86, 87, 86, 87, 86, 85, 86, 87, 87, 85, 87, 84, 84, 83, 85, 85, 84,
    84, 85, 83, 83, 83, 85, 86, 85, 85, 87, 84, 83, 84, 86, 83, 86, 84,
    84, 84, 83, 85, 83, 87, 87, 85, 88, 88, 83, 87, 83, 84, 87, 84, 85,
    84 ]
