%YAML:1.0
---
videoName: "headShake9.mp4"
gestureLabel: 201
fps: 30
pixelSizeInCmTemp: 3.2808219178082193e-01
faceCenterPointX: 243
faceCenterPointY: 73
headPositionsX: [ 243, 245, 245, 240, 241, 244, 244, 242, 243, 245, 241,
    243, 240, 244, 245, 241, 244, 245, 242, 241, 241, 242, 241, 245, 241,
    245, 240, 245, 245, 245, 240, 243, 243, 241, 245, 242, 244, 244, 242,
    243, 245, 251, 252, 258, 263, 264, 265, 267, 259, 257, 251, 247, 241,
    240, 234, 230, 228, 228, 234, 237, 242, 247, 252, 257, 259, 262, 261,
    260, 253, 248, 244, 237, 233, 228, 231, 230, 229, 235, 236, 238, 244,
    250, 249, 250, 252, 250, 248, 246, 246, 246, 248, 243, 247, 245, 245,
    242, 245, 244, 245, 241 ]
headPositionsY: [ 73, 72, 73, 71, 73, 70, 71, 71, 70, 73, 71, 73, 74, 71,
    74, 71, 71, 70, 73, 72, 72, 70, 71, 73, 71, 75, 70, 74, 73, 74, 74,
    72, 75, 74, 73, 74, 72, 74, 71, 74, 74, 70, 72, 71, 69, 68, 68, 69,
    69, 70, 72, 74, 71, 72, 71, 74, 71, 71, 74, 75, 73, 74, 70, 70, 71,
    72, 70, 73, 71, 72, 70, 71, 71, 74, 75, 69, 74, 74, 73, 74, 74, 74,
    74, 74, 72, 75, 72, 72, 75, 74, 74, 71, 75, 73, 75, 75, 74, 71, 76,
    73 ]
