%YAML:1.0
---
videoName: "headNod2.mp4"
gestureLabel: 202
fps: 29
pixelSizeInCmTemp: 3.2364864864864862e-01
faceCenterPointX: 263
faceCenterPointY: 70
headPositionsX: [ 262, 263, 261, 260, 261, 264, 264, 261, 263, 262, 263,
    263, 266, 263, 264, 265, 262, 263, 265, 264, 264, 262, 262, 264, 264,
    262, 263, 261, 263, 262, 262, 261, 263, 263, 263, 262, 260, 262, 263,
    260, 262, 262, 261, 261, 260, 259, 261, 261, 262, 265, 261, 263, 262,
    260, 264, 260, 264, 264, 260, 260, 264, 264, 262, 262, 262, 262, 262,
    264, 263, 262, 262, 261, 262, 264, 263, 263, 263, 262, 263, 264, 261,
    261, 264, 262, 262, 265, 263, 261, 264, 265, 265, 264, 262, 262, 264,
    265, 265, 266, 263, 264 ]
headPositionsY: [ 69, 77, 74, 76, 76, 75, 74, 75, 74, 73, 76, 76, 76, 77,
    75, 76, 77, 75, 77, 77, 73, 75, 76, 74, 72, 75, 75, 74, 75, 73, 76,
    74, 76, 73, 72, 76, 73, 72, 75, 74, 72, 73, 72, 73, 73, 75, 76, 74,
    72, 72, 69, 69, 70, 70, 73, 75, 81, 80, 74, 72, 73, 72, 70, 73, 74,
    77, 73, 71, 71, 68, 70, 71, 76, 78, 76, 77, 76, 69, 70, 73, 72, 76,
    75, 76, 77, 72, 71, 72, 70, 72, 72, 73, 71, 72, 72, 70, 71, 70, 68,
    72 ]
