%YAML:1.0
---
videoName: "headNod16.mp4"
gestureLabel: 202
fps: 29
pixelSizeInCmTemp: 3.3263888888888887e-01
faceCenterPointX: 255
faceCenterPointY: 77
headPositionsX: [ 254, 259, 261, 261, 257, 258, 257, 258, 258, 258, 262,
    257, 257, 260, 261, 259, 258, 257, 257, 256, 257, 260, 260, 256, 257,
    257, 258, 258, 260, 257, 257, 258, 260, 256, 261, 257, 259, 261, 260,
    260, 257, 258, 258, 258, 258, 256, 257, 257, 257, 256, 259, 260, 259,
    258, 259, 259, 255, 256, 259, 258, 259, 260, 255, 258, 257, 255, 257,
    254, 254, 257, 257, 253, 255, 253, 256, 256, 254, 252, 253, 255, 255,
    252, 253, 255, 258, 255, 254, 255, 256, 254, 256, 255, 257, 257, 256,
    254, 255, 255, 253, 256 ]
headPositionsY: [ 75, 73, 75, 75, 77, 72, 77, 74, 73, 76, 74, 78, 77, 72,
    76, 75, 74, 75, 75, 73, 73, 72, 73, 77, 77, 73, 73, 74, 76, 74, 76,
    75, 75, 72, 73, 72, 73, 69, 69, 70, 68, 70, 73, 73, 75, 80, 80, 82,
    83, 80, 76, 73, 70, 69, 71, 72, 70, 76, 78, 81, 80, 81, 79, 80, 80,
    75, 74, 69, 71, 69, 73, 75, 73, 79, 82, 77, 78, 76, 76, 74, 71, 68,
    71, 68, 74, 74, 75, 77, 77, 75, 76, 78, 75, 77, 76, 77, 75, 78, 78,
    76 ]
