%YAML:1.0
---
videoName: "headShake32.mp4"
gestureLabel: 201
fps: 29
pixelSizeInCmTemp: 3.2808219178082193e-01
faceCenterPointX: 237
faceCenterPointY: 77
headPositionsX: [ 235, 237, 239, 237, 238, 239, 237, 237, 240, 237, 239,
    240, 241, 241, 240, 240, 240, 241, 239, 239, 243, 239, 242, 240, 242,
    241, 242, 239, 239, 242, 239, 238, 238, 239, 239, 239, 238, 241, 240,
    242, 243, 243, 244, 250, 251, 250, 251, 251, 253, 252, 251, 247, 247,
    244, 240, 241, 235, 234, 232, 233, 231, 228, 229, 228, 227, 229, 225,
    228, 231, 231, 233, 239, 241, 241, 245, 249, 250, 252, 248, 250, 249,
    247, 247, 245, 245, 241, 240, 239, 240, 240, 236, 238, 238, 240, 240,
    238, 236, 238, 238, 236 ]
headPositionsY: [ 76, 70, 75, 71, 73, 74, 74, 72, 71, 76, 72, 75, 73, 75,
    73, 72, 76, 72, 74, 75, 76, 75, 73, 73, 76, 74, 73, 72, 77, 74, 73,
    74, 74, 72, 76, 75, 72, 74, 74, 73, 73, 75, 75, 73, 75, 74, 71, 72,
    71, 75, 72, 74, 76, 76, 75, 76, 74, 75, 73, 77, 75, 74, 74, 78, 75,
    74, 78, 74, 77, 78, 74, 76, 77, 77, 75, 74, 76, 74, 77, 76, 78, 78,
    76, 75, 76, 78, 75, 75, 75, 78, 78, 79, 78, 79, 80, 77, 76, 76, 75,
    80 ]
