%YAML:1.0
---
videoName: "headLookLeft5.mp4"
gestureLabel: 203
fps: 30
pixelSizeInCmTemp: 3.5746268656716418e-01
faceCenterPointX: 284
faceCenterPointY: 67
headPositionsX: [ 285, 260, 260, 258, 262, 259, 257, 262, 259, 261, 258,
    261, 260, 263, 264, 260, 263, 264, 265, 261, 265, 265, 266, 270, 270,
    273, 275, 275, 279, 278, 281, 282, 284, 283, 283, 288, 287, 285, 286,
    284, 284, 284, 282, 282, 287, 284, 285, 284, 286, 284, 285, 285, 284,
    283, 284, 285, 283, 281, 283, 283, 283, 284, 283, 284, 284, 285, 285,
    285, 282, 281, 287, 285, 285, 282, 285, 284, 288, 283, 283, 284, 287,
    286, 285, 286, 285, 285, 286, 285, 284, 286, 287, 285, 286, 287, 286,
    285, 283, 284, 284, 285 ]
headPositionsY: [ 66, 71, 71, 69, 72, 71, 71, 69, 70, 72, 71, 70, 72, 73,
    71, 72, 74, 70, 72, 70, 72, 74, 70, 71, 69, 72, 71, 70, 70, 71, 68,
    70, 71, 66, 68, 70, 67, 68, 65, 71, 71, 67, 69, 66, 67, 70, 67, 68,
    67, 67, 69, 67, 69, 70, 66, 70, 67, 66, 66, 69, 69, 67, 68, 66, 66,
    66, 67, 67, 65, 71, 68, 68, 70, 68, 68, 70, 68, 67, 68, 65, 68, 69,
    66, 70, 68, 71, 69, 67, 66, 66, 70, 68, 71, 70, 67, 67, 68, 66, 67,
    66 ]
