%YAML:1.0
---
videoName: "headLookUp7.mp4"
gestureLabel: 205
fps: 29
pixelSizeInCmTemp: 3.6846153846153845e-01
faceCenterPointX: 257
faceCenterPointY: 70
headPositionsX: [ 255, 255, 255, 256, 254, 257, 254, 254, 255, 255, 256,
    257, 258, 256, 255, 258, 258, 254, 258, 255, 257, 256, 255, 258, 255,
    256, 254, 256, 256, 254, 253, 258, 259, 256, 257, 255, 259, 257, 258,
    257, 255, 254, 255, 258, 258, 254, 256, 258, 254, 258, 256, 255, 256,
    256, 255, 257, 254, 258, 257, 255, 258, 258, 257, 257, 255, 259, 258,
    258, 255, 255, 257, 257, 257, 256, 257, 255, 255, 258, 255, 258, 258,
    254, 258, 257, 254, 256, 256, 255, 254, 256, 255, 256, 256, 255, 259,
    255, 260, 255, 258, 255 ]
headPositionsY: [ 69, 85, 83, 83, 85, 81, 81, 85, 85, 82, 84, 83, 83, 81,
    83, 85, 81, 84, 80, 78, 79, 78, 77, 75, 74, 73, 73, 70, 72, 70, 70,
    72, 70, 69, 69, 71, 68, 68, 68, 69, 70, 67, 65, 69, 69, 69, 67, 66,
    66, 67, 70, 68, 69, 69, 68, 69, 68, 67, 67, 67, 69, 72, 66, 72, 68,
    70, 68, 69, 71, 70, 69, 69, 69, 69, 68, 72, 66, 68, 68, 69, 70, 72,
    70, 71, 70, 68, 70, 70, 69, 70, 70, 67, 71, 71, 67, 71, 71, 66, 72,
    67 ]
