%YAML:1.0
---
videoName: "headShake39.mp4"
gestureLabel: 201
fps: 29
pixelSizeInCmTemp: 3.1933333333333330e-01
faceCenterPointX: 263
faceCenterPointY: 83
headPositionsX: [ 262, 261, 262, 258, 259, 259, 260, 260, 262, 261, 260,
    259, 259, 263, 262, 262, 259, 259, 262, 259, 261, 257, 256, 252, 254,
    248, 247, 246, 243, 242, 245, 244, 248, 253, 258, 261, 265, 269, 275,
    279, 280, 280, 276, 271, 262, 257, 253, 250, 245, 247, 246, 247, 253,
    258, 263, 268, 274, 278, 281, 282, 275, 273, 267, 265, 259, 253, 251,
    249, 251, 250, 252, 249, 252, 254, 259, 260, 263, 262, 266, 267, 266,
    267, 264, 267, 267, 265, 264, 264, 265, 263, 263, 262, 262, 264, 262,
    265, 263, 262, 264, 260 ]
headPositionsY: [ 83, 83, 85, 83, 81, 81, 81, 82, 83, 81, 80, 81, 83, 84,
    83, 85, 85, 83, 82, 85, 82, 81, 85, 84, 82, 83, 83, 81, 80, 80, 85,
    82, 81, 82, 83, 83, 83, 83, 80, 77, 80, 78, 79, 85, 85, 83, 81, 80,
    82, 83, 80, 83, 84, 83, 80, 82, 83, 80, 82, 79, 82, 84, 82, 83, 80,
    80, 79, 78, 79, 81, 80, 79, 80, 79, 82, 84, 85, 82, 82, 83, 81, 83,
    84, 83, 82, 83, 81, 81, 83, 81, 83, 83, 84, 83, 81, 85, 82, 81, 82,
    82 ]
