%YAML:1.0
---
videoName: "headNod48.mp4"
gestureLabel: 202
fps: 29
pixelSizeInCmTemp: 2.8855421686746985e-01
faceCenterPointX: 264
faceCenterPointY: 72
headPositionsX: [ 264, 266, 267, 267, 264, 264, 264, 266, 263, 262, 263,
    264, 265, 261, 262, 264, 262, 259, 262, 264, 262, 260, 261, 260, 259,
    262, 261, 263, 262, 259, 261, 260, 262, 260, 263, 261, 263, 260, 264,
    264, 264, 262, 264, 262, 263, 261, 259, 263, 264, 260, 263, 263, 259,
    261, 260, 263, 259, 262, 260, 259, 260, 264, 264, 262, 263, 262, 261,
    261, 266, 262, 263, 265, 263, 266, 263, 266, 265, 265, 265, 267, 266,
    266, 267, 265, 265, 264, 267, 265, 265, 265, 267, 266, 264, 268, 266,
    265, 266, 266, 263, 264 ]
headPositionsY: [ 70, 75, 78, 80, 76, 77, 72, 73, 69, 66, 61, 60, 61, 64,
    68, 71, 73, 78, 83, 86, 87, 89, 83, 82, 76, 73, 70, 70, 66, 62, 63,
    66, 65, 64, 66, 71, 73, 75, 81, 84, 81, 82, 78, 77, 75, 74, 72, 71,
    73, 71, 72, 73, 74, 78, 78, 79, 77, 76, 72, 71, 70, 70, 69, 71, 74,
    74, 75, 75, 79, 74, 76, 74, 73, 69, 72, 70, 70, 71, 71, 75, 76, 77,
    75, 74, 72, 73, 74, 68, 71, 72, 75, 75, 73, 76, 74, 72, 74, 73, 71,
    70 ]
