%YAML:1.0
---
videoName: "headShake30.mp4"
gestureLabel: 201
fps: 29
pixelSizeInCmTemp: 3.2808219178082193e-01
faceCenterPointX: 240
faceCenterPointY: 68
headPositionsX: [ 238, 235, 233, 231, 230, 235, 231, 233, 234, 235, 235,
    237, 239, 238, 240, 239, 240, 243, 245, 244, 244, 243, 243, 245, 243,
    244, 243, 241, 244, 239, 242, 241, 240, 241, 240, 239, 237, 238, 241,
    248, 252, 256, 257, 260, 257, 259, 257, 254, 251, 245, 240, 230, 228,
    222, 224, 227, 231, 236, 239, 246, 248, 250, 250, 252, 248, 241, 237,
    232, 228, 225, 227, 230, 231, 235, 241, 246, 247, 252, 251, 248, 249,
    246, 240, 236, 235, 234, 236, 238, 235, 237, 237, 242, 241, 242, 242,
    239, 239, 240, 241, 237 ]
headPositionsY: [ 66, 55, 54, 59, 56, 59, 61, 61, 61, 65, 62, 66, 66, 65,
    63, 65, 67, 65, 67, 67, 67, 67, 65, 66, 67, 63, 64, 68, 68, 66, 64,
    64, 67, 66, 66, 65, 68, 65, 64, 65, 65, 64, 63, 67, 63, 63, 67, 65,
    65, 66, 66, 66, 69, 68, 70, 66, 68, 68, 69, 71, 66, 68, 65, 68, 71,
    67, 67, 69, 67, 69, 67, 69, 67, 69, 67, 67, 68, 68, 65, 68, 68, 69,
    65, 67, 67, 65, 69, 69, 69, 68, 67, 70, 68, 66, 67, 65, 68, 66, 71,
    70 ]
