%YAML:1.0
---
videoName: "headLookDown4.mp4"
gestureLabel: 206
fps: 29
pixelSizeInCmTemp: 3.4710144927536229e-01
faceCenterPointX: 275
faceCenterPointY: 97
headPositionsX: [ 276, 273, 275, 272, 274, 271, 270, 272, 273, 274, 272,
    271, 275, 270, 271, 275, 274, 271, 271, 275, 272, 273, 274, 272, 275,
    273, 271, 273, 271, 274, 271, 274, 272, 271, 273, 274, 272, 271, 276,
    271, 272, 274, 273, 273, 276, 272, 274, 271, 275, 275, 276, 272, 273,
    275, 271, 272, 273, 275, 272, 273, 275, 275, 274, 273, 272, 276, 274,
    273, 273, 272, 273, 276, 276, 275, 274, 275, 273, 275, 274, 276, 273,
    275, 276, 272, 277, 274, 277, 274, 273, 276, 276, 273, 276, 272, 273,
    274, 276, 275, 275, 276 ]
headPositionsY: [ 97, 79, 82, 83, 80, 80, 79, 78, 80, 80, 81, 78, 80, 81,
    78, 82, 81, 82, 79, 81, 80, 83, 78, 82, 83, 82, 81, 80, 78, 82, 79,
    80, 84, 83, 83, 85, 84, 84, 85, 87, 87, 87, 89, 90, 93, 93, 93, 96,
    93, 95, 96, 97, 97, 99, 98, 103, 102, 102, 102, 100, 101, 100, 100,
    99, 102, 100, 98, 99, 98, 98, 100, 99, 98, 99, 98, 97, 99, 97, 99,
    99, 95, 97, 98, 99, 98, 99, 95, 98, 96, 98, 96, 96, 97, 97, 98, 97,
    96, 97, 100, 95 ]
