%YAML:1.0
---
videoName: "headShake37.mp4"
gestureLabel: 201
fps: 30
pixelSizeInCmTemp: 3.1933333333333330e-01
faceCenterPointX: 263
faceCenterPointY: 83
headPositionsX: [ 263, 262, 260, 261, 259, 262, 262, 263, 260, 261, 261,
    261, 260, 260, 262, 261, 262, 262, 263, 263, 263, 261, 262, 263, 261,
    261, 261, 263, 260, 261, 262, 264, 259, 260, 262, 261, 261, 260, 264,
    264, 263, 261, 261, 263, 259, 262, 261, 264, 267, 268, 272, 278, 278,
    282, 280, 278, 272, 268, 259, 257, 254, 254, 253, 260, 260, 267, 272,
    272, 275, 271, 269, 265, 263, 258, 256, 254, 255, 255, 256, 256, 259,
    260, 262, 263, 264, 264, 267, 264, 265, 268, 266, 265, 264, 265, 261,
    265, 264, 262, 266, 265 ]
headPositionsY: [ 82, 83, 81, 84, 82, 82, 85, 83, 81, 83, 84, 84, 85, 85,
    82, 83, 83, 82, 81, 83, 84, 83, 81, 81, 83, 85, 82, 82, 85, 80, 82,
    84, 82, 84, 85, 85, 85, 82, 83, 81, 84, 84, 82, 84, 84, 85, 81, 81,
    83, 83, 84, 80, 82, 82, 79, 80, 84, 81, 84, 83, 81, 79, 83, 83, 80,
    82, 82, 82, 83, 80, 80, 85, 81, 85, 84, 84, 83, 79, 83, 82, 82, 82,
    81, 82, 84, 83, 83, 84, 80, 83, 84, 84, 85, 83, 83, 82, 81, 81, 85,
    84 ]
