%YAML:1.0
---
videoName: "headShake38.mp4"
gestureLabel: 201
fps: 29
pixelSizeInCmTemp: 3.2808219178082193e-01
faceCenterPointX: 259
faceCenterPointY: 84
headPositionsX: [ 260, 262, 264, 263, 265, 261, 262, 261, 263, 262, 265,
    261, 262, 264, 263, 265, 262, 262, 264, 261, 263, 262, 263, 260, 263,
    264, 265, 263, 265, 262, 265, 263, 262, 264, 262, 265, 261, 263, 261,
    260, 263, 259, 261, 256, 254, 251, 246, 245, 250, 252, 259, 268, 273,
    275, 278, 275, 270, 261, 256, 252, 249, 248, 255, 259, 269, 273, 274,
    271, 264, 259, 251, 247, 247, 248, 251, 253, 261, 264, 266, 269, 268,
    271, 267, 267, 265, 263, 260, 261, 260, 259, 261, 261, 262, 262, 260,
    257, 259, 258, 260, 260 ]
headPositionsY: [ 83, 83, 83, 84, 84, 85, 84, 81, 83, 83, 83, 82, 83, 83,
    82, 82, 81, 85, 83, 85, 85, 83, 85, 82, 84, 85, 84, 84, 85, 84, 85,
    84, 83, 86, 82, 82, 84, 85, 83, 82, 82, 84, 86, 82, 85, 82, 81, 80,
    83, 84, 85, 85, 82, 81, 83, 82, 82, 83, 82, 82, 82, 84, 82, 84, 84,
    84, 82, 85, 85, 84, 82, 81, 84, 82, 81, 86, 81, 86, 83, 83, 85, 87,
    84, 85, 86, 83, 84, 82, 84, 83, 85, 84, 86, 84, 85, 86, 83, 87, 83,
    82 ]
