%YAML:1.0
---
videoName: "headShake0.mp4"
gestureLabel: 201
fps: 29
pixelSizeInCmTemp: 3.2808219178082193e-01
faceCenterPointX: 279
faceCenterPointY: 94
headPositionsX: [ 278, 281, 278, 277, 281, 278, 281, 278, 281, 281, 279,
    281, 277, 278, 277, 279, 281, 278, 280, 279, 281, 278, 279, 277, 281,
    277, 279, 277, 280, 279, 276, 280, 281, 280, 276, 278, 278, 278, 280,
    277, 280, 282, 285, 288, 291, 293, 298, 299, 299, 298, 296, 293, 288,
    282, 275, 273, 270, 271, 274, 275, 280, 286, 287, 288, 288, 287, 286,
    284, 276, 276, 274, 274, 272, 274, 277, 283, 284, 282, 283, 283, 281,
    280, 277, 278, 275, 275, 275, 276, 279, 276, 278, 279, 280, 277, 281,
    281, 281, 278, 279, 279 ]
headPositionsY: [ 93, 93, 92, 92, 94, 94, 95, 93, 92, 94, 95, 91, 92, 94,
    94, 91, 94, 95, 91, 95, 92, 92, 94, 94, 95, 93, 91, 93, 94, 94, 92,
    91, 95, 93, 95, 94, 95, 91, 94, 93, 92, 93, 93, 93, 91, 89, 93, 90,
    94, 91, 91, 93, 91, 93, 90, 93, 94, 94, 91, 91, 92, 94, 93, 90, 94,
    93, 94, 93, 94, 91, 93, 92, 94, 91, 91, 91, 95, 92, 95, 95, 94, 92,
    92, 94, 96, 94, 94, 93, 95, 93, 93, 97, 94, 93, 95, 93, 95, 95, 95,
    93 ]
