%YAML:1.0
---
videoName: "headNod42.mp4"
gestureLabel: 202
fps: 30
pixelSizeInCmTemp: 3.0316455696202532e-01
faceCenterPointX: 265
faceCenterPointY: 77
headPositionsX: [ 266, 267, 269, 266, 270, 267, 271, 269, 270, 268, 267,
    270, 267, 267, 270, 272, 272, 267, 268, 270, 270, 268, 268, 267, 269,
    266, 268, 268, 265, 266, 267, 265, 266, 267, 264, 268, 266, 264, 267,
    264, 268, 266, 263, 263, 263, 266, 266, 265, 263, 265, 265, 265, 267,
    263, 266, 265, 267, 266, 262, 264, 268, 266, 266, 263, 267, 263, 266,
    264, 267, 267, 266, 265, 264, 267, 266, 264, 267, 267, 266, 268, 266,
    263, 268, 268, 267, 266, 266, 267, 266, 263, 266, 263, 265, 268, 267,
    265, 266, 265, 264, 266 ]
headPositionsY: [ 78, 75, 77, 74, 77, 76, 75, 75, 78, 79, 78, 79, 74, 76,
    75, 70, 70, 65, 67, 65, 65, 68, 68, 74, 80, 84, 86, 91, 92, 92, 87,
    85, 81, 74, 77, 71, 67, 68, 67, 70, 77, 80, 80, 81, 82, 84, 80, 77,
    75, 73, 71, 72, 69, 70, 75, 78, 81, 85, 82, 84, 84, 84, 80, 75, 75,
    72, 72, 76, 74, 73, 74, 80, 82, 79, 79, 78, 77, 78, 75, 72, 74, 75,
    76, 76, 78, 80, 80, 84, 80, 81, 80, 77, 77, 79, 76, 76, 77, 75, 79,
    80 ]
