%YAML:1.0
---
videoName: "headLookLeft8.mp4"
gestureLabel: 203
fps: 29
pixelSizeInCmTemp: 3.6287878787878786e-01
faceCenterPointX: 273
faceCenterPointY: 69
headPositionsX: [ 272, 244, 244, 241, 239, 242, 239, 242, 243, 240, 239,
    239, 243, 245, 244, 242, 243, 244, 248, 248, 249, 245, 246, 247, 246,
    245, 247, 246, 248, 248, 246, 245, 248, 249, 246, 246, 247, 246, 244,
    248, 243, 243, 243, 246, 245, 245, 248, 245, 245, 245, 245, 248, 247,
    247, 251, 250, 254, 255, 257, 262, 261, 265, 269, 271, 271, 273, 276,
    280, 282, 274, 277, 278, 277, 274, 276, 275, 274, 272, 275, 280, 280,
    280, 278, 270, 274, 276, 279, 279, 273, 274, 273, 275, 276, 275, 275,
    275, 277, 277, 275, 270 ]
headPositionsY: [ 70, 67, 67, 68, 68, 67, 69, 66, 68, 69, 68, 69, 69, 69,
    66, 70, 67, 70, 71, 69, 69, 68, 71, 70, 69, 68, 71, 70, 71, 72, 70,
    72, 73, 71, 70, 72, 73, 70, 74, 70, 71, 73, 73, 70, 71, 71, 74, 74,
    74, 74, 73, 72, 73, 72, 74, 72, 70, 69, 72, 71, 72, 70, 70, 74, 68,
    68, 67, 71, 69, 68, 68, 69, 70, 72, 71, 67, 68, 69, 68, 69, 72, 72,
    69, 67, 69, 67, 68, 69, 71, 69, 70, 71, 71, 67, 72, 70, 70, 67, 67,
    70 ]
