%YAML:1.0
---
videoName: "headNod28.mp4"
gestureLabel: 202
fps: 30
pixelSizeInCmTemp: 3.2364864864864862e-01
faceCenterPointX: 270
faceCenterPointY: 76
headPositionsX: [ 269, 269, 272, 271, 272, 272, 273, 271, 272, 274, 270,
    270, 270, 268, 268, 269, 268, 271, 269, 268, 272, 271, 270, 271, 272,
    270, 272, 269, 271, 269, 268, 269, 271, 270, 268, 272, 270, 268, 272,
    269, 271, 273, 272, 270, 269, 268, 271, 269, 272, 271, 271, 272, 267,
    271, 271, 270, 271, 272, 269, 272, 268, 269, 269, 272, 273, 270, 269,
    273, 270, 270, 270, 271, 273, 270, 269, 273, 272, 273, 269, 270, 272,
    270, 270, 271, 271, 272, 269, 271, 269, 269, 269, 271, 274, 269, 271,
    271, 270, 269, 270, 272 ]
headPositionsY: [ 77, 74, 74, 76, 73, 76, 76, 75, 75, 77, 73, 76, 77, 76,
    73, 75, 75, 74, 75, 76, 77, 73, 77, 75, 74, 73, 73, 73, 76, 77, 76,
    74, 77, 74, 74, 75, 73, 72, 74, 74, 74, 78, 78, 81, 82, 85, 83, 78,
    80, 79, 71, 73, 72, 71, 70, 69, 73, 76, 74, 77, 78, 81, 80, 79, 77,
    73, 70, 72, 74, 70, 72, 75, 78, 79, 82, 81, 81, 78, 73, 71, 71, 74,
    74, 75, 74, 78, 79, 78, 78, 77, 78, 76, 77, 74, 73, 75, 75, 78, 75,
    78 ]
