%YAML:1.0
---
videoName: "headShake6.mp4"
gestureLabel: 201
fps: 29
pixelSizeInCmTemp: 3.2808219178082193e-01
faceCenterPointX: 244
faceCenterPointY: 68
headPositionsX: [ 243, 243, 245, 248, 247, 243, 246, 245, 246, 244, 243,
    244, 243, 244, 246, 247, 243, 246, 242, 245, 246, 244, 245, 242, 244,
    243, 246, 247, 249, 254, 257, 259, 261, 262, 262, 261, 259, 250, 248,
    244, 236, 233, 230, 231, 231, 241, 241, 248, 254, 258, 256, 258, 255,
    254, 246, 241, 240, 233, 232, 230, 231, 234, 239, 240, 246, 246, 252,
    252, 248, 249, 246, 245, 242, 240, 238, 239, 236, 241, 240, 241, 242,
    242, 244, 241, 244, 247, 247, 245, 244, 246, 241, 245, 244, 246, 242,
    244, 244, 246, 243, 245 ]
headPositionsY: [ 67, 69, 66, 67, 65, 67, 66, 68, 65, 65, 66, 69, 64, 68,
    66, 64, 66, 67, 65, 67, 67, 64, 69, 66, 66, 67, 69, 66, 69, 67, 65,
    67, 66, 67, 66, 64, 67, 68, 70, 69, 67, 65, 67, 65, 68, 66, 66, 69,
    69, 68, 69, 69, 67, 66, 67, 71, 70, 69, 66, 68, 70, 68, 69, 67, 69,
    67, 68, 68, 67, 65, 70, 66, 69, 68, 65, 70, 66, 66, 68, 67, 68, 67,
    67, 66, 67, 68, 69, 66, 68, 71, 66, 71, 70, 71, 67, 70, 68, 68, 70,
    68 ]
