%YAML:1.0
---
videoName: "headNod49.mp4"
gestureLabel: 202
fps: 29
pixelSizeInCmTemp: 2.9207317073170730e-01
faceCenterPointX: 263
faceCenterPointY: 74
headPositionsX: [ 264, 267, 263, 267, 266, 264, 262, 263, 264, 266, 266,
    264, 264, 265, 262, 263, 263, 263, 262, 266, 266, 262, 262, 267, 264,
    263, 266, 265, 261, 263, 266, 266, 265, 263, 263, 266, 264, 265, 265,
    262, 265, 263, 261, 261, 265, 264, 262, 262, 262, 262, 264, 263, 261,
    266, 265, 265, 263, 263, 262, 264, 264, 263, 265, 264, 265, 263, 264,
    263, 264, 263, 263, 265, 263, 265, 265, 265, 261, 263, 266, 263, 263,
    265, 261, 264, 264, 264, 261, 262, 263, 262, 262, 265, 262, 261, 264,
    266, 264, 263, 261, 265 ]
headPositionsY: [ 73, 72, 72, 71, 69, 71, 71, 73, 72, 71, 70, 72, 71, 67,
    68, 70, 69, 70, 66, 67, 67, 68, 71, 74, 76, 77, 80, 79, 73, 75, 71,
    72, 69, 72, 69, 69, 69, 74, 75, 75, 78, 79, 79, 76, 74, 70, 72, 69,
    71, 69, 71, 73, 77, 78, 76, 76, 77, 75, 78, 75, 73, 75, 74, 72, 74,
    77, 77, 77, 80, 78, 79, 79, 74, 77, 75, 76, 74, 72, 77, 76, 76, 75,
    75, 77, 74, 74, 75, 73, 74, 72, 74, 74, 75, 75, 72, 74, 76, 74, 73,
    75 ]
