%YAML:1.0
---
videoName: "headShake30.mp4"
gestureLabel: 201
fps: 29
pixelSizeInCmTemp: 3.2808219178082193e-01
faceCenterPointX: 240
faceCenterPointY: 68
headPositionsX: [ 241, 233, 232, 235, 230, 235, 232, 233, 236, 236, 237,
    238, 235, 236, 240, 239, 239, 239, 241, 241, 246, 243, 245, 241, 243,
    243, 243, 241, 240, 240, 240, 238, 241, 238, 240, 238, 237, 240, 245,
    246, 249, 254, 255, 259, 261, 259, 258, 255, 249, 243, 239, 228, 226,
    222, 223, 225, 228, 235, 239, 248, 250, 254, 252, 249, 245, 240, 235,
    234, 228, 227, 227, 227, 233, 239, 241, 247, 247, 248, 253, 248, 247,
    245, 242, 239, 238, 236, 235, 239, 235, 240, 237, 240, 239, 243, 241,
    238, 241, 242, 239, 240 ]
headPositionsY: [ 70, 55, 54, 55, 58, 61, 59, 61, 59, 63, 62, 65, 64, 66,
    64, 65, 65, 67, 64, 64, 67, 65, 67, 66, 64, 64, 63, 64, 67, 66, 63,
    65, 67, 67, 65, 67, 64, 65, 66, 68, 63, 64, 65, 65, 66, 67, 65, 64,
    65, 65, 67, 67, 66, 66, 67, 69, 70, 69, 66, 69, 65, 65, 67, 67, 71,
    68, 66, 69, 68, 68, 71, 69, 67, 68, 68, 65, 68, 67, 66, 64, 68, 66,
    66, 66, 69, 65, 68, 70, 67, 68, 69, 70, 68, 69, 70, 69, 70, 67, 68,
    70 ]
