%YAML:1.0
---
videoName: "headLookLeft0.mp4"
gestureLabel: 203
fps: 29
pixelSizeInCmTemp: 3.6287878787878786e-01
faceCenterPointX: 286
faceCenterPointY: 69
headPositionsX: [ 284, 255, 256, 256, 255, 253, 251, 255, 254, 254, 251,
    254, 252, 255, 253, 252, 250, 254, 255, 253, 256, 255, 256, 255, 256,
    256, 255, 253, 253, 255, 254, 256, 256, 254, 255, 255, 254, 258, 255,
    256, 256, 255, 258, 256, 256, 256, 253, 254, 256, 257, 257, 254, 255,
    253, 254, 257, 257, 253, 253, 254, 255, 256, 255, 254, 255, 255, 254,
    257, 254, 253, 253, 254, 256, 254, 257, 257, 257, 255, 259, 263, 262,
    265, 264, 267, 271, 273, 276, 274, 282, 278, 280, 274, 283, 280, 288,
    284, 285, 288, 288, 285 ]
headPositionsY: [ 70, 67, 70, 68, 70, 67, 67, 67, 69, 66, 67, 67, 69, 71,
    70, 70, 69, 68, 70, 67, 72, 69, 68, 71, 70, 69, 70, 69, 69, 68, 70,
    71, 70, 68, 69, 73, 69, 71, 70, 71, 70, 70, 69, 72, 70, 69, 71, 74,
    70, 69, 69, 70, 69, 70, 72, 72, 74, 69, 69, 69, 71, 71, 71, 70, 71,
    72, 71, 72, 72, 71, 72, 69, 72, 70, 70, 72, 69, 70, 74, 72, 69, 71,
    69, 70, 70, 68, 67, 71, 72, 67, 67, 66, 67, 68, 71, 67, 67, 68, 67,
    71 ]
