%YAML:1.0
---
videoName: "headNod41.mp4"
gestureLabel: 202
fps: 29
pixelSizeInCmTemp: 2.9937500000000000e-01
faceCenterPointX: 267
faceCenterPointY: 76
headPositionsX: [ 267, 271, 269, 269, 268, 271, 270, 269, 270, 268, 271,
    270, 270, 269, 271, 271, 270, 272, 271, 272, 273, 269, 272, 272, 268,
    271, 269, 268, 268, 272, 271, 268, 270, 270, 268, 269, 268, 269, 271,
    270, 268, 269, 270, 270, 271, 270, 268, 267, 268, 268, 266, 271, 267,
    270, 270, 269, 270, 269, 267, 268, 268, 266, 268, 270, 267, 267, 266,
    266, 270, 269, 267, 266, 268, 267, 268, 267, 265, 267, 265, 269, 267,
    269, 270, 266, 265, 265, 266, 269, 266, 266, 269, 267, 268, 265, 269,
    265, 270, 265, 269, 266 ]
headPositionsY: [ 74, 73, 75, 72, 73, 71, 75, 74, 74, 72, 74, 72, 75, 75,
    75, 75, 72, 72, 75, 73, 75, 72, 74, 72, 72, 72, 75, 76, 74, 76, 75,
    74, 73, 74, 72, 75, 74, 75, 76, 76, 78, 84, 84, 86, 92, 92, 91, 86,
    82, 76, 76, 72, 69, 68, 65, 67, 67, 71, 72, 75, 83, 87, 92, 93, 94,
    92, 85, 82, 80, 72, 75, 69, 72, 71, 73, 79, 81, 83, 81, 86, 84, 79,
    74, 74, 73, 75, 72, 76, 76, 72, 77, 81, 78, 80, 79, 79, 76, 78, 74,
    79 ]
