%YAML:1.0
---
videoName: "headShake34.mp4"
gestureLabel: 201
fps: 29
pixelSizeInCmTemp: 3.2364864864864862e-01
faceCenterPointX: 263
faceCenterPointY: 83
headPositionsX: [ 264, 262, 266, 265, 261, 265, 263, 262, 264, 262, 266,
    263, 262, 262, 266, 265, 266, 262, 266, 263, 263, 264, 263, 263, 264,
    265, 262, 263, 263, 263, 263, 266, 266, 265, 266, 264, 265, 269, 270,
    268, 269, 271, 274, 276, 276, 278, 276, 278, 277, 274, 273, 271, 261,
    259, 256, 253, 250, 252, 251, 257, 260, 260, 267, 267, 268, 268, 270,
    267, 264, 263, 256, 256, 256, 253, 257, 255, 258, 260, 263, 267, 262,
    267, 266, 266, 266, 267, 267, 265, 267, 266, 264, 264, 262, 264, 266,
    265, 262, 266, 262, 261 ]
headPositionsY: [ 81, 80, 82, 85, 82, 86, 82, 85, 81, 83, 84, 82, 81, 84,
    85, 82, 81, 82, 84, 83, 83, 82, 81, 83, 81, 82, 85, 83, 84, 82, 82,
    82, 86, 85, 82, 85, 84, 83, 82, 83, 84, 81, 82, 83, 80, 83, 82, 79,
    81, 82, 82, 83, 84, 82, 83, 82, 80, 82, 84, 83, 86, 84, 83, 80, 85,
    81, 84, 84, 82, 84, 82, 81, 83, 85, 82, 82, 83, 83, 82, 83, 83, 85,
    83, 84, 84, 82, 82, 84, 85, 86, 85, 83, 84, 82, 85, 81, 84, 84, 86,
    83 ]
