%YAML:1.0
---
videoName: "headLookLeft1.mp4"
gestureLabel: 203
fps: 30
pixelSizeInCmTemp: 3.6287878787878786e-01
faceCenterPointX: 276
faceCenterPointY: 73
headPositionsX: [ 277, 255, 257, 258, 258, 257, 256, 257, 258, 256, 258,
    255, 256, 255, 257, 254, 257, 256, 255, 254, 258, 258, 255, 255, 255,
    256, 254, 254, 256, 256, 254, 257, 254, 256, 256, 255, 256, 256, 255,
    257, 258, 259, 256, 255, 258, 253, 256, 255, 254, 257, 257, 255, 255,
    254, 253, 256, 259, 258, 259, 259, 261, 263, 262, 267, 267, 272, 273,
    274, 273, 277, 278, 277, 272, 272, 273, 278, 278, 276, 277, 278, 282,
    278, 278, 279, 279, 280, 276, 280, 278, 276, 279, 280, 280, 277, 276,
    276, 278, 277, 276, 273 ]
headPositionsY: [ 73, 75, 75, 77, 75, 74, 78, 75, 77, 73, 73, 74, 74, 77,
    75, 76, 75, 77, 79, 77, 79, 76, 77, 77, 77, 79, 78, 77, 77, 80, 77,
    80, 78, 79, 77, 78, 77, 81, 79, 78, 79, 78, 79, 77, 80, 80, 77, 77,
    80, 76, 78, 77, 76, 79, 77, 77, 78, 77, 80, 77, 79, 80, 75, 80, 79,
    75, 76, 77, 76, 80, 77, 77, 75, 74, 72, 73, 76, 77, 79, 75, 78, 77,
    75, 74, 79, 77, 74, 74, 77, 75, 74, 75, 73, 76, 74, 73, 77, 77, 73,
    71 ]
