%YAML:1.0
---
videoName: "headLookLeft7.mp4"
gestureLabel: 203
fps: 29
pixelSizeInCmTemp: 3.4214285714285714e-01
faceCenterPointX: 268
faceCenterPointY: 68
headPositionsX: [ 266, 244, 244, 246, 247, 247, 248, 245, 247, 243, 243,
    245, 244, 244, 248, 242, 247, 245, 245, 246, 243, 247, 246, 247, 244,
    246, 244, 244, 247, 247, 246, 251, 253, 256, 256, 260, 261, 263, 261,
    264, 268, 267, 267, 264, 265, 268, 267, 268, 268, 270, 267, 268, 268,
    270, 265, 269, 268, 266, 268, 271, 265, 270, 265, 266, 269, 267, 268,
    268, 266, 266, 271, 268, 270, 268, 266, 267, 269, 270, 266, 267, 267,
    270, 268, 266, 267, 266, 266, 268, 266, 269, 270, 266, 267, 271, 269,
    270, 267, 271, 271, 269 ]
headPositionsY: [ 66, 67, 71, 67, 71, 67, 71, 71, 68, 68, 70, 71, 70, 68,
    72, 69, 72, 71, 70, 70, 68, 69, 71, 72, 69, 69, 72, 72, 71, 70, 69,
    69, 67, 71, 69, 67, 68, 71, 68, 70, 67, 65, 67, 69, 68, 70, 67, 69,
    71, 68, 71, 71, 66, 70, 68, 70, 67, 70, 65, 70, 69, 70, 68, 72, 68,
    68, 69, 68, 68, 70, 67, 68, 67, 68, 71, 70, 71, 67, 66, 70, 69, 69,
    70, 69, 70, 69, 67, 68, 68, 70, 69, 70, 68, 70, 70, 68, 70, 69, 69,
    67 ]
