%YAML:1.0
---
videoName: "headShake20.mp4"
gestureLabel: 201
fps: 29
pixelSizeInCmTemp: 3.3263888888888887e-01
faceCenterPointX: 242
faceCenterPointY: 78
headPositionsX: [ 244, 244, 243, 245, 246, 242, 245, 243, 244, 242, 240,
    244, 244, 241, 243, 243, 243, 246, 244, 243, 243, 244, 243, 241, 243,
    245, 244, 241, 245, 242, 244, 241, 241, 242, 242, 245, 244, 240, 242,
    243, 247, 249, 255, 260, 262, 257, 257, 253, 247, 241, 237, 234, 233,
    228, 231, 233, 238, 246, 249, 249, 254, 252, 248, 246, 243, 238, 237,
    233, 232, 231, 233, 236, 240, 244, 248, 247, 245, 244, 245, 241, 242,
    241, 242, 238, 239, 241, 242, 241, 241, 246, 241, 243, 245, 243, 242,
    243, 242, 240, 243, 240 ]
headPositionsY: [ 77, 74, 75, 76, 77, 77, 74, 78, 75, 79, 75, 75, 74, 78,
    78, 76, 78, 77, 77, 77, 76, 77, 76, 77, 77, 77, 75, 76, 78, 76, 77,
    78, 78, 77, 74, 75, 77, 77, 79, 78, 74, 74, 76, 77, 72, 76, 77, 77,
    80, 75, 75, 76, 78, 77, 76, 78, 76, 75, 74, 73, 77, 74, 73, 77, 79,
    74, 75, 78, 77, 78, 78, 77, 76, 79, 79, 77, 79, 76, 79, 77, 76, 76,
    79, 79, 76, 79, 76, 78, 79, 78, 79, 78, 77, 76, 79, 75, 77, 76, 75,
    75 ]
