%YAML:1.0
---
videoName: "headShake26.mp4"
gestureLabel: 201
fps: 30
pixelSizeInCmTemp: 3.2808219178082193e-01
faceCenterPointX: 243
faceCenterPointY: 78
headPositionsX: [ 243, 238, 239, 241, 238, 242, 244, 246, 249, 246, 252,
    251, 251, 253, 251, 252, 253, 246, 245, 244, 243, 237, 237, 233, 230,
    229, 226, 232, 230, 231, 232, 237, 238, 243, 245, 248, 250, 253, 254,
    251, 256, 252, 251, 246, 246, 239, 239, 233, 232, 231, 229, 229, 231,
    232, 232, 233, 237, 241, 244, 249, 246, 252, 250, 253, 250, 254, 253,
    252, 250, 247, 246, 245, 243, 242, 238, 239, 237, 238, 236, 234, 235,
    237, 236, 238, 239, 242, 243, 241, 241, 242, 243, 245, 245, 245, 244,
    242, 242, 245, 242, 241 ]
headPositionsY: [ 80, 75, 78, 77, 77, 76, 79, 78, 80, 77, 79, 79, 75, 79,
    77, 79, 80, 79, 79, 80, 79, 76, 77, 78, 78, 76, 74, 78, 78, 76, 77,
    77, 78, 76, 78, 77, 75, 78, 74, 78, 79, 79, 76, 76, 79, 78, 76, 77,
    78, 76, 74, 74, 76, 77, 78, 76, 80, 77, 80, 78, 78, 78, 76, 78, 75,
    78, 76, 80, 80, 78, 80, 80, 80, 81, 81, 77, 76, 77, 76, 76, 80, 81,
    77, 79, 79, 78, 80, 79, 77, 78, 77, 78, 77, 80, 80, 80, 79, 78, 77,
    78 ]
