%YAML:1.0
---
videoName: "headNod27.mp4"
gestureLabel: 202
fps: 29
pixelSizeInCmTemp: 3.0705128205128202e-01
faceCenterPointX: 271
faceCenterPointY: 77
headPositionsX: [ 270, 272, 272, 271, 273, 272, 272, 270, 271, 272, 271,
    274, 271, 272, 272, 271, 271, 269, 272, 270, 273, 271, 272, 272, 271,
    272, 271, 269, 275, 274, 271, 269, 273, 273, 271, 271, 270, 269, 268,
    268, 268, 269, 270, 268, 268, 269, 272, 268, 269, 271, 267, 269, 269,
    272, 271, 268, 269, 269, 268, 268, 271, 271, 269, 268, 268, 267, 265,
    265, 270, 266, 270, 267, 268, 268, 267, 268, 271, 268, 268, 269, 267,
    266, 271, 267, 267, 272, 271, 270, 271, 272, 272, 271, 273, 273, 269,
    270, 268, 271, 269, 269 ]
headPositionsY: [ 79, 75, 73, 73, 71, 73, 75, 75, 73, 75, 71, 76, 74, 76,
    76, 73, 74, 73, 77, 77, 74, 73, 70, 64, 64, 65, 62, 63, 64, 67, 68,
    77, 81, 82, 82, 82, 80, 76, 76, 71, 68, 69, 70, 69, 72, 69, 74, 76,
    79, 81, 79, 78, 73, 71, 72, 70, 70, 72, 72, 75, 76, 81, 80, 84, 82,
    79, 73, 74, 74, 70, 71, 73, 74, 78, 79, 77, 79, 80, 78, 74, 70, 72,
    73, 69, 72, 72, 74, 77, 80, 77, 79, 78, 77, 79, 75, 75, 74, 76, 77,
    76 ]
