%YAML:1.0
---
videoName: "headShake30.mp4"
gestureLabel: 201
fps: 29
pixelSizeInCmTemp: 3.2808219178082193e-01
faceCenterPointX: 240
faceCenterPointY: 68
headPositionsX: [ 241, 235, 231, 235, 232, 233, 234, 232, 233, 237, 234,
    234, 235, 236, 238, 242, 240, 239, 241, 243, 246, 245, 245, 245, 242,
    241, 241, 245, 242, 243, 241, 242, 240, 238, 241, 241, 240, 241, 243,
    246, 248, 252, 257, 259, 260, 259, 256, 257, 251, 245, 238, 231, 228,
    226, 224, 225, 228, 233, 238, 246, 251, 253, 252, 251, 244, 240, 239,
    230, 228, 227, 228, 226, 232, 238, 240, 244, 250, 251, 252, 249, 248,
    243, 243, 236, 237, 236, 237, 238, 237, 241, 237, 239, 238, 241, 238,
    242, 241, 238, 241, 237 ]
headPositionsY: [ 70, 55, 56, 56, 60, 60, 60, 58, 60, 61, 64, 62, 63, 66,
    65, 64, 67, 66, 66, 65, 65, 64, 65, 67, 68, 63, 67, 67, 67, 66, 63,
    65, 66, 68, 64, 66, 67, 68, 67, 66, 67, 64, 67, 66, 66, 64, 66, 64,
    67, 67, 68, 65, 66, 66, 66, 70, 71, 70, 68, 68, 67, 66, 67, 68, 67,
    68, 68, 68, 70, 67, 69, 70, 69, 70, 67, 69, 64, 67, 69, 68, 68, 69,
    66, 69, 65, 69, 69, 68, 65, 67, 70, 70, 69, 69, 66, 66, 70, 69, 70,
    70 ]
