%YAML:1.0
---
videoName: "headLookRight8.mp4"
gestureLabel: 204
fps: 29
pixelSizeInCmTemp: 3.1513157894736843e-01
faceCenterPointX: 218
faceCenterPointY: 80
headPositionsX: [ 216, 251, 250, 247, 247, 250, 251, 250, 247, 249, 250,
    247, 245, 245, 247, 248, 247, 246, 248, 246, 247, 245, 249, 248, 246,
    249, 247, 248, 246, 248, 248, 245, 248, 247, 249, 245, 249, 247, 248,
    245, 248, 248, 247, 245, 248, 246, 247, 244, 247, 244, 245, 243, 248,
    245, 247, 244, 244, 246, 245, 246, 246, 244, 245, 248, 246, 246, 244,
    247, 246, 242, 241, 240, 235, 232, 231, 226, 226, 221, 222, 218, 218,
    221, 214, 214, 216, 219, 216, 218, 216, 218, 217, 219, 217, 219, 218,
    216, 218, 220, 220, 217 ]
headPositionsY: [ 78, 77, 75, 72, 73, 74, 76, 71, 72, 72, 76, 77, 74, 75,
    75, 73, 75, 75, 73, 76, 74, 78, 74, 74, 75, 77, 78, 78, 76, 78, 74,
    77, 78, 74, 75, 76, 79, 77, 77, 79, 77, 75, 78, 79, 74, 78, 75, 75,
    75, 78, 75, 77, 77, 78, 78, 75, 77, 75, 77, 76, 76, 79, 75, 76, 79,
    79, 80, 79, 74, 78, 78, 80, 78, 75, 77, 75, 77, 77, 74, 76, 73, 76,
    75, 79, 73, 81, 80, 81, 79, 81, 81, 82, 76, 79, 78, 82, 78, 82, 78,
    82 ]
