%YAML:1.0
---
videoName: "headNod49.mp4"
gestureLabel: 202
fps: 29
pixelSizeInCmTemp: 2.9207317073170730e-01
faceCenterPointX: 263
faceCenterPointY: 74
headPositionsX: [ 261, 266, 267, 264, 264, 263, 265, 266, 266, 265, 263,
    266, 263, 263, 262, 266, 265, 262, 262, 266, 263, 266, 266, 267, 267,
    264, 263, 266, 265, 266, 264, 265, 264, 263, 263, 263, 263, 266, 263,
    263, 266, 262, 263, 262, 264, 261, 261, 263, 262, 261, 265, 264, 263,
    263, 263, 262, 264, 266, 265, 264, 261, 263, 266, 262, 263, 266, 263,
    262, 265, 265, 266, 262, 264, 264, 262, 265, 265, 261, 264, 265, 263,
    264, 265, 264, 262, 261, 261, 260, 262, 262, 263, 261, 265, 261, 261,
    262, 265, 263, 260, 261 ]
headPositionsY: [ 74, 73, 72, 72, 73, 72, 71, 75, 73, 70, 73, 70, 71, 68,
    66, 67, 70, 66, 69, 70, 66, 70, 70, 75, 76, 75, 77, 78, 75, 75, 74,
    72, 72, 72, 71, 71, 69, 73, 72, 76, 77, 78, 80, 76, 73, 72, 72, 70,
    69, 71, 74, 74, 74, 78, 76, 75, 77, 75, 77, 72, 72, 71, 74, 72, 71,
    73, 74, 76, 81, 78, 77, 76, 76, 75, 75, 75, 73, 74, 75, 77, 73, 76,
    77, 74, 72, 77, 75, 74, 75, 75, 74, 76, 75, 74, 72, 74, 72, 73, 72,
    72 ]
