%YAML:1.0
---
videoName: "headNod10.mp4"
gestureLabel: 202
fps: 29
pixelSizeInCmTemp: 3.2808219178082193e-01
faceCenterPointX: 260
faceCenterPointY: 67
headPositionsX: [ 260, 261, 261, 256, 259, 259, 259, 259, 258, 257, 258,
    259, 259, 259, 258, 256, 256, 259, 259, 256, 256, 256, 259, 257, 261,
    261, 259, 257, 260, 259, 261, 260, 257, 257, 260, 261, 259, 259, 257,
    260, 258, 258, 258, 259, 259, 259, 258, 262, 261, 263, 259, 259, 259,
    259, 259, 261, 260, 258, 259, 262, 259, 258, 259, 262, 259, 259, 261,
    259, 260, 260, 259, 259, 257, 260, 257, 257, 256, 258, 261, 259, 256,
    259, 257, 261, 260, 257, 259, 257, 258, 257, 259, 261, 260, 262, 262,
    260, 259, 259, 259, 262 ]
headPositionsY: [ 65, 70, 71, 68, 70, 68, 71, 69, 71, 70, 68, 71, 72, 70,
    69, 71, 72, 68, 70, 71, 70, 72, 71, 71, 68, 70, 71, 70, 69, 71, 70,
    69, 72, 71, 69, 70, 73, 71, 73, 70, 74, 72, 71, 70, 66, 66, 65, 64,
    60, 63, 66, 68, 67, 72, 72, 72, 74, 73, 68, 66, 67, 66, 61, 66, 64,
    68, 71, 72, 74, 78, 74, 74, 68, 68, 66, 67, 66, 68, 67, 73, 75, 77,
    77, 74, 72, 73, 66, 68, 66, 65, 64, 64, 68, 65, 67, 65, 68, 70, 67,
    68 ]
