%YAML:1.0
---
videoName: "headLookRight7.mp4"
gestureLabel: 204
fps: 30
pixelSizeInCmTemp: 3.4710144927536229e-01
faceCenterPointX: 226
faceCenterPointY: 74
headPositionsX: [ 228, 248, 248, 252, 252, 252, 248, 250, 251, 247, 251,
    252, 250, 248, 250, 248, 250, 249, 251, 247, 251, 249, 249, 248, 251,
    250, 247, 248, 246, 244, 242, 241, 239, 239, 235, 230, 232, 228, 228,
    225, 225, 227, 221, 225, 220, 224, 226, 225, 222, 223, 225, 224, 222,
    224, 222, 224, 225, 226, 226, 223, 225, 222, 221, 220, 224, 222, 225,
    222, 223, 223, 219, 226, 225, 224, 225, 226, 225, 222, 225, 223, 222,
    222, 223, 225, 226, 221, 226, 227, 224, 223, 225, 221, 221, 225, 225,
    222, 225, 223, 227, 224 ]
headPositionsY: [ 74, 76, 74, 76, 72, 74, 73, 76, 72, 73, 72, 73, 76, 76,
    74, 75, 72, 77, 73, 75, 74, 77, 76, 76, 76, 75, 75, 74, 74, 75, 73,
    73, 77, 77, 75, 74, 76, 77, 74, 73, 75, 72, 71, 75, 76, 74, 75, 73,
    72, 75, 72, 74, 74, 72, 72, 75, 74, 70, 72, 72, 73, 74, 71, 73, 76,
    76, 75, 71, 73, 76, 77, 72, 71, 74, 77, 71, 72, 70, 75, 75, 72, 77,
    72, 76, 74, 75, 76, 75, 75, 74, 75, 72, 73, 74, 72, 75, 73, 73, 72,
    75 ]
