%YAML:1.0
---
videoName: "headNod1.mp4"
gestureLabel: 202
fps: 29
pixelSizeInCmTemp: 3.2808219178082193e-01
faceCenterPointX: 263
faceCenterPointY: 78
headPositionsX: [ 265, 261, 263, 263, 264, 263, 262, 266, 263, 265, 262,
    264, 264, 264, 265, 266, 262, 264, 266, 263, 263, 266, 267, 262, 262,
    266, 263, 265, 263, 264, 263, 266, 264, 265, 261, 262, 262, 262, 264,
    267, 266, 264, 263, 266, 264, 263, 267, 264, 266, 265, 265, 262, 264,
    261, 264, 262, 263, 261, 265, 263, 264, 261, 264, 262, 263, 263, 264,
    266, 264, 262, 262, 265, 261, 262, 263, 263, 260, 261, 264, 264, 260,
    264, 260, 261, 261, 262, 262, 263, 263, 261, 260, 260, 261, 261, 263,
    264, 265, 262, 263, 265 ]
headPositionsY: [ 77, 75, 72, 72, 73, 74, 75, 75, 73, 73, 74, 75, 76, 76,
    75, 77, 73, 72, 75, 75, 72, 76, 76, 73, 75, 74, 75, 73, 74, 77, 75,
    75, 73, 74, 71, 72, 67, 70, 67, 64, 64, 64, 65, 62, 67, 67, 67, 72,
    73, 75, 78, 80, 83, 84, 81, 82, 80, 78, 75, 73, 72, 69, 65, 66, 64,
    65, 68, 70, 74, 76, 80, 79, 77, 78, 73, 70, 66, 64, 66, 63, 65, 67,
    71, 73, 72, 74, 79, 82, 83, 83, 80, 83, 78, 79, 80, 79, 81, 80, 79,
    76 ]
