%YAML:1.0
---
videoName: "headShake6.mp4"
gestureLabel: 201
fps: 29
pixelSizeInCmTemp: 3.2808219178082193e-01
faceCenterPointX: 244
faceCenterPointY: 68
headPositionsX: [ 243, 244, 246, 248, 243, 246, 246, 246, 244, 246, 245,
    245, 243, 248, 247, 245, 243, 246, 243, 245, 245, 246, 243, 244, 246,
    247, 243, 249, 247, 255, 255, 258, 261, 260, 264, 262, 257, 253, 245,
    242, 235, 233, 228, 231, 232, 238, 243, 248, 255, 255, 256, 259, 258,
    252, 246, 243, 238, 232, 231, 233, 231, 234, 235, 243, 246, 249, 253,
    250, 248, 250, 246, 244, 240, 239, 236, 241, 236, 237, 241, 238, 240,
    240, 241, 243, 243, 246, 245, 244, 244, 243, 242, 242, 244, 244, 246,
    244, 243, 244, 242, 243 ]
headPositionsY: [ 70, 68, 65, 68, 65, 65, 67, 66, 65, 68, 67, 66, 64, 66,
    69, 65, 65, 68, 64, 65, 67, 67, 70, 68, 70, 67, 65, 66, 66, 68, 66,
    67, 64, 63, 67, 67, 66, 69, 69, 70, 67, 66, 67, 69, 70, 69, 70, 67,
    65, 66, 65, 66, 68, 70, 68, 71, 66, 66, 70, 69, 68, 67, 69, 67, 66,
    68, 69, 70, 69, 66, 69, 69, 66, 68, 67, 70, 66, 66, 70, 69, 66, 68,
    68, 70, 66, 70, 68, 66, 66, 71, 70, 71, 68, 69, 69, 66, 69, 69, 68,
    69 ]
