%YAML:1.0
---
videoName: "headShake26.mp4"
gestureLabel: 201
fps: 30
pixelSizeInCmTemp: 3.2808219178082193e-01
faceCenterPointX: 243
faceCenterPointY: 78
headPositionsX: [ 244, 239, 238, 241, 239, 242, 242, 243, 245, 247, 248,
    249, 253, 252, 252, 251, 253, 246, 245, 243, 239, 238, 233, 233, 228,
    230, 227, 231, 229, 232, 231, 234, 239, 239, 245, 246, 251, 251, 250,
    253, 252, 249, 250, 247, 246, 241, 238, 236, 235, 229, 230, 229, 230,
    230, 230, 232, 236, 241, 241, 247, 250, 251, 251, 251, 251, 254, 253,
    252, 248, 249, 245, 245, 239, 241, 236, 236, 235, 235, 237, 236, 236,
    239, 237, 237, 240, 239, 240, 242, 242, 244, 245, 242, 243, 243, 243,
    245, 244, 243, 242, 242 ]
headPositionsY: [ 79, 77, 76, 77, 78, 77, 77, 75, 79, 78, 76, 78, 76, 76,
    75, 80, 78, 76, 80, 80, 80, 76, 76, 78, 75, 74, 74, 75, 77, 76, 74,
    75, 76, 78, 78, 75, 76, 78, 75, 76, 75, 80, 79, 77, 78, 79, 77, 78,
    79, 76, 76, 73, 79, 79, 75, 79, 80, 79, 79, 78, 77, 79, 75, 78, 76,
    77, 78, 79, 78, 78, 80, 80, 79, 77, 79, 77, 77, 78, 77, 76, 79, 78,
    77, 80, 79, 78, 81, 76, 80, 80, 79, 79, 81, 78, 79, 80, 76, 78, 80,
    81 ]
