%YAML:1.0
---
videoName: "headLookRight5.mp4"
gestureLabel: 204
fps: 29
pixelSizeInCmTemp: 3.1513157894736843e-01
faceCenterPointX: 228
faceCenterPointY: 76
headPositionsX: [ 226, 249, 249, 248, 250, 248, 248, 252, 249, 250, 247,
    249, 250, 248, 248, 247, 247, 252, 247, 249, 250, 248, 250, 248, 249,
    249, 249, 247, 249, 248, 250, 247, 249, 247, 245, 243, 238, 238, 234,
    228, 232, 227, 224, 227, 223, 226, 226, 222, 227, 228, 227, 226, 223,
    227, 223, 228, 227, 224, 223, 224, 223, 222, 226, 224, 229, 227, 225,
    228, 224, 228, 225, 223, 223, 226, 224, 224, 226, 226, 228, 224, 225,
    226, 227, 223, 223, 225, 227, 223, 225, 225, 221, 227, 223, 228, 225,
    222, 227, 226, 224, 224 ]
headPositionsY: [ 77, 76, 74, 75, 72, 73, 73, 72, 77, 74, 73, 72, 74, 76,
    77, 73, 76, 73, 75, 73, 73, 73, 77, 74, 73, 77, 75, 77, 75, 73, 75,
    73, 73, 75, 73, 76, 75, 75, 75, 72, 74, 72, 74, 73, 76, 73, 73, 74,
    74, 74, 72, 75, 75, 76, 73, 74, 75, 75, 75, 76, 74, 76, 76, 74, 77,
    73, 74, 73, 73, 74, 75, 74, 72, 77, 74, 73, 71, 77, 73, 69, 74, 75,
    74, 73, 74, 74, 74, 75, 73, 77, 72, 73, 76, 78, 73, 72, 73, 76, 76,
    74 ]
