%YAML:1.0
---
videoName: "headShake2.mp4"
gestureLabel: 201
fps: 29
pixelSizeInCmTemp: 3.4214285714285714e-01
faceCenterPointX: 276
faceCenterPointY: 98
headPositionsX: [ 278, 279, 275, 278, 276, 279, 275, 278, 275, 275, 276,
    279, 276, 279, 278, 279, 278, 276, 278, 279, 276, 276, 277, 279, 279,
    275, 275, 275, 277, 280, 276, 280, 276, 278, 279, 276, 275, 278, 276,
    278, 276, 278, 282, 285, 288, 291, 295, 293, 293, 295, 291, 288, 281,
    280, 272, 270, 268, 265, 263, 266, 275, 277, 282, 289, 291, 288, 292,
    285, 285, 278, 276, 272, 268, 267, 270, 272, 277, 277, 281, 284, 286,
    286, 285, 284, 282, 282, 277, 275, 276, 276, 277, 277, 275, 273, 276,
    276, 274, 274, 277, 274 ]
headPositionsY: [ 100, 98, 97, 98, 96, 98, 98, 97, 98, 99, 97, 100, 98,
    98, 100, 97, 97, 100, 98, 98, 99, 99, 97, 100, 101, 99, 98, 97, 99,
    96, 98, 98, 98, 98, 99, 99, 97, 98, 99, 100, 97, 98, 99, 96, 96, 98,
    99, 96, 97, 97, 95, 98, 96, 99, 100, 97, 96, 98, 99, 98, 96, 97, 95,
    98, 99, 96, 95, 99, 95, 100, 97, 97, 96, 96, 98, 100, 96, 97, 96, 98,
    99, 97, 97, 99, 98, 101, 100, 97, 97, 101, 100, 101, 98, 102, 96, 97,
    100, 100, 97, 101 ]
