%YAML:1.0
---
videoName: "headShake34.mp4"
gestureLabel: 201
fps: 29
pixelSizeInCmTemp: 3.2364864864864862e-01
faceCenterPointX: 263
faceCenterPointY: 83
headPositionsX: [ 264, 266, 262, 267, 262, 262, 262, 262, 263, 266, 262,
    263, 266, 264, 266, 265, 266, 266, 265, 263, 266, 266, 266, 263, 264,
    263, 264, 264, 262, 265, 265, 263, 263, 266, 263, 266, 263, 265, 270,
    268, 273, 275, 275, 276, 276, 280, 279, 275, 277, 275, 270, 270, 262,
    262, 256, 254, 253, 254, 253, 253, 257, 260, 265, 266, 268, 268, 268,
    268, 264, 259, 256, 257, 257, 253, 257, 256, 258, 258, 262, 263, 266,
    264, 267, 266, 266, 267, 264, 265, 267, 266, 266, 262, 262, 263, 263,
    265, 261, 266, 263, 265 ]
headPositionsY: [ 84, 83, 81, 81, 83, 85, 83, 84, 81, 85, 82, 84, 85, 81,
    82, 84, 82, 84, 83, 84, 83, 81, 81, 81, 83, 81, 83, 84, 85, 85, 83,
    85, 82, 85, 82, 83, 84, 83, 81, 81, 81, 80, 81, 82, 84, 83, 84, 83,
    82, 83, 81, 82, 81, 84, 81, 83, 80, 84, 81, 83, 83, 85, 81, 81, 81,
    84, 83, 83, 85, 83, 85, 82, 82, 85, 85, 81, 83, 83, 83, 83, 84, 86,
    85, 83, 82, 86, 83, 83, 84, 83, 81, 81, 83, 81, 84, 83, 85, 82, 83,
    84 ]
