%YAML:1.0
---
videoName: "headLookLeft0.mp4"
gestureLabel: 203
fps: 29
pixelSizeInCmTemp: 3.6287878787878786e-01
faceCenterPointX: 286
faceCenterPointY: 69
headPositionsX: [ 286, 257, 256, 254, 255, 253, 255, 256, 254, 255, 251,
    251, 253, 253, 252, 255, 251, 252, 256, 253, 255, 255, 256, 255, 255,
    257, 256, 257, 255, 252, 253, 256, 253, 255, 257, 255, 254, 258, 254,
    258, 256, 256, 258, 258, 257, 257, 255, 256, 258, 254, 253, 253, 253,
    254, 253, 256, 258, 255, 253, 253, 257, 254, 256, 254, 255, 255, 255,
    257, 254, 256, 255, 256, 253, 257, 257, 254, 257, 257, 256, 260, 259,
    266, 268, 265, 270, 274, 275, 275, 285, 279, 281, 277, 283, 284, 285,
    288, 288, 287, 286, 286 ]
headPositionsY: [ 71, 70, 66, 70, 68, 69, 70, 69, 70, 66, 69, 70, 70, 68,
    68, 72, 70, 71, 70, 67, 69, 69, 70, 72, 67, 69, 72, 72, 71, 69, 71,
    71, 68, 72, 70, 73, 73, 71, 72, 70, 71, 69, 71, 69, 71, 72, 70, 74,
    72, 72, 71, 70, 71, 70, 72, 72, 72, 70, 73, 69, 71, 71, 70, 72, 72,
    70, 72, 71, 70, 73, 69, 73, 74, 70, 71, 74, 71, 70, 71, 71, 71, 70,
    72, 69, 69, 70, 69, 70, 71, 65, 67, 68, 67, 69, 68, 70, 70, 70, 67,
    71 ]
