%YAML:1.0
---
videoName: "headShake38.mp4"
gestureLabel: 201
fps: 29
pixelSizeInCmTemp: 3.2808219178082193e-01
faceCenterPointX: 259
faceCenterPointY: 84
headPositionsX: [ 261, 262, 262, 265, 263, 264, 265, 261, 265, 262, 264,
    264, 263, 263, 264, 263, 263, 265, 264, 265, 266, 261, 261, 262, 265,
    263, 261, 262, 261, 262, 263, 264, 262, 263, 264, 262, 260, 262, 263,
    262, 261, 262, 261, 257, 253, 252, 248, 247, 247, 251, 258, 264, 275,
    277, 276, 274, 268, 260, 256, 250, 250, 251, 256, 259, 269, 269, 273,
    271, 266, 260, 252, 250, 248, 250, 252, 254, 259, 265, 268, 266, 270,
    270, 268, 265, 263, 265, 263, 263, 262, 261, 259, 259, 259, 261, 262,
    258, 261, 260, 262, 260 ]
headPositionsY: [ 84, 82, 81, 80, 81, 83, 84, 85, 86, 84, 81, 81, 82, 83,
    85, 81, 81, 83, 81, 84, 83, 82, 86, 83, 83, 85, 84, 82, 82, 83, 86,
    85, 83, 86, 84, 85, 84, 86, 84, 85, 82, 82, 85, 84, 83, 79, 81, 81,
    81, 84, 86, 85, 81, 83, 84, 80, 84, 82, 83, 82, 86, 83, 84, 86, 82,
    84, 82, 83, 85, 85, 82, 84, 84, 82, 85, 83, 81, 84, 86, 83, 85, 87,
    82, 86, 86, 86, 84, 85, 82, 85, 82, 84, 85, 86, 84, 85, 84, 87, 85,
    85 ]
