%YAML:1.0
---
videoName: "headShake2.mp4"
gestureLabel: 201
fps: 29
pixelSizeInCmTemp: 3.4214285714285714e-01
faceCenterPointX: 276
faceCenterPointY: 98
headPositionsX: [ 276, 276, 279, 279, 277, 278, 276, 276, 279, 276, 275,
    279, 279, 275, 275, 279, 277, 277, 276, 277, 278, 275, 277, 279, 279,
    279, 275, 279, 276, 278, 279, 280, 276, 279, 277, 278, 274, 279, 277,
    275, 279, 280, 281, 284, 288, 289, 292, 292, 296, 293, 293, 290, 282,
    277, 275, 269, 266, 265, 264, 268, 274, 278, 283, 287, 292, 290, 291,
    284, 283, 278, 273, 272, 269, 267, 269, 271, 274, 279, 283, 287, 289,
    286, 285, 283, 285, 283, 279, 278, 276, 275, 277, 274, 276, 276, 272,
    277, 274, 274, 277, 276 ]
headPositionsY: [ 97, 100, 97, 97, 99, 97, 98, 98, 96, 98, 96, 96, 99,
    96, 98, 99, 99, 98, 101, 97, 98, 98, 97, 100, 98, 97, 98, 98, 100,
    96, 96, 100, 97, 97, 99, 102, 96, 100, 101, 98, 100, 99, 97, 99, 97,
    95, 99, 96, 98, 97, 98, 95, 96, 96, 100, 96, 100, 97, 98, 95, 98, 96,
    97, 98, 99, 94, 99, 98, 97, 96, 96, 99, 100, 100, 98, 96, 100, 97,
    98, 97, 100, 98, 98, 99, 102, 99, 100, 100, 101, 99, 100, 97, 97,
    102, 100, 99, 96, 100, 101, 98 ]
