%YAML:1.0
---
videoName: "headNod4.mp4"
gestureLabel: 202
fps: 29
pixelSizeInCmTemp: 3.2808219178082193e-01
faceCenterPointX: 264
faceCenterPointY: 72
headPositionsX: [ 264, 270, 269, 271, 268, 271, 270, 270, 273, 271, 267,
    268, 271, 266, 271, 267, 269, 269, 268, 269, 267, 269, 270, 268, 266,
    268, 266, 267, 266, 268, 265, 267, 270, 265, 268, 265, 266, 268, 270,
    269, 269, 267, 268, 270, 269, 268, 268, 269, 268, 267, 268, 269, 266,
    268, 268, 265, 265, 264, 267, 264, 264, 267, 265, 266, 263, 266, 265,
    266, 263, 266, 265, 265, 264, 264, 263, 262, 263, 264, 268, 264, 266,
    262, 264, 266, 266, 266, 264, 264, 266, 264, 265, 266, 265, 263, 263,
    266, 265, 262, 263, 266 ]
headPositionsY: [ 73, 73, 73, 77, 75, 75, 74, 72, 74, 74, 75, 75, 74, 73,
    76, 76, 76, 77, 75, 73, 73, 75, 73, 76, 73, 74, 75, 73, 72, 75, 72,
    73, 77, 76, 74, 74, 77, 74, 74, 74, 73, 74, 76, 76, 70, 71, 67, 67,
    66, 65, 65, 68, 72, 77, 78, 82, 81, 80, 79, 76, 75, 70, 68, 70, 68,
    73, 72, 75, 78, 82, 81, 80, 82, 80, 76, 73, 71, 68, 68, 69, 68, 73,
    76, 77, 81, 80, 82, 83, 80, 80, 81, 79, 81, 80, 78, 75, 77, 76, 75,
    76 ]
