%YAML:1.0
---
videoName: "headShake39.mp4"
gestureLabel: 201
fps: 29
pixelSizeInCmTemp: 3.1933333333333330e-01
faceCenterPointX: 263
faceCenterPointY: 83
headPositionsX: [ 262, 260, 262, 258, 260, 260, 263, 261, 263, 259, 262,
    262, 262, 262, 263, 261, 260, 258, 261, 260, 260, 259, 257, 252, 251,
    251, 250, 243, 244, 245, 244, 244, 246, 253, 257, 260, 266, 269, 274,
    279, 280, 280, 273, 269, 265, 258, 252, 247, 246, 245, 244, 251, 252,
    254, 259, 266, 274, 276, 277, 278, 279, 272, 269, 265, 260, 252, 253,
    247, 249, 246, 253, 249, 251, 254, 257, 256, 263, 262, 262, 263, 263,
    266, 266, 266, 268, 265, 266, 267, 262, 267, 266, 265, 263, 264, 264,
    262, 263, 265, 264, 262 ]
headPositionsY: [ 84, 82, 83, 82, 83, 80, 84, 85, 83, 82, 81, 81, 84, 81,
    81, 85, 84, 85, 81, 84, 83, 84, 84, 83, 83, 81, 80, 81, 84, 83, 82,
    80, 80, 82, 83, 83, 82, 80, 81, 81, 80, 81, 81, 84, 81, 85, 84, 80,
    82, 80, 82, 83, 84, 82, 82, 85, 80, 79, 79, 81, 80, 82, 83, 81, 83,
    82, 80, 78, 81, 80, 80, 82, 82, 80, 85, 80, 83, 84, 81, 84, 84, 82,
    83, 83, 81, 85, 81, 85, 82, 82, 85, 82, 85, 84, 81, 82, 85, 83, 84,
    81 ]
