%YAML:1.0
---
videoName: "headShake17.mp4"
gestureLabel: 201
fps: 29
pixelSizeInCmTemp: 3.3263888888888887e-01
faceCenterPointX: 242
faceCenterPointY: 76
headPositionsX: [ 241, 241, 240, 240, 235, 240, 238, 244, 244, 245, 251,
    255, 257, 259, 256, 257, 252, 251, 247, 241, 237, 231, 230, 226, 227,
    226, 227, 234, 233, 241, 242, 248, 249, 253, 255, 254, 255, 254, 250,
    249, 243, 240, 235, 232, 230, 230, 230, 231, 233, 236, 236, 242, 240,
    242, 244, 247, 245, 246, 244, 241, 244, 241, 240, 238, 237, 238, 241,
    239, 240, 240, 238, 240, 239, 239, 242, 239, 242, 239, 242, 239, 240,
    239, 239, 240, 239, 243, 242, 242, 242, 240, 240, 244, 242, 242, 243,
    243, 240, 240, 240, 243 ]
headPositionsY: [ 78, 75, 76, 78, 77, 77, 78, 78, 74, 73, 74, 76, 73, 75,
    74, 74, 73, 76, 79, 76, 79, 75, 79, 79, 76, 79, 75, 76, 75, 75, 76,
    78, 78, 74, 74, 76, 75, 78, 75, 77, 75, 75, 79, 77, 75, 77, 78, 74,
    77, 75, 77, 78, 79, 77, 78, 75, 76, 76, 76, 76, 74, 79, 76, 74, 76,
    76, 78, 78, 77, 75, 74, 78, 75, 78, 74, 75, 77, 74, 76, 75, 76, 77,
    76, 74, 74, 75, 78, 74, 75, 75, 77, 79, 78, 76, 75, 76, 76, 77, 74,
    76 ]
