%YAML:1.0
---
videoName: "headNod45.mp4"
gestureLabel: 202
fps: 30
pixelSizeInCmTemp: 3.0316455696202532e-01
faceCenterPointX: 265
faceCenterPointY: 77
headPositionsX: [ 265, 269, 265, 268, 265, 268, 266, 268, 269, 267, 268,
    270, 268, 266, 266, 269, 270, 267, 269, 265, 270, 266, 268, 266, 266,
    266, 266, 266, 268, 264, 265, 268, 265, 266, 267, 264, 266, 263, 265,
    264, 268, 267, 267, 267, 264, 263, 267, 263, 265, 266, 265, 264, 269,
    267, 269, 267, 267, 265, 266, 264, 265, 267, 267, 267, 266, 265, 267,
    265, 266, 269, 264, 267, 267, 266, 265, 266, 266, 266, 266, 264, 264,
    265, 266, 265, 264, 268, 268, 266, 266, 263, 263, 266, 267, 267, 265,
    265, 266, 265, 265, 264 ]
headPositionsY: [ 76, 76, 77, 74, 75, 76, 74, 77, 75, 77, 78, 76, 77, 74,
    78, 77, 74, 76, 80, 80, 87, 86, 90, 94, 93, 90, 88, 86, 83, 75, 73,
    72, 66, 65, 64, 69, 65, 68, 73, 76, 80, 86, 88, 89, 91, 92, 85, 85,
    80, 77, 77, 75, 72, 71, 76, 74, 79, 82, 85, 87, 85, 86, 81, 76, 76,
    75, 75, 70, 75, 74, 79, 80, 82, 85, 90, 85, 85, 86, 84, 78, 75, 76,
    77, 75, 78, 80, 79, 82, 78, 77, 77, 78, 81, 78, 77, 80, 75, 76, 76,
    80 ]
