%YAML:1.0
---
videoName: "headShake39.mp4"
gestureLabel: 201
fps: 29
pixelSizeInCmTemp: 3.1933333333333330e-01
faceCenterPointX: 263
faceCenterPointY: 83
headPositionsX: [ 264, 260, 262, 261, 263, 262, 262, 262, 263, 262, 262,
    262, 263, 263, 261, 262, 258, 262, 262, 260, 257, 260, 255, 256, 250,
    251, 248, 244, 243, 243, 243, 245, 245, 253, 256, 262, 269, 270, 277,
    282, 280, 278, 277, 269, 262, 257, 253, 250, 249, 249, 245, 249, 254,
    258, 263, 269, 275, 276, 280, 282, 277, 272, 267, 265, 261, 255, 251,
    250, 250, 250, 250, 249, 251, 252, 257, 257, 259, 261, 263, 264, 265,
    268, 267, 264, 269, 269, 268, 264, 266, 263, 265, 266, 264, 264, 265,
    262, 264, 263, 261, 262 ]
headPositionsY: [ 81, 85, 83, 83, 84, 81, 84, 85, 85, 83, 80, 83, 82, 84,
    83, 83, 81, 85, 84, 84, 85, 84, 85, 83, 82, 82, 83, 83, 83, 82, 82,
    84, 83, 81, 82, 82, 82, 82, 78, 77, 82, 80, 79, 84, 84, 86, 81, 84,
    82, 80, 80, 82, 84, 84, 83, 81, 80, 83, 80, 81, 81, 82, 81, 83, 81,
    81, 79, 80, 81, 79, 78, 82, 81, 82, 85, 80, 81, 84, 83, 80, 81, 81,
    82, 84, 85, 81, 81, 81, 84, 84, 81, 84, 81, 81, 85, 82, 81, 81, 85,
    85 ]
