%YAML:1.0
---
videoName: "headNod40.mp4"
gestureLabel: 202
fps: 29
pixelSizeInCmTemp: 2.8511904761904761e-01
faceCenterPointX: 267
faceCenterPointY: 78
headPositionsX: [ 266, 266, 266, 265, 268, 269, 269, 265, 270, 267, 268,
    266, 269, 268, 267, 267, 268, 266, 268, 266, 268, 268, 268, 265, 269,
    270, 269, 270, 267, 270, 270, 269, 269, 268, 266, 266, 266, 266, 267,
    267, 270, 268, 268, 265, 264, 267, 266, 264, 266, 267, 268, 266, 268,
    264, 264, 267, 266, 267, 268, 267, 266, 268, 265, 264, 267, 268, 267,
    264, 268, 267, 265, 269, 266, 269, 266, 270, 265, 265, 266, 266, 265,
    265, 266, 265, 268, 267, 266, 269, 267, 269, 266, 264, 264, 265, 266,
    269, 265, 265, 266, 265 ]
headPositionsY: [ 79, 75, 76, 78, 76, 76, 74, 78, 78, 74, 75, 74, 76, 75,
    76, 77, 76, 75, 75, 74, 77, 78, 75, 73, 78, 75, 77, 75, 73, 74, 74,
    77, 74, 76, 73, 76, 75, 74, 77, 77, 81, 88, 89, 97, 97, 94, 96, 91,
    85, 81, 78, 79, 76, 67, 67, 67, 67, 68, 68, 74, 79, 85, 84, 85, 85,
    82, 81, 79, 74, 72, 76, 74, 72, 72, 73, 76, 81, 80, 81, 80, 77, 81,
    78, 80, 78, 79, 77, 78, 79, 79, 75, 78, 75, 79, 79, 76, 76, 77, 77,
    75 ]
