%YAML:1.0
---
videoName: "headLookRight9.mp4"
gestureLabel: 204
fps: 29
pixelSizeInCmTemp: 2.8511904761904761e-01
faceCenterPointX: 217
faceCenterPointY: 75
headPositionsX: [ 218, 245, 245, 246, 246, 244, 241, 245, 243, 241, 242,
    245, 242, 243, 242, 241, 245, 242, 243, 245, 243, 241, 243, 244, 240,
    245, 244, 245, 244, 241, 243, 238, 236, 232, 232, 230, 229, 222, 222,
    222, 221, 220, 213, 214, 217, 217, 217, 214, 213, 215, 213, 215, 211,
    218, 213, 215, 213, 213, 216, 217, 211, 212, 218, 215, 217, 220, 216,
    212, 217, 214, 216, 211, 208, 214, 212, 216, 215, 215, 217, 215, 216,
    217, 216, 218, 218, 219, 217, 218, 218, 216, 218, 211, 215, 217, 215,
    215, 216, 216, 217, 216 ]
headPositionsY: [ 73, 72, 72, 75, 77, 75, 73, 76, 72, 72, 74, 75, 74, 76,
    77, 74, 73, 73, 74, 74, 73, 76, 77, 75, 75, 73, 74, 75, 77, 72, 74,
    75, 74, 72, 73, 73, 72, 74, 72, 74, 77, 70, 74, 78, 73, 72, 71, 72,
    69, 69, 70, 70, 73, 73, 73, 74, 72, 76, 72, 74, 72, 70, 71, 72, 76,
    79, 71, 76, 74, 71, 69, 76, 80, 72, 75, 70, 73, 76, 75, 75, 74, 70,
    71, 74, 74, 70, 71, 70, 76, 71, 76, 71, 74, 73, 72, 71, 76, 74, 75,
    76 ]
