%YAML:1.0
---
videoName: "headShake22.mp4"
gestureLabel: 201
fps: 29
pixelSizeInCmTemp: 3.2364864864864862e-01
faceCenterPointX: 241
faceCenterPointY: 79
headPositionsX: [ 239, 241, 242, 242, 241, 239, 244, 243, 244, 243, 242,
    242, 243, 240, 242, 243, 243, 242, 243, 241, 242, 243, 243, 242, 243,
    241, 242, 243, 242, 241, 241, 240, 241, 242, 244, 245, 241, 244, 244,
    241, 243, 243, 241, 242, 243, 242, 241, 242, 241, 242, 243, 244, 241,
    240, 244, 243, 243, 241, 244, 243, 243, 240, 239, 244, 241, 241, 242,
    241, 244, 247, 249, 252, 256, 257, 252, 251, 244, 243, 238, 236, 238,
    237, 241, 241, 246, 248, 245, 245, 243, 242, 239, 241, 240, 241, 242,
    238, 241, 241, 238, 240 ]
headPositionsY: [ 77, 74, 75, 76, 77, 77, 77, 74, 77, 77, 77, 76, 75, 74,
    78, 74, 74, 76, 75, 77, 77, 75, 77, 78, 79, 75, 75, 78, 77, 78, 78,
    78, 75, 77, 78, 74, 76, 78, 75, 76, 79, 74, 78, 79, 76, 74, 77, 74,
    74, 76, 75, 76, 75, 77, 75, 77, 75, 79, 75, 77, 79, 78, 75, 77, 79,
    73, 75, 79, 74, 76, 75, 73, 76, 75, 75, 77, 76, 76, 78, 76, 79, 77,
    78, 78, 75, 76, 77, 78, 76, 80, 79, 79, 78, 77, 77, 78, 80, 76, 77,
    76 ]
