%YAML:1.0
---
videoName: "headNod3.mp4"
gestureLabel: 202
fps: 29
pixelSizeInCmTemp: 3.1933333333333330e-01
faceCenterPointX: 264
faceCenterPointY: 76
headPositionsX: [ 262, 263, 265, 265, 264, 262, 264, 265, 263, 263, 269,
    266, 263, 267, 266, 266, 263, 265, 264, 265, 266, 263, 264, 263, 265,
    264, 265, 265, 263, 266, 264, 268, 266, 265, 266, 264, 267, 267, 264,
    266, 265, 267, 264, 265, 265, 266, 267, 267, 265, 263, 268, 264, 266,
    265, 264, 265, 262, 263, 263, 263, 264, 261, 262, 263, 263, 262, 262,
    264, 264, 262, 266, 262, 264, 265, 264, 264, 262, 262, 265, 265, 263,
    265, 265, 264, 262, 265, 266, 262, 262, 265, 261, 262, 261, 262, 263,
    265, 262, 263, 264, 266 ]
headPositionsY: [ 76, 75, 75, 78, 76, 77, 76, 74, 75, 76, 74, 73, 74, 74,
    71, 73, 75, 74, 72, 73, 70, 72, 72, 75, 75, 71, 76, 72, 76, 74, 72,
    76, 75, 75, 76, 74, 76, 75, 74, 72, 77, 73, 75, 71, 74, 68, 70, 66,
    64, 67, 69, 71, 70, 74, 80, 80, 83, 84, 83, 77, 78, 71, 67, 70, 69,
    67, 69, 74, 73, 80, 82, 83, 81, 78, 76, 73, 73, 69, 66, 65, 64, 66,
    67, 70, 71, 74, 78, 81, 79, 79, 79, 76, 75, 77, 77, 76, 75, 74, 77,
    76 ]
