%YAML:1.0
---
videoName: "headShake20.mp4"
gestureLabel: 201
fps: 29
pixelSizeInCmTemp: 3.3263888888888887e-01
faceCenterPointX: 242
faceCenterPointY: 78
headPositionsX: [ 242, 245, 242, 246, 244, 242, 244, 243, 243, 244, 244,
    244, 245, 245, 242, 241, 243, 243, 243, 244, 242, 241, 245, 244, 242,
    244, 244, 245, 241, 242, 242, 245, 243, 241, 244, 243, 244, 240, 242,
    243, 245, 250, 255, 258, 262, 260, 256, 252, 247, 242, 235, 233, 230,
    232, 228, 231, 237, 243, 246, 252, 253, 253, 252, 247, 241, 236, 233,
    235, 231, 234, 237, 236, 241, 245, 248, 246, 248, 247, 241, 242, 241,
    242, 240, 238, 242, 242, 242, 244, 242, 242, 241, 244, 242, 245, 243,
    245, 241, 241, 240, 242 ]
headPositionsY: [ 78, 77, 74, 78, 78, 74, 77, 74, 78, 79, 78, 77, 77, 78,
    75, 75, 78, 76, 76, 76, 76, 77, 74, 78, 75, 78, 78, 78, 76, 77, 75,
    74, 78, 78, 75, 74, 78, 74, 77, 78, 77, 78, 73, 75, 73, 78, 75, 75,
    77, 74, 76, 78, 76, 73, 76, 74, 75, 76, 76, 74, 75, 74, 74, 76, 76,
    74, 79, 75, 78, 77, 79, 77, 78, 78, 77, 75, 78, 77, 75, 78, 76, 78,
    78, 78, 78, 79, 78, 75, 78, 77, 79, 78, 77, 76, 77, 78, 75, 75, 75,
    75 ]
