%YAML:1.0
---
videoName: "headNod6.mp4"
gestureLabel: 202
fps: 29
pixelSizeInCmTemp: 3.1513157894736843e-01
faceCenterPointX: 262
faceCenterPointY: 73
headPositionsX: [ 264, 261, 263, 260, 262, 261, 262, 264, 263, 261, 261,
    263, 264, 264, 260, 263, 262, 263, 264, 262, 265, 265, 263, 262, 261,
    262, 260, 262, 264, 260, 262, 264, 261, 264, 264, 263, 264, 262, 265,
    264, 265, 264, 259, 260, 260, 262, 262, 264, 262, 262, 259, 263, 259,
    262, 261, 263, 263, 258, 260, 259, 259, 260, 260, 261, 261, 260, 260,
    260, 260, 260, 262, 260, 262, 263, 260, 260, 259, 259, 264, 261, 262,
    261, 261, 260, 261, 261, 262, 262, 260, 264, 263, 263, 262, 261, 263,
    260, 262, 262, 261, 264 ]
headPositionsY: [ 75, 75, 73, 76, 72, 75, 72, 76, 74, 73, 73, 73, 75, 76,
    74, 75, 72, 71, 76, 74, 72, 75, 72, 75, 73, 73, 76, 74, 72, 75, 72,
    76, 71, 71, 66, 64, 66, 66, 67, 71, 71, 75, 81, 82, 85, 81, 77, 72,
    70, 70, 67, 71, 71, 77, 81, 81, 83, 79, 77, 74, 70, 70, 67, 69, 72,
    74, 78, 82, 83, 79, 80, 76, 74, 67, 64, 67, 67, 68, 71, 74, 79, 83,
    85, 85, 82, 78, 75, 74, 72, 69, 72, 68, 71, 70, 73, 70, 70, 74, 72,
    74 ]
