%YAML:1.0
---
videoName: "headShake7.mp4"
gestureLabel: 201
fps: 29
pixelSizeInCmTemp: 3.3263888888888887e-01
faceCenterPointX: 244
faceCenterPointY: 72
headPositionsX: [ 243, 244, 243, 243, 244, 244, 240, 243, 243, 245, 243,
    249, 249, 255, 256, 255, 261, 262, 257, 253, 253, 247, 239, 233, 232,
    233, 233, 238, 244, 254, 258, 260, 262, 259, 253, 252, 246, 236, 234,
    229, 225, 227, 229, 237, 238, 244, 250, 254, 255, 256, 255, 248, 243,
    243, 237, 235, 232, 229, 231, 236, 238, 246, 247, 251, 257, 258, 256,
    255, 255, 249, 246, 244, 237, 235, 237, 234, 237, 234, 233, 236, 240,
    240, 241, 247, 244, 248, 249, 246, 245, 245, 245, 247, 244, 247, 245,
    243, 242, 242, 243, 244 ]
headPositionsY: [ 73, 70, 69, 72, 71, 71, 69, 73, 71, 71, 72, 72, 70, 71,
    71, 68, 66, 70, 69, 68, 69, 73, 71, 72, 70, 69, 71, 72, 72, 72, 67,
    67, 68, 69, 72, 69, 72, 69, 71, 69, 70, 71, 69, 73, 70, 71, 71, 70,
    67, 68, 68, 70, 69, 72, 71, 72, 69, 71, 68, 70, 69, 71, 71, 70, 71,
    70, 68, 67, 68, 73, 68, 72, 71, 70, 72, 70, 71, 68, 72, 71, 70, 69,
    73, 70, 73, 72, 71, 71, 69, 69, 72, 69, 71, 72, 74, 72, 74, 70, 74,
    72 ]
