%YAML:1.0
---
videoName: "headLookUp2.mp4"
gestureLabel: 205
fps: 29
pixelSizeInCmTemp: 3.7421874999999999e-01
faceCenterPointX: 254
faceCenterPointY: 67
headPositionsX: [ 254, 255, 255, 258, 257, 256, 255, 253, 254, 254, 254,
    254, 255, 254, 253, 255, 257, 254, 255, 257, 256, 252, 254, 256, 256,
    254, 255, 257, 253, 254, 252, 254, 253, 256, 256, 253, 255, 255, 252,
    253, 253, 257, 255, 255, 256, 253, 257, 255, 252, 255, 253, 257, 256,
    255, 253, 254, 253, 252, 256, 254, 252, 255, 255, 254, 253, 251, 255,
    254, 253, 255, 254, 253, 254, 256, 252, 250, 253, 253, 252, 255, 253,
    251, 257, 252, 258, 253, 255, 257, 253, 253, 255, 254, 254, 257, 253,
    256, 255, 256, 254, 254 ]
headPositionsY: [ 68, 80, 79, 79, 80, 79, 83, 81, 83, 82, 84, 81, 79, 81,
    82, 82, 80, 82, 82, 82, 83, 83, 81, 83, 80, 82, 83, 80, 80, 82, 79,
    83, 81, 81, 80, 79, 78, 82, 78, 82, 81, 78, 79, 77, 76, 76, 72, 69,
    69, 69, 68, 68, 67, 68, 69, 69, 66, 71, 66, 69, 67, 65, 70, 70, 70,
    69, 67, 69, 67, 68, 68, 66, 68, 69, 67, 70, 69, 69, 66, 67, 67, 67,
    71, 69, 67, 68, 68, 69, 68, 71, 67, 68, 66, 68, 67, 66, 67, 69, 66,
    66 ]
