%YAML:1.0
---
videoName: "headLookRight3.mp4"
gestureLabel: 204
fps: 29
pixelSizeInCmTemp: 3.5746268656716418e-01
faceCenterPointX: 232
faceCenterPointY: 71
headPositionsX: [ 234, 254, 251, 255, 252, 253, 253, 254, 255, 255, 252,
    254, 252, 252, 252, 255, 253, 256, 253, 257, 255, 256, 256, 254, 253,
    256, 253, 255, 253, 253, 254, 254, 256, 254, 256, 256, 254, 255, 251,
    249, 252, 248, 246, 243, 244, 242, 238, 234, 233, 234, 236, 232, 234,
    234, 232, 234, 235, 235, 233, 235, 230, 234, 234, 233, 232, 231, 231,
    230, 231, 229, 231, 233, 230, 234, 231, 235, 233, 233, 230, 230, 238,
    230, 234, 234, 231, 231, 231, 231, 232, 232, 233, 230, 232, 230, 230,
    231, 231, 231, 239, 231 ]
headPositionsY: [ 73, 67, 70, 70, 68, 70, 71, 72, 67, 70, 71, 72, 71, 68,
    70, 69, 73, 71, 71, 71, 69, 72, 72, 70, 72, 72, 74, 72, 71, 72, 70,
    73, 71, 72, 70, 72, 71, 72, 69, 70, 73, 71, 73, 70, 69, 72, 70, 71,
    69, 72, 74, 70, 73, 71, 72, 72, 70, 74, 72, 71, 70, 70, 71, 71, 72,
    70, 73, 73, 71, 73, 69, 72, 72, 71, 71, 70, 73, 70, 69, 70, 73, 69,
    73, 70, 74, 72, 71, 70, 69, 69, 70, 73, 73, 72, 69, 73, 69, 72, 73,
    71 ]
