%YAML:1.0
---
videoName: "headLookRight4.mp4"
gestureLabel: 204
fps: 30
pixelSizeInCmTemp: 3.4214285714285714e-01
faceCenterPointX: 228
faceCenterPointY: 75
headPositionsX: [ 227, 252, 254, 252, 253, 252, 254, 256, 256, 255, 253,
    256, 254, 251, 252, 253, 253, 253, 254, 254, 252, 253, 251, 250, 254,
    253, 251, 250, 251, 251, 252, 251, 247, 247, 246, 240, 242, 237, 238,
    235, 231, 232, 228, 228, 230, 230, 232, 228, 230, 230, 228, 226, 227,
    228, 230, 225, 227, 228, 227, 226, 228, 225, 227, 229, 225, 223, 225,
    226, 225, 225, 226, 226, 229, 221, 225, 225, 230, 225, 226, 227, 224,
    228, 225, 228, 224, 228, 224, 225, 228, 229, 224, 227, 227, 227, 227,
    226, 227, 228, 227, 225 ]
headPositionsY: [ 76, 70, 69, 70, 69, 73, 71, 73, 72, 70, 71, 74, 72, 71,
    75, 71, 72, 74, 75, 73, 71, 75, 73, 74, 74, 72, 73, 74, 71, 76, 73,
    74, 71, 75, 72, 71, 72, 74, 71, 72, 74, 71, 73, 75, 74, 72, 75, 72,
    74, 73, 73, 74, 73, 75, 75, 73, 72, 72, 76, 72, 77, 73, 74, 75, 76,
    74, 75, 76, 73, 76, 73, 75, 77, 73, 75, 74, 72, 74, 77, 76, 73, 77,
    75, 77, 72, 73, 73, 76, 72, 77, 75, 70, 74, 77, 77, 72, 77, 74, 72,
    72 ]
