%YAML:1.0
---
videoName: "headNod48.mp4"
gestureLabel: 202
fps: 29
pixelSizeInCmTemp: 2.8855421686746985e-01
faceCenterPointX: 264
faceCenterPointY: 72
headPositionsX: [ 262, 263, 265, 264, 262, 263, 264, 267, 264, 262, 267,
    262, 265, 263, 262, 263, 263, 262, 260, 260, 262, 260, 261, 258, 260,
    262, 262, 261, 263, 259, 263, 261, 263, 261, 262, 262, 263, 263, 264,
    261, 261, 261, 261, 260, 260, 262, 262, 260, 263, 260, 260, 264, 259,
    258, 263, 260, 262, 262, 261, 262, 262, 261, 264, 263, 265, 264, 261,
    265, 266, 265, 266, 263, 265, 264, 266, 264, 264, 264, 263, 266, 264,
    265, 265, 263, 266, 265, 267, 265, 265, 266, 265, 267, 267, 265, 264,
    263, 266, 265, 265, 265 ]
headPositionsY: [ 72, 74, 75, 77, 80, 74, 76, 69, 69, 66, 64, 63, 61, 63,
    67, 72, 76, 78, 83, 87, 89, 88, 84, 82, 80, 73, 68, 71, 68, 62, 64,
    68, 63, 64, 70, 74, 73, 79, 81, 84, 81, 81, 78, 80, 79, 73, 75, 73,
    72, 72, 71, 72, 74, 76, 82, 80, 79, 75, 76, 72, 72, 69, 71, 73, 72,
    74, 74, 77, 78, 75, 76, 75, 72, 70, 73, 68, 71, 68, 71, 72, 76, 74,
    75, 72, 75, 72, 73, 72, 74, 70, 75, 71, 74, 73, 74, 74, 75, 74, 71,
    71 ]
