%YAML:1.0
---
videoName: "headShake3.mp4"
gestureLabel: 201
fps: 30
pixelSizeInCmTemp: 3.3263888888888887e-01
faceCenterPointX: 240
faceCenterPointY: 101
headPositionsX: [ 241, 244, 240, 240, 244, 241, 241, 242, 242, 240, 243,
    243, 243, 240, 241, 240, 244, 244, 243, 243, 243, 242, 243, 243, 241,
    241, 240, 243, 242, 242, 237, 239, 238, 241, 247, 247, 251, 253, 255,
    259, 257, 251, 248, 241, 239, 232, 232, 228, 230, 233, 234, 236, 241,
    246, 249, 250, 249, 248, 241, 236, 235, 230, 226, 223, 223, 228, 233,
    233, 241, 243, 244, 245, 245, 246, 246, 243, 241, 238, 237, 234, 231,
    231, 236, 236, 232, 238, 238, 239, 240, 238, 242, 241, 241, 243, 239,
    240, 239, 240, 240, 238 ]
headPositionsY: [ 100, 98, 101, 101, 98, 98, 101, 98, 97, 99, 99, 97,
    101, 97, 98, 100, 101, 98, 99, 98, 98, 97, 98, 97, 100, 100, 99, 97,
    97, 99, 98, 98, 98, 101, 98, 98, 95, 97, 99, 96, 99, 99, 98, 99, 99,
    97, 99, 97, 98, 97, 99, 100, 97, 100, 96, 100, 98, 99, 98, 97, 99,
    96, 98, 96, 99, 98, 99, 97, 100, 100, 101, 100, 100, 101, 102, 101,
    97, 98, 99, 101, 102, 97, 102, 99, 101, 98, 98, 100, 100, 99, 102,
    100, 101, 102, 100, 103, 100, 99, 103, 98 ]
