%YAML:1.0
---
videoName: "headShake1.mp4"
gestureLabel: 201
fps: 29
pixelSizeInCmTemp: 3.3263888888888887e-01
faceCenterPointX: 279
faceCenterPointY: 98
headPositionsX: [ 278, 281, 277, 278, 280, 279, 278, 280, 278, 281, 278,
    279, 280, 279, 280, 281, 277, 278, 279, 280, 279, 280, 278, 278, 279,
    279, 278, 278, 283, 283, 287, 289, 291, 292, 295, 295, 292, 288, 287,
    282, 280, 273, 270, 269, 268, 272, 271, 276, 281, 287, 289, 289, 291,
    293, 289, 288, 285, 281, 275, 271, 270, 268, 266, 267, 275, 275, 282,
    284, 289, 291, 290, 291, 291, 288, 285, 281, 275, 276, 272, 271, 270,
    272, 269, 271, 274, 277, 275, 278, 277, 276, 279, 279, 282, 282, 279,
    279, 279, 281, 277, 281 ]
headPositionsY: [ 96, 98, 98, 96, 95, 95, 97, 97, 97, 95, 95, 95, 99, 99,
    96, 96, 96, 95, 99, 95, 97, 100, 98, 96, 96, 95, 98, 95, 97, 94, 99,
    98, 94, 95, 94, 95, 95, 97, 97, 98, 98, 96, 98, 96, 94, 98, 93, 96,
    98, 96, 95, 96, 96, 98, 97, 98, 99, 99, 99, 96, 95, 96, 96, 97, 99,
    96, 99, 94, 95, 96, 96, 95, 94, 98, 99, 97, 96, 97, 95, 96, 94, 96,
    96, 99, 99, 100, 96, 98, 95, 99, 99, 95, 99, 99, 96, 96, 96, 101, 96,
    98 ]
