%YAML:1.0
---
videoName: "headNod45.mp4"
gestureLabel: 202
fps: 30
pixelSizeInCmTemp: 3.0316455696202532e-01
faceCenterPointX: 265
faceCenterPointY: 77
headPositionsX: [ 264, 268, 269, 270, 267, 267, 266, 266, 266, 269, 268,
    270, 267, 268, 268, 265, 268, 265, 267, 269, 266, 268, 268, 270, 269,
    266, 266, 264, 268, 264, 266, 265, 266, 264, 264, 266, 267, 266, 266,
    264, 267, 267, 263, 264, 267, 265, 266, 267, 266, 268, 268, 265, 269,
    266, 266, 264, 268, 267, 267, 264, 265, 269, 265, 263, 265, 267, 266,
    268, 267, 265, 264, 267, 267, 264, 265, 264, 267, 265, 268, 266, 267,
    265, 266, 264, 267, 266, 267, 264, 264, 267, 264, 268, 265, 268, 266,
    266, 263, 263, 266, 266 ]
headPositionsY: [ 77, 73, 73, 78, 75, 75, 74, 76, 74, 76, 75, 73, 75, 76,
    77, 74, 75, 80, 80, 82, 86, 87, 92, 96, 91, 93, 92, 87, 80, 75, 74,
    74, 68, 66, 64, 66, 67, 71, 74, 80, 80, 85, 90, 90, 91, 90, 85, 86,
    79, 80, 76, 74, 71, 71, 75, 73, 77, 80, 86, 87, 85, 83, 83, 79, 74,
    75, 73, 72, 74, 75, 80, 78, 83, 86, 90, 89, 85, 83, 83, 78, 75, 78,
    78, 77, 76, 80, 81, 80, 82, 79, 81, 80, 80, 78, 80, 77, 79, 79, 76,
    77 ]
