%YAML:1.0
---
videoName: "headShake44.mp4"
gestureLabel: 201
fps: 30
pixelSizeInCmTemp: 3.2808219178082193e-01
faceCenterPointX: 260
faceCenterPointY: 84
headPositionsX: [ 258, 264, 259, 259, 259, 263, 261, 260, 258, 259, 262,
    261, 261, 262, 260, 261, 263, 261, 262, 261, 262, 261, 260, 259, 262,
    261, 263, 259, 261, 259, 261, 263, 259, 261, 259, 260, 258, 262, 262,
    264, 266, 271, 273, 276, 274, 272, 272, 267, 260, 256, 253, 251, 249,
    254, 254, 261, 265, 268, 272, 269, 269, 262, 257, 253, 253, 256, 259,
    265, 267, 271, 270, 269, 268, 261, 257, 256, 252, 252, 253, 254, 255,
    257, 258, 263, 262, 263, 260, 260, 261, 260, 260, 258, 260, 262, 262,
    263, 262, 259, 263, 260 ]
headPositionsY: [ 85, 85, 82, 81, 81, 85, 80, 85, 82, 82, 83, 84, 82, 84,
    83, 82, 85, 82, 83, 80, 84, 81, 82, 82, 81, 82, 82, 81, 85, 84, 82,
    85, 81, 85, 85, 82, 84, 85, 85, 81, 85, 83, 81, 80, 82, 83, 84, 84,
    83, 86, 85, 82, 84, 83, 85, 86, 82, 82, 84, 84, 87, 86, 83, 84, 84,
    82, 83, 82, 84, 85, 85, 82, 85, 82, 83, 81, 83, 86, 86, 85, 84, 86,
    84, 83, 83, 84, 83, 84, 84, 82, 83, 83, 83, 86, 85, 85, 82, 86, 84,
    87 ]
