%YAML:1.0
---
videoName: "headNod7.mp4"
gestureLabel: 202
fps: 29
pixelSizeInCmTemp: 3.2808219178082193e-01
faceCenterPointX: 261
faceCenterPointY: 71
headPositionsX: [ 259, 264, 265, 263, 266, 262, 267, 265, 263, 262, 262,
    265, 264, 262, 260, 261, 263, 262, 262, 264, 260, 260, 260, 263, 260,
    261, 261, 261, 261, 264, 260, 261, 261, 263, 262, 261, 261, 262, 260,
    259, 262, 262, 262, 263, 261, 259, 259, 264, 259, 260, 261, 264, 263,
    261, 262, 261, 263, 260, 260, 264, 263, 263, 260, 261, 263, 260, 262,
    263, 262, 262, 258, 262, 263, 260, 260, 262, 262, 262, 264, 260, 264,
    261, 261, 260, 262, 263, 262, 261, 262, 263, 263, 262, 263, 261, 264,
    259, 264, 259, 264, 260 ]
headPositionsY: [ 70, 75, 75, 75, 74, 73, 77, 74, 72, 75, 72, 70, 72, 75,
    75, 72, 73, 73, 77, 73, 74, 77, 75, 74, 73, 77, 76, 74, 76, 77, 78,
    74, 77, 73, 74, 75, 73, 76, 75, 76, 77, 76, 76, 75, 76, 77, 76, 78,
    72, 71, 70, 69, 70, 70, 71, 72, 79, 81, 78, 79, 76, 73, 72, 68, 72,
    72, 73, 79, 78, 78, 79, 75, 75, 70, 71, 71, 68, 69, 72, 72, 77, 77,
    79, 79, 80, 79, 77, 76, 74, 70, 70, 69, 71, 70, 70, 70, 71, 71, 71,
    69 ]
