%YAML:1.0
---
videoName: "headLookUp9.mp4"
gestureLabel: 205
fps: 29
pixelSizeInCmTemp: 3.3732394366197183e-01
faceCenterPointX: 251
faceCenterPointY: 57
headPositionsX: [ 251, 250, 254, 251, 249, 251, 252, 253, 250, 254, 252,
    251, 252, 249, 254, 253, 253, 252, 249, 251, 251, 252, 250, 252, 252,
    250, 251, 250, 250, 252, 252, 250, 254, 252, 251, 252, 253, 251, 252,
    253, 249, 253, 252, 249, 254, 253, 252, 249, 252, 250, 251, 249, 249,
    250, 253, 253, 251, 253, 251, 249, 253, 251, 249, 252, 248, 252, 251,
    250, 250, 249, 251, 250, 253, 250, 249, 253, 249, 249, 250, 251, 251,
    250, 251, 253, 249, 252, 250, 251, 250, 252, 250, 250, 252, 254, 251,
    249, 249, 253, 253, 250 ]
headPositionsY: [ 56, 75, 75, 72, 75, 75, 75, 72, 74, 73, 72, 74, 74, 76,
    76, 73, 72, 74, 75, 72, 73, 76, 72, 73, 74, 71, 74, 73, 76, 72, 73,
    74, 73, 72, 72, 66, 68, 65, 68, 68, 64, 63, 61, 59, 60, 58, 63, 61,
    61, 61, 59, 59, 57, 58, 57, 60, 58, 56, 57, 57, 57, 55, 59, 56, 56,
    59, 56, 55, 56, 56, 59, 56, 60, 58, 59, 58, 55, 55, 57, 55, 56, 55,
    55, 57, 59, 55, 59, 58, 58, 57, 55, 55, 58, 59, 56, 56, 57, 57, 56,
    56 ]
