%YAML:1.0
---
videoName: "headShake27.mp4"
gestureLabel: 201
fps: 29
pixelSizeInCmTemp: 3.3263888888888887e-01
faceCenterPointX: 244
faceCenterPointY: 78
headPositionsX: [ 245, 246, 248, 250, 252, 252, 255, 252, 254, 255, 255,
    256, 253, 256, 252, 252, 246, 248, 243, 244, 239, 236, 236, 236, 233,
    236, 230, 232, 233, 235, 233, 233, 233, 234, 239, 239, 240, 242, 243,
    246, 246, 250, 247, 249, 248, 249, 248, 251, 249, 247, 245, 241, 244,
    242, 235, 236, 236, 233, 236, 235, 231, 235, 233, 232, 234, 236, 235,
    239, 240, 240, 240, 245, 244, 245, 248, 245, 249, 248, 250, 248, 246,
    246, 246, 248, 245, 245, 245, 244, 244, 244, 246, 245, 245, 246, 243,
    243, 245, 243, 244, 246 ]
headPositionsY: [ 78, 76, 75, 79, 78, 76, 75, 78, 77, 78, 75, 75, 75, 75,
    77, 77, 79, 79, 76, 79, 78, 79, 76, 81, 80, 81, 80, 76, 78, 76, 79,
    77, 81, 76, 80, 77, 77, 78, 78, 78, 79, 77, 82, 81, 80, 78, 81, 79,
    81, 80, 78, 78, 77, 81, 80, 81, 81, 76, 79, 78, 76, 77, 80, 81, 77,
    77, 77, 79, 80, 81, 79, 82, 80, 77, 77, 79, 79, 82, 80, 80, 80, 80,
    78, 80, 80, 79, 81, 79, 79, 80, 80, 78, 79, 82, 79, 80, 81, 79, 78,
    80 ]
