%YAML:1.0
---
videoName: "headNod30.mp4"
gestureLabel: 202
fps: 29
pixelSizeInCmTemp: 3.2364864864864862e-01
faceCenterPointX: 271
faceCenterPointY: 72
headPositionsX: [ 273, 274, 269, 271, 270, 271, 269, 271, 274, 273, 272,
    272, 273, 272, 270, 273, 272, 273, 273, 272, 273, 271, 272, 270, 272,
    270, 271, 274, 271, 272, 272, 274, 269, 270, 269, 272, 273, 270, 272,
    268, 271, 272, 268, 269, 268, 270, 268, 267, 269, 272, 271, 268, 269,
    271, 273, 269, 268, 273, 273, 271, 271, 269, 272, 269, 269, 273, 272,
    269, 269, 272, 270, 270, 271, 274, 271, 268, 271, 272, 273, 273, 269,
    270, 270, 272, 273, 273, 269, 272, 274, 271, 270, 274, 269, 272, 270,
    273, 270, 272, 271, 271 ]
headPositionsY: [ 71, 73, 77, 74, 74, 77, 77, 76, 75, 74, 75, 74, 77, 76,
    78, 75, 78, 73, 78, 73, 77, 73, 74, 72, 70, 69, 69, 70, 66, 69, 73,
    75, 76, 83, 84, 82, 81, 80, 76, 71, 71, 73, 73, 74, 72, 74, 76, 78,
    77, 79, 78, 75, 74, 70, 70, 69, 73, 69, 75, 76, 74, 77, 76, 76, 73,
    74, 69, 69, 69, 69, 69, 71, 69, 71, 72, 72, 75, 76, 76, 69, 69, 71,
    71, 71, 72, 70, 69, 70, 72, 71, 74, 76, 73, 72, 75, 75, 72, 72, 72,
    71 ]
