%YAML:1.0
---
videoName: "headShake29.mp4"
gestureLabel: 201
fps: 29
pixelSizeInCmTemp: 3.3263888888888887e-01
faceCenterPointX: 243
faceCenterPointY: 76
headPositionsX: [ 243, 242, 242, 242, 244, 244, 241, 242, 244, 241, 242,
    241, 243, 245, 242, 241, 241, 242, 244, 240, 241, 242, 241, 239, 242,
    241, 238, 236, 236, 240, 241, 246, 249, 254, 254, 253, 253, 250, 248,
    241, 237, 235, 233, 226, 229, 228, 233, 237, 244, 245, 248, 252, 254,
    249, 249, 245, 241, 235, 231, 231, 228, 231, 232, 233, 239, 243, 248,
    248, 249, 251, 253, 253, 250, 247, 243, 240, 238, 238, 236, 232, 232,
    235, 233, 235, 240, 239, 240, 242, 240, 242, 242, 241, 242, 242, 245,
    242, 245, 243, 241, 243 ]
headPositionsY: [ 74, 78, 73, 75, 77, 76, 77, 76, 75, 75, 74, 78, 74, 74,
    77, 77, 77, 74, 76, 78, 74, 76, 77, 76, 77, 76, 74, 78, 77, 79, 78,
    77, 74, 77, 73, 75, 75, 74, 75, 78, 78, 78, 74, 78, 74, 74, 75, 78,
    75, 76, 78, 78, 73, 75, 75, 77, 78, 74, 77, 76, 74, 77, 76, 76, 79,
    79, 79, 77, 74, 75, 77, 77, 74, 75, 75, 77, 77, 75, 77, 74, 73, 78,
    74, 76, 75, 75, 77, 79, 75, 78, 73, 77, 79, 74, 77, 78, 77, 77, 76,
    77 ]
