%YAML:1.0
---
videoName: "headShake3.mp4"
gestureLabel: 201
fps: 30
pixelSizeInCmTemp: 3.3263888888888887e-01
faceCenterPointX: 240
faceCenterPointY: 101
headPositionsX: [ 238, 243, 239, 240, 244, 241, 240, 243, 242, 242, 242,
    243, 243, 242, 240, 242, 244, 244, 242, 239, 242, 240, 239, 241, 243,
    240, 243, 239, 241, 240, 240, 239, 242, 241, 247, 249, 252, 253, 254,
    257, 255, 251, 248, 243, 238, 232, 228, 230, 228, 232, 231, 236, 243,
    248, 251, 250, 250, 244, 241, 237, 233, 231, 228, 223, 224, 227, 232,
    235, 237, 243, 243, 248, 244, 246, 244, 244, 240, 236, 236, 232, 231,
    232, 235, 234, 236, 238, 238, 239, 239, 240, 240, 241, 240, 243, 239,
    239, 241, 241, 243, 242 ]
headPositionsY: [ 101, 98, 98, 97, 100, 97, 98, 96, 97, 96, 98, 96, 100,
    98, 97, 100, 99, 99, 100, 101, 99, 100, 102, 97, 99, 99, 97, 100, 99,
    101, 99, 99, 97, 100, 97, 98, 98, 94, 98, 99, 97, 96, 98, 96, 99,
    101, 97, 100, 100, 98, 99, 99, 98, 99, 96, 101, 96, 97, 98, 100, 98,
    100, 98, 97, 97, 98, 100, 97, 97, 99, 100, 98, 96, 98, 98, 97, 97,
    100, 101, 100, 100, 101, 101, 99, 98, 101, 100, 100, 102, 98, 100,
    99, 102, 99, 102, 102, 102, 102, 102, 101 ]
