%YAML:1.0
---
videoName: "headShake10.mp4"
gestureLabel: 201
fps: 29
pixelSizeInCmTemp: 3.3732394366197183e-01
faceCenterPointX: 240
faceCenterPointY: 74
headPositionsX: [ 240, 248, 247, 247, 244, 245, 248, 243, 248, 245, 244,
    245, 248, 244, 247, 246, 245, 246, 248, 248, 246, 247, 247, 246, 248,
    244, 247, 246, 245, 247, 244, 246, 245, 246, 244, 248, 245, 247, 244,
    248, 244, 245, 244, 244, 248, 243, 247, 245, 245, 247, 248, 250, 251,
    254, 254, 256, 259, 258, 259, 257, 256, 254, 248, 241, 240, 236, 234,
    233, 233, 234, 235, 240, 246, 249, 256, 254, 255, 257, 255, 252, 251,
    251, 247, 242, 244, 239, 241, 243, 242, 241, 242, 239, 243, 239, 240,
    243, 241, 240, 242, 242 ]
headPositionsY: [ 73, 72, 71, 73, 71, 75, 74, 71, 73, 71, 71, 76, 72, 72,
    72, 71, 71, 75, 74, 72, 74, 75, 73, 71, 74, 72, 75, 72, 73, 72, 75,
    73, 73, 72, 74, 75, 73, 71, 73, 75, 73, 75, 71, 71, 74, 71, 73, 74,
    74, 75, 74, 71, 73, 70, 72, 69, 70, 73, 71, 73, 73, 72, 75, 73, 75,
    74, 75, 73, 71, 72, 76, 72, 74, 75, 74, 73, 75, 73, 74, 74, 76, 74,
    73, 77, 76, 75, 76, 77, 73, 75, 74, 77, 74, 74, 73, 74, 77, 74, 76,
    74 ]
