%YAML:1.0
---
videoName: "headShake8.mp4"
gestureLabel: 201
fps: 29
pixelSizeInCmTemp: 3.2364864864864862e-01
faceCenterPointX: 243
faceCenterPointY: 72
headPositionsX: [ 245, 242, 245, 242, 243, 244, 245, 246, 241, 243, 241,
    245, 245, 245, 243, 241, 243, 242, 244, 245, 246, 242, 241, 245, 243,
    244, 244, 241, 242, 243, 241, 243, 242, 245, 247, 248, 250, 255, 263,
    266, 266, 263, 266, 263, 257, 249, 245, 242, 237, 234, 233, 232, 233,
    238, 243, 250, 252, 258, 257, 258, 258, 253, 250, 246, 242, 239, 237,
    236, 234, 236, 234, 236, 237, 242, 245, 243, 246, 246, 247, 248, 252,
    248, 250, 252, 250, 249, 249, 249, 247, 247, 247, 244, 243, 244, 241,
    241, 243, 241, 243, 242 ]
headPositionsY: [ 72, 73, 71, 73, 74, 70, 73, 74, 70, 72, 71, 71, 74, 71,
    71, 73, 69, 69, 73, 72, 74, 71, 70, 72, 73, 71, 70, 69, 73, 73, 69,
    74, 72, 73, 71, 72, 68, 70, 70, 69, 68, 70, 71, 70, 70, 73, 72, 73,
    69, 71, 72, 72, 71, 69, 71, 73, 72, 69, 69, 70, 72, 70, 73, 72, 72,
    70, 72, 69, 70, 72, 70, 72, 72, 73, 72, 74, 71, 69, 71, 74, 73, 70,
    70, 71, 72, 71, 70, 70, 70, 73, 73, 71, 71, 73, 72, 69, 73, 70, 72,
    71 ]
