%YAML:1.0
---
videoName: "headShake11.mp4"
gestureLabel: 201
fps: 29
pixelSizeInCmTemp: 3.2364864864864862e-01
faceCenterPointX: 244
faceCenterPointY: 76
headPositionsX: [ 244, 241, 241, 243, 244, 244, 244, 243, 242, 243, 241,
    244, 240, 243, 242, 244, 240, 241, 240, 242, 243, 243, 243, 240, 240,
    242, 244, 246, 247, 251, 254, 255, 261, 259, 261, 263, 262, 260, 254,
    250, 244, 236, 233, 230, 225, 224, 229, 231, 234, 241, 246, 251, 252,
    256, 259, 260, 257, 255, 251, 243, 239, 235, 234, 231, 229, 234, 234,
    241, 245, 247, 253, 255, 260, 260, 257, 254, 253, 248, 247, 240, 239,
    235, 235, 236, 235, 237, 238, 242, 246, 248, 248, 250, 246, 248, 248,
    247, 247, 244, 243, 246 ]
headPositionsY: [ 76, 74, 74, 72, 73, 72, 73, 72, 74, 74, 75, 74, 73, 70,
    73, 72, 74, 74, 75, 71, 73, 75, 75, 73, 74, 75, 75, 73, 71, 71, 72,
    71, 72, 71, 73, 74, 75, 75, 75, 77, 74, 75, 73, 72, 76, 72, 75, 76,
    73, 74, 73, 74, 75, 74, 73, 74, 72, 75, 76, 76, 75, 76, 76, 76, 76,
    74, 77, 77, 74, 73, 76, 72, 75, 70, 72, 75, 72, 77, 77, 75, 73, 76,
    74, 72, 75, 74, 77, 75, 74, 76, 74, 76, 72, 75, 74, 73, 74, 76, 74,
    75 ]
