%YAML:1.0
---
videoName: "headLookDown5.mp4"
gestureLabel: 206
fps: 29
pixelSizeInCmTemp: 3.4710144927536229e-01
faceCenterPointX: 272
faceCenterPointY: 102
headPositionsX: [ 272, 272, 271, 273, 273, 272, 270, 270, 274, 274, 272,
    274, 271, 269, 269, 272, 271, 271, 272, 273, 271, 271, 269, 270, 272,
    273, 271, 271, 273, 271, 272, 269, 270, 274, 269, 272, 274, 273, 272,
    271, 272, 273, 270, 271, 269, 269, 273, 270, 271, 270, 274, 271, 271,
    274, 275, 270, 271, 272, 273, 272, 269, 269, 271, 270, 272, 269, 270,
    273, 272, 272, 274, 271, 273, 272, 274, 273, 269, 272, 273, 274, 270,
    270, 269, 272, 272, 274, 272, 271, 272, 273, 273, 272, 273, 275, 272,
    274, 275, 271, 274, 271 ]
headPositionsY: [ 101, 83, 83, 83, 86, 84, 82, 82, 82, 82, 84, 84, 81,
    86, 83, 85, 84, 82, 82, 83, 85, 83, 83, 83, 82, 82, 82, 84, 85, 85,
    83, 82, 85, 84, 82, 82, 85, 85, 86, 84, 83, 82, 82, 85, 84, 86, 88,
    87, 85, 87, 90, 89, 90, 92, 94, 97, 94, 96, 100, 97, 99, 100, 98, 98,
    101, 102, 103, 102, 100, 99, 101, 102, 105, 101, 100, 101, 101, 101,
    102, 104, 102, 103, 102, 102, 101, 102, 105, 101, 100, 104, 105, 101,
    100, 105, 100, 101, 103, 104, 102, 101 ]
