%YAML:1.0
---
videoName: "headLookLeft5.mp4"
gestureLabel: 203
fps: 30
pixelSizeInCmTemp: 3.5746268656716418e-01
faceCenterPointX: 284
faceCenterPointY: 67
headPositionsX: [ 282, 258, 261, 258, 260, 262, 258, 260, 261, 259, 258,
    263, 260, 262, 264, 260, 263, 261, 263, 265, 265, 264, 266, 267, 270,
    274, 274, 275, 279, 278, 281, 285, 283, 280, 285, 287, 286, 284, 284,
    285, 283, 283, 284, 283, 290, 285, 287, 287, 284, 287, 289, 282, 284,
    284, 286, 281, 281, 284, 284, 285, 284, 282, 283, 283, 285, 284, 287,
    284, 285, 282, 285, 285, 284, 286, 284, 284, 286, 284, 285, 284, 283,
    287, 287, 287, 285, 283, 284, 283, 283, 289, 285, 284, 287, 286, 286,
    286, 286, 283, 283, 285 ]
headPositionsY: [ 68, 74, 72, 72, 73, 73, 70, 73, 74, 73, 74, 70, 73, 72,
    72, 72, 72, 74, 70, 72, 72, 72, 72, 69, 71, 71, 72, 69, 68, 68, 69,
    68, 70, 70, 71, 70, 69, 68, 65, 71, 72, 68, 66, 68, 70, 71, 69, 67,
    66, 71, 67, 71, 68, 69, 70, 68, 69, 66, 68, 66, 67, 66, 69, 70, 68,
    69, 70, 68, 66, 67, 71, 71, 71, 69, 66, 71, 71, 69, 70, 69, 68, 68,
    69, 69, 71, 70, 67, 68, 67, 67, 69, 70, 69, 71, 70, 67, 68, 69, 66,
    68 ]
