%YAML:1.0
---
videoName: "headShake29.mp4"
gestureLabel: 201
fps: 29
pixelSizeInCmTemp: 3.3263888888888887e-01
faceCenterPointX: 243
faceCenterPointY: 76
headPositionsX: [ 243, 240, 240, 245, 241, 243, 241, 240, 241, 243, 242,
    244, 243, 242, 242, 242, 242, 244, 245, 244, 242, 242, 242, 239, 238,
    238, 241, 236, 237, 237, 242, 248, 251, 253, 256, 255, 257, 254, 246,
    240, 236, 231, 232, 228, 227, 230, 235, 236, 240, 247, 251, 251, 253,
    251, 251, 245, 239, 239, 234, 230, 229, 228, 233, 236, 237, 242, 247,
    248, 253, 252, 249, 251, 247, 247, 243, 239, 236, 237, 232, 234, 236,
    236, 235, 238, 239, 236, 237, 241, 242, 243, 243, 242, 242, 244, 241,
    244, 241, 245, 240, 243 ]
headPositionsY: [ 76, 75, 77, 77, 75, 77, 77, 78, 77, 74, 77, 74, 74, 76,
    75, 76, 76, 74, 79, 77, 74, 78, 78, 76, 74, 74, 78, 77, 74, 76, 75,
    74, 77, 74, 72, 76, 74, 77, 73, 75, 76, 78, 74, 75, 75, 78, 76, 77,
    77, 79, 78, 76, 75, 76, 76, 79, 76, 77, 77, 77, 76, 76, 77, 76, 80,
    79, 77, 75, 73, 77, 75, 73, 75, 74, 74, 74, 73, 78, 75, 74, 73, 76,
    73, 78, 78, 75, 78, 76, 75, 74, 74, 76, 75, 76, 75, 75, 78, 78, 78,
    77 ]
