%YAML:1.0
---
videoName: "headNod11.mp4"
gestureLabel: 202
fps: 29
pixelSizeInCmTemp: 3.2364864864864862e-01
faceCenterPointX: 261
faceCenterPointY: 75
headPositionsX: [ 260, 259, 258, 258, 258, 258, 259, 261, 257, 258, 260,
    260, 258, 259, 260, 258, 257, 262, 260, 257, 260, 260, 262, 260, 260,
    260, 259, 262, 262, 260, 261, 260, 261, 260, 259, 262, 262, 259, 262,
    260, 259, 261, 260, 260, 261, 258, 259, 259, 258, 263, 260, 260, 261,
    259, 259, 260, 260, 262, 259, 258, 258, 257, 260, 257, 261, 257, 260,
    258, 258, 256, 259, 257, 260, 258, 257, 257, 258, 258, 255, 256, 256,
    260, 260, 262, 261, 257, 260, 260, 259, 260, 261, 259, 259, 260, 258,
    258, 261, 259, 261, 260 ]
headPositionsY: [ 76, 75, 75, 73, 77, 76, 74, 75, 73, 76, 76, 75, 74, 73,
    73, 75, 74, 73, 73, 74, 73, 72, 76, 75, 76, 76, 75, 76, 76, 75, 74,
    73, 77, 75, 74, 76, 77, 77, 73, 73, 75, 77, 76, 76, 73, 77, 73, 72,
    71, 73, 67, 67, 68, 70, 69, 69, 75, 76, 75, 78, 81, 77, 77, 73, 71,
    67, 66, 67, 68, 73, 72, 74, 80, 79, 82, 82, 81, 75, 77, 72, 69, 71,
    72, 70, 76, 76, 78, 82, 78, 81, 79, 78, 77, 75, 76, 75, 78, 77, 76,
    75 ]
