%YAML:1.0
---
videoName: "headShake25.mp4"
gestureLabel: 201
fps: 30
pixelSizeInCmTemp: 3.2364864864864862e-01
faceCenterPointX: 241
faceCenterPointY: 79
headPositionsX: [ 240, 253, 254, 253, 251, 251, 249, 250, 245, 242, 238,
    237, 236, 235, 232, 229, 232, 230, 227, 230, 230, 232, 231, 236, 239,
    243, 246, 248, 249, 251, 247, 250, 251, 247, 246, 246, 244, 241, 236,
    237, 235, 230, 232, 230, 228, 228, 230, 230, 233, 237, 240, 242, 241,
    245, 248, 248, 250, 250, 252, 250, 249, 251, 249, 246, 247, 241, 240,
    236, 235, 237, 234, 235, 235, 233, 236, 233, 238, 235, 238, 239, 237,
    241, 241, 242, 240, 243, 243, 245, 245, 241, 244, 242, 244, 239, 241,
    240, 241, 238, 239, 242 ]
headPositionsY: [ 78, 76, 76, 75, 76, 78, 76, 78, 76, 75, 79, 77, 78, 77,
    79, 77, 77, 78, 76, 79, 79, 77, 76, 77, 80, 80, 80, 79, 80, 80, 76,
    76, 81, 77, 80, 81, 80, 76, 78, 80, 76, 77, 78, 79, 77, 77, 79, 77,
    78, 79, 77, 79, 81, 80, 79, 77, 82, 76, 75, 76, 81, 76, 79, 79, 79,
    78, 77, 79, 79, 79, 77, 78, 78, 76, 78, 79, 76, 77, 77, 76, 78, 78,
    78, 79, 77, 77, 76, 81, 79, 78, 79, 78, 78, 78, 81, 78, 81, 79, 80,
    78 ]
