%YAML:1.0
---
videoName: "headNod47.mp4"
gestureLabel: 202
fps: 29
pixelSizeInCmTemp: 3.0316455696202532e-01
faceCenterPointX: 266
faceCenterPointY: 70
headPositionsX: [ 267, 267, 268, 267, 266, 268, 266, 268, 265, 266, 265,
    264, 266, 264, 266, 262, 264, 266, 263, 264, 264, 267, 267, 264, 264,
    265, 269, 268, 264, 267, 265, 268, 270, 269, 266, 268, 266, 267, 266,
    266, 265, 266, 267, 268, 266, 264, 265, 265, 266, 267, 265, 265, 267,
    267, 267, 266, 267, 266, 267, 267, 264, 268, 265, 266, 268, 264, 266,
    266, 264, 264, 265, 267, 268, 265, 265, 267, 266, 266, 264, 269, 267,
    265, 265, 268, 268, 265, 267, 264, 266, 268, 265, 265, 267, 267, 267,
    266, 267, 264, 266, 267 ]
headPositionsY: [ 72, 64, 59, 60, 61, 56, 57, 63, 64, 67, 70, 74, 78, 84,
    83, 77, 75, 69, 68, 67, 64, 63, 65, 70, 73, 76, 74, 79, 76, 77, 75,
    74, 68, 67, 69, 69, 66, 69, 71, 74, 78, 77, 79, 80, 76, 74, 70, 68,
    68, 68, 68, 67, 72, 72, 76, 76, 73, 71, 69, 72, 67, 69, 67, 68, 70,
    71, 69, 72, 76, 75, 76, 71, 73, 71, 71, 70, 68, 67, 72, 70, 71, 73,
    75, 76, 70, 71, 72, 70, 68, 70, 71, 70, 69, 68, 69, 69, 72, 70, 72,
    72 ]
