%YAML:1.0
---
videoName: "headShake27.mp4"
gestureLabel: 201
fps: 29
pixelSizeInCmTemp: 3.3263888888888887e-01
faceCenterPointX: 244
faceCenterPointY: 78
headPositionsX: [ 246, 247, 245, 249, 252, 251, 254, 253, 255, 255, 256,
    256, 256, 253, 253, 248, 250, 245, 245, 243, 240, 240, 239, 236, 236,
    234, 233, 233, 232, 234, 234, 236, 236, 237, 236, 241, 242, 241, 246,
    245, 250, 250, 249, 251, 252, 252, 248, 247, 248, 249, 246, 244, 242,
    240, 237, 237, 233, 233, 236, 232, 234, 235, 232, 236, 234, 238, 237,
    238, 239, 240, 241, 243, 246, 246, 250, 248, 247, 247, 250, 249, 248,
    246, 248, 244, 246, 244, 246, 245, 247, 247, 245, 243, 246, 244, 244,
    243, 244, 246, 245, 242 ]
headPositionsY: [ 79, 78, 78, 79, 79, 77, 79, 75, 78, 77, 77, 74, 76, 78,
    78, 76, 80, 77, 76, 77, 80, 79, 77, 78, 77, 81, 80, 79, 78, 76, 79,
    79, 79, 77, 79, 81, 80, 81, 80, 77, 78, 78, 82, 81, 79, 80, 79, 81,
    80, 80, 79, 81, 78, 81, 76, 78, 77, 79, 80, 78, 80, 78, 77, 77, 79,
    80, 78, 78, 78, 77, 81, 82, 76, 77, 78, 80, 80, 82, 80, 80, 78, 78,
    77, 82, 79, 77, 80, 82, 77, 82, 79, 80, 79, 81, 80, 80, 78, 81, 79,
    82 ]
