%YAML:1.0
---
videoName: "headLookLeft0.mp4"
gestureLabel: 203
fps: 29
pixelSizeInCmTemp: 3.6287878787878786e-01
faceCenterPointX: 286
faceCenterPointY: 69
headPositionsX: [ 286, 255, 256, 255, 256, 254, 252, 255, 252, 251, 252,
    253, 253, 252, 254, 256, 253, 253, 255, 251, 252, 254, 255, 257, 252,
    255, 255, 256, 252, 254, 257, 253, 254, 254, 255, 254, 254, 257, 257,
    254, 253, 258, 254, 254, 256, 255, 256, 254, 254, 253, 253, 256, 256,
    254, 257, 254, 254, 255, 257, 257, 255, 253, 257, 256, 254, 253, 255,
    253, 254, 253, 255, 254, 255, 255, 255, 253, 254, 254, 260, 260, 259,
    265, 268, 269, 269, 270, 276, 276, 283, 275, 281, 276, 280, 284, 285,
    287, 284, 284, 286, 285 ]
headPositionsY: [ 70, 71, 67, 68, 66, 71, 69, 67, 67, 66, 68, 70, 72, 68,
    70, 68, 69, 68, 71, 70, 68, 68, 68, 69, 70, 71, 68, 72, 70, 72, 68,
    72, 69, 72, 72, 70, 73, 73, 71, 72, 68, 68, 68, 70, 71, 73, 72, 73,
    70, 70, 71, 70, 71, 71, 72, 71, 71, 72, 72, 73, 73, 71, 73, 72, 74,
    72, 72, 72, 69, 71, 72, 70, 72, 69, 70, 72, 69, 70, 70, 72, 69, 72,
    71, 69, 71, 70, 69, 67, 72, 68, 65, 65, 65, 68, 69, 69, 69, 69, 70,
    67 ]
