%YAML:1.0
---
videoName: "headShake38.mp4"
gestureLabel: 201
fps: 29
pixelSizeInCmTemp: 3.2808219178082193e-01
faceCenterPointX: 259
faceCenterPointY: 84
headPositionsX: [ 261, 261, 262, 263, 265, 262, 262, 265, 264, 262, 264,
    263, 265, 263, 265, 264, 265, 263, 262, 262, 264, 264, 264, 264, 262,
    261, 261, 265, 265, 264, 261, 262, 262, 262, 262, 263, 262, 265, 261,
    262, 264, 260, 259, 254, 254, 252, 250, 246, 246, 250, 258, 266, 275,
    275, 277, 273, 270, 262, 255, 251, 248, 248, 253, 261, 266, 272, 273,
    268, 266, 258, 255, 248, 246, 248, 252, 256, 260, 262, 264, 268, 269,
    268, 266, 266, 266, 262, 263, 260, 262, 258, 258, 262, 261, 259, 260,
    260, 259, 261, 259, 260 ]
headPositionsY: [ 82, 83, 81, 81, 82, 82, 82, 81, 85, 84, 81, 81, 85, 82,
    81, 81, 85, 86, 81, 86, 85, 84, 86, 81, 81, 84, 85, 85, 85, 81, 84,
    85, 81, 83, 85, 84, 82, 83, 82, 81, 83, 84, 82, 82, 83, 80, 82, 80,
    82, 86, 84, 83, 85, 81, 82, 83, 82, 83, 84, 84, 84, 84, 82, 84, 85,
    83, 86, 84, 86, 86, 84, 81, 86, 82, 84, 86, 84, 85, 83, 83, 84, 83,
    86, 86, 83, 87, 86, 84, 83, 83, 82, 82, 86, 82, 86, 82, 82, 85, 84,
    84 ]
