%YAML:1.0
---
videoName: "headShake40.mp4"
gestureLabel: 201
fps: 29
pixelSizeInCmTemp: 3.2808219178082193e-01
faceCenterPointX: 261
faceCenterPointY: 86
headPositionsX: [ 260, 262, 261, 261, 259, 261, 258, 260, 262, 261, 263,
    260, 262, 258, 263, 263, 262, 263, 260, 260, 263, 262, 263, 262, 260,
    258, 259, 260, 260, 260, 257, 255, 254, 254, 252, 255, 255, 263, 264,
    271, 271, 277, 281, 281, 277, 272, 272, 265, 261, 252, 249, 249, 244,
    245, 248, 254, 257, 262, 265, 268, 268, 271, 268, 268, 268, 263, 260,
    258, 256, 256, 257, 256, 259, 261, 264, 265, 268, 268, 268, 265, 264,
    265, 263, 259, 259, 258, 256, 256, 258, 259, 261, 257, 257, 260, 260,
    261, 259, 261, 259, 262 ]
headPositionsY: [ 86, 86, 85, 85, 84, 83, 85, 83, 83, 81, 83, 84, 84, 82,
    84, 84, 82, 81, 83, 83, 83, 82, 84, 84, 84, 81, 86, 84, 82, 84, 84,
    81, 86, 81, 84, 83, 85, 83, 84, 82, 80, 79, 79, 78, 79, 83, 81, 85,
    81, 85, 83, 83, 82, 84, 83, 81, 85, 85, 85, 84, 81, 81, 81, 81, 83,
    82, 82, 83, 84, 82, 84, 81, 84, 83, 82, 81, 84, 84, 85, 85, 84, 84,
    84, 86, 82, 86, 83, 82, 84, 86, 86, 84, 87, 86, 84, 87, 87, 84, 86,
    86 ]
