%YAML:1.0
---
videoName: "headNod29.mp4"
gestureLabel: 202
fps: 29
pixelSizeInCmTemp: 3.1933333333333330e-01
faceCenterPointX: 271
faceCenterPointY: 70
headPositionsX: [ 271, 272, 274, 272, 272, 275, 271, 271, 272, 272, 273,
    272, 273, 271, 270, 271, 271, 271, 272, 272, 271, 274, 274, 274, 272,
    270, 271, 271, 273, 269, 271, 271, 270, 269, 272, 270, 268, 269, 270,
    271, 271, 269, 272, 269, 270, 272, 269, 273, 273, 272, 272, 270, 271,
    272, 272, 273, 268, 272, 270, 270, 271, 272, 271, 273, 271, 271, 271,
    271, 271, 271, 267, 271, 269, 270, 272, 272, 271, 271, 273, 272, 273,
    270, 269, 273, 273, 271, 273, 270, 273, 272, 272, 272, 270, 273, 271,
    271, 270, 271, 272, 272 ]
headPositionsY: [ 70, 71, 71, 74, 75, 78, 77, 79, 81, 80, 78, 78, 78, 75,
    71, 69, 67, 65, 66, 66, 66, 66, 68, 71, 72, 74, 79, 82, 77, 81, 81,
    78, 76, 71, 73, 74, 72, 68, 71, 72, 75, 76, 78, 81, 80, 79, 78, 73,
    75, 71, 72, 75, 76, 78, 79, 82, 83, 79, 76, 76, 75, 72, 75, 76, 77,
    78, 77, 79, 76, 74, 72, 71, 71, 69, 72, 70, 70, 72, 74, 77, 76, 77,
    72, 72, 72, 73, 69, 72, 68, 70, 69, 69, 71, 70, 68, 72, 71, 69, 69,
    73 ]
