%YAML:1.0
---
videoName: "headShake27.mp4"
gestureLabel: 201
fps: 29
pixelSizeInCmTemp: 3.3263888888888887e-01
faceCenterPointX: 244
faceCenterPointY: 78
headPositionsX: [ 242, 248, 246, 247, 251, 253, 252, 255, 254, 256, 258,
    257, 256, 253, 254, 248, 247, 247, 244, 241, 241, 237, 238, 238, 235,
    235, 232, 232, 229, 234, 231, 232, 233, 237, 237, 238, 240, 242, 243,
    247, 247, 249, 250, 250, 250, 251, 252, 247, 250, 246, 246, 244, 244,
    243, 238, 235, 235, 231, 236, 232, 234, 234, 233, 235, 233, 236, 236,
    236, 243, 242, 242, 242, 244, 247, 246, 248, 250, 247, 246, 249, 247,
    248, 247, 244, 246, 244, 246, 245, 245, 244, 247, 243, 246, 243, 247,
    242, 243, 244, 247, 245 ]
headPositionsY: [ 78, 77, 75, 78, 79, 76, 77, 74, 75, 76, 74, 75, 77, 75,
    77, 80, 81, 78, 77, 76, 81, 80, 79, 80, 79, 78, 79, 76, 78, 79, 81,
    81, 81, 76, 77, 77, 80, 78, 78, 81, 79, 81, 80, 79, 78, 80, 78, 81,
    81, 81, 81, 78, 80, 81, 78, 81, 78, 78, 81, 76, 79, 80, 79, 79, 78,
    77, 80, 81, 80, 78, 77, 81, 76, 81, 81, 80, 81, 82, 81, 78, 77, 78,
    78, 78, 82, 80, 82, 79, 77, 82, 82, 80, 81, 80, 78, 77, 79, 79, 78,
    79 ]
