%YAML:1.0
---
videoName: "headLookUp4.mp4"
gestureLabel: 205
fps: 30
pixelSizeInCmTemp: 3.6846153846153845e-01
faceCenterPointX: 256
faceCenterPointY: 68
headPositionsX: [ 254, 255, 254, 256, 258, 255, 258, 256, 256, 257, 254,
    258, 255, 258, 257, 254, 255, 254, 256, 254, 254, 254, 257, 258, 258,
    255, 257, 255, 256, 258, 255, 257, 257, 255, 256, 255, 257, 254, 254,
    253, 255, 256, 258, 255, 255, 258, 254, 257, 255, 255, 256, 254, 254,
    255, 254, 254, 254, 253, 257, 254, 255, 255, 255, 258, 255, 256, 256,
    257, 258, 254, 255, 257, 255, 255, 255, 258, 256, 254, 256, 256, 256,
    256, 253, 256, 258, 256, 256, 253, 257, 257, 256, 258, 259, 257, 256,
    257, 254, 256, 253, 254 ]
headPositionsY: [ 67, 81, 81, 80, 83, 81, 83, 82, 82, 81, 81, 84, 81, 81,
    84, 83, 84, 82, 80, 81, 81, 79, 78, 82, 77, 79, 76, 75, 73, 70, 72,
    71, 71, 69, 68, 66, 66, 68, 70, 67, 67, 72, 67, 67, 66, 71, 69, 68,
    68, 68, 70, 69, 68, 68, 71, 67, 69, 69, 66, 68, 65, 65, 66, 66, 70,
    71, 69, 70, 68, 71, 68, 69, 67, 67, 65, 67, 67, 71, 65, 70, 70, 68,
    71, 68, 67, 68, 69, 66, 71, 71, 69, 69, 71, 69, 72, 67, 70, 70, 68,
    72 ]
