%YAML:1.0
---
videoName: "headLookLeft3.mp4"
gestureLabel: 203
fps: 29
pixelSizeInCmTemp: 3.4214285714285714e-01
faceCenterPointX: 290
faceCenterPointY: 74
headPositionsX: [ 288, 262, 265, 266, 263, 266, 268, 267, 270, 268, 273,
    275, 279, 277, 282, 283, 285, 288, 289, 289, 291, 288, 294, 289, 284,
    286, 296, 292, 287, 285, 288, 291, 291, 293, 287, 291, 281, 291, 292,
    288, 289, 285, 288, 294, 288, 291, 286, 287, 293, 289, 290, 290, 290,
    287, 287, 285, 287, 286, 288, 292, 292, 291, 287, 289, 288, 288, 289,
    289, 287, 287, 289, 286, 286, 284, 285, 286, 288, 286, 288, 287, 289,
    286, 291, 285, 287, 284, 289, 288, 288, 286, 284, 287, 288, 288, 285,
    284, 288, 289, 290, 286 ]
headPositionsY: [ 74, 79, 78, 78, 75, 74, 77, 79, 77, 77, 78, 77, 75, 74,
    74, 72, 75, 75, 74, 74, 76, 72, 77, 76, 72, 70, 75, 77, 74, 74, 71,
    72, 76, 76, 74, 74, 71, 77, 74, 75, 73, 72, 71, 77, 74, 74, 76, 72,
    77, 72, 73, 73, 75, 73, 76, 74, 72, 72, 73, 76, 76, 74, 72, 73, 74,
    75, 74, 72, 75, 73, 72, 72, 75, 71, 72, 75, 76, 75, 75, 73, 74, 75,
    72, 75, 72, 71, 76, 76, 73, 76, 73, 75, 73, 73, 72, 75, 76, 71, 73,
    74 ]
