%YAML:1.0
---
videoName: "headShake9.mp4"
gestureLabel: 201
fps: 30
pixelSizeInCmTemp: 3.2808219178082193e-01
faceCenterPointX: 243
faceCenterPointY: 73
headPositionsX: [ 245, 242, 241, 242, 243, 240, 245, 244, 245, 244, 242,
    241, 243, 241, 245, 243, 241, 245, 242, 243, 241, 243, 243, 244, 242,
    241, 243, 244, 243, 241, 240, 243, 244, 244, 243, 245, 242, 243, 245,
    245, 245, 249, 255, 255, 264, 262, 266, 265, 262, 258, 252, 248, 243,
    240, 231, 229, 230, 230, 231, 236, 240, 245, 251, 258, 263, 259, 264,
    259, 257, 248, 245, 240, 233, 230, 232, 227, 228, 235, 236, 239, 243,
    249, 251, 251, 249, 248, 250, 249, 248, 247, 248, 245, 244, 243, 242,
    244, 243, 242, 242, 245 ]
headPositionsY: [ 71, 73, 72, 72, 73, 72, 72, 72, 74, 72, 70, 72, 72, 72,
    74, 72, 74, 71, 72, 74, 73, 70, 71, 72, 72, 72, 71, 71, 71, 72, 72,
    70, 75, 71, 74, 74, 74, 73, 70, 75, 73, 70, 69, 70, 70, 72, 67, 71,
    71, 73, 71, 73, 75, 73, 74, 72, 72, 72, 75, 73, 73, 73, 71, 73, 68,
    70, 71, 69, 70, 73, 73, 70, 71, 74, 71, 70, 73, 74, 75, 72, 71, 73,
    73, 72, 71, 72, 71, 74, 72, 73, 75, 72, 74, 73, 73, 75, 75, 74, 72,
    73 ]
