%YAML:1.0
---
videoName: "headShake40.mp4"
gestureLabel: 201
fps: 29
pixelSizeInCmTemp: 3.2808219178082193e-01
faceCenterPointX: 261
faceCenterPointY: 86
headPositionsX: [ 263, 263, 260, 263, 262, 262, 260, 259, 262, 261, 259,
    263, 264, 259, 261, 263, 260, 263, 260, 258, 259, 259, 261, 259, 260,
    259, 260, 257, 261, 260, 259, 253, 256, 251, 253, 255, 256, 262, 267,
    270, 274, 278, 280, 279, 277, 275, 271, 264, 261, 256, 251, 249, 246,
    245, 250, 254, 258, 260, 267, 269, 270, 270, 270, 266, 269, 265, 263,
    258, 259, 258, 258, 256, 261, 259, 264, 264, 267, 269, 264, 264, 266,
    265, 263, 260, 259, 259, 256, 256, 258, 260, 260, 257, 259, 259, 261,
    259, 261, 260, 261, 262 ]
headPositionsY: [ 88, 84, 85, 81, 81, 82, 84, 84, 84, 82, 82, 86, 84, 84,
    85, 82, 86, 81, 86, 81, 83, 85, 82, 83, 85, 82, 86, 83, 85, 86, 82,
    84, 86, 81, 84, 84, 84, 83, 85, 80, 80, 83, 78, 79, 80, 79, 82, 82,
    80, 84, 83, 83, 80, 81, 84, 84, 84, 82, 84, 80, 85, 82, 83, 85, 86,
    83, 82, 81, 82, 83, 84, 83, 82, 83, 80, 85, 85, 85, 82, 83, 83, 82,
    85, 84, 84, 82, 82, 84, 84, 84, 83, 87, 85, 83, 85, 85, 85, 87, 87,
    86 ]
