%YAML:1.0
---
videoName: "headNod18.mp4"
gestureLabel: 202
fps: 29
pixelSizeInCmTemp: 3.3263888888888887e-01
faceCenterPointX: 255
faceCenterPointY: 77
headPositionsX: [ 254, 256, 255, 257, 258, 254, 258, 258, 258, 257, 254,
    258, 258, 257, 257, 255, 253, 254, 257, 255, 257, 253, 254, 256, 257,
    256, 254, 255, 257, 255, 256, 256, 253, 257, 253, 254, 253, 257, 255,
    257, 256, 256, 256, 256, 254, 254, 258, 256, 255, 253, 252, 254, 252,
    255, 253, 252, 255, 255, 254, 256, 253, 255, 256, 252, 256, 256, 256,
    252, 252, 254, 256, 252, 254, 254, 252, 252, 253, 257, 253, 255, 253,
    257, 252, 252, 255, 253, 253, 254, 256, 253, 253, 253, 256, 257, 252,
    255, 256, 252, 254, 253 ]
headPositionsY: [ 78, 78, 75, 77, 80, 77, 79, 75, 75, 78, 77, 77, 75, 78,
    77, 77, 76, 79, 80, 79, 77, 77, 75, 81, 76, 79, 80, 80, 81, 78, 81,
    80, 77, 80, 78, 79, 78, 77, 76, 77, 73, 74, 71, 71, 74, 74, 69, 73,
    73, 73, 75, 81, 81, 81, 78, 80, 76, 75, 70, 71, 73, 74, 77, 78, 81,
    83, 81, 79, 76, 72, 72, 77, 77, 82, 84, 84, 84, 79, 77, 77, 76, 78,
    74, 78, 80, 80, 83, 83, 78, 79, 79, 76, 79, 77, 77, 78, 80, 80, 76,
    79 ]
