%YAML:1.0
---
videoName: "headShake8.mp4"
gestureLabel: 201
fps: 29
pixelSizeInCmTemp: 3.2364864864864862e-01
faceCenterPointX: 243
faceCenterPointY: 72
headPositionsX: [ 243, 241, 242, 242, 243, 246, 243, 244, 242, 243, 243,
    243, 243, 246, 244, 242, 243, 241, 241, 246, 245, 242, 244, 246, 242,
    242, 242, 242, 245, 245, 244, 246, 244, 246, 246, 249, 254, 258, 259,
    262, 263, 266, 264, 259, 257, 252, 248, 239, 233, 233, 231, 231, 232,
    236, 246, 251, 256, 260, 257, 261, 259, 253, 249, 245, 243, 240, 237,
    234, 234, 233, 234, 237, 240, 241, 242, 246, 245, 248, 248, 249, 249,
    250, 248, 248, 250, 250, 248, 248, 248, 246, 247, 246, 242, 241, 242,
    243, 241, 242, 241, 242 ]
headPositionsY: [ 72, 70, 70, 74, 71, 72, 71, 74, 69, 71, 71, 74, 72, 74,
    71, 70, 70, 71, 73, 71, 71, 72, 70, 70, 73, 71, 73, 72, 70, 74, 70,
    71, 71, 71, 72, 69, 69, 68, 68, 68, 69, 69, 71, 73, 72, 71, 73, 70,
    72, 71, 69, 73, 73, 73, 71, 72, 71, 69, 71, 70, 70, 69, 71, 69, 74,
    74, 70, 69, 71, 73, 71, 72, 72, 71, 74, 73, 72, 71, 69, 70, 72, 72,
    73, 69, 71, 72, 70, 74, 72, 73, 73, 69, 73, 72, 74, 70, 73, 72, 73,
    70 ]
