%YAML:1.0
---
videoName: "headShake34.mp4"
gestureLabel: 201
fps: 29
pixelSizeInCmTemp: 3.2364864864864862e-01
faceCenterPointX: 263
faceCenterPointY: 83
headPositionsX: [ 261, 263, 263, 266, 261, 262, 265, 264, 262, 264, 266,
    266, 262, 264, 266, 264, 265, 262, 263, 263, 264, 264, 264, 262, 267,
    263, 265, 264, 264, 264, 264, 265, 262, 266, 265, 264, 263, 269, 269,
    267, 271, 273, 273, 276, 274, 278, 280, 277, 279, 274, 274, 267, 261,
    259, 254, 251, 251, 253, 254, 256, 257, 261, 264, 268, 270, 272, 270,
    266, 267, 259, 259, 257, 253, 253, 257, 255, 257, 258, 263, 264, 265,
    267, 266, 267, 265, 267, 264, 264, 264, 266, 266, 265, 264, 262, 264,
    264, 262, 266, 265, 265 ]
headPositionsY: [ 81, 80, 81, 83, 81, 82, 82, 82, 84, 86, 83, 85, 85, 81,
    81, 80, 81, 82, 83, 84, 81, 82, 81, 81, 82, 84, 85, 85, 84, 83, 85,
    83, 85, 81, 82, 84, 81, 81, 81, 84, 83, 84, 81, 83, 81, 82, 84, 83,
    82, 83, 82, 85, 81, 85, 82, 80, 82, 82, 82, 82, 83, 85, 84, 84, 83,
    82, 81, 85, 86, 82, 85, 81, 82, 83, 84, 82, 84, 85, 84, 82, 85, 82,
    83, 84, 83, 82, 82, 85, 83, 82, 84, 85, 86, 82, 82, 82, 86, 82, 85,
    85 ]
