%YAML:1.0
---
videoName: "headShake13.mp4"
gestureLabel: 201
fps: 29
pixelSizeInCmTemp: 3.2364864864864862e-01
faceCenterPointX: 241
faceCenterPointY: 77
headPositionsX: [ 241, 239, 241, 241, 242, 242, 242, 240, 240, 243, 241,
    240, 242, 243, 242, 242, 240, 240, 239, 240, 239, 240, 239, 243, 243,
    239, 241, 242, 242, 241, 241, 241, 237, 241, 244, 250, 251, 255, 261,
    262, 264, 261, 258, 255, 248, 244, 236, 236, 228, 228, 231, 234, 238,
    241, 243, 247, 250, 249, 248, 246, 245, 240, 235, 236, 234, 231, 230,
    236, 240, 240, 246, 250, 251, 254, 252, 249, 250, 242, 243, 236, 235,
    234, 231, 236, 235, 236, 236, 237, 240, 243, 245, 242, 246, 243, 244,
    242, 243, 244, 239, 241 ]
headPositionsY: [ 76, 78, 74, 74, 75, 76, 77, 75, 75, 76, 74, 76, 77, 78,
    74, 74, 76, 78, 76, 76, 76, 77, 77, 76, 78, 73, 76, 77, 74, 73, 76,
    77, 75, 75, 74, 76, 77, 73, 74, 73, 75, 72, 75, 77, 76, 74, 74, 77,
    76, 79, 79, 78, 77, 77, 76, 75, 73, 78, 74, 76, 75, 79, 78, 74, 76,
    76, 75, 74, 78, 76, 77, 74, 77, 75, 78, 77, 75, 75, 77, 78, 74, 77,
    77, 78, 75, 74, 76, 77, 75, 76, 76, 74, 76, 76, 75, 74, 78, 76, 74,
    78 ]
