%YAML:1.0
---
videoName: "headShake9.mp4"
gestureLabel: 201
fps: 30
pixelSizeInCmTemp: 3.2808219178082193e-01
faceCenterPointX: 243
faceCenterPointY: 73
headPositionsX: [ 245, 246, 243, 244, 243, 241, 245, 245, 242, 243, 244,
    243, 243, 245, 243, 245, 242, 243, 243, 243, 244, 245, 243, 244, 242,
    244, 240, 242, 245, 242, 244, 241, 245, 243, 242, 241, 244, 241, 245,
    245, 249, 251, 254, 257, 262, 260, 265, 265, 260, 258, 253, 246, 245,
    238, 233, 232, 229, 227, 231, 236, 240, 249, 253, 259, 262, 260, 264,
    260, 256, 252, 242, 236, 236, 231, 229, 228, 228, 231, 238, 242, 243,
    250, 248, 249, 253, 252, 251, 250, 250, 248, 248, 245, 243, 243, 243,
    243, 242, 243, 245, 241 ]
headPositionsY: [ 73, 71, 73, 70, 70, 72, 71, 73, 71, 74, 72, 70, 73, 70,
    74, 73, 72, 70, 74, 75, 73, 74, 73, 72, 70, 74, 71, 74, 75, 71, 71,
    72, 75, 71, 71, 73, 73, 71, 74, 73, 70, 74, 70, 72, 70, 71, 69, 69,
    69, 71, 72, 73, 74, 71, 72, 72, 73, 73, 74, 71, 74, 73, 70, 72, 70,
    70, 72, 70, 74, 72, 72, 70, 72, 71, 74, 69, 71, 71, 71, 74, 74, 74,
    71, 71, 73, 71, 73, 72, 71, 75, 73, 72, 76, 71, 75, 71, 75, 75, 73,
    72 ]
