%YAML:1.0
---
videoName: "headShake14.mp4"
gestureLabel: 201
fps: 29
pixelSizeInCmTemp: 3.2364864864864862e-01
faceCenterPointX: 244
faceCenterPointY: 76
headPositionsX: [ 243, 246, 247, 245, 243, 245, 248, 243, 244, 245, 243,
    246, 245, 247, 244, 245, 244, 243, 246, 243, 244, 244, 244, 244, 246,
    245, 249, 250, 254, 259, 259, 261, 260, 259, 257, 253, 248, 241, 237,
    231, 224, 225, 225, 228, 231, 235, 245, 250, 252, 256, 255, 256, 252,
    248, 247, 240, 239, 234, 235, 234, 236, 234, 234, 238, 241, 244, 242,
    249, 246, 248, 250, 249, 250, 250, 248, 242, 243, 244, 240, 238, 242,
    241, 240, 242, 240, 243, 244, 246, 245, 245, 247, 243, 242, 245, 243,
    247, 242, 245, 245, 244 ]
headPositionsY: [ 76, 75, 76, 74, 74, 76, 74, 73, 73, 74, 74, 75, 75, 76,
    74, 73, 76, 75, 77, 74, 75, 77, 73, 75, 75, 76, 77, 76, 74, 75, 72,
    75, 73, 75, 72, 77, 78, 74, 78, 73, 77, 76, 78, 74, 76, 77, 76, 73,
    73, 71, 70, 72, 72, 75, 75, 76, 77, 76, 76, 77, 77, 76, 74, 77, 75,
    75, 78, 74, 78, 76, 77, 75, 78, 76, 76, 75, 78, 77, 76, 74, 74, 76,
    78, 77, 76, 75, 74, 76, 75, 75, 74, 76, 76, 77, 74, 74, 77, 77, 76,
    75 ]
