%YAML:1.0
---
videoName: "headShake40.mp4"
gestureLabel: 201
fps: 29
pixelSizeInCmTemp: 3.2808219178082193e-01
faceCenterPointX: 261
faceCenterPointY: 86
headPositionsX: [ 259, 260, 262, 261, 260, 262, 262, 261, 263, 258, 263,
    263, 263, 259, 261, 259, 260, 261, 263, 260, 260, 262, 259, 260, 262,
    257, 261, 259, 259, 256, 256, 254, 253, 251, 253, 256, 254, 260, 265,
    272, 274, 279, 281, 280, 277, 275, 270, 265, 258, 255, 250, 247, 247,
    248, 250, 253, 258, 263, 266, 267, 270, 272, 269, 267, 267, 262, 263,
    256, 257, 256, 256, 255, 257, 263, 261, 263, 265, 269, 268, 266, 264,
    263, 261, 263, 261, 258, 256, 257, 256, 260, 261, 256, 258, 257, 259,
    258, 263, 262, 261, 263 ]
headPositionsY: [ 87, 83, 82, 82, 81, 82, 83, 81, 83, 84, 83, 86, 84, 84,
    82, 82, 84, 83, 83, 81, 86, 85, 86, 84, 86, 84, 86, 83, 84, 83, 82,
    83, 84, 81, 81, 81, 83, 86, 84, 81, 83, 79, 80, 79, 80, 82, 84, 83,
    83, 84, 85, 82, 79, 81, 83, 84, 85, 85, 83, 80, 85, 85, 82, 82, 83,
    83, 83, 84, 85, 82, 81, 80, 86, 84, 83, 84, 85, 83, 85, 84, 83, 83,
    82, 84, 84, 82, 86, 83, 83, 82, 83, 85, 85, 86, 85, 83, 84, 84, 84,
    86 ]
