%YAML:1.0
---
videoName: "headShake32.mp4"
gestureLabel: 201
fps: 29
pixelSizeInCmTemp: 3.2808219178082193e-01
faceCenterPointX: 237
faceCenterPointY: 77
headPositionsX: [ 236, 235, 236, 238, 237, 236, 237, 239, 238, 238, 237,
    241, 237, 242, 240, 242, 242, 242, 238, 240, 240, 240, 239, 240, 240,
    239, 242, 242, 238, 241, 239, 241, 237, 240, 238, 238, 239, 242, 241,
    244, 241, 247, 246, 249, 250, 249, 252, 249, 251, 250, 250, 247, 247,
    243, 243, 239, 239, 235, 232, 229, 228, 226, 228, 227, 225, 229, 229,
    230, 229, 231, 234, 239, 243, 241, 244, 247, 248, 252, 251, 250, 247,
    245, 245, 243, 244, 241, 240, 241, 237, 239, 240, 236, 237, 240, 238,
    238, 236, 236, 240, 236 ]
headPositionsY: [ 76, 73, 74, 74, 75, 72, 71, 74, 71, 74, 71, 75, 71, 74,
    75, 75, 75, 76, 75, 73, 74, 71, 72, 72, 74, 77, 74, 73, 75, 75, 76,
    73, 74, 73, 75, 75, 72, 72, 75, 76, 73, 72, 72, 72, 73, 75, 75, 72,
    73, 74, 73, 72, 76, 75, 77, 74, 74, 78, 77, 74, 76, 76, 73, 76, 78,
    77, 75, 76, 75, 78, 74, 74, 76, 75, 76, 74, 77, 74, 77, 77, 74, 75,
    74, 79, 75, 78, 77, 79, 76, 75, 77, 80, 79, 79, 80, 79, 77, 79, 76,
    80 ]
