%YAML:1.0
---
videoName: "headNod21.mp4"
gestureLabel: 202
fps: 29
pixelSizeInCmTemp: 3.2808219178082193e-01
faceCenterPointX: 253
faceCenterPointY: 78
headPositionsX: [ 253, 256, 257, 256, 254, 253, 253, 256, 254, 255, 255,
    254, 256, 253, 257, 254, 255, 255, 253, 254, 254, 253, 256, 253, 254,
    256, 256, 256, 256, 254, 258, 257, 255, 255, 255, 256, 254, 258, 257,
    256, 255, 256, 256, 255, 256, 253, 255, 254, 254, 256, 256, 255, 254,
    256, 254, 253, 254, 254, 254, 252, 256, 252, 255, 252, 252, 250, 252,
    249, 251, 254, 251, 251, 253, 250, 251, 252, 251, 248, 247, 251, 251,
    253, 250, 251, 250, 252, 252, 252, 251, 253, 254, 251, 252, 252, 255,
    255, 252, 254, 252, 255 ]
headPositionsY: [ 76, 79, 80, 80, 79, 78, 77, 79, 79, 80, 76, 76, 78, 79,
    80, 80, 78, 79, 79, 81, 78, 78, 79, 81, 78, 78, 82, 81, 78, 80, 82,
    81, 84, 79, 80, 78, 74, 74, 77, 77, 81, 80, 85, 82, 83, 81, 78, 76,
    77, 76, 80, 83, 84, 81, 85, 80, 79, 79, 75, 76, 82, 82, 80, 85, 82,
    80, 79, 77, 76, 76, 78, 76, 79, 78, 84, 85, 82, 80, 80, 79, 75, 78,
    79, 78, 80, 80, 80, 79, 79, 79, 79, 79, 78, 79, 77, 82, 79, 79, 77,
    80 ]
