%YAML:1.0
---
videoName: "headShake2.mp4"
gestureLabel: 201
fps: 29
pixelSizeInCmTemp: 3.4214285714285714e-01
faceCenterPointX: 276
faceCenterPointY: 98
headPositionsX: [ 277, 276, 278, 279, 279, 275, 278, 276, 275, 276, 278,
    277, 276, 278, 275, 277, 277, 278, 276, 277, 278, 276, 276, 278, 280,
    278, 276, 275, 278, 280, 279, 278, 277, 276, 277, 279, 274, 278, 277,
    276, 275, 276, 278, 282, 289, 288, 291, 296, 296, 292, 291, 286, 281,
    276, 274, 267, 266, 263, 264, 266, 271, 279, 281, 289, 292, 290, 290,
    286, 285, 279, 275, 269, 270, 266, 269, 273, 276, 277, 285, 287, 288,
    284, 285, 284, 281, 281, 280, 275, 276, 276, 274, 274, 274, 275, 273,
    273, 275, 273, 275, 275 ]
headPositionsY: [ 97, 98, 99, 97, 99, 96, 96, 98, 100, 100, 100, 100, 97,
    97, 98, 98, 100, 98, 100, 96, 97, 98, 98, 99, 99, 96, 97, 96, 102,
    97, 97, 100, 97, 97, 100, 102, 99, 99, 99, 100, 99, 99, 99, 96, 95,
    97, 98, 96, 95, 97, 96, 98, 100, 96, 99, 96, 100, 96, 99, 98, 99,
    100, 98, 95, 95, 94, 98, 97, 95, 100, 96, 99, 96, 99, 97, 99, 99,
    100, 99, 100, 96, 99, 100, 100, 101, 101, 99, 98, 97, 97, 98, 97,
    101, 99, 97, 98, 99, 101, 97, 99 ]
