%YAML:1.0
---
videoName: "headNod22.mp4"
gestureLabel: 202
fps: 29
pixelSizeInCmTemp: 3.1513157894736843e-01
faceCenterPointX: 252
faceCenterPointY: 80
headPositionsX: [ 251, 253, 254, 253, 254, 253, 250, 254, 255, 254, 252,
    251, 252, 255, 254, 251, 254, 254, 254, 253, 254, 255, 254, 252, 253,
    252, 251, 251, 254, 254, 252, 253, 252, 254, 256, 253, 254, 256, 253,
    252, 256, 254, 252, 255, 252, 251, 252, 253, 255, 251, 250, 254, 254,
    249, 254, 252, 251, 253, 251, 253, 251, 253, 251, 251, 251, 252, 250,
    254, 254, 252, 254, 253, 251, 253, 252, 253, 252, 251, 251, 252, 253,
    252, 249, 253, 249, 253, 250, 252, 252, 250, 253, 253, 252, 249, 249,
    253, 250, 250, 250, 253 ]
headPositionsY: [ 78, 79, 78, 78, 76, 78, 80, 78, 78, 78, 78, 81, 80, 81,
    77, 77, 79, 80, 81, 79, 76, 81, 78, 79, 81, 81, 82, 85, 82, 78, 75,
    72, 70, 69, 71, 71, 73, 76, 78, 84, 84, 84, 80, 75, 74, 73, 69, 71,
    72, 75, 77, 81, 83, 86, 84, 85, 82, 80, 74, 75, 74, 73, 74, 72, 76,
    80, 82, 82, 78, 77, 76, 74, 76, 77, 78, 80, 78, 80, 79, 82, 77, 74,
    73, 75, 79, 80, 78, 82, 82, 81, 78, 81, 79, 80, 80, 80, 82, 83, 78,
    81 ]
