%YAML:1.0
---
videoName: "headLookLeft2.mp4"
gestureLabel: 203
fps: 29
pixelSizeInCmTemp: 3.6846153846153845e-01
faceCenterPointX: 278
faceCenterPointY: 74
headPositionsX: [ 276, 259, 257, 260, 257, 257, 257, 257, 261, 260, 260,
    262, 259, 259, 261, 262, 262, 262, 260, 264, 261, 263, 267, 265, 269,
    271, 272, 274, 276, 275, 278, 279, 276, 280, 278, 279, 277, 283, 278,
    277, 280, 282, 281, 281, 278, 281, 283, 281, 285, 279, 280, 282, 280,
    281, 279, 280, 280, 272, 281, 279, 281, 279, 278, 280, 277, 277, 282,
    285, 280, 280, 280, 280, 279, 274, 279, 281, 277, 281, 279, 283, 280,
    281, 280, 280, 282, 279, 283, 277, 277, 281, 280, 277, 283, 278, 278,
    278, 283, 281, 287, 278 ]
headPositionsY: [ 72, 74, 76, 78, 75, 74, 76, 74, 75, 78, 73, 78, 76, 74,
    78, 76, 77, 73, 75, 78, 74, 78, 75, 75, 77, 77, 74, 78, 76, 73, 75,
    75, 73, 72, 72, 77, 74, 76, 73, 74, 76, 76, 77, 74, 75, 75, 76, 73,
    75, 77, 75, 75, 73, 74, 76, 76, 75, 72, 73, 76, 74, 75, 75, 76, 75,
    75, 73, 78, 77, 71, 72, 75, 73, 75, 75, 76, 73, 75, 71, 76, 72, 71,
    72, 76, 73, 70, 76, 72, 76, 73, 75, 74, 77, 76, 72, 75, 76, 75, 75,
    75 ]
