%YAML:1.0
---
videoName: "headShake32.mp4"
gestureLabel: 201
fps: 29
pixelSizeInCmTemp: 3.2808219178082193e-01
faceCenterPointX: 237
faceCenterPointY: 77
headPositionsX: [ 238, 237, 235, 238, 235, 237, 239, 239, 237, 238, 239,
    239, 240, 238, 239, 238, 240, 242, 238, 241, 240, 242, 240, 239, 242,
    239, 242, 243, 241, 240, 239, 238, 236, 238, 239, 241, 236, 238, 238,
    244, 241, 246, 247, 250, 251, 248, 249, 250, 249, 251, 249, 250, 247,
    243, 240, 238, 237, 235, 235, 233, 228, 226, 225, 225, 224, 225, 228,
    231, 233, 231, 234, 236, 239, 242, 246, 250, 246, 248, 250, 249, 246,
    245, 247, 246, 245, 245, 239, 241, 238, 241, 238, 237, 236, 237, 239,
    236, 240, 236, 239, 236 ]
headPositionsY: [ 79, 71, 75, 73, 74, 75, 73, 73, 73, 76, 71, 76, 71, 71,
    73, 72, 74, 73, 72, 71, 73, 72, 76, 74, 76, 75, 74, 74, 73, 73, 76,
    75, 73, 74, 77, 73, 74, 75, 75, 74, 76, 76, 72, 71, 72, 74, 74, 75,
    74, 75, 72, 74, 73, 77, 78, 76, 76, 74, 73, 75, 77, 77, 77, 75, 75,
    74, 77, 77, 77, 78, 77, 74, 75, 73, 76, 78, 76, 75, 77, 74, 76, 75,
    76, 79, 78, 77, 78, 79, 79, 78, 77, 79, 77, 77, 80, 76, 78, 78, 76,
    79 ]
