%YAML:1.0
---
videoName: "headLookUp0.mp4"
gestureLabel: 205
fps: 29
pixelSizeInCmTemp: 3.6846153846153845e-01
faceCenterPointX: 258
faceCenterPointY: 66
headPositionsX: [ 258, 261, 260, 261, 257, 257, 261, 259, 261, 257, 258,
    262, 260, 260, 257, 260, 261, 258, 258, 261, 258, 261, 258, 260, 260,
    260, 257, 261, 261, 259, 260, 260, 259, 259, 258, 256, 259, 257, 258,
    260, 260, 258, 258, 257, 258, 257, 258, 258, 259, 256, 257, 259, 256,
    256, 256, 259, 259, 257, 257, 259, 256, 261, 255, 257, 261, 259, 261,
    259, 261, 259, 260, 260, 260, 260, 257, 259, 258, 260, 259, 259, 259,
    260, 256, 260, 259, 258, 258, 256, 259, 258, 257, 259, 257, 260, 258,
    260, 258, 258, 260, 261 ]
headPositionsY: [ 64, 79, 82, 79, 81, 81, 80, 80, 80, 80, 80, 78, 77, 81,
    76, 75, 77, 73, 72, 74, 72, 70, 68, 67, 67, 66, 66, 67, 69, 66, 66,
    65, 64, 68, 65, 64, 67, 65, 64, 63, 65, 68, 65, 65, 68, 70, 68, 67,
    67, 66, 65, 68, 65, 65, 67, 66, 66, 67, 66, 66, 67, 69, 66, 67, 66,
    66, 70, 65, 69, 65, 66, 66, 65, 69, 67, 68, 65, 67, 70, 67, 67, 66,
    69, 66, 66, 65, 66, 68, 64, 65, 69, 68, 68, 70, 69, 68, 68, 65, 68,
    69 ]
