%YAML:1.0
---
videoName: "headNod43.mp4"
gestureLabel: 202
fps: 29
pixelSizeInCmTemp: 2.8855421686746985e-01
faceCenterPointX: 268
faceCenterPointY: 74
headPositionsX: [ 266, 271, 268, 270, 271, 268, 271, 267, 268, 269, 266,
    271, 269, 270, 269, 270, 270, 269, 268, 269, 266, 268, 268, 268, 265,
    265, 267, 266, 268, 264, 265, 266, 266, 263, 266, 265, 268, 267, 266,
    266, 265, 264, 267, 266, 264, 264, 264, 266, 264, 265, 264, 262, 265,
    263, 264, 263, 264, 264, 263, 264, 266, 265, 265, 263, 267, 266, 266,
    268, 265, 267, 267, 267, 267, 268, 266, 267, 268, 265, 268, 267, 270,
    267, 269, 266, 268, 268, 267, 268, 271, 267, 270, 269, 267, 266, 267,
    268, 270, 267, 267, 268 ]
headPositionsY: [ 72, 78, 77, 76, 78, 74, 78, 77, 77, 74, 75, 76, 73, 72,
    74, 74, 74, 77, 76, 76, 77, 73, 77, 74, 75, 78, 79, 81, 86, 90, 89,
    87, 88, 81, 80, 80, 79, 81, 82, 84, 89, 91, 89, 89, 82, 83, 78, 81,
    83, 87, 87, 93, 92, 91, 89, 85, 84, 81, 84, 87, 85, 88, 91, 92, 91,
    84, 84, 82, 77, 79, 79, 79, 82, 89, 88, 89, 92, 87, 85, 80, 77, 74,
    74, 72, 74, 73, 72, 71, 73, 72, 71, 73, 74, 76, 73, 73, 71, 74, 74,
    72 ]
