%YAML:1.0
---
videoName: "headLookDown4.mp4"
gestureLabel: 206
fps: 29
pixelSizeInCmTemp: 3.4710144927536229e-01
faceCenterPointX: 275
faceCenterPointY: 97
headPositionsX: [ 274, 274, 273, 272, 271, 271, 272, 270, 273, 275, 272,
    273, 272, 272, 272, 275, 272, 271, 275, 275, 274, 272, 271, 273, 274,
    271, 274, 274, 270, 271, 271, 273, 271, 274, 276, 272, 274, 271, 272,
    275, 274, 275, 271, 275, 274, 273, 274, 271, 275, 276, 276, 273, 274,
    271, 271, 273, 273, 273, 275, 274, 273, 271, 272, 274, 275, 276, 273,
    275, 276, 275, 273, 272, 276, 272, 273, 274, 273, 275, 276, 275, 275,
    274, 276, 274, 276, 274, 274, 277, 276, 272, 273, 273, 275, 275, 275,
    274, 277, 274, 274, 275 ]
headPositionsY: [ 95, 83, 81, 81, 81, 81, 80, 80, 82, 80, 79, 81, 78, 79,
    81, 79, 83, 79, 78, 80, 83, 79, 82, 79, 79, 79, 82, 79, 82, 78, 81,
    82, 81, 85, 82, 86, 84, 86, 86, 86, 86, 87, 91, 91, 90, 93, 94, 94,
    95, 97, 98, 98, 98, 97, 98, 102, 100, 100, 102, 99, 101, 98, 102, 99,
    101, 99, 100, 100, 98, 99, 100, 97, 97, 96, 98, 99, 98, 100, 97, 96,
    99, 96, 95, 95, 99, 100, 96, 98, 99, 98, 97, 96, 98, 96, 96, 98, 98,
    99, 99, 97 ]
