%YAML:1.0
---
videoName: "headShake26.mp4"
gestureLabel: 201
fps: 30
pixelSizeInCmTemp: 3.2808219178082193e-01
faceCenterPointX: 243
faceCenterPointY: 78
headPositionsX: [ 241, 238, 242, 241, 241, 245, 242, 246, 249, 250, 250,
    248, 253, 251, 249, 254, 252, 250, 249, 245, 239, 238, 236, 233, 228,
    230, 230, 229, 232, 233, 231, 234, 240, 242, 247, 248, 250, 253, 253,
    251, 256, 250, 252, 249, 246, 242, 241, 236, 234, 230, 230, 229, 227,
    228, 233, 233, 238, 238, 240, 247, 246, 250, 252, 251, 250, 251, 250,
    252, 248, 248, 243, 244, 242, 242, 239, 238, 234, 236, 235, 238, 235,
    239, 240, 241, 238, 240, 240, 243, 241, 245, 245, 244, 245, 242, 243,
    245, 242, 244, 242, 241 ]
headPositionsY: [ 76, 77, 78, 77, 76, 75, 80, 78, 78, 79, 77, 78, 75, 77,
    77, 76, 77, 79, 79, 77, 77, 80, 79, 75, 76, 76, 75, 76, 78, 76, 75,
    76, 79, 76, 80, 75, 79, 76, 74, 79, 75, 79, 76, 79, 79, 77, 78, 75,
    78, 80, 76, 73, 78, 76, 76, 76, 77, 80, 77, 79, 77, 76, 78, 79, 74,
    78, 76, 77, 78, 78, 81, 79, 78, 81, 79, 81, 78, 76, 76, 77, 76, 81,
    78, 77, 76, 76, 78, 76, 81, 81, 80, 81, 78, 81, 79, 79, 80, 76, 77,
    79 ]
