%YAML:1.0
---
videoName: "headNod26.mp4"
gestureLabel: 202
fps: 29
pixelSizeInCmTemp: 3.1513157894736843e-01
faceCenterPointX: 271
faceCenterPointY: 78
headPositionsX: [ 272, 273, 273, 270, 271, 272, 270, 270, 274, 273, 272,
    275, 272, 274, 273, 273, 275, 272, 272, 270, 273, 275, 272, 270, 274,
    274, 269, 274, 272, 270, 273, 269, 272, 272, 273, 272, 271, 274, 271,
    271, 271, 269, 270, 271, 272, 273, 271, 270, 271, 273, 270, 272, 271,
    274, 271, 270, 274, 270, 275, 272, 271, 274, 271, 270, 270, 275, 270,
    272, 272, 273, 274, 273, 270, 270, 271, 269, 269, 269, 272, 271, 268,
    273, 272, 268, 270, 270, 272, 270, 270, 271, 272, 270, 273, 273, 271,
    270, 270, 271, 272, 270 ]
headPositionsY: [ 78, 74, 72, 75, 76, 74, 72, 72, 66, 69, 65, 65, 66, 65,
    66, 69, 71, 70, 75, 77, 78, 84, 81, 82, 82, 79, 80, 74, 71, 68, 69,
    67, 69, 68, 69, 70, 75, 76, 78, 81, 77, 76, 79, 72, 73, 71, 68, 70,
    70, 67, 67, 72, 71, 73, 77, 78, 77, 76, 73, 73, 68, 70, 67, 67, 66,
    71, 68, 69, 69, 71, 75, 75, 78, 78, 74, 74, 74, 70, 70, 68, 66, 70,
    71, 68, 70, 75, 76, 79, 76, 77, 80, 77, 79, 78, 78, 78, 79, 78, 80,
    77 ]
