%YAML:1.0
---
videoName: "headNod29.mp4"
gestureLabel: 202
fps: 29
pixelSizeInCmTemp: 3.1933333333333330e-01
faceCenterPointX: 271
faceCenterPointY: 70
headPositionsX: [ 273, 272, 273, 271, 273, 272, 274, 271, 275, 275, 271,
    275, 273, 273, 270, 271, 274, 273, 273, 273, 272, 271, 272, 273, 272,
    271, 271, 273, 269, 273, 273, 269, 273, 270, 272, 270, 271, 271, 273,
    268, 269, 270, 270, 270, 270, 272, 271, 272, 270, 272, 269, 271, 270,
    270, 273, 269, 271, 270, 271, 273, 270, 272, 268, 273, 268, 269, 272,
    268, 270, 268, 270, 271, 270, 269, 271, 273, 273, 272, 270, 274, 270,
    273, 273, 271, 272, 270, 269, 271, 271, 271, 272, 271, 273, 273, 270,
    272, 269, 271, 271, 272 ]
headPositionsY: [ 70, 71, 74, 73, 74, 76, 75, 80, 78, 82, 81, 80, 78, 77,
    71, 68, 70, 69, 67, 67, 68, 67, 67, 73, 71, 74, 79, 81, 81, 81, 77,
    77, 74, 73, 71, 71, 71, 68, 71, 75, 74, 76, 80, 81, 78, 81, 75, 74,
    74, 74, 73, 73, 78, 80, 82, 82, 79, 80, 79, 75, 77, 75, 75, 76, 78,
    78, 79, 80, 74, 73, 73, 69, 68, 69, 68, 69, 73, 76, 76, 77, 78, 76,
    72, 70, 72, 69, 71, 68, 71, 69, 67, 67, 72, 69, 68, 72, 69, 69, 69,
    70 ]
