%YAML:1.0
---
videoName: "headNod10.mp4"
gestureLabel: 202
fps: 29
pixelSizeInCmTemp: 3.2808219178082193e-01
faceCenterPointX: 260
faceCenterPointY: 67
headPositionsX: [ 259, 260, 259, 258, 260, 256, 260, 256, 258, 256, 256,
    260, 259, 260, 259, 257, 260, 256, 261, 257, 256, 257, 260, 259, 259,
    257, 257, 258, 258, 258, 258, 257, 259, 260, 258, 260, 261, 261, 261,
    257, 259, 258, 257, 259, 262, 263, 261, 261, 261, 261, 259, 259, 258,
    260, 258, 260, 256, 261, 259, 259, 263, 259, 260, 261, 257, 259, 259,
    257, 258, 262, 257, 257, 256, 258, 257, 260, 259, 261, 257, 259, 260,
    261, 257, 259, 257, 261, 257, 258, 261, 260, 261, 260, 257, 258, 258,
    260, 262, 261, 259, 261 ]
headPositionsY: [ 65, 72, 71, 70, 72, 69, 70, 71, 69, 68, 71, 70, 68, 68,
    68, 68, 70, 68, 71, 70, 69, 71, 68, 71, 70, 69, 70, 71, 68, 70, 71,
    72, 69, 71, 72, 69, 71, 71, 70, 73, 70, 75, 72, 72, 70, 65, 64, 63,
    60, 64, 66, 64, 68, 71, 73, 76, 74, 73, 67, 64, 67, 62, 65, 63, 67,
    69, 71, 73, 75, 75, 74, 74, 70, 65, 64, 67, 65, 67, 68, 72, 76, 75,
    74, 72, 70, 72, 70, 69, 69, 66, 67, 68, 68, 67, 67, 64, 66, 70, 68,
    69 ]
