%YAML:1.0
---
videoName: "headShake6.mp4"
gestureLabel: 201
fps: 29
pixelSizeInCmTemp: 3.2808219178082193e-01
faceCenterPointX: 244
faceCenterPointY: 68
headPositionsX: [ 246, 247, 243, 246, 246, 247, 244, 245, 247, 246, 246,
    247, 244, 244, 243, 244, 245, 248, 245, 243, 248, 245, 243, 243, 246,
    247, 244, 246, 247, 255, 258, 260, 261, 260, 262, 259, 259, 252, 246,
    241, 237, 231, 230, 233, 234, 237, 243, 251, 252, 255, 256, 256, 257,
    253, 249, 241, 237, 232, 233, 232, 230, 236, 236, 241, 248, 247, 250,
    251, 251, 249, 245, 244, 240, 241, 238, 240, 238, 240, 238, 240, 240,
    240, 242, 244, 244, 247, 243, 246, 245, 246, 244, 243, 244, 244, 245,
    244, 244, 246, 243, 244 ]
headPositionsY: [ 69, 65, 68, 68, 64, 68, 67, 64, 67, 68, 65, 65, 67, 67,
    65, 66, 66, 68, 66, 66, 65, 67, 66, 66, 67, 69, 68, 66, 69, 66, 66,
    67, 66, 65, 67, 67, 68, 70, 69, 67, 70, 67, 69, 68, 66, 69, 68, 69,
    66, 66, 69, 67, 66, 68, 69, 68, 67, 65, 69, 68, 66, 67, 68, 69, 70,
    67, 67, 70, 68, 68, 70, 69, 66, 70, 69, 70, 67, 66, 69, 66, 69, 70,
    68, 67, 67, 67, 69, 67, 69, 68, 68, 71, 70, 71, 70, 67, 68, 70, 66,
    70 ]
