%YAML:1.0
---
videoName: "headShake10.mp4"
gestureLabel: 201
fps: 29
pixelSizeInCmTemp: 3.3732394366197183e-01
faceCenterPointX: 240
faceCenterPointY: 74
headPositionsX: [ 241, 246, 246, 245, 243, 246, 247, 245, 244, 248, 248,
    244, 247, 244, 248, 246, 248, 248, 244, 245, 246, 245, 248, 246, 244,
    244, 247, 245, 247, 244, 246, 246, 246, 247, 244, 248, 246, 247, 248,
    245, 243, 244, 245, 244, 246, 243, 246, 245, 244, 247, 246, 250, 252,
    254, 255, 259, 262, 258, 259, 258, 258, 254, 250, 244, 239, 233, 232,
    232, 232, 234, 237, 243, 244, 249, 252, 254, 254, 255, 256, 256, 249,
    248, 246, 245, 245, 241, 241, 242, 238, 241, 242, 242, 240, 241, 241,
    242, 241, 240, 243, 241 ]
headPositionsY: [ 74, 75, 74, 74, 72, 72, 70, 73, 75, 71, 75, 75, 72, 74,
    74, 72, 74, 73, 74, 73, 72, 72, 74, 71, 73, 73, 71, 71, 72, 73, 72,
    73, 72, 74, 72, 73, 74, 71, 72, 72, 73, 73, 75, 73, 74, 72, 73, 76,
    71, 72, 73, 71, 72, 73, 70, 72, 69, 69, 70, 71, 73, 73, 76, 74, 74,
    75, 72, 75, 75, 74, 72, 76, 76, 73, 71, 75, 75, 71, 74, 76, 76, 73,
    74, 75, 73, 73, 76, 74, 74, 74, 75, 74, 72, 74, 73, 77, 76, 78, 74,
    77 ]
