%YAML:1.0
---
videoName: "headShake39.mp4"
gestureLabel: 201
fps: 29
pixelSizeInCmTemp: 3.1933333333333330e-01
faceCenterPointX: 263
faceCenterPointY: 83
headPositionsX: [ 262, 261, 263, 258, 262, 263, 260, 260, 261, 261, 260,
    262, 260, 263, 260, 261, 262, 261, 263, 259, 258, 258, 256, 252, 253,
    250, 249, 244, 243, 244, 244, 242, 245, 252, 256, 262, 265, 271, 278,
    280, 283, 282, 277, 269, 263, 260, 254, 248, 249, 249, 244, 248, 252,
    255, 261, 270, 275, 274, 281, 279, 278, 271, 268, 263, 261, 252, 250,
    251, 249, 246, 252, 252, 255, 253, 259, 257, 259, 265, 263, 264, 266,
    267, 268, 267, 266, 268, 268, 265, 265, 266, 265, 262, 265, 265, 264,
    264, 262, 265, 262, 264 ]
headPositionsY: [ 85, 81, 85, 81, 81, 84, 81, 81, 84, 82, 80, 84, 83, 85,
    85, 81, 82, 83, 85, 85, 81, 83, 84, 83, 81, 84, 83, 83, 82, 80, 82,
    83, 82, 81, 82, 81, 84, 82, 82, 79, 79, 78, 79, 81, 85, 85, 85, 80,
    82, 82, 84, 84, 82, 82, 82, 83, 81, 80, 82, 79, 82, 81, 81, 83, 84,
    81, 81, 77, 78, 78, 80, 80, 78, 83, 84, 83, 83, 82, 84, 81, 83, 81,
    82, 82, 84, 83, 80, 82, 81, 82, 84, 85, 82, 84, 81, 84, 84, 81, 85,
    82 ]
