%YAML:1.0
---
videoName: "headNod15.mp4"
gestureLabel: 202
fps: 29
pixelSizeInCmTemp: 3.1933333333333330e-01
faceCenterPointX: 255
faceCenterPointY: 74
headPositionsX: [ 257, 257, 258, 258, 258, 258, 256, 256, 254, 256, 256,
    259, 257, 258, 255, 257, 257, 254, 255, 254, 255, 255, 255, 257, 258,
    255, 256, 257, 254, 256, 257, 254, 256, 256, 257, 255, 257, 256, 255,
    256, 256, 257, 254, 254, 254, 253, 254, 256, 255, 256, 255, 257, 257,
    253, 256, 254, 254, 255, 254, 254, 253, 256, 254, 255, 257, 255, 258,
    255, 255, 254, 257, 256, 257, 253, 254, 252, 254, 252, 254, 252, 253,
    253, 253, 255, 253, 254, 253, 255, 253, 256, 253, 252, 254, 254, 253,
    256, 255, 256, 255, 254 ]
headPositionsY: [ 73, 74, 72, 72, 72, 72, 74, 71, 74, 76, 74, 74, 75, 72,
    71, 73, 71, 74, 73, 74, 76, 76, 72, 71, 73, 75, 73, 72, 73, 75, 74,
    75, 74, 73, 72, 74, 78, 77, 78, 79, 84, 84, 80, 78, 77, 73, 71, 72,
    71, 75, 79, 81, 82, 84, 80, 80, 75, 72, 71, 71, 68, 75, 76, 81, 83,
    82, 83, 83, 77, 77, 72, 69, 69, 71, 74, 72, 77, 79, 77, 77, 75, 70,
    69, 72, 72, 72, 73, 74, 72, 76, 76, 76, 74, 71, 74, 72, 74, 71, 72,
    73 ]
