%YAML:1.0
---
videoName: "headLookRight9.mp4"
gestureLabel: 204
fps: 29
pixelSizeInCmTemp: 2.8511904761904761e-01
faceCenterPointX: 217
faceCenterPointY: 75
headPositionsX: [ 219, 242, 242, 242, 244, 243, 243, 244, 243, 243, 243,
    243, 243, 241, 245, 245, 243, 242, 243, 244, 241, 240, 242, 244, 242,
    244, 242, 241, 244, 243, 243, 241, 237, 233, 235, 231, 226, 223, 224,
    223, 221, 220, 214, 218, 216, 216, 215, 216, 213, 213, 213, 215, 212,
    218, 213, 211, 212, 210, 215, 214, 214, 212, 216, 213, 219, 218, 217,
    213, 214, 214, 215, 207, 211, 217, 211, 214, 216, 215, 215, 217, 215,
    218, 217, 217, 217, 218, 215, 219, 218, 219, 217, 210, 215, 217, 212,
    216, 216, 220, 220, 217 ]
headPositionsY: [ 73, 72, 74, 75, 73, 73, 75, 73, 75, 74, 74, 72, 74, 73,
    74, 75, 75, 75, 74, 76, 74, 73, 76, 74, 75, 74, 75, 77, 76, 75, 73,
    76, 76, 75, 73, 74, 73, 72, 72, 74, 73, 70, 72, 82, 73, 71, 72, 71,
    69, 73, 73, 70, 72, 72, 76, 75, 74, 73, 69, 74, 73, 73, 74, 74, 79,
    80, 73, 72, 72, 72, 72, 79, 80, 68, 75, 74, 70, 73, 75, 72, 75, 72,
    70, 74, 70, 71, 70, 70, 76, 71, 75, 71, 72, 71, 72, 74, 78, 72, 74,
    79 ]
