%YAML:1.0
---
videoName: "headShake23.mp4"
gestureLabel: 201
fps: 29
pixelSizeInCmTemp: 3.2808219178082193e-01
faceCenterPointX: 240
faceCenterPointY: 77
headPositionsX: [ 242, 241, 241, 240, 244, 241, 242, 241, 243, 242, 240,
    243, 239, 242, 240, 240, 241, 242, 239, 240, 241, 240, 246, 245, 250,
    250, 253, 252, 253, 256, 255, 256, 254, 252, 249, 245, 243, 237, 233,
    232, 233, 230, 230, 229, 228, 230, 231, 232, 234, 239, 244, 244, 247,
    248, 251, 254, 250, 255, 251, 249, 250, 250, 247, 244, 244, 243, 238,
    235, 238, 236, 237, 236, 232, 235, 234, 232, 235, 235, 236, 238, 239,
    242, 239, 243, 244, 242, 245, 243, 247, 242, 245, 244, 246, 246, 245,
    246, 243, 244, 240, 240 ]
headPositionsY: [ 75, 78, 79, 78, 76, 77, 76, 79, 77, 78, 76, 76, 75, 79,
    77, 78, 75, 79, 77, 77, 76, 75, 75, 76, 75, 76, 74, 78, 78, 76, 76,
    76, 74, 75, 78, 79, 79, 75, 75, 74, 77, 76, 76, 74, 78, 75, 78, 80,
    79, 77, 77, 77, 78, 79, 76, 78, 78, 74, 75, 75, 76, 76, 80, 79, 79,
    79, 80, 77, 79, 76, 77, 79, 80, 76, 77, 78, 78, 78, 77, 79, 79, 79,
    78, 77, 75, 79, 75, 77, 77, 75, 77, 77, 80, 76, 76, 79, 78, 78, 78,
    76 ]
