%YAML:1.0
---
videoName: "headLookRight2.mp4"
gestureLabel: 204
fps: 29
pixelSizeInCmTemp: 3.8015873015873014e-01
faceCenterPointX: 228
faceCenterPointY: 68
headPositionsX: [ 226, 253, 254, 253, 250, 251, 250, 251, 254, 253, 251,
    250, 252, 252, 253, 252, 252, 254, 253, 252, 253, 254, 250, 254, 255,
    255, 254, 253, 250, 253, 252, 256, 252, 253, 255, 250, 253, 251, 255,
    254, 252, 254, 252, 255, 252, 251, 253, 251, 252, 248, 249, 244, 243,
    241, 239, 238, 235, 234, 231, 232, 227, 228, 232, 227, 229, 226, 225,
    228, 223, 224, 230, 230, 228, 228, 224, 229, 227, 229, 228, 229, 228,
    228, 229, 228, 228, 226, 230, 227, 230, 227, 227, 230, 227, 232, 226,
    229, 228, 231, 227, 229 ]
headPositionsY: [ 70, 68, 67, 65, 68, 68, 66, 69, 70, 67, 67, 69, 67, 67,
    71, 69, 68, 70, 68, 71, 69, 70, 71, 70, 68, 71, 70, 72, 68, 68, 72,
    67, 70, 71, 69, 70, 67, 69, 68, 69, 69, 68, 69, 68, 67, 68, 71, 68,
    70, 68, 68, 67, 70, 69, 70, 68, 69, 69, 71, 70, 66, 68, 69, 65, 70,
    66, 68, 66, 73, 69, 72, 69, 67, 70, 71, 71, 72, 72, 71, 70, 71, 71,
    70, 74, 71, 67, 71, 69, 69, 66, 70, 70, 69, 68, 69, 68, 69, 72, 70,
    69 ]
