%YAML:1.0
---
videoName: "headNod10.mp4"
gestureLabel: 202
fps: 29
pixelSizeInCmTemp: 3.2808219178082193e-01
faceCenterPointX: 260
faceCenterPointY: 67
headPositionsX: [ 258, 259, 257, 256, 260, 256, 260, 260, 258, 256, 260,
    257, 261, 257, 258, 257, 257, 259, 260, 259, 257, 259, 258, 260, 259,
    257, 259, 258, 256, 257, 261, 261, 260, 257, 256, 260, 261, 261, 259,
    260, 259, 257, 260, 261, 259, 261, 261, 262, 261, 262, 259, 258, 262,
    258, 260, 258, 259, 260, 257, 261, 262, 259, 258, 262, 260, 261, 259,
    261, 261, 260, 258, 257, 260, 259, 260, 261, 258, 258, 257, 260, 258,
    258, 260, 260, 259, 257, 258, 257, 259, 258, 257, 261, 258, 260, 258,
    262, 260, 259, 262, 259 ]
headPositionsY: [ 69, 70, 72, 69, 70, 68, 71, 70, 70, 72, 72, 68, 69, 68,
    70, 67, 69, 68, 69, 69, 70, 71, 68, 71, 70, 72, 68, 68, 70, 72, 70,
    72, 73, 69, 69, 73, 70, 70, 72, 73, 72, 74, 69, 72, 66, 65, 66, 61,
    64, 61, 63, 65, 70, 73, 73, 76, 72, 69, 68, 65, 65, 62, 65, 63, 67,
    67, 71, 73, 76, 77, 76, 75, 70, 65, 66, 65, 67, 66, 67, 74, 74, 78,
    73, 73, 71, 69, 69, 65, 68, 69, 65, 64, 64, 67, 69, 66, 69, 69, 65,
    70 ]
