%YAML:1.0
---
videoName: "headShake2.mp4"
gestureLabel: 201
fps: 29
pixelSizeInCmTemp: 3.4214285714285714e-01
faceCenterPointX: 276
faceCenterPointY: 98
headPositionsX: [ 278, 277, 278, 278, 278, 279, 276, 279, 278, 276, 275,
    277, 278, 277, 275, 276, 275, 276, 280, 278, 279, 277, 280, 276, 280,
    278, 278, 279, 276, 277, 278, 277, 275, 276, 279, 275, 276, 275, 279,
    276, 276, 280, 279, 285, 288, 290, 291, 292, 295, 292, 292, 290, 284,
    276, 275, 266, 266, 263, 263, 267, 272, 280, 282, 288, 288, 289, 292,
    287, 281, 282, 275, 273, 270, 269, 270, 270, 277, 280, 282, 287, 289,
    288, 285, 283, 284, 279, 279, 277, 279, 275, 276, 273, 275, 275, 273,
    273, 276, 273, 275, 274 ]
headPositionsY: [ 96, 99, 100, 99, 97, 96, 97, 100, 100, 99, 98, 97, 97,
    97, 98, 98, 100, 98, 97, 97, 101, 101, 100, 97, 97, 96, 98, 97, 98,
    98, 96, 98, 99, 100, 97, 99, 96, 99, 101, 97, 100, 96, 97, 95, 95,
    99, 97, 95, 97, 95, 95, 96, 97, 97, 96, 99, 96, 98, 99, 98, 100, 99,
    95, 99, 97, 96, 96, 95, 96, 96, 100, 99, 96, 100, 98, 99, 98, 99,
    100, 100, 99, 95, 98, 99, 99, 97, 97, 99, 99, 99, 101, 98, 100, 98,
    97, 101, 97, 100, 100, 100 ]
