%YAML:1.0
---
videoName: "headLookLeft4.mp4"
gestureLabel: 203
fps: 29
pixelSizeInCmTemp: 3.4710144927536229e-01
faceCenterPointX: 288
faceCenterPointY: 74
headPositionsX: [ 290, 264, 267, 266, 265, 266, 268, 269, 275, 272, 274,
    281, 280, 286, 285, 288, 293, 295, 298, 297, 294, 291, 297, 297, 290,
    295, 295, 299, 296, 292, 294, 296, 294, 295, 294, 294, 292, 294, 296,
    295, 289, 289, 295, 297, 293, 292, 291, 291, 292, 292, 294, 288, 292,
    293, 292, 288, 287, 288, 287, 290, 290, 287, 291, 289, 289, 290, 290,
    291, 289, 289, 290, 293, 287, 292, 287, 292, 291, 286, 293, 289, 292,
    290, 291, 293, 292, 291, 289, 290, 292, 290, 288, 287, 289, 290, 292,
    288, 289, 289, 286, 289 ]
headPositionsY: [ 76, 78, 79, 78, 79, 77, 77, 76, 77, 79, 76, 78, 76, 78,
    77, 75, 75, 76, 77, 81, 77, 78, 73, 74, 77, 76, 75, 78, 76, 77, 75,
    78, 76, 78, 73, 73, 82, 76, 78, 76, 78, 75, 72, 74, 73, 72, 73, 75,
    76, 77, 73, 76, 75, 75, 72, 73, 76, 73, 71, 77, 73, 76, 75, 76, 74,
    73, 72, 76, 72, 76, 76, 72, 74, 75, 76, 75, 76, 76, 79, 72, 76, 75,
    75, 76, 75, 72, 72, 73, 73, 76, 77, 76, 76, 75, 74, 75, 76, 72, 74,
    75 ]
