%YAML:1.0
---
videoName: "headShake39.mp4"
gestureLabel: 201
fps: 29
pixelSizeInCmTemp: 3.1933333333333330e-01
faceCenterPointX: 263
faceCenterPointY: 83
headPositionsX: [ 264, 260, 261, 260, 261, 261, 260, 260, 263, 263, 261,
    261, 259, 260, 259, 261, 262, 259, 259, 258, 257, 257, 255, 256, 252,
    247, 250, 247, 241, 242, 243, 243, 245, 251, 255, 260, 265, 269, 274,
    279, 282, 282, 273, 271, 262, 261, 253, 249, 246, 249, 248, 249, 251,
    254, 263, 266, 271, 277, 280, 279, 276, 274, 269, 264, 260, 254, 253,
    249, 250, 248, 252, 249, 252, 255, 258, 258, 262, 263, 266, 265, 264,
    267, 268, 265, 265, 267, 266, 266, 263, 266, 262, 266, 262, 264, 265,
    265, 262, 261, 265, 261 ]
headPositionsY: [ 85, 82, 85, 83, 85, 80, 83, 82, 82, 82, 84, 82, 83, 83,
    81, 81, 83, 81, 81, 84, 84, 84, 84, 81, 82, 82, 82, 83, 81, 81, 84,
    81, 82, 80, 82, 85, 83, 81, 79, 78, 80, 82, 80, 84, 81, 83, 84, 84,
    83, 81, 84, 84, 82, 82, 84, 85, 84, 82, 79, 80, 81, 82, 83, 82, 82,
    81, 82, 80, 81, 82, 78, 80, 80, 80, 85, 82, 83, 81, 83, 80, 83, 83,
    80, 84, 85, 85, 80, 83, 83, 82, 82, 81, 85, 84, 82, 84, 83, 83, 84,
    82 ]
