%YAML:1.0
---
videoName: "headShake37.mp4"
gestureLabel: 201
fps: 30
pixelSizeInCmTemp: 3.1933333333333330e-01
faceCenterPointX: 263
faceCenterPointY: 83
headPositionsX: [ 261, 258, 259, 264, 261, 262, 259, 265, 264, 260, 265,
    264, 262, 261, 265, 261, 263, 261, 262, 264, 261, 262, 263, 264, 262,
    259, 262, 263, 264, 264, 260, 260, 261, 262, 260, 261, 261, 260, 261,
    262, 261, 263, 259, 261, 262, 263, 260, 265, 269, 272, 273, 279, 280,
    279, 283, 275, 273, 267, 258, 257, 255, 252, 255, 258, 263, 270, 271,
    271, 273, 272, 268, 263, 259, 259, 254, 255, 252, 254, 257, 258, 261,
    262, 262, 267, 264, 264, 268, 264, 266, 268, 264, 262, 266, 263, 263,
    264, 263, 261, 264, 264 ]
headPositionsY: [ 84, 84, 84, 84, 83, 83, 81, 82, 84, 85, 85, 83, 83, 85,
    81, 84, 81, 83, 82, 85, 81, 83, 81, 82, 84, 82, 83, 84, 83, 82, 84,
    83, 85, 84, 83, 84, 84, 83, 83, 84, 83, 83, 83, 81, 85, 82, 85, 83,
    81, 82, 80, 80, 78, 82, 83, 82, 80, 84, 80, 82, 79, 82, 81, 83, 82,
    83, 81, 78, 83, 84, 82, 83, 82, 83, 85, 84, 82, 83, 85, 83, 85, 80,
    82, 84, 81, 82, 84, 80, 84, 83, 85, 81, 82, 85, 83, 81, 85, 85, 85,
    80 ]
