%YAML:1.0
---
videoName: "headLookDown9.mp4"
gestureLabel: 206
fps: 29
pixelSizeInCmTemp: 3.5220588235294115e-01
faceCenterPointX: 274
faceCenterPointY: 97
headPositionsX: [ 273, 274, 273, 273, 271, 271, 275, 274, 271, 272, 272,
    272, 269, 273, 270, 275, 272, 275, 271, 275, 271, 273, 271, 273, 270,
    274, 271, 270, 272, 274, 273, 274, 273, 273, 272, 272, 274, 271, 273,
    271, 274, 272, 275, 274, 274, 273, 273, 272, 274, 273, 272, 273, 271,
    270, 272, 274, 273, 269, 274, 274, 271, 274, 271, 270, 274, 270, 270,
    271, 269, 269, 272, 270, 274, 271, 270, 272, 272, 271, 273, 274, 272,
    273, 273, 270, 273, 275, 272, 271, 275, 272, 272, 273, 273, 276, 275,
    273, 273, 270, 273, 273 ]
headPositionsY: [ 96, 82, 82, 79, 78, 79, 81, 82, 82, 80, 83, 80, 81, 81,
    81, 80, 78, 79, 82, 79, 78, 79, 81, 78, 81, 80, 80, 79, 81, 82, 80,
    81, 84, 82, 81, 85, 86, 85, 89, 89, 88, 92, 91, 93, 94, 92, 98, 93,
    95, 95, 99, 97, 97, 98, 101, 100, 99, 98, 99, 100, 98, 97, 99, 99,
    96, 99, 95, 99, 99, 98, 100, 95, 96, 99, 97, 98, 96, 97, 99, 96, 96,
    99, 95, 97, 95, 98, 98, 96, 95, 95, 95, 97, 94, 96, 99, 95, 95, 93,
    95, 95 ]
