%YAML:1.0
---
videoName: "headShake19.mp4"
gestureLabel: 201
fps: 29
pixelSizeInCmTemp: 3.1933333333333330e-01
faceCenterPointX: 243
faceCenterPointY: 78
headPositionsX: [ 242, 242, 242, 246, 241, 242, 242, 245, 241, 240, 243,
    245, 242, 245, 242, 245, 243, 243, 244, 245, 242, 241, 243, 241, 241,
    243, 244, 244, 242, 241, 242, 244, 242, 244, 243, 241, 238, 239, 235,
    231, 232, 233, 239, 241, 250, 252, 258, 256, 257, 254, 251, 245, 239,
    235, 233, 230, 234, 231, 239, 243, 245, 246, 247, 245, 248, 243, 239,
    237, 238, 235, 235, 239, 236, 237, 239, 243, 243, 245, 244, 244, 245,
    246, 244, 244, 240, 240, 240, 239, 241, 241, 241, 240, 244, 243, 242,
    244, 242, 242, 243, 242 ]
headPositionsY: [ 77, 74, 75, 79, 77, 74, 74, 76, 79, 76, 75, 76, 75, 76,
    77, 75, 79, 74, 76, 78, 76, 77, 76, 79, 75, 79, 79, 77, 78, 75, 78,
    78, 76, 76, 79, 75, 78, 77, 79, 78, 79, 75, 77, 79, 79, 76, 75, 77,
    78, 78, 79, 76, 77, 74, 78, 77, 76, 77, 79, 78, 78, 78, 78, 76, 76,
    78, 75, 75, 79, 78, 75, 76, 77, 78, 78, 78, 78, 76, 77, 77, 77, 80,
    74, 77, 78, 79, 76, 80, 77, 80, 79, 76, 79, 77, 79, 79, 76, 77, 78,
    77 ]
