%YAML:1.0
---
videoName: "headShake10.mp4"
gestureLabel: 201
fps: 29
pixelSizeInCmTemp: 3.3732394366197183e-01
faceCenterPointX: 240
faceCenterPointY: 74
headPositionsX: [ 242, 245, 244, 243, 244, 246, 244, 243, 244, 244, 246,
    245, 246, 246, 244, 247, 248, 245, 248, 246, 248, 248, 246, 245, 245,
    247, 244, 247, 246, 244, 245, 248, 248, 246, 246, 248, 247, 246, 244,
    245, 247, 245, 244, 245, 244, 247, 243, 245, 242, 244, 248, 250, 251,
    253, 258, 258, 260, 262, 259, 257, 258, 252, 250, 243, 237, 233, 232,
    233, 231, 233, 237, 239, 244, 249, 254, 257, 257, 257, 254, 253, 250,
    247, 248, 246, 241, 239, 240, 242, 241, 242, 239, 238, 239, 243, 241,
    242, 241, 241, 240, 242 ]
headPositionsY: [ 74, 71, 73, 74, 71, 73, 74, 72, 75, 72, 71, 74, 74, 73,
    74, 74, 72, 72, 75, 72, 74, 73, 73, 75, 71, 73, 75, 75, 73, 71, 73,
    71, 74, 72, 71, 73, 72, 74, 72, 72, 73, 73, 75, 74, 73, 73, 71, 75,
    71, 74, 73, 75, 71, 70, 72, 71, 70, 71, 73, 70, 72, 74, 73, 76, 71,
    73, 73, 76, 71, 75, 74, 76, 74, 73, 73, 73, 73, 73, 74, 74, 76, 76,
    74, 76, 74, 77, 77, 76, 74, 74, 73, 75, 74, 73, 77, 74, 73, 75, 73,
    76 ]
