%YAML:1.0
---
videoName: "headNod35.mp4"
gestureLabel: 202
fps: 30
pixelSizeInCmTemp: 2.9937500000000000e-01
faceCenterPointX: 268
faceCenterPointY: 78
headPositionsX: [ 269, 266, 267, 267, 269, 269, 270, 268, 268, 272, 268,
    270, 269, 269, 270, 268, 271, 271, 270, 269, 268, 268, 268, 271, 269,
    272, 272, 269, 269, 272, 271, 270, 270, 272, 269, 272, 270, 267, 268,
    270, 268, 265, 266, 268, 270, 267, 270, 269, 268, 269, 268, 271, 267,
    268, 266, 267, 271, 268, 266, 270, 268, 269, 269, 268, 268, 267, 267,
    270, 269, 271, 269, 267, 270, 270, 266, 270, 270, 267, 269, 271, 268,
    269, 268, 268, 267, 267, 265, 268, 268, 266, 265, 267, 266, 269, 268,
    267, 266, 265, 268, 268 ]
headPositionsY: [ 76, 75, 74, 77, 74, 77, 74, 78, 78, 79, 78, 76, 75, 74,
    76, 74, 78, 75, 75, 75, 78, 76, 76, 78, 75, 78, 76, 72, 71, 68, 70,
    65, 68, 70, 72, 77, 79, 86, 87, 91, 94, 92, 90, 85, 81, 76, 77, 73,
    72, 73, 75, 79, 84, 87, 88, 90, 87, 82, 80, 83, 73, 73, 73, 74, 73,
    76, 77, 83, 86, 86, 88, 83, 84, 79, 76, 77, 73, 75, 75, 77, 82, 85,
    86, 89, 88, 83, 81, 81, 82, 81, 81, 78, 81, 79, 78, 76, 81, 75, 81,
    80 ]
