%YAML:1.0
---
videoName: "headLookDown8.mp4"
gestureLabel: 206
fps: 29
pixelSizeInCmTemp: 3.3732394366197183e-01
faceCenterPointX: 276
faceCenterPointY: 96
headPositionsX: [ 275, 273, 272, 275, 274, 274, 275, 273, 277, 274, 275,
    274, 276, 273, 273, 273, 274, 276, 276, 275, 274, 274, 278, 275, 273,
    275, 276, 276, 275, 275, 275, 275, 274, 275, 275, 276, 276, 272, 275,
    274, 275, 275, 274, 272, 276, 276, 276, 277, 274, 277, 279, 274, 274,
    273, 275, 276, 274, 275, 274, 276, 274, 278, 276, 273, 276, 278, 277,
    276, 277, 275, 275, 274, 275, 278, 274, 278, 275, 275, 275, 275, 276,
    277, 276, 277, 277, 277, 274, 274, 278, 275, 274, 277, 276, 274, 277,
    278, 278, 276, 277, 275 ]
headPositionsY: [ 94, 81, 80, 79, 81, 80, 82, 79, 79, 80, 80, 82, 77, 78,
    82, 81, 77, 80, 81, 81, 77, 81, 77, 81, 81, 81, 80, 82, 82, 79, 82,
    79, 79, 81, 82, 83, 82, 83, 84, 86, 85, 87, 90, 88, 90, 90, 91, 92,
    95, 96, 95, 96, 98, 96, 99, 100, 97, 99, 97, 95, 97, 97, 96, 96, 100,
    98, 97, 96, 97, 99, 97, 95, 97, 98, 94, 96, 97, 98, 96, 97, 97, 98,
    95, 96, 97, 97, 96, 97, 95, 97, 95, 96, 96, 98, 97, 94, 96, 97, 96,
    96 ]
