%YAML:1.0
---
videoName: "headLookLeft8.mp4"
gestureLabel: 203
fps: 29
pixelSizeInCmTemp: 3.6287878787878786e-01
faceCenterPointX: 273
faceCenterPointY: 69
headPositionsX: [ 271, 242, 240, 240, 239, 240, 240, 239, 243, 241, 239,
    239, 243, 242, 242, 242, 246, 244, 249, 245, 248, 245, 247, 245, 247,
    246, 246, 247, 248, 245, 245, 244, 246, 249, 246, 248, 244, 247, 245,
    246, 247, 247, 247, 246, 245, 248, 248, 248, 244, 246, 244, 247, 248,
    249, 248, 250, 252, 257, 260, 259, 264, 267, 270, 273, 268, 273, 277,
    281, 283, 274, 278, 278, 276, 274, 278, 275, 274, 273, 279, 279, 280,
    278, 280, 273, 273, 274, 279, 279, 273, 276, 275, 275, 276, 277, 275,
    274, 274, 274, 275, 273 ]
headPositionsY: [ 68, 68, 66, 66, 69, 68, 65, 67, 66, 67, 68, 66, 70, 70,
    66, 66, 67, 67, 69, 71, 70, 67, 71, 71, 69, 68, 68, 71, 73, 69, 71,
    69, 71, 74, 71, 74, 72, 73, 73, 70, 71, 69, 73, 72, 75, 72, 70, 74,
    73, 73, 73, 71, 72, 72, 71, 71, 73, 71, 69, 71, 70, 68, 68, 73, 69,
    70, 70, 73, 72, 67, 67, 71, 68, 70, 69, 69, 70, 70, 67, 70, 72, 69,
    72, 67, 67, 71, 72, 68, 70, 70, 70, 71, 70, 70, 70, 67, 68, 69, 71,
    67 ]
