%YAML:1.0
---
videoName: "headLookLeft3.mp4"
gestureLabel: 203
fps: 29
pixelSizeInCmTemp: 3.4214285714285714e-01
faceCenterPointX: 290
faceCenterPointY: 74
headPositionsX: [ 289, 264, 263, 264, 262, 265, 268, 269, 270, 272, 271,
    272, 276, 276, 282, 280, 283, 285, 290, 288, 288, 285, 292, 293, 284,
    288, 298, 288, 286, 283, 290, 292, 289, 292, 286, 289, 285, 289, 293,
    289, 288, 286, 291, 295, 288, 290, 286, 289, 289, 286, 292, 290, 291,
    291, 287, 287, 290, 288, 291, 294, 289, 292, 291, 288, 287, 285, 287,
    289, 287, 291, 287, 286, 285, 288, 288, 288, 288, 290, 289, 286, 287,
    287, 289, 286, 290, 288, 291, 289, 286, 289, 285, 287, 287, 287, 288,
    282, 287, 287, 290, 284 ]
headPositionsY: [ 75, 79, 76, 77, 76, 74, 77, 77, 77, 77, 74, 77, 75, 77,
    75, 72, 73, 73, 75, 76, 75, 75, 75, 75, 70, 70, 77, 76, 75, 74, 75,
    76, 74, 74, 72, 77, 71, 73, 75, 75, 73, 73, 72, 77, 72, 72, 74, 72,
    75, 73, 73, 74, 72, 73, 76, 72, 73, 73, 71, 74, 75, 72, 72, 73, 76,
    73, 75, 76, 73, 76, 74, 74, 72, 71, 74, 74, 73, 75, 74, 71, 74, 72,
    74, 71, 74, 72, 73, 73, 75, 75, 75, 76, 76, 73, 72, 75, 72, 74, 75,
    73 ]
