%YAML:1.0
---
videoName: "headNod30.mp4"
gestureLabel: 202
fps: 29
pixelSizeInCmTemp: 3.2364864864864862e-01
faceCenterPointX: 271
faceCenterPointY: 72
headPositionsX: [ 271, 273, 272, 270, 273, 273, 269, 272, 271, 270, 273,
    271, 273, 274, 273, 273, 271, 270, 273, 270, 274, 271, 273, 270, 271,
    274, 271, 275, 273, 271, 274, 274, 270, 274, 272, 269, 269, 271, 268,
    268, 269, 268, 269, 271, 268, 268, 270, 268, 267, 271, 270, 271, 271,
    268, 270, 271, 272, 273, 271, 270, 272, 271, 269, 271, 269, 274, 272,
    273, 271, 272, 273, 270, 272, 271, 271, 270, 272, 269, 273, 270, 270,
    271, 272, 269, 273, 271, 273, 271, 272, 273, 270, 271, 272, 269, 273,
    274, 274, 270, 271, 271 ]
headPositionsY: [ 71, 76, 74, 74, 75, 75, 74, 77, 77, 75, 76, 76, 76, 75,
    77, 78, 77, 74, 75, 74, 76, 76, 70, 72, 66, 65, 67, 69, 66, 70, 72,
    75, 79, 82, 82, 83, 78, 77, 75, 73, 69, 71, 70, 73, 72, 76, 77, 80,
    78, 78, 76, 75, 75, 72, 72, 73, 70, 73, 71, 76, 77, 78, 76, 75, 74,
    76, 72, 71, 71, 70, 67, 70, 71, 74, 76, 76, 74, 73, 74, 73, 71, 69,
    68, 70, 68, 71, 72, 73, 73, 75, 74, 75, 75, 72, 71, 75, 71, 71, 74,
    74 ]
