%YAML:1.0
---
videoName: "headNod48.mp4"
gestureLabel: 202
fps: 29
pixelSizeInCmTemp: 2.8855421686746985e-01
faceCenterPointX: 264
faceCenterPointY: 72
headPositionsX: [ 266, 267, 263, 265, 262, 264, 266, 263, 264, 265, 264,
    265, 264, 264, 264, 264, 264, 259, 262, 262, 263, 262, 261, 258, 262,
    260, 260, 260, 264, 263, 263, 261, 264, 264, 264, 264, 264, 263, 265,
    261, 260, 264, 263, 261, 259, 259, 262, 259, 261, 264, 263, 263, 263,
    262, 263, 260, 263, 260, 264, 261, 264, 264, 261, 262, 264, 263, 264,
    265, 264, 265, 265, 262, 267, 264, 262, 266, 263, 267, 262, 266, 267,
    266, 267, 263, 266, 263, 266, 268, 265, 265, 266, 264, 268, 268, 268,
    263, 268, 263, 263, 266 ]
headPositionsY: [ 74, 74, 77, 79, 76, 76, 72, 70, 66, 66, 65, 63, 63, 62,
    68, 68, 76, 77, 85, 86, 87, 89, 84, 81, 76, 77, 72, 67, 66, 66, 65,
    66, 63, 67, 69, 70, 73, 76, 79, 83, 83, 82, 79, 81, 77, 77, 74, 75,
    70, 72, 72, 74, 74, 77, 81, 81, 79, 76, 74, 71, 69, 72, 73, 72, 72,
    73, 76, 75, 76, 78, 78, 73, 73, 70, 71, 68, 68, 70, 72, 74, 72, 77,
    75, 74, 76, 71, 73, 72, 74, 72, 72, 74, 75, 76, 74, 74, 72, 71, 70,
    72 ]
