%YAML:1.0
---
videoName: "headShake15.mp4"
gestureLabel: 201
fps: 29
pixelSizeInCmTemp: 3.3263888888888887e-01
faceCenterPointX: 243
faceCenterPointY: 76
headPositionsX: [ 241, 243, 241, 245, 245, 245, 244, 245, 244, 243, 244,
    244, 243, 244, 244, 245, 245, 245, 243, 245, 241, 243, 242, 243, 244,
    242, 242, 244, 243, 243, 244, 243, 244, 243, 242, 241, 245, 244, 244,
    244, 241, 244, 241, 243, 240, 244, 242, 241, 244, 243, 243, 242, 244,
    244, 242, 244, 241, 245, 242, 240, 240, 242, 243, 245, 249, 252, 254,
    260, 256, 260, 254, 254, 248, 247, 242, 237, 236, 238, 235, 240, 240,
    241, 245, 248, 246, 246, 247, 245, 245, 245, 243, 243, 241, 242, 242,
    241, 242, 243, 240, 242 ]
headPositionsY: [ 75, 73, 76, 75, 76, 73, 75, 77, 76, 78, 73, 74, 73, 76,
    74, 75, 73, 77, 74, 72, 78, 72, 75, 73, 72, 73, 74, 73, 73, 77, 75,
    73, 75, 76, 75, 73, 77, 77, 73, 75, 75, 77, 75, 76, 77, 76, 75, 75,
    74, 76, 77, 74, 74, 74, 77, 73, 73, 75, 77, 78, 78, 73, 76, 77, 75,
    72, 72, 72, 74, 75, 76, 74, 78, 76, 75, 78, 78, 77, 76, 75, 76, 78,
    79, 76, 78, 77, 78, 78, 78, 75, 74, 78, 76, 79, 77, 74, 78, 76, 78,
    78 ]
