%YAML:1.0
---
videoName: "headNod4.mp4"
gestureLabel: 202
fps: 29
pixelSizeInCmTemp: 3.2808219178082193e-01
faceCenterPointX: 264
faceCenterPointY: 72
headPositionsX: [ 264, 271, 268, 269, 269, 272, 270, 270, 269, 272, 271,
    267, 271, 268, 267, 269, 270, 270, 269, 269, 270, 266, 266, 269, 269,
    266, 266, 267, 268, 266, 268, 265, 267, 267, 269, 268, 266, 269, 267,
    265, 266, 269, 265, 267, 266, 266, 265, 267, 270, 268, 265, 270, 265,
    268, 265, 268, 264, 265, 264, 267, 267, 266, 267, 267, 267, 265, 263,
    267, 263, 266, 263, 263, 263, 262, 266, 262, 263, 265, 266, 265, 263,
    264, 266, 263, 265, 267, 263, 264, 266, 266, 265, 263, 263, 263, 266,
    265, 264, 266, 266, 263 ]
headPositionsY: [ 72, 76, 76, 74, 76, 76, 76, 75, 73, 75, 74, 72, 74, 75,
    74, 73, 73, 73, 75, 73, 73, 74, 74, 73, 75, 77, 76, 77, 72, 76, 72,
    75, 75, 72, 75, 76, 74, 75, 75, 72, 76, 76, 75, 75, 73, 70, 66, 66,
    66, 63, 64, 68, 71, 77, 77, 81, 82, 84, 79, 77, 73, 73, 70, 67, 67,
    71, 74, 76, 82, 83, 81, 82, 81, 77, 77, 73, 72, 66, 69, 67, 70, 70,
    76, 76, 80, 80, 84, 85, 81, 83, 80, 82, 78, 77, 76, 75, 75, 77, 72,
    76 ]
