%YAML:1.0
---
videoName: "headShake11.mp4"
gestureLabel: 201
fps: 29
pixelSizeInCmTemp: 3.2364864864864862e-01
faceCenterPointX: 244
faceCenterPointY: 76
headPositionsX: [ 244, 240, 240, 242, 242, 240, 245, 242, 243, 244, 240,
    240, 240, 240, 243, 243, 241, 240, 244, 240, 244, 241, 242, 241, 241,
    241, 245, 243, 248, 249, 254, 256, 257, 261, 260, 264, 260, 257, 251,
    251, 242, 238, 235, 229, 228, 227, 228, 230, 233, 240, 245, 248, 253,
    258, 260, 257, 255, 251, 249, 245, 239, 233, 230, 232, 230, 233, 233,
    239, 242, 246, 253, 256, 258, 259, 258, 254, 253, 250, 243, 241, 238,
    234, 235, 234, 234, 236, 240, 241, 244, 246, 249, 246, 247, 248, 248,
    247, 244, 247, 243, 246 ]
headPositionsY: [ 75, 70, 74, 71, 72, 71, 75, 70, 71, 75, 72, 73, 72, 73,
    73, 73, 72, 74, 73, 74, 72, 71, 74, 74, 75, 75, 74, 72, 74, 71, 72,
    70, 70, 71, 72, 73, 71, 74, 74, 75, 72, 74, 73, 73, 72, 75, 72, 76,
    74, 76, 73, 73, 75, 73, 75, 74, 74, 75, 77, 75, 74, 74, 78, 74, 78,
    74, 78, 77, 76, 75, 74, 75, 74, 73, 75, 71, 73, 73, 74, 74, 75, 73,
    72, 72, 74, 76, 77, 74, 75, 74, 77, 77, 76, 73, 77, 76, 74, 77, 76,
    73 ]
