%YAML:1.0
---
videoName: "headLookDown8.mp4"
gestureLabel: 206
fps: 29
pixelSizeInCmTemp: 3.3732394366197183e-01
faceCenterPointX: 276
faceCenterPointY: 96
headPositionsX: [ 276, 272, 272, 276, 273, 273, 273, 275, 277, 277, 273,
    275, 274, 277, 275, 273, 277, 277, 276, 278, 274, 272, 277, 272, 273,
    277, 275, 276, 274, 273, 271, 274, 272, 276, 275, 272, 276, 271, 275,
    275, 274, 275, 274, 273, 276, 276, 276, 276, 273, 274, 275, 274, 275,
    276, 275, 278, 274, 276, 275, 276, 277, 278, 275, 273, 277, 277, 278,
    274, 277, 278, 276, 277, 274, 277, 276, 276, 273, 277, 277, 278, 277,
    276, 275, 278, 276, 275, 277, 275, 277, 279, 275, 278, 279, 274, 276,
    278, 276, 279, 278, 276 ]
headPositionsY: [ 96, 81, 77, 79, 77, 78, 80, 81, 82, 79, 78, 80, 78, 78,
    81, 79, 77, 78, 77, 82, 80, 81, 78, 81, 80, 81, 78, 79, 81, 80, 82,
    78, 79, 83, 84, 86, 82, 82, 85, 86, 88, 90, 91, 91, 93, 92, 95, 92,
    93, 94, 94, 96, 96, 97, 96, 96, 97, 98, 99, 96, 97, 96, 99, 100, 96,
    100, 97, 99, 97, 98, 98, 97, 97, 96, 95, 98, 96, 95, 97, 95, 98, 95,
    98, 96, 94, 96, 97, 98, 99, 96, 98, 98, 99, 95, 96, 95, 97, 96, 98,
    94 ]
