%YAML:1.0
---
videoName: "headLookUp2.mp4"
gestureLabel: 205
fps: 29
pixelSizeInCmTemp: 3.7421874999999999e-01
faceCenterPointX: 254
faceCenterPointY: 67
headPositionsX: [ 253, 258, 256, 257, 258, 258, 258, 253, 256, 254, 258,
    256, 256, 253, 254, 256, 256, 255, 253, 255, 253, 254, 256, 254, 256,
    253, 254, 257, 257, 253, 255, 257, 252, 253, 254, 255, 252, 252, 252,
    255, 256, 253, 252, 255, 255, 257, 256, 256, 252, 257, 253, 256, 256,
    254, 254, 254, 253, 254, 253, 255, 253, 256, 254, 253, 253, 252, 251,
    255, 253, 255, 254, 251, 250, 256, 253, 252, 253, 253, 252, 252, 254,
    255, 253, 251, 257, 251, 254, 257, 256, 256, 255, 252, 252, 253, 252,
    252, 256, 253, 255, 254 ]
headPositionsY: [ 69, 78, 82, 80, 83, 81, 81, 82, 84, 82, 84, 80, 82, 79,
    78, 82, 83, 80, 82, 81, 83, 81, 78, 80, 83, 82, 82, 82, 81, 81, 81,
    83, 83, 81, 81, 79, 81, 79, 82, 82, 79, 79, 77, 75, 74, 76, 72, 73,
    68, 68, 70, 68, 67, 67, 66, 70, 64, 67, 66, 69, 68, 66, 66, 68, 66,
    66, 70, 69, 67, 66, 68, 67, 70, 69, 70, 66, 67, 68, 67, 69, 66, 65,
    69, 69, 71, 67, 67, 68, 66, 70, 71, 68, 65, 69, 69, 66, 68, 66, 68,
    65 ]
