%YAML:1.0
---
videoName: "headShake36.mp4"
gestureLabel: 201
fps: 29
pixelSizeInCmTemp: 3.2364864864864862e-01
faceCenterPointX: 263
faceCenterPointY: 80
headPositionsX: [ 265, 263, 263, 263, 263, 263, 263, 266, 268, 272, 274,
    277, 276, 279, 279, 285, 282, 282, 278, 277, 274, 273, 270, 269, 264,
    261, 256, 255, 252, 250, 248, 247, 246, 243, 249, 247, 245, 246, 248,
    253, 255, 261, 266, 267, 270, 271, 278, 278, 279, 279, 280, 281, 279,
    275, 274, 274, 269, 268, 263, 257, 254, 255, 251, 251, 248, 247, 250,
    253, 250, 253, 253, 256, 260, 263, 263, 264, 266, 265, 267, 267, 268,
    265, 267, 263, 265, 265, 265, 266, 267, 267, 263, 261, 264, 262, 263,
    263, 265, 265, 261, 263 ]
headPositionsY: [ 79, 81, 79, 82, 82, 80, 81, 77, 81, 76, 77, 80, 79, 79,
    78, 75, 76, 76, 78, 81, 77, 79, 81, 80, 80, 79, 79, 80, 79, 78, 83,
    79, 83, 80, 79, 79, 80, 79, 81, 80, 79, 80, 81, 83, 80, 76, 80, 80,
    79, 79, 80, 80, 76, 79, 79, 80, 82, 80, 80, 78, 81, 79, 78, 78, 77,
    81, 80, 81, 77, 78, 82, 80, 82, 79, 82, 82, 79, 78, 79, 83, 78, 83,
    82, 80, 83, 83, 81, 80, 79, 80, 82, 83, 82, 78, 80, 80, 81, 81, 78,
    82 ]
