%YAML:1.0
---
videoName: "headShake17.mp4"
gestureLabel: 201
fps: 29
pixelSizeInCmTemp: 3.3263888888888887e-01
faceCenterPointX: 242
faceCenterPointY: 76
headPositionsX: [ 243, 239, 240, 238, 236, 238, 239, 244, 246, 246, 251,
    255, 258, 259, 257, 257, 254, 249, 244, 238, 234, 232, 228, 228, 228,
    226, 228, 232, 234, 241, 246, 245, 250, 250, 253, 252, 254, 254, 247,
    249, 244, 242, 236, 234, 234, 232, 233, 231, 234, 236, 239, 239, 242,
    243, 243, 246, 244, 245, 244, 243, 241, 240, 243, 242, 237, 240, 241,
    241, 238, 238, 237, 241, 241, 238, 241, 243, 239, 239, 241, 242, 243,
    243, 239, 242, 243, 240, 242, 240, 240, 241, 239, 242, 242, 239, 242,
    239, 241, 239, 241, 242 ]
headPositionsY: [ 77, 75, 76, 78, 77, 74, 77, 75, 75, 76, 77, 73, 75, 73,
    73, 77, 77, 78, 76, 75, 76, 75, 77, 75, 77, 79, 78, 79, 78, 75, 78,
    74, 74, 75, 75, 73, 76, 77, 75, 76, 75, 76, 79, 79, 74, 76, 75, 77,
    79, 79, 77, 78, 75, 76, 77, 76, 78, 76, 76, 76, 77, 75, 79, 77, 76,
    78, 76, 74, 75, 78, 76, 75, 75, 75, 78, 76, 78, 73, 77, 75, 78, 76,
    79, 77, 74, 73, 76, 75, 78, 77, 78, 77, 76, 76, 78, 77, 75, 78, 77,
    74 ]
