%YAML:1.0
---
videoName: "headNod47.mp4"
gestureLabel: 202
fps: 29
pixelSizeInCmTemp: 3.0316455696202532e-01
faceCenterPointX: 266
faceCenterPointY: 70
headPositionsX: [ 266, 269, 266, 266, 265, 265, 265, 264, 266, 267, 266,
    264, 264, 263, 265, 266, 264, 264, 265, 263, 267, 263, 267, 265, 268,
    265, 267, 267, 266, 267, 268, 270, 267, 266, 265, 268, 269, 269, 268,
    267, 269, 269, 268, 267, 268, 266, 267, 268, 265, 264, 268, 268, 268,
    267, 266, 265, 267, 269, 268, 268, 267, 265, 268, 267, 264, 267, 265,
    267, 264, 268, 267, 266, 267, 265, 269, 266, 264, 264, 267, 265, 267,
    265, 266, 265, 267, 267, 267, 266, 268, 267, 265, 267, 265, 267, 265,
    268, 267, 268, 268, 264 ]
headPositionsY: [ 69, 61, 58, 59, 59, 60, 57, 61, 64, 69, 72, 74, 81, 82,
    83, 77, 75, 70, 68, 67, 68, 66, 66, 68, 73, 72, 77, 78, 77, 77, 76,
    73, 68, 70, 66, 68, 69, 73, 70, 73, 79, 78, 78, 79, 75, 71, 68, 70,
    70, 67, 71, 67, 69, 71, 75, 77, 73, 70, 69, 70, 67, 69, 70, 69, 66,
    70, 73, 73, 75, 76, 76, 75, 74, 71, 69, 68, 68, 68, 70, 72, 71, 72,
    72, 73, 74, 69, 72, 69, 71, 71, 68, 68, 70, 69, 73, 69, 72, 70, 68,
    71 ]
