%YAML:1.0
---
videoName: "headNod1.mp4"
gestureLabel: 202
fps: 29
pixelSizeInCmTemp: 3.2808219178082193e-01
faceCenterPointX: 263
faceCenterPointY: 78
headPositionsX: [ 263, 261, 264, 262, 264, 263, 261, 266, 261, 265, 262,
    263, 264, 263, 263, 266, 262, 265, 262, 262, 264, 263, 267, 262, 265,
    264, 264, 266, 263, 266, 266, 266, 264, 266, 264, 264, 262, 264, 265,
    264, 266, 265, 263, 264, 268, 263, 267, 266, 267, 263, 262, 264, 263,
    261, 264, 263, 264, 265, 261, 261, 264, 264, 262, 266, 261, 265, 267,
    265, 263, 265, 264, 265, 262, 262, 264, 264, 260, 262, 260, 262, 259,
    263, 262, 264, 263, 263, 262, 264, 264, 260, 261, 263, 260, 261, 260,
    264, 261, 264, 261, 264 ]
headPositionsY: [ 80, 73, 75, 73, 75, 73, 74, 76, 73, 73, 74, 77, 74, 73,
    74, 74, 73, 75, 77, 73, 76, 76, 77, 73, 76, 77, 75, 75, 77, 75, 74,
    74, 73, 74, 71, 70, 69, 70, 64, 62, 64, 64, 65, 63, 64, 67, 69, 69,
    70, 77, 79, 81, 81, 80, 84, 80, 77, 76, 74, 74, 68, 67, 64, 67, 65,
    66, 67, 70, 72, 78, 76, 80, 79, 76, 74, 72, 68, 64, 65, 64, 66, 65,
    70, 71, 73, 76, 79, 79, 82, 82, 81, 81, 79, 79, 82, 78, 77, 76, 77,
    76 ]
