%YAML:1.0
---
videoName: "headShake36.mp4"
gestureLabel: 201
fps: 29
pixelSizeInCmTemp: 3.2364864864864862e-01
faceCenterPointX: 263
faceCenterPointY: 80
headPositionsX: [ 264, 262, 263, 261, 262, 266, 266, 265, 271, 271, 273,
    276, 278, 279, 278, 283, 283, 278, 281, 275, 276, 273, 270, 267, 261,
    261, 254, 253, 249, 249, 246, 248, 244, 245, 245, 246, 247, 247, 251,
    252, 259, 258, 263, 270, 271, 275, 274, 278, 278, 281, 282, 282, 278,
    279, 274, 271, 269, 268, 261, 259, 257, 254, 252, 250, 251, 250, 247,
    252, 251, 254, 253, 255, 260, 262, 262, 263, 265, 268, 267, 268, 267,
    265, 268, 266, 268, 264, 264, 265, 263, 267, 262, 261, 262, 260, 261,
    262, 263, 262, 261, 263 ]
headPositionsY: [ 80, 78, 81, 79, 82, 82, 80, 77, 78, 78, 79, 78, 80, 75,
    77, 79, 74, 76, 76, 79, 80, 78, 83, 81, 83, 79, 79, 80, 81, 78, 83,
    80, 80, 79, 79, 80, 82, 79, 80, 80, 82, 80, 81, 81, 81, 79, 80, 79,
    80, 77, 79, 78, 78, 81, 76, 77, 80, 80, 82, 81, 81, 82, 81, 78, 78,
    80, 79, 81, 78, 77, 82, 78, 78, 79, 82, 80, 80, 82, 79, 82, 78, 81,
    82, 80, 79, 79, 81, 83, 78, 81, 81, 80, 80, 79, 80, 79, 78, 82, 81,
    81 ]
