%YAML:1.0
---
videoName: "headLookRight0.mp4"
gestureLabel: 204
fps: 29
pixelSizeInCmTemp: 3.1933333333333330e-01
faceCenterPointX: 229
faceCenterPointY: 68
headPositionsX: [ 230, 258, 256, 257, 257, 257, 257, 255, 258, 254, 254,
    256, 254, 258, 258, 257, 254, 255, 257, 256, 257, 259, 257, 257, 259,
    255, 258, 257, 255, 258, 254, 258, 257, 255, 255, 255, 254, 254, 255,
    255, 251, 251, 248, 246, 243, 241, 239, 235, 235, 233, 234, 236, 237,
    232, 235, 235, 233, 234, 231, 233, 232, 234, 235, 232, 231, 233, 233,
    234, 232, 235, 231, 237, 232, 237, 232, 234, 232, 232, 230, 232, 232,
    231, 234, 230, 232, 229, 230, 232, 230, 229, 232, 230, 230, 230, 227,
    231, 230, 230, 228, 228 ]
headPositionsY: [ 70, 65, 66, 63, 66, 67, 64, 64, 66, 67, 67, 68, 65, 65,
    69, 69, 66, 66, 69, 66, 69, 65, 65, 65, 65, 65, 70, 65, 68, 66, 67,
    66, 66, 66, 67, 66, 68, 68, 66, 69, 69, 67, 69, 67, 66, 68, 68, 68,
    68, 67, 69, 66, 65, 67, 68, 66, 69, 69, 66, 69, 67, 69, 69, 67, 67,
    69, 67, 67, 66, 67, 68, 69, 70, 70, 70, 65, 68, 65, 70, 69, 67, 69,
    67, 65, 68, 70, 69, 67, 66, 69, 68, 67, 68, 67, 69, 69, 69, 64, 70,
    71 ]
