%YAML:1.0
---
videoName: "headShake0.mp4"
gestureLabel: 201
fps: 29
pixelSizeInCmTemp: 3.2808219178082193e-01
faceCenterPointX: 279
faceCenterPointY: 94
headPositionsX: [ 280, 279, 280, 280, 280, 277, 282, 278, 280, 277, 281,
    279, 278, 276, 279, 280, 278, 277, 279, 281, 278, 280, 277, 281, 281,
    280, 278, 278, 278, 278, 280, 277, 281, 276, 278, 280, 281, 280, 280,
    281, 281, 280, 285, 286, 292, 295, 300, 300, 302, 301, 296, 291, 289,
    285, 279, 275, 272, 274, 276, 275, 282, 284, 287, 290, 291, 286, 284,
    281, 279, 273, 272, 273, 271, 277, 277, 283, 286, 285, 283, 281, 282,
    278, 276, 277, 274, 274, 276, 276, 279, 276, 280, 278, 277, 280, 279,
    278, 280, 277, 281, 277 ]
headPositionsY: [ 93, 93, 95, 90, 94, 91, 95, 95, 95, 94, 95, 93, 92, 93,
    95, 94, 91, 93, 95, 95, 95, 93, 95, 92, 94, 95, 94, 95, 92, 91, 90,
    93, 94, 94, 91, 94, 95, 93, 92, 96, 95, 94, 90, 93, 90, 90, 93, 89,
    90, 89, 93, 92, 92, 91, 92, 92, 93, 93, 92, 90, 91, 94, 92, 94, 91,
    94, 92, 95, 95, 92, 95, 93, 91, 92, 95, 92, 94, 91, 94, 92, 92, 95,
    95, 94, 93, 95, 93, 94, 94, 92, 95, 93, 92, 94, 96, 93, 94, 93, 93,
    94 ]
