%YAML:1.0
---
videoName: "headLookLeft7.mp4"
gestureLabel: 203
fps: 29
pixelSizeInCmTemp: 3.4214285714285714e-01
faceCenterPointX: 268
faceCenterPointY: 68
headPositionsX: [ 270, 247, 246, 243, 248, 245, 248, 247, 244, 244, 244,
    243, 247, 245, 246, 244, 246, 246, 247, 244, 247, 245, 244, 246, 243,
    246, 244, 244, 244, 248, 246, 249, 252, 253, 256, 257, 261, 262, 265,
    267, 267, 266, 268, 266, 265, 270, 267, 269, 265, 266, 264, 269, 268,
    269, 265, 267, 266, 268, 269, 270, 267, 271, 266, 269, 271, 265, 264,
    271, 264, 267, 268, 266, 266, 266, 266, 268, 271, 266, 264, 271, 268,
    269, 271, 269, 268, 268, 266, 268, 264, 268, 268, 266, 270, 268, 269,
    271, 271, 272, 271, 268 ]
headPositionsY: [ 67, 66, 71, 68, 68, 71, 71, 71, 70, 69, 69, 68, 69, 71,
    69, 73, 69, 68, 72, 69, 69, 72, 70, 69, 67, 69, 72, 72, 70, 68, 68,
    70, 70, 71, 71, 69, 66, 68, 69, 67, 68, 65, 68, 66, 66, 70, 69, 66,
    67, 67, 67, 70, 67, 67, 68, 70, 67, 66, 65, 71, 69, 68, 66, 68, 71,
    71, 70, 70, 66, 69, 71, 66, 68, 68, 69, 70, 67, 66, 70, 70, 67, 68,
    70, 67, 69, 70, 68, 69, 70, 72, 71, 71, 69, 69, 70, 69, 66, 67, 72,
    71 ]
